packet_sn,vendor,chip_id,timestamp,rx_chain_num,csi_cnt,csi_i_0,csi_i_1,csi_i_2,csi_i_3,csi_i_4,csi_i_5,csi_i_6,csi_i_7,csi_i_8,csi_i_9,csi_i_10,csi_i_11,csi_i_12,csi_i_13,csi_i_14,csi_i_15,csi_i_16,csi_i_17,csi_i_18,csi_i_19,csi_i_20,csi_i_21,csi_i_22,csi_i_23,csi_i_24,csi_i_25,csi_i_26,csi_i_27,csi_i_28,csi_i_29,csi_i_30,csi_i_31,csi_i_32,csi_i_33,csi_i_34,csi_i_35,csi_i_36,csi_i_37,csi_i_38,csi_i_39,csi_i_40,csi_i_41,csi_i_42,csi_i_43,csi_i_44,csi_i_45,csi_i_46,csi_i_47,csi_i_48,csi_i_49,csi_i_50,csi_i_51,csi_i_52,csi_i_53,csi_i_54,csi_i_55,csi_i_56,csi_i_57,csi_i_58,csi_i_59,csi_i_60,csi_i_61,csi_i_62,csi_i_63,csi_i_64,csi_i_65,csi_i_66,csi_i_67,csi_i_68,csi_i_69,csi_i_70,csi_i_71,csi_i_72,csi_i_73,csi_i_74,csi_i_75,csi_i_76,csi_i_77,csi_i_78,csi_i_79,csi_i_80,csi_i_81,csi_i_82,csi_i_83,csi_i_84,csi_i_85,csi_i_86,csi_i_87,csi_i_88,csi_i_89,csi_i_90,csi_i_91,csi_i_92,csi_i_93,csi_i_94,csi_i_95,csi_i_96,csi_i_97,csi_i_98,csi_i_99,csi_i_100,csi_i_101,csi_i_102,csi_i_103,csi_i_104,csi_i_105,csi_i_106,csi_i_107,csi_i_108,csi_i_109,csi_i_110,csi_i_111,csi_i_112,csi_i_113,csi_i_114,csi_i_115,csi_i_116,csi_i_117,csi_i_118,csi_i_119,csi_i_120,csi_i_121,csi_i_122,csi_i_123,csi_i_124,csi_i_125,csi_i_126,csi_i_127,csi_i_128,csi_i_129,csi_i_130,csi_i_131,csi_i_132,csi_i_133,csi_i_134,csi_i_135,csi_i_136,csi_i_137,csi_i_138,csi_i_139,csi_i_140,csi_i_141,csi_i_142,csi_i_143,csi_i_144,csi_i_145,csi_i_146,csi_i_147,csi_i_148,csi_i_149,csi_i_150,csi_i_151,csi_i_152,csi_i_153,csi_i_154,csi_i_155,csi_i_156,csi_i_157,csi_i_158,csi_i_159,csi_i_160,csi_i_161,csi_i_162,csi_i_163,csi_i_164,csi_i_165,csi_i_166,csi_i_167,csi_i_168,csi_i_169,csi_i_170,csi_i_171,csi_i_172,csi_i_173,csi_i_174,csi_i_175,csi_i_176,csi_i_177,csi_i_178,csi_i_179,csi_i_180,csi_i_181,csi_i_182,csi_i_183,csi_i_184,csi_i_185,csi_i_186,csi_i_187,csi_i_188,csi_i_189,csi_i_190,csi_i_191,csi_i_192,csi_i_193,csi_i_194,csi_i_195,csi_i_196,csi_i_197,csi_i_198,csi_i_199,csi_i_200,csi_i_201,csi_i_202,csi_i_203,csi_i_204,csi_i_205,csi_i_206,csi_i_207,csi_i_208,csi_i_209,csi_i_210,csi_i_211,csi_i_212,csi_i_213,csi_i_214,csi_i_215,csi_i_216,csi_i_217,csi_i_218,csi_i_219,csi_i_220,csi_i_221,csi_i_222,csi_i_223,csi_i_224,csi_i_225,csi_i_226,csi_i_227,csi_i_228,csi_i_229,csi_i_230,csi_i_231,csi_i_232,csi_i_233,csi_i_234,csi_i_235,csi_i_236,csi_i_237,csi_i_238,csi_i_239,csi_i_240,csi_i_241,csi_i_242,csi_i_243,csi_i_244,csi_i_245,csi_i_246,csi_i_247,csi_i_248,csi_i_249,csi_i_250,csi_i_251,csi_i_252,csi_i_253,csi_i_254,csi_i_255,csi_i_256,csi_i_257,csi_i_258,csi_i_259,csi_i_260,csi_i_261,csi_i_262,csi_i_263,csi_i_264,csi_i_265,csi_i_266,csi_i_267,csi_i_268,csi_i_269,csi_i_270,csi_i_271,csi_i_272,csi_i_273,csi_i_274,csi_i_275,csi_i_276,csi_i_277,csi_i_278,csi_i_279,csi_i_280,csi_i_281,csi_i_282,csi_i_283,csi_i_284,csi_i_285,csi_i_286,csi_i_287,csi_i_288,csi_i_289,csi_i_290,csi_i_291,csi_i_292,csi_i_293,csi_i_294,csi_i_295,csi_i_296,csi_i_297,csi_i_298,csi_i_299,csi_i_300,csi_i_301,csi_i_302,csi_i_303,csi_i_304,csi_i_305,csi_i_306,csi_i_307,csi_i_308,csi_i_309,csi_i_310,csi_i_311,csi_i_312,csi_i_313,csi_i_314,csi_i_315,csi_i_316,csi_i_317,csi_i_318,csi_i_319,csi_i_320,csi_i_321,csi_i_322,csi_i_323,csi_i_324,csi_i_325,csi_i_326,csi_i_327,csi_i_328,csi_i_329,csi_i_330,csi_i_331,csi_i_332,csi_i_333,csi_i_334,csi_i_335,csi_i_336,csi_i_337,csi_i_338,csi_i_339,csi_i_340,csi_i_341,csi_i_342,csi_i_343,csi_i_344,csi_i_345,csi_i_346,csi_i_347,csi_i_348,csi_i_349,csi_i_350,csi_i_351,csi_i_352,csi_i_353,csi_i_354,csi_i_355,csi_i_356,csi_i_357,csi_i_358,csi_i_359,csi_i_360,csi_i_361,csi_i_362,csi_i_363,csi_i_364,csi_i_365,csi_i_366,csi_i_367,csi_i_368,csi_i_369,csi_i_370,csi_i_371,csi_i_372,csi_i_373,csi_i_374,csi_i_375,csi_i_376,csi_i_377,csi_i_378,csi_i_379,csi_i_380,csi_i_381,csi_i_382,csi_i_383,csi_i_384,csi_i_385,csi_i_386,csi_i_387,csi_i_388,csi_i_389,csi_i_390,csi_i_391,csi_i_392,csi_i_393,csi_i_394,csi_i_395,csi_i_396,csi_i_397,csi_i_398,csi_i_399,csi_i_400,csi_i_401,csi_i_402,csi_i_403,csi_i_404,csi_i_405,csi_i_406,csi_i_407,csi_i_408,csi_i_409,csi_i_410,csi_i_411,csi_i_412,csi_i_413,csi_i_414,csi_i_415,csi_i_416,csi_i_417,csi_i_418,csi_i_419,csi_i_420,csi_i_421,csi_i_422,csi_i_423,csi_i_424,csi_i_425,csi_i_426,csi_i_427,csi_i_428,csi_i_429,csi_i_430,csi_i_431,csi_i_432,csi_i_433,csi_i_434,csi_i_435,csi_i_436,csi_i_437,csi_i_438,csi_i_439,csi_i_440,csi_i_441,csi_i_442,csi_i_443,csi_i_444,csi_i_445,csi_i_446,csi_i_447,csi_i_448,csi_i_449,csi_i_450,csi_i_451,csi_i_452,csi_i_453,csi_i_454,csi_i_455,csi_i_456,csi_i_457,csi_i_458,csi_i_459,csi_i_460,csi_i_461,csi_i_462,csi_i_463,csi_i_464,csi_i_465,csi_i_466,csi_i_467,csi_i_468,csi_i_469,csi_i_470,csi_i_471,csi_i_472,csi_i_473,csi_i_474,csi_i_475,csi_i_476,csi_i_477,csi_i_478,csi_i_479,csi_i_480,csi_i_481,csi_i_482,csi_i_483,csi_i_484,csi_i_485,csi_i_486,csi_i_487,csi_i_488,csi_i_489,csi_i_490,csi_i_491,csi_i_492,csi_i_493,csi_i_494,csi_i_495,csi_i_496,csi_i_497,csi_i_498,csi_i_499,csi_i_500,csi_i_501,csi_i_502,csi_i_503,csi_i_504,csi_i_505,csi_i_506,csi_i_507,csi_i_508,csi_i_509,csi_i_510,csi_i_511,csi_q_0,csi_q_1,csi_q_2,csi_q_3,csi_q_4,csi_q_5,csi_q_6,csi_q_7,csi_q_8,csi_q_9,csi_q_10,csi_q_11,csi_q_12,csi_q_13,csi_q_14,csi_q_15,csi_q_16,csi_q_17,csi_q_18,csi_q_19,csi_q_20,csi_q_21,csi_q_22,csi_q_23,csi_q_24,csi_q_25,csi_q_26,csi_q_27,csi_q_28,csi_q_29,csi_q_30,csi_q_31,csi_q_32,csi_q_33,csi_q_34,csi_q_35,csi_q_36,csi_q_37,csi_q_38,csi_q_39,csi_q_40,csi_q_41,csi_q_42,csi_q_43,csi_q_44,csi_q_45,csi_q_46,csi_q_47,csi_q_48,csi_q_49,csi_q_50,csi_q_51,csi_q_52,csi_q_53,csi_q_54,csi_q_55,csi_q_56,csi_q_57,csi_q_58,csi_q_59,csi_q_60,csi_q_61,csi_q_62,csi_q_63,csi_q_64,csi_q_65,csi_q_66,csi_q_67,csi_q_68,csi_q_69,csi_q_70,csi_q_71,csi_q_72,csi_q_73,csi_q_74,csi_q_75,csi_q_76,csi_q_77,csi_q_78,csi_q_79,csi_q_80,csi_q_81,csi_q_82,csi_q_83,csi_q_84,csi_q_85,csi_q_86,csi_q_87,csi_q_88,csi_q_89,csi_q_90,csi_q_91,csi_q_92,csi_q_93,csi_q_94,csi_q_95,csi_q_96,csi_q_97,csi_q_98,csi_q_99,csi_q_100,csi_q_101,csi_q_102,csi_q_103,csi_q_104,csi_q_105,csi_q_106,csi_q_107,csi_q_108,csi_q_109,csi_q_110,csi_q_111,csi_q_112,csi_q_113,csi_q_114,csi_q_115,csi_q_116,csi_q_117,csi_q_118,csi_q_119,csi_q_120,csi_q_121,csi_q_122,csi_q_123,csi_q_124,csi_q_125,csi_q_126,csi_q_127,csi_q_128,csi_q_129,csi_q_130,csi_q_131,csi_q_132,csi_q_133,csi_q_134,csi_q_135,csi_q_136,csi_q_137,csi_q_138,csi_q_139,csi_q_140,csi_q_141,csi_q_142,csi_q_143,csi_q_144,csi_q_145,csi_q_146,csi_q_147,csi_q_148,csi_q_149,csi_q_150,csi_q_151,csi_q_152,csi_q_153,csi_q_154,csi_q_155,csi_q_156,csi_q_157,csi_q_158,csi_q_159,csi_q_160,csi_q_161,csi_q_162,csi_q_163,csi_q_164,csi_q_165,csi_q_166,csi_q_167,csi_q_168,csi_q_169,csi_q_170,csi_q_171,csi_q_172,csi_q_173,csi_q_174,csi_q_175,csi_q_176,csi_q_177,csi_q_178,csi_q_179,csi_q_180,csi_q_181,csi_q_182,csi_q_183,csi_q_184,csi_q_185,csi_q_186,csi_q_187,csi_q_188,csi_q_189,csi_q_190,csi_q_191,csi_q_192,csi_q_193,csi_q_194,csi_q_195,csi_q_196,csi_q_197,csi_q_198,csi_q_199,csi_q_200,csi_q_201,csi_q_202,csi_q_203,csi_q_204,csi_q_205,csi_q_206,csi_q_207,csi_q_208,csi_q_209,csi_q_210,csi_q_211,csi_q_212,csi_q_213,csi_q_214,csi_q_215,csi_q_216,csi_q_217,csi_q_218,csi_q_219,csi_q_220,csi_q_221,csi_q_222,csi_q_223,csi_q_224,csi_q_225,csi_q_226,csi_q_227,csi_q_228,csi_q_229,csi_q_230,csi_q_231,csi_q_232,csi_q_233,csi_q_234,csi_q_235,csi_q_236,csi_q_237,csi_q_238,csi_q_239,csi_q_240,csi_q_241,csi_q_242,csi_q_243,csi_q_244,csi_q_245,csi_q_246,csi_q_247,csi_q_248,csi_q_249,csi_q_250,csi_q_251,csi_q_252,csi_q_253,csi_q_254,csi_q_255,csi_q_256,csi_q_257,csi_q_258,csi_q_259,csi_q_260,csi_q_261,csi_q_262,csi_q_263,csi_q_264,csi_q_265,csi_q_266,csi_q_267,csi_q_268,csi_q_269,csi_q_270,csi_q_271,csi_q_272,csi_q_273,csi_q_274,csi_q_275,csi_q_276,csi_q_277,csi_q_278,csi_q_279,csi_q_280,csi_q_281,csi_q_282,csi_q_283,csi_q_284,csi_q_285,csi_q_286,csi_q_287,csi_q_288,csi_q_289,csi_q_290,csi_q_291,csi_q_292,csi_q_293,csi_q_294,csi_q_295,csi_q_296,csi_q_297,csi_q_298,csi_q_299,csi_q_300,csi_q_301,csi_q_302,csi_q_303,csi_q_304,csi_q_305,csi_q_306,csi_q_307,csi_q_308,csi_q_309,csi_q_310,csi_q_311,csi_q_312,csi_q_313,csi_q_314,csi_q_315,csi_q_316,csi_q_317,csi_q_318,csi_q_319,csi_q_320,csi_q_321,csi_q_322,csi_q_323,csi_q_324,csi_q_325,csi_q_326,csi_q_327,csi_q_328,csi_q_329,csi_q_330,csi_q_331,csi_q_332,csi_q_333,csi_q_334,csi_q_335,csi_q_336,csi_q_337,csi_q_338,csi_q_339,csi_q_340,csi_q_341,csi_q_342,csi_q_343,csi_q_344,csi_q_345,csi_q_346,csi_q_347,csi_q_348,csi_q_349,csi_q_350,csi_q_351,csi_q_352,csi_q_353,csi_q_354,csi_q_355,csi_q_356,csi_q_357,csi_q_358,csi_q_359,csi_q_360,csi_q_361,csi_q_362,csi_q_363,csi_q_364,csi_q_365,csi_q_366,csi_q_367,csi_q_368,csi_q_369,csi_q_370,csi_q_371,csi_q_372,csi_q_373,csi_q_374,csi_q_375,csi_q_376,csi_q_377,csi_q_378,csi_q_379,csi_q_380,csi_q_381,csi_q_382,csi_q_383,csi_q_384,csi_q_385,csi_q_386,csi_q_387,csi_q_388,csi_q_389,csi_q_390,csi_q_391,csi_q_392,csi_q_393,csi_q_394,csi_q_395,csi_q_396,csi_q_397,csi_q_398,csi_q_399,csi_q_400,csi_q_401,csi_q_402,csi_q_403,csi_q_404,csi_q_405,csi_q_406,csi_q_407,csi_q_408,csi_q_409,csi_q_410,csi_q_411,csi_q_412,csi_q_413,csi_q_414,csi_q_415,csi_q_416,csi_q_417,csi_q_418,csi_q_419,csi_q_420,csi_q_421,csi_q_422,csi_q_423,csi_q_424,csi_q_425,csi_q_426,csi_q_427,csi_q_428,csi_q_429,csi_q_430,csi_q_431,csi_q_432,csi_q_433,csi_q_434,csi_q_435,csi_q_436,csi_q_437,csi_q_438,csi_q_439,csi_q_440,csi_q_441,csi_q_442,csi_q_443,csi_q_444,csi_q_445,csi_q_446,csi_q_447,csi_q_448,csi_q_449,csi_q_450,csi_q_451,csi_q_452,csi_q_453,csi_q_454,csi_q_455,csi_q_456,csi_q_457,csi_q_458,csi_q_459,csi_q_460,csi_q_461,csi_q_462,csi_q_463,csi_q_464,csi_q_465,csi_q_466,csi_q_467,csi_q_468,csi_q_469,csi_q_470,csi_q_471,csi_q_472,csi_q_473,csi_q_474,csi_q_475,csi_q_476,csi_q_477,csi_q_478,csi_q_479,csi_q_480,csi_q_481,csi_q_482,csi_q_483,csi_q_484,csi_q_485,csi_q_486,csi_q_487,csi_q_488,csi_q_489,csi_q_490,csi_q_491,csi_q_492,csi_q_493,csi_q_494,csi_q_495,csi_q_496,csi_q_497,csi_q_498,csi_q_499,csi_q_500,csi_q_501,csi_q_502,csi_q_503,csi_q_504,csi_q_505,csi_q_506,csi_q_507,csi_q_508,csi_q_509,csi_q_510,csi_q_511
10436,mtk,MTK 7916,4079263703,rx1-tx0,512,154,891,1375,-84,87,257,408,499,525,492,406,272,110,-64,-235,-374,-469,-508,-487,-421,-297,-142,34,201,339,451,515,515,458,351,204,36,-146,-311,-448,-535,-567,-540,-451,-313,-139,54,252,428,562,638,643,573,445,269,55,-175,-392,-569,-686,-745,-715,-612,-443,-211,44,299,534,719,826,853,780,617,393,118,-181,-454,-693,-857,-935,-906,-782,-570,-286,19,323,602,821,943,965,886,713,465,171,-142,-438,-687,-854,-930,-925,-813,-622,-373,-102,182,454,673,823,885,862,764,598,383,126,-136,-390,-608,-773,-869,-885,-814,-670,-463,-207,79,356,613,822,955,1005,951,797,552,231,-86,-425,-732,-984,-1138,-1172,-1083,-878,-574,-207,197,593,941,1194,1322,1308,1159,878,490,52,-405,-828,-1176,-1396,-1462,-1373,-1144,-782,-339,159,635,1061,1364,1535,1539,1372,1055,634,139,-376,-847,-1229,-1498,-1595,-1538,-1320,-947,-479,44,570,1035,1397,1616,1672,1544,1252,813,284,-261,-803,-1263,-1588,-1744,-1710,-1475,-1081,-553,28,610,1127,1531,1747,1767,1583,1219,712,128,-468,-1006,-1426,-1656,-1688,-1541,-1192,-731,-192,350,837,1204,1432,1483,1365,1091,695,235,-232,-653,-989,-1203,-1267,-1173,-954,-631,-244,173,550,845,1024,1081,1001,785,476,105,-269,-600,-827,-917,-867,-671,-374,-28,291,512,611,569,-1278,-710,-388,661,531,427,341,152,-95,-357,-573,-682,-682,-562,-340,-62,244,511,712,817,817,699,488,211,-97,-400,-663,-854,-945,-915,-774,-535,-227,115,460,753,975,1081,1070,937,678,344,-39,-430,-788,-1067,-1223,-1246,-1119,-864,-506,-96,343,756,1082,1312,1387,1300,1071,709,273,-195,-670,-1067,-1351,-1494,-1468,-1277,-947,-498,7,513,976,1330,1525,1565,1424,1131,712,205,-322,-811,-1216,-1501,-1600,-1527,-1282,-898,-424,87,585,1011,1327,1498,1502,1342,1044,650,199,-277,-713,-1060,-1302,-1402,-1364,-1185,-879,-489,-60,374,752,1061,1260,1329,1257,1071,773,406,-13,-419,-771,-1058,-1229,-1290,-1227,-1027,-735,-369,36,439,-49,1085,1269,1333,1254,1051,743,352,-86,-515,-896,-1192,-1377,-1419,-1315,-1075,-710,-273,202,672,1074,1372,1524,1524,1345,1016,585,78,-441,-915,-1296,-1533,-1604,-1493,-1231,-822,-329,192,683,1112,1414,1551,1519,1327,996,561,81,-415,-851,-1184,-1384,-1437,-1342,-1105,-754,-329,109,539,902,1149,1283,1276,1145,896,558,176,-213,-575,-869,-1063,-1152,-1116,-957,-717,-406,-68,280,596,838,991,1030,970,810,566,266,-57,-363,-627,-822,-922,-921,-822,-633,-379,-93,198,456,661,784,827,772,635,439,193,-67,-320,-516,-654,-721,-706,-607,-443,-242,-11,207,397,544,618,621,556,425,252,56,-146,-314,-459,-74,306,843,-1122,-441,523,523,464,349,184,11,-163,-323,-443,-507,-514,-459,-353,-211,-39,131,288,416,491,514,466,380,249,85,-93,-256,-396,-492,-538,-527,-455,-331,-165,17,201,368,499,579,603,559,454,296,99,-115,-323,-497,-625,-692,-681,-601,-443,-248,-9,233,457,642,760,791,743,617,416,166,-111,-389,-621,-791,-890,-888,-788,-605,-346,-50,256,534,764,915,956,910,758,522,225,-89,-395,-660,-851,-954,-955,-857,-671,-415,-128,171,454,684,839,905,895,785,602,359,93,-179,-430,-641,-790,-865,-856,-774,-622,-411,-162,109,367,597,780,897,929,873,736,519,241,-64,-381,-664,-889,-568,-1079,-1013,-842,-580,-244,127,499,832,1081,1223,1244,1131,898,548,140,-297,-702,-1058,-1296,-1401,-1361,-1169,-851,-426,47,518,941,1269,1469,1508,1385,1114,713,248,-267,-752,-1150,-1431,-1568,-1537,-1333,-1003,-556,-47,468,942,1322,1552,1627,1537,1274,880,388,-150,-684,-1148,-1502,-1678,-1686,-1525,-1183,-712,-162,427,958,1401,1686,1779,1680,1389,927,360,-249,-821,-1304,-1626,-1760,-1687,-1425,-991,-443,121,678,1142,1455,1597,1542,1311,940,474,-35,-524,-938,-1227,-1364,-1334,-1158,-853,-461,-21,397,757,1017,1151,1137,986,724,386,6,-372,-695,-914,-1004,-955,-767,-471,-117,242,552,745,795,686,461,176,-103,-642,-1253,-31,51,406,-171,-374,-531,-583,-520,-338,-77,209,480,671,769,750,617,393,107,-202,-492,-715,-851,-883,-809,-631,-372,-52,281,588,830,975,1009,932,731,443,95,-267,-617,-906,-1091,-1167,-1108,-914,-602,-228,192,595,946,1181,1296,1285,1107,810,409,-51,-509,-916,-1227,-1400,-1429,-1301,-1011,-617,-147,352,816,1196,1450,1535,1468,1237,847,371,-159,-666,-1104,-1417,-1581,-1562,-1370,-1035,-575,-53,465,935,1294,1503,1559,1436,1158,762,294,-201,-672,-1052,-1315,-1442,-1427,-1252,-962,-568,-128,325,742,1075,1293,1370,1303,1110,813,436,14,-397,-764,-1060,-1244,-1307,-1226,-1042,-744,-374,22,425,780,1059,1243,1298,1217,425,734,365,-56,-468,-834,-1124,-1319,-1373,-1279,-1056,-727,-318,134,581,973,1278,1447,1479,1344,1064,667,202,-298,-792,-1187,-1466,-1584,-1525,-1307,-936,-461,67,580,1033,1376,1561,1571,1424,1124,690,188,-324,-790,-1171,-1414,-1511,-1442,-1214,-861,-430,32,485,878,1180,1340,1363,1242,984,639,244,-169,-555,-882,-1105,-1204,-1183,-1047,-799,-481,-123,252,583,849,1020,1083,1044,886,646,339,7,-321,-611,-830,-958,-980,-905,-729,-480,-182,125,412,651,806,875,846,727,531,283,6,-267,-492,-660,-759,-771,-691,-531,-333,-100,142,361,530,642,676,628,517,350,143,-66,-265,-433,-542,-596,-564,-481,-354,-680,-599
10437,mtk,MTK 7916,4079263703,rx1-tx1,512,0,0,0,-50,-70,-81,-76,-42,5,48,75,88,81,54,13,-29,-58,-83,-86,-55,-19,14,44,67,75,55,9,-25,-49,-67,-65,-42,-1,44,78,99,91,49,0,-58,-110,-137,-132,-92,-30,48,124,175,189,162,93,-3,-115,-206,-255,-262,-206,-91,48,177,280,323,295,217,85,-81,-243,-356,-389,-347,-239,-66,133,303,415,444,386,247,68,-141,-333,-450,-478,-417,-262,-58,156,346,474,507,429,267,66,-139,-321,-441,-464,-400,-266,-84,100,260,362,391,341,230,87,-67,-201,-278,-296,-257,-168,-65,37,128,182,189,166,113,36,-31,-70,-82,-84,-69,-33,-1,0,16,7,-9,-34,-53,-54,-32,8,50,94,121,119,99,60,-12,-85,-135,-157,-160,-134,-68,10,93,152,181,175,129,64,-2,-71,-132,-148,-123,-73,-20,35,75,91,81,46,-2,-45,-75,-78,-55,1,65,131,170,170,127,42,-65,-175,-262,-306,-283,-208,-72,96,256,382,443,411,304,130,-84,-290,-452,-539,-524,-405,-212,34,273,462,574,576,462,258,17,-220,-421,-547,-561,-466,-280,-55,177,376,498,514,427,258,51,-159,-337,-440,-453,-369,-217,-26,160,313,408,413,337,200,18,-168,-314,-407,-429,-379,-263,-97,80,233,349,408,406,355,266,154,39,0,0,0,0,0,-92,-66,-37,2,52,112,160,188,192,161,99,17,-79,-172,-241,-276,-259,-194,-93,35,172,279,333,335,268,149,-12,-184,-328,-415,-420,-343,-193,6,218,394,499,508,420,250,26,-227,-450,-579,-598,-505,-305,-38,239,476,630,659,556,344,69,-233,-491,-647,-680,-570,-337,-48,254,509,659,673,551,306,-5,-316,-563,-689,-671,-517,-248,78,384,605,695,649,472,187,-136,-434,-638,-709,-631,-425,-128,191,473,653,694,580,337,29,-266,-506,-646,-649,-500,-249,60,359,570,657,606,414,138,-163,-437,-619,-661,-553,-320,-18,290,548,691,675,505,227,-105,-423,-655,0,-689,-468,-149,214,540,756,821,703,424,67,-305,-635,-831,-853,-695,-387,8,407,726,883,876,684,326,-90,-480,-776,-917,-864,-626,-262,150,545,829,929,832,553,165,-245,-611,-845,-895,-762,-473,-77,339,664,843,853,688,371,-20,-410,-711,-848,-799,-586,-267,118,484,733,816,732,495,157,-213,-528,-732,-783,-668,-410,-70,269,546,714,728,591,333,7,-301,-534,-659,-657,-512,-266,25,305,503,591,564,429,205,-45,-275,-441,-501,-449,-327,-151,50,226,339,381,339,232,86,-60,-185,-259,-270,-226,-141,-33,72,149,180,172,129,54,-20,-69,-103,-108,-86,-40,13,0,0,0,0,0,66,39,-1,-41,-66,-71,-71,-52,-10,39,75,90,84,59,16,-19,-54,-80,-82,-59,-24,12,40,61,67,49,14,-28,-60,-76,-72,-41,4,51,89,106,102,74,13,-57,-120,-160,-159,-121,-52,35,121,195,235,218,143,35,-86,-201,-279,-288,-240,-144,-9,144,276,357,362,286,151,-23,-196,-331,-404,-405,-315,-157,41,237,386,457,445,352,171,-62,-259,-401,-483,-465,-351,-167,46,250,405,479,454,343,182,-19,-215,-358,-431,-417,-326,-177,-1,157,274,346,338,265,146,10,-112,-202,-248,-236,-183,-103,-16,66,123,150,133,93,47,-2,-42,-51,-39,0,12,20,26,20,-10,-46,-69,-88,-85,-54,-17,31,89,131,144,134,88,25,-46,-112,-163,-172,-143,-96,-24,53,109,144,157,138,88,16,-49,-94,-111,-107,-74,-22,29,65,83,64,13,-46,-86,-114,-115,-72,-10,76,167,221,226,193,109,-8,-150,-286,-359,-366,-313,-187,-1,192,359,464,486,422,275,56,-174,-386,-524,-560,-494,-342,-127,126,355,511,575,526,378,161,-89,-311,-466,-539,-507,-368,-169,56,266,422,487,452,326,143,-57,-248,-390,-439,-396,-280,-117,67,245,374,420,393,291,135,-42,-218,-354,-426,-429,-367,-254,-110,41,174,272,322,324,0,0,0,0,0,-34,-83,-117,-139,-148,-129,-82,-19,56,135,198,234,238,196,108,1,-116,-223,-289,-306,-269,-179,-41,112,247,344,380,350,244,79,-105,-276,-408,-467,-437,-312,-118,111,327,485,559,520,377,153,-107,-358,-548,-635,-598,-437,-197,91,375,583,679,639,471,209,-84,-369,-590,-678,-627,-453,-192,121,414,617,682,611,410,124,-202,-479,-654,-700,-596,-365,-60,261,529,680,692,560,308,-10,-320,-564,-690,-670,-510,-247,71,374,596,683,619,432,153,-150,-425,-614,-661,-561,-341,-40,255,495,644,644,491,239,-67,-370,-584,-679,-623,-420,-123,208,506,683,707,590,351,0,-325,-610,-766,-760,-584,-275,93,444,705,836,790,567,227,-164,-542,-802,-890,-797,-541,-167,252,616,861,922,788,496,95,-321,-663,-877,-908,-740,-421,-9,403,726,895,873,673,336,-79,-470,-755,-883,-822,-582,-220,182,542,789,864,754,487,119,-270,-606,-805,-825,-677,-389,-26,340,640,800,776,594,297,-62,-409,-652,-756,-710,-517,-218,117,422,635,712,640,443,158,-154,-422,-595,-633,-544,-356,-95,180,394,517,538,449,278,59,-163,-339,-437,-439,-355,-207,-23,145,260,320,319,250,126,-7,-123,-200,-223,-204,-140,-58,24,95,137,141,115,63,5,-49,-79,-78,0,0
10438,mtk,MTK 7916,4079263703,rx2-tx0,512,0,0,0,558,485,303,47,-219,-446,-576,-577,-448,-222,63,342,539,613,558,382,113,-182,-435,-594,-614,-497,-267,23,301,515,622,581,405,134,-170,-438,-605,-631,-514,-284,23,328,556,655,598,402,116,-206,-491,-661,-678,-538,-274,61,388,632,741,677,452,122,-244,-566,-761,-787,-636,-336,49,436,725,855,800,560,194,-224,-609,-865,-927,-784,-464,-40,401,766,965,952,733,348,-115,-562,-886,-1021,-935,-641,-205,274,694,966,1034,875,525,65,-410,-796,-1010,-1003,-779,-390,80,534,866,1002,929,659,242,-217,-627,-899,-969,-823,-506,-80,362,719,911,896,689,334,-93,-499,-788,0,-810,-541,-153,270,632,854,882,714,390,-28,-436,-749,-901,-851,-607,-233,198,592,855,932,812,507,80,-364,-737,-953,-957,-757,-391,60,513,852,1008,951,689,273,-199,-635,-938,-1045,-930,-612,-156,329,749,1006,1043,867,512,40,-445,-836,-1047,-1038,-806,-403,81,546,899,1066,1006,735,315,-168,-620,-939,-1062,-964,-667,-234,238,647,921,1015,895,591,176,-269,-647,-883,-940,-806,-506,-109,288,618,815,846,701,418,63,-293,-579,-741,-756,-615,-354,-37,282,533,663,667,540,307,24,-251,-474,-602,-615,-515,-321,-79,166,377,518,566,518,397,228,37,-141,-282,-364,-386,-358,0,0,0,0,0,366,412,400,325,189,3,-203,-390,-527,-589,-552,-422,-211,53,314,531,652,657,533,297,-7,-319,-581,-740,-757,-623,-355,-3,361,677,859,871,701,384,-25,-449,-798,-995,-993,-790,-429,36,529,920,1123,1111,877,461,-62,-590,-1010,-1231,-1211,-944,-473,92,646,1083,1307,1263,960,463,-127,-694,-1119,-1315,-1249,-929,-406,192,739,1136,1303,1199,847,328,-264,-796,-1143,-1253,-1111,-733,-202,360,839,1140,1197,998,592,66,-457,-883,-1121,-1113,-860,-431,78,562,920,1083,1009,720,279,-216,-652,-942,-1032,-900,-575,-134,332,724,950,964,776,423,-17,-455,-785,-942,-891,-649,-272,165,561,0,914,799,512,115,-304,-657,-864,-880,-702,-380,26,421,720,860,806,583,237,-156,-505,-743,-821,-716,-448,-92,274,574,745,748,583,294,-50,-381,-619,-715,-650,-441,-136,193,473,638,651,517,279,-21,-314,-531,-612,-551,-377,-116,170,410,550,554,426,210,-52,-306,-487,-545,-471,-291,-42,216,415,515,499,363,139,-124,-355,-497,-528,-442,-251,-1,246,439,533,499,351,127,-124,-352,-493,-520,-421,-227,12,246,429,509,470,322,106,-136,-348,-474,-487,-391,-205,31,255,422,492,441,291,71,-165,-362,-476,-478,-369,-174,63,287,445,499,439,277,52,-190,-396,-513,-505,0,0,0,0,0,30,284,483,575,545,384,132,-144,-391,-556,-597,-507,-301,-25,262,489,607,591,442,194,-102,-374,-558,-624,-545,-335,-59,231,480,619,610,462,203,-100,-378,-576,-649,-562,-340,-45,261,520,662,644,475,197,-132,-441,-651,-713,-607,-361,-30,320,606,755,731,537,220,-156,-509,-755,-830,-716,-445,-67,343,680,867,862,668,321,-107,-522,-824,-956,-880,-603,-187,279,678,937,996,844,500,41,-430,-808,-1008,-995,-768,-367,111,559,896,1039,952,664,234,-242,-668,-946,-1020,-870,-536,-93,371,750,962,962,755,385,-70,-498,-808,-945,-871,-607,-211,227,607,852,907,756,442,0,-388,-711,-876,-850,-630,-265,156,542,805,890,779,493,94,-330,-681,-886,-900,-714,-366,69,491,810,956,896,634,236,-222,-628,-907,-997,-875,-556,-109,367,756,988,1010,819,444,-31,-493,-850,-1032,-993,-745,-342,145,605,931,1063,968,671,228,-266,-700,-986,-1067,-926,-581,-114,370,783,1028,1056,870,503,35,-434,-810,-1017,-1018,-804,-424,30,463,803,973,941,719,355,-73,-470,-757,-893,-842,-620,-281,106,460,707,809,744,534,221,-126,-437,-647,-725,-653,-455,-175,128,404,588,650,588,417,175,-97,-345,-518,-596,-567,-438,-247,-28,191,368,474,508,467,362,226,88,-47,0,0,0,0,0,-90,47,196,345,462,520,506,414,238,9,-230,-443,-589,-633,-564,-390,-133,163,437,638,717,657,457,162,-169,-487,-728,-826,-758,-530,-188,206,578,852,953,862,593,187,-272,-686,-975,-1077,-971,-666,-200,318,782,1104,1203,1063,709,203,-358,-854,-1188,-1294,-1123,-733,-200,385,909,1243,1323,1133,718,157,-442,-954,-1259,-1304,-1087,-650,-80,501,977,1254,1262,1007,542,-30,-580,-1002,-1218,-1175,-878,-402,149,657,1018,1162,1061,739,264,-259,-722,-1028,-1107,-952,-594,-114,384,790,1025,1035,823,441,-30,-492,-844,-1010,-952,-689,-280,177,591,876,965,843,544,129,-311,-679,-892,-912,-741,0,23,435,746,897,850,617,252,-164,-544,-800,-876,-761,-481,-109,285,617,808,824,660,353,-28,-397,-674,-796,-738,-526,-198,164,475,683,741,628,375,44,-282,-539,-675,-656,-487,-212,103,386,577,631,540,323,46,-241,-468,-582,-557,-404,-161,114,358,514,547,455,258,-4,-262,-450,-532,-488,-326,-87,167,378,510,520,406,197,-57,-299,-463,-522,-464,-299,-63,190,403,518,511,387,173,-78,-305,-459,-511,-449,-284,-52,188,385,490,475,356,156,-81,-300,-449,-492,-421,-252,-24,211,387,476,460,327,116,-116,-326,-461,-489,-403,-220,12,246,427,508,475,334,108,-144,0,0
10439,mtk,MTK 7916,4079263703,rx2-tx1,512,0,0,0,-173,-120,-45,31,97,134,142,111,55,-19,-86,-129,-139,-118,-70,2,74,132,159,152,116,58,-18,-91,-153,-190,-185,-141,-74,6,89,164,206,205,170,103,19,-68,-151,-204,-221,-200,-143,-59,38,126,197,240,237,186,111,15,-92,-185,-248,-265,-231,-163,-60,58,173,261,296,276,207,96,-40,-176,-281,-337,-332,-261,-132,20,176,305,375,373,293,156,-15,-193,-340,-422,-416,-323,-166,27,221,381,464,452,352,175,-39,-240,-404,-488,-465,-345,-152,74,279,442,515,471,322,109,-134,-351,-495,-540,-467,-296,-60,206,427,554,568,466,262,-10,-285,-504,-620,0,-479,-231,71,367,594,709,672,491,207,-133,-447,-677,-773,-714,-503,-185,175,511,746,834,750,507,153,-230,-579,-813,-874,-758,-485,-111,295,639,852,895,748,443,46,-370,-715,-916,-935,-755,-410,21,448,794,986,970,753,381,-75,-516,-860,-1040,-1001,-764,-365,108,551,895,1062,1014,760,350,-125,-569,-904,-1058,-999,-739,-338,126,554,874,1013,953,710,320,-123,-534,-839,-967,-907,-671,-299,114,497,781,906,846,625,296,-84,-442,-707,-827,-788,-602,-313,32,368,623,751,737,593,352,49,-251,-500,-647,-680,-607,-433,-191,65,301,478,571,573,497,364,201,38,-99,-202,0,0,0,0,0,128,128,113,79,23,-45,-119,-175,-203,-203,-173,-107,-23,67,155,224,246,224,156,53,-61,-172,-254,-286,-263,-185,-66,70,206,305,341,312,213,61,-108,-266,-381,-420,-371,-251,-69,141,330,458,495,442,301,83,-161,-386,-539,-597,-536,-362,-111,168,427,604,668,607,421,140,-172,-453,-647,-715,-645,-442,-144,187,483,683,750,670,449,139,-199,-497,-693,-754,-665,-434,-113,230,529,714,756,645,401,78,-266,-559,-731,-755,-623,-357,-24,305,580,741,738,576,307,-27,-357,-607,-735,-709,-544,-268,67,385,624,722,673,493,199,-132,-430,-637,-711,-624,-408,-116,200,0,660,687,564,326,19,-298,-546,-686,-674,-517,-244,84,387,609,713,661,461,162,-173,-478,-685,-747,-651,-413,-86,255,548,722,753,631,373,35,-313,-598,-757,-762,-598,-310,35,370,632,757,720,536,245,-99,-417,-642,-733,-677,-477,-180,150,453,641,692,601,384,88,-216,-469,-623,-637,-511,-281,-7,266,490,600,573,426,188,-83,-329,-506,-572,-514,-347,-104,160,382,511,536,454,267,27,-207,-399,-512,-509,-401,-217,14,237,402,481,458,347,176,-32,-230,-369,-429,-403,-299,-136,52,219,333,371,334,232,90,-64,-193,-280,-312,-275,-178,-55,66,167,227,235,195,0,0,0,0,0,-52,-119,-153,-147,-107,-48,20,81,121,127,107,56,-15,-80,-125,-145,-135,-92,-30,48,119,162,173,147,90,24,-54,-135,-185,-200,-178,-124,-45,47,127,181,214,204,155,79,-10,-99,-176,-223,-230,-194,-121,-28,68,156,228,256,235,176,81,-27,-136,-225,-274,-275,-229,-138,-18,115,234,302,321,283,183,39,-110,-244,-332,-359,-322,-222,-70,104,260,373,411,368,255,85,-110,-284,-408,-448,-392,-261,-77,137,322,442,475,412,257,51,-165,-352,-474,-495,-413,-237,-13,210,400,514,509,396,202,-34,-278,-464,-550,-531,-394,-156,109,354,531,604,550,367,100,0,-445,-623,-670,-574,-354,-54,266,537,702,726,607,352,12,-335,-618,-784,-793,-634,-345,18,390,687,840,830,639,319,-68,-447,-743,-886,-849,-634,-283,129,516,802,921,856,605,225,-198,-594,-879,-982,-875,-588,-177,277,679,946,1027,902,580,145,-320,-728,-987,-1054,-907,-575,-129,351,755,1005,1062,904,568,122,-347,-747,-992,-1037,-875,-536,-104,349,728,956,993,832,513,106,-326,-693,-907,-930,-777,-490,-113,291,627,830,870,736,471,122,-245,-550,-743,-792,-695,-476,-173,152,445,644,719,668,501,253,-35,-305,-505,-622,-635,-547,-385,-179,36,229,371,446,455,407,323,0,0,0,0,0,3,51,104,151,180,180,155,106,35,-46,-127,-190,-223,-219,-174,-96,7,112,199,254,257,209,121,2,-127,-238,-303,-301,-247,-140,10,167,291,362,359,288,155,-24,-217,-369,-445,-436,-340,-176,35,255,432,537,533,416,220,-33,-297,-508,-622,-622,-489,-254,27,318,557,685,682,544,302,-8,-326,-586,-721,-711,-559,-300,22,351,616,752,739,576,292,-45,-364,-613,-754,-738,-558,-271,73,403,642,752,712,523,225,-116,-434,-661,-750,-685,-480,-172,170,481,691,756,667,434,119,-217,-516,-695,-732,-624,-384,-73,258,534,693,703,567,310,-5,-321,-567,-693,-673,0,-240,88,389,604,684,622,425,138,-182,-469,-651,-698,-592,-348,-32,285,550,708,709,557,287,-49,-380,-631,-753,-718,-530,-229,124,448,682,779,711,501,185,-175,-495,-711,-782,-682,-440,-118,228,530,724,753,620,369,48,-286,-559,-707,-698,-552,-294,24,328,561,661,626,461,197,-110,-380,-558,-615,-543,-358,-98,184,419,562,585,474,263,4,-249,-450,-553,-532,-405,-196,57,296,466,539,496,354,139,-107,-324,-459,-501,-443,-297,-90,135,318,429,458,391,241,51,-138,-297,-388,-392,-319,-189,-24,141,266,330,329,262,147,2,-137,-230,-275,-258,-190,-94,17,123,0,0
10440,mtk,MTK 7916,4079303504,rx0-tx0,512,-360,68,238,848,737,566,327,75,-184,-432,-624,-769,-835,-820,-738,-585,-381,-133,121,362,571,742,838,851,785,644,436,188,-93,-369,-602,-786,-883,-911,-838,-668,-441,-155,146,435,682,858,932,904,805,603,347,61,-229,-493,-699,-836,-878,-828,-698,-502,-256,20,272,494,667,757,776,720,584,390,164,-64,-274,-457,-580,-645,-644,-572,-454,-285,-108,75,244,375,465,515,509,442,338,211,72,-72,-199,-295,-357,-380,-371,-324,-247,-149,-50,52,138,200,230,238,228,193,135,72,31,-13,-48,-64,-75,-72,-73,-75,-72,-75,-79,-86,-85,-86,-74,-52,-16,25,73,121,168,192,-588,190,156,107,37,-37,-110,-172,-217,-250,-260,-244,-205,-148,-69,6,89,164,232,280,302,296,273,229,152,56,-44,-153,-249,-327,-384,-413,-406,-346,-264,-137,15,168,324,460,556,605,588,502,366,166,-63,-299,-518,-693,-796,-829,-761,-602,-353,-53,260,570,824,978,1033,963,765,482,144,-243,-596,-887,-1081,-1147,-1064,-861,-555,-175,215,574,881,1072,1134,1069,878,576,213,-166,-515,-800,-994,-1061,-999,-832,-563,-246,94,419,683,861,930,892,749,529,247,-54,-332,-565,-727,-796,-767,-651,-449,-191,78,327,531,657,695,639,486,263,4,-241,-433,-533,-530,-425,-250,-58,-365,-239,139,148,152,192,308,364,346,254,104,-84,-263,-396,-474,-473,-404,-269,-90,97,281,419,514,529,477,366,200,9,-180,-357,-477,-539,-536,-459,-333,-159,21,210,362,471,517,490,412,284,147,-21,-178,-295,-377,-407,-393,-336,-246,-129,-30,84,170,218,253,256,241,194,141,95,43,2,-40,-74,-103,-129,-156,-171,-171,-178,-166,-135,-100,-42,18,84,150,212,243,265,269,246,191,108,19,-69,-171,-250,-306,-357,-362,-332,-275,-187,-68,58,184,299,391,451,481,451,374,260,112,-58,-220,-387,-521,-610,-635,-601,-492,-328,-117,120,355,567,721,808,794,695,531,290,2,-289,-291,-766,-915,-965,-909,-749,-500,-196,147,474,747,958,1060,1051,922,688,381,28,-325,-649,-914,-1064,-1103,-1025,-846,-591,-261,85,427,714,925,1051,1077,988,820,557,251,-78,-414,-705,-928,-1075,-1113,-1050,-879,-627,-299,48,418,747,1003,1162,1231,1166,980,689,337,-63,-481,-849,-1132,-1303,-1354,-1261,-1040,-706,-297,163,605,987,1273,1437,1443,1301,1017,620,155,-333,-788,-1153,-1401,-1510,-1456,-1225,-876,-442,47,509,929,1237,1415,1450,1318,1044,672,241,-214,-640,-991,-1223,-1328,-1290,-1126,-844,-489,-86,311,670,939,1109,1165,1104,925,665,348,8,-311,-600,-829,-960,-1005,-946,-786,-570,-308,-20,71,109,-124,584,552,-207,-456,-660,-796,-844,-832,-734,-571,-363,-105,148,391,591,741,822,827,759,621,422,172,-96,-350,-578,-748,-853,-880,-811,-663,-443,-179,102,396,637,818,920,915,834,654,411,105,-187,-463,-694,-846,-912,-883,-756,-554,-301,-18,257,499,686,807,831,769,640,443,204,-39,-284,-485,-634,-707,-707,-642,-509,-328,-129,82,267,428,532,577,573,507,391,246,87,-85,-226,-336,-410,-444,-440,-385,-293,-179,-52,67,178,257,297,311,296,250,186,109,39,-32,-100,-149,-157,-154,-145,-123,-95,-69,-52,-41,-26,-10,2,9,25,40,65,96,123,142,150,146,130,89,35,321,-84,-145,-197,-231,-237,-218,-183,-128,-60,21,102,171,233,268,276,264,227,174,103,13,-78,-161,-236,-300,-334,-349,-332,-277,-198,-97,21,151,270,375,464,495,490,437,323,169,-14,-218,-404,-569,-683,-718,-680,-564,-371,-126,136,409,651,839,925,913,795,565,272,-68,-421,-734,-957,-1090,-1085,-940,-691,-355,40,429,758,1013,1139,1128,999,748,396,11,-373,-716,-968,-1097,-1094,-961,-724,-413,-55,294,603,841,968,984,882,679,403,93,-223,-506,-719,-845,-858,-776,-610,-373,-95,182,429,625,733,740,656,489,261,6,-255,-470,-609,-641,-570,-408,-192,49,254,380,404,403,495,347,25,-16,245,138,-10,-171,-318,-416,-439,-375,-246,-77,115,288,429,497,501,436,307,138,-57,-236,-392,-503,-538,-514,-415,-264,-81,113,290,432,513,541,498,387,235,54,-122,-276,-388,-453,-476,-424,-333,-208,-68,72,191,287,332,344,330,257,180,98,17,-55,-119,-150,-176,-183,-182,-169,-150,-125,-98,-71,-27,4,50,103,143,181,212,222,214,192,145,83,13,-74,-161,-240,-287,-307,-312,-287,-225,-150,-52,69,176,271,351,401,413,394,329,224,101,-45,-201,-335,-447,-525,-548,-523,-447,-304,-130,70,273,468,618,708,724,660,519,319,75,-196,-438,-663,-826,-893,-854,374,-536,-262,54,367,649,865,993,1019,917,721,445,108,-239,-573,-842,-1028,-1094,-1043,-889,-634,-303,49,400,694,927,1065,1090,1005,816,550,246,-95,-416,-702,-927,-1050,-1084,-1015,-837,-596,-286,48,395,705,960,1117,1167,1108,930,659,328,-48,-437,-793,-1066,-1237,-1301,-1228,-1021,-707,-317,109,535,910,1203,1384,1423,1293,1033,671,234,-241,-695,-1082,-1351,-1475,-1452,-1275,-961,-543,-62,426,864,1197,1425,1487,1390,1150,784,347,-124,-583,-965,-1236,-1382,-1381,-1232,-948,-578,-152,275,663,972,1172,1251,1198,1020,745,401,34,-336,-653,-893,-1042,-1079,-1014,-858,-615,-322,-17,296,563,764,893,927,156,125
10441,mtk,MTK 7916,4079303504,rx0-tx1,512,459,599,549,-585,-801,-935,-979,-921,-775,-540,-247,76,411,710,937,1070,1101,1020,833,547,205,-165,-528,-837,-1061,-1187,-1194,-1071,-837,-516,-134,261,645,968,1186,1279,1246,1090,814,453,40,-379,-764,-1072,-1263,-1330,-1258,-1061,-753,-363,57,477,845,1131,1299,1331,1234,1010,691,302,-120,-533,-883,-1138,-1278,-1296,-1175,-943,-623,-234,171,548,874,1101,1220,1220,1099,870,563,197,-180,-533,-828,-1044,-1151,-1142,-1028,-810,-521,-189,167,498,774,972,1076,1073,969,762,497,192,-138,-451,-717,-909,-1005,-1004,-920,-740,-493,-203,105,399,656,847,953,969,897,744,509,223,-77,-368,-629,-828,-953,-981,-910,-753,-430,-232,84,391,664,869,995,1018,929,751,496,184,-152,-473,-742,-942,-1037,-1029,-913,-692,-404,-71,268,578,829,997,1049,984,821,570,263,-75,-405,-681,-883,-991,-993,-885,-686,-426,-112,200,485,711,854,905,859,728,515,255,-13,-274,-499,-663,-758,-774,-712,-571,-382,-155,70,285,459,578,638,635,569,452,290,102,-84,-259,-406,-493,-538,-523,-464,-363,-222,-71,87,231,342,414,443,432,369,283,165,41,-85,-206,-294,-350,-375,-356,-303,-227,-124,-13,95,193,264,307,317,292,241,160,59,-42,-139,-222,-273,-288,-268,-217,-133,-31,71,159,218,239,218,158,76,-3,465,548,279,-88,-472,-121,-245,-332,-359,-316,-204,-53,120,286,401,457,453,383,260,96,-85,-251,-386,-481,-526,-498,-415,-281,-111,74,260,413,526,584,581,508,378,196,-10,-221,-413,-564,-663,-691,-643,-520,-338,-111,151,385,589,735,807,788,671,478,228,-46,-342,-593,-784,-887,-888,-796,-607,-348,-52,266,551,766,898,935,868,698,450,150,-159,-442,-685,-849,-904,-867,-730,-514,-254,31,306,537,709,796,803,722,560,352,108,-132,-348,-524,-646,-695,-668,-579,-428,-248,-54,148,323,456,541,569,543,465,354,212,53,-99,-239,-353,-436,-469,-467,-421,-337,-232,-103,26,160,275,370,425,230,430,375,286,174,36,-96,-222,-336,-413,-459,-462,-420,-344,-218,-77,66,215,337,426,475,483,443,353,233,92,-67,-209,-333,-420,-465,-470,-427,-346,-238,-111,28,160,273,362,417,425,411,353,268,169,48,-72,-193,-286,-366,-403,-412,-397,-347,-263,-161,-36,96,221,322,407,459,469,441,364,258,125,-27,-183,-321,-437,-512,-543,-527,-457,-344,-189,-22,156,315,458,555,592,579,520,404,243,59,-127,-313,-469,-582,-637,-636,-577,-461,-302,-107,94,298,464,595,676,696,645,532,366,160,-65,-286,-487,-644,-746,-772,-727,-607,-432,-205,43,295,528,708,825,860,811,764,646,217,-90,-237,-744,-524,-249,58,364,640,866,1001,1045,981,807,547,230,-120,-468,-776,-1004,-1130,-1149,-1049,-835,-534,-176,214,587,901,1131,1241,1225,1090,829,481,82,-324,-706,-1023,-1234,-1317,-1267,-1088,-792,-415,7,433,812,1111,1291,1337,1250,1036,721,328,-93,-507,-867,-1134,-1291,-1317,-1205,-974,-648,-268,145,544,876,1125,1259,1255,1140,910,589,218,-173,-545,-858,-1081,-1197,-1182,-1057,-834,-537,-181,179,519,805,1002,1110,1108,992,788,508,185,-154,-480,-750,-931,-1033,-1035,-937,-750,-491,-186,119,418,680,870,976,986,905,736,498,214,-85,-376,-638,-840,-951,-970,-899,-743,-514,-238,71,371,637,-1099,966,992,921,757,515,221,-107,-421,-692,-899,-1017,-1028,-928,-735,-461,-135,202,528,792,972,1051,1014,874,643,341,-4,-339,-636,-865,-998,-1024,-941,-756,-496,-186,145,451,698,877,957,926,806,595,333,39,-248,-503,-703,-810,-837,-783,-638,-442,-206,38,281,484,631,706,700,633,502,330,133,-73,-266,-428,-544,-591,-580,-519,-404,-250,-82,90,241,371,457,491,478,417,321,196,58,-93,-223,-319,-384,-407,-395,-337,-245,-144,-27,90,191,274,330,345,326,269,188,94,-13,-113,-200,-268,-299,-296,-265,-197,-107,-3,94,182,246,272,258,207,123,26,-71,-146,-185,-184,343,210,581,778,621,-262,-206,-85,66,223,344,411,417,347,213,51,-121,-283,-409,-485,-493,-437,-326,-179,-1,179,334,461,531,552,503,390,238,50,-145,-334,-492,-600,-644,-618,-519,-361,-157,70,298,504,655,747,749,662,509,289,30,-248,-499,-699,-820,-864,-810,-652,-425,-139,161,451,692,855,928,903,758,533,249,-60,-369,-635,-826,-923,-912,-807,-618,-350,-48,241,511,709,832,867,796,649,430,174,-89,-344,-548,-689,-754,-730,-643,-493,-297,-70,148,344,498,589,626,600,513,381,219,39,-134,-282,-403,-489,-515,-496,-435,-343,-219,-81,58,196,307,392,439,449,424,356,258,131,-198,-115,-240,-341,-419,-456,-446,-401,-314,-195,-63,82,214,334,427,469,475,435,346,229,87,-64,-217,-340,-425,-477,-479,-433,-348,-230,-96,48,186,302,389,439,450,415,351,255,134,7,-111,-236,-322,-391,-421,-415,-374,-306,-211,-93,20,136,247,335,398,437,437,395,314,211,77,-59,-198,-321,-417,-484,-508,-484,-414,-305,-160,-1,165,317,449,535,574,560,494,380,219,35,-143,-315,-466,-568,-619,-613,-550,-431,-269,-80,116,309,471,593,656,664,607,491,336,138,-77,-288,-473,-619,-711,-734,-686,-567,-396,-179,54,293,501,671,783,816,776,650,458,218,-46,-315,36,417
10442,mtk,MTK 7916,4079303504,rx1-tx0,512,154,887,1356,436,312,149,-34,-208,-353,-457,-499,-488,-420,-296,-141,23,188,336,443,496,489,423,307,167,-4,-177,-323,-435,-502,-509,-461,-360,-219,-45,137,293,431,528,560,533,445,312,139,-67,-263,-424,-553,-624,-631,-568,-435,-247,-37,187,399,575,688,723,690,573,399,166,-82,-332,-549,-719,-808,-807,-728,-561,-325,-60,232,498,705,855,902,858,707,478,196,-104,-398,-645,-829,-924,-913,-799,-606,-353,-55,248,507,715,850,898,847,707,512,260,-13,-285,-525,-700,-804,-828,-795,-672,-486,-258,-9,243,478,671,802,860,832,731,556,315,48,-237,-502,-730,-890,-971,-951,-830,231,-341,-18,316,638,902,1083,1153,1088,912,635,271,-132,-515,-863,-1127,-1269,-1284,-1153,-885,-525,-89,354,774,1118,1341,1418,1345,1123,770,335,-148,-621,-1022,-1328,-1487,-1489,-1322,-1015,-605,-109,401,862,1235,1480,1568,1481,1237,858,381,-136,-649,-1094,-1423,-1608,-1606,-1446,-1116,-666,-133,426,940,1357,1625,1709,1616,1320,881,319,-265,-825,-1293,-1616,-1738,-1660,-1390,-955,-416,169,730,1198,1514,1648,1581,1321,924,413,-123,-631,-1052,-1328,-1440,-1387,-1167,-814,-384,72,505,883,1129,1234,1182,993,700,325,-81,-459,-768,-986,-1059,-996,-805,-503,-147,225,553,794,899,853,672,383,45,-266,-494,-598,-551,-1216,-639,-388,694,573,-124,-330,-501,-570,-532,-378,-134,149,414,623,743,740,631,417,150,-155,-434,-668,-819,-866,-805,-636,-384,-74,248,550,788,946,987,910,723,447,98,-259,-610,-891,-1076,-1135,-1062,-869,-567,-199,212,619,954,1188,1284,1237,1046,738,332,-127,-567,-972,-1253,-1393,-1388,-1214,-901,-498,-21,482,919,1270,1466,1499,1369,1085,674,175,-356,-833,-1217,-1477,-1568,-1475,-1216,-811,-322,190,689,1103,1389,1519,1476,1274,941,496,9,-476,-891,-1213,-1396,-1426,-1314,-1062,-706,-262,193,612,975,1210,1336,1314,1154,882,516,107,-316,-700,-996,-1198,-1278,-1225,-1053,-771,-411,-6,396,756,1026,1207,1265,1189,991,-49,346,-61,-467,-824,-1099,-1264,-1313,-1222,-997,-669,-267,174,598,972,1249,1391,1401,1255,966,570,101,-376,-826,-1200,-1439,-1528,-1443,-1200,-815,-335,179,675,1089,1390,1538,1510,1313,971,524,24,-481,-916,-1255,-1436,-1469,-1346,-1079,-684,-236,234,670,1019,1258,1357,1297,1111,815,431,20,-389,-754,-1021,-1179,-1199,-1106,-898,-596,-242,130,481,780,982,1080,1063,929,708,413,80,-252,-547,-786,-940,-975,-913,-751,-520,-234,77,371,619,788,870,853,745,558,312,38,-231,-467,-653,-749,-765,-697,-552,-342,-105,135,361,531,643,672,621,507,329,124,-87,-282,-445,-546,-591,-558,-461,-312,-135,46,-14,361,843,-1146,-513,-297,-422,-498,-514,-465,-363,-220,-55,109,273,400,474,491,458,368,233,71,-100,-264,-387,-475,-512,-476,-388,-260,-102,74,239,383,481,534,516,448,340,178,-7,-191,-361,-493,-581,-605,-542,-436,-282,-89,121,327,504,621,674,661,575,420,212,-17,-257,-473,-644,-750,-777,-717,-582,-369,-114,151,409,639,792,868,849,725,529,273,-23,-320,-588,-788,-898,-916,-830,-659,-414,-124,182,461,688,849,921,883,754,555,299,6,-281,-525,-712,-828,-858,-810,-679,-483,-242,8,260,497,677,796,834,802,692,514,289,28,-233,-477,-690,-832,-901,-884,-781,-597,-341,-44,272,567,-568,983,1052,1017,876,639,330,-39,-411,-740,-1011,-1179,-1216,-1122,-912,-588,-193,228,648,993,1239,1354,1316,1149,841,435,-29,-491,-905,-1222,-1418,-1468,-1346,-1082,-692,-219,280,754,1137,1414,1546,1492,1283,939,490,-24,-534,-981,-1332,-1543,-1593,-1473,-1182,-776,-269,267,782,1221,1525,1668,1626,1405,1028,522,-35,-606,-1116,-1506,-1718,-1721,-1539,-1175,-676,-91,495,1033,1443,1672,1702,1523,1173,692,143,-428,-923,-1305,-1524,-1543,-1392,-1076,-635,-150,344,784,1110,1300,1324,1202,938,567,149,-282,-656,-943,-1112,-1134,-1012,-778,-445,-58,312,641,871,976,948,777,499,141,-216,-522,-724,-775,-678,-463,-179,95,-746,-1283,-31,33,385,-423,-371,-196,44,299,519,656,675,577,383,108,-184,-455,-664,-785,-799,-701,-514,-243,57,365,626,823,915,900,771,546,249,-101,-436,-727,-942,-1052,-1040,-914,-663,-336,53,434,785,1044,1189,1203,1074,811,454,29,-404,-797,-1105,-1306,-1350,-1248,-999,-613,-172,304,763,1126,1371,1485,1408,1173,806,331,-172,-660,-1081,-1386,-1541,-1508,-1303,-967,-515,14,533,986,1332,1512,1540,1397,1086,660,155,-356,-815,-1182,-1414,-1489,-1400,-1156,-799,-355,107,558,939,1221,1368,1358,1225,953,589,179,-264,-662,-991,-1208,-1301,-1271,-1093,-811,-450,-48,356,715,1006,1191,1258,1194,1010,721,373,-35,-432,-785,425,-1229,-1280,-1206,-1002,-696,-317,103,521,890,1166,1332,1358,1241,996,635,203,-256,-705,-1080,-1347,-1469,-1430,-1245,-908,-474,24,524,967,1312,1507,1533,1390,1094,679,184,-335,-810,-1193,-1437,-1528,-1445,-1206,-834,-374,107,577,984,1273,1408,1396,1228,934,558,112,-328,-716,-1030,-1228,-1282,-1214,-1002,-702,-325,74,449,777,1004,1126,1129,1015,795,495,157,-196,-514,-772,-950,-1026,-987,-845,-619,-324,-3,306,583,789,911,925,836,659,412,130,-159,-424,-637,-774,-819,-770,-644,-447,-204,49,295,507,652,713,701,606,443,235,-1,-219,-411,-552,-620,-615,-547,-410,-238,-37,167,341,468,536,546,-716,-607
10443,mtk,MTK 7916,4079303504,rx1-tx1,512,0,0,0,-33,-92,-126,-141,-137,-101,-46,18,85,134,159,156,119,55,-29,-106,-153,-176,-163,-111,-36,54,132,180,186,155,86,-12,-97,-167,-213,-205,-150,-56,59,154,224,257,228,143,12,-115,-223,-294,-299,-240,-134,13,168,291,348,337,261,118,-57,-223,-349,-406,-378,-273,-114,83,277,413,460,414,283,99,-107,-294,-435,-488,-443,-307,-104,113,307,451,501,452,312,113,-106,-307,-446,-496,-455,-333,-149,65,262,400,461,429,318,155,-29,-202,-326,-379,-363,-283,-155,-1,141,242,286,272,211,116,17,-73,-144,-182,-178,-140,-80,-20,27,64,74,65,48,17,-10,0,13,19,36,45,39,28,0,-47,-85,-104,-114,-106,-63,-2,56,112,151,158,130,74,4,-67,-129,-160,-160,-131,-79,0,76,130,154,139,89,27,-33,-96,-131,-128,-79,-7,68,135,175,163,111,21,-93,-197,-267,-283,-238,-137,5,170,319,411,426,367,223,24,-193,-396,-531,-568,-499,-333,-96,174,429,603,659,608,450,194,-105,-384,-591,-698,-674,-522,-268,25,301,529,660,655,530,314,38,-235,-451,-575,-599,-509,-310,-61,189,397,520,543,458,279,56,-163,-355,-479,-508,-444,-304,-111,109,311,449,516,502,399,239,56,-131,-293,-402,-444,-429,-372,-275,0,0,0,0,0,-94,-115,-119,-104,-70,-19,49,118,179,220,224,201,149,58,-56,-166,-249,-291,-288,-234,-133,5,147,271,357,375,319,205,47,-132,-294,-410,-456,-411,-281,-95,119,329,481,543,505,370,162,-86,-331,-517,-610,-588,-460,-243,33,308,532,652,649,526,295,12,-270,-510,-647,-647,-522,-303,-23,269,504,633,641,527,292,-11,-299,-521,-641,-634,-498,-253,38,316,538,651,622,465,221,-65,-344,-545,-628,-589,-426,-186,95,358,539,609,551,375,125,-141,-379,-531,-567,-490,-306,-50,210,432,562,554,434,225,-39,-293,-474,-560,-526,-381,-153,119,376,548,613,545,357,0,-203,-452,-620,-655,-547,-326,-33,285,551,696,703,574,319,-3,-324,-589,-736,-730,-579,-307,24,356,623,757,735,571,296,-39,-374,-633,-754,-729,-554,-262,76,386,621,732,698,515,228,-96,-397,-620,-707,-650,-464,-175,140,413,601,668,595,397,130,-164,-426,-590,-626,-527,-329,-69,207,434,562,573,473,278,34,-208,-415,-520,-513,-421,-250,-24,195,369,470,474,380,216,20,-174,-322,-395,-396,-329,-199,-32,127,252,324,334,279,173,49,-65,-156,-219,-238,-200,-140,-70,15,78,118,140,136,113,75,29,-14,-46,-67,-72,-79,-86,-86,-67,-41,-6,26,60,94,0,0,0,0,0,132,117,74,15,-47,-103,-146,-158,-134,-86,-24,46,115,160,168,143,83,-1,-76,-133,-170,-172,-130,-56,29,124,190,202,172,104,15,-83,-168,-222,-227,-180,-88,24,138,229,277,269,188,65,-74,-204,-298,-324,-284,-189,-47,118,261,352,375,322,195,27,-158,-321,-421,-431,-354,-198,-2,198,361,457,466,387,221,-1,-217,-386,-493,-497,-396,-220,1,215,382,487,494,405,238,24,-188,-363,-467,-479,-399,-243,-51,146,318,414,429,363,231,62,-94,-232,-327,-344,-290,-200,-80,53,155,213,228,201,146,67,-19,-79,-113,-123,-109,-73,-29,11,33,33,17,0,-9,-9,-2,11,30,56,81,85,61,26,-27,-78,-123,-149,-137,-93,-38,29,93,146,172,158,112,46,-32,-100,-146,-162,-142,-88,-18,54,109,138,121,76,22,-45,-107,-139,-132,-81,-9,79,169,222,216,158,56,-69,-204,-311,-359,-344,-253,-95,96,285,433,509,484,361,167,-69,-316,-508,-611,-610,-495,-282,-2,280,514,662,690,584,364,81,-206,-462,-631,-682,-605,-424,-168,125,389,564,632,590,428,188,-84,-325,-494,-565,-533,-400,-185,56,279,449,526,501,379,181,-42,-249,-414,-506,-503,-414,-258,-57,149,328,452,505,484,396,265,112,-42,-170,-260,0,0,0,0,0,33,-6,-50,-97,-140,-169,-178,-160,-113,-40,47,133,205,252,261,225,144,26,-97,-212,-301,-335,-309,-226,-98,57,215,341,397,391,314,165,-32,-230,-394,-487,-490,-407,-240,-11,224,425,555,583,501,322,75,-197,-442,-601,-651,-582,-398,-135,157,425,610,676,604,421,159,-133,-407,-599,-665,-600,-412,-156,127,398,594,664,588,393,128,-160,-425,-597,-651,-573,-374,-100,196,444,599,646,558,343,66,-219,-459,-600,-608,-498,-290,-31,245,474,590,579,448,226,-42,-299,-489,-568,-525,-370,-138,121,353,510,557,492,308,50,-216,-429,-565,-584,-470,-244,36,304,506,0,612,457,203,-92,-380,-598,-692,-643,-466,-185,144,443,649,734,667,455,155,-180,-487,-698,-768,-681,-454,-136,203,511,714,768,666,437,125,-214,-522,-718,-755,-639,-393,-76,247,521,694,718,594,351,40,-272,-520,-666,-673,-537,-295,8,300,523,634,621,481,242,-45,-317,-516,-600,-562,-412,-187,80,324,489,550,510,370,153,-87,-302,-461,-514,-462,-324,-126,83,264,400,448,403,286,117,-64,-227,-339,-372,-331,-245,-117,30,153,235,277,264,201,111,15,-77,-147,-186,-184,-152,-101,-38,20,52,83,107,115,97,69,40,14,-11,-29,-51,-74,-90,-94,-84,-55,0,0
10444,mtk,MTK 7916,4079303504,rx2-tx0,512,0,0,0,-305,-88,161,378,509,533,445,254,-1,-255,-450,-556,-539,-407,-179,89,341,514,572,513,340,83,-195,-430,-572,-586,-468,-246,30,304,515,610,567,392,128,-163,-422,-596,-637,-531,-300,1,307,543,666,649,475,189,-144,-454,-664,-731,-631,-389,-62,295,602,774,774,606,299,-82,-454,-734,-865,-805,-566,-200,217,598,854,926,803,509,94,-347,-722,-949,-980,-800,-445,7,461,822,1011,993,768,372,-107,-552,-885,-1041,-977,-698,-279,195,629,927,1032,919,617,189,-282,-693,-949,-1002,-848,-517,-84,360,723,932,940,747,400,-28,-440,-754,-907,-863,-634,-273,142,525,781,0,771,504,127,-272,-608,-806,-829,-674,-378,10,401,697,840,809,600,251,-150,-520,-782,-875,-785,-522,-146,263,621,850,899,753,451,49,-371,-716,-915,-917,-724,-381,38,459,784,945,909,685,315,-122,-532,-831,-963,-888,-627,-241,203,607,882,969,859,569,163,-270,-658,-912,-969,-830,-526,-116,315,685,915,951,802,492,88,-327,-672,-876,-898,-745,-448,-62,329,637,811,827,684,408,51,-302,-582,-741,-751,-611,-348,-32,280,535,674,671,540,308,24,-252,-467,-592,-604,-498,-299,-48,204,410,536,560,486,329,121,-101,-297,-438,-503,-490,-407,-276,-119,34,164,252,297,0,0,0,0,0,183,301,390,437,425,347,209,25,-183,-375,-514,-573,-536,-402,-190,65,311,517,633,635,514,286,-13,-319,-571,-721,-737,-611,-356,-19,338,652,841,865,724,435,42,-382,-747,-965,-1006,-847,-514,-72,404,817,1075,1133,964,597,114,-403,-862,-1158,-1229,-1059,-681,-163,396,885,1203,1282,1110,719,182,-385,-882,-1207,-1294,-1118,-717,-180,386,873,1188,1258,1070,671,146,-408,-873,-1153,-1194,-995,-600,-82,448,874,1114,1124,905,506,-1,-502,-886,-1077,-1050,-807,-401,80,543,885,1041,979,709,293,-172,-600,-898,-995,-886,-599,-187,257,646,893,948,804,497,92,-333,-685,-883,-891,-715,0,22,416,720,872,839,627,283,-118,-485,-746,-849,-773,-534,-185,202,534,743,800,686,427,89,-264,-559,-727,-737,-588,-317,13,335,573,680,647,474,195,-115,-387,-568,-627,-549,-346,-70,206,432,560,552,424,202,-57,-294,-464,-520,-455,-289,-60,174,360,463,461,349,154,-78,-285,-425,-462,-393,-232,-19,199,370,460,442,322,127,-99,-300,-433,-467,-398,-240,-23,202,373,459,446,333,146,-76,-280,-417,-457,-394,-245,-38,177,345,438,428,323,143,-70,-267,-402,-449,-393,-246,-43,169,341,435,431,329,150,-63,-266,-407,-459,-407,-259,-51,167,356,466,466,364,182,0,0,0,0,0,-414,-514,-499,-380,-173,79,316,484,551,500,333,89,-176,-403,-543,-563,-458,-256,3,268,476,583,558,407,162,-117,-371,-546,-602,-522,-325,-48,239,472,598,601,468,220,-79,-366,-575,-657,-586,-384,-90,232,508,677,693,555,283,-51,-379,-637,-753,-698,-495,-182,189,532,767,829,710,432,51,-355,-687,-876,-883,-696,-355,71,488,804,958,912,660,269,-181,-601,-902,-1014,-909,-611,-185,285,701,970,1037,881,540,87,-381,-771,-1009,-1029,-828,-459,1,457,820,1006,981,747,360,-95,-528,-848,-980,-899,-641,-253,193,592,854,934,812,519,133,-280,-632,-846,-871,-703,-390,0,404,701,847,810,595,251,-143,-506,-759,-846,-752,-488,-114,284,616,820,852,698,396,-1,-401,-714,-879,-857,-650,-298,116,507,797,919,855,603,220,-212,-602,-863,-947,-835,-541,-133,296,664,906,955,803,481,56,-374,-729,-939,-950,-763,-416,22,449,772,947,930,713,348,-83,-495,-805,-962,-919,-676,-304,117,515,804,933,876,641,276,-135,-510,-775,-881,-813,-583,-240,135,478,718,808,736,520,209,-129,-435,-643,-722,-658,-464,-179,130,401,585,651,592,417,161,-109,-348,-519,-587,-544,-402,-191,49,275,443,530,532,444,287,94,-98,-261,-379,-434,-423,-363,-269,-157,0,0,0,0,0,-284,-228,-126,17,181,338,460,517,500,402,230,3,-231,-431,-567,-611,-540,-361,-107,173,432,625,701,644,455,165,-168,-476,-704,-812,-752,-541,-214,174,544,818,946,889,646,269,-175,-606,-932,-1073,-1017,-762,-339,156,633,1008,1187,1133,860,415,-130,-664,-1062,-1257,-1215,-928,-456,103,648,1073,1288,1238,941,466,-106,-653,-1069,-1274,-1220,-921,-445,114,654,1052,1225,1156,856,385,-162,-670,-1031,-1179,-1084,-770,-304,216,689,1013,1120,993,673,212,-292,-722,-996,-1059,-901,-564,-112,362,757,983,1000,813,462,12,-433,-773,-954,-935,-719,-353,84,494,796,925,857,614,246,-176,-557,0,-897,-790,-519,-133,272,609,821,856,707,415,44,-334,-641,-812,-807,-627,-314,57,402,657,776,724,517,212,-131,-444,-658,-725,-631,-405,-98,219,480,636,646,513,273,-20,-298,-504,-594,-552,-387,-142,131,367,511,538,444,252,3,-234,-409,-493,-460,-321,-114,119,324,443,458,369,196,-22,-241,-398,-459,-411,-271,-69,153,342,450,456,358,177,-40,-252,-410,-469,-422,-288,-83,142,333,442,448,361,197,-18,-230,-385,-453,-420,-288,-90,124,308,425,445,360,194,-17,-220,-374,-446,-412,-285,-98,116,307,425,446,367,209,-7,-222,-386,-465,-439,-313,-122,104,312,446,0,0
10445,mtk,MTK 7916,4079303504,rx2-tx1,512,0,0,0,148,70,-18,-97,-146,-164,-142,-90,-25,45,104,135,135,102,53,-10,-73,-123,-144,-134,-105,-47,24,89,138,162,153,119,52,-28,-96,-153,-191,-191,-155,-88,1,91,164,210,224,206,144,53,-53,-156,-232,-265,-256,-206,-107,19,141,241,302,311,266,167,31,-115,-249,-340,-364,-319,-220,-66,107,262,369,411,376,262,96,-90,-270,-404,-458,-425,-312,-126,92,289,434,500,469,343,148,-84,-305,-464,-535,-502,-366,-150,98,319,480,549,510,365,147,-104,-342,-514,-578,-523,-355,-112,148,383,544,592,520,335,76,-198,-434,-591,-625,-529,-322,-45,250,494,632,0,536,294,-12,-313,-556,-690,-691,-553,-293,39,363,619,754,741,573,285,-59,-402,-672,-812,-792,-603,-286,84,436,713,848,811,609,284,-98,-472,-757,-881,-829,-609,-266,140,522,800,915,847,617,257,-165,-563,-843,-948,-871,-621,-234,208,604,874,980,893,636,254,-186,-590,-881,-991,-909,-654,-267,168,563,848,967,889,642,277,-132,-511,-792,-918,-850,-618,-280,112,484,749,858,816,613,288,-82,-421,-666,-783,-749,-574,-296,33,343,579,709,700,553,322,37,-261,-498,-631,-654,-555,-367,-123,141,369,525,589,557,438,256,43,-159,-322,-435,-481,-453,-372,-258,-133,-8,0,0,0,0,0,99,122,130,125,99,48,-18,-79,-141,-190,-203,-185,-136,-58,37,129,199,238,241,190,102,-5,-124,-231,-296,-305,-246,-143,-5,143,270,358,375,317,190,15,-169,-337,-452,-479,-414,-259,-46,182,392,543,589,526,351,100,-167,-414,-603,-687,-635,-454,-182,131,434,659,767,728,545,262,-78,-415,-682,-817,-802,-632,-326,43,400,679,841,836,661,361,-1,-373,-674,-841,-845,-678,-378,-3,366,664,830,837,677,374,2,-368,-668,-828,-825,-660,-367,-1,371,667,830,828,652,341,-31,-389,-671,-816,-801,-631,-324,45,399,673,808,772,589,286,-76,-420,-676,-791,-743,0,-235,127,466,708,795,716,494,163,-200,-521,-740,-802,-695,-451,-110,263,584,785,823,694,419,59,-317,-630,-818,-831,-686,-402,-28,356,662,835,842,680,375,-4,-383,-686,-850,-834,-647,-336,32,395,681,826,793,605,299,-66,-413,-671,-793,-754,-556,-253,95,419,653,744,679,480,181,-154,-441,-634,-694,-600,-391,-113,191,451,611,642,545,328,48,-236,-468,-602,-612,-505,-289,-20,251,465,577,568,444,238,-4,-244,-433,-534,-524,-411,-221,11,228,394,477,463,363,199,0,-196,-346,-420,-409,-320,-172,-3,160,288,351,339,264,140,1,-133,-230,-279,-270,-207,-104,0,0,0,0,0,144,186,185,151,90,13,-64,-120,-145,-139,-102,-45,26,94,128,135,115,70,13,-51,-109,-144,-149,-125,-76,-11,61,126,166,176,157,100,24,-54,-130,-191,-216,-198,-147,-69,28,120,193,240,249,208,126,20,-95,-195,-263,-284,-259,-187,-73,65,194,287,335,322,247,120,-35,-189,-312,-381,-378,-303,-165,8,186,335,422,424,349,206,12,-188,-357,-456,-472,-396,-235,-24,191,377,496,511,428,258,35,-199,-401,-527,-547,-453,-262,-20,225,422,540,559,454,253,4,-254,-458,-564,-562,-439,-219,44,299,494,590,569,428,194,-79,-341,-545,-637,-595,-427,-166,0,414,611,689,626,424,133,-186,-476,-678,-747,-665,-444,-121,234,539,742,801,695,454,124,-241,-569,-785,-839,-724,-462,-102,278,604,816,871,740,454,72,-317,-650,-860,-889,-737,-437,-46,356,698,905,928,755,435,36,-385,-742,-948,-959,-781,-448,-20,406,754,956,972,791,459,51,-382,-746,-952,-963,-790,-468,-60,354,699,900,932,779,476,86,-317,-656,-857,-882,-739,-463,-96,283,591,787,820,699,450,118,-227,-519,-713,-764,-665,-443,-151,158,442,635,695,628,454,203,-76,-332,-529,-622,-608,-493,-299,-58,176,372,503,547,513,409,251,76,-88,-220,-307,-343,-330,0,0,0,0,0,-56,-15,27,76,125,160,174,166,129,66,-18,-103,-171,-215,-226,-195,-123,-31,71,170,247,276,249,174,67,-58,-191,-293,-331,-308,-225,-97,73,242,362,422,402,302,134,-73,-280,-444,-529,-510,-399,-207,45,300,505,625,628,508,286,4,-299,-558,-708,-725,-612,-378,-59,273,555,749,809,703,456,121,-251,-566,-770,-837,-754,-522,-178,202,543,778,865,781,542,196,-184,-533,-776,-865,-781,-542,-201,177,523,770,859,765,533,194,-193,-535,-771,-853,-758,-514,-173,206,544,773,853,755,504,156,-222,-552,-766,-825,-722,-473,-129,239,550,750,798,677,419,75,-283,0,-757,-777,-639,-370,-18,344,624,778,780,612,316,-44,-395,-670,-809,-780,-579,-260,111,462,724,829,774,563,232,-155,-510,-756,-854,-785,-548,-195,194,536,769,855,766,521,177,-206,-545,-775,-841,-737,-488,-139,236,553,762,820,700,441,92,-265,-557,-732,-753,-631,-380,-45,288,551,697,698,554,304,-5,-312,-547,-664,-636,-478,-227,70,345,543,630,585,421,177,-105,-364,-540,-604,-543,-382,-140,127,355,511,566,503,340,115,-125,-335,-471,-513,-455,-307,-104,116,301,419,452,397,268,93,-93,-256,-364,-393,-341,-232,-85,77,212,296,325,289,191,64,-56,-164,-238,0,0
10446,mtk,MTK 7916,4079343839,rx0-tx0,512,-360,-575,-751,-853,-777,-644,-458,-255,-28,205,417,601,734,801,812,781,672,516,334,122,-103,-315,-507,-678,-793,-836,-826,-744,-615,-417,-187,57,306,530,703,832,897,876,779,618,407,160,-107,-351,-576,-741,-846,-873,-824,-718,-542,-325,-98,136,361,538,678,755,765,720,611,451,264,72,-127,-321,-468,-567,-626,-631,-583,-488,-367,-229,-70,94,233,347,445,492,495,467,404,313,202,80,-40,-152,-243,-310,-359,-387,-364,-312,-251,-165,-73,11,74,141,187,224,239,228,200,168,136,91,55,14,-13,-40,-54,-67,-89,-113,-128,-139,-155,-163,-155,-140,-113,-71,-27,33,103,155,-588,245,259,251,231,193,134,60,-9,-90,-161,-219,-262,-282,-291,-272,-236,-187,-125,-51,26,100,178,235,291,321,340,334,301,245,164,71,-32,-145,-243,-353,-450,-491,-517,-501,-435,-323,-177,-10,176,371,550,681,740,759,694,562,376,145,-122,-385,-641,-842,-961,-994,-937,-773,-530,-234,97,434,718,942,1088,1127,1043,860,593,264,-89,-434,-726,-950,-1080,-1115,-1029,-837,-579,-274,60,386,662,869,993,1014,941,779,551,270,-28,-319,-567,-748,-854,-877,-814,-667,-463,-227,33,268,481,635,722,737,670,534,338,113,-122,-336,-504,-606,-621,-548,-401,-207,7,194,327,379,194,-84,139,-549,-519,-176,-90,38,173,297,378,401,368,277,130,-23,-178,-325,-422,-475,-475,-421,-315,-171,-8,155,305,419,491,515,482,397,266,109,-58,-210,-347,-443,-487,-483,-434,-343,-217,-87,45,185,295,369,403,395,349,283,193,97,4,-81,-153,-215,-238,-244,-245,-220,-183,-143,-106,-82,-42,-3,40,88,124,156,184,215,229,228,215,175,130,79,-9,-94,-165,-231,-282,-313,-332,-325,-285,-229,-149,-44,56,156,248,332,392,421,424,391,337,253,126,-7,-142,-287,-423,-516,-568,-588,-554,-475,-340,-181,3,203,396,574,709,775,786,712,575,396,158,-110,-361,-594,-781,-907,-291,-910,-788,-588,-346,-50,260,548,796,970,1063,1062,968,791,525,212,-119,-431,-712,-928,-1068,-1121,-1065,-929,-706,-418,-118,191,490,742,936,1044,1080,1026,893,693,441,161,-137,-441,-707,-903,-1050,-1120,-1098,-1000,-811,-561,-264,67,394,691,957,1139,1230,1231,1126,931,655,325,-50,-429,-774,-1072,-1279,-1383,-1381,-1254,-1018,-690,-304,113,544,913,1216,1408,1485,1442,1256,967,596,179,-273,-689,-1041,-1317,-1460,-1487,-1378,-1139,-820,-428,-3,405,791,1089,1302,1379,1343,1194,950,623,265,-112,-486,-793,-1027,-1168,-1205,-1143,-994,-771,-488,-169,146,442,683,867,986,1012,970,843,658,425,176,-90,-312,-449,-124,-607,-404,143,365,567,714,807,846,812,721,584,397,176,-41,-267,-473,-629,-745,-813,-812,-752,-645,-485,-270,-45,189,407,604,762,843,866,816,698,526,313,56,-208,-448,-651,-800,-889,-885,-812,-673,-474,-248,11,247,472,655,774,823,813,724,580,400,182,-41,-248,-437,-576,-666,-707,-693,-617,-484,-331,-157,26,201,353,464,536,568,546,486,400,285,141,6,-128,-247,-343,-403,-430,-424,-389,-322,-240,-148,-38,80,162,229,284,304,302,277,239,179,120,52,-9,-66,-103,-136,-145,-152,-149,-141,-127,-113,-113,-104,-81,-53,-26,-2,35,77,114,158,183,204,219,210,171,321,88,9,-60,-127,-191,-240,-266,-271,-266,-230,-184,-116,-50,28,106,171,225,267,293,298,288,255,204,144,65,-20,-115,-200,-283,-349,-390,-413,-397,-360,-310,-192,-60,74,226,369,495,581,622,623,561,445,265,64,-152,-389,-587,-748,-858,-883,-824,-689,-463,-190,109,417,696,905,1034,1080,1002,823,568,254,-96,-438,-737,-968,-1103,-1131,-1047,-861,-595,-276,75,421,710,915,1044,1071,993,812,561,264,-47,-345,-608,-808,-926,-945,-875,-718,-500,-244,28,292,521,683,786,800,741,614,419,191,-53,-281,-478,-615,-686,-674,-579,-417,-204,24,243,414,512,519,436,295,121,-822,-859,347,7,191,204,291,326,305,228,99,-55,-208,-343,-425,-443,-426,-344,-208,-58,108,257,386,470,503,481,406,288,137,-32,-195,-332,-439,-502,-507,-458,-374,-242,-94,61,211,333,413,445,446,403,310,205,82,-40,-144,-227,-290,-318,-320,-297,-252,-187,-114,-56,4,61,99,134,154,174,185,185,188,179,161,131,100,52,-5,-56,-117,-181,-223,-273,-297,-276,-248,-200,-139,-69,14,115,202,270,335,368,374,354,304,236,139,29,-93,-209,-308,-409,-482,-498,-490,-444,-354,-227,-85,78,251,414,548,634,681,664,592,467,288,81,-153,-389,-585,-747,-859,-872,-813,-688,-495,-251,374,323,579,791,944,1022,994,882,689,429,125,-193,-494,-767,-978,-1090,-1104,-1025,-858,-608,-314,13,339,624,871,1023,1091,1078,971,791,549,272,-28,-329,-601,-826,-983,-1061,-1070,-1003,-842,-630,-370,-60,250,548,814,1014,1142,1181,1118,985,765,464,126,-226,-573,-874,-1115,-1269,-1325,-1261,-1103,-847,-514,-138,265,660,998,1255,1409,1457,1368,1158,848,460,46,-403,-813,-1148,-1376,-1492,-1478,-1325,-1071,-720,-300,133,567,929,1209,1392,1440,1375,1191,903,540,134,-262,-634,-948,-1162,-1264,-1281,-1181,-977,-707,-379,-34,309,611,860,1023,1098,1084,988,814,589,309,19,-260,-511,-715,-853,-922,-939,-445,-302
10447,mtk,MTK 7916,4079343839,rx0-tx1,512,459,510,676,522,729,886,984,992,920,769,548,287,-20,-333,-613,-854,-1026,-1121,-1119,-1021,-841,-585,-276,67,405,720,975,1153,1235,1216,1093,877,581,235,-134,-495,-821,-1078,-1250,-1310,-1265,-1121,-872,-554,-188,200,565,883,1135,1290,1334,1269,1105,848,519,151,-231,-590,-901,-1129,-1274,-1303,-1232,-1061,-805,-483,-130,233,578,864,1086,1211,1241,1170,1014,771,471,140,-204,-528,-798,-996,-1120,-1158,-1104,-964,-745,-476,-176,144,438,697,906,1036,1084,1042,925,736,494,211,-81,-358,-610,-816,-949,-1006,-997,-904,-735,-528,-264,11,283,532,736,884,970,975,906,760,562,320,53,-217,-476,-713,-873,-972,-430,-940,-804,-601,-352,-67,225,500,737,914,1017,1037,962,808,589,314,5,-304,-587,-814,-975,-1056,-1038,-936,-751,-499,-205,107,410,667,869,994,1025,974,839,621,358,71,-219,-490,-706,-855,-934,-919,-832,-676,-468,-217,39,280,491,657,755,794,766,668,524,338,131,-70,-266,-431,-548,-623,-647,-614,-539,-421,-266,-103,64,222,353,460,520,533,506,442,342,221,77,-57,-186,-288,-366,-421,-433,-409,-356,-276,-181,-69,44,148,240,309,343,356,342,301,230,133,36,-60,-149,-225,-277,-308,-309,-283,-235,-155,-63,37,132,206,262,286,270,220,142,51,-43,-123,-176,-190,-88,156,279,507,1324,234,168,42,-104,-247,-359,-426,-426,-368,-259,-112,51,209,349,445,499,499,446,346,211,54,-114,-274,-407,-511,-565,-564,-517,-417,-276,-109,74,265,425,561,646,680,643,552,411,221,10,-209,-427,-597,-728,-794,-791,-709,-559,-351,-106,146,404,628,797,892,902,842,690,473,209,-75,-353,-596,-788,-911,-949,-898,-762,-550,-300,-21,255,505,713,842,896,867,760,588,365,123,-124,-353,-544,-686,-757,-771,-715,-599,-427,-241,-39,162,336,483,584,627,623,570,472,336,189,35,-119,-257,-378,-459,-498,-503,-473,-413,-327,-214,-94,37,155,260,347,407,438,441,411,352,230,166,58,-65,-174,-275,-362,-422,-454,-451,-411,-343,-248,-125,8,131,248,355,431,474,471,444,378,285,160,28,-99,-225,-331,-404,-449,-461,-439,-380,-298,-198,-78,39,153,256,335,384,416,418,389,340,270,175,70,-35,-138,-232,-313,-381,-425,-435,-417,-375,-297,-204,-97,27,152,270,375,445,492,507,480,418,329,205,64,-87,-235,-371,-476,-555,-589,-578,-520,-419,-289,-130,40,197,355,484,585,633,632,589,500,363,214,33,-154,-320,-473,-589,-662,-688,-664,-589,-462,-299,-107,96,289,470,620,723,774,757,691,563,391,179,-50,-276,-495,-663,-799,-868,-860,-788,-1441,-910,217,464,271,799,624,405,140,-150,-433,-689,-884,-1016,-1075,-1029,-904,-699,-433,-126,202,520,794,1011,1144,1184,1123,971,733,427,78,-276,-616,-908,-1127,-1251,-1271,-1190,-1007,-734,-396,-21,348,698,996,1208,1325,1322,1205,993,706,352,-31,-410,-749,-1034,-1225,-1321,-1303,-1181,-959,-668,-321,59,419,750,1013,1195,1273,1258,1133,920,635,301,-52,-394,-699,-950,-1115,-1201,-1190,-1078,-879,-617,-314,12,332,627,860,1020,1109,1106,1017,854,617,340,36,-265,-538,-770,-936,-1033,-1041,-973,-837,-631,-375,-100,184,458,679,854,966,995,952,832,646,421,158,-118,-382,-617,-800,-928,-979,-954,-865,-693,-464,-210,-1099,348,608,810,951,1016,998,896,715,475,193,-111,-405,-662,-866,-1005,-1056,-1016,-885,-677,-414,-109,201,493,745,928,1029,1044,961,799,571,287,-18,-315,-586,-799,-932,-987,-956,-843,-657,-424,-151,129,384,601,765,854,861,801,680,498,281,56,-176,-379,-546,-665,-718,-712,-653,-532,-381,-208,-23,154,310,448,542,584,582,526,439,313,165,11,-131,-266,-370,-447,-481,-471,-430,-351,-258,-137,-6,111,214,296,355,390,383,348,289,203,108,7,-95,-187,-264,-312,-332,-327,-292,-229,-150,-63,37,125,205,264,292,295,264,203,127,28,-71,-155,-216,-243,-233,-188,-115,-32,661,691,581,-1554,-1064,-165,-279,-348,-358,-307,-201,-54,111,260,379,456,472,438,345,216,63,-101,-257,-388,-481,-530,-529,-475,-379,-236,-65,105,269,418,531,595,614,574,481,339,162,-38,-240,-420,-582,-693,-740,-723,-632,-480,-290,-63,179,415,617,769,846,849,778,624,412,151,-115,-375,-613,-793,-908,-938,-878,-728,-515,-253,29,306,565,762,886,929,885,767,573,329,62,-203,-443,-639,-769,-832,-823,-738,-595,-399,-181,43,263,453,594,674,707,669,588,462,297,116,-63,-232,-378,-485,-549,-572,-545,-479,-382,-257,-121,17,153,270,365,427,461,464,429,372,287,181,69,-50,-162,-264,-198,-410,-442,-445,-408,-353,-265,-158,-38,90,208,312,397,456,471,450,404,323,214,82,-52,-180,-299,-392,-456,-477,-466,-423,-337,-231,-115,9,134,251,339,405,436,433,408,354,267,173,69,-45,-149,-239,-320,-376,-408,-413,-392,-346,-280,-193,-87,27,135,242,335,400,448,465,447,402,320,213,90,-48,-187,-310,-418,-500,-545,-546,-507,-428,-318,-182,-23,141,299,431,531,595,606,584,515,403,256,83,-93,-261,-422,-542,-621,-668,-649,-589,-485,-336,-162,27,217,396,548,658,721,724,679,583,438,252,38,-180,-383,-567,-703,-794,-818,-787,-684,-525,-329,-85,160,401,-773,-1348
10448,mtk,MTK 7916,4079343839,rx1-tx0,512,154,-1594,-918,-432,-345,-220,-67,88,238,360,442,477,473,414,320,200,56,-95,-239,-351,-438,-482,-477,-422,-336,-209,-62,87,227,359,451,500,512,467,378,263,116,-44,-205,-349,-465,-544,-573,-551,-478,-367,-211,-31,139,316,470,587,651,662,606,501,346,154,-59,-268,-462,-614,-727,-769,-746,-654,-498,-305,-72,169,410,613,764,855,865,795,657,457,210,-60,-324,-559,-747,-872,-910,-881,-762,-580,-347,-77,178,430,640,795,870,876,810,680,500,275,32,-207,-432,-615,-740,-814,-821,-774,-660,-499,-304,-82,150,368,560,714,821,867,847,749,599,396,159,-98,-363,-608,-808,-944,231,-998,-897,-712,-472,-162,156,466,768,995,1142,1198,1143,987,740,415,50,-330,-691,-997,-1221,-1346,-1341,-1221,-995,-666,-276,152,574,935,1228,1415,1482,1415,1224,907,508,60,-393,-804,-1161,-1417,-1545,-1542,-1406,-1125,-759,-315,154,614,1036,1362,1561,1633,1565,1350,1008,579,87,-414,-883,-1285,-1564,-1704,-1690,-1523,-1206,-780,-266,272,790,1228,1555,1722,1725,1572,1256,818,305,-235,-745,-1166,-1470,-1632,-1615,-1450,-1135,-724,-257,223,665,1021,1277,1393,1368,1210,942,599,204,-196,-573,-880,-1082,-1174,-1144,-998,-757,-449,-95,258,562,817,963,991,906,709,430,99,-233,-515,-705,-772,-703,-524,-276,-17,-1295,-1813,-388,885,873,387,310,129,-103,-339,-537,-655,-677,-596,-430,-189,64,331,563,725,808,798,695,514,278,12,-267,-526,-744,-887,-928,-895,-769,-558,-282,32,339,629,863,1031,1093,1051,906,671,360,15,-342,-689,-970,-1153,-1245,-1217,-1073,-820,-484,-99,311,691,1027,1264,1378,1376,1243,995,646,228,-217,-643,-1021,-1303,-1467,-1491,-1392,-1150,-796,-365,104,556,966,1291,1492,1543,1466,1242,907,497,39,-417,-831,-1162,-1391,-1491,-1444,-1270,-995,-633,-212,196,598,937,1194,1353,1376,1285,1086,791,444,62,-317,-672,-960,-1166,-1273,-1276,-1174,-970,-687,-360,4,371,697,963,1150,1241,1227,1118,916,634,312,-37,-49,-722,-991,-1190,-1275,-1268,-1150,-935,-640,-286,99,483,828,1118,1319,1404,1368,1208,946,592,179,-256,-673,-1052,-1334,-1488,-1516,-1415,-1170,-821,-397,65,525,930,1260,1465,1544,1479,1277,964,564,111,-341,-758,-1099,-1338,-1454,-1441,-1296,-1036,-695,-307,118,518,860,1125,1281,1332,1252,1072,796,456,91,-273,-609,-885,-1074,-1166,-1154,-1053,-858,-595,-287,44,358,630,841,975,1034,989,865,673,421,131,-154,-424,-648,-813,-905,-901,-823,-673,-466,-225,36,282,498,662,757,788,745,627,466,258,34,-185,-385,-541,-641,-678,-645,-560,-426,-249,-65,125,300,440,536,579,564,490,377,225,65,-104,-417,93,843,-1039,-1775,239,361,453,493,484,431,334,200,55,-99,-245,-357,-441,-483,-474,-416,-323,-202,-59,92,232,352,442,487,481,440,354,224,85,-68,-225,-350,-454,-517,-536,-503,-428,-312,-166,6,179,339,469,567,603,597,542,432,275,94,-102,-296,-466,-603,-689,-712,-674,-579,-425,-231,-3,222,440,614,745,811,806,731,581,381,141,-122,-372,-592,-764,-874,-903,-847,-714,-516,-269,-4,260,506,699,843,899,886,800,639,421,170,-87,-331,-545,-715,-823,-859,-828,-733,-576,-384,-163,70,294,498,657,767,823,816,747,621,452,244,13,-230,-463,-658,-812,-898,-921,-874,-749,-556,-311,-568,255,545,783,970,1085,1092,1027,858,601,298,-46,-405,-733,-1006,-1191,-1276,-1251,-1115,-874,-554,-166,244,634,976,1237,1386,1420,1312,1098,784,395,-45,-483,-888,-1216,-1434,-1526,-1479,-1307,-1023,-632,-191,268,718,1110,1398,1571,1585,1480,1238,884,454,-24,-514,-962,-1323,-1568,-1686,-1639,-1454,-1127,-694,-196,321,823,1244,1562,1732,1736,1573,1259,827,303,-240,-768,-1213,-1532,-1691,-1689,-1521,-1209,-789,-286,227,704,1105,1378,1518,1504,1334,1049,670,232,-207,-612,-938,-1167,-1276,-1257,-1118,-859,-530,-165,209,548,822,1005,1082,1030,882,636,316,-31,-363,-646,-832,-910,-853,-680,-417,-106,194,429,557,566,1413,636,-31,-564,69,-208,-385,-522,-564,-507,-352,-130,132,382,592,717,752,704,550,331,71,-203,-458,-664,-805,-867,-844,-729,-534,-263,26,310,588,813,962,1009,962,827,608,319,-19,-357,-670,-930,-1104,-1172,-1144,-998,-739,-413,-46,338,701,1004,1218,1323,1307,1161,907,550,150,-273,-679,-1026,-1283,-1431,-1443,-1323,-1082,-727,-296,166,608,1003,1303,1491,1538,1439,1212,860,421,-39,-502,-919,-1246,-1456,-1534,-1468,-1264,-947,-562,-115,326,732,1066,1310,1420,1412,1291,1043,725,336,-78,-464,-815,-1084,-1259,-1326,-1283,-1135,-892,-576,-212,162,521,835,1071,1217,1271,1207,1045,802,496,147,-207,-549,-852,-1079,-1212,-1258,425,-1037,-794,-478,-122,239,600,909,1150,1298,1336,1258,1076,807,451,47,-372,-759,-1085,-1323,-1444,-1444,-1319,-1074,-716,-292,153,595,995,1298,1488,1543,1450,1232,900,482,21,-443,-861,-1195,-1423,-1519,-1471,-1297,-1004,-632,-205,228,646,991,1239,1380,1397,1280,1062,752,382,-14,-399,-735,-1007,-1179,-1246,-1210,-1070,-833,-534,-194,144,467,750,953,1071,1093,1016,861,630,357,49,-256,-522,-744,-905,-970,-948,-850,-681,-456,-189,91,347,569,732,828,849,786,657,472,252,15,-230,-433,-592,-701,-734,-700,-603,-450,-263,-54,150,334,489,585,622,605,530,405,247,68,-118,-281,-415,-501,-535,-531,-980,-1051
10449,mtk,MTK 7916,4079343839,rx1-tx1,512,0,0,0,95,211,288,302,245,140,4,-141,-261,-315,-297,-211,-74,80,215,300,318,256,130,-20,-169,-283,-331,-303,-195,-29,138,260,331,323,232,85,-84,-246,-351,-361,-292,-147,38,212,343,399,354,223,32,-166,-328,-420,-404,-294,-118,101,302,423,444,364,194,-27,-242,-404,-472,-426,-279,-70,158,354,467,466,360,171,-65,-286,-442,-497,-424,-255,-38,188,377,474,459,347,156,-78,-285,-423,-470,-411,-259,-52,166,333,421,417,322,159,-29,-198,-322,-372,-332,-220,-77,74,198,268,276,229,138,19,-85,-151,-174,-162,-120,-57,16,69,86,78,60,32,9,-4,-10,0,15,18,16,8,-17,-52,-86,-105,-96,-54,-1,57,115,148,147,112,44,-37,-105,-155,-172,-153,-90,-2,79,139,165,146,96,19,-73,-146,-164,-136,-77,13,108,172,188,153,67,-46,-168,-259,-277,-223,-107,46,210,349,417,380,250,57,-169,-380,-521,-564,-468,-258,21,314,553,683,680,525,249,-86,-420,-674,-786,-735,-530,-202,170,511,738,810,708,471,130,-237,-552,-744,-773,-641,-370,-26,306,568,702,674,502,228,-88,-374,-572,-639,-558,-366,-102,178,418,573,591,472,261,1,-259,-459,-564,-557,-435,-235,2,238,422,532,544,466,327,150,-32,-179,-280,0,0,0,0,0,-39,-2,45,99,145,179,188,158,94,12,-81,-175,-238,-257,-236,-165,-52,79,203,289,323,291,193,48,-118,-272,-360,-380,-331,-202,-17,181,347,448,457,355,170,-55,-284,-463,-540,-504,-362,-137,127,370,546,614,539,343,64,-231,-476,-620,-635,-521,-296,5,311,545,647,609,439,175,-129,-405,-587,-635,-537,-308,-21,266,501,613,578,420,155,-143,-403,-561,-601,-500,-284,-2,277,490,585,547,386,135,-152,-394,-532,-546,-432,-223,31,279,457,522,460,291,57,-185,-379,-474,-452,-319,-110,129,328,439,442,334,145,-79,-296,-440,-465,-374,-195,41,279,447,507,0,278,28,-236,-449,-560,-538,-386,-143,141,400,568,607,505,279,-21,-316,-540,-650,-611,-432,-153,164,442,622,658,539,308,7,-305,-543,-654,-613,-433,-153,165,430,594,629,518,286,-10,-296,-522,-609,-554,-385,-128,160,401,545,561,455,240,-21,-264,-441,-517,-475,-317,-89,150,339,453,461,360,183,-24,-226,-368,-419,-373,-249,-73,107,261,354,370,306,176,13,-143,-260,-306,-294,-232,-115,26,144,223,255,236,175,85,-7,-95,-159,-196,-192,-163,-108,-34,37,97,146,170,169,131,80,11,-67,-133,-175,-190,-169,-121,-46,46,137,201,232,214,150,55,-56,-161,0,0,0,0,0,-277,-202,-84,53,177,271,313,281,179,35,-112,-236,-308,-307,-231,-110,37,188,293,324,286,171,12,-149,-280,-338,-313,-220,-73,99,251,342,349,262,111,-69,-234,-346,-384,-330,-189,-4,195,348,415,389,261,71,-129,-309,-421,-436,-342,-156,68,271,413,462,400,237,25,-203,-387,-470,-440,-315,-118,112,316,449,481,392,208,-22,-245,-406,-479,-447,-308,-94,139,334,455,472,378,203,-12,-229,-390,-457,-419,-295,-109,99,271,373,398,339,202,31,-132,-254,-311,-300,-230,-109,22,134,209,227,197,136,50,-38,-105,-130,-126,-99,-46,2,27,36,35,24,10,0,3,12,31,57,71,58,26,-16,-65,-105,-122,-119,-82,-19,52,117,164,167,128,64,-19,-99,-155,-171,-144,-94,-19,69,138,165,144,84,6,-80,-145,-164,-134,-59,40,136,200,217,177,83,-50,-187,-301,-345,-296,-171,9,207,386,483,471,348,145,-113,-364,-554,-637,-581,-390,-99,215,499,696,745,632,386,43,-320,-612,-781,-793,-635,-343,20,382,658,792,763,567,259,-102,-435,-664,-740,-663,-451,-144,195,477,638,659,548,314,15,-275,-495,-608,-581,-421,-178,98,346,515,578,516,345,110,-145,-371,-524,-573,-517,-370,-166,55,255,403,472,464,398,295,0,0,0,0,0,-98,-121,-126,-115,-83,-25,52,133,194,226,218,169,88,-15,-130,-231,-286,-284,-229,-125,14,165,287,349,347,261,111,-56,-222,-361,-421,-387,-265,-80,131,329,467,505,435,270,41,-215,-437,-567,-571,-454,-241,25,301,528,640,608,439,185,-119,-400,-591,-653,-570,-366,-84,217,470,622,630,498,252,-52,-341,-546,-629,-564,-370,-92,208,452,597,608,475,223,-73,-343,-541,-607,-530,-338,-71,212,438,562,554,414,177,-94,-336,-498,-544,-455,-263,-20,225,412,494,449,303,86,-148,-343,-454,-446,-328,-127,106,308,434,455,358,161,-75,-295,-452,-495,-405,-219,10,0,448,531,491,334,87,-185,-421,-565,-584,-457,-210,79,354,560,632,559,355,58,-247,-494,-636,-643,-494,-219,97,390,600,666,583,374,72,-246,-504,-639,-625,-475,-217,78,351,551,623,544,341,63,-227,-455,-577,-565,-415,-181,84,329,495,544,465,283,36,-210,-408,-494,-470,-351,-148,89,290,421,455,378,220,21,-172,-317,-389,-384,-288,-134,40,192,300,338,299,198,62,-77,-199,-278,-294,-243,-152,-37,78,162,216,224,189,128,45,-37,-111,-161,-177,-169,-134,-78,-13,53,114,157,174,166,130,68,-8,-91,-157,-203,-203,-169,-99,2,101,187,245,247,188,0,0
10450,mtk,MTK 7916,4079343839,rx2-tx0,512,0,0,0,235,-14,-267,-456,-533,-479,-302,-47,224,443,555,528,370,115,-169,-415,-561,-566,-433,-182,117,382,554,599,492,250,-54,-344,-557,-630,-541,-316,-9,305,550,655,597,383,67,-270,-543,-684,-651,-448,-135,221,531,720,727,547,219,-168,-519,-748,-787,-630,-317,86,476,753,851,737,436,18,-413,-754,-911,-852,-583,-162,306,708,944,949,720,319,-164,-625,-932,-1014,-860,-498,-8,491,873,1048,975,670,203,-313,-754,-1017,-1036,-801,-384,123,602,933,1038,898,545,66,-425,-813,-1000,-946,-675,-244,244,664,922,960,764,383,-78,-511,-814,-918,-798,-488,-58,379,708,860,803,0,156,-260,-618,-815,-803,-600,-251,160,535,779,819,662,344,-64,-459,-744,-849,-739,-447,-42,366,692,853,805,560,178,-254,-629,-853,-872,-681,-323,116,531,818,911,789,475,53,-392,-750,-922,-877,-626,-226,229,630,885,930,751,392,-59,-497,-817,-939,-840,-543,-119,333,706,914,914,695,312,-138,-554,-831,-918,-802,-499,-80,347,691,869,850,639,282,-130,-505,-758,-833,-714,-445,-82,293,588,739,724,543,242,-107,-421,-628,-684,-593,-366,-65,237,481,608,595,457,224,-56,-318,-507,-580,-522,-360,-133,117,339,486,530,472,335,145,-59,-243,-377,-437,-419,-345,-235,-108,0,0,0,0,0,293,226,110,-49,-224,-380,-487,-515,-449,-294,-73,178,401,554,605,534,340,67,-226,-487,-655,-682,-554,-299,33,374,647,785,752,545,204,-201,-576,-836,-917,-791,-483,-49,418,807,1029,1020,785,365,-153,-655,-1025,-1178,-1064,-708,-185,389,889,1206,1258,1027,561,-37,-636,-1098,-1316,-1242,-883,-325,301,860,1228,1320,1115,657,48,-569,-1050,-1287,-1230,-895,-359,253,804,1162,1247,1051,610,32,-538,-974,-1184,-1117,-786,-278,294,785,1084,1125,902,469,-65,-574,-944,-1087,-970,-624,-140,371,792,1019,1002,745,321,-180,-631,-920,-989,-824,-466,-3,453,795,945,870,585,158,-295,-670,-886,0,-675,-303,141,545,811,882,740,422,6,-405,-716,-851,-785,-530,-150,253,590,784,783,590,270,-113,-466,-692,-749,-626,-354,-9,330,586,688,624,408,95,-229,-485,-616,-594,-421,-150,151,398,537,546,418,183,-89,-326,-472,-498,-392,-190,58,282,427,451,356,174,-48,-258,-394,-420,-340,-163,60,259,390,417,331,161,-55,-256,-392,-425,-343,-178,34,237,381,428,356,196,-14,-223,-376,-428,-368,-216,-6,203,361,430,385,238,31,-184,-350,-428,-393,-256,-57,161,333,421,407,284,83,-141,-331,-433,-421,-307,-112,118,314,428,440,341,145,-89,-303,-440,-469,-380,-194,0,0,0,0,0,463,517,448,266,17,-245,-456,-549,-506,-341,-85,198,432,560,553,403,153,-143,-408,-566,-587,-464,-222,79,359,550,607,513,284,-23,-330,-557,-645,-567,-345,-38,286,548,674,625,415,97,-249,-539,-703,-689,-498,-172,197,523,725,751,583,267,-126,-499,-751,-821,-684,-372,38,449,759,887,796,505,82,-367,-732,-937,-911,-653,-237,240,672,947,996,803,414,-82,-562,-912,-1041,-921,-587,-107,406,822,1037,1008,740,291,-226,-689,-988,-1050,-861,-472,26,515,876,1029,937,618,158,-332,-741,-968,-955,-716,-315,159,592,872,935,777,436,-7,-442,-762,-888,-797,-516,-114,313,0,837,805,575,207,-210,-571,-796,-819,-635,-298,111,490,749,828,701,396,-10,-412,-715,-850,-776,-501,-107,318,670,866,849,628,255,-186,-587,-842,-902,-743,-399,38,467,787,918,835,555,137,-314,-692,-906,-901,-683,-302,154,574,859,938,796,470,36,-413,-766,-934,-878,-617,-211,238,629,883,932,759,409,-27,-449,-768,-908,-839,-582,-190,240,604,826,848,679,365,-27,-397,-679,-801,-731,-497,-163,197,500,687,712,569,302,-18,-325,-554,-655,-600,-418,-152,145,403,564,594,495,292,32,-225,-428,-535,-531,-422,-236,-9,218,390,484,491,416,275,103,-61,-194,-280,-314,0,0,0,0,0,178,303,394,433,405,298,126,-79,-286,-459,-555,-545,-424,-213,49,313,525,635,608,447,184,-131,-435,-658,-741,-654,-416,-79,293,616,813,837,666,335,-87,-512,-838,-989,-919,-629,-194,298,748,1045,1111,932,539,14,-529,-967,-1201,-1171,-875,-377,219,773,1157,1298,1147,734,149,-475,-990,-1287,-1297,-1011,-497,127,719,1152,1320,1188,793,217,-406,-927,-1236,-1254,-983,-489,114,672,1070,1227,1088,700,155,-415,-885,-1142,-1128,-854,-381,179,687,1021,1111,942,555,39,-479,-874,-1055,-992,-698,-232,275,704,965,993,787,397,-87,-543,-865,-974,-848,-525,-83,375,738,921,878,629,234,0,-610,-848,-885,-712,-366,65,477,765,871,767,478,83,-324,-649,-818,-788,-567,-211,184,525,742,771,618,320,-53,-405,-645,-726,-631,-390,-56,281,540,658,610,416,130,-181,-440,-579,-568,-420,-174,110,357,507,521,404,187,-69,-302,-448,-472,-376,-184,53,266,400,431,346,172,-51,-257,-389,-418,-334,-159,57,258,385,414,337,168,-43,-248,-390,-423,-352,-186,31,235,380,428,364,208,3,-213,-371,-429,-376,-230,-21,191,355,427,388,249,47,-165,-342,-425,-396,-270,-73,146,329,426,415,294,98,-127,-322,-430,-430,-321,-128,99,305,436,457,355,165,-69,-291,-445,0,0
10451,mtk,MTK 7916,4079343839,rx2-tx1,512,0,0,0,-179,-98,4,96,152,170,157,106,28,-50,-113,-147,-141,-102,-42,26,85,125,139,112,59,-4,-74,-130,-157,-146,-100,-31,48,116,166,182,156,97,14,-78,-156,-205,-217,-184,-104,3,111,204,255,255,204,108,-20,-153,-259,-310,-298,-223,-95,69,215,315,354,319,212,52,-133,-299,-393,-406,-332,-179,22,224,381,453,424,307,119,-108,-319,-465,-502,-420,-247,-15,227,425,534,515,376,152,-106,-344,-515,-567,-483,-292,-35,239,466,578,554,402,160,-121,-377,-549,-589,-495,-287,-6,273,494,604,573,398,127,-171,-434,-597,-621,-504,-264,52,355,574,657,587,0,72,-253,-529,-679,-668,-509,-225,122,444,669,742,643,387,35,-321,-611,-772,-755,-559,-237,140,492,740,817,702,425,49,-345,-657,-811,-782,-572,-228,174,532,774,844,713,408,2,-399,-711,-869,-824,-584,-212,212,597,841,892,738,416,-3,-420,-747,-900,-848,-611,-238,197,589,839,895,753,448,41,-377,-704,-866,-835,-620,-266,146,522,767,835,721,446,76,-302,-606,-769,-762,-585,-277,81,418,655,739,661,440,119,-215,-492,-656,-673,-549,-311,-9,287,513,628,600,450,216,-58,-314,-497,-578,-540,-398,-189,47,269,431,504,489,397,244,64,-108,-239,-316,-336,-310,0,0,0,0,0,52,2,-56,-117,-171,-199,-198,-163,-94,-2,101,195,253,266,228,137,15,-110,-229,-306,-321,-262,-141,12,172,306,378,368,279,120,-76,-270,-419,-476,-430,-282,-60,190,405,541,570,468,256,-19,-306,-544,-665,-650,-497,-222,119,441,678,783,711,475,134,-241,-578,-801,-859,-721,-422,-27,379,704,881,872,677,321,-118,-530,-828,-943,-845,-557,-153,278,655,892,927,751,411,-20,-445,-772,-925,-875,-618,-220,227,617,875,929,769,437,8,-422,-752,-912,-868,-625,-239,199,590,851,912,754,431,17,-402,-725,-880,-835,-599,-227,194,562,799,856,703,380,-18,-406,-716,0,-779,-525,-154,254,603,812,824,640,306,-105,-491,-755,-848,-751,-477,-79,341,677,856,833,616,263,-156,-551,-818,-892,-758,-447,-33,393,724,890,850,614,232,-197,-583,-835,-888,-735,-420,-7,407,724,873,818,567,197,-210,-572,-796,-824,-671,-364,26,398,675,793,723,482,130,-239,-545,-723,-724,-556,-262,81,406,633,708,613,376,59,-267,-527,-659,-638,-467,-188,129,406,581,628,531,311,31,-253,-480,-589,-563,-409,-169,106,347,504,541,457,271,34,-201,-383,-474,-460,-344,-152,56,243,373,410,359,233,57,-124,-263,-336,-345,-278,-144,8,146,250,289,262,181,0,0,0,0,0,-120,-182,-202,-169,-102,-19,66,128,159,150,105,38,-36,-101,-138,-135,-99,-47,13,76,129,144,121,74,11,-61,-126,-160,-159,-123,-60,18,97,157,191,186,139,58,-43,-142,-208,-238,-221,-150,-43,76,183,258,285,253,160,27,-118,-249,-333,-345,-274,-143,16,181,313,383,372,275,116,-79,-262,-395,-438,-384,-247,-43,175,352,457,471,370,176,-54,-281,-448,-516,-474,-317,-89,160,387,528,548,432,218,-43,-300,-496,-583,-531,-357,-102,181,420,563,585,469,231,-59,-333,-532,-606,-540,-347,-70,229,472,605,593,444,185,-118,-391,-584,-644,-545,-314,-6,310,0,668,627,444,153,-186,-490,-678,-707,-579,-310,44,388,638,757,700,474,137,-236,-559,-762,-790,-631,-324,55,425,709,825,747,503,135,-269,-606,-807,-821,-643,-321,77,462,739,850,759,489,107,-307,-655,-853,-857,-665,-314,112,514,796,896,802,520,106,-322,-667,-873,-884,-692,-340,82,488,779,896,809,542,149,-268,-612,-820,-848,-684,-362,38,412,680,805,753,521,178,-205,-530,-720,-746,-614,-361,-29,311,568,698,671,488,212,-107,-394,-587,-653,-585,-392,-120,171,420,572,602,510,320,67,-188,-398,-525,-546,-466,-306,-97,113,287,404,451,423,332,205,73,-52,0,0,0,0,0,120,150,156,133,83,12,-72,-150,-211,-242,-227,-161,-66,41,154,246,288,273,203,84,-64,-202,-307,-347,-313,-208,-48,134,296,395,413,346,192,-18,-232,-407,-505,-498,-378,-154,114,366,557,625,561,374,94,-221,-497,-676,-722,-609,-350,-5,356,653,811,793,609,284,-114,-489,-765,-882,-809,-554,-175,254,628,862,919,769,447,28,-411,-757,-930,-905,-674,-291,150,558,844,940,824,522,102,-341,-701,-899,-894,-692,-331,109,527,823,929,823,531,121,-316,-678,-885,-890,-698,-339,93,500,789,892,794,522,123,-300,-647,-847,-850,-653,-309,101,487,754,847,738,457,0,-340,-661,-827,-804,-592,-233,183,550,783,837,695,386,-18,-416,-719,-857,-798,-547,-162,262,622,839,863,694,359,-68,-479,-786,-904,-810,-530,-127,305,663,866,876,682,326,-102,-500,-783,-882,-778,-505,-115,307,649,833,829,638,293,-119,-491,-738,-813,-704,-435,-65,314,608,753,721,524,202,-161,-476,-677,-718,-583,-319,12,339,587,688,624,420,124,-197,-468,-628,-641,-507,-255,52,338,540,613,547,361,100,-183,-419,-554,-561,-443,-226,32,272,440,509,464,316,103,-127,-318,-430,-448,-367,-203,-4,185,325,385,357,259,101,-70,-206,-298,-325,-271,-162,-29,98,204,0,0
10452,mtk,MTK 7916,4079477200,rx0-tx0,512,-360,280,114,228,352,472,568,653,723,765,786,795,780,741,682,607,518,414,295,172,42,-94,-234,-359,-471,-579,-673,-745,-795,-825,-832,-810,-764,-693,-596,-479,-347,-210,-58,94,243,387,510,618,714,774,807,811,786,749,685,591,486,367,246,109,-24,-138,-253,-353,-444,-520,-568,-606,-617,-609,-588,-546,-495,-433,-359,-269,-191,-112,-24,63,138,196,264,309,351,380,393,400,401,391,366,338,291,239,196,137,84,25,-33,-78,-126,-168,-199,-219,-233,-245,-236,-228,-203,-183,-161,-135,-118,-98,-71,-53,-36,-26,-24,-17,-10,1,10,14,25,32,47,70,81,102,124,140,-588,169,175,177,176,167,153,135,122,92,67,35,5,-16,-49,-77,-101,-129,-152,-178,-200,-218,-238,-249,-253,-258,-258,-252,-244,-223,-199,-166,-115,-68,-6,58,132,223,289,367,441,499,551,586,599,583,551,501,425,319,194,55,-95,-253,-406,-548,-677,-783,-871,-919,-925,-900,-839,-730,-592,-431,-250,-47,164,362,539,711,853,953,1014,1039,1014,950,846,706,539,360,169,-31,-228,-402,-567,-704,-806,-876,-911,-906,-867,-790,-689,-554,-413,-254,-81,78,234,373,492,589,662,701,709,693,644,569,467,342,199,51,-94,-231,-349,-455,-521,-543,-526,-465,-372,-254,-124,-5,508,485,139,12,20,-253,-271,-258,-215,-150,-64,35,133,224,307,375,409,423,411,374,321,240,154,61,-41,-142,-237,-315,-383,-431,-456,-458,-439,-398,-354,-288,-203,-118,-30,59,142,225,291,332,367,371,367,357,322,279,227,166,107,53,3,-33,-74,-103,-120,-129,-126,-126,-122,-118,-119,-111,-108,-106,-105,-118,-133,-140,-154,-169,-172,-166,-160,-140,-123,-91,-54,-19,28,80,128,181,233,276,316,344,365,379,384,374,352,315,264,207,144,58,-23,-104,-197,-280,-370,-452,-520,-564,-599,-618,-619,-592,-542,-484,-402,-295,-173,-43,95,236,381,514,627,723,801,851,876,866,823,753,-291,525,378,208,33,-149,-330,-506,-657,-800,-910,-984,-1040,-1054,-1020,-961,-864,-734,-578,-400,-219,-28,161,347,518,666,803,903,977,1014,1023,1001,950,883,791,668,531,388,228,58,-110,-281,-439,-589,-727,-845,-941,-1018,-1057,-1070,-1059,-1026,-954,-840,-712,-552,-380,-200,-2,205,401,583,754,916,1047,1153,1226,1261,1246,1198,1104,989,829,642,430,211,-24,-277,-503,-717,-906,-1061,-1196,-1277,-1322,-1323,-1282,-1197,-1067,-902,-714,-493,-268,-35,199,421,630,805,949,1075,1153,1184,1183,1144,1066,951,817,661,490,310,122,-64,-241,-407,-552,-679,-780,-854,-914,-933,-925,-893,-840,-761,-658,-544,4,-1,-124,-497,-556,783,736,667,574,476,353,225,102,-22,-151,-279,-397,-504,-600,-679,-740,-777,-798,-800,-773,-723,-661,-573,-468,-343,-213,-75,68,212,350,484,602,703,774,825,853,850,814,753,664,567,444,303,161,7,-136,-266,-395,-501,-594,-655,-702,-728,-718,-692,-650,-586,-514,-417,-316,-213,-101,3,111,204,285,350,419,460,482,498,504,490,455,422,374,316,263,195,129,60,-6,-73,-129,-179,-231,-263,-294,-318,-324,-327,-317,-300,-283,-245,-205,-154,-118,-69,-25,14,46,66,89,106,114,125,122,117,114,109,103,107,101,106,104,112,111,107,114,112,110,105,92,74,321,34,4,-21,-52,-85,-117,-135,-156,-174,-186,-197,-194,-200,-202,-193,-184,-171,-152,-133,-108,-85,-54,-20,12,44,84,123,167,216,256,303,337,368,388,396,405,393,366,334,271,198,114,7,-108,-227,-341,-451,-553,-637,-708,-759,-780,-764,-716,-636,-530,-403,-250,-68,116,295,477,644,786,898,976,1022,1011,955,869,747,582,395,207,3,-206,-402,-580,-732,-857,-940,-982,-991,-953,-881,-776,-633,-476,-311,-131,50,231,390,529,643,726,794,815,803,760,679,581,464,329,176,25,-119,-257,-380,-485,-567,-619,-638,-621,-570,-491,-381,-240,-93,54,184,290,359,386,364,-75,-226,347,38,38,-25,52,149,229,300,350,369,354,313,252,170,76,-19,-124,-218,-304,-374,-415,-443,-449,-437,-396,-338,-263,-175,-81,13,112,200,282,353,400,426,446,433,403,359,295,229,149,64,1,-66,-128,-179,-221,-252,-268,-273,-255,-235,-212,-182,-153,-118,-93,-74,-55,-51,-45,-34,-31,-26,-29,-26,-8,10,22,43,73,99,137,172,200,232,248,269,283,281,274,263,236,199,158,104,46,-19,-88,-161,-230,-299,-353,-399,-444,-480,-490,-502,-484,-452,-402,-344,-262,-171,-70,42,152,273,382,486,584,656,706,739,747,736,696,623,521,406,275,124,-36,-206,-366,-518,374,-766,-864,-935,-967,-971,-936,-862,-765,-641,-481,-309,-129,74,266,448,620,771,896,985,1034,1061,1052,1004,913,800,671,521,360,179,-2,-180,-346,-499,-639,-757,-850,-930,-989,-1015,-1016,-988,-928,-850,-743,-615,-471,-307,-131,48,227,398,576,727,869,990,1069,1121,1153,1151,1110,1033,929,789,623,434,230,9,-209,-429,-631,-823,-998,-1135,-1238,-1291,-1323,-1295,-1223,-1119,-971,-804,-602,-369,-131,114,351,577,786,957,1103,1206,1262,1282,1257,1196,1091,947,782,590,378,170,-40,-247,-449,-625,-778,-898,-980,-1035,-1058,-1050,-1010,-941,-839,-723,-583,-439,-281,-115,39,190,329,460,570,667,32,29
10453,mtk,MTK 7916,4079477200,rx0-tx1,512,459,-568,-620,740,623,490,340,165,-5,-192,-378,-547,-703,-849,-968,-1053,-1106,-1132,-1126,-1077,-991,-877,-729,-559,-373,-170,50,262,474,676,851,1002,1135,1228,1275,1286,1259,1188,1082,946,768,576,362,129,-112,-344,-558,-766,-946,-1097,-1213,-1291,-1333,-1331,-1286,-1201,-1080,-938,-759,-557,-344,-114,111,341,550,743,914,1063,1175,1246,1282,1279,1238,1156,1045,911,748,560,359,149,-56,-266,-464,-643,-799,-933,-1043,-1113,-1151,-1161,-1141,-1079,-982,-865,-726,-570,-400,-214,-35,152,331,492,643,775,871,952,1001,1025,1017,990,933,847,736,609,469,313,149,-16,-174,-336,-484,-627,-744,-846,-923,-968,-997,-994,-430,-897,-804,-694,-555,-393,-234,-53,125,304,473,635,774,890,981,1037,1058,1050,1002,920,810,668,513,333,133,-62,-254,-437,-600,-746,-866,-951,-1013,-1034,-1007,-958,-878,-764,-635,-472,-308,-134,35,208,368,510,632,729,797,837,846,828,791,716,627,521,406,278,152,20,-105,-222,-326,-418,-486,-545,-590,-619,-614,-601,-565,-512,-449,-372,-289,-202,-104,-10,77,161,235,302,357,402,437,441,434,418,394,356,314,257,194,139,73,6,-60,-121,-173,-221,-256,-284,-303,-311,-314,-301,-281,-250,-215,-169,-112,-61,-2,61,119,170,215,243,257,257,239,208,154,95,32,-21,-235,-371,279,460,674,269,309,320,299,248,168,67,-36,-145,-247,-330,-400,-446,-472,-476,-450,-409,-350,-271,-183,-89,12,119,222,316,403,478,532,575,597,596,577,532,470,386,285,173,47,-83,-215,-356,-477,-588,-684,-747,-798,-810,-800,-755,-680,-587,-456,-309,-143,39,212,386,554,696,809,896,947,968,952,891,800,694,547,379,196,8,-176,-350,-521,-662,-778,-857,-906,-921,-909,-866,-788,-685,-561,-417,-268,-123,41,190,322,445,551,625,686,718,723,715,674,614,548,461,364,258,153,47,-55,-151,-242,-324,-387,-438,-478,-504,-515,-521,-505,-476,-438,-392,-338,-277,-209,-140,-62,15,230,146,217,275,330,383,420,441,449,451,445,428,398,354,297,241,174,104,30,-49,-117,-190,-248,-301,-357,-392,-416,-427,-429,-422,-395,-363,-325,-274,-225,-171,-115,-59,-1,51,99,153,198,237,276,306,330,350,362,368,369,363,353,338,308,271,229,185,136,74,13,-51,-119,-192,-259,-326,-388,-441,-479,-506,-526,-530,-520,-496,-449,-396,-330,-250,-161,-68,33,130,229,321,406,483,545,597,629,643,646,624,586,535,467,387,294,193,84,-30,-144,-257,-364,-465,-552,-626,-691,-730,-752,-758,-737,-695,-641,-561,-460,-347,-221,-85,60,201,343,473,600,705,793,858,-522,-232,217,-228,-64,-635,-757,-868,-954,-1007,-1029,-1032,-990,-917,-820,-691,-532,-356,-173,18,223,424,610,780,932,1047,1138,1202,1221,1195,1143,1048,917,763,576,362,139,-82,-308,-523,-725,-913,-1067,-1183,-1266,-1317,-1322,-1286,-1215,-1099,-947,-769,-565,-344,-114,118,347,569,766,940,1092,1198,1281,1317,1317,1274,1193,1083,937,762,562,351,131,-93,-314,-520,-702,-867,-1006,-1115,-1189,-1222,-1223,-1190,-1119,-1016,-887,-737,-563,-374,-180,14,209,397,566,720,853,953,1035,1078,1091,1074,1022,948,851,724,583,431,261,87,-85,-247,-408,-558,-688,-794,-880,-943,-978,-986,-971,-933,-866,-769,-650,-519,-367,-208,-46,120,-1099,457,605,735,853,937,998,1034,1030,988,920,822,698,555,390,210,25,-169,-360,-537,-697,-832,-936,-1018,-1056,-1058,-1032,-964,-864,-741,-588,-421,-241,-44,142,319,497,642,764,857,917,948,948,920,851,758,641,512,368,215,55,-94,-239,-372,-480,-574,-649,-699,-723,-727,-706,-663,-605,-528,-439,-342,-235,-123,-14,83,190,279,360,425,470,507,527,523,505,475,429,377,311,245,164,81,7,-65,-138,-201,-254,-301,-329,-351,-364,-364,-350,-329,-301,-264,-217,-168,-110,-56,2,61,118,172,213,251,271,284,290,278,252,220,173,115,54,-9,-67,-123,-167,-190,-194,-179,-535,-468,581,-533,-236,86,3,-98,-195,-285,-359,-402,-420,-412,-370,-307,-226,-131,-32,76,180,273,361,429,480,510,527,520,493,442,383,306,217,114,-1,-112,-229,-340,-440,-533,-602,-659,-694,-701,-688,-645,-574,-490,-376,-246,-100,59,215,373,515,648,760,838,898,916,900,853,767,650,514,354,177,-4,-199,-387,-547,-693,-820,-907,-963,-975,-951,-904,-823,-705,-563,-403,-233,-56,115,287,439,566,676,758,802,830,827,789,731,653,551,439,318,180,56,-67,-192,-297,-393,-476,-537,-583,-606,-611,-598,-572,-532,-477,-408,-336,-256,-166,-82,-1,83,156,227,292,349,393,427,452,470,467,-198,438,404,360,319,260,196,125,58,-14,-91,-167,-230,-291,-343,-387,-421,-440,-454,-449,-431,-406,-363,-324,-265,-197,-132,-62,4,76,143,197,252,294,326,352,370,382,386,375,362,339,306,278,243,199,155,109,61,12,-40,-91,-142,-193,-246,-287,-325,-358,-395,-422,-434,-440,-435,-419,-392,-354,-305,-243,-174,-99,-17,73,160,251,333,398,466,520,562,587,599,590,568,525,471,399,316,225,122,21,-89,-201,-301,-394,-478,-554,-614,-656,-683,-691,-683,-657,-611,-545,-462,-375,-269,-149,-29,97,226,344,459,573,662,736,790,825,834,822,785,721,639,532,410,266,-448,-655
10454,mtk,MTK 7916,4079477200,rx1-tx0,512,154,-1368,-1388,274,344,406,455,488,498,486,453,406,334,253,162,69,-27,-129,-218,-301,-377,-435,-473,-492,-495,-478,-438,-383,-320,-237,-143,-42,56,157,257,344,424,483,527,558,568,562,526,475,409,328,232,119,-5,-125,-247,-362,-463,-544,-617,-671,-705,-715,-698,-656,-591,-499,-386,-259,-120,24,172,322,460,591,701,791,856,883,872,840,775,685,564,419,264,96,-77,-251,-410,-563,-689,-786,-858,-904,-917,-899,-843,-769,-669,-544,-411,-270,-115,37,190,330,457,563,650,721,775,810,813,801,769,716,639,556,450,330,207,73,-63,-210,-347,-480,-604,-708,-802,-877,-931,-952,231,-907,-838,-743,-626,-476,-308,-121,66,267,464,651,819,964,1085,1167,1210,1215,1179,1092,969,811,627,414,174,-77,-321,-560,-772,-978,-1151,-1284,-1369,-1408,-1397,-1330,-1225,-1080,-896,-673,-439,-177,95,365,613,856,1076,1248,1382,1472,1515,1503,1452,1341,1177,976,746,481,192,-107,-410,-702,-975,-1208,-1397,-1554,-1654,-1686,-1645,-1547,-1386,-1177,-912,-605,-275,55,395,715,998,1246,1437,1570,1615,1610,1536,1393,1204,962,691,406,108,-183,-465,-722,-933,-1098,-1219,-1282,-1296,-1256,-1161,-1018,-838,-632,-400,-155,83,311,528,710,858,961,1008,1003,937,825,667,457,225,-14,-240,-434,-572,-640,-630,-556,456,-284,-388,-512,-212,410,490,525,500,421,294,130,-50,-231,-410,-557,-671,-750,-784,-778,-729,-640,-520,-370,-204,-19,161,343,521,676,803,897,953,980,969,911,814,676,520,326,123,-101,-323,-525,-727,-911,-1053,-1163,-1229,-1232,-1192,-1116,-997,-827,-630,-405,-149,117,388,634,864,1068,1230,1358,1423,1443,1408,1322,1186,998,767,518,237,-59,-350,-629,-877,-1103,-1291,-1429,-1517,-1536,-1503,-1403,-1265,-1077,-840,-590,-314,-29,245,513,755,965,1139,1272,1353,1382,1375,1321,1219,1081,903,706,489,257,23,-209,-427,-627,-809,-963,-1075,-1163,-1207,-1214,-1187,-1126,-1026,-903,-757,-581,-387,-186,22,228,421,615,791,940,-49,1138,1190,1210,1203,1153,1066,936,782,598,394,177,-49,-282,-512,-722,-928,-1097,-1235,-1333,-1386,-1400,-1359,-1272,-1132,-943,-723,-478,-218,62,340,604,855,1066,1241,1368,1444,1465,1444,1376,1241,1064,860,620,366,110,-158,-418,-646,-853,-1027,-1159,-1254,-1302,-1307,-1258,-1171,-1044,-893,-713,-512,-303,-83,137,343,531,699,845,950,1023,1066,1073,1043,979,883,766,622,452,287,111,-73,-241,-404,-550,-677,-774,-841,-884,-892,-862,-808,-728,-622,-498,-355,-199,-47,101,251,384,494,585,654,697,716,698,661,600,516,418,301,180,61,-68,-185,-293,-387,-459,-515,-551,-563,-549,-522,-476,-406,-328,-438,-647,843,414,-343,426,364,289,202,104,0,-104,-195,-282,-357,-416,-461,-480,-485,-468,-433,-387,-319,-235,-141,-46,52,148,244,322,393,452,496,519,518,503,471,424,355,265,171,70,-30,-141,-249,-350,-437,-516,-577,-622,-634,-631,-608,-561,-491,-402,-300,-180,-51,85,217,346,464,570,660,733,785,806,799,755,687,598,484,351,203,38,-130,-296,-453,-592,-716,-815,-883,-916,-924,-888,-829,-739,-624,-487,-335,-170,-3,166,325,467,600,707,783,835,857,857,832,781,705,613,513,398,273,132,-5,-132,-260,-391,-505,-602,-689,-751,-799,-826,-837,-828,-788,-729,-646,-543,-424,-284,-131,34,-568,370,530,674,811,928,1015,1068,1088,1072,1018,926,805,656,476,274,61,-161,-390,-618,-816,-989,-1130,-1239,-1301,-1317,-1297,-1229,-1114,-961,-760,-544,-299,-47,218,474,715,934,1124,1267,1375,1446,1462,1428,1339,1217,1035,826,591,330,50,-227,-502,-769,-1005,-1208,-1380,-1513,-1586,-1607,-1570,-1472,-1320,-1113,-873,-594,-281,49,375,688,971,1229,1442,1597,1673,1692,1652,1526,1347,1108,834,522,200,-122,-449,-739,-991,-1202,-1353,-1442,-1471,-1438,-1356,-1214,-1019,-802,-557,-293,-23,244,481,691,868,1004,1095,1130,1118,1062,953,800,619,405,170,-71,-303,-504,-680,-809,-869,-867,-798,-666,-481,-268,-52,130,1345,1396,-31,-441,-635,183,51,-113,-280,-438,-569,-655,-687,-670,-603,-488,-352,-185,-5,184,366,522,659,763,838,871,866,830,754,637,495,324,138,-58,-261,-458,-643,-801,-935,-1039,-1097,-1123,-1082,-1012,-900,-747,-564,-362,-128,120,357,590,815,1000,1145,1265,1335,1351,1311,1220,1096,907,692,447,183,-84,-364,-628,-873,-1098,-1276,-1407,-1490,-1508,-1474,-1381,-1240,-1056,-825,-562,-269,24,310,590,839,1072,1251,1377,1465,1485,1452,1371,1234,1062,856,620,369,119,-125,-376,-606,-808,-982,-1114,-1221,-1280,-1291,-1263,-1192,-1094,-966,-797,-613,-417,-207,7,222,428,617,784,928,1047,1125,1172,1192,1162,1108,1022,898,747,425,398,191,-19,-230,-442,-634,-820,-978,-1113,-1214,-1274,-1296,-1281,-1218,-1122,-978,-796,-595,-357,-106,155,409,649,887,1091,1260,1382,1454,1477,1432,1349,1214,1034,816,559,282,9,-256,-523,-775,-985,-1160,-1294,-1371,-1406,-1397,-1327,-1214,-1064,-876,-670,-442,-203,42,275,491,692,863,1009,1106,1162,1189,1167,1109,1014,895,747,578,393,205,2,-192,-379,-541,-682,-805,-893,-945,-978,-967,-924,-859,-759,-635,-490,-337,-178,-8,158,317,458,578,676,752,794,801,787,740,662,571,464,336,202,57,-81,-206,-329,-431,-518,-582,-620,-637,-629,-583,-533,-459,-369,-268,-158,-44,69,169,268,353,418,539,237
10455,mtk,MTK 7916,4079477200,rx1-tx1,512,0,0,0,-360,-304,-144,73,274,380,352,206,-14,-233,-372,-384,-263,-43,194,358,394,292,79,-163,-348,-411,-326,-114,136,338,425,357,157,-107,-331,-438,-391,-197,75,312,445,427,249,-20,-281,-448,-458,-302,-32,252,445,478,342,87,-203,-418,-481,-379,-144,144,388,495,416,197,-88,-346,-473,-426,-234,38,301,458,443,269,7,-255,-430,-449,-307,-64,203,395,441,330,111,-142,-347,-431,-363,-174,74,290,395,372,225,1,-210,-344,-359,-254,-74,121,265,318,271,138,-29,-177,-258,-246,-162,-42,77,160,187,157,90,11,-61,-108,-122,-103,-64,-22,15,47,79,100,91,0,29,-29,-87,-127,-135,-110,-41,45,124,173,171,110,8,-106,-192,-214,-162,-58,69,184,230,194,86,-51,-167,-229,-208,-107,41,169,240,222,109,-49,-194,-267,-236,-112,71,239,325,294,145,-71,-286,-410,-390,-223,42,313,498,517,347,40,-309,-567,-638,-499,-181,220,572,745,670,370,-67,-499,-776,-804,-568,-135,352,729,873,739,361,-149,-607,-864,-841,-541,-69,414,759,853,664,264,-214,-611,-796,-717,-401,37,445,690,712,493,111,-291,-588,-675,-535,-224,151,473,632,577,345,0,-348,-578,-617,-469,-181,158,441,585,566,397,125,-164,-387,-501,-484,-355,-161,0,0,0,0,0,-28,26,84,133,157,140,82,-9,-108,-185,-220,-194,-108,22,154,243,266,210,82,-85,-227,-306,-295,-181,-6,179,320,357,279,104,-112,-301,-401,-372,-216,27,270,428,451,325,86,-186,-414,-510,-430,-211,81,359,520,517,342,46,-267,-493,-560,-444,-178,147,419,554,497,279,-22,-329,-521,-521,-348,-60,251,470,517,390,136,-156,-396,-505,-438,-212,81,338,475,450,263,-10,-266,-427,-440,-303,-63,195,375,429,333,116,-122,-301,-383,-333,-166,49,241,336,309,174,-11,-182,-281,-277,-175,-9,155,244,236,144,7,-130,-208,-209,-128,7,138,210,197,108,-21,0,-211,-202,-112,31,169,237,213,110,-30,-164,-246,-235,-136,15,165,261,259,154,4,-149,-254,-272,-190,-34,129,248,284,218,69,-96,-230,-283,-230,-92,65,192,258,233,106,-46,-170,-229,-222,-133,19,157,226,210,122,-4,-127,-200,-193,-120,1,120,183,184,124,21,-95,-166,-173,-127,-36,72,146,158,112,37,-52,-119,-140,-108,-42,26,79,103,89,38,-17,-64,-83,-65,-30,6,30,34,20,5,-5,-1,14,26,33,26,-3,-46,-76,-79,-60,-16,58,124,138,98,19,-74,-155,-187,-153,-62,56,162,229,216,113,-31,-170,-264,-276,-187,-25,159,300,0,0,0,0,0,5,-195,-339,-369,-267,-74,145,321,387,315,129,-105,-306,-395,-343,-173,62,276,396,375,213,-22,-257,-399,-392,-249,-16,234,394,413,281,45,-211,-401,-447,-329,-99,173,389,463,375,148,-139,-374,-478,-417,-203,84,340,475,444,257,-24,-295,-461,-462,-296,-22,254,440,473,332,79,-202,-415,-479,-369,-129,153,377,465,387,173,-98,-329,-438,-398,-215,42,286,423,405,247,17,-219,-387,-414,-295,-82,151,329,387,321,150,-67,-244,-339,-318,-186,-11,151,263,292,218,81,-57,-169,-219,-198,-118,-13,82,138,150,126,74,8,-48,-76,-92,-97,-78,-47,-12,33,0,100,112,92,40,-32,-100,-147,-157,-118,-35,73,162,201,175,90,-30,-142,-206,-207,-130,0,126,210,230,164,38,-105,-218,-238,-169,-38,112,225,253,177,25,-144,-261,-287,-202,-33,168,323,362,269,67,-191,-403,-477,-387,-148,162,436,577,525,283,-76,-432,-662,-678,-452,-67,354,685,798,638,265,-209,-632,-845,-782,-470,1,485,812,875,652,217,-284,-693,-867,-760,-402,78,524,792,794,540,111,-340,-667,-769,-604,-252,170,525,695,629,358,-23,-390,-622,-644,-446,-108,256,533,632,526,252,-97,-406,-587,-593,-423,-134,187,442,563,536,380,145,-102,-288,-379,0,0,0,0,0,-94,-115,-107,-65,13,96,160,194,176,99,-9,-124,-212,-243,-207,-101,48,187,271,281,200,48,-126,-274,-338,-293,-147,49,243,368,365,244,43,-191,-372,-438,-361,-154,110,344,471,442,266,2,-274,-469,-515,-398,-140,179,439,555,496,269,-46,-344,-532,-544,-374,-78,246,477,547,436,173,-143,-403,-526,-466,-244,51,322,487,480,307,27,-263,-452,-486,-353,-98,187,402,478,387,169,-102,-334,-445,-399,-221,28,262,403,397,250,29,-186,-336,-365,-261,-72,127,278,323,249,97,-82,-222,-271,-222,-91,68,188,231,187,67,-76,-179,-210,-160,-46,85,185,215,0,34,-99,-196,-220,-165,-45,100,207,240,189,57,-104,-221,-260,-208,-70,90,218,280,239,108,-69,-216,-286,-263,-147,32,190,271,264,166,3,-156,-255,-262,-172,-30,117,224,248,177,46,-95,-202,-233,-175,-57,78,184,221,176,70,-60,-165,-205,-169,-71,52,147,187,157,72,-35,-127,-174,-154,-81,11,95,143,138,79,-4,-83,-128,-115,-68,-7,59,89,86,59,12,-31,-53,-53,-25,3,15,15,2,-13,-13,1,15,36,56,51,20,-31,-83,-114,-105,-56,27,107,154,153,92,-11,-120,-197,-209,-145,-22,117,229,268,218,84,-86,-233,-304,-272,-137,0,0
10456,mtk,MTK 7916,4079477200,rx2-tx0,512,0,0,0,521,557,391,77,-278,-541,-606,-447,-117,262,545,633,489,161,-235,-552,-669,-541,-209,206,555,702,583,253,-173,-546,-724,-628,-300,149,547,744,670,345,-113,-535,-772,-713,-383,83,526,788,759,434,-58,-530,-811,-790,-475,21,519,836,842,534,19,-511,-859,-894,-598,-72,494,882,958,671,124,-471,-899,-1006,-742,-200,422,903,1053,826,298,-351,-885,-1098,-909,-389,277,846,1113,991,503,-174,-785,-1115,-1046,-598,65,700,1087,1089,699,55,-605,-1038,-1101,-777,-173,491,976,1102,830,271,-369,-878,-1067,-870,-365,268,797,1025,878,421,-181,-703,-965,-875,-470,95,614,902,855,0,-37,-544,-850,-845,-524,-9,497,818,836,544,54,-449,-787,-833,-562,-89,421,778,845,607,145,-376,-760,-862,-647,-195,335,743,877,690,261,-274,-715,-893,-748,-328,207,671,897,799,407,-132,-625,-891,-837,-477,52,568,877,868,549,32,-499,-854,-903,-626,-123,420,813,921,694,223,-327,-761,-928,-770,-341,208,676,903,820,450,-69,-560,-854,-844,-538,-60,429,764,824,600,176,-294,-655,-781,-634,-278,164,536,717,644,346,-55,-420,-636,-629,-406,-53,309,556,608,453,151,-189,-459,-574,-495,-259,57,346,517,525,375,119,-166,-391,-493,-456,-306,-90,127,285,352,330,0,0,0,0,0,266,129,-66,-275,-440,-506,-432,-226,59,348,551,592,450,162,-192,-500,-654,-602,-345,41,432,692,725,512,119,-333,-694,-829,-684,-295,215,677,921,854,488,-70,-626,-983,-1022,-711,-148,493,998,1170,936,374,-334,-941,-1237,-1124,-629,103,814,1265,1288,871,147,-629,-1204,-1378,-1079,-405,409,1086,1386,1212,630,-173,-914,-1342,-1304,-817,-55,718,1234,1326,958,255,-533,-1122,-1312,-1046,-412,349,980,1260,1092,550,-183,-845,-1193,-1115,-648,42,702,1105,1116,730,88,-571,-1022,-1100,-789,-201,451,933,1076,835,300,-331,-830,-1033,-863,-383,222,742,986,873,455,-123,-648,-939,-886,-510,40,0,887,880,561,41,-494,-841,-875,-597,-112,405,775,861,632,184,-328,-717,-839,-661,-252,241,640,802,672,304,-164,-558,-749,-668,-340,101,488,688,637,360,-38,-411,-622,-599,-356,3,345,554,555,347,21,-297,-493,-499,-321,-33,254,434,438,275,15,-238,-387,-386,-236,2,228,353,334,184,-36,-234,-334,-297,-142,66,245,325,275,112,-95,-264,-326,-256,-85,117,277,328,246,66,-139,-291,-326,-234,-46,165,313,338,230,27,-191,-333,-346,-227,-15,210,352,361,228,2,-226,-374,-384,-240,0,249,403,407,256,1,-257,-429,-440,-280,-8,274,460,475,314,26,-277,0,0,0,0,0,-214,118,422,581,524,268,-90,-426,-614,-575,-319,62,425,631,612,369,-24,-413,-649,-656,-420,-22,389,659,690,465,60,-369,-667,-724,-511,-100,357,684,753,550,139,-334,-688,-786,-598,-184,314,701,827,648,222,-295,-709,-862,-696,-265,271,719,903,753,313,-246,-726,-948,-819,-380,199,720,985,888,460,-152,-710,-1016,-954,-539,77,674,1031,1019,634,12,-625,-1038,-1079,-729,-109,552,1017,1113,815,226,-454,-973,-1141,-896,-335,344,900,1128,952,437,-234,-817,-1110,-1001,-538,116,720,1050,1011,615,-5,-615,-991,-1010,-666,-88,509,909,981,698,167,-407,-826,-944,-709,-220,334,0,905,710,260,-279,-715,-881,-716,-287,237,669,852,722,324,-196,-639,-852,-749,-367,150,611,849,776,409,-105,-581,-848,-810,-469,46,542,846,844,535,29,-489,-835,-873,-600,-105,432,807,896,661,184,-356,-773,-911,-716,-262,286,732,914,763,342,-203,-681,-918,-823,-436,108,621,909,871,529,-2,-519,-858,-902,-632,-135,402,784,891,694,257,-269,-691,-869,-743,-363,131,562,790,746,445,-1,-435,-703,-726,-500,-100,319,605,679,530,202,-190,-505,-636,-549,-278,80,399,575,556,354,42,-282,-505,-559,-437,-181,120,379,518,498,333,86,-165,-360,-445,-411,-284,-110,61,0,0,0,0,0,242,372,425,368,198,-49,-305,-499,-560,-460,-213,114,418,606,611,415,76,-303,-596,-701,-571,-239,187,560,765,718,417,-40,-504,-820,-862,-606,-130,415,841,992,805,329,-280,-817,-1093,-1006,-565,89,726,1136,1174,811,154,-578,-1125,-1295,-1031,-415,361,1035,1352,1213,663,-124,-883,-1333,-1326,-873,-128,665,1239,1390,1050,345,-461,-1103,-1368,-1164,-558,237,948,1319,1222,701,-55,-778,-1220,-1235,-815,-113,617,1119,1224,892,259,-459,-1010,-1191,-945,-377,323,896,1138,984,482,-188,-779,-1086,-1005,-561,68,666,1019,999,625,37,-558,-947,-988,-672,-124,459,873,970,715,208,-363,-794,-932,0,-273,277,725,914,767,342,-199,-662,-883,-785,-403,118,584,834,784,453,-37,-504,-785,-783,-496,-38,424,722,758,521,100,-346,-653,-718,-525,-146,273,576,663,510,177,-212,-509,-610,-491,-193,164,443,551,449,188,-127,-383,-489,-405,-174,111,341,431,348,136,-114,-313,-385,-298,-97,130,302,348,249,59,-151,-298,-319,-217,-27,179,309,310,190,-7,-198,-310,-300,-171,29,222,326,294,147,-56,-237,-328,-294,-141,74,261,344,296,132,-92,-282,-365,-309,-129,111,311,389,317,123,-122,-331,-417,-339,-130,132,354,449,367,143,-141,-375,-472,-394,-160,141,393,504,427,0,0
10457,mtk,MTK 7916,4079477200,rx2-tx1,512,0,0,0,8,-102,-175,-188,-139,-47,51,125,157,132,66,-16,-91,-125,-117,-78,-11,59,102,114,87,27,-39,-93,-119,-100,-34,42,103,130,114,51,-33,-111,-156,-149,-87,10,115,183,193,139,24,-108,-203,-242,-196,-69,87,214,283,261,142,-34,-204,-312,-320,-213,-26,181,336,374,285,90,-139,-329,-419,-360,-168,86,322,451,426,258,-16,-291,-467,-483,-327,-53,242,461,527,412,142,-181,-447,-561,-480,-227,108,411,578,546,319,-18,-360,-576,-586,-391,-62,290,544,603,453,142,-223,-513,-611,-498,-214,149,462,610,536,272,-88,-418,-600,-567,-331,32,381,592,590,0,37,-331,-584,-626,-446,-99,287,574,661,513,181,-221,-550,-688,-587,-275,142,512,698,652,369,-46,-448,-697,-704,-462,-59,370,664,722,538,161,-273,-616,-738,-596,-249,186,559,730,636,317,-102,-488,-705,-666,-394,20,429,679,688,457,62,-354,-649,-720,-526,-149,267,588,707,575,236,-180,-529,-690,-613,-313,101,465,659,622,375,-4,-386,-625,-641,-437,-78,304,572,644,496,172,-210,-515,-637,-541,-261,107,436,619,580,347,6,-333,-559,-597,-441,-138,204,478,589,505,268,-51,-349,-529,-540,-384,-117,181,412,516,474,302,47,-206,-379,-446,-397,-257,-79,90,212,0,0,0,0,0,41,-53,-144,-211,-233,-197,-101,29,165,268,300,240,100,-81,-244,-333,-324,-217,-30,180,338,391,320,134,-115,-332,-441,-411,-241,23,292,476,505,358,82,-243,-509,-614,-512,-226,145,487,690,659,395,-7,-420,-706,-768,-577,-185,295,695,870,761,398,-114,-610,-909,-905,-597,-84,463,869,987,772,295,-294,-792,-1031,-920,-492,92,648,994,1007,677,112,-494,-928,-1048,-815,-294,323,828,1047,910,467,-133,-692,-1010,-977,-612,-35,549,945,1015,732,194,-401,-862,-1021,-829,-348,253,761,1007,906,488,-92,-628,-949,-944,-607,-60,508,891,956,688,187,-373,-803,-945,-752,-300,0,726,925,804,400,-148,-647,-919,-859,-497,35,554,880,889,579,60,-476,-845,-924,-670,-178,382,813,958,763,303,-260,-745,-964,-837,-425,134,656,944,901,541,-9,-545,-892,-931,-645,-142,405,811,931,727,268,-274,-716,-905,-776,-383,133,595,843,797,473,-15,-481,-768,-786,-522,-82,370,682,752,561,179,-266,-609,-715,-577,-241,171,516,672,587,302,-79,-432,-625,-598,-363,-5,342,560,586,410,99,-239,-484,-559,-443,-177,143,402,512,450,241,-41,-296,-444,-440,-286,-40,205,370,410,309,114,-112,-291,-365,-313,-164,33,206,303,307,210,41,-126,-240,-274,-216,-91,0,0,0,0,0,202,168,81,-26,-117,-170,-165,-107,-19,69,125,144,113,44,-36,-99,-126,-106,-53,16,79,114,102,58,-5,-67,-112,-116,-74,-2,75,132,144,107,27,-70,-150,-177,-143,-60,55,168,224,204,111,-23,-161,-252,-258,-177,-29,137,271,316,248,95,-101,-270,-352,-318,-163,60,266,389,380,234,6,-232,-396,-434,-315,-83,182,396,477,390,164,-127,-391,-521,-460,-244,55,347,526,515,325,21,-299,-523,-568,-412,-107,234,498,592,475,189,-166,-464,-606,-532,-279,80,412,591,570,347,-5,-351,-572,-596,-404,-65,297,545,602,447,133,-228,-513,-618,-496,-193,179,0,632,540,251,-123,-462,-645,-590,-318,65,426,642,634,396,12,-378,-647,-690,-488,-116,300,623,727,569,220,-211,-565,-731,-643,-325,109,501,721,680,402,-13,-428,-687,-702,-468,-72,345,647,714,533,166,-271,-609,-725,-585,-235,194,550,711,626,320,-100,-483,-692,-655,-388,22,420,662,671,445,69,-327,-614,-686,-502,-152,241,547,663,544,227,-166,-490,-651,-585,-307,71,419,624,609,381,26,-329,-566,-611,-448,-124,233,507,624,522,240,-106,-411,-581,-559,-352,-38,283,510,569,450,193,-123,-393,-533,-513,-341,-75,200,409,494,442,277,53,-162,-313,-370,-332,-229,0,0,0,0,0,167,183,152,73,-40,-157,-243,-273,-227,-108,50,204,305,317,230,71,-124,-289,-361,-323,-178,36,253,394,405,282,61,-197,-400,-481,-401,-174,129,403,549,513,306,-20,-360,-595,-641,-471,-120,287,615,748,632,303,-141,-563,-813,-789,-503,-42,452,811,906,706,258,-292,-758,-973,-864,-464,94,634,967,979,652,95,-487,-905,-1027,-814,-326,298,816,1043,926,496,-105,-669,-1006,-1005,-652,-72,525,940,1040,779,256,-356,-842,-1036,-870,-410,194,732,1009,946,563,-24,-605,-968,-994,-676,-136,458,887,999,769,278,-312,-787,-980,-836,-409,163,672,938,871,501,-43,-575,-901,0,-591,-81,461,843,921,666,177,-377,-791,-923,-737,-287,267,728,935,812,398,-162,-665,-926,-863,-502,50,582,904,912,606,85,-474,-865,-954,-710,-217,351,795,962,792,346,-219,-699,-936,-851,-471,69,584,887,878,565,65,-453,-806,-869,-629,-183,321,707,839,678,287,-195,-603,-790,-691,-358,90,497,716,679,399,-16,-410,-655,-672,-452,-72,318,583,649,490,157,-218,-511,-622,-515,-233,125,433,580,526,296,-32,-338,-512,-509,-339,-58,230,433,485,374,142,-133,-346,-431,-374,-194,41,254,375,368,238,36,-167,-307,-339,-257,-95,87,230,289,255,146,-6,-152,-242,0,0
10458,mtk,MTK 7916,4079567153,rx0-tx0,512,-360,-385,-288,434,631,794,913,951,946,907,806,668,484,272,54,-165,-388,-580,-740,-869,-942,-960,-914,-832,-691,-499,-284,-50,193,422,634,812,931,993,1003,944,824,647,435,193,-60,-313,-552,-738,-880,-967,-986,-930,-816,-669,-480,-255,-17,211,410,592,732,802,840,817,744,634,489,312,139,-52,-227,-377,-511,-594,-647,-661,-633,-566,-477,-372,-242,-96,47,167,290,382,452,486,499,488,451,384,294,192,89,-26,-130,-211,-280,-329,-362,-362,-345,-308,-252,-192,-120,-46,9,61,106,138,159,161,170,169,163,162,155,141,134,123,104,90,62,25,-14,-65,-116,-166,-208,-228,-588,-265,-251,-222,-177,-121,-58,13,89,152,209,258,277,291,287,266,232,193,148,81,21,-35,-88,-149,-197,-231,-267,-294,-307,-307,-297,-276,-235,-191,-116,-35,70,169,271,365,449,521,569,571,533,450,331,181,4,-188,-384,-557,-711,-814,-872,-855,-778,-645,-442,-195,69,341,598,816,985,1072,1076,999,842,628,362,56,-251,-544,-788,-977,-1093,-1111,-1058,-920,-720,-469,-183,104,397,645,834,961,1019,1000,902,744,545,291,28,-225,-461,-643,-786,-857,-860,-808,-698,-527,-329,-105,118,324,505,645,726,729,679,573,416,220,0,-209,-389,-517,-570,-556,-472,-332,-155,12,-375,-432,139,34,37,-283,-343,-356,-311,-208,-63,100,252,386,480,521,507,442,328,169,2,-168,-329,-453,-541,-582,-575,-517,-408,-261,-101,66,228,373,483,552,576,547,482,377,256,113,-48,-192,-321,-401,-453,-481,-463,-397,-309,-218,-112,-6,73,162,224,251,263,259,237,207,173,136,101,82,64,47,28,9,-13,-28,-64,-90,-121,-169,-205,-233,-256,-258,-243,-230,-192,-130,-62,22,119,196,287,364,413,451,452,428,376,289,185,72,-66,-202,-338,-457,-555,-622,-648,-633,-578,-485,-351,-184,-2,185,381,563,708,809,866,866,804,681,505,296,52,-204,-446,-677,-872,-1015,-1077,-1072,-291,-852,-645,-384,-87,228,520,791,1016,1167,1242,1240,1135,969,732,437,106,-243,-557,-845,-1070,-1228,-1310,-1304,-1207,-1027,-783,-502,-191,129,444,722,953,1128,1243,1280,1243,1142,964,713,445,139,-185,-496,-793,-1033,-1222,-1340,-1386,-1347,-1220,-1017,-747,-430,-81,284,637,952,1204,1398,1504,1513,1441,1264,1010,686,308,-92,-474,-854,-1180,-1420,-1575,-1643,-1597,-1439,-1203,-867,-481,-63,367,770,1122,1392,1581,1651,1615,1482,1242,918,541,133,-275,-657,-997,-1269,-1451,-1530,-1512,-1401,-1182,-906,-585,-230,132,487,801,1037,1211,1307,1316,1238,1091,879,623,331,35,-255,-520,-744,-923,-1040,-1094,-1080,-1005,-873,-24,-17,-124,249,374,896,756,588,372,142,-70,-294,-503,-680,-823,-909,-947,-937,-871,-742,-586,-395,-179,57,280,490,683,830,925,974,963,896,774,599,374,133,-121,-371,-592,-785,-920,-1002,-1013,-963,-842,-670,-465,-232,26,277,492,668,815,903,931,886,799,667,482,277,71,-141,-321,-483,-615,-702,-738,-743,-686,-608,-482,-336,-181,-22,134,270,381,477,545,577,564,532,464,374,266,149,31,-88,-193,-288,-368,-416,-441,-444,-408,-353,-288,-206,-118,-19,65,145,204,246,275,271,256,239,207,174,126,90,59,27,2,-22,-45,-63,-79,-110,-133,-159,-188,-199,-204,-205,-193,-172,-129,-76,321,37,105,168,220,258,282,292,282,251,209,145,86,25,-46,-111,-159,-200,-243,-274,-274,-272,-264,-245,-207,-169,-119,-60,4,63,124,200,261,321,370,403,421,406,378,315,230,115,-15,-159,-306,-451,-576,-669,-716,-724,-670,-567,-408,-211,15,254,478,689,857,956,989,954,840,660,422,145,-151,-448,-708,-914,-1063,-1127,-1101,-989,-794,-553,-262,35,328,602,823,985,1060,1070,996,839,631,381,108,-169,-428,-644,-818,-925,-947,-913,-802,-635,-438,-193,41,268,476,639,748,798,780,701,577,408,203,-15,-221,-414,-561,-654,-677,-623,-508,-338,-140,59,243,371,428,409,-194,-59,347,7,-3,-132,-25,113,252,373,447,456,409,312,170,6,-161,-314,-445,-526,-551,-538,-465,-353,-207,-44,124,290,433,525,570,573,536,454,326,177,4,-152,-298,-417,-496,-545,-539,-492,-409,-288,-175,-46,86,196,282,339,382,370,346,303,233,155,90,24,-31,-74,-110,-130,-135,-137,-140,-141,-146,-150,-147,-153,-159,-150,-151,-129,-91,-48,0,68,126,186,250,295,327,352,345,322,288,214,130,28,-90,-203,-313,-411,-484,-539,-560,-537,-485,-392,-270,-122,37,203,360,508,632,712,745,738,689,584,433,246,36,-189,-417,-622,-791,-911,-980,-975,-906,-773,-580,-339,-71,201,374,743,947,1097,1176,1166,1075,917,684,397,83,-246,-563,-837,-1068,-1220,-1299,-1287,-1188,-1012,-753,-454,-128,209,527,811,1038,1196,1278,1287,1213,1065,852,598,309,-2,-316,-608,-880,-1082,-1224,-1320,-1315,-1242,-1087,-869,-602,-294,39,379,710,991,1221,1370,1448,1440,1342,1147,887,568,198,-181,-557,-905,-1191,-1415,-1553,-1582,-1520,-1378,-1122,-794,-409,-1,424,806,1152,1425,1590,1665,1623,1477,1227,908,526,101,-323,-720,-1076,-1343,-1524,-1613,-1585,-1455,-1235,-930,-572,-181,200,579,912,1163,1338,1421,1420,1332,1144,894,609,281,-57,-379,-666,-905,-1074,-1181,-1203,-1158,-1044,-875,-660,-406,-138,127,375,595,21,34
10459,mtk,MTK 7916,4079567153,rx0-tx1,512,459,444,548,625,426,207,-35,-281,-507,-721,-884,-992,-1056,-1037,-957,-815,-619,-375,-103,174,452,709,917,1068,1156,1177,1121,983,785,541,260,-54,-359,-644,-900,-1092,-1219,-1259,-1235,-1131,-953,-715,-421,-101,225,534,815,1043,1203,1287,1297,1224,1072,849,585,276,-43,-359,-660,-912,-1111,-1234,-1284,-1255,-1145,-971,-742,-465,-157,153,459,732,957,1120,1212,1228,1177,1055,859,624,354,62,-239,-515,-754,-944,-1082,-1148,-1141,-1072,-938,-742,-518,-263,1,269,521,734,895,999,1053,1041,965,834,662,450,215,-29,-275,-498,-688,-839,-940,-983,-967,-900,-780,-613,-416,-192,40,272,489,676,830,929,980,961,-430,771,598,389,148,-107,-346,-577,-764,-909,-995,-1017,-985,-878,-718,-512,-269,-6,265,513,724,891,1005,1050,1022,932,766,559,317,47,-217,-463,-680,-847,-956,-1004,-979,-887,-745,-548,-323,-77,166,393,587,744,841,880,859,783,661,501,309,108,-96,-285,-454,-590,-673,-718,-715,-672,-591,-469,-322,-165,0,153,292,412,505,562,590,570,510,428,327,204,74,-59,-176,-286,-369,-428,-462,-453,-425,-374,-297,-210,-115,-5,97,187,259,306,348,359,347,310,257,192,117,35,-46,-126,-189,-246,-283,-301,-297,-266,-219,-150,-66,14,96,169,222,252,251,222,167,98,18,-48,-29,139,279,-662,-723,239,298,323,301,225,115,-17,-152,-273,-372,-435,-452,-427,-363,-268,-149,-13,120,250,359,443,499,521,501,443,355,235,100,-48,-202,-338,-463,-560,-626,-643,-619,-551,-441,-294,-117,76,262,440,608,720,789,806,763,656,511,321,95,-139,-377,-587,-752,-875,-934,-926,-845,-713,-527,-283,-29,234,473,684,852,951,967,930,827,654,449,206,-45,-283,-505,-683,-810,-885,-895,-837,-736,-575,-386,-171,45,249,439,583,689,746,749,709,625,512,361,191,15,-138,-286,-417,-510,-572,-600,-588,-544,-469,-375,-258,-135,-8,122,231,323,401,454,480,476,451,406,338,254,154,230,-53,-156,-256,-337,-397,-441,-458,-450,-425,-368,-285,-192,-85,19,135,236,329,398,440,462,455,428,373,289,196,89,-21,-127,-225,-303,-363,-405,-416,-413,-383,-329,-276,-196,-112,-29,59,139,208,271,313,346,366,367,355,320,268,215,148,68,-10,-93,-175,-249,-319,-375,-414,-435,-428,-408,-358,-286,-191,-87,23,140,246,351,436,498,535,548,517,458,373,263,131,-10,-146,-291,-406,-500,-575,-614,-614,-585,-516,-423,-298,-159,-9,151,299,428,540,621,670,679,653,590,486,357,200,31,-146,-319,-471,-602,-704,-763,-780,-743,-676,-559,-399,-218,-23,187,381,569,722,208,-122,217,399,244,-710,-850,-943,-982,-950,-863,-717,-512,-291,-36,236,488,716,905,1041,1108,1109,1044,901,699,453,178,-118,-411,-677,-902,-1077,-1194,-1234,-1181,-1065,-873,-624,-332,-16,297,602,863,1077,1222,1288,1271,1183,1019,781,493,179,-142,-457,-751,-990,-1169,-1277,-1297,-1248,-1118,-919,-666,-368,-56,270,564,824,1033,1184,1254,1254,1179,1031,816,550,256,-46,-341,-627,-865,-1041,-1159,-1206,-1173,-1065,-900,-689,-439,-160,120,390,643,843,986,1077,1103,1062,956,793,588,355,104,-153,-398,-612,-788,-923,-994,-1015,-969,-869,-721,-537,-321,-83,152,380,586,753,877,953,977,942,845,702,515,300,65,-181,-1099,-622,-794,-920,-993,-998,-946,-836,-671,-462,-213,41,300,539,742,906,1006,1046,1012,903,743,541,299,32,-231,-482,-701,-866,-984,-1032,-1006,-916,-763,-557,-323,-65,200,439,646,804,903,947,923,839,703,523,314,92,-133,-342,-525,-663,-753,-795,-784,-724,-628,-483,-318,-134,52,220,375,499,585,634,640,609,545,450,332,197,52,-101,-231,-343,-434,-494,-520,-509,-466,-403,-308,-208,-90,27,129,230,311,359,392,402,379,343,275,206,125,33,-57,-143,-217,-271,-308,-320,-319,-290,-246,-186,-106,-27,55,128,193,247,274,275,261,215,149,69,-15,-93,-151,-190,-198,-173,551,538,581,271,-79,144,50,-66,-188,-294,-369,-399,-384,-325,-231,-104,30,163,283,380,450,478,468,425,345,243,115,-25,-169,-297,-411,-499,-553,-576,-552,-491,-395,-262,-106,61,231,388,526,637,704,721,684,616,486,311,116,-101,-319,-516,-679,-810,-876,-883,-826,-696,-523,-310,-62,196,439,641,816,932,973,943,841,691,489,242,-10,-258,-503,-698,-835,-926,-944,-899,-785,-615,-412,-191,53,274,477,642,755,817,817,774,680,536,369,183,-9,-196,-364,-502,-606,-667,-675,-644,-588,-485,-360,-224,-78,71,206,327,418,486,518,534,509,452,382,290,189,75,-34,-141,-243,-330,-398,-444,-198,-458,-431,-383,-309,-228,-131,-24,81,186,290,366,424,454,465,448,402,340,249,151,40,-75,-181,-282,-357,-416,-450,-451,-425,-380,-312,-237,-140,-44,52,150,226,293,349,371,383,379,354,316,256,187,118,42,-35,-109,-189,-249,-302,-347,-374,-384,-379,-352,-310,-254,-180,-95,1,98,195,290,369,434,470,492,477,442,381,293,182,61,-76,-209,-324,-429,-510,-567,-584,-573,-527,-444,-345,-221,-73,72,218,354,473,567,623,650,642,587,505,389,251,101,-56,-213,-372,-509,-615,-690,-725,-725,-675,-581,-455,-296,-122,72,255,428,590,713,792,834,819,760,657,497,652,679
10460,mtk,MTK 7916,4079567153,rx1-tx0,512,154,1389,1133,324,419,476,502,479,420,341,224,99,-41,-176,-289,-382,-451,-478,-469,-426,-354,-252,-126,8,135,261,364,441,489,502,477,418,325,214,80,-62,-200,-325,-433,-513,-560,-569,-533,-463,-356,-229,-75,93,254,400,519,608,664,673,639,554,425,269,88,-100,-289,-460,-612,-727,-784,-795,-754,-655,-509,-329,-112,112,335,546,714,833,895,898,837,719,550,341,101,-147,-380,-589,-766,-880,-936,-927,-859,-731,-558,-348,-122,110,329,527,687,801,856,871,831,737,598,430,243,39,-160,-353,-522,-669,-772,-830,-834,-804,-732,-605,-447,-262,-62,156,369,560,731,865,941,964,231,846,696,493,249,-13,-281,-550,-787,-976,-1111,-1171,-1155,-1059,-892,-660,-378,-58,273,600,877,1112,1282,1368,1350,1234,1040,762,430,73,-295,-656,-981,-1234,-1414,-1495,-1473,-1349,-1130,-834,-493,-97,298,685,1031,1303,1487,1576,1565,1448,1227,925,542,140,-281,-699,-1075,-1381,-1596,-1699,-1682,-1552,-1321,-981,-562,-104,365,825,1214,1531,1731,1799,1739,1538,1224,818,338,-148,-626,-1060,-1393,-1613,-1696,-1674,-1524,-1241,-870,-455,-8,421,804,1130,1350,1459,1452,1332,1114,826,482,107,-261,-599,-875,-1071,-1187,-1207,-1118,-945,-701,-401,-71,258,550,790,943,1003,966,814,573,283,-30,-317,-535,-657,-665,-564,277,900,-388,229,-99,371,493,550,520,397,210,-23,-266,-472,-647,-749,-776,-722,-596,-406,-171,72,315,545,723,845,905,891,811,652,439,195,-72,-350,-600,-816,-978,-1061,-1072,-1009,-865,-644,-366,-59,265,578,858,1074,1231,1283,1239,1125,907,613,285,-79,-450,-796,-1090,-1298,-1420,-1441,-1370,-1194,-910,-573,-186,227,618,982,1276,1467,1561,1542,1417,1192,864,465,43,-377,-783,-1120,-1379,-1546,-1588,-1525,-1342,-1076,-735,-330,62,461,822,1113,1327,1438,1454,1373,1207,957,643,310,-53,-405,-723,-979,-1163,-1278,-1316,-1262,-1124,-920,-663,-363,-53,264,554,805,1007,1139,1203,1187,1105,954,745,494,213,-84,-371,-640,-49,-1036,-1154,-1202,-1179,-1082,-915,-685,-416,-112,205,508,792,1025,1197,1305,1326,1261,1102,873,580,240,-118,-477,-822,-1109,-1327,-1441,-1462,-1383,-1207,-943,-607,-233,164,554,893,1170,1372,1464,1458,1357,1155,884,546,186,-191,-550,-861,-1110,-1276,-1360,-1341,-1231,-1052,-802,-497,-165,162,466,742,963,1112,1176,1171,1089,943,720,472,196,-83,-361,-595,-792,-939,-1009,-1024,-963,-846,-674,-459,-222,37,273,493,678,807,884,900,848,751,594,395,187,-30,-247,-449,-600,-705,-760,-759,-705,-611,-465,-293,-104,83,267,424,543,616,651,632,568,467,333,177,18,-141,-287,-408,-494,-541,-544,-509,-439,662,656,843,181,843,389,280,153,17,-127,-246,-352,-431,-472,-487,-452,-386,-291,-173,-37,93,218,325,415,469,482,466,417,331,222,95,-38,-173,-295,-397,-471,-519,-530,-502,-438,-337,-212,-73,78,222,359,470,555,607,614,578,500,382,242,78,-97,-266,-428,-562,-663,-725,-735,-691,-596,-465,-292,-102,102,308,502,656,779,851,857,814,702,540,337,112,-134,-362,-577,-747,-873,-936,-928,-857,-735,-557,-339,-104,135,364,570,737,853,910,901,840,723,562,371,162,-46,-262,-456,-613,-730,-809,-837,-818,-753,-647,-506,-334,-143,55,249,440,603,732,825,879,886,830,724,575,381,163,-68,-568,-551,-750,-913,-1018,-1066,-1050,-962,-798,-586,-323,-27,278,569,831,1046,1197,1273,1262,1158,968,722,413,72,-286,-627,-933,-1187,-1350,-1432,-1411,-1303,-1086,-802,-457,-79,311,679,1010,1265,1450,1542,1517,1399,1174,878,515,118,-293,-687,-1046,-1336,-1540,-1629,-1622,-1503,-1281,-967,-578,-137,316,745,1137,1457,1669,1757,1731,1572,1296,934,486,3,-482,-939,-1311,-1604,-1761,-1777,-1669,-1421,-1067,-640,-176,288,744,1125,1395,1556,1605,1517,1329,1037,670,271,-144,-529,-853,-1104,-1270,-1332,-1289,-1141,-911,-619,-296,55,390,675,907,1058,1113,1060,918,693,407,90,-236,-528,-744,-862,-873,-765,-563,-306,-28,202,-1390,-1081,-31,615,646,271,126,-74,-290,-486,-623,-690,-657,-547,-374,-148,91,332,543,716,815,836,799,685,506,288,39,-221,-473,-690,-848,-947,-988,-945,-827,-643,-403,-120,172,464,730,950,1096,1175,1162,1068,882,641,334,-13,-351,-679,-984,-1194,-1326,-1376,-1323,-1166,-911,-592,-229,152,541,915,1207,1398,1506,1508,1404,1206,889,524,118,-296,-692,-1051,-1346,-1528,-1590,-1549,-1396,-1139,-803,-403,27,443,827,1132,1378,1503,1523,1450,1263,1002,672,301,-80,-443,-772,-1057,-1255,-1367,-1389,-1311,-1152,-921,-638,-323,12,345,642,891,1089,1212,1256,1220,1101,929,695,420,119,-182,-465,-723,-932,-1082,-1171,-1183,-1128,-1002,425,-585,-319,-24,270,557,814,1018,1164,1244,1243,1168,1013,786,511,198,-141,-479,-789,-1051,-1253,-1380,-1409,-1351,-1183,-936,-611,-246,137,519,863,1153,1360,1470,1488,1382,1191,925,590,209,-176,-557,-884,-1156,-1339,-1426,-1422,-1303,-1109,-841,-527,-179,187,519,810,1043,1201,1275,1254,1160,989,756,476,182,-118,-408,-672,-879,-1013,-1091,-1095,-1028,-883,-702,-467,-213,52,315,543,733,860,943,955,902,798,634,437,218,-23,-254,-462,-642,-759,-823,-831,-790,-684,-531,-353,-151,62,254,428,564,660,702,700,643,538,397,239,63,-112,-275,-407,-514,-575,-595,-574,-506,-401,-269,-121,33,179,311,-183,161
10461,mtk,MTK 7916,4079567153,rx1-tx1,512,0,0,0,-493,-535,-426,-200,79,339,516,551,436,208,-79,-350,-523,-551,-425,-181,113,370,524,538,395,138,-156,-411,-545,-528,-367,-91,210,451,573,527,324,33,-268,-500,-590,-513,-296,0,309,539,610,506,266,-45,-351,-563,-613,-495,-239,94,402,596,619,469,193,-132,-429,-607,-610,-446,-171,160,446,607,599,425,136,-189,-460,-606,-572,-381,-97,208,459,584,548,366,85,-217,-450,-564,-524,-336,-67,212,426,519,485,326,82,-178,-370,-462,-439,-304,-93,122,291,381,375,274,111,-58,-194,-273,-282,-229,-128,-12,84,143,166,149,105,55,6,-29,-43,-59,-73,-77,-82,0,-80,-42,15,84,146,182,183,136,43,-67,-170,-241,-259,-214,-106,40,183,285,313,265,138,-31,-186,-291,-314,-255,-125,36,186,288,309,231,86,-86,-227,-300,-288,-173,2,184,321,362,288,117,-106,-319,-455,-464,-335,-100,187,448,600,601,432,127,-232,-559,-762,-762,-555,-201,220,616,870,900,700,328,-147,-607,-918,-1004,-829,-452,34,532,902,1036,907,560,79,-416,-813,-997,-926,-628,-174,302,692,896,868,621,227,-213,-594,-804,-796,-595,-254,146,503,721,749,582,274,-96,-440,-670,-727,-606,-343,0,337,588,709,677,499,222,-81,-343,-527,-599,-555,-429,-246,0,0,0,0,0,27,79,134,180,197,177,120,24,-92,-195,-261,-278,-241,-148,-17,130,257,331,333,261,113,-75,-253,-379,-409,-337,-186,18,233,405,477,427,270,37,-213,-422,-540,-521,-365,-110,178,416,570,591,442,180,-131,-417,-599,-643,-522,-257,63,367,589,663,563,321,-5,-325,-560,-651,-566,-332,-31,279,529,627,545,325,21,-286,-511,-602,-539,-330,-29,281,508,592,521,311,15,-272,-479,-568,-510,-312,-29,254,466,546,476,288,34,-225,-423,-503,-440,-257,-19,203,374,436,380,226,16,-192,-338,-383,-311,-159,20,188,302,324,249,106,-69,-217,-293,-281,-191,-48,105,0,281,260,157,1,-150,-253,-283,-228,-107,41,182,266,272,207,81,-75,-202,-270,-264,-181,-52,86,203,256,235,159,35,-99,-201,-233,-197,-122,-11,106,182,194,154,61,-47,-127,-170,-162,-96,-9,76,141,152,110,43,-50,-125,-160,-147,-83,11,103,162,179,137,48,-59,-146,-190,-182,-114,-17,88,165,195,173,91,-23,-109,-167,-186,-143,-54,55,154,205,187,115,12,-98,-173,-196,-168,-83,34,131,190,188,125,20,-102,-190,-214,-172,-73,61,177,243,242,168,39,-112,-247,-312,-278,-159,7,179,316,373,317,169,-38,-245,-389,-428,-355,-180,56,290,460,0,0,0,0,0,207,-79,-336,-509,-547,-437,-207,77,348,526,554,429,193,-98,-362,-531,-546,-410,-161,136,391,539,530,377,115,-185,-432,-559,-530,-340,-59,238,473,576,519,315,23,-283,-517,-602,-520,-289,29,338,553,615,505,257,-69,-383,-582,-615,-484,-225,106,419,604,618,462,180,-153,-445,-612,-604,-434,-152,176,462,611,584,404,117,-205,-470,-598,-561,-377,-96,210,450,567,531,347,73,-221,-447,-547,-501,-328,-74,189,400,504,468,313,89,-152,-342,-425,-406,-288,-108,81,245,333,328,250,122,-21,-137,-213,-230,-186,-114,-42,30,84,110,111,94,72,55,32,14,-4,0,-83,-120,-141,-134,-92,-20,65,154,214,228,181,73,-60,-184,-267,-287,-241,-129,33,186,286,321,265,132,-28,-185,-290,-312,-252,-113,61,209,299,299,202,46,-123,-268,-332,-287,-148,49,247,378,401,309,110,-151,-390,-528,-530,-383,-109,220,509,679,680,495,153,-242,-594,-814,-833,-633,-259,198,626,905,958,774,387,-102,-579,-922,-1028,-883,-517,-21,474,850,1016,922,591,126,-364,-759,-955,-900,-623,-207,259,647,862,845,610,239,-182,-551,-760,-773,-588,-253,133,478,701,735,582,297,-50,-389,-636,-722,-632,-406,-99,226,497,650,669,560,350,98,-139,-318,-425,0,0,0,0,0,-137,-134,-104,-42,37,122,197,237,238,195,97,-40,-168,-261,-309,-296,-209,-64,99,257,361,375,297,146,-49,-241,-384,-440,-389,-238,-18,224,414,501,464,312,73,-191,-426,-557,-549,-406,-152,152,425,599,621,485,226,-95,-396,-602,-665,-550,-297,22,346,577,658,568,335,19,-311,-548,-634,-555,-336,-28,283,514,607,544,332,28,-285,-509,-598,-531,-317,-24,273,494,579,510,312,30,-268,-478,-556,-496,-300,-30,240,440,514,456,281,32,-220,-408,-480,-413,-244,-20,200,355,411,352,201,-5,-200,-325,-352,-285,-133,52,206,294,292,214,79,-89,-231,-297,-275,0,-26,132,248,283,235,123,-28,-162,-257,-283,-225,-97,59,192,266,268,190,65,-74,-195,-261,-253,-166,-37,102,203,240,220,139,15,-103,-187,-218,-183,-100,10,117,182,178,118,35,-55,-132,-161,-136,-66,16,105,163,157,95,9,-76,-151,-172,-134,-63,28,118,182,183,124,29,-69,-163,-209,-175,-98,-11,98,182,199,154,65,-36,-136,-199,-188,-124,-29,76,160,196,170,85,-19,-120,-191,-194,-132,-36,71,165,210,188,103,-18,-136,-216,-224,-165,-52,87,208,271,253,160,13,-154,-290,-342,-302,-170,19,216,356,403,340,175,-47,-269,-420,-461,-380,-186,0,0
10462,mtk,MTK 7916,4079567153,rx2-tx0,512,0,0,0,521,613,531,297,-27,-355,-589,-663,-544,-262,94,437,667,702,534,216,-171,-515,-718,-725,-517,-154,249,588,767,727,475,83,-343,-671,-808,-721,-418,11,436,745,841,695,346,-110,-538,-811,-858,-655,-253,229,648,886,871,601,153,-346,-752,-947,-865,-529,-35,472,855,1001,859,459,-77,-598,-957,-1051,-840,-384,186,713,1048,1085,809,301,-296,-818,-1111,-1098,-776,-232,384,894,1158,1106,734,154,-463,-950,-1175,-1074,-677,-88,522,987,1176,1034,603,14,-572,-1005,-1157,-979,-530,61,626,1010,1110,902,449,-127,-658,-997,-1060,-826,-360,196,687,978,990,723,254,-281,-725,-958,-914,0,-148,359,756,929,840,512,37,-443,-794,-918,-772,-403,75,527,830,899,710,314,-177,-615,-871,-884,-651,-223,279,691,910,877,597,144,-355,-751,-939,-864,-541,-66,426,802,958,847,487,-6,-499,-853,-968,-813,-428,79,564,898,980,790,380,-136,-617,-923,-976,-764,-334,192,666,957,984,746,302,-224,-683,-957,-975,-731,-292,220,664,925,941,706,286,-199,-621,-872,-885,-661,-268,184,578,809,813,605,249,-165,-532,-742,-749,-564,-234,148,475,668,682,526,233,-118,-426,-613,-639,-500,-244,67,357,555,611,518,313,44,-232,-446,-553,-540,-419,-226,-11,184,321,385,376,0,0,0,0,0,200,55,-123,-312,-466,-544,-512,-370,-131,157,423,612,666,559,317,-15,-357,-624,-743,-682,-443,-75,330,668,846,803,548,144,-321,-733,-959,-940,-678,-223,311,791,1082,1093,815,311,-291,-842,-1194,-1246,-960,-418,244,857,1260,1356,1089,520,-193,-862,-1319,-1449,-1195,-626,111,828,1338,1486,1250,686,-56,-780,-1299,-1481,-1263,-715,16,742,1263,1441,1232,701,-13,-716,-1214,-1385,-1183,-663,31,699,1175,1330,1112,595,-73,-707,-1141,-1262,-1033,-521,118,720,1118,1199,953,448,-174,-730,-1087,-1148,-886,-380,221,755,1069,1081,798,305,-269,-760,-1037,-1022,-722,-229,317,768,997,946,637,153,-370,0,-965,-888,-558,-72,423,794,944,824,479,5,-464,-793,-897,-755,-401,53,488,781,848,674,316,-122,-521,-764,-782,-589,-235,180,534,725,710,499,151,-233,-538,-679,-624,-394,-59,280,525,614,535,301,-15,-315,-509,-546,-427,-192,90,336,473,463,317,83,-162,-349,-425,-371,-203,21,227,357,369,266,82,-124,-287,-358,-313,-171,20,203,325,344,246,73,-118,-273,-345,-310,-175,13,196,323,347,260,95,-102,-272,-364,-337,-205,-8,193,341,383,310,142,-76,-275,-393,-398,-277,-66,166,357,440,394,228,-13,-252,-424,-477,-390,-178,93,339,491,502,360,112,-174,-417,0,0,0,0,0,-313,-3,312,550,638,544,281,-65,-402,-632,-682,-540,-242,133,478,694,711,528,193,-211,-560,-752,-727,-493,-116,298,636,792,723,448,41,-386,-708,-828,-710,-386,53,480,776,850,676,306,-162,-593,-849,-864,-630,-209,280,700,915,861,561,94,-410,-802,-970,-854,-490,21,539,914,1031,848,422,-129,-659,-1008,-1068,-827,-347,243,769,1085,1098,801,273,-338,-855,-1134,-1099,-757,-197,424,925,1173,1092,700,116,-493,-976,-1186,-1062,-645,-55,551,1000,1164,1001,566,-26,-605,-1010,-1137,-950,-498,90,638,1002,1087,869,413,-160,-681,-997,-1028,-773,-308,239,706,964,946,667,200,-317,0,-946,-879,-561,-91,400,772,922,807,462,-19,-484,-810,-904,-739,-361,124,571,849,891,679,269,-214,-640,-887,-879,-618,-175,312,716,928,876,571,107,-389,-777,-949,-855,-516,-30,466,833,965,826,458,-39,-525,-871,-972,-798,-401,110,590,910,980,776,356,-172,-648,-940,-984,-761,-324,204,672,955,982,742,300,-217,-675,-948,-961,-719,-287,210,645,902,913,684,277,-196,-602,-842,-856,-640,-267,171,551,771,776,578,236,-158,-502,-700,-713,-542,-230,135,452,640,657,508,235,-95,-394,-583,-621,-510,-273,26,307,507,585,534,368,129,-125,-334,-464,-499,-435,-304,-143,20,0,0,0,0,0,331,421,441,375,223,7,-240,-457,-590,-607,-482,-229,82,382,610,706,630,389,36,-344,-645,-795,-751,-503,-110,322,692,896,876,623,191,-314,-756,-1020,-1020,-747,-270,305,823,1136,1163,886,363,-272,-855,-1234,-1300,-1030,-482,212,866,1297,1405,1152,582,-149,-844,-1321,-1462,-1222,-664,75,805,1322,1488,1263,702,-40,-761,-1284,-1467,-1257,-711,16,732,1242,1412,1211,689,-12,-701,-1191,-1353,-1145,-626,56,706,1155,1288,1072,565,-92,-714,-1132,-1231,-991,-484,144,727,1107,1173,910,407,-195,-741,-1079,-1111,-837,-341,244,749,1040,1043,758,263,-298,-767,-1016,-986,-683,-187,351,776,983,919,0,110,-393,-780,-948,-851,-517,-45,437,792,918,789,441,-28,-475,-787,-878,-713,-352,93,504,774,828,641,279,-150,-525,-743,-746,-541,-194,198,528,704,676,454,108,-254,-531,-650,-576,-346,-26,292,512,581,478,243,-54,-325,-489,-508,-378,-138,129,338,442,412,258,34,-194,-355,-398,-316,-144,74,265,363,343,222,31,-168,-308,-352,-288,-128,69,239,337,327,211,28,-161,-296,-342,-282,-131,60,236,342,342,234,53,-155,-316,-376,-324,-173,37,236,369,392,291,102,-119,-315,-421,-399,-251,-29,211,396,466,397,207,-51,-299,-459,-489,-373,-147,127,373,518,507,341,0,0
10463,mtk,MTK 7916,4079567153,rx2-tx1,512,0,0,0,111,22,-68,-141,-180,-172,-126,-55,29,103,144,154,133,77,2,-65,-120,-140,-123,-79,-19,50,105,127,116,75,7,-59,-103,-125,-113,-68,3,76,131,147,118,52,-34,-113,-162,-175,-129,-37,67,157,212,208,142,34,-88,-195,-259,-255,-165,-26,121,238,307,295,194,28,-159,-299,-361,-336,-209,-21,185,348,416,373,220,6,-219,-395,-465,-409,-245,-12,236,428,509,450,264,-8,-274,-460,-540,-473,-272,2,280,492,569,483,267,-15,-300,-515,-584,-485,-263,32,326,527,586,484,246,-58,-344,-534,-581,-463,-212,95,373,552,577,438,175,-144,-420,-580,-578,0,-138,181,455,604,590,405,100,-239,-511,-648,-609,-395,-64,279,551,687,640,412,62,-307,-588,-713,-653,-414,-51,321,610,737,663,406,37,-335,-624,-750,-654,-378,-9,373,659,762,650,360,-26,-406,-680,-776,-649,-342,53,441,710,781,637,328,-77,-459,-712,-784,-635,-306,101,475,722,783,627,293,-115,-489,-728,-773,-613,-286,109,475,717,767,615,297,-100,-469,-705,-750,-602,-299,85,446,683,735,596,299,-72,-415,-652,-717,-593,-330,5,343,590,687,606,374,57,-267,-516,-631,-598,-427,-159,146,409,566,590,487,288,36,-211,-401,-501,-499,-400,-243,-72,84,208,0,0,0,0,0,3,-92,-183,-256,-293,-277,-199,-72,81,227,333,373,332,217,39,-156,-321,-414,-409,-304,-120,107,320,462,486,380,179,-77,-328,-511,-564,-466,-245,52,351,578,669,585,341,-1,-365,-656,-781,-707,-453,-71,347,699,884,845,586,162,-314,-722,-961,-963,-718,-286,231,707,1018,1061,823,378,-157,-668,-1028,-1121,-908,-469,86,631,1013,1134,962,540,-26,-584,-987,-1131,-990,-587,-29,535,962,1136,1004,608,54,-504,-930,-1112,-994,-611,-77,480,913,1097,981,615,84,-468,-898,-1092,-996,-630,-95,452,874,1071,983,633,113,-425,-846,-1044,-949,-600,-104,417,821,1002,917,578,86,0,-815,-975,-873,-535,-53,439,809,962,848,504,24,-469,-829,-957,-823,-469,15,503,847,955,804,439,-48,-527,-866,-966,-794,-415,75,547,873,965,796,416,-80,-555,-866,-945,-781,-403,82,535,844,928,758,386,-80,-522,-816,-892,-723,-371,79,502,774,832,676,345,-75,-472,-724,-773,-621,-302,94,452,677,711,558,262,-103,-432,-630,-657,-514,-233,103,404,589,619,480,216,-93,-366,-536,-565,-444,-203,76,321,481,509,400,195,-53,-278,-420,-447,-362,-192,25,226,353,388,328,182,-5,-176,-294,-336,-295,-180,-26,129,240,290,267,186,62,-75,-180,-237,-239,-186,-87,0,0,0,0,0,168,190,170,119,39,-46,-116,-159,-166,-133,-70,7,84,133,146,125,76,11,-54,-109,-136,-122,-79,-16,48,99,126,116,67,3,-66,-119,-137,-114,-57,18,95,149,162,124,45,-49,-136,-190,-191,-137,-36,83,185,243,230,155,36,-100,-221,-286,-271,-182,-33,138,280,344,317,198,21,-170,-330,-398,-355,-224,-17,204,370,440,393,242,13,-226,-400,-475,-431,-257,-2,260,452,523,459,266,-6,-279,-485,-561,-483,-275,1,284,494,565,483,267,-27,-308,-511,-581,-492,-260,44,335,531,581,475,236,-72,-361,-553,-588,-458,-199,112,386,557,576,428,155,-158,0,-598,-581,-409,-113,218,491,630,596,400,87,-255,-536,-675,-630,-407,-71,285,569,706,649,410,66,-307,-599,-724,-654,-405,-46,334,629,743,660,399,28,-352,-638,-754,-652,-369,15,393,668,756,641,351,-40,-423,-692,-768,-636,-334,61,448,720,782,639,326,-83,-469,-730,-791,-629,-305,100,481,721,773,623,300,-111,-481,-717,-760,-601,-292,107,482,715,756,600,286,-102,-468,-705,-749,-599,-300,77,427,658,723,599,321,-34,-379,-624,-701,-599,-354,-26,306,556,660,604,394,93,-217,-471,-607,-600,-458,-217,64,325,503,562,507,358,150,-67,-251,-373,-416,-377,-276,0,0,0,0,0,220,215,175,93,-18,-138,-255,-327,-332,-277,-153,18,189,327,395,371,258,79,-128,-314,-429,-441,-343,-152,92,323,473,510,426,220,-55,-333,-538,-609,-521,-291,25,356,617,723,641,388,25,-372,-687,-835,-776,-518,-113,339,719,926,903,650,222,-281,-719,-984,-1014,-783,-347,193,699,1024,1085,867,426,-130,-655,-1022,-1133,-946,-509,58,611,1009,1138,973,563,4,-560,-975,-1135,-996,-592,-36,522,940,1117,994,609,62,-498,-921,-1102,-996,-614,-76,479,913,1102,985,610,87,-455,-886,-1083,-992,-636,-114,433,851,1047,961,618,111,-424,-840,-1025,-931,-590,-98,415,813,983,0,550,78,-421,-806,-969,-866,-524,-37,455,820,958,836,483,4,-484,-840,-961,-816,-452,38,514,854,965,804,424,-60,-534,-860,-958,-802,-422,69,541,874,958,783,407,-81,-549,-863,-944,-772,-401,75,528,835,916,750,386,-73,-504,-796,-867,-713,-360,83,484,748,807,645,312,-93,-459,-699,-745,-594,-279,103,439,653,687,533,249,-95,-407,-608,-638,-493,-223,98,386,566,581,448,209,-85,-351,-512,-536,-420,-196,67,302,449,474,379,195,-37,-250,-384,-415,-339,-181,19,206,330,366,310,178,10,-156,-275,-317,-282,-181,-46,98,215,267,256,185,73,-45,-151,-226,0,0
10464,mtk,MTK 7916,4079710213,rx0-tx0,512,-360,61,-111,256,511,714,835,875,831,698,498,257,-6,-271,-510,-693,-813,-852,-804,-676,-478,-235,38,307,544,734,852,877,806,664,436,162,-129,-412,-650,-816,-905,-893,-773,-575,-317,-21,272,539,739,851,870,792,637,410,143,-136,-388,-593,-727,-775,-744,-635,-463,-248,-22,201,401,541,622,647,589,487,340,165,-14,-187,-333,-440,-500,-516,-478,-392,-276,-134,15,147,264,354,417,430,403,331,243,127,1,-126,-220,-300,-350,-361,-331,-272,-190,-87,5,97,171,214,241,243,223,191,140,91,42,-12,-57,-95,-139,-164,-174,-190,-185,-174,-152,-104,-44,20,86,158,215,250,-588,254,209,147,64,-33,-127,-200,-264,-293,-287,-267,-214,-142,-64,32,119,199,258,291,294,282,245,190,106,18,-78,-171,-257,-322,-356,-363,-337,-282,-202,-86,46,181,310,419,487,522,496,410,276,96,-113,-323,-514,-661,-740,-736,-636,-459,-218,65,363,621,815,931,927,814,581,266,-77,-429,-742,-964,-1061,-1029,-866,-606,-258,128,491,801,1007,1087,1024,839,550,204,-159,-497,-777,-954,-1018,-941,-761,-494,-163,171,474,725,870,901,823,656,404,116,-172,-437,-645,-763,-780,-699,-537,-306,-45,211,437,609,680,663,545,347,105,-148,-365,-519,-566,-504,-361,-158,53,215,401,333,139,-50,-55,2,-125,-254,-334,-357,-300,-184,-27,141,298,400,446,413,326,186,13,-164,-315,-425,-479,-468,-391,-263,-94,83,247,380,462,488,448,343,207,31,-132,-271,-380,-431,-441,-381,-276,-158,-27,102,208,284,320,316,283,224,150,68,-5,-71,-134,-172,-192,-203,-200,-202,-169,-135,-91,-40,17,74,136,203,249,275,289,258,208,119,16,-95,-202,-294,-360,-389,-376,-330,-245,-132,5,136,259,370,438,463,448,375,266,126,-34,-193,-338,-467,-536,-564,-523,-432,-282,-101,91,283,471,610,680,699,633,483,279,33,-232,-474,-672,-811,-854,-799,-651,-429,-142,176,469,726,-291,995,964,821,579,263,-90,-433,-745,-962,-1081,-1075,-935,-701,-384,-18,358,692,944,1088,1112,1014,803,508,161,-208,-557,-824,-998,-1075,-1043,-905,-668,-374,-45,300,603,837,1008,1079,1038,891,651,346,8,-339,-659,-919,-1097,-1152,-1098,-931,-659,-307,73,463,801,1074,1239,1277,1174,943,617,211,-225,-653,-1013,-1273,-1401,-1377,-1195,-881,-463,14,492,916,1256,1446,1485,1355,1059,658,173,-332,-797,-1169,-1414,-1489,-1404,-1167,-790,-333,146,607,998,1274,1407,1371,1184,871,472,24,-403,-796,-1076,-1233,-1258,-1143,-917,-592,-209,174,530,826,1012,1087,1062,922,677,384,57,-268,-555,-773,-912,-955,8,-12,-124,-476,-481,856,731,533,280,9,-267,-512,-704,-815,-856,-809,-682,-485,-250,19,287,526,709,822,860,804,670,466,213,-77,-351,-594,-784,-880,-894,-809,-629,-385,-104,204,479,704,853,908,853,715,490,226,-65,-340,-576,-745,-825,-820,-720,-560,-329,-80,171,398,579,686,719,674,564,387,200,-10,-211,-372,-494,-562,-571,-530,-433,-299,-148,11,170,304,398,460,466,435,362,261,130,-7,-139,-250,-332,-386,-399,-365,-302,-219,-107,6,114,200,271,303,300,275,215,150,75,1,-66,-119,-161,-182,-195,-192,-170,-154,-127,-85,-52,-6,47,95,150,195,220,222,215,187,139,66,321,-103,-180,-241,-285,-299,-274,-219,-148,-51,36,124,206,264,295,297,271,225,155,75,-15,-100,-173,-250,-298,-316,-317,-285,-233,-149,-53,50,164,261,352,409,430,408,352,240,101,-60,-237,-399,-527,-620,-634,-583,-458,-272,-40,217,464,664,799,847,800,640,409,98,-239,-552,-816,-971,-1017,-948,-753,-444,-80,295,630,892,1054,1075,968,742,420,47,-332,-664,-908,-1034,-1030,-912,-676,-364,-7,340,631,851,958,938,815,593,296,-19,-318,-578,-768,-844,-821,-698,-488,-226,55,320,535,679,731,687,566,357,107,-148,-385,-551,-636,-612,-491,-290,-46,179,354,448,430,329,-146,-291,347,-25,-1,-265,-272,-198,-76,82,235,353,409,398,313,174,5,-167,-310,-422,-465,-444,-354,-220,-47,134,295,418,480,479,419,304,147,-24,-203,-337,-431,-471,-439,-374,-248,-104,53,202,301,360,384,357,293,199,89,-18,-112,-189,-237,-257,-252,-233,-192,-135,-87,-35,5,59,113,148,185,214,225,221,203,157,90,21,-69,-159,-243,-306,-338,-337,-300,-227,-129,-6,108,222,318,393,425,410,359,259,124,-18,-167,-306,-413,-485,-510,-477,-410,-283,-120,59,240,395,530,601,618,575,466,289,85,-137,-373,-566,-702,-774,-756,-646,-467,-223,57,336,589,787,908,912,818,635,374,52,-287,-603,-850,-1007,-1044,-964,-775,-485,-145,232,571,850,1042,1119,1063,883,603,261,-105,-461,-770,-984,-1096,-1085,-954,-719,-420,-78,267,585,840,999,1072,1028,872,647,357,24,-317,-626,-875,-1039,-1107,-1066,-916,-663,-342,20,383,718,993,1160,1214,1139,941,647,271,-143,-553,-910,-1181,-1332,-1342,-1199,-926,-552,-113,349,781,1134,1371,1458,1376,1148,786,333,-156,-640,-1050,-1341,-1496,-1470,-1283,-951,-509,-8,476,914,1246,1424,1447,1313,1030,643,181,-291,-718,-1056,-1275,-1336,-1261,-1046,-713,-326,91,485,814,1054,1169,1156,1030,786,460,117,-231,-553,-806,-962,-1026,-975,-825,-601,-326,-22,-66,-61
10465,mtk,MTK 7916,4079710213,rx0-tx1,512,459,-623,-587,686,445,154,-167,-467,-732,-926,-1019,-1009,-891,-670,-367,-22,325,651,905,1073,1132,1063,872,585,235,-154,-526,-847,-1087,-1205,-1199,-1057,-803,-461,-56,353,723,1033,1221,1277,1202,993,666,282,-138,-550,-906,-1160,-1288,-1279,-1132,-864,-509,-95,328,707,1016,1217,1287,1224,1034,726,344,-67,-464,-820,-1083,-1230,-1250,-1138,-905,-580,-198,199,569,882,1095,1197,1166,1019,767,438,72,-306,-638,-910,-1075,-1132,-1074,-902,-649,-325,19,356,665,897,1034,1071,984,804,552,241,-97,-409,-682,-883,-998,-1007,-923,-737,-481,-175,150,453,713,897,988,979,875,677,410,104,-218,-514,-758,-936,-1005,-969,-430,-618,-320,0,330,635,868,1012,1054,971,783,514,180,-175,-510,-798,-992,-1075,-1046,-900,-645,-321,44,397,704,936,1061,1071,954,728,428,75,-285,-601,-848,-1001,-1030,-950,-761,-490,-168,166,471,721,883,948,897,752,533,255,-47,-327,-567,-733,-810,-799,-707,-539,-321,-73,176,393,566,666,688,643,533,360,166,-42,-239,-404,-523,-577,-567,-506,-392,-234,-60,112,270,387,455,477,442,371,254,114,-20,-150,-263,-335,-372,-381,-334,-263,-165,-53,63,164,243,300,321,304,258,183,87,-16,-113,-199,-254,-286,-281,-237,-165,-70,38,135,207,253,250,202,125,30,-62,-128,-346,-477,279,263,543,-54,78,222,328,377,355,261,126,-47,-217,-350,-439,-459,-416,-313,-169,-2,178,322,438,502,500,444,322,170,-17,-198,-365,-495,-570,-582,-527,-410,-235,-26,186,393,561,666,703,649,522,335,87,-171,-426,-626,-772,-822,-775,-642,-420,-140,166,461,698,862,923,880,724,480,177,-146,-466,-718,-888,-958,-906,-754,-511,-201,119,429,683,859,926,883,744,514,235,-63,-355,-584,-749,-828,-813,-708,-515,-280,-24,231,445,606,702,715,650,527,344,135,-81,-279,-436,-543,-598,-586,-518,-395,-239,-72,107,266,390,470,509,494,435,339,210,66,-87,-224,-343,-432,-467,-462,230,-338,-225,-81,66,208,338,424,473,477,432,345,222,71,-82,-223,-349,-441,-489,-481,-419,-325,-198,-50,108,248,363,439,465,447,389,292,165,30,-103,-231,-333,-398,-426,-409,-357,-282,-178,-59,60,173,271,343,389,399,380,324,242,137,20,-108,-220,-325,-406,-442,-447,-411,-329,-217,-79,72,220,352,457,518,535,493,400,265,98,-81,-261,-416,-532,-597,-592,-540,-434,-271,-84,123,314,473,593,651,642,567,436,267,57,-155,-359,-523,-640,-696,-682,-598,-452,-260,-36,195,409,580,701,754,726,629,465,244,-5,-257,-488,-667,-786,-829,-783,-658,-463,-208,68,349,-600,-381,217,14,209,-649,-840,-955,-963,-868,-683,-409,-94,241,556,826,1008,1077,1041,884,630,310,-54,-424,-753,-999,-1143,-1170,-1059,-843,-527,-152,246,627,936,1158,1251,1204,1032,745,365,-45,-458,-830,-1102,-1257,-1289,-1179,-937,-590,-187,240,640,971,1200,1301,1255,1082,797,423,5,-406,-774,-1060,-1230,-1269,-1182,-974,-655,-279,129,520,857,1093,1215,1205,1078,837,511,132,-258,-613,-904,-1089,-1169,-1122,-966,-712,-383,-29,336,655,908,1059,1095,1031,865,603,293,-54,-393,-675,-890,-1024,-1040,-948,-769,-512,-205,115,427,696,885,987,987,889,704,443,138,-179,-479,-732,-906,-991,-974,-852,-652,-377,-56,265,-1099,808,968,1028,984,828,573,264,-81,-423,-711,-932,-1054,-1057,-948,-731,-423,-74,284,614,875,1036,1085,1007,825,542,203,-163,-511,-791,-983,-1065,-1021,-862,-620,-300,46,382,671,876,982,972,860,651,374,53,-261,-531,-736,-862,-885,-810,-651,-419,-153,119,369,573,705,760,729,622,453,234,6,-214,-411,-550,-619,-632,-573,-461,-297,-105,81,255,403,498,528,508,435,313,168,10,-139,-266,-369,-411,-417,-384,-308,-200,-89,38,158,249,314,342,335,290,224,132,25,-82,-173,-248,-291,-297,-275,-218,-138,-44,63,156,226,270,273,232,164,68,-42,-133,-194,-217,-193,-138,-460,-339,581,-658,-458,277,301,256,144,-6,-171,-311,-403,-436,-387,-282,-132,40,209,351,444,487,459,370,242,74,-101,-274,-416,-511,-548,-513,-427,-282,-105,95,287,458,581,636,619,538,378,175,-65,-305,-507,-673,-757,-755,-663,-484,-249,32,302,554,755,865,876,773,578,312,0,-318,-605,-812,-928,-943,-841,-624,-345,-17,306,588,812,927,935,839,646,375,57,-253,-531,-745,-860,-883,-798,-626,-397,-120,156,414,615,733,777,728,602,424,203,-41,-264,-450,-589,-652,-653,-577,-447,-280,-91,105,276,419,506,548,537,466,354,218,60,-103,-240,-358,-440,-482,-479,-421,-334,-208,-68,74,-198,322,413,468,470,435,347,222,82,-70,-215,-340,-432,-481,-476,-430,-339,-210,-58,101,241,358,443,485,473,410,310,178,31,-115,-248,-355,-423,-442,-428,-372,-278,-164,-37,95,206,301,371,402,399,366,296,205,95,-21,-138,-245,-331,-388,-418,-410,-362,-289,-178,-49,82,218,335,425,480,492,454,372,246,96,-68,-236,-382,-496,-560,-568,-520,-417,-273,-88,104,281,447,560,623,622,555,433,271,69,-136,-335,-494,-615,-675,-662,-584,-444,-261,-45,174,381,551,668,723,701,610,458,258,22,-216,-433,-618,-742,-787,-756,-644,-464,-232,32,297,531,719,836,863,803,-330,-581
10466,mtk,MTK 7916,4079710213,rx1-tx0,512,154,-1061,-1397,292,411,479,486,429,327,175,7,-166,-310,-418,-471,-468,-406,-296,-151,19,192,335,430,482,474,404,284,134,-41,-209,-352,-459,-514,-505,-429,-308,-149,27,208,366,492,562,562,497,381,213,7,-199,-387,-532,-622,-636,-587,-467,-288,-69,164,381,566,683,727,688,572,386,153,-107,-356,-577,-736,-811,-795,-681,-489,-234,52,330,574,767,858,855,770,575,313,24,-267,-539,-741,-856,-878,-799,-637,-402,-126,162,430,648,791,844,808,694,500,264,-2,-260,-490,-666,-779,-805,-758,-636,-446,-209,47,295,526,699,809,840,784,651,451,196,-93,-376,-628,-832,-943,-958,231,-684,-417,-93,250,583,866,1054,1133,1076,895,620,252,-149,-541,-892,-1135,-1261,-1247,-1087,-794,-405,36,484,885,1197,1371,1389,1250,955,554,74,-421,-862,-1215,-1440,-1488,-1378,-1095,-693,-200,317,805,1196,1451,1556,1466,1233,845,348,-191,-704,-1146,-1455,-1601,-1571,-1357,-983,-496,59,607,1100,1472,1662,1658,1459,1086,580,3,-582,-1095,-1487,-1694,-1680,-1471,-1087,-554,35,613,1109,1460,1620,1579,1355,950,444,-111,-634,-1052,-1346,-1454,-1383,-1146,-773,-313,169,600,964,1196,1259,1171,933,591,180,-237,-614,-904,-1064,-1080,-952,-695,-350,45,422,721,902,948,829,579,239,-129,-441,-639,-690,-587,-371,888,247,-388,-535,-352,-155,52,294,488,601,601,473,248,-33,-317,-563,-724,-764,-696,-520,-263,31,336,593,775,872,846,704,465,163,-179,-488,-751,-942,-1007,-942,-764,-480,-134,256,616,907,1098,1160,1077,852,526,132,-309,-710,-1028,-1228,-1299,-1201,-963,-591,-139,340,783,1142,1356,1426,1323,1057,657,180,-326,-801,-1194,-1444,-1514,-1412,-1139,-725,-227,311,806,1217,1478,1570,1464,1186,772,262,-276,-774,-1182,-1439,-1532,-1441,-1187,-791,-313,194,663,1055,1327,1431,1386,1184,843,432,-41,-493,-883,-1167,-1311,-1321,-1193,-923,-562,-142,288,688,1011,1207,1279,1218,1017,711,341,-78,-473,-825,-1087,-1228,-1245,-1122,-874,-545,-49,255,647,962,1182,1289,1244,1063,778,394,-42,-483,-870,-1167,-1346,-1377,-1248,-984,-605,-144,346,802,1170,1419,1500,1411,1152,751,262,-258,-753,-1159,-1435,-1531,-1469,-1215,-818,-345,176,670,1089,1374,1496,1443,1226,868,406,-82,-558,-966,-1244,-1376,-1360,-1185,-874,-470,-22,409,785,1069,1218,1230,1111,859,532,155,-240,-589,-867,-1044,-1103,-1030,-854,-587,-261,76,407,687,876,971,949,826,622,342,32,-275,-546,-745,-857,-877,-786,-607,-362,-86,192,445,643,757,778,711,562,353,105,-152,-379,-555,-657,-684,-625,-496,-306,-89,129,332,486,571,596,534,418,250,63,-130,-303,-434,-508,-521,-312,-503,843,993,384,401,273,110,-65,-226,-359,-448,-479,-451,-364,-236,-74,92,250,373,453,482,444,344,208,51,-122,-276,-396,-475,-498,-456,-358,-224,-53,125,292,423,506,533,501,410,271,87,-111,-293,-444,-559,-603,-578,-482,-330,-135,80,287,473,608,677,669,585,428,221,-14,-253,-473,-646,-747,-764,-691,-541,-319,-56,217,474,677,808,848,785,645,415,130,-159,-441,-680,-829,-885,-848,-713,-489,-218,79,364,609,781,863,853,754,568,324,45,-226,-476,-664,-784,-821,-772,-647,-458,-227,28,271,497,671,781,806,759,632,441,206,-57,-324,-559,-746,-864,-894,-827,-682,-450,-159,152,-568,731,931,1035,1025,904,671,354,-11,-393,-727,-998,-1169,-1193,-1098,-867,-528,-124,314,720,1050,1263,1342,1265,1042,688,248,-219,-679,-1062,-1333,-1451,-1392,-1180,-838,-385,116,605,1035,1342,1507,1493,1312,969,533,8,-507,-962,-1329,-1541,-1575,-1429,-1123,-676,-155,389,896,1302,1566,1648,1543,1261,817,272,-305,-851,-1302,-1599,-1702,-1604,-1313,-865,-293,312,861,1320,1608,1688,1560,1239,773,214,-352,-879,-1281,-1510,-1551,-1385,-1068,-623,-110,390,831,1159,1335,1331,1168,875,462,15,-414,-781,-1040,-1161,-1129,-955,-661,-289,110,490,791,980,1025,909,663,329,-50,-411,-681,-832,-817,-651,-374,-52,245,433,1138,1423,-31,-243,-456,413,489,448,294,61,-214,-468,-642,-706,-651,-488,-232,64,353,602,762,822,765,593,350,50,-273,-562,-784,-914,-925,-810,-609,-311,41,392,704,938,1066,1066,921,665,319,-76,-478,-834,-1085,-1229,-1214,-1041,-741,-350,97,541,922,1216,1356,1338,1156,828,399,-79,-576,-1005,-1321,-1465,-1445,-1259,-921,-456,67,575,1031,1357,1529,1515,1319,973,510,-26,-560,-1021,-1359,-1542,-1537,-1348,-1006,-543,-29,489,945,1282,1463,1472,1313,1017,594,119,-352,-795,-1126,-1332,-1396,-1294,-1058,-699,-267,177,605,956,1191,1303,1271,1107,812,436,26,-386,-761,-1041,-1217,-1253,-1155,-943,-625,-240,169,569,894,1121,425,1231,1082,817,477,68,-363,-749,-1061,-1266,-1335,-1256,-1036,-701,-287,176,626,1013,1295,1436,1406,1219,897,467,-34,-535,-993,-1325,-1504,-1506,-1337,-1013,-556,-45,475,949,1291,1488,1518,1361,1048,616,122,-385,-837,-1196,-1402,-1437,-1326,-1051,-664,-218,250,688,1030,1250,1314,1234,1020,694,299,-117,-513,-842,-1056,-1165,-1131,-977,-725,-394,-28,333,643,881,1010,1026,936,730,458,143,-184,-478,-722,-877,-925,-873,-724,-492,-219,85,372,605,761,824,797,679,482,232,-37,-296,-510,-658,-729,-707,-601,-430,-216,16,247,444,580,637,619,527,369,181,-29,-230,-393,-504,-552,-534,-448,-310,-140,45,496,304
10467,mtk,MTK 7916,4079710213,rx1-tx1,512,0,0,0,-354,-323,-229,-93,60,203,311,360,342,251,110,-45,-197,-314,-361,-336,-238,-89,68,224,332,365,324,219,61,-116,-270,-371,-396,-332,-194,-22,164,323,416,423,339,188,-2,-199,-361,-452,-441,-347,-182,24,229,388,472,454,352,181,-36,-249,-407,-484,-458,-342,-161,53,259,411,480,442,316,130,-86,-277,-416,-471,-426,-288,-93,121,306,429,468,410,263,68,-140,-325,-443,-467,-402,-263,-76,128,304,419,447,387,258,87,-94,-250,-350,-383,-348,-247,-99,54,178,267,302,281,208,102,-12,-108,-166,-187,-167,-126,-68,0,55,79,76,49,18,-3,-19,-24,-7,0,49,75,83,65,26,-27,-79,-127,-150,-142,-107,-44,37,116,180,204,192,143,59,-40,-134,-201,-222,-209,-145,-44,53,139,197,213,181,102,-3,-102,-171,-203,-195,-132,-23,97,198,256,265,203,78,-74,-217,-335,-395,-374,-268,-89,120,314,471,556,534,388,159,-109,-377,-595,-703,-687,-539,-287,28,347,614,775,806,689,435,104,-242,-546,-767,-856,-783,-556,-245,99,428,675,803,775,607,331,5,-312,-566,-708,-717,-588,-360,-74,220,465,618,650,555,371,119,-157,-394,-556,-613,-554,-408,-189,62,297,477,580,591,511,354,157,-54,-244,-386,-465,-480,-441,-358,0,0,0,0,0,130,148,161,147,109,50,-24,-108,-189,-247,-277,-264,-205,-112,0,121,231,319,353,321,236,104,-53,-205,-331,-407,-407,-335,-202,-16,178,351,460,490,432,294,90,-141,-358,-513,-578,-544,-412,-189,76,333,530,634,630,514,296,26,-248,-489,-655,-694,-588,-388,-119,183,447,618,668,599,421,158,-127,-387,-561,-634,-589,-428,-179,98,357,544,621,576,415,178,-91,-336,-509,-591,-553,-404,-183,73,303,471,550,521,389,184,-52,-272,-425,-489,-459,-339,-155,50,237,372,426,393,275,108,-65,-226,-330,-357,-307,-193,-39,123,252,315,313,246,120,-37,-188,-294,-334,0,-199,-50,112,253,340,363,308,183,18,-161,-312,-389,-389,-313,-171,10,197,349,426,415,329,171,-21,-214,-364,-443,-442,-348,-179,16,206,356,429,420,330,180,-15,-205,-348,-415,-401,-309,-161,19,198,331,385,365,273,128,-41,-197,-307,-359,-338,-240,-98,45,179,280,321,293,205,84,-50,-167,-248,-282,-255,-179,-74,40,139,206,229,208,152,62,-30,-104,-158,-179,-163,-127,-72,-6,52,93,114,116,96,74,54,28,-5,-30,-46,-61,-75,-83,-92,-86,-72,-44,0,51,93,133,165,166,132,64,-18,-99,-176,-228,-234,-197,-125,-23,92,197,272,297,265,0,0,0,0,0,2,-141,-262,-339,-353,-296,-178,-26,130,261,346,359,299,184,32,-141,-276,-349,-351,-285,-159,9,170,298,367,355,276,136,-48,-221,-348,-406,-376,-271,-110,86,273,392,435,395,269,88,-113,-303,-439,-482,-415,-265,-76,130,320,449,484,421,269,59,-161,-343,-456,-475,-401,-247,-43,176,355,454,467,385,217,10,-198,-365,-457,-453,-356,-186,19,225,388,461,447,348,176,-31,-229,-386,-456,-434,-334,-165,27,199,341,415,403,319,181,13,-143,-269,-340,-342,-280,-175,-41,92,187,239,242,197,123,41,-41,-106,-130,-127,-103,-56,-11,23,43,41,19,-10,-38,0,-40,-11,30,77,106,113,98,57,2,-66,-133,-176,-184,-153,-86,-5,80,158,217,226,186,103,5,-93,-171,-218,-216,-163,-78,19,115,184,210,185,111,6,-100,-184,-229,-221,-151,-41,83,209,302,326,275,162,-5,-187,-347,-447,-466,-391,-229,-4,234,449,597,632,546,350,70,-229,-494,-688,-770,-705,-508,-209,137,460,704,826,803,636,350,-3,-355,-636,-804,-820,-698,-455,-131,218,516,713,774,693,489,197,-121,-405,-602,-689,-645,-479,-233,46,317,526,623,602,476,267,11,-247,-452,-576,-601,-521,-362,-150,86,301,462,550,564,497,365,209,48,-99,-219,0,0,0,0,0,-40,-5,51,114,170,210,231,219,173,96,-4,-110,-206,-282,-316,-302,-229,-113,21,163,281,360,384,334,223,69,-104,-277,-404,-456,-427,-324,-157,56,264,434,531,529,430,246,13,-230,-445,-582,-613,-532,-356,-111,157,409,597,675,626,467,217,-70,-352,-572,-675,-659,-518,-279,4,288,516,644,647,527,310,33,-238,-465,-604,-614,-501,-301,-46,228,453,582,592,494,301,52,-201,-420,-549,-573,-488,-308,-66,179,370,494,525,438,276,73,-150,-333,-439,-456,-375,-228,-43,150,300,378,379,301,162,-10,-165,-279,-331,-311,-222,-80,78,216,301,316,266,151,-4,0,-275,-346,-338,-249,-103,62,215,338,392,356,247,90,-84,-248,-377,-426,-379,-254,-82,112,287,407,447,393,263,78,-125,-303,-414,-441,-386,-262,-81,116,286,393,428,376,242,61,-116,-271,-383,-412,-351,-211,-47,119,259,357,376,318,192,29,-130,-254,-335,-344,-279,-168,-23,115,224,286,295,249,146,16,-104,-199,-252,-252,-203,-120,-18,78,154,195,202,158,98,32,-44,-106,-140,-148,-131,-96,-51,-5,36,62,71,75,81,79,62,44,36,19,-15,-48,-79,-104,-115,-117,-102,-62,-5,60,128,181,206,186,140,62,-48,-153,-230,-267,-256,-203,-111,16,145,0,0
10468,mtk,MTK 7916,4079710213,rx2-tx0,512,0,0,0,552,627,571,386,118,-183,-449,-627,-678,-590,-369,-66,255,522,686,708,578,322,3,-325,-587,-725,-717,-561,-277,71,406,651,760,707,499,191,-162,-490,-717,-788,-691,-444,-101,272,593,782,804,658,363,-20,-396,-692,-845,-822,-619,-273,138,526,803,912,825,563,177,-259,-649,-905,-975,-835,-512,-79,373,760,993,1022,838,471,2,-471,-852,-1059,-1049,-820,-418,78,558,926,1102,1054,793,357,-151,-624,-970,-1118,-1043,-753,-305,203,672,995,1115,1008,697,247,-253,-696,-987,-1077,-950,-629,-181,299,714,975,1033,877,543,104,-349,-723,-946,-964,-787,-452,-22,411,745,912,886,0,338,-76,-475,-768,-891,-822,-585,-231,173,546,800,883,774,501,124,-281,-634,-849,-887,-740,-432,-30,382,713,894,895,711,372,-47,-460,-780,-942,-916,-695,-322,111,520,831,979,919,665,284,-160,-582,-877,-997,-915,-642,-242,209,621,904,995,896,616,205,-246,-646,-921,-1010,-897,-604,-193,257,654,915,998,889,599,196,-238,-622,-877,-963,-865,-592,-210,200,566,817,901,806,561,214,-159,-498,-729,-814,-745,-526,-213,127,439,651,728,670,490,222,-79,-355,-560,-655,-624,-476,-243,25,283,482,586,590,493,312,84,-146,-344,-479,-539,-520,-427,-281,-114,48,182,274,322,0,0,0,0,0,-218,-329,-412,-448,-425,-335,-186,2,207,396,534,591,553,416,201,-54,-313,-531,-661,-673,-561,-335,-36,276,547,732,786,690,455,122,-253,-596,-841,-928,-838,-585,-208,225,635,942,1074,1007,746,328,-168,-646,-1017,-1203,-1158,-896,-455,81,613,1042,1279,1278,1036,593,31,-545,-1026,-1309,-1343,-1120,-680,-115,470,973,1278,1339,1140,724,168,-416,-911,-1225,-1303,-1125,-723,-182,381,863,1173,1242,1065,683,169,-378,-837,-1118,-1177,-1005,-629,-123,389,813,1072,1114,934,572,93,-395,-801,-1040,-1065,-870,-507,-50,413,788,994,1000,802,440,-3,-436,-778,-957,-937,-729,-372,59,464,770,924,0,655,304,-106,-493,-772,-888,-826,-594,-243,148,507,759,851,771,532,189,-185,-516,-738,-800,-697,-455,-125,222,512,694,731,612,370,61,-250,-500,-642,-646,-511,-275,8,277,483,578,543,399,177,-75,-302,-452,-501,-437,-284,-76,144,321,414,410,319,159,-30,-209,-330,-366,-314,-195,-30,138,267,332,319,227,79,-90,-233,-319,-335,-272,-141,26,188,306,351,312,203,48,-119,-270,-357,-355,-276,-138,42,215,341,390,348,225,53,-138,-304,-403,-416,-333,-175,27,225,382,457,427,306,116,-107,-315,-459,-497,-425,-264,-46,194,399,516,524,422,224,-27,-277,-473,-563,0,0,0,0,0,-274,-3,282,515,641,636,495,246,-63,-360,-586,-693,-660,-485,-201,131,432,643,726,654,442,136,-203,-498,-694,-749,-641,-390,-55,294,586,754,758,603,319,-42,-399,-665,-797,-757,-552,-230,147,502,753,845,754,493,125,-273,-620,-836,-875,-729,-426,-21,397,738,923,914,711,346,-100,-526,-848,-1001,-941,-682,-275,202,638,943,1061,958,653,207,-289,-729,-1016,-1096,-952,-610,-145,359,792,1065,1120,941,569,81,-424,-839,-1084,-1105,-903,-514,-22,469,865,1085,1074,846,453,-33,-509,-869,-1046,-1011,-775,-380,94,537,860,1006,943,683,285,-165,-571,-848,-947,-852,-578,-180,243,0,848,904,768,469,73,-333,-665,-855,-866,-694,-374,29,426,730,875,837,625,281,-128,-512,-793,-906,-825,-579,-208,216,595,855,933,816,534,135,-296,-669,-906,-961,-817,-501,-82,348,714,939,970,806,475,34,-408,-764,-964,-976,-787,-430,12,449,794,989,984,776,416,-30,-471,-815,-996,-981,-769,-400,40,462,793,974,953,749,411,-9,-425,-746,-917,-912,-727,-405,-11,373,668,835,841,674,386,35,-312,-588,-746,-758,-622,-372,-57,259,511,663,685,573,357,83,-201,-436,-587,-627,-551,-387,-150,111,335,498,577,559,451,279,73,-127,-296,-416,-469,-455,-385,-284,-167,0,0,0,0,0,277,207,95,-57,-219,-369,-486,-539,-512,-405,-226,1,242,450,591,635,565,390,139,-152,-428,-635,-729,-690,-524,-245,94,426,697,848,833,656,349,-42,-444,-777,-975,-991,-815,-479,-37,429,831,1090,1144,982,629,145,-380,-849,-1170,-1269,-1124,-770,-263,311,827,1196,1341,1227,880,366,-226,-779,-1180,-1353,-1267,-950,-442,157,712,1128,1324,1259,951,466,-110,-659,-1070,-1271,-1218,-920,-451,100,630,1028,1213,1157,874,411,-120,-615,-984,-1155,-1096,-810,-363,142,613,958,1104,1026,737,306,-174,-617,-929,-1043,-955,-674,-255,205,618,899,993,890,605,190,-253,-631,-877,-950,-827,-528,-127,0,644,858,901,758,456,69,-325,-652,-848,-865,-702,-399,-23,349,646,807,799,630,332,-27,-372,-636,-761,-728,-551,-264,69,385,610,695,636,451,180,-123,-393,-567,-618,-537,-344,-91,173,393,521,531,429,238,4,-218,-386,-463,-435,-308,-118,85,256,366,393,326,184,4,-170,-296,-348,-318,-217,-62,108,249,325,322,240,107,-55,-207,-312,-341,-288,-166,-5,162,292,354,339,243,88,-95,-257,-356,-376,-316,-183,-2,183,332,404,385,284,114,-89,-272,-396,-434,-380,-240,-48,163,352,461,468,369,189,-42,-266,-431,-507,-478,-346,-133,117,349,506,555,491,316,68,0,0
10469,mtk,MTK 7916,4079710213,rx2-tx1,512,0,0,0,15,-33,-71,-91,-99,-90,-70,-44,-17,10,31,48,52,49,43,29,12,-3,-12,-20,-28,-31,-24,-15,-10,0,11,19,17,7,-7,-20,-28,-30,-25,-11,11,32,57,74,71,54,25,-17,-61,-107,-131,-130,-106,-54,16,88,152,192,195,158,78,-18,-113,-198,-249,-257,-213,-118,5,130,238,309,325,270,162,20,-138,-273,-356,-374,-321,-194,-25,152,308,406,425,363,225,32,-169,-336,-447,-472,-407,-262,-60,163,358,472,497,427,266,59,-166,-368,-491,-518,-445,-277,-54,174,380,508,529,441,267,41,-197,-399,-519,-534,-442,-255,-9,244,441,545,544,0,234,-26,-281,-477,-581,-572,-443,-218,53,320,525,628,615,472,229,-65,-351,-570,-683,-654,-503,-248,69,371,597,710,687,524,249,-74,-382,-615,-730,-704,-528,-246,76,395,643,757,719,546,261,-86,-418,-668,-781,-740,-552,-258,84,417,665,781,752,574,279,-72,-409,-663,-785,-753,-577,-291,53,388,648,780,757,589,308,-32,-365,-623,-757,-739,-579,-320,-2,322,580,712,711,582,337,29,-272,-516,-671,-691,-578,-356,-73,214,459,616,658,577,393,144,-130,-375,-543,-612,-576,-442,-233,6,237,428,543,564,499,357,165,-34,-216,-362,-446,-462,-421,-338,-221,-98,15,0,0,0,0,0,-167,-197,-204,-182,-132,-52,47,145,231,294,317,292,216,102,-34,-175,-287,-356,-374,-321,-206,-49,123,282,399,444,405,291,107,-101,-298,-458,-537,-518,-403,-203,52,302,510,634,640,528,311,26,-281,-546,-719,-766,-668,-439,-124,220,537,772,872,810,592,259,-126,-500,-795,-937,-906,-708,-372,36,436,771,960,965,789,463,51,-368,-723,-947,-993,-846,-545,-135,300,680,919,984,872,585,179,-255,-636,-898,-983,-882,-610,-211,225,608,881,976,882,622,238,-186,-583,-861,-970,-900,-644,-264,150,538,831,951,883,648,286,-131,-516,-795,-918,-864,-637,-279,124,496,773,0,834,611,266,-133,-503,-766,-878,-815,-587,-241,154,523,779,879,808,573,224,-172,-539,-790,-885,-810,-569,-217,178,548,802,898,816,570,215,-185,-547,-798,-893,-811,-577,-226,177,528,766,862,798,574,229,-156,-501,-740,-827,-759,-551,-228,136,462,689,783,723,515,213,-120,-422,-631,-706,-641,-456,-190,114,392,581,650,585,406,149,-130,-372,-534,-588,-531,-367,-128,124,339,488,543,483,328,121,-107,-304,-436,-484,-438,-303,-117,77,250,373,425,392,281,126,-40,-196,-310,-362,-339,-259,-137,8,145,242,286,280,226,139,31,-77,-158,-206,-224,-195,-130,-55,22,91,0,0,0,0,0,115,110,86,53,21,-17,-51,-66,-68,-68,-56,-37,-20,-3,18,31,36,36,32,23,13,0,-10,-20,-26,-26,-15,-2,10,19,23,21,10,-10,-30,-43,-49,-42,-24,1,33,69,95,104,90,56,14,-48,-104,-145,-163,-146,-96,-24,61,142,204,223,201,148,51,-68,-178,-259,-294,-272,-195,-77,61,196,303,347,325,240,105,-61,-224,-346,-403,-382,-285,-125,63,244,387,455,430,319,149,-58,-266,-418,-488,-467,-357,-171,56,269,432,514,486,362,174,-57,-281,-445,-521,-496,-373,-170,72,296,459,533,497,357,144,-104,-335,-493,-549,-496,-342,-114,132,0,526,577,512,341,91,-174,-408,-576,-626,-540,-351,-79,211,459,617,659,578,370,88,-211,-478,-650,-696,-611,-397,-94,223,500,681,726,627,403,89,-241,-517,-698,-744,-634,-398,-85,245,526,711,763,649,401,79,-264,-553,-738,-785,-668,-424,-101,249,559,756,801,689,441,102,-248,-550,-746,-797,-687,-447,-123,220,524,724,786,692,464,151,-181,-477,-680,-745,-666,-460,-173,141,431,641,721,659,471,205,-92,-377,-585,-677,-641,-487,-248,28,300,513,620,611,504,304,56,-191,-404,-548,-595,-540,-394,-189,39,250,412,508,521,458,343,192,24,-133,-251,-317,-336,-316,0,0,0,0,0,57,-3,-74,-149,-215,-262,-275,-251,-194,-98,27,154,257,324,345,315,229,86,-74,-226,-347,-406,-397,-316,-173,10,206,373,476,494,417,260,47,-190,-406,-554,-601,-536,-369,-125,157,420,618,708,669,505,238,-82,-404,-664,-810,-809,-648,-368,-14,364,673,861,909,785,501,117,-288,-638,-879,-964,-869,-609,-229,204,592,867,990,925,682,307,-127,-534,-838,-991,-956,-726,-369,57,482,817,985,960,748,393,-26,-449,-786,-968,-966,-771,-431,-14,415,760,957,963,779,453,43,-382,-725,-922,-950,-790,-478,-77,341,685,891,929,783,479,94,-307,-655,-869,-894,-746,-458,0,309,633,837,876,728,429,52,-331,-652,-847,-866,-703,-405,-33,353,669,852,867,707,404,24,-366,-689,-873,-874,-710,-406,-10,382,696,874,878,713,407,21,-367,-680,-857,-875,-716,-406,-29,339,648,830,844,690,411,56,-311,-608,-775,-794,-651,-382,-44,290,555,712,729,592,348,43,-273,-521,-655,-655,-529,-302,-22,259,482,599,598,479,261,-1,-254,-453,-556,-546,-434,-244,-5,225,408,502,497,400,228,13,-196,-354,-444,-443,-361,-217,-37,150,294,374,384,326,209,56,-99,-227,-309,-330,-286,-197,-76,55,164,233,259,240,177,89,-7,-90,-148,-178,-180,-151,0,0
10470,mtk,MTK 7916,4079841100,rx0-tx0,512,-360,-344,-222,-896,-882,-817,-690,-508,-298,-65,173,398,583,730,816,849,814,721,571,376,151,-81,-321,-533,-693,-824,-884,-860,-784,-637,-437,-205,42,311,557,738,860,913,898,799,634,410,155,-105,-359,-566,-735,-846,-870,-824,-707,-538,-322,-92,135,351,527,659,727,731,686,580,436,270,83,-99,-274,-412,-502,-560,-577,-549,-477,-381,-258,-123,8,138,257,352,411,445,445,409,359,274,166,53,-64,-163,-255,-328,-372,-374,-353,-318,-251,-167,-81,5,89,162,213,239,250,246,221,184,143,103,56,9,-22,-53,-81,-103,-140,-157,-167,-183,-185,-182,-162,-128,-92,-38,31,103,-588,217,245,268,281,251,204,147,61,-16,-87,-166,-227,-270,-296,-295,-276,-249,-193,-123,-61,18,97,171,237,293,336,358,349,308,262,185,92,-19,-128,-251,-355,-437,-494,-516,-500,-448,-350,-196,-25,160,346,509,650,730,757,715,604,428,194,-59,-322,-584,-797,-939,-984,-949,-819,-600,-317,8,347,645,893,1056,1109,1066,913,658,347,4,-342,-639,-882,-1035,-1095,-1040,-886,-647,-345,-32,288,578,806,947,993,947,806,595,330,39,-232,-491,-691,-802,-846,-804,-687,-503,-275,-28,206,416,584,687,718,667,543,362,146,-80,-299,-468,-565,-585,-521,-382,-191,4,179,295,-382,-424,139,22,43,-208,-136,-24,106,230,327,374,368,306,195,66,-82,-228,-348,-426,-451,-423,-354,-243,-100,47,200,326,420,469,469,420,328,197,63,-83,-221,-326,-412,-448,-435,-380,-298,-189,-73,50,150,243,315,348,345,315,270,201,123,45,-31,-95,-160,-203,-218,-236,-244,-232,-221,-193,-151,-104,-45,25,85,148,213,268,296,307,304,272,210,131,47,-58,-159,-249,-319,-370,-389,-378,-352,-285,-194,-93,18,133,243,347,407,468,471,446,388,299,177,33,-114,-248,-379,-499,-572,-600,-587,-520,-410,-259,-84,119,319,491,642,746,783,751,648,491,290,49,-213,-460,-674,-840,-291,-945,-862,-713,-501,-236,64,367,632,847,992,1061,1030,908,698,430,117,-204,-504,-771,-954,-1063,-1086,-1016,-851,-620,-344,-40,259,534,766,931,1018,1034,981,841,642,400,118,-169,-445,-703,-904,-1042,-1100,-1071,-958,-767,-525,-236,81,403,692,953,1130,1213,1210,1108,917,643,311,-52,-414,-763,-1055,-1255,-1367,-1368,-1237,-1009,-698,-308,109,526,892,1192,1404,1486,1441,1263,982,616,189,-253,-670,-1034,-1295,-1465,-1491,-1375,-1159,-843,-449,-29,388,761,1080,1294,1374,1352,1209,961,654,292,-94,-458,-768,-1002,-1157,-1216,-1158,-1018,-801,-519,-214,110,403,663,860,974,1023,981,866,697,472,210,-57,-37,-124,303,416,-138,109,339,554,711,819,861,843,760,622,442,222,-9,-246,-460,-641,-772,-844,-859,-815,-691,-524,-316,-59,184,416,629,787,874,904,868,734,546,313,66,-204,-454,-664,-821,-897,-897,-822,-675,-494,-253,2,248,464,635,755,801,789,708,573,392,186,-23,-218,-396,-526,-620,-661,-640,-575,-458,-329,-180,-19,140,277,382,463,502,505,470,406,307,204,86,-37,-150,-249,-339,-393,-413,-402,-367,-311,-228,-123,-14,77,164,246,295,319,317,295,246,183,116,51,-13,-74,-116,-151,-172,-187,-182,-167,-157,-138,-123,-107,-72,-48,-6,39,87,133,171,205,238,247,237,321,164,90,23,-65,-148,-204,-263,-296,-292,-281,-252,-198,-134,-52,33,108,178,242,274,299,317,301,270,214,155,79,-11,-110,-198,-273,-348,-399,-418,-416,-383,-309,-215,-84,53,201,336,476,572,624,632,581,475,309,108,-105,-334,-543,-722,-839,-875,-847,-722,-517,-257,34,332,621,854,1008,1073,1027,871,640,330,-4,-342,-662,-912,-1063,-1130,-1067,-908,-663,-355,-20,321,617,862,1004,1052,999,852,624,338,32,-271,-540,-744,-881,-918,-873,-752,-544,-302,-45,214,444,622,737,770,730,618,447,230,1,-228,-423,-569,-652,-650,-571,-413,-214,6,218,381,464,463,390,255,-157,1,347,49,34,157,246,305,309,259,161,25,-119,-257,-356,-409,-420,-372,-279,-149,4,154,290,398,459,472,437,346,224,76,-77,-215,-337,-417,-457,-461,-401,-314,-195,-59,82,199,302,365,399,389,346,291,195,90,-14,-99,-170,-232,-267,-285,-276,-251,-218,-163,-113,-67,1,52,104,153,195,227,258,263,253,231,196,129,51,-25,-106,-194,-269,-315,-343,-353,-328,-280,-208,-118,-6,95,200,294,362,404,430,414,375,291,188,73,-70,-187,-309,-401,-485,-525,-527,-484,-412,-297,-146,16,190,358,498,604,672,689,639,538,388,185,-43,-280,-491,-666,-792,-861,-854,-763,-608,-386,374,145,419,655,853,977,1020,955,811,596,326,15,-299,-581,-817,-984,-1075,-1061,-967,-781,-521,-235,82,389,667,875,1015,1068,1030,916,729,484,205,-74,-364,-620,-821,-969,-1045,-1033,-963,-810,-596,-329,-25,278,565,806,994,1115,1155,1091,954,734,442,116,-225,-565,-862,-1100,-1246,-1297,-1246,-1096,-837,-514,-151,258,647,979,1241,1402,1442,1357,1152,861,481,57,-386,-791,-1127,-1369,-1495,-1483,-1340,-1080,-736,-334,115,537,908,1204,1387,1443,1375,1197,928,564,169,-231,-618,-926,-1150,-1278,-1294,-1189,-996,-729,-414,-61,284,589,847,1019,1104,1100,1007,849,612,347,56,-235,-487,-692,-848,-931,42,48
10471,mtk,MTK 7916,4079841100,rx0-tx1,512,459,450,527,295,539,754,910,988,995,917,760,548,272,-32,-336,-617,-856,-1029,-1116,-1114,-1015,-836,-581,-274,57,394,701,950,1130,1222,1205,1083,882,605,260,-98,-460,-783,-1044,-1218,-1294,-1262,-1123,-883,-586,-233,133,499,822,1075,1240,1300,1266,1121,884,575,227,-145,-507,-815,-1058,-1218,-1276,-1235,-1108,-877,-578,-245,110,458,766,1012,1168,1235,1202,1070,863,584,267,-71,-401,-698,-934,-1096,-1169,-1153,-1049,-861,-608,-307,18,335,613,849,1013,1099,1100,1015,853,625,347,42,-260,-532,-764,-941,-1038,-1050,-991,-853,-645,-390,-107,185,461,695,880,993,1029,992,872,684,451,169,-129,-415,-664,-860,-430,-1060,-1025,-910,-723,-470,-180,128,434,704,910,1056,1100,1059,922,704,432,121,-220,-523,-779,-983,-1093,-1106,-1028,-863,-625,-323,-2,316,607,846,1009,1083,1055,932,738,485,187,-121,-408,-659,-851,-958,-982,-922,-781,-578,-334,-67,200,443,631,766,838,828,756,617,438,221,1,-211,-398,-552,-649,-696,-684,-619,-496,-338,-166,17,194,352,467,537,569,551,485,389,259,115,-30,-161,-282,-375,-432,-447,-424,-376,-295,-198,-89,24,135,226,297,342,354,341,302,232,151,61,-36,-125,-205,-265,-301,-308,-286,-239,-164,-74,20,109,191,251,272,262,214,138,48,-39,-115,-156,-11,164,279,-587,-651,249,192,85,-55,-196,-315,-395,-414,-381,-295,-167,-20,132,272,385,458,480,457,389,280,145,-10,-168,-317,-432,-513,-550,-536,-473,-367,-232,-62,121,298,459,578,651,666,624,528,371,180,-36,-262,-475,-643,-765,-821,-795,-695,-533,-311,-56,214,475,694,848,923,929,840,667,427,153,-149,-429,-665,-846,-953,-971,-892,-735,-513,-250,36,326,569,763,885,918,878,756,566,340,83,-177,-398,-596,-730,-794,-796,-722,-594,-425,-229,-13,192,373,525,623,673,655,596,496,351,187,19,-150,-296,-420,-508,-550,-548,-513,-442,-334,-216,-76,66,198,311,407,476,502,491,445,230,276,152,19,-114,-247,-357,-437,-488,-504,-479,-421,-323,-212,-75,72,202,318,414,477,497,490,438,347,231,108,-35,-169,-280,-372,-432,-461,-461,-417,-344,-255,-151,-36,76,180,273,339,388,407,395,370,319,241,150,57,-40,-141,-231,-310,-372,-410,-422,-408,-364,-299,-211,-104,19,141,259,368,450,506,523,499,442,344,223,71,-87,-240,-382,-495,-573,-611,-599,-542,-439,-297,-135,33,214,375,510,606,659,665,614,517,378,211,26,-169,-351,-506,-625,-700,-725,-692,-602,-465,-295,-97,114,321,504,650,759,801,781,699,565,377,158,-67,-305,-519,-696,-826,-882,-876,176,-119,217,305,143,911,797,624,386,117,-168,-452,-695,-894,-1030,-1069,-1021,-891,-690,-426,-122,204,516,790,1006,1135,1176,1122,967,736,442,102,-257,-589,-872,-1105,-1233,-1260,-1187,-1011,-749,-427,-64,304,656,942,1160,1280,1298,1208,1012,743,409,47,-324,-673,-959,-1165,-1279,-1298,-1200,-1004,-735,-406,-46,304,639,925,1120,1233,1255,1166,992,734,423,84,-268,-590,-863,-1068,-1178,-1200,-1129,-968,-735,-448,-124,200,513,778,980,1107,1147,1091,955,746,474,172,-141,-440,-696,-899,-1034,-1087,-1048,-927,-743,-505,-222,71,356,617,826,966,1035,1027,931,765,548,281,3,-286,-557,-780,-943,-1035,-1037,-964,-807,-597,-1099,-32,270,545,792,969,1067,1075,999,831,599,312,-7,-319,-616,-860,-1023,-1116,-1102,-982,-798,-541,-230,95,416,700,926,1069,1108,1056,914,692,413,97,-226,-518,-757,-935,-1029,-1024,-938,-772,-539,-264,23,307,560,750,870,916,886,776,604,395,148,-98,-328,-522,-668,-754,-768,-727,-625,-476,-292,-95,102,288,448,553,616,625,590,503,372,223,62,-107,-250,-367,-457,-502,-500,-463,-388,-284,-160,-29,92,206,297,357,388,390,360,299,220,119,18,-76,-170,-243,-295,-322,-319,-291,-242,-169,-77,18,107,186,247,281,290,266,215,132,35,-58,-146,-208,-234,-221,-175,-103,519,509,581,276,-27,-138,-243,-326,-353,-318,-234,-105,45,191,325,415,451,440,377,276,137,-20,-170,-307,-412,-485,-515,-496,-426,-317,-175,-13,158,317,449,545,601,595,544,440,293,114,-89,-282,-469,-615,-708,-744,-718,-614,-453,-249,-9,241,475,673,813,876,863,770,598,360,98,-183,-455,-689,-858,-955,-964,-867,-699,-471,-199,100,385,626,813,924,959,891,742,543,290,18,-252,-502,-687,-809,-865,-836,-743,-592,-379,-150,87,306,491,624,713,742,698,606,458,285,93,-97,-266,-414,-526,-591,-614,-585,-511,-405,-266,-115,40,182,315,411,483,519,517,470,396,298,177,45,-88,-217,-198,-414,-472,-494,-484,-437,-353,-243,-116,21,158,286,389,461,506,503,460,388,286,156,21,-113,-249,-357,-433,-479,-492,-457,-391,-296,-183,-63,66,190,289,364,414,434,420,383,316,235,139,30,-69,-161,-252,-324,-369,-393,-397,-377,-330,-267,-182,-85,20,131,233,325,397,449,467,454,412,336,228,104,-37,-178,-313,-429,-512,-561,-563,-530,-454,-336,-190,-23,145,308,451,562,620,644,618,537,413,258,84,-101,-285,-443,-571,-654,-697,-684,-613,-492,-334,-152,43,238,424,572,685,747,755,698,587,433,239,17,-206,-413,-596,-737,-816,-836,-799,-682,-522,-307,-70,182,595,619
10472,mtk,MTK 7916,4079841100,rx1-tx0,512,154,1458,1263,-474,-428,-335,-216,-80,65,204,321,406,453,448,404,323,202,74,-71,-208,-323,-414,-462,-459,-421,-338,-225,-84,63,201,327,421,477,495,462,383,271,134,-16,-173,-320,-438,-523,-558,-546,-480,-373,-228,-58,123,293,444,565,633,649,605,512,367,179,-22,-236,-424,-582,-691,-749,-737,-661,-519,-326,-103,139,372,575,731,821,841,788,656,468,238,-21,-276,-509,-698,-830,-876,-853,-758,-589,-375,-129,131,363,570,727,824,844,798,691,520,316,81,-147,-354,-537,-684,-772,-796,-762,-672,-535,-352,-143,73,291,488,650,775,837,837,767,638,467,243,-14,-269,-515,-725,231,-982,-990,-917,-766,-540,-265,45,369,667,912,1099,1173,1157,1036,822,531,181,-206,-567,-883,-1149,-1302,-1344,-1260,-1073,-783,-404,2,415,802,1120,1353,1459,1437,1279,1009,651,224,-221,-654,-1028,-1321,-1492,-1538,-1447,-1221,-899,-485,-34,429,868,1221,1471,1591,1578,1427,1149,749,280,-206,-689,-1121,-1448,-1641,-1698,-1589,-1332,-946,-457,63,582,1058,1427,1647,1723,1613,1356,970,497,-30,-537,-976,-1316,-1523,-1589,-1480,-1234,-874,-445,19,455,844,1144,1317,1352,1268,1060,742,366,-25,-408,-739,-978,-1120,-1144,-1050,-856,-565,-231,123,462,736,923,997,936,770,491,164,-171,-467,-671,-736,-672,-502,-256,251,876,-388,169,-56,417,358,202,-14,-253,-469,-626,-688,-648,-516,-309,-61,207,457,659,781,823,768,633,425,170,-117,-405,-643,-828,-935,-943,-866,-691,-454,-160,170,492,765,981,1105,1124,1029,838,564,221,-148,-508,-837,-1090,-1238,-1286,-1214,-1011,-716,-342,75,481,869,1175,1369,1442,1377,1196,885,493,48,-414,-833,-1178,-1433,-1540,-1516,-1342,-1047,-639,-184,289,752,1134,1414,1553,1565,1417,1151,784,329,-143,-593,-999,-1295,-1467,-1513,-1430,-1212,-882,-495,-72,357,759,1074,1290,1394,1382,1257,1018,695,326,-78,-459,-801,-1075,-1247,-1321,-1282,-1137,-894,-579,-225,144,498,819,1063,1214,1273,1231,1087,853,546,188,-49,-527,-845,-1091,-1254,-1316,-1265,-1104,-860,-526,-147,243,619,958,1216,1370,1415,1334,1137,828,447,32,-412,-819,-1153,-1394,-1518,-1499,-1341,-1055,-679,-238,225,670,1053,1332,1492,1526,1413,1176,839,416,-34,-474,-870,-1175,-1369,-1435,-1375,-1195,-914,-555,-159,239,624,932,1147,1266,1271,1158,951,679,342,-7,-345,-650,-879,-1040,-1103,-1067,-944,-744,-491,-201,100,378,620,805,920,954,896,776,588,350,89,-170,-409,-609,-754,-827,-830,-753,-618,-426,-201,32,263,462,607,701,729,683,583,435,249,44,-168,-349,-494,-589,-623,-603,-527,-403,-244,-71,108,269,402,491,533,529,466,364,225,76,485,492,843,72,730,70,214,335,416,456,453,411,326,212,71,-74,-203,-324,-408,-452,-456,-407,-323,-210,-69,71,207,327,420,471,473,435,356,240,106,-44,-196,-327,-430,-495,-517,-501,-430,-321,-177,-12,157,314,445,543,593,593,540,440,292,115,-78,-269,-436,-582,-667,-704,-677,-581,-437,-252,-37,185,400,587,719,791,796,727,596,404,170,-85,-336,-558,-723,-839,-878,-835,-716,-537,-308,-50,206,456,656,792,868,864,782,641,443,214,-33,-267,-481,-648,-764,-815,-795,-721,-596,-425,-215,2,220,416,585,712,780,794,750,645,497,307,84,-148,-380,-583,-750,-874,-914,-887,-788,-621,-568,-126,165,443,705,909,1047,1096,1050,905,691,394,54,-289,-620,-907,-1122,-1255,-1263,-1151,-954,-662,-295,99,498,853,1151,1340,1407,1356,1178,899,537,115,-322,-737,-1082,-1342,-1485,-1493,-1369,-1119,-771,-350,96,551,953,1272,1483,1560,1520,1334,1026,623,158,-319,-770,-1172,-1477,-1632,-1646,-1523,-1255,-863,-395,116,629,1077,1443,1657,1717,1618,1370,975,494,-37,-561,-1013,-1371,-1601,-1675,-1567,-1314,-937,-480,19,507,923,1236,1426,1468,1371,1152,821,411,-18,-422,-793,-1065,-1216,-1246,-1159,-955,-669,-324,46,399,708,938,1051,1059,935,715,416,67,-270,-574,-789,-883,-854,-699,-440,-130,159,393,513,-1435,-1161,-31,468,493,-148,-337,-494,-572,-552,-430,-230,22,279,509,674,752,741,637,449,211,-64,-335,-570,-751,-859,-889,-814,-653,-430,-147,151,450,712,903,1021,1036,943,761,501,184,-165,-503,-797,-1035,-1176,-1205,-1122,-929,-633,-279,110,510,863,1141,1321,1365,1289,1098,786,406,-28,-461,-863,-1188,-1400,-1499,-1454,-1270,-970,-568,-107,359,797,1169,1431,1553,1550,1394,1098,704,251,-221,-683,-1070,-1371,-1535,-1546,-1428,-1184,-826,-409,39,486,886,1188,1380,1457,1411,1243,961,610,203,-211,-607,-944,-1188,-1333,-1360,-1268,-1081,-795,-455,-82,302,656,959,1162,1276,1277,1188,993,715,383,26,-342,-677,-958,-1166,-1275,425,-1184,-978,-696,-362,5,383,727,1025,1241,1342,1342,1228,1012,689,310,-102,-513,-885,-1193,-1385,-1476,-1434,-1252,-954,-579,-135,316,745,1108,1380,1521,1534,1396,1131,763,329,-129,-581,-968,-1276,-1456,-1502,-1417,-1202,-883,-489,-66,364,750,1055,1265,1356,1333,1190,932,614,253,-130,-490,-790,-1022,-1162,-1187,-1122,-958,-717,-430,-99,221,510,748,917,1011,1013,928,767,547,286,3,-269,-509,-709,-837,-891,-868,-773,-611,-398,-155,95,330,530,684,765,782,732,609,438,229,1,-214,-400,-544,-642,-674,-646,-554,-425,-250,-59,133,306,441,533,574,564,493,381,232,77,-91,-246,-371,-458,-501,-112,133
10473,mtk,MTK 7916,4079841100,rx1-tx1,512,0,0,0,132,257,333,331,253,116,-53,-208,-307,-337,-287,-177,-24,141,269,326,309,213,62,-98,-233,-315,-321,-247,-109,62,215,319,343,281,148,-27,-197,-322,-378,-334,-199,-21,159,308,387,374,266,96,-108,-286,-391,-407,-324,-158,42,233,369,417,366,222,24,-177,-337,-416,-389,-272,-95,106,284,395,403,314,150,-58,-253,-382,-421,-355,-200,5,199,351,428,402,273,82,-122,-298,-407,-421,-339,-181,20,205,337,394,367,252,90,-83,-230,-319,-336,-275,-158,-12,127,217,248,224,154,55,-41,-114,-149,-138,-91,-31,26,61,68,49,3,-38,-58,-64,-44,7,70,0,137,119,69,-7,-93,-167,-205,-189,-125,-32,79,188,258,264,205,98,-36,-167,-259,-297,-262,-165,-27,120,240,299,281,190,53,-99,-224,-293,-284,-205,-68,91,231,313,312,224,64,-125,-293,-389,-391,-293,-109,120,340,497,541,458,252,-30,-332,-576,-692,-650,-463,-163,190,525,760,839,723,441,64,-339,-679,-884,-907,-726,-385,37,460,788,941,904,672,287,-147,-543,-825,-932,-831,-549,-166,244,591,799,826,676,393,23,-346,-618,-743,-712,-523,-223,111,414,621,690,609,397,106,-199,-461,-626,-657,-555,-346,-76,200,437,584,623,559,412,206,-9,-193,-322,-394,0,0,0,0,0,-44,-5,49,105,151,178,183,156,101,21,-74,-166,-234,-257,-234,-159,-53,72,191,277,309,279,193,51,-108,-244,-338,-363,-312,-193,-15,169,319,414,426,334,162,-47,-255,-427,-510,-479,-341,-129,124,355,512,564,498,321,74,-196,-424,-564,-588,-487,-274,3,281,493,590,564,416,179,-95,-346,-515,-572,-507,-317,-55,202,416,534,519,392,189,-64,-308,-479,-529,-455,-283,-49,189,382,488,475,355,159,-67,-265,-402,-443,-385,-244,-43,154,298,376,359,257,106,-60,-205,-297,-315,-252,-131,18,153,240,261,216,114,-11,-129,-209,-236,-193,-90,31,143,222,248,0,100,-22,-148,-241,-267,-226,-127,8,147,263,315,283,191,47,-112,-251,-330,-330,-249,-114,53,220,337,374,324,196,32,-135,-284,-362,-350,-262,-118,60,216,320,357,305,165,1,-148,-263,-334,-326,-225,-73,82,211,291,295,237,125,-17,-154,-247,-269,-236,-154,-38,86,188,238,222,163,81,-26,-123,-182,-191,-157,-92,-11,69,125,153,142,97,39,-24,-77,-107,-112,-86,-52,-23,6,37,65,66,53,43,38,35,22,3,-16,-42,-68,-86,-97,-94,-70,-22,42,106,151,161,148,99,20,-77,-161,-211,-220,-183,-106,0,121,222,273,269,197,76,-60,-188,0,0,0,0,0,-301,-210,-63,95,231,324,340,273,146,-17,-178,-291,-336,-303,-203,-51,120,257,326,317,236,96,-75,-223,-312,-330,-266,-125,48,213,324,350,301,179,1,-185,-326,-386,-348,-232,-55,139,299,394,396,298,127,-76,-265,-384,-418,-354,-205,-1,205,352,419,381,250,59,-148,-314,-404,-405,-298,-121,81,270,397,419,333,173,-22,-222,-370,-428,-383,-244,-51,157,328,417,410,308,137,-64,-249,-378,-417,-357,-222,-40,143,287,363,354,270,131,-33,-177,-269,-290,-249,-160,-44,70,150,191,191,131,48,-23,-75,-100,-88,-47,0,30,50,49,20,-28,-76,-92,-80,0,10,88,150,178,156,91,-5,-102,-185,-231,-225,-165,-65,64,183,259,280,240,133,-6,-143,-252,-298,-274,-182,-44,102,225,292,287,200,64,-88,-222,-297,-287,-201,-58,109,258,349,349,245,77,-121,-313,-444,-463,-361,-164,88,336,532,613,551,353,59,-277,-565,-734,-743,-589,-301,73,456,750,883,825,591,221,-202,-593,-860,-942,-825,-536,-128,309,677,907,935,760,438,27,-392,-716,-870,-841,-632,-289,102,466,719,800,708,465,131,-221,-516,-685,-697,-568,-320,-3,312,548,659,634,481,229,-68,-348,-550,-647,-620,-471,-247,2,244,431,530,545,481,358,195,0,0,0,0,0,-93,-130,-137,-114,-74,-16,58,132,193,223,220,177,92,-16,-123,-221,-282,-279,-220,-121,4,144,263,331,333,251,115,-46,-211,-333,-391,-377,-272,-91,116,302,426,462,401,249,33,-194,-392,-523,-536,-423,-223,26,281,483,585,570,417,174,-94,-347,-535,-609,-548,-361,-99,181,422,567,575,459,249,-14,-275,-474,-560,-516,-361,-123,139,364,505,528,431,241,-1,-239,-420,-497,-460,-323,-113,119,320,444,462,383,217,-3,-211,-352,-411,-381,-261,-87,101,251,331,337,270,131,-31,-173,-262,-283,-237,-126,16,139,219,245,202,103,-19,-133,-219,-239,-194,-96,27,0,235,258,213,114,-18,-151,-248,-288,-264,-164,-21,131,260,329,312,227,88,-86,-237,-330,-350,-293,-162,17,186,311,369,337,230,72,-107,-255,-343,-357,-286,-145,25,186,302,353,314,200,48,-108,-238,-305,-299,-229,-110,39,180,270,288,237,137,6,-121,-214,-255,-234,-163,-56,56,150,213,226,173,92,-7,-96,-155,-176,-163,-105,-28,41,97,137,139,107,53,-2,-41,-74,-88,-78,-60,-36,-10,6,21,36,39,40,53,68,59,41,17,-16,-58,-103,-133,-132,-103,-51,18,92,155,195,191,145,61,-40,-144,-227,-252,-223,-156,-43,92,209,283,292,235,0,0
10474,mtk,MTK 7916,4079841100,rx2-tx0,512,0,0,0,-7,-320,-561,-664,-609,-398,-84,254,535,687,671,496,197,-159,-484,-690,-729,-592,-303,62,416,673,760,661,402,35,-343,-636,-773,-715,-485,-134,260,595,780,769,562,217,-186,-547,-772,-811,-646,-309,114,512,783,858,724,403,-28,-455,-774,-907,-811,-506,-70,394,760,939,894,624,190,-299,-724,-979,-992,-760,-334,180,650,966,1052,890,504,-22,-540,-934,-1104,-1007,-669,-164,386,844,1097,1088,819,350,-207,-710,-1039,-1123,-938,-526,5,530,936,1115,1019,677,182,-355,-807,-1057,-1048,-795,-355,164,642,960,1039,871,495,2,-478,-838,-987,-899,-596,-148,327,709,917,897,654,0,-213,-611,-855,-890,-702,-334,105,519,806,888,754,430,-1,-432,-760,-900,-811,-522,-107,335,700,897,872,633,236,-228,-636,-893,-936,-752,-385,85,539,862,976,862,543,83,-403,-790,-989,-953,-687,-253,242,682,962,1008,817,433,-65,-550,-893,-1027,-926,-606,-136,368,783,1019,1014,770,347,-159,-626,-940,-1035,-901,-563,-81,410,794,992,964,720,317,-153,-582,-869,-956,-825,-510,-83,349,686,859,841,634,283,-119,-477,-720,-795,-684,-424,-79,270,549,702,689,523,249,-70,-368,-581,-659,-590,-408,-144,147,395,562,616,545,377,141,-104,-312,-461,-522,-492,-390,-245,-90,59,0,0,0,0,0,265,168,30,-139,-308,-447,-524,-511,-401,-210,29,283,491,608,610,478,240,-56,-355,-589,-702,-664,-478,-176,177,505,736,812,703,428,46,-364,-713,-916,-913,-701,-328,145,610,945,1078,975,650,164,-377,-854,-1150,-1194,-970,-520,55,627,1071,1289,1223,879,330,-294,-867,-1253,-1354,-1151,-693,-70,558,1064,1332,1299,972,417,-226,-802,-1204,-1334,-1147,-699,-100,516,1006,1259,1225,901,371,-228,-770,-1131,-1215,-1019,-588,-29,525,957,1161,1080,751,252,-304,-783,-1065,-1090,-857,-431,92,584,934,1059,932,585,105,-395,-789,-987,-957,-707,-280,212,637,905,961,785,421,-43,-484,-801,-932,0,-535,-116,326,691,876,852,630,255,-171,-549,-792,-842,-693,-381,20,401,680,795,713,462,112,-256,-564,-726,-706,-516,-208,134,431,621,655,531,277,-33,-321,-520,-584,-507,-311,-44,228,428,513,468,303,74,-162,-345,-435,-410,-278,-77,130,289,364,341,228,54,-125,-264,-325,-291,-176,-14,151,268,309,266,142,-21,-180,-293,-322,-260,-131,38,202,316,346,278,134,-49,-226,-344,-370,-303,-152,46,233,362,401,335,172,-35,-237,-388,-438,-373,-210,4,227,398,467,417,262,34,-210,-403,-497,-467,-314,-84,175,398,521,513,377,143,-136,-386,-545,-571,-452,-218,73,0,0,0,0,0,652,568,343,30,-295,-556,-689,-652,-452,-143,206,513,695,710,550,251,-112,-453,-687,-750,-626,-352,10,379,656,769,696,451,83,-304,-614,-777,-748,-528,-176,224,570,778,799,614,264,-153,-530,-782,-838,-685,-360,63,480,776,880,767,457,21,-424,-764,-918,-852,-570,-131,350,746,966,948,692,264,-237,-694,-978,-1027,-825,-420,101,604,961,1089,952,583,75,-462,-891,-1100,-1045,-741,-257,292,774,1069,1109,882,440,-109,-633,-1000,-1126,-981,-605,-88,450,875,1081,1036,741,270,-262,-723,-1008,-1048,-837,-426,86,562,896,1016,886,547,80,-404,-777,-958,-899,-618,-196,267,662,0,899,679,298,-148,-561,-829,-887,-727,-392,51,476,774,889,784,478,52,-385,-735,-900,-845,-585,-172,290,679,904,909,693,308,-157,-592,-885,-963,-811,-460,5,466,821,988,911,613,167,-326,-737,-973,-978,-746,-340,149,614,935,1028,874,513,32,-464,-849,-1031,-975,-689,-233,279,721,995,1039,840,449,-39,-520,-876,-1029,-955,-655,-206,282,693,941,974,785,421,-33,-462,-776,-915,-846,-576,-188,227,579,789,820,664,362,-13,-371,-640,-759,-699,-485,-170,171,457,639,679,570,334,36,-261,-494,-619,-614,-483,-257,8,268,467,566,564,463,288,83,-113,-275,-375,-402,-371,0,0,0,0,0,240,353,423,433,370,234,39,-181,-384,-529,-584,-526,-362,-112,167,422,605,664,577,361,56,-273,-552,-726,-745,-592,-299,73,444,730,867,812,562,175,-264,-669,-941,-1009,-854,-495,-6,505,916,1133,1096,820,345,-220,-753,-1128,-1259,-1109,-707,-142,469,986,1286,1303,1033,523,-116,-729,-1174,-1360,-1247,-847,-260,392,947,1286,1333,1075,569,-55,-657,-1107,-1307,-1198,-814,-247,372,886,1194,1226,968,488,-98,-652,-1051,-1200,-1062,-677,-139,421,871,1113,1088,807,346,-195,-684,-1002,-1079,-899,-510,-7,488,861,1030,953,648,196,-301,-719,-958,-964,-740,-349,119,556,850,940,809,482,43,0,-746,-902,-841,-580,-187,246,613,831,850,664,322,-86,-476,-746,-828,-712,-431,-47,332,623,762,712,494,166,-197,-501,-673,-685,-528,-251,81,382,578,628,525,302,13,-273,-476,-552,-492,-310,-58,193,386,474,438,295,83,-140,-315,-399,-375,-253,-70,121,267,340,316,204,39,-132,-259,-311,-278,-165,-1,162,274,308,256,132,-30,-188,-301,-334,-265,-122,49,211,329,358,282,134,-49,-223,-352,-388,-319,-161,41,231,364,413,354,197,-17,-227,-386,-450,-397,-238,-11,219,396,479,441,285,51,-198,-403,-512,-493,-351,-116,159,397,535,542,415,179,-104,-371,-547,-584,0,0
10475,mtk,MTK 7916,4079841100,rx2-tx1,512,0,0,0,-60,-79,-82,-74,-58,-33,-2,37,76,104,114,99,65,22,-30,-83,-118,-126,-115,-75,-17,40,87,118,121,100,59,3,-54,-87,-97,-84,-54,-14,30,64,73,64,35,-8,-45,-58,-52,-37,-2,43,75,86,79,40,-19,-80,-118,-130,-114,-60,17,99,162,185,165,106,5,-104,-188,-236,-232,-165,-57,77,203,285,298,243,123,-37,-191,-304,-350,-317,-209,-42,147,305,396,393,298,130,-78,-273,-399,-440,-384,-227,-12,202,371,458,441,321,122,-112,-320,-449,-478,-395,-213,18,248,420,497,449,292,67,-175,-375,-481,-477,-359,-151,97,326,473,505,416,0,-29,-276,-464,-542,-483,-305,-57,214,442,560,552,416,170,-120,-385,-566,-617,-519,-292,-3,297,530,638,603,429,144,-176,-460,-634,-663,-532,-272,49,361,589,683,621,405,86,-252,-524,-680,-681,-518,-229,117,433,659,734,630,373,29,-317,-594,-735,-705,-506,-186,173,490,707,750,621,356,0,-362,-631,-754,-709,-492,-170,197,514,706,745,610,332,-12,-353,-625,-748,-688,-477,-170,172,476,673,718,601,351,26,-303,-555,-686,-671,-508,-232,87,382,588,662,601,416,146,-155,-409,-577,-634,-558,-373,-127,139,371,530,583,530,396,204,-12,-205,-347,-424,-427,-368,-267,0,0,0,0,0,69,-13,-102,-192,-266,-305,-294,-234,-126,15,159,283,368,382,316,186,12,-170,-322,-414,-425,-349,-188,27,241,408,492,474,353,144,-113,-355,-530,-595,-530,-340,-61,239,499,664,692,565,298,-51,-394,-668,-807,-777,-566,-220,181,552,814,906,809,522,109,-330,-712,-942,-967,-785,-426,37,497,853,1015,957,689,267,-219,-663,-968,-1057,-904,-539,-58,424,809,1022,1012,766,344,-148,-610,-937,-1048,-921,-577,-105,377,776,1014,1009,768,358,-133,-598,-921,-1032,-908,-581,-117,373,762,985,990,764,365,-114,-563,-877,-992,-877,-560,-114,348,726,939,940,713,319,-135,-553,-846,0,-817,-498,-66,383,736,913,877,636,247,-200,-596,-844,-903,-752,-420,9,440,771,910,836,575,174,-268,-640,-871,-895,-706,-356,77,488,787,904,814,535,134,-287,-649,-867,-875,-677,-326,95,482,754,851,752,481,107,-285,-610,-784,-776,-597,-282,96,439,668,739,638,391,69,-262,-525,-653,-625,-460,-195,107,379,556,584,477,270,3,-255,-442,-527,-488,-339,-110,134,333,447,457,363,185,-30,-229,-365,-418,-371,-244,-71,110,261,342,343,271,143,-8,-147,-247,-291,-272,-193,-79,43,150,215,231,194,122,38,-47,-118,-160,-165,-134,-86,-30,24,66,90,97,92,0,0,0,0,0,52,28,0,-32,-59,-84,-96,-93,-72,-34,7,51,95,118,115,94,54,-3,-58,-105,-130,-127,-93,-43,12,66,105,116,100,62,8,-39,-72,-92,-78,-44,-7,33,62,71,56,20,-23,-57,-71,-63,-38,1,52,93,104,87,44,-25,-93,-143,-156,-130,-73,10,104,181,215,195,128,29,-92,-208,-276,-274,-204,-82,62,203,299,322,274,161,3,-173,-310,-373,-350,-245,-78,112,286,398,418,337,177,-35,-243,-396,-461,-416,-277,-67,162,345,455,471,367,169,-67,-284,-439,-492,-427,-253,-20,211,396,490,464,319,104,-136,-353,-487,-499,-384,-175,74,307,0,527,454,266,16,-245,-452,-554,-521,-363,-109,173,413,569,594,469,233,-58,-340,-551,-639,-569,-361,-65,247,502,646,637,481,216,-109,-411,-617,-684,-584,-339,-23,300,565,691,654,466,156,-192,-488,-668,-699,-571,-300,41,384,636,733,661,432,97,-253,-552,-730,-734,-564,-261,92,432,682,764,667,423,84,-278,-576,-744,-739,-560,-255,97,434,673,749,653,413,78,-267,-546,-710,-713,-545,-259,73,384,617,709,639,430,127,-199,-476,-644,-672,-558,-327,-26,272,507,636,630,492,256,-17,-283,-493,-597,-587,-473,-273,-29,212,401,508,528,465,336,174,9,-130,-232,0,0,0,0,0,198,228,228,193,118,7,-116,-225,-309,-346,-321,-231,-95,69,229,350,406,384,273,100,-99,-286,-420,-471,-419,-267,-55,176,385,514,536,441,232,-35,-306,-527,-638,-613,-451,-177,154,460,682,769,680,435,89,-292,-619,-822,-856,-694,-372,33,446,772,940,908,672,278,-188,-619,-910,-1005,-883,-562,-117,364,771,1006,1019,804,405,-74,-538,-891,-1048,-970,-672,-215,292,718,982,1036,856,478,-13,-490,-861,-1032,-962,-677,-248,247,689,964,1013,837,471,-3,-482,-848,-1017,-953,-670,-237,243,671,942,994,821,464,-2,-459,-810,-973,-908,-636,-231,225,633,894,938,766,422,0,-473,-792,-921,-847,-575,-158,289,665,882,886,688,330,-108,-521,-819,-915,-789,-484,-70,361,705,892,874,642,261,-178,-578,-844,-919,-779,-450,-27,396,728,888,848,615,236,-197,-578,-817,-862,-713,-400,-1,389,692,832,778,551,198,-189,-523,-733,-765,-620,-342,8,345,591,702,645,440,137,-189,-452,-594,-606,-480,-238,48,315,501,559,485,301,52,-197,-385,-483,-474,-353,-148,78,279,411,447,377,222,23,-170,-316,-384,-368,-267,-111,59,207,304,327,276,168,33,-96,-197,-253,-255,-199,-100,9,99,163,189,182,135,64,-7,-68,-112,-131,-123,-99,-63,-19,29,0,0
10476,mtk,MTK 7916,4079938419,rx0-tx0,512,-172,801,603,931,873,736,536,299,43,-222,-458,-657,-814,-891,-895,-837,-708,-515,-282,-24,232,478,678,832,913,923,854,700,493,238,-34,-311,-566,-773,-914,-975,-937,-821,-634,-383,-104,195,466,696,869,943,934,852,680,453,180,-93,-350,-571,-729,-821,-837,-779,-653,-482,-264,-46,178,377,531,641,685,667,601,489,335,157,-27,-196,-339,-442,-517,-536,-511,-448,-363,-254,-116,23,157,264,348,412,427,409,365,285,183,72,-38,-142,-224,-286,-314,-312,-285,-241,-179,-94,-18,40,96,129,150,156,149,135,114,86,69,55,42,40,24,11,-15,-32,-55,-91,-123,-153,-170,-171,-588,-129,-83,-36,20,86,137,190,228,249,235,213,173,116,51,-18,-78,-136,-199,-239,-275,-279,-258,-236,-187,-125,-55,31,136,222,294,351,398,404,384,326,236,107,-35,-189,-342,-467,-574,-627,-622,-554,-432,-254,-33,200,433,636,782,859,855,760,582,333,40,-278,-584,-825,-1001,-1066,-1023,-870,-616,-307,58,406,723,966,1094,1126,1030,836,543,202,-155,-501,-785,-988,-1079,-1070,-934,-716,-424,-93,232,537,772,920,970,922,781,560,301,4,-283,-523,-703,-807,-825,-758,-611,-404,-161,90,324,520,649,709,683,570,396,177,-66,-283,-455,-561,-568,-487,-332,-140,55,211,817,896,765,40,-121,-78,43,173,284,360,371,316,206,57,-100,-248,-367,-438,-459,-410,-314,-184,-26,136,287,410,478,488,448,347,218,69,-94,-246,-380,-460,-486,-473,-392,-276,-140,6,145,263,349,399,396,357,290,203,94,-11,-106,-175,-230,-261,-262,-250,-211,-164,-119,-76,-31,1,42,78,105,132,168,199,210,215,199,168,121,61,-10,-93,-171,-239,-291,-321,-331,-316,-259,-190,-97,4,111,220,303,373,425,431,403,336,237,127,-12,-164,-304,-419,-506,-563,-563,-515,-420,-286,-115,81,273,450,599,699,742,711,614,462,246,-1,-262,-498,-699,-833,-908,-893,-791,-605,-352,-66,-291,520,776,956,1054,1049,942,740,469,146,-204,-530,-818,-1024,-1134,-1145,-1034,-836,-554,-220,133,482,774,986,1118,1137,1065,895,650,351,26,-293,-585,-831,-1001,-1101,-1096,-1012,-846,-599,-312,12,333,639,882,1058,1150,1144,1041,863,598,285,-69,-412,-743,-1013,-1184,-1279,-1262,-1128,-895,-576,-201,202,580,931,1204,1376,1431,1356,1153,839,442,6,-435,-841,-1182,-1415,-1517,-1480,-1296,-1003,-615,-161,297,730,1110,1369,1502,1497,1348,1080,707,285,-164,-593,-959,-1228,-1384,-1408,-1301,-1078,-769,-396,19,412,753,1029,1196,1250,1199,1041,800,500,162,-187,-501,-763,-948,-1061,-1073,-995,-834,-609,-343,-52,399,285,126,-456,-701,-82,-341,-578,-758,-875,-921,-887,-778,-621,-408,-155,99,341,568,744,857,901,870,773,610,396,137,-133,-401,-629,-804,-915,-946,-907,-773,-572,-317,-35,252,511,738,893,967,952,845,667,422,135,-143,-413,-646,-805,-892,-884,-821,-669,-470,-228,26,267,476,641,735,758,727,623,485,299,102,-99,-274,-431,-544,-602,-605,-559,-468,-349,-210,-48,105,239,341,423,471,473,441,368,282,163,33,-85,-199,-290,-355,-379,-373,-333,-270,-190,-90,4,89,158,211,244,238,227,192,143,94,47,7,-28,-59,-69,-72,-77,-80,-86,-95,-97,-109,-105,-113,-102,-81,-49,-6,45,321,149,187,206,221,203,175,132,76,3,-67,-124,-181,-223,-245,-253,-234,-216,-173,-118,-54,29,101,171,240,282,314,335,323,276,213,130,24,-98,-210,-320,-414,-479,-505,-494,-429,-321,-180,3,190,378,544,675,738,737,664,515,300,45,-236,-506,-734,-901,-979,-968,-842,-624,-340,0,335,651,899,1061,1117,1041,868,585,251,-109,-461,-765,-989,-1103,-1103,-995,-780,-490,-151,201,522,781,962,1029,991,860,637,361,48,-259,-534,-739,-863,-908,-843,-699,-490,-236,32,291,508,669,755,753,673,517,311,75,-167,-381,-545,-639,-647,-560,-408,-199,31,234,384,451,430,329,421,121,-436,-470,-467,250,289,267,190,63,-91,-236,-349,-411,-412,-361,-256,-114,54,218,345,434,478,460,396,272,117,-47,-207,-341,-432,-486,-483,-425,-319,-167,-23,128,272,369,438,450,417,340,235,110,-20,-133,-223,-295,-332,-330,-296,-245,-187,-105,-31,42,105,145,170,183,186,188,185,160,137,117,96,52,-1,-62,-124,-176,-223,-254,-272,-268,-246,-198,-129,-45,43,142,233,304,359,376,375,334,264,180,62,-71,-198,-318,-414,-475,-509,-490,-431,-332,-206,-43,129,294,436,549,622,648,610,515,366,176,-40,-269,-473,-650,-774,-826,-798,-698,-524,-298,-41,242,513,749,915,984,374,875,677,411,109,-220,-535,-806,-1004,-1112,-1105,-993,-790,-505,-179,176,518,805,1022,1139,1153,1064,866,599,273,-75,-407,-699,-928,-1071,-1121,-1074,-949,-737,-468,-155,168,463,742,946,1077,1120,1078,947,733,458,132,-205,-526,-809,-1038,-1181,-1225,-1162,-1008,-745,-431,-82,302,660,964,1194,1326,1342,1242,1035,717,330,-88,-509,-890,-1199,-1402,-1479,-1426,-1242,-943,-542,-93,372,796,1148,1404,1520,1490,1342,1053,665,221,-240,-670,-1034,-1304,-1446,-1461,-1330,-1082,-745,-341,88,507,859,1130,1295,1342,1250,1069,789,439,70,-293,-624,-888,-1071,-1161,-1137,-1023,-817,-557,-254,70,370,634,830,955,1002,-249,-343
10477,mtk,MTK 7916,4079938419,rx0-tx1,512,379,-559,-414,-493,-716,-887,-979,-985,-912,-752,-514,-239,71,391,673,899,1055,1110,1071,939,721,439,108,-240,-567,-856,-1067,-1187,-1201,-1111,-916,-641,-307,61,431,764,1030,1207,1277,1236,1085,837,504,134,-254,-617,-928,-1166,-1295,-1301,-1197,-990,-698,-341,38,409,752,1029,1215,1291,1260,1119,886,565,205,-172,-530,-836,-1077,-1223,-1258,-1181,-1008,-753,-436,-79,278,608,888,1080,1187,1190,1089,896,636,316,-17,-355,-659,-894,-1055,-1135,-1115,-993,-791,-524,-221,98,397,666,877,1012,1066,1022,899,701,450,155,-147,-432,-683,-868,-988,-1016,-968,-838,-639,-387,-101,192,470,706,890,990,1016,946,796,586,-430,18,-286,-568,-801,-963,-1046,-1035,-935,-747,-488,-193,129,443,717,924,1045,1078,1014,852,607,307,-20,-342,-635,-871,-1026,-1084,-1036,-891,-673,-386,-71,251,548,791,955,1024,997,880,691,431,141,-156,-429,-657,-824,-909,-912,-827,-667,-458,-209,47,290,503,666,761,784,745,642,470,268,54,-162,-360,-512,-618,-665,-648,-585,-459,-301,-126,49,226,371,475,531,546,506,420,308,171,27,-115,-246,-343,-407,-432,-415,-369,-292,-191,-81,30,135,232,305,342,354,327,273,198,105,3,-94,-176,-246,-286,-302,-286,-239,-168,-80,16,112,186,243,262,239,188,109,18,-67,-124,-585,-636,481,1284,1086,112,-1,-140,-262,-352,-389,-364,-279,-149,0,158,298,403,458,462,410,315,191,33,-132,-282,-402,-486,-525,-514,-447,-345,-197,-20,153,321,465,570,624,627,558,434,263,57,-159,-369,-551,-683,-756,-758,-679,-534,-333,-85,175,425,638,800,884,878,790,616,380,96,-201,-477,-718,-885,-959,-944,-835,-637,-382,-80,230,503,729,886,945,921,809,617,367,89,-191,-445,-652,-792,-856,-838,-739,-572,-367,-133,116,341,523,656,727,726,661,552,389,198,5,-192,-365,-491,-577,-612,-591,-526,-424,-289,-132,31,183,313,415,486,519,507,453,362,247,118,-14,-145,-270,-367,230,-473,-471,-436,-363,-268,-142,-9,124,250,357,435,480,482,446,371,265,139,2,-139,-271,-373,-445,-476,-469,-423,-344,-237,-112,16,145,253,346,403,431,424,384,317,232,131,12,-86,-187,-271,-331,-375,-388,-370,-337,-277,-198,-111,-11,95,197,285,357,405,429,420,378,314,214,99,-26,-159,-287,-401,-479,-525,-528,-489,-407,-288,-140,22,182,343,472,564,614,609,556,454,312,146,-42,-226,-399,-536,-629,-672,-660,-590,-475,-318,-131,73,270,442,590,685,729,713,636,502,327,118,-98,-316,-509,-661,-764,-801,-769,-678,-527,-326,-94,157,391,597,759,854,883,836,280,810,11,344,505,-818,-647,-417,-138,156,441,703,899,1016,1061,999,845,623,335,12,-314,-622,-878,-1062,-1159,-1143,-1028,-819,-536,-202,158,508,818,1055,1203,1246,1178,1001,737,404,31,-346,-696,-991,-1192,-1287,-1275,-1145,-918,-605,-231,153,525,850,1108,1260,1301,1234,1065,798,457,83,-298,-644,-944,-1155,-1263,-1268,-1159,-956,-673,-324,48,406,727,984,1159,1232,1193,1061,828,531,199,-152,-487,-770,-993,-1128,-1169,-1113,-954,-717,-432,-112,223,529,789,976,1081,1090,1011,853,617,340,31,-275,-554,-783,-946,-1035,-1025,-942,-771,-543,-270,24,311,574,788,935,1001,989,895,727,493,212,-85,-383,-635,-842,-1099,-1034,-998,-873,-671,-408,-109,205,502,762,946,1051,1066,983,804,551,252,-66,-389,-680,-909,-1050,-1091,-1033,-882,-644,-350,-24,306,590,831,986,1055,1024,900,688,414,103,-208,-491,-727,-892,-971,-961,-860,-682,-446,-175,102,363,581,741,836,847,784,654,465,241,3,-222,-433,-595,-685,-724,-696,-607,-465,-292,-93,101,288,440,543,594,597,549,446,311,152,-11,-176,-307,-406,-474,-492,-468,-398,-297,-179,-46,79,191,284,348,379,376,343,279,194,101,-3,-109,-197,-262,-306,-321,-304,-258,-189,-102,-7,88,172,236,273,281,252,194,115,16,-77,-152,-205,-216,-190,-132,-267,-69,-407,55,622,-251,-309,-303,-237,-125,22,174,308,397,436,417,341,222,74,-85,-238,-360,-453,-500,-490,-424,-320,-179,-19,151,307,433,532,569,554,491,376,221,47,-150,-343,-505,-624,-684,-681,-618,-487,-304,-83,158,396,592,746,820,821,737,581,360,92,-190,-458,-689,-855,-941,-929,-825,-638,-378,-88,210,498,733,896,972,944,824,632,366,78,-208,-481,-700,-849,-907,-881,-775,-594,-365,-111,151,394,589,726,795,787,702,560,377,163,-60,-260,-440,-577,-650,-669,-635,-536,-397,-238,-59,115,272,404,498,548,552,510,434,327,196,50,-98,-233,-346,-427,-474,-487,-467,-406,-310,-198,-63,67,198,306,398,460,480,467,415,325,209,76,-63,-194,-313,-406,-465,-486,-469,-405,-310,-192,-55,82,212,322,404,450,458,428,369,281,172,54,-68,-180,-273,-345,-395,-409,-390,-356,-284,-206,-111,-7,92,184,267,328,368,392,385,349,289,210,111,2,-118,-226,-324,-405,-455,-478,-464,-409,-318,-198,-61,93,241,376,480,551,574,556,488,371,226,56,-125,-295,-448,-557,-629,-649,-615,-526,-393,-228,-45,154,337,495,616,687,699,651,554,408,223,24,-185,-384,-553,-680,-750,-760,-711,-595,-425,-220,13,239,453,632,762,835,835,761,623,425,188,-65,-330,-1249,-982
10478,mtk,MTK 7916,4079938419,rx1-tx0,512,-13,600,1022,443,365,245,98,-56,-204,-330,-419,-465,-466,-407,-313,-189,-44,104,238,357,436,470,449,387,290,157,7,-143,-285,-399,-475,-499,-473,-409,-296,-153,10,170,319,443,524,558,537,461,337,186,9,-175,-347,-489,-592,-640,-627,-551,-426,-250,-55,158,363,534,666,734,736,657,526,336,105,-137,-377,-582,-741,-833,-836,-763,-619,-408,-152,114,387,610,781,888,890,819,670,458,199,-76,-345,-579,-753,-862,-891,-833,-701,-509,-275,-20,228,455,643,769,827,813,742,597,408,186,-48,-272,-481,-651,-766,-824,-813,-739,-598,-407,-180,71,319,547,733,868,931,915,811,630,231,109,-194,-489,-752,-952,-1078,-1100,-1022,-846,-583,-264,94,450,771,1036,1200,1264,1207,1022,750,383,-20,-425,-798,-1101,-1312,-1399,-1344,-1167,-873,-497,-58,385,797,1148,1375,1483,1448,1274,983,591,143,-327,-767,-1141,-1416,-1558,-1551,-1390,-1109,-723,-254,240,717,1130,1438,1611,1634,1506,1231,828,327,-210,-716,-1162,-1488,-1693,-1722,-1560,-1249,-804,-276,284,797,1248,1554,1705,1667,1459,1100,634,119,-407,-881,-1250,-1480,-1544,-1458,-1217,-858,-424,47,500,881,1157,1307,1321,1198,952,617,215,-191,-558,-863,-1067,-1147,-1098,-922,-649,-314,61,413,705,906,983,929,734,448,109,-238,-517,-680,-709,-600,-391,-968,-504,101,510,202,243,77,-150,-371,-546,-641,-625,-502,-295,-40,237,485,677,780,781,694,519,278,-1,-290,-552,-763,-890,-915,-848,-676,-446,-149,175,493,755,957,1066,1053,947,728,433,81,-289,-643,-944,-1153,-1243,-1209,-1046,-766,-423,-19,404,787,1100,1305,1389,1340,1130,816,421,-20,-471,-890,-1217,-1430,-1495,-1427,-1200,-856,-428,55,538,972,1301,1509,1575,1478,1238,865,418,-72,-559,-988,-1311,-1510,-1551,-1439,-1185,-829,-395,69,521,923,1217,1397,1451,1367,1154,835,449,21,-392,-767,-1075,-1268,-1346,-1305,-1144,-880,-543,-163,225,589,897,1129,1254,1267,1156,960,664,323,-41,-405,-732,-995,-1171,-1249,-1207,-49,-832,-529,-174,202,570,887,1128,1275,1307,1225,1029,737,365,-37,-436,-818,-1127,-1331,-1428,-1378,-1202,-914,-527,-71,386,807,1158,1407,1516,1467,1290,985,586,120,-362,-800,-1154,-1394,-1501,-1471,-1282,-982,-585,-131,318,738,1068,1302,1410,1374,1210,940,580,173,-237,-608,-927,-1149,-1252,-1240,-1107,-878,-585,-237,123,457,747,951,1065,1093,1013,834,593,304,-6,-300,-572,-789,-922,-962,-921,-789,-592,-341,-72,206,454,661,792,851,829,729,552,335,89,-165,-386,-569,-696,-746,-723,-635,-482,-288,-68,148,349,504,607,647,617,524,384,218,30,-153,-323,-451,-530,-551,-517,-437,-307,-151,15,610,724,221,-1069,-654,-197,-318,-411,-465,-473,-431,-341,-216,-78,77,223,338,423,463,450,397,301,173,20,-130,-265,-377,-455,-482,-463,-399,-293,-152,5,158,299,419,500,528,502,430,314,166,-1,-174,-333,-463,-553,-596,-580,-503,-379,-217,-28,174,357,514,625,679,678,602,471,291,75,-154,-376,-556,-703,-779,-788,-715,-572,-375,-132,132,379,597,766,854,873,801,640,439,175,-101,-363,-603,-779,-888,-903,-840,-691,-482,-237,34,297,529,710,826,859,821,717,550,335,93,-146,-371,-566,-708,-800,-814,-770,-661,-495,-290,-59,177,400,598,746,842,863,816,699,522,292,27,-251,-515,-738,-568,-1001,-1002,-916,-743,-496,-194,142,467,766,991,1137,1185,1114,939,663,323,-44,-435,-786,-1072,-1271,-1335,-1280,-1100,-814,-448,-19,418,813,1135,1355,1454,1404,1235,933,540,102,-366,-791,-1151,-1399,-1524,-1503,-1338,-1046,-656,-198,289,745,1134,1422,1584,1589,1449,1169,771,294,-215,-703,-1134,-1472,-1664,-1688,-1542,-1257,-839,-342,226,753,1208,1534,1711,1700,1529,1199,742,209,-346,-856,-1272,-1536,-1644,-1591,-1361,-997,-527,-29,462,893,1211,1400,1440,1327,1078,732,323,-114,-528,-865,-1109,-1227,-1207,-1069,-815,-475,-98,282,617,874,1033,1062,953,737,433,83,-278,-589,-795,-879,-817,-619,-337,-28,255,439,-765,-1114,-164,528,708,-368,-486,-511,-433,-266,-25,238,476,645,728,708,587,386,118,-163,-427,-651,-795,-857,-821,-692,-479,-198,101,404,663,850,968,980,889,694,435,104,-235,-569,-852,-1050,-1148,-1128,-1001,-758,-427,-44,352,726,1024,1220,1318,1267,1091,801,426,0,-451,-856,-1169,-1374,-1447,-1390,-1182,-854,-427,39,505,930,1259,1474,1550,1460,1218,854,425,-64,-549,-982,-1319,-1513,-1568,-1466,-1218,-858,-407,82,553,960,1273,1460,1502,1400,1164,819,413,-29,-462,-847,-1142,-1332,-1392,-1323,-1146,-859,-492,-93,313,687,983,1190,1293,1282,1152,922,607,246,-138,-495,-815,-1064,-1200,-1244,-1178,-1010,-749,-428,-65,306,425,939,1142,1258,1259,1148,929,635,274,-114,-501,-847,-1127,-1305,-1356,-1295,-1117,-825,-457,-38,409,811,1151,1384,1486,1430,1256,962,565,100,-376,-806,-1167,-1412,-1529,-1487,-1300,-989,-584,-134,341,773,1122,1369,1468,1429,1257,960,582,148,-290,-678,-1006,-1233,-1338,-1304,-1160,-913,-576,-203,178,538,831,1045,1163,1157,1059,857,588,278,-50,-381,-658,-868,-991,-1019,-960,-820,-600,-326,-36,251,509,710,849,902,877,764,583,346,88,-175,-418,-614,-742,-804,-781,-680,-526,-314,-74,160,373,538,651,693,670,582,438,258,53,-154,-335,-471,-564,-596,-570,-485,-349,-190,-8,165,321,440,501,514,-420,-90
10479,mtk,MTK 7916,4079938419,rx1-tx1,512,0,0,0,16,-178,-336,-416,-405,-305,-137,68,254,377,412,358,225,38,-162,-323,-405,-396,-288,-114,83,263,382,407,335,182,-14,-213,-362,-422,-386,-254,-60,152,328,431,435,326,145,-68,-280,-428,-474,-409,-245,-23,204,386,474,455,330,128,-111,-320,-448,-477,-395,-223,1,222,392,467,437,302,94,-132,-326,-443,-449,-353,-175,44,255,406,461,400,252,51,-169,-353,-446,-435,-331,-161,51,250,385,433,393,262,71,-122,-285,-385,-395,-324,-182,-8,150,273,330,316,238,114,-18,-131,-209,-234,-209,-144,-59,19,83,117,112,89,52,15,-6,-11,-8,-1,11,13,4,0,-59,-93,-106,-96,-67,-5,71,136,174,175,138,65,-30,-130,-200,-234,-223,-148,-35,78,183,253,254,204,101,-24,-138,-220,-259,-230,-129,9,130,221,256,231,131,-10,-149,-263,-322,-298,-188,-13,175,331,428,432,323,121,-130,-366,-536,-589,-514,-320,-35,275,547,723,738,597,334,-28,-405,-701,-856,-844,-646,-317,90,486,787,929,880,654,284,-148,-545,-829,-941,-851,-591,-216,195,560,808,880,761,495,133,-248,-565,-752,-779,-644,-378,-37,305,573,701,685,527,259,-56,-354,-582,-677,-629,-464,-213,75,345,551,651,631,502,300,59,-175,-364,-481,-517,-481,-384,0,0,0,0,0,-127,-144,-140,-113,-58,12,88,163,222,244,223,163,71,-43,-153,-242,-295,-288,-220,-110,25,172,292,351,348,267,121,-44,-212,-354,-425,-398,-289,-113,86,275,420,489,450,307,93,-138,-356,-511,-547,-479,-313,-71,200,428,562,594,499,297,31,-245,-471,-590,-590,-476,-261,22,291,483,583,553,400,174,-83,-333,-504,-553,-487,-311,-69,178,388,514,512,400,206,-28,-252,-414,-487,-450,-315,-115,110,297,412,439,375,220,21,-168,-308,-379,-368,-281,-135,36,192,291,317,272,164,30,-107,-203,-245,-228,-149,-40,64,154,198,177,116,17,-89,-156,-185,-172,-115,0,79,155,198,194,136,36,-77,-177,-231,-228,-174,-75,44,156,238,260,219,123,0,-128,-232,-282,-261,-179,-56,75,196,268,278,224,120,-8,-141,-247,-282,-241,-157,-36,97,205,255,250,190,85,-48,-165,-234,-244,-198,-109,8,127,210,234,206,129,22,-95,-187,-233,-221,-155,-51,63,149,204,210,168,80,-22,-117,-190,-210,-174,-99,-12,76,145,169,155,108,33,-49,-105,-126,-116,-79,-22,35,82,101,85,42,-23,-72,-97,-97,-66,-5,62,118,149,133,84,3,-89,-164,-209,-199,-140,-45,76,192,263,275,227,126,-18,-168,-287,-341,-322,-228,-81,94,0,0,0,0,0,406,369,252,75,-123,-293,-395,-405,-329,-180,10,204,356,426,392,266,80,-124,-298,-400,-408,-318,-156,49,240,370,413,361,225,27,-186,-351,-434,-415,-297,-103,112,302,427,453,367,195,-26,-248,-407,-473,-432,-288,-78,149,345,466,478,375,179,-53,-271,-424,-477,-414,-261,-47,187,373,462,443,326,131,-89,-283,-418,-454,-375,-218,-2,216,377,452,428,301,103,-112,-303,-427,-451,-370,-208,-7,193,348,424,406,302,141,-53,-226,-335,-367,-326,-223,-80,75,196,270,281,233,141,31,-65,-137,-175,-166,-120,-64,-6,43,68,70,49,21,3,0,11,32,53,0,60,19,-32,-82,-124,-150,-144,-94,-26,54,137,191,209,186,111,3,-108,-198,-250,-243,-171,-68,52,165,242,262,217,120,-8,-133,-222,-254,-221,-136,-10,125,236,292,260,154,4,-162,-300,-371,-346,-230,-45,165,354,484,513,409,200,-62,-335,-551,-665,-637,-463,-169,172,500,736,822,736,494,127,-270,-614,-852,-921,-796,-497,-87,335,685,906,943,774,454,47,-372,-707,-893,-894,-701,-369,21,398,690,824,783,582,263,-106,-442,-667,-748,-671,-455,-151,178,462,645,682,579,362,72,-228,-473,-630,-659,-562,-363,-107,157,396,560,617,579,458,282,84,-93,-236,0,0,0,0,0,20,-26,-83,-134,-172,-195,-191,-149,-78,11,111,206,265,273,234,148,31,-100,-220,-305,-333,-293,-194,-41,128,268,354,376,328,206,32,-159,-329,-430,-449,-373,-206,9,223,400,503,509,399,209,-39,-284,-472,-569,-547,-414,-192,75,334,524,602,554,393,155,-123,-379,-546,-595,-525,-341,-82,182,405,542,557,451,252,-7,-258,-445,-528,-500,-360,-140,104,320,468,510,433,260,41,-180,-365,-464,-458,-358,-178,33,227,368,423,382,263,91,-98,-254,-337,-346,-272,-144,1,143,247,276,240,155,37,-78,-165,-215,-208,-137,-37,65,153,193,175,105,16,-80,-157,0,-194,-119,-16,86,170,218,214,151,44,-77,-177,-236,-242,-194,-93,31,151,237,267,237,153,30,-104,-212,-280,-283,-210,-89,47,166,254,281,241,139,9,-112,-210,-264,-246,-171,-57,72,182,249,251,194,92,-33,-146,-225,-248,-210,-122,-6,105,193,237,221,149,41,-73,-164,-211,-210,-162,-75,27,124,188,203,168,94,-4,-90,-149,-178,-158,-97,-18,64,123,144,137,93,17,-49,-88,-118,-112,-64,-7,48,89,100,66,11,-38,-82,-106,-107,-67,0,78,146,174,163,109,15,-93,-185,-239,-243,-190,-83,54,178,269,311,277,169,22,-133,-269,-355,-358,0,0
10480,mtk,MTK 7916,4079938419,rx2-tx0,512,0,0,0,-119,192,471,642,658,522,262,-69,-396,-629,-714,-633,-396,-63,291,580,733,712,528,212,-158,-498,-718,-765,-632,-344,30,399,677,792,716,470,107,-284,-613,-798,-790,-583,-234,166,535,786,842,692,366,-52,-465,-765,-882,-791,-500,-81,363,725,914,879,634,232,-235,-657,-928,-972,-787,-409,79,551,892,1030,927,600,124,-394,-822,-1060,-1049,-790,-341,194,686,1023,1119,951,561,38,-500,-917,-1125,-1075,-770,-280,270,753,1063,1125,928,515,-21,-545,-940,-1114,-1032,-710,-226,310,762,1032,1060,843,435,-68,-551,-899,-1033,-926,-600,-138,346,741,953,943,713,313,-154,-573,-849,0,-776,-442,-7,424,746,886,820,560,158,-281,-645,-855,-857,-650,-289,138,541,815,891,748,434,11,-423,-757,-911,-847,-583,-184,264,657,901,931,742,370,-90,-530,-844,-964,-854,-552,-119,345,732,951,950,721,319,-154,-595,-901,-1000,-866,-530,-73,404,790,998,974,729,313,-175,-624,-927,-1028,-902,-572,-106,377,769,989,987,768,387,-84,-525,-838,-967,-878,-596,-191,247,618,850,891,729,411,21,-363,-663,-812,-771,-561,-244,117,443,662,731,640,413,106,-217,-486,-642,-660,-536,-303,-17,266,488,603,598,485,274,19,-224,-421,-540,-559,-483,-337,-155,27,182,286,337,0,0,0,0,0,288,382,431,417,329,173,-25,-237,-431,-559,-592,-513,-334,-79,206,457,628,673,580,361,57,-277,-566,-745,-769,-625,-343,30,411,722,891,872,655,283,-165,-596,-916,-1049,-958,-651,-185,339,804,1110,1188,1002,589,46,-525,-998,-1266,-1264,-988,-490,121,718,1163,1362,1275,907,333,-315,-893,-1283,-1395,-1195,-735,-118,525,1051,1340,1332,1041,518,-123,-721,-1154,-1327,-1201,-809,-248,362,892,1214,1249,1002,540,-37,-602,-1022,-1200,-1105,-760,-250,308,791,1089,1123,899,481,-42,-541,-919,-1088,-996,-677,-214,297,727,983,1016,812,420,-60,-518,-854,-988,-886,-586,-155,309,696,916,917,708,0,-95,-512,-801,-901,-789,-495,-93,324,666,846,830,620,268,-137,-502,-745,-813,-691,-414,-40,330,611,748,706,502,187,-166,-468,-650,-676,-544,-291,25,323,529,607,546,354,81,-199,-417,-529,-507,-370,-147,102,310,430,439,341,168,-42,-232,-351,-371,-298,-153,29,193,294,313,246,119,-42,-190,-276,-288,-223,-93,61,197,284,289,211,74,-84,-220,-300,-303,-225,-80,87,235,327,331,245,94,-87,-250,-356,-376,-292,-132,63,252,386,421,350,191,-17,-227,-385,-449,-407,-260,-39,197,384,478,460,329,111,-144,-369,-501,-517,-410,-197,77,333,511,569,492,296,23,0,0,0,0,0,-629,-617,-458,-186,137,436,641,692,580,329,-6,-347,-610,-731,-679,-467,-139,228,546,732,745,579,278,-95,-448,-696,-778,-677,-410,-37,349,650,800,753,525,169,-234,-584,-797,-821,-639,-299,111,498,774,863,739,426,10,-414,-745,-897,-834,-566,-153,298,690,920,927,705,318,-157,-607,-915,-1004,-855,-499,-21,473,864,1050,990,694,224,-304,-769,-1054,-1094,-878,-454,76,590,975,1132,1018,668,163,-387,-846,-1107,-1110,-857,-411,140,662,1012,1127,983,610,98,-432,-858,-1079,-1053,-786,-336,187,660,976,1062,899,528,42,-445,-820,-1004,-946,-666,-239,243,658,905,936,748,389,0,-493,-797,-908,-803,-502,-78,359,703,880,844,603,220,-218,-599,-837,-877,-710,-372,64,488,794,901,795,506,95,-349,-717,-910,-887,-653,-267,190,603,877,948,799,460,7,-450,-806,-967,-905,-638,-222,252,669,937,983,801,432,-45,-505,-850,-1001,-925,-635,-193,296,716,972,1009,816,441,-37,-504,-855,-1011,-948,-670,-240,238,660,926,987,839,506,58,-390,-737,-917,-895,-678,-318,107,500,761,854,761,500,139,-241,-556,-741,-759,-615,-338,5,333,577,693,656,481,210,-99,-377,-573,-642,-577,-397,-142,137,372,533,598,547,400,191,-37,-248,-397,-471,-470,-404,-293,-161,0,0,0,0,0,-222,-115,27,196,360,480,531,495,369,164,-87,-333,-530,-633,-610,-468,-229,74,376,606,719,685,501,202,-157,-496,-738,-837,-758,-501,-120,303,677,920,975,810,460,-6,-491,-882,-1095,-1081,-829,-383,161,684,1080,1252,1145,790,265,-339,-883,-1241,-1337,-1152,-710,-108,530,1055,1355,1360,1069,540,-103,-716,-1178,-1389,-1285,-902,-329,316,887,1250,1336,1134,678,72,-541,-1025,-1273,-1229,-917,-402,203,751,1120,1230,1065,660,107,-453,-902,-1145,-1124,-843,-376,170,671,1007,1113,966,593,87,-424,-830,-1036,-1006,-754,-322,177,621,921,1007,855,505,46,-411,-772,-951,-911,-657,-254,202,606,0,912,752,421,-5,-425,-740,-880,-815,-564,-185,235,589,802,824,658,345,-44,-419,-687,-788,-710,-465,-119,243,538,702,696,531,248,-87,-393,-595,-651,-550,-326,-36,253,476,577,534,360,113,-145,-360,-481,-479,-356,-159,67,270,390,404,315,157,-33,-209,-319,-340,-272,-137,28,183,280,294,229,103,-50,-190,-273,-282,-211,-79,75,212,292,291,213,74,-88,-229,-317,-320,-236,-88,87,243,336,347,271,113,-78,-249,-365,-395,-317,-157,45,239,379,433,376,221,3,-216,-385,-466,-436,-295,-75,168,373,498,499,373,153,-109,-353,-514,-548,-452,-241,31,300,503,592,0,0
10481,mtk,MTK 7916,4079938419,rx2-tx1,512,0,0,0,90,120,133,124,94,50,-4,-60,-105,-132,-138,-117,-71,-14,47,99,137,148,130,83,21,-43,-100,-134,-134,-106,-58,4,61,106,125,111,67,12,-46,-99,-118,-100,-62,-7,52,99,119,108,67,0,-69,-121,-146,-136,-88,-10,76,149,190,185,131,46,-58,-155,-222,-236,-190,-93,31,146,233,277,257,169,31,-119,-247,-319,-321,-247,-111,58,217,335,381,334,204,27,-162,-321,-415,-414,-316,-143,64,264,406,454,399,254,47,-174,-361,-462,-460,-358,-170,61,279,432,479,421,268,49,-184,-366,-469,-466,-348,-153,81,301,451,495,418,241,8,-226,-408,0,-490,-338,-111,139,364,504,529,437,234,-34,-289,-480,-575,-534,-365,-109,176,422,573,596,496,271,-28,-315,-532,-639,-597,-416,-142,164,436,614,651,534,295,-7,-303,-543,-655,-621,-440,-154,164,440,623,658,541,301,-13,-322,-556,-663,-621,-445,-162,162,454,634,673,559,318,2,-312,-557,-682,-651,-464,-180,139,432,628,681,578,337,30,-276,-526,-656,-635,-477,-215,93,384,586,664,591,381,95,-209,-467,-620,-635,-520,-295,-9,286,508,614,592,457,230,-47,-308,-506,-601,-569,-430,-213,46,291,474,568,556,445,261,47,-168,-347,-457,-483,-439,-337,-202,-67,58,0,0,0,0,0,204,220,210,158,69,-40,-156,-259,-326,-344,-302,-196,-54,107,263,372,409,375,263,84,-117,-300,-431,-485,-435,-284,-71,165,380,529,571,487,292,20,-259,-488,-638,-658,-535,-292,33,367,638,779,760,579,256,-133,-494,-761,-888,-832,-591,-217,214,607,881,974,865,559,133,-329,-721,-975,-1026,-847,-483,-21,454,840,1043,1023,788,378,-119,-586,-932,-1075,-979,-681,-232,268,709,997,1060,888,526,48,-438,-827,-1036,-1017,-767,-348,146,604,928,1046,931,608,150,-324,-731,-989,-1021,-825,-447,25,491,847,1019,956,679,263,-212,-642,-924,-994,-843,-506,-64,391,756,950,933,0,314,-140,-560,-857,-950,-828,-525,-101,349,710,908,904,698,325,-121,-527,-832,-950,-842,-540,-126,318,691,906,919,726,367,-76,-499,-802,-928,-855,-585,-181,255,634,875,916,747,423,4,-415,-731,-883,-839,-608,-244,160,524,768,838,723,451,83,-294,-590,-752,-749,-579,-283,66,388,612,702,628,419,125,-190,-449,-596,-608,-484,-256,17,277,470,550,505,344,114,-129,-332,-458,-480,-391,-218,-13,189,343,419,405,301,130,-57,-214,-327,-364,-316,-211,-66,88,211,283,299,248,146,28,-88,-180,-228,-230,-195,-119,-24,66,134,174,179,152,102,38,-29,-89,-131,-147,0,0,0,0,0,-101,-59,-4,55,95,121,138,127,92,42,-20,-75,-116,-137,-139,-108,-51,14,73,118,140,133,97,41,-22,-80,-121,-130,-111,-70,-10,54,94,113,104,65,5,-55,-94,-117,-108,-61,0,61,113,134,121,72,2,-77,-138,-168,-164,-112,-26,65,148,205,212,163,75,-41,-160,-237,-258,-223,-131,0,136,247,304,291,205,67,-89,-235,-334,-355,-295,-162,10,190,333,400,375,260,82,-121,-309,-426,-445,-365,-200,16,231,388,461,436,307,105,-121,-320,-448,-476,-396,-226,0,223,396,477,450,315,102,-131,-334,-464,-479,-388,-205,37,270,432,493,444,294,0,-178,-395,-512,-501,-377,-167,94,338,508,560,490,303,37,-241,-461,-579,-578,-443,-195,100,372,556,618,547,350,68,-238,-487,-622,-619,-482,-230,83,379,583,655,568,356,67,-244,-502,-641,-638,-491,-225,88,383,591,665,596,383,76,-251,-514,-658,-650,-496,-239,78,388,604,676,606,399,98,-220,-488,-649,-661,-520,-261,57,356,576,666,609,423,133,-193,-463,-631,-655,-539,-308,0,303,536,650,615,450,194,-103,-377,-569,-635,-571,-392,-127,162,414,573,616,535,344,87,-184,-414,-554,-584,-505,-337,-108,138,351,490,537,499,382,214,29,-142,-274,-354,-371,-338,0,0,0,0,0,-28,52,137,216,275,300,276,204,90,-50,-191,-305,-378,-380,-304,-168,10,191,341,428,432,351,192,-20,-233,-408,-507,-505,-395,-184,78,331,522,609,577,411,147,-162,-453,-655,-725,-647,-426,-98,261,572,784,839,708,425,40,-375,-715,-909,-922,-738,-392,45,482,822,998,964,723,317,-157,-593,-919,-1057,-952,-643,-200,292,724,993,1055,897,536,54,-436,-833,-1043,-1025,-792,-383,119,586,913,1056,966,659,204,-288,-720,-991,-1041,-857,-488,-11,470,843,1032,987,724,309,-174,-624,-928,-1033,-912,-585,-128,350,749,974,979,771,398,-66,-515,-842,-976,-896,-616,-198,266,0,905,946,771,419,-22,-456,-788,-940,-877,-620,-223,225,623,878,934,775,441,10,-423,-764,-933,-887,-641,-243,203,593,860,935,794,477,53,-383,-730,-916,-893,-670,-304,127,531,815,909,804,529,136,-286,-639,-847,-857,-681,-364,25,402,685,811,748,522,188,-174,-489,-688,-728,-609,-361,-32,292,529,639,618,461,194,-108,-368,-536,-582,-497,-307,-51,205,402,505,500,381,182,-47,-265,-412,-459,-404,-269,-80,118,283,379,386,309,171,9,-147,-263,-321,-308,-233,-111,27,150,239,269,246,177,76,-33,-125,-186,-210,-191,-140,-70,9,83,140,165,159,127,78,14,0,0
10482,mtk,MTK 7916,4079973264,rx0-tx0,512,-172,-867,-843,891,942,928,844,704,516,292,40,-200,-425,-621,-775,-881,-920,-895,-809,-671,-482,-254,-4,236,469,681,833,929,953,913,804,630,411,150,-117,-392,-628,-813,-939,-985,-969,-871,-695,-474,-208,66,325,563,754,871,926,906,818,664,471,235,-7,-230,-435,-602,-719,-762,-754,-702,-589,-440,-268,-74,103,272,415,518,582,605,580,520,426,307,165,19,-115,-230,-332,-407,-451,-464,-442,-401,-322,-218,-113,10,118,207,289,345,360,354,319,254,186,106,34,-44,-115,-163,-188,-192,-192,-178,-148,-112,-83,-64,-39,-21,-13,-3,1,7,24,41,66,96,122,147,154,147,-588,135,106,55,7,-39,-100,-145,-177,-210,-227,-220,-209,-179,-139,-85,-22,35,90,144,194,227,255,268,285,270,221,184,113,31,-51,-136,-238,-322,-389,-433,-456,-434,-377,-297,-172,-27,134,303,454,583,672,710,703,617,468,280,45,-205,-451,-670,-843,-931,-958,-892,-737,-509,-233,87,396,678,911,1056,1103,1057,906,677,385,43,-284,-590,-853,-1024,-1110,-1092,-976,-767,-510,-198,120,421,690,882,994,1009,933,785,561,297,13,-262,-508,-698,-819,-870,-841,-726,-557,-341,-109,135,353,535,659,722,712,634,490,297,78,-140,-348,-499,-578,-587,-513,-372,-188,4,179,291,-577,-724,765,-250,-172,-252,-223,-139,-21,112,250,351,409,408,354,255,119,-28,-187,-321,-417,-473,-475,-426,-333,-214,-65,85,235,361,451,486,485,430,337,219,69,-80,-209,-328,-407,-443,-444,-396,-320,-214,-96,10,119,201,263,295,314,303,253,204,138,85,32,-12,-61,-93,-114,-133,-148,-161,-167,-173,-178,-170,-161,-144,-98,-56,-1,63,128,191,249,287,305,314,304,250,180,94,-2,-97,-202,-299,-372,-418,-441,-439,-393,-317,-220,-107,39,176,306,420,511,571,588,557,481,368,225,45,-140,-324,-502,-648,-733,-770,-750,-672,-535,-344,-109,141,383,606,790,915,967,947,836,647,-291,144,-158,-446,-708,-926,-1061,-1114,-1076,-958,-744,-457,-142,188,519,803,1019,1156,1193,1139,992,769,489,160,-182,-489,-765,-983,-1113,-1164,-1128,-1004,-818,-577,-296,11,318,595,827,1013,1123,1161,1108,984,787,528,230,-75,-389,-690,-944,-1119,-1232,-1254,-1182,-1020,-788,-490,-145,209,554,867,1122,1298,1383,1356,1236,1007,709,344,-51,-446,-831,-1143,-1376,-1488,-1491,-1385,-1166,-843,-462,-31,408,804,1129,1374,1514,1517,1407,1190,871,490,70,-352,-730,-1048,-1289,-1411,-1433,-1335,-1133,-842,-502,-132,253,609,892,1108,1236,1269,1196,1035,811,527,213,-101,-399,-662,-874,-1012,-1082,-1059,-966,-809,-590,-335,-376,-345,126,-46,186,315,64,-186,-419,-615,-776,-888,-931,-898,-815,-675,-492,-271,-30,207,433,634,794,897,925,894,809,659,454,217,-44,-296,-541,-737,-889,-969,-979,-917,-771,-575,-325,-47,223,493,705,863,963,969,908,779,584,354,103,-160,-402,-600,-750,-837,-847,-801,-699,-550,-353,-140,66,269,450,577,665,695,665,603,495,357,200,37,-116,-252,-369,-458,-512,-527,-502,-455,-375,-266,-142,-11,105,213,315,378,414,422,388,337,266,162,67,-25,-121,-196,-250,-278,-282,-273,-231,-175,-119,-69,-23,25,63,82,93,100,102,93,91,92,87,92,93,96,99,88,71,43,-3,-39,321,-113,-159,-192,-195,-197,-185,-150,-116,-72,-10,47,104,155,195,225,234,232,221,209,169,124,63,4,-61,-149,-206,-261,-318,-343,-345,-338,-306,-238,-152,-51,67,198,314,425,521,567,582,538,453,317,146,-47,-251,-464,-629,-761,-837,-835,-758,-607,-389,-135,142,429,686,883,1012,1057,990,848,611,312,-12,-340,-644,-886,-1065,-1137,-1088,-965,-738,-453,-130,210,519,773,961,1068,1062,972,789,539,250,-55,-339,-593,-794,-907,-942,-891,-764,-566,-332,-77,183,417,602,728,785,773,684,533,337,118,-107,-321,-500,-625,-674,-650,-549,-379,-181,34,237,390,470,475,398,256,-648,-463,-436,296,358,79,184,284,336,342,289,181,48,-104,-243,-360,-428,-449,-423,-339,-223,-83,77,223,352,441,489,480,434,339,209,63,-86,-231,-346,-431,-483,-469,-425,-342,-219,-93,46,173,273,347,372,377,352,300,221,132,43,-51,-120,-170,-203,-211,-211,-203,-187,-158,-132,-109,-80,-57,-27,3,42,83,113,164,202,224,247,246,236,207,152,75,0,-68,-149,-236,-301,-349,-370,-372,-352,-296,-208,-101,8,133,254,353,436,496,521,499,444,355,235,90,-72,-233,-385,-514,-618,-677,-672,-624,-525,-371,-187,15,229,444,631,780,859,871,816,696,508,265,-3,-283,-557,-775,374,-1046,-1048,-966,-818,-586,-302,13,330,628,891,1065,1159,1169,1081,886,622,304,-35,-365,-669,-921,-1099,-1190,-1175,-1073,-902,-652,-358,-46,266,554,799,985,1107,1140,1097,974,795,551,262,-45,-352,-624,-871,-1061,-1168,-1190,-1141,-1006,-789,-519,-209,135,470,769,1010,1203,1297,1305,1214,1033,767,439,67,-312,-677,-998,-1239,-1401,-1448,-1399,-1224,-952,-603,-201,209,616,984,1273,1457,1538,1482,1303,1028,683,268,-163,-570,-943,-1233,-1419,-1495,-1444,-1282,-1032,-691,-300,102,499,832,1100,1270,1352,1323,1179,958,675,342,-11,-352,-648,-892,-1073,-1156,-1155,-1072,-911,-688,-422,-133,164,431,667,843,957,55,144
10483,mtk,MTK 7916,4079973264,rx0-tx1,512,379,779,748,-99,-359,-593,-791,-924,-997,-1002,-918,-764,-559,-298,-11,281,564,803,989,1097,1126,1078,930,717,444,134,-188,-509,-783,-1009,-1164,-1219,-1193,-1075,-868,-591,-265,72,418,737,997,1184,1274,1274,1184,992,729,410,61,-293,-631,-914,-1135,-1267,-1296,-1233,-1077,-848,-550,-215,137,474,772,1021,1185,1265,1258,1143,952,695,382,47,-289,-599,-864,-1067,-1185,-1223,-1164,-1019,-803,-539,-231,88,393,676,903,1058,1137,1133,1050,891,666,400,111,-190,-469,-717,-907,-1021,-1071,-1041,-936,-768,-548,-290,-16,266,513,729,890,985,1013,966,856,687,463,212,-57,-327,-566,-765,-905,-994,-1007,-940,-804,-615,-430,-105,175,433,672,865,993,1047,1023,914,732,492,219,-72,-361,-633,-843,-996,-1075,-1058,-966,-792,-563,-278,26,323,602,820,977,1053,1048,957,782,554,291,-2,-292,-554,-761,-906,-980,-971,-887,-733,-523,-276,-10,237,470,663,794,854,851,789,660,486,279,58,-160,-358,-521,-644,-713,-723,-680,-588,-450,-283,-104,69,245,393,512,583,597,572,506,404,268,125,-24,-169,-294,-386,-448,-472,-460,-412,-338,-244,-136,-26,86,184,264,326,355,362,337,296,229,142,48,-46,-133,-211,-267,-298,-303,-284,-245,-184,-104,-14,73,155,218,254,260,239,182,108,24,-56,-121,-157,550,663,481,-987,-479,276,262,191,81,-53,-191,-310,-389,-423,-402,-334,-232,-97,47,191,322,418,473,491,458,385,283,146,-8,-159,-304,-427,-510,-560,-571,-526,-434,-300,-145,32,218,389,530,638,698,702,641,532,366,159,-66,-292,-505,-682,-804,-858,-839,-744,-592,-376,-119,146,412,647,825,931,956,902,770,569,324,43,-245,-499,-716,-869,-948,-942,-868,-717,-495,-248,20,276,506,689,820,874,849,760,618,428,212,-21,-249,-438,-591,-690,-742,-730,-661,-552,-397,-223,-41,139,299,432,534,587,605,575,498,396,278,133,-15,-154,-277,-381,-455,-492,-504,-478,-420,-339,-239,-123,2,124,230,332,413,455,476,466,417,342,247,136,12,-112,-235,-341,-415,-466,-484,-467,-410,-327,-223,-115,9,133,249,344,415,454,458,428,371,292,191,86,-21,-131,-224,-302,-361,-396,-400,-383,-346,-283,-213,-135,-42,50,139,215,282,339,378,389,383,349,298,231,151,52,-56,-166,-264,-358,-428,-470,-489,-470,-422,-341,-234,-102,36,181,313,428,522,578,590,560,493,391,248,88,-73,-233,-386,-509,-600,-649,-650,-610,-526,-395,-249,-76,113,290,442,571,666,709,707,650,550,404,233,39,-159,-354,-528,-662,-749,-791,-778,-706,-585,-414,-208,15,240,452,634,775,856,873,-645,-1072,11,2,-201,-950,-890,-772,-588,-354,-94,190,464,699,887,1019,1067,1044,936,754,512,224,-75,-386,-672,-907,-1081,-1168,-1172,-1080,-906,-669,-366,-34,298,620,896,1106,1229,1259,1201,1041,803,503,162,-183,-531,-839,-1076,-1238,-1301,-1270,-1140,-925,-645,-311,43,388,706,973,1172,1276,1282,1189,1018,770,462,131,-216,-549,-825,-1047,-1196,-1251,-1215,-1088,-884,-616,-307,23,350,648,889,1070,1174,1181,1110,958,736,463,163,-145,-434,-697,-904,-1041,-1107,-1089,-995,-835,-606,-342,-58,230,498,723,895,999,1042,1001,893,722,498,245,-24,-292,-534,-743,-895,-979,-1001,-948,-827,-649,-429,-177,100,375,613,809,-1099,1019,1008,925,783,569,314,29,-258,-530,-761,-935,-1037,-1063,-1007,-869,-659,-409,-108,198,482,734,924,1047,1073,1025,892,684,425,133,-167,-452,-699,-877,-999,-1035,-985,-856,-663,-422,-145,137,400,624,794,900,929,884,778,604,389,151,-83,-315,-514,-663,-759,-796,-770,-684,-549,-378,-183,19,213,387,523,615,651,647,594,491,360,194,28,-131,-274,-399,-481,-524,-530,-497,-417,-316,-196,-66,63,179,277,353,394,407,392,342,276,185,88,-14,-114,-194,-266,-311,-331,-325,-296,-242,-169,-85,4,88,165,227,268,283,270,233,169,87,1,-89,-163,-208,-224,-205,-157,-87,523,376,-407,-686,-1082,-36,-156,-264,-338,-364,-336,-252,-134,8,153,282,383,443,455,423,347,233,102,-44,-191,-320,-426,-498,-524,-506,-450,-346,-212,-66,100,267,416,529,604,640,620,539,415,257,63,-150,-352,-529,-672,-760,-785,-747,-643,-478,-261,-21,229,463,666,826,907,911,836,690,477,221,-54,-329,-582,-779,-916,-972,-941,-831,-656,-418,-143,135,396,633,801,900,926,874,756,574,351,95,-149,-373,-566,-709,-787,-811,-758,-648,-493,-309,-109,100,282,446,570,644,672,642,567,459,320,162,5,-157,-299,-407,-490,-539,-540,-510,-450,-364,-244,-121,7,136,251,347,420,466,478,456,-198,347,245,127,10,-117,-231,-327,-404,-456,-477,-466,-423,-343,-244,-129,0,130,246,344,415,466,481,455,395,315,211,96,-27,-144,-244,-329,-393,-421,-432,-408,-356,-285,-199,-101,1,97,190,268,323,360,381,376,352,309,256,185,95,2,-95,-187,-269,-337,-388,-424,-430,-409,-364,-296,-199,-90,38,164,284,389,473,525,544,527,466,375,251,104,-53,-205,-345,-470,-566,-611,-620,-589,-511,-392,-249,-83,93,260,420,542,629,683,683,628,534,405,239,57,-131,-313,-479,-613,-705,-749,-742,-682,-567,-409,-226,-22,192,397,575,716,807,839,811,723,583,395,172,-69,1007,519
10484,mtk,MTK 7916,4079973264,rx1-tx0,512,-13,-847,-957,482,464,406,309,180,45,-96,-228,-343,-421,-459,-463,-417,-336,-227,-96,44,179,304,396,452,477,453,393,291,168,32,-114,-250,-367,-459,-505,-510,-477,-399,-291,-148,3,165,310,434,527,579,583,549,454,321,155,-22,-204,-379,-526,-628,-680,-685,-633,-526,-377,-184,33,238,436,609,734,799,797,727,597,412,190,-48,-284,-511,-689,-823,-885,-869,-787,-643,-437,-193,63,317,540,721,851,903,878,790,640,432,198,-44,-277,-492,-668,-783,-841,-835,-769,-645,-479,-289,-72,154,356,536,680,777,818,805,734,619,457,254,35,-192,-416,-617,-773,-873,-927,-904,-813,-663,231,-190,83,361,620,844,1005,1089,1091,1003,830,587,292,-36,-371,-685,-954,-1153,-1255,-1256,-1155,-958,-677,-342,33,421,780,1068,1282,1382,1377,1271,1040,722,353,-64,-471,-841,-1156,-1372,-1479,-1466,-1340,-1097,-764,-371,58,488,885,1218,1452,1565,1553,1416,1159,807,380,-72,-534,-964,-1306,-1545,-1659,-1637,-1484,-1184,-783,-319,192,682,1114,1445,1661,1718,1620,1385,1011,565,64,-438,-898,-1261,-1505,-1615,-1564,-1387,-1076,-677,-234,218,633,987,1241,1371,1377,1255,1030,719,346,-37,-411,-738,-980,-1130,-1172,-1099,-919,-661,-340,3,336,632,855,978,993,895,683,390,62,-256,-529,-702,-747,-671,-489,-248,503,-3,101,-155,325,450,449,362,192,-33,-269,-480,-636,-707,-683,-565,-390,-152,107,358,586,746,829,832,752,596,378,114,-161,-434,-666,-852,-958,-979,-912,-756,-531,-236,74,394,685,926,1086,1159,1133,994,763,460,113,-254,-606,-913,-1158,-1293,-1317,-1234,-1033,-743,-379,29,444,815,1125,1353,1457,1437,1295,1036,687,281,-156,-590,-978,-1285,-1488,-1540,-1471,-1284,-986,-600,-155,296,724,1081,1347,1497,1530,1418,1194,871,476,43,-375,-761,-1089,-1304,-1419,-1415,-1304,-1091,-790,-428,-35,338,690,978,1183,1300,1320,1226,1040,773,455,102,-253,-577,-856,-1073,-1201,-1238,-1185,-1038,-812,-534,-209,129,448,735,971,1129,-49,1216,1113,924,672,366,26,-323,-657,-943,-1157,-1280,-1307,-1245,-1076,-823,-500,-123,272,650,982,1234,1394,1447,1369,1184,895,526,115,-316,-720,-1063,-1323,-1466,-1497,-1395,-1169,-857,-476,-46,387,768,1096,1328,1435,1430,1306,1076,763,387,-16,-392,-743,-1023,-1208,-1301,-1286,-1161,-941,-667,-339,13,350,647,886,1040,1126,1113,1006,834,602,320,22,-269,-538,-740,-894,-972,-972,-900,-750,-547,-305,-43,211,444,643,779,856,858,786,659,475,249,21,-209,-417,-584,-696,-745,-733,-663,-542,-370,-168,41,238,405,536,622,641,613,526,397,243,73,-102,-267,-397,-488,-538,-539,-490,-397,-278,-130,-836,-815,221,463,-61,22,-122,-255,-365,-436,-463,-457,-405,-318,-199,-69,72,209,320,405,455,464,428,354,247,125,-14,-154,-280,-384,-452,-489,-481,-430,-346,-227,-81,65,215,343,451,518,545,534,466,367,228,67,-99,-271,-421,-532,-606,-634,-618,-544,-419,-257,-74,118,314,484,624,721,747,715,631,491,303,83,-152,-373,-570,-727,-825,-850,-814,-704,-532,-318,-65,187,423,635,797,887,906,852,728,548,317,58,-191,-421,-628,-778,-860,-874,-825,-716,-551,-342,-117,115,332,522,671,772,826,808,736,620,456,260,47,-168,-373,-552,-706,-808,-851,-840,-766,-635,-454,-241,-1,261,496,706,-568,972,1008,961,839,648,394,104,-201,-504,-773,-989,-1133,-1187,-1144,-1011,-792,-492,-144,219,568,884,1126,1284,1343,1294,1121,860,526,139,-248,-638,-987,-1240,-1407,-1453,-1374,-1199,-923,-560,-147,279,685,1042,1309,1473,1527,1453,1263,967,586,163,-286,-715,-1092,-1380,-1561,-1612,-1546,-1337,-1008,-598,-133,342,803,1213,1500,1680,1706,1581,1310,925,454,-66,-560,-1019,-1374,-1599,-1684,-1615,-1408,-1067,-642,-153,325,762,1130,1375,1497,1479,1329,1064,705,301,-116,-512,-846,-1101,-1246,-1271,-1182,-977,-698,-368,-11,347,658,894,1045,1082,1014,838,574,254,-82,-403,-673,-846,-904,-842,-660,-389,-83,198,417,519,827,970,-164,-855,-810,-2,-194,-388,-538,-604,-574,-455,-259,-13,246,473,648,757,769,707,565,353,102,-163,-414,-635,-801,-894,-902,-822,-661,-438,-162,136,430,689,894,1025,1065,1021,871,640,344,15,-336,-661,-938,-1134,-1236,-1231,-1113,-901,-603,-231,155,535,878,1148,1329,1400,1341,1162,890,541,124,-299,-712,-1062,-1324,-1471,-1502,-1399,-1172,-847,-433,20,456,861,1194,1436,1549,1529,1377,1108,746,326,-130,-564,-935,-1232,-1425,-1494,-1430,-1262,-981,-626,-230,173,556,891,1150,1317,1368,1313,1163,913,601,254,-120,-479,-788,-1034,-1201,-1279,-1250,-1121,-916,-641,-321,14,353,662,916,1099,1205,1212,1134,975,738,440,425,-215,-538,-826,-1046,-1199,-1258,-1226,-1102,-883,-594,-255,100,461,795,1071,1269,1372,1358,1243,1017,706,334,-76,-488,-852,-1166,-1375,-1478,-1457,-1304,-1047,-698,-294,132,559,928,1221,1417,1496,1430,1254,983,620,221,-192,-590,-929,-1189,-1348,-1383,-1308,-1138,-867,-537,-172,207,559,844,1055,1186,1214,1143,985,751,476,168,-157,-453,-704,-894,-1015,-1045,-1007,-880,-685,-452,-175,100,363,590,766,878,917,880,784,620,408,170,-86,-320,-521,-688,-779,-809,-774,-671,-516,-320,-108,114,318,491,615,682,684,634,533,396,215,21,-165,-331,-461,-548,-591,-582,-516,-401,-266,-107,55,211,336,432,490,191,-279
10485,mtk,MTK 7916,4079973264,rx1-tx1,512,0,0,0,-137,-312,-414,-416,-309,-126,88,279,402,430,354,177,-45,-248,-390,-440,-369,-205,8,218,372,433,385,237,27,-197,-373,-440,-393,-250,-37,191,367,451,425,284,62,-177,-372,-470,-451,-319,-102,152,375,492,491,362,135,-116,-340,-488,-513,-397,-183,65,297,459,498,409,220,-31,-268,-431,-492,-431,-253,-14,226,408,478,427,274,48,-198,-386,-470,-441,-302,-82,156,345,449,452,338,140,-85,-285,-411,-437,-361,-199,9,212,359,408,368,241,63,-113,-250,-323,-325,-253,-122,17,134,211,237,207,130,41,-41,-99,-122,-112,-90,-53,-17,5,16,16,9,5,12,0,64,76,76,65,32,-28,-102,-146,-158,-139,-88,-3,97,173,204,197,147,51,-65,-164,-226,-233,-176,-75,39,154,227,230,177,76,-41,-151,-223,-217,-145,-42,81,205,272,250,159,7,-172,-300,-356,-332,-209,-11,206,395,495,470,328,91,-192,-450,-612,-641,-518,-260,81,417,676,791,722,473,110,-289,-637,-845,-873,-709,-370,58,473,781,914,839,578,192,-245,-621,-848,-884,-718,-390,21,407,693,815,751,514,172,-208,-528,-713,-729,-579,-294,56,372,596,681,611,402,99,-212,-467,-624,-643,-517,-282,6,290,509,619,611,494,288,54,-173,-356,-458,-475,-429,0,0,0,0,0,-87,-50,2,68,132,183,215,208,150,66,-32,-137,-226,-278,-273,-205,-88,57,186,288,333,305,211,61,-111,-261,-358,-387,-319,-169,21,210,363,443,420,295,97,-132,-339,-475,-506,-423,-235,6,254,459,560,532,381,139,-143,-394,-557,-596,-504,-295,-14,269,496,604,557,387,139,-147,-399,-551,-564,-447,-219,44,292,482,551,482,297,41,-217,-415,-516,-492,-349,-129,125,343,469,479,379,190,-35,-253,-408,-446,-382,-236,-31,174,324,392,370,254,85,-94,-243,-316,-309,-234,-101,50,179,247,243,179,75,-43,-148,-203,-200,-136,-31,73,154,192,165,94,3,0,-174,-198,-167,-82,29,130,197,211,176,95,-25,-137,-213,-241,-199,-101,24,156,241,261,223,129,-10,-145,-239,-275,-238,-140,-10,120,223,266,243,156,18,-110,-211,-260,-226,-136,-19,106,201,249,229,145,19,-105,-215,-264,-231,-147,-31,103,208,255,233,150,32,-93,-200,-253,-231,-150,-34,86,188,240,224,151,43,-76,-177,-225,-209,-142,-37,69,150,191,180,127,35,-64,-134,-160,-141,-92,-22,61,117,127,96,31,-41,-95,-123,-118,-71,5,92,148,160,129,61,-42,-147,-212,-223,-180,-78,50,176,266,287,237,125,-33,-194,-306,-346,-308,-191,-13,174,0,0,0,0,0,398,283,98,-117,-303,-410,-418,-333,-164,61,270,403,441,364,194,-18,-229,-384,-440,-383,-223,-5,211,372,439,394,244,23,-196,-363,-441,-412,-267,-48,183,365,463,436,294,83,-165,-375,-485,-469,-336,-115,130,347,481,491,376,164,-87,-315,-464,-501,-405,-200,50,286,447,502,428,243,4,-238,-426,-496,-436,-264,-27,213,394,476,430,278,64,-168,-365,-469,-449,-317,-115,114,315,434,445,350,165,-49,-253,-390,-434,-370,-224,-29,159,302,372,347,243,102,-56,-194,-268,-281,-235,-142,-23,83,151,175,156,106,50,-10,-57,-71,-67,-57,-38,-14,-3,-18,-38,0,-38,-3,44,85,113,119,98,52,-16,-101,-171,-191,-169,-112,-20,89,180,221,222,166,62,-53,-154,-220,-226,-173,-82,36,146,214,228,178,63,-66,-168,-228,-220,-143,-24,119,245,310,284,170,0,-189,-347,-418,-392,-261,-39,211,430,565,563,420,165,-148,-447,-654,-719,-624,-371,-16,358,669,834,804,588,237,-180,-567,-837,-917,-787,-484,-67,361,709,901,890,669,299,-127,-515,-778,-858,-743,-463,-80,309,617,781,759,562,239,-125,-447,-661,-712,-591,-343,-29,295,544,659,624,451,186,-116,-394,-581,-640,-569,-389,-137,138,374,533,591,548,418,234,48,-108,0,0,0,0,0,-103,-138,-162,-162,-131,-74,2,91,178,233,248,219,142,29,-97,-213,-283,-308,-264,-151,-4,151,274,346,352,273,122,-63,-239,-370,-417,-373,-237,-33,182,361,467,465,351,156,-78,-303,-473,-540,-484,-313,-60,207,434,565,568,448,221,-65,-333,-523,-603,-545,-350,-72,212,445,576,566,422,190,-83,-341,-513,-558,-471,-273,-14,244,443,534,487,334,96,-172,-387,-494,-483,-362,-159,81,296,429,469,390,214,2,-206,-363,-427,-383,-251,-60,132,276,360,345,240,79,-79,-200,-275,-279,-203,-77,53,156,214,217,162,64,-54,-148,-190,-172,-112,-24,77,162,198,0,94,-18,-123,-188,-205,-172,-81,31,137,214,235,190,89,-35,-150,-230,-258,-221,-122,17,150,237,265,228,130,-6,-139,-232,-269,-240,-149,-14,121,213,257,236,147,26,-111,-213,-251,-231,-152,-31,105,217,251,225,142,26,-96,-204,-266,-235,-149,-32,98,197,242,236,155,30,-99,-201,-248,-224,-143,-34,90,185,229,219,152,41,-69,-151,-200,-199,-141,-49,58,141,180,171,112,22,-63,-116,-136,-121,-66,3,69,112,122,93,24,-51,-112,-138,-120,-61,27,122,179,188,152,63,-55,-156,-230,-254,-211,-102,45,193,299,320,268,154,-13,-186,-313,-367,-324,0,0
10486,mtk,MTK 7916,4079973264,rx2-tx0,512,0,0,0,149,429,610,640,500,223,-118,-432,-639,-685,-555,-278,79,420,656,724,602,322,-39,-399,-661,-750,-648,-380,-8,373,658,770,678,406,30,-363,-662,-787,-711,-441,-50,355,671,811,735,468,70,-357,-692,-844,-773,-497,-84,358,711,884,818,534,112,-351,-730,-920,-866,-578,-132,353,753,969,932,649,186,-333,-762,-1008,-999,-727,-261,278,751,1035,1051,798,342,-211,-718,-1043,-1101,-878,-430,125,653,1020,1123,935,518,-31,-578,-973,-1123,-982,-592,-54,494,910,1099,1009,658,147,-390,-826,-1049,-1005,-707,-229,301,742,988,987,729,286,-217,-654,-925,-954,-734,-327,155,594,872,0,725,347,-114,-533,-817,-890,-725,-366,82,503,787,868,724,387,-52,-478,-780,-879,-748,-423,17,455,778,902,792,475,31,-429,-783,-928,-833,-529,-91,378,749,931,878,599,157,-326,-721,-937,-920,-663,-236,251,678,931,953,736,322,-173,-628,-923,-983,-801,-419,75,550,887,1006,880,528,48,-443,-820,-999,-934,-641,-191,295,705,945,952,728,329,-147,-570,-848,-921,-771,-443,-13,411,720,847,770,513,141,-254,-574,-746,-741,-555,-242,117,434,643,695,576,325,9,-302,-535,-638,-594,-411,-141,149,402,561,599,505,313,71,-181,-387,-508,-529,-460,-319,-139,38,182,275,0,0,0,0,0,337,291,188,28,-166,-354,-490,-546,-501,-353,-124,149,402,579,641,565,358,56,-271,-545,-706,-708,-542,-239,138,494,743,835,731,441,32,-403,-763,-955,-920,-663,-237,268,726,1030,1098,901,482,-64,-614,-1035,-1219,-1125,-763,-201,428,958,1271,1302,1022,486,-169,-791,-1232,-1383,-1202,-735,-92,575,1102,1362,1299,934,342,-338,-935,-1295,-1341,-1063,-533,114,735,1171,1310,1133,682,71,-552,-1031,-1248,-1152,-779,-215,391,886,1161,1143,835,326,-257,-769,-1079,-1114,-876,-427,124,636,984,1079,900,503,-13,-525,-896,-1034,-911,-563,-79,415,803,978,903,607,160,-324,-719,-924,-897,-641,-229,0,640,864,873,662,281,-164,-560,-808,-851,-681,-340,84,484,750,825,692,384,-15,-402,-679,-777,-677,-414,-49,326,606,721,646,411,85,-257,-522,-647,-601,-404,-116,198,454,577,542,375,119,-159,-381,-493,-472,-328,-106,136,331,428,400,264,71,-132,-292,-361,-327,-202,-25,149,273,309,252,127,-35,-184,-274,-278,-200,-61,98,226,289,269,166,12,-147,-266,-307,-259,-137,31,194,305,330,262,115,-67,-238,-346,-359,-270,-104,104,288,392,390,284,94,-126,-312,-419,-423,-310,-102,135,339,455,454,330,111,-149,-371,-496,-498,-361,-124,150,393,535,534,399,151,-147,0,0,0,0,0,-610,-469,-200,133,439,632,661,526,252,-95,-426,-648,-705,-584,-312,50,406,659,742,630,352,-19,-386,-656,-757,-660,-390,-14,372,663,781,695,426,39,-359,-666,-806,-730,-458,-61,352,673,823,760,478,68,-358,-701,-859,-795,-514,-89,364,728,905,841,557,120,-358,-749,-952,-903,-614,-162,340,765,991,964,687,225,-304,-761,-1024,-1022,-755,-293,247,730,1030,1074,842,385,-175,-690,-1036,-1115,-911,-476,77,614,994,1119,959,557,14,-533,-947,-1111,-993,-624,-104,433,859,1072,1006,685,199,-338,-781,-1019,-998,-727,-266,253,693,954,967,731,314,-176,-620,-894,-932,-728,-336,0,565,838,897,724,360,-102,-526,-809,-884,-728,-379,69,490,784,872,735,405,-30,-465,-778,-888,-761,-432,0,440,779,912,807,500,56,-408,-766,-933,-859,-560,-119,350,738,938,903,636,199,-289,-699,-938,-940,-701,-283,212,654,932,975,773,368,-127,-590,-909,-1002,-841,-470,23,503,861,1009,906,590,130,-366,-766,-976,-949,-691,-269,215,641,901,940,751,390,-59,-486,-787,-893,-782,-480,-77,329,646,799,759,537,192,-184,-506,-700,-718,-570,-290,52,376,597,670,587,374,78,-232,-475,-605,-598,-461,-227,47,303,489,572,541,408,200,-27,-231,-377,-444,-431,-359,-240,0,0,0,0,0,121,266,386,457,456,372,204,-19,-258,-461,-581,-588,-471,-243,45,333,561,674,636,451,148,-203,-520,-728,-774,-635,-337,53,447,758,897,827,548,129,-341,-752,-1000,-1016,-782,-354,172,678,1037,1161,1019,626,70,-518,-1004,-1259,-1219,-888,-339,301,883,1267,1349,1110,610,-42,-694,-1186,-1393,-1262,-838,-225,448,1023,1341,1336,1018,454,-221,-833,-1235,-1337,-1111,-618,22,644,1100,1282,1145,734,151,-464,-963,-1209,-1153,-817,-286,310,824,1118,1131,860,378,-188,-693,-1024,-1100,-898,-466,68,578,942,1060,910,540,36,-470,-847,-1003,-911,-590,-123,369,756,951,903,627,192,-281,-674,-902,0,-655,-256,201,603,847,874,677,313,-125,-523,-783,-839,-688,-366,44,435,712,805,688,398,18,-360,-637,-742,-664,-419,-70,286,559,684,628,413,101,-224,-481,-607,-573,-394,-119,176,412,531,510,357,117,-144,-358,-462,-439,-308,-97,129,307,391,364,240,54,-141,-285,-334,-288,-164,4,166,279,299,226,92,-66,-204,-279,-277,-186,-35,122,241,293,260,148,-10,-172,-287,-317,-256,-125,48,216,326,343,265,113,-78,-258,-367,-374,-279,-100,109,294,403,400,288,92,-136,-331,-442,-440,-316,-107,136,356,481,475,346,118,-156,-394,-520,-510,-376,-138,146,397,548,557,0,0
10487,mtk,MTK 7916,4079973264,rx2-tx1,512,0,0,0,143,151,127,79,17,-50,-97,-135,-152,-129,-83,-31,34,101,137,143,119,70,7,-61,-112,-132,-131,-95,-37,25,80,118,122,90,31,-29,-76,-105,-111,-85,-34,32,91,123,117,78,19,-58,-121,-148,-130,-80,-9,78,151,182,156,100,11,-95,-185,-224,-206,-137,-20,109,210,262,251,172,40,-109,-231,-303,-305,-221,-76,91,242,340,354,279,130,-60,-240,-368,-405,-336,-187,17,229,384,443,395,247,33,-192,-366,-464,-441,-299,-90,142,350,470,469,351,146,-93,-313,-453,-480,-390,-196,51,280,439,484,406,223,-13,-242,-419,-492,-433,-262,-23,226,417,0,457,289,56,-194,-407,-518,-494,-343,-106,167,405,539,541,411,169,-127,-393,-556,-584,-475,-244,51,343,552,620,542,326,28,-277,-521,-626,-573,-390,-106,210,469,616,607,442,163,-150,-430,-606,-628,-490,-230,87,387,589,653,547,304,-14,-329,-562,-649,-584,-374,-66,256,517,648,610,429,143,-184,-457,-615,-632,-479,-208,109,397,586,631,526,290,-21,-324,-548,-640,-568,-356,-70,231,478,609,585,425,168,-130,-395,-562,-598,-496,-279,6,288,499,592,550,389,146,-135,-378,-528,-565,-487,-304,-57,197,399,514,527,438,271,65,-141,-310,-419,-444,-393,-289,-162,-34,0,0,0,0,0,130,68,-14,-109,-205,-279,-310,-282,-201,-77,72,219,325,377,351,248,80,-114,-287,-403,-436,-369,-221,-13,212,399,502,487,357,137,-129,-374,-548,-602,-514,-294,0,310,563,698,673,482,168,-194,-530,-762,-817,-690,-397,3,419,741,904,864,616,220,-238,-653,-928,-985,-815,-451,21,497,855,1016,948,654,198,-304,-733,-998,-1037,-829,-413,97,583,932,1058,933,582,99,-416,-831,-1040,-1003,-727,-271,246,698,980,1027,830,426,-79,-562,-910,-1038,-913,-566,-84,407,802,1010,965,687,247,-257,-694,-964,-1002,-791,-395,86,558,893,1000,860,518,57,-412,-784,-963,-902,-619,0,301,691,917,916,686,293,-176,-606,-881,-934,-757,-399,60,506,824,932,809,490,53,-404,-763,-930,-865,-591,-176,288,684,903,900,685,296,-165,-585,-857,-914,-755,-422,23,471,790,912,812,523,114,-324,-680,-858,-829,-606,-237,181,542,768,809,650,339,-41,-404,-664,-748,-653,-402,-54,290,550,671,629,434,138,-179,-442,-586,-588,-443,-196,86,345,505,539,446,248,-1,-239,-413,-484,-431,-278,-66,149,322,413,402,295,126,-71,-237,-337,-356,-295,-168,-6,149,252,299,284,202,78,-54,-167,-241,-258,-218,-133,-27,75,158,205,202,159,91,10,-67,-131,-164,-160,0,0,0,0,0,-41,24,75,122,145,134,102,52,-8,-70,-120,-147,-138,-104,-50,13,74,121,143,128,88,27,-36,-93,-125,-125,-95,-42,20,77,114,115,86,39,-22,-80,-115,-113,-77,-21,45,101,130,125,79,8,-71,-136,-161,-147,-88,-1,94,174,206,190,119,9,-106,-197,-242,-230,-156,-32,107,227,291,278,193,57,-99,-237,-324,-328,-246,-98,80,247,354,375,305,148,-50,-240,-383,-432,-369,-219,-11,207,377,454,418,278,62,-169,-361,-465,-456,-328,-122,117,326,457,474,373,179,-62,-289,-444,-487,-399,-211,25,258,430,491,421,248,14,-228,-413,-492,-445,-281,0,217,412,506,475,320,71,-199,-419,-536,-518,-372,-128,152,404,557,574,444,203,-90,-363,-547,-604,-508,-282,17,318,538,624,561,358,61,-254,-505,-626,-595,-416,-137,182,464,623,616,463,199,-121,-414,-594,-632,-519,-269,55,360,576,650,557,326,18,-293,-535,-648,-593,-391,-99,225,502,646,625,454,177,-145,-439,-616,-633,-504,-256,60,358,565,626,540,326,24,-284,-516,-620,-574,-383,-106,191,444,596,601,470,227,-70,-346,-535,-598,-521,-331,-64,215,443,571,574,445,216,-43,-290,-477,-560,-519,-374,-161,74,284,437,507,482,367,199,23,-138,-258,-319,-323,0,0,0,0,0,153,209,243,240,190,98,-22,-148,-263,-335,-339,-282,-165,-6,162,308,396,396,311,147,-55,-248,-401,-470,-429,-283,-65,179,397,534,550,434,215,-66,-348,-567,-655,-591,-394,-86,255,543,719,747,590,280,-107,-483,-762,-870,-775,-501,-100,337,706,918,921,711,332,-138,-589,-905,-1011,-887,-560,-99,401,815,1026,1003,749,312,-207,-670,-976,-1057,-885,-503,5,507,888,1058,971,656,187,-328,-765,-1017,-1026,-780,-354,153,627,944,1034,868,496,7,-489,-870,-1035,-952,-638,-170,332,754,993,987,750,329,-173,-625,-923,-1004,-834,-456,24,487,832,976,883,572,122,-357,-751,0,-911,-652,-239,235,647,901,931,723,340,-119,-549,-839,-928,-785,-443,9,453,790,932,837,537,111,-344,-717,-922,-896,-645,-232,236,641,887,922,727,357,-92,-516,-824,-924,-795,-474,-45,392,732,882,820,566,176,-252,-605,-813,-816,-625,-293,113,488,725,784,658,376,7,-348,-607,-716,-651,-425,-107,224,494,633,607,441,174,-126,-382,-544,-560,-441,-226,37,283,460,511,438,266,36,-194,-372,-456,-421,-290,-101,106,281,380,383,300,151,-23,-186,-299,-337,-297,-192,-49,91,210,273,268,205,106,-12,-124,-198,-226,-207,-146,-57,34,115,170,187,162,111,43,-31,0,0
10488,mtk,MTK 7916,4080014354,rx0-tx0,512,-172,438,143,-947,-931,-861,-728,-550,-331,-97,136,359,571,743,862,920,921,856,741,577,368,144,-100,-340,-558,-741,-880,-951,-958,-904,-782,-596,-375,-119,150,409,633,818,949,1008,988,893,731,517,267,-5,-269,-510,-708,-847,-929,-933,-872,-742,-569,-358,-126,107,322,512,650,729,766,749,684,564,415,234,55,-119,-279,-426,-529,-588,-594,-568,-518,-432,-325,-196,-49,76,197,310,380,432,459,456,414,356,272,164,58,-49,-152,-232,-291,-335,-347,-330,-294,-236,-159,-91,-25,46,102,144,167,176,168,146,135,116,88,63,49,37,28,26,21,14,-8,-30,-51,-85,-101,-125,-588,-163,-163,-153,-132,-91,-47,3,45,86,137,171,193,203,202,199,181,153,112,70,13,-42,-101,-154,-204,-247,-284,-304,-303,-287,-264,-202,-127,-34,59,173,280,371,456,500,519,504,443,340,196,20,-165,-346,-530,-667,-759,-803,-772,-683,-517,-300,-59,216,478,707,895,1012,1030,963,806,581,290,-21,-336,-630,-875,-1033,-1112,-1096,-986,-793,-520,-212,120,439,708,913,1039,1082,1015,880,673,397,103,-197,-460,-672,-839,-938,-944,-862,-711,-509,-270,-12,237,453,630,740,787,765,671,525,340,128,-94,-308,-481,-602,-666,-653,-564,-418,-231,-20,184,349,444,464,410,296,909,826,765,-194,-328,-221,-284,-306,-274,-194,-69,75,213,324,406,448,423,354,247,104,-48,-193,-333,-426,-478,-483,-449,-371,-247,-106,40,185,319,411,470,486,458,383,277,151,14,-118,-242,-320,-379,-410,-388,-340,-272,-176,-74,2,84,150,188,216,226,218,194,166,139,110,71,39,15,10,-6,-29,-63,-86,-126,-161,-183,-216,-237,-240,-220,-184,-134,-65,12,82,167,243,313,358,382,375,346,290,208,113,5,-117,-226,-340,-434,-493,-532,-521,-481,-400,-271,-138,19,177,337,490,602,672,691,672,600,482,318,123,-99,-314,-529,-701,-827,-894,-894,-831,-689,-503,-255,21,297,566,-291,969,1072,1086,1018,878,647,375,66,-257,-571,-838,-1040,-1172,-1212,-1151,-997,-771,-490,-162,178,502,778,1001,1155,1206,1177,1065,870,625,331,17,-291,-564,-805,-1005,-1125,-1166,-1138,-1034,-853,-620,-354,-57,250,554,818,1023,1175,1231,1221,1123,940,698,403,73,-273,-611,-895,-1135,-1285,-1363,-1341,-1224,-1019,-735,-404,-26,361,719,1040,1287,1441,1495,1432,1259,1004,665,273,-147,-545,-913,-1229,-1433,-1521,-1513,-1388,-1156,-834,-443,-25,373,750,1060,1294,1435,1450,1367,1177,906,590,211,-172,-523,-832,-1072,-1233,-1292,-1264,-1135,-933,-680,-380,-59,251,541,779,963,1072,1099,1053,943,769,541,293,27,236,112,126,-804,-899,-72,168,405,609,773,878,927,913,853,733,556,348,118,-116,-354,-558,-737,-855,-923,-934,-879,-763,-602,-388,-143,112,355,583,771,911,987,987,912,771,579,333,67,-206,-458,-682,-851,-963,-986,-945,-829,-651,-433,-187,72,311,529,691,808,860,853,789,664,484,287,74,-127,-319,-475,-591,-660,-682,-657,-599,-497,-359,-201,-47,95,233,354,439,501,519,507,477,401,295,194,78,-46,-166,-262,-350,-392,-412,-404,-366,-295,-217,-129,-31,55,131,198,239,256,262,251,214,168,115,69,21,-9,-35,-61,-74,-74,-74,-77,-82,-84,-90,-97,-104,-104,-114,-105,-87,-68,321,11,53,93,129,163,180,195,185,180,147,104,58,12,-27,-74,-121,-165,-195,-217,-234,-236,-229,-210,-173,-127,-71,-2,74,143,222,291,345,386,405,400,349,286,182,47,-92,-240,-377,-504,-599,-648,-655,-608,-510,-346,-162,55,291,515,708,837,911,917,829,671,452,172,-126,-421,-688,-906,-1045,-1093,-1051,-919,-694,-413,-96,237,543,810,998,1098,1106,1015,837,596,315,-1,-310,-576,-808,-954,-1020,-987,-873,-698,-471,-203,80,338,566,735,842,865,812,700,527,310,83,-150,-361,-532,-655,-717,-715,-638,-497,-315,-109,109,305,459,556,579,532,410,240,53,-120,-245,-86,-363,-436,-463,-375,-141,-48,76,199,310,379,392,349,258,142,-9,-155,-286,-391,-458,-467,-436,-360,-233,-97,56,199,331,430,480,491,459,378,262,130,-16,-163,-286,-381,-439,-456,-435,-372,-281,-182,-53,68,167,245,305,315,310,295,240,180,122,62,-2,-54,-85,-103,-121,-132,-137,-133,-138,-144,-153,-148,-145,-148,-115,-90,-40,17,76,139,193,249,292,312,314,291,245,174,92,-7,-107,-205,-297,-374,-418,-448,-439,-401,-346,-247,-133,2,145,273,406,507,572,606,592,544,444,300,131,-51,-237,-420,-580,-700,-776,-800,-765,-669,-503,-300,-60,184,435,647,824,954,997,975,862,374,455,166,-141,-430,-699,-921,-1074,-1155,-1145,-1033,-832,-579,-275,59,393,698,947,1123,1221,1214,1115,930,699,395,64,-263,-561,-813,-1008,-1139,-1181,-1139,-1024,-854,-608,-318,-21,276,568,815,1011,1130,1191,1171,1076,897,667,381,65,-250,-565,-840,-1061,-1218,-1293,-1280,-1170,-984,-726,-412,-64,303,647,958,1204,1370,1443,1398,1255,1030,715,351,-52,-453,-821,-1133,-1373,-1507,-1523,-1425,-1231,-939,-562,-161,255,659,1006,1282,1457,1506,1452,1295,1040,715,323,-81,-460,-808,-1076,-1278,-1386,-1369,-1257,-1061,-793,-471,-122,222,551,814,1020,1151,1192,1148,1026,840,602,325,32,-246,-502,-727,-887,-979,-1014,-416,-465
10489,mtk,MTK 7916,4080014354,rx0-tx1,512,379,-283,-76,359,579,773,920,1007,1014,955,824,636,397,111,-177,-454,-714,-922,-1066,-1141,-1127,-1037,-871,-634,-353,-40,282,584,850,1060,1197,1240,1206,1078,865,600,275,-74,-411,-717,-978,-1173,-1288,-1312,-1238,-1069,-827,-521,-183,165,508,810,1061,1230,1312,1300,1200,1017,764,457,116,-227,-558,-850,-1080,-1231,-1298,-1266,-1152,-962,-700,-396,-62,268,577,843,1052,1190,1237,1200,1079,890,643,353,42,-274,-566,-812,-1004,-1118,-1163,-1125,-1009,-826,-593,-319,-29,263,525,750,936,1050,1081,1045,942,780,558,306,36,-232,-482,-708,-886,-992,-1031,-1006,-920,-773,-569,-323,-58,207,461,690,866,983,1040,1022,-430,776,558,309,26,-252,-513,-743,-927,-1039,-1075,-1041,-925,-746,-505,-222,76,368,638,855,1012,1093,1089,1010,845,623,354,56,-241,-521,-758,-935,-1044,-1074,-1012,-876,-682,-437,-163,116,391,625,808,925,976,946,843,686,482,241,-5,-242,-456,-628,-757,-820,-821,-771,-657,-506,-326,-120,89,275,444,572,653,686,671,599,496,357,201,35,-134,-291,-416,-501,-546,-549,-517,-452,-358,-236,-101,31,154,259,341,400,422,413,374,318,236,149,53,-54,-148,-224,-287,-324,-333,-325,-288,-230,-164,-82,5,93,171,230,271,287,276,239,182,104,11,-71,-147,-199,-222,-213,-168,-110,-638,-585,481,1037,1215,200,286,330,321,259,154,19,-124,-256,-365,-434,-453,-430,-363,-255,-121,22,169,306,401,478,521,517,466,374,259,113,-45,-205,-356,-486,-575,-620,-625,-586,-486,-341,-169,19,217,417,579,699,776,785,732,627,456,240,5,-246,-486,-681,-836,-918,-927,-866,-727,-521,-274,-6,276,532,750,905,982,980,903,745,537,279,2,-264,-521,-731,-875,-951,-947,-874,-727,-534,-300,-45,201,423,609,747,821,830,779,664,517,332,131,-82,-269,-435,-571,-653,-686,-680,-612,-509,-384,-233,-68,94,236,373,473,530,559,545,505,427,329,215,91,-44,-170,-274,-371,-436,-478,-490,230,-431,-354,-257,-146,-26,102,214,316,391,449,478,481,447,383,293,183,62,-62,-182,-289,-379,-441,-474,-471,-436,-379,-296,-193,-75,41,151,249,328,384,414,420,402,360,297,218,131,39,-52,-134,-214,-283,-330,-361,-375,-372,-354,-307,-251,-179,-97,-1,94,184,271,347,411,446,450,438,396,322,228,112,-15,-136,-270,-389,-481,-547,-572,-563,-515,-434,-320,-175,-24,136,297,424,533,610,648,643,590,496,376,223,53,-118,-285,-441,-565,-653,-695,-698,-660,-571,-440,-278,-100,93,280,456,611,716,776,793,749,652,513,329,129,-89,-305,-513,-683,-806,-876,-884,-837,-538,28,11,605,661,896,783,618,403,143,-131,-399,-646,-846,-999,-1074,-1074,-1002,-857,-635,-375,-78,226,516,780,990,1128,1195,1170,1057,867,616,313,-13,-342,-657,-924,-1129,-1260,-1287,-1220,-1078,-854,-569,-235,114,462,773,1030,1213,1304,1313,1226,1048,796,482,143,-207,-538,-842,-1076,-1241,-1309,-1287,-1181,-991,-732,-424,-91,254,570,857,1074,1218,1273,1236,1116,925,676,374,49,-275,-577,-834,-1034,-1160,-1200,-1166,-1047,-865,-619,-336,-35,271,551,787,971,1082,1121,1082,969,802,578,307,24,-251,-510,-738,-912,-1011,-1047,-1014,-925,-773,-557,-308,-46,216,465,685,858,970,1021,1003,925,771,566,324,59,-218,-1099,-708,-886,-1008,-1062,-1034,-934,-768,-545,-277,8,301,573,797,971,1073,1093,1037,900,692,438,143,-157,-446,-702,-900,-1039,-1094,-1066,-960,-775,-535,-257,40,329,580,794,943,1018,1021,941,788,580,339,77,-191,-435,-639,-797,-883,-904,-858,-752,-594,-397,-168,51,267,452,598,704,761,745,681,576,434,256,73,-117,-282,-422,-534,-605,-627,-605,-537,-429,-299,-148,1,149,274,382,455,490,482,443,375,291,186,72,-44,-149,-239,-310,-349,-375,-366,-331,-280,-208,-116,-23,64,150,218,273,305,312,295,249,187,105,16,-69,-148,-210,-255,-270,-250,-206,-131,-52,33,102,142,118,310,-407,-718,-168,189,108,-13,-143,-270,-362,-409,-404,-345,-249,-112,32,172,298,402,466,489,471,399,300,181,31,-124,-271,-388,-485,-548,-569,-545,-479,-369,-220,-53,121,297,462,586,673,708,695,618,481,309,99,-129,-344,-541,-708,-814,-866,-852,-755,-595,-387,-128,129,389,624,818,933,983,943,830,654,414,141,-136,-412,-652,-837,-951,-980,-941,-834,-646,-417,-157,105,361,583,756,867,902,862,766,618,424,197,-31,-254,-445,-598,-708,-762,-757,-691,-590,-444,-266,-87,98,273,413,522,592,619,600,553,470,341,211,67,-70,-200,-320,-410,-478,-511,-514,-472,-411,-331,-225,-113,14,-198,238,337,413,460,483,472,432,365,272,166,48,-76,-194,-302,-386,-447,-478,-476,-445,-382,-293,-181,-64,62,174,276,360,420,449,446,417,365,289,198,97,-9,-108,-200,-278,-335,-375,-388,-379,-352,-314,-254,-180,-102,-17,63,152,229,294,349,386,405,397,369,322,254,170,61,-49,-159,-272,-368,-442,-499,-515,-505,-464,-384,-276,-148,-5,137,279,404,512,577,606,606,552,458,342,197,37,-132,-295,-435,-552,-634,-671,-663,-621,-532,-405,-248,-78,101,279,446,581,679,731,739,692,614,476,305,115,-85,-291,-474,-635,-752,-820,-838,-794,-698,-541,-354,-131,98,334,-1134,-1239
10490,mtk,MTK 7916,4080014354,rx1-tx0,512,-13,-199,392,-474,-426,-330,-218,-75,62,202,317,401,458,470,440,379,289,167,29,-105,-236,-344,-422,-470,-476,-443,-369,-268,-143,-1,137,267,383,468,519,523,490,414,299,165,16,-143,-291,-422,-528,-586,-608,-582,-501,-383,-233,-66,119,301,460,594,673,713,703,620,495,323,129,-83,-299,-487,-645,-768,-823,-820,-753,-617,-436,-212,32,276,500,697,835,908,909,841,710,514,278,20,-237,-472,-664,-815,-903,-917,-865,-744,-566,-353,-123,120,344,543,699,809,849,838,772,662,496,300,96,-124,-328,-517,-670,-775,-833,-842,-796,-695,-543,-351,-130,100,329,541,720,867,957,977,231,804,616,390,117,-171,-459,-721,-933,-1085,-1153,-1132,-1031,-846,-591,-283,58,399,723,996,1196,1300,1312,1224,1031,768,431,48,-341,-705,-1013,-1256,-1403,-1445,-1376,-1192,-907,-570,-173,244,640,991,1268,1448,1530,1484,1324,1069,727,330,-100,-525,-919,-1242,-1475,-1600,-1597,-1468,-1231,-895,-479,-9,460,896,1267,1544,1690,1711,1582,1307,937,480,-12,-516,-962,-1341,-1595,-1705,-1670,-1499,-1191,-792,-331,154,609,1010,1311,1482,1526,1443,1236,938,560,142,-271,-642,-943,-1169,-1277,-1280,-1168,-957,-662,-324,34,378,676,908,1055,1092,1024,857,609,301,-32,-351,-626,-821,-908,-858,-710,-470,-178,116,352,483,-1220,-1087,101,731,576,292,449,544,545,463,290,61,-192,-430,-618,-735,-771,-716,-579,-387,-140,122,365,594,763,869,894,837,705,498,240,-33,-315,-586,-809,-972,-1051,-1042,-951,-768,-500,-197,135,456,756,1003,1166,1244,1213,1063,834,530,176,-200,-566,-899,-1170,-1340,-1406,-1347,-1191,-924,-570,-183,232,634,994,1267,1458,1510,1447,1262,977,612,192,-250,-672,-1037,-1325,-1506,-1567,-1496,-1307,-999,-624,-207,237,658,1014,1283,1455,1505,1438,1257,978,625,242,-160,-535,-882,-1137,-1315,-1377,-1346,-1215,-1004,-709,-367,-12,344,667,940,1133,1259,1274,1203,1049,824,540,213,-117,-448,-733,-968,-1135,-1207,-1210,-1131,-961,-733,-49,-134,193,512,800,1032,1187,1262,1258,1150,959,694,379,22,-336,-681,-983,-1214,-1344,-1395,-1327,-1171,-917,-579,-183,220,616,973,1246,1421,1494,1440,1275,1013,661,262,-161,-571,-925,-1214,-1410,-1479,-1428,-1276,-1019,-696,-304,94,480,823,1085,1270,1362,1332,1194,977,695,367,14,-328,-635,-889,-1069,-1163,-1165,-1086,-928,-705,-433,-135,161,437,678,859,978,1017,982,874,703,486,240,-23,-286,-516,-701,-821,-880,-879,-810,-667,-479,-266,-41,195,412,586,705,771,765,710,591,432,241,36,-166,-348,-496,-603,-657,-654,-593,-491,-359,-188,-10,163,315,434,519,559,550,500,401,274,129,-25,244,542,221,-1202,-1138,103,242,352,431,472,472,434,354,251,125,-18,-156,-277,-375,-446,-472,-465,-415,-325,-215,-82,58,198,313,402,468,495,477,429,336,221,81,-67,-216,-352,-457,-524,-561,-549,-493,-405,-273,-118,47,220,375,507,601,655,660,605,507,360,184,-2,-205,-395,-556,-679,-752,-773,-727,-623,-474,-281,-55,172,399,599,752,857,882,849,746,582,366,122,-138,-381,-605,-776,-887,-930,-902,-805,-647,-440,-191,60,304,527,706,824,885,884,817,689,516,309,85,-135,-348,-535,-688,-780,-833,-828,-768,-658,-501,-315,-109,106,319,516,676,803,877,895,855,746,585,382,141,-119,-568,-621,-819,-969,-1054,-1061,-993,-840,-624,-351,-46,272,577,847,1055,1200,1246,1202,1057,824,522,179,-180,-543,-864,-1125,-1310,-1391,-1362,-1224,-990,-679,-302,96,488,852,1148,1361,1482,1470,1350,1128,816,447,37,-386,-781,-1117,-1377,-1523,-1563,-1483,-1295,-992,-620,-187,263,694,1076,1385,1596,1678,1616,1426,1128,725,265,-219,-703,-1119,-1454,-1666,-1741,-1653,-1429,-1093,-658,-168,327,798,1192,1470,1627,1636,1502,1245,876,454,9,-430,-820,-1129,-1335,-1413,-1366,-1203,-952,-627,-255,118,482,792,1027,1156,1183,1096,915,663,352,8,-320,-613,-839,-977,-1007,-921,-736,-467,-142,184,462,662,743,700,541,328,14,-538,-164,134,477,343,222,22,-197,-412,-581,-673,-674,-581,-410,-184,73,329,543,710,817,827,764,623,417,172,-97,-366,-609,-808,-928,-970,-938,-810,-614,-357,-62,250,539,809,999,1114,1141,1074,916,667,361,18,-350,-686,-971,-1181,-1300,-1307,-1217,-1024,-733,-369,24,425,783,1107,1322,1447,1454,1343,1103,791,402,-32,-462,-858,-1180,-1406,-1531,-1527,-1399,-1151,-818,-410,31,469,872,1204,1422,1537,1526,1392,1141,809,423,3,-411,-793,-1104,-1316,-1426,-1427,-1331,-1125,-835,-491,-111,262,616,916,1155,1284,1329,1270,1129,894,605,276,-74,-398,-701,-950,-1134,-1228,-1235,-1157,-984,-762,-471,-161,159,484,768,993,425,1232,1219,1132,965,724,422,90,-255,-591,-879,-1110,-1265,-1331,-1294,-1168,-947,-649,-307,72,455,808,1116,1338,1447,1443,1338,1126,813,438,18,-403,-787,-1116,-1355,-1478,-1494,-1382,-1170,-868,-490,-70,334,718,1030,1267,1399,1415,1331,1127,849,520,152,-231,-581,-875,-1102,-1235,-1271,-1206,-1062,-832,-550,-227,90,395,667,882,1028,1092,1072,979,808,586,326,47,-223,-477,-686,-841,-926,-949,-897,-777,-599,-380,-142,107,350,557,704,794,829,802,708,556,369,155,-61,-274,-465,-613,-699,-719,-689,-605,-477,-310,-123,69,245,394,512,590,608,575,494,378,236,75,-89,-244,-373,-460,-507,-514,-701,-516
10491,mtk,MTK 7916,4080014354,rx1-tx1,512,0,0,0,15,215,366,422,374,228,18,-191,-352,-431,-397,-256,-48,176,348,429,405,268,59,-164,-338,-432,-414,-273,-66,156,343,434,413,282,61,-176,-366,-463,-425,-295,-82,169,379,483,460,319,85,-176,-383,-493,-475,-329,-103,156,381,501,496,370,135,-131,-365,-506,-504,-371,-147,116,349,486,501,382,162,-97,-323,-469,-492,-382,-171,75,303,453,483,383,186,-56,-279,-431,-470,-391,-219,6,229,398,458,402,249,38,-175,-343,-421,-388,-272,-103,89,250,339,337,261,138,-15,-163,-253,-270,-226,-139,-42,53,130,166,152,103,50,-1,-38,-54,-54,-41,-24,-20,-28,0,-48,-43,-24,8,51,92,125,127,92,32,-45,-118,-167,-179,-146,-74,25,123,186,201,176,103,2,-100,-180,-209,-181,-109,4,111,178,194,151,63,-50,-142,-200,-203,-133,-10,122,233,279,245,145,-13,-202,-341,-402,-370,-230,-7,239,432,537,507,343,86,-215,-496,-661,-669,-525,-244,113,459,705,795,699,438,62,-334,-660,-844,-826,-613,-261,156,532,783,848,717,422,32,-355,-658,-805,-761,-532,-183,194,516,700,714,563,277,-67,-377,-593,-664,-572,-345,-38,266,499,608,576,417,160,-134,-392,-564,-613,-527,-330,-80,179,402,535,560,494,350,164,-20,-174,0,0,0,0,0,14,75,129,168,188,177,128,44,-59,-153,-222,-257,-246,-180,-71,59,187,284,315,274,171,27,-136,-266,-347,-357,-272,-116,71,252,372,413,363,222,17,-197,-379,-479,-463,-326,-114,134,359,504,536,435,229,-24,-288,-493,-587,-533,-345,-88,193,434,568,565,427,188,-86,-342,-522,-570,-484,-274,14,279,473,552,487,307,56,-211,-417,-518,-499,-354,-120,154,375,495,494,367,151,-90,-305,-442,-470,-380,-191,34,245,390,429,366,217,13,-180,-322,-378,-337,-215,-49,122,256,308,280,183,39,-106,-211,-250,-223,-135,-13,105,184,212,181,87,-38,-133,-193,-205,0,-48,77,173,217,201,130,21,-91,-179,-224,-215,-142,-20,104,200,244,220,135,14,-114,-217,-262,-236,-145,-27,103,215,262,234,141,5,-120,-211,-248,-219,-129,-11,114,213,247,205,107,-28,-149,-226,-242,-199,-93,46,165,243,268,212,90,-54,-179,-252,-258,-203,-93,42,175,252,254,201,91,-48,-173,-252,-263,-202,-83,57,170,234,245,180,70,-49,-145,-209,-221,-164,-60,47,131,174,173,121,28,-68,-131,-146,-128,-62,24,96,138,144,99,17,-78,-156,-182,-146,-67,32,137,214,223,174,73,-60,-181,-259,-286,-228,-96,62,213,321,343,281,144,-36,0,0,0,0,0,-413,-354,-206,-2,207,364,424,382,242,33,-181,-350,-440,-408,-264,-62,155,340,434,405,268,58,-159,-341,-434,-409,-273,-70,161,358,453,428,283,62,-177,-374,-473,-445,-299,-76,172,380,493,470,320,91,-162,-381,-499,-489,-355,-128,144,374,505,507,372,139,-132,-361,-499,-504,-377,-163,91,327,466,484,384,176,-82,-315,-457,-482,-383,-181,67,298,445,474,388,203,-37,-272,-433,-477,-398,-231,-12,212,385,448,398,267,70,-138,-307,-393,-376,-276,-125,55,203,291,316,264,144,7,-108,-184,-212,-188,-130,-58,22,85,110,110,86,46,10,-7,-4,3,2,0,-18,-40,-67,-80,-78,-63,-14,52,112,151,158,123,52,-34,-122,-175,-199,-172,-96,8,114,189,212,186,115,6,-112,-180,-196,-168,-91,20,122,184,195,147,42,-77,-179,-230,-211,-128,1,156,281,328,291,169,-25,-225,-389,-464,-426,-272,-30,235,468,607,597,431,153,-182,-491,-698,-744,-611,-330,41,416,703,829,767,531,170,-247,-612,-826,-858,-693,-352,65,450,726,837,751,482,110,-272,-579,-749,-740,-550,-232,128,446,653,695,569,314,-8,-324,-551,-640,-576,-380,-97,203,451,594,596,468,239,-42,-308,-501,-590,-561,-430,-228,4,220,384,466,460,388,0,0,0,0,0,-128,-126,-100,-51,21,100,170,217,227,189,116,10,-107,-207,-273,-281,-228,-122,18,162,279,340,323,228,75,-97,-258,-367,-390,-321,-175,24,224,375,449,414,273,67,-170,-373,-489,-496,-377,-168,79,324,512,569,485,299,34,-246,-473,-587,-562,-404,-152,135,385,543,578,464,230,-47,-309,-498,-567,-489,-283,-19,237,439,540,500,337,82,-177,-387,-501,-496,-356,-128,122,335,457,469,370,183,-53,-269,-412,-450,-374,-208,5,210,352,402,350,211,29,-150,-282,-342,-310,-195,-39,116,227,279,257,161,22,-105,-198,-237,-204,-107,7,118,191,205,157,61,-48,0,-203,-204,-145,-39,77,168,212,207,132,16,-99,-191,-238,-216,-138,-16,113,210,252,229,143,19,-111,-215,-266,-238,-144,-14,125,219,251,224,137,6,-125,-214,-250,-217,-118,-2,123,216,248,212,106,-31,-154,-231,-256,-210,-96,36,157,247,260,202,101,-34,-163,-246,-263,-201,-91,47,175,249,257,203,88,-44,-159,-234,-247,-190,-81,43,149,218,232,175,65,-50,-141,-198,-195,-137,-48,50,130,161,144,86,8,-79,-145,-157,-110,-34,53,121,151,137,86,-14,-123,-191,-201,-168,-82,53,169,239,256,203,83,-58,-200,-299,-317,-256,-121,52,212,331,372,0,0
10492,mtk,MTK 7916,4080014354,rx2-tx0,512,0,0,0,28,-286,-530,-635,-571,-356,-37,301,561,674,611,379,43,-304,-576,-706,-649,-407,-52,317,603,729,665,425,67,-318,-621,-751,-680,-422,-46,337,640,777,694,425,31,-371,-674,-797,-704,-416,-9,405,708,828,723,414,-13,-443,-758,-870,-745,-413,38,488,814,917,771,418,-63,-535,-872,-977,-817,-435,69,562,911,1018,854,463,-61,-580,-947,-1067,-907,-501,41,577,963,1097,941,533,-11,-551,-956,-1110,-971,-579,-34,519,935,1111,992,611,73,-479,-904,-1089,-996,-644,-123,432,861,1056,979,649,152,-379,-802,-1016,-961,-641,-163,344,757,971,919,628,177,-318,-719,-923,-876,0,-170,301,689,887,843,574,149,-311,-684,-877,-832,-556,-134,319,684,875,831,560,136,-327,-700,-890,-840,-566,-144,321,710,908,862,587,158,-325,-724,-927,-890,-617,-178,305,710,934,912,652,217,-276,-698,-941,-945,-691,-254,245,684,947,964,729,302,-209,-662,-945,-988,-777,-363,140,613,928,1009,828,443,-46,-520,-865,-993,-869,-528,-57,416,779,944,872,586,156,-293,-658,-858,-836,-605,-235,186,544,760,787,619,303,-77,-424,-657,-723,-612,-353,-8,322,554,653,597,393,101,-206,-461,-602,-595,-452,-218,56,315,495,568,525,379,170,-64,-269,-402,-453,-427,-334,-205,0,0,0,0,0,132,-10,-171,-331,-454,-507,-460,-314,-95,160,399,565,614,532,327,35,-278,-536,-678,-670,-497,-193,171,510,738,799,660,354,-52,-470,-782,-917,-833,-536,-84,406,813,1038,1012,734,266,-291,-796,-1120,-1176,-942,-474,122,706,1132,1298,1146,711,90,-571,-1100,-1357,-1288,-911,-309,388,986,1340,1367,1061,492,-200,-843,-1272,-1376,-1148,-643,18,679,1161,1342,1188,740,106,-545,-1049,-1280,-1189,-801,-213,422,938,1198,1147,820,283,-324,-840,-1136,-1133,-837,-330,248,753,1060,1096,846,383,-174,-680,-1001,-1060,-846,-415,116,608,934,1008,825,430,-73,-546,-872,-970,-815,-450,34,498,825,936,0,451,-4,-452,-778,-896,-779,-457,-20,416,738,862,759,462,54,-362,-681,-817,-738,-466,-74,327,629,767,702,453,93,-283,-573,-703,-651,-427,-95,250,523,647,593,390,90,-225,-469,-578,-526,-338,-76,202,413,504,453,280,40,-196,-368,-431,-366,-205,-1,196,329,360,284,128,-57,-219,-305,-297,-200,-46,118,247,298,256,132,-32,-178,-272,-290,-216,-78,87,227,303,288,177,12,-150,-279,-332,-282,-147,32,209,330,353,281,124,-80,-264,-377,-383,-278,-93,122,306,413,410,284,73,-162,-354,-453,-435,-294,-60,194,402,504,462,296,47,-228,-442,-537,-491,-315,-51,0,0,0,0,0,610,545,337,34,-289,-540,-652,-591,-368,-38,307,575,694,633,401,53,-310,-595,-724,-662,-417,-57,315,605,740,679,428,58,-332,-636,-764,-686,-427,-46,353,659,793,707,425,25,-382,-689,-814,-716,-417,0,423,730,848,744,423,-27,-471,-790,-896,-761,-413,51,508,837,947,792,423,-65,-547,-888,-991,-833,-449,67,577,935,1047,885,480,-59,-580,-955,-1080,-918,-520,22,567,967,1110,956,557,15,-536,-951,-1112,-981,-594,-53,508,929,1106,998,628,95,-454,-884,-1085,-996,-649,-138,400,831,1040,975,653,159,-363,-778,-989,-941,-638,-172,326,734,940,897,617,169,-317,0,-902,-860,-591,-165,308,693,887,840,570,152,-309,-691,-874,-825,-559,-138,326,698,879,832,562,133,-333,-708,-900,-851,-579,-150,328,719,923,883,608,169,-313,-718,-935,-905,-638,-201,293,707,943,930,666,224,-274,-696,-943,-954,-716,-284,228,678,942,964,744,331,-174,-640,-941,-998,-798,-402,89,567,905,1003,855,485,1,-471,-823,-971,-872,-554,-109,355,721,901,861,605,199,-242,-607,-813,-813,-615,-270,129,482,708,753,609,323,-34,-374,-608,-693,-604,-368,-52,266,511,628,595,425,160,-137,-391,-552,-591,-498,-299,-44,204,401,512,520,433,280,96,-82,-218,-296,0,0,0,0,0,332,395,392,310,159,-46,-265,-449,-559,-560,-440,-220,61,338,550,648,601,411,114,-223,-521,-713,-734,-575,-272,109,486,758,850,740,437,14,-438,-806,-981,-923,-636,-169,358,808,1080,1097,840,366,-209,-756,-1135,-1247,-1051,-592,14,633,1119,1335,1227,810,189,-476,-1035,-1351,-1333,-990,-400,292,914,1310,1383,1108,566,-107,-755,-1211,-1359,-1171,-693,-41,608,1099,1308,1189,771,163,-480,-993,-1243,-1174,-811,-242,376,884,1163,1146,834,312,-285,-798,-1102,-1115,-839,-357,208,709,1028,1078,846,394,-150,-644,-967,-1037,-837,-420,99,576,902,995,823,434,-52,-518,-845,-950,-803,-451,17,0,804,915,787,457,11,-436,-761,-883,-773,-465,-39,393,713,837,746,467,66,-350,-661,-789,-721,-468,-89,301,604,736,671,439,95,-266,-544,-676,-624,-409,-98,231,493,613,561,364,80,-212,-438,-533,-485,-314,-59,200,390,464,410,250,25,-198,-350,-400,-330,-168,31,207,316,328,245,85,-98,-233,-301,-280,-166,-6,153,263,291,230,100,-59,-206,-295,-293,-201,-45,126,255,313,283,165,-8,-182,-309,-346,-282,-138,52,234,348,368,281,108,-101,-285,-395,-392,-283,-86,140,328,430,418,285,69,-170,-376,-479,-450,-292,-48,215,422,515,474,302,43,-238,-463,-563,0,0
10493,mtk,MTK 7916,4080014354,rx2-tx1,512,0,0,0,-147,-165,-137,-88,-22,42,99,137,149,128,80,20,-42,-100,-135,-136,-109,-56,5,64,115,129,107,67,16,-43,-93,-118,-109,-69,-13,46,94,117,102,57,-8,-73,-115,-123,-98,-44,30,99,148,161,127,57,-35,-126,-184,-195,-150,-62,47,154,227,232,176,76,-54,-180,-266,-284,-225,-106,48,193,294,319,262,134,-37,-209,-328,-369,-318,-176,16,203,345,410,367,220,13,-205,-373,-444,-409,-269,-52,184,372,473,453,310,90,-150,-356,-478,-478,-354,-140,114,333,466,485,374,165,-83,-313,-462,-487,-384,-182,67,306,457,493,396,192,-59,-289,-454,-502,0,-203,47,294,469,520,436,230,-40,-304,-494,-551,-469,-262,13,287,505,594,529,326,38,-267,-509,-610,-559,-379,-95,222,481,616,594,424,135,-185,-458,-615,-613,-457,-181,144,431,607,628,488,229,-95,-399,-590,-631,-522,-273,55,358,569,639,535,293,-18,-330,-552,-629,-555,-340,-24,294,523,619,570,373,74,-241,-487,-609,-580,-397,-120,186,448,596,582,425,166,-137,-405,-568,-581,-458,-221,76,345,520,575,496,288,2,-281,-486,-577,-535,-363,-106,169,402,538,546,436,228,-29,-277,-463,-532,-489,-357,-149,85,288,430,485,444,325,162,-12,-168,-276,-320,-310,0,0,0,0,0,-26,-113,-189,-244,-266,-248,-175,-53,87,220,316,350,313,208,53,-119,-277,-383,-407,-336,-180,18,226,393,473,443,304,81,-166,-390,-532,-545,-424,-192,100,374,578,653,566,337,17,-325,-606,-746,-712,-509,-170,221,574,806,850,683,359,-64,-495,-818,-949,-853,-547,-108,365,758,982,962,703,274,-221,-675,-959,-1017,-842,-452,57,545,906,1050,935,589,93,-417,-829,-1041,-994,-706,-240,285,737,993,1002,776,353,-162,-632,-950,-1030,-843,-453,43,539,904,1034,897,549,67,-432,-826,-1022,-954,-651,-185,320,744,983,973,720,279,-221,-662,-933,-971,-764,-364,120,573,877,0,796,432,-33,-493,-831,-944,-816,-482,-30,431,789,942,849,543,102,-363,-746,-936,-881,-599,-173,289,686,915,909,666,254,-216,-635,-899,-934,-728,-339,135,568,857,928,768,416,-32,-475,-800,-912,-799,-497,-70,368,708,868,811,552,163,-260,-610,-798,-782,-578,-234,160,508,718,738,574,271,-86,-404,-613,-665,-548,-301,18,326,536,607,528,321,36,-248,-458,-546,-498,-332,-88,168,375,484,468,334,123,-107,-299,-416,-428,-337,-167,36,218,337,375,321,191,22,-142,-265,-319,-292,-204,-76,63,186,258,266,216,118,1,-112,-192,-225,-210,-151,-64,28,107,165,187,0,0,0,0,0,78,1,-73,-123,-149,-147,-113,-58,8,70,116,137,132,96,41,-25,-84,-122,-134,-116,-70,-8,52,95,126,118,73,12,-45,-88,-111,-106,-63,-5,53,99,118,102,51,-17,-82,-128,-134,-106,-52,30,111,164,179,139,57,-43,-139,-211,-224,-169,-71,48,166,243,258,207,93,-51,-189,-281,-301,-246,-124,38,197,309,345,291,148,-33,-209,-342,-391,-341,-203,-1,207,367,435,391,243,34,-190,-373,-456,-426,-292,-78,165,370,481,462,333,120,-131,-348,-480,-485,-368,-159,93,322,464,482,375,174,-74,-302,-451,-481,-379,-185,64,308,461,494,403,199,-59,0,-466,-511,-418,-217,48,305,481,534,450,245,-27,-298,-494,-576,-506,-296,-9,284,506,604,546,351,60,-253,-505,-622,-587,-403,-116,201,472,620,612,444,160,-160,-432,-602,-621,-481,-210,118,413,596,627,497,240,-83,-380,-581,-637,-531,-281,38,349,566,638,554,324,7,-304,-539,-633,-561,-350,-53,255,493,617,576,374,83,-216,-466,-593,-574,-406,-133,167,424,575,587,441,180,-108,-375,-554,-593,-479,-252,34,313,514,580,512,323,53,-231,-443,-548,-539,-402,-162,106,339,497,547,469,285,48,-188,-387,-502,-511,-418,-245,-32,168,325,415,423,361,249,119,-8,0,0,0,0,0,186,185,145,65,-40,-150,-248,-309,-308,-251,-142,13,174,303,367,357,270,120,-72,-255,-388,-439,-384,-239,-38,185,385,497,486,354,130,-138,-386,-555,-596,-497,-269,47,364,599,696,634,421,87,-280,-592,-781,-791,-602,-264,148,543,820,902,769,443,3,-446,-805,-977,-911,-621,-183,301,719,978,1007,777,357,-144,-614,-938,-1041,-889,-521,-28,481,869,1041,962,650,177,-339,-776,-1014,-1004,-748,-303,220,680,971,1021,813,407,-99,-582,-924,-1037,-887,-512,-14,483,868,1027,927,602,138,-366,-782,-992,-957,-683,-236,267,701,954,962,737,334,-160,-609,-900,-959,-778,-398,0,536,850,950,808,457,-5,-467,-812,-948,-843,-525,-70,402,763,928,858,572,136,-333,-716,-924,-893,-635,-219,257,665,906,918,693,293,-180,-606,-879,-937,-757,-387,82,526,829,922,784,452,20,-413,-748,-897,-810,-522,-118,316,669,843,802,568,198,-215,-559,-756,-762,-578,-255,124,460,673,709,569,297,-42,-365,-586,-649,-545,-315,-15,275,490,579,518,322,56,-212,-420,-519,-486,-334,-107,135,339,452,444,328,144,-70,-259,-376,-401,-327,-178,7,178,300,349,314,200,50,-106,-227,-286,-282,-216,-102,32,145,218,244,216,138,36,-63,-150,-194,-198,-162,-94,-9,0,0
10494,mtk,MTK 7916,4080065820,rx0-tx0,512,-172,512,541,625,813,942,969,907,764,553,296,18,-277,-540,-757,-898,-958,-927,-821,-630,-376,-99,199,490,730,906,986,992,888,697,443,134,-186,-500,-759,-943,-1037,-1024,-903,-694,-416,-94,234,543,795,943,1010,968,828,600,319,14,-277,-550,-755,-867,-906,-843,-711,-506,-250,12,265,495,649,737,760,704,590,412,208,6,-208,-385,-507,-583,-603,-572,-486,-361,-207,-45,120,266,377,452,485,475,424,326,200,62,-74,-195,-301,-371,-396,-382,-332,-254,-150,-44,58,149,216,244,254,235,191,136,91,32,-16,-51,-70,-87,-86,-86,-87,-80,-58,-69,-68,-54,-60,-40,-26,-9,-588,61,91,111,127,139,139,123,91,56,17,-34,-80,-118,-154,-176,-187,-182,-169,-140,-95,-50,14,84,140,211,253,279,284,272,224,149,61,-60,-178,-299,-404,-472,-498,-471,-385,-268,-104,92,287,474,627,714,735,659,505,287,19,-269,-545,-768,-912,-964,-897,-726,-455,-130,225,576,857,1041,1100,1049,866,577,217,-178,-539,-853,-1057,-1137,-1093,-920,-637,-293,89,447,760,981,1069,1043,902,656,340,-1,-338,-624,-839,-949,-939,-837,-635,-370,-64,242,495,687,794,806,735,575,345,93,-176,-408,-585,-690,-700,-617,-455,-233,17,255,441,550,564,486,328,118,-86,-233,38,226,765,16,-12,201,283,321,291,199,55,-114,-266,-381,-438,-430,-358,-227,-57,122,286,415,475,481,427,322,173,-7,-175,-321,-434,-489,-485,-416,-304,-153,22,181,325,423,466,450,364,258,137,-12,-142,-242,-314,-348,-330,-282,-216,-118,-39,41,109,149,171,162,149,126,102,95,84,61,52,37,6,-16,-48,-87,-133,-175,-205,-220,-223,-186,-139,-65,17,109,215,281,335,360,345,306,224,111,-8,-138,-265,-373,-451,-479,-469,-415,-297,-159,-5,173,349,478,576,628,606,525,379,195,-14,-244,-461,-625,-742,-795,-756,-645,-449,-210,65,349,612,823,943,965,893,716,447,123,-291,-526,-798,-1010,-1116,-1098,-958,-714,-389,-13,367,710,993,1170,1223,1151,943,643,280,-126,-518,-847,-1088,-1217,-1223,-1099,-875,-571,-196,188,545,848,1054,1163,1172,1065,851,573,239,-131,-471,-791,-1026,-1161,-1213,-1138,-950,-685,-343,28,408,752,1038,1224,1295,1248,1067,785,442,34,-382,-770,-1084,-1303,-1402,-1364,-1200,-897,-492,-50,411,835,1181,1414,1517,1455,1243,894,468,-20,-509,-934,-1281,-1486,-1536,-1443,-1189,-821,-373,116,594,993,1299,1466,1476,1336,1059,687,249,-213,-639,-995,-1237,-1352,-1331,-1170,-899,-556,-169,238,605,908,1110,1199,1170,1029,797,500,160,-197,-522,-783,-961,-1043,-1033,-916,73,57,126,161,-25,748,532,262,-38,-324,-576,-777,-906,-959,-921,-787,-591,-337,-53,234,500,732,884,961,960,852,663,405,120,-184,-491,-734,-917,-1011,-1009,-907,-701,-433,-114,213,521,776,956,1034,1006,882,649,369,54,-264,-558,-783,-928,-967,-919,-781,-553,-289,-1,284,524,712,813,827,780,646,453,233,-7,-233,-433,-582,-656,-677,-633,-518,-371,-205,-25,149,311,437,518,547,524,451,338,206,61,-83,-220,-335,-405,-438,-421,-377,-291,-178,-54,67,169,256,310,328,317,270,187,100,22,-50,-112,-144,-166,-173,-154,-127,-101,-73,-41,-28,-9,13,17,13,42,44,64,84,91,106,321,104,86,61,29,-9,-53,-94,-125,-149,-166,-171,-153,-130,-94,-44,8,57,100,148,185,210,231,216,204,163,92,22,-57,-140,-237,-310,-365,-385,-367,-316,-220,-89,65,228,376,489,577,599,564,464,295,82,-157,-403,-608,-768,-846,-829,-710,-493,-224,89,407,696,918,1029,1033,907,671,355,-10,-384,-728,-976,-1119,-1123,-1009,-772,-437,-55,329,678,935,1094,1118,1016,805,492,135,-225,-554,-821,-978,-1028,-954,-778,-521,-196,127,428,672,830,895,841,699,486,221,-52,-314,-541,-692,-761,-735,-610,-426,-188,72,311,503,618,646,579,427,213,-21,-235,-395,-463,-427,-317,491,451,-436,-61,-64,187,93,-42,-183,-304,-383,-390,-324,-203,-43,129,289,410,467,461,393,270,101,-67,-238,-372,-474,-501,-458,-373,-235,-67,113,271,393,474,487,442,348,217,66,-98,-240,-337,-402,-412,-369,-290,-189,-67,55,135,212,249,258,246,204,143,84,31,-12,-42,-51,-57,-77,-92,-98,-115,-126,-136,-150,-146,-121,-83,-29,28,106,186,245,291,294,291,242,174,89,-22,-132,-238,-335,-395,-416,-409,-355,-263,-131,16,163,310,433,505,546,541,464,337,187,-5,-202,-394,-549,-652,-699,-686,-583,-421,-216,34,292,528,722,840,882,832,688,459,166,-136,-441,-714,-927,-1027,374,-932,-730,-441,-86,284,628,905,1097,1174,1121,956,686,330,-56,-450,-797,-1055,-1211,-1242,-1130,-904,-589,-219,175,544,848,1081,1201,1188,1069,846,544,207,-157,-513,-812,-1024,-1161,-1178,-1093,-916,-624,-297,70,449,766,1024,1190,1243,1184,1013,744,395,7,-395,-771,-1057,-1256,-1346,-1298,-1125,-843,-475,-55,385,795,1144,1361,1457,1414,1223,909,501,35,-452,-888,-1238,-1454,-1539,-1449,-1225,-874,-419,65,551,978,1298,1489,1525,1392,1128,761,309,-169,-624,-1014,-1290,-1428,-1418,-1261,-987,-615,-196,240,635,958,1179,1284,1251,1095,845,515,145,-234,-577,-849,-1034,-1123,-1101,-974,-758,-478,-167,154,460,12,-24
10495,mtk,MTK 7916,4080065820,rx0-tx1,512,379,25,-152,394,110,-200,-486,-736,-924,-1021,-1018,-914,-717,-443,-114,222,551,829,1024,1127,1112,993,773,466,114,-258,-603,-897,-1107,-1212,-1193,-1054,-813,-486,-101,286,656,966,1178,1276,1242,1097,831,485,94,-317,-688,-995,-1211,-1306,-1275,-1106,-845,-494,-98,308,680,991,1204,1307,1268,1106,846,503,116,-277,-654,-958,-1165,-1264,-1237,-1099,-854,-522,-148,240,596,902,1111,1207,1188,1062,841,531,179,-184,-531,-820,-1030,-1141,-1147,-1031,-833,-555,-222,122,453,741,947,1067,1085,1001,825,575,271,-54,-373,-642,-850,-987,-1032,-979,-830,-614,-337,-22,281,563,790,946,1008,977,854,648,394,85,-228,-523,-430,-946,-1021,-1001,-903,-697,-423,-105,229,540,799,984,1067,1044,915,697,402,67,-279,-596,-856,-1021,-1080,-1034,-882,-637,-329,15,354,656,890,1023,1054,977,798,536,217,-112,-421,-688,-879,-965,-964,-862,-670,-415,-127,172,451,662,809,872,845,730,549,317,64,-190,-418,-594,-714,-747,-710,-604,-448,-245,-31,180,371,517,606,634,598,504,364,188,7,-174,-327,-445,-502,-516,-480,-402,-281,-135,14,147,264,352,402,404,379,311,214,103,-12,-123,-218,-284,-323,-335,-307,-247,-169,-70,30,126,203,261,291,283,244,183,90,-9,-103,-183,-232,-249,-228,-170,-88,3,83,134,442,345,481,607,388,-144,-258,-329,-330,-269,-153,0,159,299,396,440,421,341,215,63,-102,-263,-383,-471,-503,-477,-394,-267,-101,73,242,393,508,573,573,510,392,231,31,-183,-376,-548,-658,-696,-669,-566,-401,-184,68,318,547,724,823,826,741,590,348,70,-229,-512,-736,-890,-946,-895,-750,-516,-219,107,421,679,872,974,967,850,641,359,45,-285,-562,-783,-916,-951,-877,-710,-481,-201,91,368,609,766,855,839,742,576,351,101,-156,-377,-565,-695,-731,-712,-625,-461,-277,-68,142,327,481,581,620,600,529,412,255,81,-92,-247,-378,-468,-521,-524,-477,-393,-273,-132,18,154,282,385,230,478,462,407,322,195,61,-80,-213,-328,-415,-464,-466,-432,-356,-250,-118,26,162,284,379,444,462,438,370,277,153,18,-120,-235,-329,-398,-422,-408,-366,-285,-187,-75,37,147,236,308,353,365,361,319,253,175,83,-12,-106,-197,-274,-335,-367,-374,-353,-299,-229,-133,-24,103,220,326,406,450,468,445,370,259,124,-30,-186,-332,-458,-537,-567,-541,-469,-356,-202,-31,160,329,472,584,632,627,559,440,276,83,-114,-307,-479,-601,-676,-686,-631,-521,-357,-159,57,271,466,619,712,745,713,606,443,237,0,-242,-464,-641,-770,-825,-799,-701,-536,-309,-51,217,464,682,435,638,11,-524,-509,-874,-965,-963,-861,-677,-421,-111,213,521,783,978,1073,1068,956,743,454,118,-239,-575,-866,-1066,-1167,-1154,-1028,-799,-483,-115,270,630,932,1150,1243,1222,1083,831,491,100,-300,-675,-990,-1200,-1300,-1267,-1105,-839,-486,-90,320,696,996,1214,1300,1267,1109,841,495,100,-308,-672,-977,-1190,-1284,-1262,-1115,-850,-515,-129,263,621,929,1141,1245,1221,1088,851,529,159,-217,-570,-866,-1075,-1176,-1172,-1055,-833,-536,-197,163,496,777,994,1108,1112,1020,823,556,246,-88,-408,-689,-899,-1024,-1054,-987,-823,-594,-310,9,324,602,817,970,1020,976,841,632,358,57,-251,-544,-774,-941,-1020,-996,-884,-1099,-426,-99,213,522,783,957,1046,1033,912,703,414,91,-249,-560,-824,-1004,-1078,-1049,-908,-675,-369,-29,310,625,872,1029,1075,1013,844,584,270,-68,-401,-686,-902,-1016,-1020,-920,-734,-467,-164,143,442,679,844,915,906,789,599,360,88,-186,-430,-622,-749,-800,-774,-665,-497,-282,-44,190,396,558,660,687,660,560,412,224,21,-178,-348,-480,-556,-580,-543,-454,-321,-160,6,166,303,402,455,457,418,351,245,117,-10,-132,-240,-315,-355,-362,-335,-277,-194,-97,11,120,207,269,305,305,278,219,141,44,-56,-143,-218,-269,-277,-250,-192,-106,-13,83,160,203,210,173,116,-234,-385,-407,339,581,-223,-157,-29,117,252,354,399,381,297,167,11,-153,-300,-410,-466,-467,-403,-291,-153,11,179,328,450,520,532,489,391,244,68,-126,-303,-463,-574,-635,-620,-541,-405,-208,11,240,455,624,738,772,720,589,385,131,-149,-406,-645,-814,-888,-877,-757,-558,-295,16,328,607,823,951,974,881,696,439,130,-200,-503,-752,-910,-979,-936,-787,-562,-274,32,336,590,784,893,898,814,641,408,147,-135,-386,-596,-736,-797,-773,-676,-527,-309,-74,145,363,526,632,678,652,568,438,262,69,-122,-294,-438,-531,-572,-555,-496,-393,-258,-108,53,200,328,426,482,495,463,398,289,-198,28,-117,-242,-356,-435,-469,-468,-421,-340,-226,-89,51,184,309,403,463,476,443,370,266,135,-11,-148,-270,-360,-424,-449,-427,-363,-275,-164,-36,79,196,289,356,387,389,358,300,222,122,22,-84,-183,-256,-314,-349,-355,-341,-304,-243,-159,-59,45,151,245,324,382,415,416,375,304,198,77,-56,-199,-332,-429,-497,-523,-500,-430,-313,-162,1,174,329,463,556,598,590,511,400,234,47,-144,-324,-478,-594,-653,-649,-594,-472,-313,-116,91,292,469,611,693,714,666,561,396,192,-27,-256,-465,-631,-742,-785,-754,-648,-488,-279,-32,223,460,663,801,864,840,743,564,-536,-295
10496,mtk,MTK 7916,4080065820,rx1-tx0,512,-13,-769,-131,420,478,486,433,335,201,39,-125,-275,-390,-466,-482,-435,-353,-218,-62,95,248,365,447,485,466,390,269,125,-45,-209,-347,-454,-513,-514,-458,-356,-212,-41,139,312,451,544,586,565,473,339,162,-42,-246,-431,-564,-644,-669,-613,-496,-314,-101,128,353,550,694,757,748,657,509,284,30,-238,-480,-686,-823,-873,-829,-690,-480,-206,75,370,618,817,922,921,829,646,401,98,-210,-487,-722,-874,-936,-902,-774,-566,-313,-22,259,515,716,838,879,832,716,529,292,32,-230,-461,-653,-786,-842,-829,-732,-572,-353,-105,155,412,634,796,890,899,830,669,451,172,-132,-423,231,-907,-1022,-1044,-977,-784,-509,-184,183,532,837,1073,1195,1196,1068,822,481,97,-313,-708,-1029,-1249,-1339,-1289,-1098,-796,-398,48,496,901,1214,1404,1447,1319,1070,708,250,-228,-680,-1061,-1343,-1488,-1478,-1322,-1014,-594,-114,368,830,1206,1464,1570,1511,1301,944,488,-25,-547,-1013,-1381,-1612,-1661,-1533,-1239,-812,-279,278,828,1280,1593,1731,1668,1427,1009,486,-97,-665,-1154,-1506,-1677,-1648,-1443,-1070,-585,-24,513,973,1316,1494,1495,1331,1018,594,117,-359,-772,-1086,-1277,-1307,-1179,-934,-585,-174,243,618,908,1080,1122,1025,797,473,97,-291,-624,-863,-981,-940,-765,-478,-117,240,522,693,708,582,356,-1304,-1430,101,309,451,-209,-410,-546,-568,-477,-275,-10,272,519,689,762,716,566,330,40,-258,-525,-736,-850,-865,-767,-579,-316,4,328,618,840,965,987,902,694,402,59,-306,-651,-923,-1100,-1155,-1073,-881,-567,-183,215,620,954,1192,1295,1263,1076,771,388,-67,-521,-919,-1222,-1401,-1420,-1279,-996,-606,-146,345,809,1185,1419,1503,1444,1214,852,389,-133,-627,-1062,-1376,-1546,-1538,-1363,-1043,-606,-105,405,870,1232,1460,1513,1419,1173,801,347,-131,-585,-976,-1250,-1403,-1408,-1258,-995,-625,-201,236,650,986,1217,1330,1294,1132,866,516,118,-282,-648,-958,-1150,-1245,-1213,-1052,-794,-456,-80,311,659,950,1138,1221,1192,-49,799,470,85,-311,-667,-965,-1177,-1278,-1246,-1092,-823,-467,-63,362,750,1076,1290,1384,1336,1143,829,416,-45,-510,-919,-1239,-1437,-1484,-1354,-1083,-701,-236,255,710,1102,1371,1487,1440,1246,915,493,24,-451,-860,-1187,-1373,-1419,-1315,-1051,-703,-284,151,570,918,1161,1287,1259,1115,858,520,141,-262,-606,-886,-1068,-1140,-1103,-937,-682,-379,-40,298,597,829,976,1013,950,794,552,268,-37,-338,-596,-787,-899,-905,-824,-654,-419,-150,131,396,618,761,813,785,677,488,255,1,-247,-462,-614,-699,-705,-632,-499,-312,-87,133,331,487,588,614,576,475,324,141,-54,-240,-387,-493,-536,-515,-449,-360,-139,221,-1218,-1436,255,103,-63,-221,-351,-445,-482,-464,-393,-278,-131,40,190,327,430,477,475,413,304,171,11,-154,-299,-410,-480,-505,-465,-374,-237,-73,98,258,393,498,545,536,465,341,183,4,-190,-367,-503,-598,-629,-594,-488,-326,-132,85,299,485,630,705,711,640,507,305,73,-183,-419,-623,-766,-822,-790,-680,-494,-250,26,305,553,755,873,904,841,681,448,157,-149,-438,-680,-852,-943,-916,-803,-606,-343,-54,241,509,723,856,907,864,741,541,289,13,-253,-494,-688,-813,-865,-826,-712,-544,-322,-72,187,433,636,784,855,858,779,622,404,143,-136,-412,-655,-838,-954,-969,-896,-568,-492,-185,135,465,765,973,1108,1128,1018,810,502,142,-244,-618,-943,-1160,-1268,-1253,-1093,-819,-453,-32,403,799,1118,1331,1396,1315,1094,751,336,-137,-596,-981,-1293,-1463,-1464,-1316,-1034,-649,-189,292,750,1141,1408,1522,1494,1312,980,547,49,-447,-905,-1280,-1521,-1611,-1531,-1283,-897,-409,132,664,1133,1491,1684,1693,1520,1162,679,112,-462,-989,-1407,-1658,-1726,-1594,-1276,-813,-253,315,846,1269,1546,1632,1513,1239,827,329,-179,-652,-1045,-1307,-1410,-1348,-1131,-801,-384,72,493,845,1094,1205,1173,1002,716,349,-46,-426,-746,-960,-1050,-1001,-809,-518,-154,224,549,783,880,810,615,322,-6,-290,-466,578,-82,-164,-421,-222,-402,-299,-94,157,404,594,682,654,508,278,-7,-303,-556,-738,-817,-787,-657,-433,-151,155,449,693,867,935,889,738,492,184,-153,-487,-775,-973,-1064,-1045,-901,-644,-309,77,456,795,1070,1209,1229,1105,844,485,63,-368,-776,-1084,-1300,-1372,-1284,-1056,-703,-269,213,669,1058,1333,1473,1445,1264,931,495,7,-491,-945,-1290,-1506,-1545,-1421,-1143,-740,-247,277,757,1158,1433,1550,1500,1279,926,470,-27,-508,-939,-1264,-1441,-1463,-1340,-1071,-698,-265,201,624,978,1235,1354,1349,1199,920,564,152,-277,-657,-974,-1189,-1286,-1241,-1088,-809,-466,-91,306,661,951,1145,1229,1194,1036,787,451,81,-310,425,-944,-1147,-1244,-1211,-1061,-812,-476,-88,319,695,1015,1226,1325,1286,1120,835,459,35,-416,-823,-1153,-1367,-1442,-1359,-1134,-787,-356,139,612,1023,1325,1493,1482,1322,1017,604,127,-359,-804,-1164,-1388,-1474,-1389,-1162,-816,-381,73,531,904,1178,1332,1352,1222,959,611,200,-222,-596,-912,-1116,-1215,-1180,-1017,-769,-442,-85,279,609,856,1012,1075,1019,861,627,328,3,-315,-599,-806,-926,-952,-885,-722,-498,-214,85,365,607,768,851,845,750,573,331,70,-190,-430,-616,-725,-762,-711,-582,-395,-176,65,290,475,609,667,644,556,408,216,9,-190,-365,-496,-566,-574,-514,-397,-249,-64,112,277,-389,-511
10497,mtk,MTK 7916,4080065820,rx1-tx1,512,0,0,0,-316,-405,-416,-347,-194,4,190,344,440,429,322,157,-46,-249,-391,-446,-412,-280,-81,132,315,430,443,368,209,-1,-214,-381,-470,-452,-331,-130,96,300,443,499,442,284,64,-178,-383,-502,-511,-414,-223,22,263,453,540,510,371,158,-93,-335,-506,-556,-488,-319,-74,183,398,532,548,446,250,2,-244,-435,-536,-520,-388,-174,69,296,468,534,477,327,116,-128,-349,-490,-517,-444,-280,-59,167,359,475,490,400,229,23,-178,-345,-439,-438,-350,-197,-21,150,290,360,359,288,167,25,-108,-208,-257,-254,-210,-127,-32,47,104,143,145,118,79,43,3,-25,-28,-22,0,-8,-20,-40,-60,-70,-76,-64,-31,12,64,108,137,142,115,60,-11,-82,-141,-182,-185,-145,-75,10,90,150,181,165,109,40,-40,-113,-151,-154,-109,-43,40,121,170,167,116,34,-71,-178,-239,-259,-214,-103,52,209,332,397,381,287,120,-96,-307,-479,-574,-542,-394,-161,113,388,607,711,680,512,237,-85,-402,-660,-795,-768,-606,-330,21,379,661,812,806,651,380,35,-309,-590,-758,-774,-634,-382,-67,259,529,678,686,573,345,54,-235,-464,-608,-630,-521,-310,-49,221,445,577,598,504,314,76,-170,-385,-533,-586,-544,-420,-236,-22,182,342,442,472,442,364,0,0,0,0,0,-47,-98,-147,-179,-188,-172,-128,-60,27,124,208,261,271,238,167,67,-55,-182,-279,-333,-324,-246,-118,29,179,309,378,382,318,183,0,-183,-340,-441,-456,-376,-217,-12,193,379,501,521,430,257,37,-193,-407,-541,-577,-505,-320,-68,188,411,561,605,518,327,72,-187,-418,-566,-595,-497,-306,-54,206,416,541,562,469,278,34,-222,-443,-559,-547,-429,-227,17,257,444,534,511,390,195,-38,-262,-435,-509,-470,-340,-147,77,276,403,457,414,275,88,-99,-264,-367,-393,-329,-189,-30,126,260,329,319,245,115,-36,-167,-260,-284,-239,-140,-20,107,204,248,241,182,0,-77,-182,-247,-264,-217,-110,21,138,221,265,250,171,54,-77,-188,-260,-278,-226,-121,8,128,234,290,272,192,85,-51,-178,-250,-260,-216,-131,-23,94,190,238,234,168,62,-59,-164,-225,-229,-187,-100,21,126,203,241,220,143,36,-79,-180,-239,-242,-202,-109,22,136,218,250,224,155,49,-71,-174,-240,-246,-186,-101,8,121,206,238,214,143,52,-52,-147,-206,-211,-163,-85,11,99,158,175,154,95,11,-65,-124,-151,-136,-88,-15,73,138,159,140,88,10,-82,-159,-192,-183,-127,-24,89,186,247,256,200,94,-35,-163,-272,-319,-297,-208,-68,96,243,340,0,0,0,0,0,277,109,-82,-270,-398,-437,-387,-262,-78,129,312,426,446,378,227,22,-188,-354,-442,-432,-328,-147,68,261,404,471,425,279,69,-157,-344,-462,-474,-383,-201,26,247,422,504,471,343,138,-107,-341,-504,-547,-472,-302,-65,189,404,535,547,442,244,-12,-267,-462,-554,-527,-388,-170,88,330,497,552,489,324,91,-165,-375,-503,-533,-444,-253,-21,217,414,517,508,388,186,-43,-270,-431,-500,-467,-347,-150,76,273,411,474,436,308,124,-78,-253,-369,-415,-376,-261,-100,64,197,287,317,283,205,99,-24,-121,-180,-204,-188,-135,-63,-4,43,76,83,77,67,39,18,0,26,26,23,11,-10,-39,-69,-97,-109,-99,-67,-25,31,98,146,166,154,113,45,-39,-114,-163,-176,-155,-107,-30,59,123,159,161,130,54,-34,-109,-149,-147,-106,-25,59,142,195,190,139,49,-78,-205,-297,-327,-291,-185,-21,171,348,456,486,426,253,13,-242,-465,-609,-651,-551,-336,-44,269,535,705,758,675,444,115,-231,-543,-758,-819,-730,-515,-197,158,488,723,814,750,540,229,-115,-427,-652,-738,-690,-502,-218,100,385,589,672,618,447,195,-89,-350,-534,-613,-570,-411,-181,76,321,504,592,570,446,256,26,-210,-401,-525,-568,-523,-410,-257,-83,76,192,0,0,0,0,0,127,108,76,22,-44,-115,-180,-228,-244,-222,-162,-75,32,142,233,291,300,258,162,33,-107,-241,-327,-355,-321,-221,-76,82,252,379,422,380,270,104,-94,-286,-427,-487,-453,-328,-137,90,311,472,544,519,386,174,-80,-318,-500,-588,-570,-440,-214,49,306,506,603,584,449,218,-51,-308,-501,-583,-550,-405,-180,86,322,495,568,515,357,134,-119,-350,-508,-555,-483,-312,-83,161,363,495,521,442,276,55,-173,-356,-463,-475,-392,-222,-16,180,334,418,408,317,161,-22,-186,-309,-359,-329,-233,-90,75,216,289,298,239,125,-10,-139,-238,-273,-234,-152,-33,91,194,0,241,188,81,-45,-155,-233,-265,-229,-135,-13,107,210,267,263,203,84,-49,-163,-245,-279,-248,-165,-44,92,203,264,273,223,111,-19,-141,-228,-254,-232,-162,-41,83,179,238,242,180,74,-38,-143,-218,-246,-217,-129,-11,100,190,249,249,180,72,-58,-171,-237,-250,-210,-130,-16,113,209,249,249,187,74,-54,-162,-227,-235,-202,-126,-20,87,177,227,215,158,71,-32,-126,-183,-199,-160,-88,-11,78,147,165,140,92,20,-63,-124,-154,-133,-71,6,79,140,171,151,89,-2,-92,-167,-215,-213,-158,-58,63,178,258,286,241,152,20,-136,-270,-342,-349,-278,-135,0,0
10498,mtk,MTK 7916,4080065820,rx2-tx0,512,0,0,0,383,551,603,514,298,15,-268,-507,-639,-624,-468,-208,103,399,609,686,613,402,94,-234,-512,-685,-698,-562,-298,41,374,621,734,681,469,151,-202,-512,-708,-747,-627,-351,9,362,642,784,742,522,178,-205,-543,-769,-818,-679,-385,2,399,714,868,823,595,224,-208,-598,-858,-932,-798,-475,-38,408,771,973,958,730,335,-145,-597,-915,-1037,-938,-630,-175,319,745,1016,1067,883,499,6,-483,-873,-1082,-1051,-779,-342,157,627,969,1096,980,655,193,-318,-754,-1022,-1059,-875,-507,-26,459,834,1023,997,748,336,-145,-581,-877,-983,-885,-590,-164,288,669,896,930,755,408,-18,0,-762,-912,-849,-600,-224,204,582,829,886,744,442,40,-371,-699,-869,-843,-631,-277,143,529,805,907,799,515,117,-311,-673,-886,-907,-728,-383,45,460,782,934,876,634,250,-192,-597,-876,-964,-841,-531,-109,342,710,932,959,773,417,-34,-479,-823,-985,-939,-696,-299,166,592,887,1001,909,618,190,-271,-670,-918,-984,-855,-544,-125,307,681,904,936,773,459,61,-347,-674,-855,-854,-678,-368,1,362,642,783,758,579,289,-49,-368,-602,-709,-671,-494,-226,78,358,557,642,594,432,195,-79,-329,-510,-593,-564,-430,-227,3,228,408,508,526,468,344,180,14,-133,-240,-292,0,0,0,0,0,-51,77,214,351,459,503,468,359,180,-41,-267,-467,-591,-607,-513,-325,-67,219,476,654,708,621,406,98,-241,-546,-757,-824,-726,-475,-114,291,656,895,967,841,538,112,-355,-765,-1032,-1105,-953,-601,-111,418,874,1162,1226,1046,653,112,-461,-950,-1262,-1328,-1116,-673,-97,502,1017,1319,1352,1118,659,63,-545,-1049,-1324,-1326,-1067,-590,12,608,1071,1308,1268,970,478,-109,-665,-1080,-1263,-1172,-839,-338,231,742,1085,1193,1051,690,185,-356,-812,-1086,-1125,-929,-533,-36,465,851,1058,1042,792,372,-117,-573,-909,-1039,-937,-647,-222,251,658,916,975,828,510,79,-368,-725,-917,-911,-710,0,79,481,777,902,828,574,198,-216,-571,-803,-858,-725,-436,-58,325,633,796,787,611,303,-67,-414,-665,-766,-699,-480,-161,182,476,661,697,576,333,31,-274,-509,-623,-596,-441,-194,93,348,513,557,477,294,55,-187,-380,-474,-456,-340,-148,67,251,369,396,328,180,-3,-170,-288,-336,-300,-186,-30,128,251,302,273,178,42,-106,-225,-285,-277,-195,-61,92,221,290,292,218,83,-73,-211,-298,-314,-253,-131,32,193,307,347,308,190,21,-156,-304,-379,-365,-264,-98,93,264,380,414,345,188,-14,-219,-379,-453,-421,-294,-95,132,339,471,500,406,221,-15,-256,-448,0,0,0,0,0,-436,-210,70,343,546,628,567,384,114,-196,-464,-632,-661,-550,-311,-1,316,566,691,663,485,195,-141,-446,-659,-728,-634,-397,-64,290,571,724,715,546,251,-108,-451,-683,-768,-684,-440,-91,286,608,792,790,606,284,-102,-476,-747,-853,-760,-494,-113,303,656,865,881,694,350,-84,-512,-829,-961,-882,-604,-189,276,691,957,1011,840,482,15,-465,-846,-1051,-1024,-765,-337,164,632,964,1089,982,657,184,-331,-772,-1041,-1087,-895,-510,-19,475,871,1070,1038,782,358,-141,-606,-934,-1060,-952,-640,-188,300,714,971,1015,830,470,19,-433,-786,-966,-927,-685,-302,152,564,840,926,0,513,109,-320,-673,-875,-878,-679,-333,76,472,761,878,801,540,155,-265,-623,-847,-889,-730,-398,22,435,751,904,862,624,251,-175,-579,-862,-943,-815,-514,-109,327,705,930,949,755,396,-51,-480,-810,-968,-907,-651,-255,192,607,893,988,865,555,127,-326,-709,-950,-983,-802,-454,-11,437,790,979,965,750,380,-69,-503,-817,-966,-917,-681,-302,132,526,808,918,842,593,230,-164,-518,-763,-844,-740,-493,-155,200,510,701,745,637,404,94,-223,-483,-637,-662,-555,-337,-58,220,449,584,605,507,317,74,-177,-388,-525,-566,-511,-373,-181,28,217,362,439,451,399,304,185,0,0,0,0,0,-350,-381,-362,-281,-145,35,228,403,524,568,518,370,147,-104,-344,-545,-652,-630,-482,-234,69,377,619,746,730,567,285,-69,-433,-730,-882,-856,-657,-313,110,526,857,1026,991,749,351,-141,-626,-999,-1177,-1124,-842,-387,162,698,1100,1283,1217,911,409,-191,-756,-1172,-1361,-1279,-932,-397,230,806,1212,1374,1263,892,335,-292,-843,-1218,-1347,-1197,-800,-248,355,883,1218,1288,1088,676,128,-449,-926,-1198,-1213,-971,-527,20,548,959,1160,1108,826,369,-166,-647,-987,-1115,-1004,-682,-211,293,730,1003,1054,883,529,67,-408,-789,-987,-972,-754,-373,82,517,834,962,880,612,216,-226,-614,0,-917,-771,-467,-62,351,679,857,851,655,321,-73,-452,-723,-836,-767,-531,-185,195,526,742,791,668,402,55,-293,-572,-723,-706,-534,-259,66,369,585,670,601,398,117,-178,-428,-570,-581,-471,-255,10,261,437,512,475,331,118,-114,-312,-426,-434,-339,-172,31,211,324,363,313,184,14,-150,-267,-316,-285,-183,-35,118,236,294,277,188,48,-104,-224,-291,-284,-206,-75,79,210,289,297,233,108,-51,-199,-300,-327,-275,-157,5,175,302,359,330,219,52,-131,-288,-382,-390,-300,-136,59,249,391,439,386,245,40,-180,-366,-474,-474,-362,-163,78,300,460,524,468,296,0,0
10499,mtk,MTK 7916,4080065820,rx2-tx1,512,0,0,0,139,88,26,-42,-95,-127,-136,-125,-91,-48,1,52,92,112,112,98,63,21,-22,-64,-88,-94,-85,-61,-24,22,65,85,87,66,27,-14,-50,-79,-94,-89,-56,-4,55,104,129,126,93,29,-47,-112,-156,-174,-156,-102,-14,79,166,226,230,183,100,-16,-137,-230,-275,-269,-207,-94,56,190,281,322,302,213,65,-100,-250,-352,-379,-327,-202,-34,144,309,410,422,348,193,-9,-207,-371,-463,-454,-346,-166,47,257,424,500,466,332,128,-103,-311,-458,-509,-454,-304,-86,149,350,482,508,423,245,16,-208,-393,-498,-492,-380,-180,58,278,442,516,474,324,101,0,-368,-505,-534,-448,-261,-9,243,446,558,554,426,210,-61,-329,-522,-603,-566,-411,-159,126,393,580,643,574,383,113,-191,-457,-624,-665,-561,-335,-49,249,495,635,639,519,283,-26,-326,-554,-659,-628,-465,-201,105,388,590,666,606,418,139,-169,-439,-614,-667,-578,-355,-64,231,474,626,640,508,277,0,-277,-505,-625,-604,-463,-224,66,334,521,604,563,407,162,-119,-369,-541,-597,-528,-348,-99,170,400,544,573,488,309,71,-181,-404,-543,-563,-478,-309,-78,169,379,507,542,477,326,115,-110,-308,-453,-521,-491,-387,-228,-39,148,299,394,429,403,327,216,94,-7,0,0,0,0,0,66,134,191,236,255,234,169,75,-40,-159,-261,-330,-344,-299,-195,-55,100,245,348,397,374,272,108,-80,-262,-408,-481,-459,-340,-148,81,307,477,564,547,410,183,-92,-356,-566,-681,-667,-509,-240,81,404,664,794,766,593,300,-71,-437,-725,-881,-874,-688,-356,53,459,791,961,940,741,388,-49,-482,-830,-1005,-983,-770,-391,64,502,847,1024,992,759,377,-80,-525,-859,-1028,-988,-742,-348,123,568,888,1020,949,682,272,-188,-613,-913,-1020,-915,-622,-206,252,653,929,1018,884,567,143,-318,-716,-952,-990,-837,-509,-71,379,747,952,962,783,439,-2,-441,-786,-955,-923,0,-317,108,518,826,956,877,618,230,-204,-597,-865,-950,-830,-530,-124,307,670,904,951,785,448,26,-401,-750,-943,-931,-730,-378,61,484,801,956,914,683,314,-128,-548,-847,-964,-884,-623,-234,198,583,848,937,828,548,170,-242,-601,-828,-877,-752,-472,-100,279,592,780,803,657,377,28,-310,-579,-724,-713,-549,-278,36,335,556,653,615,446,189,-93,-347,-525,-595,-532,-368,-134,122,346,489,526,456,298,79,-151,-336,-442,-457,-386,-240,-52,138,296,389,397,329,199,43,-116,-246,-323,-330,-274,-174,-42,92,197,258,274,240,162,55,-55,-144,-198,-214,-197,-149,-71,0,0,0,0,0,90,136,155,149,116,63,5,-51,-93,-119,-124,-112,-84,-41,13,60,90,103,102,81,44,-2,-43,-76,-94,-88,-66,-28,17,53,77,88,76,45,-2,-54,-98,-109,-98,-71,-18,49,108,146,153,123,65,-9,-96,-166,-200,-192,-137,-53,46,147,225,250,223,147,31,-98,-212,-290,-304,-249,-144,-7,151,285,357,352,269,130,-38,-206,-339,-403,-378,-279,-117,83,268,401,449,403,275,83,-131,-320,-446,-476,-412,-264,-50,176,363,480,502,408,227,5,-228,-411,-503,-490,-374,-179,58,283,443,510,463,312,103,-136,-355,-486,-514,-434,-256,-22,216,411,519,0,386,180,-70,-312,-487,-553,-500,-346,-109,163,392,542,584,504,308,42,-243,-478,-613,-626,-502,-270,22,308,529,644,631,484,230,-80,-373,-581,-664,-612,-438,-168,145,428,622,680,584,373,91,-217,-484,-645,-665,-546,-322,-23,287,527,654,649,505,260,-41,-331,-550,-654,-616,-448,-179,118,386,573,641,566,371,105,-172,-418,-581,-620,-519,-308,-38,241,461,583,589,470,252,-14,-283,-490,-583,-558,-427,-211,52,302,484,571,544,407,191,-67,-304,-472,-551,-529,-409,-212,22,250,425,513,518,432,268,67,-139,-322,-445,-492,-455,-357,-218,-58,94,215,290,316,300,0,0,0,0,0,-169,-154,-114,-44,48,142,226,287,304,278,198,77,-58,-188,-297,-363,-361,-293,-164,3,180,328,414,428,360,223,34,-180,-367,-496,-524,-444,-277,-41,216,440,589,631,540,333,58,-243,-519,-708,-759,-652,-415,-99,255,577,794,859,754,498,140,-267,-625,-869,-952,-844,-562,-172,266,657,919,998,885,594,184,-276,-682,-950,-1036,-911,-603,-170,297,706,968,1034,886,567,137,-323,-731,-985,-1030,-865,-519,-71,384,759,981,1005,820,459,1,-449,-803,-995,-987,-774,-394,57,497,842,1009,963,728,340,-122,-556,-868,-999,-929,-667,-267,190,604,882,970,858,574,166,-278,0,-909,-948,-798,-488,-66,372,724,925,929,731,387,-37,-458,-784,-935,-893,-660,-283,148,550,843,965,884,608,210,-241,-645,-893,-963,-847,-546,-125,317,696,923,955,796,475,53,-379,-734,-928,-928,-745,-412,12,420,732,894,871,663,329,-63,-443,-717,-834,-785,-575,-245,123,458,690,776,701,479,168,-168,-457,-653,-702,-595,-372,-86,208,451,596,608,499,287,22,-237,-446,-556,-546,-423,-222,20,249,415,490,467,351,170,-38,-228,-363,-423,-399,-295,-137,44,208,323,371,339,241,107,-36,-167,-262,-300,-285,-216,-102,17,122,207,244,237,190,109,17,-73,-149,-190,0,0
10500,mtk,MTK 7916,4080117792,rx0-tx0,512,-172,-478,-559,-419,-177,62,303,513,694,849,935,978,962,880,755,584,378,153,-87,-329,-542,-732,-885,-976,-1013,-982,-893,-751,-550,-321,-66,202,461,691,873,1002,1072,1061,985,838,633,390,117,-163,-425,-654,-847,-970,-1033,-1016,-943,-790,-610,-386,-134,113,350,552,714,825,889,870,810,695,544,373,169,-37,-225,-387,-529,-621,-683,-683,-657,-585,-475,-358,-210,-78,79,221,336,425,489,520,524,488,425,346,245,137,17,-108,-204,-298,-362,-388,-391,-368,-324,-255,-185,-104,-16,58,117,162,199,217,207,189,171,133,99,68,33,13,-6,-15,-20,-32,-28,-29,-27,-34,-41,-54,-588,-80,-80,-82,-91,-93,-82,-76,-67,-53,-16,1,29,58,89,104,127,150,166,173,179,171,155,131,88,39,-26,-90,-152,-228,-292,-339,-375,-390,-372,-330,-258,-157,-46,93,234,375,503,606,655,663,625,540,408,225,9,-213,-435,-651,-801,-918,-960,-922,-815,-637,-397,-120,188,488,742,944,1099,1149,1101,976,771,507,176,-157,-469,-755,-967,-1107,-1164,-1124,-995,-782,-526,-233,77,383,648,847,994,1053,1025,918,748,519,255,-23,-278,-510,-694,-815,-885,-871,-791,-659,-464,-239,-16,200,403,562,676,731,709,630,489,306,99,-118,-307,-456,-544,-555,-494,-366,-195,-29,-7,-174,765,-13,4,68,-35,-161,-271,-352,-392,-383,-312,-204,-73,73,217,344,425,476,473,431,348,225,83,-69,-214,-347,-435,-502,-521,-487,-413,-309,-181,-33,110,239,358,438,472,465,423,350,247,144,26,-96,-187,-268,-313,-322,-323,-286,-232,-171,-103,-40,21,68,80,97,98,77,75,70,62,74,78,89,106,128,144,154,143,122,79,35,-8,-73,-151,-203,-253,-297,-318,-326,-314,-269,-212,-132,-29,72,173,270,363,439,483,506,489,426,341,248,109,-34,-188,-337,-471,-565,-639,-677,-668,-615,-514,-378,-203,-10,206,413,594,746,847,899,885,805,665,475,242,-19,-293,-546,-291,-930,-1053,-1096,-1056,-950,-770,-526,-238,74,378,650,904,1091,1191,1216,1149,1006,797,515,203,-115,-429,-710,-943,-1110,-1200,-1210,-1138,-1001,-796,-555,-281,7,296,567,806,983,1114,1176,1173,1098,949,748,496,225,-75,-370,-642,-892,-1075,-1200,-1280,-1258,-1142,-989,-762,-467,-137,192,517,812,1067,1262,1373,1399,1349,1211,978,673,344,-40,-424,-766,-1071,-1307,-1456,-1524,-1477,-1328,-1102,-793,-413,-15,370,741,1058,1304,1463,1511,1469,1333,1095,795,440,61,-311,-660,-962,-1180,-1335,-1395,-1358,-1234,-1020,-751,-444,-111,220,521,774,992,1132,1192,1185,1107,955,751,502,245,-37,-314,-546,-750,-900,-999,-62,-56,126,-311,-150,917,979,991,942,831,691,497,276,48,-193,-417,-614,-782,-904,-968,-981,-931,-823,-674,-474,-244,1,255,489,699,872,985,1041,1036,957,809,607,369,102,-173,-434,-674,-859,-997,-1062,-1057,-975,-836,-628,-384,-121,138,394,614,780,914,965,956,880,748,575,377,152,-75,-287,-481,-618,-722,-780,-784,-730,-646,-511,-356,-186,-16,138,302,422,522,575,593,587,530,451,352,235,109,-22,-151,-258,-348,-414,-449,-465,-439,-393,-327,-224,-122,-16,80,165,228,273,303,304,279,244,199,144,80,18,-24,-69,-106,-115,-125,-111,-103,-92,-73,-67,-57,-51,-45,-42,-41,-39,-38,321,-37,-18,-8,12,41,57,68,80,105,113,113,118,118,109,91,82,54,20,-16,-58,-101,-142,-179,-219,-246,-266,-261,-251,-224,-170,-94,-15,86,187,287,390,459,505,517,491,433,340,205,37,-142,-324,-491,-642,-756,-811,-805,-749,-612,-420,-195,75,335,585,802,968,1059,1066,980,813,595,310,-21,-339,-630,-872,-1055,-1158,-1154,-1079,-908,-660,-369,-42,284,586,830,998,1099,1114,1036,875,657,402,107,-183,-452,-676,-848,-943,-962,-907,-786,-600,-384,-140,114,339,537,690,772,788,755,654,498,321,101,-121,-322,-497,-609,-667,-643,-548,-397,-206,-2,182,326,398,395,-517,-498,-436,51,56,-275,-307,-292,-226,-122,9,155,289,384,441,447,408,318,196,56,-96,-238,-362,-453,-499,-503,-465,-382,-263,-134,25,169,297,407,486,517,489,434,348,225,94,-42,-168,-281,-358,-399,-422,-387,-331,-261,-156,-65,26,104,159,203,219,216,196,155,125,104,64,49,42,30,34,32,25,19,14,-3,-27,-60,-102,-147,-192,-215,-234,-254,-236,-202,-158,-90,-10,73,165,248,310,369,403,408,388,339,275,174,68,-49,-174,-301,-401,-497,-559,-578,-565,-523,-428,-301,-151,17,190,360,513,647,736,782,781,712,594,431,225,-3,-249,-480,-681,-846,-962,-1014,-989,-876,374,-512,-253,38,322,596,838,1026,1141,1172,1111,979,789,516,219,-101,-418,-696,-944,-1127,-1215,-1233,-1158,-1005,-787,-516,-216,95,395,661,884,1046,1148,1181,1137,1024,849,630,380,100,-190,-469,-717,-932,-1089,-1188,-1222,-1169,-1057,-864,-614,-349,-49,290,577,833,1065,1236,1323,1332,1253,1095,868,576,242,-101,-446,-783,-1073,-1280,-1415,-1477,-1422,-1273,-1053,-744,-397,-9,382,741,1056,1319,1485,1529,1487,1350,1113,804,439,44,-340,-717,-1030,-1268,-1418,-1469,-1425,-1294,-1065,-777,-444,-79,272,604,889,1103,1251,1311,1283,1161,985,750,460,165,-131,-422,-674,-882,-1017,-1090,-1110,-1046,-931,-760,-541,-286,-20,2
10501,mtk,MTK 7916,4080117792,rx0-tx1,512,379,-147,19,960,933,843,692,497,266,7,-252,-500,-728,-913,-1033,-1089,-1086,-1004,-858,-650,-398,-116,176,463,725,943,1098,1188,1201,1143,1003,800,534,229,-83,-395,-689,-940,-1128,-1247,-1287,-1243,-1115,-921,-664,-367,-39,293,600,872,1091,1232,1306,1292,1191,1021,782,499,184,-142,-457,-741,-976,-1155,-1252,-1281,-1219,-1091,-894,-642,-349,-34,285,574,825,1023,1158,1227,1208,1118,964,747,494,208,-93,-376,-641,-859,-1020,-1117,-1146,-1103,-1000,-836,-621,-367,-102,177,436,658,844,976,1051,1055,996,890,721,512,273,29,-223,-461,-661,-825,-938,-996,-995,-937,-823,-654,-447,-219,25,272,501,700,861,961,-430,1003,917,786,604,372,118,-145,-399,-634,-830,-965,-1046,-1058,-1002,-869,-679,-454,-185,95,368,611,818,965,1052,1065,1012,887,698,456,188,-83,-350,-599,-789,-929,-999,-1007,-945,-813,-637,-423,-184,70,308,527,701,818,887,880,817,715,562,376,174,-30,-226,-410,-562,-667,-729,-739,-706,-618,-497,-359,-194,-18,143,300,426,523,578,598,584,528,434,322,191,55,-87,-217,-312,-395,-441,-462,-455,-415,-356,-269,-173,-69,30,124,212,275,318,347,348,324,287,230,162,81,-3,-78,-153,-215,-264,-288,-290,-275,-232,-175,-100,-20,58,132,193,231,238,221,178,115,41,-27,-463,-397,481,-562,-275,-129,-41,81,197,304,375,399,375,303,199,72,-61,-194,-312,-401,-459,-477,-459,-400,-308,-197,-64,81,222,344,443,518,563,562,520,437,321,183,24,-145,-308,-460,-578,-662,-713,-701,-649,-543,-382,-195,5,222,430,610,755,848,876,838,734,572,371,137,-122,-367,-585,-772,-899,-961,-951,-875,-720,-532,-303,-39,225,463,666,830,922,950,911,802,641,428,207,-31,-269,-475,-647,-766,-834,-841,-790,-691,-547,-374,-176,20,210,385,528,632,697,704,668,599,489,356,195,33,-117,-258,-377,-478,-538,-562,-560,-524,-463,-377,-264,-137,-17,107,224,319,400,458,484,491,230,412,342,255,152,33,-77,-184,-278,-359,-422,-457,-468,-458,-408,-339,-253,-148,-42,70,179,280,363,415,442,446,430,381,308,225,128,30,-69,-161,-243,-303,-346,-379,-386,-367,-334,-285,-226,-157,-83,-7,72,136,195,258,308,338,358,357,343,312,271,218,144,66,-25,-114,-205,-296,-369,-426,-464,-475,-461,-416,-345,-254,-144,-18,112,242,358,454,530,576,583,561,499,407,288,155,9,-149,-291,-421,-534,-611,-653,-656,-618,-547,-444,-309,-154,10,187,345,488,602,679,724,726,683,598,477,327,149,-39,-234,-414,-573,-705,-798,-830,-819,-763,-649,-497,-312,-105,120,-448,-651,11,524,541,-33,-278,-515,-716,-875,-983,-1033,-1011,-931,-784,-575,-328,-66,211,485,730,935,1073,1146,1146,1075,930,721,464,175,-130,-429,-705,-943,-1127,-1229,-1245,-1194,-1065,-864,-599,-300,20,342,647,911,1118,1248,1304,1269,1161,976,726,430,113,-219,-533,-811,-1039,-1200,-1290,-1294,-1218,-1057,-841,-566,-262,56,371,654,909,1098,1220,1266,1226,1110,936,700,429,123,-187,-476,-738,-945,-1093,-1180,-1184,-1119,-992,-800,-563,-292,-1,275,533,761,940,1051,1100,1089,1000,860,671,442,188,-75,-323,-556,-756,-904,-996,-1027,-1004,-911,-765,-581,-357,-118,125,359,573,753,889,971,1000,964,872,729,534,297,-1099,-202,-444,-651,-836,-967,-1034,-1033,-967,-836,-647,-418,-166,106,376,623,820,976,1065,1077,1011,885,700,466,195,-84,-358,-604,-812,-961,-1037,-1043,-987,-857,-670,-445,-189,70,333,560,742,876,949,952,889,772,599,399,170,-67,-280,-470,-632,-743,-801,-806,-762,-672,-529,-366,-181,4,188,357,484,585,653,669,640,575,471,341,192,37,-111,-254,-367,-455,-511,-535,-523,-467,-393,-297,-177,-63,58,163,255,329,373,397,393,374,321,247,166,79,-13,-96,-171,-237,-284,-313,-315,-299,-265,-211,-141,-59,11,91,161,218,258,269,260,227,169,93,13,-62,-128,-173,-189,-175,212,344,-407,-446,-664,245,301,315,285,208,93,-40,-176,-295,-386,-435,-443,-411,-335,-230,-106,27,160,286,387,460,507,512,473,401,302,183,34,-119,-264,-394,-504,-588,-634,-634,-584,-492,-355,-198,-15,180,360,536,671,751,792,773,693,561,389,177,-58,-293,-515,-699,-834,-917,-929,-870,-754,-576,-344,-87,170,425,642,806,929,977,945,846,700,494,251,-2,-258,-485,-675,-814,-889,-910,-860,-750,-596,-401,-187,37,250,442,595,706,766,772,732,645,515,360,181,0,-168,-321,-453,-557,-623,-633,-614,-557,-470,-356,-220,-86,55,189,301,399,474,511,520,505,457,388,303,196,85,-29,-198,-243,-334,-409,-461,-482,-469,-437,-381,-305,-207,-94,15,131,238,323,397,441,463,462,430,375,291,193,85,-26,-132,-233,-313,-375,-416,-427,-413,-378,-319,-245,-174,-94,-4,78,158,228,285,325,346,357,345,315,285,240,173,108,36,-38,-112,-182,-245,-307,-354,-390,-405,-396,-373,-320,-249,-162,-63,46,158,268,364,446,506,538,533,498,428,334,221,88,-51,-195,-336,-455,-546,-600,-629,-613,-562,-480,-364,-222,-71,88,245,388,515,614,671,697,677,617,524,390,234,63,-119,-295,-456,-591,-694,-759,-779,-756,-680,-566,-418,-231,-26,176,378,560,708,816,878,883,520,240
10502,mtk,MTK 7916,4080117792,rx1-tx0,512,-13,567,-166,-33,103,234,348,429,477,492,466,397,303,189,59,-76,-203,-313,-403,-469,-488,-476,-423,-345,-239,-112,29,162,291,395,475,521,522,491,425,322,205,60,-91,-231,-361,-478,-556,-594,-598,-556,-471,-347,-204,-42,134,309,457,574,659,705,699,647,542,399,216,22,-177,-379,-550,-690,-787,-829,-815,-742,-611,-438,-221,1,234,453,644,798,893,925,891,796,643,435,208,-42,-287,-503,-690,-829,-908,-926,-887,-778,-623,-427,-207,27,250,451,627,757,838,873,841,778,660,496,310,110,-91,-296,-485,-645,-769,-840,-873,-857,-786,-662,-500,-305,-84,158,390,601,783,921,231,1029,988,880,697,464,203,-90,-388,-664,-898,-1083,-1193,-1221,-1168,-1034,-827,-553,-236,107,458,774,1039,1234,1348,1368,1295,1136,890,565,210,-174,-543,-876,-1154,-1355,-1459,-1466,-1371,-1173,-903,-572,-193,209,581,934,1217,1410,1521,1524,1423,1232,935,592,199,-221,-620,-988,-1293,-1511,-1619,-1629,-1516,-1278,-958,-561,-107,353,788,1173,1457,1656,1718,1644,1449,1140,746,294,-183,-632,-1036,-1340,-1535,-1618,-1555,-1386,-1116,-751,-355,71,473,820,1098,1284,1360,1329,1205,984,691,361,8,-331,-636,-877,-1044,-1124,-1107,-1004,-814,-564,-271,50,359,629,826,934,951,855,664,406,108,-191,-431,-587,-629,-573,1328,1421,101,-391,-538,-270,-123,89,305,495,630,683,648,525,342,110,-139,-378,-581,-740,-829,-836,-769,-632,-440,-214,47,306,546,751,892,968,981,897,748,531,274,-20,-323,-603,-844,-1029,-1141,-1167,-1115,-959,-728,-448,-112,243,566,866,1110,1272,1347,1320,1185,960,661,303,-75,-452,-805,-1107,-1319,-1453,-1472,-1377,-1199,-914,-554,-171,232,630,981,1265,1455,1548,1515,1381,1142,808,426,17,-395,-782,-1105,-1342,-1476,-1497,-1428,-1265,-1007,-668,-297,88,463,792,1061,1266,1375,1392,1312,1137,898,599,266,-85,-422,-724,-976,-1160,-1262,-1287,-1217,-1075,-868,-618,-324,-6,309,600,846,1044,1182,1227,1203,1107,935,694,-49,127,-181,-486,-764,-994,-1154,-1250,-1272,-1208,-1065,-846,-573,-254,85,427,739,1017,1231,1364,1400,1352,1203,954,640,284,-106,-483,-837,-1137,-1359,-1483,-1481,-1386,-1202,-918,-570,-195,197,582,916,1187,1369,1451,1421,1294,1082,801,471,99,-264,-587,-885,-1114,-1249,-1299,-1260,-1137,-932,-688,-387,-73,237,529,773,958,1076,1133,1098,990,827,606,357,83,-188,-437,-655,-826,-932,-981,-955,-874,-734,-537,-313,-81,158,390,588,731,828,866,840,754,615,431,225,10,-205,-397,-555,-672,-739,-747,-695,-596,-456,-284,-102,90,257,411,527,596,624,604,545,438,301,143,-17,-172,-304,-414,-488,-529,406,154,221,1330,1438,502,494,443,357,241,113,-22,-160,-283,-376,-446,-481,-481,-439,-367,-275,-148,-13,123,247,352,436,489,500,477,420,331,215,79,-59,-195,-326,-432,-507,-554,-552,-514,-446,-341,-200,-49,108,267,411,528,604,646,641,591,497,371,216,36,-156,-338,-505,-638,-730,-765,-758,-697,-580,-422,-226,-14,204,417,603,751,850,879,860,773,635,448,216,-28,-269,-491,-686,-828,-914,-941,-892,-785,-627,-428,-196,42,282,502,678,809,885,901,854,761,621,440,243,26,-185,-375,-559,-698,-800,-846,-844,-797,-699,-568,-391,-200,2,215,428,615,764,866,929,937,884,774,607,398,-568,-112,-369,-622,-838,-1000,-1100,-1139,-1089,-961,-770,-519,-218,98,421,719,975,1163,1275,1310,1247,1092,858,562,217,-143,-500,-820,-1104,-1303,-1413,-1427,-1336,-1155,-894,-566,-196,181,564,902,1177,1379,1492,1491,1390,1201,912,574,195,-212,-593,-948,-1237,-1438,-1565,-1572,-1470,-1265,-966,-590,-178,249,688,1066,1369,1586,1691,1662,1518,1245,887,457,-21,-493,-915,-1281,-1535,-1677,-1675,-1549,-1306,-958,-553,-99,349,750,1099,1343,1474,1495,1387,1183,901,552,165,-217,-560,-860,-1072,-1206,-1241,-1177,-1020,-783,-497,-169,155,463,723,914,1025,1041,960,790,541,251,-65,-368,-613,-774,-835,-775,-614,-382,-118,117,-529,187,-164,400,153,368,494,549,505,381,188,-44,-288,-502,-665,-758,-772,-701,-560,-358,-115,134,375,593,764,874,916,873,757,576,344,90,-191,-467,-710,-900,-1029,-1086,-1052,-936,-742,-493,-192,122,442,747,981,1158,1256,1244,1145,963,701,381,28,-344,-697,-996,-1233,-1376,-1423,-1358,-1195,-941,-617,-255,157,543,890,1195,1396,1503,1510,1390,1173,866,500,91,-323,-712,-1066,-1327,-1484,-1545,-1497,-1336,-1071,-740,-352,51,437,797,1106,1325,1436,1454,1366,1187,936,621,269,-88,-447,-761,-1022,-1215,-1321,-1342,-1265,-1107,-882,-597,-282,51,371,661,908,1095,1212,1250,1207,1082,893,655,366,58,-246,-537,-803,-1007,425,-1227,-1228,-1150,-998,-778,-504,-203,125,446,746,998,1189,1308,1338,1274,1128,913,626,288,-74,-436,-784,-1078,-1289,-1424,-1462,-1390,-1221,-958,-629,-238,164,539,890,1181,1380,1474,1473,1357,1148,865,521,139,-252,-607,-916,-1155,-1320,-1383,-1337,-1219,-1022,-735,-413,-77,258,576,838,1040,1171,1205,1171,1059,878,636,374,78,-216,-479,-710,-884,-996,-1045,-1022,-931,-785,-580,-348,-91,170,406,620,782,881,919,901,818,673,489,278,47,-182,-394,-576,-711,-790,-810,-775,-674,-536,-365,-171,35,235,407,546,634,683,675,618,520,375,211,37,-134,-287,-419,-515,-564,-574,-537,-465,-360,-228,-89,405,553
10503,mtk,MTK 7916,4080117792,rx1-tx1,512,0,0,0,-367,-251,-67,146,327,419,399,267,56,-167,-341,-431,-409,-268,-53,178,368,454,406,243,21,-213,-393,-462,-407,-239,9,258,426,475,398,204,-57,-303,-469,-500,-392,-181,82,335,499,532,406,151,-136,-384,-533,-540,-397,-141,155,411,564,559,401,127,-185,-443,-577,-561,-391,-112,200,456,585,556,379,99,-210,-464,-591,-552,-362,-84,218,458,566,526,349,70,-224,-443,-547,-515,-340,-69,213,426,525,492,342,94,-170,-381,-490,-471,-330,-114,121,309,411,415,315,134,-63,-232,-334,-342,-269,-138,15,146,228,248,204,119,15,-72,-128,-138,-115,-79,-34,9,28,0,47,37,22,19,29,43,46,30,6,-33,-77,-106,-107,-84,-35,29,87,129,148,118,53,-21,-83,-134,-153,-122,-58,15,76,114,117,78,14,-48,-83,-87,-65,-11,63,121,136,101,23,-71,-169,-231,-220,-150,-29,137,285,365,356,250,56,-174,-378,-503,-508,-383,-140,154,423,603,644,519,256,-76,-402,-643,-733,-637,-391,-48,319,615,767,728,508,164,-221,-544,-726,-739,-562,-250,109,434,651,701,570,298,-38,-353,-574,-647,-554,-322,-16,281,501,596,534,328,56,-225,-453,-561,-534,-383,-131,142,382,532,560,472,288,53,-182,-371,-480,-492,-416,-286,-130,0,0,0,0,0,137,138,111,62,-13,-105,-178,-228,-240,-203,-110,9,130,235,297,295,226,97,-59,-205,-317,-362,-312,-185,-7,177,329,404,375,258,63,-163,-354,-457,-451,-335,-126,130,361,501,522,416,196,-91,-352,-531,-581,-493,-280,12,309,531,620,557,349,48,-257,-502,-628,-584,-386,-90,224,481,613,582,402,117,-202,-462,-592,-565,-393,-123,183,442,582,569,409,133,-176,-424,-563,-553,-395,-134,158,399,535,535,387,143,-132,-370,-506,-500,-363,-141,111,329,452,453,337,129,-105,-296,-397,-384,-265,-75,127,287,358,329,211,32,-149,-282,-336,-288,-154,20,186,296,315,0,99,-70,-225,-317,-322,-236,-76,109,262,342,328,222,53,-130,-267,-337,-317,-197,-21,155,291,349,309,180,11,-160,-289,-329,-280,-152,16,173,281,309,245,112,-43,-178,-276,-289,-201,-64,74,191,250,229,142,17,-117,-222,-253,-206,-95,39,165,244,253,189,70,-64,-171,-232,-228,-145,-27,89,187,233,209,122,4,-112,-203,-233,-192,-96,22,126,190,204,157,71,-35,-129,-180,-164,-105,-21,71,140,158,126,54,-26,-99,-136,-122,-69,8,82,136,141,97,21,-68,-141,-170,-141,-68,36,140,212,221,165,60,-77,-216,-292,-279,-198,-53,113,256,336,323,0,0,0,0,0,-152,-316,-407,-388,-258,-64,148,330,428,407,266,52,-176,-357,-445,-410,-262,-41,194,376,455,411,243,7,-228,-405,-474,-401,-201,41,275,440,484,388,186,-72,-321,-482,-507,-399,-176,109,359,514,530,397,151,-136,-393,-549,-549,-398,-137,167,425,566,554,386,112,-184,-439,-586,-559,-378,-102,206,462,590,551,368,94,-212,-460,-577,-536,-351,-71,231,459,564,522,341,72,-216,-447,-556,-509,-332,-81,199,413,515,488,330,96,-152,-356,-462,-446,-322,-125,91,280,393,386,284,136,-32,-186,-278,-300,-250,-139,-11,99,168,187,166,107,32,-37,-83,-91,-78,-56,0,-7,1,-2,-2,1,9,29,54,77,86,62,14,-40,-86,-116,-129,-105,-51,13,83,130,140,114,60,-10,-77,-125,-134,-99,-34,28,75,104,90,45,-12,-72,-107,-97,-48,27,109,170,179,119,11,-120,-235,-291,-285,-197,-27,172,333,426,434,315,89,-175,-409,-557,-570,-438,-200,114,422,632,691,585,322,-24,-370,-633,-749,-679,-445,-102,268,582,760,744,537,203,-169,-491,-691,-725,-577,-281,74,396,616,671,559,309,-15,-326,-546,-620,-540,-327,-32,258,473,573,526,350,90,-189,-423,-555,-556,-427,-206,61,303,475,553,510,376,186,-26,-208,-326,-382,0,0,0,0,0,1,65,125,176,200,193,143,54,-53,-156,-239,-275,-250,-169,-51,86,218,308,327,265,134,-36,-202,-322,-374,-345,-216,-37,171,345,433,418,291,80,-152,-361,-487,-493,-377,-158,112,369,525,552,454,232,-54,-335,-536,-606,-532,-315,-15,283,520,629,575,371,74,-243,-497,-622,-579,-391,-104,214,470,604,580,399,113,-194,-446,-587,-571,-396,-124,183,433,563,556,399,133,-162,-416,-556,-548,-396,-148,134,380,521,522,384,142,-126,-354,-481,-480,-351,-130,112,305,415,421,308,111,-111,-294,-388,-368,-241,-57,140,282,340,301,178,6,-165,-294,-330,-268,-130,45,0,314,325,242,87,-86,-236,-331,-323,-220,-58,121,274,342,312,209,35,-148,-283,-343,-309,-188,-15,162,289,339,298,177,4,-164,-276,-310,-257,-136,23,174,269,284,216,82,-69,-194,-259,-250,-169,-41,103,208,250,225,136,-5,-138,-223,-244,-198,-99,43,172,241,232,164,55,-80,-191,-241,-214,-132,-23,105,203,235,200,116,-5,-119,-189,-204,-169,-75,40,133,183,186,130,38,-62,-144,-175,-152,-93,-7,74,132,140,95,29,-50,-119,-141,-111,-41,47,122,154,144,83,-13,-112,-181,-203,-163,-68,52,173,249,248,177,54,-99,-232,-308,-301,-208,-56,125,0,0
10504,mtk,MTK 7916,4080117792,rx2-tx0,512,0,0,0,541,401,143,-167,-438,-590,-578,-401,-108,221,494,631,594,386,56,-289,-556,-670,-594,-351,-4,351,610,694,582,304,-63,-417,-653,-706,-559,-249,136,491,709,717,521,177,-225,-570,-752,-718,-478,-91,328,658,801,711,418,-5,-434,-741,-838,-705,-360,104,539,818,872,684,289,-206,-643,-906,-919,-665,-217,303,749,983,940,638,154,-381,-821,-1035,-963,-616,-93,457,889,1074,960,584,41,-523,-937,-1092,-950,-541,21,567,955,1087,925,501,-59,-602,-972,-1072,-876,-446,108,633,974,1041,826,383,-161,-654,-960,-996,-756,-313,213,676,942,939,684,242,-271,-699,-919,-880,-596,0,336,719,899,825,519,61,-410,-759,-894,-774,-434,28,486,802,885,725,363,-105,-552,-848,-900,-691,-291,189,622,885,901,666,243,-253,-682,-924,-913,-648,-200,303,725,949,907,613,149,-357,-768,-967,-898,-587,-109,397,797,988,903,564,68,-439,-826,-994,-894,-546,-42,469,854,1008,890,537,45,-461,-843,-998,-888,-544,-60,431,804,960,859,537,83,-384,-743,-898,-817,-525,-94,345,675,823,760,495,109,-291,-602,-747,-692,-460,-115,249,538,678,637,436,136,-190,-464,-606,-592,-431,-169,127,388,552,574,464,252,-14,-268,-449,-524,-492,-364,-178,28,206,321,366,345,0,0,0,0,0,-282,-377,-409,-363,-236,-48,174,377,517,558,472,265,-12,-297,-525,-635,-595,-406,-104,235,528,705,704,517,190,-203,-560,-790,-821,-636,-274,175,592,875,945,764,374,-131,-626,-975,-1081,-916,-498,70,631,1038,1198,1052,619,14,-604,-1081,-1290,-1170,-740,-106,556,1082,1342,1249,828,191,-495,-1054,-1342,-1284,-892,-261,443,1024,1325,1279,901,289,-391,-964,-1275,-1248,-895,-307,362,917,1221,1195,845,279,-355,-888,-1176,-1137,-790,-241,366,873,1138,1081,729,195,-382,-853,-1095,-1032,-686,-159,400,841,1047,969,625,113,-420,-830,-1010,-909,-563,-67,441,821,972,853,500,19,-460,-810,-935,0,-433,36,492,806,899,743,384,-83,-517,-798,-860,-688,-326,125,533,781,815,626,266,-165,-540,-755,-759,-558,-209,194,536,717,693,482,145,-232,-531,-672,-627,-410,-82,256,516,622,546,322,20,-275,-483,-548,-460,-243,38,294,454,473,355,143,-102,-307,-414,-392,-254,-50,161,313,362,294,143,-45,-214,-312,-310,-214,-49,129,264,314,262,129,-43,-204,-296,-294,-204,-50,121,256,312,265,135,-37,-203,-309,-320,-232,-71,116,267,345,314,184,1,-192,-329,-369,-303,-141,70,265,384,395,284,81,-149,-336,-430,-406,-259,-25,217,400,471,405,223,-29,-284,-467,-508,0,0,0,0,0,140,397,556,562,400,118,-199,-465,-610,-585,-387,-77,255,522,654,597,368,34,-313,-580,-685,-593,-333,21,377,632,705,569,272,-100,-453,-683,-713,-540,-215,182,534,731,717,497,132,-277,-610,-775,-716,-447,-47,375,696,821,704,376,-60,-488,-783,-855,-682,-314,153,587,865,901,676,251,-253,-695,-947,-934,-658,-193,339,780,1008,955,631,128,-418,-856,-1055,-958,-598,-70,486,916,1088,952,559,14,-541,-946,-1093,-938,-525,36,581,965,1079,897,469,-87,-617,-976,-1062,-853,-409,144,646,965,1020,791,346,-188,-666,-948,-970,-726,-274,246,680,921,908,639,190,-306,-702,0,-847,-555,-104,375,737,890,793,475,21,-446,-781,-889,-746,-397,66,523,833,898,711,332,-144,-585,-865,-898,-679,-271,212,643,901,906,656,224,-280,-711,-934,-906,-629,-170,333,746,954,903,600,133,-378,-787,-976,-896,-574,-90,429,825,986,889,551,55,-460,-846,-999,-885,-535,-39,466,849,1010,895,548,53,-448,-829,-988,-884,-546,-76,407,781,935,840,534,95,-360,-708,-864,-787,-511,-107,316,639,785,723,477,114,-266,-566,-707,-663,-445,-122,219,496,643,615,432,146,-170,-426,-574,-583,-443,-200,79,337,514,563,480,303,73,-158,-346,-457,-468,-393,-260,-105,41,0,0,0,0,0,211,83,-79,-256,-411,-498,-487,-371,-165,91,336,525,606,541,340,53,-260,-519,-660,-648,-462,-144,218,545,746,752,563,228,-184,-572,-833,-886,-703,-319,163,612,930,1017,837,432,-104,-637,-1016,-1142,-976,-552,30,625,1070,1248,1105,674,57,-582,-1090,-1325,-1217,-789,-157,529,1082,1357,1277,869,238,-461,-1043,-1346,-1290,-902,-283,404,983,1298,1266,903,300,-373,-935,-1245,-1222,-877,-296,359,906,1193,1163,823,261,-359,-871,-1144,-1101,-759,-222,375,867,1110,1046,699,174,-393,-850,-1067,-990,-647,-134,410,843,1035,936,591,93,-425,-823,-994,-885,-529,-40,450,815,953,823,464,-17,0,-817,-912,-758,-399,66,508,811,883,710,346,-106,-528,-798,-840,-650,-291,145,535,773,795,597,236,-182,-540,-740,-735,-528,-180,206,529,694,661,448,114,-240,-516,-644,-584,-362,-46,271,501,586,505,281,-16,-290,-467,-509,-406,-191,67,299,437,434,303,95,-130,-314,-390,-342,-200,0,190,308,335,254,92,-89,-242,-316,-285,-170,-2,166,275,301,234,88,-90,-236,-310,-287,-171,-4,164,285,314,248,106,-76,-240,-327,-315,-207,-30,157,302,360,307,162,-35,-226,-355,-385,-298,-116,102,297,412,402,266,56,-174,-362,-455,-409,-240,3,254,435,491,412,207,-65,0,0
10505,mtk,MTK 7916,4080117792,rx2-tx1,512,0,0,0,-59,-126,-154,-139,-98,-40,24,77,106,113,94,51,8,-32,-69,-82,-77,-57,-23,16,47,68,72,51,15,-21,-49,-62,-59,-36,-4,37,72,85,75,36,-17,-66,-104,-115,-93,-44,27,94,146,167,140,69,-25,-116,-187,-211,-176,-95,23,141,226,255,213,114,-20,-160,-262,-300,-256,-138,22,189,313,350,295,162,-25,-211,-346,-389,-328,-177,27,230,385,438,370,203,-26,-256,-420,-474,-407,-222,24,264,438,497,426,238,-17,-271,-452,-516,-441,-244,19,283,467,526,445,240,-26,-282,-469,-534,-442,-229,39,299,480,523,424,204,-74,-330,-499,-536,-419,0,106,369,537,554,423,165,-147,-414,-577,-589,-434,-156,170,453,616,621,456,165,-173,-476,-655,-650,-473,-180,174,490,673,675,497,189,-174,-494,-685,-692,-509,-190,176,497,693,705,520,193,-183,-506,-693,-698,-520,-199,177,515,708,696,506,195,-172,-492,-686,-695,-513,-200,164,486,669,675,503,200,-158,-471,-649,-651,-482,-197,141,438,604,612,463,184,-139,-420,-590,-597,-443,-175,133,404,571,573,429,183,-116,-381,-541,-563,-440,-209,77,341,510,551,454,250,-13,-271,-462,-535,-476,-306,-73,172,372,492,497,389,205,-11,-213,-359,-428,-414,-325,-188,-36,94,181,0,0,0,0,0,-167,-178,-155,-94,-2,103,197,259,277,244,145,2,-145,-261,-332,-331,-244,-95,82,252,364,397,330,167,-39,-244,-408,-470,-412,-246,-8,243,443,542,504,335,64,-239,-498,-639,-618,-448,-145,217,532,713,731,570,249,-156,-522,-770,-835,-692,-365,73,500,799,908,786,460,11,-449,-808,-963,-867,-556,-100,402,804,993,923,624,167,-336,-764,-992,-959,-681,-228,287,726,977,974,715,272,-249,-694,-959,-968,-728,-294,231,690,956,972,732,309,-199,-657,-945,-982,-759,-333,181,639,933,980,772,355,-156,-621,-912,-966,-765,-360,133,588,893,950,753,352,-139,-591,-885,0,-731,-346,136,593,884,932,734,331,-162,-605,-888,-933,-718,-311,177,624,912,947,725,304,-199,-647,-923,-957,-736,-316,196,652,933,970,750,327,-186,-645,-927,-974,-765,-341,173,630,911,959,762,360,-139,-597,-890,-944,-758,-376,105,547,835,897,724,367,-77,-492,-768,-833,-674,-346,67,456,707,764,622,323,-60,-417,-646,-699,-573,-296,61,383,585,641,522,265,-49,-343,-535,-579,-478,-253,37,310,490,533,436,231,-23,-263,-426,-471,-398,-226,0,212,364,418,357,212,27,-161,-299,-355,-319,-204,-46,112,238,300,281,199,76,-62,-176,-238,-240,-183,-86,21,119,0,0,0,0,0,151,96,23,-45,-97,-125,-129,-101,-52,1,50,84,94,85,61,21,-27,-61,-75,-73,-53,-16,19,49,68,63,44,11,-27,-60,-75,-67,-35,3,46,86,105,89,40,-19,-78,-122,-135,-114,-60,19,106,171,186,154,76,-27,-135,-216,-237,-195,-102,30,153,246,277,229,121,-19,-171,-286,-325,-278,-149,27,202,321,367,316,173,-21,-220,-365,-412,-348,-189,27,240,401,455,380,205,-28,-254,-421,-486,-411,-228,16,264,446,508,431,233,-18,-272,-463,-523,-444,-242,25,278,464,536,448,235,-32,-288,-469,-524,-436,-221,60,322,491,524,418,191,-96,-356,0,-535,-414,-171,128,396,558,566,421,159,-156,-430,-594,-601,-446,-164,177,475,636,633,466,171,-176,-478,-661,-671,-500,-189,173,489,676,682,511,197,-174,-491,-676,-688,-508,-191,177,500,690,690,515,201,-173,-503,-697,-707,-525,-199,182,514,701,699,516,195,-172,-492,-682,-688,-510,-199,162,475,657,658,493,197,-147,-452,-632,-641,-481,-192,143,430,598,604,454,180,-140,-418,-580,-583,-435,-176,128,393,554,572,438,203,-86,-357,-528,-558,-450,-232,46,308,488,548,471,279,25,-232,-425,-516,-489,-349,-133,101,306,437,471,411,275,96,-86,-236,-330,-354,-315,-231,0,0,0,0,0,13,-59,-135,-204,-241,-230,-174,-74,51,172,267,313,291,201,56,-112,-260,-348,-359,-282,-126,65,250,386,430,355,195,-18,-245,-428,-506,-461,-298,-42,244,475,594,565,387,103,-222,-513,-683,-684,-511,-197,180,527,744,782,625,300,-116,-511,-800,-892,-749,-411,33,479,810,949,848,522,61,-419,-810,-985,-898,-593,-137,365,776,988,944,658,201,-312,-742,-981,-963,-693,-240,272,710,965,976,730,286,-233,-688,-957,-970,-730,-301,211,674,950,973,740,312,-192,-649,-937,-978,-756,-339,166,633,929,975,770,359,-145,-606,-909,-969,-767,-363,134,587,881,941,742,342,0,-585,-871,-928,-728,-330,165,613,886,925,721,321,-174,-620,-895,-937,-727,-306,196,635,910,951,732,312,-192,-643,-926,-964,-743,-319,188,647,943,988,758,335,-169,-632,-924,-969,-759,-356,141,603,901,958,756,356,-124,-566,-859,-923,-740,-366,102,529,808,874,709,358,-73,-473,-738,-797,-652,-341,54,427,677,738,594,305,-52,-392,-618,-666,-537,-270,60,365,569,618,503,258,-53,-337,-517,-560,-456,-240,29,283,453,499,413,225,-8,-236,-396,-442,-375,-216,-6,192,328,378,333,209,39,-137,-271,-329,-303,-201,-53,90,202,262,253,185,80,-42,-146,-207,-215,-171,0,0
10506,mtk,MTK 7916,4080173343,rx0-tx0,512,-172,-542,-506,840,944,987,966,882,750,553,328,87,-170,-419,-633,-809,-927,-992,-997,-921,-788,-603,-368,-103,162,441,676,866,1009,1068,1054,967,803,581,304,13,-283,-556,-796,-977,-1086,-1109,-1042,-903,-692,-433,-147,153,436,680,861,985,1030,995,893,723,508,250,-14,-261,-480,-663,-786,-856,-857,-806,-691,-536,-342,-123,79,270,438,567,659,685,664,611,510,379,231,62,-94,-221,-349,-442,-508,-538,-514,-458,-387,-290,-170,-31,83,188,282,362,397,393,369,318,242,160,66,-18,-93,-157,-198,-226,-221,-209,-180,-145,-99,-54,-22,5,38,51,56,58,54,58,52,48,52,51,-588,54,49,47,40,38,34,20,12,1,-16,-27,-39,-67,-75,-94,-110,-115,-130,-133,-122,-104,-88,-60,-7,48,110,161,225,268,307,333,314,273,203,107,11,-122,-252,-379,-486,-553,-592,-571,-506,-394,-228,-32,184,402,586,748,851,880,823,707,512,265,-21,-319,-604,-835,-1011,-1101,-1092,-979,-770,-496,-168,176,503,791,1015,1159,1183,1114,940,680,371,22,-316,-628,-868,-1036,-1118,-1094,-976,-780,-520,-219,99,394,648,838,951,982,928,796,589,349,84,-181,-424,-624,-757,-825,-813,-732,-583,-385,-153,87,312,496,631,694,677,579,414,209,-10,-218,-375,-457,-460,-379,-378,-471,765,15,45,127,238,330,365,342,262,141,-10,-174,-314,-420,-479,-477,-425,-328,-186,-30,133,280,406,488,524,510,448,342,197,39,-126,-280,-400,-481,-521,-505,-447,-342,-220,-73,69,207,313,387,417,410,359,287,195,84,-27,-117,-175,-213,-235,-233,-200,-159,-114,-78,-28,6,11,18,9,-11,-15,-16,-17,6,36,67,107,143,175,201,215,212,187,142,78,4,-78,-163,-238,-299,-351,-383,-380,-342,-286,-202,-93,29,160,286,396,481,527,547,526,458,358,223,56,-116,-288,-450,-585,-676,-724,-718,-668,-551,-378,-183,51,286,507,692,840,930,944,871,731,537,292,3,-291,-558,-798,-979,-1091,-1119,-1055,-905,-677,-398,-76,267,579,857,1066,1188,1220,1162,1015,780,487,157,-178,-502,-793,-1009,-1157,-1215,-1187,-1072,-878,-628,-342,-31,277,573,820,1017,1147,1191,1154,1051,884,633,345,35,-279,-575,-842,-1058,-1204,-1266,-1247,-1129,-935,-676,-365,-26,314,644,919,1155,1317,1371,1340,1212,996,687,327,-45,-422,-787,-1098,-1325,-1447,-1481,-1401,-1214,-937,-585,-189,219,625,974,1239,1433,1515,1466,1324,1077,740,365,-41,-441,-793,-1080,-1299,-1402,-1400,-1309,-1107,-833,-508,-149,222,553,848,1068,1209,1260,1215,1088,891,631,327,20,-282,-557,-787,-955,-1064,-1088,-1036,-934,-756,-535,-73,-48,126,78,223,564,324,73,-185,-425,-639,-810,-918,-981,-979,-898,-760,-573,-347,-105,161,411,629,821,961,1026,1024,956,799,605,356,74,-210,-487,-727,-927,-1049,-1100,-1067,-957,-773,-526,-237,70,363,626,849,990,1068,1059,973,809,591,335,58,-217,-468,-683,-842,-945,-964,-909,-788,-613,-407,-180,55,278,477,625,737,774,761,699,590,444,275,85,-88,-257,-398,-503,-578,-607,-578,-528,-445,-330,-200,-50,98,217,319,407,466,477,443,394,322,225,106,0,-93,-189,-256,-298,-315,-301,-280,-227,-172,-100,-33,22,74,106,131,133,130,126,112,86,69,44,35,27,21,18,9,-7,321,-7,-19,-26,-35,-44,-61,-69,-70,-79,-81,-74,-79,-68,-54,-45,-23,-6,14,50,86,120,150,189,212,219,208,185,142,80,20,-67,-166,-253,-344,-395,-439,-447,-413,-347,-237,-105,57,234,396,546,662,717,728,664,544,374,143,-115,-369,-608,-808,-944,-1007,-977,-852,-646,-383,-72,257,577,844,1043,1150,1151,1060,866,607,273,-75,-415,-727,-964,-1113,-1166,-1117,-969,-734,-454,-129,203,507,762,954,1053,1058,968,803,567,294,3,-276,-529,-728,-852,-911,-877,-774,-597,-382,-139,107,341,540,680,753,748,669,525,340,116,-118,-332,-495,-587,-602,-533,-386,-200,-5,161,-323,-210,-436,80,64,257,206,100,-38,-183,-311,-398,-442,-421,-341,-221,-66,94,241,375,470,509,498,432,326,183,27,-133,-282,-409,-496,-530,-515,-447,-342,-211,-56,103,253,371,454,490,477,419,326,203,75,-55,-165,-245,-311,-346,-340,-297,-229,-159,-90,-13,46,90,111,122,125,93,73,53,36,39,55,63,79,101,107,114,109,87,53,10,-48,-109,-173,-227,-270,-296,-307,-288,-241,-174,-92,12,125,222,309,386,436,458,447,403,326,209,77,-62,-212,-350,-476,-570,-623,-629,-594,-512,-376,-210,-18,175,373,564,705,800,841,808,718,562,359,112,-157,-419,-650,-835,-969,-1031,374,-906,-730,-484,-200,113,421,706,932,1093,1177,1163,1055,866,592,276,-60,-396,-703,-961,-1137,-1230,-1223,-1137,-946,-696,-398,-72,253,564,826,1017,1146,1188,1155,1036,857,624,342,22,-287,-563,-818,-1026,-1158,-1223,-1195,-1088,-905,-660,-366,-50,284,607,886,1111,1262,1324,1298,1175,971,705,367,8,-348,-700,-1013,-1254,-1391,-1430,-1388,-1236,-986,-657,-283,115,520,880,1181,1395,1501,1500,1392,1158,855,493,75,-336,-718,-1055,-1299,-1443,-1482,-1402,-1221,-963,-628,-245,131,508,847,1100,1267,1346,1322,1200,1001,724,407,65,-265,-566,-820,-1022,-1138,-1167,-1123,-993,-805,-567,-303,-9,256,512,726,883,58,70
10507,mtk,MTK 7916,4080173343,rx0-tx1,512,379,244,343,103,-153,-405,-639,-831,-958,-1033,-1027,-948,-794,-573,-312,-27,268,551,799,992,1116,1164,1119,997,797,537,238,-84,-407,-703,-954,-1135,-1230,-1245,-1158,-994,-758,-458,-126,216,550,847,1079,1234,1300,1271,1161,958,687,364,19,-325,-656,-929,-1142,-1270,-1310,-1260,-1111,-894,-612,-286,46,388,698,958,1149,1254,1279,1203,1053,824,542,225,-105,-428,-704,-947,-1116,-1206,-1208,-1132,-967,-745,-470,-171,135,437,703,917,1063,1133,1126,1049,893,678,423,144,-147,-419,-654,-850,-983,-1049,-1046,-970,-829,-630,-395,-141,125,382,609,800,930,989,995,928,804,626,402,147,-115,-368,-595,-782,-919,-997,-430,-941,-809,-619,-385,-117,152,418,655,852,988,1054,1034,943,783,561,298,4,-289,-561,-787,-958,-1052,-1073,-1014,-874,-668,-411,-122,172,454,696,885,1001,1048,1003,886,697,469,204,-69,-336,-569,-749,-877,-929,-910,-826,-683,-496,-272,-34,197,407,577,700,781,794,743,644,502,329,142,-56,-242,-400,-526,-609,-649,-642,-594,-488,-364,-216,-53,103,244,365,454,509,515,494,433,349,246,116,-13,-129,-233,-314,-371,-397,-399,-371,-315,-237,-154,-59,36,129,204,261,303,320,312,279,224,155,75,-10,-88,-161,-224,-260,-274,-263,-222,-162,-82,4,84,151,192,206,184,136,-109,6,481,-721,-641,-63,-173,-278,-343,-358,-318,-241,-125,21,163,285,384,442,457,422,352,248,116,-25,-168,-302,-411,-485,-524,-522,-477,-391,-262,-113,37,201,349,479,583,641,645,600,506,372,188,-14,-210,-408,-578,-707,-784,-799,-749,-627,-459,-256,1,249,477,686,832,910,927,860,719,521,281,7,-270,-521,-733,-879,-967,-970,-885,-740,-527,-277,-6,264,508,702,844,919,910,840,700,513,286,47,-193,-411,-591,-719,-793,-804,-755,-658,-515,-333,-139,61,250,413,544,631,676,666,608,510,390,232,66,-88,-234,-360,-460,-523,-552,-548,-507,-430,-330,-214,-87,47,172,284,375,448,230,492,471,420,344,242,133,10,-119,-236,-329,-412,-462,-479,-464,-421,-353,-259,-149,-24,94,207,307,383,435,458,447,404,337,246,151,45,-66,-166,-255,-324,-365,-389,-390,-366,-315,-260,-192,-105,-23,59,135,201,262,303,333,347,342,322,286,234,172,96,12,-79,-171,-258,-331,-385,-421,-440,-432,-394,-319,-221,-105,16,135,262,374,464,525,554,544,492,404,297,160,13,-133,-287,-423,-528,-596,-629,-615,-563,-472,-350,-203,-39,130,291,434,553,637,684,687,636,542,417,258,75,-111,-301,-469,-613,-719,-771,-777,-729,-630,-484,-306,-95,122,334,535,697,812,871,111,-271,11,423,353,-954,-956,-897,-766,-569,-333,-72,210,479,722,916,1043,1102,1080,981,805,569,285,-28,-341,-630,-880,-1068,-1179,-1209,-1147,-1005,-783,-501,-184,152,487,779,1022,1187,1272,1271,1174,987,727,416,73,-274,-604,-897,-1119,-1264,-1312,-1272,-1142,-927,-658,-327,16,372,689,953,1153,1263,1291,1233,1081,861,573,257,-82,-413,-709,-959,-1135,-1231,-1248,-1163,-1008,-791,-513,-197,127,438,715,933,1092,1169,1169,1086,924,706,442,154,-141,-427,-684,-885,-1023,-1099,-1090,-1005,-854,-653,-409,-144,136,402,637,823,949,1013,1013,942,810,627,392,144,-115,-371,-594,-779,-915,-991,-995,-933,-804,-621,-399,-145,-1099,373,617,809,951,1026,1023,952,809,605,354,71,-214,-482,-723,-912,-1031,-1079,-1041,-926,-736,-496,-217,70,360,622,837,987,1062,1051,959,797,571,310,21,-265,-524,-735,-890,-980,-993,-926,-788,-597,-368,-111,141,384,583,739,836,864,829,734,584,402,197,-22,-222,-406,-554,-660,-708,-711,-657,-566,-428,-266,-90,79,249,389,489,561,584,567,514,421,299,157,12,-122,-245,-341,-414,-457,-457,-427,-370,-287,-188,-82,25,125,212,278,325,348,349,322,267,201,121,34,-51,-132,-202,-255,-288,-291,-275,-234,-173,-93,-16,68,147,206,246,247,222,174,104,27,-50,-104,443,465,-407,39,-341,-267,-247,-175,-63,74,203,314,393,423,392,325,222,93,-50,-190,-311,-410,-469,-485,-465,-403,-307,-182,-39,113,257,388,489,547,575,558,486,380,238,65,-119,-302,-465,-597,-691,-719,-706,-633,-498,-321,-113,114,339,542,702,824,882,847,761,602,383,137,-127,-395,-628,-804,-921,-970,-935,-819,-634,-401,-144,142,402,637,820,924,963,919,803,627,404,150,-113,-354,-565,-724,-824,-864,-839,-749,-599,-410,-194,26,237,421,574,678,731,735,675,572,435,272,94,-87,-251,-387,-500,-581,-606,-595,-549,-464,-350,-214,-74,66,202,320,413,479,515,515,478,414,327,223,-198,-20,-140,-251,-349,-423,-467,-487,-471,-420,-348,-257,-141,-18,106,221,320,399,450,470,453,418,350,262,151,35,-85,-194,-292,-360,-404,-426,-419,-384,-331,-251,-160,-66,28,122,199,256,313,341,354,348,323,281,227,166,97,21,-60,-140,-210,-272,-322,-363,-383,-382,-353,-310,-241,-162,-68,37,148,256,352,427,479,495,488,447,367,262,139,-1,-146,-287,-401,-496,-565,-585,-579,-530,-441,-322,-181,-23,143,295,433,542,620,656,648,598,507,378,226,56,-123,-301,-454,-581,-678,-723,-726,-678,-586,-454,-279,-85,115,313,495,645,761,823,827,776,673,510,321,94,701,655
10508,mtk,MTK 7916,4080173343,rx1-tx0,512,-13,1324,802,504,499,456,383,271,139,-5,-151,-276,-384,-454,-485,-480,-429,-339,-225,-103,41,189,312,402,472,503,484,427,337,213,79,-69,-215,-337,-446,-508,-540,-526,-468,-376,-250,-101,65,230,371,498,590,634,629,576,469,322,149,-37,-222,-404,-553,-668,-728,-736,-681,-581,-425,-230,-13,211,419,598,741,823,851,805,683,527,322,82,-167,-420,-621,-785,-883,-922,-882,-768,-598,-381,-135,121,373,587,760,864,908,893,797,649,456,239,-7,-234,-439,-622,-757,-833,-854,-811,-719,-576,-395,-197,19,232,433,603,741,829,866,839,762,632,454,238,2,-241,-474,-686,-852,-967,231,-984,-879,-705,-477,-199,95,396,673,907,1079,1174,1184,1094,912,663,351,10,-340,-685,-969,-1175,-1299,-1329,-1254,-1089,-813,-481,-105,290,665,980,1231,1387,1439,1375,1202,933,596,207,-196,-590,-933,-1211,-1402,-1476,-1451,-1313,-1070,-739,-359,49,468,856,1176,1410,1537,1554,1450,1223,902,500,52,-409,-837,-1208,-1475,-1631,-1660,-1541,-1286,-931,-506,-13,465,905,1278,1520,1626,1600,1436,1145,762,327,-137,-576,-950,-1239,-1403,-1449,-1369,-1172,-882,-530,-135,247,600,889,1095,1196,1203,1081,881,614,304,-35,-354,-639,-857,-985,-1018,-951,-788,-544,-251,63,367,618,778,833,777,615,370,95,-163,-344,443,1103,101,-27,-309,-62,-253,-445,-577,-623,-569,-426,-213,40,300,526,690,791,793,721,566,349,101,-168,-426,-647,-819,-910,-926,-863,-711,-496,-229,69,363,630,854,1011,1092,1075,955,760,484,162,-177,-511,-807,-1056,-1217,-1265,-1215,-1063,-820,-495,-137,240,626,948,1208,1363,1402,1326,1150,885,529,134,-287,-687,-1044,-1296,-1454,-1493,-1416,-1220,-920,-555,-136,296,703,1064,1332,1492,1530,1441,1230,926,550,142,-286,-684,-1022,-1272,-1420,-1459,-1380,-1198,-920,-582,-216,180,549,864,1119,1281,1348,1308,1168,950,667,336,-14,-368,-685,-949,-1130,-1231,-1245,-1168,-1007,-780,-501,-186,153,468,748,970,1129,1208,1193,1094,-49,698,409,86,-241,-559,-824,-1049,-1201,-1264,-1228,-1112,-910,-638,-309,50,409,743,1025,1240,1363,1386,1298,1112,823,474,79,-328,-714,-1038,-1286,-1431,-1463,-1379,-1187,-893,-531,-127,285,673,998,1245,1385,1418,1334,1158,899,558,186,-196,-548,-863,-1093,-1243,-1286,-1229,-1092,-857,-573,-259,73,386,671,892,1045,1107,1100,1008,836,616,356,63,-213,-472,-691,-857,-954,-980,-932,-818,-642,-416,-157,100,341,558,729,838,890,863,764,611,417,182,-52,-275,-486,-636,-733,-779,-762,-669,-533,-353,-150,52,252,423,556,638,669,638,558,435,271,96,-80,-252,-388,-488,-551,-562,-529,-447,-334,-197,551,480,221,593,1203,103,-50,-188,-314,-415,-470,-494,-470,-407,-308,-180,-46,95,232,346,426,474,491,453,372,273,153,8,-139,-272,-385,-467,-507,-518,-478,-407,-292,-156,-7,149,296,416,514,573,589,552,475,366,210,35,-139,-313,-470,-591,-666,-686,-659,-577,-452,-284,-89,122,322,496,646,746,791,774,693,561,377,161,-65,-308,-524,-696,-829,-880,-877,-800,-656,-466,-229,21,281,513,708,844,911,912,842,709,524,293,57,-196,-426,-617,-763,-861,-887,-836,-742,-598,-412,-199,23,245,442,612,735,813,837,802,715,584,421,221,2,-227,-437,-629,-778,-881,-922,-904,-821,-674,-477,-244,-568,289,554,777,957,1069,1102,1051,913,707,435,128,-205,-534,-820,-1052,-1207,-1268,-1243,-1114,-882,-588,-243,127,490,829,1106,1289,1385,1371,1242,1019,718,351,-46,-443,-811,-1111,-1333,-1448,-1454,-1347,-1136,-842,-473,-70,329,715,1047,1302,1456,1513,1454,1276,998,639,228,-204,-630,-1012,-1318,-1524,-1612,-1570,-1406,-1123,-741,-297,180,651,1064,1377,1596,1677,1600,1402,1072,647,178,-303,-760,-1135,-1397,-1542,-1551,-1420,-1172,-831,-425,-6,408,771,1054,1247,1324,1284,1142,901,587,238,-124,-461,-743,-957,-1083,-1100,-1019,-854,-610,-312,2,310,585,794,917,933,842,644,379,76,-219,-468,-622,-664,-592,-427,-1364,-934,-164,548,439,-459,-445,-332,-143,93,333,537,680,732,691,556,361,116,-147,-395,-617,-771,-853,-860,-774,-619,-399,-135,139,415,655,838,964,1005,957,821,610,337,37,-288,-589,-857,-1060,-1164,-1180,-1089,-916,-656,-321,42,400,739,1025,1223,1320,1332,1216,994,693,320,-76,-470,-827,-1135,-1350,-1455,-1433,-1310,-1065,-731,-338,90,506,888,1196,1409,1520,1493,1353,1100,756,356,-80,-512,-899,-1201,-1405,-1498,-1472,-1319,-1070,-739,-358,50,449,807,1094,1285,1386,1388,1271,1069,786,445,85,-283,-625,-909,-1125,-1252,-1293,-1238,-1084,-854,-563,-246,90,418,717,956,1125,1211,1207,1119,956,716,435,117,-205,-515,425,-997,-1147,-1218,-1207,-1104,-918,-673,-368,-27,312,635,917,1140,1282,1328,1275,1127,890,581,217,-165,-541,-881,-1161,-1348,-1439,-1410,-1267,-1019,-691,-307,105,502,869,1163,1370,1460,1434,1290,1042,722,348,-56,-446,-787,-1071,-1264,-1352,-1326,-1218,-1010,-728,-396,-32,311,633,902,1077,1180,1189,1113,955,728,449,149,-151,-438,-685,-869,-998,-1046,-1010,-910,-738,-520,-262,11,281,519,715,857,925,916,848,719,530,308,60,-188,-416,-598,-741,-820,-821,-778,-664,-485,-287,-66,160,361,523,647,710,714,660,551,400,220,26,-168,-333,-472,-567,-611,-609,-547,-435,-305,-150,12,175,317,427,495,-30,271
10509,mtk,MTK 7916,4080173343,rx1-tx1,512,0,0,0,-162,-308,-377,-346,-227,-50,142,308,397,379,262,80,-133,-313,-414,-400,-281,-89,130,315,418,413,301,109,-116,-324,-446,-440,-323,-117,131,345,466,463,340,121,-139,-355,-488,-506,-378,-146,128,370,526,544,415,175,-108,-369,-539,-566,-450,-215,77,355,547,592,484,254,-45,-334,-545,-616,-519,-294,10,313,532,611,537,327,34,-269,-500,-598,-552,-370,-89,210,455,595,574,411,151,-145,-403,-556,-563,-431,-203,71,323,488,533,443,256,13,-225,-396,-476,-433,-286,-90,115,282,372,370,283,137,-29,-172,-251,-265,-229,-142,-28,76,142,163,141,96,36,-19,-50,0,-46,-30,-13,-1,-2,-11,-26,-40,-42,-20,18,53,85,107,99,64,5,-58,-110,-138,-141,-104,-42,28,92,129,130,108,61,-1,-58,-85,-90,-68,-26,9,31,36,19,-16,-47,-69,-60,-23,41,111,165,181,150,71,-49,-176,-279,-329,-298,-180,-4,191,361,457,455,341,134,-117,-365,-542,-594,-514,-316,-34,274,523,652,641,486,210,-118,-419,-628,-691,-597,-367,-52,271,526,657,633,468,194,-124,-401,-578,-616,-505,-272,23,301,490,558,496,323,80,-189,-414,-531,-517,-385,-169,88,326,484,539,473,315,96,-146,-353,-480,-517,-463,-333,-154,27,174,284,0,0,0,0,0,-109,-147,-171,-165,-124,-56,32,131,215,260,261,209,111,-9,-140,-250,-319,-317,-240,-106,62,225,337,374,333,212,34,-163,-330,-419,-421,-325,-139,92,309,462,504,423,237,-4,-256,-457,-555,-527,-375,-125,164,421,580,602,483,244,-58,-342,-556,-647,-567,-341,-46,256,501,629,601,419,133,-183,-456,-609,-606,-464,-205,114,406,586,617,488,248,-59,-352,-555,-618,-521,-299,-9,290,512,605,552,356,84,-210,-448,-570,-547,-388,-122,159,390,521,517,380,157,-95,-322,-470,-477,-357,-154,84,299,425,441,335,147,-77,-282,-402,-408,-306,-123,95,284,394,399,294,0,-109,-291,-403,-412,-311,-128,96,295,420,430,326,141,-86,-296,-423,-440,-339,-152,70,270,410,437,349,179,-37,-235,-379,-422,-354,-194,13,214,346,380,318,178,-7,-188,-316,-361,-300,-153,24,185,299,331,270,130,-41,-192,-281,-306,-246,-112,44,186,280,295,225,85,-68,-198,-280,-292,-215,-76,70,194,272,269,194,68,-70,-185,-248,-243,-185,-73,60,170,225,218,141,31,-72,-157,-197,-183,-120,-24,67,131,157,135,70,-8,-74,-117,-131,-88,-19,48,104,129,98,35,-41,-102,-143,-139,-84,-1,95,172,203,185,113,-13,-137,-231,-268,-238,-142,6,161,0,0,0,0,0,312,204,30,-163,-314,-396,-375,-252,-63,146,318,407,401,289,87,-131,-312,-415,-413,-301,-101,127,319,429,421,300,100,-138,-340,-454,-457,-335,-122,127,353,481,489,367,137,-123,-357,-513,-526,-389,-154,116,364,529,557,430,188,-101,-367,-548,-580,-461,-234,63,355,548,608,512,274,-34,-326,-534,-608,-528,-314,-16,287,516,613,549,341,52,-247,-487,-601,-567,-390,-112,186,437,579,572,421,180,-104,-361,-523,-549,-449,-235,26,269,439,500,439,274,55,-171,-345,-428,-403,-286,-116,62,220,311,321,260,143,2,-114,-190,-215,-183,-112,-27,48,97,112,103,71,0,-10,-19,-19,-9,6,9,3,-15,-42,-65,-74,-75,-44,7,60,101,119,118,89,24,-48,-101,-136,-140,-110,-57,8,68,108,123,99,45,-1,-32,-55,-49,-31,0,32,39,15,-19,-61,-101,-122,-102,-37,55,149,224,249,215,127,-21,-193,-325,-391,-375,-255,-60,158,356,496,527,433,225,-51,-315,-519,-625,-586,-401,-125,185,467,647,674,543,288,-29,-341,-590,-696,-624,-414,-120,196,469,628,632,482,229,-69,-346,-535,-585,-507,-311,-39,237,449,546,510,356,115,-153,-371,-504,-525,-427,-232,11,252,438,533,519,404,213,0,-206,-364,-444,-447,-381,-259,0,0,0,0,0,77,32,-22,-89,-157,-205,-223,-200,-138,-44,71,185,269,291,262,180,50,-102,-242,-332,-353,-290,-159,9,187,331,399,369,260,87,-129,-324,-445,-464,-375,-189,49,280,453,526,480,316,54,-219,-440,-572,-569,-432,-188,113,395,582,631,535,305,-5,-306,-533,-634,-583,-382,-93,216,478,621,606,437,165,-149,-429,-596,-608,-477,-229,90,384,567,617,520,277,-34,-322,-533,-612,-538,-337,-43,260,488,602,556,373,105,-188,-424,-546,-535,-389,-148,129,368,504,507,380,159,-92,-310,-443,-456,-356,-162,77,286,414,426,320,138,-77,-278,-404,-406,-303,-122,95,290,0,408,301,118,-106,-305,-414,-419,-319,-130,94,294,416,430,334,150,-81,-283,-405,-431,-348,-169,52,263,401,429,349,186,-27,-234,-370,-412,-347,-189,11,201,328,368,306,162,-20,-184,-299,-341,-285,-146,31,195,298,318,248,116,-44,-195,-292,-306,-238,-106,54,197,289,301,221,86,-60,-187,-272,-276,-201,-72,79,197,254,248,178,67,-62,-179,-244,-235,-159,-53,61,167,226,208,124,33,-61,-145,-179,-156,-102,-17,68,117,138,118,47,-31,-92,-122,-108,-55,15,81,117,124,90,21,-63,-140,-177,-158,-88,7,114,202,233,206,120,-18,-157,-256,-298,-260,0,0
10510,mtk,MTK 7916,4080173343,rx2-tx0,512,0,0,0,187,415,540,522,361,92,-206,-456,-588,-563,-389,-107,210,475,616,593,409,112,-217,-497,-648,-623,-427,-114,227,511,670,645,439,114,-247,-546,-700,-663,-445,-105,271,581,729,678,443,79,-308,-616,-766,-709,-454,-65,341,665,810,728,447,43,-383,-720,-863,-768,-462,-28,427,776,924,823,486,19,-455,-821,-976,-871,-533,-44,465,856,1025,926,575,66,-459,-870,-1059,-975,-627,-109,434,867,1074,1005,674,165,-397,-848,-1071,-1020,-707,-207,352,804,1046,1016,730,254,-296,-763,-1016,-1002,-734,-273,253,708,974,982,731,292,-216,-662,-925,-947,-722,-302,193,629,888,909,697,0,-194,-608,-859,-885,-671,-274,190,605,858,878,656,267,-196,-614,-866,-883,-669,-276,197,618,876,894,680,294,-190,-624,-890,-934,-730,-325,164,613,904,962,766,364,-131,-600,-917,-987,-800,-408,93,574,907,1000,837,459,-39,-536,-895,-1018,-879,-518,-22,487,873,1030,924,587,97,-415,-824,-1028,-966,-659,-194,312,739,977,968,719,302,-191,-629,-895,-941,-759,-388,72,497,792,888,758,441,30,-365,-663,-796,-725,-471,-118,255,553,706,683,498,192,-148,-440,-619,-642,-508,-258,44,327,529,600,533,344,85,-182,-403,-530,-546,-448,-267,-43,172,342,435,444,376,261,126,0,0,0,0,0,71,213,346,441,465,399,247,32,-207,-419,-556,-581,-482,-272,11,306,542,657,624,440,140,-202,-513,-713,-744,-593,-291,98,484,768,868,754,451,26,-433,-803,-986,-935,-648,-184,341,802,1075,1099,853,383,-195,-739,-1119,-1240,-1053,-596,11,619,1094,1317,1215,810,208,-456,-1016,-1323,-1302,-965,-394,279,885,1272,1344,1083,554,-109,-739,-1180,-1327,-1142,-672,-36,595,1070,1272,1149,735,144,-478,-971,-1205,-1133,-774,-226,374,872,1135,1106,797,281,-301,-789,-1072,-1083,-810,-332,228,722,1024,1051,809,364,-168,-648,-956,-1014,-808,-398,107,584,900,976,805,421,-67,-536,-857,-951,-798,0,46,489,806,915,785,450,-2,-455,-774,-890,-775,-460,-30,404,727,849,748,454,47,-366,-684,-817,-734,-461,-67,332,634,765,693,445,82,-292,-576,-710,-653,-422,-88,260,527,648,591,376,66,-249,-484,-584,-530,-339,-60,228,439,522,463,277,26,-218,-391,-455,-389,-215,13,229,370,398,314,135,-70,-241,-341,-347,-247,-75,117,271,343,308,186,16,-157,-287,-332,-276,-136,43,206,306,320,241,93,-87,-243,-327,-312,-203,-33,142,283,346,305,174,-5,-189,-321,-366,-304,-150,53,239,363,391,306,136,-84,-282,-407,-423,-315,-116,117,328,448,444,323,106,-149,0,0,0,0,0,-509,-353,-92,196,435,563,544,374,96,-211,-462,-599,-577,-400,-113,213,487,632,608,421,115,-224,-508,-659,-633,-430,-114,239,537,688,651,444,115,-253,-558,-707,-665,-445,-101,283,595,746,691,439,66,-330,-647,-789,-715,-451,-57,367,693,836,752,454,30,-408,-745,-891,-796,-479,-22,446,795,939,839,507,31,-458,-835,-1000,-893,-545,-45,466,859,1040,948,602,97,-441,-866,-1071,-993,-654,-145,408,852,1066,1006,684,180,-373,-829,-1060,-1017,-715,-225,326,786,1035,1017,736,262,-280,-739,-996,-990,-725,-276,237,682,945,958,719,297,-203,-644,-902,-920,-698,-291,193,618,0,903,681,282,-188,-609,-864,-880,-662,-270,195,608,861,878,661,271,-197,-618,-871,-891,-675,-279,189,617,887,923,710,307,-172,-613,-897,-945,-745,-345,153,606,904,973,784,383,-116,-587,-912,-998,-820,-431,72,557,900,1011,864,491,-12,-512,-886,-1030,-900,-545,-53,456,853,1035,949,619,143,-367,-788,-1010,-971,-693,-243,257,685,939,960,745,347,-125,-563,-856,-927,-766,-421,13,432,733,841,740,461,75,-312,-612,-756,-709,-488,-159,201,500,664,660,497,224,-94,-388,-578,-626,-521,-299,-17,261,474,575,544,396,171,-79,-307,-462,-520,-475,-347,-175,11,170,277,322,0,0,0,0,0,-345,-319,-234,-83,109,302,458,533,509,377,158,-105,-363,-555,-625,-554,-356,-63,256,529,686,683,513,215,-152,-499,-737,-803,-670,-361,49,461,786,934,849,547,98,-394,-809,-1039,-1022,-748,-280,273,780,1110,1172,957,502,-97,-690,-1123,-1283,-1134,-708,-95,550,1065,1324,1266,896,306,-367,-959,-1308,-1330,-1030,-478,187,807,1223,1330,1105,606,-39,-666,-1122,-1293,-1147,-711,-99,532,1017,1235,1140,759,187,-423,-918,-1168,-1121,-789,-253,339,831,1106,1092,801,309,-257,-753,-1049,-1064,-806,-347,197,687,990,1035,807,377,-142,-621,-932,-1003,-812,-411,93,563,884,964,797,428,-49,-508,0,-936,-786,-433,29,473,791,900,779,454,10,-431,-753,-872,-766,-463,-38,389,706,833,744,462,64,-346,-654,-787,-712,-451,-78,307,600,735,672,431,81,-275,-550,-678,-623,-403,-80,254,510,618,559,361,77,-230,-459,-555,-499,-311,-47,217,414,490,424,243,7,-221,-383,-430,-345,-169,39,231,355,370,276,104,-92,-259,-348,-332,-222,-47,139,284,340,296,163,-12,-185,-302,-326,-255,-110,63,223,316,314,222,64,-120,-267,-336,-313,-190,-16,164,310,367,314,167,-28,-214,-344,-379,-312,-148,68,263,389,404,308,126,-105,-313,-433,-435,-318,-112,131,350,476,463,0,0
10511,mtk,MTK 7916,4080173343,rx2-tx1,512,0,0,0,118,48,-31,-92,-126,-132,-101,-52,-2,42,76,89,81,55,19,-16,-41,-56,-61,-54,-26,14,40,58,58,36,10,-19,-51,-71,-74,-51,-19,20,62,92,104,86,47,-6,-61,-119,-148,-134,-93,-26,62,141,187,192,151,64,-43,-142,-212,-244,-215,-127,-2,137,248,293,264,174,36,-116,-252,-331,-326,-234,-82,102,262,355,365,296,138,-71,-260,-384,-424,-359,-195,27,242,404,466,409,249,28,-216,-412,-497,-463,-313,-79,178,387,506,499,362,130,-138,-372,-508,-520,-402,-175,97,343,497,526,423,215,-62,-326,-494,-537,-447,-233,45,310,496,554,466,0,-32,-310,-514,-587,-506,-291,-2,299,527,622,562,352,46,-280,-540,-666,-625,-428,-122,224,523,686,679,508,197,-165,-484,-688,-725,-575,-278,94,442,680,747,622,345,-22,-386,-655,-762,-675,-409,-42,330,618,755,709,483,135,-254,-578,-751,-739,-542,-210,171,509,716,745,589,290,-84,-432,-665,-730,-611,-338,8,347,598,698,620,388,70,-262,-529,-661,-618,-424,-129,192,463,610,594,436,186,-116,-383,-545,-574,-464,-244,31,301,497,571,500,313,58,-209,-421,-529,-513,-380,-165,80,299,450,505,446,297,92,-128,-312,-424,-457,-401,-275,-111,53,190,275,304,283,0,0,0,0,0,103,153,190,199,170,101,2,-101,-191,-255,-279,-239,-145,-18,128,250,320,325,253,112,-62,-224,-342,-392,-346,-209,-21,182,359,454,439,317,111,-136,-362,-518,-551,-449,-235,52,346,566,658,596,394,79,-266,-561,-733,-732,-554,-225,161,516,764,836,710,416,17,-405,-741,-885,-819,-566,-171,280,673,900,908,702,322,-146,-581,-870,-952,-805,-461,4,463,805,959,882,580,133,-347,-735,-939,-912,-658,-239,235,654,909,928,724,341,-142,-583,-869,-945,-788,-427,46,503,834,959,849,525,73,-395,-762,-940,-876,-592,-165,302,698,916,905,667,260,-218,-629,-878,-902,0,-310,150,573,852,909,733,367,-92,-524,-821,-914,-774,-437,22,479,810,931,821,492,39,-422,-781,-954,-880,-572,-124,358,750,958,935,672,236,-266,-702,-954,-968,-750,-346,151,604,897,977,814,437,-46,-501,-831,-959,-845,-517,-69,389,738,901,842,564,158,-273,-634,-825,-807,-592,-227,176,520,732,756,582,268,-101,-432,-645,-698,-570,-303,32,351,572,645,552,319,17,-278,-501,-593,-531,-338,-74,202,422,525,495,350,128,-125,-340,-457,-457,-351,-166,52,249,375,406,334,184,0,-170,-292,-347,-313,-203,-51,100,222,287,281,209,93,-35,-146,-219,-231,-190,-114,0,0,0,0,0,116,153,149,113,49,-17,-68,-101,-115,-96,-58,-15,31,64,75,70,47,16,-14,-40,-55,-56,-40,-11,17,45,61,59,43,14,-19,-53,-80,-88,-69,-32,8,58,106,127,115,73,7,-69,-132,-167,-166,-124,-50,45,141,203,216,180,97,-23,-138,-226,-267,-241,-146,-15,133,250,301,284,200,62,-107,-255,-346,-353,-266,-106,88,262,372,397,327,162,-50,-256,-404,-448,-383,-225,-4,226,405,483,434,277,47,-201,-399,-500,-479,-338,-108,154,381,514,515,384,156,-116,-361,-508,-522,-399,-178,77,323,494,529,432,220,-55,-312,-491,-543,-446,-233,39,311,0,574,490,272,-17,-305,-520,-604,-531,-319,-17,292,534,645,595,395,81,-263,-539,-677,-647,-458,-159,193,509,699,707,539,241,-119,-455,-682,-735,-606,-315,54,404,655,747,638,364,2,-363,-640,-760,-685,-435,-85,289,596,763,731,513,168,-220,-549,-735,-746,-568,-243,138,474,688,736,606,320,-47,-392,-629,-712,-610,-362,-28,303,555,674,622,411,101,-229,-495,-627,-603,-438,-169,149,424,582,592,457,210,-81,-347,-525,-571,-479,-276,-9,252,447,536,503,355,117,-146,-364,-489,-508,-421,-236,0,227,398,481,461,357,186,-14,-196,-329,-398,-391,-318,-205,-81,38,0,0,0,0,0,-111,-78,-19,59,143,210,242,227,171,74,-43,-164,-261,-305,-281,-198,-61,95,233,330,360,299,160,-19,-204,-353,-428,-394,-262,-59,169,364,484,494,376,164,-99,-365,-548,-602,-524,-307,-7,311,569,697,664,475,159,-218,-552,-759,-790,-633,-327,78,478,762,874,783,495,83,-350,-706,-901,-878,-642,-243,219,627,888,940,756,387,-74,-522,-843,-961,-851,-522,-63,409,777,950,895,618,192,-282,-693,-929,-928,-694,-289,188,621,896,949,764,380,-89,-538,-854,-952,-819,-477,-11,447,795,953,862,555,121,-350,-730,-929,-895,-630,-209,256,657,893,901,677,287,-173,0,-861,-901,-709,-338,118,549,840,914,759,411,-50,-501,-817,-927,-805,-469,-6,459,801,945,851,544,96,-382,-771,-960,-910,-638,-194,304,727,962,950,710,297,-205,-653,-933,-982,-781,-383,105,561,878,977,824,469,15,-439,-790,-936,-847,-550,-122,325,674,852,826,591,200,-220,-575,-780,-777,-580,-255,131,478,697,727,574,280,-69,-389,-606,-666,-561,-317,4,315,538,624,550,335,48,-235,-454,-564,-518,-341,-94,163,377,492,476,347,142,-90,-292,-416,-431,-343,-172,26,205,335,378,330,205,33,-135,-260,-314,-293,-208,-78,70,190,252,255,203,104,-11,-113,-187,0,0
10512,mtk,MTK 7916,4080215802,rx0-tx0,512,-172,-124,-283,338,590,792,931,981,930,809,607,359,73,-240,-508,-743,-902,-990,-1000,-895,-710,-452,-144,180,488,750,949,1058,1066,968,775,498,162,-185,-526,-814,-1009,-1117,-1112,-987,-754,-454,-111,254,578,848,1025,1091,1052,904,669,365,36,-288,-583,-819,-952,-997,-931,-779,-563,-283,12,291,532,717,826,853,786,645,452,229,-10,-245,-449,-593,-672,-683,-633,-535,-382,-204,-10,164,331,454,520,534,515,433,328,176,30,-123,-256,-351,-412,-427,-400,-336,-243,-134,-8,105,198,263,284,292,266,208,152,71,8,-58,-101,-127,-142,-130,-128,-107,-86,-70,-47,-28,0,17,36,40,-588,53,62,63,63,57,49,38,36,24,12,1,1,-13,-31,-42,-52,-71,-88,-99,-121,-122,-109,-75,-50,3,70,130,200,242,275,286,260,207,124,3,-123,-255,-379,-468,-514,-491,-424,-295,-120,89,308,507,656,752,759,679,511,266,-29,-323,-601,-832,-967,-996,-909,-697,-395,-49,318,657,929,1101,1137,1037,816,496,116,-294,-652,-950,-1124,-1174,-1084,-868,-561,-185,201,558,856,1041,1106,1042,855,573,241,-113,-445,-724,-899,-979,-939,-798,-562,-278,29,336,589,763,837,818,706,513,258,-21,-294,-521,-676,-737,-693,-562,-348,-93,165,389,537,579,515,363,163,-43,352,215,765,-77,-60,221,318,351,315,215,58,-121,-289,-415,-475,-465,-381,-243,-62,134,313,447,521,533,468,341,173,-21,-215,-380,-493,-548,-537,-454,-315,-141,50,240,386,484,518,491,402,263,106,-56,-204,-327,-398,-411,-376,-296,-194,-73,44,143,213,235,237,208,159,95,42,-4,-32,-41,-33,-12,-2,16,16,3,-28,-73,-109,-142,-168,-171,-163,-139,-72,0,78,163,245,296,331,329,281,201,113,-4,-143,-261,-374,-446,-473,-456,-395,-279,-135,34,216,379,516,594,614,590,498,338,143,-79,-305,-511,-667,-767,-791,-730,-593,-379,-119,171,448,687,865,952,946,831,637,358,-291,-314,-617,-892,-1065,-1115,-1054,-878,-619,-267,113,485,807,1054,1187,1206,1082,853,537,138,-253,-626,-933,-1152,-1238,-1202,-1048,-794,-462,-83,295,643,917,1109,1201,1173,1033,798,488,138,-236,-586,-888,-1106,-1225,-1233,-1122,-903,-597,-228,170,542,882,1135,1274,1305,1210,999,685,294,-124,-528,-897,-1183,-1366,-1410,-1315,-1088,-763,-357,84,536,945,1250,1437,1476,1377,1128,768,329,-149,-612,-1019,-1311,-1480,-1493,-1359,-1085,-701,-247,220,673,1040,1293,1428,1415,1255,975,598,173,-263,-665,-996,-1216,-1312,-1280,-1114,-841,-510,-126,251,599,888,1071,1155,1125,987,771,476,151,-188,-490,-741,-922,-1003,-1010,-55,-71,126,-502,-446,920,773,569,307,7,-287,-551,-768,-910,-987,-960,-845,-658,-403,-117,194,496,739,930,1025,1028,924,743,483,167,-171,-497,-775,-990,-1094,-1098,-995,-776,-489,-148,212,557,834,1024,1121,1096,950,718,406,69,-277,-586,-841,-996,-1051,-1000,-857,-617,-327,-13,304,565,776,901,926,856,716,509,262,-4,-268,-486,-652,-743,-767,-711,-589,-417,-215,1,204,379,511,590,608,572,493,352,189,30,-138,-279,-390,-470,-487,-473,-396,-292,-164,-24,110,227,309,358,371,339,282,192,94,11,-84,-143,-192,-217,-216,-198,-154,-110,-51,-9,25,56,62,77,78,79,76,70,65,46,321,43,21,5,-7,-15,-31,-36,-50,-54,-57,-52,-54,-61,-59,-53,-55,-51,-26,-8,16,56,97,135,159,196,195,185,139,75,1,-91,-179,-264,-346,-390,-393,-354,-263,-131,34,203,367,516,613,649,607,483,302,75,-189,-440,-663,-819,-885,-843,-716,-481,-177,156,491,781,984,1075,1048,888,623,273,-125,-500,-824,-1047,-1160,-1130,-966,-694,-337,45,433,766,1011,1133,1114,984,732,396,24,-338,-659,-896,-1027,-1039,-932,-715,-424,-92,240,537,760,880,915,838,662,414,123,-163,-427,-636,-762,-796,-725,-562,-332,-65,202,436,604,673,636,502,292,48,-185,-355,-440,-419,-332,-439,-436,35,57,195,101,-54,-207,-339,-418,-419,-348,-213,-40,147,316,441,506,499,417,280,104,-84,-274,-422,-520,-550,-507,-402,-247,-66,132,310,445,524,544,493,372,220,35,-143,-310,-424,-475,-470,-413,-307,-164,-11,126,231,299,329,314,264,180,92,13,-61,-115,-138,-129,-112,-81,-53,-20,-11,-12,-18,-45,-66,-91,-98,-85,-63,-13,48,105,172,227,252,254,234,171,96,2,-109,-220,-299,-360,-400,-388,-339,-252,-121,31,179,321,436,513,548,523,443,311,135,-52,-245,-436,-584,-672,-700,-654,-541,-365,-137,122,370,597,766,861,874,789,623,376,79,-237,-536,-781,-970,374,-989,-865,-639,-311,45,407,720,979,1141,1169,1078,880,581,219,-180,-565,-876,-1119,-1237,-1210,-1077,-830,-496,-100,294,654,941,1137,1222,1184,1029,773,458,89,-277,-619,-900,-1102,-1199,-1196,-1074,-848,-536,-180,197,559,872,1110,1252,1263,1169,957,642,262,-139,-537,-889,-1162,-1331,-1355,-1264,-1050,-729,-337,102,535,917,1209,1395,1444,1360,1121,773,346,-113,-563,-975,-1280,-1465,-1491,-1376,-1114,-743,-296,181,639,1031,1320,1457,1460,1312,1029,653,217,-248,-674,-1023,-1261,-1371,-1346,-1188,-910,-544,-143,271,652,947,1151,1242,1200,1052,799,482,136,-229,-552,-817,-1000,-1084,-1068,-942,-748,-481,-183,117,-67,-37
10513,mtk,MTK 7916,4080215802,rx0-tx1,512,379,-377,-279,641,392,105,-201,-497,-747,-943,-1037,-1033,-932,-723,-448,-119,230,561,849,1053,1146,1132,1006,780,469,106,-268,-629,-923,-1135,-1239,-1215,-1069,-818,-486,-98,301,671,980,1196,1291,1262,1101,837,490,90,-318,-698,-1003,-1221,-1316,-1276,-1125,-852,-504,-103,300,676,992,1200,1296,1272,1121,858,525,138,-262,-626,-937,-1155,-1263,-1246,-1110,-874,-550,-179,204,570,877,1099,1208,1201,1083,867,569,224,-149,-495,-789,-1008,-1129,-1141,-1051,-860,-589,-267,80,415,699,916,1042,1074,1012,844,610,316,-1,-306,-591,-818,-962,-1015,-984,-854,-652,-387,-93,214,499,736,908,992,989,889,711,456,155,-166,-430,-712,-903,-1011,-1021,-935,-760,-499,-186,144,464,745,944,1060,1068,962,757,485,154,-199,-518,-796,-990,-1090,-1077,-941,-712,-418,-79,270,585,838,995,1060,1014,856,617,318,-11,-334,-619,-836,-956,-980,-902,-732,-492,-212,88,363,600,772,853,853,765,599,380,137,-113,-347,-538,-669,-727,-718,-637,-494,-304,-97,115,304,456,566,614,599,520,403,242,71,-103,-262,-388,-471,-498,-491,-424,-317,-189,-51,89,213,309,369,395,383,326,251,152,38,-75,-178,-257,-305,-326,-309,-264,-198,-108,-14,83,167,233,271,276,256,194,113,24,-75,-158,-212,-237,-220,-166,-91,-7,68,-419,-450,481,-109,230,-150,-253,-324,-334,-279,-166,-19,140,287,390,439,430,364,242,91,-74,-243,-369,-455,-499,-485,-413,-295,-138,40,214,370,494,567,579,530,428,269,77,-126,-330,-509,-636,-700,-694,-609,-457,-251,-2,256,489,675,803,840,787,640,425,153,-151,-442,-683,-854,-935,-919,-805,-593,-313,5,324,606,821,952,982,893,714,457,148,-169,-464,-712,-877,-949,-919,-786,-578,-317,-25,260,515,713,823,851,791,657,458,218,-36,-276,-488,-650,-735,-745,-682,-556,-381,-175,39,251,415,546,627,638,589,487,341,176,-2,-179,-332,-451,-525,-551,-523,-456,-345,-205,-55,98,241,360,230,490,493,458,381,266,125,-26,-170,-298,-402,-469,-492,-470,-406,-302,-172,-35,115,252,363,445,474,465,406,323,200,66,-71,-202,-305,-377,-414,-421,-385,-314,-223,-117,-4,106,201,280,332,351,354,326,270,201,118,25,-67,-152,-229,-291,-330,-350,-344,-311,-257,-180,-83,24,137,242,332,405,437,436,394,324,212,76,-71,-219,-349,-451,-519,-532,-510,-432,-311,-159,16,185,347,479,565,605,589,510,392,231,42,-148,-324,-481,-595,-655,-648,-593,-478,-322,-124,80,281,464,603,692,721,685,581,424,221,-9,-240,-458,-631,-756,-808,-788,-693,-520,-300,-48,216,466,-689,-641,11,276,376,-706,-881,-973,-976,-872,-685,-422,-105,215,532,805,993,1097,1086,971,757,455,109,-253,-598,-890,-1096,-1192,-1177,-1042,-798,-483,-106,286,653,958,1175,1272,1241,1090,832,489,95,-313,-691,-999,-1214,-1307,-1272,-1111,-846,-502,-94,311,691,1006,1215,1312,1275,1122,857,511,128,-277,-657,-969,-1180,-1289,-1263,-1122,-874,-541,-162,234,599,912,1135,1242,1234,1106,874,560,197,-179,-534,-836,-1051,-1170,-1179,-1065,-862,-579,-240,111,449,744,961,1086,1112,1028,851,598,290,-34,-364,-649,-866,-1004,-1043,-990,-853,-628,-351,-49,260,545,773,929,998,982,867,677,421,128,-179,-468,-718,-902,-999,-994,-1099,-730,-479,-184,139,446,722,925,1032,1041,955,767,501,187,-163,-491,-763,-966,-1081,-1077,-960,-753,-467,-136,222,556,822,999,1082,1045,903,666,367,32,-308,-611,-841,-981,-1022,-954,-796,-551,-257,57,359,620,804,906,912,829,668,438,172,-96,-353,-568,-718,-788,-783,-696,-548,-344,-124,106,320,498,615,668,652,576,448,282,86,-111,-283,-423,-518,-552,-536,-468,-360,-215,-60,94,243,347,416,438,425,363,274,165,44,-82,-189,-270,-327,-351,-341,-296,-224,-133,-32,73,161,237,282,298,280,234,164,78,-15,-111,-194,-243,-268,-254,-199,-122,-32,63,138,182,190,163,-134,3,-407,-693,-667,-229,-164,-44,99,238,342,393,387,312,188,35,-126,-276,-394,-457,-470,-420,-311,-178,-18,151,304,426,511,537,502,414,278,104,-86,-269,-434,-560,-626,-635,-577,-447,-260,-47,185,410,596,725,777,741,626,444,202,-71,-343,-587,-768,-879,-889,-799,-618,-369,-71,234,525,760,912,968,914,762,525,236,-88,-398,-663,-862,-962,-955,-849,-653,-387,-87,221,503,717,858,905,857,726,516,261,-12,-278,-512,-683,-779,-792,-734,-607,-413,-186,44,264,452,600,672,685,621,508,362,175,-28,-216,-379,-499,-567,-587,-554,-463,-341,-189,-24,136,281,403,480,520,514,456,358,-198,91,-56,-196,-328,-427,-489,-500,-463,-389,-282,-147,-1,145,278,387,454,485,473,414,317,191,48,-94,-227,-336,-418,-448,-447,-400,-319,-212,-91,35,161,259,332,377,390,369,321,251,154,56,-42,-141,-220,-276,-320,-339,-332,-305,-255,-184,-103,-10,84,178,259,328,372,390,377,330,256,155,29,-99,-225,-338,-430,-482,-497,-462,-379,-262,-112,49,203,354,467,547,573,549,474,345,188,17,-166,-337,-477,-581,-628,-617,-556,-442,-280,-89,110,299,469,598,673,682,638,529,368,172,-42,-259,-457,-613,-722,-761,-730,-632,-471,-263,-17,225,464,655,792,856,840,739,50,-280
10514,mtk,MTK 7916,4080215802,rx1-tx0,512,-13,-453,-1055,360,456,508,501,432,321,170,2,-166,-317,-428,-490,-500,-451,-350,-206,-43,116,272,399,483,510,480,395,270,113,-61,-225,-374,-482,-542,-544,-486,-366,-215,-32,154,330,480,575,609,587,501,360,170,-45,-263,-459,-603,-692,-703,-646,-513,-334,-108,135,372,571,716,797,784,697,520,295,29,-247,-502,-706,-842,-890,-852,-714,-494,-222,80,372,628,827,932,938,848,667,414,121,-190,-461,-695,-867,-940,-914,-794,-596,-340,-60,231,483,689,827,876,845,735,558,337,79,-188,-426,-627,-771,-843,-846,-766,-611,-404,-159,102,358,597,781,893,928,875,744,522,248,-59,231,-665,-890,-1037,-1085,-1033,-865,-599,-260,112,481,816,1063,1221,1240,1127,896,585,183,-251,-652,-997,-1244,-1375,-1348,-1181,-878,-485,-35,425,838,1174,1385,1460,1378,1140,791,357,-120,-584,-997,-1302,-1476,-1498,-1358,-1087,-700,-235,256,715,1119,1405,1543,1526,1354,1030,606,116,-414,-893,-1290,-1550,-1642,-1565,-1319,-924,-423,137,677,1149,1491,1671,1668,1471,1109,619,59,-503,-994,-1372,-1586,-1621,-1463,-1143,-696,-182,342,805,1175,1388,1441,1330,1069,694,255,-199,-608,-938,-1158,-1231,-1162,-963,-669,-298,100,473,771,975,1053,999,827,547,198,-165,-496,-745,-891,-892,-748,-494,-169,158,431,594,618,515,1322,901,101,-507,-450,-211,-413,-560,-596,-512,-315,-38,254,513,703,789,761,617,380,78,-230,-513,-746,-878,-900,-823,-633,-364,-42,297,602,842,992,1032,945,751,470,113,-266,-619,-908,-1106,-1187,-1136,-944,-639,-259,155,575,924,1182,1315,1314,1144,857,469,12,-455,-880,-1202,-1397,-1456,-1344,-1082,-704,-240,259,729,1121,1397,1518,1483,1290,938,491,-22,-521,-967,-1316,-1520,-1557,-1428,-1140,-723,-244,270,746,1123,1410,1517,1464,1270,929,499,27,-441,-860,-1180,-1362,-1426,-1333,-1108,-769,-358,81,507,873,1142,1302,1314,1211,978,651,268,-144,-523,-860,-1104,-1241,-1249,-1135,-919,-603,-236,155,521,839,1078,1212,1223,-49,912,613,253,-145,-520,-860,-1105,-1250,-1285,-1176,-956,-641,-253,176,582,943,1217,1366,1376,1250,988,609,171,-296,-737,-1113,-1370,-1484,-1434,-1227,-894,-452,25,500,926,1246,1437,1471,1348,1082,708,255,-214,-654,-1016,-1272,-1384,-1352,-1171,-885,-506,-83,335,708,1008,1193,1253,1182,989,704,357,-17,-379,-698,-936,-1079,-1106,-1023,-845,-585,-270,61,383,658,861,982,990,893,714,476,190,-120,-410,-657,-821,-899,-891,-790,-596,-356,-72,217,468,660,792,828,774,641,439,201,-64,-307,-515,-661,-725,-716,-619,-462,-264,-41,183,386,538,620,632,578,456,282,90,-104,-291,-433,-522,-559,-532,-29,-266,221,1379,992,383,239,74,-103,-259,-387,-473,-501,-473,-393,-263,-108,60,219,355,455,498,490,422,304,156,-11,-174,-328,-440,-513,-522,-478,-382,-241,-73,106,282,423,525,576,562,491,363,188,-6,-203,-386,-533,-629,-660,-623,-511,-344,-135,95,318,512,657,743,747,675,523,322,71,-187,-435,-642,-780,-846,-821,-705,-513,-259,21,309,571,768,893,919,854,699,466,173,-132,-426,-678,-855,-948,-930,-817,-633,-377,-80,219,493,708,850,909,879,755,573,327,58,-215,-467,-662,-795,-860,-835,-739,-580,-367,-123,136,390,606,761,853,868,815,678,469,216,-64,-347,-611,-829,-956,-1001,-568,-800,-566,-270,66,405,728,977,1132,1168,1087,886,594,235,-171,-567,-902,-1162,-1312,-1304,-1160,-899,-547,-125,322,744,1095,1325,1424,1365,1167,841,425,-43,-515,-930,-1242,-1429,-1471,-1367,-1119,-745,-292,200,661,1058,1346,1501,1497,1350,1065,654,177,-317,-792,-1188,-1454,-1589,-1552,-1346,-1002,-535,-13,517,1004,1384,1625,1681,1548,1245,797,266,-303,-841,-1279,-1571,-1684,-1600,-1332,-919,-406,146,671,1114,1415,1546,1493,1271,916,461,-23,-494,-893,-1176,-1315,-1306,-1144,-866,-491,-72,339,694,960,1111,1126,1001,767,450,79,-288,-607,-847,-966,-956,-814,-564,-238,122,443,680,790,752,581,318,24,-223,563,1136,-164,32,-217,-430,-326,-121,139,398,602,704,682,545,317,26,-279,-550,-747,-840,-818,-701,-485,-191,116,424,694,879,967,933,786,547,239,-116,-464,-762,-988,-1104,-1091,-952,-708,-373,13,413,778,1062,1226,1264,1154,910,564,146,-306,-727,-1064,-1304,-1401,-1346,-1126,-780,-355,117,600,1016,1318,1479,1476,1317,1018,601,110,-388,-856,-1227,-1471,-1557,-1472,-1230,-846,-367,149,637,1064,1371,1526,1527,1342,1038,617,118,-357,-809,-1172,-1403,-1477,-1397,-1173,-826,-413,35,480,864,1162,1332,1373,1267,1030,695,297,-125,-516,-872,-1123,-1268,-1278,-1166,-944,-628,-252,152,520,847,1088,1223,1233,1121,912,609,246,-147,425,-842,-1077,-1228,-1247,-1150,-937,-622,-259,152,549,891,1154,1312,1330,1210,976,635,221,-219,-645,-1023,-1286,-1425,-1411,-1252,-954,-550,-84,395,833,1189,1418,1486,1405,1163,806,364,-120,-590,-987,-1279,-1423,-1418,-1271,-995,-614,-169,286,696,1021,1243,1323,1265,1084,791,422,20,-373,-716,-972,-1130,-1171,-1094,-911,-638,-311,40,374,670,890,1014,1032,951,777,534,232,-93,-397,-649,-835,-939,-942,-851,-667,-418,-135,153,433,650,802,870,839,712,523,281,6,-261,-490,-657,-754,-768,-694,-552,-347,-115,128,354,524,640,682,650,541,371,168,-42,-242,-415,-532,-585,-581,-507,-373,-206,-22,161,533,457
10515,mtk,MTK 7916,4080215802,rx1-tx1,512,0,0,0,-277,-331,-311,-223,-89,74,226,331,372,333,207,38,-140,-294,-378,-379,-303,-156,26,209,346,406,383,270,88,-114,-293,-414,-437,-361,-205,-4,206,377,468,461,348,149,-84,-307,-462,-512,-447,-287,-58,193,403,528,542,441,237,-21,-280,-483,-588,-563,-407,-163,110,366,551,620,553,364,100,-181,-430,-597,-632,-525,-305,-28,256,490,619,612,477,243,-40,-311,-513,-611,-585,-432,-190,86,338,523,597,542,379,146,-109,-336,-489,-541,-483,-335,-126,99,296,428,468,413,282,110,-73,-228,-329,-356,-310,-208,-78,51,156,218,230,198,138,57,-22,-85,-116,-110,-82,0,-8,18,26,13,-8,-23,-37,-46,-27,13,53,87,106,121,101,33,-37,-89,-133,-163,-160,-118,-50,21,81,131,158,152,120,60,-7,-56,-86,-105,-102,-73,-41,-12,14,18,16,6,-12,-27,-16,24,59,91,132,153,132,69,-30,-133,-220,-286,-305,-266,-156,-1,172,322,425,464,410,264,54,-171,-362,-492,-554,-510,-370,-144,120,357,529,608,568,420,198,-66,-327,-520,-601,-568,-434,-216,41,283,467,556,536,409,204,-34,-259,-433,-516,-492,-369,-175,49,261,418,491,475,371,184,-37,-241,-402,-494,-497,-415,-272,-92,102,273,396,456,450,384,282,156,0,0,0,0,0,-75,-126,-162,-178,-175,-150,-98,-20,73,164,236,275,273,224,129,8,-117,-235,-317,-347,-305,-207,-58,105,241,342,390,367,264,103,-89,-273,-407,-470,-440,-319,-131,96,308,455,537,516,379,162,-94,-346,-522,-597,-564,-416,-173,96,345,543,635,590,428,185,-105,-376,-563,-634,-579,-402,-142,141,397,576,631,548,355,90,-197,-450,-608,-638,-526,-305,-25,257,496,629,625,496,261,-36,-314,-518,-618,-592,-444,-211,65,323,513,592,544,379,132,-131,-364,-510,-543,-470,-295,-46,203,392,491,484,373,177,-52,-271,-428,-485,-427,-280,-64,162,343,456,464,363,191,0,-258,-420,-487,-450,-320,-111,127,337,474,511,433,263,40,-193,-392,-513,-510,-394,-206,34,264,438,519,483,347,137,-103,-308,-441,-484,-420,-262,-48,171,347,442,434,335,168,-35,-223,-357,-412,-373,-254,-72,126,294,380,380,299,149,-30,-202,-328,-379,-345,-221,-63,102,251,337,346,278,149,-15,-175,-290,-333,-310,-216,-67,85,209,288,305,252,139,-4,-144,-243,-273,-258,-196,-84,47,156,220,235,196,107,4,-95,-157,-179,-163,-110,-35,46,113,140,117,70,9,-53,-107,-126,-104,-53,18,87,137,159,135,66,-26,-110,-177,-216,-197,-125,-20,93,196,265,0,0,0,0,0,170,25,-130,-265,-351,-355,-284,-148,22,188,323,387,361,262,110,-79,-254,-371,-403,-345,-214,-34,162,325,415,414,317,147,-63,-264,-406,-460,-408,-266,-66,159,358,478,489,395,212,-24,-255,-436,-533,-513,-373,-153,104,351,521,568,500,323,76,-188,-427,-579,-591,-477,-276,-2,283,499,607,594,442,198,-87,-353,-546,-625,-571,-393,-139,146,406,576,617,530,337,73,-200,-435,-584,-610,-503,-293,-33,229,432,549,559,449,250,15,-222,-405,-497,-494,-390,-211,-3,189,338,418,407,314,170,9,-137,-244,-300,-284,-219,-120,-11,84,147,171,152,103,55,5,-42,0,-48,-34,-13,12,26,16,-10,-45,-70,-83,-77,-49,-7,47,99,142,150,131,83,19,-52,-120,-161,-176,-155,-97,-30,39,96,131,146,129,87,32,-19,-53,-65,-59,-43,-20,-4,-3,-10,-31,-55,-75,-78,-51,1,64,131,199,234,219,153,49,-86,-217,-316,-377,-365,-272,-117,73,259,410,499,495,397,211,-15,-249,-454,-569,-572,-471,-278,-31,224,446,583,610,520,331,76,-184,-416,-560,-589,-508,-328,-85,163,368,503,540,468,299,80,-155,-356,-479,-507,-438,-279,-66,153,342,466,502,446,309,116,-88,-280,-428,-494,-487,-417,-285,-120,45,184,279,327,0,0,0,0,0,105,82,43,-14,-80,-148,-209,-241,-233,-191,-117,-17,93,192,269,310,294,223,104,-33,-170,-289,-360,-365,-293,-157,10,176,320,421,434,353,197,5,-197,-376,-481,-495,-424,-257,-26,210,415,543,564,479,287,37,-223,-449,-589,-616,-517,-315,-50,232,470,610,633,526,304,26,-256,-488,-619,-627,-498,-264,23,313,527,623,600,450,204,-87,-364,-564,-642,-588,-412,-153,142,408,586,641,560,363,90,-195,-434,-577,-602,-507,-307,-38,241,451,556,551,427,209,-44,-274,-442,-525,-487,-337,-114,135,337,457,486,416,241,10,-208,-383,-476,-457,-328,-132,87,295,444,0,417,258,38,-187,-374,-486,-479,-365,-186,38,265,433,511,474,323,104,-126,-337,-481,-513,-440,-276,-53,180,372,487,494,395,207,-20,-235,-398,-474,-434,-304,-113,95,278,409,439,357,210,27,-168,-320,-392,-374,-274,-111,79,240,349,382,322,191,10,-165,-293,-362,-340,-245,-102,69,220,315,348,301,180,19,-139,-262,-326,-316,-232,-109,32,166,263,297,263,170,42,-91,-200,-258,-249,-186,-91,14,120,195,213,188,123,21,-70,-141,-168,-149,-98,-25,52,109,133,114,66,2,-69,-115,-130,-114,-60,18,93,155,172,146,83,-13,-114,-189,-233,-231,-167,-66,0,0
10516,mtk,MTK 7916,4080215802,rx2-tx0,512,0,0,0,419,519,505,374,159,-102,-350,-517,-567,-497,-314,-50,230,465,599,597,457,216,-75,-361,-567,-650,-590,-389,-99,216,485,644,656,518,262,-57,-373,-605,-697,-632,-424,-113,230,525,703,719,571,287,-70,-420,-678,-778,-699,-464,-115,265,592,791,816,647,324,-76,-461,-758,-892,-819,-555,-161,276,657,897,943,778,432,-18,-466,-820,-1000,-954,-695,-280,206,649,953,1054,923,582,113,-383,-801,-1045,-1060,-843,-442,53,537,906,1074,1009,726,282,-222,-668,-970,-1056,-917,-582,-116,373,771,996,1005,796,410,-60,-514,-845,-986,-914,-640,-224,230,628,887,942,785,455,28,-401,0,-909,-875,-645,-266,167,556,824,909,787,487,76,-350,-695,-893,-893,-687,-323,108,519,828,943,850,567,152,-292,-675,-920,-959,-786,-444,0,454,812,991,946,703,310,-159,-598,-913,-1029,-914,-604,-160,317,728,981,1028,855,489,18,-454,-831,-1036,-1023,-787,-379,112,575,917,1071,1002,720,284,-211,-652,-964,-1066,-941,-629,-196,273,679,943,1008,869,550,124,-311,-672,-890,-909,-743,-440,-51,334,637,807,806,640,354,-1,-347,-602,-726,-701,-540,-272,41,335,555,658,618,462,225,-54,-316,-506,-593,-569,-439,-235,0,230,411,518,536,465,330,159,-20,-177,-287,-343,-347,0,0,0,0,0,-59,75,218,355,457,502,472,363,183,-42,-275,-474,-592,-606,-514,-319,-56,227,480,651,694,604,388,77,-260,-553,-748,-805,-699,-438,-73,322,674,902,942,789,471,49,-408,-803,-1042,-1072,-890,-523,-30,491,921,1176,1194,975,552,-2,-567,-1025,-1287,-1295,-1034,-559,29,617,1089,1342,1319,1023,521,-87,-676,-1132,-1350,-1291,-966,-439,169,733,1143,1313,1208,856,324,-282,-812,-1158,-1257,-1092,-702,-166,399,873,1151,1177,963,539,3,-519,-922,-1129,-1090,-818,-373,144,627,966,1093,985,663,205,-291,-723,-993,-1041,-864,-510,-43,428,796,986,962,729,342,-115,-541,-847,-963,-867,-584,0,270,649,886,922,755,429,13,-404,-729,-894,-861,-637,-280,135,521,781,865,764,499,124,-269,-594,-784,-804,-649,-352,18,376,645,768,721,508,188,-161,-464,-665,-718,-603,-357,-41,277,523,647,624,457,195,-95,-356,-531,-579,-495,-305,-52,206,410,509,486,350,141,-91,-297,-426,-445,-360,-197,10,209,353,405,351,217,36,-152,-299,-369,-352,-247,-80,100,253,343,350,273,127,-46,-208,-317,-344,-290,-165,4,173,295,344,310,197,30,-141,-277,-351,-337,-239,-80,99,254,352,370,298,150,-39,-222,-354,-406,-364,-233,-38,168,333,427,423,322,142,-75,-283,-432,0,0,0,0,0,-304,-83,165,383,526,550,448,240,-31,-301,-499,-594,-555,-391,-135,157,417,583,623,522,299,3,-293,-530,-650,-624,-456,-177,143,434,630,682,582,344,21,-308,-570,-706,-684,-505,-203,153,474,691,752,639,378,27,-339,-635,-790,-765,-558,-217,175,534,778,850,726,433,37,-378,-717,-899,-879,-659,-286,155,578,877,977,869,564,124,-348,-747,-990,-1015,-813,-435,45,519,883,1064,1008,720,278,-224,-677,-988,-1079,-932,-588,-115,383,794,1033,1053,836,435,-53,-526,-882,-1044,-977,-700,-273,212,648,936,1012,868,537,92,-367,-744,-949,-939,-720,-353,93,520,818,924,836,0,152,-280,-650,-874,-899,-717,-375,45,457,768,905,842,590,202,-239,-625,-876,-932,-777,-454,-25,425,774,944,913,684,302,-150,-576,-876,-981,-878,-585,-155,311,718,965,1002,825,465,2,-463,-830,-1020,-994,-748,-335,152,606,929,1053,950,643,197,-290,-718,-998,-1064,-903,-546,-74,407,808,1041,1056,849,467,-5,-473,-842,-1027,-996,-765,-383,68,495,818,969,914,671,298,-124,-510,-781,-885,-805,-560,-214,156,484,711,784,692,459,142,-192,-471,-648,-691,-594,-378,-93,201,446,588,615,530,340,87,-169,-388,-531,-570,-514,-374,-174,41,237,384,463,469,409,299,172,49,0,0,0,0,0,-345,-384,-365,-281,-143,34,230,405,521,562,512,365,145,-113,-359,-555,-650,-620,-470,-221,86,389,623,742,716,540,245,-111,-460,-736,-872,-827,-611,-267,149,561,870,1009,948,695,283,-209,-673,-1018,-1161,-1067,-762,-294,251,766,1131,1270,1155,803,281,-311,-841,-1210,-1343,-1199,-806,-248,365,908,1264,1359,1181,761,181,-431,-948,-1269,-1322,-1106,-665,-84,515,998,1257,1257,999,533,-45,-606,-1028,-1230,-1166,-854,-367,192,695,1044,1174,1044,694,200,-334,-790,-1066,-1111,-918,-531,-33,463,860,1063,1032,782,365,-125,-578,-900,-1023,-926,-631,-198,273,674,929,985,818,470,30,-412,-760,0,-916,-685,-312,124,532,817,923,822,542,154,-265,-630,-846,-873,-710,-396,2,394,693,831,793,581,241,-150,-495,-726,-793,-686,-433,-91,265,559,724,727,566,282,-56,-372,-602,-688,-620,-416,-124,183,436,588,609,491,265,-18,-285,-474,-546,-493,-332,-101,146,348,464,464,355,168,-53,-256,-385,-419,-355,-209,-14,181,328,387,351,233,65,-118,-276,-365,-356,-260,-103,74,228,333,349,275,141,-29,-193,-304,-339,-297,-183,-20,151,284,349,323,216,57,-117,-263,-349,-355,-270,-117,65,235,352,385,328,189,-2,-198,-350,-422,-397,-276,-82,130,318,435,458,370,197,0,0
10517,mtk,MTK 7916,4080215802,rx2-tx1,512,0,0,0,5,-70,-121,-136,-130,-100,-51,3,49,76,83,80,58,24,-5,-34,-57,-64,-52,-29,-2,19,42,57,59,42,20,-12,-42,-68,-77,-75,-62,-31,7,46,89,115,115,99,60,-1,-59,-111,-155,-165,-140,-90,-23,60,145,199,214,193,129,35,-80,-184,-247,-270,-242,-156,-34,104,227,305,324,280,172,22,-139,-274,-359,-373,-305,-168,11,185,329,415,416,322,158,-40,-241,-400,-470,-448,-335,-140,89,295,448,513,468,322,109,-131,-348,-496,-538,-461,-293,-64,184,398,528,543,443,250,5,-247,-448,-548,-534,-399,-172,86,324,500,566,508,341,94,-169,0,-569,-596,-496,-285,-5,283,510,631,624,474,224,-77,-381,-609,-700,-651,-465,-178,153,457,668,737,661,445,127,-217,-523,-723,-766,-654,-410,-74,285,590,761,776,633,358,-2,-363,-637,-789,-776,-594,-291,71,422,685,799,758,555,230,-138,-485,-735,-835,-752,-513,-184,187,525,740,802,709,461,122,-239,-541,-724,-765,-649,-392,-68,266,544,693,696,571,329,11,-305,-544,-659,-646,-509,-264,39,317,522,629,604,446,208,-65,-323,-509,-592,-560,-415,-197,58,299,474,556,535,416,219,-16,-239,-409,-503,-510,-430,-288,-105,94,265,379,435,424,354,245,121,7,-86,0,0,0,0,0,40,101,155,193,210,202,156,75,-23,-124,-213,-271,-285,-251,-167,-52,85,216,309,345,315,227,90,-77,-238,-358,-412,-385,-270,-98,98,288,435,501,472,340,127,-122,-361,-540,-617,-569,-404,-157,140,426,635,726,669,479,195,-145,-471,-714,-825,-778,-572,-242,138,499,771,898,842,611,255,-147,-528,-819,-945,-870,-618,-245,175,563,844,958,871,606,218,-213,-603,-863,-951,-843,-569,-175,260,639,891,948,812,508,92,-339,-692,-901,-927,-767,-439,-16,410,745,928,917,720,368,-64,-480,-790,-938,-898,-668,-291,137,537,824,939,858,594,204,-213,-589,-845,-919,-800,0,-96,313,659,869,889,716,385,-23,-425,-742,-900,-865,-646,-285,147,549,830,939,850,571,168,-265,-655,-914,-973,-824,-502,-78,364,735,957,979,797,450,4,-447,-799,-982,-968,-756,-384,68,494,817,975,928,681,296,-139,-534,-822,-938,-858,-603,-230,184,549,800,877,759,485,131,-248,-565,-748,-778,-649,-377,-28,309,567,700,691,538,268,-53,-347,-561,-655,-605,-434,-179,108,368,536,591,525,352,112,-143,-366,-500,-526,-445,-277,-60,159,343,443,447,366,213,20,-162,-302,-382,-381,-300,-163,0,153,260,318,314,236,118,-12,-129,-216,-258,-248,-188,-94,7,99,0,0,0,0,0,163,139,90,30,-30,-79,-105,-107,-92,-61,-18,23,54,70,70,57,32,1,-29,-53,-55,-43,-28,-8,17,39,55,62,59,36,5,-28,-55,-81,-98,-92,-63,-19,33,81,122,146,137,97,38,-32,-102,-153,-187,-184,-141,-74,19,120,201,242,235,183,88,-32,-154,-254,-304,-291,-217,-96,49,188,302,349,325,240,92,-79,-243,-356,-403,-368,-245,-73,118,293,413,451,394,245,45,-173,-357,-470,-490,-402,-227,-3,229,408,506,504,393,200,-34,-270,-454,-544,-515,-373,-161,85,322,491,550,491,330,96,-162,-391,-532,-556,-458,-261,-5,255,462,568,550,0,198,-87,-351,-539,-617,-557,-374,-110,180,445,628,672,565,344,46,-276,-546,-705,-718,-581,-320,14,348,607,744,731,564,276,-75,-416,-667,-781,-734,-530,-218,147,481,716,799,720,486,151,-218,-552,-760,-805,-692,-440,-84,293,603,786,805,656,380,25,-345,-646,-798,-789,-618,-328,31,390,660,789,759,565,264,-85,-408,-645,-749,-689,-491,-203,128,427,630,702,628,420,137,-164,-435,-611,-660,-571,-367,-98,187,429,577,604,512,322,71,-192,-407,-540,-568,-488,-311,-77,161,362,499,538,475,334,140,-76,-269,-410,-478,-470,-393,-259,-95,64,197,289,329,322,275,0,0,0,0,0,-142,-132,-102,-47,30,113,185,234,254,234,172,75,-45,-159,-251,-308,-311,-249,-136,1,149,285,365,371,305,174,-2,-188,-338,-436,-453,-371,-211,-7,219,417,532,551,459,265,7,-264,-497,-651,-672,-554,-324,-26,293,571,745,773,641,386,45,-322,-631,-817,-858,-722,-433,-53,340,673,875,905,751,444,38,-375,-708,-911,-931,-762,-436,-20,401,739,930,936,751,409,-16,-435,-770,-949,-925,-709,-350,85,494,800,947,884,643,278,-160,-563,-841,-944,-862,-600,-200,241,623,878,950,825,532,125,-310,-672,-891,-928,-773,-456,-35,383,714,901,895,691,349,-64,-464,0,-923,-860,-621,-253,172,566,832,916,805,528,134,-295,-655,-873,-909,-752,-428,-11,413,755,940,920,707,344,-96,-516,-836,-979,-911,-653,-262,186,606,900,1002,896,606,189,-264,-664,-928,-998,-858,-543,-121,324,704,924,954,797,467,46,-372,-708,-896,-887,-700,-375,18,401,691,828,789,586,263,-97,-429,-666,-754,-676,-460,-160,167,455,639,677,573,354,70,-226,-469,-599,-603,-486,-268,-1,259,461,557,536,406,194,-42,-258,-422,-496,-463,-332,-142,67,253,382,427,384,266,105,-69,-225,-328,-355,-310,-209,-71,68,192,271,289,245,161,50,-66,-164,-218,-227,-191,0,0
10518,mtk,MTK 7916,4080269247,rx0-tx0,512,-172,-366,-501,848,667,443,184,-92,-368,-606,-795,-932,-991,-976,-874,-700,-473,-199,91,382,647,859,1009,1077,1041,919,715,450,147,-185,-504,-785,-991,-1119,-1146,-1067,-892,-632,-307,37,376,683,929,1092,1159,1117,965,737,437,108,-226,-532,-792,-967,-1055,-1052,-949,-773,-516,-237,58,354,595,785,900,932,879,751,568,340,86,-161,-382,-566,-683,-750,-747,-682,-557,-397,-207,-17,170,344,475,572,602,579,517,417,282,118,-37,-178,-308,-400,-454,-473,-437,-370,-276,-159,-39,79,184,265,309,320,302,265,195,132,53,-12,-65,-116,-139,-153,-154,-139,-125,-99,-64,-51,-35,-4,19,35,-588,60,65,65,66,58,58,39,25,20,9,5,6,-2,-2,6,7,8,4,-11,-35,-67,-96,-123,-137,-148,-142,-112,-72,-18,56,130,208,284,331,349,337,276,184,58,-83,-234,-382,-508,-577,-605,-562,-459,-310,-92,145,383,599,763,850,851,764,589,340,41,-282,-575,-823,-991,-1051,-1008,-851,-595,-282,77,425,730,968,1093,1127,1032,828,534,185,-163,-518,-807,-1000,-1101,-1079,-950,-724,-421,-90,246,546,781,938,993,952,807,584,310,11,-279,-535,-728,-834,-863,-795,-643,-431,-177,98,346,553,693,750,716,596,403,164,-93,-327,-507,-598,-589,-483,-303,-92,103,177,5,765,-20,13,284,342,331,255,120,-54,-229,-373,-466,-491,-450,-345,-188,-3,185,361,484,551,551,487,370,207,15,-179,-357,-496,-571,-593,-540,-418,-260,-80,124,294,438,529,555,519,435,301,145,-18,-186,-324,-399,-436,-424,-364,-270,-154,-24,86,173,235,256,248,208,155,97,29,-9,-37,-56,-48,-32,-8,14,33,45,26,-9,-41,-79,-111,-151,-182,-185,-171,-132,-67,2,82,176,247,322,359,356,332,259,166,47,-78,-223,-348,-438,-510,-523,-494,-415,-293,-143,42,226,396,547,636,678,677,600,458,267,35,-202,-434,-630,-777,-865,-870,-785,-616,-392,-124,174,460,713,-291,1023,1044,962,791,545,237,-102,-440,-745,-986,-1135,-1190,-1114,-928,-678,-343,23,376,714,982,1155,1224,1181,1030,784,481,130,-232,-562,-844,-1064,-1189,-1195,-1117,-943,-690,-382,-44,302,631,894,1107,1220,1231,1148,949,686,356,-5,-375,-721,-1011,-1211,-1315,-1308,-1182,-958,-661,-299,99,491,852,1137,1329,1402,1367,1202,937,587,187,-242,-658,-1021,-1294,-1448,-1479,-1372,-1148,-822,-421,22,464,863,1170,1389,1485,1431,1259,966,597,185,-250,-656,-1002,-1248,-1376,-1395,-1288,-1059,-738,-361,31,420,764,1026,1194,1254,1213,1064,828,527,187,-144,-464,-734,-934,-1060,-1091,-1033,-893,-683,-425,-137,155,430,-68,-67,126,-420,-283,-501,-713,-865,-953,-973,-908,-767,-573,-331,-57,224,495,720,897,1001,1029,965,816,592,334,29,-282,-573,-824,-1000,-1095,-1104,-1005,-812,-549,-241,106,442,741,972,1118,1166,1103,944,690,383,46,-310,-625,-879,-1046,-1114,-1087,-966,-757,-480,-181,142,441,701,890,978,996,912,756,552,290,12,-257,-489,-671,-795,-841,-810,-719,-562,-366,-156,70,280,452,581,656,674,642,549,421,259,78,-98,-257,-390,-494,-543,-528,-487,-407,-294,-163,-13,136,245,336,382,397,374,322,241,143,45,-36,-123,-182,-215,-229,-214,-197,-162,-112,-68,-22,16,47,78,87,83,96,96,85,78,321,56,31,14,-7,-17,-30,-49,-43,-47,-44,-32,-37,-33,-21,-20,-26,-37,-57,-65,-77,-71,-56,-27,7,47,102,150,191,224,235,221,189,129,35,-64,-181,-293,-384,-442,-462,-439,-373,-241,-79,109,308,478,625,722,732,678,536,328,70,-208,-479,-719,-884,-967,-950,-821,-612,-322,11,351,667,909,1063,1107,1029,851,573,237,-125,-483,-777,-1000,-1102,-1108,-1005,-779,-485,-138,218,538,798,976,1049,1021,877,651,367,55,-258,-545,-760,-893,-927,-871,-730,-516,-255,26,304,531,700,797,797,708,546,323,67,-192,-420,-592,-683,-681,-581,-403,-174,67,280,422,470,425,-472,-535,-436,86,87,122,-9,-162,-304,-403,-440,-398,-293,-133,51,234,384,490,527,503,411,261,82,-115,-291,-439,-537,-575,-548,-461,-314,-135,58,260,417,515,571,560,483,362,193,13,-160,-315,-432,-494,-503,-460,-353,-224,-84,61,187,281,345,359,327,267,178,87,-1,-73,-119,-159,-156,-126,-96,-54,-16,6,12,8,-6,-34,-72,-92,-102,-98,-85,-57,3,66,131,191,243,263,277,243,192,120,11,-89,-198,-304,-379,-429,-435,-410,-323,-220,-87,67,220,369,486,572,604,578,502,370,186,0,-207,-417,-587,-715,-783,-775,-692,-536,-331,-86,183,452,681,845,943,951,872,708,374,185,-133,-450,-728,-950,-1082,-1113,-1042,-868,-608,-287,69,434,743,994,1165,1208,1150,990,724,399,33,-330,-666,-931,-1119,-1214,-1188,-1062,-850,-575,-231,112,445,752,986,1139,1201,1175,1040,819,537,188,-155,-510,-816,-1060,-1222,-1276,-1230,-1076,-829,-508,-142,252,625,937,1177,1333,1367,1286,1089,797,442,40,-373,-761,-1078,-1308,-1428,-1432,-1296,-1059,-716,-311,133,566,941,1238,1433,1496,1424,1213,909,528,85,-358,-766,-1103,-1336,-1447,-1431,-1281,-1025,-669,-274,137,539,883,1145,1290,1332,1252,1062,779,442,75,-286,-619,-884,-1075,-1162,-1152,-1051,-855,-609,-310,8,313,585,803,949,1019,1003,911,2,40
10519,mtk,MTK 7916,4080269247,rx0-tx1,512,379,-234,-86,-810,-927,-959,-913,-783,-582,-322,-30,276,567,812,988,1079,1087,988,810,553,237,-101,-439,-747,-991,-1143,-1200,-1154,-1010,-776,-463,-111,263,615,911,1130,1252,1268,1173,969,688,337,-42,-419,-769,-1045,-1227,-1310,-1278,-1132,-889,-574,-205,177,536,869,1114,1266,1306,1241,1070,801,475,105,-275,-626,-924,-1142,-1261,-1285,-1189,-992,-712,-378,-17,348,671,943,1140,1223,1202,1094,897,612,287,-63,-402,-701,-942,-1103,-1167,-1127,-999,-799,-527,-215,115,420,695,905,1036,1085,1045,916,707,449,160,-141,-427,-675,-858,-970,-1018,-969,-843,-659,-418,-144,142,419,656,842,962,998,965,843,644,407,-430,-176,-465,-711,-900,-1011,-1036,-974,-830,-603,-327,-22,297,581,821,989,1069,1058,946,745,482,172,-153,-457,-729,-945,-1060,-1080,-1006,-833,-587,-292,30,347,626,854,993,1038,993,852,637,373,77,-227,-495,-719,-866,-925,-911,-809,-639,-420,-170,95,335,540,699,778,792,738,620,456,255,33,-180,-369,-515,-618,-674,-653,-580,-465,-310,-131,49,224,367,473,528,537,508,424,314,172,24,-103,-227,-325,-395,-425,-410,-373,-299,-199,-101,15,121,214,285,324,335,316,274,210,122,27,-63,-147,-217,-264,-283,-271,-237,-179,-100,-12,78,154,211,238,233,190,125,43,-35,-95,-455,-419,481,-459,-154,-213,-292,-321,-284,-196,-63,84,229,344,418,439,399,314,188,37,-118,-261,-378,-460,-495,-480,-419,-315,-172,-7,160,310,444,540,589,574,506,387,231,45,-165,-350,-521,-649,-708,-710,-656,-526,-335,-112,140,383,590,755,846,856,778,623,402,131,-149,-430,-668,-843,-952,-961,-868,-697,-453,-169,133,432,683,869,966,970,879,708,473,197,-106,-380,-619,-798,-896,-914,-844,-694,-486,-240,20,281,498,665,772,803,767,667,509,312,90,-123,-329,-496,-616,-686,-687,-637,-530,-382,-208,-19,162,322,450,540,584,578,531,439,316,168,18,-137,-279,-395,-479,-526,-521,-485,230,-312,-178,-36,104,241,352,435,494,508,474,409,311,185,44,-94,-229,-344,-435,-484,-489,-456,-392,-288,-164,-33,104,223,328,400,438,440,408,350,259,156,46,-67,-168,-255,-319,-355,-367,-355,-312,-261,-189,-110,-26,58,141,209,267,307,334,337,322,287,231,159,66,-27,-129,-224,-310,-370,-420,-438,-415,-364,-280,-164,-38,99,232,354,450,513,541,513,447,344,207,49,-117,-268,-409,-519,-582,-602,-577,-505,-383,-229,-64,118,283,434,555,631,656,628,553,434,271,83,-111,-302,-470,-607,-695,-737,-709,-620,-489,-311,-104,122,344,538,696,793,830,796,698,530,-568,-699,11,441,488,-462,-210,66,345,607,818,963,1029,1012,899,699,432,130,-197,-513,-784,-1001,-1126,-1150,-1083,-914,-657,-342,7,360,685,958,1145,1238,1223,1097,869,569,219,-150,-524,-846,-1092,-1252,-1293,-1237,-1060,-785,-452,-82,303,662,960,1182,1303,1300,1199,992,693,344,-38,-409,-753,-1028,-1213,-1301,-1270,-1134,-906,-600,-251,122,490,805,1053,1205,1262,1207,1052,820,503,148,-202,-531,-828,-1051,-1176,-1201,-1126,-957,-718,-418,-82,254,557,819,1008,1113,1117,1027,862,619,338,32,-276,-559,-790,-949,-1032,-1035,-950,-791,-563,-307,-14,285,543,756,910,991,992,912,755,542,278,-7,-292,-567,-774,-923,-1099,-1004,-910,-742,-511,-232,72,371,644,863,997,1062,1027,892,681,407,104,-216,-528,-785,-974,-1077,-1075,-983,-806,-548,-228,93,412,692,899,1030,1068,1004,853,625,336,28,-282,-562,-784,-927,-991,-955,-840,-649,-397,-123,154,417,629,781,861,857,777,634,436,201,-33,-263,-461,-610,-704,-731,-694,-598,-454,-287,-86,117,292,442,548,600,599,549,449,317,156,-2,-161,-295,-400,-472,-483,-459,-402,-307,-193,-66,56,165,271,333,368,376,344,288,206,109,10,-82,-163,-235,-285,-303,-291,-255,-202,-124,-37,54,138,206,249,263,246,202,132,49,-42,-118,-172,-192,-179,-138,55,201,-407,-541,-703,-160,-68,68,201,309,377,388,341,239,104,-54,-202,-328,-422,-465,-458,-395,-296,-161,-12,146,291,413,498,534,515,453,342,194,19,-159,-328,-477,-585,-650,-641,-578,-461,-281,-70,147,364,564,703,781,792,712,574,367,118,-149,-411,-638,-817,-905,-911,-832,-659,-437,-158,147,433,676,861,954,968,880,706,463,176,-122,-407,-651,-833,-936,-945,-862,-708,-480,-216,66,336,569,739,842,870,810,677,496,272,30,-208,-421,-591,-703,-748,-728,-648,-515,-345,-153,55,245,414,535,611,632,605,527,410,264,96,-68,-228,-367,-471,-530,-549,-530,-466,-363,-239,-94,55,194,-198,421,485,508,496,446,355,247,115,-35,-174,-296,-399,-469,-501,-488,-441,-355,-245,-108,34,169,294,395,453,478,462,408,323,211,90,-36,-150,-253,-334,-383,-406,-394,-354,-294,-209,-116,-17,84,171,238,290,325,339,333,303,256,202,132,53,-37,-118,-198,-267,-329,-365,-379,-366,-328,-263,-177,-76,46,163,275,373,445,478,483,446,369,258,128,-25,-183,-317,-438,-525,-574,-570,-517,-430,-294,-138,27,197,354,487,575,623,625,571,477,336,159,-27,-212,-378,-522,-631,-686,-688,-633,-526,-375,-198,3,216,407,574,701,771,780,718,601,428,214,-23,-262,-484,-679,401,80
10520,mtk,MTK 7916,4080269247,rx1-tx0,512,-13,301,-401,312,156,-13,-178,-321,-427,-495,-514,-480,-394,-267,-107,52,208,343,445,506,511,465,376,248,95,-66,-226,-358,-465,-526,-534,-493,-399,-268,-107,66,233,387,506,580,597,560,466,329,155,-41,-239,-416,-561,-660,-698,-668,-565,-412,-224,-2,228,443,623,742,804,782,689,528,307,63,-200,-440,-655,-814,-882,-881,-801,-635,-412,-146,144,423,673,843,934,947,871,709,489,208,-83,-371,-622,-818,-931,-954,-900,-765,-557,-303,-21,246,491,690,822,893,882,798,643,444,208,-39,-280,-504,-680,-805,-867,-857,-780,-634,-447,-214,43,292,526,722,869,947,950,865,698,477,231,-105,-416,-696,-919,-1072,-1134,-1087,-943,-710,-397,-48,327,670,963,1177,1284,1268,1142,898,561,177,-235,-630,-971,-1243,-1389,-1405,-1285,-1035,-700,-295,150,580,960,1260,1441,1489,1396,1175,841,437,-15,-472,-881,-1218,-1432,-1518,-1480,-1297,-1001,-610,-155,314,763,1142,1424,1575,1574,1431,1155,761,292,-208,-705,-1134,-1459,-1647,-1672,-1525,-1233,-821,-312,227,737,1180,1483,1647,1640,1458,1130,691,199,-321,-793,-1165,-1417,-1496,-1435,-1235,-906,-511,-68,368,753,1050,1216,1271,1192,985,691,330,-48,-407,-715,-939,-1062,-1064,-948,-730,-445,-107,234,539,769,897,904,783,561,257,-67,-354,-561,-649,-601,-453,1410,1345,101,-435,-521,-354,-508,-577,-531,-377,-136,141,413,632,763,803,720,535,276,-11,-310,-577,-775,-889,-909,-833,-653,-398,-96,230,532,774,959,1054,1033,901,669,366,17,-346,-691,-970,-1151,-1229,-1175,-1009,-734,-381,22,438,812,1109,1300,1375,1315,1119,803,404,-39,-497,-903,-1227,-1424,-1497,-1433,-1215,-867,-440,34,505,926,1272,1504,1574,1492,1257,915,482,-9,-490,-935,-1274,-1502,-1579,-1501,-1279,-940,-507,-38,428,855,1195,1405,1487,1433,1252,947,573,151,-289,-690,-1017,-1251,-1357,-1355,-1236,-997,-681,-311,97,485,820,1077,1246,1297,1225,1053,791,473,107,-257,-602,-890,-1107,-1223,-1226,-1139,-948,-674,-338,-49,366,694,974,1167,1258,1234,1108,891,584,225,-159,-542,-877,-1136,-1303,-1358,-1286,-1101,-809,-428,-7,416,811,1138,1360,1469,1428,1242,946,557,110,-341,-761,-1114,-1360,-1480,-1443,-1283,-993,-619,-198,254,672,1018,1263,1382,1367,1231,989,656,272,-136,-512,-842,-1090,-1218,-1236,-1146,-961,-694,-363,-14,319,624,857,1017,1085,1045,933,733,472,176,-129,-421,-671,-851,-953,-969,-902,-754,-540,-282,5,281,526,723,848,888,856,736,547,314,51,-205,-440,-631,-752,-804,-778,-676,-509,-306,-68,169,381,553,658,705,682,589,443,251,42,-161,-347,-491,-586,-615,-585,-498,-367,-205,-13,167,318,280,28,221,1400,1381,-429,-507,-527,-492,-409,-286,-138,26,188,329,437,496,503,465,377,254,101,-61,-218,-355,-459,-510,-516,-465,-376,-252,-98,68,234,377,485,545,556,517,426,288,121,-56,-233,-397,-529,-617,-649,-609,-515,-373,-190,20,239,439,589,698,745,720,629,468,264,28,-216,-444,-644,-780,-849,-836,-743,-589,-361,-97,166,433,660,824,919,926,851,689,448,175,-118,-403,-649,-838,-949,-966,-895,-746,-526,-254,32,310,566,762,891,935,888,780,591,372,116,-148,-394,-601,-753,-841,-864,-821,-712,-541,-329,-84,157,394,595,753,865,896,858,752,580,356,87,-195,-476,-709,-888,-568,-1036,-976,-825,-599,-311,22,363,672,940,1118,1207,1185,1041,803,485,110,-279,-654,-983,-1218,-1336,-1340,-1212,-979,-640,-227,194,617,975,1248,1417,1450,1339,1112,773,362,-87,-531,-926,-1234,-1428,-1500,-1425,-1232,-914,-511,-67,392,822,1170,1421,1544,1524,1368,1080,693,227,-260,-726,-1136,-1441,-1613,-1636,-1497,-1209,-808,-321,204,720,1152,1483,1664,1668,1515,1199,765,272,-262,-767,-1182,-1468,-1593,-1566,-1362,-1038,-599,-116,353,778,1111,1319,1396,1320,1113,792,412,15,-386,-728,-993,-1143,-1168,-1071,-865,-577,-234,123,456,732,919,1000,954,795,545,235,-106,-415,-658,-796,-796,-669,-446,-163,113,320,-209,487,-164,304,54,-329,-167,70,321,540,678,704,616,422,168,-123,-412,-648,-798,-855,-816,-675,-450,-167,136,434,691,878,970,964,844,649,386,49,-298,-618,-879,-1058,-1143,-1108,-958,-700,-368,11,393,751,1039,1233,1312,1252,1065,762,385,-37,-460,-855,-1171,-1373,-1452,-1377,-1163,-833,-409,36,504,926,1257,1475,1547,1454,1231,896,465,-21,-507,-939,-1278,-1507,-1584,-1503,-1281,-930,-498,-3,475,903,1243,1466,1542,1477,1277,944,534,87,-368,-784,-1115,-1329,-1430,-1400,-1242,-976,-618,-217,192,587,921,1156,1300,1325,1225,1018,734,395,10,-368,-711,-984,-1169,-1256,-1224,-1092,-865,-571,-221,142,491,802,1041,1195,425,1187,1026,784,469,115,-260,-610,-919,-1146,-1269,-1292,-1203,-997,-702,-341,67,468,835,1139,1344,1415,1364,1183,893,513,78,-379,-790,-1129,-1370,-1482,-1448,-1283,-991,-605,-154,300,720,1075,1319,1447,1427,1266,995,642,231,-196,-595,-932,-1179,-1309,-1312,-1194,-983,-671,-308,65,424,732,977,1125,1160,1100,945,704,421,94,-220,-509,-759,-927,-1013,-1008,-919,-746,-507,-233,58,339,589,780,902,936,875,746,554,303,36,-232,-485,-675,-805,-852,-819,-714,-539,-315,-69,181,410,589,708,759,725,628,469,277,63,-162,-361,-519,-621,-654,-630,-540,-401,-225,-28,160,332,457,546,574,539,457,476,543
10521,mtk,MTK 7916,4080269247,rx1-tx1,512,0,0,0,221,101,-50,-187,-291,-337,-299,-190,-36,135,276,357,351,254,101,-77,-242,-353,-375,-310,-169,23,213,345,400,361,229,38,-166,-339,-434,-417,-296,-102,114,319,465,490,391,207,-29,-273,-452,-520,-474,-316,-68,201,427,550,551,423,184,-96,-361,-549,-606,-518,-315,-37,265,508,628,608,445,178,-134,-423,-605,-648,-550,-330,-26,281,520,644,628,460,182,-127,-405,-595,-654,-568,-352,-60,237,478,616,615,469,228,-56,-324,-517,-590,-533,-368,-131,128,347,474,499,425,265,58,-154,-318,-404,-394,-302,-157,7,148,247,283,255,183,83,-25,-117,-159,-158,-131,-78,0,30,50,51,35,13,-17,-33,-13,17,43,73,94,90,64,13,-53,-114,-151,-164,-141,-82,0,79,142,183,189,144,73,-1,-80,-142,-165,-161,-124,-68,-17,35,80,101,96,79,58,35,27,23,17,1,-18,-44,-73,-113,-141,-142,-117,-60,26,121,214,270,274,228,128,-17,-172,-304,-384,-390,-310,-169,12,211,381,475,464,364,196,-22,-252,-419,-503,-493,-376,-183,46,260,426,506,467,333,136,-85,-290,-429,-474,-412,-260,-61,146,320,432,445,350,184,-12,-207,-366,-439,-416,-313,-148,50,240,385,454,436,348,201,17,-156,-296,-387,-412,-375,-299,-187,0,0,0,0,0,-30,-85,-129,-169,-193,-186,-142,-69,24,122,204,258,271,237,152,25,-111,-225,-304,-339,-305,-192,-39,127,273,367,396,343,199,6,-186,-346,-446,-449,-360,-184,43,262,439,527,502,366,145,-112,-354,-528,-595,-534,-350,-88,196,448,600,622,523,296,-5,-298,-526,-638,-614,-460,-193,119,404,598,654,563,343,43,-263,-519,-652,-635,-470,-204,116,410,614,681,596,366,48,-267,-515,-658,-651,-493,-234,78,378,592,651,569,376,87,-225,-472,-599,-592,-457,-208,88,356,537,588,505,306,31,-248,-458,-554,-524,-367,-119,155,385,523,539,422,198,-68,-319,-499,-556,0,-296,-47,234,457,558,536,391,146,-134,-387,-550,-581,-478,-261,21,290,500,592,550,381,118,-173,-423,-562,-578,-467,-236,41,300,494,566,508,330,68,-191,-403,-522,-504,-374,-166,82,305,458,496,404,224,-5,-236,-400,-463,-417,-269,-51,173,347,439,415,299,117,-98,-289,-403,-423,-335,-168,36,228,362,402,345,211,31,-160,-305,-368,-347,-245,-88,82,231,325,342,277,149,-17,-172,-269,-301,-267,-160,-29,98,200,246,223,155,53,-52,-135,-173,-159,-111,-44,49,121,141,121,67,-12,-79,-119,-123,-94,-29,53,118,152,147,101,18,-79,-162,-215,-210,-146,0,0,0,0,0,192,284,313,260,145,-7,-165,-290,-346,-325,-227,-69,107,260,357,367,283,131,-51,-229,-361,-395,-332,-196,-13,186,341,415,388,265,69,-147,-331,-445,-450,-342,-150,74,295,454,497,419,244,5,-245,-440,-539,-513,-364,-129,149,396,548,581,485,260,-35,-309,-522,-624,-575,-389,-105,204,465,624,636,505,259,-45,-344,-566,-657,-594,-399,-115,201,470,629,645,521,271,-37,-332,-558,-648,-589,-412,-146,152,410,578,610,514,311,43,-228,-442,-544,-524,-402,-207,30,250,403,456,414,294,119,-66,-228,-332,-353,-298,-190,-56,79,175,223,216,165,86,10,-54,-101,0,-76,-45,-8,19,27,13,-8,-42,-65,-52,-24,11,56,101,127,127,95,45,-30,-107,-162,-180,-162,-107,-36,38,116,173,189,160,106,43,-26,-89,-137,-145,-117,-85,-48,-1,33,46,55,54,55,58,66,72,80,71,36,-11,-71,-135,-192,-220,-201,-136,-36,89,206,296,338,314,225,80,-101,-273,-399,-446,-407,-278,-95,107,308,456,509,453,300,83,-148,-353,-489,-522,-444,-267,-42,180,364,472,473,373,196,-18,-224,-381,-453,-425,-307,-123,82,272,400,444,388,247,57,-145,-317,-428,-450,-386,-249,-61,132,303,413,454,420,323,184,31,-110,-218,-287,0,0,0,0,0,114,119,94,39,-26,-97,-173,-230,-242,-219,-160,-64,51,161,256,307,299,234,118,-32,-175,-295,-365,-352,-256,-110,61,233,365,425,393,278,95,-122,-312,-442,-494,-437,-276,-53,195,411,548,564,454,245,-15,-277,-501,-621,-594,-438,-197,97,378,578,653,577,370,86,-214,-473,-628,-651,-517,-269,31,332,555,651,595,406,120,-189,-467,-642,-666,-543,-294,27,331,560,670,624,436,148,-172,-458,-625,-655,-551,-317,-3,308,536,637,592,413,150,-141,-402,-566,-596,-485,-260,22,291,481,569,523,343,85,-190,-416,-542,-530,-390,-166,100,350,510,553,462,246,-31,0,-477,-557,-508,-340,-84,194,428,565,568,437,200,-82,-341,-523,-590,-515,-314,-51,233,461,582,568,426,178,-106,-359,-529,-576,-490,-295,-26,243,447,546,513,352,124,-131,-362,-496,-505,-400,-190,60,277,428,483,420,252,23,-203,-373,-456,-432,-290,-84,132,321,426,417,311,141,-65,-253,-372,-410,-348,-187,12,194,338,399,356,237,69,-115,-274,-360,-352,-267,-120,54,203,302,326,270,156,7,-127,-225,-265,-236,-162,-53,76,174,215,195,133,43,-51,-121,-154,-143,-100,-23,59,113,134,108,43,-30,-94,-135,-140,-93,-13,71,145,191,183,118,21,-82,-175,0,0
10522,mtk,MTK 7916,4080269247,rx2-tx0,512,0,0,0,-386,-199,45,293,473,541,476,286,29,-240,-459,-568,-543,-384,-123,174,429,576,591,462,215,-89,-373,-571,-632,-537,-308,-1,311,555,665,604,393,87,-245,-521,-677,-666,-482,-179,176,491,687,714,563,271,-96,-446,-691,-768,-652,-371,5,390,688,820,745,490,111,-307,-665,-867,-853,-625,-249,196,606,879,939,775,421,-37,-497,-843,-988,-901,-596,-134,360,775,1010,1004,760,335,-176,-649,-965,-1060,-907,-533,-35,474,869,1058,1003,709,245,-267,-717,-997,-1042,-842,-442,55,531,881,1020,916,601,145,-344,-747,-958,-938,-704,-305,173,604,878,938,772,424,-19,-454,-776,0,-824,-532,-114,328,686,876,856,629,246,-197,-597,-854,-906,-734,-384,64,496,808,937,841,527,87,-366,-743,-953,-938,-692,-281,197,635,929,1003,837,475,1,-476,-849,-1025,-956,-670,-222,289,734,1007,1039,829,431,-75,-570,-930,-1076,-976,-644,-165,353,788,1044,1066,839,417,-97,-595,-955,-1096,-997,-669,-191,320,756,1017,1056,863,473,-13,-484,-834,-993,-935,-674,-262,196,593,848,911,776,472,69,-328,-640,-803,-780,-583,-269,90,423,654,731,647,423,114,-207,-470,-624,-640,-523,-300,-18,258,471,579,565,448,246,3,-233,-414,-521,-525,-437,-289,-115,56,197,291,328,0,0,0,0,0,-191,-74,72,234,385,491,521,454,301,85,-162,-394,-565,-626,-561,-383,-120,185,459,648,702,602,372,51,-303,-599,-773,-788,-636,-325,78,477,778,925,868,612,208,-259,-689,-982,-1066,-912,-550,-53,477,913,1158,1156,891,429,-136,-695,-1116,-1291,-1181,-818,-263,357,906,1264,1345,1123,652,37,-584,-1076,-1329,-1286,-955,-421,207,796,1199,1331,1159,729,137,-475,-975,-1248,-1233,-939,-428,171,712,1083,1211,1061,665,119,-447,-902,-1146,-1123,-833,-348,204,695,1023,1115,945,552,36,-477,-872,-1059,-1001,-711,-252,259,701,969,1007,812,428,-54,-516,-852,-987,-883,-572,-134,334,722,934,0,695,307,-149,-568,-847,-922,-778,-451,-21,409,739,887,826,572,185,-241,-604,-825,-846,-661,-326,80,465,733,816,709,436,65,-317,-623,-769,-729,-518,-187,181,501,692,712,560,278,-60,-379,-604,-676,-582,-343,-34,270,501,609,564,383,113,-175,-407,-535,-526,-381,-147,113,332,464,479,368,164,-66,-275,-416,-442,-346,-171,44,249,385,417,341,177,-29,-218,-353,-396,-336,-188,4,198,333,378,328,195,8,-179,-311,-359,-319,-191,-9,167,299,352,308,188,19,-166,-312,-370,-331,-208,-31,159,314,386,357,234,51,-150,-319,-412,-397,-281,-89,128,320,434,440,335,0,0,0,0,0,-305,-466,-511,-431,-247,11,269,467,558,506,329,74,-208,-446,-581,-571,-424,-167,130,401,584,620,502,264,-40,-338,-557,-643,-570,-350,-41,280,539,662,625,432,123,-214,-504,-680,-686,-522,-221,141,477,697,743,609,325,-51,-425,-694,-796,-705,-438,-53,355,676,833,796,560,173,-260,-641,-872,-894,-694,-330,122,562,869,968,840,507,44,-435,-817,-1011,-962,-675,-230,274,713,995,1047,844,435,-78,-566,-924,-1068,-960,-630,-146,373,794,1027,1023,776,348,-164,-631,-945,-1035,-880,-522,-45,439,818,994,935,657,220,-264,-673,-919,-943,-747,-374,85,519,825,921,789,479,0,-386,-726,-894,-844,-579,-172,272,647,869,880,677,310,-135,-557,-847,-928,-791,-460,-15,436,783,944,882,607,185,-284,-692,-939,-967,-769,-382,104,566,896,1016,900,572,105,-389,-800,-1020,-1000,-751,-324,187,654,970,1059,903,542,47,-463,-871,-1072,-1021,-746,-297,225,700,1015,1096,927,550,47,-463,-874,-1082,-1034,-766,-333,172,624,939,1045,910,575,127,-339,-721,-933,-937,-737,-375,63,465,746,864,790,542,181,-207,-536,-735,-764,-627,-356,-21,308,560,680,644,473,208,-91,-366,-553,-617,-555,-380,-128,140,368,514,564,507,359,150,-66,-255,-388,-451,-439,-365,-252,-116,0,0,0,0,0,-302,-387,-422,-387,-282,-116,90,299,470,570,566,447,242,-17,-288,-515,-644,-644,-500,-244,70,384,630,747,706,502,179,-193,-543,-790,-863,-748,-463,-60,377,744,964,970,756,370,-115,-598,-967,-1128,-1042,-721,-228,323,821,1153,1238,1048,627,59,-537,-1023,-1288,-1277,-985,-465,166,755,1183,1356,1226,821,234,-405,-949,-1284,-1329,-1079,-586,33,639,1094,1302,1208,838,289,-317,-844,-1174,-1236,-1010,-551,26,585,1010,1193,1097,753,239,-326,-811,-1094,-1118,-890,-460,72,584,950,1088,973,635,151,-362,-786,-1020,-1011,-767,-346,155,609,918,1005,857,511,44,-422,-781,-960,-906,-633,-218,0,644,887,922,738,381,-61,-490,-798,-909,-807,-516,-104,329,677,866,846,622,259,-158,-537,-786,-846,-698,-386,10,397,682,801,727,485,128,-253,-560,-731,-726,-544,-235,125,451,655,691,569,323,-4,-325,-557,-644,-573,-366,-75,224,457,573,546,383,134,-138,-369,-501,-501,-376,-161,88,307,442,460,357,164,-60,-270,-409,-427,-340,-179,34,237,368,406,337,186,-13,-211,-347,-390,-331,-190,-4,184,322,367,317,186,7,-174,-307,-358,-314,-191,-14,173,308,360,321,199,25,-159,-304,-374,-347,-224,-40,157,314,393,374,255,70,-136,-320,-423,-414,-305,-117,109,306,0,0
10523,mtk,MTK 7916,4080269247,rx2-tx1,512,0,0,0,159,130,73,8,-53,-97,-110,-100,-70,-21,27,57,78,78,58,27,-12,-47,-71,-76,-56,-27,7,42,68,74,70,54,19,-21,-56,-88,-100,-95,-68,-23,22,66,110,133,128,100,48,-24,-95,-147,-173,-173,-138,-65,27,119,189,224,213,157,62,-54,-166,-252,-284,-248,-161,-34,107,234,311,323,265,146,-13,-177,-307,-373,-356,-254,-99,89,269,390,416,354,212,22,-183,-361,-457,-448,-337,-147,81,302,455,504,446,286,53,-192,-402,-514,-512,-403,-196,59,302,477,537,477,310,68,-195,-412,-536,-533,-411,-184,89,341,517,576,494,292,28,-248,-471,0,-570,-409,-151,141,412,592,637,537,304,-8,-324,-578,-701,-663,-476,-170,177,490,709,765,632,364,17,-346,-642,-794,-763,-556,-228,150,500,747,826,714,437,56,-333,-647,-821,-812,-615,-280,118,499,768,861,759,493,116,-297,-649,-841,-848,-673,-337,75,461,750,873,796,548,182,-237,-593,-813,-860,-708,-401,-15,368,667,814,781,578,252,-129,-474,-701,-771,-674,-426,-95,239,527,698,696,544,279,-41,-350,-569,-659,-610,-432,-163,137,402,571,613,529,337,74,-199,-422,-555,-573,-476,-284,-51,183,384,507,527,451,304,108,-98,-269,-384,-431,-408,-330,-215,-95,20,0,0,0,0,0,-25,31,92,154,201,220,200,143,57,-50,-160,-246,-286,-266,-200,-94,36,171,274,324,309,223,81,-86,-237,-344,-391,-354,-231,-45,156,326,444,471,386,207,-23,-260,-459,-570,-557,-413,-173,106,384,599,676,608,415,123,-210,-511,-711,-766,-658,-401,-47,320,629,820,832,652,327,-65,-455,-755,-890,-831,-592,-221,197,573,829,904,784,492,81,-341,-689,-892,-894,-696,-336,92,493,788,910,827,561,161,-274,-640,-867,-898,-718,-378,47,455,760,902,840,581,190,-246,-624,-862,-904,-747,-425,-1,428,754,900,848,615,237,-199,-583,-824,-880,-742,-430,-17,394,711,0,819,578,209,-204,-576,-812,-863,-710,-390,24,433,744,876,804,556,173,-268,-641,-862,-889,-715,-371,62,486,800,933,860,580,163,-286,-677,-924,-952,-768,-409,49,489,820,973,904,630,223,-227,-634,-898,-950,-793,-463,-27,406,739,900,862,635,268,-157,-536,-783,-849,-719,-428,-57,321,618,762,734,538,219,-138,-454,-656,-707,-595,-353,-32,287,527,643,614,441,172,-122,-381,-555,-596,-492,-285,-25,233,434,533,506,367,155,-88,-304,-440,-472,-400,-243,-41,165,320,402,393,296,140,-37,-199,-309,-344,-300,-196,-56,87,209,276,275,215,115,2,-107,-189,-222,-199,0,0,0,0,0,14,81,126,140,121,77,22,-28,-72,-99,-93,-64,-27,9,48,74,77,57,23,-15,-48,-62,-71,-65,-35,3,34,67,82,82,71,43,-1,-49,-87,-110,-119,-101,-59,-9,47,105,145,154,132,86,21,-57,-134,-190,-208,-179,-106,-11,89,181,237,248,207,113,-13,-146,-245,-295,-288,-215,-88,67,208,312,353,316,198,30,-141,-290,-386,-397,-314,-154,39,228,373,444,410,280,89,-135,-333,-455,-481,-394,-214,16,245,420,514,492,345,120,-133,-358,-502,-537,-445,-251,1,250,448,541,511,362,135,-134,-378,-530,-556,-458,-248,29,292,492,582,526,346,0,-189,-441,-592,-601,-463,-215,91,383,594,674,598,379,67,-271,-552,-709,-720,-566,-268,90,422,675,782,709,473,128,-245,-570,-775,-804,-646,-339,43,417,692,820,766,530,173,-228,-581,-803,-841,-693,-381,23,412,715,867,822,588,226,-189,-559,-805,-878,-756,-458,-60,353,687,859,839,641,305,-99,-474,-737,-838,-752,-495,-137,244,563,755,775,622,338,-20,-361,-618,-740,-694,-497,-202,142,445,639,694,587,357,61,-242,-494,-636,-633,-493,-259,22,294,500,594,562,419,196,-64,-307,-478,-553,-520,-384,-182,45,254,406,480,477,397,255,87,-78,-209,-292,-323,-303,0,0,0,0,0,-151,-163,-153,-116,-53,30,117,191,242,255,216,127,18,-100,-209,-285,-309,-269,-166,-20,132,261,342,355,289,152,-20,-195,-345,-421,-402,-292,-117,94,304,462,521,461,299,65,-204,-435,-585,-623,-517,-284,8,317,572,713,703,540,254,-89,-425,-688,-810,-755,-537,-190,208,559,799,870,744,462,83,-330,-680,-880,-887,-702,-357,62,473,783,921,854,598,207,-229,-607,-855,-925,-778,-455,-34,391,728,898,868,654,285,-151,-552,-826,-914,-795,-487,-74,351,699,889,879,665,306,-116,-520,-810,-914,-806,-514,-113,311,670,876,879,684,341,-81,-486,-778,-881,-783,-515,0,298,640,838,846,651,300,-118,-507,-778,-869,-758,-463,-65,348,688,867,848,634,264,-178,-577,-841,-920,-785,-469,-42,399,750,938,915,677,285,-175,-597,-880,-974,-853,-529,-87,367,730,940,945,729,344,-109,-525,-822,-935,-836,-557,-157,277,642,850,862,681,362,-32,-418,-704,-818,-737,-493,-144,224,528,709,729,571,291,-46,-365,-594,-675,-603,-399,-110,199,458,605,607,470,230,-48,-312,-502,-569,-503,-329,-90,159,368,482,487,388,203,-25,-229,-376,-436,-398,-275,-93,98,260,358,371,303,176,11,-149,-265,-312,-291,-208,-86,45,155,230,248,211,128,24,-76,0,0
10524,mtk,MTK 7916,4080313960,rx0-tx0,512,-172,-103,-269,-336,-36,270,558,781,918,968,920,782,553,257,-63,-377,-665,-885,-1020,-1031,-945,-748,-466,-133,240,580,860,1055,1141,1085,901,619,255,-137,-528,-847,-1079,-1183,-1160,-989,-708,-347,59,452,801,1043,1166,1156,1004,744,390,7,-374,-709,-951,-1087,-1092,-978,-744,-439,-88,265,572,808,951,976,894,709,456,154,-144,-421,-652,-791,-832,-789,-654,-455,-212,52,291,483,619,681,669,591,447,256,54,-164,-341,-481,-563,-578,-523,-412,-261,-95,82,235,357,427,436,398,317,203,83,-39,-153,-231,-268,-286,-264,-217,-148,-82,-7,49,95,128,141,148,144,106,80,53,20,-14,-588,-59,-74,-85,-87,-78,-60,-47,-21,4,19,33,30,30,13,-7,-7,-13,-18,-14,14,42,77,93,104,114,88,42,-13,-76,-155,-212,-262,-277,-251,-181,-79,41,187,317,421,485,480,403,272,88,-129,-352,-532,-665,-719,-664,-520,-299,-15,292,562,782,906,908,795,561,241,-117,-480,-775,-986,-1057,-984,-795,-480,-109,278,641,909,1072,1080,956,702,357,-34,-423,-738,-971,-1053,-1017,-849,-559,-219,150,501,774,931,975,892,691,419,86,-248,-532,-743,-847,-848,-739,-528,-257,42,328,573,720,777,716,550,313,22,-258,-496,-643,-671,-581,-387,-139,122,328,439,437,349,222,765,-34,-9,244,345,373,311,173,-26,-232,-397,-496,-510,-435,-277,-80,142,339,491,568,566,476,309,98,-134,-344,-506,-598,-602,-520,-378,-172,69,293,467,586,609,554,424,246,29,-186,-371,-500,-548,-524,-423,-276,-96,89,246,362,417,410,346,247,123,-8,-123,-201,-240,-245,-215,-146,-76,-12,33,63,83,67,25,3,-28,-40,-36,-19,22,73,115,151,169,157,117,64,-20,-107,-192,-264,-302,-318,-289,-214,-114,20,154,288,387,458,468,424,324,170,-2,-192,-385,-513,-605,-628,-565,-434,-238,-13,234,461,642,757,791,714,553,323,32,-273,-539,-767,-912,-936,-854,-664,-291,-61,289,619,877,1039,1072,979,767,451,81,-308,-672,-950,-1129,-1170,-1069,-840,-512,-113,290,664,970,1153,1185,1103,897,581,198,-196,-573,-873,-1088,-1180,-1155,-981,-712,-380,3,394,746,1022,1188,1227,1142,931,605,215,-209,-619,-957,-1188,-1302,-1271,-1098,-805,-418,36,475,868,1176,1356,1389,1267,995,615,155,-323,-756,-1125,-1368,-1463,-1383,-1152,-782,-321,188,665,1075,1356,1491,1448,1247,885,431,-66,-558,-984,-1290,-1443,-1438,-1262,-940,-524,-44,434,855,1166,1336,1357,1229,961,590,155,-284,-678,-991,-1180,-1239,-1151,-947,-646,-279,101,460,765,984,1082,1059,949,725,418,102,-232,-533,-772,-60,-63,126,-560,-519,908,962,930,795,572,297,-10,-315,-598,-827,-968,-1004,-943,-777,-525,-205,141,467,762,966,1077,1070,931,694,380,3,-378,-710,-975,-1131,-1165,-1059,-826,-500,-107,303,679,966,1149,1187,1093,873,547,178,-227,-601,-900,-1093,-1150,-1079,-884,-595,-242,134,490,780,965,1043,994,839,597,290,-40,-353,-621,-814,-906,-891,-787,-589,-325,-46,227,463,642,745,764,689,548,352,118,-109,-320,-493,-595,-640,-604,-499,-359,-175,23,206,360,458,506,496,423,311,163,16,-124,-248,-327,-362,-355,-308,-219,-129,-34,67,140,184,202,206,182,155,107,61,17,-35,-70,-87,-103,-111,-104,321,-75,-52,-30,-5,19,37,53,66,57,48,27,14,-1,-15,-10,2,4,17,39,57,54,34,-4,-29,-73,-124,-164,-183,-189,-161,-103,-35,71,174,279,338,374,354,282,167,12,-166,-338,-478,-576,-603,-540,-386,-188,72,330,558,735,825,791,652,426,118,-215,-536,-804,-962,-1002,-901,-680,-369,13,387,723,967,1070,1049,875,594,230,-171,-539,-846,-1032,-1095,-995,-785,-468,-93,271,626,874,1003,1009,881,633,316,-28,-369,-648,-842,-927,-881,-721,-474,-176,129,423,645,785,812,736,552,298,15,-271,-512,-673,-734,-669,-510,-261,19,286,485,577,548,407,197,-19,-394,-508,-436,60,77,194,78,-95,-268,-400,-463,-420,-295,-113,98,303,457,540,538,446,280,70,-151,-358,-512,-597,-595,-505,-347,-134,103,312,488,602,622,547,405,202,-27,-246,-425,-545,-595,-557,-443,-269,-63,136,310,433,497,479,400,272,119,-42,-182,-283,-335,-337,-290,-207,-114,-21,64,119,141,137,109,81,40,-5,-20,-26,-20,13,47,81,100,92,69,24,-35,-105,-161,-213,-240,-231,-196,-123,-32,72,196,294,366,396,387,318,212,62,-106,-262,-398,-494,-534,-531,-442,-294,-116,104,319,507,642,707,695,583,408,173,-101,-379,-607,-780,-866,-839,-717,-508,-207,125,439,715,374,1003,979,837,586,253,-122,-485,-799,-1023,-1123,-1098,-930,-650,-294,116,509,846,1081,1187,1152,991,712,335,-65,-443,-791,-1048,-1174,-1170,-1033,-786,-463,-84,299,665,927,1115,1191,1132,951,664,296,-101,-491,-846,-1106,-1248,-1261,-1131,-867,-512,-98,339,737,1066,1288,1362,1274,1058,719,298,-164,-619,-1004,-1277,-1423,-1394,-1221,-905,-483,2,487,930,1264,1459,1477,1329,1029,614,128,-376,-844,-1210,-1430,-1487,-1375,-1107,-711,-245,257,725,1098,1333,1430,1351,1127,767,330,-129,-573,-939,-1193,-1306,-1267,-1090,-794,-422,-9,394,736,997,1136,1152,1044,830,525,169,-180,-507,-788,-951,-1018,-992,-852,-628,7,40
10525,mtk,MTK 7916,4080313960,rx0-tx1,512,379,-443,-362,899,802,619,353,40,-288,-593,-828,-992,-1044,-972,-791,-516,-170,194,545,848,1052,1139,1104,938,660,303,-97,-484,-824,-1082,-1207,-1202,-1066,-805,-441,-32,382,763,1058,1236,1276,1172,939,598,183,-257,-650,-994,-1214,-1296,-1243,-1054,-744,-348,83,503,864,1137,1279,1283,1150,882,514,108,-319,-713,-1019,-1214,-1280,-1203,-998,-680,-290,126,529,867,1111,1231,1216,1068,802,452,55,-336,-697,-976,-1145,-1194,-1102,-893,-598,-236,146,505,810,1017,1112,1089,950,710,400,48,-301,-617,-861,-1008,-1050,-983,-804,-549,-243,86,414,689,885,989,988,884,693,416,102,-223,-530,-770,-938,-1007,-956,-816,-430,-281,51,383,679,900,1019,1023,919,710,413,77,-286,-611,-862,-1026,-1066,-991,-797,-506,-161,209,554,829,1012,1078,1017,842,565,214,-151,-490,-778,-972,-1053,-1005,-836,-577,-253,92,431,701,891,975,939,795,562,279,-42,-345,-599,-776,-854,-842,-738,-551,-303,-19,243,472,643,734,746,669,524,318,82,-147,-356,-519,-617,-646,-597,-479,-321,-129,75,257,408,504,536,509,430,307,145,-11,-168,-298,-384,-431,-422,-373,-284,-157,-27,102,209,293,341,347,319,246,156,51,-61,-161,-238,-287,-303,-272,-214,-137,-33,69,159,225,262,254,206,126,30,-61,-142,-186,-183,-147,-477,-515,481,-160,207,-170,-276,-328,-305,-220,-80,83,241,364,427,424,348,220,64,-107,-269,-399,-474,-484,-432,-327,-176,0,176,347,471,539,548,484,367,197,-8,-220,-411,-563,-650,-658,-591,-449,-240,5,254,486,666,774,784,693,518,271,-18,-317,-573,-777,-897,-887,-773,-569,-275,51,373,660,861,956,934,792,563,257,-87,-416,-695,-880,-959,-916,-771,-529,-226,92,400,662,829,902,867,724,507,233,-64,-345,-570,-730,-806,-784,-677,-489,-261,-9,241,452,612,686,700,631,492,300,83,-132,-329,-483,-579,-615,-585,-499,-359,-184,6,189,344,469,537,551,503,406,280,118,-56,-221,230,-458,-514,-513,-460,-365,-227,-61,99,258,382,470,514,493,421,312,168,1,-160,-305,-418,-484,-502,-459,-366,-242,-96,65,209,333,416,450,440,383,291,172,36,-90,-204,-304,-359,-385,-371,-324,-246,-155,-55,51,148,225,292,323,333,313,271,209,124,27,-80,-178,-267,-333,-379,-390,-362,-303,-200,-75,56,190,317,412,473,490,446,362,229,62,-108,-274,-414,-510,-556,-551,-479,-356,-197,-6,181,353,495,581,611,579,479,327,144,-62,-261,-439,-573,-648,-657,-595,-469,-295,-88,132,345,529,655,715,710,620,466,255,15,-235,-459,-647,-771,-805,-761,-632,-425,-166,-641,-648,11,253,372,-182,-470,-719,-896,-972,-946,-805,-580,-282,68,414,720,952,1081,1084,970,741,420,49,-335,-695,-975,-1145,-1188,-1093,-883,-564,-171,235,625,955,1171,1255,1203,1017,706,318,-110,-524,-879,-1144,-1284,-1266,-1121,-853,-472,-52,379,769,1077,1256,1297,1197,973,636,228,-200,-609,-953,-1183,-1283,-1254,-1078,-786,-412,8,428,799,1077,1234,1257,1146,905,571,168,-241,-627,-935,-1139,-1215,-1159,-989,-700,-351,39,428,752,1000,1139,1143,1029,803,492,136,-229,-568,-838,-1016,-1080,-1031,-875,-624,-313,27,363,654,867,992,1016,929,740,477,169,-157,-460,-721,-907,-989,-972,-845,-630,-356,-29,294,588,-1099,971,1013,948,774,514,192,-153,-482,-770,-962,-1052,-1025,-868,-622,-303,58,413,730,956,1070,1064,930,694,377,15,-350,-676,-923,-1054,-1055,-939,-720,-409,-57,305,615,855,989,1013,914,705,426,94,-236,-534,-756,-888,-921,-839,-667,-421,-134,153,419,631,771,811,753,625,422,184,-70,-309,-502,-636,-687,-665,-576,-418,-220,-1,208,386,510,583,584,517,396,225,45,-132,-284,-406,-468,-476,-439,-346,-223,-83,68,196,308,370,386,362,298,213,101,-11,-129,-226,-288,-318,-309,-264,-193,-101,7,112,188,250,278,266,218,143,46,-57,-143,-206,-229,-215,-167,-82,8,85,-138,0,-407,-670,-662,-208,-126,14,163,293,375,385,332,211,53,-120,-276,-386,-447,-450,-386,-266,-102,70,238,379,479,515,491,408,261,87,-107,-291,-445,-558,-608,-581,-480,-321,-109,118,342,538,674,724,694,575,383,130,-151,-416,-640,-795,-855,-803,-649,-423,-123,200,488,738,897,943,879,701,423,97,-241,-544,-784,-941,-976,-883,-681,-395,-70,261,555,787,916,931,845,645,374,74,-240,-506,-714,-836,-857,-773,-607,-385,-114,162,414,608,720,760,708,582,385,163,-67,-294,-478,-604,-655,-638,-556,-410,-232,-33,163,337,474,554,575,535,450,313,149,-33,-208,-352,-460,-526,-528,-478,-198,-250,-89,75,231,364,469,512,508,449,339,199,32,-137,-282,-399,-483,-511,-482,-405,-282,-130,32,193,323,418,475,474,422,330,199,56,-89,-216,-320,-392,-418,-398,-349,-259,-148,-36,81,183,267,323,350,344,302,252,173,83,-13,-112,-194,-269,-320,-348,-344,-316,-257,-168,-66,58,176,285,377,422,434,410,333,220,82,-75,-229,-359,-468,-522,-522,-467,-358,-210,-39,139,314,448,547,587,559,478,341,170,-24,-221,-402,-532,-616,-636,-587,-477,-312,-118,92,298,477,607,681,680,611,471,277,59,-178,-399,-580,-706,-761,-736,-629,-454,-218,44,302,542,723,828,194,-151
10526,mtk,MTK 7916,4080313960,rx1-tx0,512,-13,-364,-1021,40,221,375,484,519,493,405,263,87,-94,-271,-408,-492,-517,-472,-368,-215,-37,141,307,436,508,516,460,342,186,9,-174,-349,-477,-548,-548,-484,-360,-194,10,211,391,532,611,616,544,407,220,-10,-236,-445,-609,-698,-707,-628,-474,-255,0,262,502,690,793,802,707,536,289,0,-290,-549,-760,-877,-886,-786,-595,-325,-10,299,592,808,934,947,846,645,355,22,-307,-606,-832,-959,-965,-860,-654,-374,-53,270,557,778,906,928,853,675,424,142,-154,-439,-668,-817,-875,-848,-729,-526,-277,4,286,534,731,857,888,829,685,458,175,-130,-429,-681,-880,-988,-968,-864,231,-351,-11,349,679,941,1100,1131,1042,817,482,97,-324,-714,-1027,-1226,-1276,-1178,-939,-576,-138,322,751,1096,1315,1377,1283,1028,640,172,-316,-767,-1139,-1375,-1452,-1348,-1084,-694,-220,292,762,1144,1408,1498,1410,1154,759,279,-236,-725,-1136,-1406,-1528,-1466,-1225,-849,-360,172,691,1137,1448,1595,1550,1306,904,385,-188,-752,-1215,-1528,-1653,-1566,-1284,-832,-283,312,863,1296,1553,1617,1472,1127,649,98,-454,-937,-1291,-1460,-1430,-1232,-873,-420,73,549,929,1180,1265,1201,970,630,213,-215,-596,-894,-1053,-1079,-955,-702,-367,14,381,694,892,945,862,640,325,-40,-376,-635,-764,-728,-557,-286,9,262,1404,1064,101,-553,-526,-262,-455,-580,-571,-432,-183,122,427,661,779,769,634,379,57,-268,-558,-784,-893,-874,-736,-487,-160,193,535,806,971,1012,922,708,394,14,-373,-728,-998,-1144,-1152,-1003,-729,-345,89,531,898,1186,1309,1269,1064,721,279,-214,-674,-1062,-1328,-1438,-1367,-1106,-712,-223,300,801,1199,1452,1538,1417,1133,692,172,-371,-880,-1282,-1519,-1582,-1430,-1116,-663,-113,441,935,1321,1546,1562,1396,1063,600,74,-455,-924,-1273,-1470,-1485,-1324,-1003,-571,-84,399,837,1169,1358,1381,1246,984,603,142,-311,-714,-1046,-1248,-1303,-1216,-999,-662,-257,175,581,913,1142,1239,1206,1030,742,369,-36,-436,-788,-1060,-1208,-49,-1099,-859,-527,-133,282,680,999,1209,1279,1211,1005,686,275,-175,-607,-980,-1247,-1372,-1331,-1140,-810,-380,107,591,1001,1312,1450,1421,1215,857,404,-105,-601,-1024,-1329,-1461,-1417,-1206,-844,-381,106,600,1000,1268,1402,1348,1134,789,364,-92,-524,-890,-1155,-1262,-1224,-1048,-744,-373,27,418,755,994,1115,1101,962,720,410,61,-291,-600,-837,-979,-1000,-908,-720,-451,-142,185,486,719,867,931,861,699,469,175,-127,-417,-652,-799,-852,-803,-652,-433,-169,126,390,599,735,777,722,581,367,117,-143,-372,-552,-670,-693,-629,-490,-297,-63,170,367,517,598,606,536,398,211,12,-199,-372,-493,148,-157,221,1376,986,529,478,370,208,23,-157,-322,-445,-504,-506,-440,-316,-158,26,203,359,467,509,492,410,276,103,-79,-257,-398,-492,-527,-507,-417,-268,-85,109,293,441,546,584,553,452,296,97,-116,-323,-490,-617,-665,-628,-523,-341,-114,133,370,567,703,755,721,597,395,140,-138,-406,-629,-791,-850,-805,-674,-454,-166,145,441,688,862,924,882,733,484,182,-150,-464,-726,-907,-966,-918,-762,-516,-205,132,446,710,883,956,910,768,532,245,-67,-369,-629,-802,-887,-886,-785,-594,-339,-59,223,490,693,828,876,832,701,495,233,-59,-339,-596,-794,-907,-925,-842,-672,-431,-111,214,521,-568,982,1061,1026,867,600,249,-135,-515,-860,-1094,-1210,-1189,-1016,-721,-334,104,531,912,1194,1329,1308,1127,812,392,-75,-549,-964,-1266,-1409,-1388,-1204,-877,-435,58,553,976,1289,1458,1451,1260,935,490,-19,-517,-966,-1295,-1479,-1487,-1329,-1006,-572,-71,460,931,1300,1516,1548,1406,1090,639,107,-450,-956,-1349,-1585,-1631,-1466,-1113,-625,-53,533,1051,1434,1630,1625,1396,1000,479,-95,-661,-1127,-1436,-1558,-1476,-1206,-781,-263,259,734,1111,1323,1371,1227,930,525,79,-368,-760,-1034,-1174,-1142,-974,-677,-307,91,475,771,961,1015,927,706,377,11,-353,-652,-840,-876,-758,-518,-188,152,428,586,597,476,263,948,-164,111,-181,-409,-279,-37,245,500,671,714,619,392,92,-227,-524,-744,-841,-809,-659,-411,-81,251,564,808,940,950,829,590,266,-100,-467,-777,-1000,-1091,-1042,-863,-555,-174,250,647,969,1176,1237,1134,895,535,83,-378,-806,-1138,-1341,-1369,-1217,-925,-507,-18,499,954,1287,1464,1464,1282,928,475,-64,-592,-1051,-1386,-1541,-1521,-1314,-926,-430,136,676,1121,1445,1583,1524,1282,883,364,-194,-707,-1148,-1434,-1547,-1474,-1218,-825,-336,187,675,1078,1344,1450,1384,1162,805,362,-123,-571,-951,-1228,-1349,-1303,-1127,-826,-422,20,450,831,1107,1248,1257,1121,863,511,108,-312,-690,-991,-1176,-1227,-1151,-943,-630,-241,425,558,886,1122,1235,1221,1061,779,406,-12,-433,-817,-1117,-1296,-1317,-1192,-928,-556,-103,364,796,1147,1365,1426,1307,1037,636,147,-352,-821,-1188,-1409,-1473,-1345,-1061,-635,-137,366,823,1187,1387,1434,1310,1011,618,144,-350,-775,-1108,-1292,-1333,-1208,-953,-579,-150,277,669,971,1142,1187,1093,876,566,202,-178,-526,-804,-983,-1053,-1003,-842,-590,-272,70,391,665,857,950,933,808,589,321,9,-305,-563,-764,-878,-878,-779,-579,-318,-25,270,521,702,807,812,706,525,281,7,-256,-485,-644,-723,-713,-613,-444,-218,36,266,460,594,659,624,518,354,146,-71,-281,-448,-545,-581,-541,-427,-271,571,558
10527,mtk,MTK 7916,4080313960,rx1-tx1,512,0,0,0,-288,-282,-210,-87,50,183,286,336,320,242,111,-46,-198,-314,-366,-348,-265,-116,53,218,347,395,362,262,103,-89,-260,-385,-429,-387,-268,-92,118,310,438,483,429,292,87,-138,-341,-490,-541,-477,-320,-101,151,385,543,589,523,350,101,-168,-403,-574,-637,-570,-388,-139,145,408,603,682,625,447,178,-122,-396,-610,-713,-677,-512,-242,71,364,585,712,693,541,296,-2,-305,-550,-688,-693,-572,-355,-69,221,465,629,673,596,420,172,-111,-359,-534,-609,-575,-447,-238,8,228,395,486,493,413,271,86,-103,-255,-350,-378,-339,-238,-111,13,125,195,222,208,154,87,0,-69,-92,-98,-80,-41,-2,25,39,34,15,-23,-58,-86,-103,-95,-55,-1,64,128,169,179,162,112,42,-36,-125,-190,-208,-204,-163,-93,-22,49,113,158,176,167,132,83,37,-18,-60,-95,-111,-115,-105,-90,-76,-65,-54,-33,3,38,68,109,150,174,171,144,86,10,-83,-183,-262,-301,-294,-242,-154,-40,106,242,341,384,364,294,179,14,-164,-307,-401,-435,-382,-266,-115,62,231,350,408,399,317,184,16,-158,-294,-374,-388,-336,-220,-71,94,244,344,384,356,262,127,-31,-189,-310,-379,-394,-341,-235,-93,64,211,325,395,410,371,291,185,68,-38,-126,0,0,0,0,0,-131,-144,-156,-147,-113,-59,18,101,175,236,268,267,226,146,44,-75,-191,-281,-333,-333,-270,-161,-18,129,261,369,411,369,263,117,-61,-246,-391,-467,-468,-384,-227,-23,197,394,519,561,504,350,126,-123,-359,-541,-624,-601,-463,-242,13,279,505,637,647,549,351,84,-203,-451,-620,-669,-590,-399,-130,163,421,606,681,620,434,174,-122,-402,-599,-693,-658,-494,-235,62,351,576,687,670,534,288,-4,-292,-532,-667,-668,-551,-331,-41,251,488,635,655,545,336,69,-214,-447,-589,-618,-529,-335,-73,202,436,572,590,498,311,65,-201,-435,-574,-597,-501,-305,-44,224,0,582,604,513,319,62,-221,-464,-604,-625,-531,-333,-68,209,447,604,643,556,355,92,-190,-437,-604,-651,-566,-380,-124,162,407,565,618,552,385,135,-141,-377,-533,-583,-531,-368,-128,127,345,488,537,475,319,104,-133,-336,-466,-506,-440,-279,-63,152,332,455,482,408,248,37,-171,-344,-448,-457,-379,-222,-18,182,336,417,424,344,191,10,-170,-313,-389,-388,-309,-171,-9,161,287,347,343,277,148,4,-127,-238,-293,-284,-221,-118,10,121,194,221,205,148,66,-29,-113,-157,-159,-125,-67,11,83,127,134,112,57,-18,-89,-137,-162,-150,-89,6,99,177,218,212,0,0,0,0,0,24,-110,-232,-311,-324,-279,-182,-36,124,254,335,351,304,192,38,-127,-270,-363,-384,-320,-199,-31,154,308,402,413,332,180,-3,-197,-357,-451,-451,-357,-190,24,236,401,488,481,377,195,-30,-258,-450,-557,-549,-427,-221,34,291,494,601,598,471,249,-20,-288,-508,-637,-646,-528,-298,-16,270,517,672,692,575,360,69,-242,-499,-665,-709,-618,-409,-117,195,473,651,703,631,450,187,-113,-400,-601,-691,-656,-499,-260,23,297,513,626,627,521,324,76,-176,-391,-528,-558,-493,-350,-148,69,254,390,445,426,330,179,19,-127,-238,-294,-291,-238,-152,-50,49,117,157,0,129,82,27,-17,-44,-49,-32,-3,32,52,55,49,21,-23,-71,-109,-126,-126,-102,-47,20,86,149,197,195,163,114,30,-58,-122,-173,-203,-201,-157,-88,-20,42,93,136,150,142,118,84,53,18,-4,-20,-44,-73,-90,-102,-112,-118,-115,-91,-54,-2,69,137,201,248,248,209,134,31,-87,-207,-303,-351,-349,-285,-168,-27,129,271,364,404,381,288,143,-19,-177,-323,-413,-417,-353,-239,-74,101,257,365,405,376,273,128,-37,-197,-317,-376,-369,-298,-170,-14,139,275,363,386,341,233,86,-70,-217,-334,-404,-411,-357,-257,-124,22,156,263,330,354,338,287,0,0,0,0,0,33,-5,-50,-109,-163,-204,-222,-212,-173,-109,-22,83,178,254,297,298,255,167,41,-94,-214,-316,-367,-355,-282,-153,15,182,319,410,430,372,252,79,-123,-317,-455,-523,-503,-381,-192,39,275,469,578,592,494,308,63,-203,-432,-587,-644,-594,-430,-179,111,378,573,658,627,482,240,-38,-310,-530,-651,-651,-523,-293,-15,276,521,660,672,571,356,57,-245,-493,-655,-699,-606,-401,-132,181,461,638,698,632,439,167,-131,-401,-594,-674,-620,-449,-199,87,354,552,641,600,440,204,-73,-334,-521,-606,-569,-418,-193,67,318,513,606,562,417,195,-69,-329,-521,-602,-561,0,-184,82,344,539,623,587,436,196,-80,-340,-544,-644,-610,-462,-227,52,324,536,638,613,474,248,-27,-298,-513,-622,-613,-482,-261,6,268,481,597,592,470,263,0,-259,-456,-554,-537,-423,-231,14,244,422,519,505,385,190,-31,-245,-408,-488,-472,-355,-166,48,250,404,475,440,321,143,-66,-257,-388,-440,-404,-289,-113,79,246,369,418,378,268,101,-84,-241,-344,-379,-340,-237,-86,74,209,296,324,284,192,62,-73,-178,-232,-251,-222,-147,-39,68,153,195,187,138,66,-20,-98,-143,-148,-123,-64,9,84,128,142,124,73,-13,-104,-164,-193,-176,-124,-41,61,0,0
10528,mtk,MTK 7916,4080313960,rx2-tx0,512,0,0,0,488,471,351,154,-76,-296,-465,-536,-499,-360,-141,112,347,512,575,521,362,128,-138,-388,-559,-608,-532,-352,-97,179,428,593,632,539,336,56,-235,-482,-637,-659,-545,-314,-4,302,548,690,691,538,272,-52,-373,-620,-737,-704,-527,-236,111,449,700,801,744,537,206,-180,-535,-780,-873,-792,-545,-182,229,599,851,937,842,570,174,-264,-651,-913,-1000,-886,-590,-178,271,673,946,1036,925,623,190,-279,-685,-962,-1053,-941,-637,-211,253,670,951,1044,935,645,223,-237,-645,-926,-1028,-921,-632,-222,220,613,888,984,880,600,206,-216,-595,-853,-936,-827,-554,-171,241,596,826,0,776,506,128,-277,-620,-839,-885,-748,-457,-76,322,660,868,902,755,448,49,-361,-700,-904,-936,-769,-445,-31,395,743,953,978,806,470,45,-397,-768,-988,-1007,-836,-504,-67,388,770,1002,1042,875,541,103,-365,-767,-1014,-1068,-924,-592,-141,337,750,1024,1100,968,654,209,-282,-708,-1003,-1116,-1017,-729,-305,175,614,936,1090,1032,793,412,-37,-472,-813,-998,-995,-809,-483,-83,324,668,876,910,781,517,167,-200,-525,-745,-815,-734,-522,-228,98,399,613,701,670,522,282,3,-264,-481,-610,-621,-531,-357,-126,118,334,484,561,553,457,296,111,-72,-232,-350,-410,-413,-371,-290,0,0,0,0,0,151,273,381,456,482,440,330,165,-42,-254,-439,-569,-612,-559,-414,-190,75,337,553,685,694,575,352,57,-264,-549,-744,-813,-735,-519,-193,186,544,816,948,905,697,350,-75,-503,-856,-1061,-1080,-900,-541,-75,417,851,1142,1228,1088,746,258,-285,-776,-1144,-1314,-1235,-936,-458,114,663,1089,1319,1309,1059,607,47,-523,-992,-1274,-1319,-1119,-720,-186,384,875,1196,1284,1136,779,271,-284,-774,-1106,-1220,-1104,-784,-313,211,684,1022,1161,1073,782,336,-166,-622,-957,-1106,-1039,-769,-353,121,566,900,1051,996,751,361,-99,-532,-854,-1008,-960,-721,-347,89,500,807,955,917,695,338,-79,0,-786,-922,-883,-672,-330,83,474,759,892,854,646,307,-84,-453,-734,-867,-819,-612,-294,84,445,711,831,780,575,264,-99,-436,-676,-783,-729,-532,-234,109,424,646,739,677,469,178,-132,-413,-610,-678,-608,-410,-139,148,400,569,615,530,343,85,-182,-402,-537,-553,-451,-259,-18,221,403,496,481,372,181,-51,-263,-413,-473,-429,-293,-99,112,297,414,442,376,232,40,-162,-324,-407,-403,-318,-167,20,204,341,396,366,258,93,-84,-245,-356,-381,-322,-193,-23,151,292,371,365,278,128,-52,-218,-341,-394,-358,-244,-74,115,282,393,420,352,206,19,-172,-341,-442,-442,0,0,0,0,0,-46,174,368,492,517,433,260,36,-210,-417,-536,-547,-449,-254,-9,243,454,575,576,456,237,-30,-292,-502,-613,-594,-454,-216,69,342,546,644,609,442,184,-119,-405,-605,-683,-620,-422,-133,188,468,661,727,632,403,90,-249,-549,-739,-776,-645,-385,-40,324,625,804,823,672,374,-4,-392,-708,-881,-877,-699,-376,29,441,770,945,934,739,390,-45,-479,-819,-1005,-988,-771,-400,51,496,848,1035,1019,798,424,-32,-485,-842,-1035,-1027,-815,-441,14,464,824,1018,1013,809,449,0,-442,-790,-981,-977,-777,-429,-4,421,754,936,929,733,394,-20,-422,-732,-893,-875,-672,-338,0,441,737,883,843,629,289,-105,-479,-761,-891,-837,-613,-263,151,529,801,922,861,619,246,-175,-564,-851,-967,-887,-634,-254,181,584,881,1003,935,684,286,-168,-593,-904,-1036,-971,-724,-319,152,588,913,1061,1002,751,353,-123,-577,-915,-1080,-1043,-801,-405,62,530,898,1087,1070,855,479,17,-456,-852,-1076,-1093,-917,-571,-128,336,735,985,1055,928,637,235,-196,-584,-864,-975,-900,-662,-317,72,437,715,852,831,652,363,20,-312,-578,-735,-753,-628,-397,-110,192,453,618,665,599,428,191,-70,-315,-496,-587,-580,-480,-309,-97,122,311,448,512,502,430,312,168,22,-101,-189,0,0,0,0,0,-326,-290,-205,-70,90,263,418,520,557,522,396,200,-39,-281,-481,-613,-653,-581,-401,-140,155,433,647,746,718,562,287,-51,-391,-677,-848,-866,-728,-444,-65,341,699,943,1024,913,629,221,-249,-679,-1001,-1153,-1095,-837,-418,94,600,1014,1252,1252,1028,616,88,-468,-948,-1257,-1333,-1168,-787,-263,315,832,1202,1351,1236,901,407,-166,-711,-1114,-1301,-1253,-969,-502,51,590,1011,1231,1219,974,555,30,-498,-918,-1158,-1175,-970,-582,-79,430,849,1090,1121,936,575,106,-378,-782,-1033,-1077,-906,-569,-123,340,731,975,1025,875,553,130,-312,-694,-936,-986,-844,-545,-141,297,665,892,946,0,514,126,-286,-644,-865,-914,-788,-502,-119,279,618,834,884,757,479,114,-266,-598,-806,-841,-715,-452,-96,271,579,767,802,676,411,72,-266,-553,-728,-749,-620,-371,-49,281,542,685,692,562,320,16,-280,-515,-641,-630,-490,-254,25,291,490,582,553,409,181,-76,-307,-467,-525,-473,-322,-104,128,328,454,481,401,236,25,-187,-354,-448,-444,-343,-169,38,233,375,432,394,279,104,-94,-268,-377,-404,-349,-222,-42,147,297,377,374,290,146,-35,-204,-328,-378,-345,-238,-76,103,261,358,379,317,185,7,-170,-314,-396,-393,-300,-142,48,237,378,435,399,281,100,-104,0,0
10529,mtk,MTK 7916,4080313960,rx2-tx1,512,0,0,0,-150,-162,-139,-93,-32,31,81,109,117,101,62,14,-34,-71,-90,-92,-76,-44,2,42,73,93,96,79,46,2,-39,-78,-105,-120,-109,-78,-37,11,56,101,137,142,127,95,45,-18,-76,-128,-167,-178,-156,-115,-48,36,115,174,210,216,184,117,26,-70,-165,-241,-272,-255,-192,-94,29,151,257,320,324,263,152,17,-129,-259,-349,-378,-337,-224,-70,102,257,371,424,397,291,129,-62,-245,-390,-465,-454,-357,-190,13,219,395,496,498,406,241,26,-201,-391,-507,-527,-448,-287,-74,159,365,503,545,478,314,88,-153,-368,-516,-565,-505,-347,-112,148,382,541,0,530,370,130,-148,-399,-578,-653,-600,-425,-169,128,411,618,716,684,511,239,-78,-390,-640,-777,-756,-593,-326,4,339,617,791,814,679,418,84,-277,-595,-796,-846,-735,-491,-157,219,558,791,876,801,571,235,-152,-514,-776,-898,-851,-649,-329,56,439,734,895,895,731,427,41,-339,-664,-868,-916,-793,-523,-166,209,545,784,880,809,591,269,-94,-431,-681,-802,-780,-624,-350,-11,311,570,722,744,634,409,115,-186,-449,-630,-692,-628,-458,-210,67,323,519,624,618,505,315,75,-166,-372,-519,-580,-546,-419,-239,-37,167,341,452,501,481,396,271,132,-5,-127,-210,-251,0,0,0,0,0,98,145,174,184,174,137,77,-4,-94,-171,-233,-268,-252,-197,-111,2,117,216,286,313,285,198,75,-63,-197,-309,-369,-363,-285,-154,11,185,336,435,459,396,260,58,-167,-364,-500,-562,-524,-386,-172,89,340,548,666,659,537,322,32,-270,-532,-710,-763,-680,-468,-173,161,474,706,816,781,612,325,-33,-380,-663,-832,-852,-711,-443,-100,268,595,806,868,775,539,205,-170,-510,-766,-878,-815,-607,-292,83,442,722,858,829,652,351,-23,-381,-671,-841,-853,-702,-414,-55,316,635,828,871,754,486,129,-247,-578,-797,-864,-774,-538,-201,172,510,751,845,781,567,245,0,-459,-710,-826,-782,-585,-268,93,438,694,816,782,596,294,-67,-421,-694,-834,-813,-635,-325,52,419,712,866,856,682,372,-7,-391,-705,-877,-896,-756,-468,-81,325,667,885,935,809,536,162,-240,-595,-837,-921,-838,-603,-256,139,498,761,875,822,622,307,-54,-395,-662,-800,-778,-607,-329,0,326,576,711,709,571,325,28,-260,-498,-638,-649,-534,-318,-48,222,448,581,596,500,315,76,-172,-381,-515,-549,-474,-319,-109,118,313,437,485,444,315,132,-65,-243,-368,-422,-399,-299,-147,25,178,290,347,336,265,151,11,-122,-222,-281,-283,-233,-145,-32,79,165,213,228,0,0,0,0,0,77,-1,-75,-118,-131,-126,-100,-54,1,50,87,102,93,68,33,-12,-53,-78,-94,-88,-59,-20,25,68,91,104,101,77,40,-3,-52,-100,-122,-124,-112,-83,-40,12,67,112,146,158,143,102,44,-22,-91,-148,-185,-196,-175,-123,-50,41,136,205,234,234,186,107,3,-108,-210,-275,-296,-266,-187,-66,71,203,307,349,331,254,122,-38,-188,-320,-401,-397,-315,-185,-16,172,335,432,450,385,246,65,-150,-340,-452,-488,-445,-311,-114,106,306,452,522,493,361,158,-71,-282,-444,-531,-517,-397,-197,37,269,449,540,530,417,227,-13,-264,-457,-557,-553,-442,-241,0,272,483,597,597,486,268,-9,-285,-521,-666,-679,-562,-338,-39,268,527,702,754,658,431,124,-212,-517,-727,-806,-734,-525,-219,132,469,723,838,790,603,301,-65,-419,-698,-847,-839,-671,-377,-3,366,665,849,874,733,452,88,-296,-632,-851,-913,-806,-546,-184,204,557,811,919,855,635,304,-84,-451,-734,-878,-865,-698,-393,-26,330,621,801,838,721,470,137,-215,-516,-714,-786,-713,-510,-223,96,392,611,719,694,539,297,14,-266,-499,-638,-663,-568,-378,-129,135,371,532,603,573,448,263,37,-190,-376,-507,-550,-510,-404,-245,-65,108,258,365,414,402,349,272,178,0,0,0,0,0,-93,-74,-28,35,101,165,212,232,224,182,103,5,-97,-187,-250,-281,-271,-207,-102,28,153,258,322,335,286,178,35,-118,-262,-361,-407,-384,-284,-115,81,274,424,507,497,388,213,-9,-248,-457,-588,-622,-541,-361,-116,164,443,641,725,685,519,257,-61,-380,-629,-773,-787,-665,-407,-77,265,563,775,851,768,544,219,-153,-493,-743,-862,-830,-642,-331,38,401,686,843,854,709,427,62,-316,-629,-818,-861,-748,-495,-139,238,564,789,867,780,546,205,-180,-518,-762,-866,-805,-596,-274,96,451,727,861,833,652,351,-22,-391,-679,-834,-838,-686,-403,-42,325,626,803,0,698,426,71,-294,-595,-782,-823,-704,-447,-98,262,575,784,837,732,481,131,-250,-576,-796,-868,-769,-520,-167,225,579,824,907,817,584,238,-165,-533,-806,-928,-880,-661,-319,79,465,761,915,904,718,393,3,-376,-688,-872,-893,-740,-455,-99,277,591,787,836,722,476,142,-201,-495,-699,-769,-687,-480,-179,141,422,620,693,626,447,191,-105,-374,-558,-632,-584,-426,-194,70,313,492,574,549,422,210,-32,-253,-419,-508,-499,-396,-220,-14,191,352,444,450,372,228,48,-127,-271,-363,-386,-331,-219,-76,75,208,292,315,283,203,94,-31,-147,-219,-248,-234,-179,-95,11,0,0
10530,mtk,MTK 7916,4080416076,rx0-tx0,512,-172,582,587,846,737,577,393,170,-76,-312,-517,-698,-836,-922,-936,-887,-780,-606,-385,-136,140,413,661,861,1000,1065,1056,962,784,545,252,-77,-393,-691,-937,-1108,-1190,-1170,-1055,-859,-592,-270,67,413,719,966,1125,1203,1166,1044,831,559,249,-83,-404,-677,-896,-1060,-1110,-1081,-968,-764,-524,-239,71,348,598,797,908,966,948,845,672,457,220,-32,-263,-475,-630,-735,-790,-778,-700,-579,-409,-232,-33,160,333,473,570,622,623,572,490,368,208,50,-106,-234,-347,-420,-457,-461,-420,-353,-264,-155,-52,46,137,198,247,273,274,249,225,181,140,93,44,-6,-60,-97,-113,-148,-166,-166,-588,-157,-139,-97,-56,-18,38,75,102,128,147,141,123,98,62,18,-22,-51,-64,-68,-67,-55,-24,14,38,67,81,67,55,23,-27,-77,-135,-180,-212,-226,-219,-174,-100,-6,91,210,312,394,449,461,421,330,200,37,-152,-339,-503,-626,-698,-699,-636,-499,-299,-70,184,424,642,799,874,865,780,612,382,116,-175,-451,-684,-855,-938,-953,-869,-689,-463,-186,101,388,631,815,919,944,871,728,520,250,-18,-280,-521,-709,-822,-854,-814,-702,-520,-290,-48,184,401,586,706,756,727,643,483,278,61,-173,-382,-549,-652,-674,-621,-482,-294,-73,151,342,457,493,443,313,134,337,765,-59,-111,-311,-275,-171,-21,152,311,438,508,495,419,279,108,-82,-269,-433,-545,-584,-576,-500,-362,-187,8,208,384,528,609,635,587,495,344,153,-45,-241,-417,-551,-615,-628,-570,-462,-315,-141,58,234,377,477,529,524,478,374,239,103,-43,-171,-276,-341,-362,-343,-304,-238,-142,-68,5,73,125,143,137,136,100,62,28,4,-2,-2,2,32,47,71,101,113,113,93,61,9,-53,-118,-178,-238,-276,-291,-291,-253,-195,-113,-5,102,222,333,405,457,480,458,395,290,152,0,-169,-338,-481,-602,-677,-682,-632,-524,-368,-171,45,273,488,660,783,844,846,763,610,398,-291,-122,-390,-639,-842,-967,-1012,-983,-865,-666,-414,-124,192,493,757,955,1080,1115,1054,905,675,405,88,-232,-530,-785,-988,-1113,-1147,-1091,-950,-736,-480,-173,140,449,720,943,1107,1177,1175,1075,885,638,343,-3,-342,-653,-945,-1150,-1265,-1306,-1226,-1056,-801,-479,-121,261,615,937,1182,1341,1400,1346,1185,928,603,212,-185,-576,-917,-1210,-1396,-1466,-1424,-1260,-996,-654,-262,158,550,906,1213,1403,1466,1423,1265,1007,664,279,-133,-518,-870,-1140,-1307,-1374,-1336,-1182,-948,-641,-282,88,439,748,987,1145,1212,1174,1054,858,604,315,3,-295,-554,-776,-929,-1008,-1006,-941,-816,-629,-409,-154,92,323,85,54,126,97,-129,-289,-507,-675,-801,-887,-905,-853,-751,-600,-395,-157,97,338,569,769,908,990,1003,935,797,592,337,54,-242,-532,-787,-982,-1113,-1146,-1081,-944,-712,-432,-98,236,557,830,1048,1175,1209,1141,979,728,426,86,-254,-569,-841,-1038,-1150,-1168,-1085,-911,-693,-402,-84,217,514,755,922,1032,1039,961,825,607,356,92,-181,-435,-637,-782,-865,-876,-818,-702,-530,-336,-119,110,308,487,610,684,704,672,594,471,313,143,-36,-200,-346,-472,-545,-558,-532,-463,-370,-247,-121,17,147,244,320,358,363,354,310,245,175,95,14,-45,-96,-143,-171,-193,-198,-198,-181,-146,-124,-102,-50,-3,321,75,110,145,152,169,162,133,104,72,28,-18,-54,-83,-107,-109,-100,-77,-51,-22,2,31,52,55,49,37,-5,-42,-77,-118,-135,-139,-117,-70,-11,59,137,213,283,320,337,312,243,152,26,-127,-282,-416,-519,-580,-583,-528,-413,-255,-49,174,394,587,720,795,801,719,566,340,80,-186,-449,-676,-841,-928,-928,-831,-663,-424,-150,143,443,676,840,939,952,880,716,492,228,-58,-340,-577,-772,-878,-896,-850,-722,-526,-281,-23,229,461,650,766,806,768,674,511,298,66,-162,-372,-555,-668,-721,-694,-587,-423,-211,16,238,431,555,608,571,448,265,67,-129,-264,532,449,-436,-123,-86,89,227,344,415,417,345,213,38,-150,-326,-468,-544,-554,-499,-388,-219,-32,156,345,492,586,625,590,500,353,174,-29,-228,-404,-552,-630,-644,-599,-497,-338,-150,52,247,405,522,589,592,532,423,281,116,-49,-201,-339,-418,-455,-451,-399,-312,-195,-78,27,117,205,244,246,239,209,161,89,41,-6,-45,-52,-48,-33,-10,0,26,35,30,24,-2,-37,-79,-125,-166,-198,-203,-194,-165,-119,-44,32,127,219,290,353,382,387,360,287,187,72,-70,-207,-341,-460,-543,-579,-569,-505,-396,-260,-82,121,314,497,640,741,778,755,651,488,276,40,-220,-467,-678,-832,374,-938,-876,-743,-541,-275,10,304,578,810,973,1067,1066,970,795,552,265,-61,-376,-670,-893,-1053,-1131,-1113,-1004,-824,-568,-268,53,358,644,872,1047,1137,1138,1055,893,675,399,90,-234,-558,-825,-1026,-1180,-1251,-1208,-1084,-867,-561,-244,107,468,787,1062,1247,1341,1333,1221,1016,719,367,-19,-404,-773,-1072,-1302,-1424,-1428,-1321,-1116,-823,-443,-42,370,759,1081,1316,1456,1465,1361,1160,861,476,69,-345,-731,-1056,-1284,-1413,-1420,-1320,-1121,-822,-472,-90,303,654,943,1159,1284,1293,1205,1018,761,458,120,-217,-517,-774,-963,-1080,-1115,-1043,-917,-726,-495,-221,57,319,553,738,867,935,925,860,-69,-96
10531,mtk,MTK 7916,4080416076,rx0-tx1,512,379,-184,-338,-712,-838,-913,-915,-836,-695,-500,-257,2,282,546,772,937,1031,1047,982,846,635,360,58,-254,-553,-813,-1009,-1128,-1162,-1111,-962,-735,-449,-121,217,545,831,1043,1181,1237,1187,1048,825,537,211,-138,-477,-780,-1021,-1187,-1255,-1230,-1110,-910,-637,-315,28,374,686,945,1138,1236,1246,1161,989,744,439,101,-239,-561,-835,-1052,-1191,-1234,-1187,-1045,-833,-555,-230,109,427,715,950,1107,1180,1168,1062,874,627,340,26,-285,-569,-805,-983,-1087,-1111,-1047,-905,-699,-450,-166,125,406,652,847,977,1036,1018,919,764,557,307,38,-236,-488,-703,-861,-956,-987,-948,-843,-665,-443,-194,84,349,589,-430,941,1008,1002,929,778,569,306,20,-273,-545,-780,-957,-1054,-1066,-995,-847,-628,-354,-52,256,540,780,962,1066,1075,1002,846,619,341,36,-271,-549,-786,-950,-1042,-1040,-951,-788,-561,-294,-9,268,527,730,873,938,932,837,689,494,257,12,-235,-462,-628,-752,-814,-799,-732,-599,-435,-239,-21,191,370,519,623,680,674,624,517,377,208,40,-131,-295,-417,-504,-549,-545,-500,-432,-310,-177,-47,85,211,316,389,428,432,406,346,257,157,49,-55,-159,-237,-304,-338,-343,-324,-276,-206,-120,-31,63,150,218,260,283,279,245,181,112,23,-67,-138,-192,-219,-211,-173,-110,-40,303,165,481,607,497,268,262,197,86,-49,-186,-306,-389,-419,-401,-331,-222,-89,63,202,326,422,474,482,452,374,253,110,-36,-186,-328,-443,-528,-563,-561,-505,-402,-261,-80,104,281,449,585,672,707,684,602,458,265,41,-189,-411,-609,-755,-844,-859,-791,-658,-461,-210,54,322,564,767,907,957,927,815,624,386,113,-176,-446,-668,-845,-942,-959,-887,-748,-537,-287,-20,248,496,688,826,893,876,788,636,439,214,-17,-249,-455,-612,-718,-758,-748,-679,-561,-402,-211,-18,169,339,490,583,639,645,605,515,399,253,91,-68,-219,-358,-463,-532,-562,-554,-505,-425,-313,-180,-45,93,228,346,230,505,528,520,475,389,276,151,7,-131,-265,-379,-466,-521,-534,-505,-441,-345,-226,-90,51,189,314,407,475,507,497,454,374,268,149,22,-107,-220,-317,-389,-430,-440,-422,-373,-299,-213,-116,-14,84,169,246,306,341,355,348,330,289,233,166,89,10,-71,-152,-222,-287,-338,-378,-382,-369,-337,-270,-193,-104,7,122,228,329,410,464,488,470,423,349,239,115,-23,-165,-291,-407,-494,-553,-564,-532,-466,-366,-232,-83,68,221,367,484,569,614,614,567,484,369,221,48,-119,-289,-443,-563,-646,-689,-680,-620,-513,-368,-188,-1,195,385,554,677,756,783,748,654,514,198,438,11,-503,-408,-533,-318,-84,172,423,640,822,936,988,965,857,683,444,170,-125,-411,-673,-894,-1042,-1109,-1091,-988,-801,-548,-252,71,396,694,934,1106,1197,1191,1095,902,642,336,-6,-353,-668,-935,-1125,-1230,-1242,-1157,-982,-733,-422,-78,267,594,874,1090,1218,1256,1203,1055,832,544,213,-126,-466,-766,-1009,-1172,-1244,-1221,-1106,-911,-653,-340,-2,339,643,898,1091,1198,1205,1125,967,731,444,128,-196,-506,-770,-971,-1101,-1152,-1113,-987,-791,-541,-250,57,357,620,829,984,1061,1061,978,825,619,369,99,-188,-450,-670,-848,-960,-1006,-978,-873,-708,-495,-250,13,276,527,737,887,982,1002,938,808,-1099,393,114,-161,-434,-676,-869,-997,-1047,-1014,-900,-717,-475,-188,113,407,668,881,1021,1078,1052,938,748,505,203,-106,-408,-673,-889,-1023,-1078,-1035,-910,-709,-457,-168,138,421,668,855,972,1001,955,828,637,401,143,-130,-389,-597,-761,-855,-879,-838,-720,-549,-354,-117,107,323,503,634,724,751,707,619,482,316,131,-57,-233,-397,-522,-599,-616,-601,-524,-413,-281,-120,41,182,311,418,466,485,472,425,340,235,109,-13,-131,-237,-317,-365,-380,-373,-336,-272,-193,-89,6,100,187,252,291,310,302,267,205,126,39,-48,-134,-198,-243,-264,-244,-197,-134,-53,30,101,149,171,-381,-468,-407,106,367,-36,-150,-260,-334,-357,-329,-249,-127,15,156,288,383,443,446,405,331,219,82,-62,-206,-340,-442,-498,-518,-498,-425,-317,-171,-13,151,312,451,565,631,635,592,501,352,170,-33,-239,-438,-603,-725,-782,-774,-698,-550,-352,-120,134,378,594,776,886,918,873,746,559,305,28,-253,-523,-746,-890,-966,-956,-862,-697,-473,-201,80,351,585,778,894,934,890,770,589,369,111,-142,-372,-569,-715,-802,-828,-783,-671,-514,-318,-105,104,312,480,609,684,700,671,592,462,303,141,-34,-202,-352,-469,-561,-598,-593,-547,-469,-349,-216,-72,80,221,348,452,514,540,531,484,403,-198,169,31,-107,-245,-368,-452,-512,-530,-510,-461,-373,-262,-124,23,162,289,400,479,522,519,484,412,312,193,53,-88,-213,-325,-409,-460,-480,-461,-409,-330,-233,-121,-6,106,207,287,346,383,394,375,343,289,213,128,39,-40,-121,-198,-260,-307,-337,-348,-344,-319,-278,-220,-151,-65,31,120,215,300,357,406,436,428,390,324,227,116,-10,-139,-258,-372,-461,-511,-532,-509,-451,-363,-247,-107,48,196,332,452,539,582,586,556,483,372,236,75,-95,-257,-396,-518,-606,-645,-636,-593,-500,-371,-211,-33,155,333,490,618,701,732,713,643,520,359,170,-41,-261,-454,-619,-566,-423
10532,mtk,MTK 7916,4080416076,rx1-tx0,512,-13,-1159,-648,365,242,98,-50,-189,-317,-417,-469,-484,-455,-381,-276,-145,1,139,276,382,450,487,478,426,332,201,57,-81,-224,-356,-455,-515,-531,-497,-423,-309,-172,-13,154,305,450,550,603,603,558,467,329,150,-45,-239,-419,-568,-677,-725,-717,-644,-510,-337,-122,106,340,547,708,815,855,820,715,552,328,72,-200,-455,-674,-839,-940,-952,-887,-743,-529,-274,14,295,556,768,914,992,973,869,706,481,218,-61,-331,-568,-770,-896,-951,-928,-836,-676,-470,-232,25,266,499,685,813,884,892,833,711,544,329,94,-143,-380,-595,-755,-871,-924,-911,-832,-686,-492,-253,30,305,555,231,966,1064,1079,1021,867,638,348,22,-324,-640,-914,-1129,-1249,-1261,-1174,-982,-704,-355,24,414,776,1066,1275,1383,1373,1241,1008,684,295,-126,-536,-897,-1192,-1391,-1468,-1419,-1258,-988,-631,-226,192,599,957,1243,1426,1491,1431,1264,981,618,204,-227,-644,-1018,-1297,-1489,-1549,-1480,-1289,-987,-599,-153,308,753,1130,1429,1589,1610,1496,1255,880,429,-63,-541,-980,-1322,-1534,-1619,-1535,-1308,-975,-561,-91,371,786,1123,1339,1434,1396,1226,946,590,186,-214,-582,-874,-1094,-1203,-1188,-1075,-855,-567,-229,116,439,706,896,1003,1000,894,695,425,110,-204,-487,-707,-829,-836,-732,-525,-258,23,278,449,512,-1063,-1397,101,53,303,494,502,398,209,-39,-311,-552,-718,-781,-745,-604,-388,-117,179,447,680,843,909,894,785,587,325,28,-279,-567,-809,-973,-1052,-1035,-918,-705,-426,-95,254,590,875,1099,1220,1228,1132,920,630,269,-130,-524,-874,-1152,-1342,-1400,-1343,-1164,-878,-505,-73,373,781,1133,1391,1530,1540,1403,1132,772,334,-138,-598,-1006,-1344,-1540,-1614,-1553,-1353,-1026,-611,-131,353,803,1183,1453,1591,1602,1464,1204,839,396,-51,-496,-901,-1216,-1429,-1504,-1457,-1291,-1028,-682,-282,120,518,847,1121,1304,1367,1320,1176,940,633,273,-101,-469,-776,-1030,-1198,-1276,-1252,-1126,-919,-643,-320,33,376,683,949,1134,1235,1238,-49,984,727,404,73,-281,-619,-909,-1129,-1270,-1306,-1235,-1077,-826,-499,-130,251,628,961,1215,1364,1408,1342,1160,875,509,94,-322,-724,-1077,-1325,-1465,-1475,-1353,-1126,-800,-399,33,458,840,1153,1353,1434,1407,1242,990,653,264,-142,-526,-850,-1097,-1250,-1291,-1219,-1056,-807,-497,-170,168,484,742,948,1062,1079,1030,902,701,441,168,-116,-374,-614,-799,-909,-941,-905,-796,-624,-410,-170,76,318,536,701,797,838,815,718,565,363,139,-87,-312,-508,-653,-738,-758,-716,-609,-457,-266,-62,144,340,499,608,659,656,594,479,327,149,-40,-218,-369,-479,-550,-573,-536,-461,-351,-200,-33,128,271,-586,-445,221,-888,-1314,-347,-442,-488,-488,-446,-370,-255,-120,20,166,298,397,463,482,462,404,298,171,28,-119,-253,-370,-457,-493,-493,-458,-375,-252,-110,49,198,335,445,520,560,547,492,392,245,75,-103,-274,-431,-560,-644,-667,-637,-550,-414,-237,-33,177,385,557,690,774,793,746,618,443,219,-29,-283,-507,-699,-837,-907,-900,-806,-642,-426,-168,113,382,630,818,940,983,936,815,620,380,99,-195,-458,-684,-855,-956,-977,-915,-785,-587,-337,-72,191,434,647,803,901,919,869,760,589,383,150,-94,-334,-539,-709,-830,-887,-886,-824,-693,-513,-299,-49,208,454,670,839,961,1008,966,853,-568,449,159,-138,-442,-725,-947,-1102,-1173,-1149,-1020,-813,-528,-179,181,538,856,1112,1278,1335,1289,1124,860,528,133,-280,-670,-999,-1257,-1409,-1447,-1351,-1141,-839,-466,-43,382,770,1104,1338,1463,1469,1356,1129,817,421,-1,-424,-811,-1144,-1376,-1500,-1499,-1386,-1141,-807,-411,38,471,880,1223,1467,1583,1566,1411,1144,768,302,-173,-637,-1053,-1384,-1579,-1638,-1541,-1314,-949,-513,-33,464,896,1233,1454,1543,1474,1289,976,584,150,-281,-678,-997,-1221,-1322,-1294,-1144,-901,-591,-223,146,490,780,984,1094,1088,982,777,515,205,-126,-427,-683,-863,-935,-900,-760,-537,-245,62,350,569,685,689,581,381,159,995,414,-164,-580,-476,0,-215,-436,-596,-671,-638,-489,-260,14,297,556,742,848,841,744,570,326,43,-244,-523,-752,-910,-981,-955,-838,-634,-366,-52,279,591,849,1035,1139,1133,1023,813,524,166,-203,-567,-887,-1127,-1285,-1322,-1233,-1032,-737,-373,42,449,840,1156,1376,1482,1445,1283,1009,630,204,-254,-699,-1084,-1378,-1555,-1584,-1476,-1249,-904,-464,0,481,913,1268,1511,1624,1588,1420,1120,717,263,-208,-668,-1054,-1354,-1518,-1554,-1473,-1257,-938,-542,-107,316,713,1040,1289,1414,1426,1319,1105,827,467,72,-313,-665,-958,-1172,-1297,-1319,-1229,-1042,-784,-459,-112,252,585,862,1076,1210,1255,1192,1046,818,527,193,-160,425,-783,-1039,-1193,-1258,-1243,-1118,-905,-620,-284,85,444,776,1061,1261,1352,1342,1226,1003,691,319,-78,-482,-848,-1156,-1367,-1465,-1432,-1287,-1018,-660,-253,187,603,964,1247,1425,1471,1394,1199,899,523,123,-298,-686,-1002,-1236,-1359,-1363,-1253,-1036,-745,-394,-14,347,665,931,1104,1184,1173,1058,863,614,305,0,-294,-566,-789,-929,-999,-988,-906,-761,-549,-301,-40,218,466,661,798,868,876,822,697,509,283,47,-193,-412,-594,-726,-789,-794,-731,-604,-426,-221,-2,218,412,570,668,708,687,608,475,303,113,-82,-271,-427,-542,-609,-618,-568,-469,-339,-185,-7,168,311,431,512,538,515,449,-176,-410
10533,mtk,MTK 7916,4080416076,rx1-tx1,512,0,0,0,239,134,-6,-148,-263,-315,-283,-174,-21,142,274,338,318,212,45,-133,-280,-358,-348,-243,-67,131,300,391,382,264,65,-144,-320,-415,-405,-288,-96,134,343,470,465,335,118,-143,-377,-511,-523,-409,-175,117,376,546,592,481,236,-67,-362,-583,-659,-564,-330,-7,328,589,711,659,438,111,-250,-560,-734,-722,-539,-228,145,491,722,770,630,344,-31,-406,-677,-785,-697,-447,-92,292,598,761,748,561,238,-145,-488,-704,-754,-629,-365,-22,324,574,690,647,450,154,-163,-433,-591,-613,-494,-268,7,268,450,517,460,305,95,-113,-285,-381,-372,-280,-133,33,161,231,244,0,96,-4,-85,-127,-126,-85,-13,54,90,90,59,7,-64,-122,-141,-118,-65,23,119,202,237,206,122,10,-119,-223,-282,-277,-215,-103,40,174,263,295,273,187,60,-72,-186,-249,-257,-220,-137,-39,57,139,184,178,144,92,31,-23,-66,-93,-94,-63,-44,-43,-38,-27,-13,-3,19,56,99,120,123,110,70,-1,-78,-145,-190,-195,-156,-86,10,120,203,236,217,159,61,-54,-152,-223,-240,-194,-101,7,109,185,226,209,136,34,-73,-165,-215,-207,-150,-57,58,158,219,237,205,113,-10,-129,-224,-277,-267,-202,-96,29,150,247,300,298,248,163,62,-34,-119,0,0,0,0,0,-55,-16,38,99,149,186,198,180,117,25,-78,-177,-252,-280,-246,-170,-52,93,219,305,334,288,168,8,-167,-311,-388,-375,-277,-116,77,273,413,455,391,236,15,-225,-423,-519,-498,-373,-147,127,375,542,591,503,299,9,-290,-518,-637,-609,-426,-145,170,451,634,663,529,269,-54,-368,-596,-682,-590,-359,-46,296,576,698,651,455,143,-208,-515,-702,-719,-562,-267,95,436,675,747,635,373,16,-348,-621,-744,-696,-475,-140,225,533,706,705,528,227,-134,-460,-664,-703,-572,-294,62,397,630,698,596,354,20,-325,-587,-697,-631,-407,-73,276,553,697,666,466,147,0,-519,-699,-701,-526,-224,140,474,684,726,593,313,-47,-399,-654,-753,-659,-391,-22,341,617,745,699,478,127,-253,-558,-726,-716,-526,-206,169,499,697,726,567,270,-93,-423,-645,-704,-583,-315,29,366,598,684,602,359,27,-313,-567,-667,-596,-379,-68,259,522,647,608,419,121,-207,-470,-610,-599,-441,-167,144,416,578,593,464,217,-85,-355,-530,-566,-461,-246,25,279,462,523,454,276,36,-212,-397,-471,-427,-280,-79,136,310,392,378,263,86,-101,-244,-314,-300,-210,-73,75,202,263,242,165,46,-84,-180,-207,-181,-106,3,104,177,191,147,48,-68,-158,-205,-200,0,0,0,0,0,145,247,291,258,159,10,-150,-271,-328,-302,-193,-34,144,289,357,333,221,50,-133,-289,-378,-366,-250,-66,143,316,408,393,280,85,-140,-332,-440,-429,-309,-101,142,354,487,496,366,145,-123,-375,-541,-568,-440,-200,90,372,568,621,526,294,-26,-349,-584,-677,-610,-387,-54,297,574,721,691,487,162,-210,-541,-730,-740,-581,-271,108,455,699,780,673,404,36,-345,-643,-784,-737,-509,-162,214,539,732,750,591,299,-70,-414,-644,-724,-646,-412,-90,238,508,652,640,479,209,-93,-350,-516,-566,-487,-293,-47,192,377,455,419,297,122,-64,-219,-297,-300,-242,-129,7,0,179,183,131,56,-18,-74,-100,-87,-39,30,90,112,97,46,-34,-113,-167,-186,-165,-92,18,132,218,258,246,175,54,-81,-203,-283,-294,-240,-143,-5,131,234,278,269,211,113,-16,-124,-193,-223,-208,-151,-69,22,100,135,143,127,95,54,19,-3,-26,-44,-49,-47,-60,-75,-83,-83,-63,-19,39,91,139,170,166,115,35,-54,-134,-194,-213,-187,-121,-30,75,173,226,228,176,92,-17,-128,-207,-229,-196,-120,-19,91,181,221,206,145,42,-74,-164,-211,-217,-175,-82,35,138,217,254,230,145,30,-88,-199,-272,-292,-258,-175,-65,52,159,238,267,256,215,0,0,0,0,0,-101,-129,-140,-135,-98,-35,42,127,200,241,238,191,98,-20,-141,-247,-301,-296,-233,-112,42,192,308,355,325,227,60,-132,-302,-408,-412,-328,-175,40,254,419,497,458,305,75,-177,-400,-542,-556,-438,-217,60,329,534,617,556,361,76,-234,-494,-640,-639,-480,-214,103,412,621,678,571,322,-6,-328,-574,-685,-627,-412,-93,251,538,698,691,507,201,-156,-475,-676,-725,-605,-328,35,376,635,749,672,427,81,-283,-577,-729,-702,-510,-184,179,492,688,709,545,255,-91,-414,-635,-701,-585,-318,26,357,600,697,615,382,43,-303,-572,-695,-652,-443,-126,234,530,690,0,492,183,-170,-491,-691,-717,-562,-268,86,434,679,742,620,354,-10,-373,-639,-751,-673,-422,-75,294,598,744,708,505,175,-202,-519,-706,-711,-545,-242,129,460,664,708,575,284,-67,-395,-629,-700,-596,-338,5,346,592,676,593,368,47,-288,-540,-653,-605,-396,-88,236,499,629,603,426,138,-181,-455,-607,-600,-446,-186,124,394,557,586,474,235,-56,-317,-492,-547,-471,-275,-8,256,434,499,449,286,56,-176,-353,-435,-402,-281,-80,125,278,358,342,231,70,-92,-220,-284,-278,-196,-67,73,181,231,210,130,20,-87,-165,-193,-154,-68,34,126,182,181,117,18,-93,0,0
10534,mtk,MTK 7916,4080416076,rx2-tx0,512,0,0,0,-412,-218,43,296,470,527,445,245,-28,-299,-487,-552,-480,-279,3,285,492,575,517,314,17,-280,-500,-597,-538,-336,-39,268,509,619,564,354,56,-256,-517,-643,-589,-377,-69,259,529,666,619,401,74,-278,-560,-698,-654,-434,-97,278,588,750,711,480,120,-279,-615,-795,-769,-543,-162,270,631,843,845,620,232,-223,-628,-880,-908,-704,-314,167,609,905,974,786,400,-86,-559,-895,-1014,-873,-507,-16,480,855,1015,924,598,111,-393,-800,-1008,-955,-673,-225,293,721,966,978,737,311,-179,-622,-908,-957,-758,-382,85,535,842,925,774,427,-24,-460,-770,-886,-770,-445,-18,0,741,867,768,472,46,-392,-724,-871,-791,-502,-80,360,709,890,838,563,136,-324,-705,-913,-892,-641,-221,261,684,940,963,738,324,-179,-643,-949,-1015,-833,-444,64,565,927,1062,930,559,49,-479,-891,-1083,-1006,-684,-184,366,828,1089,1082,809,335,-225,-731,-1062,-1141,-942,-507,55,599,999,1163,1050,680,153,-406,-864,-1113,-1105,-836,-371,174,662,993,1081,913,537,43,-449,-819,-995,-928,-642,-225,229,619,853,881,706,365,-48,-431,-702,-801,-712,-463,-111,250,541,698,690,529,254,-72,-368,-571,-646,-584,-397,-132,145,378,530,574,506,347,137,-75,-257,-378,-421,-394,-311,0,0,0,0,0,370,345,252,92,-106,-307,-474,-571,-560,-434,-215,60,335,554,660,628,460,180,-156,-469,-681,-743,-636,-379,-21,359,665,829,805,582,207,-229,-626,-895,-960,-793,-429,47,533,911,1084,1002,679,186,-372,-861,-1158,-1187,-936,-452,146,718,1139,1301,1152,731,130,-509,-1033,-1322,-1300,-970,-402,254,855,1257,1361,1130,639,-1,-643,-1126,-1333,-1224,-824,-228,420,962,1263,1252,935,406,-220,-793,-1157,-1232,-1014,-553,45,619,1034,1192,1052,651,102,-461,-911,-1127,-1055,-733,-228,326,792,1055,1050,780,328,-201,-676,-974,-1023,-820,-413,91,568,903,1001,843,480,0,-475,-824,-959,-850,-536,0,388,753,926,863,581,151,-308,-684,-887,-863,-623,-229,220,607,838,858,653,283,-152,-539,-782,-830,-670,-334,81,464,727,800,665,368,-19,-405,-675,-766,-659,-382,-15,350,622,721,631,383,41,-307,-565,-676,-607,-381,-64,265,523,633,574,364,62,-247,-486,-596,-545,-346,-60,239,472,573,512,318,45,-236,-452,-546,-490,-301,-41,229,437,528,477,296,36,-229,-430,-514,-464,-291,-44,211,410,495,443,278,40,-202,-388,-465,-415,-255,-28,202,375,446,395,237,17,-204,-369,-432,-377,-221,-3,225,387,436,371,207,-18,-240,-393,-445,-374,-199,31,256,413,463,388,0,0,0,0,0,-293,-459,-505,-423,-230,32,292,480,542,460,264,-8,-291,-499,-573,-496,-298,-17,276,498,590,530,327,32,-276,-507,-606,-548,-348,-50,267,513,624,569,368,66,-267,-530,-653,-605,-392,-71,270,549,684,641,422,91,-270,-571,-717,-674,-460,-108,278,596,766,737,509,139,-281,-633,-825,-809,-584,-196,253,641,865,873,662,268,-199,-623,-896,-941,-743,-354,127,579,892,987,833,455,-43,-530,-885,-1022,-899,-547,-59,441,835,1019,952,645,171,-339,-761,-995,-982,-718,-270,233,672,938,968,755,353,-136,-582,-877,-946,-769,-409,50,496,809,907,770,434,-2,-433,-754,-873,0,-458,-41,394,726,861,772,481,64,-368,-712,-873,-806,-525,-108,346,715,901,862,602,181,-298,-702,-933,-931,-689,-270,223,664,945,991,783,380,-120,-606,-940,-1035,-878,-502,8,522,905,1071,968,618,114,-423,-862,-1089,-1051,-748,-258,293,787,1090,1116,867,414,-145,-675,-1043,-1157,-992,-590,-46,508,946,1156,1083,761,262,-297,-777,-1064,-1106,-886,-457,64,557,910,1042,932,605,139,-341,-722,-927,-909,-679,-301,133,526,781,845,707,411,32,-346,-625,-751,-700,-492,-183,157,455,640,674,560,324,26,-264,-490,-605,-593,-460,-240,15,250,424,515,508,416,266,97,-58,-180,0,0,0,0,0,85,237,377,475,498,437,286,62,-191,-423,-576,-622,-545,-348,-65,246,509,669,692,556,278,-69,-409,-675,-787,-712,-471,-107,300,654,867,886,689,313,-148,-586,-909,-1030,-904,-558,-66,466,900,1129,1096,809,323,-252,-786,-1148,-1247,-1050,-602,2,621,1100,1323,1232,851,268,-390,-956,-1301,-1338,-1060,-533,128,755,1191,1348,1186,738,118,-532,-1055,-1315,-1252,-890,-324,311,871,1212,1255,993,486,-132,-701,-1093,-1215,-1039,-608,-31,546,978,1160,1055,690,165,-392,-848,-1092,-1058,-765,-285,262,737,1019,1042,807,373,-151,-624,-934,-1007,-829,-441,47,520,861,979,848,506,39,-433,-789,0,-860,-559,-119,347,719,908,864,604,198,-260,-648,-865,-862,-641,-261,181,572,814,847,656,304,-111,-497,-758,-820,-667,-348,46,426,695,778,661,377,-4,-374,-643,-741,-644,-387,-32,329,597,699,621,386,51,-290,-546,-653,-589,-378,-67,256,503,613,560,359,64,-242,-474,-577,-526,-329,-49,240,461,554,496,309,39,-243,-451,-536,-485,-305,-41,226,432,522,472,296,42,-217,-419,-503,-454,-283,-42,208,397,481,432,268,40,-196,-379,-456,-405,-247,-23,206,370,436,388,229,5,-216,-375,-432,-373,-213,11,232,388,440,373,202,-30,-250,-409,-457,-382,-204,32,260,0,0
10535,mtk,MTK 7916,4080416076,rx2-tx1,512,0,0,0,126,47,-38,-113,-154,-144,-100,-39,34,98,131,127,90,33,-32,-92,-129,-130,-98,-39,24,87,134,139,118,75,4,-73,-123,-149,-145,-110,-53,17,86,137,163,157,113,50,-23,-93,-144,-175,-170,-130,-60,26,111,174,200,186,134,47,-52,-143,-212,-237,-213,-134,-24,101,207,267,272,221,111,-33,-167,-274,-325,-296,-196,-48,117,263,350,358,286,142,-42,-226,-355,-400,-359,-227,-31,172,336,422,414,302,109,-113,-311,-438,-461,-371,-194,34,263,423,484,433,277,44,-201,-397,-499,-480,-337,-111,142,367,504,512,389,172,-91,-340,-504,-542,-448,-231,44,0,527,595,522,316,15,-296,-535,-653,-619,-425,-121,222,521,704,714,555,256,-114,-462,-715,-799,-683,-403,-30,364,680,832,781,551,181,-239,-607,-829,-857,-687,-346,89,517,813,911,793,488,65,-381,-745,-931,-895,-639,-232,242,657,917,962,782,412,-59,-515,-861,-1005,-908,-595,-143,338,740,966,966,748,352,-129,-574,-880,-971,-842,-529,-93,372,734,917,890,662,278,-161,-556,-815,-874,-739,-440,-39,360,658,808,771,549,217,-161,-495,-708,-752,-632,-382,-54,282,550,691,678,520,262,-42,-328,-540,-635,-606,-455,-222,39,278,457,544,532,429,272,99,-69,-198,-268,0,0,0,0,0,151,130,83,10,-77,-157,-218,-250,-232,-166,-65,55,170,251,283,261,180,53,-92,-219,-298,-319,-263,-142,19,182,304,359,331,224,59,-135,-301,-398,-410,-323,-149,79,289,436,495,435,267,33,-233,-457,-581,-564,-414,-172,130,405,596,664,568,335,22,-305,-575,-713,-690,-504,-187,168,490,712,770,636,350,-15,-380,-664,-794,-737,-511,-165,226,569,771,788,620,310,-79,-449,-710,-804,-709,-437,-62,319,629,787,750,526,179,-207,-549,-755,-778,-611,-294,96,465,723,796,673,399,33,-349,-649,-799,-754,-519,-163,231,571,776,789,606,284,-102,-468,-716,-784,-660,0,-4,360,645,772,694,448,99,-278,-582,-745,-726,-517,-180,202,541,740,754,582,261,-131,-487,-727,-801,-672,-362,39,422,705,827,749,477,86,-322,-658,-838,-814,-591,-217,203,570,806,853,691,369,-41,-450,-734,-844,-758,-486,-102,295,615,787,766,554,223,-152,-489,-697,-728,-584,-305,44,373,594,664,570,341,34,-272,-500,-600,-554,-364,-89,198,436,550,529,383,150,-119,-357,-500,-513,-402,-191,60,285,435,475,402,230,5,-210,-367,-433,-397,-264,-70,134,294,378,373,274,113,-66,-210,-307,-334,-273,-145,9,151,245,273,241,151,25,-94,-187,-228,-212,-152,0,0,0,0,0,122,161,160,114,41,-37,-98,-133,-136,-96,-31,38,99,131,126,86,29,-35,-90,-129,-136,-108,-52,20,84,132,155,140,89,20,-47,-106,-145,-153,-130,-80,-11,61,120,157,167,144,84,8,-68,-138,-181,-187,-158,-93,1,95,166,207,214,168,85,-17,-124,-213,-260,-251,-179,-59,67,185,276,304,258,158,16,-142,-270,-337,-326,-240,-95,79,239,343,374,316,176,-12,-203,-354,-422,-391,-260,-62,148,324,433,436,342,158,-75,-287,-431,-474,-406,-242,-8,229,407,487,453,306,77,-174,-385,-507,-500,-366,-148,116,356,502,529,424,206,-68,-328,-511,-569,0,-276,8,304,527,616,562,361,55,-266,-534,-677,-661,-483,-181,175,503,714,761,630,335,-47,-414,-698,-828,-748,-485,-104,303,638,827,827,623,263,-163,-545,-813,-886,-739,-415,12,444,778,921,838,560,140,-325,-713,-931,-939,-722,-320,160,596,892,986,850,508,44,-429,-801,-987,-936,-666,-243,238,658,926,983,804,436,-28,-470,-801,-943,-868,-583,-170,274,650,873,888,696,353,-66,-461,-741,-847,-752,-496,-135,252,580,763,769,609,310,-47,-388,-636,-738,-672,-461,-161,167,446,625,668,570,359,86,-194,-421,-561,-591,-520,-352,-132,91,277,401,445,414,334,216,0,0,0,0,0,58,123,174,205,202,167,94,-6,-112,-207,-264,-266,-217,-127,-6,125,232,296,293,220,93,-56,-193,-294,-336,-298,-179,-17,159,305,378,367,271,96,-105,-295,-427,-456,-381,-208,27,268,454,532,497,348,102,-180,-431,-591,-619,-502,-252,56,355,587,693,630,421,105,-254,-543,-713,-726,-568,-280,86,444,689,780,693,430,73,-298,-611,-788,-773,-571,-241,149,507,734,799,673,369,-20,-388,-667,-789,-713,-467,-114,271,591,770,758,559,225,-158,-508,-741,-793,-654,-354,32,414,692,801,722,467,92,-294,-611,-785,-769,-562,-221,167,511,732,779,635,327,-60,-429,0,-787,-682,-414,-51,328,631,770,715,491,144,-240,-564,-743,-737,-550,-222,168,521,744,774,610,304,-80,-458,-727,-811,-696,-414,-26,378,689,836,783,536,164,-256,-619,-830,-849,-656,-299,121,505,771,847,728,431,27,-368,-673,-820,-765,-526,-166,225,553,738,746,581,272,-97,-426,-647,-704,-585,-327,8,321,543,631,558,351,67,-224,-454,-576,-540,-371,-118,160,391,521,520,386,163,-92,-328,-474,-497,-407,-219,24,249,401,450,395,253,47,-168,-330,-408,-385,-266,-94,92,255,349,352,268,126,-39,-187,-285,-311,-259,-148,-11,124,220,262,237,154,43,-68,-163,0,0
10536,mtk,MTK 7916,4080456537,rx0-tx0,512,-172,-560,-595,-261,-442,-601,-732,-813,-861,-869,-818,-720,-585,-418,-222,-9,208,423,623,784,917,992,994,953,848,685,475,220,-52,-326,-587,-818,-996,-1115,-1161,-1125,-1018,-844,-608,-322,-21,290,582,837,1032,1153,1206,1167,1050,864,632,352,51,-247,-524,-771,-955,-1071,-1123,-1085,-999,-840,-618,-369,-94,168,406,630,805,912,965,955,883,752,576,377,157,-62,-272,-456,-605,-708,-763,-770,-725,-642,-534,-371,-197,-20,149,300,431,522,582,600,591,529,437,323,194,67,-55,-177,-283,-348,-383,-400,-391,-347,-295,-227,-155,-75,-10,51,104,143,182,200,210,216,210,182,169,148,117,81,-588,-13,-52,-90,-130,-156,-169,-184,-175,-148,-128,-93,-48,0,46,79,109,126,118,107,81,51,9,-25,-52,-62,-70,-66,-41,-6,32,75,117,157,180,194,169,122,62,-13,-107,-204,-291,-375,-420,-429,-402,-331,-222,-101,53,224,378,508,620,669,671,615,499,344,142,-72,-295,-507,-675,-803,-864,-845,-774,-630,-431,-194,54,308,536,717,850,914,900,825,690,496,268,21,-232,-467,-653,-796,-865,-868,-810,-700,-523,-312,-88,143,345,528,666,749,768,731,648,501,327,135,-83,-280,-449,-580,-655,-680,-654,-553,-410,-220,-16,182,365,491,555,547,461,320,143,-25,-245,-377,765,71,115,264,347,380,355,266,132,-32,-212,-365,-472,-540,-551,-497,-388,-240,-67,111,285,436,547,615,618,572,477,335,162,-15,-201,-364,-508,-608,-644,-636,-578,-466,-316,-144,43,219,365,481,560,589,565,498,392,256,99,-48,-178,-287,-365,-419,-435,-405,-339,-264,-170,-73,14,85,144,176,193,185,159,132,100,63,39,19,6,15,18,32,49,72,75,73,71,52,19,-22,-60,-108,-155,-207,-253,-266,-268,-264,-230,-172,-94,-1,97,200,295,370,438,488,489,453,390,292,166,17,-142,-298,-438,-558,-653,-694,-703,-652,-554,-401,-212,-6,208,413,600,743,853,904,-291,805,657,468,244,-14,-272,-521,-731,-901,-1005,-1054,-1023,-922,-751,-525,-262,17,299,564,789,970,1074,1125,1088,980,815,591,334,57,-225,-492,-725,-902,-1044,-1122,-1133,-1081,-951,-762,-543,-270,18,316,593,842,1041,1171,1243,1239,1164,1005,781,492,178,-158,-491,-791,-1042,-1238,-1350,-1382,-1327,-1185,-970,-690,-366,11,377,711,1001,1240,1398,1464,1418,1302,1094,795,475,101,-269,-626,-951,-1202,-1369,-1449,-1432,-1318,-1121,-846,-529,-179,186,518,820,1061,1238,1326,1317,1234,1063,817,545,236,-81,-382,-652,-865,-1024,-1112,-1130,-1079,-955,-785,-578,-340,-92,155,390,586,744,853,913,918,876,795,-73,-26,126,-156,0,-825,-733,-618,-456,-274,-82,124,327,509,670,792,879,911,902,843,721,559,366,125,-113,-358,-593,-797,-956,-1057,-1089,-1056,-951,-783,-553,-287,10,308,582,828,1026,1149,1191,1161,1053,874,623,339,34,-278,-568,-822,-1011,-1137,-1176,-1142,-1036,-862,-631,-369,-77,215,469,708,880,999,1055,1031,950,810,605,379,140,-103,-340,-546,-706,-810,-867,-861,-806,-695,-546,-372,-182,10,204,368,512,613,667,683,656,591,488,361,218,68,-85,-238,-354,-442,-493,-507,-494,-448,-368,-271,-174,-74,31,119,193,247,282,295,286,275,244,208,158,105,65,27,-21,-63,-89,-129,-160,-190,321,-199,-183,-166,-137,-95,-56,-13,45,84,116,146,160,156,138,112,83,45,8,-30,-63,-82,-83,-76,-58,-27,6,51,83,102,111,106,85,36,-18,-84,-160,-217,-272,-302,-303,-269,-215,-139,-23,106,235,358,451,522,565,542,465,359,207,16,-171,-372,-540,-681,-764,-785,-754,-651,-493,-294,-50,195,426,640,798,887,905,862,737,570,352,100,-161,-399,-612,-775,-873,-908,-881,-774,-616,-413,-174,65,297,504,676,775,826,806,723,604,427,226,7,-196,-391,-554,-659,-721,-719,-655,-548,-395,-209,-16,190,377,520,613,634,599,493,330,144,-57,-237,-367,-424,-407,-489,-417,-436,149,126,180,77,-69,-221,-357,-447,-488,-461,-365,-236,-78,104,282,427,531,578,581,529,425,277,98,-89,-260,-417,-544,-614,-640,-608,-526,-404,-238,-53,123,298,452,557,622,632,586,498,373,218,40,-124,-276,-397,-489,-531,-517,-469,-382,-279,-164,-33,94,188,252,297,303,289,261,214,160,97,30,-22,-47,-66,-65,-59,-57,-36,-18,-6,10,5,-10,-42,-56,-87,-116,-143,-161,-173,-169,-149,-116,-63,10,76,156,234,296,340,363,379,359,305,225,134,12,-124,-249,-364,-470,-548,-597,-597,-557,-469,-356,-195,-21,158,352,519,668,760,804,793,732,608,437,234,-11,374,-478,-672,-825,-936,-988,-957,-864,-704,-497,-252,19,300,557,784,952,1065,1105,1066,954,779,543,283,6,-284,-544,-778,-957,-1066,-1119,-1099,-1020,-869,-666,-434,-156,125,399,656,857,1032,1154,1191,1160,1048,885,651,381,78,-234,-539,-811,-1041,-1209,-1306,-1326,-1248,-1090,-869,-588,-263,78,430,750,1030,1236,1380,1432,1382,1252,1046,761,420,42,-321,-661,-988,-1228,-1394,-1471,-1437,-1326,-1119,-833,-501,-139,236,588,899,1141,1305,1396,1378,1270,1092,841,545,205,-129,-450,-751,-981,-1139,-1228,-1231,-1155,-1011,-809,-566,-282,2,281,526,729,885,988,1024,1001,915,777,608,403,187,-33,-235,-430,145,158
10537,mtk,MTK 7916,4080456537,rx0-tx1,512,379,147,272,-540,-352,-146,83,314,524,715,861,956,995,968,878,727,534,302,35,-233,-495,-730,-917,-1049,-1120,-1120,-1044,-901,-696,-447,-160,142,434,702,927,1094,1194,1214,1160,1033,839,590,296,-8,-317,-610,-865,-1064,-1194,-1250,-1228,-1128,-959,-732,-462,-161,153,453,724,953,1121,1217,1242,1194,1067,884,642,363,59,-250,-538,-795,-1007,-1144,-1214,-1210,-1131,-985,-775,-525,-244,55,343,605,836,1014,1124,1166,1133,1030,870,660,410,139,-131,-397,-640,-842,-985,-1060,-1074,-1034,-926,-758,-553,-317,-71,178,415,622,799,921,992,1000,952,849,689,501,288,43,-196,-423,-626,-798,-917,-984,-988,-938,-430,-685,-471,-239,13,269,510,724,888,998,1047,1024,944,793,595,356,86,-186,-457,-692,-877,-1013,-1081,-1071,-988,-844,-647,-394,-123,157,426,658,849,980,1047,1040,962,819,622,386,134,-123,-372,-591,-765,-880,-939,-934,-864,-739,-563,-364,-148,80,286,470,626,735,786,792,749,649,515,355,177,-7,-180,-345,-476,-575,-640,-651,-626,-555,-454,-337,-192,-39,101,240,349,442,497,521,506,452,382,291,186,70,-44,-152,-244,-317,-370,-392,-390,-366,-314,-245,-162,-71,16,104,185,249,293,316,310,283,245,185,113,29,-62,-137,-198,-237,-251,-242,-207,-152,-76,-1,67,111,-204,-98,481,-587,-402,-203,-279,-322,-321,-269,-179,-60,76,209,321,395,442,442,397,326,219,97,-38,-173,-288,-390,-468,-511,-512,-480,-418,-318,-188,-44,108,262,393,509,600,645,644,604,515,384,226,31,-163,-350,-524,-665,-759,-810,-799,-727,-597,-421,-209,22,260,486,678,826,917,946,896,781,609,392,142,-115,-363,-586,-776,-908,-960,-948,-867,-738,-555,-335,-83,168,400,594,748,850,888,864,779,645,485,289,72,-138,-336,-498,-631,-712,-750,-741,-680,-584,-454,-292,-123,41,209,354,468,562,613,623,594,540,451,346,219,79,-54,-182,-300,-396,-475,-526,-540,-528,-487,-415,-324,-213,230,24,153,271,371,456,510,529,520,486,419,328,217,90,-44,-165,-279,-384,-458,-502,-522,-515,-467,-397,-298,-194,-63,59,180,289,370,428,462,465,449,401,337,251,154,56,-41,-132,-217,-284,-333,-365,-378,-377,-357,-320,-270,-209,-140,-63,7,80,157,220,272,315,351,373,376,361,329,277,214,137,40,-60,-163,-256,-341,-407,-455,-479,-479,-450,-397,-312,-205,-95,33,157,281,393,476,535,561,560,526,459,363,250,117,-30,-169,-304,-423,-527,-596,-624,-632,-589,-518,-419,-290,-146,15,180,338,476,590,675,712,717,686,599,477,325,151,-37,-225,-408,-561,-699,-101,-401,11,499,443,706,819,895,922,880,782,638,443,221,-23,-275,-517,-727,-892,-1013,-1065,-1049,-966,-818,-613,-370,-94,192,469,718,927,1079,1167,1175,1108,972,767,517,227,-81,-384,-663,-898,-1088,-1201,-1240,-1204,-1086,-905,-661,-378,-70,241,540,802,1016,1165,1241,1241,1165,1023,813,553,259,-42,-353,-635,-876,-1064,-1184,-1238,-1208,-1107,-940,-709,-438,-153,146,434,700,918,1081,1177,1195,1135,1018,837,598,331,45,-242,-510,-742,-932,-1063,-1123,-1115,-1043,-909,-718,-482,-223,34,289,534,732,885,981,1022,1013,937,809,628,410,173,-68,-302,-521,-709,-847,-947,-993,-968,-892,-767,-593,-383,-147,96,334,-1099,757,898,985,1019,992,896,745,539,304,41,-223,-479,-708,-881,-1009,-1064,-1061,-984,-828,-626,-380,-104,174,435,671,871,1005,1065,1060,984,844,641,399,128,-145,-406,-634,-816,-935,-992,-990,-923,-789,-597,-376,-136,109,336,542,701,808,868,865,802,694,546,354,157,-41,-235,-410,-548,-651,-709,-721,-690,-616,-495,-354,-193,-21,144,299,413,507,571,584,564,510,423,318,190,59,-76,-194,-289,-372,-426,-449,-441,-404,-347,-271,-178,-72,24,121,207,278,329,351,348,327,280,215,139,58,-30,-108,-182,-236,-269,-287,-275,-241,-186,-115,-34,47,119,174,202,201,174,130,444,489,-407,-195,-476,-180,-107,3,126,244,334,389,402,363,284,173,50,-91,-213,-325,-413,-462,-481,-455,-396,-309,-194,-60,83,218,343,449,523,561,568,532,454,348,206,43,-126,-293,-453,-581,-671,-723,-714,-669,-568,-415,-230,-19,207,420,608,757,851,886,858,765,615,413,176,-75,-324,-546,-739,-882,-956,-959,-899,-779,-600,-364,-104,152,394,605,773,885,937,920,833,689,508,293,63,-170,-384,-560,-695,-788,-818,-802,-729,-613,-461,-284,-95,102,280,429,555,639,678,679,642,555,450,318,167,13,-132,-267,-385,-475,-543,-569,-563,-530,-469,-381,-274,-145,-13,111,231,337,422,489,-198,529,507,454,379,280,160,31,-91,-214,-327,-420,-486,-527,-529,-503,-452,-369,-259,-141,-19,114,237,342,421,478,507,498,469,401,316,218,111,-3,-116,-220,-302,-369,-407,-424,-418,-394,-347,-285,-211,-134,-45,38,121,185,247,291,331,349,355,346,317,274,229,178,111,30,-56,-137,-213,-286,-342,-397,-429,-433,-416,-373,-312,-227,-127,-14,103,217,322,412,475,517,534,512,468,387,286,166,37,-96,-230,-353,-455,-530,-584,-601,-582,-532,-448,-339,-199,-58,96,252,383,501,591,651,675,656,600,503,382,228,63,-104,-279,-442,-578,-681,-752,-772,-755,-682,-576,-426,571,433
10538,mtk,MTK 7916,4080456537,rx1-tx0,512,-13,1095,398,-337,-410,-462,-484,-459,-405,-322,-211,-98,37,164,277,374,438,472,470,436,360,266,150,23,-113,-235,-340,-428,-490,-509,-488,-436,-354,-252,-120,25,169,308,424,507,568,590,563,503,405,272,120,-54,-229,-394,-534,-643,-711,-724,-685,-597,-474,-305,-116,94,311,497,663,789,854,864,810,697,536,324,86,-161,-405,-616,-794,-906,-962,-965,-887,-741,-544,-311,-46,218,465,693,864,969,1004,979,888,727,534,296,49,-203,-438,-642,-797,-903,-950,-935,-857,-736,-567,-369,-156,67,299,501,668,805,889,924,904,827,702,541,345,116,-118,-348,-567,-754,-903,-1002,-1039,-1019,231,-763,-550,-303,-19,285,575,826,1031,1169,1236,1216,1115,942,687,379,48,-300,-642,-941,-1185,-1349,-1412,-1381,-1247,-1029,-735,-390,-7,383,741,1059,1296,1447,1507,1448,1297,1056,740,370,-24,-406,-781,-1091,-1317,-1477,-1526,-1480,-1325,-1080,-765,-398,-10,385,765,1096,1352,1519,1591,1542,1385,1140,815,418,-9,-438,-842,-1192,-1461,-1625,-1661,-1577,-1377,-1071,-685,-250,200,640,1019,1323,1520,1593,1541,1388,1116,762,358,-58,-461,-811,-1090,-1282,-1364,-1342,-1220,-1006,-729,-402,-50,289,596,847,1026,1117,1121,1028,854,620,333,29,-269,-534,-747,-894,-946,-896,-766,-547,-272,16,288,503,627,652,580,420,822,1352,101,-102,-380,-319,-485,-595,-618,-538,-378,-147,119,382,606,763,849,842,748,585,355,96,-179,-442,-672,-856,-963,-992,-951,-826,-628,-378,-91,211,508,767,974,1119,1172,1145,1022,818,539,224,-123,-473,-793,-1058,-1255,-1353,-1357,-1270,-1072,-786,-451,-69,331,708,1043,1309,1477,1537,1497,1356,1086,740,334,-98,-527,-918,-1253,-1489,-1622,-1645,-1541,-1320,-1006,-620,-191,265,701,1077,1379,1575,1657,1617,1457,1190,853,458,41,-379,-769,-1094,-1342,-1484,-1531,-1467,-1313,-1073,-758,-407,-27,341,689,982,1204,1344,1390,1355,1226,1018,755,436,105,-226,-557,-833,-1058,-1203,-1290,-1291,-1199,-1042,-806,-533,-234,95,406,699,-49,1131,1254,1295,1260,1150,952,694,397,59,-273,-596,-898,-1145,-1310,-1393,-1391,-1291,-1103,-837,-511,-139,251,624,955,1219,1411,1513,1497,1365,1146,855,494,96,-302,-705,-1032,-1275,-1448,-1505,-1454,-1308,-1071,-753,-392,-13,361,713,1004,1215,1330,1355,1296,1142,905,621,301,-40,-333,-617,-851,-1021,-1118,-1139,-1089,-963,-787,-563,-308,-39,215,454,653,819,917,952,935,850,712,542,333,112,-115,-336,-519,-673,-784,-836,-830,-768,-657,-504,-314,-105,100,300,475,614,702,739,721,653,546,398,229,45,-140,-301,-444,-549,-613,-637,-601,-522,-415,-285,-131,29,179,315,422,494,524,532,484,394,591,477,221,988,1418,-367,-256,-139,-3,128,247,351,419,459,472,432,377,288,182,53,-78,-206,-316,-397,-457,-485,-476,-425,-353,-260,-140,-4,134,264,373,461,520,539,523,466,369,256,122,-37,-197,-341,-470,-569,-631,-655,-629,-556,-440,-289,-111,78,264,437,590,712,777,802,753,650,511,319,101,-130,-355,-559,-731,-860,-923,-926,-858,-728,-550,-315,-76,184,440,663,839,955,1006,976,893,742,535,293,35,-220,-471,-678,-839,-948,-983,-962,-874,-728,-541,-326,-89,153,379,573,737,842,904,921,878,768,626,443,239,21,-204,-421,-610,-763,-881,-950,-959,-913,-804,-649,-454,-218,35,299,-568,782,954,1077,1137,1125,1026,864,634,350,38,-289,-596,-885,-1119,-1267,-1331,-1316,-1201,-998,-727,-389,-23,350,699,1006,1249,1409,1477,1422,1279,1047,735,382,-10,-407,-769,-1087,-1322,-1470,-1512,-1465,-1318,-1059,-746,-381,15,402,771,1083,1335,1489,1541,1495,1347,1106,794,428,21,-402,-787,-1129,-1398,-1573,-1627,-1570,-1407,-1138,-790,-372,83,525,932,1267,1503,1630,1636,1511,1267,933,530,93,-336,-742,-1084,-1325,-1457,-1484,-1398,-1198,-917,-575,-197,177,538,841,1064,1205,1246,1192,1049,821,537,223,-97,-404,-666,-868,-993,-1028,-977,-838,-628,-364,-64,228,491,699,815,824,741,561,318,62,-183,-348,-1222,-595,-164,564,408,-389,-264,-62,181,419,612,736,764,698,547,330,73,-207,-454,-673,-833,-913,-916,-832,-686,-468,-202,77,355,616,829,988,1070,1073,987,820,589,301,-14,-339,-650,-918,-1118,-1243,-1278,-1218,-1054,-816,-508,-146,219,590,929,1186,1368,1465,1445,1319,1095,772,395,-15,-423,-824,-1168,-1408,-1562,-1609,-1537,-1351,-1056,-683,-266,181,625,1015,1329,1550,1661,1650,1511,1273,944,541,99,-346,-763,-1111,-1376,-1544,-1600,-1547,-1378,-1123,-789,-411,-13,382,734,1048,1276,1416,1459,1401,1263,1038,743,405,49,-298,-628,-906,-1128,-1277,-1325,-1306,-1198,-1015,-771,-480,-166,166,479,761,1004,1163,1265,1282,1217,1075,425,614,316,-4,-321,-634,-909,-1122,-1269,-1339,-1310,-1216,-1034,-773,-457,-116,247,598,910,1170,1356,1455,1447,1341,1138,862,522,136,-277,-658,-993,-1263,-1452,-1519,-1498,-1365,-1117,-816,-450,-43,352,721,1030,1267,1406,1451,1395,1235,990,680,342,-4,-349,-679,-943,-1128,-1244,-1256,-1186,-1056,-839,-584,-292,-5,284,535,750,911,1010,1038,1003,902,750,551,319,81,-157,-389,-578,-733,-841,-884,-879,-807,-689,-530,-335,-119,104,312,493,638,738,786,780,721,609,456,271,79,-121,-299,-457,-578,-656,-687,-664,-595,-489,-341,-184,-8,162,312,434,527,577,576,540,466,357,218,79,-64,-211,-326,40,334
10539,mtk,MTK 7916,4080456537,rx1-tx1,512,0,0,0,114,231,285,258,155,-6,-172,-290,-327,-266,-127,50,212,324,346,263,101,-99,-276,-367,-348,-233,-53,152,319,401,363,209,-8,-225,-384,-428,-340,-161,79,312,456,464,343,117,-159,-401,-531,-511,-337,-74,222,475,596,553,348,34,-298,-551,-656,-580,-341,2,354,617,717,621,349,-29,-405,-675,-759,-642,-353,41,431,712,793,661,357,-47,-450,-727,-800,-664,-360,48,450,728,810,672,356,-44,-433,-703,-787,-668,-381,6,388,656,746,646,377,20,-338,-596,-687,-603,-370,-53,258,491,598,544,349,83,-186,-395,-486,-439,-288,-77,131,282,354,331,214,55,-92,0,-236,-206,-115,1,92,135,125,73,-7,-80,-120,-114,-63,21,112,169,179,129,33,-85,-196,-262,-249,-162,-36,106,232,305,300,225,91,-75,-220,-308,-317,-252,-132,13,155,254,284,253,158,30,-95,-184,-227,-214,-149,-66,21,95,133,132,100,55,19,-10,-23,-23,-18,-18,-29,-39,-59,-67,-59,-37,2,55,100,132,149,123,53,-30,-105,-170,-191,-150,-79,11,99,159,187,173,105,5,-89,-156,-183,-162,-98,-10,87,158,174,141,76,-13,-104,-164,-174,-140,-63,32,128,190,204,160,78,-26,-131,-208,-242,-224,-153,-46,67,162,224,246,226,173,98,0,0,0,0,0,-37,-88,-130,-157,-161,-131,-71,20,121,200,244,235,179,83,-43,-176,-274,-308,-269,-159,-8,147,278,353,334,222,49,-139,-306,-399,-389,-276,-90,130,335,466,470,354,142,-122,-368,-522,-542,-423,-183,109,369,552,605,490,243,-79,-383,-591,-649,-537,-285,44,373,604,674,559,292,-49,-372,-607,-681,-565,-296,53,401,651,717,586,296,-80,-435,-677,-737,-603,-295,90,453,688,743,605,301,-93,-461,-691,-746,-605,-285,108,463,696,741,578,261,-131,-484,-692,-707,-536,-220,164,499,694,705,514,183,-202,-533,-710,-685,-471,-126,255,567,728,684,446,83,-308,-614,0,-676,-418,-45,344,645,765,671,391,3,-388,-681,-786,-667,-365,42,442,708,774,642,332,-78,-466,-715,-773,-619,-295,114,483,721,763,589,248,-161,-524,-741,-742,-542,-193,212,557,744,715,498,142,-259,-583,-743,-692,-441,-77,304,608,728,642,384,8,-365,-628,-714,-603,-322,53,406,637,691,559,269,-93,-425,-637,-670,-514,-216,136,437,613,620,453,159,-164,-428,-584,-575,-404,-125,176,411,532,507,340,85,-180,-382,-464,-423,-271,-44,183,347,409,343,181,-14,-192,-311,-333,-253,-102,63,198,260,242,153,17,-112,-199,-216,-165,-62,67,174,216,191,98,-32,0,0,0,0,0,-255,-160,-11,147,261,307,266,145,-21,-194,-312,-340,-272,-117,70,241,343,352,254,73,-128,-296,-378,-348,-215,-13,191,345,406,343,167,-62,-274,-414,-440,-339,-131,121,350,488,484,335,86,-195,-435,-566,-538,-348,-54,265,514,621,565,344,20,-323,-591,-694,-604,-346,17,379,643,736,622,338,-32,-412,-691,-781,-651,-347,51,440,715,794,669,355,-63,-456,-727,-809,-672,-360,43,439,719,797,669,374,-24,-413,-685,-772,-660,-376,-1,367,626,718,627,386,49,-296,-543,-641,-580,-366,-68,221,434,533,499,329,86,-156,-340,-422,-382,-252,-73,105,238,293,266,0,29,-86,-161,-179,-130,-45,41,108,124,87,20,-55,-120,-145,-119,-42,58,150,208,208,151,38,-100,-222,-286,-280,-199,-61,94,233,318,317,237,105,-49,-187,-282,-310,-260,-153,-8,130,221,263,234,154,49,-53,-136,-180,-175,-130,-66,-1,52,75,73,64,47,21,13,17,26,28,15,-7,-47,-82,-106,-100,-76,-31,38,113,154,162,138,74,-20,-111,-170,-193,-171,-99,-3,90,157,191,170,104,9,-86,-152,-169,-145,-86,1,92,150,168,139,62,-35,-122,-180,-189,-145,-67,35,131,201,222,189,114,5,-111,-204,-255,-258,-204,-117,-20,74,150,189,0,0,0,0,0,106,96,63,5,-66,-135,-190,-213,-193,-131,-32,84,189,256,272,229,123,-25,-167,-279,-332,-304,-197,-37,139,289,374,361,255,76,-134,-315,-423,-426,-313,-113,135,353,484,499,384,159,-113,-377,-550,-577,-458,-220,78,372,576,629,520,268,-63,-376,-592,-656,-551,-294,51,380,609,684,566,292,-59,-396,-628,-698,-569,-286,70,419,655,724,596,298,-85,-448,-690,-746,-605,-297,93,451,696,758,609,292,-103,-457,-684,-739,-597,-284,110,459,685,728,563,239,-152,-497,-695,-703,-521,-191,186,508,697,693,488,152,-222,-547,-713,-680,-461,-109,281,587,732,676,436,0,-324,-623,-757,-681,-416,-30,371,661,767,672,386,-16,-415,-692,-778,-652,-348,51,447,723,784,634,309,-102,-483,-730,-778,-611,-273,134,501,740,763,563,221,-171,-524,-732,-734,-519,-167,230,568,741,698,455,101,-284,-593,-730,-659,-402,-37,339,613,724,615,340,-19,-381,-638,-702,-575,-299,62,411,641,682,527,227,-122,-435,-629,-644,-485,-199,135,426,594,596,432,150,-164,-427,-560,-539,-375,-114,166,392,502,466,302,67,-176,-359,-429,-373,-223,-12,192,328,363,294,148,-39,-203,-288,-287,-209,-71,85,208,247,201,100,-24,-141,-203,-204,-137,-17,106,198,235,0,0
10540,mtk,MTK 7916,4080456537,rx2-tx0,512,0,0,0,-295,-469,-514,-408,-178,110,367,524,536,386,123,-179,-433,-565,-534,-350,-60,253,497,596,521,293,-19,-325,-545,-609,-496,-235,99,408,592,606,446,154,-192,-488,-639,-599,-385,-57,296,566,672,583,314,-52,-407,-650,-707,-553,-232,164,519,728,728,516,141,-280,-630,-800,-740,-463,-48,386,723,860,754,422,-41,-502,-821,-912,-746,-366,128,588,897,953,735,307,-208,-669,-954,-976,-714,-252,278,738,993,969,673,191,-345,-783,-1006,-950,-628,-129,404,819,1007,917,569,66,-448,-834,-985,-858,-494,3,485,832,945,789,410,-74,-532,-829,-893,-703,-305,173,589,836,842,0,191,-267,-654,-853,-799,-508,-80,374,720,860,756,435,-25,-481,-801,-897,-731,-358,114,569,875,931,718,303,-211,-669,-943,-960,-706,-251,275,735,991,971,688,212,-335,-799,-1043,-996,-673,-162,396,854,1076,1006,661,118,-456,-905,-1109,-1010,-636,-83,498,951,1144,1026,631,62,-527,-976,-1165,-1048,-645,-74,511,960,1151,1040,660,101,-473,-910,-1110,-1020,-664,-147,395,828,1029,957,645,169,-345,-743,-933,-885,-604,-181,278,652,842,808,569,188,-225,-564,-749,-739,-537,-207,161,475,662,677,526,249,-79,-378,-572,-631,-549,-341,-63,213,426,539,541,436,257,52,-132,-265,-326,0,0,0,0,0,-184,-33,146,332,480,545,501,344,102,-180,-432,-602,-644,-532,-282,45,370,611,711,635,391,37,-344,-650,-795,-737,-486,-93,343,705,891,850,580,143,-351,-773,-1005,-974,-684,-204,350,836,1111,1102,800,275,-333,-869,-1191,-1212,-912,-356,305,890,1250,1293,1003,439,-251,-877,-1285,-1349,-1055,-491,202,849,1271,1357,1073,504,-182,-820,-1245,-1330,-1058,-510,172,801,1211,1287,1017,480,-185,-793,-1174,-1235,-961,-432,211,785,1136,1175,893,374,-243,-788,-1106,-1111,-813,-305,288,794,1074,1056,744,230,-334,-799,-1043,-989,-661,-162,377,807,1006,920,582,83,-431,-818,-970,-855,-505,-11,479,0,943,792,421,-67,-527,-836,-913,-732,-345,130,569,841,868,660,267,-200,-602,-830,-826,-591,-189,262,629,809,763,506,105,-324,-652,-780,-692,-414,-17,376,658,746,618,318,-73,-436,-662,-694,-529,-219,153,469,646,635,436,115,-234,-511,-633,-563,-332,-14,302,529,597,485,227,-95,-380,-551,-557,-394,-116,190,438,554,507,312,23,-273,-482,-550,-454,-227,63,333,506,528,395,148,-141,-378,-507,-487,-321,-63,212,419,496,428,241,-13,-266,-433,-466,-362,-151,100,322,443,431,289,61,-185,-375,-449,-384,-206,32,264,417,448,342,130,-121,-338,-455,-439,-295,-56,198,0,0,0,0,0,419,205,-75,-331,-496,-522,-397,-155,142,404,547,532,366,92,-213,-463,-581,-529,-323,-21,289,521,603,505,260,-59,-366,-569,-608,-469,-188,152,449,615,603,416,102,-246,-526,-658,-596,-356,-8,353,611,693,575,279,-108,-462,-691,-719,-535,-192,215,571,768,742,491,94,-340,-678,-833,-750,-442,2,451,782,893,755,395,-83,-546,-861,-936,-749,-347,167,639,926,958,726,276,-259,-715,-975,-968,-694,-227,310,766,1001,960,655,163,-376,-806,-1010,-937,-602,-102,416,823,1002,889,531,33,-470,-834,-962,-820,-456,33,506,830,917,745,361,-118,-550,-823,-862,-651,-248,219,0,837,811,556,135,-324,-686,-853,-774,-475,-34,420,757,876,743,393,-75,-527,-835,-906,-727,-334,168,628,905,935,712,278,-245,-698,-962,-965,-698,-230,309,764,1017,987,682,185,-370,-825,-1055,-997,-662,-139,434,877,1084,1003,644,101,-480,-933,-1135,-1026,-639,-72,520,965,1154,1040,643,71,-519,-974,-1169,-1050,-651,-90,491,935,1130,1033,664,125,-438,-869,-1069,-993,-663,-156,369,773,974,926,631,174,-307,-693,-889,-844,-579,-184,249,602,785,765,550,198,-189,-519,-708,-708,-532,-228,122,430,622,657,533,288,-17,-303,-512,-601,-552,-386,-156,83,293,431,469,419,308,159,0,0,0,0,0,-335,-426,-437,-358,-196,24,261,471,590,583,449,203,-107,-402,-608,-678,-589,-342,0,352,634,759,690,438,60,-344,-673,-843,-795,-532,-119,344,741,950,911,627,168,-353,-806,-1061,-1037,-740,-235,351,852,1152,1161,857,320,-314,-879,-1226,-1260,-968,-414,268,888,1271,1323,1036,465,-231,-869,-1280,-1351,-1066,-504,198,845,1268,1346,1068,509,-178,-809,-1229,-1319,-1047,-498,178,793,1184,1255,985,455,-193,-780,-1152,-1204,-930,-409,222,783,1116,1141,858,338,-264,-783,-1080,-1082,-786,-270,315,799,1051,1017,701,198,-352,-800,-1024,-956,-623,-127,406,814,987,892,550,52,-454,-826,-961,-828,0,27,501,833,931,761,381,-101,-551,-845,-900,-699,-306,168,586,833,849,625,221,-234,-615,-821,-794,-547,-151,289,639,803,734,457,60,-351,-651,-761,-656,-364,30,405,655,718,574,263,-113,-452,-657,-664,-478,-161,195,488,640,602,386,63,-272,-524,-617,-526,-280,44,351,539,568,435,169,-142,-410,-556,-532,-346,-62,236,461,553,482,270,-18,-299,-489,-537,-424,-187,103,360,505,505,360,108,-176,-402,-499,-454,-282,-23,235,420,484,397,194,-62,-298,-440,-449,-327,-108,142,347,448,413,252,11,-228,-397,-451,-367,-173,74,302,441,443,316,96,-159,-371,-472,-431,0,0
10541,mtk,MTK 7916,4080456537,rx2-tx1,512,0,0,0,145,169,150,79,-16,-94,-141,-148,-108,-35,43,103,135,134,89,17,-62,-123,-152,-144,-92,-20,60,132,166,151,105,32,-59,-134,-169,-167,-130,-61,28,105,159,178,155,100,18,-69,-141,-180,-179,-143,-74,13,101,171,206,191,126,29,-69,-154,-216,-226,-176,-83,30,148,237,266,231,138,4,-134,-245,-297,-274,-183,-38,123,257,331,324,224,59,-121,-272,-362,-362,-267,-94,112,291,391,393,293,105,-115,-307,-419,-424,-318,-121,113,321,445,450,334,126,-123,-339,-462,-466,-344,-125,137,359,484,478,335,99,-159,-389,-513,-489,-329,-73,209,434,548,508,0,43,-258,-499,-608,-553,-342,-26,311,570,679,604,363,14,-347,-631,-760,-673,-400,-22,374,687,810,719,448,46,-378,-712,-860,-780,-493,-63,386,728,889,818,520,79,-391,-757,-924,-850,-545,-92,396,777,960,887,571,101,-399,-804,-998,-929,-613,-134,386,806,1018,961,656,173,-357,-791,-1017,-977,-696,-227,308,751,993,981,714,269,-248,-691,-941,-948,-723,-312,182,615,878,926,730,346,-116,-534,-808,-876,-717,-372,51,453,733,824,713,424,33,-359,-651,-773,-703,-472,-135,232,531,696,695,534,259,-71,-371,-576,-651,-588,-407,-151,118,342,479,517,463,339,185,25,0,0,0,0,0,-60,6,87,171,227,247,221,146,33,-95,-213,-286,-299,-244,-123,33,176,278,322,285,170,11,-152,-285,-348,-323,-211,-39,146,305,386,365,246,51,-169,-358,-454,-433,-301,-80,174,392,517,514,356,104,-177,-428,-575,-572,-429,-162,162,450,629,657,518,233,-124,-459,-677,-717,-571,-275,99,456,694,753,612,305,-78,-439,-692,-770,-642,-339,51,427,698,780,654,360,-33,-418,-688,-780,-669,-376,21,410,687,773,649,357,-29,-409,-681,-764,-641,-347,49,428,687,771,644,332,-61,-436,-703,-777,-639,-341,57,436,700,775,640,333,-61,-433,-689,-764,-627,-322,66,0,699,753,606,290,-107,-470,-704,-743,-574,-251,141,492,705,727,547,214,-181,-534,-734,-729,-522,-174,230,576,764,741,517,145,-272,-611,-794,-768,-529,-145,282,639,816,774,537,151,-278,-631,-815,-781,-537,-150,270,611,789,752,520,155,-250,-582,-748,-720,-496,-141,238,539,690,652,438,116,-226,-496,-625,-580,-379,-72,238,474,575,512,307,23,-256,-454,-523,-446,-246,18,270,445,492,402,209,-40,-272,-419,-456,-366,-174,57,264,394,413,321,144,-71,-255,-357,-370,-288,-124,69,229,320,323,244,100,-72,-212,-286,-278,-197,-71,63,179,245,240,165,49,-68,-161,0,0,0,0,0,-93,-8,83,148,160,123,56,-25,-96,-142,-148,-102,-24,55,117,147,136,94,19,-66,-130,-160,-149,-98,-23,64,130,162,160,118,44,-40,-114,-164,-174,-142,-75,9,91,149,179,172,123,46,-46,-124,-175,-196,-172,-101,-9,89,169,207,199,150,60,-51,-152,-222,-245,-203,-110,12,139,236,280,254,161,19,-135,-253,-315,-305,-211,-56,120,269,352,345,252,86,-117,-291,-380,-380,-287,-109,106,296,407,407,301,111,-113,-308,-431,-441,-327,-126,113,323,452,459,338,125,-125,-347,-476,-470,-342,-122,143,372,493,482,335,90,-185,-416,-529,-496,-322,-51,236,0,569,520,330,36,-279,-529,-644,-574,-348,-20,335,613,725,639,381,17,-363,-657,-783,-704,-429,-35,376,691,834,759,479,62,-380,-722,-870,-793,-508,-77,375,734,899,826,533,85,-390,-763,-936,-866,-565,-100,393,786,975,906,588,111,-399,-810,-1015,-953,-635,-147,372,802,1028,982,676,198,-335,-771,-1003,-979,-708,-247,272,715,969,974,726,285,-216,-651,-919,-945,-724,-332,138,575,859,907,723,367,-80,-498,-777,-855,-716,-398,8,401,695,808,714,451,89,-291,-592,-741,-707,-506,-193,157,458,643,680,563,330,36,-258,-480,-590,-581,-463,-270,-50,152,300,375,382,0,0,0,0,0,-164,-194,-187,-143,-66,32,135,223,268,258,192,77,-63,-190,-281,-310,-262,-146,10,163,281,340,310,192,21,-158,-300,-369,-341,-223,-42,157,326,421,401,266,61,-171,-372,-484,-470,-327,-94,176,416,557,546,392,133,-168,-442,-613,-623,-474,-200,142,454,652,689,543,247,-120,-458,-679,-735,-593,-291,89,447,702,765,622,325,-56,-431,-699,-782,-652,-355,30,411,682,775,663,366,-30,-411,-686,-776,-655,-366,27,413,679,767,653,356,-39,-418,-683,-771,-652,-346,49,433,699,776,645,340,-53,-435,-706,-779,-642,-341,59,442,697,774,645,329,-71,-439,-694,-765,0,-311,84,447,691,740,582,272,-118,-478,-701,-729,-555,-229,152,499,717,728,531,186,-213,-558,-750,-736,-514,-151,254,593,780,752,516,136,-279,-623,-808,-782,-532,-132,291,636,820,789,545,154,-275,-628,-808,-773,-534,-157,260,597,772,738,509,147,-248,-567,-724,-688,-469,-131,228,517,659,616,411,96,-237,-488,-600,-541,-333,-55,235,456,547,480,275,1,-261,-450,-519,-434,-227,33,274,437,476,382,189,-52,-270,-403,-425,-339,-161,61,261,380,396,307,137,-62,-237,-340,-351,-266,-111,65,218,304,304,222,84,-73,-201,-266,-256,-182,-62,70,172,220,210,135,0,0
10542,mtk,MTK 7916,4080522860,rx0-tx0,512,-172,-593,-573,784,663,475,233,-22,-282,-515,-695,-817,-852,-801,-668,-462,-203,86,367,615,805,926,948,860,675,413,95,-254,-581,-832,-1003,-1073,-1025,-851,-565,-219,168,539,853,1073,1163,1113,934,645,278,-124,-511,-840,-1068,-1158,-1130,-963,-685,-333,63,439,757,987,1099,1082,944,685,366,10,-343,-651,-881,-998,-1004,-893,-684,-398,-82,227,509,735,869,902,823,654,426,154,-131,-385,-590,-722,-771,-727,-597,-421,-202,50,286,467,594,651,620,528,370,188,-10,-200,-354,-457,-488,-481,-403,-292,-161,-24,106,211,281,321,318,288,233,158,80,2,-69,-129,-177,-205,-215,-210,-186,-151,-588,-16,42,92,148,181,202,202,168,117,55,-10,-77,-133,-162,-167,-150,-117,-62,-4,51,91,111,105,87,47,-6,-49,-79,-103,-95,-60,5,64,124,169,190,185,141,60,-35,-164,-273,-344,-377,-352,-258,-130,41,224,380,507,569,543,438,262,37,-209,-433,-615,-717,-722,-626,-437,-186,98,386,624,763,829,769,611,356,55,-245,-525,-738,-843,-846,-737,-527,-255,51,347,590,766,828,787,638,420,155,-146,-410,-618,-736,-762,-692,-534,-305,-46,208,433,600,676,667,577,408,191,-57,-284,-471,-596,-627,-574,-424,-219,28,262,443,544,534,426,249,29,-166,-294,-400,-501,765,151,192,145,6,-168,-326,-431,-445,-369,-207,-2,209,403,521,560,506,369,167,-57,-283,-471,-595,-623,-561,-422,-225,20,258,454,587,641,605,485,300,71,-168,-377,-542,-628,-619,-532,-374,-170,49,260,438,543,553,506,387,229,55,-127,-270,-376,-424,-408,-348,-246,-126,-4,111,191,224,233,215,182,126,68,9,-21,-37,-58,-56,-62,-57,-45,-58,-66,-91,-102,-98,-99,-85,-49,-6,46,104,174,219,247,254,222,167,88,-9,-129,-244,-341,-391,-396,-376,-288,-161,-5,159,316,452,536,567,525,416,250,49,-181,-401,-574,-695,-733,-677,-536,-328,-68,230,497,710,843,-291,815,635,373,65,-254,-560,-804,-955,-994,-902,-715,-434,-90,264,602,867,1025,1061,983,772,472,119,-240,-579,-848,-1023,-1086,-1018,-836,-567,-237,127,477,760,972,1092,1087,952,716,411,53,-319,-671,-937,-1121,-1185,-1108,-920,-612,-237,169,575,924,1168,1272,1253,1087,796,412,-28,-474,-865,-1166,-1338,-1355,-1232,-950,-557,-110,359,807,1157,1376,1418,1311,1070,680,218,-280,-740,-1107,-1357,-1441,-1345,-1106,-745,-298,182,648,1029,1280,1376,1320,1112,774,345,-101,-529,-894,-1147,-1254,-1218,-1050,-764,-402,5,390,725,965,1090,1097,980,758,466,133,-201,-511,-749,-898,-945,-904,-773,-549,-284,0,10,53,126,34,187,-272,-502,-693,-803,-837,-791,-656,-466,-229,46,312,560,749,871,895,829,675,453,170,-146,-451,-716,-908,-1008,-1002,-863,-635,-333,19,382,716,961,1100,1117,1001,768,439,52,-342,-693,-972,-1135,-1163,-1053,-825,-489,-111,280,646,927,1101,1139,1036,828,523,163,-208,-561,-833,-1003,-1063,-999,-828,-554,-226,115,440,713,893,956,918,776,552,266,-41,-336,-570,-736,-821,-816,-710,-537,-303,-44,222,441,594,693,710,627,479,298,71,-138,-329,-469,-548,-565,-514,-402,-249,-89,71,220,326,386,403,373,299,208,104,-1,-90,-169,-218,-249,-250,-236,-198,-149,-86,-24,45,101,152,321,206,192,181,145,88,28,-47,-113,-166,-195,-194,-176,-123,-62,0,60,104,135,136,123,88,35,-17,-59,-92,-93,-73,-45,0,55,109,134,132,105,53,-26,-110,-194,-242,-273,-261,-186,-79,52,202,331,421,465,432,339,194,-10,-224,-419,-570,-653,-636,-538,-352,-110,160,416,626,753,790,712,516,264,-20,-323,-587,-781,-855,-822,-687,-450,-157,154,446,672,812,845,763,590,342,46,-249,-515,-692,-801,-790,-676,-482,-226,47,306,529,677,728,688,563,364,123,-125,-354,-533,-639,-653,-580,-438,-226,13,254,448,570,605,529,373,150,-87,-289,-423,-460,-388,-251,-393,-287,-436,129,88,-284,-353,-343,-250,-82,119,310,455,509,486,366,178,-39,-257,-438,-556,-588,-538,-397,-196,43,266,455,590,640,582,447,250,22,-215,-424,-572,-640,-618,-516,-345,-122,118,324,493,584,601,538,406,203,0,-191,-356,-452,-492,-468,-373,-252,-91,55,188,277,325,332,297,218,124,41,-33,-90,-129,-146,-136,-111,-99,-76,-58,-49,-33,-33,-33,-21,-11,20,43,72,114,148,162,166,157,125,65,5,-80,-171,-245,-297,-318,-312,-265,-180,-55,79,222,353,440,480,465,403,284,122,-66,-265,-437,-565,-636,-645,-555,-398,-179,78,330,554,715,806,797,676,481,211,374,-393,-656,-845,-934,-916,-791,-558,-255,93,434,721,936,1034,1013,866,608,273,-84,-441,-750,-971,-1073,-1057,-912,-664,-344,10,368,673,911,1047,1081,971,765,486,149,-217,-566,-847,-1044,-1132,-1098,-940,-677,-345,49,439,783,1053,1200,1225,1117,871,515,112,-310,-714,-1035,-1256,-1336,-1255,-1038,-695,-272,190,640,1027,1280,1395,1366,1174,835,397,-86,-541,-960,-1269,-1423,-1414,-1228,-913,-491,3,484,896,1208,1380,1403,1252,950,539,82,-377,-793,-1117,-1293,-1317,-1196,-937,-571,-150,265,647,946,1135,1187,1106,904,603,251,-126,-470,-755,-936,-1015,-992,-864,-644,-357,-45,257,530,735,849,897,182,175
10543,mtk,MTK 7916,4080522860,rx0-tx1,512,379,289,410,-707,-854,-911,-872,-720,-490,-200,124,441,723,923,1018,1000,870,639,329,-24,-386,-712,-962,-1099,-1118,-1003,-775,-460,-75,315,672,958,1139,1196,1110,899,589,202,-209,-598,-923,-1147,-1234,-1185,-1002,-709,-331,87,486,838,1095,1227,1219,1085,826,480,76,-335,-709,-999,-1183,-1233,-1153,-938,-629,-248,162,549,878,1110,1214,1191,1030,761,409,9,-385,-733,-1007,-1159,-1189,-1088,-865,-550,-175,214,574,875,1068,1144,1097,928,660,330,-35,-404,-710,-937,-1061,-1059,-956,-747,-459,-122,217,532,784,953,1014,962,815,580,285,-36,-345,-623,-828,-950,-968,-880,-701,-454,-154,172,476,724,895,972,-430,814,590,299,-32,-364,-652,-870,-999,-1008,-907,-703,-411,-69,276,598,856,1006,1051,967,766,480,136,-226,-558,-829,-997,-1052,-986,-791,-510,-169,179,513,775,952,1014,946,774,523,191,-137,-446,-700,-872,-929,-883,-738,-504,-224,81,364,596,755,821,790,683,481,248,-17,-273,-481,-628,-705,-704,-625,-471,-271,-39,176,368,520,609,619,570,450,279,85,-107,-278,-419,-500,-524,-490,-403,-272,-115,55,201,323,399,430,415,352,244,115,-18,-146,-249,-325,-363,-354,-302,-221,-110,13,123,212,282,311,303,249,164,64,-48,-147,-222,-265,-261,-218,-136,-40,60,139,178,175,-82,49,481,-646,-574,-144,-37,108,242,339,375,341,236,86,-80,-243,-371,-445,-448,-387,-270,-115,51,220,370,464,507,484,396,259,83,-101,-288,-441,-543,-582,-553,-462,-303,-100,123,342,525,648,705,672,548,355,116,-159,-418,-627,-777,-828,-770,-615,-381,-91,219,517,744,885,924,849,656,383,51,-283,-585,-815,-947,-952,-847,-631,-336,-7,317,608,808,921,916,791,585,305,-4,-311,-571,-753,-848,-838,-729,-543,-292,-20,254,481,650,740,741,668,519,317,74,-157,-366,-525,-623,-653,-608,-500,-341,-149,40,233,387,496,559,554,488,385,244,71,-94,-252,-387,-479,-518,-504,-442,-333,230,-30,136,293,410,491,514,486,408,283,130,-32,-200,-345,-452,-515,-512,-461,-357,-220,-55,111,270,396,474,502,474,400,283,135,-26,-182,-310,-401,-447,-448,-409,-327,-216,-80,60,185,289,365,392,390,355,277,182,78,-36,-139,-236,-306,-347,-362,-353,-301,-223,-134,-23,89,200,296,366,400,407,368,299,193,57,-87,-223,-351,-441,-485,-481,-434,-333,-187,-32,141,303,431,523,553,533,450,324,153,-36,-213,-381,-509,-585,-604,-554,-452,-298,-105,104,295,468,591,652,647,570,435,252,32,-194,-410,-581,-693,-734,-695,-580,-395,-169,84,328,545,706,796,801,705,154,-199,11,491,409,-538,-275,19,328,609,815,946,965,883,694,418,89,-253,-576,-837,-1014,-1074,-1020,-838,-560,-213,164,528,833,1053,1159,1122,962,688,337,-60,-455,-799,-1060,-1203,-1204,-1077,-823,-473,-63,351,726,1021,1200,1242,1148,928,602,200,-213,-605,-927,-1148,-1244,-1201,-1019,-729,-360,49,449,801,1061,1213,1220,1096,852,513,123,-279,-649,-943,-1139,-1207,-1136,-952,-661,-293,100,484,808,1039,1158,1143,1014,766,438,70,-308,-645,-906,-1064,-1113,-1029,-831,-559,-220,133,469,756,955,1044,1020,886,658,371,39,-286,-578,-809,-950,-984,-919,-756,-508,-213,107,411,670,859,962,958,846,645,378,62,-1099,-551,-791,-948,-1001,-938,-768,-512,-198,146,469,747,947,1029,996,857,604,288,-67,-423,-726,-942,-1052,-1030,-895,-651,-332,15,374,688,913,1027,1020,895,665,361,9,-335,-627,-855,-971,-961,-853,-648,-367,-46,259,539,746,859,875,780,608,367,91,-181,-434,-629,-741,-771,-707,-566,-371,-142,97,323,504,625,665,629,532,379,182,-25,-223,-404,-522,-575,-555,-481,-356,-190,-16,158,306,414,477,477,423,326,193,51,-96,-228,-331,-386,-398,-362,-284,-182,-56,72,185,271,327,335,299,238,147,40,-70,-173,-244,-285,-284,-240,-167,-66,41,139,207,232,216,158,75,-5,539,557,-407,29,-324,231,297,304,240,119,-35,-197,-328,-403,-417,-361,-247,-88,86,250,379,454,472,434,331,180,11,-175,-332,-461,-527,-532,-473,-348,-185,13,211,398,545,626,636,566,422,226,-9,-265,-491,-656,-756,-761,-666,-491,-250,41,334,586,776,872,867,742,521,236,-88,-412,-687,-871,-947,-906,-753,-508,-191,151,468,733,899,950,895,727,472,168,-173,-469,-712,-860,-903,-834,-665,-429,-150,150,420,633,765,803,752,617,417,170,-81,-317,-513,-648,-701,-670,-573,-412,-217,-3,207,388,523,590,600,548,432,284,107,-80,-247,-384,-488,-532,-518,-463,-360,-217,-52,116,270,401,-198,513,499,427,309,163,-3,-165,-315,-429,-496,-512,-481,-389,-262,-100,77,240,379,471,515,503,443,327,179,12,-156,-297,-409,-469,-482,-441,-356,-238,-99,44,184,300,384,427,421,375,294,184,63,-54,-169,-266,-326,-363,-367,-337,-279,-194,-97,3,109,213,286,345,376,370,334,263,160,47,-80,-202,-309,-401,-448,-448,-405,-319,-194,-47,106,258,391,477,515,513,445,333,175,3,-178,-335,-468,-551,-574,-542,-454,-307,-129,68,256,419,546,618,622,567,448,270,66,-145,-347,-518,-640,-698,-677,-587,-425,-219,18,255,473,639,741,769,710,572,369,122,-149,-411,599,579
10544,mtk,MTK 7916,4080522860,rx1-tx0,512,-13,1407,913,315,190,35,-127,-272,-372,-428,-431,-380,-281,-135,15,164,298,385,429,423,354,244,105,-52,-195,-323,-412,-450,-439,-363,-246,-94,76,235,362,454,494,478,397,271,100,-84,-263,-425,-532,-578,-556,-463,-315,-122,94,309,491,623,679,652,543,371,144,-118,-366,-574,-725,-783,-752,-632,-426,-158,141,423,667,831,893,853,703,460,157,-170,-481,-725,-898,-960,-906,-736,-470,-153,182,493,751,918,970,912,738,490,179,-152,-451,-707,-876,-932,-898,-754,-530,-254,54,352,608,800,901,907,814,632,380,84,-217,-497,-726,-885,-953,-916,-773,-548,-261,67,406,703,925,1052,231,946,721,408,27,-373,-726,-1008,-1182,-1218,-1105,-864,-503,-76,372,791,1113,1314,1361,1234,947,551,76,-415,-863,-1214,-1419,-1456,-1316,-1000,-567,-69,446,920,1263,1480,1502,1336,1020,585,74,-444,-917,-1272,-1482,-1513,-1372,-1066,-627,-114,409,888,1263,1498,1557,1413,1117,679,164,-382,-885,-1286,-1534,-1602,-1469,-1156,-696,-144,433,951,1348,1594,1633,1451,1099,586,12,-560,-1059,-1407,-1567,-1526,-1292,-897,-386,164,688,1086,1349,1425,1312,1043,655,180,-311,-737,-1047,-1220,-1224,-1070,-784,-400,22,426,764,993,1078,1015,804,491,121,-264,-594,-835,-940,-886,-694,-386,-22,327,593,728,703,534,270,-7,238,999,101,58,-270,-330,-157,111,383,600,703,662,488,201,-121,-435,-690,-836,-838,-719,-485,-169,170,503,761,928,962,863,634,317,-49,-414,-736,-971,-1087,-1049,-877,-593,-218,200,604,943,1160,1236,1161,910,550,115,-354,-788,-1125,-1328,-1376,-1234,-938,-513,-13,490,951,1302,1487,1487,1299,947,469,-72,-616,-1077,-1420,-1597,-1557,-1316,-922,-402,166,723,1187,1514,1637,1558,1291,860,318,-263,-805,-1240,-1527,-1613,-1507,-1215,-776,-247,302,803,1202,1442,1512,1409,1132,732,247,-253,-729,-1094,-1340,-1419,-1325,-1082,-725,-289,178,614,969,1222,1325,1276,1083,767,377,-55,-482,-852,-1120,-1266,-1267,-1120,-855,-493,-79,348,-49,1047,1246,1302,1208,979,636,220,-229,-661,-1018,-1260,-1372,-1318,-1107,-771,-326,159,634,1044,1330,1463,1427,1211,855,382,-153,-654,-1088,-1392,-1513,-1471,-1237,-860,-368,172,689,1113,1403,1511,1437,1196,800,306,-204,-687,-1079,-1338,-1428,-1344,-1094,-728,-273,203,637,978,1203,1273,1194,981,653,261,-150,-524,-835,-1033,-1108,-1054,-876,-603,-279,70,414,694,877,962,938,810,589,310,1,-295,-569,-766,-864,-855,-752,-565,-308,-29,258,503,675,775,778,682,510,274,18,-240,-462,-615,-691,-684,-590,-422,-212,15,241,432,557,613,589,494,338,143,-60,-252,-406,-501,-530,-493,-392,-256,-77,105,597,580,221,496,1177,-324,-411,-447,-430,-354,-235,-90,68,218,343,414,429,399,315,191,49,-106,-252,-357,-425,-435,-392,-304,-171,-21,140,285,393,462,473,417,319,176,9,-171,-327,-450,-524,-532,-479,-364,-195,-9,192,376,521,609,624,558,428,239,14,-225,-441,-609,-722,-739,-662,-503,-277,-7,260,512,706,826,837,752,567,307,1,-307,-588,-801,-917,-923,-809,-602,-321,4,332,628,847,959,961,844,631,331,-2,-333,-617,-829,-948,-946,-837,-636,-361,-54,256,544,758,891,922,850,689,453,163,-139,-427,-666,-837,-916,-898,-787,-584,-322,-17,302,586,812,954,1006,939,757,488,156,-568,-547,-841,-1052,-1149,-1099,-921,-634,-263,158,566,922,1176,1286,1252,1059,733,314,-160,-629,-1020,-1291,-1415,-1366,-1149,-784,-318,182,674,1089,1367,1483,1435,1193,820,341,-200,-699,-1114,-1399,-1517,-1458,-1218,-834,-357,173,672,1106,1403,1531,1479,1251,882,409,-126,-641,-1085,-1404,-1565,-1532,-1313,-933,-436,119,663,1130,1465,1624,1573,1319,909,388,-207,-758,-1218,-1525,-1620,-1519,-1214,-756,-213,351,857,1248,1470,1495,1321,980,534,14,-491,-905,-1198,-1334,-1279,-1063,-720,-299,155,571,904,1102,1150,1047,809,462,66,-332,-669,-900,-1007,-965,-777,-482,-108,266,587,798,861,764,534,214,-119,-392,-546,-552,-1467,-1103,-164,612,539,354,518,580,500,298,2,-312,-587,-753,-786,-690,-472,-161,184,498,751,882,896,778,544,232,-129,-480,-769,-958,-1022,-947,-750,-444,-67,329,688,973,1138,1160,1024,758,378,-49,-495,-892,-1161,-1304,-1279,-1082,-744,-312,182,655,1052,1327,1434,1365,1126,730,237,-293,-798,-1213,-1483,-1569,-1447,-1149,-711,-167,410,923,1330,1574,1623,1460,1125,639,68,-506,-1022,-1404,-1614,-1620,-1423,-1055,-557,4,558,1042,1391,1559,1533,1328,968,492,-25,-541,-980,-1295,-1453,-1438,-1251,-920,-499,-18,460,867,1172,1342,1350,1197,923,544,109,-336,-742,-1052,-1237,-1293,-1198,-967,-632,-228,203,610,948,1179,1278,1231,425,760,363,-75,-500,-873,-1147,-1303,-1313,-1167,-883,-499,-54,415,833,1166,1376,1416,1294,1011,602,119,-394,-860,-1227,-1455,-1509,-1372,-1078,-629,-116,415,899,1272,1493,1520,1361,1039,592,75,-446,-910,-1272,-1456,-1464,-1299,-973,-539,-43,445,869,1178,1348,1339,1173,875,483,34,-395,-772,-1043,-1179,-1173,-1034,-787,-449,-78,300,627,871,999,1032,934,729,450,136,-190,-487,-728,-875,-919,-853,-698,-450,-165,133,405,633,777,823,781,633,422,168,-115,-369,-579,-708,-745,-696,-559,-359,-125,121,350,524,628,657,601,469,285,76,-145,-340,-486,-562,-566,-501,-372,-200,-13,175,325,437,498,484,-151,209
10545,mtk,MTK 7916,4080522860,rx1-tx1,512,0,0,0,307,251,141,-9,-166,-287,-343,-334,-252,-121,35,198,324,379,348,251,101,-77,-238,-353,-393,-345,-225,-49,133,281,386,404,328,182,-9,-199,-355,-442,-433,-333,-149,68,277,428,500,474,342,128,-119,-352,-519,-579,-529,-376,-135,151,408,591,663,590,399,134,-169,-453,-656,-733,-654,-451,-156,177,481,699,784,718,514,209,-136,-464,-716,-828,-770,-570,-257,115,450,706,836,811,632,333,-34,-393,-675,-822,-822,-676,-399,-57,291,587,770,800,689,463,152,-174,-459,-650,-716,-649,-473,-220,65,324,511,593,565,440,238,15,-196,-361,-444,-440,-358,-212,-44,114,241,0,290,228,122,10,-94,-166,-185,-159,-97,-12,67,131,155,133,76,-7,-105,-181,-219,-214,-166,-77,43,165,253,293,285,223,115,-19,-152,-263,-331,-339,-280,-174,-40,95,209,288,316,291,219,114,0,-108,-196,-237,-233,-190,-127,-53,31,97,125,128,106,65,31,0,-30,-39,-20,-1,20,36,31,18,-13,-50,-82,-108,-115,-99,-64,-4,57,108,153,169,154,115,57,-17,-82,-135,-172,-171,-133,-74,-9,56,115,140,133,108,63,7,-52,-93,-110,-106,-84,-33,28,77,111,126,116,82,30,-37,-97,-146,-175,-175,-148,-99,-34,33,90,137,167,175,160,0,0,0,0,0,110,118,110,84,38,-21,-89,-157,-205,-227,-223,-187,-116,-11,106,203,274,302,276,210,103,-33,-172,-279,-348,-363,-307,-191,-32,137,285,395,442,394,278,113,-92,-294,-448,-520,-496,-386,-201,31,268,466,587,610,509,310,57,-216,-454,-607,-655,-581,-398,-145,139,413,601,678,627,455,202,-95,-393,-609,-701,-662,-493,-228,73,375,606,721,706,549,282,-45,-366,-615,-748,-742,-598,-333,1,330,592,747,757,617,355,32,-296,-563,-718,-740,-620,-370,-54,268,546,713,737,613,365,54,-269,-547,-709,-736,-615,-368,-51,280,568,736,757,632,376,41,-291,-575,-751,0,-662,-400,-65,280,572,757,796,676,416,69,-292,-589,-779,-822,-692,-425,-84,282,598,788,826,698,440,94,-279,-592,-780,-819,-707,-447,-92,270,581,781,807,676,422,83,-280,-585,-774,-798,-668,-407,-52,308,607,784,800,657,393,42,-318,-612,-778,-786,-644,-374,-24,320,595,767,780,629,354,16,-326,-596,-748,-757,-614,-348,-17,312,567,714,723,577,324,29,-274,-523,-662,-669,-543,-314,-37,241,461,591,600,487,278,26,-215,-403,-502,-503,-406,-226,-4,201,352,426,411,313,152,-35,-201,-313,-358,-328,-217,-64,77,204,297,310,244,127,-12,-148,-252,-300,-280,0,0,0,0,0,71,206,305,342,303,197,45,-118,-258,-356,-378,-324,-198,-30,141,292,383,389,308,163,-14,-189,-323,-384,-372,-278,-118,64,241,373,418,375,262,78,-136,-320,-445,-470,-396,-242,-24,203,398,518,533,430,238,-6,-260,-473,-590,-593,-486,-267,21,313,547,675,675,554,303,-17,-329,-583,-733,-743,-603,-337,-5,326,609,779,796,658,397,57,-300,-609,-797,-834,-713,-456,-120,246,567,772,839,752,519,188,-174,-500,-729,-818,-764,-571,-273,60,385,630,748,726,579,328,33,-257,-501,-642,-653,-547,-357,-112,149,358,486,530,465,325,145,-64,-241,-345,-383,-344,-235,0,29,148,223,242,198,122,30,-70,-142,-161,-134,-73,12,88,152,183,167,108,19,-88,-185,-243,-255,-224,-141,-22,108,220,296,325,298,212,76,-67,-196,-284,-329,-322,-256,-144,-20,108,208,266,280,243,173,76,-25,-102,-160,-187,-172,-128,-76,-29,16,63,83,73,45,23,4,-20,-16,3,24,55,81,79,55,10,-39,-88,-123,-141,-146,-119,-68,-1,72,138,176,180,156,103,31,-46,-108,-148,-161,-144,-91,-32,13,63,111,127,113,75,23,-33,-80,-110,-114,-92,-51,6,66,116,145,154,134,84,23,-47,-120,-167,-190,-193,-172,-127,-73,-18,30,0,0,0,0,0,6,41,82,127,165,181,172,139,78,-3,-89,-174,-242,-269,-258,-205,-110,5,126,228,300,327,295,207,78,-71,-211,-330,-394,-383,-303,-160,22,210,366,457,469,396,251,46,-183,-390,-522,-566,-507,-359,-135,128,365,543,634,608,469,241,-29,-300,-529,-664,-667,-538,-308,-22,269,510,657,679,577,355,52,-258,-509,-671,-709,-614,-398,-96,229,514,694,749,663,440,135,-187,-479,-687,-768,-698,-483,-177,152,451,674,764,700,500,207,-121,-421,-647,-749,-693,-496,-214,110,422,649,747,694,503,217,-116,-431,-665,-755,-694,-509,-219,123,442,672,771,715,519,224,0,-451,-695,-799,-747,-557,-253,117,459,697,806,763,566,252,-107,-445,-702,-823,-777,-590,-276,89,434,694,814,776,589,281,-86,-440,-702,-824,-772,-574,-272,90,440,699,812,759,559,248,-111,-455,-708,-816,-754,-542,-227,141,476,706,800,742,533,204,-160,-477,-710,-809,-730,-507,-195,154,475,704,780,698,491,193,-150,-468,-681,-757,-682,-474,-176,146,428,627,703,635,457,190,-116,-387,-574,-650,-596,-423,-171,105,348,506,560,505,352,137,-96,-301,-433,-473,-419,-280,-90,111,280,374,393,329,194,23,-141,-264,-324,-312,-235,-109,36,179,269,289,250,155,14,-128,0,0
10546,mtk,MTK 7916,4080522860,rx2-tx0,512,0,0,0,-433,-256,-19,227,425,543,547,435,233,-18,-274,-477,-582,-568,-436,-212,59,321,521,615,580,423,179,-107,-367,-556,-634,-577,-396,-131,162,424,601,652,565,359,75,-230,-493,-650,-668,-552,-318,-8,313,569,701,690,532,258,-74,-399,-646,-761,-716,-521,-207,151,483,730,828,748,512,164,-224,-569,-811,-893,-788,-520,-143,271,639,883,952,823,528,123,-311,-686,-931,-992,-852,-542,-117,332,714,957,1010,864,545,116,-336,-722,-965,-1015,-861,-541,-116,326,704,944,996,848,534,117,-318,-687,-915,-957,-813,-504,-98,317,660,864,894,750,456,70,-332,-657,-839,-845,-677,0,-4,376,675,826,806,622,311,-63,-432,-717,-846,-798,-587,-257,128,495,772,892,828,593,238,-175,-559,-832,-937,-856,-606,-228,201,597,880,985,899,631,235,-209,-618,-913,-1024,-931,-664,-264,204,635,941,1055,973,701,284,-192,-637,-963,-1105,-1024,-745,-328,163,627,964,1124,1073,812,400,-83,-552,-930,-1124,-1103,-880,-492,-20,446,832,1058,1084,914,579,141,-314,-700,-948,-1020,-912,-634,-237,187,550,809,914,849,634,309,-62,-410,-674,-807,-793,-634,-362,-41,273,531,694,724,622,423,155,-134,-391,-570,-649,-622,-504,-314,-83,153,353,487,546,532,454,327,179,39,-83,0,0,0,0,0,-324,-424,-479,-478,-409,-274,-95,122,341,522,633,651,563,384,135,-147,-416,-629,-733,-715,-565,-309,17,350,626,800,842,725,470,116,-275,-630,-880,-980,-897,-640,-254,194,628,955,1112,1071,834,428,-76,-576,-981,-1218,-1229,-1012,-612,-89,463,935,1249,1340,1178,800,271,-318,-855,-1240,-1392,-1277,-934,-422,169,732,1157,1364,1316,1022,538,-41,-613,-1063,-1309,-1304,-1046,-592,-36,519,973,1234,1250,1024,607,89,-446,-895,-1161,-1202,-1007,-623,-128,388,822,1087,1139,966,610,137,-356,-767,-1023,-1074,-917,-585,-142,324,721,973,1024,868,551,129,-319,-692,-926,-973,-819,-506,-103,319,682,0,935,783,481,80,-331,-669,-872,-897,-741,-445,-61,337,665,847,858,706,411,33,-342,-642,-812,-816,-654,-361,0,351,627,773,761,593,307,-35,-362,-610,-728,-695,-523,-246,82,385,601,686,628,444,170,-134,-405,-586,-642,-562,-363,-89,191,428,574,600,492,277,8,-260,-473,-573,-553,-413,-183,76,317,496,568,518,353,115,-147,-373,-522,-563,-487,-299,-53,196,408,534,545,441,246,-2,-242,-427,-525,-510,-391,-192,46,274,438,505,466,332,128,-103,-308,-441,-480,-419,-261,-50,167,351,456,459,364,193,-21,-231,-393,-471,-450,-324,-124,99,296,438,495,442,294,0,0,0,0,0,-312,-476,-548,-507,-354,-126,129,364,526,580,515,344,96,-176,-409,-560,-601,-520,-330,-70,206,445,586,607,507,292,12,-267,-495,-626,-621,-488,-254,46,336,553,654,615,445,180,-127,-414,-617,-689,-617,-419,-128,201,490,688,740,634,389,57,-290,-586,-761,-786,-643,-367,-4,370,672,839,839,668,348,-44,-428,-736,-907,-890,-684,-335,83,486,803,963,925,693,326,-106,-525,-844,-993,-950,-710,-328,116,541,865,1020,965,721,338,-113,-549,-866,-1010,-955,-708,-328,107,529,844,980,929,697,327,-109,-512,-811,-945,-882,-647,-293,118,499,773,882,810,582,236,-157,-509,0,-838,-755,-516,-165,226,560,776,832,722,457,93,-292,-616,-819,-859,-721,-427,-46,347,678,872,887,726,418,19,-397,-742,-935,-943,-766,-439,-9,425,772,975,987,802,457,16,-429,-793,-1007,-1028,-844,-493,-35,430,808,1044,1073,886,529,65,-416,-818,-1060,-1098,-937,-593,-127,363,788,1060,1135,995,666,214,-276,-713,-1012,-1128,-1031,-743,-325,145,586,911,1058,1010,774,405,-26,-443,-772,-944,-944,-770,-464,-82,306,626,824,867,747,498,167,-185,-490,-694,-768,-706,-523,-248,58,344,565,678,669,553,350,91,-171,-391,-545,-617,-594,-488,-315,-114,78,241,358,417,417,373,0,0,0,0,0,235,128,-10,-177,-351,-497,-584,-593,-516,-360,-140,117,364,561,677,689,581,370,84,-232,-514,-714,-790,-728,-533,-230,133,480,751,895,878,700,373,-35,-445,-792,-1012,-1040,-874,-546,-107,373,803,1093,1188,1062,734,265,-263,-761,-1135,-1301,-1234,-936,-451,114,666,1106,1351,1346,1082,619,49,-537,-1024,-1320,-1377,-1171,-745,-185,403,915,1257,1359,1204,823,290,-291,-814,-1173,-1301,-1189,-850,-354,209,726,1094,1244,1152,841,375,-156,-653,-1019,-1178,-1102,-814,-378,122,597,951,1105,1045,783,378,-98,-550,-891,-1049,-996,-749,-356,104,534,854,998,943,706,331,-102,-512,-817,-953,-898,-670,0,121,511,794,918,863,631,272,-135,-512,-782,-889,-818,-588,-245,150,505,753,853,780,549,212,-163,-500,-734,-814,-725,-494,-168,189,502,703,757,655,424,114,-219,-504,-676,-707,-587,-352,-48,256,502,645,649,513,274,-16,-301,-513,-612,-581,-430,-186,91,345,524,589,522,344,94,-174,-398,-540,-568,-472,-270,-16,238,445,554,546,425,212,-48,-293,-474,-555,-522,-381,-160,96,331,491,545,486,328,104,-140,-355,-486,-511,-435,-269,-43,185,372,476,474,375,199,-22,-237,-400,-477,-448,-322,-127,92,294,428,465,406,260,53,-169,-354,-466,-476,-386,-212,10,231,403,0,0
10547,mtk,MTK 7916,4080522860,rx2-tx1,512,0,0,0,50,-23,-92,-136,-144,-122,-74,-12,55,113,145,145,117,68,-3,-77,-131,-159,-161,-132,-79,-9,64,134,178,188,165,113,42,-35,-106,-157,-178,-174,-146,-94,-22,50,114,158,180,178,140,83,17,-52,-113,-159,-177,-171,-149,-97,-22,50,109,165,195,186,153,99,18,-72,-147,-205,-229,-221,-173,-94,12,120,205,259,272,235,159,53,-72,-192,-284,-318,-295,-223,-105,39,177,286,344,337,267,148,-5,-160,-288,-372,-385,-321,-198,-33,137,278,379,408,353,228,55,-128,-285,-396,-428,-369,-245,-73,123,302,415,447,394,261,74,-132,-327,-458,-488,-425,-287,0,161,370,511,555,495,335,95,-170,-413,-585,-651,-589,-415,-162,132,418,633,731,691,523,249,-78,-397,-653,-791,-779,-626,-355,-8,347,633,807,841,713,433,75,-291,-617,-830,-889,-781,-529,-165,233,592,844,941,855,608,255,-153,-544,-844,-977,-928,-716,-359,66,477,811,1002,1003,814,482,65,-367,-725,-948,-1004,-872,-595,-215,211,605,882,982,901,674,317,-90,-473,-768,-925,-914,-730,-424,-55,323,635,825,867,762,522,188,-168,-484,-711,-809,-772,-608,-340,-13,301,557,713,751,670,478,219,-65,-332,-535,-651,-670,-597,-445,-242,-22,189,357,458,496,472,404,307,0,0,0,0,0,-172,-205,-224,-216,-172,-109,-26,76,178,263,308,305,264,178,55,-74,-197,-301,-350,-342,-276,-161,-10,141,276,365,386,345,241,81,-99,-269,-394,-445,-417,-316,-148,58,268,428,508,503,412,232,0,-237,-437,-567,-595,-521,-344,-99,171,416,595,660,605,446,198,-90,-366,-585,-699,-685,-549,-311,-2,308,550,696,719,603,382,88,-235,-506,-680,-732,-642,-433,-147,163,446,648,718,657,474,200,-107,-395,-615,-713,-670,-503,-235,71,355,574,692,677,524,266,-39,-337,-571,-696,-695,-555,-310,-7,302,548,688,702,583,343,38,-268,-520,-671,-700,-596,-369,-79,220,0,647,687,597,393,110,-198,-467,-640,-685,-600,-396,-109,199,461,627,678,598,393,113,-190,-459,-637,-692,-613,-416,-135,177,457,653,725,649,451,167,-157,-447,-651,-738,-686,-504,-222,107,410,631,731,698,534,269,-40,-343,-581,-697,-679,-544,-311,-18,267,495,626,632,513,311,58,-204,-420,-542,-551,-454,-275,-54,172,358,470,485,401,237,35,-162,-323,-418,-425,-341,-198,-25,151,294,374,374,299,165,5,-152,-281,-357,-352,-273,-146,4,146,252,309,304,240,127,2,-126,-227,-276,-271,-214,-111,6,116,200,237,233,184,102,1,-95,-166,-200,-193,-146,-73,5,0,0,0,0,0,147,148,114,63,-8,-78,-128,-151,-142,-96,-33,33,96,140,156,140,99,35,-38,-102,-148,-173,-164,-123,-64,10,83,144,180,183,150,96,32,-41,-109,-155,-183,-177,-141,-89,-19,56,112,151,173,170,140,93,25,-49,-107,-151,-177,-178,-145,-87,-25,46,123,181,205,203,167,99,9,-93,-178,-230,-246,-224,-167,-77,34,148,237,285,284,232,129,-2,-131,-240,-312,-333,-292,-195,-54,104,236,330,374,347,242,92,-74,-229,-345,-392,-369,-277,-127,44,208,348,421,403,313,164,-21,-211,-357,-435,-426,-327,-167,28,218,376,466,452,343,173,-37,-259,-424,0,-499,-385,-191,43,281,477,586,582,468,252,-18,-293,-531,-674,-684,-567,-342,-48,269,542,718,767,666,443,137,-208,-525,-743,-825,-757,-548,-225,143,485,740,861,819,620,299,-79,-444,-739,-903,-900,-716,-394,-8,387,731,936,962,806,494,102,-319,-687,-930,-1008,-894,-610,-216,213,607,890,1013,951,711,341,-83,-488,-806,-983,-976,-794,-468,-62,357,705,914,945,814,546,182,-204,-556,-805,-899,-835,-624,-305,62,418,689,823,826,684,420,92,-238,-530,-723,-781,-713,-532,-267,38,330,557,692,713,619,438,204,-47,-287,-474,-589,-619,-561,-440,-284,-118,40,166,255,0,0,0,0,0,98,36,-32,-106,-186,-251,-279,-276,-235,-160,-58,62,180,273,324,330,278,178,48,-93,-228,-326,-368,-348,-264,-128,38,201,327,407,413,337,199,14,-182,-341,-448,-482,-418,-274,-79,141,350,498,559,514,373,166,-77,-320,-520,-629,-617,-494,-281,-12,270,502,647,690,598,388,112,-196,-469,-646,-711,-660,-474,-197,111,403,627,725,698,541,277,-39,-349,-591,-719,-715,-578,-336,-21,289,536,688,708,594,368,79,-231,-503,-674,-706,-605,-393,-108,203,480,653,693,613,423,137,-178,-453,-641,-708,-641,-457,-179,134,417,618,708,659,483,214,-93,-381,-594,-694,-666,0,-242,57,348,572,682,664,511,253,-40,-324,-553,-673,-653,-507,-265,32,330,563,678,653,513,265,-38,-333,-569,-691,-684,-545,-294,13,322,571,711,722,591,339,29,-288,-559,-713,-726,-609,-388,-90,230,507,684,726,632,429,147,-158,-432,-615,-674,-611,-434,-180,94,352,535,599,554,406,188,-60,-290,-459,-527,-484,-351,-157,58,252,396,457,416,294,120,-70,-243,-365,-411,-369,-256,-100,75,231,328,367,333,230,83,-77,-219,-308,-335,-300,-206,-74,65,190,276,301,264,184,66,-61,-171,-243,-263,-230,-158,-57,52,143,202,221,194,128,44,-49,-125,-170,-178,0,0
10548,mtk,MTK 7916,4080595937,rx0-tx0,512,-172,345,188,-815,-808,-739,-607,-426,-215,6,233,448,625,751,823,829,771,642,466,245,-9,-267,-511,-718,-870,-943,-937,-855,-684,-457,-176,131,437,703,916,1049,1067,1000,834,580,283,-58,-395,-697,-917,-1073,-1122,-1059,-894,-645,-337,-7,323,625,851,1005,1066,1019,878,665,393,94,-216,-503,-726,-888,-967,-950,-845,-673,-440,-175,94,356,574,729,823,849,791,663,481,250,6,-217,-434,-602,-703,-739,-716,-619,-477,-281,-80,136,314,460,566,609,582,514,400,260,100,-64,-202,-316,-390,-425,-421,-376,-307,-218,-123,-21,62,136,197,235,256,258,250,219,169,132,77,12,-54,-119,-588,-220,-227,-224,-224,-193,-134,-71,-2,69,129,181,208,219,201,162,118,51,-12,-69,-119,-139,-143,-131,-107,-65,-27,27,50,63,64,46,15,-26,-72,-98,-126,-122,-91,-37,44,123,212,258,288,288,241,162,39,-103,-239,-368,-461,-512,-500,-424,-289,-107,92,288,461,599,673,672,596,441,231,-7,-251,-474,-641,-743,-767,-700,-566,-356,-112,138,378,577,715,784,751,648,484,263,15,-227,-436,-604,-709,-726,-671,-548,-362,-153,74,284,468,580,634,628,559,425,249,62,-136,-319,-462,-548,-574,-533,-430,-271,-88,103,287,420,496,492,413,273,105,-81,-221,-297,543,548,765,399,364,312,296,216,76,-97,-268,-401,-480,-491,-416,-272,-86,117,305,454,551,576,522,398,234,38,-165,-351,-511,-596,-605,-557,-438,-273,-75,132,329,486,583,610,573,473,322,143,-55,-242,-401,-497,-548,-531,-459,-334,-192,-28,114,245,335,375,379,347,284,204,102,2,-75,-138,-171,-187,-195,-176,-155,-127,-103,-69,-46,-30,-10,-4,22,43,70,90,118,154,184,185,175,164,142,89,29,-53,-142,-207,-271,-310,-341,-342,-304,-223,-121,4,142,256,373,446,491,493,456,355,222,60,-121,-301,-458,-588,-668,-682,-637,-513,-340,-118,132,364,583,737,826,853,791,638,-291,163,-128,-404,-660,-862,-981,-992,-919,-748,-500,-205,131,447,723,937,1068,1090,1003,828,557,243,-85,-421,-716,-933,-1076,-1120,-1057,-895,-655,-353,-24,296,598,853,1032,1125,1115,1027,842,566,254,-100,-447,-760,-1011,-1164,-1228,-1179,-1025,-783,-454,-86,301,676,991,1206,1317,1324,1195,973,641,258,-152,-562,-930,-1205,-1366,-1420,-1333,-1121,-803,-411,22,460,859,1170,1376,1449,1399,1201,895,512,68,-371,-776,-1097,-1316,-1418,-1371,-1200,-925,-561,-152,264,647,960,1177,1290,1270,1128,900,589,226,-136,-488,-774,-984,-1103,-1117,-1038,-868,-616,-325,-26,271,534,744,885,943,916,830,657,456,214,292,311,126,-465,-505,-91,139,359,553,704,788,811,781,683,533,336,108,-126,-355,-555,-719,-840,-887,-858,-745,-576,-346,-78,193,469,711,893,998,1015,928,760,521,223,-100,-412,-705,-924,-1060,-1104,-1041,-862,-617,-316,30,369,673,901,1044,1088,1045,886,653,372,45,-281,-570,-799,-953,-1016,-992,-869,-673,-426,-135,161,428,654,821,903,905,826,668,458,220,-39,-284,-499,-667,-771,-790,-750,-652,-482,-276,-57,169,367,524,631,676,655,564,440,277,88,-100,-258,-391,-476,-523,-509,-449,-355,-239,-111,20,137,227,289,326,332,300,266,212,153,77,6,-62,-124,-160,-191,-224,-233,-228,-206,321,-113,-46,8,72,149,202,230,238,224,194,144,78,7,-69,-125,-167,-194,-182,-169,-129,-77,-18,27,69,89,103,88,54,27,-8,-40,-65,-74,-50,-12,30,89,134,181,193,186,140,61,-25,-138,-239,-328,-388,-392,-359,-275,-153,5,185,354,494,576,599,551,443,272,59,-162,-377,-562,-680,-730,-699,-593,-410,-180,79,323,534,693,765,768,686,529,319,62,-195,-416,-598,-716,-754,-712,-597,-428,-206,33,259,461,597,671,681,619,487,302,105,-102,-298,-460,-560,-603,-586,-503,-359,-187,4,194,361,485,537,532,450,308,129,-67,-241,-363,-425,-404,-304,-168,-31,-209,-436,52,-16,-29,-162,-301,-392,-414,-356,-233,-67,126,312,453,529,531,461,332,151,-52,-260,-423,-540,-595,-580,-502,-358,-157,49,254,429,552,611,603,528,391,209,8,-193,-372,-502,-579,-586,-526,-407,-259,-86,93,256,377,445,470,439,376,264,140,16,-106,-195,-268,-303,-294,-262,-206,-143,-81,-22,31,55,80,91,108,103,111,100,107,112,118,113,106,90,67,13,-39,-90,-135,-186,-227,-245,-270,-250,-210,-144,-59,32,140,243,331,384,424,409,365,282,165,28,-121,-276,-416,-511,-574,-585,-539,-436,-291,-93,112,325,515,654,758,771,718,585,377,145,-123,-391,-625,374,-913,-925,-860,-711,-478,-184,126,426,704,905,1032,1052,966,793,540,230,-115,-438,-725,-951,-1076,-1112,-1044,-856,-602,-293,45,381,672,906,1058,1112,1074,951,736,461,133,-203,-520,-808,-1012,-1141,-1184,-1103,-931,-668,-352,2,373,715,997,1192,1270,1250,1121,875,543,170,-232,-615,-947,-1209,-1342,-1373,-1274,-1051,-722,-338,87,515,892,1188,1373,1440,1377,1175,862,462,25,-413,-816,-1133,-1353,-1446,-1391,-1212,-911,-543,-113,322,708,1032,1252,1350,1319,1169,910,579,190,-213,-577,-874,-1092,-1198,-1194,-1086,-873,-599,-279,54,374,657,872,989,1022,975,839,638,388,109,-158,-417,-629,-777,-869,183,159
10549,mtk,MTK 7916,4080595937,rx0-tx1,512,379,608,815,385,627,826,953,990,935,801,589,320,13,-311,-610,-850,-1023,-1109,-1089,-967,-757,-468,-129,222,564,859,1070,1196,1212,1106,903,611,270,-103,-480,-809,-1066,-1229,-1279,-1220,-1047,-767,-423,-35,361,720,1015,1212,1304,1286,1141,900,574,196,-188,-566,-890,-1130,-1271,-1298,-1214,-1018,-730,-376,0,376,720,1001,1187,1274,1245,1104,875,559,196,-177,-534,-846,-1079,-1214,-1245,-1160,-974,-704,-377,-17,336,660,925,1097,1175,1155,1018,808,529,197,-140,-461,-745,-946,-1070,-1104,-1035,-881,-651,-362,-53,249,536,767,931,1022,1020,926,766,535,257,-34,-328,-593,-805,-944,-993,-975,-873,-686,-437,-149,-430,434,684,881,999,1031,963,815,592,310,0,-322,-611,-848,-1010,-1068,-1034,-908,-694,-405,-79,254,568,818,994,1078,1054,933,719,443,120,-203,-512,-770,-948,-1035,-1023,-920,-719,-458,-159,147,435,675,851,945,942,855,678,451,192,-80,-340,-562,-718,-811,-824,-751,-626,-443,-226,1,219,420,573,664,699,661,570,433,261,73,-123,-297,-442,-544,-590,-581,-521,-418,-267,-111,53,204,333,428,483,484,443,374,264,132,-2,-133,-246,-335,-386,-397,-380,-323,-241,-135,-15,99,195,269,322,334,316,266,195,95,-13,-115,-206,-264,-292,-285,-236,-154,-54,42,129,186,202,180,-111,139,481,520,417,-285,-284,-226,-114,33,186,316,405,434,401,312,184,21,-143,-291,-409,-483,-503,-464,-383,-257,-95,79,248,400,503,564,570,520,422,275,86,-119,-305,-486,-608,-693,-704,-638,-511,-327,-101,146,390,600,750,836,841,749,584,354,83,-207,-491,-731,-892,-962,-944,-822,-611,-339,-33,287,578,808,963,1014,965,813,585,291,-30,-337,-602,-821,-949,-973,-915,-757,-529,-256,34,315,557,741,859,880,816,685,489,247,1,-234,-444,-615,-720,-760,-722,-620,-472,-286,-79,127,310,465,576,626,630,575,477,340,178,8,-152,-303,-423,-508,-544,-540,-492,-401,-285,-142,6,158,230,393,472,516,512,461,380,264,129,-27,-169,-299,-415,-486,-522,-508,-456,-359,-234,-85,70,213,341,435,493,505,479,413,304,174,38,-107,-237,-340,-411,-455,-459,-418,-351,-259,-145,-28,87,200,288,352,388,398,377,327,263,179,80,-17,-116,-207,-286,-349,-380,-388,-371,-329,-263,-175,-61,53,173,277,364,436,468,463,422,347,239,105,-43,-187,-321,-434,-514,-546,-534,-480,-386,-256,-96,71,227,378,499,575,611,586,521,402,257,90,-98,-283,-440,-561,-647,-673,-644,-565,-429,-256,-56,155,352,530,661,745,754,706,601,436,221,-12,-253,-470,-654,-789,-857,-843,-41,216,11,959,839,850,709,507,238,-59,-353,-618,-840,-986,-1055,-1020,-887,-674,-402,-78,264,584,856,1060,1157,1153,1042,830,539,204,-171,-523,-836,-1076,-1214,-1253,-1169,-973,-689,-342,42,421,771,1049,1224,1302,1254,1092,831,493,115,-279,-651,-957,-1181,-1292,-1294,-1184,-956,-652,-288,97,478,815,1077,1236,1289,1236,1073,809,478,101,-286,-637,-929,-1142,-1246,-1248,-1136,-925,-628,-285,82,438,754,999,1160,1215,1163,1012,763,457,120,-236,-564,-829,-1029,-1132,-1128,-1037,-850,-589,-293,37,358,636,865,1012,1063,1033,907,704,450,162,-149,-431,-671,-861,-968,-998,-953,-819,-616,-352,-67,220,506,744,910,993,-1099,921,753,524,236,-73,-380,-642,-857,-994,-1051,-1010,-866,-647,-355,-38,281,577,831,1000,1073,1053,927,711,433,109,-226,-540,-799,-980,-1063,-1043,-935,-727,-457,-147,170,473,729,901,984,974,875,699,462,176,-121,-396,-629,-788,-879,-882,-801,-645,-443,-211,47,285,489,650,734,756,708,607,440,252,41,-172,-359,-510,-606,-645,-630,-552,-433,-271,-95,84,247,391,489,533,534,483,390,268,126,-31,-168,-290,-380,-428,-441,-413,-344,-249,-131,-17,104,213,295,351,369,349,295,222,121,9,-98,-191,-264,-311,-321,-295,-231,-145,-44,59,157,227,260,247,202,122,34,-47,1020,1063,-407,29,338,-6,123,249,342,379,351,262,129,-30,-191,-326,-426,-473,-452,-385,-268,-122,45,207,347,461,524,531,488,389,247,82,-102,-279,-432,-555,-629,-632,-580,-467,-296,-101,128,345,533,678,766,779,709,557,347,101,-174,-435,-664,-826,-911,-904,-802,-610,-350,-56,250,541,773,931,997,962,823,605,319,-4,-319,-600,-822,-966,-1009,-944,-794,-563,-265,33,329,594,790,903,930,866,717,504,247,-26,-278,-502,-689,-791,-812,-763,-653,-482,-273,-45,182,383,542,650,691,666,592,471,311,129,-60,-238,-387,-499,-565,-581,-551,-480,-367,-226,-71,83,230,349,449,510,528,500,-198,328,204,64,-90,-229,-350,-443,-502,-519,-483,-427,-320,-187,-34,114,255,376,467,516,514,473,393,276,130,-18,-162,-292,-398,-460,-487,-473,-418,-332,-224,-100,34,158,265,353,408,425,414,367,295,206,106,-2,-112,-203,-279,-340,-374,-378,-363,-320,-260,-173,-75,25,128,224,312,385,421,427,403,345,265,156,22,-109,-235,-349,-441,-500,-515,-489,-422,-314,-177,-20,135,284,414,514,571,575,538,459,328,177,1,-174,-335,-477,-572,-629,-635,-580,-477,-343,-172,22,216,397,550,652,709,698,635,511,345,137,-87,-302,-499,-662,-766,-807,-782,-678,-521,-307,-66,192,-543,-486
10550,mtk,MTK 7916,4080595937,rx1-tx0,512,-13,51,206,-453,-363,-244,-95,63,208,331,411,457,455,392,299,174,34,-113,-245,-352,-428,-450,-428,-362,-260,-138,5,150,285,384,446,471,447,379,274,139,-12,-170,-317,-432,-512,-538,-518,-447,-319,-172,3,189,356,490,590,634,609,534,402,221,14,-198,-404,-576,-701,-745,-729,-634,-483,-282,-38,223,463,655,796,864,847,743,559,322,43,-248,-518,-741,-887,-949,-917,-798,-604,-351,-56,236,517,746,895,966,937,819,629,375,91,-197,-462,-690,-839,-921,-919,-840,-688,-466,-215,66,333,570,756,879,928,894,795,613,379,106,-179,-453,-686,-881,-992,-1020,-958,-809,-579,-287,231,375,678,935,1112,1187,1157,1003,751,421,38,-360,-734,-1042,-1265,-1364,-1330,-1163,-879,-500,-56,398,815,1158,1399,1506,1450,1249,918,505,41,-442,-885,-1246,-1482,-1571,-1503,-1288,-950,-523,-42,444,892,1255,1503,1592,1536,1339,992,567,77,-417,-870,-1239,-1500,-1618,-1571,-1376,-1048,-611,-111,408,882,1285,1554,1670,1618,1402,1044,580,44,-492,-980,-1358,-1596,-1688,-1579,-1307,-902,-395,137,641,1068,1386,1547,1530,1359,1044,635,173,-300,-732,-1068,-1273,-1343,-1269,-1074,-764,-383,21,418,755,1005,1142,1141,1012,775,461,95,-276,-598,-844,-975,-987,-871,-642,-336,18,355,620,772,777,652,424,138,-121,-222,-137,101,360,25,-500,-543,-473,-286,-17,277,542,734,815,766,603,346,36,-288,-575,-791,-924,-935,-837,-631,-355,-29,315,620,872,1026,1073,997,814,538,190,-183,-552,-871,-1103,-1224,-1223,-1086,-825,-471,-66,364,752,1081,1312,1388,1337,1150,827,413,-48,-516,-936,-1277,-1475,-1526,-1433,-1191,-812,-349,155,650,1084,1418,1604,1625,1485,1196,764,260,-264,-774,-1202,-1505,-1659,-1645,-1461,-1139,-690,-178,343,837,1238,1510,1625,1583,1376,1043,615,126,-365,-810,-1169,-1409,-1515,-1469,-1294,-987,-592,-155,300,712,1047,1288,1408,1387,1229,975,631,234,-170,-575,-912,-1158,-1289,-1319,-1224,-1024,-724,-360,24,414,767,1052,1237,-49,1278,1118,865,533,143,-272,-657,-981,-1235,-1365,-1385,-1271,-1021,-688,-285,166,607,992,1287,1464,1503,1402,1153,790,341,-162,-641,-1057,-1368,-1545,-1581,-1453,-1185,-794,-315,186,666,1078,1383,1553,1558,1412,1117,725,272,-216,-657,-1040,-1312,-1446,-1436,-1288,-1011,-647,-227,209,615,936,1163,1274,1262,1141,899,581,228,-143,-493,-775,-979,-1089,-1100,-1002,-818,-556,-262,58,365,626,824,946,968,897,736,519,269,-13,-288,-535,-728,-842,-864,-810,-672,-474,-234,23,270,489,651,736,757,701,577,390,166,-67,-283,-459,-596,-656,-650,-579,-447,-272,-77,119,299,438,533,567,537,456,320,168,-3,504,639,221,-294,-249,187,318,411,469,469,420,325,200,62,-97,-232,-342,-416,-453,-437,-374,-278,-150,-5,135,267,365,430,456,436,371,265,139,-11,-161,-300,-407,-475,-497,-475,-401,-292,-150,9,170,333,458,542,582,558,480,355,194,0,-195,-374,-534,-640,-683,-666,-587,-445,-248,-21,208,429,607,742,807,793,688,517,296,35,-231,-486,-694,-845,-913,-891,-772,-578,-327,-47,245,517,745,900,968,937,820,612,358,72,-226,-498,-727,-882,-949,-927,-832,-653,-410,-139,145,404,636,804,901,924,859,732,534,296,16,-250,-504,-718,-871,-954,-952,-865,-708,-485,-205,95,400,677,900,1044,-568,1063,910,674,358,11,-356,-702,-983,-1184,-1277,-1244,-1084,-817,-465,-53,372,770,1103,1337,1438,1395,1212,909,511,45,-425,-854,-1204,-1435,-1538,-1487,-1281,-950,-519,-42,454,901,1260,1491,1580,1520,1309,976,538,47,-436,-892,-1255,-1498,-1609,-1553,-1349,-1015,-592,-98,410,875,1266,1532,1652,1609,1409,1066,610,105,-422,-911,-1313,-1579,-1687,-1616,-1383,-991,-515,28,567,1024,1390,1594,1626,1486,1196,789,285,-222,-695,-1083,-1338,-1454,-1415,-1222,-900,-500,-61,369,744,1034,1204,1246,1158,935,627,255,-135,-493,-787,-987,-1073,-1024,-860,-594,-263,93,434,704,874,914,814,597,295,-40,-333,-538,-615,-557,-154,-231,-164,548,637,-95,133,386,591,697,676,535,294,-14,-333,-604,-798,-884,-851,-699,-465,-160,168,482,744,923,1011,971,825,583,267,-87,-441,-754,-993,-1126,-1145,-1043,-822,-504,-129,270,658,984,1210,1312,1284,1114,839,448,6,-431,-853,-1182,-1395,-1469,-1394,-1176,-821,-372,107,586,1026,1364,1558,1599,1468,1195,794,308,-209,-718,-1162,-1487,-1642,-1647,-1485,-1167,-734,-221,323,821,1239,1528,1658,1626,1432,1089,642,140,-371,-837,-1212,-1469,-1575,-1517,-1318,-999,-595,-134,331,757,1110,1340,1449,1424,1250,972,611,191,-240,-640,-974,-1222,-1339,-1344,-1226,-995,-670,-296,97,492,826,1096,1251,1300,1239,1061,788,439,425,-327,-694,-999,-1222,-1341,-1326,-1183,-944,-607,-211,201,622,978,1249,1417,1455,1343,1104,750,319,-150,-616,-1020,-1330,-1521,-1561,-1438,-1179,-793,-336,169,656,1068,1387,1563,1582,1441,1158,771,297,-195,-674,-1081,-1353,-1514,-1506,-1354,-1071,-682,-238,210,642,998,1248,1366,1354,1204,948,614,220,-177,-550,-863,-1076,-1180,-1182,-1058,-844,-567,-242,100,428,703,903,1014,1034,946,777,544,265,-33,-324,-579,-766,-883,-919,-856,-720,-507,-251,18,278,516,689,794,814,755,624,424,195,-47,-279,-476,-626,-700,-706,-632,-509,-330,-118,89,286,452,563,608,592,511,385,220,33,-145,-312,-431,-505,-531,-419,-75
10551,mtk,MTK 7916,4080595937,rx1-tx1,512,0,0,0,-405,-223,12,238,418,496,460,315,82,-168,-384,-508,-510,-389,-183,66,306,471,524,459,271,21,-231,-434,-536,-499,-344,-107,156,382,514,518,406,184,-98,-350,-514,-560,-469,-262,19,300,517,612,555,362,81,-229,-495,-650,-650,-500,-230,111,428,647,722,629,388,50,-307,-602,-762,-744,-557,-229,158,503,738,820,709,432,53,-338,-662,-840,-828,-629,-284,125,513,786,877,776,510,122,-290,-636,-853,-879,-695,-370,17,402,711,857,805,584,253,-130,-477,-717,-801,-712,-471,-134,214,505,674,691,570,342,42,-253,-464,-569,-553,-416,-193,48,261,396,437,383,246,0,-101,-241,-304,-282,-199,-68,67,165,207,194,124,20,-91,-168,-204,-181,-99,23,144,239,274,243,153,17,-135,-249,-325,-333,-256,-124,38,200,316,366,340,242,90,-74,-219,-320,-351,-309,-205,-58,92,220,292,294,239,139,17,-97,-184,-221,-197,-131,-46,48,124,146,124,74,11,-51,-106,-126,-103,-42,33,104,151,172,141,72,-14,-101,-179,-217,-204,-148,-60,44,144,215,241,219,153,55,-47,-144,-206,-214,-194,-135,-44,42,111,156,166,134,80,19,-49,-95,-113,-108,-68,-20,27,71,91,88,67,23,-27,-73,-106,-114,-99,-68,-25,20,62,91,110,0,0,0,0,0,91,60,10,-59,-130,-189,-221,-221,-179,-107,-3,113,212,277,296,260,172,36,-119,-251,-337,-352,-297,-187,-26,149,296,393,407,335,184,-18,-225,-386,-468,-462,-353,-156,89,323,492,567,519,355,111,-163,-415,-586,-625,-529,-320,-40,259,506,644,645,511,259,-61,-363,-581,-683,-635,-440,-146,180,468,663,697,566,315,-6,-337,-592,-715,-684,-494,-191,163,490,698,751,644,387,42,-317,-608,-765,-747,-559,-255,98,436,676,759,673,436,98,-272,-574,-739,-733,-562,-260,102,440,672,755,661,410,65,-295,-598,-763,-753,-567,-244,132,474,720,806,707,438,67,-325,0,-827,-806,-611,-280,121,506,777,865,756,478,103,-307,-658,-847,-845,-656,-310,118,515,788,880,771,491,91,-324,-663,-849,-832,-635,-296,122,516,779,860,742,453,54,-354,-678,-846,-820,-592,-227,188,567,810,869,724,404,-9,-424,-743,-894,-828,-567,-179,249,623,852,879,711,383,-47,-462,-761,-884,-807,-543,-155,260,617,848,877,690,358,-43,-436,-734,-852,-767,-522,-162,236,565,750,771,622,326,-43,-389,-636,-730,-651,-435,-124,211,487,634,620,476,228,-72,-349,-533,-584,-491,-286,-31,225,428,520,477,316,93,-152,-355,-465,-460,-336,-130,110,314,432,453,370,0,0,0,0,0,-274,-432,-491,-428,-270,-42,212,407,502,487,354,135,-126,-362,-505,-521,-423,-226,31,278,458,533,473,304,66,-196,-412,-526,-518,-369,-132,129,369,528,553,440,221,-55,-322,-518,-589,-510,-310,-36,262,499,623,597,429,153,-172,-465,-644,-682,-565,-305,41,380,638,753,693,471,135,-243,-572,-767,-794,-642,-337,54,435,712,834,775,536,178,-233,-596,-821,-866,-714,-392,17,416,718,869,832,611,252,-161,-539,-793,-868,-760,-495,-117,281,616,799,810,660,378,16,-345,-619,-750,-717,-542,-260,71,376,580,643,570,388,137,-137,-362,-490,-501,-405,-231,-21,173,309,0,332,227,74,-77,-195,-255,-237,-157,-52,69,161,205,183,101,-7,-115,-204,-238,-204,-113,14,145,248,305,290,198,61,-97,-254,-348,-365,-311,-188,-19,149,287,359,359,287,156,-4,-163,-276,-329,-312,-233,-112,33,155,231,257,228,139,25,-66,-134,-171,-162,-106,-25,52,108,134,111,57,-7,-76,-126,-132,-108,-57,24,110,178,205,179,119,25,-78,-169,-231,-234,-195,-116,-7,105,189,230,228,181,99,-1,-98,-162,-197,-192,-141,-69,10,79,123,136,125,87,30,-31,-80,-103,-98,-72,-26,28,66,92,96,80,44,-10,-60,-95,-117,-120,-103,-75,-36,0,0,0,0,0,97,134,166,172,145,88,12,-75,-163,-233,-263,-249,-187,-81,45,164,264,319,307,233,104,-49,-199,-324,-382,-357,-255,-95,94,268,390,437,396,260,56,-171,-366,-495,-518,-433,-254,-7,253,465,584,570,434,211,-72,-355,-555,-641,-593,-422,-158,157,439,625,676,584,358,50,-270,-529,-670,-663,-502,-228,101,412,625,700,626,406,85,-255,-538,-709,-720,-570,-290,63,406,656,760,706,483,149,-214,-525,-727,-763,-629,-355,-1,360,629,742,696,502,181,-186,-507,-718,-757,-617,-338,17,368,638,770,717,492,158,-218,-546,-750,-784,-633,-339,32,406,691,817,762,0,171,-229,-579,-797,-835,-693,-394,12,415,723,863,804,573,206,-221,-596,-824,-864,-713,-402,8,423,726,857,811,581,203,-223,-592,-820,-861,-705,-380,35,433,727,857,788,532,142,-276,-621,-839,-855,-660,-315,102,499,777,879,783,493,78,-339,-679,-874,-861,-652,-291,151,546,810,893,771,476,63,-365,-692,-861,-842,-627,-268,154,535,794,862,734,446,56,-340,-645,-806,-785,-579,-250,130,473,698,758,645,389,42,-303,-553,-674,-649,-466,-182,134,409,582,610,484,255,-19,-284,-482,-553,-487,-305,-54,197,390,487,461,328,110,-130,-332,-447,-453,-352,-155,83,294,0,0
10552,mtk,MTK 7916,4080595937,rx2-tx0,512,0,0,0,237,-31,-307,-514,-598,-537,-351,-76,226,479,618,617,469,199,-116,-402,-606,-666,-563,-329,-15,305,556,674,637,447,139,-199,-493,-667,-678,-531,-259,87,412,641,720,614,359,22,-326,-604,-740,-691,-471,-134,241,564,750,757,581,265,-124,-494,-747,-820,-698,-408,-12,399,725,877,818,562,173,-269,-662,-901,-923,-731,-370,88,535,862,990,894,581,131,-353,-761,-991,-995,-764,-348,144,603,931,1042,911,571,97,-396,-797,-1019,-1005,-752,-327,166,624,939,1030,892,550,75,-410,-795,-994,-967,-725,-314,169,606,899,978,826,492,47,-406,-751,-916,-866,-615,-223,219,598,0,872,705,367,-59,-464,-760,-880,-782,-494,-91,334,691,883,863,640,262,-180,-579,-850,-927,-782,-446,1,450,795,967,915,648,228,-252,-680,-952,-1013,-838,-463,18,493,864,1041,980,690,235,-272,-720,-1005,-1064,-887,-505,5,509,903,1101,1051,754,288,-243,-726,-1055,-1146,-979,-594,-89,443,880,1116,1114,869,431,-97,-600,-970,-1128,-1043,-731,-266,250,702,992,1060,906,566,106,-366,-746,-957,-955,-750,-395,35,448,745,885,838,604,246,-149,-498,-729,-805,-713,-471,-137,211,507,690,728,622,389,85,-221,-475,-635,-669,-577,-395,-153,104,329,487,558,538,440,295,137,-18,0,0,0,0,0,-391,-337,-218,-35,181,392,561,646,627,504,280,-14,-318,-571,-724,-747,-621,-361,-16,343,641,816,827,663,359,-31,-440,-773,-948,-924,-700,-316,161,618,950,1091,1004,689,210,-328,-811,-1140,-1231,-1058,-651,-83,515,1012,1303,1328,1069,572,-60,-687,-1180,-1432,-1379,-1028,-451,234,872,1316,1481,1326,891,271,-418,-1020,-1389,-1453,-1207,-701,-41,615,1133,1405,1365,1023,459,-203,-808,-1217,-1359,-1206,-780,-183,447,966,1260,1272,1006,514,-87,-659,-1071,-1237,-1127,-762,-228,336,823,1122,1157,929,499,-37,-558,-949,-1115,-1023,-700,-221,298,739,1011,1045,839,445,-46,-518,-860,-1011,-923,-616,-183,0,692,927,950,747,373,-83,-511,-816,-936,-838,-545,-123,318,671,872,865,658,301,-116,-506,-772,-853,-737,-448,-59,336,645,797,761,547,202,-180,-507,-713,-744,-598,-315,40,377,612,702,625,396,76,-255,-522,-652,-623,-441,-159,156,429,593,606,472,220,-84,-363,-548,-592,-489,-271,18,306,510,579,512,322,46,-243,-470,-585,-553,-392,-133,160,417,563,572,449,221,-62,-334,-522,-580,-500,-299,-22,251,460,553,512,352,113,-158,-392,-523,-522,-399,-184,79,319,475,516,425,230,-19,-266,-440,-501,-446,-278,-38,210,404,498,473,330,95,-166,-387,-506,-507,-388,-170,0,0,0,0,0,518,577,500,299,21,-266,-498,-611,-579,-413,-146,167,442,614,643,513,261,-55,-360,-588,-677,-602,-383,-73,257,528,678,662,490,202,-141,-455,-665,-709,-580,-312,31,369,620,720,645,415,82,-282,-580,-739,-721,-521,-194,185,531,752,791,640,330,-68,-458,-749,-858,-762,-494,-95,343,698,889,872,647,271,-176,-602,-890,-964,-812,-475,-18,454,822,1001,942,667,234,-258,-692,-970,-1027,-842,-461,25,511,883,1045,968,671,218,-285,-720,-995,-1035,-828,-438,44,517,872,1026,936,636,198,-287,-703,-950,-976,-779,-401,65,501,822,947,850,549,129,-312,-676,-882,-872,-660,0,140,538,808,884,743,428,14,-403,-728,-882,-816,-560,-172,264,639,870,895,705,351,-92,-519,-831,-945,-841,-545,-117,350,739,960,962,742,345,-139,-596,-915,-1026,-906,-573,-106,388,799,1033,1031,791,371,-141,-627,-966,-1097,-981,-632,-140,381,821,1085,1104,867,440,-78,-586,-976,-1153,-1063,-737,-253,280,751,1062,1141,964,583,84,-430,-851,-1077,-1066,-833,-426,69,545,886,1023,945,670,259,-197,-602,-865,-931,-802,-507,-106,303,632,821,830,661,361,-3,-355,-622,-756,-730,-555,-272,61,373,599,696,656,494,248,-37,-311,-517,-626,-623,-513,-335,-120,91,263,376,420,403,0,0,0,0,0,-175,-334,-467,-546,-550,-464,-291,-49,219,462,635,707,651,463,178,-146,-459,-698,-799,-738,-520,-184,197,554,804,894,795,521,126,-317,-713,-965,-1020,-858,-498,-16,484,897,1132,1131,882,428,-131,-681,-1092,-1283,-1206,-868,-333,290,867,1271,1405,1240,808,198,-464,-1037,-1400,-1458,-1198,-687,-25,650,1179,1454,1415,1076,503,-187,-828,-1272,-1443,-1300,-876,-269,404,982,1326,1378,1130,634,-2,-624,-1094,-1323,-1253,-904,-356,266,816,1173,1263,1074,646,75,-499,-948,-1186,-1151,-853,-375,182,698,1045,1148,989,613,103,-431,-851,-1063,-1038,-781,-345,167,626,935,1027,881,535,69,-406,-784,-986,0,-691,-281,183,602,878,948,803,469,31,-410,-749,-906,-857,-606,-215,218,588,821,867,702,379,-24,-417,-708,-823,-748,-501,-135,253,566,750,756,574,263,-108,-445,-661,-720,-614,-358,-22,308,560,679,625,423,125,-203,-474,-622,-612,-452,-185,120,395,573,601,477,244,-55,-335,-527,-584,-499,-292,-14,272,489,584,538,357,86,-204,-444,-576,-568,-425,-173,117,374,542,583,479,260,-21,-291,-490,-569,-508,-329,-70,206,424,537,524,381,145,-122,-354,-495,-519,-415,-205,49,287,461,515,434,251,7,-242,-427,-503,-459,-303,-66,190,395,499,486,354,132,-131,-363,-509,0,0
10553,mtk,MTK 7916,4080595937,rx2-tx1,512,0,0,0,43,78,100,104,74,19,-34,-79,-105,-101,-71,-28,30,86,124,132,112,63,3,-61,-118,-148,-149,-119,-63,7,75,130,163,158,118,62,3,-61,-118,-149,-153,-128,-80,-14,48,96,135,155,144,101,49,-7,-71,-118,-146,-154,-128,-77,-18,50,116,159,176,159,111,43,-39,-120,-180,-208,-198,-143,-54,52,146,210,240,223,160,60,-63,-177,-251,-281,-253,-166,-38,104,227,303,314,255,139,-4,-150,-275,-342,-336,-254,-106,62,214,321,362,320,210,53,-126,-277,-366,-370,-292,-153,30,213,346,394,353,227,50,-141,-306,-399,-402,-312,-142,67,269,410,0,415,266,46,-195,-401,-521,-523,-404,-189,76,335,536,623,577,398,117,-190,-455,-640,-695,-595,-351,-21,304,579,744,733,567,282,-78,-424,-681,-797,-736,-510,-175,207,562,788,841,709,417,39,-353,-678,-853,-853,-659,-311,99,494,799,924,840,578,191,-239,-622,-879,-948,-814,-510,-95,347,715,929,940,749,396,-40,-451,-761,-921,-886,-661,-286,145,535,806,909,817,549,175,-226,-578,-803,-865,-742,-458,-86,295,615,798,808,661,390,35,-321,-602,-759,-757,-609,-344,-15,308,560,703,718,593,355,65,-224,-460,-613,-662,-596,-438,-223,8,220,377,462,476,426,326,0,0,0,0,0,-175,-143,-84,8,113,211,282,317,304,237,122,-22,-169,-287,-358,-366,-306,-185,-22,153,302,392,404,339,205,19,-182,-349,-449,-457,-364,-189,35,256,432,524,511,380,158,-99,-345,-534,-611,-552,-380,-121,169,444,632,690,604,389,84,-245,-525,-702,-741,-624,-362,-22,323,601,759,757,595,302,-60,-411,-672,-799,-758,-544,-215,160,502,733,807,706,451,101,-270,-581,-767,-785,-627,-336,19,375,651,780,737,536,217,-150,-476,-694,-762,-657,-399,-65,286,572,732,740,577,274,-78,-418,-667,-759,-682,-469,-149,211,517,712,750,615,346,4,-334,-605,-738,-704,-521,0,122,443,659,723,631,397,69,-269,-544,-700,-698,-532,-246,91,410,630,712,635,412,91,-248,-530,-691,-695,-543,-276,63,392,633,730,661,450,136,-213,-506,-690,-722,-592,-335,-5,327,584,720,695,516,230,-101,-411,-633,-702,-613,-401,-109,200,459,613,635,512,285,2,-270,-475,-573,-546,-393,-164,92,320,463,497,416,250,41,-168,-329,-408,-393,-287,-122,60,219,322,347,292,164,9,-135,-243,-290,-265,-186,-62,73,185,253,253,191,93,-24,-134,-200,-220,-190,-111,-15,81,163,204,188,134,56,-38,-121,-170,-171,-136,-75,0,73,125,144,127,81,18,-42,0,0,0,0,0,-106,-73,-22,29,76,105,101,72,27,-29,-80,-113,-116,-84,-36,15,73,123,143,125,87,30,-42,-104,-145,-158,-137,-90,-27,42,103,144,157,142,100,36,-26,-84,-129,-149,-146,-108,-54,-5,54,110,146,153,129,84,31,-29,-95,-138,-157,-161,-130,-63,4,78,145,183,188,158,93,7,-88,-164,-210,-220,-186,-109,-5,113,208,255,254,204,107,-17,-144,-246,-296,-285,-216,-100,49,189,295,336,298,196,51,-110,-252,-339,-357,-295,-169,-1,168,298,361,353,258,95,-83,-246,-356,-385,-327,-195,-12,182,328,402,386,277,97,-105,-290,-413,-441,-365,-204,0,237,410,497,468,328,107,-145,-380,-541,-581,-492,-292,-14,278,511,647,649,501,240,-83,-396,-622,-719,-667,-465,-157,190,503,712,774,660,391,39,-322,-620,-799,-800,-622,-296,97,461,732,861,797,543,166,-233,-591,-834,-894,-756,-452,-47,371,718,908,900,699,351,-78,-500,-813,-949,-878,-625,-240,197,601,865,945,825,533,130,-305,-672,-885,-912,-751,-432,-21,386,704,879,863,666,335,-69,-446,-714,-838,-790,-573,-242,136,476,711,800,728,506,190,-153,-470,-689,-760,-683,-484,-195,126,413,613,694,654,500,263,-5,-257,-459,-575,-593,-524,-392,-218,-37,114,225,0,0,0,0,0,-106,-180,-239,-270,-258,-206,-119,-4,122,236,317,350,320,221,84,-70,-223,-345,-395,-367,-269,-115,71,250,378,430,401,285,102,-111,-305,-446,-500,-440,-282,-66,182,404,543,565,469,261,-6,-272,-487,-623,-632,-494,-250,50,353,595,717,689,505,213,-123,-443,-675,-766,-700,-487,-164,204,519,723,786,684,436,82,-292,-599,-780,-785,-637,-356,17,388,667,796,752,551,229,-138,-478,-712,-787,-689,-437,-102,255,559,738,757,613,321,-39,-385,-647,-759,-700,-499,-177,192,499,695,746,632,381,40,-309,-592,-741,-716,-546,-254,102,439,664,745,668,441,111,-238,-531,0,-724,-577,-310,28,361,612,724,670,466,163,-176,-480,-675,-706,-583,-338,-8,329,584,705,670,480,181,-158,-459,-664,-719,-607,-356,-29,300,572,718,708,530,230,-109,-425,-658,-744,-663,-433,-122,210,502,683,705,581,326,5,-306,-552,-681,-649,-475,-209,90,365,554,616,538,347,89,-184,-395,-508,-512,-407,-214,19,237,389,452,414,278,84,-112,-270,-364,-368,-285,-152,11,173,284,322,279,175,38,-99,-211,-270,-263,-187,-77,46,155,225,231,189,107,-2,-105,-180,-212,-192,-130,-40,58,138,179,182,136,63,-21,-97,-148,-157,-132,-80,-12,61,114,132,119,0,0
10554,mtk,MTK 7916,4080643683,rx0-tx0,512,-172,-89,105,814,775,682,542,364,162,-54,-273,-464,-620,-742,-800,-792,-741,-623,-462,-258,-29,211,439,635,784,883,901,853,724,522,286,23,-261,-535,-754,-928,-1011,-1015,-914,-738,-493,-217,100,402,675,889,1007,1051,1004,857,628,359,69,-249,-524,-748,-919,-991,-976,-888,-716,-487,-234,52,315,551,731,837,874,835,733,567,361,141,-100,-316,-503,-643,-725,-749,-711,-611,-463,-279,-77,125,312,464,578,642,645,582,488,353,184,15,-151,-307,-419,-485,-510,-485,-421,-328,-214,-92,31,140,227,282,314,321,305,266,214,151,91,35,-26,-89,-130,-171,-200,-217,-230,-226,-207,-171,-588,-49,19,72,136,191,234,259,242,213,160,97,36,-41,-111,-170,-207,-219,-209,-189,-150,-87,-26,22,67,87,99,101,83,58,29,5,-10,-14,-1,15,45,74,98,121,123,112,67,-4,-78,-156,-232,-289,-328,-325,-281,-205,-80,48,203,344,444,511,524,484,387,249,63,-140,-328,-495,-607,-665,-661,-569,-423,-232,-2,225,424,582,680,715,681,567,399,192,-25,-237,-439,-592,-675,-694,-634,-524,-359,-156,51,252,419,535,612,612,557,448,297,125,-61,-229,-367,-471,-524,-524,-468,-367,-230,-60,106,255,382,452,475,429,321,186,21,-134,-254,-320,-320,-268,-469,-384,765,83,74,228,312,339,296,197,56,-116,-282,-410,-479,-479,-417,-294,-128,55,234,384,493,549,534,457,333,169,-23,-211,-372,-500,-564,-566,-503,-397,-249,-68,109,289,419,507,544,516,434,315,171,12,-147,-279,-383,-429,-428,-401,-327,-221,-109,2,105,174,223,255,245,220,184,139,93,51,24,-3,-30,-51,-56,-78,-86,-96,-114,-128,-142,-157,-156,-141,-120,-74,-23,38,104,169,227,272,304,306,283,234,156,54,-55,-178,-283,-366,-430,-472,-453,-398,-315,-198,-60,98,258,408,514,595,635,590,513,384,201,-1,-214,-432,-607,-732,-802,-802,-716,-565,-351,-106,162,440,-291,840,944,968,896,747,521,237,-76,-387,-667,-896,-1037,-1085,-1041,-900,-664,-375,-43,293,594,869,1057,1145,1133,1023,831,559,243,-85,-421,-717,-942,-1088,-1153,-1127,-995,-786,-519,-204,145,472,769,1007,1168,1233,1205,1059,825,517,167,-208,-569,-880,-1137,-1296,-1332,-1265,-1090,-835,-481,-86,325,708,1024,1258,1397,1417,1311,1088,756,360,-67,-504,-882,-1176,-1388,-1476,-1419,-1244,-962,-592,-168,269,681,1021,1283,1417,1425,1304,1067,740,359,-47,-439,-801,-1081,-1257,-1316,-1264,-1090,-841,-525,-165,201,545,823,1018,1132,1130,1040,878,636,344,49,-249,-496,-703,-858,-931,-933,-851,-716,-517,-295,-41,78,87,126,576,594,-2,-222,-417,-586,-710,-779,-796,-746,-639,-498,-314,-92,126,343,537,690,797,837,819,739,600,409,171,-94,-351,-595,-785,-909,-969,-952,-835,-654,-411,-118,186,482,733,916,1027,1052,969,817,571,286,-18,-330,-612,-829,-965,-1033,-1004,-873,-688,-434,-142,145,417,652,810,909,936,869,734,531,293,49,-207,-436,-624,-739,-799,-799,-723,-602,-424,-221,-2,214,404,555,658,699,682,610,486,329,144,-56,-232,-376,-501,-571,-581,-550,-465,-346,-207,-53,97,223,323,390,412,400,353,294,209,121,36,-50,-120,-177,-213,-234,-245,-245,-222,-194,-161,-114,-66,-8,58,119,175,321,243,241,233,211,159,99,15,-57,-124,-185,-224,-242,-243,-207,-162,-103,-31,31,83,132,165,165,162,137,93,58,12,-17,-40,-45,-41,-23,0,21,34,42,29,8,-30,-81,-129,-179,-207,-213,-201,-152,-79,19,136,246,346,403,426,416,342,223,70,-100,-272,-419,-535,-609,-607,-542,-418,-242,-44,183,387,546,661,708,677,576,413,209,-7,-237,-443,-600,-689,-708,-668,-560,-386,-181,43,257,432,573,640,650,601,482,330,140,-58,-236,-399,-514,-575,-573,-511,-407,-269,-106,67,226,357,457,501,482,418,303,158,-8,-178,-312,-395,-423,-379,-282,-148,-3,119,256,398,-436,-57,-87,175,67,-77,-225,-343,-416,-423,-358,-230,-65,113,280,420,506,527,482,372,223,40,-148,-320,-453,-546,-571,-525,-433,-287,-104,88,266,407,514,560,560,498,368,209,31,-138,-285,-406,-480,-506,-467,-383,-265,-125,0,123,240,315,347,347,308,247,183,99,16,-45,-97,-130,-151,-148,-137,-130,-120,-103,-96,-89,-73,-69,-51,-30,-7,25,72,108,151,192,217,235,225,197,152,85,5,-86,-172,-251,-317,-359,-382,-371,-308,-228,-128,1,147,270,386,472,524,535,501,414,284,135,-63,-250,-412,-563,-671,-711,-705,-624,-475,-282,-56,193,432,636,789,865,876,793,374,431,174,-120,-413,-668,-870,-1003,-1037,-979,-825,-594,-299,18,339,641,890,1057,1132,1090,965,757,458,131,-210,-530,-810,-1021,-1131,-1152,-1083,-906,-664,-372,-44,292,604,861,1049,1167,1175,1088,920,672,356,12,-350,-683,-961,-1155,-1271,-1284,-1176,-977,-686,-323,71,454,804,1095,1298,1385,1359,1206,952,618,222,-201,-605,-959,-1236,-1398,-1455,-1382,-1165,-870,-491,-55,380,772,1106,1339,1455,1431,1280,1025,679,263,-164,-579,-933,-1195,-1348,-1374,-1295,-1095,-801,-449,-70,323,676,951,1144,1227,1205,1080,859,580,253,-88,-388,-659,-874,-996,-1041,-995,-862,-685,-444,-179,98,345,565,725,826,865,29,0
10555,mtk,MTK 7916,4080643683,rx0-tx1,512,379,645,607,-416,-643,-828,-948,-979,-938,-811,-605,-347,-51,266,559,806,992,1092,1105,1021,843,587,281,-54,-395,-707,-960,-1133,-1212,-1186,-1057,-829,-525,-179,192,550,855,1101,1249,1285,1218,1043,772,440,66,-312,-669,-965,-1182,-1301,-1305,-1203,-1000,-697,-347,30,407,749,1031,1216,1305,1282,1155,931,629,274,-100,-462,-784,-1041,-1211,-1283,-1245,-1104,-868,-562,-215,148,501,810,1044,1188,1235,1186,1032,790,493,158,-186,-518,-803,-1015,-1142,-1176,-1107,-940,-701,-415,-105,218,521,774,958,1060,1083,1007,854,636,362,75,-216,-495,-731,-896,-993,-1012,-950,-813,-611,-362,-79,203,466,698,876,975,997,944,-430,608,352,62,-232,-507,-741,-925,-1025,-1032,-958,-798,-569,-288,29,335,619,848,1000,1066,1035,922,719,450,145,-174,-481,-742,-928,-1033,-1044,-967,-797,-553,-270,34,336,602,813,944,988,941,814,612,369,91,-188,-439,-652,-790,-866,-855,-778,-634,-438,-212,28,255,451,602,696,736,705,609,474,310,125,-73,-266,-421,-536,-602,-619,-584,-496,-358,-213,-54,115,263,389,467,512,505,459,372,258,131,-7,-140,-255,-345,-394,-415,-407,-352,-274,-174,-62,49,154,245,317,347,347,316,259,180,80,-27,-124,-205,-269,-305,-303,-264,-196,-111,-9,91,172,221,236,212,151,75,461,559,481,-107,-369,-198,-291,-334,-313,-234,-115,34,189,321,414,452,430,360,246,102,-60,-214,-350,-450,-506,-512,-474,-379,-248,-95,82,252,400,519,591,603,573,478,338,164,-44,-254,-444,-601,-709,-751,-731,-636,-474,-254,-14,240,487,691,831,905,877,770,584,330,42,-259,-534,-768,-918,-999,-980,-865,-655,-385,-89,224,520,765,934,1003,984,878,689,427,137,-168,-455,-683,-853,-940,-938,-844,-685,-463,-207,60,314,532,709,804,836,785,668,501,299,77,-157,-359,-523,-640,-700,-697,-639,-526,-376,-203,-20,168,328,456,545,582,581,536,449,327,190,37,-117,-260,-375,-462,-515,-528,230,-438,-339,-223,-80,66,206,332,426,489,511,497,446,359,237,99,-45,-187,-316,-420,-488,-520,-507,-445,-353,-232,-98,45,181,296,389,451,474,453,405,327,223,108,-11,-126,-232,-313,-374,-401,-399,-378,-323,-245,-162,-71,25,119,204,277,330,363,378,362,324,269,192,101,3,-101,-206,-294,-372,-421,-447,-434,-388,-308,-210,-84,51,177,300,413,487,526,518,477,398,276,138,-10,-164,-315,-441,-532,-581,-584,-551,-461,-344,-194,-26,144,311,454,562,632,650,616,536,412,253,65,-129,-313,-483,-618,-707,-743,-716,-626,-489,-310,-92,134,358,554,707,808,838,800,499,395,11,-61,-244,-830,-684,-477,-217,64,342,611,829,977,1050,1029,912,724,463,158,-168,-486,-766,-986,-1123,-1169,-1111,-951,-707,-400,-53,300,633,921,1127,1242,1245,1139,938,658,303,-70,-437,-776,-1043,-1225,-1307,-1270,-1129,-885,-577,-210,177,541,872,1116,1266,1316,1254,1087,824,494,127,-257,-610,-918,-1140,-1272,-1292,-1209,-1028,-759,-428,-58,309,647,933,1135,1243,1250,1156,962,688,360,6,-346,-672,-937,-1115,-1200,-1191,-1086,-882,-613,-292,43,376,669,903,1060,1129,1105,989,791,531,240,-74,-377,-636,-849,-986,-1040,-1021,-920,-732,-491,-221,64,343,595,795,936,1000,980,890,727,497,222,-64,-347,-1099,-811,-955,-1018,-992,-886,-708,-473,-181,121,415,679,885,1022,1061,1007,867,647,373,62,-250,-544,-797,-969,-1056,-1053,-955,-766,-507,-209,101,407,679,877,995,1030,968,821,593,324,30,-259,-523,-730,-867,-927,-901,-802,-630,-405,-152,107,341,546,697,784,800,743,627,459,263,47,-169,-356,-503,-609,-666,-667,-602,-487,-341,-170,9,183,341,460,527,565,545,480,374,247,102,-52,-196,-320,-405,-455,-466,-434,-368,-268,-157,-40,86,201,290,352,382,374,339,274,179,68,-34,-137,-221,-287,-326,-323,-294,-238,-162,-66,43,139,213,262,277,255,196,115,22,-70,-140,-168,413,271,-407,531,410,-186,-105,24,166,288,372,405,377,292,167,8,-149,-289,-399,-466,-486,-444,-359,-232,-85,77,234,381,481,549,562,512,417,279,110,-72,-249,-428,-556,-651,-679,-646,-552,-405,-204,21,253,466,652,773,825,807,712,531,303,33,-254,-514,-741,-894,-961,-937,-818,-619,-360,-70,242,530,771,921,999,987,879,676,406,101,-203,-485,-729,-896,-977,-972,-864,-684,-448,-173,124,391,615,782,872,885,813,680,483,249,2,-245,-453,-622,-726,-777,-747,-651,-512,-342,-139,66,261,424,546,617,648,615,533,415,266,104,-56,-214,-355,-459,-526,-552,-537,-480,-386,-270,-131,22,-198,291,396,475,516,511,471,395,286,161,18,-125,-260,-378,-462,-508,-513,-481,-406,-300,-170,-32,121,255,365,445,491,497,458,387,290,168,33,-99,-214,-318,-392,-430,-436,-411,-354,-279,-188,-78,29,131,226,295,340,368,370,352,310,252,173,86,-12,-111,-198,-275,-339,-380,-398,-395,-358,-296,-206,-104,9,130,242,343,421,477,486,461,406,310,187,47,-100,-237,-370,-467,-527,-556,-542,-481,-373,-241,-83,75,239,384,499,583,616,602,545,438,301,137,-45,-221,-390,-527,-632,-684,-683,-627,-524,-369,-188,20,233,426,584,709,779,786,728,598,424,203,-35,-276,68,313
10556,mtk,MTK 7916,4080643683,rx1-tx0,512,-13,920,1380,457,358,216,56,-101,-249,-378,-454,-484,-474,-415,-310,-180,-36,121,264,371,445,480,466,409,311,177,36,-110,-255,-375,-458,-503,-504,-449,-359,-233,-86,82,242,379,484,549,564,530,441,314,149,-26,-210,-376,-521,-619,-665,-648,-562,-438,-266,-64,155,362,548,688,770,776,711,589,399,170,-77,-331,-556,-739,-855,-888,-843,-718,-525,-282,2,282,532,741,885,953,931,817,630,394,116,-176,-451,-681,-851,-945,-950,-872,-714,-498,-252,19,286,525,725,856,917,898,804,651,435,200,-57,-312,-551,-730,-859,-917,-912,-833,-670,-461,-206,68,340,599,811,967,1039,1023,231,743,479,165,-171,-495,-791,-1031,-1181,-1226,-1161,-991,-725,-383,3,403,774,1083,1296,1394,1363,1203,922,553,126,-324,-752,-1112,-1371,-1501,-1494,-1351,-1076,-690,-243,220,673,1068,1356,1526,1560,1440,1196,836,403,-74,-528,-947,-1293,-1498,-1579,-1519,-1323,-1000,-589,-118,353,809,1184,1460,1608,1600,1443,1147,751,274,-225,-712,-1149,-1455,-1624,-1639,-1502,-1200,-791,-299,218,706,1121,1417,1575,1564,1394,1091,694,231,-249,-694,-1042,-1277,-1392,-1359,-1194,-903,-545,-143,255,622,916,1102,1187,1136,971,715,392,34,-306,-618,-857,-988,-1012,-916,-720,-438,-114,220,521,736,845,815,668,429,133,-155,-377,-488,-1172,-572,101,625,499,-299,-494,-612,-613,-497,-275,7,313,578,765,856,822,682,453,161,-164,-463,-718,-897,-976,-954,-827,-598,-297,33,370,667,921,1079,1128,1060,877,604,267,-115,-497,-837,-1103,-1257,-1286,-1198,-994,-678,-276,158,578,958,1255,1413,1455,1348,1093,746,321,-161,-626,-1033,-1339,-1545,-1591,-1485,-1224,-852,-388,106,602,1043,1398,1606,1660,1552,1313,933,460,-60,-571,-1019,-1375,-1600,-1663,-1580,-1334,-968,-512,-14,467,913,1259,1487,1575,1511,1309,991,598,149,-291,-708,-1066,-1304,-1435,-1439,-1306,-1060,-721,-338,71,476,834,1120,1288,1346,1291,1129,872,541,172,-216,-582,-892,-1124,-1262,-1302,-1217,-1044,-779,-49,-76,307,667,971,1195,1317,1329,1228,1017,708,345,-52,-460,-840,-1147,-1359,-1446,-1417,-1240,-963,-588,-144,306,744,1117,1395,1547,1545,1394,1109,729,273,-205,-667,-1065,-1364,-1530,-1555,-1428,-1172,-811,-371,94,552,945,1246,1424,1468,1369,1154,843,452,30,-389,-759,-1046,-1236,-1303,-1260,-1103,-850,-522,-159,204,548,822,1019,1128,1123,1026,850,594,291,-27,-327,-594,-807,-940,-987,-946,-828,-634,-379,-106,164,424,649,801,876,870,783,629,413,170,-85,-325,-534,-693,-773,-781,-715,-583,-398,-176,52,278,464,598,672,675,620,502,335,142,-59,-250,-418,-526,-589,-586,-524,-422,-266,-92,89,75,385,221,-1157,-531,-250,-375,-464,-501,-491,-438,-332,-186,-37,114,255,369,439,478,467,404,303,180,28,-121,-253,-364,-442,-479,-476,-425,-328,-197,-52,107,255,376,469,519,528,482,395,269,116,-52,-220,-377,-503,-584,-611,-583,-500,-374,-207,-21,184,374,535,655,716,713,641,515,330,112,-125,-350,-551,-711,-801,-830,-779,-651,-463,-223,39,304,550,744,881,931,892,775,587,339,58,-239,-508,-726,-875,-956,-947,-853,-680,-448,-175,110,382,619,792,902,936,884,759,569,339,85,-178,-422,-640,-798,-885,-908,-860,-739,-556,-332,-76,184,447,667,840,949,975,930,800,599,345,56,-241,-568,-797,-999,-1117,-1131,-1048,-873,-612,-284,78,443,781,1059,1244,1316,1271,1103,832,469,61,-368,-771,-1102,-1336,-1452,-1437,-1281,-1007,-629,-185,276,719,1102,1379,1526,1535,1405,1138,764,328,-150,-609,-1014,-1323,-1513,-1565,-1472,-1267,-921,-496,-30,442,879,1231,1478,1583,1551,1383,1078,687,215,-281,-753,-1158,-1455,-1620,-1623,-1489,-1200,-786,-306,206,708,1137,1442,1618,1617,1464,1158,746,264,-236,-703,-1084,-1359,-1495,-1473,-1297,-989,-618,-184,255,657,977,1186,1279,1241,1081,813,478,110,-275,-607,-875,-1044,-1088,-1024,-865,-605,-284,61,390,665,853,933,899,744,495,179,-148,-430,-629,-708,-648,-483,-252,-868,-1352,-164,75,373,-406,-276,-42,230,488,676,762,728,571,334,32,-279,-559,-767,-899,-912,-818,-624,-354,-43,276,575,831,987,1045,988,831,588,263,-87,-445,-758,-1006,-1163,-1211,-1124,-930,-631,-262,140,536,897,1177,1345,1367,1269,1047,708,296,-149,-607,-1000,-1292,-1485,-1527,-1417,-1155,-788,-347,136,611,1039,1373,1575,1621,1517,1267,893,418,-90,-588,-1033,-1391,-1606,-1667,-1569,-1328,-953,-481,27,522,976,1324,1550,1615,1539,1321,974,550,79,-394,-822,-1163,-1401,-1512,-1476,-1324,-1031,-659,-248,185,598,955,1212,1359,1396,1302,1099,797,432,42,-353,-707,-1006,-1207,-1308,-1295,-1167,-939,-647,-298,80,450,770,1043,425,1299,1273,1132,897,581,212,-181,-566,-908,-1172,-1335,-1388,-1326,-1138,-848,-469,-51,382,789,1123,1387,1503,1486,1332,1052,676,223,-254,-711,-1097,-1383,-1551,-1560,-1420,-1151,-774,-332,147,610,1009,1319,1491,1525,1418,1182,838,417,-43,-475,-856,-1151,-1339,-1393,-1325,-1135,-846,-489,-95,292,646,935,1131,1213,1195,1066,845,567,235,-108,-420,-694,-905,-1032,-1054,-990,-837,-616,-347,-57,230,497,725,868,928,907,815,639,407,149,-122,-371,-586,-741,-821,-826,-754,-619,-419,-183,63,294,491,640,721,732,672,543,372,163,-56,-260,-438,-561,-630,-634,-579,-461,-299,-119,79,247,397,503,551,543,-623,-491
10557,mtk,MTK 7916,4080643683,rx1-tx1,512,0,0,0,502,273,-37,-329,-553,-646,-570,-360,-64,254,509,640,628,457,164,-172,-460,-631,-656,-530,-265,72,377,591,667,577,337,13,-317,-564,-668,-610,-404,-91,249,530,681,663,480,177,-179,-491,-684,-706,-552,-259,103,449,689,764,656,374,-3,-374,-666,-809,-752,-503,-129,284,632,826,828,633,278,-152,-542,-807,-889,-760,-437,-10,414,744,903,853,593,197,-244,-634,-879,-911,-731,-385,53,487,803,924,838,567,159,-283,-659,-882,-902,-710,-363,57,453,747,873,799,547,182,-207,-544,-749,-778,-628,-350,-10,318,562,667,619,431,162,-126,-370,-513,-526,-422,-229,6,211,0,379,337,208,32,-131,-248,-287,-247,-145,-5,129,214,235,194,86,-58,-186,-262,-265,-205,-89,62,209,306,334,274,139,-29,-203,-339,-389,-349,-241,-83,105,279,383,391,314,168,-18,-192,-312,-370,-342,-227,-70,92,217,288,296,236,118,-28,-157,-242,-255,-194,-92,25,127,201,220,169,68,-44,-154,-225,-237,-190,-89,37,159,249,282,247,150,8,-137,-250,-316,-317,-247,-118,33,172,280,322,297,212,81,-66,-193,-267,-278,-244,-158,-41,86,184,228,225,176,93,6,-82,-153,-173,-155,-111,-44,33,96,128,131,111,64,6,-48,-91,-114,-114,-92,-57,-18,0,0,0,0,0,20,-55,-126,-187,-229,-237,-203,-129,-22,101,215,299,326,285,191,59,-95,-245,-341,-365,-321,-208,-35,149,310,407,417,336,176,-32,-242,-409,-489,-458,-322,-114,128,354,509,557,473,280,20,-253,-477,-605,-598,-451,-202,103,390,594,663,577,370,77,-247,-510,-661,-670,-523,-242,92,396,605,684,608,372,49,-276,-542,-686,-670,-490,-192,146,460,673,724,607,344,-1,-356,-624,-747,-708,-489,-159,196,514,715,743,589,297,-60,-404,-653,-748,-664,-422,-79,283,575,727,707,521,206,-165,-497,-710,-749,-610,-321,43,410,683,790,708,466,105,-294,-624,-805,-799,-604,0,166,531,782,860,726,420,14,-393,-719,-876,-819,-571,-197,238,618,849,879,696,352,-74,-483,-779,-887,-783,-491,-83,340,677,853,825,601,230,-205,-581,-815,-858,-687,-349,62,463,767,869,748,455,43,-378,-712,-881,-826,-564,-168,269,641,855,873,672,305,-132,-544,-828,-912,-766,-437,-8,413,744,912,843,573,171,-270,-642,-867,-883,-684,-326,113,514,777,855,745,467,63,-353,-672,-825,-770,-533,-190,199,536,731,747,584,273,-86,-409,-635,-711,-600,-339,-7,315,550,647,582,380,78,-243,-485,-598,-577,-403,-124,172,427,581,575,414,154,-141,-397,-558,-573,-443,0,0,0,0,0,360,553,623,537,314,17,-292,-537,-654,-603,-406,-123,196,477,637,636,485,213,-119,-421,-611,-658,-549,-295,30,344,578,677,606,376,53,-282,-550,-681,-644,-441,-126,221,514,689,683,508,212,-142,-469,-685,-737,-599,-308,54,409,679,789,702,436,56,-340,-657,-825,-793,-569,-201,219,592,823,859,691,358,-70,-479,-778,-903,-805,-514,-112,325,698,902,882,659,289,-150,-566,-853,-927,-787,-476,-52,387,731,920,891,651,271,-162,-559,-825,-900,-766,-461,-70,325,644,816,793,602,282,-91,-427,-654,-730,-637,-410,-108,212,462,583,570,436,206,-52,-272,-420,-456,-377,0,-24,162,292,337,296,177,24,-127,-232,-257,-208,-107,22,142,226,242,189,80,-61,-193,-277,-294,-232,-103,52,202,324,366,318,198,15,-167,-305,-382,-380,-290,-131,67,251,364,387,331,209,35,-137,-267,-334,-319,-238,-105,56,182,252,264,214,104,-22,-134,-205,-226,-185,-88,30,136,200,211,168,78,-49,-164,-236,-250,-212,-113,26,159,255,304,288,198,65,-76,-211,-300,-321,-271,-163,-18,126,239,307,301,234,126,-4,-133,-225,-260,-241,-176,-72,36,124,186,203,173,109,25,-56,-116,-146,-143,-115,-56,15,69,109,126,111,77,29,-19,-58,-86,-101,0,0,0,0,0,162,170,151,103,29,-62,-162,-240,-276,-269,-216,-112,23,160,274,340,340,267,135,-32,-200,-328,-393,-372,-266,-105,87,268,403,455,400,250,38,-189,-384,-504,-504,-386,-187,60,311,509,589,539,371,110,-185,-441,-602,-637,-530,-293,13,320,554,675,640,457,167,-160,-449,-643,-691,-559,-302,17,331,577,701,653,440,127,-215,-510,-685,-704,-552,-262,90,417,653,743,665,423,74,-283,-569,-733,-726,-546,-238,125,455,677,743,632,366,15,-341,-613,-736,-686,-466,-136,227,538,726,736,561,252,-117,-456,-694,-772,-664,-389,-18,355,649,790,751,531,169,-236,-587,0,-833,-660,-339,70,466,755,870,776,501,109,-317,-670,-868,-853,-641,-276,154,549,815,886,744,423,6,-410,-732,-885,-820,-556,-166,263,628,834,835,639,282,-139,-522,-783,-861,-721,-402,12,438,751,870,781,507,106,-326,-680,-868,-850,-625,-235,216,599,836,888,731,383,-59,-481,-794,-918,-817,-520,-105,342,698,879,865,644,253,-182,-570,-828,-879,-718,-395,22,433,739,853,759,494,115,-283,-605,-777,-759,-564,-239,143,475,689,728,581,304,-40,-367,-597,-679,-592,-354,-45,268,517,626,572,379,97,-207,-453,-583,-566,-404,-136,150,405,559,566,428,190,-106,-372,0,0
10558,mtk,MTK 7916,4080643683,rx2-tx0,512,0,0,0,-263,11,299,513,598,542,349,61,-247,-504,-636,-607,-435,-158,172,466,647,673,531,255,-87,-410,-631,-701,-601,-354,-13,336,597,715,660,434,96,-262,-555,-717,-702,-504,-180,191,518,717,741,574,257,-126,-481,-725,-787,-644,-344,46,438,722,829,732,446,45,-380,-717,-883,-832,-568,-162,288,678,908,917,702,307,-167,-602,-901,-985,-826,-467,8,491,853,1012,929,619,161,-344,-769,-1009,-1009,-767,-338,174,640,950,1029,867,505,17,-484,-858,-1019,-941,-638,-189,306,729,973,983,756,348,-139,-583,-881,-972,-828,-483,-28,427,776,938,864,580,160,-293,-665,-876,-871,0,-271,173,574,832,879,710,370,-60,-481,-787,-896,-788,-485,-55,387,739,914,866,608,201,-264,-671,-917,-941,-739,-356,116,563,887,1001,870,531,66,-419,-810,-1011,-969,-696,-251,256,704,988,1045,855,457,-51,-555,-926,-1083,-984,-657,-172,365,813,1065,1073,835,401,-132,-637,-996,-1123,-994,-642,-145,388,836,1094,1093,845,422,-89,-589,-952,-1085,-972,-645,-183,308,721,963,988,794,424,-35,-468,-778,-913,-840,-579,-202,206,563,780,818,677,393,30,-329,-610,-748,-716,-529,-239,89,391,606,691,626,431,163,-126,-390,-574,-641,-587,-433,-217,20,236,398,477,475,407,298,0,0,0,0,0,-168,-8,173,361,517,604,596,480,268,-8,-299,-550,-703,-720,-596,-351,-20,331,629,800,801,633,315,-83,-472,-769,-917,-867,-614,-211,256,681,966,1047,896,534,44,-481,-923,-1171,-1159,-882,-403,178,740,1151,1320,1198,802,217,-433,-993,-1343,-1410,-1163,-635,39,696,1209,1471,1404,1017,394,-317,-944,-1363,-1485,-1271,-772,-101,590,1139,1429,1396,1045,463,-230,-857,-1276,-1403,-1208,-740,-101,548,1058,1324,1279,936,386,-250,-817,-1185,-1277,-1062,-610,-23,570,1014,1211,1129,784,262,-317,-813,-1108,-1140,-909,-466,86,609,976,1106,972,619,121,-400,-816,-1030,-1003,-734,-291,211,653,937,999,0,436,-42,-499,-833,-963,-864,-559,-119,342,711,906,885,653,263,-188,-587,-835,-880,-714,-377,42,440,732,843,744,466,82,-317,-630,-787,-745,-528,-186,198,525,717,728,557,255,-104,-435,-648,-691,-567,-305,31,354,577,650,559,330,19,-297,-526,-614,-549,-351,-57,250,483,587,541,362,85,-219,-457,-580,-556,-385,-119,177,429,569,564,418,167,-125,-381,-546,-577,-458,-228,62,334,520,572,481,268,-3,-274,-478,-556,-492,-307,-41,226,429,523,483,326,88,-176,-389,-501,-488,-343,-113,141,363,491,487,363,141,-120,-343,-481,-497,-387,-171,92,331,490,526,421,206,0,0,0,0,0,-509,-586,-509,-300,-17,280,511,620,577,389,105,-214,-486,-641,-642,-486,-206,131,441,646,689,566,308,-35,-370,-616,-710,-634,-398,-60,298,579,718,680,474,143,-226,-539,-718,-720,-539,-217,160,497,719,757,603,297,-88,-460,-722,-802,-684,-393,5,410,721,854,774,507,105,-340,-706,-898,-871,-626,-226,231,649,917,954,756,374,-96,-552,-883,-1001,-880,-552,-79,417,814,1018,978,701,250,-260,-701,-978,-1029,-824,-416,84,561,908,1034,910,575,101,-392,-794,-1005,-975,-705,-269,223,660,937,987,797,419,-48,-505,-841,-958,-843,-529,-94,358,725,905,860,610,215,-232,0,-858,-875,-681,-323,116,526,806,889,754,431,-2,-436,-767,-909,-827,-545,-134,322,705,916,905,667,260,-203,-618,-903,-971,-803,-442,29,502,854,1011,925,611,156,-340,-764,-1003,-1011,-779,-360,158,634,962,1068,925,552,49,-462,-877,-1088,-1042,-750,-287,245,729,1048,1115,925,525,1,-525,-931,-1121,-1060,-754,-280,249,719,1027,1100,922,542,45,-455,-845,-1034,-990,-727,-310,161,587,877,960,821,506,90,-338,-679,-853,-841,-643,-306,88,450,699,789,705,468,141,-204,-505,-686,-706,-582,-343,-33,273,514,644,647,526,305,33,-230,-440,-561,-582,-508,-364,-181,4,157,271,0,0,0,0,0,-396,-470,-478,-407,-258,-42,207,437,609,682,630,454,180,-139,-443,-676,-771,-706,-493,-165,215,560,796,869,753,467,64,-364,-733,-951,-959,-754,-368,115,591,957,1120,1030,708,217,-341,-839,-1170,-1248,-1045,-595,1,607,1088,1347,1317,984,428,-231,-860,-1303,-1455,-1289,-839,-193,508,1101,1440,1466,1157,589,-102,-768,-1270,-1479,-1353,-919,-286,405,1004,1368,1415,1139,606,-55,-700,-1172,-1371,-1253,-844,-244,402,944,1256,1280,1015,514,-113,-695,-1104,-1248,-1103,-706,-142,445,911,1160,1140,851,363,-202,-710,-1043,-1126,-940,-537,-20,497,893,1075,992,676,210,-305,-740,-987,-1000,-773,-364,125,0,891,984,839,492,39,-416,-774,-945,-879,-605,-191,260,653,878,888,685,326,-110,-520,-793,-867,-733,-427,-21,382,683,816,749,502,134,-259,-580,-748,-738,-546,-225,151,484,687,711,561,277,-72,-394,-609,-674,-569,-322,3,322,550,634,559,339,36,-269,-502,-604,-550,-352,-65,236,472,584,552,376,104,-196,-441,-571,-557,-407,-145,148,400,558,572,441,200,-89,-362,-543,-578,-467,-247,35,302,488,557,484,287,22,-244,-448,-540,-493,-316,-65,198,409,514,485,334,99,-157,-372,-491,-482,-348,-127,124,348,485,497,374,152,-111,-342,-486,-511,-404,-193,68,318,490,0,0
10559,mtk,MTK 7916,4080643683,rx2-tx1,512,0,0,0,9,-36,-63,-68,-59,-31,12,47,68,73,54,25,-19,-67,-90,-90,-79,-42,9,54,96,123,117,84,31,-28,-82,-124,-139,-130,-91,-32,29,85,125,141,130,96,47,-14,-74,-118,-145,-140,-112,-66,-3,62,114,149,152,129,89,30,-38,-104,-156,-176,-158,-113,-44,39,118,179,204,183,123,35,-68,-162,-225,-239,-203,-125,-14,104,198,265,281,223,112,-21,-160,-269,-316,-289,-200,-65,88,230,317,340,285,158,2,-159,-293,-353,-332,-245,-94,83,237,342,371,314,180,0,-182,-316,-378,-357,-243,-71,115,279,381,386,303,141,-67,-253,-381,-428,-365,0,-2,217,393,476,447,314,99,-151,-373,-510,-539,-447,-237,29,302,520,619,576,407,140,-167,-447,-634,-679,-568,-327,-5,329,583,712,686,504,202,-155,-477,-690,-753,-646,-388,-33,332,628,777,751,555,225,-153,-498,-742,-817,-712,-439,-64,324,641,821,818,623,289,-110,-489,-760,-859,-759,-502,-138,267,622,824,830,658,354,-25,-408,-703,-826,-765,-537,-201,179,513,734,791,664,401,53,-303,-584,-736,-724,-551,-261,75,397,630,720,657,463,173,-155,-441,-628,-685,-604,-401,-115,188,437,593,634,556,379,138,-122,-352,-507,-568,-530,-422,-251,-54,123,251,327,350,0,0,0,0,0,-53,25,112,196,259,292,282,220,114,-18,-156,-279,-352,-354,-295,-181,-22,152,304,396,403,326,176,-17,-209,-365,-450,-444,-334,-146,73,292,454,519,468,308,79,-179,-418,-576,-610,-500,-274,10,303,544,673,659,494,220,-114,-434,-669,-756,-680,-464,-134,236,561,763,804,671,387,15,-366,-671,-828,-800,-591,-253,138,502,766,859,758,483,96,-299,-624,-814,-824,-650,-321,84,464,741,853,762,502,138,-260,-603,-807,-823,-653,-334,62,441,717,829,746,508,151,-257,-598,-795,-817,-652,-342,50,428,700,815,750,506,136,-252,-581,-786,-813,-645,-330,53,427,707,0,725,478,131,-252,-575,-771,-789,-616,-301,76,433,691,786,693,445,93,-288,-603,-770,-756,-573,-249,137,483,717,788,677,407,36,-341,-635,-791,-765,-566,-234,155,506,738,799,681,415,50,-322,-619,-774,-752,-564,-251,120,458,681,750,653,410,79,-261,-535,-678,-671,-510,-233,82,360,558,620,539,346,79,-199,-416,-526,-514,-395,-192,52,267,404,455,399,246,46,-149,-302,-376,-358,-255,-105,55,196,296,309,246,133,-13,-141,-221,-247,-221,-140,-27,87,170,213,205,143,47,-49,-122,-163,-170,-135,-72,6,82,136,149,117,63,4,-59,-100,-112,-97,-61,-9,0,0,0,0,0,69,64,39,1,-38,-62,-64,-53,-22,16,54,80,82,64,27,-24,-68,-96,-104,-91,-57,-10,45,97,124,127,105,60,0,-63,-114,-142,-141,-116,-70,-11,50,101,136,147,128,84,28,-36,-95,-133,-143,-137,-110,-46,16,73,128,159,157,128,71,-1,-77,-139,-181,-187,-149,-79,12,104,177,217,219,174,85,-29,-140,-223,-259,-245,-173,-61,62,176,261,290,252,154,19,-128,-253,-320,-319,-251,-120,44,202,316,352,309,201,46,-124,-267,-350,-354,-281,-134,49,218,332,372,332,210,35,-146,-296,-381,-368,-268,-97,97,267,379,401,323,163,-40,-241,0,-460,-410,-264,-46,192,388,503,507,386,165,-99,-343,-527,-596,-525,-330,-55,242,490,632,633,487,222,-97,-392,-611,-701,-632,-408,-93,241,533,715,723,569,293,-59,-407,-663,-771,-709,-479,-137,237,561,762,796,636,331,-46,-422,-710,-839,-780,-545,-181,216,564,796,849,702,399,8,-383,-686,-844,-817,-603,-255,158,523,759,829,718,456,94,-293,-609,-786,-785,-611,-305,66,420,666,761,701,482,163,-187,-497,-698,-739,-615,-365,-47,278,540,686,690,545,285,-26,-318,-538,-648,-634,-491,-255,26,290,489,595,592,487,294,62,-159,-337,-450,-490,-452,-354,-225,-84,0,0,0,0,0,-197,-222,-220,-178,-97,4,117,226,305,336,306,213,78,-75,-222,-331,-381,-355,-253,-99,84,261,385,434,390,255,64,-140,-326,-452,-476,-394,-222,11,251,450,556,541,405,181,-103,-375,-569,-641,-582,-386,-98,214,494,680,721,602,340,2,-343,-621,-771,-750,-568,-267,111,476,739,840,753,500,137,-259,-604,-814,-835,-676,-371,21,409,706,850,798,567,209,-195,-545,-783,-843,-708,-417,-35,359,669,826,800,589,238,-159,-520,-761,-824,-703,-420,-41,351,661,820,790,581,240,-156,-517,-761,-824,-700,-424,-50,339,652,811,787,580,240,-153,-504,-743,-809,-692,-417,0,343,642,791,755,548,217,-168,-517,-744,-789,-659,-379,-7,362,651,784,731,505,168,-216,-543,-741,-775,-625,-327,45,410,672,786,722,479,134,-241,-569,-761,-789,-631,-323,51,419,687,795,723,488,149,-225,-545,-735,-759,-616,-329,22,357,605,716,669,475,171,-164,-444,-618,-651,-539,-306,-13,268,481,572,531,377,143,-119,-337,-465,-483,-394,-218,-2,202,351,416,380,259,84,-101,-249,-330,-336,-259,-126,29,170,256,279,237,141,11,-113,-196,-226,-206,-143,-43,64,146,190,186,134,53,-31,-104,-153,-163,-130,-65,7,76,121,133,118,71,9,-49,-86,-95,0,0
10560,mtk,MTK 7916,4080711108,rx0-tx0,512,-172,440,529,-518,-616,-685,-720,-716,-675,-601,-496,-365,-220,-63,102,252,396,522,626,700,733,732,682,602,491,345,172,-8,-197,-374,-546,-682,-780,-838,-843,-794,-692,-550,-376,-173,49,261,461,633,775,861,895,872,791,660,493,293,83,-135,-343,-522,-678,-782,-837,-845,-793,-697,-566,-386,-197,-8,184,360,506,629,705,725,709,650,566,443,291,133,-31,-180,-326,-435,-525,-580,-604,-587,-534,-455,-355,-226,-90,44,175,282,372,432,468,476,449,393,313,217,114,10,-80,-165,-219,-255,-286,-285,-270,-248,-212,-167,-119,-75,-28,1,33,63,80,97,109,120,134,145,148,147,-588,122,108,75,41,4,-35,-77,-107,-130,-154,-163,-167,-163,-134,-107,-78,-46,-6,29,56,80,98,97,95,99,88,79,68,50,46,39,39,39,38,43,37,29,15,-11,-39,-87,-131,-175,-210,-241,-249,-251,-228,-182,-111,-28,63,158,254,331,392,438,452,416,348,258,137,-5,-145,-281,-399,-483,-551,-566,-542,-484,-375,-252,-105,60,214,358,478,550,597,586,540,464,336,196,44,-112,-262,-385,-477,-531,-551,-527,-464,-372,-250,-117,18,144,266,362,423,459,460,424,356,267,158,46,-68,-183,-275,-346,-384,-385,-351,-285,-184,-82,35,141,219,259,258,225,-63,106,765,-22,-45,71,-27,-136,-241,-323,-362,-357,-307,-213,-91,42,175,299,390,436,450,423,357,259,138,-10,-144,-268,-381,-451,-487,-488,-449,-362,-246,-120,15,150,267,365,430,463,452,410,340,236,126,13,-107,-208,-278,-320,-340,-324,-295,-244,-172,-100,-25,37,81,117,136,143,130,114,96,74,61,47,38,46,50,58,63,71,74,76,68,41,7,-34,-75,-120,-157,-195,-232,-253,-252,-245,-210,-158,-89,-20,67,161,237,310,362,398,410,392,360,290,204,94,-33,-150,-269,-365,-462,-527,-557,-557,-523,-453,-344,-215,-57,106,274,431,573,674,730,746,720,634,503,337,-291,-68,-268,-475,-637,-775,-861,-891,-872,-788,-663,-475,-254,-15,237,469,669,837,949,995,979,902,771,581,368,126,-128,-371,-587,-776,-914,-993,-1013,-991,-905,-767,-583,-359,-123,133,385,612,812,973,1073,1118,1106,1015,856,650,401,124,-162,-450,-721,-943,-1110,-1219,-1252,-1210,-1093,-902,-661,-372,-49,276,589,871,1088,1247,1338,1335,1256,1092,854,574,249,-97,-437,-747,-1010,-1197,-1324,-1349,-1301,-1172,-966,-694,-384,-55,278,581,849,1055,1192,1260,1243,1140,969,737,470,195,-93,-376,-631,-831,-974,-1066,-1081,-1025,-909,-748,-549,-324,-84,150,363,549,696,795,856,860,821,737,608,462,44,33,126,307,138,-522,-391,-244,-80,84,243,388,511,609,673,710,704,660,591,489,361,208,47,-126,-294,-447,-583,-695,-758,-782,-765,-706,-610,-463,-295,-97,114,323,509,665,782,869,883,844,755,625,454,243,21,-203,-412,-589,-732,-827,-875,-864,-797,-690,-541,-352,-151,63,264,442,597,717,775,794,768,685,571,423,242,64,-107,-271,-414,-535,-610,-654,-663,-633,-562,-451,-326,-183,-39,108,237,349,447,515,538,537,498,432,345,235,123,-1,-118,-221,-303,-358,-391,-388,-366,-316,-254,-193,-124,-44,22,82,131,163,178,188,185,173,170,151,133,114,88,69,46,21,-8,-38,321,-96,-124,-149,-158,-167,-170,-160,-134,-105,-69,-31,7,48,87,113,138,148,147,131,121,104,76,45,29,3,-21,-31,-42,-36,-34,-37,-41,-47,-50,-64,-85,-101,-119,-131,-140,-142,-130,-106,-68,-11,57,123,193,254,305,338,346,337,297,221,134,26,-95,-217,-328,-425,-495,-519,-507,-466,-382,-268,-124,35,178,325,445,530,588,595,554,481,357,218,67,-94,-234,-373,-485,-548,-580,-568,-512,-418,-300,-165,-15,136,265,376,453,496,501,475,417,321,208,88,-35,-151,-257,-342,-400,-414,-413,-369,-297,-199,-86,31,141,242,307,336,334,286,208,107,5,-78,492,498,-436,-67,-72,-242,-275,-267,-216,-119,2,127,249,348,406,418,393,324,213,88,-42,-173,-291,-383,-456,-480,-454,-404,-312,-190,-53,86,222,339,423,469,490,459,398,302,189,56,-72,-186,-288,-367,-400,-412,-388,-330,-256,-170,-66,31,107,176,220,244,245,223,193,155,109,61,21,-1,-27,-37,-38,-36,-18,-8,-9,-11,-20,-34,-60,-85,-116,-139,-153,-161,-163,-150,-127,-98,-54,12,76,142,208,265,301,323,338,320,280,223,134,51,-56,-154,-258,-349,-414,-467,-488,-480,-439,-370,-278,-145,-7,130,268,404,514,602,655,659,622,546,430,273,99,-85,-277,-459,-604,-727,374,-831,-807,-717,-577,-406,-192,25,253,468,659,820,912,962,943,858,719,535,299,55,-197,-434,-649,-820,-938,-1008,-1007,-942,-826,-668,-458,-225,21,259,498,697,868,979,1046,1058,1003,887,728,516,264,7,-265,-533,-777,-970,-1114,-1182,-1189,-1124,-980,-775,-531,-249,55,358,649,899,1101,1245,1309,1286,1190,1012,770,487,160,-181,-508,-813,-1054,-1233,-1343,-1365,-1299,-1149,-920,-645,-319,30,364,673,938,1141,1268,1315,1279,1158,978,727,443,132,-189,-490,-751,-958,-1090,-1156,-1163,-1093,-952,-748,-520,-260,11,271,498,692,838,932,964,943,868,741,572,389,187,-18,-218,-400,-550,-660,-24,-50
10561,mtk,MTK 7916,4080711108,rx0-tx1,512,379,277,76,-370,-170,50,272,479,662,820,929,976,975,908,780,605,397,153,-107,-366,-609,-820,-979,-1081,-1119,-1091,-991,-833,-622,-368,-84,201,481,735,949,1101,1187,1203,1152,1032,837,604,325,24,-282,-572,-825,-1031,-1172,-1245,-1250,-1173,-1030,-831,-573,-283,16,313,608,857,1054,1191,1258,1245,1163,1021,819,563,271,-37,-339,-616,-861,-1046,-1177,-1236,-1224,-1142,-992,-787,-529,-247,44,334,605,834,1014,1132,1195,1172,1081,926,727,491,223,-55,-328,-578,-787,-944,-1057,-1102,-1081,-998,-858,-674,-453,-215,40,288,513,708,856,967,1014,997,935,820,658,460,245,5,-236,-450,-654,-812,-924,-993,-430,-947,-835,-678,-481,-254,-10,235,473,680,848,969,1028,1026,961,828,646,425,175,-86,-343,-578,-774,-923,-1014,-1040,-993,-890,-729,-519,-282,-25,227,465,671,831,936,979,951,862,735,557,339,116,-114,-336,-530,-682,-781,-834,-841,-786,-687,-552,-380,-195,-2,178,344,490,591,654,680,665,609,521,403,270,118,-38,-175,-305,-411,-488,-531,-546,-534,-478,-404,-313,-195,-79,44,155,257,336,395,422,429,410,368,300,218,126,29,-62,-151,-228,-290,-325,-345,-338,-321,-274,-210,-138,-53,29,111,181,228,267,285,279,254,205,136,65,-19,-93,-156,-202,-220,-203,-162,-112,594,547,481,402,201,-117,-23,96,207,298,361,390,370,306,208,81,-51,-177,-293,-382,-447,-474,-464,-422,-350,-242,-122,9,152,284,394,476,536,568,556,503,421,305,169,7,-162,-328,-474,-589,-677,-727,-711,-664,-566,-413,-236,-40,181,391,570,732,849,897,886,810,677,499,276,33,-218,-462,-666,-835,-945,-991,-958,-866,-719,-517,-278,-19,231,476,678,825,923,960,924,833,689,503,289,57,-176,-381,-563,-708,-797,-838,-832,-755,-651,-510,-338,-145,53,240,403,535,636,693,708,686,620,516,393,248,92,-64,-205,-336,-446,-526,-574,-597,-579,-535,-462,-360,-247,-119,9,136,254,357,230,497,527,532,507,461,385,288,176,50,-73,-199,-308,-398,-474,-514,-528,-516,-472,-399,-305,-198,-75,50,174,281,372,439,478,491,479,434,368,286,194,83,-22,-116,-205,-284,-343,-378,-401,-398,-373,-336,-287,-223,-158,-80,-10,61,129,188,242,287,319,339,344,337,319,291,242,180,116,36,-49,-136,-221,-295,-360,-406,-436,-447,-429,-388,-331,-246,-141,-35,79,194,301,391,462,515,538,529,493,427,340,228,101,-30,-159,-280,-391,-491,-560,-591,-602,-575,-520,-436,-324,-190,-46,102,254,387,506,601,663,694,676,625,548,433,278,116,-62,-244,-414,-566,-685,-777,332,473,11,-590,-648,789,869,900,871,788,658,492,277,52,-190,-432,-650,-825,-962,-1044,-1059,-1007,-898,-722,-503,-251,14,291,552,780,965,1098,1163,1158,1080,938,732,478,195,-102,-390,-668,-898,-1074,-1195,-1242,-1213,-1108,-938,-712,-444,-155,153,458,724,955,1124,1229,1260,1228,1118,930,700,426,123,-186,-474,-739,-961,-1130,-1228,-1253,-1210,-1094,-913,-678,-412,-116,182,473,732,953,1112,1196,1213,1164,1045,865,638,378,95,-201,-473,-713,-903,-1050,-1131,-1143,-1087,-973,-800,-591,-348,-81,184,434,654,836,964,1035,1050,998,894,740,554,342,101,-137,-363,-572,-749,-879,-963,-1000,-963,-883,-758,-577,-372,-139,-1099,334,553,740,890,985,1019,991,907,761,576,351,101,-155,-412,-644,-823,-958,-1035,-1045,-988,-867,-699,-486,-241,26,283,522,733,885,983,1018,988,893,741,542,312,70,-178,-400,-595,-760,-864,-912,-905,-842,-721,-557,-360,-155,59,263,440,588,693,753,763,722,651,535,393,235,69,-100,-250,-382,-488,-561,-605,-602,-565,-506,-409,-297,-167,-37,104,229,327,411,463,487,483,449,393,309,212,103,-1,-104,-196,-274,-333,-369,-379,-372,-341,-287,-216,-135,-52,33,113,194,246,290,310,311,292,242,184,118,38,-40,-116,-183,-232,-261,-260,-228,-182,-115,-37,38,97,134,-104,-298,-407,327,488,241,296,307,268,193,90,-37,-171,-284,-374,-425,-437,-412,-348,-256,-141,-10,119,241,351,437,486,511,500,451,364,256,130,-13,-163,-300,-430,-535,-608,-643,-631,-581,-488,-359,-208,-22,171,348,526,664,757,811,808,737,625,477,265,30,-205,-432,-629,-792,-909,-960,-946,-858,-708,-515,-280,-21,240,471,684,845,953,983,960,868,706,508,278,33,-216,-434,-631,-779,-876,-911,-883,-798,-678,-506,-306,-97,122,320,485,626,722,773,774,727,639,517,366,197,23,-147,-308,-440,-545,-612,-645,-638,-599,-527,-425,-301,-170,-31,109,230,347,436,503,542,549,532,482,415,-198,211,89,-44,-165,-276,-374,-449,-505,-529,-528,-500,-434,-354,-246,-124,-6,119,236,340,421,483,515,517,483,430,348,246,130,18,-98,-205,-299,-368,-422,-451,-447,-422,-381,-320,-241,-159,-72,17,102,176,242,291,328,348,349,343,319,286,241,189,127,61,-12,-79,-147,-212,-278,-322,-357,-387,-391,-382,-348,-294,-223,-140,-49,51,155,250,337,411,460,487,492,468,416,337,243,130,6,-119,-240,-347,-438,-513,-556,-570,-553,-507,-434,-338,-211,-82,56,198,330,445,540,606,636,639,602,533,439,309,163,0,-168,-319,-462,-589,-680,-731,-759,-727,-657,-541,-397,-224,-365,-169
10562,mtk,MTK 7916,4080711108,rx1-tx0,512,-13,-534,167,-489,-535,-546,-505,-431,-328,-204,-57,83,218,342,439,499,526,518,464,386,277,147,15,-119,-252,-372,-459,-516,-539,-529,-480,-392,-284,-161,-15,127,270,394,494,572,604,601,556,470,354,213,50,-119,-281,-433,-557,-658,-712,-722,-683,-594,-473,-305,-118,83,286,465,626,751,828,848,810,726,584,397,194,-36,-268,-482,-670,-819,-909,-939,-909,-827,-685,-497,-276,-34,221,442,641,806,917,967,958,874,743,571,374,141,-98,-325,-533,-703,-829,-907,-923,-896,-808,-679,-510,-315,-97,121,324,523,691,819,895,921,907,835,721,563,369,148,-94,-329,-548,-753,-915,-1024,231,-1061,-970,-825,-622,-378,-104,195,484,752,983,1157,1251,1271,1215,1063,842,566,229,-117,-461,-789,-1063,-1277,-1403,-1436,-1381,-1223,-982,-676,-322,64,450,813,1113,1344,1481,1527,1472,1301,1071,762,391,4,-387,-755,-1078,-1324,-1482,-1545,-1512,-1376,-1155,-862,-501,-104,283,653,992,1274,1466,1554,1556,1443,1236,939,576,176,-249,-657,-1002,-1277,-1476,-1560,-1541,-1404,-1173,-862,-475,-65,331,698,1015,1253,1381,1410,1336,1171,931,626,296,-61,-394,-686,-916,-1078,-1156,-1153,-1059,-894,-680,-411,-115,166,430,664,828,932,952,897,777,591,358,95,-169,-409,-612,-740,-782,-733,-602,-407,-171,60,262,381,-1323,-1376,101,372,551,-305,-163,50,281,493,650,736,725,620,447,208,-46,-305,-539,-733,-866,-918,-887,-785,-622,-387,-127,147,424,668,874,1010,1070,1054,965,796,557,268,-44,-360,-663,-927,-1130,-1246,-1283,-1227,-1064,-842,-540,-185,175,535,875,1144,1336,1452,1458,1356,1156,866,523,130,-275,-664,-1003,-1284,-1484,-1579,-1559,-1437,-1200,-893,-527,-113,315,721,1087,1363,1552,1631,1592,1462,1216,878,504,93,-338,-720,-1053,-1314,-1477,-1553,-1515,-1381,-1164,-862,-514,-141,241,597,909,1154,1326,1407,1420,1325,1138,897,603,277,-55,-400,-707,-963,-1151,-1271,-1311,-1270,-1162,-981,-737,-452,-140,174,479,750,968,1147,1243,1270,-49,1115,921,673,391,81,-242,-556,-835,-1063,-1237,-1342,-1357,-1286,-1139,-910,-628,-299,59,421,753,1048,1285,1430,1483,1442,1303,1064,762,406,22,-373,-743,-1058,-1310,-1469,-1516,-1474,-1329,-1090,-793,-438,-59,329,682,982,1221,1365,1416,1374,1235,1029,756,439,99,-231,-541,-808,-1021,-1158,-1215,-1194,-1101,-944,-730,-472,-202,81,350,587,785,932,1011,1025,980,873,717,522,293,41,-187,-407,-600,-746,-846,-898,-886,-815,-698,-534,-335,-119,105,311,491,639,748,799,789,732,622,473,299,103,-95,-285,-451,-578,-659,-698,-688,-624,-519,-375,-216,-44,132,294,429,528,589,602,574,508,397,275,-457,-212,221,-1306,-1409,-234,-99,53,198,322,421,497,531,522,484,406,298,168,36,-113,-244,-357,-448,-501,-522,-509,-465,-376,-264,-137,-5,130,266,383,472,536,566,553,511,423,320,180,30,-123,-278,-414,-525,-608,-651,-655,-617,-533,-411,-261,-85,94,280,448,596,710,769,789,745,655,520,351,155,-62,-273,-478,-655,-782,-869,-903,-868,-776,-636,-452,-230,10,243,467,662,818,924,970,944,852,721,540,314,79,-168,-401,-597,-758,-877,-945,-948,-890,-782,-625,-436,-216,9,228,438,613,756,857,911,906,853,756,607,431,226,13,-209,-421,-613,-773,-894,-966,-985,-942,-851,-702,-501,-263,-568,257,514,742,940,1075,1163,1171,1099,957,748,480,173,-143,-473,-779,-1029,-1227,-1346,-1365,-1303,-1149,-923,-629,-278,93,460,806,1096,1317,1458,1504,1446,1283,1034,721,354,-30,-430,-787,-1090,-1343,-1491,-1540,-1493,-1350,-1113,-802,-445,-59,337,711,1030,1286,1470,1548,1524,1409,1206,917,558,168,-239,-642,-995,-1288,-1473,-1573,-1568,-1444,-1215,-922,-553,-143,274,670,1007,1280,1458,1513,1461,1312,1066,747,382,6,-365,-700,-975,-1165,-1273,-1287,-1201,-1035,-798,-515,-202,114,416,664,863,1000,1048,1018,924,755,530,274,-4,-265,-501,-690,-816,-869,-843,-738,-563,-328,-71,184,402,557,626,604,491,321,427,-256,-164,-485,-259,378,514,584,560,448,260,20,-242,-475,-671,-795,-835,-797,-678,-494,-258,10,274,516,731,892,970,987,920,780,574,312,25,-269,-552,-805,-1005,-1131,-1181,-1148,-1024,-820,-548,-231,106,463,779,1040,1252,1358,1367,1289,1111,848,531,171,-225,-601,-948,-1223,-1419,-1518,-1515,-1407,-1198,-902,-535,-124,288,695,1055,1329,1531,1616,1590,1457,1221,895,517,88,-333,-728,-1093,-1356,-1529,-1613,-1575,-1424,-1191,-867,-500,-105,304,668,994,1245,1407,1485,1459,1342,1141,875,551,207,-148,-507,-814,-1064,-1246,-1340,-1364,-1298,-1143,-927,-661,-355,-24,293,587,850,1063,1207,1276,1268,1186,1021,813,560,260,-47,425,-643,-891,-1087,-1226,-1294,-1288,-1189,-1020,-794,-520,-199,145,477,786,1052,1248,1377,1418,1366,1223,1010,714,367,-10,-388,-751,-1063,-1306,-1464,-1524,-1479,-1338,-1101,-795,-418,-26,355,725,1030,1271,1430,1486,1437,1289,1072,783,435,75,-295,-627,-910,-1127,-1266,-1318,-1287,-1173,-993,-747,-456,-149,156,448,695,906,1038,1108,1112,1035,903,725,502,248,-9,-261,-487,-680,-827,-929,-959,-927,-845,-707,-528,-325,-102,131,344,536,691,795,849,845,780,664,510,321,113,-92,-289,-469,-608,-703,-748,-736,-678,-574,-432,-264,-81,107,282,431,547,617,649,634,567,461,327,172,8,-150,-303,-426,-508,-410,-596
10563,mtk,MTK 7916,4080711108,rx1-tx1,512,0,0,0,114,442,652,666,490,177,-198,-524,-699,-675,-452,-100,284,589,719,639,382,15,-366,-640,-723,-605,-309,88,455,692,729,546,202,-197,-548,-743,-716,-470,-96,310,638,774,686,398,-16,-428,-720,-799,-648,-310,128,533,790,814,598,200,-255,-643,-846,-801,-529,-98,371,740,907,813,475,-4,-483,-834,-941,-774,-393,98,570,886,949,739,320,-186,-643,-921,-948,-706,-252,263,699,947,930,656,201,-312,-739,-956,-901,-603,-141,357,751,932,857,555,105,-369,-734,-890,-799,-491,-66,361,678,804,711,440,56,-334,-616,-720,-618,-349,-10,312,533,592,485,263,-26,-294,-459,0,-369,-161,80,281,378,357,230,47,-142,-283,-325,-252,-110,61,212,291,274,172,13,-157,-278,-309,-245,-105,73,234,326,323,234,68,-129,-284,-353,-332,-211,-24,167,301,347,300,172,-11,-188,-298,-312,-246,-110,62,213,299,293,194,42,-119,-247,-293,-239,-118,37,189,285,292,210,56,-118,-261,-331,-304,-186,-13,173,321,381,332,190,-3,-205,-358,-415,-363,-205,8,211,362,423,371,222,15,-194,-343,-404,-367,-234,-47,143,295,369,342,220,53,-110,-239,-307,-298,-211,-70,77,196,257,253,190,82,-41,-147,-212,-219,-174,-96,-4,84,144,170,159,119,57,0,0,0,0,0,180,196,177,112,12,-103,-210,-288,-317,-271,-159,-4,163,301,372,361,255,78,-118,-287,-395,-409,-316,-139,79,296,435,459,367,176,-75,-312,-479,-524,-425,-205,79,342,525,573,470,241,-71,-373,-575,-626,-513,-263,66,382,599,658,535,268,-73,-393,-604,-660,-537,-248,105,415,621,661,509,209,-146,-455,-636,-640,-468,-159,194,490,653,641,430,98,-253,-537,-678,-628,-394,-50,305,572,681,600,349,3,-340,-587,-667,-557,-285,67,393,609,649,499,208,-137,-441,-624,-626,-439,-126,222,511,650,597,375,42,-309,-577,-679,-577,-308,48,401,644,705,561,252,-127,0,-706,-729,-547,-205,198,545,749,741,520,149,-260,-598,-778,-737,-476,-85,325,650,785,699,419,20,-389,-681,-779,-658,-352,63,449,695,743,581,253,-148,-515,-724,-710,-493,-140,254,570,715,657,401,31,-348,-628,-715,-591,-291,94,446,674,706,520,183,-205,-542,-719,-687,-454,-82,311,612,738,656,372,-11,-391,-665,-735,-592,-288,107,473,683,698,520,193,-193,-518,-689,-660,-437,-87,274,549,665,583,336,-7,-349,-573,-629,-495,-219,120,417,586,574,395,95,-229,-482,-596,-532,-302,16,322,532,588,469,205,-121,-406,-581,-578,-394,-93,236,499,613,545,318,-4,0,0,0,0,0,-660,-507,-207,163,492,679,668,469,136,-244,-558,-714,-660,-422,-64,323,618,730,636,357,-32,-409,-664,-731,-581,-258,144,506,714,715,511,157,-256,-593,-758,-710,-454,-42,384,679,787,671,352,-76,-483,-750,-809,-625,-255,190,583,819,814,565,153,-313,-697,-881,-816,-508,-55,424,788,922,786,434,-50,-527,-850,-938,-767,-367,145,616,909,947,721,292,-224,-680,-948,-946,-671,-216,293,722,953,916,626,168,-346,-756,-954,-893,-587,-120,368,746,909,827,524,85,-370,-715,-860,-765,-466,-57,351,649,764,667,397,30,-326,-574,-654,-549,-306,0,297,498,543,428,209,0,-279,-414,-417,-294,-97,112,278,352,306,168,-9,-177,-280,-292,-212,-59,111,247,301,256,132,-35,-195,-293,-310,-238,-80,113,265,341,323,214,43,-148,-300,-366,-327,-191,-12,170,303,344,280,135,-40,-187,-287,-305,-223,-78,88,225,291,267,157,8,-145,-260,-295,-233,-94,78,222,301,293,193,29,-151,-291,-354,-321,-194,-1,198,340,394,343,194,-10,-218,-372,-420,-365,-217,-10,198,355,418,373,231,33,-169,-322,-389,-351,-229,-56,127,273,338,312,216,68,-91,-219,-287,-274,-193,-69,64,165,228,236,180,85,-22,-120,-183,-200,-174,-114,-40,34,92,124,0,0,0,0,0,-29,52,137,215,261,256,199,89,-52,-188,-297,-352,-324,-216,-53,129,292,386,384,290,111,-103,-292,-419,-445,-342,-148,82,304,460,498,395,178,-86,-330,-501,-546,-442,-214,76,354,547,606,498,247,-66,-376,-595,-646,-525,-267,68,389,606,659,536,268,-74,-407,-620,-654,-508,-233,112,429,627,651,484,179,-165,-469,-649,-640,-445,-129,221,516,666,628,422,86,-277,-554,-676,-609,-370,-23,325,581,674,575,317,-27,-366,-600,-658,-521,-246,98,415,614,632,468,168,-185,-480,-636,-617,-406,-69,274,542,662,589,340,-15,-365,-607,-687,-570,-284,85,436,672,716,0,236,-161,-514,-722,-726,-526,-181,227,580,760,731,503,124,-290,-619,-781,-716,-443,-49,358,659,783,689,387,-20,-412,-691,-761,-615,-295,108,475,703,728,545,209,-202,-554,-739,-695,-449,-84,300,596,719,624,349,-30,-404,-658,-709,-558,-239,152,498,703,704,494,137,-261,-585,-739,-669,-411,-36,350,636,740,622,321,-72,-435,-676,-724,-565,-241,153,497,689,683,482,143,-237,-537,-668,-613,-390,-43,314,565,652,551,281,-71,-388,-582,-605,-449,-161,171,444,594,566,355,39,-282,-513,-592,-494,-248,72,372,556,577,427,151,-178,-459,-606,-564,-352,-41,288,542,630,0,0
10564,mtk,MTK 7916,4080711108,rx2-tx0,512,0,0,0,-221,-461,-563,-494,-277,26,329,545,601,475,207,-125,-429,-613,-616,-438,-127,229,522,667,616,381,34,-326,-598,-698,-592,-309,73,432,666,704,537,208,-187,-533,-722,-691,-460,-92,314,631,758,655,356,-49,-451,-723,-781,-601,-237,199,583,802,790,531,102,-357,-712,-867,-777,-448,19,488,823,925,752,356,-148,-616,-917,-951,-704,-248,285,736,982,950,638,144,-394,-825,-1017,-918,-561,-35,508,899,1031,868,454,-81,-593,-938,-1017,-801,-355,187,669,959,972,706,239,-295,-736,-960,-908,-595,-114,390,776,941,834,477,-9,-483,-816,-909,-737,-353,136,580,844,861,632,0,-268,-670,-874,-813,-516,-68,403,755,890,764,413,-59,-519,-830,-902,-714,-312,188,639,904,911,659,215,-305,-743,-963,-910,-603,-120,409,821,1004,905,538,17,-508,-901,-1040,-879,-469,74,602,960,1049,845,392,-172,-685,-1013,-1058,-798,-318,253,763,1061,1061,768,259,-325,-813,-1079,-1048,-726,-208,366,839,1085,1028,694,173,-383,-827,-1046,-983,-651,-154,377,798,996,921,602,128,-362,-742,-915,-838,-534,-97,348,682,829,746,463,67,-328,-623,-748,-673,-417,-61,299,573,686,616,393,74,-254,-510,-631,-591,-407,-129,168,416,562,575,460,256,15,-213,-379,-455,-440,-349,-215,0,0,0,0,0,-323,-437,-476,-422,-271,-45,220,458,609,635,518,269,-57,-383,-627,-727,-651,-403,-40,349,661,811,752,494,93,-349,-717,-906,-858,-576,-125,382,805,1021,973,661,156,-414,-890,-1144,-1092,-747,-194,441,975,1254,1209,844,240,-448,-1035,-1349,-1302,-914,-273,462,1074,1404,1367,955,285,-457,-1085,-1429,-1380,-958,-287,463,1086,1413,1358,933,258,-477,-1070,-1369,-1293,-862,-200,506,1069,1328,1212,772,120,-562,-1073,-1278,-1125,-662,-20,614,1068,1216,1019,542,-83,-672,-1065,-1153,-919,-429,177,722,1055,1084,810,314,-267,-767,-1042,-1020,-713,-205,354,804,1017,940,600,91,-437,-834,-985,-851,-475,0,521,852,940,758,364,-127,-584,-867,-894,-666,-246,238,646,862,829,562,134,-330,-688,-837,-748,-447,-18,415,714,796,653,318,-105,-489,-726,-745,-542,-190,213,546,714,672,430,60,-317,-590,-688,-584,-304,61,401,613,640,476,173,-185,-478,-619,-574,-356,-35,296,531,601,489,227,-105,-397,-569,-570,-394,-95,230,482,590,521,294,-22,-336,-547,-589,-458,-196,126,411,572,559,380,89,-222,-465,-574,-508,-286,14,307,502,550,431,184,-113,-369,-513,-500,-339,-77,209,426,510,442,239,-33,-294,-461,-487,-366,-131,144,375,494,458,282,14,-259,-448,-506,-412,-186,92,0,0,0,0,0,504,319,31,-273,-498,-581,-493,-249,77,387,581,608,456,168,-175,-476,-643,-618,-413,-84,271,560,684,603,344,-16,-376,-625,-697,-565,-259,129,483,695,701,502,153,-245,-574,-736,-676,-413,-21,384,677,768,630,303,-122,-517,-765,-786,-569,-177,268,641,835,782,492,47,-421,-775,-905,-764,-393,94,562,871,933,730,307,-216,-684,-955,-950,-674,-199,340,780,1001,937,601,83,-462,-869,-1029,-901,-511,24,552,921,1026,836,410,-131,-634,-953,-993,-748,-291,240,703,964,944,655,179,-345,-761,-953,-871,-543,-60,439,800,921,780,410,-74,-530,-828,-886,-677,-276,202,618,0,834,573,138,-341,-717,-881,-792,-469,-5,465,800,895,733,366,-122,-581,-871,-909,-686,-259,252,692,936,918,631,159,-365,-787,-988,-915,-576,-67,461,862,1022,889,506,-25,-557,-932,-1043,-860,-432,121,647,993,1049,810,349,-213,-723,-1035,-1056,-778,-286,287,792,1074,1055,747,230,-348,-831,-1087,-1042,-708,-186,384,838,1063,1004,674,163,-385,-822,-1025,-951,-624,-143,369,769,947,871,567,111,-359,-711,-870,-795,-498,-80,341,660,794,706,433,61,-315,-596,-712,-638,-403,-67,278,539,651,594,392,95,-220,-470,-603,-586,-436,-189,93,337,495,542,475,328,136,-60,-213,-301,0,0,0,0,0,239,95,-93,-303,-479,-573,-556,-417,-169,133,420,627,696,599,347,2,-357,-638,-768,-704,-451,-69,345,686,860,804,530,108,-362,-757,-965,-921,-624,-144,389,835,1081,1040,714,178,-421,-927,-1198,-1158,-794,-208,446,1001,1302,1258,878,253,-455,-1056,-1380,-1344,-944,-280,459,1077,1416,1384,970,291,-457,-1081,-1417,-1374,-955,-279,468,1083,1397,1325,896,230,-498,-1082,-1356,-1260,-821,-170,525,1063,1296,1174,717,71,-584,-1069,-1243,-1067,-600,28,645,1070,1183,970,485,-125,-695,-1065,-1128,-870,-371,224,747,1052,1059,763,257,-314,-790,-1032,-981,-652,-137,401,816,1000,898,540,35,-475,-842,0,-806,-424,75,553,868,925,720,309,-184,-616,-865,-860,-609,-189,280,664,856,795,501,65,-377,-701,-823,-706,-388,38,449,724,775,601,258,-158,-521,-721,-710,-488,-129,263,575,711,631,369,1,-362,-609,-666,-529,-236,119,434,621,612,414,96,-242,-504,-610,-530,-291,36,355,558,586,438,156,-177,-448,-585,-545,-338,-30,284,521,596,493,245,-76,-371,-558,-580,-427,-144,182,443,570,532,338,39,-267,-487,-563,-476,-244,58,332,511,530,388,133,-159,-397,-514,-479,-294,-21,253,443,500,408,189,-90,-338,-478,-475,-328,-76,202,412,496,433,235,-35,-298,-471,-496,0,0
10565,mtk,MTK 7916,4080711108,rx2-tx1,512,0,0,0,26,90,128,116,73,18,-44,-87,-102,-81,-33,23,74,98,87,49,-2,-59,-99,-106,-81,-36,27,88,123,123,91,29,-46,-110,-146,-148,-112,-42,41,111,158,167,132,68,-18,-97,-152,-179,-163,-99,-11,79,149,186,178,134,53,-48,-133,-191,-207,-166,-82,20,120,198,230,206,130,14,-106,-197,-250,-239,-162,-48,88,206,268,266,199,72,-79,-212,-294,-298,-220,-87,74,217,314,326,248,101,-75,-227,-329,-347,-269,-109,81,247,348,358,271,110,-82,-256,-360,-366,-271,-93,110,281,378,372,260,68,-145,-313,-400,-379,-240,-28,195,366,435,381,221,0,-248,-420,-479,-401,-204,56,308,484,533,433,212,-76,-353,-534,-575,-463,-220,92,394,593,632,500,223,-114,-428,-636,-671,-527,-238,129,458,667,698,536,225,-142,-485,-703,-726,-556,-228,171,521,727,747,562,219,-189,-548,-763,-772,-576,-227,190,555,771,787,579,221,-181,-551,-780,-781,-576,-221,186,536,746,759,566,218,-180,-514,-715,-729,-548,-217,162,485,679,693,513,199,-150,-459,-637,-638,-477,-197,139,429,595,606,456,187,-120,-390,-556,-578,-450,-204,85,338,501,540,448,244,-16,-265,-444,-517,-470,-315,-100,125,314,423,444,376,238,72,-86,-211,-281,-285,0,0,0,0,0,-152,-197,-209,-185,-117,-14,104,211,280,294,240,126,-23,-170,-286,-341,-312,-202,-39,141,290,371,364,258,78,-128,-310,-415,-417,-304,-104,137,349,477,481,356,129,-149,-394,-544,-565,-426,-167,153,443,624,649,504,214,-145,-472,-682,-722,-578,-269,120,475,716,780,629,302,-109,-501,-760,-818,-658,-327,98,498,764,835,680,334,-101,-508,-776,-843,-683,-329,114,522,790,848,676,311,-142,-553,-807,-848,-654,-276,176,578,823,850,637,239,-211,-603,-831,-837,-614,-219,245,638,852,835,588,177,-282,-662,-863,-830,-567,-153,307,683,868,823,548,121,-345,-708,-869,-792,0,-61,385,729,876,775,456,8,-445,-770,-880,-751,-411,43,486,795,881,718,352,-113,-549,-835,-897,-711,-312,173,605,873,899,674,261,-227,-652,-896,-902,-666,-236,261,683,922,901,632,199,-286,-690,-911,-883,-609,-169,307,695,893,845,569,139,-320,-680,-850,-791,-522,-112,318,655,806,732,458,66,-331,-623,-738,-655,-391,-36,318,586,676,574,326,-3,-322,-539,-605,-505,-266,30,306,489,534,431,214,-53,-291,-436,-461,-357,-153,82,275,385,386,281,105,-87,-249,-340,-328,-226,-70,103,236,292,269,171,31,-106,-206,-251,-221,-130,-7,107,186,208,171,93,-7,0,0,0,0,0,-136,-101,-33,36,91,115,103,62,0,-57,-84,-91,-66,-12,41,81,97,80,36,-21,-75,-104,-107,-83,-27,39,99,138,141,106,42,-42,-118,-158,-157,-118,-56,22,100,155,168,141,77,-8,-89,-156,-191,-175,-117,-34,60,143,188,195,157,67,-36,-129,-195,-215,-186,-110,-2,112,204,241,218,139,24,-94,-198,-260,-247,-173,-59,78,202,277,279,205,69,-82,-213,-301,-321,-243,-95,75,226,319,338,264,107,-81,-242,-342,-357,-271,-109,85,250,352,364,271,101,-95,-272,-376,-371,-259,-79,126,300,389,372,251,50,-163,-334,-419,-382,-232,-14,218,393,0,392,213,-33,-281,-456,-505,-413,-204,70,339,518,553,446,218,-84,-375,-567,-610,-486,-219,107,407,609,654,514,232,-122,-444,-649,-685,-531,-234,134,466,676,708,541,224,-155,-504,-719,-739,-558,-217,182,536,751,759,567,220,-193,-557,-778,-784,-581,-228,191,564,776,783,582,221,-192,-549,-759,-770,-575,-222,185,536,739,746,553,217,-172,-506,-701,-712,-534,-216,153,470,662,674,498,194,-149,-440,-609,-620,-464,-190,128,405,574,589,447,193,-100,-362,-522,-557,-451,-232,39,293,472,530,458,281,41,-205,-389,-480,-463,-353,-174,33,218,339,388,365,277,155,30,0,0,0,0,0,102,33,-53,-144,-219,-262,-256,-191,-76,62,192,286,320,283,176,23,-148,-287,-358,-337,-235,-59,142,303,390,386,280,92,-134,-331,-449,-450,-330,-118,138,375,520,528,394,148,-149,-419,-585,-607,-460,-183,144,452,654,685,534,235,-134,-477,-712,-763,-604,-287,113,485,738,796,643,319,-92,-489,-761,-829,-674,-338,92,503,778,840,677,333,-102,-511,-787,-846,-669,-320,122,532,800,849,665,299,-156,-563,-811,-835,-638,-265,186,587,822,833,619,229,-232,-624,-848,-843,-606,-200,260,651,861,832,581,171,-292,-672,-870,-830,-553,-123,328,691,870,807,518,86,-367,0,-878,-790,-484,-37,416,748,877,758,429,-22,-464,-775,-878,-734,-385,76,528,830,889,700,321,-142,-575,-860,-901,-684,-284,198,631,887,899,666,245,-247,-670,-906,-894,-638,-211,274,690,919,898,630,187,-305,-711,-912,-862,-584,-158,308,689,875,827,551,129,-319,-665,-823,-760,-486,-90,322,633,768,690,428,52,-322,-598,-704,-617,-361,-14,320,556,638,544,305,-13,-314,-516,-566,-465,-241,40,305,469,493,389,188,-57,-276,-412,-429,-324,-137,80,266,362,350,251,89,-97,-246,-317,-295,-198,-50,108,225,268,239,143,19,-104,-196,-231,-199,-114,-1,103,167,185,0,0
10566,mtk,MTK 7916,4080771476,rx0-tx0,512,-172,69,-14,743,788,763,680,544,366,155,-69,-280,-466,-615,-708,-750,-733,-653,-520,-350,-144,84,309,514,666,774,807,777,671,509,297,50,-204,-457,-653,-805,-886,-877,-778,-616,-393,-121,149,407,632,801,886,895,816,663,444,191,-70,-335,-572,-747,-849,-873,-809,-685,-478,-250,-5,261,484,658,772,805,762,658,491,286,50,-180,-371,-544,-649,-705,-685,-598,-468,-299,-108,93,270,428,542,592,591,550,444,293,137,-34,-195,-321,-433,-486,-484,-452,-358,-243,-120,14,139,239,309,341,343,312,251,178,90,15,-60,-119,-156,-184,-189,-179,-173,-145,-102,-69,-39,0,36,61,-588,105,119,131,127,112,99,76,36,1,-24,-62,-83,-99,-107,-101,-96,-73,-52,-26,-7,1,21,25,33,43,48,44,50,52,63,75,78,75,77,69,35,-7,-56,-103,-169,-217,-245,-246,-231,-184,-104,2,110,220,328,400,424,403,343,230,92,-73,-246,-388,-499,-558,-548,-484,-361,-190,6,197,383,513,597,621,565,455,296,98,-105,-295,-456,-567,-612,-599,-523,-380,-211,-20,168,338,474,553,569,526,435,293,120,-55,-217,-354,-448,-492,-482,-431,-325,-189,-38,117,247,351,413,421,386,313,198,64,-78,-210,-305,-358,-356,-306,-208,-86,45,153,217,234,-955,-811,765,222,236,-197,-274,-307,-273,-180,-49,115,257,369,431,422,350,230,69,-91,-255,-386,-470,-492,-454,-358,-213,-47,138,296,420,492,509,468,373,225,57,-114,-277,-410,-487,-501,-461,-366,-228,-65,95,226,339,412,426,386,314,205,78,-51,-151,-229,-279,-278,-255,-203,-117,-45,15,77,117,124,109,89,48,15,-12,-26,-31,-23,0,30,63,102,114,116,102,61,19,-45,-114,-182,-230,-252,-255,-226,-166,-92,5,117,213,295,365,390,381,331,228,108,-29,-167,-297,-410,-490,-515,-500,-433,-307,-152,22,208,386,518,610,653,634,541,388,200,-33,-255,-461,-632,-736,-776,-291,-632,-447,-222,23,287,527,718,848,887,842,713,507,251,-35,-320,-579,-788,-919,-958,-907,-770,-555,-299,-5,291,568,783,919,983,954,847,657,407,119,-174,-461,-700,-898,-1015,-1027,-971,-827,-594,-305,20,344,644,902,1076,1150,1134,1012,786,483,120,-259,-622,-917,-1151,-1275,-1280,-1160,-937,-613,-224,191,592,949,1202,1351,1376,1261,1029,696,291,-142,-567,-939,-1217,-1365,-1394,-1293,-1046,-719,-318,106,523,883,1150,1307,1331,1238,1030,714,341,-73,-450,-784,-1040,-1194,-1228,-1149,-963,-682,-354,-1,348,648,889,1027,1070,1011,867,658,384,88,-205,-473,-682,-836,-900,-890,-806,-642,-437,250,191,126,961,1148,289,64,-165,-372,-551,-675,-747,-749,-700,-593,-441,-251,-45,176,384,558,687,767,776,722,601,434,222,-15,-254,-479,-660,-798,-852,-846,-745,-570,-357,-94,179,430,644,808,892,887,807,651,425,160,-114,-379,-608,-782,-871,-888,-824,-681,-474,-225,43,301,531,709,796,842,797,672,495,270,27,-215,-433,-610,-722,-770,-721,-633,-484,-294,-81,144,333,486,592,650,639,570,456,299,125,-44,-225,-387,-493,-541,-549,-501,-416,-295,-134,16,166,297,376,420,422,377,303,207,105,-2,-105,-182,-237,-260,-259,-241,-201,-159,-104,-38,7,51,92,115,123,136,144,132,115,321,72,47,15,-25,-55,-83,-114,-127,-116,-111,-105,-79,-58,-20,12,36,60,70,84,73,73,65,50,47,42,26,16,12,4,3,-13,-26,-44,-65,-106,-139,-153,-154,-149,-127,-70,-3,71,153,240,306,341,334,298,217,103,-31,-167,-309,-418,-479,-500,-459,-361,-226,-46,142,312,464,565,603,578,482,329,153,-54,-255,-429,-558,-620,-615,-544,-421,-250,-56,137,329,475,560,591,560,475,339,165,-23,-197,-352,-472,-527,-527,-473,-377,-240,-80,81,226,350,423,455,435,365,264,130,-11,-147,-269,-354,-393,-386,-326,-226,-98,40,167,263,308,302,238,141,34,391,585,-436,-589,-267,-171,-77,50,188,296,367,375,309,200,44,-127,-273,-393,-451,-457,-406,-295,-146,31,202,353,458,511,498,421,294,130,-42,-214,-364,-472,-513,-500,-433,-312,-148,21,188,329,426,470,449,386,289,152,-3,-138,-249,-327,-358,-343,-291,-220,-119,-18,64,144,188,190,193,158,107,43,6,-31,-53,-50,-37,-14,18,40,61,57,51,20,-21,-60,-113,-147,-175,-188,-176,-136,-76,-2,78,170,241,294,327,320,270,205,106,-18,-139,-269,-364,-428,-456,-440,-373,-269,-130,22,178,348,478,560,585,562,476,341,176,-18,-228,-425,-575,-684,-723,-683,-587,-420,-211,34,374,508,680,790,838,810,681,489,238,-37,-310,-566,-768,-896,-938,-891,-755,-542,-267,28,320,588,794,929,979,936,801,590,335,50,-247,-516,-751,-903,-984,-978,-893,-731,-509,-216,89,385,667,893,1043,1101,1055,916,691,385,50,-290,-626,-909,-1119,-1225,-1221,-1088,-859,-555,-177,217,599,927,1176,1318,1337,1235,998,656,267,-164,-581,-942,-1219,-1372,-1397,-1287,-1054,-711,-300,124,554,913,1181,1346,1379,1271,1043,718,327,-88,-486,-843,-1104,-1260,-1292,-1194,-991,-695,-337,34,396,719,963,1108,1158,1088,923,670,364,38,-285,-562,-786,-936,-989,-960,-841,-653,-415,-140,122,379,584,734,20,-69
10567,mtk,MTK 7916,4080771476,rx0-tx1,512,379,-385,-400,-7,-252,-487,-678,-815,-881,-868,-773,-604,-369,-88,200,468,708,887,987,999,908,733,491,197,-121,-432,-707,-920,-1052,-1091,-1023,-857,-619,-306,29,356,670,919,1076,1146,1110,970,733,431,99,-257,-581,-855,-1058,-1161,-1160,-1053,-856,-574,-237,110,453,757,990,1142,1181,1109,956,715,404,64,-293,-617,-886,-1085,-1182,-1169,-1050,-832,-555,-219,130,477,774,999,1134,1169,1096,922,669,358,16,-325,-634,-892,-1060,-1130,-1100,-971,-762,-484,-165,170,477,743,942,1050,1061,982,817,588,296,-13,-312,-584,-799,-951,-1009,-979,-869,-683,-441,-152,135,412,661,846,957,985,926,788,575,313,-430,-277,-558,-776,-937,-1013,-991,-889,-690,-424,-125,191,487,743,930,1031,1031,936,743,480,177,-145,-455,-720,-910,-1028,-1043,-940,-759,-498,-192,120,426,689,880,979,990,900,723,474,196,-95,-382,-619,-790,-884,-892,-816,-665,-447,-204,55,307,511,668,753,772,706,588,424,219,2,-213,-394,-531,-627,-654,-619,-531,-397,-240,-63,124,292,425,519,548,534,473,369,233,89,-63,-211,-325,-406,-447,-447,-409,-330,-221,-101,19,143,246,316,358,369,340,277,195,97,-9,-111,-196,-265,-301,-305,-277,-217,-149,-59,39,124,199,246,261,245,189,116,30,-55,-131,-171,-176,-154,-163,-200,481,-1480,-995,165,254,315,313,254,144,3,-146,-276,-374,-421,-413,-350,-240,-104,49,197,330,421,470,473,425,332,197,42,-122,-279,-413,-508,-559,-548,-490,-374,-229,-47,149,342,502,613,679,676,599,457,260,30,-210,-440,-640,-773,-831,-814,-696,-511,-256,29,305,561,771,907,938,865,715,488,206,-102,-397,-647,-839,-942,-954,-851,-676,-427,-150,144,424,654,817,896,886,794,616,387,134,-132,-383,-595,-742,-806,-794,-711,-564,-373,-158,80,296,479,616,691,701,648,532,387,204,9,-180,-350,-484,-578,-613,-596,-528,-418,-276,-117,50,206,348,460,532,556,540,471,366,236,230,-79,-237,-368,-471,-545,-563,-524,-450,-331,-192,-22,139,290,426,519,567,568,512,412,269,118,-63,-222,-360,-474,-545,-562,-527,-442,-323,-178,-15,136,275,391,464,493,487,437,346,233,113,-20,-141,-248,-329,-386,-414,-403,-367,-304,-221,-132,-32,72,165,248,311,355,372,376,341,285,208,111,1,-109,-219,-312,-387,-433,-442,-414,-355,-266,-153,-21,114,249,358,442,498,505,467,396,287,150,2,-152,-302,-418,-505,-547,-543,-502,-405,-282,-133,27,191,343,470,555,588,580,525,419,277,105,-67,-246,-411,-538,-626,-665,-643,-569,-441,-269,-73,133,339,519,649,737,20,-966,11,36,-24,-820,-793,-693,-521,-298,-40,232,483,697,858,944,935,844,675,430,149,-156,-458,-712,-913,-1026,-1048,-968,-802,-554,-254,74,405,696,933,1082,1117,1065,918,672,366,31,-315,-632,-896,-1068,-1154,-1139,-1006,-794,-503,-167,183,520,804,1028,1148,1168,1094,907,646,321,-35,-376,-685,-948,-1114,-1185,-1151,-1005,-779,-481,-132,219,559,835,1038,1154,1163,1076,885,615,295,-56,-398,-704,-941,-1097,-1153,-1106,-960,-725,-424,-95,243,556,816,1000,1098,1091,990,802,537,229,-93,-400,-666,-877,-1005,-1031,-977,-837,-629,-368,-70,226,501,732,896,983,979,900,738,506,240,-53,-344,-606,-811,-939,-1099,-970,-837,-633,-378,-77,225,516,764,932,1015,1010,909,723,461,154,-166,-474,-740,-926,-1027,-1035,-940,-752,-499,-202,135,444,706,908,1009,1017,933,749,493,197,-111,-407,-659,-837,-928,-943,-862,-692,-464,-197,81,342,575,735,818,831,758,616,426,201,-34,-261,-445,-597,-687,-711,-666,-558,-415,-231,-28,166,338,469,558,604,592,518,400,240,72,-93,-246,-378,-462,-503,-500,-445,-348,-227,-93,47,176,287,363,399,406,375,300,206,98,-14,-127,-214,-284,-324,-334,-308,-254,-175,-79,17,117,191,246,282,275,242,184,101,11,-82,-159,-208,-225,-215,-166,-89,-12,62,-265,-243,-407,275,-719,211,140,22,-115,-243,-337,-383,-368,-297,-180,-33,118,258,364,433,452,416,332,206,64,-93,-242,-371,-466,-512,-510,-452,-350,-207,-41,140,313,457,562,616,608,541,411,241,38,-185,-398,-574,-698,-750,-734,-645,-486,-263,-14,255,504,705,843,883,839,715,510,243,-64,-352,-608,-812,-928,-954,-866,-706,-468,-184,126,420,665,842,924,924,823,647,403,131,-148,-414,-636,-782,-851,-847,-750,-590,-367,-128,115,336,532,662,740,744,678,554,378,174,-38,-243,-419,-555,-640,-660,-627,-536,-406,-240,-58,119,284,421,518,571,572,527,442,320,171,11,-149,-296,-410,-497,-198,-545,-499,-408,-296,-148,21,184,328,444,523,566,547,495,385,238,77,-96,-260,-401,-498,-559,-566,-514,-428,-307,-146,20,185,329,438,510,531,500,439,334,201,62,-79,-213,-323,-400,-445,-453,-421,-360,-273,-170,-56,60,161,250,315,358,382,369,332,275,202,113,21,-78,-178,-260,-330,-379,-402,-393,-356,-284,-196,-81,46,171,284,378,445,476,470,420,331,220,85,-66,-205,-333,-438,-501,-523,-510,-445,-345,-216,-62,93,250,385,484,551,565,540,467,353,203,35,-134,-301,-446,-554,-612,-623,-588,-494,-355,-189,1,190,369,528,640,698,698,640,515,349,140,1447,1131
10568,mtk,MTK 7916,4080771476,rx1-tx0,512,-13,-597,-1076,547,532,463,347,196,27,-150,-305,-430,-507,-532,-498,-409,-278,-126,52,219,362,468,526,526,474,375,232,70,-105,-277,-410,-505,-560,-562,-490,-380,-234,-48,138,316,462,571,626,622,551,422,250,39,-172,-373,-544,-664,-725,-712,-632,-479,-281,-42,215,448,650,777,831,813,702,528,290,9,-265,-526,-741,-882,-932,-884,-752,-544,-277,22,318,587,793,930,972,912,769,548,275,-26,-323,-582,-789,-912,-949,-904,-766,-567,-303,-23,260,507,711,849,911,887,784,619,391,127,-135,-393,-610,-787,-889,-904,-850,-727,-534,-290,-17,262,527,754,912,990,996,897,709,458,231,-177,-504,-785,-1003,-1134,-1161,-1073,-872,-578,-230,168,542,883,1147,1307,1325,1222,989,652,248,-195,-624,-994,-1279,-1442,-1457,-1323,-1041,-660,-212,260,719,1113,1395,1536,1524,1356,1049,641,168,-324,-792,-1180,-1443,-1574,-1536,-1354,-1040,-613,-138,363,825,1200,1467,1581,1545,1354,1026,590,100,-409,-879,-1259,-1514,-1621,-1549,-1331,-966,-492,20,534,993,1342,1553,1590,1449,1152,750,269,-235,-696,-1083,-1340,-1437,-1383,-1192,-865,-462,-31,395,758,1041,1197,1214,1100,880,575,216,-150,-493,-764,-945,-1013,-966,-820,-585,-297,27,332,590,771,854,824,685,463,185,-113,-380,-578,-669,-644,-511,-299,-58,153,1257,922,101,68,908,177,383,538,594,537,370,115,-171,-439,-656,-780,-788,-689,-492,-225,74,377,638,822,912,906,787,569,281,-48,-379,-669,-901,-1043,-1074,-970,-767,-469,-116,269,629,940,1149,1239,1200,1030,753,376,-63,-493,-877,-1178,-1366,-1396,-1294,-1056,-690,-251,236,698,1088,1368,1515,1517,1333,1018,599,115,-391,-865,-1240,-1490,-1601,-1531,-1306,-941,-486,29,529,991,1348,1549,1606,1482,1220,838,365,-140,-620,-1033,-1334,-1508,-1520,-1372,-1104,-729,-291,165,593,975,1250,1398,1412,1283,1047,704,298,-124,-537,-881,-1134,-1299,-1327,-1238,-1024,-726,-356,37,418,765,1040,1213,1272,1217,1039,776,459,84,-302,-657,-49,-1164,-1265,-1254,-1134,-907,-584,-204,193,578,914,1180,1338,1362,1250,1026,692,292,-141,-580,-960,-1256,-1439,-1474,-1362,-1113,-755,-306,172,644,1046,1347,1513,1515,1383,1095,692,229,-250,-707,-1088,-1356,-1494,-1468,-1285,-996,-606,-156,310,729,1054,1276,1366,1316,1145,861,503,88,-306,-664,-941,-1115,-1198,-1147,-996,-749,-444,-103,237,542,783,952,1024,1001,887,680,427,143,-158,-436,-661,-818,-908,-897,-811,-640,-412,-148,120,379,590,734,811,810,729,572,355,110,-130,-357,-551,-680,-732,-711,-627,-471,-279,-63,165,368,518,628,652,620,521,370,186,-16,-209,-381,-505,-574,-582,-533,-422,-268,-1328,-917,221,1183,697,65,-118,-279,-410,-498,-536,-513,-433,-312,-158,11,182,335,446,514,536,487,393,252,88,-82,-244,-387,-490,-540,-542,-482,-370,-227,-60,122,296,426,538,587,578,511,394,239,52,-147,-339,-499,-617,-680,-668,-593,-449,-263,-44,185,409,593,722,785,766,671,505,278,28,-237,-485,-684,-830,-886,-851,-742,-545,-289,-1,293,549,768,908,958,906,759,544,278,-24,-322,-589,-800,-933,-975,-914,-770,-554,-279,4,297,550,756,887,932,894,769,580,336,64,-207,-453,-659,-810,-882,-879,-806,-664,-463,-203,65,320,561,755,887,941,915,810,624,377,96,-206,-511,-759,-949,-568,-1075,-984,-793,-527,-197,157,515,830,1070,1218,1247,1148,936,628,243,-174,-579,-951,-1217,-1374,-1398,-1273,-1027,-671,-238,229,676,1067,1343,1492,1493,1345,1052,656,186,-306,-767,-1152,-1418,-1548,-1530,-1359,-1043,-629,-148,353,805,1194,1453,1575,1543,1349,1031,610,123,-373,-839,-1228,-1487,-1603,-1556,-1349,-1007,-569,-60,457,925,1309,1540,1612,1524,1271,883,406,-125,-623,-1047,-1349,-1513,-1501,-1330,-1030,-616,-149,317,741,1077,1269,1332,1247,1038,724,335,-71,-451,-765,-997,-1108,-1095,-968,-737,-437,-98,232,531,758,900,930,845,669,421,123,-181,-459,-659,-773,-765,-646,-431,-162,111,342,484,516,448,428,1166,-164,-1198,-754,430,346,158,-87,-345,-564,-698,-710,-607,-406,-132,162,440,669,815,858,792,624,372,81,-238,-538,-778,-937,-996,-936,-770,-519,-195,163,513,805,1026,1144,1142,1009,768,426,37,-374,-756,-1063,-1269,-1330,-1246,-1039,-717,-305,151,588,983,1278,1441,1457,1309,1036,640,182,-320,-796,-1168,-1437,-1561,-1531,-1330,-984,-548,-43,468,930,1302,1543,1617,1522,1278,886,424,-90,-593,-1023,-1353,-1545,-1573,-1441,-1166,-780,-325,174,629,1011,1290,1437,1448,1323,1073,716,302,-143,-565,-922,-1194,-1338,-1367,-1259,-1025,-715,-332,79,473,818,1077,1246,1288,1219,1037,751,398,17,-372,-728,-997,-1187,-1270,-1225,-1071,425,-508,-138,246,608,927,1160,1290,1301,1187,959,643,258,-160,-567,-930,-1216,-1377,-1416,-1309,-1068,-735,-314,146,606,999,1316,1492,1517,1386,1110,729,264,-217,-679,-1089,-1376,-1512,-1507,-1341,-1040,-648,-193,292,725,1078,1324,1434,1399,1211,915,540,110,-312,-699,-1004,-1211,-1287,-1228,-1068,-798,-477,-101,270,598,865,1043,1121,1081,940,722,441,120,-196,-489,-723,-876,-963,-952,-839,-651,-416,-144,139,397,622,776,851,851,764,599,387,140,-120,-365,-570,-714,-775,-762,-675,-522,-318,-87,136,360,534,649,700,676,571,424,231,14,-190,-378,-515,-597,-613,-570,-469,-320,-143,45,230,387,491,-191,-781
10569,mtk,MTK 7916,4080771476,rx1-tx1,512,0,0,0,42,-281,-553,-699,-689,-524,-234,107,428,651,727,636,400,77,-265,-549,-704,-706,-549,-254,98,431,659,735,642,397,51,-303,-585,-738,-720,-530,-210,163,490,713,778,657,377,4,-380,-670,-811,-768,-544,-187,223,587,818,860,710,393,-25,-442,-759,-906,-848,-599,-206,244,651,917,973,800,448,-10,-470,-834,-1011,-966,-704,-277,213,657,962,1056,912,566,96,-397,-815,-1046,-1042,-816,-418,76,549,903,1061,985,693,256,-235,-665,-949,-1026,-880,-551,-109,346,715,930,943,746,403,-14,-420,-719,-858,-807,-585,-246,127,456,672,733,626,396,90,-224,-470,-603,-598,-451,-212,0,303,458,503,428,256,32,-195,-364,-432,-396,-265,-71,129,290,385,389,287,125,-72,-255,-367,-392,-329,-183,13,206,346,402,372,255,76,-121,-281,-377,-389,-309,-159,25,199,321,370,333,210,42,-131,-265,-333,-322,-233,-83,89,238,329,339,254,102,-74,-235,-347,-381,-319,-179,8,205,363,440,423,308,116,-113,-314,-461,-515,-453,-303,-80,172,387,522,555,469,289,46,-209,-407,-525,-536,-442,-265,-36,195,384,490,493,398,231,21,-181,-337,-425,-426,-344,-191,-5,170,301,370,366,287,155,4,-138,-247,-312,-311,-257,-164,-50,65,158,218,242,228,181,112,0,0,0,0,0,199,228,234,202,128,27,-90,-211,-307,-360,-360,-298,-174,-13,155,302,402,429,371,243,61,-138,-321,-445,-486,-431,-283,-72,164,376,508,545,468,288,48,-208,-435,-583,-601,-494,-293,-23,266,499,629,623,492,258,-36,-329,-550,-656,-633,-477,-208,105,393,598,674,599,403,116,-198,-468,-638,-664,-542,-299,11,321,561,672,636,462,183,-141,-433,-632,-689,-597,-368,-58,267,525,675,682,521,251,-72,-378,-599,-688,-621,-413,-116,200,471,637,660,533,286,-25,-328,-552,-654,-603,-412,-134,185,464,639,664,533,281,-36,-353,-591,-700,-651,-457,-153,199,505,700,730,0,334,-7,-351,-626,-759,-721,-529,-218,150,498,726,790,692,443,86,-292,-606,-790,-793,-622,-314,67,428,687,789,722,499,169,-204,-527,-721,-747,-612,-340,11,346,601,718,666,458,147,-186,-480,-661,-676,-524,-264,55,363,587,668,586,364,57,-261,-522,-662,-642,-469,-191,135,435,634,678,566,319,0,-312,-551,-671,-641,-460,-169,160,445,624,666,558,308,-16,-318,-548,-654,-609,-415,-139,166,427,583,605,482,242,-43,-312,-505,-574,-510,-320,-56,216,442,560,532,383,144,-141,-385,-534,-567,-461,-234,47,312,512,594,529,339,68,-228,-474,-604,-602,-469,-211,106,0,0,0,0,0,687,637,444,139,-205,-496,-675,-713,-592,-330,14,355,609,723,679,481,170,-182,-489,-689,-726,-591,-321,27,373,637,748,683,459,128,-233,-548,-733,-754,-594,-290,75,438,711,808,718,463,94,-304,-637,-828,-827,-631,-284,128,518,797,895,787,493,80,-359,-722,-925,-917,-704,-322,143,577,883,997,891,577,127,-356,-757,-996,-1021,-820,-430,56,540,906,1067,985,695,257,-238,-691,-991,-1068,-909,-558,-90,399,799,1024,1030,810,412,-61,-510,-843,-993,-929,-667,-265,181,575,837,909,790,513,127,-272,-595,-781,-788,-622,-333,10,333,576,678,622,434,159,-135,-380,-524,0,-440,-241,7,235,399,459,403,259,62,-151,-319,-407,-387,-272,-91,102,277,381,381,303,148,-53,-236,-365,-411,-355,-219,-35,156,313,396,384,289,124,-69,-241,-353,-388,-331,-193,-17,155,289,350,325,222,60,-109,-245,-327,-329,-242,-91,79,232,331,349,282,136,-49,-223,-357,-413,-371,-235,-36,170,351,466,483,394,206,-30,-259,-444,-539,-520,-388,-182,64,304,479,556,528,387,167,-78,-307,-465,-528,-485,-348,-141,89,292,427,469,420,293,109,-90,-259,-369,-409,-362,-241,-78,85,219,313,347,310,215,84,-51,-167,-251,-290,-275,-216,-135,-42,50,119,156,0,0,0,0,0,-63,9,95,184,260,307,309,259,164,35,-110,-248,-353,-400,-380,-287,-136,46,233,379,451,439,341,176,-34,-246,-418,-508,-493,-378,-181,60,298,481,570,550,407,166,-102,-353,-548,-633,-582,-408,-146,150,420,604,657,577,381,94,-216,-481,-644,-673,-557,-316,-9,300,546,666,644,476,207,-102,-396,-610,-679,-598,-384,-79,237,499,658,675,534,274,-44,-355,-592,-696,-638,-445,-152,170,460,653,691,578,339,28,-289,-542,-676,-650,-479,-206,115,407,601,658,571,350,50,-260,-515,-651,-637,-481,-214,104,408,621,682,590,361,48,-282,-554,-698,-686,-514,-230,108,0,677,755,674,443,103,-264,-570,-758,-784,-628,-331,40,399,672,798,747,534,201,-177,-517,-742,-796,-675,-412,-62,305,603,758,741,561,254,-115,-449,-670,-741,-640,-395,-59,283,549,689,677,508,220,-123,-432,-632,-682,-572,-323,-9,304,546,655,610,426,137,-186,-470,-645,-651,-510,-254,72,375,595,676,599,389,78,-250,-512,-661,-661,-516,-248,86,390,596,677,593,374,79,-227,-479,-618,-611,-458,-205,91,364,543,592,495,275,1,-266,-472,-563,-514,-348,-97,182,422,555,550,416,182,-94,-354,-526,-578,-495,-288,-7,274,494,602,573,407,138,-170,-434,-603,-629,0,0
10570,mtk,MTK 7916,4080771476,rx2-tx0,512,0,0,0,-46,224,448,572,557,411,163,-131,-396,-566,-606,-506,-283,10,301,526,633,594,416,130,-194,-471,-634,-653,-523,-265,59,372,599,683,611,399,84,-256,-535,-689,-684,-514,-219,129,449,668,729,620,354,1,-354,-633,-761,-708,-485,-151,233,568,766,785,621,308,-85,-471,-754,-859,-768,-495,-92,339,695,895,885,677,307,-139,-562,-871,-981,-861,-539,-95,372,754,976,986,759,355,-123,-569,-894,-1026,-923,-603,-149,329,736,975,996,792,406,-65,-519,-854,-992,-903,-611,-183,274,669,910,943,756,400,-42,-469,-778,-907,-831,-561,-157,273,630,843,858,671,326,-85,-467,0,-857,-758,-482,-94,322,666,850,842,639,278,-151,-544,-814,-904,-784,-479,-60,376,736,930,908,679,296,-161,-585,-883,-994,-881,-556,-102,366,764,1001,1008,786,388,-99,-574,-921,-1063,-966,-659,-204,308,756,1033,1084,895,509,7,-505,-905,-1105,-1065,-790,-343,187,672,1010,1135,1015,675,182,-349,-795,-1072,-1127,-936,-552,-49,453,849,1069,1065,834,430,-64,-530,-870,-1026,-959,-697,-297,158,561,835,927,824,558,182,-222,-566,-782,-828,-697,-429,-85,264,548,713,726,588,336,28,-276,-514,-646,-644,-521,-299,-30,236,450,573,590,510,352,142,-75,-263,-391,-449,-440,-375,-267,0,0,0,0,0,-212,-342,-436,-482,-454,-348,-173,46,277,479,606,631,541,343,71,-223,-485,-664,-719,-628,-406,-91,259,569,774,829,712,435,54,-355,-702,-915,-947,-780,-437,12,482,870,1081,1071,840,424,-101,-625,-1031,-1231,-1179,-877,-388,201,760,1165,1340,1241,878,321,-308,-873,-1275,-1409,-1241,-823,-224,424,975,1324,1401,1181,708,87,-540,-1053,-1341,-1341,-1052,-542,78,671,1114,1308,1214,866,333,-261,-795,-1145,-1236,-1055,-649,-108,445,892,1138,1126,866,416,-118,-609,-954,-1098,-993,-658,-186,315,745,1001,1030,829,448,-30,-497,-846,-994,-915,-638,-222,239,639,896,947,781,441,5,-428,-753,0,-850,-606,-232,192,568,810,865,724,416,20,-375,-679,-824,-781,-562,-216,178,527,744,789,652,365,7,-352,-632,-754,-696,-481,-158,199,502,683,701,557,286,-49,-369,-602,-683,-599,-376,-69,251,507,639,619,448,171,-140,-414,-585,-613,-495,-256,40,322,530,606,530,327,50,-239,-479,-601,-572,-403,-141,158,417,575,597,478,241,-55,-338,-542,-624,-554,-348,-63,233,477,612,604,452,192,-109,-383,-561,-611,-517,-305,-18,271,491,594,556,388,132,-154,-398,-545,-564,-452,-229,46,307,490,557,488,307,53,-216,-429,-535,-520,-381,-148,124,373,522,540,439,233,-33,0,0,0,0,0,-565,-526,-362,-106,181,428,568,579,461,230,-62,-346,-552,-627,-550,-345,-56,254,507,641,623,463,195,-128,-426,-625,-678,-574,-335,-16,312,575,698,654,458,150,-196,-497,-687,-715,-566,-291,57,404,655,751,662,417,77,-289,-600,-769,-754,-558,-221,172,527,768,835,703,401,-5,-420,-735,-884,-838,-590,-195,246,637,893,944,776,431,-18,-473,-820,-988,-929,-654,-224,253,671,953,1015,845,484,15,-461,-831,-1015,-972,-707,-283,200,633,920,998,858,521,67,-398,-771,-963,-933,-694,-307,145,564,846,925,796,489,68,-365,-703,-871,-843,-622,-260,166,552,803,860,718,0,10,-401,-718,-868,-811,-559,-178,243,605,831,869,709,378,-47,-460,-777,-921,-851,-582,-182,261,659,917,963,783,426,-30,-480,-830,-1006,-946,-673,-251,241,678,965,1043,887,527,50,-441,-843,-1060,-1039,-789,-355,154,632,976,1109,994,658,173,-347,-797,-1077,-1116,-915,-518,-2,516,920,1127,1094,824,374,-151,-634,-981,-1118,-1020,-705,-246,257,697,989,1066,913,577,123,-339,-720,-947,-971,-782,-443,-24,387,702,865,843,642,312,-67,-417,-669,-773,-719,-526,-220,121,421,628,703,632,435,164,-133,-394,-569,-631,-573,-415,-190,62,288,454,539,537,451,309,137,-28,-160,-254,0,0,0,0,0,318,235,112,-56,-241,-412,-533,-573,-520,-378,-154,110,366,566,669,645,496,243,-66,-381,-637,-768,-740,-562,-261,113,473,751,883,838,608,239,-196,-607,-911,-1034,-943,-640,-190,311,761,1075,1170,1024,655,134,-431,-920,-1224,-1275,-1069,-634,-53,553,1050,1336,1353,1084,586,-37,-671,-1161,-1394,-1346,-1019,-476,165,783,1221,1399,1288,902,329,-303,-868,-1245,-1347,-1159,-729,-148,466,954,1226,1239,980,507,-70,-616,-1021,-1192,-1099,-767,-273,279,759,1060,1119,932,545,46,-461,-854,-1055,-1016,-755,-324,170,620,927,1023,888,556,104,-365,-750,-956,-942,-719,-341,107,527,827,934,828,535,0,-311,-660,-861,-867,-672,-330,83,472,746,856,766,495,117,-276,-603,-792,-794,-613,-296,83,438,687,773,676,427,84,-274,-563,-718,-700,-520,-220,127,440,639,686,571,326,4,-312,-549,-658,-610,-419,-125,193,456,609,621,477,216,-86,-365,-554,-608,-514,-296,-8,283,505,597,544,362,87,-205,-451,-589,-584,-439,-183,117,386,566,614,518,294,4,-287,-519,-627,-580,-406,-134,169,428,588,610,487,251,-48,-331,-529,-601,-540,-352,-79,212,449,572,557,418,182,-97,-354,-527,-568,-476,-274,-10,257,462,553,508,344,97,-173,-395,-528,-533,-408,-186,79,330,500,543,0,0
10571,mtk,MTK 7916,4080771476,rx2-tx1,512,0,0,0,-19,-131,-202,-223,-197,-123,-12,96,171,199,186,129,37,-66,-152,-200,-198,-149,-67,35,128,192,218,197,127,28,-78,-170,-227,-234,-189,-108,-9,102,194,247,244,187,94,-17,-128,-210,-245,-238,-191,-102,10,111,190,235,242,199,110,4,-97,-185,-237,-237,-196,-123,-31,74,161,216,235,216,148,52,-53,-149,-221,-249,-232,-174,-75,39,144,226,266,245,183,86,-41,-162,-251,-287,-274,-205,-86,47,166,265,311,284,204,82,-64,-196,-292,-329,-295,-195,-52,104,239,323,342,289,163,4,-150,-285,-356,-338,-252,-115,60,218,337,384,342,219,44,-142,-301,0,-418,-338,-180,22,232,402,482,460,339,137,-101,-330,-491,-547,-492,-328,-84,185,420,575,612,517,306,30,-258,-491,-630,-643,-508,-261,41,351,593,698,658,485,200,-144,-454,-666,-740,-660,-440,-119,235,548,741,786,672,405,46,-327,-640,-820,-825,-663,-363,18,395,696,860,845,646,322,-63,-441,-723,-854,-821,-607,-270,108,462,722,833,771,546,215,-149,-479,-693,-769,-699,-482,-165,173,465,649,704,620,403,118,-192,-456,-614,-646,-553,-353,-82,200,428,569,595,506,330,92,-157,-367,-505,-549,-491,-349,-154,58,255,400,465,463,394,272,124,-18,-140,-228,-266,0,0,0,0,0,-84,-149,-199,-235,-237,-196,-120,-23,87,196,275,311,292,217,99,-41,-180,-290,-344,-332,-253,-114,46,203,332,398,375,270,112,-78,-267,-409,-459,-422,-290,-85,145,357,503,549,485,314,65,-213,-452,-610,-642,-545,-333,-36,275,529,686,705,584,329,2,-327,-604,-756,-757,-607,-315,44,391,657,792,761,567,253,-118,-473,-726,-819,-743,-503,-152,220,550,765,813,684,415,55,-333,-641,-799,-788,-615,-301,82,440,713,825,760,534,186,-203,-546,-772,-839,-720,-436,-58,329,651,832,830,647,325,-75,-464,-742,-858,-797,-564,-200,206,564,796,860,735,452,62,-342,0,-854,-840,-650,-322,85,478,759,878,808,554,175,-241,-616,-849,-890,-738,-425,-14,407,735,898,875,664,295,-147,-558,-846,-943,-839,-558,-141,313,694,932,961,775,430,-9,-448,-795,-971,-939,-703,-319,145,574,866,979,883,598,178,-270,-649,-891,-946,-794,-468,-49,368,705,884,864,656,313,-93,-470,-739,-832,-748,-504,-153,219,532,727,754,615,349,16,-319,-581,-708,-681,-511,-235,93,388,584,645,571,377,109,-176,-409,-551,-571,-466,-260,-6,243,426,502,466,334,140,-76,-271,-400,-434,-374,-233,-46,135,284,368,359,271,129,-34,-191,-296,-322,-280,-183,-52,91,0,0,0,0,0,244,196,106,0,-109,-185,-214,-190,-121,-24,79,158,197,191,137,47,-49,-138,-193,-205,-173,-95,6,105,182,220,216,159,63,-49,-145,-217,-244,-215,-140,-45,59,159,229,251,222,150,48,-65,-163,-228,-252,-224,-153,-57,57,153,220,247,222,156,66,-37,-131,-197,-233,-227,-176,-91,9,108,192,241,238,194,117,18,-95,-190,-244,-250,-211,-127,-12,97,197,266,278,236,149,36,-90,-206,-282,-300,-256,-152,-21,117,238,307,306,245,141,5,-145,-268,-330,-319,-238,-109,42,186,295,342,311,212,65,-107,-257,-343,-358,-296,-164,0,179,327,400,384,285,0,-91,-278,-408,-460,-407,-251,-43,183,380,499,510,415,232,-8,-254,-459,-570,-558,-426,-201,74,335,535,631,588,412,149,-147,-427,-625,-679,-587,-371,-73,245,518,683,708,584,322,-7,-344,-620,-764,-741,-555,-263,97,448,712,828,767,545,208,-186,-545,-782,-863,-768,-517,-157,236,582,808,862,743,469,105,-274,-602,-811,-843,-701,-424,-61,309,607,780,793,638,354,15,-324,-606,-749,-723,-563,-295,29,333,565,678,652,496,239,-57,-330,-528,-625,-598,-443,-207,56,301,480,560,544,427,226,-6,-229,-408,-504,-512,-438,-298,-119,66,226,341,391,385,330,245,142,0,0,0,0,0,165,133,79,4,-90,-180,-246,-281,-275,-222,-128,-3,126,234,309,326,276,175,39,-120,-265,-353,-372,-318,-202,-37,142,302,407,424,350,200,-7,-218,-383,-486,-494,-396,-200,48,292,482,581,569,428,190,-89,-366,-583,-676,-633,-462,-186,136,439,660,750,681,477,161,-199,-511,-722,-789,-692,-450,-108,274,599,788,810,663,382,21,-346,-644,-808,-797,-613,-301,85,441,702,817,754,528,187,-197,-539,-757,-823,-697,-415,-52,330,642,806,795,618,307,-79,-455,-732,-848,-781,-548,-191,213,572,803,861,739,458,66,-340,-664,-847,-847,-662,-336,64,454,745,871,805,0,198,-205,-569,-812,-867,-731,-437,-46,356,688,871,850,641,303,-114,-512,-798,-914,-822,-540,-143,284,655,885,917,753,429,-1,-439,-782,-953,-921,-684,-294,155,573,866,978,883,590,166,-290,-688,-935,-972,-800,-459,-29,414,773,956,925,697,326,-113,-518,-801,-918,-840,-573,-182,238,598,823,867,724,422,41,-341,-640,-792,-768,-576,-269,89,425,655,740,665,440,125,-198,-476,-646,-670,-547,-306,-7,278,497,606,576,423,183,-89,-328,-489,-543,-473,-306,-81,155,347,454,465,369,193,-19,-210,-347,-407,-378,-261,-95,86,238,329,344,284,166,16,-127,-239,-291,-275,0,0
10572,mtk,MTK 7916,4080933742,rx0-tx0,512,-172,439,189,-775,-922,-996,-1010,-963,-842,-669,-449,-213,43,290,520,716,867,960,977,943,843,688,482,236,-24,-274,-509,-721,-886,-991,-1023,-980,-867,-700,-470,-207,60,340,592,797,947,1031,1027,959,818,610,367,95,-178,-436,-662,-829,-941,-977,-939,-840,-692,-484,-246,8,241,456,645,775,848,854,803,692,538,344,128,-78,-281,-450,-581,-658,-694,-674,-616,-509,-368,-214,-55,103,252,367,455,505,513,485,433,348,241,137,17,-100,-189,-257,-307,-336,-332,-291,-255,-207,-130,-75,-19,32,74,99,107,112,117,109,111,109,113,124,123,119,107,98,77,48,2,-50,-101,-147,-588,-227,-250,-245,-235,-194,-150,-87,-9,60,127,196,244,279,300,292,262,230,177,103,33,-45,-124,-187,-226,-272,-302,-308,-303,-275,-235,-176,-106,-31,46,128,206,285,353,393,416,414,383,324,241,122,-15,-150,-291,-424,-533,-608,-640,-622,-551,-430,-260,-70,134,346,549,695,793,829,798,697,531,321,65,-195,-428,-647,-803,-892,-908,-843,-709,-516,-269,-6,262,499,678,810,878,860,776,636,436,201,-46,-282,-480,-646,-750,-780,-745,-649,-499,-322,-124,97,295,463,577,641,642,592,489,338,164,-15,-200,-361,-474,-535,-533,-466,-360,-207,-39,122,255,335,349,314,881,812,765,-217,-311,-68,-205,-337,-418,-437,-391,-271,-106,80,261,412,521,574,562,480,341,170,-33,-219,-390,-528,-609,-635,-600,-500,-356,-175,25,214,390,530,619,650,621,537,400,232,45,-141,-324,-459,-539,-589,-575,-508,-399,-253,-92,63,200,328,409,448,437,401,338,245,130,15,-88,-157,-208,-250,-253,-230,-185,-140,-82,-33,4,26,46,53,43,43,17,-5,-21,-35,-32,-10,8,38,91,121,153,195,209,206,174,136,63,-25,-110,-200,-282,-358,-396,-406,-388,-340,-233,-119,13,150,290,425,524,591,617,592,512,387,224,33,-167,-373,-560,-696,-790,-817,-775,-676,-521,-317,-291,180,428,646,835,958,1000,977,863,681,439,154,-140,-430,-698,-916,-1068,-1131,-1113,-1007,-824,-576,-280,43,357,648,888,1062,1170,1187,1115,981,759,492,184,-143,-469,-755,-998,-1169,-1254,-1281,-1201,-1029,-779,-468,-121,233,584,895,1152,1326,1411,1393,1273,1056,762,417,27,-367,-738,-1060,-1328,-1486,-1528,-1478,-1320,-1052,-702,-298,133,563,961,1274,1496,1615,1610,1477,1236,900,492,54,-395,-798,-1143,-1407,-1575,-1607,-1523,-1318,-1013,-645,-238,195,598,955,1237,1419,1487,1446,1303,1067,758,398,11,-360,-689,-963,-1160,-1275,-1296,-1229,-1067,-838,-568,-247,80,383,662,884,1050,1127,1129,1047,894,693,139,19,126,-807,-894,-683,-451,-196,60,318,554,750,893,971,990,939,831,665,458,217,-34,-280,-512,-710,-864,-967,-996,-957,-863,-704,-498,-249,22,291,544,757,920,1010,1031,990,857,671,435,159,-127,-387,-633,-819,-953,-1013,-999,-913,-753,-547,-306,-45,214,447,654,813,901,920,873,782,623,416,193,-39,-262,-458,-615,-727,-775,-769,-708,-603,-451,-280,-90,101,269,419,525,587,607,589,526,430,314,176,37,-98,-219,-324,-382,-417,-430,-399,-338,-266,-187,-98,0,81,137,193,216,214,213,199,177,138,106,79,49,34,19,6,-3,-19,-41,-63,-86,-114,-140,-169,-193,-198,-185,-163,321,-95,-21,50,121,187,231,270,284,274,255,215,153,94,14,-71,-138,-195,-251,-284,-300,-306,-286,-242,-192,-137,-59,12,83,154,219,272,313,336,344,331,300,253,181,89,-7,-116,-227,-328,-424,-499,-526,-521,-484,-404,-282,-128,45,225,395,544,661,725,741,699,581,404,199,-42,-277,-496,-673,-816,-895,-873,-786,-633,-417,-172,94,354,580,760,866,905,872,755,583,371,117,-142,-378,-581,-735,-816,-829,-769,-652,-486,-269,-39,182,387,551,654,711,695,623,499,338,147,-47,-233,-395,-515,-578,-595,-554,-452,-306,-138,46,210,346,439,466,429,333,195,49,-75,-154,-416,-436,-379,-305,-322,-299,-208,-64,104,276,418,501,520,475,366,213,29,-170,-352,-490,-583,-615,-578,-488,-342,-162,28,230,402,535,620,646,612,522,378,198,5,-185,-360,-500,-590,-625,-610,-537,-400,-248,-85,97,257,401,491,530,514,466,372,244,109,-26,-141,-245,-317,-356,-354,-320,-260,-202,-117,-30,41,84,116,139,137,122,98,77,36,19,4,-6,3,10,22,51,72,88,115,109,82,64,18,-48,-115,-177,-230,-279,-293,-294,-274,-225,-140,-30,82,196,318,410,467,502,503,462,377,251,100,-72,-255,-423,-563,-665,-717,-717,-662,-536,-360,-153,77,308,518,703,823,374,912,833,694,499,243,-27,-303,-571,-791,-965,-1062,-1073,-1009,-859,-641,-367,-64,249,542,803,1006,1132,1171,1122,987,778,511,213,-112,-417,-704,-953,-1114,-1210,-1224,-1148,-988,-758,-467,-163,166,510,809,1065,1241,1336,1331,1234,1041,774,455,90,-283,-649,-976,-1228,-1402,-1477,-1438,-1294,-1061,-746,-353,47,451,836,1173,1415,1557,1583,1503,1297,990,613,188,-261,-692,-1068,-1366,-1560,-1634,-1588,-1410,-1135,-785,-370,73,504,899,1209,1424,1543,1538,1419,1202,893,522,118,-282,-654,-974,-1212,-1361,-1398,-1333,-1183,-944,-645,-310,36,380,691,932,1105,1205,1206,1130,973,760,493,202,-100,-390,-639,-842,-387,-432
10573,mtk,MTK 7916,4080933742,rx0-tx1,512,379,-368,-176,-135,86,306,518,697,828,906,916,862,746,569,352,103,-163,-424,-653,-837,-963,-1029,-1022,-931,-773,-559,-304,-18,267,541,782,958,1070,1118,1066,942,753,509,224,-79,-375,-648,-878,-1039,-1125,-1137,-1062,-915,-702,-438,-139,161,443,702,909,1045,1125,1113,1028,874,657,390,110,-180,-460,-701,-897,-1022,-1088,-1078,-988,-835,-629,-379,-104,175,434,669,865,994,1050,1035,946,801,604,367,108,-163,-425,-655,-832,-953,-1005,-995,-913,-769,-577,-340,-89,163,405,618,786,903,957,939,866,736,556,335,97,-139,-373,-583,-748,-865,-926,-918,-851,-727,-556,-343,-111,135,366,583,756,871,-430,943,870,737,554,332,77,-179,-432,-648,-824,-948,-997,-972,-876,-710,-499,-246,39,312,563,775,924,1005,1009,942,803,598,349,74,-201,-466,-686,-853,-955,-980,-932,-817,-634,-407,-161,98,344,552,725,839,885,862,778,633,451,240,17,-200,-400,-559,-677,-742,-755,-708,-619,-480,-310,-128,57,237,386,505,592,630,622,573,474,346,202,45,-109,-248,-368,-457,-510,-522,-497,-441,-349,-239,-114,12,134,241,327,381,409,406,374,320,244,147,44,-54,-150,-232,-288,-326,-340,-323,-285,-222,-143,-54,42,129,201,258,288,288,259,205,129,38,-49,-127,-187,-209,-198,-161,-707,-639,481,992,968,56,171,268,329,344,308,227,108,-25,-161,-276,-367,-423,-431,-394,-327,-227,-104,29,157,278,375,443,472,468,423,351,244,118,-24,-173,-308,-421,-507,-558,-566,-535,-455,-344,-192,-19,151,316,477,591,672,702,675,583,449,277,77,-136,-355,-542,-686,-792,-830,-791,-693,-538,-333,-97,139,362,563,731,832,865,828,718,555,357,133,-106,-341,-527,-682,-775,-812,-788,-698,-560,-388,-190,24,231,413,563,658,704,696,647,549,417,256,85,-85,-242,-383,-493,-563,-598,-592,-547,-465,-352,-223,-86,53,192,311,405,483,519,524,503,443,355,251,125,-6,-137,-259,-362,230,-511,-533,-519,-478,-400,-292,-170,-32,112,247,371,468,533,564,551,503,427,312,180,31,-120,-263,-385,-482,-545,-571,-552,-497,-408,-299,-161,-15,121,254,363,450,504,521,507,450,381,292,167,54,-63,-180,-277,-363,-425,-458,-460,-446,-404,-334,-249,-151,-41,67,170,269,356,421,462,470,462,422,353,261,155,35,-95,-216,-325,-415,-481,-522,-524,-497,-432,-339,-226,-97,41,171,306,418,502,556,567,550,500,408,294,163,11,-135,-273,-396,-498,-575,-614,-614,-573,-491,-375,-231,-73,90,262,410,540,631,685,697,658,579,451,295,117,-82,-276,-456,-607,-714,-778,-365,126,11,613,691,844,855,816,715,558,351,126,-121,-355,-582,-768,-902,-974,-976,-908,-766,-569,-333,-67,214,485,716,905,1028,1076,1045,949,773,536,264,-35,-339,-607,-836,-1010,-1108,-1128,-1068,-936,-730,-470,-183,122,420,682,902,1054,1129,1120,1041,891,672,416,127,-176,-456,-708,-908,-1041,-1100,-1098,-1014,-854,-637,-379,-107,182,455,691,884,1013,1070,1048,963,820,613,362,95,-179,-436,-661,-846,-967,-1026,-1015,-936,-787,-589,-351,-97,164,417,635,814,932,985,971,893,751,563,339,88,-160,-393,-599,-765,-882,-930,-921,-855,-725,-551,-343,-108,133,365,574,741,860,923,922,857,734,554,346,-1099,-148,-389,-604,-779,-908,-965,-959,-878,-734,-539,-298,-30,237,491,708,874,986,1019,969,851,666,430,161,-115,-385,-627,-819,-951,-1006,-987,-892,-723,-508,-250,18,280,522,722,856,933,937,863,731,549,325,77,-158,-385,-570,-710,-796,-819,-785,-691,-550,-374,-177,31,224,397,541,632,677,680,635,541,415,255,83,-83,-242,-384,-485,-550,-576,-559,-502,-412,-291,-152,-11,123,246,349,419,457,463,437,375,289,181,75,-37,-141,-232,-304,-354,-372,-364,-329,-266,-188,-103,-6,87,169,234,282,308,308,277,226,153,63,-29,-115,-185,-240,-259,-247,-209,-141,-59,24,88,109,308,-407,-450,69,259,236,159,52,-78,-202,-309,-380,-402,-378,-310,-214,-88,57,184,296,383,439,451,429,370,280,157,31,-107,-230,-344,-436,-494,-520,-503,-442,-347,-224,-77,76,234,376,499,592,633,622,575,470,322,148,-50,-251,-433,-580,-696,-756,-758,-698,-569,-410,-208,22,254,461,642,772,838,832,767,645,465,239,0,-251,-471,-648,-769,-836,-842,-767,-639,-472,-259,-39,184,389,557,676,749,759,709,615,477,306,117,-76,-250,-405,-529,-615,-652,-639,-585,-499,-373,-228,-74,82,224,349,449,516,549,547,511,435,346,230,98,-29,-158,-279,-375,-454,-505,-520,-504,-453,-374,-198,-156,-19,118,246,366,453,513,544,537,492,416,303,178,35,-113,-251,-377,-478,-541,-571,-561,-510,-421,-305,-171,-23,127,269,384,473,534,546,530,476,390,286,159,26,-109,-232,-325,-415,-464,-481,-482,-447,-386,-303,-204,-93,10,117,221,311,383,435,457,450,423,377,302,206,98,-15,-126,-238,-338,-415,-468,-500,-496,-462,-398,-306,-196,-68,68,200,320,423,493,541,541,520,468,376,267,134,-10,-150,-294,-414,-501,-566,-591,-577,-532,-453,-340,-203,-48,106,259,401,520,601,641,650,614,530,409,258,92,-88,-263,-429,-567,-667,-728,-744,-703,-618,-485,-318,-125,-917,-989
10574,mtk,MTK 7916,4080933742,rx1-tx0,512,-13,64,845,-458,-478,-463,-394,-302,-181,-47,90,212,323,411,457,462,431,369,272,157,15,-115,-230,-341,-424,-464,-471,-448,-387,-282,-158,-26,114,249,363,451,510,528,505,440,343,217,67,-95,-251,-401,-521,-595,-633,-618,-558,-442,-295,-120,69,264,447,598,699,759,753,683,565,395,187,-36,-260,-482,-667,-800,-871,-874,-804,-676,-485,-248,7,268,512,718,862,943,940,872,737,538,295,40,-232,-479,-686,-837,-923,-942,-886,-757,-573,-356,-120,121,357,558,710,822,866,849,774,646,481,286,70,-149,-358,-538,-684,-786,-842,-838,-772,-662,-508,-311,-87,141,368,578,751,878,231,955,881,747,555,313,44,-237,-515,-757,-947,-1079,-1128,-1096,-972,-771,-500,-187,144,478,780,1029,1206,1280,1263,1147,932,632,278,-92,-463,-812,-1091,-1283,-1374,-1365,-1243,-1025,-721,-360,26,407,766,1066,1286,1401,1412,1323,1123,835,481,92,-304,-680,-1003,-1247,-1402,-1445,-1388,-1221,-945,-596,-199,218,609,976,1256,1447,1506,1442,1256,974,606,189,-248,-665,-1020,-1279,-1429,-1459,-1358,-1148,-852,-478,-73,332,694,987,1192,1283,1264,1133,915,632,296,-58,-387,-674,-893,-1026,-1078,-1030,-890,-686,-413,-113,172,445,681,841,915,895,787,598,357,76,-214,-464,-649,-737,-721,-615,-416,-175,67,248,-1350,-1058,101,818,570,-41,156,364,523,615,615,518,335,98,-160,-403,-608,-750,-805,-770,-660,-473,-234,24,285,535,737,868,931,907,793,614,370,85,-211,-504,-761,-952,-1070,-1102,-1031,-874,-633,-335,15,360,686,957,1153,1251,1250,1143,943,650,305,-77,-469,-813,-1114,-1315,-1408,-1383,-1256,-1016,-684,-301,117,537,921,1213,1417,1510,1482,1329,1050,690,276,-166,-591,-968,-1276,-1467,-1537,-1473,-1298,-1028,-662,-254,174,580,936,1214,1378,1441,1378,1215,958,634,273,-110,-468,-786,-1038,-1201,-1276,-1261,-1147,-953,-695,-390,-60,273,570,833,1025,1139,1172,1122,999,803,547,250,-58,-359,-632,-862,-1029,-1120,-1137,-1067,-49,-738,-478,-182,128,427,706,934,1105,1185,1184,1101,929,696,398,67,-273,-603,-893,-1111,-1250,-1310,-1259,-1106,-861,-549,-191,187,550,877,1137,1314,1382,1336,1188,938,615,251,-135,-512,-844,-1106,-1284,-1350,-1307,-1175,-949,-652,-307,63,418,730,988,1152,1229,1212,1104,906,645,347,28,-288,-577,-814,-979,-1069,-1077,-1005,-855,-645,-393,-123,159,415,634,804,911,939,903,795,632,425,190,-49,-280,-494,-667,-783,-831,-813,-737,-600,-425,-213,8,219,413,566,673,727,722,653,530,372,186,-8,-198,-370,-506,-595,-623,-615,-550,-439,-297,-134,34,196,337,448,520,542,517,458,350,222,228,585,221,-1386,-1094,-127,1,142,269,365,438,470,458,411,335,226,99,-37,-166,-284,-376,-442,-470,-448,-404,-325,-212,-81,46,176,304,405,466,495,488,438,357,249,119,-33,-181,-317,-432,-521,-572,-579,-535,-456,-325,-174,-3,174,346,492,604,674,695,659,569,428,255,57,-162,-366,-548,-699,-791,-819,-790,-695,-538,-336,-102,149,395,603,773,876,919,889,788,617,397,140,-129,-380,-613,-794,-907,-947,-922,-818,-656,-441,-195,62,313,538,717,837,898,894,821,685,515,310,77,-151,-367,-548,-693,-792,-836,-827,-761,-641,-485,-293,-85,143,355,543,700,815,875,870,820,703,538,325,-568,-169,-417,-640,-831,-968,-1035,-1026,-939,-770,-550,-273,35,347,637,883,1075,1187,1214,1136,963,718,406,58,-294,-641,-937,-1166,-1300,-1336,-1273,-1104,-835,-508,-134,253,628,953,1203,1359,1413,1357,1191,936,601,225,-168,-552,-900,-1172,-1353,-1428,-1400,-1262,-1028,-720,-346,54,453,822,1134,1351,1471,1461,1351,1131,813,426,-4,-428,-821,-1144,-1377,-1487,-1477,-1344,-1087,-743,-338,95,511,861,1145,1323,1387,1327,1154,896,563,191,-182,-537,-818,-1032,-1157,-1176,-1095,-923,-672,-376,-61,261,536,764,924,985,960,855,667,419,141,-152,-424,-644,-791,-850,-808,-667,-453,-183,91,334,513,585,557,439,-275,-898,-164,109,539,445,470,400,244,31,-214,-446,-624,-717,-720,-637,-478,-256,5,262,502,698,821,863,829,714,525,283,14,-281,-536,-754,-914,-997,-996,-908,-731,-484,-201,127,441,731,960,1120,1186,1150,1016,789,483,131,-240,-595,-911,-1149,-1293,-1353,-1281,-1103,-832,-478,-96,307,690,1039,1287,1429,1463,1381,1176,872,498,74,-357,-768,-1121,-1368,-1513,-1531,-1420,-1198,-867,-472,-40,395,794,1130,1372,1485,1482,1362,1136,812,435,36,-362,-715,-1017,-1226,-1345,-1356,-1260,-1079,-813,-498,-155,200,535,821,1039,1177,1226,1179,1062,870,611,312,-11,-318,-606,-845,-1022,-1125,-1143,-1083,-943,-744,-491,-211,91,390,425,890,1054,1146,1158,1089,937,720,440,128,-193,-512,-793,-1019,-1181,-1247,-1229,-1122,-919,-644,-316,40,409,743,1027,1227,1341,1344,1247,1049,766,418,31,-346,-703,-1009,-1231,-1354,-1368,-1272,-1075,-807,-468,-91,282,628,933,1150,1279,1300,1217,1048,797,490,153,-187,-511,-788,-992,-1120,-1162,-1113,-980,-772,-514,-225,71,361,612,811,941,1005,990,894,739,536,291,31,-226,-457,-655,-793,-871,-874,-823,-707,-536,-328,-98,135,354,539,674,757,776,741,644,498,314,110,-103,-303,-467,-588,-661,-679,-643,-549,-415,-246,-72,106,281,420,519,574,582,539,450,325,178,21,-127,-266,-384,-457,-755,-551
10575,mtk,MTK 7916,4080933742,rx1-tx1,512,0,0,0,457,541,494,308,38,-231,-448,-555,-516,-341,-83,196,431,556,531,365,102,-186,-423,-547,-531,-367,-107,182,426,562,552,383,103,-199,-453,-589,-563,-385,-111,204,474,615,593,412,113,-224,-501,-654,-640,-456,-144,211,515,689,684,497,180,-192,-522,-718,-729,-556,-237,151,494,724,775,619,296,-100,-467,-720,-790,-657,-362,26,414,687,779,683,414,42,-333,-614,-735,-671,-446,-116,241,533,683,662,474,169,-166,-443,-601,-604,-464,-221,70,331,491,520,424,225,-14,-235,-379,-421,-355,-209,-21,154,269,305,252,140,13,-102,-178,-190,-142,-60,28,93,121,97,34,0,-98,-130,-110,-38,54,135,181,185,126,9,-114,-219,-276,-258,-166,-21,138,266,330,312,215,57,-131,-289,-369,-350,-234,-56,135,290,373,361,250,60,-148,-318,-407,-378,-249,-46,186,371,454,412,259,21,-241,-444,-537,-489,-295,-21,276,519,637,591,392,72,-282,-583,-743,-726,-530,-188,220,593,828,863,690,343,-93,-508,-814,-938,-840,-537,-105,349,726,935,914,675,287,-165,-574,-839,-905,-768,-449,-38,373,688,830,775,543,188,-195,-519,-712,-734,-589,-315,25,348,571,656,594,393,114,-182,-427,-573,-595,-485,-280,-29,214,402,504,503,413,269,91,-74,-191,0,0,0,0,0,52,57,58,50,30,0,-34,-66,-92,-112,-108,-82,-42,7,59,106,133,137,114,54,-16,-78,-135,-162,-151,-113,-44,44,122,163,174,153,94,5,-84,-155,-192,-184,-135,-57,40,131,188,202,169,108,18,-86,-168,-197,-180,-129,-52,36,117,168,170,133,69,-6,-68,-112,-135,-118,-66,-1,54,86,93,68,29,-24,-71,-91,-81,-50,5,59,95,108,92,46,-13,-71,-110,-126,-110,-63,-3,66,119,142,125,77,15,-57,-110,-134,-112,-71,-19,45,94,121,119,75,10,-47,-97,-121,-103,-60,-4,58,103,112,82,32,-30,-88,-116,-114,-82,-29,28,0,131,121,87,26,-47,-106,-136,-136,-103,-32,46,110,146,140,101,29,-60,-125,-153,-149,-111,-38,43,110,146,143,102,35,-44,-114,-143,-133,-89,-17,52,114,136,110,58,-8,-76,-123,-139,-111,-40,41,104,143,151,111,20,-75,-146,-182,-169,-102,-11,86,168,207,186,104,-8,-116,-205,-244,-218,-121,4,136,235,275,245,153,9,-138,-243,-287,-259,-163,-24,127,236,282,255,157,19,-125,-237,-290,-258,-143,8,157,266,305,255,131,-35,-194,-296,-325,-266,-133,47,225,343,368,289,128,-64,-250,-383,-415,-339,-164,60,270,425,476,389,200,-33,-266,-447,0,0,0,0,0,-269,-19,250,464,556,506,323,62,-216,-440,-553,-522,-354,-100,186,425,551,529,371,112,-177,-422,-557,-537,-375,-109,195,442,569,544,379,111,-197,-459,-600,-580,-399,-109,208,479,635,622,435,124,-220,-512,-676,-660,-473,-161,205,525,703,705,528,209,-177,-517,-727,-748,-581,-260,124,485,730,786,639,335,-56,-436,-702,-785,-670,-389,-3,371,643,759,686,431,70,-294,-580,-715,-669,-459,-138,204,482,634,631,477,197,-116,-388,-551,-569,-444,-226,37,281,443,478,403,227,3,-192,-318,-359,-304,-177,-21,119,216,242,198,104,-3,-91,-135,-134,-91,-12,67,108,0,59,-18,-98,-149,-154,-103,-23,83,181,233,225,149,19,-125,-240,-301,-291,-194,-30,139,277,353,337,226,56,-129,-288,-373,-358,-247,-69,137,307,396,377,253,53,-165,-338,-420,-394,-254,-32,207,395,483,442,276,19,-260,-481,-580,-532,-339,-39,289,555,693,660,451,117,-262,-598,-794,-803,-611,-254,165,549,819,903,770,444,4,-442,-785,-951,-891,-618,-201,259,655,898,924,735,383,-52,-465,-762,-879,-787,-508,-117,283,598,775,765,574,258,-108,-436,-651,-707,-595,-354,-42,265,506,619,592,439,196,-85,-337,-510,-564,-511,-369,-155,69,254,379,423,392,304,0,0,0,0,0,-9,13,34,54,76,88,86,74,44,-1,-47,-87,-114,-126,-115,-80,-24,39,96,141,155,129,81,14,-68,-136,-163,-160,-135,-76,4,89,155,182,175,121,28,-62,-136,-183,-192,-159,-78,21,110,173,197,181,127,35,-65,-138,-181,-190,-150,-71,13,91,136,147,134,78,4,-52,-93,-115,-99,-50,5,50,84,88,61,18,-36,-84,-109,-96,-51,8,64,99,111,101,55,-16,-75,-118,-138,-120,-68,-6,56,116,144,127,73,4,-56,-109,-128,-110,-76,-23,45,92,113,109,61,-6,-60,-97,-110,-87,-39,15,66,101,115,101,46,-22,-79,-115,-128,0,-31,40,90,119,120,84,25,-45,-108,-143,-144,-103,-31,53,114,142,144,105,30,-45,-103,-139,-146,-112,-47,32,96,138,146,100,23,-57,-116,-151,-134,-73,-6,63,122,144,107,42,-20,-83,-131,-141,-110,-45,43,123,166,155,103,20,-79,-169,-203,-173,-101,3,112,188,226,204,119,-3,-130,-225,-265,-239,-139,-2,130,232,274,244,156,18,-129,-241,-291,-266,-169,-22,131,250,298,261,153,10,-133,-249,-296,-258,-143,13,165,278,309,253,123,-44,-207,-321,-345,-270,-121,60,234,363,400,321,154,-64,-265,-402,-434,-362,-190,38,270,434,487,416,233,0,0
10576,mtk,MTK 7916,4080933742,rx2-tx0,512,0,0,0,-211,-496,-652,-631,-443,-135,219,516,678,656,457,132,-231,-536,-700,-673,-465,-132,242,554,713,681,470,130,-250,-567,-729,-687,-462,-114,269,585,739,686,448,91,-295,-603,-749,-689,-433,-58,329,630,759,682,414,27,-376,-677,-789,-683,-390,20,429,725,824,700,378,-58,-479,-784,-883,-732,-382,72,521,830,919,765,402,-76,-545,-871,-961,-802,-423,78,552,885,989,824,441,-61,-550,-895,-1010,-854,-473,31,528,886,1007,869,503,-1,-503,-867,-999,-869,-514,-26,464,829,970,853,510,34,-442,-792,-936,-836,-509,-46,416,762,901,800,484,39,-409,-737,-867,-763,-456,0,429,747,859,741,428,-12,-452,-765,-877,-749,-415,31,474,796,902,767,421,-41,-499,-834,-950,-810,-454,25,509,863,989,868,516,22,-482,-869,-1037,-928,-571,-68,453,871,1064,969,623,117,-415,-854,-1080,-1013,-684,-182,375,840,1089,1054,748,252,-313,-803,-1088,-1096,-824,-345,225,739,1067,1130,904,452,-113,-639,-998,-1117,-963,-561,-28,497,895,1063,968,638,161,-353,-766,-964,-927,-679,-259,214,618,862,884,691,333,-95,-484,-746,-813,-683,-395,-16,356,630,744,679,454,131,-214,-498,-661,-670,-522,-257,50,337,543,625,574,412,179,-75,-300,-456,-515,-477,-367,-220,-62,0,0,0,0,0,-139,-285,-404,-473,-460,-355,-170,65,306,500,599,576,428,180,-121,-405,-610,-679,-588,-351,-23,323,608,756,727,517,164,-240,-598,-827,-860,-686,-329,121,563,881,991,861,516,22,-494,-900,-1096,-1030,-704,-192,377,870,1166,1174,895,391,-218,-787,-1177,-1278,-1067,-595,31,652,1125,1325,1187,765,165,-485,-1019,-1295,-1248,-889,-318,320,879,1223,1253,971,443,-190,-758,-1126,-1206,-983,-516,72,636,1027,1157,993,574,20,-527,-931,-1088,-959,-591,-76,458,855,1023,934,601,116,-389,-782,-969,-901,-597,-146,336,725,918,869,597,174,-286,-669,-868,-834,-589,-196,243,615,814,794,577,0,-227,-573,-768,-757,-545,-193,206,544,735,728,529,192,-189,-512,-696,-688,-494,-169,188,484,656,646,459,153,-185,-465,-617,-593,-409,-123,193,451,578,541,359,85,-211,-442,-543,-488,-301,-37,239,446,522,441,242,-21,-281,-454,-496,-399,-187,77,313,460,474,352,126,-140,-367,-485,-469,-318,-75,195,408,510,469,289,23,-251,-461,-546,-472,-268,13,292,494,564,482,262,-38,-327,-525,-586,-489,-253,51,349,554,598,482,240,-72,-366,-555,-594,-479,-232,80,369,559,598,471,211,-103,-386,-565,-590,-451,-194,122,408,582,593,444,177,-149,-435,-599,-599,-441,-153,174,0,0,0,0,0,623,433,125,-215,-503,-661,-645,-448,-124,231,526,685,662,460,131,-237,-543,-706,-682,-474,-135,246,559,719,687,463,114,-269,-579,-731,-691,-465,-108,278,588,733,683,444,85,-307,-614,-753,-684,-425,-39,358,652,771,681,393,-6,-409,-702,-807,-698,-390,40,461,752,843,714,379,-70,-502,-808,-902,-745,-387,73,527,848,944,780,403,-84,-554,-884,-981,-819,-436,66,550,896,1005,843,459,-47,-545,-902,-1018,-858,-475,26,520,881,1008,866,497,3,-486,-847,-983,-858,-508,-29,453,812,952,841,507,40,-429,-778,-917,-807,-490,-40,418,752,879,771,458,27,-413,-743,0,-750,-436,-1,436,751,861,736,416,-19,-459,-784,-893,-759,-415,38,489,817,925,784,441,-27,-501,-849,-974,-840,-484,6,494,857,1007,891,539,47,-468,-868,-1045,-951,-601,-94,444,865,1063,992,659,152,-403,-849,-1080,-1037,-719,-213,347,825,1092,1077,787,298,-271,-776,-1084,-1115,-869,-401,164,692,1044,1128,934,514,-41,-577,-951,-1093,-967,-607,-98,427,832,1024,960,660,210,-280,-697,-929,-922,-693,-304,149,552,806,855,691,366,-39,-420,-684,-780,-681,-422,-71,288,568,702,671,483,187,-143,-427,-609,-652,-552,-337,-56,226,446,569,578,480,301,87,-115,-271,-360,-376,0,0,0,0,0,343,288,172,0,-198,-383,-513,-551,-480,-311,-64,215,462,614,636,515,272,-41,-363,-614,-722,-661,-439,-97,281,598,781,785,591,246,-180,-583,-858,-927,-768,-409,65,539,895,1044,941,600,99,-446,-898,-1141,-1117,-817,-302,301,840,1177,1238,998,504,-123,-724,-1150,-1302,-1132,-684,-67,572,1073,1313,1224,832,237,-406,-948,-1259,-1257,-936,-388,254,825,1184,1241,985,491,-118,-681,-1067,-1178,-990,-552,24,580,976,1117,973,581,39,-502,-902,-1060,-942,-587,-91,421,823,1005,915,596,130,-368,-759,-946,-891,-601,-157,309,690,890,853,590,180,-269,-640,-837,-818,-583,-199,231,594,0,779,556,194,-217,-564,-752,-740,-535,-195,193,530,716,705,509,181,-190,-504,-676,-665,-477,-169,178,475,635,618,436,138,-186,-455,-598,-571,-387,-104,202,442,556,518,334,60,-224,-442,-532,-473,-279,-13,251,446,504,417,216,-51,-300,-459,-487,-376,-155,110,338,475,474,333,96,-168,-389,-498,-469,-305,-48,225,435,522,468,280,6,-273,-475,-549,-475,-266,22,308,512,578,483,257,-41,-332,-537,-593,-486,-249,54,346,540,590,482,238,-73,-367,-561,-599,-472,-223,90,381,568,595,460,198,-117,-400,-574,-594,-452,-186,131,420,594,597,441,165,-159,-443,-607,-605,0,0
10577,mtk,MTK 7916,4080933742,rx2-tx1,512,0,0,0,135,168,146,82,-2,-83,-132,-144,-116,-49,29,95,139,141,97,27,-49,-114,-146,-138,-89,-22,52,118,150,141,98,35,-39,-104,-136,-138,-106,-47,15,68,100,104,89,57,11,-25,-49,-58,-55,-43,-32,-17,-6,-1,-4,1,23,53,72,70,62,38,-12,-69,-113,-137,-138,-98,-22,70,149,202,207,157,59,-63,-173,-249,-271,-227,-115,34,176,284,325,284,168,-1,-175,-313,-380,-350,-223,-38,162,322,408,393,273,87,-125,-311,-421,-420,-311,-128,95,304,426,433,328,140,-87,-297,-431,-453,-355,-160,80,301,440,459,363,168,-82,-312,-457,-481,-379,0,96,342,504,526,413,182,-107,-374,-551,-592,-473,-223,91,397,610,665,553,301,-44,-390,-645,-744,-657,-396,-21,358,651,797,745,496,117,-296,-642,-829,-808,-597,-226,221,609,845,869,679,318,-135,-562,-845,-919,-771,-426,33,490,818,957,854,527,73,-388,-760,-948,-896,-619,-196,275,681,903,904,688,310,-144,-564,-837,-900,-749,-408,31,447,753,866,766,481,79,-335,-660,-819,-768,-528,-165,230,563,753,755,568,250,-122,-458,-679,-740,-621,-357,-13,331,594,711,667,468,165,-160,-446,-624,-665,-569,-357,-72,219,459,593,609,516,337,111,-110,-287,-393,-425,-390,0,0,0,0,0,-121,-213,-275,-296,-266,-181,-51,97,241,352,396,358,249,80,-117,-297,-423,-450,-380,-218,4,236,421,510,479,336,104,-170,-410,-556,-578,-464,-223,83,378,597,682,598,364,34,-324,-617,-764,-731,-518,-166,237,595,824,855,682,338,-100,-526,-836,-946,-832,-521,-65,413,794,992,944,665,230,-260,-703,-976,-997,-785,-379,131,606,925,1023,874,500,-1,-491,-856,-1008,-908,-582,-110,395,792,988,945,666,211,-297,-725,-962,-961,-721,-295,214,659,936,982,776,376,-123,-591,-899,-982,-822,-450,35,513,862,985,866,524,48,-437,-803,-963,-888,-593,-144,346,742,934,893,0,176,-294,-688,-913,-897,-639,-222,242,647,890,904,677,275,-198,-622,-885,-922,-712,-319,157,595,872,927,751,371,-110,-560,-867,-953,-797,-429,50,511,852,970,841,499,28,-451,-815,-967,-876,-568,-110,374,763,955,899,621,194,-289,-683,-897,-886,-650,-250,201,590,824,846,647,286,-137,-512,-745,-789,-634,-314,74,433,674,727,594,317,-32,-368,-601,-669,-564,-319,-1,308,531,610,528,316,23,-266,-471,-550,-487,-301,-43,217,410,491,441,288,64,-174,-355,-432,-402,-272,-76,129,289,365,342,240,81,-97,-240,-308,-294,-205,-69,74,193,255,244,171,59,-62,-162,0,0,0,0,0,-105,-16,73,133,153,122,60,-12,-83,-132,-137,-102,-38,35,101,140,135,90,17,-56,-116,-149,-143,-98,-28,44,106,146,143,104,38,-31,-88,-123,-121,-94,-50,-1,42,75,90,77,47,23,0,-18,-28,-30,-31,-29,-37,-39,-38,-36,-21,18,62,93,110,101,64,6,-66,-134,-174,-172,-123,-39,57,157,229,243,189,84,-43,-176,-274,-308,-260,-144,14,181,307,362,319,193,21,-166,-319,-393,-367,-254,-64,148,322,416,409,297,106,-120,-315,-422,-426,-326,-135,96,303,429,446,345,148,-90,-298,-430,-452,-353,-155,76,295,447,470,363,161,-87,-321,0,-503,-391,-168,103,349,514,545,429,199,-100,-390,-582,-623,-501,-253,76,400,629,706,607,344,-12,-380,-656,-769,-692,-438,-69,326,649,810,773,546,168,-251,-620,-840,-849,-639,-266,180,588,853,902,724,364,-88,-525,-838,-940,-805,-470,-25,434,791,948,869,580,141,-335,-724,-934,-907,-661,-254,219,630,878,913,722,358,-84,-503,-796,-887,-756,-439,-20,400,712,838,754,494,113,-292,-613,-781,-762,-553,-211,176,509,720,753,599,304,-59,-401,-643,-730,-644,-410,-87,249,525,675,669,517,260,-50,-348,-562,-648,-603,-444,-206,63,307,476,549,523,413,254,86,-72,0,0,0,0,0,190,137,56,-56,-178,-285,-352,-351,-284,-162,9,188,333,415,416,323,152,-61,-273,-429,-487,-431,-273,-49,201,410,529,524,390,160,-121,-396,-582,-624,-519,-279,42,364,618,732,660,423,86,-290,-618,-808,-804,-612,-262,170,569,832,912,775,439,-12,-466,-817,-981,-901,-596,-153,336,750,982,979,732,296,-200,-647,-946,-1017,-833,-441,63,545,900,1028,893,543,56,-440,-830,-1011,-929,-617,-157,345,755,970,949,694,254,-252,-695,-960,-977,-742,-324,167,627,926,980,794,412,-80,-559,-889,-987,-841,-487,-9,471,826,970,870,546,87,-385,-761,-948,-886,-597,-163,312,0,925,891,636,214,-260,-661,-899,-907,-673,-263,211,629,885,904,688,297,-175,-610,-880,-917,-726,-348,128,578,872,936,761,389,-86,-543,-859,-965,-826,-468,10,483,831,971,869,540,65,-418,-790,-962,-892,-592,-146,330,725,929,892,631,213,-247,-636,-869,-875,-655,-276,165,551,785,823,648,305,-104,-469,-711,-761,-610,-316,51,400,630,690,575,315,-22,-344,-565,-634,-537,-306,-6,286,500,580,506,303,35,-238,-445,-521,-464,-293,-56,191,382,465,424,277,67,-151,-323,-405,-374,-247,-72,117,271,347,329,229,74,-87,-210,-277,-267,-186,-70,59,171,229,218,152,0,0
10578,mtk,MTK 7916,4080963934,rx0-tx0,512,-172,-429,-514,-774,-882,-940,-943,-899,-807,-669,-492,-297,-86,143,370,567,726,848,931,959,930,859,729,547,353,121,-116,-338,-558,-747,-895,-985,-1019,-995,-889,-745,-557,-334,-88,162,414,636,814,941,1007,1013,950,833,668,458,234,-10,-249,-464,-642,-782,-876,-919,-905,-839,-719,-547,-364,-157,63,267,446,598,713,776,794,756,682,570,421,263,94,-91,-256,-384,-498,-571,-607,-608,-570,-505,-408,-294,-176,-43,80,196,293,369,418,429,426,398,342,276,193,104,22,-51,-120,-174,-212,-226,-236,-231,-211,-188,-146,-123,-90,-62,-37,-17,9,28,42,58,81,98,126,146,144,141,-588,133,119,97,67,32,-10,-43,-82,-116,-129,-150,-157,-160,-153,-139,-127,-112,-93,-60,-26,-2,19,43,72,94,124,157,181,193,205,204,205,188,158,120,68,2,-72,-157,-233,-302,-360,-398,-420,-422,-376,-315,-227,-102,37,186,318,449,555,629,660,649,579,462,310,144,-48,-254,-435,-601,-707,-786,-805,-751,-657,-503,-311,-101,125,332,520,678,771,814,811,747,620,462,260,56,-157,-365,-530,-660,-736,-764,-744,-661,-528,-374,-193,3,188,362,505,601,655,658,616,528,389,241,71,-99,-252,-399,-503,-555,-562,-518,-426,-290,-121,45,195,319,390,402,355,265,61,-103,765,24,72,9,-100,-217,-313,-378,-392,-347,-260,-133,19,172,310,421,493,512,485,410,295,161,8,-148,-293,-420,-509,-563,-561,-519,-432,-315,-174,-11,156,305,432,529,577,584,542,469,358,214,65,-89,-234,-356,-452,-501,-519,-490,-442,-348,-232,-107,7,117,207,284,332,356,353,330,288,225,162,91,27,-37,-90,-125,-147,-171,-172,-166,-161,-141,-118,-98,-79,-57,-37,-29,-24,-7,0,10,23,37,49,64,95,124,149,175,190,197,190,169,161,110,44,-25,-102,-174,-251,-309,-352,-374,-386,-369,-325,-256,-162,-58,62,189,315,424,508,570,590,571,511,424,298,143,-291,-184,-356,-507,-632,-721,-753,-749,-694,-588,-444,-270,-60,148,358,544,701,810,868,878,831,734,583,409,205,-21,-245,-448,-634,-782,-896,-958,-963,-914,-811,-659,-468,-245,3,261,506,734,920,1052,1131,1154,1092,959,777,532,259,-44,-349,-647,-905,-1116,-1264,-1326,-1322,-1228,-1065,-835,-520,-171,177,513,846,1122,1315,1437,1469,1407,1258,1030,728,381,15,-375,-731,-1042,-1280,-1432,-1519,-1480,-1347,-1146,-860,-531,-170,203,555,873,1119,1298,1385,1394,1314,1164,928,646,319,-12,-326,-616,-877,-1063,-1181,-1233,-1204,-1100,-937,-728,-484,-215,61,326,558,758,908,1008,1058,1033,953,823,646,439,-74,-57,126,-308,-146,-580,-377,-158,71,294,503,681,809,893,935,937,872,761,615,435,224,-9,-236,-448,-647,-802,-913,-983,-979,-929,-831,-674,-471,-240,2,255,496,697,863,973,1022,1020,950,812,630,406,164,-92,-341,-560,-747,-878,-958,-981,-945,-843,-701,-518,-311,-87,142,356,551,697,794,863,868,813,711,570,399,212,12,-180,-350,-495,-606,-671,-710,-697,-627,-535,-422,-277,-134,17,156,285,394,465,508,521,501,457,382,294,194,87,-15,-122,-202,-268,-314,-341,-340,-322,-283,-236,-180,-124,-69,-9,37,83,114,125,135,139,138,137,137,128,125,124,109,98,82,53,20,1,321,-82,-109,-137,-157,-174,-174,-165,-154,-124,-99,-69,-32,0,36,55,78,100,122,143,151,149,150,151,141,128,116,99,70,31,-11,-56,-98,-155,-202,-243,-282,-301,-312,-300,-268,-217,-147,-60,31,149,267,367,465,528,555,535,481,400,278,130,-35,-206,-381,-532,-648,-714,-752,-721,-642,-501,-322,-130,91,294,483,654,765,826,823,761,654,490,285,78,-133,-347,-523,-665,-755,-792,-788,-712,-584,-420,-228,-27,173,365,516,633,708,720,681,596,467,309,138,-44,-214,-374,-496,-575,-618,-598,-541,-445,-296,-136,32,195,338,447,501,494,439,331,188,35,-106,-209,-473,-481,-436,118,117,-276,-286,-245,-164,-44,97,238,353,434,466,440,373,266,125,-30,-183,-321,-434,-513,-550,-534,-471,-368,-239,-88,77,234,379,486,563,587,568,501,407,271,113,-52,-204,-340,-455,-535,-563,-555,-502,-420,-299,-159,-18,114,230,337,407,444,444,412,353,278,188,95,-3,-85,-158,-211,-236,-256,-255,-246,-223,-187,-155,-106,-59,-24,9,46,69,83,89,94,90,87,98,99,90,94,99,102,98,97,93,79,61,38,-7,-56,-112,-147,-191,-244,-269,-284,-284,-276,-243,-182,-101,-14,78,184,282,365,428,469,493,478,426,337,232,98,-54,-209,-353,-476,-581,-645,374,-667,-605,-505,-376,-207,-17,172,362,528,663,774,824,821,770,663,511,317,115,-102,-313,-513,-677,-806,-895,-927,-899,-821,-694,-526,-327,-100,134,358,570,756,903,1001,1048,1030,954,817,620,386,129,-153,-444,-694,-920,-1090,-1203,-1241,-1209,-1102,-914,-671,-373,-60,260,587,870,1124,1309,1397,1396,1330,1183,931,630,286,-82,-446,-787,-1085,-1315,-1448,-1500,-1458,-1321,-1100,-800,-462,-91,300,647,967,1222,1385,1471,1451,1346,1154,897,583,240,-111,-451,-753,-1010,-1193,-1301,-1316,-1262,-1132,-937,-677,-403,-104,196,475,716,910,1046,1128,1134,1070,950,779,565,330,78,-179,-405,-614,-781,-901,43,85
10579,mtk,MTK 7916,4080963934,rx0-tx1,512,379,-206,-24,20,239,453,648,802,917,980,973,922,812,642,433,197,-58,-312,-553,-767,-935,-1055,-1107,-1088,-1012,-869,-667,-432,-159,127,407,665,886,1056,1154,1193,1165,1057,888,662,393,108,-200,-486,-739,-953,-1111,-1214,-1233,-1174,-1060,-866,-632,-358,-59,239,521,769,974,1125,1203,1208,1157,1031,846,609,338,48,-237,-506,-747,-946,-1088,-1157,-1158,-1097,-981,-803,-577,-326,-65,213,468,692,873,1000,1078,1087,1036,928,764,561,332,88,-160,-402,-609,-782,-909,-981,-1003,-962,-875,-742,-567,-365,-140,94,313,519,689,824,915,949,933,861,747,594,401,186,-35,-249,-464,-647,-789,-895,-952,-949,-430,-791,-627,-429,-204,39,267,491,682,841,951,1000,979,905,781,598,384,139,-118,-363,-587,-778,-914,-994,-1009,-956,-849,-693,-482,-240,8,252,487,678,824,918,956,929,836,695,514,307,88,-132,-343,-533,-674,-774,-824,-812,-758,-656,-514,-349,-164,11,195,358,482,580,638,659,634,573,488,375,246,112,-31,-165,-285,-387,-457,-503,-517,-501,-449,-381,-294,-188,-77,30,136,231,308,364,394,406,395,355,297,222,135,48,-37,-113,-192,-253,-295,-323,-334,-309,-272,-227,-159,-88,-14,66,141,202,248,276,283,268,233,177,104,24,-57,-130,-187,-222,-223,-201,-151,-94,-591,-511,481,-344,-107,31,138,249,334,375,373,320,230,107,-31,-167,-284,-380,-445,-470,-456,-409,-328,-220,-102,33,163,287,395,475,527,537,515,456,365,249,114,-35,-188,-343,-468,-567,-638,-667,-654,-591,-483,-354,-183,1,186,375,546,678,768,818,804,729,615,448,251,21,-211,-431,-626,-774,-872,-913,-890,-808,-664,-483,-268,-36,210,434,618,765,865,898,876,790,657,482,279,65,-157,-358,-533,-669,-758,-792,-777,-721,-621,-479,-316,-137,38,215,365,500,592,643,659,634,578,489,374,238,95,-47,-186,-307,-402,-471,-519,-535,-521,-486,-424,-337,-245,-134,-18,93,195,295,373,430,230,475,467,430,371,293,196,88,-17,-128,-227,-317,-395,-453,-485,-484,-457,-408,-334,-240,-133,-20,98,194,291,364,424,455,455,438,390,326,248,157,65,-34,-123,-209,-281,-337,-378,-392,-389,-370,-334,-285,-230,-158,-84,-9,65,131,201,264,316,362,386,386,379,355,308,256,175,90,-7,-100,-199,-296,-374,-437,-484,-501,-496,-466,-401,-312,-202,-83,44,180,301,404,498,557,585,591,560,497,404,289,148,5,-149,-289,-408,-514,-598,-647,-655,-634,-578,-486,-366,-229,-74,92,254,401,534,634,703,738,730,677,591,463,310,139,-50,-240,-417,-580,-707,-793,-834,-831,-433,-531,11,596,640,921,888,816,689,519,317,79,-164,-394,-614,-798,-938,-1026,-1054,-1015,-916,-758,-551,-307,-39,226,484,727,917,1053,1139,1154,1096,968,783,546,270,-14,-312,-585,-826,-1022,-1148,-1217,-1212,-1124,-976,-767,-513,-227,79,364,638,882,1059,1180,1229,1206,1114,954,741,485,199,-92,-382,-655,-876,-1049,-1159,-1201,-1168,-1077,-925,-716,-466,-190,85,354,607,829,990,1086,1129,1109,1018,871,672,446,199,-59,-306,-541,-743,-902,-1002,-1048,-1036,-959,-830,-662,-457,-232,10,243,455,645,798,903,965,960,909,809,661,484,273,54,-171,-388,-578,-743,-858,-923,-938,-910,-834,-695,-520,-320,-96,131,-1099,568,737,869,958,982,946,861,713,526,300,55,-191,-419,-638,-814,-934,-1004,-1003,-942,-824,-653,-438,-202,57,309,532,723,876,964,991,958,859,699,508,282,43,-202,-421,-611,-761,-855,-893,-873,-799,-677,-512,-328,-120,82,268,441,581,681,725,730,701,617,503,366,205,44,-118,-258,-379,-481,-545,-580,-581,-539,-477,-385,-278,-158,-31,101,214,306,383,432,453,449,419,369,295,204,110,12,-83,-171,-240,-302,-343,-357,-350,-329,-291,-227,-158,-84,2,87,152,215,264,289,304,292,258,206,150,80,0,-79,-151,-211,-253,-266,-256,-218,-161,-86,-7,65,121,150,170,348,-407,-438,-546,275,273,221,123,2,-129,-253,-353,-417,-435,-412,-351,-261,-142,-7,125,250,358,439,490,505,478,422,337,229,96,-44,-185,-322,-436,-519,-572,-592,-585,-524,-424,-296,-147,18,187,356,499,618,705,735,725,667,559,406,223,17,-205,-402,-576,-728,-832,-880,-859,-786,-655,-479,-262,-25,210,436,632,781,884,924,905,808,664,490,273,40,-191,-406,-586,-729,-820,-862,-840,-760,-637,-481,-298,-97,104,290,456,585,675,720,726,684,606,492,342,186,25,-133,-279,-405,-502,-564,-589,-584,-548,-485,-396,-291,-172,-42,80,196,302,381,445,487,498,480,446,389,306,213,-198,10,-101,-206,-296,-376,-438,-472,-483,-466,-421,-359,-275,-173,-60,54,162,262,350,416,457,476,460,428,371,292,200,92,-12,-118,-222,-302,-365,-403,-422,-418,-398,-359,-299,-226,-141,-56,21,103,175,241,298,343,363,367,359,337,308,256,199,129,49,-29,-100,-187,-259,-329,-386,-420,-438,-436,-415,-364,-292,-207,-103,15,129,244,350,439,503,539,557,537,483,408,307,181,49,-93,-234,-358,-464,-549,-602,-623,-613,-564,-488,-386,-258,-114,35,185,336,467,572,643,689,692,659,587,482,341,190,19,-155,-325,-480,-614,-708,-768,-791,-760,-695,-585,-437,-256,-62,137,302,51
10580,mtk,MTK 7916,4080963934,rx1-tx0,512,-13,315,-401,-476,-469,-442,-378,-287,-188,-68,56,171,280,364,418,444,432,396,336,247,139,22,-91,-195,-297,-372,-419,-443,-434,-392,-330,-241,-142,-29,91,204,311,402,464,495,498,468,408,313,197,66,-76,-216,-357,-463,-539,-595,-610,-583,-519,-414,-288,-127,50,229,397,538,660,734,752,727,652,531,373,186,-22,-244,-444,-613,-749,-826,-867,-842,-756,-620,-439,-235,-12,221,437,623,770,857,896,882,805,672,508,307,95,-128,-337,-521,-670,-784,-852,-861,-817,-741,-610,-456,-270,-62,141,331,514,665,776,845,872,850,780,663,507,311,96,-126,-345,-557,-737,-878,-974,-1013,231,-913,-767,-559,-323,-56,221,497,748,952,1103,1199,1205,1138,987,765,500,188,-147,-477,-783,-1039,-1232,-1349,-1373,-1312,-1160,-921,-614,-276,94,450,790,1073,1294,1429,1470,1416,1258,1019,716,368,-13,-384,-731,-1042,-1279,-1441,-1515,-1476,-1344,-1134,-843,-498,-118,276,654,986,1266,1458,1556,1554,1444,1235,956,593,175,-248,-655,-1011,-1297,-1504,-1599,-1581,-1453,-1208,-881,-496,-77,341,721,1043,1291,1431,1464,1390,1217,963,663,310,-61,-411,-721,-974,-1140,-1218,-1212,-1121,-936,-700,-422,-118,185,468,705,878,981,1006,955,824,626,377,105,-177,-435,-638,-782,-839,-801,-667,-469,-225,33,257,419,484,1477,1397,101,-358,-537,-36,139,331,489,595,620,564,428,225,-4,-239,-453,-629,-744,-794,-773,-682,-528,-331,-100,146,377,584,748,868,916,887,798,657,450,206,-56,-320,-567,-789,-949,-1045,-1070,-1025,-897,-713,-473,-189,121,426,699,940,1121,1223,1250,1191,1034,805,519,190,-158,-512,-822,-1096,-1297,-1405,-1419,-1337,-1157,-891,-560,-194,192,564,914,1207,1405,1514,1516,1407,1205,911,565,169,-235,-623,-965,-1228,-1416,-1501,-1486,-1369,-1161,-874,-539,-174,200,551,855,1113,1280,1376,1375,1281,1113,884,597,279,-56,-374,-661,-917,-1112,-1231,-1265,-1228,-1115,-941,-710,-435,-139,171,447,710,936,1083,1182,1207,1159,1043,-49,637,381,86,-208,-506,-764,-993,-1160,-1249,-1261,-1202,-1070,-868,-602,-307,23,345,655,946,1164,1311,1376,1349,1230,1039,775,452,89,-279,-632,-946,-1181,-1343,-1419,-1395,-1277,-1073,-810,-485,-135,222,553,849,1082,1244,1319,1309,1209,1025,793,505,200,-117,-418,-682,-907,-1059,-1128,-1143,-1077,-945,-765,-534,-288,-35,227,463,665,830,925,973,952,879,761,587,384,162,-61,-286,-475,-639,-768,-834,-838,-812,-730,-599,-430,-238,-35,167,355,528,649,729,763,740,668,549,394,222,39,-145,-311,-456,-565,-632,-660,-627,-556,-457,-331,-177,-20,142,282,404,485,534,552,524,453,359,246,113,487,234,221,1460,1445,-89,34,156,275,357,418,455,453,419,356,261,157,37,-82,-190,-289,-369,-421,-442,-426,-387,-321,-233,-132,-23,98,202,299,375,427,457,457,425,368,277,163,44,-87,-213,-330,-432,-500,-542,-550,-527,-465,-359,-239,-100,58,217,368,498,597,667,690,663,589,472,329,149,-40,-234,-415,-571,-694,-780,-818,-795,-711,-586,-410,-207,10,240,448,635,769,856,892,868,783,651,471,267,50,-180,-401,-586,-731,-834,-882,-876,-813,-703,-555,-374,-169,53,250,436,595,717,808,847,832,786,692,550,379,187,-18,-228,-423,-607,-754,-861,-921,-928,-888,-785,-627,-436,-215,33,-568,518,739,913,1039,1106,1106,1035,882,665,416,122,-186,-485,-768,-1000,-1174,-1283,-1292,-1224,-1077,-850,-562,-228,119,466,790,1070,1270,1396,1434,1372,1220,978,675,313,-61,-434,-777,-1069,-1297,-1445,-1492,-1439,-1301,-1076,-772,-431,-51,332,690,1010,1271,1447,1528,1511,1393,1193,912,560,166,-240,-639,-984,-1274,-1494,-1599,-1594,-1481,-1252,-946,-570,-151,268,679,1043,1316,1495,1567,1517,1355,1106,779,397,-2,-393,-743,-1022,-1227,-1340,-1339,-1248,-1078,-835,-530,-207,119,434,708,912,1056,1110,1082,970,787,553,286,2,-278,-533,-737,-869,-926,-901,-789,-606,-370,-99,180,417,593,687,679,577,398,190,-183,528,-164,499,283,434,464,410,279,92,-130,-350,-543,-666,-721,-699,-607,-445,-236,-1,235,458,640,772,848,848,781,650,474,256,2,-251,-482,-696,-862,-959,-989,-951,-852,-682,-450,-187,92,373,636,862,1038,1137,1165,1096,964,752,489,186,-129,-462,-769,-1024,-1209,-1319,-1343,-1266,-1097,-862,-550,-205,172,538,876,1145,1347,1457,1482,1384,1209,919,574,188,-217,-609,-963,-1244,-1432,-1528,-1516,-1404,-1181,-890,-542,-158,227,596,921,1183,1361,1448,1432,1315,1130,871,559,222,-138,-468,-766,-1016,-1200,-1301,-1315,-1242,-1109,-909,-650,-351,-38,266,559,806,1012,1150,1223,1208,1125,991,785,533,260,-42,-333,-609,425,-1030,-1154,-1213,-1203,-1122,-968,-762,-501,-201,111,420,710,966,1159,1282,1324,1277,1168,969,700,392,45,-312,-652,-940,-1182,-1343,-1419,-1394,-1285,-1075,-799,-479,-120,249,602,905,1147,1313,1384,1364,1252,1060,796,490,160,-175,-495,-772,-993,-1152,-1230,-1232,-1146,-995,-783,-521,-243,43,331,578,789,937,1021,1052,1021,919,767,565,338,100,-142,-360,-564,-727,-833,-888,-901,-851,-742,-602,-417,-203,7,212,413,576,703,776,805,778,706,584,420,245,47,-146,-329,-485,-604,-675,-709,-684,-615,-510,-368,-212,-34,143,294,422,526,582,600,573,506,402,273,140,-4,-152,-278,-376,-456,-501,418,587
10581,mtk,MTK 7916,4080963934,rx1-tx1,512,0,0,0,70,166,222,217,147,43,-78,-181,-235,-223,-154,-40,88,194,245,225,145,25,-104,-207,-249,-216,-120,10,136,226,254,202,83,-58,-175,-245,-243,-164,-37,100,213,262,231,129,-19,-164,-259,-287,-224,-96,69,225,323,324,229,64,-123,-286,-360,-333,-215,-33,173,335,408,368,220,8,-216,-387,-447,-383,-218,8,242,410,461,393,220,-19,-244,-409,-468,-391,-216,13,253,418,461,388,216,-14,-235,-387,-445,-383,-221,-6,205,351,408,362,220,25,-162,-297,-355,-328,-230,-73,97,229,302,296,220,109,-17,-136,-212,-232,-208,-137,-39,50,118,160,172,150,97,0,-41,-92,-127,-141,-125,-85,-31,23,77,120,148,146,104,35,-41,-117,-167,-166,-136,-79,7,92,157,177,145,79,-10,-101,-155,-170,-144,-60,37,119,172,170,107,10,-95,-175,-207,-183,-89,40,168,260,274,203,73,-90,-244,-354,-367,-265,-85,124,323,449,461,346,126,-131,-371,-542,-567,-433,-195,101,389,580,632,523,276,-48,-365,-594,-670,-571,-335,-20,301,551,653,591,388,85,-238,-485,-607,-570,-387,-116,179,420,538,521,378,137,-132,-360,-484,-477,-351,-141,101,313,436,444,342,158,-55,-249,-384,-425,-368,-229,-45,137,284,363,363,294,177,52,-56,0,0,0,0,0,44,103,162,197,193,147,62,-53,-166,-251,-288,-267,-184,-50,106,258,355,356,270,124,-63,-247,-376,-414,-347,-183,31,242,405,473,412,240,-4,-255,-439,-516,-465,-282,-19,256,476,569,514,321,37,-260,-500,-606,-559,-367,-63,258,509,628,583,380,72,-253,-509,-628,-576,-371,-65,252,498,602,535,325,29,-286,-512,-583,-494,-264,40,334,535,583,467,218,-95,-388,-568,-585,-439,-173,140,414,578,584,419,142,-171,-442,-584,-556,-375,-95,214,457,578,536,338,46,-248,-471,-567,-493,-285,-1,283,482,542,450,226,-59,-327,-493,-516,-400,-172,118,376,522,512,0,116,-175,-407,-522,-487,-310,-38,236,448,541,477,273,-13,-302,-494,-546,-450,-228,68,345,524,558,445,209,-96,-369,-537,-559,-415,-162,129,378,525,528,383,131,-156,-389,-516,-502,-352,-115,159,389,488,447,298,65,-180,-363,-446,-403,-254,-40,183,352,406,341,197,5,-176,-302,-345,-285,-154,2,159,262,282,223,108,-34,-157,-215,-208,-155,-52,61,146,182,162,97,9,-77,-131,-144,-118,-65,2,61,94,98,75,31,-13,-47,-65,-66,-48,-16,5,16,21,20,12,7,11,21,30,38,29,3,-31,-66,-88,-87,-64,-16,43,99,137,135,100,32,-59,0,0,0,0,0,-206,-140,-37,76,177,236,226,152,39,-88,-185,-241,-236,-154,-28,104,207,247,222,139,10,-120,-208,-241,-204,-108,20,149,231,238,174,57,-80,-200,-259,-238,-146,-3,140,243,282,230,104,-48,-196,-290,-302,-227,-74,105,255,334,323,227,49,-152,-306,-385,-360,-225,-15,198,356,421,369,217,-2,-226,-394,-458,-393,-220,9,241,409,467,399,216,-24,-243,-401,-458,-389,-210,23,246,399,449,386,220,-2,-219,-375,-425,-371,-220,-21,181,327,386,349,227,54,-125,-270,-331,-307,-222,-93,58,184,254,265,214,112,4,-91,-166,-199,-188,-144,-74,12,81,127,0,148,113,65,4,-56,-100,-135,-146,-127,-80,-17,54,122,163,155,113,56,-22,-107,-157,-167,-144,-89,2,96,162,184,146,74,-11,-98,-158,-169,-128,-45,54,140,183,173,106,-9,-131,-213,-242,-196,-85,64,207,306,323,244,81,-121,-293,-396,-409,-308,-110,131,351,493,516,396,164,-126,-392,-566,-598,-478,-229,76,377,595,655,553,318,-4,-337,-578,-668,-592,-369,-53,273,528,641,591,388,99,-204,-451,-578,-557,-388,-123,160,392,518,503,365,139,-118,-340,-465,-460,-343,-147,84,287,411,434,352,187,-16,-210,-348,-405,-374,-272,-121,46,185,273,300,272,0,0,0,0,0,-128,-114,-69,2,86,174,236,253,212,120,-5,-139,-255,-326,-318,-230,-83,94,250,362,384,310,151,-49,-245,-397,-450,-382,-215,18,250,425,499,439,263,11,-259,-457,-542,-491,-309,-36,256,486,591,541,345,51,-265,-514,-628,-584,-383,-75,254,509,622,573,375,68,-259,-508,-621,-559,-347,-51,260,491,588,516,293,-14,-308,-519,-583,-482,-242,67,359,549,579,445,192,-126,-407,-578,-589,-431,-152,163,428,577,569,398,115,-202,-456,-574,-537,-356,-76,226,461,570,518,309,21,-268,-484,-558,-468,-249,36,312,493,529,425,199,-87,-343,-503,-515,-379,-134,143,0,520,495,327,70,-207,-426,-530,-489,-295,-15,265,473,548,469,253,-37,-319,-507,-552,-451,-218,80,355,529,553,427,184,-111,-375,-536,-549,-402,-152,138,387,517,513,373,123,-152,-380,-500,-471,-313,-79,170,381,476,437,283,50,-184,-349,-427,-385,-232,-26,174,311,363,312,175,-2,-172,-279,-303,-248,-118,36,162,235,248,188,71,-50,-150,-201,-189,-124,-24,71,141,162,131,69,-4,-76,-119,-127,-102,-46,20,68,90,89,66,29,-10,-32,-47,-48,-39,-25,-19,-14,-11,-14,-19,-7,15,38,57,64,45,5,-37,-72,-102,-110,-84,-16,64,123,155,149,0,0
10582,mtk,MTK 7916,4080963934,rx2-tx0,512,0,0,0,-197,-479,-626,-596,-390,-59,295,568,677,587,326,-37,-394,-637,-701,-563,-257,131,488,705,711,513,168,-229,-566,-743,-705,-457,-66,341,646,767,662,357,-59,-462,-726,-773,-596,-240,193,573,783,762,509,102,-336,-678,-828,-734,-415,32,475,785,860,678,292,-189,-618,-870,-875,-619,-165,339,747,945,864,528,37,-471,-850,-985,-833,-444,83,595,928,996,779,335,-216,-700,-983,-991,-711,-226,329,786,1011,945,616,109,-431,-842,-1010,-882,-498,18,523,880,983,798,383,-137,-608,-900,-935,-697,-257,256,682,904,862,567,113,-367,-733,-881,-774,-440,27,483,786,857,675,0,-180,-592,-836,-833,-579,-148,331,713,885,797,472,5,-471,-815,-920,-756,-366,138,609,914,960,728,276,-255,-722,-998,-991,-695,-194,367,831,1063,997,646,107,-468,-915,-1110,-995,-591,-17,567,997,1146,971,525,-73,-654,-1055,-1167,-953,-462,158,729,1100,1171,918,406,-222,-791,-1138,-1173,-882,-352,269,812,1134,1149,852,324,-275,-791,-1096,-1099,-802,-295,278,765,1035,1023,735,257,-279,-717,-949,-927,-656,-213,272,664,866,836,587,182,-255,-609,-794,-764,-535,-168,226,544,715,696,494,171,-185,-484,-655,-654,-495,-228,87,374,562,616,530,339,97,-145,-341,-449,-461,-391,-264,0,0,0,0,0,-137,-280,-388,-433,-393,-264,-65,166,377,518,544,443,232,-43,-321,-534,-618,-544,-327,-18,309,573,692,627,391,39,-338,-634,-768,-708,-455,-60,371,715,880,810,515,70,-415,-803,-989,-916,-592,-87,451,881,1086,1004,647,105,-474,-939,-1161,-1077,-701,-122,491,976,1213,1125,722,134,-496,-997,-1227,-1127,-731,-123,509,996,1214,1102,692,99,-517,-989,-1182,-1047,-631,-46,546,975,1125,964,542,-15,-565,-952,-1060,-878,-456,91,598,930,997,780,347,-173,-636,-915,-934,-685,-239,261,677,892,857,579,141,-333,-698,-859,-780,-480,-49,390,712,825,699,377,-49,-459,-724,-775,-607,0,149,511,721,722,515,164,-229,-554,-714,-662,-416,-58,309,582,684,586,318,-39,-382,-609,-653,-508,-218,124,426,601,592,410,117,-206,-467,-581,-517,-305,-11,278,485,542,433,199,-91,-344,-485,-480,-331,-79,188,389,467,404,217,-33,-274,-424,-434,-311,-94,152,345,432,382,212,-25,-256,-405,-429,-321,-103,149,347,445,406,241,0,-247,-419,-461,-364,-159,102,333,465,454,301,62,-197,-405,-486,-419,-225,38,292,462,490,368,136,-138,-369,-489,-465,-304,-44,233,438,507,428,221,-55,-324,-495,-512,-379,-129,162,408,536,503,318,34,-262,-484,-567,-478,-242,66,0,0,0,0,0,598,412,103,-237,-518,-655,-594,-358,-11,349,610,697,582,300,-78,-438,-673,-714,-547,-214,183,527,717,705,481,116,-287,-610,-757,-682,-401,0,401,689,780,636,300,-128,-519,-757,-772,-556,-176,260,621,804,750,466,38,-410,-736,-843,-708,-360,106,546,828,871,654,240,-254,-682,-912,-874,-572,-104,400,795,965,850,487,-24,-534,-897,-997,-810,-387,152,647,957,999,751,278,-271,-741,-1003,-972,-659,-162,381,820,1016,918,560,46,-483,-868,-997,-842,-447,72,566,897,965,750,315,-199,-645,-905,-896,-627,-184,309,708,898,821,499,39,-421,-760,-873,-727,-365,104,540,0,840,624,215,-256,-655,-863,-811,-519,-76,398,760,902,777,421,-63,-539,-862,-944,-750,-333,188,667,961,978,714,238,-322,-784,-1024,-990,-671,-147,424,879,1087,995,624,64,-521,-964,-1131,-981,-553,34,608,1023,1154,953,494,-110,-696,-1085,-1170,-932,-430,194,762,1123,1174,904,387,-247,-805,-1137,-1162,-871,-342,275,808,1117,1130,837,320,-275,-784,-1071,-1062,-767,-277,275,743,996,972,695,238,-270,-691,-908,-879,-621,-198,263,638,831,796,550,170,-245,-581,-758,-725,-502,-158,212,518,686,679,497,195,-145,-437,-613,-639,-515,-280,9,281,473,559,528,394,205,4,-166,-276,0,0,0,0,0,308,251,131,-47,-239,-406,-496,-481,-361,-154,103,353,529,586,500,286,-13,-316,-548,-653,-586,-360,-31,319,602,733,668,426,56,-352,-675,-820,-758,-489,-66,392,762,933,861,554,80,-437,-848,-1040,-957,-618,-102,459,908,1128,1050,675,114,-481,-957,-1188,-1099,-718,-143,480,988,1224,1122,719,128,-500,-1001,-1227,-1112,-698,-113,506,989,1202,1086,673,77,-531,-980,-1156,-1008,-585,-14,548,958,1096,922,498,-55,-583,-943,-1029,-827,-398,136,619,920,962,730,301,-207,-646,-896,-889,-629,-192,293,685,878,814,522,94,-357,-704,-849,-740,-424,7,424,713,794,650,319,-100,-482,0,-751,-566,-215,195,538,716,690,467,111,-275,-575,-704,-632,-375,-12,342,588,668,554,280,-76,-404,-605,-628,-464,-166,170,449,594,562,362,63,-245,-478,-563,-477,-253,36,311,485,509,382,141,-140,-373,-482,-445,-275,-22,232,409,454,360,159,-90,-302,-417,-406,-263,-31,207,378,433,352,159,-82,-305,-434,-421,-273,-45,193,377,451,388,200,-50,-292,-444,-459,-337,-110,156,374,477,439,270,16,-248,-434,-489,-396,-183,89,336,480,484,340,88,-187,-404,-501,-447,-266,1,276,468,517,408,174,-112,-369,-517,-510,-348,-80,216,450,551,488,276,-23,-318,-523,-574,0,0
10583,mtk,MTK 7916,4080963934,rx2-tx1,512,0,0,0,158,159,112,26,-68,-138,-169,-147,-72,23,110,159,168,124,38,-59,-139,-181,-171,-114,-26,75,150,186,170,107,22,-64,-137,-165,-145,-91,-20,51,104,121,107,77,24,-29,-57,-63,-56,-41,-23,-10,-3,3,7,21,45,60,68,75,57,13,-44,-102,-140,-147,-117,-39,61,150,208,217,166,63,-66,-188,-272,-283,-215,-78,91,244,333,333,244,82,-117,-288,-387,-383,-268,-78,144,328,420,409,281,60,-182,-372,-461,-418,-261,-29,218,407,484,417,231,-19,-261,-437,-490,-402,-191,69,310,469,486,354,125,-144,-377,-500,-478,-312,-47,237,456,546,469,0,-43,-340,-548,-601,-482,-213,133,455,653,673,496,173,-213,-556,-751,-738,-516,-143,287,657,854,811,544,129,-340,-734,-934,-877,-574,-108,398,807,1003,916,582,79,-461,-888,-1074,-967,-588,-41,529,961,1136,1003,597,13,-583,-1022,-1189,-1042,-611,-7,605,1055,1232,1082,631,6,-614,-1072,-1245,-1089,-642,-15,609,1063,1233,1079,648,42,-567,-1018,-1194,-1053,-634,-53,525,959,1130,1002,605,56,-486,-897,-1071,-950,-579,-69,440,825,992,896,573,105,-381,-754,-924,-858,-578,-156,298,661,846,822,600,232,-179,-534,-751,-794,-658,-378,-24,314,571,697,678,533,298,37,-190,-346,-418,0,0,0,0,0,-155,-238,-289,-292,-233,-119,31,193,324,390,377,278,103,-101,-289,-415,-444,-364,-189,35,265,438,499,429,241,-9,-270,-472,-554,-489,-288,-2,296,527,622,557,339,15,-325,-583,-707,-638,-390,-21,358,655,786,716,448,46,-375,-702,-853,-786,-504,-66,388,742,911,844,537,96,-379,-763,-943,-868,-568,-111,380,768,944,864,557,91,-397,-772,-938,-853,-532,-64,421,784,939,832,486,20,-445,-799,-926,-787,-435,35,495,812,904,740,370,-92,-534,-838,-907,-706,-312,159,584,856,895,678,272,-211,-628,-865,-863,-632,-226,255,651,860,840,582,155,-314,-689,-867,-797,0,-67,378,730,877,763,433,-7,-453,-776,-879,-722,-355,107,542,819,869,670,273,-203,-627,-880,-889,-642,-213,277,697,927,897,618,168,-335,-745,-949,-893,-586,-113,392,789,968,876,537,47,-448,-810,-955,-844,-492,-7,467,814,938,801,444,-30,-484,-794,-877,-720,-370,75,494,767,814,638,291,-132,-498,-715,-728,-543,-209,175,494,667,648,446,132,-210,-486,-613,-567,-361,-57,250,474,558,479,268,-7,-273,-454,-496,-398,-196,50,276,412,425,318,126,-91,-272,-368,-357,-244,-63,122,261,322,286,168,11,-142,-245,-271,-225,-115,23,145,217,217,149,43,-68,-154,0,0,0,0,0,-54,39,119,163,155,91,0,-87,-151,-167,-133,-61,39,126,173,172,123,35,-65,-147,-184,-173,-112,-28,65,139,174,159,99,16,-65,-126,-148,-131,-81,-21,34,76,96,93,64,25,-6,-26,-41,-39,-33,-32,-36,-39,-35,-21,2,40,78,102,105,81,26,-47,-119,-176,-186,-139,-49,62,171,244,254,192,66,-83,-219,-305,-312,-234,-80,103,262,355,356,260,78,-134,-310,-406,-391,-271,-66,165,355,449,418,269,45,-197,-392,-472,-422,-253,-10,240,419,476,402,213,-39,-286,-453,-486,-372,-157,107,341,478,478,336,90,-186,-416,-524,-476,-288,-5,283,0,570,477,236,-87,-398,-605,-637,-485,-189,174,502,701,708,513,162,-249,-603,-802,-788,-553,-146,317,697,894,847,561,111,-374,-765,-963,-904,-576,-84,439,847,1033,946,593,59,-494,-919,-1113,-990,-584,-22,559,996,1162,1026,604,6,-599,-1047,-1219,-1063,-613,-2,609,1076,1254,1094,639,12,-613,-1075,-1252,-1088,-639,-29,587,1039,1218,1075,638,41,-558,-994,-1160,-1024,-622,-57,510,931,1106,978,600,79,-453,-855,-1030,-922,-577,-94,407,785,947,872,571,131,-333,-703,-884,-838,-590,-196,242,603,810,814,623,300,-85,-442,-682,-763,-683,-462,-163,145,399,557,596,521,372,189,0,0,0,0,0,188,119,21,-105,-231,-324,-355,-317,-203,-39,142,310,411,417,324,147,-73,-272,-416,-468,-395,-212,32,272,454,524,459,269,5,-275,-495,-586,-519,-313,-15,305,561,667,597,363,21,-346,-625,-744,-665,-407,-41,356,677,823,751,476,68,-370,-722,-889,-817,-526,-96,371,749,926,846,546,98,-381,-770,-946,-869,-557,-97,391,775,951,871,553,86,-403,-783,-941,-841,-513,-47,429,788,931,802,458,-8,-475,-812,-912,-764,-406,67,516,826,901,727,363,-109,-555,-845,-891,-696,-305,169,599,860,867,634,242,-224,-636,-870,-860,-610,-187,279,663,859,818,546,118,-343,0,-862,-778,-470,-27,419,742,855,728,392,-57,-492,-795,-873,-698,-314,150,581,861,889,665,254,-229,-653,-899,-888,-629,-188,308,719,936,893,593,130,-370,-772,-961,-886,-571,-91,413,798,957,853,515,39,-452,-811,-942,-818,-466,13,474,802,904,751,399,-53,-489,-782,-851,-683,-329,109,500,737,772,591,248,-154,-500,-696,-688,-497,-171,193,493,640,606,402,89,-238,-482,-582,-511,-303,-21,256,454,513,430,230,-32,-273,-432,-463,-358,-159,78,283,393,390,278,89,-110,-271,-352,-325,-208,-43,128,252,299,259,145,-5,-142,-231,-246,-187,-73,50,152,204,187,122,0,0
10584,mtk,MTK 7916,4081000744,rx0-tx0,512,-172,13,-252,879,821,708,549,347,134,-85,-308,-503,-662,-786,-853,-868,-830,-731,-583,-398,-175,49,282,498,681,816,896,915,868,755,601,398,156,-102,-347,-570,-756,-873,-943,-945,-869,-728,-535,-294,-46,210,442,644,797,881,898,856,763,596,399,177,-51,-276,-486,-640,-737,-783,-779,-708,-597,-445,-264,-76,120,304,453,558,626,643,609,529,431,305,150,2,-134,-266,-373,-438,-478,-474,-437,-385,-301,-194,-86,26,131,213,279,326,336,321,275,214,144,63,0,-59,-107,-149,-165,-162,-143,-121,-79,-50,-18,7,11,17,3,-11,-31,-50,-46,-51,-43,-24,0,41,85,115,-588,163,162,154,129,92,41,-8,-65,-116,-153,-185,-203,-202,-187,-176,-133,-83,-43,8,49,91,130,157,180,196,204,187,170,151,125,87,37,-6,-67,-137,-187,-235,-279,-316,-339,-317,-281,-227,-136,-36,84,214,335,436,512,555,542,490,394,252,80,-106,-285,-455,-596,-690,-739,-715,-626,-472,-282,-63,155,373,558,705,788,798,742,627,445,234,17,-212,-427,-590,-706,-769,-748,-674,-552,-386,-193,11,217,395,530,619,661,644,576,462,303,134,-46,-210,-352,-473,-537,-558,-537,-470,-353,-214,-60,99,243,364,449,480,462,390,271,128,-26,-167,-269,-323,-320,-265,699,527,765,-397,-450,208,213,182,106,4,-110,-219,-306,-361,-360,-316,-242,-127,1,135,263,358,425,446,425,357,254,124,-16,-158,-287,-388,-454,-487,-464,-406,-313,-183,-45,99,240,348,433,480,477,442,362,261,138,-2,-137,-249,-341,-403,-425,-415,-367,-285,-192,-92,18,107,191,252,272,289,277,247,208,142,83,31,-16,-61,-94,-120,-138,-141,-142,-138,-119,-108,-92,-80,-58,-37,-31,-13,2,19,54,76,93,120,151,168,187,188,189,171,137,83,16,-52,-126,-201,-269,-331,-367,-379,-362,-305,-228,-126,3,128,260,371,464,530,554,531,460,366,226,55,-115,-284,-437,-566,-291,-681,-663,-597,-479,-331,-151,50,251,429,587,705,769,772,706,605,452,262,49,-177,-374,-558,-700,-776,-808,-788,-701,-569,-405,-219,-16,193,394,560,697,779,826,820,748,633,476,287,66,-171,-385,-592,-763,-888,-950,-957,-886,-765,-585,-355,-96,170,436,679,874,1022,1086,1094,1025,863,641,363,61,-258,-560,-822,-1049,-1194,-1253,-1216,-1086,-884,-601,-283,65,419,741,1001,1197,1295,1296,1209,1040,772,445,86,-268,-592,-879,-1101,-1237,-1278,-1228,-1081,-854,-574,-248,81,396,689,916,1071,1147,1133,1056,889,665,395,121,-166,-440,-665,-842,-952,-996,-977,-895,-746,-552,-328,-91,149,-32,-194,126,-907,-863,-93,-324,-519,-682,-797,-856,-871,-819,-710,-558,-369,-157,57,276,484,658,795,873,890,853,755,602,408,178,-67,-314,-530,-712,-858,-939,-947,-882,-767,-576,-355,-104,159,407,616,787,896,936,909,811,669,473,237,-13,-250,-470,-652,-774,-843,-848,-797,-683,-516,-324,-120,98,301,467,605,682,713,703,632,519,369,206,31,-142,-293,-406,-503,-554,-559,-532,-465,-360,-243,-120,16,135,241,331,388,406,402,361,301,228,139,40,-49,-137,-192,-239,-248,-238,-215,-185,-135,-72,-13,22,55,71,73,74,54,41,20,2,-7,-9,9,29,44,71,93,111,126,110,90,321,17,-28,-73,-120,-163,-190,-199,-192,-162,-132,-94,-41,21,70,120,164,176,192,199,192,175,143,106,71,31,-16,-62,-99,-139,-174,-207,-222,-237,-250,-232,-193,-152,-96,-29,62,157,235,324,390,423,438,416,357,263,137,-10,-171,-317,-456,-568,-633,-650,-612,-520,-373,-192,14,234,435,605,721,775,767,692,558,379,160,-79,-301,-508,-664,-751,-783,-760,-662,-504,-319,-101,120,318,493,627,695,712,668,568,424,257,64,-125,-294,-441,-545,-598,-608,-557,-476,-342,-187,-26,135,284,405,483,519,504,441,340,203,46,-109,-254,-361,-419,-418,-363,-259,-133,4,116,-525,-738,-436,-266,-140,12,-85,-178,-257,-298,-297,-249,-161,-39,95,210,310,382,404,393,331,233,111,-24,-160,-283,-382,-447,-471,-452,-383,-278,-155,-10,138,270,388,456,485,475,425,341,233,92,-51,-191,-307,-394,-455,-470,-440,-373,-283,-166,-45,77,186,277,333,365,357,324,276,198,123,46,-35,-92,-150,-188,-207,-213,-202,-182,-152,-121,-84,-45,-24,9,33,54,64,76,89,84,91,100,103,115,117,107,104,97,71,41,5,-47,-90,-149,-199,-249,-275,-288,-278,-253,-203,-127,-33,68,175,275,361,435,470,467,426,342,239,104,-43,-205,-347,-475,-576,-621,-613,-567,-481,-359,374,-2,180,363,521,643,718,737,695,605,472,295,96,-119,-316,-495,-653,-758,-809,-787,-708,-598,-421,-218,-10,205,407,573,701,774,803,781,709,588,430,244,47,-169,-376,-559,-714,-824,-888,-879,-818,-703,-534,-325,-88,156,403,615,806,947,1022,1028,956,811,618,372,95,-187,-486,-746,-961,-1106,-1177,-1171,-1062,-885,-644,-342,-12,334,648,922,1130,1252,1292,1234,1074,836,531,189,-166,-501,-818,-1073,-1235,-1307,-1271,-1154,-950,-677,-350,-5,344,658,914,1100,1212,1218,1149,985,752,474,167,-140,-430,-693,-892,-1020,-1068,-1057,-955,-797,-594,-347,-89,168,408,619,782,885,927,909,-474,-421
10585,mtk,MTK 7916,4081000744,rx0-tx1,512,379,23,256,-554,-729,-860,-938,-947,-897,-776,-595,-368,-108,163,437,679,874,1019,1090,1083,996,841,623,352,52,-253,-545,-806,-1009,-1140,-1194,-1158,-1041,-851,-606,-309,13,332,636,896,1092,1211,1243,1189,1059,842,569,258,-72,-390,-682,-937,-1121,-1229,-1251,-1185,-1034,-825,-557,-247,83,395,682,927,1105,1209,1231,1168,1033,821,559,260,-59,-375,-666,-900,-1075,-1177,-1198,-1141,-1006,-809,-558,-270,35,341,620,854,1032,1133,1161,1108,979,795,554,271,-16,-308,-575,-797,-963,-1070,-1105,-1065,-955,-774,-553,-294,-15,261,514,740,916,1029,1067,1036,945,792,576,322,57,-219,-486,-723,-910,-1035,-1092,-1070,-430,-816,-587,-325,-38,257,541,787,982,1102,1145,1111,985,792,539,241,-71,-380,-665,-896,-1063,-1156,-1158,-1069,-906,-677,-396,-80,233,527,782,977,1103,1132,1082,949,747,496,204,-94,-381,-636,-838,-967,-1030,-1005,-918,-761,-546,-302,-43,210,440,628,771,849,864,814,717,566,381,178,-37,-242,-415,-548,-648,-699,-704,-651,-557,-431,-285,-111,56,220,361,471,543,577,575,522,447,333,200,57,-82,-208,-319,-402,-459,-477,-459,-409,-332,-238,-128,-13,107,209,294,358,392,392,363,310,230,137,31,-74,-165,-247,-304,-334,-330,-293,-235,-142,-39,62,158,225,254,248,204,135,-557,-413,481,893,997,-263,-275,-225,-131,-15,119,245,345,403,418,385,312,205,75,-60,-199,-315,-403,-465,-492,-466,-402,-310,-182,-43,99,246,373,478,545,574,567,509,414,282,111,-67,-246,-413,-559,-664,-722,-722,-671,-550,-392,-207,16,245,461,643,779,853,866,814,686,499,276,19,-242,-478,-692,-851,-936,-950,-894,-762,-566,-325,-60,215,471,683,830,916,936,889,768,591,366,121,-118,-357,-559,-709,-810,-851,-820,-739,-600,-430,-237,-26,179,369,526,643,708,724,689,616,498,353,187,12,-158,-314,-442,-544,-605,-630,-614,-554,-466,-351,-215,-63,89,239,369,469,554,599,601,571,230,394,266,122,-29,-192,-336,-464,-551,-612,-634,-602,-542,-438,-297,-138,24,186,341,468,569,627,645,608,532,427,285,138,-27,-184,-329,-445,-533,-585,-592,-571,-506,-403,-282,-158,-22,117,259,366,441,506,522,513,474,406,316,221,113,-5,-113,-231,-321,-402,-448,-479,-481,-461,-416,-345,-247,-135,-13,108,236,348,437,498,531,533,507,449,362,245,110,-25,-165,-299,-413,-501,-557,-582,-571,-528,-443,-330,-194,-54,92,238,368,484,561,616,627,593,530,433,310,153,-13,-175,-333,-471,-585,-667,-702,-696,-647,-544,-412,-249,-62,138,325,499,652,751,807,812,760,649,-644,98,11,765,721,-724,-562,-365,-125,135,386,618,804,946,1018,1028,956,812,614,370,88,-206,-491,-739,-945,-1084,-1147,-1128,-1032,-855,-613,-332,-21,300,599,855,1055,1186,1222,1178,1051,852,592,284,-49,-373,-676,-931,-1117,-1225,-1250,-1186,-1053,-834,-561,-250,75,403,690,929,1115,1221,1244,1179,1038,822,554,252,-66,-382,-673,-920,-1098,-1199,-1222,-1162,-1020,-814,-559,-264,52,357,641,875,1056,1160,1185,1129,998,808,560,274,-30,-330,-596,-819,-999,-1100,-1128,-1088,-965,-780,-547,-281,4,282,547,765,929,1039,1078,1042,939,777,559,306,32,-240,-493,-721,-900,-1017,-1073,-1058,-962,-802,-587,-334,-51,231,-1099,748,938,1060,1116,1093,991,816,578,297,-2,-315,-602,-841,-1023,-1134,-1153,-1097,-954,-743,-477,-173,151,457,729,945,1097,1160,1134,1025,840,597,303,-14,-316,-598,-819,-989,-1084,-1087,-1015,-863,-652,-395,-113,168,425,652,822,923,952,914,809,656,452,225,-13,-236,-437,-605,-717,-777,-782,-731,-627,-490,-322,-136,47,227,385,507,600,642,632,587,496,381,235,86,-75,-212,-335,-436,-504,-532,-515,-466,-383,-284,-164,-32,97,211,307,378,417,428,408,360,290,198,85,-25,-129,-220,-297,-346,-368,-351,-314,-248,-157,-54,53,146,232,291,309,294,248,167,73,-20,-104,-154,462,637,-407,-477,11,4,115,229,311,357,358,302,207,78,-56,-191,-306,-395,-440,-448,-411,-337,-238,-119,20,165,286,397,479,520,526,485,399,286,146,-1,-161,-320,-452,-564,-629,-649,-618,-538,-410,-248,-62,138,344,527,661,759,804,775,687,540,347,120,-120,-363,-583,-755,-875,-936,-905,-809,-646,-428,-176,87,355,597,789,907,963,940,847,677,465,216,-46,-303,-526,-707,-838,-893,-886,-813,-671,-493,-286,-56,171,380,555,680,761,787,755,673,543,381,195,4,-178,-343,-487,-592,-656,-670,-646,-575,-471,-339,-187,-34,128,274,401,500,575,608,600,558,472,369,243,89,-60,-209,-198,-457,-546,-598,-617,-590,-522,-415,-279,-142,29,191,339,469,560,616,635,613,541,434,299,146,-22,-191,-333,-464,-555,-616,-633,-598,-522,-413,-287,-139,11,157,299,409,491,548,569,554,487,392,296,179,50,-71,-190,-295,-380,-441,-483,-486,-472,-429,-362,-278,-175,-69,50,161,271,365,437,480,503,500,466,399,305,194,66,-67,-198,-318,-422,-505,-553,-569,-550,-487,-396,-283,-151,-9,131,266,394,490,562,591,593,553,484,378,248,105,-57,-206,-350,-471,-574,-639,-660,-641,-587,-490,-364,-204,-29,151,327,484,609,703,754,751,701,609,465,280,82,-130,-338,-526,-761,-990
10586,mtk,MTK 7916,4081000744,rx1-tx0,512,-13,-44,627,474,374,249,93,-62,-202,-339,-441,-499,-519,-495,-424,-322,-195,-49,99,239,363,459,517,524,488,412,300,168,20,-135,-277,-400,-493,-546,-557,-518,-445,-336,-195,-37,125,282,420,530,599,624,608,544,434,284,107,-80,-270,-439,-583,-693,-743,-739,-682,-571,-412,-206,13,224,445,637,780,861,884,840,718,550,327,68,-204,-454,-677,-839,-946,-983,-937,-822,-647,-414,-143,131,402,627,814,941,989,962,862,706,501,255,-1,-254,-482,-665,-810,-897,-913,-865,-771,-617,-425,-207,21,240,448,629,764,855,895,877,796,671,493,289,68,-176,-414,-628,-815,-945,-1011,-1009,231,-801,-594,-340,-55,245,537,812,1027,1168,1227,1203,1085,879,592,254,-108,-476,-822,-1102,-1303,-1424,-1434,-1323,-1100,-796,-425,-11,415,809,1150,1402,1550,1576,1488,1274,963,578,126,-322,-752,-1126,-1418,-1593,-1660,-1596,-1410,-1128,-743,-309,161,618,1031,1372,1610,1730,1703,1561,1294,922,480,-18,-520,-978,-1355,-1632,-1781,-1793,-1662,-1380,-992,-515,-5,522,990,1388,1651,1770,1745,1584,1284,872,397,-108,-585,-995,-1325,-1526,-1597,-1529,-1334,-1035,-657,-238,195,583,906,1169,1313,1333,1251,1054,778,436,69,-298,-622,-880,-1060,-1133,-1103,-960,-725,-413,-64,272,576,800,922,914,792,559,267,-34,-301,-456,-1220,-1175,101,846,647,-475,-532,-485,-335,-116,146,402,620,761,812,756,605,400,138,-154,-432,-668,-842,-942,-950,-875,-708,-474,-196,115,428,702,918,1071,1133,1090,956,732,435,99,-262,-602,-907,-1137,-1277,-1309,-1237,-1061,-792,-444,-55,339,723,1048,1292,1433,1457,1363,1171,863,484,59,-373,-779,-1136,-1397,-1553,-1580,-1492,-1270,-952,-555,-115,342,787,1161,1441,1614,1644,1554,1338,1011,610,152,-311,-752,-1126,-1408,-1571,-1614,-1536,-1336,-1033,-651,-228,202,618,972,1248,1434,1489,1454,1300,1056,741,376,-15,-396,-751,-1038,-1238,-1360,-1367,-1290,-1110,-860,-550,-205,145,482,792,1040,1213,1290,1281,1184,1012,771,469,131,-49,-540,-827,-1066,-1232,-1322,-1311,-1211,-1022,-762,-443,-84,290,651,966,1217,1381,1444,1409,1260,1019,689,307,-118,-541,-913,-1232,-1451,-1557,-1544,-1404,-1160,-825,-426,21,448,848,1183,1419,1535,1531,1416,1205,890,498,91,-328,-716,-1034,-1273,-1409,-1428,-1346,-1154,-886,-567,-203,168,525,823,1050,1197,1254,1214,1083,888,630,328,7,-292,-570,-810,-973,-1059,-1068,-1005,-871,-677,-429,-159,113,369,602,780,897,951,925,833,679,479,248,-1,-249,-465,-639,-774,-836,-835,-764,-640,-459,-250,-33,188,387,548,665,720,723,661,548,392,209,17,-180,-346,-481,-576,-618,-607,-547,-445,-304,-139,28,192,263,647,221,-1372,-1212,-255,-377,-469,-520,-513,-480,-408,-286,-145,4,155,287,398,472,510,497,450,367,252,107,-47,-197,-331,-436,-507,-537,-521,-459,-367,-245,-101,55,211,346,466,547,585,577,525,434,310,154,-16,-192,-358,-500,-608,-669,-683,-646,-555,-429,-255,-56,148,344,523,675,781,812,795,719,575,383,154,-90,-341,-564,-742,-875,-940,-929,-849,-698,-487,-240,31,302,545,755,915,991,991,912,768,576,330,62,-206,-452,-665,-832,-935,-956,-916,-803,-642,-444,-206,33,259,469,656,784,865,881,847,763,624,443,242,22,-203,-417,-606,-764,-868,-930,-934,-865,-741,-560,-329,-75,191,-568,706,904,1045,1122,1119,1033,862,614,321,-4,-342,-667,-949,-1168,-1304,-1342,-1282,-1111,-848,-527,-157,243,638,982,1257,1443,1520,1476,1319,1053,702,289,-148,-582,-978,-1290,-1518,-1621,-1598,-1463,-1205,-852,-432,11,471,889,1246,1516,1663,1693,1583,1359,1024,615,147,-329,-780,-1192,-1505,-1711,-1788,-1716,-1507,-1180,-758,-268,242,745,1184,1529,1743,1819,1740,1519,1175,718,215,-296,-780,-1207,-1508,-1674,-1697,-1567,-1327,-974,-538,-76,383,792,1123,1351,1461,1439,1295,1059,738,345,-44,-422,-754,-1011,-1175,-1230,-1175,-1011,-772,-464,-115,234,555,813,983,1042,987,827,569,246,-92,-394,-628,-740,-737,-605,-395,65,-720,-164,202,602,-89,110,343,536,660,693,618,449,209,-69,-349,-586,-762,-870,-883,-797,-636,-408,-132,165,453,709,900,1016,1045,973,809,580,292,-32,-361,-664,-931,-1112,-1214,-1209,-1104,-898,-602,-254,123,497,836,1118,1305,1388,1360,1225,972,645,261,-156,-566,-940,-1245,-1437,-1529,-1492,-1351,-1084,-730,-304,140,578,972,1294,1524,1635,1602,1447,1158,801,361,-101,-554,-975,-1309,-1539,-1643,-1619,-1470,-1194,-830,-401,49,488,890,1215,1447,1549,1539,1408,1180,872,492,87,-312,-695,-1011,-1250,-1395,-1435,-1370,-1207,-945,-640,-278,97,457,782,1036,1223,1314,1314,1224,1053,806,502,164,-181,-507,-800,-1041,-1210,-1287,425,-1185,-1006,-757,-462,-123,233,573,877,1117,1288,1374,1360,1243,1027,735,382,3,-389,-762,-1083,-1330,-1479,-1520,-1432,-1234,-950,-581,-166,270,692,1055,1336,1522,1581,1512,1332,1040,674,258,-178,-586,-957,-1255,-1437,-1505,-1468,-1306,-1049,-722,-339,55,440,790,1059,1253,1345,1339,1218,1013,747,434,95,-250,-557,-814,-1010,-1131,-1159,-1100,-977,-774,-517,-232,56,335,578,787,929,997,991,917,773,572,341,85,-175,-412,-618,-773,-871,-899,-853,-735,-579,-374,-141,95,319,514,667,756,785,754,658,518,336,133,-77,-280,-449,-577,-654,-680,-645,-550,-424,-264,-88,90,258,395,508,564,574,545,-1064,-597
10587,mtk,MTK 7916,4081000744,rx1-tx1,512,0,0,0,612,462,180,-156,-452,-635,-651,-486,-186,165,476,656,660,491,183,-180,-496,-673,-673,-498,-189,180,502,678,682,499,182,-185,-511,-693,-683,-486,-159,213,535,709,687,479,134,-245,-551,-716,-686,-472,-127,260,577,730,686,463,106,-292,-609,-755,-692,-447,-70,332,645,787,722,454,53,-365,-684,-829,-746,-464,-53,378,716,863,776,488,62,-386,-738,-903,-822,-530,-97,363,742,929,876,593,156,-320,-713,-924,-904,-656,-235,247,658,897,913,700,315,-151,-568,-839,-894,-732,-385,48,452,740,840,727,436,53,-334,-631,-759,-690,-452,-127,218,499,649,624,445,168,-143,0,-533,-530,-404,-186,67,290,422,434,334,156,-52,-227,-335,-348,-263,-116,53,201,287,288,205,67,-75,-193,-264,-257,-172,-45,89,198,252,241,169,51,-80,-183,-235,-230,-170,-79,28,126,191,205,167,93,19,-48,-104,-135,-133,-105,-69,-29,12,45,57,62,70,77,81,76,65,29,-33,-96,-147,-176,-181,-143,-64,34,137,221,265,251,174,55,-80,-209,-301,-324,-269,-158,-17,143,277,333,317,237,106,-56,-209,-304,-319,-268,-162,-22,122,234,289,272,195,70,-69,-181,-250,-261,-210,-112,6,118,202,243,225,161,68,-32,-124,-185,-205,-190,-150,-89,-18,0,0,0,0,0,185,101,-21,-171,-318,-416,-448,-400,-265,-66,163,382,525,560,480,291,27,-254,-498,-630,-615,-464,-197,131,439,645,708,603,338,-17,-378,-658,-787,-725,-482,-104,310,659,861,853,622,236,-222,-639,-901,-949,-758,-375,109,579,909,1013,867,499,6,-498,-883,-1049,-949,-609,-108,420,841,1044,985,677,187,-364,-816,-1059,-1030,-731,-234,314,792,1084,1090,808,315,-263,-771,-1086,-1129,-872,-389,198,731,1083,1161,939,476,-99,-662,-1052,-1164,-965,-530,27,589,1011,1151,991,579,19,-539,-965,-1140,-1010,-620,-74,493,929,1116,1014,645,99,-473,-915,-1117,-1030,-673,-135,442,901,1126,0,696,164,-414,-882,-1125,-1079,-743,-207,384,876,1130,1085,762,231,-361,-852,-1123,-1106,-796,-265,323,818,1122,1125,826,309,-290,-807,-1102,-1112,-825,-322,262,772,1071,1086,825,343,-235,-748,-1045,-1070,-807,-333,234,733,1029,1050,791,326,-228,-717,-1009,-1027,-775,-308,238,704,990,1005,748,295,-225,-678,-955,-969,-725,-291,214,659,918,928,685,265,-211,-627,-874,-879,-656,-253,212,609,828,828,611,230,-202,-572,-786,-780,-562,-198,201,535,722,716,508,170,-208,-512,-669,-648,-447,-127,217,491,629,585,376,67,-244,-491,-593,-526,-312,-11,292,506,572,487,259,-51,-339,-537,-587,0,0,0,0,0,146,442,620,628,468,185,-154,-465,-656,-664,-493,-192,161,471,661,668,494,184,-178,-489,-672,-681,-505,-183,186,500,683,680,499,175,-206,-524,-699,-686,-481,-146,223,533,713,697,473,129,-246,-564,-724,-684,-455,-100,282,596,748,695,446,77,-323,-639,-779,-708,-442,-53,360,678,814,730,444,39,-377,-704,-841,-757,-471,-48,390,723,880,813,512,76,-377,-742,-920,-851,-553,-118,350,731,929,886,614,188,-285,-687,-910,-906,-676,-270,208,620,864,894,709,343,-104,-514,-786,-869,-733,-418,-8,391,681,798,719,462,94,-271,-560,-702,-659,-461,-147,183,452,591,574,0,181,-99,-336,-474,-486,-372,-169,62,260,375,383,292,130,-53,-214,-309,-316,-235,-94,70,202,266,256,183,57,-85,-209,-264,-244,-163,-48,81,190,245,238,171,62,-56,-157,-220,-223,-172,-93,0,92,155,176,156,117,55,-21,-66,-90,-103,-90,-71,-59,-41,-26,-1,29,57,88,118,135,125,82,9,-76,-150,-208,-227,-197,-123,-13,113,225,290,291,228,116,-28,-181,-295,-336,-302,-203,-64,96,237,321,324,259,137,-17,-160,-261,-306,-274,-179,-52,86,206,271,269,205,95,-37,-149,-226,-254,-220,-131,-23,81,166,216,217,182,119,31,-57,-120,-155,-165,0,0,0,0,0,215,302,349,339,264,125,-62,-252,-411,-503,-503,-394,-188,65,314,507,600,557,386,116,-196,-467,-641,-671,-539,-268,73,404,657,754,666,411,46,-343,-662,-823,-786,-559,-171,275,651,880,897,696,312,-168,-620,-913,-982,-815,-446,44,536,895,1029,911,563,69,-449,-859,-1048,-970,-637,-140,387,828,1054,1013,707,220,-333,-808,-1072,-1052,-765,-281,288,790,1084,1103,835,347,-231,-751,-1086,-1143,-900,-430,150,703,1075,1158,943,496,-76,-628,-1027,-1157,-988,-562,0,561,982,1151,1015,606,49,-514,-945,-1127,-1012,-633,-82,487,921,1115,1015,652,121,-446,-901,-1122,-1040,-678,-144,0,895,1116,1054,712,182,-397,-879,-1132,-1085,-751,-219,371,867,1138,1101,771,246,-337,-830,-1109,-1100,-796,-288,305,821,1118,1121,823,309,-277,-785,-1086,-1098,-823,-331,244,755,1065,1083,819,334,-236,-737,-1038,-1058,-800,-332,228,729,1026,1044,783,309,-239,-719,-996,-1008,-763,-316,224,699,976,987,734,291,-225,-672,-938,-947,-704,-285,204,636,889,904,668,254,-213,-620,-857,-858,-639,-248,209,590,804,805,588,221,-205,-570,-768,-749,-538,-188,195,520,697,673,469,148,-211,-507,-653,-613,-410,-104,229,489,604,551,342,41,-267,-491,-580,-504,-281,24,326,524,571,464,229,-69,0,0
10588,mtk,MTK 7916,4081000744,rx2-tx0,512,0,0,0,-248,4,264,460,528,450,253,-23,-302,-494,-551,-462,-242,45,325,521,573,470,239,-58,-341,-542,-594,-478,-234,71,366,560,595,467,213,-103,-392,-576,-599,-456,-186,137,426,594,593,429,143,-188,-467,-617,-599,-407,-93,246,525,659,608,385,46,-313,-592,-712,-635,-378,-8,376,662,772,674,389,-8,-409,-706,-828,-719,-406,19,441,756,871,751,432,-7,-455,-783,-901,-786,-459,-4,450,781,909,801,475,20,-436,-774,-912,-807,-487,-38,415,755,888,785,481,49,-401,-733,-869,-775,-473,-49,375,695,828,731,439,35,-374,-683,-800,-693,-394,3,398,681,772,655,0,-34,-422,-696,-777,-648,-334,79,468,721,786,640,308,-111,-500,-759,-823,-665,-313,127,537,807,863,679,315,-134,-561,-853,-917,-734,-360,117,579,896,969,786,398,-99,-581,-912,-1010,-841,-447,67,569,932,1048,893,503,-25,-555,-948,-1094,-957,-571,-40,505,929,1120,1023,660,125,-438,-892,-1128,-1076,-752,-244,330,815,1089,1092,825,352,-203,-698,-1013,-1080,-880,-462,65,559,901,1017,884,530,53,-419,-771,-928,-857,-573,-155,284,641,835,814,596,249,-150,-505,-724,-766,-627,-341,18,363,614,711,641,435,140,-176,-444,-613,-646,-547,-345,-90,163,366,487,508,443,319,172,0,0,0,0,0,-353,-301,-181,-2,201,385,519,564,492,317,62,-220,-467,-616,-634,-513,-263,58,377,613,710,638,407,65,-306,-613,-787,-772,-562,-196,232,611,858,905,721,345,-133,-594,-920,-1030,-884,-509,1,524,937,1127,1040,696,169,-416,-918,-1197,-1181,-877,-354,265,830,1193,1268,1029,529,-107,-706,-1135,-1290,-1121,-676,-65,563,1044,1259,1154,760,187,-432,-936,-1199,-1150,-807,-277,311,814,1102,1110,830,338,-228,-727,-1032,-1070,-830,-382,154,639,953,1014,815,403,-106,-576,-884,-959,-790,-414,63,511,821,914,765,422,-24,-453,-757,-858,-726,-408,1,400,694,797,683,390,5,-375,-655,0,-643,-376,-10,349,608,698,598,338,-1,-333,-575,-657,-564,-320,6,321,540,612,521,292,-15,-307,-505,-557,-457,-243,38,309,474,507,406,189,-76,-310,-453,-472,-355,-140,106,312,421,410,287,81,-150,-339,-415,-369,-227,-17,197,351,395,326,162,-49,-246,-374,-393,-289,-98,129,318,412,390,258,51,-179,-366,-455,-413,-247,-12,231,413,480,419,244,-5,-254,-432,-495,-423,-236,20,275,456,509,422,218,-43,-290,-458,-498,-402,-200,59,302,454,484,382,172,-85,-314,-455,-469,-352,-138,110,327,455,457,326,104,-142,-350,-462,-444,-302,-69,179,374,475,440,271,0,0,0,0,0,-446,-516,-446,-249,18,283,474,542,462,251,-35,-312,-504,-566,-474,-248,52,341,538,584,469,233,-65,-356,-556,-598,-476,-230,81,379,566,592,459,199,-119,-410,-585,-593,-444,-171,155,439,602,598,420,117,-221,-497,-636,-602,-396,-72,278,557,689,625,377,20,-341,-620,-745,-659,-387,0,401,692,794,692,397,-16,-430,-736,-852,-744,-425,14,453,772,889,771,447,-3,-457,-791,-914,-796,-471,-14,444,784,917,809,483,29,-426,-768,-909,-806,-487,-45,397,734,882,782,471,48,-382,-711,-848,-753,-454,-40,380,693,812,709,418,20,-381,-677,-784,-669,-373,19,403,0,776,644,343,-51,-439,-709,-781,-636,-319,94,482,742,807,652,308,-123,-519,-787,-845,-674,-323,130,560,832,887,709,337,-132,-573,-871,-944,-767,-378,114,579,899,983,810,423,-88,-577,-917,-1030,-869,-476,47,570,935,1061,925,547,13,-532,-938,-1102,-991,-620,-83,477,917,1131,1051,707,183,-388,-865,-1120,-1098,-799,-299,266,754,1056,1089,848,410,-126,-624,-959,-1052,-882,-496,3,485,835,969,869,556,114,-347,-704,-880,-838,-589,-202,221,576,778,791,614,291,-93,-441,-676,-743,-634,-383,-56,278,538,669,652,492,239,-54,-324,-517,-598,-564,-430,-234,-20,169,297,361,0,0,0,0,0,-135,-287,-412,-481,-466,-361,-173,66,310,503,601,579,424,167,-137,-419,-618,-682,-583,-343,-13,341,624,754,705,485,133,-263,-614,-826,-834,-635,-269,184,609,894,964,796,419,-81,-570,-932,-1082,-968,-605,-76,486,936,1167,1120,795,263,-344,-872,-1204,-1239,-965,-449,176,768,1177,1288,1078,603,-19,-636,-1095,-1277,-1140,-721,-128,489,987,1228,1161,804,242,-373,-876,-1149,-1128,-828,-320,263,767,1067,1088,830,364,-194,-689,-991,-1039,-819,-394,124,606,920,988,804,415,-81,-550,-859,-936,-773,-419,36,477,787,881,741,414,-14,-432,-726,-826,-708,-409,-10,389,675,774,666,383,0,-363,-625,-719,-623,-359,-2,348,593,676,584,340,-1,-331,-559,-637,-542,-304,13,315,523,586,491,266,-26,-302,-489,-534,-439,-222,54,311,469,494,388,174,-85,-315,-447,-444,-315,-110,126,320,421,400,264,51,-172,-339,-403,-346,-190,21,229,369,400,312,129,-87,-278,-391,-391,-270,-65,158,340,436,404,251,28,-207,-391,-464,-413,-247,-5,244,427,492,424,238,-12,-263,-447,-506,-425,-233,25,276,452,505,416,213,-48,-293,-456,-489,-391,-183,74,305,451,477,372,163,-90,-320,-456,-460,-340,-123,130,343,459,447,310,86,-165,-370,-474,-443,-286,-54,200,399,0,0
10589,mtk,MTK 7916,4081000744,rx2-tx1,512,0,0,0,-110,-110,-73,-10,53,100,129,116,73,15,-51,-108,-138,-132,-93,-31,44,106,137,138,107,49,-16,-72,-111,-123,-109,-67,-14,28,59,75,74,60,41,11,-16,-29,-35,-42,-48,-49,-46,-47,-36,-5,38,76,106,118,108,67,-2,-81,-157,-196,-188,-135,-41,78,187,261,272,218,108,-43,-201,-311,-347,-303,-180,3,192,341,407,375,246,49,-168,-357,-462,-440,-310,-106,136,349,479,488,371,158,-100,-333,-484,-518,-424,-211,59,308,486,536,445,242,-26,-286,-472,-536,-459,-260,8,273,458,526,458,265,-4,-273,-475,-549,-472,-261,19,296,498,570,485,0,-18,-321,-545,-623,-532,-297,22,347,588,679,593,349,4,-347,-617,-743,-680,-423,-52,331,644,799,743,499,121,-303,-649,-833,-803,-577,-197,259,646,863,868,651,257,-212,-634,-902,-940,-738,-333,159,613,921,1007,831,440,-73,-581,-943,-1073,-936,-562,-42,498,908,1097,1019,683,174,-377,-845,-1103,-1077,-792,-312,246,731,1040,1093,879,442,-100,-608,-967,-1082,-932,-563,-54,466,858,1034,961,653,195,-306,-721,-960,-961,-731,-334,136,570,855,927,787,463,32,-386,-713,-872,-820,-586,-223,181,531,753,809,689,430,89,-257,-539,-703,-725,-611,-394,-126,136,343,472,506,459,0,0,0,0,0,-151,-72,30,149,259,327,345,299,186,31,-139,-289,-386,-401,-329,-186,5,202,361,441,418,300,98,-134,-339,-474,-501,-403,-205,56,310,497,571,510,309,25,-272,-516,-649,-629,-453,-154,192,500,697,727,580,292,-73,-438,-711,-817,-730,-462,-71,330,660,843,829,606,234,-193,-569,-811,-865,-703,-367,57,467,759,860,755,471,73,-343,-666,-818,-766,-524,-157,245,580,772,761,554,222,-160,-510,-722,-747,-584,-278,88,427,662,717,585,310,-44,-381,-615,-693,-603,-350,-10,327,573,675,606,385,62,-260,-513,-640,-601,-403,-106,206,455,587,568,400,133,-160,-411,0,-539,-384,-135,139,365,498,495,355,130,-123,-349,-480,-480,-348,-120,145,363,480,465,328,109,-147,-364,-476,-469,-338,-111,152,374,502,501,362,125,-138,-367,-509,-509,-375,-152,108,343,485,503,394,181,-80,-314,-470,-494,-383,-182,55,277,426,464,382,200,-36,-254,-391,-421,-352,-194,22,227,356,396,335,186,-11,-197,-324,-360,-303,-162,10,175,290,323,271,144,-9,-153,-256,-286,-240,-135,1,133,224,248,208,117,-7,-128,-203,-216,-172,-90,16,113,171,184,144,66,-24,-102,-155,-158,-114,-48,25,94,132,127,90,25,-47,-99,-118,-104,-60,5,61,92,0,0,0,0,0,17,-43,-93,-117,-112,-78,-14,57,111,135,128,89,26,-48,-111,-144,-144,-108,-41,32,90,124,132,107,56,0,-55,-89,-106,-99,-65,-24,7,32,50,56,56,50,36,20,11,2,-15,-42,-68,-81,-82,-68,-35,14,74,125,153,147,100,21,-77,-166,-220,-223,-175,-77,52,183,281,312,265,147,-27,-202,-325,-376,-339,-215,-29,180,352,432,409,281,75,-153,-358,-479,-472,-346,-135,117,345,488,509,402,191,-73,-321,-487,-534,-444,-234,32,288,473,536,453,251,-8,-269,-466,-537,-461,-263,2,270,468,539,467,265,-8,-281,-483,-557,-474,-258,27,310,0,588,501,278,-23,-329,-557,-643,-558,-322,7,348,613,719,638,390,32,-341,-635,-773,-710,-465,-90,321,650,813,774,537,161,-270,-646,-855,-837,-606,-220,229,629,883,911,695,297,-183,-626,-918,-979,-785,-385,118,598,930,1036,885,502,-20,-537,-926,-1092,-982,-622,-106,438,880,1097,1043,734,236,-325,-801,-1079,-1100,-841,-384,165,677,1015,1094,903,496,-25,-537,-916,-1068,-952,-602,-119,379,782,1002,964,694,262,-223,-652,-911,-946,-761,-405,49,481,786,901,802,517,123,-295,-632,-815,-819,-645,-326,56,406,662,777,731,533,242,-79,-360,-560,-652,-623,-491,-299,-96,87,0,0,0,0,0,-187,-249,-278,-262,-193,-79,64,201,313,376,361,265,106,-81,-257,-382,-427,-380,-241,-39,179,361,461,459,351,151,-94,-322,-482,-537,-453,-248,23,298,511,607,561,370,72,-251,-516,-673,-677,-516,-222,140,485,718,776,652,381,8,-391,-697,-838,-787,-543,-157,265,617,832,852,661,303,-127,-520,-792,-869,-730,-418,-5,405,720,853,771,501,114,-298,-629,-801,-770,-548,-187,202,535,739,755,575,255,-125,-470,-693,-735,-592,-296,67,407,648,719,597,330,-15,-351,-595,-686,-607,-371,-42,290,541,655,601,391,90,-229,-485,-612,-583,-406,-127,180,432,566,552,397,0,-148,-390,-519,-520,-384,-145,129,358,486,490,360,121,-143,-360,-480,-467,-335,-107,152,368,483,472,343,113,-151,-377,-503,-485,-338,-111,151,377,505,508,376,145,-123,-357,-498,-507,-387,-171,87,323,474,501,392,187,-59,-291,-440,-468,-378,-195,44,269,414,443,369,201,-23,-233,-362,-403,-341,-182,18,200,335,377,311,164,-14,-184,-305,-340,-285,-158,10,169,276,308,257,143,-1,-140,-243,-268,-223,-125,3,127,210,231,187,97,-18,-123,-191,-204,-161,-81,18,108,159,171,134,60,-22,-99,-147,-145,-103,-39,39,96,125,119,74,15,-46,-99,-114,-87,-38,0,0
10590,mtk,MTK 7916,4081055436,rx0-tx0,512,-172,-163,-15,-603,-698,-762,-772,-733,-652,-535,-379,-199,-12,190,376,540,681,788,844,839,782,685,534,344,120,-108,-326,-541,-726,-867,-943,-964,-917,-801,-629,-416,-166,89,344,584,771,914,998,994,933,807,626,405,153,-115,-365,-578,-763,-884,-948,-941,-883,-760,-597,-388,-156,79,298,514,679,794,849,848,790,684,537,347,148,-50,-246,-420,-554,-659,-708,-716,-673,-585,-464,-325,-173,-4,150,290,411,498,560,570,550,502,423,315,184,49,-89,-204,-295,-364,-410,-428,-417,-376,-318,-240,-149,-59,23,99,159,215,237,259,265,252,234,196,160,119,78,28,-15,-58,-98,-141,-588,-201,-207,-211,-199,-178,-154,-109,-60,-6,46,92,136,167,188,204,193,176,145,105,69,27,-11,-46,-78,-101,-115,-118,-118,-104,-87,-74,-66,-59,-50,-44,-41,-39,-42,-37,-18,4,44,74,112,156,198,232,246,247,226,174,110,26,-83,-183,-278,-366,-431,-457,-444,-396,-312,-196,-47,108,260,385,498,569,587,558,483,356,217,56,-120,-279,-422,-529,-591,-606,-569,-491,-374,-227,-64,98,247,381,475,528,537,517,443,335,206,71,-75,-198,-312,-395,-442,-457,-429,-371,-276,-181,-61,66,175,267,333,365,371,339,266,164,55,-60,-158,-237,-273,-268,-223,-153,-419,-368,765,-43,-21,40,121,207,261,284,271,213,118,5,-117,-216,-304,-368,-383,-374,-323,-234,-115,10,129,242,343,413,448,438,386,311,207,76,-47,-183,-298,-381,-448,-469,-438,-393,-312,-202,-85,42,150,253,329,383,405,396,360,301,220,131,38,-59,-137,-210,-262,-282,-292,-285,-273,-237,-199,-152,-102,-42,16,63,122,171,205,241,250,263,262,244,209,169,110,38,-24,-91,-166,-226,-281,-311,-326,-337,-318,-274,-226,-151,-71,13,117,203,282,355,404,422,427,406,355,269,170,61,-63,-194,-322,-427,-502,-553,-578,-560,-501,-398,-260,-114,55,226,381,524,635,697,711,670,-291,462,295,111,-89,-286,-474,-630,-744,-799,-801,-751,-647,-499,-301,-100,128,342,528,687,784,838,828,760,652,500,305,92,-115,-315,-501,-651,-748,-812,-820,-762,-671,-537,-393,-197,4,196,389,558,686,766,812,822,758,650,508,336,138,-71,-273,-458,-621,-743,-831,-861,-832,-769,-652,-489,-289,-81,154,375,571,736,858,926,937,882,767,607,407,166,-76,-321,-548,-730,-878,-956,-979,-930,-826,-667,-455,-226,24,275,507,701,839,929,968,923,818,671,481,267,35,-203,-426,-615,-758,-851,-885,-862,-783,-663,-496,-303,-104,107,305,474,618,719,778,788,755,669,549,391,-111,-100,126,451,486,-464,-309,-133,61,245,421,573,697,767,800,785,717,609,461,284,73,-142,-345,-537,-694,-818,-884,-892,-856,-760,-600,-391,-160,83,334,566,755,901,978,986,935,814,631,416,158,-104,-349,-582,-768,-906,-980,-988,-915,-790,-614,-393,-155,93,330,546,724,851,908,896,834,723,560,368,153,-69,-285,-466,-620,-722,-773,-777,-733,-635,-506,-348,-165,16,195,354,481,567,626,639,610,541,437,314,171,24,-110,-239,-354,-441,-491,-506,-494,-443,-371,-278,-166,-48,66,163,244,303,340,347,338,308,269,211,145,90,21,-30,-86,-130,-162,-184,-207,-217,-215,-204,-184,-159,321,-85,-35,13,61,97,137,179,203,215,208,192,162,117,71,20,-34,-76,-118,-141,-155,-159,-150,-138,-118,-93,-65,-39,-14,9,21,33,40,48,52,56,65,70,78,98,112,130,139,137,136,113,80,27,-35,-109,-186,-257,-304,-350,-363,-342,-297,-214,-104,24,157,290,404,484,527,526,480,398,284,131,-35,-193,-353,-473,-556,-614,-605,-547,-442,-302,-137,34,201,347,466,547,582,566,512,415,286,138,-7,-155,-293,-398,-467,-502,-486,-434,-360,-249,-132,-3,118,230,320,379,417,402,358,287,190,80,-34,-153,-252,-311,-335,-323,-275,-195,-90,12,103,155,128,251,-436,61,72,205,192,142,56,-42,-143,-242,-313,-347,-338,-288,-222,-111,10,129,247,343,400,415,397,347,262,151,24,-103,-219,-321,-409,-451,-456,-431,-355,-259,-146,-4,121,231,335,400,437,440,408,353,262,162,46,-67,-167,-248,-310,-341,-360,-343,-312,-266,-198,-130,-52,19,84,141,179,220,245,260,247,243,232,192,155,99,46,-10,-77,-137,-185,-230,-277,-296,-297,-291,-259,-220,-165,-93,-22,58,147,218,284,339,366,386,378,335,285,215,117,14,-89,-191,-293,-384,-448,-486,-495,-472,-417,-336,-230,-103,44,199,346,475,566,623,649,619,548,439,287,113,-75,-262,374,-584,-688,-748,-765,-726,-631,-487,-302,-97,111,323,511,673,775,827,833,769,658,492,292,85,-138,-339,-521,-677,-785,-830,-815,-761,-657,-507,-331,-142,74,271,452,592,705,787,803,785,717,595,435,253,69,-138,-339,-507,-650,-762,-828,-843,-801,-713,-572,-403,-216,2,207,414,596,745,845,907,911,843,726,565,367,136,-105,-342,-554,-735,-878,-956,-967,-924,-808,-653,-445,-208,48,302,529,726,866,947,975,933,832,673,470,248,-7,-255,-469,-659,-800,-887,-918,-893,-807,-667,-486,-284,-60,160,363,541,687,781,827,824,765,658,523,346,157,-38,-231,-402,-552,-676,-6,27
10591,mtk,MTK 7916,4081055436,rx0-tx1,512,379,695,688,45,294,537,744,909,1026,1071,1037,944,776,548,298,11,-286,-562,-812,-1004,-1129,-1189,-1162,-1058,-876,-641,-360,-45,265,565,838,1049,1190,1253,1231,1129,956,717,418,102,-216,-524,-811,-1032,-1187,-1273,-1258,-1169,-1015,-783,-507,-197,132,442,727,952,1127,1229,1249,1199,1065,857,600,307,1,-301,-587,-831,-1022,-1150,-1201,-1178,-1083,-921,-698,-430,-154,147,427,680,885,1033,1123,1135,1080,951,766,537,280,7,-264,-509,-722,-900,-1017,-1065,-1040,-958,-819,-632,-415,-165,89,333,559,745,883,967,994,960,866,716,536,310,74,-168,-400,-608,-777,-901,-969,-981,-940,-827,-664,-460,-225,30,-430,524,728,881,992,1037,1016,927,768,560,313,38,-246,-511,-746,-935,-1049,-1099,-1074,-970,-809,-581,-308,-23,269,547,779,957,1070,1104,1063,945,752,513,247,-39,-320,-578,-783,-933,-1016,-1027,-964,-824,-642,-411,-165,88,337,544,715,828,880,879,811,684,506,315,113,-98,-286,-457,-588,-663,-711,-696,-635,-544,-410,-262,-113,50,204,339,438,506,541,533,498,432,335,234,109,-8,-121,-230,-315,-378,-412,-414,-392,-344,-281,-212,-120,-28,65,153,220,275,320,337,327,298,252,183,102,22,-65,-146,-211,-263,-292,-295,-272,-229,-162,-76,17,101,172,222,235,216,171,107,401,547,481,-470,-769,-32,-156,-282,-374,-416,-402,-329,-210,-65,96,246,376,473,522,527,477,383,268,120,-36,-194,-342,-468,-559,-601,-607,-564,-472,-346,-187,-9,169,345,500,634,711,740,715,639,511,336,133,-82,-306,-507,-678,-803,-865,-875,-814,-688,-514,-292,-30,232,473,684,843,948,977,940,826,642,415,166,-107,-364,-601,-785,-914,-981,-973,-880,-739,-535,-291,-47,213,440,629,775,866,890,849,742,589,408,203,-7,-219,-406,-553,-667,-730,-735,-696,-616,-503,-353,-189,-23,143,300,420,501,565,588,572,526,446,348,230,101,-28,-147,-253,-339,-410,-460,-484,-472,-449,-391,-312,-219,230,-9,106,212,306,393,450,480,480,453,403,319,232,116,-11,-126,-240,-348,-428,-475,-489,-488,-452,-386,-292,-181,-58,55,173,278,359,417,448,450,431,386,321,239,150,52,-52,-144,-222,-289,-333,-369,-384,-382,-359,-315,-273,-205,-132,-55,28,113,192,265,332,378,411,424,420,388,333,263,171,59,-62,-181,-296,-400,-481,-531,-560,-552,-507,-429,-327,-196,-52,94,250,387,499,587,648,656,622,558,454,324,171,1,-167,-327,-471,-586,-671,-714,-716,-671,-590,-467,-309,-135,52,235,413,573,690,770,810,790,725,611,463,276,68,-146,-354,-549,-716,-832,-904,-917,727,405,11,55,-130,987,958,866,710,509,258,-17,-291,-550,-787,-962,-1077,-1135,-1104,-1005,-833,-599,-327,-28,275,567,823,1028,1172,1226,1198,1105,929,684,396,78,-248,-561,-832,-1055,-1201,-1264,-1249,-1160,-990,-747,-467,-147,180,485,767,1002,1162,1258,1266,1194,1039,817,556,251,-58,-366,-653,-894,-1074,-1191,-1226,-1193,-1082,-893,-657,-377,-79,218,506,756,960,1092,1162,1169,1083,939,731,491,217,-67,-348,-604,-816,-972,-1067,-1100,-1059,-955,-800,-597,-351,-85,181,425,650,824,952,1023,1019,961,843,672,467,239,-8,-254,-484,-673,-828,-934,-976,-968,-899,-776,-600,-391,-156,82,327,553,740,885,975,1005,-1099,882,718,513,277,17,-244,-501,-723,-900,-1019,-1075,-1051,-957,-799,-581,-319,-38,254,525,760,951,1063,1107,1081,972,791,560,287,-9,-298,-569,-794,-952,-1055,-1080,-1029,-901,-710,-474,-205,71,343,575,764,894,954,960,884,753,578,363,134,-100,-322,-511,-652,-739,-790,-782,-720,-617,-458,-287,-105,86,246,392,514,581,622,615,573,484,370,243,104,-35,-164,-283,-369,-432,-465,-462,-439,-387,-311,-213,-107,-3,89,180,252,315,354,364,358,322,267,206,129,37,-51,-129,-200,-258,-293,-307,-304,-269,-217,-151,-66,22,108,183,241,273,274,245,195,120,31,-48,-119,-159,527,405,-407,718,392,-301,-299,-237,-124,18,170,309,413,475,482,436,346,222,71,-91,-257,-386,-485,-552,-566,-539,-467,-358,-219,-60,104,274,425,548,636,670,658,594,494,346,166,-28,-232,-423,-594,-721,-793,-818,-775,-669,-518,-316,-93,151,397,603,768,888,945,918,829,677,471,225,-39,-300,-545,-749,-886,-970,-985,-926,-794,-593,-356,-94,172,414,626,809,909,948,916,812,664,469,240,2,-230,-435,-599,-721,-790,-809,-774,-678,-542,-378,-186,7,191,353,488,591,646,656,632,561,457,340,208,52,-93,-227,-344,-424,-486,-519,-521,-494,-436,-363,-274,-172,-47,71,180,283,358,423,-198,477,461,421,363,282,177,64,-57,-166,-274,-363,-434,-488,-495,-476,-438,-368,-266,-148,-26,89,210,313,397,454,477,476,452,390,307,209,104,-8,-114,-215,-296,-356,-400,-422,-417,-382,-339,-273,-201,-126,-41,44,132,199,258,319,352,378,386,373,342,300,237,162,71,-24,-127,-222,-308,-384,-447,-486,-492,-474,-434,-357,-252,-129,2,142,276,396,496,571,605,612,578,496,388,262,109,-59,-217,-364,-493,-592,-665,-692,-676,-617,-520,-394,-243,-73,108,282,443,582,684,744,759,730,660,537,381,207,9,-195,-386,-560,-703,-804,-853,-850,-801,-696,-540,-348,-132,107,457,763
10592,mtk,MTK 7916,4081055436,rx1-tx0,512,-13,1252,1457,-561,-563,-527,-443,-326,-191,-32,125,262,397,489,539,553,520,451,346,217,69,-86,-231,-361,-469,-539,-566,-562,-507,-413,-290,-148,14,177,326,458,557,622,640,615,537,424,275,103,-90,-273,-437,-576,-691,-756,-758,-713,-609,-458,-267,-49,174,396,600,754,863,908,887,806,663,461,223,-35,-301,-552,-760,-920,-1021,-1044,-985,-849,-661,-421,-141,155,434,680,883,1023,1092,1077,985,822,606,348,56,-231,-493,-733,-910,-1026,-1071,-1032,-934,-773,-568,-323,-58,201,448,668,847,959,1014,1001,925,796,614,396,157,-90,-342,-577,-771,-925,-1019,-1048,-1022,-919,-763,-549,-298,-20,231,545,790,992,1136,1209,1198,1103,925,688,390,50,-299,-630,-933,-1173,-1331,-1402,-1371,-1244,-1030,-738,-375,21,417,799,1128,1368,1526,1569,1494,1316,1033,676,264,-174,-601,-978,-1285,-1513,-1634,-1633,-1515,-1280,-961,-567,-145,296,726,1102,1394,1592,1681,1665,1509,1240,885,482,32,-435,-869,-1242,-1531,-1702,-1763,-1681,-1468,-1154,-740,-270,209,679,1107,1443,1650,1750,1702,1523,1215,822,363,-110,-568,-970,-1285,-1496,-1576,-1526,-1364,-1104,-755,-357,42,442,795,1058,1239,1316,1276,1146,930,638,303,-45,-376,-668,-894,-1038,-1093,-1050,-912,-688,-407,-91,221,508,736,864,891,808,630,381,93,-171,-378,-483,-804,-77,101,582,356,15,-184,-396,-560,-650,-650,-551,-369,-136,124,379,595,759,839,841,759,598,386,127,-141,-412,-648,-839,-959,-1000,-952,-828,-639,-380,-84,224,519,782,996,1139,1181,1129,990,774,483,155,-198,-538,-852,-1093,-1253,-1332,-1308,-1175,-948,-654,-300,83,471,823,1124,1343,1453,1481,1371,1165,867,500,87,-330,-735,-1081,-1351,-1519,-1569,-1505,-1332,-1053,-693,-273,169,583,962,1260,1467,1565,1531,1393,1148,823,452,45,-363,-730,-1037,-1260,-1403,-1441,-1363,-1197,-957,-660,-321,41,390,707,971,1154,1267,1288,1222,1077,863,587,288,-25,-333,-624,-868,-1046,-1163,-1202,-1156,-1041,-856,-620,-351,-57,244,532,-49,985,1125,1192,1185,1106,948,733,451,151,-171,-498,-787,-1030,-1209,-1311,-1319,-1230,-1067,-814,-507,-162,219,575,901,1165,1349,1436,1424,1293,1074,777,414,26,-365,-732,-1041,-1270,-1418,-1459,-1377,-1200,-943,-618,-260,118,476,805,1069,1243,1319,1313,1213,1023,769,462,135,-190,-499,-765,-963,-1096,-1156,-1133,-1036,-864,-634,-377,-99,179,437,661,836,955,1003,985,896,755,565,338,91,-152,-392,-598,-754,-856,-908,-894,-807,-669,-482,-260,-30,202,415,596,730,805,817,771,674,520,330,123,-92,-297,-478,-608,-697,-726,-699,-622,-503,-338,-155,32,217,380,509,598,634,619,557,457,322,167,284,549,221,-744,-4,-97,55,208,347,450,524,562,541,490,400,266,126,-26,-177,-316,-431,-514,-557,-556,-512,-429,-312,-169,-23,128,283,413,513,576,602,577,514,412,278,123,-49,-221,-382,-517,-620,-685,-698,-659,-573,-445,-282,-78,130,333,519,667,776,828,827,765,644,469,262,15,-230,-472,-682,-846,-945,-980,-949,-840,-667,-450,-191,91,371,622,830,989,1070,1069,989,846,641,386,99,-199,-480,-725,-916,-1043,-1096,-1060,-968,-805,-581,-329,-41,238,496,714,882,994,1034,1007,920,776,578,350,97,-161,-403,-622,-801,-925,-994,-1009,-963,-849,-679,-472,-227,25,291,542,766,943,1055,1102,-568,1006,844,624,353,52,-266,-574,-843,-1067,-1228,-1304,-1280,-1178,-995,-722,-391,-17,353,707,1019,1272,1434,1491,1444,1296,1038,711,326,-100,-519,-898,-1220,-1451,-1592,-1611,-1516,-1302,-1008,-631,-205,239,668,1047,1352,1562,1659,1652,1513,1267,933,530,97,-354,-791,-1165,-1452,-1639,-1724,-1676,-1500,-1220,-842,-401,70,553,978,1345,1614,1747,1753,1631,1380,1007,573,99,-392,-841,-1226,-1499,-1660,-1681,-1571,-1332,-999,-590,-139,305,703,1041,1289,1418,1437,1354,1146,860,527,150,-222,-561,-852,-1058,-1173,-1187,-1107,-941,-691,-395,-71,248,545,776,935,993,961,827,600,309,3,-294,-531,-689,-733,-662,-498,-277,-1234,-1471,-164,288,528,-476,-495,-418,-252,-34,218,455,641,746,773,703,560,345,90,-176,-438,-659,-821,-909,-916,-847,-699,-489,-232,54,343,602,826,996,1081,1076,976,807,570,271,-60,-387,-687,-951,-1146,-1251,-1263,-1172,-984,-709,-392,-37,335,693,1003,1234,1376,1413,1345,1175,922,574,196,-208,-601,-950,-1240,-1442,-1533,-1502,-1365,-1120,-794,-393,38,459,853,1182,1426,1569,1580,1473,1259,940,572,144,-285,-683,-1029,-1291,-1455,-1517,-1454,-1289,-1035,-723,-365,19,398,736,1017,1221,1335,1360,1290,1136,899,607,285,-53,-374,-670,-922,-1109,-1209,-1227,-1172,-1047,-849,-602,-314,-8,292,568,814,1001,1130,1186,1162,1063,425,677,404,105,-195,-498,-767,-997,-1158,-1236,-1250,-1171,-1008,-785,-498,-172,181,522,828,1089,1266,1378,1385,1285,1093,817,476,110,-280,-653,-974,-1233,-1397,-1455,-1412,-1263,-1021,-708,-352,46,436,780,1071,1272,1382,1391,1303,1126,863,538,187,-166,-505,-798,-1030,-1181,-1241,-1222,-1120,-939,-698,-420,-116,188,466,711,898,1020,1073,1046,951,795,592,357,105,-157,-403,-618,-788,-904,-948,-933,-856,-716,-529,-314,-77,171,399,590,745,837,867,837,746,600,410,198,-30,-242,-443,-609,-719,-774,-771,-711,-591,-431,-247,-43,158,335,490,606,662,672,626,537,409,249,73,-104,-268,-403,-513,-575,-603,-377
10593,mtk,MTK 7916,4081055436,rx1-tx1,512,0,0,0,271,680,909,888,622,177,-325,-742,-956,-907,-610,-145,374,792,981,910,586,95,-429,-836,-1012,-910,-556,-46,485,884,1034,893,506,-24,-555,-934,-1053,-883,-465,91,624,986,1079,868,410,-167,-697,-1033,-1094,-851,-369,218,755,1081,1102,821,318,-287,-822,-1128,-1117,-800,-258,351,865,1152,1116,776,217,-409,-915,-1165,-1103,-738,-173,448,950,1181,1087,700,131,-475,-958,-1176,-1070,-680,-98,503,954,1151,1041,650,93,-484,-924,-1111,-992,-614,-75,475,885,1044,914,548,47,-458,-823,-951,-822,-476,-13,440,760,856,709,382,-35,-433,-698,-758,-604,-282,107,448,655,672,490,169,-190,0,-645,-612,-400,-73,268,530,639,563,323,-10,-343,-579,-653,-538,-266,87,416,638,681,527,229,-132,-464,-673,-700,-532,-212,170,499,695,704,518,191,-182,-502,-687,-677,-487,-169,199,513,671,636,425,101,-244,-523,-652,-593,-361,-32,303,559,659,562,307,-44,-393,-626,-692,-571,-280,102,465,702,749,604,283,-116,-491,-752,-809,-650,-335,73,471,746,829,708,401,-13,-415,-705,-822,-727,-450,-65,327,630,772,718,482,144,-221,-528,-691,-674,-491,-192,135,412,585,606,476,241,-47,-314,-489,-539,-467,-285,-40,196,379,476,463,347,169,-24,-200,-324,-374,-349,-268,-153,0,0,0,0,0,-253,-239,-167,-50,96,247,360,407,383,283,110,-88,-281,-421,-468,-412,-267,-48,191,391,499,489,358,136,-122,-362,-516,-546,-439,-217,74,353,541,604,517,284,-22,-330,-559,-652,-583,-354,-24,314,573,696,643,424,84,-285,-582,-729,-687,-471,-129,253,571,743,723,502,147,-246,-584,-767,-749,-537,-175,242,592,795,784,562,191,-237,-601,-811,-802,-582,-206,220,597,811,800,586,222,-203,-576,-798,-808,-590,-213,210,567,775,778,563,189,-227,-577,-771,-762,-539,-159,261,601,777,742,496,116,-293,-629,-787,-728,-469,-77,338,664,811,733,452,36,-390,-713,-845,-749,0,-9,434,756,876,758,424,-36,-488,-811,-915,-768,-417,63,534,861,949,772,388,-107,-579,-896,-977,-786,-374,140,614,936,1001,781,343,-185,-669,-988,-1030,-785,-330,224,730,1037,1047,773,291,-279,-780,-1072,-1068,-773,-267,312,806,1082,1067,758,243,-329,-805,-1072,-1053,-731,-208,366,835,1079,1024,687,169,-392,-842,-1051,-967,-626,-124,411,825,1009,907,553,66,-434,-822,-967,-841,-493,-3,476,804,896,747,392,-72,-503,-785,-839,-651,-285,156,548,779,779,553,176,-247,-603,-781,-731,-467,-75,343,660,781,683,386,-32,-440,-722,-803,-662,-323,115,522,783,824,637,262,-195,0,0,0,0,0,-867,-612,-184,298,713,937,901,615,157,-347,-761,-968,-906,-598,-119,395,806,997,911,575,69,-454,-851,-1017,-903,-532,-5,522,904,1040,887,484,-60,-587,-957,-1071,-883,-437,128,654,1008,1087,864,391,-201,-733,-1060,-1105,-844,-337,263,791,1107,1115,811,285,-316,-844,-1140,-1119,-785,-238,372,886,1158,1111,756,194,-418,-926,-1179,-1100,-715,-143,467,955,1180,1077,685,115,-491,-963,-1161,-1051,-663,-95,498,952,1134,1011,624,70,-489,-903,-1076,-957,-576,-58,461,849,997,871,517,32,-445,-787,-909,-774,-436,8,434,729,806,655,334,-72,-441,-672,-710,-546,-227,147,468,647,635,0,116,-232,-508,-639,-577,-352,-28,308,563,651,549,293,-56,-392,-611,-664,-531,-244,108,441,660,689,527,215,-157,-492,-691,-699,-517,-198,173,492,685,690,498,177,-186,-504,-680,-662,-458,-134,224,517,663,611,388,67,-276,-553,-661,-575,-329,11,346,586,667,564,289,-78,-433,-673,-728,-583,-279,116,482,723,780,630,311,-101,-493,-755,-829,-690,-371,41,445,734,833,726,426,20,-377,-674,-799,-723,-472,-110,272,578,730,692,487,168,-185,-471,-636,-638,-488,-224,86,361,537,577,475,259,-8,-263,-442,-513,-462,-313,-103,124,313,421,435,366,237,79,-74,-193,-260,0,0,0,0,0,-64,-180,-276,-338,-352,-298,-176,-12,168,328,427,438,358,197,-15,-228,-398,-484,-454,-311,-96,152,370,502,511,397,179,-97,-358,-533,-571,-467,-250,45,340,552,627,549,326,8,-319,-569,-680,-613,-389,-66,284,574,716,668,445,104,-272,-577,-733,-701,-489,-136,261,588,767,736,511,156,-247,-591,-786,-777,-549,-175,235,596,804,795,575,204,-229,-603,-811,-810,-597,-221,215,583,796,808,599,224,-201,-566,-781,-785,-577,-208,215,571,771,762,543,179,-231,-585,-780,-751,-520,-137,283,611,775,734,484,98,-317,-647,-801,-732,-457,-54,363,683,827,734,430,13,-415,0,-865,-749,-429,17,467,785,900,771,418,-51,-506,-825,-922,-776,-412,77,543,868,961,785,387,-117,-597,-918,-986,-788,-361,166,646,952,1009,784,332,-220,-705,-1000,-1033,-781,-311,248,751,1049,1056,770,283,-293,-791,-1076,-1073,-771,-257,320,811,1085,1058,741,216,-359,-833,-1084,-1035,-711,-193,373,837,1069,999,653,139,-408,-839,-1031,-941,-597,-84,439,825,986,876,526,33,-455,-802,-928,-793,-434,41,496,794,870,709,347,-108,-532,-790,-814,-607,-236,200,571,774,753,516,128,-293,-625,-780,-708,-424,-22,390,690,791,667,353,-73,-487,-759,-822,-652,-287,157,553,805,836,0,0
10594,mtk,MTK 7916,4081055436,rx2-tx0,512,0,0,0,73,-262,-529,-652,-590,-362,-28,325,590,688,595,333,-29,-383,-629,-709,-594,-305,72,433,682,734,578,264,-127,-484,-710,-733,-553,-217,186,535,732,721,513,154,-248,-576,-743,-695,-453,-85,312,627,760,669,385,-4,-397,-678,-762,-628,-308,104,488,738,776,584,226,-202,-573,-792,-792,-556,-155,293,662,850,795,518,87,-377,-737,-895,-804,-485,-30,440,794,925,799,451,-30,-507,-838,-942,-793,-420,69,537,853,932,754,373,-109,-569,-869,-918,-718,-324,153,585,860,890,668,266,-202,-612,-850,-853,-615,-209,247,625,823,793,541,143,-290,-640,-805,-738,-463,-61,354,0,794,689,385,-27,-431,-712,-790,-645,-314,103,495,755,798,611,251,-183,-574,-812,-818,-598,-208,251,659,877,850,594,167,-307,-702,-918,-887,-601,-148,347,762,969,908,606,132,-387,-805,-1007,-930,-600,-115,418,840,1035,958,618,106,-430,-860,-1067,-978,-627,-110,440,877,1084,1005,663,139,-425,-876,-1090,-1023,-685,-175,375,822,1053,1017,714,229,-306,-750,-993,-983,-713,-268,226,650,907,924,701,302,-162,-569,-819,-849,-669,-327,96,481,728,792,650,347,-31,-391,-642,-723,-627,-383,-49,291,547,662,621,439,157,-146,-408,-577,-612,-518,-328,-88,149,334,441,459,397,284,0,0,0,0,0,100,275,425,516,516,411,209,-55,-327,-546,-658,-632,-454,-162,172,484,694,735,593,301,-83,-460,-733,-831,-721,-418,3,437,785,945,856,539,72,-438,-862,-1072,-1007,-680,-164,424,927,1199,1172,835,271,-376,-947,-1300,-1324,-999,-412,294,950,1379,1457,1160,561,-189,-907,-1403,-1540,-1284,-688,84,834,1377,1569,1359,799,28,-739,-1312,-1545,-1379,-857,-112,658,1244,1499,1359,862,149,-599,-1176,-1430,-1312,-854,-168,553,1107,1364,1260,816,160,-526,-1062,-1303,-1194,-764,-141,513,1021,1252,1142,722,115,-508,-984,-1197,-1080,-672,-93,505,957,1148,1020,615,49,-514,-928,-1088,-950,-556,-16,524,0,1045,887,491,-34,-545,-895,-1002,-831,-425,85,559,880,952,759,361,-134,-585,-869,-907,-696,-298,177,601,850,860,628,232,-225,-614,-820,-796,-559,-162,274,620,787,730,477,92,-313,-622,-745,-652,-379,-12,353,613,690,565,286,-70,-398,-602,-630,-472,-180,155,439,589,560,368,69,-247,-484,-577,-498,-268,38,330,523,559,431,176,-131,-398,-552,-546,-379,-96,216,463,572,514,308,10,-289,-499,-571,-483,-253,52,341,531,568,437,180,-132,-400,-552,-544,-383,-113,195,448,569,524,331,39,-264,-488,-570,-495,-273,33,331,532,580,462,208,-104,-391,-570,-587,-432,-143,0,0,0,0,0,638,588,370,47,-292,-551,-665,-593,-349,1,356,617,703,598,324,-46,-411,-658,-724,-588,-281,101,457,695,736,567,244,-149,-505,-715,-732,-539,-192,208,552,739,715,492,127,-276,-601,-752,-687,-424,-35,358,648,756,650,353,-55,-446,-709,-770,-613,-270,149,529,763,777,571,187,-256,-628,-823,-791,-532,-119,331,698,873,800,495,52,-409,-767,-916,-804,-465,5,476,823,938,794,438,-40,-512,-845,-940,-773,-395,92,555,862,932,746,354,-133,-579,-863,-908,-699,-295,181,598,848,863,637,240,-221,-614,-834,-820,-578,-180,263,626,816,769,501,100,-328,-660,-796,-707,0,-28,387,685,784,662,349,-68,-466,-735,-789,-618,-283,141,536,785,818,613,232,-217,-610,-839,-841,-600,-194,281,686,896,863,599,161,-332,-737,-945,-895,-601,-142,360,776,991,931,608,119,-401,-821,-1020,-937,-609,-109,428,851,1045,964,621,107,-441,-873,-1076,-995,-645,-122,443,886,1094,1023,678,153,-407,-850,-1076,-1019,-702,-211,333,786,1030,999,718,259,-263,-707,-956,-948,-707,-290,197,616,857,882,681,309,-133,-530,-777,-819,-656,-329,69,436,685,754,633,355,-3,-343,-588,-688,-622,-405,-99,225,483,622,618,478,238,-41,-293,-476,-558,-523,-397,-217,-23,146,269,0,0,0,0,0,-391,-352,-237,-46,179,397,555,611,536,345,69,-241,-515,-679,-686,-532,-246,119,469,710,777,657,362,-38,-449,-756,-883,-787,-480,-31,442,818,1002,933,610,105,-442,-896,-1130,-1081,-758,-215,408,943,1258,1248,913,344,-336,-957,-1344,-1392,-1090,-494,249,941,1397,1508,1235,634,-144,-878,-1398,-1565,-1321,-741,24,790,1345,1557,1375,831,72,-694,-1276,-1524,-1375,-866,-134,625,1215,1473,1334,853,152,-574,-1137,-1401,-1293,-839,-168,535,1084,1337,1234,796,146,-516,-1031,-1277,-1176,-755,-129,511,997,1215,1105,691,99,-509,-974,-1170,-1049,-644,-77,501,940,1114,984,590,34,-520,-919,-1063,-924,0,4,525,897,1021,861,463,-61,-561,-898,-981,-792,-393,110,576,875,932,732,331,-152,-589,-857,-886,-667,-267,199,605,839,829,591,196,-250,-619,-805,-770,-520,-129,289,614,763,695,428,46,-334,-616,-719,-612,-333,31,377,606,655,519,233,-113,-418,-593,-589,-416,-123,204,456,575,528,323,17,-292,-506,-570,-462,-219,90,370,543,558,405,134,-175,-435,-564,-529,-340,-52,251,486,576,500,278,-26,-321,-521,-573,-462,-218,94,374,545,562,418,151,-156,-419,-560,-540,-363,-82,231,477,576,508,299,6,-291,-509,-579,-480,-240,71,358,547,585,450,186,-135,-424,-589,0,0
10595,mtk,MTK 7916,4081055436,rx2-tx1,512,0,0,0,-166,-42,81,174,220,201,131,31,-68,-141,-175,-158,-100,-15,70,127,141,120,63,-15,-89,-136,-142,-103,-29,54,123,160,150,92,9,-75,-147,-190,-181,-119,-26,82,175,220,211,152,45,-74,-180,-245,-248,-187,-79,54,177,259,282,235,128,-17,-160,-271,-312,-275,-168,-18,142,271,338,322,221,68,-107,-257,-350,-354,-263,-110,73,241,356,382,312,166,-26,-217,-359,-407,-354,-214,-19,190,352,418,378,249,55,-152,-322,-416,-399,-270,-76,136,311,406,390,273,84,-127,-303,-400,-395,-282,-87,126,309,410,395,274,77,-146,-333,-433,-410,-274,-63,165,353,0,447,297,67,-181,-396,-512,-486,-328,-83,189,421,555,535,374,110,-187,-440,-583,-582,-432,-155,169,448,620,636,481,193,-139,-439,-638,-671,-523,-239,114,443,657,705,569,281,-90,-450,-687,-735,-602,-318,64,435,699,783,664,374,-11,-400,-692,-806,-714,-432,-44,354,665,805,746,495,110,-302,-619,-787,-759,-539,-177,217,552,753,757,565,232,-151,-487,-700,-740,-578,-275,80,419,651,711,595,331,-7,-337,-566,-655,-588,-364,-61,245,498,618,587,418,148,-149,-398,-554,-578,-456,-241,22,283,466,535,489,344,131,-95,-291,-421,-461,-409,-287,-129,30,161,245,277,0,0,0,0,0,43,97,139,159,145,99,37,-40,-118,-180,-210,-196,-135,-39,70,173,236,242,194,92,-40,-164,-258,-293,-245,-134,16,168,290,347,317,196,16,-177,-338,-426,-405,-273,-69,161,374,502,507,380,146,-132,-384,-555,-604,-497,-257,56,363,598,695,619,380,42,-314,-605,-755,-708,-483,-141,237,569,765,768,578,245,-159,-528,-759,-801,-637,-302,110,489,736,799,662,356,-51,-445,-721,-814,-690,-384,14,399,691,811,710,421,26,-386,-697,-818,-719,-443,-53,367,692,829,751,478,74,-348,-688,-846,-781,-517,-121,301,648,838,799,548,161,-262,-617,-813,-792,-563,-185,0,603,797,782,564,195,-222,-579,-791,-781,-559,-193,222,578,780,771,562,196,-221,-581,-791,-787,-570,-194,235,597,799,793,570,194,-231,-599,-815,-815,-601,-227,211,600,823,832,629,245,-202,-586,-816,-839,-639,-272,161,549,796,824,641,296,-128,-510,-744,-791,-639,-309,100,465,704,759,604,297,-69,-419,-647,-704,-569,-285,63,380,589,644,523,265,-50,-344,-547,-601,-490,-247,54,330,507,549,447,231,-43,-296,-469,-510,-417,-220,31,276,436,475,388,204,-30,-245,-391,-434,-361,-197,17,221,360,402,342,196,3,-186,-316,-360,-315,-192,-26,143,273,326,289,178,0,0,0,0,0,-194,-244,-224,-151,-44,66,153,195,182,112,22,-62,-129,-159,-130,-68,7,81,128,138,108,41,-41,-106,-142,-142,-98,-21,64,136,172,155,97,13,-85,-164,-202,-192,-130,-27,82,179,237,239,177,65,-63,-177,-255,-267,-212,-104,35,167,267,306,264,153,4,-150,-267,-324,-300,-203,-47,124,270,348,340,249,95,-84,-249,-356,-375,-297,-143,47,233,362,398,336,193,-6,-207,-355,-417,-373,-236,-34,174,339,420,391,262,65,-146,-311,-399,-391,-281,-87,130,310,400,387,270,81,-130,-305,-404,-398,-279,-86,130,315,418,409,283,73,-159,-350,-448,-425,-290,0,174,376,476,450,311,83,-184,-415,-534,-508,-345,-92,196,440,577,570,411,143,-168,-445,-605,-610,-450,-174,154,450,628,644,502,222,-130,-451,-655,-685,-534,-247,104,440,672,725,587,294,-84,-452,-693,-753,-635,-349,42,422,693,796,692,405,14,-380,-687,-814,-719,-459,-72,335,654,807,754,509,144,-254,-595,-781,-767,-554,-211,176,519,728,749,579,266,-110,-449,-666,-709,-585,-313,39,376,615,690,590,348,19,-299,-536,-649,-596,-397,-108,192,444,589,581,432,195,-77,-332,-508,-553,-474,-292,-51,188,381,485,488,393,220,15,-169,-302,-374,-374,-312,-207,-85,0,0,0,0,0,-110,-87,-49,11,79,141,181,191,161,88,-6,-101,-179,-228,-224,-166,-63,57,172,253,269,217,113,-22,-168,-280,-320,-277,-165,-3,171,309,375,350,232,36,-180,-362,-462,-453,-330,-110,151,390,547,559,429,200,-94,-386,-593,-662,-570,-328,7,351,613,730,675,441,88,-293,-600,-762,-737,-530,-188,205,549,760,785,607,269,-132,-498,-745,-806,-657,-329,76,466,727,802,675,369,-36,-430,-716,-809,-697,-400,1,399,695,813,709,422,32,-375,-691,-827,-747,-466,-62,358,688,836,761,495,105,-320,-666,-831,-780,-534,-148,279,633,823,799,554,167,-259,-612,-800,0,-565,-197,228,596,796,780,560,195,-220,-579,-778,-778,-565,-200,219,580,787,785,565,196,-225,-590,-794,-786,-566,-190,232,591,803,800,580,203,-233,-610,-826,-831,-617,-240,203,595,823,839,636,260,-180,-567,-810,-837,-647,-290,136,521,771,818,640,300,-104,-482,-726,-776,-621,-307,76,429,668,730,594,295,-71,-397,-620,-670,-547,-281,58,369,570,621,507,260,-52,-341,-532,-580,-472,-238,49,315,492,537,437,223,-40,-288,-455,-492,-402,-216,27,258,412,449,371,201,-22,-239,-384,-422,-353,-201,1,199,338,385,332,196,11,-166,-294,-347,-307,-192,-29,130,249,0,0
10596,mtk,MTK 7916,4081108254,rx0-tx0,512,-172,-433,-200,307,499,655,773,847,885,873,811,719,586,428,240,45,-158,-352,-527,-672,-793,-868,-893,-870,-800,-685,-540,-367,-153,67,284,494,667,813,905,942,931,859,741,578,379,164,-63,-290,-497,-666,-803,-888,-921,-902,-836,-715,-561,-372,-165,46,257,440,598,725,810,837,824,763,666,533,363,183,-14,-185,-352,-503,-616,-695,-739,-733,-696,-616,-500,-366,-225,-66,91,244,391,494,575,637,653,631,567,483,372,237,94,-54,-191,-301,-399,-476,-512,-530,-515,-469,-398,-313,-218,-112,-9,79,169,237,297,342,371,374,361,339,310,259,197,135,66,-21,-106,-174,-241,-301,-588,-366,-373,-359,-319,-270,-195,-115,-31,51,135,212,273,309,333,346,323,291,251,192,130,65,-5,-67,-108,-155,-193,-225,-238,-242,-234,-230,-221,-204,-183,-157,-123,-85,-39,14,68,139,215,282,340,394,431,440,415,374,292,188,59,-85,-244,-392,-524,-626,-695,-713,-680,-596,-466,-299,-102,115,329,529,690,806,861,854,793,664,491,296,60,-172,-398,-590,-742,-832,-864,-844,-758,-619,-440,-229,-15,192,403,572,684,764,779,730,648,513,346,161,-33,-219,-378,-511,-611,-659,-650,-599,-505,-379,-218,-38,135,289,425,519,561,542,469,347,186,18,-140,-262,-332,-339,-170,-414,765,-615,-740,-13,81,192,290,351,371,338,261,146,14,-122,-251,-361,-437,-460,-449,-402,-307,-190,-63,75,211,322,414,476,498,470,407,315,191,59,-81,-204,-307,-394,-448,-459,-431,-372,-293,-185,-80,32,133,211,287,310,324,300,246,180,111,40,-17,-53,-90,-106,-101,-90,-66,-39,-2,22,30,39,13,-21,-52,-100,-154,-191,-211,-230,-215,-180,-130,-64,28,117,204,288,360,411,445,443,406,333,237,115,-20,-170,-314,-447,-562,-629,-660,-644,-591,-493,-362,-190,-9,180,360,538,683,783,837,835,770,663,516,321,101,-132,-375,-593,-774,-915,-998,-1003,-965,-849,-663,-450,-291,57,331,590,803,975,1085,1126,1103,1013,846,627,362,75,-223,-510,-768,-976,-1130,-1203,-1208,-1137,-992,-789,-546,-265,35,321,596,836,1018,1142,1205,1197,1125,983,780,542,266,-27,-304,-579,-826,-1026,-1166,-1252,-1259,-1194,-1072,-896,-639,-357,-47,263,563,843,1079,1245,1350,1379,1327,1189,988,724,417,74,-275,-623,-913,-1168,-1367,-1480,-1496,-1409,-1248,-1013,-713,-357,14,386,735,1037,1284,1442,1508,1489,1378,1177,899,573,218,-150,-498,-825,-1084,-1279,-1394,-1425,-1361,-1221,-998,-721,-416,-88,240,546,809,1018,1158,1228,1218,1145,1007,812,570,300,38,-230,-485,-693,-859,-969,-1023,-1024,-962,-839,390,32,126,317,527,871,763,621,449,261,66,-141,-333,-499,-649,-761,-841,-869,-857,-795,-694,-557,-400,-204,-6,205,399,580,723,840,914,928,890,796,653,485,272,50,-178,-398,-586,-752,-867,-933,-950,-908,-795,-651,-470,-268,-48,171,379,564,710,819,877,890,845,749,619,459,269,71,-125,-318,-478,-620,-718,-781,-790,-753,-691,-583,-439,-289,-113,51,217,369,501,590,655,685,678,639,554,438,318,169,6,-145,-279,-391,-494,-560,-592,-588,-547,-481,-398,-283,-163,-39,88,200,289,353,408,439,442,425,388,326,261,189,109,27,-51,-121,-192,-263,-310,-341,-364,-370,-343,-313,-273,-215,321,-56,25,115,193,262,320,349,367,360,340,291,225,152,84,-3,-83,-147,-202,-250,-276,-295,-287,-259,-234,-209,-174,-131,-83,-35,11,47,90,125,161,193,228,254,275,279,288,289,269,225,167,94,-3,-115,-219,-326,-435,-517,-572,-590,-569,-501,-403,-265,-92,96,284,456,607,722,793,801,757,657,506,310,84,-146,-366,-569,-719,-833,-888,-868,-791,-657,-477,-262,-41,189,406,590,725,804,820,799,720,573,402,209,-14,-209,-388,-545,-655,-713,-725,-676,-584,-454,-291,-108,69,238,388,508,591,616,586,510,394,242,71,-102,-261,-388,-463,-474,-428,-325,-189,-61,-457,-284,-436,-375,58,260,269,242,165,57,-70,-197,-310,-392,-431,-423,-370,-279,-152,-14,120,250,362,434,475,484,439,360,254,125,-15,-150,-270,-377,-451,-484,-479,-430,-358,-257,-129,-1,121,225,317,375,398,395,343,290,204,108,22,-71,-131,-179,-208,-216,-189,-163,-129,-77,-28,5,29,27,25,3,-16,-46,-86,-101,-112,-113,-88,-40,5,71,144,204,257,306,335,331,308,260,187,87,-29,-154,-267,-373,-465,-530,-555,-542,-490,-418,-296,-154,14,183,348,496,624,712,752,740,685,588,438,257,50,-171,-383,-565,-733,-857,-922,-935,-882,-762,-592,-385,-139,109,355,609,808,952,374,1075,1036,924,751,532,268,1,-277,-548,-794,-984,-1114,-1178,-1167,-1080,-923,-712,-454,-161,136,439,705,926,1091,1194,1219,1170,1060,879,650,388,108,-178,-457,-716,-929,-1089,-1197,-1223,-1190,-1099,-934,-715,-462,-175,130,426,697,942,1141,1261,1318,1294,1207,1046,818,541,237,-93,-426,-738,-1007,-1223,-1374,-1442,-1431,-1319,-1135,-896,-585,-235,151,510,839,1121,1343,1473,1511,1466,1327,1106,817,472,111,-262,-624,-947,-1198,-1374,-1472,-1472,-1383,-1205,-957,-658,-327,21,366,684,961,1160,1285,1340,1311,1195,1014,774,498,195,-108,-391,-646,-859,-1014,-1099,-1126,-1098,-992,-837,-638,-411,-169,71,309,516,-632,-731
10597,mtk,MTK 7916,4081108254,rx0-tx1,512,379,-535,-852,523,343,146,-77,-301,-509,-691,-839,-946,-995,-984,-915,-795,-619,-400,-154,104,362,604,814,977,1085,1127,1101,1009,852,656,408,126,-163,-448,-713,-932,-1096,-1189,-1221,-1177,-1063,-887,-657,-384,-91,214,501,760,979,1134,1226,1247,1198,1074,888,651,381,91,-220,-503,-761,-973,-1124,-1208,-1225,-1184,-1065,-886,-654,-390,-105,189,470,719,931,1085,1180,1202,1157,1046,868,653,394,115,-167,-438,-673,-875,-1030,-1115,-1137,-1094,-990,-829,-628,-392,-138,121,377,601,785,931,1010,1037,1007,921,788,610,397,173,-59,-284,-495,-675,-811,-909,-954,-945,-884,-782,-632,-454,-247,-26,204,424,605,758,-430,943,954,913,824,682,496,283,42,-193,-428,-630,-802,-934,-997,-1001,-947,-833,-665,-453,-223,31,283,518,718,881,983,1022,994,899,745,549,319,69,-174,-407,-621,-781,-895,-938,-927,-853,-725,-566,-369,-151,66,276,459,606,711,770,784,742,664,538,386,220,57,-114,-266,-382,-484,-552,-583,-588,-553,-491,-407,-304,-181,-58,70,187,285,368,430,458,461,440,397,326,244,151,49,-50,-141,-220,-280,-324,-362,-363,-351,-321,-263,-197,-126,-41,42,117,185,245,282,303,305,291,256,203,137,64,-21,-96,-165,-219,-259,-275,-267,-237,-182,-110,-27,56,123,171,188,175,801,470,481,-424,-355,64,-46,-170,-287,-375,-417,-408,-351,-249,-123,20,162,293,403,473,511,510,462,375,271,142,-5,-145,-284,-410,-508,-561,-590,-578,-526,-436,-318,-177,-19,156,317,469,593,679,732,730,671,575,445,264,62,-143,-357,-547,-699,-820,-886,-881,-825,-705,-538,-324,-92,144,387,603,781,904,970,971,894,758,570,348,99,-148,-390,-597,-763,-873,-923,-910,-845,-723,-556,-355,-133,83,286,470,614,724,779,781,744,653,533,387,220,47,-117,-274,-407,-512,-591,-627,-624,-588,-524,-437,-325,-191,-59,70,192,299,391,455,495,511,503,470,409,332,237,133,22,-93,-194,-289,230,-429,-468,-485,-471,-442,-386,-305,-210,-103,9,124,226,319,402,454,491,498,466,413,343,257,155,41,-74,-186,-285,-364,-428,-463,-469,-454,-418,-357,-274,-181,-82,19,114,206,279,336,378,401,405,391,354,300,245,180,105,27,-53,-129,-195,-258,-309,-349,-379,-392,-384,-366,-324,-273,-205,-122,-31,67,163,258,343,416,471,500,505,480,427,350,253,134,13,-114,-247,-363,-463,-543,-591,-611,-585,-537,-458,-350,-221,-80,70,217,350,473,569,640,668,660,620,544,439,305,155,-7,-170,-326,-469,-589,-679,-729,-741,-711,-644,-542,-407,-238,-59,123,307,469,615,725,-415,-466,11,-683,-269,-717,-825,-897,-921,-882,-791,-655,-478,-272,-36,206,445,656,839,969,1044,1064,1021,913,744,528,280,4,-273,-543,-774,-959,-1100,-1172,-1171,-1109,-967,-773,-526,-250,42,338,612,854,1046,1178,1240,1226,1135,986,776,518,229,-73,-370,-645,-881,-1067,-1184,-1246,-1227,-1137,-989,-780,-524,-239,52,346,617,850,1036,1159,1221,1205,1118,973,772,527,256,-34,-313,-580,-805,-982,-1109,-1168,-1162,-1086,-947,-762,-523,-260,11,279,527,745,912,1025,1078,1079,1014,886,716,506,271,28,-215,-441,-640,-806,-923,-983,-990,-939,-842,-693,-515,-313,-93,130,340,539,710,835,919,950,934,856,731,573,-1099,157,-74,-298,-511,-699,-839,-941,-984,-970,-895,-763,-599,-382,-139,107,351,578,775,915,1001,1024,980,875,719,516,274,20,-230,-471,-675,-834,-944,-986,-964,-889,-750,-566,-354,-113,124,354,547,699,814,867,864,806,693,551,374,190,-9,-193,-359,-499,-602,-658,-686,-674,-606,-515,-400,-261,-125,22,164,286,383,458,503,519,509,466,404,325,221,110,1,-106,-208,-294,-355,-399,-417,-407,-374,-321,-254,-183,-94,0,81,164,233,281,315,333,328,307,271,211,140,63,-14,-91,-163,-224,-264,-293,-298,-279,-240,-180,-106,-24,56,132,194,234,250,234,191,129,52,-15,-292,-699,-407,-266,-312,-285,-319,-306,-241,-133,1,142,272,377,448,474,453,394,294,171,35,-111,-252,-367,-455,-523,-545,-533,-485,-400,-279,-145,-1,162,309,438,544,615,660,650,599,508,375,220,45,-151,-334,-497,-644,-753,-803,-804,-759,-647,-497,-310,-85,145,376,585,755,874,930,940,879,751,568,346,100,-160,-404,-618,-794,-914,-967,-954,-877,-746,-563,-344,-103,129,350,547,701,808,856,851,796,692,542,366,162,-25,-212,-381,-520,-623,-687,-705,-689,-633,-536,-417,-274,-119,33,175,300,410,498,549,566,556,515,451,366,264,150,34,-83,-197,-296,-374,-435,-471,-491,-476,-440,-384,-198,-225,-121,-10,99,202,302,383,440,477,488,474,430,370,284,185,80,-44,-162,-263,-350,-421,-470,-489,-481,-451,-388,-310,-216,-106,-1,103,202,291,360,406,435,437,419,377,316,248,167,79,-9,-94,-176,-239,-292,-335,-368,-381,-378,-354,-317,-269,-211,-148,-78,3,86,168,247,315,373,414,441,445,433,391,328,244,144,36,-79,-198,-310,-404,-480,-532,-556,-556,-521,-449,-361,-247,-116,26,169,298,420,520,591,632,642,607,547,450,331,193,36,-116,-271,-408,-528,-621,-679,-702,-684,-631,-546,-424,-276,-109,62,233,395,538,661,745,783,783,737,646,522,360,-10,-109
10598,mtk,MTK 7916,4081108254,rx1-tx0,512,-13,105,41,395,489,554,577,563,509,409,290,157,5,-147,-282,-405,-497,-547,-562,-540,-476,-377,-258,-119,30,176,303,417,501,552,566,541,477,396,271,130,-19,-167,-307,-437,-533,-600,-629,-609,-558,-463,-340,-193,-27,150,319,466,590,681,725,728,673,579,451,283,93,-103,-310,-491,-649,-774,-836,-853,-815,-707,-558,-375,-162,71,298,510,693,830,908,935,895,795,647,453,226,-15,-251,-468,-660,-801,-885,-925,-901,-814,-689,-515,-309,-96,121,324,512,663,772,836,846,814,738,618,465,295,103,-93,-281,-455,-601,-725,-801,-831,-829,-782,-686,-545,-380,-190,23,236,443,632,231,921,977,985,940,829,664,457,203,-62,-339,-597,-830,-1018,-1139,-1195,-1170,-1079,-903,-659,-378,-61,274,593,875,1117,1276,1362,1360,1254,1065,817,508,154,-216,-562,-886,-1145,-1329,-1424,-1441,-1355,-1186,-935,-618,-268,100,465,802,1092,1314,1448,1494,1444,1311,1081,786,429,43,-349,-721,-1036,-1307,-1482,-1558,-1542,-1413,-1181,-876,-494,-80,337,742,1086,1350,1526,1584,1521,1348,1083,745,355,-50,-441,-800,-1088,-1284,-1379,-1375,-1275,-1087,-819,-517,-183,166,488,751,959,1089,1141,1108,994,806,568,300,13,-269,-518,-725,-869,-936,-919,-838,-671,-449,-189,84,334,541,680,732,693,556,364,138,-74,233,197,101,-228,-113,173,11,-193,-389,-549,-644,-657,-589,-446,-243,-8,227,448,634,758,826,815,736,592,406,172,-78,-327,-560,-763,-903,-971,-976,-914,-772,-565,-326,-43,255,545,796,993,1125,1177,1149,1044,848,598,291,-45,-371,-687,-966,-1173,-1307,-1356,-1300,-1153,-923,-629,-292,85,444,797,1094,1300,1438,1472,1417,1260,1001,684,318,-77,-474,-833,-1138,-1378,-1514,-1531,-1461,-1289,-1026,-696,-319,73,464,816,1109,1319,1445,1474,1399,1234,990,693,359,6,-342,-662,-936,-1149,-1287,-1331,-1304,-1191,-1000,-755,-477,-170,142,448,723,938,1100,1193,1215,1164,1049,873,644,378,91,-194,-466,-713,-918,-1078,-1163,-1177,-49,-1017,-841,-617,-356,-70,219,500,757,971,1134,1221,1239,1195,1061,865,621,324,4,-330,-631,-907,-1138,-1297,-1373,-1354,-1254,-1072,-811,-489,-145,217,567,879,1144,1324,1422,1427,1336,1152,897,579,225,-136,-489,-796,-1056,-1246,-1351,-1358,-1280,-1128,-907,-619,-301,33,357,647,888,1064,1172,1206,1164,1045,866,646,394,110,-170,-429,-654,-841,-962,-1032,-1029,-961,-842,-668,-461,-230,13,240,461,650,784,878,910,880,792,659,490,299,86,-138,-342,-521,-660,-755,-801,-796,-728,-621,-477,-299,-105,91,279,439,574,667,711,705,647,556,425,258,85,-99,-259,-403,-521,-593,-631,-613,-558,-461,-470,-393,221,532,518,438,323,181,26,-120,-268,-395,-486,-548,-571,-548,-491,-402,-275,-130,15,162,298,409,496,550,559,528,463,375,255,119,-31,-185,-314,-426,-522,-565,-586,-563,-514,-423,-301,-162,1,162,316,455,557,635,671,670,617,522,398,237,61,-127,-314,-472,-617,-725,-779,-788,-745,-646,-513,-328,-122,88,309,513,675,803,884,901,857,758,606,409,189,-49,-287,-502,-683,-824,-912,-940,-904,-813,-664,-471,-261,-35,196,407,587,741,837,882,873,815,704,555,378,179,-22,-212,-394,-558,-684,-776,-822,-823,-779,-691,-572,-422,-239,-47,144,338,520,671,788,867,898,877,806,682,-568,326,94,-142,-387,-613,-807,-965,-1065,-1096,-1060,-956,-795,-567,-300,-2,301,596,870,1081,1222,1291,1277,1174,1001,745,433,102,-248,-587,-886,-1137,-1317,-1413,-1408,-1315,-1136,-875,-558,-206,165,524,849,1130,1330,1449,1472,1403,1241,1006,690,344,-34,-399,-749,-1057,-1298,-1457,-1525,-1503,-1367,-1151,-855,-483,-94,316,711,1056,1335,1524,1589,1557,1410,1159,832,448,23,-393,-778,-1106,-1346,-1481,-1503,-1425,-1245,-973,-630,-262,113,467,785,1028,1183,1261,1243,1126,940,692,400,94,-212,-489,-724,-895,-997,-1024,-970,-846,-657,-419,-149,120,378,599,757,841,843,755,592,365,111,-146,-361,-499,-554,-508,276,379,-164,-717,-763,-411,-497,-505,-429,-281,-74,157,381,570,700,752,731,647,491,289,53,-200,-434,-628,-779,-875,-900,-854,-747,-575,-347,-98,168,439,686,872,1010,1082,1070,977,813,582,305,-3,-312,-621,-887,-1093,-1228,-1264,-1219,-1095,-887,-611,-292,57,418,750,1039,1250,1386,1419,1359,1224,971,663,301,-84,-462,-826,-1130,-1347,-1488,-1522,-1449,-1274,-1022,-697,-306,86,479,844,1146,1362,1487,1517,1447,1271,1008,687,330,-50,-423,-758,-1042,-1246,-1371,-1406,-1350,-1211,-1001,-734,-418,-86,244,561,826,1037,1181,1261,1260,1182,1021,809,560,276,-26,-320,-591,-828,-1012,-1138,-1188,-1167,-1082,-935,-739,-497,-217,70,425,609,836,1012,1133,1192,1180,1100,952,750,492,199,-97,-403,-696,-935,-1131,-1258,-1315,-1284,-1170,-995,-740,-435,-87,263,597,903,1153,1323,1405,1403,1305,1128,868,547,188,-178,-534,-850,-1110,-1303,-1397,-1405,-1320,-1149,-906,-601,-255,91,428,726,986,1167,1268,1290,1224,1087,883,634,341,38,-265,-539,-769,-947,-1072,-1125,-1097,-1004,-862,-663,-422,-167,96,335,553,736,871,949,963,918,825,668,481,274,44,-183,-395,-576,-719,-809,-855,-835,-764,-648,-491,-305,-105,104,299,468,606,708,758,754,695,592,454,286,103,-88,-265,-416,-546,-627,-670,-659,-600,-515,-385,-235,-64,105,260,399,-486,-557
10599,mtk,MTK 7916,4081108254,rx1-tx1,512,0,0,0,-510,-439,-239,25,278,450,494,399,186,-80,-315,-456,-464,-342,-125,126,338,454,435,285,49,-198,-382,-454,-386,-201,40,277,432,457,355,141,-121,-352,-475,-457,-302,-54,208,422,519,455,252,-33,-319,-516,-564,-450,-199,115,396,577,596,438,156,-179,-480,-645,-624,-422,-94,266,555,691,636,403,50,-322,-604,-729,-650,-381,-10,367,640,740,638,357,-21,-392,-652,-734,-608,-321,48,407,644,701,568,281,-76,-396,-602,-639,-497,-223,94,376,542,552,410,162,-114,-351,-473,-455,-308,-82,155,330,399,341,181,-21,-209,-321,-330,-233,-65,117,263,318,267,128,-49,0,-331,-320,-213,-37,162,323,389,332,171,-52,-272,-423,-455,-358,-157,106,348,496,507,373,135,-140,-390,-536,-532,-373,-108,180,415,540,512,336,60,-228,-440,-530,-470,-268,0,270,470,527,424,192,-100,-365,-524,-525,-364,-88,232,489,596,529,309,-8,-343,-603,-695,-581,-304,65,442,712,794,664,344,-86,-492,-781,-874,-739,-401,47,492,814,921,782,451,1,-444,-772,-905,-806,-500,-73,367,709,859,782,506,117,-297,-624,-777,-735,-504,-150,222,522,676,655,471,166,-168,-446,-599,-606,-460,-201,96,355,525,572,484,291,46,-196,-382,-480,-475,-383,-231,-65,88,0,0,0,0,0,64,49,23,-10,-42,-67,-76,-74,-63,-31,12,50,79,90,75,39,-5,-49,-75,-86,-77,-47,2,45,77,94,82,49,5,-37,-74,-93,-94,-59,-14,37,80,95,86,56,18,-30,-80,-113,-106,-72,-14,43,89,113,115,80,21,-39,-93,-124,-125,-99,-49,23,91,129,140,119,62,-2,-69,-116,-133,-123,-88,-25,35,84,119,120,95,45,-12,-56,-85,-92,-83,-55,-9,34,59,65,56,30,-1,-25,-42,-47,-35,-10,17,41,46,36,9,-24,-45,-50,-56,-42,-5,31,57,68,64,41,1,-42,-77,-93,-88,-58,-19,25,79,107,94,56,7,0,-86,-98,-91,-56,6,54,97,112,83,35,-21,-79,-113,-115,-92,-31,41,102,137,131,85,11,-69,-137,-171,-156,-89,8,104,178,217,189,102,-14,-137,-229,-258,-215,-112,27,165,265,295,248,121,-40,-194,-298,-329,-265,-120,60,229,341,367,295,133,-75,-260,-369,-383,-290,-110,102,288,397,392,284,98,-126,-322,-422,-409,-289,-72,166,350,446,417,267,42,-188,-374,-462,-408,-241,-9,227,401,468,405,224,-27,-276,-443,-482,-387,-186,70,309,458,484,375,153,-111,-341,-482,-493,-363,-125,150,382,501,478,334,89,-192,-411,-513,-477,-306,-49,218,430,532,0,0,0,0,0,-12,-271,-453,-507,-418,-218,44,287,444,479,375,163,-98,-324,-446,-448,-321,-87,162,358,457,419,252,9,-236,-407,-459,-374,-172,82,310,449,453,324,91,-178,-393,-496,-461,-282,-15,253,460,537,448,220,-75,-357,-541,-567,-439,-178,154,437,599,603,432,125,-228,-517,-670,-644,-433,-86,286,584,718,650,399,31,-340,-616,-732,-643,-369,10,378,649,740,624,339,-31,-392,-648,-725,-590,-300,59,396,619,666,535,260,-81,-392,-577,-596,-455,-195,105,363,514,513,364,125,-135,-343,-438,-398,-247,-36,176,322,359,282,121,-73,-232,-318,-297,-174,2,174,295,321,0,75,-119,-275,-352,-333,-197,12,221,369,421,347,156,-89,-310,-450,-471,-366,-144,128,363,502,510,373,122,-166,-411,-543,-521,-348,-85,194,428,541,497,310,34,-246,-453,-529,-442,-226,53,323,499,519,380,132,-173,-427,-555,-525,-330,-25,295,547,649,567,315,-43,-401,-660,-745,-623,-322,81,480,754,832,688,352,-75,-495,-803,-903,-766,-421,35,478,800,921,806,478,39,-409,-754,-891,-796,-509,-99,330,662,817,759,504,130,-261,-571,-729,-693,-484,-159,196,487,646,633,463,186,-130,-407,-573,-592,-469,-239,32,285,468,541,495,350,145,-70,-250,-359,-389,-351,0,0,0,0,0,31,52,70,81,78,55,16,-28,-63,-79,-82,-66,-36,6,49,80,88,71,39,-4,-48,-79,-87,-83,-52,-5,39,75,88,76,56,12,-39,-73,-96,-92,-55,-3,43,79,96,97,68,21,-32,-84,-112,-113,-77,-16,43,95,120,119,86,27,-37,-95,-136,-136,-101,-50,8,68,123,139,122,77,17,-51,-104,-121,-119,-91,-35,22,71,101,107,84,42,-1,-42,-74,-81,-67,-34,1,31,53,61,48,22,-11,-39,-50,-41,-30,-1,36,54,48,32,8,-27,-55,-67,-65,-41,-5,33,68,91,82,44,-1,-38,-74,-97,-87,-58,-20,37,82,103,0,62,5,-48,-80,-106,-100,-54,0,55,104,115,87,33,-22,-78,-123,-127,-92,-27,60,127,154,143,91,4,-90,-158,-188,-168,-91,19,126,206,230,193,102,-26,-154,-252,-277,-227,-113,43,186,284,311,258,133,-43,-207,-317,-347,-274,-124,57,232,353,367,279,114,-86,-275,-390,-396,-290,-106,115,302,414,418,296,84,-144,-330,-437,-417,-274,-61,176,364,450,420,266,31,-215,-398,-466,-406,-234,6,242,414,473,398,208,-46,-287,-446,-483,-375,-161,94,328,478,487,359,138,-128,-366,-498,-492,-344,-99,172,395,509,479,319,67,-203,-413,-513,-476,-310,-47,0,0
10600,mtk,MTK 7916,4081108254,rx2-tx0,512,0,0,0,454,704,749,572,226,-197,-563,-770,-759,-524,-129,309,658,813,736,444,21,-415,-734,-838,-695,-354,96,525,799,845,643,247,-224,-632,-857,-831,-564,-128,341,717,883,782,461,1,-466,-789,-887,-722,-332,149,583,846,862,624,189,-310,-712,-905,-831,-507,-31,457,813,931,775,383,-128,-608,-914,-949,-703,-254,285,752,998,953,631,118,-433,-860,-1048,-927,-534,13,562,953,1069,874,428,-144,-674,-1014,-1064,-813,-328,253,768,1056,1043,732,216,-364,-831,-1053,-976,-630,-104,455,873,1035,903,515,-18,-536,-895,-994,-804,-387,136,608,900,930,682,240,-263,-683,-897,-848,-553,0,396,757,896,768,408,-73,-531,-834,-899,-692,-270,228,662,908,889,610,150,-365,-782,-978,-887,-538,-27,502,892,1033,880,472,-77,-620,-993,-1081,-864,-399,188,726,1062,1108,837,324,-284,-822,-1126,-1114,-795,-247,380,906,1179,1125,758,170,-470,-975,-1213,-1130,-727,-114,528,1024,1245,1126,691,73,-561,-1041,-1235,-1094,-659,-45,571,1025,1201,1056,627,32,-562,-990,-1144,-992,-578,-24,519,914,1059,914,530,25,-479,-844,-968,-833,-479,-12,446,775,880,759,449,28,-388,-695,-809,-709,-432,-58,321,612,739,680,460,138,-203,-488,-654,-665,-532,-297,-20,243,433,520,502,401,249,0,0,0,0,0,395,419,358,214,1,-242,-454,-588,-603,-481,-243,66,371,597,687,614,383,40,-327,-616,-760,-713,-468,-88,325,663,837,799,541,124,-341,-729,-943,-907,-619,-149,377,818,1058,1020,698,180,-408,-904,-1166,-1120,-773,-213,422,957,1255,1224,851,247,-424,-1000,-1317,-1276,-901,-277,435,1024,1339,1301,913,275,-431,-1026,-1338,-1288,-888,-249,450,1018,1296,1225,824,194,-477,-1012,-1264,-1160,-734,-115,527,1011,1208,1067,633,28,-579,-1014,-1156,-975,-527,62,632,1013,1101,878,417,-153,-681,-1010,-1046,-785,-310,241,723,997,979,687,204,-330,-761,-973,-908,-583,-100,404,787,944,828,477,-12,0,-813,-897,-728,-354,119,553,827,854,635,239,-225,-614,-818,-785,-526,-120,314,656,801,706,409,-4,-407,-689,-767,-611,-277,129,488,700,709,502,148,-242,-560,-707,-641,-384,-12,356,615,687,555,256,-120,-456,-654,-648,-444,-112,251,541,666,584,326,-27,-377,-614,-664,-504,-193,172,493,673,643,414,60,-311,-593,-700,-601,-321,65,429,669,711,541,213,-184,-522,-705,-691,-473,-104,293,600,733,651,380,-8,-390,-654,-727,-585,-267,127,480,692,697,497,151,-239,-558,-711,-650,-399,-29,348,624,711,585,291,-90,-445,-672,-696,-508,-175,212,543,710,667,431,65,-318,0,0,0,0,0,-596,-279,133,508,742,760,550,182,-240,-604,-794,-752,-487,-75,362,698,832,715,392,-49,-476,-774,-852,-677,-307,151,573,828,840,604,192,-276,-669,-866,-805,-507,-64,402,753,879,752,410,-65,-525,-827,-881,-672,-267,218,637,870,848,564,108,-379,-764,-923,-804,-446,52,536,866,948,747,315,-207,-674,-954,-953,-667,-184,351,797,1019,937,580,49,-505,-912,-1051,-897,-483,83,632,999,1078,847,374,-201,-724,-1040,-1055,-769,-267,310,795,1057,1013,676,149,-408,-849,-1047,-945,-572,-40,497,887,1018,858,454,-77,-576,-897,-956,-742,-315,197,649,900,878,610,167,-331,-726,0,-810,-483,-16,463,799,890,718,340,-144,-593,-868,-889,-649,-215,290,723,951,893,578,92,-434,-838,-1004,-886,-506,23,552,934,1051,866,431,-137,-674,-1029,-1089,-848,-367,232,775,1101,1115,819,293,-328,-858,-1151,-1123,-776,-210,424,946,1200,1116,730,141,-491,-998,-1231,-1123,-701,-85,550,1040,1249,1105,665,51,-571,-1034,-1223,-1083,-651,-47,561,1007,1174,1022,599,28,-543,-954,-1100,-952,-558,-20,503,877,1013,874,504,13,-468,-808,-923,-795,-464,-19,423,734,842,731,436,33,-363,-654,-772,-691,-442,-90,277,564,705,676,492,211,-104,-386,-569,-620,-549,-379,-155,66,238,343,0,0,0,0,0,-49,132,314,463,537,510,369,132,-149,-415,-603,-659,-559,-320,3,339,604,723,661,426,71,-318,-641,-802,-749,-499,-109,329,698,891,847,576,139,-359,-777,-997,-961,-659,-165,391,860,1115,1076,742,200,-413,-934,-1212,-1170,-814,-236,422,984,1289,1254,883,264,-431,-1012,-1325,-1298,-917,-275,439,1029,1342,1289,901,272,-436,-1018,-1318,-1257,-855,-227,455,1014,1283,1195,779,152,-497,-1005,-1237,-1116,-688,-72,558,1015,1186,1029,582,-23,-609,-1016,-1128,-926,-471,112,653,1013,1076,834,363,-205,-711,-1002,-1011,-739,-261,287,746,987,945,635,150,-369,-775,-958,-865,-525,-40,449,801,919,0,412,-60,-512,-817,-878,-685,-298,172,586,824,822,585,180,-274,-640,-815,-754,-470,-54,366,675,781,658,341,-62,-446,-697,-739,-560,-215,188,527,708,678,445,85,-301,-593,-699,-598,-322,47,399,630,675,507,179,-194,-503,-661,-622,-392,-42,317,579,664,546,259,-110,-440,-641,-652,-464,-134,240,548,689,621,364,-1,-374,-636,-711,-573,-266,120,480,698,702,502,154,-240,-563,-721,-668,-417,-41,351,635,731,616,316,-75,-439,-676,-718,-541,-209,179,516,700,679,453,93,-289,-588,-711,-621,-343,32,402,654,705,549,235,-149,-499,-697,-685,-473,-121,270,586,727,649,0,0
10601,mtk,MTK 7916,4081108254,rx2-tx1,512,0,0,0,-350,-363,-283,-122,79,247,339,328,217,45,-133,-274,-331,-291,-163,11,179,302,337,271,131,-47,-211,-315,-330,-252,-106,71,228,324,330,241,89,-82,-230,-321,-320,-228,-87,66,205,289,293,218,97,-43,-167,-248,-260,-208,-110,7,120,194,218,189,114,25,-67,-138,-171,-171,-138,-74,1,68,124,155,151,116,60,-4,-71,-127,-159,-156,-117,-49,35,114,171,192,160,86,-12,-111,-193,-230,-211,-136,-28,90,201,262,249,173,49,-95,-214,-279,-271,-197,-66,95,228,286,270,179,35,-117,-240,-298,-270,-166,-10,146,259,298,254,136,-29,-184,-290,-307,-228,0,93,253,344,329,217,35,-168,-330,-405,-361,-212,-1,224,402,469,403,226,-20,-274,-463,-529,-445,-228,54,328,528,591,483,237,-80,-380,-584,-629,-500,-227,116,429,632,667,518,214,-152,-478,-681,-706,-529,-202,190,540,754,761,551,193,-218,-587,-806,-803,-577,-213,223,616,840,834,604,211,-232,-623,-848,-843,-613,-218,233,622,847,848,621,230,-218,-603,-831,-841,-631,-254,186,577,803,815,621,274,-148,-527,-761,-791,-619,-291,105,464,706,765,626,333,-41,-397,-651,-734,-642,-398,-62,282,547,672,645,477,205,-100,-368,-547,-607,-546,-386,-166,57,238,350,381,0,0,0,0,0,242,271,247,162,31,-124,-270,-371,-401,-353,-224,-29,183,361,460,458,341,127,-130,-358,-506,-530,-417,-196,89,367,554,602,494,251,-68,-385,-624,-705,-592,-314,58,435,706,799,691,393,-33,-467,-790,-919,-806,-478,-13,471,854,1027,918,567,71,-466,-896,-1091,-1012,-660,-118,451,907,1129,1051,700,161,-426,-906,-1146,-1074,-710,-163,425,897,1134,1072,713,154,-436,-903,-1128,-1044,-684,-141,438,898,1110,1011,642,103,-462,-905,-1089,-971,-596,-59,502,914,1064,930,544,5,-537,-924,-1052,-894,-493,40,564,930,1035,859,446,-84,-589,-931,-1006,-801,-377,148,630,928,961,732,0,-209,-651,-909,-912,-655,-212,287,701,911,861,563,111,-368,-752,-921,-817,-476,-4,471,812,919,766,388,-108,-568,-868,-927,-718,-302,201,656,927,933,684,231,-295,-742,-982,-942,-641,-163,355,776,993,927,593,92,-422,-820,-995,-889,-529,-20,481,839,970,831,457,-41,-512,-840,-936,-765,-376,118,561,838,885,681,280,-191,-590,-825,-829,-591,-192,248,616,804,755,501,117,-293,-625,-777,-705,-430,-46,333,619,730,631,352,-18,-372,-613,-678,-554,-279,62,376,584,621,484,210,-116,-392,-553,-561,-409,-142,154,395,517,498,339,88,-174,-379,-469,-423,-264,-41,188,364,0,0,0,0,0,146,-60,-239,-344,-348,-250,-79,111,264,339,308,188,18,-164,-293,-332,-280,-146,30,197,310,328,256,115,-61,-224,-326,-334,-247,-98,75,229,315,322,241,94,-73,-215,-301,-301,-226,-94,60,193,271,275,213,106,-20,-139,-222,-247,-207,-117,-8,86,156,194,181,131,56,-26,-98,-146,-158,-139,-97,-36,34,97,135,152,138,83,15,-53,-122,-170,-171,-137,-74,14,110,187,217,191,122,15,-103,-199,-246,-232,-160,-42,94,208,271,261,176,43,-98,-219,-290,-283,-190,-50,102,229,294,273,176,32,-123,-245,-291,-257,-149,6,165,273,299,237,105,-64,-223,0,-321,-229,-71,119,289,372,347,216,16,-196,-362,-433,-386,-222,15,260,445,509,436,239,-37,-307,-493,-555,-467,-246,54,354,551,601,494,238,-91,-402,-605,-643,-507,-227,132,465,662,688,525,210,-168,-513,-724,-736,-546,-199,211,565,769,768,562,198,-231,-603,-820,-816,-587,-197,245,624,844,840,617,224,-239,-629,-848,-851,-631,-239,216,609,840,846,628,247,-194,-582,-820,-839,-630,-260,170,544,777,812,626,278,-127,-496,-741,-787,-625,-311,68,426,666,737,621,355,8,-338,-593,-705,-643,-432,-127,198,469,628,644,523,299,28,-226,-420,-517,-510,-418,-271,-102,0,0,0,0,0,-51,61,179,283,349,349,273,133,-44,-229,-371,-440,-410,-281,-80,149,352,480,497,385,168,-103,-357,-528,-570,-461,-220,82,378,583,641,540,286,-64,-411,-671,-758,-644,-354,54,458,752,870,760,434,-15,-471,-819,-964,-858,-523,-38,476,877,1056,962,614,94,-456,-897,-1116,-1038,-682,-143,441,913,1139,1068,713,172,-420,-898,-1136,-1070,-718,-177,415,892,1122,1055,698,157,-432,-899,-1116,-1035,-669,-114,464,905,1096,991,621,81,-486,-905,-1076,-961,-574,-29,514,912,1062,921,520,-22,-552,-930,-1052,-882,-467,68,581,931,1018,824,411,-118,-611,-926,-981,-767,-336,177,639,0,943,695,258,-247,-682,-920,-890,-609,-160,329,722,907,825,517,62,-415,-779,-918,-787,-433,48,520,837,918,739,347,-154,-621,-908,-930,-696,-266,251,702,954,947,669,200,-328,-759,-974,-924,-618,-138,387,802,991,908,567,68,-449,-835,-986,-860,-497,7,502,847,951,789,406,-79,-538,-849,-917,-723,-328,152,581,832,847,628,240,-209,-599,-813,-794,-551,-154,279,622,789,731,466,79,-320,-624,-756,-670,-396,-20,355,618,699,586,314,-40,-378,-602,-645,-512,-245,92,399,579,594,447,180,-131,-397,-544,-530,-367,-114,157,389,504,465,300,58,-189,-366,-439,-392,-232,0,0
10602,mtk,MTK 7916,4081160694,rx0-tx0,512,-172,-576,-574,-810,-841,-806,-715,-567,-385,-172,56,272,466,632,753,810,808,755,644,470,261,36,-202,-419,-605,-759,-838,-855,-807,-697,-518,-304,-54,207,450,660,804,893,892,825,689,489,248,-10,-268,-494,-672,-805,-859,-840,-754,-596,-396,-166,59,290,483,635,727,763,727,643,502,324,125,-78,-266,-433,-548,-622,-651,-604,-526,-410,-250,-92,65,219,353,436,490,502,467,412,317,202,84,-40,-152,-248,-331,-368,-376,-356,-309,-230,-148,-52,38,115,179,217,243,238,215,176,130,85,45,4,-28,-56,-71,-75,-80,-78,-75,-87,-91,-82,-84,-87,-75,-59,-35,-13,28,62,-588,120,147,161,153,140,114,72,31,-19,-56,-95,-123,-142,-153,-147,-141,-121,-98,-70,-38,-12,11,42,77,107,139,156,178,188,190,180,154,115,60,-19,-108,-194,-277,-341,-386,-403,-378,-308,-210,-73,78,243,392,515,593,623,587,486,342,145,-74,-304,-499,-659,-751,-775,-733,-600,-404,-170,81,333,548,713,819,835,771,626,426,181,-76,-310,-524,-682,-772,-782,-729,-605,-416,-201,39,258,442,594,681,694,645,540,383,193,10,-182,-351,-475,-558,-591,-558,-473,-352,-199,-22,141,291,419,491,509,479,394,261,112,-55,-215,-334,-411,-421,-362,-254,-119,24,136,-413,-460,765,-362,-552,-200,-134,-21,116,248,352,399,380,308,184,29,-127,-275,-391,-461,-475,-428,-335,-200,-47,122,279,399,481,511,483,401,274,119,-56,-207,-351,-454,-503,-506,-447,-342,-211,-49,108,249,357,418,435,402,335,236,104,-12,-119,-205,-271,-298,-277,-236,-175,-87,-24,22,82,107,105,90,64,27,-8,-27,-32,-18,-7,23,66,103,121,135,129,104,65,21,-47,-111,-171,-217,-257,-271,-259,-220,-156,-76,22,125,217,298,368,393,388,351,283,190,65,-69,-208,-319,-432,-501,-518,-504,-437,-326,-189,-27,141,315,465,585,651,656,596,492,337,144,-61,-269,-464,-617,-291,-759,-737,-645,-498,-299,-77,159,387,583,731,820,827,774,649,466,251,6,-246,-472,-659,-797,-844,-845,-765,-618,-439,-208,29,258,471,646,770,836,846,779,657,495,285,42,-204,-423,-617,-783,-888,-923,-885,-783,-616,-395,-138,140,410,650,852,996,1057,1030,926,733,487,188,-134,-461,-744,-976,-1144,-1205,-1168,-1026,-803,-503,-161,209,574,879,1118,1256,1290,1224,1038,769,423,48,-326,-689,-988,-1193,-1299,-1293,-1172,-951,-650,-291,77,452,776,1024,1188,1245,1188,1044,812,505,169,-186,-505,-780,-984,-1096,-1117,-1044,-885,-661,-391,-88,212,469,704,869,960,961,891,750,555,325,489,164,126,57,316,-245,-11,214,425,602,731,808,819,767,667,514,320,103,-114,-325,-524,-685,-781,-830,-813,-729,-592,-401,-170,70,308,532,710,825,886,872,782,624,409,160,-109,-354,-583,-756,-865,-897,-851,-723,-551,-326,-77,169,401,591,732,799,807,753,630,458,256,35,-181,-372,-539,-650,-704,-695,-637,-525,-375,-211,-17,165,311,451,534,562,554,506,409,286,155,4,-128,-247,-351,-412,-441,-433,-388,-323,-229,-121,-15,93,180,247,292,321,304,271,212,151,80,4,-57,-107,-140,-155,-164,-152,-134,-109,-86,-68,-48,-33,-28,-18,6,22,29,52,79,104,120,131,135,117,321,83,48,0,-49,-86,-123,-143,-164,-167,-157,-137,-103,-74,-27,9,44,79,107,131,141,136,135,136,130,116,95,63,30,-19,-71,-125,-183,-227,-267,-291,-287,-262,-205,-123,-24,89,214,328,430,497,517,490,406,280,117,-69,-275,-449,-592,-681,-715,-670,-557,-382,-165,66,313,537,706,801,822,760,611,420,177,-81,-336,-557,-719,-811,-811,-746,-612,-414,-180,60,285,491,638,728,746,679,571,412,203,-13,-220,-397,-539,-616,-636,-601,-501,-364,-209,-27,155,311,434,520,542,511,443,326,170,7,-155,-305,-408,-465,-469,-406,-296,-152,17,167,273,328,322,253,-364,-229,-436,-764,-691,160,256,314,317,258,153,5,-147,-287,-394,-441,-432,-368,-257,-106,64,225,357,441,484,481,418,306,158,-12,-174,-320,-427,-502,-515,-469,-382,-240,-85,77,235,353,441,479,456,394,289,164,22,-119,-235,-328,-370,-360,-322,-257,-172,-68,29,102,170,195,187,177,144,83,33,-5,-34,-48,-37,-15,16,35,48,67,69,47,16,-29,-84,-133,-165,-193,-199,-189,-162,-111,-45,45,127,208,266,313,333,323,284,225,132,13,-101,-220,-316,-398,-447,-458,-417,-349,-254,-117,22,172,324,448,537,579,579,529,424,271,86,-116,-302,-469,-605,-682,-702,-668,-571,-410,374,3,223,430,605,729,788,786,715,577,389,156,-85,-321,-539,-701,-808,-853,-822,-719,-556,-335,-97,138,385,580,731,825,840,800,699,543,346,127,-111,-348,-545,-704,-820,-872,-857,-774,-643,-450,-213,44,297,535,736,879,964,979,916,774,568,302,16,-279,-558,-808,-990,-1109,-1128,-1052,-880,-650,-344,-4,343,667,938,1139,1243,1249,1138,927,635,282,-86,-456,-794,-1066,-1248,-1305,-1268,-1121,-870,-546,-181,202,567,879,1117,1247,1277,1197,1011,748,421,49,-318,-644,-917,-1098,-1192,-1179,-1062,-868,-597,-283,42,366,636,854,1001,1059,1012,897,726,492,222,-59,-327,-560,-734,-850,-820,-875
10603,mtk,MTK 7916,4081160694,rx0-tx1,512,379,-265,-610,204,429,631,786,876,904,861,739,565,335,58,-221,-483,-715,-893,-997,-1030,-973,-832,-625,-357,-57,251,544,804,992,1106,1127,1050,896,663,364,36,-297,-604,-872,-1067,-1175,-1197,-1111,-935,-674,-364,-29,323,644,915,1113,1212,1221,1130,944,685,376,24,-326,-647,-914,-1105,-1215,-1223,-1137,-954,-695,-382,-43,307,630,887,1080,1189,1194,1105,936,690,389,59,-275,-581,-838,-1030,-1134,-1141,-1067,-903,-676,-393,-86,223,512,759,938,1044,1071,1011,868,662,404,124,-162,-434,-667,-843,-957,-993,-952,-840,-668,-451,-191,81,338,569,751,880,950,930,846,706,501,256,-9,-284,-525,-724,-430,-959,-965,-896,-750,-546,-292,-10,272,544,763,923,1005,1007,921,758,530,259,-47,-347,-613,-824,-965,-1030,-1006,-891,-700,-444,-154,139,425,665,853,967,996,932,787,585,329,55,-221,-475,-675,-818,-899,-894,-809,-661,-458,-229,8,252,460,623,734,777,758,676,543,374,179,-28,-224,-395,-533,-624,-654,-648,-573,-465,-318,-153,20,189,343,463,537,571,558,502,396,267,121,-30,-176,-314,-416,-475,-498,-475,-418,-324,-209,-76,65,188,289,375,416,425,399,331,238,121,3,-115,-224,-304,-355,-371,-352,-294,-208,-100,13,122,221,286,311,297,242,153,49,-50,-132,-181,654,415,481,-342,-124,245,198,100,-24,-162,-282,-365,-397,-374,-303,-188,-53,94,234,349,427,456,441,380,285,157,14,-135,-277,-393,-474,-515,-508,-457,-358,-233,-71,95,258,408,523,599,621,587,500,363,184,-3,-207,-403,-557,-676,-731,-722,-646,-507,-318,-99,138,375,575,726,819,830,764,635,436,195,-56,-304,-530,-710,-828,-863,-810,-694,-522,-304,-49,199,429,616,739,802,790,707,569,380,172,-49,-261,-437,-579,-668,-701,-669,-595,-463,-302,-118,56,231,383,488,562,589,571,504,405,281,135,-14,-160,-290,-398,-470,-502,-509,-476,-412,-313,-197,-71,66,196,314,404,468,502,493,230,381,280,153,9,-140,-279,-391,-477,-534,-547,-513,-436,-329,-195,-43,115,264,393,492,547,564,533,464,351,212,60,-101,-248,-373,-467,-527,-545,-517,-451,-360,-234,-95,41,183,307,395,458,490,487,451,379,290,179,52,-65,-180,-283,-370,-433,-472,-469,-443,-387,-303,-192,-75,52,182,300,402,484,528,535,501,429,321,189,44,-113,-265,-397,-509,-579,-608,-585,-522,-419,-275,-117,57,233,386,515,602,648,644,588,484,345,178,-6,-186,-354,-493,-597,-659,-680,-638,-549,-415,-251,-66,119,308,472,604,689,720,701,626,505,346,154,-50,-259,-446,-606,-719,-774,-779,-410,-496,11,-1005,-852,828,744,605,406,172,-78,-337,-570,-759,-902,-966,-951,-862,-706,-478,-209,83,377,638,858,1013,1082,1060,955,765,503,210,-115,-429,-714,-951,-1103,-1168,-1133,-1012,-802,-522,-204,136,472,774,1010,1157,1219,1180,1040,820,527,194,-151,-494,-793,-1023,-1179,-1237,-1191,-1050,-828,-543,-211,142,481,782,1014,1160,1219,1187,1047,831,553,222,-125,-448,-739,-971,-1120,-1183,-1143,-1016,-814,-545,-231,93,402,677,894,1044,1108,1082,970,783,540,256,-47,-344,-602,-813,-956,-1021,-1011,-924,-761,-551,-293,-17,258,506,712,866,953,961,898,768,578,355,92,-178,-421,-642,-817,-922,-962,-919,-803,-632,-1099,-155,124,395,635,821,947,992,964,846,659,414,139,-156,-443,-690,-879,-1000,-1039,-977,-833,-619,-358,-65,238,520,754,921,1002,1004,917,750,527,253,-37,-329,-575,-775,-904,-950,-923,-807,-627,-408,-152,116,366,573,731,812,839,793,672,509,305,82,-137,-344,-511,-632,-703,-715,-664,-565,-426,-254,-79,107,286,431,545,599,611,574,492,369,222,61,-102,-259,-389,-479,-528,-533,-499,-424,-308,-175,-28,117,243,346,418,458,453,402,332,226,100,-20,-146,-255,-337,-385,-391,-373,-317,-231,-127,-13,106,212,290,336,342,314,249,153,44,-67,-168,-237,-260,-242,-187,-101,-704,-893,-407,-367,-491,-104,-212,-295,-331,-317,-241,-127,14,156,285,377,424,426,375,280,151,7,-136,-270,-378,-454,-484,-471,-413,-313,-185,-33,121,274,404,501,558,557,515,426,292,131,-52,-233,-406,-551,-641,-673,-657,-571,-438,-260,-44,172,387,571,706,782,786,717,576,386,147,-109,-348,-560,-728,-825,-843,-796,-668,-482,-247,13,265,484,664,789,838,808,710,543,337,107,-132,-348,-534,-670,-742,-753,-694,-586,-432,-243,-31,161,339,485,586,636,632,593,487,355,199,36,-130,-277,-397,-491,-539,-546,-511,-445,-350,-225,-91,43,180,296,395,455,493,494,459,389,291,178,42,-103,-198,-346,-436,-502,-527,-510,-449,-356,-243,-105,49,201,333,440,518,559,551,496,405,279,130,-27,-189,-329,-449,-522,-561,-554,-498,-405,-284,-144,8,154,281,389,474,509,514,485,411,310,200,69,-62,-192,-300,-384,-446,-469,-461,-433,-376,-292,-187,-63,60,176,283,381,449,485,496,470,406,321,203,69,-73,-216,-346,-453,-529,-567,-569,-518,-431,-307,-159,6,171,321,461,558,615,632,596,511,388,233,61,-123,-298,-449,-567,-643,-668,-642,-569,-450,-301,-126,61,246,413,547,644,691,688,636,530,386,207,10,-185,-371,-526,-648,-725,-747,-715,-620,-482,-294,-91,128,192,18
10604,mtk,MTK 7916,4081160694,rx1-tx0,512,-13,-185,-291,-565,-567,-523,-419,-278,-114,62,227,371,486,546,549,501,401,263,104,-69,-239,-376,-480,-538,-544,-498,-399,-268,-112,60,229,373,488,552,568,530,442,316,155,-21,-203,-374,-505,-598,-636,-613,-537,-413,-238,-40,167,367,532,657,724,722,666,540,356,145,-94,-325,-538,-708,-815,-852,-801,-682,-498,-259,4,271,519,731,872,929,914,807,622,378,103,-182,-458,-691,-858,-950,-956,-873,-714,-494,-232,56,329,575,764,877,928,887,778,608,383,131,-120,-358,-562,-712,-812,-843,-806,-713,-559,-369,-146,83,299,495,648,766,822,815,749,627,449,235,-1,-253,-491,-685,231,-932,-940,-882,-746,-541,-288,8,300,588,832,1011,1111,1109,1009,824,557,231,-131,-482,-803,-1055,-1215,-1282,-1228,-1054,-788,-452,-56,339,711,1017,1250,1372,1369,1241,996,666,271,-146,-555,-913,-1194,-1374,-1438,-1377,-1189,-899,-521,-107,322,725,1075,1327,1465,1476,1371,1132,784,362,-95,-543,-947,-1280,-1498,-1583,-1514,-1309,-967,-544,-59,432,883,1248,1500,1605,1541,1345,1008,572,100,-391,-829,-1169,-1397,-1483,-1420,-1218,-915,-520,-94,332,716,1019,1208,1265,1206,1036,764,429,68,-294,-619,-870,-1032,-1077,-1007,-848,-596,-293,33,366,639,836,928,896,760,519,222,-95,-388,-595,-686,-649,-503,-290,129,36,101,368,643,438,370,209,-12,-257,-481,-635,-700,-661,-530,-316,-63,209,465,671,798,839,780,641,432,166,-122,-404,-651,-842,-946,-962,-884,-706,-458,-151,175,499,768,986,1111,1127,1029,837,558,216,-155,-509,-838,-1091,-1240,-1280,-1208,-1009,-716,-339,77,487,865,1172,1363,1437,1371,1188,884,493,43,-404,-831,-1175,-1413,-1524,-1504,-1324,-1042,-641,-177,282,733,1121,1408,1545,1545,1404,1127,763,319,-147,-595,-985,-1279,-1449,-1491,-1394,-1178,-860,-483,-61,356,748,1051,1271,1372,1342,1212,976,663,302,-79,-457,-784,-1046,-1216,-1281,-1231,-1080,-842,-540,-192,160,493,793,1015,1152,1202,1150,1003,777,486,146,-49,-496,-776,-1004,-1152,-1206,-1149,-1004,-780,-483,-149,199,537,835,1075,1222,1274,1210,1052,796,469,91,-298,-663,-991,-1213,-1350,-1366,-1255,-1026,-713,-327,82,488,855,1147,1328,1395,1339,1167,886,527,126,-279,-660,-980,-1201,-1311,-1307,-1178,-963,-674,-322,57,419,736,974,1133,1187,1136,992,771,492,177,-150,-450,-709,-901,-1010,-1037,-975,-837,-632,-384,-107,175,438,663,820,917,933,867,728,535,298,36,-217,-453,-654,-790,-852,-842,-757,-603,-405,-174,69,300,506,659,752,775,729,622,459,257,33,-189,-391,-546,-649,-699,-681,-593,-461,-284,-83,115,305,457,568,622,616,553,432,287,-616,-376,221,263,196,-110,59,233,384,491,548,553,504,411,276,102,-71,-237,-378,-480,-540,-548,-495,-392,-261,-100,70,238,374,474,537,553,507,417,283,123,-49,-220,-371,-490,-570,-596,-574,-491,-359,-195,-5,191,365,516,627,674,670,596,468,294,82,-134,-343,-538,-679,-765,-788,-730,-609,-425,-202,51,300,529,719,846,896,865,754,570,322,52,-228,-499,-720,-877,-952,-947,-853,-674,-441,-168,123,406,646,827,934,952,887,753,549,305,33,-240,-473,-670,-811,-874,-870,-796,-652,-466,-246,-2,230,440,611,739,816,822,766,651,489,297,71,-158,-377,-574,-733,-832,-877,-854,-752,-595,-568,-147,126,396,648,844,977,1028,998,887,686,421,109,-224,-541,-825,-1043,-1176,-1199,-1120,-944,-675,-345,26,413,763,1044,1244,1335,1299,1149,894,565,168,-242,-643,-981,-1234,-1376,-1405,-1311,-1095,-782,-399,17,442,829,1143,1357,1449,1425,1278,1014,655,240,-198,-629,-1021,-1315,-1491,-1534,-1441,-1227,-900,-479,-4,471,915,1264,1502,1605,1550,1344,1010,582,88,-401,-848,-1224,-1460,-1560,-1510,-1298,-971,-557,-96,369,773,1098,1307,1373,1320,1135,848,474,73,-311,-660,-936,-1105,-1165,-1112,-946,-695,-379,-30,307,603,835,964,999,918,727,464,143,-183,-480,-704,-818,-819,-694,-465,-179,106,335,467,197,257,-164,-633,-430,-146,-342,-504,-586,-567,-441,-237,17,278,516,688,771,763,657,463,217,-64,-335,-575,-764,-881,-899,-823,-662,-431,-147,152,453,715,912,1027,1039,949,762,504,176,-175,-510,-806,-1044,-1185,-1212,-1122,-927,-629,-269,116,506,853,1128,1308,1363,1293,1105,792,410,-20,-456,-852,-1180,-1401,-1492,-1446,-1264,-954,-558,-112,357,794,1154,1432,1544,1529,1378,1093,694,236,-230,-689,-1074,-1356,-1517,-1527,-1408,-1158,-807,-390,58,495,882,1173,1363,1430,1380,1203,926,584,176,-227,-607,-933,-1165,-1294,-1315,-1226,-1034,-761,-424,-54,315,644,923,1118,1224,1222,1123,930,657,346,6,-341,-655,-911,-1095,-1179,425,-1078,-897,-637,-329,10,349,659,925,1113,1208,1212,1111,922,651,323,-42,-413,-745,-1027,-1221,-1321,-1297,-1177,-929,-605,-228,182,582,925,1194,1358,1400,1316,1114,802,426,16,-394,-769,-1078,-1282,-1366,-1334,-1184,-932,-596,-219,181,550,854,1087,1227,1253,1170,987,722,405,53,-285,-587,-838,-1015,-1101,-1089,-985,-812,-570,-287,18,307,569,775,914,980,958,857,684,464,216,-57,-322,-553,-727,-847,-888,-855,-751,-583,-361,-118,134,375,573,718,804,812,752,622,437,218,-17,-242,-438,-599,-700,-738,-708,-612,-462,-280,-69,148,344,497,611,654,642,572,451,291,99,-96,-281,-429,-528,-272,-516
10605,mtk,MTK 7916,4081160694,rx1-tx1,512,0,0,0,-290,46,370,613,716,641,405,69,-290,-583,-727,-702,-512,-194,175,503,708,737,591,307,-60,-419,-669,-753,-654,-403,-49,319,607,745,695,475,144,-227,-546,-725,-725,-541,-223,146,472,675,723,593,305,-66,-412,-651,-730,-633,-374,-21,336,602,721,658,432,100,-257,-546,-705,-686,-491,-175,187,502,693,710,550,255,-102,-429,-654,-719,-609,-343,7,352,614,727,661,434,103,-250,-535,-687,-678,-510,-217,128,433,627,681,574,331,13,-299,-533,-639,-597,-413,-142,139,384,536,555,446,240,-11,-244,-411,-467,-412,-270,-73,121,274,349,334,238,88,-64,-185,-240,-230,0,-58,45,130,167,142,76,-14,-95,-143,-150,-101,-12,85,164,211,189,115,2,-125,-230,-277,-268,-190,-59,101,239,320,334,266,124,-38,-184,-296,-338,-299,-188,-34,129,248,294,271,184,56,-80,-194,-251,-235,-159,-33,105,208,254,214,114,-15,-164,-277,-315,-266,-140,32,205,344,414,388,261,49,-184,-389,-514,-518,-413,-212,54,316,511,609,569,395,143,-138,-398,-581,-637,-548,-342,-64,226,461,588,594,471,252,-18,-274,-460,-541,-504,-368,-152,85,292,435,482,417,268,72,-131,-303,-393,-396,-326,-196,-28,138,270,343,350,295,190,63,-61,-156,-211,-226,0,0,0,0,0,-196,-170,-114,-29,78,188,282,335,326,265,156,-1,-159,-293,-381,-394,-323,-185,-6,179,335,426,429,337,171,-40,-248,-406,-477,-443,-307,-94,140,345,481,511,424,242,5,-246,-440,-537,-513,-371,-143,114,351,512,552,471,278,13,-254,-456,-542,-516,-362,-123,134,363,505,510,397,193,-67,-309,-470,-516,-426,-232,18,260,444,518,464,296,45,-222,-432,-539,-516,-363,-115,168,406,544,558,440,203,-89,-358,-533,-576,-490,-290,-5,285,499,596,544,362,94,-205,-455,-597,-588,-427,-161,139,407,594,630,501,252,-55,-364,-586,-658,-564,-336,-30,301,564,692,656,0,130,-215,-514,-702,-719,-556,-255,113,452,681,754,647,384,21,-350,-636,-770,-728,-508,-156,229,565,763,772,599,281,-102,-457,-705,-775,-654,-380,-11,360,637,752,682,447,111,-258,-572,-739,-708,-504,-181,182,507,708,719,551,250,-110,-443,-676,-733,-600,-318,36,378,635,722,627,381,42,-307,-574,-697,-652,-441,-118,226,518,677,660,487,192,-152,-446,-621,-653,-524,-256,63,370,585,633,519,294,-7,-305,-513,-588,-514,-313,-29,253,465,558,498,307,44,-227,-444,-543,-496,-318,-60,217,442,551,512,341,77,-205,-440,-567,-557,-408,-140,171,434,601,616,471,212,0,0,0,0,0,-624,-687,-588,-343,-12,335,604,726,673,464,142,-221,-542,-729,-729,-556,-255,112,458,692,747,624,349,-18,-375,-636,-744,-677,-442,-93,273,574,732,707,507,179,-196,-512,-705,-727,-564,-262,107,443,671,729,607,328,-31,-368,-620,-728,-649,-407,-62,297,578,715,669,462,138,-227,-540,-711,-700,-523,-214,151,476,680,718,580,294,-62,-397,-636,-724,-632,-384,-49,300,580,709,671,471,151,-197,-494,-676,-697,-545,-273,61,377,599,671,589,370,74,-233,-472,-602,-590,-436,-195,79,328,485,518,434,255,34,-185,-340,-412,-378,-253,-85,89,220,283,275,202,91,-32,0,-189,-183,-128,-34,58,124,150,122,40,-59,-137,-173,-161,-104,-4,109,200,245,228,148,26,-114,-234,-300,-304,-232,-93,71,210,304,330,279,166,16,-149,-277,-324,-294,-203,-62,92,210,263,251,172,49,-88,-192,-236,-219,-134,-2,132,230,269,240,134,-30,-190,-308,-355,-317,-191,1,211,376,463,451,327,115,-139,-374,-527,-571,-496,-300,-31,240,472,618,622,480,238,-50,-326,-525,-615,-581,-415,-167,111,367,532,574,496,312,73,-171,-377,-498,-501,-396,-215,4,215,368,437,416,307,138,-53,-222,-342,-387,-349,-244,-105,45,177,269,308,289,229,151,61,0,0,0,0,0,-71,-154,-222,-267,-277,-243,-158,-35,102,236,332,371,340,246,105,-76,-249,-371,-422,-391,-274,-91,112,297,425,455,385,237,28,-195,-375,-483,-486,-371,-170,72,302,468,527,479,315,73,-194,-411,-530,-536,-426,-215,57,311,484,552,499,329,80,-191,-412,-528,-509,-375,-156,103,339,485,504,413,216,-40,-286,-461,-519,-441,-264,-21,243,442,526,490,329,78,-198,-427,-549,-539,-394,-158,114,369,540,579,466,242,-36,-311,-526,-605,-530,-324,-43,246,477,591,566,395,124,-176,-437,-593,-606,-466,-212,94,389,592,643,528,290,-19,-326,-566,-668,-610,-402,-88,253,0,690,681,509,200,-158,-474,-685,-730,-599,-327,35,405,672,772,688,448,91,-294,-599,-768,-752,-551,-225,153,495,725,777,633,338,-36,-403,-666,-761,-671,-414,-57,314,603,736,687,472,141,-229,-546,-718,-712,-522,-209,151,481,689,723,581,293,-67,-403,-645,-726,-617,-355,-8,342,604,713,639,415,93,-265,-554,-692,-661,-474,-171,182,480,651,660,504,222,-117,-418,-609,-648,-523,-275,39,338,547,615,524,303,6,-278,-483,-566,-507,-309,-38,240,456,553,497,308,47,-224,-444,-548,-508,-337,-74,219,447,560,533,372,114,-184,-439,-583,-585,-431,-173,136,425,608,0,0
10606,mtk,MTK 7916,4081160694,rx2-tx0,512,0,0,0,69,-270,-552,-694,-661,-463,-151,207,512,694,701,529,228,-131,-462,-680,-728,-591,-307,57,411,662,743,639,380,22,-348,-628,-747,-678,-437,-86,289,590,739,704,483,133,-246,-563,-736,-719,-519,-187,200,540,741,747,563,232,-166,-529,-759,-794,-622,-286,129,516,773,841,692,357,-69,-485,-785,-893,-773,-454,-12,439,779,933,856,561,123,-353,-750,-964,-936,-678,-252,241,685,962,991,775,376,-121,-587,-912,-1017,-870,-509,-27,464,837,1000,916,609,152,-337,-736,-960,-948,-698,-278,202,629,901,947,760,382,-85,-525,-827,-925,-790,-458,-18,422,755,898,810,521,102,0,-703,-881,-840,-589,-191,261,655,886,893,674,283,-180,-599,-876,-932,-760,-397,65,519,849,973,859,530,68,-412,-801,-1004,-955,-669,-220,284,722,988,1017,797,385,-119,-603,-947,-1049,-901,-542,-41,470,863,1053,992,680,207,-313,-766,-1039,-1055,-817,-388,137,635,976,1087,939,571,69,-454,-867,-1075,-1030,-742,-286,232,696,992,1053,877,492,-1,-481,-844,-1008,-933,-643,-217,248,654,902,931,745,393,-37,-453,-752,-864,-779,-525,-155,237,566,765,784,627,335,-23,-374,-628,-729,-677,-481,-189,136,424,613,675,601,410,144,-143,-386,-545,-602,-551,-416,-228,-25,153,278,344,0,0,0,0,0,349,348,291,166,-9,-205,-386,-512,-547,-485,-330,-96,171,414,578,632,550,344,57,-257,-531,-695,-706,-561,-285,69,424,693,816,759,515,146,-273,-647,-884,-927,-763,-412,57,527,885,1057,993,698,239,-295,-784,-1106,-1172,-968,-550,1,571,1030,1255,1194,863,340,-264,-823,-1212,-1315,-1110,-661,-66,550,1040,1290,1239,900,371,-240,-799,-1170,-1263,-1062,-619,-36,543,987,1199,1126,788,272,-301,-793,-1090,-1123,-894,-458,79,583,938,1073,946,585,94,-403,-797,-994,-949,-682,-255,225,639,894,931,740,382,-65,-491,-785,-884,-776,-478,-64,351,671,824,773,534,166,-228,-559,-752,0,-571,-249,124,458,670,714,584,311,-33,-363,-594,-671,-582,-347,-27,285,514,615,558,360,80,-218,-452,-563,-533,-370,-108,176,404,520,500,347,108,-154,-370,-489,-476,-333,-109,140,355,468,454,322,101,-147,-356,-464,-448,-310,-81,168,367,469,451,309,72,-189,-400,-508,-482,-328,-84,192,424,547,529,371,112,-181,-437,-589,-591,-442,-179,139,424,607,640,509,247,-76,-384,-596,-662,-565,-324,2,327,568,674,609,382,67,-264,-528,-662,-631,-436,-134,200,481,640,634,469,189,-142,-441,-623,-643,-504,-240,87,395,600,652,534,289,-31,-350,-579,-666,-583,-347,-27,0,0,0,0,0,689,640,428,107,-238,-531,-697,-685,-500,-187,174,494,692,720,565,267,-98,-440,-675,-742,-621,-339,21,376,646,751,662,410,57,-317,-611,-750,-692,-455,-110,264,580,741,709,498,160,-219,-551,-742,-737,-541,-206,190,536,748,772,595,260,-146,-518,-763,-812,-650,-318,99,501,783,866,733,412,-24,-463,-789,-912,-810,-503,-67,395,771,952,899,621,178,-307,-720,-963,-965,-726,-310,181,633,937,1008,831,446,-49,-526,-877,-1016,-902,-566,-93,401,789,985,940,663,225,-264,-684,-933,-950,-730,-332,144,579,865,932,774,425,-33,-476,-795,-911,-802,-495,-60,387,733,892,0,558,147,-304,-679,-884,-862,-625,-229,223,624,874,908,708,333,-128,-563,-864,-955,-815,-466,6,472,823,986,909,603,146,-347,-760,-990,-986,-738,-307,202,665,970,1039,859,470,-44,-546,-906,-1055,-954,-615,-119,396,815,1048,1033,761,297,-234,-702,-1010,-1071,-879,-483,30,545,937,1099,995,662,172,-355,-791,-1040,-1054,-815,-392,116,590,926,1042,913,570,107,-363,-748,-954,-928,-700,-316,139,550,824,902,768,469,63,-353,-667,-818,-792,-584,-246,135,468,692,759,651,406,79,-259,-529,-683,-685,-545,-298,5,298,523,638,630,502,291,44,-192,-381,-488,-510,-450,-336,-194,0,0,0,0,0,27,167,303,417,476,453,348,171,-54,-288,-480,-586,-576,-450,-228,55,340,563,672,640,458,166,-174,-483,-697,-766,-661,-402,-41,347,674,861,849,640,280,-168,-597,-894,-998,-881,-554,-79,433,855,1092,1094,843,396,-157,-690,-1075,-1220,-1097,-725,-177,428,939,1237,1266,1006,502,-114,-700,-1134,-1312,-1189,-798,-221,400,931,1237,1260,998,508,-94,-667,-1089,-1243,-1102,-712,-162,418,889,1145,1124,839,364,-188,-689,-1017,-1103,-920,-522,-11,496,875,1035,951,642,189,-305,-711,-936,-937,-718,-327,139,563,842,910,760,429,-1,-420,-730,-857,-777,-510,-122,290,616,789,764,555,222,0,-510,-710,-734,-577,-288,67,405,632,693,584,331,-2,-322,-554,-645,-573,-356,-56,245,477,586,545,362,92,-196,-429,-545,-514,-354,-112,159,386,500,483,338,107,-148,-359,-472,-459,-328,-106,143,353,463,448,312,91,-156,-359,-469,-451,-308,-81,171,381,485,463,312,73,-188,-409,-528,-509,-353,-98,189,436,572,561,409,147,-161,-431,-595,-615,-476,-213,103,398,605,661,538,283,-36,-352,-588,-672,-584,-354,-31,301,553,666,617,411,97,-235,-509,-654,-636,-459,-167,167,459,631,642,489,214,-113,-410,-607,-648,-527,-271,61,379,596,657,558,318,-4,-329,-573,-672,0,0
10607,mtk,MTK 7916,4081160694,rx2-tx1,512,0,0,0,136,111,59,-15,-92,-149,-166,-136,-66,23,106,172,195,161,86,-10,-106,-176,-207,-187,-120,-28,75,158,201,198,145,54,-45,-130,-179,-183,-147,-72,16,97,151,161,127,63,-14,-85,-124,-123,-96,-46,20,78,107,104,63,0,-58,-97,-109,-83,-25,49,112,146,135,83,1,-95,-173,-211,-189,-115,-4,117,219,278,262,172,39,-117,-261,-346,-346,-261,-103,88,272,402,428,347,190,-25,-249,-416,-489,-450,-301,-70,185,400,520,518,404,184,-89,-340,-513,-568,-487,-284,-11,259,476,581,546,378,117,-179,-431,-578,-584,-449,-201,100,376,565,612,509,279,0,-324,-558,-651,-578,-362,-48,284,556,696,667,474,160,-205,-526,-722,-759,-613,-312,68,441,721,835,745,472,82,-333,-679,-866,-851,-636,-263,175,579,852,925,788,456,7,-449,-798,-967,-909,-629,-199,282,708,980,1009,800,410,-87,-571,-920,-1061,-958,-629,-147,369,794,1052,1073,837,398,-122,-607,-959,-1091,-978,-635,-141,368,793,1050,1063,827,412,-92,-570,-908,-1039,-936,-620,-171,313,716,946,967,779,410,-44,-476,-793,-926,-851,-599,-215,209,570,806,862,726,440,72,-302,-609,-776,-785,-634,-355,-17,314,574,717,720,592,363,82,-190,-412,-554,-593,-539,-412,-252,-89,0,0,0,0,0,240,203,132,19,-117,-254,-362,-413,-391,-296,-147,41,237,391,472,462,356,170,-64,-301,-475,-546,-507,-360,-119,163,410,579,628,541,319,10,-310,-575,-731,-720,-544,-233,144,508,764,862,772,505,111,-328,-710,-943,-971,-782,-413,56,526,898,1079,1019,730,272,-249,-726,-1050,-1136,-964,-581,-69,470,909,1138,1107,828,371,-174,-690,-1050,-1163,-1018,-640,-110,440,884,1127,1103,826,372,-173,-681,-1023,-1123,-967,-592,-83,447,873,1088,1047,754,294,-221,-686,-993,-1070,-892,-507,-8,488,870,1047,976,680,227,-271,-702,-966,-1006,-806,-420,60,517,847,980,880,570,127,-331,-697,0,-902,-670,-283,163,566,830,885,730,410,-10,-428,-737,-859,-772,-503,-117,302,646,820,796,584,234,-174,-541,-772,-818,-665,-349,54,436,717,821,723,455,82,-317,-637,-795,-761,-544,-199,187,521,731,777,629,321,-50,-401,-654,-749,-658,-412,-76,271,547,684,661,480,181,-155,-447,-620,-637,-501,-254,51,339,538,590,496,298,34,-238,-447,-537,-491,-332,-97,158,367,479,472,351,149,-85,-288,-408,-430,-346,-183,21,207,333,384,336,203,31,-138,-269,-328,-307,-212,-61,89,203,269,266,189,72,-50,-155,-214,-209,-155,-69,31,119,169,163,118,46,-36,-102,-138,0,0,0,0,0,11,84,139,153,127,68,-20,-105,-163,-180,-150,-76,17,109,177,200,172,107,15,-85,-170,-208,-194,-134,-42,59,146,197,196,145,62,-33,-117,-169,-179,-140,-66,16,83,130,144,112,56,-14,-78,-117,-116,-80,-23,38,85,100,80,34,-27,-87,-119,-118,-83,-11,72,139,171,157,97,0,-109,-198,-237,-218,-141,-16,123,245,311,305,214,63,-110,-269,-372,-386,-308,-148,56,262,415,464,401,243,19,-217,-407,-515,-500,-351,-117,146,379,529,560,455,240,-32,-301,-503,-587,-527,-335,-63,225,461,587,571,413,155,-140,-405,-569,-599,-479,-236,69,361,558,0,542,315,10,-306,-558,-672,-621,-411,-100,241,535,709,713,539,222,-152,-489,-723,-800,-685,-395,-1,398,706,858,806,557,177,-256,-632,-867,-900,-719,-361,88,520,835,960,857,542,89,-376,-757,-977,-969,-721,-307,187,649,963,1049,884,520,27,-475,-870,-1075,-1033,-739,-275,253,727,1029,1097,913,522,11,-502,-899,-1083,-1029,-748,-294,229,689,988,1058,887,520,38,-443,-815,-999,-959,-704,-295,177,597,873,952,819,505,87,-342,-691,-878,-870,-669,-332,70,445,714,832,771,548,217,-151,-477,-701,-772,-690,-482,-193,127,413,606,679,640,497,291,56,-159,-318,-407,-425,0,0,0,0,0,104,206,288,338,339,282,168,14,-154,-311,-418,-446,-390,-258,-68,149,351,486,515,437,263,22,-237,-448,-566,-571,-447,-214,77,366,587,688,630,423,118,-235,-555,-758,-799,-661,-368,25,437,762,922,874,638,255,-201,-630,-935,-1036,-916,-590,-111,403,824,1076,1099,866,434,-92,-605,-994,-1157,-1052,-722,-227,329,805,1099,1146,932,512,-26,-559,-966,-1152,-1068,-739,-244,303,780,1078,1120,899,479,-49,-564,-949,-1119,-1015,-676,-199,332,786,1044,1058,833,413,-103,-584,-933,-1062,-942,-601,-126,380,789,1013,995,745,324,-159,-607,-912,-996,-845,-499,-39,422,779,947,891,627,0,-249,-641,-873,-906,-718,-354,86,499,783,873,757,465,67,-361,-694,-839,-784,-543,-166,243,589,802,812,625,289,-116,-496,-752,-827,-699,-399,-8,381,681,815,752,514,152,-245,-575,-769,-777,-594,-275,107,457,697,765,648,379,20,-332,-600,-722,-667,-447,-126,217,498,654,648,487,212,-107,-390,-570,-610,-505,-278,12,288,487,562,504,318,59,-200,-403,-502,-479,-345,-132,113,322,439,444,346,167,-51,-249,-374,-405,-343,-194,0,176,303,352,317,207,52,-108,-239,-301,-280,-197,-70,71,182,240,238,175,71,-40,-129,-182,-188,-141,-56,37,113,153,144,94,25,0,0
10608,mtk,MTK 7916,4081201157,rx0-tx0,512,-172,-448,-268,640,781,870,894,861,768,621,427,216,-7,-237,-448,-628,-772,-869,-894,-867,-771,-629,-430,-200,41,285,509,711,857,939,951,895,760,578,345,78,-183,-436,-657,-818,-923,-959,-913,-800,-627,-402,-153,104,343,551,715,817,859,831,739,601,414,206,-8,-209,-391,-535,-642,-689,-688,-637,-543,-410,-259,-98,61,197,319,412,467,494,480,444,384,302,213,103,-1,-88,-176,-245,-301,-344,-369,-368,-347,-309,-249,-172,-91,-8,78,162,231,287,320,340,336,310,272,209,135,58,-21,-97,-175,-229,-282,-315,-328,-325,-300,-252,-193,-124,-36,61,155,243,310,360,383,373,-588,293,205,101,-12,-124,-220,-302,-355,-386,-381,-350,-287,-208,-113,-11,83,170,240,278,291,296,271,233,178,113,42,-2,-50,-95,-122,-142,-143,-151,-151,-160,-155,-145,-147,-140,-120,-98,-60,-20,44,103,167,245,299,340,361,354,313,233,131,-4,-142,-273,-400,-495,-555,-565,-524,-436,-295,-129,58,242,403,541,625,666,635,546,418,262,69,-122,-304,-468,-591,-647,-649,-606,-502,-364,-202,-12,175,342,473,557,590,579,522,417,284,126,-40,-191,-327,-424,-487,-508,-484,-415,-312,-187,-52,90,221,335,410,447,435,373,279,148,4,-140,-259,-329,-351,-311,-230,-127,-619,-634,765,-118,-136,-211,-146,-28,112,245,346,396,399,346,239,105,-45,-204,-334,-429,-467,-474,-420,-326,-200,-47,106,262,375,462,502,490,441,349,233,78,-75,-216,-343,-435,-488,-493,-455,-382,-279,-159,-26,112,227,325,394,420,418,377,303,216,107,14,-75,-167,-227,-267,-285,-282,-269,-248,-199,-149,-100,-50,8,60,104,145,183,213,227,234,224,200,175,133,76,20,-40,-101,-167,-216,-260,-290,-284,-279,-246,-208,-158,-82,-7,75,146,228,300,348,380,378,356,314,242,149,33,-81,-205,-321,-412,-489,-524,-529,-496,-424,-306,-154,9,192,356,505,620,683,706,663,568,422,-291,38,-179,-398,-581,-722,-801,-813,-767,-671,-510,-307,-81,156,391,591,748,847,875,845,744,584,391,160,-79,-308,-527,-686,-806,-861,-852,-789,-677,-521,-319,-97,125,337,538,699,821,886,890,833,725,573,362,125,-119,-370,-601,-783,-928,-1011,-1027,-953,-825,-631,-383,-104,197,490,755,960,1105,1184,1167,1062,862,607,291,-57,-396,-722,-987,-1168,-1285,-1294,-1199,-1012,-746,-419,-54,304,648,941,1158,1291,1314,1233,1074,826,512,159,-195,-534,-830,-1065,-1210,-1265,-1210,-1076,-864,-576,-254,81,400,681,907,1063,1134,1120,1024,858,623,346,60,-219,-490,-703,-867,-970,-1000,-949,-841,-676,-46,-83,126,505,617,634,447,225,-12,-241,-455,-635,-775,-852,-883,-847,-758,-618,-441,-219,15,248,469,656,808,896,921,880,779,620,401,157,-102,-356,-585,-766,-906,-965,-947,-865,-706,-500,-260,10,275,513,707,843,916,916,840,705,522,308,67,-178,-393,-567,-695,-767,-780,-737,-644,-505,-331,-137,49,221,373,489,561,592,580,524,447,333,212,86,-37,-146,-250,-327,-384,-415,-411,-393,-355,-293,-226,-154,-68,24,111,191,262,313,351,360,355,319,258,188,114,32,-52,-134,-202,-264,-297,-321,-323,-316,-282,-228,-166,-85,-13,67,147,222,275,324,351,358,334,283,211,125,24,-78,321,-259,-336,-380,-399,-378,-331,-260,-169,-62,52,158,247,305,346,353,335,295,228,142,71,-12,-82,-141,-182,-220,-223,-215,-207,-179,-148,-106,-74,-46,-20,3,36,53,73,103,134,172,200,227,245,238,230,190,116,38,-60,-162,-265,-353,-427,-466,-459,-419,-337,-213,-62,106,266,413,531,603,627,586,499,361,195,4,-196,-375,-512,-615,-660,-648,-588,-474,-309,-119,63,242,402,520,605,638,603,517,391,237,73,-95,-256,-393,-488,-544,-544,-501,-419,-306,-172,-22,129,268,371,440,471,463,414,319,191,50,-95,-221,-325,-393,-409,-375,-289,-170,-33,97,194,251,-87,112,-436,-62,-33,177,264,325,333,283,180,43,-107,-252,-367,-434,-457,-421,-334,-201,-56,94,250,365,461,497,493,432,331,209,53,-97,-244,-362,-455,-506,-503,-462,-372,-253,-113,31,173,293,385,440,470,449,386,300,184,67,-51,-165,-253,-321,-353,-350,-337,-296,-232,-163,-83,-14,44,109,169,203,227,235,234,213,195,170,142,96,45,-12,-70,-116,-162,-213,-238,-254,-256,-254,-223,-176,-125,-52,19,88,163,221,282,312,320,312,295,263,198,121,29,-73,-163,-262,-338,-403,-436,-446,-430,-364,-282,-170,-34,110,258,395,511,581,619,611,543,437,279,102,-92,-290,-459,-600,374,-754,-754,-689,-556,-383,-167,64,289,501,678,792,850,851,785,644,455,226,-12,-246,-476,-661,-798,-876,-874,-820,-701,-534,-339,-109,117,337,532,695,805,855,851,802,691,531,337,118,-113,-341,-546,-727,-868,-934,-948,-900,-779,-605,-388,-132,144,415,657,876,1020,1099,1096,1011,852,622,358,46,-277,-596,-870,-1082,-1226,-1256,-1199,-1053,-814,-528,-195,175,523,834,1086,1252,1321,1285,1161,933,638,291,-76,-424,-747,-1021,-1210,-1297,-1280,-1175,-983,-711,-392,-39,315,620,890,1080,1183,1199,1124,965,738,458,151,-164,-454,-712,-911,-1033,-1070,-1040,-929,-753,-535,-276,0,260,489,693,-166,-134
10609,mtk,MTK 7916,4081201157,rx0-tx1,512,379,624,719,251,16,-233,-467,-674,-829,-937,-971,-935,-833,-651,-425,-163,122,401,653,862,1009,1083,1074,980,820,597,316,12,-299,-593,-835,-1022,-1132,-1162,-1099,-965,-751,-476,-170,154,466,751,968,1114,1187,1171,1073,886,636,349,29,-294,-593,-848,-1037,-1160,-1199,-1149,-1009,-804,-550,-246,76,386,661,895,1070,1161,1162,1086,936,716,455,155,-152,-451,-716,-926,-1066,-1129,-1116,-1026,-857,-629,-361,-70,225,501,741,921,1037,1079,1047,937,759,533,269,-9,-284,-531,-738,-897,-987,-1012,-959,-843,-671,-459,-212,51,299,523,716,864,943,965,912,790,625,415,179,-81,-331,-556,-743,-877,-952,-960,-430,-779,-593,-367,-109,153,418,652,836,965,1025,1002,902,735,506,239,-51,-340,-604,-809,-967,-1052,-1045,-961,-803,-582,-310,-21,269,536,756,924,1014,1024,947,797,587,334,63,-213,-465,-672,-830,-920,-930,-871,-743,-563,-342,-108,139,358,541,673,759,785,746,653,523,358,165,-26,-205,-372,-505,-592,-645,-649,-589,-506,-385,-236,-75,89,239,360,463,526,539,522,460,371,253,125,-13,-149,-256,-346,-410,-436,-429,-395,-329,-249,-150,-36,67,167,257,324,358,363,341,296,223,138,48,-48,-141,-214,-276,-307,-310,-283,-229,-154,-61,32,122,191,236,251,226,174,98,15,80,286,481,-721,-876,230,174,72,-49,-183,-298,-369,-403,-381,-310,-201,-70,75,206,327,412,462,467,431,354,237,105,-41,-187,-322,-429,-502,-538,-528,-477,-393,-263,-106,59,224,383,518,609,663,658,598,484,332,142,-70,-273,-472,-643,-751,-796,-782,-701,-559,-362,-123,125,359,576,744,844,883,846,737,565,345,100,-155,-400,-608,-759,-859,-882,-826,-710,-536,-317,-81,155,376,560,695,783,799,754,649,499,315,115,-82,-280,-438,-559,-639,-673,-656,-593,-491,-353,-198,-34,127,279,408,501,559,577,552,495,408,291,161,25,-107,-237,-352,-437,-497,-524,-514,-469,-398,-298,-175,-47,93,230,332,430,503,537,536,491,415,314,184,39,-104,-247,-370,-470,-534,-564,-548,-492,-403,-286,-145,3,150,292,409,487,534,543,508,442,342,218,87,-46,-173,-285,-374,-437,-466,-466,-432,-373,-292,-196,-98,12,111,201,279,333,367,388,380,353,310,251,179,98,7,-80,-166,-249,-315,-368,-404,-417,-403,-364,-301,-215,-115,-4,108,225,326,412,477,504,500,461,394,294,174,47,-100,-244,-362,-466,-537,-573,-575,-529,-451,-344,-206,-60,95,249,390,507,593,639,639,593,513,389,240,72,-111,-286,-448,-578,-672,-726,-726,-677,-578,-437,-261,-61,153,357,537,682,773,441,31,11,396,190,-853,-903,-886,-803,-655,-455,-219,49,306,558,770,923,1015,1033,969,829,627,374,89,-214,-497,-744,-947,-1080,-1132,-1103,-984,-790,-537,-240,77,389,669,912,1078,1168,1174,1095,934,692,407,92,-230,-538,-810,-1009,-1142,-1198,-1164,-1047,-846,-592,-294,26,343,634,871,1053,1165,1182,1112,969,762,500,197,-114,-417,-697,-916,-1069,-1150,-1145,-1061,-897,-669,-398,-103,196,483,733,926,1059,1110,1084,980,810,583,320,35,-249,-519,-742,-912,-1016,-1047,-1005,-890,-716,-494,-239,28,297,533,732,876,966,981,930,818,651,431,192,-54,-305,-531,-717,-859,-941,-959,-903,-787,-616,-400,-156,103,-1099,588,777,913,986,989,919,770,565,325,46,-233,-497,-723,-901,-1009,-1042,-994,-865,-670,-430,-137,159,442,687,885,1008,1050,1014,892,708,464,184,-107,-385,-624,-811,-934,-988,-959,-851,-680,-461,-207,55,300,519,694,812,864,850,763,627,448,247,27,-189,-377,-529,-642,-698,-699,-661,-573,-442,-289,-126,56,222,363,485,560,591,580,521,437,325,180,33,-116,-254,-364,-446,-485,-497,-458,-393,-305,-196,-70,48,162,253,321,376,395,382,345,279,194,95,-2,-98,-188,-260,-307,-331,-332,-295,-239,-162,-70,23,116,194,255,286,288,255,191,109,13,-76,-142,-186,-192,691,659,-407,508,102,-140,-240,-308,-335,-313,-230,-115,22,163,290,379,434,436,397,318,199,66,-76,-210,-331,-422,-477,-494,-472,-401,-300,-170,-23,135,277,407,514,577,595,567,494,373,219,40,-156,-345,-505,-631,-712,-725,-687,-597,-444,-243,-27,200,417,612,761,843,847,785,662,477,253,3,-258,-495,-688,-823,-893,-888,-805,-648,-449,-215,44,286,498,675,797,845,823,739,601,424,213,-16,-229,-420,-568,-676,-723,-729,-671,-557,-410,-241,-60,121,289,433,538,603,622,600,537,435,309,170,20,-126,-259,-375,-460,-515,-537,-525,-477,-394,-287,-169,-34,103,227,334,429,488,520,515,-198,407,314,191,51,-93,-231,-349,-447,-517,-548,-544,-501,-416,-304,-171,-23,131,271,393,490,549,561,536,474,372,249,112,-35,-176,-297,-401,-474,-507,-507,-468,-399,-312,-204,-85,40,154,251,328,382,416,426,399,356,289,208,129,42,-52,-137,-217,-282,-335,-368,-384,-376,-358,-313,-248,-167,-73,26,128,225,316,388,437,459,454,419,352,267,156,29,-102,-231,-345,-442,-501,-536,-542,-499,-425,-323,-192,-48,105,250,379,487,563,600,602,567,488,371,227,66,-103,-264,-414,-540,-625,-679,-682,-639,-546,-412,-251,-69,127,314,485,627,726,776,768,706,597,440,240,754,884
10610,mtk,MTK 7916,4081201157,rx1-tx0,512,-13,1315,1320,417,453,447,395,309,204,76,-60,-185,-299,-389,-431,-437,-410,-345,-245,-126,7,138,252,351,418,448,438,392,315,209,82,-50,-182,-300,-393,-460,-490,-481,-426,-335,-226,-91,62,213,341,456,537,578,571,506,408,275,106,-64,-236,-400,-534,-631,-680,-670,-609,-494,-340,-151,61,262,446,609,721,779,773,700,577,403,196,-37,-271,-487,-655,-789,-852,-848,-777,-637,-455,-227,19,256,475,655,792,863,858,788,665,488,277,48,-181,-390,-577,-719,-798,-822,-788,-697,-560,-388,-185,25,226,415,581,707,787,820,794,703,571,395,191,-34,-261,-477,-665,-819,-909,-930,231,-782,-612,-390,-130,154,435,693,905,1052,1118,1102,995,804,545,234,-107,-446,-758,-1010,-1195,-1284,-1267,-1152,-943,-641,-286,87,465,814,1091,1303,1397,1381,1257,1023,709,336,-74,-472,-836,-1141,-1351,-1462,-1458,-1330,-1098,-783,-391,23,441,832,1148,1384,1516,1530,1423,1191,865,463,19,-426,-847,-1214,-1474,-1612,-1622,-1492,-1235,-866,-408,68,554,987,1326,1564,1653,1589,1389,1074,651,176,-286,-721,-1095,-1347,-1473,-1473,-1334,-1085,-750,-357,52,441,782,1046,1200,1251,1182,1014,767,453,115,-231,-538,-797,-968,-1038,-1008,-889,-688,-405,-94,215,500,721,855,874,780,589,324,33,-238,-439,-549,-537,-340,347,101,630,334,422,339,170,-52,-291,-502,-653,-711,-667,-545,-342,-97,166,414,620,766,832,817,717,544,318,52,-228,-488,-711,-867,-942,-946,-861,-691,-457,-173,127,425,704,923,1067,1117,1078,941,721,423,95,-262,-604,-886,-1107,-1251,-1274,-1189,-1011,-735,-395,-13,380,740,1041,1268,1399,1402,1289,1065,752,375,-35,-458,-835,-1149,-1370,-1477,-1464,-1323,-1081,-732,-329,113,541,923,1221,1417,1508,1469,1306,1044,686,291,-130,-542,-902,-1194,-1367,-1437,-1391,-1245,-999,-674,-305,91,473,810,1089,1276,1355,1330,1215,994,699,367,-4,-363,-688,-963,-1162,-1271,-1284,-1193,-1018,-764,-464,-128,217,549,832,1059,1200,-49,1211,1094,896,615,294,-48,-397,-721,-984,-1186,-1303,-1307,-1225,-1047,-782,-450,-74,302,665,979,1228,1382,1427,1357,1174,891,543,149,-267,-671,-1020,-1287,-1439,-1483,-1397,-1192,-897,-534,-124,305,700,1023,1269,1403,1425,1331,1122,830,483,97,-284,-642,-933,-1148,-1261,-1275,-1185,-995,-742,-433,-105,228,531,783,963,1071,1087,1012,877,676,423,146,-136,-391,-611,-777,-881,-914,-881,-776,-613,-407,-177,58,277,480,636,741,776,760,684,551,373,179,-24,-227,-403,-534,-629,-666,-652,-583,-471,-322,-146,31,200,350,473,547,576,551,486,380,239,90,-70,-219,-338,-436,-487,-494,-466,-390,-280,536,763,221,-390,282,182,50,-87,-218,-322,-400,-444,-442,-400,-334,-225,-97,34,163,281,372,425,441,412,357,273,161,31,-105,-228,-330,-410,-452,-462,-432,-361,-261,-147,-12,126,266,375,460,519,530,493,418,313,174,18,-149,-304,-434,-547,-611,-626,-594,-511,-382,-224,-35,160,345,503,628,711,733,695,608,466,275,63,-160,-377,-561,-707,-795,-823,-785,-679,-524,-324,-90,150,384,586,744,845,872,832,734,574,371,131,-112,-341,-542,-701,-804,-847,-825,-745,-609,-430,-217,-1,218,418,582,704,783,798,767,680,547,372,186,-17,-235,-435,-606,-745,-833,-865,-836,-741,-599,-408,-175,69,-568,564,762,918,1011,1027,959,819,608,345,37,-278,-580,-840,-1044,-1173,-1209,-1142,-982,-745,-445,-88,279,626,931,1169,1310,1349,1287,1107,845,509,114,-279,-660,-990,-1238,-1399,-1443,-1365,-1191,-911,-558,-166,256,651,994,1263,1439,1496,1447,1271,994,644,234,-197,-626,-1000,-1303,-1504,-1583,-1532,-1370,-1078,-685,-235,235,695,1094,1417,1605,1655,1573,1335,991,559,70,-412,-852,-1223,-1481,-1585,-1549,-1392,-1093,-710,-284,164,585,938,1194,1340,1358,1256,1053,758,416,41,-331,-651,-909,-1073,-1134,-1097,-958,-741,-453,-134,190,486,737,899,957,919,784,563,278,-34,-329,-565,-710,-741,-655,-480,-241,-3,-1338,-1340,-164,487,722,-194,-382,-527,-591,-557,-427,-223,31,280,510,684,772,774,685,519,296,35,-226,-475,-676,-825,-898,-879,-778,-606,-370,-97,191,481,726,909,1018,1035,972,817,582,292,-31,-356,-661,-916,-1098,-1187,-1186,-1059,-849,-573,-232,144,500,828,1088,1264,1337,1298,1147,895,572,193,-209,-599,-951,-1228,-1398,-1457,-1393,-1206,-929,-562,-146,289,703,1056,1319,1467,1508,1417,1206,892,513,95,-341,-739,-1077,-1321,-1445,-1465,-1361,-1161,-853,-481,-81,320,694,1018,1250,1379,1400,1304,1117,848,508,131,-242,-602,-909,-1130,-1273,-1324,-1256,-1102,-870,-576,-238,122,465,770,1013,1179,1258,1242,1133,937,676,346,425,-316,-616,-897,-1111,-1240,-1278,-1221,-1068,-836,-545,-196,161,507,835,1096,1282,1362,1340,1215,992,690,322,-73,-477,-846,-1149,-1353,-1457,-1449,-1319,-1069,-733,-338,73,499,869,1175,1381,1473,1439,1282,1030,700,312,-90,-487,-839,-1109,-1292,-1362,-1326,-1178,-939,-630,-273,95,447,745,977,1126,1185,1153,1025,824,568,277,-36,-323,-578,-788,-930,-994,-981,-891,-741,-534,-295,-41,211,438,627,762,835,839,784,667,496,291,71,-142,-348,-520,-639,-701,-716,-676,-575,-434,-259,-68,116,288,434,550,611,616,571,483,354,201,37,-127,-277,-405,-490,-529,-527,-472,-387,-271,-124,20,163,292,389,-600,-281
10611,mtk,MTK 7916,4081201157,rx1-tx1,512,0,0,0,-453,-715,-807,-694,-395,9,416,723,848,753,465,57,-372,-711,-861,-786,-515,-107,334,685,855,807,555,150,-299,-670,-865,-829,-578,-179,269,652,871,862,618,217,-244,-647,-882,-881,-652,-252,215,631,885,913,698,296,-174,-608,-886,-925,-720,-334,142,585,876,934,749,373,-108,-572,-870,-933,-771,-407,72,535,862,962,811,454,-14,-482,-824,-951,-834,-504,-42,423,776,925,841,547,118,-340,-707,-884,-832,-571,-179,252,615,814,806,591,229,-170,-518,-729,-745,-579,-269,95,412,616,659,526,264,-44,-320,-503,-549,-445,-229,35,274,425,448,346,149,-76,-265,-375,-375,0,-59,137,291,364,328,187,-9,-207,-352,-404,-337,-163,62,276,425,467,374,171,-83,-322,-487,-530,-434,-217,55,318,512,576,494,292,9,-279,-497,-588,-520,-324,-50,232,454,563,520,332,62,-218,-440,-550,-508,-323,-54,227,448,551,504,318,47,-249,-487,-598,-550,-340,-36,273,529,664,625,412,85,-265,-557,-715,-701,-509,-191,181,522,741,774,626,325,-62,-427,-690,-801,-720,-465,-109,267,570,735,731,554,249,-100,-412,-624,-684,-579,-341,-36,265,493,600,561,395,146,-127,-362,-508,-531,-434,-239,5,232,405,491,469,353,179,-17,-199,-333,-394,-378,-310,-201,0,0,0,0,0,-97,-65,-11,65,133,181,213,212,162,79,-20,-129,-212,-254,-246,-182,-71,56,175,256,284,250,155,19,-117,-237,-298,-292,-224,-83,78,216,312,341,280,144,-22,-191,-321,-369,-334,-211,-29,158,309,394,384,279,104,-93,-268,-380,-407,-327,-155,49,233,361,399,334,176,-30,-228,-368,-407,-339,-179,28,228,374,437,378,211,-12,-238,-403,-474,-421,-261,-35,207,402,501,476,322,86,-173,-388,-511,-507,-359,-120,143,368,509,517,389,164,-107,-355,-507,-526,-414,-196,80,336,506,546,443,219,-60,-323,-512,-561,-467,-253,37,325,531,612,529,302,0,-310,-555,0,-588,-371,-66,269,544,676,633,433,131,-216,-514,-675,-670,-503,-195,163,464,657,690,542,249,-98,-422,-638,-681,-556,-284,63,379,596,660,550,291,-40,-360,-577,-638,-537,-296,24,339,555,618,522,288,-30,-337,-557,-627,-523,-282,36,346,566,628,523,277,-40,-350,-568,-628,-528,-285,39,347,565,640,542,299,-36,-357,-570,-642,-549,-307,19,330,547,616,521,299,-4,-308,-526,-602,-510,-281,19,313,524,586,488,255,-50,-339,-525,-567,-462,-227,80,366,558,602,478,217,-99,-391,-591,-628,-490,-222,112,421,625,663,522,240,-114,-442,-672,-723,-574,-283,84,441,0,0,0,0,0,668,364,-38,-438,-726,-831,-730,-440,-29,392,712,852,773,489,79,-357,-702,-860,-799,-535,-122,322,677,855,815,558,160,-285,-657,-867,-847,-601,-197,261,657,873,869,641,238,-230,-641,-885,-901,-679,-272,205,619,873,901,693,306,-165,-596,-881,-934,-734,-343,131,576,871,942,760,380,-95,-545,-858,-950,-791,-428,45,504,834,952,820,478,16,-448,-797,-942,-840,-523,-77,385,743,910,844,566,146,-304,-661,-855,-826,-589,-215,207,572,776,781,586,256,-126,-463,-667,-694,-550,-276,58,364,560,606,491,252,-39,-300,-462,-496,-398,-201,45,267,396,409,301,112,-96,0,-368,-347,-222,-32,170,323,380,328,175,-35,-238,-384,-430,-350,-170,65,294,451,494,404,199,-71,-328,-502,-557,-475,-258,25,304,507,581,516,317,25,-263,-478,-576,-532,-341,-61,233,457,555,508,333,70,-216,-444,-548,-499,-317,-49,238,464,561,513,320,34,-264,-503,-622,-573,-366,-54,283,548,680,655,459,130,-233,-536,-726,-747,-576,-256,123,477,720,801,686,403,27,-346,-636,-774,-729,-522,-193,178,497,687,717,574,304,-21,-331,-559,-650,-580,-374,-95,196,429,552,546,417,196,-66,-304,-465,-516,-449,-295,-89,132,319,434,456,396,272,113,-48,-173,-255,0,0,0,0,0,-97,-142,-169,-171,-145,-88,-7,85,162,217,234,206,134,24,-95,-198,-263,-269,-220,-119,11,139,240,289,269,184,51,-101,-230,-305,-310,-247,-119,51,212,326,363,313,186,12,-168,-308,-387,-367,-251,-74,119,287,384,392,303,133,-75,-255,-372,-401,-318,-159,38,233,362,393,327,170,-32,-217,-357,-409,-343,-182,28,238,393,452,399,242,6,-239,-422,-490,-444,-294,-58,189,387,498,485,343,108,-151,-376,-505,-506,-377,-149,116,356,508,523,405,184,-89,-341,-497,-527,-422,-201,76,332,505,552,452,226,-58,-328,-524,-590,-498,-280,18,314,534,620,554,335,0,-290,-541,-654,-603,-402,-88,249,523,666,645,466,156,-198,-495,-665,-682,-520,-218,129,443,648,680,537,268,-75,-402,-611,-658,-549,-296,38,359,586,656,551,301,-26,-337,-562,-637,-537,-292,24,331,550,617,522,288,-25,-338,-564,-636,-526,-276,41,353,574,638,530,280,-43,-355,-571,-635,-537,-299,36,361,577,635,540,300,-18,-336,-561,-632,-533,-295,12,322,543,616,531,298,-17,-313,-524,-594,-502,-279,17,319,527,579,474,246,-60,-345,-532,-581,-466,-216,99,389,571,600,470,211,-115,-420,-620,-656,-513,-235,105,430,652,696,552,262,-100,-446,-681,-737,-602,0,0
10612,mtk,MTK 7916,4081201157,rx2-tx0,512,0,0,0,204,485,639,626,445,138,-211,-502,-663,-649,-462,-152,206,517,687,673,485,162,-203,-519,-697,-685,-495,-174,197,520,707,700,506,178,-201,-530,-722,-718,-516,-181,201,536,729,720,515,171,-223,-556,-742,-732,-520,-162,240,582,765,743,510,134,-277,-622,-804,-763,-511,-120,307,666,852,809,545,129,-332,-706,-900,-865,-591,-150,327,725,943,915,640,189,-314,-737,-971,-953,-684,-236,275,718,980,986,733,288,-232,-690,-968,-1003,-781,-348,170,638,940,994,795,394,-111,-587,-903,-980,-803,-419,65,529,850,947,798,438,-32,-488,-807,-914,-783,-444,13,463,785,894,762,0,-6,-449,-771,-882,-762,-438,2,445,776,901,787,460,7,-450,-792,-931,-829,-501,-42,431,797,959,867,556,95,-395,-797,-994,-939,-642,-171,345,776,1009,980,705,251,-280,-743,-1014,-1021,-774,-338,191,677,987,1048,841,421,-105,-610,-960,-1063,-895,-503,17,537,913,1057,940,589,91,-437,-850,-1044,-978,-670,-202,312,744,987,981,743,319,-177,-623,-906,-962,-778,-412,49,487,798,901,785,484,65,-350,-669,-824,-769,-532,-178,213,541,728,739,574,273,-87,-416,-636,-700,-605,-373,-62,255,507,637,620,470,218,-68,-327,-512,-592,-554,-413,-206,21,225,363,424,415,342,0,0,0,0,0,359,370,318,194,14,-192,-385,-519,-558,-492,-322,-71,211,461,617,643,525,281,-40,-367,-615,-731,-676,-463,-134,244,584,794,818,640,299,-133,-550,-854,-954,-819,-487,-25,474,872,1060,1004,708,221,-336,-830,-1131,-1172,-930,-449,149,717,1125,1279,1123,687,78,-548,-1053,-1311,-1252,-888,-308,353,925,1272,1314,1035,505,-146,-756,-1181,-1311,-1117,-658,-44,582,1057,1258,1147,758,190,-424,-923,-1180,-1143,-818,-294,292,799,1099,1111,846,378,-180,-686,-1011,-1075,-864,-440,89,583,914,1015,859,482,-14,-494,-840,-966,-845,-516,-54,414,766,911,820,525,104,-335,-680,-852,-795,-529,-134,0,623,795,756,519,151,-249,-577,-747,-720,-508,-166,216,532,700,679,482,164,-192,-494,-656,-642,-452,-145,192,473,622,602,419,127,-195,-460,-594,-567,-388,-106,201,448,566,530,348,74,-215,-441,-544,-491,-300,-33,239,449,529,458,258,-12,-277,-469,-521,-423,-212,61,325,495,525,410,175,-115,-370,-527,-548,-410,-152,150,418,576,575,420,148,-166,-439,-598,-595,-435,-160,164,444,608,609,445,168,-159,-448,-618,-619,-454,-171,157,443,611,612,449,170,-152,-436,-601,-605,-447,-168,155,434,594,596,433,153,-164,-439,-598,-593,-427,-145,179,454,607,599,430,143,-185,0,0,0,0,0,-619,-435,-130,211,497,655,641,460,150,-206,-509,-678,-662,-471,-156,206,520,694,683,491,167,-205,-523,-701,-694,-503,-177,201,529,713,706,515,183,-204,-532,-717,-717,-518,-177,212,546,730,721,516,165,-234,-571,-755,-730,-505,-141,263,603,782,750,514,134,-293,-642,-824,-788,-533,-129,320,692,883,834,560,132,-335,-722,-924,-878,-602,-166,321,734,963,934,655,210,-297,-735,-980,-970,-713,-269,250,705,975,990,753,321,-197,-660,-948,-997,-787,-369,146,616,920,988,801,408,-93,-561,-880,-966,-799,-427,48,510,834,933,787,439,-19,-471,-796,-901,-766,-434,7,439,0,889,767,439,-7,-448,-772,-896,-773,-447,-2,447,782,917,810,483,28,-440,-799,-950,-855,-534,-64,423,801,977,906,596,130,-376,-792,-1005,-963,-675,-212,310,759,1011,1006,746,293,-237,-708,-1000,-1034,-805,-368,158,642,971,1054,869,459,-69,-579,-941,-1069,-925,-546,-32,489,889,1060,968,638,142,-381,-799,-1018,-988,-707,-260,245,680,945,977,764,364,-120,-563,-860,-939,-787,-449,-13,420,738,865,787,519,130,-282,-609,-777,-762,-560,-225,148,480,689,723,583,316,-19,-344,-573,-668,-614,-419,-136,171,433,594,623,520,317,62,-189,-395,-516,-534,-460,-319,-143,23,162,0,0,0,0,0,-21,132,286,414,486,475,369,179,-59,-300,-498,-604,-583,-434,-182,121,410,616,687,602,370,41,-309,-601,-763,-745,-545,-205,198,573,822,886,736,392,-61,-518,-865,-1014,-921,-603,-124,409,857,1111,1094,814,333,-244,-777,-1137,-1233,-1026,-564,36,642,1107,1305,1192,787,187,-465,-1004,-1307,-1296,-977,-417,244,851,1237,1321,1090,593,-43,-665,-1118,-1293,-1146,-713,-111,506,987,1218,1144,793,246,-359,-865,-1143,-1127,-835,-342,232,737,1046,1088,856,408,-134,-630,-962,-1047,-862,-460,49,536,878,988,849,497,24,-447,-798,-940,-836,-522,-78,377,726,883,810,529,119,-310,-655,-823,0,-519,-147,264,602,770,736,517,162,-231,-552,-720,-700,-495,-165,207,517,682,660,469,156,-196,-487,-641,-618,-437,-144,188,461,606,584,408,123,-198,-452,-577,-550,-372,-90,211,444,553,511,326,53,-228,-444,-539,-480,-288,-17,258,455,523,439,233,-39,-298,-479,-524,-419,-194,87,346,514,537,410,165,-133,-396,-550,-562,-421,-155,159,425,582,584,428,154,-165,-447,-608,-605,-442,-161,161,446,615,618,455,171,-160,-446,-610,-614,-457,-171,156,441,606,604,440,164,-153,-433,-601,-600,-437,-156,162,438,601,599,431,148,-175,-449,-600,-591,-428,-146,176,454,611,601,0,0
10613,mtk,MTK 7916,4081201157,rx2-tx1,512,0,0,0,81,78,64,42,6,-42,-84,-109,-108,-84,-48,1,61,109,132,122,83,23,-48,-109,-139,-132,-92,-34,32,96,133,130,91,34,-32,-95,-133,-129,-90,-27,45,106,137,128,77,-1,-79,-135,-157,-133,-60,29,111,172,192,152,62,-52,-154,-223,-241,-190,-82,54,187,279,302,243,114,-49,-205,-317,-349,-291,-155,24,208,350,398,346,206,3,-209,-372,-443,-400,-255,-39,193,381,475,447,303,77,-175,-387,-498,-487,-355,-126,135,365,504,514,395,174,-98,-350,-508,-532,-420,-203,68,326,500,544,446,226,-53,-318,-506,-561,-464,-249,32,317,525,591,504,0,-13,-316,-547,-634,-557,-329,-9,322,579,699,637,405,61,-303,-601,-757,-721,-496,-147,251,597,797,793,592,237,-184,-569,-819,-867,-697,-344,98,529,830,922,790,454,-10,-487,-846,-992,-899,-583,-108,398,817,1047,1018,731,261,-285,-768,-1068,-1109,-879,-434,125,659,1032,1163,1022,622,71,-508,-964,-1173,-1106,-792,-282,298,798,1109,1163,938,488,-66,-603,-991,-1137,-1016,-655,-149,380,811,1043,1026,768,342,-155,-606,-900,-984,-835,-488,-41,394,729,901,861,621,245,-177,-541,-774,-831,-709,-437,-73,299,593,746,744,596,337,22,-284,-516,-645,-648,-542,-360,-140,73,234,332,0,0,0,0,0,193,164,102,13,-92,-198,-281,-310,-282,-202,-77,77,216,318,361,322,205,46,-130,-286,-376,-383,-304,-151,48,242,390,450,395,245,27,-210,-406,-513,-498,-357,-123,150,403,573,615,503,259,-53,-362,-600,-703,-636,-416,-96,261,574,761,766,589,274,-116,-491,-753,-845,-734,-445,-48,370,704,872,832,590,203,-237,-620,-856,-890,-712,-370,67,490,793,899,790,496,82,-358,-719,-893,-845,-596,-207,235,615,838,858,669,318,-113,-515,-782,-860,-720,-410,1,412,718,842,760,490,99,-308,-640,-811,-779,-555,-196,205,554,763,781,607,279,-110,-467,-708,-763,-621,-332,0,388,646,735,636,377,19,-345,-617,-724,-647,-416,-76,290,580,718,673,458,122,-249,-557,-716,-699,-505,-178,194,518,718,733,566,258,-123,-469,-708,-771,-630,-341,32,393,662,764,682,436,84,-282,-576,-733,-703,-500,-181,176,485,670,685,527,247,-84,-385,-576,-620,-515,-288,0,285,490,562,492,307,50,-210,-405,-489,-451,-310,-97,137,325,424,419,301,113,-84,-259,-363,-368,-286,-137,46,204,308,335,279,157,6,-133,-236,-276,-248,-165,-50,72,167,215,209,158,75,-17,-98,-150,-161,-135,-85,-19,39,78,99,101,85,53,18,-16,-45,-60,-68,-66,-51,0,0,0,0,0,-11,16,44,78,96,89,68,24,-32,-82,-112,-121,-107,-64,-3,58,112,137,124,89,32,-39,-102,-138,-136,-97,-37,32,88,125,129,97,32,-42,-99,-129,-123,-76,-11,62,118,145,131,72,-17,-102,-159,-177,-141,-55,47,136,197,216,175,76,-51,-173,-253,-272,-219,-100,52,201,304,330,267,133,-40,-215,-335,-373,-317,-176,23,215,355,415,368,220,18,-203,-378,-461,-428,-278,-54,183,381,491,475,333,102,-157,-376,-500,-500,-376,-150,120,361,508,526,408,189,-81,-335,-503,-542,-441,-223,58,321,499,546,450,236,-45,-325,-517,-572,-478,-262,32,322,0,613,532,308,-10,-332,-566,-665,-594,-358,-30,308,586,721,678,455,109,-275,-598,-774,-758,-550,-195,220,587,810,834,649,294,-147,-555,-829,-901,-749,-406,49,497,831,957,838,508,44,-438,-825,-1014,-945,-642,-182,342,797,1056,1054,795,347,-204,-723,-1065,-1149,-953,-530,32,599,1011,1179,1079,714,170,-401,-877,-1154,-1147,-865,-391,169,695,1055,1160,977,569,39,-498,-911,-1092,-1023,-719,-249,263,708,983,1017,812,418,-57,-504,-824,-947,-852,-561,-149,285,645,845,850,664,339,-50,-421,-688,-800,-738,-515,-191,153,452,660,729,654,464,202,-76,-317,-478,-544,-519,-424,-275,0,0,0,0,0,73,152,219,259,256,209,115,-11,-141,-253,-324,-331,-272,-147,10,169,301,367,349,256,99,-94,-279,-397,-419,-343,-181,29,237,399,478,449,306,72,-186,-411,-549,-557,-431,-195,98,380,585,657,565,339,24,-314,-587,-733,-705,-502,-176,196,540,765,809,658,350,-43,-445,-745,-863,-790,-535,-129,306,670,875,872,662,298,-139,-552,-828,-902,-761,-436,-4,425,751,897,818,545,148,-297,-670,-869,-856,-641,-264,177,562,807,860,702,361,-65,-465,-749,-854,-752,-458,-53,353,670,826,773,530,154,-257,-594,-787,-778,-578,-241,154,511,732,772,615,306,-75,-430,-672,0,-636,-359,4,369,630,733,650,395,44,-311,-589,-718,-663,-435,-94,276,574,722,683,475,142,-229,-545,-719,-715,-535,-215,159,499,716,749,599,300,-72,-428,-682,-771,-661,-387,-28,344,625,744,681,456,122,-244,-538,-695,-691,-517,-209,139,435,624,660,530,275,-32,-323,-532,-598,-512,-306,-25,243,439,523,478,313,75,-172,-366,-459,-427,-297,-99,118,295,399,397,295,129,-61,-230,-334,-355,-289,-155,7,162,270,299,256,156,30,-95,-191,-240,-229,-161,-56,48,132,178,181,141,78,8,-64,-116,-134,-124,-89,-46,3,48,76,88,82,61,33,8,-17,-45,0,0
10614,mtk,MTK 7916,4081261503,rx0-tx0,512,-172,460,229,594,387,137,-117,-360,-569,-712,-793,-802,-731,-584,-378,-128,137,401,625,784,867,853,752,573,317,28,-273,-551,-776,-908,-951,-890,-723,-476,-155,164,479,739,917,987,947,798,557,249,-76,-395,-659,-853,-937,-917,-804,-601,-328,-37,263,523,709,822,833,750,600,381,126,-132,-364,-550,-661,-700,-664,-570,-414,-227,-20,175,339,468,531,555,513,428,313,166,4,-141,-277,-370,-435,-459,-441,-383,-278,-154,-17,120,233,336,401,402,380,320,236,119,0,-108,-204,-282,-333,-341,-330,-275,-209,-127,-23,68,159,234,289,323,321,288,228,149,45,-64,-164,-258,-320,-355,-588,-300,-221,-117,8,127,227,312,340,337,293,218,123,6,-102,-191,-243,-278,-281,-237,-171,-100,-35,25,87,120,137,133,119,100,82,63,63,51,50,56,42,9,-34,-81,-132,-200,-259,-272,-262,-223,-141,-27,108,245,370,456,495,466,369,217,9,-203,-408,-577,-658,-654,-592,-435,-218,51,313,537,701,765,747,633,414,156,-129,-394,-613,-748,-802,-746,-590,-367,-102,183,442,628,744,761,685,520,301,37,-222,-447,-612,-693,-684,-589,-435,-220,20,250,436,565,617,589,483,321,122,-89,-290,-439,-525,-531,-461,-326,-140,63,249,382,440,412,308,150,-18,-139,805,760,765,-62,-162,-192,-289,-333,-300,-197,-33,147,314,420,461,425,319,148,-46,-235,-391,-498,-533,-496,-367,-203,-5,200,377,507,568,558,460,313,121,-81,-281,-447,-552,-585,-542,-430,-265,-65,126,318,447,538,551,492,391,244,71,-114,-260,-376,-455,-465,-425,-346,-236,-102,23,154,253,327,366,373,351,291,207,104,0,-104,-203,-281,-329,-361,-352,-321,-247,-141,-32,89,204,296,364,396,386,345,271,169,33,-97,-235,-347,-430,-471,-466,-410,-311,-179,-17,147,301,438,525,560,540,460,330,160,-40,-236,-421,-569,-653,-676,-617,-494,-305,-69,178,418,611,753,798,748,620,410,-291,-139,-410,-644,-812,-882,-861,-737,-523,-247,59,365,628,828,935,930,823,626,345,37,-270,-570,-787,-917,-952,-873,-695,-456,-167,142,419,664,837,911,898,798,614,370,90,-203,-471,-691,-866,-941,-925,-815,-606,-345,-43,281,573,807,979,1037,997,848,606,284,-62,-420,-745,-988,-1134,-1163,-1061,-848,-524,-128,279,663,987,1201,1278,1218,1009,696,289,-157,-578,-942,-1192,-1315,-1294,-1104,-805,-413,38,468,839,1122,1264,1268,1137,876,522,96,-329,-699,-1000,-1169,-1211,-1117,-896,-586,-214,176,535,826,1019,1093,1048,892,640,327,-12,-332,-617,-824,-927,-938,-858,-683,-442,-167,112,383,254,162,126,-744,-873,-555,-712,-795,-796,-728,-576,-371,-134,119,368,580,744,822,828,746,580,359,86,-202,-466,-693,-849,-918,-889,-759,-537,-261,50,366,647,858,968,966,867,659,373,48,-281,-581,-809,-945,-970,-887,-703,-440,-127,183,468,708,846,899,852,704,490,221,-70,-324,-539,-694,-771,-757,-663,-494,-285,-54,163,359,512,599,627,582,484,339,178,4,-167,-308,-420,-488,-496,-464,-394,-285,-159,-9,125,255,354,416,446,416,352,263,132,3,-116,-223,-305,-362,-367,-345,-293,-211,-105,-6,96,186,248,300,322,311,287,227,148,48,-57,-157,-237,-302,-344,-337,-303,-232,-139,-40,321,190,278,337,358,328,277,184,63,-48,-163,-245,-301,-321,-294,-234,-155,-73,25,106,170,196,205,193,158,109,69,26,0,-26,-40,-46,-51,-61,-62,-83,-115,-139,-152,-150,-142,-114,-43,52,137,239,324,380,385,340,242,110,-53,-235,-396,-530,-591,-574,-490,-324,-94,134,367,563,691,736,674,534,307,44,-218,-479,-670,-775,-785,-698,-517,-275,-1,292,529,697,779,772,655,461,211,-67,-327,-540,-681,-741,-692,-567,-372,-142,109,333,516,635,663,596,464,274,58,-164,-352,-490,-558,-562,-486,-338,-149,57,247,398,493,495,416,265,81,-108,-257,-344,-341,-269,-74,-321,-436,-328,-297,-199,-101,46,199,330,407,402,312,158,-24,-211,-373,-480,-501,-451,-330,-164,27,232,404,509,560,526,424,260,64,-149,-338,-479,-560,-569,-510,-373,-197,8,208,381,513,561,550,469,332,161,-41,-218,-357,-464,-511,-499,-415,-311,-155,7,153,268,363,408,419,388,312,215,100,-14,-131,-230,-307,-346,-357,-342,-294,-218,-126,-17,92,195,295,350,382,379,332,248,154,35,-88,-212,-319,-400,-429,-422,-377,-280,-167,-28,114,258,377,466,504,490,433,326,171,0,-185,-350,-484,-574,-609,-580,-488,-327,-127,94,316,507,661,738,733,637,471,243,-31,-295,-536,-721,374,-845,-757,-588,-344,-56,241,523,745,884,921,853,688,446,147,-171,-472,-725,-892,-937,-908,-764,-526,-249,65,366,625,809,917,914,819,647,401,119,-164,-442,-677,-835,-915,-899,-788,-610,-361,-64,223,508,746,904,982,957,815,612,329,5,-329,-645,-893,-1053,-1101,-1045,-861,-584,-233,150,524,847,1097,1218,1201,1062,790,422,3,-426,-813,-1100,-1279,-1298,-1182,-931,-565,-144,317,731,1046,1257,1321,1226,1006,666,251,-178,-586,-927,-1160,-1266,-1208,-1031,-738,-359,44,441,776,1021,1149,1143,1011,768,448,84,-273,-590,-833,-982,-1012,-946,-782,-524,-230,73,360,611,784,872,867,786,-257,-335
10615,mtk,MTK 7916,4081261503,rx0-tx1,512,379,-839,-925,-806,-863,-820,-687,-477,-199,97,395,657,860,969,965,857,654,369,36,-302,-614,-868,-1028,-1070,-1000,-811,-535,-193,173,531,830,1042,1132,1112,961,703,360,-26,-408,-744,-1006,-1162,-1177,-1077,-859,-531,-159,238,618,920,1128,1215,1167,990,706,351,-44,-439,-791,-1046,-1191,-1206,-1094,-863,-537,-157,241,604,910,1110,1198,1149,972,692,348,-36,-413,-742,-992,-1122,-1138,-1037,-819,-524,-176,193,532,812,998,1080,1048,899,666,373,29,-305,-607,-835,-973,-1013,-947,-780,-533,-242,81,383,650,847,954,959,869,689,437,139,-165,-453,-692,-864,-947,-922,-810,-610,-347,-46,267,554,777,918,-430,920,767,530,226,-101,-418,-703,-912,-1012,-1006,-889,-672,-368,-25,323,632,876,1034,1062,968,758,468,125,-236,-579,-843,-1011,-1063,-985,-803,-528,-190,166,500,779,955,1018,969,804,547,233,-99,-416,-671,-848,-919,-889,-762,-548,-274,21,301,540,711,789,789,691,526,315,72,-169,-383,-551,-653,-678,-629,-514,-356,-159,46,247,412,524,577,571,498,384,211,33,-148,-306,-418,-488,-495,-455,-367,-234,-89,75,212,320,398,427,403,342,236,120,-13,-143,-256,-332,-361,-355,-306,-222,-114,5,119,220,286,313,304,252,166,59,-57,-160,-236,-269,-257,-201,-113,-9,82,144,-218,-466,481,1196,1373,183,265,295,265,170,31,-120,-257,-355,-397,-380,-300,-172,-15,138,283,387,437,442,387,276,132,-36,-199,-348,-454,-511,-509,-446,-326,-169,20,215,384,522,606,612,544,411,219,1,-229,-449,-615,-715,-736,-663,-505,-282,-13,262,517,709,835,844,755,574,313,15,-295,-572,-782,-900,-902,-796,-602,-326,-13,311,588,790,894,900,793,589,328,23,-280,-536,-734,-838,-843,-755,-579,-345,-79,186,429,614,729,757,703,575,394,170,-65,-284,-475,-597,-664,-659,-581,-448,-270,-68,142,329,472,573,610,589,501,374,204,13,-176,-346,-475,-559,-597,-566,-475,-332,-156,34,230,388,521,596,605,560,446,287,96,-113,-311,-467,-582,-636,-615,-527,-384,-198,9,216,401,536,614,626,565,444,275,81,-117,-302,-451,-553,-581,-554,-469,-335,-170,4,169,326,430,487,493,452,367,253,115,-25,-155,-266,-351,-396,-408,-381,-326,-245,-146,-41,73,180,262,328,374,382,362,308,224,113,-3,-122,-240,-335,-406,-445,-436,-384,-292,-170,-24,128,268,384,469,513,501,433,327,175,5,-160,-324,-452,-535,-564,-540,-458,-324,-159,27,216,381,513,593,616,573,470,316,130,-68,-268,-449,-590,-663,-671,-615,-487,-311,-101,137,357,546,681,755,737,649,485,-571,73,11,-409,-164,-265,15,303,560,770,892,919,846,681,435,127,-200,-504,-764,-942,-1022,-988,-847,-602,-283,65,413,724,959,1090,1103,992,770,456,88,-289,-646,-928,-1117,-1175,-1103,-912,-626,-260,135,511,848,1086,1194,1191,1047,788,447,51,-349,-712,-990,-1165,-1216,-1140,-930,-619,-249,150,527,854,1080,1199,1180,1042,785,446,60,-331,-684,-954,-1121,-1173,-1093,-900,-609,-255,113,477,782,995,1109,1096,966,736,439,101,-250,-573,-818,-991,-1053,-997,-846,-596,-298,29,343,624,834,959,983,898,729,485,189,-119,-414,-665,-849,-942,-935,-834,-645,-398,-96,211,494,732,889,957,929,795,571,293,-1099,-338,-617,-840,-973,-995,-914,-735,-458,-136,204,528,795,976,1041,995,831,581,253,-108,-454,-748,-958,-1058,-1043,-900,-650,-334,27,380,683,913,1030,1026,911,684,380,41,-298,-602,-827,-947,-968,-866,-675,-403,-95,211,491,703,835,861,795,643,415,157,-111,-364,-555,-685,-737,-707,-602,-441,-229,-6,212,394,536,613,625,566,444,276,92,-105,-275,-422,-515,-543,-519,-431,-302,-145,24,173,313,405,458,453,389,298,177,32,-105,-233,-322,-374,-393,-364,-291,-181,-57,64,178,268,321,335,311,250,152,39,-76,-180,-253,-291,-287,-240,-155,-50,59,150,210,222,187,118,-892,-790,-407,-661,-2,175,83,-46,-182,-296,-357,-351,-282,-159,-6,149,289,389,428,409,336,209,63,-96,-250,-375,-452,-481,-447,-359,-217,-57,122,293,429,521,556,526,432,292,97,-116,-323,-499,-621,-669,-652,-545,-369,-139,112,368,575,725,790,763,637,434,165,-137,-414,-661,-822,-892,-853,-705,-470,-171,151,444,694,861,927,879,716,472,172,-137,-440,-670,-830,-892,-842,-694,-471,-188,99,369,587,738,801,777,665,481,249,-7,-250,-459,-611,-700,-704,-642,-503,-315,-106,115,316,479,591,639,619,526,396,228,36,-161,-335,-469,-560,-593,-567,-483,-350,-186,1,194,365,499,579,600,-198,469,316,126,-66,-259,-427,-548,-618,-623,-551,-419,-250,-43,166,354,507,602,632,595,488,325,133,-75,-272,-435,-556,-606,-594,-516,-387,-211,-22,157,322,445,522,536,508,420,286,134,-27,-176,-302,-392,-441,-448,-410,-341,-236,-122,-1,118,219,298,350,374,373,332,267,186,81,-30,-140,-243,-333,-386,-405,-397,-348,-261,-154,-22,114,244,355,437,476,469,411,310,177,22,-144,-291,-419,-509,-539,-520,-453,-326,-169,11,186,352,479,563,592,557,464,321,148,-49,-240,-414,-544,-621,-638,-594,-487,-321,-120,96,306,493,623,704,708,635,494,300,63,-183,-407,-605,-1200,-1335
10616,mtk,MTK 7916,4081261503,rx1-tx0,512,-13,-1377,-1326,204,66,-81,-219,-320,-374,-389,-351,-267,-147,-2,137,256,343,379,375,321,219,93,-45,-175,-294,-370,-395,-385,-321,-213,-76,71,203,322,401,439,423,356,240,95,-64,-226,-366,-472,-519,-512,-438,-309,-143,53,246,425,554,625,624,538,391,194,-39,-272,-480,-640,-728,-727,-635,-479,-255,7,269,517,706,812,824,740,560,323,28,-268,-539,-754,-874,-892,-811,-633,-378,-73,232,515,741,878,916,845,682,448,152,-147,-440,-679,-828,-896,-866,-747,-536,-266,18,300,552,747,862,882,813,657,432,157,-140,-414,-652,-834,-922,-912,-816,-628,-362,-53,275,583,821,981,231,1001,830,558,216,-156,-528,-846,-1080,-1197,-1178,-1024,-748,-359,72,510,885,1172,1342,1339,1181,873,465,-4,-489,-934,-1257,-1443,-1466,-1305,-982,-545,-34,486,947,1308,1513,1541,1391,1069,609,97,-443,-929,-1302,-1531,-1572,-1437,-1138,-702,-180,361,861,1277,1526,1613,1505,1216,791,266,-293,-823,-1267,-1560,-1662,-1566,-1268,-828,-280,307,847,1303,1592,1667,1544,1240,754,196,-383,-912,-1311,-1533,-1559,-1401,-1054,-591,-62,457,898,1220,1372,1345,1164,841,415,-40,-477,-837,-1090,-1190,-1139,-941,-632,-250,151,523,812,987,1027,926,704,383,18,-354,-656,-849,-906,-806,-578,-255,103,411,604,662,570,368,226,-472,101,-638,-352,293,476,573,539,384,125,-176,-462,-674,-774,-740,-583,-333,-17,304,590,789,874,843,694,449,128,-216,-527,-787,-944,-985,-897,-685,-388,-26,348,690,948,1099,1118,989,726,374,-37,-454,-820,-1100,-1248,-1236,-1084,-787,-388,79,528,934,1233,1379,1373,1179,846,411,-102,-604,-1040,-1356,-1509,-1489,-1277,-908,-423,117,654,1120,1440,1594,1554,1321,925,421,-140,-695,-1161,-1477,-1622,-1559,-1318,-917,-409,135,669,1112,1423,1557,1511,1287,907,432,-72,-579,-1009,-1318,-1472,-1441,-1263,-941,-503,-12,462,887,1199,1377,1399,1264,982,599,154,-309,-736,-1071,-1286,-1357,-1275,-1059,-720,-302,147,584,943,1207,-49,1315,1150,858,476,29,-424,-823,-1149,-1347,-1383,-1271,-1019,-641,-190,293,745,1118,1364,1468,1395,1157,781,309,-214,-707,-1117,-1407,-1528,-1463,-1233,-846,-366,160,674,1106,1396,1518,1468,1234,850,374,-144,-636,-1040,-1322,-1442,-1385,-1168,-820,-372,101,552,929,1177,1290,1244,1058,751,375,-37,-430,-756,-978,-1094,-1079,-949,-698,-395,-59,281,570,788,907,922,833,663,420,149,-140,-399,-603,-745,-794,-751,-634,-443,-215,36,276,478,621,694,683,595,438,232,11,-201,-395,-548,-613,-611,-533,-400,-222,-24,178,344,472,539,537,473,342,178,-2,-177,-325,-427,-473,-467,-395,-279,-123,37,186,-465,-700,221,239,-465,-356,-406,-400,-341,-233,-104,34,171,284,364,393,364,290,178,46,-92,-228,-326,-380,-385,-351,-268,-139,-9,126,252,350,406,410,368,282,154,8,-145,-286,-394,-458,-473,-435,-340,-199,-29,146,320,455,546,573,532,424,258,61,-160,-363,-527,-644,-686,-638,-522,-336,-105,152,388,590,731,785,746,619,408,151,-133,-409,-639,-797,-871,-832,-706,-488,-202,96,400,651,835,912,885,761,546,269,-43,-345,-604,-801,-901,-897,-801,-599,-346,-58,232,502,721,849,880,829,691,480,211,-73,-353,-594,-777,-885,-892,-802,-636,-399,-108,192,479,730,903,982,967,831,601,301,-568,-388,-700,-945,-1088,-1120,-1024,-805,-484,-97,313,696,1018,1228,1289,1206,964,625,191,-277,-721,-1087,-1326,-1419,-1352,-1107,-722,-266,241,731,1134,1404,1519,1443,1209,818,330,-200,-708,-1147,-1433,-1556,-1510,-1269,-894,-401,136,650,1100,1423,1585,1555,1354,985,494,-43,-595,-1066,-1422,-1609,-1611,-1418,-1055,-558,2,567,1067,1439,1648,1647,1448,1073,545,-47,-610,-1115,-1468,-1621,-1585,-1344,-928,-407,153,685,1119,1393,1489,1386,1123,723,245,-241,-678,-1033,-1234,-1278,-1158,-902,-542,-122,296,668,941,1086,1087,942,675,333,-47,-411,-713,-911,-971,-891,-672,-362,5,356,634,792,792,634,371,63,-230,-420,1348,1287,-164,-426,-680,377,233,-12,-283,-523,-673,-688,-571,-341,-44,275,551,749,832,785,623,362,50,-278,-576,-802,-925,-915,-786,-558,-242,105,457,751,958,1048,1006,835,553,198,-200,-590,-904,-1114,-1194,-1119,-906,-579,-162,274,691,1037,1265,1328,1228,986,611,159,-327,-793,-1152,-1393,-1464,-1352,-1074,-668,-167,364,860,1250,1494,1563,1448,1132,679,149,-403,-912,-1312,-1554,-1617,-1473,-1140,-676,-135,424,927,1323,1543,1587,1440,1125,680,156,-378,-865,-1245,-1464,-1522,-1405,-1112,-705,-214,285,737,1118,1369,1445,1365,1130,767,322,-153,-611,-989,-1244,-1370,-1341,-1156,-840,-439,11,450,845,1145,1314,1337,1207,947,590,425,-283,-696,-1034,-1260,-1357,-1292,-1092,-766,-344,127,571,969,1258,1409,1399,1231,913,497,13,-487,-932,-1274,-1473,-1500,-1339,-1033,-602,-85,436,912,1283,1494,1535,1389,1067,617,109,-412,-889,-1250,-1459,-1492,-1344,-1039,-626,-130,362,809,1146,1346,1366,1241,960,585,151,-288,-686,-989,-1168,-1203,-1097,-868,-559,-203,171,517,791,950,1015,956,797,554,261,-56,-349,-600,-769,-852,-842,-727,-551,-317,-47,214,445,623,721,740,673,535,341,111,-126,-341,-514,-619,-647,-608,-507,-336,-127,82,280,436,542,580,542,438,294,112,-74,-257,-401,-483,-508,-474,-379,-237,-73,98,251,369,437,441,396,597,305
10617,mtk,MTK 7916,4081261503,rx1-tx1,512,0,0,0,666,452,144,-200,-505,-715,-772,-670,-438,-119,228,532,725,770,653,404,71,-280,-568,-741,-760,-621,-352,-13,325,600,752,742,569,275,-71,-408,-662,-771,-717,-510,-193,169,502,726,800,709,461,111,-262,-581,-786,-838,-706,-420,-34,365,685,868,879,701,379,-22,-431,-754,-922,-910,-709,-352,83,494,812,965,926,704,333,-102,-515,-825,-978,-935,-691,-315,120,527,824,962,903,662,299,-124,-512,-800,-928,-856,-619,-269,129,489,747,850,780,554,225,-138,-460,-669,-743,-672,-462,-164,153,428,603,642,549,346,74,-200,-419,-545,-548,-425,-214,34,271,445,515,465,311,0,-161,-366,-495,-514,-420,-225,29,283,480,572,545,403,170,-108,-375,-573,-656,-604,-429,-155,157,444,648,714,641,450,160,-169,-465,-673,-746,-669,-456,-156,171,467,668,727,647,435,129,-195,-475,-664,-704,-603,-375,-63,256,521,685,700,564,321,-6,-343,-609,-748,-737,-574,-292,49,395,665,811,803,632,331,-33,-402,-701,-871,-872,-709,-416,-41,344,660,852,882,749,478,129,-235,-559,-772,-840,-762,-547,-232,110,422,644,739,702,540,290,-10,-294,-500,-611,-618,-508,-310,-64,183,386,513,537,475,336,137,-71,-253,-397,-472,-469,-394,-268,-113,43,173,263,313,322,0,0,0,0,0,146,200,227,229,205,145,62,-39,-147,-239,-301,-322,-298,-231,-117,24,163,275,349,368,317,208,58,-106,-253,-361,-408,-379,-281,-128,64,249,396,473,460,358,185,-33,-246,-420,-524,-535,-444,-264,-34,213,431,569,604,521,335,87,-179,-422,-583,-636,-571,-394,-141,144,411,595,669,611,431,167,-139,-429,-629,-701,-639,-452,-179,135,427,639,727,683,499,209,-112,-410,-643,-747,-698,-516,-231,99,405,634,729,693,516,233,-99,-402,-620,-718,-668,-486,-207,117,413,631,718,656,466,183,-141,-443,-662,-737,-662,-459,-158,189,495,692,754,670,442,127,-214,-521,-732,0,-693,-451,-110,253,568,769,818,697,447,109,-277,-609,-808,-841,-706,-430,-63,322,639,832,854,703,418,39,-353,-671,-856,-859,-689,-378,14,405,715,885,864,675,346,-60,-461,-766,-913,-877,-665,-318,110,517,815,942,889,654,281,-148,-554,-846,-964,-885,-630,-248,186,584,849,952,864,595,205,-214,-596,-857,-941,-828,-550,-167,249,611,841,902,781,502,117,-280,-608,-810,-846,-702,-418,-64,292,590,751,764,618,330,-18,-348,-602,-719,-682,-504,-214,105,393,603,688,618,410,119,-195,-467,-642,-675,-563,-331,-25,287,534,667,662,515,250,-59,-357,-585,-702,-666,-489,0,0,0,0,0,332,589,734,736,584,293,-51,-379,-628,-760,-737,-565,-268,88,415,656,768,725,529,220,-137,-463,-689,-777,-695,-466,-139,207,516,721,771,656,405,62,-295,-596,-766,-768,-613,-331,30,388,675,816,783,589,264,-120,-487,-759,-871,-805,-576,-220,195,577,841,924,809,534,154,-268,-642,-889,-959,-834,-536,-134,303,681,920,984,847,529,110,-323,-697,-928,-965,-815,-504,-93,333,688,898,940,789,469,77,-326,-667,-856,-872,-726,-433,-64,304,601,773,785,637,360,17,-308,-555,-684,-675,-518,-263,30,306,513,604,558,392,152,-113,-344,-487,-522,-450,-271,-26,220,407,0,494,361,147,-102,-338,-500,-550,-479,-299,-53,208,438,591,614,506,287,10,-276,-520,-665,-679,-549,-302,8,324,575,715,715,569,318,2,-324,-580,-719,-721,-572,-308,14,336,586,713,695,531,261,-57,-374,-607,-709,-660,-473,-182,136,445,660,724,644,443,143,-196,-510,-725,-797,-704,-469,-132,236,557,777,859,769,524,182,-192,-538,-784,-892,-836,-613,-278,101,458,731,869,840,656,362,10,-336,-610,-771,-788,-662,-419,-105,212,471,638,687,609,423,166,-106,-350,-518,-581,-545,-415,-210,26,243,406,501,508,430,286,102,-89,-252,-367,-426,-421,-361,-265,-154,-43,0,0,0,0,0,-104,-59,2,79,162,231,275,288,266,204,102,-17,-139,-243,-314,-343,-318,-229,-99,50,201,318,379,379,305,172,-2,-175,-319,-413,-436,-376,-242,-55,144,335,468,512,458,325,131,-112,-341,-502,-577,-541,-401,-192,57,322,518,610,601,478,250,-28,-300,-517,-640,-637,-515,-291,-8,289,532,664,667,548,319,17,-291,-541,-684,-702,-587,-350,-32,289,544,705,729,605,362,56,-265,-541,-710,-740,-622,-388,-74,257,529,701,734,616,371,57,-264,-531,-694,-722,-594,-350,-36,290,552,702,712,570,319,1,-327,-590,-736,-732,-575,-298,37,365,622,765,749,571,280,0,-405,-660,-799,-776,-587,-280,85,441,704,823,780,586,268,-111,-472,-740,-855,-799,-585,-244,143,496,756,866,800,558,201,-196,-552,-791,-876,-788,-530,-166,235,596,841,911,788,506,125,-290,-660,-892,-937,-791,-491,-87,344,701,922,950,786,464,51,-376,-725,-936,-951,-771,-435,-20,403,748,927,915,720,392,-20,-432,-755,-912,-887,-684,-343,63,448,735,858,824,625,294,-92,-453,-713,-815,-743,-529,-210,154,471,685,750,653,420,109,-221,-499,-669,-691,-559,-311,-6,299,543,667,644,488,231,-81,-385,-605,-685,-623,-432,-144,177,449,638,693,594,368,71,-246,-524,0,0
10618,mtk,MTK 7916,4081261503,rx2-tx0,512,0,0,0,-628,-477,-222,83,377,594,682,631,445,163,-158,-450,-648,-714,-632,-415,-103,235,524,705,733,609,357,29,-310,-587,-742,-743,-580,-296,50,395,658,779,738,539,223,-146,-487,-723,-808,-725,-487,-136,251,587,800,847,708,413,30,-369,-699,-886,-878,-677,-335,75,475,786,945,903,658,267,-179,-599,-901,-1022,-932,-642,-216,261,693,985,1077,951,627,164,-332,-761,-1042,-1116,-956,-602,-123,386,805,1069,1119,942,575,85,-420,-829,-1074,-1101,-901,-523,-42,441,837,1056,1061,853,475,-2,-473,-843,-1036,-1013,-787,-403,63,511,847,1000,949,704,319,-134,-553,-857,-979,-894,-628,0,213,611,890,976,850,550,137,-303,-687,-931,-977,-822,-497,-68,378,755,980,1001,820,470,19,-442,-815,-1026,-1029,-827,-454,19,492,863,1066,1061,840,440,-46,-519,-892,-1097,-1081,-846,-436,61,540,916,1116,1092,849,435,-65,-546,-923,-1116,-1091,-853,-444,54,543,920,1112,1090,856,456,-23,-506,-887,-1085,-1075,-859,-480,-15,450,816,1021,1030,838,492,58,-376,-729,-934,-954,-796,-489,-94,305,633,832,871,738,471,127,-236,-545,-741,-793,-695,-469,-164,167,455,645,715,658,479,220,-72,-343,-549,-652,-638,-517,-322,-79,169,381,526,591,568,465,305,126,-51,-197,-293,-348,0,0,0,0,0,123,-7,-152,-306,-444,-535,-559,-504,-368,-167,74,319,523,646,670,580,383,111,-193,-477,-679,-767,-716,-536,-249,100,446,719,866,862,694,382,-15,-427,-774,-981,-1012,-849,-514,-75,387,799,1082,1164,1021,679,201,-320,-790,-1135,-1273,-1167,-842,-356,210,743,1137,1333,1283,976,484,-99,-662,-1104,-1340,-1320,-1047,-580,-2,575,1037,1295,1309,1069,628,74,-499,-967,-1238,-1266,-1051,-633,-90,452,899,1176,1211,1002,606,97,-424,-850,-1109,-1144,-946,-564,-73,417,815,1053,1078,884,515,54,-413,-790,-1005,-1012,-821,-462,-19,418,770,959,952,751,398,-26,-436,-755,-913,-881,-672,-330,76,0,748,873,820,598,257,-135,-499,-752,-844,-764,-526,-179,198,531,752,814,700,440,96,-265,-573,-753,-775,-635,-362,-15,338,613,756,738,562,274,-73,-408,-650,-751,-698,-496,-180,166,473,679,739,642,407,85,-249,-531,-696,-711,-578,-319,14,339,585,711,686,505,220,-117,-430,-644,-724,-650,-427,-124,203,503,692,727,607,360,36,-295,-562,-716,-721,-569,-297,34,358,606,725,693,514,224,-111,-412,-630,-716,-650,-449,-154,172,455,643,692,590,370,80,-231,-492,-638,-648,-526,-289,11,301,527,640,612,456,201,-93,-362,-560,-638,-571,-377,-105,183,431,596,629,524,0,0,0,0,0,-194,-451,-619,-661,-564,-340,-39,273,530,681,685,543,287,-34,-352,-597,-723,-696,-523,-232,110,425,654,753,688,476,159,-190,-498,-711,-773,-674,-428,-88,277,585,770,786,639,358,-8,-377,-667,-816,-797,-606,-277,116,487,757,868,794,550,182,-230,-601,-850,-923,-796,-497,-93,338,713,943,978,806,461,17,-443,-821,-1026,-1014,-800,-419,51,522,899,1095,1063,807,386,-104,-580,-948,-1118,-1064,-794,-355,151,621,971,1124,1045,757,320,-185,-649,-972,-1099,-1005,-706,-266,224,664,969,1072,955,642,205,-268,-682,-956,-1029,-888,-567,-132,327,715,949,980,811,481,52,-394,-751,0,-950,-752,-396,40,469,799,963,928,698,321,-122,-545,-859,-995,-929,-670,-270,188,614,916,1033,936,649,231,-237,-671,-973,-1082,-966,-650,-209,275,708,1006,1106,980,657,204,-295,-737,-1030,-1123,-993,-660,-196,308,748,1046,1140,997,659,196,-315,-759,-1041,-1120,-993,-673,-206,300,741,1033,1120,993,683,235,-253,-681,-977,-1076,-972,-694,-278,191,607,896,1009,935,676,290,-134,-520,-805,-929,-867,-641,-302,84,436,699,824,788,603,314,-29,-356,-606,-740,-735,-588,-338,-33,268,516,662,682,585,388,127,-145,-385,-552,-625,-601,-484,-296,-74,144,326,448,503,491,420,312,184,0,0,0,0,0,362,425,435,383,271,105,-96,-306,-482,-597,-629,-563,-402,-163,113,376,588,706,699,569,329,21,-308,-596,-780,-820,-711,-472,-135,251,604,857,950,867,624,246,-201,-614,-931,-1084,-1035,-787,-383,106,592,979,1189,1186,954,532,4,-538,-990,-1263,-1303,-1097,-680,-134,440,945,1275,1356,1182,789,252,-340,-870,-1233,-1362,-1232,-862,-327,265,794,1167,1317,1210,867,361,-203,-728,-1101,-1253,-1163,-845,-366,173,671,1034,1187,1110,810,345,-174,-644,-985,-1124,-1039,-750,-317,174,619,936,1063,978,694,275,-192,-614,-902,-1009,-907,-623,-221,223,614,875,950,837,559,164,-260,-616,-841,-896,0,-475,-102,294,635,830,848,696,400,24,-349,-648,-809,-802,-628,-322,49,405,673,801,755,553,239,-122,-455,-687,-771,-696,-473,-146,207,510,708,755,642,389,56,-288,-568,-729,-729,-571,-301,33,368,617,728,689,507,211,-133,-439,-649,-722,-640,-421,-110,225,513,688,715,584,329,7,-327,-587,-714,-692,-525,-242,94,413,639,735,678,471,163,-172,-475,-678,-738,-641,-418,-103,234,518,689,717,590,341,30,-292,-552,-692,-685,-531,-269,45,349,572,675,634,459,192,-116,-397,-585,-652,-581,-379,-97,199,452,604,628,514,293,10,-276,-503,-619,-606,-460,-211,84,349,0,0
10619,mtk,MTK 7916,4081261503,rx2-tx1,512,0,0,0,-88,41,169,273,325,322,262,151,14,-126,-243,-321,-340,-293,-196,-66,81,212,299,327,298,215,89,-54,-180,-268,-306,-284,-205,-81,55,169,249,277,251,173,53,-74,-181,-251,-264,-214,-119,3,129,220,264,255,187,71,-62,-187,-276,-306,-265,-166,-26,128,252,333,349,282,157,-5,-180,-323,-401,-399,-317,-165,29,226,381,460,447,343,171,-46,-262,-425,-507,-495,-374,-171,62,288,462,547,520,389,183,-69,-314,-496,-572,-532,-397,-182,78,321,499,586,551,398,164,-99,-345,-522,-593,-543,-383,-136,141,388,550,603,535,357,107,-177,-432,-597,-637,-549,-351,0,231,488,659,690,575,345,43,-280,-560,-730,-754,-634,-380,-41,312,611,799,827,693,425,73,-309,-637,-842,-889,-760,-478,-101,300,646,875,935,812,520,118,-306,-674,-922,-988,-861,-556,-137,312,708,976,1054,934,618,180,-297,-727,-1019,-1126,-1016,-708,-275,223,690,1020,1161,1086,807,372,-131,-621,-998,-1183,-1138,-898,-491,12,501,901,1140,1152,951,588,126,-358,-763,-1021,-1093,-972,-669,-241,209,608,899,1021,944,701,343,-64,-457,-755,-911,-905,-737,-442,-79,290,591,785,842,745,529,240,-84,-393,-621,-738,-739,-627,-422,-164,94,328,507,604,612,546,422,265,109,-32,0,0,0,0,0,-7,-81,-152,-216,-265,-283,-262,-206,-115,1,123,229,307,342,321,245,127,-21,-169,-292,-366,-378,-322,-215,-63,113,279,397,438,404,293,121,-79,-277,-436,-507,-493,-382,-195,32,262,458,585,610,512,314,55,-216,-460,-630,-693,-624,-441,-175,132,426,644,750,726,570,290,-44,-366,-627,-781,-789,-655,-408,-78,269,561,756,816,718,488,171,-181,-492,-709,-804,-751,-548,-239,100,421,670,784,745,573,295,-39,-359,-616,-752,-737,-583,-322,-9,310,571,717,722,594,354,51,-260,-524,-682,-714,-604,-382,-86,224,483,649,695,600,389,117,-174,-430,-605,-658,-571,-373,0,151,395,566,623,559,384,139,-136,-382,-548,-602,-537,-360,-117,143,378,544,597,529,355,116,-147,-381,-542,-598,-539,-374,-133,132,374,538,603,557,407,177,-91,-340,-523,-611,-578,-436,-218,38,288,477,570,562,451,252,14,-218,-409,-530,-543,-451,-285,-74,145,330,451,485,433,302,120,-76,-242,-361,-413,-379,-283,-146,19,179,294,346,336,268,159,28,-110,-218,-283,-298,-253,-165,-55,63,168,240,268,251,184,91,-10,-109,-192,-237,-240,-204,-138,-46,55,142,207,235,223,176,99,0,-99,-179,-234,-253,-225,-160,-67,43,142,218,267,267,226,141,25,-97,0,0,0,0,0,-303,-320,-269,-178,-58,82,206,298,340,321,240,116,-31,-170,-282,-339,-330,-264,-148,-5,133,246,309,310,257,155,19,-111,-217,-284,-292,-235,-134,-6,120,220,268,252,189,85,-36,-146,-226,-256,-231,-151,-31,93,199,270,279,220,113,-24,-161,-270,-320,-306,-229,-94,75,230,342,382,342,236,72,-113,-285,-411,-446,-387,-251,-60,144,326,457,491,425,273,56,-172,-371,-506,-541,-465,-292,-60,185,399,538,563,478,299,59,-197,-414,-545,-567,-477,-291,-46,213,438,573,584,472,271,18,-250,-467,-587,-585,-462,-246,21,294,511,616,594,455,219,-68,-349,-561,0,-632,-464,-207,104,405,622,718,679,495,206,-134,-456,-696,-805,-753,-547,-236,124,474,741,860,805,595,274,-103,-479,-773,-911,-863,-650,-307,100,498,802,952,910,694,343,-86,-514,-846,-1012,-975,-751,-383,78,530,881,1070,1053,832,443,-37,-512,-893,-1109,-1127,-935,-551,-61,440,860,1121,1179,1020,662,181,-329,-778,-1075,-1180,-1070,-760,-317,184,644,980,1132,1068,811,415,-52,-508,-863,-1048,-1037,-845,-502,-79,344,691,912,967,843,568,198,-190,-537,-785,-880,-822,-629,-325,20,348,613,767,787,680,465,179,-125,-392,-588,-692,-690,-594,-419,-203,12,204,349,433,455,423,0,0,0,0,0,205,211,190,138,59,-42,-143,-226,-286,-321,-305,-236,-130,0,136,257,334,362,328,233,94,-62,-221,-347,-407,-396,-312,-169,8,196,354,456,476,403,256,53,-170,-364,-511,-567,-510,-357,-141,110,359,545,640,620,481,254,-28,-319,-564,-707,-723,-611,-384,-82,241,530,724,785,699,488,190,-147,-472,-706,-807,-765,-589,-299,49,388,661,804,794,634,362,22,-322,-603,-771,-796,-669,-426,-104,239,534,719,772,683,456,152,-182,-476,-680,-754,-684,-483,-191,127,422,636,729,679,500,228,-80,-378,-601,-699,-665,-512,-255,45,328,549,659,640,497,263,-16,-292,-509,0,-609,-480,-258,18,279,481,592,586,463,251,-10,-270,-470,-576,-577,-460,-242,21,275,475,584,578,463,255,-5,-268,-477,-591,-589,-479,-282,-25,246,466,593,605,507,318,66,-198,-420,-559,-603,-527,-350,-113,135,357,509,563,514,372,164,-73,-287,-439,-513,-492,-380,-204,2,199,350,439,436,352,213,48,-129,-280,-367,-382,-332,-222,-75,76,205,291,319,298,224,102,-30,-148,-241,-279,-266,-213,-127,-17,92,180,235,251,225,159,65,-40,-128,-199,-234,-228,-189,-116,-26,74,161,217,241,226,170,85,-19,-124,-202,-249,-262,-237,-157,-47,64,169,250,290,278,0,0
10620,mtk,MTK 7916,4081317845,rx0-tx0,512,-172,-425,-417,755,581,375,131,-118,-346,-557,-727,-854,-902,-894,-807,-662,-469,-224,37,306,542,745,898,961,975,901,739,524,249,-51,-345,-615,-832,-987,-1053,-1031,-913,-722,-464,-160,149,447,704,899,1013,1037,970,817,600,333,57,-230,-490,-699,-852,-927,-918,-842,-693,-499,-259,-6,243,450,615,734,784,763,699,572,410,218,14,-172,-353,-489,-581,-642,-642,-594,-506,-375,-221,-56,99,251,391,487,548,567,535,457,351,222,76,-82,-231,-340,-413,-454,-465,-434,-377,-275,-167,-59,49,146,226,289,312,324,314,279,229,173,107,28,-28,-102,-163,-206,-243,-263,-254,-245,-215,-175,-588,-43,34,102,161,213,242,253,255,223,177,120,64,-6,-73,-131,-179,-195,-206,-199,-175,-137,-97,-56,-28,2,34,61,80,98,115,120,132,144,153,155,155,147,105,58,-3,-63,-143,-230,-300,-343,-358,-346,-303,-218,-110,30,172,309,428,520,552,532,473,361,188,0,-202,-391,-540,-646,-691,-659,-578,-435,-246,-27,192,406,571,685,737,713,625,476,274,50,-173,-387,-562,-674,-724,-713,-631,-480,-289,-71,149,347,518,630,668,653,562,434,270,70,-128,-309,-455,-551,-582,-565,-487,-349,-188,-1,178,334,459,519,510,432,300,135,-47,-205,-317,-367,-345,-269,-260,-334,765,-551,-232,248,158,16,-154,-306,-424,-482,-464,-364,-206,-17,169,342,481,564,578,504,382,226,38,-156,-345,-491,-578,-618,-587,-485,-337,-148,46,239,394,522,596,607,555,447,301,130,-48,-218,-360,-471,-528,-534,-488,-401,-290,-148,5,139,253,329,377,402,376,338,270,202,113,33,-56,-123,-174,-237,-264,-282,-282,-272,-237,-203,-147,-78,-11,73,146,204,268,314,348,355,327,283,214,125,17,-97,-215,-323,-403,-459,-486,-468,-410,-326,-203,-68,99,262,407,524,602,638,611,534,411,245,57,-157,-370,-548,-685,-773,-795,-741,-619,-445,-217,22,285,526,715,861,913,887,-291,626,386,116,-157,-432,-673,-858,-963,-989,-924,-786,-572,-307,-14,283,549,782,943,1013,1002,914,730,487,220,-60,-341,-598,-806,-940,-992,-976,-881,-713,-500,-245,34,305,557,763,925,1004,1009,946,805,598,339,49,-253,-540,-771,-973,-1092,-1115,-1062,-919,-692,-415,-93,241,551,841,1071,1210,1239,1182,1026,760,435,84,-289,-647,-947,-1184,-1314,-1318,-1224,-1015,-724,-377,13,397,758,1056,1247,1338,1325,1195,954,633,270,-131,-513,-844,-1107,-1267,-1314,-1249,-1080,-830,-495,-131,236,579,866,1069,1180,1191,1106,914,667,370,33,-288,-565,-800,-962,-1054,-1038,-949,-786,-567,-310,-31,235,488,-1204,-1061,126,-27,89,-498,-685,-826,-900,-889,-817,-692,-520,-306,-58,190,435,637,804,906,943,896,778,612,377,117,-158,-441,-681,-867,-995,-1028,-979,-844,-636,-369,-60,249,543,776,958,1044,1043,959,786,544,260,-47,-343,-603,-813,-937,-986,-958,-837,-655,-427,-159,110,366,579,739,833,854,807,691,537,337,113,-107,-307,-486,-611,-698,-715,-683,-600,-460,-310,-131,55,223,373,495,576,601,583,525,429,299,160,0,-164,-304,-411,-481,-523,-522,-471,-372,-252,-128,2,122,239,328,378,397,384,341,285,205,120,35,-53,-132,-193,-239,-270,-276,-266,-258,-215,-166,-108,-36,27,87,151,195,321,269,262,242,205,157,85,19,-51,-127,-181,-215,-235,-234,-215,-180,-131,-75,-30,28,77,115,139,150,152,151,142,129,110,96,67,47,30,6,-32,-64,-96,-140,-183,-214,-238,-244,-241,-201,-132,-45,56,159,265,360,433,466,449,389,289,149,-18,-186,-341,-496,-592,-632,-619,-532,-391,-216,-7,202,399,563,671,715,698,611,455,263,42,-178,-381,-564,-691,-748,-729,-644,-486,-290,-77,144,353,534,653,705,682,595,459,269,70,-137,-328,-472,-586,-630,-610,-530,-399,-228,-42,141,320,453,536,556,511,417,275,97,-89,-260,-383,-455,-455,-382,-259,-100,56,168,-311,-225,-436,1077,1183,-195,-316,-385,-382,-307,-173,3,196,361,483,530,517,437,299,115,-93,-285,-432,-541,-592,-583,-506,-366,-189,6,209,384,519,600,616,569,468,328,147,-51,-238,-395,-507,-567,-575,-527,-427,-297,-132,31,187,317,413,471,478,444,372,271,166,48,-63,-157,-238,-295,-329,-328,-310,-264,-236,-178,-112,-39,27,95,156,203,255,281,303,304,275,241,187,114,32,-65,-159,-242,-326,-385,-412,-411,-382,-317,-218,-105,27,170,299,420,502,552,561,514,429,298,150,-32,-222,-392,-540,-649,-707,-713,-638,-514,-344,-139,96,329,532,704,819,862,834,713,533,300,30,-236,374,-706,-866,-942,-947,-874,-713,-485,-213,79,368,626,834,967,1021,980,858,666,405,115,-176,-459,-714,-889,-998,-1020,-961,-813,-608,-350,-79,202,475,697,855,966,994,947,828,653,421,152,-126,-402,-657,-858,-994,-1052,-1042,-930,-761,-528,-227,83,390,683,917,1085,1168,1145,1041,861,591,262,-88,-425,-756,-1025,-1201,-1286,-1269,-1132,-909,-600,-223,162,534,872,1128,1297,1354,1289,1116,844,506,137,-257,-640,-960,-1177,-1308,-1330,-1230,-1027,-741,-382,-3,369,708,986,1178,1246,1227,1097,877,583,252,-94,-435,-728,-941,-1085,-1135,-1068,-939,-732,-476,-177,126,396,639,819,937,970,928,820,290,624
10621,mtk,MTK 7916,4081317845,rx0-tx1,512,379,678,699,-752,-851,-887,-844,-731,-557,-324,-55,224,493,727,908,1010,1034,965,812,588,309,1,-320,-620,-871,-1051,-1146,-1141,-1044,-852,-587,-266,75,425,738,986,1160,1238,1209,1075,853,561,209,-155,-512,-829,-1075,-1238,-1289,-1230,-1076,-828,-511,-157,218,578,881,1121,1271,1309,1234,1061,793,463,101,-277,-623,-915,-1133,-1252,-1270,-1191,-1001,-739,-413,-61,294,630,901,1095,1192,1195,1102,920,668,366,36,-294,-591,-837,-1009,-1101,-1101,-1015,-853,-619,-341,-44,251,524,746,907,998,1010,934,798,600,362,92,-179,-429,-642,-813,-919,-948,-914,-806,-632,-412,-154,109,361,597,784,908,966,936,845,-430,454,195,-82,-368,-621,-823,-961,-1022,-990,-883,-694,-441,-153,154,456,712,910,1037,1058,1000,859,633,354,44,-273,-561,-803,-978,-1057,-1046,-945,-753,-495,-204,112,410,673,867,991,1014,945,807,600,342,51,-233,-487,-698,-829,-888,-881,-790,-636,-425,-193,48,282,481,632,728,766,728,637,496,320,122,-78,-263,-426,-541,-614,-639,-607,-520,-395,-245,-72,100,256,393,484,530,530,493,420,305,167,26,-122,-245,-345,-410,-446,-445,-394,-311,-212,-93,24,141,242,318,359,373,353,296,213,117,1,-103,-198,-273,-317,-324,-293,-232,-141,-39,66,164,227,248,230,177,96,342,491,481,386,373,-207,-132,-14,117,240,335,383,372,310,204,69,-78,-217,-332,-414,-449,-437,-380,-285,-156,-11,135,276,390,471,506,494,447,350,221,68,-103,-272,-414,-528,-595,-610,-570,-480,-334,-163,30,240,429,585,686,731,719,626,473,277,52,-189,-424,-625,-768,-839,-834,-762,-606,-391,-137,137,395,616,785,875,894,821,672,465,218,-46,-307,-545,-720,-830,-861,-808,-692,-516,-292,-61,170,389,568,692,748,747,681,560,398,209,7,-199,-370,-511,-611,-662,-654,-595,-493,-357,-196,-23,151,314,442,542,593,604,567,488,370,218,62,-104,-261,-403,-514,-575,-600,-581,-503,-399,230,-97,80,251,395,515,592,617,600,531,414,263,91,-90,-266,-415,-533,-610,-633,-597,-518,-396,-233,-58,111,278,418,516,577,587,542,461,340,201,48,-102,-237,-356,-440,-486,-495,-466,-406,-321,-208,-90,36,134,232,317,367,396,397,369,323,258,183,101,7,-87,-167,-244,-314,-365,-392,-387,-364,-316,-248,-155,-52,64,181,291,378,447,480,475,441,370,266,134,-8,-145,-277,-397,-489,-535,-547,-517,-445,-337,-196,-43,113,269,400,499,568,594,576,507,407,270,107,-57,-230,-383,-506,-605,-647,-650,-597,-491,-355,-182,3,198,379,535,660,729,743,700,604,446,-43,160,11,157,-40,-416,-189,64,320,552,748,891,956,948,856,691,458,181,-120,-418,-684,-899,-1039,-1099,-1065,-936,-722,-448,-127,205,529,814,1031,1161,1195,1133,963,718,408,59,-302,-637,-920,-1134,-1248,-1254,-1163,-975,-700,-363,12,376,715,999,1193,1294,1289,1166,951,661,312,-68,-432,-761,-1030,-1208,-1293,-1272,-1135,-910,-612,-265,100,463,783,1024,1189,1245,1215,1071,840,541,206,-137,-465,-749,-972,-1113,-1166,-1117,-976,-762,-492,-192,125,420,686,891,1018,1060,1024,905,719,481,212,-81,-354,-590,-783,-910,-972,-951,-861,-710,-507,-252,10,264,504,701,855,938,941,877,748,547,310,41,-227,-474,-1099,-866,-959,-984,-927,-790,-586,-330,-37,256,530,770,942,1033,1039,955,783,552,255,-60,-361,-639,-864,-1013,-1077,-1039,-911,-704,-433,-122,187,487,747,931,1036,1049,963,795,558,278,-34,-323,-578,-783,-918,-967,-929,-814,-625,-385,-132,133,383,590,740,816,829,769,642,465,261,43,-177,-370,-531,-640,-692,-683,-627,-511,-360,-188,-10,176,338,465,546,588,572,515,414,276,120,-36,-182,-311,-415,-473,-493,-473,-406,-314,-198,-73,64,192,290,361,399,402,377,309,215,111,0,-113,-213,-285,-337,-351,-326,-275,-192,-92,18,120,210,269,295,281,229,140,44,-50,-127,-171,575,470,-407,-67,120,170,258,313,312,255,151,17,-130,-258,-360,-417,-425,-378,-287,-161,-18,128,259,371,444,475,460,404,306,181,26,-127,-278,-407,-494,-547,-554,-507,-409,-277,-107,74,257,421,553,637,683,657,560,409,219,7,-219,-433,-604,-727,-794,-788,-703,-548,-342,-94,157,410,630,788,877,879,798,643,429,174,-102,-366,-595,-760,-865,-884,-831,-689,-489,-251,11,256,475,653,770,802,780,690,542,344,126,-93,-300,-474,-605,-686,-712,-673,-582,-457,-290,-107,86,262,415,526,599,624,603,528,421,284,124,-42,-208,-351,-472,-550,-588,-588,-539,-448,-314,-159,1,176,330,457,-198,609,612,565,474,345,176,0,-176,-341,-474,-570,-621,-621,-572,-471,-337,-172,11,186,346,482,575,608,600,546,438,299,139,-35,-192,-333,-449,-516,-545,-523,-471,-386,-271,-137,4,139,251,347,408,441,434,403,357,276,179,80,-26,-121,-204,-272,-320,-357,-375,-364,-333,-284,-212,-126,-29,67,159,251,332,397,430,440,414,357,271,162,32,-100,-225,-346,-439,-505,-523,-501,-449,-358,-234,-93,56,207,347,458,536,567,563,515,420,300,155,-7,-173,-322,-449,-550,-607,-621,-590,-503,-389,-234,-61,117,298,451,576,660,694,679,602,487,320,125,-82,-285,-480,-653,-426,-387
10622,mtk,MTK 7916,4081317845,rx1-tx0,512,-13,-347,-11,207,103,-25,-153,-256,-343,-391,-388,-351,-285,-174,-47,76,198,302,375,408,403,354,261,148,23,-116,-245,-344,-414,-450,-441,-388,-290,-163,-21,130,263,375,462,507,505,460,368,242,87,-87,-243,-390,-510,-582,-599,-566,-487,-354,-192,-4,192,380,538,655,706,700,633,496,316,103,-123,-338,-540,-689,-779,-807,-758,-635,-459,-237,9,265,506,695,814,857,830,741,575,351,106,-159,-398,-599,-748,-826,-832,-770,-643,-462,-246,-13,213,410,580,702,753,756,697,589,436,247,51,-155,-351,-514,-645,-724,-754,-737,-653,-528,-349,-143,81,305,512,686,807,874,866,782,231,436,181,-99,-383,-638,-849,-992,-1058,-1024,-906,-707,-427,-109,235,563,850,1076,1201,1221,1130,944,663,311,-70,-455,-808,-1094,-1287,-1361,-1323,-1151,-880,-523,-118,311,717,1054,1302,1443,1453,1324,1091,758,350,-104,-553,-940,-1250,-1464,-1545,-1491,-1307,-1004,-590,-124,346,802,1198,1485,1638,1651,1506,1215,810,313,-222,-734,-1183,-1520,-1706,-1734,-1592,-1292,-849,-329,222,753,1198,1511,1678,1665,1493,1170,741,255,-256,-720,-1091,-1354,-1474,-1442,-1270,-967,-584,-158,258,637,949,1142,1234,1187,1016,768,442,78,-281,-600,-847,-994,-1030,-950,-767,-500,-178,163,474,714,842,844,723,490,203,-86,-326,-466,-608,-686,101,758,696,-475,-390,-191,71,345,592,749,792,715,529,259,-48,-354,-622,-822,-923,-918,-808,-610,-341,-18,314,613,854,1008,1063,1010,856,607,286,-68,-435,-765,-1023,-1189,-1235,-1168,-974,-693,-324,88,489,850,1155,1338,1385,1318,1110,783,392,-52,-500,-898,-1236,-1456,-1535,-1462,-1253,-931,-510,-39,442,900,1262,1510,1626,1575,1384,1063,633,140,-370,-839,-1238,-1518,-1653,-1636,-1459,-1140,-722,-255,249,721,1121,1418,1571,1581,1454,1190,816,388,-73,-521,-915,-1232,-1421,-1493,-1428,-1233,-941,-572,-148,270,663,997,1233,1364,1378,1267,1061,759,395,6,-385,-729,-1019,-1220,-1312,-1296,-1168,-941,-645,-294,84,450,-49,1058,1237,1322,1291,1159,918,597,226,-164,-540,-887,-1159,-1333,-1402,-1335,-1162,-881,-521,-101,330,746,1096,1345,1483,1486,1356,1092,722,283,-175,-625,-1027,-1318,-1495,-1525,-1422,-1182,-840,-415,47,490,886,1195,1392,1457,1381,1181,881,497,82,-318,-690,-992,-1193,-1283,-1253,-1112,-869,-569,-220,130,460,737,935,1049,1072,991,821,600,337,58,-223,-473,-678,-801,-858,-846,-762,-614,-416,-196,39,259,453,602,696,722,691,601,457,276,80,-117,-296,-443,-545,-604,-602,-544,-437,-297,-137,31,195,336,437,494,510,475,393,281,144,-2,-141,-263,-362,-421,-430,-409,-347,-247,-124,2,126,237,-15,362,221,-605,-701,-317,-366,-389,-358,-295,-199,-74,58,172,282,363,395,391,349,269,160,32,-100,-230,-332,-394,-428,-416,-356,-265,-152,-16,123,255,366,442,479,470,410,324,194,44,-110,-257,-383,-479,-545,-551,-508,-427,-294,-131,50,223,390,526,616,658,635,556,425,248,46,-161,-366,-551,-680,-754,-757,-701,-577,-391,-170,66,309,519,693,800,844,812,699,516,287,37,-213,-455,-661,-793,-858,-847,-756,-607,-399,-169,80,311,522,680,778,807,766,673,532,336,126,-87,-292,-471,-617,-704,-743,-733,-660,-545,-387,-194,4,216,411,578,706,781,802,758,657,491,285,49,-206,-447,-568,-834,-937,-968,-916,-782,-575,-309,-8,305,597,859,1045,1135,1132,1024,830,547,208,-156,-517,-834,-1092,-1248,-1296,-1233,-1051,-773,-416,-21,386,768,1084,1309,1416,1403,1248,989,636,226,-218,-634,-995,-1277,-1450,-1498,-1404,-1188,-874,-469,-21,435,857,1221,1480,1588,1560,1405,1113,711,236,-271,-772,-1191,-1510,-1694,-1713,-1566,-1274,-842,-337,215,735,1195,1529,1717,1733,1578,1245,804,290,-244,-741,-1160,-1447,-1589,-1569,-1379,-1073,-672,-213,252,683,1029,1257,1350,1307,1147,868,515,135,-268,-612,-884,-1064,-1124,-1068,-906,-651,-331,14,346,633,843,951,934,796,557,249,-77,-380,-599,-698,-671,-530,-315,290,-39,-164,-47,318,196,418,592,661,615,449,192,-108,-398,-647,-815,-875,-820,-655,-407,-105,212,512,755,922,1000,962,823,592,294,-37,-374,-682,-936,-1092,-1147,-1087,-908,-638,-295,83,468,817,1088,1276,1320,1242,1046,744,346,-73,-500,-901,-1204,-1394,-1471,-1394,-1185,-862,-437,18,482,909,1263,1497,1586,1533,1331,996,579,89,-412,-868,-1253,-1524,-1652,-1620,-1434,-1118,-684,-190,324,805,1206,1478,1622,1622,1458,1171,771,306,-176,-638,-1038,-1328,-1495,-1539,-1437,-1219,-886,-480,-44,403,788,1101,1323,1427,1399,1259,1003,668,279,-136,-527,-864,-1130,-1294,-1350,-1284,-1112,-853,-520,-151,228,592,905,1142,1283,1308,1224,425,781,446,72,-305,-663,-974,-1199,-1327,-1342,-1250,-1050,-741,-379,30,435,812,1123,1343,1446,1423,1272,989,621,193,-250,-685,-1061,-1345,-1496,-1518,-1402,-1149,-795,-365,101,556,960,1269,1461,1505,1413,1192,867,459,20,-416,-790,-1098,-1298,-1373,-1320,-1155,-882,-538,-157,229,587,868,1069,1167,1155,1047,850,586,289,-34,-347,-607,-799,-916,-955,-921,-805,-613,-379,-129,125,362,565,702,777,785,725,608,445,238,27,-179,-367,-521,-620,-660,-645,-574,-451,-296,-117,69,241,384,484,541,548,507,418,294,147,-8,-165,-293,-393,-454,-465,-432,-365,-268,-137,-6,121,245,340,398,409,384,315,-754,-663
10623,mtk,MTK 7916,4081317845,rx1-tx1,512,0,0,0,561,241,-134,-477,-719,-792,-668,-376,9,393,678,800,731,487,119,-275,-600,-781,-775,-583,-245,157,514,744,794,646,336,-55,-432,-703,-805,-708,-429,-46,338,644,803,749,495,121,-282,-622,-804,-792,-589,-228,200,572,800,842,669,324,-108,-517,-801,-896,-777,-461,-25,427,775,938,874,601,181,-275,-669,-910,-931,-726,-344,117,550,840,937,814,488,54,-378,-725,-901,-855,-598,-200,221,587,823,858,676,332,-76,-449,-707,-800,-694,-418,-62,290,562,697,658,456,157,-158,-426,-587,-589,-440,-198,87,343,490,505,394,180,-66,-291,-427,-445,-348,-157,81,294,419,432,0,123,-105,-318,-456,-472,-355,-147,108,351,514,550,443,219,-70,-352,-558,-632,-551,-331,-29,287,555,695,662,478,182,-161,-473,-675,-718,-599,-340,5,349,605,715,655,445,134,-210,-500,-663,-660,-497,-213,116,401,603,656,527,272,-44,-360,-587,-659,-570,-337,-11,323,579,704,657,444,115,-249,-561,-741,-752,-581,-269,109,460,707,800,716,465,105,-285,-600,-791,-806,-634,-318,55,409,673,779,712,492,170,-180,-487,-670,-702,-583,-336,-21,281,512,626,606,452,204,-82,-343,-511,-566,-506,-341,-110,138,353,487,515,446,302,107,-102,-277,-391,-430,-400,-314,-197,-68,0,0,0,0,0,51,-20,-98,-182,-249,-280,-273,-224,-127,-3,130,248,323,335,290,189,40,-124,-266,-351,-369,-314,-192,-19,172,333,415,402,306,140,-62,-264,-418,-473,-438,-300,-94,142,363,508,533,441,253,9,-254,-477,-591,-580,-438,-198,93,365,556,639,578,373,89,-209,-463,-617,-638,-511,-260,47,334,544,639,583,388,105,-201,-458,-605,-609,-479,-244,52,341,544,611,543,349,67,-224,-456,-580,-568,-418,-174,107,354,511,537,441,242,-23,-282,-459,-525,-466,-287,-39,220,417,506,473,318,83,-171,-382,-514,-511,-373,-146,121,361,518,553,452,232,-49,-318,-514,-588,-521,0,-29,258,496,626,599,415,135,-170,-447,-620,-641,-503,-246,72,380,607,682,586,355,37,-300,-563,-691,-653,-453,-140,210,509,687,697,534,248,-105,-447,-678,-735,-608,-333,21,384,670,782,705,464,110,-278,-608,-782,-766,-571,-238,163,527,757,806,654,351,-34,-412,-695,-802,-716,-465,-94,305,620,774,742,537,205,-178,-512,-719,-749,-592,-294,74,425,650,717,615,358,14,-333,-586,-685,-612,-388,-75,259,522,657,627,432,127,-199,-478,-640,-628,-455,-176,147,436,617,643,501,235,-91,-400,-606,-662,-548,-294,32,356,597,686,604,375,43,-305,-579,-710,-670,-463,0,0,0,0,0,519,723,766,619,318,-69,-443,-705,-795,-693,-426,-64,315,620,786,765,541,177,-217,-559,-772,-797,-623,-302,101,479,731,798,670,385,2,-393,-680,-796,-715,-454,-76,311,631,796,765,535,160,-248,-593,-805,-824,-623,-264,161,551,812,878,735,402,-40,-471,-792,-925,-829,-526,-100,354,731,933,903,658,264,-205,-619,-886,-942,-771,-420,31,475,800,925,830,544,129,-312,-671,-864,-850,-643,-280,149,529,774,831,690,395,8,-368,-639,-744,-672,-448,-126,215,491,632,621,462,191,-114,-381,-530,-537,-414,-191,77,311,456,471,362,161,-74,-280,-417,-436,-332,-136,99,0,426,445,336,119,-127,-339,-480,-503,-392,-170,98,361,541,587,494,274,-34,-343,-569,-670,-610,-408,-110,221,516,692,703,538,252,-88,-410,-641,-721,-636,-406,-72,276,548,686,660,472,167,-170,-465,-636,-650,-512,-243,86,390,594,653,543,298,-21,-344,-583,-679,-601,-370,-51,286,570,728,698,501,193,-173,-512,-735,-790,-665,-374,6,377,667,806,764,555,217,-169,-510,-736,-802,-684,-415,-66,291,582,741,723,548,266,-72,-388,-600,-673,-602,-401,-124,169,424,581,597,481,271,8,-241,-435,-538,-523,-399,-197,35,250,406,483,472,378,231,61,-104,-230,-302,-322,0,0,0,0,0,184,213,212,174,105,4,-108,-210,-290,-324,-297,-221,-102,49,191,303,359,331,252,117,-54,-220,-345,-392,-356,-242,-71,122,295,412,448,374,218,4,-219,-398,-497,-492,-383,-182,73,323,512,581,517,350,108,-172,-424,-592,-619,-508,-292,-13,279,514,634,606,440,174,-136,-407,-586,-632,-529,-314,-32,270,517,638,612,435,162,-136,-409,-590,-630,-519,-286,4,294,510,599,555,389,118,-176,-416,-550,-561,-438,-213,56,310,487,539,450,260,10,-242,-439,-524,-468,-301,-56,203,407,501,483,345,115,-147,-382,-520,-533,-408,-182,82,332,515,577,486,272,-11,-294,0,-611,-554,-369,-89,222,476,623,621,467,192,-128,-418,-616,-661,-546,-298,25,348,594,696,622,401,88,-252,-533,-692,-681,-492,-182,165,478,678,717,573,281,-69,-406,-658,-750,-660,-403,-32,355,650,790,740,519,175,-215,-561,-773,-795,-623,-295,95,467,727,810,699,421,44,-345,-647,-786,-736,-518,-166,231,563,749,749,563,240,-126,-467,-689,-731,-600,-324,31,371,624,711,614,375,47,-281,-550,-678,-628,-414,-99,233,501,641,623,445,151,-185,-468,-628,-630,-475,-208,118,421,621,656,524,269,-60,-382,-609,-676,-574,-330,-3,332,590,704,641,420,93,-264,-559,0,0
10624,mtk,MTK 7916,4081317845,rx2-tx0,512,0,0,0,-662,-456,-132,227,536,708,704,521,207,-161,-494,-706,-739,-594,-297,83,441,692,775,662,379,0,-381,-674,-800,-723,-461,-85,308,632,804,770,542,172,-245,-596,-803,-805,-607,-254,170,554,798,839,667,319,-115,-523,-799,-876,-729,-397,41,485,813,929,813,491,35,-439,-809,-983,-914,-613,-151,353,779,1023,1016,755,297,-242,-725,-1034,-1095,-885,-456,91,611,992,1144,1009,621,87,-464,-909,-1138,-1092,-777,-275,290,787,1092,1129,897,450,-103,-626,-993,-1116,-972,-593,-71,457,874,1081,1011,690,216,-301,-740,-999,-1013,-770,-344,159,617,915,984,816,441,-45,-510,-838,-963,0,-516,-59,413,776,945,881,595,159,-318,-720,-947,-940,-696,-274,217,664,953,1006,812,426,-77,-573,-928,-1061,-939,-587,-83,445,869,1087,1050,759,278,-270,-754,-1063,-1122,-914,-490,56,602,1002,1152,1038,677,144,-415,-876,-1133,-1123,-844,-365,206,726,1075,1167,983,576,31,-531,-962,-1164,-1099,-776,-272,295,783,1082,1135,921,501,-26,-543,-929,-1097,-1008,-694,-235,274,709,975,1011,811,438,-28,-471,-793,-931,-853,-578,-188,232,594,814,837,677,369,-14,-381,-655,-778,-722,-514,-200,152,462,664,718,623,405,108,-199,-455,-619,-668,-587,-394,-150,97,308,456,516,487,396,265,0,0,0,0,0,-413,-462,-435,-320,-139,89,332,537,656,664,545,314,11,-311,-580,-745,-762,-612,-330,38,411,706,852,819,606,239,-195,-598,-883,-984,-859,-533,-82,414,836,1077,1082,837,396,-149,-690,-1086,-1241,-1114,-740,-187,430,961,1284,1329,1066,554,-90,-728,-1217,-1432,-1329,-921,-297,403,1015,1395,1463,1198,666,-13,-700,-1231,-1477,-1382,-973,-347,362,973,1356,1431,1177,648,-26,-688,-1179,-1385,-1268,-862,-258,400,952,1275,1293,1011,493,-128,-714,-1127,-1266,-1098,-677,-110,478,949,1185,1138,825,320,-259,-766,-1076,-1126,-912,-481,61,570,934,1072,953,601,111,-393,-794,-1002,-963,-690,-256,234,660,0,945,748,368,-105,-536,-822,-910,-774,-448,-18,413,735,872,792,514,111,-316,-652,-821,-787,-562,-198,215,570,781,788,597,261,-136,-496,-729,-772,-621,-318,62,428,688,769,658,378,-4,-376,-641,-743,-658,-410,-57,313,595,723,666,439,102,-259,-554,-710,-679,-466,-144,215,521,693,686,498,179,-182,-494,-683,-697,-533,-239,122,457,671,714,577,293,-69,-410,-647,-720,-618,-360,-6,350,617,722,642,407,67,-290,-571,-708,-667,-457,-134,222,523,689,681,498,193,-155,-466,-660,-684,-535,-255,93,416,629,678,561,307,-30,-358,-596,-680,-587,-352,-29,311,575,682,617,0,0,0,0,0,-261,-546,-699,-682,-493,-171,199,519,709,727,562,253,-120,-468,-704,-763,-629,-340,34,410,689,792,691,422,46,-343,-650,-799,-741,-496,-128,275,616,804,794,575,214,-202,-582,-809,-823,-629,-282,142,544,811,865,700,358,-82,-502,-798,-899,-772,-448,3,464,811,955,859,550,89,-407,-798,-1001,-964,-680,-217,302,754,1031,1057,818,379,-160,-674,-1024,-1122,-947,-544,-3,543,955,1142,1056,710,184,-386,-856,-1118,-1115,-847,-374,192,714,1052,1128,935,523,-12,-545,-942,-1106,-995,-647,-145,387,812,1035,1012,737,284,-225,-677,-959,-998,-788,-388,95,552,874,972,828,479,17,0,-821,-962,-862,-553,-108,367,758,956,915,643,212,-274,-696,-950,-975,-753,-340,157,626,949,1040,877,499,-5,-519,-910,-1083,-999,-674,-181,361,820,1084,1089,833,380,-169,-684,-1035,-1143,-977,-576,-29,519,940,1148,1083,755,255,-312,-812,-1116,-1155,-921,-466,91,629,1019,1165,1039,673,147,-410,-874,-1134,-1127,-862,-400,153,660,1013,1130,981,607,110,-403,-825,-1046,-1018,-762,-343,146,598,896,978,838,515,84,-352,-697,-878,-859,-641,-282,127,492,741,816,700,440,95,-271,-567,-727,-725,-577,-307,26,343,576,688,662,505,255,-35,-300,-502,-605,-598,-496,-324,-121,72,222,316,0,0,0,0,0,86,-86,-266,-434,-554,-594,-531,-368,-124,162,432,635,722,669,478,178,-175,-503,-732,-813,-724,-471,-104,303,655,875,906,728,384,-58,-513,-867,-1031,-970,-686,-225,300,769,1086,1163,983,569,10,-566,-1037,-1282,-1239,-916,-375,264,857,1268,1398,1210,751,111,-564,-1115,-1429,-1422,-1083,-492,209,858,1314,1477,1302,830,170,-524,-1103,-1424,-1409,-1074,-500,186,833,1273,1408,1227,760,118,-540,-1071,-1340,-1292,-945,-386,256,826,1199,1289,1065,597,-7,-602,-1043,-1227,-1121,-760,-221,366,857,1130,1131,868,399,-157,-669,-1008,-1099,-932,-544,-34,477,867,1046,965,652,192,-305,-724,-957,-951,-718,0,172,592,868,936,766,406,-38,-464,-776,-889,-786,-492,-70,359,691,846,789,538,152,-262,-611,-804,-792,-582,-231,178,537,754,782,613,290,-102,-467,-707,-769,-638,-347,32,407,668,753,653,393,29,-339,-619,-738,-670,-431,-81,286,579,718,673,454,119,-238,-537,-700,-681,-487,-164,199,505,683,694,525,210,-158,-481,-677,-702,-553,-261,98,428,657,724,599,321,-33,-382,-629,-714,-625,-382,-40,320,596,717,655,432,102,-254,-543,-698,-679,-482,-163,193,498,675,679,517,226,-123,-441,-650,-686,-553,-284,54,382,609,680,575,329,0,-334,-583,-681,-609,-381,-54,277,0,0
10625,mtk,MTK 7916,4081317845,rx2-tx1,512,0,0,0,63,182,258,284,249,158,41,-84,-193,-262,-277,-230,-138,-19,108,213,264,258,197,91,-33,-151,-234,-267,-233,-142,-29,91,194,249,243,180,72,-49,-164,-237,-247,-198,-104,20,147,237,262,221,127,-6,-143,-243,-285,-259,-165,-26,129,260,333,321,229,77,-98,-254,-361,-384,-307,-157,34,224,367,431,395,259,62,-155,-344,-451,-453,-343,-149,78,290,437,488,427,254,20,-209,-395,-495,-478,-342,-119,127,337,467,492,399,206,-30,-258,-431,-493,-431,-267,-40,186,370,470,448,313,105,-127,-328,-450,-456,-347,-152,83,293,434,467,381,191,-50,-273,-433,-491,0,-252,0,250,440,534,491,325,78,-196,-437,-581,-583,-446,-195,114,405,605,662,564,334,19,-312,-575,-706,-672,-485,-180,178,501,704,743,606,315,-47,-408,-683,-797,-722,-473,-106,296,632,827,831,635,283,-137,-542,-830,-922,-805,-498,-65,392,761,969,959,725,321,-159,-611,-932,-1049,-926,-591,-129,363,780,1027,1035,813,421,-72,-543,-885,-1036,-963,-671,-241,236,663,926,977,824,496,58,-377,-728,-909,-881,-666,-313,100,484,755,852,761,519,168,-212,-534,-736,-777,-660,-413,-89,256,535,693,711,592,361,73,-217,-465,-614,-644,-568,-409,-201,24,217,349,411,413,0,0,0,0,0,-179,-183,-155,-93,-3,99,196,263,289,274,206,91,-48,-178,-279,-333,-316,-232,-106,53,211,324,366,339,233,64,-123,-289,-394,-422,-362,-206,3,218,401,496,483,365,153,-107,-351,-529,-597,-526,-346,-85,217,486,647,665,546,296,-34,-363,-619,-751,-719,-523,-206,171,507,737,821,714,439,77,-304,-638,-830,-834,-652,-321,82,461,751,876,803,549,176,-242,-612,-839,-865,-704,-394,15,428,736,881,822,567,193,-224,-591,-824,-867,-710,-398,3,420,733,870,813,578,200,-218,-588,-823,-870,-716,-395,8,406,713,861,803,562,197,-206,-560,-792,-840,-684,-368,26,0,711,827,757,512,147,-249,-591,-791,-801,-627,-308,84,454,716,817,719,449,70,-326,-637,-807,-795,-599,-253,154,522,769,841,716,427,47,-353,-679,-842,-812,-601,-248,159,533,784,847,719,438,59,-331,-642,-804,-783,-590,-258,126,469,701,771,669,420,83,-270,-553,-710,-699,-533,-251,81,385,596,662,579,368,79,-218,-453,-581,-580,-443,-212,53,297,468,529,469,312,92,-150,-349,-460,-468,-375,-204,15,219,358,422,396,283,111,-78,-242,-351,-380,-320,-199,-38,126,256,324,322,260,140,-12,-155,-261,-314,-297,-220,-101,35,164,254,295,272,198,80,-51,-170,0,0,0,0,0,-275,-218,-114,12,135,231,280,264,195,87,-40,-158,-241,-278,-259,-177,-55,77,183,248,263,219,127,5,-120,-214,-259,-241,-170,-59,66,178,243,245,189,90,-37,-157,-238,-254,-208,-118,11,145,239,273,242,141,2,-138,-247,-305,-291,-198,-51,116,262,346,354,272,116,-74,-253,-375,-410,-354,-209,-5,203,364,448,428,308,104,-122,-321,-453,-476,-392,-218,20,248,417,493,454,304,83,-163,-367,-481,-489,-373,-167,79,303,449,485,409,235,11,-221,-399,-474,-436,-295,-77,156,344,449,446,333,132,-103,-310,-437,-452,-358,-173,59,278,426,468,389,212,-16,0,-436,-510,-457,-286,-44,218,443,558,539,386,132,-165,-429,-600,-630,-509,-267,44,365,599,685,619,412,96,-251,-544,-716,-720,-546,-247,114,456,698,777,666,401,34,-350,-662,-820,-776,-548,-190,218,587,822,876,721,393,-41,-478,-807,-951,-884,-609,-186,290,704,962,1005,823,458,-20,-504,-877,-1059,-1009,-729,-280,225,674,968,1054,909,559,91,-390,-779,-994,-988,-765,-379,86,521,833,962,873,588,188,-241,-608,-838,-882,-731,-419,-31,353,653,800,781,598,288,-72,-403,-643,-747,-698,-513,-224,99,395,605,690,646,491,256,-14,-264,-450,-548,-556,-484,-349,-191,-33,0,0,0,0,0,-16,-90,-160,-216,-247,-243,-197,-107,9,125,224,293,311,266,166,29,-121,-250,-329,-348,-296,-175,-5,169,309,384,373,285,129,-68,-258,-397,-456,-418,-285,-75,169,384,516,543,449,252,-12,-288,-519,-632,-605,-449,-187,131,431,647,725,637,412,98,-251,-567,-763,-784,-633,-334,40,403,687,831,783,556,209,-193,-556,-793,-856,-732,-444,-53,359,695,867,851,648,289,-140,-522,-786,-878,-772,-480,-83,328,671,863,851,654,304,-118,-508,-781,-880,-775,-488,-96,316,657,853,853,654,304,-113,-496,-766,-866,-768,-492,-101,310,640,820,823,636,294,-115,-489,-749,-828,0,-438,-69,322,651,819,785,569,231,-161,-519,-753,-813,-683,-385,4,384,679,813,759,526,167,-233,-583,-792,-813,-656,-349,46,439,728,845,774,522,141,-261,-603,-813,-838,-675,-355,52,435,714,835,764,517,162,-225,-555,-758,-793,-647,-351,21,373,637,751,691,483,167,-176,-473,-655,-680,-547,-307,-4,301,528,625,579,405,148,-131,-371,-530,-565,-470,-269,-18,228,411,499,476,349,145,-82,-283,-412,-450,-394,-245,-55,142,303,387,385,300,150,-27,-188,-304,-351,-325,-231,-91,67,206,303,328,280,177,49,-88,-212,-284,-297,-255,-154,-22,105,218,282,284,231,0,0
10626,mtk,MTK 7916,4081373855,rx0-tx0,512,-172,-149,-322,-649,-393,-114,185,466,697,873,957,977,902,746,529,258,-22,-317,-586,-794,-935,-1007,-978,-853,-660,-396,-97,221,519,765,952,1045,1036,941,737,475,161,-170,-484,-756,-948,-1048,-1047,-939,-734,-471,-178,143,451,697,877,965,954,866,694,452,189,-97,-361,-579,-745,-820,-830,-768,-635,-445,-220,19,249,449,593,687,711,677,571,426,250,56,-143,-318,-456,-556,-591,-579,-511,-412,-273,-97,69,213,356,440,489,492,428,337,223,91,-49,-178,-270,-340,-366,-349,-297,-219,-140,-42,46,121,176,195,199,179,141,106,66,23,-17,-33,-48,-48,-45,-34,-26,-18,-16,-17,-588,-42,-58,-72,-78,-70,-52,-29,-10,24,62,79,104,120,123,117,100,84,54,12,-25,-59,-100,-138,-159,-174,-180,-173,-140,-105,-58,2,73,144,209,269,304,318,301,254,171,65,-70,-196,-327,-437,-503,-520,-490,-393,-249,-73,132,329,499,633,708,688,592,441,222,-21,-270,-498,-690,-805,-819,-744,-596,-382,-118,169,425,638,776,844,811,692,502,251,-15,-285,-508,-688,-797,-815,-734,-577,-369,-120,140,376,565,691,739,700,597,420,206,-19,-244,-425,-558,-633,-631,-556,-432,-257,-52,154,321,458,537,547,489,363,194,-4,-192,-341,-424,-436,-371,-243,-87,51,315,186,765,-261,-298,246,260,208,102,-35,-184,-314,-392,-407,-360,-258,-111,57,211,356,442,475,449,359,237,71,-100,-262,-393,-483,-511,-475,-389,-261,-98,78,244,389,469,510,486,410,291,136,-16,-172,-314,-404,-438,-432,-391,-310,-190,-62,58,166,258,311,329,319,281,217,143,65,-9,-79,-139,-172,-192,-214,-211,-191,-164,-121,-79,-41,9,53,98,130,167,185,188,196,177,150,114,62,2,-53,-108,-166,-210,-231,-254,-255,-236,-189,-127,-44,35,125,209,291,352,382,384,337,267,172,39,-99,-243,-375,-478,-546,-560,-518,-411,-269,-88,117,323,503,639,713,712,648,508,317,-291,-166,-403,-614,-766,-846,-826,-737,-589,-357,-87,183,448,675,838,920,920,822,653,408,120,-170,-442,-689,-864,-954,-966,-887,-738,-505,-220,73,369,630,839,983,1042,992,875,674,387,74,-258,-576,-842,-1041,-1144,-1149,-1049,-835,-551,-211,170,534,852,1100,1253,1291,1195,998,704,340,-75,-485,-856,-1148,-1339,-1404,-1330,-1132,-819,-423,12,463,861,1173,1387,1461,1391,1201,882,478,24,-422,-830,-1159,-1374,-1446,-1388,-1199,-885,-502,-64,373,771,1093,1309,1391,1337,1170,882,504,99,-309,-681,-982,-1185,-1270,-1236,-1085,-834,-514,-154,215,550,823,1016,1113,1110,1012,824,553,258,-70,-374,-645,0,-88,126,-615,-561,763,908,981,971,868,702,456,181,-105,-388,-634,-830,-948,-988,-946,-804,-590,-332,-40,270,546,782,947,1028,1012,901,711,444,126,-190,-498,-760,-951,-1057,-1052,-953,-759,-484,-169,163,483,739,916,1008,1011,908,718,467,171,-125,-401,-642,-811,-898,-909,-821,-669,-446,-194,53,291,504,663,754,775,725,604,438,238,22,-190,-379,-519,-614,-655,-631,-543,-418,-260,-82,98,262,395,495,543,527,484,390,249,113,-57,-195,-311,-387,-432,-430,-373,-288,-188,-68,49,155,225,272,287,267,229,165,94,27,-40,-87,-111,-126,-125,-103,-79,-55,-33,-17,-10,-10,-16,-18,-24,321,-25,-18,0,21,51,72,93,104,118,99,83,64,22,-15,-51,-78,-98,-129,-142,-145,-141,-129,-93,-56,-13,35,92,147,183,221,241,243,220,182,119,37,-58,-159,-258,-344,-407,-423,-395,-338,-225,-81,82,250,410,523,598,613,551,429,255,32,-204,-415,-599,-725,-766,-729,-609,-422,-169,98,355,572,740,830,826,728,558,323,51,-235,-480,-676,-798,-840,-784,-642,-445,-195,77,342,557,704,777,762,671,509,293,45,-191,-400,-568,-663,-690,-640,-514,-346,-138,81,276,436,546,598,564,473,330,141,-54,-241,-390,-483,-507,-455,-334,-170,11,177,293,334,307,-455,-535,-436,-191,-113,15,-102,-223,-308,-345,-321,-229,-92,68,221,350,431,445,402,305,156,-6,-178,-323,-428,-488,-485,-426,-315,-160,20,189,330,442,503,503,455,340,194,31,-142,-288,-407,-466,-478,-456,-374,-242,-99,41,172,285,366,394,384,342,260,161,54,-47,-139,-210,-248,-266,-260,-238,-191,-135,-91,-39,18,67,114,153,169,184,192,183,163,136,100,48,4,-48,-102,-140,-173,-199,-206,-205,-194,-170,-118,-63,-3,70,150,217,269,296,306,302,265,203,106,2,-114,-229,-322,-411,-462,-462,-428,-345,-226,-77,101,279,440,558,639,654,602,477,304,85,-142,-364,-554,-696,374,-781,-710,-556,-343,-82,191,429,643,806,877,873,790,620,382,114,-179,-454,-687,-866,-947,-944,-859,-692,-443,-166,134,410,659,856,970,993,938,789,578,309,-10,-316,-588,-839,-1010,-1092,-1077,-957,-746,-471,-141,201,552,845,1068,1203,1229,1131,926,634,275,-129,-515,-855,-1124,-1295,-1353,-1274,-1079,-767,-383,46,468,856,1166,1367,1443,1381,1170,856,455,3,-438,-843,-1177,-1390,-1471,-1404,-1210,-893,-490,-44,390,801,1125,1339,1424,1370,1188,891,507,82,-339,-723,-1053,-1259,-1338,-1289,-1126,-856,-510,-119,267,623,906,1101,1192,1173,1041,819,534,203,-136,-459,-740,-935,-1047,-1067,-984,-819,-319,-302
10627,mtk,MTK 7916,4081373855,rx0-tx1,512,379,-1004,-1083,839,862,817,684,484,236,-50,-322,-576,-794,-937,-994,-966,-837,-629,-352,-41,285,586,843,1024,1106,1090,971,760,465,123,-237,-578,-869,-1084,-1196,-1194,-1085,-868,-568,-215,169,538,862,1103,1242,1265,1170,962,664,307,-82,-467,-810,-1074,-1243,-1289,-1221,-1044,-762,-409,-24,370,722,1006,1204,1288,1240,1086,844,510,140,-242,-613,-912,-1118,-1225,-1218,-1104,-887,-588,-245,122,465,765,991,1128,1158,1081,904,652,344,11,-317,-611,-843,-1005,-1065,-1039,-911,-711,-451,-153,153,433,681,857,949,970,906,756,547,296,19,-261,-510,-706,-846,-916,-905,-813,-653,-438,-178,88,356,601,778,891,-430,882,754,558,314,29,-264,-528,-744,-904,-966,-953,-837,-641,-394,-95,212,494,740,909,994,981,874,679,412,115,-192,-488,-733,-900,-978,-957,-854,-661,-403,-103,197,467,697,854,924,893,789,608,373,94,-183,-423,-620,-749,-809,-785,-678,-524,-323,-99,125,335,500,614,664,653,588,464,306,130,-53,-225,-368,-476,-536,-545,-506,-416,-301,-167,-11,128,255,362,424,453,436,381,291,184,61,-61,-170,-266,-339,-374,-383,-348,-285,-203,-102,6,112,207,285,333,344,325,268,186,89,-12,-114,-214,-286,-323,-321,-282,-213,-111,3,114,208,266,286,253,187,90,-14,-95,-322,-599,481,839,1302,-259,-267,-218,-121,9,149,277,363,394,374,298,180,32,-118,-258,-366,-436,-461,-429,-348,-235,-84,76,234,374,471,524,521,470,369,222,48,-143,-323,-483,-587,-641,-636,-559,-420,-224,-12,213,430,607,724,765,738,628,433,200,-69,-335,-578,-756,-854,-875,-786,-627,-400,-122,176,451,674,831,909,882,768,563,310,24,-260,-507,-701,-815,-850,-801,-664,-461,-227,24,270,483,631,717,732,682,570,404,207,3,-196,-370,-500,-585,-614,-591,-509,-383,-230,-69,91,243,369,459,509,510,470,396,284,155,23,-108,-236,-338,-414,-458,-461,-428,-357,-261,-146,-9,123,243,230,431,468,470,434,360,253,120,-23,-170,-298,-407,-476,-500,-489,-426,-323,-195,-44,107,247,367,452,498,493,443,364,242,107,-32,-172,-289,-384,-447,-460,-442,-387,-304,-191,-67,62,181,281,360,402,419,406,360,283,186,72,-34,-146,-247,-318,-377,-409,-413,-379,-318,-230,-131,-9,120,233,336,419,465,471,449,377,276,150,2,-141,-275,-400,-488,-534,-533,-489,-396,-271,-122,47,204,349,472,548,578,561,500,390,249,80,-99,-275,-422,-533,-604,-619,-585,-505,-373,-208,-24,166,339,490,604,663,666,611,504,352,162,-37,-247,-437,-588,-701,-755,-733,-650,-513,-322,-1100,-534,11,-419,-111,177,-80,-337,-577,-767,-893,-936,-885,-764,-562,-293,1,304,589,825,986,1059,1031,906,695,409,83,-258,-581,-863,-1065,-1162,-1151,-1027,-812,-519,-166,200,557,868,1094,1221,1234,1130,919,617,260,-130,-506,-839,-1091,-1241,-1281,-1199,-1008,-719,-361,38,416,771,1051,1228,1295,1237,1063,801,465,79,-312,-662,-960,-1166,-1255,-1244,-1109,-860,-544,-186,185,536,842,1060,1180,1192,1091,899,625,298,-50,-386,-688,-919,-1066,-1111,-1054,-907,-685,-396,-82,238,528,762,929,1013,1001,905,731,493,224,-59,-348,-593,-780,-898,-945,-904,-778,-598,-368,-109,167,427,644,811,907,918,859,707,497,251,-1099,-297,-557,-760,-899,-957,-921,-799,-613,-356,-67,230,516,739,903,985,965,855,664,402,108,-203,-491,-737,-903,-981,-973,-872,-675,-412,-112,188,470,714,882,962,936,824,635,385,101,-186,-443,-658,-806,-875,-843,-738,-567,-343,-95,165,391,566,688,737,717,632,490,309,108,-92,-280,-439,-544,-594,-593,-534,-438,-305,-153,12,168,306,406,481,500,467,402,297,173,39,-96,-218,-312,-374,-406,-395,-355,-288,-192,-85,26,139,229,298,342,353,333,283,203,100,-10,-114,-208,-276,-316,-324,-309,-253,-166,-59,50,154,242,301,312,286,217,123,9,-98,-179,-229,-226,-180,-984,-859,-407,-1133,-579,-23,92,211,297,342,328,257,133,-10,-160,-292,-387,-430,-416,-355,-251,-119,34,189,317,420,481,486,445,350,217,58,-113,-274,-420,-523,-577,-578,-516,-398,-229,-38,173,373,547,664,715,700,603,435,214,-29,-277,-512,-692,-798,-831,-774,-636,-415,-158,131,406,632,803,894,884,777,594,352,69,-222,-486,-698,-834,-887,-839,-710,-508,-263,4,269,501,672,772,801,747,616,425,212,-21,-239,-431,-575,-654,-671,-627,-528,-385,-214,-30,148,309,439,522,554,540,479,379,250,107,-41,-175,-300,-397,-451,-470,-460,-410,-323,-217,-89,46,176,291,379,443,469,447,394,-198,206,70,-69,-207,-326,-417,-473,-488,-461,-393,-290,-153,-11,138,277,387,467,509,496,441,345,223,81,-73,-211,-338,-432,-476,-488,-449,-374,-275,-146,-11,118,239,335,403,434,433,395,326,230,118,8,-107,-212,-303,-369,-401,-405,-385,-326,-250,-160,-53,63,177,276,353,408,441,430,386,310,203,75,-54,-188,-312,-409,-478,-510,-493,-440,-341,-210,-61,96,248,382,481,547,563,524,455,333,183,16,-154,-311,-447,-543,-596,-601,-549,-447,-310,-141,43,217,381,515,601,638,620,553,439,281,93,-103,-296,-467,-598,-680,-705,-677,-577,-430,-244,-23,200,403,578,714,-853,-1286
10628,mtk,MTK 7916,4081373855,rx1-tx0,512,-13,-1164,-1141,-89,79,250,390,486,525,517,440,321,166,-14,-193,-344,-466,-543,-551,-497,-391,-250,-70,114,292,436,530,578,559,485,363,197,3,-187,-356,-499,-585,-619,-596,-507,-358,-179,23,229,417,563,658,695,661,556,391,183,-40,-273,-486,-649,-762,-801,-752,-632,-447,-209,56,323,561,751,864,889,845,698,478,214,-88,-385,-648,-842,-956,-978,-900,-729,-489,-189,133,438,695,891,994,994,889,710,449,152,-152,-443,-691,-863,-950,-951,-845,-665,-440,-164,115,379,599,762,865,875,815,686,494,262,7,-249,-477,-662,-788,-846,-837,-748,-605,-395,-146,107,360,595,770,881,231,875,747,553,299,-5,-308,-583,-813,-980,-1044,-1020,-893,-670,-385,-48,306,620,905,1095,1182,1156,1010,758,425,50,-337,-693,-989,-1187,-1277,-1233,-1072,-800,-445,-37,368,739,1045,1257,1337,1282,1115,823,471,45,-373,-750,-1074,-1278,-1367,-1329,-1158,-880,-500,-73,365,778,1122,1357,1470,1434,1247,934,515,37,-457,-907,-1269,-1500,-1573,-1474,-1218,-825,-351,169,668,1092,1397,1546,1522,1324,997,569,73,-415,-856,-1177,-1357,-1395,-1288,-1034,-681,-265,177,582,899,1123,1208,1170,1003,724,377,-5,-376,-699,-926,-1044,-1043,-910,-678,-358,-2,352,651,852,931,869,678,387,49,-280,-524,-650,-629,-486,272,-343,101,-895,-561,-425,-520,-505,-380,-162,113,387,612,740,760,660,452,182,-119,-415,-670,-830,-897,-861,-710,-460,-157,166,486,765,949,1028,1004,862,620,292,-74,-451,-788,-1046,-1195,-1218,-1109,-864,-522,-112,306,717,1060,1289,1388,1336,1146,812,388,-83,-567,-988,-1320,-1510,-1541,-1411,-1121,-711,-218,293,800,1225,1522,1660,1620,1401,1048,564,14,-537,-1028,-1413,-1651,-1710,-1595,-1302,-875,-352,185,714,1174,1491,1657,1641,1456,1131,688,188,-323,-791,-1175,-1434,-1541,-1513,-1310,-996,-586,-119,337,767,1111,1334,1432,1392,1211,916,541,117,-314,-700,-1025,-1244,-1353,-1314,-1166,-899,-552,-151,253,635,952,1185,1298,1288,-49,926,605,228,-174,-566,-896,-1147,-1292,-1317,-1216,-996,-677,-295,118,529,892,1173,1352,1384,1288,1068,738,322,-140,-577,-961,-1257,-1421,-1443,-1316,-1063,-696,-252,210,660,1032,1299,1438,1420,1256,972,591,148,-298,-712,-1046,-1263,-1354,-1296,-1115,-826,-466,-62,338,694,970,1143,1201,1142,968,697,377,13,-331,-634,-868,-1004,-1037,-976,-819,-586,-305,-3,285,531,726,848,873,823,690,507,268,2,-246,-466,-630,-734,-760,-720,-603,-427,-210,12,223,416,565,651,664,623,516,351,169,-37,-239,-404,-526,-594,-597,-537,-426,-269,-83,99,273,415,508,548,527,461,338,173,5,-165,-316,-431,-507,-868,221,246,-370,516,521,463,353,205,37,-139,-304,-429,-513,-542,-506,-415,-288,-119,72,246,392,503,560,553,490,365,210,32,-159,-322,-462,-559,-597,-569,-489,-353,-180,8,202,385,526,617,659,628,531,375,183,-32,-251,-449,-610,-709,-743,-710,-595,-422,-205,49,295,519,696,816,849,802,669,470,210,-65,-344,-603,-795,-914,-945,-873,-715,-485,-204,110,417,674,869,980,998,903,728,471,171,-154,-447,-701,-889,-976,-971,-872,-686,-433,-153,144,426,648,816,910,907,825,664,460,208,-60,-311,-536,-711,-821,-861,-820,-709,-537,-319,-82,174,413,614,772,850,865,816,678,471,223,-568,-325,-579,-783,-929,-987,-945,-821,-622,-344,-30,292,603,854,1035,1126,1088,951,723,405,54,-314,-660,-946,-1141,-1226,-1191,-1035,-778,-438,-46,355,723,1028,1230,1313,1256,1089,807,444,30,-374,-750,-1054,-1258,-1356,-1298,-1134,-849,-474,-69,361,754,1084,1316,1410,1382,1212,918,528,79,-392,-830,-1191,-1433,-1533,-1472,-1254,-909,-455,44,553,997,1344,1539,1578,1429,1132,708,211,-304,-776,-1145,-1402,-1498,-1428,-1196,-830,-399,50,500,885,1155,1293,1287,1133,872,523,119,-277,-638,-915,-1086,-1136,-1053,-850,-551,-211,158,500,775,953,1001,922,715,423,73,-282,-574,-765,-825,-738,-525,-238,64,294,1133,1125,-164,-463,-839,-202,-2,246,465,622,667,593,406,139,-156,-446,-670,-807,-832,-754,-564,-300,3,320,608,827,944,961,869,661,369,42,-306,-636,-906,-1076,-1128,-1062,-869,-580,-206,193,594,933,1179,1298,1286,1136,849,460,19,-439,-859,-1199,-1400,-1475,-1375,-1130,-764,-303,192,687,1114,1427,1586,1592,1422,1090,644,115,-426,-926,-1328,-1608,-1710,-1627,-1366,-965,-458,93,639,1115,1466,1660,1683,1545,1222,780,266,-276,-775,-1188,-1476,-1605,-1573,-1385,-1058,-624,-151,343,794,1144,1395,1489,1441,1261,942,553,114,-338,-745,-1067,-1286,-1383,-1341,-1173,-893,-540,-135,279,662,985,1211,1317,1299,1154,905,572,183,-218,425,-910,-1152,-1284,-1301,-1183,-954,-641,-264,143,543,896,1158,1315,1349,1258,1034,716,316,-119,-541,-922,-1215,-1397,-1425,-1309,-1077,-726,-294,172,617,995,1285,1435,1443,1297,1017,645,203,-260,-694,-1046,-1293,-1401,-1364,-1198,-903,-528,-101,327,715,1021,1217,1288,1219,1035,750,406,28,-342,-673,-920,-1071,-1120,-1049,-883,-630,-324,-3,307,585,795,921,955,891,748,542,280,3,-261,-496,-675,-794,-824,-772,-649,-466,-243,-6,227,438,599,692,708,665,555,389,187,-21,-223,-409,-540,-613,-635,-579,-462,-309,-126,66,249,404,520,567,559,496,375,222,44,-132,-291,-433,-508,-533,-501,-418,-287,876,512
10629,mtk,MTK 7916,4081373855,rx1-tx1,512,0,0,0,-659,-542,-296,8,316,568,698,678,504,208,-138,-453,-665,-736,-649,-414,-84,275,566,729,728,565,270,-78,-409,-651,-750,-681,-449,-117,234,533,724,745,586,298,-53,-394,-655,-769,-696,-469,-136,236,551,739,761,606,310,-50,-399,-671,-786,-725,-498,-158,217,549,755,789,651,358,-12,-376,-658,-799,-754,-537,-206,160,490,718,786,678,422,76,-286,-593,-754,-746,-586,-293,67,399,642,742,682,476,173,-160,-454,-659,-711,-607,-380,-78,231,476,617,621,504,285,9,-255,-452,-542,-521,-396,-202,21,227,379,436,404,302,143,-30,-177,-271,-303,-275,-200,-94,22,114,0,164,144,101,47,3,-25,-31,-30,-19,-1,-3,-28,-55,-79,-95,-102,-80,-21,41,105,168,204,197,147,57,-41,-136,-217,-253,-237,-170,-71,36,142,215,244,221,161,67,-42,-135,-189,-204,-163,-94,-14,64,120,136,116,63,-9,-71,-102,-108,-74,-11,63,133,169,167,123,31,-79,-180,-259,-282,-242,-152,-11,141,270,352,362,293,165,0,-176,-317,-408,-415,-332,-186,-10,171,329,416,406,316,169,-6,-178,-316,-383,-370,-282,-145,17,173,293,346,331,242,104,-44,-182,-287,-326,-301,-220,-95,48,179,275,318,302,233,131,17,-97,-187,-245,-258,-238,-194,0,0,0,0,0,55,-12,-84,-164,-234,-276,-280,-245,-162,-50,83,211,309,364,355,279,152,-5,-173,-316,-401,-412,-350,-216,-33,154,328,445,466,393,244,36,-191,-376,-492,-514,-429,-257,-19,220,419,546,564,461,259,2,-253,-465,-584,-588,-473,-259,10,268,477,595,578,436,213,-44,-294,-469,-548,-519,-373,-138,114,331,466,503,436,269,49,-180,-371,-466,-453,-341,-154,69,268,401,444,387,245,46,-163,-332,-418,-406,-311,-146,54,240,368,407,348,215,33,-157,-311,-383,-363,-264,-101,83,245,351,379,316,169,-15,-196,-336,-396,-358,-234,-60,132,292,383,399,322,161,-44,0,-385,-436,-394,-258,-57,158,332,436,447,354,188,-26,-230,-379,-449,-410,-272,-74,143,325,425,426,339,171,-54,-257,-393,-438,-376,-228,-19,196,356,439,417,290,91,-135,-336,-462,-475,-379,-184,58,296,471,525,467,302,61,-205,-431,-556,-559,-435,-199,77,332,522,601,545,352,82,-201,-444,-593,-610,-479,-244,38,317,528,617,568,390,127,-164,-410,-555,-575,-472,-267,0,263,456,537,487,329,105,-144,-352,-467,-465,-363,-173,66,276,413,451,375,207,-15,-233,-397,-460,-408,-264,-52,187,383,486,469,336,124,-125,-350,-497,-533,-441,-242,22,292,498,596,559,0,0,0,0,0,-94,-392,-613,-698,-621,-405,-96,235,515,695,720,580,310,-27,-362,-618,-739,-695,-493,-183,164,484,704,758,638,376,28,-320,-598,-745,-719,-526,-218,143,479,698,755,645,385,32,-318,-601,-752,-733,-545,-230,143,479,710,781,670,406,54,-315,-613,-781,-766,-582,-267,118,473,714,810,725,464,102,-274,-590,-773,-788,-626,-327,39,395,662,784,729,515,194,-168,-492,-704,-753,-643,-401,-60,286,556,708,709,550,280,-42,-356,-578,-670,-626,-450,-190,102,368,540,600,536,360,117,-136,-346,-473,-497,-416,-262,-70,125,275,359,369,306,188,43,-94,-191,-235,-228,-182,0,-25,44,82,94,87,67,43,19,13,25,35,35,30,23,-6,-54,-104,-143,-155,-130,-77,3,94,163,212,234,202,116,6,-104,-193,-247,-256,-214,-126,-15,95,186,231,220,170,85,-13,-96,-155,-172,-139,-82,-15,56,104,112,94,43,-34,-105,-142,-134,-90,-16,79,164,219,226,174,79,-42,-177,-275,-315,-299,-223,-88,79,236,349,397,376,276,105,-90,-257,-376,-422,-387,-272,-99,89,255,366,401,357,247,81,-104,-258,-352,-374,-316,-196,-48,107,245,325,330,272,164,20,-129,-242,-305,-316,-265,-164,-34,97,198,271,301,280,216,131,35,-56,-120,0,0,0,0,0,168,197,201,177,119,31,-74,-181,-272,-327,-331,-281,-178,-37,114,251,354,390,352,253,99,-77,-246,-379,-446,-416,-310,-144,61,263,417,492,465,338,136,-90,-310,-471,-542,-506,-360,-140,109,348,525,593,529,369,133,-138,-382,-551,-610,-545,-369,-117,154,383,543,587,496,308,60,-200,-399,-511,-520,-416,-209,35,253,412,485,443,306,95,-134,-322,-433,-445,-362,-197,12,213,370,440,404,280,99,-106,-284,-398,-413,-324,-171,17,202,336,387,356,242,74,-118,-282,-380,-380,-296,-144,46,214,334,385,333,193,15,-170,-322,-394,-375,-279,-110,93,274,397,427,0,212,13,-193,-354,-436,-421,-305,-118,94,286,420,456,391,236,24,-191,-361,-448,-426,-307,-128,85,286,412,434,358,190,-21,-225,-375,-428,-391,-257,-56,161,344,444,445,334,129,-117,-326,-459,-498,-414,-232,6,260,454,551,526,384,140,-146,-395,-553,-593,-498,-296,-20,261,484,607,585,427,174,-118,-387,-564,-610,-528,-324,-36,244,461,580,582,448,201,-80,-332,-510,-559,-482,-299,-52,199,400,510,497,356,137,-96,-313,-449,-465,-374,-192,36,248,395,449,398,245,25,-200,-384,-467,-431,-301,-95,154,369,490,500,386,170,-83,-330,-511,-567,-495,-314,-51,227,0,0
10630,mtk,MTK 7916,4081373855,rx2-tx0,512,0,0,0,507,418,221,-38,-287,-474,-552,-495,-319,-68,203,433,564,562,429,193,-94,-363,-548,-608,-521,-309,-19,275,507,619,589,422,153,-162,-442,-616,-644,-520,-270,50,365,593,679,602,382,68,-269,-551,-700,-675,-493,-194,161,485,699,752,617,331,-37,-408,-689,-816,-748,-498,-126,281,640,853,865,676,328,-107,-522,-825,-949,-852,-556,-130,334,732,966,980,768,377,-103,-561,-894,-1035,-940,-629,-178,324,751,1005,1030,821,436,-44,-522,-876,-1030,-954,-662,-223,266,690,953,997,818,454,-9,-466,-815,-973,-910,-642,-226,233,628,879,926,755,418,-10,-428,-752,-893,-822,-566,0,256,622,839,861,687,348,-70,-470,-763,-878,-787,-511,-118,307,664,875,883,676,316,-110,-526,-830,-944,-834,-536,-115,341,718,936,946,738,357,-107,-551,-868,-1000,-913,-617,-177,314,735,985,1018,828,450,-33,-513,-883,-1054,-995,-712,-270,238,693,991,1071,918,570,96,-403,-818,-1055,-1064,-837,-429,67,541,894,1051,981,710,292,-186,-617,-909,-1000,-880,-580,-162,281,651,871,900,736,424,33,-354,-654,-804,-779,-592,-287,71,407,646,733,668,468,172,-150,-424,-606,-659,-574,-374,-108,175,417,568,603,526,351,115,-133,-348,-492,-548,-514,-404,-241,-54,118,249,327,349,0,0,0,0,0,-329,-275,-165,-2,180,358,498,566,546,433,231,-29,-295,-517,-649,-669,-554,-321,-18,301,572,739,757,620,348,-7,-373,-680,-864,-865,-669,-330,88,507,837,1001,959,704,283,-207,-665,-1001,-1144,-1045,-712,-219,330,824,1161,1260,1096,689,127,-466,-978,-1302,-1346,-1104,-629,-15,611,1109,1374,1352,1039,510,-124,-735,-1191,-1391,-1295,-924,-359,283,855,1233,1351,1173,735,149,-461,-970,-1258,-1265,-999,-521,67,635,1050,1234,1146,805,288,-283,-785,-1104,-1179,-985,-574,-45,485,897,1109,1079,806,351,-175,-652,-983,-1084,-942,-596,-115,382,782,1005,999,766,370,-97,-545,-874,-990,-877,-575,0,323,693,908,920,726,363,-81,-501,-799,-914,-823,-544,-143,283,645,852,855,667,335,-69,-453,-731,-836,-749,-489,-126,255,579,765,768,592,281,-86,-429,-663,-737,-640,-396,-65,277,546,679,652,474,185,-141,-418,-588,-619,-504,-270,22,305,511,584,517,329,61,-222,-441,-548,-520,-363,-117,157,391,526,528,401,177,-89,-331,-493,-538,-455,-261,1,261,452,538,493,332,94,-168,-389,-515,-514,-394,-183,73,310,468,514,437,259,21,-223,-411,-500,-465,-316,-95,148,350,466,470,359,162,-71,-288,-437,-473,-395,-224,3,229,401,472,428,279,60,-172,-364,-471,-467,0,0,0,0,0,86,316,479,533,458,265,10,-248,-457,-562,-532,-375,-128,152,401,559,585,473,251,-35,-317,-531,-618,-557,-369,-94,217,478,620,619,472,205,-113,-405,-607,-663,-561,-325,-5,319,566,681,638,439,131,-221,-526,-702,-716,-560,-260,106,447,698,787,684,414,38,-350,-665,-838,-812,-590,-227,200,590,848,910,773,448,6,-440,-790,-963,-919,-665,-253,228,657,941,1016,860,497,24,-451,-832,-1029,-997,-737,-305,189,641,953,1050,905,554,81,-401,-791,-1001,-988,-757,-350,138,587,890,994,875,557,112,-350,-727,-935,-924,-705,-328,118,532,820,918,798,498,91,-338,-683,0,-847,-630,-269,156,547,807,871,734,435,30,-394,-722,-874,-829,-591,-211,223,602,851,908,754,418,-12,-441,-786,-946,-891,-640,-237,229,642,912,986,831,483,25,-437,-810,-1013,-982,-722,-303,185,634,950,1049,914,579,117,-382,-800,-1037,-1043,-826,-424,82,564,921,1081,1004,707,260,-240,-688,-994,-1081,-929,-580,-114,367,765,995,1013,813,443,-13,-452,-787,-950,-904,-667,-301,121,507,768,862,773,523,168,-213,-535,-731,-767,-639,-381,-51,280,542,680,672,526,278,-23,-305,-520,-625,-600,-458,-232,36,289,479,574,563,453,271,52,-160,-335,-446,-481,-444,-346,-220,-87,0,0,0,0,0,-171,-304,-412,-475,-474,-395,-239,-26,210,423,575,636,581,408,154,-138,-417,-628,-717,-665,-473,-173,172,494,729,819,739,503,152,-249,-613,-863,-936,-817,-519,-90,377,773,1021,1066,883,496,-5,-518,-942,-1175,-1166,-914,-457,108,669,1105,1314,1247,912,381,-233,-806,-1226,-1394,-1252,-847,-268,375,942,1299,1387,1190,733,121,-513,-1035,-1335,-1343,-1061,-553,65,666,1115,1321,1233,882,337,-276,-815,-1169,-1269,-1090,-677,-118,458,919,1178,1173,910,443,-120,-638,-1011,-1158,-1044,-697,-200,332,783,1055,1088,876,476,-25,-515,-886,-1054,-980,-687,-248,242,669,946,1010,836,481,29,-429,-787,0,-910,-657,-256,199,601,864,929,783,459,35,-391,-722,-886,-844,-610,-244,178,548,789,848,716,422,34,-356,-659,-807,-763,-548,-209,172,498,709,754,619,348,4,-340,-599,-715,-652,-438,-129,200,478,638,640,493,232,-79,-363,-553,-607,-512,-296,-18,266,482,568,516,344,91,-184,-415,-533,-516,-383,-152,120,359,513,539,425,215,-45,-294,-474,-539,-477,-300,-42,224,430,528,509,369,136,-127,-352,-499,-524,-420,-220,30,273,445,507,456,291,62,-177,-377,-486,-474,-349,-136,107,320,451,472,375,188,-42,-261,-417,-470,-408,-248,-29,205,388,476,446,310,97,-139,0,0
10631,mtk,MTK 7916,4081373855,rx2-tx1,512,0,0,0,-121,-174,-190,-167,-109,-33,39,102,141,143,116,74,19,-38,-82,-103,-104,-84,-46,1,45,78,94,86,56,14,-34,-76,-97,-96,-78,-39,16,68,110,132,122,78,16,-53,-115,-154,-170,-152,-94,-8,85,165,218,229,188,103,-4,-121,-224,-285,-288,-228,-117,22,166,279,340,332,252,114,-55,-214,-337,-394,-371,-264,-98,95,268,389,436,382,247,56,-154,-334,-446,-470,-388,-217,1,223,402,497,487,370,177,-54,-284,-453,-525,-488,-343,-124,124,346,484,524,450,273,40,-199,-392,-504,-503,-387,-190,47,277,443,504,447,297,85,-150,-358,-479,-488,-392,0,34,262,431,510,470,316,89,-160,-379,-517,-537,-433,-230,22,275,477,575,541,391,154,-124,-382,-552,-605,-525,-327,-51,237,471,602,601,471,238,-57,-343,-547,-634,-590,-400,-118,192,456,620,655,541,303,-1,-306,-556,-684,-653,-481,-202,127,428,637,714,643,426,106,-239,-528,-703,-728,-601,-344,-6,334,603,737,718,552,265,-85,-406,-631,-734,-686,-494,-192,150,455,652,709,632,418,106,-215,-481,-648,-680,-568,-341,-51,249,490,631,645,523,309,40,-248,-481,-604,-609,-506,-307,-52,209,428,559,584,511,355,141,-83,-283,-432,-500,-494,-422,-302,-156,-12,107,0,0,0,0,0,-88,-46,9,76,139,192,223,216,169,94,-2,-106,-199,-259,-277,-248,-168,-44,91,214,299,330,293,200,55,-104,-249,-350,-389,-352,-235,-56,147,325,437,470,409,255,34,-206,-411,-537,-563,-476,-286,-22,259,502,644,666,555,316,0,-319,-578,-732,-744,-596,-323,16,367,653,804,792,619,313,-58,-422,-711,-851,-802,-595,-273,119,489,749,854,785,548,191,-206,-550,-785,-861,-743,-468,-94,305,637,831,847,675,359,-26,-408,-708,-859,-819,-595,-244,153,516,777,871,773,504,135,-275,-630,-840,-873,-723,-412,-15,387,708,866,843,644,310,-101,-496,-770,-874,-787,0,-163,245,603,835,878,719,403,0,-403,-715,-875,-848,-628,-265,156,543,821,920,810,524,130,-304,-682,-910,-939,-759,-418,20,462,802,964,926,690,303,-154,-581,-880,-989,-893,-608,-190,272,667,914,979,831,498,70,-363,-722,-922,-918,-720,-380,36,443,745,889,839,610,253,-141,-497,-741,-819,-720,-473,-130,237,541,720,738,596,334,9,-308,-553,-672,-638,-467,-205,90,354,535,606,540,354,103,-160,-382,-519,-542,-446,-261,-29,201,381,481,476,366,188,-19,-216,-364,-429,-398,-290,-133,48,214,328,368,330,230,89,-62,-198,-283,-306,-270,-182,-65,59,161,225,0,0,0,0,0,156,85,-1,-84,-145,-172,-160,-115,-59,6,67,110,125,115,82,37,-16,-62,-90,-97,-83,-48,-1,40,70,87,88,63,20,-29,-75,-103,-109,-93,-55,3,61,113,149,150,113,45,-37,-111,-169,-197,-189,-139,-54,48,148,222,256,237,165,52,-75,-198,-287,-318,-286,-192,-44,117,255,344,366,310,192,22,-164,-314,-399,-408,-332,-174,22,218,373,448,432,329,146,-83,-295,-444,-492,-442,-305,-95,143,352,485,512,434,260,30,-207,-404,-516,-510,-396,-200,41,274,444,514,477,336,116,-126,-343,-480,-507,-424,-249,-16,218,403,496,480,353,144,-96,-309,0,-495,-429,-260,-30,212,414,512,494,372,160,-96,-331,-497,-558,-491,-310,-56,204,426,565,574,450,232,-38,-310,-521,-609,-572,-402,-142,147,405,584,633,534,315,29,-260,-496,-631,-620,-468,-214,93,388,596,664,593,399,111,-216,-495,-660,-684,-560,-305,17,336,583,715,694,515,220,-125,-446,-673,-757,-679,-452,-133,211,514,709,742,621,376,57,-272,-544,-701,-716,-570,-303,22,337,581,697,661,498,235,-75,-360,-569,-662,-618,-446,-185,107,371,559,637,584,408,162,-112,-359,-537,-611,-567,-422,-205,47,277,452,546,547,460,316,131,-64,-229,-344,-402,-398,-340,0,0,0,0,0,-109,-146,-168,-168,-140,-83,-7,82,165,220,246,234,179,85,-30,-144,-241,-298,-292,-227,-117,22,164,283,348,344,270,139,-34,-212,-355,-424,-411,-317,-149,69,282,442,524,504,373,154,-112,-360,-543,-624,-586,-425,-166,137,426,639,727,666,468,173,-170,-486,-707,-788,-714,-488,-155,215,545,766,833,732,465,103,-274,-605,-813,-849,-707,-418,-40,346,659,837,835,648,322,-64,-440,-725,-854,-806,-588,-238,162,528,777,862,766,498,116,-282,-620,-831,-860,-698,-385,9,403,711,864,830,627,282,-130,-506,-776,-882,-794,-535,-159,251,608,833,872,726,416,15,-381,0,-869,-838,-628,-284,122,508,785,891,798,526,139,-279,-632,-850,-885,-725,-401,21,440,760,917,873,643,271,-174,-582,-867,-962,-848,-552,-138,314,704,941,974,802,460,17,-431,-788,-974,-950,-728,-359,96,526,837,975,902,632,241,-191,-584,-851,-922,-797,-510,-125,283,627,816,835,682,379,4,-361,-642,-776,-736,-542,-241,108,426,637,704,617,410,116,-199,-456,-611,-641,-524,-293,-11,265,472,569,551,418,193,-67,-295,-460,-529,-474,-319,-109,109,293,420,455,388,242,57,-136,-296,-384,-390,-320,-189,-27,132,255,325,325,259,146,6,-130,-228,-272,-260,-204,-113,0,0
10632,mtk,MTK 7916,4081431135,rx0-tx0,512,-172,475,520,813,786,730,627,488,331,161,-6,-187,-364,-519,-649,-746,-815,-834,-812,-741,-632,-494,-321,-130,82,297,495,660,799,893,938,931,869,754,583,378,145,-92,-324,-540,-729,-866,-953,-976,-950,-861,-707,-523,-315,-88,138,353,546,715,805,867,884,838,755,628,453,277,86,-108,-294,-455,-589,-681,-730,-750,-732,-659,-560,-429,-285,-126,28,190,339,457,546,617,641,633,596,518,420,302,160,13,-126,-255,-366,-459,-529,-552,-553,-519,-456,-363,-255,-130,-7,111,221,306,369,413,423,409,375,313,240,159,74,-7,-77,-138,-196,-234,-256,-260,-249,-222,-203,-176,-133,-87,-588,-2,45,90,115,139,163,168,160,148,141,116,83,41,-1,-32,-52,-72,-86,-86,-79,-72,-57,-32,-7,20,32,34,34,19,-1,-22,-52,-85,-123,-144,-146,-139,-123,-83,-25,39,121,209,271,322,363,364,349,300,214,115,-7,-143,-290,-406,-484,-547,-577,-559,-494,-393,-253,-97,84,268,431,559,655,697,693,645,548,401,230,37,-157,-339,-500,-624,-705,-742,-718,-647,-523,-366,-189,0,192,366,511,607,663,673,632,549,431,284,119,-49,-207,-345,-462,-536,-570,-569,-524,-444,-320,-179,-34,121,255,375,456,494,490,434,326,196,48,-93,-213,-293,-324,-311,115,254,765,1203,1117,207,178,101,-1,-120,-234,-328,-382,-400,-378,-303,-196,-77,54,192,316,405,471,490,473,424,331,212,70,-72,-219,-344,-445,-516,-541,-528,-478,-388,-279,-138,12,165,300,408,480,515,522,491,418,318,194,74,-47,-171,-270,-345,-388,-409,-395,-350,-297,-228,-149,-71,-3,66,119,170,205,223,228,223,210,188,172,140,107,86,57,14,-15,-42,-81,-105,-122,-154,-177,-184,-184,-171,-161,-149,-129,-92,-53,-24,19,50,81,134,169,200,226,240,245,242,216,191,149,95,41,-37,-104,-179,-251,-309,-358,-379,-391,-373,-337,-278,-192,-92,16,137,247,348,438,499,-291,549,512,446,360,252,112,-36,-180,-317,-446,-548,-621,-668,-668,-626,-545,-430,-292,-131,36,205,368,510,631,709,758,760,714,638,526,372,200,18,-167,-366,-532,-678,-800,-871,-900,-881,-807,-677,-508,-303,-81,159,395,614,790,929,1035,1069,1040,956,807,604,367,97,-180,-444,-704,-914,-1067,-1173,-1208,-1165,-1063,-878,-649,-369,-78,223,514,782,998,1152,1240,1255,1190,1061,859,603,322,19,-285,-571,-831,-1025,-1159,-1231,-1229,-1137,-981,-767,-524,-249,45,322,592,817,982,1089,1133,1101,1009,856,662,427,182,-71,-312,-521,-706,-837,-912,-952,-931,-862,-740,-581,-414,-204,-4,202,818,1042,126,252,103,-4,-186,-355,-511,-638,-731,-781,-801,-790,-729,-626,-492,-338,-163,25,218,405,565,703,810,877,894,857,766,635,467,261,43,-187,-406,-611,-785,-905,-978,-977,-924,-821,-665,-472,-243,3,231,464,655,799,899,941,926,857,748,574,379,188,-25,-233,-416,-588,-706,-778,-823,-817,-759,-658,-527,-361,-193,-19,157,322,456,572,648,687,683,651,582,478,367,226,71,-68,-215,-345,-449,-535,-589,-602,-585,-529,-450,-348,-225,-87,44,181,297,387,452,492,495,477,424,346,255,149,43,-54,-145,-222,-283,-328,-347,-338,-312,-278,-231,-170,-111,-48,14,64,102,147,178,200,321,202,194,167,133,108,74,32,-7,-39,-73,-100,-116,-129,-132,-119,-107,-88,-59,-27,-4,16,41,51,52,38,18,2,-17,-45,-59,-65,-64,-54,-32,11,58,99,146,199,234,255,257,222,163,102,8,-96,-197,-304,-385,-445,-478,-482,-440,-351,-244,-113,43,212,367,499,592,647,663,625,532,404,242,60,-124,-306,-475,-604,-696,-740,-722,-658,-539,-389,-214,-19,178,361,518,626,692,717,688,604,475,319,150,-24,-200,-357,-483,-575,-624,-625,-579,-497,-381,-239,-90,66,216,350,457,515,545,519,456,359,226,80,-70,-218,-330,-407,-435,-402,-327,-211,-84,43,507,463,-436,-67,-427,-110,-203,-279,-317,-317,-275,-184,-69,56,186,307,387,435,448,422,352,251,128,-15,-148,-280,-392,-474,-518,-522,-487,-410,-301,-165,-20,122,265,384,479,539,552,524,456,360,233,97,-45,-181,-298,-387,-444,-465,-461,-423,-354,-271,-168,-57,48,134,201,262,302,310,306,284,251,213,153,102,54,13,-24,-61,-97,-139,-155,-161,-178,-181,-175,-173,-159,-129,-117,-98,-59,-25,17,56,86,118,142,166,174,192,199,184,182,165,134,103,60,12,-35,-95,-151,-200,-243,-272,-302,-314,-307,-291,-245,-189,-110,-28,62,161,251,341,409,449,466,457,423,367,278,165,374,-88,-222,-338,-438,-529,-586,-603,-585,-543,-458,-336,-205,-49,114,273,425,549,638,695,710,698,632,533,394,241,73,-111,-286,-441,-591,-703,-779,-810,-818,-763,-657,-526,-355,-161,48,262,476,662,814,919,979,986,929,817,653,464,229,-33,-283,-533,-759,-941,-1066,-1139,-1135,-1076,-942,-742,-510,-244,48,339,613,861,1050,1175,1231,1223,1139,981,756,487,191,-124,-423,-694,-934,-1109,-1219,-1259,-1223,-1118,-939,-700,-424,-133,173,460,716,926,1081,1176,1189,1130,1013,820,595,346,69,-202,-459,-678,-855,-975,-1034,-1039,-978,-867,-707,-505,-299,-76,154,361,548,684,800,865,870,843,915,631
10633,mtk,MTK 7916,4081431135,rx0-tx1,512,379,-379,-569,-447,-603,-730,-814,-851,-847,-790,-690,-543,-357,-147,78,302,513,696,845,945,988,978,909,785,603,393,153,-92,-337,-572,-774,-931,-1038,-1085,-1063,-985,-845,-656,-426,-172,99,356,599,811,972,1079,1126,1110,1029,890,694,463,204,-75,-330,-572,-784,-958,-1074,-1132,-1118,-1036,-911,-723,-499,-254,6,274,517,735,909,1028,1095,1086,1024,916,747,540,302,49,-200,-442,-648,-819,-942,-1016,-1029,-982,-879,-735,-552,-339,-107,126,345,540,701,825,900,926,900,829,720,572,388,194,-11,-210,-393,-554,-685,-779,-835,-843,-805,-731,-618,-472,-302,-116,73,257,427,584,711,797,839,836,-430,701,570,402,218,10,-198,-395,-578,-721,-825,-885,-894,-849,-751,-610,-431,-220,-1,221,430,623,769,869,918,916,853,740,575,381,160,-65,-284,-491,-660,-795,-869,-889,-855,-775,-646,-472,-282,-73,131,324,497,635,733,776,773,726,640,516,359,194,19,-153,-300,-427,-539,-605,-631,-632,-585,-509,-412,-300,-163,-22,111,237,338,424,486,507,509,477,417,339,245,141,31,-80,-174,-260,-331,-385,-413,-413,-387,-347,-284,-212,-123,-23,66,151,227,281,319,345,346,316,271,211,140,59,-27,-107,-183,-247,-287,-303,-291,-255,-206,-138,-50,38,116,176,212,217,193,145,355,117,481,-254,-195,-234,-216,-157,-67,42,153,253,332,374,379,348,287,189,81,-40,-158,-262,-352,-417,-448,-445,-420,-366,-274,-167,-49,82,211,325,424,486,532,548,518,455,360,242,97,-48,-202,-347,-480,-583,-645,-663,-642,-581,-484,-337,-177,5,196,363,527,646,725,766,748,687,578,427,246,50,-150,-343,-515,-647,-739,-784,-777,-709,-607,-467,-299,-106,87,259,424,556,645,695,701,669,592,482,347,198,42,-112,-264,-381,-482,-550,-584,-590,-543,-487,-402,-292,-178,-56,65,176,282,362,423,461,478,465,434,382,311,227,133,33,-71,-166,-256,-334,-393,-427,-447,-441,-418,-368,230,-220,-124,-21,80,184,280,364,429,468,480,466,428,366,282,178,68,-43,-157,-261,-346,-419,-466,-483,-473,-436,-378,-297,-203,-97,9,112,210,286,350,399,416,415,395,358,303,234,157,74,-11,-88,-159,-225,-279,-315,-336,-346,-348,-327,-297,-255,-203,-138,-75,-2,69,136,210,269,318,351,381,388,373,349,310,245,169,78,-20,-118,-213,-301,-380,-440,-476,-489,-478,-439,-370,-288,-193,-76,46,166,281,376,461,519,549,558,531,481,397,288,169,42,-92,-226,-351,-460,-547,-601,-628,-624,-583,-505,-406,-289,-148,9,163,313,448,567,654,704,728,701,638,535,-124,-206,11,-781,-638,-675,-555,-399,-214,-19,187,386,569,728,844,910,928,894,806,665,482,266,31,-207,-440,-654,-826,-954,-1030,-1042,-1000,-897,-734,-532,-294,-34,226,476,704,886,1017,1096,1110,1059,945,774,560,312,50,-223,-476,-706,-897,-1033,-1117,-1127,-1072,-970,-809,-605,-360,-98,179,425,655,858,1004,1093,1122,1082,982,833,633,402,147,-118,-360,-592,-789,-936,-1032,-1068,-1046,-966,-825,-649,-433,-201,47,282,500,681,831,924,971,962,904,791,639,457,256,44,-171,-370,-546,-695,-805,-867,-884,-845,-767,-656,-509,-340,-150,46,235,404,557,680,772,821,826,789,713,596,443,262,72,-133,-1099,-493,-650,-763,-836,-868,-845,-785,-672,-517,-330,-124,92,306,505,674,807,889,916,889,814,686,509,311,90,-135,-360,-561,-724,-837,-905,-914,-873,-767,-624,-437,-229,-6,215,414,591,722,809,844,822,755,648,502,326,133,-54,-236,-400,-543,-640,-698,-719,-686,-618,-522,-397,-244,-95,57,208,333,434,510,561,564,550,501,426,333,212,88,-29,-152,-255,-342,-409,-449,-467,-450,-410,-349,-269,-179,-80,23,117,201,271,324,365,376,362,334,282,213,138,55,-36,-123,-194,-254,-296,-318,-315,-296,-257,-195,-118,-34,53,133,198,248,268,260,226,169,98,18,-55,-109,-759,-847,-407,-70,-173,53,154,242,302,324,307,249,159,45,-72,-186,-288,-363,-404,-418,-393,-342,-268,-162,-42,81,192,300,388,448,486,493,458,399,310,194,75,-72,-211,-337,-443,-534,-587,-604,-582,-524,-427,-296,-139,28,200,355,503,612,686,729,706,641,536,385,218,22,-176,-357,-528,-662,-751,-787,-774,-710,-593,-441,-272,-81,122,315,476,611,705,753,743,696,613,477,319,147,-24,-192,-346,-476,-570,-626,-640,-623,-566,-479,-377,-245,-113,36,166,273,383,460,507,525,511,480,423,342,252,147,35,-74,-171,-263,-339,-398,-434,-450,-444,-415,-372,-305,-221,-129,-30,72,169,261,-198,401,445,463,457,430,376,304,212,107,-6,-116,-220,-317,-399,-454,-482,-489,-466,-411,-335,-246,-138,-28,86,190,287,359,411,444,449,436,391,329,265,173,74,-20,-111,-191,-265,-326,-361,-382,-381,-363,-334,-291,-235,-164,-93,-22,52,121,181,236,283,319,341,355,342,330,300,254,194,125,50,-38,-115,-195,-275,-346,-392,-433,-445,-437,-401,-349,-277,-185,-84,27,137,248,345,419,481,520,525,508,457,386,294,178,60,-68,-194,-312,-420,-498,-553,-584,-590,-555,-494,-400,-284,-155,-21,122,265,396,503,592,650,668,653,607,527,413,270,112,-53,-223,-372,-515,250,155
10634,mtk,MTK 7916,4081431135,rx1-tx0,512,-13,-112,-431,489,399,263,118,-39,-193,-339,-457,-539,-590,-598,-559,-489,-381,-240,-87,78,231,372,487,572,618,620,589,512,397,257,104,-67,-233,-380,-509,-607,-665,-685,-654,-587,-479,-341,-178,-1,182,351,505,637,730,773,766,717,622,480,313,121,-89,-301,-492,-656,-789,-872,-897,-877,-791,-660,-483,-275,-44,195,435,647,821,944,1003,1010,951,833,656,427,173,-89,-353,-595,-799,-955,-1054,-1079,-1034,-924,-763,-555,-313,-46,217,459,671,842,960,1018,1011,946,832,679,477,250,9,-225,-436,-626,-788,-893,-946,-953,-907,-806,-671,-499,-299,-85,141,369,557,729,865,954,986,966,231,773,606,397,161,-88,-340,-579,-795,-959,-1068,-1123,-1108,-1030,-885,-683,-434,-149,143,434,707,939,1114,1228,1269,1231,1114,922,670,377,63,-265,-582,-867,-1098,-1274,-1357,-1365,-1290,-1139,-911,-624,-297,54,401,730,1014,1244,1399,1459,1434,1327,1137,872,539,169,-206,-586,-916,-1202,-1418,-1548,-1573,-1492,-1319,-1058,-718,-329,93,506,880,1204,1447,1588,1622,1536,1341,1059,692,289,-128,-533,-882,-1180,-1380,-1479,-1464,-1353,-1152,-876,-539,-189,175,512,802,1031,1172,1231,1206,1091,906,661,370,63,-235,-510,-739,-911,-1011,-1023,-969,-820,-605,-345,-56,226,486,693,811,837,762,600,375,116,-127,-311,651,501,101,-298,-41,-458,-467,-389,-235,-29,196,415,591,705,747,699,585,414,195,-38,-276,-498,-673,-802,-863,-859,-792,-665,-482,-252,-3,250,500,710,883,1001,1032,1003,896,727,496,228,-73,-362,-644,-885,-1068,-1189,-1229,-1174,-1036,-842,-572,-253,75,417,740,1008,1226,1350,1382,1332,1181,963,667,328,-48,-423,-773,-1067,-1300,-1451,-1503,-1438,-1288,-1053,-747,-388,3,400,759,1056,1302,1454,1501,1454,1304,1087,791,442,74,-295,-636,-935,-1173,-1325,-1397,-1378,-1274,-1108,-857,-572,-243,89,399,692,953,1136,1249,1283,1251,1135,955,723,450,151,-152,-445,-709,-926,-1089,-1182,-1212,-1177,-1069,-890,-671,-402,-121,175,-49,705,923,1089,1186,1223,1186,1080,909,682,409,117,-189,-494,-774,-1003,-1173,-1279,-1315,-1272,-1137,-937,-671,-367,-19,314,645,942,1170,1323,1398,1382,1283,1091,838,517,164,-186,-529,-840,-1095,-1270,-1367,-1384,-1298,-1134,-906,-618,-300,44,373,667,920,1113,1228,1258,1220,1103,909,674,396,99,-203,-483,-716,-902,-1044,-1107,-1103,-1024,-885,-701,-475,-220,35,283,509,691,834,924,947,908,821,683,502,295,75,-146,-357,-533,-668,-758,-803,-796,-736,-627,-489,-320,-132,54,240,405,535,631,684,689,648,572,452,304,145,-30,-188,-333,-462,-547,-601,-621,-592,-513,-413,-282,-131,27,177,311,-470,-546,221,693,577,-306,-435,-528,-577,-588,-557,-491,-384,-251,-105,59,211,352,473,556,603,610,571,497,383,241,80,-82,-236,-378,-500,-587,-639,-653,-614,-540,-430,-287,-129,42,213,371,512,619,693,722,709,645,546,408,240,54,-136,-325,-503,-649,-753,-820,-837,-796,-702,-570,-398,-189,28,250,464,649,801,904,955,948,879,744,570,345,104,-150,-398,-625,-822,-968,-1045,-1060,-1005,-887,-717,-500,-246,26,296,538,744,900,1010,1058,1033,944,797,609,388,142,-112,-353,-564,-743,-883,-962,-991,-952,-868,-744,-572,-365,-146,73,296,495,668,813,906,945,940,883,774,637,449,238,7,-221,-568,-655,-827,-955,-1028,-1046,-1005,-911,-755,-545,-304,-33,244,509,753,954,1101,1178,1188,1133,1004,807,555,272,-39,-351,-651,-913,-1118,-1250,-1316,-1304,-1210,-1031,-799,-504,-182,156,497,809,1071,1261,1383,1421,1368,1226,1017,741,417,55,-300,-642,-953,-1213,-1404,-1498,-1510,-1423,-1241,-985,-652,-273,134,524,887,1200,1437,1581,1615,1530,1357,1088,741,333,-92,-516,-884,-1200,-1429,-1550,-1572,-1469,-1273,-990,-635,-247,149,518,849,1110,1280,1353,1334,1214,1023,765,461,137,-193,-500,-761,-959,-1087,-1121,-1082,-964,-777,-536,-252,38,317,577,771,904,947,900,776,564,303,16,-256,-476,-620,-664,-604,-473,168,470,-164,-465,-551,14,196,389,538,621,628,546,388,180,-61,-298,-503,-668,-769,-805,-775,-672,-510,-306,-68,176,410,618,787,896,939,919,830,678,481,227,-48,-320,-577,-801,-978,-1097,-1128,-1084,-965,-773,-529,-240,78,405,694,950,1158,1270,1306,1262,1119,900,618,275,-71,-428,-762,-1047,-1274,-1414,-1459,-1405,-1251,-1009,-711,-353,30,417,772,1082,1318,1467,1521,1463,1309,1072,773,401,26,-356,-707,-1008,-1251,-1402,-1464,-1423,-1296,-1087,-812,-489,-145,207,525,824,1062,1230,1323,1324,1254,1122,903,634,339,33,-278,-578,-831,-1035,-1175,-1242,-1233,-1158,-1007,-803,-555,-277,12,302,579,814,1006,1139,1196,1194,425,982,790,544,269,-20,-315,-592,-841,-1045,-1185,-1255,-1253,-1180,-1028,-815,-549,-249,68,399,704,969,1181,1321,1375,1337,1235,1040,765,444,91,-260,-597,-893,-1134,-1312,-1393,-1387,-1299,-1128,-877,-571,-238,118,460,757,1016,1197,1305,1324,1258,1125,921,656,352,33,-277,-584,-829,-1015,-1138,-1187,-1165,-1061,-899,-693,-443,-161,117,384,612,800,938,1015,1023,973,852,687,492,264,25,-207,-420,-606,-747,-834,-871,-857,-786,-657,-495,-311,-109,98,293,458,593,693,741,738,695,598,470,316,144,-37,-208,-367,-499,-585,-641,-650,-612,-547,-436,-295,-145,16,179,320,438,533,584,593,559,489,255,-2
10635,mtk,MTK 7916,4081431135,rx1-tx1,512,0,0,0,460,142,-230,-531,-671,-629,-415,-67,305,583,693,603,341,-24,-380,-633,-699,-557,-260,111,448,656,679,500,169,-209,-531,-689,-639,-404,-60,313,598,695,589,310,-61,-411,-646,-692,-530,-213,170,512,697,674,451,94,-291,-591,-724,-642,-362,21,398,663,740,604,290,-121,-497,-722,-742,-551,-200,210,559,744,716,484,113,-297,-616,-754,-677,-413,-34,354,630,725,615,327,-50,-413,-649,-698,-549,-242,123,446,635,638,468,171,-173,-462,-608,-576,-382,-90,220,453,550,493,296,25,-236,-419,-473,-387,-198,37,245,371,382,280,92,-109,-260,-321,-280,-149,20,173,264,0,170,20,-138,-247,-272,-207,-62,113,253,330,309,178,-20,-223,-370,-408,-331,-156,85,319,459,479,368,145,-130,-374,-531,-540,-394,-146,147,402,547,548,398,140,-147,-394,-542,-527,-361,-115,156,391,503,457,293,58,-194,-384,-453,-394,-220,11,228,366,398,312,124,-100,-288,-389,-375,-240,-37,174,341,409,352,191,-33,-247,-393,-432,-354,-164,68,284,420,445,346,144,-91,-292,-419,-432,-327,-134,94,286,396,396,294,121,-84,-261,-354,-348,-254,-94,87,238,316,303,210,67,-91,-226,-298,-282,-194,-59,90,213,278,277,212,105,-22,-142,-221,-249,-227,-168,-84,0,0,0,0,0,-16,-94,-172,-234,-258,-233,-153,-30,106,233,323,344,290,164,-15,-194,-335,-397,-360,-238,-53,162,339,426,418,301,94,-139,-344,-467,-469,-343,-125,130,362,502,513,393,162,-125,-382,-542,-563,-434,-183,116,386,559,583,449,205,-102,-388,-560,-578,-446,-192,111,376,538,548,403,154,-136,-385,-514,-501,-348,-94,189,413,514,468,287,21,-251,-446,-514,-437,-234,37,296,476,520,410,174,-108,-346,-488,-490,-353,-115,151,377,489,453,289,47,-211,-403,-478,-413,-224,29,272,437,475,375,165,-96,-332,-462,-458,-323,-87,181,393,481,430,259,7,-255,-437,-495,-414,0,80,323,478,498,371,138,-140,-386,-512,-484,-317,-59,217,429,520,457,251,-35,-310,-491,-529,-411,-158,140,389,528,519,344,51,-252,-483,-579,-496,-263,60,372,585,629,480,184,-176,-497,-684,-671,-455,-107,285,611,759,685,417,26,-381,-695,-811,-688,-367,53,466,765,844,683,329,-125,-544,-810,-846,-644,-255,202,596,824,817,579,179,-267,-629,-816,-765,-488,-87,328,647,773,672,384,-10,-390,-644,-708,-568,-259,126,457,651,646,451,125,-229,-509,-638,-575,-342,-5,325,554,619,499,225,-111,-416,-595,-589,-408,-111,231,511,628,554,323,-3,-332,-569,-637,-513,0,0,0,0,0,493,661,642,436,104,-261,-548,-685,-635,-387,-25,340,608,700,583,297,-66,-417,-649,-690,-527,-209,166,495,677,658,448,102,-269,-565,-702,-622,-362,0,366,626,697,558,256,-121,-466,-677,-689,-498,-149,243,561,714,660,412,45,-340,-636,-741,-624,-329,62,447,697,745,586,244,-170,-526,-731,-727,-516,-155,248,580,747,704,457,74,-329,-631,-747,-644,-369,9,382,645,715,575,281,-91,-430,-642,-669,-507,-203,150,449,613,607,427,124,-205,-458,-578,-534,-341,-58,231,438,510,438,246,-5,-243,-401,-434,-336,-152,69,250,349,334,217,42,-132,-258,-292,-224,-84,0,211,268,226,109,-45,-199,-291,-286,-189,-22,166,318,373,317,160,-59,-274,-406,-436,-351,-155,109,357,508,513,382,141,-141,-393,-545,-546,-403,-148,149,401,543,539,386,132,-159,-400,-519,-496,-341,-97,177,386,475,427,263,20,-217,-381,-426,-353,-181,48,259,381,386,275,81,-142,-318,-399,-359,-216,-2,216,371,416,344,169,-66,-269,-398,-432,-340,-142,93,297,417,433,333,137,-91,-288,-407,-414,-309,-126,92,279,379,380,281,109,-86,-242,-327,-324,-235,-84,82,223,301,293,201,60,-91,-215,-282,-276,-198,-70,68,186,263,276,231,141,33,-70,-151,-197,0,0,0,0,0,181,183,146,66,-39,-156,-258,-310,-301,-230,-98,62,215,326,373,330,204,19,-174,-332,-413,-394,-272,-75,144,328,442,440,315,106,-133,-352,-487,-495,-376,-149,130,379,524,535,405,163,-128,-392,-553,-574,-447,-197,107,384,553,575,443,197,-98,-369,-544,-568,-422,-171,119,375,522,518,376,128,-164,-402,-521,-491,-313,-47,221,429,515,453,256,-14,-275,-458,-511,-416,-199,78,328,485,507,382,145,-137,-368,-494,-484,-327,-75,191,396,484,438,267,14,-239,-423,-485,-401,-195,62,300,450,461,342,125,-138,-365,-479,-449,-292,-47,214,414,492,419,228,-32,-294,0,-500,-389,-170,103,349,496,500,350,96,-180,-407,-521,-475,-287,-14,266,466,529,426,201,-84,-346,-504,-521,-375,-109,192,438,556,506,300,0,-308,-534,-602,-486,-222,117,438,627,641,467,145,-233,-559,-727,-684,-446,-80,334,662,792,702,411,-11,-433,-729,-827,-693,-351,94,512,791,849,656,283,-164,-574,-820,-830,-607,-213,241,622,822,789,537,134,-299,-636,-785,-715,-436,-37,362,651,750,626,325,-61,-425,-653,-685,-514,-199,163,477,643,605,388,64,-274,-534,-631,-535,-277,60,380,586,611,450,157,-184,-472,-618,-575,-365,-48,288,536,624,532,287,-55,-380,0,0
10636,mtk,MTK 7916,4081431135,rx2-tx0,512,0,0,0,-337,-80,206,430,525,465,269,-17,-305,-498,-543,-429,-183,124,393,544,535,361,80,-227,-469,-569,-503,-283,23,328,539,585,450,180,-146,-438,-601,-575,-374,-66,270,526,624,529,271,-71,-399,-617,-644,-475,-159,212,531,694,640,389,20,-371,-652,-745,-618,-297,124,522,774,793,581,191,-268,-656,-855,-815,-538,-91,392,766,920,808,461,-26,-511,-856,-952,-773,-375,135,614,920,953,714,274,-251,-702,-952,-930,-640,-169,349,765,956,870,541,57,-441,-812,-937,-786,-419,59,519,829,891,695,305,-175,-597,-838,-831,-585,-168,291,658,824,746,450,22,-402,-706,-800,0,-313,120,514,753,766,553,172,-263,-616,-788,-732,-455,-36,399,719,832,701,361,-97,-534,-814,-855,-653,-260,219,644,890,877,607,164,-336,-746,-944,-871,-551,-67,440,828,983,857,484,-30,-541,-897,-998,-822,-412,125,630,956,1014,789,337,-215,-701,-995,-1011,-738,-268,283,765,1027,998,699,213,-336,-794,-1024,-969,-652,-162,361,779,982,912,594,124,-370,-755,-925,-838,-523,-78,378,719,855,758,461,47,-369,-674,-786,-684,-400,-19,355,624,720,622,360,12,-329,-580,-666,-575,-343,-29,284,514,611,554,364,93,-187,-413,-537,-539,-422,-231,-6,201,347,407,388,302,0,0,0,0,0,-233,-107,61,254,427,526,520,402,180,-99,-368,-569,-645,-564,-341,-28,309,583,715,668,439,79,-315,-637,-804,-764,-517,-118,327,704,902,863,588,144,-362,-791,-1022,-980,-666,-163,398,874,1128,1081,734,179,-435,-947,-1216,-1163,-795,-202,458,1005,1283,1221,831,209,-474,-1037,-1325,-1250,-831,-188,506,1062,1325,1234,804,151,-532,-1066,-1316,-1193,-740,-90,572,1071,1268,1116,654,12,-623,-1075,-1218,-1029,-548,83,678,1069,1159,924,434,-173,-721,-1055,-1093,-820,-315,268,770,1036,1012,707,196,-363,-806,-1013,-931,-590,-83,437,826,976,844,472,-24,-505,-834,-925,-746,-348,141,578,845,0,636,226,-245,-640,-846,-802,-529,-105,341,677,819,723,415,-8,-423,-706,-781,-629,-293,123,495,714,722,521,172,-225,-551,-701,-645,-406,-48,319,579,668,554,274,-75,-402,-607,-618,-441,-143,190,464,595,545,333,20,-294,-513,-566,-448,-195,115,384,532,512,338,62,-239,-462,-538,-447,-222,71,340,505,514,363,102,-187,-421,-529,-474,-274,11,291,486,531,414,174,-117,-369,-512,-499,-335,-67,219,437,523,455,246,-40,-307,-481,-513,-385,-142,139,380,509,478,303,44,-229,-434,-507,-426,-210,64,315,476,489,352,110,-165,-388,-494,-454,-277,-16,253,446,505,414,0,0,0,0,0,-393,-514,-479,-299,-27,256,464,539,455,230,-65,-345,-525,-547,-403,-132,176,427,558,523,328,33,-278,-503,-575,-479,-231,89,382,566,581,414,118,-207,-476,-611,-560,-327,2,332,572,643,511,217,-145,-473,-660,-641,-433,-92,290,594,724,636,349,-53,-443,-709,-770,-602,-245,197,594,819,801,553,140,-329,-709,-891,-812,-491,-24,453,810,944,801,420,-82,-563,-887,-958,-751,-324,195,664,942,947,678,215,-304,-736,-953,-899,-588,-107,401,789,949,833,478,-9,-486,-821,-916,-748,-367,120,564,833,864,644,234,-235,-626,-830,-789,-517,-97,346,677,810,702,380,-46,0,-732,-786,-601,-241,191,573,782,756,510,106,-332,-677,-821,-720,-403,33,463,765,850,687,316,-155,-583,-848,-873,-642,-211,281,697,916,876,580,118,-388,-789,-964,-863,-517,-19,488,862,997,846,451,-78,-585,-927,-1006,-803,-372,172,670,983,1020,766,298,-252,-733,-1009,-1006,-725,-241,308,770,1021,988,680,186,-353,-783,-998,-941,-627,-149,364,776,961,875,559,100,-377,-738,-892,-797,-489,-60,371,691,813,719,430,30,-365,-648,-750,-648,-379,-16,345,598,686,593,344,13,-307,-544,-640,-563,-345,-53,241,472,581,547,394,157,-104,-329,-470,-504,-436,-295,-119,49,188,0,0,0,0,0,-284,-392,-437,-397,-267,-58,183,406,561,598,493,267,-35,-342,-578,-682,-616,-390,-55,309,609,762,716,477,100,-316,-664,-851,-815,-554,-135,337,738,960,927,636,159,-381,-839,-1076,-1030,-702,-171,420,907,1166,1121,771,199,-445,-977,-1250,-1194,-819,-205,480,1027,1303,1240,835,195,-493,-1054,-1331,-1243,-819,-168,524,1067,1318,1214,768,119,-554,-1076,-1299,-1161,-701,-56,601,1077,1244,1067,600,-29,-648,-1075,-1192,-977,-492,126,694,1059,1125,874,374,-227,-743,-1048,-1054,-759,-254,313,784,1027,974,648,145,-394,-814,-996,-890,-528,-26,474,835,953,793,410,-80,-540,-844,-896,-690,-292,0,611,844,831,579,164,-294,-664,-833,-761,-473,-50,385,698,800,671,354,-64,-462,-717,-759,-579,-232,178,523,706,681,459,105,-277,-570,-684,-596,-337,17,363,597,646,499,209,-137,-434,-598,-577,-383,-78,246,489,583,496,259,-54,-346,-524,-543,-396,-131,171,419,538,485,282,-5,-288,-482,-525,-411,-172,127,386,524,499,319,47,-239,-452,-528,-448,-229,62,333,499,517,379,120,-171,-413,-527,-477,-289,-15,267,465,521,420,192,-89,-345,-497,-495,-343,-94,185,412,508,451,264,-8,-278,-457,-496,-390,-166,109,353,487,469,311,64,-205,-416,-496,-426,-229,43,301,0,0
10637,mtk,MTK 7916,4081431135,rx2-tx1,512,0,0,0,255,182,55,-84,-191,-245,-230,-154,-41,78,175,224,204,130,23,-94,-178,-207,-185,-111,-1,106,182,212,183,99,-7,-118,-204,-234,-196,-104,17,133,222,255,221,118,-25,-163,-260,-290,-245,-131,24,182,293,327,277,149,-23,-203,-331,-373,-320,-174,27,225,366,421,366,201,-28,-253,-412,-464,-393,-216,21,267,443,498,419,226,-33,-292,-476,-533,-441,-229,47,317,507,557,458,232,-66,-342,-522,-569,-458,-209,97,371,549,571,436,189,-119,-394,-560,-569,-420,-154,154,416,561,545,379,107,-200,-453,-574,-529,-336,-47,258,485,573,499,281,-21,-315,-525,-584,0,-236,88,392,580,595,444,168,-171,-465,-627,-615,-431,-114,240,531,683,647,428,79,-302,-602,-735,-666,-413,-37,359,653,764,665,381,-7,-403,-696,-797,-672,-358,58,467,745,818,660,310,-126,-523,-788,-844,-657,-281,170,576,832,860,651,258,-209,-622,-869,-877,-648,-237,241,651,887,889,646,221,-266,-670,-888,-869,-620,-209,250,648,867,848,605,205,-247,-617,-814,-795,-574,-194,229,578,766,752,538,184,-206,-537,-723,-705,-504,-187,177,489,660,661,500,208,-129,-416,-594,-627,-502,-251,50,328,521,585,508,321,73,-177,-381,-494,-502,-408,-245,-59,112,236,299,0,0,0,0,0,-50,27,115,197,251,263,218,126,-4,-146,-263,-324,-315,-233,-94,75,237,348,372,303,155,-39,-233,-372,-421,-369,-214,9,237,413,481,424,254,4,-253,-452,-549,-500,-307,-27,272,509,625,570,358,53,-274,-546,-682,-639,-420,-80,286,587,738,696,471,116,-275,-606,-785,-745,-503,-128,285,626,800,758,513,133,-287,-638,-819,-773,-522,-128,296,640,809,756,492,97,-318,-650,-802,-740,-471,-63,355,671,800,705,421,16,-393,-688,-792,-678,-372,34,435,709,784,643,317,-98,-484,-738,-783,-608,-264,148,525,757,779,578,216,-208,-577,-784,-763,-531,-154,274,621,0,746,486,88,-340,-678,-826,-736,-435,-18,417,737,848,725,394,-53,-479,-781,-869,-709,-349,114,548,839,894,690,295,-180,-611,-888,-920,-689,-268,230,667,918,921,670,237,-270,-703,-934,-907,-643,-199,309,728,933,888,605,156,-326,-716,-914,-851,-552,-107,351,710,877,799,500,69,-373,-702,-828,-730,-435,-28,382,678,781,666,372,-13,-386,-652,-732,-604,-314,55,396,622,671,535,254,-86,-389,-578,-607,-475,-220,92,373,544,558,427,181,-108,-358,-500,-506,-373,-143,114,322,440,445,329,124,-108,-302,-407,-394,-279,-103,95,265,353,341,245,93,-79,-230,-315,-307,0,0,0,0,0,83,197,255,245,167,47,-79,-183,-236,-220,-141,-27,89,178,215,193,117,8,-98,-174,-206,-186,-107,6,111,190,222,188,102,-11,-125,-214,-248,-207,-109,13,148,245,273,230,123,-24,-171,-277,-309,-261,-140,27,193,314,354,301,164,-25,-214,-351,-396,-336,-182,28,240,397,451,379,197,-38,-263,-430,-490,-415,-225,32,285,460,514,432,230,-38,-302,-491,-542,-447,-231,52,327,517,562,454,221,-80,-360,-542,-575,-450,-205,96,382,556,571,429,169,-135,-404,-560,-561,-402,-129,177,432,570,548,364,69,-236,-467,-573,-511,-306,-19,284,506,580,489,259,-43,0,-547,-592,-464,-201,132,426,600,606,441,143,-204,-500,-654,-631,-426,-98,265,566,710,663,420,45,-333,-625,-752,-671,-403,-15,381,672,784,673,372,-33,-430,-721,-809,-669,-341,90,499,775,836,662,299,-149,-563,-817,-846,-644,-264,194,610,860,871,641,237,-233,-643,-888,-886,-640,-229,249,667,897,880,628,209,-251,-646,-876,-864,-620,-214,247,635,849,834,588,196,-238,-601,-798,-776,-551,-188,218,557,740,727,522,187,-190,-507,-688,-681,-500,-194,154,450,630,645,489,220,-93,-377,-563,-604,-499,-280,0,270,462,549,518,378,159,-71,-262,-390,-434,-390,-288,-160,0,0,0,0,0,-180,-206,-193,-133,-40,72,183,268,306,279,184,44,-115,-254,-335,-342,-274,-131,57,233,357,395,332,184,-20,-226,-384,-451,-398,-232,-5,235,429,508,459,287,16,-267,-487,-588,-536,-332,-34,277,527,656,611,395,66,-284,-571,-714,-668,-443,-94,294,608,759,720,490,121,-284,-619,-797,-756,-512,-140,282,631,801,763,517,126,-297,-633,-806,-764,-506,-115,315,656,811,752,484,84,-336,-659,-801,-719,-444,-46,371,681,793,691,400,-10,-414,-695,-787,-659,-346,65,458,725,784,622,288,-128,-511,-744,-773,-589,-239,176,544,763,770,554,178,-243,-600,-787,-751,-508,0,304,643,805,740,460,46,-379,-701,-831,-727,-419,15,450,761,858,711,363,-90,-524,-818,-887,-709,-330,151,593,868,905,686,275,-208,-642,-907,-917,-675,-248,253,686,934,926,662,215,-286,-708,-930,-900,-624,-172,323,715,913,868,579,138,-341,-720,-895,-821,-524,-95,357,710,859,765,469,48,-377,-689,-808,-702,-404,-4,388,666,754,628,334,-40,-400,-643,-701,-565,-286,64,394,608,647,508,234,-92,-384,-562,-586,-452,-198,102,367,521,528,395,163,-104,-338,-474,-476,-351,-138,109,314,427,422,305,109,-106,-284,-380,-376,-274,-102,89,251,334,324,236,90,-82,0,0
10638,mtk,MTK 7916,4081463148,rx0-tx0,512,-172,-405,-317,830,782,675,513,312,93,-134,-339,-525,-676,-774,-805,-787,-700,-558,-379,-170,59,292,516,691,813,876,858,775,624,420,174,-93,-356,-593,-779,-903,-949,-903,-779,-600,-363,-77,214,465,675,837,921,917,837,683,470,232,-27,-279,-493,-674,-784,-827,-805,-717,-570,-379,-163,53,265,444,594,686,721,695,619,494,333,147,-52,-230,-391,-514,-591,-622,-615,-545,-438,-300,-134,28,197,339,452,534,566,541,480,382,242,101,-46,-192,-314,-399,-456,-470,-438,-380,-287,-185,-56,59,163,246,310,346,346,321,281,215,144,63,-12,-83,-150,-200,-238,-263,-256,-241,-209,-161,-588,-42,30,102,155,198,232,240,225,181,136,89,32,-32,-89,-134,-168,-170,-170,-153,-118,-80,-45,-7,26,56,67,60,56,38,29,17,14,14,32,63,90,106,129,127,114,75,24,-44,-128,-217,-276,-327,-346,-317,-252,-163,-32,100,236,363,463,513,514,465,349,194,20,-166,-337,-483,-593,-632,-614,-538,-396,-206,2,216,402,555,654,686,654,545,386,199,-16,-237,-422,-572,-653,-670,-625,-521,-371,-176,36,233,403,526,598,612,557,454,312,136,-55,-223,-370,-484,-541,-540,-480,-376,-234,-60,120,273,401,473,485,430,320,168,-7,-164,-282,-339,-330,-265,-489,-500,765,-710,-414,299,327,292,189,43,-134,-293,-416,-482,-482,-408,-285,-122,68,250,405,511,562,550,475,342,172,-17,-210,-386,-517,-586,-602,-555,-445,-284,-96,98,291,446,558,616,600,527,403,233,46,-129,-294,-428,-509,-540,-518,-445,-340,-200,-57,89,211,309,369,394,388,348,282,203,116,32,-57,-119,-186,-235,-264,-276,-268,-240,-209,-166,-100,-31,28,90,156,201,234,253,262,250,213,163,92,25,-49,-121,-174,-229,-267,-279,-268,-255,-211,-164,-94,-11,63,139,199,256,292,324,318,284,236,170,89,-1,-107,-200,-281,-359,-416,-427,-405,-355,-261,-150,-20,121,257,376,-291,519,541,512,435,314,175,4,-171,-344,-488,-587,-645,-650,-594,-492,-335,-162,35,239,425,582,684,742,734,657,534,360,145,-81,-302,-513,-676,-787,-835,-818,-735,-596,-400,-157,100,342,583,777,913,974,946,846,663,426,140,-157,-455,-715,-930,-1066,-1109,-1055,-915,-705,-414,-81,266,592,873,1087,1209,1222,1129,940,669,320,-50,-422,-764,-1029,-1220,-1298,-1254,-1110,-852,-534,-170,214,577,900,1132,1264,1287,1195,991,712,368,-9,-378,-707,-972,-1159,-1230,-1191,-1048,-824,-524,-194,151,485,763,967,1080,1100,1028,869,642,369,63,-236,-499,-719,-874,-957,-957,-864,-726,-524,-281,-24,-1213,-1126,126,295,401,-43,-269,-477,-642,-754,-806,-795,-727,-614,-446,-238,-21,200,415,593,721,807,824,786,676,511,307,61,-195,-435,-640,-798,-893,-912,-851,-716,-516,-275,8,284,537,738,888,954,925,815,652,422,153,-127,-381,-606,-762,-858,-883,-827,-704,-529,-301,-70,170,384,567,695,759,765,709,598,448,250,49,-158,-339,-493,-601,-663,-666,-619,-529,-388,-225,-50,126,291,422,533,589,601,559,468,349,213,52,-110,-253,-390,-473,-507,-511,-474,-393,-283,-154,-10,125,236,323,380,409,395,360,290,208,106,6,-80,-164,-229,-275,-294,-287,-268,-231,-180,-126,-53,19,81,146,196,321,245,243,220,176,130,69,2,-68,-130,-168,-200,-210,-207,-179,-147,-91,-30,17,68,95,113,121,119,99,73,44,30,13,1,1,7,12,27,45,46,29,8,-22,-68,-121,-168,-206,-228,-231,-192,-124,-45,66,182,284,377,430,431,392,307,183,29,-131,-300,-447,-537,-585,-576,-501,-377,-202,-4,187,375,533,633,675,644,543,394,196,-13,-230,-423,-570,-664,-695,-653,-540,-387,-186,25,234,409,549,632,647,595,486,335,156,-43,-228,-384,-505,-578,-576,-513,-416,-272,-102,75,238,372,471,518,495,419,297,139,-35,-203,-334,-419,-434,-376,-267,-119,28,147,-103,46,-436,949,1097,59,-71,-220,-341,-419,-422,-351,-226,-59,130,303,433,518,535,484,373,215,33,-160,-334,-473,-559,-586,-557,-462,-312,-128,68,263,428,547,606,611,552,430,267,74,-125,-295,-441,-544,-580,-558,-491,-366,-212,-43,131,271,379,453,478,462,396,306,190,78,-42,-152,-237,-291,-314,-322,-303,-266,-222,-155,-93,-25,44,104,157,206,243,254,254,253,218,169,113,51,-20,-99,-163,-220,-257,-273,-271,-241,-204,-155,-90,-8,54,125,187,234,278,288,282,258,219,165,96,20,-76,-155,-230,-292,-336,-365,-368,-328,-275,-191,-76,52,168,283,377,438,473,474,433,344,374,86,-63,-221,-366,-478,-560,-600,-587,-526,-404,-253,-76,115,297,467,595,671,703,665,577,434,250,49,-178,-379,-548,-686,-771,-788,-746,-634,-465,-262,-38,204,428,630,791,892,904,849,727,533,295,21,-256,-521,-754,-925,-1029,-1035,-961,-797,-570,-275,46,370,659,909,1087,1168,1146,1027,824,544,203,-161,-516,-823,-1072,-1223,-1267,-1209,-1032,-762,-432,-46,324,678,977,1180,1297,1283,1159,929,619,267,-112,-487,-816,-1065,-1223,-1272,-1204,-1032,-783,-458,-96,268,599,874,1072,1159,1161,1052,854,588,281,-45,-359,-639,-851,-986,-1035,-990,-874,-685,-446,-174,109,364,580,756,862,894,89,435
10639,mtk,MTK 7916,4081463148,rx0-tx1,512,379,975,990,-406,-609,-771,-867,-890,-833,-705,-518,-290,-16,264,523,747,913,1000,1003,916,750,515,230,-76,-383,-661,-890,-1046,-1112,-1075,-951,-743,-463,-141,197,515,797,1014,1144,1172,1104,943,687,378,42,-306,-626,-897,-1087,-1183,-1189,-1089,-890,-625,-309,42,380,691,943,1110,1190,1159,1041,837,560,240,-94,-429,-719,-950,-1105,-1153,-1117,-985,-775,-492,-183,142,460,730,938,1067,1099,1052,911,701,436,133,-172,-464,-711,-894,-998,-1025,-970,-828,-625,-378,-98,180,435,651,819,916,934,872,751,576,345,99,-155,-389,-590,-747,-841,-864,-824,-723,-559,-353,-129,109,346,549,713,821,859,824,-430,591,373,134,-115,-358,-572,-742,-857,-895,-864,-752,-573,-345,-89,187,445,658,833,919,928,859,702,494,242,-42,-318,-564,-761,-891,-936,-893,-776,-585,-350,-89,180,429,636,785,856,853,777,628,434,196,-51,-285,-491,-640,-734,-758,-719,-616,-470,-282,-79,129,307,453,568,630,626,577,484,350,190,32,-134,-283,-404,-488,-531,-524,-474,-386,-273,-143,-3,131,257,353,423,451,434,390,304,201,87,-35,-147,-248,-320,-366,-381,-359,-304,-226,-132,-27,74,163,241,295,321,315,280,218,140,50,-45,-134,-209,-262,-282,-271,-228,-158,-71,26,114,176,211,207,169,109,512,732,481,213,285,-234,-291,-286,-224,-117,19,161,284,370,410,392,327,220,82,-69,-212,-331,-412,-457,-454,-407,-313,-194,-49,105,246,370,463,510,509,463,377,240,85,-82,-254,-400,-515,-589,-611,-574,-476,-343,-165,32,230,412,564,660,696,673,588,441,243,21,-198,-412,-579,-711,-770,-756,-669,-512,-321,-92,155,376,568,701,761,761,692,552,373,149,-79,-287,-486,-621,-699,-719,-664,-557,-412,-230,-29,163,341,484,581,619,613,554,451,312,151,-14,-181,-322,-439,-515,-547,-535,-476,-380,-262,-124,21,156,275,378,440,468,469,433,360,260,149,20,-106,-222,-325,-399,-444,-455,230,-380,-294,-191,-65,75,198,307,395,455,477,456,404,317,199,68,-70,-196,-318,-406,-464,-480,-457,-397,-303,-191,-57,78,201,310,391,436,451,428,369,287,173,61,-60,-171,-264,-331,-372,-388,-376,-333,-269,-189,-100,-8,79,157,229,276,308,324,322,297,253,196,123,45,-38,-126,-209,-274,-326,-363,-376,-364,-325,-254,-166,-59,60,169,278,369,429,459,460,423,347,241,113,-30,-174,-298,-414,-495,-537,-532,-493,-410,-298,-155,5,162,311,439,535,588,599,563,479,352,196,23,-152,-329,-475,-590,-658,-672,-636,-550,-412,-233,-40,164,360,524,660,742,762,716,-200,-59,11,176,-114,-742,-600,-403,-168,89,344,574,758,892,953,923,814,643,402,120,-174,-463,-711,-912,-1030,-1063,-1002,-853,-629,-345,-23,297,595,851,1035,1131,1129,1032,844,583,263,-78,-415,-725,-968,-1119,-1185,-1153,-1018,-795,-500,-172,172,512,800,1018,1157,1195,1129,975,735,437,101,-244,-562,-840,-1044,-1155,-1172,-1091,-916,-674,-368,-39,285,587,846,1031,1119,1125,1030,851,612,315,-2,-314,-599,-824,-987,-1060,-1047,-952,-774,-539,-267,24,315,579,777,921,982,958,857,696,480,226,-44,-299,-520,-711,-837,-893,-882,-794,-650,-456,-227,13,248,466,648,771,837,844,779,653,474,256,14,-228,-1099,-642,-787,-858,-870,-807,-672,-485,-250,6,268,515,712,847,916,910,808,651,430,162,-105,-378,-613,-789,-904,-932,-877,-749,-555,-306,-23,251,504,710,843,905,885,783,611,383,129,-126,-369,-572,-723,-807,-814,-757,-632,-455,-240,-12,208,398,550,654,698,673,591,476,326,144,-42,-210,-364,-485,-553,-572,-557,-483,-377,-240,-90,63,206,329,418,475,487,460,395,299,183,48,-82,-204,-305,-367,-404,-402,-369,-307,-220,-120,-8,104,200,279,327,348,331,292,227,141,44,-56,-145,-219,-270,-296,-294,-258,-200,-119,-27,66,151,213,251,251,216,152,71,-18,-90,-136,844,656,-407,-234,-112,-102,-3,126,246,333,370,345,266,149,5,-146,-275,-377,-433,-439,-395,-308,-188,-48,101,245,360,442,486,479,427,336,208,54,-104,-252,-387,-493,-543,-561,-515,-422,-289,-126,59,247,410,536,630,658,628,537,391,203,-1,-210,-413,-585,-701,-743,-722,-630,-480,-288,-59,173,402,586,711,778,761,674,536,336,115,-112,-343,-528,-668,-742,-739,-685,-567,-388,-192,27,235,405,544,641,672,644,560,428,267,86,-92,-270,-407,-516,-567,-583,-546,-463,-345,-200,-52,96,239,353,439,491,503,471,413,316,193,70,-59,-185,-298,-381,-438,-461,-445,-399,-325,-224,-108,20,-198,259,352,421,466,464,421,353,257,139,2,-133,-258,-363,-440,-480,-480,-443,-370,-261,-135,9,146,271,367,435,471,466,423,344,235,114,-8,-136,-242,-335,-391,-417,-416,-377,-311,-224,-125,-20,84,177,250,307,342,352,335,299,246,175,102,20,-63,-143,-207,-265,-305,-329,-337,-325,-285,-225,-152,-65,32,131,228,310,373,419,425,398,346,259,150,26,-106,-235,-349,-434,-489,-513,-484,-426,-331,-206,-57,92,237,368,469,544,568,551,490,388,253,95,-69,-235,-387,-512,-598,-631,-623,-561,-452,-306,-130,61,251,422,567,661,709,705,636,515,356,155,-63,-284,-237,-306
10640,mtk,MTK 7916,4081463148,rx1-tx0,512,-13,-602,-314,526,418,266,91,-93,-274,-428,-530,-588,-584,-515,-396,-236,-60,129,303,451,556,602,584,511,391,232,49,-142,-319,-466,-566,-616,-605,-538,-422,-256,-76,117,301,459,582,645,658,610,501,345,155,-50,-259,-441,-589,-688,-726,-704,-620,-471,-279,-63,171,391,583,720,809,812,752,622,426,186,-70,-328,-565,-754,-878,-916,-884,-765,-576,-329,-38,253,520,744,906,980,971,871,691,442,157,-148,-436,-676,-863,-973,-995,-925,-776,-563,-297,-13,267,524,735,876,945,935,843,681,461,213,-54,-324,-561,-751,-880,-933,-913,-826,-663,-448,-198,73,348,597,797,938,1000,973,231,702,452,156,-154,-454,-732,-942,-1083,-1131,-1078,-926,-686,-384,-41,312,650,935,1145,1240,1230,1109,883,573,211,-183,-562,-900,-1163,-1315,-1346,-1264,-1067,-764,-396,21,432,803,1106,1323,1416,1372,1212,937,589,167,-265,-668,-1032,-1290,-1444,-1467,-1363,-1128,-789,-373,85,535,944,1271,1486,1557,1487,1277,942,516,27,-458,-914,-1278,-1510,-1604,-1538,-1311,-964,-519,-26,472,904,1252,1479,1533,1441,1205,849,422,-50,-495,-873,-1148,-1307,-1332,-1224,-991,-672,-297,90,460,776,986,1103,1110,993,782,490,163,-176,-476,-722,-891,-948,-899,-749,-499,-207,98,391,620,753,769,670,467,208,-65,-288,-411,-488,-685,101,565,469,-329,-466,-525,-481,-342,-123,126,372,565,686,716,640,480,253,-6,-264,-500,-681,-795,-812,-750,-605,-385,-127,161,431,661,832,920,926,828,648,392,95,-221,-535,-798,-991,-1080,-1080,-967,-755,-463,-106,263,610,908,1127,1240,1233,1107,871,546,150,-266,-654,-993,-1235,-1374,-1380,-1252,-990,-636,-218,226,660,1027,1313,1460,1470,1337,1068,704,266,-200,-644,-1027,-1314,-1473,-1482,-1367,-1119,-757,-339,113,557,932,1217,1395,1437,1344,1139,826,442,28,-383,-754,-1060,-1255,-1351,-1322,-1160,-910,-587,-202,182,559,887,1124,1255,1287,1203,1014,733,387,26,-340,-683,-965,-1158,-1242,-1227,-1115,-897,-598,-49,104,472,793,1040,1209,1258,1213,1064,815,496,124,-258,-621,-937,-1168,-1306,-1331,-1232,-1012,-713,-339,73,479,854,1137,1333,1407,1353,1164,872,495,75,-352,-749,-1083,-1307,-1408,-1385,-1229,-965,-609,-202,226,632,968,1212,1342,1354,1229,993,681,307,-94,-471,-802,-1052,-1209,-1242,-1168,-993,-730,-400,-44,301,614,864,1028,1096,1069,948,736,469,162,-147,-431,-679,-862,-956,-956,-882,-733,-517,-265,17,282,516,697,813,856,816,698,522,305,66,-181,-399,-579,-696,-748,-733,-648,-509,-322,-105,116,323,491,605,661,660,591,467,309,112,-90,-279,-440,-550,-612,-609,-546,-439,-286,-102,83,90,339,221,-468,-713,-255,-409,-521,-579,-581,-524,-409,-258,-85,111,292,444,544,591,583,513,398,237,48,-144,-319,-460,-559,-606,-594,-525,-403,-239,-56,137,312,471,579,631,631,568,458,300,114,-84,-281,-451,-583,-664,-692,-653,-552,-404,-209,3,217,418,590,705,770,764,687,545,353,127,-124,-360,-580,-747,-844,-868,-820,-695,-502,-256,18,290,550,754,903,966,936,823,637,385,97,-202,-482,-723,-891,-982,-985,-893,-726,-499,-222,69,357,608,808,933,972,930,809,616,375,111,-163,-429,-655,-822,-908,-936,-876,-746,-560,-328,-66,198,455,673,832,928,955,903,766,571,322,41,-248,-568,-751,-942,-1044,-1056,-983,-816,-573,-282,45,376,693,945,1121,1189,1164,1026,798,481,118,-250,-610,-921,-1150,-1279,-1293,-1190,-983,-678,-303,101,496,860,1143,1327,1390,1321,1132,845,486,64,-355,-754,-1079,-1315,-1436,-1414,-1284,-1031,-683,-275,164,596,978,1273,1464,1519,1429,1208,876,455,-10,-481,-912,-1264,-1505,-1592,-1524,-1316,-967,-534,-42,457,909,1266,1504,1592,1508,1267,918,472,-14,-479,-900,-1216,-1408,-1448,-1333,-1089,-756,-353,67,473,815,1062,1198,1207,1101,879,578,242,-120,-453,-735,-928,-1019,-998,-871,-662,-378,-60,252,538,749,854,859,752,540,264,-38,-318,-527,-630,-613,-482,-290,554,252,-164,71,331,-291,-149,70,296,495,616,636,558,387,160,-109,-363,-576,-716,-767,-729,-611,-418,-173,98,358,589,760,854,863,775,613,379,101,-198,-489,-732,-915,-1001,-1005,-897,-699,-423,-101,237,571,850,1056,1167,1153,1033,805,497,124,-266,-633,-951,-1185,-1316,-1305,-1176,-929,-584,-182,249,666,1022,1277,1416,1419,1287,1029,672,238,-214,-657,-1042,-1322,-1483,-1484,-1354,-1096,-734,-293,163,600,988,1273,1430,1466,1357,1120,784,377,-61,-480,-852,-1154,-1331,-1395,-1326,-1155,-866,-511,-115,297,672,966,1194,1306,1303,1191,965,654,297,-79,-455,-780,-1048,-1202,-1263,-1216,-1066,-813,-490,-126,234,582,882,1100,425,1251,1164,969,706,372,1,-361,-707,-986,-1183,-1285,-1267,-1149,-921,-609,-241,158,547,885,1148,1322,1369,1299,1098,798,432,12,-411,-798,-1109,-1325,-1418,-1380,-1218,-929,-554,-138,292,696,1033,1274,1389,1382,1243,991,651,259,-159,-553,-884,-1130,-1283,-1303,-1208,-1001,-712,-361,18,386,709,966,1128,1177,1123,971,732,438,110,-217,-524,-773,-944,-1032,-1017,-917,-742,-501,-217,74,345,588,770,882,909,849,718,522,293,34,-224,-451,-628,-747,-800,-774,-674,-519,-313,-90,141,353,523,650,704,698,620,488,313,114,-97,-294,-454,-573,-640,-635,-572,-450,-294,-113,86,266,418,532,589,585,-560,-443
10641,mtk,MTK 7916,4081463148,rx1-tx1,512,0,0,0,356,31,-324,-605,-732,-684,-471,-140,224,530,718,731,563,266,-95,-437,-674,-743,-632,-369,-18,335,610,736,680,456,116,-249,-559,-730,-718,-531,-220,153,489,703,741,593,297,-59,-414,-675,-768,-661,-389,-27,346,647,779,722,490,127,-264,-593,-781,-776,-584,-246,163,532,773,824,686,375,-31,-431,-724,-845,-768,-499,-113,298,638,824,818,616,269,-143,-521,-772,-832,-700,-404,-8,384,674,810,751,505,155,-226,-553,-748,-764,-598,-294,63,392,630,715,629,403,90,-229,-487,-621,-595,-439,-186,103,344,488,515,415,218,-20,-246,-390,-417,-341,-186,13,194,316,356,0,140,-38,-209,-315,-327,-246,-100,86,255,357,367,282,117,-104,-302,-428,-456,-373,-190,47,286,473,553,497,321,72,-201,-437,-578,-584,-450,-219,69,347,544,612,543,347,72,-213,-448,-577,-563,-418,-181,99,345,506,550,458,249,-19,-267,-450,-528,-469,-291,-47,212,415,515,491,344,111,-147,-380,-523,-537,-417,-200,61,315,500,566,498,321,69,-206,-432,-556,-553,-421,-201,56,304,480,546,487,315,79,-160,-359,-480,-485,-376,-199,21,235,384,439,393,266,85,-115,-283,-380,-394,-318,-173,1,172,306,370,358,279,149,-12,-166,-281,-338,-342,-292,-198,-91,14,0,0,0,0,0,-36,-127,-211,-285,-319,-305,-241,-124,28,185,323,414,427,361,227,46,-158,-338,-457,-487,-415,-256,-40,190,394,520,543,448,247,-13,-272,-477,-597,-588,-450,-205,91,371,577,659,605,419,132,-189,-478,-663,-701,-586,-347,-30,294,552,689,685,525,240,-93,-395,-610,-685,-602,-391,-80,243,493,626,616,472,218,-93,-378,-562,-618,-532,-315,-23,275,498,599,564,387,115,-172,-410,-554,-575,-454,-220,57,312,488,558,486,299,45,-217,-429,-531,-500,-347,-114,137,356,491,496,377,175,-70,-303,-453,-490,-414,-226,18,255,434,498,436,272,37,-209,-408,-505,-479,-336,0,146,377,517,524,399,183,-82,-336,-506,-548,-460,-254,9,265,462,552,503,320,65,-207,-434,-551,-531,-385,-143,140,390,544,563,436,200,-89,-360,-548,-601,-497,-268,33,326,541,625,556,350,57,-265,-532,-668,-637,-449,-149,191,489,670,684,532,252,-95,-434,-672,-740,-628,-374,-19,352,625,748,689,470,133,-233,-553,-743,-750,-586,-272,106,447,686,757,643,378,25,-334,-606,-729,-677,-457,-128,222,516,679,678,507,209,-132,-441,-634,-667,-542,-283,52,372,596,668,576,343,18,-307,-549,-662,-615,-409,-99,228,499,649,633,463,181,-154,-444,-630,-674,-539,-265,0,0,0,0,0,610,714,645,413,79,-274,-563,-727,-713,-524,-205,161,488,700,742,599,315,-44,-390,-639,-735,-655,-413,-66,292,578,729,701,496,167,-201,-518,-711,-728,-562,-256,114,452,684,747,626,351,-22,-388,-659,-771,-690,-437,-74,312,621,778,754,541,189,-215,-564,-779,-802,-630,-306,97,486,757,844,725,439,48,-357,-678,-841,-799,-562,-196,216,579,803,833,664,335,-74,-457,-731,-833,-732,-457,-87,306,613,774,752,554,227,-144,-480,-698,-751,-627,-359,-16,316,562,673,620,420,138,-166,-419,-559,-556,-428,-209,52,279,429,470,386,215,3,-206,-345,-380,-312,-167,11,0,302,329,267,122,-61,-230,-330,-338,-260,-101,99,281,397,415,322,144,-79,-302,-455,-505,-442,-261,-6,259,470,571,537,385,144,-142,-404,-570,-611,-511,-284,-1,280,498,598,557,391,133,-155,-401,-547,-562,-441,-219,48,303,482,538,463,271,10,-241,-428,-516,-478,-310,-65,184,395,520,515,382,154,-116,-354,-510,-550,-462,-258,7,265,468,568,533,371,133,-133,-369,-518,-552,-457,-260,-6,241,423,514,492,358,147,-90,-300,-436,-462,-386,-235,-41,169,334,412,399,299,132,-55,-225,-347,-387,-343,-228,-67,107,256,345,373,336,237,104,-39,-161,-243,-280,-272,0,0,0,0,0,219,217,172,90,-19,-147,-263,-350,-387,-357,-260,-110,69,247,389,460,444,340,155,-66,-278,-440,-518,-490,-360,-148,100,336,513,581,522,351,100,-182,-433,-589,-625,-532,-314,-23,284,538,680,670,513,243,-81,-393,-622,-715,-655,-447,-141,190,479,661,691,576,326,4,-310,-541,-658,-622,-435,-150,158,428,601,626,498,259,-36,-315,-522,-609,-541,-338,-63,214,447,578,569,425,181,-109,-362,-531,-575,-477,-262,6,272,473,548,492,322,82,-175,-388,-509,-499,-364,-148,104,326,465,494,400,207,-43,-286,-453,-503,-418,-239,-5,232,418,508,463,304,73,-184,-393,0,-503,-369,-149,115,360,505,527,427,221,-49,-308,-484,-548,-483,-291,-25,236,449,555,519,368,112,-179,-419,-551,-549,-412,-172,113,371,544,577,457,233,-53,-342,-548,-616,-525,-305,-14,297,544,648,594,398,95,-233,-517,-674,-661,-485,-195,150,464,673,719,588,310,-41,-388,-651,-758,-676,-425,-79,289,590,749,733,531,205,-170,-506,-716,-756,-619,-329,39,394,650,755,677,425,82,-273,-568,-710,-669,-477,-170,177,475,654,673,529,250,-98,-414,-621,-674,-557,-308,7,325,567,660,588,369,55,-265,-529,-660,-622,-435,-144,186,476,648,655,502,222,-113,-427,-629,0,0
10642,mtk,MTK 7916,4081463148,rx2-tx0,512,0,0,0,-279,-53,200,409,516,487,336,97,-171,-392,-521,-524,-394,-161,113,359,520,549,441,220,-57,-323,-516,-583,-493,-275,12,294,509,601,540,338,50,-252,-500,-623,-586,-396,-102,218,490,646,637,458,162,-185,-491,-681,-701,-541,-242,128,475,715,779,638,337,-52,-442,-733,-850,-758,-472,-64,368,721,904,873,627,217,-246,-655,-919,-965,-769,-390,85,550,885,1007,889,562,96,-398,-799,-1009,-977,-708,-273,221,660,949,1007,816,435,-42,-514,-859,-990,-876,-558,-119,348,736,940,913,660,256,-199,-604,-860,-910,-734,-379,62,483,779,880,765,464,54,-369,-701,-858,-799,0,-153,271,629,824,813,606,239,-191,-571,-812,-858,-695,-358,80,498,797,908,794,489,61,-390,-759,-947,-908,-645,-227,250,668,935,983,797,413,-71,-546,-899,-1038,-928,-600,-124,390,810,1037,1029,777,338,-184,-662,-989,-1089,-933,-555,-49,472,887,1089,1041,754,292,-241,-720,-1034,-1106,-920,-529,-21,488,875,1067,1020,736,289,-212,-658,-950,-1026,-869,-510,-50,402,755,934,897,665,290,-145,-533,-787,-858,-729,-443,-71,307,603,758,740,554,253,-94,-410,-625,-693,-610,-398,-111,194,452,605,624,518,310,38,-234,-445,-562,-571,-476,-304,-89,130,309,419,452,415,325,205,0,0,0,0,0,-236,-122,28,205,376,502,555,514,374,154,-111,-373,-576,-670,-633,-471,-206,122,438,670,765,700,480,144,-244,-585,-811,-871,-739,-429,-14,421,784,985,970,737,332,-173,-659,-1001,-1133,-1021,-673,-160,402,888,1188,1233,1004,541,-56,-648,-1106,-1326,-1257,-900,-335,315,900,1279,1376,1170,695,62,-588,-1099,-1366,-1330,-993,-430,227,829,1235,1363,1176,726,111,-526,-1034,-1299,-1264,-939,-404,216,782,1163,1262,1066,625,51,-526,-972,-1193,-1129,-796,-287,282,775,1080,1130,916,488,-45,-563,-943,-1091,-978,-638,-157,352,776,1010,991,744,323,-171,-616,-903,-975,-811,-458,3,454,789,931,0,560,143,-300,-668,-877,-867,-643,-273,159,550,805,858,708,386,-25,-421,-710,-820,-733,-468,-94,299,616,779,745,527,184,-198,-522,-716,-733,-570,-267,102,436,655,717,600,326,-13,-341,-583,-678,-600,-376,-60,267,520,636,590,396,106,-207,-464,-594,-572,-411,-145,162,418,560,565,426,171,-125,-379,-536,-557,-438,-209,76,344,518,561,464,248,-29,-299,-489,-553,-478,-291,-30,244,454,542,496,323,71,-196,-411,-515,-489,-345,-113,148,362,484,486,358,141,-104,-321,-457,-477,-374,-173,71,289,433,466,379,194,-39,-265,-425,-469,-395,-224,7,237,402,469,412,251,0,0,0,0,0,-407,-498,-465,-309,-73,184,400,515,503,367,131,-141,-380,-524,-542,-423,-200,83,346,517,561,467,249,-37,-312,-509,-583,-514,-308,-21,274,504,613,559,364,74,-242,-499,-637,-611,-428,-130,205,498,669,667,498,196,-165,-490,-695,-733,-588,-288,91,458,723,813,693,394,-6,-413,-734,-887,-817,-542,-137,311,698,922,923,696,300,-169,-605,-902,-989,-839,-484,-4,474,839,1007,931,633,185,-310,-736,-979,-990,-768,-361,135,599,909,995,848,502,38,-432,-796,-966,-899,-617,-188,280,671,898,910,701,323,-127,-541,-818,-888,-745,-421,9,426,733,856,772,497,100,-321,0,-843,-809,-572,-196,229,599,819,838,652,298,-132,-534,-808,-890,-749,-418,14,442,772,924,854,569,137,-333,-727,-947,-943,-716,-316,172,625,926,1017,870,500,11,-479,-867,-1053,-987,-689,-232,285,740,1024,1065,860,446,-72,-570,-940,-1099,-995,-656,-166,364,811,1069,1083,849,413,-117,-612,-969,-1104,-988,-646,-161,352,780,1026,1036,815,415,-71,-532,-862,-987,-888,-599,-178,273,648,864,881,702,372,-33,-416,-699,-814,-741,-511,-167,202,510,695,722,592,336,5,-311,-548,-662,-629,-462,-207,83,347,535,609,560,400,168,-81,-306,-468,-537,-512,-407,-245,-65,97,220,292,0,0,0,0,0,-286,-393,-447,-433,-344,-180,37,265,466,595,620,525,326,50,-251,-513,-677,-713,-595,-339,-2,349,638,799,795,611,280,-124,-512,-806,-939,-866,-587,-161,312,732,1008,1064,880,499,-11,-540,-963,-1179,-1138,-837,-341,241,785,1166,1295,1134,720,137,-492,-1021,-1324,-1334,-1052,-526,128,746,1199,1391,1269,856,248,-415,-977,-1316,-1359,-1095,-585,58,682,1143,1346,1242,845,257,-370,-905,-1231,-1267,-1011,-526,80,661,1075,1235,1108,725,177,-400,-879,-1145,-1136,-868,-397,163,673,1013,1110,947,564,52,-464,-861,-1053,-994,-701,-244,270,700,955,990,786,395,-78,-532,-853,-961,-837,-515,-80,0,729,900,855,606,214,-223,-604,-839,-863,-673,-328,94,489,756,839,720,429,33,-366,-666,-805,-746,-503,-142,250,572,747,740,555,235,-143,-477,-689,-726,-581,-299,53,389,622,695,596,354,27,-303,-552,-656,-594,-388,-87,234,489,615,584,407,125,-180,-435,-576,-574,-423,-162,140,404,554,563,430,189,-102,-361,-529,-562,-450,-228,53,318,503,560,474,267,-2,-270,-467,-544,-487,-306,-46,219,423,524,488,330,96,-163,-383,-502,-491,-355,-130,122,339,471,481,370,168,-79,-305,-447,-471,-373,-184,49,274,422,462,386,208,-27,-253,-413,-466,-404,-236,-5,231,407,0,0
10643,mtk,MTK 7916,4081463148,rx2-tx1,512,0,0,0,305,189,32,-130,-252,-307,-292,-217,-93,48,172,256,276,236,142,14,-112,-207,-254,-241,-174,-63,61,170,239,252,207,113,-6,-124,-222,-269,-255,-185,-71,62,189,273,297,261,161,20,-124,-250,-328,-334,-260,-130,33,197,322,383,359,260,101,-93,-272,-394,-427,-368,-233,-44,169,352,457,464,371,199,-29,-256,-426,-505,-475,-338,-128,119,348,502,546,473,290,34,-235,-447,-564,-559,-427,-198,76,340,523,589,523,347,85,-204,-448,-582,-587,-457,-223,58,334,529,597,533,348,81,-200,-440,-574,-572,-441,-209,78,346,524,587,512,309,33,-250,-478,-591,-560,0,-141,158,420,582,607,486,246,-57,-353,-571,-657,-596,-390,-78,252,535,699,694,534,251,-103,-444,-678,-767,-677,-428,-83,292,601,778,788,604,279,-116,-496,-758,-848,-749,-473,-82,329,676,874,870,663,306,-123,-535,-828,-929,-832,-548,-132,315,689,914,939,751,402,-40,-483,-814,-955,-888,-629,-231,211,597,849,916,786,480,71,-344,-673,-847,-833,-638,-302,89,448,701,797,713,477,141,-216,-518,-692,-711,-578,-321,1,309,542,655,619,457,204,-89,-359,-542,-602,-539,-368,-128,132,359,513,556,489,331,119,-103,-296,-431,-484,-451,-349,-200,-37,111,225,287,296,0,0,0,0,0,-42,11,75,143,202,228,221,176,99,1,-108,-208,-270,-281,-249,-169,-40,107,223,299,326,277,164,18,-143,-279,-362,-369,-294,-155,29,217,362,426,409,303,113,-115,-325,-467,-509,-439,-274,-37,219,432,563,571,447,227,-50,-330,-545,-642,-602,-427,-156,158,446,638,690,588,358,45,-287,-557,-704,-697,-534,-245,106,425,656,739,655,423,89,-265,-561,-728,-731,-572,-281,78,418,664,758,676,442,102,-262,-567,-744,-746,-569,-259,109,454,692,772,675,423,74,-294,-604,-772,-758,-571,-255,129,481,722,795,686,417,47,-338,-648,-807,-779,-569,-224,173,530,767,0,689,387,-5,-396,-699,-841,-785,-543,-170,247,607,834,865,690,354,-71,-484,-790,-916,-823,-546,-135,319,703,923,925,715,340,-118,-563,-882,-1002,-888,-573,-119,366,770,1001,1003,773,366,-124,-587,-922,-1050,-941,-610,-143,351,769,1010,1014,785,387,-94,-555,-887,-1010,-906,-595,-148,320,708,932,941,730,351,-95,-514,-814,-924,-822,-533,-134,289,647,851,854,661,324,-75,-452,-721,-822,-738,-484,-130,242,548,728,743,584,300,-40,-365,-600,-693,-630,-427,-136,176,438,595,616,499,275,-2,-271,-465,-552,-514,-364,-141,102,315,453,484,403,238,32,-170,-330,-412,-398,-300,0,0,0,0,0,164,284,333,304,208,67,-81,-208,-283,-284,-220,-109,21,142,226,263,237,151,34,-87,-187,-247,-250,-190,-91,34,152,233,261,228,148,34,-93,-200,-269,-279,-225,-119,21,159,262,320,308,220,75,-85,-232,-336,-363,-312,-192,-31,143,299,393,401,318,166,-25,-223,-377,-450,-429,-312,-119,104,310,450,491,428,272,51,-190,-397,-510,-516,-412,-208,40,283,473,564,520,353,116,-154,-398,-548,-575,-482,-274,1,278,490,590,558,401,147,-134,-387,-560,-601,-503,-291,-6,271,483,589,559,397,144,-144,-395,-551,-578,-478,-256,33,302,503,590,530,341,79,-200,0,-589,-591,-450,-197,111,398,586,640,549,316,8,-304,-555,-685,-648,-458,-165,177,491,694,739,610,332,-25,-378,-654,-784,-736,-521,-173,215,561,780,819,673,372,-22,-424,-736,-874,-814,-569,-191,232,608,855,907,752,430,2,-434,-775,-935,-892,-654,-266,185,598,879,957,827,524,102,-345,-707,-916,-922,-721,-359,76,480,772,897,823,573,196,-216,-564,-780,-825,-683,-397,-34,330,606,745,725,538,235,-104,-410,-621,-690,-607,-396,-106,204,460,606,623,504,287,19,-247,-458,-567,-558,-435,-225,21,253,430,516,506,413,247,49,-142,-298,-397,-423,-379,-287,-175,-54,0,0,0,0,0,-155,-174,-177,-144,-89,-12,85,172,235,268,251,185,88,-36,-163,-260,-306,-297,-228,-105,42,188,300,348,327,236,83,-94,-255,-369,-406,-361,-227,-36,171,349,456,462,368,190,-45,-281,-459,-538,-508,-360,-128,141,390,557,612,537,334,55,-243,-499,-648,-653,-521,-267,53,368,603,706,651,448,141,-204,-502,-681,-721,-596,-331,9,351,608,740,710,505,191,-171,-495,-702,-743,-621,-358,-10,350,627,752,704,506,187,-182,-510,-714,-755,-631,-352,13,372,643,774,720,497,158,-219,-553,-754,-784,-636,-339,43,411,686,807,734,488,138,-252,-590,-791,-805,-631,-313,0,464,733,830,739,475,94,-316,-653,-838,-822,-615,-266,154,545,812,885,752,442,29,-407,-759,-930,-886,-636,-232,230,644,916,979,813,453,-7,-470,-836,-1009,-956,-682,-250,247,687,967,1033,863,489,3,-480,-855,-1033,-971,-695,-269,224,668,957,1020,849,495,30,-448,-811,-984,-939,-677,-258,213,621,889,948,790,456,19,-408,-729,-888,-843,-607,-239,180,553,791,842,705,410,28,-353,-642,-782,-743,-536,-212,141,454,668,729,616,370,52,-270,-527,-649,-626,-472,-217,78,348,531,586,513,331,76,-188,-398,-504,-499,-392,-200,30,243,395,451,405,268,86,-111,-287,0,0
10644,mtk,MTK 7916,4081495000,rx0-tx0,512,-172,353,514,266,-6,-267,-515,-695,-814,-862,-826,-726,-537,-317,-75,178,414,616,769,842,847,767,612,406,159,-110,-372,-600,-777,-878,-905,-833,-677,-458,-179,103,390,645,825,918,923,837,659,421,139,-153,-437,-653,-812,-890,-884,-779,-592,-361,-89,178,414,609,744,793,775,669,516,303,69,-157,-368,-536,-644,-682,-661,-588,-447,-271,-76,118,294,442,532,575,569,502,393,255,87,-76,-219,-354,-439,-477,-481,-428,-336,-226,-86,48,172,282,356,386,382,333,258,162,61,-42,-131,-205,-256,-270,-259,-232,-178,-116,-58,4,50,93,124,141,141,130,136,118,91,66,40,6,-588,-60,-82,-107,-123,-128,-121,-110,-90,-53,-14,19,58,90,115,118,111,106,92,71,37,7,-18,-38,-50,-62,-69,-75,-73,-69,-74,-84,-83,-72,-62,-38,1,40,94,145,196,227,239,235,190,115,18,-90,-201,-306,-379,-416,-410,-349,-243,-89,77,234,387,504,562,562,489,354,167,-34,-236,-433,-569,-649,-661,-586,-445,-246,-21,212,414,574,666,679,614,482,290,70,-148,-353,-520,-625,-656,-605,-493,-330,-133,82,273,432,536,576,555,465,328,160,-24,-196,-345,-452,-506,-497,-429,-314,-161,7,175,318,420,452,424,334,193,29,-131,-263,-334,-337,-276,-167,-206,-33,765,417,338,42,-80,-205,-301,-345,-324,-245,-112,46,206,340,423,448,406,308,163,-6,-178,-329,-440,-493,-496,-425,-307,-146,39,218,364,473,525,512,445,319,153,-28,-205,-362,-467,-515,-512,-446,-325,-168,0,148,288,388,448,449,404,310,193,67,-63,-175,-262,-310,-330,-320,-272,-202,-132,-57,23,88,151,191,209,216,223,199,161,123,79,24,-35,-86,-138,-175,-205,-214,-218,-196,-147,-105,-54,18,79,138,197,241,256,251,235,202,147,71,-18,-111,-193,-262,-318,-344,-345,-306,-239,-143,-18,101,225,331,407,454,451,413,329,190,38,-126,-283,-415,-514,-566,-559,-498,-291,-219,-33,155,324,485,596,655,646,564,430,251,38,-188,-402,-569,-685,-739,-726,-633,-457,-263,-30,204,424,609,750,800,771,680,518,308,58,-192,-422,-625,-785,-859,-855,-776,-620,-404,-136,150,419,660,850,959,980,894,723,488,201,-120,-446,-727,-945,-1078,-1109,-1025,-832,-567,-224,151,498,817,1074,1211,1235,1123,899,587,205,-214,-608,-929,-1174,-1287,-1279,-1142,-882,-533,-134,294,684,1002,1214,1319,1281,1099,810,446,44,-381,-751,-1030,-1227,-1280,-1201,-1011,-710,-351,33,421,757,1007,1155,1173,1090,891,603,272,-84,-429,-719,-931,-1035,-1047,-957,-782,-533,-232,81,373,629,820,360,430,126,497,376,-856,-882,-846,-716,-517,-286,-29,224,461,660,777,843,827,736,581,364,120,-137,-393,-607,-768,-863,-876,-804,-654,-439,-184,95,379,614,799,900,912,846,674,438,161,-126,-416,-650,-824,-908,-912,-807,-624,-390,-118,169,438,646,788,855,830,727,559,326,74,-176,-399,-578,-706,-748,-723,-628,-473,-281,-68,132,328,486,589,627,610,533,410,251,88,-89,-253,-386,-481,-526,-512,-466,-375,-235,-93,54,202,307,395,441,427,386,301,192,70,-51,-163,-250,-306,-327,-317,-280,-224,-146,-52,26,103,156,187,197,193,173,149,110,67,25,0,-29,-70,-89,-105,-116,-129,321,-109,-97,-72,-39,3,36,66,98,125,130,131,116,92,58,19,-11,-40,-66,-86,-98,-94,-89,-75,-62,-50,-36,-23,-6,4,12,29,55,75,96,131,145,155,156,134,91,22,-53,-136,-219,-280,-325,-330,-307,-233,-122,4,151,285,405,481,494,458,372,224,46,-144,-329,-483,-588,-620,-596,-484,-307,-105,122,335,511,630,675,643,537,376,162,-68,-288,-475,-608,-663,-650,-559,-406,-205,14,224,401,527,600,601,534,412,240,51,-145,-319,-449,-526,-540,-491,-395,-252,-79,97,256,381,460,479,439,341,195,24,-138,-284,-380,-413,-379,-282,-139,12,145,225,506,557,-436,-198,-339,-246,-267,-223,-125,14,162,292,384,410,374,269,124,-42,-203,-342,-441,-479,-450,-365,-228,-66,112,285,412,501,518,476,376,232,55,-124,-292,-431,-516,-534,-494,-391,-244,-73,99,267,399,477,494,458,380,253,112,-45,-177,-290,-357,-396,-388,-337,-251,-153,-50,52,144,204,236,259,259,234,200,140,81,30,-29,-92,-137,-172,-202,-216,-209,-188,-156,-117,-66,-15,42,111,163,191,226,231,217,195,155,95,20,-50,-123,-192,-245,-287,-299,-290,-248,-192,-106,-7,104,212,294,365,396,391,357,280,174,44,-99,-236,-373,-470,-510,-509,-450,-351,-210,-37,147,316,374,575,613,594,526,413,239,40,-176,-372,-527,-638,-696,-684,-598,-444,-251,-32,187,417,591,711,772,748,652,499,283,32,-204,-430,-623,-761,-832,-811,-723,-574,-356,-98,162,419,638,810,903,911,831,682,451,173,-138,-437,-695,-890,-1017,-1051,-971,-787,-524,-211,133,477,773,1004,1152,1160,1068,877,579,217,-170,-555,-872,-1119,-1260,-1277,-1143,-903,-561,-160,246,641,972,1203,1317,1290,1125,853,497,95,-339,-723,-1029,-1224,-1303,-1250,-1052,-768,-408,3,392,752,1034,1190,1233,1150,946,658,300,-71,-426,-741,-969,-1096,-1119,-1022,-830,-558,-240,88,408,672,875,982,986,904,738,501,262,127
10645,mtk,MTK 7916,4081495000,rx0-tx1,512,379,926,763,-858,-811,-694,-490,-244,41,325,587,797,928,967,912,771,550,263,-61,-384,-667,-900,-1040,-1067,-1003,-827,-570,-253,93,434,740,974,1119,1145,1058,871,585,240,-139,-501,-806,-1038,-1172,-1192,-1089,-880,-580,-234,143,517,836,1069,1198,1206,1100,885,582,231,-151,-511,-824,-1048,-1172,-1191,-1087,-876,-581,-240,131,479,780,1013,1143,1152,1054,857,583,250,-97,-436,-728,-946,-1075,-1093,-1004,-830,-576,-270,50,372,648,861,991,1029,955,807,587,302,0,-299,-566,-775,-900,-951,-916,-786,-589,-346,-67,212,470,685,832,899,883,789,622,398,144,-128,-384,-607,-770,-868,-881,-814,-672,-459,-430,74,346,586,773,897,920,866,719,489,218,-72,-366,-627,-826,-940,-955,-879,-717,-475,-184,125,426,683,863,963,955,846,658,394,100,-213,-506,-735,-883,-946,-912,-773,-559,-292,2,285,535,727,827,850,781,634,419,169,-82,-322,-523,-659,-723,-709,-635,-486,-305,-103,109,290,446,543,583,568,503,383,243,81,-79,-222,-339,-428,-463,-459,-410,-333,-220,-84,44,163,263,346,369,371,343,276,190,86,-26,-121,-208,-281,-309,-314,-294,-238,-169,-76,16,111,191,250,277,280,253,198,128,37,-55,-137,-202,-248,-260,-239,-188,-109,-14,78,152,197,209,182,120,47,860,975,481,245,-403,-65,53,180,285,339,340,275,160,16,-139,-268,-372,-424,-412,-346,-244,-106,50,200,328,420,465,459,403,300,156,-2,-168,-315,-437,-508,-532,-500,-411,-281,-106,80,261,418,542,609,615,560,427,252,46,-171,-387,-565,-680,-727,-688,-576,-402,-180,66,308,521,679,766,765,686,532,313,69,-190,-420,-609,-735,-771,-734,-610,-432,-214,36,272,468,622,707,713,655,518,341,133,-82,-274,-443,-566,-635,-635,-568,-450,-302,-121,68,242,388,501,551,555,511,415,281,125,-35,-187,-327,-425,-497,-515,-480,-412,-310,-174,-27,118,261,372,452,487,482,441,355,231,85,230,-217,-347,-446,-499,-511,-473,-387,-266,-116,47,201,347,458,511,522,481,401,281,123,-39,-202,-342,-445,-498,-509,-470,-383,-260,-111,42,186,310,393,443,449,411,337,236,112,-18,-135,-230,-300,-344,-353,-333,-282,-209,-130,-45,34,104,162,203,233,245,237,219,190,150,111,56,-7,-69,-138,-191,-246,-285,-295,-292,-268,-208,-129,-35,69,172,267,346,391,407,386,325,232,111,-25,-157,-285,-395,-463,-491,-472,-414,-314,-181,-27,135,287,419,518,570,567,516,410,266,89,-101,-286,-446,-574,-646,-662,-613,-500,-340,-143,76,292,484,630,724,755,704,590,415,185,1332,1245,11,-415,-690,39,299,545,741,866,912,864,735,524,252,-51,-355,-624,-846,-984,-1027,-961,-803,-565,-252,81,410,711,934,1072,1106,1036,853,584,246,-118,-465,-776,-1013,-1148,-1174,-1073,-872,-586,-239,141,507,822,1051,1179,1204,1100,878,580,223,-153,-517,-833,-1061,-1189,-1200,-1092,-874,-574,-231,141,500,810,1029,1154,1168,1065,869,588,242,-115,-457,-754,-979,-1106,-1121,-1033,-847,-585,-265,78,406,689,909,1028,1055,982,817,580,292,-29,-337,-599,-820,-951,-988,-939,-803,-586,-321,-38,256,522,724,864,919,891,782,601,369,101,-173,-430,-646,-793,-876,-877,-797,-639,-424,-172,98,355,589,769,-1099,904,835,691,483,217,-73,-349,-609,-801,-912,-941,-877,-723,-488,-202,105,396,652,844,953,965,877,694,438,147,-177,-463,-709,-881,-958,-941,-815,-602,-343,-52,257,532,738,864,901,847,706,487,225,-47,-315,-542,-707,-784,-780,-705,-552,-356,-126,96,312,491,600,660,638,561,428,258,86,-86,-255,-389,-481,-523,-510,-451,-357,-226,-82,61,189,292,377,415,414,374,306,197,78,-29,-143,-237,-306,-347,-344,-310,-258,-175,-80,9,113,195,255,285,291,273,223,147,62,-26,-115,-187,-241,-272,-265,-228,-167,-84,11,98,172,223,242,223,171,92,5,-79,-139,-161,477,195,-407,1346,1308,249,279,248,161,30,-115,-252,-347,-395,-380,-309,-198,-46,112,254,366,437,447,406,322,197,47,-115,-261,-386,-468,-498,-476,-401,-281,-129,38,214,365,490,566,573,522,418,266,78,-121,-320,-493,-602,-658,-648,-574,-420,-223,6,243,451,622,725,751,695,558,364,127,-125,-365,-573,-712,-774,-756,-657,-494,-263,-11,242,461,620,722,751,690,572,391,161,-70,-288,-475,-602,-670,-664,-601,-479,-314,-119,86,269,418,531,592,592,533,433,287,117,-49,-213,-356,-463,-526,-528,-495,-408,-295,-154,4,154,285,396,470,492,482,425,326,198,52,-92,-232,-357,-446,-495,-198,-458,-370,-248,-104,50,208,341,445,505,518,484,403,269,118,-42,-202,-339,-449,-508,-518,-486,-399,-272,-118,41,201,333,429,479,480,439,353,241,110,-31,-166,-276,-360,-407,-411,-376,-305,-219,-117,-13,87,177,241,277,292,283,256,214,161,101,33,-32,-88,-140,-179,-210,-237,-244,-243,-220,-185,-138,-67,14,91,176,258,316,351,353,323,268,182,76,-40,-167,-281,-373,-434,-452,-432,-376,-273,-142,5,151,290,410,491,531,518,464,362,223,53,-122,-291,-436,-544,-605,-609,-557,-454,-305,-116,83,285,464,598,686,703,654,538,374,169,-62,-299,-500,-672,-775,-123,520
10646,mtk,MTK 7916,4081495000,rx1-tx0,512,-13,945,1448,-56,-228,-387,-497,-548,-540,-468,-340,-173,13,200,368,486,556,562,503,389,226,41,-155,-330,-466,-558,-579,-546,-455,-304,-121,67,259,427,533,604,610,544,419,245,50,-156,-355,-509,-623,-665,-650,-560,-413,-217,2,231,440,595,707,742,704,589,412,184,-64,-313,-541,-714,-814,-840,-776,-622,-400,-137,146,427,673,840,934,923,817,616,349,46,-266,-554,-799,-952,-997,-946,-792,-553,-257,67,374,653,862,983,996,904,727,471,175,-137,-425,-669,-845,-946,-942,-852,-680,-444,-168,130,409,642,815,908,919,842,686,464,202,-92,-370,-614,-809,-928,-962,-902,-751,-532,231,62,376,653,880,1032,1072,1012,841,584,258,-101,-455,-777,-1026,-1176,-1194,-1093,-880,-570,-191,206,600,933,1170,1294,1283,1133,861,493,70,-362,-767,-1090,-1302,-1386,-1319,-1115,-801,-397,61,509,915,1220,1390,1434,1328,1069,709,267,-207,-656,-1040,-1329,-1477,-1466,-1307,-1002,-599,-109,388,850,1235,1475,1560,1482,1238,851,375,-158,-661,-1090,-1412,-1563,-1532,-1337,-976,-526,-8,499,946,1281,1445,1463,1298,988,574,102,-361,-770,-1076,-1243,-1282,-1171,-913,-572,-180,219,585,865,1047,1092,1014,818,538,192,-163,-481,-742,-896,-935,-862,-672,-395,-66,257,538,730,789,719,542,276,-18,-279,-453,-497,-1149,-539,101,930,1085,-260,-81,165,399,575,651,614,453,205,-82,-363,-597,-747,-789,-721,-554,-311,-25,269,540,745,859,879,787,600,337,27,-293,-585,-823,-965,-993,-924,-737,-461,-118,248,589,868,1072,1154,1106,933,641,268,-127,-534,-892,-1149,-1277,-1274,-1121,-841,-471,-26,425,829,1146,1349,1405,1298,1045,678,230,-243,-700,-1076,-1346,-1470,-1425,-1225,-891,-461,6,500,933,1264,1451,1485,1360,1090,690,228,-261,-708,-1078,-1331,-1450,-1410,-1225,-905,-488,-44,408,828,1148,1345,1402,1297,1077,747,340,-103,-530,-891,-1159,-1318,-1333,-1218,-970,-633,-235,186,591,925,1167,1290,1273,1137,893,550,159,-253,-642,-958,-49,-1294,-1262,-1112,-855,-505,-102,307,700,1016,1241,1331,1295,1134,844,456,26,-407,-804,-1125,-1333,-1415,-1344,-1122,-779,-360,109,561,964,1270,1440,1456,1313,1023,626,165,-319,-761,-1127,-1360,-1454,-1398,-1182,-827,-409,51,509,901,1199,1355,1357,1228,982,617,194,-234,-632,-946,-1150,-1249,-1196,-1021,-749,-400,-27,345,666,911,1056,1085,1001,812,564,240,-92,-396,-656,-837,-934,-927,-825,-648,-412,-134,154,417,627,771,835,802,686,503,273,14,-231,-450,-626,-714,-732,-676,-540,-359,-142,85,303,481,602,655,647,554,403,217,11,-203,-381,-511,-588,-596,-536,-422,-261,-73,120,297,438,530,-420,90,221,-1250,-655,-550,-503,-396,-236,-56,126,301,442,531,559,522,425,277,104,-87,-265,-418,-524,-575,-557,-474,-344,-172,18,205,376,510,577,588,546,424,268,87,-116,-308,-470,-582,-631,-623,-539,-405,-226,-17,191,393,553,665,707,680,569,411,204,-33,-274,-489,-661,-765,-788,-738,-611,-411,-170,99,365,603,776,872,879,797,618,380,96,-208,-493,-731,-895,-970,-939,-811,-595,-307,11,330,618,830,969,995,927,762,511,219,-107,-409,-674,-863,-962,-965,-872,-690,-451,-163,138,417,659,829,924,931,837,669,439,169,-115,-389,-628,-804,-912,-934,-861,-714,-493,-227,69,365,624,829,-568,1025,947,794,567,266,-71,-407,-712,-947,-1097,-1131,-1058,-868,-583,-227,158,526,850,1098,1233,1242,1122,879,542,147,-285,-681,-1016,-1247,-1345,-1308,-1133,-830,-447,-9,436,834,1152,1359,1415,1322,1096,739,326,-126,-585,-981,-1273,-1437,-1448,-1312,-1040,-661,-192,284,743,1125,1399,1532,1482,1292,941,486,-10,-512,-972,-1323,-1533,-1573,-1430,-1134,-714,-197,326,824,1215,1458,1540,1437,1188,789,317,-179,-655,-1035,-1296,-1392,-1326,-1111,-773,-367,60,488,833,1064,1176,1151,993,723,385,7,-351,-663,-887,-1004,-982,-854,-626,-324,4,333,610,798,872,817,650,379,58,-244,-493,-641,-657,-549,-340,-94,-1019,-1463,-164,-558,-67,384,505,529,435,236,-24,-302,-544,-694,-732,-655,-483,-233,55,343,593,761,836,805,669,443,161,-142,-441,-687,-857,-930,-895,-758,-528,-228,106,437,734,950,1067,1059,926,696,379,-2,-382,-734,-1014,-1169,-1210,-1119,-895,-557,-161,269,680,1017,1252,1356,1295,1090,758,355,-110,-556,-955,-1256,-1417,-1421,-1272,-979,-590,-114,376,822,1184,1408,1491,1413,1165,801,348,-141,-613,-1020,-1309,-1458,-1451,-1285,-991,-588,-126,349,782,1133,1349,1421,1362,1148,816,414,-36,-472,-853,-1151,-1330,-1365,-1260,-1017,-690,-279,150,567,919,1161,1297,1307,1176,926,591,185,-229,-617,-940,-1173,-1286,-1281,-1129,-861,425,-122,282,661,978,1205,1303,1281,1120,848,488,74,-345,-745,-1077,-1288,-1370,-1318,-1133,-818,-419,27,482,888,1201,1397,1448,1337,1090,715,270,-208,-670,-1053,-1329,-1456,-1433,-1257,-941,-520,-54,420,853,1173,1364,1422,1321,1086,729,299,-153,-566,-935,-1194,-1305,-1280,-1117,-845,-498,-104,309,661,942,1110,1162,1095,917,651,320,-35,-378,-658,-876,-1003,-1004,-913,-732,-482,-188,120,401,637,805,887,864,754,572,343,74,-196,-436,-622,-745,-782,-737,-625,-439,-206,29,268,465,606,684,686,614,472,284,78,-141,-345,-497,-591,-624,-590,-481,-332,-146,60,252,411,528,578,566,489,360,198,-1012,-1097
10647,mtk,MTK 7916,4081495000,rx1-tx1,512,0,0,0,731,645,418,90,-259,-550,-726,-745,-606,-333,15,359,630,767,737,548,240,-129,-476,-714,-787,-691,-449,-107,258,575,756,769,616,323,-36,-384,-657,-781,-727,-510,-181,183,505,721,776,660,388,31,-331,-625,-780,-755,-568,-250,123,467,713,795,693,439,81,-298,-607,-782,-788,-625,-319,66,432,704,822,765,533,182,-212,-555,-776,-829,-701,-425,-61,324,639,812,809,630,313,-70,-429,-692,-809,-756,-541,-214,153,484,705,777,687,448,128,-208,-492,-668,-698,-578,-343,-48,243,476,597,580,450,232,-32,-263,-417,-481,-442,-305,-108,95,260,358,364,280,144,-15,-165,0,-296,-243,-125,19,146,236,263,222,113,-27,-160,-266,-311,-275,-172,-20,147,281,362,368,282,132,-60,-244,-370,-420,-390,-275,-95,110,295,417,444,383,248,49,-161,-324,-422,-417,-324,-160,27,212,344,396,359,235,58,-123,-276,-362,-369,-288,-131,55,229,357,400,340,205,21,-172,-333,-427,-423,-328,-153,62,271,424,491,458,328,130,-104,-322,-467,-516,-465,-319,-107,123,334,481,522,452,303,92,-136,-321,-444,-475,-408,-265,-64,141,299,403,425,353,216,37,-143,-283,-361,-371,-313,-193,-32,129,264,351,364,314,210,77,-62,-189,-280,-321,-313,-264,-188,-91,0,0,0,0,0,185,176,138,69,-18,-118,-221,-305,-345,-333,-273,-162,-17,135,275,381,423,385,273,117,-69,-253,-398,-471,-453,-348,-182,25,241,423,522,515,405,226,-8,-257,-461,-573,-571,-459,-260,-2,266,492,614,619,507,290,12,-278,-508,-633,-642,-524,-293,1,283,504,633,632,495,259,-31,-305,-513,-613,-586,-435,-189,88,342,524,595,542,367,110,-158,-386,-532,-569,-482,-294,-44,212,422,543,539,423,221,-29,-263,-435,-513,-480,-345,-137,94,303,443,481,408,250,47,-170,-344,-432,-426,-321,-145,56,241,369,413,359,223,39,-164,-321,-401,-394,-291,-126,67,254,380,0,362,225,28,-186,-345,-432,-432,-326,-146,66,269,410,459,407,263,56,-173,-355,-458,-467,-373,-191,41,266,432,496,446,298,88,-149,-356,-484,-500,-408,-214,29,256,433,524,487,325,93,-150,-367,-507,-524,-428,-240,13,278,477,562,516,355,112,-156,-396,-552,-579,-475,-264,13,291,506,620,588,421,159,-143,-419,-597,-643,-559,-352,-54,254,501,640,643,509,253,-58,-354,-566,-647,-590,-406,-127,171,431,593,616,501,281,-10,-296,-513,-607,-564,-393,-143,147,409,571,604,491,274,-6,-288,-503,-606,-574,-404,-147,149,420,597,638,537,311,12,-292,-541,-669,-641,0,0,0,0,0,30,359,614,736,701,523,223,-139,-472,-698,-777,-687,-445,-116,249,564,752,771,625,345,-7,-365,-641,-780,-742,-533,-219,147,488,714,776,672,427,80,-288,-590,-759,-763,-594,-296,70,423,678,785,723,490,144,-221,-540,-749,-782,-626,-337,16,381,664,795,739,523,195,-180,-525,-746,-813,-694,-418,-52,322,631,810,807,619,299,-78,-446,-724,-835,-768,-537,-189,197,539,766,830,714,442,78,-293,-596,-772,-780,-620,-336,13,353,611,734,700,531,252,-68,-362,-574,-659,-598,-416,-163,122,370,515,545,464,281,56,-163,-337,-427,-409,-301,-141,36,200,310,324,261,0,-5,-144,-241,-273,-221,-111,22,150,245,281,240,133,-10,-163,-286,-344,-319,-215,-61,107,265,373,400,340,197,9,-182,-336,-431,-430,-331,-163,35,229,375,440,409,288,110,-91,-270,-391,-415,-342,-207,-29,160,305,374,350,251,97,-84,-246,-350,-375,-308,-163,22,207,351,416,388,267,83,-127,-315,-435,-471,-401,-244,-26,203,391,502,510,408,220,-9,-235,-413,-515,-511,-404,-218,10,237,408,491,485,371,183,-25,-226,-373,-441,-423,-319,-147,46,217,343,400,374,266,109,-57,-211,-321,-368,-346,-257,-121,33,182,294,350,344,290,195,74,-44,-144,-209,-235,0,0,0,0,0,50,130,197,251,281,276,228,137,13,-121,-249,-345,-392,-376,-296,-158,8,173,325,431,451,382,243,57,-151,-340,-457,-497,-447,-303,-96,131,344,505,561,503,349,125,-131,-371,-550,-618,-561,-394,-147,137,391,575,645,583,407,149,-141,-404,-582,-643,-578,-392,-135,147,409,582,626,547,353,87,-195,-425,-568,-599,-498,-284,-15,250,459,576,565,429,209,-51,-303,-486,-560,-517,-357,-134,110,338,488,530,464,298,66,-180,-369,-478,-485,-384,-200,20,229,392,461,423,293,100,-112,-291,-409,-425,-344,-188,8,195,341,412,377,255,74,-120,-286,-390,-406,-329,-177,0,224,363,424,398,281,89,-124,-308,-424,-448,-372,-209,8,219,385,466,444,322,120,-109,-316,-453,-491,-418,-248,-22,204,390,488,476,346,142,-88,-313,-462,-505,-436,-271,-43,208,410,516,506,376,160,-92,-333,-501,-549,-474,-291,-41,223,442,558,558,426,189,-89,-347,-537,-611,-537,-340,-69,221,472,614,620,486,247,-51,-342,-556,-652,-607,-431,-164,151,429,605,650,551,335,34,-272,-503,-628,-615,-458,-206,91,364,551,615,545,346,73,-220,-462,-596,-591,-451,-208,83,350,539,614,544,342,66,-220,-462,-602,-601,-460,-215,80,365,574,658,589,393,107,-217,0,0
10648,mtk,MTK 7916,4081495000,rx2-tx0,512,0,0,0,-513,-516,-401,-186,70,316,494,557,494,321,66,-209,-438,-575,-580,-446,-213,72,350,549,621,550,356,78,-223,-476,-618,-622,-482,-226,81,374,588,670,594,373,65,-258,-525,-675,-674,-517,-236,111,439,669,746,647,404,58,-307,-610,-780,-775,-587,-257,138,502,766,867,763,479,84,-338,-690,-898,-910,-713,-357,88,522,839,979,910,638,214,-263,-680,-948,-1014,-857,-504,-44,425,807,1017,1003,769,369,-113,-571,-899,-1027,-935,-642,-205,268,678,939,992,826,479,32,-422,-775,-955,-921,-680,-295,146,550,828,913,797,516,109,-319,-659,-856,-860,-666,-326,83,476,762,0,769,503,122,-283,-623,-825,-842,-667,-339,74,467,762,892,818,559,172,-263,-642,-880,-935,-780,-450,-11,438,794,979,950,719,328,-142,-594,-915,-1039,-939,-638,-202,282,712,999,1068,900,539,60,-431,-829,-1056,-1057,-834,-432,73,558,924,1099,1035,749,316,-188,-658,-988,-1109,-996,-671,-206,295,735,1019,1091,936,592,132,-348,-749,-987,-1023,-855,-510,-64,371,716,912,922,741,404,-2,-385,-677,-833,-810,-621,-308,52,387,634,745,695,508,228,-88,-376,-582,-665,-607,-434,-182,99,346,524,594,546,403,190,-50,-274,-443,-529,-523,-428,-278,-95,88,241,344,383,368,309,0,0,0,0,0,-291,-403,-473,-478,-413,-281,-81,157,387,564,656,642,515,292,0,-310,-573,-738,-769,-651,-400,-59,312,634,840,885,755,468,69,-365,-736,-973,-1024,-864,-523,-60,438,860,1117,1163,974,571,36,-519,-987,-1266,-1297,-1067,-615,-16,601,1098,1383,1398,1116,605,-37,-684,-1196,-1475,-1456,-1134,-575,98,753,1254,1505,1451,1097,515,-169,-815,-1293,-1503,-1392,-1003,-406,271,877,1305,1460,1300,866,260,-388,-947,-1306,-1383,-1169,-713,-113,508,1010,1292,1290,1012,533,-49,-618,-1049,-1246,-1179,-856,-357,207,722,1080,1189,1045,680,176,-359,-811,-1077,-1102,-895,-496,3,492,870,1053,1005,734,303,-181,0,-910,-1000,-869,-551,-119,338,719,932,932,733,372,-67,-487,-793,-923,-843,-569,-176,243,610,839,877,716,398,-3,-401,-703,-839,-788,-562,-214,182,535,759,810,683,402,30,-346,-635,-775,-737,-536,-215,148,476,692,742,627,368,31,-309,-577,-706,-664,-477,-183,150,446,637,675,556,310,-6,-318,-550,-653,-609,-423,-135,177,445,612,637,515,273,-28,-315,-533,-628,-574,-390,-117,178,425,570,589,474,246,-36,-303,-499,-579,-523,-346,-93,172,394,528,537,416,201,-54,-291,-459,-517,-456,-289,-56,189,383,487,478,350,139,-100,-313,-456,-490,-405,-224,9,241,419,497,0,0,0,0,0,126,-124,-351,-499,-539,-456,-261,7,270,471,571,540,385,141,-143,-399,-562,-598,-499,-285,-5,280,512,625,588,414,152,-149,-426,-610,-645,-536,-305,4,314,553,674,637,447,150,-190,-489,-676,-710,-583,-316,28,375,646,764,711,495,153,-230,-564,-779,-819,-673,-366,28,427,741,890,837,591,208,-223,-614,-879,-954,-818,-492,-55,397,773,982,977,752,355,-116,-563,-895,-1031,-942,-644,-209,271,696,964,1020,861,512,50,-421,-800,-999,-974,-744,-351,123,557,863,981,882,589,169,-280,-662,-895,-921,-744,-409,11,428,745,891,834,592,222,-190,-564,-811,-866,-721,-417,0,390,695,849,818,591,227,-183,-555,-803,-872,-743,-446,-47,371,708,886,873,671,305,-134,-549,-844,-957,-869,-583,-159,302,700,957,1005,839,488,21,-450,-826,-1030,-1015,-781,-380,112,590,938,1079,993,697,255,-251,-710,-1010,-1094,-947,-598,-118,382,803,1057,1084,888,497,-3,-492,-871,-1074,-1054,-818,-404,86,548,894,1055,997,733,322,-139,-562,-867,-993,-914,-648,-256,180,562,815,899,792,530,173,-210,-537,-740,-785,-670,-425,-103,233,516,677,692,571,340,55,-231,-468,-603,-614,-504,-300,-50,207,415,538,561,483,326,113,-106,-293,-426,-483,-465,-382,-258,-115,20,132,0,0,0,0,0,263,161,18,-159,-340,-495,-587,-590,-493,-316,-71,208,465,648,720,666,486,206,-138,-465,-710,-827,-785,-588,-263,135,515,809,952,909,675,293,-163,-607,-949,-1099,-1030,-754,-313,209,712,1081,1239,1153,825,321,-265,-816,-1212,-1366,-1251,-868,-298,330,907,1323,1464,1307,888,273,-405,-998,-1394,-1512,-1315,-847,-212,467,1061,1435,1508,1271,771,121,-553,-1117,-1434,-1454,-1176,-659,-9,640,1145,1399,1360,1042,509,-126,-725,-1167,-1358,-1256,-879,-325,281,823,1188,1289,1111,701,155,-416,-896,-1177,-1198,-965,-530,17,550,950,1140,1087,800,346,-180,-665,-989,-1089,-963,-634,-163,338,749,985,1008,0,437,-25,-478,-825,-978,-912,-650,-250,205,606,868,938,797,478,57,-368,-706,-886,-864,-650,-299,117,509,778,863,759,487,112,-285,-618,-806,-808,-629,-308,75,432,690,794,722,478,123,-248,-556,-737,-746,-584,-295,57,393,631,727,652,428,108,-234,-516,-669,-673,-518,-246,80,385,599,665,579,366,66,-247,-500,-637,-625,-465,-201,105,383,569,627,546,338,46,-251,-485,-604,-585,-430,-181,105,368,541,590,502,299,33,-235,-447,-558,-538,-384,-151,105,338,493,529,441,253,5,-239,-421,-503,-465,-319,-97,143,353,474,479,372,180,-54,-279,-437,-493,-434,-266,-35,0,0
10649,mtk,MTK 7916,4081495000,rx2-tx1,512,0,0,0,311,337,292,190,51,-95,-213,-285,-292,-230,-132,-7,121,216,260,248,183,79,-42,-148,-223,-257,-231,-154,-46,73,179,248,261,227,142,22,-97,-198,-261,-272,-238,-153,-26,106,219,298,310,262,171,42,-101,-228,-316,-340,-295,-195,-55,103,243,341,375,338,237,80,-104,-263,-376,-419,-378,-254,-82,108,282,410,462,417,288,102,-112,-307,-446,-496,-447,-312,-108,128,334,482,546,492,334,107,-138,-360,-520,-573,-506,-336,-99,160,389,533,574,499,320,74,-189,-419,-553,-576,-477,-281,-26,235,443,558,556,433,224,-40,-299,-486,-574,-543,-387,-144,131,376,539,0,520,322,50,-232,-464,-607,-621,-500,-269,32,329,561,688,672,508,232,-97,-419,-657,-760,-707,-506,-191,171,507,742,813,724,490,147,-237,-576,-800,-853,-730,-461,-90,316,657,867,892,733,419,20,-384,-728,-926,-926,-737,-393,32,452,787,967,954,743,381,-55,-484,-822,-990,-954,-733,-368,76,497,808,959,919,694,336,-77,-474,-772,-909,-860,-647,-314,69,439,715,838,792,596,277,-85,-421,-664,-767,-711,-520,-241,80,382,596,684,643,480,231,-60,-330,-529,-619,-594,-457,-237,21,260,440,539,547,460,294,80,-135,-307,-423,-475,-452,-367,-243,-97,42,148,216,0,0,0,0,0,-133,-154,-162,-146,-98,-34,40,122,186,227,238,210,144,52,-57,-157,-236,-283,-272,-207,-101,34,160,260,318,314,247,131,-23,-183,-308,-370,-367,-296,-153,41,227,367,445,440,345,175,-42,-264,-434,-524,-525,-414,-211,46,299,494,599,594,466,233,-56,-331,-553,-673,-654,-495,-239,67,364,598,713,685,518,240,-96,-418,-652,-755,-701,-513,-211,137,452,678,775,707,490,177,-179,-501,-720,-791,-696,-461,-123,243,559,759,803,677,410,55,-305,-613,-794,-800,-637,-349,9,378,666,814,796,609,293,-85,-442,-708,-834,-786,-562,-222,159,506,745,829,735,481,126,0,-588,-792,-831,-694,-410,-33,349,654,817,809,634,316,-79,-456,-737,-858,-797,-567,-204,214,581,818,898,788,497,92,-330,-680,-903,-937,-758,-420,5,437,785,970,948,730,355,-97,-536,-859,-1009,-945,-686,-279,179,606,903,1014,913,626,201,-263,-663,-927,-1003,-870,-549,-120,324,706,938,954,780,461,42,-388,-724,-899,-887,-691,-356,46,432,721,858,813,601,267,-117,-472,-719,-811,-728,-502,-178,183,495,696,751,650,419,112,-213,-491,-654,-677,-569,-343,-52,239,467,599,606,480,268,12,-242,-439,-541,-526,-403,-210,19,241,402,474,446,329,148,-51,-231,-356,-401,0,0,0,0,0,-145,4,152,267,317,299,216,91,-45,-168,-252,-276,-242,-160,-46,80,189,246,256,211,114,-3,-115,-204,-254,-255,-198,-93,27,143,231,268,256,194,86,-43,-163,-251,-288,-274,-207,-97,38,171,274,325,317,241,114,-35,-173,-286,-348,-346,-268,-137,21,182,316,387,382,299,162,-12,-191,-336,-424,-431,-347,-192,4,204,372,467,472,382,212,-7,-227,-405,-501,-501,-406,-221,11,245,437,546,541,426,225,-23,-272,-468,-571,-556,-432,-219,43,295,482,574,550,409,178,-91,-328,-500,-570,-522,-365,-128,135,369,527,569,486,301,54,-209,-433,-565,-571,-452,-236,0,302,510,612,587,420,154,-138,-405,-601,-675,-599,-386,-92,221,500,681,722,610,363,39,-298,-590,-760,-774,-630,-346,15,376,663,820,805,622,310,-75,-454,-739,-873,-832,-614,-257,157,543,816,923,846,590,208,-219,-601,-873,-971,-866,-578,-175,260,649,915,995,869,571,157,-288,-667,-910,-977,-845,-550,-147,279,641,878,942,808,511,128,-276,-618,-825,-869,-748,-472,-108,268,580,765,795,671,416,83,-255,-524,-691,-724,-607,-371,-70,236,475,618,648,548,345,93,-170,-403,-547,-588,-525,-361,-139,96,306,452,522,509,412,252,69,-109,-256,-353,-392,-375,-312,-216,0,0,0,0,0,46,2,-51,-109,-161,-202,-213,-187,-133,-56,37,132,210,256,260,215,128,20,-98,-212,-286,-305,-264,-174,-47,91,223,318,357,319,213,58,-114,-271,-381,-419,-373,-245,-63,139,325,454,495,441,292,80,-151,-366,-525,-572,-505,-333,-84,185,425,591,645,566,370,87,-214,-480,-651,-700,-609,-383,-77,239,510,701,743,619,368,55,-282,-574,-738,-758,-624,-367,-30,321,605,763,768,616,328,-27,-375,-645,-782,-763,-578,-271,91,437,696,810,751,529,208,-159,-508,-746,-825,-735,-493,-140,237,566,776,821,696,427,68,-310,-625,-804,-820,-671,-376,0,375,674,821,0,608,277,-115,-474,-729,-836,-770,-528,-178,213,559,780,839,720,441,63,-335,-668,-855,-856,-676,-353,56,457,766,914,866,626,250,-177,-575,-861,-966,-863,-586,-186,270,678,945,1009,858,531,99,-363,-755,-985,-1007,-827,-475,-15,440,800,997,983,766,387,-67,-500,-826,-984,-929,-682,-296,141,544,835,946,846,581,200,-222,-589,-832,-898,-771,-484,-109,278,602,804,825,675,395,35,-329,-620,-771,-762,-593,-306,33,356,601,717,684,512,239,-76,-364,-572,-654,-598,-423,-173,103,351,525,582,515,343,112,-130,-338,-472,-510,-442,-280,-70,143,319,427,438,357,209,27,0,0
10650,mtk,MTK 7916,4081542762,rx0-tx0,512,-452,48,235,-430,-679,-860,-953,-932,-821,-629,-372,-84,227,513,744,897,959,931,794,577,294,-20,-350,-641,-875,-1015,-1045,-961,-765,-476,-132,235,579,868,1052,1128,1071,887,596,231,-152,-535,-848,-1062,-1171,-1115,-936,-651,-303,77,460,777,1007,1106,1098,946,685,362,-10,-368,-678,-907,-1021,-1022,-910,-697,-410,-91,250,538,761,898,930,852,691,446,168,-122,-401,-627,-765,-817,-784,-665,-472,-239,14,277,480,633,712,713,621,466,256,15,-208,-401,-533,-596,-594,-528,-401,-232,-34,142,291,407,462,459,401,299,163,32,-89,-191,-258,-293,-295,-259,-204,-138,-55,17,77,122,148,162,-588,142,124,93,55,14,-23,-50,-77,-84,-92,-99,-85,-59,-45,-23,-4,14,28,28,27,20,22,15,18,33,41,58,74,82,77,70,35,-9,-65,-125,-179,-223,-243,-219,-171,-91,30,146,248,347,406,409,351,256,99,-75,-246,-420,-524,-574,-547,-447,-275,-60,179,405,580,683,704,629,467,244,-28,-299,-527,-699,-776,-746,-633,-436,-171,118,390,618,754,790,728,577,340,67,-204,-454,-644,-744,-739,-643,-465,-237,27,271,485,623,677,652,533,342,116,-119,-322,-487,-580,-596,-531,-395,-206,13,213,390,498,530,475,336,154,-51,-241,-363,-406,-364,-247,-97,-376,-279,611,535,537,-264,-344,-340,-244,-93,102,287,433,497,474,373,194,-13,-224,-412,-527,-575,-540,-418,-230,-12,209,414,549,613,593,499,328,110,-120,-342,-519,-628,-648,-583,-442,-251,-18,214,406,549,611,608,514,367,177,-43,-234,-396,-499,-542,-522,-437,-303,-143,18,179,294,377,422,419,378,302,198,84,-48,-161,-250,-330,-369,-365,-338,-278,-187,-78,39,141,243,332,359,365,336,265,162,50,-50,-170,-266,-337,-361,-362,-328,-250,-157,-55,65,175,274,346,385,388,349,272,187,60,-70,-189,-301,-394,-442,-447,-415,-332,-203,-52,119,287,430,518,570,549,462,328,141,-61,-291,-444,-580,-659,-663,-603,-449,-252,-25,211,437,615,734,771,711,574,364,117,-155,-411,-633,-775,-841,-809,-678,-472,-219,67,342,582,762,871,878,793,624,387,108,-193,-474,-721,-885,-959,-947,-813,-600,-307,24,362,673,923,1076,1109,1033,813,514,141,-262,-651,-962,-1193,-1268,-1207,-1022,-698,-291,164,599,981,1254,1384,1348,1157,827,397,-82,-558,-976,-1276,-1421,-1416,-1238,-909,-474,10,493,926,1258,1420,1432,1262,956,543,72,-403,-817,-1153,-1349,-1374,-1253,-979,-594,-154,288,702,1027,1226,1280,1188,968,642,247,-156,-544,-860,-1067,-1153,-1108,-952,-685,-357,15,363,661,890,1014,1024,148,313,-738,542,490,-873,-683,-431,-121,188,472,709,873,948,928,803,602,338,43,-275,-565,-799,-947,-1004,-944,-783,-540,-223,116,458,756,968,1078,1065,934,692,367,-5,-385,-729,-985,-1131,-1143,-1029,-779,-460,-65,329,680,947,1101,1139,1037,818,506,150,-225,-584,-848,-1026,-1081,-1009,-825,-545,-218,128,455,728,907,986,952,800,573,291,-32,-328,-594,-779,-864,-861,-765,-576,-328,-63,209,448,633,736,771,707,562,368,132,-110,-340,-514,-637,-672,-625,-512,-337,-131,70,263,413,512,541,500,412,278,115,-44,-184,-297,-362,-373,-353,-288,-205,-102,3,97,163,210,227,215,190,149,97,49,321,-44,-78,-108,-119,-119,-109,-95,-72,-42,-23,6,40,49,56,66,66,57,39,21,10,14,11,11,24,26,24,16,-8,-38,-64,-99,-135,-151,-154,-135,-91,-36,53,143,218,287,324,300,256,166,37,-117,-264,-396,-488,-496,-459,-346,-168,27,238,424,572,647,645,544,366,138,-109,-361,-556,-697,-753,-693,-550,-336,-64,209,458,663,781,786,693,507,253,-26,-301,-546,-716,-776,-746,-621,-418,-153,115,368,564,690,718,651,508,292,56,-187,-408,-562,-635,-621,-529,-372,-167,51,264,429,538,561,505,385,198,-6,-219,-378,-468,-474,-391,-239,-60,118,249,302,255,391,577,111,-75,-138,-13,166,316,413,431,360,216,16,-182,-371,-495,-540,-501,-380,-192,17,238,425,548,592,564,453,269,50,-177,-382,-543,-622,-622,-545,-388,-177,55,274,462,591,652,605,493,312,101,-126,-332,-475,-575,-590,-532,-409,-233,-50,134,292,408,467,480,437,346,236,100,-43,-169,-275,-343,-387,-384,-338,-279,-192,-76,39,149,247,322,361,369,336,288,182,66,-43,-162,-264,-335,-360,-362,-334,-264,-165,-48,64,180,268,323,360,368,328,261,160,54,-67,-187,-280,-358,-411,-413,-376,-308,-201,-61,81,225,355,449,505,506,450,333,185,12,-190,-357,-499,-591,-613,374,-471,-300,-95,125,346,541,659,719,698,598,424,200,-66,-321,-547,-708,-795,-793,-709,-531,-297,-26,259,510,705,826,863,795,647,425,160,-135,-411,-653,-815,-901,-894,-798,-617,-347,-56,264,559,801,965,1024,983,825,573,230,-120,-491,-808,-1039,-1169,-1170,-1034,-782,-426,3,420,805,1115,1296,1331,1215,954,574,121,-354,-791,-1146,-1365,-1423,-1320,-1065,-671,-209,282,751,1129,1367,1444,1358,1123,741,280,-210,-681,-1054,-1314,-1414,-1344,-1134,-792,-346,119,567,952,1213,1329,1296,1120,812,413,-19,-444,-803,-1069,-1202,-1203,-1075,-819,-484,-98,282,622,888,1045,1096,1011,831,565,236,-102,480,403
10651,mtk,MTK 7916,4081542762,rx0-tx1,512,323,953,872,-519,-278,-6,279,541,747,879,902,830,665,414,109,-209,-514,-765,-938,-1013,-957,-804,-543,-223,124,473,771,982,1090,1071,929,688,350,-25,-404,-745,-999,-1149,-1164,-1048,-813,-485,-91,309,685,978,1160,1214,1130,920,597,211,-203,-596,-917,-1138,-1226,-1182,-1003,-718,-349,58,447,803,1051,1198,1203,1071,826,485,97,-301,-666,-949,-1128,-1179,-1101,-912,-613,-254,127,501,805,1022,1125,1110,967,723,410,38,-318,-639,-894,-1042,-1072,-992,-803,-531,-197,142,469,743,927,1014,989,860,650,361,35,-287,-575,-807,-948,-983,-920,-756,-511,-218,109,421,691,881,980,975,864,654,365,42,-430,-597,-831,-988,-1028,-957,-770,-497,-169,198,537,815,1004,1078,1028,854,585,239,-146,-501,-802,-1008,-1107,-1062,-895,-620,-262,108,476,789,998,1093,1049,883,619,273,-99,-456,-749,-948,-1038,-992,-836,-580,-267,84,409,675,855,939,895,743,516,242,-51,-336,-576,-733,-795,-760,-651,-458,-231,25,260,455,589,654,637,548,403,231,24,-167,-322,-450,-514,-518,-464,-366,-226,-66,81,223,335,395,408,380,311,214,101,-23,-133,-225,-290,-316,-315,-272,-205,-116,-14,79,164,231,264,270,243,192,122,34,-60,-146,-206,-242,-243,-207,-147,-64,28,107,176,205,194,149,73,3,578,792,-302,-32,-577,197,262,272,214,104,-34,-177,-300,-368,-378,-331,-224,-78,75,221,344,420,435,396,302,162,8,-160,-305,-421,-482,-491,-441,-326,-161,16,196,367,507,587,591,524,386,202,-20,-249,-449,-610,-700,-696,-613,-452,-222,50,308,547,727,803,789,669,468,207,-96,-395,-639,-801,-876,-834,-686,-451,-160,144,427,672,821,862,803,648,418,145,-156,-427,-639,-774,-811,-756,-604,-399,-144,116,357,549,666,719,685,574,398,191,-33,-254,-436,-569,-635,-632,-559,-422,-252,-55,141,321,461,554,581,549,469,336,170,-4,-187,-345,-465,-542,-563,-519,-417,-274,-109,68,253,417,230,571,572,505,384,214,15,-175,-361,-498,-587,-612,-562,-452,-286,-91,116,315,474,575,614,586,485,328,134,-68,-267,-422,-531,-577,-552,-472,-340,-174,7,189,329,428,487,491,433,336,206,61,-80,-209,-310,-370,-387,-371,-322,-240,-146,-37,67,151,223,265,282,290,264,222,163,99,28,-49,-127,-191,-242,-278,-296,-286,-254,-196,-110,-14,88,192,278,337,370,364,326,252,146,19,-118,-244,-344,-424,-452,-438,-372,-269,-138,12,173,316,430,511,530,499,414,272,107,-76,-269,-427,-554,-617,-613,-537,-414,-234,-25,192,395,567,672,706,663,544,365,132,-111,-356,1187,963,95,-107,-417,649,793,852,820,689,480,208,-97,-388,-652,-850,-949,-942,-830,-613,-332,5,339,642,881,1018,1049,958,751,453,105,-265,-602,-884,-1072,-1132,-1070,-880,-588,-227,166,545,862,1093,1197,1163,997,707,348,-54,-451,-802,-1066,-1205,-1211,-1077,-828,-483,-85,327,704,995,1176,1217,1131,920,604,230,-186,-564,-886,-1099,-1195,-1158,-994,-718,-368,25,401,737,998,1133,1156,1041,810,502,139,-234,-580,-851,-1038,-1109,-1051,-889,-626,-296,57,400,697,918,1031,1033,932,721,440,117,-219,-520,-773,-945,-1005,-953,-813,-580,-285,36,351,634,840,957,978,888,708,440,129,-199,-505,-760,-929,-998,-1099,-814,-582,-281,66,405,709,922,1044,1046,916,691,380,25,-342,-668,-916,-1073,-1088,-976,-751,-439,-70,313,650,922,1070,1087,994,765,454,85,-294,-628,-891,-1046,-1066,-965,-741,-442,-85,267,586,821,963,985,887,688,413,87,-243,-517,-720,-835,-855,-777,-602,-364,-89,174,415,597,698,722,655,519,338,120,-99,-305,-453,-555,-587,-538,-448,-310,-143,36,201,341,434,466,447,392,285,152,16,-118,-233,-313,-359,-361,-326,-260,-165,-59,47,148,225,279,294,278,238,166,79,-17,-108,-181,-231,-258,-251,-213,-145,-63,31,118,185,228,226,192,130,39,-44,-118,-158,-155,706,485,-305,1216,1076,127,33,-96,-220,-306,-337,-306,-213,-77,72,215,331,395,398,350,249,106,-51,-203,-337,-427,-464,-440,-358,-228,-72,94,262,408,500,529,508,423,278,87,-118,-316,-482,-601,-653,-616,-501,-328,-91,155,390,587,723,760,699,570,346,75,-213,-485,-694,-819,-853,-768,-588,-337,-40,276,546,758,864,860,766,569,294,-4,-300,-556,-736,-836,-834,-723,-532,-283,-2,274,511,678,767,757,666,498,292,55,-194,-411,-575,-662,-681,-621,-495,-321,-115,97,298,452,558,604,584,506,376,206,17,-165,-330,-459,-534,-560,-532,-442,-309,-143,39,218,374,484,546,557,512,398,-198,76,-119,-301,-449,-556,-596,-572,-487,-340,-161,46,245,421,549,612,608,533,392,214,8,-200,-382,-520,-593,-602,-538,-409,-244,-51,137,305,438,515,543,497,395,266,111,-57,-208,-329,-412,-443,-432,-375,-281,-164,-39,77,188,266,317,341,321,282,214,133,60,-23,-104,-173,-222,-255,-271,-270,-248,-201,-145,-74,8,96,179,253,303,323,325,290,223,133,19,-98,-213,-310,-379,-412,-406,-352,-270,-150,-6,141,280,388,461,491,471,394,282,129,-43,-211,-372,-493,-557,-575,-525,-415,-261,-70,134,325,489,609,656,635,551,403,195,-31,-271,-472,-639,-730,-741,-669,220,738
10652,mtk,MTK 7916,4081542762,rx1-tx0,512,126,1121,1370,-486,-597,-632,-582,-450,-264,-47,176,383,534,619,623,544,397,199,-29,-251,-442,-570,-633,-608,-514,-353,-147,81,305,481,605,653,612,505,329,115,-119,-337,-516,-642,-686,-651,-532,-354,-129,121,361,553,686,736,704,587,389,147,-114,-367,-584,-742,-811,-784,-667,-464,-194,99,377,623,804,894,879,748,532,250,-76,-402,-681,-878,-969,-950,-818,-580,-277,76,425,711,922,1018,994,851,607,282,-62,-404,-701,-911,-1011,-988,-855,-619,-318,22,349,634,838,949,956,853,656,394,85,-236,-519,-753,-902,-943,-892,-740,-505,-216,97,405,675,876,970,961,861,646,355,27,231,-622,-864,-1015,-1056,-983,-786,-499,-159,226,591,888,1085,1163,1110,909,602,220,-203,-601,-929,-1161,-1263,-1211,-1017,-692,-276,161,599,965,1215,1339,1284,1085,764,337,-128,-580,-975,-1246,-1388,-1360,-1168,-842,-419,69,547,970,1279,1442,1433,1252,929,490,-21,-537,-991,-1346,-1540,-1536,-1353,-1002,-514,43,602,1094,1445,1623,1598,1360,948,422,-176,-743,-1207,-1532,-1644,-1533,-1224,-765,-201,369,872,1270,1475,1497,1318,969,515,-7,-490,-909,-1194,-1316,-1264,-1044,-705,-287,166,569,888,1076,1122,1026,787,457,65,-317,-641,-880,-991,-949,-764,-476,-123,247,573,781,849,759,539,221,-109,-384,-544,-557,-615,-4,-253,864,847,287,464,564,532,373,111,-196,-476,-676,-764,-723,-545,-277,39,364,635,810,869,803,622,346,14,-330,-629,-856,-970,-958,-816,-548,-213,160,524,831,1037,1111,1046,846,521,125,-304,-707,-1021,-1220,-1267,-1137,-874,-484,-16,463,886,1215,1394,1387,1208,859,402,-99,-619,-1072,-1377,-1504,-1466,-1226,-833,-328,231,743,1169,1466,1564,1480,1202,771,255,-299,-823,-1231,-1499,-1571,-1449,-1156,-699,-188,348,842,1233,1463,1507,1387,1096,673,171,-332,-798,-1176,-1395,-1454,-1342,-1060,-676,-207,284,739,1092,1324,1404,1320,1073,707,264,-203,-645,-1016,-1273,-1375,-1317,-1106,-761,-335,122,578,954,1228,1364,1334,-49,844,440,-31,-491,-902,-1220,-1380,-1394,-1240,-942,-528,-46,443,886,1236,1432,1468,1326,1032,603,97,-422,-908,-1269,-1489,-1540,-1391,-1078,-627,-97,442,939,1304,1525,1551,1383,1059,587,56,-484,-954,-1310,-1496,-1505,-1327,-988,-537,-28,487,926,1236,1405,1392,1215,901,478,3,-455,-850,-1121,-1255,-1250,-1083,-791,-423,-13,377,718,971,1103,1095,964,725,405,54,-300,-606,-833,-963,-974,-866,-666,-393,-79,234,522,730,856,876,788,615,366,85,-198,-460,-666,-779,-802,-724,-554,-334,-76,197,437,624,731,732,656,490,271,30,-223,-445,-598,-688,-679,-590,-420,-200,42,269,464,596,641,620,3,387,987,-785,-186,-405,-208,21,247,439,565,622,601,501,335,127,-103,-316,-486,-596,-629,-582,-456,-276,-58,167,372,534,627,642,569,429,240,11,-216,-416,-571,-655,-660,-580,-435,-233,0,239,453,607,700,704,623,466,256,4,-246,-482,-659,-756,-773,-696,-536,-307,-32,244,502,710,832,851,775,610,366,70,-243,-530,-758,-906,-949,-868,-684,-413,-96,235,555,809,970,1015,925,730,446,106,-248,-575,-837,-991,-1021,-942,-745,-466,-128,216,532,789,947,999,929,758,504,199,-130,-443,-698,-874,-959,-925,-799,-587,-303,9,318,596,808,923,945,865,693,437,120,-191,-500,-763,-935,-1000,-568,-825,-579,-269,82,433,752,973,1099,1100,962,714,379,-7,-409,-767,-1029,-1187,-1203,-1072,-814,-462,-41,389,784,1096,1266,1289,1170,896,532,86,-380,-792,-1122,-1326,-1360,-1250,-978,-596,-144,338,784,1136,1362,1426,1323,1071,681,208,-304,-771,-1159,-1418,-1510,-1415,-1157,-762,-248,290,801,1224,1510,1604,1503,1200,752,199,-385,-929,-1350,-1608,-1652,-1473,-1113,-613,-24,560,1056,1415,1578,1526,1292,885,372,-172,-689,-1091,-1349,-1416,-1295,-1019,-615,-155,319,732,1031,1193,1200,1043,764,383,-25,-428,-752,-975,-1057,-982,-784,-490,-125,253,581,814,916,879,689,393,37,-307,-581,-720,-696,-537,-277,0,-1174,-1325,665,-165,233,380,232,-11,-286,-526,-671,-678,-547,-309,-7,312,585,759,823,755,563,286,-41,-363,-643,-840,-924,-875,-706,-436,-101,254,590,854,1004,1029,921,686,355,-39,-432,-789,-1047,-1180,-1167,-999,-692,-300,157,593,961,1229,1341,1273,1039,681,207,-292,-768,-1158,-1387,-1456,-1350,-1055,-620,-120,415,914,1293,1519,1541,1361,1034,558,9,-534,-1026,-1369,-1550,-1544,-1345,-980,-492,60,593,1063,1392,1540,1511,1291,918,432,-86,-588,-1035,-1343,-1479,-1442,-1242,-891,-433,57,553,964,1262,1411,1390,1205,884,470,2,-477,-898,-1204,-1368,-1368,-1217,-933,-534,-75,392,814,1141,1326,1365,1240,972,606,160,-309,425,-1078,-1312,-1389,-1294,-1061,-695,-247,228,687,1069,1331,1436,1377,1157,799,335,-170,-661,-1081,-1376,-1507,-1462,-1242,-854,-384,158,681,1121,1430,1558,1501,1255,855,362,-192,-713,-1153,-1444,-1552,-1472,-1215,-808,-307,221,722,1127,1382,1478,1389,1120,740,266,-233,-685,-1045,-1279,-1350,-1257,-1018,-650,-232,206,620,934,1129,1188,1102,903,594,225,-159,-507,-794,-977,-1045,-991,-817,-560,-245,96,413,672,855,925,888,746,522,250,-62,-352,-601,-772,-839,-812,-691,-485,-226,55,333,554,702,767,739,617,428,177,-86,-332,-538,-655,-708,-674,-546,-353,-116,132,353,534,638,664,601,470,265,37,-192,-900,-801
10653,mtk,MTK 7916,4081542762,rx1-tx1,512,0,0,0,382,563,653,616,439,170,-135,-415,-622,-702,-638,-449,-172,150,449,654,726,658,460,156,-182,-480,-682,-747,-662,-440,-132,208,510,712,773,671,428,101,-251,-546,-732,-768,-646,-393,-55,297,591,772,788,644,366,4,-360,-655,-818,-806,-628,-325,48,410,702,857,834,637,308,-84,-461,-754,-906,-873,-652,-308,96,496,798,934,886,663,307,-106,-506,-810,-956,-909,-679,-326,93,502,811,959,924,713,367,-46,-450,-760,-924,-909,-721,-405,-9,378,678,841,850,694,416,69,-282,-563,-722,-744,-627,-388,-88,212,461,599,609,500,300,57,-188,-389,-485,-468,-370,-194,14,0,339,398,362,239,61,-118,-276,-370,-370,-286,-138,41,225,367,434,408,288,100,-109,-313,-459,-507,-460,-324,-118,122,340,496,552,508,368,148,-95,-317,-484,-552,-507,-370,-174,58,273,423,502,468,335,154,-55,-254,-384,-430,-383,-253,-76,112,282,389,401,325,172,-23,-209,-346,-416,-410,-312,-135,73,279,442,508,483,367,171,-62,-288,-468,-567,-550,-433,-243,-6,233,434,552,566,483,321,102,-139,-347,-485,-535,-482,-346,-155,62,255,392,455,443,341,180,0,-176,-312,-387,-391,-320,-193,-41,111,246,336,367,342,266,148,13,-116,-219,-287,-312,-293,-243,-170,0,0,0,0,0,67,139,214,278,316,315,270,186,67,-77,-213,-330,-411,-433,-384,-271,-113,66,251,402,490,498,417,252,44,-178,-381,-522,-576,-529,-387,-165,93,347,540,647,649,521,284,-1,-297,-546,-708,-740,-651,-441,-137,197,497,714,811,752,557,269,-81,-420,-673,-815,-809,-637,-354,-9,328,606,768,787,655,389,54,-284,-571,-740,-765,-644,-400,-77,262,546,725,769,656,412,88,-249,-536,-720,-768,-663,-422,-104,229,512,699,750,656,427,107,-228,-506,-688,-738,-641,-424,-120,217,503,679,728,633,414,111,-214,-498,-676,-721,-616,-393,-95,227,508,684,727,627,398,89,0,-513,-691,-731,-616,-386,-80,246,527,701,741,631,390,65,-264,-542,-710,-740,-621,-380,-56,276,546,707,730,608,364,45,-277,-545,-702,-711,-572,-326,-7,313,559,695,693,539,271,-42,-347,-583,-696,-665,-493,-225,91,384,602,690,635,456,173,-150,-444,-649,-711,-630,-422,-117,215,498,676,716,615,389,81,-254,-541,-717,-737,-622,-383,-62,275,546,706,730,617,373,53,-268,-526,-680,-699,-584,-346,-40,264,501,639,640,509,277,-10,-286,-493,-596,-579,-438,-201,67,315,482,551,507,354,120,-135,-352,-499,-542,-458,-274,-40,212,423,537,543,432,222,-35,-292,-499,0,0,0,0,0,-522,-307,-24,270,513,656,671,549,308,3,-305,-557,-698,-707,-575,-317,4,321,578,722,721,577,317,-17,-346,-606,-747,-729,-559,-284,47,380,638,759,733,555,256,-99,-426,-671,-783,-733,-523,-203,163,496,728,812,737,510,172,-207,-546,-774,-855,-752,-496,-137,255,594,815,880,771,498,112,-297,-648,-869,-916,-788,-500,-104,317,672,889,941,812,513,106,-317,-678,-903,-958,-835,-539,-141,278,639,881,956,839,563,183,-219,-580,-822,-903,-818,-585,-234,149,482,719,814,750,542,239,-98,-391,-596,-684,-634,-468,-208,70,313,478,541,494,345,128,-103,-285,-398,-424,0,-218,-29,163,302,373,363,262,104,-82,-257,-370,-397,-341,-206,-16,188,357,453,459,377,212,-13,-234,-420,-526,-526,-422,-245,-14,228,424,535,544,449,276,45,-188,-385,-511,-521,-441,-278,-54,168,342,446,455,369,216,23,-174,-327,-400,-389,-288,-123,67,233,354,398,355,237,62,-145,-332,-447,-471,-400,-251,-36,193,379,507,541,475,314,89,-158,-374,-522,-586,-540,-391,-178,70,299,473,554,538,432,241,14,-198,-377,-482,-494,-408,-261,-65,134,287,390,421,378,272,110,-70,-223,-330,-376,-356,-276,-155,-9,134,250,326,353,324,257,160,49,-53,-132,-189,0,0,0,0,0,-206,-194,-160,-93,2,112,221,312,370,384,340,239,99,-64,-227,-364,-449,-462,-406,-277,-85,125,313,458,530,514,410,224,-10,-255,-459,-581,-602,-523,-347,-89,192,445,635,716,655,475,218,-92,-403,-637,-763,-763,-626,-362,-32,307,595,770,806,707,479,153,-203,-521,-733,-806,-736,-525,-214,136,451,680,779,724,531,238,-113,-439,-675,-775,-731,-552,-258,87,415,653,767,731,553,270,-66,-392,-639,-761,-732,-557,-276,57,381,622,740,714,548,278,-43,-359,-609,-729,-706,-549,-275,53,358,593,715,692,532,264,-61,-372,-606,-718,-697,-539,-260,73,383,614,734,0,517,238,-86,-392,-624,-743,-707,-524,-236,92,403,633,741,696,512,233,-101,-419,-643,-734,-689,-507,-218,112,418,645,739,666,473,194,-133,-434,-644,-724,-646,-436,-146,176,464,655,706,610,393,97,-219,-497,-671,-703,-581,-343,-44,267,531,677,684,550,304,-10,-333,-581,-708,-685,-523,-246,81,388,618,728,688,511,230,-103,-417,-648,-745,-689,-509,-222,107,412,640,738,686,493,202,-121,-414,-613,-683,-629,-458,-184,124,395,577,638,560,365,104,-170,-402,-545,-580,-489,-294,-38,223,433,542,534,412,204,-50,-283,-459,-545,-506,-348,-126,129,366,524,573,503,318,0,0
10654,mtk,MTK 7916,4081542762,rx2-tx0,512,0,0,0,-238,-480,-632,-654,-539,-310,-15,282,525,666,667,526,280,-33,-340,-572,-689,-670,-510,-241,81,388,611,705,659,473,185,-143,-443,-651,-726,-649,-435,-126,211,504,698,734,622,386,55,-285,-566,-733,-746,-598,-320,29,374,648,788,759,563,248,-123,-469,-728,-839,-766,-539,-200,199,569,822,904,801,531,150,-267,-637,-881,-946,-820,-521,-104,330,702,941,985,831,512,93,-358,-748,-978,-1006,-840,-505,-65,388,767,987,1010,832,489,50,-401,-770,-979,-985,-804,-462,-30,411,767,964,959,762,420,-4,-425,-756,-935,-916,-714,-374,45,449,756,907,865,640,294,-109,-495,0,-898,-836,-597,-228,184,562,830,922,827,562,174,-256,-641,-896,-970,-850,-557,-141,310,706,969,1038,903,587,143,-331,-745,-1030,-1111,-975,-646,-181,320,769,1061,1153,1032,705,231,-297,-755,-1071,-1183,-1062,-747,-281,248,728,1065,1198,1102,787,315,-210,-689,-1038,-1191,-1118,-823,-369,149,633,1000,1181,1139,876,447,-58,-540,-927,-1135,-1121,-902,-523,-55,417,803,1029,1063,905,578,148,-292,-668,-904,-972,-861,-593,-216,178,529,779,867,796,583,274,-72,-398,-639,-760,-739,-588,-333,-32,261,504,650,678,590,410,168,-97,-335,-514,-604,-600,-511,-355,-164,27,201,328,400,414,381,0,0,0,0,0,231,122,-22,-193,-366,-514,-606,-615,-532,-366,-134,134,396,608,730,730,605,374,70,-266,-569,-780,-862,-790,-574,-237,155,529,830,990,967,767,421,-26,-486,-869,-1114,-1154,-978,-619,-132,396,868,1202,1319,1189,840,329,-262,-818,-1239,-1434,-1362,-1054,-539,87,702,1201,1486,1494,1227,729,96,-561,-1113,-1455,-1532,-1335,-883,-267,394,973,1376,1511,1359,958,377,-269,-853,-1274,-1449,-1339,-978,-442,174,751,1175,1365,1294,979,471,-118,-669,-1083,-1281,-1221,-930,-473,77,607,1008,1201,1160,892,447,-78,-574,-950,-1135,-1091,-838,-425,79,552,905,1079,1037,783,381,-88,-534,-877,-1037,-982,-735,0,122,547,864,1003,939,687,299,-147,-562,-857,-975,-896,-640,-256,181,574,851,955,859,589,206,-211,-582,-839,-926,-816,-542,-161,246,599,829,883,755,474,104,-286,-618,-815,-838,-693,-408,-39,333,627,789,784,618,330,-32,-382,-649,-769,-726,-542,-245,105,432,662,750,678,462,155,-182,-484,-673,-718,-619,-385,-67,257,528,688,699,559,301,-13,-321,-562,-685,-665,-503,-239,79,379,594,681,627,445,167,-150,-431,-616,-673,-590,-387,-107,201,459,619,654,552,331,43,-250,-490,-628,-633,-498,-263,20,302,521,628,597,441,194,-93,-357,-545,-625,-573,-400,-138,156,411,0,0,0,0,0,609,449,187,-116,-391,-589,-674,-617,-421,-143,163,449,641,696,614,402,106,-210,-488,-666,-703,-595,-366,-56,264,533,696,713,572,311,-9,-335,-592,-721,-702,-538,-254,84,407,640,742,696,500,191,-162,-481,-701,-771,-681,-447,-112,256,578,774,804,675,399,35,-343,-663,-847,-852,-683,-369,34,437,744,904,894,694,339,-85,-501,-818,-968,-926,-692,-315,125,543,860,1002,943,694,300,-159,-580,-887,-1019,-950,-683,-285,175,600,902,1015,932,660,257,-198,-607,-893,-1004,-907,-627,-226,213,612,884,972,865,590,196,-235,-612,-856,-929,-812,-531,-141,282,636,853,900,759,0,59,-342,-675,-872,-889,-717,-394,7,413,746,923,908,712,371,-61,-490,-827,-997,-970,-744,-366,89,535,886,1066,1035,795,399,-86,-564,-929,-1122,-1097,-851,-442,53,549,949,1161,1140,905,497,-5,-514,-926,-1162,-1169,-943,-539,-31,485,908,1159,1184,978,591,88,-435,-870,-1141,-1195,-1016,-648,-162,359,810,1098,1175,1040,708,245,-252,-696,-1005,-1122,-1029,-748,-338,125,556,872,1020,974,749,389,-30,-428,-734,-895,-889,-718,-426,-64,297,593,776,808,690,454,142,-181,-460,-653,-727,-665,-488,-233,51,317,526,636,640,545,369,145,-92,-302,-455,-538,-543,-479,-363,-219,-76,57,0,0,0,0,0,334,433,491,488,414,277,85,-143,-369,-555,-666,-683,-587,-389,-124,174,459,679,789,766,602,320,-29,-386,-690,-882,-926,-795,-512,-119,309,695,967,1077,995,719,293,-202,-681,-1046,-1227,-1193,-936,-495,54,604,1057,1331,1362,1140,701,125,-491,-1022,-1381,-1496,-1324,-909,-331,327,924,1355,1541,1439,1068,502,-153,-780,-1267,-1520,-1477,-1160,-632,5,640,1153,1447,1465,1199,711,96,-521,-1035,-1345,-1393,-1180,-743,-164,439,942,1252,1315,1131,729,187,-379,-868,-1177,-1245,-1069,-701,-201,341,802,1099,1176,1019,663,184,-329,-766,-1039,-1110,-963,-624,-162,323,731,991,1056,906,573,134,-333,-730,0,-1019,-855,-524,-92,355,725,950,978,810,484,56,-378,-732,-934,-946,-768,-437,-19,397,731,916,907,712,381,-19,-422,-736,-887,-860,-666,-335,67,451,734,859,811,600,267,-122,-481,-729,-824,-756,-528,-192,178,516,732,791,689,443,111,-248,-551,-726,-748,-615,-358,-27,307,573,717,704,544,275,-57,-376,-611,-713,-662,-471,-188,135,432,638,704,620,409,114,-207,-487,-662,-691,-576,-345,-44,270,522,659,662,531,287,-24,-321,-546,-661,-636,-477,-222,78,360,561,646,600,430,162,-141,-409,-582,-629,-553,-362,-91,196,442,598,626,518,300,23,-263,-491,-614,-613,-481,0,0
10655,mtk,MTK 7916,4081542762,rx2-tx1,512,0,0,0,77,124,146,137,89,31,-27,-83,-117,-114,-89,-48,8,62,102,120,112,76,20,-40,-96,-133,-142,-124,-78,-17,43,103,149,166,151,111,51,-21,-88,-140,-173,-172,-145,-88,-19,57,123,163,178,171,134,72,-1,-76,-133,-169,-185,-164,-119,-56,23,99,156,192,201,177,121,42,-40,-124,-194,-228,-221,-176,-98,-5,96,192,257,272,247,180,69,-58,-176,-264,-317,-323,-261,-140,-2,142,274,354,373,326,219,71,-98,-253,-362,-406,-376,-271,-124,52,223,356,433,423,325,167,-17,-204,-357,-442,-440,-353,-199,-3,194,358,458,469,382,218,12,-203,-385,0,-502,-417,-251,-27,210,414,541,565,484,304,54,-212,-448,-605,-641,-566,-383,-114,183,455,649,719,658,473,188,-131,-430,-661,-764,-729,-558,-273,70,406,667,808,805,650,363,-2,-362,-670,-859,-881,-742,-466,-87,312,657,889,957,848,583,210,-207,-586,-863,-986,-923,-686,-339,72,481,801,979,973,790,473,73,-342,-690,-912,-968,-847,-581,-213,184,536,798,913,853,636,317,-47,-399,-672,-818,-821,-673,-412,-91,239,521,699,751,675,481,206,-98,-370,-566,-668,-644,-514,-312,-59,199,416,555,596,541,416,228,11,-199,-366,-473,-511,-479,-393,-267,-122,19,127,201,0,0,0,0,0,33,-7,-58,-114,-160,-191,-204,-190,-143,-75,11,102,182,241,263,242,176,81,-27,-136,-238,-296,-302,-254,-160,-32,109,239,330,366,341,247,99,-70,-237,-363,-436,-433,-343,-187,6,214,401,516,541,470,307,83,-161,-389,-559,-635,-595,-445,-207,67,344,570,688,685,573,353,56,-264,-542,-725,-769,-684,-476,-172,171,483,714,802,751,571,290,-54,-392,-660,-810,-803,-646,-376,-33,316,602,778,809,695,448,117,-233,-545,-752,-804,-710,-486,-170,181,498,716,799,726,519,212,-140,-458,-688,-790,-744,-554,-258,87,421,664,781,758,587,302,-42,-381,-640,-778,-765,0,-323,17,356,627,772,768,623,351,11,-332,-618,-784,-790,-641,-366,-19,342,642,808,819,673,397,44,-325,-642,-829,-852,-720,-448,-85,300,629,840,898,781,513,146,-250,-599,-835,-911,-810,-569,-224,177,545,803,906,836,605,268,-114,-473,-739,-863,-817,-615,-309,51,403,673,808,791,622,337,-2,-325,-585,-732,-734,-594,-347,-36,272,521,669,680,563,344,63,-223,-456,-596,-620,-524,-332,-84,170,394,538,568,491,329,106,-133,-335,-467,-505,-445,-305,-122,79,262,386,433,401,297,140,-34,-195,-310,-360,-340,-254,-134,5,147,246,285,274,213,119,11,-97,-176,0,0,0,0,0,-153,-96,-20,47,98,126,125,89,36,-20,-70,-106,-113,-92,-53,-3,59,105,130,125,95,47,-18,-80,-121,-145,-150,-124,-71,0,67,126,164,168,149,100,38,-36,-105,-152,-178,-173,-136,-78,-8,64,126,169,187,175,135,67,-10,-82,-142,-175,-190,-176,-124,-50,27,104,169,210,218,177,108,22,-63,-146,-219,-252,-237,-183,-91,22,134,232,290,296,256,167,43,-94,-223,-309,-341,-321,-241,-111,47,192,315,388,388,307,175,6,-163,-313,-402,-413,-358,-238,-62,133,296,408,448,401,277,102,-99,-284,-415,-462,-420,-299,-120,93,296,432,484,450,328,0,-103,-309,-466,-537,-500,-367,-160,88,328,515,602,577,440,217,-59,-331,-544,-666,-663,-528,-297,-5,304,562,720,748,628,385,68,-277,-568,-752,-804,-707,-464,-130,230,551,777,868,789,559,233,-149,-512,-788,-919,-880,-672,-335,67,457,773,952,952,782,470,66,-358,-711,-944,-998,-877,-602,-208,219,593,866,981,917,691,340,-65,-457,-763,-919,-916,-752,-456,-82,308,623,820,880,770,524,202,-149,-468,-692,-789,-744,-569,-301,10,310,551,687,692,584,385,123,-157,-401,-560,-623,-588,-457,-251,-14,215,404,526,560,511,397,230,42,-134,-275,-371,-410,-395,-343,-262,0,0,0,0,0,131,153,154,132,96,39,-29,-103,-175,-225,-240,-221,-165,-87,8,107,195,261,281,245,170,66,-60,-180,-274,-319,-313,-254,-137,13,162,293,386,402,346,224,51,-144,-322,-447,-493,-455,-334,-145,85,303,477,575,575,469,274,18,-258,-491,-643,-689,-602,-402,-135,173,448,653,748,709,533,264,-51,-373,-632,-780,-782,-633,-376,-50,292,580,767,816,714,487,167,-184,-506,-737,-824,-764,-565,-249,105,430,677,803,780,603,311,-36,-375,-641,-785,-773,-624,-354,-12,327,603,768,788,654,398,69,-274,-564,-750,-794,-679,-433,-109,228,525,730,789,690,459,140,-206,0,-722,-792,-711,-485,-166,185,502,718,799,724,505,183,-175,-502,-735,-823,-752,-536,-215,160,503,744,850,797,582,251,-135,-488,-756,-883,-843,-640,-312,79,454,741,888,870,689,375,-11,-398,-712,-888,-892,-728,-429,-54,330,650,840,868,739,470,106,-267,-582,-781,-838,-734,-493,-155,200,516,723,785,701,492,188,-146,-443,-648,-730,-670,-479,-204,100,379,573,654,616,458,214,-64,-322,-512,-599,-568,-425,-216,27,267,448,535,518,406,221,-2,-216,-376,-459,-458,-374,-226,-42,150,302,385,394,328,211,68,-90,-227,-310,-324,-276,-188,-67,60,165,226,242,216,146,0,0
10656,mtk,MTK 7916,4081596439,rx0-tx0,512,-452,517,360,969,805,605,383,137,-109,-346,-553,-730,-876,-971,-1011,-1003,-941,-826,-677,-482,-268,-45,182,404,608,782,914,993,1030,999,911,762,586,372,126,-120,-370,-586,-780,-926,-1008,-1033,-994,-899,-757,-564,-345,-103,137,360,559,717,834,900,908,868,777,654,488,299,105,-87,-268,-427,-560,-657,-716,-732,-710,-648,-552,-432,-300,-150,1,147,271,386,472,529,552,546,525,477,399,303,201,83,-32,-138,-236,-323,-379,-422,-431,-418,-388,-340,-275,-196,-112,-26,49,122,191,240,261,278,281,259,239,207,169,130,85,42,9,-30,-63,-89,-116,-130,-154,-164,-176,-186,-185,-182,-588,-144,-102,-73,-28,31,75,125,164,198,221,229,231,216,187,154,99,50,-4,-52,-98,-140,-163,-186,-190,-186,-174,-155,-132,-110,-77,-49,-29,-12,1,22,40,59,87,100,126,156,181,211,237,244,242,222,187,130,52,-38,-143,-246,-334,-415,-478,-509,-499,-464,-392,-280,-133,26,180,352,488,600,673,697,675,603,480,326,142,-46,-235,-410,-563,-677,-739,-752,-704,-620,-485,-323,-129,75,259,429,565,653,694,685,633,534,414,258,90,-74,-238,-374,-484,-561,-580,-572,-532,-439,-317,-187,-33,120,254,371,455,491,489,437,354,222,72,-69,-193,-284,-325,-308,598,657,611,-451,-562,217,105,-62,-230,-385,-498,-560,-549,-474,-339,-167,23,227,401,545,646,693,678,601,479,321,124,-83,-278,-462,-609,-714,-760,-750,-693,-573,-408,-221,-14,202,400,561,687,762,777,738,640,498,333,136,-54,-232,-394,-515,-602,-645,-638,-587,-501,-393,-262,-141,-8,121,227,315,373,411,426,415,373,327,281,230,165,83,7,-53,-110,-175,-222,-263,-279,-300,-310,-303,-278,-238,-195,-145,-89,-17,45,101,161,202,247,273,299,307,303,284,250,218,161,106,37,-43,-110,-189,-245,-294,-349,-385,-397,-395,-370,-326,-268,-183,-90,17,132,241,349,436,511,556,569,545,-291,411,316,191,40,-121,-268,-413,-530,-627,-694,-721,-698,-647,-558,-421,-262,-88,101,285,456,614,737,814,845,835,772,673,533,357,155,-49,-256,-460,-633,-778,-894,-962,-984,-946,-858,-729,-547,-333,-81,175,427,656,864,1037,1142,1188,1180,1088,938,728,460,151,-151,-453,-742,-1005,-1208,-1332,-1395,-1374,-1274,-1089,-838,-527,-184,173,522,860,1133,1327,1471,1510,1464,1326,1106,829,495,126,-230,-592,-910,-1180,-1373,-1477,-1501,-1444,-1294,-1068,-776,-444,-88,269,608,919,1159,1324,1428,1432,1349,1187,962,685,381,39,-290,-598,-862,-1071,-1226,-1291,-1276,-1204,-1059,-856,-612,-331,-41,247,511,745,40,-133,-738,-440,-600,-528,-738,-896,-1000,-1056,-1046,-984,-868,-718,-525,-302,-81,143,365,566,743,881,963,999,982,921,804,649,446,236,-3,-250,-487,-690,-848,-978,-1038,-1043,-975,-852,-693,-487,-248,4,253,482,682,838,946,993,978,905,783,622,429,211,-11,-222,-414,-577,-707,-782,-819,-807,-755,-659,-532,-383,-218,-43,126,279,414,519,593,633,636,601,545,467,366,246,116,-14,-132,-245,-346,-420,-478,-500,-491,-460,-417,-346,-256,-153,-52,42,131,217,285,330,359,366,356,324,279,216,157,95,15,-48,-91,-132,-160,-182,-196,-197,-200,-195,-177,-161,-138,-121,-99,-67,-41,-2,34,78,321,159,182,191,215,216,210,196,157,118,64,12,-38,-94,-136,-182,-210,-222,-229,-216,-199,-159,-128,-90,-43,1,37,72,92,113,131,134,133,125,123,126,125,135,124,114,110,89,70,38,-8,-68,-129,-190,-246,-310,-355,-382,-383,-354,-295,-218,-104,28,165,291,417,513,589,609,605,554,450,325,152,-34,-219,-396,-541,-659,-727,-747,-713,-628,-502,-332,-149,59,253,431,574,674,737,736,689,594,453,288,107,-75,-252,-405,-524,-610,-640,-637,-585,-489,-370,-222,-65,77,229,361,454,516,545,520,462,369,241,97,-56,-197,-316,-405,-433,-413,-349,-245,-117,3,200,-14,577,-371,-222,-293,-399,-445,-420,-328,-184,-8,187,367,514,604,642,615,525,392,219,20,-183,-372,-523,-650,-723,-730,-685,-590,-445,-268,-62,149,352,535,661,744,782,757,672,541,370,175,-28,-230,-417,-564,-668,-720,-718,-670,-583,-448,-298,-124,46,201,328,434,500,535,539,499,443,361,265,172,81,-14,-101,-176,-227,-280,-316,-340,-333,-320,-308,-277,-229,-174,-111,-54,20,86,146,194,230,259,282,299,293,288,251,213,168,119,60,-2,-63,-132,-186,-240,-282,-301,-333,-328,-328,-306,-260,-216,-154,-69,13,97,191,273,360,421,460,480,471,441,385,303,197,69,-62,-192,374,-425,-526,-604,-647,-639,-603,-526,-424,-298,-143,32,205,359,507,634,722,775,786,746,671,552,387,201,7,-188,-384,-556,-703,-817,-880,-894,-879,-804,-686,-530,-342,-132,86,314,528,732,894,1012,1078,1084,1032,916,753,526,263,-7,-291,-570,-820,-1035,-1201,-1290,-1297,-1248,-1117,-917,-645,-346,-21,315,652,943,1189,1364,1463,1467,1388,1224,967,686,347,-19,-387,-738,-1034,-1270,-1442,-1512,-1500,-1406,-1216,-968,-646,-294,75,439,772,1056,1276,1423,1483,1448,1338,1142,875,574,238,-112,-456,-752,-1014,-1202,-1331,-1377,-1331,-1210,-1022,-778,-498,-181,122,416,688,911,1077,1179,1204,1162,1056,895,-530,-529
10657,mtk,MTK 7916,4081596439,rx0-tx1,512,323,-755,-847,-630,-763,-854,-896,-882,-823,-714,-563,-376,-153,85,319,534,726,884,985,1037,1026,956,828,654,434,182,-83,-334,-581,-796,-965,-1079,-1129,-1119,-1035,-904,-716,-480,-215,63,333,592,812,986,1112,1168,1166,1091,950,762,522,261,-16,-288,-550,-774,-946,-1080,-1149,-1150,-1085,-964,-792,-582,-330,-74,184,434,665,850,987,1074,1095,1054,965,824,636,416,183,-62,-293,-508,-693,-845,-953,-1005,-1003,-943,-833,-696,-516,-311,-93,124,332,528,690,815,900,935,924,864,757,626,453,255,50,-153,-350,-535,-695,-819,-897,-933,-918,-858,-748,-605,-423,-212,7,229,444,641,803,923,994,1009,-430,879,724,535,315,59,-197,-443,-676,-863,-1001,-1090,-1112,-1069,-949,-775,-551,-292,-18,268,527,764,950,1082,1140,1132,1059,921,714,463,189,-98,-369,-626,-831,-986,-1083,-1108,-1058,-947,-772,-561,-325,-67,195,438,646,809,915,958,949,881,762,598,405,193,-19,-229,-408,-558,-662,-735,-758,-738,-675,-577,-454,-307,-142,20,166,301,411,505,561,581,567,527,457,361,249,135,13,-108,-207,-300,-375,-419,-438,-441,-411,-362,-298,-210,-124,-29,64,152,231,287,333,359,360,337,295,236,163,86,-7,-93,-172,-239,-284,-314,-311,-282,-236,-163,-88,3,90,158,204,225,207,169,-134,-404,-302,1054,1160,-124,-59,40,141,240,310,348,351,307,244,151,42,-74,-186,-278,-357,-408,-423,-413,-375,-314,-226,-118,-4,109,220,324,407,461,493,498,467,411,318,206,74,-62,-204,-330,-455,-554,-617,-637,-626,-566,-480,-349,-192,-15,160,335,498,633,722,768,767,722,626,486,302,102,-108,-311,-501,-658,-773,-833,-847,-798,-696,-549,-374,-180,28,234,425,588,707,775,799,776,697,579,432,262,89,-90,-270,-423,-543,-625,-668,-677,-645,-581,-492,-375,-237,-91,48,179,304,407,494,539,549,549,520,459,380,283,176,61,-61,-172,-276,-372,-446,-504,-528,-532,-510,-458,-385,-280,230,-48,74,199,320,421,496,550,576,568,521,446,351,230,99,-36,-172,-298,-405,-494,-549,-580,-571,-527,-450,-360,-253,-127,0,122,240,338,413,476,504,505,481,433,361,277,182,76,-23,-119,-215,-287,-347,-389,-407,-411,-397,-369,-323,-267,-197,-127,-53,33,111,181,245,301,348,377,388,387,374,343,300,235,161,72,-16,-119,-208,-290,-360,-422,-463,-474,-467,-439,-384,-310,-218,-117,-3,113,232,328,415,490,535,550,545,511,445,359,255,134,5,-128,-256,-380,-482,-558,-610,-631,-626,-579,-507,-405,-281,-132,29,191,339,475,598,689,739,746,714,645,544,399,-381,175,95,-389,-146,-573,-410,-219,-18,199,404,601,763,890,965,980,941,849,709,514,290,47,-203,-445,-664,-850,-996,-1083,-1097,-1056,-953,-788,-576,-331,-66,206,470,705,907,1054,1140,1158,1115,1008,838,625,370,94,-182,-456,-692,-896,-1051,-1141,-1172,-1130,-1034,-871,-673,-435,-166,113,373,612,814,977,1082,1123,1108,1033,898,709,493,248,-5,-250,-479,-690,-859,-975,-1037,-1044,-994,-898,-754,-574,-358,-128,102,324,520,689,829,917,960,950,898,794,650,478,281,70,-140,-349,-529,-683,-813,-891,-926,-912,-853,-751,-610,-437,-244,-31,183,386,570,727,856,935,961,944,873,752,581,380,154,-82,-1099,-546,-741,-893,-1010,-1067,-1050,-983,-851,-660,-438,-185,84,354,609,821,993,1100,1139,1108,1010,856,640,388,105,-173,-444,-692,-902,-1045,-1127,-1128,-1068,-941,-754,-525,-265,11,281,534,749,906,1009,1047,1022,928,783,592,367,130,-103,-330,-527,-684,-798,-858,-868,-821,-723,-591,-430,-254,-64,117,288,427,536,611,657,658,628,555,462,345,208,67,-66,-193,-309,-403,-463,-499,-511,-487,-438,-374,-280,-181,-78,23,127,215,297,354,384,398,389,359,305,236,160,70,-24,-113,-191,-253,-297,-326,-337,-313,-279,-218,-149,-65,28,104,181,236,272,282,254,202,135,51,-32,-91,-828,-756,-305,-468,72,201,261,284,270,218,129,28,-95,-204,-293,-361,-392,-395,-358,-296,-212,-108,4,113,215,310,385,433,452,450,419,354,257,147,28,-98,-221,-339,-435,-513,-556,-572,-542,-480,-392,-275,-136,17,181,332,470,585,669,710,703,660,562,424,251,60,-139,-336,-513,-663,-769,-826,-827,-778,-676,-529,-346,-138,70,285,475,636,753,821,837,794,708,578,409,212,14,-183,-363,-512,-634,-704,-730,-725,-673,-584,-462,-313,-156,5,160,304,425,523,583,606,595,561,499,417,314,182,65,-54,-180,-293,-386,-455,-503,-529,-529,-502,-458,-383,-288,-178,-60,57,179,287,382,462,-198,551,550,525,464,373,269,145,13,-124,-254,-368,-466,-540,-576,-583,-557,-497,-412,-302,-182,-49,91,224,338,425,498,537,542,524,476,399,310,205,88,-21,-135,-239,-325,-386,-431,-457,-457,-441,-395,-332,-264,-176,-89,1,85,167,233,291,336,363,381,386,364,337,298,245,178,99,21,-55,-140,-215,-287,-349,-392,-419,-428,-424,-392,-346,-280,-201,-103,1,102,208,304,386,451,493,513,507,473,412,336,239,123,4,-119,-240,-350,-439,-514,-563,-587,-579,-546,-476,-380,-268,-134,5,153,295,421,530,614,671,689,671,616,532,414,266,104,-70,-244,-404,-550,-672,-1034,-1106
10658,mtk,MTK 7916,4081596439,rx1-tx0,512,126,-1322,-837,466,377,264,134,-3,-142,-267,-373,-453,-504,-509,-484,-423,-331,-221,-100,34,158,274,370,444,482,485,462,412,331,220,100,-21,-143,-266,-367,-446,-501,-523,-510,-466,-390,-293,-170,-43,103,237,369,475,557,601,611,594,525,423,297,145,-19,-193,-353,-500,-619,-698,-745,-733,-680,-583,-444,-281,-91,114,317,501,649,770,844,863,831,737,602,426,225,11,-215,-423,-607,-755,-855,-903,-903,-840,-741,-599,-405,-194,24,244,451,629,771,873,924,930,878,781,630,448,244,29,-196,-419,-622,-789,-916,-994,-1015,-991,-896,-748,-558,-330,-81,179,438,681,887,1047,1146,1179,231,1061,887,649,379,68,-259,-561,-848,-1089,-1261,-1373,-1390,-1319,-1164,-936,-647,-316,53,426,777,1093,1334,1498,1569,1543,1418,1210,910,541,144,-262,-673,-1043,-1341,-1569,-1691,-1709,-1618,-1432,-1139,-775,-374,70,514,923,1277,1547,1729,1798,1753,1621,1356,1018,604,136,-332,-789,-1182,-1512,-1745,-1884,-1882,-1748,-1509,-1167,-743,-270,232,721,1138,1486,1731,1854,1848,1710,1453,1100,675,211,-268,-706,-1083,-1374,-1564,-1642,-1601,-1435,-1194,-886,-503,-112,269,618,909,1129,1263,1311,1255,1121,923,658,348,35,-274,-544,-773,-939,-1046,-1049,-979,-834,-617,-356,-71,217,477,682,811,849,784,624,402,149,-102,-293,-768,-1276,-253,-970,-599,-383,-290,-115,97,319,518,658,727,712,609,449,226,-19,-261,-490,-681,-806,-869,-873,-800,-664,-475,-238,18,275,519,722,885,987,1016,984,875,708,472,212,-82,-375,-644,-875,-1054,-1161,-1203,-1159,-1040,-841,-575,-274,57,391,696,981,1202,1331,1375,1346,1214,997,718,388,18,-352,-709,-1030,-1284,-1442,-1513,-1493,-1377,-1140,-855,-501,-114,283,658,1003,1273,1466,1553,1536,1429,1232,944,602,229,-152,-519,-856,-1141,-1349,-1472,-1500,-1419,-1255,-1032,-750,-406,-62,293,623,905,1141,1311,1390,1391,1304,1145,918,637,320,-11,-330,-642,-914,-1124,-1259,-1338,-1331,-1242,-1085,-859,-590,-283,41,354,662,-49,1126,1270,1346,1348,1267,1105,883,606,288,-52,-402,-713,-995,-1227,-1382,-1451,-1437,-1331,-1148,-887,-570,-211,162,536,872,1167,1372,1498,1528,1463,1303,1059,759,402,8,-368,-721,-1029,-1272,-1431,-1486,-1453,-1323,-1113,-841,-518,-167,187,518,814,1058,1220,1306,1308,1230,1082,861,605,324,23,-268,-538,-761,-935,-1047,-1098,-1075,-989,-855,-669,-454,-222,17,250,450,626,773,862,895,878,817,706,554,384,187,-14,-214,-395,-549,-668,-750,-782,-761,-699,-591,-454,-293,-115,69,243,395,532,624,675,679,644,566,458,321,156,-6,-165,-312,-436,-527,-582,-599,-574,-513,-418,-296,-159,-8,135,268,-715,-1046,987,-690,-1241,-263,-374,-456,-504,-521,-498,-437,-349,-241,-111,27,157,279,375,444,488,497,469,411,324,216,86,-41,-161,-278,-374,-448,-483,-493,-480,-436,-353,-254,-134,-3,128,255,367,461,521,554,555,520,455,353,228,81,-64,-216,-365,-488,-591,-654,-680,-662,-603,-507,-371,-214,-32,161,337,505,637,738,799,808,761,661,525,360,153,-61,-276,-474,-641,-774,-859,-895,-877,-799,-670,-501,-306,-95,133,348,536,703,829,895,915,886,802,670,510,313,102,-119,-328,-525,-701,-832,-921,-960,-947,-877,-756,-594,-400,-176,56,292,531,738,910,1027,1082,1080,1024,907,728,493,226,-61,-568,-614,-875,-1074,-1215,-1292,-1276,-1185,-1034,-801,-523,-194,161,502,820,1093,1308,1447,1489,1432,1298,1076,778,430,39,-355,-733,-1066,-1349,-1537,-1631,-1631,-1536,-1318,-1030,-664,-251,177,594,981,1319,1557,1715,1761,1692,1518,1249,897,491,29,-404,-839,-1222,-1517,-1739,-1833,-1826,-1692,-1448,-1113,-702,-237,264,730,1153,1501,1749,1877,1888,1751,1509,1165,741,259,-237,-718,-1130,-1456,-1671,-1777,-1753,-1598,-1340,-998,-598,-169,278,672,997,1256,1421,1469,1423,1279,1051,758,435,84,-261,-563,-822,-1021,-1141,-1169,-1118,-984,-787,-544,-256,53,333,590,789,916,966,924,793,586,328,42,-234,-460,-606,-665,-616,-480,1226,728,665,-584,-964,272,431,552,597,555,430,238,5,-246,-471,-648,-769,-809,-778,-687,-519,-307,-71,173,419,629,798,910,948,924,826,665,459,203,-62,-334,-589,-811,-975,-1074,-1111,-1069,-947,-763,-516,-231,75,393,682,930,1120,1239,1298,1248,1130,930,648,313,-27,-381,-715,-1008,-1242,-1400,-1460,-1426,-1301,-1086,-786,-434,-59,327,706,1030,1284,1474,1558,1532,1415,1198,908,555,163,-237,-612,-957,-1232,-1423,-1517,-1522,-1428,-1247,-983,-663,-313,60,421,748,1023,1258,1395,1441,1409,1282,1089,837,520,183,-161,-491,-783,-1032,-1216,-1331,-1362,-1312,-1196,-998,-742,-456,-145,191,507,793,1023,1196,1311,1339,1293,1165,425,747,455,141,-187,-509,-799,-1052,-1246,-1367,-1408,-1357,-1221,-1024,-756,-436,-86,271,615,927,1184,1374,1482,1500,1419,1252,996,673,309,-80,-462,-813,-1106,-1330,-1485,-1529,-1469,-1330,-1104,-809,-459,-92,277,627,936,1177,1343,1413,1396,1291,1114,867,566,243,-90,-402,-680,-914,-1074,-1180,-1200,-1150,-1028,-852,-635,-385,-118,150,390,604,775,894,969,987,937,832,694,515,310,96,-115,-318,-505,-649,-751,-812,-823,-793,-712,-588,-426,-252,-59,124,309,467,597,683,727,722,673,589,469,309,145,-24,-191,-345,-471,-572,-626,-640,-613,-544,-440,-308,-164,-6,145,289,408,496,549,563,539,490,896,458
10659,mtk,MTK 7916,4081596439,rx1-tx1,512,0,0,0,666,481,159,-205,-512,-677,-642,-412,-55,313,585,690,587,315,-51,-395,-625,-660,-499,-201,156,467,631,609,401,73,-268,-527,-623,-528,-279,53,374,579,596,427,132,-190,-456,-585,-528,-304,4,312,533,590,457,182,-155,-441,-587,-559,-355,-42,288,541,618,506,238,-111,-427,-617,-624,-439,-119,240,524,644,576,345,6,-341,-594,-658,-521,-235,125,451,640,642,445,107,-258,-545,-670,-598,-349,1,355,608,677,556,277,-96,-437,-646,-674,-502,-180,184,483,639,613,420,111,-228,-494,-606,-533,-311,-16,266,466,519,409,188,-80,-312,-438,-421,-276,-57,178,348,388,0,107,-103,-287,-376,-333,-185,33,256,401,421,296,67,-191,-403,-508,-465,-269,22,318,534,603,498,246,-89,-426,-650,-686,-538,-230,145,475,685,710,526,194,-198,-529,-713,-704,-501,-154,232,543,696,654,420,75,-282,-550,-656,-571,-323,7,334,558,603,470,208,-112,-402,-566,-553,-373,-89,226,477,584,511,283,-30,-337,-555,-613,-484,-220,109,412,597,623,476,188,-148,-441,-617,-626,-455,-158,165,438,594,587,418,147,-153,-409,-553,-542,-388,-140,140,372,489,470,337,122,-119,-316,-420,-415,-308,-126,85,261,362,374,303,159,-15,-170,-277,-313,-282,-200,-93,17,0,0,0,0,0,180,173,119,28,-84,-203,-295,-327,-286,-179,-23,157,314,396,392,293,104,-121,-325,-457,-474,-363,-146,116,352,506,531,412,178,-127,-413,-597,-630,-484,-194,158,483,689,721,560,238,-182,-564,-798,-825,-626,-257,181,586,842,880,674,275,-198,-623,-885,-905,-678,-274,216,657,906,899,642,217,-274,-697,-920,-872,-584,-141,349,736,908,824,511,55,-420,-767,-897,-775,-428,41,492,798,880,710,327,-143,-560,-813,-825,-597,-211,236,616,804,748,478,64,-365,-677,-791,-667,-346,75,474,740,786,588,220,-213,-590,-793,-756,-491,-84,356,703,843,720,386,-55,-497,-797,0,-670,-290,183,617,869,875,622,173,-325,-729,-922,-856,-538,-48,455,826,955,800,416,-86,-572,-894,-958,-743,-299,236,700,961,937,637,152,-378,-802,-995,-892,-517,7,530,897,999,810,371,-181,-671,-968,-997,-723,-225,334,797,1028,953,593,60,-485,-889,-1039,-887,-475,78,602,953,1025,792,325,-224,-707,-984,-965,-657,-163,370,786,974,885,532,32,-468,-829,-944,-778,-391,97,546,831,859,632,230,-231,-598,-783,-741,-472,-70,344,645,742,610,294,-99,-456,-671,-673,-471,-131,245,553,678,591,332,-26,-375,-605,-648,-495,-193,169,482,642,603,389,59,-294,-565,-666,0,0,0,0,0,152,470,656,650,445,107,-261,-552,-685,-623,-370,-2,362,605,668,539,259,-103,-445,-643,-640,-458,-145,218,507,633,565,337,9,-320,-551,-612,-490,-214,127,414,577,567,370,60,-254,-493,-586,-495,-249,75,380,566,582,414,104,-226,-489,-606,-535,-297,22,343,573,619,467,180,-161,-463,-628,-604,-394,-62,290,554,657,560,286,-72,-400,-619,-651,-485,-178,190,509,666,618,393,60,-300,-578,-686,-588,-315,55,409,639,687,534,222,-147,-470,-657,-652,-457,-146,205,495,628,582,373,62,-249,-478,-561,-473,-251,28,294,459,471,347,130,-124,-331,-419,-365,-196,22,0,373,373,246,38,-182,-349,-393,-310,-127,109,333,461,439,276,21,-259,-486,-570,-477,-248,57,366,593,651,512,240,-119,-461,-670,-702,-538,-212,171,511,715,715,517,173,-216,-536,-708,-684,-470,-125,243,545,683,618,385,49,-294,-541,-620,-525,-276,52,359,548,572,424,151,-166,-433,-563,-525,-328,-26,285,519,599,497,251,-73,-384,-585,-623,-481,-200,137,436,616,629,463,173,-157,-447,-615,-617,-448,-159,160,426,576,564,403,146,-140,-380,-514,-513,-371,-139,116,335,453,446,324,119,-106,-293,-398,-395,-295,-128,59,223,323,346,297,186,40,-98,-195,-240,-230,0,0,0,0,0,37,121,201,256,264,213,109,-30,-179,-307,-373,-348,-240,-68,133,312,421,435,333,132,-109,-336,-482,-500,-381,-155,118,374,547,573,447,190,-138,-441,-632,-666,-516,-216,170,517,734,763,586,244,-186,-575,-818,-847,-653,-274,193,610,872,908,690,280,-206,-637,-896,-902,-664,-243,246,670,904,884,619,181,-310,-713,-911,-852,-553,-88,388,754,911,805,470,6,-458,-786,-886,-741,-384,83,525,804,847,647,265,-186,-580,-805,-786,-540,-137,301,647,798,711,413,1,-417,-709,-781,-629,-280,153,540,773,774,541,150,-289,-652,-825,-745,-445,-12,426,748,848,704,347,0,-565,-838,-873,-648,-230,259,681,917,879,576,112,-388,-775,-945,-837,-481,16,522,869,959,777,364,-156,-625,-928,-956,-700,-235,300,742,966,917,591,81,-447,-839,-993,-846,-446,84,608,952,1002,759,297,-252,-731,-1006,-983,-669,-158,403,847,1037,923,541,4,-545,-924,-1028,-834,-400,156,666,984,1008,735,254,-293,-754,-983,-928,-608,-110,415,805,955,830,460,-37,-508,-828,-903,-708,-311,165,577,816,805,551,139,-293,-627,-774,-678,-382,20,404,660,707,537,206,-178,-502,-677,-635,-398,-49,309,570,657,544,265,-94,-425,-625,-627,-446,-130,231,525,656,593,347,-4,0,0
10660,mtk,MTK 7916,4081596439,rx2-tx0,512,0,0,0,-586,-392,-71,273,526,627,541,279,-70,-397,-607,-633,-466,-160,195,497,651,601,366,19,-335,-587,-664,-537,-241,130,460,652,648,448,113,-260,-561,-686,-605,-334,46,410,648,690,523,188,-208,-540,-705,-659,-408,-22,370,653,734,590,262,-157,-528,-741,-733,-499,-101,329,672,813,705,379,-64,-500,-792,-842,-637,-241,233,647,866,830,548,95,-384,-761,-912,-790,-432,59,532,853,920,714,301,-205,-652,-903,-889,-611,-155,345,741,915,816,483,3,-473,-804,-900,-726,-340,138,573,831,840,597,181,-278,-653,-829,-751,-453,-17,416,713,797,639,287,-150,-539,-757,-741,0,-109,319,654,786,671,353,-74,-494,-763,-801,-596,-202,258,648,852,802,512,56,-428,-798,-939,-795,-411,92,587,922,981,764,324,-225,-724,-1011,-1006,-709,-207,361,835,1077,1005,641,93,-490,-937,-1119,-979,-551,33,605,1014,1144,935,455,-152,-718,-1083,-1138,-868,-353,263,812,1128,1118,800,263,-357,-879,-1147,-1088,-726,-173,419,897,1120,1023,647,99,-462,-883,-1057,-938,-559,-39,480,856,983,839,470,-22,-495,-817,-904,-747,-392,62,487,768,829,665,328,-87,-468,-709,-752,-600,-293,85,428,646,697,571,304,-27,-337,-561,-649,-582,-386,-119,152,369,495,515,433,286,110,0,0,0,0,0,-320,-439,-481,-424,-267,-31,239,477,621,634,498,228,-115,-441,-661,-728,-614,-329,61,453,731,821,695,376,-60,-500,-819,-924,-774,-403,94,591,945,1050,856,415,-152,-698,-1076,-1164,-933,-428,213,813,1199,1265,990,435,-266,-915,-1324,-1367,-1030,-407,341,1012,1408,1424,1048,373,-419,-1099,-1471,-1435,-1012,-303,501,1162,1496,1417,948,220,-573,-1203,-1483,-1345,-836,-96,663,1230,1444,1249,698,-43,-751,-1246,-1384,-1116,-541,173,838,1256,1300,975,376,-330,-925,-1242,-1204,-820,-201,463,986,1218,1098,654,24,-600,-1043,-1174,-965,-487,136,715,1075,1115,835,319,-291,-810,-1078,-1035,-692,-142,444,0,1077,938,533,-34,-583,-952,-1044,-830,-370,197,695,983,987,705,211,-338,-776,-985,-902,-554,-48,458,832,954,788,392,-113,-576,-860,-886,-645,-216,264,661,854,788,481,36,-407,-721,-815,-661,-307,140,528,749,742,506,113,-304,-617,-738,-633,-333,68,448,680,696,500,149,-245,-560,-702,-623,-347,29,400,647,688,518,184,-207,-534,-698,-646,-399,-28,354,626,708,574,263,-125,-477,-687,-685,-471,-117,269,574,705,621,355,-19,-386,-632,-685,-533,-224,151,484,667,638,421,86,-275,-556,-662,-563,-294,55,386,599,627,462,157,-192,-479,-618,-571,-349,-17,318,554,614,0,0,0,0,0,-210,-486,-620,-565,-340,-7,336,578,640,506,223,-132,-447,-629,-619,-421,-94,260,544,666,579,313,-49,-398,-625,-655,-495,-183,191,509,674,631,393,36,-332,-603,-694,-566,-263,125,479,686,683,466,106,-290,-596,-722,-629,-338,62,449,699,739,554,187,-242,-597,-776,-721,-436,-9,421,726,822,671,313,-154,-579,-834,-843,-600,-175,310,703,895,818,493,18,-467,-814,-922,-755,-362,136,593,879,905,661,223,-278,-703,-914,-853,-550,-82,413,779,908,772,409,-65,-518,-821,-875,-660,-257,213,613,830,800,531,101,-347,-683,-818,-703,-374,61,472,735,773,577,202,-229,0,-774,-710,-428,-19,405,707,787,628,280,-167,-572,-810,-808,-554,-127,345,725,895,801,463,-20,-511,-863,-967,-786,-378,160,654,962,997,745,271,-296,-784,-1044,-1007,-685,-160,423,890,1099,998,607,36,-544,-971,-1130,-954,-502,92,670,1060,1140,899,402,-207,-761,-1104,-1127,-832,-303,320,847,1129,1100,764,214,-391,-885,-1127,-1055,-690,-136,447,895,1091,976,601,69,-473,-875,-1030,-893,-508,-6,484,834,945,790,421,-49,-500,-799,-864,-698,-356,79,475,734,791,633,314,-82,-446,-676,-721,-582,-297,63,394,615,680,574,335,29,-268,-490,-593,-570,-431,-216,16,211,339,389,0,0,0,0,0,259,106,-90,-302,-481,-577,-558,-407,-145,166,453,646,685,565,294,-71,-430,-690,-778,-654,-344,64,473,770,867,734,391,-79,-545,-884,-983,-818,-417,117,640,1007,1106,894,422,-178,-753,-1138,-1220,-965,-434,240,866,1269,1333,1021,421,-307,-975,-1379,-1400,-1035,-385,382,1057,1450,1439,1037,339,-460,-1126,-1485,-1440,-985,-254,544,1180,1491,1386,893,155,-616,-1212,-1467,-1304,-776,-33,708,1237,1414,1189,624,-103,-788,-1250,-1348,-1052,-464,247,882,1253,1254,898,294,-388,-954,-1238,-1154,-734,-114,535,1019,1201,1033,567,-57,-653,-1055,-1151,-908,-398,220,764,1076,1073,758,229,-365,-850,-1082,-997,0,-54,513,921,1060,888,450,-115,-645,-979,-1020,-765,-288,267,739,993,951,627,130,-402,-808,-972,-852,-478,31,525,850,919,716,305,-195,-623,-858,-838,-567,-130,339,699,842,725,389,-51,-470,-736,-779,-586,-209,228,580,754,697,425,27,-371,-651,-723,-570,-243,160,510,696,664,426,59,-326,-608,-698,-573,-272,115,469,674,671,464,110,-278,-580,-704,-616,-334,51,415,654,701,532,196,-197,-522,-697,-661,-418,-47,333,608,700,583,290,-91,-438,-647,-665,-484,-152,222,519,660,603,367,18,-334,-580,-648,-519,-238,116,434,615,600,404,86,-256,-516,-625,-540,-284,55,0,0
10661,mtk,MTK 7916,4081596439,rx2-tx1,512,0,0,0,-17,-53,-71,-52,-10,42,87,101,86,40,-29,-100,-142,-144,-109,-30,66,147,191,186,130,30,-85,-172,-221,-217,-143,-35,83,182,227,211,140,28,-88,-178,-226,-203,-130,-29,77,159,194,182,127,35,-65,-131,-153,-146,-100,-24,47,98,117,99,60,15,-27,-57,-69,-61,-39,-13,6,18,24,26,26,27,22,20,11,-1,-18,-39,-53,-54,-37,-8,26,64,92,93,60,14,-50,-107,-127,-115,-82,-13,68,129,156,140,81,-16,-107,-169,-194,-166,-78,41,148,217,228,167,51,-85,-198,-258,-242,-150,-16,133,252,295,255,138,-30,-201,-320,-342,-265,0,93,276,387,392,276,76,-154,-360,-470,-447,-288,-39,227,446,546,492,294,5,-293,-533,-620,-531,-291,37,378,615,680,556,276,-88,-447,-687,-735,-579,-260,147,525,767,796,598,226,-218,-618,-856,-859,-612,-197,285,705,943,914,630,173,-339,-775,-1006,-957,-645,-155,394,839,1051,984,657,135,-426,-865,-1072,-999,-659,-140,423,860,1068,998,654,143,-404,-843,-1057,-978,-638,-136,395,808,1002,932,614,142,-350,-744,-939,-883,-599,-163,309,685,869,830,581,184,-242,-591,-793,-788,-584,-240,151,494,709,748,608,341,5,-322,-561,-666,-627,-463,-228,26,248,391,441,413,0,0,0,0,0,-162,-188,-172,-117,-28,79,185,260,276,234,142,2,-145,-258,-317,-316,-228,-70,110,266,364,371,282,110,-104,-295,-410,-430,-339,-144,100,326,471,499,391,170,-111,-374,-547,-581,-461,-207,121,424,617,654,524,250,-102,-444,-676,-734,-600,-292,107,475,719,780,634,309,-111,-499,-761,-819,-650,-317,110,513,771,831,666,315,-124,-534,-799,-840,-642,-276,162,559,801,818,607,231,-197,-570,-792,-796,-577,-197,235,598,783,753,510,122,-285,-612,-777,-715,-447,-61,339,644,766,658,372,-6,-387,-660,-739,-609,-311,73,437,672,708,546,232,-147,-478,-673,-674,-475,-140,0,517,670,628,398,52,-311,-580,-677,-578,-315,40,390,624,671,524,230,-142,-477,-659,-653,-458,-136,230,544,698,649,412,56,-320,-607,-721,-633,-362,14,385,652,731,600,299,-86,-449,-681,-718,-549,-230,151,487,678,679,490,160,-206,-503,-658,-625,-416,-99,246,515,628,553,329,14,-299,-514,-581,-480,-242,59,327,491,519,394,153,-120,-351,-478,-463,-315,-80,171,368,447,399,241,16,-216,-372,-412,-337,-176,34,229,349,366,286,129,-61,-227,-317,-310,-219,-75,84,213,272,256,168,37,-94,-189,-221,-185,-106,-5,90,150,159,123,54,-22,-75,-98,-88,-54,0,0,0,0,0,49,27,-13,-58,-82,-78,-45,16,81,119,124,94,37,-47,-127,-177,-179,-128,-32,75,157,205,200,133,30,-82,-178,-224,-210,-139,-31,87,183,227,214,140,29,-83,-171,-213,-198,-128,-23,76,142,175,168,109,27,-56,-118,-143,-128,-83,-24,32,76,91,79,52,19,-14,-39,-44,-41,-34,-19,-11,-4,0,5,18,28,32,32,27,8,-22,-52,-71,-68,-47,-6,39,80,108,108,74,11,-57,-116,-151,-138,-79,-5,78,148,179,157,85,-18,-123,-192,-214,-172,-66,58,168,234,228,159,37,-106,-220,-274,-252,-146,13,173,286,317,260,122,-62,-231,0,-371,-271,-91,126,314,420,408,277,57,-200,-409,-505,-466,-299,-32,257,483,586,519,297,-15,-335,-572,-653,-556,-300,60,403,644,706,569,270,-118,-486,-727,-772,-595,-245,180,572,818,832,603,207,-252,-655,-897,-891,-626,-180,324,741,961,930,638,161,-366,-809,-1027,-970,-650,-145,402,840,1061,995,655,138,-414,-861,-1076,-1004,-668,-138,417,853,1063,985,646,141,-399,-831,-1038,-951,-624,-149,368,775,961,898,604,150,-332,-714,-905,-862,-585,-166,278,637,830,812,582,208,-208,-553,-753,-765,-592,-284,86,422,642,712,627,412,117,-189,-426,-557,-574,-484,-319,-130,60,0,0,0,0,0,41,-32,-115,-188,-232,-233,-186,-93,30,157,259,307,278,183,45,-118,-264,-346,-341,-252,-88,111,283,385,391,298,119,-105,-312,-439,-460,-363,-156,102,343,508,543,427,184,-119,-397,-580,-620,-493,-224,113,428,647,708,568,266,-102,-463,-714,-773,-625,-301,108,489,738,796,645,316,-107,-502,-768,-828,-660,-303,127,525,789,832,650,289,-155,-552,-795,-822,-632,-266,173,559,795,810,595,222,-209,-582,-791,-772,-546,-160,264,604,784,741,482,98,-315,-635,-769,-690,-416,-31,365,653,755,646,351,-40,-411,-670,-723,-576,-272,109,456,675,701,513,186,-189,-510,-675,0,-436,-97,268,551,675,603,352,-2,-350,-595,-665,-546,-268,93,429,640,658,490,181,-190,-511,-677,-652,-440,-95,280,580,709,637,382,9,-363,-630,-730,-624,-335,52,420,668,727,585,275,-114,-459,-673,-696,-521,-196,179,498,665,647,451,127,-224,-511,-646,-592,-374,-54,280,526,612,519,280,-18,-308,-509,-551,-436,-201,93,349,491,489,347,109,-156,-366,-465,-434,-285,-53,194,371,432,372,208,-10,-212,-357,-395,-313,-146,54,228,333,343,251,96,-75,-217,-291,-281,-192,-55,90,199,240,217,134,20,-89,-168,-193,-154,-79,6,84,127,121,82,30,-26,-70,0,0
10662,mtk,MTK 7916,4081707274,rx0-tx0,512,-452,-646,-831,1037,1044,978,849,661,451,203,-57,-305,-531,-724,-876,-965,-1003,-971,-886,-738,-553,-325,-78,175,418,646,828,955,1024,1026,964,836,651,418,148,-137,-410,-641,-846,-989,-1053,-1063,-990,-848,-654,-419,-161,117,373,595,787,922,995,998,936,819,635,419,181,-64,-299,-506,-688,-814,-890,-907,-860,-758,-607,-428,-232,-12,196,384,549,678,753,790,779,715,610,466,292,108,-77,-265,-448,-586,-689,-743,-745,-702,-614,-483,-314,-123,76,243,408,545,639,684,683,637,540,406,250,79,-91,-236,-366,-477,-529,-552,-532,-479,-389,-273,-153,-31,88,199,282,347,380,385,371,320,-588,184,108,33,-57,-132,-197,-245,-263,-278,-269,-239,-206,-153,-88,-24,39,97,139,177,201,202,187,163,123,67,9,-43,-82,-116,-133,-138,-119,-96,-50,-10,33,83,114,137,142,126,87,28,-28,-94,-163,-216,-251,-254,-236,-196,-120,-24,83,200,293,367,412,420,386,316,207,74,-72,-222,-357,-462,-530,-549,-525,-453,-328,-172,-7,155,303,439,531,573,582,536,433,306,145,-11,-166,-314,-429,-500,-530,-523,-472,-389,-267,-130,13,152,272,367,436,464,458,413,339,235,111,-12,-135,-247,-334,-389,-415,-398,-332,-249,-133,-1,126,235,308,335,313,245,149,50,347,-13,611,119,-74,13,-105,-227,-327,-379,-382,-335,-224,-88,79,236,360,461,504,495,446,344,209,50,-118,-280,-423,-524,-582,-586,-528,-432,-307,-142,38,213,375,496,581,615,595,528,426,281,112,-61,-222,-363,-469,-527,-552,-540,-488,-389,-273,-139,2,122,236,330,400,432,433,414,364,295,212,116,19,-71,-157,-224,-274,-309,-336,-335,-322,-289,-228,-170,-108,-32,43,114,163,207,253,268,281,276,259,244,198,144,88,23,-46,-103,-170,-233,-282,-325,-352,-351,-330,-291,-235,-156,-68,38,142,240,328,408,456,475,463,425,358,262,139,2,-147,-277,-388,-495,-564,-590,-579,-525,-291,-311,-155,13,165,322,451,557,624,648,632,567,464,337,183,16,-160,-322,-464,-568,-645,-691,-668,-601,-511,-388,-238,-74,95,238,372,498,582,641,672,639,584,501,396,258,92,-77,-247,-400,-552,-671,-750,-796,-790,-727,-616,-482,-302,-75,139,367,583,761,897,982,998,965,847,669,443,177,-98,-391,-666,-893,-1056,-1164,-1189,-1132,-1000,-782,-502,-205,121,456,741,985,1189,1297,1301,1218,1065,819,509,170,-180,-520,-830,-1073,-1232,-1323,-1309,-1205,-1033,-770,-461,-123,228,547,838,1058,1203,1271,1245,1131,940,701,416,89,-236,-527,-771,-969,-1105,-1159,-1140,-1037,-869,-645,-385,-106,613,458,-738,-766,-499,156,-117,-373,-600,-779,-915,-1002,-1017,-963,-853,-695,-492,-264,-17,232,466,670,832,953,1009,1006,929,797,606,386,128,-137,-398,-637,-832,-976,-1054,-1063,-987,-857,-668,-422,-151,123,389,626,820,963,1040,1040,965,830,644,410,164,-99,-345,-574,-752,-872,-937,-946,-887,-776,-609,-418,-209,18,245,454,622,743,828,855,817,733,608,443,252,62,-141,-328,-493,-626,-712,-753,-756,-717,-623,-482,-328,-137,54,243,410,557,662,728,724,672,585,450,290,108,-80,-256,-413,-524,-602,-630,-606,-549,-468,-336,-187,-39,108,235,344,417,459,474,456,401,326,232,124,26,-75,-168,321,-289,-311,-324,-316,-282,-237,-168,-102,-34,40,99,154,201,229,236,231,201,160,117,60,-1,-55,-100,-137,-162,-167,-156,-134,-101,-53,2,47,89,117,123,122,103,61,13,-38,-91,-146,-175,-192,-182,-142,-90,-16,66,151,237,298,330,343,315,252,161,41,-93,-224,-336,-426,-477,-493,-463,-385,-270,-123,36,196,350,467,543,570,549,489,389,239,84,-80,-250,-391,-498,-559,-563,-541,-467,-350,-210,-60,91,237,359,449,495,500,469,404,308,186,53,-74,-194,-295,-378,-424,-432,-408,-349,-256,-146,-21,114,223,313,375,385,351,278,175,53,-68,-166,-227,-247,-1003,-1070,577,-594,-596,-272,-280,-241,-149,-18,121,266,380,447,469,418,332,204,40,-122,-277,-409,-501,-549,-543,-493,-384,-246,-78,103,272,405,516,592,609,573,488,358,208,31,-142,-302,-446,-549,-591,-591,-544,-467,-339,-194,-45,112,255,375,451,504,502,468,410,329,230,118,11,-98,-195,-276,-338,-382,-391,-376,-339,-284,-221,-150,-66,25,101,177,230,266,298,307,297,271,234,199,139,78,20,-48,-97,-150,-208,-249,-281,-304,-293,-285,-266,-228,-165,-104,-22,62,153,228,303,352,397,417,405,367,307,217,107,-14,-139,-260,-363,-453,-516,-547,-536,-476,-401,-287,-145,8,163,316,374,537,600,616,600,547,446,319,161,-3,-178,-336,-466,-568,-637,-664,-651,-589,-489,-356,-213,-33,148,302,438,550,624,668,661,610,535,417,282,150,-15,-179,-319,-442,-551,-644,-694,-702,-667,-602,-501,-354,-192,-10,190,383,551,695,819,879,889,852,744,577,374,133,-114,-367,-617,-819,-985,-1077,-1102,-1061,-929,-735,-493,-206,108,420,703,955,1131,1232,1269,1193,1030,819,529,188,-162,-478,-785,-1041,-1218,-1308,-1313,-1227,-1051,-795,-497,-160,205,531,831,1069,1219,1299,1277,1168,981,717,424,97,-231,-548,-809,-1015,-1157,-1219,-1182,-1070,-897,-671,-393,-93,204,490,728,918,1041,1096,-325,-452
10663,mtk,MTK 7916,4081707274,rx0-tx1,512,323,1238,1219,-217,-426,-621,-779,-886,-941,-943,-860,-728,-547,-315,-54,201,467,701,897,1029,1096,1086,1000,850,634,366,72,-231,-525,-785,-996,-1140,-1208,-1189,-1084,-913,-677,-389,-69,251,555,829,1033,1172,1239,1221,1122,940,698,417,92,-226,-526,-797,-1006,-1150,-1214,-1208,-1113,-940,-717,-439,-139,163,449,711,915,1060,1137,1136,1067,924,729,482,213,-64,-329,-579,-789,-943,-1031,-1050,-1003,-902,-739,-533,-299,-51,191,425,628,779,888,942,929,859,743,586,387,176,-44,-256,-457,-622,-747,-829,-862,-838,-759,-643,-490,-309,-108,99,293,479,633,748,825,853,824,742,619,452,249,34,-183,-391,-430,-742,-849,-904,-896,-828,-706,-533,-318,-83,167,397,617,791,908,965,956,875,729,536,308,45,-212,-453,-659,-824,-928,-959,-929,-829,-670,-463,-225,15,265,494,675,808,878,887,835,718,555,361,141,-82,-288,-475,-623,-711,-755,-736,-679,-575,-434,-279,-95,88,240,379,488,564,591,578,531,461,361,236,96,-36,-162,-269,-362,-422,-455,-458,-431,-386,-309,-220,-116,-17,88,177,261,317,350,356,351,314,262,198,127,50,-34,-111,-174,-235,-277,-296,-300,-285,-249,-202,-139,-56,24,99,167,227,269,284,286,258,206,137,50,-38,-129,-201,-246,-261,-238,-184,-111,-26,498,861,-302,90,271,-9,101,220,310,364,371,327,237,117,-16,-150,-275,-370,-430,-454,-436,-380,-293,-176,-47,86,229,342,435,501,520,505,453,361,244,112,-44,-199,-333,-454,-557,-614,-624,-590,-517,-394,-243,-77,114,295,461,601,695,739,740,681,563,403,204,-17,-235,-438,-610,-756,-828,-848,-802,-687,-525,-330,-101,128,358,551,710,806,847,832,754,616,442,238,17,-200,-400,-567,-699,-770,-786,-745,-656,-524,-365,-189,10,200,358,494,593,658,677,648,578,478,345,200,39,-122,-272,-391,-489,-553,-582,-580,-542,-471,-371,-255,-127,8,146,278,389,468,529,560,556,515,437,338,230,87,-62,-207,-333,-443,-523,-574,-579,-553,-490,-395,-274,-132,11,153,290,408,496,551,569,553,499,410,301,177,44,-92,-227,-335,-415,-473,-508,-509,-477,-416,-335,-238,-134,-17,98,206,297,372,417,444,456,430,382,320,238,146,50,-59,-149,-232,-316,-376,-415,-436,-430,-409,-369,-299,-214,-122,-16,96,202,302,385,450,490,500,484,438,371,278,158,29,-98,-229,-350,-450,-525,-563,-580,-554,-492,-397,-279,-153,-5,143,283,413,511,585,623,619,576,509,403,273,121,-41,-202,-353,-478,-591,-657,-694,-685,-629,-540,-417,-261,-88,101,279,445,589,701,770,793,765,-408,-269,95,111,-313,-854,-781,-656,-481,-269,-43,211,454,660,840,965,1022,1016,948,801,601,351,76,-220,-494,-743,-949,-1093,-1154,-1146,-1051,-887,-655,-379,-73,244,542,806,1021,1167,1234,1212,1116,935,684,398,80,-241,-548,-821,-1029,-1174,-1234,-1203,-1110,-937,-703,-420,-118,194,497,753,965,1113,1181,1172,1091,941,723,469,181,-111,-395,-651,-858,-1012,-1089,-1099,-1037,-918,-736,-513,-261,3,260,498,709,867,964,996,970,887,746,563,354,114,-128,-353,-546,-707,-822,-884,-895,-850,-753,-614,-443,-248,-34,180,372,542,682,778,835,830,787,692,551,378,191,-21,-232,-430,-597,-735,-830,-867,-856,-786,-1099,-495,-291,-64,167,392,594,767,881,939,925,856,731,546,320,71,-188,-434,-644,-807,-926,-975,-952,-860,-711,-509,-262,-9,242,479,677,829,908,932,897,787,622,414,179,-60,-289,-495,-659,-778,-835,-827,-766,-657,-494,-303,-105,91,271,436,555,641,684,661,604,518,392,243,86,-62,-197,-318,-417,-486,-521,-522,-485,-420,-336,-228,-117,9,116,217,300,363,398,408,392,349,289,207,121,33,-51,-141,-207,-263,-301,-323,-317,-291,-256,-208,-138,-62,15,94,163,218,261,286,287,271,236,186,114,34,-48,-132,-200,-254,-282,-282,-252,-190,-109,-15,75,144,191,203,1061,840,-305,-393,-299,275,286,244,156,41,-93,-226,-335,-404,-426,-408,-344,-242,-122,11,146,269,371,444,475,483,443,363,261,126,-18,-155,-289,-405,-486,-542,-565,-538,-475,-384,-254,-93,79,238,394,527,623,680,684,631,540,399,222,31,-165,-363,-538,-679,-772,-804,-777,-693,-564,-380,-163,54,292,506,676,799,855,854,789,665,487,273,48,-176,-393,-576,-715,-802,-822,-784,-698,-572,-400,-202,2,204,385,533,642,709,732,690,609,490,348,186,10,-162,-315,-445,-544,-603,-625,-608,-551,-464,-355,-220,-78,67,203,325,428,508,553,567,548,494,405,295,173,33,-105,-240,-362,-458,-198,-570,-572,-533,-465,-371,-255,-113,40,182,315,426,516,567,582,557,497,403,287,150,7,-135,-270,-379,-465,-521,-546,-540,-493,-414,-314,-205,-82,44,164,274,364,428,469,483,465,422,356,272,177,84,-24,-133,-226,-307,-372,-409,-435,-435,-407,-369,-306,-218,-132,-30,70,166,260,340,399,436,462,457,429,376,303,209,93,-35,-155,-266,-366,-454,-513,-536,-536,-504,-436,-344,-223,-96,41,185,317,430,516,575,603,587,539,454,345,217,67,-92,-243,-382,-501,-587,-639,-652,-631,-562,-471,-341,-189,-27,148,316,462,591,683,735,740,694,616,491,331,142,-52,-257,-233,-363
10664,mtk,MTK 7916,4081707274,rx1-tx0,512,126,-488,-295,679,656,580,464,300,122,-79,-268,-418,-553,-629,-656,-631,-557,-435,-277,-98,86,266,425,546,621,646,619,549,428,275,103,-72,-252,-403,-521,-603,-640,-639,-584,-481,-340,-179,-11,171,337,477,586,659,677,653,584,469,319,141,-45,-242,-416,-568,-686,-748,-775,-718,-625,-493,-318,-111,108,325,524,683,794,854,854,786,662,487,275,40,-203,-430,-624,-775,-875,-912,-880,-788,-642,-444,-225,7,244,458,640,786,866,891,861,774,638,456,247,21,-207,-412,-599,-749,-854,-898,-889,-821,-699,-542,-335,-105,127,368,582,765,907,997,1016,964,848,664,430,164,-116,-407,231,-891,-1056,-1150,-1171,-1099,-952,-727,-442,-124,203,525,821,1062,1230,1303,1279,1172,981,708,385,19,-343,-688,-982,-1212,-1346,-1393,-1339,-1187,-955,-652,-288,90,465,815,1093,1305,1431,1455,1374,1191,927,595,214,-189,-574,-927,-1220,-1421,-1527,-1519,-1416,-1199,-898,-524,-110,325,731,1103,1388,1575,1636,1585,1411,1127,755,317,-155,-605,-1010,-1340,-1567,-1651,-1621,-1453,-1168,-795,-369,92,534,918,1225,1428,1509,1458,1304,1043,712,332,-61,-427,-753,-1005,-1172,-1233,-1195,-1084,-879,-610,-314,16,322,595,810,956,1022,999,888,705,467,188,-102,-376,-612,-785,-867,-848,-738,-535,-281,3,263,457,557,556,-388,-519,-253,641,463,-149,37,263,463,615,682,653,537,338,95,-170,-414,-623,-771,-844,-835,-742,-587,-370,-121,152,422,660,842,961,993,951,827,632,376,87,-223,-525,-791,-1007,-1142,-1196,-1154,-1012,-790,-504,-159,196,567,882,1138,1316,1397,1356,1221,982,656,277,-150,-564,-927,-1243,-1449,-1553,-1543,-1413,-1167,-822,-413,26,472,883,1233,1472,1609,1621,1518,1298,972,565,126,-330,-753,-1116,-1388,-1564,-1615,-1534,-1357,-1070,-719,-318,102,514,891,1181,1385,1483,1486,1378,1168,890,547,182,-205,-578,-890,-1153,-1316,-1389,-1367,-1253,-1056,-786,-461,-118,242,577,862,1087,1246,1321,1295,1184,1003,749,456,121,-213,-531,-49,-1054,-1216,-1302,-1306,-1216,-1042,-800,-491,-158,192,531,846,1102,1283,1380,1392,1300,1114,848,515,140,-254,-633,-962,-1232,-1426,-1513,-1487,-1346,-1107,-791,-409,0,418,798,1117,1357,1496,1530,1445,1251,973,624,230,-172,-563,-906,-1178,-1360,-1438,-1415,-1291,-1070,-787,-448,-85,291,631,909,1134,1258,1293,1236,1103,885,615,302,-11,-327,-611,-844,-1022,-1113,-1125,-1061,-932,-729,-486,-212,69,335,577,766,908,978,977,913,775,587,370,130,-118,-356,-559,-721,-825,-868,-852,-774,-631,-458,-255,-22,205,405,576,704,768,788,740,632,493,301,97,-115,-317,-487,-613,-687,-716,-688,-608,-473,-300,-119,407,616,987,-335,-498,26,-163,-339,-488,-597,-654,-668,-608,-514,-377,-195,-10,176,345,488,590,645,646,594,491,348,185,3,-174,-345,-492,-590,-636,-643,-599,-501,-375,-216,-50,129,302,446,558,627,657,641,564,460,323,157,-24,-198,-374,-524,-637,-704,-720,-690,-608,-484,-315,-132,76,288,464,623,739,807,811,764,655,497,302,84,-152,-382,-583,-746,-849,-897,-880,-797,-657,-470,-255,-9,231,454,645,790,875,909,874,774,632,439,217,-8,-238,-446,-626,-763,-853,-888,-864,-790,-661,-492,-283,-62,166,392,584,748,874,932,941,888,767,601,394,150,-113,-372,-613,-821,-975,-1063,-1089,-1034,-568,-708,-450,-158,155,462,740,980,1148,1233,1237,1150,977,728,420,74,-278,-606,-906,-1136,-1294,-1358,-1326,-1196,-975,-677,-327,39,418,759,1049,1272,1406,1431,1364,1191,936,621,249,-142,-525,-869,-1158,-1369,-1484,-1490,-1398,-1206,-918,-564,-166,237,634,995,1289,1492,1594,1567,1434,1193,856,446,0,-447,-862,-1217,-1482,-1647,-1671,-1561,-1335,-1001,-576,-114,339,782,1148,1421,1572,1604,1492,1271,950,564,136,-280,-671,-997,-1231,-1354,-1362,-1271,-1085,-814,-489,-131,200,516,790,981,1100,1124,1047,896,681,415,121,-178,-453,-681,-848,-935,-934,-841,-672,-433,-151,136,405,615,733,752,658,476,243,10,278,104,665,275,529,458,528,511,402,217,-27,-279,-511,-685,-780,-781,-697,-539,-320,-67,202,451,664,820,904,910,837,686,481,224,-58,-339,-607,-835,-995,-1075,-1078,-990,-820,-574,-279,44,385,701,962,1164,1283,1301,1212,1008,738,393,9,-386,-746,-1065,-1304,-1456,-1496,-1398,-1209,-916,-540,-135,299,711,1085,1378,1557,1617,1550,1372,1078,691,262,-189,-622,-1016,-1335,-1546,-1643,-1613,-1454,-1185,-835,-434,17,443,837,1168,1404,1539,1558,1463,1257,966,615,222,-176,-562,-892,-1162,-1347,-1429,-1425,-1311,-1110,-833,-487,-131,229,573,877,1123,1277,1346,1328,1211,1015,758,450,109,-234,-551,-836,-1063,-1224,-1302,-1285,-1191,425,-761,-465,-140,196,529,822,1070,1242,1330,1335,1252,1085,828,514,168,-200,-560,-887,-1161,-1353,-1453,-1454,-1337,-1122,-836,-475,-82,325,718,1048,1317,1483,1541,1486,1316,1054,715,322,-88,-499,-864,-1162,-1380,-1487,-1492,-1385,-1176,-881,-528,-146,231,597,909,1153,1313,1374,1335,1185,976,700,366,24,-314,-627,-889,-1086,-1191,-1208,-1154,-1008,-806,-543,-248,46,328,591,807,959,1043,1045,979,847,659,429,165,-93,-342,-565,-733,-855,-916,-918,-845,-707,-524,-303,-76,155,374,565,700,796,830,792,698,565,378,176,-38,-258,-441,-591,-700,-743,-742,-672,-556,-393,-212,-16,186,369,525,624,672,-560,-312
10665,mtk,MTK 7916,4081707274,rx1-tx1,512,0,0,0,463,105,-291,-599,-743,-686,-430,-50,351,656,778,683,398,-4,-403,-692,-791,-666,-356,53,460,743,819,662,319,-123,-534,-795,-841,-653,-277,175,583,841,866,644,242,-228,-644,-883,-878,-633,-211,274,686,915,881,600,158,-333,-735,-930,-875,-574,-111,382,780,964,873,546,70,-437,-821,-973,-860,-504,-6,486,838,967,837,472,-28,-521,-878,-990,-825,-431,72,560,899,997,818,420,-92,-576,-900,-981,-804,-410,95,570,890,970,789,397,-87,-543,-846,-915,-740,-384,70,506,787,847,694,362,-58,-456,-707,-752,-607,-303,77,415,627,662,513,229,-109,-399,-565,-566,-409,0,162,400,529,489,304,40,-233,-433,-502,-430,-218,62,317,487,525,409,163,-137,-402,-566,-576,-424,-150,170,455,619,612,448,160,-183,-477,-648,-654,-481,-181,158,453,630,645,493,212,-114,-405,-585,-604,-460,-199,102,357,518,534,395,156,-104,-335,-467,-458,-327,-101,149,345,433,394,235,0,-231,-386,-435,-365,-179,62,293,442,478,389,177,-85,-324,-489,-528,-425,-215,51,306,484,547,461,263,3,-260,-454,-526,-468,-299,-62,182,372,471,444,312,114,-115,-304,-396,-394,-299,-135,55,222,330,352,291,164,-1,-157,-274,-323,-300,-219,-101,31,144,216,237,221,0,0,0,0,0,223,278,294,257,160,18,-151,-305,-413,-440,-376,-229,-22,207,400,506,501,384,165,-103,-354,-527,-581,-497,-286,5,306,540,653,600,389,72,-271,-557,-708,-688,-491,-156,225,562,768,779,592,245,-179,-565,-810,-861,-687,-337,105,533,825,902,751,404,-59,-503,-810,-913,-784,-441,29,489,812,926,809,458,-27,-491,-823,-954,-824,-474,4,493,851,989,866,512,19,-478,-855,-1005,-888,-534,-44,458,839,1003,900,557,71,-430,-826,-994,-890,-554,-75,412,791,959,863,530,63,-408,-765,-921,-831,-498,-37,420,767,904,789,459,0,-458,-787,-903,-772,-425,37,492,812,0,763,400,-78,-536,-846,-916,-741,-368,113,566,868,930,737,340,-154,-608,-898,-945,-729,-310,199,647,913,940,718,286,-223,-674,-930,-932,-686,-245,276,717,949,928,645,176,-343,-764,-972,-920,-613,-130,393,805,999,914,572,80,-441,-843,-1013,-902,-550,-38,493,881,1026,887,502,-17,-530,-899,-1027,-878,-480,46,553,902,1003,840,451,-65,-557,-884,-971,-796,-399,99,558,856,914,723,339,-132,-552,-811,-847,-646,-274,168,551,766,756,542,186,-225,-563,-732,-685,-444,-81,303,598,728,639,362,-7,-362,-624,-717,-596,-301,76,436,670,703,536,229,-144,-480,-682,-690,-499,0,0,0,0,0,586,736,685,444,70,-321,-624,-761,-689,-417,-24,377,671,783,678,384,-27,-435,-725,-813,-675,-344,89,497,762,817,651,298,-150,-562,-822,-856,-657,-264,208,621,865,869,638,226,-257,-671,-902,-881,-616,-185,304,717,928,883,597,150,-347,-759,-948,-870,-555,-84,421,811,970,860,523,44,-455,-833,-982,-855,-490,9,509,866,993,842,452,-55,-545,-892,-986,-820,-435,74,565,900,989,813,415,-93,-574,-898,-981,-796,-406,88,556,872,952,779,399,-75,-518,-816,-886,-726,-381,65,478,746,812,659,336,-62,-426,-659,-708,-562,-267,86,404,595,614,455,176,-135,-397,0,-520,-355,-89,198,416,512,454,264,-8,-282,-467,-515,-414,-187,97,360,528,548,408,150,-166,-442,-594,-590,-427,-147,182,470,634,641,473,180,-159,-465,-642,-655,-497,-202,143,435,607,624,485,221,-95,-375,-550,-573,-437,-186,100,341,487,497,363,134,-126,-338,-448,-417,-263,-47,183,365,436,369,193,-39,-261,-414,-458,-373,-178,77,314,466,500,403,198,-69,-320,-490,-538,-450,-238,31,288,475,537,464,283,34,-224,-415,-495,-455,-303,-80,148,333,436,425,303,114,-88,-259,-357,-366,-292,-147,30,195,305,341,297,186,43,-100,-215,-281,-289,-239,-148,-48,44,0,0,0,0,0,-116,-30,87,216,322,380,373,283,124,-69,-262,-415,-489,-452,-309,-95,151,374,518,543,441,230,-53,-333,-538,-618,-548,-335,-24,293,546,681,646,440,116,-251,-570,-749,-741,-538,-195,209,565,793,824,643,288,-145,-539,-810,-886,-721,-364,87,520,823,913,767,420,-36,-494,-818,-927,-793,-450,10,472,824,951,810,464,-2,-481,-838,-967,-839,-486,-11,479,857,1001,880,530,37,-465,-841,-1002,-901,-548,-55,441,824,990,891,562,83,-426,-810,-964,-861,-541,-81,400,773,938,837,512,54,-416,-768,-915,-814,-490,-35,433,782,902,773,437,-23,-474,-799,-905,-755,-400,0,511,816,909,752,384,-91,-556,-860,-925,-745,-356,134,589,883,936,731,324,-174,-630,-911,-947,-725,-305,209,662,926,937,691,259,-246,-689,-946,-942,-677,-214,306,741,967,917,624,163,-351,-780,-987,-916,-592,-100,422,832,1017,918,557,48,-469,-864,-1025,-907,-534,-14,504,886,1028,875,486,-33,-545,-901,-1009,-849,-457,64,556,896,992,808,415,-81,-552,-869,-946,-768,-382,106,551,831,880,693,315,-147,-554,-789,-794,-582,-219,198,555,742,720,503,139,-264,-579,-719,-658,-408,-47,327,611,709,602,329,-37,-393,-641,-708,-566,-268,112,468,680,698,522,198,-184,-503,0,0
10666,mtk,MTK 7916,4081707274,rx2-tx0,512,0,0,0,-335,-45,268,506,597,524,308,0,-318,-536,-601,-503,-260,63,367,562,600,471,206,-125,-422,-594,-601,-440,-153,181,467,620,591,403,95,-246,-516,-631,-578,-364,-36,303,556,654,564,307,-37,-374,-602,-660,-527,-235,125,449,650,666,493,175,-196,-518,-697,-677,-455,-97,291,602,754,691,427,32,-378,-685,-806,-699,-395,21,442,749,850,720,387,-66,-502,-802,-887,-732,-377,89,534,833,908,734,358,-120,-565,-852,-909,-724,-340,133,571,851,893,696,319,-134,-554,-829,-872,-673,-294,158,559,800,826,628,253,-183,-550,-761,-764,-555,-199,203,543,724,698,476,125,0,-564,-709,-654,-411,-50,323,600,701,607,339,-28,-391,-647,-723,-592,-290,96,459,699,746,587,256,-153,-528,-755,-779,-588,-232,193,571,797,810,603,225,-217,-607,-839,-840,-609,-214,239,637,868,861,621,213,-257,-660,-893,-887,-638,-214,273,680,909,901,650,225,-261,-688,-930,-926,-680,-255,232,665,920,935,706,285,-205,-625,-888,-928,-729,-338,137,563,841,901,725,373,-70,-485,-761,-834,-698,-395,6,396,673,775,675,402,40,-319,-589,-708,-647,-426,-105,234,501,633,611,441,169,-140,-405,-567,-592,-482,-272,-7,252,443,531,512,398,211,3,-179,-310,-367,-354,0,0,0,0,0,-224,-402,-529,-574,-519,-358,-105,195,480,682,740,636,388,41,-331,-640,-810,-790,-578,-215,215,606,859,908,724,352,-122,-582,-911,-1030,-878,-493,33,568,978,1150,1030,639,65,-540,-1019,-1258,-1193,-811,-193,484,1045,1359,1332,961,338,-385,-1026,-1418,-1457,-1120,-486,271,965,1429,1533,1230,610,-168,-897,-1396,-1550,-1305,-719,46,803,1342,1536,1336,788,39,-718,-1280,-1495,-1324,-815,-104,631,1192,1432,1291,810,122,-580,-1123,-1376,-1255,-797,-141,537,1071,1315,1202,773,153,-505,-1015,-1241,-1138,-739,-148,473,963,1191,1093,706,135,-465,-926,-1135,-1035,-657,-106,455,883,1077,978,607,79,-463,0,-1041,-924,-566,-58,458,842,993,867,511,26,-462,-817,-944,-814,-465,3,459,785,893,744,395,-45,-461,-747,-822,-673,-341,84,472,715,752,583,256,-136,-478,-674,-678,-492,-170,198,495,637,598,390,72,-259,-508,-604,-521,-292,22,328,527,567,444,189,-126,-395,-549,-540,-367,-84,221,458,562,504,294,-2,-302,-521,-583,-478,-234,81,375,566,591,445,172,-154,-439,-598,-593,-417,-120,214,492,635,594,386,71,-268,-528,-637,-575,-351,-27,312,559,647,557,313,-19,-344,-567,-637,-530,-272,57,364,578,630,496,223,-103,-400,-582,-596,-440,-167,151,426,581,569,400,0,0,0,0,0,-492,-596,-536,-324,-18,294,520,600,515,287,-29,-337,-549,-605,-491,-236,85,385,581,609,458,182,-146,-439,-598,-586,-413,-120,215,493,632,592,383,61,-276,-534,-645,-574,-335,2,337,582,661,547,276,-75,-406,-619,-658,-515,-215,156,482,672,673,471,125,-254,-565,-726,-689,-445,-65,339,649,783,696,412,8,-405,-718,-833,-714,-396,37,470,778,868,719,373,-79,-517,-824,-902,-734,-362,109,552,849,917,732,348,-128,-565,-851,-909,-716,-329,145,566,838,886,687,306,-149,-560,-820,-852,-652,-279,163,553,786,796,594,232,-186,-546,-744,-731,-521,-167,229,559,727,0,447,89,-289,-575,-702,-629,-370,-8,355,621,702,587,308,-64,-419,-667,-735,-587,-273,125,494,724,755,578,242,-166,-546,-782,-796,-592,-227,208,593,822,823,604,215,-238,-628,-855,-851,-615,-217,244,644,873,870,627,210,-264,-669,-901,-892,-635,-206,273,690,928,924,671,237,-259,-683,-932,-933,-695,-275,218,651,912,934,715,322,-157,-598,-874,-917,-727,-356,101,523,796,864,714,378,-43,-443,-722,-807,-692,-405,-15,366,634,741,659,415,74,-279,-548,-668,-621,-424,-131,181,451,604,601,459,213,-75,-338,-514,-573,-512,-339,-105,136,334,454,482,416,287,136,-9,0,0,0,0,0,407,312,146,-80,-331,-545,-667,-662,-520,-263,68,404,665,782,722,494,135,-270,-622,-833,-848,-654,-285,170,588,873,955,796,419,-78,-574,-945,-1082,-945,-560,-18,558,1008,1213,1108,719,134,-507,-1040,-1320,-1268,-886,-264,436,1036,1394,1394,1038,413,-333,-1005,-1431,-1498,-1179,-555,223,948,1422,1540,1277,682,-98,-856,-1386,-1552,-1329,-770,-8,751,1301,1515,1337,810,72,-680,-1236,-1463,-1314,-831,-123,608,1162,1401,1270,808,142,-551,-1094,-1341,-1229,-789,-143,520,1028,1266,1167,759,151,-495,-992,-1214,-1118,-722,-139,470,947,1163,1064,683,122,-462,-912,-1109,-1001,-631,-99,457,879,1058,947,0,71,-447,-843,-1010,-900,-540,-38,463,832,970,845,493,11,-463,-801,-913,-781,-439,18,464,774,860,709,367,-65,-462,-725,-786,-627,-294,107,471,697,718,533,205,-170,-490,-663,-642,-443,-127,218,493,618,562,337,20,-296,-522,-586,-476,-231,75,363,538,553,409,139,-172,-431,-559,-521,-328,-40,261,487,572,489,260,-44,-338,-540,-589,-462,-202,121,412,584,592,434,152,-178,-461,-611,-591,-400,-95,239,509,638,583,366,48,-287,-543,-647,-570,-338,-9,322,565,642,537,287,-39,-356,-574,-630,-510,-245,86,390,581,606,465,201,-123,-413,-584,-589,-429,-145,175,442,0,0
10667,mtk,MTK 7916,4081707274,rx2-tx1,512,0,0,0,-59,-94,-98,-70,-22,32,75,95,84,45,-4,-58,-97,-106,-84,-38,22,78,110,115,86,38,-17,-70,-110,-123,-102,-55,5,63,102,116,102,71,26,-27,-70,-92,-96,-82,-53,-15,21,44,68,78,77,67,48,21,-17,-63,-94,-110,-112,-93,-47,18,84,143,177,165,115,35,-64,-160,-225,-236,-192,-90,38,158,252,286,244,148,2,-152,-269,-324,-296,-198,-43,134,276,348,332,232,68,-117,-278,-369,-361,-259,-94,97,267,369,375,281,107,-90,-263,-372,-377,-284,-114,86,262,362,369,277,111,-86,-264,-368,-363,-263,-93,108,277,370,359,249,62,0,-310,-395,-375,-247,-40,181,356,433,392,240,19,-214,-396,-478,-429,-258,-18,235,433,518,465,289,29,-250,-460,-550,-497,-311,-36,254,476,582,538,334,35,-267,-504,-619,-562,-361,-58,265,518,641,594,381,62,-273,-543,-680,-634,-416,-95,258,554,705,669,453,133,-240,-568,-734,-706,-507,-172,211,542,738,736,537,202,-176,-515,-733,-753,-572,-257,125,481,711,762,624,333,-44,-409,-667,-752,-651,-387,-37,325,602,726,662,447,127,-224,-511,-664,-661,-503,-226,103,408,600,648,543,315,25,-265,-487,-597,-580,-438,-209,47,278,448,522,494,385,221,40,-116,-228,0,0,0,0,0,-232,-281,-298,-263,-170,-34,119,266,374,414,371,245,61,-139,-317,-434,-463,-386,-217,10,241,423,512,486,336,100,-170,-406,-549,-571,-444,-200,98,381,576,642,550,316,-7,-332,-590,-716,-664,-434,-95,274,589,775,767,570,231,-178,-549,-799,-854,-691,-366,47,459,767,884,780,488,68,-366,-713,-884,-830,-569,-168,275,641,853,852,632,260,-171,-561,-806,-846,-665,-322,98,486,751,819,675,366,-37,-425,-693,-780,-672,-393,-18,363,644,753,655,393,36,-324,-592,-705,-640,-397,-59,281,557,688,637,416,93,-240,-512,-650,-613,-418,-112,220,478,609,588,407,115,0,-441,-572,-550,-380,-119,173,417,546,520,356,107,-166,-394,-509,-482,-322,-77,190,393,482,445,280,38,-210,-401,-487,-433,-253,-11,231,418,497,435,252,4,-243,-420,-486,-415,-235,1,235,408,471,406,232,-9,-242,-401,-453,-389,-215,19,240,389,435,364,195,-17,-229,-375,-416,-343,-173,42,237,361,383,302,135,-60,-229,-343,-361,-277,-113,77,236,335,345,254,104,-68,-226,-320,-320,-231,-82,84,227,307,300,215,72,-77,-202,-273,-272,-198,-72,70,192,253,246,177,68,-59,-166,-220,-209,-149,-53,51,139,178,168,118,39,-51,-122,-153,-137,-89,-19,51,0,0,0,0,0,83,35,-19,-62,-88,-88,-60,-6,50,85,93,80,39,-22,-72,-102,-107,-84,-40,16,72,112,117,91,48,-6,-64,-105,-120,-107,-63,-8,40,82,102,99,75,34,-10,-45,-71,-83,-78,-58,-37,-15,14,47,78,91,88,79,54,8,-44,-96,-130,-139,-127,-79,-12,67,150,205,205,153,59,-53,-159,-229,-256,-219,-118,17,152,260,307,271,169,20,-139,-275,-348,-326,-218,-61,119,276,361,353,252,86,-108,-276,-372,-371,-276,-108,88,268,378,385,284,114,-84,-259,-363,-371,-282,-118,83,261,371,372,277,105,-100,-278,-372,-363,-256,-75,127,299,392,0,250,49,-166,-333,-411,-377,-243,-34,193,370,452,406,241,13,-221,-410,-497,-453,-287,-30,241,437,522,478,299,39,-239,-468,-574,-512,-318,-50,246,491,597,543,343,50,-259,-512,-627,-577,-373,-65,261,519,651,614,406,82,-270,-554,-692,-648,-434,-102,258,557,716,682,472,137,-237,-554,-726,-723,-530,-180,211,536,726,739,567,246,-144,-505,-726,-756,-603,-292,91,439,686,758,625,347,-14,-370,-629,-735,-659,-414,-77,270,557,703,664,474,171,-167,-455,-636,-652,-513,-262,44,336,546,625,555,375,114,-165,-403,-548,-577,-493,-317,-96,127,307,412,433,384,279,0,0,0,0,0,115,27,-85,-206,-307,-368,-368,-293,-150,22,203,356,440,429,328,155,-62,-275,-432,-493,-437,-274,-45,196,403,525,516,385,147,-138,-390,-564,-603,-488,-256,50,367,600,684,604,375,48,-307,-604,-756,-721,-513,-168,226,570,782,810,641,301,-118,-508,-779,-867,-744,-435,-2,431,748,889,816,532,121,-322,-687,-875,-848,-613,-224,220,602,833,857,664,295,-137,-519,-774,-839,-685,-351,68,458,730,811,684,381,-10,-396,-671,-762,-663,-398,-26,344,616,730,655,406,57,-298,-572,-696,-631,-406,-84,260,533,666,622,415,105,-233,-508,-646,-608,-411,-116,203,464,597,0,394,119,-177,-417,-548,-528,-367,-108,175,407,523,495,331,83,-180,-392,-503,-469,-307,-66,194,395,490,446,281,38,-218,-412,-491,-430,-249,-12,234,420,481,418,244,-2,-238,-412,-481,-422,-243,0,240,411,472,404,222,-4,-227,-395,-448,-375,-208,18,238,380,417,344,176,-39,-237,-369,-395,-317,-154,54,242,358,376,289,132,-55,-230,-340,-350,-263,-107,77,237,320,317,235,89,-82,-226,-313,-315,-229,-85,75,213,291,287,210,83,-68,-195,-263,-260,-188,-68,63,169,228,224,160,56,-59,-154,-202,-195,-133,-42,54,133,171,159,106,23,-54,-102,-126,-120,0,0
10668,mtk,MTK 7916,4081777414,rx0-tx0,512,575,423,381,287,502,672,776,808,765,661,483,273,26,-226,-463,-656,-794,-864,-851,-753,-586,-361,-77,213,487,723,901,982,967,852,646,361,41,-292,-605,-849,-1006,-1065,-1008,-836,-589,-264,70,405,719,927,1045,1045,938,757,474,150,-183,-486,-738,-904,-987,-963,-845,-642,-373,-85,213,495,706,847,887,844,729,529,289,33,-236,-456,-623,-728,-757,-708,-588,-421,-217,-13,197,384,524,600,629,593,497,372,210,24,-154,-305,-422,-507,-530,-498,-420,-310,-181,-21,115,238,343,396,412,388,333,247,136,36,-60,-153,-220,-265,-287,-286,-267,-224,-165,-99,-33,38,107,172,223,255,-588,266,221,164,88,6,-86,-166,-234,-275,-292,-281,-227,-160,-78,14,111,188,242,269,258,228,177,99,27,-52,-129,-183,-204,-197,-185,-127,-74,-16,38,77,105,100,91,56,26,6,-18,-23,-13,-4,35,65,91,115,109,83,43,-24,-107,-173,-226,-252,-246,-210,-142,-49,72,196,291,362,382,368,302,187,41,-100,-245,-363,-425,-450,-421,-340,-210,-58,103,250,368,437,453,430,344,218,74,-67,-210,-327,-399,-424,-395,-332,-230,-99,29,154,262,332,365,352,307,225,127,12,-107,-204,-287,-332,-332,-295,-209,-96,27,146,241,295,297,251,163,48,-57,-132,308,387,-615,-140,-391,9,123,234,304,321,274,164,20,-138,-287,-402,-449,-425,-342,-198,-27,155,326,459,526,532,461,332,159,-40,-241,-413,-538,-588,-576,-487,-339,-142,77,283,461,570,623,596,496,334,143,-58,-266,-431,-524,-571,-547,-461,-322,-154,23,187,325,415,444,441,394,308,200,72,-43,-148,-245,-299,-321,-326,-294,-256,-199,-109,-21,58,128,196,256,282,288,269,233,170,101,14,-74,-152,-212,-268,-297,-289,-260,-213,-145,-65,24,113,189,248,293,312,301,255,198,118,34,-62,-155,-231,-287,-333,-341,-321,-263,-184,-86,24,132,244,329,380,397,391,333,240,122,-3,-291,-274,-375,-450,-472,-448,-391,-290,-153,-3,155,297,418,488,524,492,425,304,157,-3,-178,-330,-440,-519,-539,-512,-428,-306,-160,-6,145,281,398,476,507,507,462,373,263,117,-40,-188,-336,-461,-550,-603,-595,-525,-406,-240,-49,153,365,535,665,738,730,649,518,318,84,-178,-427,-636,-796,-877,-867,-775,-588,-339,-59,226,508,746,900,964,931,805,591,312,11,-309,-600,-816,-953,-1009,-952,-792,-557,-264,58,375,653,856,976,1003,916,744,496,200,-130,-423,-669,-859,-954,-945,-848,-667,-425,-147,146,409,640,808,877,873,775,612,396,136,-123,-365,-580,-728,-803,-816,585,371,-184,-129,-263,753,634,455,228,-16,-254,-472,-651,-771,-829,-800,-703,-536,-323,-61,211,470,677,841,918,899,801,621,368,70,-240,-534,-787,-959,-1030,-999,-858,-620,-324,18,374,669,896,1033,1057,998,805,526,207,-139,-449,-724,-933,-1027,-1019,-901,-690,-416,-112,211,492,734,884,945,918,787,581,329,44,-220,-475,-674,-793,-835,-788,-653,-471,-249,-13,221,415,568,652,679,648,548,389,207,20,-177,-338,-459,-551,-574,-545,-462,-356,-204,-32,136,273,380,456,476,439,379,277,152,29,-98,-205,-291,-332,-342,-334,-290,-222,-141,-60,20,95,164,213,247,260,263,239,199,137,64,321,-87,-165,-224,-267,-279,-273,-235,-179,-97,-5,94,183,241,276,287,265,212,140,49,-38,-115,-186,-226,-235,-231,-191,-133,-56,5,75,124,144,151,140,113,72,28,-7,-46,-47,-45,-27,5,20,39,48,33,21,-18,-72,-119,-161,-183,-178,-143,-84,10,104,196,267,313,327,288,214,108,-18,-147,-275,-366,-415,-415,-372,-262,-125,27,187,315,411,452,455,396,290,140,-6,-159,-300,-397,-439,-433,-384,-283,-154,-10,123,237,335,384,385,351,275,176,57,-64,-174,-263,-319,-345,-323,-269,-183,-66,56,170,264,312,323,284,207,94,-28,-140,-220,-252,-226,-160,240,140,-78,-915,-841,227,225,158,46,-89,-227,-335,-386,-379,-306,-175,-6,166,322,438,489,476,400,263,89,-105,-291,-444,-537,-569,-521,-411,-244,-46,165,355,503,595,613,558,427,241,35,-179,-366,-507,-581,-598,-547,-405,-233,-45,148,312,442,511,523,474,379,238,93,-48,-188,-291,-359,-387,-369,-337,-265,-163,-78,19,104,170,245,283,291,278,252,214,148,67,-13,-88,-164,-225,-268,-296,-287,-255,-205,-129,-40,57,136,210,263,297,302,289,235,174,93,7,-92,-173,-250,-297,-322,-318,-284,-222,-151,-60,42,148,245,311,357,368,356,304,215,103,-14,-137,-254,-349,-405,-434,374,-363,-265,-142,8,145,280,393,469,496,471,399,287,147,-7,-176,-317,-440,-497,-535,-505,-422,-304,-158,9,173,322,431,497,512,486,424,328,201,56,-86,-240,-357,-456,-519,-536,-514,-448,-333,-187,-19,173,349,501,608,665,670,605,464,291,70,-165,-384,-582,-733,-812,-809,-720,-561,-347,-79,192,463,692,850,920,903,800,603,335,36,-277,-557,-788,-931,-985,-951,-801,-568,-292,25,347,630,848,981,1016,945,772,518,230,-91,-403,-666,-864,-978,-985,-879,-704,-458,-161,140,424,658,826,916,911,812,642,400,135,-138,-399,-611,-772,-851,-841,-757,-604,-388,-147,103,-680,-829
10669,mtk,MTK 7916,4081777414,rx0-tx1,512,-196,-775,-818,538,291,13,-270,-530,-752,-907,-965,-936,-806,-594,-310,0,321,627,862,1025,1078,1028,871,613,296,-55,-413,-732,-979,-1131,-1177,-1095,-905,-619,-260,126,504,823,1072,1206,1223,1117,895,587,210,-193,-570,-890,-1120,-1247,-1241,-1108,-865,-540,-164,230,604,917,1132,1231,1209,1070,824,500,126,-256,-608,-897,-1094,-1184,-1160,-1011,-769,-462,-104,255,576,855,1037,1111,1080,942,716,425,103,-229,-535,-777,-947,-1017,-991,-871,-671,-412,-122,174,449,678,832,908,903,808,636,420,164,-106,-356,-562,-719,-816,-833,-773,-649,-464,-242,5,250,469,650,771,826,798,693,533,320,65,-195,-439,-430,-790,-868,-857,-758,-593,-358,-80,204,472,698,855,931,905,791,594,326,32,-281,-556,-777,-927,-969,-913,-759,-526,-234,79,389,649,838,939,947,849,655,399,102,-198,-483,-707,-849,-897,-849,-720,-516,-255,15,289,515,680,776,787,711,565,367,137,-99,-308,-483,-604,-659,-646,-569,-437,-264,-80,107,279,411,499,537,518,451,340,194,45,-105,-236,-344,-416,-438,-422,-355,-262,-141,-17,98,200,282,330,341,315,267,194,100,9,-84,-164,-221,-255,-262,-243,-208,-150,-81,0,75,138,183,217,218,198,158,100,27,-47,-114,-164,-188,-192,-160,-108,-44,24,84,119,-277,-482,320,1086,924,28,-103,-232,-320,-353,-320,-234,-101,59,206,331,414,436,400,309,185,27,-136,-275,-387,-460,-481,-450,-366,-239,-84,85,254,398,502,553,545,482,366,201,5,-197,-387,-541,-647,-682,-639,-533,-360,-134,100,337,557,711,788,784,690,512,264,-5,-285,-540,-737,-858,-888,-816,-655,-411,-121,177,453,684,842,901,862,730,514,253,-28,-311,-560,-745,-843,-849,-762,-604,-378,-124,134,379,576,704,763,743,647,489,287,64,-160,-371,-531,-633,-678,-647,-551,-419,-249,-49,143,321,458,550,593,580,513,398,249,78,-95,-259,-399,-501,-553,-550,-497,-407,-271,-112,57,224,230,470,536,553,509,420,288,126,-45,-209,-354,-464,-527,-544,-499,-407,-275,-121,43,199,333,441,491,500,456,371,252,113,-29,-166,-278,-363,-413,-421,-390,-326,-237,-133,-25,83,184,254,304,331,332,304,255,186,112,28,-61,-136,-197,-251,-284,-300,-289,-257,-215,-154,-76,10,99,183,253,311,349,361,337,287,208,110,-5,-128,-247,-347,-423,-456,-459,-415,-325,-210,-60,104,247,386,489,551,554,508,412,270,97,-83,-264,-425,-552,-625,-638,-589,-483,-331,-140,66,268,450,589,671,703,655,543,385,179,-49,-269,-468,-631,-727,-766,-726,-614,-448,-228,22,264,495,75,602,472,-350,-138,-702,-845,-903,-872,-751,-566,-306,-13,292,575,806,963,1019,992,845,613,313,-28,-368,-681,-928,-1076,-1128,-1064,-890,-620,-290,83,453,776,1030,1175,1205,1105,895,592,229,-156,-535,-859,-1103,-1240,-1240,-1116,-879,-563,-189,214,598,913,1135,1242,1230,1096,849,514,133,-252,-614,-909,-1119,-1215,-1189,-1045,-798,-479,-118,257,602,879,1070,1156,1113,978,747,438,99,-246,-563,-822,-990,-1059,-1031,-900,-689,-414,-100,211,497,730,888,963,943,835,648,400,134,-145,-408,-622,-773,-863,-864,-784,-635,-440,-201,57,300,515,679,786,825,779,667,494,276,32,-223,-447,-636,-775,-841,-823,-728,-1099,-347,-84,196,449,665,824,901,883,780,596,346,59,-240,-510,-740,-889,-951,-916,-773,-566,-285,26,331,601,814,938,966,885,707,463,170,-135,-440,-685,-856,-935,-916,-794,-585,-320,-33,249,499,702,819,851,793,642,437,193,-66,-307,-511,-650,-719,-709,-628,-494,-311,-106,102,289,446,549,592,580,508,383,232,67,-102,-250,-380,-457,-485,-469,-402,-302,-170,-35,103,218,313,373,386,362,306,220,118,10,-88,-175,-250,-287,-296,-280,-234,-164,-85,1,74,144,199,232,240,218,177,124,57,-18,-83,-144,-187,-208,-198,-167,-113,-52,21,91,139,163,160,125,72,-786,-692,-298,75,606,-261,-276,-219,-109,34,180,301,384,399,354,262,124,-36,-192,-323,-414,-462,-442,-375,-268,-127,36,196,340,446,502,510,463,360,220,48,-132,-308,-460,-566,-619,-603,-519,-372,-181,40,259,456,624,715,729,676,534,320,73,-192,-443,-655,-796,-847,-812,-678,-465,-202,90,371,621,805,893,878,771,579,324,30,-257,-523,-724,-841,-872,-817,-671,-453,-187,93,358,576,730,800,794,709,545,331,91,-155,-380,-559,-679,-726,-703,-609,-453,-263,-52,167,350,493,601,635,611,530,406,244,61,-127,-294,-428,-520,-566,-556,-501,-402,-259,-95,78,232,377,485,546,554,510,-198,279,126,-45,-211,-355,-471,-535,-547,-505,-416,-285,-132,42,208,351,459,517,525,479,391,267,114,-37,-188,-318,-410,-458,-460,-420,-345,-242,-120,8,127,230,312,362,376,364,316,242,163,67,-29,-123,-198,-254,-293,-312,-304,-270,-222,-160,-86,-7,75,148,214,269,303,314,305,270,220,145,60,-47,-151,-245,-326,-378,-410,-404,-355,-274,-156,-27,109,250,368,458,514,503,457,373,242,79,-95,-262,-409,-522,-584,-593,-550,-452,-305,-126,70,263,434,570,652,670,628,521,358,163,-53,-272,-460,-608,-708,-732,-684,-579,-410,-201,28,269,480,654,770,801,762,650,-1082,-906
10670,mtk,MTK 7916,4081777414,rx1-tx0,512,-124,-571,154,326,416,462,451,383,279,135,-21,-184,-322,-421,-470,-458,-399,-291,-148,16,178,321,428,482,481,424,319,175,7,-161,-315,-427,-496,-516,-468,-371,-227,-60,118,278,414,514,548,524,456,324,160,-25,-207,-375,-505,-582,-619,-569,-462,-306,-117,95,292,472,600,668,681,607,471,287,65,-173,-392,-584,-720,-771,-743,-637,-460,-229,22,284,530,712,809,830,760,608,387,132,-144,-410,-621,-763,-838,-825,-719,-540,-315,-58,205,448,637,761,807,781,677,502,288,41,-203,-425,-610,-741,-794,-776,-683,-524,-322,-84,165,400,611,752,831,841,766,614,396,121,-170,-444,231,-867,-966,-967,-872,-677,-403,-85,256,579,843,1030,1112,1072,929,667,332,-39,-422,-762,-1016,-1177,-1210,-1118,-911,-599,-214,200,593,923,1155,1275,1268,1108,838,479,64,-348,-741,-1054,-1265,-1341,-1274,-1080,-763,-367,56,486,867,1170,1349,1405,1296,1054,704,268,-204,-666,-1059,-1359,-1510,-1496,-1321,-1002,-552,-36,485,968,1347,1564,1610,1468,1158,702,171,-390,-895,-1283,-1529,-1583,-1450,-1155,-724,-214,307,775,1148,1368,1430,1321,1064,690,253,-212,-617,-943,-1151,-1218,-1137,-930,-622,-250,131,493,785,969,1031,973,787,512,173,-185,-499,-746,-876,-887,-759,-522,-216,121,411,608,678,607,415,179,-1241,-1358,806,-283,346,138,-99,-369,-582,-694,-680,-528,-278,39,357,628,815,873,805,637,359,41,-291,-595,-821,-957,-980,-874,-665,-365,-19,332,664,934,1090,1120,1028,814,499,91,-319,-708,-1032,-1239,-1317,-1245,-1018,-676,-239,236,692,1087,1376,1496,1444,1236,875,410,-122,-651,-1103,-1438,-1614,-1619,-1439,-1085,-596,-40,519,1023,1413,1647,1702,1560,1239,785,243,-336,-855,-1297,-1597,-1703,-1618,-1363,-967,-462,101,634,1090,1430,1600,1601,1427,1117,684,179,-335,-800,-1162,-1421,-1520,-1464,-1248,-903,-477,-5,467,878,1199,1388,1442,1345,1108,765,342,-106,-542,-929,-1214,-1367,-1395,-1257,-1005,-650,-226,206,623,982,1245,1369,-49,1213,929,571,158,-302,-715,-1053,-1303,-1401,-1361,-1188,-891,-493,-36,427,852,1182,1397,1462,1380,1154,788,347,-143,-602,-1023,-1326,-1485,-1475,-1315,-1006,-598,-116,372,824,1178,1400,1476,1391,1143,785,341,-133,-581,-954,-1231,-1363,-1350,-1190,-903,-533,-112,305,691,986,1169,1221,1131,941,655,312,-56,-403,-696,-907,-1024,-1029,-919,-723,-469,-163,135,414,645,804,867,843,744,563,332,82,-173,-407,-577,-697,-746,-712,-604,-440,-233,-18,202,394,541,634,653,598,487,328,138,-68,-253,-411,-524,-574,-558,-487,-371,-207,-29,151,311,437,504,513,470,369,238,84,-86,-239,-359,-446,-480,-452,-1261,-1217,289,-1297,-1415,337,205,52,-113,-257,-370,-444,-465,-437,-347,-220,-59,103,251,377,455,482,450,364,231,75,-93,-245,-378,-468,-503,-479,-399,-271,-119,54,228,374,482,531,519,454,347,194,12,-158,-322,-461,-548,-578,-543,-456,-306,-141,54,254,419,547,626,642,587,472,292,97,-123,-345,-526,-659,-727,-713,-626,-477,-262,-15,231,464,649,766,804,766,640,432,186,-84,-353,-586,-750,-837,-840,-747,-569,-346,-90,184,439,641,775,830,801,690,505,281,36,-209,-445,-627,-751,-797,-765,-663,-506,-297,-60,183,415,605,739,806,796,716,566,351,112,-152,-407,-631,-803,-902,-901,-812,-568,-409,-115,194,499,763,952,1042,1032,907,685,386,30,-327,-660,-937,-1106,-1172,-1112,-923,-638,-281,114,497,836,1092,1238,1244,1118,872,533,143,-278,-674,-989,-1214,-1301,-1267,-1094,-803,-425,3,423,814,1114,1301,1355,1283,1065,735,331,-113,-564,-950,-1250,-1424,-1450,-1315,-1039,-647,-170,333,800,1198,1472,1576,1515,1279,879,382,-162,-690,-1144,-1470,-1621,-1584,-1349,-970,-478,76,603,1053,1364,1515,1475,1274,920,469,-17,-485,-884,-1164,-1312,-1296,-1123,-837,-462,-46,363,713,975,1101,1101,974,732,405,46,-312,-626,-848,-967,-942,-801,-549,-231,114,435,672,797,788,638,396,97,-195,-404,-494,561,-145,-321,-1236,-1200,-490,-560,-494,-305,-36,269,544,733,807,742,564,290,-37,-348,-631,-837,-920,-892,-741,-499,-196,151,486,769,961,1037,999,851,582,237,-139,-513,-838,-1091,-1214,-1193,-1044,-757,-379,54,499,900,1203,1382,1393,1251,963,555,62,-435,-900,-1277,-1514,-1581,-1457,-1167,-735,-219,329,849,1279,1573,1683,1604,1342,925,410,-155,-705,-1176,-1515,-1698,-1677,-1468,-1113,-609,-57,495,986,1375,1617,1661,1522,1233,813,304,-227,-728,-1136,-1431,-1560,-1524,-1327,-1001,-577,-90,396,840,1187,1407,1481,1394,1163,823,400,-48,-506,-900,-1207,-1382,-1404,-1296,-1054,-700,-288,159,594,950,1223,1356,1354,1224,971,607,176,425,-668,-1010,-1247,-1379,-1363,-1189,-918,-539,-92,350,768,1105,1346,1433,1383,1175,854,434,-34,-497,-929,-1255,-1454,-1483,-1367,-1101,-710,-236,262,728,1116,1382,1497,1451,1244,903,476,-3,-491,-911,-1222,-1397,-1420,-1287,-1021,-652,-213,229,644,979,1202,1293,1245,1067,775,416,12,-369,-703,-955,-1102,-1126,-1028,-829,-556,-236,106,426,680,865,949,933,830,646,398,111,-162,-416,-621,-748,-802,-778,-662,-489,-284,-47,190,399,559,657,688,652,543,386,186,-25,-227,-397,-525,-600,-604,-544,-435,-276,-86,107,276,420,512,546,517,434,303,137,-35,-204,-347,-442,-493,-486,-420,-318,-182,-17,144,256,-399
10671,mtk,MTK 7916,4081777414,rx1-tx1,512,0,0,0,-92,-395,-618,-710,-646,-436,-128,220,522,711,749,621,353,14,-336,-617,-766,-746,-556,-238,131,472,712,796,700,453,100,-285,-600,-783,-792,-622,-314,56,420,698,824,759,523,170,-225,-575,-794,-833,-692,-394,1,396,701,852,816,592,235,-173,-554,-816,-898,-776,-483,-78,356,708,900,898,703,346,-91,-508,-818,-953,-881,-605,-196,247,639,901,962,807,482,53,-388,-744,-938,-930,-723,-349,99,525,832,964,886,611,211,-230,-621,-873,-943,-811,-500,-94,325,667,868,882,707,378,-15,-392,-679,-821,-786,-586,-263,111,434,657,743,656,423,112,-197,-465,-622,-625,-495,0,32,302,495,572,512,334,75,-198,-426,-545,-532,-394,-163,107,355,535,584,493,293,14,-280,-514,-654,-650,-498,-231,89,398,636,744,691,493,193,-152,-475,-700,-782,-718,-503,-178,175,484,699,769,679,457,154,-171,-463,-653,-696,-595,-379,-98,186,422,563,573,456,248,6,-226,-401,-477,-438,-306,-108,115,301,404,417,334,170,-33,-230,-380,-443,-408,-276,-83,117,294,420,461,394,248,59,-140,-316,-419,-435,-373,-239,-55,131,284,375,389,328,203,42,-121,-248,-318,-326,-268,-163,-26,107,212,269,277,230,139,25,-83,-168,-227,-248,-227,-174,-95,-10,62,118,0,0,0,0,0,-140,-215,-268,-289,-267,-204,-94,41,189,326,412,432,384,265,93,-105,-293,-442,-517,-501,-386,-188,52,298,496,600,595,475,256,-33,-323,-561,-697,-693,-553,-293,31,362,637,791,786,621,321,-38,-401,-705,-877,-865,-675,-345,56,452,769,942,915,697,347,-76,-494,-814,-967,-915,-666,-281,159,564,859,975,880,604,193,-269,-669,-929,-989,-851,-523,-75,381,765,987,1000,807,444,-21,-479,-834,-1020,-992,-757,-357,122,564,883,1028,952,660,239,-223,-647,-922,-991,-859,-544,-103,347,724,948,958,766,413,-35,-476,-802,-949,-891,-641,-245,208,615,889,977,840,515,88,0,-761,-982,-995,-788,-402,84,540,889,1053,993,718,278,-228,-681,-991,-1094,-969,-634,-154,357,790,1055,1101,914,523,18,-482,-881,-1096,-1074,-816,-393,111,599,945,1077,988,684,219,-274,-693,-969,-1035,-868,-513,-48,416,787,994,977,743,349,-114,-547,-848,-965,-868,-580,-173,271,651,875,905,741,411,-11,-415,-727,-877,-820,-585,-228,166,519,757,822,707,442,79,-288,-577,-732,-729,-564,-278,65,377,585,659,581,376,92,-206,-444,-570,-559,-421,-191,86,341,501,535,446,244,-17,-268,-463,-547,-493,-325,-80,195,427,555,554,424,196,-86,-349,-540,-605,-530,-341,-64,235,0,0,0,0,0,689,575,327,4,-314,-580,-729,-705,-522,-230,113,444,681,770,695,463,118,-240,-547,-747,-781,-636,-352,4,370,656,792,752,548,211,-170,-513,-749,-815,-699,-426,-59,319,638,823,806,599,273,-114,-489,-758,-856,-761,-496,-118,291,633,849,874,696,361,-56,-464,-778,-921,-847,-595,-210,237,629,873,935,791,480,58,-383,-738,-937,-931,-718,-352,88,518,833,966,884,605,196,-254,-647,-905,-961,-808,-485,-59,379,734,930,922,719,364,-68,-475,-783,-928,-870,-623,-246,176,540,780,858,759,500,141,-237,-562,-756,-779,-639,-363,-20,316,568,685,650,472,198,-111,-375,0,-597,-510,-298,-27,241,448,542,512,358,112,-159,-394,-536,-551,-435,-215,56,323,527,618,574,384,104,-203,-479,-668,-713,-604,-365,-43,299,575,741,764,621,346,11,-328,-611,-773,-769,-610,-327,5,331,593,736,716,551,285,-33,-333,-545,-635,-594,-443,-209,71,322,490,538,464,291,70,-156,-343,-446,-429,-318,-144,68,259,387,425,364,222,29,-179,-344,-437,-444,-351,-176,36,237,380,447,434,329,156,-45,-233,-368,-427,-405,-303,-144,43,210,323,369,339,245,107,-39,-171,-266,-309,-285,-204,-88,38,144,220,260,246,186,102,8,-90,-162,-201,-209,-188,-147,0,0,0,0,0,168,115,40,-56,-165,-273,-345,-371,-343,-257,-117,54,226,373,465,476,396,240,38,-187,-394,-530,-566,-496,-333,-95,174,420,592,656,582,393,127,-181,-475,-683,-762,-680,-456,-134,224,544,769,854,756,505,147,-250,-606,-848,-925,-806,-527,-149,265,648,902,960,824,519,105,-328,-696,-919,-955,-791,-449,-18,422,780,966,947,725,352,-98,-531,-851,-999,-930,-667,-264,204,636,937,1036,907,594,162,-304,-708,-969,-1024,-861,-516,-61,403,782,996,988,775,402,-50,-487,-822,-987,-927,-663,-265,182,598,882,964,834,525,103,-346,-714,-932,-948,-749,-378,71,508,840,987,0,644,244,-221,-657,-950,-1037,-900,-556,-94,391,798,1040,1061,851,457,-35,-526,-912,-1101,-1056,-784,-350,170,645,977,1105,1001,681,214,-291,-729,-1022,-1095,-916,-546,-70,424,828,1043,1027,786,383,-92,-547,-882,-1023,-942,-649,-222,253,667,928,982,818,473,27,-412,-754,-930,-897,-663,-299,133,533,801,892,780,491,117,-292,-628,-808,-825,-659,-345,42,406,676,791,728,509,191,-166,-475,-671,-707,-582,-332,-18,290,523,625,576,403,147,-135,-381,-530,-551,-433,-210,52,298,467,528,456,272,25,-230,-442,-549,-527,-375,-134,140,396,560,586,485,270,-14,-304,-529,-635,-597,0,0
10672,mtk,MTK 7916,4081777414,rx2-tx0,512,0,0,0,247,445,551,536,399,164,-112,-361,-533,-589,-513,-320,-51,234,469,604,601,465,225,-72,-363,-570,-646,-582,-391,-105,209,471,630,652,528,283,-31,-341,-569,-674,-627,-438,-149,171,454,639,683,564,317,-1,-324,-577,-699,-658,-465,-162,184,487,680,722,599,335,-13,-365,-637,-770,-730,-518,-187,190,532,759,824,708,428,44,-357,-680,-858,-855,-664,-318,100,496,787,908,832,576,193,-237,-612,-858,-920,-781,-472,-60,357,699,889,879,688,350,-65,-468,-761,-885,-821,-577,-211,191,547,782,842,717,444,79,-297,-602,-773,-769,-594,-294,65,406,651,746,669,444,130,0,-497,-673,-693,-554,-294,35,359,599,699,640,432,121,-213,-501,-683,-718,-584,-313,25,371,639,763,718,516,194,-176,-516,-749,-824,-717,-453,-87,303,642,840,859,694,381,-30,-434,-742,-903,-872,-654,-297,131,528,819,937,856,597,206,-235,-626,-876,-948,-829,-534,-127,314,689,912,944,786,469,56,-369,-712,-903,-917,-737,-405,-4,396,708,871,856,668,346,-39,-404,-679,-810,-775,-581,-278,75,400,633,733,686,500,222,-90,-374,-578,-661,-608,-441,-185,104,356,524,594,548,397,173,-76,-299,-461,-533,-511,-405,-231,-23,178,339,439,468,428,328,194,55,-67,-163,0,0,0,0,0,205,344,461,534,537,457,292,67,-184,-427,-612,-699,-674,-529,-283,28,349,614,768,785,654,383,26,-345,-663,-859,-892,-751,-452,-44,379,740,977,1023,854,500,37,-450,-867,-1118,-1148,-948,-547,-30,507,964,1237,1267,1031,579,2,-591,-1079,-1356,-1359,-1090,-596,21,650,1155,1432,1418,1110,579,-68,-704,-1208,-1469,-1422,-1087,-539,120,754,1227,1444,1379,1029,460,-196,-805,-1237,-1405,-1282,-902,-341,285,845,1220,1338,1178,768,201,-394,-901,-1210,-1259,-1046,-616,-62,494,939,1180,1170,908,455,-81,-588,-967,-1139,-1063,-756,-306,207,673,980,1077,945,606,142,-337,-737,-983,-1007,-808,-448,0,458,796,961,919,676,287,-154,-560,-838,-932,-822,-528,-127,284,633,844,866,696,378,-13,-396,-692,-826,-777,-565,-235,144,483,703,765,654,406,73,-268,-542,-693,-687,-525,-249,77,377,583,652,571,360,72,-216,-451,-584,-578,-437,-199,84,339,505,550,470,285,31,-228,-428,-523,-490,-350,-129,128,347,478,499,398,203,-33,-266,-436,-501,-447,-287,-61,175,371,484,485,365,157,-84,-309,-463,-505,-436,-267,-30,212,403,502,483,362,154,-97,-326,-470,-514,-445,-266,-28,207,398,508,499,368,153,-94,-318,-470,-519,-447,-269,-31,215,415,518,498,364,150,-100,-329,0,0,0,0,0,-494,-330,-92,175,409,550,568,456,239,-36,-308,-513,-605,-566,-397,-132,160,420,589,631,527,301,9,-287,-525,-646,-624,-460,-193,121,411,609,673,589,368,62,-255,-512,-662,-660,-504,-234,93,397,611,687,608,387,77,-253,-528,-681,-689,-537,-249,103,431,665,750,668,426,81,-286,-595,-777,-784,-615,-310,69,450,738,855,781,537,175,-233,-597,-833,-885,-748,-453,-49,377,723,900,882,683,338,-85,-492,-793,-915,-839,-588,-211,213,592,838,895,756,467,82,-329,-669,-848,-843,-663,-342,44,422,704,822,763,537,192,-184,-506,-710,-761,-642,-379,-36,303,571,711,0,505,212,-127,-434,-642,-698,-595,-361,-46,285,552,692,674,508,219,-130,-448,-667,-743,-658,-417,-77,285,588,767,780,623,325,-53,-423,-703,-838,-799,-579,-230,173,537,799,901,802,520,131,-282,-649,-880,-920,-770,-450,-34,392,736,924,917,724,378,-54,-472,-790,-942,-901,-669,-298,130,533,831,951,874,617,239,-186,-564,-824,-913,-819,-557,-183,216,565,792,854,741,476,125,-239,-550,-740,-772,-651,-405,-87,245,517,673,686,567,340,56,-235,-472,-609,-618,-503,-294,-40,213,418,541,560,468,293,76,-149,-342,-472,-515,-471,-355,-196,-18,149,281,360,377,346,275,0,0,0,0,0,-367,-304,-185,-14,182,383,545,635,629,520,318,50,-242,-502,-687,-754,-684,-484,-184,164,492,738,846,788,573,236,-159,-538,-822,-955,-899,-657,-272,186,624,948,1093,1010,724,290,-222,-719,-1079,-1229,-1133,-803,-298,273,804,1189,1340,1216,844,301,-318,-894,-1291,-1425,-1283,-883,-290,365,951,1343,1468,1298,858,245,-417,-1007,-1380,-1466,-1260,-801,-181,479,1031,1364,1412,1181,706,80,-551,-1056,-1337,-1339,-1063,-573,36,625,1068,1290,1241,928,427,-160,-712,-1092,-1234,-1120,-776,-273,285,773,1089,1169,1001,629,126,-401,-828,-1067,-1078,-867,-467,32,508,866,1038,987,718,302,-167,-601,-902,0,-871,-563,-139,310,684,910,934,753,415,-8,-420,-741,-900,-859,-634,-274,145,521,773,858,753,480,110,-270,-584,-772,-786,-621,-322,32,374,628,734,677,470,165,-169,-460,-643,-676,-554,-310,-5,295,520,618,578,408,141,-146,-392,-546,-569,-457,-239,23,272,456,536,482,313,77,-175,-385,-496,-493,-371,-163,82,306,457,502,426,247,12,-225,-406,-493,-467,-329,-112,131,344,478,496,400,213,-24,-260,-435,-508,-463,-312,-89,155,364,490,504,401,208,-40,-280,-450,-513,-466,-318,-91,155,366,493,507,410,216,-33,-271,-448,-519,-473,-322,-96,153,370,502,519,416,0,0
10673,mtk,MTK 7916,4081777414,rx2-tx1,512,0,0,0,97,83,49,16,-18,-62,-99,-119,-115,-91,-56,-7,49,101,130,135,117,83,27,-46,-105,-146,-158,-137,-88,-17,58,117,159,167,133,70,-6,-85,-142,-169,-159,-117,-41,47,117,170,184,156,89,-6,-97,-171,-211,-197,-134,-40,64,167,237,246,201,115,-11,-138,-236,-289,-283,-208,-82,67,203,303,348,309,195,48,-112,-269,-375,-397,-330,-193,-13,171,325,416,426,340,180,-23,-215,-367,-442,-429,-325,-149,56,247,393,451,411,288,104,-104,-288,-408,-439,-373,-227,-46,146,312,404,404,315,162,-28,-204,-331,-389,-357,-244,-75,109,264,359,372,298,162,0,-203,-336,-398,-370,-251,-72,125,301,411,431,357,199,-4,-210,-386,-487,-468,-346,-154,75,301,462,529,485,331,106,-150,-376,-532,-575,-494,-305,-48,231,455,582,594,482,254,-32,-316,-543,-648,-626,-472,-207,106,403,623,714,656,459,168,-172,-485,-700,-770,-689,-458,-128,230,538,749,812,701,450,113,-251,-566,-771,-823,-707,-456,-105,260,564,761,806,695,446,111,-239,-542,-733,-777,-665,-418,-108,206,476,660,710,613,401,122,-171,-427,-599,-649,-573,-393,-139,130,368,529,581,534,392,180,-55,-273,-438,-520,-515,-429,-274,-88,97,256,366,415,404,341,248,139,0,0,0,0,0,285,331,342,307,222,94,-64,-225,-372,-474,-506,-456,-329,-147,69,282,455,552,558,467,282,32,-231,-456,-606,-650,-569,-369,-92,210,481,676,748,675,460,149,-199,-528,-772,-868,-798,-574,-232,170,546,834,970,923,698,325,-113,-537,-877,-1054,-1028,-799,-415,46,503,876,1095,1086,856,471,-1,-480,-873,-1094,-1089,-878,-503,-19,463,837,1045,1062,870,494,27,-439,-808,-1008,-1015,-816,-453,-13,422,771,961,950,743,392,-32,-447,-759,-909,-875,-659,-304,100,478,756,872,804,571,217,-167,-515,-756,-838,-740,-495,-148,223,545,753,800,675,413,69,-285,-583,-751,-752,-591,0,26,352,605,738,707,511,219,-115,-428,-646,-726,-650,-429,-123,212,505,689,726,605,352,22,-312,-584,-734,-728,-568,-286,58,396,653,772,733,539,235,-119,-455,-697,-795,-729,-517,-196,161,476,697,779,695,473,157,-186,-481,-673,-730,-637,-413,-111,205,471,635,662,559,340,54,-223,-442,-575,-587,-471,-259,-5,238,424,518,507,386,183,-47,-250,-394,-453,-426,-312,-129,66,235,358,407,365,252,92,-75,-220,-313,-340,-302,-201,-66,71,185,260,276,245,169,58,-55,-147,-205,-218,-194,-137,-58,27,98,145,163,156,118,57,1,-43,-79,-103,-106,-98,-82,-48,0,0,0,0,0,24,59,87,107,110,95,58,11,-35,-81,-117,-132,-131,-99,-48,12,68,118,150,149,108,50,-11,-76,-130,-156,-147,-113,-51,30,105,151,166,149,95,20,-61,-129,-172,-178,-134,-58,23,110,172,194,169,102,16,-80,-171,-217,-213,-163,-71,45,154,234,261,232,152,32,-105,-228,-306,-317,-261,-145,11,168,296,365,357,270,120,-54,-223,-352,-409,-380,-273,-99,96,279,404,438,385,252,64,-141,-318,-424,-445,-377,-229,-26,186,349,431,427,333,172,-26,-215,-360,-427,-396,-286,-119,79,262,371,399,344,208,28,-153,-303,-377,-368,-278,-119,69,235,345,0,329,202,23,-165,-323,-410,-398,-300,-134,70,265,405,457,411,278,74,-155,-357,-488,-509,-421,-247,-13,226,431,548,546,419,206,-51,-308,-500,-587,-551,-397,-153,129,393,578,640,555,357,78,-228,-488,-648,-680,-567,-331,-19,306,572,719,726,585,317,-25,-367,-633,-777,-764,-590,-291,63,409,677,814,781,595,288,-71,-422,-687,-820,-785,-589,-287,68,413,670,790,753,570,283,-61,-387,-623,-732,-703,-537,-266,42,337,560,669,647,508,273,-9,-289,-503,-604,-595,-481,-276,-26,218,418,538,555,473,321,119,-98,-290,-423,-483,-469,-393,-263,-107,39,160,244,284,0,0,0,0,0,-100,-5,107,228,342,419,440,403,305,150,-40,-235,-402,-511,-535,-468,-320,-111,132,362,525,600,571,426,196,-75,-352,-569,-681,-674,-529,-271,46,360,625,780,786,639,364,8,-366,-691,-885,-915,-770,-466,-69,355,729,972,1034,885,569,149,-313,-729,-1008,-1099,-986,-672,-220,267,704,1008,1115,1010,713,270,-226,-678,-993,-1101,-995,-707,-275,214,645,946,1062,966,676,255,-207,-624,-908,-1010,-907,-618,-210,230,617,877,946,821,531,135,-287,-636,-846,-886,-747,-456,-63,338,653,826,836,676,374,-9,-379,-665,-812,-789,-601,-290,75,419,675,786,722,507,198,-156,-476,0,-739,-652,-419,-97,237,524,702,720,581,322,-4,-330,-587,-722,-697,-521,-237,103,424,655,747,676,467,160,-200,-514,-716,-775,-668,-423,-88,265,567,753,784,654,391,44,-318,-605,-760,-771,-623,-342,5,338,597,738,725,565,291,-37,-352,-586,-688,-655,-494,-229,76,358,557,632,578,411,160,-113,-357,-518,-564,-497,-331,-100,140,344,469,490,416,262,54,-157,-330,-426,-426,-340,-195,-17,158,296,365,361,288,158,0,-142,-252,-312,-299,-228,-119,6,125,209,244,232,182,104,9,-81,-150,-188,-185,-148,-95,-28,40,94,129,139,125,91,45,3,-35,-70,-93,0,0
10674,mtk,MTK 7916,4081833841,rx0-tx0,512,575,523,533,-113,-290,-443,-559,-646,-696,-700,-653,-577,-452,-292,-108,83,285,475,628,748,825,831,790,682,510,296,58,-208,-459,-679,-852,-967,-1001,-956,-826,-630,-384,-101,192,473,726,916,1014,1065,1007,859,663,412,132,-167,-438,-677,-865,-982,-1014,-975,-865,-678,-457,-204,70,340,572,751,868,934,920,837,695,494,253,14,-222,-449,-630,-771,-842,-837,-777,-651,-495,-304,-75,130,336,506,638,712,731,691,602,471,296,107,-77,-251,-404,-513,-583,-601,-564,-486,-374,-244,-87,64,196,300,370,403,410,370,313,248,160,73,-8,-74,-123,-165,-187,-196,-199,-192,-179,-156,-127,-90,-588,-27,13,44,80,111,141,158,170,174,155,137,103,70,23,-28,-64,-106,-140,-154,-164,-158,-140,-108,-63,-37,3,39,69,78,81,77,68,48,44,25,16,28,36,58,68,67,76,78,56,16,-43,-86,-137,-203,-245,-267,-274,-245,-183,-103,6,122,226,329,406,451,448,398,321,205,59,-102,-262,-395,-502,-567,-558,-519,-423,-282,-121,53,237,391,511,578,583,555,461,333,171,5,-166,-311,-438,-508,-545,-524,-452,-352,-220,-73,78,217,325,408,457,449,410,337,240,121,-15,-137,-249,-341,-390,-395,-366,-300,-200,-74,59,178,263,310,308,260,169,66,256,366,-615,228,95,224,253,240,176,73,-53,-185,-302,-377,-407,-390,-314,-199,-54,94,239,369,459,498,483,421,313,175,14,-160,-309,-436,-524,-562,-548,-464,-341,-184,-6,169,320,454,546,565,534,453,337,188,27,-126,-271,-379,-453,-480,-454,-388,-298,-188,-77,42,147,213,261,284,280,268,229,188,131,82,42,-3,-38,-56,-79,-111,-127,-143,-167,-175,-186,-185,-160,-135,-96,-43,14,78,140,198,245,273,282,273,240,195,128,38,-48,-127,-196,-266,-314,-333,-343,-322,-274,-202,-118,-34,71,174,257,332,380,398,386,354,298,204,111,-3,-120,-238,-344,-411,-451,-462,-448,-396,-291,-184,-64,67,204,312,419,500,526,520,468,382,281,145,-15,-164,-321,-438,-519,-561,-576,-518,-436,-326,-182,-35,111,258,377,463,511,529,506,453,368,263,155,24,-95,-210,-303,-391,-458,-503,-519,-507,-451,-366,-269,-136,14,163,312,439,556,644,674,662,608,503,362,174,-29,-244,-441,-622,-758,-839,-859,-807,-697,-528,-300,-52,218,465,683,849,952,984,929,803,616,371,95,-184,-457,-695,-871,-985,-1023,-971,-838,-648,-414,-135,151,413,650,830,930,963,932,826,647,413,179,-71,-319,-531,-705,-809,-855,-846,-767,-639,-467,-264,-39,173,364,530,650,715,730,701,498,440,-184,82,-63,-685,-628,-533,-406,-258,-84,99,271,429,572,682,743,757,721,623,483,313,100,-120,-338,-557,-738,-856,-924,-915,-833,-683,-481,-231,51,339,601,811,962,1034,1026,936,774,529,259,-30,-337,-595,-805,-956,-1031,-1020,-926,-774,-557,-301,-20,253,509,720,864,958,983,921,788,591,362,106,-158,-396,-605,-768,-864,-884,-856,-758,-605,-407,-162,72,298,489,637,753,790,758,690,562,404,210,5,-196,-374,-522,-624,-666,-661,-605,-498,-349,-184,-3,159,297,401,475,507,493,441,354,246,135,16,-95,-178,-248,-287,-298,-290,-261,-227,-178,-121,-71,-23,19,61,95,127,140,321,157,153,149,143,131,105,61,26,-29,-68,-108,-139,-162,-175,-170,-157,-139,-95,-49,-7,36,81,119,125,125,127,113,89,62,41,18,-14,-19,-19,-24,-13,-15,-11,-6,-26,-42,-59,-89,-122,-157,-177,-174,-170,-126,-56,20,107,199,275,338,372,365,325,257,158,28,-119,-256,-375,-466,-516,-519,-471,-368,-248,-79,87,251,407,517,569,583,545,450,321,143,-26,-206,-360,-481,-549,-571,-542,-468,-345,-191,-36,130,268,383,467,500,488,430,343,239,100,-38,-163,-272,-358,-419,-430,-399,-339,-240,-113,16,135,245,326,368,362,306,215,98,-22,-129,-202,-226,373,302,-78,-512,-550,52,-37,-149,-251,-321,-347,-320,-239,-117,21,172,301,398,449,451,405,315,180,27,-135,-289,-415,-495,-535,-515,-443,-332,-179,-12,167,331,457,551,583,553,466,350,187,8,-155,-307,-425,-512,-537,-510,-438,-326,-200,-54,90,211,304,361,384,379,330,263,193,106,25,-50,-111,-149,-177,-182,-188,-184,-171,-152,-147,-124,-102,-85,-47,-9,30,79,121,169,201,226,228,227,208,178,118,53,-23,-94,-167,-227,-281,-314,-312,-297,-259,-204,-116,-35,51,141,229,299,337,357,364,334,284,215,120,15,-93,-188,-290,-365,-406,-433,-417,-377,-302,-206,-95,20,149,271,374,445,482,501,465,396,306,174,30,-111,-258,-373,-469,-544,-565,-541,-477,-362,-237,-98,66,233,358,473,540,564,545,491,401,283,149,7,-136,-258,-364,-427,-480,-497,-492,-455,-399,-318,-206,-87,39,166,298,405,495,563,589,579,533,446,333,172,-8,-181,-360,-515,-650,-740,-778,-750,-669,-536,-354,-130,111,353,555,745,864,929,915,827,677,463,209,-71,-344,-589,-796,-938,-1005,-992,-907,-743,-521,-263,29,315,569,771,926,1006,995,909,754,531,274,12,-246,-493,-699,-834,-902,-920,-852,-729,-544,-320,-91,142,356,539,684,772,799,762,687,562,401,216,29,-161,-217,-323
10675,mtk,MTK 7916,4081833841,rx0-tx1,512,-196,-526,-706,-657,-465,-229,44,313,557,769,930,1031,1058,995,851,642,384,85,-221,-523,-791,-992,-1128,-1177,-1133,-1005,-797,-528,-211,128,462,760,1009,1186,1265,1250,1138,932,658,333,-13,-373,-697,-970,-1180,-1285,-1307,-1223,-1044,-791,-472,-120,234,582,875,1106,1255,1309,1269,1133,917,632,294,-61,-403,-726,-985,-1162,-1261,-1267,-1181,-995,-746,-438,-112,226,548,822,1035,1163,1205,1163,1030,828,569,275,-40,-342,-618,-839,-1013,-1098,-1100,-1023,-882,-678,-427,-142,138,402,636,818,946,1000,984,898,755,567,331,87,-165,-407,-614,-783,-890,-942,-926,-848,-714,-526,-306,-58,197,437,648,817,930,969,-430,848,690,482,229,-41,-320,-577,-793,-950,-1031,-1032,-963,-811,-588,-328,-37,267,553,787,966,1061,1080,1005,848,615,349,50,-260,-544,-777,-951,-1044,-1052,-973,-819,-597,-330,-39,253,504,716,873,957,957,875,727,527,289,31,-219,-436,-617,-741,-807,-801,-728,-606,-447,-254,-53,139,312,455,556,618,623,592,504,399,262,109,-38,-179,-309,-404,-462,-494,-482,-430,-356,-256,-144,-20,96,196,284,347,377,374,357,306,238,153,60,-31,-115,-194,-253,-289,-303,-297,-267,-214,-149,-71,9,89,156,212,249,266,255,219,168,96,19,-61,-131,-190,-220,-215,-182,-127,-54,11,94,-115,320,951,435,-240,-308,-330,-298,-212,-81,67,212,331,422,455,437,374,262,129,-18,-168,-302,-408,-476,-509,-493,-434,-337,-208,-56,96,251,390,503,578,606,583,514,393,235,55,-133,-321,-489,-623,-709,-739,-708,-612,-456,-268,-45,194,422,617,765,850,875,817,672,483,246,-13,-279,-524,-726,-869,-932,-918,-822,-657,-443,-189,77,342,567,742,862,900,867,765,596,389,157,-83,-320,-522,-669,-764,-799,-777,-682,-539,-357,-164,33,229,398,538,628,670,659,607,517,382,222,52,-101,-249,-377,-478,-553,-573,-557,-512,-428,-327,-195,-55,85,229,350,448,521,551,544,505,429,317,230,50,-103,-253,-386,-485,-553,-569,-554,-502,-409,-279,-131,23,180,321,439,522,565,561,521,443,331,194,48,-95,-232,-353,-443,-497,-506,-481,-421,-341,-240,-122,-6,111,204,290,355,382,389,374,339,284,217,139,56,-18,-97,-165,-223,-269,-303,-324,-324,-309,-280,-239,-181,-113,-45,37,129,212,283,353,396,415,410,380,323,240,132,13,-109,-241,-355,-438,-508,-547,-534,-485,-408,-293,-156,-1,153,298,433,544,604,627,620,555,454,317,156,-28,-212,-381,-525,-634,-702,-719,-682,-605,-473,-315,-123,88,289,478,630,743,798,802,750,636,471,273,51,-185,-401,-603,536,1013,472,-818,-677,669,831,948,990,946,836,664,438,173,-118,-411,-673,-885,-1038,-1112,-1100,-1012,-836,-593,-307,20,341,642,900,1097,1216,1233,1148,981,737,433,90,-256,-592,-880,-1102,-1244,-1294,-1249,-1096,-877,-573,-227,129,487,796,1052,1229,1307,1296,1184,979,709,382,30,-327,-657,-934,-1147,-1270,-1291,-1228,-1073,-829,-533,-203,144,484,782,1013,1169,1238,1225,1109,916,655,346,25,-299,-597,-842,-1029,-1137,-1161,-1097,-953,-752,-497,-199,99,385,635,840,983,1047,1032,952,804,612,369,106,-163,-413,-630,-804,-917,-961,-948,-863,-726,-541,-316,-72,178,408,615,782,895,949,933,851,709,513,274,11,-1099,-497,-705,-873,-980,-1017,-973,-849,-663,-424,-145,146,426,683,881,1012,1070,1041,923,733,488,198,-106,-407,-674,-876,-1014,-1079,-1049,-926,-737,-491,-199,108,398,652,849,973,1023,980,861,678,436,168,-108,-366,-590,-759,-862,-893,-845,-737,-575,-378,-155,76,288,464,606,694,719,687,611,487,340,162,-6,-178,-320,-435,-515,-547,-541,-509,-436,-325,-201,-66,74,198,301,376,421,439,419,368,293,200,99,-1,-104,-199,-267,-314,-335,-330,-307,-262,-193,-110,-27,57,134,200,247,277,282,266,225,168,100,24,-61,-131,-193,-235,-250,-238,-200,-140,-60,21,91,146,170,159,-950,-943,-298,675,1082,-154,-58,74,207,320,390,404,365,280,157,3,-142,-284,-393,-458,-481,-458,-392,-286,-155,-6,149,285,407,499,544,544,499,411,286,133,-37,-206,-368,-509,-610,-661,-661,-609,-496,-344,-156,47,260,462,628,742,806,795,712,573,383,151,-102,-368,-587,-759,-879,-919,-886,-769,-588,-350,-80,193,449,665,829,918,927,860,718,529,289,33,-224,-456,-651,-782,-851,-853,-790,-656,-476,-268,-49,174,381,547,664,718,733,688,591,453,287,107,-79,-247,-400,-513,-586,-610,-595,-553,-463,-354,-212,-53,91,234,354,454,526,554,549,507,423,325,198,58,-88,-229,-359,-456,-198,-561,-556,-515,-429,-313,-167,-14,135,281,412,508,562,578,552,483,379,244,94,-61,-209,-343,-450,-520,-543,-530,-479,-394,-282,-150,-13,120,238,330,404,440,451,422,369,308,219,120,21,-76,-163,-235,-288,-329,-344,-339,-323,-283,-239,-180,-114,-42,31,100,166,230,285,320,344,357,346,309,262,192,98,-3,-107,-212,-309,-394,-451,-475,-477,-441,-364,-269,-158,-16,138,271,392,490,557,591,575,524,434,305,145,-10,-179,-343,-477,-583,-650,-677,-651,-580,-466,-314,-137,59,244,425,574,683,753,760,717,620,477,295,88,-124,-340,-537,-698,-802,-862,-846,-775,-653,-1007,-561
10676,mtk,MTK 7916,4081833841,rx1-tx0,512,-124,-16,723,-255,-317,-355,-353,-312,-253,-168,-66,47,162,255,327,374,381,352,288,204,87,-43,-164,-271,-366,-418,-433,-414,-355,-260,-137,-9,135,267,370,445,487,486,442,364,252,112,-36,-178,-312,-425,-502,-543,-543,-495,-405,-284,-139,23,189,340,460,560,616,631,589,497,367,207,27,-158,-340,-503,-627,-709,-736,-696,-614,-472,-288,-76,152,370,565,712,808,845,805,701,539,321,84,-162,-395,-600,-749,-835,-862,-819,-710,-540,-335,-107,128,347,537,685,783,815,781,693,569,394,194,-7,-215,-408,-570,-688,-754,-777,-739,-651,-521,-349,-161,44,258,451,615,739,815,833,231,697,535,340,104,-146,-390,-615,-801,-932,-983,-959,-869,-708,-474,-192,97,394,662,880,1040,1107,1094,988,801,541,241,-89,-409,-702,-944,-1121,-1204,-1192,-1081,-880,-609,-281,67,410,722,973,1160,1249,1231,1127,926,656,332,-23,-373,-699,-970,-1170,-1282,-1287,-1200,-1013,-736,-408,-49,331,694,999,1228,1367,1392,1301,1080,768,396,-15,-436,-820,-1135,-1354,-1452,-1411,-1248,-975,-618,-196,217,615,956,1189,1322,1328,1220,1012,712,351,-23,-385,-705,-942,-1096,-1159,-1109,-964,-730,-435,-117,209,508,753,923,1007,979,859,662,394,86,-228,-503,-719,-844,-864,-770,-570,-305,-10,260,466,563,549,-1307,-1236,806,468,968,-401,-584,-668,-639,-493,-240,60,364,631,828,919,896,772,538,250,-63,-384,-671,-883,-1014,-1056,-988,-825,-580,-277,60,398,713,976,1150,1220,1187,1031,793,468,90,-311,-678,-1011,-1258,-1406,-1415,-1306,-1084,-745,-329,117,565,965,1297,1516,1599,1559,1370,1041,625,148,-345,-803,-1217,-1516,-1684,-1706,-1582,-1311,-934,-476,28,532,979,1349,1585,1703,1677,1503,1188,784,316,-174,-641,-1048,-1370,-1561,-1623,-1549,-1348,-1044,-660,-225,220,638,994,1257,1421,1477,1406,1225,956,622,242,-147,-515,-848,-1095,-1272,-1341,-1301,-1176,-957,-660,-322,35,378,699,962,1158,1264,1270,1182,1002,753,437,98,-256,-593,-49,-1072,-1229,-1287,-1238,-1094,-865,-567,-228,135,496,819,1083,1270,1352,1335,1213,989,682,316,-72,-471,-837,-1129,-1333,-1425,-1410,-1285,-1044,-712,-313,100,514,883,1175,1373,1452,1401,1241,975,625,244,-158,-554,-892,-1155,-1320,-1360,-1298,-1118,-852,-534,-171,199,542,830,1046,1160,1178,1106,937,705,425,117,-184,-457,-687,-859,-948,-957,-897,-768,-571,-354,-115,134,354,536,671,747,771,724,634,489,315,129,-66,-254,-402,-522,-595,-621,-597,-521,-419,-266,-105,48,201,335,437,498,517,489,432,329,209,72,-69,-202,-308,-388,-429,-426,-392,-329,-234,-117,-2,113,223,298,348,357,352,312,-1151,-789,289,-1379,-1179,-239,-158,-56,62,165,248,320,357,365,333,264,181,70,-48,-165,-263,-346,-401,-407,-377,-319,-229,-102,26,154,271,371,432,461,451,391,303,191,53,-91,-232,-351,-443,-502,-511,-489,-425,-324,-196,-50,111,269,399,499,561,586,565,490,385,246,87,-84,-255,-409,-539,-634,-677,-666,-609,-494,-345,-160,52,254,443,609,721,783,786,717,592,412,202,-35,-279,-489,-673,-800,-857,-854,-779,-639,-439,-212,28,268,481,659,775,836,825,753,623,460,252,29,-195,-388,-556,-690,-757,-780,-752,-663,-526,-355,-168,32,236,419,578,697,762,786,752,663,531,353,144,-85,-568,-518,-689,-819,-901,-908,-845,-717,-529,-292,-24,247,505,742,929,1031,1052,993,851,642,374,64,-245,-542,-801,-1003,-1131,-1165,-1099,-946,-717,-428,-94,254,574,852,1066,1203,1236,1173,1009,770,468,121,-226,-562,-856,-1076,-1224,-1272,-1221,-1075,-838,-549,-202,161,520,848,1105,1267,1342,1315,1174,931,615,243,-157,-560,-925,-1202,-1375,-1444,-1381,-1196,-898,-525,-99,324,719,1049,1291,1403,1384,1260,1013,678,295,-118,-494,-817,-1071,-1214,-1242,-1162,-974,-715,-412,-69,276,590,845,1008,1076,1043,914,699,434,125,-197,-483,-718,-875,-937,-899,-764,-543,-260,47,346,581,723,748,655,465,215,-17,223,-530,-321,-1092,-672,-392,-216,44,324,587,764,825,774,611,358,44,-272,-574,-806,-940,-983,-926,-765,-524,-236,90,416,706,938,1082,1126,1064,912,662,346,-10,-376,-714,-996,-1208,-1314,-1297,-1166,-931,-593,-197,229,629,995,1291,1467,1514,1430,1215,893,475,19,-453,-909,-1281,-1531,-1659,-1641,-1491,-1200,-790,-312,191,684,1116,1447,1658,1732,1641,1416,1064,628,149,-354,-829,-1228,-1506,-1665,-1674,-1544,-1294,-932,-501,-31,436,860,1199,1435,1547,1527,1387,1139,811,433,17,-398,-761,-1066,-1276,-1392,-1384,-1283,-1077,-797,-467,-95,271,613,915,1131,1258,1294,1236,1082,847,545,205,-145,-480,-779,-1025,-1195,-1266,-1253,-1121,425,-657,-343,9,358,682,964,1169,1288,1312,1234,1054,792,462,94,-280,-645,-969,-1212,-1359,-1400,-1337,-1152,-877,-524,-129,281,677,1019,1279,1421,1451,1364,1157,857,482,70,-342,-729,-1059,-1282,-1393,-1403,-1291,-1070,-769,-398,-7,382,733,1002,1186,1275,1253,1129,915,630,293,-39,-365,-650,-866,-1017,-1071,-1038,-926,-754,-519,-249,23,277,513,691,802,861,843,761,623,438,232,11,-201,-388,-538,-636,-680,-681,-614,-511,-374,-209,-36,142,292,423,519,558,561,518,432,311,170,20,-124,-257,-364,-432,-469,-463,-417,-337,-231,-100,33,148,252,333,378,386,371,315,228,126,20,-83,-196,-367,-903
10677,mtk,MTK 7916,4081833841,rx1-tx1,512,0,0,0,97,328,484,512,402,177,-90,-336,-502,-539,-429,-203,81,352,531,564,454,218,-80,-357,-540,-588,-480,-239,69,363,569,631,519,264,-61,-383,-612,-672,-553,-294,52,388,635,723,613,329,-35,-397,-663,-764,-673,-393,-3,381,682,822,735,443,38,-386,-715,-863,-785,-516,-107,342,715,910,872,602,175,-302,-712,-942,-937,-689,-266,235,681,959,998,776,353,-162,-637,-951,-1029,-854,-455,67,570,933,1073,939,572,67,-462,-879,-1085,-1025,-708,-216,324,779,1043,1054,806,360,-156,-623,-937,-1018,-854,-477,10,485,825,957,862,553,115,-337,-698,-874,-823,-571,-194,226,568,0,759,552,219,-155,-497,-696,-706,-533,-230,131,448,638,662,521,244,-106,-428,-633,-674,-543,-272,75,406,632,698,592,331,-5,-338,-599,-710,-650,-438,-115,238,526,687,683,518,226,-107,-406,-605,-651,-550,-332,-33,269,471,555,517,359,119,-126,-312,-411,-406,-300,-125,54,200,288,277,183,58,-73,-174,-216,-182,-84,42,155,224,223,156,45,-103,-234,-305,-299,-219,-80,93,252,362,380,302,160,-21,-200,-334,-393,-351,-238,-71,117,271,356,362,285,145,-30,-187,-292,-326,-295,-194,-49,98,220,287,291,229,118,-11,-135,-232,-271,-257,-200,-112,-10,82,148,178,0,0,0,0,0,-43,-139,-231,-298,-321,-291,-199,-50,121,280,398,450,406,268,70,-149,-352,-490,-524,-444,-260,4,268,477,599,588,431,169,-142,-430,-627,-686,-591,-346,-1,363,641,782,747,518,164,-232,-592,-833,-875,-712,-381,57,489,807,947,862,573,148,-325,-731,-961,-958,-741,-346,142,597,899,982,828,471,0,-480,-833,-980,-888,-577,-124,358,757,970,934,668,238,-251,-675,-939,-973,-763,-367,121,588,900,986,826,478,10,-468,-820,-960,-864,-558,-112,363,736,934,886,610,196,-264,-667,-887,-879,-660,-268,188,588,844,884,690,323,-128,-544,-819,-890,-733,-380,71,503,800,0,772,448,4,-452,-797,-934,-831,-510,-70,386,761,951,894,608,156,-331,-733,-960,-948,-689,-254,246,685,948,964,749,336,-160,-608,-909,-984,-807,-432,64,536,866,978,833,465,-4,-461,-816,-976,-869,-535,-76,392,758,940,881,591,152,-326,-711,-908,-882,-628,-207,259,647,865,860,643,259,-197,-593,-824,-844,-653,-288,148,537,793,841,673,332,-80,-467,-728,-809,-686,-392,-5,375,653,756,657,398,53,-293,-558,-671,-604,-385,-82,226,464,576,529,342,77,-196,-409,-499,-456,-284,-39,198,379,461,405,226,-11,-232,-391,-448,-376,-198,36,266,415,445,359,174,-63,0,0,0,0,0,-483,-379,-166,91,330,497,531,414,187,-87,-342,-511,-547,-438,-213,76,352,534,579,473,230,-83,-371,-560,-602,-491,-250,70,374,586,651,544,281,-63,-388,-620,-695,-583,-313,46,401,646,733,632,358,-22,-401,-678,-789,-695,-412,-18,392,709,843,762,475,65,-366,-720,-895,-846,-572,-139,329,711,923,910,657,225,-268,-697,-951,-950,-719,-305,198,659,952,1010,812,400,-117,-612,-955,-1053,-894,-516,3,527,919,1079,981,643,148,-389,-838,-1070,-1033,-747,-287,240,707,1000,1043,831,425,-79,-556,-888,-996,-861,-518,-57,406,762,921,843,566,156,-276,-626,-815,-789,-568,0,173,518,724,733,551,234,-133,-454,-654,-686,-532,-229,122,428,622,664,531,256,-84,-410,-626,-683,-564,-297,39,367,620,721,630,388,51,-300,-579,-714,-673,-482,-179,177,484,661,685,554,292,-27,-326,-535,-612,-541,-346,-88,178,390,498,473,338,135,-74,-245,-343,-345,-249,-100,53,173,236,226,142,17,-104,-190,-211,-159,-44,84,202,269,261,178,44,-116,-258,-337,-344,-260,-104,69,229,350,391,342,201,21,-154,-300,-377,-362,-264,-115,61,226,330,349,289,167,11,-141,-255,-312,-293,-210,-81,57,176,260,288,248,155,44,-66,-167,-228,-242,-215,-157,-83,0,0,0,0,0,221,215,160,63,-62,-198,-316,-386,-387,-314,-172,21,220,382,474,475,367,173,-68,-311,-495,-572,-514,-341,-94,192,454,618,641,508,248,-79,-395,-640,-737,-659,-430,-82,300,625,814,810,616,272,-155,-552,-823,-921,-802,-486,-40,415,779,964,928,665,249,-232,-666,-942,-986,-790,-408,73,525,852,978,862,521,57,-418,-790,-970,-906,-621,-188,307,722,945,953,723,301,-189,-628,-915,-975,-793,-411,64,527,856,969,850,518,55,-415,-780,-950,-887,-597,-159,305,698,907,885,628,220,-230,-618,-856,-878,-673,-292,157,562,828,881,709,360,-82,-513,-815,-901,-750,-413,0,478,798,925,809,478,28,-428,-783,-943,-863,-557,-109,365,750,948,910,643,204,-295,-715,-958,-962,-717,-295,192,640,930,978,777,390,-99,-572,-894,-980,-822,-461,23,504,851,976,847,510,49,-428,-799,-962,-886,-571,-118,349,734,931,882,608,185,-284,-672,-879,-871,-632,-224,228,618,850,855,644,272,-167,-562,-809,-846,-661,-313,114,498,753,823,676,363,-37,-422,-690,-776,-667,-401,-38,324,592,706,643,412,86,-246,-500,-614,-566,-372,-87,203,432,541,494,321,69,-195,-394,-483,-436,-264,-27,209,380,439,375,205,-20,-245,-406,-443,-361,-178,60,278,425,455,0,0
10678,mtk,MTK 7916,4081833841,rx2-tx0,512,0,0,0,-333,-475,-491,-376,-158,111,354,508,532,417,187,-98,-363,-540,-574,-456,-215,89,378,570,611,494,249,-69,-375,-586,-647,-541,-291,47,378,612,687,578,320,-22,-369,-617,-706,-613,-358,-8,355,629,731,642,381,14,-363,-648,-765,-679,-410,-30,366,680,818,734,452,55,-372,-710,-868,-802,-523,-95,362,730,920,874,600,167,-317,-726,-957,-947,-691,-248,257,697,972,1003,771,344,-170,-653,-973,-1041,-849,-439,80,574,932,1056,916,546,37,-483,-876,-1042,-951,-626,-141,378,790,1003,962,678,234,-266,-701,-952,-957,-725,-313,174,612,884,922,730,358,-108,-538,-824,-893,0,-383,61,483,777,872,732,403,-26,-444,-752,-868,-751,-434,-14,414,745,888,793,495,67,-384,-741,-910,-844,-557,-129,338,722,923,897,644,226,-249,-682,-937,-955,-734,-326,170,626,921,990,816,438,-53,-541,-889,-1016,-895,-551,-59,447,842,1028,960,661,197,-319,-751,-999,-1008,-767,-338,173,639,943,1017,849,476,-7,-477,-830,-983,-903,-600,-160,306,687,900,900,675,293,-138,-531,-791,-852,-705,-399,-9,372,660,780,709,476,139,-223,-516,-686,-696,-543,-266,65,369,576,647,578,377,96,-194,-436,-578,-593,-487,-287,-36,211,403,513,525,449,302,119,-57,-193,-280,0,0,0,0,0,85,256,412,521,552,489,324,81,-198,-456,-636,-700,-622,-406,-98,242,549,744,777,636,347,-41,-433,-734,-880,-826,-571,-174,279,687,947,990,800,414,-91,-596,-976,-1126,-1013,-661,-137,445,939,1220,1214,921,401,-229,-816,-1226,-1358,-1165,-689,-39,632,1170,1434,1360,966,332,-396,-1024,-1415,-1473,-1182,-610,112,814,1322,1515,1336,843,158,-567,-1155,-1465,-1416,-1028,-397,328,965,1357,1417,1142,594,-103,-767,-1229,-1384,-1203,-733,-93,561,1073,1314,1225,838,251,-392,-923,-1225,-1222,-915,-388,230,783,1125,1181,952,492,-96,-644,-1019,-1139,-974,-571,-30,518,924,1090,983,631,126,-404,-825,0,-979,-683,-218,304,742,980,972,716,284,-211,-646,-920,-956,-753,-361,116,559,851,926,763,412,-36,-465,-767,-873,-757,-449,-36,378,683,810,729,459,79,-313,-610,-747,-686,-443,-98,256,538,677,630,416,105,-222,-484,-612,-576,-384,-95,215,457,565,516,331,60,-223,-444,-540,-486,-300,-38,229,438,523,458,266,5,-254,-439,-512,-451,-260,2,254,441,509,433,246,-7,-256,-440,-500,-424,-238,9,252,432,489,415,233,-6,-245,-417,-469,-395,-219,14,242,401,449,380,209,-24,-247,-397,-438,-357,-183,36,251,399,435,355,178,-52,-267,-413,-446,-353,-161,77,291,0,0,0,0,0,357,156,-102,-345,-496,-514,-396,-173,109,363,524,555,433,196,-94,-370,-552,-589,-477,-237,82,386,582,631,517,266,-62,-380,-597,-666,-564,-308,30,367,610,695,601,346,-5,-361,-618,-719,-632,-377,-12,360,641,752,663,403,31,-361,-666,-794,-707,-434,-43,372,699,840,763,487,74,-363,-714,-889,-833,-559,-129,345,735,938,910,643,207,-287,-717,-968,-970,-729,-300,211,674,977,1028,808,390,-128,-614,-949,-1048,-879,-491,17,526,900,1045,930,584,88,-430,-837,-1029,-960,-650,-183,322,744,981,966,705,271,-222,-652,-915,-940,-726,-335,138,571,843,905,730,366,-81,0,-797,-880,-733,-396,42,463,764,862,740,428,-1,-437,-751,-871,-770,-469,-40,404,747,896,816,526,94,-370,-738,-917,-870,-608,-181,298,701,932,930,692,275,-216,-649,-930,-978,-777,-381,113,583,912,1008,857,488,-2,-494,-872,-1033,-930,-598,-123,385,805,1026,990,714,259,-254,-702,-984,-1025,-812,-404,90,562,891,1006,881,546,84,-396,-767,-951,-901,-640,-228,226,612,844,872,690,352,-58,-446,-716,-808,-712,-445,-79,296,586,727,700,508,202,-138,-441,-637,-679,-560,-319,-11,287,512,624,591,431,186,-92,-337,-510,-576,-528,-387,-179,48,248,386,447,426,348,232,0,0,0,0,0,-405,-380,-281,-112,107,334,524,632,622,495,262,-45,-359,-605,-734,-715,-536,-225,150,500,749,836,735,454,64,-356,-715,-920,-910,-683,-291,187,643,959,1059,907,531,14,-527,-963,-1181,-1126,-795,-265,343,889,1234,1292,1044,545,-96,-737,-1212,-1412,-1277,-831,-185,514,1102,1436,1432,1082,469,-257,-924,-1378,-1506,-1278,-741,-28,685,1238,1493,1385,942,282,-450,-1065,-1412,-1421,-1089,-501,208,868,1302,1413,1176,656,-9,-662,-1145,-1347,-1217,-785,-170,474,1003,1274,1224,883,326,-300,-844,-1172,-1203,-931,-440,151,701,1071,1162,961,528,-32,-579,-974,-1122,-982,-600,-82,454,879,1069,990,664,0,-365,-778,-1002,-976,-701,-254,252,694,951,967,739,327,-160,-600,-887,-947,-766,-389,74,510,813,904,766,434,5,-415,-729,-844,-746,-464,-65,343,654,782,708,458,93,-284,-578,-713,-654,-433,-111,235,514,645,603,405,101,-220,-469,-585,-543,-356,-79,213,442,546,502,320,52,-225,-437,-526,-472,-290,-28,242,440,512,448,265,5,-257,-443,-509,-434,-245,2,257,439,501,429,239,-13,-257,-431,-494,-422,-236,12,250,418,479,409,231,-9,-246,-412,-462,-390,-213,16,237,392,442,374,200,-30,-250,-401,-438,-356,-181,42,262,406,436,355,167,-72,-286,-424,-448,-353,0,0
10679,mtk,MTK 7916,4081833841,rx2-tx1,512,0,0,0,-55,9,64,100,114,107,79,46,3,-42,-74,-90,-88,-72,-44,-2,44,81,99,92,66,28,-18,-65,-97,-107,-89,-45,13,67,108,133,122,70,-10,-85,-145,-175,-159,-100,-12,90,183,231,219,157,50,-84,-203,-281,-294,-227,-101,51,202,320,363,313,186,8,-183,-333,-409,-394,-281,-86,138,326,447,467,372,181,-61,-296,-461,-512,-441,-265,-23,234,439,534,502,349,102,-175,-409,-536,-543,-419,-191,83,342,524,570,475,276,4,-268,-466,-549,-499,-325,-75,192,413,522,498,358,129,-133,-358,-488,-492,-375,-164,92,315,451,476,372,170,-64,-282,-429,0,-374,-183,57,276,427,467,388,203,-40,-277,-447,-508,-437,-247,7,264,465,548,495,316,52,-234,-465,-572,-540,-378,-115,186,440,586,587,444,189,-128,-419,-602,-629,-502,-250,73,383,608,676,574,330,-9,-354,-616,-728,-662,-434,-93,279,595,770,760,564,222,-171,-524,-760,-815,-676,-376,18,405,701,835,767,519,149,-259,-600,-801,-816,-635,-311,82,450,713,800,700,444,89,-285,-586,-739,-721,-536,-235,121,437,645,700,593,354,45,-273,-515,-642,-625,-468,-205,91,356,540,604,535,353,105,-159,-385,-526,-558,-481,-321,-111,111,292,412,454,417,322,195,55,0,0,0,0,0,230,306,344,331,257,131,-32,-208,-367,-467,-484,-404,-240,-28,206,411,535,549,445,241,-25,-302,-524,-632,-605,-436,-156,170,471,678,741,632,371,18,-358,-680,-860,-839,-624,-259,175,595,902,1011,890,563,94,-409,-831,-1079,-1094,-855,-407,139,661,1057,1220,1097,731,194,-399,-896,-1197,-1224,-975,-510,77,665,1091,1259,1139,758,200,-398,-900,-1196,-1213,-937,-455,131,680,1065,1194,1047,657,111,-461,-916,-1145,-1102,-806,-324,231,721,1038,1091,878,469,-57,-562,-927,-1055,-932,-583,-99,411,811,1008,968,692,246,-250,-681,-945,-975,-763,-380,95,553,868,959,823,486,36,-425,0,-944,-858,-575,-154,314,695,900,881,644,257,-196,-603,-856,-897,-709,-340,106,532,825,901,753,427,-3,-449,-776,-908,-821,-528,-101,353,718,905,876,640,237,-231,-644,-892,-922,-732,-366,85,512,819,925,807,490,63,-374,-718,-884,-834,-579,-195,229,596,808,814,641,315,-86,-450,-700,-777,-655,-382,-29,329,596,708,641,419,108,-224,-494,-633,-614,-445,-175,122,389,556,582,470,246,-34,-294,-466,-529,-466,-293,-56,185,377,473,453,327,132,-92,-284,-395,-411,-334,-190,-11,162,292,352,325,226,83,-69,-196,-272,-280,-227,-133,-14,101,182,213,202,159,81,-15,0,0,0,0,0,-126,-132,-110,-69,-23,24,69,95,99,89,63,26,-19,-55,-78,-87,-78,-51,-17,24,67,90,92,78,40,-12,-62,-102,-119,-100,-53,11,75,122,145,133,76,-2,-88,-164,-196,-184,-131,-31,89,195,259,257,190,75,-64,-201,-300,-323,-269,-149,20,196,335,399,360,227,41,-158,-332,-435,-434,-326,-129,107,315,449,486,407,216,-27,-270,-448,-523,-478,-314,-64,204,426,539,524,385,150,-126,-377,-534,-553,-442,-232,35,299,488,554,484,296,39,-230,-443,-546,-514,-354,-109,161,385,504,495,366,147,-108,-331,-465,-482,-379,-173,80,298,437,464,369,179,0,-280,-433,-468,-380,-197,44,281,442,492,410,220,-29,-278,-464,-532,-462,-275,-15,260,468,568,523,344,77,-212,-456,-591,-582,-419,-147,159,431,595,614,477,212,-111,-406,-607,-657,-544,-290,40,369,611,709,626,380,36,-323,-611,-748,-704,-495,-163,230,572,767,782,616,296,-102,-482,-747,-832,-728,-457,-71,333,658,815,788,589,240,-171,-528,-751,-802,-673,-386,-7,370,652,779,722,494,154,-201,-508,-703,-726,-577,-301,38,356,591,684,619,419,128,-184,-443,-599,-621,-506,-283,-10,261,473,581,556,423,214,-33,-263,-434,-518,-503,-405,-244,-59,113,242,315,333,0,0,0,0,0,-176,-90,31,169,298,396,437,396,284,110,-98,-298,-454,-520,-484,-350,-133,124,367,539,601,528,334,66,-233,-494,-652,-667,-530,-268,72,421,687,795,728,494,129,-286,-657,-896,-932,-757,-405,53,520,882,1056,1001,703,238,-282,-756,-1078,-1167,-990,-581,-36,524,976,1208,1170,863,350,-244,-787,-1151,-1253,-1071,-640,-57,529,995,1228,1173,853,337,-257,-798,-1145,-1216,-1005,-565,2,560,984,1178,1086,733,217,-340,-811,-1083,-1094,-844,-397,139,646,987,1081,913,534,32,-474,-862,-1039,-953,-644,-181,326,752,983,975,729,315,-168,-613,-904,-969,-801,-438,30,490,824,949,844,0,85,-364,-731,-922,-876,-608,-199,256,650,879,887,680,302,-150,-561,-833,-893,-733,-391,59,491,794,900,788,479,47,-398,-747,-914,-851,-578,-163,295,687,911,913,687,297,-162,-579,-854,-923,-770,-430,18,454,776,908,826,553,142,-301,-664,-857,-834,-612,-262,147,517,750,790,647,348,-33,-386,-633,-732,-652,-402,-69,267,533,665,631,436,143,-170,-437,-590,-599,-465,-218,76,340,512,553,463,269,12,-241,-431,-510,-459,-307,-93,134,323,433,435,333,161,-38,-221,-347,-382,-331,-208,-45,118,245,309,304,230,108,-26,-148,-226,-248,-221,-148,-54,44,130,178,185,0,0
10680,mtk,MTK 7916,4081890275,rx0-tx0,512,575,154,333,-9,-153,-298,-423,-521,-598,-636,-645,-637,-593,-512,-408,-287,-145,7,178,330,480,609,700,757,771,740,668,545,383,193,-21,-244,-451,-643,-791,-882,-923,-911,-829,-696,-505,-286,-40,208,430,616,765,867,902,895,829,710,556,350,143,-73,-287,-471,-636,-749,-813,-826,-796,-719,-602,-450,-274,-87,103,282,447,583,680,732,748,715,645,531,388,226,42,-132,-295,-447,-569,-645,-692,-683,-634,-556,-432,-288,-130,35,200,338,466,557,603,598,566,493,377,248,112,-23,-153,-269,-357,-399,-421,-414,-382,-329,-247,-168,-87,-3,69,126,174,193,203,210,207,195,172,143,-588,78,43,14,-18,-45,-77,-94,-113,-120,-120,-124,-116,-105,-84,-50,-28,3,25,34,51,63,56,47,36,28,10,-4,2,-16,-19,-6,16,37,58,85,102,119,119,105,81,39,-17,-80,-147,-214,-273,-319,-333,-328,-287,-212,-129,-9,121,249,357,456,524,549,525,453,345,202,48,-126,-298,-447,-567,-646,-664,-648,-579,-458,-298,-108,83,267,439,584,675,712,702,635,512,361,179,-8,-200,-362,-499,-592,-643,-648,-596,-502,-374,-224,-62,112,261,376,469,527,545,524,464,359,227,89,-53,-189,-315,-408,-461,-475,-436,-358,-238,-95,45,178,274,324,319,275,-336,-218,-615,437,430,262,252,181,75,-54,-196,-324,-406,-452,-452,-394,-296,-163,-3,156,310,430,523,556,555,503,397,269,109,-59,-227,-383,-508,-591,-624,-604,-533,-419,-273,-106,64,243,396,507,586,612,589,533,426,283,127,-33,-182,-314,-409,-470,-492,-475,-435,-361,-261,-155,-44,55,132,196,239,261,270,257,232,195,152,114,90,59,31,8,-27,-40,-63,-79,-106,-123,-136,-151,-173,-182,-194,-182,-159,-135,-100,-52,7,69,135,204,265,308,320,325,324,286,234,164,95,-7,-106,-194,-277,-337,-397,-423,-417,-397,-344,-277,-185,-76,40,159,271,361,439,496,513,502,458,387,-291,168,34,-92,-226,-352,-453,-536,-580,-584,-565,-501,-409,-285,-143,7,157,314,445,543,616,653,638,595,498,378,233,74,-80,-229,-362,-481,-564,-606,-617,-588,-536,-458,-354,-229,-105,31,168,292,410,504,570,610,616,591,541,462,352,219,73,-86,-243,-385,-512,-618,-700,-739,-734,-684,-595,-473,-308,-125,70,267,451,617,757,841,881,870,806,682,515,303,84,-143,-378,-577,-753,-889,-965,-970,-922,-812,-653,-439,-208,38,286,517,708,850,942,975,940,846,703,506,284,46,-190,-417,-609,-753,-840,-891,-877,-810,-690,-542,-361,-169,40,234,413,562,675,737,750,721,190,309,-184,547,482,-674,-657,-607,-514,-402,-265,-124,15,153,297,424,526,611,668,693,684,631,550,420,269,98,-88,-278,-459,-620,-748,-835,-872,-844,-763,-634,-452,-239,-16,221,453,651,803,897,943,915,830,694,528,314,83,-144,-367,-548,-707,-813,-864,-871,-812,-714,-576,-399,-204,-2,194,381,538,664,749,785,780,728,635,499,330,153,-26,-204,-367,-514,-624,-697,-722,-692,-645,-558,-428,-272,-108,71,228,381,512,607,652,657,614,539,432,288,130,-24,-172,-314,-421,-486,-519,-519,-488,-422,-323,-210,-98,19,120,207,269,300,316,311,278,249,200,150,99,48,-5,-48,-87,-109,321,-143,-151,-154,-147,-137,-120,-97,-71,-36,-10,15,45,61,85,94,100,100,84,76,69,42,12,-5,-13,-21,-30,-15,-10,-6,14,35,47,50,46,28,5,-27,-75,-118,-163,-193,-210,-213,-206,-167,-112,-28,59,152,260,334,394,440,440,400,336,239,105,-49,-208,-350,-475,-559,-608,-621,-576,-477,-344,-163,17,196,373,522,636,698,702,661,573,427,245,54,-132,-326,-484,-605,-674,-691,-661,-574,-448,-287,-113,66,236,381,493,564,601,589,521,428,310,168,15,-136,-273,-386,-462,-503,-503,-461,-376,-261,-127,15,162,282,377,416,410,355,252,125,-3,-98,357,483,-78,46,-94,-64,-177,-280,-346,-374,-359,-280,-160,-20,138,285,404,488,518,505,440,341,199,38,-122,-290,-421,-528,-589,-605,-564,-476,-347,-188,-14,169,335,474,576,630,635,595,484,353,189,23,-135,-281,-414,-505,-552,-552,-518,-440,-333,-213,-73,51,170,272,341,379,384,359,323,276,207,132,62,-5,-57,-108,-141,-148,-158,-167,-162,-164,-151,-138,-133,-126,-113,-92,-73,-56,-25,10,52,102,140,181,214,238,251,254,237,211,165,107,35,-31,-118,-202,-269,-318,-357,-381,-363,-339,-290,-223,-138,-26,76,178,274,354,421,461,474,460,408,332,243,128,4,-124,-250,-364,374,-519,-544,-544,-516,-449,-352,-231,-87,50,195,333,450,544,603,627,615,559,455,328,189,27,-125,-276,-416,-531,-620,-648,-637,-591,-518,-414,-280,-141,3,147,276,392,487,551,586,603,575,527,449,346,226,94,-53,-194,-328,-450,-547,-617,-665,-674,-639,-570,-466,-342,-192,-19,161,336,487,627,740,799,812,776,696,582,417,226,13,-205,-418,-605,-759,-874,-926,-933,-862,-735,-578,-378,-146,99,332,546,737,879,964,988,945,838,676,482,256,5,-244,-469,-663,-812,-912,-948,-926,-841,-706,-524,-325,-111,114,322,509,660,766,824,829,777,688,554,394,214,32,-142,381,306
10681,mtk,MTK 7916,4081890275,rx0-tx1,512,-196,668,453,-899,-779,-614,-397,-145,110,366,612,822,990,1094,1129,1094,988,830,606,338,55,-247,-528,-779,-991,-1141,-1224,-1235,-1155,-1018,-807,-537,-240,80,395,684,936,1125,1245,1301,1267,1157,974,727,441,127,-199,-510,-780,-1018,-1185,-1280,-1307,-1241,-1107,-914,-659,-364,-52,260,555,816,1029,1183,1259,1267,1195,1050,851,607,321,12,-298,-576,-821,-1013,-1146,-1215,-1212,-1136,-983,-776,-538,-268,16,299,563,782,961,1082,1130,1113,1039,902,712,485,233,-34,-289,-525,-726,-881,-985,-1031,-1016,-953,-833,-666,-468,-241,-3,229,451,649,802,907,981,979,929,826,680,485,270,37,-200,-430,-640,-810,-430,-1001,-1016,-966,-866,-705,-494,-248,14,280,528,744,918,1036,1089,1067,980,828,617,371,105,-179,-447,-691,-885,-1022,-1093,-1091,-1017,-873,-672,-429,-159,124,396,631,817,957,1023,1021,960,829,654,436,183,-69,-305,-517,-690,-813,-882,-890,-838,-730,-585,-403,-196,4,198,371,514,614,674,687,660,591,495,372,237,88,-54,-195,-314,-410,-478,-512,-517,-489,-436,-359,-260,-149,-42,66,168,250,318,364,385,381,365,315,259,188,98,13,-65,-142,-214,-266,-304,-314,-301,-283,-243,-185,-116,-35,35,110,174,226,260,268,261,226,174,112,33,-45,-115,-168,-198,-198,-170,-129,877,883,320,-319,-828,-269,-298,-272,-198,-95,33,164,282,371,424,437,402,329,230,109,-27,-151,-280,-379,-452,-498,-500,-468,-405,-313,-191,-58,89,229,357,468,548,597,610,582,504,392,247,89,-93,-267,-424,-570,-681,-736,-751,-716,-626,-479,-309,-109,109,324,530,690,801,867,870,819,693,523,320,83,-160,-389,-589,-750,-862,-909,-891,-806,-671,-495,-287,-58,168,369,558,692,774,814,797,724,609,466,295,101,-83,-258,-412,-534,-625,-671,-670,-634,-565,-465,-337,-200,-53,98,222,339,439,509,544,554,532,482,403,317,208,93,-25,-148,-257,-354,-435,-489,-522,-522,-493,-444,-366,-257,230,-24,106,239,352,445,516,552,558,535,475,380,266,135,-2,-139,-269,-385,-473,-526,-554,-552,-500,-421,-325,-212,-88,42,163,268,353,418,458,456,443,396,336,265,184,92,5,-82,-164,-225,-274,-305,-328,-337,-324,-300,-277,-236,-192,-138,-77,-17,41,104,163,218,266,302,335,356,361,345,321,266,198,124,31,-66,-171,-267,-353,-427,-480,-512,-518,-484,-424,-340,-224,-92,38,180,315,432,536,603,640,640,599,528,418,286,130,-34,-198,-363,-511,-621,-704,-742,-740,-700,-616,-491,-336,-156,39,229,409,573,712,807,858,852,801,697,548,363,157,-68,-283,-497,1086,761,472,-621,-783,435,641,821,959,1036,1046,1002,889,723,506,247,-29,-309,-568,-800,-998,-1123,-1186,-1174,-1079,-922,-703,-435,-143,167,467,734,973,1143,1246,1276,1218,1092,896,635,341,25,-299,-602,-877,-1088,-1233,-1306,-1300,-1206,-1048,-826,-544,-241,82,396,677,926,1119,1240,1286,1262,1165,993,763,483,182,-122,-429,-700,-925,-1101,-1216,-1255,-1211,-1098,-928,-696,-432,-144,148,435,695,902,1059,1156,1180,1140,1026,854,636,377,103,-166,-420,-654,-843,-984,-1071,-1090,-1041,-935,-777,-579,-352,-103,139,371,588,763,894,974,998,967,884,744,559,369,146,-93,-322,-532,-715,-856,-948,-993,-978,-905,-775,-590,-1099,-152,96,340,568,772,924,1020,1055,1024,924,772,567,325,58,-214,-477,-721,-913,-1037,-1101,-1089,-1009,-863,-654,-408,-134,145,417,662,858,994,1069,1071,996,859,669,440,171,-93,-353,-580,-759,-893,-966,-968,-906,-786,-614,-413,-189,39,259,447,602,720,782,789,756,667,538,383,215,42,-125,-285,-415,-513,-571,-592,-579,-539,-459,-365,-246,-125,2,123,230,325,394,431,446,439,400,338,263,173,74,-18,-113,-195,-254,-313,-341,-343,-329,-302,-249,-188,-118,-35,39,114,183,236,273,287,284,264,221,166,93,18,-59,-133,-190,-231,-247,-235,-201,-146,-77,-2,60,106,132,-131,-298,1128,839,-41,66,185,282,350,383,365,300,199,76,-58,-192,-305,-390,-453,-466,-453,-398,-303,-197,-68,66,200,319,421,495,538,544,510,444,343,213,65,-90,-248,-390,-516,-607,-663,-679,-636,-563,-445,-283,-98,91,289,477,630,738,813,823,777,668,504,310,91,-141,-370,-577,-733,-847,-905,-892,-821,-694,-518,-304,-68,169,393,582,730,830,873,847,772,645,466,280,77,-134,-327,-487,-619,-711,-749,-734,-683,-589,-463,-310,-146,18,175,324,443,530,581,611,592,539,467,367,248,125,-1,-131,-250,-346,-421,-484,-515,-523,-502,-451,-382,-288,-182,-65,62,180,289,392,466,-198,534,534,496,424,332,215,83,-54,-187,-318,-422,-501,-552,-567,-552,-499,-418,-304,-179,-46,95,228,332,423,487,516,513,479,417,335,238,126,22,-80,-183,-260,-326,-371,-391,-383,-370,-335,-289,-227,-166,-96,-24,50,108,162,211,248,281,300,307,308,299,277,244,198,144,82,6,-74,-150,-224,-297,-352,-400,-428,-434,-418,-381,-317,-234,-129,-18,112,236,346,443,521,563,579,567,510,433,325,187,40,-120,-266,-406,-528,-619,-677,-692,-676,-622,-522,-392,-237,-55,122,298,465,606,713,781,805,778,707,595,441,262,61,-148,-354,-540,-701,-819,-896,-915,-876,-795,412,882
10682,mtk,MTK 7916,4081890275,rx1-tx0,512,-124,1245,1349,-234,-310,-362,-386,-379,-347,-289,-204,-103,9,119,218,305,378,423,431,408,360,277,177,51,-75,-199,-314,-403,-471,-503,-500,-463,-390,-287,-163,-28,116,250,372,472,547,583,585,537,458,344,210,54,-111,-272,-415,-533,-631,-678,-684,-653,-580,-465,-310,-139,43,230,407,568,694,778,818,799,731,607,452,254,36,-191,-407,-608,-766,-879,-937,-932,-863,-730,-555,-330,-90,165,407,624,794,921,984,979,912,779,605,393,152,-105,-338,-550,-730,-859,-926,-936,-901,-802,-657,-477,-277,-55,167,379,562,703,816,873,886,851,759,623,464,265,51,-161,-369,-566,-725,-842,231,-949,-912,-824,-683,-502,-283,-38,215,466,688,877,1013,1083,1087,1020,896,698,451,179,-114,-405,-679,-909,-1080,-1190,-1226,-1176,-1051,-853,-594,-301,28,351,662,920,1129,1272,1320,1289,1170,975,717,414,73,-279,-607,-900,-1138,-1302,-1383,-1381,-1282,-1100,-841,-517,-165,203,563,900,1164,1350,1454,1456,1368,1181,903,553,178,-225,-612,-945,-1226,-1417,-1485,-1465,-1335,-1107,-789,-421,-29,360,705,1004,1213,1333,1352,1266,1098,854,551,217,-118,-440,-719,-936,-1069,-1137,-1103,-1005,-833,-593,-319,-31,250,512,725,876,950,945,867,715,493,238,-38,-303,-533,-704,-783,-776,-672,-490,-257,-11,210,350,-441,209,806,1017,824,-508,-617,-632,-545,-360,-98,192,466,695,860,927,894,769,561,304,7,-284,-561,-805,-974,-1069,-1071,-989,-828,-601,-315,-5,315,629,899,1097,1228,1270,1213,1066,831,530,178,-196,-567,-916,-1187,-1383,-1483,-1465,-1348,-1133,-826,-441,-42,389,807,1162,1444,1612,1672,1615,1431,1154,773,347,-107,-579,-1004,-1350,-1602,-1729,-1750,-1647,-1409,-1081,-685,-231,240,690,1103,1405,1630,1720,1694,1561,1311,981,585,163,-274,-681,-1038,-1313,-1493,-1580,-1551,-1428,-1218,-927,-576,-201,184,551,872,1129,1311,1395,1411,1339,1172,932,641,313,-28,-365,-682,-940,-1149,-1283,-1330,-1305,-1195,-1007,-762,-466,-142,182,493,777,-49,1184,1282,1311,1255,1119,912,640,327,1,-331,-649,-925,-1150,-1305,-1370,-1356,-1250,-1062,-804,-487,-140,230,583,896,1151,1339,1434,1429,1331,1134,862,532,180,-197,-564,-884,-1144,-1319,-1406,-1395,-1292,-1109,-847,-525,-172,184,514,814,1045,1207,1283,1266,1172,995,756,479,167,-143,-430,-679,-878,-1017,-1083,-1078,-1002,-866,-669,-433,-186,74,316,530,706,820,882,888,828,718,568,380,179,-31,-227,-402,-544,-652,-710,-712,-670,-584,-463,-319,-147,19,179,324,437,524,571,571,531,453,351,229,99,-39,-169,-281,-372,-437,-465,-454,-416,-347,-254,-141,-26,93,198,284,351,389,396,368,322,259,704,289,-539,125,-306,-226,-131,-27,76,175,266,343,390,409,393,348,282,190,77,-45,-159,-268,-355,-424,-465,-462,-437,-372,-282,-167,-35,100,234,356,452,510,542,535,495,417,313,176,32,-122,-267,-400,-508,-590,-632,-632,-593,-513,-405,-262,-90,80,254,414,557,662,725,748,718,646,528,374,198,-7,-212,-414,-588,-729,-835,-882,-870,-805,-681,-509,-300,-69,174,412,624,801,920,979,972,900,766,583,361,108,-143,-385,-599,-772,-899,-969,-967,-900,-795,-634,-432,-200,28,258,469,644,780,871,908,889,819,696,542,354,149,-55,-262,-465,-630,-763,-854,-892,-885,-835,-728,-570,-380,-568,55,285,499,696,856,966,1013,999,926,793,608,374,109,-164,-428,-675,-895,-1050,-1144,-1166,-1109,-979,-772,-527,-238,70,383,665,921,1109,1234,1272,1235,1115,918,669,357,26,-310,-634,-914,-1135,-1286,-1358,-1341,-1230,-1041,-774,-463,-119,239,585,889,1142,1317,1416,1418,1333,1147,879,559,193,-196,-560,-909,-1194,-1394,-1492,-1495,-1376,-1170,-882,-509,-112,283,662,991,1241,1392,1445,1387,1235,994,679,324,-55,-413,-726,-983,-1157,-1240,-1233,-1139,-960,-711,-429,-118,199,475,721,896,1002,1032,987,866,676,443,174,-96,-356,-590,-763,-863,-886,-815,-671,-450,-191,81,332,519,621,628,535,381,-1228,-1304,-321,120,580,-246,-41,213,465,675,796,810,720,544,290,-5,-296,-568,-788,-941,-1007,-972,-867,-671,-420,-132,175,474,743,957,1099,1154,1134,1021,819,552,241,-108,-449,-766,-1036,-1241,-1358,-1371,-1291,-1104,-829,-500,-108,297,684,1031,1323,1503,1582,1567,1411,1153,806,390,-47,-500,-913,-1275,-1547,-1692,-1736,-1650,-1436,-1125,-729,-284,180,648,1064,1393,1622,1752,1738,1616,1363,1026,623,168,-270,-699,-1078,-1378,-1574,-1662,-1637,-1497,-1260,-938,-570,-168,249,627,963,1233,1414,1495,1486,1379,1187,921,595,245,-107,-465,-781,-1038,-1227,-1346,-1370,-1316,-1173,-966,-703,-388,-58,270,586,860,1078,1235,1311,1303,1215,1045,425,550,244,-84,-409,-705,-963,-1163,-1288,-1331,-1300,-1185,-991,-735,-419,-80,268,607,904,1149,1319,1409,1406,1300,1109,852,534,170,-201,-568,-895,-1159,-1343,-1431,-1434,-1322,-1131,-863,-539,-180,194,543,854,1102,1277,1360,1347,1241,1053,799,504,176,-157,-474,-760,-973,-1119,-1188,-1174,-1084,-923,-708,-445,-170,104,369,601,795,914,977,977,906,790,614,408,187,-47,-270,-461,-621,-732,-793,-798,-742,-645,-513,-352,-166,20,195,355,480,577,630,633,598,515,403,274,125,-26,-172,-300,-401,-470,-508,-507,-466,-396,-302,-189,-59,64,180,281,360,408,427,413,363,295,200,95,-19,-119,-203,-1028,-782
10683,mtk,MTK 7916,4081890275,rx1-tx1,512,0,0,0,200,431,548,499,297,-1,-302,-509,-570,-470,-227,95,387,569,581,418,143,-174,-450,-594,-559,-358,-55,266,505,598,518,285,-42,-358,-565,-612,-476,-195,151,445,603,580,393,82,-260,-521,-630,-552,-309,38,377,604,654,505,201,-175,-504,-686,-666,-451,-85,313,622,754,667,377,-30,-435,-728,-815,-659,-298,146,554,820,858,637,222,-256,-667,-890,-866,-591,-138,362,770,962,878,541,51,-464,-852,-1005,-883,-503,27,547,920,1039,869,471,-61,-588,-948,-1047,-864,-441,103,614,948,1021,812,383,-140,-612,-917,-960,-741,-328,166,606,870,888,655,241,-224,-610,-818,-792,0,-134,285,621,777,696,418,32,-362,-643,-736,-616,-317,72,435,677,720,553,230,-166,-516,-714,-715,-518,-169,234,582,763,736,509,140,-275,-610,-772,-729,-489,-124,272,595,762,714,479,131,-239,-540,-692,-648,-448,-153,181,461,599,564,382,127,-142,-354,-454,-426,-280,-82,112,264,325,275,157,6,-131,-207,-201,-126,-7,108,180,186,119,16,-106,-206,-242,-193,-91,50,190,279,289,217,89,-74,-223,-313,-313,-235,-91,82,229,314,320,239,86,-90,-225,-300,-301,-226,-87,76,217,296,298,223,91,-63,-202,-290,-303,-252,-145,-8,124,229,282,275,218,130,30,0,0,0,0,0,239,149,19,-140,-305,-430,-482,-432,-276,-55,186,417,563,574,461,231,-74,-372,-588,-666,-588,-354,-16,342,627,759,694,451,79,-326,-653,-824,-784,-531,-124,333,712,912,878,611,171,-322,-746,-985,-964,-691,-223,326,788,1041,1040,766,277,-288,-778,-1067,-1072,-788,-293,289,792,1068,1055,761,262,-310,-786,-1038,-1005,-703,-214,346,817,1046,979,653,141,-415,-852,-1049,-945,-583,-59,481,889,1044,902,514,-22,-550,-921,-1030,-846,-428,104,604,940,1001,771,327,-201,-677,-969,-979,-708,-242,291,745,988,945,632,152,-380,-817,-1024,-924,-558,-48,482,890,1044,892,489,-54,-587,0,-1060,-857,-417,151,681,1027,1082,819,339,-237,-750,-1055,-1068,-784,-268,327,822,1085,1048,719,188,-400,-878,-1102,-1015,-640,-92,481,915,1094,969,569,2,-560,-951,-1065,-883,-444,121,626,950,1020,802,348,-215,-702,-968,-961,-689,-222,312,746,958,895,577,92,-418,-792,-930,-803,-440,46,507,812,887,698,300,-180,-595,-837,-834,-590,-184,275,656,847,793,494,60,-381,-707,-832,-714,-395,28,433,714,781,626,296,-112,-473,-690,-711,-516,-185,190,509,662,613,402,77,-265,-520,-618,-527,-279,42,341,543,569,416,151,-146,-394,-526,-497,-307,-25,255,456,522,432,207,-81,0,0,0,0,0,-503,-330,-51,253,484,571,491,263,-46,-343,-533,-568,-446,-188,131,415,579,570,400,105,-223,-483,-603,-546,-328,-13,315,548,610,498,243,-87,-394,-581,-600,-436,-139,202,488,623,575,352,18,-323,-574,-652,-538,-256,106,436,640,655,470,139,-242,-566,-721,-666,-417,-38,369,684,799,669,344,-86,-495,-773,-838,-652,-271,193,606,852,860,620,190,-314,-722,-925,-872,-562,-85,421,820,988,874,522,13,-513,-894,-1028,-886,-493,48,576,946,1048,865,451,-90,-609,-952,-1033,-838,-412,122,618,935,988,780,362,-154,-617,-897,-921,-697,-293,188,608,841,837,599,196,-255,0,-790,-740,-483,-88,322,628,750,651,366,-17,-386,-648,-720,-577,-272,119,475,696,719,530,187,-205,-546,-739,-723,-504,-139,265,592,764,732,498,125,-282,-606,-766,-725,-486,-125,257,570,734,693,469,134,-214,-500,-646,-607,-422,-142,173,421,526,483,334,110,-126,-311,-395,-361,-232,-49,130,239,264,201,84,-48,-148,-186,-163,-72,57,159,204,185,107,-20,-153,-248,-271,-213,-79,76,211,301,316,228,84,-75,-221,-313,-315,-229,-86,76,222,311,313,229,84,-81,-223,-297,-294,-219,-86,76,215,292,303,238,112,-36,-175,-271,-303,-274,-190,-70,50,148,213,236,0,0,0,0,0,182,299,367,371,298,149,-47,-255,-428,-528,-512,-377,-151,129,399,576,627,528,291,-31,-355,-604,-710,-642,-405,-49,334,639,793,736,480,94,-336,-693,-876,-835,-573,-144,336,735,948,921,653,200,-325,-768,-1020,-1015,-728,-239,304,781,1065,1067,784,288,-285,-785,-1085,-1083,-782,-277,292,780,1052,1036,739,239,-334,-805,-1039,-999,-686,-169,393,828,1032,962,613,84,-462,-870,-1040,-912,-530,-7,524,908,1034,878,475,-59,-580,-929,-1013,-820,-391,154,642,947,988,744,295,-238,-706,-970,-958,-682,-200,337,781,999,929,598,90,-448,-856,-1023,-913,-538,1,541,924,1039,864,0,-100,-623,-976,-1061,-848,-388,191,722,1045,1066,793,301,-278,-785,-1073,-1065,-753,-227,363,852,1098,1039,689,145,-429,-889,-1104,-996,-610,-54,520,938,1083,926,514,-42,-586,-961,-1055,-841,-394,158,654,966,998,738,277,-260,-715,-961,-932,-628,-149,361,761,937,840,502,23,-459,-802,-909,-752,-377,107,556,829,855,636,229,-240,-625,-841,-818,-545,-112,338,690,841,749,443,20,-414,-715,-798,-657,-336,76,457,709,754,575,237,-155,-498,-690,-672,-460,-122,237,512,634,577,345,14,-313,-531,-583,-467,-214,102,378,530,523,362,93,-199,-430,-529,-468,-261,23,297,479,516,0,0
10684,mtk,MTK 7916,4081890275,rx2-tx0,512,0,0,0,-402,-443,-351,-148,104,337,474,469,323,78,-197,-420,-524,-480,-290,-4,284,495,566,470,231,-85,-383,-570,-592,-440,-161,167,460,624,604,404,91,-258,-543,-666,-593,-346,12,365,615,687,556,254,-123,-469,-683,-696,-502,-156,248,582,745,694,438,46,-368,-687,-806,-681,-353,84,506,787,838,643,256,-212,-627,-869,-867,-611,-173,322,727,930,871,557,81,-429,-819,-975,-853,-485,30,538,896,998,818,404,-130,-629,-956,-1011,-777,-325,215,696,985,997,720,239,-305,-763,-1006,-957,-635,-144,386,805,996,908,562,61,-454,-834,-970,-834,-461,42,525,853,934,746,343,0,-602,-874,-897,-658,-228,268,687,905,859,568,111,-378,-759,-928,-830,-487,-1,486,839,957,799,411,-99,-584,-910,-982,-776,-348,191,681,971,991,737,273,-271,-740,-1004,-992,-702,-209,341,800,1033,974,646,135,-411,-851,-1054,-956,-595,-66,483,891,1057,937,547,6,-530,-920,-1066,-911,-504,33,558,932,1051,877,467,-61,-560,-905,-1006,-835,-440,70,551,870,948,780,401,-78,-519,-810,-879,-712,-354,82,487,751,807,646,317,-90,-459,-695,-742,-597,-293,77,409,633,692,563,296,-37,-356,-576,-648,-564,-345,-51,243,477,595,572,428,205,-44,-266,-419,-480,-443,-336,-191,0,0,0,0,0,-339,-244,-80,134,351,525,607,561,386,119,-196,-486,-674,-705,-573,-292,75,440,707,800,689,400,-4,-431,-760,-897,-800,-489,-37,443,823,1002,921,588,80,-469,-916,-1127,-1038,-675,-121,488,980,1231,1157,764,152,-509,-1048,-1326,-1254,-841,-192,509,1095,1399,1333,905,229,-511,-1121,-1437,-1363,-932,-254,504,1125,1443,1370,929,249,-497,-1108,-1419,-1343,-906,-220,520,1103,1384,1290,844,170,-538,-1092,-1344,-1218,-761,-103,574,1077,1278,1128,666,32,-601,-1066,-1224,-1037,-574,45,643,1050,1160,945,463,-138,-687,-1037,-1090,-839,-359,220,723,1017,1021,738,250,-300,-759,-998,-947,-627,-136,388,0,989,885,533,31,-477,-844,-965,-810,-432,72,548,861,934,745,336,-162,-604,-870,-891,-656,-236,244,649,864,830,563,141,-315,-677,-836,-759,-465,-43,383,691,795,667,352,-56,-438,-689,-735,-569,-245,144,481,668,655,448,122,-235,-512,-635,-563,-331,-4,320,538,590,467,205,-108,-385,-540,-525,-353,-83,209,433,521,454,252,-29,-296,-460,-492,-379,-151,121,357,478,452,297,51,-214,-404,-469,-397,-207,47,280,427,446,330,119,-124,-326,-429,-405,-257,-36,196,362,415,342,167,-56,-256,-378,-384,-265,-72,144,314,382,335,187,-25,-231,-363,-378,-277,-86,138,317,0,0,0,0,0,178,-52,-284,-436,-456,-339,-115,148,375,499,473,300,41,-236,-455,-551,-481,-261,42,339,537,585,462,200,-126,-419,-597,-601,-425,-124,220,507,647,596,370,34,-321,-592,-690,-585,-308,62,417,652,698,540,216,-179,-524,-718,-696,-465,-96,311,632,767,678,394,-22,-443,-739,-822,-666,-313,137,563,828,847,622,215,-267,-681,-901,-867,-581,-124,375,775,958,862,519,26,-482,-864,-998,-845,-451,74,583,926,1003,795,361,-174,-660,-964,-997,-744,-278,264,732,996,977,679,184,-354,-788,-1001,-934,-602,-102,420,822,990,871,513,8,-493,-846,-957,-792,-399,99,567,867,0,700,285,-209,-642,-891,-885,-617,-172,317,719,910,839,526,56,-436,-809,-952,-816,-448,50,540,877,969,785,375,-144,-628,-941,-986,-755,-313,225,708,994,996,715,240,-306,-767,-1017,-979,-669,-173,377,826,1045,970,623,106,-445,-872,-1053,-935,-563,-35,508,907,1056,915,520,-25,-556,-932,-1054,-891,-479,60,569,919,1027,853,449,-64,-559,-899,-989,-809,-419,76,537,839,911,737,371,-86,-507,-783,-843,-674,-331,88,472,723,774,620,303,-85,-438,-665,-712,-574,-293,62,388,605,670,563,313,-5,-314,-533,-623,-568,-384,-120,159,391,532,559,467,295,92,-100,-249,-330,0,0,0,0,0,-216,-377,-483,-505,-425,-248,4,275,511,651,647,490,214,-128,-455,-685,-759,-643,-352,46,434,726,846,744,442,10,-442,-793,-951,-861,-540,-63,455,876,1068,976,627,97,-485,-954,-1179,-1097,-720,-140,496,1016,1276,1205,802,173,-514,-1076,-1369,-1308,-889,-217,512,1105,1417,1355,925,244,-506,-1128,-1442,-1370,-936,-249,505,1119,1429,1356,916,232,-505,-1107,-1412,-1327,-881,-203,525,1091,1355,1247,800,133,-561,-1088,-1309,-1170,-714,-66,590,1071,1251,1081,610,-12,-624,-1058,-1194,-996,-520,91,664,1038,1118,891,411,-179,-707,-1030,-1061,-792,-304,261,741,1006,992,692,197,-349,-786,-993,-918,0,-79,437,821,971,845,476,-25,-516,-857,-950,-777,-384,116,581,873,915,697,286,-203,-627,-869,-865,-616,-190,281,660,847,791,513,97,-343,-685,-824,-722,-411,8,415,694,769,619,299,-102,-462,-675,-692,-510,-181,194,503,652,609,388,55,-281,-524,-609,-514,-270,48,347,535,556,408,144,-156,-411,-533,-486,-301,-26,259,453,508,415,197,-79,-327,-474,-477,-335,-94,173,387,480,425,248,-3,-253,-422,-462,-367,-162,87,304,427,425,298,76,-164,-350,-425,-372,-214,8,226,371,399,303,118,-100,-288,-381,-355,-224,-25,185,338,380,300,131,-81,-271,-385,-375,-249,0,0
10685,mtk,MTK 7916,4081890275,rx2-tx1,512,0,0,0,49,90,103,92,63,22,-18,-42,-55,-58,-47,-29,-10,13,28,33,35,29,22,8,-14,-25,-36,-40,-24,0,18,30,37,36,23,-10,-45,-66,-73,-59,-21,28,82,117,117,80,12,-70,-140,-176,-174,-118,-20,90,189,249,245,173,45,-106,-242,-318,-307,-221,-67,126,295,388,384,273,80,-141,-331,-437,-429,-312,-96,157,367,483,479,343,105,-159,-378,-505,-503,-363,-109,181,419,543,522,354,88,-205,-449,-570,-538,-361,-83,219,462,578,527,344,68,-238,-470,-561,-503,-304,-17,267,478,555,476,262,-27,-304,-494,-541,-432,-208,76,338,506,524,380,0,-156,-402,-536,-521,-349,-66,228,462,569,509,300,6,-301,-535,-614,-516,-273,46,364,591,650,528,253,-101,-429,-647,-683,-528,-218,159,494,701,718,526,189,-197,-543,-750,-742,-528,-164,258,613,792,759,517,122,-317,-674,-854,-799,-515,-83,369,732,909,835,538,92,-391,-779,-947,-864,-568,-112,382,772,957,888,576,117,-363,-757,-954,-894,-596,-152,327,721,932,882,601,173,-286,-665,-865,-838,-597,-209,229,600,803,797,588,232,-172,-521,-739,-764,-598,-282,99,441,666,723,603,344,2,-331,-570,-662,-610,-427,-152,146,393,545,583,503,336,121,-94,-259,-353,-373,0,0,0,0,0,-33,72,183,281,345,348,277,144,-36,-216,-364,-443,-427,-312,-122,113,334,481,516,422,221,-37,-298,-496,-580,-517,-315,-27,285,537,657,615,418,90,-284,-589,-759,-745,-533,-175,242,619,849,867,659,279,-185,-621,-913,-977,-795,-397,112,594,942,1062,901,513,-13,-549,-948,-1097,-963,-584,-58,488,917,1103,999,642,115,-439,-878,-1085,-999,-660,-150,401,837,1049,979,653,156,-376,-809,-1018,-945,-623,-143,373,782,979,911,592,120,-383,-782,-955,-863,-548,-81,404,772,932,836,507,38,-434,-783,-914,-793,-458,-4,446,779,904,767,418,-37,-491,-799,-882,-730,-375,87,0,819,875,696,324,-141,-563,-826,-864,-659,-267,201,608,847,856,625,221,-243,-648,-871,-849,-589,-162,305,696,892,840,555,117,-358,-743,-923,-851,-539,-83,395,769,929,840,526,66,-422,-790,-932,-823,-491,-30,434,781,917,797,466,19,-433,-761,-873,-752,-433,1,427,725,824,704,390,-29,-420,-687,-764,-633,-332,51,408,643,695,557,273,-78,-395,-596,-635,-498,-230,92,382,556,576,439,189,-96,-349,-502,-506,-380,-160,97,317,444,447,332,135,-87,-273,-382,-382,-284,-118,74,233,323,327,245,101,-58,-187,-262,-267,-200,-89,31,139,207,214,167,84,-8,-100,0,0,0,0,0,-111,-68,-15,38,74,83,75,55,25,0,-22,-39,-45,-39,-28,-18,-2,13,22,31,30,20,5,-11,-28,-36,-34,-22,1,32,54,55,38,13,-23,-60,-89,-97,-72,-18,46,104,144,148,98,15,-78,-162,-211,-204,-143,-34,101,217,284,281,194,45,-122,-267,-353,-353,-250,-78,126,311,413,407,297,97,-140,-348,-466,-461,-330,-104,158,386,512,497,351,110,-168,-408,-543,-521,-357,-101,189,431,557,533,362,92,-203,-447,-568,-529,-343,-69,225,461,571,523,327,35,-255,-472,-559,-490,-284,2,287,486,552,456,225,-60,-328,-501,-528,-407,-170,120,374,0,507,361,108,-189,-432,-551,-507,-317,-39,259,492,585,507,288,-25,-344,-570,-630,-516,-264,70,399,620,668,526,242,-119,-461,-676,-704,-535,-214,170,515,717,718,520,176,-224,-572,-767,-749,-521,-140,287,640,817,776,520,108,-342,-702,-871,-807,-522,-91,377,749,922,849,540,89,-387,-777,-961,-877,-570,-115,379,774,959,885,588,136,-346,-738,-937,-889,-606,-168,308,695,893,855,602,196,-257,-635,-839,-824,-596,-214,203,556,772,786,594,255,-139,-485,-695,-733,-594,-307,53,384,615,696,605,375,69,-249,-498,-623,-608,-473,-247,18,258,430,508,482,375,223,61,0,0,0,0,0,-243,-269,-241,-159,-33,117,263,370,409,364,230,43,-163,-345,-459,-468,-370,-175,74,318,490,544,467,267,-12,-293,-517,-622,-566,-364,-61,276,556,701,678,474,132,-264,-611,-807,-807,-600,-228,217,629,891,925,727,339,-159,-631,-949,-1026,-851,-463,59,578,950,1083,937,548,19,-522,-929,-1106,-993,-628,-99,462,894,1086,1002,656,137,-414,-855,-1072,-1003,-666,-166,385,823,1031,961,644,153,-373,-791,-996,-928,-611,-131,385,783,963,883,558,88,-399,-774,-940,-855,-529,-66,415,782,927,815,484,24,-438,-775,-901,-780,-444,16,469,787,894,753,396,-71,-509,-803,-875,0,-343,118,546,821,868,674,295,-169,-582,-833,-859,-646,-245,223,631,859,851,611,199,-277,-672,-884,-850,-575,-142,335,719,905,840,545,101,-380,-765,-934,-839,-525,-66,415,783,936,835,512,50,-430,-793,-929,-816,-494,-31,433,771,893,781,455,6,-439,-757,-859,-725,-407,7,416,708,800,667,358,-42,-419,-668,-730,-600,-310,60,399,620,669,535,255,-83,-384,-574,-600,-469,-214,98,368,523,539,415,177,-97,-330,-471,-481,-362,-153,92,301,415,416,309,127,-80,-256,-352,-355,-266,-106,71,212,291,296,224,94,-48,-165,-228,-232,-183,-92,21,112,169,182,143,0,0
10686,mtk,MTK 7916,4081934633,rx0-tx0,512,575,916,889,-745,-677,-541,-348,-125,100,311,484,616,699,709,647,516,344,126,-98,-333,-533,-690,-778,-786,-713,-563,-329,-58,235,510,717,859,917,858,694,456,143,-179,-484,-738,-909,-974,-909,-747,-510,-198,136,444,693,865,931,886,752,532,256,-44,-326,-572,-744,-832,-828,-739,-568,-342,-80,180,421,599,717,757,712,596,410,193,-37,-267,-464,-603,-672,-683,-618,-470,-290,-76,149,349,511,603,640,605,495,331,141,-74,-268,-424,-546,-590,-560,-462,-319,-138,43,215,361,444,475,449,362,247,108,-30,-147,-246,-302,-316,-304,-246,-175,-100,-16,53,107,147,166,160,164,145,-588,73,39,6,-29,-63,-87,-106,-116,-115,-101,-90,-68,-35,7,43,69,91,102,91,69,55,38,23,8,-4,-10,-6,-7,-16,-23,-32,-57,-77,-94,-111,-119,-109,-89,-31,39,98,176,240,291,292,259,180,68,-56,-198,-336,-436,-479,-470,-391,-238,-60,144,348,501,612,632,561,421,220,-26,-268,-490,-645,-727,-713,-602,-402,-155,113,375,590,725,766,711,562,347,80,-194,-439,-619,-733,-742,-639,-475,-245,23,270,467,619,682,649,537,368,144,-87,-295,-472,-580,-601,-553,-436,-255,-44,166,357,489,546,523,420,257,49,-166,-335,-437,-452,-372,-222,-46,103,816,877,-615,375,471,-21,140,292,402,428,366,219,19,-185,-375,-506,-551,-509,-389,-193,39,259,449,587,624,576,442,240,10,-229,-445,-590,-661,-644,-527,-339,-112,133,366,537,636,659,574,422,213,-24,-244,-430,-553,-589,-552,-440,-286,-92,101,262,389,452,450,390,288,167,35,-94,-193,-239,-257,-245,-208,-160,-96,-41,-2,34,62,70,75,66,85,91,96,114,126,117,103,76,37,-23,-98,-161,-231,-269,-274,-253,-206,-124,-12,90,216,317,387,414,383,314,197,58,-106,-264,-381,-464,-509,-488,-409,-280,-110,70,260,418,520,583,581,514,373,185,-26,-241,-438,-575,-660,-665,-291,-463,-268,-41,202,429,597,714,742,682,555,352,101,-158,-406,-611,-756,-803,-760,-643,-439,-189,98,361,585,751,825,803,687,502,257,-11,-267,-489,-665,-761,-778,-712,-581,-390,-145,108,335,544,702,774,783,708,548,338,99,-164,-414,-627,-770,-846,-828,-716,-535,-298,-5,287,548,753,875,907,850,699,448,152,-155,-452,-700,-881,-966,-943,-815,-582,-299,20,342,627,866,980,987,897,715,444,110,-218,-535,-794,-962,-1018,-960,-788,-542,-218,113,436,713,903,993,971,832,607,315,-5,-324,-598,-803,-918,-926,-819,-639,-386,-98,193,466,677,811,848,793,651,447,206,229,280,-184,-5,-91,77,308,502,645,714,710,644,511,341,131,-93,-317,-501,-649,-726,-737,-674,-541,-349,-111,151,397,624,776,848,835,721,520,267,-39,-352,-623,-830,-948,-940,-832,-622,-338,-3,329,607,824,954,953,847,645,377,62,-249,-525,-736,-860,-883,-814,-658,-431,-161,123,379,593,740,803,779,667,484,271,17,-225,-448,-615,-702,-719,-659,-530,-343,-131,89,311,486,601,664,651,564,417,220,11,-211,-398,-532,-607,-617,-548,-429,-260,-53,148,322,454,521,528,473,363,212,48,-119,-258,-350,-397,-390,-345,-265,-153,-47,58,151,202,234,239,212,180,130,66,17,-25,-69,321,-125,-127,-126,-120,-104,-80,-56,-23,11,42,71,95,113,107,92,77,57,28,-6,-30,-45,-60,-59,-55,-44,-35,-33,-43,-41,-39,-40,-42,-28,-16,8,43,84,133,185,194,189,164,104,18,-91,-197,-300,-355,-380,-367,-296,-161,2,178,356,479,547,560,483,341,146,-91,-318,-514,-646,-695,-646,-516,-311,-67,198,440,628,731,744,660,489,247,-23,-293,-524,-685,-765,-736,-609,-414,-170,110,361,552,689,724,649,514,315,69,-175,-387,-548,-636,-629,-554,-412,-208,11,217,398,526,572,546,441,264,61,-154,-333,-466,-522,-477,-352,-170,29,213,328,362,312,340,258,-78,901,875,322,322,245,99,-93,-282,-436,-501,-482,-375,-192,25,241,427,557,592,534,413,211,-23,-249,-453,-587,-644,-616,-490,-289,-60,194,419,579,665,656,558,380,168,-81,-314,-493,-609,-637,-577,-448,-251,-38,174,350,476,539,515,440,305,141,-31,-178,-284,-345,-363,-330,-254,-159,-69,20,91,140,165,157,150,137,109,85,64,59,56,28,16,-7,-42,-82,-116,-151,-181,-209,-200,-175,-124,-38,54,148,234,309,340,347,314,218,105,-32,-171,-297,-393,-447,-452,-397,-292,-165,-5,169,322,450,524,553,513,399,240,56,-144,-336,-495,-598,-632,-603,-489,-321,-111,127,374,517,651,711,696,585,417,198,-61,-299,-519,-693,-774,-770,-673,-506,-275,0,260,504,687,799,811,733,574,351,81,-193,-442,-637,-769,-798,-750,-626,-431,-186,72,312,517,682,776,776,706,569,352,119,-126,-375,-585,-723,-797,-792,-703,-534,-313,-59,219,472,679,830,883,839,707,497,228,-70,-357,-623,-828,-929,-937,-848,-657,-398,-79,244,547,786,932,987,925,773,525,201,-123,-436,-709,-919,-1010,-987,-864,-632,-334,-1,333,629,855,986,994,904,705,429,109,-228,-533,-773,-923,-969,-909,-743,-497,-201,125,414,654,824,892,860,736,535,283,1,-272,-511,-682,-790,1070,986
10687,mtk,MTK 7916,4081934633,rx0-tx1,512,-196,-793,-638,429,692,895,999,990,870,644,348,8,-352,-677,-931,-1081,-1111,-1011,-803,-489,-121,266,634,933,1127,1201,1137,947,638,256,-166,-571,-909,-1154,-1264,-1233,-1056,-763,-396,33,461,833,1117,1264,1282,1154,888,528,108,-317,-709,-1020,-1221,-1280,-1197,-989,-675,-280,139,536,880,1123,1240,1222,1074,806,457,62,-341,-708,-989,-1161,-1216,-1122,-919,-621,-257,136,511,819,1043,1146,1127,992,748,436,61,-314,-644,-899,-1058,-1101,-1023,-840,-569,-239,109,441,725,926,1029,1018,899,690,408,90,-237,-534,-773,-924,-978,-927,-786,-559,-277,35,342,606,814,941,958,878,706,455,149,-167,-472,-726,-430,-991,-960,-822,-603,-308,29,355,651,874,999,1018,913,705,419,79,-271,-592,-851,-1002,-1048,-976,-778,-497,-159,202,541,812,986,1042,975,803,533,201,-151,-495,-758,-940,-1002,-949,-788,-534,-226,107,419,680,848,918,874,734,517,238,-56,-333,-563,-719,-785,-761,-659,-481,-250,-4,230,432,573,642,647,576,439,266,74,-127,-303,-439,-514,-535,-497,-407,-277,-120,40,181,312,397,437,430,367,274,158,27,-103,-219,-308,-359,-366,-333,-267,-175,-63,53,162,247,301,317,300,243,161,61,-49,-147,-225,-274,-279,-253,-194,-107,-3,97,179,226,232,198,132,45,-37,-99,-1057,-1059,320,232,28,129,11,-136,-263,-352,-375,-326,-213,-53,116,274,391,452,445,376,242,78,-91,-255,-388,-477,-501,-468,-372,-223,-41,142,323,466,554,572,530,417,250,49,-162,-369,-537,-642,-669,-618,-498,-306,-63,192,429,610,739,771,709,556,326,59,-230,-502,-710,-834,-856,-775,-599,-347,-46,257,530,739,853,864,774,582,317,23,-273,-523,-720,-817,-816,-730,-545,-300,-35,230,465,635,732,739,657,510,304,82,-154,-360,-513,-610,-638,-600,-492,-345,-158,32,213,375,491,546,546,490,389,246,89,-82,-227,-356,-451,-494,-486,-438,-351,-220,-64,94,240,362,463,509,502,445,230,201,29,-149,-308,-441,-517,-542,-514,-429,-286,-110,77,254,406,505,556,544,466,335,170,-9,-195,-350,-464,-518,-523,-466,-357,-215,-51,109,253,363,425,445,418,351,254,136,6,-118,-220,-297,-336,-357,-341,-290,-217,-128,-40,50,132,203,254,286,301,287,247,195,124,39,-54,-144,-226,-289,-335,-346,-337,-290,-209,-107,5,134,253,354,424,456,444,378,269,128,-30,-196,-338,-464,-537,-557,-515,-420,-278,-92,99,287,453,575,630,628,555,423,242,27,-199,-406,-575,-679,-724,-682,-575,-393,-167,90,340,556,718,805,805,713,539,315,40,-248,-508,-719,-859,-907,103,335,472,950,996,864,686,428,108,-228,-549,-816,-988,-1064,-1014,-845,-578,-241,133,496,810,1043,1149,1139,993,730,384,-12,-411,-774,-1054,-1212,-1233,-1110,-866,-525,-113,315,713,1017,1215,1289,1206,989,655,248,-180,-598,-944,-1184,-1292,-1255,-1081,-785,-406,19,433,798,1079,1244,1259,1145,904,565,165,-242,-630,-940,-1143,-1226,-1180,-1001,-713,-360,39,430,761,1015,1154,1172,1057,834,521,154,-222,-573,-859,-1056,-1142,-1090,-923,-663,-336,26,380,687,921,1048,1063,969,770,490,158,-183,-498,-756,-932,-1007,-974,-839,-615,-331,-14,295,575,794,928,963,897,736,511,218,-94,-394,-656,-855,-957,-955,-854,-652,-1099,-76,252,545,787,954,1002,944,781,522,205,-142,-476,-753,-945,-1039,-1007,-866,-618,-298,50,405,711,931,1039,1034,901,667,354,-1,-355,-659,-898,-1015,-1020,-896,-667,-372,-29,302,603,820,944,954,852,650,375,69,-241,-505,-714,-834,-846,-763,-598,-370,-108,154,393,580,691,717,662,539,356,151,-67,-275,-445,-547,-598,-576,-493,-354,-184,-8,169,314,422,481,481,437,350,218,76,-77,-213,-313,-376,-402,-382,-319,-225,-106,20,139,235,305,339,337,295,213,113,6,-102,-197,-263,-296,-296,-254,-188,-91,14,110,193,247,266,239,176,86,-13,-99,-164,-190,-177,-129,450,635,-298,241,328,-236,-303,-298,-224,-92,68,228,353,420,414,343,214,54,-117,-278,-403,-464,-471,-413,-301,-143,31,207,365,480,528,517,448,313,137,-59,-252,-428,-553,-615,-604,-525,-372,-170,64,291,493,647,723,707,602,428,196,-77,-341,-573,-736,-815,-797,-675,-466,-197,100,389,628,796,868,833,693,465,184,-117,-408,-655,-816,-866,-818,-671,-452,-169,117,386,610,741,789,753,621,425,182,-76,-310,-505,-632,-685,-667,-563,-411,-219,-9,199,377,507,580,584,537,434,281,109,-65,-229,-366,-459,-510,-506,-453,-364,-229,-73,83,226,354,451,496,487,431,337,207,47,-114,-269,-198,-479,-528,-513,-445,-320,-155,21,196,358,482,550,554,504,388,232,57,-133,-306,-446,-526,-553,-514,-416,-272,-106,65,234,367,457,492,467,401,291,160,14,-123,-242,-330,-382,-399,-369,-308,-217,-119,-17,91,180,250,292,310,305,274,221,153,78,-4,-94,-168,-232,-280,-311,-311,-292,-241,-169,-74,25,125,229,316,370,400,386,334,247,127,-9,-157,-297,-411,-481,-512,-481,-404,-282,-115,60,239,389,516,582,591,539,430,261,66,-138,-343,-507,-626,-682,-664,-573,-411,-208,24,260,473,644,748,772,709,564,356,106,-161,-420,-633,-786,-863,-830,-712,-513,-253,49,-435,-249
10688,mtk,MTK 7916,4081934633,rx1-tx0,512,-124,374,140,-415,-285,-109,85,270,416,509,535,503,401,240,53,-150,-328,-476,-552,-563,-503,-378,-203,-4,208,394,524,601,599,518,372,178,-40,-262,-452,-587,-652,-641,-553,-392,-186,48,286,483,630,706,704,607,446,228,-25,-280,-488,-660,-763,-763,-688,-525,-299,-37,248,499,702,821,859,790,625,392,100,-201,-490,-737,-896,-953,-898,-735,-486,-169,181,499,769,951,1023,979,805,550,211,-151,-492,-783,-965,-1041,-995,-839,-578,-251,98,436,726,919,1006,976,843,618,323,3,-321,-608,-828,-944,-956,-867,-682,-433,-131,186,470,713,868,948,911,782,574,302,-11,-329,-618,-833,231,-998,-914,-730,-464,-141,215,538,811,1003,1081,1044,878,614,260,-118,-485,-818,-1054,-1173,-1156,-1019,-742,-374,36,446,812,1099,1254,1253,1119,851,480,39,-411,-813,-1124,-1311,-1344,-1227,-955,-567,-114,354,790,1141,1359,1421,1314,1058,680,197,-312,-776,-1159,-1412,-1495,-1399,-1140,-741,-243,294,799,1214,1480,1574,1454,1167,729,186,-368,-884,-1287,-1523,-1562,-1406,-1070,-598,-56,491,962,1296,1446,1427,1223,863,399,-95,-561,-940,-1196,-1290,-1215,-984,-645,-231,190,583,883,1060,1108,999,771,455,79,-290,-609,-845,-957,-932,-787,-516,-182,179,495,724,842,804,629,356,28,-284,-510,-607,-558,-394,14,263,806,-361,-385,397,211,-70,-372,-623,-757,-736,-565,-288,65,414,699,874,918,811,575,251,-117,-476,-772,-970,-1042,-966,-747,-432,-37,358,719,998,1153,1148,999,715,323,-118,-545,-926,-1196,-1307,-1271,-1047,-700,-250,267,745,1132,1381,1477,1365,1085,663,141,-394,-897,-1298,-1527,-1568,-1416,-1093,-620,-66,511,1015,1404,1609,1622,1422,1060,556,-32,-597,-1090,-1456,-1644,-1620,-1405,-1012,-488,84,634,1111,1443,1591,1561,1329,935,439,-97,-613,-1048,-1359,-1501,-1459,-1263,-920,-465,16,512,928,1228,1390,1383,1224,925,520,61,-403,-809,-1129,-1307,-1334,-1221,-964,-595,-170,260,679,1020,1224,1290,1221,1019,701,300,-135,-49,-912,-1166,-1299,-1290,-1121,-835,-439,6,446,844,1155,1329,1356,1219,948,559,95,-371,-823,-1168,-1383,-1434,-1321,-1035,-633,-155,356,814,1188,1411,1464,1345,1059,644,151,-362,-820,-1174,-1392,-1443,-1314,-1031,-626,-139,341,777,1113,1304,1342,1227,961,592,156,-295,-686,-995,-1188,-1226,-1121,-880,-552,-169,234,591,867,1042,1088,1011,814,528,190,-170,-482,-738,-904,-961,-902,-742,-500,-204,113,405,632,796,857,811,670,455,182,-91,-359,-575,-714,-766,-718,-592,-390,-151,97,333,518,644,682,628,502,315,91,-137,-342,-495,-586,-605,-539,-411,-232,-29,170,357,484,553,551,473,334,159,-29,291,90,289,218,392,305,442,519,524,460,336,170,-17,-203,-375,-489,-548,-533,-454,-310,-122,78,273,439,545,588,558,444,282,83,-135,-338,-495,-597,-630,-587,-463,-282,-65,164,378,548,647,681,629,503,311,86,-166,-395,-579,-703,-748,-694,-567,-386,-133,132,384,601,746,816,788,660,460,204,-74,-364,-605,-794,-891,-883,-780,-575,-296,17,339,626,847,975,977,864,657,359,19,-339,-648,-884,-1027,-1031,-927,-704,-402,-57,301,622,874,1011,1031,940,734,443,114,-229,-534,-786,-938,-981,-922,-761,-512,-209,106,412,669,851,947,923,815,615,360,60,-256,-534,-760,-908,-962,-911,-757,-518,-568,96,422,704,913,1030,1024,900,682,376,27,-339,-673,-940,-1102,-1130,-1045,-833,-512,-129,270,649,966,1167,1229,1158,955,629,216,-222,-633,-977,-1223,-1322,-1261,-1048,-715,-294,165,612,998,1258,1376,1342,1153,821,388,-91,-563,-968,-1279,-1444,-1425,-1248,-922,-475,39,547,996,1332,1509,1507,1319,972,503,-40,-587,-1055,-1412,-1570,-1535,-1313,-922,-409,153,686,1127,1418,1530,1444,1169,745,245,-273,-753,-1126,-1336,-1369,-1232,-945,-547,-83,374,762,1040,1177,1165,1005,717,358,-43,-427,-735,-947,-1031,-971,-788,-505,-152,202,527,776,900,886,732,477,150,-201,-496,-689,-750,-655,-441,-156,129,332,-417,-343,-321,188,-46,-355,-545,-631,-570,-368,-62,284,581,789,862,772,552,239,-121,-477,-759,-935,-973,-873,-646,-321,50,436,753,989,1092,1041,859,554,163,-258,-651,-982,-1189,-1241,-1135,-885,-501,-53,424,855,1177,1373,1390,1217,886,441,-75,-596,-1036,-1364,-1518,-1486,-1266,-879,-372,185,722,1186,1496,1624,1545,1277,851,311,-270,-820,-1267,-1570,-1668,-1545,-1257,-804,-247,342,880,1313,1577,1632,1502,1191,729,199,-361,-877,-1271,-1505,-1553,-1417,-1116,-692,-187,321,784,1170,1392,1458,1354,1084,711,252,-229,-676,-1043,-1284,-1380,-1304,-1091,-758,-336,108,543,916,1180,1295,1288,1133,833,437,9,-416,-799,-1093,-1262,-1294,425,-935,-576,-161,289,696,1030,1259,1339,1265,1049,708,281,-179,-625,-1000,-1274,-1392,-1354,-1158,-812,-374,115,596,1015,1301,1455,1421,1218,868,402,-98,-601,-1023,-1323,-1458,-1420,-1199,-853,-401,103,587,992,1281,1400,1352,1155,810,375,-91,-547,-920,-1172,-1292,-1253,-1065,-767,-373,57,463,799,1030,1145,1121,962,704,368,-6,-370,-688,-901,-1013,-998,-872,-657,-361,-33,291,570,779,892,896,790,603,348,50,-245,-496,-694,-793,-798,-711,-536,-303,-36,227,455,623,702,702,614,454,245,2,-231,-425,-568,-632,-619,-528,-374,-175,50,257,423,534,573,549,450,288,101,-100,-285,-429,-516,-537,184,350
10689,mtk,MTK 7916,4081934633,rx1-tx1,512,0,0,0,-513,-313,-42,236,468,614,632,509,284,-6,-306,-546,-667,-646,-500,-246,60,363,596,702,663,494,225,-93,-397,-621,-720,-665,-467,-172,153,449,655,718,632,422,120,-214,-503,-681,-715,-603,-358,-38,288,548,698,697,538,262,-71,-393,-642,-751,-694,-485,-167,188,506,725,803,710,457,104,-282,-616,-823,-860,-732,-454,-60,354,698,904,930,757,425,5,-421,-764,-964,-976,-777,-421,25,468,819,1010,1004,799,429,-24,-472,-837,-1035,-1032,-830,-464,-1,461,822,1019,1021,827,463,22,-412,-772,-976,-975,-790,-455,-34,377,714,909,907,726,411,22,-376,-690,-847,-823,-647,0,30,386,661,797,766,573,270,-81,-420,-672,-784,-729,-524,-213,144,468,700,795,723,501,184,-179,-514,-738,-829,-760,-532,-207,163,513,748,833,775,569,251,-118,-459,-701,-807,-754,-575,-296,43,368,601,708,684,533,288,-7,-281,-482,-586,-568,-429,-225,16,239,398,461,421,299,133,-67,-253,-360,-377,-312,-179,-2,172,304,371,356,260,110,-80,-251,-371,-423,-386,-264,-89,105,280,397,450,412,288,111,-83,-256,-384,-433,-398,-293,-133,52,218,344,400,379,293,148,-24,-182,-308,-375,-369,-300,-177,-30,123,260,352,383,354,271,153,24,-96,-197,-269,-300,-289,0,0,0,0,0,-330,-364,-374,-337,-243,-101,82,270,434,557,609,570,447,240,-21,-292,-523,-681,-732,-653,-466,-195,123,433,681,815,809,656,382,29,-346,-669,-881,-930,-821,-560,-180,234,618,903,1030,974,732,352,-103,-555,-910,-1095,-1084,-875,-509,-35,451,845,1078,1119,961,614,150,-335,-759,-1037,-1107,-970,-654,-211,270,694,982,1069,942,637,214,-247,-664,-950,-1033,-918,-623,-204,258,671,942,1020,899,603,182,-275,-676,-937,-1018,-893,-588,-162,294,686,944,1004,868,554,126,-319,-710,-960,-1006,-853,-533,-98,359,746,987,1027,855,510,66,-402,-785,-1018,-1056,-878,-512,-45,431,830,1061,0,887,514,34,-455,-856,-1101,-1129,-930,-543,-45,453,868,1123,1147,944,553,55,-459,-880,-1135,-1169,-959,-564,-60,455,872,1114,1135,928,543,53,-447,-861,-1100,-1107,-897,-512,-27,462,854,1068,1064,843,460,-18,-486,-857,-1044,-1019,-793,-407,66,521,851,998,957,718,328,-130,-546,-836,-958,-886,-625,-240,186,570,829,915,819,545,156,-251,-599,-825,-880,-752,-472,-99,283,608,809,837,693,413,54,-313,-603,-772,-767,-609,-333,1,326,578,700,669,508,248,-59,-351,-557,-647,-596,-417,-149,148,406,561,591,505,315,51,-224,-440,-562,-556,-425,-202,58,308,491,574,530,379,0,0,0,0,0,-332,-529,-625,-583,-421,-170,128,410,604,660,589,399,122,-186,-456,-636,-694,-597,-382,-92,226,509,679,704,583,347,40,-286,-549,-694,-697,-563,-308,17,337,583,710,681,508,231,-92,-398,-626,-721,-660,-456,-146,190,480,669,722,622,379,50,-300,-587,-750,-753,-602,-318,39,403,692,831,800,602,268,-127,-506,-781,-903,-845,-605,-236,187,576,856,966,876,608,219,-227,-630,-909,-1009,-909,-619,-206,253,667,958,1062,953,657,231,-247,-671,-962,-1060,-955,-669,-250,220,639,924,1024,927,652,253,-188,-584,-864,-970,-885,-615,-237,180,548,807,895,798,546,185,-202,-533,0,-816,-723,-476,-133,234,547,740,782,662,398,58,-291,-586,-756,-771,-628,-355,-10,334,618,786,798,645,357,-2,-355,-647,-815,-823,-672,-391,-35,324,621,801,823,694,430,94,-251,-539,-718,-755,-654,-432,-135,176,446,617,659,580,393,131,-138,-360,-500,-534,-457,-281,-69,139,311,400,397,310,155,-31,-204,-326,-370,-332,-218,-55,122,280,381,398,328,181,-1,-181,-332,-421,-424,-344,-196,-5,181,338,433,439,357,209,32,-153,-304,-393,-410,-348,-218,-58,113,268,359,384,342,227,74,-87,-233,-334,-381,-359,-278,-150,-3,141,257,336,365,341,272,181,83,-13,0,0,0,0,0,92,-17,-144,-282,-403,-491,-523,-484,-366,-189,28,262,472,612,670,622,473,231,-62,-355,-597,-743,-773,-669,-442,-127,220,541,779,882,829,615,296,-91,-481,-792,-963,-968,-794,-472,-56,389,773,1013,1066,938,638,208,-274,-710,-1018,-1135,-1043,-758,-333,156,606,942,1112,1074,832,433,-50,-522,-878,-1061,-1047,-829,-446,19,475,835,1030,1017,794,425,-24,-479,-833,-1011,-987,-781,-410,43,486,839,1018,985,774,398,-63,-495,-825,-997,-969,-739,-364,74,508,835,1002,966,727,338,-118,-551,-871,-1015,-959,-700,-298,152,582,908,1043,973,707,292,-180,-619,-947,-1084,-999,-713,-287,0,664,993,1123,1027,730,294,-208,-685,-1020,-1155,-1069,-764,-313,209,692,1034,1172,1086,787,323,-201,-690,-1038,-1172,-1075,-770,-314,200,675,1014,1150,1052,740,290,-214,-672,-997,-1119,-1005,-689,-243,237,674,979,1077,948,631,193,-282,-703,-969,-1033,-885,-573,-146,315,697,932,976,815,488,69,-367,-720,-907,-913,-733,-398,17,418,731,895,871,669,329,-76,-459,-743,-875,-820,-599,-271,109,467,726,815,744,523,200,-160,-474,-680,-753,-663,-435,-131,193,469,643,673,559,334,42,-251,-483,-605,-600,-470,-236,47,308,495,575,529,364,120,-145,-382,-540,-578,-489,-295,-39,224,443,0,0
10690,mtk,MTK 7916,4081934633,rx2-tx0,512,0,0,0,212,18,-191,-362,-458,-462,-367,-183,46,267,437,520,496,361,145,-103,-337,-507,-573,-517,-351,-106,164,403,573,623,535,335,62,-228,-476,-625,-654,-548,-316,-14,293,534,677,682,531,271,-47,-363,-603,-724,-696,-510,-215,125,446,677,766,699,487,162,-209,-539,-760,-824,-718,-454,-92,300,635,843,876,736,440,46,-366,-714,-913,-930,-757,-426,-2,433,777,963,966,774,410,-41,-476,-820,-1002,-985,-771,-398,61,509,852,1023,992,761,375,-85,-528,-860,-1022,-985,-754,-364,100,540,863,1014,959,716,328,-121,-539,-847,-985,-929,-677,-292,140,545,839,955,875,623,248,0,-566,-845,-944,-844,-568,-178,248,624,870,938,818,525,122,-308,-675,-911,-963,-820,-516,-94,352,727,959,995,834,500,62,-385,-762,-998,-1039,-870,-529,-79,390,785,1026,1061,882,538,88,-388,-786,-1026,-1067,-902,-557,-95,384,787,1036,1078,909,563,112,-357,-760,-1020,-1079,-923,-589,-145,327,735,997,1066,931,618,197,-260,-661,-932,-1025,-911,-635,-249,186,575,841,949,874,639,293,-104,-472,-737,-860,-817,-617,-310,45,386,644,772,754,599,337,18,-296,-545,-683,-705,-597,-377,-98,186,433,598,659,610,460,239,-17,-261,-454,-570,-600,-545,-423,-256,-71,102,241,328,365,0,0,0,0,0,327,431,492,496,436,307,112,-114,-340,-540,-667,-689,-608,-421,-151,154,448,671,782,765,615,344,-7,-371,-678,-872,-919,-795,-518,-137,288,680,964,1076,987,709,295,-190,-667,-1031,-1216,-1182,-917,-479,56,602,1055,1315,1336,1109,673,100,-503,-1023,-1365,-1454,-1275,-863,-281,363,941,1346,1500,1381,1004,434,-222,-834,-1280,-1489,-1418,-1083,-541,98,706,1181,1427,1403,1111,609,-2,-609,-1087,-1340,-1348,-1100,-629,-53,521,991,1260,1280,1053,620,74,-482,-935,-1187,-1207,-998,-600,-88,436,865,1116,1140,936,555,71,-422,-822,-1051,-1065,-870,-509,-46,419,788,997,1005,811,455,11,-426,-768,0,-955,-748,-388,43,460,781,939,908,698,342,-80,-477,-777,-919,-872,-647,-293,120,502,782,903,830,599,251,-152,-518,-774,-872,-790,-553,-204,184,525,757,826,730,487,149,-211,-524,-724,-772,-659,-420,-90,246,523,690,708,576,324,10,-296,-533,-653,-637,-486,-236,60,337,536,621,574,395,138,-132,-372,-533,-574,-494,-312,-63,192,404,532,539,429,233,-16,-254,-433,-521,-492,-357,-150,85,302,450,500,438,284,79,-145,-340,-454,-474,-391,-223,-14,196,360,438,428,326,157,-43,-233,-372,-428,-386,-263,-86,111,280,379,389,321,180,-3,-187,-327,-396,-377,-269,-97,0,0,0,0,0,384,448,416,290,96,-124,-322,-456,-502,-436,-271,-47,189,393,520,536,437,245,-4,-258,-463,-577,-573,-443,-217,59,331,534,631,597,438,181,-118,-395,-599,-677,-617,-425,-141,174,461,660,715,620,395,88,-244,-534,-716,-741,-612,-357,-14,341,620,770,767,601,298,-68,-424,-702,-843,-809,-598,-260,136,513,794,916,847,604,229,-199,-589,-868,-970,-878,-606,-204,244,647,919,1008,894,602,186,-275,-683,-954,-1036,-912,-598,-160,307,705,967,1035,896,573,141,-319,-718,-972,-1026,-876,-555,-124,330,717,952,1003,853,526,92,-350,-709,-930,-966,-804,-471,-52,370,720,918,0,748,411,-7,-417,-744,-919,-901,-703,-361,61,473,788,943,909,685,314,-118,-535,-844,-983,-930,-679,-292,152,578,887,1019,957,702,302,-158,-596,-921,-1054,-983,-722,-316,158,601,928,1073,1012,745,329,-152,-597,-925,-1075,-1020,-759,-349,137,592,922,1077,1024,768,362,-111,-563,-908,-1073,-1025,-787,-403,67,515,857,1038,1014,806,450,10,-430,-779,-965,-965,-791,-471,-63,347,676,872,904,763,477,113,-257,-572,-773,-821,-712,-477,-158,179,477,678,748,679,486,213,-96,-381,-589,-684,-656,-518,-293,-26,241,463,600,637,574,424,225,2,-209,-380,-488,-523,-489,-401,-282,-151,0,0,0,0,0,-250,-150,-6,172,349,501,600,618,549,392,164,-107,-373,-589,-718,-732,-624,-402,-94,245,552,772,862,798,584,253,-139,-520,-820,-978,-965,-772,-427,11,471,860,1100,1141,970,616,133,-399,-869,-1191,-1302,-1169,-822,-314,273,820,1229,1414,1335,1013,499,-120,-725,-1203,-1463,-1451,-1158,-654,-33,599,1128,1445,1486,1259,796,180,-468,-1021,-1383,-1482,-1293,-867,-280,360,919,1292,1416,1270,879,326,-281,-825,-1206,-1350,-1223,-871,-361,222,755,1126,1266,1161,835,347,-198,-689,-1046,-1193,-1101,-799,-339,180,649,985,1122,1027,730,303,-182,-628,-939,-1055,-957,-671,-260,198,612,901,1003,895,613,0,-241,-627,-882,-961,-848,-563,-158,273,642,879,934,800,509,112,-307,-658,-870,-911,-763,-458,-73,326,662,852,872,712,407,26,-351,-656,-828,-828,-655,-356,9,370,650,794,768,588,291,-58,-389,-636,-748,-701,-504,-217,109,411,616,691,618,418,137,-169,-436,-602,-636,-533,-320,-49,232,464,588,576,449,234,-32,-285,-471,-558,-525,-377,-152,106,336,492,538,472,300,66,-177,-374,-493,-504,-404,-221,6,230,405,487,462,347,155,-71,-270,-408,-468,-421,-281,-88,120,296,411,434,362,210,21,-172,-326,-406,-393,-295,-132,60,236,354,395,351,225,45,-146,-311,-399,0,0
10691,mtk,MTK 7916,4081934633,rx2-tx1,512,0,0,0,-98,-32,37,98,134,140,119,74,23,-21,-61,-90,-97,-84,-57,-22,15,51,65,64,62,54,32,-3,-34,-54,-64,-66,-61,-49,-25,4,37,66,84,92,89,73,36,-10,-58,-105,-138,-152,-141,-101,-37,43,123,184,213,211,173,101,0,-116,-221,-281,-294,-259,-178,-51,97,234,331,378,354,263,118,-60,-238,-370,-436,-426,-336,-182,13,214,373,473,486,402,235,22,-196,-379,-498,-526,-451,-286,-64,170,373,506,546,479,322,100,-143,-352,-492,-550,-498,-341,-122,121,339,484,540,492,341,119,-121,-334,-480,-535,-476,-319,-111,126,348,488,527,467,312,0,-167,-385,-524,-553,-467,-283,-44,206,421,556,582,491,299,37,-238,-468,-615,-640,-537,-324,-39,262,513,669,693,584,351,49,-265,-537,-712,-746,-634,-396,-75,270,567,750,796,687,442,104,-266,-584,-796,-858,-756,-508,-151,246,594,833,922,832,585,218,-198,-578,-847,-963,-905,-679,-318,103,506,821,977,955,762,425,13,-404,-738,-936,-973,-823,-521,-136,271,634,870,933,836,593,243,-144,-501,-758,-871,-829,-632,-334,16,360,637,791,791,656,413,100,-210,-485,-677,-741,-679,-507,-250,34,304,521,647,673,593,423,204,-29,-254,-429,-532,-561,-519,-420,-283,-142,-15,0,0,0,0,0,199,194,169,111,23,-75,-179,-269,-332,-361,-336,-249,-124,25,179,318,412,444,400,282,123,-66,-266,-435,-527,-525,-438,-276,-45,208,427,582,650,606,443,194,-99,-396,-634,-767,-770,-631,-375,-48,303,624,846,919,828,591,249,-142,-529,-830,-983,-973,-803,-476,-51,384,751,988,1057,941,652,244,-209,-624,-933,-1065,-1002,-762,-385,53,483,822,1006,1011,833,494,67,-359,-716,-938,-989,-845,-543,-151,268,633,869,945,841,578,210,-200,-568,-820,-915,-829,-583,-238,154,519,778,883,817,596,267,-120,-484,-749,-867,-817,-610,-284,95,449,715,840,806,616,302,-71,-422,0,-830,-795,-604,-299,55,406,685,826,800,615,309,-63,-419,-689,-832,-807,-623,-314,53,415,694,838,825,641,328,-42,-413,-709,-862,-850,-670,-360,24,403,701,869,872,704,397,21,-360,-671,-852,-865,-719,-435,-67,313,627,822,853,726,459,105,-262,-572,-765,-810,-699,-453,-125,218,513,702,751,652,436,142,-178,-460,-646,-699,-609,-413,-145,155,411,578,630,565,395,149,-120,-361,-521,-578,-524,-369,-150,91,308,455,510,470,337,148,-59,-251,-385,-440,-414,-309,-152,29,201,324,374,353,272,146,2,-142,-256,-313,-308,-248,-144,-15,106,194,243,246,205,122,21,0,0,0,0,0,-142,-164,-156,-114,-58,-1,57,97,108,105,87,50,5,-35,-66,-84,-83,-67,-40,-5,29,52,65,67,64,48,22,-3,-34,-61,-76,-84,-83,-61,-30,6,43,83,108,120,113,84,38,-18,-78,-134,-180,-192,-158,-97,-19,73,158,226,262,246,183,80,-46,-168,-271,-329,-330,-270,-157,-2,158,297,388,407,353,231,57,-135,-305,-420,-461,-425,-299,-107,102,299,445,508,478,358,161,-67,-289,-461,-541,-517,-396,-198,36,265,449,542,533,421,236,-1,-244,-440,-541,-533,-430,-245,-5,234,415,521,529,420,225,-8,-237,-420,-519,-512,-401,-204,35,263,437,0,513,388,178,-65,-301,-480,-565,-531,-390,-162,100,351,535,617,579,414,171,-110,-388,-588,-672,-628,-457,-196,109,402,621,727,684,508,234,-99,-422,-662,-776,-740,-561,-264,93,434,690,819,797,620,308,-72,-438,-720,-877,-868,-689,-365,25,412,727,915,932,774,459,47,-368,-715,-932,-980,-854,-557,-155,264,640,903,990,898,650,282,-141,-532,-820,-955,-919,-709,-377,15,405,711,885,897,746,459,101,-264,-582,-793,-843,-748,-528,-218,127,442,668,775,743,581,328,28,-272,-516,-670,-710,-632,-456,-215,59,309,498,614,633,561,422,240,42,-143,-287,-378,-413,-399,0,0,0,0,0,42,110,180,243,288,299,268,194,90,-36,-170,-297,-384,-408,-367,-277,-137,36,212,364,464,489,432,293,95,-128,-337,-495,-569,-556,-444,-242,20,290,524,679,716,623,418,131,-201,-508,-736,-850,-811,-625,-333,35,415,733,927,962,828,551,169,-260,-647,-923,-1041,-979,-736,-363,74,497,843,1039,1046,870,538,106,-353,-738,-986,-1055,-934,-651,-241,211,605,888,1014,942,691,322,-102,-504,-811,-963,-923,-715,-380,24,423,734,905,898,720,406,24,-362,-683,-862,-875,-723,-429,-48,334,648,844,869,724,452,89,-290,-608,-807,-847,-726,-466,-113,260,581,789,838,724,0,114,-254,-567,-773,-830,-721,-468,-121,241,558,772,830,722,470,126,-245,-566,-782,-849,-738,-484,-131,243,568,796,863,756,509,158,-228,-573,-810,-884,-791,-546,-192,202,554,798,888,813,581,233,-152,-506,-765,-873,-818,-604,-266,112,459,716,836,794,605,301,-60,-400,-657,-783,-747,-573,-294,37,350,590,707,691,548,294,-14,-307,-533,-652,-640,-506,-278,1,273,486,596,586,467,267,17,-227,-422,-530,-535,-437,-262,-42,180,361,460,470,392,239,53,-134,-292,-391,-412,-346,-221,-66,100,237,325,345,301,201,70,-64,-183,-262,-282,-250,-178,-75,31,122,192,219,0,0
10692,mtk,MTK 7916,4081976411,rx0-tx0,512,575,480,525,246,40,-167,-356,-512,-625,-701,-698,-653,-557,-414,-249,-62,140,342,507,643,729,754,714,613,462,260,32,-205,-439,-640,-781,-862,-863,-785,-623,-411,-146,135,407,635,816,924,929,849,682,460,190,-94,-357,-591,-764,-867,-889,-825,-698,-501,-260,-3,242,459,632,752,796,772,677,527,334,123,-99,-319,-488,-617,-689,-698,-652,-548,-400,-216,-23,173,346,486,575,622,613,549,442,294,122,-62,-231,-377,-490,-553,-571,-535,-439,-311,-149,18,174,313,405,466,486,448,359,253,126,-8,-125,-231,-301,-340,-340,-310,-250,-167,-80,0,67,132,178,195,194,177,147,113,-588,28,-4,-34,-59,-74,-79,-77,-75,-66,-58,-44,-28,-11,0,8,13,19,20,11,10,15,11,10,12,15,27,35,58,73,83,81,78,53,19,-19,-74,-128,-183,-213,-230,-224,-192,-122,-39,59,165,267,345,397,415,382,301,174,11,-155,-313,-448,-546,-582,-554,-463,-321,-141,75,288,462,603,676,679,612,469,277,47,-186,-402,-572,-677,-720,-690,-570,-403,-203,36,267,457,601,681,684,625,489,312,108,-115,-311,-475,-583,-628,-610,-528,-390,-205,-24,165,334,463,536,558,509,413,266,86,-101,-271,-408,-485,-502,-450,-328,-164,18,185,309,367,348,267,125,261,-615,284,154,131,271,377,416,377,260,87,-106,-296,-451,-545,-557,-489,-353,-180,29,243,417,545,616,611,533,385,190,-17,-239,-436,-580,-657,-668,-594,-453,-270,-50,180,382,545,638,664,614,496,320,116,-90,-281,-436,-552,-587,-554,-470,-339,-174,-11,157,282,369,425,418,368,293,189,79,-22,-115,-172,-203,-215,-201,-167,-132,-89,-55,-14,10,13,18,17,9,8,17,25,58,75,104,143,162,159,147,127,75,6,-71,-139,-217,-281,-318,-322,-290,-235,-151,-46,77,195,300,377,434,446,408,338,236,102,-45,-200,-345,-462,-543,-568,-535,-462,-338,-170,17,211,394,532,-291,677,658,574,434,245,28,-191,-402,-581,-705,-770,-767,-685,-537,-329,-95,148,388,595,744,832,838,755,603,408,156,-98,-345,-567,-728,-823,-846,-795,-687,-508,-285,-47,198,433,631,766,845,854,782,657,467,245,-11,-274,-506,-706,-851,-915,-908,-813,-655,-428,-166,120,401,643,838,954,991,942,809,592,328,25,-279,-562,-802,-969,-1037,-1020,-909,-713,-460,-159,155,450,715,905,1007,1037,958,795,565,286,-26,-319,-590,-804,-938,-1005,-970,-846,-651,-399,-110,187,459,689,851,932,934,846,693,477,217,-45,-308,-546,-725,-830,-859,-817,-705,-537,-328,-85,154,373,557,682,463,445,-184,179,37,-692,-725,-707,-623,-490,-331,-134,70,253,427,564,659,706,706,634,514,358,163,-51,-268,-465,-635,-753,-807,-795,-714,-558,-345,-100,164,423,642,808,908,906,824,661,446,172,-117,-391,-629,-802,-903,-909,-844,-694,-476,-220,50,305,530,709,814,847,802,688,516,296,61,-172,-388,-565,-686,-744,-742,-668,-535,-369,-165,46,243,416,550,633,662,633,552,425,258,79,-109,-277,-425,-529,-587,-590,-544,-450,-309,-144,25,198,347,454,521,530,494,410,289,154,-4,-159,-275,-355,-407,-409,-374,-310,-215,-110,0,96,179,240,263,257,232,194,132,73,12,-38,-81,-112,321,-130,-123,-112,-87,-63,-35,-18,4,21,34,44,50,53,43,34,27,21,14,9,10,8,8,18,23,32,31,25,16,-3,-22,-44,-77,-112,-128,-144,-145,-127,-88,-31,36,107,195,261,306,323,307,249,157,42,-91,-229,-354,-455,-501,-487,-427,-314,-160,33,221,396,528,623,647,589,472,306,92,-131,-348,-530,-654,-715,-689,-595,-433,-232,-11,228,438,581,678,715,653,531,355,139,-81,-291,-470,-587,-659,-651,-571,-438,-258,-63,139,321,472,561,591,560,469,326,158,-23,-208,-362,-483,-531,-519,-446,-320,-149,32,214,354,440,451,389,269,111,-51,-176,418,379,-78,-386,-457,304,238,106,-67,-244,-396,-483,-501,-436,-303,-114,96,296,453,557,597,554,439,279,80,-136,-343,-513,-618,-654,-619,-502,-332,-125,101,327,500,621,682,656,556,394,185,-35,-249,-433,-567,-627,-627,-551,-430,-252,-47,140,302,428,500,514,477,372,265,124,-18,-142,-246,-310,-322,-303,-261,-197,-128,-54,19,66,97,115,118,111,83,68,63,55,53,63,62,76,76,68,63,32,-18,-67,-113,-164,-215,-238,-245,-227,-190,-114,-22,73,173,261,338,379,389,355,289,193,76,-63,-199,-322,-426,-489,-506,-476,-400,-286,-137,37,210,365,507,599,632,609,522,388,374,10,-203,-395,-557,-675,-722,-710,-635,-491,-297,-73,171,403,601,742,802,803,724,573,365,129,-133,-380,-589,-748,-846,-848,-788,-649,-451,-215,42,287,508,682,788,831,818,729,573,374,147,-108,-348,-565,-731,-838,-886,-849,-742,-573,-340,-77,193,451,671,846,938,963,887,742,518,247,-48,-335,-613,-822,-963,-1016,-986,-863,-669,-397,-98,213,507,756,932,1032,1025,936,759,506,222,-84,-389,-651,-855,-981,-1015,-955,-822,-605,-347,-56,254,521,740,886,964,949,853,678,437,167,-118,-388,-612,-791,-882,-899,-844,-706,-507,-263,-19,233,455,643,765,823,797,714,567,369,-25,-177
10693,mtk,MTK 7916,4081976411,rx0-tx1,512,-196,22,-229,-901,-883,-789,-617,-380,-108,182,459,711,901,1009,1032,954,795,554,254,-71,-397,-690,-927,-1080,-1145,-1099,-950,-725,-416,-66,294,632,912,1117,1214,1205,1083,862,553,206,-176,-545,-859,-1097,-1232,-1259,-1178,-982,-696,-350,30,408,741,1005,1184,1254,1217,1071,826,508,150,-215,-560,-864,-1083,-1199,-1213,-1120,-937,-668,-342,10,353,668,917,1081,1153,1132,1010,790,511,190,-143,-460,-734,-942,-1068,-1100,-1032,-880,-657,-381,-72,247,530,771,942,1027,1023,930,759,532,256,-29,-318,-578,-777,-907,-963,-936,-826,-661,-433,-171,105,367,597,778,893,932,891,776,598,360,99,-178,-442,-665,-430,-928,-944,-875,-740,-523,-260,26,311,576,785,937,991,952,833,635,369,82,-231,-510,-742,-917,-996,-985,-884,-693,-432,-141,160,453,701,879,972,966,878,713,467,186,-109,-381,-615,-795,-890,-900,-825,-676,-464,-217,41,298,512,677,772,787,738,620,449,239,26,-193,-389,-531,-633,-662,-636,-558,-429,-268,-84,92,250,393,488,539,539,495,400,282,144,-8,-149,-274,-361,-435,-448,-424,-366,-278,-174,-57,66,177,265,337,363,364,330,263,183,83,-24,-122,-207,-275,-309,-314,-287,-232,-158,-65,29,124,201,257,280,263,217,147,59,-35,-123,-178,-208,-201,-154,-89,658,479,320,848,331,-10,-128,-243,-322,-346,-313,-225,-99,53,201,322,409,440,415,345,231,85,-67,-214,-347,-440,-488,-494,-443,-345,-207,-55,120,291,431,525,573,577,516,403,243,58,-149,-347,-517,-634,-688,-687,-617,-479,-282,-58,182,419,608,747,810,792,695,515,290,31,-234,-489,-696,-819,-875,-840,-709,-514,-277,-4,273,511,703,813,849,798,673,482,243,-10,-254,-477,-640,-741,-769,-729,-613,-448,-242,-34,181,369,522,619,652,628,555,437,279,107,-71,-231,-370,-469,-528,-540,-510,-432,-333,-199,-59,77,208,315,399,454,474,450,395,313,203,75,-53,-180,-303,-391,-457,-486,230,-416,-332,-224,-84,69,214,341,441,507,529,501,426,312,171,11,-145,-293,-415,-492,-532,-522,-459,-358,-227,-78,83,222,345,433,475,478,442,361,261,139,14,-114,-220,-299,-360,-384,-379,-346,-285,-210,-124,-33,54,135,205,259,284,300,302,270,225,176,114,43,-31,-104,-174,-230,-282,-308,-320,-309,-273,-220,-149,-68,31,135,232,310,373,408,408,382,318,231,116,-13,-149,-273,-380,-466,-504,-508,-473,-390,-268,-120,32,192,345,468,557,602,593,537,436,286,107,-80,-270,-442,-585,-669,-702,-681,-594,-446,-258,-48,172,382,567,710,788,793,737,602,420,183,811,1118,472,-894,-868,-37,230,488,711,873,958,959,873,711,465,181,-131,-431,-701,-917,-1048,-1090,-1028,-877,-637,-337,4,352,662,921,1108,1186,1158,1020,792,484,126,-245,-599,-899,-1117,-1232,-1247,-1137,-924,-626,-270,107,478,814,1064,1220,1265,1198,1023,761,429,57,-312,-659,-942,-1142,-1239,-1221,-1102,-887,-588,-247,115,459,762,1000,1146,1190,1132,974,736,432,104,-242,-565,-833,-1019,-1120,-1121,-1028,-846,-594,-293,32,354,633,857,1003,1068,1035,916,719,458,160,-138,-430,-673,-863,-972,-995,-940,-800,-592,-344,-69,215,468,683,841,928,934,863,720,517,270,4,-264,-509,-719,-865,-934,-928,-837,-672,-1099,-193,96,366,615,814,932,972,923,786,584,327,29,-266,-545,-778,-926,-996,-976,-856,-669,-413,-111,186,480,723,901,982,983,887,708,461,170,-137,-415,-663,-845,-937,-941,-852,-696,-471,-207,73,335,568,737,829,845,782,645,456,227,-15,-246,-455,-615,-703,-723,-691,-581,-437,-255,-52,139,317,454,555,597,582,525,418,280,119,-40,-201,-332,-422,-479,-491,-461,-383,-282,-160,-21,101,221,310,373,396,388,342,275,180,69,-37,-147,-231,-291,-327,-332,-305,-254,-173,-75,21,117,197,257,292,296,266,206,123,27,-74,-155,-217,-246,-243,-205,-137,-58,33,100,139,-605,-770,-298,824,1126,-262,-256,-194,-83,55,192,307,383,407,363,271,144,-6,-153,-286,-396,-455,-462,-422,-334,-203,-57,101,255,385,472,523,529,475,364,217,51,-131,-314,-464,-576,-633,-635,-564,-438,-256,-58,155,372,557,689,744,739,648,492,288,42,-209,-455,-655,-788,-849,-818,-711,-514,-284,-20,259,509,696,821,870,827,696,501,252,-6,-266,-491,-681,-791,-820,-770,-649,-467,-243,-6,227,430,589,680,710,678,583,437,254,58,-131,-301,-446,-545,-587,-582,-525,-434,-303,-152,2,155,283,385,463,490,488,440,360,256,136,6,-127,-240,-341,-420,-459,-463,-437,-371,-272,-152,-13,-198,250,360,448,504,507,462,379,268,130,-22,-179,-319,-434,-511,-539,-516,-453,-340,-201,-48,115,262,386,470,517,511,458,370,246,105,-34,-173,-288,-373,-421,-435,-411,-352,-276,-175,-64,40,139,223,284,323,338,328,298,247,179,103,32,-49,-123,-178,-229,-271,-294,-295,-282,-244,-196,-131,-56,20,107,183,257,310,351,366,354,310,242,151,36,-78,-193,-297,-382,-443,-468,-456,-398,-313,-188,-49,90,236,366,469,527,547,532,465,354,211,40,-138,-305,-457,-574,-638,-650,-607,-514,-368,-182,13,222,418,582,692,748,739,664,531,348,124,-108,-346,-555,-713,-816,-834,-331
10694,mtk,MTK 7916,4081976411,rx1-tx0,512,-124,193,761,-40,-214,-377,-504,-578,-585,-527,-420,-273,-89,110,299,450,561,611,605,527,394,220,20,-178,-370,-525,-614,-658,-630,-534,-378,-187,33,245,434,584,681,710,661,555,390,182,-46,-265,-471,-630,-733,-769,-724,-614,-439,-218,20,262,482,659,779,831,797,693,524,299,40,-232,-486,-697,-847,-912,-899,-800,-628,-388,-107,191,474,719,898,993,1001,901,716,466,161,-160,-464,-737,-929,-1041,-1047,-955,-771,-510,-215,107,424,702,908,1026,1042,964,807,572,287,-21,-329,-601,-818,-949,-1011,-972,-847,-648,-389,-100,191,463,702,875,974,980,915,763,546,276,-24,-323,-598,-819,231,-1043,-1015,-901,-711,-441,-128,204,511,779,984,1114,1129,1040,848,578,247,-100,-454,-774,-1022,-1179,-1230,-1160,-979,-710,-359,15,397,760,1044,1228,1306,1253,1100,837,475,67,-344,-721,-1046,-1261,-1374,-1356,-1207,-933,-579,-166,263,677,1035,1295,1441,1447,1317,1057,693,250,-214,-683,-1086,-1370,-1535,-1539,-1408,-1123,-713,-225,279,764,1166,1460,1597,1558,1362,1026,575,79,-426,-884,-1244,-1445,-1495,-1400,-1148,-791,-356,102,533,899,1151,1274,1275,1142,886,546,163,-222,-571,-853,-1033,-1096,-1053,-887,-633,-326,18,350,638,837,947,939,809,582,285,-38,-353,-613,-765,-792,-701,-496,-223,62,297,436,-1133,-913,806,722,989,153,-68,-325,-540,-671,-684,-570,-354,-65,240,518,738,854,852,744,532,255,-59,-368,-649,-861,-978,-981,-865,-658,-371,-35,315,643,908,1077,1143,1082,903,624,259,-134,-526,-876,-1143,-1290,-1297,-1176,-924,-570,-143,307,734,1090,1331,1447,1417,1229,906,484,12,-466,-901,-1255,-1477,-1547,-1471,-1233,-869,-407,89,579,1014,1337,1530,1571,1464,1196,821,354,-153,-626,-1043,-1350,-1518,-1531,-1397,-1135,-744,-297,168,609,998,1284,1430,1439,1316,1064,720,316,-120,-530,-889,-1155,-1317,-1353,-1249,-1042,-736,-373,12,409,759,1040,1217,1269,1218,1060,804,464,105,-275,-622,-915,-1119,-1219,-1213,-1099,-878,-580,-49,125,488,803,1049,1208,1250,1178,1003,727,387,10,-379,-743,-1032,-1239,-1316,-1283,-1135,-857,-507,-98,324,720,1053,1283,1393,1370,1209,924,549,124,-323,-734,-1068,-1303,-1415,-1366,-1204,-927,-546,-119,323,715,1034,1257,1350,1300,1141,857,504,109,-292,-658,-949,-1145,-1219,-1174,-1017,-787,-475,-127,227,549,798,971,1057,1039,915,719,468,173,-129,-418,-658,-835,-921,-918,-845,-683,-459,-209,66,335,554,726,825,838,776,637,435,204,-46,-292,-498,-652,-747,-763,-699,-569,-380,-161,72,297,479,605,685,680,609,479,302,99,-120,-320,-478,-581,-629,-606,-527,-399,-223,-22,172,342,479,566,-775,-300,289,-1182,-928,-573,-534,-442,-299,-122,72,259,416,535,596,595,526,405,243,56,-143,-328,-477,-586,-631,-611,-530,-379,-200,-3,208,400,550,644,677,635,533,378,182,-42,-262,-455,-612,-708,-727,-686,-579,-410,-201,39,272,480,650,755,793,756,645,474,253,3,-254,-487,-678,-808,-871,-848,-743,-571,-339,-71,203,469,694,863,954,950,862,679,437,138,-175,-484,-731,-921,-1027,-1031,-941,-755,-498,-193,138,449,729,923,1032,1054,973,791,539,239,-80,-382,-650,-861,-984,-1027,-971,-829,-604,-343,-47,262,536,767,920,988,970,875,703,469,190,-102,-387,-642,-834,-966,-1010,-966,-834,-625,-568,-57,258,547,798,983,1076,1073,969,782,520,200,-149,-486,-787,-1017,-1150,-1179,-1108,-921,-647,-311,67,437,768,1036,1210,1263,1214,1045,769,422,28,-373,-730,-1046,-1260,-1346,-1306,-1152,-881,-520,-123,304,702,1044,1283,1411,1398,1259,998,643,221,-232,-673,-1053,-1337,-1489,-1499,-1376,-1097,-718,-256,234,709,1124,1421,1570,1564,1400,1096,671,169,-355,-821,-1219,-1469,-1568,-1504,-1279,-915,-455,20,499,910,1212,1379,1392,1271,1019,662,258,-162,-558,-882,-1098,-1192,-1164,-1014,-759,-430,-76,280,599,834,981,1016,942,754,488,180,-157,-466,-710,-854,-884,-795,-589,-302,11,303,533,647,634,499,298,-156,-710,-321,-768,-314,-471,-546,-500,-340,-95,196,473,685,789,767,640,417,124,-190,-487,-729,-877,-920,-861,-700,-450,-136,202,522,783,972,1051,1021,875,633,314,-49,-424,-764,-1031,-1191,-1224,-1135,-925,-602,-196,225,636,987,1244,1380,1364,1209,918,529,81,-389,-832,-1188,-1427,-1517,-1449,-1230,-883,-436,32,521,959,1300,1505,1554,1461,1214,833,379,-121,-600,-1026,-1337,-1535,-1559,-1435,-1167,-783,-326,167,625,1030,1324,1476,1485,1357,1099,728,292,-156,-581,-952,-1213,-1376,-1397,-1287,-1051,-727,-345,72,480,828,1100,1252,1298,1227,1038,768,417,38,-344,-691,-978,-1163,-1241,-1214,-1072,-836,-520,-164,204,556,860,1085,425,1225,1134,935,658,312,-66,-441,-771,-1038,-1206,-1278,-1237,-1068,-802,-456,-57,337,723,1038,1249,1360,1329,1180,900,540,121,-312,-730,-1070,-1304,-1414,-1390,-1218,-934,-554,-113,330,724,1066,1297,1396,1351,1172,893,525,104,-305,-687,-1001,-1201,-1288,-1247,-1085,-821,-483,-105,273,600,872,1058,1135,1108,967,746,476,156,-173,-478,-721,-896,-980,-976,-882,-711,-466,-185,101,372,607,769,860,881,805,656,456,206,-54,-304,-526,-692,-778,-802,-737,-604,-418,-192,50,281,478,628,708,721,654,517,345,132,-96,-298,-470,-596,-656,-650,-566,-428,-254,-60,142,323,478,582,611,580,491,356,174,-762,-1038
10695,mtk,MTK 7916,4081976411,rx1-tx1,512,0,0,0,534,564,459,245,-36,-320,-523,-603,-539,-343,-63,234,480,619,609,451,189,-123,-411,-604,-654,-545,-305,2,314,554,664,609,413,120,-204,-484,-648,-643,-495,-236,94,406,611,664,561,327,13,-315,-563,-668,-615,-412,-106,236,520,666,653,486,198,-154,-472,-672,-715,-583,-304,53,404,667,769,688,435,74,-307,-623,-799,-789,-582,-235,166,535,782,853,723,417,13,-396,-722,-887,-847,-608,-222,218,609,855,906,750,420,-2,-416,-740,-898,-849,-603,-222,202,571,811,866,720,409,10,-384,-681,-813,-758,-541,-195,196,524,719,743,599,311,-39,-373,-621,-707,-632,-413,0,244,524,672,649,474,193,-135,-432,-625,-675,-558,-296,27,344,588,692,637,432,118,-224,-518,-692,-709,-564,-284,62,391,628,731,669,464,153,-192,-491,-679,-705,-579,-331,-7,311,550,652,620,445,176,-122,-386,-550,-575,-475,-271,-8,243,426,497,446,288,64,-164,-340,-429,-413,-291,-98,117,305,412,416,324,139,-85,-287,-421,-458,-389,-231,-12,220,400,496,474,340,133,-97,-300,-443,-491,-428,-272,-60,168,349,449,445,349,178,-25,-210,-350,-412,-381,-265,-93,87,248,349,369,314,196,29,-140,-281,-361,-366,-301,-182,-32,110,232,317,339,307,236,142,44,0,0,0,0,0,-240,-319,-357,-346,-277,-152,15,201,370,492,536,486,339,131,-114,-356,-536,-624,-596,-446,-201,92,385,600,709,682,499,208,-126,-454,-695,-792,-732,-521,-185,202,555,802,880,775,503,108,-312,-677,-905,-948,-788,-457,-30,415,774,960,955,749,372,-93,-528,-844,-980,-905,-627,-220,230,631,879,934,785,454,20,-411,-748,-912,-863,-618,-238,193,576,826,884,741,431,20,-393,-715,-872,-819,-583,-213,203,564,801,856,703,383,-23,-419,-713,-834,-766,-528,-156,257,607,814,831,652,324,-84,-477,-755,-854,-763,-485,-90,325,671,859,849,649,292,-146,-548,-822,-912,-795,0,-56,378,733,934,918,680,287,-175,-593,-881,-972,-840,-509,-69,389,760,958,940,703,298,-178,-604,-895,-978,-837,-506,-56,402,773,962,916,674,272,-199,-613,-882,-950,-791,-451,-18,431,789,941,865,592,193,-250,-637,-873,-901,-714,-364,64,483,779,891,791,500,96,-328,-665,-842,-815,-597,-241,167,532,765,808,665,370,-11,-389,-673,-797,-728,-487,-137,243,560,739,748,576,276,-86,-423,-650,-713,-613,-375,-51,274,531,647,602,426,149,-159,-418,-570,-573,-442,-210,74,338,502,545,451,244,-18,-276,-460,-524,-464,-290,-40,224,431,525,491,332,90,-170,-391,-519,0,0,0,0,0,-186,92,352,529,585,502,293,11,-276,-500,-608,-571,-399,-128,175,443,610,631,504,249,-67,-364,-579,-659,-586,-367,-58,261,518,655,633,457,171,-159,-448,-629,-663,-533,-280,37,353,587,673,593,372,59,-271,-534,-666,-633,-440,-139,197,487,659,679,533,242,-112,-443,-677,-750,-633,-361,3,368,652,792,746,511,154,-244,-592,-802,-824,-658,-330,86,483,770,876,786,517,116,-315,-667,-872,-879,-678,-318,118,523,807,915,812,517,107,-314,-664,-869,-874,-671,-315,98,472,742,844,745,476,107,-284,-599,-772,-766,-580,-264,103,445,679,740,623,365,28,-311,-565,0,-644,-446,-141,190,472,638,652,509,246,-88,-399,-611,-679,-588,-363,-42,288,546,701,688,499,206,-135,-453,-665,-728,-625,-380,-56,287,568,716,704,524,240,-89,-403,-622,-693,-606,-398,-107,205,459,602,596,460,228,-53,-311,-483,-538,-466,-275,-33,200,379,457,422,291,90,-136,-325,-424,-410,-300,-113,114,312,427,442,349,180,-40,-259,-423,-478,-424,-279,-67,163,361,470,484,389,202,-21,-233,-398,-474,-442,-317,-122,96,280,394,431,371,228,36,-157,-303,-383,-384,-297,-143,34,194,315,368,338,240,99,-61,-211,-315,-357,-342,-274,-161,-26,102,199,256,265,0,0,0,0,0,165,78,-38,-179,-313,-415,-462,-441,-341,-173,43,264,446,562,582,491,299,49,-221,-473,-637,-671,-570,-357,-62,256,533,710,747,621,361,22,-338,-639,-813,-823,-648,-329,58,445,754,914,877,653,289,-151,-566,-860,-972,-884,-614,-204,251,658,925,987,847,516,73,-383,-753,-951,-935,-726,-353,97,518,825,938,834,543,135,-298,-659,-873,-889,-692,-334,88,484,771,881,790,509,111,-306,-644,-840,-845,-647,-300,105,484,753,845,742,458,67,-340,-663,-832,-805,-589,-240,167,537,780,845,715,405,-2,-403,-710,-854,-806,-564,-189,236,608,840,889,729,389,-46,-470,0,-935,-859,-586,-176,275,671,921,959,766,399,-49,-497,-836,-973,-899,-624,-189,293,697,946,973,774,410,-45,-503,-841,-980,-890,-595,-177,285,690,928,946,742,365,-94,-525,-833,-948,-830,-524,-96,354,718,912,888,663,283,-170,-562,-823,-893,-749,-433,-14,399,717,870,811,551,170,-243,-598,-810,-827,-641,-304,95,466,722,806,705,436,64,-319,-618,-773,-745,-541,-212,157,486,696,732,597,334,-8,-340,-580,-682,-623,-409,-107,209,467,606,594,439,182,-120,-376,-532,-562,-450,-222,47,296,474,536,458,266,8,-247,-439,-525,-476,-311,-67,192,402,515,503,357,120,0,0
10696,mtk,MTK 7916,4081976411,rx2-tx0,512,0,0,0,-438,-400,-265,-68,151,347,458,454,338,136,-101,-318,-464,-497,-411,-219,33,281,464,535,478,299,44,-221,-442,-561,-540,-384,-134,154,411,575,599,475,243,-53,-354,-568,-646,-565,-347,-41,282,543,673,637,444,145,-193,-496,-679,-698,-550,-260,96,442,685,761,652,386,20,-367,-673,-819,-768,-533,-163,256,617,841,873,697,349,-91,-514,-822,-935,-840,-545,-109,353,735,955,956,729,327,-152,-594,-899,-999,-873,-540,-79,399,791,1002,969,715,302,-181,-624,-917,-1002,-858,-513,-51,418,788,973,932,675,266,-201,-617,-886,-954,-790,-440,0,440,770,912,845,580,175,0,-649,-870,-882,-689,-337,99,512,807,906,786,484,67,-367,-719,-905,-876,-640,-253,198,607,878,946,796,458,4,-453,-807,-974,-922,-656,-234,248,671,946,1008,836,468,-14,-488,-849,-1019,-967,-688,-251,243,684,961,1027,858,494,14,-471,-849,-1035,-981,-712,-289,205,659,963,1039,882,535,75,-407,-800,-1002,-978,-750,-358,114,553,859,971,869,576,164,-273,-641,-861,-886,-720,-402,2,395,685,820,775,564,233,-144,-473,-689,-754,-652,-413,-91,239,514,672,681,545,298,2,-290,-518,-635,-618,-477,-247,26,285,479,580,574,472,292,74,-137,-316,-433,-471,-436,-348,-226,0,0,0,0,0,130,278,405,490,511,447,296,80,-168,-403,-579,-658,-614,-449,-192,120,420,641,748,707,510,196,-168,-515,-771,-866,-774,-519,-143,288,675,930,989,836,497,37,-450,-858,-1097,-1102,-863,-436,107,646,1051,1240,1171,850,337,-272,-837,-1219,-1351,-1202,-779,-173,469,1012,1350,1398,1140,634,-15,-662,-1162,-1416,-1367,-1017,-444,225,836,1263,1410,1244,813,210,-443,-993,-1312,-1342,-1073,-562,58,655,1105,1304,1201,831,287,-312,-836,-1167,-1225,-1005,-563,-2,551,963,1156,1090,775,286,-262,-736,-1030,-1092,-906,-514,-10,485,857,1032,965,673,232,-257,-677,-936,-973,-787,-422,42,483,808,943,0,563,144,-307,-682,-888,-883,-674,-311,118,520,803,890,764,462,56,-360,-689,-858,-821,-590,-222,190,560,791,832,682,376,-22,-408,-697,-817,-746,-499,-137,250,568,751,755,582,270,-99,-437,-667,-732,-620,-365,-36,297,555,673,628,432,135,-193,-462,-614,-615,-467,-212,91,371,553,593,487,265,-17,-292,-490,-561,-496,-313,-57,210,423,526,492,345,110,-152,-372,-494,-497,-377,-162,88,316,463,490,395,209,-26,-260,-419,-475,-420,-260,-39,189,373,459,433,301,97,-127,-315,-419,-426,-323,-140,71,260,389,416,335,172,-35,-229,-367,-409,-346,-195,3,202,351,408,0,0,0,0,0,34,-178,-349,-442,-424,-302,-107,134,344,462,473,375,179,-70,-303,-464,-519,-444,-255,1,259,452,547,510,347,95,-188,-430,-564,-570,-441,-194,103,380,572,624,521,289,-11,-312,-552,-660,-602,-397,-90,244,520,677,673,495,193,-151,-469,-693,-739,-596,-317,42,406,680,793,711,457,84,-313,-649,-837,-821,-609,-252,176,571,834,909,773,448,12,-442,-787,-949,-899,-640,-223,254,674,941,992,810,436,-41,-506,-858,-1012,-932,-642,-200,295,708,955,994,801,417,-64,-522,-858,-998,-902,-598,-164,303,700,938,948,734,361,-93,-523,-830,-939,-825,-519,-93,349,706,889,0,631,252,-189,-583,-830,-885,-736,-412,12,443,767,908,834,567,162,-289,-671,-898,-918,-722,-354,94,533,853,972,862,550,114,-355,-751,-974,-975,-754,-356,124,580,904,1024,911,586,121,-368,-765,-1003,-1008,-780,-380,116,581,918,1038,924,602,143,-348,-756,-992,-1014,-801,-405,78,540,883,1025,937,639,206,-271,-682,-938,-983,-818,-472,-27,415,762,932,893,661,291,-136,-521,-783,-865,-759,-493,-122,260,573,755,768,615,328,-22,-354,-602,-716,-674,-486,-198,121,408,605,667,587,388,117,-166,-411,-573,-616,-542,-368,-133,120,339,488,550,524,415,254,74,-93,-219,-294,0,0,0,0,0,-368,-325,-229,-69,131,329,491,590,591,482,279,15,-266,-511,-667,-698,-593,-359,-40,302,591,767,788,645,360,-17,-410,-730,-904,-892,-683,-310,142,579,911,1052,974,682,227,-290,-764,-1096,-1194,-1031,-641,-104,469,957,1253,1283,1031,551,-60,-672,-1146,-1379,-1315,-969,-415,240,855,1280,1428,1269,837,225,-441,-1017,-1364,-1413,-1153,-645,3,643,1144,1391,1314,951,393,-247,-827,-1219,-1333,-1147,-710,-126,483,980,1245,1221,929,438,-150,-699,-1080,-1202,-1051,-676,-149,405,857,1103,1097,843,402,-126,-617,-957,-1075,-943,-594,-118,374,772,990,980,739,333,-141,-579,-877,-965,-827,-493,-54,0,746,913,867,621,230,-217,-605,-849,-891,-726,-393,31,440,741,872,798,527,135,-280,-627,-826,-828,-639,-302,107,486,748,829,713,433,56,-334,-640,-791,-757,-545,-209,172,505,709,741,605,326,-30,-370,-614,-709,-634,-411,-91,241,506,645,625,450,172,-133,-410,-583,-605,-480,-240,55,326,513,573,489,289,21,-253,-457,-542,-498,-333,-85,181,398,512,493,352,133,-117,-336,-476,-494,-388,-193,51,282,437,479,409,238,3,-226,-397,-470,-427,-281,-69,155,339,439,429,313,125,-95,-286,-401,-417,-332,-157,54,244,370,410,342,183,-17,-214,-351,-402,-355,-212,-16,0,0
10697,mtk,MTK 7916,4081976411,rx2-tx1,512,0,0,0,192,146,73,-11,-93,-149,-167,-147,-96,-21,55,111,140,141,111,52,-17,-74,-114,-127,-116,-80,-27,28,74,114,131,114,74,28,-23,-74,-113,-133,-125,-95,-51,2,57,103,136,146,131,87,26,-43,-118,-165,-184,-178,-131,-57,37,132,204,243,236,170,64,-51,-170,-266,-307,-286,-206,-71,81,226,337,373,328,214,48,-133,-293,-397,-418,-340,-196,-10,196,368,463,459,343,157,-67,-283,-433,-487,-451,-315,-94,147,358,486,506,420,242,7,-227,-411,-510,-494,-368,-154,95,316,456,497,428,263,34,-203,-394,-493,-474,-341,-133,107,322,464,494,405,224,0,-269,-445,-515,-470,-315,-84,168,394,535,549,429,208,-63,-336,-533,-607,-546,-363,-86,218,477,630,648,524,266,-62,-372,-600,-708,-655,-439,-118,223,524,709,739,611,337,-31,-392,-671,-809,-762,-538,-195,196,551,797,868,744,443,48,-365,-716,-904,-888,-694,-340,100,524,823,949,871,617,224,-230,-628,-888,-967,-833,-518,-98,332,698,918,926,737,401,-14,-421,-733,-890,-857,-646,-305,98,467,727,830,756,527,192,-176,-504,-723,-778,-669,-436,-121,212,498,677,714,609,383,83,-218,-462,-614,-650,-561,-373,-129,137,368,515,573,543,428,259,69,-111,-248,-327,-344,0,0,0,0,0,137,172,188,174,125,54,-35,-138,-224,-274,-282,-243,-155,-34,100,230,324,353,314,218,67,-111,-275,-389,-435,-393,-262,-67,150,350,490,533,465,295,54,-218,-462,-618,-651,-552,-329,-32,289,572,737,764,635,363,9,-361,-668,-844,-863,-705,-381,32,435,760,939,923,718,364,-79,-506,-822,-983,-946,-702,-304,153,572,875,994,901,622,209,-246,-649,-914,-975,-826,-509,-87,360,723,919,917,720,364,-69,-483,-783,-909,-842,-590,-201,232,591,816,875,745,439,32,-371,-684,-855,-831,-616,-273,125,501,763,843,747,487,112,-277,-600,-795,-805,-633,-314,67,432,696,0,725,483,129,-250,-565,-751,-772,-615,-316,49,403,667,774,703,472,136,-234,-554,-748,-769,-612,-313,57,406,670,783,713,480,137,-238,-561,-760,-788,-637,-347,26,401,688,816,753,517,179,-199,-535,-748,-788,-660,-385,-31,340,624,761,730,541,230,-124,-440,-658,-723,-624,-387,-71,258,520,660,656,491,215,-91,-374,-562,-612,-533,-342,-64,225,445,563,553,417,191,-77,-318,-480,-529,-456,-286,-53,190,379,474,465,356,172,-49,-253,-393,-433,-378,-248,-61,133,281,364,367,282,139,-29,-182,-294,-337,-298,-196,-56,89,209,274,277,215,112,-9,-126,-208,-237,-210,0,0,0,0,0,34,120,174,183,151,84,-2,-74,-122,-148,-143,-100,-33,38,95,125,131,108,62,3,-55,-105,-130,-126,-102,-57,0,55,98,123,123,99,54,5,-41,-83,-121,-133,-122,-87,-34,21,77,132,167,163,131,80,6,-86,-161,-199,-212,-192,-113,-4,102,196,260,275,232,134,6,-135,-255,-326,-333,-263,-136,23,189,320,390,378,285,126,-66,-258,-393,-439,-403,-285,-86,138,332,461,491,413,244,22,-220,-408,-499,-489,-377,-176,68,287,450,518,468,305,78,-162,-368,-489,-500,-397,-203,32,258,430,503,451,301,84,-156,-360,-483,-490,-377,-174,70,296,445,0,436,262,28,-215,-411,-525,-513,-376,-146,127,370,533,578,490,288,7,-285,-512,-625,-611,-447,-172,144,429,625,680,576,351,34,-305,-576,-713,-704,-535,-235,126,465,703,781,685,431,70,-308,-630,-813,-811,-638,-319,81,474,765,893,823,570,189,-242,-619,-872,-940,-800,-484,-62,375,735,936,939,743,387,-53,-484,-807,-959,-896,-641,-266,167,567,842,933,827,544,157,-252,-604,-821,-861,-721,-426,-47,332,632,790,783,614,321,-24,-361,-619,-740,-712,-536,-258,60,355,574,671,637,480,233,-53,-317,-514,-610,-595,-485,-298,-63,162,343,460,494,459,366,237,98,0,0,0,0,0,-76,-25,38,111,178,227,243,222,159,59,-62,-177,-268,-318,-309,-241,-128,17,176,308,383,376,295,156,-29,-224,-382,-469,-463,-356,-169,67,300,489,589,566,419,182,-107,-388,-610,-723,-675,-486,-193,153,480,725,829,762,544,200,-202,-572,-830,-929,-834,-568,-179,255,649,905,969,836,534,117,-332,-717,-956,-1000,-824,-469,-25,414,774,976,952,727,364,-76,-508,-829,-967,-891,-624,-229,214,607,863,925,784,485,74,-353,-695,-882,-870,-663,-319,94,492,767,873,788,531,150,-256,-602,-817,-842,-676,-376,11,396,687,831,781,560,218,-169,-521,-759,-818,-681,-405,0,332,626,780,756,558,237,-135,-478,-709,-778,-670,-407,-48,312,604,759,731,540,228,-149,-488,-708,-777,-666,-398,-39,331,622,780,761,563,241,-138,-492,-732,-804,-701,-438,-70,306,612,789,788,601,282,-96,-438,-687,-788,-713,-477,-136,229,536,723,741,596,320,-21,-352,-595,-704,-650,-444,-139,179,447,613,635,509,278,-14,-296,-508,-598,-544,-370,-116,155,383,521,551,447,239,-17,-258,-428,-502,-467,-328,-117,115,319,439,451,371,212,5,-190,-336,-407,-386,-272,-107,75,236,336,355,292,171,21,-133,-251,-303,-285,-210,-93,42,161,239,258,220,136,25,-90,0,0
10698,mtk,MTK 7916,4082007212,rx0-tx0,512,575,-979,-927,-441,-247,-44,157,352,517,649,723,754,736,669,555,405,219,19,-184,-380,-560,-706,-800,-833,-806,-727,-591,-403,-173,77,333,561,743,886,942,926,840,681,459,200,-81,-348,-602,-801,-929,-985,-958,-852,-678,-442,-168,100,354,581,757,872,910,892,791,636,432,198,-42,-271,-478,-646,-751,-816,-798,-726,-603,-434,-234,-24,182,379,525,641,696,713,668,574,441,270,90,-100,-276,-424,-542,-621,-645,-617,-543,-429,-283,-124,62,232,380,484,544,574,543,469,360,219,68,-77,-215,-329,-401,-438,-437,-395,-325,-231,-128,-25,82,167,224,268,277,274,248,200,142,85,-588,-44,-83,-116,-142,-155,-151,-138,-110,-87,-57,-17,6,30,53,68,77,67,62,40,24,6,-10,-28,-36,-38,-27,-7,19,36,63,94,113,106,92,60,20,-29,-96,-159,-213,-245,-258,-256,-216,-149,-56,63,171,279,373,433,455,427,358,244,95,-61,-238,-393,-515,-597,-615,-573,-480,-323,-139,61,262,444,585,679,700,662,553,400,190,-28,-240,-432,-586,-681,-716,-689,-589,-441,-246,-31,174,362,521,627,674,656,578,448,279,87,-102,-284,-431,-543,-594,-585,-532,-424,-268,-109,67,238,390,490,542,535,456,334,178,-1,-175,-325,-419,-446,-402,-296,-156,-9,-1030,-1051,-615,-603,-694,301,237,95,-80,-260,-413,-513,-536,-482,-354,-180,22,232,411,551,627,633,568,438,265,56,-160,-361,-529,-651,-697,-676,-586,-440,-252,-32,192,403,567,681,725,690,595,450,249,31,-188,-383,-531,-626,-662,-633,-547,-399,-236,-51,137,287,423,493,521,501,437,343,211,86,-30,-144,-228,-286,-313,-308,-285,-231,-170,-110,-61,-6,39,65,88,92,93,95,91,95,99,106,101,105,116,113,90,67,31,-19,-69,-132,-186,-230,-264,-288,-281,-249,-187,-123,-28,67,172,265,344,403,424,421,380,310,205,75,-69,-209,-337,-454,-539,-571,-563,-506,-411,-261,-93,84,-291,431,567,655,710,697,621,495,326,125,-94,-313,-511,-673,-782,-827,-807,-717,-567,-363,-126,130,378,582,753,862,902,867,758,586,381,136,-112,-347,-558,-731,-853,-909,-890,-810,-677,-490,-259,-4,250,490,702,855,958,979,932,822,631,391,125,-158,-436,-691,-891,-1020,-1071,-1045,-940,-761,-505,-215,104,406,691,919,1075,1150,1136,1029,830,567,262,-76,-393,-689,-928,-1090,-1168,-1143,-1038,-851,-598,-285,30,343,631,866,1030,1107,1097,1003,828,590,309,13,-292,-561,-784,-945,-1021,-1024,-949,-792,-583,-334,-66,209,465,671,824,907,924,874,752,572,370,134,-107,-327,-527,-683,-254,-399,-184,217,343,651,738,769,749,680,563,411,233,41,-162,-358,-524,-652,-739,-777,-761,-699,-583,-416,-211,10,237,444,638,783,872,896,848,725,551,321,53,-210,-465,-693,-865,-968,-982,-923,-787,-578,-326,-47,233,491,708,872,951,947,882,747,554,313,57,-201,-441,-632,-774,-849,-863,-807,-697,-520,-326,-104,125,329,513,652,739,759,735,646,514,352,156,-33,-231,-394,-535,-629,-673,-670,-608,-503,-366,-202,-22,151,312,454,550,610,616,559,468,331,183,18,-151,-292,-412,-488,-516,-500,-448,-354,-235,-112,21,143,239,311,351,365,343,287,222,145,60,-16,-93,-152,-191,-213,321,-202,-168,-131,-92,-50,-5,37,71,89,108,113,100,92,69,54,27,4,-19,-36,-40,-41,-38,-29,-10,10,33,49,50,45,39,19,-14,-56,-97,-137,-156,-173,-170,-145,-100,-35,38,125,216,286,345,360,340,286,190,72,-68,-207,-337,-448,-515,-539,-514,-423,-296,-129,71,258,433,566,642,667,629,522,368,173,-43,-256,-447,-605,-708,-725,-679,-571,-412,-216,-8,211,401,554,663,694,665,581,444,264,62,-145,-330,-479,-582,-627,-619,-553,-439,-283,-98,81,248,403,502,554,560,508,404,250,80,-104,-268,-396,-482,-508,-464,-358,-202,-29,137,261,329,333,-184,-35,-78,-835,-728,-173,-313,-414,-445,-405,-292,-117,87,287,448,553,595,563,458,300,100,-113,-317,-488,-608,-672,-654,-575,-440,-258,-39,181,393,560,677,719,694,595,445,251,22,-201,-396,-561,-672,-707,-678,-577,-426,-243,-42,160,348,483,568,613,583,505,384,225,73,-86,-221,-338,-404,-420,-409,-364,-286,-197,-95,-6,76,138,174,191,205,199,171,139,112,81,63,39,26,14,10,-9,-26,-30,-51,-88,-124,-154,-179,-189,-199,-190,-156,-109,-53,19,104,188,249,305,343,354,338,289,212,108,-7,-127,-248,-350,-436,-484,-499,-470,-405,-303,-163,-12,145,299,446,561,619,636,374,523,382,214,24,-192,-384,-554,-680,-755,-773,-725,-618,-450,-243,-5,232,455,644,786,857,867,787,659,477,249,-2,-255,-487,-670,-807,-891,-898,-836,-708,-530,-311,-68,185,412,623,792,899,937,905,815,655,444,200,-69,-326,-576,-790,-933,-1017,-1026,-952,-797,-579,-314,-29,274,560,820,1003,1105,1120,1051,905,677,397,83,-242,-558,-820,-1018,-1137,-1165,-1095,-944,-713,-426,-105,215,516,779,987,1114,1139,1089,942,721,444,139,-169,-466,-723,-920,-1038,-1077,-1033,-904,-714,-458,-177,108,384,627,812,930,975,952,846,679,464,217,-29,-281,-511,-686,-809,-870,-858,-786,-660,-476,-1146,-1054
10699,mtk,MTK 7916,4082007212,rx0-tx1,512,-196,806,636,841,890,876,787,638,440,188,-76,-339,-589,-797,-943,-1022,-1021,-926,-762,-543,-263,37,343,632,865,1040,1130,1133,1047,876,629,331,2,-340,-659,-916,-1114,-1220,-1223,-1138,-954,-702,-387,-30,316,646,925,1130,1251,1268,1182,1008,751,434,94,-253,-587,-873,-1091,-1224,-1255,-1192,-1035,-804,-506,-172,163,491,782,1007,1157,1214,1171,1045,846,586,280,-50,-362,-654,-884,-1045,-1130,-1130,-1043,-873,-650,-371,-72,231,515,750,924,1032,1072,1023,893,700,461,187,-91,-363,-602,-795,-937,-999,-978,-897,-744,-540,-303,-42,215,461,667,825,919,943,917,800,636,428,173,-83,-337,-576,-764,-895,-430,-956,-874,-727,-526,-275,-2,279,530,745,899,988,991,920,775,564,298,21,-273,-535,-751,-919,-1004,-1001,-918,-770,-551,-285,2,288,542,752,903,974,968,875,708,489,236,-30,-294,-531,-710,-829,-885,-860,-764,-616,-414,-188,48,273,469,621,720,757,728,647,518,352,162,-33,-216,-374,-501,-584,-615,-605,-550,-442,-317,-167,-6,145,280,390,467,502,503,464,387,280,160,33,-94,-205,-298,-366,-401,-409,-380,-333,-253,-154,-48,57,154,239,297,339,351,326,275,211,123,28,-65,-151,-223,-273,-300,-297,-264,-202,-118,-27,64,145,209,246,241,210,151,74,-10,-77,1094,1025,320,-456,-194,-253,-234,-161,-47,82,212,316,382,395,360,278,161,32,-109,-244,-350,-427,-462,-449,-396,-308,-189,-48,103,246,368,465,526,539,514,430,307,156,-14,-190,-361,-507,-604,-665,-663,-596,-486,-328,-126,88,312,503,663,766,800,768,659,495,280,31,-221,-455,-658,-805,-880,-888,-801,-638,-426,-168,96,355,585,752,860,890,842,717,535,307,62,-191,-419,-599,-725,-799,-803,-730,-601,-430,-225,-13,196,381,526,624,676,667,611,516,378,217,41,-123,-275,-402,-494,-540,-555,-524,-458,-358,-241,-110,29,152,264,360,431,470,477,455,398,315,215,105,-18,-149,-261,-358,230,-472,-486,-463,-407,-315,-198,-69,68,203,327,422,484,515,511,456,369,255,115,-31,-173,-304,-411,-487,-520,-508,-464,-378,-261,-133,-3,132,250,343,404,428,433,402,342,263,165,64,-33,-126,-210,-271,-314,-333,-337,-318,-277,-226,-164,-90,-21,57,116,170,222,260,285,294,289,271,232,182,119,49,-26,-104,-181,-254,-308,-352,-365,-362,-338,-282,-213,-113,-7,105,213,310,386,442,468,457,418,350,246,123,-12,-149,-282,-396,-492,-548,-568,-547,-477,-379,-247,-93,76,241,390,518,613,668,667,615,514,371,196,0,-194,-383,-552,-676,-756,-781,-742,-647,-496,-304,-119,-368,472,-1034,-1172,271,29,-222,-462,-667,-835,-944,-964,-921,-796,-603,-362,-92,205,486,722,920,1047,1089,1052,919,710,450,139,-177,-494,-775,-994,-1138,-1193,-1159,-1015,-800,-520,-184,162,498,799,1035,1200,1257,1217,1087,865,570,232,-127,-469,-778,-1030,-1194,-1262,-1239,-1119,-912,-636,-309,40,380,690,950,1135,1222,1220,1130,945,691,386,53,-277,-581,-842,-1035,-1154,-1171,-1108,-963,-743,-473,-169,146,448,706,911,1048,1101,1078,968,786,552,282,-8,-306,-571,-784,-942,-1023,-1026,-958,-817,-625,-383,-106,163,414,642,808,925,967,940,843,685,478,232,-13,-268,-513,-697,-848,-930,-943,-897,-769,-578,-351,-1099,168,428,647,828,943,989,951,840,660,427,158,-125,-398,-643,-844,-966,-1012,-980,-855,-676,-437,-150,140,412,653,849,969,1006,955,831,643,398,124,-158,-427,-651,-818,-914,-934,-883,-751,-565,-344,-90,169,402,593,736,810,819,760,644,482,285,66,-147,-338,-497,-613,-676,-683,-633,-541,-412,-251,-78,90,256,390,482,543,553,527,462,366,240,99,-41,-183,-301,-387,-436,-454,-439,-388,-316,-214,-105,11,122,221,304,353,372,362,328,265,189,98,-8,-107,-186,-252,-301,-319,-310,-273,-214,-133,-46,50,139,214,263,280,270,225,159,69,-22,-101,-165,-197,-193,-151,-575,-726,-298,-202,-398,51,161,262,323,337,300,211,87,-52,-186,-304,-386,-427,-423,-369,-278,-159,-17,125,256,370,452,497,494,447,359,238,88,-67,-225,-375,-490,-568,-595,-581,-512,-391,-237,-58,147,337,503,637,715,732,686,571,413,200,-31,-270,-490,-665,-797,-856,-832,-738,-573,-354,-103,163,420,630,788,876,885,826,687,487,247,-17,-271,-498,-680,-802,-856,-833,-736,-573,-383,-159,83,311,498,639,723,745,710,618,474,304,116,-80,-249,-404,-521,-591,-612,-588,-523,-423,-290,-149,-5,141,273,381,459,507,509,473,413,328,219,102,-22,-147,-263,-357,-420,-461,-478,-455,-397,-319,-198,-100,35,165,285,390,464,508,511,476,404,294,170,28,-123,-267,-381,-469,-518,-527,-496,-428,-328,-199,-53,89,226,342,422,467,481,458,398,310,202,90,-25,-143,-240,-318,-373,-392,-386,-361,-303,-232,-147,-63,21,101,168,220,267,291,301,293,264,239,189,134,68,2,-63,-131,-195,-247,-289,-313,-323,-313,-283,-232,-168,-88,5,91,187,270,343,396,416,415,382,320,231,124,3,-123,-241,-354,-443,-496,-517,-504,-454,-368,-252,-112,34,188,332,454,550,607,621,581,504,385,239,62,-128,-309,-474,-603,-689,-724,-705,-632,-506,-338,-151,62,273,473,636,747,433,335
10700,mtk,MTK 7916,4082007212,rx1-tx0,512,-124,-257,-122,-153,22,202,357,484,571,595,572,501,371,203,20,-167,-339,-483,-579,-622,-613,-547,-431,-270,-83,112,294,454,576,654,673,630,525,376,186,-19,-224,-412,-567,-681,-730,-716,-641,-510,-336,-127,92,317,511,664,768,797,770,678,531,334,97,-144,-373,-585,-746,-849,-883,-846,-734,-569,-352,-97,176,443,673,848,956,981,931,811,612,349,60,-245,-528,-763,-938,-1043,-1055,-982,-829,-596,-316,-12,300,577,811,972,1070,1072,978,808,574,294,-9,-310,-578,-807,-960,-1039,-1039,-956,-799,-577,-315,-33,263,528,753,918,1019,1036,977,833,632,383,94,-194,-473,-724,-918,-1048,231,-1052,-923,-727,-471,-172,144,463,741,962,1104,1172,1140,1013,800,517,189,-159,-507,-804,-1047,-1216,-1271,-1226,-1076,-844,-531,-178,197,565,880,1127,1288,1338,1296,1138,873,536,157,-233,-610,-939,-1191,-1350,-1411,-1342,-1164,-895,-553,-154,267,659,1007,1279,1444,1496,1418,1211,909,518,84,-373,-807,-1169,-1445,-1588,-1585,-1446,-1165,-788,-341,159,620,1040,1362,1563,1606,1502,1256,891,449,-17,-473,-884,-1197,-1396,-1453,-1374,-1178,-873,-503,-97,308,673,955,1145,1219,1186,1035,803,504,165,-184,-495,-757,-943,-1018,-1014,-886,-682,-417,-103,212,502,724,856,881,792,607,335,30,-252,-472,-596,-600,-490,-110,-246,806,403,440,-477,-515,-444,-277,-38,232,484,674,769,759,645,448,189,-95,-374,-617,-806,-900,-898,-812,-632,-377,-84,223,523,769,948,1045,1044,945,748,465,137,-220,-565,-863,-1100,-1228,-1253,-1159,-933,-634,-264,143,551,911,1203,1389,1432,1359,1155,825,433,-14,-475,-882,-1215,-1441,-1546,-1510,-1342,-1035,-630,-182,295,733,1126,1421,1569,1579,1454,1208,842,411,-63,-531,-944,-1269,-1482,-1565,-1515,-1326,-1022,-642,-210,225,655,1015,1277,1430,1461,1366,1162,869,505,99,-295,-679,-983,-1204,-1341,-1350,-1247,-1054,-770,-437,-67,303,654,943,1143,1256,1263,1181,997,739,420,69,-283,-609,-877,-1085,-1202,-1227,-1149,-49,-759,-458,-114,230,571,862,1079,1220,1258,1203,1051,804,493,143,-220,-582,-889,-1133,-1285,-1336,-1277,-1104,-846,-503,-124,279,658,989,1228,1370,1393,1293,1086,783,412,-3,-411,-779,-1081,-1290,-1375,-1345,-1209,-960,-632,-255,134,510,830,1076,1229,1280,1211,1039,790,473,128,-212,-527,-785,-980,-1088,-1102,-1022,-865,-644,-380,-80,202,477,698,849,938,947,874,730,542,312,56,-192,-422,-621,-763,-836,-841,-773,-645,-469,-251,-24,211,418,589,712,768,760,679,544,372,161,-62,-273,-457,-595,-680,-701,-665,-562,-411,-232,-25,165,342,495,595,637,622,551,429,271,93,-90,-267,-418,-532,-306,-83,289,-177,-301,574,595,556,470,346,180,-4,-179,-350,-486,-577,-615,-594,-522,-400,-235,-52,140,325,474,589,642,644,581,470,315,134,-68,-265,-444,-583,-673,-701,-670,-577,-439,-253,-46,165,370,547,679,748,761,707,588,427,219,-8,-238,-453,-632,-768,-834,-830,-767,-639,-448,-222,31,290,522,713,855,927,931,850,695,481,219,-69,-343,-599,-814,-953,-1022,-1007,-898,-714,-476,-189,118,415,681,889,1020,1077,1036,909,706,446,155,-163,-459,-708,-907,-1032,-1073,-1020,-887,-689,-428,-148,149,433,685,876,991,1036,1001,886,705,475,201,-84,-367,-624,-823,-970,-1042,-1029,-948,-783,-557,-283,-568,318,604,835,1012,1104,1120,1043,876,630,337,13,-324,-630,-897,-1096,-1204,-1220,-1128,-939,-686,-360,2,358,691,972,1181,1290,1298,1194,991,706,355,-22,-396,-761,-1053,-1253,-1360,-1356,-1246,-1025,-723,-365,32,444,808,1111,1329,1445,1432,1301,1070,742,347,-82,-518,-907,-1225,-1445,-1545,-1520,-1349,-1066,-679,-224,251,715,1115,1408,1590,1617,1489,1241,869,420,-73,-548,-975,-1303,-1501,-1547,-1458,-1235,-905,-497,-44,389,775,1077,1267,1342,1288,1112,842,505,141,-228,-568,-837,-1027,-1117,-1093,-966,-758,-467,-156,167,474,711,887,961,928,789,562,277,-36,-333,-582,-741,-777,-695,-516,-267,1,222,333,209,-321,-245,29,-71,140,374,556,659,655,542,335,71,-215,-480,-691,-822,-850,-783,-621,-394,-107,180,462,714,890,971,963,860,665,409,100,-228,-549,-830,-1033,-1143,-1151,-1043,-840,-550,-195,179,569,905,1155,1313,1350,1251,1045,737,337,-95,-516,-915,-1223,-1420,-1511,-1444,-1244,-931,-526,-72,395,828,1197,1444,1569,1546,1390,1119,735,277,-189,-640,-1038,-1344,-1530,-1581,-1490,-1267,-944,-531,-81,382,811,1152,1394,1509,1502,1363,1097,751,357,-73,-483,-848,-1135,-1337,-1413,-1372,-1216,-953,-644,-272,129,497,824,1078,1239,1304,1265,1127,889,589,242,-115,-464,-778,-1017,-1181,-1242,-1210,-1076,-862,-583,-257,91,433,425,966,1151,1232,1215,1106,895,629,309,-40,-387,-718,-990,-1180,-1278,-1282,-1175,-970,-685,-337,42,434,783,1074,1273,1369,1354,1221,975,646,266,-143,-541,-889,-1163,-1339,-1398,-1329,-1153,-883,-529,-133,263,639,967,1196,1322,1328,1225,1012,726,387,12,-363,-690,-951,-1128,-1196,-1171,-1043,-836,-564,-252,69,371,638,839,977,1023,989,889,699,470,211,-66,-329,-552,-726,-849,-889,-858,-765,-610,-399,-166,78,311,515,674,773,807,773,673,518,322,98,-129,-342,-516,-649,-723,-729,-675,-560,-397,-201,8,211,400,538,638,670,635,554,424,252,70,-123,-305,-455,-560,-607,-607,-546,-439,-290,-274,-438
10701,mtk,MTK 7916,4082007212,rx1-tx1,512,0,0,0,-615,-543,-329,-29,281,531,645,589,379,64,-273,-536,-665,-628,-432,-120,227,518,673,656,483,175,-187,-492,-675,-689,-515,-213,145,471,671,698,555,258,-111,-439,-656,-704,-571,-283,73,410,648,713,585,307,-53,-400,-645,-726,-604,-320,49,409,653,732,621,343,-31,-404,-678,-771,-662,-380,6,397,695,820,726,440,49,-372,-701,-851,-781,-516,-114,329,688,872,845,605,202,-262,-651,-880,-899,-689,-309,144,566,851,918,762,416,-39,-481,-787,-899,-794,-493,-79,352,693,852,798,551,160,-262,-600,-783,-774,-566,-222,177,516,708,728,569,261,-116,-456,-665,-700,-555,0,101,412,624,678,553,279,-70,-403,-627,-687,-576,-320,30,379,632,727,636,381,30,-332,-620,-758,-708,-481,-128,254,570,746,748,567,248,-133,-478,-701,-751,-624,-346,7,351,610,708,631,406,83,-246,-501,-614,-577,-404,-127,174,416,539,522,374,125,-150,-374,-493,-483,-344,-109,157,375,491,476,339,113,-155,-383,-513,-519,-397,-161,119,370,533,567,460,243,-30,-300,-499,-568,-511,-342,-88,189,413,524,518,390,170,-77,-297,-443,-480,-405,-236,-16,200,364,436,400,275,87,-115,-287,-388,-397,-315,-169,16,199,331,388,370,285,147,-7,-149,-256,-311,-307,-256,0,0,0,0,0,180,75,-49,-191,-331,-434,-468,-420,-292,-98,133,348,513,583,534,378,135,-153,-419,-599,-663,-582,-370,-70,259,541,716,733,577,285,-80,-440,-710,-827,-755,-510,-136,284,645,868,900,719,368,-74,-508,-840,-986,-898,-601,-161,316,724,970,989,777,382,-101,-566,-892,-1011,-890,-551,-83,389,773,972,931,666,242,-238,-656,-909,-930,-735,-365,103,541,841,933,790,449,5,-436,-774,-913,-826,-534,-109,334,690,881,844,595,201,-238,-617,-838,-850,-644,-275,165,555,801,849,683,343,-80,-494,-787,-877,-740,-414,18,445,758,881,789,490,64,-384,-739,-912,-859,-589,-168,0,709,926,914,678,269,-212,-649,-922,-970,-773,-385,97,558,885,995,849,487,8,-471,-840,-1002,-910,-593,-127,370,767,976,940,669,236,-259,-690,-943,-957,-724,-310,178,620,907,962,758,371,-107,-561,-876,-965,-796,-440,23,489,822,943,834,503,45,-417,-758,-912,-842,-549,-112,343,714,894,835,583,180,-278,-660,-867,-847,-609,-228,201,580,822,845,647,293,-129,-515,-765,-814,-653,-335,55,426,687,767,638,355,-8,-366,-615,-697,-598,-351,-19,308,548,640,560,332,24,-287,-507,-595,-527,-310,-12,277,487,569,504,305,19,-278,-499,-581,-505,-293,-1,287,505,589,0,0,0,0,0,17,-294,-538,-638,-570,-356,-49,276,535,662,622,410,95,-246,-527,-670,-646,-456,-150,202,507,675,672,502,194,-166,-480,-671,-695,-541,-237,128,457,659,695,560,277,-86,-428,-651,-702,-576,-293,69,411,648,710,585,314,-48,-403,-653,-723,-610,-337,38,409,669,749,639,361,-22,-409,-690,-795,-695,-414,-17,389,703,835,752,475,75,-348,-702,-871,-822,-564,-160,289,671,882,875,652,262,-197,-613,-873,-911,-721,-358,99,533,828,917,787,454,10,-427,-752,-888,-807,-528,-118,309,649,823,788,553,195,-205,-554,-754,-748,-563,-243,138,480,689,719,560,258,-100,-427,0,-686,-551,-271,82,411,630,680,558,297,-51,-395,-636,-705,-597,-342,11,370,632,734,670,431,75,-302,-603,-757,-728,-520,-191,194,534,737,759,600,296,-72,-417,-654,-738,-639,-379,-41,295,551,663,609,404,110,-203,-451,-579,-557,-391,-132,151,387,519,506,360,117,-151,-375,-494,-476,-335,-108,154,379,506,500,364,133,-138,-382,-532,-551,-431,-201,81,339,512,568,486,285,20,-246,-451,-554,-521,-368,-132,133,355,487,503,402,209,-28,-251,-403,-453,-399,-255,-49,163,329,412,398,290,114,-80,-257,-370,-398,-352,-232,-62,117,264,355,381,334,238,115,-12,-115,0,0,0,0,0,239,322,362,346,263,118,-66,-254,-417,-519,-531,-440,-250,-1,257,475,608,616,487,248,-47,-348,-583,-693,-657,-478,-177,178,500,721,787,670,396,26,-366,-686,-856,-837,-619,-248,191,598,875,953,813,480,34,-424,-792,-979,-949,-701,-288,201,642,933,1003,842,476,-7,-484,-836,-990,-915,-614,-167,315,717,941,940,705,296,-170,-601,-879,-943,-776,-414,46,489,806,923,809,496,63,-384,-728,-890,-839,-573,-157,283,643,855,849,617,229,-206,-592,-830,-854,-661,-302,122,520,791,865,717,380,-56,-470,-770,-875,-755,-450,-26,416,754,901,822,536,101,-359,-724,-916,0,-629,-212,264,679,924,939,719,321,-161,-607,-908,-981,-815,-445,42,515,863,998,883,545,71,-414,-799,-990,-934,-632,-175,320,733,963,948,701,274,-232,-664,-925,-957,-747,-347,137,589,889,959,783,406,-66,-525,-854,-955,-816,-472,-11,450,802,938,834,529,84,-385,-743,-909,-839,-560,-142,312,678,870,838,587,197,-239,-624,-852,-849,-626,-253,172,551,786,821,650,322,-87,-474,-737,-800,-656,-349,30,392,650,731,622,358,9,-330,-574,-657,-573,-348,-26,297,534,623,544,326,23,-280,-502,-585,-517,-306,-13,275,493,577,502,297,18,-273,-501,-583,-504,-297,-18,0,0
10702,mtk,MTK 7916,4082007212,rx2-tx0,512,0,0,0,444,362,179,-55,-281,-440,-481,-392,-202,45,289,457,508,424,227,-33,-291,-474,-536,-454,-245,26,297,492,557,482,274,-11,-298,-511,-590,-515,-305,-11,295,529,624,550,334,25,-292,-544,-654,-588,-369,-47,296,562,687,632,404,64,-301,-599,-735,-678,-448,-94,298,620,786,742,500,129,-287,-643,-836,-813,-582,-189,251,637,874,890,670,277,-190,-623,-901,-955,-770,-386,103,572,901,1011,863,489,-2,-495,-870,-1028,-928,-599,-119,394,807,1011,964,684,231,-281,-720,-978,-996,-761,-342,165,625,921,987,808,422,-60,-521,-854,-969,-830,-483,-24,439,789,930,833,532,0,-381,-741,-912,-849,-572,-152,317,701,899,869,620,209,-259,-666,-904,-910,-686,-289,188,623,902,949,762,383,-104,-569,-890,-993,-852,-494,-4,491,858,1019,928,603,128,-376,-794,-1021,-988,-715,-263,258,716,999,1037,813,390,-127,-617,-954,-1054,-900,-528,-25,485,876,1051,963,640,168,-339,-767,-1019,-1012,-762,-339,168,627,925,1010,845,478,8,-451,-796,-947,-867,-586,-169,272,643,852,856,657,303,-112,-480,-724,-800,-682,-408,-51,316,599,736,693,489,177,-163,-456,-639,-671,-552,-314,-14,283,512,620,594,451,220,-49,-301,-484,-566,-544,-426,-241,-33,151,291,366,375,0,0,0,0,0,-389,-375,-287,-126,84,300,484,600,612,498,273,-14,-310,-557,-698,-692,-533,-250,102,448,699,802,724,476,107,-301,-660,-879,-897,-703,-336,128,581,917,1044,926,589,104,-425,-882,-1143,-1138,-863,-380,210,767,1155,1280,1109,671,62,-574,-1091,-1362,-1312,-954,-369,310,924,1328,1418,1175,653,-19,-695,-1208,-1440,-1332,-905,-265,434,1026,1366,1378,1063,502,-178,-813,-1241,-1368,-1167,-692,-53,597,1085,1305,1208,816,236,-394,-926,-1220,-1206,-902,-385,220,765,1114,1183,963,514,-54,-606,-996,-1129,-982,-599,-73,467,879,1064,982,661,181,-345,-778,-1006,-979,-707,-263,235,672,935,959,742,0,-150,-580,-870,-936,-763,-399,64,511,818,915,784,452,6,-438,-770,-896,-797,-495,-68,368,711,873,812,546,142,-290,-647,-835,-807,-582,-212,217,584,796,801,609,261,-147,-512,-737,-770,-607,-289,95,447,677,726,590,306,-52,-390,-621,-681,-566,-310,31,352,570,639,538,298,-17,-324,-534,-598,-507,-283,12,300,509,572,484,272,-8,-281,-479,-546,-463,-259,8,269,460,522,439,243,-16,-269,-448,-503,-430,-241,16,263,433,488,419,240,-6,-245,-419,-482,-411,-234,-3,228,392,456,395,228,-1,-224,-380,-437,-376,-206,10,220,374,424,360,199,-19,-237,-386,-424,0,0,0,0,0,56,273,422,463,382,193,-51,-284,-449,-495,-408,-215,38,290,466,519,435,234,-29,-291,-485,-548,-465,-266,14,296,498,573,499,287,-6,-298,-515,-601,-531,-322,-21,297,538,636,570,351,30,-302,-557,-672,-610,-383,-53,299,578,708,654,423,77,-302,-604,-754,-709,-475,-104,298,628,807,780,541,154,-280,-642,-856,-859,-628,-230,225,632,891,927,724,331,-152,-600,-907,-986,-817,-441,51,533,887,1017,895,543,51,-448,-837,-1025,-957,-647,-176,337,769,1012,992,727,289,-224,-679,-958,-992,-786,-384,114,577,895,980,817,456,-15,-485,-825,-952,-834,-505,-56,403,757,0,850,546,111,-345,-717,-898,-848,-590,-181,284,679,899,885,645,242,-232,-655,-905,-928,-727,-337,149,603,902,976,803,432,-50,-524,-873,-1010,-892,-546,-61,436,831,1022,959,663,202,-322,-765,-1015,-1021,-771,-330,199,672,979,1047,853,450,-62,-560,-918,-1049,-929,-587,-94,427,835,1039,991,704,249,-268,-715,-980,-1012,-810,-414,77,536,863,983,862,541,101,-358,-717,-900,-867,-628,-243,184,552,786,829,675,359,-29,-398,-667,-768,-689,-451,-108,244,527,683,680,522,248,-73,-368,-580,-656,-581,-381,-110,178,418,566,599,515,330,91,-148,-345,-469,-504,-456,-340,-195,-40,0,0,0,0,0,-64,-229,-382,-495,-534,-477,-325,-100,165,414,595,668,607,413,118,-214,-507,-706,-754,-632,-356,8,382,686,844,814,592,220,-220,-629,-903,-972,-822,-471,11,513,907,1098,1040,735,242,-325,-834,-1157,-1217,-990,-521,78,673,1130,1333,1225,822,219,-441,-1013,-1355,-1378,-1081,-526,168,817,1280,1445,1262,785,124,-565,-1122,-1416,-1363,-990,-389,305,919,1314,1392,1132,607,-57,-701,-1167,-1349,-1200,-761,-144,490,1006,1274,1217,865,318,-303,-846,-1170,-1200,-938,-455,134,684,1058,1158,972,559,11,-532,-935,-1102,-999,-636,-124,400,822,1035,985,689,228,-284,-712,-961,-968,-730,-307,184,621,0,944,746,364,-111,-557,-854,-929,-769,-423,33,477,797,915,799,480,44,-401,-739,-887,-805,-520,-114,324,682,858,809,563,177,-256,-613,-804,-798,-593,-235,180,545,766,789,605,272,-122,-480,-705,-751,-604,-302,72,419,645,702,580,313,-30,-366,-596,-660,-555,-305,21,334,552,620,523,287,-19,-310,-521,-590,-498,-275,12,291,489,559,474,262,-13,-282,-471,-531,-453,-254,6,268,455,516,436,242,-12,-262,-442,-501,-422,-239,6,249,425,485,418,242,-1,-234,-403,-466,-404,-235,-4,227,387,444,388,227,3,-218,-379,-435,-365,-201,11,223,376,423,357,190,-22,0,0
10703,mtk,MTK 7916,4082007212,rx2-tx1,512,0,0,0,-150,-72,22,104,157,174,146,77,-9,-83,-137,-161,-140,-85,-11,65,120,148,136,90,28,-40,-102,-142,-148,-123,-72,-6,58,109,138,136,109,57,-8,-65,-109,-143,-143,-115,-67,-4,58,112,152,165,144,90,14,-66,-137,-189,-207,-184,-119,-20,90,191,248,259,215,112,-19,-149,-261,-320,-306,-221,-82,88,245,348,378,324,189,2,-186,-344,-430,-415,-301,-113,112,318,452,487,402,216,-14,-253,-439,-515,-469,-322,-95,159,378,507,515,399,187,-72,-316,-477,-524,-447,-267,-14,240,435,521,480,320,80,-178,-392,-506,-489,-354,-131,131,365,503,507,383,0,-99,-346,-508,-539,-428,-216,59,331,524,586,494,281,-6,-304,-529,-625,-573,-376,-83,241,516,663,651,478,177,-172,-480,-677,-717,-585,-287,89,435,691,780,673,401,33,-357,-670,-822,-782,-545,-165,259,627,864,879,688,336,-112,-539,-838,-947,-834,-518,-75,390,770,973,943,696,288,-194,-632,-927,-1006,-848,-489,-29,440,814,990,928,661,252,-209,-622,-891,-944,-782,-446,-4,426,744,888,830,588,217,-204,-563,-785,-825,-678,-378,-9,351,634,767,723,524,216,-128,-430,-635,-697,-603,-390,-104,196,451,603,629,533,342,104,-144,-353,-483,-523,-474,-361,-207,-47,101,0,0,0,0,0,-96,-63,-7,64,136,193,223,218,164,71,-39,-145,-240,-292,-280,-209,-88,62,202,306,357,324,214,53,-136,-302,-407,-429,-356,-188,35,258,432,528,506,357,115,-159,-416,-602,-651,-556,-330,-14,316,589,745,738,563,251,-140,-506,-766,-867,-776,-498,-106,318,683,902,915,726,366,-82,-519,-834,-976,-900,-610,-176,289,696,945,971,775,415,-49,-512,-841,-976,-897,-600,-156,316,702,927,932,714,338,-120,-549,-847,-937,-809,-490,-57,392,740,908,862,611,210,-249,-632,-855,-884,-703,-348,80,493,784,880,775,487,71,-358,-688,-849,-805,-576,-209,211,580,799,818,0,322,-87,-465,-734,-823,-703,-411,-26,361,661,794,730,485,120,-267,-590,-770,-750,-547,-211,178,520,736,768,607,296,-95,-463,-710,-783,-669,-390,-13,370,659,790,731,490,126,-272,-596,-770,-765,-574,-244,142,498,722,769,632,340,-31,-388,-645,-737,-655,-422,-79,271,542,679,645,452,156,-163,-445,-615,-623,-476,-220,81,355,537,580,478,261,-18,-283,-476,-547,-480,-298,-39,214,407,499,467,319,100,-139,-333,-437,-435,-327,-137,75,263,382,404,328,177,-11,-189,-314,-358,-311,-193,-31,132,255,311,287,192,58,-84,-199,-261,-258,-182,-66,56,156,217,221,168,0,0,0,0,0,-113,-170,-182,-149,-77,9,89,149,168,141,84,5,-77,-136,-156,-135,-85,-17,59,119,145,145,111,46,-26,-86,-128,-145,-134,-89,-26,34,89,130,139,116,84,34,-30,-95,-131,-146,-143,-109,-48,25,99,155,184,175,134,70,-19,-119,-194,-234,-227,-167,-60,61,180,263,294,269,173,27,-128,-259,-336,-344,-273,-131,45,217,355,415,379,247,54,-159,-341,-448,-454,-353,-168,68,289,446,499,440,278,37,-212,-406,-513,-503,-368,-143,114,351,501,525,426,225,-28,-271,-453,-524,-465,-296,-53,208,413,508,478,330,100,-154,-372,-502,-499,-362,-143,112,348,0,524,399,179,-80,-335,-507,-546,-458,-251,29,317,527,602,531,325,28,-283,-523,-642,-611,-430,-126,215,504,680,690,527,237,-120,-457,-689,-754,-638,-355,23,399,677,797,727,479,98,-312,-652,-844,-831,-613,-243,193,593,857,922,765,416,-31,-473,-815,-970,-893,-607,-177,298,713,962,984,774,388,-86,-545,-874,-1001,-896,-584,-141,335,725,941,942,725,350,-102,-531,-824,-924,-814,-521,-116,311,655,841,828,629,291,-97,-458,-713,-806,-711,-458,-116,238,535,710,722,576,311,-8,-318,-551,-656,-627,-473,-226,56,314,506,593,570,450,259,40,-163,-311,-389,-402,-358,0,0,0,0,0,-103,-145,-171,-177,-149,-85,2,95,186,248,262,228,153,33,-106,-228,-307,-323,-268,-151,3,169,313,386,378,287,116,-86,-282,-430,-483,-423,-269,-45,209,436,569,576,448,210,-84,-377,-608,-708,-647,-436,-120,242,565,773,811,668,372,-14,-408,-730,-893,-854,-620,-241,200,606,882,955,816,498,59,-400,-770,-970,-946,-698,-294,174,605,898,982,842,505,47,-416,-783,-966,-922,-667,-257,209,630,896,947,770,415,-37,-476,-794,-925,-844,-554,-130,315,685,881,871,656,279,-162,-561,-830,-894,-738,-414,9,431,742,874,802,538,142,-283,-638,-834,-826,-621,-273,140,0,767,823,674,361,-33,-409,-691,-808,-720,-453,-75,319,622,771,739,519,163,-230,-560,-750,-759,-584,-256,138,492,721,775,638,343,-32,-409,-692,-794,-701,-442,-71,321,632,787,743,527,185,-209,-551,-760,-776,-600,-289,86,444,689,759,647,383,34,-319,-592,-719,-666,-451,-129,213,488,641,630,466,192,-125,-404,-573,-600,-478,-237,49,313,508,565,478,276,13,-249,-442,-529,-478,-310,-75,170,369,476,456,326,125,-100,-292,-409,-422,-330,-159,44,226,344,374,317,184,5,-165,-285,-331,-295,-190,-46,105,228,291,278,196,70,-65,-176,-237,-239,-183,-80,34,129,0,0
10704,mtk,MTK 7916,4082057693,rx0-tx0,512,575,153,54,-366,-180,20,220,405,546,663,710,714,666,557,414,237,38,-167,-362,-531,-669,-759,-786,-743,-641,-490,-283,-56,187,426,620,773,859,872,811,675,471,224,-45,-310,-546,-747,-879,-921,-890,-781,-603,-355,-95,171,424,628,783,871,872,795,662,473,239,-5,-243,-456,-626,-739,-789,-778,-701,-564,-379,-172,46,258,436,580,670,700,683,608,480,320,134,-61,-247,-411,-533,-620,-645,-613,-538,-420,-270,-97,85,258,403,516,574,592,554,461,330,172,4,-158,-310,-417,-481,-513,-491,-431,-323,-191,-55,79,201,293,365,388,384,344,270,191,97,1,-98,-174,-231,-261,-588,-257,-226,-174,-117,-43,22,73,134,166,188,187,168,152,109,53,3,-39,-78,-103,-123,-126,-101,-76,-52,-8,29,42,64,73,65,45,20,-7,-48,-79,-89,-101,-91,-52,-6,45,103,163,200,217,212,176,122,34,-69,-165,-256,-328,-363,-362,-319,-232,-114,19,164,300,413,479,497,463,375,239,82,-87,-255,-399,-506,-572,-561,-501,-383,-221,-50,135,307,446,544,585,569,496,361,202,22,-157,-318,-445,-526,-555,-523,-438,-322,-167,-1,157,312,417,482,497,467,391,272,119,-40,-191,-322,-418,-472,-454,-392,-276,-127,34,193,315,385,395,330,218,86,-45,299,284,-615,-322,-368,-306,-283,-180,-28,148,310,436,494,475,391,235,49,-146,-324,-470,-559,-576,-533,-422,-262,-75,132,329,485,590,627,599,506,357,170,-38,-237,-422,-557,-638,-648,-589,-470,-310,-112,91,289,452,560,610,600,538,418,253,80,-102,-265,-392,-484,-521,-504,-439,-338,-212,-78,51,171,277,335,365,365,328,266,196,112,28,-50,-108,-159,-198,-219,-223,-210,-188,-162,-123,-90,-41,1,41,75,109,143,170,195,203,200,183,168,123,75,13,-54,-113,-176,-231,-278,-291,-296,-267,-214,-144,-55,35,134,228,306,372,404,403,371,300,199,77,-54,-196,-326,-434,-504,-540,-291,-470,-357,-215,-46,133,303,455,572,645,658,615,512,363,177,-36,-250,-453,-607,-711,-759,-740,-658,-509,-312,-90,146,375,562,711,790,804,756,642,476,260,23,-215,-435,-618,-766,-846,-844,-793,-671,-497,-266,-6,250,493,697,852,937,943,871,724,511,245,-35,-333,-602,-814,-970,-1037,-1028,-924,-732,-468,-163,153,459,732,940,1079,1106,1045,896,655,363,35,-295,-604,-858,-1028,-1111,-1095,-987,-788,-521,-216,115,428,700,912,1035,1067,1009,863,648,372,71,-222,-505,-732,-890,-975,-970,-873,-721,-506,-249,22,284,523,707,824,869,839,753,600,403,169,-64,-283,-483,-636,-22,-137,-184,-346,-399,641,715,737,698,601,468,299,100,-91,-291,-462,-596,-689,-737,-727,-660,-536,-370,-167,56,273,469,641,766,825,823,738,586,389,147,-104,-360,-588,-770,-875,-916,-861,-736,-549,-295,-24,246,495,703,842,894,885,787,626,421,172,-88,-332,-541,-708,-811,-836,-796,-684,-516,-310,-88,136,350,535,667,736,744,687,582,436,246,43,-155,-346,-496,-606,-662,-666,-618,-514,-374,-205,-10,173,335,469,563,613,613,557,452,308,141,-29,-204,-354,-469,-540,-558,-533,-454,-328,-190,-35,117,256,367,431,452,440,385,305,196,74,-34,-151,-239,-299,-331,-330,-299,-244,-179,-106,321,52,126,181,218,235,217,199,162,114,58,-6,-53,-95,-136,-154,-157,-145,-120,-89,-47,3,43,58,81,96,78,62,44,8,-26,-52,-64,-69,-65,-33,-4,34,87,125,146,152,144,107,44,-23,-105,-173,-238,-285,-293,-269,-216,-123,-12,112,233,338,407,437,421,357,251,104,-54,-215,-359,-468,-531,-543,-495,-392,-255,-79,112,281,438,529,575,569,502,385,225,39,-146,-320,-455,-539,-576,-549,-469,-342,-186,-17,155,302,422,504,520,496,418,292,150,-10,-163,-304,-413,-473,-479,-441,-352,-226,-65,101,246,364,430,437,388,277,139,-20,-166,-264,-308,-285,-77,-161,-78,-234,-132,72,214,340,410,412,336,201,16,-172,-348,-477,-537,-529,-454,-317,-137,58,247,418,533,598,598,524,392,215,11,-196,-384,-530,-618,-643,-601,-496,-334,-142,67,267,441,573,643,642,582,458,287,92,-105,-282,-434,-526,-569,-558,-487,-373,-233,-64,91,230,340,412,447,437,393,305,203,98,-14,-115,-191,-245,-279,-290,-271,-236,-197,-142,-79,-18,36,75,115,141,165,185,181,175,158,144,115,83,39,-10,-56,-91,-138,-189,-219,-247,-245,-232,-201,-151,-81,-3,77,164,234,294,330,346,339,289,222,131,20,-96,-213,-322,-405,-456,-474,-449,-379,-273,-141,5,374,320,444,542,593,595,540,440,289,109,-92,-286,-461,-599,-688,-717,-686,-591,-433,-236,-12,213,424,598,719,782,784,708,569,383,154,-75,-304,-509,-676,-789,-827,-802,-711,-569,-378,-134,106,344,558,735,858,899,872,767,601,381,124,-149,-414,-652,-840,-959,-995,-957,-816,-620,-362,-67,238,535,789,975,1075,1079,995,812,568,269,-62,-376,-675,-905,-1058,-1120,-1084,-952,-723,-438,-120,205,513,782,975,1081,1095,1004,832,588,293,-21,-327,-602,-817,-966,-1020,-991,-881,-681,-436,-159,135,401,624,802,904,923,871,741,551,323,71,-177,-406,-598,-736,-809,-809,-752,-631,-456,-379,-364
10705,mtk,MTK 7916,4082057693,rx0-tx1,512,-196,-908,-888,815,841,803,696,515,296,34,-229,-482,-707,-865,-956,-965,-894,-741,-514,-244,55,360,630,857,1013,1078,1053,935,728,459,147,-187,-503,-786,-1004,-1134,-1168,-1100,-932,-684,-369,-20,340,656,932,1120,1215,1201,1083,880,591,256,-106,-462,-770,-1011,-1166,-1225,-1178,-1027,-800,-497,-154,204,538,825,1039,1171,1201,1125,957,708,407,71,-265,-579,-833,-1025,-1128,-1137,-1044,-864,-620,-339,-18,297,582,817,976,1059,1062,970,802,568,295,-11,-304,-565,-784,-938,-1008,-998,-906,-751,-519,-249,29,298,555,754,892,959,951,861,699,491,240,-30,-301,-547,-748,-884,-949,-946,-855,-691,-474,-209,-430,347,598,793,935,988,964,855,658,406,123,-174,-456,-702,-895,-998,-1017,-945,-782,-552,-275,33,332,595,809,952,1009,970,845,644,384,93,-203,-480,-712,-869,-949,-937,-838,-674,-455,-188,81,339,557,724,817,838,792,661,487,279,43,-180,-386,-554,-663,-712,-693,-624,-499,-342,-151,38,225,379,497,565,587,562,491,379,239,81,-76,-220,-343,-423,-477,-484,-453,-378,-279,-159,-31,94,209,308,369,391,388,354,289,203,98,-9,-117,-203,-269,-320,-334,-323,-290,-223,-133,-37,63,154,225,280,300,291,255,182,95,-5,-104,-185,-240,-256,-245,-192,-115,-25,56,116,-564,-731,320,876,1118,245,239,177,77,-51,-175,-287,-362,-376,-348,-271,-160,-24,113,237,345,411,439,419,356,258,127,-19,-160,-295,-402,-476,-509,-491,-432,-325,-184,-9,162,325,467,570,622,618,556,438,268,72,-144,-355,-534,-679,-762,-764,-694,-559,-363,-121,137,389,604,771,862,872,789,638,416,143,-137,-403,-634,-801,-892,-898,-811,-648,-435,-179,93,359,579,743,837,843,773,650,445,213,-20,-263,-465,-618,-716,-756,-723,-617,-469,-290,-89,114,304,458,563,621,629,590,492,353,204,41,-121,-270,-395,-484,-532,-535,-498,-428,-321,-196,-59,86,220,339,424,473,496,480,420,331,230,93,-48,-188,-316,-414,-486,-513,-497,-451,-350,-230,-94,64,208,337,441,504,524,501,427,326,200,57,-100,-234,-353,-440,-484,-491,-446,-373,-272,-152,-18,105,214,306,374,405,403,370,307,229,131,35,-64,-151,-216,-268,-303,-307,-294,-267,-222,-174,-115,-45,19,88,148,196,234,263,281,278,255,223,167,107,36,-45,-138,-215,-276,-329,-359,-363,-334,-282,-211,-116,-4,106,216,306,385,439,451,430,375,285,173,44,-91,-226,-345,-449,-514,-536,-518,-461,-363,-233,-77,90,255,402,514,601,634,612,548,428,270,83,-114,-306,-477,-605,-697,-736,-702,-617,-469,-280,-735,-206,472,-80,150,191,-59,-300,-528,-713,-844,-911,-889,-800,-630,-397,-136,150,422,677,872,994,1033,978,835,622,342,35,-283,-582,-836,-1015,-1112,-1115,-1019,-839,-571,-254,87,428,740,983,1145,1209,1162,1017,788,481,138,-226,-561,-855,-1075,-1201,-1233,-1148,-964,-698,-378,-22,336,661,924,1115,1203,1196,1085,887,611,289,-66,-404,-709,-950,-1108,-1172,-1138,-1007,-797,-527,-212,119,434,711,924,1060,1110,1057,925,716,453,165,-147,-443,-700,-889,-1011,-1049,-993,-861,-662,-406,-126,166,435,674,858,958,980,934,809,613,373,109,-164,-427,-649,-817,-926,-954,-908,-783,-598,-357,-99,175,437,664,841,950,-1099,914,774,574,322,33,-249,-527,-753,-914,-999,-1001,-906,-739,-493,-206,96,395,657,862,991,1028,964,822,605,336,33,-268,-539,-762,-917,-983,-965,-855,-670,-423,-147,145,410,629,798,885,892,820,676,471,233,-15,-262,-482,-641,-748,-781,-749,-653,-495,-303,-91,110,303,462,578,635,635,588,493,359,196,29,-139,-289,-414,-495,-531,-521,-476,-385,-266,-133,16,152,270,362,425,445,425,371,291,180,69,-48,-160,-253,-319,-353,-360,-339,-282,-212,-119,-16,74,164,242,293,314,308,266,206,122,28,-64,-154,-226,-268,-282,-259,-204,-125,-32,61,147,197,211,186,129,-680,-511,-298,-721,-179,-18,-129,-232,-302,-325,-296,-222,-98,39,172,290,372,411,397,345,252,130,-5,-148,-273,-378,-449,-466,-445,-382,-279,-149,7,163,309,432,522,569,551,489,375,227,46,-147,-336,-500,-625,-691,-702,-631,-501,-322,-99,140,370,575,730,812,820,745,598,389,133,-142,-401,-626,-799,-892,-893,-808,-646,-418,-161,117,387,608,772,864,876,801,654,450,202,-66,-306,-523,-693,-776,-803,-755,-629,-460,-258,-35,198,394,539,640,683,676,609,489,326,147,-36,-210,-372,-483,-554,-583,-560,-493,-390,-261,-120,33,179,309,408,472,506,498,452,370,262,137,7,-137,-264,-369,-198,-494,-501,-471,-396,-292,-164,-19,119,257,378,459,515,521,480,400,286,150,5,-150,-289,-401,-479,-520,-504,-448,-364,-240,-104,44,177,291,380,439,455,431,377,297,194,79,-36,-147,-234,-301,-341,-357,-347,-308,-248,-185,-100,-20,51,122,180,220,255,273,275,264,227,184,134,77,11,-63,-128,-193,-246,-283,-309,-318,-298,-253,-198,-126,-32,65,165,251,326,385,408,405,367,297,208,88,-38,-158,-279,-376,-445,-484,-487,-452,-380,-275,-137,9,162,304,430,518,571,576,540,450,331,179,-4,-183,-357,-509,-617,-675,-678,-625,-518,-367,-189,23,235,434,596,698,-845,-1097
10706,mtk,MTK 7916,4082057693,rx1-tx0,512,-124,-1227,-918,-134,38,216,373,485,559,577,532,434,285,110,-66,-248,-400,-516,-586,-586,-532,-424,-275,-103,89,274,431,545,613,620,567,455,297,116,-85,-282,-455,-580,-654,-669,-619,-520,-360,-163,49,264,449,606,705,740,707,610,452,252,22,-211,-427,-613,-748,-816,-807,-725,-573,-367,-132,132,384,603,780,883,907,844,713,505,247,-30,-316,-585,-801,-943,-992,-957,-829,-630,-373,-68,232,514,752,927,1019,1015,921,740,498,211,-93,-399,-659,-865,-986,-1029,-973,-843,-627,-362,-71,234,520,751,925,1015,1017,935,774,544,267,-34,-337,-606,-823,-979,-1049,-1031,-933,-740,-482,-182,231,457,732,957,1096,1141,1085,936,691,386,46,-314,-647,-923,-1120,-1224,-1217,-1093,-869,-559,-203,179,543,869,1116,1266,1306,1224,1029,742,373,-30,-420,-783,-1075,-1280,-1363,-1329,-1167,-905,-565,-157,257,647,984,1240,1379,1401,1291,1065,740,344,-74,-496,-889,-1201,-1413,-1494,-1425,-1238,-923,-533,-72,395,839,1202,1456,1565,1526,1339,1024,587,99,-398,-857,-1227,-1475,-1568,-1497,-1277,-933,-495,-23,445,863,1182,1359,1407,1314,1089,756,359,-53,-451,-788,-1035,-1168,-1184,-1078,-867,-577,-236,112,443,720,919,1005,986,868,655,366,44,-270,-555,-759,-871,-862,-731,-506,-207,102,375,558,631,572,421,-197,-796,806,-589,-167,421,487,453,313,101,-148,-395,-592,-702,-711,-613,-432,-187,86,354,587,753,832,821,716,527,269,-22,-319,-585,-801,-927,-974,-919,-765,-524,-219,118,460,757,996,1136,1163,1067,866,557,200,-191,-582,-926,-1178,-1325,-1344,-1214,-957,-596,-172,278,712,1085,1350,1477,1464,1297,1004,623,159,-319,-772,-1153,-1418,-1534,-1519,-1341,-1031,-631,-158,326,768,1148,1413,1540,1511,1336,1047,665,199,-268,-692,-1061,-1318,-1451,-1449,-1314,-1052,-691,-281,147,555,908,1181,1342,1374,1274,1072,781,411,6,-378,-726,-1011,-1204,-1291,-1263,-1119,-871,-553,-199,183,538,839,1081,1216,1248,1164,968,703,376,16,-348,-49,-936,-1120,-1213,-1206,-1086,-872,-582,-238,125,478,796,1048,1211,1266,1205,1032,772,449,69,-314,-685,-992,-1211,-1318,-1308,-1174,-925,-601,-214,213,598,932,1190,1335,1341,1232,1009,696,309,-104,-504,-846,-1116,-1271,-1307,-1223,-1027,-733,-374,10,391,724,973,1139,1192,1133,972,727,423,88,-249,-553,-789,-958,-1037,-1018,-900,-714,-471,-199,87,361,592,763,860,885,823,706,523,297,46,-201,-417,-601,-727,-781,-771,-691,-546,-359,-140,89,308,490,624,705,713,656,542,376,182,-35,-240,-423,-557,-637,-654,-619,-514,-358,-173,16,213,383,515,589,602,567,468,330,155,-25,-207,-368,-488,-701,-912,289,-288,-877,552,570,534,437,296,132,-53,-230,-388,-503,-566,-578,-538,-432,-292,-108,84,263,420,530,593,602,545,435,286,109,-89,-277,-444,-563,-630,-642,-590,-483,-323,-133,74,275,454,600,680,704,657,557,400,199,-21,-243,-449,-616,-730,-779,-752,-661,-507,-305,-69,172,406,610,763,853,869,792,648,440,189,-88,-355,-600,-798,-916,-953,-913,-781,-577,-310,-15,280,564,785,949,1018,988,876,684,430,134,-171,-464,-714,-898,-1004,-1023,-953,-788,-556,-281,23,321,592,819,955,1020,997,887,702,457,166,-137,-423,-679,-874,-998,-1037,-989,-846,-642,-376,-77,225,523,782,964,1067,-568,1000,837,595,289,-45,-374,-684,-938,-1106,-1181,-1156,-1015,-787,-477,-129,248,600,901,1126,1252,1268,1165,958,649,294,-102,-484,-827,-1103,-1286,-1337,-1272,-1095,-824,-469,-69,343,726,1032,1258,1372,1356,1226,986,649,254,-165,-576,-933,-1219,-1386,-1434,-1365,-1164,-843,-454,0,440,856,1193,1427,1530,1484,1302,989,576,95,-387,-839,-1215,-1477,-1578,-1531,-1328,-992,-563,-72,412,859,1214,1431,1497,1422,1200,853,427,-15,-454,-832,-1120,-1272,-1296,-1196,-970,-662,-298,82,448,755,983,1088,1088,976,774,487,157,-173,-480,-734,-895,-945,-895,-730,-486,-184,143,435,660,775,763,632,407,129,-137,-326,1200,924,-321,-704,-892,132,-58,-286,-479,-597,-619,-536,-353,-107,166,423,628,755,787,719,565,335,65,-219,-482,-705,-850,-907,-859,-729,-504,-230,73,389,672,894,1026,1069,990,811,538,204,-167,-527,-852,-1089,-1221,-1247,-1150,-917,-587,-193,236,654,1010,1273,1405,1404,1265,992,604,159,-315,-761,-1125,-1391,-1521,-1498,-1328,-1020,-612,-149,328,797,1166,1429,1550,1518,1347,1047,637,172,-305,-749,-1116,-1383,-1513,-1479,-1323,-1044,-668,-239,208,638,1007,1268,1398,1408,1286,1062,741,352,-72,-475,-821,-1095,-1275,-1330,-1262,-1092,-822,-480,-103,283,636,929,1134,1248,1251,1129,924,631,282,-83,-445,-757,-1005,-1169,-1229,-1173,425,-776,-474,-134,227,572,866,1088,1212,1227,1140,952,678,343,-26,-398,-745,-1019,-1208,-1292,-1258,-1118,-866,-536,-147,255,642,961,1195,1333,1334,1199,978,659,265,-150,-547,-892,-1154,-1309,-1339,-1236,-1024,-714,-334,61,451,786,1052,1207,1262,1195,1006,731,399,33,-321,-641,-891,-1056,-1113,-1071,-930,-718,-449,-141,172,455,684,851,939,942,861,705,493,250,-16,-269,-491,-674,-788,-833,-797,-696,-537,-329,-99,130,354,535,670,742,747,679,545,372,166,-55,-261,-450,-591,-672,-690,-637,-530,-371,-181,21,222,400,534,609,632,593,492,345,165,-20,-206,-370,-497,-572,-587,-546,-449,-312,630,193
10707,mtk,MTK 7916,4082057693,rx1-tx1,512,0,0,0,-611,-539,-342,-57,245,490,621,601,429,150,-160,-441,-616,-642,-513,-256,63,370,584,657,572,351,39,-286,-544,-660,-618,-426,-129,202,480,635,640,494,218,-118,-421,-610,-656,-538,-288,31,345,578,665,588,356,41,-285,-546,-670,-621,-416,-106,232,518,672,661,489,187,-168,-479,-677,-705,-550,-268,90,430,663,743,644,374,8,-359,-646,-786,-731,-495,-144,246,585,785,796,618,292,-99,-472,-736,-822,-721,-443,-54,341,650,806,779,565,216,-176,-521,-739,-778,-635,-347,14,363,627,733,659,435,115,-228,-516,-664,-639,-472,-190,131,408,586,617,492,246,-56,-339,0,-600,-504,-284,-1,284,504,593,538,354,70,-237,-487,-615,-598,-432,-159,159,441,622,661,539,285,-41,-352,-586,-690,-632,-425,-118,218,496,662,681,539,277,-50,-360,-576,-658,-582,-378,-93,206,446,580,570,420,185,-91,-343,-495,-522,-419,-220,27,268,433,483,413,233,-6,-238,-416,-491,-435,-272,-42,202,410,517,501,357,135,-127,-366,-522,-555,-465,-270,-12,249,453,550,530,391,155,-105,-334,-490,-529,-451,-277,-54,178,365,469,466,354,165,-52,-248,-379,-420,-371,-244,-61,128,285,380,388,311,176,5,-164,-299,-371,-372,-308,-195,-57,83,204,275,291,272,0,0,0,0,0,-83,10,118,239,338,394,395,324,185,3,-186,-355,-471,-501,-435,-289,-75,163,378,526,567,492,304,49,-226,-460,-602,-620,-508,-282,18,320,562,695,678,502,215,-124,-452,-685,-775,-704,-476,-131,252,588,797,843,691,384,-7,-400,-712,-867,-827,-609,-251,163,536,797,877,747,457,63,-347,-679,-851,-828,-618,-266,146,524,782,856,730,440,44,-359,-678,-840,-806,-583,-224,186,541,768,818,683,389,-5,-392,-682,-810,-745,-502,-141,246,560,745,762,591,278,-103,-449,-688,-758,-652,-385,-26,338,620,757,707,485,143,-237,-557,-747,-762,-595,-276,113,469,721,803,0,405,27,-358,-670,-824,-781,-546,-175,230,582,803,834,663,340,-71,-468,-752,-857,-763,-482,-85,331,669,849,825,601,235,-180,-558,-798,-843,-697,-373,48,442,733,851,767,489,88,-329,-667,-844,-821,-592,-226,199,578,804,847,684,350,-64,-466,-753,-850,-739,-462,-72,349,680,838,794,561,189,-231,-583,-795,-819,-643,-311,92,464,718,810,710,438,63,-324,-631,-779,-741,-519,-181,192,509,701,717,564,280,-71,-396,-611,-672,-569,-331,-15,293,523,623,567,361,72,-224,-464,-582,-551,-386,-121,175,424,564,553,407,164,-128,-385,-539,-560,-442,-217,72,344,531,581,0,0,0,0,0,17,-280,-514,-623,-582,-401,-115,206,476,623,621,478,218,-104,-399,-598,-652,-544,-300,16,330,566,662,599,387,78,-250,-516,-659,-638,-458,-166,165,446,621,651,523,254,-75,-379,-593,-663,-568,-330,-10,314,561,665,601,394,80,-260,-534,-675,-639,-449,-151,196,496,670,687,528,232,-122,-454,-674,-724,-595,-319,40,394,656,754,674,427,72,-305,-616,-784,-764,-558,-219,183,540,767,812,667,367,-22,-413,-703,-823,-747,-499,-134,261,589,773,777,598,281,-89,-443,-688,-765,-659,-395,-46,301,570,696,655,454,152,-179,-462,-626,-632,-482,-225,89,384,565,603,500,0,-41,-322,-518,-592,-517,-314,-32,267,496,600,557,377,98,-204,-465,-621,-628,-483,-222,95,400,613,681,588,357,44,-286,-551,-689,-669,-496,-204,125,424,622,675,572,336,31,-277,-514,-624,-589,-417,-148,146,394,536,547,430,211,-61,-306,-460,-498,-417,-233,12,248,420,490,425,251,21,-222,-411,-506,-469,-313,-82,172,392,521,530,415,196,-65,-313,-495,-567,-504,-333,-89,180,400,527,537,429,227,-19,-255,-430,-504,-462,-324,-111,118,306,421,439,358,201,9,-182,-331,-402,-385,-283,-118,68,232,345,386,351,247,92,-71,-212,-311,-355,-338,-269,-168,-57,51,0,0,0,0,0,-248,-295,-300,-255,-157,-21,133,287,404,456,432,327,154,-56,-268,-434,-520,-514,-401,-200,55,309,503,595,562,407,164,-121,-394,-596,-665,-597,-394,-101,225,517,702,735,613,345,-7,-362,-650,-811,-784,-584,-257,133,503,769,862,766,500,125,-278,-632,-849,-869,-696,-366,50,454,749,876,805,550,167,-250,-606,-825,-848,-670,-348,51,447,742,856,771,509,130,-274,-611,-805,-815,-635,-303,88,458,726,821,712,434,65,-314,-620,-777,-752,-551,-209,176,517,726,766,623,333,-36,-399,-662,-765,-682,-434,-86,289,594,755,733,538,207,-173,-517,-733,-781,-643,-342,41,0,706,807,724,469,97,-299,-627,-821,-814,-608,-260,155,537,785,853,723,415,8,-397,-712,-858,-799,-555,-171,259,620,825,832,644,311,-104,-499,-770,-858,-733,-429,-27,385,705,848,785,537,154,-263,-621,-826,-827,-637,-285,140,518,774,848,717,412,8,-398,-713,-845,-772,-515,-133,279,621,813,810,608,252,-161,-524,-766,-828,-688,-382,16,399,679,802,735,482,118,-268,-579,-743,-730,-551,-237,127,449,652,697,573,307,-22,-337,-566,-647,-562,-347,-48,262,491,594,549,371,104,-196,-448,-573,-555,-395,-137,149,396,544,557,430,185,-104,-366,-530,-567,-471,-246,38,0,0
10708,mtk,MTK 7916,4082057693,rx2-tx0,512,0,0,0,469,416,254,26,-211,-402,-494,-459,-311,-84,166,379,503,504,374,145,-121,-356,-506,-534,-427,-211,60,324,506,551,463,262,-11,-287,-491,-574,-519,-331,-51,248,487,600,567,390,111,-204,-469,-618,-612,-454,-173,158,449,640,671,523,242,-102,-429,-655,-723,-604,-332,25,394,674,783,702,449,74,-332,-665,-839,-805,-575,-202,230,616,860,898,716,357,-94,-533,-849,-968,-849,-529,-87,392,780,984,957,701,272,-220,-664,-951,-1012,-834,-455,25,503,868,1024,930,622,171,-325,-738,-973,-979,-754,-347,137,583,887,974,826,486,36,-423,-776,-939,-873,-595,-184,271,653,0,890,678,307,-134,-545,-828,-905,-757,-431,3,438,773,920,838,550,132,-321,-701,-914,-912,-693,-301,176,610,898,976,818,470,11,-462,-835,-1007,-941,-650,-203,291,714,978,1017,811,407,-92,-566,-907,-1038,-931,-603,-127,381,794,1022,1016,767,347,-160,-630,-949,-1056,-913,-556,-81,415,820,1031,1003,748,328,-170,-625,-926,-1010,-879,-551,-98,366,740,939,925,705,330,-113,-522,-802,-889,-781,-503,-114,286,611,785,785,610,307,-56,-403,-648,-740,-670,-454,-147,181,463,638,670,559,332,40,-248,-479,-605,-609,-494,-283,-23,227,422,534,554,478,331,147,-39,-195,-299,-345,0,0,0,0,0,387,341,232,63,-144,-349,-521,-617,-606,-480,-260,24,313,549,692,703,564,300,-39,-386,-657,-793,-764,-570,-243,153,536,810,911,818,539,125,-335,-737,-987,-1025,-836,-454,52,561,957,1151,1097,798,307,-268,-794,-1157,-1273,-1105,-683,-99,521,1035,1324,1325,1031,499,-154,-775,-1228,-1406,-1268,-847,-242,420,997,1348,1389,1117,593,-57,-686,-1164,-1377,-1278,-886,-295,356,922,1268,1318,1062,571,-43,-639,-1084,-1273,-1167,-794,-239,362,868,1172,1195,936,466,-102,-641,-1026,-1168,-1024,-648,-131,416,853,1084,1059,784,328,-195,-663,-971,-1046,-869,-492,-1,484,851,1011,919,613,173,-312,-716,0,-943,-710,-314,153,580,868,941,785,446,-1,-446,-779,-924,-847,-565,-147,296,670,884,882,665,296,-144,-544,-808,-877,-735,-417,-1,412,715,843,769,509,131,-277,-608,-791,-777,-574,-239,153,500,711,754,612,320,-44,-385,-631,-715,-616,-372,-42,291,545,659,609,406,101,-224,-485,-621,-599,-418,-146,153,411,565,573,435,189,-101,-360,-522,-554,-447,-229,45,305,484,533,448,250,-9,-263,-452,-522,-450,-273,-30,220,411,500,458,302,74,-170,-374,-480,-457,-328,-122,119,333,454,458,347,149,-87,-293,-423,-448,-357,-176,55,268,405,440,367,195,-30,-249,-401,-448,0,0,0,0,0,0,226,402,482,441,286,58,-190,-393,-496,-475,-340,-117,142,364,499,518,401,178,-92,-340,-506,-545,-449,-240,36,304,495,567,496,298,20,-269,-490,-588,-541,-359,-78,230,476,601,578,412,138,-176,-460,-629,-640,-494,-214,126,439,649,699,567,289,-67,-412,-664,-755,-653,-382,-17,366,669,809,753,507,135,-286,-652,-855,-852,-647,-277,169,581,866,940,781,444,-4,-467,-832,-988,-908,-617,-179,311,731,977,984,765,365,-131,-594,-919,-1024,-883,-541,-70,410,798,1005,968,692,259,-232,-665,-933,-979,-798,-424,49,498,830,960,855,550,112,-346,-713,-906,-881,-646,0,205,601,852,895,718,365,-75,-502,-807,-910,-794,-488,-58,388,742,921,882,627,214,-251,-657,-908,-942,-757,-383,90,543,869,993,880,558,104,-378,-781,-994,-980,-741,-319,184,644,955,1045,873,500,18,-472,-856,-1041,-978,-692,-239,273,722,996,1042,852,460,-41,-530,-903,-1064,-972,-663,-210,294,733,992,1017,820,447,-26,-495,-842,-994,-921,-635,-220,234,630,872,913,751,419,3,-397,-700,-843,-792,-563,-214,173,509,724,773,650,385,43,-293,-557,-694,-671,-506,-242,71,361,563,647,593,415,162,-118,-363,-532,-596,-549,-401,-186,45,250,403,477,472,398,279,139,0,0,0,0,0,132,287,423,511,527,454,290,61,-195,-434,-609,-674,-612,-430,-151,169,469,685,761,677,443,104,-271,-602,-814,-856,-704,-392,20,448,783,957,928,693,291,-199,-663,-984,-1099,-974,-623,-114,436,894,1165,1191,954,495,-91,-673,-1116,-1312,-1222,-862,-298,348,920,1288,1381,1167,679,43,-606,-1124,-1393,-1346,-997,-428,231,846,1270,1399,1207,751,127,-523,-1047,-1332,-1302,-985,-451,190,786,1190,1308,1129,696,112,-495,-984,-1238,-1195,-875,-361,223,753,1103,1184,985,562,16,-521,-937,-1126,-1051,-726,-238,297,758,1032,1057,833,409,-96,-574,-917,-1032,-896,-554,-90,393,783,976,933,667,0,-234,-647,-899,-938,-749,-384,69,514,826,932,819,507,71,-373,-728,-907,-867,-617,-221,225,608,845,879,703,353,-75,-477,-765,-865,-753,-464,-64,345,669,821,775,545,185,-212,-550,-755,-772,-598,-282,96,443,673,739,621,349,-1,-342,-591,-690,-615,-393,-79,251,510,639,602,416,129,-183,-445,-591,-583,-429,-176,123,385,541,561,443,211,-69,-325,-500,-546,-452,-237,32,283,461,524,455,265,12,-241,-431,-511,-462,-293,-52,196,391,487,463,321,100,-149,-355,-467,-461,-338,-135,102,313,441,456,353,159,-65,-274,-409,-439,-360,-182,42,254,399,439,374,209,-14,0,0
10709,mtk,MTK 7916,4082057693,rx2-tx1,512,0,0,0,-119,-48,34,100,137,141,111,52,-25,-96,-138,-144,-119,-65,11,83,133,150,138,96,28,-51,-113,-147,-151,-125,-75,-6,66,122,150,148,117,66,-1,-64,-108,-140,-142,-115,-73,-19,33,77,122,145,138,108,62,-1,-64,-117,-160,-175,-151,-99,-28,59,149,210,223,201,141,42,-72,-177,-257,-283,-248,-161,-32,113,242,331,345,281,156,-8,-177,-315,-394,-390,-292,-129,68,263,406,459,408,273,71,-154,-344,-463,-482,-389,-208,18,246,421,501,466,325,109,-135,-347,-479,-505,-415,-229,9,248,429,504,460,308,82,-160,-363,-483,-491,-380,-173,79,311,0,522,437,255,10,-242,-445,-545,-513,-357,-106,171,412,568,592,471,234,-61,-350,-563,-651,-586,-381,-74,250,519,679,680,522,244,-104,-441,-674,-749,-657,-406,-57,311,624,794,782,588,252,-154,-523,-782,-870,-763,-473,-66,360,711,911,904,698,332,-117,-553,-869,-984,-880,-588,-166,299,711,973,1008,821,456,-1,-447,-803,-992,-955,-703,-309,149,571,859,960,863,568,154,-283,-651,-869,-898,-739,-418,-12,382,684,836,805,599,276,-96,-444,-679,-768,-699,-487,-183,153,446,641,697,617,420,137,-156,-410,-583,-637,-572,-413,-193,53,271,423,499,498,420,289,144,-2,0,0,0,0,0,99,64,14,-50,-118,-174,-213,-215,-170,-97,-6,104,196,250,262,225,136,12,-120,-238,-310,-315,-251,-132,23,188,318,382,370,272,109,-93,-289,-427,-473,-419,-279,-69,181,408,546,575,484,276,-7,-296,-532,-668,-673,-528,-256,85,422,670,778,729,524,195,-190,-543,-785,-863,-751,-474,-96,308,658,868,880,702,373,-35,-438,-757,-918,-877,-636,-255,183,586,856,933,801,497,90,-345,-703,-897,-900,-704,-340,101,509,801,906,813,534,136,-291,-661,-879,-885,-701,-364,60,470,769,899,823,557,169,-251,-626,-851,-879,-714,-393,18,429,742,872,801,556,188,-221,0,-812,-840,-678,-368,23,412,700,820,755,518,163,-232,-572,-769,-787,-621,-313,67,427,687,790,702,449,91,-290,-595,-759,-748,-563,-244,132,479,708,781,665,391,35,-332,-626,-770,-742,-534,-197,173,496,700,754,634,364,11,-332,-595,-714,-671,-476,-165,174,458,636,667,540,292,-15,-305,-525,-623,-556,-366,-102,184,418,545,546,414,192,-73,-312,-467,-509,-435,-262,-31,202,382,465,434,305,110,-105,-290,-402,-420,-341,-183,15,198,326,366,324,215,58,-112,-242,-312,-313,-238,-108,38,170,254,271,227,128,5,-107,-194,-237,-210,-132,-35,66,147,185,181,130,0,0,0,0,0,-107,-144,-143,-110,-51,24,97,141,146,115,53,-23,-85,-131,-147,-128,-79,-10,66,118,144,145,109,48,-23,-91,-139,-159,-143,-96,-30,37,96,135,148,135,96,41,-16,-70,-113,-134,-132,-109,-67,-9,51,103,140,155,141,102,45,-26,-97,-154,-193,-195,-154,-81,11,116,200,240,236,193,102,-23,-148,-250,-314,-304,-219,-93,59,215,329,376,339,222,58,-124,-294,-407,-426,-355,-202,0,212,384,471,452,336,147,-83,-296,-444,-495,-435,-274,-43,192,380,491,486,368,166,-76,-302,-456,-507,-445,-278,-44,194,396,502,478,344,135,-109,-335,-479,-507,-415,0,38,273,451,528,476,304,56,-215,-438,-557,-546,-406,-163,125,391,573,625,531,309,8,-301,-545,-660,-633,-454,-157,176,476,676,719,594,330,-20,-381,-653,-778,-721,-497,-156,232,585,806,834,672,357,-44,-449,-755,-898,-844,-587,-192,253,646,900,957,800,462,20,-435,-800,-993,-956,-715,-318,160,595,900,1014,899,596,158,-315,-707,-943,-968,-786,-447,-7,432,771,939,897,656,285,-130,-514,-783,-878,-776,-515,-155,234,562,770,809,674,402,52,-299,-574,-721,-718,-572,-309,2,308,537,657,647,505,279,11,-251,-455,-567,-579,-497,-340,-148,50,221,330,375,365,0,0,0,0,0,102,140,167,173,148,96,23,-67,-153,-215,-241,-224,-167,-73,46,164,251,289,270,194,74,-75,-215,-320,-356,-311,-197,-39,142,306,406,418,349,194,-20,-241,-428,-525,-506,-379,-165,97,363,560,631,575,396,119,-195,-480,-682,-738,-636,-393,-52,315,621,797,807,647,343,-47,-433,-733,-872,-825,-605,-257,163,555,826,916,799,512,111,-321,-680,-895,-913,-729,-386,48,477,800,932,858,595,209,-225,-618,-864,-913,-762,-450,-30,400,739,907,865,626,254,-173,-566,-829,-905,-772,-465,-53,369,706,880,859,649,291,-140,-531,-795,-879,-764,-479,-85,324,654,838,827,0,283,-121,-491,-751,-832,-723,-453,-71,325,632,796,775,573,243,-142,-494,-727,-786,-663,-381,-9,350,636,776,728,504,161,-217,-541,-738,-763,-613,-323,50,410,677,776,699,464,123,-254,-570,-748,-746,-582,-285,77,418,659,742,653,424,96,-256,-531,-679,-672,-511,-239,89,389,587,641,547,338,52,-248,-474,-578,-549,-390,-145,126,358,504,527,428,229,-16,-255,-426,-495,-445,-288,-71,153,341,441,431,321,145,-60,-241,-354,-391,-341,-205,-22,157,288,346,326,228,84,-74,-205,-283,-294,-235,-122,13,144,226,246,212,135,28,-79,-163,-206,-190,-130,-45,51,129,0,0
10710,mtk,MTK 7916,4082199713,rx0-tx0,512,575,-310,-218,-722,-558,-350,-109,143,381,578,717,796,811,747,611,421,193,-60,-310,-540,-716,-832,-877,-832,-702,-505,-251,32,320,578,789,917,956,902,750,521,233,-80,-388,-659,-859,-975,-990,-903,-722,-460,-166,151,452,696,869,953,945,837,646,394,113,-176,-441,-666,-815,-882,-859,-755,-592,-360,-99,165,399,604,746,810,803,704,541,339,108,-131,-355,-543,-676,-746,-739,-661,-529,-339,-113,111,323,507,638,699,693,627,496,310,92,-134,-332,-494,-607,-652,-629,-546,-405,-220,-24,162,335,460,536,559,520,433,297,150,-4,-162,-298,-391,-440,-451,-415,-329,-221,-103,28,150,-588,313,352,351,317,259,170,62,-41,-136,-213,-262,-279,-272,-238,-183,-102,-11,68,126,175,202,197,180,137,73,22,-32,-82,-114,-119,-103,-77,-51,-8,32,60,73,76,48,12,-27,-76,-105,-124,-126,-100,-55,19,95,158,218,259,256,216,141,45,-67,-184,-287,-357,-382,-369,-296,-186,-49,102,243,370,451,474,453,367,227,72,-98,-260,-396,-485,-515,-490,-399,-266,-105,69,238,374,467,504,487,411,288,132,-29,-192,-331,-420,-464,-458,-399,-295,-160,-7,146,275,374,430,433,382,284,157,5,-147,-285,-379,-413,-397,-323,-192,-38,120,246,320,324,265,162,-363,-405,-615,162,263,-312,-350,-306,-178,-7,192,368,479,513,468,339,157,-55,-260,-437,-549,-590,-547,-433,-265,-56,158,358,516,606,623,565,434,247,30,-190,-386,-536,-635,-651,-578,-451,-271,-62,151,355,511,600,632,583,470,322,126,-77,-265,-419,-518,-565,-550,-475,-356,-202,-31,132,279,390,458,477,446,374,270,157,13,-120,-232,-324,-376,-396,-386,-327,-251,-153,-48,52,160,243,297,326,326,302,253,191,107,12,-82,-162,-236,-286,-308,-302,-279,-241,-178,-94,0,88,175,240,292,329,328,305,255,185,85,-18,-125,-229,-314,-379,-413,-402,-363,-283,-165,-35,106,247,373,456,-291,512,462,359,227,55,-130,-299,-456,-566,-619,-623,-560,-433,-253,-48,169,378,549,670,727,702,613,461,244,14,-225,-452,-626,-743,-784,-745,-655,-485,-270,-20,232,462,653,795,854,829,730,554,323,58,-230,-494,-718,-882,-955,-938,-835,-629,-372,-66,253,558,807,982,1063,1040,908,678,384,36,-316,-643,-915,-1090,-1155,-1107,-941,-677,-336,35,415,749,1007,1164,1192,1103,906,610,255,-129,-501,-814,-1046,-1168,-1175,-1060,-827,-519,-159,211,555,844,1042,1136,1104,958,726,416,73,-275,-581,-824,-991,-1049,-993,-845,-617,-344,-32,277,541,756,890,934,889,756,552,303,32,-243,-188,-78,-184,294,385,418,608,745,816,811,725,569,369,145,-100,-341,-552,-709,-809,-834,-783,-656,-468,-234,29,300,547,743,874,915,867,736,522,246,-51,-351,-621,-827,-954,-981,-912,-742,-494,-201,118,425,691,881,975,981,875,682,421,131,-170,-448,-683,-843,-918,-900,-793,-617,-375,-105,177,422,632,782,846,828,735,570,349,102,-148,-388,-571,-704,-768,-758,-681,-533,-340,-114,118,332,517,658,724,717,646,512,322,104,-117,-327,-506,-625,-686,-668,-588,-452,-266,-64,139,322,481,581,605,574,483,345,186,3,-172,-327,-435,-489,-504,-468,-379,-257,-120,17,156,270,348,395,404,359,321,198,84,-33,-144,-234,-303,-328,-321,-290,-226,-134,-40,52,128,192,236,249,226,187,136,61,1,-59,-118,-153,-158,-150,-119,-75,-26,16,49,76,84,67,40,11,-22,-66,-78,-90,-68,-28,17,74,123,171,192,179,140,89,0,-97,-194,-270,-316,-328,-294,-219,-106,22,156,283,371,427,432,383,284,134,-21,-181,-327,-435,-486,-495,-432,-321,-162,6,182,335,447,510,515,455,346,195,31,-138,-288,-409,-473,-484,-446,-351,-221,-69,90,238,353,425,452,425,350,235,89,-62,-206,-321,-399,-429,-402,-323,-191,-39,112,256,355,390,360,264,129,-17,-144,-231,-89,30,-78,344,279,-70,75,244,376,444,432,323,151,-51,-256,-427,-532,-560,-507,-383,-199,16,231,413,545,611,599,511,350,142,-78,-290,-469,-590,-639,-610,-516,-360,-162,74,281,457,586,639,622,533,383,196,-12,-227,-393,-521,-595,-595,-528,-411,-250,-75,118,283,412,492,521,498,426,314,169,17,-130,-259,-348,-418,-442,-411,-349,-255,-144,-34,84,194,277,337,358,351,317,244,163,70,-24,-119,-190,-253,-297,-313,-295,-257,-201,-133,-45,35,116,192,256,301,312,300,264,205,140,47,-51,-146,-233,-306,-351,-358,-347,-302,-230,-133,-9,114,230,339,412,449,455,414,320,186,374,-112,-268,-400,-503,-568,-562,-510,-403,-240,-54,139,333,501,621,681,671,589,446,258,31,-205,-414,-600,-719,-762,-738,-633,-461,-247,4,239,460,644,764,816,784,676,509,286,26,-232,-477,-682,-823,-897,-879,-770,-594,-352,-58,229,523,761,932,1017,1002,876,658,381,57,-280,-606,-867,-1044,-1117,-1077,-934,-688,-363,-2,366,702,970,1132,1183,1115,928,649,296,-92,-460,-787,-1031,-1167,-1189,-1082,-865,-567,-207,172,537,839,1046,1155,1137,1009,776,469,116,-253,-579,-848,-1026,-1097,-1051,-902,-673,-378,-40,285,578,801,944,996,936,796,583,312,18,-267,-525,-722,-844,-885,-844,336,387
10711,mtk,MTK 7916,4082199713,rx0-tx1,512,-196,837,928,645,777,839,812,701,518,272,-1,-283,-543,-767,-905,-955,-917,-777,-560,-278,45,360,650,879,1019,1061,987,814,560,244,-107,-452,-751,-981,-1117,-1139,-1042,-835,-548,-199,170,528,835,1064,1183,1177,1057,828,517,155,-233,-599,-902,-1108,-1212,-1191,-1047,-806,-483,-110,272,621,912,1109,1195,1162,1015,770,442,79,-288,-627,-896,-1072,-1143,-1114,-977,-732,-428,-81,264,584,845,1015,1086,1057,923,705,423,102,-225,-526,-773,-940,-1030,-1008,-887,-690,-431,-133,180,473,717,891,980,969,875,701,447,164,-133,-424,-668,-851,-947,-951,-875,-713,-475,-189,107,395,648,843,961,978,891,726,-430,196,-116,-422,-690,-889,-998,-1008,-920,-731,-465,-150,183,491,757,950,1036,1013,889,668,382,48,-286,-593,-837,-983,-1032,-968,-804,-555,-242,83,392,667,858,960,962,857,654,407,104,-190,-458,-674,-820,-879,-839,-713,-521,-282,-25,233,456,626,729,756,707,585,403,196,-23,-231,-408,-546,-626,-642,-581,-471,-326,-146,35,209,362,475,538,544,490,389,258,103,-60,-207,-330,-408,-445,-443,-388,-298,-192,-65,62,185,285,341,377,358,318,239,137,41,-67,-177,-254,-300,-321,-301,-253,-178,-80,23,120,202,258,288,276,230,152,53,-47,-143,-206,-238,-225,-171,-90,-4,171,445,320,-1202,-1229,247,274,232,136,4,-142,-268,-352,-386,-364,-287,-162,-15,132,266,368,427,432,391,293,166,22,-134,-277,-391,-466,-493,-463,-383,-264,-109,63,241,400,517,576,588,531,416,248,40,-174,-381,-558,-678,-724,-692,-579,-395,-168,88,351,577,744,827,825,728,547,300,15,-274,-543,-744,-868,-899,-818,-652,-422,-127,174,454,676,829,892,858,726,515,258,-27,-303,-541,-721,-819,-834,-755,-602,-389,-140,114,351,537,674,738,723,638,485,298,81,-139,-333,-492,-606,-650,-628,-551,-418,-255,-72,116,289,429,521,568,563,509,406,268,108,-68,-237,-371,-481,-543,-553,-511,230,-299,-140,38,202,349,465,538,562,524,438,309,151,-26,-201,-355,-470,-542,-557,-518,-426,-296,-132,40,206,345,452,516,521,477,386,260,119,-35,-178,-296,-389,-435,-443,-412,-338,-234,-122,6,121,219,298,339,355,340,293,233,150,61,-26,-104,-170,-226,-262,-279,-275,-256,-221,-167,-107,-32,45,119,186,245,281,311,306,280,227,159,70,-32,-135,-238,-314,-371,-397,-386,-337,-262,-154,-28,106,224,331,417,469,475,425,346,233,88,-71,-225,-362,-466,-528,-550,-519,-432,-305,-148,30,214,380,515,608,640,607,517,379,194,-13,-217,-414,-577,-681,-730,-697,-598,262,-355,472,444,169,491,270,16,-251,-501,-707,-841,-895,-863,-746,-543,-272,17,319,598,817,964,1010,952,802,562,260,-75,-409,-703,-928,-1074,-1101,-1020,-834,-565,-228,134,494,798,1027,1154,1162,1057,842,536,171,-212,-571,-878,-1094,-1203,-1194,-1063,-821,-502,-135,259,611,908,1112,1205,1178,1033,789,460,98,-279,-623,-909,-1102,-1176,-1145,-993,-746,-430,-78,274,611,874,1048,1119,1082,945,714,416,90,-248,-558,-804,-976,-1052,-1028,-906,-693,-422,-116,210,504,743,913,999,989,883,695,445,148,-161,-447,-697,-871,-956,-962,-873,-699,-461,-178,113,394,649,842,949,962,889,728,495,206,-110,-406,-658,-1099,-971,-989,-907,-734,-482,-180,141,449,721,914,1021,1017,908,711,435,105,-231,-548,-804,-974,-1045,-1004,-863,-619,-310,21,353,638,859,988,1000,923,739,478,179,-137,-445,-683,-854,-936,-904,-793,-595,-350,-65,221,471,665,782,821,771,643,459,236,-4,-241,-447,-595,-675,-690,-638,-526,-371,-182,28,228,387,510,579,582,535,431,292,124,-50,-214,-348,-443,-497,-498,-443,-349,-223,-86,61,201,301,371,403,394,353,268,164,49,-71,-170,-264,-315,-339,-338,-290,-207,-118,-15,89,178,251,295,299,272,212,129,31,-77,-165,-234,-264,-262,-215,-140,-45,54,134,178,183,916,837,-298,346,-262,50,-72,-196,-291,-342,-330,-253,-131,14,161,290,378,412,396,328,217,72,-75,-220,-341,-420,-459,-449,-379,-268,-128,31,191,332,445,517,533,495,399,252,79,-114,-307,-465,-591,-652,-648,-571,-422,-221,11,254,478,650,752,785,724,579,359,96,-181,-448,-669,-820,-878,-844,-706,-489,-225,81,376,621,807,901,891,780,589,338,49,-241,-511,-711,-835,-869,-807,-660,-448,-194,75,333,550,709,783,776,683,530,334,101,-134,-353,-528,-638,-690,-664,-578,-444,-266,-64,130,314,461,559,604,592,519,399,250,82,-93,-257,-397,-496,-553,-560,-505,-408,-282,-118,50,219,-198,469,542,556,517,432,304,150,-25,-196,-347,-464,-537,-559,-525,-435,-306,-142,33,203,352,467,534,544,500,406,284,127,-38,-195,-332,-425,-477,-486,-442,-364,-250,-113,24,155,271,348,393,405,370,315,227,129,27,-76,-163,-234,-288,-308,-307,-281,-242,-184,-111,-37,37,101,167,219,257,277,279,260,227,168,100,19,-72,-159,-235,-295,-338,-353,-338,-288,-210,-113,0,119,226,321,397,434,428,379,302,195,64,-80,-224,-344,-445,-503,-512,-470,-390,-266,-121,44,216,370,486,565,594,564,476,341,170,-25,-220,-395,-542,-641,-676,-647,-564,-407,-219,2,228,435,1208,1184
10712,mtk,MTK 7916,4082199713,rx1-tx0,512,-124,1144,696,-378,-224,-39,154,324,460,542,558,509,405,249,66,-124,-302,-443,-536,-568,-528,-429,-280,-102,89,270,426,533,575,558,480,344,168,-21,-213,-389,-521,-597,-605,-549,-434,-270,-72,130,332,491,607,659,640,554,404,209,-15,-234,-437,-601,-698,-730,-680,-561,-380,-152,97,345,560,720,801,805,725,560,328,62,-214,-481,-692,-839,-902,-859,-732,-513,-251,45,350,609,808,928,940,857,684,439,143,-158,-448,-692,-872,-959,-942,-832,-637,-380,-85,226,509,748,906,970,947,821,609,340,34,-278,-568,-805,-957,-1012,-976,-846,-614,-326,-3,329,633,891,1052,1108,1041,875,231,291,-83,-446,-782,-1034,-1176,-1209,-1115,-888,-563,-180,230,625,957,1187,1305,1282,1113,824,447,16,-431,-832,-1147,-1337,-1393,-1297,-1054,-704,-274,190,631,1011,1295,1433,1414,1252,952,559,87,-380,-809,-1167,-1404,-1485,-1402,-1191,-848,-396,80,553,979,1302,1494,1527,1403,1123,706,217,-293,-791,-1198,-1477,-1595,-1542,-1315,-949,-456,87,623,1090,1421,1602,1596,1399,1040,564,21,-513,-981,-1318,-1505,-1514,-1337,-1020,-586,-95,388,802,1121,1307,1332,1192,933,564,150,-273,-649,-932,-1109,-1144,-1047,-831,-517,-146,220,559,815,971,999,888,669,353,1,-340,-631,-814,-860,-761,-530,-227,93,364,528,548,684,1136,806,261,-195,345,463,483,396,211,-38,-296,-516,-658,-692,-620,-437,-191,90,362,592,751,808,756,605,381,96,-209,-492,-733,-880,-925,-863,-689,-430,-110,231,564,834,1021,1086,1033,849,565,199,-197,-583,-912,-1152,-1258,-1215,-1027,-728,-320,121,565,963,1247,1392,1376,1211,900,465,-20,-514,-949,-1287,-1469,-1498,-1347,-1038,-623,-127,388,859,1236,1467,1546,1443,1169,773,298,-216,-705,-1102,-1384,-1513,-1464,-1263,-923,-492,-7,477,903,1216,1395,1436,1314,1063,701,259,-187,-626,-981,-1234,-1369,-1338,-1170,-885,-515,-93,345,726,1045,1245,1316,1255,1062,761,384,-38,-446,-805,-1087,-1252,-1275,-1188,-972,-648,-263,-49,525,873,1132,1272,1286,1151,910,583,180,-247,-643,-976,-1216,-1326,-1306,-1142,-850,-479,-49,391,800,1124,1333,1396,1310,1094,746,317,-147,-594,-978,-1259,-1410,-1401,-1243,-943,-539,-88,367,800,1125,1330,1398,1299,1076,724,298,-146,-570,-930,-1179,-1299,-1269,-1106,-833,-482,-82,320,673,947,1100,1145,1076,888,609,278,-74,-411,-689,-888,-995,-986,-888,-694,-436,-148,156,442,661,805,869,845,724,542,306,41,-225,-461,-641,-757,-787,-730,-600,-412,-184,54,290,485,628,702,693,616,472,277,55,-166,-368,-517,-618,-650,-600,-487,-327,-134,73,273,433,543,592,574,488,348,172,-20,-206,975,944,289,661,1133,408,513,559,536,452,319,146,-44,-228,-387,-506,-557,-547,-475,-348,-181,12,203,366,488,558,561,503,386,223,37,-152,-331,-476,-560,-584,-552,-456,-309,-126,75,270,440,563,622,621,552,415,243,32,-177,-378,-541,-653,-693,-658,-561,-395,-186,47,284,495,654,750,770,706,567,361,110,-152,-412,-633,-787,-853,-843,-733,-543,-300,-6,284,555,763,884,929,865,705,482,194,-111,-403,-656,-846,-944,-937,-840,-657,-408,-106,202,490,724,883,959,940,825,627,355,60,-247,-536,-769,-924,-991,-957,-828,-613,-333,-23,291,591,837,992,1056,1009,865,627,318,-32,-383,-694,-568,-1117,-1157,-1077,-891,-594,-244,144,533,873,1113,1245,1248,1124,865,521,108,-325,-732,-1056,-1268,-1358,-1298,-1099,-776,-368,81,537,928,1219,1393,1407,1279,1015,636,179,-291,-730,-1096,-1351,-1469,-1412,-1229,-908,-486,1,472,893,1239,1442,1494,1400,1159,787,325,-173,-655,-1081,-1396,-1549,-1547,-1380,-1056,-611,-94,445,933,1323,1566,1627,1512,1212,782,263,-292,-815,-1229,-1508,-1597,-1501,-1228,-821,-331,195,682,1076,1341,1440,1358,1132,785,357,-110,-539,-890,-1132,-1226,-1188,-1009,-726,-363,40,416,736,959,1055,1026,875,616,288,-80,-423,-704,-883,-931,-850,-647,-342,0,338,592,724,711,560,312,43,-1076,-606,-321,940,931,239,74,-152,-371,-540,-612,-563,-410,-173,98,367,584,713,746,674,508,265,-21,-313,-564,-755,-854,-845,-736,-531,-247,67,385,665,876,986,987,867,638,325,-36,-408,-741,-995,-1145,-1165,-1056,-817,-473,-52,385,773,1091,1282,1325,1232,982,610,158,-316,-756,-1132,-1380,-1472,-1391,-1158,-777,-309,200,700,1109,1397,1539,1489,1282,917,463,-51,-560,-1001,-1323,-1503,-1521,-1359,-1054,-638,-147,354,805,1175,1410,1490,1402,1162,799,369,-103,-560,-947,-1241,-1388,-1391,-1246,-968,-603,-168,285,689,1021,1240,1342,1286,1102,817,439,25,-393,-766,-1056,-1242,-1299,-1216,-1013,-704,-315,95,489,849,1111,1256,425,1165,940,610,223,-193,-591,-915,-1169,-1303,-1291,-1149,-890,-536,-120,307,719,1047,1271,1364,1315,1122,811,409,-43,-486,-889,-1201,-1378,-1406,-1284,-1025,-657,-213,258,693,1062,1301,1400,1359,1167,839,434,-26,-478,-864,-1168,-1319,-1338,-1211,-955,-596,-182,244,633,948,1152,1231,1172,993,711,360,-7,-378,-696,-927,-1051,-1068,-972,-780,-515,-196,129,422,675,844,926,919,806,615,370,100,-187,-442,-639,-774,-825,-786,-666,-481,-246,15,264,473,636,723,739,672,533,346,117,-112,-325,-506,-629,-676,-650,-547,-390,-206,11,223,403,537,608,615,548,419,251,51,-146,-326,-459,-543,-565,-531,-179,305
10713,mtk,MTK 7916,4082199713,rx1-tx1,512,0,0,0,-569,-344,-31,288,536,680,681,525,248,-83,-399,-627,-717,-653,-445,-138,197,496,689,724,602,348,16,-321,-590,-727,-698,-516,-228,115,432,656,729,639,409,89,-253,-538,-705,-709,-552,-279,63,391,630,728,663,443,117,-233,-526,-710,-736,-589,-310,41,386,642,757,704,490,164,-206,-538,-746,-786,-652,-372,-8,364,663,820,795,588,243,-152,-512,-766,-857,-766,-509,-134,276,626,835,866,719,412,15,-385,-697,-859,-844,-650,-319,82,457,729,842,775,546,205,-173,-511,-730,-782,-668,-420,-88,257,544,702,697,544,278,-42,-349,-569,-657,-605,-412,-131,170,427,587,0,493,265,-21,-305,-509,-588,-546,-380,-118,170,417,578,614,504,279,-8,-299,-527,-645,-622,-463,-200,110,396,602,685,621,430,147,-173,-449,-633,-683,-589,-372,-76,221,469,621,635,515,290,11,-268,-485,-589,-560,-408,-181,80,318,472,513,443,267,38,-189,-377,-477,-456,-331,-127,108,317,460,500,424,248,12,-231,-421,-529,-525,-402,-194,60,307,491,575,542,405,181,-87,-333,-507,-573,-530,-384,-160,95,327,485,546,491,341,133,-93,-300,-437,-479,-424,-288,-98,108,291,409,443,395,267,92,-94,-261,-377,-422,-393,-302,-168,-8,149,273,345,368,338,267,176,0,0,0,0,0,43,143,241,328,384,388,331,222,70,-108,-275,-409,-493,-489,-397,-241,-33,191,382,515,560,495,337,108,-153,-388,-556,-619,-566,-399,-146,140,415,616,700,636,449,168,-156,-460,-681,-776,-712,-506,-202,151,493,739,833,763,542,206,-177,-524,-765,-856,-780,-545,-199,200,559,793,867,769,507,135,-259,-602,-814,-866,-738,-451,-71,324,651,850,864,692,384,-6,-394,-698,-863,-849,-651,-318,77,452,730,851,798,575,230,-158,-504,-737,-817,-721,-479,-138,241,557,749,780,638,363,13,-340,-616,-751,-722,-543,-237,121,447,677,761,674,443,119,-238,-544,-725,-754,-616,0,18,363,634,775,748,555,236,-135,-478,-716,-802,-711,-469,-122,250,572,770,804,666,376,7,-356,-645,-800,-780,-582,-258,121,468,714,808,719,459,111,-258,-577,-769,-787,-633,-340,34,401,687,814,757,541,198,-197,-539,-759,-825,-704,-426,-56,333,649,820,806,620,304,-87,-467,-732,-838,-770,-525,-161,241,585,791,828,692,404,32,-349,-650,-802,-780,-593,-275,104,450,685,774,702,470,138,-210,-504,-689,-719,-584,-316,13,332,562,662,619,435,160,-149,-429,-601,-626,-509,-284,7,299,512,613,576,399,132,-164,-425,-590,-622,-510,-283,13,302,524,638,607,445,0,0,0,0,0,-370,-590,-689,-636,-436,-141,181,476,668,709,601,361,29,-304,-568,-713,-702,-533,-249,95,418,646,734,659,440,128,-216,-512,-694,-723,-588,-318,17,353,605,723,681,483,177,-164,-476,-679,-727,-616,-364,-29,314,587,726,702,521,218,-140,-467,-686,-747,-646,-404,-58,304,606,767,753,573,263,-115,-461,-712,-813,-727,-472,-119,265,604,813,835,674,371,-14,-410,-716,-866,-834,-629,-280,136,516,779,880,798,538,166,-235,-583,-806,-852,-723,-443,-67,317,625,794,794,615,314,-45,-390,-642,-744,-692,-491,-188,152,446,631,673,570,348,47,-260,-493,-618,-604,-454,-204,0,365,545,595,513,320,44,-245,-471,-591,-577,-436,-195,97,368,561,632,570,374,91,-214,-475,-637,-661,-545,-310,-16,288,537,673,668,517,261,-47,-350,-569,-666,-632,-460,-193,102,371,559,622,543,357,101,-169,-399,-527,-538,-433,-238,8,251,427,493,442,297,87,-148,-349,-463,-468,-366,-179,54,277,449,518,472,326,102,-152,-382,-530,-566,-488,-309,-58,210,435,563,575,475,284,34,-220,-425,-546,-552,-457,-265,-22,216,406,500,488,394,221,2,-212,-377,-459,-447,-350,-189,8,205,355,431,424,342,202,24,-153,-294,-386,-415,-378,-293,-172,-36,88,184,242,0,0,0,0,0,-272,-271,-229,-146,-27,113,254,373,445,453,392,258,73,-129,-318,-460,-524,-493,-380,-187,50,282,471,575,572,455,248,-11,-277,-502,-638,-642,-525,-296,-4,299,553,712,732,595,334,7,-330,-615,-781,-792,-646,-372,-23,342,643,819,839,693,395,10,-371,-679,-847,-839,-665,-357,31,424,717,857,833,642,312,-96,-475,-751,-876,-820,-584,-228,169,532,789,881,783,525,162,-232,-582,-803,-856,-732,-454,-85,299,622,809,817,659,356,-14,-371,-657,-797,-765,-566,-243,117,451,693,773,688,458,132,-226,-532,-719,-751,-616,-344,4,345,613,747,721,536,231,-127,-458,0,-774,-685,-449,-111,256,568,755,782,644,363,-7,-373,-655,-801,-776,-580,-262,117,470,721,810,724,485,137,-239,-565,-767,-792,-644,-365,-4,363,654,801,760,552,223,-155,-495,-726,-807,-707,-441,-82,301,616,797,804,630,313,-70,-444,-722,-834,-758,-521,-175,212,564,786,831,694,410,27,-359,-663,-824,-807,-607,-280,103,467,733,837,754,510,154,-230,-556,-753,-790,-663,-388,-31,326,608,742,712,533,237,-102,-416,-636,-706,-611,-379,-69,244,496,635,633,482,220,-83,-361,-561,-628,-552,-348,-64,230,471,609,606,461,208,-89,-364,-562,-636,-566,-359,-76,225,484,0,0
10714,mtk,MTK 7916,4082199713,rx2-tx0,512,0,0,0,456,315,94,-147,-359,-495,-522,-426,-232,11,254,445,542,516,369,136,-134,-373,-526,-562,-473,-278,-19,246,463,576,552,404,162,-123,-379,-547,-591,-499,-291,-19,263,491,609,583,417,161,-138,-413,-597,-639,-535,-304,-3,312,565,688,651,466,166,-178,-484,-687,-737,-620,-354,-6,357,654,802,762,558,224,-169,-538,-796,-884,-772,-480,-84,337,694,907,923,730,377,-58,-490,-825,-984,-926,-663,-256,209,634,923,1014,887,566,127,-342,-745,-986,-1015,-825,-457,6,464,826,1009,973,732,331,-142,-577,-885,-1003,-898,-603,-184,270,667,915,956,791,456,24,-406,-746,-925,0,-670,-298,137,539,820,918,817,538,137,-303,-674,-887,-905,-734,-401,35,465,788,942,893,651,258,-200,-611,-891,-984,-865,-558,-123,337,732,970,998,817,452,-11,-471,-835,-1017,-987,-747,-345,140,593,920,1053,965,667,226,-260,-701,-995,-1073,-925,-582,-116,373,786,1037,1068,881,507,28,-458,-850,-1067,-1053,-826,-434,41,502,853,1031,996,758,373,-80,-507,-822,-962,-910,-672,-300,124,508,776,886,818,586,244,-139,-487,-728,-809,-729,-513,-195,153,456,663,734,660,462,184,-122,-404,-597,-669,-613,-455,-222,46,302,491,589,593,505,343,141,-64,-242,-365,-422,-419,-367,0,0,0,0,0,337,256,122,-59,-260,-444,-577,-635,-599,-463,-236,45,331,564,707,731,620,387,74,-267,-572,-776,-833,-724,-474,-124,269,628,874,951,831,541,133,-320,-725,-992,-1072,-937,-604,-135,372,816,1117,1197,1032,654,133,-423,-902,-1220,-1304,-1113,-693,-129,472,991,1313,1372,1160,707,102,-520,-1041,-1353,-1387,-1142,-661,-49,575,1081,1363,1361,1083,588,-26,-634,-1108,-1345,-1300,-989,-475,127,699,1122,1303,1209,861,337,-242,-764,-1128,-1249,-1101,-724,-199,359,833,1129,1184,983,573,51,-475,-890,-1112,-1096,-846,-421,86,570,930,1083,1005,712,262,-239,-677,-961,-1039,-896,-561,-102,370,756,975,0,773,400,-55,-499,-829,-974,-909,-647,-242,212,614,883,960,822,509,88,-348,-706,-909,-909,-715,-372,58,475,777,902,835,590,216,-199,-566,-806,-863,-732,-442,-59,334,651,816,791,598,283,-92,-441,-687,-779,-691,-452,-121,233,525,694,704,554,284,-47,-361,-586,-680,-610,-404,-111,202,461,610,619,485,246,-49,-331,-526,-600,-537,-348,-83,196,428,560,558,431,208,-64,-313,-486,-548,-484,-307,-59,195,405,523,517,389,174,-76,-302,-460,-515,-445,-277,-47,192,388,490,478,358,158,-79,-292,-439,-484,-415,-246,-20,201,376,468,446,321,124,-102,-307,-440,-472,-392,0,0,0,0,0,205,393,500,497,376,168,-79,-316,-486,-541,-474,-305,-63,195,415,543,545,421,205,-57,-311,-501,-578,-520,-344,-90,189,427,566,579,455,224,-54,-321,-523,-605,-546,-360,-87,209,457,604,615,480,231,-72,-372,-585,-661,-590,-381,-72,255,527,687,693,535,251,-95,-426,-679,-783,-701,-457,-109,277,609,810,836,670,353,-50,-447,-761,-910,-856,-613,-232,203,604,882,965,840,527,96,-360,-744,-970,-989,-793,-421,41,497,849,1019,964,705,295,-182,-616,-917,-1023,-913,-601,-161,308,711,963,1004,825,469,19,-430,-780,-964,-942,-712,-330,122,541,832,943,847,564,158,0,-649,-882,-913,-750,-423,3,431,760,917,868,634,261,-173,-576,-848,-937,-829,-527,-108,335,709,928,947,763,409,-37,-477,-821,-991,-945,-691,-293,174,608,915,1027,914,609,170,-311,-723,-981,-1029,-865,-512,-44,442,823,1034,1038,813,410,-81,-554,-909,-1071,-1006,-735,-313,181,641,967,1086,983,685,237,-258,-687,-975,-1064,-936,-621,-179,293,694,954,1012,858,541,117,-322,-678,-897,-931,-774,-459,-65,320,635,819,834,679,392,34,-321,-602,-753,-752,-602,-335,-15,299,547,684,683,557,331,48,-239,-470,-606,-634,-551,-378,-153,90,312,468,539,531,451,320,165,15,-113,0,0,0,0,0,252,388,488,532,504,396,213,-20,-270,-491,-644,-699,-633,-451,-181,131,429,662,775,743,567,273,-87,-440,-725,-876,-850,-658,-333,83,494,817,991,974,748,362,-109,-574,-940,-1124,-1084,-824,-390,134,653,1049,1239,1190,901,412,-164,-716,-1144,-1340,-1267,-944,-425,194,777,1204,1392,1300,943,392,-231,-814,-1236,-1406,-1288,-901,-336,292,868,1259,1382,1222,813,243,-373,-907,-1249,-1324,-1120,-688,-120,467,955,1234,1251,1003,549,-8,-565,-996,-1209,-1157,-865,-401,144,657,1020,1158,1054,731,250,-282,-746,-1040,-1108,-940,-573,-92,409,813,1039,1040,815,415,-62,-519,-867,-1026,-952,-674,-263,0,632,909,984,843,525,93,-361,-733,-940,-943,-744,-383,58,485,804,945,880,619,225,-210,-597,-851,-920,-787,-486,-78,342,679,865,866,673,338,-66,-456,-734,-845,-775,-533,-176,207,540,753,795,658,374,18,-335,-611,-741,-702,-512,-210,131,440,639,691,585,342,35,-272,-521,-645,-622,-453,-179,124,390,567,608,511,297,17,-259,-473,-576,-549,-391,-145,130,371,526,556,458,255,-3,-261,-451,-539,-504,-354,-122,133,356,500,520,419,227,-11,-242,-419,-503,-467,-320,-104,135,342,469,484,390,209,-19,-241,-404,-474,-431,-285,-76,153,348,459,461,355,167,-61,-278,0,0
10715,mtk,MTK 7916,4082199713,rx2-tx1,512,0,0,0,-32,34,94,130,127,89,39,-22,-81,-123,-137,-112,-62,2,71,128,160,154,112,46,-30,-102,-151,-174,-163,-117,-47,37,110,157,172,156,117,50,-25,-93,-142,-165,-154,-118,-66,-2,58,102,127,136,122,89,47,2,-43,-86,-116,-125,-117,-93,-58,-14,34,76,119,149,153,137,88,13,-62,-132,-188,-216,-205,-153,-70,35,139,226,276,270,209,106,-24,-159,-270,-337,-336,-264,-134,24,182,315,388,382,301,153,-27,-202,-344,-425,-419,-321,-152,42,227,379,452,428,320,139,-72,-266,-405,-464,-420,-288,-99,119,312,444,478,402,243,34,-191,-372,-472,0,-380,-195,41,271,449,530,495,354,135,-123,-366,-527,-581,-521,-348,-83,202,448,604,632,529,309,15,-282,-527,-674,-675,-535,-278,45,364,608,737,713,523,228,-117,-446,-693,-793,-736,-519,-176,203,545,787,877,778,510,137,-272,-637,-883,-952,-818,-527,-123,314,692,936,1000,857,540,121,-333,-721,-957,-1012,-870,-547,-119,332,717,956,1008,864,550,134,-300,-669,-911,-970,-834,-537,-148,258,616,844,910,796,533,171,-215,-546,-761,-834,-738,-515,-199,152,458,669,756,696,508,243,-57,-347,-564,-671,-662,-538,-335,-84,174,384,527,586,554,450,296,123,-39,-168,-255,0,0,0,0,0,96,55,1,-67,-138,-194,-227,-235,-207,-139,-42,68,171,249,284,269,204,98,-27,-155,-263,-323,-323,-265,-148,4,167,307,388,392,319,178,-8,-203,-369,-463,-462,-376,-209,11,241,434,554,564,461,259,-2,-267,-493,-638,-663,-546,-321,-28,288,553,711,737,622,370,34,-309,-597,-774,-799,-666,-400,-47,327,634,812,836,696,409,41,-337,-658,-840,-850,-694,-395,-12,369,677,852,854,680,360,-22,-400,-698,-857,-844,-659,-330,65,446,739,878,839,624,281,-121,-493,-767,-885,-819,-586,-235,171,544,804,895,806,547,172,-229,-578,-815,-884,-774,-506,-132,274,625,0,875,727,432,53,-335,-655,-838,-840,-667,-357,22,395,684,833,810,606,277,-108,-463,-721,-829,-758,-527,-186,192,530,764,832,714,452,90,-288,-603,-793,-816,-668,-379,-10,358,644,799,792,618,311,-63,-417,-679,-799,-749,-546,-238,119,447,671,758,686,470,157,-176,-462,-645,-694,-597,-373,-76,224,470,604,607,493,271,-7,-268,-468,-568,-547,-403,-180,73,301,461,521,464,308,95,-130,-322,-435,-457,-387,-237,-37,161,320,405,400,306,156,-17,-173,-294,-353,-328,-235,-96,52,178,268,289,252,164,40,-84,-179,-228,-228,-178,-95,5,97,156,175,150,95,27,0,0,0,0,0,-127,-125,-93,-37,33,90,122,127,99,42,-26,-85,-130,-149,-133,-81,-18,52,118,159,167,138,81,5,-74,-138,-171,-170,-136,-78,-10,65,128,164,171,143,90,20,-51,-105,-139,-151,-137,-100,-51,1,50,88,113,124,114,86,51,13,-32,-76,-114,-133,-131,-112,-80,-33,32,98,147,177,178,149,86,0,-89,-172,-231,-249,-216,-132,-24,90,201,280,304,273,180,46,-101,-238,-335,-368,-332,-224,-70,104,267,382,417,369,246,66,-132,-297,-405,-439,-386,-243,-50,152,332,446,459,371,212,12,-197,-370,-459,-448,-345,-171,46,257,411,477,439,307,106,0,-322,-463,-507,-443,-277,-47,202,411,531,540,438,235,-27,-295,-500,-607,-591,-442,-196,94,368,572,659,612,429,150,-166,-454,-649,-716,-636,-411,-91,246,539,733,770,641,374,20,-339,-632,-805,-816,-650,-348,39,424,730,893,879,680,328,-93,-495,-809,-961,-923,-701,-331,117,543,860,1009,961,720,332,-121,-544,-857,-1013,-970,-730,-345,103,522,838,989,944,710,347,-76,-488,-800,-944,-900,-686,-351,41,421,715,864,844,664,357,-5,-355,-632,-773,-764,-625,-372,-54,263,527,690,720,619,413,146,-134,-381,-560,-636,-610,-491,-301,-81,128,306,427,471,453,383,275,0,0,0,0,0,122,161,186,186,158,105,28,-58,-147,-223,-262,-261,-216,-132,-20,105,214,288,308,272,187,59,-87,-219,-316,-366,-337,-238,-88,90,256,376,428,399,282,101,-114,-318,-459,-520,-475,-331,-113,136,370,542,615,570,404,151,-139,-415,-627,-712,-654,-468,-191,130,442,678,781,725,524,221,-135,-475,-723,-825,-775,-565,-234,145,496,755,865,798,569,227,-159,-519,-784,-879,-792,-550,-201,194,553,802,886,793,527,159,-238,-592,-825,-883,-760,-484,-107,288,622,828,871,730,439,58,-341,-667,-861,-875,-706,-396,-6,389,710,880,864,669,340,-57,-443,-735,-873,-832,-627,0,106,481,756,868,801,568,220,-175,-525,-769,-857,-754,-491,-131,248,579,793,832,691,408,48,-332,-648,-816,-802,-622,-317,55,422,698,827,781,572,244,-136,-491,-741,-829,-742,-504,-162,215,539,752,813,702,438,91,-267,-567,-751,-774,-633,-364,-27,314,576,707,701,548,275,-43,-347,-575,-668,-611,-434,-176,118,379,542,592,517,341,96,-166,-388,-523,-542,-437,-244,-14,213,394,488,474,360,178,-36,-242,-382,-439,-398,-278,-106,80,245,352,376,321,206,51,-114,-238,-302,-309,-246,-135,2,131,220,262,246,179,77,-37,-132,-191,-207,-174,-101,-15,68,129,158,0,0
10716,mtk,MTK 7916,4082230310,rx0-tx0,512,575,479,551,298,60,-168,-387,-565,-702,-793,-815,-769,-671,-517,-327,-110,124,351,554,713,819,869,843,747,583,369,124,-148,-411,-644,-826,-935,-960,-915,-779,-568,-310,-23,276,542,761,915,994,986,871,692,451,170,-122,-396,-633,-814,-920,-949,-893,-765,-566,-330,-70,191,434,637,779,848,860,800,661,486,269,19,-220,-425,-605,-727,-788,-778,-710,-591,-422,-216,4,215,410,562,675,727,715,651,530,359,171,-40,-239,-416,-554,-644,-681,-656,-574,-441,-273,-79,114,290,440,546,597,595,541,447,315,154,-12,-170,-299,-404,-466,-486,-468,-411,-316,-199,-74,52,176,271,344,392,-588,361,307,225,126,16,-82,-166,-239,-287,-311,-299,-266,-207,-135,-51,32,105,163,201,220,222,187,140,96,30,-22,-64,-108,-120,-126,-115,-76,-44,-9,33,55,62,65,51,19,-25,-66,-101,-125,-134,-111,-73,-20,48,112,179,230,255,256,220,162,66,-46,-159,-258,-338,-393,-404,-360,-281,-174,-30,117,250,368,443,479,463,404,298,155,-2,-160,-303,-422,-495,-509,-483,-401,-278,-140,25,182,307,415,478,487,456,371,253,111,-35,-175,-302,-391,-438,-451,-415,-333,-222,-93,56,193,305,387,427,417,357,263,127,-26,-165,-287,-358,-377,-336,-238,-109,25,133,64,226,-615,363,222,327,305,207,57,-122,-298,-436,-502,-489,-415,-276,-95,107,301,456,559,586,549,453,297,104,-98,-293,-458,-586,-632,-622,-542,-401,-217,-10,193,389,525,621,656,617,519,368,181,-17,-221,-396,-526,-603,-618,-581,-491,-348,-180,0,180,335,450,523,547,518,448,352,215,62,-80,-214,-324,-403,-452,-452,-427,-352,-263,-146,-30,81,191,273,334,374,363,342,299,227,145,48,-38,-121,-198,-256,-301,-321,-316,-286,-245,-186,-111,-32,45,132,199,257,290,317,322,290,249,184,102,24,-76,-169,-244,-307,-351,-380,-378,-343,-275,-183,-71,44,162,278,380,457,488,487,-291,370,250,96,-59,-219,-372,-493,-572,-620,-599,-530,-420,-255,-73,138,327,501,631,712,726,684,572,412,211,-7,-236,-441,-611,-735,-787,-784,-710,-583,-408,-191,54,282,498,677,808,868,848,774,634,432,193,-78,-350,-583,-784,-925,-991,-961,-863,-685,-434,-151,156,459,721,928,1064,1107,1052,897,669,379,44,-298,-605,-883,-1069,-1179,-1173,-1063,-861,-577,-247,113,458,759,1002,1144,1198,1143,990,739,426,80,-275,-611,-875,-1070,-1167,-1154,-1046,-845,-572,-251,90,411,691,910,1044,1082,1031,891,681,411,113,-186,-462,-702,-876,-963,-963,-892,-744,-539,-298,-32,231,457,643,779,562,536,-184,312,154,-774,-822,-805,-719,-575,-404,-192,39,259,462,630,752,819,823,759,633,456,243,4,-250,-481,-683,-819,-906,-911,-839,-689,-481,-223,57,340,606,808,938,990,959,830,635,388,110,-195,-477,-712,-885,-971,-973,-891,-737,-515,-252,28,297,544,732,855,908,882,784,621,403,163,-76,-324,-527,-684,-795,-835,-793,-698,-541,-341,-116,108,316,502,650,740,758,717,618,477,301,90,-120,-314,-490,-616,-697,-714,-662,-560,-412,-230,-29,175,350,499,601,651,636,568,451,294,117,-62,-228,-373,-484,-540,-544,-504,-428,-320,-181,-35,104,239,336,404,430,432,389,311,217,103,321,-123,-214,-289,-338,-356,-327,-287,-222,-144,-48,49,132,197,237,263,261,236,187,124,54,-22,-94,-129,-164,-175,-159,-141,-98,-48,-7,42,70,77,86,76,44,15,-22,-56,-78,-85,-72,-46,-7,47,104,148,185,198,183,147,77,-9,-106,-193,-267,-323,-337,-317,-258,-172,-57,82,214,320,405,452,439,385,289,161,15,-139,-283,-406,-481,-508,-483,-413,-298,-145,12,167,316,421,490,513,471,387,271,118,-32,-178,-307,-404,-458,-468,-436,-358,-239,-106,39,177,294,376,430,439,390,305,191,52,-95,-224,-331,-402,-411,-373,-280,-146,0,144,251,306,299,242,581,540,-78,-440,-530,-45,-196,-332,-413,-427,-366,-232,-46,149,329,471,548,556,490,361,179,-29,-224,-403,-536,-605,-610,-548,-436,-261,-54,149,348,507,611,644,623,527,379,203,-6,-213,-397,-539,-617,-641,-606,-502,-358,-177,15,202,370,497,568,593,561,473,345,189,22,-138,-275,-391,-479,-505,-487,-433,-339,-236,-106,19,145,253,334,395,412,404,358,276,196,88,-17,-109,-207,-273,-321,-342,-331,-310,-259,-194,-121,-40,49,131,203,256,293,305,310,285,240,179,106,30,-62,-142,-213,-283,-318,-335,-343,-308,-258,-183,-98,-3,103,209,300,374,419,432,413,361,274,154,21,-116,374,-381,-481,-539,-550,-526,-447,-320,-173,1,186,349,500,606,667,670,611,499,334,135,-76,-285,-482,-631,-732,-764,-739,-640,-494,-297,-74,154,378,562,703,798,818,775,679,520,311,63,-187,-420,-629,-796,-895,-931,-871,-746,-561,-314,-32,254,520,768,937,1033,1047,963,791,554,258,-58,-386,-676,-915,-1081,-1159,-1119,-992,-768,-478,-148,208,542,832,1050,1178,1203,1115,936,664,334,-17,-370,-690,-954,-1124,-1197,-1166,-1022,-789,-500,-159,188,511,787,991,1108,1127,1044,879,635,332,11,-302,-584,-811,-968,-1029,-1003,-898,-722,-480,-204,76,346,585,762,877,916,874,761,600,384,-15,-182
10717,mtk,MTK 7916,4082230310,rx0-tx1,512,-196,-315,-304,-799,-770,-675,-512,-303,-64,200,446,657,823,918,933,871,727,517,254,-36,-328,-603,-826,-980,-1051,-1023,-917,-727,-462,-155,168,482,759,975,1111,1132,1071,917,670,367,35,-311,-631,-897,-1099,-1193,-1182,-1071,-866,-585,-257,98,447,752,988,1150,1205,1161,1020,785,488,149,-201,-532,-817,-1038,-1159,-1183,-1109,-938,-698,-390,-59,273,588,840,1026,1123,1119,1023,848,607,314,3,-310,-590,-814,-975,-1053,-1038,-946,-777,-545,-274,15,312,582,788,932,1003,985,896,730,509,245,-37,-306,-557,-769,-899,-963,-953,-861,-694,-479,-225,51,315,566,771,901,965,944,849,688,452,187,-99,-430,-637,-832,-962,-1009,-971,-853,-644,-384,-95,213,501,743,925,1029,1033,943,773,533,234,-76,-386,-658,-863,-1002,-1036,-981,-833,-612,-341,-33,267,540,770,915,983,955,845,655,410,135,-146,-410,-625,-784,-868,-869,-795,-647,-457,-222,21,249,458,608,709,742,713,622,479,304,111,-83,-273,-429,-543,-604,-616,-577,-483,-356,-203,-38,131,279,400,481,522,515,458,369,251,120,-22,-159,-272,-358,-406,-420,-398,-344,-266,-167,-52,63,165,243,303,337,339,309,256,182,90,-9,-103,-182,-249,-288,-301,-279,-237,-167,-73,21,117,195,247,269,250,197,118,28,-60,-128,-162,-210,-274,320,755,193,-252,-232,-155,-42,89,215,320,376,377,327,232,116,-23,-166,-286,-376,-421,-423,-388,-312,-207,-68,75,214,343,431,487,503,465,384,267,116,-50,-218,-376,-504,-587,-623,-603,-511,-373,-194,8,212,408,580,697,758,737,641,484,272,33,-222,-458,-658,-801,-869,-854,-747,-570,-335,-60,218,471,688,839,911,888,787,603,357,95,-181,-442,-656,-802,-865,-857,-768,-614,-395,-150,98,336,540,689,770,790,734,605,434,233,21,-194,-385,-533,-636,-682,-663,-597,-482,-326,-155,36,213,365,493,569,599,578,511,417,286,129,-32,-190,-328,-437,-515,-550,-544,-496,-408,-288,230,13,173,317,435,516,559,550,498,408,283,130,-35,-203,-345,-456,-535,-565,-549,-479,-373,-231,-82,79,234,357,454,511,519,488,412,302,176,47,-93,-216,-324,-398,-431,-436,-411,-338,-248,-150,-36,68,165,246,300,332,344,324,291,229,167,92,20,-49,-120,-174,-220,-253,-270,-272,-263,-236,-201,-145,-80,-13,72,143,215,272,311,334,335,310,260,192,103,0,-110,-206,-300,-367,-412,-434,-408,-353,-271,-164,-46,87,216,329,418,485,506,486,433,341,220,80,-74,-233,-371,-485,-558,-591,-578,-523,-408,-263,-96,95,277,436,568,656,695,671,589,456,285,82,980,1178,472,-1,101,24,265,486,671,798,866,862,772,621,408,152,-118,-389,-635,-829,-955,-995,-953,-825,-619,-357,-53,252,541,800,989,1090,1095,1004,822,570,252,-81,-398,-705,-948,-1104,-1166,-1135,-995,-780,-483,-139,211,545,834,1048,1177,1204,1124,943,691,376,24,-322,-649,-916,-1106,-1199,-1182,-1067,-872,-601,-274,65,406,703,947,1107,1160,1129,996,785,512,190,-143,-456,-719,-927,-1055,-1094,-1043,-903,-697,-442,-143,160,446,698,888,997,1030,977,838,636,396,114,-171,-443,-677,-853,-959,-980,-927,-808,-610,-367,-99,178,444,667,832,937,959,907,785,590,347,80,-206,-465,-701,-872,-964,-984,-1099,-772,-559,-296,1,291,567,796,944,1023,1008,899,713,466,170,-147,-446,-705,-910,-1025,-1042,-972,-805,-578,-291,24,329,605,820,962,1013,964,842,638,377,89,-205,-473,-697,-850,-926,-915,-819,-652,-439,-180,80,331,538,694,789,799,750,634,469,266,46,-169,-363,-517,-625,-674,-669,-603,-488,-335,-162,20,201,353,463,536,566,545,472,366,236,89,-71,-220,-341,-420,-463,-469,-433,-364,-264,-144,-18,108,212,294,353,383,374,328,257,174,77,-27,-127,-210,-278,-316,-324,-298,-251,-182,-93,4,95,172,242,278,284,257,197,115,20,-77,-157,-212,-229,-207,-150,-77,-231,-161,-298,934,1163,49,165,263,321,327,283,191,58,-84,-221,-326,-392,-419,-388,-315,-206,-73,63,199,315,408,460,456,424,339,220,84,-71,-221,-353,-462,-535,-554,-525,-445,-319,-156,21,216,391,536,641,686,664,583,433,240,16,-221,-438,-626,-753,-811,-792,-695,-532,-311,-51,220,474,683,833,901,874,766,584,342,72,-212,-466,-687,-825,-891,-881,-782,-609,-377,-126,138,386,598,754,824,827,755,613,417,194,-40,-275,-474,-620,-711,-740,-712,-615,-468,-284,-80,120,298,452,556,620,633,586,495,368,214,52,-120,-272,-399,-500,-557,-567,-536,-460,-353,-216,-59,96,246,372,473,-198,561,531,461,350,213,55,-109,-258,-391,-491,-552,-567,-532,-448,-331,-181,-22,138,288,414,502,546,546,491,395,276,130,-22,-167,-300,-400,-459,-488,-473,-417,-332,-216,-96,22,146,253,321,373,389,374,335,270,190,109,13,-74,-154,-216,-254,-282,-287,-285,-257,-217,-168,-109,-43,21,86,144,197,248,273,298,296,273,235,175,104,18,-72,-164,-243,-314,-361,-387,-375,-341,-278,-184,-84,34,155,260,358,423,462,464,426,352,251,127,-15,-152,-286,-402,-487,-535,-550,-513,-431,-313,-167,-3,163,331,471,569,630,649,598,504,361,189,-6,-207,-397,-557,-672,-733,-683,-107
10718,mtk,MTK 7916,4082230310,rx1-tx0,512,-124,802,359,36,-140,-300,-428,-515,-546,-534,-456,-333,-182,-2,173,331,458,536,562,531,445,319,156,-27,-199,-358,-474,-551,-577,-542,-454,-323,-159,18,203,365,493,572,607,578,497,370,205,19,-180,-356,-510,-611,-658,-654,-587,-457,-289,-87,117,325,509,642,730,743,694,579,407,199,-44,-281,-499,-671,-795,-842,-812,-702,-529,-297,-43,215,466,678,836,915,899,808,643,410,142,-139,-411,-640,-819,-925,-948,-882,-738,-526,-272,7,287,544,751,890,951,933,838,674,432,162,-120,-397,-646,-833,-951,-986,-940,-816,-621,-366,-73,220,510,756,931,1028,1046,970,815,572,274,-44,231,-678,-927,-1099,-1172,-1141,-1008,-776,-471,-114,258,612,918,1145,1269,1273,1168,949,632,257,-148,-545,-892,-1156,-1325,-1376,-1292,-1089,-786,-397,22,444,826,1140,1344,1429,1387,1213,931,566,139,-309,-725,-1077,-1323,-1457,-1462,-1339,-1078,-724,-298,147,586,979,1282,1473,1528,1449,1230,893,466,-6,-493,-932,-1284,-1518,-1610,-1544,-1317,-967,-526,-22,486,942,1301,1543,1608,1515,1269,901,442,-51,-525,-947,-1264,-1430,-1462,-1335,-1078,-727,-317,117,530,873,1116,1230,1216,1100,863,553,188,-184,-520,-791,-982,-1057,-1018,-875,-642,-341,-13,315,595,811,919,898,759,522,223,-96,-387,-602,-691,-647,-493,-272,703,992,806,248,-119,-414,-456,-401,-256,-43,198,425,595,678,665,546,355,113,-154,-405,-614,-750,-803,-759,-638,-436,-179,101,386,636,814,920,929,840,663,409,104,-218,-538,-817,-1009,-1105,-1096,-972,-745,-427,-61,323,680,979,1183,1283,1259,1094,816,443,29,-405,-814,-1143,-1360,-1440,-1387,-1186,-870,-465,-2,468,890,1228,1448,1525,1462,1233,903,465,-10,-476,-915,-1259,-1476,-1549,-1464,-1246,-914,-504,-27,441,845,1171,1394,1480,1421,1233,934,550,118,-314,-711,-1046,-1272,-1384,-1367,-1225,-981,-646,-262,147,540,882,1138,1286,1323,1249,1056,761,410,29,-352,-714,-1000,-1199,-1282,-1260,-1135,-896,-574,-215,157,527,-49,1085,1235,1285,1211,1027,759,411,41,-340,-699,-994,-1206,-1320,-1303,-1178,-939,-614,-232,182,577,929,1189,1349,1385,1285,1083,764,368,-53,-479,-861,-1167,-1357,-1417,-1346,-1144,-845,-467,-47,381,772,1080,1293,1373,1320,1155,884,518,119,-283,-651,-951,-1163,-1259,-1235,-1090,-856,-548,-192,164,496,783,986,1090,1103,1013,818,572,286,-28,-332,-583,-785,-905,-941,-904,-781,-594,-357,-99,155,408,602,739,816,812,736,595,400,186,-48,-277,-471,-622,-711,-732,-683,-581,-416,-222,-15,199,385,537,624,658,629,548,403,234,41,-158,-337,-476,-568,-601,-586,-504,-372,-216,-41,143,309,436,521,715,714,289,661,987,-554,-537,-462,-347,-189,-21,156,323,445,527,559,529,453,326,166,-10,-186,-343,-469,-547,-566,-529,-445,-311,-154,27,206,363,486,560,584,555,471,339,178,-7,-194,-360,-497,-589,-631,-610,-535,-412,-239,-51,148,342,505,623,687,689,639,512,343,138,-90,-304,-504,-653,-759,-791,-750,-639,-469,-254,-3,253,488,684,820,876,859,764,590,360,83,-194,-446,-672,-834,-923,-929,-847,-690,-468,-203,82,360,603,794,914,953,910,787,593,345,68,-210,-465,-699,-864,-950,-961,-896,-746,-529,-265,21,308,573,792,945,1010,996,900,716,465,174,-140,-440,-710,-932,-1061,-1106,-568,-906,-677,-379,-38,313,646,928,1120,1223,1207,1087,862,553,186,-203,-575,-913,-1163,-1305,-1331,-1230,-1015,-704,-332,87,499,863,1161,1349,1407,1340,1149,856,476,58,-378,-780,-1101,-1332,-1450,-1429,-1274,-998,-635,-214,226,656,1026,1300,1465,1488,1386,1149,812,392,-66,-525,-944,-1279,-1499,-1579,-1513,-1288,-949,-513,-26,483,937,1299,1537,1629,1550,1314,955,497,-11,-507,-948,-1292,-1504,-1551,-1439,-1193,-815,-379,88,541,916,1186,1337,1346,1220,974,637,239,-146,-514,-820,-1037,-1149,-1124,-990,-763,-464,-117,229,538,786,945,993,923,751,491,169,-166,-469,-696,-817,-814,-689,-456,-162,123,352,475,-739,-301,-321,688,714,-92,100,311,482,581,580,476,285,42,-221,-459,-635,-738,-745,-656,-483,-248,25,291,535,728,845,869,807,641,409,130,-178,-470,-725,-910,-1009,-1008,-908,-705,-420,-90,268,608,892,1096,1193,1180,1036,780,438,52,-361,-745,-1063,-1284,-1374,-1335,-1151,-849,-454,-7,451,868,1194,1414,1499,1435,1221,889,456,-12,-485,-912,-1241,-1475,-1537,-1474,-1256,-906,-475,0,468,888,1219,1439,1523,1441,1228,918,518,67,-383,-790,-1123,-1346,-1435,-1392,-1230,-957,-603,-198,231,623,962,1204,1338,1346,1234,1009,700,329,-64,-453,-799,-1065,-1235,-1297,-1250,-1091,-828,-495,-122,252,608,923,1142,1255,1266,1163,425,662,320,-58,-439,-772,-1049,-1229,-1292,-1253,-1099,-847,-525,-139,258,633,961,1201,1336,1346,1238,1014,691,306,-120,-526,-891,-1182,-1351,-1400,-1322,-1121,-814,-430,-3,427,815,1119,1319,1394,1343,1160,872,505,81,-329,-708,-1024,-1237,-1321,-1292,-1135,-881,-544,-165,228,581,869,1079,1177,1161,1047,844,556,238,-96,-420,-687,-874,-996,-1027,-951,-796,-584,-317,-42,235,487,682,819,871,853,758,583,381,143,-104,-335,-537,-679,-758,-771,-711,-588,-414,-203,18,228,413,570,656,694,661,565,415,225,28,-171,-351,-499,-589,-633,-610,-524,-392,-224,-47,139,317,452,540,580,561,479,356,206,-189,174
10719,mtk,MTK 7916,4082230310,rx1-tx1,512,0,0,0,678,638,437,136,-199,-495,-676,-691,-536,-255,87,415,644,723,627,374,31,-316,-593,-727,-678,-468,-150,210,520,702,714,550,255,-104,-442,-668,-728,-610,-350,-4,350,620,731,657,424,88,-274,-571,-729,-702,-496,-173,190,513,701,724,570,269,-104,-455,-692,-758,-637,-356,19,393,670,785,705,453,85,-309,-635,-809,-787,-567,-211,194,564,805,845,676,353,-60,-464,-758,-871,-783,-511,-113,317,670,860,850,642,279,-146,-530,-791,-867,-730,-428,-39,357,667,811,763,537,189,-194,-521,-718,-747,-594,-300,54,386,615,688,597,363,46,-278,-528,-646,-598,-402,-120,189,0,594,583,431,170,-135,-411,-581,-604,-480,-231,80,372,568,633,549,332,20,-298,-544,-666,-630,-440,-145,180,473,665,694,561,302,-31,-354,-591,-695,-631,-426,-134,193,474,638,650,513,259,-47,-325,-524,-594,-524,-328,-62,205,421,528,493,341,109,-149,-364,-469,-458,-340,-131,115,334,467,477,370,167,-84,-320,-481,-530,-454,-270,-12,255,463,561,535,384,141,-133,-377,-537,-576,-493,-301,-42,223,432,540,534,410,191,-66,-293,-448,-505,-451,-294,-81,144,340,453,455,360,194,-13,-216,-365,-434,-407,-304,-144,47,224,355,416,401,321,192,40,-103,-215,-279,-302,0,0,0,0,0,64,-36,-149,-263,-358,-412,-396,-307,-162,20,207,372,479,497,421,264,40,-198,-399,-534,-559,-463,-273,-19,245,464,593,600,475,246,-51,-351,-580,-686,-645,-465,-172,172,485,693,763,658,407,68,-302,-617,-796,-807,-637,-324,62,439,727,862,801,555,184,-228,-590,-824,-867,-713,-401,3,410,723,872,822,583,206,-220,-594,-828,-878,-727,-413,1,414,733,882,828,582,207,-214,-589,-826,-863,-701,-382,23,419,713,838,775,536,165,-246,-586,-781,-797,-627,-305,86,448,696,776,685,429,66,-313,-607,-752,-720,-511,-184,187,517,721,752,604,302,-73,-426,-675,-772,0,-426,-61,317,624,784,753,540,199,-191,-540,-767,-811,-661,-354,37,417,709,830,742,478,107,-291,-622,-801,-789,-593,-251,156,521,757,806,662,358,-34,-416,-700,-817,-730,-469,-92,312,642,814,790,573,216,-200,-561,-784,-824,-659,-335,68,462,742,838,731,451,62,-349,-680,-840,-802,-576,-206,222,594,815,842,673,335,-81,-470,-738,-829,-728,-456,-73,325,638,795,758,544,205,-181,-514,-725,-749,-591,-300,56,391,622,697,594,353,30,-298,-546,-658,-606,-400,-99,223,482,618,603,430,149,-157,-431,-598,-608,-465,-205,109,395,583,626,517,277,-43,-348,-570,-655,0,0,0,0,0,-82,252,529,678,666,494,202,-142,-459,-667,-710,-589,-325,26,371,624,724,652,426,92,-269,-561,-719,-702,-513,-199,165,484,691,727,585,300,-58,-396,-636,-728,-640,-391,-50,301,583,722,685,475,145,-223,-541,-720,-712,-530,-218,151,486,703,739,591,305,-59,-421,-683,-773,-672,-406,-30,351,652,794,742,512,152,-261,-607,-807,-811,-618,-281,128,518,782,858,733,433,25,-391,-712,-870,-826,-581,-189,242,607,836,869,697,360,-55,-449,-734,-843,-754,-490,-114,277,596,771,761,574,254,-121,-453,-669,-719,-591,-329,2,324,567,669,599,383,82,-231,-487,-616,-591,0,-148,162,428,582,587,447,201,-101,-387,-574,-612,-507,-276,32,335,559,653,588,379,77,-248,-517,-669,-667,-509,-232,107,421,631,694,605,376,57,-272,-531,-663,-648,-483,-205,112,391,576,630,527,300,11,-269,-477,-564,-508,-334,-89,175,388,493,472,335,120,-128,-340,-462,-468,-352,-141,108,332,474,501,399,201,-44,-293,-483,-558,-500,-325,-71,202,432,569,575,446,226,-43,-302,-491,-570,-524,-359,-114,147,368,503,526,433,245,12,-219,-400,-485,-458,-332,-134,86,278,407,447,388,245,55,-142,-308,-405,-426,-365,-234,-65,106,250,347,382,350,273,171,58,0,0,0,0,0,273,309,301,242,136,-10,-168,-318,-427,-470,-429,-312,-127,90,298,454,530,506,375,164,-90,-330,-509,-590,-547,-384,-131,157,415,598,661,572,351,52,-271,-543,-703,-714,-564,-284,60,406,675,800,747,528,191,-196,-547,-779,-845,-724,-443,-60,338,669,852,842,643,298,-119,-506,-775,-868,-771,-497,-100,319,660,855,858,659,307,-107,-501,-786,-888,-780,-493,-95,323,664,857,856,652,303,-117,-506,-772,-862,-754,-460,-66,335,658,823,795,585,239,-156,-508,-739,-796,-666,-377,2,374,650,772,704,467,119,-258,-574,-746,-735,-555,-241,134,474,700,763,641,364,-4,0,-661,-778,-720,-484,-127,260,589,775,777,599,277,-115,-482,-733,-818,-708,-425,-34,369,678,822,773,545,181,-229,-578,-782,-797,-628,-307,91,466,720,808,698,419,35,-367,-680,-816,-753,-514,-149,260,608,808,811,619,276,-136,-520,-774,-838,-702,-400,-4,399,713,848,777,520,136,-281,-633,-827,-822,-614,-256,160,531,777,843,706,396,-9,-401,-693,-815,-747,-505,-146,247,585,765,756,573,261,-108,-446,-675,-729,-600,-334,8,340,581,674,597,382,66,-263,-514,-634,-594,-405,-122,191,462,614,600,439,177,-133,-415,-588,-615,-486,-237,74,371,575,633,539,315,9,0,0
10720,mtk,MTK 7916,4082230310,rx2-tx0,512,0,0,0,-483,-491,-378,-172,83,323,483,518,432,238,-23,-281,-474,-548,-488,-307,-48,224,445,558,528,369,115,-171,-414,-556,-557,-419,-179,115,383,552,584,475,241,-61,-347,-540,-606,-522,-300,3,309,539,634,567,353,47,-274,-539,-666,-625,-433,-119,237,537,703,695,512,197,-173,-520,-745,-783,-631,-315,88,478,757,855,748,453,42,-390,-735,-906,-862,-610,-204,262,667,919,955,759,380,-97,-554,-882,-1004,-884,-555,-92,392,787,1000,975,716,286,-210,-659,-951,-1016,-839,-468,12,489,850,1007,926,626,177,-305,-709,-947,-961,-739,-340,126,560,863,954,812,478,33,-416,0,-925,-856,-588,-174,280,663,888,897,686,309,-147,-562,-850,-934,-785,-445,2,450,793,949,878,595,164,-312,-718,-954,-964,-746,-353,132,592,914,1016,880,534,64,-425,-824,-1030,-995,-721,-270,245,700,988,1050,869,478,-25,-520,-901,-1068,-983,-676,-214,299,753,1034,1068,860,456,-56,-555,-926,-1089,-999,-682,-218,292,731,998,1042,852,471,-11,-484,-835,-992,-926,-660,-251,209,612,865,918,765,452,46,-361,-677,-834,-799,-589,-260,116,459,695,768,670,434,116,-224,-506,-668,-685,-560,-320,-22,274,504,626,623,503,293,32,-221,-417,-530,-554,-489,-350,-172,7,152,254,0,0,0,0,0,-405,-377,-277,-109,100,319,507,618,635,538,329,45,-258,-527,-700,-741,-626,-381,-47,314,614,795,812,651,342,-55,-454,-766,-922,-880,-639,-241,225,658,955,1050,915,572,84,-438,-881,-1134,-1149,-905,-442,129,678,1095,1280,1178,811,255,-367,-916,-1272,-1354,-1127,-649,-23,622,1130,1382,1330,973,402,-250,-862,-1285,-1406,-1207,-747,-126,532,1066,1347,1328,1003,451,-191,-788,-1205,-1336,-1155,-713,-116,499,991,1252,1223,909,390,-212,-757,-1124,-1224,-1030,-595,-37,522,953,1160,1088,765,266,-292,-771,-1063,-1104,-888,-457,71,568,933,1071,960,621,134,-374,-783,-1012,-993,-735,-306,191,635,0,993,825,462,-16,-484,-832,-982,-892,-588,-149,323,719,938,927,697,307,-156,-584,-863,-935,-783,-449,-7,436,763,907,832,558,157,-277,-641,-848,-851,-643,-283,138,524,770,827,689,387,-8,-392,-669,-783,-707,-457,-98,273,568,718,696,501,180,-174,-476,-653,-670,-520,-241,94,397,592,640,522,276,-35,-333,-541,-611,-528,-307,-18,269,489,580,523,339,67,-219,-440,-549,-530,-370,-112,169,397,523,518,380,150,-115,-351,-497,-517,-404,-193,67,303,463,507,419,229,-12,-249,-423,-489,-428,-260,-30,208,390,467,429,283,60,-178,-370,-465,-444,-306,-88,153,351,461,0,0,0,0,0,137,-112,-336,-476,-506,-411,-203,58,303,477,535,461,275,15,-254,-460,-553,-507,-338,-80,202,433,556,547,398,145,-147,-401,-553,-570,-445,-207,86,358,544,596,495,268,-31,-321,-535,-618,-546,-326,-17,294,530,639,595,394,81,-261,-540,-685,-660,-471,-156,205,519,715,736,565,250,-142,-503,-749,-820,-682,-373,34,442,745,877,799,525,116,-336,-715,-919,-908,-685,-289,185,620,912,984,822,461,-13,-486,-847,-1011,-937,-640,-189,313,738,983,999,786,380,-118,-584,-914,-1020,-890,-559,-89,403,790,987,952,686,263,-218,-638,-911,-963,-781,-417,42,489,812,936,835,0,103,-347,-715,-909,-884,-646,-242,219,619,865,908,733,375,-75,-512,-825,-947,-835,-516,-77,381,756,955,926,678,265,-221,-657,-935,-994,-817,-444,38,512,865,1022,932,625,171,-334,-764,-1010,-1018,-790,-380,124,610,953,1066,931,583,90,-424,-836,-1058,-1040,-777,-333,183,661,994,1090,933,567,71,-438,-847,-1058,-1034,-784,-354,154,611,924,1026,898,571,127,-339,-722,-938,-937,-725,-353,78,479,776,884,790,528,160,-240,-572,-766,-790,-640,-354,3,348,606,725,686,503,218,-106,-393,-593,-667,-600,-414,-154,129,377,549,611,559,414,207,-22,-227,-376,-454,-454,-391,-284,0,0,0,0,0,-104,-274,-422,-523,-553,-497,-353,-123,150,403,597,692,658,491,222,-105,-421,-667,-780,-732,-523,-193,190,548,798,877,767,486,88,-349,-728,-957,-975,-779,-403,82,565,930,1105,1041,738,253,-305,-803,-1135,-1226,-1047,-631,-62,538,1027,1295,1282,983,456,-181,-785,-1223,-1395,-1254,-830,-217,442,1003,1346,1387,1111,584,-75,-712,-1183,-1385,-1279,-890,-293,366,940,1284,1327,1081,596,-36,-655,-1107,-1298,-1195,-814,-251,359,884,1197,1225,970,495,-86,-642,-1047,-1200,-1065,-691,-161,399,859,1114,1109,834,372,-173,-671,-1003,-1093,-925,-541,-38,468,857,1045,980,683,229,-275,-717,-978,-998,-783,0,97,553,876,989,859,522,68,-404,-777,-957,-912,-650,-234,237,651,904,933,740,374,-79,-510,-816,-923,-813,-511,-83,361,711,882,841,607,222,-210,-579,-809,-846,-675,-342,71,453,719,811,707,429,51,-333,-623,-753,-704,-483,-142,223,522,688,681,509,215,-137,-442,-629,-658,-522,-256,63,358,564,624,524,294,-10,-305,-515,-598,-525,-322,-47,242,472,577,531,353,93,-188,-420,-541,-522,-375,-132,139,374,512,516,396,177,-83,-320,-479,-510,-415,-218,35,276,444,497,426,247,6,-233,-409,-482,-435,-276,-47,188,375,465,434,292,72,-169,-358,-457,-447,-321,-109,0,0
10721,mtk,MTK 7916,4082230310,rx2-tx1,512,0,0,0,108,56,-11,-76,-118,-128,-97,-38,23,88,134,137,102,46,-29,-94,-137,-155,-136,-81,-4,72,130,165,167,124,53,-24,-98,-151,-167,-152,-108,-40,40,107,146,152,133,96,35,-34,-86,-119,-133,-123,-90,-44,4,49,86,108,119,109,76,40,-2,-53,-96,-127,-143,-134,-93,-26,42,113,173,195,181,130,50,-49,-147,-221,-254,-234,-163,-44,87,208,292,318,274,168,17,-151,-284,-362,-359,-275,-137,42,223,352,411,383,259,69,-134,-308,-419,-437,-355,-191,16,224,386,456,422,293,91,-133,-323,-440,-456,-365,-187,34,251,414,479,425,265,48,-182,0,-492,-479,-353,-140,114,342,492,532,445,250,-13,-278,-488,-587,-548,-377,-117,176,440,607,635,511,264,-50,-359,-590,-689,-630,-426,-111,232,526,708,721,561,277,-80,-432,-686,-798,-719,-464,-102,295,631,823,842,664,323,-92,-497,-800,-928,-851,-585,-183,282,686,931,976,806,455,4,-462,-829,-1002,-962,-717,-311,162,597,905,1017,902,589,154,-312,-703,-936,-971,-796,-454,-13,418,751,918,890,670,313,-104,-484,-755,-861,-782,-539,-189,190,516,732,790,681,437,113,-229,-509,-678,-711,-599,-377,-92,207,451,600,643,567,394,162,-79,-285,-432,-503,-488,-403,-281,-147,0,0,0,0,0,-134,-109,-66,-3,78,157,216,242,230,171,77,-34,-143,-231,-281,-279,-219,-109,32,171,279,332,310,227,94,-72,-236,-352,-394,-348,-223,-40,160,335,446,463,371,196,-31,-264,-449,-536,-515,-383,-157,120,384,574,641,572,377,79,-246,-516,-685,-718,-585,-319,17,366,646,785,753,556,239,-134,-496,-755,-838,-737,-482,-116,286,628,826,848,686,369,-35,-440,-748,-879,-816,-577,-213,206,581,824,884,747,433,22,-391,-710,-871,-835,-609,-245,174,556,811,883,754,453,48,-364,-694,-872,-856,-636,-266,154,537,802,893,780,487,81,-331,-674,-861,-854,-652,-301,117,0,778,866,762,484,96,-315,-651,-835,-827,-628,-284,121,494,754,840,728,441,50,-347,-655,-820,-800,-587,-234,169,525,760,823,690,388,3,-382,-683,-824,-772,-545,-192,205,553,774,811,658,358,-22,-391,-672,-799,-738,-510,-171,206,527,725,746,599,323,-26,-365,-609,-711,-647,-440,-133,197,466,625,635,498,248,-54,-336,-525,-583,-509,-316,-56,206,418,524,502,365,151,-98,-315,-452,-482,-399,-227,-6,210,368,435,402,275,83,-115,-273,-363,-372,-297,-153,18,175,286,324,283,179,44,-98,-205,-260,-252,-181,-71,48,150,202,205,168,88,-11,-94,-146,-160,-135,0,0,0,0,0,78,123,129,100,44,-26,-84,-121,-127,-97,-40,27,88,134,141,115,61,-15,-91,-143,-162,-147,-100,-29,50,121,165,174,143,82,4,-72,-133,-164,-159,-123,-63,9,72,114,139,142,112,62,7,-48,-93,-119,-120,-103,-78,-42,2,46,85,111,117,111,87,44,-11,-75,-128,-158,-161,-136,-83,-2,89,166,217,226,188,108,-5,-126,-223,-281,-286,-226,-110,39,186,300,351,325,226,70,-100,-261,-370,-395,-332,-201,-18,177,335,421,413,307,132,-77,-273,-411,-452,-389,-241,-40,176,355,451,445,332,140,-88,-295,-435,-471,-396,-228,-8,220,400,484,445,0,92,-153,-359,-484,-505,-404,-193,67,317,495,559,497,311,47,-234,-471,-607,-595,-444,-191,117,411,606,659,570,347,35,-294,-561,-700,-673,-491,-195,157,477,699,760,647,377,5,-372,-673,-825,-784,-568,-223,195,573,822,894,762,456,42,-396,-761,-948,-921,-694,-308,151,582,888,1000,896,591,148,-320,-718,-968,-1008,-822,-464,-4,459,816,988,946,708,319,-140,-569,-863,-967,-862,-577,-177,255,618,841,882,735,440,59,-330,-642,-813,-804,-622,-324,28,372,630,743,710,537,254,-69,-368,-588,-681,-643,-489,-248,27,281,476,577,580,493,330,136,-51,-207,-306,-344,0,0,0,0,0,-77,-131,-177,-202,-195,-156,-85,6,101,190,248,260,233,156,38,-90,-208,-284,-306,-269,-172,-30,131,267,343,351,285,155,-18,-200,-345,-418,-403,-292,-116,101,303,449,505,446,286,54,-206,-430,-570,-586,-473,-248,36,330,560,676,654,488,202,-140,-459,-682,-764,-678,-446,-112,263,590,783,809,666,370,-18,-405,-700,-843,-805,-597,-245,165,537,788,866,752,473,86,-324,-666,-860,-861,-667,-322,98,492,775,885,795,525,139,-283,-652,-862,-872,-692,-355,57,456,756,888,817,555,163,-261,-628,-851,-876,-710,-383,31,438,750,888,818,574,197,-229,-599,-829,-872,0,-400,8,413,721,866,810,562,193,-216,-575,-801,-842,-684,-370,32,422,709,830,761,513,148,-247,-588,-792,-809,-635,-315,82,457,719,817,732,468,92,-300,-626,-803,-795,-612,-284,112,481,735,817,712,439,71,-304,-604,-765,-749,-564,-254,110,446,671,740,637,387,52,-281,-540,-668,-644,-463,-186,130,410,581,613,503,279,-2,-273,-478,-565,-511,-342,-101,157,370,490,500,394,191,-50,-265,-414,-463,-405,-253,-51,153,315,395,386,284,119,-64,-224,-326,-348,-288,-166,-11,138,248,297,269,186,58,-76,-177,-235,-239,-180,-81,23,112,175,190,151,80,-1,-75,0,0
10722,mtk,MTK 7916,4082267466,rx0-tx0,512,575,-606,-490,144,334,498,638,736,787,797,756,675,558,405,230,37,-159,-352,-529,-678,-785,-850,-860,-820,-721,-578,-400,-187,50,281,501,700,842,930,963,927,836,678,470,223,-32,-279,-515,-717,-867,-953,-978,-937,-830,-671,-470,-233,13,249,468,655,789,873,901,868,785,656,483,277,65,-155,-356,-517,-667,-762,-803,-799,-746,-650,-504,-338,-152,40,229,396,534,644,712,730,702,637,532,395,226,51,-133,-304,-446,-558,-640,-681,-669,-611,-514,-390,-236,-72,97,256,394,498,565,594,582,523,444,327,197,58,-77,-198,-306,-382,-438,-464,-449,-411,-339,-259,-167,-67,33,131,-588,275,330,351,346,325,280,221,146,64,-14,-93,-158,-216,-254,-266,-252,-233,-191,-142,-89,-26,37,82,120,153,163,153,135,106,68,27,-5,-35,-60,-70,-71,-55,-33,-2,38,70,89,109,114,99,61,16,-34,-95,-157,-203,-239,-254,-247,-208,-151,-72,26,125,226,313,371,398,398,368,284,186,71,-55,-189,-301,-391,-454,-477,-474,-425,-339,-222,-80,59,194,312,406,470,511,489,435,355,243,113,-26,-165,-284,-374,-439,-471,-459,-420,-350,-251,-135,-8,120,235,329,397,435,433,392,324,222,100,-24,-151,-267,-351,-397,-395,-347,-260,-136,-7,112,200,246,-586,-664,-615,173,310,212,123,-17,-172,-321,-432,-489,-482,-406,-282,-125,54,234,392,499,566,586,545,453,314,148,-32,-215,-374,-515,-607,-636,-619,-552,-442,-285,-112,72,252,413,538,617,650,633,563,452,305,137,-41,-213,-355,-474,-560,-599,-597,-546,-464,-352,-207,-52,98,226,337,429,482,496,480,443,370,274,175,56,-50,-157,-250,-311,-363,-391,-399,-375,-323,-266,-191,-108,-28,44,128,201,245,281,302,302,299,271,234,185,126,75,8,-51,-111,-176,-233,-268,-296,-303,-298,-283,-249,-202,-144,-76,1,82,157,237,302,344,381,393,380,348,289,212,112,5,-108,-223,-328,-422,-291,-517,-525,-500,-441,-343,-222,-79,68,219,361,487,587,647,666,648,570,457,313,138,-52,-237,-417,-565,-680,-747,-772,-741,-663,-550,-382,-197,4,207,392,561,699,794,835,828,779,676,519,330,121,-104,-325,-535,-719,-861,-941,-970,-950,-849,-687,-480,-241,22,290,545,761,937,1061,1105,1081,981,816,592,322,33,-267,-553,-802,-1002,-1134,-1181,-1155,-1049,-870,-631,-350,-44,268,559,801,1000,1137,1189,1156,1050,869,630,353,59,-235,-515,-763,-949,-1070,-1120,-1096,-990,-820,-610,-351,-75,199,458,680,844,949,1003,985,900,764,578,362,131,-106,-329,-522,-688,-800,-859,-862,-817,-270,-130,-184,274,450,796,729,629,487,315,127,-64,-254,-428,-578,-699,-777,-810,-795,-738,-640,-501,-326,-120,97,312,512,678,808,895,923,885,793,643,440,217,-33,-283,-515,-717,-867,-961,-984,-947,-842,-680,-470,-231,23,276,506,694,843,926,948,907,812,660,466,248,18,-208,-410,-590,-732,-823,-855,-843,-762,-653,-503,-308,-106,95,291,467,605,698,754,762,722,632,514,366,193,11,-170,-337,-487,-603,-675,-702,-698,-635,-535,-399,-242,-68,105,269,410,529,610,643,633,575,480,358,216,67,-93,-231,-350,-448,-505,-528,-514,-470,-394,-295,-187,-60,58,166,260,329,377,399,395,360,321,236,159,64,-19,-107,-184,-245,-289,-306,-304,-281,-242,-187,-119,-41,26,89,142,176,202,213,199,170,135,91,37,-4,-42,-77,-103,-111,-105,-92,-60,-22,12,42,56,69,75,59,35,-6,-55,-104,-142,-163,-174,-173,-140,-96,-31,45,130,205,269,318,339,326,288,211,113,4,-103,-222,-326,-396,-440,-459,-428,-359,-270,-145,-12,131,268,372,454,496,499,469,395,292,167,22,-127,-245,-354,-435,-481,-494,-465,-397,-300,-186,-57,71,190,302,383,433,449,433,379,295,189,70,-59,-176,-283,-366,-410,-419,-394,-324,-215,-88,48,171,273,336,345,304,221,115,-306,-120,-78,514,448,-243,-336,-389,-381,-310,-180,-18,160,321,449,528,552,515,414,274,113,-67,-245,-398,-521,-595,-622,-585,-499,-376,-208,-27,154,328,479,586,642,651,611,518,377,210,31,-153,-322,-466,-572,-631,-642,-593,-508,-394,-247,-86,77,231,352,456,524,558,541,489,406,301,172,47,-76,-190,-299,-369,-423,-440,-435,-407,-343,-260,-174,-84,5,105,183,252,305,335,342,335,312,263,209,155,82,13,-57,-128,-182,-232,-264,-285,-296,-285,-274,-247,-196,-138,-71,-4,60,125,192,246,291,316,332,325,307,272,212,141,64,-35,-128,-221,-307,-378,-429,-452,-456,-427,-371,-280,374,-60,76,214,346,455,535,585,596,574,508,407,274,116,-42,-218,-388,-529,-642,-709,-728,-703,-628,-503,-342,-159,36,237,408,570,695,769,803,776,710,599,448,260,56,-155,-356,-550,-706,-820,-887,-897,-857,-762,-612,-418,-185,45,297,536,738,896,1002,1047,1019,916,757,550,292,6,-281,-556,-788,-983,-1104,-1157,-1135,-1026,-852,-621,-339,-32,267,557,807,1008,1137,1192,1165,1052,874,642,357,50,-254,-535,-791,-985,-1110,-1157,-1127,-1027,-854,-626,-359,-71,220,492,719,900,1025,1066,1042,950,795,585,354,99,-162,-403,-610,-779,-885,-935,-924,-853,-738,-577,-384,-169,45,256,445,515
10723,mtk,MTK 7916,4082267466,rx0-tx1,512,-196,169,67,683,552,391,195,-21,-237,-450,-629,-775,-884,-929,-910,-832,-698,-505,-280,-32,227,472,696,874,995,1054,1035,957,815,608,354,72,-215,-491,-738,-937,-1082,-1148,-1140,-1056,-899,-685,-422,-124,183,474,734,956,1111,1190,1191,1113,963,749,485,189,-110,-417,-693,-917,-1084,-1169,-1193,-1134,-999,-803,-552,-277,24,320,591,821,1001,1107,1139,1103,1003,837,615,355,87,-190,-453,-685,-870,-999,-1061,-1059,-985,-857,-690,-461,-213,40,294,527,723,872,966,1010,982,890,747,561,341,109,-140,-374,-590,-760,-883,-952,-967,-916,-806,-653,-466,-243,2,244,466,666,823,925,976,962,881,753,-430,348,97,-160,-410,-637,-821,-952,-1014,-1012,-945,-812,-621,-388,-122,149,412,651,846,983,1048,1028,943,798,597,346,72,-195,-450,-676,-847,-952,-1001,-968,-872,-720,-518,-284,-30,224,447,642,781,873,892,852,755,609,428,223,-4,-212,-392,-547,-661,-727,-744,-712,-635,-514,-369,-204,-29,146,298,433,535,592,613,593,534,443,330,191,49,-91,-222,-331,-415,-474,-497,-480,-432,-370,-279,-169,-57,60,160,245,317,362,387,380,350,296,225,146,49,-39,-119,-190,-251,-292,-314,-314,-287,-239,-176,-104,-20,63,143,203,253,282,273,240,181,106,22,-63,-132,-179,-194,-180,340,306,320,-1149,-730,-169,-92,16,131,239,318,367,366,317,233,131,9,-121,-229,-323,-399,-433,-433,-398,-327,-239,-124,2,131,256,365,441,494,515,495,437,351,235,96,-64,-219,-365,-489,-579,-645,-654,-616,-536,-410,-248,-61,137,343,527,667,767,816,793,714,571,391,179,-64,-299,-512,-691,-817,-889,-886,-825,-694,-517,-310,-57,191,421,615,762,859,890,853,758,611,418,205,-25,-254,-455,-618,-734,-801,-808,-754,-660,-520,-339,-149,44,226,395,531,627,685,689,649,570,452,319,167,6,-150,-295,-411,-507,-563,-585,-573,-527,-458,-355,-236,-103,36,172,289,394,478,529,550,537,230,421,324,204,73,-70,-206,-330,-430,-506,-555,-557,-529,-471,-373,-255,-123,21,162,291,401,478,529,545,520,466,385,273,145,19,-110,-226,-323,-398,-452,-466,-455,-426,-360,-269,-175,-77,21,117,202,272,318,345,351,345,322,274,222,159,96,30,-39,-94,-146,-190,-228,-257,-272,-279,-273,-255,-228,-196,-143,-94,-29,33,100,172,234,281,322,345,348,338,304,257,183,98,12,-89,-179,-268,-345,-398,-439,-448,-428,-386,-319,-234,-133,-16,104,219,333,422,487,527,542,518,464,376,264,133,-14,-160,-300,-432,-535,-615,-653,-649,-602,-522,-407,-252,-82,97,271,434,-490,-988,472,-312,-341,-438,-598,-730,-816,-849,-830,-754,-623,-458,-246,-6,232,458,664,830,939,994,974,896,753,552,314,46,-226,-480,-719,-909,-1041,-1105,-1091,-1007,-850,-642,-384,-97,199,488,744,955,1102,1177,1170,1086,936,717,451,156,-152,-457,-727,-947,-1106,-1184,-1189,-1127,-981,-780,-522,-231,70,376,647,878,1046,1147,1179,1126,1005,822,586,310,24,-260,-526,-764,-947,-1060,-1105,-1087,-997,-849,-653,-415,-152,119,377,599,795,943,1016,1037,990,880,718,512,282,34,-220,-452,-653,-816,-925,-981,-973,-904,-780,-608,-405,-175,67,306,523,701,841,935,966,931,846,705,518,299,59,-198,-432,-637,-1099,-930,-993,-989,-923,-792,-606,-371,-116,148,404,640,832,967,1033,1028,952,814,614,373,102,-175,-435,-665,-851,-979,-1030,-1012,-923,-767,-556,-320,-56,217,455,663,821,925,959,915,815,658,468,245,11,-216,-423,-598,-724,-803,-822,-778,-692,-558,-389,-199,-10,179,350,493,597,657,673,645,577,478,344,197,44,-111,-254,-373,-468,-534,-553,-542,-489,-404,-302,-180,-54,78,186,286,368,417,438,424,386,326,247,154,58,-44,-133,-218,-276,-323,-344,-341,-317,-276,-210,-132,-50,38,121,194,245,282,298,290,256,198,131,42,-49,-127,-191,-233,-250,-234,-189,-119,-41,31,-66,-161,-298,-594,-1077,195,264,301,294,235,145,29,-99,-217,-312,-377,-412,-395,-343,-270,-165,-42,82,202,299,384,446,469,456,410,333,228,108,-34,-177,-300,-415,-502,-566,-580,-550,-482,-377,-252,-89,98,273,435,568,669,723,726,677,567,411,230,13,-209,-422,-611,-746,-841,-871,-829,-725,-562,-356,-123,122,362,580,738,857,910,885,802,655,470,253,10,-231,-444,-623,-756,-832,-855,-803,-702,-554,-376,-174,46,250,430,583,684,735,742,697,612,481,331,154,-27,-199,-350,-473,-559,-618,-633,-610,-546,-448,-331,-193,-49,95,224,342,443,508,550,556,527,469,387,277,149,15,-126,-198,-355,-447,-511,-550,-553,-516,-446,-349,-235,-99,46,179,313,421,494,540,555,535,478,384,267,140,1,-134,-255,-364,-449,-495,-511,-494,-442,-368,-276,-165,-40,69,176,274,341,385,407,410,387,340,272,197,117,38,-41,-123,-185,-233,-268,-286,-301,-293,-274,-245,-205,-161,-110,-59,-2,56,115,159,209,249,280,302,301,297,270,226,172,111,31,-46,-128,-206,-277,-343,-379,-403,-399,-368,-323,-254,-172,-73,40,148,250,342,413,465,489,482,456,394,306,196,76,-59,-194,-321,-432,-518,-576,-598,-584,-536,-451,-333,-193,-36,129,291,436,566,660,709,716,676,593,1204,832
10724,mtk,MTK 7916,4082267466,rx1-tx0,512,-124,-1064,-903,254,383,480,536,557,535,461,357,223,71,-86,-236,-373,-482,-541,-560,-543,-485,-379,-250,-101,61,215,361,467,540,576,572,522,429,311,159,-4,-165,-318,-446,-544,-610,-633,-599,-532,-429,-282,-119,58,235,395,532,632,691,703,664,575,448,281,93,-105,-297,-473,-628,-739,-794,-805,-751,-638,-485,-290,-72,157,377,579,741,844,897,890,812,666,483,259,20,-225,-463,-663,-814,-913,-949,-918,-825,-671,-477,-244,4,248,480,675,823,926,957,925,833,693,500,282,38,-211,-450,-655,-820,-939,-987,-973,-903,-766,-584,-351,-98,171,425,661,857,988,1060,1067,995,860,231,424,140,-162,-453,-720,-939,-1108,-1191,-1196,-1113,-953,-723,-436,-109,225,554,851,1088,1252,1332,1309,1191,991,724,387,25,-330,-672,-974,-1209,-1359,-1406,-1356,-1219,-988,-688,-336,44,417,769,1066,1282,1418,1448,1382,1215,970,653,282,-113,-501,-846,-1142,-1366,-1481,-1507,-1431,-1240,-957,-602,-197,221,637,1005,1307,1523,1608,1570,1422,1151,804,389,-61,-502,-910,-1234,-1448,-1561,-1546,-1403,-1152,-817,-427,-1,416,785,1073,1273,1356,1343,1221,1015,730,388,32,-305,-616,-869,-1042,-1139,-1120,-1026,-854,-616,-326,-23,276,543,757,909,961,927,810,617,357,58,-231,-478,-671,-759,-743,-621,-420,-177,52,-132,-536,806,-340,-213,-381,-311,-156,42,256,452,591,662,649,548,384,179,-60,-294,-501,-673,-778,-807,-769,-659,-487,-269,-19,236,479,695,844,942,956,900,765,564,307,17,-285,-576,-822,-1011,-1130,-1162,-1102,-951,-726,-422,-79,271,605,914,1165,1307,1365,1311,1152,891,559,181,-213,-608,-971,-1250,-1424,-1502,-1454,-1301,-1055,-703,-314,103,516,894,1210,1422,1535,1537,1407,1164,851,480,70,-342,-735,-1061,-1303,-1450,-1482,-1415,-1243,-983,-652,-280,108,484,814,1080,1286,1386,1393,1299,1107,854,536,190,-168,-515,-820,-1068,-1229,-1315,-1304,-1207,-1024,-777,-485,-158,180,509,799,1021,1186,1268,1256,1165,1003,759,473,-49,-171,-488,-774,-1012,-1175,-1260,-1264,-1180,-1020,-790,-495,-167,174,509,809,1062,1235,1332,1329,1238,1059,800,486,126,-232,-592,-906,-1152,-1324,-1396,-1359,-1231,-1010,-727,-373,-9,358,709,1009,1222,1343,1375,1300,1133,884,579,236,-123,-473,-769,-1012,-1182,-1254,-1241,-1131,-949,-703,-412,-96,214,494,749,934,1039,1080,1047,938,768,546,299,39,-218,-451,-652,-794,-880,-903,-869,-773,-633,-454,-245,-26,188,396,567,686,757,777,742,658,536,368,180,-11,-209,-377,-514,-622,-689,-687,-642,-561,-426,-270,-100,80,251,400,512,591,618,606,544,442,310,158,-6,-169,-318,-434,-517,-564,-560,-526,-399,-603,289,-73,-577,498,405,276,137,-11,-166,-310,-428,-513,-555,-552,-509,-428,-302,-153,1,155,307,429,513,561,565,531,455,337,198,46,-116,-273,-405,-508,-579,-598,-584,-516,-415,-290,-140,29,199,346,481,583,643,664,633,553,434,279,107,-81,-267,-436,-577,-682,-743,-751,-705,-609,-470,-288,-87,125,341,527,683,797,858,854,793,666,489,271,49,-196,-432,-635,-787,-890,-929,-912,-824,-669,-473,-242,4,250,477,674,827,929,952,916,822,667,480,256,10,-232,-463,-666,-826,-922,-969,-948,-867,-721,-536,-312,-57,186,431,646,825,949,1015,1013,947,820,631,393,130,-161,-433,-681,-568,-1042,-1128,-1137,-1062,-913,-702,-436,-132,191,500,781,1014,1178,1259,1251,1157,979,725,419,79,-276,-611,-905,-1145,-1304,-1363,-1330,-1205,-985,-698,-359,11,377,728,1031,1251,1394,1430,1375,1223,968,658,296,-83,-461,-806,-1096,-1315,-1445,-1477,-1403,-1228,-970,-630,-251,135,540,908,1216,1438,1552,1553,1444,1225,919,526,89,-343,-766,-1129,-1400,-1568,-1612,-1533,-1326,-1012,-630,-204,245,664,1021,1285,1449,1491,1412,1220,939,591,213,-170,-533,-836,-1073,-1208,-1240,-1180,-1038,-806,-535,-211,117,418,684,884,1007,1040,991,851,651,386,92,-197,-470,-690,-844,-895,-838,-695,-469,-194,87,335,506,577,543,890,710,-321,-173,-329,195,355,488,544,525,415,236,17,-221,-435,-602,-711,-745,-695,-582,-408,-185,57,292,516,698,826,880,856,768,606,397,146,-132,-402,-651,-851,-990,-1058,-1041,-937,-749,-503,-212,116,441,739,989,1172,1256,1245,1136,947,654,311,-57,-442,-795,-1094,-1307,-1426,-1434,-1335,-1122,-813,-451,-40,381,761,1101,1356,1495,1537,1451,1257,960,591,191,-232,-648,-1004,-1275,-1457,-1529,-1490,-1339,-1078,-751,-367,34,429,795,1094,1307,1423,1441,1352,1166,911,588,226,-141,-506,-821,-1075,-1256,-1339,-1343,-1242,-1064,-807,-502,-166,183,510,802,1034,1199,1281,1279,1186,1006,766,476,147,-191,-500,-788,-1019,-1176,425,-1252,-1169,-1008,-780,-487,-166,172,493,782,1026,1202,1291,1298,1213,1045,797,499,161,-195,-535,-851,-1101,-1285,-1369,-1359,-1255,-1051,-772,-440,-65,303,652,953,1192,1342,1385,1345,1201,962,653,313,-54,-421,-752,-1019,-1210,-1309,-1320,-1222,-1044,-803,-498,-161,179,498,768,982,1117,1176,1137,1036,860,614,343,60,-228,-491,-706,-866,-955,-984,-943,-846,-690,-492,-266,-28,205,417,590,727,812,834,800,716,578,411,217,9,-201,-381,-537,-654,-716,-731,-697,-609,-486,-335,-147,46,217,382,520,600,649,649,601,500,373,216,47,-122,-284,-417,-513,-576,-596,-567,-494,-381,-252,-94,66,209,516,275
10725,mtk,MTK 7916,4082267466,rx1-tx1,512,0,0,0,-526,-665,-622,-403,-68,291,573,693,622,380,25,-340,-615,-721,-626,-359,6,374,643,725,600,310,-63,-413,-651,-715,-578,-275,108,465,686,706,534,214,-172,-508,-704,-695,-493,-151,234,553,709,669,437,83,-299,-602,-728,-646,-381,2,386,657,741,615,310,-81,-457,-709,-756,-586,-255,155,527,754,766,558,195,-232,-600,-795,-763,-526,-143,292,658,841,788,518,101,-344,-694,-863,-797,-506,-77,369,722,873,782,484,62,-381,-718,-853,-758,-465,-45,378,689,813,710,420,17,-383,-664,-759,-649,-367,11,377,637,705,569,287,-62,-398,-614,-648,-498,-211,130,433,603,0,428,132,-196,-461,-592,-555,-366,-63,265,518,620,551,328,8,-326,-570,-655,-556,-303,37,370,615,694,582,312,-42,-387,-629,-697,-586,-323,32,384,621,685,573,318,-19,-345,-574,-646,-543,-296,24,327,536,587,475,239,-60,-332,-498,-519,-393,-160,113,352,476,462,314,73,-189,-391,-482,-432,-258,-6,260,451,513,442,237,-39,-311,-505,-556,-460,-250,33,317,514,582,501,288,1,-286,-495,-571,-500,-306,-37,236,435,519,475,309,66,-188,-381,-467,-434,-291,-75,151,329,423,419,298,100,-111,-293,-405,-421,-339,-183,13,198,333,397,379,293,161,13,-114,-203,0,0,0,0,0,221,153,46,-97,-243,-364,-425,-406,-303,-133,76,284,441,505,461,308,78,-175,-399,-540,-552,-426,-195,85,352,546,609,516,290,-16,-331,-571,-668,-607,-386,-57,304,595,740,698,479,132,-260,-594,-780,-769,-568,-214,207,579,807,828,640,280,-156,-551,-807,-860,-684,-327,109,522,798,860,698,351,-96,-512,-793,-871,-719,-377,65,498,788,869,725,390,-56,-485,-779,-870,-730,-393,46,471,771,862,716,383,-48,-461,-752,-840,-698,-367,56,454,727,803,659,337,-72,-460,-719,-776,-621,-298,99,471,713,747,577,252,-146,-508,-726,-737,-547,-201,199,543,742,739,534,0,-250,-592,-763,-729,-503,-131,286,629,796,746,495,103,-324,-658,-811,-745,-470,-68,352,678,816,733,449,39,-385,-699,-821,-718,-406,19,423,715,812,677,353,-77,-486,-755,-814,-648,-297,140,533,778,813,620,247,-196,-581,-809,-814,-583,-186,257,625,821,793,542,140,-311,-672,-846,-787,-501,-81,353,695,845,756,461,40,-398,-714,-836,-731,-426,-5,418,717,813,684,377,-32,-431,-697,-765,-626,-317,77,441,674,710,544,234,-140,-465,-646,-647,-462,-143,203,485,631,595,383,66,-268,-517,-615,-537,-309,17,339,554,608,494,239,-92,-398,-591,-613,-466,-183,159,457,0,0,0,0,0,407,85,-271,-556,-689,-628,-391,-49,309,589,702,618,361,3,-356,-618,-711,-610,-338,31,396,651,723,590,293,-84,-440,-667,-708,-555,-242,140,482,689,698,511,181,-201,-531,-709,-682,-462,-114,272,578,725,665,410,42,-338,-627,-742,-638,-350,37,415,676,741,594,285,-115,-491,-726,-758,-568,-213,201,570,781,773,549,165,-264,-623,-813,-782,-530,-123,319,679,853,790,508,88,-357,-705,-862,-789,-503,-73,374,718,862,774,480,56,-380,-706,-835,-735,-439,-36,367,670,786,680,392,7,-376,-645,-734,-619,-330,44,385,612,668,536,255,-91,-405,-599,-617,-461,-182,0,448,598,575,393,94,-236,-490,-609,-559,-345,-27,300,538,638,560,309,-28,-358,-597,-678,-570,-299,56,398,631,701,582,310,-42,-386,-636,-705,-582,-315,28,371,607,675,564,302,-32,-343,-553,-612,-508,-269,38,328,517,552,432,195,-84,-332,-482,-481,-345,-117,143,361,473,446,283,31,-232,-426,-503,-441,-249,23,285,474,547,460,240,-48,-316,-504,-569,-485,-266,18,297,503,571,497,298,20,-257,-461,-545,-486,-308,-54,203,401,497,461,305,74,-167,-356,-452,-428,-291,-85,135,320,424,414,310,130,-76,-258,-380,-419,-367,-238,-66,105,244,328,342,298,206,0,0,0,0,0,163,266,338,353,298,181,22,-160,-331,-448,-472,-395,-234,-12,223,414,516,503,370,140,-129,-377,-546,-582,-476,-247,50,347,565,645,561,334,15,-317,-576,-702,-653,-433,-90,284,593,755,735,531,176,-234,-587,-795,-801,-596,-243,179,560,803,850,672,313,-132,-539,-809,-871,-704,-351,99,519,789,860,708,364,-75,-497,-792,-877,-725,-378,70,497,790,876,731,386,-60,-479,-778,-875,-730,-388,44,472,765,849,707,382,-47,-459,-741,-819,-680,-360,62,460,718,781,638,319,-87,-465,-712,-763,-598,-274,123,489,714,745,565,228,-169,-523,-733,-737,-531,-180,223,562,0,739,515,149,-265,-608,-784,-744,-500,-117,301,639,806,745,476,80,-340,-672,-817,-735,-456,-53,370,692,818,717,417,7,-401,-705,-817,-693,-376,46,459,733,808,660,320,-113,-509,-759,-808,-633,-271,171,567,805,816,600,213,-230,-611,-827,-814,-571,-167,277,645,836,790,518,107,-332,-687,-847,-769,-480,-56,381,710,848,752,452,24,-403,-718,-828,-710,-405,13,423,709,790,656,345,-56,-436,-681,-732,-587,-281,102,449,655,673,507,202,-160,-473,-644,-621,-419,-107,231,505,621,557,336,18,-305,-541,-619,-517,-267,59,366,570,613,481,212,-126,-429,-609,-621,-459,0,0
10726,mtk,MTK 7916,4082267466,rx2-tx0,512,0,0,0,339,478,484,349,110,-164,-395,-514,-489,-328,-69,218,439,540,488,294,14,-270,-483,-556,-465,-244,46,328,519,563,442,190,-118,-394,-559,-565,-407,-128,192,455,589,552,356,50,-275,-520,-615,-533,-295,36,363,589,646,518,231,-136,-466,-665,-675,-492,-158,230,557,737,706,462,86,-323,-653,-801,-722,-440,-19,416,744,865,749,413,-47,-497,-823,-929,-774,-399,90,562,880,969,783,375,-132,-605,-925,-988,-776,-349,172,655,966,1009,772,325,-204,-680,-976,-1000,-751,-301,231,704,980,979,720,268,-258,-708,-961,-945,-675,-223,292,723,949,910,621,163,-334,-736,-933,0,-557,-104,380,759,922,824,496,28,-443,-798,-924,-792,-442,36,507,842,944,784,407,-87,-565,-893,-976,-788,-378,134,613,923,988,784,356,-176,-660,-966,-1007,-778,-342,199,694,997,1025,784,323,-231,-718,-1021,-1043,-776,-312,242,736,1027,1046,786,306,-249,-739,-1043,-1062,-792,-319,235,737,1042,1066,810,348,-204,-697,-1005,-1053,-822,-383,152,638,952,1013,811,405,-94,-563,-870,-942,-773,-410,48,481,781,872,735,412,-7,-409,-693,-796,-695,-420,-45,327,602,723,664,434,104,-235,-510,-661,-643,-468,-188,125,398,573,619,527,328,73,-185,-390,-503,-515,-433,-285,-116,42,0,0,0,0,0,-386,-464,-463,-371,-190,48,302,520,644,639,491,225,-103,-425,-656,-740,-653,-401,-41,340,647,806,771,540,157,-280,-660,-883,-890,-670,-266,231,683,970,1015,799,365,-176,-689,-1043,-1133,-936,-488,104,686,1101,1245,1072,612,-22,-654,-1127,-1319,-1185,-737,-83,602,1133,1376,1260,816,164,-536,-1104,-1385,-1307,-890,-239,467,1058,1366,1311,918,284,-418,-1004,-1328,-1297,-922,-311,381,959,1282,1261,900,308,-359,-923,-1229,-1207,-866,-293,356,900,1190,1153,808,260,-354,-867,-1144,-1107,-768,-231,362,855,1106,1050,716,192,-380,-841,-1068,-1000,-662,-148,398,833,1034,947,600,95,-431,-837,-1007,0,-545,-46,464,843,983,851,486,-13,-501,-851,-970,-818,-436,60,533,859,946,769,379,-109,-564,-863,-916,-719,-328,150,584,852,880,660,265,-201,-611,-841,-833,-597,-200,246,615,804,772,524,133,-286,-622,-774,-707,-445,-64,330,624,733,633,356,-15,-372,-618,-682,-552,-265,94,418,618,635,467,174,-167,-455,-606,-578,-387,-86,233,478,585,516,299,2,-292,-505,-565,-462,-226,75,344,511,533,398,146,-145,-390,-524,-498,-333,-76,203,418,510,454,269,6,-257,-440,-497,-414,-208,58,298,449,468,352,133,-124,-343,-460,-441,-295,-63,191,390,471,416,238,-14,-256,0,0,0,0,0,-367,-143,127,363,497,490,339,89,-190,-414,-523,-489,-309,-39,241,460,548,475,270,-15,-304,-505,-561,-459,-226,73,358,534,557,425,165,-151,-423,-572,-554,-380,-90,232,490,603,539,325,14,-317,-553,-627,-528,-267,81,411,626,656,495,192,-172,-501,-690,-677,-463,-109,284,612,773,718,449,45,-377,-700,-841,-745,-431,8,455,782,899,766,414,-67,-533,-857,-944,-775,-388,118,593,909,982,786,367,-156,-635,-945,-1001,-781,-345,188,672,970,1000,762,321,-215,-692,-976,-988,-730,-283,243,703,966,966,701,248,-270,-713,-951,-928,-651,-193,313,727,941,885,586,134,0,-742,-921,-844,-527,-62,422,779,921,815,476,0,-474,-812,-931,-790,-429,60,537,859,950,779,386,-115,-586,-907,-981,-780,-363,153,634,952,1006,785,345,-189,-674,-977,-1019,-786,-330,215,707,1007,1039,788,316,-244,-738,-1030,-1049,-784,-304,253,748,1045,1061,794,319,-245,-750,-1054,-1070,-802,-334,226,726,1029,1059,817,362,-178,-667,-977,-1034,-818,-391,132,606,909,980,792,404,-75,-523,-830,-914,-757,-411,31,450,743,838,717,417,19,-372,-656,-765,-672,-420,-72,287,567,696,650,446,145,-184,-463,-627,-638,-499,-251,39,307,499,579,540,398,191,-29,-224,-352,-401,-378,0,0,0,0,0,173,1,-192,-388,-535,-590,-530,-356,-95,201,474,657,697,581,327,-21,-375,-648,-775,-719,-479,-106,307,652,846,828,598,209,-251,-672,-927,-950,-731,-309,205,686,1011,1081,871,426,-143,-685,-1069,-1191,-1000,-548,58,667,1113,1285,1129,668,20,-639,-1141,-1357,-1228,-781,-127,571,1129,1390,1288,854,203,-501,-1083,-1386,-1317,-905,-269,440,1032,1349,1307,924,306,-393,-982,-1304,-1276,-912,-309,370,946,1263,1234,886,306,-355,-904,-1208,-1184,-839,-280,347,884,1169,1131,790,243,-356,-859,-1126,-1078,-737,-210,372,847,1083,1021,687,167,-392,-838,-1051,-971,-628,-122,415,833,1020,922,572,68,0,-841,-997,-879,-517,-13,490,849,973,832,465,-30,-519,-863,-960,-789,-405,87,554,862,933,741,349,-135,-575,-852,-897,-697,-299,178,594,846,859,633,239,-218,-610,-826,-807,-565,-171,262,615,793,742,486,99,-310,-622,-754,-673,-401,-19,357,621,704,592,312,-51,-395,-619,-659,-509,-214,134,437,613,609,426,125,-204,-472,-597,-554,-348,-45,267,497,575,486,263,-36,-324,-510,-549,-428,-185,110,372,519,519,366,108,-178,-409,-521,-480,-302,-42,226,431,504,434,240,-24,-281,-449,-489,-382,-163,98,323,455,459,326,98,-162,-369,-468,-431,-264,-24,221,409,475,392,0,0
10727,mtk,MTK 7916,4082267466,rx2-tx1,512,0,0,0,-125,-106,-48,21,86,123,114,69,8,-60,-115,-130,-111,-58,21,89,138,151,118,52,-27,-100,-148,-160,-133,-69,16,96,145,162,139,83,7,-70,-127,-151,-143,-101,-39,29,92,123,124,106,70,18,-38,-82,-111,-117,-104,-70,-27,22,70,102,123,123,91,42,-18,-93,-148,-170,-156,-106,-30,62,155,216,227,183,87,-38,-160,-247,-288,-253,-146,0,153,281,344,324,213,41,-146,-303,-386,-368,-259,-78,133,311,412,409,298,104,-116,-306,-426,-435,-334,-141,96,309,438,449,343,145,-94,-310,-444,-458,-348,-144,106,327,452,458,341,128,-125,-346,-466,0,-331,-104,156,380,504,491,339,90,-187,-426,-549,-530,-359,-82,224,477,606,572,384,86,-242,-509,-646,-625,-427,-103,248,537,687,655,445,110,-269,-581,-737,-699,-474,-110,293,629,793,757,516,129,-302,-668,-861,-830,-589,-177,290,685,909,898,647,225,-259,-684,-936,-953,-723,-302,195,645,944,1003,798,387,-115,-588,-916,-1012,-853,-480,14,503,855,990,878,549,83,-397,-766,-945,-882,-597,-171,278,653,863,854,633,260,-167,-538,-773,-815,-656,-342,45,409,665,755,661,416,83,-259,-529,-675,-664,-499,-232,70,353,545,615,562,403,184,-53,-259,-395,-441,-408,-318,0,0,0,0,0,-154,-166,-151,-106,-29,69,162,221,242,223,148,36,-91,-201,-272,-284,-228,-115,35,183,288,329,290,173,1,-176,-311,-379,-354,-236,-50,161,341,440,430,306,93,-155,-378,-512,-516,-391,-160,125,396,580,623,508,254,-80,-400,-626,-698,-604,-352,3,369,654,776,695,441,79,-316,-645,-812,-773,-535,-157,268,640,844,829,614,236,-214,-605,-845,-875,-675,-298,156,567,833,885,702,343,-106,-530,-816,-883,-725,-377,73,507,809,896,747,408,-36,-472,-794,-901,-763,-437,5,461,783,899,790,473,31,-419,-762,-903,-803,-484,-49,396,736,886,804,511,81,-370,-716,0,-813,-523,-103,341,694,864,803,523,115,-320,-671,-840,-774,-505,-105,316,655,825,768,493,91,-329,-667,-822,-747,-472,-79,335,667,815,746,477,76,-343,-664,-812,-742,-468,-66,349,664,804,734,475,84,-332,-654,-793,-724,-465,-86,311,616,754,685,437,91,-276,-571,-707,-643,-413,-84,267,534,639,580,375,68,-249,-492,-596,-534,-333,-52,243,461,546,482,287,24,-236,-430,-501,-433,-255,-15,222,393,456,395,227,3,-211,-357,-402,-339,-190,5,190,313,347,290,160,-11,-166,-268,-298,-250,-127,21,153,231,246,195,94,-23,-128,-189,-191,-140,-56,36,113,154,0,0,0,0,0,2,-70,-115,-121,-87,-25,41,92,121,110,62,-7,-79,-128,-140,-112,-52,21,94,141,153,129,62,-27,-105,-153,-167,-141,-76,7,82,137,158,142,94,23,-49,-108,-145,-143,-108,-55,7,63,103,119,111,82,42,-4,-47,-85,-113,-116,-97,-61,-10,49,98,135,149,131,81,11,-71,-153,-198,-195,-155,-66,53,154,227,247,212,119,-14,-159,-275,-319,-278,-177,-26,150,289,355,341,239,61,-137,-309,-400,-391,-276,-90,121,310,420,419,313,123,-105,-306,-432,-446,-335,-137,95,308,442,459,352,144,-101,-320,-451,-463,-347,-133,119,338,466,464,337,121,0,-355,-485,-478,-333,-97,174,402,529,515,355,87,-208,-448,-578,-551,-373,-86,230,490,624,591,401,94,-249,-537,-683,-640,-430,-102,262,566,720,680,458,111,-281,-599,-762,-726,-495,-120,300,645,826,789,540,140,-304,-674,-879,-858,-608,-193,285,698,936,935,693,269,-232,-672,-944,-977,-762,-348,161,629,932,1001,820,437,-62,-548,-896,-1005,-859,-499,-21,454,817,970,879,579,134,-338,-716,-913,-877,-618,-215,225,604,822,831,639,297,-110,-478,-717,-784,-661,-377,-10,346,608,720,669,459,152,-181,-459,-627,-655,-540,-318,-45,223,431,537,540,449,290,99,-69,-192,0,0,0,0,0,20,-40,-105,-168,-208,-210,-171,-92,16,129,220,264,259,198,77,-60,-189,-282,-306,-256,-144,7,170,300,350,309,193,26,-163,-326,-410,-388,-266,-68,162,358,477,479,343,118,-141,-382,-540,-567,-444,-201,107,398,600,659,548,294,-45,-391,-643,-736,-651,-400,-34,350,659,802,742,495,113,-299,-640,-831,-809,-575,-196,239,619,843,854,642,267,-178,-587,-846,-880,-692,-323,132,553,822,887,729,378,-81,-517,-816,-897,-741,-399,50,492,799,894,755,423,-18,-461,-784,-898,-773,-448,-11,434,770,897,792,479,41,-406,-751,-901,-812,-510,-74,379,737,890,802,515,0,-347,-702,-863,-794,-516,-100,341,687,851,789,519,110,-328,-671,-828,-768,-502,-96,331,663,813,752,490,91,-329,-661,-817,-746,-476,-77,340,668,819,747,475,78,-343,-674,-818,-743,-472,-77,334,654,799,736,474,87,-310,-628,-775,-710,-458,-89,299,601,733,668,435,90,-270,-555,-683,-622,-398,-79,254,505,615,557,353,58,-244,-475,-564,-503,-307,-35,236,442,525,457,266,15,-231,-410,-473,-413,-243,-8,217,370,423,363,206,3,-191,-329,-376,-318,-173,9,178,296,328,267,144,-12,-160,-253,-269,-214,-108,22,140,212,221,165,73,-32,-118,-166,-164,-117,-37,0,0
10728,mtk,MTK 7916,4082314675,rx0-tx0,512,575,379,302,779,801,779,703,597,455,286,102,-87,-276,-447,-599,-712,-788,-822,-806,-750,-626,-476,-293,-78,143,351,546,713,843,915,937,884,775,612,397,167,-85,-339,-564,-752,-899,-978,-985,-933,-821,-646,-428,-186,77,324,550,730,860,928,936,890,778,620,433,219,-11,-236,-438,-610,-743,-820,-848,-821,-744,-616,-461,-278,-71,126,305,475,603,704,741,746,706,612,494,339,170,-16,-190,-358,-501,-609,-675,-699,-676,-611,-501,-367,-210,-32,138,293,431,538,601,623,593,535,443,326,187,34,-112,-250,-353,-428,-479,-494,-472,-424,-349,-250,-154,-37,70,165,241,305,348,364,-588,323,274,208,135,51,-34,-112,-175,-221,-252,-269,-269,-241,-201,-152,-95,-30,29,83,126,155,168,169,160,137,98,61,22,-21,-52,-77,-88,-83,-63,-37,-15,13,43,75,85,91,71,45,11,-43,-91,-143,-186,-206,-213,-205,-164,-101,-21,67,150,230,312,358,373,355,304,241,141,17,-102,-225,-327,-409,-458,-476,-448,-381,-287,-161,-22,115,250,360,452,506,516,486,415,315,189,57,-83,-219,-333,-419,-481,-491,-470,-409,-316,-211,-83,47,175,286,369,427,455,438,387,314,213,88,-39,-165,-274,-363,-416,-426,-389,-313,-199,-64,78,194,279,316,305,245,357,403,-615,-29,-114,-187,-303,-386,-416,-379,-285,-136,35,212,374,486,559,560,509,403,253,84,-106,-274,-425,-543,-617,-641,-597,-497,-362,-198,-15,178,351,500,605,657,666,614,506,367,200,14,-176,-343,-482,-590,-645,-649,-603,-508,-393,-235,-77,86,244,378,478,541,560,550,490,394,283,164,29,-93,-206,-304,-374,-411,-432,-420,-377,-317,-238,-152,-61,18,102,171,240,282,306,317,308,281,248,195,143,80,16,-40,-89,-144,-189,-218,-252,-262,-259,-260,-241,-200,-155,-113,-52,11,84,144,197,250,297,325,331,326,306,255,185,115,23,-69,-169,-268,-349,-418,-459,-476,-460,-407,-291,-238,-117,16,160,296,414,519,593,615,604,559,466,344,191,18,-164,-336,-491,-615,-700,-745,-731,-674,-561,-416,-244,-50,149,343,513,645,744,796,799,750,662,523,355,154,-53,-258,-465,-637,-778,-872,-916,-902,-823,-691,-519,-309,-70,186,419,644,839,967,1038,1045,983,856,660,421,156,-136,-415,-667,-889,-1042,-1129,-1148,-1082,-940,-736,-484,-193,115,406,675,900,1057,1161,1177,1111,968,761,506,226,-81,-382,-644,-862,-1025,-1112,-1128,-1070,-937,-743,-511,-242,41,315,564,778,927,1015,1035,990,876,712,501,265,18,-227,-451,-637,-778,-870,-905,-882,-807,-688,-518,-322,-119,241,164,-184,-266,-368,203,14,-182,-362,-517,-647,-737,-784,-791,-749,-665,-541,-384,-206,-5,193,388,565,702,813,873,863,813,707,556,357,137,-96,-333,-545,-740,-877,-961,-981,-925,-803,-636,-425,-170,82,330,560,752,885,959,970,915,799,629,427,193,-43,-280,-500,-672,-797,-875,-891,-849,-754,-619,-441,-237,-26,187,382,543,669,760,800,776,721,616,481,311,123,-56,-248,-413,-552,-653,-714,-729,-693,-620,-506,-363,-197,-21,156,321,465,571,645,667,640,581,483,351,199,36,-127,-274,-402,-490,-547,-558,-541,-482,-391,-285,-164,-30,98,204,303,370,415,428,408,366,310,235,143,48,321,-125,-203,-254,-289,-308,-309,-286,-244,-184,-119,-50,25,93,145,189,219,227,215,193,161,116,61,8,-38,-81,-110,-123,-133,-124,-98,-65,-28,6,35,52,66,69,64,33,-3,-44,-89,-111,-136,-143,-132,-114,-66,-7,58,128,198,251,289,295,271,231,163,68,-35,-146,-240,-325,-403,-430,-425,-384,-309,-205,-90,42,177,302,404,474,499,494,448,362,249,109,-34,-176,-304,-405,-475,-507,-506,-457,-372,-264,-136,1,132,261,356,425,460,460,433,367,275,161,36,-95,-208,-306,-391,-439,-440,-403,-326,-229,-109,27,161,279,361,395,377,310,211,91,-33,-137,114,0,-78,-307,-284,-275,-204,-80,76,237,376,473,508,486,390,253,83,-104,-272,-429,-534,-596,-599,-541,-444,-301,-133,54,250,410,536,617,653,632,558,436,276,103,-82,-271,-430,-553,-638,-676,-651,-575,-462,-310,-137,44,221,370,497,580,612,605,550,449,325,183,46,-98,-240,-355,-435,-483,-491,-467,-424,-356,-259,-155,-47,72,166,245,304,348,365,361,338,297,242,171,103,28,-49,-110,-167,-219,-254,-275,-271,-263,-254,-228,-185,-142,-97,-28,22,74,133,181,216,256,279,287,278,255,227,180,120,44,-34,-102,-183,-258,-312,-364,-391,-395,-385,-338,-271,-178,-70,46,169,283,374,462,518,545,537,488,410,300,152,-4,-157,-313,-454,-568,-647,-689,-678,-624,-525,-389,-219,-32,160,343,510,641,733,777,770,714,607,464,291,94,-110,-306,-486,-637,-755,-834,-851,-826,-740,-611,-445,-242,-18,214,440,635,800,920,989,983,911,785,591,354,105,-156,-412,-657,-859,-1003,-1091,-1102,-1032,-900,-705,-454,-181,116,416,684,902,1067,1166,1175,1100,959,749,504,216,-97,-399,-666,-886,-1048,-1144,-1162,-1094,-956,-763,-513,-229,55,344,607,823,978,1071,1085,1033,913,731,498,246,-18,-277,-513,-706,-854,-945,-975,-939,-841,-693,-504,-293,-65,158,368,555,704,793,844,-207,-265
10729,mtk,MTK 7916,4082314675,rx0-tx1,512,-196,-677,-797,-101,-303,-496,-660,-778,-860,-883,-845,-755,-607,-413,-190,50,294,527,728,892,987,1018,986,891,726,508,259,-8,-288,-547,-778,-962,-1083,-1133,-1096,-997,-835,-606,-336,-44,260,544,799,996,1133,1196,1177,1082,913,682,403,106,-198,-501,-764,-975,-1122,-1192,-1193,-1119,-966,-749,-492,-196,108,396,667,892,1050,1150,1170,1116,989,800,568,293,14,-273,-535,-759,-942,-1055,-1104,-1083,-992,-847,-647,-404,-150,120,374,603,791,935,1015,1030,985,870,705,513,282,36,-211,-443,-648,-814,-924,-975,-970,-905,-782,-612,-404,-175,60,295,513,700,836,925,962,937,852,712,530,306,65,-180,-430,-631,-806,-929,-992,-993,-921,-793,-610,-381,-132,136,402,629,816,953,1019,1025,958,815,628,391,119,-148,-408,-643,-829,-955,-1015,-998,-913,-776,-566,-325,-76,182,424,633,791,885,915,892,814,670,489,276,44,-177,-382,-550,-681,-762,-791,-769,-681,-569,-411,-232,-49,128,292,436,548,614,645,635,570,490,371,226,80,-65,-203,-329,-433,-501,-533,-525,-484,-411,-312,-204,-86,32,148,252,331,379,405,408,374,321,254,179,83,-11,-102,-182,-255,-297,-326,-337,-320,-280,-220,-146,-66,18,104,176,233,273,288,278,248,199,127,42,-48,-129,-186,-216,-226,-200,-144,-83,-69,-286,320,1124,995,146,232,300,319,294,228,125,3,-127,-240,-333,-394,-410,-392,-344,-263,-156,-34,90,202,312,398,454,477,464,421,342,231,108,-32,-170,-305,-427,-518,-585,-599,-577,-503,-395,-253,-85,84,268,441,575,674,735,746,690,589,434,238,24,-206,-422,-612,-761,-848,-879,-840,-737,-574,-376,-139,104,341,552,725,844,896,877,801,659,486,270,35,-194,-416,-598,-728,-815,-837,-801,-710,-571,-403,-196,8,205,394,545,645,708,728,693,606,499,348,188,22,-143,-292,-427,-530,-586,-608,-591,-546,-462,-354,-229,-98,43,175,294,395,471,521,542,527,476,409,313,201,70,230,-190,-302,-400,-480,-532,-545,-527,-472,-392,-280,-156,-20,120,247,362,453,516,539,531,489,423,319,196,69,-64,-193,-308,-399,-458,-489,-492,-455,-394,-317,-212,-104,2,105,201,283,346,384,394,384,354,302,239,167,85,16,-57,-129,-186,-229,-260,-285,-287,-277,-259,-233,-208,-161,-115,-62,-5,55,117,174,223,265,298,310,317,301,273,230,171,102,20,-69,-153,-238,-308,-359,-403,-417,-405,-380,-326,-242,-154,-44,62,171,283,367,437,490,507,498,459,390,295,177,47,-89,-226,-357,-467,-552,-606,-617,-599,-536,-439,-316,-163,5,173,337,481,604,691,732,722,-65,490,472,-560,-346,-806,-763,-677,-534,-359,-155,71,301,513,698,835,923,957,925,827,673,470,223,-35,-291,-537,-755,-924,-1032,-1078,-1050,-950,-787,-564,-304,-16,276,547,792,985,1109,1164,1142,1044,876,645,374,71,-233,-526,-783,-992,-1131,-1199,-1193,-1107,-941,-719,-448,-150,154,451,720,935,1091,1181,1184,1116,984,774,525,247,-52,-341,-614,-832,-1005,-1106,-1141,-1106,-991,-823,-606,-347,-75,203,462,685,874,994,1058,1055,985,857,686,471,219,-38,-291,-525,-717,-869,-971,-1001,-974,-887,-748,-562,-344,-108,133,366,577,748,874,943,962,919,818,662,468,248,14,-227,-457,-656,-819,-929,-974,-963,-1099,-759,-573,-352,-109,149,400,620,809,938,1008,1015,946,814,628,392,132,-136,-407,-641,-830,-969,-1029,-1020,-942,-798,-596,-361,-98,172,417,643,823,928,972,955,867,723,526,297,54,-183,-412,-601,-740,-830,-860,-830,-745,-614,-447,-251,-47,157,338,490,620,692,717,693,629,526,391,233,72,-102,-247,-377,-493,-562,-590,-578,-532,-458,-348,-217,-79,55,175,286,373,434,468,467,435,373,286,189,90,-23,-127,-216,-283,-337,-365,-366,-348,-304,-242,-163,-88,0,88,165,230,276,299,304,285,243,187,114,30,-55,-134,-200,-251,-268,-263,-224,-160,-87,-6,76,133,159,-838,-791,-298,-61,511,207,159,68,-51,-165,-271,-345,-383,-371,-317,-230,-117,8,124,240,341,411,445,437,404,340,242,123,-8,-137,-258,-369,-456,-512,-533,-508,-456,-363,-249,-105,56,215,369,494,596,655,676,649,559,419,257,70,-141,-338,-523,-675,-777,-819,-808,-727,-598,-412,-193,40,275,492,674,810,885,888,830,712,538,318,78,-157,-387,-586,-740,-843,-877,-850,-762,-611,-432,-226,3,217,415,575,699,772,775,746,662,524,361,187,2,-187,-351,-490,-598,-648,-663,-632,-567,-472,-347,-204,-57,93,236,361,457,524,559,562,528,471,384,275,150,19,-118,-236,-347,-436,-499,-533,-198,-507,-444,-358,-251,-123,11,146,274,382,468,518,545,532,487,412,309,180,42,-91,-219,-336,-438,-495,-521,-517,-481,-414,-322,-207,-87,43,163,260,349,412,441,443,426,380,311,228,134,38,-52,-143,-219,-271,-312,-323,-323,-316,-290,-248,-197,-146,-88,-23,33,89,139,185,226,248,267,273,275,262,235,198,153,91,26,-45,-116,-186,-254,-305,-343,-364,-363,-344,-305,-243,-172,-86,16,110,204,297,366,420,453,456,445,393,314,226,115,-9,-131,-254,-367,-460,-526,-558,-558,-528,-467,-368,-249,-102,49,203,350,475,581,651,678,666,612,514,382,218,40,-150,-1092,-991
10730,mtk,MTK 7916,4082314675,rx1-tx0,512,-124,-926,-306,570,544,471,362,226,73,-90,-246,-381,-486,-553,-581,-561,-487,-383,-252,-99,67,228,368,485,561,591,576,525,433,302,153,-10,-176,-322,-454,-555,-612,-627,-589,-513,-402,-255,-92,80,256,406,537,634,683,683,634,542,419,250,58,-130,-315,-491,-635,-732,-782,-776,-715,-606,-452,-259,-46,189,402,584,739,847,886,869,792,652,465,244,-9,-252,-482,-683,-835,-935,-966,-927,-821,-655,-452,-218,41,287,513,711,858,948,969,921,819,668,469,236,-16,-263,-494,-691,-845,-945,-977,-951,-868,-720,-521,-294,-39,215,458,677,854,969,1029,1027,954,812,619,377,104,-177,231,-700,-906,-1055,-1142,-1149,-1070,-921,-708,-428,-121,194,507,788,1021,1186,1269,1258,1162,985,736,422,80,-263,-598,-902,-1144,-1301,-1369,-1339,-1212,-1011,-721,-376,-15,362,713,1009,1233,1373,1417,1373,1233,1000,698,337,-43,-405,-763,-1070,-1297,-1433,-1477,-1421,-1264,-1012,-678,-295,103,502,878,1195,1426,1552,1574,1475,1259,949,564,126,-312,-727,-1094,-1375,-1554,-1612,-1529,-1322,-1022,-638,-210,213,616,966,1231,1396,1447,1371,1197,931,598,243,-130,-487,-777,-1004,-1151,-1206,-1162,-1019,-810,-538,-232,91,387,644,839,967,1008,957,827,625,366,72,-223,-486,-694,-826,-845,-767,-590,-349,-82,173,370,478,-922,-1278,806,-151,278,89,266,432,541,580,525,390,191,-42,-276,-483,-647,-743,-759,-706,-582,-393,-169,73,314,533,712,842,898,878,776,610,393,141,-141,-416,-668,-878,-1020,-1093,-1066,-956,-767,-512,-209,114,449,755,1006,1181,1275,1273,1168,957,679,340,-51,-435,-798,-1097,-1325,-1447,-1449,-1356,-1149,-849,-473,-70,355,745,1078,1334,1493,1534,1457,1266,986,629,229,-196,-605,-949,-1236,-1424,-1512,-1496,-1353,-1111,-789,-421,-39,364,726,1031,1268,1401,1424,1354,1200,953,641,309,-63,-414,-737,-1011,-1203,-1313,-1334,-1253,-1097,-866,-573,-248,89,416,716,970,1154,1251,1268,1197,1052,833,550,233,-79,-394,-690,-939,-49,-1220,-1246,-1192,-1057,-850,-583,-281,50,380,678,934,1135,1261,1301,1247,1113,893,616,289,-62,-409,-730,-1002,-1210,-1329,-1363,-1294,-1138,-891,-575,-224,147,503,829,1092,1274,1368,1360,1255,1058,789,459,93,-262,-595,-892,-1114,-1256,-1297,-1241,-1108,-903,-625,-316,15,341,630,872,1042,1123,1133,1071,927,727,479,207,-76,-340,-569,-757,-886,-946,-949,-888,-762,-597,-388,-164,67,286,485,648,755,812,811,757,653,512,332,133,-70,-274,-443,-577,-675,-721,-718,-667,-567,-418,-249,-70,119,294,445,560,631,658,633,558,453,308,146,-22,-189,-341,-467,-553,-596,-594,-543,-456,-335,-188,-31,-890,-828,289,-986,-1325,-18,-176,-324,-446,-531,-573,-571,-519,-432,-306,-159,-1,164,309,432,522,576,583,539,459,341,195,33,-130,-281,-422,-524,-582,-605,-582,-518,-418,-273,-114,54,215,362,494,592,642,652,608,524,406,251,72,-112,-290,-448,-581,-687,-730,-723,-677,-579,-433,-259,-61,152,358,538,688,787,841,833,756,636,462,249,17,-214,-439,-641,-791,-898,-934,-904,-813,-659,-459,-228,26,276,513,706,848,943,967,921,825,666,462,222,-34,-281,-510,-703,-854,-947,-974,-938,-839,-686,-491,-260,-11,236,468,680,838,948,1001,984,906,766,569,336,81,-188,-451,-685,-875,-1010,-1081,-1080,-568,-874,-658,-409,-126,178,471,737,961,1125,1196,1200,1120,961,727,436,109,-227,-554,-848,-1092,-1258,-1324,-1306,-1192,-998,-726,-402,-43,324,666,959,1199,1337,1399,1365,1228,1000,703,359,-17,-390,-741,-1035,-1263,-1413,-1448,-1394,-1250,-1007,-691,-331,58,443,806,1112,1356,1491,1531,1460,1282,1007,648,249,-175,-597,-974,-1288,-1501,-1601,-1572,-1432,-1175,-826,-414,37,481,875,1196,1425,1535,1518,1390,1146,819,438,25,-375,-730,-1020,-1212,-1311,-1319,-1202,-996,-728,-417,-79,266,563,808,988,1086,1090,999,832,609,335,35,-260,-521,-732,-874,-931,-896,-764,-560,-291,1,278,515,657,698,630,470,262,935,336,-321,-839,-802,424,394,281,109,-106,-326,-513,-641,-692,-655,-543,-367,-140,97,327,540,703,802,832,783,665,491,266,7,-259,-510,-715,-869,-966,-989,-922,-786,-575,-319,-23,287,579,837,1035,1157,1194,1141,984,746,441,98,-267,-628,-936,-1171,-1336,-1392,-1332,-1174,-916,-596,-202,199,594,948,1235,1421,1511,1481,1325,1074,745,353,-77,-498,-873,-1180,-1403,-1526,-1534,-1417,-1201,-899,-524,-124,285,681,1015,1273,1425,1486,1435,1266,1026,716,351,-32,-401,-739,-1030,-1225,-1349,-1380,-1300,-1142,-902,-598,-263,92,430,729,990,1176,1275,1286,1215,1063,840,553,240,-86,-407,-700,-952,-1134,-1222,-1236,-1184,-1044,-829,425,-264,58,378,673,928,1118,1233,1270,1214,1073,872,601,287,-55,-383,-696,-961,-1163,-1288,-1328,-1277,-1135,-911,-616,-274,91,450,777,1063,1258,1368,1378,1289,1109,841,523,165,-201,-556,-866,-1114,-1279,-1346,-1311,-1201,-997,-719,-391,-34,311,619,895,1092,1202,1229,1161,1023,814,545,248,-50,-345,-611,-821,-969,-1045,-1047,-971,-839,-652,-426,-177,73,319,528,692,811,871,876,820,709,550,357,149,-67,-277,-462,-614,-718,-767,-766,-715,-607,-466,-294,-102,86,269,437,571,648,685,673,613,507,364,196,21,-161,-315,-454,-557,-614,-626,-592,-513,-397,-252,-95,76,235,374,485,553,575,144,-305
10731,mtk,MTK 7916,4082314675,rx1-tx1,512,0,0,0,142,-198,-503,-667,-637,-429,-105,254,548,690,637,405,61,-302,-581,-702,-627,-377,-19,343,612,713,617,345,-26,-388,-644,-716,-585,-288,87,443,672,709,546,228,-151,-488,-690,-695,-500,-166,223,546,710,667,439,95,-286,-594,-728,-653,-389,-15,368,649,747,631,330,-68,-451,-706,-764,-601,-261,158,534,763,781,579,213,-216,-595,-806,-788,-552,-161,288,656,840,799,533,119,-327,-687,-862,-802,-521,-100,349,704,858,781,500,82,-352,-688,-837,-750,-465,-60,352,667,795,699,411,30,-359,-645,-738,-630,-357,12,368,611,675,553,278,-70,-387,-591,-624,-474,-190,142,0,592,579,404,112,-215,-476,-602,-556,-348,-37,287,531,626,543,310,-17,-350,-586,-656,-553,-302,43,385,618,686,572,302,-54,-390,-623,-689,-575,-309,38,373,601,664,553,300,-35,-358,-568,-614,-500,-259,48,335,524,547,423,190,-89,-339,-483,-486,-349,-111,151,369,473,430,265,28,-225,-416,-490,-417,-224,43,308,483,529,428,210,-69,-337,-522,-560,-459,-239,54,329,518,568,470,256,-24,-289,-477,-544,-471,-276,-16,239,424,498,440,272,36,-200,-374,-451,-411,-263,-48,171,344,422,395,272,81,-121,-292,-394,-405,-326,-179,0,172,299,359,350,281,174,51,0,0,0,0,0,212,292,332,315,235,97,-81,-261,-397,-464,-441,-315,-115,117,336,487,530,448,260,2,-264,-474,-582,-548,-378,-105,203,464,620,619,458,182,-152,-467,-669,-706,-563,-272,95,455,702,767,645,359,-41,-435,-722,-832,-734,-446,-39,391,723,864,781,494,80,-348,-701,-869,-801,-532,-123,318,682,865,813,549,144,-306,-674,-864,-823,-554,-140,306,667,857,819,563,154,-297,-666,-853,-809,-552,-157,286,649,836,797,538,141,-286,-635,-810,-765,-512,-123,297,627,777,720,470,88,-317,-626,-760,-685,-424,-42,345,636,754,656,370,-17,-394,-667,-753,-626,-322,66,441,697,0,613,293,-110,-490,-732,-763,-596,-261,151,528,766,786,588,238,-183,-560,-781,-789,-576,-207,218,587,792,770,541,166,-260,-618,-797,-750,-502,-116,315,657,805,726,447,43,-376,-695,-814,-701,-398,19,434,730,822,680,347,-81,-491,-767,-827,-650,-298,148,551,790,816,621,245,-196,-585,-809,-805,-579,-196,244,620,816,785,537,142,-291,-645,-811,-753,-495,-107,316,642,783,715,449,58,-334,-622,-732,-642,-369,3,365,606,671,554,283,-70,-393,-596,-626,-478,-194,150,443,596,579,400,101,-227,-482,-595,-537,-327,-24,292,522,599,504,254,-62,-360,-565,-609,-475,-207,0,0,0,0,0,636,621,435,123,-230,-525,-674,-635,-415,-80,283,572,703,639,399,45,-322,-602,-718,-631,-359,7,365,625,717,604,317,-58,-413,-652,-710,-572,-268,116,466,684,712,530,200,-186,-518,-698,-684,-477,-124,262,571,721,663,417,52,-337,-631,-738,-638,-360,30,418,686,755,610,295,-108,-484,-729,-770,-589,-235,188,561,779,778,561,175,-260,-619,-818,-795,-544,-139,306,669,849,797,527,113,-334,-698,-865,-794,-511,-88,354,697,856,776,480,66,-360,-683,-819,-730,-441,-41,357,649,765,665,383,0,-371,-631,-708,-590,-318,40,381,601,649,510,225,-107,-405,-589,-596,0,-147,178,452,592,562,376,74,-252,-502,-613,-548,-321,-2,322,562,644,547,298,-35,-364,-602,-681,-571,-298,55,396,626,689,572,301,-55,-387,-616,-684,-567,-304,32,357,591,651,529,280,-43,-347,-541,-585,-464,-221,65,332,498,514,378,145,-115,-343,-471,-455,-301,-63,190,391,480,421,239,-21,-269,-446,-503,-421,-211,62,321,498,547,448,224,-61,-333,-521,-571,-469,-246,42,320,509,566,478,271,-5,-269,-458,-524,-455,-271,-28,220,406,473,417,267,46,-186,-359,-431,-394,-266,-67,153,322,408,400,295,129,-70,-252,-370,-403,-352,-240,-91,61,189,268,286,0,0,0,0,0,-172,-81,37,175,307,396,417,354,214,15,-199,-380,-488,-488,-386,-196,52,302,486,557,500,321,55,-234,-474,-601,-582,-418,-141,182,462,638,659,512,226,-137,-470,-688,-738,-602,-309,72,450,716,804,687,398,2,-412,-719,-847,-760,-468,-60,369,713,867,793,518,111,-337,-689,-858,-809,-544,-129,318,682,860,817,559,147,-306,-672,-857,-817,-553,-142,301,667,852,813,555,145,-297,-658,-849,-811,-554,-151,289,645,820,777,522,129,-292,-639,-803,-739,-485,-105,302,623,771,707,437,55,-337,-632,-753,-671,-400,-18,369,653,755,642,352,-36,-411,-676,-755,-615,-307,0,464,718,776,615,279,-138,-517,-749,-788,-606,-253,173,547,770,780,580,219,-207,-585,-797,-787,-563,-181,244,601,797,770,524,132,-290,-633,-803,-748,-479,-80,338,668,814,721,422,3,-410,-717,-819,-693,-372,51,467,750,823,668,324,-116,-519,-777,-821,-637,-272,170,566,801,812,595,217,-224,-604,-811,-790,-554,-161,271,623,814,784,529,128,-294,-630,-795,-732,-464,-81,314,628,766,678,405,34,-342,-610,-700,-597,-330,31,381,603,651,521,237,-107,-411,-594,-599,-431,-144,185,456,593,551,354,50,-262,-498,-593,-522,-294,26,336,548,610,488,228,-95,-401,-590,0,0
10732,mtk,MTK 7916,4082314675,rx2-tx0,512,0,0,0,-181,78,325,480,495,366,132,-143,-387,-521,-500,-338,-79,207,435,539,489,297,21,-261,-477,-556,-475,-257,39,330,526,567,445,189,-120,-396,-565,-566,-402,-120,200,465,602,554,346,44,-280,-534,-632,-543,-293,46,378,606,664,525,227,-144,-481,-684,-695,-502,-153,247,587,767,729,484,92,-339,-679,-833,-755,-460,-20,434,770,898,776,434,-36,-510,-848,-952,-796,-421,79,567,903,992,804,392,-125,-617,-943,-1007,-790,-365,160,645,960,1010,773,330,-201,-683,-979,-1005,-755,-298,232,694,970,976,716,269,-258,-710,-953,-934,-659,-206,298,717,932,886,597,143,-351,0,-924,-846,-533,-73,406,768,918,808,474,1,-475,-813,-925,-783,-418,72,542,860,948,775,383,-122,-601,-913,-968,-767,-354,168,647,950,994,765,327,-206,-688,-982,-1003,-760,-303,240,722,1008,1021,759,289,-265,-748,-1025,-1026,-749,-268,284,762,1040,1046,767,272,-297,-780,-1051,-1041,-761,-280,276,757,1040,1044,771,303,-245,-722,-994,-1009,-774,-337,192,658,936,971,751,346,-136,-574,-856,-906,-718,-353,94,509,779,836,682,356,-48,-427,-689,-772,-652,-369,-4,350,607,705,624,395,74,-256,-514,-643,-616,-444,-176,121,381,554,597,515,334,98,-134,-319,-427,-449,-392,-275,0,0,0,0,0,64,-118,-303,-467,-564,-559,-437,-215,75,364,590,697,648,450,141,-214,-536,-736,-759,-595,-280,117,501,773,854,717,392,-44,-487,-825,-957,-847,-510,-31,475,881,1071,981,634,106,-466,-931,-1170,-1116,-767,-206,421,949,1244,1227,891,311,-363,-950,-1300,-1314,-989,-409,286,916,1319,1379,1072,488,-217,-872,-1302,-1391,-1113,-542,164,819,1260,1370,1117,570,-120,-776,-1222,-1339,-1104,-582,102,745,1176,1288,1060,552,-98,-714,-1128,-1236,-1010,-513,112,700,1095,1187,958,476,-131,-689,-1057,-1134,-900,-423,155,689,1036,1089,838,370,-188,-694,-1007,-1033,-778,-320,225,704,980,984,721,259,-270,0,-962,-940,-661,-195,320,737,952,905,605,140,-364,-763,-942,-864,-547,-78,406,773,929,832,500,29,-440,-783,-904,-777,-435,24,468,779,871,723,372,-81,-497,-772,-830,-656,-300,134,525,760,778,583,230,-183,-539,-733,-714,-496,-135,249,553,701,642,399,49,-306,-568,-665,-567,-307,34,356,570,616,486,214,-115,-406,-573,-572,-405,-125,189,442,561,518,327,42,-255,-474,-552,-468,-245,43,314,491,526,408,175,-108,-357,-498,-492,-346,-100,173,389,492,454,285,31,-228,-418,-485,-411,-215,43,280,433,464,356,145,-105,-326,-451,-440,-297,-68,180,376,467,414,240,0,0,0,0,0,-457,-488,-377,-152,117,358,499,503,361,108,-176,-406,-526,-497,-326,-57,229,451,549,488,281,-9,-299,-503,-561,-460,-226,77,360,543,571,427,160,-150,-425,-578,-567,-384,-87,233,494,614,553,327,1,-330,-568,-645,-537,-268,90,430,648,683,515,188,-194,-529,-720,-703,-487,-119,295,634,797,734,468,60,-384,-729,-874,-776,-453,7,469,808,927,792,435,-51,-531,-872,-966,-792,-401,105,593,924,1001,799,375,-153,-639,-956,-1014,-794,-355,182,668,971,1010,776,324,-218,-692,-976,-996,-737,-280,243,702,971,966,694,239,-279,-714,-947,-920,-644,-183,324,731,927,862,0,106,-381,-763,-927,-828,-497,-31,444,793,923,796,441,-41,-506,-832,-938,-783,-401,95,566,882,959,765,360,-147,-626,-934,-983,-760,-328,192,668,973,1005,756,309,-221,-701,-996,-1017,-753,-292,253,735,1019,1027,755,277,-277,-758,-1040,-1040,-759,-269,290,774,1057,1045,752,269,-289,-776,-1050,-1047,-769,-285,266,745,1025,1030,773,317,-222,-692,-971,-994,-766,-341,164,615,889,931,741,353,-122,-548,-820,-874,-701,-354,76,472,733,800,662,361,-22,-388,-647,-735,-637,-386,-38,309,564,673,619,413,116,-200,-460,-603,-613,-485,-253,17,273,458,538,511,394,217,28,-134,-251,0,0,0,0,0,416,447,399,258,43,-204,-434,-595,-644,-559,-344,-39,288,560,711,702,525,214,-168,-519,-750,-805,-656,-335,78,491,796,905,784,452,-13,-488,-856,-1020,-917,-563,-63,472,911,1122,1047,695,152,-448,-947,-1207,-1169,-834,-264,387,952,1278,1274,943,363,-322,-936,-1313,-1357,-1047,-449,258,896,1311,1384,1092,525,-186,-852,-1290,-1388,-1122,-567,135,794,1237,1360,1117,575,-111,-758,-1193,-1310,-1082,-562,99,726,1155,1266,1037,535,-103,-701,-1108,-1212,-983,-494,119,689,1068,1159,938,459,-142,-692,-1045,-1109,-867,-394,178,691,1013,1059,818,353,-207,-699,-990,-1013,-759,-293,251,714,975,972,0,229,-294,-732,-961,-926,-640,-179,334,751,949,881,575,112,-379,-764,-937,-846,-520,-53,420,778,924,806,463,-2,-459,-781,-889,-746,-401,54,489,781,854,692,340,-106,-516,-771,-808,-616,-258,164,533,748,746,534,181,-220,-552,-719,-680,-452,-101,276,566,684,602,349,4,-332,-569,-640,-524,-255,83,391,577,592,442,167,-154,-424,-570,-552,-372,-87,219,458,555,486,279,-7,-288,-482,-538,-432,-205,76,333,497,511,372,133,-139,-375,-499,-479,-319,-61,206,405,490,435,251,-4,-259,-433,-477,-387,-183,73,304,444,450,326,105,-146,-347,-456,-429,-270,-32,213,399,0,0
10733,mtk,MTK 7916,4082314675,rx2-tx1,512,0,0,0,-59,-113,-136,-118,-61,16,89,128,124,84,23,-49,-119,-149,-129,-81,-9,68,131,163,141,85,10,-74,-140,-166,-151,-102,-22,64,129,158,152,111,44,-32,-98,-137,-144,-122,-75,-18,46,104,131,125,103,62,5,-51,-99,-125,-127,-108,-72,-15,49,110,152,160,140,88,5,-85,-158,-199,-198,-156,-72,45,165,248,269,226,125,-18,-159,-268,-320,-290,-180,-24,147,297,371,356,244,61,-136,-304,-402,-397,-288,-104,109,296,418,430,319,123,-104,-302,-429,-455,-351,-144,90,302,442,456,352,155,-88,-309,-441,-458,-352,-143,104,320,452,465,341,120,-130,0,-490,-484,-339,-100,172,403,523,501,347,86,-207,-448,-572,-546,-361,-70,238,496,632,591,390,84,-263,-539,-664,-626,-419,-86,276,569,719,675,444,89,-298,-613,-761,-715,-472,-93,313,649,823,773,517,116,-324,-688,-885,-849,-583,-162,307,710,935,912,653,224,-269,-696,-952,-969,-733,-302,206,667,948,988,782,368,-138,-601,-915,-1004,-835,-454,42,513,850,979,852,514,60,-408,-764,-926,-858,-568,-143,302,656,846,823,602,235,-182,-541,-757,-782,-622,-316,62,414,656,728,634,401,79,-256,-522,-656,-640,-493,-247,47,317,501,578,542,410,218,11,-170,-291,-344,0,0,0,0,0,-12,-80,-143,-188,-206,-185,-117,-22,82,179,244,259,218,122,-4,-138,-250,-305,-284,-189,-48,111,254,337,340,258,95,-92,-261,-378,-395,-311,-145,72,283,435,483,401,215,-38,-300,-494,-567,-500,-298,-9,291,537,651,600,401,87,-267,-567,-731,-709,-506,-177,209,554,775,800,611,266,-153,-534,-785,-849,-698,-356,84,498,791,887,755,425,-10,-449,-778,-903,-791,-480,-42,412,760,909,820,520,86,-363,-723,-901,-831,-543,-117,337,704,890,843,574,150,-308,-687,-890,-858,-596,-179,288,682,889,864,615,204,-255,-651,-881,-870,-625,-225,230,626,858,858,637,239,0,-608,-839,-850,-637,-249,200,594,823,830,617,243,-193,-576,-802,-810,-602,-234,207,583,796,799,587,213,-215,-580,-787,-787,-577,-201,231,596,801,788,565,188,-237,-597,-804,-794,-563,-179,238,590,787,773,552,191,-222,-576,-762,-752,-544,-195,201,537,723,712,511,181,-195,-505,-676,-659,-470,-158,184,465,616,599,417,121,-192,-440,-572,-545,-367,-100,186,414,523,491,329,81,-182,-393,-491,-449,-288,-62,176,361,440,393,245,39,-168,-328,-397,-355,-218,-30,157,294,346,296,176,15,-141,-256,-293,-247,-138,-3,133,218,239,200,110,-14,-118,-181,-191,-148,-62,36,0,0,0,0,0,126,73,-5,-76,-123,-134,-101,-39,38,103,138,134,88,18,-58,-122,-154,-140,-87,-4,74,133,163,148,88,13,-67,-133,-169,-158,-105,-30,46,114,154,158,127,64,-14,-77,-119,-141,-133,-93,-32,26,71,107,128,115,83,39,-21,-72,-113,-140,-137,-110,-58,17,96,157,188,178,124,33,-66,-156,-216,-233,-190,-96,33,162,254,288,258,155,5,-151,-280,-346,-317,-206,-42,141,299,383,371,265,81,-133,-312,-415,-417,-310,-119,108,310,429,440,339,143,-95,-309,-441,-460,-353,-154,88,312,452,469,360,157,-94,-319,-453,-469,-356,-134,120,337,468,467,0,124,-147,-382,-505,-486,-330,-83,196,430,552,522,348,74,-230,-474,-601,-567,-377,-78,247,514,648,607,402,83,-263,-545,-691,-639,-416,-88,284,594,742,694,457,92,-305,-638,-805,-744,-491,-100,329,673,846,806,544,132,-322,-707,-915,-886,-613,-187,295,715,942,931,686,256,-252,-700,-967,-976,-740,-325,181,650,943,992,803,414,-81,-553,-876,-982,-840,-486,-11,458,808,952,857,542,97,-357,-710,-885,-837,-585,-194,240,598,804,812,612,275,-123,-483,-706,-757,-631,-362,-8,342,594,697,639,437,147,-162,-426,-592,-629,-535,-337,-85,164,361,468,484,418,295,148,0,0,0,0,0,152,147,111,44,-40,-125,-195,-235,-231,-179,-80,44,165,249,280,252,162,25,-128,-247,-311,-305,-219,-72,96,256,358,373,280,111,-84,-272,-403,-438,-359,-178,62,300,471,529,452,249,-21,-301,-519,-613,-554,-356,-52,280,555,692,655,459,136,-239,-563,-744,-745,-555,-213,185,546,782,824,651,314,-113,-526,-804,-875,-724,-388,50,473,783,897,778,451,9,-432,-760,-900,-808,-501,-73,382,749,906,823,531,103,-354,-718,-890,-834,-561,-137,322,694,886,848,584,160,-300,-689,-895,-857,-602,-189,278,667,878,860,620,213,-250,-641,-870,-872,-634,-234,221,620,858,0,635,250,-203,-600,-831,-846,-632,-249,195,577,809,823,612,240,-194,-579,-802,-801,-590,-229,198,581,799,789,568,201,-224,-589,-791,-786,-564,-192,236,604,805,790,565,191,-235,-599,-797,-782,-562,-189,231,586,783,765,546,188,-214,-553,-743,-734,-531,-188,196,515,690,684,496,174,-188,-491,-644,-623,-437,-138,188,456,593,564,390,115,-191,-430,-541,-514,-343,-86,187,403,502,464,307,68,-181,-376,-465,-424,-269,-47,175,347,418,372,230,33,-165,-315,-367,-318,-190,-18,150,270,312,270,153,6,-135,-235,-268,-219,-119,3,122,206,223,173,78,-26,-117,-170,-175,0,0
10734,mtk,MTK 7916,4082355126,rx0-tx0,512,575,499,564,240,442,613,732,791,788,724,608,450,250,27,-189,-404,-580,-715,-807,-829,-788,-681,-513,-303,-54,205,446,657,816,912,933,868,728,518,258,-25,-310,-569,-783,-934,-987,-961,-851,-665,-413,-135,155,437,673,847,943,956,884,740,548,295,21,-246,-488,-682,-814,-872,-861,-782,-638,-437,-210,28,267,476,642,757,795,769,687,548,364,163,-52,-273,-459,-603,-699,-730,-705,-628,-491,-311,-120,81,280,450,573,655,679,637,543,402,230,39,-148,-315,-455,-552,-593,-581,-516,-413,-275,-108,59,209,333,423,472,479,437,373,271,152,32,-86,-189,-280,-343,-356,-348,-320,-588,-175,-80,10,94,169,222,260,271,251,216,167,104,35,-34,-98,-148,-171,-180,-175,-150,-119,-70,-18,27,64,89,104,103,90,62,30,-14,-47,-59,-84,-71,-51,-26,13,57,100,126,144,144,102,53,-9,-80,-158,-213,-262,-282,-263,-214,-127,-26,90,203,295,369,403,403,353,253,128,-13,-158,-307,-421,-490,-497,-468,-388,-261,-105,62,229,363,466,529,529,477,381,252,86,-81,-238,-375,-468,-515,-508,-456,-349,-218,-72,80,233,356,437,476,468,413,316,189,52,-97,-235,-348,-422,-445,-431,-357,-244,-104,53,202,322,394,404,358,252,116,-28,-158,-230,164,290,-615,430,281,-150,-18,152,307,424,474,442,344,176,-23,-221,-400,-528,-583,-573,-485,-340,-153,53,252,432,570,642,635,567,431,249,46,-174,-379,-537,-631,-674,-645,-542,-386,-197,22,229,419,559,637,668,620,503,347,159,-46,-230,-394,-519,-583,-590,-545,-456,-316,-161,9,161,290,398,464,476,455,389,295,190,66,-47,-154,-247,-308,-341,-345,-328,-282,-216,-144,-62,15,80,144,189,224,240,241,235,197,160,123,74,16,-39,-91,-132,-173,-213,-236,-248,-245,-218,-185,-132,-63,8,81,157,231,287,323,346,329,292,223,137,39,-82,-206,-301,-386,-452,-472,-452,-394,-298,-291,-34,122,279,421,526,575,594,556,464,327,152,-33,-239,-417,-559,-662,-711,-695,-617,-483,-297,-83,137,356,539,682,768,784,734,625,457,258,34,-195,-413,-601,-744,-821,-832,-781,-669,-493,-274,-22,231,474,683,843,931,940,879,741,533,271,-27,-311,-585,-819,-975,-1062,-1044,-940,-753,-502,-204,124,451,728,957,1098,1140,1081,933,691,399,68,-277,-598,-861,-1043,-1144,-1148,-1027,-836,-582,-266,72,403,689,922,1076,1137,1090,941,723,440,128,-196,-500,-758,-943,-1044,-1056,-979,-811,-580,-306,-13,280,541,748,886,955,936,842,681,471,217,-42,-287,-521,-693,-808,-847,-830,667,618,-184,354,217,785,678,523,325,107,-113,-328,-515,-663,-765,-797,-778,-706,-566,-391,-172,65,294,514,689,817,880,864,777,629,419,172,-103,-377,-613,-807,-929,-970,-929,-802,-609,-349,-54,235,509,742,905,981,976,884,712,484,213,-73,-349,-580,-769,-889,-922,-880,-765,-586,-364,-115,136,379,586,733,814,834,786,667,501,295,63,-159,-366,-550,-677,-744,-759,-704,-589,-433,-243,-35,170,365,533,637,685,692,640,525,370,183,-19,-215,-385,-522,-610,-644,-619,-541,-421,-259,-83,100,264,400,499,547,541,485,395,272,131,-18,-151,-262,-354,-403,-414,-392,-336,-265,-161,-53,44,137,321,273,305,304,283,235,176,101,16,-61,-122,-174,-209,-226,-216,-190,-142,-84,-30,28,76,114,143,144,133,112,82,44,2,-34,-65,-81,-85,-57,-40,-13,34,57,89,102,101,68,24,-21,-85,-141,-180,-203,-208,-176,-124,-51,45,143,233,304,346,353,314,238,133,6,-126,-261,-368,-435,-459,-444,-380,-268,-120,41,194,336,447,510,526,483,382,255,94,-77,-237,-374,-473,-526,-518,-473,-377,-240,-83,81,236,366,453,493,493,435,335,207,62,-88,-228,-346,-419,-458,-451,-395,-296,-164,-21,128,271,367,427,432,381,278,138,-19,-164,-279,-336,-338,-275,-166,594,541,-78,-579,-667,301,373,373,295,158,-27,-214,-386,-507,-547,-515,-411,-244,-46,164,352,499,592,617,570,461,291,86,-125,-326,-497,-608,-662,-648,-561,-403,-217,-10,213,408,556,651,677,631,532,364,176,-33,-248,-416,-545,-624,-635,-582,-482,-328,-152,32,198,351,467,526,539,495,418,310,170,27,-112,-240,-329,-384,-407,-390,-354,-288,-202,-105,-9,85,167,227,269,291,287,266,227,175,120,55,4,-61,-117,-152,-190,-213,-223,-222,-205,-181,-149,-103,-42,15,79,140,195,244,270,273,273,250,204,140,66,-27,-128,-215,-296,-352,-395,-409,-376,-310,-227,-103,38,173,301,411,374,526,522,477,387,245,87,-82,-265,-422,-554,-630,-660,-637,-541,-408,-232,-28,187,387,564,690,753,749,680,549,377,166,-64,-290,-492,-653,-759,-804,-784,-701,-558,-364,-139,97,327,539,714,835,885,863,772,616,399,142,-129,-392,-641,-839,-972,-1006,-956,-841,-641,-383,-84,231,527,784,975,1087,1110,1026,852,607,300,-32,-360,-667,-917,-1080,-1159,-1129,-995,-775,-492,-175,176,503,771,988,1116,1141,1066,896,663,364,33,-307,-605,-845,-1012,-1090,-1079,-968,-775,-518,-225,84,390,653,850,968,1004,957,829,633,390,116,-165,-423,-635,-796,-890,-897,-846,-719,-533,-312,-72,158,-195,-349
10735,mtk,MTK 7916,4082355126,rx0-tx1,512,-196,-367,-345,640,466,253,8,-238,-480,-686,-834,-917,-918,-837,-687,-473,-212,76,371,626,834,981,1043,1014,891,689,420,116,-204,-510,-782,-988,-1108,-1133,-1058,-890,-643,-339,0,346,657,912,1096,1185,1172,1061,857,571,233,-126,-467,-772,-1019,-1168,-1212,-1165,-1016,-782,-481,-139,218,554,837,1049,1165,1192,1118,949,702,400,57,-287,-593,-858,-1045,-1138,-1144,-1050,-870,-621,-319,-1,320,603,831,1001,1086,1069,967,789,551,269,-27,-325,-591,-804,-950,-1023,-1004,-907,-739,-515,-249,39,316,562,761,903,968,954,863,696,481,228,-48,-311,-554,-748,-884,-953,-941,-849,-686,-470,-209,69,334,586,-430,918,973,952,847,663,429,153,-145,-437,-680,-869,-992,-1019,-951,-801,-584,-315,-9,291,568,799,951,1015,992,874,687,427,138,-160,-444,-683,-857,-957,-965,-883,-724,-504,-237,35,302,536,717,837,878,830,723,548,331,93,-156,-378,-556,-682,-752,-747,-673,-554,-388,-198,6,199,368,512,598,633,611,546,428,278,114,-58,-216,-356,-459,-517,-533,-506,-424,-311,-180,-33,100,226,333,394,427,423,382,309,213,104,-6,-113,-214,-282,-332,-356,-337,-295,-234,-149,-54,41,132,213,271,304,305,277,223,144,47,-48,-131,-208,-256,-272,-250,-194,-114,-23,66,135,174,179,-281,-325,320,25,-603,123,19,-106,-220,-307,-358,-346,-285,-179,-41,99,232,337,405,425,399,331,226,96,-46,-183,-310,-408,-471,-486,-453,-387,-275,-126,28,196,339,463,547,586,572,498,376,217,29,-172,-358,-532,-656,-715,-709,-637,-497,-304,-77,172,403,602,755,837,832,751,591,374,117,-151,-411,-629,-798,-883,-878,-800,-635,-419,-159,117,382,603,763,856,865,800,652,448,216,-42,-288,-502,-664,-761,-793,-749,-632,-473,-271,-58,162,352,516,628,679,676,616,504,353,172,-8,-184,-338,-460,-539,-577,-572,-518,-426,-301,-153,-4,143,281,393,476,516,518,480,406,303,170,29,-112,230,-362,-461,-511,-521,-494,-423,-316,-189,-40,116,259,379,476,525,533,498,419,305,162,10,-144,-289,-405,-481,-514,-512,-458,-369,-252,-114,25,159,275,368,425,444,433,382,301,204,103,-15,-119,-213,-282,-328,-353,-348,-314,-273,-209,-132,-50,32,99,164,212,252,281,280,269,243,207,153,97,30,-44,-113,-181,-243,-287,-319,-323,-307,-267,-209,-132,-47,54,146,237,317,368,404,403,370,310,221,113,2,-129,-250,-353,-429,-479,-489,-459,-401,-302,-173,-36,115,260,393,497,558,582,557,484,371,219,48,-134,-309,-468,-587,-661,-683,-649,-563,-422,-240,-31,179,378,1087,1112,472,16,94,-519,-686,-807,-858,-839,-746,-579,-362,-110,164,429,661,842,953,987,930,787,580,314,14,-295,-579,-819,-990,-1080,-1078,-984,-798,-537,-227,110,438,729,959,1110,1173,1131,982,756,458,116,-238,-569,-854,-1066,-1187,-1204,-1116,-939,-676,-347,-4,346,666,933,1116,1202,1189,1072,865,584,263,-82,-418,-719,-953,-1109,-1178,-1133,-1002,-790,-509,-190,140,462,737,947,1077,1118,1070,924,715,449,143,-168,-461,-714,-909,-1023,-1054,-999,-857,-648,-397,-112,179,451,687,862,970,993,933,800,608,367,94,-180,-443,-664,-828,-934,-954,-899,-776,-589,-362,-95,180,442,667,836,942,958,906,778,-1099,328,51,-233,-508,-733,-893,-984,-991,-903,-737,-517,-242,65,362,623,832,975,1021,978,851,644,374,79,-226,-506,-745,-917,-995,-987,-886,-708,-467,-192,101,379,614,799,901,915,860,722,532,295,27,-229,-453,-640,-758,-818,-799,-703,-552,-363,-150,80,286,463,600,676,695,648,557,412,235,49,-130,-295,-436,-532,-581,-579,-524,-431,-298,-150,3,154,290,390,458,480,461,413,317,201,80,-45,-163,-262,-335,-372,-380,-363,-307,-225,-136,-29,77,166,242,297,321,315,289,230,154,62,-36,-129,-204,-262,-289,-282,-250,-190,-103,-7,91,170,221,237,215,162,84,2,-207,-147,-298,1155,982,-228,-284,-286,-232,-139,-12,128,250,346,394,393,343,250,122,-21,-161,-283,-380,-437,-455,-425,-353,-242,-107,45,191,325,444,510,532,507,433,322,173,1,-183,-354,-498,-597,-648,-636,-567,-446,-263,-52,169,382,567,697,772,775,698,552,349,101,-161,-411,-632,-788,-871,-871,-785,-624,-404,-135,139,403,630,793,882,881,797,640,432,183,-82,-334,-559,-719,-817,-838,-772,-645,-462,-244,-13,227,429,592,694,736,710,628,497,313,120,-77,-268,-427,-548,-614,-628,-592,-509,-387,-239,-78,90,247,372,471,528,541,516,452,357,233,90,-56,-200,-322,-423,-489,-515,-506,-198,-375,-257,-112,33,180,316,422,496,530,520,463,373,248,99,-53,-201,-337,-443,-512,-531,-511,-443,-339,-206,-66,86,226,339,425,477,482,450,381,287,162,40,-85,-199,-293,-358,-398,-406,-372,-320,-241,-155,-61,38,120,192,255,290,309,302,279,244,190,138,66,-7,-71,-133,-189,-233,-264,-287,-288,-274,-242,-187,-125,-51,33,121,203,273,320,351,358,335,294,218,132,30,-85,-193,-291,-370,-415,-444,-438,-389,-307,-204,-80,56,188,313,422,493,529,526,483,398,271,123,-38,-205,-358,-488,-582,-629,-628,-574,-471,-322,-145,53,250,432,581,686,734,720,645,-362,273
10736,mtk,MTK 7916,4082355126,rx1-tx0,512,-124,642,-127,341,473,559,585,555,470,333,165,-16,-205,-370,-495,-570,-594,-554,-455,-312,-139,44,228,393,520,595,608,569,464,315,146,-40,-233,-401,-530,-616,-638,-598,-507,-367,-191,4,205,392,539,643,692,679,594,456,273,63,-157,-363,-542,-684,-756,-765,-703,-578,-392,-168,68,314,529,706,823,866,825,711,528,290,20,-249,-500,-716,-869,-943,-924,-831,-651,-406,-134,165,440,685,866,966,976,907,751,531,263,-40,-329,-589,-793,-940,-990,-957,-846,-661,-417,-138,151,430,669,853,968,995,944,806,594,335,45,-245,-523,-756,-930,-1020,-1029,-950,-779,-549,-264,49,359,650,231,1052,1117,1091,978,761,483,147,-207,-549,-847,-1070,-1202,-1227,-1141,-951,-671,-324,67,454,802,1074,1257,1328,1280,1105,830,480,80,-329,-710,-1030,-1262,-1388,-1375,-1235,-987,-649,-254,168,581,942,1215,1386,1437,1342,1142,838,449,17,-428,-825,-1156,-1387,-1496,-1460,-1296,-1021,-636,-187,278,726,1109,1398,1558,1565,1410,1138,739,257,-240,-713,-1128,-1425,-1578,-1581,-1416,-1109,-689,-212,287,743,1110,1371,1481,1428,1248,943,550,113,-316,-700,-1004,-1204,-1270,-1204,-1022,-747,-398,-39,327,648,895,1034,1076,992,810,555,239,-95,-411,-675,-856,-932,-889,-736,-490,-180,144,435,636,729,688,530,293,49,916,1113,806,3,-252,341,220,15,-221,-438,-598,-662,-614,-474,-254,9,272,516,692,788,791,697,514,269,-3,-288,-551,-758,-889,-924,-866,-709,-478,-184,139,453,737,938,1069,1089,989,795,515,170,-214,-581,-888,-1131,-1266,-1257,-1131,-889,-548,-137,293,701,1049,1299,1421,1403,1236,960,575,116,-353,-782,-1150,-1405,-1523,-1492,-1302,-997,-585,-121,345,794,1170,1425,1538,1501,1323,1020,612,158,-300,-749,-1107,-1355,-1485,-1471,-1318,-1042,-662,-237,201,618,980,1229,1374,1393,1282,1064,747,363,-42,-439,-790,-1071,-1248,-1319,-1270,-1105,-845,-511,-134,244,600,893,1119,1237,1250,1149,946,667,324,-42,-400,-726,-990,-1163,-49,-1193,-1061,-835,-528,-178,185,536,847,1083,1224,1261,1180,1003,725,392,13,-368,-725,-1027,-1227,-1324,-1299,-1156,-905,-575,-187,233,624,959,1210,1347,1364,1246,1022,689,299,-119,-528,-884,-1156,-1313,-1355,-1265,-1058,-752,-388,14,412,757,1032,1205,1263,1204,1036,775,442,80,-272,-601,-861,-1037,-1116,-1092,-967,-764,-495,-192,119,411,660,841,939,962,891,743,535,288,21,-249,-475,-659,-794,-840,-822,-729,-571,-371,-134,108,332,527,672,743,759,695,571,397,193,-33,-259,-441,-587,-670,-695,-651,-547,-393,-209,0,203,386,520,606,635,602,513,373,200,10,-185,-354,-483,-567,-593,-565,734,642,289,1193,1348,474,344,179,-5,-187,-355,-488,-564,-592,-557,-463,-325,-158,30,220,385,508,579,595,553,457,312,135,-52,-236,-401,-519,-595,-622,-584,-481,-339,-163,34,222,395,533,626,663,641,550,409,231,27,-190,-389,-551,-669,-724,-716,-640,-514,-327,-110,119,346,546,706,787,812,760,638,460,233,-24,-279,-515,-716,-854,-909,-878,-770,-588,-351,-72,206,476,715,877,963,960,871,706,473,191,-103,-386,-641,-830,-958,-994,-936,-800,-593,-336,-38,245,512,733,896,979,981,892,727,505,235,-53,-340,-604,-809,-949,-1007,-980,-870,-686,-439,-149,144,445,704,903,1037,1077,1026,889,-568,375,50,-277,-599,-869,-1062,-1169,-1166,-1059,-854,-570,-233,136,501,822,1072,1235,1286,1216,1032,749,402,13,-387,-756,-1056,-1266,-1358,-1329,-1170,-908,-567,-168,255,649,992,1242,1382,1399,1295,1068,739,353,-81,-506,-878,-1184,-1380,-1459,-1404,-1222,-930,-546,-104,354,768,1128,1396,1520,1518,1363,1089,703,244,-250,-709,-1110,-1424,-1586,-1586,-1441,-1147,-729,-250,259,740,1138,1412,1541,1519,1336,1033,629,157,-303,-724,-1062,-1284,-1369,-1315,-1132,-846,-477,-69,325,666,942,1110,1165,1106,926,659,337,-9,-354,-637,-857,-979,-993,-892,-694,-418,-96,233,523,744,852,834,692,454,158,-143,-386,-527,-546,-662,-70,-321,455,391,-272,-432,-528,-519,-413,-220,34,296,519,677,735,702,572,358,99,-179,-442,-660,-801,-861,-827,-697,-487,-218,79,378,642,848,978,1002,925,745,484,177,-179,-518,-809,-1035,-1165,-1176,-1057,-837,-537,-153,254,636,971,1224,1350,1338,1194,926,557,122,-333,-753,-1097,-1365,-1491,-1459,-1291,-991,-585,-122,361,804,1166,1429,1533,1500,1325,1010,600,136,-339,-783,-1153,-1403,-1506,-1486,-1325,-1023,-641,-195,265,686,1050,1304,1430,1429,1297,1042,699,304,-128,-531,-881,-1155,-1314,-1356,-1278,-1084,-794,-436,-49,340,694,990,1197,1289,1260,1121,892,586,227,-146,-507,-813,-1055,-1207,-1241,-1173,-1000,-743,-417,425,288,622,913,1121,1224,1224,1121,921,631,286,-90,-458,-790,-1056,-1228,-1293,-1244,-1089,-830,-482,-99,301,677,992,1216,1340,1341,1206,969,633,241,-178,-571,-921,-1184,-1334,-1364,-1258,-1042,-722,-346,66,473,832,1106,1275,1323,1244,1050,768,418,34,-347,-687,-960,-1136,-1195,-1154,-1006,-767,-467,-133,205,511,766,943,1029,1022,924,752,510,241,-43,-322,-562,-747,-860,-900,-852,-729,-560,-333,-78,168,400,586,723,796,787,713,580,388,170,-61,-289,-479,-618,-700,-726,-674,-560,-401,-204,8,220,406,548,637,667,628,532,384,208,8,-187,-360,-500,-585,-616,-583,-492,-359,-191,-7,168,-42,360
10737,mtk,MTK 7916,4082355126,rx1-tx1,512,0,0,0,-446,-616,-645,-507,-243,80,393,604,675,586,348,20,-309,-567,-694,-653,-455,-137,213,511,689,701,539,244,-110,-440,-658,-712,-599,-342,4,348,608,710,639,421,99,-254,-552,-706,-678,-484,-178,176,494,691,714,559,270,-93,-438,-673,-736,-619,-347,14,373,644,761,684,433,77,-299,-610,-769,-743,-532,-182,213,562,776,801,626,302,-99,-484,-755,-849,-738,-445,-47,370,698,857,814,581,205,-223,-592,-821,-863,-694,-369,36,435,727,848,765,502,127,-271,-595,-775,-769,-580,-260,112,450,670,732,614,352,12,-319,-565,-672,-607,-397,-100,217,469,606,592,424,157,0,-414,-575,-588,-449,-201,95,366,542,585,485,258,-36,-321,-533,-626,-563,-362,-64,253,508,641,626,458,185,-131,-425,-627,-679,-573,-333,-15,305,548,665,627,449,169,-146,-418,-584,-612,-496,-271,13,288,483,559,497,316,67,-192,-395,-495,-464,-312,-88,147,341,455,449,317,105,-124,-330,-458,-477,-375,-164,90,319,480,527,451,263,8,-251,-454,-551,-530,-392,-156,115,359,521,565,483,294,43,-209,-412,-519,-510,-388,-178,58,272,423,476,422,281,77,-143,-324,-419,-419,-332,-173,21,206,342,405,387,289,131,-48,-211,-332,-388,-378,-300,-181,-48,78,177,239,0,0,0,0,0,-253,-227,-156,-41,103,247,366,436,437,364,220,24,-189,-370,-490,-529,-458,-294,-70,186,414,554,581,490,294,22,-265,-496,-632,-641,-501,-247,64,374,612,720,675,480,166,-191,-516,-732,-794,-686,-428,-69,319,642,822,823,642,315,-85,-464,-753,-882,-801,-535,-162,247,609,835,864,696,365,-49,-449,-750,-878,-805,-546,-160,257,611,823,851,679,343,-66,-457,-748,-870,-779,-508,-127,279,620,819,822,635,304,-99,-476,-736,-817,-706,-435,-67,319,624,776,747,539,207,-168,-508,-721,-754,-609,-317,46,395,654,753,658,408,61,-299,-591,-739,-712,-514,-188,188,517,0,759,603,304,-73,-430,-692,-794,-706,-447,-72,323,636,804,782,569,226,-167,-532,-768,-807,-664,-370,22,409,695,813,740,484,106,-298,-617,-789,-775,-571,-221,177,533,761,807,648,329,-68,-444,-719,-819,-718,-442,-56,339,655,817,773,540,175,-231,-583,-794,-808,-634,-303,110,487,744,824,704,416,19,-384,-689,-825,-765,-522,-163,231,578,779,783,610,288,-105,-462,-702,-769,-658,-391,-34,328,595,712,658,445,126,-208,-480,-638,-637,-471,-184,137,407,577,608,481,228,-78,-353,-537,-592,-493,-260,31,314,513,579,503,302,24,-263,-491,-595,-544,-357,-83,220,473,0,0,0,0,0,462,195,-126,-426,-622,-666,-550,-302,28,353,598,699,623,397,77,-259,-541,-691,-675,-496,-195,159,473,672,710,570,293,-55,-387,-625,-713,-629,-388,-53,300,581,723,676,462,141,-217,-525,-699,-698,-523,-220,133,461,677,724,592,313,-46,-405,-659,-743,-648,-391,-34,332,626,767,711,472,121,-268,-594,-778,-771,-582,-247,153,521,764,818,675,373,-32,-434,-727,-849,-777,-511,-120,296,646,851,848,643,287,-134,-520,-778,-853,-739,-448,-46,352,659,809,768,548,202,-186,-526,-736,-762,-605,-314,46,389,623,700,615,386,63,-264,-519,-642,-603,-415,-130,181,445,590,0,436,179,-122,-389,-557,-581,-463,-233,62,342,536,603,524,312,15,-292,-535,-644,-600,-416,-128,200,480,646,661,526,261,-64,-367,-587,-680,-612,-400,-100,218,483,625,623,482,230,-73,-345,-531,-589,-508,-305,-35,235,436,529,488,324,86,-164,-372,-478,-455,-325,-111,135,340,450,456,336,126,-110,-327,-475,-501,-404,-215,39,294,479,550,495,323,78,-189,-413,-548,-566,-451,-230,37,287,471,553,508,353,126,-124,-335,-468,-499,-416,-239,-8,210,366,443,420,301,119,-81,-258,-376,-410,-358,-228,-45,141,290,382,404,344,221,62,-98,-232,-320,-348,-323,-257,-164,0,0,0,0,0,-100,-209,-301,-361,-370,-322,-219,-65,120,297,432,496,470,358,171,-60,-288,-464,-554,-530,-399,-180,82,339,536,620,567,397,138,-168,-444,-631,-684,-585,-365,-56,288,575,739,743,586,298,-69,-430,-702,-824,-771,-544,-188,203,561,801,864,732,440,49,-357,-687,-865,-842,-630,-278,135,519,788,873,757,467,66,-355,-684,-857,-831,-611,-256,157,541,792,860,732,434,34,-373,-692,-844,-804,-582,-224,187,549,774,818,671,365,-18,-399,-686,-805,-733,-499,-142,246,571,758,758,572,257,-107,-449,-688,-750,-633,-365,-14,351,629,754,695,467,128,-244,-565,-750,-748,-567,0,122,475,711,779,664,381,4,-378,-667,-801,-749,-514,-151,243,578,783,802,626,301,-98,-476,-735,-820,-706,-424,-42,353,658,803,757,530,172,-233,-582,-779,-783,-606,-279,125,499,740,805,682,383,-7,-395,-693,-819,-739,-482,-112,293,629,806,796,592,234,-173,-533,-772,-824,-673,-356,46,428,714,833,743,471,88,-312,-635,-808,-784,-563,-223,167,521,744,784,636,345,-33,-399,-654,-742,-661,-427,-86,265,544,684,649,461,167,-164,-447,-610,-616,-466,-202,106,384,561,593,477,243,-49,-327,-528,-585,-487,-280,4,289,494,582,523,327,47,-248,-487,-601,-563,-393,0,0
10738,mtk,MTK 7916,4082355126,rx2-tx0,512,0,0,0,290,444,491,412,227,-20,-262,-441,-517,-462,-286,-38,219,429,532,500,347,107,-167,-402,-540,-540,-401,-166,111,367,531,561,451,223,-63,-335,-533,-591,-492,-271,18,305,524,610,538,332,36,-274,-522,-645,-597,-394,-95,235,518,673,659,473,167,-191,-512,-709,-728,-568,-261,129,492,735,810,681,372,-35,-444,-750,-879,-800,-520,-107,340,710,920,911,680,283,-189,-627,-917,-986,-821,-459,23,502,859,1018,939,628,168,-330,-752,-995,-1006,-778,-361,140,604,930,1033,885,529,57,-428,-815,-1005,-957,-685,-247,243,669,931,967,768,391,-75,-516,-832,-950,-838,-516,-75,0,736,913,864,606,203,-253,-644,-874,-896,-705,-335,120,542,833,927,797,474,32,-426,-782,-949,-888,-611,-187,291,703,947,967,759,363,-123,-585,-909,-1021,-889,-553,-87,407,812,1024,987,718,289,-217,-679,-981,-1047,-872,-489,11,511,887,1055,985,689,224,-298,-745,-1017,-1059,-854,-454,49,539,909,1064,975,665,214,-286,-721,-981,-1010,-823,-450,24,485,825,967,899,635,229,-222,-603,-842,-886,-732,-420,-25,361,666,811,765,555,234,-135,-461,-677,-737,-633,-396,-82,242,504,651,660,530,292,-2,-283,-494,-610,-603,-478,-274,-27,212,399,510,529,460,333,174,16,-124,0,0,0,0,0,328,442,496,474,366,184,-52,-300,-512,-645,-666,-562,-345,-50,266,542,720,750,622,355,2,-362,-666,-838,-831,-635,-289,127,533,837,960,872,594,172,-313,-750,-1025,-1079,-895,-501,22,558,979,1192,1147,844,343,-245,-790,-1177,-1303,-1134,-714,-130,503,1037,1335,1342,1059,521,-142,-763,-1218,-1404,-1273,-858,-248,424,990,1335,1374,1102,585,-62,-686,-1157,-1366,-1253,-856,-272,372,926,1254,1287,1029,541,-73,-661,-1088,-1258,-1135,-747,-192,399,890,1164,1170,904,420,-152,-675,-1035,-1150,-994,-603,-74,462,883,1094,1037,736,269,-255,-709,-992,-1041,-835,-437,61,540,881,1016,905,572,106,0,-762,-959,-932,-680,-266,206,627,894,946,769,404,-51,-495,-817,-937,-830,-529,-100,344,706,895,865,628,241,-198,-583,-830,-870,-701,-367,51,451,740,847,746,465,77,-321,-637,-793,-754,-528,-180,199,527,720,736,570,265,-99,-429,-643,-698,-577,-314,24,347,572,655,575,345,37,-272,-510,-610,-557,-367,-90,210,452,577,560,398,133,-164,-413,-542,-536,-403,-165,114,355,510,533,418,196,-70,-313,-478,-524,-435,-234,18,263,446,515,443,261,22,-221,-405,-487,-444,-287,-58,180,375,474,444,306,96,-141,-338,-447,-441,-322,-122,109,320,446,451,340,146,-91,-305,0,0,0,0,0,-381,-199,45,281,451,506,439,261,14,-241,-437,-527,-486,-325,-78,191,415,533,518,373,131,-143,-387,-542,-555,-429,-194,92,355,531,575,471,251,-35,-320,-526,-601,-524,-313,-19,286,519,621,565,359,63,-256,-520,-656,-626,-429,-123,221,520,693,692,517,209,-162,-507,-730,-774,-625,-314,82,471,748,845,737,447,39,-390,-735,-906,-857,-602,-194,273,675,917,952,757,368,-117,-572,-897,-1010,-881,-543,-72,423,815,1017,979,708,269,-235,-685,-969,-1027,-842,-458,33,519,883,1028,926,605,150,-337,-745,-973,-968,-735,-330,152,593,884,961,811,463,0,-450,-787,-932,0,-568,-146,310,684,892,881,651,263,-185,-591,-853,-910,-745,-398,51,494,819,940,841,543,103,-367,-752,-961,-940,-691,-276,205,642,932,1002,833,467,-15,-496,-866,-1027,-947,-647,-191,313,744,1000,1021,800,387,-122,-600,-936,-1062,-942,-592,-102,409,826,1049,1030,770,339,-179,-658,-978,-1076,-931,-565,-76,424,821,1031,1007,758,342,-145,-600,-911,-1007,-871,-548,-108,348,714,910,900,689,329,-92,-483,-753,-854,-758,-492,-128,249,566,747,761,607,323,-25,-351,-592,-706,-662,-476,-190,123,400,590,652,577,386,130,-138,-378,-538,-592,-540,-400,-205,10,206,344,413,411,354,0,0,0,0,0,-249,-120,46,239,422,558,611,558,393,155,-125,-399,-612,-713,-674,-496,-211,133,464,704,803,731,497,145,-252,-610,-844,-898,-757,-441,-10,437,808,1006,984,742,325,-180,-660,-1010,-1145,-1025,-667,-157,405,902,1209,1244,996,524,-72,-663,-1117,-1334,-1262,-898,-322,324,909,1294,1394,1180,696,55,-591,-1107,-1386,-1353,-999,-423,234,841,1257,1386,1193,729,104,-534,-1043,-1313,-1284,-959,-409,227,796,1179,1285,1094,651,67,-527,-992,-1223,-1158,-826,-310,275,786,1107,1163,948,513,-39,-573,-965,-1122,-1010,-668,-178,352,794,1044,1045,798,361,-155,-628,-943,-1030,-875,-510,-25,455,826,998,0,630,191,-286,-690,-932,-944,-725,-334,130,561,855,942,803,471,29,-423,-765,-918,-857,-586,-176,273,653,871,877,672,309,-123,-522,-788,-863,-727,-418,-16,388,691,823,754,503,135,-256,-578,-760,-750,-552,-225,153,478,679,716,575,292,-56,-380,-608,-677,-577,-334,-9,308,539,636,567,358,59,-246,-481,-596,-560,-376,-104,187,430,566,551,397,148,-136,-381,-524,-535,-410,-179,96,338,495,527,423,214,-48,-293,-463,-512,-436,-254,-6,248,431,497,444,282,42,-205,-390,-478,-451,-309,-85,156,354,454,441,320,112,-123,-323,-445,-449,-330,-132,98,305,437,452,352,0,0
10739,mtk,MTK 7916,4082355126,rx2-tx1,512,0,0,0,-153,-144,-96,-21,53,107,142,136,89,17,-59,-119,-147,-139,-101,-37,41,109,154,160,130,71,-7,-83,-137,-173,-166,-113,-47,25,96,148,163,149,107,42,-29,-89,-134,-150,-135,-97,-48,11,70,111,134,136,113,70,18,-40,-95,-133,-150,-146,-113,-60,11,86,148,189,200,170,97,3,-97,-187,-251,-263,-217,-125,4,136,243,309,312,242,109,-45,-196,-320,-375,-343,-240,-78,107,280,390,418,354,203,7,-191,-354,-448,-437,-320,-135,83,287,428,474,411,252,39,-186,-370,-471,-464,-350,-153,84,296,434,474,403,239,17,-215,-398,-483,-449,-305,-89,0,361,485,498,387,174,-85,-325,-496,-553,-477,-285,-17,263,480,593,573,415,157,-151,-429,-611,-655,-541,-300,13,334,582,701,659,457,136,-221,-524,-713,-744,-606,-322,51,424,707,823,746,506,142,-268,-624,-843,-878,-711,-376,53,479,799,940,873,619,216,-250,-659,-926,-986,-832,-499,-41,432,797,985,967,730,338,-130,-568,-881,-1002,-903,-605,-182,284,683,922,961,795,461,31,-397,-728,-904,-881,-663,-315,97,480,740,838,768,535,193,-183,-504,-709,-766,-664,-428,-108,224,495,661,693,586,372,92,-198,-432,-582,-626,-552,-393,-184,43,246,392,455,445,384,283,0,0,0,0,0,141,163,163,135,81,6,-78,-160,-219,-244,-225,-160,-58,51,164,254,292,267,186,59,-87,-215,-312,-348,-306,-192,-34,142,299,393,400,321,170,-27,-240,-409,-494,-470,-341,-130,119,360,536,597,529,346,73,-227,-487,-654,-686,-561,-306,25,358,630,772,742,558,245,-143,-500,-744,-841,-761,-503,-132,274,622,841,876,717,398,-11,-418,-738,-898,-860,-635,-267,169,568,839,918,795,496,82,-344,-699,-894,-887,-680,-323,113,520,802,906,807,515,115,-316,-673,-874,-889,-700,-339,93,500,793,907,811,538,146,-284,-652,-871,-887,-704,-363,54,462,767,894,809,536,0,-268,-627,-836,-851,-673,-344,65,458,738,848,757,486,107,-287,-615,-803,-800,-609,-278,116,481,739,816,699,420,46,-343,-655,-810,-772,-556,-216,176,533,763,813,668,373,-6,-389,-676,-805,-751,-526,-177,207,542,752,781,631,336,-31,-383,-642,-752,-684,-462,-137,208,502,679,693,543,270,-59,-364,-575,-642,-560,-351,-65,226,454,571,556,407,167,-104,-344,-497,-528,-435,-249,-8,234,407,480,441,302,99,-127,-314,-417,-423,-332,-164,37,223,341,377,334,210,42,-126,-256,-321,-304,-221,-92,57,186,257,263,214,117,-8,-123,-198,-227,-201,-123,-22,76,153,186,0,0,0,0,0,21,-58,-124,-155,-140,-91,-21,56,119,147,142,99,27,-51,-119,-155,-152,-118,-59,22,103,152,163,143,90,18,-59,-127,-164,-168,-134,-72,-1,70,125,157,155,119,68,3,-64,-115,-141,-143,-124,-84,-30,25,75,118,142,140,115,70,13,-53,-112,-150,-166,-161,-123,-48,41,124,194,229,213,152,58,-55,-169,-253,-284,-262,-177,-53,97,233,320,346,298,179,15,-166,-310,-391,-387,-297,-139,59,246,376,435,398,268,75,-133,-320,-438,-457,-378,-209,16,234,399,471,436,305,103,-127,-329,-453,-471,-379,-198,31,256,419,483,434,275,43,-194,-383,-482,0,-345,-133,121,345,487,523,428,225,-33,-291,-489,-575,-527,-346,-81,208,460,605,613,483,224,-91,-388,-609,-687,-602,-380,-61,275,554,710,709,537,231,-132,-477,-714,-791,-681,-408,-42,340,660,835,811,601,255,-165,-556,-833,-917,-794,-490,-69,375,738,948,946,728,342,-126,-569,-880,-1007,-920,-629,-188,285,697,958,1007,837,487,22,-443,-799,-976,-943,-712,-326,126,538,839,952,853,574,177,-242,-599,-822,-869,-728,-432,-51,325,633,795,780,609,317,-39,-379,-626,-734,-694,-519,-250,68,361,573,667,635,484,254,-6,-254,-445,-553,-565,-484,-336,-159,16,157,256,0,0,0,0,0,-43,10,69,131,186,217,208,158,80,-14,-119,-207,-261,-271,-225,-133,-10,124,238,303,306,242,123,-23,-177,-305,-374,-360,-257,-93,90,267,406,455,397,247,37,-191,-397,-519,-529,-432,-235,34,313,531,639,612,445,174,-143,-443,-656,-735,-661,-433,-108,249,569,774,814,669,373,-5,-386,-699,-864,-840,-621,-264,145,531,805,900,798,519,125,-301,-661,-871,-889,-716,-376,45,457,772,916,853,597,204,-232,-617,-853,-896,-750,-425,3,419,743,904,855,612,228,-207,-596,-850,-909,-764,-452,-31,398,727,889,855,629,254,-183,-566,-821,-896,-763,-452,-41,374,697,0,836,608,247,-168,-539,-785,-856,-726,-426,-29,373,682,830,784,557,201,-198,-557,-778,-813,-659,-358,28,416,700,812,735,486,126,-266,-597,-790,-796,-624,-298,98,462,720,812,716,452,89,-296,-613,-786,-776,-583,-263,114,465,702,773,663,398,58,-291,-575,-722,-697,-504,-204,129,426,618,662,558,317,8,-291,-513,-610,-563,-392,-132,161,403,541,549,427,206,-51,-288,-453,-506,-443,-274,-45,183,361,454,438,318,130,-78,-263,-381,-403,-333,-187,3,175,301,353,318,216,70,-90,-224,-292,-291,-223,-107,29,150,231,248,205,120,13,-98,-177,-203,-181,-118,-27,0,0
10740,mtk,MTK 7916,4082410491,rx0-tx0,512,575,444,448,68,-181,-400,-603,-753,-865,-928,-909,-841,-726,-555,-351,-116,128,362,576,762,900,987,990,922,807,627,393,118,-156,-432,-692,-898,-1049,-1115,-1092,-998,-829,-585,-291,31,341,629,869,1046,1141,1152,1078,910,673,399,92,-212,-495,-744,-929,-1041,-1077,-1040,-926,-747,-517,-249,20,289,540,741,869,951,960,895,770,600,391,154,-94,-322,-523,-679,-786,-851,-842,-781,-663,-497,-302,-89,120,327,498,650,744,779,758,680,545,395,213,0,-196,-372,-524,-626,-677,-671,-621,-529,-389,-226,-49,122,276,396,482,536,535,499,426,324,208,84,-39,-149,-244,-323,-359,-377,-357,-311,-588,-194,-96,-11,53,137,188,224,250,254,230,193,147,97,35,-22,-75,-113,-146,-162,-158,-139,-109,-73,-35,10,45,70,92,86,74,54,20,-13,-47,-90,-112,-120,-121,-91,-53,5,64,136,206,246,265,258,227,169,75,-34,-141,-255,-351,-417,-445,-444,-374,-281,-152,9,163,309,452,540,587,581,522,408,257,85,-97,-283,-447,-567,-643,-658,-618,-527,-386,-201,-11,185,370,514,612,666,652,575,467,307,129,-55,-234,-392,-516,-589,-608,-576,-501,-381,-227,-63,111,268,402,499,553,552,498,393,254,86,-97,-258,-393,-480,-505,-461,-361,-214,-44,114,244,313,197,301,-615,223,104,356,305,173,-9,-206,-397,-536,-603,-589,-495,-339,-141,90,314,498,630,705,697,625,492,300,82,-155,-375,-560,-688,-762,-762,-687,-548,-363,-143,98,329,533,681,768,786,742,632,463,256,27,-188,-398,-560,-674,-734,-717,-643,-520,-359,-175,30,216,356,480,563,595,570,508,405,281,149,11,-122,-229,-315,-369,-403,-398,-366,-316,-253,-175,-91,-17,65,118,168,210,230,224,223,219,200,171,137,112,69,29,-6,-45,-96,-141,-186,-227,-249,-271,-271,-253,-233,-184,-115,-53,33,131,223,302,376,417,429,418,371,308,210,74,-59,-185,-331,-449,-540,-595,-618,-576,-291,-364,-212,-34,147,329,488,629,716,755,752,668,534,365,148,-84,-309,-524,-707,-832,-895,-888,-821,-688,-495,-271,-22,219,464,681,826,917,953,917,812,668,458,213,-38,-281,-527,-751,-906,-1016,-1045,-1013,-902,-719,-488,-209,83,384,660,888,1063,1154,1176,1108,956,731,448,135,-211,-544,-820,-1062,-1224,-1289,-1265,-1147,-938,-666,-343,34,393,716,992,1191,1306,1321,1240,1071,810,493,151,-206,-551,-853,-1091,-1240,-1305,-1260,-1132,-926,-644,-320,27,365,664,922,1122,1212,1215,1144,968,736,458,154,-160,-466,-716,-915,-1048,-1109,-1076,-976,-809,-584,-321,-58,210,469,686,849,939,963,379,347,-184,30,-101,-935,-907,-833,-703,-522,-319,-80,160,378,579,745,863,930,933,873,761,592,387,141,-127,-381,-614,-823,-972,-1041,-1038,-979,-838,-631,-374,-72,234,526,786,989,1115,1152,1105,979,769,501,187,-121,-427,-702,-913,-1062,-1126,-1104,-1005,-829,-585,-314,-26,258,525,745,905,997,1012,965,849,660,441,197,-64,-313,-530,-711,-835,-898,-895,-836,-718,-547,-345,-123,108,314,514,661,767,801,796,728,615,454,252,48,-156,-350,-510,-630,-723,-747,-703,-614,-485,-317,-133,59,234,397,521,591,619,597,528,420,291,143,-10,-144,-271,-359,-421,-450,-445,-402,-337,-246,-147,-47,61,146,321,267,310,300,295,264,198,141,70,-3,-70,-124,-166,-196,-209,-201,-178,-143,-101,-45,4,49,80,106,119,122,99,80,45,0,-33,-68,-85,-89,-87,-65,-18,25,79,122,160,184,192,177,123,47,-30,-111,-196,-276,-338,-351,-346,-302,-219,-107,17,160,301,409,498,530,511,458,357,196,28,-148,-310,-452,-559,-621,-632,-579,-469,-322,-138,55,242,410,548,633,660,639,554,423,262,75,-129,-301,-453,-568,-627,-631,-582,-484,-347,-178,3,171,327,455,538,576,565,502,395,254,88,-82,-245,-380,-481,-538,-530,-463,-350,-194,-16,161,309,408,431,390,288,154,312,250,-78,-320,-379,-142,-301,-434,-501,-491,-395,-229,-21,196,396,550,647,673,607,474,296,80,-150,-362,-544,-676,-740,-736,-657,-513,-325,-103,137,361,551,690,776,785,731,600,416,193,-37,-262,-466,-625,-733,-768,-746,-654,-494,-306,-93,116,302,465,585,651,666,608,520,398,237,63,-100,-244,-363,-442,-486,-496,-461,-396,-309,-211,-105,9,101,185,248,292,304,308,289,250,217,164,97,41,2,-51,-97,-135,-153,-178,-205,-214,-212,-209,-204,-182,-157,-110,-55,0,71,129,195,260,299,325,350,341,301,249,175,72,-35,-152,-263,-358,-452,-507,-517,-507,-453,-349,-218,-70,97,270,374,540,634,682,678,627,522,377,187,-9,-228,-433,-599,-733,-820,-836,-790,-694,-529,-318,-80,159,390,608,775,885,933,909,832,666,459,227,-23,-275,-497,-698,-859,-956,-979,-952,-865,-689,-467,-221,54,318,585,806,980,1083,1108,1064,932,745,491,197,-127,-448,-739,-975,-1138,-1229,-1236,-1129,-955,-713,-401,-60,289,620,910,1126,1280,1331,1261,1113,882,586,245,-121,-471,-791,-1056,-1225,-1312,-1306,-1195,-998,-728,-408,-59,293,611,894,1113,1237,1274,1205,1054,838,551,220,-93,-421,-712,-935,-1095,-1164,-1161,-1062,-892,-666,-394,-91,202,473,708,890,994,1031,1009,915,751,535,285,31,-41,-142
10741,mtk,MTK 7916,4082410491,rx0-tx1,512,-196,-140,-371,-821,-734,-602,-417,-196,43,290,524,719,875,966,983,931,806,616,378,107,-177,-453,-701,-892,-1038,-1099,-1082,-980,-801,-563,-281,26,335,628,882,1062,1173,1196,1128,976,744,465,149,-184,-510,-796,-1020,-1171,-1235,-1213,-1100,-902,-645,-339,-2,326,630,896,1090,1206,1239,1175,1026,811,533,219,-101,-416,-707,-936,-1098,-1181,-1183,-1101,-938,-712,-440,-134,170,465,723,923,1063,1117,1099,1006,844,622,362,73,-218,-483,-715,-895,-1011,-1058,-1030,-929,-757,-547,-303,-40,222,467,682,847,952,985,950,856,707,507,276,21,-229,-463,-670,-822,-920,-958,-922,-833,-682,-490,-256,-2,253,498,-430,861,956,981,941,830,663,444,184,-91,-359,-605,-800,-944,-1015,-1005,-924,-772,-559,-294,-16,266,531,747,910,994,1009,952,810,613,366,98,-180,-441,-657,-829,-928,-958,-910,-794,-626,-405,-160,95,328,531,691,802,836,815,729,594,424,222,7,-200,-380,-529,-636,-691,-692,-651,-564,-432,-279,-98,73,235,376,483,554,575,562,514,426,309,167,29,-108,-238,-347,-422,-457,-472,-441,-384,-301,-198,-85,26,131,224,294,349,372,363,338,283,207,118,29,-67,-156,-226,-283,-313,-318,-299,-253,-191,-110,-21,69,156,222,263,280,261,215,147,60,-32,-111,-167,-188,-178,515,321,320,960,529,-244,-221,-146,-36,95,220,319,378,394,362,288,185,54,-83,-212,-324,-405,-445,-457,-423,-350,-249,-125,16,155,288,402,488,529,532,494,417,305,157,-13,-182,-345,-482,-588,-657,-672,-628,-539,-397,-210,-6,204,413,594,722,800,815,755,626,444,228,-17,-268,-492,-684,-813,-887,-888,-805,-661,-459,-221,32,286,509,695,824,878,865,786,639,452,224,-18,-249,-460,-632,-735,-800,-795,-729,-603,-433,-238,-35,165,343,493,602,662,679,645,561,438,292,137,-28,-192,-331,-441,-512,-560,-566,-527,-467,-365,-249,-122,14,139,256,363,439,489,508,491,443,373,271,149,230,-113,-235,-349,-432,-495,-514,-509,-465,-394,-290,-161,-22,122,257,375,463,524,542,521,462,375,254,114,-27,-168,-294,-386,-456,-506,-500,-462,-393,-305,-191,-77,53,159,257,327,378,412,411,378,324,251,169,78,-12,-91,-164,-224,-263,-292,-307,-293,-276,-252,-207,-153,-97,-33,36,95,149,205,244,279,295,301,287,270,224,161,89,14,-72,-155,-229,-294,-341,-376,-385,-372,-328,-268,-193,-92,14,124,225,317,391,447,479,475,438,374,279,158,22,-113,-246,-371,-477,-548,-587,-588,-548,-468,-351,-210,-45,134,299,448,576,667,706,699,644,543,392,211,7,-200,605,991,472,-862,-787,224,443,632,780,874,907,878,774,617,411,162,-103,-365,-609,-812,-956,-1034,-1035,-963,-808,-595,-337,-40,258,548,792,984,1108,1154,1112,991,784,519,221,-109,-426,-723,-960,-1125,-1215,-1213,-1122,-946,-698,-399,-67,266,585,854,1066,1207,1253,1197,1067,859,588,278,-50,-377,-669,-919,-1106,-1204,-1214,-1146,-990,-761,-486,-179,143,449,720,934,1084,1155,1142,1056,892,667,393,95,-199,-479,-720,-909,-1031,-1086,-1063,-962,-804,-584,-336,-61,216,481,700,868,980,1024,991,890,732,526,282,24,-230,-462,-667,-828,-928,-965,-927,-838,-694,-499,-270,-16,232,459,665,825,930,964,935,840,-1099,472,224,-34,-296,-543,-746,-901,-986,-1001,-944,-813,-616,-380,-103,174,439,672,859,982,1024,995,882,707,469,192,-86,-360,-602,-796,-930,-988,-975,-878,-726,-513,-263,2,263,490,686,824,893,891,816,691,517,306,74,-153,-372,-546,-677,-756,-772,-730,-637,-509,-343,-152,39,218,381,506,595,638,629,580,486,361,216,57,-92,-243,-360,-451,-507,-521,-502,-448,-360,-244,-121,8,133,231,318,380,415,411,383,325,251,161,54,-40,-133,-217,-284,-323,-343,-332,-294,-238,-171,-81,12,103,181,243,287,300,290,249,183,104,12,-83,-160,-216,-245,-240,-202,-137,-54,20,-685,-807,-298,609,1005,71,178,271,329,335,290,203,84,-49,-183,-292,-376,-423,-425,-383,-306,-191,-68,66,200,318,409,469,490,471,417,326,200,56,-97,-246,-379,-488,-571,-603,-590,-525,-415,-271,-96,97,284,454,608,704,740,724,652,514,326,117,-117,-347,-558,-719,-826,-866,-827,-727,-568,-355,-112,155,400,611,775,876,906,856,736,564,340,95,-149,-390,-588,-742,-832,-850,-798,-697,-529,-337,-123,104,312,500,635,720,746,716,638,518,360,182,-2,-186,-347,-474,-561,-608,-621,-581,-502,-390,-263,-123,32,174,298,403,468,514,523,500,451,365,257,140,13,-119,-244,-348,-433,-483,-198,-496,-459,-383,-284,-165,-29,108,241,352,445,504,534,518,471,381,273,145,2,-144,-278,-394,-478,-518,-525,-497,-430,-333,-230,-97,46,171,283,371,427,451,454,417,361,270,170,64,-41,-131,-214,-288,-334,-361,-358,-338,-301,-244,-180,-117,-42,30,94,158,215,250,274,289,286,265,247,208,159,101,35,-34,-106,-172,-239,-286,-316,-336,-340,-315,-278,-220,-149,-62,39,136,227,299,367,414,432,420,383,321,233,132,12,-111,-231,-340,-437,-501,-531,-525,-490,-419,-314,-183,-40,117,269,412,522,600,645,641,589,503,376,210,26,-157,-338,-502,-641,-732,-770,-746,-940,-521
10742,mtk,MTK 7916,4082410491,rx1-tx0,512,-124,-209,459,-162,-326,-459,-556,-607,-597,-543,-431,-293,-125,58,230,385,512,596,619,590,515,395,244,67,-112,-294,-443,-557,-622,-643,-609,-521,-394,-226,-40,145,322,474,593,668,680,656,566,427,258,68,-137,-334,-505,-641,-728,-761,-743,-656,-520,-337,-128,97,322,522,684,794,853,844,772,636,441,214,-38,-287,-524,-726,-869,-953,-963,-885,-746,-547,-299,-20,258,520,744,910,1005,1024,959,822,618,369,91,-200,-469,-706,-882,-996,-1039,-1001,-880,-700,-469,-204,81,352,601,799,938,1010,1010,939,798,605,357,81,-190,-449,-689,-870,-998,-1055,-1033,-932,-774,-547,-276,16,310,585,231,1006,1116,1145,1090,945,729,452,143,-190,-508,-800,-1035,-1199,-1263,-1221,-1105,-887,-595,-255,102,459,785,1053,1249,1350,1341,1227,1016,722,377,-2,-384,-747,-1049,-1271,-1399,-1418,-1326,-1139,-854,-497,-110,288,679,1006,1260,1436,1482,1420,1256,990,642,239,-183,-598,-966,-1274,-1479,-1562,-1531,-1373,-1099,-735,-305,162,612,1023,1349,1563,1641,1580,1390,1067,665,205,-284,-723,-1105,-1386,-1551,-1569,-1441,-1199,-859,-450,-20,407,795,1082,1279,1349,1318,1168,910,595,241,-124,-473,-764,-982,-1102,-1125,-1050,-888,-638,-344,-28,286,567,793,924,964,907,752,513,218,-97,-380,-610,-746,-761,-657,-467,-215,26,-1232,-1190,806,411,721,-463,-492,-422,-258,-32,222,463,641,740,744,652,483,249,-17,-287,-537,-736,-858,-897,-849,-714,-518,-258,38,328,600,818,974,1046,1021,906,706,439,129,-216,-544,-839,-1065,-1202,-1241,-1171,-990,-730,-388,-3,392,756,1071,1305,1414,1412,1287,1046,708,304,-134,-557,-953,-1275,-1471,-1546,-1503,-1333,-1027,-648,-211,243,685,1068,1352,1534,1583,1506,1302,991,598,165,-284,-701,-1066,-1341,-1499,-1534,-1448,-1244,-942,-568,-142,270,662,1000,1244,1399,1442,1362,1187,922,590,211,-172,-538,-859,-1109,-1280,-1349,-1308,-1164,-946,-659,-326,32,379,697,974,1160,1254,1271,1180,999,761,458,128,-218,-555,-837,-49,-1198,-1248,-1210,-1095,-892,-614,-291,48,386,708,971,1163,1284,1290,1211,1035,770,459,94,-266,-625,-935,-1179,-1322,-1371,-1314,-1145,-887,-553,-187,210,590,915,1186,1343,1404,1350,1187,936,592,212,-170,-554,-882,-1128,-1295,-1349,-1296,-1135,-891,-575,-232,139,486,784,1022,1155,1207,1162,1024,822,552,240,-61,-361,-633,-834,-977,-1039,-1017,-917,-758,-545,-292,-26,231,467,668,812,877,887,835,713,544,332,103,-131,-357,-540,-680,-781,-806,-763,-665,-523,-339,-128,87,292,477,602,689,720,691,601,469,300,108,-92,-281,-443,-563,-640,-661,-625,-544,-412,-243,-66,118,295,439,539,598,606,-791,-457,289,-1270,-1210,-583,-508,-390,-248,-73,106,280,428,528,598,606,568,482,350,184,-3,-176,-342,-476,-578,-624,-622,-563,-455,-311,-140,44,229,390,522,619,657,647,583,472,324,140,-50,-238,-421,-561,-664,-718,-717,-655,-540,-385,-194,15,226,430,595,718,786,806,752,643,483,284,57,-188,-415,-624,-781,-880,-916,-875,-769,-593,-372,-128,144,405,637,825,953,1000,970,860,688,457,194,-93,-374,-623,-823,-959,-1029,-1020,-930,-770,-543,-289,-8,279,539,756,918,1016,1026,962,833,638,403,139,-135,-403,-641,-835,-973,-1030,-1012,-933,-785,-573,-323,-44,243,506,742,935,1050,1096,1058,943,-568,506,219,-86,-399,-686,-926,-1098,-1190,-1194,-1104,-932,-682,-376,-25,318,645,938,1149,1275,1303,1237,1073,825,506,138,-246,-605,-929,-1175,-1329,-1388,-1343,-1192,-942,-623,-248,151,530,876,1164,1358,1444,1435,1300,1064,753,378,-36,-437,-817,-1143,-1376,-1501,-1508,-1397,-1186,-883,-490,-64,379,801,1160,1429,1586,1615,1511,1281,935,505,33,-437,-874,-1242,-1487,-1628,-1607,-1447,-1165,-787,-346,128,574,960,1257,1427,1470,1397,1194,896,535,141,-248,-621,-915,-1117,-1221,-1223,-1113,-906,-631,-307,30,352,643,865,995,1038,982,843,612,325,19,-287,-559,-765,-876,-875,-765,-567,-290,10,277,474,573,549,247,-422,-321,-777,-475,-44,154,371,542,634,636,528,334,90,-176,-427,-633,-776,-824,-790,-663,-465,-216,54,331,582,784,923,963,921,788,584,327,26,-287,-583,-840,-1020,-1128,-1135,-1041,-852,-574,-246,114,481,811,1084,1274,1340,1296,1140,892,547,147,-268,-674,-1028,-1303,-1469,-1502,-1407,-1195,-873,-469,-41,401,830,1179,1424,1561,1566,1440,1175,822,405,-48,-489,-895,-1229,-1459,-1573,-1551,-1403,-1143,-787,-364,70,496,878,1184,1400,1492,1460,1328,1080,755,379,-31,-423,-773,-1064,-1277,-1378,-1372,-1264,-1060,-780,-445,-77,291,632,919,1140,1268,1298,1229,1086,848,544,211,-133,-476,-760,-995,-1168,-1248,-1241,-1127,-925,425,-371,-34,299,613,897,1107,1229,1265,1213,1064,833,547,205,-156,-496,-814,-1062,-1243,-1330,-1308,-1197,-976,-685,-336,35,421,773,1063,1268,1378,1379,1261,1055,763,395,7,-388,-742,-1050,-1275,-1372,-1369,-1260,-1039,-754,-407,-27,348,683,969,1169,1277,1284,1172,987,714,395,61,-279,-578,-830,-1017,-1104,-1107,-1044,-887,-670,-416,-132,154,419,646,819,926,954,916,812,647,429,193,-46,-287,-499,-669,-783,-834,-830,-754,-613,-444,-236,-8,211,406,572,695,752,747,687,571,407,225,14,-189,-371,-520,-631,-686,-682,-617,-506,-356,-181,11,197,363,505,593,629,621,555,435,288,117,-61,-433,-768
10743,mtk,MTK 7916,4082410491,rx1-tx1,512,0,0,0,661,729,607,318,-56,-425,-690,-768,-642,-346,50,433,703,799,683,376,-29,-423,-715,-813,-693,-394,10,418,716,823,710,404,-8,-422,-723,-823,-704,-404,7,421,725,828,709,399,-15,-431,-736,-844,-724,-402,25,443,740,836,714,388,-53,-472,-768,-856,-711,-378,56,488,800,889,733,377,-85,-524,-823,-911,-759,-394,87,546,856,949,790,417,-70,-548,-886,-991,-831,-458,35,527,878,998,864,510,17,-479,-850,-997,-885,-556,-87,402,787,965,892,586,138,-337,-723,-907,-851,-584,-172,284,648,830,798,558,177,-237,-580,-765,-738,-523,-172,221,541,704,682,474,130,0,-537,-679,-634,-424,-101,258,552,688,643,424,81,-286,-575,-712,-662,-436,-80,294,591,744,707,476,121,-261,-589,-774,-749,-536,-191,197,544,751,761,579,263,-114,-459,-676,-714,-578,-289,68,389,601,653,532,282,-28,-325,-529,-579,-470,-237,59,326,488,518,409,180,-110,-366,-516,-519,-381,-135,161,415,549,544,399,142,-165,-442,-604,-607,-458,-196,119,410,605,649,533,285,-24,-331,-558,-640,-564,-354,-66,235,474,586,556,392,135,-145,-373,-508,-519,-398,-184,65,291,442,476,396,225,-1,-226,-394,-464,-432,-307,-119,94,278,402,445,399,285,135,-23,-155,-246,0,0,0,0,0,160,33,-114,-269,-401,-479,-483,-393,-211,20,256,454,575,585,473,249,-44,-338,-554,-656,-623,-441,-144,191,490,687,732,606,327,-43,-412,-688,-808,-742,-497,-115,310,671,875,875,666,286,-173,-596,-888,-974,-825,-470,-2,483,857,1014,933,633,162,-354,-773,-998,-985,-722,-283,223,669,953,1003,801,386,-127,-602,-918,-1010,-845,-461,37,517,863,996,885,541,58,-440,-816,-977,-896,-583,-119,374,762,962,913,635,193,-295,-699,-933,-921,-656,-236,241,650,885,887,657,257,-198,-607,-856,-875,-671,-288,174,587,838,869,677,304,-154,-571,-837,-886,-699,-326,140,568,857,0,744,360,-112,-566,-870,-943,-770,-400,81,550,879,968,821,460,-32,-515,-858,-981,-849,-503,-16,461,820,977,869,531,55,-440,-815,-975,-879,-554,-79,416,788,960,874,551,78,-414,-797,-966,-881,-551,-78,409,798,978,893,572,96,-408,-790,-967,-904,-599,-121,388,782,967,897,589,121,-370,-768,-979,-915,-599,-143,344,748,954,904,616,168,-313,-712,-927,-895,-626,-203,267,659,868,850,614,217,-227,-596,-797,-786,-567,-198,211,549,730,713,502,160,-217,-533,-689,-655,-447,-120,238,524,662,615,392,65,-279,-542,-651,-582,-347,-12,323,566,661,576,330,-17,-363,-611,0,0,0,0,0,-300,61,424,677,749,626,331,-51,-424,-697,-785,-661,-362,30,423,711,804,680,383,-23,-429,-717,-816,-709,-405,10,419,716,822,707,411,2,-413,-713,-824,-713,-408,0,411,717,832,716,401,-24,-439,-738,-841,-712,-396,27,446,752,849,710,380,-55,-483,-782,-872,-724,-375,72,502,805,894,739,379,-82,-532,-847,-932,-766,-396,85,545,869,968,809,435,-59,-542,-885,-1002,-856,-484,10,509,872,1006,888,540,50,-449,-827,-989,-892,-573,-117,369,756,942,879,593,166,-301,-682,-877,-839,-589,-187,250,610,798,774,546,182,-222,-558,-733,-711,-504,-153,231,534,691,0,461,119,-250,-539,-682,-639,-420,-83,274,560,701,651,419,75,-294,-593,-739,-689,-460,-112,271,592,761,733,517,171,-229,-571,-763,-758,-563,-229,163,502,711,738,574,271,-87,-422,-647,-692,-553,-284,45,352,565,617,504,263,-45,-326,-509,-552,-438,-206,78,338,496,515,389,149,-136,-391,-538,-529,-383,-127,173,429,579,585,437,171,-149,-433,-609,-637,-505,-247,81,389,594,656,564,332,15,-291,-514,-613,-557,-371,-105,183,421,544,534,398,166,-99,-339,-481,-495,-391,-196,35,253,414,472,409,252,49,-164,-348,-453,-449,-355,-197,-16,163,305,380,381,325,226,0,0,0,0,0,287,358,383,335,216,47,-156,-353,-496,-554,-506,-351,-121,149,403,575,633,563,352,53,-262,-526,-684,-693,-531,-237,117,451,694,785,680,409,35,-367,-684,-846,-813,-578,-193,249,637,879,929,750,375,-93,-541,-874,-996,-878,-549,-82,409,806,1021,977,692,236,-273,-714,-979,-998,-764,-344,161,619,923,997,817,431,-67,-548,-887,-1000,-856,-502,-23,468,840,994,893,560,83,-407,-790,-970,-912,-615,-159,332,734,941,917,653,218,-263,-671,-899,-886,-656,-266,206,633,874,884,666,273,-185,-588,-839,-874,-671,-288,169,581,838,878,677,299,-148,-573,-855,-898,-711,-342,0,564,857,929,747,362,-114,-551,-867,-964,-787,-410,60,526,862,979,843,479,-21,-501,-855,-997,-882,-524,-36,457,828,974,857,531,66,-423,-800,-968,-880,-554,-82,414,800,968,871,546,87,-406,-794,-962,-879,-562,-86,405,790,968,893,581,105,-405,-803,-979,-907,-598,-118,386,783,973,904,597,135,-363,-766,-966,-904,-608,-162,336,736,936,896,621,186,-285,-680,-897,-870,-614,-202,247,622,829,818,599,223,-211,-568,-760,-745,-535,-185,210,528,701,679,469,132,-230,-521,-668,-629,-421,-87,271,541,659,589,363,41,-293,-551,-660,-586,-343,0,344,584,670,575,322,0,0
10744,mtk,MTK 7916,4082410491,rx2-tx0,512,0,0,0,-416,-478,-409,-228,15,261,444,507,429,229,-36,-285,-461,-523,-439,-225,47,306,490,538,439,221,-59,-330,-512,-551,-435,-202,93,368,539,558,426,179,-126,-403,-577,-587,-433,-160,163,440,606,607,433,136,-203,-494,-659,-640,-438,-113,254,556,711,678,454,96,-301,-622,-774,-725,-479,-92,332,675,843,792,527,103,-356,-717,-897,-850,-567,-127,359,756,954,908,624,172,-334,-762,-995,-965,-688,-231,292,745,1008,1005,738,287,-243,-712,-995,-1019,-777,-340,184,664,975,1028,811,387,-132,-618,-942,-1016,-831,-428,79,561,895,984,822,448,-42,-514,-845,-951,-801,-444,26,0,812,919,779,439,-21,-479,-809,-918,-787,-448,16,473,805,926,799,461,2,-465,-811,-948,-837,-501,-24,456,825,982,875,537,61,-434,-826,-1008,-921,-597,-118,397,809,1018,970,668,183,-348,-785,-1021,-999,-721,-250,281,735,1012,1030,776,324,-208,-688,-994,-1047,-833,-409,122,620,958,1056,894,504,-17,-525,-900,-1047,-932,-589,-100,397,792,990,936,655,224,-259,-670,-907,-912,-688,-305,140,537,795,851,700,379,-27,-413,-683,-784,-693,-430,-72,287,569,708,674,486,187,-150,-443,-623,-656,-538,-294,6,291,507,610,581,434,207,-52,-283,-445,-515,-492,-387,-233,-68,88,0,0,0,0,0,-410,-395,-302,-132,88,318,512,625,622,487,249,-56,-370,-608,-721,-687,-490,-167,202,537,761,807,666,356,-52,-462,-777,-918,-835,-540,-105,368,772,1009,1002,742,289,-251,-743,-1073,-1148,-943,-494,86,658,1089,1262,1128,720,120,-533,-1064,-1336,-1289,-930,-336,354,958,1333,1388,1096,539,-156,-818,-1278,-1424,-1222,-716,-31,663,1183,1400,1273,839,197,-495,-1060,-1349,-1295,-924,-322,349,926,1269,1286,978,423,-231,-815,-1186,-1250,-1003,-501,123,704,1091,1201,1002,538,-47,-609,-1018,-1160,-999,-581,-21,529,939,1106,981,607,81,-460,-873,-1052,-956,-620,-124,400,815,1011,936,623,150,-361,0,-974,-916,-624,-165,333,731,948,910,623,188,-288,-697,-924,-898,-627,-198,273,673,891,874,627,224,-236,-632,-863,-865,-634,-240,210,598,824,830,621,247,-189,-566,-787,-795,-598,-246,172,533,740,743,557,225,-168,-510,-703,-700,-514,-196,165,475,657,651,465,156,-183,-467,-621,-604,-418,-121,202,471,600,556,365,82,-220,-463,-571,-517,-325,-47,245,465,551,487,285,5,-265,-463,-530,-450,-248,22,281,461,513,423,218,-48,-300,-465,-502,-401,-192,68,305,454,477,369,159,-90,-314,-446,-450,-331,-125,113,321,442,436,303,85,-153,-345,-442,-419,-280,-57,181,365,0,0,0,0,0,232,0,-248,-432,-492,-419,-236,22,278,454,511,432,228,-39,-296,-480,-531,-433,-222,52,322,505,549,439,209,-77,-349,-525,-558,-436,-194,105,384,558,576,433,167,-139,-415,-587,-596,-436,-149,186,479,638,623,441,134,-220,-523,-680,-657,-444,-103,268,580,743,701,463,86,-319,-644,-807,-748,-487,-88,350,703,879,828,546,106,-365,-746,-940,-890,-607,-156,347,767,983,944,659,202,-307,-749,-1004,-989,-717,-255,272,730,1005,1017,765,315,-221,-699,-994,-1028,-801,-369,162,647,960,1024,818,405,-106,-586,-917,-1005,-826,-433,62,536,865,969,816,447,-35,-498,-827,-935,0,-451,14,471,797,916,789,441,-21,-470,-798,-914,-791,-453,10,472,813,934,806,469,11,-462,-820,-966,-855,-517,-46,446,828,992,897,571,94,-412,-816,-1009,-947,-630,-147,372,801,1027,987,689,215,-315,-765,-1023,-1019,-749,-291,243,720,1009,1041,811,376,-157,-661,-983,-1054,-865,-460,62,571,937,1057,916,548,47,-465,-852,-1022,-939,-626,-163,332,734,948,927,682,267,-204,-607,-851,-885,-702,-347,83,478,739,815,694,410,30,-348,-631,-750,-684,-461,-131,224,514,669,663,508,239,-84,-382,-579,-637,-554,-360,-98,180,416,554,576,489,322,108,-108,-281,-383,-409,-369,0,0,0,0,0,-54,-231,-397,-517,-554,-492,-332,-89,195,453,633,693,603,376,63,-279,-574,-747,-753,-580,-266,122,499,769,865,752,448,25,-422,-783,-963,-914,-636,-190,314,764,1043,1075,838,386,-176,-711,-1088,-1212,-1043,-609,-18,591,1075,1303,1213,822,221,-446,-1019,-1350,-1341,-1015,-439,257,896,1313,1414,1165,626,-61,-734,-1230,-1425,-1264,-788,-119,568,1118,1383,1303,898,267,-416,-992,-1313,-1297,-955,-378,281,859,1224,1269,982,460,-170,-753,-1137,-1225,-1002,-524,81,651,1049,1174,998,568,-11,-575,-977,-1130,-989,-590,-49,494,905,1077,969,609,94,-438,-848,-1031,-944,-617,-132,385,789,986,929,0,156,-341,-747,-951,-908,-621,-178,315,726,930,886,625,204,-281,-689,-910,-886,-627,-212,253,655,889,873,627,229,-225,-622,-845,-846,-628,-243,201,585,808,817,610,243,-178,-546,-765,-776,-583,-235,172,522,718,726,544,215,-165,-494,-680,-680,-496,-176,181,473,638,628,443,144,-189,-468,-611,-576,-390,-101,213,464,584,542,351,66,-233,-464,-562,-502,-305,-33,250,464,546,470,264,-11,-279,-465,-527,-441,-232,35,290,465,506,407,202,-57,-300,-463,-494,-386,-175,80,311,451,466,354,144,-104,-316,-442,-447,-324,-110,132,332,438,421,287,70,-166,-356,-447,-414,-262,0,0
10745,mtk,MTK 7916,4082410491,rx2-tx1,512,0,0,0,161,117,43,-41,-111,-154,-153,-103,-30,53,122,154,144,90,17,-56,-119,-155,-147,-102,-35,50,122,160,165,132,61,-23,-93,-145,-160,-138,-85,-20,51,115,149,152,123,71,7,-57,-104,-137,-148,-124,-81,-22,42,99,143,165,154,103,27,-48,-117,-179,-207,-184,-120,-24,76,166,229,243,205,117,-13,-155,-263,-306,-279,-192,-53,110,258,348,360,287,138,-54,-240,-380,-426,-374,-228,-22,192,369,453,427,306,103,-131,-336,-465,-478,-362,-163,71,298,459,495,409,223,-14,-260,-437,-500,-439,-266,-22,231,419,496,446,278,37,-208,-404,-498,-453,-290,-59,0,412,514,480,323,70,-213,-437,-549,-521,-357,-95,199,454,602,588,423,148,-175,-456,-630,-643,-487,-201,139,460,670,699,554,273,-91,-443,-682,-753,-637,-349,34,412,702,817,722,436,40,-377,-713,-877,-815,-540,-140,301,689,915,914,679,275,-200,-629,-922,-989,-805,-425,64,541,894,1029,911,569,101,-398,-808,-1014,-969,-697,-259,235,669,952,999,800,422,-45,-507,-842,-964,-855,-548,-118,332,690,877,860,637,268,-141,-514,-771,-835,-702,-412,-31,345,629,761,720,522,208,-140,-444,-644,-700,-605,-383,-90,207,453,606,624,522,340,110,-123,-313,-428,-457,-413,-314,0,0,0,0,0,-128,-101,-51,24,106,176,223,234,194,114,9,-105,-211,-275,-278,-226,-112,40,179,281,328,299,196,42,-134,-291,-385,-388,-298,-127,80,281,426,476,408,236,0,-255,-460,-567,-541,-378,-111,190,459,637,675,543,270,-76,-419,-677,-783,-700,-451,-88,310,636,817,823,631,277,-155,-553,-829,-913,-774,-446,-6,438,774,928,865,592,174,-295,-696,-931,-934,-716,-324,149,589,883,968,811,456,-9,-468,-811,-945,-853,-549,-112,354,736,934,895,629,211,-257,-662,-906,-924,-708,-316,151,575,859,930,774,427,-33,-484,-802,-925,-821,-510,-74,376,734,905,844,574,167,0,-651,-867,-855,-620,-238,196,590,826,845,661,310,-130,-529,-780,-835,-684,-350,77,473,743,826,692,382,-16,-415,-719,-823,-711,-426,-38,371,688,824,743,472,94,-314,-649,-817,-779,-539,-159,249,592,789,783,580,235,-169,-525,-738,-765,-601,-291,92,447,680,732,600,324,-29,-372,-613,-684,-584,-341,-15,304,533,624,555,342,51,-245,-473,-577,-519,-332,-72,198,418,521,484,326,91,-163,-366,-469,-454,-321,-113,121,311,414,414,313,128,-83,-260,-361,-367,-277,-122,50,206,307,321,253,131,-24,-166,-258,-278,-222,-112,16,136,213,232,189,99,-17,-117,-176,-182,0,0,0,0,0,35,109,157,158,113,31,-54,-117,-150,-144,-97,-20,60,119,150,140,93,26,-53,-124,-156,-150,-113,-46,39,112,154,162,132,71,-6,-81,-135,-157,-147,-111,-53,17,79,129,154,134,92,44,-16,-78,-123,-142,-138,-112,-60,7,78,141,176,177,142,71,-19,-107,-181,-229,-229,-167,-66,49,166,255,285,247,154,19,-135,-264,-336,-330,-244,-96,77,247,365,397,328,178,-11,-208,-371,-448,-401,-259,-57,168,359,464,462,344,138,-108,-327,-468,-486,-389,-201,43,283,451,500,425,243,-2,-247,-427,-495,-436,-270,-35,216,412,495,449,284,40,-210,-411,-508,0,-309,-59,206,415,523,495,330,76,-209,-448,-571,-551,-392,-122,192,460,610,607,449,176,-154,-455,-650,-677,-522,-235,115,450,677,727,595,310,-60,-417,-678,-786,-682,-398,-4,402,715,851,766,491,87,-342,-698,-896,-867,-620,-204,270,675,922,948,742,349,-137,-588,-903,-1015,-865,-493,-15,473,853,1023,941,634,177,-315,-735,-983,-993,-761,-349,145,599,905,991,841,495,38,-420,-778,-936,-864,-597,-204,236,614,835,852,673,348,-53,-433,-698,-801,-713,-463,-125,240,541,712,715,567,296,-37,-349,-568,-664,-629,-468,-220,59,312,490,566,536,422,256,69,-97,-221,0,0,0,0,0,-73,-128,-170,-188,-176,-128,-45,53,149,224,261,239,168,64,-68,-196,-278,-304,-259,-153,-8,149,283,359,350,245,78,-114,-289,-403,-424,-347,-178,50,279,448,518,473,304,45,-231,-466,-602,-604,-458,-190,134,441,666,731,615,355,7,-363,-666,-817,-767,-545,-187,231,612,841,867,686,346,-74,-497,-818,-930,-827,-528,-91,364,743,949,918,665,259,-219,-640,-908,-951,-764,-390,73,522,846,960,830,500,53,-407,-770,-945,-881,-596,-164,303,697,916,907,677,268,-206,-620,-878,-921,-741,-372,93,527,827,929,797,463,15,-427,-762,-913,-837,-545,-122,327,692,879,0,607,210,-240,-628,-860,-863,-642,-267,159,550,807,844,667,324,-103,-492,-751,-825,-685,-376,32,440,730,824,707,410,0,-405,-704,-827,-738,-457,-63,344,664,817,759,510,118,-300,-627,-795,-776,-554,-193,205,558,773,780,592,258,-135,-486,-711,-757,-608,-310,59,407,645,714,601,339,-1,-332,-574,-659,-569,-343,-36,275,506,600,538,338,57,-230,-448,-546,-501,-331,-79,185,389,495,477,327,96,-141,-334,-440,-433,-310,-112,107,290,391,387,291,123,-71,-240,-342,-352,-273,-122,44,188,285,302,234,118,-18,-146,-234,-257,-212,-108,15,122,194,212,170,81,-21,0,0
10746,mtk,MTK 7916,4082454969,rx0-tx0,512,232,377,691,763,850,879,859,786,663,503,320,119,-95,-297,-492,-661,-786,-870,-904,-881,-808,-680,-491,-291,-54,193,424,648,827,954,1024,1023,948,806,606,356,83,-194,-474,-718,-907,-1041,-1100,-1073,-978,-811,-590,-327,-44,232,496,722,892,997,1038,996,899,739,526,294,47,-206,-434,-632,-787,-889,-918,-891,-812,-680,-513,-298,-85,128,332,511,652,740,787,785,721,626,488,316,142,-54,-236,-401,-537,-639,-698,-710,-669,-588,-468,-323,-144,33,196,350,474,562,620,620,581,495,373,233,90,-55,-187,-304,-394,-457,-471,-449,-403,-339,-251,-151,-43,56,135,215,269,299,311,298,-588,209,166,105,29,-25,-82,-131,-160,-179,-190,-187,-171,-138,-102,-60,-13,29,69,93,102,111,109,92,64,27,-1,-22,-48,-67,-80,-74,-52,-29,11,50,96,120,143,154,151,127,82,25,-50,-133,-203,-271,-312,-332,-319,-283,-203,-102,11,138,265,377,456,503,512,475,383,261,117,-59,-227,-388,-514,-590,-636,-617,-557,-437,-280,-106,86,265,427,560,644,673,655,572,443,292,113,-71,-258,-412,-535,-622,-640,-616,-548,-436,-293,-119,52,218,360,482,553,582,566,493,389,257,96,-76,-228,-362,-470,-533,-534,-478,-377,-232,-65,105,254,363,410,397,324,210,-725,-422,-973,-817,-586,96,-53,-229,-378,-489,-531,-490,-387,-228,-28,174,362,519,623,654,631,541,393,207,1,-206,-400,-560,-671,-723,-706,-638,-503,-325,-118,99,308,487,632,720,752,719,623,480,303,95,-119,-325,-484,-602,-682,-700,-664,-570,-437,-280,-99,77,243,381,485,543,550,525,457,370,255,131,7,-106,-207,-271,-320,-350,-346,-327,-283,-230,-172,-104,-47,18,67,108,133,156,168,172,172,171,155,147,137,130,112,88,64,32,-13,-59,-111,-152,-207,-250,-278,-296,-294,-271,-233,-174,-98,-18,76,178,274,355,414,455,460,441,395,311,197,63,-82,-228,-370,-483,-577,-625,-291,-599,-515,-398,-242,-64,127,308,478,622,716,779,786,730,627,477,284,61,-168,-382,-579,-743,-848,-895,-881,-805,-671,-499,-288,-58,178,401,601,764,874,926,931,878,753,579,374,148,-100,-345,-572,-771,-916,-1010,-1043,-1001,-903,-739,-521,-265,6,298,567,806,995,1118,1169,1148,1040,853,620,331,22,-292,-591,-844,-1063,-1198,-1242,-1218,-1099,-901,-645,-344,-24,296,595,858,1063,1193,1251,1217,1092,903,660,359,45,-277,-572,-816,-1014,-1138,-1190,-1155,-1049,-865,-635,-360,-52,236,512,750,936,1052,1093,1067,964,803,596,351,88,-170,-418,-621,-795,-908,-959,-959,-887,-762,-601,-395,-1012,-1062,-255,1141,936,454,246,30,-180,-381,-559,-706,-806,-868,-869,-823,-734,-591,-416,-214,9,233,444,647,794,893,954,944,880,760,572,349,96,-176,-439,-676,-871,-1013,-1076,-1072,-983,-823,-613,-362,-74,216,490,730,919,1041,1080,1048,947,776,559,312,41,-230,-474,-694,-844,-935,-975,-948,-856,-708,-518,-294,-57,167,385,568,723,816,846,830,767,655,502,314,118,-90,-280,-443,-591,-685,-733,-745,-698,-614,-492,-337,-153,31,206,366,499,604,668,666,628,551,429,289,128,-38,-197,-341,-451,-516,-547,-541,-497,-418,-313,-185,-52,68,172,265,337,377,385,359,324,272,195,121,36,-49,321,-171,-207,-242,-245,-236,-219,-179,-131,-83,-31,22,71,106,130,143,139,134,119,94,63,28,-13,-43,-67,-77,-72,-63,-49,-28,-1,40,67,91,103,102,85,52,19,-35,-90,-149,-202,-232,-249,-227,-196,-134,-51,50,142,246,338,398,426,420,380,296,176,37,-113,-260,-395,-491,-565,-584,-553,-483,-354,-201,-20,165,330,482,586,653,667,614,515,379,205,22,-166,-350,-486,-592,-651,-656,-614,-510,-377,-205,-22,146,311,447,545,596,602,561,479,357,198,36,-134,-287,-408,-504,-557,-553,-500,-412,-282,-117,64,224,361,456,497,476,398,268,111,-48,-186,-273,805,1056,177,520,721,-353,-405,-381,-286,-133,59,254,422,550,609,589,511,376,187,-14,-219,-411,-560,-655,-687,-666,-583,-444,-258,-45,166,362,538,663,737,740,684,573,417,218,-1,-216,-408,-562,-677,-736,-735,-669,-538,-380,-188,12,207,378,508,600,637,625,570,468,340,182,32,-113,-241,-344,-422,-455,-450,-420,-357,-283,-209,-114,-21,71,148,198,231,242,249,243,217,189,157,126,85,49,24,-5,-30,-54,-84,-112,-139,-156,-178,-198,-209,-210,-198,-185,-158,-107,-52,11,89,166,232,295,337,367,375,358,312,242,156,53,-71,-194,-320,-427,-503,-545,-553,-528,-460,-356,-227,-62,374,272,424,558,663,715,718,666,577,434,266,75,-136,-348,-533,-690,-796,-849,-838,-777,-660,-484,-274,-55,180,405,607,767,877,922,909,833,708,529,315,86,-145,-381,-592,-764,-890,-969,-990,-938,-826,-662,-451,-209,55,317,560,786,961,1067,1110,1084,974,802,569,298,11,-292,-586,-830,-1023,-1159,-1211,-1182,-1069,-893,-656,-352,-35,293,607,867,1065,1200,1251,1220,1103,907,652,355,37,-291,-592,-838,-1042,-1170,-1222,-1192,-1072,-887,-647,-360,-49,258,542,789,973,1106,1149,1110,1006,830,606,341,65,-216,-477,-690,-865,-984,-1032,-1012,-927,-778,-595,-360,-129,120,355,552,719,844,-435,-95
10747,mtk,MTK 7916,4082454969,rx0-tx1,512,-582,-1050,-1292,188,-33,-252,-469,-655,-797,-899,-942,-919,-833,-682,-479,-246,10,272,520,738,912,1028,1074,1043,942,772,554,288,-1,-296,-575,-819,-1007,-1130,-1179,-1144,-1035,-854,-606,-317,-4,306,602,861,1063,1188,1235,1197,1079,889,640,345,24,-289,-583,-842,-1045,-1177,-1231,-1200,-1096,-911,-672,-395,-89,221,511,773,977,1117,1189,1171,1083,930,712,454,166,-128,-404,-670,-874,-1020,-1105,-1111,-1057,-931,-747,-520,-255,16,284,530,740,906,1009,1044,1011,919,769,572,344,86,-165,-399,-617,-787,-897,-968,-965,-907,-794,-629,-431,-199,37,262,473,661,816,911,942,926,852,715,532,313,83,-160,-430,-612,-785,-905,-974,-978,-911,-781,-601,-373,-124,144,398,628,811,940,1010,1001,930,779,589,355,92,-182,-436,-658,-834,-953,-1004,-980,-883,-724,-521,-282,-21,233,473,671,813,907,927,884,780,623,425,199,-32,-252,-446,-608,-731,-788,-798,-753,-650,-515,-342,-159,35,221,378,508,598,648,649,610,533,421,289,134,-21,-164,-294,-405,-480,-519,-529,-497,-437,-353,-248,-124,4,118,222,321,380,409,419,388,349,286,199,115,16,-83,-166,-247,-296,-338,-346,-331,-292,-237,-165,-79,8,95,177,237,283,304,300,264,208,132,46,-47,-131,-196,-233,-241,-220,-167,-95,-24,128,-303,403,-194,-297,-94,-7,110,222,308,359,365,323,241,128,2,-128,-248,-343,-411,-445,-436,-398,-319,-215,-91,46,178,300,402,476,522,512,473,399,293,158,6,-148,-301,-439,-549,-619,-650,-631,-565,-443,-302,-124,77,272,456,612,729,786,792,736,607,444,232,1,-230,-459,-653,-780,-866,-883,-826,-710,-539,-327,-103,144,373,570,734,831,872,849,761,617,419,206,-18,-245,-438,-600,-716,-778,-785,-735,-631,-483,-312,-129,61,241,392,517,605,647,648,605,526,416,283,134,-21,-165,-290,-401,-475,-522,-536,-521,-476,-396,-303,-199,-77,42,157,265,363,428,469,489,483,442,373,230,181,62,-64,-190,-302,-390,-463,-509,-524,-499,-444,-360,-247,-122,9,143,267,380,463,510,533,516,460,376,268,143,5,-121,-238,-339,-415,-461,-470,-460,-414,-348,-257,-163,-52,53,152,239,301,338,369,370,351,315,263,200,132,57,-14,-76,-144,-194,-231,-260,-277,-281,-285,-266,-234,-195,-143,-89,-28,36,99,160,220,265,302,326,330,322,297,252,185,114,33,-55,-144,-232,-309,-368,-412,-431,-423,-391,-337,-260,-156,-44,67,185,295,388,468,522,547,534,485,405,296,169,21,-130,-284,-418,-533,-621,-667,-669,-626,-542,-421,-275,-96,86,273,445,587,704,772,347,164,-393,-845,-473,-843,-864,-839,-757,-615,-436,-218,23,266,498,706,865,968,1010,986,889,731,520,269,-8,-287,-551,-782,-962,-1085,-1130,-1104,-995,-819,-582,-311,-1,303,590,842,1041,1166,1212,1179,1067,876,622,325,11,-307,-599,-857,-1055,-1190,-1239,-1200,-1090,-905,-658,-367,-53,261,557,816,1014,1152,1215,1194,1095,926,699,430,132,-177,-458,-719,-930,-1072,-1149,-1142,-1076,-934,-722,-482,-211,67,343,604,813,971,1064,1086,1038,924,757,542,294,31,-229,-473,-680,-841,-954,-1007,-986,-913,-779,-589,-377,-145,104,331,542,716,850,931,944,900,807,665,481,259,34,-197,-427,-632,-794,-900,-952,-946,-1099,-753,-568,-352,-109,145,392,611,795,923,993,993,919,785,594,375,117,-152,-418,-652,-831,-959,-1019,-1007,-916,-764,-559,-321,-57,210,460,670,826,934,970,937,841,677,476,241,-7,-247,-464,-645,-782,-856,-865,-813,-708,-565,-381,-174,29,238,414,562,667,718,724,676,588,463,311,142,-27,-191,-341,-457,-536,-582,-586,-557,-485,-387,-262,-130,8,141,252,347,420,465,468,440,395,319,215,117,10,-96,-183,-275,-330,-362,-376,-356,-322,-261,-182,-101,-5,81,165,233,283,308,312,301,256,196,120,36,-53,-135,-205,-255,-285,-279,-240,-178,-98,-14,69,136,172,179,-1252,-1257,-114,288,178,235,283,291,242,155,41,-89,-215,-317,-386,-412,-400,-348,-259,-148,-19,111,233,344,417,464,473,449,391,296,185,44,-103,-239,-368,-470,-543,-574,-569,-527,-435,-306,-149,18,198,375,526,633,713,725,687,594,455,273,65,-146,-363,-551,-700,-811,-847,-826,-744,-592,-400,-181,69,305,520,702,823,889,889,805,671,481,257,30,-207,-423,-614,-748,-818,-837,-793,-688,-546,-361,-160,46,244,423,566,666,719,717,663,570,445,288,123,-47,-209,-347,-462,-539,-585,-588,-549,-485,-394,-280,-156,-26,100,223,329,404,461,493,497,470,422,338,235,129,14,-108,-223,-326,-198,-462,-494,-502,-480,-418,-333,-225,-103,28,157,275,381,465,515,534,513,459,374,259,136,2,-139,-262,-368,-443,-495,-511,-493,-444,-364,-262,-141,-25,91,201,294,364,410,427,413,381,327,251,176,91,-6,-90,-163,-219,-264,-298,-318,-312,-302,-273,-226,-177,-124,-63,-8,52,115,164,206,239,267,287,295,282,262,223,174,114,42,-36,-109,-186,-257,-312,-350,-374,-378,-360,-322,-261,-186,-101,1,103,206,299,383,443,476,483,466,409,331,233,113,-19,-156,-288,-405,-500,-568,-604,-601,-559,-478,-368,-227,-63,109,275,430,556,662,718,729,693,606,483,328,128,286,407
10748,mtk,MTK 7916,4082454969,rx1-tx0,512,-471,-303,-382,575,584,544,457,334,187,27,-138,-292,-427,-528,-587,-595,-556,-478,-356,-200,-34,136,295,430,535,601,624,596,518,399,252,83,-92,-263,-418,-538,-627,-661,-656,-602,-497,-358,-180,5,191,372,521,639,709,732,711,634,498,332,148,-64,-268,-467,-633,-746,-816,-822,-778,-680,-531,-331,-108,129,362,566,743,865,919,922,852,720,535,301,51,-218,-466,-680,-850,-966,-1010,-972,-871,-708,-501,-247,33,299,538,750,898,988,1010,962,849,676,459,205,-53,-306,-544,-735,-882,-970,-989,-947,-839,-679,-471,-237,24,277,503,713,872,976,1014,988,896,740,543,296,26,-241,231,-725,-922,-1042,-1100,-1089,-1003,-840,-607,-336,-36,277,577,835,1036,1166,1214,1181,1071,873,611,302,-33,-371,-674,-953,-1160,-1279,-1310,-1250,-1103,-871,-579,-238,124,478,799,1058,1254,1363,1370,1286,1112,851,534,164,-206,-571,-897,-1163,-1357,-1447,-1439,-1332,-1122,-828,-470,-75,326,719,1054,1322,1495,1546,1495,1322,1052,692,266,-173,-606,-980,-1289,-1504,-1574,-1536,-1369,-1100,-736,-315,119,534,901,1189,1375,1440,1383,1230,982,648,292,-89,-440,-752,-993,-1141,-1201,-1159,-1021,-817,-545,-242,68,365,632,833,952,999,958,824,627,371,88,-207,-473,-679,-813,-841,-781,-621,-392,-123,139,355,492,519,219,0,-189,-20,91,-321,-190,21,247,458,617,697,684,581,397,154,-104,-356,-579,-743,-840,-853,-788,-643,-439,-188,81,348,603,808,936,995,976,873,693,449,164,-156,-452,-738,-969,-1119,-1189,-1159,-1038,-828,-543,-210,155,515,832,1106,1300,1380,1347,1218,982,666,290,-116,-523,-891,-1184,-1408,-1506,-1484,-1348,-1103,-771,-392,36,446,831,1151,1379,1505,1520,1426,1208,900,522,112,-306,-697,-1025,-1280,-1448,-1492,-1428,-1265,-1012,-677,-286,101,484,821,1087,1270,1372,1377,1273,1086,822,500,158,-193,-538,-828,-1060,-1212,-1283,-1259,-1157,-972,-717,-421,-93,228,532,800,1013,1155,1212,1193,1092,908,676,391,88,-226,-49,-784,-990,-1135,-1204,-1189,-1096,-932,-699,-420,-107,222,533,815,1032,1188,1269,1249,1150,965,711,406,64,-282,-629,-921,-1153,-1299,-1351,-1305,-1161,-939,-636,-285,73,437,764,1038,1237,1339,1343,1242,1051,789,465,116,-241,-578,-862,-1080,-1217,-1256,-1215,-1075,-864,-595,-288,42,352,627,851,1008,1089,1089,1015,870,671,421,153,-110,-365,-592,-752,-877,-935,-921,-843,-713,-533,-320,-94,133,352,539,683,782,822,794,713,586,428,234,26,-179,-365,-526,-648,-712,-726,-686,-599,-466,-301,-121,70,261,423,548,628,659,639,575,469,324,152,-24,-193,-347,-477,-566,-603,-598,-547,-453,-328,-164,-382,-297,830,255,136,104,-54,-220,-367,-481,-552,-584,-572,-514,-411,-272,-111,57,217,366,494,572,606,594,535,433,299,141,-29,-202,-362,-491,-583,-632,-634,-590,-496,-368,-212,-34,141,323,475,593,669,692,679,608,488,335,156,-34,-230,-421,-580,-686,-760,-778,-743,-659,-512,-331,-124,95,305,505,680,808,874,882,823,704,537,313,78,-171,-415,-628,-802,-919,-978,-963,-872,-723,-525,-278,-4,264,508,721,883,989,1016,968,862,690,465,217,-53,-313,-551,-746,-895,-980,-997,-955,-840,-667,-457,-213,43,293,525,722,871,964,998,951,854,701,499,264,13,-247,-495,-709,-882,-1005,-1052,-1027,-568,-792,-574,-318,-42,248,527,782,977,1105,1166,1141,1033,851,610,320,0,-322,-626,-892,-1098,-1229,-1275,-1218,-1085,-880,-596,-275,73,416,744,1016,1212,1328,1343,1272,1101,854,549,198,-168,-522,-852,-1115,-1306,-1400,-1399,-1306,-1111,-846,-508,-127,255,628,962,1233,1421,1503,1480,1345,1105,787,399,-21,-444,-841,-1174,-1427,-1565,-1582,-1475,-1250,-939,-531,-87,353,768,1111,1373,1510,1527,1425,1203,891,508,97,-306,-670,-983,-1195,-1304,-1314,-1212,-1021,-749,-436,-101,241,545,800,982,1075,1079,1003,840,606,330,45,-253,-517,-729,-870,-926,-896,-767,-568,-308,-24,256,499,659,719,670,529,319,104,394,405,678,-300,-293,336,483,559,541,436,252,16,-236,-471,-661,-770,-788,-726,-584,-379,-136,132,389,617,786,896,923,877,747,540,293,23,-268,-546,-790,-965,-1075,-1092,-1016,-871,-629,-339,-15,320,639,926,1143,1268,1294,1204,1026,767,432,52,-336,-704,-1028,-1268,-1417,-1453,-1375,-1171,-895,-542,-132,284,691,1042,1307,1472,1530,1461,1298,1016,663,249,-174,-588,-955,-1239,-1440,-1520,-1494,-1344,-1102,-785,-403,11,401,761,1066,1295,1413,1432,1348,1161,896,576,218,-165,-516,-826,-1080,-1250,-1326,-1316,-1209,-1016,-759,-451,-117,214,529,815,1037,1181,1241,1214,1113,933,696,406,95,-222,-529,-786,-994,-1137,-1200,-1184,425,-917,-680,-400,-95,217,514,786,1002,1153,1230,1219,1122,946,704,425,92,-245,-566,-856,-1081,-1239,-1311,-1291,-1176,-965,-687,-359,-6,357,693,985,1209,1326,1357,1287,1120,875,562,206,-164,-521,-827,-1081,-1246,-1320,-1298,-1171,-963,-690,-368,-29,306,619,869,1059,1167,1187,1113,971,761,501,209,-86,-369,-617,-818,-953,-1006,-999,-929,-784,-591,-371,-120,129,360,560,721,822,867,854,786,650,477,279,63,-151,-353,-526,-663,-746,-771,-738,-654,-533,-366,-178,21,216,393,535,635,686,690,636,531,396,228,48,-133,-300,-446,-558,-622,-631,-595,-516,-401,-247,-77,92,253,387,499,572,-120,-252
10749,mtk,MTK 7916,4082454969,rx1-tx1,512,0,0,0,6,-332,-592,-686,-590,-327,34,392,640,714,596,300,-82,-443,-685,-739,-586,-276,111,481,720,758,588,254,-149,-514,-740,-759,-565,-212,204,561,759,748,527,157,-258,-596,-767,-727,-477,-94,314,634,781,700,419,21,-386,-682,-789,-675,-369,41,453,731,794,638,302,-123,-522,-776,-812,-614,-239,210,604,830,820,587,189,-267,-661,-872,-843,-577,-147,334,720,910,857,568,116,-367,-753,-942,-873,-559,-98,385,763,942,864,554,102,-384,-753,-917,-841,-538,-89,371,719,866,781,488,72,-362,-689,-819,-720,-431,-35,361,650,751,639,353,-22,-383,-630,-700,-565,-273,80,0,625,653,498,202,-150,-457,-644,-647,-458,-136,219,520,677,639,428,97,-269,-562,-708,-669,-437,-78,297,591,736,686,447,91,-285,-586,-730,-684,-455,-109,258,554,696,652,432,110,-235,-508,-632,-583,-383,-83,230,476,572,505,308,31,-255,-454,-510,-423,-221,52,306,467,484,359,132,-143,-384,-515,-507,-349,-88,205,444,568,540,363,88,-219,-477,-608,-578,-403,-125,192,458,599,591,434,158,-151,-405,-553,-558,-424,-193,84,339,494,520,413,198,-57,-286,-433,-468,-386,-207,26,240,389,443,380,228,26,-182,-344,-422,-407,-303,-139,43,208,324,366,342,267,164,0,0,0,0,0,305,299,230,106,-62,-242,-399,-491,-490,-391,-208,38,296,493,587,562,404,139,-167,-444,-627,-661,-544,-293,41,374,625,729,662,422,70,-311,-630,-804,-773,-538,-156,266,629,851,858,644,264,-187,-602,-874,-933,-752,-370,98,546,874,986,840,481,0,-482,-837,-982,-871,-529,-49,433,804,965,864,536,77,-404,-788,-953,-861,-543,-85,394,772,944,858,542,86,-390,-763,-927,-847,-541,-86,384,748,917,841,535,89,-373,-735,-899,-810,-507,-71,382,727,872,775,471,39,-403,-731,-857,-747,-434,1,439,748,851,731,402,-47,-477,-775,-866,-717,-367,89,520,810,888,0,339,-124,-555,-847,-909,-715,-327,154,603,890,932,726,320,-171,-621,-909,-949,-733,-316,193,646,925,944,714,295,-202,-651,-922,-928,-680,-254,249,690,929,908,643,196,-304,-721,-938,-893,-608,-155,349,755,948,885,573,104,-392,-787,-960,-864,-521,-33,464,830,962,837,480,-13,-498,-843,-962,-814,-447,47,521,845,939,783,412,-73,-534,-844,-917,-730,-355,101,536,822,881,699,319,-136,-532,-769,-803,-620,-264,153,519,723,719,525,188,-196,-513,-675,-642,-427,-94,260,527,640,569,333,-2,-331,-553,-617,-494,-235,91,387,577,597,440,157,-174,-447,-599,-584,-395,-90,0,0,0,0,0,659,579,338,-9,-368,-626,-710,-592,-310,57,418,672,735,597,294,-102,-468,-702,-751,-591,-262,129,491,722,748,571,225,-184,-538,-749,-748,-535,-173,243,587,763,734,505,125,-292,-625,-777,-714,-453,-64,350,660,784,687,396,-10,-419,-713,-794,-649,-331,90,492,753,802,635,278,-171,-567,-807,-820,-597,-212,241,638,854,828,574,159,-308,-696,-897,-848,-568,-126,357,747,928,861,564,110,-377,-766,-944,-863,-562,-103,389,768,930,846,541,88,-382,-737,-897,-812,-510,-80,360,700,844,749,459,61,-351,-662,-778,-679,-402,-13,369,634,716,596,314,-52,-400,-628,-670,0,-238,120,438,631,645,469,158,-189,-486,-652,-636,-441,-115,248,543,692,651,428,88,-284,-577,-720,-681,-448,-88,294,595,737,686,453,95,-283,-580,-719,-671,-449,-107,254,538,672,626,417,98,-233,-480,-594,-548,-352,-58,244,461,540,465,256,-22,-283,-457,-496,-395,-171,104,347,486,487,356,105,-184,-418,-539,-517,-349,-77,224,471,599,568,378,95,-209,-462,-605,-594,-424,-145,170,435,582,584,432,172,-121,-376,-530,-538,-419,-199,69,307,451,483,394,202,-38,-259,-412,-454,-380,-210,9,221,370,432,385,255,74,-128,-297,-393,-413,-344,-214,-61,89,202,262,0,0,0,0,0,38,170,297,393,430,386,261,71,-150,-362,-512,-558,-489,-311,-55,225,463,610,623,480,219,-96,-407,-629,-703,-599,-350,-13,340,625,759,707,474,110,-295,-643,-833,-810,-586,-212,229,623,873,907,707,327,-141,-579,-874,-956,-800,-434,46,516,857,978,848,501,19,-468,-830,-973,-867,-528,-61,410,784,960,867,545,81,-406,-779,-946,-864,-551,-91,391,764,936,855,544,86,-386,-756,-930,-842,-528,-84,383,744,902,820,517,75,-381,-733,-881,-791,-482,-50,384,724,866,759,448,20,-411,-737,-862,-745,-421,20,451,758,863,722,377,-63,-492,-792,-874,-709,-343,117,0,842,901,723,340,-147,-589,-872,-934,-739,-334,163,622,909,948,728,320,-182,-637,-922,-956,-723,-292,210,653,922,946,705,267,-236,-669,-934,-938,-669,-225,274,700,931,905,614,162,-332,-740,-944,-887,-587,-122,383,783,962,869,542,62,-434,-801,-963,-857,-509,-24,470,826,953,826,460,-30,-502,-842,-954,-790,-405,77,536,848,933,763,386,-97,-547,-848,-906,-713,-336,121,544,807,848,658,297,-137,-519,-753,-765,-567,-220,181,517,703,682,478,145,-224,-520,-659,-600,-370,-45,281,535,627,532,284,-44,-351,-558,-606,-469,-194,130,424,599,597,419,119,-206,-483,-630,0,0
10750,mtk,MTK 7916,4082454969,rx2-tx0,512,0,0,0,-11,224,405,465,393,208,-36,-279,-450,-487,-384,-172,88,324,477,493,364,129,-149,-386,-513,-498,-335,-77,204,431,540,492,301,13,-279,-489,-568,-481,-248,57,350,546,589,461,196,-127,-418,-597,-611,-443,-139,208,499,654,622,409,75,-288,-582,-717,-638,-370,7,392,680,778,657,350,-66,-475,-758,-836,-682,-329,122,553,839,898,707,317,-169,-620,-904,-941,-722,-299,206,665,951,983,738,285,-236,-696,-978,-999,-746,-288,246,714,990,996,731,269,-259,-717,-989,-987,-715,-253,272,724,979,962,685,228,-286,-716,-949,-923,-643,-188,309,717,922,869,580,140,-335,0,-907,-831,-530,-84,389,751,900,800,480,22,-441,-786,-910,-780,-433,32,493,827,929,774,407,-81,-551,-872,-959,-785,-391,107,584,903,985,796,389,-126,-612,-935,-998,-796,-384,137,628,948,1018,814,390,-141,-634,-956,-1021,-815,-392,141,637,963,1029,826,404,-129,-633,-966,-1039,-841,-422,106,602,938,1025,847,448,-69,-557,-890,-993,-841,-470,18,489,826,942,815,488,38,-415,-745,-871,-776,-481,-74,336,654,791,727,481,113,-270,-570,-723,-685,-479,-163,188,490,653,650,491,216,-104,-392,-578,-625,-524,-307,-28,249,459,560,545,425,228,1,-203,-351,-418,-404,-330,0,0,0,0,0,-299,-421,-486,-463,-348,-147,104,357,557,650,608,426,139,-191,-492,-690,-731,-594,-308,66,439,713,823,734,455,46,-393,-742,-915,-868,-589,-146,355,783,1022,1006,735,265,-299,-802,-1107,-1135,-877,-390,211,777,1159,1257,1027,525,-115,-742,-1198,-1356,-1160,-663,2,676,1191,1404,1254,777,99,-604,-1144,-1393,-1292,-856,-198,520,1090,1370,1300,902,271,-436,-1023,-1329,-1287,-914,-302,379,953,1272,1249,892,306,-350,-902,-1220,-1214,-873,-306,322,856,1156,1145,828,291,-312,-825,-1102,-1085,-781,-271,305,793,1061,1043,740,241,-311,-773,-1023,-993,-683,-200,328,764,988,935,632,161,-349,-758,0,-890,-580,-116,377,759,932,846,529,68,-407,-766,-914,-810,-482,-21,439,772,894,772,439,-14,-459,-777,-878,-734,-389,57,481,765,839,685,342,-94,-498,-749,-798,-629,-284,134,508,739,757,563,219,-175,-515,-709,-699,-488,-148,226,524,670,628,410,80,-268,-534,-643,-562,-323,0,319,545,609,493,242,-70,-358,-541,-563,-423,-162,140,397,536,522,359,91,-194,-422,-531,-480,-288,-18,252,446,513,432,225,-41,-294,-459,-491,-383,-166,99,331,460,460,331,103,-152,-352,-456,-430,-275,-44,194,375,447,383,209,-21,-244,-392,-425,-338,-148,87,295,415,414,291,89,0,0,0,0,0,-448,-398,-227,15,256,428,475,384,189,-67,-308,-466,-495,-381,-156,116,357,495,495,353,102,-178,-414,-528,-490,-315,-46,243,464,556,485,276,-18,-314,-520,-580,-472,-231,81,380,569,598,454,172,-165,-457,-622,-609,-422,-107,249,541,685,635,397,37,-344,-633,-742,-643,-364,33,433,719,808,668,336,-97,-516,-806,-873,-694,-323,147,592,877,926,713,306,-192,-647,-934,-959,-730,-302,221,685,965,987,742,292,-242,-712,-988,-1000,-734,-277,258,722,990,992,724,262,-267,-723,-979,-974,-704,-244,275,717,958,939,666,212,-298,-716,-934,-897,-618,-170,323,718,913,854,0,113,-361,-731,-898,-813,-497,-48,413,758,893,782,453,-3,-465,-803,-914,-776,-424,50,517,845,941,772,396,-87,-558,-882,-963,-782,-391,113,593,919,991,795,387,-130,-614,-936,-1013,-812,-388,136,627,952,1019,814,387,-145,-639,-967,-1037,-826,-393,144,639,963,1034,835,410,-128,-626,-956,-1036,-843,-438,83,577,914,1012,848,462,-36,-516,-859,-973,-830,-479,-14,447,781,906,794,484,54,-376,-696,-830,-749,-481,-94,308,612,756,709,480,138,-227,-529,-691,-672,-486,-185,154,438,610,636,505,254,-50,-332,-528,-598,-540,-369,-124,134,351,487,518,450,312,140,-28,-162,0,0,0,0,0,282,153,-25,-235,-427,-559,-591,-501,-301,-25,274,529,680,682,521,234,-120,-459,-699,-779,-668,-383,11,412,726,863,788,514,94,-376,-766,-970,-929,-656,-202,326,792,1064,1075,808,324,-264,-799,-1143,-1207,-958,-460,166,766,1184,1311,1100,601,-61,-718,-1204,-1378,-1207,-735,-64,643,1181,1408,1279,827,157,-552,-1122,-1402,-1315,-886,-233,476,1051,1350,1303,918,287,-409,-989,-1303,-1272,-908,-314,359,932,1242,1220,881,312,-329,-875,-1183,-1175,-853,-303,319,844,1132,1120,813,292,-304,-808,-1085,-1060,-759,-258,310,780,1036,1012,709,220,-323,-770,-1000,-957,-662,-193,328,758,967,909,608,0,-373,-761,-942,-870,-557,-93,394,770,924,828,506,39,-429,-775,-908,-794,-461,-2,454,778,887,754,414,-40,-471,-771,-862,-713,-363,78,491,765,825,659,312,-116,-501,-745,-780,-597,-249,157,513,721,725,527,185,-200,-521,-692,-663,-448,-113,244,529,661,598,368,44,-290,-534,-625,-535,-290,34,341,541,582,456,204,-103,-376,-540,-543,-390,-127,165,407,531,497,321,57,-221,-431,-517,-456,-259,16,277,452,499,404,193,-74,-316,-465,-483,-361,-136,124,343,457,440,302,75,-172,-366,-450,-403,-241,-12,215,377,433,361,183,-50,-267,-405,-425,-320,-121,115,320,424,0,0
10751,mtk,MTK 7916,4082454969,rx2-tx1,512,0,0,0,-98,-136,-144,-113,-48,30,100,134,128,90,28,-52,-115,-139,-122,-76,-15,54,113,139,124,78,16,-55,-116,-146,-136,-95,-38,27,84,124,135,115,68,10,-53,-98,-123,-127,-103,-55,-1,56,103,131,134,110,64,1,-64,-121,-159,-166,-132,-70,17,109,174,209,201,137,39,-79,-188,-258,-268,-216,-102,49,188,286,321,283,167,3,-174,-311,-373,-345,-227,-40,163,330,420,404,284,92,-130,-328,-446,-450,-334,-127,105,315,453,475,367,160,-79,-303,-460,-488,-382,-185,63,298,449,473,377,185,-60,-289,-437,-472,-380,-179,68,297,445,467,357,148,-101,0,-466,-478,-359,-138,129,361,502,506,364,122,-162,-415,-554,-549,-391,-123,186,457,609,599,429,140,-194,-486,-651,-643,-461,-158,201,514,699,694,502,169,-211,-546,-743,-748,-551,-209,199,565,791,813,612,244,-192,-585,-834,-870,-679,-303,149,572,862,931,753,385,-82,-542,-872,-974,-824,-467,8,478,825,972,873,545,84,-396,-777,-957,-896,-612,-173,303,685,900,895,661,264,-189,-592,-843,-871,-688,-343,79,473,745,827,704,414,28,-353,-637,-760,-699,-475,-142,214,510,679,683,532,262,-64,-359,-562,-642,-582,-392,-131,136,365,511,549,484,340,153,-30,-176,-270,0,0,0,0,0,-140,-160,-156,-119,-57,29,124,199,236,227,172,68,-55,-170,-259,-294,-256,-154,-11,140,269,334,326,232,76,-107,-280,-386,-398,-314,-138,79,292,450,492,410,226,-28,-301,-508,-594,-535,-337,-40,276,536,678,659,470,154,-208,-544,-763,-791,-620,-295,112,501,782,874,742,423,-6,-443,-766,-908,-836,-552,-117,353,726,923,899,646,226,-259,-681,-924,-931,-708,-309,173,611,890,945,763,374,-109,-555,-860,-945,-785,-422,43,492,811,922,799,460,7,-444,-783,-919,-814,-499,-51,404,757,912,824,525,92,-362,-720,-897,-832,-554,-135,314,678,863,830,573,164,-287,0,-843,-814,-577,-187,248,613,815,797,566,190,-233,-592,-789,-774,-555,-190,225,574,767,755,540,170,-244,-581,-763,-751,-531,-164,250,586,769,753,530,166,-245,-590,-778,-755,-538,-184,222,563,756,746,532,184,-212,-548,-734,-724,-532,-195,191,516,704,704,520,204,-158,-471,-652,-655,-486,-194,138,423,592,598,435,163,-141,-404,-555,-543,-386,-140,145,385,509,493,357,128,-131,-348,-473,-468,-328,-108,127,321,423,407,288,94,-122,-290,-376,-365,-257,-83,103,259,341,328,226,72,-100,-234,-299,-276,-182,-49,88,200,252,229,147,36,-82,-173,-206,-179,-110,-20,80,0,0,0,0,0,126,60,-24,-96,-136,-139,-102,-33,42,100,133,125,81,18,-54,-115,-140,-129,-84,-16,51,107,138,136,95,26,-45,-98,-133,-140,-107,-52,11,72,115,135,125,85,34,-23,-82,-115,-125,-120,-84,-28,31,91,132,148,136,97,35,-39,-113,-168,-190,-167,-96,0,94,183,241,242,179,64,-66,-188,-283,-310,-249,-129,24,179,303,360,322,195,23,-166,-329,-406,-375,-253,-67,144,326,432,433,321,116,-124,-329,-451,-456,-345,-152,92,314,454,475,376,180,-65,-294,-447,-483,-387,-197,50,287,440,475,381,181,-66,-296,-444,-465,-368,-171,87,313,454,480,0,142,-121,-352,-489,-495,-358,-119,153,394,532,521,371,122,-173,-438,-586,-573,-406,-128,193,473,635,618,441,147,-193,-499,-672,-663,-481,-167,204,530,713,707,519,188,-205,-552,-761,-773,-580,-226,192,571,812,835,637,276,-168,-584,-858,-910,-721,-346,114,562,870,947,783,415,-60,-521,-853,-975,-849,-502,-30,445,812,975,892,588,134,-350,-738,-941,-905,-646,-222,246,647,876,894,689,312,-134,-528,-784,-844,-699,-381,34,421,694,799,709,450,85,-291,-582,-733,-698,-495,-196,137,434,627,666,555,324,28,-256,-481,-602,-588,-457,-250,-13,206,370,446,439,365,246,0,0,0,0,0,40,-14,-82,-148,-193,-206,-185,-120,-24,84,186,255,267,217,117,-14,-157,-264,-312,-289,-195,-46,129,279,361,361,269,104,-102,-293,-414,-441,-358,-176,62,306,484,549,478,280,1,-290,-525,-644,-603,-404,-98,242,540,716,726,550,229,-162,-526,-772,-828,-679,-362,59,479,782,898,794,486,52,-395,-758,-940,-881,-598,-167,308,702,922,914,679,267,-213,-645,-910,-943,-732,-343,136,584,873,935,767,407,-62,-524,-842,-936,-800,-451,17,470,796,929,819,483,26,-428,-772,-913,-821,-514,-80,379,740,899,825,546,121,-339,-701,-880,-830,-561,-147,302,666,858,824,0,175,-261,-624,-828,-809,-573,-187,246,604,797,782,555,183,-232,-586,-781,-766,-544,-180,230,575,770,753,527,168,-230,-575,-768,-746,-525,-157,245,581,770,751,526,157,-241,-578,-765,-754,-538,-179,229,566,748,739,539,196,-195,-532,-719,-714,-527,-201,173,495,676,675,494,192,-151,-449,-620,-622,-462,-183,142,420,573,571,424,168,-133,-388,-524,-522,-384,-137,138,367,486,474,338,119,-130,-342,-451,-433,-303,-104,120,306,402,390,275,89,-110,-270,-355,-341,-237,-75,100,242,312,295,201,61,-89,-211,-266,-249,-167,-45,83,184,231,206,131,26,-82,-157,-185,-169,0,0
10752,mtk,MTK 7916,4082485238,rx0-tx0,512,232,-210,-101,-813,-690,-506,-258,3,252,487,678,806,868,840,745,572,355,91,-183,-433,-654,-827,-915,-923,-833,-678,-438,-149,165,467,734,925,1030,1029,919,725,434,99,-247,-570,-831,-1023,-1099,-1051,-901,-660,-338,9,347,641,872,1012,1048,976,800,543,247,-75,-379,-644,-837,-930,-942,-855,-701,-472,-193,91,358,587,750,839,850,761,616,410,168,-86,-320,-522,-664,-740,-745,-677,-558,-379,-163,62,270,456,593,665,670,617,494,322,131,-87,-284,-446,-557,-608,-589,-519,-392,-233,-48,136,283,411,482,494,448,373,257,118,-10,-151,-251,-314,-356,-347,-310,-244,-156,-65,32,109,-588,211,235,222,200,153,94,31,-23,-75,-118,-147,-150,-141,-119,-87,-45,-5,33,67,90,93,85,74,41,9,-30,-50,-62,-72,-57,-29,6,50,94,124,135,130,109,52,-10,-90,-171,-228,-273,-271,-239,-173,-80,40,174,290,382,430,427,363,253,98,-85,-267,-419,-527,-578,-557,-470,-317,-117,95,307,489,616,667,640,539,365,158,-79,-316,-504,-635,-701,-678,-578,-400,-182,48,274,470,617,677,661,566,423,221,-11,-224,-408,-545,-618,-617,-540,-406,-228,-31,170,356,492,566,567,499,373,194,-10,-209,-379,-488,-536,-492,-371,-196,2,191,334,394,371,275,-336,-326,-973,267,344,-360,-380,-305,-148,60,280,454,563,575,488,316,100,-134,-365,-546,-651,-667,-589,-432,-213,38,284,491,651,726,704,597,408,178,-83,-332,-540,-679,-745,-724,-609,-422,-182,71,315,517,660,723,696,581,406,189,-43,-259,-442,-571,-618,-605,-520,-375,-202,-16,158,308,402,460,468,424,334,220,86,-32,-129,-221,-278,-299,-289,-254,-203,-135,-82,-14,47,88,109,128,140,145,152,131,124,113,97,78,49,4,-34,-77,-136,-190,-226,-255,-260,-233,-188,-110,-14,77,190,289,355,398,411,371,287,179,39,-113,-261,-398,-503,-544,-540,-476,-355,-202,-16,185,381,541,-291,683,653,559,396,177,-51,-289,-503,-671,-776,-797,-741,-603,-393,-146,131,402,631,796,878,882,780,616,367,83,-212,-486,-709,-866,-931,-900,-783,-602,-355,-57,230,497,723,893,964,957,852,663,407,110,-207,-508,-769,-948,-1044,-1046,-940,-740,-461,-127,215,558,841,1055,1147,1138,1017,785,465,100,-273,-635,-925,-1130,-1223,-1190,-1033,-769,-430,-51,345,698,982,1170,1236,1179,1001,718,377,-7,-395,-731,-1001,-1167,-1210,-1126,-942,-660,-314,58,429,752,984,1131,1147,1056,861,585,249,-110,-448,-741,-948,-1056,-1061,-963,-775,-505,-197,124,419,665,851,955,966,871,702,463,195,-95,-90,40,-255,372,438,301,531,715,834,863,822,712,526,305,46,-217,-460,-667,-808,-888,-870,-783,-628,-402,-126,162,437,676,867,972,978,894,712,453,140,-200,-513,-785,-985,-1078,-1056,-924,-702,-406,-53,300,615,875,1037,1081,1021,853,605,289,-44,-371,-653,-860,-979,-1005,-921,-754,-499,-213,89,375,615,799,892,886,809,650,435,185,-86,-341,-546,-706,-787,-790,-716,-580,-384,-165,72,288,478,623,704,708,653,535,355,147,-66,-271,-453,-573,-640,-640,-569,-450,-286,-95,104,284,436,526,566,528,449,328,173,8,-145,-272,-374,-413,-418,-379,-294,-200,-85,33,130,211,263,293,282,241,321,132,47,-23,-87,-142,-180,-192,-186,-166,-130,-74,-22,26,68,100,121,119,112,88,52,10,-16,-48,-70,-83,-75,-42,-13,23,57,76,90,93,76,32,-21,-74,-126,-171,-195,-203,-164,-98,-14,89,182,271,331,361,334,265,155,19,-139,-291,-415,-497,-513,-467,-358,-204,-9,192,382,524,610,619,571,435,245,12,-210,-418,-578,-675,-695,-623,-470,-280,-52,187,399,571,668,695,638,508,311,85,-147,-352,-514,-631,-652,-602,-487,-325,-121,93,292,452,558,600,575,473,314,122,-81,-267,-425,-529,-554,-510,-389,-222,-21,185,355,458,482,421,286,109,-68,-201,45,146,177,327,240,-32,143,317,451,499,451,307,108,-124,-347,-523,-615,-623,-530,-353,-129,114,342,529,654,691,638,509,311,59,-195,-428,-606,-710,-738,-665,-521,-304,-59,206,438,622,721,740,662,515,310,73,-180,-398,-564,-657,-675,-615,-493,-307,-99,111,304,452,531,556,514,410,275,130,-21,-168,-284,-362,-392,-367,-329,-263,-166,-65,26,100,163,192,207,212,195,161,129,93,54,35,-1,-31,-46,-79,-99,-130,-158,-173,-174,-178,-166,-125,-69,-4,80,159,231,290,314,321,302,236,141,38,-90,-222,-329,-415,-469,-472,-426,-334,-194,-32,143,320,465,564,613,600,519,369,374,-18,-232,-436,-608,-708,-737,-701,-585,-405,-165,91,346,572,734,829,847,765,606,375,112,-177,-447,-674,-841,-912,-896,-788,-606,-359,-69,222,490,707,878,945,917,807,623,368,79,-219,-506,-746,-916,-1009,-1004,-902,-708,-436,-132,208,530,804,1001,1096,1091,981,767,475,122,-233,-590,-885,-1091,-1177,-1162,-1026,-781,-456,-84,307,666,958,1147,1228,1189,1022,760,410,18,-369,-724,-997,-1167,-1230,-1159,-971,-699,-344,43,418,744,999,1147,1182,1099,893,616,274,-96,-444,-747,-969,-1102,-1112,-1021,-820,-542,-217,115,432,701,903,1008,1012,910,732,482,197,-112,-400,-645,-817,-908,-926,414,422
10753,mtk,MTK 7916,4082485238,rx0-tx1,512,-582,796,820,532,729,867,910,867,734,524,252,-45,-356,-635,-855,-992,-1032,-962,-800,-551,-237,107,443,736,969,1106,1125,1034,830,541,201,-174,-540,-847,-1074,-1192,-1195,-1074,-839,-522,-145,243,614,930,1144,1244,1218,1072,814,479,93,-303,-669,-967,-1165,-1247,-1203,-1047,-784,-449,-62,326,673,956,1146,1224,1178,1020,757,432,64,-310,-649,-928,-1106,-1176,-1137,-983,-736,-416,-66,288,609,875,1049,1113,1078,939,720,423,89,-246,-555,-805,-982,-1053,-1021,-900,-688,-422,-116,205,490,735,898,980,971,868,682,434,156,-147,-421,-661,-841,-934,-946,-867,-705,-478,-206,90,376,629,823,939,958,893,-430,513,216,-87,-387,-652,-856,-981,-1002,-919,-742,-488,-184,141,459,720,913,1015,1018,900,695,417,95,-226,-534,-787,-955,-1017,-974,-826,-600,-307,20,336,610,818,939,965,881,713,470,185,-114,-395,-626,-794,-873,-856,-755,-577,-350,-86,173,407,597,715,759,719,615,452,241,23,-194,-377,-520,-619,-641,-600,-506,-361,-189,-1,178,330,447,513,535,496,400,284,139,-13,-157,-284,-374,-431,-441,-407,-328,-220,-106,18,140,246,316,358,366,330,266,179,75,-38,-142,-226,-290,-324,-318,-275,-204,-111,-7,100,192,256,292,288,241,161,56,-47,-140,-207,-231,-210,-156,-79,411,578,403,-934,-1121,250,284,256,171,40,-106,-244,-353,-403,-393,-320,-205,-57,102,248,367,442,464,431,348,219,64,-102,-260,-397,-490,-528,-509,-437,-313,-151,31,224,396,532,609,624,570,459,284,72,-155,-373,-561,-687,-743,-721,-619,-434,-205,59,320,554,736,834,836,743,573,332,53,-234,-499,-719,-864,-893,-826,-678,-454,-178,121,406,633,797,872,844,731,546,293,20,-241,-483,-668,-773,-793,-726,-595,-408,-179,60,285,473,606,672,675,607,477,315,125,-73,-253,-410,-515,-570,-568,-512,-418,-289,-137,30,179,312,421,483,507,479,420,317,179,37,-112,-243,-354,-438,-487,-486,230,-365,-239,-90,57,210,341,445,509,522,485,401,278,118,-45,-210,-349,-458,-528,-540,-494,-400,-261,-105,58,224,361,460,510,509,456,363,233,86,-59,-205,-313,-390,-434,-427,-391,-313,-215,-98,13,122,222,291,332,344,325,286,223,151,72,-11,-92,-166,-227,-267,-282,-282,-267,-229,-178,-108,-35,47,127,204,260,300,326,318,285,232,157,67,-45,-151,-245,-323,-373,-402,-392,-344,-263,-164,-35,99,232,341,434,482,489,455,367,249,103,-60,-232,-374,-492,-569,-591,-557,-467,-335,-163,37,234,416,565,663,699,661,564,409,199,-26,-262,-475,-645,-752,-796,-758,632,94,-393,177,-29,690,505,256,-27,-313,-580,-791,-930,-977,-929,-776,-544,-249,74,401,686,915,1050,1079,996,817,552,220,-140,-491,-802,-1024,-1148,-1168,-1059,-841,-531,-167,218,585,894,1115,1223,1211,1082,834,495,111,-284,-653,-959,-1161,-1254,-1217,-1063,-798,-461,-69,315,678,965,1162,1245,1190,1030,772,440,62,-318,-668,-948,-1127,-1205,-1159,-1004,-747,-420,-61,301,636,904,1082,1146,1106,956,723,412,77,-269,-582,-840,-1019,-1084,-1053,-918,-705,-420,-94,228,527,773,939,1025,1000,881,686,420,135,-172,-455,-701,-866,-956,-951,-851,-690,-453,-180,112,397,639,825,933,951,876,719,492,212,-85,-375,-1099,-842,-958,-977,-910,-743,-505,-209,111,415,683,882,995,1012,916,723,459,145,-187,-500,-755,-939,-1019,-999,-874,-654,-364,-40,285,574,805,951,998,930,770,531,247,-67,-365,-619,-810,-908,-916,-821,-646,-410,-133,145,404,610,755,821,792,687,511,290,49,-189,-398,-566,-664,-695,-654,-551,-409,-221,-10,186,357,487,564,582,541,450,318,164,-1,-169,-303,-405,-472,-482,-447,-361,-251,-121,16,149,265,345,387,399,366,294,197,90,-33,-142,-231,-299,-335,-339,-303,-241,-155,-46,65,161,238,291,309,290,229,145,47,-63,-160,-234,-270,-259,-215,-133,-34,58,128,167,672,547,-114,621,61,73,-42,-173,-282,-348,-347,-291,-177,-29,126,265,368,428,425,368,264,122,-33,-192,-328,-429,-482,-479,-429,-324,-180,-9,164,326,455,539,571,542,449,303,119,-90,-289,-470,-608,-683,-686,-615,-463,-257,-19,228,462,650,769,809,753,612,398,129,-151,-423,-657,-821,-885,-853,-723,-522,-248,50,336,580,772,870,877,782,606,374,96,-189,-446,-656,-795,-827,-786,-665,-466,-231,29,274,480,638,725,730,666,533,350,145,-71,-281,-450,-564,-626,-621,-558,-447,-290,-120,66,225,366,464,525,529,484,408,291,155,1,-144,-276,-390,-460,-490,-482,-425,-335,-217,-75,78,-198,342,445,496,506,469,380,261,111,-48,-208,-346,-457,-523,-536,-498,-404,-275,-115,59,225,364,469,516,525,477,379,249,98,-62,-214,-338,-430,-467,-468,-424,-334,-225,-86,45,165,270,345,388,386,363,299,217,124,23,-70,-160,-232,-278,-304,-304,-284,-245,-187,-115,-39,28,105,170,229,266,285,288,273,232,170,98,11,-87,-172,-248,-307,-352,-368,-342,-293,-208,-111,2,124,241,335,405,443,440,395,316,205,62,-78,-228,-356,-453,-515,-535,-500,-414,-295,-136,42,225,391,526,617,646,613,521,377,186,-30,-249,-443,-607,-712,-748,-718,-600,-431,-214,23,286,909,1110
10754,mtk,MTK 7916,4082485238,rx1-tx0,512,-471,1229,879,-448,-295,-97,108,304,456,560,605,572,475,321,130,-83,-279,-445,-566,-623,-609,-520,-373,-178,29,242,426,559,636,646,577,445,265,52,-171,-377,-544,-650,-692,-659,-550,-383,-170,65,294,495,649,737,747,678,537,327,88,-172,-416,-615,-761,-828,-809,-703,-523,-279,-3,275,531,741,877,917,860,712,489,206,-105,-410,-675,-881,-982,-996,-897,-700,-429,-105,228,538,804,981,1046,997,863,623,313,-22,-349,-651,-882,-1015,-1047,-970,-793,-534,-228,105,418,689,895,1005,1017,927,737,480,181,-141,-449,-710,-902,-1001,-1015,-923,-735,-475,-174,153,466,741,946,1057,1058,958,231,482,146,-200,-540,-827,-1040,-1155,-1143,-1014,-782,-458,-80,308,675,969,1172,1255,1203,1028,744,375,-39,-454,-827,-1117,-1287,-1326,-1230,-999,-658,-250,195,621,982,1255,1383,1378,1225,943,562,112,-354,-778,-1124,-1365,-1457,-1401,-1198,-865,-440,48,525,948,1279,1484,1530,1404,1144,744,256,-264,-758,-1178,-1473,-1613,-1563,-1336,-971,-472,68,602,1078,1424,1602,1605,1404,1052,580,38,-496,-957,-1289,-1478,-1482,-1329,-1017,-597,-116,360,773,1089,1270,1309,1178,915,574,164,-244,-612,-895,-1067,-1110,-1024,-816,-519,-166,199,530,790,944,969,864,641,331,-7,-341,-618,-791,-821,-709,-474,-172,126,362,488,294,886,-189,461,90,394,535,564,470,263,-20,-319,-582,-744,-791,-716,-519,-239,75,391,656,838,908,858,705,441,124,-213,-542,-810,-983,-1029,-966,-794,-500,-143,236,599,907,1123,1193,1139,942,628,228,-204,-621,-982,-1243,-1350,-1311,-1121,-797,-360,114,592,1004,1310,1477,1465,1289,958,516,19,-493,-951,-1306,-1524,-1572,-1416,-1116,-698,-194,341,837,1231,1487,1586,1510,1257,863,388,-136,-641,-1065,-1377,-1535,-1511,-1326,-1003,-585,-98,388,825,1173,1387,1440,1348,1128,778,349,-91,-544,-912,-1178,-1332,-1330,-1204,-959,-601,-197,221,610,946,1168,1269,1248,1104,833,488,108,-292,-662,-960,-1168,-1242,-1191,-1029,-761,-409,-49,358,712,1005,1185,1249,1187,1009,719,358,-38,-438,-797,-1077,-1252,-1298,-1217,-990,-673,-276,157,573,938,1203,1347,1352,1211,932,560,119,-348,-767,-1103,-1324,-1407,-1332,-1108,-768,-345,115,556,941,1224,1367,1349,1197,920,542,105,-328,-724,-1029,-1225,-1281,-1192,-986,-683,-308,85,465,784,1005,1131,1120,995,773,481,140,-203,-514,-764,-930,-993,-948,-811,-598,-337,-24,272,526,729,848,878,817,672,461,205,-70,-335,-554,-708,-785,-784,-693,-529,-317,-71,180,399,580,698,729,682,565,383,163,-72,-296,-480,-612,-664,-649,-560,-415,-217,6,211,400,538,611,618,550,423,251,48,-155,654,799,830,376,953,403,527,598,595,521,384,215,10,-195,-380,-520,-603,-609,-548,-423,-253,-47,162,357,508,605,630,597,482,318,115,-106,-317,-488,-609,-668,-649,-558,-409,-213,7,235,439,596,697,722,668,544,356,130,-121,-353,-563,-706,-781,-781,-685,-524,-304,-45,223,473,679,821,874,837,714,513,248,-49,-345,-605,-810,-931,-959,-883,-716,-459,-154,167,484,741,931,1019,999,875,661,365,24,-303,-607,-860,-1007,-1051,-988,-828,-574,-268,70,398,684,895,1015,1031,938,761,500,194,-132,-439,-705,-893,-1004,-1012,-917,-733,-476,-181,142,455,721,908,1019,1029,939,750,483,161,-175,-492,-568,-986,-1096,-1094,-988,-771,-477,-125,250,592,890,1107,1203,1179,1024,764,417,17,-386,-752,-1046,-1235,-1295,-1225,-1018,-701,-308,114,535,903,1183,1334,1360,1226,972,603,173,-270,-699,-1053,-1308,-1424,-1390,-1207,-902,-496,-32,429,858,1196,1425,1498,1409,1174,815,361,-144,-629,-1052,-1373,-1547,-1555,-1393,-1073,-632,-115,428,921,1319,1571,1630,1519,1232,795,272,-288,-804,-1211,-1485,-1584,-1492,-1225,-828,-338,176,657,1053,1309,1415,1346,1124,786,372,-73,-511,-851,-1092,-1201,-1165,-999,-722,-370,14,378,695,918,1027,1004,862,612,290,-67,-407,-684,-857,-902,-825,-615,-311,32,349,583,681,641,479,240,-1206,-894,678,633,774,300,102,-160,-415,-611,-697,-656,-485,-220,89,402,661,816,853,776,588,316,-6,-323,-614,-842,-953,-959,-838,-612,-298,58,406,728,976,1093,1099,969,731,382,-16,-420,-793,-1081,-1250,-1273,-1156,-903,-522,-70,393,811,1158,1371,1428,1329,1062,679,203,-309,-779,-1176,-1435,-1544,-1470,-1225,-836,-366,169,679,1105,1410,1569,1542,1348,992,539,18,-501,-967,-1317,-1519,-1561,-1421,-1131,-727,-230,275,745,1131,1394,1506,1443,1232,892,456,-19,-470,-875,-1196,-1363,-1400,-1288,-1029,-685,-272,171,574,932,1185,1302,1289,1153,892,540,153,-257,-640,-964,-1161,-1257,-1223,-1058,-792,-448,-56,330,683,973,1157,425,1176,1012,738,388,2,-387,-747,-1032,-1203,-1263,-1198,-1000,-704,-325,85,502,866,1135,1300,1329,1216,973,622,206,-239,-669,-1030,-1277,-1401,-1358,-1167,-860,-462,-5,455,861,1169,1357,1389,1275,1030,663,226,-231,-643,-991,-1232,-1334,-1285,-1097,-797,-424,0,403,757,1025,1180,1205,1105,877,572,216,-160,-498,-780,-977,-1069,-1037,-905,-684,-398,-74,242,521,737,884,939,874,737,523,257,-24,-300,-538,-716,-818,-835,-760,-605,-387,-140,123,372,569,700,760,729,628,466,245,2,-232,-441,-599,-687,-700,-630,-494,-299,-79,142,345,506,618,644,602,501,331,134,-81,-283,-449,-563,-612,-592,-492,-100
10755,mtk,MTK 7916,4082485238,rx1-tx1,512,0,0,0,-518,-285,24,343,588,696,657,471,175,-154,-457,-678,-743,-634,-388,-53,295,583,746,741,575,286,-74,-419,-669,-775,-707,-486,-158,211,533,736,777,644,355,1,-353,-638,-783,-741,-537,-214,159,493,717,785,675,401,41,-323,-623,-779,-757,-567,-241,136,485,732,810,690,420,54,-329,-644,-817,-808,-617,-280,123,498,769,872,780,512,126,-286,-646,-876,-908,-730,-394,26,443,769,930,892,661,291,-146,-560,-852,-952,-852,-577,-176,255,633,877,920,760,455,52,-351,-677,-853,-842,-651,-323,62,419,682,791,731,511,178,-182,-495,-693,-732,-598,-334,-10,313,560,674,0,459,174,-142,-434,-628,-668,-560,-329,-18,305,552,677,657,483,205,-116,-428,-641,-714,-640,-425,-113,231,525,706,731,608,363,35,-309,-575,-722,-716,-559,-293,31,343,578,687,646,465,194,-105,-379,-565,-621,-530,-330,-73,190,408,521,508,386,178,-72,-301,-458,-499,-420,-250,-17,225,413,512,494,362,135,-130,-363,-516,-571,-502,-317,-65,198,429,580,601,498,298,34,-240,-466,-595,-599,-479,-271,-19,232,438,544,539,430,235,-9,-239,-410,-492,-470,-364,-185,33,230,376,442,418,315,152,-43,-232,-368,-426,-409,-327,-192,-23,144,278,362,389,359,282,181,77,0,0,0,0,0,-16,102,224,342,427,459,426,327,166,-29,-239,-429,-555,-588,-527,-375,-147,120,371,562,665,647,503,254,-57,-363,-596,-729,-730,-585,-317,24,368,649,810,820,665,367,-7,-389,-709,-893,-899,-729,-407,4,414,752,946,960,778,433,-4,-433,-780,-975,-968,-772,-420,19,456,796,966,937,715,340,-107,-521,-824,-961,-895,-633,-241,194,586,862,952,832,532,120,-315,-673,-891,-919,-751,-426,-11,404,727,900,880,667,316,-105,-503,-788,-894,-812,-558,-187,226,586,821,878,736,426,37,-358,-684,-862,-843,-637,-296,107,496,776,878,791,536,163,-257,-635,-864,-898,-748,0,-13,407,744,925,909,693,321,-123,-544,-853,-981,-895,-613,-204,253,664,934,999,843,506,62,-396,-764,-968,-967,-758,-386,71,508,838,991,914,633,219,-245,-652,-911,-972,-821,-486,-46,408,780,968,947,719,326,-136,-569,-878,-993,-886,-582,-154,310,696,932,967,791,442,-9,-455,-798,-966,-921,-681,-289,171,585,859,953,841,546,133,-305,-667,-885,-912,-736,-402,9,412,715,858,811,584,243,-143,-494,-720,-779,-669,-419,-76,273,551,694,673,504,229,-90,-388,-589,-648,-552,-332,-47,244,489,610,578,417,159,-128,-387,-555,-593,-491,-278,10,298,512,612,573,399,0,0,0,0,0,-415,-606,-677,-600,-383,-72,254,526,696,709,555,284,-50,-384,-635,-750,-704,-495,-172,185,503,717,768,644,381,29,-334,-615,-764,-749,-569,-259,109,452,696,787,700,456,110,-261,-574,-759,-773,-607,-306,61,416,672,780,716,484,140,-240,-564,-759,-787,-635,-329,51,418,698,819,753,520,162,-238,-579,-802,-858,-710,-397,0,405,724,880,848,633,270,-165,-562,-834,-928,-827,-543,-137,304,678,905,937,770,437,11,-420,-760,-933,-900,-684,-320,108,498,782,896,812,564,203,-208,-559,-775,-824,-698,-424,-66,301,593,752,738,559,263,-87,-405,-628,-707,-621,-402,-101,0,503,656,664,513,244,-73,-368,-587,-677,-609,-403,-111,209,489,664,690,564,312,-14,-340,-596,-724,-700,-523,-237,102,420,649,739,681,475,173,-156,-462,-663,-715,-616,-391,-99,213,477,627,631,506,277,-5,-278,-478,-566,-530,-373,-135,124,345,485,510,398,200,-34,-262,-434,-495,-443,-292,-70,180,396,521,535,433,222,-43,-295,-491,-585,-559,-417,-181,98,355,536,610,557,392,153,-112,-355,-529,-591,-529,-366,-136,116,340,484,523,459,308,100,-123,-319,-444,-471,-400,-253,-61,142,310,412,432,365,238,68,-117,-276,-382,-422,-394,-307,-177,-29,106,213,280,298,0,0,0,0,0,-306,-330,-307,-229,-106,51,228,383,492,532,496,375,183,-55,-290,-482,-605,-629,-534,-331,-63,224,475,650,713,632,422,129,-200,-506,-714,-793,-715,-492,-170,201,546,788,878,795,555,197,-207,-586,-849,-947,-866,-616,-229,212,612,896,995,898,617,214,-234,-637,-910,-1000,-882,-577,-158,292,669,908,966,822,502,75,-366,-724,-921,-923,-734,-391,36,460,778,930,884,648,275,-150,-549,-829,-925,-827,-557,-167,257,624,850,897,756,448,43,-365,-691,-865,-857,-658,-307,97,471,751,869,792,544,172,-238,-599,-831,-874,-721,-415,-16,394,712,878,860,647,289,-136,-526,0,-925,-849,-575,-160,282,657,912,966,807,472,35,-411,-766,-962,-951,-734,-357,105,538,852,983,909,639,229,-226,-642,-918,-988,-840,-506,-68,378,757,969,950,730,358,-103,-540,-858,-986,-889,-607,-197,272,679,936,978,809,464,9,-436,-780,-958,-935,-695,-297,154,580,876,972,864,562,133,-316,-699,-927,-949,-765,-412,24,447,778,942,892,650,268,-163,-556,-817,-900,-791,-514,-126,276,609,801,818,657,351,-23,-379,-634,-740,-682,-478,-172,167,459,635,654,525,281,-20,-315,-532,-620,-558,-375,-106,191,441,584,584,447,209,-74,-346,-540,-609,-536,-338,-62,238,489,0,0
10756,mtk,MTK 7916,4082485238,rx2-tx0,512,0,0,0,349,180,-35,-250,-409,-475,-435,-292,-75,155,352,479,492,393,208,-33,-274,-448,-523,-479,-322,-92,165,386,520,537,427,221,-47,-311,-494,-566,-520,-351,-90,188,432,579,595,468,232,-58,-344,-557,-644,-580,-385,-96,222,499,664,673,526,258,-73,-399,-650,-754,-678,-442,-107,259,584,783,808,652,346,-45,-437,-746,-893,-843,-602,-225,210,610,879,963,837,523,85,-377,-754,-976,-990,-786,-414,52,513,866,1030,974,711,295,-187,-626,-935,-1044,-917,-597,-158,319,732,985,1022,835,478,15,-450,-804,-983,-960,-725,-330,123,543,846,963,868,583,169,-274,-647,-881,-914,0,-413,3,421,742,897,854,620,245,-181,-572,-832,-909,-784,-484,-79,345,707,913,908,713,360,-77,-500,-819,-966,-898,-635,-235,219,635,920,1000,865,545,102,-364,-748,-986,-1012,-814,-441,25,485,844,1022,983,734,324,-156,-598,-918,-1053,-961,-657,-218,257,684,969,1051,912,575,121,-353,-755,-997,-1032,-853,-493,-40,413,784,989,985,776,422,-10,-440,-771,-936,-903,-687,-340,62,446,732,859,807,597,270,-102,-445,-689,-780,-713,-518,-220,121,421,628,708,642,455,184,-118,-389,-578,-652,-600,-437,-200,69,311,491,585,581,479,308,99,-111,-289,-409,-459,-443,-374,-263,0,0,0,0,0,323,226,88,-91,-285,-462,-584,-624,-567,-417,-187,92,370,592,717,717,580,333,10,-329,-617,-800,-828,-694,-417,-44,353,692,903,946,792,472,45,-407,-790,-1030,-1072,-895,-531,-43,468,896,1162,1202,995,581,36,-530,-999,-1284,-1319,-1077,-611,-20,586,1082,1366,1379,1108,611,-13,-639,-1137,-1406,-1393,-1096,-580,59,681,1158,1409,1364,1035,497,-133,-728,-1181,-1387,-1294,-933,-385,230,789,1175,1310,1174,795,255,-329,-844,-1171,-1243,-1060,-657,-114,444,894,1151,1159,922,491,-38,-552,-936,-1120,-1057,-769,-327,181,640,958,1069,945,616,163,-316,-721,-969,-1004,-821,-458,-5,441,793,969,0,677,291,-155,-572,-853,-942,-825,-529,-129,300,669,886,902,724,388,-33,-444,-752,-891,-835,-596,-235,177,550,799,868,748,465,82,-313,-635,-812,-808,-634,-319,65,424,686,799,723,487,154,-205,-516,-705,-734,-598,-335,-2,333,583,692,641,449,165,-149,-429,-608,-639,-526,-294,2,290,505,603,562,394,134,-149,-396,-542,-561,-459,-251,19,274,459,537,492,333,92,-164,-371,-497,-512,-406,-203,45,278,441,503,447,292,69,-170,-368,-476,-475,-367,-177,45,263,417,469,411,257,45,-168,-344,-441,-428,-316,-135,74,264,395,436,369,216,6,-198,-353,-429,-402,-286,0,0,0,0,0,286,421,466,402,239,16,-206,-389,-488,-474,-348,-142,97,320,469,514,441,265,24,-221,-418,-527,-514,-380,-155,108,353,514,557,474,282,22,-249,-467,-577,-557,-411,-164,128,390,571,622,526,304,11,-291,-534,-654,-627,-461,-180,158,459,666,722,603,347,8,-347,-624,-769,-747,-556,-229,167,527,769,852,748,469,78,-336,-689,-897,-903,-717,-373,71,503,829,980,919,662,252,-219,-640,-927,-1024,-900,-572,-119,355,754,1000,1025,829,452,-19,-487,-849,-1028,-985,-735,-323,156,598,905,1013,909,610,180,-286,-682,-927,-969,-803,-466,-26,414,755,927,896,670,296,-140,0,-817,-913,-811,-526,-122,308,667,872,884,707,374,-51,-468,-781,-916,-855,-607,-224,216,613,878,952,814,502,77,-369,-737,-951,-957,-754,-391,66,512,850,1007,950,685,266,-206,-633,-927,-1031,-916,-603,-158,320,732,985,1033,863,505,41,-435,-820,-1030,-1018,-794,-407,72,532,878,1045,989,724,316,-162,-598,-903,-1028,-933,-649,-244,208,616,893,979,860,572,175,-250,-615,-849,-910,-782,-490,-109,274,592,789,819,678,405,63,-281,-561,-719,-729,-598,-345,-34,269,518,654,660,540,316,42,-232,-460,-595,-618,-531,-353,-123,121,334,485,548,528,436,289,121,-40,-169,-254,0,0,0,0,0,263,391,482,517,480,360,170,-62,-307,-517,-648,-682,-598,-399,-121,185,477,690,775,714,515,206,-158,-506,-767,-881,-823,-603,-249,172,567,873,1016,954,690,280,-202,-664,-1010,-1160,-1079,-772,-302,237,744,1121,1281,1189,846,329,-266,-819,-1218,-1377,-1258,-883,-323,317,898,1293,1432,1290,881,290,-352,-928,-1316,-1431,-1261,-827,-234,399,958,1314,1394,1187,742,144,-481,-999,-1297,-1324,-1077,-605,-15,561,1024,1269,1234,942,463,-106,-650,-1052,-1223,-1130,-799,-313,233,725,1055,1155,1007,647,154,-366,-799,-1050,-1078,-882,-489,0,478,846,1031,986,728,322,-148,-584,-886,-992,-881,-581,-158,0,687,912,942,764,424,-7,-438,-770,-927,-881,-641,-259,172,559,820,902,790,500,100,-309,-651,-854,-869,-686,-356,45,434,724,847,786,555,204,-188,-538,-760,-812,-686,-409,-49,315,603,756,740,556,255,-99,-425,-647,-718,-632,-402,-90,232,497,650,653,501,236,-71,-356,-557,-628,-547,-348,-72,216,445,568,561,425,189,-87,-336,-507,-561,-484,-295,-43,217,418,521,503,369,150,-100,-327,-475,-513,-432,-250,-11,225,403,489,463,328,120,-115,-318,-442,-467,-385,-219,-1,219,381,453,419,290,94,-122,-307,-415,-430,-345,-176,32,231,377,433,386,250,55,-157,-325,0,0
10757,mtk,MTK 7916,4082485238,rx2-tx1,512,0,0,0,-52,24,92,135,147,124,66,-1,-66,-118,-143,-132,-92,-33,35,90,127,143,124,77,15,-47,-97,-130,-139,-117,-74,-17,44,92,122,138,124,83,42,-5,-54,-96,-125,-134,-120,-90,-45,11,64,109,140,148,137,108,55,-15,-85,-153,-193,-198,-175,-119,-31,68,160,230,262,248,178,72,-48,-178,-280,-327,-315,-246,-119,40,191,317,389,381,292,140,-46,-226,-366,-441,-429,-326,-159,47,252,403,475,454,346,163,-62,-270,-429,-500,-462,-329,-133,91,304,456,504,446,307,96,-137,-335,-463,-502,-429,-258,-37,187,371,479,480,377,189,-41,-261,-431,-498,0,-313,-99,140,352,493,525,444,256,11,-246,-457,-569,-560,-433,-201,82,348,541,629,594,418,141,-164,-440,-632,-700,-615,-395,-89,246,536,708,737,619,364,23,-329,-622,-785,-789,-627,-326,52,424,717,870,842,629,287,-115,-505,-800,-929,-865,-637,-272,164,565,859,975,893,639,249,-199,-604,-888,-997,-908,-637,-236,207,603,885,992,903,636,243,-196,-586,-856,-956,-878,-627,-241,177,542,800,894,808,572,232,-150,-492,-730,-833,-775,-563,-257,98,419,642,754,723,554,292,-15,-318,-548,-670,-676,-561,-360,-110,155,384,536,599,571,462,299,113,-65,-210,-302,-340,0,0,0,0,0,59,6,-51,-115,-177,-220,-233,-213,-150,-60,41,149,240,287,287,241,145,11,-137,-261,-333,-353,-308,-196,-38,134,293,403,436,385,255,67,-149,-347,-489,-541,-490,-332,-98,164,414,598,670,607,424,154,-154,-450,-675,-775,-731,-538,-230,132,483,748,871,828,622,293,-108,-494,-789,-939,-912,-704,-356,71,482,805,978,961,748,380,-62,-486,-827,-997,-967,-754,-384,60,491,818,973,937,725,361,-76,-499,-820,-967,-913,-682,-308,125,535,828,948,881,635,251,-184,-573,-844,-940,-845,-581,-195,230,607,863,937,812,524,131,-287,-641,-857,-898,-756,-459,-67,341,675,0,861,690,377,-13,-390,-683,-838,-816,-620,-293,96,458,718,823,751,523,189,-188,-522,-743,-808,-698,-432,-76,286,592,776,788,630,340,-23,-386,-660,-798,-767,-576,-262,110,457,704,807,738,515,192,-171,-502,-726,-788,-682,-440,-110,238,531,711,739,613,367,44,-280,-534,-673,-666,-518,-264,35,314,527,626,589,425,167,-115,-357,-523,-572,-495,-315,-74,180,380,494,512,419,233,3,-219,-385,-467,-451,-336,-155,52,241,374,423,377,260,96,-87,-243,-341,-367,-314,-191,-39,111,233,305,309,243,129,-7,-134,-219,-253,-239,-173,-69,38,130,194,211,178,105,15,0,0,0,0,0,-149,-153,-123,-60,14,79,127,146,129,85,17,-52,-102,-131,-132,-105,-54,7,67,118,140,135,104,43,-20,-73,-115,-135,-131,-106,-58,0,51,98,127,131,116,82,35,-17,-58,-98,-128,-135,-120,-89,-45,9,66,118,157,173,155,114,55,-30,-120,-189,-225,-220,-179,-104,1,116,212,277,293,253,159,28,-114,-244,-328,-352,-312,-199,-45,130,287,391,421,365,235,54,-147,-323,-437,-465,-398,-252,-57,156,349,471,494,419,255,39,-191,-378,-485,-499,-411,-232,-8,218,399,494,489,380,187,-44,-264,-427,-490,-449,-317,-110,119,319,453,494,418,250,27,0,-400,-501,-488,-370,-178,66,311,485,549,499,340,102,-174,-417,-568,-605,-520,-317,-31,262,502,648,652,521,276,-40,-348,-592,-710,-678,-514,-225,120,441,677,777,712,494,169,-199,-532,-764,-843,-746,-486,-112,286,629,853,904,769,476,81,-335,-703,-931,-960,-786,-462,-49,392,756,961,978,798,448,23,-409,-768,-964,-975,-799,-460,-30,407,757,952,954,769,435,23,-388,-721,-907,-906,-731,-429,-41,352,663,840,852,695,408,51,-301,-591,-763,-783,-658,-418,-103,226,496,666,717,632,440,174,-113,-374,-561,-645,-623,-504,-311,-84,140,330,456,504,483,405,290,159,0,0,0,0,0,139,166,175,153,108,41,-42,-126,-198,-251,-266,-231,-155,-45,75,191,277,319,300,225,100,-56,-206,-321,-382,-378,-294,-143,47,237,389,478,478,376,191,-40,-280,-477,-603,-599,-476,-260,22,315,549,698,719,588,342,22,-322,-620,-805,-840,-709,-442,-86,313,659,872,920,800,522,130,-286,-656,-903,-970,-852,-564,-165,264,657,919,994,871,583,171,-282,-666,-917,-991,-866,-564,-152,285,672,923,980,838,526,111,-318,-685,-916,-956,-802,-485,-62,363,712,913,932,761,429,5,-411,-739,-919,-910,-707,-364,50,450,763,911,870,652,299,-111,-494,-772,-894,-829,-586,0,175,534,779,863,765,507,146,-247,-585,-795,-835,-701,-417,-50,328,635,799,792,619,316,-54,-412,-678,-806,-759,-540,-213,160,495,726,801,707,466,123,-247,-564,-765,-805,-676,-398,-37,326,615,773,768,608,319,-42,-384,-636,-763,-730,-542,-243,97,410,630,716,656,456,161,-153,-434,-618,-660,-565,-351,-70,216,446,579,585,468,261,-4,-269,-458,-541,-507,-371,-164,73,293,445,495,437,290,85,-128,-309,-419,-432,-359,-213,-26,164,310,382,377,292,149,-24,-184,-297,-337,-310,-224,-90,56,177,259,284,248,157,38,-83,-177,-229,-229,-181,-94,7,100,165,185,0,0
10758,mtk,MTK 7916,4082517078,rx0-tx0,512,-195,-34,109,-744,-559,-318,-47,214,462,662,787,852,827,710,530,300,37,-234,-482,-698,-835,-902,-874,-750,-547,-274,30,334,621,844,973,1000,922,741,465,141,-216,-537,-814,-995,-1073,-1030,-850,-587,-263,90,428,731,939,1041,1025,883,662,370,34,-298,-585,-803,-934,-967,-888,-712,-476,-183,122,396,633,789,860,840,730,549,307,47,-217,-440,-617,-738,-768,-712,-599,-414,-193,42,262,457,602,674,680,605,483,298,87,-128,-321,-490,-590,-627,-584,-484,-339,-153,54,231,380,481,526,510,430,308,155,-10,-157,-273,-354,-394,-384,-335,-251,-142,-31,86,175,227,260,270,237,193,-588,65,-15,-74,-118,-156,-164,-159,-143,-116,-67,-17,26,62,88,105,101,87,68,35,4,-32,-51,-57,-55,-47,-24,7,39,64,82,78,67,37,-10,-68,-117,-158,-183,-181,-153,-90,-4,96,188,270,319,338,295,217,101,-51,-209,-345,-449,-497,-485,-400,-252,-62,140,333,496,598,636,569,430,238,10,-226,-444,-607,-698,-695,-602,-435,-208,42,285,498,654,719,698,580,398,166,-89,-326,-518,-646,-694,-651,-523,-337,-112,121,336,503,601,634,583,461,280,71,-145,-342,-492,-570,-581,-511,-369,-186,30,241,411,515,540,474,329,136,-76,-255,-375,-411,-355,-231,-417,-313,-8,637,655,355,345,235,59,-160,-364,-509,-558,-510,-370,-157,85,325,510,624,648,569,413,199,-54,-305,-517,-662,-712,-661,-525,-316,-67,196,437,619,719,729,643,475,234,-24,-285,-500,-649,-719,-698,-582,-401,-173,72,309,499,608,643,602,482,303,107,-93,-270,-409,-484,-503,-463,-362,-234,-90,51,171,257,314,333,304,251,172,92,15,-48,-98,-136,-155,-159,-156,-135,-112,-82,-68,-57,-48,-21,-1,29,70,109,148,188,203,222,188,147,83,-1,-97,-190,-268,-324,-359,-348,-295,-207,-86,48,197,325,420,477,481,441,334,190,14,-179,-359,-508,-594,-625,-586,-474,-303,-291,122,340,533,677,745,715,608,430,198,-55,-316,-542,-721,-828,-840,-744,-566,-322,-47,245,514,724,867,903,829,684,456,170,-132,-413,-654,-822,-906,-903,-802,-613,-357,-75,232,510,740,898,962,932,809,588,305,-11,-330,-621,-861,-1019,-1050,-982,-809,-544,-215,149,494,789,1012,1128,1112,988,742,427,64,-328,-672,-948,-1137,-1187,-1122,-913,-606,-246,151,527,850,1076,1182,1177,1036,774,436,44,-340,-695,-973,-1139,-1179,-1091,-890,-593,-234,155,517,816,1032,1131,1102,963,713,387,34,-322,-631,-872,-1019,-1049,-973,-792,-519,-209,118,426,686,867,953,945,830,634,372,87,-202,414,515,-621,599,597,460,665,806,853,821,715,531,298,44,-231,-472,-670,-801,-865,-836,-728,-541,-294,-20,273,536,757,906,953,902,754,516,223,-104,-422,-711,-921,-1040,-1032,-909,-679,-373,-31,330,646,889,1032,1060,971,768,480,151,-202,-526,-777,-950,-1008,-953,-796,-565,-271,38,351,608,799,911,905,811,631,380,108,-174,-427,-631,-767,-818,-779,-658,-479,-252,7,239,452,620,708,720,659,539,357,144,-85,-294,-467,-598,-650,-638,-564,-425,-235,-24,182,354,488,571,574,509,401,247,75,-109,-268,-388,-461,-472,-427,-336,-218,-80,57,172,269,323,340,314,250,172,96,-4,-89,-149,321,-218,-212,-178,-143,-90,-29,17,61,102,128,129,122,104,77,33,-11,-41,-66,-78,-76,-69,-42,-18,16,42,57,61,52,38,5,-35,-72,-105,-130,-127,-99,-57,10,77,150,214,250,250,216,147,41,-87,-216,-316,-390,-424,-392,-306,-172,-4,176,347,482,552,560,492,350,161,-70,-301,-481,-610,-666,-636,-526,-339,-110,147,377,571,689,719,657,516,308,62,-190,-420,-594,-698,-705,-627,-467,-263,-20,223,435,582,659,650,563,402,207,-20,-237,-423,-549,-606,-588,-492,-331,-135,74,278,438,536,568,507,375,186,-29,-240,-400,-489,-483,-389,-230,-38,139,254,437,516,-320,110,-32,-22,-206,-368,-461,-469,-370,-191,36,265,464,589,615,543,382,164,-92,-339,-526,-651,-692,-628,-479,-257,1,259,483,645,717,700,591,392,152,-111,-357,-567,-703,-741,-683,-533,-319,-72,187,412,577,674,688,614,446,235,12,-201,-391,-523,-582,-564,-478,-339,-175,-11,157,289,379,415,401,337,252,150,39,-66,-151,-208,-237,-238,-215,-175,-129,-79,-43,1,33,63,80,86,95,114,126,128,140,133,118,94,50,4,-65,-140,-196,-249,-280,-282,-245,-176,-84,22,142,249,345,406,430,401,320,205,55,-99,-266,-410,-509,-560,-548,-473,-338,-161,39,254,451,595,374,675,609,472,279,35,-221,-450,-645,-759,-795,-741,-603,-399,-143,145,420,648,800,868,843,719,517,254,-58,-344,-595,-793,-900,-905,-815,-642,-395,-117,182,463,698,851,930,914,791,598,333,30,-272,-561,-794,-945,-1006,-955,-804,-577,-262,81,411,713,935,1069,1088,989,791,499,139,-235,-588,-879,-1071,-1169,-1133,-961,-702,-342,49,440,786,1027,1171,1191,1079,846,518,146,-244,-623,-915,-1109,-1186,-1137,-969,-684,-322,63,438,762,1004,1138,1145,1024,800,492,120,-244,-585,-860,-1034,-1094,-1033,-869,-621,-301,45,383,676,883,985,989,892,701,440,140,-168,-456,-693,-849,-910,-887,462,373
10759,mtk,MTK 7916,4082517078,rx0-tx1,512,-172,-193,-257,675,832,912,895,779,578,295,-11,-329,-628,-857,-997,-1028,-948,-767,-490,-151,207,547,839,1038,1126,1096,940,681,339,-41,-426,-768,-1027,-1184,-1203,-1093,-862,-537,-142,266,650,968,1171,1252,1198,1008,716,342,-72,-473,-832,-1092,-1237,-1251,-1123,-875,-543,-156,257,631,946,1150,1235,1187,1012,740,382,-13,-398,-744,-1009,-1162,-1196,-1092,-878,-584,-234,145,510,810,1022,1135,1117,985,754,453,105,-252,-574,-835,-1014,-1076,-1027,-874,-635,-331,4,343,628,852,985,1016,939,772,519,230,-89,-395,-654,-849,-955,-952,-858,-680,-441,-153,149,437,678,851,937,932,827,635,380,74,-232,-519,-430,-911,-970,-930,-787,-556,-267,55,374,664,874,989,996,894,692,417,86,-250,-570,-820,-974,-1025,-951,-788,-525,-201,140,469,737,928,1006,969,831,583,294,-34,-353,-632,-830,-941,-929,-817,-630,-360,-66,235,502,704,831,846,769,617,394,136,-125,-366,-572,-692,-739,-701,-591,-424,-213,-1,216,404,533,609,615,541,429,275,95,-93,-264,-389,-483,-520,-494,-423,-304,-163,-14,143,270,367,425,423,390,309,200,83,-49,-168,-266,-334,-363,-352,-300,-222,-122,-5,107,198,277,317,313,282,211,113,4,-104,-197,-264,-292,-279,-231,-143,-35,75,165,220,231,195,128,44,27,-48,-248,310,-471,-257,-278,-228,-122,21,170,299,382,400,356,244,99,-63,-220,-348,-433,-462,-426,-337,-207,-46,126,292,420,498,516,481,382,236,59,-136,-319,-467,-578,-613,-576,-473,-311,-109,124,343,529,666,722,696,577,395,156,-116,-376,-597,-750,-824,-790,-661,-452,-186,99,389,634,805,873,848,710,486,211,-90,-390,-627,-799,-871,-835,-715,-506,-245,51,326,561,730,817,794,686,506,273,19,-232,-451,-612,-699,-713,-642,-504,-319,-116,105,300,457,560,600,574,503,371,210,32,-138,-291,-418,-489,-513,-491,-421,-315,-185,-32,127,263,376,451,480,472,411,311,182,33,-125,230,-375,-462,-506,-491,-429,-316,-170,-6,164,314,436,507,523,497,409,274,111,-70,-235,-378,-478,-533,-524,-452,-338,-192,-34,139,287,403,470,486,453,373,258,116,-28,-161,-275,-359,-397,-397,-361,-289,-198,-93,12,115,208,262,298,315,298,259,204,134,52,-33,-112,-175,-233,-273,-286,-281,-250,-213,-145,-62,25,107,200,266,321,346,338,303,234,143,31,-86,-201,-302,-378,-419,-430,-385,-309,-198,-63,91,236,366,459,511,514,466,364,228,52,-131,-301,-447,-557,-612,-598,-532,-402,-231,-23,191,397,563,675,716,679,574,402,182,-66,-315,-529,-697,-796,-805,-728,1323,1358,-135,-283,-233,590,340,60,-241,-523,-764,-922,-971,-932,-780,-537,-230,109,438,731,953,1070,1065,951,732,421,62,-313,-661,-936,-1115,-1171,-1103,-907,-617,-250,154,540,869,1107,1224,1208,1066,799,442,39,-376,-746,-1031,-1215,-1257,-1171,-951,-626,-243,170,566,895,1122,1243,1221,1071,811,459,69,-335,-696,-984,-1166,-1213,-1140,-952,-662,-306,83,464,784,1018,1150,1163,1045,816,516,161,-212,-550,-828,-1021,-1111,-1077,-932,-697,-390,-45,296,608,848,999,1049,984,819,577,275,-52,-368,-645,-849,-962,-983,-897,-725,-486,-187,122,416,663,846,941,935,838,654,405,116,-184,-471,-710,-879,-953,-924,-809,-1099,-324,-18,300,587,811,950,989,926,756,496,183,-154,-476,-743,-933,-1013,-986,-852,-613,-318,22,358,648,879,995,1008,902,693,409,69,-252,-563,-800,-944,-985,-911,-730,-473,-167,155,438,677,837,894,860,725,518,249,-42,-311,-542,-710,-787,-777,-688,-521,-294,-57,189,393,558,647,672,624,506,338,153,-57,-247,-394,-507,-562,-557,-484,-370,-224,-49,118,269,386,446,471,442,362,255,113,-25,-153,-271,-343,-384,-388,-343,-270,-165,-47,77,185,266,325,344,318,261,180,63,-45,-149,-235,-289,-311,-291,-234,-143,-31,76,173,242,269,252,194,107,4,-88,-150,-173,-348,-346,-53,1374,1320,-39,81,214,310,352,327,238,99,-62,-218,-346,-415,-434,-385,-284,-140,27,191,333,438,487,481,410,288,127,-49,-224,-382,-496,-558,-552,-473,-346,-175,34,240,430,574,660,665,585,444,244,6,-244,-472,-644,-758,-770,-692,-530,-306,-30,259,517,712,830,853,780,598,346,48,-249,-528,-730,-850,-880,-796,-612,-370,-72,215,481,692,820,848,772,616,392,124,-155,-401,-601,-724,-766,-724,-601,-409,-183,57,283,465,592,657,649,569,435,257,61,-129,-302,-445,-531,-561,-530,-457,-334,-184,-27,131,274,386,458,492,469,405,306,175,31,-115,-256,-368,-449,-488,-473,-198,-314,-185,-30,130,277,403,485,522,504,428,308,146,-23,-191,-346,-458,-525,-530,-480,-382,-242,-74,110,270,396,479,516,497,417,300,148,-9,-160,-289,-386,-440,-443,-405,-329,-220,-94,29,150,243,311,346,352,332,269,189,108,12,-83,-158,-216,-263,-288,-288,-263,-223,-170,-94,-17,68,143,212,270,300,304,294,253,185,104,4,-96,-194,-280,-343,-377,-378,-343,-274,-168,-48,84,218,328,417,469,474,428,339,213,62,-100,-263,-401,-504,-559,-552,-495,-386,-233,-40,156,342,503,612,663,645,556,405,205,-20,-251,-458,-628,-732,-762,-711,-579,-391,-145,117,371,-464,310
10760,mtk,MTK 7916,4082517078,rx1-tx0,512,7,558,104,-357,-166,43,249,422,546,604,580,484,328,131,-81,-295,-461,-577,-617,-581,-476,-314,-108,108,316,491,596,639,601,500,327,115,-112,-333,-510,-629,-682,-657,-543,-372,-164,79,317,515,667,736,721,623,455,233,-29,-285,-516,-691,-789,-797,-721,-562,-334,-66,224,501,710,845,893,836,687,454,164,-151,-461,-720,-896,-967,-938,-802,-571,-275,73,402,690,908,1017,1018,898,675,377,28,-316,-634,-878,-1021,-1045,-957,-762,-482,-141,211,531,795,969,1033,991,834,586,285,-52,-385,-667,-884,-995,-1004,-908,-712,-448,-138,199,509,766,949,1030,1004,863,633,342,1,-346,-657,231,-1066,-1096,-1017,-828,-538,-185,189,554,873,1087,1181,1141,983,712,355,-57,-465,-832,-1105,-1256,-1270,-1131,-872,-505,-81,361,768,1092,1290,1354,1260,1018,657,239,-224,-678,-1044,-1293,-1408,-1361,-1159,-826,-391,77,566,980,1278,1455,1458,1288,979,558,54,-456,-913,-1283,-1507,-1548,-1415,-1117,-689,-169,379,886,1301,1549,1616,1497,1181,732,181,-388,-916,-1326,-1564,-1616,-1461,-1122,-644,-98,445,922,1287,1468,1472,1275,930,506,8,-473,-876,-1163,-1294,-1260,-1064,-755,-363,63,465,800,1021,1107,1056,875,577,214,-153,-506,-776,-938,-968,-863,-623,-303,61,403,668,809,806,652,392,75,-227,-436,-520,555,816,139,-3,-445,-437,-548,-541,-397,-147,159,454,686,790,755,593,332,1,-333,-616,-825,-911,-862,-698,-437,-100,258,592,851,993,1013,908,680,353,-32,-425,-764,-1024,-1164,-1153,-992,-708,-326,104,544,921,1196,1320,1293,1093,756,324,-173,-656,-1057,-1340,-1461,-1403,-1170,-782,-306,223,721,1139,1429,1542,1471,1228,814,296,-236,-750,-1185,-1470,-1588,-1495,-1223,-825,-316,219,731,1157,1446,1560,1488,1243,846,353,-167,-661,-1079,-1363,-1479,-1428,-1213,-868,-417,64,526,937,1218,1368,1367,1199,906,526,75,-368,-765,-1075,-1257,-1296,-1189,-965,-642,-245,179,577,914,1140,1250,1210,1044,765,402,0,-399,-758,-1033,-1198,-49,-1130,-910,-590,-209,212,602,927,1156,1258,1223,1057,763,382,-36,-464,-844,-1135,-1311,-1320,-1195,-929,-556,-112,363,786,1126,1337,1391,1283,1034,662,206,-288,-726,-1093,-1329,-1405,-1323,-1084,-718,-276,204,659,1020,1264,1359,1294,1073,735,317,-126,-550,-913,-1153,-1247,-1206,-1027,-733,-367,29,421,745,981,1105,1086,960,723,411,70,-271,-579,-811,-954,-972,-884,-717,-462,-166,148,433,667,815,869,829,701,489,221,-58,-324,-553,-711,-788,-767,-660,-484,-244,8,262,476,638,724,710,623,459,244,6,-228,-435,-586,-659,-653,-571,-420,-220,0,227,414,550,619,609,525,381,189,-24,-232,830,739,-293,651,850,495,579,597,542,421,253,48,-166,-359,-507,-588,-602,-539,-405,-222,-9,203,391,535,613,616,549,410,221,5,-216,-414,-570,-648,-658,-583,-438,-248,-22,213,430,585,684,714,645,510,310,65,-184,-419,-607,-733,-772,-723,-597,-400,-150,120,380,609,767,844,834,715,513,256,-41,-335,-595,-797,-912,-928,-833,-641,-366,-49,274,581,817,975,1014,931,751,477,151,-199,-535,-804,-991,-1054,-1001,-838,-580,-254,95,435,725,941,1047,1028,898,671,370,40,-302,-610,-849,-988,-1029,-948,-773,-519,-201,129,450,716,905,1005,996,881,675,399,75,-265,-579,-824,-992,-1059,-1006,-846,-568,-266,91,444,758,999,1122,1127,1018,788,460,74,-325,-688,-982,-1174,-1233,-1154,-943,-621,-226,202,614,956,1204,1311,1275,1091,771,372,-70,-515,-906,-1199,-1360,-1384,-1227,-929,-534,-80,398,825,1171,1375,1434,1337,1069,698,241,-264,-735,-1123,-1403,-1519,-1455,-1230,-867,-379,145,659,1103,1426,1584,1552,1335,957,452,-94,-645,-1122,-1458,-1624,-1587,-1350,-943,-422,136,683,1139,1448,1566,1485,1228,819,315,-213,-711,-1074,-1318,-1399,-1284,-1027,-647,-203,254,660,966,1149,1185,1071,833,492,103,-286,-631,-888,-1010,-1012,-879,-620,-296,70,420,704,871,899,788,547,230,-124,-430,-634,-700,-609,-404,-158,-643,-236,-35,815,682,-233,-25,249,495,657,690,587,355,41,-286,-570,-775,-864,-803,-628,-352,-14,321,617,844,960,944,802,537,200,-163,-515,-815,-1023,-1102,-1033,-827,-524,-137,278,670,989,1190,1250,1152,903,538,95,-367,-803,-1143,-1350,-1401,-1258,-967,-555,-61,449,916,1272,1470,1496,1332,1016,562,39,-493,-969,-1342,-1524,-1541,-1384,-1051,-576,-40,511,974,1335,1537,1550,1387,1059,601,72,-454,-925,-1287,-1492,-1513,-1365,-1063,-630,-138,366,821,1171,1387,1426,1323,1061,680,248,-227,-659,-1008,-1245,-1343,-1279,-1084,-770,-372,70,493,853,1119,1255,1256,1123,864,515,113,-306,-671,-972,-1161,-1223,-1156,-961,-666,-296,425,499,841,1094,1234,1233,1092,836,492,89,-325,-716,-1029,-1231,-1296,-1223,-999,-678,-258,188,616,985,1242,1368,1329,1132,811,393,-79,-541,-945,-1246,-1402,-1387,-1203,-895,-473,-1,472,893,1200,1365,1380,1216,919,518,63,-399,-803,-1106,-1280,-1296,-1176,-917,-548,-133,288,671,958,1131,1179,1086,870,569,199,-176,-519,-798,-970,-1036,-989,-833,-587,-281,56,356,625,817,911,905,795,600,339,49,-237,-494,-699,-813,-827,-753,-591,-366,-106,163,404,601,723,752,699,562,371,125,-123,-351,-539,-658,-697,-652,-530,-342,-118,110,324,497,605,641,597,475,304,95,-127,-327,-485,-583,-605,-560,-80,365
10761,mtk,MTK 7916,4082517078,rx1-tx1,512,0,0,0,-586,-415,-135,176,454,643,696,607,385,76,-246,-523,-693,-717,-598,-349,-29,309,589,740,731,572,292,-50,-378,-632,-759,-725,-539,-231,127,455,687,776,698,473,151,-197,-514,-722,-770,-653,-404,-70,290,581,747,751,592,309,-47,-400,-664,-781,-728,-522,-203,169,500,726,802,708,448,92,-280,-604,-797,-825,-683,-387,-5,378,689,858,843,654,325,-80,-480,-774,-909,-864,-632,-258,156,537,819,940,866,617,239,-184,-561,-834,-943,-846,-580,-205,209,578,824,894,786,525,163,-228,-564,-780,-828,-706,-447,-99,261,553,733,746,606,346,15,-311,-565,-687,-665,-504,-235,0,369,578,670,608,410,130,-178,-453,-625,-665,-569,-348,-49,260,515,666,680,551,309,-2,-321,-579,-711,-702,-557,-295,29,345,590,719,698,539,282,-33,-337,-566,-678,-657,-507,-258,41,322,526,610,574,422,183,-84,-315,-480,-540,-473,-312,-90,154,361,480,484,380,191,-40,-257,-423,-501,-473,-331,-106,136,349,501,556,490,318,80,-172,-399,-552,-593,-518,-341,-102,159,388,542,591,522,359,127,-125,-346,-495,-549,-500,-355,-147,86,289,427,487,451,324,138,-63,-245,-379,-439,-409,-306,-150,30,202,337,411,411,337,214,62,-92,-228,-327,-368,-359,-307,-229,-125,0,0,0,0,0,68,-36,-155,-280,-391,-463,-472,-416,-300,-127,84,295,469,582,603,524,361,129,-140,-394,-584,-682,-664,-522,-280,20,319,569,730,761,642,409,90,-260,-571,-789,-862,-773,-525,-176,204,562,829,935,873,645,285,-132,-523,-828,-993,-958,-738,-391,37,468,798,974,969,779,432,4,-423,-764,-949,-944,-766,-432,-8,417,740,918,917,725,387,-24,-427,-755,-924,-904,-701,-351,63,455,763,909,867,658,316,-96,-481,-765,-891,-832,-608,-264,145,514,776,882,808,565,197,-204,-551,-795,-881,-772,-501,-129,266,608,833,877,734,441,65,-337,-675,-875,-889,-717,-402,-2,400,0,910,901,709,361,-66,-478,-799,-964,-934,-708,-328,114,533,849,999,938,683,292,-163,-585,-885,-1009,-921,-650,-249,209,625,907,999,885,591,175,-281,-677,-930,-984,-839,-523,-93,353,730,952,974,789,435,-7,-444,-784,-965,-949,-731,-357,90,516,831,974,915,664,279,-167,-575,-858,-959,-864,-590,-197,233,617,879,946,815,524,122,-302,-655,-871,-911,-763,-456,-61,333,657,841,841,671,364,-9,-359,-634,-777,-747,-554,-255,73,390,617,700,624,416,137,-170,-436,-599,-631,-518,-286,-6,272,489,591,562,407,151,-127,-369,-534,-591,-509,-306,-37,238,461,589,584,447,0,0,0,0,0,-280,-514,-655,-658,-510,-255,53,357,599,722,680,495,220,-110,-424,-659,-747,-676,-470,-159,188,493,698,761,663,422,91,-257,-557,-735,-759,-630,-371,-25,328,606,753,743,580,286,-69,-404,-663,-772,-710,-499,-182,167,487,707,778,675,422,80,-279,-587,-762,-777,-621,-328,34,401,681,812,773,571,241,-146,-505,-761,-859,-774,-525,-162,249,608,844,900,767,476,88,-322,-679,-898,-924,-761,-447,-41,377,718,912,920,738,414,5,-403,-725,-897,-893,-706,-381,21,408,703,855,829,637,319,-60,-413,-676,-793,-736,-532,-234,109,437,654,724,642,434,129,-200,-479,-649,0,-562,-331,-29,278,522,651,641,492,238,-66,-362,-581,-675,-633,-459,-178,144,432,629,708,646,449,152,-179,-476,-671,-730,-646,-432,-131,191,472,657,710,620,409,124,-186,-452,-618,-657,-563,-359,-87,190,419,558,565,458,260,12,-227,-413,-502,-479,-348,-138,93,299,445,495,423,258,36,-198,-396,-504,-502,-401,-214,33,276,460,566,557,424,204,-49,-301,-504,-599,-575,-455,-240,19,266,465,566,557,448,254,14,-216,-399,-510,-511,-415,-248,-41,170,342,441,450,375,233,50,-143,-308,-405,-424,-363,-247,-87,88,244,355,405,394,331,222,85,-48,-161,-239,-273,0,0,0,0,0,307,343,341,291,197,59,-115,-290,-432,-526,-554,-494,-349,-146,83,322,521,629,630,529,332,65,-221,-474,-657,-729,-667,-482,-197,134,447,688,814,787,600,298,-60,-420,-712,-880,-887,-728,-431,-47,359,703,921,967,825,529,133,-291,-670,-924,-999,-887,-601,-206,232,620,892,988,882,605,229,-200,-594,-860,-947,-849,-587,-210,211,596,852,939,834,559,178,-247,-621,-862,-924,-802,-523,-138,281,638,861,907,765,470,89,-320,-663,-856,-879,-730,-420,-27,364,679,852,851,682,362,-31,-410,-713,-870,-837,-627,-288,116,489,761,879,819,587,226,-185,-566,-828,-917,-825,0,-171,254,630,884,959,834,540,134,-312,-695,-930,-986,-848,-525,-95,349,730,965,1000,833,490,45,-405,-774,-983,-981,-775,-421,15,444,789,975,951,721,346,-95,-526,-845,-983,-919,-659,-264,185,596,888,996,887,591,179,-265,-660,-919,-988,-846,-527,-93,348,715,941,969,789,454,26,-417,-762,-939,-926,-720,-366,57,467,783,932,885,657,296,-121,-505,-777,-891,-816,-572,-223,169,523,744,816,722,478,142,-212,-511,-700,-729,-600,-354,-38,282,529,652,628,469,214,-80,-348,-540,-611,-538,-348,-88,193,426,561,569,450,228,-44,-301,-498,-589,-541,-377,-129,155,398,0,0
10762,mtk,MTK 7916,4082517078,rx2-tx0,512,0,0,0,393,253,49,-168,-345,-457,-471,-378,-203,18,239,412,497,474,348,143,-94,-315,-471,-524,-462,-302,-67,182,389,522,546,443,239,-17,-275,-479,-580,-553,-408,-168,114,369,557,623,550,352,77,-213,-468,-628,-652,-526,-284,20,333,585,703,670,501,215,-133,-459,-685,-766,-693,-465,-127,250,581,794,839,712,431,46,-352,-687,-883,-896,-722,-395,19,445,784,961,943,734,364,-86,-517,-850,-1014,-965,-719,-332,124,566,891,1032,964,693,282,-182,-611,-915,-1029,-942,-663,-242,223,641,921,1011,897,599,179,-273,-659,-905,-967,-836,-534,-115,321,676,890,919,752,428,23,0,-714,-890,-879,-680,-339,71,464,756,896,844,608,246,-170,-550,-815,-917,-827,-563,-180,243,626,877,938,812,521,114,-321,-695,-929,-971,-818,-496,-66,376,746,970,1000,821,471,27,-422,-791,-1001,-1004,-809,-448,6,459,824,1022,1013,799,424,-32,-481,-838,-1030,-1009,-790,-417,41,494,839,1019,1004,788,421,-30,-476,-813,-986,-974,-773,-423,3,419,742,916,915,738,417,27,-361,-672,-841,-836,-681,-405,-54,303,587,753,764,636,391,75,-247,-508,-669,-700,-598,-388,-110,179,423,592,649,585,421,189,-65,-302,-481,-580,-583,-491,-339,-149,58,236,364,433,440,394,312,0,0,0,0,0,-346,-278,-158,8,194,380,534,619,620,525,336,85,-189,-451,-651,-739,-700,-540,-273,55,387,664,823,837,692,412,47,-343,-686,-912,-971,-849,-555,-146,307,724,1021,1122,1007,703,260,-257,-747,-1095,-1243,-1156,-855,-387,179,727,1147,1351,1300,1006,509,-93,-681,-1150,-1400,-1387,-1107,-615,-1,620,1114,1398,1420,1157,673,68,-550,-1061,-1365,-1398,-1161,-708,-115,494,999,1301,1346,1124,680,113,-470,-953,-1238,-1270,-1055,-637,-98,456,914,1184,1209,986,573,58,-468,-892,-1130,-1132,-907,-504,-5,485,869,1071,1058,829,434,-38,-501,-854,-1025,-982,-744,-359,99,532,847,980,909,657,274,0,-569,-844,-941,-844,-572,-180,243,613,850,911,785,495,103,-301,-642,-854,-879,-718,-416,-25,373,682,844,833,653,338,-51,-422,-698,-825,-781,-577,-252,123,460,698,792,719,493,168,-185,-494,-691,-738,-635,-393,-72,253,514,667,675,532,281,-24,-317,-537,-638,-601,-434,-172,123,380,549,595,511,321,61,-209,-431,-552,-547,-426,-216,43,286,464,541,496,342,121,-128,-344,-478,-509,-428,-248,-13,215,392,487,475,358,161,-67,-278,-427,-480,-428,-284,-80,139,327,439,453,368,204,-5,-209,-362,-436,-414,-303,-120,90,271,389,422,362,223,25,-178,-336,-417,-410,-315,0,0,0,0,0,224,381,459,436,318,126,-89,-294,-443,-491,-434,-282,-62,174,373,492,507,408,222,-14,-255,-442,-534,-514,-375,-154,104,341,502,561,495,320,75,-196,-430,-572,-594,-482,-261,16,299,517,629,604,441,179,-125,-410,-610,-685,-610,-394,-88,241,524,703,731,600,331,-8,-361,-650,-799,-774,-586,-271,108,476,755,883,822,587,229,-190,-580,-857,-957,-855,-577,-173,278,670,924,997,868,556,124,-340,-734,-981,-1026,-858,-518,-78,379,768,1006,1025,835,480,27,-425,-789,-1002,-1005,-795,-434,14,459,806,978,954,736,363,-70,-490,-810,-951,-895,-655,-278,145,534,813,916,0,561,189,-227,-595,-833,-892,-767,-481,-91,321,664,864,887,728,407,1,-408,-738,-916,-905,-701,-347,82,495,806,958,915,684,307,-131,-550,-859,-996,-925,-664,-274,174,600,903,1019,933,657,246,-217,-643,-939,-1041,-924,-631,-215,255,669,953,1042,921,617,190,-271,-677,-957,-1043,-922,-613,-187,264,669,937,1017,909,618,203,-235,-623,-886,-974,-872,-599,-217,197,563,811,900,818,578,227,-155,-491,-725,-816,-753,-544,-230,116,423,643,739,692,518,244,-61,-344,-564,-668,-642,-505,-281,-11,255,471,592,609,525,357,136,-93,-299,-456,-537,-537,-467,-341,-185,-25,106,204,0,0,0,0,0,-222,-356,-466,-527,-519,-437,-283,-71,171,402,583,683,676,552,330,43,-269,-546,-729,-790,-709,-493,-173,189,524,783,901,854,640,297,-118,-531,-859,-1032,-1011,-794,-422,48,530,922,1150,1166,964,563,48,-488,-956,-1248,-1305,-1116,-706,-155,436,950,1294,1398,1231,826,270,-345,-912,-1304,-1437,-1302,-921,-356,274,850,1263,1422,1314,960,414,-216,-792,-1209,-1392,-1292,-938,-410,193,746,1150,1321,1227,897,392,-190,-723,-1103,-1260,-1165,-840,-355,198,709,1063,1191,1081,764,302,-217,-693,-1017,-1127,-1009,-688,-231,262,695,981,1061,927,607,168,-301,-701,-948,-999,-845,-518,-86,354,712,922,0,767,433,7,-417,-742,-911,-891,-689,-344,68,464,761,895,844,617,266,-144,-522,-781,-877,-797,-548,-183,209,555,782,844,730,465,106,-272,-590,-778,-801,-658,-381,-28,329,614,760,740,568,283,-56,-374,-614,-717,-666,-477,-186,136,421,613,668,575,361,82,-213,-460,-599,-606,-482,-252,27,293,484,570,538,384,146,-121,-356,-509,-548,-467,-284,-37,210,405,509,501,385,186,-56,-285,-443,-504,-455,-304,-96,137,341,466,483,398,230,13,-212,-382,-464,-444,-329,-139,76,268,401,447,394,251,57,-150,-321,-414,-418,-333,-172,30,227,368,425,389,265,81,-123,-291,0,0
10763,mtk,MTK 7916,4082517078,rx2-tx1,512,0,0,0,-90,-17,60,119,151,140,99,44,-21,-85,-124,-137,-122,-84,-30,33,90,134,144,127,88,28,-35,-88,-125,-139,-131,-100,-51,5,60,105,128,127,113,84,39,-14,-63,-102,-128,-135,-124,-93,-49,3,56,108,151,168,155,122,64,-3,-76,-148,-202,-224,-208,-150,-66,35,140,228,275,275,226,136,13,-131,-251,-325,-348,-308,-208,-64,106,263,370,408,376,271,102,-91,-269,-403,-460,-426,-313,-143,57,247,399,482,472,360,179,-36,-250,-413,-492,-481,-373,-192,22,235,398,481,471,366,184,-36,-246,-407,-484,-462,-346,-159,68,276,418,480,441,310,118,0,-323,-468,-510,-446,-284,-61,176,386,524,553,465,279,26,-234,-447,-585,-603,-498,-292,-21,270,509,646,661,540,307,5,-304,-562,-707,-718,-588,-327,3,336,608,770,772,617,345,-1,-361,-654,-826,-835,-678,-392,-12,386,703,882,895,742,436,39,-368,-713,-915,-951,-808,-504,-99,326,690,925,985,862,571,167,-259,-637,-900,-994,-901,-637,-254,163,547,834,950,885,668,329,-73,-449,-734,-888,-872,-689,-390,-24,344,630,787,817,703,451,124,-209,-491,-681,-754,-692,-504,-240,58,341,559,678,674,556,361,118,-135,-358,-512,-591,-585,-496,-351,-177,-1,149,253,305,0,0,0,0,0,-52,-17,36,99,160,208,231,227,187,109,11,-100,-202,-269,-299,-286,-218,-102,36,173,290,365,372,311,190,27,-150,-311,-427,-466,-412,-286,-100,121,333,494,577,546,415,200,-62,-331,-558,-687,-690,-568,-334,-31,288,571,773,829,728,499,166,-206,-549,-806,-929,-876,-648,-305,86,473,781,950,954,769,443,30,-394,-741,-958,-999,-849,-547,-146,288,676,928,997,882,606,208,-225,-607,-874,-977,-890,-634,-257,171,562,843,959,884,646,287,-135,-526,-808,-927,-874,-657,-304,113,495,777,916,870,653,319,-82,-470,-759,-896,-858,-651,-327,65,440,725,861,835,645,0,-60,-420,-700,-840,-807,-621,-314,66,425,692,820,778,580,278,-78,-420,-676,-794,-750,-550,-241,113,446,687,785,724,521,206,-155,-473,-697,-790,-724,-505,-186,171,496,723,803,718,494,176,-172,-496,-718,-792,-702,-479,-170,169,472,679,747,668,461,160,-166,-449,-639,-700,-620,-422,-143,159,421,587,635,553,366,103,-167,-390,-537,-573,-487,-308,-76,169,378,499,514,431,261,40,-181,-359,-455,-457,-371,-213,-21,179,333,405,398,319,176,-1,-173,-300,-358,-352,-275,-146,6,153,257,308,299,228,109,-25,-142,-227,-265,-244,-174,-76,34,132,193,212,187,123,45,0,0,0,0,0,-145,-159,-142,-96,-26,43,105,138,140,118,73,11,-57,-110,-133,-136,-109,-59,5,64,110,137,136,109,65,3,-57,-98,-124,-132,-120,-84,-36,13,60,98,125,131,117,88,45,-10,-62,-103,-132,-147,-140,-107,-64,-8,60,124,172,197,185,147,81,-9,-102,-177,-234,-254,-223,-156,-51,77,190,277,316,298,227,108,-42,-191,-306,-373,-374,-298,-164,1,183,330,412,435,370,221,29,-177,-351,-448,-475,-408,-258,-63,151,340,464,494,428,283,82,-135,-331,-461,-497,-440,-297,-86,139,331,458,494,429,273,72,-149,-346,-464,-483,-399,-232,-28,187,375,473,0,377,190,-39,-261,-436,-522,-499,-369,-164,79,318,497,578,544,396,158,-116,-376,-565,-641,-594,-423,-150,151,422,623,700,638,449,167,-166,-466,-675,-755,-691,-484,-174,178,508,736,810,739,517,183,-194,-539,-785,-876,-804,-572,-221,185,562,825,935,870,633,275,-135,-529,-838,-981,-924,-699,-352,73,490,815,986,955,753,429,8,-414,-752,-944,-960,-788,-482,-86,323,657,867,931,809,524,169,-201,-541,-781,-867,-790,-567,-249,102,423,667,792,763,593,327,11,-295,-544,-695,-721,-620,-415,-153,122,371,554,640,625,520,347,128,-89,-279,-417,-489,-494,-438,-339,-221,0,0,0,0,0,-140,-164,-180,-170,-131,-69,9,98,178,240,270,258,208,114,-2,-124,-234,-318,-342,-299,-206,-75,85,239,352,410,395,306,156,-35,-233,-395,-492,-508,-426,-250,-20,222,449,598,643,575,396,129,-170,-444,-654,-760,-722,-548,-268,67,419,699,849,854,705,417,46,-340,-673,-891,-950,-836,-568,-185,234,612,882,988,913,673,302,-130,-538,-847,-1005,-960,-731,-378,44,461,793,969,963,774,433,15,-397,-739,-940,-952,-784,-471,-64,361,707,905,929,781,481,92,-326,-672,-879,-925,-795,-499,-114,288,639,861,908,778,505,128,-269,-608,-828,-887,-767,-502,-142,247,583,0,854,745,489,131,-250,-576,-776,-828,-720,-459,-112,251,560,755,802,689,432,84,-278,-575,-760,-790,-653,-390,-54,305,605,773,783,641,366,18,-330,-618,-781,-785,-635,-355,-9,335,615,773,774,617,346,2,-340,-614,-758,-750,-598,-330,-3,323,579,715,708,560,310,4,-302,-543,-660,-637,-495,-261,23,301,509,600,574,438,219,-43,-294,-472,-545,-509,-376,-172,64,280,434,502,460,325,137,-75,-271,-406,-452,-401,-281,-106,86,245,354,396,354,235,78,-88,-229,-321,-340,-294,-198,-60,84,203,272,285,244,153,35,-82,-178,-229,-232,-190,-108,-5,87,156,191,0,0
10764,mtk,MTK 7916,4082547941,rx0-tx0,512,-195,-164,-303,312,487,621,728,795,819,815,759,665,546,396,221,45,-141,-322,-498,-645,-757,-850,-881,-871,-817,-713,-571,-400,-196,20,251,472,669,838,941,1001,1003,942,825,656,441,199,-58,-306,-548,-745,-900,-992,-1020,-997,-912,-767,-590,-380,-145,90,313,515,682,807,889,918,887,804,684,534,350,158,-46,-234,-418,-572,-679,-747,-781,-762,-707,-612,-486,-329,-169,-4,156,301,437,537,618,654,648,610,542,446,327,184,44,-110,-252,-361,-455,-528,-555,-554,-520,-445,-355,-247,-130,0,127,228,313,373,401,406,385,334,275,205,123,36,-37,-94,-161,-197,-216,-233,-225,-212,-588,-146,-115,-72,-32,0,31,63,89,106,118,113,97,86,61,46,28,9,-17,-36,-48,-55,-62,-50,-33,-20,7,35,59,78,80,88,92,80,48,5,-44,-85,-142,-193,-227,-246,-252,-232,-195,-137,-62,31,132,232,328,409,454,463,446,402,303,178,38,-119,-273,-420,-534,-617,-656,-641,-575,-471,-330,-158,19,204,387,541,650,718,733,693,607,482,319,130,-67,-249,-414,-557,-653,-710,-708,-658,-563,-432,-264,-100,82,245,398,522,596,636,626,574,484,364,218,58,-108,-251,-383,-489,-549,-565,-542,-472,-351,-206,-48,121,271,387,453,457,406,307,175,43,226,128,-8,-436,-462,334,387,383,311,193,26,-155,-320,-457,-549,-596,-573,-493,-369,-209,-24,166,336,486,596,673,690,636,544,413,241,51,-146,-335,-487,-615,-704,-730,-699,-618,-496,-334,-149,34,226,400,523,626,687,681,624,527,396,240,74,-89,-233,-357,-448,-513,-526,-505,-461,-378,-286,-186,-80,26,124,200,246,274,290,282,267,227,188,136,88,51,9,-17,-30,-35,-39,-41,-44,-52,-60,-82,-90,-101,-125,-142,-162,-175,-181,-176,-157,-134,-94,-38,31,104,189,256,310,354,379,386,369,322,251,164,59,-53,-175,-288,-390,-481,-546,-580,-573,-528,-452,-340,-210,-60,102,265,-291,533,635,708,723,695,633,531,383,214,29,-157,-346,-519,-660,-769,-829,-840,-806,-720,-587,-414,-215,-4,207,408,585,728,824,881,881,836,749,616,454,265,58,-151,-358,-541,-701,-820,-893,-928,-912,-844,-739,-591,-405,-198,32,255,478,680,847,963,1028,1045,1001,900,747,544,311,50,-208,-450,-681,-873,-1015,-1116,-1138,-1086,-989,-836,-614,-369,-110,173,442,682,878,1035,1124,1144,1110,1014,857,648,403,138,-144,-413,-652,-847,-1001,-1093,-1119,-1083,-992,-834,-626,-401,-146,124,374,594,785,916,1003,1031,999,909,779,606,403,169,-57,-274,-481,-645,-788,-881,-914,-904,-843,-743,-190,-307,-621,-462,-421,791,687,555,399,226,50,-135,-325,-484,-619,-731,-799,-829,-820,-774,-687,-557,-412,-234,-32,169,373,562,719,845,930,959,936,850,723,538,322,92,-152,-391,-615,-805,-944,-1024,-1036,-997,-890,-728,-525,-287,-45,202,442,646,804,918,968,962,904,801,648,462,258,41,-178,-384,-555,-699,-792,-841,-841,-796,-717,-585,-425,-254,-69,116,279,431,558,648,695,709,680,623,524,405,266,107,-45,-194,-333,-448,-540,-593,-616,-609,-546,-458,-357,-227,-91,39,173,290,377,445,482,493,461,401,328,226,123,22,-79,-164,-228,-278,-313,-318,-293,-268,-232,-171,-122,-63,-3,45,321,112,146,166,160,149,135,118,95,67,40,5,-11,-37,-57,-67,-75,-74,-68,-48,-31,-13,7,31,42,52,57,46,37,18,-6,-32,-64,-101,-126,-146,-154,-158,-142,-99,-43,12,83,159,232,295,336,356,346,314,256,165,48,-75,-201,-328,-449,-521,-565,-565,-529,-448,-329,-179,-2,176,342,490,606,675,700,686,612,479,320,141,-50,-239,-411,-559,-670,-727,-733,-686,-605,-465,-299,-111,81,254,411,544,630,672,671,618,530,396,243,83,-86,-242,-380,-491,-563,-599,-582,-529,-444,-314,-165,-6,147,301,425,502,535,511,434,319,169,5,-144,-264,-332,-347,-350,-420,-320,-106,23,106,-21,-184,-328,-444,-513,-508,-448,-330,-177,7,199,365,503,598,643,627,558,446,293,119,-82,-269,-427,-568,-663,-705,-698,-631,-519,-377,-194,3,199,373,523,639,699,713,680,577,445,297,115,-68,-240,-388,-508,-582,-618,-603,-548,-454,-343,-211,-64,65,188,285,350,397,411,400,363,301,226,156,79,10,-57,-104,-133,-156,-160,-164,-163,-143,-126,-108,-95,-77,-75,-70,-79,-76,-68,-71,-63,-38,-7,29,67,121,169,219,252,282,294,298,276,227,163,89,3,-87,-186,-282,-362,-427,-471,-488,-476,-428,-357,-258,-137,1,149,293,422,521,594,641,647,608,374,435,308,144,-41,-216,-386,-543,-664,-742,-783,-780,-729,-625,-484,-314,-114,86,287,473,632,764,848,884,859,786,667,506,325,122,-89,-286,-481,-649,-774,-856,-887,-883,-835,-739,-598,-422,-227,-21,197,397,583,749,876,954,979,957,894,764,585,364,137,-107,-350,-579,-775,-935,-1043,-1095,-1075,-1004,-879,-692,-478,-227,49,314,557,787,967,1073,1143,1140,1063,933,747,521,251,-24,-287,-548,-779,-959,-1076,-1134,-1134,-1066,-936,-755,-528,-271,-4,254,503,731,897,1013,1081,1076,1004,887,714,503,278,32,-215,-443,-637,-793,-902,-966,-965,-927,-819,-677,-509,-302,-89,121,321,501,-423,-345
10765,mtk,MTK 7916,4082547941,rx0-tx1,512,-172,-696,-560,695,550,373,170,-50,-276,-496,-691,-842,-953,-1011,-1008,-950,-843,-676,-466,-228,37,297,537,756,942,1070,1136,1141,1076,946,764,525,256,-24,-315,-593,-828,-1019,-1157,-1225,-1225,-1149,-1008,-808,-555,-279,17,315,585,828,1029,1167,1230,1234,1169,1027,841,609,332,47,-241,-505,-751,-957,-1098,-1181,-1203,-1157,-1044,-872,-659,-404,-129,143,409,641,845,1000,1093,1132,1112,1030,888,704,481,233,-23,-267,-500,-705,-870,-978,-1041,-1049,-994,-886,-741,-556,-337,-103,130,351,552,720,845,931,968,948,880,766,613,424,222,13,-198,-398,-579,-726,-847,-912,-926,-901,-825,-703,-542,-356,-149,73,-430,498,677,817,915,964,963,899,778,621,422,201,-36,-274,-496,-694,-847,-953,-1001,-993,-919,-790,-618,-407,-175,69,316,539,724,865,953,983,954,871,733,554,333,105,-125,-345,-544,-714,-820,-880,-895,-849,-754,-614,-443,-245,-32,164,347,499,617,698,739,732,688,605,481,343,193,24,-133,-273,-402,-493,-551,-578,-574,-540,-471,-385,-283,-172,-46,76,186,284,357,413,445,453,436,391,325,245,151,58,-36,-128,-207,-272,-323,-351,-362,-349,-317,-265,-205,-130,-50,34,114,190,250,285,306,309,287,246,191,117,29,-54,-133,-197,-240,-259,-249,-211,-152,-81,-5,58,-792,-833,-248,209,684,-215,-282,-306,-288,-230,-136,-13,111,225,325,395,425,421,382,313,222,103,-18,-140,-257,-363,-438,-485,-506,-489,-438,-358,-249,-126,1,138,281,399,498,577,618,614,580,503,391,242,84,-89,-278,-439,-576,-681,-755,-765,-729,-652,-522,-359,-180,39,251,437,613,747,831,862,827,746,613,445,243,28,-187,-392,-572,-709,-802,-840,-823,-763,-650,-495,-317,-121,75,260,437,569,668,726,736,701,625,512,379,231,68,-90,-227,-360,-464,-535,-577,-583,-567,-512,-438,-344,-233,-117,3,117,224,310,385,444,468,477,466,428,379,307,214,118,18,-86,-188,-279,-360,-426,230,-482,-480,-457,-397,-319,-222,-113,1,120,239,342,423,484,518,528,505,451,373,274,155,28,-96,-220,-318,-403,-465,-502,-505,-476,-419,-349,-265,-165,-53,52,147,237,307,364,396,399,387,361,315,254,192,119,55,-15,-83,-139,-192,-233,-264,-282,-294,-289,-276,-258,-233,-199,-155,-106,-49,1,59,120,170,224,277,306,333,348,341,321,289,236,176,100,16,-73,-161,-243,-322,-388,-433,-461,-462,-444,-398,-334,-255,-152,-33,82,201,311,415,503,564,586,591,562,495,408,287,152,-1,-150,-303,-448,-565,-657,-712,-732,-708,-648,-546,-411,-258,-79,114,296,465,610,-1021,-786,-135,438,597,-560,-714,-836,-912,-939,-909,-826,-690,-519,-313,-79,168,399,621,815,956,1054,1087,1053,959,810,608,363,102,-170,-444,-687,-898,-1062,-1155,-1194,-1165,-1060,-891,-674,-411,-125,172,456,714,941,1111,1215,1251,1205,1096,934,712,444,156,-134,-427,-688,-896,-1072,-1183,-1229,-1204,-1114,-962,-747,-500,-234,44,327,586,806,985,1111,1166,1159,1091,963,792,566,317,58,-202,-455,-679,-862,-999,-1078,-1094,-1055,-963,-819,-624,-404,-171,76,317,534,718,867,963,1004,996,937,830,673,484,276,52,-171,-379,-564,-722,-839,-910,-938,-911,-842,-729,-583,-401,-189,20,228,429,607,758,866,932,946,-1099,806,670,498,299,77,-153,-387,-585,-763,-893,-970,-992,-955,-865,-719,-526,-304,-65,176,409,619,794,922,989,1001,953,842,684,486,258,19,-219,-444,-643,-796,-899,-940,-941,-875,-761,-588,-386,-183,39,253,447,609,729,810,830,801,731,615,471,300,117,-66,-234,-391,-513,-594,-647,-662,-631,-577,-489,-369,-240,-99,38,172,286,379,448,495,514,495,453,393,309,215,107,3,-101,-198,-279,-341,-381,-393,-392,-369,-323,-264,-186,-106,-20,69,151,223,277,317,331,329,310,271,208,131,54,-30,-107,-173,-229,-275,-289,-279,-250,-198,-127,-44,39,112,166,197,197,171,-208,-1,-53,-1018,-772,-137,-56,54,163,264,342,380,373,330,259,152,30,-98,-215,-312,-393,-447,-462,-450,-403,-325,-222,-106,20,151,273,382,470,522,547,543,502,417,318,186,30,-126,-278,-418,-534,-622,-669,-696,-660,-571,-455,-312,-130,70,259,441,600,712,794,827,784,704,582,411,212,-9,-229,-428,-601,-736,-829,-862,-843,-765,-633,-471,-276,-66,146,339,519,654,747,792,785,735,640,506,353,176,-6,-179,-337,-466,-562,-627,-659,-643,-599,-527,-418,-296,-155,-15,124,246,344,427,484,517,520,499,453,388,313,218,113,14,-98,-199,-288,-369,-424,-458,-473,-465,-432,-381,-314,-226,-198,-21,79,194,296,382,448,492,510,501,462,396,309,205,85,-39,-167,-279,-379,-457,-510,-525,-515,-474,-407,-321,-213,-97,23,138,238,322,396,448,465,447,411,358,290,218,125,32,-54,-133,-206,-258,-301,-323,-333,-331,-312,-281,-244,-198,-145,-93,-36,22,70,120,166,211,245,272,285,290,292,277,253,224,172,114,59,-12,-87,-154,-226,-286,-339,-382,-405,-406,-386,-349,-295,-221,-133,-33,70,175,273,358,432,497,526,529,507,455,380,277,152,26,-103,-244,-372,-485,-576,-636,-661,-650,-613,-533,-422,-284,-126,43,215,380,531,649,735,786,789,744,663,537,-191,-673
10766,mtk,MTK 7916,4082547941,rx1-tx0,512,7,-1125,-1233,406,501,564,579,559,509,416,286,147,-4,-161,-306,-425,-512,-579,-601,-579,-518,-422,-293,-151,3,167,316,443,547,609,640,625,567,476,352,206,39,-124,-290,-444,-561,-650,-697,-704,-669,-592,-474,-323,-156,25,219,397,545,670,752,794,789,740,642,501,321,126,-84,-295,-489,-657,-796,-888,-918,-899,-823,-694,-515,-305,-78,161,392,607,786,920,996,1015,969,863,697,489,252,-5,-260,-493,-698,-863,-982,-1033,-1023,-952,-830,-653,-436,-202,50,282,508,703,858,960,1008,991,924,806,645,444,214,-17,-246,-466,-653,-808,-927,-989,-1006,-961,-867,-718,-523,-305,-70,181,231,654,832,974,1070,1099,1069,971,815,609,365,87,-196,-475,-725,-942,-1101,-1203,-1226,-1173,-1050,-866,-630,-346,-41,273,572,844,1068,1227,1312,1317,1243,1103,893,617,295,-36,-363,-674,-963,-1189,-1339,-1409,-1403,-1304,-1120,-879,-579,-238,129,482,816,1097,1319,1455,1513,1480,1352,1127,826,482,94,-302,-686,-1040,-1324,-1511,-1597,-1594,-1464,-1253,-941,-560,-158,260,660,1010,1281,1458,1536,1510,1367,1138,838,483,105,-271,-621,-906,-1125,-1255,-1301,-1256,-1122,-916,-652,-359,-42,261,528,756,933,1034,1058,1004,874,688,451,194,-81,-347,-576,-760,-866,-888,-836,-698,-481,-225,39,287,476,583,595,512,543,-76,139,-772,-633,-301,-469,-586,-622,-565,-419,-208,43,294,527,700,816,852,803,684,503,279,17,-242,-484,-694,-869,-963,-994,-953,-827,-651,-425,-148,133,416,688,900,1063,1167,1176,1111,961,742,466,140,-198,-518,-831,-1076,-1251,-1357,-1372,-1277,-1093,-848,-526,-169,195,562,900,1174,1381,1508,1505,1416,1224,953,627,248,-161,-538,-891,-1196,-1405,-1522,-1546,-1469,-1286,-1035,-717,-340,45,428,780,1078,1314,1450,1494,1446,1315,1090,795,471,109,-244,-585,-883,-1117,-1282,-1362,-1356,-1283,-1120,-907,-636,-335,-9,306,595,853,1050,1187,1256,1250,1169,1022,821,563,283,-6,-299,-576,-811,-1007,-1139,-1202,-1204,-1138,-1003,-49,-580,-306,-15,284,555,798,1009,1155,1238,1253,1187,1053,854,600,313,0,-314,-617,-885,-1099,-1263,-1346,-1341,-1249,-1088,-856,-558,-234,115,460,771,1038,1239,1360,1399,1342,1200,991,719,388,39,-308,-630,-913,-1127,-1270,-1332,-1302,-1195,-1023,-787,-502,-193,121,427,701,921,1073,1159,1161,1101,978,789,572,326,53,-207,-444,-660,-825,-933,-980,-971,-905,-784,-626,-426,-211,14,228,429,606,733,814,843,824,754,641,488,304,107,-93,-275,-437,-575,-675,-725,-735,-701,-602,-486,-340,-164,9,183,347,480,581,640,652,628,563,460,317,167,7,-154,-303,-432,-529,-584,-596,-573,-515,-420,-54,-442,-293,500,-138,419,299,154,0,-145,-286,-418,-513,-568,-593,-573,-511,-413,-293,-151,12,170,313,438,529,587,617,600,538,445,317,173,18,-149,-306,-445,-554,-630,-665,-656,-617,-526,-403,-258,-90,84,263,429,567,664,723,753,732,658,549,407,231,41,-152,-344,-526,-676,-784,-841,-857,-821,-731,-598,-426,-209,7,229,443,642,799,904,962,963,902,783,614,400,167,-85,-330,-562,-759,-905,-1002,-1040,-1004,-910,-762,-573,-347,-92,160,405,623,811,935,1012,1019,978,883,735,541,323,86,-156,-387,-595,-762,-894,-972,-997,-969,-886,-753,-583,-375,-148,86,319,534,730,881,985,1039,1036,-568,840,667,467,221,-46,-312,-563,-782,-965,-1097,-1159,-1151,-1073,-936,-740,-496,-211,92,385,659,900,1098,1230,1286,1259,1162,994,759,480,169,-158,-478,-772,-1023,-1218,-1331,-1366,-1324,-1212,-1019,-746,-430,-99,245,588,888,1142,1329,1440,1454,1388,1241,1015,719,369,0,-382,-742,-1068,-1312,-1482,-1564,-1539,-1423,-1205,-905,-536,-145,273,673,1019,1311,1497,1583,1579,1455,1226,902,535,140,-268,-653,-978,-1228,-1380,-1432,-1384,-1245,-1023,-744,-418,-80,257,570,828,1017,1134,1173,1123,1000,815,573,295,9,-277,-532,-737,-884,-957,-965,-888,-739,-531,-271,-3,262,502,681,769,770,675,499,278,38,-166,1065,1207,-35,-74,-438,-398,-277,-88,138,371,569,707,759,724,608,423,197,-62,-314,-546,-731,-860,-918,-898,-809,-658,-449,-193,66,342,595,801,967,1060,1075,1028,895,685,438,138,-172,-475,-753,-987,-1165,-1269,-1267,-1195,-1040,-793,-505,-164,204,563,873,1137,1334,1431,1439,1352,1165,897,578,200,-191,-566,-919,-1194,-1397,-1520,-1536,-1444,-1273,-998,-654,-287,111,503,856,1141,1377,1510,1537,1469,1302,1069,759,401,21,-353,-701,-1004,-1223,-1374,-1437,-1400,-1284,-1096,-847,-549,-218,113,441,738,984,1168,1277,1313,1261,1148,965,722,446,146,-161,-452,-713,-932,-1099,-1187,-1221,-1187,-1079,-912,-696,-429,-144,146,432,691,425,1072,1177,1224,1190,1087,932,718,454,171,-140,-438,-709,-945,-1130,-1251,-1297,-1265,-1156,-975,-736,-451,-122,215,536,823,1078,1262,1364,1389,1314,1159,933,649,322,-31,-387,-708,-982,-1203,-1342,-1386,-1342,-1216,-1016,-751,-455,-116,225,537,810,1030,1183,1252,1248,1169,1017,799,541,249,-43,-317,-577,-788,-944,-1049,-1078,-1029,-938,-799,-611,-387,-143,103,337,535,698,818,890,908,867,777,639,465,267,58,-152,-344,-513,-646,-740,-783,-778,-723,-629,-496,-328,-146,38,225,391,516,627,681,693,667,592,474,334,175,5,-163,-318,-455,-546,-603,-622,-599,-534,-439,-309,-161,-3,144,290,411,803,653
10767,mtk,MTK 7916,4082547941,rx1-tx1,512,0,0,0,-360,-585,-643,-505,-202,168,480,664,661,448,92,-290,-586,-717,-640,-372,18,407,675,741,590,267,-141,-507,-719,-721,-505,-132,280,608,754,682,405,2,-404,-687,-764,-604,-266,145,513,725,721,493,110,-301,-620,-748,-657,-359,59,453,709,757,568,198,-232,-589,-768,-718,-446,-29,393,703,808,664,315,-132,-547,-804,-817,-583,-175,295,681,865,796,485,22,-454,-799,-907,-753,-376,112,569,865,911,683,254,-244,-669,-903,-871,-594,-145,347,729,897,810,494,34,-426,-755,-854,-700,-349,95,496,750,782,593,230,-201,-554,-731,-690,-447,-74,318,599,698,594,307,-70,0,-629,-643,-459,-145,206,501,654,599,354,6,-344,-587,-656,-536,-251,125,460,652,660,479,150,-234,-546,-688,-646,-418,-57,311,590,708,619,344,-19,-365,-611,-675,-548,-273,77,403,596,613,462,173,-162,-424,-546,-507,-324,-47,236,443,504,409,187,-84,-323,-463,-451,-291,-42,221,409,479,410,201,-85,-349,-504,-505,-364,-113,184,428,558,531,347,63,-240,-472,-581,-528,-320,-32,264,488,572,494,282,-1,-275,-468,-529,-445,-238,31,282,446,475,376,183,-58,-274,-406,-422,-324,-140,82,277,388,401,304,129,-72,-256,-373,-397,-331,-195,-28,137,260,319,315,258,0,0,0,0,0,-46,-188,-313,-400,-418,-351,-198,10,239,435,544,532,401,155,-135,-399,-584,-631,-516,-265,62,387,619,701,602,332,-35,-397,-671,-773,-659,-374,22,432,729,837,726,406,-43,-487,-794,-898,-771,-424,54,520,856,971,814,439,-55,-540,-886,-987,-816,-412,93,575,902,971,769,354,-163,-623,-909,-928,-682,-252,248,678,912,880,589,134,-350,-735,-911,-821,-485,-15,461,794,902,749,368,-110,-555,-843,-880,-659,-244,233,641,860,830,552,114,-352,-716,-864,-758,-433,17,461,778,863,687,302,-165,-588,-835,-832,-587,-164,310,696,887,811,491,24,-458,-806,-915,-764,-383,0,599,890,933,703,260,-265,-719,-965,-931,-629,-138,400,818,992,891,533,15,-511,-880,-995,-820,-414,126,633,945,979,731,266,-278,-738,-979,-924,-600,-96,434,827,988,855,460,-66,-568,-899,-961,-749,-309,231,700,961,935,633,144,-391,-804,-968,-858,-492,28,531,864,944,749,335,-181,-641,-909,-905,-630,-170,340,740,927,839,498,11,-460,-797,-905,-744,-373,106,543,800,815,594,205,-237,-596,-777,-724,-456,-62,332,618,712,590,294,-82,-419,-619,-614,-428,-116,223,483,593,515,269,-57,-358,-542,-562,-401,-111,212,459,562,494,267,-50,-348,-541,-569,-415,-130,198,0,0,0,0,0,522,260,-90,-429,-634,-651,-484,-163,221,540,696,646,402,37,-342,-627,-730,-613,-310,87,458,695,731,553,209,-199,-562,-755,-716,-459,-69,330,633,754,640,337,-69,-456,-707,-743,-554,-194,223,571,755,703,434,34,-373,-662,-754,-616,-282,144,525,740,737,508,115,-315,-652,-792,-694,-385,48,473,759,814,624,240,-228,-624,-834,-810,-535,-92,374,736,889,770,425,-44,-508,-833,-912,-720,-318,176,624,892,904,645,198,-291,-698,-904,-840,-538,-81,393,751,891,769,427,-28,-464,-753,-828,-655,-295,135,520,744,743,523,151,-253,-573,-719,-648,-379,-4,363,612,678,0,226,-146,-468,-638,-618,-412,-77,281,554,657,559,295,-57,-395,-619,-660,-504,-196,176,501,679,663,448,93,-281,-578,-714,-638,-378,-18,352,613,694,578,307,-45,-380,-600,-646,-503,-216,126,422,585,567,385,100,-197,-428,-538,-476,-265,20,293,458,470,348,121,-150,-374,-473,-420,-231,35,288,462,506,391,147,-140,-390,-532,-522,-353,-80,218,463,577,524,329,45,-258,-488,-575,-505,-307,-20,282,491,551,471,261,-15,-272,-454,-507,-414,-214,38,267,414,451,351,151,-78,-275,-398,-408,-303,-122,87,272,383,394,312,158,-34,-212,-334,-379,-346,-246,-107,35,151,0,0,0,0,0,302,288,208,62,-119,-297,-435,-499,-460,-308,-78,181,419,571,588,461,218,-95,-394,-600,-659,-549,-299,43,385,634,728,624,355,-22,-410,-698,-809,-696,-386,31,452,763,870,749,415,-38,-494,-826,-937,-791,-428,57,535,870,972,815,425,-84,-573,-906,-987,-800,-390,136,616,909,950,730,306,-207,-654,-907,-901,-639,-197,300,706,901,844,542,82,-408,-774,-909,-779,-433,45,504,817,892,703,312,-169,-603,-859,-856,-605,-179,297,683,867,799,494,45,-416,-744,-859,-723,-375,94,534,813,853,637,232,-240,-644,-855,-817,-536,-87,386,754,907,784,431,-47,-527,-858,0,-736,-323,183,643,919,928,670,200,-328,-756,-976,-916,-579,-77,449,853,1007,862,466,-61,-581,-935,-1009,-789,-341,200,684,967,960,673,191,-348,-781,-984,-901,-540,-20,501,874,992,813,387,-145,-627,-931,-957,-695,-229,308,748,966,895,558,57,-459,-834,-967,-813,-415,105,595,900,937,707,258,-264,-695,-924,-880,-565,-92,396,767,912,787,426,-50,-505,-802,-855,-660,-283,173,568,790,783,543,145,-287,-620,-751,-652,-369,11,384,625,675,516,203,-160,-457,-609,-570,-352,-25,296,513,576,461,193,-130,-407,-552,-523,-332,-37,274,499,565,451,197,-123,-411,-572,-559,0,0
10768,mtk,MTK 7916,4082547941,rx2-tx0,512,0,0,0,296,426,433,304,82,-171,-383,-481,-426,-238,24,286,460,493,378,145,-140,-382,-506,-478,-303,-30,259,470,541,446,203,-107,-386,-553,-552,-383,-99,222,482,598,530,292,-41,-366,-577,-620,-473,-165,196,496,650,605,372,20,-349,-620,-706,-574,-260,138,506,725,720,497,119,-309,-655,-808,-715,-399,37,472,787,872,687,293,-190,-632,-892,-888,-623,-168,350,766,961,880,538,23,-497,-872,-998,-836,-422,117,625,945,1002,769,299,-256,-732,-995,-966,-658,-159,381,810,1007,900,532,19,-504,-872,-983,-810,-398,127,604,897,924,683,245,-261,-685,-899,-848,-545,-79,402,0,904,760,391,-85,-533,-824,-869,-648,-235,243,654,876,825,523,63,-417,-774,-905,-772,-408,85,556,867,927,714,287,-224,-676,-932,-917,-633,-155,372,786,976,890,539,23,-503,-885,-1009,-846,-438,98,602,935,1004,771,314,-225,-702,-980,-972,-686,-198,345,788,1006,945,605,91,-441,-850,-1018,-893,-519,-4,511,877,991,829,433,-72,-554,-876,-939,-744,-353,135,580,847,867,652,265,-188,-576,-795,-791,-568,-197,221,570,749,717,489,129,-248,-543,-687,-638,-415,-90,249,517,643,596,388,83,-230,-475,-600,-576,-406,-144,136,377,524,546,453,276,59,-146,-297,-372,-371,0,0,0,0,0,-229,-71,121,326,495,578,538,372,105,-199,-473,-653,-678,-532,-252,106,456,700,766,626,319,-85,-488,-772,-861,-715,-361,103,560,880,968,789,384,-144,-645,-990,-1083,-870,-405,185,740,1117,1192,935,409,-238,-838,-1220,-1271,-980,-407,303,940,1320,1343,996,370,-360,-1002,-1372,-1373,-992,-329,427,1056,1395,1347,933,261,-489,-1098,-1392,-1293,-834,-154,569,1128,1367,1212,723,36,-653,-1146,-1312,-1101,-585,92,735,1163,1255,980,434,-220,-805,-1153,-1158,-830,-270,358,867,1129,1061,683,113,-474,-917,-1087,-942,-532,24,566,939,1032,816,367,-179,-663,-946,-947,-676,-204,323,746,944,866,0,44,-446,-798,-914,-758,-375,114,564,842,873,642,217,-267,-663,-863,-809,-516,-73,390,732,850,716,370,-80,-500,-770,-812,-606,-227,213,590,782,740,486,85,-340,-652,-761,-643,-341,60,438,678,708,529,194,-197,-516,-668,-627,-395,-40,318,568,639,515,242,-103,-414,-588,-576,-391,-90,231,475,571,490,255,-53,-336,-518,-534,-379,-110,187,422,523,466,265,-19,-290,-468,-499,-372,-133,144,374,487,446,271,12,-254,-434,-475,-372,-157,103,327,451,436,284,43,-206,-384,-443,-366,-177,66,288,414,409,279,59,-175,-350,-419,-358,-179,57,273,400,401,279,66,-171,0,0,0,0,0,-333,-135,116,336,453,431,280,37,-225,-418,-480,-397,-191,80,334,487,489,342,87,-202,-430,-531,-474,-265,28,310,506,548,420,154,-164,-436,-579,-544,-340,-28,304,542,613,498,236,-106,-428,-627,-626,-428,-97,269,560,684,599,327,-59,-430,-673,-718,-544,-190,226,582,774,729,465,49,-395,-725,-840,-710,-362,113,561,841,876,651,226,-275,-706,-939,-895,-583,-98,419,827,994,865,482,-46,-569,-920,-1007,-801,-359,190,683,976,981,704,224,-322,-777,-1004,-939,-605,-89,444,840,993,853,467,-47,-544,-883,-960,-745,-317,195,647,907,895,618,161,-336,-725,-899,-804,0,-4,465,787,872,697,307,-176,-605,-854,-847,-582,-147,333,718,891,804,473,-4,-476,-811,-916,-747,-342,164,624,904,920,669,220,-299,-741,-972,-913,-584,-89,434,834,1001,876,494,-34,-548,-902,-997,-812,-383,164,658,957,989,733,259,-287,-752,-1001,-956,-642,-149,391,818,1016,923,563,42,-485,-863,-1001,-857,-471,44,539,881,967,782,389,-105,-566,-863,-909,-706,-314,160,581,821,826,612,231,-208,-574,-769,-746,-519,-156,239,556,714,675,447,108,-250,-534,-669,-615,-400,-83,244,498,617,573,386,108,-195,-437,-569,-560,-425,-205,51,282,436,491,443,319,159,-6,0,0,0,0,0,-333,-440,-468,-395,-232,4,269,496,625,622,467,190,-147,-464,-676,-723,-585,-288,92,465,733,811,669,341,-94,-520,-823,-906,-746,-380,117,599,934,1025,837,404,-158,-696,-1058,-1135,-901,-413,210,797,1171,1232,953,403,-269,-883,-1274,-1317,-990,-388,327,971,1354,1356,989,352,-394,-1034,-1395,-1367,-960,-290,459,1082,1398,1328,891,207,-532,-1118,-1384,-1264,-796,-101,612,1142,1343,1168,658,-33,-701,-1162,-1280,-1040,-511,163,781,1156,1203,906,350,-292,-847,-1146,-1109,-755,-194,412,894,1111,1002,606,43,-529,-935,-1062,-882,-451,109,630,954,993,746,288,-248,-707,-947,-909,-609,-131,386,0,927,807,455,-39,-513,-824,-893,-699,-297,187,615,863,850,582,146,-327,-699,-861,-765,-442,9,449,752,832,666,302,-145,-551,-786,-780,-551,-160,278,623,776,699,412,13,-384,-664,-739,-586,-267,122,478,678,670,461,115,-261,-545,-660,-573,-318,29,362,576,612,460,166,-175,-451,-588,-542,-322,-14,285,496,550,433,185,-119,-384,-521,-499,-325,-49,237,446,516,423,200,-84,-337,-478,-473,-324,-72,200,406,482,411,214,-48,-295,-446,-459,-332,-105,150,359,457,409,234,-11,-248,-408,-436,-325,-120,121,323,417,384,234,6,-222,-377,-414,-325,-128,114,319,417,385,0,0
10769,mtk,MTK 7916,4082547941,rx2-tx1,512,0,0,0,-154,-158,-113,-36,46,117,146,128,77,2,-73,-120,-133,-108,-45,29,92,130,129,98,38,-40,-108,-137,-125,-88,-33,34,92,121,121,97,47,-15,-76,-114,-119,-111,-79,-20,41,93,132,136,109,65,4,-69,-134,-166,-164,-119,-40,50,137,198,214,173,86,-28,-149,-242,-275,-232,-122,21,168,278,322,277,157,-14,-190,-319,-367,-322,-185,15,219,367,416,355,191,-39,-254,-401,-448,-379,-197,49,281,431,467,376,178,-73,-315,-470,-483,-358,-145,108,338,475,468,325,98,-164,-375,-477,-448,-286,-41,209,399,468,398,214,-32,-276,-438,-464,-348,-126,132,0,481,458,297,48,-224,-445,-525,-453,-249,35,315,515,566,441,180,-136,-420,-590,-590,-427,-130,214,508,665,632,412,72,-299,-594,-718,-642,-377,4,389,670,759,630,322,-84,-479,-746,-809,-635,-276,163,571,830,853,626,228,-235,-643,-882,-872,-612,-180,312,720,933,892,599,133,-373,-775,-970,-903,-589,-110,399,795,972,891,570,87,-412,-791,-950,-857,-534,-63,418,779,924,809,487,47,-401,-739,-872,-769,-458,-31,387,689,813,722,444,55,-338,-626,-747,-678,-430,-71,288,560,689,644,437,131,-193,-464,-617,-622,-487,-251,27,281,462,533,496,373,195,14,-135,0,0,0,0,0,0,68,136,189,211,189,122,21,-100,-205,-271,-281,-219,-98,47,191,300,335,280,153,-20,-203,-344,-395,-346,-205,5,226,397,472,418,249,3,-263,-471,-567,-513,-308,-12,301,552,674,615,375,36,-325,-623,-769,-712,-456,-63,358,692,852,793,523,103,-359,-730,-913,-864,-584,-139,356,755,954,902,610,147,-364,-772,-976,-926,-622,-151,366,785,982,911,596,117,-393,-792,-966,-878,-552,-73,421,796,959,852,497,20,-458,-811,-927,-787,-431,47,509,829,908,732,352,-122,-564,-840,-884,-682,-290,178,602,855,854,624,221,-248,-641,-845,-818,-553,-134,311,672,845,0,483,55,-382,-703,-819,-700,-388,36,449,724,790,631,289,-135,-521,-752,-761,-552,-183,240,591,768,721,471,85,-329,-651,-782,-686,-389,22,426,699,780,644,315,-112,-501,-740,-767,-578,-229,184,539,744,741,522,151,-258,-585,-734,-680,-433,-64,315,595,709,624,362,2,-349,-596,-661,-540,-264,81,390,582,601,442,166,-152,-421,-560,-530,-356,-88,207,429,518,462,269,3,-256,-431,-478,-391,-193,59,277,409,430,321,120,-106,-294,-389,-370,-252,-65,134,284,350,308,181,9,-159,-275,-308,-246,-119,27,164,253,258,190,72,-59,-166,-218,-202,-131,-28,78,158,0,0,0,0,0,57,-37,-112,-148,-143,-91,-16,63,119,139,115,63,-10,-86,-130,-131,-97,-36,37,98,131,132,97,31,-43,-105,-139,-138,-103,-41,29,82,110,121,100,53,0,-54,-105,-132,-120,-87,-41,19,84,135,154,131,91,28,-63,-144,-187,-183,-134,-63,37,146,216,234,200,107,-25,-158,-259,-288,-241,-134,14,174,297,343,297,166,-16,-208,-350,-401,-341,-185,25,232,378,433,365,186,-40,-259,-419,-466,-376,-186,58,295,447,471,368,160,-97,-329,-471,-481,-358,-131,129,349,470,456,308,73,-177,-385,-474,-415,-237,0,246,421,466,376,174,-86,-316,-455,-458,0,-91,181,397,497,452,271,2,-279,-483,-548,-450,-219,87,379,559,584,443,167,-164,-455,-629,-620,-418,-101,253,546,692,636,394,35,-340,-632,-743,-643,-356,45,437,711,788,643,310,-121,-520,-781,-824,-633,-253,205,610,850,854,617,192,-286,-694,-915,-884,-606,-164,330,747,962,902,599,133,-368,-774,-968,-887,-565,-102,405,799,964,871,544,76,-416,-791,-938,-827,-510,-60,404,749,892,794,483,51,-385,-712,-844,-745,-450,-45,368,681,792,695,418,49,-318,-597,-722,-660,-434,-103,242,518,654,631,464,190,-125,-393,-553,-591,-500,-317,-91,134,309,404,415,348,0,0,0,0,0,-157,-153,-124,-60,28,122,204,248,239,175,66,-69,-198,-287,-309,-255,-134,30,191,314,359,305,172,-15,-213,-365,-428,-376,-223,-1,244,439,517,458,278,9,-280,-513,-621,-559,-345,-27,317,595,719,653,409,43,-350,-675,-832,-760,-489,-90,347,715,895,831,550,116,-364,-745,-942,-895,-600,-141,355,772,975,912,610,145,-364,-769,-973,-918,-621,-148,377,793,980,901,585,104,-405,-800,-968,-871,-537,-51,446,804,942,824,467,-24,-495,-824,-921,-762,-395,82,537,836,894,702,321,-156,-581,-846,-875,-658,-252,219,620,846,843,597,177,-288,-662,-853,-801,-528,-107,0,689,830,731,426,0,-420,-723,-815,-668,-341,77,478,739,780,591,237,-183,-553,-755,-740,-510,-132,281,616,776,701,427,23,-387,-678,-778,-656,-342,67,466,732,782,610,263,-156,-527,-744,-757,-553,-189,225,573,755,719,485,116,-287,-600,-727,-642,-389,-29,336,598,683,578,312,-38,-366,-581,-629,-491,-209,124,408,567,565,402,124,-183,-426,-543,-498,-309,-42,229,438,508,423,224,-25,-265,-424,-455,-355,-154,86,288,397,394,282,88,-122,-287,-364,-337,-217,-40,148,284,329,281,154,-13,-161,-256,-279,-219,-98,44,167,236,233,164,52,-68,-164,-207,-181,-116,0,0
10770,mtk,MTK 7916,4082597934,rx0-tx0,512,-195,-54,107,788,817,795,717,606,457,269,90,-108,-301,-475,-620,-724,-787,-802,-778,-702,-570,-411,-227,-14,207,424,607,755,870,923,909,839,701,511,269,17,-245,-490,-704,-877,-981,-1014,-964,-845,-682,-455,-193,69,336,577,759,887,960,955,887,750,579,359,117,-115,-343,-530,-682,-801,-856,-840,-775,-650,-494,-298,-94,108,307,473,601,685,718,713,650,552,422,266,90,-85,-245,-391,-501,-571,-619,-608,-555,-477,-364,-236,-94,57,203,339,427,495,526,499,452,369,255,144,10,-115,-212,-296,-358,-381,-374,-341,-282,-207,-123,-43,35,97,156,195,216,216,196,167,133,97,-588,20,-21,-41,-63,-80,-87,-86,-81,-77,-66,-50,-39,-21,0,13,24,24,31,30,20,10,0,-20,-36,-44,-44,-41,-29,-9,17,40,70,106,139,159,168,158,124,84,26,-55,-140,-214,-290,-338,-361,-356,-322,-242,-142,-12,127,268,397,491,557,573,543,451,313,147,-46,-235,-403,-556,-666,-709,-695,-616,-482,-319,-118,107,311,505,648,735,773,727,624,476,287,82,-128,-334,-514,-639,-710,-729,-678,-571,-432,-253,-60,145,322,468,579,635,633,588,497,352,194,18,-159,-316,-449,-536,-573,-566,-495,-370,-222,-52,126,287,410,479,474,414,297,147,-10,-139,-505,-378,-8,625,884,222,121,-34,-200,-350,-467,-511,-501,-415,-263,-92,108,293,449,560,614,618,548,422,268,65,-143,-325,-485,-609,-669,-674,-627,-512,-353,-153,48,244,426,575,659,695,673,579,441,272,78,-115,-289,-437,-550,-613,-617,-564,-470,-344,-190,-36,117,254,357,426,452,431,395,324,225,141,41,-55,-128,-176,-213,-222,-207,-192,-168,-127,-88,-64,-39,-23,-11,-6,-8,-8,-7,3,10,31,63,103,129,171,201,221,217,201,167,112,43,-31,-118,-200,-289,-346,-385,-396,-382,-338,-263,-163,-43,84,208,334,432,517,559,553,511,434,314,163,-6,-176,-338,-488,-596,-671,-291,-674,-594,-482,-323,-130,71,268,457,605,711,783,794,752,642,494,296,78,-150,-354,-537,-709,-819,-868,-851,-775,-650,-478,-265,-40,188,406,590,722,821,859,846,780,672,508,313,108,-113,-327,-526,-701,-834,-905,-916,-874,-775,-631,-445,-208,41,293,531,731,876,976,1019,987,879,716,500,258,-11,-283,-549,-763,-934,-1050,-1097,-1064,-954,-774,-537,-263,17,303,568,793,983,1089,1110,1072,956,764,529,253,-40,-326,-607,-823,-984,-1075,-1097,-1045,-920,-718,-486,-222,64,339,593,789,932,1010,1019,956,830,652,435,185,-74,-318,-537,-716,-829,-904,-909,-858,-754,-593,-401,-182,306,444,-621,586,843,239,31,-176,-363,-520,-662,-748,-791,-795,-737,-639,-503,-338,-148,44,241,432,598,722,816,855,838,764,636,478,272,32,-207,-438,-652,-824,-930,-979,-961,-865,-707,-494,-238,32,303,539,740,899,971,982,933,804,614,391,146,-106,-348,-563,-729,-849,-897,-897,-832,-703,-537,-335,-105,119,325,510,649,749,782,772,713,601,455,278,95,-99,-281,-428,-548,-627,-668,-656,-610,-522,-389,-245,-87,82,224,354,459,528,567,559,523,438,325,199,45,-98,-212,-331,-402,-450,-466,-427,-367,-294,-196,-89,18,119,203,260,292,295,278,246,205,145,83,23,-26,-65,-100,-127,321,-141,-131,-110,-100,-78,-50,-25,-1,16,37,47,51,61,57,52,35,25,11,-6,-18,-19,-22,-19,-8,6,19,39,59,76,83,86,86,71,34,-8,-56,-115,-170,-210,-247,-261,-241,-211,-157,-72,25,133,247,348,422,470,470,430,343,221,72,-95,-261,-420,-542,-630,-659,-621,-539,-416,-236,-26,181,386,544,667,745,748,686,572,396,201,-18,-239,-424,-582,-693,-742,-735,-664,-537,-361,-171,36,242,413,553,653,692,674,592,474,320,131,-50,-222,-385,-504,-576,-604,-574,-499,-381,-227,-62,112,283,416,502,543,520,436,308,139,-33,-191,-315,-378,-374,-312,328,457,-320,121,-76,-262,-362,-413,-391,-307,-165,14,190,369,490,561,577,515,399,237,54,-141,-332,-478,-595,-663,-652,-583,-466,-302,-104,93,296,471,607,679,693,654,559,401,214,22,-183,-367,-513,-616,-663,-652,-586,-474,-321,-137,43,209,348,466,534,545,519,447,346,224,80,-42,-149,-246,-298,-331,-343,-315,-261,-203,-145,-74,-20,26,65,98,101,106,93,83,76,71,71,75,81,90,95,114,125,112,93,71,29,-24,-87,-144,-202,-257,-294,-315,-301,-273,-218,-140,-50,63,171,273,359,429,470,480,453,381,286,171,25,-127,-268,-404,-519,-598,-632,-617,-567,-462,-315,-142,374,224,386,539,663,731,740,711,627,478,307,105,-106,-320,-510,-667,-778,-839,-830,-759,-649,-489,-277,-58,176,388,579,733,832,871,856,778,640,472,276,61,-157,-369,-560,-722,-820,-876,-880,-823,-720,-572,-378,-153,74,308,518,701,846,939,960,931,828,673,477,250,-9,-284,-535,-750,-911,-1016,-1065,-1039,-934,-749,-535,-274,7,299,565,795,963,1069,1108,1074,951,778,547,263,-25,-315,-591,-815,-982,-1086,-1107,-1063,-940,-742,-509,-235,49,325,585,797,946,1041,1056,1001,875,685,456,195,-75,-336,-568,-756,-891,-966,-966,-907,-795,-620,-408,-179,66,289,497,664,776,846,530,432
10771,mtk,MTK 7916,4082597934,rx0-tx1,512,-172,-215,-376,-4,-234,-458,-660,-815,-931,-977,-954,-868,-710,-497,-258,9,279,536,764,949,1057,1102,1068,951,775,534,257,-31,-334,-623,-871,-1056,-1171,-1203,-1140,-1011,-815,-547,-235,82,403,701,943,1119,1223,1240,1169,1018,799,521,211,-117,-430,-713,-950,-1115,-1208,-1232,-1159,-1010,-791,-524,-239,81,392,665,894,1058,1153,1182,1122,992,797,553,276,-23,-312,-592,-825,-992,-1090,-1121,-1082,-968,-789,-569,-310,-28,245,499,721,891,999,1047,1030,931,785,579,345,90,-164,-401,-613,-786,-904,-965,-960,-887,-773,-611,-402,-179,61,290,496,677,811,896,923,886,797,660,476,266,34,-206,-429,-627,-430,-907,-949,-929,-856,-722,-535,-309,-60,201,439,657,834,949,997,973,881,735,524,272,6,-263,-514,-716,-879,-976,-1004,-952,-833,-655,-438,-182,83,345,572,755,884,943,936,856,716,536,313,68,-165,-405,-598,-734,-824,-842,-806,-716,-572,-396,-197,12,216,396,525,629,681,682,635,550,434,297,144,-23,-177,-310,-421,-496,-542,-545,-507,-446,-353,-248,-126,5,129,235,330,387,426,439,412,361,295,204,104,3,-97,-192,-264,-323,-354,-360,-342,-304,-240,-156,-66,27,108,188,253,293,313,304,271,216,146,56,-40,-128,-198,-245,-267,-260,-215,-147,-72,13,85,130,92,-18,-248,-282,-766,-222,-170,-71,48,168,279,361,399,385,326,235,113,-30,-161,-277,-376,-441,-465,-454,-408,-314,-198,-72,67,214,336,438,508,540,537,486,399,273,127,-34,-201,-359,-493,-592,-651,-660,-632,-537,-397,-233,-42,170,363,534,675,761,783,749,657,513,323,105,-117,-345,-540,-697,-803,-845,-820,-731,-595,-402,-183,60,286,475,650,751,807,806,733,616,447,248,38,-170,-352,-509,-627,-691,-707,-678,-592,-474,-324,-154,15,173,323,436,520,577,582,550,487,395,286,152,25,-96,-221,-322,-399,-457,-477,-474,-440,-386,-313,-220,-120,-10,104,211,302,379,444,471,472,448,230,310,210,96,-26,-160,-276,-376,-457,-503,-517,-501,-451,-367,-249,-124,18,155,279,386,465,518,530,507,444,357,238,113,-17,-152,-265,-357,-425,-454,-458,-435,-382,-306,-218,-118,-17,82,166,239,296,334,348,345,321,285,241,176,116,52,-19,-80,-142,-198,-233,-265,-279,-295,-293,-269,-237,-201,-149,-91,-21,56,127,205,269,320,358,374,374,351,305,237,157,58,-46,-153,-247,-347,-423,-471,-497,-482,-442,-374,-279,-165,-35,101,238,361,469,551,596,604,578,501,395,265,106,-61,-228,-390,-529,-638,-703,-723,-700,-623,-504,-344,-161,36,237,427,597,727,807,831,1334,1003,-135,-295,-185,-901,-878,-807,-668,-479,-253,4,255,496,716,882,997,1043,1013,913,751,527,261,-18,-310,-578,-818,-1007,-1114,-1150,-1118,-998,-801,-545,-252,66,379,663,915,1106,1208,1230,1170,1024,804,535,227,-103,-423,-716,-954,-1126,-1223,-1238,-1168,-1020,-802,-524,-226,95,412,693,927,1088,1187,1215,1141,999,796,538,252,-58,-363,-633,-861,-1026,-1129,-1149,-1099,-983,-795,-554,-288,-5,281,550,771,939,1050,1084,1048,948,787,577,331,71,-203,-452,-671,-847,-959,-1009,-989,-910,-778,-588,-369,-132,116,342,544,726,851,922,935,881,780,629,436,223,-5,-234,-448,-644,-794,-888,-930,-908,-826,-696,-1099,-300,-54,189,422,635,803,926,980,961,872,734,534,300,37,-226,-469,-685,-861,-963,-998,-968,-858,-700,-488,-237,36,301,544,745,893,976,987,924,790,600,367,118,-136,-382,-589,-754,-868,-899,-880,-794,-640,-460,-247,-19,197,399,564,683,750,765,729,629,496,343,153,-30,-204,-353,-473,-554,-602,-606,-565,-492,-389,-268,-131,15,149,270,367,435,480,482,450,397,320,222,119,-4,-117,-213,-292,-357,-384,-391,-374,-332,-267,-186,-90,6,97,186,258,307,333,330,305,265,196,122,31,-60,-145,-212,-266,-296,-294,-260,-203,-127,-43,48,131,185,217,216,177,116,-350,-366,-53,1422,1089,136,234,304,327,307,242,132,0,-140,-260,-355,-421,-440,-411,-352,-255,-134,0,129,259,373,447,491,501,466,386,288,156,16,-140,-287,-416,-517,-576,-605,-585,-516,-402,-258,-81,96,277,447,576,673,728,715,643,531,374,174,-40,-250,-454,-625,-753,-817,-821,-762,-636,-472,-257,-22,214,423,603,743,826,844,781,682,524,322,113,-121,-332,-517,-658,-741,-773,-746,-667,-546,-378,-190,-8,178,350,485,588,640,646,613,537,424,298,154,-4,-144,-273,-376,-463,-513,-522,-507,-464,-384,-293,-184,-67,48,162,261,347,406,442,459,449,408,343,265,165,49,-61,-180,-198,-378,-444,-485,-502,-482,-424,-344,-239,-114,17,152,280,394,472,518,535,512,458,368,248,117,-23,-157,-279,-382,-461,-499,-507,-473,-411,-329,-225,-108,9,123,227,306,367,403,412,394,353,294,223,143,62,-23,-98,-163,-220,-262,-285,-302,-301,-285,-265,-226,-186,-129,-69,-9,65,127,181,231,275,307,327,324,313,280,227,161,82,-3,-92,-181,-265,-336,-392,-428,-439,-417,-375,-313,-215,-112,10,132,246,356,449,515,549,547,510,444,348,223,75,-76,-237,-384,-501,-594,-652,-667,-640,-566,-455,-307,-137,44,231,408,558,676,748,775,751,674,552,384,189,-29,405,985
10772,mtk,MTK 7916,4082597934,rx1-tx0,512,7,269,-201,559,517,437,316,169,12,-153,-304,-422,-511,-556,-561,-521,-435,-317,-169,1,162,313,443,535,590,597,558,477,351,192,28,-146,-309,-447,-562,-630,-655,-630,-553,-431,-280,-99,87,269,435,575,666,721,717,657,554,405,231,30,-176,-376,-551,-697,-791,-823,-803,-714,-578,-401,-180,51,283,502,681,833,912,937,882,763,587,363,111,-160,-417,-651,-835,-964,-1023,-1000,-900,-740,-521,-262,9,283,547,765,917,1019,1036,978,849,662,433,167,-102,-361,-595,-785,-920,-987,-987,-927,-799,-621,-398,-154,103,353,565,752,892,970,981,925,814,647,433,191,-69,-323,-560,-775,231,-1032,-1049,-1003,-893,-715,-478,-213,79,376,642,877,1048,1151,1166,1102,956,745,473,161,-176,-494,-781,-1017,-1173,-1264,-1261,-1153,-964,-705,-399,-51,311,644,934,1169,1319,1361,1320,1178,944,641,290,-77,-453,-806,-1095,-1313,-1430,-1441,-1360,-1175,-889,-550,-156,257,657,1005,1272,1462,1547,1507,1345,1085,739,338,-93,-541,-936,-1264,-1487,-1592,-1579,-1423,-1150,-788,-357,85,527,922,1223,1421,1503,1458,1288,1019,676,284,-108,-489,-802,-1052,-1208,-1280,-1225,-1065,-837,-547,-220,112,425,694,897,1021,1052,1000,853,638,374,83,-215,-486,-712,-848,-899,-862,-727,-506,-229,61,327,528,638,641,538,369,857,751,139,-428,-734,-484,-453,-309,-96,162,418,628,760,789,722,563,341,72,-214,-480,-704,-864,-930,-905,-817,-641,-398,-116,179,467,716,912,1031,1068,1018,872,653,369,56,-289,-610,-885,-1093,-1212,-1236,-1170,-1001,-735,-408,-47,328,693,1002,1234,1375,1406,1316,1120,837,472,81,-332,-726,-1056,-1318,-1472,-1505,-1432,-1234,-935,-582,-172,264,676,1027,1298,1475,1527,1479,1310,1028,669,263,-162,-573,-932,-1210,-1402,-1480,-1437,-1304,-1068,-750,-384,5,382,733,1013,1224,1342,1364,1292,1112,858,558,217,-137,-476,-777,-1007,-1169,-1252,-1252,-1168,-989,-739,-445,-132,194,504,776,991,1134,1208,1192,1087,924,690,410,97,-49,-526,-789,-1003,-1162,-1236,-1208,-1113,-939,-681,-385,-57,278,606,895,1112,1265,1318,1287,1152,930,649,303,-69,-441,-773,-1057,-1259,-1380,-1387,-1292,-1103,-817,-477,-103,287,653,966,1208,1355,1390,1328,1162,906,588,226,-143,-498,-815,-1059,-1207,-1281,-1253,-1139,-927,-655,-342,-11,299,599,839,1009,1106,1112,1041,891,699,454,171,-110,-373,-603,-781,-905,-955,-941,-853,-705,-515,-288,-46,183,402,585,724,803,824,786,687,541,357,153,-60,-265,-448,-586,-685,-726,-716,-646,-532,-376,-195,-4,185,352,491,584,638,635,585,490,355,197,25,-152,-307,-442,-535,-580,-584,-538,-452,-326,-178,-14,656,323,-293,774,578,-63,-219,-352,-465,-529,-561,-546,-481,-377,-242,-84,78,235,376,483,561,587,562,500,392,254,99,-69,-233,-384,-509,-586,-617,-611,-545,-452,-313,-152,29,210,375,505,610,673,681,638,550,416,249,64,-140,-325,-493,-632,-727,-773,-756,-684,-567,-405,-202,11,229,439,620,771,863,881,843,738,589,390,153,-96,-352,-576,-766,-899,-971,-974,-900,-760,-562,-323,-51,234,493,712,890,994,1028,988,882,700,481,222,-64,-336,-585,-780,-930,-1006,-1007,-944,-815,-631,-401,-148,108,355,582,770,899,969,976,907,783,621,413,174,-77,-323,-553,-751,-900,-986,-1008,-957,-848,-677,-568,-209,62,333,589,814,978,1084,1120,1063,930,727,476,182,-125,-432,-711,-946,-1113,-1206,-1212,-1126,-964,-727,-438,-117,234,564,858,1089,1252,1331,1302,1170,958,674,334,-20,-373,-723,-1014,-1236,-1365,-1401,-1340,-1167,-913,-597,-229,155,530,889,1178,1377,1485,1476,1359,1138,838,473,50,-384,-785,-1123,-1391,-1546,-1594,-1506,-1289,-971,-574,-141,305,738,1097,1383,1539,1567,1474,1245,925,541,118,-312,-703,-1024,-1256,-1374,-1383,-1283,-1073,-784,-443,-75,295,615,874,1055,1147,1137,1047,855,609,310,6,-293,-565,-775,-918,-980,-947,-823,-617,-350,-64,224,488,685,791,793,692,504,259,-3,-234,-387,8,401,-35,702,473,115,324,518,635,667,586,408,164,-112,-382,-615,-780,-864,-848,-744,-571,-328,-49,227,486,728,898,992,993,904,739,509,227,-84,-404,-688,-916,-1077,-1159,-1150,-1029,-824,-544,-214,139,488,808,1067,1242,1323,1305,1167,930,624,259,-141,-537,-886,-1174,-1370,-1455,-1439,-1290,-1049,-721,-327,96,511,894,1191,1403,1521,1510,1379,1142,820,425,1,-416,-818,-1145,-1376,-1501,-1512,-1406,-1185,-884,-523,-116,289,664,994,1236,1382,1425,1369,1207,953,639,280,-82,-437,-761,-1015,-1198,-1296,-1303,-1214,-1043,-793,-501,-172,161,492,778,999,1144,1220,1215,1123,949,708,426,114,-212,-513,-779,-1000,-1145,-1217,425,-1109,-927,-691,-411,-82,240,548,835,1058,1203,1270,1249,1144,939,680,359,14,-335,-677,-961,-1184,-1326,-1366,-1299,-1146,-897,-584,-217,179,549,887,1156,1323,1405,1374,1241,1018,717,352,-37,-412,-748,-1025,-1227,-1336,-1340,-1242,-1051,-772,-460,-117,230,554,839,1037,1170,1199,1149,1015,801,541,242,-63,-357,-608,-813,-958,-1024,-1012,-935,-797,-600,-362,-106,151,393,595,753,851,879,849,765,623,438,223,-3,-227,-428,-584,-698,-759,-768,-716,-610,-462,-281,-85,111,301,463,588,661,678,644,563,439,289,116,-72,-247,-401,-514,-585,-613,-591,-523,-414,-262,-103,66,224,366,476,542,565,540,784
10773,mtk,MTK 7916,4082597934,rx1-tx1,512,0,0,0,186,-145,-442,-624,-638,-466,-156,198,499,671,661,466,139,-225,-534,-698,-669,-457,-119,263,566,719,674,445,89,-300,-600,-726,-662,-410,-43,336,621,739,648,381,7,-375,-654,-746,-627,-327,59,423,677,737,583,266,-125,-483,-703,-723,-538,-197,203,554,742,716,492,126,-289,-626,-782,-724,-465,-61,365,692,827,729,432,5,-433,-746,-857,-737,-406,40,480,788,882,735,387,-71,-507,-820,-908,-747,-386,80,531,833,912,744,378,-86,-524,-816,-894,-736,-376,80,502,783,856,695,347,-87,-485,-738,-792,-632,-304,98,467,692,730,565,242,-136,-463,-659,-672,-488,-170,0,473,639,623,430,119,-223,-507,-641,-588,-370,-52,278,539,653,583,350,14,-326,-581,-681,-593,-342,2,345,598,687,590,343,10,-335,-588,-678,-584,-343,-11,319,551,638,558,326,11,-298,-509,-583,-506,-288,0,278,467,520,424,205,-65,-306,-457,-471,-348,-121,135,355,460,432,287,52,-211,-412,-498,-440,-263,-10,254,461,535,468,283,12,-269,-481,-568,-516,-324,-47,235,455,558,521,346,79,-199,-414,-524,-497,-344,-111,142,354,468,455,329,129,-98,-299,-418,-424,-316,-127,86,267,375,395,318,166,-25,-208,-340,-395,-360,-247,-95,68,213,306,332,298,219,0,0,0,0,0,299,325,291,193,43,-138,-317,-459,-520,-473,-320,-94,162,397,561,605,513,296,-1,-306,-549,-673,-639,-447,-147,203,519,712,731,576,275,-114,-487,-747,-827,-693,-385,25,439,759,896,803,508,85,-376,-759,-952,-898,-620,-190,290,703,948,957,712,276,-217,-646,-914,-955,-741,-336,155,594,871,917,728,352,-124,-572,-848,-896,-710,-335,134,562,839,884,695,322,-139,-564,-828,-872,-683,-307,153,570,824,854,661,290,-168,-583,-836,-856,-640,-254,201,599,830,839,614,221,-227,-619,-850,-836,-587,-178,281,662,860,829,573,154,-310,-693,-895,-856,-580,-135,347,739,931,0,570,124,-372,-779,-970,-893,-587,-116,396,807,1001,927,600,113,-410,-817,-1007,-931,-602,-113,415,830,1012,929,591,95,-426,-827,-1003,-908,-567,-68,452,846,1008,889,527,22,-484,-855,-996,-860,-485,25,518,870,990,835,447,-60,-553,-891,-987,-810,-405,104,573,885,955,767,368,-132,-592,-885,-929,-721,-318,167,606,875,899,676,271,-200,-609,-848,-851,-619,-233,216,600,811,795,569,189,-237,-580,-746,-709,-491,-138,245,542,677,615,387,63,-270,-527,-620,-528,-289,27,322,522,563,446,194,-112,-375,-526,-526,-367,-101,194,427,538,490,296,11,-277,-487,-555,-465,-241,0,0,0,0,0,587,606,457,175,-165,-469,-649,-654,-458,-136,214,511,680,667,463,127,-240,-550,-713,-676,-454,-109,273,583,726,669,430,66,-320,-612,-738,-662,-399,-27,350,632,737,630,361,-18,-407,-670,-735,-597,-296,90,456,688,719,554,235,-162,-515,-725,-725,-512,-153,249,583,759,721,469,81,-333,-652,-793,-723,-447,-33,396,710,836,731,418,-20,-454,-767,-873,-740,-393,58,496,804,894,739,393,-65,-518,-825,-906,-746,-384,83,529,825,900,736,376,-80,-511,-804,-874,-708,-360,80,494,764,820,661,323,-97,-474,-713,-750,-598,-286,109,462,677,699,526,213,-158,-478,-651,0,-452,-146,200,487,639,610,399,74,-257,-516,-643,-591,-367,-41,304,559,664,586,341,4,-333,-584,-683,-591,-337,6,349,602,693,604,352,14,-320,-573,-665,-581,-349,-23,302,528,610,530,308,0,-291,-493,-558,-464,-246,35,288,449,488,391,177,-89,-323,-450,-443,-308,-84,170,377,468,434,274,26,-233,-430,-511,-452,-267,-8,270,475,556,492,296,22,-260,-472,-569,-515,-327,-63,219,442,541,504,344,94,-173,-386,-493,-476,-341,-122,122,326,438,435,319,127,-86,-278,-393,-406,-314,-144,59,242,365,395,334,197,25,-148,-292,-373,-368,-296,-177,-38,85,177,0,0,0,0,0,-43,91,226,346,424,430,346,188,-24,-254,-445,-551,-550,-434,-208,78,347,549,638,578,375,72,-255,-531,-692,-691,-518,-205,170,513,728,768,631,324,-76,-476,-765,-864,-753,-446,-19,417,753,913,858,581,135,-343,-728,-943,-927,-673,-240,255,679,940,955,726,311,-190,-637,-899,-930,-734,-345,137,580,871,917,716,342,-127,-566,-845,-900,-718,-336,138,563,838,880,677,301,-156,-568,-829,-869,-673,-294,159,567,823,850,647,265,-189,-589,-819,-823,-613,-235,212,606,834,827,591,198,-254,-641,-851,-831,-583,-170,286,674,882,834,561,143,-329,-718,-915,-865,-575,-127,0,754,948,892,585,114,-391,-795,-988,-911,-593,-117,394,809,1007,929,605,115,-412,-826,-1023,-942,-604,-105,419,832,1014,924,584,79,-434,-827,-1003,-903,-547,-44,467,848,997,877,516,9,-505,-877,-1000,-847,-459,48,533,877,985,816,427,-84,-573,-894,-968,-786,-385,127,593,889,945,744,338,-156,-603,-879,-913,-697,-292,186,605,861,885,658,253,-202,-596,-821,-822,-606,-219,233,599,780,756,529,164,-235,-561,-714,-666,-442,-100,255,523,639,568,337,16,-297,-514,-586,-485,-243,66,352,522,540,401,142,-155,-405,-535,-509,-331,-57,233,460,551,473,265,-25,-317,-517,0,0
10774,mtk,MTK 7916,4082597934,rx2-tx0,512,0,0,0,-64,173,365,456,422,259,16,-235,-417,-484,-414,-224,30,281,459,503,410,197,-81,-344,-508,-530,-402,-153,147,407,551,536,374,104,-201,-456,-587,-549,-352,-49,271,521,630,549,310,-20,-349,-582,-658,-549,-279,72,412,645,685,532,228,-150,-497,-708,-715,-519,-169,237,592,784,752,507,121,-314,-671,-851,-797,-517,-84,384,748,918,835,519,53,-433,-799,-952,-851,-514,-28,472,842,992,873,518,16,-496,-873,-1012,-879,-506,0,504,876,1003,862,496,-6,-513,-883,-1005,-853,-475,22,510,860,970,812,444,-39,-513,-844,-936,-769,-397,74,522,823,893,714,337,-127,0,-831,-865,-664,-288,174,592,836,843,627,231,-235,-632,-853,-844,-597,-181,291,684,892,863,588,147,-340,-729,-921,-875,-587,-132,363,764,958,891,586,118,-380,-783,-979,-913,-600,-124,392,805,997,922,609,123,-395,-808,-1003,-927,-608,-129,388,810,1013,940,617,138,-380,-803,-1007,-943,-632,-161,351,775,998,947,652,196,-298,-710,-943,-927,-663,-238,239,651,881,877,651,269,-175,-566,-805,-830,-635,-287,124,490,715,754,606,302,-67,-411,-648,-707,-586,-324,8,333,568,651,572,361,64,-246,-482,-601,-583,-426,-182,93,338,504,560,499,347,141,-73,-252,-362,-396,-365,0,0,0,0,0,-277,-410,-485,-475,-370,-176,77,337,545,652,624,453,170,-162,-468,-684,-745,-628,-350,27,405,703,841,772,503,97,-349,-722,-928,-910,-658,-221,291,745,1024,1050,810,355,-211,-737,-1098,-1192,-978,-504,106,708,1143,1306,1131,654,13,-639,-1146,-1377,-1256,-803,-140,555,1118,1410,1337,920,259,-466,-1063,-1390,-1379,-1002,-361,368,983,1349,1372,1034,438,-267,-901,-1292,-1347,-1045,-472,211,831,1228,1289,1011,474,-172,-768,-1153,-1233,-986,-478,148,726,1100,1177,943,453,-140,-682,-1041,-1119,-889,-427,140,663,996,1056,827,382,-152,-634,-939,-997,-780,-354,163,626,912,941,713,301,-186,-621,0,-900,-662,-250,222,633,865,854,610,196,-264,-648,-850,-816,-560,-154,293,656,832,777,512,107,-325,-662,-812,-737,-461,-66,349,664,790,696,414,23,-376,-662,-761,-650,-359,26,393,646,718,586,292,-73,-413,-633,-671,-518,-223,129,435,617,623,449,149,-182,-456,-598,-565,-370,-73,238,476,573,501,292,3,-286,-486,-546,-447,-221,64,321,491,515,390,153,-126,-367,-500,-482,-324,-79,181,393,492,448,272,19,-233,-416,-479,-401,-212,32,266,425,456,357,161,-84,-301,-426,-429,-309,-101,132,326,424,398,254,39,-183,-350,-417,-362,-195,30,241,386,418,325,139,0,0,0,0,0,-441,-415,-266,-46,192,391,471,413,239,-11,-258,-431,-488,-415,-217,56,313,479,518,407,173,-115,-371,-525,-535,-389,-128,171,427,562,541,358,72,-238,-488,-606,-554,-335,-21,305,553,639,544,291,-50,-381,-609,-674,-541,-249,114,455,676,708,532,196,-201,-544,-746,-740,-519,-143,280,632,813,777,519,104,-348,-714,-879,-807,-513,-72,403,776,932,838,518,42,-451,-824,-977,-870,-521,-28,477,852,996,873,509,5,-500,-876,-1018,-881,-504,4,508,876,1011,867,488,-20,-514,-872,-993,-840,-463,34,519,860,962,797,423,-58,-514,-828,-924,-760,-378,103,537,824,882,0,308,-151,-571,-831,-856,-642,-253,209,610,842,839,604,201,-260,-656,-873,-845,-581,-162,309,703,905,859,583,140,-348,-747,-943,-887,-588,-123,377,773,968,899,589,123,-383,-794,-989,-919,-603,-122,401,808,997,931,608,120,-396,-807,-1005,-937,-617,-130,392,807,1013,949,632,144,-375,-794,-1000,-943,-647,-184,325,744,964,934,660,222,-272,-685,-915,-905,-663,-259,203,603,837,855,649,277,-151,-526,-757,-788,-615,-286,101,452,683,731,586,302,-49,-379,-609,-679,-577,-340,-23,292,529,633,575,384,109,-179,-423,-569,-583,-467,-263,-18,223,404,497,490,395,246,86,-68,0,0,0,0,0,292,174,1,-208,-407,-552,-596,-521,-328,-53,246,506,671,695,552,270,-81,-430,-693,-798,-708,-431,-36,375,712,884,837,574,156,-324,-734,-969,-975,-733,-286,252,747,1070,1124,888,426,-166,-731,-1126,-1244,-1045,-577,44,676,1153,1337,1182,734,84,-606,-1151,-1401,-1294,-855,-198,522,1109,1411,1356,958,311,-412,-1031,-1382,-1377,-1017,-394,317,944,1331,1366,1046,454,-243,-869,-1261,-1316,-1031,-483,192,810,1195,1262,1000,484,-156,-745,-1123,-1197,-959,-470,143,697,1058,1144,924,451,-136,-672,-1011,-1078,-862,-410,143,644,967,1026,807,371,-150,-625,-924,-963,-742,-325,177,625,892,915,695,0,-210,-628,-873,-879,-640,-227,243,640,855,837,586,176,-277,-651,-844,-804,-540,-128,313,663,829,764,489,85,-338,-670,-812,-722,-435,-38,362,664,780,676,389,1,-380,-652,-741,-617,-327,49,408,646,694,553,257,-106,-425,-623,-647,-487,-189,155,446,607,593,407,110,-210,-466,-587,-535,-335,-41,266,490,564,477,256,-32,-306,-492,-536,-422,-189,94,347,494,495,357,115,-160,-383,-495,-465,-297,-49,206,404,488,427,242,-7,-250,-423,-470,-382,-187,57,283,423,440,333,128,-110,-315,-423,-413,-284,-73,159,339,417,376,224,4,-217,-367,-415,-337,-164,58,268,394,0,0
10775,mtk,MTK 7916,4082597934,rx2-tx1,512,0,0,0,-42,-117,-150,-138,-90,-19,54,111,138,119,68,-3,-68,-106,-119,-104,-54,7,62,104,118,103,59,2,-48,-89,-110,-105,-76,-28,25,69,101,108,92,59,13,-34,-77,-108,-118,-100,-67,-22,33,84,127,138,119,79,15,-60,-134,-186,-196,-158,-76,26,129,207,240,222,148,29,-103,-226,-302,-301,-218,-83,82,238,334,358,294,143,-51,-238,-363,-398,-340,-190,17,226,377,436,386,237,20,-210,-382,-456,-419,-270,-53,177,370,467,441,296,73,-163,-368,-472,-446,-307,-91,155,358,456,426,291,81,-159,-354,-450,-421,-274,-56,174,366,459,415,253,27,0,-405,-480,-420,-249,4,269,458,523,450,245,-33,-309,-509,-578,-487,-268,32,336,563,641,541,300,-25,-346,-587,-679,-586,-331,17,362,623,726,635,371,15,-362,-651,-770,-688,-420,-27,380,693,828,743,458,55,-373,-709,-871,-807,-525,-104,346,718,904,865,601,168,-314,-709,-932,-929,-681,-253,238,668,926,953,738,344,-134,-572,-875,-954,-788,-430,33,483,812,927,813,496,66,-368,-712,-871,-808,-547,-160,265,614,797,787,590,248,-149,-494,-716,-764,-629,-346,7,347,598,701,644,435,129,-194,-458,-611,-632,-521,-307,-39,224,424,529,530,441,289,106,-62,-198,0,0,0,0,0,-163,-169,-152,-103,-24,74,169,242,272,246,168,45,-98,-227,-311,-328,-272,-154,11,184,323,387,366,256,66,-149,-339,-456,-468,-362,-161,97,340,513,570,482,270,-23,-330,-565,-678,-625,-413,-89,278,589,760,761,576,228,-181,-555,-812,-883,-730,-391,52,480,818,964,869,551,91,-389,-773,-972,-945,-677,-228,276,700,959,985,766,357,-146,-603,-913,-994,-820,-434,49,514,857,973,842,497,27,-445,-795,-941,-848,-539,-95,371,738,919,850,554,127,-325,-695,-889,-848,-585,-169,287,665,864,833,588,199,-237,-614,-838,-836,-615,-228,208,579,797,807,605,241,-190,0,-777,-795,-604,-252,163,538,761,781,599,257,-153,-517,-742,-765,-581,-250,151,511,731,756,575,243,-154,-514,-732,-753,-570,-227,177,523,730,755,573,232,-162,-511,-728,-762,-593,-255,151,507,729,764,596,267,-125,-485,-705,-736,-583,-282,95,443,666,714,570,280,-77,-407,-620,-662,-537,-278,60,374,576,613,487,236,-62,-338,-519,-560,-447,-215,63,321,482,510,402,195,-64,-298,-445,-473,-374,-176,61,279,411,422,331,161,-60,-249,-362,-381,-302,-141,53,220,324,341,265,119,-48,-193,-281,-290,-228,-110,33,160,242,251,188,82,-35,-136,-204,-210,-158,-68,42,0,0,0,0,0,155,102,29,-45,-113,-144,-132,-78,-2,65,108,127,112,61,-6,-66,-112,-122,-100,-54,1,58,102,116,104,77,25,-43,-90,-112,-106,-82,-45,4,51,88,106,100,78,41,-10,-60,-101,-123,-127,-102,-57,5,78,133,159,155,115,48,-36,-130,-199,-215,-186,-114,-3,121,221,274,261,182,56,-95,-232,-321,-325,-244,-98,76,234,348,374,304,158,-34,-230,-378,-423,-360,-217,-9,213,378,451,408,259,36,-194,-377,-469,-434,-285,-66,168,364,466,444,303,82,-157,-357,-464,-446,-306,-78,163,356,451,431,291,68,-171,-358,-450,-422,-272,-39,197,387,475,0,248,12,-239,-425,-504,-443,-248,26,287,477,542,466,259,-25,-315,-526,-595,-510,-283,30,346,571,647,560,318,-18,-358,-605,-698,-604,-347,10,368,642,751,661,395,18,-375,-675,-797,-716,-439,-34,375,697,844,772,491,72,-373,-719,-891,-848,-576,-142,334,723,929,907,646,211,-280,-694,-935,-946,-718,-307,171,622,908,960,773,396,-76,-536,-855,-949,-805,-472,-25,432,771,912,820,527,110,-325,-668,-840,-798,-568,-209,198,548,748,773,605,302,-74,-427,-664,-733,-629,-383,-52,280,535,663,643,477,213,-79,-346,-536,-605,-553,-395,-172,60,257,390,437,407,325,0,0,0,0,0,29,-45,-112,-173,-220,-230,-188,-100,12,129,230,288,288,224,103,-51,-203,-318,-362,-321,-199,-22,172,331,422,414,303,111,-122,-339,-483,-509,-411,-209,66,341,544,625,557,337,24,-311,-583,-715,-686,-493,-159,225,567,789,822,644,314,-108,-525,-830,-931,-800,-477,-32,438,805,978,905,603,159,-328,-742,-975,-969,-725,-289,213,661,945,995,795,399,-91,-558,-884,-985,-834,-475,1,479,825,958,843,517,61,-402,-764,-929,-853,-552,-110,345,715,906,857,580,152,-305,-673,-872,-848,-596,-196,255,635,847,834,599,225,-215,-599,-819,-828,-622,-246,190,562,786,804,0,241,-170,-535,-767,-792,-598,-250,159,526,749,769,585,249,-149,-513,-732,-748,-570,-238,162,518,729,745,565,228,-173,-527,-738,-745,-564,-234,160,519,744,765,580,246,-154,-515,-740,-765,-589,-258,140,496,719,752,592,281,-107,-466,-689,-731,-584,-281,84,417,642,693,558,280,-65,-392,-598,-635,-509,-256,64,358,548,583,460,226,-65,-326,-500,-537,-427,-206,62,306,465,493,389,186,-66,-291,-426,-446,-350,-162,61,264,388,406,314,143,-59,-241,-351,-362,-278,-126,50,202,303,323,249,115,-36,-173,-254,-268,-209,-96,33,148,221,232,174,73,-38,-133,-184,-181,0,0
10776,mtk,MTK 7916,4082731682,rx0-tx0,512,-195,469,765,-289,-484,-624,-718,-738,-703,-613,-464,-284,-74,140,345,520,657,730,749,708,602,426,222,-7,-254,-478,-663,-799,-855,-833,-733,-560,-315,-38,245,524,737,886,952,917,792,592,316,9,-302,-562,-779,-909,-945,-894,-755,-529,-271,12,306,547,729,843,870,808,686,495,252,-12,-268,-486,-643,-743,-772,-720,-614,-433,-226,-15,203,387,530,623,644,614,522,384,225,45,-132,-297,-421,-502,-531,-516,-454,-357,-214,-72,85,230,339,413,449,444,386,291,166,42,-86,-203,-288,-325,-339,-315,-245,-170,-86,4,88,138,173,192,187,162,129,90,37,6,-14,-42,-44,-47,-588,-55,-56,-51,-54,-53,-48,-46,-33,-20,-17,12,33,40,63,62,60,65,52,46,25,21,19,14,10,6,-4,-19,-28,-46,-72,-91,-111,-118,-118,-109,-78,-30,23,98,175,243,285,308,287,241,152,21,-115,-252,-378,-471,-513,-487,-413,-273,-106,97,306,482,610,674,657,556,391,179,-76,-317,-524,-680,-763,-754,-658,-483,-260,-2,260,483,662,770,784,701,548,332,87,-170,-398,-581,-705,-740,-691,-568,-377,-155,82,297,479,610,659,639,546,390,205,2,-201,-379,-509,-583,-585,-512,-386,-210,-10,187,355,479,527,489,388,223,38,-145,-290,-368,-366,-287,-550,-219,-8,-515,-240,-286,-227,-95,74,246,392,471,477,393,249,60,-146,-331,-475,-554,-553,-496,-357,-178,27,236,420,551,617,608,510,366,176,-51,-255,-441,-567,-632,-624,-533,-386,-192,20,222,408,530,589,586,516,375,198,19,-159,-314,-420,-486,-479,-422,-326,-195,-61,63,172,253,292,303,285,232,158,78,17,-26,-66,-107,-113,-113,-101,-81,-76,-70,-68,-76,-72,-66,-62,-55,-29,6,51,105,156,194,230,247,230,193,123,49,-56,-167,-259,-333,-376,-394,-356,-284,-182,-48,91,229,351,449,503,509,463,369,218,59,-129,-300,-454,-568,-623,-616,-548,-413,-246,-43,173,369,-291,646,706,691,599,454,250,29,-208,-426,-596,-717,-772,-750,-648,-481,-272,-23,229,460,645,771,825,793,668,502,279,28,-215,-449,-629,-750,-801,-788,-689,-521,-325,-104,134,369,568,705,778,786,730,609,440,227,-11,-254,-477,-654,-786,-841,-826,-744,-576,-364,-115,161,408,634,805,905,933,869,711,492,230,-73,-379,-632,-841,-976,-1007,-943,-794,-562,-279,32,346,625,861,1006,1053,1001,839,604,308,-11,-317,-619,-850,-992,-1043,-988,-849,-614,-329,-11,315,587,806,946,1006,956,817,590,320,24,-265,-520,-734,-867,-914,-885,-760,-565,-318,-64,188,428,621,753,806,789,-1069,-995,-621,943,723,-707,-575,-410,-206,9,216,411,565,672,725,714,646,522,356,147,-66,-287,-491,-657,-754,-804,-777,-672,-512,-289,-27,240,488,701,853,912,895,782,582,325,27,-279,-547,-770,-916,-968,-917,-777,-565,-286,9,298,565,762,874,913,851,708,505,259,-15,-282,-503,-687,-797,-825,-776,-647,-460,-245,3,233,438,601,686,717,676,563,406,216,20,-172,-350,-477,-556,-583,-561,-493,-375,-230,-63,106,258,380,456,486,488,426,330,202,67,-76,-203,-312,-383,-403,-391,-329,-233,-128,-25,93,179,233,263,263,231,178,128,61,0,-53,-85,-116,-117,-97,-94,-78,-58,-53,321,-23,-8,3,9,21,28,36,49,46,61,73,55,51,37,14,5,-15,-35,-44,-46,-34,-39,-40,-40,-46,-54,-56,-52,-54,-45,-34,-11,25,68,114,155,183,208,209,182,118,40,-59,-165,-261,-352,-399,-396,-360,-272,-144,26,198,363,496,577,602,542,420,244,28,-203,-421,-586,-703,-738,-677,-541,-344,-96,170,418,612,739,789,744,615,420,176,-96,-348,-561,-708,-770,-749,-639,-473,-251,0,239,451,607,686,692,619,487,298,78,-138,-343,-497,-590,-620,-578,-470,-310,-124,85,271,425,524,554,508,405,245,46,-149,-316,-430,-463,-424,-309,-147,24,163,923,1042,-320,763,881,128,262,366,396,355,236,65,-131,-318,-453,-526,-523,-441,-299,-102,97,292,458,557,593,558,445,279,68,-155,-354,-499,-606,-628,-577,-461,-288,-83,143,353,510,604,623,576,468,293,101,-99,-286,-435,-522,-549,-521,-427,-291,-128,49,187,303,376,399,376,318,226,128,36,-58,-139,-190,-208,-198,-178,-160,-117,-75,-42,-13,7,12,20,14,28,48,64,80,105,130,148,159,156,126,83,29,-55,-127,-206,-266,-308,-331,-304,-248,-163,-58,67,200,303,393,443,450,410,330,205,55,-109,-265,-408,-507,-559,-563,-500,-392,-234,-46,152,342,501,608,671,655,573,374,252,44,-186,-387,-559,-679,-737,-727,-625,-468,-268,-38,207,440,625,753,811,779,676,496,276,23,-245,-474,-650,-777,-813,-783,-676,-501,-284,-52,188,418,596,715,785,783,707,559,371,149,-81,-308,-507,-664,-774,-818,-792,-682,-513,-299,-51,193,439,648,793,882,885,802,652,430,172,-109,-394,-640,-825,-938,-975,-898,-744,-533,-250,61,360,631,847,977,1028,971,829,601,306,-13,-338,-628,-854,-1006,-1046,-1002,-855,-612,-325,-4,315,610,842,977,1032,969,818,596,323,16,-290,-568,-781,-908,-955,-903,-779,-583,-317,-48,233,489,690,818,861,836,728,560,340,98,-141,-97,266
10777,mtk,MTK 7916,4082731682,rx0-tx1,512,-172,-1246,-1251,-706,-497,-240,53,348,612,840,972,1022,986,836,605,317,-8,-341,-652,-902,-1065,-1135,-1087,-938,-692,-376,-20,354,687,955,1142,1219,1170,1009,751,419,39,-340,-695,-983,-1177,-1268,-1226,-1062,-798,-461,-82,302,657,956,1167,1260,1237,1090,841,515,158,-227,-594,-892,-1107,-1218,-1215,-1101,-886,-593,-243,125,481,790,1020,1150,1182,1107,932,660,336,-15,-360,-674,-923,-1084,-1136,-1091,-945,-712,-418,-93,237,551,803,988,1079,1065,953,754,487,187,-125,-424,-680,-877,-985,-1006,-935,-779,-555,-288,3,292,543,747,885,942,915,816,642,400,139,-149,-419,-653,-825,-928,-949,-883,-724,-509,-430,51,338,598,810,943,991,947,798,585,305,-9,-321,-597,-829,-983,-1033,-990,-844,-606,-317,9,337,631,860,998,1042,973,815,573,271,-51,-366,-651,-865,-981,-1001,-926,-747,-510,-216,100,390,638,817,904,905,816,640,405,143,-123,-375,-574,-714,-781,-769,-681,-532,-333,-112,109,308,467,585,643,630,560,441,295,122,-57,-218,-351,-443,-505,-515,-477,-391,-273,-138,9,142,261,357,409,428,407,345,257,146,23,-97,-207,-291,-352,-372,-360,-309,-227,-134,-25,86,187,266,315,328,308,254,172,73,-36,-133,-219,-276,-296,-277,-219,-131,-23,75,158,206,215,180,121,-402,-780,-248,-83,-255,271,263,192,74,-72,-216,-336,-404,-410,-352,-247,-106,51,208,344,435,476,458,382,266,122,-41,-202,-346,-464,-517,-523,-481,-377,-237,-63,121,301,452,557,617,613,543,411,230,17,-195,-406,-576,-687,-734,-697,-589,-417,-196,52,307,529,701,800,807,736,588,367,111,-153,-411,-628,-776,-843,-817,-708,-535,-289,-28,245,485,665,772,805,750,633,443,208,-23,-253,-465,-617,-699,-716,-661,-545,-380,-186,20,220,390,518,591,609,575,486,357,194,25,-130,-279,-398,-466,-510,-502,-444,-358,-242,-119,21,155,274,376,436,475,473,416,333,225,92,-46,-186,-313,-413,230,-504,-490,-424,-318,-177,-17,145,294,414,506,545,529,471,364,221,53,-122,-279,-411,-496,-545,-533,-473,-367,-231,-73,89,235,356,444,482,481,440,352,231,105,-29,-151,-259,-338,-389,-403,-380,-330,-258,-173,-73,25,119,201,259,306,335,328,303,259,199,126,42,-42,-126,-207,-278,-325,-350,-356,-333,-279,-203,-107,-3,114,223,320,389,438,453,420,353,246,124,-27,-177,-310,-421,-504,-541,-539,-481,-379,-239,-67,103,269,423,546,616,633,592,490,345,172,-22,-230,-419,-573,-673,-713,-695,-612,-466,-278,-54,175,395,589,727,797,795,723,575,376,130,-127,-390,308,242,-135,-207,222,592,788,920,964,910,773,555,269,-25,-347,-642,-869,-1024,-1081,-1038,-890,-647,-342,-1,351,671,935,1108,1180,1135,969,722,398,29,-347,-694,-977,-1170,-1244,-1194,-1038,-777,-446,-65,333,689,980,1172,1260,1224,1075,826,491,117,-270,-634,-934,-1136,-1232,-1229,-1098,-862,-558,-193,179,539,841,1067,1190,1204,1110,905,621,283,-74,-426,-738,-977,-1115,-1159,-1097,-938,-689,-377,-39,298,611,864,1032,1102,1079,948,735,465,145,-182,-488,-748,-930,-1025,-1029,-940,-768,-525,-233,69,364,619,814,934,973,917,782,588,342,64,-216,-474,-700,-844,-926,-928,-844,-683,-462,-201,86,372,619,809,-1099,970,915,776,558,283,-15,-325,-600,-820,-968,-1020,-964,-823,-600,-315,3,320,619,851,995,1049,992,837,592,301,-30,-354,-644,-868,-998,-1026,-958,-793,-543,-241,70,383,648,839,957,962,875,704,461,174,-114,-389,-616,-773,-848,-841,-746,-581,-374,-130,119,348,532,656,707,689,605,476,309,113,-85,-265,-407,-509,-568,-565,-509,-407,-279,-128,32,179,306,399,457,469,436,372,270,145,15,-119,-233,-321,-379,-397,-378,-323,-242,-141,-27,86,199,276,331,348,336,286,209,108,-2,-107,-199,-268,-309,-307,-276,-209,-119,-12,94,185,248,268,246,189,104,8,-77,-132,-1133,-957,-53,324,240,-12,-140,-258,-335,-354,-312,-212,-69,90,240,358,431,448,409,312,177,19,-147,-295,-409,-483,-505,-468,-386,-252,-86,81,255,403,511,567,569,514,396,234,40,-163,-353,-513,-629,-674,-656,-570,-414,-214,15,249,461,632,737,773,728,599,407,156,-101,-348,-573,-742,-826,-832,-744,-576,-343,-72,204,451,657,784,837,805,683,491,256,-6,-260,-483,-658,-743,-758,-715,-589,-402,-187,37,244,430,567,646,661,609,497,354,180,4,-176,-333,-452,-527,-546,-527,-463,-349,-216,-78,78,215,332,417,468,480,449,387,290,169,42,-105,-237,-346,-431,-480,-484,-451,-378,-266,-198,15,155,301,415,497,527,509,439,343,204,38,-128,-287,-419,-514,-557,-544,-476,-366,-221,-61,111,263,393,486,531,518,455,358,227,81,-62,-200,-318,-395,-435,-441,-406,-339,-242,-136,-19,90,189,263,323,351,357,335,283,216,143,52,-40,-123,-200,-263,-307,-329,-324,-308,-265,-205,-119,-31,63,160,246,320,373,398,393,356,281,183,69,-66,-194,-314,-408,-470,-502,-477,-412,-311,-178,-25,132,296,426,530,580,578,532,439,292,124,-60,-249,-421,-554,-640,-677,-648,-550,-407,-220,-14,201,406,577,698,760,748,673,525,322,86,-152,-391,-592,-749,-834,-844,-773,123,237
10778,mtk,MTK 7916,4082731682,rx1-tx0,512,7,-131,-250,-364,-465,-511,-500,-434,-320,-169,7,177,331,449,515,528,484,385,246,71,-112,-285,-428,-522,-562,-547,-469,-342,-167,17,200,374,504,588,614,576,470,307,120,-82,-290,-470,-603,-675,-681,-617,-495,-312,-101,130,361,552,691,759,754,684,533,319,73,-188,-438,-645,-800,-870,-857,-757,-575,-340,-56,237,514,745,906,976,939,813,607,321,-2,-322,-618,-856,-994,-1041,-992,-824,-575,-273,62,396,685,897,1026,1051,967,787,524,220,-106,-413,-674,-873,-978,-992,-918,-748,-506,-232,68,362,609,801,921,951,890,755,557,296,18,-272,-538,-747,-890,-965,-943,-841,-658,-402,231,196,490,749,933,1036,1044,946,755,482,157,-183,-520,-803,-1025,-1146,-1150,-1051,-835,-529,-177,201,576,894,1122,1242,1245,1117,878,550,160,-250,-640,-974,-1227,-1348,-1324,-1176,-905,-548,-129,320,737,1075,1310,1422,1392,1220,921,526,74,-387,-822,-1166,-1404,-1503,-1453,-1250,-906,-469,22,517,968,1312,1532,1597,1466,1185,792,300,-238,-746,-1170,-1462,-1587,-1553,-1342,-983,-518,10,530,973,1291,1482,1487,1325,1019,618,162,-299,-722,-1042,-1238,-1290,-1199,-982,-668,-287,121,496,802,1011,1104,1059,905,651,323,-31,-374,-663,-867,-952,-920,-761,-508,-194,154,462,681,790,758,599,346,56,-215,-389,355,219,139,-186,-116,515,573,502,307,28,-285,-566,-760,-838,-775,-582,-315,20,346,636,843,940,925,786,553,240,-111,-453,-744,-964,-1068,-1038,-897,-644,-321,43,419,768,1028,1175,1200,1088,856,529,120,-312,-713,-1042,-1264,-1340,-1283,-1091,-772,-362,95,563,967,1263,1432,1460,1314,1033,634,156,-339,-798,-1182,-1440,-1551,-1489,-1268,-910,-465,48,556,1009,1350,1540,1571,1439,1148,749,259,-252,-716,-1113,-1395,-1528,-1486,-1296,-980,-569,-106,361,790,1134,1348,1429,1365,1172,861,470,33,-403,-781,-1084,-1271,-1331,-1267,-1074,-780,-410,-9,392,745,1023,1204,1266,1213,1039,765,416,29,-361,-710,-992,-1178,-1249,-1205,-1044,-49,-445,-77,327,684,983,1184,1275,1251,1089,823,477,71,-332,-720,-1036,-1260,-1354,-1308,-1131,-844,-473,-31,410,814,1133,1345,1417,1340,1124,789,367,-77,-526,-923,-1221,-1379,-1402,-1280,-1032,-667,-239,203,625,972,1212,1333,1312,1152,880,522,127,-284,-656,-958,-1149,-1222,-1168,-996,-723,-385,-29,332,648,880,1033,1080,1006,836,596,300,-24,-329,-595,-799,-908,-928,-856,-703,-484,-221,63,331,553,718,809,812,734,584,379,143,-104,-336,-522,-657,-715,-703,-618,-468,-273,-49,165,359,510,606,641,600,491,340,160,-44,-237,-393,-509,-571,-571,-493,-377,-221,-38,143,307,431,506,527,483,-221,-263,-293,339,253,-358,-218,-47,124,282,406,493,519,492,409,278,116,-56,-229,-373,-484,-542,-539,-476,-357,-201,-23,158,329,468,561,589,558,468,319,145,-53,-248,-423,-551,-623,-644,-594,-479,-311,-111,104,313,503,643,716,724,657,512,318,79,-158,-389,-594,-742,-811,-812,-719,-554,-325,-60,213,475,691,845,923,900,793,596,337,28,-282,-562,-798,-959,-1017,-974,-834,-592,-293,27,361,663,883,1021,1056,981,798,545,239,-93,-414,-694,-898,-1008,-1028,-941,-762,-509,-209,94,391,654,843,945,972,892,738,520,254,-40,-321,-565,-768,-898,-951,-919,-791,-591,-351,-67,227,500,739,909,-568,995,899,712,450,147,-181,-497,-770,-980,-1089,-1103,-1000,-799,-517,-171,191,544,857,1075,1192,1204,1096,865,542,168,-229,-611,-932,-1171,-1292,-1287,-1147,-902,-554,-141,280,683,1021,1259,1385,1368,1205,917,542,102,-347,-770,-1114,-1359,-1467,-1430,-1235,-913,-505,-40,441,892,1243,1474,1551,1478,1241,870,415,-110,-628,-1059,-1385,-1580,-1592,-1427,-1114,-664,-151,383,870,1245,1487,1564,1465,1191,803,333,-172,-639,-1018,-1281,-1399,-1353,-1161,-842,-445,-14,403,760,1023,1172,1186,1057,821,501,130,-243,-575,-838,-993,-1021,-930,-734,-452,-119,222,534,758,885,881,732,484,169,-157,-431,-602,-646,-555,-363,281,360,-35,-115,-198,136,-115,-388,-604,-719,-702,-548,-289,31,364,638,823,901,841,675,404,83,-264,-575,-824,-976,-1013,-924,-725,-439,-83,279,614,893,1069,1132,1074,888,590,223,-181,-572,-899,-1142,-1269,-1250,-1091,-814,-434,-3,426,827,1152,1350,1410,1313,1062,692,256,-232,-695,-1081,-1363,-1505,-1479,-1304,-983,-553,-62,441,904,1261,1501,1576,1480,1228,838,361,-150,-652,-1078,-1383,-1552,-1536,-1368,-1073,-654,-166,333,779,1133,1377,1473,1429,1237,910,493,46,-398,-793,-1106,-1308,-1374,-1297,-1099,-806,-427,-18,396,766,1054,1231,1292,1229,1045,764,409,22,-365,-719,-1001,-1188,-1257,-1209,-1042,-772,-431,-47,332,689,425,1164,1263,1231,1067,804,458,74,-329,-708,-1009,-1227,-1315,-1280,-1119,-842,-480,-59,366,759,1071,1299,1389,1335,1141,835,435,-15,-466,-866,-1185,-1367,-1419,-1327,-1091,-732,-302,148,581,956,1237,1376,1371,1222,946,586,175,-256,-656,-974,-1183,-1268,-1232,-1070,-802,-451,-66,319,653,924,1076,1136,1081,910,652,346,-1,-332,-615,-836,-971,-999,-927,-771,-538,-257,36,324,571,757,861,871,791,641,431,181,-85,-334,-543,-689,-757,-754,-668,-520,-323,-95,130,343,513,625,669,641,554,404,219,9,-196,-376,-506,-592,-607,-545,-432,-279,-100,97,272,408,512,551,528,446,316,158,-20,-197,140,54
10779,mtk,MTK 7916,4082731682,rx1-tx1,512,0,0,0,264,481,603,586,427,164,-137,-409,-598,-649,-546,-325,-27,294,545,675,656,483,200,-128,-427,-629,-691,-599,-367,-50,277,543,684,668,498,213,-115,-417,-629,-691,-595,-361,-41,281,533,667,643,462,168,-167,-463,-653,-687,-551,-292,40,363,605,707,635,412,97,-240,-531,-713,-723,-548,-243,113,446,690,780,686,421,67,-308,-629,-804,-792,-603,-272,126,488,759,861,758,483,96,-311,-643,-840,-862,-687,-348,66,461,750,881,818,565,188,-221,-578,-808,-858,-725,-436,-50,343,651,809,788,594,269,-109,-451,-690,-771,-673,-426,-93,249,527,690,693,533,258,-72,-378,0,-659,-583,-369,-73,231,486,631,625,469,205,-96,-382,-583,-649,-558,-342,-55,256,508,644,638,488,226,-89,-384,-594,-669,-597,-405,-120,200,471,633,658,544,310,6,-284,-506,-620,-600,-433,-181,90,341,512,563,482,301,59,-197,-396,-491,-473,-349,-140,95,292,418,448,373,198,-26,-242,-396,-453,-404,-263,-55,170,362,478,484,367,172,-53,-276,-446,-513,-469,-328,-114,118,334,480,516,443,283,65,-168,-358,-462,-470,-386,-221,-11,193,350,429,419,318,158,-32,-212,-345,-394,-364,-261,-107,66,221,337,382,352,261,123,-30,-177,-288,-350,-348,-298,-216,-113,0,0,0,0,0,0,-190,-108,-3,132,270,387,457,462,393,256,69,-150,-361,-518,-585,-550,-411,-187,79,336,545,655,644,506,263,-42,-353,-601,-732,-718,-560,-278,65,411,680,816,791,603,277,-117,-493,-773,-904,-856,-628,-268,148,550,840,956,884,626,229,-211,-602,-878,-973,-860,-573,-159,286,659,891,927,768,445,23,-399,-723,-895,-864,-645,-282,145,535,800,884,778,501,115,-301,-647,-846,-853,-672,-343,67,464,753,875,794,537,164,-244,-601,-821,-856,-698,-383,20,420,724,871,818,575,207,-219,-596,-832,-887,-746,-437,-16,412,745,910,884,660,280,-170,-587,-883,-978,-853,-548,0,370,749,970,991,790,402,-72,-542,-894,-1052,-981,-690,-243,253,699,998,1070,903,544,66,-431,-834,-1060,-1040,-784,-368,130,600,939,1072,961,632,164,-338,-756,-1015,-1048,-833,-441,47,518,873,1039,965,666,226,-262,-682,-954,-1016,-841,-471,-6,456,810,984,937,670,266,-191,-612,-882,-944,-806,-482,-50,375,719,899,868,642,278,-144,-529,-788,-860,-743,-469,-89,314,626,778,758,570,252,-105,-431,-654,-712,-615,-383,-59,263,507,628,604,437,167,-132,-388,-549,-570,-457,-238,42,293,465,533,472,295,46,-223,-428,-522,-491,-340,-114,140,370,512,522,401,195,-64,-314,0,0,0,0,0,-535,-351,-89,204,453,603,620,489,243,-55,-353,-589,-681,-612,-409,-114,205,488,657,679,545,285,-41,-357,-593,-695,-635,-434,-136,197,487,657,677,547,290,-39,-356,-581,-679,-624,-416,-100,225,498,660,663,506,230,-101,-412,-623,-682,-586,-351,-27,310,578,711,678,481,170,-185,-502,-709,-748,-616,-339,28,394,671,800,738,508,164,-222,-572,-791,-829,-681,-376,7,396,706,857,815,592,232,-188,-568,-819,-884,-746,-451,-57,344,677,862,855,655,312,-92,-471,-743,-853,-777,-526,-164,225,553,753,788,648,365,1,-350,-613,-732,-686,-492,-194,151,451,640,681,566,0,8,-306,-534,-645,-612,-423,-134,170,428,601,630,512,278,-23,-326,-556,-655,-603,-419,-141,177,460,635,665,552,314,5,-299,-541,-662,-642,-478,-216,91,373,569,647,583,395,116,-187,-434,-585,-593,-471,-263,1,263,454,528,479,331,108,-136,-336,-451,-461,-362,-174,55,265,407,447,376,216,4,-203,-373,-465,-440,-310,-112,119,332,471,500,420,251,23,-217,-409,-509,-513,-408,-201,41,261,427,504,470,344,148,-74,-277,-417,-464,-411,-278,-91,112,281,390,412,348,214,40,-141,-289,-372,-379,-314,-187,-26,141,277,358,373,326,228,97,-38,-155,-238,-281,-274,0,0,0,0,0,-227,-307,-355,-363,-314,-205,-49,128,305,446,524,522,428,243,11,-234,-446,-587,-626,-545,-354,-84,213,472,648,706,624,416,117,-216,-516,-726,-790,-696,-459,-108,279,606,814,861,740,463,79,-327,-677,-902,-936,-781,-469,-48,388,740,944,949,758,417,-15,-449,-780,-941,-911,-686,-312,130,531,805,909,825,550,158,-263,-624,-844,-876,-709,-391,18,426,725,862,819,590,221,-193,-553,-801,-872,-742,-446,-58,346,674,850,832,624,275,-134,-508,-774,-872,-768,-484,-92,316,660,862,860,658,314,-102,-504,-795,-909,-823,-547,-141,302,676,904,937,763,410,-35,-482,-826,0,-930,-665,-252,234,660,946,1032,888,552,90,-401,-809,-1039,-1042,-809,-401,106,589,933,1070,982,686,230,-276,-725,-1008,-1058,-879,-505,-17,462,845,1046,1009,737,307,-187,-642,-957,-1052,-910,-553,-82,396,793,1008,997,760,358,-123,-575,-898,-1006,-887,-580,-144,326,716,943,955,756,385,-71,-491,-804,-943,-852,-566,-171,265,628,842,870,701,368,-36,-423,-711,-826,-759,-521,-170,212,533,723,746,603,331,-4,-332,-571,-666,-610,-410,-123,184,434,575,584,450,209,-73,-330,-506,-558,-464,-256,2,253,446,526,476,312,73,-188,-400,-511,-503,-376,-150,115,349,508,541,447,0,0
10780,mtk,MTK 7916,4082731682,rx2-tx0,512,0,0,0,-307,-425,-450,-364,-191,35,259,422,483,436,279,56,-185,-388,-506,-506,-380,-165,89,329,491,541,470,281,22,-245,-464,-577,-554,-398,-142,145,404,574,614,507,279,-17,-318,-540,-642,-604,-417,-123,203,483,652,668,528,259,-76,-401,-634,-720,-643,-409,-72,290,590,759,757,568,244,-142,-503,-755,-836,-732,-456,-59,361,691,879,873,662,297,-143,-568,-853,-951,-849,-551,-119,345,729,945,954,756,384,-74,-523,-858,-1000,-923,-639,-205,271,685,942,993,820,467,14,-440,-792,-969,-929,-686,-290,166,582,862,948,816,499,84,-351,-704,-890,-876,-668,-302,124,514,785,0,760,477,86,-326,-664,-850,-833,-629,-287,131,519,794,885,774,484,78,-353,-698,-886,-879,-674,-316,121,537,839,950,844,555,147,-313,-707,-939,-971,-784,-418,40,487,839,1003,946,678,256,-213,-638,-929,-1015,-873,-540,-95,380,775,996,997,785,402,-70,-531,-879,-1022,-947,-679,-261,218,645,935,1020,886,566,129,-329,-711,-944,-968,-788,-451,-19,406,741,908,884,672,321,-88,-465,-733,-844,-776,-546,-206,163,490,702,765,666,429,106,-223,-495,-661,-684,-569,-348,-55,245,486,617,627,520,313,48,-215,-437,-567,-595,-527,-370,-152,72,267,411,480,474,408,300,166,0,0,0,0,0,394,345,238,76,-124,-333,-516,-626,-639,-544,-354,-87,212,487,683,754,684,475,164,-188,-516,-759,-860,-789,-555,-192,229,614,887,990,885,594,168,-312,-741,-1037,-1126,-981,-624,-131,404,884,1190,1253,1053,630,67,-521,-1014,-1311,-1345,-1093,-609,6,630,1133,1405,1390,1086,546,-115,-749,-1222,-1447,-1377,-1019,-436,229,835,1277,1445,1301,885,286,-365,-931,-1298,-1391,-1183,-720,-115,503,1008,1287,1289,1020,528,-70,-640,-1064,-1247,-1160,-827,-310,259,758,1090,1177,1002,618,104,-417,-847,-1087,-1074,-821,-400,101,572,909,1035,930,624,194,-279,-687,-928,-959,-777,-424,19,455,779,923,857,0,203,-223,-600,-837,-878,-720,-403,7,406,713,853,794,562,206,-197,-552,-780,-828,-686,-390,-5,375,663,801,756,537,197,-182,-509,-723,-778,-644,-359,-3,343,608,733,688,482,171,-175,-480,-667,-694,-564,-314,12,331,563,663,600,395,111,-191,-452,-608,-612,-463,-219,68,339,526,585,508,310,42,-229,-445,-552,-523,-376,-141,129,363,507,526,421,216,-34,-276,-448,-507,-450,-288,-57,188,386,488,472,344,140,-97,-310,-450,-479,-394,-219,6,227,389,455,418,281,76,-145,-325,-423,-421,-320,-142,68,262,391,424,355,194,-10,-208,-355,-416,-377,-243,-47,161,331,0,0,0,0,0,328,144,-74,-281,-424,-467,-401,-238,-9,222,404,495,468,327,109,-139,-361,-502,-526,-427,-225,39,294,484,567,516,337,80,-198,-438,-584,-590,-458,-216,82,362,566,631,556,355,58,-259,-511,-649,-637,-469,-185,146,447,651,707,592,332,-15,-354,-615,-745,-702,-487,-155,219,556,771,804,654,348,-47,-435,-728,-860,-809,-567,-172,261,633,875,919,753,419,-20,-462,-799,-961,-913,-657,-250,215,637,920,998,852,514,65,-405,-780,-984,-968,-741,-345,127,565,875,992,889,587,157,-304,-696,-929,-951,-757,-403,37,462,783,925,850,587,198,-235,-609,-841,-878,-717,-398,0,421,726,868,807,557,182,-232,-601,-826,-863,-702,-377,36,443,748,890,834,584,200,-235,-623,-868,-918,-763,-436,-5,433,774,950,923,681,278,-187,-612,-900,-994,-870,-553,-112,362,753,978,992,787,413,-58,-520,-862,-1015,-952,-674,-245,230,660,946,1027,885,550,91,-388,-775,-990,-1002,-802,-421,46,497,840,1000,948,693,293,-159,-571,-856,-958,-855,-576,-179,244,604,834,881,734,445,74,-311,-622,-787,-780,-612,-323,22,356,604,723,687,511,237,-80,-375,-584,-666,-618,-449,-188,105,363,543,622,579,429,211,-40,-275,-451,-545,-556,-479,-336,-153,29,183,288,336,0,0,0,0,0,149,300,432,524,544,484,338,118,-141,-390,-585,-698,-689,-545,-294,24,351,620,779,789,641,359,-13,-400,-714,-891,-897,-725,-388,41,477,834,1031,1025,805,403,-102,-596,-984,-1182,-1132,-848,-383,185,727,1130,1308,1220,872,333,-285,-852,-1255,-1406,-1263,-855,-267,382,961,1344,1452,1254,792,164,-501,-1055,-1386,-1435,-1175,-675,-39,610,1128,1402,1377,1064,527,-122,-717,-1161,-1360,-1259,-881,-330,278,827,1188,1286,1106,691,128,-445,-914,-1178,-1180,-925,-473,74,594,972,1133,1049,733,263,-258,-712,-1004,-1065,-891,-520,-45,424,799,996,962,714,309,-154,-569,-860,-947,-819,-516,-96,342,0,884,872,662,301,-119,-503,-778,-873,-768,-490,-107,303,640,824,817,632,301,-100,-467,-727,-818,-727,-473,-111,275,591,764,764,592,285,-82,-426,-674,-761,-669,-429,-98,254,546,707,700,530,246,-90,-402,-610,-678,-588,-363,-55,261,510,631,603,436,174,-127,-396,-568,-603,-495,-272,9,282,486,577,522,340,91,-179,-407,-529,-522,-392,-174,83,319,479,522,435,251,9,-234,-420,-498,-459,-319,-101,140,348,472,479,372,179,-51,-269,-420,-469,-407,-247,-36,185,361,449,423,303,108,-111,-296,-409,-424,-332,-165,39,236,370,418,367,219,21,-181,-337,-420,-397,-277,0,0
10781,mtk,MTK 7916,4082731682,rx2-tx1,512,0,0,0,116,132,113,66,10,-42,-86,-106,-97,-66,-21,32,72,95,94,68,28,-12,-51,-78,-86,-82,-59,-24,15,54,79,83,77,57,31,-3,-32,-53,-65,-75,-77,-60,-37,-11,20,49,75,98,101,85,49,4,-46,-95,-137,-157,-148,-107,-45,37,120,184,218,214,163,67,-40,-146,-237,-278,-261,-198,-82,55,193,298,345,321,225,79,-88,-245,-354,-389,-343,-227,-56,134,299,399,416,350,202,13,-180,-345,-441,-441,-346,-174,38,242,389,458,423,298,113,-99,-289,-419,-452,-386,-238,-38,169,341,441,434,322,143,-68,-266,-409,-459,-391,-233,-32,180,363,0,459,342,152,-78,-301,-458,-516,-462,-297,-55,199,422,554,561,445,227,-50,-316,-520,-627,-595,-426,-155,152,432,622,680,597,381,62,-271,-541,-707,-720,-571,-300,42,384,645,773,734,531,214,-162,-508,-747,-830,-733,-479,-113,287,631,838,869,725,425,22,-398,-732,-916,-915,-721,-373,57,478,796,950,915,697,326,-113,-526,-826,-955,-897,-655,-279,154,548,828,928,844,592,223,-187,-548,-794,-874,-775,-525,-175,202,537,756,812,711,476,150,-193,-486,-685,-746,-659,-453,-162,155,431,615,685,631,458,220,-44,-300,-495,-597,-596,-510,-360,-170,35,208,325,382,378,0,0,0,0,0,91,34,-35,-124,-205,-259,-284,-274,-211,-108,21,157,276,349,361,311,203,51,-121,-280,-393,-434,-395,-272,-91,116,315,467,528,478,327,111,-137,-383,-568,-639,-580,-404,-136,168,453,668,755,694,493,181,-187,-525,-772,-878,-813,-575,-217,190,575,855,967,892,641,258,-189,-606,-905,-1020,-932,-667,-267,198,618,918,1034,940,654,232,-222,-636,-926,-1021,-897,-597,-191,253,663,919,980,845,527,101,-338,-697,-907,-933,-756,-422,-6,411,733,894,865,654,306,-100,-489,-764,-876,-800,-556,-188,210,560,787,842,724,452,81,-307,-628,-802,-804,-639,-328,51,405,675,804,0,531,201,-168,-495,-717,-785,-679,-419,-76,281,572,742,749,589,299,-55,-402,-658,-762,-702,-489,-168,191,508,713,758,630,372,31,-329,-609,-756,-744,-562,-257,99,432,675,773,704,481,148,-211,-511,-709,-758,-636,-379,-48,295,571,716,707,550,279,-54,-367,-593,-690,-629,-432,-150,157,423,596,636,526,312,42,-239,-455,-558,-544,-413,-196,61,293,459,522,469,309,82,-151,-343,-456,-470,-383,-217,1,209,359,422,398,295,132,-63,-238,-352,-379,-327,-215,-65,103,244,323,325,256,140,-3,-132,-227,-278,-261,-184,-79,35,136,205,228,198,122,22,-63,-128,-171,0,0,0,0,0,-66,1,63,102,114,102,67,14,-39,-78,-101,-97,-65,-26,19,59,86,94,77,41,4,-37,-68,-82,-81,-66,-40,-8,25,54,71,70,63,55,39,4,-32,-56,-69,-74,-76,-70,-44,-10,30,74,112,127,126,109,62,-5,-69,-136,-188,-192,-157,-97,-11,86,174,237,260,224,136,25,-101,-220,-295,-310,-263,-160,-11,143,274,358,361,283,146,-20,-189,-333,-412,-396,-295,-132,60,245,380,440,402,281,99,-113,-298,-422,-454,-395,-247,-47,170,347,440,439,351,181,-31,-240,-390,-451,-416,-290,-98,116,306,423,440,361,197,-17,-228,-384,-451,-421,-299,0,139,332,453,482,397,212,-24,-262,-450,-547,-517,-367,-135,133,379,554,613,526,319,46,-240,-485,-634,-645,-510,-261,48,350,588,702,662,480,185,-158,-467,-682,-754,-665,-427,-81,283,592,770,786,644,347,-37,-407,-700,-856,-817,-600,-265,138,518,794,908,836,580,191,-234,-610,-874,-965,-841,-545,-135,304,672,908,962,817,506,92,-347,-703,-907,-932,-763,-441,-33,374,702,885,882,701,380,-2,-372,-671,-832,-810,-636,-344,20,378,640,768,748,583,308,-15,-325,-572,-704,-691,-551,-321,-36,249,486,629,648,562,395,165,-79,-292,-447,-531,-528,-452,-329,-188,-44,0,0,0,0,0,167,205,220,204,158,83,-25,-137,-237,-308,-331,-306,-223,-91,64,215,335,397,385,307,164,-27,-223,-384,-472,-468,-375,-212,5,240,437,553,565,459,257,-12,-297,-525,-662,-677,-552,-309,3,336,615,778,790,648,370,4,-377,-693,-879,-903,-748,-435,-23,398,744,953,978,808,468,30,-415,-780,-995,-1010,-819,-467,-19,434,800,1008,1013,808,437,-18,-452,-799,-994,-972,-746,-376,72,503,821,967,909,664,281,-158,-550,-825,-925,-822,-547,-170,243,601,835,887,740,439,51,-346,-671,-845,-838,-646,-323,64,437,712,835,775,545,210,-169,-517,-744,-815,-709,-441,-83,0,598,763,767,604,316,-42,-391,-655,-770,-726,-517,-188,172,493,705,765,653,389,44,-304,-589,-747,-746,-569,-263,92,426,674,771,701,470,135,-227,-540,-735,-772,-648,-379,-24,331,606,753,750,574,271,-76,-410,-645,-738,-685,-476,-166,173,475,656,694,593,356,46,-264,-514,-642,-629,-487,-237,51,321,528,608,549,372,119,-149,-381,-525,-550,-454,-257,-15,225,408,500,482,351,147,-75,-278,-416,-450,-396,-261,-65,135,299,394,405,320,167,-7,-173,-300,-353,-331,-241,-102,49,190,281,302,264,169,42,-85,-188,-244,-246,-195,-106,3,103,169,194,180,127,51,0,0
10782,mtk,MTK 7916,4082864017,rx0-tx0,512,-195,-618,-636,673,510,298,56,-184,-412,-590,-711,-768,-761,-677,-514,-315,-81,173,414,616,769,841,842,745,573,320,33,-271,-558,-789,-943,-988,-930,-764,-504,-173,174,504,787,987,1061,1024,866,599,276,-83,-442,-733,-945,-1038,-1012,-876,-645,-343,-13,306,590,809,925,938,851,660,419,130,-165,-427,-649,-786,-824,-778,-641,-448,-221,33,262,456,593,659,653,583,450,283,85,-106,-300,-423,-513,-547,-509,-439,-319,-170,-8,144,285,372,439,445,394,315,198,64,-55,-181,-270,-301,-313,-284,-221,-148,-65,23,87,132,171,170,161,124,79,50,29,8,2,-1,-3,-8,-21,-34,-588,-77,-91,-116,-122,-101,-70,-25,25,66,108,134,159,163,137,97,58,-1,-46,-85,-109,-123,-130,-122,-100,-93,-71,-44,-23,3,28,55,82,114,140,166,186,181,158,115,45,-42,-149,-242,-326,-385,-384,-357,-262,-124,32,211,382,521,595,601,519,366,166,-91,-341,-559,-710,-767,-740,-604,-389,-122,173,447,672,819,850,779,607,358,56,-251,-517,-731,-849,-846,-750,-558,-301,-6,292,536,708,796,777,665,477,233,-42,-305,-511,-652,-715,-684,-565,-384,-162,80,303,486,603,636,586,462,273,59,-164,-358,-504,-571,-541,-425,-246,-35,179,339,424,415,318,173,-294,-425,-8,-266,-187,-315,-283,-154,18,213,379,485,500,426,267,62,-161,-367,-509,-585,-576,-469,-308,-84,144,362,535,627,641,572,412,202,-37,-279,-483,-616,-665,-623,-512,-330,-103,142,355,523,614,629,566,421,234,30,-175,-348,-471,-522,-500,-433,-317,-161,2,147,256,327,358,339,290,210,114,33,-40,-106,-147,-162,-150,-140,-122,-108,-94,-77,-62,-47,-20,3,26,66,114,154,182,206,206,189,152,85,8,-90,-185,-270,-338,-371,-358,-302,-214,-91,56,202,328,430,486,492,437,324,165,-10,-191,-369,-494,-584,-598,-554,-446,-271,-57,159,357,535,647,689,659,550,379,156,-291,-300,-515,-660,-744,-747,-656,-495,-268,-14,237,488,676,797,834,765,617,406,142,-140,-406,-638,-785,-851,-818,-708,-508,-263,23,295,525,707,811,815,746,601,402,157,-99,-345,-551,-700,-797,-792,-717,-593,-390,-160,100,346,563,726,824,832,765,624,406,141,-123,-408,-653,-819,-920,-924,-830,-654,-398,-88,236,536,780,963,1044,1007,865,617,301,-57,-401,-721,-955,-1085,-1098,-989,-768,-476,-115,264,602,879,1065,1135,1070,885,612,274,-103,-448,-769,-984,-1087,-1078,-951,-708,-397,-51,299,607,848,991,1026,948,758,505,198,-119,-411,-668,-837,-912,-907,-785,-594,-350,-68,209,-336,-343,-621,-97,87,-414,-600,-731,-779,-758,-659,-494,-293,-65,170,402,592,715,789,783,699,549,328,71,-208,-469,-691,-846,-911,-896,-772,-562,-276,49,374,669,899,1023,1030,927,713,408,50,-304,-637,-885,-1031,-1071,-975,-763,-475,-130,214,532,788,950,995,931,773,527,229,-83,-388,-635,-802,-885,-858,-753,-563,-306,-33,235,467,634,735,748,669,537,349,133,-85,-288,-452,-562,-604,-589,-506,-370,-224,-39,136,282,402,472,492,463,381,261,130,-34,-166,-282,-366,-390,-375,-332,-224,-120,-17,95,172,226,254,239,192,146,86,24,-19,-65,-77,-80,-86,-79,-67,-59,-51,-59,-68,-77,321,-37,-19,3,42,83,118,147,148,132,101,62,22,-36,-87,-120,-143,-154,-136,-114,-79,-48,-11,29,50,65,93,98,108,114,116,116,111,89,58,22,-30,-93,-151,-211,-262,-286,-278,-225,-155,-32,100,241,377,452,495,481,404,253,60,-164,-386,-553,-672,-707,-644,-497,-271,-8,267,519,698,806,808,707,516,245,-61,-354,-606,-785,-864,-826,-692,-479,-187,118,403,644,788,842,776,615,393,122,-164,-417,-611,-733,-754,-684,-525,-323,-77,182,405,566,655,661,586,440,235,1,-223,-413,-545,-594,-567,-458,-290,-73,151,344,470,517,464,325,143,-55,-215,-309,-459,-384,-320,209,289,75,233,360,419,395,283,103,-106,-307,-464,-550,-545,-451,-278,-67,169,374,531,612,606,521,358,137,-96,-332,-519,-627,-662,-611,-473,-270,-29,209,418,582,660,648,549,386,176,-45,-273,-447,-557,-589,-550,-438,-282,-95,88,243,375,446,450,395,309,187,54,-65,-159,-225,-256,-254,-237,-192,-141,-78,-31,7,31,47,60,72,84,100,115,123,133,142,129,95,56,-5,-70,-138,-204,-257,-289,-294,-255,-190,-100,12,137,249,351,417,435,394,314,194,42,-120,-279,-415,-506,-542,-523,-437,-301,-130,74,262,441,575,642,629,562,419,218,-6,-233,-440,-603,-706,374,-674,-535,-327,-94,163,400,595,742,788,762,654,454,218,-63,-337,-564,-738,-833,-827,-740,-567,-320,-45,236,489,690,814,845,777,634,437,184,-76,-325,-537,-701,-789,-797,-735,-583,-396,-159,106,330,554,711,794,809,740,607,405,158,-110,-365,-598,-777,-870,-884,-819,-634,-401,-128,171,467,712,905,990,977,846,635,352,14,-318,-630,-873,-1032,-1074,-1006,-824,-541,-204,155,502,791,996,1116,1085,946,708,385,16,-363,-692,-940,-1093,-1118,-1024,-824,-513,-164,195,547,828,1004,1071,1023,863,616,298,-39,-373,-652,-854,-962,-959,-867,-676,-410,-121,183,456,664,808,863,824,-80,41
10783,mtk,MTK 7916,4082864017,rx0-tx1,512,-172,61,305,-753,-909,-980,-945,-799,-567,-263,70,404,710,944,1076,1084,983,774,473,111,-269,-619,-916,-1112,-1195,-1141,-959,-676,-308,101,495,841,1103,1246,1247,1119,866,510,103,-319,-709,-1025,-1233,-1299,-1231,-1024,-711,-320,106,515,871,1130,1274,1275,1139,886,542,136,-280,-660,-976,-1177,-1260,-1219,-1034,-749,-389,15,411,759,1023,1191,1222,1127,913,612,246,-144,-517,-835,-1050,-1157,-1151,-1022,-782,-479,-118,257,594,868,1051,1118,1060,915,664,342,-4,-346,-644,-873,-1013,-1040,-968,-800,-539,-242,80,395,662,860,963,975,887,715,468,178,-128,-423,-672,-860,-957,-959,-859,-673,-420,-117,205,500,-430,929,1004,978,850,622,328,-5,-352,-650,-887,-1030,-1060,-971,-773,-482,-147,209,552,826,1020,1096,1035,866,592,258,-117,-460,-765,-981,-1079,-1051,-903,-658,-343,18,369,673,892,1007,1000,884,683,389,68,-255,-551,-760,-886,-906,-822,-653,-411,-141,145,396,602,727,760,730,612,438,217,-15,-234,-410,-543,-613,-619,-549,-431,-285,-107,81,244,390,483,514,495,424,313,178,24,-133,-262,-359,-420,-431,-403,-335,-233,-105,29,153,259,336,372,372,326,252,150,22,-97,-205,-281,-328,-342,-302,-232,-133,-18,92,193,270,298,290,244,152,44,-65,-161,-226,-240,-208,-135,-52,-610,-417,-248,-659,-245,279,295,243,129,-24,-182,-320,-409,-425,-371,-259,-105,69,235,372,461,486,449,343,197,21,-152,-313,-442,-520,-538,-483,-374,-218,-34,164,336,487,587,621,577,464,287,87,-142,-362,-542,-669,-711,-681,-567,-380,-140,119,373,582,746,813,780,649,449,187,-95,-381,-618,-775,-856,-830,-698,-494,-231,69,354,603,775,843,821,698,502,254,-24,-294,-519,-684,-767,-757,-666,-514,-287,-54,185,396,546,647,666,615,500,344,157,-44,-228,-384,-501,-558,-563,-506,-405,-272,-110,58,209,344,440,494,499,458,373,255,117,-41,-190,-324,-428,-484,-502,-470,-386,-273,-120,42,230,344,462,529,542,501,397,253,79,-106,-281,-429,-528,-572,-553,-479,-353,-187,-2,185,348,471,544,559,507,413,268,101,-69,-234,-367,-460,-506,-491,-432,-326,-195,-53,90,214,317,389,424,410,356,291,191,77,-38,-147,-234,-309,-348,-365,-349,-306,-242,-153,-60,51,158,249,322,370,392,375,332,254,145,18,-108,-243,-361,-441,-485,-478,-426,-331,-200,-45,122,278,419,518,567,560,498,380,210,27,-170,-351,-501,-597,-639,-625,-534,-398,-212,6,218,417,573,681,715,676,561,391,175,-65,-299,-517,-678,-769,-786,-720,-578,-369,-120,144,403,623,785,863,856,756,-636,-892,-135,930,893,-581,-311,-5,316,610,845,995,1032,970,795,529,193,-163,-508,-811,-1032,-1143,-1121,-982,-737,-397,-14,382,733,1015,1193,1234,1140,922,601,206,-214,-606,-942,-1171,-1276,-1249,-1080,-798,-416,6,425,804,1088,1263,1296,1187,953,622,225,-203,-600,-934,-1163,-1277,-1248,-1093,-820,-457,-64,347,719,1005,1188,1244,1169,965,672,310,-86,-468,-793,-1039,-1176,-1184,-1080,-849,-538,-180,198,555,846,1047,1148,1113,961,721,411,52,-298,-614,-877,-1029,-1075,-1016,-853,-604,-290,47,363,655,866,985,1006,922,746,497,203,-105,-402,-662,-854,-956,-964,-872,-693,-444,-152,156,454,705,892,985,967,850,-1099,379,62,-262,-566,-817,-973,-1040,-986,-820,-570,-249,105,449,751,970,1071,1066,931,692,382,15,-347,-668,-916,-1066,-1085,-983,-779,-472,-120,241,574,836,1008,1061,988,804,531,201,-150,-460,-726,-906,-963,-932,-780,-545,-263,50,334,581,751,831,818,707,532,291,47,-197,-414,-573,-673,-692,-635,-515,-347,-144,58,246,389,497,560,550,489,382,223,57,-104,-249,-364,-442,-476,-453,-378,-273,-138,2,136,249,341,393,397,359,285,182,66,-56,-171,-262,-333,-355,-336,-283,-196,-95,28,142,237,300,319,298,244,151,37,-70,-173,-247,-276,-263,-210,-117,-14,82,149,180,691,839,-53,-661,-897,47,-87,-224,-327,-371,-344,-253,-107,66,232,366,448,460,405,295,139,-30,-205,-356,-461,-507,-490,-418,-291,-125,63,249,405,519,579,561,479,351,166,-45,-257,-449,-582,-653,-661,-580,-436,-228,9,256,478,652,748,757,672,518,296,25,-256,-508,-699,-811,-828,-760,-579,-346,-63,232,495,693,825,849,775,612,370,90,-186,-447,-643,-777,-818,-759,-611,-400,-146,114,344,543,673,718,694,578,418,215,-7,-219,-399,-531,-607,-621,-564,-461,-304,-123,63,238,378,477,534,521,469,372,237,91,-59,-206,-334,-424,-480,-489,-451,-375,-253,-111,38,197,328,439,507,516,-198,405,274,111,-62,-240,-391,-500,-561,-556,-495,-380,-223,-41,148,320,460,549,581,547,448,308,132,-52,-229,-374,-488,-534,-531,-468,-360,-224,-63,92,240,354,427,457,441,384,300,190,64,-67,-173,-270,-347,-382,-387,-351,-293,-211,-111,-8,101,195,276,333,362,371,338,281,196,96,-19,-131,-239,-332,-397,-426,-418,-381,-290,-173,-34,114,260,385,477,525,518,462,360,209,41,-138,-314,-464,-567,-610,-596,-518,-383,-205,-11,196,387,534,645,677,646,548,391,190,-37,-264,-470,-627,-727,-748,-699,-575,-383,-152,97,344,559,722,808,817,741,581,357,86,-191,-462,683,267
10784,mtk,MTK 7916,4082864017,rx1-tx0,512,7,-224,-893,282,128,-48,-219,-358,-456,-499,-481,-401,-268,-105,82,246,389,486,519,490,405,264,85,-105,-287,-433,-526,-569,-535,-434,-287,-98,104,293,456,576,621,597,498,338,132,-85,-306,-500,-633,-699,-686,-587,-421,-201,47,296,517,686,771,785,701,536,300,28,-257,-524,-735,-870,-899,-829,-668,-423,-111,213,514,765,936,998,950,783,529,202,-154,-494,-773,-968,-1061,-1019,-866,-613,-278,90,437,737,952,1061,1042,911,674,359,12,-337,-637,-859,-992,-1000,-910,-726,-461,-160,167,474,714,881,948,926,805,598,335,34,-260,-525,-744,-892,-946,-894,-760,-544,-275,40,348,623,231,979,1011,937,760,500,168,-177,-521,-815,-1019,-1116,-1092,-948,-696,-357,26,416,771,1045,1204,1236,1113,878,526,120,-313,-719,-1051,-1263,-1339,-1262,-1036,-688,-260,202,652,1027,1291,1418,1372,1175,853,422,-59,-553,-988,-1292,-1468,-1476,-1314,-1009,-579,-81,448,923,1295,1522,1566,1453,1148,716,180,-377,-894,-1310,-1576,-1654,-1535,-1203,-743,-196,393,936,1353,1600,1634,1477,1130,657,104,-464,-953,-1319,-1505,-1511,-1315,-959,-512,-6,486,894,1195,1324,1285,1094,765,370,-68,-482,-823,-1043,-1137,-1078,-878,-579,-202,184,542,817,972,986,859,606,271,-89,-438,-696,-833,-814,-653,-375,-49,248,454,525,1329,1057,139,-526,-821,505,608,571,393,106,-233,-549,-775,-860,-793,-604,-295,70,427,717,915,984,898,692,397,32,-341,-677,-932,-1068,-1067,-917,-652,-296,106,507,846,1086,1201,1173,987,682,272,-171,-612,-983,-1233,-1341,-1284,-1074,-728,-280,209,671,1062,1345,1464,1406,1175,781,322,-204,-718,-1142,-1437,-1565,-1504,-1262,-869,-355,193,720,1182,1490,1612,1552,1311,903,393,-187,-727,-1172,-1476,-1611,-1543,-1305,-916,-420,129,644,1079,1378,1521,1490,1282,934,480,-12,-491,-920,-1231,-1396,-1412,-1258,-980,-592,-141,317,739,1064,1269,1349,1265,1047,719,323,-124,-548,-905,-1163,-1294,-1292,-1134,-855,-489,-75,354,747,1047,1235,-49,1228,1012,679,286,-153,-573,-938,-1209,-1332,-1309,-1153,-857,-458,-6,441,855,1175,1362,1399,1276,1014,625,155,-334,-782,-1160,-1382,-1459,-1367,-1099,-722,-255,237,711,1093,1348,1454,1377,1131,768,330,-155,-618,-996,-1263,-1379,-1337,-1129,-800,-386,53,496,867,1130,1258,1242,1078,799,436,36,-357,-703,-961,-1109,-1125,-1014,-789,-474,-125,228,552,797,954,994,918,744,485,186,-128,-420,-647,-807,-863,-819,-693,-484,-222,42,308,533,681,762,737,633,465,240,-4,-239,-438,-584,-658,-655,-570,-421,-225,-10,201,386,522,587,581,506,367,186,-10,-201,-368,-483,-533,-528,-447,-322,-158,30,205,739,370,-293,1376,1082,-396,-476,-492,-445,-338,-197,-25,150,309,429,499,502,444,337,180,1,-177,-333,-459,-529,-536,-475,-350,-186,6,208,380,508,582,581,513,390,210,1,-212,-403,-553,-635,-655,-601,-471,-274,-49,195,417,596,707,743,694,566,364,124,-140,-401,-625,-787,-851,-825,-691,-487,-215,87,384,641,841,943,932,817,613,325,-6,-341,-648,-878,-1018,-1036,-926,-709,-415,-64,300,620,881,1042,1074,979,778,486,139,-226,-552,-824,-992,-1048,-992,-816,-561,-242,100,411,685,872,967,970,856,654,391,86,-217,-502,-731,-878,-938,-896,-773,-571,-310,-2,296,565,782,923,974,909,758,-568,229,-98,-423,-706,-925,-1045,-1050,-955,-737,-435,-81,289,636,918,1115,1181,1123,926,624,244,-166,-570,-914,-1165,-1281,-1260,-1092,-795,-406,36,481,880,1181,1352,1377,1240,958,568,100,-386,-814,-1164,-1384,-1456,-1365,-1103,-720,-267,248,719,1124,1403,1525,1475,1240,874,387,-130,-650,-1112,-1440,-1609,-1583,-1369,-992,-485,87,655,1143,1469,1647,1624,1384,973,431,-146,-701,-1161,-1471,-1602,-1522,-1255,-840,-326,215,728,1111,1355,1435,1319,1059,670,201,-268,-692,-1006,-1182,-1222,-1101,-843,-489,-88,319,669,925,1056,1040,891,620,274,-103,-457,-737,-894,-919,-793,-540,-206,146,456,657,709,610,397,138,164,823,-35,754,390,233,-24,-325,-579,-734,-745,-601,-327,22,369,667,876,938,843,621,314,-53,-414,-715,-935,-1035,-989,-810,-519,-156,237,603,898,1088,1147,1052,818,483,76,-353,-746,-1061,-1247,-1275,-1155,-870,-491,-35,428,850,1182,1375,1395,1244,949,535,40,-462,-935,-1281,-1473,-1512,-1350,-1034,-589,-68,476,958,1340,1553,1575,1427,1105,631,91,-461,-964,-1348,-1570,-1609,-1447,-1119,-664,-118,430,909,1294,1523,1563,1414,1106,680,188,-337,-811,-1183,-1405,-1465,-1375,-1131,-756,-318,171,623,1001,1262,1382,1350,1163,843,450,2,-445,-826,-1110,-1283,-1320,-1198,-952,-602,-198,236,645,980,1206,1302,1254,1065,760,382,425,-448,-836,-1119,-1283,-1310,-1188,-945,-588,-157,289,709,1061,1289,1369,1306,1100,759,330,-146,-608,-1004,-1292,-1433,-1403,-1228,-895,-459,23,525,958,1273,1448,1450,1284,954,535,48,-449,-882,-1203,-1388,-1415,-1263,-979,-591,-131,344,769,1090,1273,1318,1219,966,612,198,-232,-623,-929,-1132,-1192,-1122,-928,-637,-276,108,470,769,971,1054,1024,871,629,330,-6,-327,-606,-813,-913,-915,-802,-611,-361,-68,213,471,675,781,797,732,571,361,112,-152,-382,-564,-683,-713,-663,-539,-352,-127,111,325,490,595,625,586,479,309,109,-100,-293,-446,-538,-560,-519,-412,-254,-75,113,284,410,494,514,467,545,833
10785,mtk,MTK 7916,4082864017,rx1-tx1,512,0,0,0,625,528,318,31,-270,-527,-668,-671,-541,-282,39,348,591,714,684,508,228,-99,-412,-642,-736,-670,-471,-173,165,471,674,728,630,404,92,-241,-517,-680,-709,-583,-326,-2,319,571,696,676,497,209,-124,-432,-646,-720,-630,-401,-89,247,542,715,725,584,310,-43,-389,-655,-791,-758,-552,-222,157,501,752,851,764,515,161,-244,-605,-832,-882,-761,-474,-78,333,676,891,912,741,421,15,-401,-742,-927,-918,-724,-381,47,466,791,945,912,701,341,-83,-493,-794,-932,-883,-662,-306,109,490,778,899,834,601,249,-147,-507,-750,-834,-750,-516,-177,190,513,725,785,664,410,0,-255,-537,-705,-711,-570,-310,9,332,588,712,681,509,236,-88,-401,-625,-725,-671,-468,-168,166,472,683,755,665,447,141,-201,-504,-701,-763,-668,-443,-129,209,501,682,734,639,417,116,-203,-467,-635,-676,-570,-355,-80,194,422,559,577,476,272,12,-241,-426,-503,-474,-350,-153,76,288,434,475,396,240,40,-179,-369,-473,-473,-378,-195,34,255,426,513,501,389,195,-48,-279,-457,-544,-526,-403,-203,27,245,427,519,508,396,217,1,-204,-366,-456,-453,-357,-198,-6,177,325,405,404,336,210,35,-146,-286,-378,-408,-360,-253,-115,41,181,288,348,357,320,251,155,0,0,0,0,0,-189,-98,13,150,293,418,494,502,442,315,118,-114,-336,-509,-619,-630,-533,-348,-97,190,454,655,743,694,516,246,-85,-412,-670,-812,-814,-657,-362,0,376,691,884,923,788,494,101,-331,-705,-955,-1027,-903,-600,-191,258,672,967,1081,994,719,299,-181,-612,-930,-1077,-1012,-743,-332,145,580,899,1039,968,706,313,-152,-578,-885,-1011,-926,-653,-260,198,620,904,1004,896,602,192,-263,-660,-926,-1000,-873,-564,-141,302,694,952,1003,838,500,62,-370,-741,-971,-987,-794,-432,11,452,811,997,978,763,377,-91,-543,-886,-1054,-999,-733,-323,158,622,962,1106,1024,734,282,-232,0,-1038,-1164,-1061,-742,-264,277,760,1091,1206,1086,740,230,-323,-810,-1137,-1230,-1081,-712,-192,367,852,1170,1252,1073,683,156,-411,-881,-1171,-1232,-1039,-638,-102,456,901,1162,1189,973,558,34,-500,-935,-1170,-1159,-908,-471,53,559,946,1139,1101,832,391,-133,-609,-961,-1108,-1020,-725,-284,213,653,952,1054,934,612,176,-281,-689,-944,-994,-841,-520,-94,347,699,897,916,740,412,6,-388,-689,-851,-834,-632,-301,77,424,671,769,710,499,182,-160,-448,-631,-681,-573,-344,-51,245,490,613,601,454,206,-79,-340,-530,-595,-521,-333,-76,198,428,566,577,458,233,-41,-307,-510,-601,-553,0,0,0,0,0,68,350,564,659,609,430,157,-160,-441,-638,-702,-613,-391,-96,223,504,681,712,597,359,43,-291,-561,-711,-707,-561,-299,37,354,598,728,689,504,217,-120,-426,-637,-716,-643,-424,-109,217,495,674,691,559,311,-12,-339,-592,-717,-688,-498,-200,145,469,692,759,656,420,94,-275,-605,-797,-810,-661,-375,1,392,698,855,831,639,307,-91,-473,-761,-905,-853,-615,-247,173,557,837,950,853,577,192,-240,-621,-872,-959,-851,-559,-150,294,662,892,949,819,518,115,-303,-661,-879,-919,-765,-460,-64,334,650,839,853,686,388,24,-340,-636,-793,-769,-593,-300,53,387,633,0,685,506,217,-131,-440,-646,-720,-635,-416,-110,216,497,677,715,601,356,29,-302,-564,-715,-721,-582,-314,18,344,607,741,726,575,298,-36,-360,-612,-746,-729,-560,-282,47,358,590,697,672,522,259,-47,-329,-534,-628,-591,-430,-184,85,320,482,548,487,325,101,-139,-347,-467,-476,-383,-206,13,226,391,470,455,318,112,-108,-311,-462,-513,-446,-291,-75,160,374,510,540,463,303,85,-152,-362,-493,-531,-466,-311,-100,122,323,450,490,441,301,109,-95,-275,-398,-440,-397,-277,-108,78,237,350,407,383,290,144,-28,-187,-310,-386,-398,-347,-250,-126,1,114,204,259,0,0,0,0,0,-257,-347,-392,-386,-329,-224,-69,119,311,472,571,589,515,352,125,-132,-378,-574,-680,-672,-544,-317,-18,293,562,738,780,679,455,131,-231,-550,-791,-899,-821,-592,-249,154,531,819,975,941,719,365,-73,-508,-849,-1042,-1039,-839,-476,-17,448,823,1039,1065,888,540,91,-370,-766,-1014,-1058,-880,-530,-91,366,752,976,1007,840,487,45,-396,-761,-973,-981,-789,-437,3,444,799,979,963,746,377,-67,-496,-832,-995,-946,-708,-335,114,546,855,990,920,652,263,-184,-611,-905,-1013,-903,-605,-181,279,685,954,1028,886,557,110,-367,-776,-1026,-1066,-899,-541,-62,440,854,1093,1111,0,522,15,-508,-932,-1163,-1158,-925,-505,25,558,981,1208,1193,934,482,-70,-606,-1016,-1226,-1199,-926,-463,87,624,1036,1229,1178,891,407,-148,-666,-1051,-1214,-1135,-826,-344,210,715,1062,1197,1083,745,261,-279,-759,-1071,-1157,-1020,-674,-177,352,809,1076,1120,948,577,84,-417,-818,-1050,-1068,-859,-472,2,471,832,1011,980,747,360,-97,-517,-827,-965,-895,-644,-260,168,545,812,903,798,526,160,-228,-562,-774,-810,-668,-401,-61,290,571,720,709,542,261,-56,-349,-573,-666,-601,-412,-139,162,414,578,615,508,284,14,-263,-482,-583,-552,-408,-166,115,371,545,595,507,311,44,-243,0,0
10786,mtk,MTK 7916,4082864017,rx2-tx0,512,0,0,0,-383,-236,-34,181,357,459,457,353,171,-47,-264,-432,-505,-467,-323,-109,131,352,503,543,468,286,38,-219,-437,-562,-571,-453,-236,41,307,514,612,579,421,177,-116,-394,-583,-647,-568,-366,-87,221,488,653,680,556,304,-18,-337,-586,-713,-687,-514,-225,123,452,687,774,701,470,131,-239,-568,-789,-841,-712,-433,-57,343,683,879,892,723,395,-22,-439,-766,-938,-918,-711,-354,87,518,840,992,943,696,303,-150,-571,-882,-1015,-938,-665,-253,202,613,900,1006,904,615,202,-247,-648,-907,-984,-861,-558,-142,295,667,894,935,787,478,72,-345,-685,-879,-892,-717,-388,18,0,730,882,846,632,289,-118,-498,-772,-890,-812,-561,-194,213,583,832,910,797,513,118,-307,-666,-900,-952,-805,-489,-68,370,733,953,982,805,459,23,-425,-787,-987,-996,-800,-444,10,464,827,1023,1008,789,407,-48,-499,-857,-1042,-1016,-784,-392,75,528,874,1040,1009,772,376,-84,-532,-877,-1040,-1003,-766,-387,65,505,834,999,975,758,392,-40,-455,-777,-939,-917,-725,-392,11,398,698,854,840,672,378,15,-344,-622,-769,-767,-626,-367,-42,287,546,697,720,596,364,76,-213,-458,-622,-670,-596,-415,-170,96,338,516,607,599,501,338,134,-81,-266,-395,-461,-462,-411,-316,0,0,0,0,0,362,289,166,-7,-206,-405,-565,-657,-654,-555,-357,-87,208,477,681,781,747,576,297,-50,-403,-694,-861,-880,-743,-456,-70,340,708,959,1030,904,604,181,-297,-737,-1047,-1175,-1082,-776,-305,247,753,1128,1301,1229,925,438,-145,-716,-1162,-1392,-1367,-1083,-576,48,662,1155,1440,1452,1178,681,55,-580,-1111,-1430,-1473,-1231,-756,-137,505,1043,1374,1445,1235,784,180,-448,-979,-1311,-1385,-1191,-756,-177,418,914,1228,1303,1113,705,164,-403,-879,-1172,-1226,-1027,-627,-119,405,842,1105,1137,941,558,69,-429,-826,-1048,-1056,-849,-476,-19,440,808,1000,977,756,386,-51,-475,-796,-941,-893,-662,-296,0,522,791,896,822,575,205,-200,-563,-805,-872,-759,-489,-118,270,600,798,825,682,397,30,-339,-631,-795,-785,-605,-308,49,393,651,775,732,533,221,-132,-444,-663,-741,-655,-439,-136,198,488,663,692,574,338,32,-277,-518,-648,-636,-485,-233,63,344,550,627,569,389,125,-158,-405,-562,-590,-486,-288,-28,238,447,557,543,410,190,-72,-317,-483,-542,-485,-322,-89,158,366,490,508,417,235,2,-234,-413,-498,-476,-353,-152,85,294,438,479,422,274,66,-151,-334,-445,-457,-362,-190,16,216,371,442,413,293,108,-100,-280,-398,-428,-361,-216,-17,180,334,416,401,294,0,0,0,0,0,-233,-384,-450,-418,-294,-99,118,312,446,490,417,250,25,-208,-401,-511,-509,-400,-205,48,298,480,566,526,375,141,-133,-379,-542,-593,-518,-327,-63,214,455,602,620,504,275,-19,-313,-546,-656,-629,-466,-197,117,415,625,699,624,414,105,-237,-530,-708,-738,-609,-343,-2,352,643,801,785,596,280,-98,-473,-749,-873,-819,-585,-220,192,568,833,930,835,566,167,-272,-659,-912,-978,-844,-538,-112,337,718,951,993,830,496,55,-396,-762,-974,-987,-803,-454,-5,441,788,980,968,757,393,-46,-470,-797,-959,-921,-692,-324,107,513,806,929,860,612,237,-182,-562,-820,-902,0,-508,-133,274,622,835,869,730,429,34,-372,-694,-874,-874,-692,-360,52,459,774,929,895,671,301,-130,-538,-845,-981,-911,-655,-260,189,598,895,1014,922,646,234,-227,-646,-935,-1030,-916,-625,-207,263,680,959,1046,922,616,177,-297,-703,-978,-1058,-922,-598,-155,316,723,993,1062,914,592,155,-311,-721,-979,-1033,-893,-588,-168,276,667,921,992,865,574,184,-232,-603,-843,-909,-811,-559,-200,183,519,751,826,740,517,201,-145,-456,-676,-761,-691,-499,-219,97,385,594,689,657,499,256,-27,-297,-503,-621,-633,-540,-359,-125,121,334,486,565,558,476,343,178,14,-124,-230,0,0,0,0,0,239,380,487,549,545,462,296,69,-185,-426,-614,-721,-717,-586,-348,-45,277,566,767,837,754,530,200,-189,-554,-823,-957,-916,-697,-338,101,542,890,1086,1080,866,478,-11,-513,-934,-1191,-1227,-1036,-634,-94,475,958,1279,1363,1187,781,215,-403,-945,-1318,-1450,-1307,-908,-331,312,905,1322,1479,1359,984,425,-220,-833,-1280,-1471,-1379,-1020,-473,156,760,1205,1407,1345,1020,489,-132,-707,-1134,-1339,-1275,-959,-457,128,677,1082,1264,1197,895,413,-142,-654,-1026,-1185,-1110,-818,-360,160,638,978,1119,1028,732,290,-200,-638,-938,-1042,-935,-636,-211,244,639,902,978,845,542,130,-303,-661,-876,0,-752,-435,-37,370,691,860,857,676,351,-39,-419,-713,-854,-813,-604,-269,118,476,729,828,757,528,189,-180,-511,-733,-795,-687,-435,-97,252,548,723,746,608,341,6,-329,-588,-713,-688,-515,-233,88,384,595,674,610,418,134,-170,-437,-609,-640,-531,-315,-35,250,479,601,586,445,211,-66,-324,-501,-571,-519,-354,-113,151,382,523,541,447,256,9,-238,-428,-524,-503,-373,-169,76,303,463,519,454,292,72,-161,-357,-475,-491,-393,-215,4,225,392,470,445,328,137,-79,-276,-407,-448,-390,-251,-55,151,323,415,413,323,162,-35,-227,-366,-423,-380,-254,-75,130,303,0,0
10787,mtk,MTK 7916,4082864017,rx2-tx1,512,0,0,0,64,17,-35,-75,-97,-93,-68,-28,13,46,71,79,66,42,8,-31,-62,-79,-72,-49,-21,8,44,67,77,72,52,24,-5,-26,-43,-56,-57,-54,-45,-28,-14,1,15,32,48,58,59,64,59,39,11,-22,-60,-101,-125,-133,-114,-69,-6,70,139,185,206,193,137,46,-59,-154,-231,-273,-257,-193,-94,40,173,276,333,323,253,130,-26,-182,-308,-375,-374,-300,-167,7,187,335,422,423,337,183,-5,-194,-352,-440,-442,-365,-206,-5,189,347,449,457,366,209,9,-199,-359,-447,-445,-348,-176,19,214,375,457,435,314,139,-65,-264,-400,-455,-422,-296,-104,0,323,454,498,444,285,55,-187,-390,-516,-542,-461,-282,-34,228,445,588,610,509,295,21,-255,-495,-646,-672,-561,-324,-23,280,544,708,721,584,337,16,-310,-581,-749,-762,-620,-351,-8,346,638,812,822,665,376,11,-364,-685,-877,-892,-729,-423,-28,375,703,911,947,797,495,97,-328,-700,-945,-1006,-876,-576,-179,254,643,905,991,906,655,272,-163,-558,-844,-968,-906,-679,-336,59,441,734,890,872,692,395,32,-335,-627,-806,-833,-695,-443,-126,217,510,705,773,699,509,235,-74,-361,-570,-688,-695,-582,-381,-131,133,361,529,610,604,518,372,192,13,-145,-260,-323,0,0,0,0,0,52,-14,-87,-170,-247,-299,-317,-290,-214,-109,25,172,294,373,403,371,265,113,-67,-239,-385,-468,-466,-379,-225,-25,196,389,519,567,505,338,106,-154,-399,-584,-669,-644,-495,-239,78,393,650,793,795,657,392,42,-327,-651,-875,-937,-826,-569,-197,217,595,877,1020,968,725,355,-74,-496,-835,-1031,-1041,-852,-500,-65,378,756,997,1052,911,593,169,-269,-661,-931,-1021,-921,-644,-249,196,597,870,975,899,646,278,-134,-523,-804,-928,-862,-623,-276,114,480,748,865,809,594,274,-104,-463,-729,-848,-793,-578,-263,107,456,715,824,771,570,254,-112,-450,-700,-812,-756,-544,0,131,457,694,797,737,523,211,-145,-463,-693,-786,-713,-500,-190,159,476,697,783,703,480,164,-190,-510,-713,-773,-682,-453,-137,215,530,728,783,682,443,123,-227,-541,-743,-798,-691,-439,-105,239,543,735,778,669,434,124,-218,-517,-704,-747,-636,-403,-102,215,490,666,697,589,375,88,-217,-467,-615,-634,-530,-322,-55,212,430,557,568,471,277,32,-212,-409,-516,-511,-414,-234,-17,201,379,472,459,361,199,-1,-192,-342,-423,-414,-323,-170,13,180,304,368,355,279,154,-2,-152,-259,-310,-300,-236,-124,6,119,206,248,236,180,96,-1,-95,-158,-186,-176,-128,-58,0,0,0,0,0,92,108,102,73,28,-17,-53,-73,-75,-58,-28,6,41,67,75,69,42,4,-24,-52,-73,-73,-59,-41,-12,22,49,64,66,59,42,24,3,-19,-31,-38,-45,-47,-48,-47,-35,-15,5,31,56,76,93,98,85,57,12,-44,-95,-143,-174,-164,-119,-58,18,104,186,236,243,197,115,9,-110,-219,-285,-302,-267,-171,-34,109,238,329,359,322,223,74,-98,-252,-367,-407,-364,-253,-91,92,269,391,439,406,292,106,-96,-273,-402,-457,-422,-301,-113,96,283,411,453,412,287,105,-101,-285,-418,-467,-403,-259,-67,144,322,433,458,386,229,13,-201,-372,-466,0,-373,-190,40,259,426,511,495,375,174,-77,-316,-490,-573,-546,-402,-171,109,377,567,649,603,432,171,-133,-411,-613,-697,-644,-468,-180,148,447,662,747,690,489,184,-165,-491,-726,-806,-735,-518,-190,175,521,770,866,797,568,215,-186,-554,-820,-935,-867,-629,-269,150,551,844,980,926,704,344,-109,-525,-825,-987,-970,-772,-431,-11,408,747,946,960,797,493,98,-314,-658,-880,-939,-812,-538,-179,212,553,787,876,800,578,253,-105,-437,-680,-795,-769,-610,-336,-8,305,554,708,731,633,434,163,-127,-382,-570,-661,-649,-542,-361,-141,87,289,440,511,508,450,356,231,0,0,0,0,0,205,232,239,213,148,55,-61,-174,-271,-348,-372,-333,-245,-120,37,201,339,421,438,383,255,75,-126,-319,-461,-523,-492,-376,-185,56,294,492,603,610,508,308,36,-263,-523,-699,-754,-667,-451,-147,200,524,762,875,829,632,312,-77,-464,-771,-944,-961,-801,-491,-80,354,734,969,1032,914,633,226,-226,-634,-928,-1058,-985,-726,-339,109,534,852,1015,995,784,427,-12,-440,-778,-971,-972,-791,-458,-42,376,711,905,931,783,471,68,-331,-663,-867,-894,-747,-462,-88,303,633,837,868,728,450,90,-290,-613,-811,-836,-703,-441,-89,285,588,778,814,684,417,69,-293,-587,0,-788,-646,-378,-41,298,590,762,773,630,363,25,-317,-594,-754,-759,-603,-328,14,362,636,774,764,605,320,-39,-378,-643,-781,-763,-588,-296,60,399,659,794,765,583,286,-64,-400,-657,-789,-756,-575,-288,61,383,627,748,723,558,282,-44,-362,-600,-713,-684,-519,-250,54,345,561,654,625,464,210,-73,-331,-525,-613,-571,-406,-172,89,324,487,555,508,349,131,-106,-314,-456,-510,-462,-316,-116,99,292,416,457,406,274,94,-93,-256,-365,-401,-359,-241,-85,84,226,307,329,288,199,74,-67,-185,-255,-278,-245,-166,-56,63,158,208,214,181,119,36,-50,-116,-153,0,0
10788,mtk,MTK 7916,4082918282,rx0-tx0,512,-918,-531,-436,692,762,774,726,615,465,282,82,-126,-326,-497,-640,-742,-788,-775,-695,-558,-381,-161,76,314,545,738,863,919,908,810,631,385,109,-189,-483,-738,-920,-1029,-1035,-947,-782,-522,-218,99,410,684,888,1010,1041,968,805,572,294,-5,-292,-549,-748,-883,-929,-895,-777,-608,-387,-125,136,370,564,708,785,783,715,591,424,212,0,-194,-361,-516,-595,-627,-600,-529,-424,-279,-124,31,180,318,414,472,493,468,404,312,201,73,-50,-174,-277,-345,-376,-374,-335,-272,-180,-90,11,96,163,206,221,214,186,157,104,59,17,-2,-16,-40,-35,-38,-38,-30,-35,-51,-72,-81,-588,-98,-101,-92,-77,-39,8,53,92,129,153,165,164,140,113,62,14,-33,-71,-109,-135,-144,-135,-127,-112,-93,-80,-63,-31,-14,7,34,62,86,121,150,181,194,203,202,162,111,43,-49,-161,-262,-345,-414,-452,-433,-370,-259,-108,73,260,428,569,652,670,625,506,319,88,-146,-378,-584,-730,-807,-796,-701,-525,-305,-37,231,481,688,805,849,803,672,480,237,-30,-289,-525,-694,-778,-798,-742,-598,-410,-173,70,298,497,640,712,704,627,498,322,120,-102,-305,-456,-569,-620,-600,-517,-385,-215,-17,186,355,477,537,532,445,310,133,-62,-231,-350,-397,-365,-268,-529,-576,427,198,376,106,247,366,416,391,302,146,-40,-232,-406,-513,-549,-522,-422,-260,-66,133,329,480,585,629,587,483,326,132,-86,-291,-460,-576,-644,-636,-553,-408,-232,-25,193,381,525,612,628,581,471,314,134,-52,-227,-364,-472,-524,-495,-444,-343,-207,-71,58,176,259,310,319,312,275,216,149,73,17,-38,-80,-103,-113,-123,-127,-116,-119,-122,-121,-121,-114,-98,-81,-58,-13,43,98,147,196,241,277,273,250,207,147,51,-49,-150,-248,-341,-402,-427,-418,-363,-281,-158,-11,124,266,395,477,536,550,486,400,270,111,-62,-246,-410,-531,-617,-645,-618,-535,-406,-225,-22,180,-291,525,646,705,693,636,524,351,150,-76,-295,-481,-639,-757,-789,-754,-646,-494,-287,-45,193,429,618,743,816,806,725,599,401,181,-54,-280,-470,-630,-736,-761,-744,-664,-537,-367,-172,35,244,439,586,690,756,758,709,602,440,244,31,-193,-410,-600,-745,-832,-848,-804,-699,-526,-307,-53,206,460,682,847,953,964,913,779,564,298,-4,-308,-586,-824,-987,-1066,-1054,-953,-759,-504,-207,125,443,721,936,1073,1107,1055,902,663,366,45,-289,-587,-833,-1006,-1091,-1067,-957,-761,-492,-188,126,414,678,871,982,1003,948,806,589,339,62,-217,-469,-666,-811,-883,-879,-801,-650,-467,-309,-145,445,230,376,363,157,-53,-263,-454,-600,-708,-761,-761,-701,-581,-431,-239,-30,196,405,588,729,824,848,807,698,518,282,28,-243,-505,-734,-896,-982,-990,-897,-714,-465,-171,155,452,720,930,1033,1051,972,797,549,258,-60,-363,-628,-830,-955,-989,-936,-797,-597,-344,-69,209,459,658,802,863,841,748,602,409,174,-64,-286,-465,-610,-694,-707,-654,-575,-432,-256,-71,113,270,406,499,545,548,515,425,301,168,29,-110,-231,-335,-404,-434,-425,-386,-308,-200,-85,23,128,214,277,300,297,263,216,145,75,5,-46,-90,-115,-122,-116,-99,-95,-70,-50,-48,-36,-34,-40,-46,-41,-29,321,14,50,83,116,141,147,138,127,92,49,3,-45,-87,-125,-153,-160,-158,-144,-118,-82,-37,0,31,59,76,84,106,116,112,122,123,119,115,100,76,40,-9,-58,-133,-204,-256,-300,-327,-323,-273,-195,-85,56,202,333,457,540,574,540,451,304,107,-102,-313,-516,-667,-746,-745,-680,-529,-318,-70,197,444,644,784,845,808,699,498,256,-6,-272,-505,-686,-806,-839,-787,-654,-441,-204,44,302,508,664,753,752,688,553,362,138,-92,-299,-472,-600,-662,-658,-575,-442,-274,-73,135,320,460,555,588,550,447,292,106,-95,-279,-409,-484,-480,-397,-261,-88,79,203,-248,-87,-99,656,590,301,254,137,-30,-203,-358,-464,-498,-465,-347,-172,20,207,385,515,578,574,505,369,201,-14,-230,-411,-549,-627,-640,-581,-451,-276,-76,142,344,503,608,655,623,521,369,179,-18,-220,-390,-512,-572,-573,-515,-407,-268,-88,69,209,332,405,429,418,365,268,167,68,-18,-110,-167,-210,-216,-210,-194,-161,-126,-97,-72,-37,-20,-7,11,29,54,79,112,132,159,190,198,194,169,132,84,6,-73,-151,-228,-297,-350,-360,-344,-294,-213,-99,19,147,264,362,443,479,475,443,341,210,70,-105,-261,-395,-514,-571,-590,-556,-466,-331,-163,23,207,380,533,642,682,660,374,442,282,77,-129,-331,-515,-654,-729,-750,-698,-582,-430,-221,15,245,457,630,759,809,787,705,544,346,113,-140,-359,-559,-701,-774,-789,-731,-619,-461,-252,-40,168,371,544,668,739,756,720,623,479,307,107,-107,-312,-502,-655,-753,-801,-785,-708,-570,-393,-173,68,308,533,715,838,902,889,806,646,436,178,-102,-375,-639,-846,-981,-1032,-987,-865,-656,-392,-94,218,516,783,955,1071,1087,1007,835,590,288,-45,-364,-664,-900,-1052,-1117,-1079,-941,-718,-441,-117,202,499,759,948,1045,1041,955,789,548,266,-29,-312,-578,-772,-903,-953,-920,-804,-630,-415,-155,99,355,548,697,578,651
10789,mtk,MTK 7916,4082918282,rx0-tx1,512,713,141,20,109,-163,-436,-681,-868,-987,-1027,-972,-839,-627,-346,-35,285,585,846,1037,1135,1139,1041,846,580,252,-105,-451,-759,-1015,-1173,-1238,-1192,-1046,-801,-483,-124,250,607,917,1144,1269,1285,1188,989,706,356,-19,-396,-739,-1018,-1206,-1289,-1269,-1132,-907,-598,-257,114,483,798,1051,1212,1262,1212,1065,831,517,171,-183,-528,-825,-1050,-1182,-1210,-1143,-982,-749,-441,-110,231,550,819,1017,1130,1151,1082,914,669,379,63,-260,-564,-806,-983,-1080,-1075,-991,-831,-594,-321,-18,280,542,762,916,991,992,918,761,548,298,31,-249,-507,-717,-869,-943,-954,-893,-754,-556,-311,-35,241,498,720,887,977,-430,914,763,549,286,-8,-310,-587,-815,-973,-1045,-1028,-925,-732,-470,-168,153,465,738,943,1069,1096,1014,848,599,297,-30,-354,-649,-876,-1020,-1072,-1031,-894,-665,-385,-82,241,529,759,918,998,976,863,681,435,162,-127,-385,-605,-769,-852,-857,-781,-641,-456,-236,2,227,423,572,666,700,662,584,463,306,118,-71,-234,-375,-481,-545,-554,-524,-455,-343,-212,-71,82,212,328,404,451,461,419,346,257,148,22,-95,-205,-290,-348,-375,-373,-346,-283,-194,-85,25,126,215,285,326,339,317,262,184,89,-14,-115,-206,-270,-302,-295,-255,-183,-91,7,103,181,218,218,184,123,400,339,567,-1167,-1214,9,-113,-241,-331,-373,-356,-275,-148,0,159,296,398,453,459,404,301,174,18,-139,-276,-401,-484,-522,-504,-426,-317,-174,-2,171,327,458,553,593,586,518,402,241,48,-144,-333,-506,-631,-697,-697,-634,-516,-335,-112,116,341,544,700,792,803,735,598,399,169,-88,-343,-559,-733,-840,-849,-789,-651,-454,-211,49,302,520,691,796,825,776,657,474,249,13,-220,-422,-587,-687,-724,-700,-612,-480,-312,-116,89,272,430,530,599,615,577,491,374,229,72,-85,-229,-362,-451,-507,-529,-495,-436,-351,-227,-101,35,166,284,383,456,494,497,459,383,282,155,9,-133,-265,230,-476,-527,-537,-509,-422,-302,-157,3,171,319,440,529,578,565,510,408,275,121,-52,-211,-357,-471,-542,-563,-534,-462,-355,-221,-66,88,226,337,425,471,475,451,393,306,194,75,-41,-150,-247,-325,-375,-401,-395,-361,-308,-240,-150,-55,39,132,218,290,339,371,379,361,329,268,187,95,-14,-119,-228,-324,-389,-434,-455,-443,-391,-306,-192,-62,81,221,352,458,530,565,545,490,394,258,98,-71,-240,-397,-522,-611,-641,-629,-565,-455,-302,-124,66,264,438,580,677,722,708,631,505,333,129,-90,-304,-497,-654,-754,-805,-782,-691,-547,-353,-132,117,360,574,736,834,380,-254,315,-421,-444,-939,-945,-878,-723,-496,-233,68,367,638,870,1021,1086,1059,942,738,461,140,-197,-528,-812,-1030,-1168,-1198,-1119,-952,-691,-368,-9,357,691,975,1170,1268,1251,1125,895,593,235,-139,-508,-833,-1090,-1254,-1300,-1238,-1068,-812,-482,-115,264,617,918,1135,1251,1274,1181,989,724,383,20,-338,-665,-942,-1134,-1226,-1226,-1117,-916,-635,-307,39,375,680,934,1112,1186,1166,1047,840,570,251,-79,-406,-698,-922,-1065,-1126,-1095,-967,-758,-499,-195,124,421,688,886,1004,1051,1001,874,685,435,161,-120,-396,-635,-821,-934,-980,-946,-828,-651,-425,-168,101,366,605,790,922,972,939,836,665,434,157,-1099,-406,-652,-846,-976,-1027,-984,-855,-653,-382,-78,235,527,782,964,1066,1071,979,794,543,244,-93,-414,-699,-920,-1054,-1092,-1035,-875,-634,-344,-24,294,595,831,979,1047,1015,881,673,419,125,-182,-459,-690,-851,-931,-924,-826,-668,-450,-200,58,307,513,671,762,782,727,617,458,273,57,-145,-324,-477,-583,-634,-618,-557,-462,-329,-168,-1,151,298,408,472,504,490,432,349,233,118,-17,-148,-258,-339,-401,-415,-399,-351,-272,-175,-65,40,147,244,315,353,357,328,276,197,99,-6,-111,-204,-274,-313,-321,-297,-242,-162,-60,46,145,221,260,267,237,173,83,-7,-89,-141,-196,-292,-142,441,-202,-272,-284,-230,-121,16,165,300,389,429,408,327,212,71,-85,-240,-366,-449,-494,-471,-408,-303,-163,-8,165,314,430,515,551,529,462,349,198,23,-155,-328,-472,-588,-641,-634,-577,-454,-280,-77,138,341,525,668,747,752,689,560,371,142,-111,-349,-562,-715,-815,-843,-781,-643,-444,-186,79,330,556,725,823,841,781,651,462,228,-24,-270,-488,-658,-752,-784,-742,-639,-477,-272,-55,161,349,505,613,673,667,600,485,334,171,-9,-182,-330,-447,-526,-559,-548,-496,-406,-282,-156,-7,138,259,374,448,484,493,462,398,309,194,64,-75,-210,-327,-420,-489,-515,-494,-440,-198,-235,-87,61,216,356,463,533,567,542,468,358,222,60,-109,-267,-405,-502,-566,-574,-531,-448,-321,-174,-9,149,295,408,489,524,513,456,372,260,123,-10,-133,-246,-341,-407,-434,-428,-393,-331,-252,-157,-54,53,148,229,301,350,371,371,349,306,236,157,71,-22,-113,-206,-297,-357,-396,-408,-398,-365,-292,-197,-92,28,157,278,385,462,503,512,480,408,298,162,3,-159,-308,-442,-543,-599,-606,-569,-476,-356,-191,-15,166,339,489,601,665,679,638,538,396,222,21,-186,-381,-547,-675,-747,-761,-708,-598,-433,-238,-15,218,429,616,751,835,851,785,651,462,231,1191,1225
10790,mtk,MTK 7916,4082918282,rx1-tx0,512,108,-727,-913,492,485,426,319,189,40,-123,-268,-383,-464,-497,-486,-420,-311,-171,-8,156,308,429,507,538,517,439,323,174,-2,-178,-336,-467,-558,-601,-578,-500,-379,-210,-19,176,358,509,621,678,666,597,464,286,84,-140,-356,-541,-685,-766,-776,-722,-590,-405,-175,80,330,560,742,855,897,853,730,538,290,5,-286,-553,-776,-935,-998,-980,-869,-665,-398,-92,232,535,786,972,1061,1061,948,752,488,179,-143,-452,-720,-921,-1034,-1049,-968,-808,-568,-291,14,311,566,776,914,984,955,845,668,444,183,-98,-359,-589,-771,-886,-929,-900,-807,-639,-423,-164,110,374,610,803,928,986,231,846,653,413,126,-180,-477,-742,-940,-1069,-1104,-1035,-890,-643,-337,1,352,672,947,1140,1229,1214,1081,855,538,166,-219,-600,-929,-1175,-1317,-1336,-1246,-1036,-725,-333,79,496,876,1173,1362,1437,1379,1192,901,517,85,-365,-781,-1127,-1380,-1515,-1498,-1344,-1070,-682,-239,245,699,1099,1411,1587,1610,1477,1207,816,331,-183,-698,-1126,-1450,-1634,-1661,-1507,-1213,-785,-280,233,727,1138,1429,1572,1547,1373,1058,636,171,-304,-733,-1074,-1295,-1379,-1322,-1133,-834,-465,-64,335,697,964,1121,1159,1080,897,616,282,-67,-405,-693,-896,-993,-964,-841,-617,-307,25,356,618,785,826,736,538,261,-30,-281,-423,541,104,-649,-755,-602,159,-82,-359,-585,-730,-753,-642,-413,-119,211,524,759,900,932,840,645,364,43,-286,-594,-841,-999,-1049,-985,-815,-550,-230,130,482,793,1023,1156,1174,1071,860,544,177,-211,-588,-915,-1170,-1310,-1320,-1193,-941,-599,-183,251,668,1023,1293,1439,1452,1310,1034,671,221,-246,-706,-1108,-1393,-1553,-1571,-1418,-1139,-737,-268,234,709,1127,1438,1599,1607,1469,1181,772,299,-197,-670,-1091,-1402,-1567,-1582,-1449,-1170,-804,-373,109,564,963,1259,1435,1468,1388,1178,860,476,46,-373,-750,-1069,-1283,-1380,-1349,-1202,-952,-614,-238,157,541,875,1129,1272,1317,1239,1062,786,442,64,-330,-678,-974,-1194,-1296,-1289,-49,-946,-647,-280,102,486,831,1104,1282,1346,1289,1117,853,502,95,-317,-700,-1025,-1268,-1400,-1401,-1273,-1026,-689,-272,162,587,972,1258,1425,1460,1353,1124,788,378,-63,-505,-889,-1188,-1386,-1440,-1362,-1146,-832,-445,-32,385,764,1066,1259,1328,1281,1126,853,512,134,-252,-609,-889,-1092,-1190,-1176,-1051,-834,-545,-217,124,442,712,909,1013,1036,954,797,575,297,2,-289,-535,-736,-853,-894,-860,-734,-552,-326,-71,173,405,588,709,766,758,669,521,328,114,-105,-304,-478,-596,-657,-654,-587,-466,-304,-115,82,262,408,520,575,575,519,403,261,91,-82,-238,-377,-471,-519,-512,-450,-348,-213,-142,-504,48,553,89,51,-102,-251,-370,-449,-494,-483,-417,-314,-176,-20,139,284,400,482,517,496,427,313,168,4,-172,-326,-449,-535,-573,-544,-467,-344,-187,-6,184,346,491,592,630,613,534,409,247,49,-154,-356,-526,-650,-720,-727,-657,-524,-344,-121,109,345,554,711,814,834,783,657,465,227,-40,-310,-551,-754,-893,-953,-917,-797,-610,-350,-52,252,545,794,962,1045,1032,911,719,446,138,-189,-502,-765,-960,-1061,-1063,-970,-788,-534,-233,92,400,667,865,974,1016,952,821,615,361,80,-208,-464,-679,-841,-936,-949,-872,-733,-532,-292,-32,230,476,688,843,932,944,876,739,533,287,16,-568,-548,-765,-926,-1026,-1035,-953,-780,-533,-239,92,408,700,946,1102,1171,1129,984,753,440,85,-288,-639,-936,-1160,-1271,-1282,-1171,-942,-626,-246,156,546,903,1181,1344,1383,1310,1105,798,421,0,-435,-830,-1155,-1377,-1474,-1440,-1270,-984,-607,-165,299,727,1110,1391,1548,1561,1417,1153,771,302,-193,-681,-1099,-1433,-1621,-1661,-1523,-1230,-825,-337,190,701,1130,1469,1631,1624,1453,1131,717,227,-275,-746,-1125,-1374,-1479,-1441,-1258,-949,-552,-113,325,714,1016,1203,1265,1202,1016,730,385,9,-356,-678,-921,-1051,-1068,-973,-774,-492,-161,179,483,741,889,918,828,625,344,17,-290,-531,-661,-658,-534,-330,721,891,-320,-109,-482,-515,-601,-550,-377,-119,191,495,727,849,854,727,496,206,-120,-444,-716,-902,-981,-950,-820,-584,-283,56,391,697,926,1064,1096,1010,821,535,195,-179,-541,-868,-1107,-1232,-1240,-1124,-898,-575,-184,233,634,975,1230,1367,1375,1239,985,633,211,-248,-699,-1071,-1347,-1497,-1500,-1376,-1099,-716,-257,242,712,1114,1420,1586,1599,1444,1164,759,283,-214,-703,-1127,-1442,-1598,-1605,-1458,-1182,-785,-322,163,635,1035,1320,1499,1532,1415,1174,825,405,-39,-470,-863,-1164,-1358,-1424,-1358,-1182,-906,-542,-141,273,651,972,1202,1323,1338,1225,1006,695,341,-44,-433,-775,-1056,-1227,-1302,-1261,-1109,-872,-543,-168,210,425,894,1137,1284,1314,1237,1041,751,389,-6,-402,-762,-1063,-1283,-1379,-1345,-1194,-944,-604,-197,238,648,1008,1273,1422,1430,1326,1094,746,330,-119,-561,-945,-1243,-1415,-1459,-1368,-1145,-826,-423,21,460,843,1141,1327,1393,1332,1147,850,478,76,-316,-684,-983,-1181,-1268,-1242,-1092,-849,-536,-178,190,529,803,1003,1100,1103,1007,824,563,263,-56,-362,-618,-815,-936,-962,-900,-762,-560,-310,-51,222,467,654,782,828,800,703,537,329,104,-132,-352,-528,-649,-711,-700,-628,-497,-319,-123,85,274,436,551,612,610,547,440,290,108,-72,-252,-392,-493,-545,-538,-483,-377,-234,-75,85,238,367,457,754,585
10791,mtk,MTK 7916,4082918282,rx1-tx1,512,0,0,0,278,-24,-324,-551,-649,-590,-390,-82,255,521,664,653,484,201,-131,-443,-651,-706,-593,-338,-1,339,592,703,652,438,120,-229,-526,-690,-686,-517,-223,130,444,644,692,564,289,-48,-370,-601,-693,-602,-361,-30,310,574,695,636,414,88,-264,-557,-709,-687,-503,-182,200,528,728,765,614,299,-93,-469,-742,-836,-732,-450,-53,358,689,858,818,587,206,-229,-615,-858,-901,-720,-374,60,488,807,933,842,547,126,-323,-695,-915,-924,-712,-334,125,549,839,937,821,511,94,-339,-700,-893,-875,-646,-276,149,530,780,849,720,424,27,-364,-655,-791,-738,-512,-167,211,529,711,0,569,269,-88,-421,-644,-707,-599,-350,-19,317,577,694,644,432,118,-222,-512,-691,-707,-541,-248,101,439,668,738,640,401,64,-293,-586,-743,-729,-542,-234,106,430,664,738,637,396,76,-253,-524,-669,-656,-497,-225,88,357,537,588,497,295,37,-227,-430,-510,-459,-300,-73,164,343,438,425,296,98,-121,-316,-428,-431,-327,-136,92,301,439,475,399,220,-18,-252,-428,-508,-477,-330,-106,133,337,465,504,430,248,19,-208,-379,-461,-447,-339,-156,63,261,385,425,372,238,49,-139,-288,-378,-390,-312,-165,8,178,310,380,377,300,170,20,-131,-253,-321,-337,-303,-226,0,0,0,0,0,-315,-326,-284,-192,-51,120,292,440,530,531,435,250,4,-251,-468,-608,-641,-537,-334,-52,265,526,688,724,603,346,11,-341,-636,-806,-805,-625,-298,92,472,773,917,857,608,222,-221,-624,-912,-1015,-878,-553,-107,377,789,1040,1063,853,463,-32,-525,-904,-1093,-1037,-741,-289,231,685,978,1055,894,531,53,-442,-830,-1014,-963,-698,-274,212,651,952,1019,836,464,-9,-480,-844,-1013,-940,-648,-203,293,716,963,990,788,403,-77,-536,-872,-1001,-892,-573,-117,370,768,977,965,724,301,-195,-646,-948,-1031,-866,-489,-6,490,880,1062,994,686,218,-307,-771,-1050,-1094,-883,-453,85,0,996,1151,1047,696,175,-396,-883,-1163,-1176,-927,-456,126,674,1077,1228,1095,712,156,-433,-921,-1201,-1202,-926,-441,149,706,1101,1234,1080,672,122,-461,-938,-1192,-1157,-862,-366,220,752,1093,1174,982,566,18,-539,-963,-1143,-1063,-738,-234,314,786,1070,1094,855,418,-107,-603,-949,-1064,-931,-582,-87,411,799,1001,964,692,255,-230,-653,-913,-957,-770,-407,37,467,787,903,793,504,109,-308,-646,-828,-798,-569,-226,153,492,711,746,596,312,-42,-375,-607,-682,-591,-353,-32,287,527,626,566,369,77,-226,-472,-591,-562,-392,-135,164,421,566,573,426,162,-140,-396,-554,-571,-453,-224,0,0,0,0,0,556,634,550,328,29,-289,-545,-671,-637,-436,-136,194,481,663,689,545,267,-71,-398,-631,-716,-632,-391,-49,290,558,704,673,484,173,-183,-487,-668,-685,-543,-271,79,403,620,686,582,328,-5,-334,-583,-685,-613,-389,-62,284,559,690,664,468,143,-227,-544,-722,-731,-567,-255,141,501,731,798,679,377,-27,-426,-722,-852,-775,-510,-120,301,657,858,849,646,286,-141,-545,-833,-927,-788,-461,-24,420,761,928,889,636,236,-221,-623,-882,-937,-770,-422,16,458,781,924,857,587,187,-247,-618,-839,-865,-689,-353,56,438,721,827,736,471,99,-289,-592,-754,-735,-537,-222,0,473,675,715,585,318,-31,-371,-615,-704,-619,-388,-66,275,549,686,659,481,182,-167,-479,-677,-718,-595,-327,27,374,632,753,700,473,144,-203,-505,-697,-740,-608,-328,22,353,597,701,647,452,158,-164,-443,-611,-637,-508,-267,16,286,478,554,491,302,50,-193,-382,-475,-441,-301,-90,139,334,438,425,302,107,-116,-314,-440,-453,-350,-168,59,284,440,487,428,270,34,-206,-391,-507,-511,-389,-185,61,284,437,490,444,303,91,-134,-322,-434,-448,-366,-203,-4,200,353,414,383,279,114,-74,-239,-352,-389,-349,-235,-76,100,249,345,379,349,265,144,13,-96,-183,0,0,0,0,0,12,-114,-246,-359,-433,-451,-393,-258,-70,147,361,525,598,558,415,182,-101,-374,-586,-685,-648,-477,-197,131,438,672,777,714,492,161,-217,-566,-795,-862,-749,-468,-66,364,721,926,943,755,389,-70,-525,-873,-1031,-983,-719,-281,221,679,992,1095,952,598,126,-370,-801,-1053,-1060,-835,-422,74,548,898,1041,944,628,169,-326,-740,-980,-1001,-788,-380,112,576,899,1014,893,565,98,-387,-781,-987,-970,-734,-319,178,618,913,1001,845,492,20,-470,-829,-989,-933,-651,-208,286,708,966,993,793,405,-89,-565,-907,-1041,-926,-584,-102,409,824,1056,1045,788,338,-203,-695,-1026,-1126,0,-579,-53,503,953,1174,1117,816,319,-263,-786,-1128,-1213,-1017,-590,-27,547,993,1217,1164,836,307,-297,-827,-1165,-1230,-1010,-559,15,583,1015,1225,1137,776,236,-347,-842,-1140,-1171,-926,-472,93,634,1026,1173,1037,654,130,-427,-879,-1114,-1088,-810,-344,197,683,1008,1087,902,515,8,-503,-882,-1038,-951,-637,-184,309,724,953,950,730,334,-139,-570,-853,-934,-791,-457,-24,402,724,863,799,550,176,-235,-575,-774,-776,-592,-273,100,434,656,714,598,335,-3,-334,-575,-656,-570,-352,-55,258,489,595,552,377,105,-198,-443,-575,-564,-411,-148,148,404,559,569,435,191,-99,-370,-554,0,0
10792,mtk,MTK 7916,4082918282,rx2-tx0,512,0,0,0,10,225,391,458,407,255,38,-198,-395,-491,-462,-321,-98,155,377,510,513,392,176,-95,-350,-518,-558,-467,-261,14,298,507,592,540,348,66,-237,-483,-616,-604,-441,-168,152,435,613,644,516,252,-84,-402,-619,-688,-588,-344,-5,339,603,726,667,442,104,-266,-583,-763,-755,-556,-219,182,543,779,832,686,371,-47,-463,-773,-897,-814,-533,-122,322,699,919,917,695,307,-159,-600,-898,-983,-841,-503,-44,435,811,994,948,677,248,-236,-671,-943,-992,-814,-448,23,488,837,990,905,610,177,-295,-694,-928,-943,-734,-350,103,530,828,921,801,492,63,-381,-721,-884,-842,0,-204,233,608,840,874,688,337,-91,-500,-792,-892,-775,-475,-60,376,728,909,873,630,233,-233,-640,-898,-950,-776,-420,40,489,834,988,913,621,185,-299,-717,-974,-996,-791,-403,84,555,900,1030,924,610,144,-351,-762,-1009,-1022,-795,-387,112,593,930,1055,935,604,142,-358,-777,-1018,-1020,-799,-397,88,555,892,1027,927,630,196,-275,-691,-939,-969,-788,-435,4,434,759,904,848,606,242,-170,-531,-763,-823,-701,-420,-56,302,588,741,726,560,271,-74,-387,-611,-699,-633,-438,-151,158,425,599,652,568,375,120,-152,-392,-549,-599,-547,-411,-215,4,197,340,416,423,368,0,0,0,0,0,407,480,485,410,257,39,-210,-445,-619,-699,-655,-481,-207,119,437,677,790,750,551,226,-160,-522,-784,-897,-825,-567,-166,281,678,949,1025,875,518,44,-460,-884,-1128,-1132,-881,-433,115,661,1079,1278,1196,844,301,-315,-879,-1268,-1379,-1185,-739,-128,532,1092,1410,1416,1116,570,-118,-769,-1249,-1465,-1366,-957,-338,362,973,1365,1449,1215,723,65,-603,-1128,-1393,-1342,-999,-439,213,812,1219,1344,1163,722,119,-492,-977,-1240,-1220,-922,-416,180,726,1090,1192,1027,632,105,-447,-894,-1123,-1081,-788,-322,199,671,984,1055,880,511,26,-459,-830,-994,-923,-641,-216,254,656,900,925,727,365,0,-490,-789,-899,-789,-491,-78,347,683,857,826,599,223,-196,-560,-793,-832,-672,-357,39,425,704,809,724,463,93,-288,-597,-757,-734,-533,-211,155,489,699,732,594,307,-47,-377,-616,-704,-621,-385,-59,276,536,664,626,434,139,-181,-455,-613,-616,-466,-207,96,370,558,601,486,254,-35,-313,-508,-575,-501,-304,-30,248,456,550,509,344,92,-179,-404,-523,-508,-367,-139,120,346,482,497,390,185,-65,-293,-449,-492,-408,-225,10,238,407,474,424,268,43,-184,-361,-447,-426,-293,-90,131,316,426,426,313,125,-93,-284,-401,-417,-323,-150,61,258,387,420,346,180,-28,0,0,0,0,0,-444,-388,-232,-13,215,395,476,440,290,63,-177,-377,-492,-486,-356,-137,123,360,512,543,433,211,-54,-313,-512,-579,-504,-308,-29,262,494,610,572,393,111,-199,-465,-615,-622,-473,-203,117,413,614,665,555,301,-35,-363,-608,-703,-626,-394,-55,308,593,736,705,495,158,-229,-567,-776,-795,-620,-288,118,508,782,873,756,454,31,-410,-752,-921,-867,-609,-210,248,659,921,963,779,409,-61,-522,-863,-998,-898,-592,-146,339,748,977,979,750,345,-138,-588,-902,-1004,-871,-537,-77,398,773,966,933,676,268,-202,-619,-879,-935,-771,-422,21,454,777,906,818,541,135,-294,0,-868,-856,-639,-273,161,561,827,894,745,411,-18,-439,-757,-900,-831,-556,-144,302,684,912,920,707,321,-139,-573,-873,-974,-854,-533,-77,403,790,993,963,711,295,-200,-652,-949,-1025,-867,-505,-32,457,840,1023,982,708,267,-239,-684,-973,-1043,-872,-497,-12,476,860,1044,991,709,270,-231,-678,-966,-1039,-883,-521,-49,425,796,988,965,721,321,-146,-572,-856,-940,-824,-532,-124,296,643,845,850,662,338,-55,-425,-690,-793,-726,-497,-167,190,496,681,719,603,355,42,-273,-526,-658,-648,-510,-265,24,300,514,627,615,485,271,24,-216,-409,-520,-541,-482,-357,-195,-32,111,0,0,0,0,0,-157,2,182,369,527,613,602,486,275,0,-293,-549,-713,-747,-636,-395,-62,296,610,810,842,696,391,-1,-414,-752,-936,-932,-728,-350,121,579,929,1089,1009,708,234,-301,-787,-1120,-1223,-1055,-646,-83,514,1010,1292,1306,1029,516,-111,-727,-1200,-1419,-1324,-938,-336,337,940,1353,1472,1263,771,108,-567,-1115,-1431,-1433,-1109,-534,146,787,1252,1436,1305,876,256,-408,-973,-1315,-1358,-1097,-590,41,655,1113,1306,1205,834,277,-334,-855,-1173,-1221,-987,-531,45,588,985,1156,1060,718,216,-328,-783,-1050,-1073,-849,-433,80,559,899,1027,909,584,127,-357,-745,-952,-931,-688,-291,166,578,845,0,757,430,3,-426,-744,-878,-807,-545,-153,270,623,827,833,638,294,-114,-494,-753,-829,-706,-419,-31,353,641,781,733,510,162,-222,-545,-735,-740,-568,-262,100,431,653,717,603,348,16,-322,-579,-687,-621,-408,-99,226,493,640,624,452,172,-143,-416,-582,-600,-475,-234,63,342,530,585,494,283,3,-270,-475,-559,-503,-322,-64,210,430,539,512,356,115,-151,-372,-498,-501,-374,-155,90,316,466,496,401,212,-29,-270,-437,-488,-418,-250,-25,206,382,461,428,287,70,-158,-342,-439,-425,-304,-112,107,299,417,425,323,135,-82,-278,-399,-412,-329,-167,38,242,382,415,0,0
10793,mtk,MTK 7916,4082918282,rx2-tx1,512,0,0,0,-33,-80,-99,-89,-55,-9,38,67,74,69,40,-4,-41,-65,-74,-60,-30,4,38,66,77,70,46,13,-20,-47,-64,-70,-62,-37,-9,15,34,49,51,48,45,31,16,6,-13,-27,-41,-58,-68,-70,-61,-32,12,56,93,119,128,111,59,-15,-93,-153,-189,-193,-151,-75,28,134,218,263,250,176,59,-78,-207,-297,-319,-275,-170,-27,133,279,359,356,277,134,-42,-218,-354,-404,-366,-251,-69,136,310,417,435,354,188,-24,-227,-377,-449,-422,-295,-98,122,311,427,447,360,189,-28,-234,-386,-450,-410,-269,-63,158,344,445,437,332,142,-91,-303,-440,-471,0,-224,11,248,425,515,481,323,84,-175,-403,-541,-556,-440,-221,64,342,541,625,566,378,92,-223,-488,-652,-671,-528,-258,65,383,632,736,664,443,113,-240,-546,-732,-754,-602,-311,62,441,715,827,750,503,146,-262,-622,-848,-884,-720,-387,35,456,785,942,892,647,248,-204,-618,-903,-991,-861,-555,-120,349,738,962,976,783,439,-10,-460,-805,-964,-914,-672,-289,148,545,821,927,833,559,173,-242,-596,-812,-858,-720,-426,-56,321,626,788,782,617,329,-17,-348,-610,-745,-715,-549,-285,32,335,563,680,666,535,313,42,-226,-443,-570,-597,-530,-398,-228,-46,114,227,0,0,0,0,0,203,181,130,42,-70,-185,-282,-340,-346,-299,-194,-43,124,271,378,422,382,268,94,-106,-299,-435,-484,-444,-309,-98,143,364,517,571,505,325,63,-225,-477,-637,-669,-562,-329,-12,327,604,759,769,618,322,-54,-432,-734,-889,-858,-645,-295,133,539,844,976,911,656,256,-219,-652,-932,-1026,-915,-609,-172,311,729,992,1037,861,516,52,-423,-803,-1007,-989,-759,-365,93,532,854,984,904,625,203,-253,-640,-884,-934,-774,-447,-24,408,732,884,845,616,255,-158,-538,-793,-865,-740,-443,-53,344,665,828,801,596,258,-135,-498,-746,-820,-705,-437,-70,313,624,789,771,580,0,-129,-475,-713,-788,-682,-415,-51,319,614,773,749,554,238,-137,-481,-708,-771,-660,-393,-37,329,624,777,747,541,208,-170,-504,-727,-794,-672,-393,-25,348,640,784,745,538,216,-154,-495,-723,-782,-663,-393,-37,319,604,750,726,539,227,-131,-454,-665,-716,-608,-371,-55,272,533,664,639,471,199,-109,-386,-569,-616,-517,-305,-27,251,465,565,535,379,141,-117,-344,-491,-517,-421,-240,-9,219,396,474,443,311,112,-104,-286,-399,-420,-348,-197,-12,167,304,366,345,249,101,-62,-201,-290,-309,-258,-152,-16,117,210,249,232,169,72,-38,-126,-178,-185,-148,-86,-12,75,0,0,0,0,0,103,67,13,-33,-68,-85,-77,-45,-1,38,67,76,63,38,1,-37,-65,-78,-70,-46,-10,27,59,77,74,54,30,-1,-33,-56,-66,-63,-50,-29,-7,9,22,33,44,48,45,42,37,20,-4,-35,-67,-88,-95,-93,-62,-10,44,98,143,160,149,107,28,-64,-149,-209,-230,-203,-126,-7,118,218,279,289,230,116,-30,-183,-298,-346,-315,-222,-77,97,255,359,385,327,197,15,-181,-337,-421,-410,-308,-136,74,275,407,443,388,241,38,-176,-350,-440,-439,-334,-146,73,270,408,449,385,231,26,-195,-364,-445,-423,-296,-97,130,327,440,456,364,176,-56,0,-442,-497,-437,-279,-38,226,428,533,521,378,147,-120,-373,-553,-600,-507,-294,-11,283,526,649,619,446,175,-143,-437,-641,-706,-603,-349,-19,328,605,740,714,525,208,-168,-504,-733,-795,-681,-407,-30,356,671,844,825,617,264,-149,-543,-829,-926,-808,-515,-110,331,703,930,957,765,400,-51,-491,-830,-992,-935,-680,-274,183,599,893,993,875,567,138,-312,-689,-922,-947,-769,-434,-12,401,724,885,858,650,302,-100,-468,-734,-836,-757,-531,-194,178,504,717,781,682,446,137,-199,-483,-664,-710,-626,-421,-138,164,415,584,654,607,458,243,10,-206,-372,-466,-477,-426,-328,0,0,0,0,0,78,159,229,278,288,255,179,63,-77,-216,-329,-391,-382,-301,-162,11,193,348,441,449,361,203,-7,-229,-411,-509,-508,-406,-208,49,302,508,614,592,437,183,-115,-411,-636,-727,-673,-473,-154,210,543,771,848,752,493,116,-298,-661,-890,-941,-798,-485,-52,400,768,986,1001,801,434,-24,-481,-847,-1036,-1002,-761,-356,128,584,904,1039,959,659,223,-252,-667,-935,-1000,-846,-514,-69,390,758,953,932,706,333,-111,-521,-813,-924,-824,-543,-143,278,634,843,865,686,348,-62,-449,-733,-849,-775,-531,-168,237,579,784,818,667,352,-36,-406,-684,-806,-745,-514,-164,224,555,0,783,625,332,-36,-404,-678,-791,-719,-483,-137,230,551,746,770,615,318,-55,-414,-677,-785,-713,-474,-123,253,575,762,771,604,297,-82,-439,-697,-796,-718,-470,-115,258,579,764,769,610,308,-63,-410,-666,-774,-701,-471,-144,224,536,713,729,586,305,-39,-358,-594,-699,-637,-426,-129,190,464,621,629,488,245,-40,-316,-519,-594,-535,-353,-91,182,404,532,530,406,198,-55,-286,-443,-495,-436,-280,-68,159,346,445,436,330,160,-42,-227,-352,-399,-358,-239,-70,111,254,329,331,253,126,-20,-158,-257,-282,-243,-156,-42,71,166,216,209,158,79,-15,-100,-153,-165,-140,0,0
10794,mtk,MTK 7916,4082984597,rx0-tx0,512,-918,-178,-369,793,780,739,658,537,398,231,61,-119,-287,-434,-583,-697,-766,-795,-791,-747,-663,-537,-369,-178,30,243,459,643,809,921,968,962,893,770,573,350,92,-186,-441,-665,-858,-992,-1054,-1038,-959,-833,-632,-402,-146,118,367,592,766,898,961,956,892,781,620,423,203,-21,-245,-440,-596,-710,-783,-804,-771,-699,-579,-432,-263,-80,100,269,405,514,578,606,612,568,499,399,287,175,42,-96,-215,-307,-374,-428,-458,-452,-422,-370,-294,-207,-100,-2,90,175,240,288,307,308,290,241,192,128,64,7,-42,-70,-97,-116,-108,-99,-82,-72,-58,-52,-56,-50,-50,-71,-84,-89,-588,-76,-59,-37,-11,34,73,98,129,143,152,162,156,135,101,66,35,-8,-39,-76,-98,-113,-123,-130,-121,-117,-121,-114,-106,-89,-79,-73,-60,-36,0,31,75,116,169,228,265,297,322,319,292,233,144,42,-82,-213,-340,-454,-536,-590,-606,-573,-475,-345,-182,10,205,406,569,693,783,816,762,658,507,301,75,-152,-384,-579,-731,-828,-857,-827,-732,-589,-395,-181,45,272,471,637,757,796,790,730,604,443,262,63,-143,-328,-474,-596,-674,-684,-649,-572,-456,-306,-140,37,203,346,462,539,564,554,501,396,257,95,-75,-234,-360,-448,-474,-438,-349,-223,-76,51,370,217,427,-334,-342,86,202,322,397,422,388,292,162,0,-183,-323,-438,-527,-552,-535,-459,-339,-191,-20,155,326,454,550,613,616,560,487,354,170,7,-165,-342,-466,-579,-637,-631,-590,-495,-370,-215,-21,138,277,411,489,535,533,498,440,331,213,89,-35,-152,-247,-311,-340,-358,-328,-299,-262,-195,-140,-83,-23,18,54,68,88,107,118,123,126,124,129,138,155,145,137,135,119,98,66,16,-35,-90,-148,-211,-257,-300,-324,-319,-302,-266,-215,-147,-58,50,151,241,326,399,455,479,475,436,355,264,151,24,-113,-248,-374,-470,-548,-590,-585,-547,-483,-379,-243,-103,62,219,360,-291,600,654,672,658,614,505,379,212,47,-131,-314,-478,-611,-711,-753,-764,-709,-624,-485,-322,-153,55,242,421,576,684,752,776,739,677,565,425,270,81,-104,-264,-407,-531,-636,-688,-715,-720,-663,-586,-480,-344,-196,-24,147,304,461,599,702,772,807,788,726,627,489,319,130,-88,-296,-489,-673,-820,-925,-966,-944,-872,-755,-579,-369,-122,139,386,622,810,960,1045,1073,1038,925,756,542,291,22,-252,-519,-761,-937,-1063,-1121,-1098,-1021,-876,-655,-400,-128,149,406,648,842,979,1055,1068,1008,885,701,487,254,3,-242,-476,-663,-810,-902,-932,-910,-837,-719,-556,-359,-162,51,-72,-184,445,-574,-496,100,-86,-257,-424,-554,-661,-735,-768,-763,-704,-633,-527,-383,-219,-41,146,327,498,650,775,853,883,871,796,672,510,291,56,-194,-435,-660,-842,-959,-1036,-1031,-949,-822,-631,-389,-118,156,402,642,841,969,1033,1014,941,808,631,414,165,-85,-317,-522,-696,-815,-874,-885,-841,-744,-602,-433,-240,-30,164,349,505,619,693,716,695,632,534,415,268,128,-27,-173,-296,-398,-460,-507,-530,-518,-460,-383,-290,-194,-83,22,124,218,297,354,386,381,357,311,250,177,93,13,-70,-130,-168,-204,-214,-215,-187,-156,-126,-85,-53,-27,-10,1,7,2,4,8,-5,-4,14,41,321,88,104,116,129,136,125,111,86,44,13,-27,-74,-108,-137,-147,-158,-152,-139,-122,-99,-84,-59,-33,-7,-1,29,54,72,85,97,116,137,155,172,181,188,174,166,127,72,15,-67,-152,-247,-335,-401,-444,-473,-457,-405,-315,-189,-46,122,299,453,575,668,716,708,639,503,339,152,-76,-305,-496,-669,-796,-845,-844,-775,-645,-470,-251,-15,219,439,622,756,826,841,785,675,530,335,118,-94,-310,-489,-620,-707,-744,-725,-647,-529,-381,-195,-2,174,332,470,564,618,622,582,495,375,218,56,-101,-257,-391,-486,-535,-530,-463,-355,-212,-46,114,248,332,359,331,-385,-507,-99,-91,32,303,278,198,71,-80,-237,-369,-462,-511,-495,-413,-314,-159,16,191,351,470,556,594,588,517,400,260,96,-96,-255,-401,-547,-620,-634,-629,-540,-419,-278,-93,76,238,386,495,584,610,577,529,432,285,136,-14,-143,-267,-371,-427,-452,-448,-406,-345,-257,-163,-63,33,89,153,198,220,232,226,202,179,155,134,112,84,65,41,28,8,-3,-31,-64,-76,-105,-140,-168,-207,-226,-242,-241,-220,-182,-139,-85,-16,67,151,235,308,357,398,407,386,347,290,206,103,-14,-139,-262,-365,-439,-500,-532,-527,-493,-419,-324,-202,-53,101,246,381,504,580,625,638,601,540,374,317,151,-17,-175,-341,-484,-596,-682,-713,-718,-667,-568,-440,-274,-100,90,286,457,604,689,761,783,737,661,530,365,190,-8,-188,-355,-510,-621,-699,-748,-735,-689,-610,-505,-364,-198,-45,125,287,424,555,651,715,742,719,679,600,482,335,173,-8,-199,-379,-541,-690,-797,-864,-877,-831,-756,-622,-449,-246,-21,215,439,650,822,946,1025,1025,969,849,678,465,208,-57,-334,-581,-796,-965,-1082,-1116,-1087,-991,-822,-597,-352,-69,209,469,715,910,1031,1098,1094,1028,892,690,450,188,-76,-339,-568,-761,-892,-980,-1000,-964,-859,-709,-524,-307,-78,152,361,548,703,795,838,841,-325,-274
10795,mtk,MTK 7916,4082984597,rx0-tx1,512,713,-866,-669,-244,-462,-660,-823,-937,-1004,-1008,-951,-836,-657,-442,-191,71,343,601,824,996,1103,1158,1137,1045,881,667,404,110,-200,-493,-757,-977,-1148,-1241,-1259,-1199,-1067,-863,-606,-312,-3,316,617,876,1080,1229,1288,1277,1191,1031,800,522,229,-89,-403,-686,-927,-1113,-1228,-1274,-1248,-1139,-974,-739,-467,-183,120,420,686,916,1087,1190,1224,1184,1076,911,692,435,149,-138,-414,-659,-862,-1024,-1122,-1149,-1117,-1013,-854,-643,-399,-138,127,382,618,802,951,1037,1056,1021,922,780,591,375,137,-97,-332,-541,-708,-849,-931,-970,-945,-877,-763,-600,-415,-190,34,252,469,651,796,906,958,965,907,800,-430,454,212,-32,-268,-503,-699,-864,-985,-1028,-1017,-952,-814,-623,-391,-134,130,400,640,835,977,1063,1079,1022,902,716,482,229,-48,-317,-564,-770,-929,-1016,-1049,-1006,-891,-724,-510,-267,-10,231,460,654,799,897,921,893,811,663,496,296,77,-133,-328,-484,-619,-700,-736,-734,-685,-595,-462,-315,-165,-2,156,290,405,494,545,572,563,515,443,344,226,105,-12,-131,-247,-324,-396,-438,-453,-445,-405,-339,-265,-176,-76,23,120,215,283,338,369,377,361,325,268,187,104,11,-76,-168,-241,-283,-321,-328,-308,-273,-207,-133,-48,43,129,202,243,267,257,218,158,78,-1,-69,-837,-972,567,277,655,26,-80,-199,-297,-359,-383,-358,-292,-183,-52,80,212,319,404,451,463,444,385,292,176,44,-94,-223,-335,-436,-507,-536,-539,-493,-421,-309,-188,-34,113,264,400,519,599,636,643,603,523,405,250,81,-109,-294,-462,-598,-703,-772,-775,-726,-625,-469,-295,-90,125,334,521,672,777,837,832,766,663,500,307,98,-129,-335,-515,-667,-765,-812,-796,-735,-617,-466,-304,-114,68,254,416,533,623,671,679,643,564,460,328,196,45,-107,-238,-354,-449,-506,-541,-545,-520,-465,-388,-295,-191,-69,43,156,251,340,414,462,490,493,464,427,344,250,149,38,-78,-201,-301,-392,230,-516,-530,-522,-484,-411,-316,-201,-65,68,200,329,435,512,559,574,562,500,406,298,173,34,-108,-237,-345,-436,-500,-533,-535,-503,-438,-357,-254,-148,-35,90,186,274,344,404,426,436,426,382,337,279,198,120,32,-57,-137,-211,-274,-326,-364,-387,-386,-378,-348,-309,-254,-191,-104,-18,68,157,244,327,393,439,468,480,456,412,348,258,154,30,-94,-220,-338,-439,-522,-572,-591,-587,-540,-457,-360,-233,-77,70,221,366,485,588,653,682,673,629,540,429,289,127,-46,-213,-377,-526,-648,-730,-763,-765,-725,-640,-508,-350,-171,28,228,414,577,715,816,863,864,810,-795,-513,315,470,713,-919,-842,-717,-539,-325,-90,162,404,635,831,980,1073,1096,1056,942,774,549,297,18,-273,-552,-796,-993,-1134,-1210,-1209,-1131,-981,-772,-510,-209,106,413,695,938,1122,1245,1290,1259,1138,945,706,417,103,-211,-516,-791,-1019,-1175,-1267,-1291,-1227,-1091,-895,-637,-347,-41,269,558,814,1027,1168,1246,1251,1173,1032,833,582,306,16,-280,-552,-796,-985,-1122,-1188,-1185,-1111,-971,-784,-551,-284,-8,270,529,752,933,1049,1106,1094,1026,894,717,506,255,8,-245,-477,-676,-836,-946,-999,-997,-942,-826,-676,-489,-270,-43,186,393,588,748,867,940,950,922,839,698,530,322,99,-132,-359,-563,-1099,-884,-974,-997,-972,-885,-737,-553,-315,-58,191,440,671,849,982,1053,1061,999,865,679,454,196,-86,-353,-596,-804,-957,-1051,-1076,-1025,-903,-729,-505,-251,6,279,522,728,878,968,993,955,858,697,507,281,43,-182,-402,-580,-713,-808,-837,-811,-735,-623,-477,-297,-117,62,235,388,513,591,638,650,616,546,456,332,203,67,-73,-207,-318,-411,-473,-504,-507,-488,-422,-343,-256,-148,-40,73,177,263,328,379,404,404,387,338,265,188,97,4,-91,-173,-249,-300,-336,-352,-343,-310,-242,-172,-94,4,85,165,231,272,298,296,266,205,128,46,-43,-118,-177,-205,-198,-171,-478,-174,-142,-886,-661,-276,-292,-264,-187,-80,49,183,299,389,430,433,398,321,218,86,-44,-174,-297,-396,-464,-499,-492,-451,-385,-293,-165,-34,109,248,372,468,546,592,588,547,461,353,212,62,-108,-282,-435,-567,-653,-701,-708,-661,-575,-441,-285,-94,115,309,499,643,752,814,821,767,654,500,310,100,-128,-334,-527,-686,-784,-835,-832,-760,-647,-486,-297,-94,114,307,486,610,705,745,740,694,590,459,313,143,-26,-195,-342,-461,-542,-594,-617,-594,-539,-463,-356,-237,-115,16,142,256,353,425,486,512,502,474,417,354,265,163,58,-58,-159,-261,-357,-419,-472,-495,-501,-467,-409,-336,-198,-128,-5,121,248,362,448,519,556,552,525,463,366,248,120,-14,-151,-290,-401,-482,-543,-568,-556,-506,-433,-336,-216,-88,44,171,278,366,433,470,497,480,436,376,300,211,104,15,-86,-173,-239,-311,-358,-387,-402,-390,-366,-323,-271,-211,-143,-64,16,98,175,249,312,362,400,411,412,396,363,310,232,143,48,-61,-173,-273,-370,-446,-504,-538,-537,-511,-452,-368,-256,-123,11,152,294,406,506,593,637,640,621,553,456,335,183,24,-137,-296,-440,-558,-656,-711,-722,-693,-632,-531,-400,-232,-60,122,299,471,613,721,793,822,798,724,612,461,281,80,-126,-339,-439,-743
10796,mtk,MTK 7916,4082984597,rx1-tx0,512,108,-1319,-1409,467,417,343,237,116,-12,-144,-272,-377,-452,-491,-497,-467,-408,-311,-196,-60,74,211,339,440,512,542,541,497,413,311,177,24,-130,-277,-408,-511,-586,-621,-616,-565,-482,-358,-202,-31,146,316,463,589,683,725,725,678,579,450,272,73,-129,-338,-523,-677,-794,-850,-870,-825,-718,-567,-373,-149,94,336,562,751,890,980,999,956,850,678,458,206,-65,-334,-586,-793,-954,-1047,-1070,-1015,-901,-731,-497,-241,28,298,537,742,905,995,1031,986,893,745,550,326,88,-152,-376,-585,-749,-869,-932,-948,-912,-819,-679,-504,-304,-79,144,364,566,733,863,946,974,951,861,728,231,343,83,-174,-425,-648,-849,-996,-1091,-1106,-1065,-960,-774,-539,-268,26,319,613,873,1072,1203,1262,1238,1138,957,710,412,92,-252,-586,-876,-1119,-1295,-1383,-1391,-1294,-1105,-857,-548,-193,173,525,853,1133,1334,1457,1482,1414,1253,1004,693,323,-69,-469,-833,-1139,-1387,-1541,-1591,-1538,-1375,-1119,-776,-381,40,475,887,1223,1484,1630,1659,1593,1390,1075,701,261,-186,-620,-997,-1296,-1509,-1583,-1549,-1407,-1153,-827,-434,-24,366,722,1004,1210,1325,1338,1243,1065,816,519,183,-139,-458,-728,-932,-1063,-1103,-1059,-935,-739,-490,-205,90,377,618,799,900,914,842,667,433,155,-131,-373,-546,-624,-599,-488,261,-362,-649,-930,-755,203,9,-242,-478,-662,-767,-765,-668,-481,-233,49,331,577,780,910,945,912,796,603,357,79,-207,-484,-724,-920,-1039,-1072,-1041,-933,-742,-479,-194,126,437,727,967,1148,1237,1249,1165,995,751,455,103,-254,-595,-910,-1166,-1334,-1412,-1402,-1287,-1082,-783,-422,-50,341,724,1068,1338,1505,1570,1534,1382,1129,797,395,-23,-437,-834,-1180,-1425,-1581,-1630,-1561,-1375,-1111,-753,-343,67,485,863,1171,1407,1541,1570,1486,1302,1042,708,343,-40,-407,-753,-1055,-1262,-1394,-1438,-1383,-1254,-1038,-756,-436,-89,258,580,877,1106,1271,1337,1336,1249,1079,860,576,266,-68,-397,-700,-957,-1151,-1275,-1326,-1286,-1168,-49,-743,-442,-113,212,535,817,1062,1244,1335,1355,1290,1137,909,630,297,-58,-415,-741,-1032,-1253,-1393,-1441,-1402,-1261,-1040,-740,-399,-28,352,715,1029,1268,1417,1484,1444,1298,1069,782,432,45,-323,-676,-974,-1194,-1347,-1404,-1364,-1232,-1017,-740,-420,-82,259,578,843,1046,1184,1233,1210,1107,935,702,420,128,-168,-443,-682,-869,-996,-1053,-1051,-967,-827,-641,-416,-174,88,320,523,687,806,873,876,828,724,578,396,187,-25,-230,-415,-559,-668,-723,-735,-698,-617,-482,-334,-163,18,189,344,476,558,614,621,583,509,397,260,106,-52,-201,-336,-434,-509,-544,-531,-479,-408,-305,-182,-44,94,-381,-719,48,489,-152,-121,-237,-343,-425,-473,-486,-471,-413,-323,-208,-80,53,184,307,406,478,512,513,482,407,304,178,39,-104,-251,-375,-474,-551,-583,-573,-527,-442,-328,-187,-24,139,297,435,557,635,673,669,617,525,398,234,47,-139,-330,-493,-633,-737,-789,-799,-751,-649,-499,-313,-106,105,332,538,712,840,921,936,893,788,622,417,172,-88,-337,-578,-782,-934,-1031,-1052,-1005,-886,-706,-479,-216,63,332,574,792,949,1032,1059,1013,901,739,519,277,21,-235,-466,-674,-834,-935,-979,-962,-890,-775,-607,-408,-184,44,273,482,657,795,894,943,931,876,765,611,427,208,-23,-263,-486,-675,-568,-971,-1034,-1035,-973,-855,-676,-445,-184,96,365,634,866,1033,1147,1191,1158,1052,864,625,346,38,-284,-591,-870,-1096,-1247,-1323,-1316,-1215,-1032,-792,-483,-145,209,566,874,1128,1319,1419,1426,1348,1184,931,617,260,-120,-486,-836,-1131,-1360,-1496,-1537,-1474,-1308,-1059,-746,-367,32,447,833,1171,1433,1591,1644,1584,1401,1125,773,341,-92,-532,-946,-1276,-1512,-1648,-1644,-1528,-1281,-973,-578,-150,269,675,1015,1274,1437,1470,1406,1233,974,663,313,-58,-414,-725,-965,-1138,-1215,-1198,-1102,-907,-665,-373,-65,237,516,750,910,998,997,914,747,518,244,-41,-325,-569,-729,-809,-780,-653,-451,-204,43,234,1334,1325,-320,-167,-549,-497,-592,-598,-496,-310,-57,222,483,697,833,883,835,705,510,244,-29,-300,-562,-778,-930,-1005,-998,-911,-752,-530,-253,38,326,611,859,1032,1142,1176,1110,960,734,455,136,-196,-529,-828,-1068,-1249,-1338,-1322,-1224,-1029,-759,-425,-74,296,659,986,1259,1421,1492,1467,1340,1116,796,423,17,-396,-792,-1129,-1399,-1563,-1613,-1558,-1403,-1126,-770,-367,59,486,868,1188,1442,1573,1611,1535,1343,1070,730,338,-67,-471,-829,-1135,-1352,-1471,-1499,-1431,-1279,-1032,-724,-388,-17,339,670,959,1179,1329,1391,1360,1247,1055,802,502,173,-159,-498,-785,-1026,-1205,-1305,-1327,-1264,-1125,-918,-651,-347,-19,312,622,425,1101,1249,1321,1316,1232,1059,830,534,210,-130,-468,-785,-1041,-1243,-1369,-1407,-1348,-1209,-987,-695,-357,4,370,725,1029,1274,1423,1481,1435,1294,1068,768,423,47,-343,-704,-1004,-1240,-1401,-1456,-1411,-1276,-1047,-761,-439,-75,281,623,909,1129,1267,1327,1297,1178,976,723,420,100,-210,-504,-755,-966,-1096,-1149,-1129,-1036,-880,-669,-422,-161,111,378,601,778,894,962,963,892,774,604,404,183,-44,-260,-461,-621,-734,-802,-805,-768,-673,-538,-367,-172,18,203,375,515,611,669,677,638,562,439,290,135,-36,-190,-331,-445,-526,-572,-573,-536,-457,-349,-222,-73,76,207,322,422,480,506,481,877,621
10797,mtk,MTK 7916,4082984597,rx1-tx1,512,0,0,0,479,190,-160,-469,-643,-632,-435,-109,256,544,680,622,384,26,-341,-610,-701,-594,-319,59,416,644,693,540,228,-143,-479,-676,-667,-458,-124,242,537,675,610,372,16,-351,-601,-667,-530,-244,116,445,641,647,450,109,-267,-563,-695,-619,-345,38,413,669,730,565,227,-175,-536,-754,-761,-531,-130,311,657,825,759,470,37,-415,-759,-885,-752,-404,63,519,829,893,708,324,-161,-612,-885,-903,-671,-243,263,689,925,896,614,170,-332,-743,-944,-868,-556,-92,395,771,920,808,479,26,-440,-778,-881,-744,-402,56,485,762,822,649,295,-135,-512,-727,-744,-556,-200,207,540,0,674,446,93,-282,-567,-685,-606,-342,31,388,620,668,529,236,-133,-464,-663,-665,-472,-148,229,542,702,656,422,78,-295,-594,-730,-651,-388,-27,339,620,735,638,359,-8,-367,-623,-701,-584,-315,32,363,590,640,509,254,-62,-354,-532,-553,-414,-163,125,361,471,439,283,42,-198,-374,-440,-362,-164,78,285,414,417,285,76,-158,-366,-464,-418,-248,-6,239,426,491,422,238,-16,-268,-445,-509,-437,-241,21,264,439,484,393,214,-19,-247,-401,-438,-362,-192,31,238,369,403,332,169,-39,-228,-353,-390,-326,-177,10,194,330,384,356,249,91,-72,-205,-293,-318,-281,0,0,0,0,0,-220,-317,-366,-349,-250,-90,114,319,466,528,485,319,69,-209,-452,-603,-608,-465,-203,132,445,644,685,555,295,-55,-430,-699,-785,-675,-375,34,453,762,880,758,438,-12,-474,-822,-964,-854,-516,-24,472,871,1044,937,581,67,-476,-896,-1079,-979,-616,-88,463,902,1090,971,601,75,-472,-890,-1063,-939,-558,-19,520,905,1036,881,469,-69,-572,-925,-1024,-828,-395,145,644,963,1002,762,304,-244,-722,-991,-984,-705,-231,310,760,993,946,620,110,-421,-826,-1004,-896,-527,-10,510,882,1007,845,436,-105,-622,-957,-1026,-801,-340,219,722,1018,1038,763,250,-339,-829,-1093,-1052,-715,0,446,924,1153,1057,660,81,-530,-1004,-1198,-1061,-614,8,623,1068,1222,1029,547,-93,-702,-1114,-1216,-976,-466,170,767,1147,1198,910,373,-269,-833,-1158,-1162,-836,-267,366,891,1161,1096,718,146,-456,-930,-1138,-1019,-606,-20,561,974,1116,935,485,-97,-639,-991,-1051,-813,-352,210,701,979,979,697,215,-322,-746,-958,-894,-564,-73,431,789,909,780,431,-43,-497,-802,-868,-678,-298,155,558,788,776,545,165,-258,-590,-743,-683,-427,-51,333,614,704,577,280,-80,-398,-597,-617,-444,-140,193,460,595,542,321,6,-312,-535,-588,-462,-202,119,406,565,551,373,83,-239,-493,-593,-511,0,0,0,0,0,419,608,625,457,143,-217,-505,-660,-633,-414,-72,290,572,687,606,354,-11,-382,-633,-695,-562,-271,103,452,667,689,508,178,-202,-520,-681,-637,-414,-64,301,569,673,577,308,-50,-398,-622,-656,-497,-182,192,505,662,619,397,48,-329,-616,-712,-591,-293,105,484,720,742,550,182,-241,-595,-794,-763,-492,-75,365,708,858,759,437,-14,-464,-789,-893,-734,-362,113,561,853,901,691,276,-222,-660,-911,-903,-640,-199,303,721,932,882,579,116,-370,-751,-925,-849,-536,-69,423,780,903,779,450,-7,-457,-768,-857,-700,-354,84,492,755,794,609,258,-162,-529,-726,-714,-506,0,248,562,704,640,390,35,-327,-599,-686,-560,-280,81,421,640,677,510,186,-183,-497,-678,-670,-463,-112,263,571,724,666,415,53,-325,-609,-724,-639,-386,-20,357,623,719,622,346,-21,-363,-600,-679,-559,-284,50,363,562,595,466,206,-94,-353,-504,-500,-351,-108,161,369,451,400,231,-6,-236,-384,-416,-320,-118,130,332,433,407,257,30,-207,-401,-479,-413,-236,6,251,439,514,438,237,-26,-269,-437,-487,-409,-220,22,259,425,469,385,203,-29,-242,-378,-417,-345,-178,35,234,362,391,321,167,-27,-216,-350,-394,-336,-207,-28,154,291,361,359,284,158,26,-99,0,0,0,0,0,206,102,-36,-199,-352,-448,-454,-375,-212,24,277,478,584,550,396,151,-159,-449,-629,-656,-520,-245,105,439,673,754,636,337,-52,-433,-725,-835,-717,-406,24,455,788,929,828,489,3,-484,-848,-1010,-901,-547,-45,482,882,1062,961,596,72,-474,-902,-1094,-990,-623,-97,466,899,1072,952,582,54,-483,-882,-1043,-912,-513,30,555,919,1024,845,436,-103,-617,-954,-1022,-797,-353,194,682,972,989,731,266,-280,-738,-985,-956,-649,-162,370,798,1002,919,571,63,-459,-850,-998,-862,-480,48,562,926,1027,821,383,-164,-668,-992,-1035,-778,-292,284,783,1065,1047,727,198,-393,-880,0,-1042,-680,-125,482,969,1178,1055,642,40,-577,-1033,-1201,-1031,-581,31,653,1091,1222,1010,516,-130,-743,-1142,-1221,-956,-424,223,808,1160,1184,886,326,-331,-877,-1169,-1130,-779,-202,426,916,1149,1063,673,96,-509,-962,-1132,-975,-549,29,597,992,1092,869,411,-153,-671,-994,-1026,-764,-286,260,729,975,939,628,133,-382,-774,-943,-836,-488,-8,470,803,898,731,355,-105,-530,-799,-830,-617,-245,188,564,772,743,497,112,-293,-593,-713,-619,-348,11,370,610,655,510,214,-144,-448,-604,-583,-387,-78,252,495,589,507,266,-58,-357,-542,-565,-414,-133,192,459,582,529,326,21,-293,0,0
10798,mtk,MTK 7916,4082984597,rx2-tx0,512,0,0,0,-150,101,323,454,446,302,66,-200,-415,-503,-432,-240,25,289,479,530,415,173,-121,-380,-535,-533,-371,-95,213,465,581,530,321,3,-316,-541,-614,-505,-246,86,405,602,622,461,152,-204,-503,-657,-612,-385,-39,325,602,704,594,300,-89,-457,-693,-730,-548,-194,219,572,773,748,499,91,-353,-700,-841,-744,-432,16,472,802,905,740,362,-131,-590,-886,-937,-715,-279,235,687,954,945,659,189,-334,-769,-992,-931,-601,-104,428,840,1006,894,530,8,-505,-870,-999,-842,-441,78,573,901,968,765,354,-160,-628,-912,-924,-674,-239,257,676,906,872,579,122,-356,-728,-891,0,-464,-1,456,776,873,710,338,-127,-557,-831,-861,-641,-239,242,655,880,852,584,141,-351,-747,-928,-843,-515,-40,453,824,969,830,450,-51,-547,-895,-985,-799,-393,127,628,950,1003,770,328,-214,-699,-986,-989,-723,-256,283,750,1014,987,686,192,-357,-804,-1026,-959,-636,-136,409,836,1024,930,585,81,-438,-838,-1009,-897,-548,-62,446,832,982,859,500,20,-448,-793,-917,-792,-462,-16,425,734,843,723,406,-12,-410,-692,-783,-654,-361,15,383,643,725,611,340,-9,-352,-597,-674,-580,-347,-32,286,530,637,586,401,132,-157,-404,-555,-576,-483,-298,-75,134,292,376,384,0,0,0,0,0,219,387,504,540,471,290,28,-268,-529,-685,-693,-544,-260,100,453,709,792,684,400,-1,-418,-742,-882,-799,-501,-60,411,791,979,911,593,108,-428,-875,-1102,-1043,-699,-152,449,944,1199,1148,792,200,-471,-1019,-1298,-1249,-867,-242,465,1056,1380,1335,930,274,-458,-1080,-1425,-1384,-965,-294,458,1094,1432,1382,970,291,-462,-1087,-1422,-1367,-940,-268,462,1062,1379,1316,884,220,-491,-1058,-1328,-1234,-799,-148,529,1047,1272,1144,704,77,-564,-1040,-1214,-1044,-592,11,604,1018,1137,938,489,-94,-646,-1005,-1073,-842,-382,179,679,978,998,731,263,-265,-713,-953,-914,-619,-157,345,742,919,831,0,44,-431,-772,-888,-748,-394,69,508,795,849,662,280,-173,-570,-797,-796,-569,-171,268,619,792,736,467,65,-346,-656,-772,-656,-355,41,420,674,728,572,246,-139,-481,-680,-674,-471,-130,241,533,665,600,358,16,-326,-568,-636,-511,-241,96,400,583,591,421,121,-202,-458,-578,-527,-315,-8,300,506,558,446,204,-97,-366,-520,-519,-365,-101,191,421,524,468,269,-9,-276,-457,-500,-397,-170,107,348,478,466,318,76,-188,-392,-479,-423,-241,13,255,418,460,359,148,-106,-322,-433,-422,-285,-55,186,364,437,373,196,-36,-260,-401,-414,-303,-100,137,327,418,385,231,0,0,0,0,0,-424,-447,-327,-102,153,367,471,441,276,23,-243,-441,-512,-425,-212,69,338,509,533,396,136,-165,-422,-561,-536,-349,-54,261,504,597,517,286,-39,-356,-573,-627,-486,-198,143,449,631,629,439,113,-261,-556,-682,-601,-343,19,385,642,709,564,248,-147,-513,-736,-740,-521,-142,288,646,817,746,459,38,-413,-754,-879,-750,-395,81,538,843,911,722,318,-186,-641,-921,-942,-689,-234,288,734,975,940,631,140,-387,-807,-1004,-914,-569,-61,471,866,1015,872,485,-29,-533,-887,-986,-807,-401,113,592,897,945,725,295,-218,-652,-897,-891,-628,-191,299,702,893,822,513,56,0,-763,-881,-753,-411,60,510,806,872,685,294,-181,-603,-855,-863,-614,-185,302,705,904,850,551,86,-410,-791,-953,-846,-497,2,498,858,981,823,428,-91,-584,-912,-988,-787,-358,177,658,956,989,745,292,-252,-727,-991,-978,-699,-220,323,777,1009,966,652,153,-386,-826,-1036,-954,-613,-106,429,841,1024,925,573,73,-444,-840,-996,-884,-533,-39,456,811,940,817,478,16,-438,-771,-889,-757,-430,-2,415,709,806,686,381,-17,-398,-669,-750,-631,-353,12,369,616,695,589,339,6,-323,-565,-653,-580,-369,-74,234,481,604,587,445,214,-50,-288,-452,-512,-469,-349,-192,-23,0,0,0,0,0,-370,-279,-114,115,354,547,644,607,437,163,-173,-485,-697,-755,-623,-337,38,421,719,834,740,457,30,-419,-765,-927,-858,-558,-92,423,835,1033,966,643,130,-436,-907,-1151,-1090,-743,-184,446,975,1254,1202,820,216,-460,-1030,-1335,-1296,-901,-253,470,1078,1408,1360,955,300,-454,-1099,-1437,-1388,-972,-299,451,1085,1431,1381,955,285,-460,-1080,-1402,-1340,-915,-249,475,1068,1362,1271,845,195,-503,-1052,-1298,-1185,-750,-113,541,1036,1237,1096,647,25,-594,-1032,-1182,-999,-541,59,627,1010,1107,895,434,-132,-656,-991,-1036,-790,-326,223,696,959,950,675,211,-308,-729,-938,-876,-563,-97,385,0,904,785,443,-22,-474,-781,-869,-706,-341,120,542,806,831,615,233,-216,-597,-797,-768,-518,-121,304,637,783,698,414,16,-389,-671,-751,-614,-303,96,456,678,702,515,180,-199,-510,-671,-634,-411,-72,281,549,650,556,302,-42,-370,-580,-613,-469,-187,146,431,588,567,370,70,-246,-486,-577,-492,-263,44,335,522,548,407,150,-146,-397,-528,-501,-320,-46,239,441,511,430,218,-55,-306,-467,-488,-362,-126,146,370,479,441,270,20,-230,-414,-475,-392,-191,59,285,425,440,325,108,-145,-344,-434,-396,-236,1,228,381,421,337,146,-88,-294,-418,-405,-269,-54,177,352,0,0
10799,mtk,MTK 7916,4082984597,rx2-tx1,512,0,0,0,-5,-54,-85,-92,-63,-12,36,71,76,56,19,-27,-63,-79,-73,-44,-2,41,73,83,68,33,-9,-50,-78,-81,-65,-33,11,43,59,75,68,46,20,-13,-37,-45,-50,-47,-41,-31,-11,14,38,61,79,75,53,26,-15,-63,-108,-137,-129,-79,-9,71,146,186,179,131,38,-78,-176,-235,-243,-182,-65,71,198,281,291,222,88,-82,-239,-329,-335,-259,-101,98,269,372,373,278,102,-113,-297,-400,-400,-289,-96,130,326,428,415,294,83,-146,-340,-443,-419,-274,-55,178,358,438,397,247,19,-221,-394,-452,-380,-199,40,269,426,458,354,148,-99,-329,-466,0,-335,-97,172,392,512,490,319,50,-234,-458,-563,-514,-315,-17,293,534,629,542,303,-14,-341,-586,-670,-565,-296,58,401,645,711,576,283,-104,-466,-693,-739,-581,-257,154,531,759,775,579,219,-208,-584,-809,-819,-592,-201,253,660,885,875,624,192,-293,-696,-923,-915,-658,-217,283,715,958,939,671,236,-265,-714,-970,-959,-705,-269,240,687,947,948,699,285,-204,-640,-894,-912,-701,-309,155,565,824,862,670,314,-119,-509,-762,-825,-668,-341,61,439,700,774,651,371,11,-344,-601,-715,-656,-434,-117,217,494,650,653,512,278,-2,-273,-468,-558,-534,-418,-245,-60,107,0,0,0,0,0,217,239,228,171,67,-64,-200,-313,-369,-342,-241,-86,100,278,392,424,358,204,-7,-224,-398,-478,-444,-295,-58,199,412,535,525,366,108,-185,-447,-611,-617,-464,-182,168,485,682,717,563,252,-138,-517,-770,-829,-681,-343,86,509,812,920,796,461,-8,-479,-836,-995,-893,-549,-58,443,825,1006,936,620,135,-386,-799,-1007,-954,-659,-191,330,757,983,960,672,206,-302,-729,-962,-933,-650,-198,295,696,908,874,607,185,-288,-683,-892,-846,-569,-148,311,677,856,796,519,109,-335,-683,-836,-758,-473,-60,364,690,824,727,432,25,-394,-699,-815,-700,-388,32,437,717,800,0,331,-83,-465,-720,-779,-621,-284,126,505,747,777,588,234,-181,-541,-754,-761,-545,-175,234,581,776,754,519,135,-294,-629,-790,-731,-468,-75,339,661,798,716,437,36,-383,-694,-805,-684,-387,3,395,685,783,653,357,-28,-413,-676,-747,-613,-307,79,435,661,707,563,261,-107,-431,-633,-656,-493,-203,135,429,601,603,428,139,-176,-433,-566,-537,-355,-87,196,426,536,490,306,44,-222,-417,-496,-435,-253,-15,213,375,433,372,215,3,-207,-348,-385,-320,-170,21,196,305,326,261,133,-26,-175,-269,-278,-211,-95,39,153,218,219,158,60,-43,-126,-164,-155,-105,-28,0,0,0,0,0,108,81,33,-21,-64,-83,-73,-45,2,52,78,72,47,7,-36,-69,-83,-73,-38,9,48,77,87,71,34,-14,-53,-76,-84,-74,-45,-2,31,50,57,54,44,26,1,-22,-38,-49,-52,-55,-51,-36,-9,24,63,91,101,91,55,-1,-67,-130,-165,-160,-111,-25,69,153,215,222,163,55,-72,-190,-263,-268,-205,-81,79,221,306,311,238,94,-90,-253,-351,-359,-264,-97,99,278,391,395,281,91,-124,-313,-419,-409,-292,-90,150,341,437,415,284,76,-162,-353,-445,-411,-261,-41,194,371,440,395,231,-5,-238,-404,-454,-373,-180,72,302,442,461,347,127,0,-364,-490,-478,-333,-78,205,428,545,504,315,41,-258,-498,-595,-530,-313,3,324,563,647,549,300,-40,-381,-621,-690,-570,-287,76,429,670,729,584,269,-123,-481,-718,-758,-580,-238,177,558,791,806,592,200,-240,-625,-846,-836,-604,-203,266,664,898,894,639,200,-300,-716,-951,-938,-672,-221,290,725,976,973,704,252,-257,-691,-942,-956,-715,-276,225,659,915,930,700,288,-187,-604,-867,-894,-688,-309,140,542,794,845,677,328,-94,-476,-728,-795,-659,-356,24,390,650,739,651,402,62,-282,-558,-696,-658,-469,-186,128,404,582,630,544,365,132,-107,-302,-411,-437,-386,0,0,0,0,0,-61,25,126,227,300,320,274,168,16,-149,-291,-381,-393,-317,-161,48,251,399,453,397,245,27,-213,-411,-507,-485,-335,-87,193,437,573,562,407,136,-182,-471,-653,-667,-504,-208,146,490,737,787,614,284,-119,-505,-786,-870,-735,-410,41,495,830,959,838,495,33,-454,-839,-995,-900,-577,-103,399,812,1022,955,638,167,-343,-777,-1000,-958,-664,-201,314,749,977,941,660,208,-290,-710,-938,-909,-630,-192,285,686,894,860,600,166,-302,-679,-868,-824,-554,-125,327,684,845,775,499,88,-349,-684,-830,-743,-457,-43,378,696,815,706,411,4,-409,-704,-800,-675,-357,56,0,714,788,641,315,-102,-486,-732,-781,-606,-264,150,524,752,765,560,207,-207,-574,-774,-747,-517,-147,267,612,786,740,487,94,-323,-646,-791,-720,-447,-53,354,663,793,700,414,11,-390,-684,-788,-676,-375,28,417,688,762,636,337,-51,-416,-670,-733,-587,-282,92,429,643,678,528,230,-129,-436,-617,-627,-460,-165,160,432,581,566,396,112,-197,-438,-550,-511,-341,-74,205,416,509,461,281,32,-219,-402,-464,-402,-235,-3,217,368,417,349,192,-8,-198,-325,-361,-296,-153,25,182,280,297,238,114,-38,-165,-238,-237,-180,-77,42,141,192,188,131,41,-47,-114,-151,0,0
10800,mtk,MTK 7916,4083021593,rx0-tx0,512,-918,-99,-247,455,273,62,-139,-329,-502,-631,-722,-763,-745,-680,-575,-420,-239,-31,178,384,578,732,822,868,837,740,597,383,122,-139,-405,-656,-844,-978,-1021,-974,-844,-633,-366,-67,238,530,765,949,1029,1035,951,772,537,261,-37,-324,-580,-767,-890,-950,-917,-809,-638,-424,-180,79,318,523,685,781,807,768,670,518,335,130,-79,-272,-432,-547,-625,-641,-600,-527,-419,-269,-116,37,171,291,399,462,485,473,423,346,239,122,-7,-130,-234,-300,-345,-367,-350,-310,-253,-169,-80,12,93,149,188,213,202,179,147,103,73,41,14,-8,-19,-20,-23,-25,-26,-29,-47,-58,-85,-106,-588,-128,-126,-104,-66,-34,15,55,99,145,170,179,170,151,125,83,38,-13,-61,-94,-127,-134,-142,-154,-146,-119,-96,-75,-53,-40,-24,2,40,76,104,140,180,213,243,243,229,191,130,49,-46,-164,-279,-382,-456,-503,-498,-436,-325,-165,14,199,385,551,665,711,699,607,448,244,-1,-244,-475,-664,-789,-846,-814,-703,-520,-280,-19,235,478,673,802,853,808,695,525,302,53,-197,-423,-604,-737,-781,-755,-658,-505,-308,-77,143,350,512,616,668,654,576,454,289,102,-96,-281,-431,-534,-577,-569,-502,-374,-213,-26,158,325,448,496,481,396,264,97,-66,-200,-272,318,193,427,-326,-347,-298,-331,-298,-201,-62,112,276,407,485,494,437,325,170,-16,-204,-366,-491,-565,-578,-521,-410,-253,-64,126,313,467,572,615,596,525,387,224,37,-157,-339,-476,-573,-608,-584,-490,-358,-203,-27,146,295,413,489,503,470,396,302,190,52,-70,-183,-267,-317,-340,-324,-294,-236,-179,-113,-46,18,63,97,130,146,160,158,153,151,155,147,139,121,80,40,-5,-66,-111,-160,-208,-251,-274,-273,-257,-211,-162,-88,3,105,198,278,355,401,410,391,337,248,138,16,-121,-245,-362,-446,-501,-517,-480,-416,-311,-170,-15,144,298,434,531,589,598,552,482,347,192,18,-291,-345,-487,-595,-659,-675,-627,-535,-390,-217,-23,184,373,545,667,735,741,692,585,426,222,5,-217,-421,-588,-713,-765,-759,-697,-574,-408,-217,-9,195,375,520,638,706,714,676,592,461,304,123,-59,-240,-405,-543,-650,-719,-740,-698,-610,-484,-304,-104,101,322,510,674,792,851,855,796,669,470,244,-25,-277,-519,-737,-898,-992,-1001,-923,-783,-572,-300,-9,299,560,797,979,1080,1087,1001,837,591,298,-16,-336,-624,-862,-1037,-1113,-1102,-1000,-820,-554,-254,66,379,651,872,1008,1066,1035,911,727,483,201,-93,-368,-618,-806,-919,-963,-926,-813,-645,-431,-191,63,294,501,666,-110,-191,445,-583,-562,-628,-730,-772,-746,-688,-576,-429,-251,-50,156,340,515,652,748,796,781,716,597,420,210,-17,-268,-488,-689,-854,-937,-941,-879,-728,-514,-263,36,324,595,812,964,1031,1019,908,724,462,165,-132,-432,-684,-868,-980,-1005,-945,-801,-591,-349,-75,203,447,650,790,866,863,795,669,487,265,35,-192,-392,-557,-659,-718,-712,-658,-537,-389,-212,-24,142,291,424,516,554,544,495,424,321,193,58,-79,-199,-300,-372,-411,-422,-399,-334,-253,-161,-53,52,145,217,272,290,285,248,199,153,89,22,-33,-85,-108,-115,-115,-99,-87,-68,-62,-55,-50,-51,-57,-58,-56,-48,-22,321,31,61,105,132,158,169,157,140,103,55,6,-46,-87,-126,-157,-173,-177,-150,-128,-99,-57,-36,4,39,66,77,97,106,117,129,147,155,145,130,115,83,42,-16,-81,-148,-222,-289,-342,-365,-361,-313,-231,-124,14,175,332,467,570,613,602,530,392,205,-2,-221,-438,-611,-735,-791,-765,-666,-483,-262,-13,246,481,685,817,853,815,708,527,300,32,-233,-459,-646,-777,-825,-796,-683,-521,-305,-65,167,388,563,689,733,708,620,475,295,99,-113,-303,-460,-569,-619,-604,-536,-414,-257,-79,101,276,415,510,546,515,428,277,96,-87,-249,-359,-411,-388,-300,-178,-416,-506,-99,-131,-26,-68,62,212,330,410,428,372,253,90,-98,-269,-412,-507,-542,-506,-414,-278,-110,80,267,428,542,596,591,528,406,240,46,-150,-338,-485,-576,-618,-597,-517,-379,-214,-25,166,344,467,547,568,534,450,336,185,23,-124,-254,-344,-411,-428,-404,-356,-273,-182,-79,15,95,154,194,227,244,235,209,184,141,108,69,31,1,-30,-57,-89,-112,-148,-171,-183,-201,-206,-191,-175,-135,-81,-9,58,136,201,267,316,339,332,291,240,162,59,-47,-160,-274,-364,-428,-461,-457,-410,-330,-220,-96,54,199,330,449,526,560,550,500,399,263,101,-85,-244,-398,-525,-599,-636,374,-565,-446,-292,-111,78,264,429,575,668,719,699,627,498,322,122,-88,-294,-483,-638,-740,-773,-744,-649,-511,-322,-100,109,319,504,637,719,742,708,623,499,344,149,-39,-221,-391,-536,-639,-694,-701,-678,-597,-475,-313,-131,68,266,442,599,717,771,789,747,635,486,281,67,-164,-395,-616,-786,-905,-946,-907,-809,-640,-413,-145,146,423,668,877,1007,1063,1023,901,715,457,157,-158,-452,-729,-942,-1076,-1117,-1068,-925,-715,-435,-120,201,506,771,969,1074,1103,1029,877,646,365,67,-244,-520,-751,-921,-1009,-1008,-933,-784,-567,-319,-48,216,455,655,798,876,877,812,692,526,-325,-282
10801,mtk,MTK 7916,4083021593,rx0-tx1,512,713,-928,-805,-918,-951,-916,-810,-631,-396,-123,170,452,700,902,1040,1090,1057,935,731,466,157,-168,-488,-771,-1000,-1142,-1198,-1164,-1020,-805,-519,-177,185,527,830,1068,1222,1277,1224,1078,839,532,186,-181,-538,-850,-1088,-1243,-1299,-1248,-1101,-866,-560,-216,145,494,807,1053,1210,1268,1243,1111,892,601,269,-71,-418,-723,-977,-1148,-1226,-1213,-1099,-905,-649,-338,-9,322,624,877,1055,1156,1169,1083,921,686,399,91,-228,-522,-767,-958,-1066,-1092,-1043,-904,-697,-445,-165,127,399,642,834,953,1002,973,877,722,513,268,0,-257,-498,-699,-846,-934,-957,-899,-780,-601,-383,-129,135,390,622,799,917,972,-430,855,692,470,207,-72,-355,-609,-824,-968,-1037,-1021,-918,-741,-501,-212,87,385,662,876,1020,1074,1042,918,718,459,144,-164,-460,-725,-912,-1026,-1059,-992,-839,-621,-348,-54,245,511,729,883,961,946,861,706,487,241,-27,-279,-495,-662,-772,-810,-789,-700,-550,-371,-165,49,239,402,540,619,654,630,554,447,309,153,-10,-158,-306,-417,-489,-532,-524,-472,-390,-285,-155,-18,106,233,321,385,434,431,403,340,249,151,44,-74,-180,-264,-333,-366,-372,-344,-288,-208,-119,-20,90,185,261,307,334,326,277,209,120,20,-78,-172,-245,-281,-285,-250,-186,-97,-4,82,146,171,-905,-970,567,423,803,234,301,317,278,189,57,-89,-232,-343,-413,-438,-405,-330,-212,-71,82,226,349,435,483,487,444,352,235,91,-59,-213,-353,-464,-537,-555,-539,-473,-359,-210,-37,139,319,469,579,646,666,629,531,372,181,-30,-249,-454,-608,-724,-777,-760,-672,-520,-317,-86,155,382,590,733,823,837,771,634,448,214,-35,-271,-490,-667,-784,-826,-790,-692,-534,-339,-108,123,333,515,644,718,727,678,573,433,265,73,-114,-288,-428,-534,-593,-602,-573,-503,-390,-252,-101,49,186,307,414,482,516,512,474,404,300,184,55,-79,-200,-311,-400,-470,-494,-486,-444,-377,-283,-163,-32,109,230,364,461,521,545,524,462,361,233,80,-81,-232,-373,-483,-549,-574,-555,-493,-385,-255,-100,66,217,352,457,521,550,528,468,381,258,121,-21,-152,-270,-362,-431,-463,-465,-432,-369,-282,-184,-73,33,134,229,305,360,390,401,386,344,286,214,121,25,-74,-172,-256,-328,-387,-420,-424,-400,-350,-278,-185,-80,33,152,270,373,450,498,515,501,442,345,221,84,-73,-236,-370,-489,-571,-614,-608,-559,-465,-330,-173,-6,175,341,488,601,662,681,655,564,434,275,84,-108,-297,-477,-620,-715,-760,-752,-685,-558,-383,-184,38,253,453,626,759,833,841,782,663,496,285,-877,-577,315,359,577,-229,40,305,557,769,923,1010,1021,945,789,570,292,-12,-318,-607,-853,-1034,-1135,-1145,-1060,-890,-641,-330,-1,351,665,924,1124,1234,1238,1140,948,680,355,-6,-362,-693,-974,-1176,-1283,-1286,-1185,-983,-711,-379,-14,351,686,967,1169,1273,1278,1186,1002,738,408,61,-292,-625,-903,-1116,-1230,-1255,-1182,-1011,-773,-466,-136,210,537,816,1031,1163,1203,1158,1019,800,522,211,-120,-436,-709,-931,-1074,-1136,-1111,-993,-811,-570,-279,21,324,599,816,967,1044,1042,961,811,597,342,69,-205,-459,-677,-841,-946,-974,-932,-822,-652,-439,-204,58,317,550,742,872,942,941,876,740,543,311,49,-1099,-491,-712,-882,-980,-1008,-954,-822,-620,-365,-79,219,502,745,935,1045,1062,1002,848,619,340,33,-280,-569,-804,-982,-1068,-1055,-970,-790,-539,-255,54,361,622,835,970,1021,982,853,665,425,150,-132,-392,-622,-784,-874,-893,-831,-703,-524,-307,-75,149,367,540,663,732,731,667,568,420,243,64,-121,-281,-420,-515,-570,-573,-546,-480,-359,-234,-87,64,203,314,406,469,477,460,405,310,219,96,-31,-145,-253,-328,-379,-403,-398,-348,-281,-191,-87,20,126,218,291,336,358,342,292,220,130,37,-77,-169,-246,-293,-311,-300,-257,-179,-81,21,117,192,234,238,208,146,74,-352,-129,-142,-845,-505,156,50,-81,-206,-311,-379,-389,-342,-242,-112,35,180,306,402,457,460,418,330,213,73,-77,-228,-357,-453,-509,-516,-484,-403,-286,-136,22,183,346,475,567,600,599,544,431,280,102,-90,-281,-460,-602,-693,-724,-702,-599,-445,-259,-31,198,421,611,744,820,819,747,598,397,165,-89,-340,-553,-718,-822,-842,-791,-671,-490,-272,-30,200,420,596,723,779,760,693,563,393,191,-21,-227,-405,-540,-635,-676,-656,-588,-471,-328,-156,10,168,315,432,513,551,546,507,435,332,201,68,-69,-196,-309,-393,-453,-490,-490,-456,-387,-297,-180,-45,84,216,323,422,485,516,509,-198,384,269,133,-14,-167,-306,-424,-508,-559,-559,-521,-442,-321,-178,-21,142,299,422,509,562,568,528,449,324,183,27,-126,-257,-374,-457,-500,-503,-475,-412,-320,-207,-85,35,153,256,337,398,428,424,401,348,277,187,89,-13,-114,-205,-275,-339,-376,-392,-390,-362,-309,-245,-161,-62,43,152,253,343,406,446,463,451,404,322,217,95,-40,-179,-314,-424,-506,-551,-569,-531,-455,-347,-206,-47,122,287,434,548,614,647,631,564,458,309,137,-43,-236,-415,-554,-657,-714,-712,-668,-568,-418,-234,-34,172,373,547,683,771,803,765,673,528,343,124,-110,-340,-543,-707,-823,-347,-747
10802,mtk,MTK 7916,4083021593,rx1-tx0,512,108,-1349,-1349,137,-16,-162,-293,-400,-465,-487,-465,-393,-292,-154,2,158,286,399,478,511,499,439,331,199,45,-120,-273,-407,-507,-559,-563,-517,-417,-283,-116,66,238,400,527,613,641,620,538,413,239,46,-157,-356,-523,-650,-728,-736,-692,-579,-417,-208,28,264,477,656,793,860,854,775,618,413,157,-109,-376,-616,-810,-935,-984,-946,-821,-621,-370,-76,234,528,773,946,1044,1051,970,792,552,265,-47,-363,-637,-848,-991,-1051,-1018,-896,-703,-456,-172,125,389,635,823,933,975,933,820,662,439,187,-78,-333,-556,-739,-871,-934,-920,-842,-698,-504,-269,-3,257,500,710,871,967,990,231,819,611,360,81,-225,-517,-771,-975,-1095,-1128,-1076,-926,-699,-409,-64,284,607,894,1110,1238,1254,1164,972,707,367,-20,-390,-752,-1048,-1251,-1370,-1362,-1232,-998,-679,-291,117,534,896,1180,1379,1463,1407,1249,971,617,205,-243,-664,-1031,-1311,-1484,-1543,-1459,-1253,-938,-530,-78,405,844,1219,1488,1616,1612,1458,1166,756,284,-229,-702,-1129,-1454,-1620,-1646,-1527,-1248,-861,-389,105,588,1015,1323,1498,1532,1421,1172,816,396,-47,-474,-836,-1108,-1276,-1302,-1212,-1008,-733,-383,-10,351,663,909,1054,1089,1025,851,594,294,-39,-354,-628,-823,-924,-917,-797,-578,-293,22,325,562,693,696,592,391,154,461,-279,-649,-895,-616,360,537,642,629,497,264,-25,-329,-595,-788,-875,-852,-723,-499,-208,100,414,679,866,972,986,890,691,432,117,-219,-527,-802,-1002,-1110,-1113,-1010,-811,-521,-182,188,548,858,1101,1245,1277,1190,993,693,330,-83,-481,-850,-1158,-1348,-1429,-1381,-1201,-907,-523,-91,367,797,1148,1416,1546,1543,1402,1122,738,288,-189,-658,-1071,-1385,-1585,-1631,-1521,-1292,-935,-494,-20,468,912,1262,1499,1601,1563,1380,1075,697,255,-215,-653,-1024,-1299,-1459,-1494,-1399,-1195,-889,-515,-103,315,696,1012,1252,1375,1386,1284,1084,790,432,46,-340,-698,-997,-1209,-1323,-1335,-1222,-1024,-736,-389,-7,362,707,993,1205,1313,-49,1210,1011,719,373,-2,-384,-734,-1030,-1240,-1352,-1351,-1254,-1028,-724,-357,48,452,819,1125,1336,1432,1415,1271,1011,666,256,-179,-594,-961,-1246,-1424,-1480,-1399,-1206,-898,-508,-85,350,751,1079,1318,1434,1417,1282,1036,708,324,-92,-484,-834,-1098,-1264,-1314,-1253,-1091,-833,-512,-152,215,543,823,1034,1144,1153,1070,900,646,350,42,-265,-543,-777,-940,-989,-976,-884,-707,-484,-224,44,305,536,709,817,851,812,711,550,344,116,-117,-333,-511,-642,-718,-730,-667,-552,-400,-206,-6,188,361,495,590,623,599,518,398,247,74,-107,-268,-407,-500,-541,-532,-477,-381,-248,-96,60,211,336,427,-283,-694,48,352,-401,-460,-480,-450,-379,-269,-134,6,155,287,396,470,499,474,404,306,168,18,-136,-287,-408,-491,-534,-526,-470,-374,-231,-74,95,260,408,518,590,600,556,467,333,168,-17,-207,-384,-532,-636,-683,-677,-612,-487,-324,-117,100,314,505,657,764,802,770,670,515,308,62,-191,-442,-653,-811,-900,-912,-859,-721,-516,-259,23,317,587,801,951,1023,1010,907,712,457,160,-152,-452,-719,-916,-1036,-1069,-1007,-852,-629,-356,-55,250,532,761,926,1012,1008,924,774,550,301,25,-250,-497,-704,-860,-937,-947,-880,-754,-574,-347,-92,165,409,629,797,911,949,916,817,660,446,191,-85,-568,-618,-828,-971,-1049,-1047,-946,-772,-528,-233,82,403,703,939,1110,1193,1171,1059,851,555,214,-154,-515,-829,-1083,-1260,-1318,-1267,-1115,-845,-518,-141,266,647,978,1236,1381,1417,1330,1116,822,457,36,-391,-782,-1122,-1351,-1486,-1484,-1360,-1118,-779,-368,86,537,937,1273,1499,1594,1546,1355,1062,654,190,-299,-772,-1177,-1474,-1640,-1655,-1510,-1234,-826,-341,149,648,1077,1396,1572,1604,1492,1224,843,397,-76,-529,-926,-1214,-1388,-1422,-1319,-1092,-789,-403,10,412,746,998,1151,1187,1110,935,674,354,13,-328,-630,-848,-977,-1006,-929,-751,-490,-178,146,445,678,817,841,746,546,274,-12,-267,-450,-513,1282,1339,-320,-289,-710,411,252,5,-270,-525,-711,-790,-752,-593,-345,-41,267,550,775,905,937,869,687,436,139,-179,-492,-751,-943,-1058,-1050,-940,-738,-457,-131,214,549,844,1060,1181,1195,1092,887,597,244,-144,-521,-868,-1132,-1301,-1353,-1274,-1099,-798,-413,-2,424,818,1151,1385,1500,1476,1305,1026,646,202,-268,-731,-1129,-1419,-1576,-1602,-1486,-1221,-849,-393,108,586,1003,1345,1549,1631,1563,1345,1009,589,118,-355,-800,-1157,-1408,-1548,-1539,-1405,-1147,-794,-379,63,480,860,1163,1362,1445,1400,1238,989,652,262,-139,-523,-858,-1128,-1295,-1361,-1316,-1162,-912,-588,-225,167,533,852,1108,1273,1332,1276,1122,874,561,192,425,-550,-874,-1128,-1281,-1342,-1288,-1129,-872,-547,-172,209,591,930,1183,1352,1400,1333,1159,880,516,112,-308,-708,-1052,-1307,-1451,-1464,-1350,-1123,-788,-393,47,471,861,1180,1386,1463,1422,1247,975,618,199,-228,-627,-965,-1211,-1355,-1376,-1276,-1076,-783,-429,-37,343,691,966,1156,1244,1219,1085,874,587,259,-80,-406,-695,-920,-1042,-1078,-1025,-888,-689,-420,-132,143,425,653,813,901,913,850,713,520,289,40,-201,-421,-606,-731,-784,-771,-690,-553,-375,-170,52,259,426,559,645,666,633,536,399,231,41,-146,-309,-442,-535,-582,-568,-499,-391,-250,-92,76,232,370,465,509,509,460,369,257,923,647
10803,mtk,MTK 7916,4083021593,rx1-tx1,512,0,0,0,583,623,507,261,-61,-375,-599,-662,-561,-326,0,334,586,694,627,396,69,-267,-545,-682,-646,-453,-135,213,502,661,646,468,169,-173,-464,-636,-649,-493,-203,133,432,615,637,497,220,-121,-425,-607,-630,-495,-221,122,436,631,664,522,232,-123,-453,-667,-710,-567,-267,101,451,707,778,640,333,-67,-448,-726,-839,-730,-433,-28,398,724,869,808,537,125,-317,-688,-890,-865,-626,-234,218,628,880,910,722,352,-118,-554,-852,-945,-800,-461,-17,430,770,920,849,577,164,-288,-665,-871,-858,-642,-271,167,550,791,835,676,357,-50,-440,-711,-793,-683,-405,-32,336,614,733,0,422,82,-265,-541,-683,-654,-448,-127,214,500,655,640,462,169,-175,-474,-651,-662,-506,-224,120,441,653,700,568,297,-51,-386,-630,-726,-648,-408,-68,285,564,709,691,505,192,-161,-460,-653,-684,-547,-287,33,331,536,607,535,339,59,-222,-434,-528,-491,-319,-72,172,360,447,414,270,58,-164,-341,-420,-382,-244,-39,182,361,444,411,271,60,-174,-368,-472,-458,-339,-134,113,335,473,497,404,225,-8,-241,-417,-487,-443,-299,-87,140,328,428,433,342,172,-34,-230,-373,-423,-357,-220,-41,143,299,386,380,291,146,-24,-195,-322,-383,-371,-294,-171,-32,99,200,250,0,0,0,0,0,-82,31,161,297,400,444,418,311,126,-91,-302,-478,-570,-547,-414,-189,89,360,559,648,613,435,144,-178,-477,-683,-737,-624,-369,-21,350,657,823,801,596,236,-184,-572,-847,-931,-796,-472,-45,411,792,995,972,730,314,-189,-657,-971,-1074,-938,-561,-54,449,851,1061,1023,737,283,-231,-692,-981,-1029,-836,-441,60,547,897,1023,908,569,88,-412,-810,-1013,-962,-673,-222,284,724,985,991,756,344,-154,-620,-934,-1021,-852,-480,10,502,864,1004,895,566,106,-387,-793,-990,-939,-661,-211,295,732,993,997,748,312,-201,-666,-969,-1046,-863,-454,77,589,966,1111,967,584,63,0,-912,-1130,-1068,-744,-239,342,842,1135,1156,903,418,-174,-723,-1091,-1193,-1008,-582,-5,576,1022,1212,1107,738,189,-411,-903,-1177,-1168,-863,-343,249,779,1113,1182,955,485,-100,-643,-1031,-1158,-994,-592,-48,510,929,1121,1027,676,167,-380,-827,-1059,-1029,-738,-270,262,715,988,1022,789,350,-159,-613,-914,-978,-792,-413,60,515,826,925,800,472,26,-421,-749,-883,-792,-502,-92,332,662,817,770,528,156,-248,-576,-746,-731,-528,-191,174,482,660,663,494,201,-143,-443,-611,-610,-456,-195,121,406,573,586,450,190,-120,-392,-553,-574,-442,-195,114,391,551,570,446,194,-105,-381,-564,0,0,0,0,0,-216,92,385,592,652,538,286,-31,-355,-592,-681,-596,-355,-25,311,565,683,632,419,99,-247,-526,-669,-649,-460,-148,196,492,659,653,481,190,-150,-452,-633,-644,-486,-210,120,420,599,624,490,218,-120,-429,-625,-652,-500,-216,123,439,650,688,543,255,-112,-459,-683,-735,-605,-309,83,457,721,810,694,397,-8,-417,-729,-856,-771,-491,-82,355,708,891,840,582,181,-273,-670,-902,-905,-681,-293,168,591,869,929,762,409,-40,-482,-814,-944,-832,-519,-87,364,725,904,862,610,213,-230,-609,-831,-845,-658,-317,104,496,745,802,669,382,-1,-381,-652,-755,-667,-412,-59,0,585,710,654,433,111,-240,-522,-666,-636,-444,-136,202,484,650,651,476,175,-153,-453,-656,-684,-537,-257,89,426,657,720,608,359,14,-342,-612,-736,-673,-456,-134,224,516,673,681,525,246,-88,-394,-601,-652,-550,-319,-21,276,489,573,515,332,74,-191,-396,-490,-455,-310,-82,153,336,430,398,259,51,-172,-348,-420,-386,-258,-48,182,367,461,439,309,94,-148,-353,-475,-484,-375,-177,63,284,444,494,430,266,49,-185,-375,-464,-444,-332,-146,77,280,401,424,350,193,0,-190,-331,-397,-371,-256,-81,102,258,364,387,334,222,68,-91,-228,-321,-350,-320,-246,-150,0,0,0,0,0,-266,-319,-316,-250,-130,32,215,375,486,521,443,273,50,-196,-427,-583,-617,-520,-310,-23,278,528,679,683,524,248,-94,-427,-672,-788,-726,-482,-118,280,625,838,867,697,360,-72,-503,-836,-979,-895,-607,-173,305,729,999,1035,829,430,-68,-563,-932,-1085,-982,-655,-174,348,788,1035,1031,801,378,-147,-627,-949,-1037,-876,-513,-17,482,857,1026,942,621,151,-355,-772,-998,-988,-735,-295,215,668,958,1010,816,417,-78,-543,-878,-1001,-877,-530,-45,448,821,995,928,625,156,-349,-762,-986,-965,-702,-263,253,701,979,1017,802,394,-124,-626,-966,-1064,-909,-519,9,541,944,1107,0,674,158,-404,-875,-1143,-1128,-826,-320,258,785,1120,1181,952,494,-85,-650,-1065,-1219,-1069,-659,-100,487,964,1201,1136,794,270,-325,-841,-1149,-1162,-898,-417,175,710,1063,1165,982,542,-33,-588,-991,-1144,-1013,-637,-104,448,880,1088,1033,719,224,-322,-775,-1027,-1020,-760,-314,202,668,952,987,784,386,-110,-572,-872,-950,-794,-435,27,462,790,914,796,479,56,-371,-704,-856,-781,-514,-130,284,616,786,752,529,182,-205,-538,-717,-703,-509,-188,168,467,637,643,488,201,-137,-424,-592,-605,-462,-197,122,402,570,586,449,192,-115,-381,-548,-583,-450,-186,121,389,554,578,447,192,0,0
10804,mtk,MTK 7916,4083021593,rx2-tx0,512,0,0,0,-450,-349,-161,70,286,434,474,385,192,-58,-298,-463,-506,-423,-226,32,288,475,540,464,263,-11,-287,-487,-566,-505,-305,-19,272,496,602,548,349,61,-254,-506,-629,-589,-396,-102,224,494,641,621,431,129,-212,-502,-662,-655,-475,-166,197,514,705,715,528,201,-182,-530,-742,-772,-607,-277,134,522,779,842,697,366,-66,-482,-790,-906,-792,-472,-32,426,781,946,877,581,136,-347,-746,-961,-942,-696,-267,234,672,948,992,791,398,-94,-569,-900,-999,-857,-512,-38,447,824,993,906,603,155,-330,-727,-937,-919,-678,-265,207,617,874,911,717,345,-110,-532,-815,-892,-746,0,31,458,766,878,772,461,34,-392,-724,-878,-804,-529,-112,335,698,890,861,609,202,-258,-660,-895,-907,-699,-316,153,590,881,955,798,437,-40,-504,-848,-986,-883,-562,-103,382,783,994,956,679,240,-254,-691,-967,-1003,-789,-385,111,581,917,1024,879,528,49,-444,-828,-1017,-962,-670,-218,286,721,976,1002,788,389,-92,-551,-876,-984,-859,-543,-102,359,725,910,876,644,265,-168,-549,-793,-847,-705,-398,-10,373,661,788,725,498,158,-208,-515,-695,-714,-570,-298,30,341,574,672,616,432,155,-148,-409,-580,-630,-550,-362,-111,150,373,513,555,509,384,207,21,-134,-243,0,0,0,0,0,242,91,-92,-298,-483,-603,-631,-542,-339,-65,238,520,708,754,647,404,58,-315,-631,-822,-830,-656,-332,82,493,804,947,878,599,172,-310,-738,-1014,-1060,-862,-455,71,602,1008,1191,1099,747,218,-374,-906,-1238,-1290,-1046,-548,84,708,1178,1390,1284,868,244,-437,-1025,-1383,-1420,-1125,-571,117,786,1269,1456,1299,843,187,-512,-1085,-1398,-1381,-1046,-463,216,845,1263,1372,1168,688,47,-598,-1087,-1307,-1210,-829,-259,367,898,1202,1208,925,430,-163,-713,-1076,-1169,-982,-564,-12,530,939,1107,1005,660,161,-372,-807,-1030,-993,-719,-279,226,669,935,964,760,370,-104,-543,-844,-931,-780,-442,0,446,764,890,791,495,77,-351,-686,-854,-801,-541,-152,266,616,808,791,576,223,-183,-540,-758,-780,-606,-284,109,470,704,759,619,325,-38,-396,-649,-728,-623,-360,-6,341,594,692,611,374,45,-292,-546,-654,-595,-383,-71,249,498,623,578,382,92,-218,-471,-596,-566,-385,-107,188,435,568,543,381,120,-169,-411,-538,-523,-373,-127,150,379,507,504,370,137,-134,-365,-496,-497,-367,-143,116,340,474,484,369,158,-90,-314,-454,-469,-361,-164,77,296,435,457,359,169,-63,-277,-415,-437,-347,-168,58,265,398,424,339,169,-46,-248,-384,-418,-335,-157,54,252,390,422,0,0,0,0,0,-70,-286,-425,-454,-365,-174,67,294,447,485,398,204,-47,-294,-470,-522,-438,-242,24,292,487,554,480,283,4,-279,-495,-584,-524,-329,-42,262,502,611,561,366,74,-242,-503,-633,-595,-409,-115,221,509,657,633,452,149,-204,-513,-685,-683,-507,-189,186,518,725,740,567,245,-158,-527,-763,-809,-648,-321,98,508,796,881,744,414,-22,-461,-793,-932,-834,-526,-78,389,761,953,915,645,204,-291,-714,-962,-972,-748,-335,166,622,926,1004,825,448,-34,-511,-867,-1010,-898,-562,-99,384,770,964,921,647,217,-264,-681,-917,-919,-697,-309,155,575,846,900,729,379,-65,-490,0,-887,-752,-431,1,427,743,877,786,493,75,-368,-716,-882,-828,-565,-153,304,678,883,879,655,255,-214,-633,-897,-940,-753,-378,93,553,877,980,848,505,36,-447,-819,-996,-930,-629,-171,323,742,985,981,736,315,-185,-643,-949,-1017,-839,-459,33,516,867,1019,927,600,124,-375,-779,-998,-983,-733,-303,192,635,927,995,831,477,5,-461,-810,-961,-880,-601,-191,257,642,862,870,678,338,-69,-452,-726,-815,-715,-458,-92,290,588,743,721,531,231,-120,-437,-640,-693,-594,-369,-65,253,504,633,625,489,255,-26,-296,-503,-602,-580,-458,-264,-33,184,351,443,458,406,293,0,0,0,0,0,362,467,510,468,336,124,-132,-381,-582,-694,-673,-515,-246,91,421,670,787,747,537,192,-204,-568,-816,-890,-766,-462,-38,414,787,991,978,737,312,-200,-681,-1020,-1135,-989,-609,-72,497,965,1227,1205,897,377,-240,-817,-1220,-1350,-1169,-703,-64,590,1120,1408,1364,1004,411,-289,-926,-1349,-1447,-1217,-713,-43,647,1184,1437,1358,960,343,-359,-962,-1329,-1386,-1116,-586,79,716,1174,1344,1191,762,156,-482,-997,-1261,-1222,-890,-349,264,803,1141,1202,968,500,-76,-617,-1003,-1143,-1000,-616,-89,450,868,1064,998,693,221,-297,-733,-981,-988,-753,-332,161,603,891,954,775,407,-52,-494,-806,0,-785,-466,-40,394,726,869,799,526,120,-310,-656,-834,-796,-562,-191,228,585,785,789,595,255,-143,-511,-741,-773,-615,-311,68,424,668,736,616,344,-16,-367,-614,-701,-612,-366,-27,313,565,668,598,378,55,-272,-521,-641,-592,-385,-84,230,484,607,567,385,104,-203,-451,-574,-546,-377,-116,173,414,548,539,381,119,-164,-395,-530,-525,-378,-136,135,371,506,507,371,140,-121,-349,-484,-488,-364,-147,106,330,466,480,367,157,-84,-305,-446,-460,-359,-171,68,283,422,451,356,169,-57,-268,-406,-431,-340,-162,51,257,393,420,335,161,-58,-262,-394,-421,-340,-167,54,0,0
10805,mtk,MTK 7916,4083021593,rx2-tx1,512,0,0,0,82,45,-8,-53,-80,-79,-55,-15,28,55,71,69,39,1,-34,-67,-82,-68,-35,2,38,69,89,84,57,17,-21,-50,-70,-76,-65,-42,-11,20,42,51,54,56,44,29,13,-8,-24,-39,-53,-64,-69,-57,-34,0,37,76,111,131,116,67,5,-66,-128,-173,-185,-149,-75,13,115,205,248,233,167,53,-85,-208,-286,-304,-245,-125,24,176,294,349,321,210,43,-136,-291,-382,-384,-298,-137,65,251,381,428,370,221,24,-186,-351,-431,-411,-294,-102,117,307,427,439,340,156,-63,-265,-403,-450,-380,-209,7,222,387,457,412,263,42,-193,-382,-473,-450,0,-90,162,379,504,502,371,148,-118,-363,-527,-561,-461,-240,46,328,538,621,552,345,57,-259,-520,-656,-636,-464,-177,161,463,655,699,568,296,-56,-402,-655,-750,-666,-418,-69,310,626,787,760,557,208,-203,-573,-806,-850,-696,-372,48,471,785,919,837,556,149,-303,-707,-938,-949,-738,-359,94,529,856,990,893,585,150,-316,-711,-940,-955,-756,-378,76,495,805,939,851,567,163,-273,-632,-845,-866,-692,-369,35,422,702,817,748,523,182,-198,-521,-718,-759,-638,-383,-51,283,547,695,689,546,294,-12,-301,-520,-643,-638,-513,-311,-66,175,364,474,501,450,346,209,0,0,0,0,0,-34,-122,-209,-278,-308,-292,-225,-112,40,192,309,381,390,321,179,-5,-193,-352,-445,-443,-347,-173,46,265,433,514,485,343,113,-149,-386,-551,-600,-510,-299,-8,294,549,693,689,527,230,-134,-473,-722,-821,-742,-493,-119,290,644,869,910,747,410,-18,-451,-797,-974,-937,-683,-269,206,633,924,1016,874,531,63,-407,-784,-990,-969,-735,-332,148,587,894,996,874,550,104,-359,-739,-941,-913,-680,-295,157,563,837,916,778,452,31,-393,-727,-876,-806,-553,-177,238,603,821,837,650,309,-104,-485,-751,-834,-718,-434,-46,348,654,812,774,537,174,-217,-552,-763,-792,-627,0,84,449,707,793,688,409,31,-348,-646,-792,-739,-500,-152,234,569,770,777,593,265,-125,-480,-723,-794,-671,-380,-1,376,667,793,722,480,122,-267,-592,-772,-771,-584,-256,131,493,732,786,666,378,-3,-375,-650,-768,-712,-479,-134,230,536,708,705,538,246,-105,-420,-632,-683,-567,-317,-1,305,528,626,576,387,94,-213,-451,-578,-564,-418,-177,105,355,507,535,433,235,-15,-256,-428,-495,-440,-278,-59,164,344,433,417,303,122,-78,-247,-356,-381,-311,-166,10,168,281,324,288,183,38,-99,-202,-259,-252,-181,-80,35,138,195,198,157,84,-7,-90,-137,-147,-125,0,0,0,0,0,53,86,93,71,35,-8,-54,-75,-68,-41,-4,33,61,76,67,40,2,-39,-72,-86,-75,-48,-16,29,69,86,84,65,32,-3,-35,-59,-70,-65,-45,-26,-10,10,29,45,53,55,49,39,30,5,-26,-51,-69,-88,-96,-79,-37,15,69,124,157,151,108,40,-44,-129,-191,-220,-200,-118,-6,112,209,270,274,210,84,-61,-195,-293,-325,-280,-171,-10,161,297,365,348,254,96,-99,-275,-383,-404,-335,-180,23,224,380,442,392,254,58,-152,-327,-429,-426,-319,-134,89,285,409,443,368,194,-27,-246,-402,-450,-395,-234,-13,211,385,465,427,277,62,-175,0,-490,-479,-342,-113,141,367,515,536,419,194,-84,-344,-530,-591,-503,-289,-3,295,527,636,595,404,109,-213,-498,-668,-670,-511,-232,117,446,662,728,615,350,-2,-358,-638,-770,-714,-480,-133,257,595,797,810,627,285,-129,-524,-799,-887,-761,-456,-44,387,749,942,902,653,253,-209,-629,-910,-984,-836,-490,-29,432,793,981,942,683,272,-187,-601,-885,-958,-806,-475,-45,384,725,899,860,630,265,-150,-526,-777,-849,-728,-448,-81,305,625,788,767,584,285,-65,-397,-639,-734,-669,-462,-166,152,437,625,683,602,409,150,-129,-377,-540,-604,-564,-434,-252,-51,133,260,320,0,0,0,0,0,222,211,167,85,-28,-151,-262,-339,-358,-320,-221,-70,102,266,386,429,383,264,84,-126,-317,-448,-492,-425,-254,-28,212,431,557,554,438,218,-70,-352,-560,-652,-599,-406,-111,219,510,705,750,633,358,-15,-393,-693,-858,-832,-617,-256,178,572,851,961,848,542,110,-356,-748,-974,-983,-784,-409,62,526,874,1025,951,655,209,-275,-685,-945,-998,-815,-452,9,470,813,967,895,618,198,-267,-664,-890,-924,-739,-374,67,481,783,899,800,511,106,-320,-660,-848,-837,-617,-249,166,540,781,831,691,386,-16,-413,-706,-820,-740,-487,-116,280,608,790,780,580,239,-158,-510,0,-796,-662,-363,24,403,683,797,716,467,102,-290,-611,-772,-749,-548,-214,171,517,737,777,624,327,-55,-436,-705,-797,-700,-436,-64,324,631,791,757,539,195,-198,-544,-755,-792,-632,-325,53,420,690,783,683,425,72,-297,-593,-737,-701,-506,-191,169,476,666,700,565,291,-46,-358,-578,-666,-583,-356,-52,254,493,609,577,403,138,-153,-398,-539,-546,-424,-208,64,315,470,511,437,255,18,-210,-386,-470,-437,-303,-97,125,300,396,403,312,151,-38,-211,-325,-359,-308,-187,-31,128,240,292,275,191,65,-69,-173,-229,-225,-168,-80,17,105,163,178,143,72,-2,-68,0,0
10806,mtk,MTK 7916,4083052793,rx0-tx0,512,-484,415,490,-738,-635,-505,-341,-145,52,248,422,562,676,737,752,713,625,490,311,105,-122,-325,-528,-706,-826,-885,-869,-786,-631,-422,-172,105,382,637,833,963,1008,963,831,638,363,66,-236,-519,-742,-923,-1011,-997,-906,-740,-514,-244,33,310,551,738,862,906,868,761,596,389,161,-85,-315,-508,-650,-730,-747,-716,-610,-477,-303,-95,93,266,406,509,573,579,539,476,372,240,99,-45,-160,-273,-369,-418,-432,-426,-374,-303,-215,-98,12,113,203,269,310,323,299,265,200,134,61,-22,-76,-125,-152,-162,-150,-131,-116,-95,-76,-53,-43,-37,-39,-20,-24,-12,14,38,72,100,-588,148,161,161,145,110,58,13,-37,-97,-145,-186,-206,-199,-184,-148,-101,-55,-11,35,78,116,149,161,161,143,130,113,93,72,60,33,5,-22,-51,-90,-140,-186,-216,-239,-257,-245,-226,-168,-78,19,135,262,367,446,496,504,456,349,206,24,-170,-367,-531,-655,-720,-712,-629,-479,-277,-43,194,433,633,773,829,813,699,525,302,43,-211,-454,-645,-775,-832,-804,-701,-533,-309,-64,181,405,586,704,755,732,636,489,297,85,-128,-324,-486,-595,-643,-632,-560,-437,-276,-90,90,275,421,519,570,548,476,347,180,2,-172,-334,-437,-476,-446,-349,-206,-43,109,217,-879,-457,-827,848,471,93,222,324,378,370,289,157,-4,-175,-330,-450,-508,-499,-433,-315,-154,25,203,367,486,563,573,508,408,257,73,-111,-289,-446,-549,-595,-582,-506,-387,-235,-45,141,301,440,523,562,534,460,342,197,43,-115,-256,-354,-415,-433,-417,-364,-289,-178,-70,34,115,188,235,267,268,248,225,180,138,93,55,20,-25,-49,-83,-115,-141,-169,-180,-196,-196,-191,-168,-142,-86,-30,29,105,176,237,275,307,317,291,250,181,89,-12,-109,-214,-318,-382,-432,-440,-408,-345,-263,-145,-5,133,266,382,471,512,521,491,407,291,155,-5,-173,-319,-451,-551,-593,-603,-552,-457,-291,-168,7,187,365,506,608,667,677,617,510,368,193,-5,-216,-401,-559,-683,-740,-733,-661,-542,-372,-182,39,250,446,597,699,743,733,658,527,367,190,-16,-203,-387,-528,-636,-701,-694,-653,-571,-446,-299,-124,70,250,417,566,671,738,745,705,610,465,274,67,-152,-369,-567,-729,-836,-887,-863,-779,-628,-411,-156,116,386,630,822,961,1016,985,889,701,449,159,-149,-444,-705,-919,-1052,-1103,-1055,-914,-711,-438,-116,203,507,765,966,1083,1112,1032,865,633,359,49,-269,-543,-777,-939,-1028,-1022,-928,-773,-540,-274,-3,278,515,700,844,906,890,806,673,486,260,22,-206,642,-113,-449,439,490,221,407,549,664,728,742,698,604,478,319,130,-71,-275,-458,-613,-720,-788,-790,-744,-652,-486,-269,-28,218,457,676,837,936,950,887,751,539,279,-15,-313,-575,-806,-967,-1030,-1015,-892,-708,-456,-159,144,426,667,850,946,964,904,763,568,330,66,-194,-430,-616,-748,-818,-821,-752,-619,-451,-242,-31,197,385,521,632,670,649,587,477,341,177,6,-139,-270,-391,-470,-507,-493,-451,-394,-291,-168,-46,78,189,268,334,372,366,344,291,214,128,33,-50,-122,-186,-221,-247,-235,-200,-168,-122,-74,-29,9,40,61,63,62,56,57,66,67,67,93,104,107,102,87,321,31,-8,-57,-101,-150,-176,-190,-195,-177,-135,-90,-30,24,78,132,163,174,179,170,157,125,85,39,2,-29,-51,-76,-90,-98,-118,-141,-148,-157,-159,-160,-140,-105,-60,-16,57,129,204,285,338,370,379,344,258,148,10,-147,-310,-444,-555,-614,-616,-551,-425,-251,-42,187,402,582,718,781,771,682,520,295,50,-213,-457,-646,-775,-833,-812,-708,-531,-304,-56,202,430,620,747,799,776,681,517,308,77,-158,-361,-533,-651,-702,-686,-601,-464,-285,-92,112,297,449,552,596,592,528,403,249,69,-117,-285,-422,-501,-519,-483,-387,-231,-53,123,270,358,384,337,246,-1143,-561,-434,-248,-728,271,231,135,-3,-162,-310,-412,-457,-438,-355,-219,-49,126,293,426,517,540,512,421,287,117,-79,-259,-403,-527,-582,-581,-524,-405,-241,-59,131,310,444,542,586,560,493,372,218,43,-136,-290,-410,-482,-506,-490,-414,-315,-184,-57,73,181,275,334,349,335,306,252,189,110,25,-28,-83,-123,-147,-167,-171,-183,-175,-164,-158,-132,-115,-79,-44,-3,46,94,138,186,233,249,260,249,219,175,112,40,-56,-143,-223,-304,-353,-378,-372,-349,-269,-171,-63,65,186,293,390,463,486,470,418,334,214,75,-67,-223,-360,-462,-539,-578,-557,-490,-390,-240,-70,103,271,409,374,601,628,618,550,421,261,85,-112,-294,-457,-590,-679,-718,-688,-599,-475,-297,-88,133,337,522,650,730,754,711,613,456,270,64,-148,-348,-512,-616,-692,-709,-675,-590,-452,-305,-126,58,226,394,526,631,699,711,660,581,453,299,109,-96,-295,-486,-639,-753,-802,-808,-747,-634,-455,-240,1,251,477,693,850,940,957,895,757,556,304,11,-274,-548,-790,-957,-1048,-1055,-975,-816,-584,-298,8,325,611,845,1024,1101,1085,977,796,547,248,-73,-397,-663,-880,-1018,-1084,-1041,-917,-715,-464,-170,132,408,651,840,938,974,928,788,616,390,134,-123,-363,-564,-722,-813,-835,-796,-176,-582
10807,mtk,MTK 7916,4083052793,rx0-tx1,512,433,-14,547,594,777,909,975,958,866,697,462,199,-91,-393,-661,-875,-1039,-1104,-1084,-976,-783,-525,-222,111,438,735,978,1137,1208,1181,1056,840,555,221,-140,-489,-795,-1043,-1210,-1274,-1232,-1095,-861,-561,-213,152,510,820,1064,1229,1288,1246,1108,871,568,228,-131,-477,-786,-1025,-1187,-1253,-1222,-1097,-882,-602,-268,78,410,717,967,1137,1215,1189,1081,890,627,324,-8,-333,-631,-869,-1045,-1138,-1140,-1051,-883,-655,-372,-57,257,537,775,952,1060,1076,1008,867,659,406,123,-160,-432,-664,-837,-951,-990,-961,-854,-686,-464,-218,40,297,536,733,865,944,939,871,744,558,322,64,-202,-467,-682,-843,-430,-984,-940,-819,-627,-388,-109,181,456,704,888,1016,1052,995,857,647,379,81,-232,-528,-772,-961,-1067,-1077,-988,-821,-584,-292,29,340,614,834,991,1047,1019,899,702,455,163,-125,-405,-639,-815,-924,-942,-879,-747,-553,-322,-68,175,408,591,716,784,787,718,590,422,235,36,-164,-346,-485,-579,-628,-622,-565,-474,-347,-199,-40,110,254,377,468,505,513,471,402,307,186,55,-80,-196,-290,-370,-411,-424,-397,-343,-264,-167,-56,53,160,255,323,361,368,347,291,215,123,21,-82,-179,-255,-308,-330,-321,-275,-208,-116,-7,88,176,241,277,274,232,163,74,-18,-95,-137,-291,288,-358,143,115,2,-114,-235,-321,-360,-347,-279,-163,-25,125,261,366,432,448,418,341,227,88,-64,-206,-329,-424,-487,-500,-466,-387,-274,-136,24,185,330,449,534,577,574,512,411,265,92,-99,-289,-455,-590,-672,-696,-659,-571,-420,-221,-13,214,430,605,737,795,786,707,552,361,131,-129,-369,-581,-737,-819,-841,-780,-655,-467,-238,7,262,470,634,753,798,775,690,533,351,133,-92,-290,-468,-601,-671,-689,-660,-571,-435,-269,-91,82,250,399,495,562,582,554,488,389,265,123,-16,-154,-283,-383,-451,-492,-503,-471,-406,-322,-211,-81,43,176,297,388,458,498,506,470,399,297,230,41,-107,-261,-378,-471,-534,-554,-527,-466,-355,-223,-68,92,251,382,484,556,574,547,471,368,231,72,-90,-234,-364,-454,-509,-529,-505,-442,-343,-235,-107,29,149,266,355,419,451,442,412,350,270,175,71,-27,-135,-227,-297,-357,-392,-398,-379,-343,-292,-211,-123,-31,72,164,265,337,396,423,430,411,365,286,185,67,-62,-193,-309,-414,-487,-534,-541,-502,-425,-316,-179,-22,138,289,437,539,605,629,604,537,419,269,103,-81,-262,-423,-552,-642,-690,-683,-626,-516,-366,-187,8,210,399,561,684,758,769,722,620,463,276,69,-161,-379,-574,-725,-820,-849,-822,-722,6,-47,-60,278,175,725,540,310,40,-236,-500,-734,-908,-1014,-1051,-995,-843,-634,-363,-54,259,560,816,1010,1131,1161,1092,931,688,386,52,-290,-619,-895,-1101,-1223,-1243,-1158,-976,-716,-392,-36,323,662,950,1153,1265,1279,1184,988,721,391,33,-328,-664,-947,-1143,-1254,-1268,-1183,-1002,-739,-421,-68,279,613,889,1100,1218,1232,1159,999,755,459,121,-213,-525,-806,-1015,-1147,-1187,-1132,-989,-768,-498,-187,137,449,716,926,1070,1125,1084,958,770,524,240,-67,-355,-615,-818,-959,-1022,-1010,-926,-767,-557,-306,-38,229,482,693,847,933,956,910,794,612,394,146,-120,-366,-592,-779,-904,-958,-947,-859,-695,-488,-1099,39,317,575,784,934,1014,1007,922,758,530,262,-47,-346,-618,-841,-996,-1065,-1049,-933,-744,-494,-194,128,432,696,904,1037,1073,1012,869,657,382,76,-225,-515,-743,-911,-994,-986,-900,-729,-516,-256,24,291,532,715,835,872,841,738,574,380,158,-72,-294,-476,-603,-682,-706,-679,-588,-451,-291,-120,58,224,368,476,541,562,545,489,388,260,121,-20,-162,-273,-377,-437,-469,-459,-408,-336,-233,-118,4,120,222,306,364,387,384,353,292,203,102,-4,-109,-210,-283,-331,-349,-334,-292,-220,-128,-29,73,164,235,292,307,286,239,162,69,-34,-126,-194,-228,-222,-181,-120,667,408,637,-529,-593,-265,-276,-224,-121,10,149,278,369,415,408,343,239,105,-38,-185,-312,-409,-464,-473,-436,-356,-245,-106,50,199,335,437,513,539,516,445,338,196,35,-142,-307,-451,-563,-622,-634,-591,-496,-350,-162,48,257,446,608,705,745,735,645,496,293,63,-170,-406,-602,-741,-828,-830,-757,-621,-419,-184,74,322,534,699,798,835,794,669,509,295,53,-173,-392,-563,-684,-754,-740,-674,-557,-387,-190,-2,191,363,499,587,631,628,581,472,334,191,27,-132,-274,-390,-476,-521,-530,-503,-439,-340,-227,-103,28,163,276,373,450,483,489,467,398,307,197,71,-67,-204,-325,-426,-198,-523,-525,-474,-385,-274,-134,23,177,318,438,521,570,571,521,421,302,150,-12,-173,-316,-431,-522,-562,-553,-501,-413,-288,-155,-6,136,266,369,441,486,481,449,388,297,194,74,-40,-147,-252,-323,-382,-403,-408,-388,-336,-270,-191,-91,9,105,191,276,346,381,406,396,373,321,243,154,50,-55,-166,-274,-369,-435,-477,-488,-458,-400,-311,-194,-62,91,239,369,475,550,583,572,528,435,299,143,-24,-197,-357,-495,-589,-649,-665,-620,-529,-397,-237,-50,145,329,493,622,701,733,706,624,494,329,128,-83,-293,-483,-642,-743,-802,-798,-727,-603,-426,-213,21,257,487,190,574
10808,mtk,MTK 7916,4083052793,rx1-tx0,512,-232,585,918,-387,-279,-146,-3,145,274,388,460,477,463,400,293,159,15,-132,-276,-398,-473,-513,-514,-446,-343,-204,-53,108,271,409,511,564,570,527,420,290,125,-58,-235,-404,-534,-622,-655,-636,-547,-414,-248,-45,159,361,534,667,748,756,700,589,417,207,-32,-271,-493,-683,-816,-880,-862,-779,-613,-398,-138,138,417,659,837,962,998,948,809,591,326,20,-289,-571,-809,-976,-1058,-1044,-938,-745,-485,-196,122,424,678,877,1003,1036,979,849,646,387,105,-180,-451,-675,-840,-933,-955,-902,-780,-598,-372,-122,140,385,596,769,885,934,899,808,652,444,198,-63,-329,-577,-779,-918,231,-993,-912,-757,-538,-264,40,342,622,863,1039,1137,1129,1028,845,573,247,-90,-446,-760,-1013,-1190,-1267,-1242,-1092,-856,-542,-167,224,597,925,1173,1336,1379,1300,1110,823,460,50,-359,-758,-1075,-1305,-1431,-1438,-1319,-1079,-755,-354,78,503,905,1217,1437,1542,1501,1332,1037,650,206,-267,-731,-1132,-1421,-1589,-1630,-1510,-1249,-862,-402,109,611,1043,1377,1585,1639,1526,1276,902,446,-47,-533,-945,-1260,-1451,-1503,-1402,-1165,-831,-438,-5,420,781,1059,1223,1266,1190,997,717,388,25,-340,-644,-882,-1030,-1066,-990,-832,-580,-273,49,369,629,823,910,877,745,517,227,-88,-369,-573,-661,-632,-493,-284,139,113,-351,154,-171,157,-71,-335,-557,-705,-738,-647,-446,-172,133,431,674,846,905,864,718,487,204,-110,-414,-686,-888,-998,-1013,-914,-729,-485,-162,182,503,785,1003,1131,1146,1060,863,582,239,-141,-506,-831,-1093,-1260,-1312,-1239,-1047,-759,-389,21,435,823,1136,1353,1467,1421,1250,969,583,151,-311,-760,-1142,-1420,-1572,-1570,-1428,-1152,-772,-307,174,641,1054,1377,1571,1618,1521,1287,932,495,21,-448,-881,-1228,-1466,-1564,-1524,-1350,-1057,-682,-247,205,626,989,1252,1425,1460,1378,1174,867,513,104,-314,-684,-997,-1221,-1352,-1366,-1262,-1066,-777,-422,-29,349,709,997,1209,1317,1315,1204,998,708,363,-9,-389,-724,-49,-1209,-1316,-1302,-1192,-982,-686,-328,57,436,787,1072,1283,1372,1352,1217,986,657,272,-145,-543,-906,-1199,-1393,-1449,-1394,-1214,-917,-549,-120,314,723,1067,1318,1453,1454,1329,1091,749,345,-77,-495,-870,-1162,-1342,-1404,-1345,-1167,-889,-535,-145,241,615,923,1147,1260,1261,1159,954,679,338,-15,-357,-660,-900,-1053,-1112,-1077,-950,-750,-491,-192,115,406,642,818,920,949,891,757,563,334,72,-186,-408,-595,-732,-799,-797,-721,-589,-406,-195,32,245,431,576,659,689,654,564,425,252,60,-135,-307,-446,-541,-593,-589,-527,-414,-266,-106,61,226,359,457,521,523,485,394,270,127,-30,-172,-90,-372,1077,-896,-773,284,388,446,471,448,390,296,156,9,-135,-277,-386,-461,-495,-483,-425,-318,-183,-41,121,276,400,492,536,536,483,382,246,84,-82,-260,-413,-525,-599,-609,-575,-488,-348,-178,9,202,388,536,653,705,693,629,503,333,119,-109,-325,-524,-683,-782,-821,-787,-688,-517,-298,-41,212,463,680,839,931,942,868,707,491,234,-62,-353,-626,-839,-982,-1045,-1007,-882,-674,-407,-101,215,513,762,937,1039,1056,965,796,566,285,-22,-313,-572,-785,-929,-993,-981,-883,-713,-488,-235,34,297,531,723,855,924,921,842,701,513,283,26,-230,-467,-672,-830,-927,-954,-911,-790,-606,-377,-568,185,456,698,896,1028,1070,1025,902,699,428,111,-224,-533,-812,-1040,-1164,-1205,-1143,-974,-726,-405,-46,338,686,973,1193,1312,1317,1209,990,690,322,-83,-484,-849,-1141,-1340,-1413,-1378,-1224,-949,-611,-206,218,639,1003,1276,1447,1491,1419,1220,902,520,71,-387,-816,-1176,-1434,-1572,-1578,-1438,-1158,-767,-319,175,652,1085,1411,1610,1660,1539,1279,903,438,-79,-572,-1002,-1333,-1537,-1596,-1490,-1236,-882,-450,15,479,870,1159,1329,1383,1297,1087,785,409,16,-368,-707,-960,-1115,-1170,-1089,-909,-656,-345,0,326,610,838,959,986,893,704,444,131,-180,-463,-684,-803,-796,-674,-455,-184,89,318,448,-124,767,-454,620,626,-508,-583,-541,-383,-141,156,441,670,805,836,749,566,302,-10,-316,-596,-805,-933,-961,-882,-709,-458,-155,169,487,741,943,1070,1074,979,787,515,185,-165,-506,-812,-1052,-1198,-1228,-1139,-951,-672,-311,85,483,836,1125,1319,1388,1331,1154,863,493,61,-392,-793,-1145,-1392,-1519,-1512,-1358,-1075,-691,-243,243,705,1107,1415,1584,1607,1488,1237,868,413,-77,-558,-983,-1323,-1531,-1605,-1536,-1325,-1003,-593,-126,338,771,1120,1370,1503,1502,1370,1121,782,385,-50,-459,-843,-1127,-1323,-1419,-1373,-1217,-966,-646,-278,127,510,854,1119,1283,1336,1290,1142,892,571,202,-186,-551,-873,-1120,-1271,-1328,-1266,-1099,425,-535,-158,221,578,898,1147,1300,1343,1282,1108,846,502,111,-286,-657,-988,-1238,-1384,-1409,-1313,-1109,-805,-419,5,421,825,1140,1361,1469,1440,1284,1011,657,241,-197,-613,-976,-1254,-1408,-1442,-1353,-1142,-834,-451,-43,374,740,1046,1252,1340,1316,1179,930,614,245,-129,-486,-795,-1025,-1158,-1187,-1125,-965,-725,-421,-99,229,526,767,939,1024,1019,927,753,530,266,-14,-290,-522,-706,-826,-882,-846,-744,-587,-377,-142,95,314,510,654,738,748,694,584,422,232,28,-176,-360,-507,-601,-640,-623,-546,-425,-267,-96,88,255,400,496,547,549,497,397,274,120,-42,-198,-332,-428,-486,-496,-459,1108,16
10809,mtk,MTK 7916,4083052793,rx1-tx1,512,0,0,0,-611,-453,-179,136,421,614,656,529,264,-71,-390,-611,-673,-569,-327,-4,327,581,684,616,395,71,-271,-534,-661,-621,-427,-127,199,484,645,629,456,172,-153,-447,-627,-629,-463,-190,135,428,601,615,462,186,-142,-440,-612,-625,-474,-196,145,457,651,671,516,227,-130,-469,-694,-736,-595,-298,91,465,730,812,687,396,-13,-432,-732,-852,-762,-491,-94,341,698,877,836,592,205,-240,-637,-876,-895,-698,-330,132,557,842,931,793,455,9,-439,-779,-923,-837,-562,-151,297,665,869,861,644,272,-166,-552,-786,-832,-682,-363,37,416,694,791,686,423,52,-328,-607,-730,-675,0,-105,244,531,681,654,468,158,-189,-482,-651,-651,-488,-203,143,454,643,666,521,246,-94,-412,-639,-711,-598,-340,-2,351,612,723,664,446,120,-239,-548,-722,-719,-548,-254,99,424,639,700,591,351,37,-281,-526,-628,-576,-393,-124,166,402,535,527,383,149,-100,-312,-441,-451,-337,-130,98,289,405,412,313,118,-115,-302,-411,-420,-325,-143,87,306,447,472,384,203,-29,-265,-438,-505,-445,-285,-66,165,358,475,477,358,163,-55,-259,-406,-455,-395,-242,-35,167,322,403,388,280,109,-78,-252,-370,-395,-336,-216,-45,136,281,369,382,325,217,76,-64,-182,-260,-287,0,0,0,0,0,-186,-286,-348,-363,-323,-215,-47,147,331,466,523,486,353,139,-120,-361,-535,-606,-555,-374,-108,188,463,652,697,590,342,3,-342,-622,-772,-752,-556,-229,163,538,807,888,769,469,44,-394,-750,-944,-930,-700,-303,175,619,938,1041,904,565,95,-403,-813,-1038,-1019,-764,-330,178,649,966,1050,875,500,13,-471,-843,-1012,-937,-629,-168,332,754,995,990,736,311,-191,-647,-942,-1011,-840,-465,39,527,875,1013,902,577,115,-384,-787,-992,-961,-687,-243,263,698,953,978,768,352,-152,-613,-919,-1011,-858,-476,26,519,895,1046,933,592,104,-418,-842,-1069,-1027,-732,-258,290,773,0,1106,869,421,-137,-667,-1035,-1164,-1002,-593,-36,525,964,1176,1100,759,233,-360,-876,-1176,-1179,-904,-409,178,720,1092,1193,1007,577,4,-568,-997,-1189,-1084,-713,-171,416,888,1137,1114,813,300,-272,-767,-1068,-1111,-879,-430,122,632,988,1095,923,534,18,-497,-879,-1042,-935,-602,-126,379,782,981,925,637,205,-275,-687,-920,-908,-673,-274,193,596,850,882,690,340,-95,-504,-769,-840,-705,-392,17,406,686,781,681,418,57,-317,-598,-715,-643,-418,-92,252,529,667,615,397,104,-210,-482,-611,-576,-398,-117,191,451,585,562,393,116,-192,-444,-581,-562,-402,-134,170,430,585,583,0,0,0,0,0,-157,-434,-605,-628,-493,-232,100,416,626,677,559,304,-32,-359,-594,-688,-602,-356,-36,295,551,666,620,413,98,-235,-510,-655,-627,-435,-148,187,471,616,612,452,169,-145,-425,-606,-619,-463,-177,153,430,601,619,464,183,-152,-448,-635,-655,-499,-202,141,456,658,710,563,253,-122,-468,-707,-771,-642,-339,51,435,720,835,735,442,36,-382,-715,-864,-808,-552,-152,289,660,870,864,647,266,-184,-594,-860,-911,-743,-390,63,507,821,926,808,502,76,-367,-718,-891,-851,-600,-205,228,607,836,856,660,312,-101,-479,-735,-811,-683,-391,-13,361,639,760,679,430,86,-277,0,-698,-663,-458,-138,210,503,657,649,474,169,-174,-464,-639,-652,-498,-218,122,437,644,688,560,287,-61,-390,-630,-719,-637,-400,-58,304,588,737,708,504,182,-181,-495,-684,-713,-587,-309,37,353,585,677,599,385,90,-219,-461,-580,-557,-396,-148,125,363,496,486,360,149,-104,-313,-427,-423,-313,-122,97,290,404,412,312,119,-112,-317,-439,-448,-350,-165,69,294,448,491,415,245,19,-215,-405,-494,-464,-332,-125,113,322,440,455,376,202,-13,-213,-363,-425,-388,-262,-73,126,285,376,386,306,153,-32,-199,-327,-388,-367,-272,-123,48,202,307,355,346,284,185,68,0,0,0,0,0,217,143,37,-106,-253,-377,-450,-449,-368,-209,10,236,426,544,565,463,262,0,-279,-510,-641,-637,-485,-223,95,407,641,740,669,442,108,-265,-592,-797,-829,-662,-337,71,475,791,931,849,576,176,-283,-693,-955,-1006,-817,-434,40,518,889,1053,979,680,217,-292,-730,-1005,-1047,-833,-422,81,561,909,1033,912,580,107,-401,-805,-1011,-969,-694,-246,265,705,968,1006,795,380,-117,-581,-908,-1017,-881,-524,-38,462,844,1008,933,634,175,-331,-755,-981,-965,-726,-297,212,652,932,991,802,409,-87,-566,-903,-1015,-885,-529,-31,472,869,1045,979,674,180,-365,-814,-1065,-1060,-800,0,217,717,1053,1130,935,510,-54,-597,-1006,-1182,-1065,-674,-134,442,924,1181,1142,830,322,-268,-797,-1129,-1195,-963,-500,88,655,1057,1200,1053,642,80,-495,-949,-1166,-1094,-759,-243,338,826,1100,1103,845,380,-185,-699,-1027,-1097,-891,-475,50,567,944,1074,938,569,61,-454,-842,-1018,-940,-632,-174,325,739,947,910,657,242,-234,-647,-882,-894,-681,-305,135,542,808,862,697,359,-48,-441,-726,-812,-693,-413,-23,354,625,745,675,419,67,-282,-555,-677,-631,-422,-103,231,501,630,592,405,110,-212,-463,-599,-579,-401,-120,189,445,582,564,392,119,-181,-438,-580,-571,-415,-147,157,0,0
10810,mtk,MTK 7916,4083052793,rx2-tx0,512,0,0,0,308,111,-124,-327,-442,-450,-336,-126,118,332,469,487,375,162,-92,-330,-490,-521,-421,-205,66,320,503,558,461,245,-31,-309,-516,-591,-510,-297,-6,287,513,611,552,348,52,-262,-513,-637,-591,-390,-83,249,526,662,626,432,116,-237,-533,-700,-684,-484,-157,214,544,740,746,561,226,-180,-547,-783,-824,-659,-320,104,512,801,890,756,426,-16,-461,-798,-937,-845,-548,-110,369,759,959,925,667,241,-250,-684,-951,-982,-775,-377,120,583,902,1000,852,496,17,-459,-824,-989,-908,-606,-157,324,722,939,923,682,271,-201,-615,-875,-914,-731,-371,83,512,809,896,754,430,0,-439,-755,-875,-779,-492,-81,356,703,874,824,563,156,-285,-661,-872,-866,-644,-253,205,613,870,912,733,366,-100,-548,-859,-965,-838,-502,-36,439,812,987,916,625,185,-306,-722,-964,-973,-743,-332,162,624,927,1010,849,481,-5,-498,-868,-1023,-929,-614,-153,348,765,1000,997,751,325,-172,-630,-938,-1020,-862,-505,-26,450,815,981,920,649,226,-243,-646,-891,-928,-743,-389,40,456,757,868,770,507,136,-265,-595,-774,-771,-592,-278,91,428,663,735,635,401,83,-252,-519,-663,-658,-511,-258,47,339,543,627,585,431,201,-68,-313,-486,-568,-548,-435,-261,-67,110,241,323,0,0,0,0,0,188,349,480,553,540,432,230,-36,-313,-550,-697,-712,-586,-334,-3,339,628,792,787,609,288,-114,-501,-786,-909,-835,-563,-154,306,724,982,1018,824,435,-70,-578,-970,-1152,-1070,-738,-228,356,876,1197,1247,1019,551,-56,-666,-1135,-1357,-1266,-878,-288,388,975,1339,1408,1152,620,-61,-729,-1223,-1440,-1327,-902,-264,430,1016,1370,1412,1110,551,-123,-766,-1221,-1388,-1230,-783,-160,495,1021,1305,1272,934,383,-248,-812,-1171,-1248,-1028,-564,33,609,1030,1191,1060,683,149,-414,-863,-1099,-1067,-780,-309,236,711,1001,1051,844,430,-78,-555,-889,-1003,-863,-516,-50,421,784,947,870,578,152,-304,0,-882,-858,-618,-227,210,591,828,852,662,312,-110,-503,-765,-837,-697,-386,19,419,703,805,709,437,61,-329,-633,-766,-708,-473,-122,252,553,719,701,501,177,-187,-494,-678,-687,-516,-216,133,442,631,657,516,241,-86,-389,-597,-641,-513,-265,47,344,550,608,500,272,-17,-302,-508,-583,-498,-282,3,282,485,554,485,290,19,-251,-449,-530,-469,-289,-39,222,421,511,468,295,46,-206,-405,-500,-460,-301,-69,180,378,472,447,304,81,-154,-350,-454,-440,-308,-98,132,328,434,423,306,109,-120,-318,-424,-414,-296,-108,109,302,410,406,292,103,-111,-294,-409,-414,-302,0,0,0,0,0,325,430,429,321,121,-121,-333,-459,-472,-360,-150,104,330,478,505,394,180,-84,-331,-498,-540,-437,-227,46,322,517,577,491,277,-11,-305,-525,-607,-530,-322,-29,281,516,622,573,370,66,-255,-515,-649,-615,-411,-100,246,530,674,648,457,135,-230,-536,-710,-710,-521,-189,205,550,762,786,606,271,-142,-533,-789,-852,-702,-372,66,496,805,919,803,481,40,-413,-776,-956,-898,-610,-171,311,725,960,961,727,306,-190,-636,-929,-998,-820,-436,51,524,864,997,886,553,85,-402,-785,-974,-923,-647,-217,262,674,914,927,707,317,-144,-565,-844,-912,-751,-397,49,467,765,0,769,465,37,-398,-729,-877,-796,-519,-114,332,688,870,845,603,208,-248,-644,-879,-895,-693,-314,155,587,874,946,788,434,-30,-489,-838,-980,-878,-568,-115,372,765,972,949,690,259,-240,-680,-955,-998,-797,-403,90,562,904,1026,901,554,71,-424,-816,-1009,-961,-686,-245,258,704,981,1016,809,413,-75,-542,-879,-1007,-894,-571,-128,345,738,953,933,699,314,-138,-553,-825,-897,-763,-453,-43,362,676,823,773,551,207,-179,-516,-722,-751,-609,-335,7,340,591,697,646,454,166,-149,-425,-609,-655,-556,-345,-68,215,445,585,606,509,325,97,-131,-323,-447,-484,-445,-350,-217,0,0,0,0,0,-393,-327,-193,4,230,440,598,662,605,432,161,-160,-459,-675,-770,-705,-482,-151,223,565,795,859,727,426,20,-405,-761,-954,-929,-693,-291,198,658,986,1093,950,588,72,-480,-936,-1187,-1169,-891,-394,219,792,1186,1325,1159,722,106,-539,-1074,-1362,-1344,-1022,-455,224,856,1294,1435,1246,765,99,-588,-1137,-1430,-1388,-1019,-420,273,897,1309,1413,1182,681,22,-628,-1127,-1355,-1258,-868,-277,371,923,1238,1261,987,477,-136,-705,-1092,-1216,-1049,-629,-61,515,955,1152,1076,741,233,-320,-789,-1056,-1059,-809,-367,153,625,941,1025,856,479,-12,-491,-838,-968,-859,-546,-103,364,731,910,865,0,192,-252,-634,-854,-860,-648,-274,157,545,801,847,683,353,-63,-459,-734,-822,-705,-411,-15,376,667,787,707,457,93,-294,-602,-751,-710,-493,-154,217,531,698,687,510,202,-161,-469,-647,-668,-518,-237,104,412,610,646,512,250,-70,-369,-567,-616,-508,-269,35,327,533,595,503,286,-8,-297,-501,-572,-489,-281,-8,265,470,546,479,285,26,-235,-437,-527,-472,-292,-40,220,421,507,463,300,62,-191,-389,-484,-454,-307,-75,170,361,460,442,304,89,-145,-339,-445,-436,-312,-106,123,320,429,417,300,110,-110,-301,-410,-406,-298,-108,107,296,406,401,293,109,-112,-306,0,0
10811,mtk,MTK 7916,4083052793,rx2-tx1,512,0,0,0,-34,13,60,80,69,43,4,-37,-61,-65,-57,-27,16,50,73,81,68,34,-14,-61,-84,-87,-75,-46,-7,31,65,87,84,63,30,1,-33,-60,-63,-58,-53,-36,-15,7,21,30,43,58,56,50,38,15,-11,-45,-75,-101,-112,-93,-55,2,73,135,171,169,129,57,-40,-135,-200,-232,-219,-145,-30,98,208,277,286,232,113,-40,-184,-291,-337,-305,-201,-46,132,286,374,374,284,121,-74,-253,-374,-416,-358,-212,-9,193,352,430,406,288,96,-122,-309,-420,-433,-344,-172,48,258,399,445,383,220,5,-207,-373,-444,-410,-269,-59,174,360,457,444,322,0,-131,-349,-479,-491,-380,-171,85,328,499,547,464,263,-12,-289,-497,-601,-556,-364,-88,217,484,631,625,472,205,-123,-426,-630,-689,-586,-339,1,352,615,727,677,465,131,-244,-562,-749,-759,-587,-269,124,494,753,839,729,437,27,-389,-721,-888,-853,-616,-230,217,616,880,947,793,459,11,-451,-807,-970,-918,-660,-252,211,619,893,962,816,476,36,-395,-741,-922,-880,-644,-273,158,545,801,873,749,464,79,-319,-634,-803,-793,-605,-285,82,428,676,770,690,466,155,-187,-485,-663,-706,-607,-380,-87,213,466,619,654,566,383,136,-120,-332,-469,-524,-498,-396,-256,-105,0,0,0,0,0,209,244,251,220,147,36,-97,-228,-327,-374,-355,-269,-127,45,218,356,427,411,308,137,-66,-270,-428,-494,-456,-322,-103,151,373,523,568,490,289,3,-287,-518,-651,-640,-482,-209,119,438,676,773,697,457,109,-268,-611,-827,-867,-716,-398,23,444,775,947,912,672,282,-182,-610,-897,-996,-872,-556,-112,359,754,978,976,761,380,-84,-534,-865,-995,-894,-593,-167,299,699,939,950,731,356,-86,-503,-808,-925,-823,-528,-109,324,676,865,847,636,274,-143,-527,-789,-855,-715,-410,-10,382,687,834,773,531,169,-238,-579,-787,-806,-622,-293,97,462,715,804,698,418,44,0,-640,-781,-735,-514,-171,215,545,749,774,602,288,-87,-443,-696,-778,-673,-403,-31,345,641,779,728,510,161,-228,-559,-754,-769,-598,-290,96,464,709,789,679,402,35,-339,-634,-775,-728,-509,-177,200,529,725,741,589,298,-68,-416,-656,-730,-637,-399,-68,276,549,688,656,471,174,-158,-434,-599,-626,-499,-251,47,330,534,595,508,312,52,-223,-444,-546,-509,-355,-121,129,340,471,490,387,194,-38,-252,-402,-449,-387,-241,-45,159,313,385,370,263,99,-70,-222,-314,-328,-266,-146,4,147,241,271,238,155,40,-78,-170,-206,-194,-143,-60,35,113,147,143,110,55,0,0,0,0,0,-84,-81,-58,-18,24,53,70,65,35,-10,-47,-69,-73,-61,-28,15,58,86,87,66,36,-4,-44,-76,-91,-81,-50,-17,20,50,69,73,58,40,18,-10,-36,-47,-51,-53,-48,-37,-17,-1,17,38,58,68,75,73,51,18,-24,-80,-121,-135,-126,-88,-20,62,133,183,202,176,95,-11,-119,-208,-259,-260,-197,-74,74,203,292,322,272,146,-13,-170,-298,-362,-345,-237,-70,110,273,383,401,325,170,-30,-227,-372,-430,-389,-247,-47,162,328,429,427,316,132,-85,-288,-417,-448,-373,-199,23,241,397,453,392,241,31,-198,-374,-455,-430,-292,-75,155,351,0,464,344,138,-110,-341,-487,-512,-417,-216,54,310,498,576,509,316,38,-260,-497,-614,-587,-423,-154,167,455,629,658,531,273,-55,-384,-627,-717,-635,-394,-52,296,580,734,712,520,196,-194,-543,-767,-808,-653,-338,54,445,748,878,790,523,131,-305,-670,-886,-906,-708,-340,103,536,855,974,861,561,140,-325,-716,-940,-953,-749,-378,81,513,823,948,858,576,159,-289,-660,-877,-897,-722,-385,35,436,719,841,783,546,185,-211,-543,-751,-788,-655,-386,-38,311,585,728,711,548,272,-57,-357,-575,-682,-647,-483,-237,45,309,504,599,588,481,307,98,-101,-255,-348,-379,0,0,0,0,0,-88,-12,82,184,272,325,324,270,163,18,-142,-283,-378,-409,-357,-229,-50,142,314,432,462,388,229,12,-219,-410,-517,-515,-401,-192,72,336,532,612,564,384,107,-212,-496,-679,-716,-596,-337,8,369,665,822,796,585,246,-158,-539,-810,-916,-821,-527,-116,321,698,934,967,784,417,-45,-500,-844,-1003,-937,-663,-249,221,646,934,1006,844,496,37,-428,-790,-977,-934,-679,-275,189,601,873,939,781,449,20,-411,-736,-890,-835,-585,-198,239,605,829,864,683,342,-70,-462,-739,-843,-752,-479,-94,309,638,813,795,587,232,-170,-527,-755,-805,-660,-360,28,406,686,801,0,474,106,-285,-603,-776,-761,-568,-234,154,505,733,780,642,349,-24,-397,-671,-782,-704,-451,-93,287,599,769,747,550,221,-163,-510,-738,-777,-635,-346,33,400,675,783,702,465,117,-266,-588,-761,-741,-550,-232,142,475,692,748,627,360,8,-340,-597,-704,-650,-443,-131,211,491,646,646,490,212,-108,-386,-563,-605,-510,-292,-4,280,486,565,508,338,85,-177,-388,-509,-504,-377,-167,79,295,435,472,389,214,0,-202,-353,-421,-386,-260,-76,115,268,354,350,266,128,-34,-180,-272,-296,-253,-149,-14,114,204,237,213,142,47,-53,-131,-174,-173,-129,-55,20,85,129,0,0
10812,mtk,MTK 7916,4083135212,rx0-tx0,512,557,-594,-597,-528,-650,-723,-731,-672,-583,-434,-251,-52,154,349,518,653,733,758,721,635,481,278,43,-200,-436,-650,-803,-888,-896,-818,-645,-426,-152,150,443,699,878,990,997,906,723,469,170,-141,-446,-711,-888,-963,-967,-873,-697,-456,-176,108,380,610,780,861,870,787,637,437,205,-53,-292,-485,-627,-704,-721,-681,-568,-418,-227,-28,161,337,462,539,563,543,483,378,240,107,-36,-163,-290,-375,-423,-427,-406,-354,-271,-168,-57,51,165,248,304,331,317,287,225,150,83,-2,-79,-130,-157,-176,-187,-170,-149,-123,-91,-60,-38,-22,2,19,39,61,84,112,137,154,164,165,-588,98,46,-18,-82,-134,-177,-214,-226,-215,-190,-141,-76,-9,63,125,174,207,206,196,177,140,93,44,-2,-43,-75,-99,-124,-140,-140,-149,-151,-140,-130,-111,-79,-41,16,82,142,205,266,318,335,327,283,193,88,-56,-205,-351,-478,-550,-574,-522,-420,-259,-50,173,386,563,683,740,715,605,425,197,-66,-324,-544,-718,-804,-802,-712,-552,-328,-65,197,433,636,747,792,746,617,435,203,-41,-274,-477,-621,-690,-703,-626,-492,-311,-96,115,304,466,566,610,590,504,365,195,6,-180,-339,-459,-525,-532,-473,-354,-194,-11,169,320,419,455,416,313,156,-3,-143,-234,-389,-482,587,-207,-70,251,302,303,228,105,-50,-210,-343,-430,-451,-404,-306,-151,21,189,342,459,516,507,445,326,158,-26,-206,-364,-485,-550,-554,-498,-376,-211,-24,163,334,456,534,558,513,421,281,117,-54,-209,-350,-443,-490,-465,-412,-312,-186,-58,70,186,282,339,352,331,292,238,162,78,-4,-71,-127,-179,-208,-221,-229,-216,-195,-162,-125,-83,-32,30,84,136,190,234,256,256,239,210,160,85,10,-62,-155,-229,-286,-326,-344,-320,-278,-207,-113,-8,120,225,315,385,420,421,386,302,192,63,-69,-211,-320,-413,-474,-497,-476,-407,-292,-150,11,165,303,434,529,574,546,478,-291,237,69,-115,-282,-433,-555,-616,-633,-590,-489,-337,-161,46,242,422,573,667,707,679,588,425,228,22,-204,-398,-558,-673,-710,-690,-602,-469,-298,-97,107,281,444,563,634,658,622,554,436,280,103,-90,-271,-431,-579,-666,-705,-687,-620,-502,-333,-124,102,313,508,676,783,834,815,711,547,331,73,-199,-460,-684,-865,-964,-976,-898,-732,-497,-201,116,427,695,904,1034,1072,1003,848,600,296,-40,-375,-675,-919,-1059,-1109,-1052,-898,-646,-340,-10,329,631,858,1019,1077,1032,884,650,380,69,-242,-524,-750,-901,-969,-938,-826,-640,-409,-142,134,386,594,743,824,833,759,643,-551,-463,525,-108,45,-524,-340,-145,71,262,435,585,676,722,713,648,529,366,168,-49,-264,-466,-637,-760,-821,-811,-731,-577,-368,-114,157,432,666,839,951,962,878,701,458,171,-148,-449,-708,-896,-997,-996,-905,-715,-452,-165,131,427,668,841,921,917,828,666,443,184,-81,-341,-546,-697,-786,-801,-732,-604,-427,-216,-4,219,409,546,637,650,622,525,385,228,63,-98,-250,-377,-452,-489,-488,-446,-370,-256,-134,-11,107,218,306,363,384,375,335,253,169,63,-35,-126,-205,-241,-258,-259,-228,-183,-134,-89,-30,24,59,86,102,105,103,106,107,108,110,107,96,80,50,9,-32,-82,321,-162,-196,-210,-201,-167,-125,-66,2,64,127,182,213,225,216,185,137,78,8,-42,-99,-136,-158,-172,-166,-156,-129,-107,-83,-46,-16,-1,36,62,96,134,168,196,220,219,207,180,132,48,-56,-159,-273,-366,-426,-460,-432,-375,-249,-87,102,290,453,586,661,664,585,440,236,3,-249,-477,-650,-762,-795,-730,-593,-388,-130,138,390,598,745,814,781,682,499,263,20,-245,-463,-632,-732,-749,-691,-564,-368,-155,76,300,477,603,661,637,564,428,255,61,-143,-329,-466,-547,-571,-532,-435,-295,-123,60,236,380,471,503,464,364,213,35,-141,-283,-363,-366,-309,-201,-475,-380,-258,663,695,111,0,-142,-276,-365,-402,-366,-263,-115,61,227,369,463,491,460,367,225,46,-126,-291,-429,-518,-542,-503,-406,-261,-86,98,274,426,523,566,549,468,327,163,-29,-204,-356,-466,-526,-524,-471,-370,-238,-79,81,212,331,399,424,406,358,267,159,42,-53,-133,-200,-258,-283,-284,-254,-221,-171,-112,-59,-5,55,100,140,175,202,217,220,205,188,158,98,35,-39,-105,-172,-232,-275,-287,-297,-277,-219,-147,-64,31,135,227,313,363,395,382,336,259,163,36,-88,-218,-323,-407,-448,-461,-421,-341,-239,-108,43,197,336,441,508,533,506,437,330,186,17,-157,-311,374,-546,-596,-592,-531,-436,-289,-114,69,263,438,566,649,676,637,548,397,207,-6,-220,-426,-591,-681,-720,-693,-597,-459,-263,-47,170,359,513,625,685,671,605,496,345,173,-20,-198,-365,-505,-602,-656,-657,-607,-525,-388,-214,-21,171,359,530,669,747,759,710,611,447,234,3,-250,-490,-684,-826,-902,-902,-813,-648,-421,-141,156,448,700,891,1005,1032,958,795,551,253,-77,-396,-682,-911,-1058,-1109,-1042,-881,-626,-320,12,350,657,901,1047,1106,1057,894,654,364,33,-290,-593,-819,-967,-1031,-991,-858,-651,-396,-101,190,459,677,828,904,890,794,639,428,195,-64,-294,-490,372,489
10813,mtk,MTK 7916,4083135212,rx0-tx1,512,-760,321,248,-318,-52,225,502,737,903,998,995,911,748,497,191,-128,-445,-730,-948,-1090,-1127,-1066,-907,-654,-335,13,366,691,952,1131,1212,1184,1035,796,471,109,-263,-621,-919,-1137,-1255,-1253,-1135,-913,-612,-251,131,504,827,1081,1235,1272,1208,1022,744,412,38,-340,-679,-960,-1151,-1239,-1230,-1092,-868,-573,-227,140,497,800,1033,1173,1213,1132,963,710,396,46,-310,-624,-877,-1066,-1152,-1133,-1019,-817,-549,-226,106,422,702,914,1039,1082,1027,884,659,386,86,-223,-503,-732,-899,-992,-988,-903,-754,-535,-276,9,277,529,736,887,951,929,838,679,460,202,-73,-341,-583,-780,-907,-962,-930,-817,-430,-380,-97,189,480,722,902,1004,1013,923,755,513,219,-99,-416,-690,-904,-1034,-1064,-995,-835,-581,-275,54,381,670,892,1027,1059,991,829,585,287,-30,-351,-631,-840,-970,-1006,-938,-787,-553,-286,6,294,542,734,848,875,828,701,509,285,33,-213,-431,-596,-694,-732,-703,-612,-469,-293,-95,100,276,433,540,588,588,537,446,310,161,2,-160,-298,-408,-476,-499,-472,-410,-319,-201,-61,76,201,303,371,410,412,374,309,210,100,-15,-128,-229,-307,-354,-364,-336,-281,-205,-106,9,116,205,279,321,326,295,228,139,35,-75,-167,-239,-274,-272,-227,-153,-56,38,115,161,386,389,-195,-1217,-771,-191,-277,-314,-295,-221,-96,48,195,318,397,421,393,313,192,44,-110,-252,-368,-442,-467,-448,-382,-274,-132,27,187,327,438,518,539,505,425,304,143,-41,-219,-388,-523,-603,-639,-609,-515,-376,-182,37,254,442,608,709,743,704,580,414,194,-59,-302,-519,-699,-807,-832,-763,-619,-422,-175,96,356,568,738,822,826,740,591,382,139,-111,-349,-544,-689,-760,-762,-687,-541,-359,-146,69,274,461,584,652,665,612,512,367,197,12,-158,-309,-442,-519,-557,-549,-486,-391,-272,-123,19,163,296,401,464,500,492,444,365,250,121,-14,-151,-279,-385,-461,-501,-503,-456,-374,230,-117,33,190,329,444,516,550,539,476,370,217,51,-118,-284,-417,-518,-573,-574,-522,-419,-280,-120,46,212,353,464,528,542,512,432,321,190,45,-100,-233,-339,-413,-458,-460,-426,-366,-274,-162,-47,65,182,278,348,392,403,390,354,292,201,103,5,-100,-198,-282,-354,-404,-418,-408,-367,-298,-208,-93,35,158,283,385,461,503,510,467,380,264,115,-39,-198,-354,-481,-565,-604,-594,-533,-420,-271,-104,91,280,442,568,645,672,645,558,426,254,49,-155,-351,-525,-654,-730,-738,-685,-568,-401,-203,25,249,453,627,744,798,790,711,563,364,134,-116,-362,-571,-736,-316,-951,136,-235,-307,872,937,926,829,647,410,129,-178,-463,-728,-931,-1046,-1064,-997,-824,-576,-272,66,400,709,959,1115,1174,1128,971,723,413,56,-316,-660,-945,-1146,-1236,-1221,-1091,-853,-546,-179,203,568,879,1112,1245,1266,1171,971,684,328,-51,-423,-766,-1022,-1191,-1264,-1216,-1059,-810,-487,-135,239,595,882,1094,1212,1224,1122,920,642,309,-50,-403,-707,-958,-1120,-1189,-1143,-996,-768,-481,-140,199,520,789,998,1108,1115,1029,855,604,311,-9,-326,-610,-834,-973,-1040,-1013,-895,-704,-459,-177,118,384,630,816,937,967,918,799,611,372,95,-180,-434,-658,-828,-926,-950,-891,-753,-549,-297,-19,264,527,-1099,908,981,977,884,697,459,168,-144,-445,-706,-907,-1023,-1047,-970,-803,-558,-257,71,389,680,908,1039,1072,1003,834,588,285,-44,-365,-654,-877,-1004,-1040,-978,-811,-575,-289,24,324,590,792,911,953,887,743,529,272,2,-259,-493,-664,-773,-814,-772,-655,-484,-279,-59,159,356,509,609,660,637,573,458,302,126,-49,-216,-358,-464,-523,-542,-506,-429,-315,-180,-28,117,245,349,424,457,443,392,308,202,89,-39,-154,-262,-339,-379,-383,-354,-293,-209,-107,6,114,209,284,336,344,314,259,183,82,-26,-135,-223,-281,-305,-290,-241,-163,-63,39,134,202,232,218,169,94,10,-74,364,-448,-1010,-184,-98,27,158,283,364,385,350,254,121,-30,-178,-307,-401,-448,-440,-382,-277,-142,6,152,293,402,476,499,471,392,279,130,-39,-204,-352,-475,-558,-580,-547,-470,-331,-165,28,233,408,560,663,698,658,553,396,182,-43,-282,-490,-655,-769,-794,-738,-615,-426,-186,82,342,558,723,818,836,756,613,403,150,-112,-360,-569,-728,-802,-802,-722,-577,-375,-143,92,319,503,637,711,713,657,533,359,169,-34,-227,-393,-517,-592,-611,-576,-504,-380,-225,-68,94,247,365,463,510,516,489,418,309,188,59,-88,-217,-337,-427,-479,-495,-473,-412,-317,-196,-60,88,230,351,-198,514,535,508,434,318,172,8,-159,-308,-440,-530,-567,-560,-502,-398,-260,-94,80,247,391,500,554,566,524,435,310,154,-4,-162,-302,-406,-476,-503,-489,-429,-339,-223,-98,39,157,266,353,406,425,417,382,313,225,123,13,-87,-182,-272,-344,-379,-399,-392,-350,-293,-213,-107,4,118,228,320,395,445,458,441,392,300,182,48,-96,-243,-371,-476,-546,-561,-539,-465,-346,-198,-33,144,317,468,569,633,646,592,492,345,171,-23,-220,-401,-548,-656,-704,-689,-623,-499,-325,-121,94,302,489,634,733,772,734,637,481,276,53,-181,-410,-606,-750,-828,-843,-774,-639,-451,1226,874
10814,mtk,MTK 7916,4083135212,rx1-tx0,512,-144,-897,-758,-429,-476,-472,-419,-326,-195,-39,119,263,391,471,507,476,404,285,136,-28,-193,-338,-455,-525,-531,-494,-402,-257,-81,92,270,422,530,591,590,525,409,247,60,-137,-335,-495,-616,-666,-661,-594,-462,-278,-61,173,387,569,708,776,762,682,534,319,67,-194,-446,-645,-802,-883,-873,-781,-608,-371,-89,205,489,735,906,996,974,869,670,398,76,-254,-552,-813,-988,-1066,-1037,-903,-682,-395,-61,264,569,804,968,1038,1008,883,674,403,98,-202,-493,-718,-880,-970,-960,-869,-707,-470,-204,80,348,582,771,888,932,891,773,588,357,99,-187,-453,-679,-852,-948,-965,-898,-758,231,-262,36,337,618,858,1022,1089,1059,925,697,408,72,-280,-619,-910,-1107,-1216,-1201,-1079,-845,-513,-141,246,623,958,1191,1315,1310,1177,934,597,186,-237,-649,-1004,-1257,-1399,-1397,-1259,-1010,-648,-233,211,644,1020,1291,1448,1469,1351,1089,726,292,-186,-646,-1056,-1359,-1537,-1560,-1430,-1169,-772,-292,226,711,1144,1457,1619,1615,1447,1118,677,156,-372,-862,-1263,-1515,-1610,-1533,-1292,-912,-447,63,547,969,1271,1424,1436,1285,1006,628,189,-247,-643,-956,-1156,-1228,-1169,-990,-712,-370,13,377,685,912,1026,1026,914,698,405,69,-269,-561,-775,-888,-873,-752,-514,-205,111,390,588,665,608,445,237,-71,-366,-417,-556,-151,-256,-466,-613,-644,-552,-346,-57,255,539,746,849,833,698,463,159,-154,-461,-724,-891,-961,-916,-769,-531,-219,112,439,723,944,1069,1075,958,739,438,92,-292,-642,-941,-1144,-1231,-1180,-1018,-747,-402,22,437,818,1118,1320,1380,1308,1096,752,338,-129,-585,-989,-1300,-1493,-1540,-1418,-1142,-744,-265,245,741,1159,1455,1618,1609,1429,1098,657,148,-381,-864,-1259,-1521,-1633,-1572,-1355,-1016,-562,-66,435,895,1253,1485,1562,1491,1267,929,512,41,-415,-832,-1157,-1370,-1449,-1390,-1214,-913,-525,-104,329,729,1049,1273,1375,1352,1186,933,583,185,-229,-620,-955,-1199,-1320,-1334,-1219,-990,-666,-288,121,522,-49,1130,1287,1338,1269,1070,773,403,-4,-415,-791,-1087,-1297,-1386,-1341,-1170,-886,-516,-94,350,759,1097,1339,1457,1422,1249,959,563,117,-346,-788,-1135,-1365,-1477,-1446,-1256,-939,-543,-97,367,790,1114,1340,1434,1378,1198,892,503,78,-362,-749,-1051,-1252,-1327,-1274,-1093,-808,-450,-63,310,659,931,1107,1171,1118,957,722,418,75,-256,-555,-802,-952,-1014,-977,-843,-640,-380,-90,199,455,665,813,866,842,736,567,342,98,-153,-384,-567,-696,-744,-726,-633,-483,-293,-75,138,340,495,606,645,620,536,404,230,44,-147,-326,-460,-533,-564,-534,-449,-312,-160,12,174,320,426,495,502,456,371,-537,-774,-95,20,-488,-213,-69,86,232,356,444,487,472,416,312,167,1,-165,-303,-422,-492,-516,-480,-399,-274,-109,66,229,379,493,548,554,509,399,248,71,-131,-308,-462,-568,-621,-622,-554,-427,-254,-51,151,356,531,656,722,713,630,490,297,61,-179,-410,-610,-759,-828,-823,-730,-564,-346,-78,193,460,688,856,944,933,837,647,392,86,-228,-520,-776,-956,-1045,-1017,-898,-687,-397,-73,262,571,820,1000,1073,1038,904,674,395,74,-242,-540,-778,-941,-1008,-986,-870,-671,-429,-148,150,419,657,829,922,939,867,729,527,281,7,-267,-511,-715,-851,-933,-929,-833,-675,-453,-182,107,387,641,-568,978,1021,976,841,626,337,23,-303,-614,-878,-1057,-1148,-1130,-1003,-766,-458,-104,270,623,942,1160,1263,1254,1129,888,554,170,-247,-643,-983,-1233,-1361,-1358,-1231,-974,-623,-204,241,651,1012,1279,1423,1436,1308,1042,681,259,-201,-644,-1038,-1317,-1489,-1515,-1395,-1129,-755,-303,191,660,1081,1400,1581,1592,1453,1165,742,242,-280,-777,-1198,-1494,-1635,-1599,-1400,-1040,-572,-57,462,931,1287,1502,1546,1428,1168,773,315,-170,-618,-973,-1227,-1335,-1304,-1139,-852,-487,-85,313,666,932,1096,1133,1037,845,562,226,-122,-453,-725,-904,-970,-914,-751,-500,-183,142,445,682,798,781,650,420,130,-148,-363,-464,880,805,247,-589,-796,-455,-337,-109,169,443,659,770,756,613,372,67,-250,-540,-766,-884,-894,-802,-600,-321,-7,319,608,841,982,1008,930,742,474,140,-216,-555,-841,-1037,-1142,-1122,-982,-742,-412,-28,366,735,1029,1236,1310,1242,1056,754,363,-74,-507,-910,-1222,-1414,-1467,-1361,-1121,-758,-304,194,681,1090,1391,1561,1574,1424,1113,697,205,-321,-818,-1226,-1507,-1642,-1606,-1404,-1058,-611,-99,423,885,1262,1511,1598,1539,1320,976,528,41,-440,-877,-1209,-1438,-1517,-1439,-1237,-920,-522,-72,371,777,1109,1321,1410,1375,1200,923,559,146,-285,-676,-996,-1233,-1345,-1332,-1199,-957,-616,-230,172,567,905,1163,1309,1334,1219,425,714,347,-55,-461,-826,-1107,-1291,-1357,-1300,-1113,-831,-466,-47,380,771,1094,1318,1420,1387,1213,932,556,111,-351,-767,-1128,-1374,-1476,-1443,-1260,-945,-559,-117,350,793,1141,1367,1463,1419,1223,921,536,87,-358,-767,-1098,-1300,-1383,-1326,-1138,-849,-476,-66,341,708,1001,1189,1249,1194,1031,764,435,69,-295,-611,-858,-1030,-1089,-1042,-908,-679,-394,-86,226,502,726,881,940,908,785,601,360,93,-168,-410,-614,-751,-808,-790,-689,-530,-321,-86,145,360,531,650,695,671,583,444,265,58,-143,-324,-475,-566,-602,-580,-498,-359,-195,-18,165,329,443,512,532,498,411,283,131,-40,-193,-325,580,225
10815,mtk,MTK 7916,4083135212,rx1-tx1,512,0,0,0,-191,116,398,593,654,557,326,18,-290,-536,-660,-622,-440,-158,168,455,629,661,540,290,-26,-336,-562,-648,-587,-391,-96,226,479,617,601,440,174,-132,-403,-568,-600,-478,-248,42,331,528,593,515,296,2,-291,-516,-608,-552,-360,-73,246,516,658,632,454,169,-176,-484,-676,-722,-596,-315,53,416,681,800,729,472,99,-293,-632,-828,-831,-643,-309,107,509,798,897,782,488,86,-344,-701,-894,-878,-666,-301,138,543,826,921,812,516,100,-333,-693,-890,-884,-680,-326,97,491,779,882,770,495,127,-269,-610,-806,-804,-621,-301,81,435,679,760,665,424,83,-272,-546,0,-682,-497,-202,130,433,625,666,547,294,-23,-331,-569,-668,-602,-392,-87,238,513,664,666,508,224,-111,-422,-648,-732,-643,-408,-67,285,569,737,728,558,278,-65,-402,-642,-732,-668,-462,-157,185,477,648,677,564,331,21,-279,-506,-603,-552,-389,-149,121,352,484,487,383,198,-29,-241,-398,-452,-379,-210,9,216,366,431,395,245,33,-183,-356,-455,-451,-344,-149,88,304,454,510,449,285,62,-168,-365,-478,-484,-390,-212,15,222,378,452,424,302,124,-76,-258,-379,-417,-364,-229,-52,128,283,376,387,324,200,30,-142,-280,-371,-393,-345,-242,-106,30,145,224,272,0,0,0,0,0,41,-66,-177,-289,-373,-403,-372,-275,-116,76,270,428,516,517,422,233,-10,-253,-461,-591,-610,-502,-280,8,308,553,688,684,532,259,-73,-409,-669,-796,-758,-554,-219,170,533,787,884,807,546,149,-279,-664,-923,-978,-824,-496,-57,397,784,1008,1007,788,407,-65,-523,-874,-1044,-972,-677,-250,229,663,951,1025,863,500,39,-424,-799,-997,-966,-714,-300,183,635,940,1030,894,552,80,-400,-786,-1003,-991,-743,-332,150,596,907,1019,888,541,78,-387,-771,-987,-979,-735,-320,163,607,908,999,864,530,59,-414,-790,-1000,-984,-733,-307,198,652,957,1048,895,527,46,-455,-863,0,-1037,-766,-317,212,702,1027,1129,971,584,64,-472,-903,-1136,-1119,-836,-366,183,696,1053,1173,1022,630,104,-439,-883,-1128,-1120,-857,-399,153,668,1027,1153,1001,631,120,-422,-855,-1085,-1076,-819,-364,172,655,988,1084,931,576,85,-423,-828,-1031,-989,-718,-289,201,642,925,995,820,453,-3,-443,-789,-946,-875,-594,-177,278,655,866,873,677,328,-97,-496,-773,-855,-735,-459,-76,322,641,812,777,553,217,-154,-491,-719,-750,-603,-325,29,365,603,702,627,393,77,-242,-503,-637,-609,-437,-160,154,426,585,602,478,236,-69,-354,-545,-598,-511,-308,-23,278,499,601,563,385,119,0,0,0,0,0,-595,-624,-504,-263,47,353,576,666,599,382,85,-233,-507,-661,-652,-492,-222,101,393,594,654,554,336,35,-279,-523,-632,-593,-418,-140,172,433,587,602,470,226,-73,-351,-543,-599,-499,-271,18,303,521,608,535,333,42,-271,-514,-629,-600,-418,-121,213,508,681,679,512,223,-132,-461,-690,-770,-666,-390,-22,358,668,818,776,556,202,-203,-571,-815,-868,-710,-385,18,427,750,900,840,588,203,-234,-621,-866,-915,-754,-422,6,434,762,920,864,608,223,-207,-583,-828,-886,-743,-433,-28,378,692,841,797,574,223,-175,-519,-736,-783,-652,-377,-16,347,616,729,671,466,0,-197,-488,-657,-663,-511,-244,84,390,595,663,574,345,32,-298,-552,-667,-626,-442,-147,188,473,668,714,575,298,-31,-363,-623,-737,-692,-487,-171,177,493,702,750,630,374,37,-300,-566,-707,-690,-530,-251,78,372,572,648,574,366,96,-184,-413,-541,-534,-400,-185,70,300,438,462,380,202,-23,-239,-383,-426,-367,-220,-13,201,369,449,419,287,81,-150,-342,-461,-479,-393,-222,13,253,421,496,469,344,138,-95,-297,-434,-481,-419,-266,-63,146,320,423,429,347,191,-4,-191,-335,-403,-379,-279,-123,57,228,344,388,365,279,134,-28,-172,-284,-346,-350,-303,-222,-123,0,0,0,0,0,270,290,272,207,99,-51,-217,-359,-454,-482,-423,-281,-81,143,357,516,578,527,370,135,-140,-395,-581,-656,-596,-409,-126,198,489,685,745,651,411,75,-285,-603,-809,-834,-675,-377,9,417,754,934,913,686,315,-128,-552,-869,-1012,-938,-660,-247,226,662,954,1038,899,561,102,-380,-777,-1003,-1006,-785,-383,101,555,885,1020,917,614,174,-310,-731,-988,-1010,-805,-426,50,519,875,1030,945,655,215,-278,-705,-963,-998,-815,-448,19,488,845,1003,935,654,218,-270,-694,-957,-993,-803,-432,37,506,859,1002,916,620,177,-311,-732,-984,-1014,-812,-411,86,567,927,1067,958,644,0,-343,-789,-1070,-1100,-871,-449,76,589,979,1140,1042,714,214,-333,-796,-1095,-1152,-940,-511,39,578,993,1176,1086,760,262,-300,-779,-1090,-1145,-947,-531,7,541,947,1132,1054,730,239,-292,-757,-1047,-1094,-891,-469,50,542,893,1049,972,659,187,-313,-732,-977,-999,-787,-391,94,548,864,971,849,528,88,-364,-724,-912,-876,-638,-258,177,572,820,868,717,400,-10,-413,-713,-838,-768,-517,-149,243,576,755,752,584,280,-92,-431,-655,-719,-616,-367,-32,305,550,665,618,417,115,-207,-465,-612,-613,-467,-205,108,385,564,604,498,269,-30,-313,-518,-603,-545,-343,-60,231,468,599,0,0
10816,mtk,MTK 7916,4083135212,rx2-tx0,512,0,0,0,-125,-321,-440,-454,-353,-163,63,285,443,489,420,244,2,-237,-426,-521,-485,-331,-98,163,396,534,540,419,192,-85,-340,-517,-573,-493,-293,-15,274,496,601,565,392,119,-186,-446,-602,-614,-476,-221,99,400,601,655,550,307,-12,-334,-587,-705,-642,-422,-98,259,561,739,745,560,237,-142,-505,-757,-829,-703,-408,-9,399,723,884,838,596,213,-229,-628,-885,-936,-771,-424,29,479,817,972,907,633,207,-269,-681,-939,-988,-812,-449,29,494,839,994,928,648,221,-256,-672,-934,-979,-799,-438,22,467,803,956,884,607,195,-257,-645,-882,-908,-720,-366,71,478,775,892,0,516,112,-316,-665,-855,-844,-633,-275,150,535,797,875,748,442,27,-402,-738,-900,-855,-615,-224,222,623,879,934,776,437,-3,-453,-801,-964,-912,-652,-235,238,660,933,994,832,478,13,-454,-823,-1006,-960,-694,-272,210,647,937,1020,866,517,46,-436,-817,-1016,-985,-739,-326,166,613,919,1030,909,587,141,-341,-740,-971,-987,-788,-428,24,468,801,955,899,650,263,-172,-555,-803,-873,-761,-485,-105,281,600,783,787,623,331,-24,-361,-616,-727,-688,-502,-214,112,408,614,681,606,414,147,-149,-411,-588,-638,-567,-399,-166,92,325,486,563,551,448,288,107,-64,-199,-295,0,0,0,0,0,-165,-9,169,357,515,606,609,515,316,49,-245,-511,-695,-750,-666,-456,-140,216,535,763,846,749,492,124,-276,-639,-886,-948,-812,-499,-60,405,801,1043,1065,855,455,-55,-572,-978,-1179,-1140,-856,-375,202,749,1148,1309,1190,809,248,-374,-931,-1294,-1384,-1172,-711,-98,547,1080,1386,1395,1093,557,-92,-728,-1210,-1431,-1331,-943,-361,294,881,1274,1388,1198,742,134,-498,-1016,-1304,-1295,-999,-495,113,698,1113,1266,1140,767,230,-352,-849,-1148,-1184,-947,-502,37,561,956,1132,1045,722,246,-277,-731,-1016,-1062,-865,-473,11,483,846,1010,936,646,217,-246,-654,-905,-936,-751,-400,35,459,0,907,820,545,150,-275,-636,-841,-847,-661,-322,90,476,748,844,740,463,88,-309,-630,-794,-770,-575,-249,138,481,708,766,638,365,13,-341,-609,-729,-677,-459,-137,205,494,662,671,520,246,-83,-385,-596,-659,-561,-331,-25,281,517,622,574,391,115,-187,-436,-572,-574,-434,-191,94,354,525,562,461,256,-8,-273,-468,-543,-484,-311,-61,203,409,513,491,347,123,-129,-347,-474,-489,-383,-184,58,286,437,478,405,237,7,-221,-395,-469,-423,-279,-70,157,342,439,433,318,127,-93,-294,-416,-435,-346,-172,42,241,383,430,369,215,12,-195,-357,-427,-392,-257,-55,156,0,0,0,0,0,440,327,131,-97,-305,-445,-477,-392,-210,31,268,437,504,454,291,50,-209,-419,-529,-514,-375,-143,125,367,530,567,460,244,-31,-308,-513,-592,-533,-343,-65,227,468,602,591,433,166,-144,-421,-599,-632,-516,-269,52,363,590,678,594,359,36,-303,-575,-715,-689,-491,-163,214,546,754,784,628,321,-72,-459,-747,-862,-773,-497,-105,320,686,893,895,689,312,-145,-564,-861,-965,-846,-529,-85,377,758,973,959,722,329,-144,-596,-909,-1003,-872,-548,-98,376,766,975,963,728,330,-142,-579,-872,-963,-843,-530,-96,359,726,919,899,667,284,-157,-559,-821,-895,-762,-444,-24,0,722,872,825,580,192,-238,-609,-834,-863,-692,-358,65,472,775,895,803,518,120,-313,-682,-897,-900,-697,-331,116,541,853,966,850,545,114,-350,-737,-960,-964,-747,-361,112,568,889,1003,894,587,143,-336,-743,-980,-988,-779,-397,83,546,881,1022,936,628,184,-299,-719,-975,-1019,-837,-458,16,483,844,1010,958,700,281,-185,-602,-892,-985,-858,-553,-134,313,681,892,901,715,383,-22,-418,-711,-842,-786,-560,-225,155,488,706,769,667,426,100,-245,-522,-678,-695,-564,-318,-12,286,520,644,637,503,274,-1,-271,-481,-594,-602,-508,-330,-106,114,300,426,476,455,377,266,0,0,0,0,0,-397,-480,-491,-422,-279,-70,180,416,602,695,667,519,267,-49,-368,-627,-776,-773,-615,-326,43,422,722,885,868,664,315,-116,-539,-864,-1010,-942,-668,-248,244,710,1037,1141,1003,653,155,-395,-879,-1193,-1250,-1032,-593,-17,578,1057,1322,1305,1008,491,-144,-753,-1206,-1408,-1307,-921,-333,329,922,1317,1425,1230,772,140,-517,-1058,-1366,-1376,-1092,-576,66,695,1163,1364,1266,895,325,-301,-858,-1217,-1297,-1088,-642,-61,521,983,1217,1175,875,385,-191,-710,-1057,-1166,-1011,-632,-115,419,846,1073,1057,799,371,-132,-603,-930,-1035,-901,-561,-103,367,750,961,944,712,320,-143,-567,-848,-925,-792,0,-50,372,709,882,843,610,241,-178,-554,-796,-851,-704,-395,-4,384,686,819,760,529,171,-225,-559,-756,-776,-616,-308,62,410,659,748,662,420,76,-278,-557,-702,-680,-496,-194,152,447,629,667,545,289,-31,-335,-552,-640,-570,-357,-69,233,476,597,571,411,157,-133,-391,-548,-571,-455,-226,52,315,494,549,471,283,25,-235,-435,-525,-481,-327,-99,160,376,489,483,363,152,-93,-314,-459,-484,-396,-215,26,255,415,473,416,257,41,-187,-368,-454,-428,-302,-97,130,317,425,426,327,148,-71,-269,-402,-437,-354,-187,19,221,370,427,379,232,28,-177,-343,-429,-403,0,0
10817,mtk,MTK 7916,4083135212,rx2-tx1,512,0,0,0,74,89,84,48,-1,-38,-69,-82,-66,-30,10,51,85,99,84,51,3,-47,-89,-115,-112,-83,-36,16,64,97,109,102,77,36,-17,-65,-92,-101,-91,-66,-34,1,29,55,69,71,64,56,36,14,-9,-30,-58,-83,-93,-85,-71,-55,-16,40,92,130,153,144,100,25,-60,-134,-195,-228,-203,-136,-46,70,187,255,274,249,156,23,-124,-251,-328,-334,-266,-136,23,181,306,370,354,257,100,-80,-250,-371,-417,-368,-232,-46,146,309,412,421,335,177,-24,-225,-376,-437,-403,-281,-96,114,301,418,434,350,187,-18,-231,-388,-450,-410,-273,-68,149,339,455,0,362,174,-57,-280,-443,-505,-452,-295,-60,195,406,529,530,419,211,-63,-332,-530,-608,-551,-364,-97,198,460,616,641,521,277,-35,-341,-580,-697,-648,-452,-153,186,490,697,748,624,363,22,-341,-639,-790,-771,-575,-237,143,503,771,871,774,503,119,-295,-650,-877,-918,-755,-432,-15,411,752,934,914,702,342,-92,-511,-817,-945,-887,-640,-255,172,560,828,922,818,532,146,-256,-607,-825,-862,-721,-439,-66,316,625,800,801,630,339,-10,-353,-626,-753,-726,-560,-286,37,342,583,706,680,521,283,-8,-297,-520,-636,-644,-546,-360,-124,113,315,457,521,502,416,295,151,0,0,0,0,0,73,156,227,284,306,280,207,93,-50,-188,-308,-384,-390,-330,-206,-37,144,302,411,442,393,259,63,-151,-343,-474,-512,-444,-284,-55,192,420,567,592,494,290,12,-283,-533,-678,-686,-553,-298,23,357,642,796,782,611,308,-69,-441,-737,-902,-874,-660,-311,107,518,823,964,906,656,275,-167,-583,-877,-998,-900,-612,-208,239,638,905,989,856,546,128,-325,-705,-931,-952,-771,-429,1,430,764,919,873,647,287,-130,-518,-785,-882,-784,-509,-133,267,607,814,841,680,366,-26,-408,-693,-823,-769,-552,-209,185,521,741,809,688,414,52,-324,-625,-781,-763,-577,-265,111,0,705,781,695,452,98,-271,-575,-747,-758,-603,-307,60,409,662,762,696,474,135,-233,-544,-732,-761,-622,-332,29,379,651,773,719,507,181,-187,-520,-734,-782,-657,-385,-35,327,609,751,731,548,247,-119,-456,-679,-752,-657,-417,-90,251,532,695,704,554,283,-45,-358,-588,-679,-618,-418,-124,182,432,585,611,499,275,-7,-273,-479,-574,-531,-376,-143,117,344,490,525,443,259,23,-203,-381,-462,-440,-323,-143,63,251,374,413,363,234,55,-126,-260,-335,-340,-263,-125,24,151,246,284,254,173,56,-67,-166,-217,-217,-170,-87,12,93,149,166,142,85,18,-46,-101,0,0,0,0,0,-54,-8,42,71,82,69,30,-12,-47,-75,-86,-72,-38,7,55,90,105,99,64,18,-34,-81,-114,-117,-101,-67,-14,42,85,109,108,90,55,7,-33,-62,-81,-86,-76,-58,-35,-2,24,36,51,68,72,67,53,36,9,-25,-69,-102,-115,-116,-95,-50,8,74,143,185,189,159,92,-8,-106,-191,-248,-245,-180,-87,32,153,247,300,294,217,81,-74,-219,-319,-350,-312,-201,-33,141,289,385,393,316,172,-14,-203,-348,-421,-402,-294,-119,86,273,395,434,379,234,32,-175,-338,-428,-421,-318,-137,74,261,397,444,382,233,24,-189,-357,-447,-436,-315,-120,0,316,449,481,405,234,0,-241,-422,-514,-497,-355,-126,136,375,527,569,477,272,2,-273,-492,-612,-593,-442,-181,126,414,612,672,587,364,52,-273,-539,-689,-695,-539,-253,93,422,662,757,686,464,122,-265,-588,-784,-815,-669,-372,11,404,725,885,855,644,276,-153,-549,-833,-943,-853,-577,-177,267,654,895,957,817,503,90,-342,-709,-923,-929,-740,-402,15,422,726,884,859,643,301,-91,-466,-733,-835,-771,-545,-209,163,493,716,788,695,464,138,-203,-490,-681,-735,-636,-412,-121,184,457,637,688,612,431,180,-100,-346,-517,-601,-589,-485,-319,-123,65,218,319,364,0,0,0,0,0,-212,-195,-143,-57,52,169,269,335,363,327,223,83,-78,-233,-354,-414,-401,-309,-157,35,233,385,464,456,354,176,-44,-272,-451,-541,-519,-382,-163,96,355,560,648,600,426,154,-163,-458,-670,-761,-687,-457,-132,231,563,781,850,751,490,120,-286,-649,-879,-933,-806,-505,-84,353,714,937,972,806,468,22,-426,-781,-970,-959,-753,-396,45,483,825,978,918,672,288,-153,-560,-846,-954,-843,-552,-155,280,646,857,881,731,419,6,-401,-709,-859,-819,-605,-255,145,508,754,838,732,465,103,-279,-602,-787,-795,-626,-321,54,421,692,802,729,497,160,-215,-547,-754,-785,0,-355,-4,360,646,777,733,526,204,-159,-492,-719,-775,-653,-396,-42,321,609,764,744,551,239,-132,-467,-696,-772,-672,-421,-74,288,587,759,756,583,278,-88,-426,-678,-785,-708,-470,-128,232,535,729,757,615,335,-11,-352,-613,-732,-685,-490,-190,148,449,646,701,597,356,43,-263,-508,-640,-619,-459,-208,88,360,541,599,525,332,72,-200,-417,-533,-533,-418,-207,48,277,439,499,446,298,84,-139,-320,-427,-438,-354,-195,6,189,324,386,356,247,99,-61,-206,-295,-314,-263,-157,-25,109,208,249,235,174,76,-31,-124,-177,-188,-157,-96,-16,64,118,137,125,84,0,0
10818,mtk,MTK 7916,4083177839,rx0-tx0,512,557,637,675,714,736,725,666,588,482,350,202,44,-118,-280,-430,-552,-653,-725,-771,-775,-730,-662,-542,-384,-198,14,213,417,607,767,888,943,953,896,781,613,403,163,-93,-336,-570,-764,-900,-979,-989,-948,-837,-682,-472,-248,-16,225,441,618,760,855,885,861,790,682,530,358,163,-43,-230,-398,-537,-629,-688,-720,-685,-614,-517,-385,-256,-115,31,171,287,374,454,506,515,510,465,400,319,224,129,23,-83,-179,-250,-306,-358,-378,-381,-348,-305,-259,-181,-105,-35,45,106,140,189,207,214,216,205,182,146,123,91,69,46,23,10,4,-19,-35,-50,-73,-99,-123,-147,-173,-588,-177,-169,-152,-119,-72,-31,25,79,130,173,198,220,229,213,188,150,113,72,27,-17,-47,-93,-111,-127,-137,-148,-158,-157,-158,-144,-135,-123,-113,-89,-69,-46,-20,24,81,132,196,255,298,343,359,356,341,288,203,87,-40,-182,-313,-442,-537,-604,-629,-617,-551,-433,-276,-95,105,295,473,625,728,776,772,709,595,428,236,20,-197,-402,-566,-693,-772,-789,-758,-675,-531,-357,-165,33,232,405,544,643,689,693,637,550,427,277,110,-59,-216,-341,-454,-542,-568,-566,-524,-437,-329,-184,-48,95,239,348,433,478,485,449,359,235,93,-57,-185,-285,-334,-334,-277,288,438,587,108,57,266,291,268,201,89,-39,-178,-298,-386,-444,-454,-412,-332,-217,-81,65,203,338,440,503,535,522,449,355,235,89,-63,-214,-354,-452,-527,-571,-549,-507,-425,-294,-167,-15,135,263,381,463,512,516,480,427,348,233,115,0,-106,-214,-292,-341,-370,-378,-365,-328,-261,-201,-142,-70,-11,47,110,148,177,201,221,243,237,228,212,190,168,137,101,57,0,-43,-93,-141,-188,-229,-260,-290,-299,-285,-257,-223,-171,-105,-45,34,121,204,260,317,360,379,378,361,317,261,176,85,-7,-114,-224,-309,-377,-434,-472,-479,-459,-403,-335,-236,-119,-10,116,238,342,443,513,-291,568,539,487,413,303,168,32,-128,-267,-397,-518,-595,-642,-659,-635,-573,-464,-335,-178,-7,159,328,468,579,658,699,691,641,548,431,307,150,3,-145,-299,-418,-514,-585,-635,-636,-616,-571,-493,-402,-289,-148,-14,139,275,399,516,623,688,716,720,686,600,501,361,193,-1,-201,-386,-574,-722,-838,-900,-916,-883,-802,-663,-469,-265,-23,230,468,685,862,981,1052,1049,994,868,699,475,210,-60,-327,-578,-799,-966,-1074,-1114,-1089,-992,-839,-620,-373,-110,161,421,652,834,963,1029,1037,974,861,693,486,253,17,-216,-432,-613,-759,-857,-891,-883,-825,-714,-584,-409,-227,-29,231,208,525,166,-2,197,38,-132,-292,-423,-544,-632,-697,-725,-718,-680,-605,-494,-364,-211,-49,134,305,469,628,747,831,857,840,790,673,521,308,83,-152,-386,-599,-781,-913,-991,-994,-948,-837,-658,-443,-200,47,293,521,710,857,929,954,918,826,688,516,305,80,-138,-336,-514,-650,-743,-794,-798,-750,-668,-540,-381,-223,-43,136,285,418,514,572,603,602,554,485,399,303,173,52,-63,-177,-265,-341,-399,-439,-450,-432,-386,-329,-264,-182,-87,6,100,159,223,275,296,308,297,251,220,178,109,65,14,-28,-73,-94,-105,-111,-114,-123,-124,-119,-124,-124,-115,-114,-113,-105,-88,-67,-33,321,46,82,125,166,188,204,212,203,181,142,98,53,-3,-54,-99,-133,-163,-187,-201,-193,-180,-158,-121,-97,-66,-42,-14,4,27,51,70,90,118,146,164,181,194,219,225,224,208,160,110,35,-55,-141,-237,-337,-422,-484,-513,-502,-457,-375,-253,-105,61,232,402,547,656,721,728,681,589,441,258,55,-151,-355,-539,-682,-771,-811,-785,-700,-562,-393,-195,17,214,414,573,679,730,744,707,614,482,315,132,-55,-228,-375,-500,-586,-631,-629,-575,-489,-380,-237,-83,60,214,334,434,499,525,526,468,365,246,104,-39,-182,-309,-392,-439,-424,-357,-256,-130,-2,119,516,433,-258,-200,-227,43,-69,-184,-290,-363,-389,-369,-297,-200,-67,86,228,344,433,487,495,462,391,277,150,4,-159,-302,-412,-500,-549,-554,-522,-441,-329,-203,-47,109,239,379,475,534,564,534,476,385,265,138,-4,-131,-244,-351,-425,-461,-462,-448,-393,-305,-215,-119,-31,59,141,204,236,271,286,282,276,257,213,182,141,105,52,-6,-51,-97,-127,-160,-189,-220,-243,-253,-243,-232,-209,-185,-140,-95,-31,40,106,162,218,278,315,336,342,332,294,248,190,107,22,-66,-157,-240,-318,-384,-419,-430,-428,-396,-336,-265,-173,-62,48,164,267,358,447,490,513,512,470,411,322,208,374,-47,-186,-307,-419,-518,-577,-612,-608,-561,-495,-391,-249,-106,52,215,374,511,605,673,688,679,617,522,390,236,66,-103,-262,-407,-519,-606,-656,-654,-646,-591,-505,-395,-268,-128,19,145,277,393,491,587,640,661,657,606,554,464,335,178,24,-138,-315,-472,-599,-711,-780,-821,-806,-765,-668,-523,-339,-128,89,309,513,712,855,958,1012,994,908,774,583,368,120,-139,-394,-633,-835,-997,-1086,-1099,-1055,-949,-779,-558,-297,-25,250,507,744,928,1036,1082,1068,991,852,658,428,182,-74,-322,-541,-732,-870,-951,-973,-942,-846,-715,-544,-343,-128,77,282,462,613,722,777,810,-34,-96
10819,mtk,MTK 7916,4083177839,rx0-tx1,512,-760,100,-156,-143,-361,-575,-747,-878,-966,-999,-976,-906,-761,-576,-346,-102,158,422,655,856,1007,1111,1146,1104,1013,848,630,378,99,-193,-476,-726,-950,-1119,-1216,-1242,-1189,-1072,-887,-651,-379,-73,239,527,785,1008,1157,1248,1271,1215,1082,894,661,384,86,-217,-505,-765,-973,-1130,-1227,-1254,-1204,-1089,-905,-679,-418,-133,161,444,699,917,1078,1171,1205,1164,1062,902,690,451,182,-100,-365,-610,-819,-979,-1076,-1119,-1107,-1023,-882,-696,-473,-233,23,267,498,704,854,960,1013,1007,951,845,690,507,293,74,-143,-359,-546,-709,-832,-907,-942,-920,-852,-745,-584,-404,-202,20,238,449,629,784,889,946,-430,921,815,672,490,271,34,-206,-442,-648,-822,-952,-1024,-1033,-977,-862,-694,-484,-243,17,277,520,733,893,1009,1060,1036,945,795,598,368,115,-153,-400,-616,-798,-920,-981,-986,-925,-805,-643,-445,-219,10,241,442,604,734,811,841,813,740,622,467,302,124,-66,-229,-380,-503,-594,-649,-660,-628,-564,-482,-375,-239,-96,41,170,289,387,461,511,525,507,466,402,306,214,104,-11,-117,-221,-305,-362,-409,-424,-414,-384,-328,-257,-167,-81,20,109,190,259,312,346,354,345,304,254,186,101,9,-75,-153,-227,-274,-301,-306,-285,-244,-169,-87,0,89,152,201,220,203,166,772,595,-195,569,133,-234,-290,-302,-271,-197,-90,28,149,263,356,409,426,405,348,261,155,33,-90,-207,-312,-403,-463,-485,-474,-440,-366,-276,-162,-31,95,227,344,449,530,576,582,555,491,393,262,115,-41,-203,-361,-496,-611,-693,-718,-699,-634,-531,-381,-202,-9,199,386,556,698,789,824,807,732,623,460,260,52,-167,-363,-537,-680,-766,-809,-802,-740,-628,-474,-308,-112,89,273,430,557,649,702,701,665,592,484,357,205,52,-99,-232,-360,-468,-531,-570,-578,-546,-498,-422,-326,-220,-99,16,126,237,330,407,456,490,500,478,437,370,291,200,93,-12,-129,-234,-331,-412,-470,-506,230,-511,-464,-394,-307,-189,-59,72,203,320,424,508,560,577,561,507,434,335,212,73,-66,-195,-322,-422,-497,-542,-557,-541,-490,-409,-312,-205,-86,30,143,252,332,397,441,458,451,437,393,325,255,174,79,-9,-99,-179,-247,-309,-352,-388,-406,-401,-386,-351,-309,-250,-176,-97,-5,79,176,256,335,397,452,478,483,466,430,364,277,177,53,-77,-195,-316,-424,-506,-578,-608,-605,-580,-509,-411,-290,-149,-5,149,303,430,543,626,677,699,671,609,515,393,245,75,-96,-262,-417,-546,-660,-734,-770,-763,-710,-623,-493,-341,-176,18,210,395,557,687,789,843,857,813,620,857,136,-1045,-1033,-910,-869,-769,-613,-428,-210,32,265,500,709,879,1003,1059,1072,1009,886,711,490,241,-43,-315,-575,-813,-995,-1121,-1189,-1186,-1102,-964,-768,-516,-228,73,371,644,885,1070,1202,1268,1246,1154,1001,782,516,228,-80,-386,-668,-902,-1087,-1212,-1264,-1244,-1156,-1000,-789,-536,-253,46,339,615,854,1038,1167,1225,1216,1135,994,799,558,292,13,-271,-532,-766,-951,-1082,-1157,-1159,-1098,-980,-807,-587,-335,-76,192,451,670,851,975,1051,1068,1019,930,778,588,373,135,-98,-322,-533,-713,-847,-933,-964,-953,-889,-776,-628,-443,-242,-27,193,390,579,734,844,919,939,917,836,714,548,346,133,-1099,-315,-530,-706,-857,-957,-998,-983,-912,-781,-609,-388,-145,108,359,594,788,936,1029,1059,1023,920,756,549,309,44,-222,-469,-685,-859,-976,-1035,-1022,-944,-816,-633,-401,-162,83,320,534,703,835,905,923,878,771,634,459,261,52,-154,-338,-500,-624,-707,-752,-741,-685,-602,-484,-346,-192,-29,129,267,382,482,554,584,582,546,485,397,288,161,33,-88,-196,-301,-380,-430,-465,-469,-447,-403,-325,-240,-144,-37,58,157,240,312,357,384,391,364,324,264,193,107,15,-77,-161,-224,-283,-318,-331,-315,-291,-234,-156,-72,16,102,180,240,265,275,248,196,129,45,-31,-89,-689,-872,364,682,885,-119,-24,86,198,296,356,378,361,308,211,95,-30,-154,-267,-360,-426,-454,-449,-410,-347,-255,-140,-16,106,229,341,423,494,523,522,490,424,332,211,68,-78,-220,-355,-474,-571,-630,-652,-635,-568,-465,-331,-160,24,203,380,542,670,745,783,769,701,585,427,238,34,-180,-381,-558,-708,-793,-831,-816,-744,-636,-477,-286,-87,124,322,497,630,721,774,766,711,619,485,333,150,-24,-189,-344,-466,-565,-627,-648,-628,-575,-502,-389,-266,-138,6,135,251,355,432,490,523,520,503,454,384,300,203,100,-18,-126,-228,-321,-392,-450,-484,-497,-488,-444,-386,-302,-203,-92,-198,141,260,363,452,521,547,550,522,463,380,267,139,6,-133,-266,-376,-475,-542,-574,-569,-540,-476,-382,-266,-140,-10,121,247,349,425,479,509,508,490,434,358,274,175,70,-30,-128,-225,-296,-350,-397,-422,-423,-410,-374,-329,-267,-198,-124,-36,47,123,197,262,328,372,410,426,428,406,361,299,231,149,45,-58,-168,-273,-369,-444,-508,-546,-550,-529,-481,-396,-293,-173,-31,103,242,381,490,579,632,652,646,595,514,406,265,118,-41,-201,-348,-488,-602,-685,-723,-722,-689,-614,-508,-374,-208,-33,148,323,481,619,716,788,816,792,728,617,475,306,116,-81,-294,-618,-212
10820,mtk,MTK 7916,4083177839,rx1-tx0,512,-144,210,935,500,470,418,340,234,113,-16,-148,-267,-370,-453,-495,-507,-488,-418,-331,-217,-83,56,198,321,426,505,551,552,521,457,352,224,76,-75,-231,-366,-482,-576,-628,-640,-614,-538,-423,-286,-124,45,226,393,543,656,728,759,734,672,564,405,219,23,-183,-387,-573,-727,-829,-890,-893,-831,-729,-561,-357,-133,122,374,592,782,921,1011,1021,974,863,691,475,226,-49,-319,-564,-786,-941,-1041,-1071,-1027,-932,-769,-558,-318,-57,197,436,652,816,929,998,997,934,817,662,477,258,27,-197,-406,-593,-749,-859,-927,-938,-898,-812,-683,-513,-317,-107,125,347,548,727,869,957,1000,231,921,785,609,401,152,-111,-370,-617,-832,-1002,-1113,-1157,-1136,-1042,-878,-653,-389,-86,222,516,792,1019,1186,1283,1304,1231,1086,868,589,275,-59,-403,-719,-998,-1215,-1349,-1410,-1386,-1262,-1055,-802,-489,-129,239,593,907,1169,1365,1471,1495,1419,1250,1003,686,331,-71,-464,-817,-1139,-1378,-1541,-1605,-1558,-1407,-1152,-821,-446,-8,417,813,1159,1428,1583,1623,1560,1375,1101,751,342,-78,-478,-833,-1136,-1347,-1458,-1462,-1350,-1153,-886,-553,-205,148,488,779,994,1142,1211,1182,1059,873,630,348,51,-232,-504,-722,-874,-971,-983,-914,-770,-559,-305,-27,235,484,665,771,788,712,551,331,86,-139,-307,-1396,-1166,-417,610,942,-374,-529,-623,-618,-520,-339,-102,158,413,626,782,862,861,764,608,394,147,-124,-390,-622,-814,-942,-997,-977,-881,-730,-518,-257,31,320,599,826,1006,1125,1174,1131,1011,814,549,240,-83,-412,-718,-992,-1194,-1323,-1364,-1317,-1165,-945,-655,-300,77,464,820,1123,1365,1510,1558,1495,1333,1070,745,349,-76,-484,-873,-1218,-1466,-1616,-1649,-1587,-1409,-1137,-778,-364,49,476,871,1191,1439,1583,1624,1562,1388,1127,796,437,46,-359,-714,-1024,-1258,-1430,-1501,-1462,-1355,-1157,-885,-586,-235,133,470,791,1048,1236,1360,1391,1351,1217,1018,759,454,123,-212,-534,-823,-1061,-1233,-1327,-1342,-1282,-1138,-933,-676,-49,-60,276,586,851,1090,1254,1344,1354,1279,1135,923,644,324,-13,-352,-685,-966,-1193,-1364,-1435,-1427,-1325,-1138,-871,-545,-190,186,558,888,1162,1361,1473,1486,1405,1236,977,659,309,-74,-445,-771,-1054,-1263,-1384,-1434,-1371,-1234,-1018,-721,-406,-65,279,596,863,1077,1222,1267,1244,1139,968,739,469,175,-121,-403,-649,-848,-994,-1062,-1065,-1014,-894,-718,-508,-269,-26,212,434,615,764,859,898,868,785,676,521,331,128,-84,-275,-441,-584,-681,-735,-741,-696,-614,-490,-334,-161,14,177,331,458,551,606,618,593,527,426,300,158,8,-142,-273,-386,-472,-520,-528,-502,-450,-366,-252,-125,2,-832,-422,-95,-1436,-1127,-9,-133,-245,-349,-430,-478,-495,-473,-420,-337,-223,-91,36,176,300,399,478,519,528,503,435,339,216,71,-74,-213,-345,-456,-534,-580,-592,-559,-485,-384,-253,-95,66,235,390,510,610,668,692,667,594,483,335,168,-26,-216,-395,-557,-692,-780,-820,-815,-749,-638,-479,-289,-76,159,377,579,760,880,958,974,910,791,630,424,180,-87,-345,-587,-787,-938,-1037,-1068,-1019,-914,-743,-520,-270,8,272,520,730,889,993,1036,1012,933,792,600,385,146,-98,-330,-536,-706,-841,-928,-958,-929,-855,-733,-572,-379,-166,57,270,468,643,784,883,941,946,891,794,652,463,248,22,-568,-454,-673,-845,-981,-1062,-1077,-1030,-921,-746,-526,-265,11,299,573,825,1020,1161,1236,1222,1141,985,765,498,192,-138,-466,-760,-1017,-1212,-1331,-1369,-1316,-1179,-977,-699,-376,-34,325,672,961,1192,1365,1449,1438,1334,1148,902,585,231,-144,-519,-856,-1144,-1360,-1506,-1561,-1485,-1342,-1097,-781,-414,0,417,806,1147,1392,1568,1637,1576,1421,1162,818,411,-18,-449,-844,-1164,-1403,-1541,-1561,-1472,-1286,-1011,-667,-279,123,499,823,1081,1252,1327,1317,1210,1009,748,459,136,-196,-489,-736,-925,-1045,-1079,-1037,-927,-730,-498,-231,59,327,569,755,872,898,849,721,514,265,-7,-263,-467,-592,-621,-556,-418,-64,-790,247,-825,-391,-356,-221,-8,234,466,654,760,777,698,537,322,71,-201,-456,-669,-827,-918,-935,-868,-731,-535,-293,-26,251,508,733,913,1032,1072,1046,933,749,515,238,-66,-372,-657,-910,-1108,-1225,-1259,-1215,-1090,-878,-595,-265,83,446,775,1053,1281,1423,1467,1411,1252,1024,703,329,-75,-474,-844,-1165,-1415,-1587,-1623,-1551,-1385,-1120,-768,-365,70,497,894,1217,1471,1615,1655,1594,1406,1133,798,398,-9,-427,-808,-1135,-1367,-1507,-1565,-1511,-1363,-1137,-848,-514,-125,246,598,918,1160,1329,1435,1430,1350,1189,945,668,342,1,-341,-662,-928,-1149,-1295,-1364,-1347,-1253,-1080,-846,-562,-241,84,411,709,958,1151,425,1333,1314,1205,1038,806,509,189,-143,-467,-764,-1029,-1232,-1357,-1399,-1368,-1243,-1036,-777,-454,-95,264,621,929,1187,1361,1464,1475,1380,1195,937,620,254,-125,-494,-838,-1130,-1328,-1447,-1477,-1401,-1247,-1013,-699,-363,-3,356,675,971,1183,1308,1361,1319,1189,985,738,436,115,-201,-503,-761,-968,-1109,-1176,-1166,-1082,-940,-742,-497,-223,33,290,532,731,875,957,975,941,845,705,525,312,85,-145,-341,-516,-670,-771,-818,-809,-744,-645,-505,-334,-154,35,218,379,517,612,664,669,638,565,453,319,164,7,-147,-294,-415,-504,-557,-572,-542,-478,-390,-276,-139,1,136,259,363,442,486,498,-599,-955
10821,mtk,MTK 7916,4083177839,rx1-tx1,512,0,0,0,470,190,-157,-462,-635,-627,-426,-101,245,538,665,597,360,21,-324,-577,-664,-553,-280,74,401,604,632,472,169,-171,-457,-606,-577,-368,-60,263,508,596,502,262,-68,-376,-555,-570,-412,-121,199,463,587,521,281,-40,-342,-557,-602,-453,-154,191,489,649,614,390,40,-340,-629,-737,-619,-314,86,476,740,784,590,229,-202,-589,-818,-810,-568,-152,308,692,878,811,511,60,-416,-776,-913,-786,-437,31,500,821,913,746,360,-131,-588,-872,-913,-704,-291,201,630,885,876,626,207,-265,-658,-860,-815,-534,-114,331,669,816,735,444,26,-388,-678,-764,-628,-321,74,439,671,0,527,208,-168,-496,-662,-623,-414,-76,285,551,651,569,309,-49,-391,-616,-658,-513,-217,155,485,674,679,486,138,-256,-578,-733,-684,-448,-80,321,621,754,680,412,37,-335,-621,-736,-641,-377,-15,346,603,687,577,321,-18,-342,-556,-600,-477,-236,72,353,509,502,363,117,-149,-349,-443,-400,-232,9,241,391,423,320,113,-125,-325,-434,-410,-259,-27,215,404,486,429,246,-10,-264,-443,-504,-427,-231,20,267,441,488,401,217,-19,-251,-412,-456,-369,-185,40,245,382,412,332,165,-43,-234,-361,-392,-316,-163,27,211,336,382,343,222,59,-110,-246,-324,-329,-277,-183,0,0,0,0,0,-78,-197,-292,-351,-346,-262,-108,82,276,423,483,442,291,53,-210,-428,-554,-545,-395,-140,160,436,615,631,493,223,-133,-463,-672,-712,-563,-257,135,502,741,796,643,306,-136,-560,-834,-891,-718,-346,138,595,904,975,785,384,-134,-619,-948,-1031,-829,-401,129,633,964,1024,813,382,-161,-660,-971,-1011,-770,-320,219,708,990,986,714,244,-304,-771,-1014,-977,-663,-154,389,821,1021,943,597,80,-456,-870,-1034,-895,-510,16,536,901,1013,834,404,-122,-612,-936,-992,-755,-302,235,705,976,955,660,177,-356,-792,-1001,-923,-579,-64,469,873,1035,901,496,-51,-595,-971,-1070,-866,0,168,694,1030,1080,816,317,-272,-786,-1089,-1086,-772,-237,364,875,1141,1078,703,129,-477,-947,-1151,-1032,-621,-36,563,1006,1154,974,520,-76,-643,-1021,-1116,-889,-408,183,720,1041,1063,784,270,-311,-800,-1055,-1000,-667,-151,408,843,1036,919,532,10,-512,-886,-990,-807,-398,129,615,905,925,674,231,-273,-698,-904,-840,-533,-79,389,732,864,740,408,-40,-489,-783,-830,-634,-261,180,564,775,758,525,138,-277,-597,-745,-676,-402,-19,365,629,694,553,254,-115,-448,-636,-629,-447,-133,230,514,635,562,322,-12,-331,-548,-608,-483,-203,139,436,597,575,382,80,-251,-504,-606,-538,0,0,0,0,0,415,605,620,454,147,-211,-501,-655,-620,-396,-61,286,554,666,581,323,-25,-363,-600,-651,-512,-225,127,432,614,610,422,112,-222,-488,-610,-545,-317,5,312,523,573,446,183,-134,-415,-565,-538,-345,-40,283,518,595,482,223,-111,-426,-618,-618,-431,-102,263,559,702,630,354,-30,-415,-694,-765,-618,-288,139,534,782,800,583,199,-252,-639,-846,-808,-539,-109,369,739,896,794,463,1,-466,-810,-923,-773,-403,87,553,857,918,734,334,-162,-606,-876,-903,-669,-248,238,644,869,853,584,156,-297,-660,-833,-772,-492,-75,352,667,786,683,396,-5,-402,-672,-735,-583,-260,0,472,664,661,467,141,-236,-523,-652,-597,-357,-12,336,584,659,539,262,-97,-439,-657,-673,-487,-165,209,531,710,683,459,107,-283,-599,-738,-681,-438,-64,327,627,754,673,405,38,-338,-618,-719,-621,-357,1,342,577,640,533,283,-38,-345,-536,-559,-421,-179,103,345,468,454,302,59,-188,-368,-424,-345,-162,68,288,417,419,286,64,-173,-371,-466,-415,-248,-9,238,426,493,422,238,-8,-259,-441,-497,-420,-230,18,260,427,469,385,205,-28,-253,-403,-437,-353,-170,49,242,366,398,322,158,-45,-226,-352,-388,-325,-179,2,176,309,370,354,266,131,-15,-144,-233,0,0,0,0,0,251,222,138,3,-153,-301,-404,-431,-366,-210,11,241,431,521,490,346,104,-181,-430,-578,-595,-451,-177,145,445,635,665,523,233,-141,-482,-710,-757,-598,-274,128,523,796,852,683,325,-140,-580,-869,-938,-761,-364,132,597,930,1013,805,386,-123,-606,-940,-1027,-822,-393,141,649,971,1017,793,359,-183,-682,-980,-993,-737,-282,260,734,1000,977,686,196,-354,-797,-1023,-963,-626,-116,423,846,1032,919,551,27,-508,-886,-1017,-864,-463,78,586,926,998,782,358,-166,-656,-960,-971,-706,-245,292,754,995,945,625,127,-412,-832,-1017,-912,-538,-11,524,920,1053,877,450,-108,-639,0,-1079,-852,-375,221,757,1067,1078,796,280,-318,-827,-1112,-1084,-739,-182,418,901,1141,1052,663,84,-520,-974,-1153,-1003,-562,27,600,1012,1137,934,465,-132,-684,-1041,-1098,-837,-341,249,766,1057,1048,728,203,-363,-818,-1045,-964,-602,-68,482,884,1023,864,461,-63,-560,-889,-955,-745,-324,190,646,903,880,605,157,-330,-714,-882,-793,-469,-11,438,758,850,692,332,-121,-532,-780,-800,-582,-192,228,579,765,720,466,75,-330,-621,-725,-615,-332,48,404,630,666,501,189,-173,-481,-642,-604,-375,-43,288,537,619,510,258,-73,-381,-578,-601,-434,-137,192,469,604,554,339,26,-295,0,0
10822,mtk,MTK 7916,4083177839,rx2-tx0,512,0,0,0,-104,142,353,457,426,267,20,-243,-436,-495,-408,-196,83,335,492,504,364,111,-180,-424,-544,-501,-313,-30,271,493,569,475,238,-77,-369,-555,-579,-428,-147,179,462,606,571,359,32,-301,-544,-632,-526,-257,95,423,632,649,466,141,-235,-553,-709,-650,-387,-4,385,666,760,623,293,-129,-528,-785,-810,-597,-201,261,654,870,834,552,103,-387,-770,-936,-840,-493,4,500,858,978,813,414,-104,-603,-930,-983,-758,-319,214,690,972,976,701,229,-305,-751,-988,-941,-619,-121,404,813,984,879,525,28,-475,-841,-955,-794,-411,85,546,849,908,701,286,-202,-623,-865,-849,0,-152,318,697,871,781,459,13,-441,-768,-869,-719,-357,112,548,826,871,655,240,-244,-663,-896,-868,-588,-141,353,760,948,867,535,43,-454,-826,-975,-837,-461,47,546,892,986,798,378,-149,-635,-946,-994,-750,-299,235,703,979,979,695,219,-317,-768,-1009,-959,-634,-143,386,812,1016,931,590,91,-440,-847,-1007,-897,-537,-35,463,832,977,849,489,4,-473,-811,-922,-787,-445,15,459,766,856,709,376,-47,-454,-725,-788,-640,-330,58,424,668,726,584,288,-70,-403,-624,-677,-556,-297,34,347,564,644,562,343,51,-241,-471,-584,-567,-433,-224,22,241,388,445,415,312,0,0,0,0,0,26,226,404,537,580,499,301,24,-280,-542,-699,-703,-532,-228,141,489,729,793,655,342,-75,-484,-779,-887,-765,-430,35,501,849,990,862,497,-17,-545,-939,-1094,-960,-557,9,590,1030,1206,1061,620,-4,-636,-1106,-1295,-1135,-659,0,671,1175,1374,1204,695,-3,-704,-1228,-1419,-1226,-706,7,722,1241,1421,1219,685,-34,-742,-1247,-1405,-1178,-633,78,766,1234,1357,1108,564,-132,-788,-1212,-1292,-1013,-462,211,816,1183,1216,916,366,-279,-839,-1159,-1142,-800,-251,359,868,1121,1048,686,138,-443,-888,-1071,-949,-564,-29,511,891,1011,844,443,-82,-574,-894,-957,-744,-319,190,632,887,889,0,194,-290,-685,-881,-819,-514,-69,390,729,856,737,402,-42,-464,-754,-824,-643,-280,152,538,764,766,547,172,-250,-594,-757,-698,-438,-55,340,626,722,608,315,-64,-418,-646,-680,-509,-189,179,487,650,615,398,64,-280,-531,-625,-533,-278,55,368,564,589,440,158,-168,-436,-569,-526,-329,-38,267,485,549,444,217,-70,-342,-505,-510,-359,-103,178,406,506,453,267,-4,-274,-455,-492,-382,-164,105,342,472,456,300,58,-195,-391,-469,-400,-208,40,268,420,449,333,117,-127,-335,-438,-405,-251,-18,219,387,438,356,164,-74,-286,-415,-415,-285,-67,171,355,434,378,203,0,0,0,0,0,-440,-435,-291,-60,194,399,482,419,230,-33,-284,-456,-495,-387,-158,124,377,516,508,344,66,-232,-461,-556,-492,-280,21,324,531,574,451,195,-130,-422,-584,-573,-397,-93,240,501,612,544,311,-26,-363,-593,-645,-501,-203,164,491,672,653,435,78,-309,-607,-730,-638,-349,57,456,728,790,614,253,-191,-592,-818,-818,-580,-158,325,719,906,833,521,51,-444,-819,-959,-823,-450,62,557,900,989,794,368,-159,-647,-951,-979,-727,-272,258,721,980,958,661,180,-352,-785,-987,-902,-566,-78,433,816,964,833,464,-33,-511,-840,-929,-744,-351,138,584,858,879,640,217,-262,0,-863,-815,-525,-84,376,725,864,750,414,-48,-495,-798,-869,-683,-300,175,605,865,873,631,200,-297,-715,-925,-867,-560,-92,407,793,954,845,496,-2,-508,-864,-974,-818,-425,96,590,916,987,780,345,-186,-668,-960,-978,-727,-265,281,743,1000,972,668,182,-348,-792,-1016,-946,-604,-107,417,829,1009,913,569,66,-450,-839,-997,-880,-521,-23,466,825,952,816,465,-8,-468,-787,-890,-748,-408,38,457,739,811,670,350,-61,-443,-694,-755,-612,-308,67,416,649,704,568,287,-58,-381,-598,-658,-550,-313,1,306,530,624,568,385,125,-151,-377,-513,-540,-460,-303,-110,70,208,0,0,0,0,0,-434,-423,-324,-134,110,362,561,662,622,436,138,-204,-514,-715,-747,-598,-294,97,483,756,843,711,385,-56,-496,-816,-934,-811,-459,33,526,895,1043,913,526,-13,-566,-989,-1157,-1011,-591,-1,609,1073,1253,1096,643,8,-646,-1144,-1341,-1169,-684,-5,684,1197,1393,1214,710,3,-721,-1242,-1419,-1222,-694,29,735,1249,1423,1204,660,-60,-760,-1247,-1385,-1148,-608,100,776,1226,1328,1065,512,-172,-795,-1196,-1260,-973,-416,243,823,1165,1179,858,300,-329,-852,-1133,-1089,-741,-190,398,873,1096,999,620,79,-474,-892,-1046,-903,-509,23,537,892,988,799,382,-137,-604,-892,-922,-684,-254,237,0,885,850,570,130,-344,-712,-870,-776,-459,-15,428,745,842,693,342,-99,-505,-763,-793,-593,-231,195,568,764,729,486,112,-290,-606,-742,-652,-371,15,385,640,706,560,250,-129,-462,-652,-648,-450,-126,230,513,637,573,341,4,-331,-556,-611,-485,-220,105,396,567,562,388,98,-216,-458,-560,-494,-277,23,308,494,531,409,162,-128,-377,-509,-482,-310,-48,223,427,502,422,209,-63,-311,-461,-471,-340,-108,158,376,474,427,260,10,-243,-414,-456,-364,-167,86,310,436,429,290,67,-174,-362,-435,-377,-210,24,254,404,430,316,106,-126,-322,-426,-398,-246,-20,216,382,0,0
10823,mtk,MTK 7916,4083177839,rx2-tx1,512,0,0,0,-43,-83,-93,-66,-20,31,73,86,69,35,-15,-71,-108,-110,-74,-18,46,101,128,120,81,19,-51,-107,-132,-125,-84,-19,45,98,125,121,86,31,-25,-67,-91,-98,-80,-54,-21,22,56,70,79,80,61,32,2,-35,-69,-92,-101,-92,-58,-5,59,117,153,155,112,38,-50,-138,-200,-214,-176,-84,34,154,245,271,219,114,-25,-176,-286,-322,-271,-140,35,206,324,363,306,162,-34,-224,-359,-395,-324,-157,56,256,390,421,333,152,-77,-282,-409,-420,-315,-130,91,299,422,420,299,98,-133,-329,-432,-411,-270,-51,181,363,442,395,232,-2,-243,-418,-463,0,-186,71,310,465,480,355,136,-135,-381,-519,-513,-364,-102,193,435,566,533,345,53,-263,-511,-626,-560,-335,-12,326,574,665,572,316,-30,-376,-626,-692,-571,-292,86,455,695,739,578,247,-161,-530,-758,-780,-591,-231,207,599,829,833,612,212,-254,-656,-887,-880,-633,-215,273,688,925,915,657,225,-266,-687,-935,-926,-676,-247,243,664,912,912,662,249,-212,-629,-874,-871,-644,-250,204,585,811,825,616,250,-172,-539,-763,-790,-606,-262,139,490,714,751,596,294,-78,-422,-651,-711,-603,-350,-17,313,551,660,622,443,172,-125,-382,-544,-585,-516,-357,-152,54,217,319,0,0,0,0,0,162,233,269,263,205,94,-47,-190,-307,-369,-351,-253,-91,102,275,390,423,352,183,-37,-251,-410,-470,-413,-255,-19,235,438,529,485,307,42,-246,-483,-605,-579,-388,-76,263,543,695,676,470,129,-261,-594,-782,-776,-574,-205,233,618,850,870,671,280,-197,-623,-900,-948,-745,-351,136,600,913,981,792,397,-100,-570,-894,-982,-818,-442,57,545,876,968,811,440,-52,-521,-847,-944,-780,-420,48,510,823,899,737,374,-83,-510,-808,-872,-694,-339,114,530,796,834,644,280,-163,-562,-797,-807,-597,-222,213,580,788,777,552,171,-254,-606,-788,-750,-497,-111,305,636,796,0,447,56,-353,-666,-788,-690,-404,-6,390,686,784,656,349,-57,-447,-703,-760,-603,-275,127,497,732,762,575,217,-198,-552,-756,-745,-536,-167,254,597,772,737,493,109,-306,-635,-778,-705,-444,-59,343,642,759,667,398,20,-369,-652,-743,-626,-340,30,388,636,707,575,289,-65,-396,-616,-654,-503,-221,115,418,596,597,436,161,-152,-420,-565,-545,-370,-106,180,411,526,489,314,61,-201,-400,-477,-422,-260,-34,193,360,420,364,206,-7,-200,-330,-369,-305,-165,20,181,281,307,241,109,-40,-165,-235,-236,-175,-66,53,146,192,184,122,26,-68,-129,-149,-123,-62,11,0,0,0,0,0,83,41,-16,-68,-92,-87,-57,-1,53,90,101,81,33,-29,-81,-114,-116,-80,-19,49,104,125,118,86,22,-52,-104,-126,-119,-83,-33,28,80,109,105,86,49,-3,-49,-73,-87,-87,-59,-29,0,31,57,72,79,76,55,18,-23,-68,-106,-127,-118,-85,-21,59,130,173,181,149,70,-37,-143,-224,-251,-209,-108,30,169,267,295,251,135,-32,-191,-300,-339,-283,-147,33,220,350,383,316,158,-45,-240,-379,-414,-327,-155,57,260,394,419,329,147,-80,-287,-411,-418,-311,-118,114,315,420,412,289,79,-157,-347,-438,-402,-248,-27,201,381,454,385,202,-35,0,-435,-476,-378,-167,98,333,479,496,369,123,-158,-404,-538,-521,-354,-73,233,483,604,554,345,38,-295,-547,-643,-561,-322,9,348,596,690,583,303,-64,-410,-654,-724,-575,-251,132,487,722,754,583,247,-179,-565,-797,-811,-596,-212,232,630,863,862,622,211,-266,-677,-910,-900,-652,-225,267,690,929,918,665,235,-263,-688,-921,-914,-668,-252,231,648,888,895,663,250,-209,-603,-841,-854,-633,-253,181,559,787,805,607,249,-154,-510,-734,-767,-599,-280,109,459,682,731,597,313,-35,-369,-606,-694,-609,-390,-89,223,483,620,613,486,271,11,-231,-402,-482,-468,-379,-237,0,0,0,0,0,-162,-97,2,123,235,311,333,291,186,29,-146,-296,-386,-393,-307,-141,64,259,400,446,379,218,-6,-242,-425,-501,-449,-282,-34,237,454,566,526,345,62,-251,-512,-652,-623,-424,-106,257,565,736,726,520,164,-242,-602,-818,-826,-614,-237,213,616,871,905,706,324,-157,-618,-911,-963,-776,-383,120,583,899,984,809,422,-82,-565,-889,-982,-817,-435,58,528,859,961,795,428,-47,-519,-841,-929,-772,-403,61,503,807,887,717,358,-91,-521,-802,-853,-670,-301,145,541,787,816,617,252,-179,-565,-791,-795,-581,-198,234,586,783,761,522,150,-258,-605,-782,-736,-482,-93,0,652,789,705,424,29,-378,-678,-782,-670,-368,35,427,698,771,628,311,-97,-486,-731,-764,-592,-262,148,521,745,757,554,198,-217,-572,-753,-735,-513,-138,278,617,781,726,471,86,-321,-636,-779,-700,-429,-37,357,648,752,652,377,-3,-383,-648,-724,-609,-326,49,402,630,678,541,254,-97,-415,-611,-632,-476,-196,137,421,577,567,401,129,-170,-415,-544,-515,-344,-90,183,402,502,456,284,41,-206,-386,-453,-397,-233,-12,200,346,393,335,178,-16,-194,-309,-333,-264,-131,30,182,272,276,208,90,-45,-154,-209,-206,-149,-46,61,135,167,152,90,6,-71,-117,-127,0,0
10824,mtk,MTK 7916,4083264903,rx0-tx0,512,557,-354,-511,-313,-449,-559,-644,-684,-699,-666,-609,-519,-399,-247,-86,80,247,415,567,686,764,805,791,725,616,454,255,36,-195,-420,-629,-801,-917,-966,-943,-860,-711,-513,-272,-12,251,502,709,867,963,982,937,811,632,427,193,-46,-280,-484,-655,-769,-832,-843,-800,-708,-557,-385,-194,10,211,387,523,621,679,691,660,580,472,331,189,44,-100,-235,-340,-431,-480,-513,-502,-471,-418,-335,-237,-124,-18,79,187,270,329,373,394,386,351,302,229,153,71,-13,-97,-159,-207,-245,-258,-264,-245,-212,-179,-137,-105,-68,-23,6,40,64,92,109,130,157,164,181,188,182,172,141,-588,60,9,-53,-111,-156,-201,-243,-252,-249,-229,-196,-150,-86,-21,45,95,150,190,200,216,217,195,176,138,100,62,38,0,-36,-68,-89,-107,-121,-133,-155,-179,-188,-188,-202,-191,-158,-128,-73,2,74,163,257,323,396,438,450,437,367,260,128,-11,-166,-328,-476,-578,-653,-667,-625,-531,-381,-212,-16,194,387,541,654,731,723,681,580,427,246,31,-172,-353,-510,-619,-682,-695,-650,-562,-427,-260,-85,99,269,416,521,584,601,573,506,395,264,107,-45,-193,-318,-416,-478,-504,-493,-438,-351,-232,-100,46,183,303,388,432,428,385,289,165,27,-104,-211,-269,-273,205,32,587,-267,-211,43,140,251,321,348,334,263,153,19,-119,-253,-359,-434,-465,-450,-395,-289,-156,-18,137,281,387,475,520,521,463,377,271,124,-34,-182,-321,-434,-505,-543,-534,-482,-392,-273,-125,26,163,294,399,454,477,470,423,354,264,168,39,-79,-173,-262,-317,-348,-358,-341,-306,-268,-210,-146,-72,-5,42,109,162,188,215,247,260,260,240,215,182,125,76,9,-48,-103,-161,-203,-244,-267,-275,-279,-266,-233,-186,-123,-59,11,94,164,228,277,320,342,345,334,277,229,159,74,-24,-115,-199,-281,-355,-393,-416,-423,-386,-333,-254,-163,-57,63,185,292,381,459,492,494,-291,436,363,251,133,-2,-155,-292,-408,-505,-574,-609,-588,-546,-455,-339,-186,-22,139,294,437,554,622,657,649,592,492,365,214,51,-111,-268,-400,-502,-569,-604,-613,-575,-515,-430,-318,-192,-57,85,225,347,462,552,615,655,651,606,534,431,283,130,-50,-230,-402,-565,-690,-781,-821,-817,-755,-648,-491,-290,-62,177,414,627,803,944,999,984,923,788,605,368,109,-176,-448,-678,-878,-1015,-1082,-1084,-1003,-848,-630,-378,-93,196,471,713,906,1030,1079,1052,956,799,586,339,67,-205,-454,-660,-829,-930,-965,-937,-856,-703,-526,-311,-86,130,348,519,663,760,805,799,735,639,-243,-289,525,-531,-395,-647,-557,-438,-289,-130,32,193,339,480,596,680,718,722,685,619,506,360,188,-2,-199,-390,-576,-730,-835,-887,-885,-823,-695,-514,-290,-35,221,469,679,846,956,992,959,849,687,481,240,-17,-277,-514,-700,-836,-915,-924,-875,-763,-603,-403,-191,30,243,435,590,692,762,774,734,640,519,362,189,14,-161,-307,-434,-527,-582,-604,-581,-518,-433,-325,-204,-79,48,151,251,334,392,428,432,422,385,318,244,160,62,-42,-132,-218,-278,-319,-338,-340,-309,-258,-207,-145,-81,-22,43,88,129,152,162,178,184,184,178,163,143,119,107,76,49,20,-22,-65,-110,-159,321,-218,-233,-235,-217,-188,-154,-87,-19,46,110,170,218,244,250,243,224,198,139,88,38,-16,-63,-100,-135,-149,-160,-169,-174,-163,-151,-139,-121,-95,-76,-59,-27,14,45,82,144,189,239,290,315,324,324,276,210,127,16,-103,-232,-363,-464,-532,-563,-563,-508,-397,-247,-83,104,273,443,578,666,724,704,617,481,321,124,-84,-268,-459,-600,-703,-741,-708,-639,-511,-344,-155,43,231,390,532,613,655,643,584,481,341,182,8,-149,-298,-415,-502,-550,-550,-509,-428,-318,-186,-45,96,227,337,415,463,469,428,347,232,94,-46,-177,-289,-358,-380,-344,-261,-147,-34,-519,-585,-258,128,209,251,247,189,85,-36,-171,-291,-374,-413,-408,-360,-267,-146,-1,140,281,395,462,496,489,424,329,210,62,-96,-247,-359,-463,-532,-551,-516,-444,-329,-193,-49,105,247,368,462,523,524,497,432,330,201,74,-63,-190,-295,-370,-421,-442,-411,-367,-302,-218,-131,-35,58,126,185,232,265,292,286,274,250,204,163,128,77,18,-39,-92,-134,-194,-225,-251,-267,-258,-252,-220,-186,-143,-78,-15,53,122,190,243,279,302,323,323,289,242,181,109,20,-58,-146,-218,-274,-336,-372,-386,-369,-336,-285,-205,-112,-21,90,199,290,372,424,455,460,436,383,310,209,78,-46,374,-285,-396,-480,-529,-561,-549,-490,-408,-294,-163,-6,139,288,426,539,620,647,630,577,486,359,205,42,-134,-302,-440,-546,-622,-649,-636,-582,-486,-374,-234,-101,50,191,316,429,514,563,594,599,571,508,418,295,169,23,-135,-283,-419,-550,-652,-711,-743,-714,-655,-549,-402,-219,-18,192,393,585,748,864,923,919,858,727,562,341,79,-172,-429,-657,-846,-981,-1050,-1053,-969,-828,-635,-382,-108,176,456,704,890,1028,1092,1081,992,832,620,364,84,-200,-467,-700,-879,-990,-1039,-1010,-913,-763,-559,-313,-60,182,407,606,756,864,891,867,793,670,520,326,133,-74,-259,-424,-155,-63
10825,mtk,MTK 7916,4083264903,rx0-tx1,512,-760,-688,-412,-561,-368,-149,92,325,552,752,897,996,1031,985,888,728,511,261,-16,-299,-561,-794,-976,-1094,-1152,-1129,-1030,-857,-628,-363,-53,259,555,821,1028,1169,1233,1219,1129,959,723,443,127,-191,-500,-782,-1009,-1164,-1252,-1257,-1180,-1035,-816,-543,-237,78,395,691,931,1112,1218,1246,1200,1076,885,641,352,44,-261,-555,-805,-999,-1137,-1201,-1181,-1093,-945,-728,-472,-188,106,394,649,864,1020,1104,1128,1074,955,785,556,300,44,-221,-472,-683,-860,-980,-1028,-1019,-946,-818,-640,-430,-188,48,280,499,681,818,909,946,926,851,722,557,359,135,-86,-308,-516,-698,-834,-924,-954,-929,-845,-706,-430,-295,-54,185,422,642,821,954,1008,1001,938,807,617,386,120,-150,-414,-659,-855,-988,-1056,-1052,-978,-827,-616,-373,-100,177,444,680,863,982,1033,1013,918,762,552,302,42,-212,-451,-656,-799,-892,-925,-887,-791,-649,-457,-245,-24,193,383,548,663,728,747,719,644,534,391,231,58,-119,-271,-400,-502,-578,-608,-586,-538,-468,-363,-235,-101,36,165,283,372,441,482,487,458,408,333,235,131,17,-99,-194,-279,-342,-388,-408,-388,-353,-293,-215,-129,-25,76,162,237,298,339,345,328,295,233,153,67,-26,-117,-196,-258,-295,-306,-277,-223,-149,-59,32,111,167,196,193,-1050,-1034,-195,17,451,35,-68,-181,-276,-338,-362,-336,-270,-169,-44,92,212,317,393,435,438,401,329,233,122,-9,-138,-254,-360,-440,-490,-499,-474,-419,-333,-218,-86,63,215,355,466,552,600,607,577,498,385,242,61,-129,-296,-463,-604,-704,-743,-745,-684,-565,-412,-210,5,221,430,607,741,826,846,797,688,528,332,113,-109,-324,-519,-672,-770,-815,-801,-729,-603,-445,-250,-42,153,341,497,618,690,717,690,623,515,388,230,55,-107,-260,-386,-488,-557,-586,-580,-534,-466,-374,-255,-133,-8,117,235,339,418,472,497,493,470,422,344,246,138,33,-79,-200,-302,-389,-462,-504,-516,-500,230,-377,-280,-161,-24,114,244,368,466,533,576,576,533,464,353,229,86,-67,-208,-336,-450,-534,-576,-584,-546,-484,-382,-265,-129,12,142,259,365,444,496,510,496,459,397,310,210,100,-9,-119,-216,-295,-363,-407,-431,-433,-413,-376,-319,-245,-159,-71,20,110,196,276,342,397,428,438,431,406,358,286,193,86,-28,-142,-259,-363,-451,-509,-545,-551,-521,-459,-369,-256,-115,33,173,323,447,547,618,648,642,595,509,392,253,94,-76,-240,-391,-525,-625,-686,-710,-691,-632,-529,-393,-234,-53,133,308,473,611,708,773,787,748,669,541,382,195,-10,-217,-409,-583,-724,-918,-772,136,820,992,730,855,934,949,905,809,649,448,215,-53,-317,-558,-772,-938,-1051,-1098,-1068,-965,-805,-579,-318,-26,273,555,803,994,1139,1205,1184,1086,916,676,393,85,-226,-531,-805,-1025,-1180,-1257,-1245,-1164,-998,-767,-483,-174,154,459,747,986,1155,1246,1257,1199,1055,847,589,292,-20,-329,-621,-869,-1063,-1189,-1227,-1205,-1098,-918,-686,-418,-117,183,465,724,937,1083,1161,1165,1090,952,760,520,249,-32,-313,-561,-778,-947,-1046,-1081,-1056,-956,-799,-605,-363,-109,141,381,595,769,897,963,968,929,828,672,485,275,46,-184,-404,-598,-754,-872,-925,-928,-882,-784,-627,-440,-226,5,237,458,652,-1099,929,973,959,893,762,583,355,100,-157,-409,-648,-835,-974,-1042,-1036,-968,-831,-631,-386,-119,159,429,673,856,990,1054,1043,958,803,594,344,73,-203,-456,-676,-851,-959,-986,-951,-858,-698,-498,-274,-29,213,425,607,740,817,841,806,719,590,416,227,26,-164,-333,-476,-586,-651,-673,-646,-581,-485,-367,-232,-76,72,202,327,435,506,533,533,506,447,354,246,117,-10,-129,-235,-328,-393,-429,-447,-424,-375,-311,-225,-135,-24,78,173,255,311,354,376,364,327,272,200,106,10,-83,-168,-247,-297,-325,-324,-293,-239,-169,-85,10,105,180,234,263,254,213,151,73,-2,-51,263,364,-945,-832,-260,-278,-252,-178,-73,50,173,285,365,410,404,363,290,183,58,-73,-199,-307,-389,-448,-473,-456,-408,-328,-222,-89,49,182,308,419,496,541,551,526,454,352,226,71,-89,-255,-407,-529,-627,-682,-671,-626,-540,-402,-227,-34,163,370,541,682,778,803,780,697,557,383,175,-54,-283,-488,-654,-773,-831,-829,-770,-654,-488,-292,-80,140,351,526,660,750,772,750,677,559,402,227,41,-141,-305,-444,-552,-633,-653,-636,-579,-488,-372,-236,-91,56,193,311,415,484,519,532,510,463,386,295,189,74,-44,-158,-262,-355,-427,-469,-493,-492,-459,-392,-318,-217,-96,31,158,-198,375,455,520,555,544,504,428,323,203,67,-88,-228,-358,-467,-537,-587,-589,-553,-484,-381,-250,-109,38,180,310,420,498,547,554,524,468,387,284,168,39,-81,-196,-298,-379,-435,-462,-466,-447,-401,-341,-261,-170,-73,23,117,201,278,341,386,409,414,402,373,324,258,176,83,-12,-109,-207,-300,-383,-443,-481,-494,-482,-446,-379,-284,-173,-50,87,224,349,452,535,591,602,586,536,440,327,185,31,-126,-284,-426,-539,-622,-671,-682,-648,-575,-465,-321,-160,16,189,357,502,619,701,747,738,692,600,465,302,123,-77,-263,-439,-595,-713,-798,-830,-810,-733,-613,-456,-94,-506
10826,mtk,MTK 7916,4083264903,rx1-tx0,512,-144,-1070,-1473,-313,-400,-468,-488,-475,-430,-338,-221,-95,45,186,310,415,484,520,511,461,375,256,118,-35,-183,-325,-439,-522,-569,-570,-532,-446,-324,-180,-16,157,313,442,559,623,648,629,559,443,299,121,-67,-249,-428,-577,-683,-749,-764,-717,-620,-478,-296,-80,144,355,546,708,821,882,880,818,691,506,286,34,-230,-475,-690,-859,-962,-999,-976,-870,-699,-476,-222,65,342,596,805,959,1040,1042,967,837,645,402,139,-130,-386,-611,-796,-929,-984,-974,-904,-778,-596,-389,-156,77,311,514,690,821,894,918,882,788,651,476,272,39,-182,-396,-591,-754,-868,-940,-948,-893,-793,-635,231,-177,78,331,570,788,951,1060,1096,1056,950,765,533,260,-51,-353,-635,-889,-1082,-1202,-1239,-1192,-1056,-849,-578,-260,83,428,750,1010,1215,1331,1351,1280,1119,878,571,215,-144,-501,-840,-1114,-1311,-1415,-1435,-1334,-1156,-900,-558,-184,205,591,927,1213,1414,1497,1494,1387,1170,875,507,96,-331,-733,-1085,-1367,-1538,-1608,-1556,-1365,-1081,-717,-288,164,590,982,1289,1483,1561,1515,1355,1092,737,343,-74,-478,-828,-1109,-1293,-1366,-1328,-1188,-957,-667,-336,16,357,653,888,1050,1126,1103,994,806,563,276,-23,-311,-569,-759,-884,-928,-884,-754,-556,-307,-21,253,485,651,721,694,570,376,146,-62,989,345,-417,-966,-969,223,28,-215,-440,-625,-731,-735,-638,-454,-210,66,339,578,758,874,900,840,705,504,252,-18,-300,-561,-779,-938,-1018,-1017,-934,-780,-564,-285,20,326,618,878,1072,1182,1209,1136,983,748,452,119,-255,-604,-902,-1161,-1334,-1409,-1368,-1236,-1002,-677,-295,119,516,903,1224,1460,1573,1582,1462,1232,902,497,55,-402,-826,-1186,-1459,-1624,-1667,-1580,-1387,-1082,-685,-248,202,631,1011,1336,1542,1618,1590,1443,1202,879,492,75,-340,-722,-1056,-1297,-1454,-1511,-1449,-1302,-1061,-748,-398,-19,362,704,996,1217,1354,1400,1363,1226,1002,712,369,22,-324,-651,-936,-1163,-1292,-1337,-1309,-1190,-983,-717,-404,-64,-49,597,887,1117,1276,1346,1322,1222,1038,778,467,117,-242,-590,-894,-1142,-1334,-1411,-1402,-1297,-1100,-833,-488,-117,279,643,987,1253,1423,1489,1458,1319,1084,769,403,3,-397,-757,-1064,-1297,-1439,-1475,-1403,-1222,-968,-641,-278,110,479,802,1062,1241,1337,1341,1234,1045,798,489,160,-176,-496,-764,-974,-1112,-1162,-1138,-1037,-862,-633,-363,-80,198,455,681,846,944,982,951,853,695,504,281,41,-190,-402,-586,-719,-801,-825,-795,-697,-561,-391,-199,5,202,378,521,620,677,682,640,552,432,278,103,-68,-228,-370,-480,-553,-586,-568,-514,-422,-303,-163,-13,131,264,376,456,496,508,470,405,124,-346,-95,1122,494,-377,-279,-153,-12,121,254,365,436,484,498,468,400,301,174,33,-120,-256,-377,-466,-525,-542,-520,-453,-344,-213,-62,97,249,394,501,577,612,598,531,440,307,145,-22,-201,-371,-510,-615,-683,-698,-663,-582,-451,-291,-102,104,308,484,639,755,821,821,764,655,490,285,60,-174,-404,-611,-780,-895,-956,-941,-852,-707,-502,-259,5,276,537,755,916,1020,1045,995,874,688,444,171,-115,-380,-615,-819,-953,-1021,-1021,-946,-804,-615,-380,-129,118,357,579,752,874,938,941,886,770,618,422,205,-24,-257,-463,-642,-780,-879,-917,-899,-834,-715,-541,-346,-120,117,351,564,761,-568,992,1021,979,877,709,488,237,-45,-331,-600,-839,-1008,-1131,-1173,-1125,-1009,-819,-560,-262,60,387,688,946,1144,1269,1300,1244,1093,869,584,240,-122,-471,-794,-1067,-1275,-1386,-1394,-1321,-1145,-887,-565,-212,173,548,871,1154,1355,1458,1468,1368,1170,898,541,153,-243,-640,-991,-1281,-1478,-1572,-1540,-1393,-1155,-825,-429,3,451,862,1192,1444,1585,1597,1487,1269,940,545,108,-338,-739,-1080,-1323,-1457,-1482,-1376,-1165,-876,-524,-146,235,590,880,1088,1206,1232,1157,993,763,477,162,-161,-456,-702,-884,-991,-1013,-953,-806,-591,-335,-50,232,488,685,815,853,788,642,418,156,-105,-330,-484,-545,-506,1133,1486,247,281,-178,-472,-571,-580,-486,-311,-65,207,465,669,799,840,787,651,448,197,-90,-361,-603,-793,-912,-959,-935,-823,-635,-384,-101,190,473,724,931,1069,1114,1078,964,765,502,197,-134,-462,-766,-1023,-1202,-1304,-1302,-1178,-990,-719,-385,-6,381,746,1073,1316,1465,1500,1430,1251,961,594,182,-242,-672,-1049,-1357,-1553,-1644,-1604,-1445,-1172,-809,-380,80,521,928,1280,1532,1648,1649,1522,1306,989,582,151,-286,-701,-1047,-1319,-1498,-1565,-1516,-1369,-1122,-804,-440,-33,353,715,1022,1255,1398,1452,1396,1247,1021,728,387,23,-343,-691,-971,-1183,-1318,-1364,-1333,-1202,-993,-711,-380,-44,296,628,914,1133,1284,1341,425,1206,1018,750,441,90,-251,-584,-884,-1121,-1288,-1374,-1364,-1267,-1070,-816,-485,-119,241,603,924,1194,1373,1459,1439,1330,1122,815,455,64,-328,-707,-1038,-1282,-1437,-1487,-1432,-1278,-1036,-714,-340,54,440,784,1071,1283,1400,1418,1320,1135,873,557,214,-148,-499,-788,-1030,-1194,-1259,-1245,-1136,-953,-711,-423,-109,189,478,720,909,1032,1077,1042,946,782,565,318,64,-192,-429,-629,-776,-867,-897,-856,-769,-625,-443,-239,-24,194,391,550,669,736,752,709,623,494,334,152,-36,-211,-368,-493,-587,-623,-617,-571,-486,-365,-227,-64,95,244,367,460,523,541,521,459,368,243,114,-29,-171,-288,1006,953
10827,mtk,MTK 7916,4083264903,rx1-tx1,512,0,0,0,-54,268,523,627,557,326,6,-311,-551,-637,-532,-285,36,359,576,623,508,250,-87,-392,-581,-597,-456,-192,125,403,555,546,383,109,-205,-448,-548,-496,-302,-20,272,481,544,438,205,-92,-361,-517,-526,-380,-110,204,450,558,510,313,6,-318,-554,-635,-525,-248,114,447,656,687,527,208,-183,-530,-738,-749,-536,-167,252,612,806,774,534,134,-308,-675,-853,-798,-530,-99,369,722,883,815,517,71,-399,-761,-912,-813,-495,-48,421,775,922,815,487,34,-424,-769,-906,-788,-460,-20,425,750,858,733,421,2,-418,-713,-807,-684,-374,30,416,685,758,614,301,-85,-434,0,-694,-533,-221,144,456,636,632,447,134,-214,-500,-636,-600,-393,-65,287,558,676,597,344,-4,-354,-617,-709,-610,-337,38,407,669,753,628,342,-32,-407,-675,-770,-660,-371,-6,362,649,750,644,388,36,-316,-577,-677,-588,-347,-33,280,505,582,497,280,-7,-272,-442,-485,-394,-187,65,279,398,400,280,78,-140,-319,-407,-369,-216,4,231,395,435,367,193,-42,-275,-438,-480,-387,-196,43,272,433,480,403,225,-11,-247,-408,-463,-401,-230,-2,218,365,414,364,220,20,-184,-332,-393,-357,-223,-30,158,297,369,360,267,111,-66,-221,-325,-363,-326,-233,-106,23,127,0,0,0,0,0,-165,-250,-302,-307,-244,-116,45,214,361,447,432,319,127,-103,-324,-480,-531,-456,-263,2,276,498,602,559,375,86,-243,-516,-671,-660,-474,-160,204,539,753,770,582,245,-170,-560,-811,-864,-699,-343,113,553,862,952,797,438,-48,-530,-880,-1012,-878,-522,-28,479,865,1026,915,560,55,-458,-842,-1009,-905,-556,-67,451,852,1021,906,543,46,-468,-870,-1032,-908,-543,-31,485,869,1022,902,533,19,-499,-874,-1021,-894,-520,-5,509,882,1005,855,481,-33,-538,-890,-997,-827,-433,75,567,900,971,786,382,-137,-615,-922,-981,-760,-328,195,665,964,995,745,291,-240,-715,-1002,0,-735,-261,293,779,1053,1033,733,222,-343,-821,-1081,-1045,-725,-204,376,856,1103,1051,710,181,-406,-880,-1113,-1051,-700,-153,432,891,1110,1029,662,111,-458,-903,-1099,-992,-610,-67,482,898,1065,938,550,11,-527,-919,-1044,-876,-481,39,542,898,997,804,391,-119,-591,-896,-945,-723,-299,198,631,879,876,637,219,-264,-662,-857,-815,-554,-128,331,682,838,755,466,47,-389,-702,-810,-692,-384,32,423,687,758,625,313,-93,-464,-693,-717,-540,-222,150,475,662,652,450,130,-221,-506,-641,-591,-374,-46,291,537,626,534,288,-36,-340,-556,-614,-486,-218,114,409,575,580,424,133,0,0,0,0,0,-608,-557,-343,-26,299,547,643,549,302,-24,-346,-568,-636,-530,-275,52,363,564,614,483,213,-109,-394,-568,-581,-422,-144,168,426,567,536,352,68,-232,-464,-550,-473,-262,27,311,501,533,398,143,-154,-414,-552,-520,-332,-43,266,503,603,522,280,-53,-381,-602,-659,-528,-232,149,489,694,710,523,184,-217,-574,-773,-756,-526,-153,280,652,833,782,521,114,-335,-696,-874,-814,-518,-79,379,746,909,822,505,45,-421,-777,-924,-824,-502,-31,433,776,914,807,483,36,-416,-752,-884,-774,-446,-9,420,734,840,714,401,-18,-423,-694,-776,-645,-336,57,425,667,719,564,0,-111,-444,-650,-670,-494,-177,185,484,641,618,422,105,-246,-535,-668,-599,-358,-23,321,590,695,598,331,-27,-386,-648,-743,-634,-343,39,407,675,763,648,364,-17,-393,-662,-757,-649,-368,1,354,611,715,628,371,28,-301,-550,-631,-538,-314,-17,271,474,536,446,233,-32,-276,-422,-437,-327,-132,103,296,394,378,245,27,-202,-366,-421,-355,-193,33,261,422,465,376,193,-50,-288,-450,-487,-395,-204,42,269,422,469,394,216,-11,-228,-382,-437,-380,-226,-14,197,353,408,356,213,23,-165,-311,-381,-357,-243,-69,111,267,364,375,301,170,11,-141,-254,-307,-299,-244,0,0,0,0,0,182,116,11,-123,-252,-350,-389,-347,-224,-45,164,354,472,486,392,202,-49,-295,-485,-567,-504,-320,-48,254,510,636,611,434,131,-217,-524,-706,-716,-540,-206,203,558,779,818,647,298,-139,-548,-833,-914,-756,-396,76,540,870,983,840,476,-11,-507,-872,-1006,-890,-540,-45,465,854,1019,912,560,60,-455,-851,-1019,-907,-554,-50,468,857,1015,900,544,38,-474,-861,-1027,-915,-542,-26,489,873,1026,896,524,15,-502,-878,-1009,-868,-493,21,531,887,989,830,446,-63,-546,-882,-979,-801,-396,116,602,919,977,770,350,-163,-642,-949,-983,-749,-316,219,699,986,999,740,277,0,-749,-1024,-1024,-738,-246,318,801,1063,1037,732,227,-346,-827,-1087,-1050,-722,-196,389,873,1118,1052,703,161,-420,-885,-1109,-1039,-689,-136,446,893,1099,1013,631,85,-472,-896,-1079,-961,-584,-45,509,905,1048,911,514,-20,-549,-912,-1015,-846,-436,92,576,899,965,768,354,-159,-613,-886,-908,-678,-264,219,640,868,834,575,160,-302,-672,-848,-787,-508,-84,356,689,827,737,432,6,-411,-700,-798,-667,-344,61,434,682,741,593,273,-119,-467,-672,-686,-502,-172,199,500,657,630,417,85,-260,-529,-636,-558,-322,0,317,542,611,500,245,-76,-378,-573,-599,-453,-179,149,436,594,0,0
10828,mtk,MTK 7916,4083264903,rx2-tx0,512,0,0,0,-249,-403,-447,-356,-158,84,310,451,467,342,116,-143,-369,-498,-477,-315,-65,206,426,522,466,279,7,-276,-486,-551,-453,-227,68,349,534,568,439,179,-137,-413,-574,-574,-407,-122,205,474,610,567,353,33,-294,-546,-645,-548,-285,66,405,639,696,548,235,-154,-513,-730,-736,-529,-175,239,600,796,768,516,112,-335,-700,-877,-809,-519,-75,401,773,934,836,501,25,-466,-831,-974,-850,-487,10,504,868,991,836,453,-58,-553,-898,-1005,-838,-438,86,582,915,1000,809,402,-112,-592,-907,-965,-762,-352,144,599,888,927,707,297,-189,-617,-876,-891,-650,-230,243,642,861,0,574,154,-306,-673,-851,-789,-502,-69,381,722,861,762,447,-3,-455,-780,-890,-749,-404,55,512,832,921,752,367,-117,-574,-877,-943,-749,-345,157,616,914,959,742,323,-190,-654,-942,-976,-741,-302,220,679,965,986,732,289,-238,-703,-979,-989,-733,-276,258,719,986,985,724,267,-263,-731,-999,-996,-730,-280,244,701,975,980,729,300,-204,-648,-914,-936,-719,-321,158,583,846,882,687,318,-119,-518,-775,-824,-660,-328,84,456,702,761,623,331,-36,-382,-626,-705,-602,-351,-19,312,560,663,599,398,106,-205,-456,-599,-607,-480,-261,1,252,435,524,511,406,244,69,-93,0,0,0,0,0,224,390,506,541,475,302,45,-239,-495,-663,-696,-576,-323,18,372,648,780,730,491,119,-292,-641,-846,-844,-629,-247,218,643,918,965,761,355,-158,-651,-995,-1083,-894,-476,90,646,1050,1198,1029,591,-11,-628,-1094,-1291,-1150,-704,-76,583,1107,1356,1256,821,170,-523,-1089,-1384,-1317,-905,-251,468,1059,1376,1337,948,311,-412,-1017,-1353,-1331,-964,-355,350,960,1310,1307,958,364,-318,-909,-1245,-1248,-919,-345,303,862,1191,1192,872,326,-305,-838,-1132,-1121,-816,-288,310,816,1090,1062,753,245,-323,-793,-1037,-996,-686,-196,337,776,994,938,622,142,-362,-764,-954,-874,-554,-91,392,762,0,807,482,28,-431,-765,-883,-751,-414,36,470,762,842,694,353,-88,-498,-762,-810,-633,-284,143,521,752,766,567,217,-189,-538,-730,-715,-498,-137,253,562,709,659,420,63,-302,-577,-684,-591,-331,15,349,580,646,525,255,-88,-397,-585,-606,-454,-164,163,433,580,557,371,87,-218,-464,-571,-504,-296,-8,277,477,537,439,215,-67,-330,-493,-509,-379,-141,137,369,491,472,311,58,-203,-399,-484,-425,-243,6,256,437,478,378,174,-76,-299,-436,-442,-317,-105,137,340,443,411,263,42,-191,-370,-435,-374,-204,25,245,392,421,327,135,-94,-297,-410,-400,-280,-72,160,0,0,0,0,0,373,191,-48,-275,-430,-461,-355,-144,111,339,469,462,325,92,-178,-398,-508,-468,-290,-27,251,464,544,468,261,-25,-312,-508,-561,-450,-208,94,372,547,568,418,145,-169,-446,-595,-567,-379,-78,257,523,639,571,332,-7,-350,-591,-666,-547,-265,101,449,674,707,532,196,-206,-564,-768,-755,-526,-138,300,660,842,796,522,94,-366,-731,-901,-822,-510,-46,427,796,957,844,490,0,-493,-853,-988,-854,-477,32,535,891,997,842,455,-65,-559,-899,-999,-825,-424,92,584,910,982,787,375,-133,-599,-898,-954,-744,-340,154,605,883,905,682,274,-205,-624,-862,-854,-608,-194,0,666,861,815,539,114,-342,-701,-860,-775,-472,-41,405,746,874,755,422,-30,-476,-795,-900,-749,-380,95,545,854,931,744,349,-144,-602,-899,-956,-751,-333,169,627,922,968,748,320,-201,-670,-951,-975,-740,-297,228,696,967,976,724,273,-252,-716,-991,-1000,-734,-269,265,729,994,995,738,281,-257,-716,-984,-991,-731,-279,232,677,940,962,729,309,-185,-621,-889,-927,-713,-321,136,551,817,860,677,324,-102,-485,-738,-795,-638,-323,65,430,671,732,609,335,-14,-354,-598,-689,-599,-364,-54,263,515,643,611,439,181,-113,-378,-547,-590,-515,-351,-131,94,277,389,421,376,0,0,0,0,0,-373,-274,-110,108,340,531,635,613,457,194,-126,-439,-665,-745,-659,-412,-55,324,641,814,785,558,186,-246,-637,-874,-897,-693,-301,188,647,948,1017,825,409,-129,-653,-1021,-1139,-968,-536,57,649,1080,1239,1090,657,39,-600,-1099,-1323,-1201,-763,-126,555,1105,1371,1285,857,199,-509,-1085,-1390,-1334,-926,-280,440,1047,1374,1347,965,334,-380,-988,-1329,-1322,-969,-362,328,930,1278,1280,939,353,-315,-886,-1214,-1219,-893,-338,298,851,1161,1155,843,303,-310,-821,-1107,-1095,-787,-271,316,804,1065,1033,726,227,-328,-783,-1013,-969,-661,-181,343,768,970,900,593,124,-375,-759,-926,-834,-514,0,416,766,899,778,445,-2,-449,-767,-868,-727,-383,59,479,764,832,663,313,-118,-509,-753,-790,-607,-252,162,529,739,739,535,181,-223,-557,-724,-683,-455,-105,268,561,694,624,373,21,-328,-580,-665,-562,-297,51,375,587,630,488,209,-122,-414,-585,-582,-413,-130,189,450,573,530,339,50,-253,-474,-553,-472,-252,34,305,484,523,409,175,-107,-348,-488,-491,-342,-95,174,392,493,449,277,24,-233,-416,-475,-398,-206,45,284,431,455,348,139,-110,-323,-442,-434,-295,-75,162,352,439,392,234,7,-225,-381,-424,-346,-172,59,274,405,415,300,104,-124,-323,-421,-393,0,0
10829,mtk,MTK 7916,4083264903,rx2-tx1,512,0,0,0,101,82,41,-9,-58,-90,-92,-72,-26,39,88,110,105,66,3,-58,-105,-131,-118,-68,0,62,116,137,120,78,20,-43,-96,-125,-117,-79,-34,16,65,98,103,88,58,20,-20,-58,-78,-82,-73,-58,-34,-7,22,52,80,93,95,81,45,-20,-88,-130,-153,-147,-99,-25,64,147,196,204,160,69,-49,-162,-249,-273,-227,-122,24,171,281,317,277,168,5,-169,-306,-370,-331,-195,-12,170,319,389,360,234,35,-174,-332,-410,-389,-255,-46,172,345,425,395,261,52,-173,-350,-428,-398,-260,-43,180,353,427,382,237,18,-204,-370,-441,-382,-213,8,232,396,0,376,199,-34,-265,-437,-488,-387,-181,73,320,483,515,400,174,-102,-367,-535,-551,-431,-191,119,402,580,609,467,191,-134,-432,-618,-641,-487,-206,141,463,653,677,519,211,-163,-506,-715,-731,-548,-214,180,543,760,781,598,244,-177,-560,-811,-851,-663,-304,139,569,845,898,725,362,-103,-541,-841,-925,-778,-434,25,481,808,925,809,496,55,-397,-741,-893,-820,-543,-123,318,662,836,799,557,175,-245,-594,-774,-761,-570,-236,165,510,718,751,592,291,-72,-411,-646,-713,-612,-374,-52,281,532,654,636,470,201,-98,-372,-560,-620,-554,-387,-158,84,287,411,453,419,321,0,0,0,0,0,216,254,250,197,95,-36,-174,-288,-355,-355,-285,-145,40,218,348,413,385,261,72,-142,-331,-446,-458,-361,-158,89,319,480,527,443,241,-32,-313,-523,-603,-535,-330,-30,295,563,697,661,451,115,-262,-585,-775,-779,-585,-235,181,569,824,885,733,380,-71,-507,-832,-955,-841,-510,-41,437,808,984,911,606,148,-347,-753,-971,-945,-684,-250,248,682,935,946,717,312,-174,-610,-889,-932,-735,-353,114,546,827,899,737,375,-86,-510,-790,-867,-716,-372,64,482,766,845,696,366,-62,-469,-739,-820,-688,-367,50,451,723,803,672,354,-51,-437,-711,-791,-660,-355,51,441,0,779,646,345,-58,-446,-705,-773,-635,-332,63,440,694,757,622,316,-79,-448,-693,-752,-606,-301,88,466,711,759,602,285,-105,-472,-717,-764,-602,-280,120,486,718,751,595,278,-119,-482,-713,-748,-590,-277,112,473,705,738,580,276,-102,-453,-678,-715,-557,-260,99,430,643,673,523,241,-96,-401,-600,-630,-480,-217,95,384,560,580,449,203,-94,-355,-514,-537,-412,-182,86,328,474,491,378,162,-84,-294,-419,-428,-327,-147,65,258,366,374,288,122,-65,-217,-305,-312,-235,-101,53,180,250,256,191,77,-47,-143,-199,-196,-131,-41,50,121,151,138,87,13,-58,-107,0,0,0,0,0,-16,37,80,95,77,29,-28,-76,-106,-103,-61,-7,51,101,120,103,60,-1,-66,-117,-135,-122,-73,-8,57,109,130,118,83,29,-31,-84,-115,-119,-94,-53,-4,44,77,86,79,62,45,12,-26,-51,-61,-69,-73,-63,-38,-7,35,80,113,125,106,63,5,-69,-140,-180,-182,-141,-55,52,160,226,237,197,98,-37,-167,-261,-292,-249,-140,16,169,284,342,304,175,2,-175,-316,-382,-347,-221,-30,172,330,407,380,249,45,-169,-339,-426,-393,-257,-60,160,341,427,389,253,49,-171,-346,-434,-401,-253,-40,190,363,433,388,233,10,-215,-384,-445,-381,-213,0,259,415,460,384,192,-65,-305,-466,-503,-399,-183,87,347,513,540,421,183,-106,-374,-554,-580,-444,-181,136,417,595,618,473,196,-144,-452,-650,-664,-500,-209,143,473,684,709,540,217,-171,-509,-723,-748,-565,-231,178,555,791,808,620,270,-170,-573,-827,-876,-702,-333,133,563,850,928,762,398,-57,-508,-819,-924,-796,-467,-16,433,769,911,819,514,83,-361,-712,-877,-812,-547,-147,283,629,812,789,569,210,-198,-538,-747,-761,-584,-268,111,458,676,725,596,329,-15,-350,-599,-699,-628,-412,-113,208,473,626,639,518,293,20,-245,-450,-551,-548,-449,-282,-93,85,224,0,0,0,0,0,-73,21,123,220,299,327,296,201,55,-106,-257,-367,-399,-344,-210,-24,177,348,436,427,313,118,-120,-331,-465,-485,-393,-200,61,316,497,562,484,280,-3,-302,-548,-661,-603,-388,-68,292,582,737,721,525,181,-223,-577,-802,-832,-643,-299,126,546,841,921,779,445,-14,-486,-829,-964,-866,-557,-102,390,784,980,933,651,196,-301,-718,-957,-951,-706,-286,200,636,911,941,730,339,-143,-582,-858,-911,-728,-363,94,525,810,879,720,373,-76,-491,-772,-856,-709,-369,65,479,761,829,683,368,-47,-447,-730,-816,-677,-367,47,452,719,794,664,357,-44,-439,-707,-780,-651,0,64,439,701,772,639,338,-56,-437,-697,-766,-630,-327,67,445,697,758,618,315,-81,-457,-702,-756,-609,-291,106,469,707,761,607,282,-118,-486,-717,-761,-599,-279,118,483,718,760,596,272,-120,-477,-712,-749,-584,-279,101,461,689,728,572,270,-101,-442,-654,-698,-553,-257,105,428,626,651,510,234,-103,-400,-577,-597,-463,-208,95,370,537,557,433,191,-96,-341,-491,-510,-390,-172,83,309,444,456,344,149,-74,-274,-398,-405,-305,-132,67,235,334,340,254,108,-54,-193,-277,-276,-209,-90,47,163,224,219,158,58,-52,-142,-178,-164,-113,-26,62,112,127,112,70,0,0
10830,mtk,MTK 7916,4083320901,rx0-tx0,512,557,-532,-623,539,402,247,80,-89,-242,-388,-512,-617,-687,-711,-693,-633,-538,-405,-240,-50,152,355,538,690,801,863,860,800,665,471,246,-1,-259,-502,-712,-868,-969,-989,-932,-795,-601,-366,-97,183,436,660,818,923,951,904,793,627,415,193,-45,-281,-478,-636,-749,-798,-803,-748,-635,-474,-300,-99,90,267,428,544,621,646,640,578,476,363,229,77,-65,-191,-306,-397,-455,-485,-482,-449,-402,-325,-232,-115,3,111,206,292,356,397,409,388,348,274,195,106,13,-78,-155,-205,-234,-261,-268,-255,-232,-191,-152,-114,-72,-26,16,55,92,126,161,190,206,206,210,202,179,148,-588,34,-28,-83,-151,-206,-237,-271,-272,-257,-218,-165,-94,-20,45,107,165,201,228,235,234,204,166,126,88,33,-16,-50,-85,-121,-131,-143,-135,-146,-155,-158,-146,-140,-133,-116,-92,-54,1,55,121,196,273,322,351,362,347,295,212,104,-26,-171,-307,-434,-533,-572,-577,-524,-429,-292,-111,75,264,435,559,646,679,650,569,440,272,78,-122,-312,-469,-591,-658,-664,-622,-530,-395,-227,-42,141,300,433,529,583,585,547,456,329,186,33,-124,-260,-376,-454,-495,-494,-448,-373,-272,-144,-3,131,252,351,417,441,411,352,242,116,-23,-156,-261,-322,-336,-296,-216,-107,-37,-221,587,-146,-34,140,63,-49,-173,-279,-350,-381,-357,-281,-164,-26,120,257,371,446,476,455,383,281,150,-1,-154,-303,-413,-502,-535,-519,-463,-362,-219,-64,93,250,387,485,536,547,500,418,307,168,10,-139,-274,-372,-448,-493,-490,-432,-354,-264,-150,-25,97,196,277,330,360,362,344,304,246,189,106,38,-39,-105,-159,-212,-242,-275,-277,-268,-252,-210,-159,-105,-34,24,83,145,196,238,263,278,282,261,218,174,117,50,-20,-96,-166,-215,-280,-307,-324,-319,-289,-248,-190,-111,-27,52,139,222,285,343,372,374,362,328,256,165,70,-32,-140,-248,-334,-398,-451,-467,-457,-393,-291,-207,-89,40,168,297,407,490,531,549,523,459,372,245,89,-62,-226,-379,-486,-580,-614,-609,-568,-474,-335,-195,-24,137,288,415,508,572,591,572,525,437,324,199,68,-74,-210,-316,-419,-499,-556,-583,-570,-534,-455,-353,-238,-91,73,231,388,522,626,706,735,719,647,527,369,174,-38,-254,-471,-662,-802,-892,-917,-884,-782,-609,-402,-154,119,393,635,839,975,1038,1034,938,783,573,315,25,-274,-550,-784,-954,-1065,-1086,-1033,-892,-680,-433,-152,144,431,662,854,978,1022,996,891,721,516,270,12,-244,-466,-657,-788,-869,-874,-822,-721,-584,-395,-190,24,221,389,541,-300,-286,525,-289,-97,-460,-570,-652,-688,-684,-639,-564,-460,-328,-169,10,191,361,511,634,724,774,773,719,614,461,267,47,-181,-406,-622,-788,-895,-950,-929,-828,-657,-443,-188,82,355,601,793,927,989,964,874,719,513,275,11,-241,-469,-665,-796,-869,-885,-827,-709,-552,-357,-143,70,283,467,601,685,729,714,663,557,415,254,88,-80,-247,-374,-467,-533,-563,-548,-511,-441,-340,-219,-98,30,141,253,340,403,436,438,414,371,306,217,122,18,-78,-173,-252,-300,-332,-339,-327,-281,-220,-165,-99,-29,32,87,133,163,184,199,201,194,186,169,152,127,95,45,-4,-42,-92,-139,-187,321,-253,-250,-236,-217,-162,-114,-48,31,103,164,213,247,261,255,234,193,143,91,29,-40,-102,-138,-160,-179,-192,-181,-162,-157,-124,-93,-62,-36,-20,5,32,57,75,116,150,185,219,236,242,237,218,169,94,14,-91,-199,-305,-390,-453,-483,-474,-424,-339,-195,-35,131,297,439,562,630,645,610,508,365,194,-1,-193,-373,-519,-628,-675,-671,-603,-486,-332,-148,40,224,389,517,601,637,616,541,431,285,120,-51,-212,-355,-457,-515,-541,-519,-455,-358,-230,-94,50,181,297,387,450,458,436,375,281,160,17,-112,-237,-338,-390,-402,-354,-266,-148,-19,100,189,242,-553,-525,-258,271,313,-205,-269,-298,-275,-202,-96,38,177,299,385,426,424,374,273,145,-5,-159,-295,-400,-475,-502,-492,-427,-322,-188,-22,133,277,406,495,533,536,492,400,268,117,-45,-201,-333,-440,-509,-526,-504,-441,-351,-231,-90,66,196,287,363,417,432,416,364,294,200,106,12,-79,-162,-220,-272,-303,-311,-309,-275,-240,-184,-132,-70,-3,55,119,181,220,252,268,267,263,238,193,147,87,28,-44,-117,-177,-219,-266,-290,-297,-290,-251,-216,-152,-72,-1,80,154,215,274,312,336,342,330,284,226,155,58,-35,-133,-227,-315,-373,-409,-422,-406,-362,-288,-202,-87,29,152,277,374,437,487,496,483,433,348,232,99,-39,-198,-333,-446,-538,-584,-589,-564,-469,-359,-224,-58,103,265,419,519,587,616,597,540,440,314,173,22,-114,-254,-380,-471,-527,-558,-560,-519,-465,-381,-270,-145,-9,127,264,394,492,575,630,637,613,557,449,309,136,-45,-235,-426,-587,-717,-801,-834,-813,-729,-582,-390,-172,66,306,552,751,894,985,999,935,801,607,360,94,-194,-473,-709,-904,-1035,-1090,-1055,-939,-749,-511,-233,62,345,621,836,985,1062,1057,965,810,609,345,70,-207,-465,-675,-835,-937,-964,-918,-810,-647,-442,-212,24,243,442,608,726,790,801,748,655,536,15,124
10831,mtk,MTK 7916,4083320901,rx0-tx1,512,-760,-218,107,-859,-919,-925,-865,-740,-563,-331,-77,181,447,686,871,1006,1067,1058,975,814,591,320,28,-271,-559,-813,-1010,-1137,-1187,-1152,-1029,-838,-580,-274,49,369,675,922,1112,1229,1257,1187,1032,811,527,204,-130,-456,-749,-989,-1160,-1247,-1256,-1176,-1010,-779,-490,-175,160,471,758,990,1152,1235,1226,1140,972,745,460,146,-178,-479,-745,-963,-1105,-1182,-1178,-1094,-924,-704,-433,-138,158,444,697,899,1042,1108,1091,1010,866,664,413,145,-133,-403,-634,-819,-944,-1008,-1007,-936,-815,-635,-416,-173,79,317,536,714,843,927,941,897,794,647,454,233,-4,-237,-460,-651,-806,-903,-951,-924,-838,-702,-430,-285,-33,219,469,693,858,970,1018,988,891,719,499,242,-38,-318,-581,-797,-958,-1050,-1055,-980,-849,-652,-392,-103,197,471,704,892,1008,1046,999,887,708,472,206,-75,-336,-567,-752,-881,-940,-921,-840,-701,-510,-281,-45,186,397,567,696,770,787,745,655,518,353,171,-24,-198,-361,-485,-571,-620,-622,-579,-507,-394,-267,-124,26,171,289,398,475,506,510,480,410,315,209,86,-40,-152,-256,-338,-395,-421,-416,-388,-332,-250,-155,-55,49,141,233,306,350,359,350,313,254,174,82,-10,-109,-195,-265,-305,-321,-305,-260,-192,-103,-5,88,169,227,250,238,193,125,45,-918,-761,-195,-464,-29,-198,-137,-29,92,210,308,371,389,352,278,169,40,-92,-224,-329,-406,-446,-444,-412,-345,-230,-107,26,163,282,391,472,508,511,479,396,289,160,7,-148,-290,-431,-543,-610,-624,-596,-528,-417,-262,-85,105,300,481,623,720,768,746,667,532,346,136,-92,-317,-520,-681,-792,-846,-820,-735,-588,-402,-179,62,286,493,659,766,814,804,728,595,423,219,7,-198,-380,-536,-650,-708,-719,-675,-578,-451,-294,-120,53,216,359,469,556,599,599,558,479,381,253,113,-27,-155,-278,-380,-450,-493,-509,-486,-448,-376,-285,-179,-61,59,184,292,386,457,501,515,494,448,364,230,130,-4,-145,-277,-398,-496,-552,-576,-559,-502,-405,-292,-149,13,162,308,432,523,583,597,565,506,403,266,121,-34,-181,-308,-415,-497,-538,-538,-511,-448,-358,-249,-128,-5,116,225,322,396,445,464,456,419,364,286,194,95,-2,-106,-198,-279,-346,-389,-422,-431,-410,-376,-325,-249,-160,-63,55,164,263,358,433,482,509,500,467,400,309,186,39,-103,-238,-367,-478,-556,-603,-614,-576,-506,-398,-261,-103,58,230,381,509,609,667,684,655,582,469,320,152,-21,-203,-382,-531,-645,-716,-745,-725,-652,-545,-395,-214,-17,189,383,550,684,776,818,805,738,622,463,269,-840,-923,136,1007,1021,-308,-77,165,405,625,807,937,996,997,931,780,579,336,61,-221,-498,-748,-942,-1074,-1129,-1108,-1010,-835,-594,-310,8,326,622,877,1075,1192,1224,1178,1038,824,554,243,-95,-425,-718,-968,-1147,-1248,-1260,-1185,-1025,-795,-507,-186,144,470,757,995,1160,1245,1243,1154,993,754,474,151,-169,-484,-756,-980,-1135,-1212,-1205,-1110,-950,-721,-448,-151,162,467,727,931,1081,1147,1140,1053,893,680,424,137,-150,-417,-661,-861,-996,-1060,-1057,-975,-832,-642,-413,-159,106,358,581,769,893,965,968,912,797,629,429,203,-37,-275,-490,-673,-813,-902,-932,-907,-820,-682,-489,-268,-26,226,452,652,-1099,931,971,953,873,723,515,277,9,-262,-514,-740,-905,-1008,-1041,-1000,-881,-692,-456,-181,117,395,636,846,988,1056,1042,945,783,566,297,9,-274,-527,-746,-902,-988,-997,-925,-792,-603,-374,-116,141,378,587,746,840,867,834,740,597,415,214,1,-202,-385,-536,-636,-694,-697,-653,-569,-446,-304,-146,21,180,322,439,514,558,567,526,457,367,238,103,-30,-166,-278,-369,-427,-466,-459,-428,-374,-290,-187,-75,37,142,237,309,356,383,376,348,298,221,123,23,-73,-165,-241,-299,-329,-334,-311,-266,-199,-111,-18,81,166,236,280,291,269,220,144,55,-38,-115,-165,-183,416,685,364,-822,-950,170,257,314,319,278,193,78,-59,-190,-300,-383,-418,-419,-376,-291,-183,-48,82,206,326,416,461,484,458,399,310,189,51,-82,-228,-359,-457,-537,-575,-563,-514,-425,-289,-125,45,214,377,523,630,684,691,647,547,396,217,8,-208,-405,-586,-714,-790,-808,-762,-653,-484,-283,-47,193,415,603,741,832,845,788,677,504,304,82,-144,-361,-542,-679,-759,-778,-739,-651,-517,-348,-159,30,222,385,517,614,660,657,613,521,403,265,105,-46,-196,-320,-428,-503,-540,-536,-510,-453,-367,-257,-145,-20,100,213,324,403,462,493,500,473,406,324,219,102,-29,-153,-272,-379,-198,-522,-542,-527,-476,-400,-284,-146,1,152,298,418,507,577,593,570,512,408,280,134,-27,-177,-315,-439,-522,-569,-579,-539,-468,-375,-253,-115,25,156,280,376,450,490,504,477,426,357,266,158,44,-70,-173,-264,-339,-392,-423,-434,-422,-382,-330,-251,-170,-78,23,122,211,299,371,419,453,463,434,392,323,228,123,3,-123,-247,-359,-453,-528,-565,-562,-532,-464,-356,-225,-81,78,231,373,492,589,637,654,623,544,434,292,126,-45,-219,-378,-522,-630,-692,-713,-691,-621,-502,-354,-181,3,198,377,531,660,743,780,767,696,578,425,240,39,-176,-381,-564,-709,-808,379,-52
10832,mtk,MTK 7916,4083320901,rx1-tx0,512,-144,-363,-1022,282,151,10,-137,-277,-378,-464,-501,-501,-455,-372,-256,-113,34,187,327,437,510,541,528,465,370,239,77,-84,-247,-386,-499,-570,-593,-575,-511,-392,-245,-83,91,271,431,554,635,678,662,587,475,309,127,-70,-274,-457,-614,-724,-776,-776,-707,-585,-418,-218,14,247,462,660,803,894,912,860,733,552,323,62,-206,-463,-691,-865,-981,-1022,-972,-847,-661,-416,-140,154,433,681,878,991,1030,1002,885,709,484,228,-55,-319,-560,-757,-888,-954,-964,-894,-764,-588,-371,-134,109,341,554,721,838,899,901,844,734,575,372,147,-94,-325,-536,-717,-851,-927,-947,-903,-788,-615,231,-165,97,364,607,821,978,1065,1083,1015,878,666,404,95,-219,-522,-799,-1019,-1168,-1226,-1195,-1076,-875,-602,-272,76,419,745,1023,1213,1326,1334,1240,1047,778,445,76,-315,-677,-984,-1216,-1372,-1424,-1362,-1202,-946,-610,-240,161,549,903,1193,1388,1486,1474,1345,1115,789,403,-16,-438,-835,-1173,-1425,-1552,-1564,-1443,-1204,-887,-474,-21,425,849,1193,1435,1571,1560,1416,1158,809,376,-66,-484,-865,-1157,-1350,-1426,-1368,-1205,-950,-610,-239,138,506,798,1025,1153,1189,1114,941,707,421,104,-215,-502,-739,-903,-982,-968,-865,-686,-443,-163,140,411,630,777,823,764,617,393,128,-132,-343,-471,-499,1416,1033,-417,-636,-872,-474,-397,-217,25,287,529,702,786,768,652,446,186,-97,-373,-619,-801,-911,-925,-850,-699,-477,-209,87,379,639,847,989,1053,1024,906,709,444,128,-192,-506,-796,-1025,-1184,-1234,-1188,-1036,-815,-515,-151,226,599,935,1204,1363,1434,1392,1216,943,585,165,-264,-689,-1063,-1358,-1553,-1613,-1545,-1349,-1030,-627,-175,296,749,1129,1433,1635,1681,1600,1385,1068,642,186,-280,-728,-1108,-1403,-1585,-1635,-1560,-1364,-1064,-688,-259,184,600,968,1254,1433,1519,1487,1339,1102,775,402,7,-389,-746,-1050,-1266,-1388,-1414,-1331,-1162,-906,-583,-226,154,516,836,1095,1272,1359,1338,1229,1031,763,445,90,-278,-618,-49,-1136,-1292,-1350,-1311,-1189,-974,-683,-343,25,397,732,1023,1253,1385,1406,1336,1176,914,576,198,-196,-585,-937,-1217,-1404,-1495,-1459,-1314,-1074,-736,-344,77,482,854,1160,1377,1480,1479,1352,1131,830,452,45,-363,-724,-1031,-1264,-1386,-1407,-1313,-1128,-858,-525,-152,217,563,860,1084,1221,1262,1198,1052,821,560,247,-74,-375,-644,-862,-1001,-1066,-1051,-956,-795,-587,-334,-63,205,450,650,794,883,896,843,734,574,375,148,-86,-302,-491,-632,-723,-762,-735,-649,-528,-369,-185,8,193,359,498,588,632,631,574,479,344,186,21,-147,-298,-421,-505,-548,-552,-509,-424,-307,-164,-19,122,259,367,574,169,-95,1498,1162,-410,-475,-499,-484,-415,-319,-200,-58,86,231,355,455,507,519,489,417,307,171,18,-143,-290,-412,-513,-562,-565,-522,-431,-308,-153,10,178,341,476,571,624,634,590,488,351,188,7,-193,-365,-524,-642,-707,-729,-689,-594,-455,-269,-66,154,368,551,700,806,851,819,731,580,383,152,-98,-349,-575,-762,-894,-960,-954,-875,-718,-504,-244,40,328,576,796,950,1027,1028,944,796,571,304,32,-251,-517,-733,-894,-987,-1006,-944,-822,-639,-412,-162,97,351,565,742,859,921,919,857,733,560,356,130,-107,-338,-539,-707,-826,-896,-906,-857,-751,-595,-398,-170,73,325,559,746,-568,987,1010,957,837,660,424,154,-138,-428,-689,-912,-1070,-1150,-1140,-1056,-888,-647,-351,-18,315,632,902,1121,1253,1290,1229,1085,836,533,180,-193,-556,-877,-1137,-1308,-1388,-1358,-1221,-996,-702,-346,48,437,789,1097,1314,1435,1453,1355,1158,867,513,126,-286,-675,-1026,-1297,-1471,-1530,-1475,-1303,-1029,-664,-245,198,637,1009,1308,1521,1588,1531,1350,1044,670,229,-231,-665,-1031,-1323,-1489,-1509,-1415,-1205,-893,-517,-101,307,673,980,1199,1294,1295,1175,953,675,345,-2,-349,-638,-865,-1014,-1082,-1047,-921,-715,-451,-155,144,426,656,822,904,890,776,591,340,51,-226,-462,-626,-691,-649,-510,-306,-87,482,1106,247,675,307,196,408,581,661,640,512,298,31,-248,-512,-720,-842,-870,-805,-651,-428,-162,130,403,647,842,957,994,931,786,570,302,5,-308,-595,-844,-1031,-1128,-1132,-1056,-878,-628,-312,39,393,729,998,1215,1323,1325,1223,1016,719,358,-30,-450,-832,-1150,-1391,-1513,-1516,-1398,-1159,-831,-410,45,503,926,1277,1516,1640,1639,1502,1226,868,417,-57,-529,-956,-1319,-1568,-1670,-1651,-1499,-1233,-876,-444,12,461,870,1207,1447,1571,1569,1452,1229,907,529,121,-300,-689,-1015,-1269,-1412,-1469,-1407,-1240,-986,-662,-303,79,454,790,1075,1266,1369,1378,1281,1096,829,508,147,-221,-565,-879,-1115,-1280,-1356,-1326,-1189,425,-722,-392,-27,327,661,955,1185,1327,1377,1323,1168,946,639,279,-101,-473,-824,-1121,-1331,-1439,-1451,-1355,-1143,-843,-482,-78,337,721,1059,1316,1470,1508,1430,1245,963,603,203,-215,-616,-958,-1236,-1412,-1474,-1414,-1250,-1006,-674,-296,98,477,805,1074,1259,1345,1317,1194,980,698,377,27,-313,-624,-870,-1048,-1155,-1156,-1077,-921,-699,-432,-144,148,423,652,827,942,981,947,839,670,465,230,-19,-256,-470,-645,-763,-824,-813,-750,-628,-463,-269,-65,146,331,486,610,677,692,652,566,438,272,99,-83,-252,-393,-505,-566,-588,-566,-500,-390,-251,-101,57,209,336,434,496,514,499,440,344,761,935
10833,mtk,MTK 7916,4083320901,rx1-tx1,512,0,0,0,555,618,505,255,-57,-356,-561,-619,-511,-257,60,359,565,616,501,240,-83,-366,-550,-597,-479,-233,74,353,525,553,433,185,-116,-367,-513,-515,-371,-120,158,383,503,478,315,58,-219,-427,-511,-451,-259,15,296,487,540,434,199,-102,-377,-565,-587,-438,-166,162,455,631,639,456,133,-241,-548,-717,-697,-494,-140,260,597,780,755,523,150,-264,-623,-819,-790,-558,-180,261,647,858,832,590,192,-262,-651,-877,-873,-642,-249,218,636,886,899,679,287,-176,-596,-851,-886,-686,-318,122,532,803,857,679,332,-85,-476,-742,-799,-647,-337,64,438,685,744,601,306,-64,-408,0,-678,-548,-273,77,401,610,648,505,225,-117,-424,-613,-634,-483,-190,154,455,640,656,488,184,-172,-497,-688,-690,-518,-205,166,493,699,739,576,261,-118,-462,-698,-758,-619,-326,37,387,638,725,625,375,40,-293,-545,-655,-588,-374,-79,215,438,541,500,330,81,-176,-367,-436,-385,-237,-25,190,337,376,302,147,-52,-235,-351,-370,-277,-94,121,303,408,405,289,91,-125,-317,-432,-436,-330,-138,95,304,435,450,358,182,-38,-245,-387,-431,-367,-212,-13,180,326,391,351,226,56,-130,-285,-362,-356,-258,-98,76,231,329,356,308,200,57,-93,-218,-291,-305,-269,-197,0,0,0,0,0,242,255,231,159,40,-116,-267,-372,-412,-374,-251,-65,151,347,474,503,417,231,-18,-270,-478,-579,-543,-374,-110,187,461,634,653,515,235,-119,-448,-682,-760,-647,-373,12,409,716,848,768,509,113,-338,-710,-915,-904,-660,-247,228,657,934,982,782,381,-117,-587,-918,-1013,-855,-488,8,500,865,998,883,536,40,-464,-842,-1000,-911,-583,-102,404,812,1006,940,636,165,-359,-786,-1003,-956,-665,-198,316,747,980,957,688,242,-271,-716,-964,-960,-712,-274,236,682,936,942,703,278,-223,-661,-922,-943,-709,-284,222,665,931,951,716,290,-211,-660,-947,-978,-734,-302,216,684,0,997,767,334,-197,-677,-987,-1041,-814,-370,168,669,997,1067,847,397,-153,-664,-1007,-1086,-883,-448,108,638,994,1091,910,486,-67,-599,-974,-1087,-918,-501,49,575,946,1066,900,499,-17,-528,-904,-1026,-874,-491,25,519,875,999,852,476,-26,-511,-846,-954,-808,-446,37,496,813,908,761,406,-65,-507,-798,-871,-710,-351,89,499,779,838,666,316,-123,-514,-760,-805,-628,-281,125,497,740,775,592,247,-155,-505,-725,-733,-538,-214,162,491,675,680,495,175,-175,-473,-638,-623,-436,-132,201,485,624,580,384,88,-236,-491,-605,-554,-347,-39,268,498,593,522,305,-1,-305,-514,0,0,0,0,0,-262,57,356,563,625,516,264,-63,-368,-563,-617,-505,-251,70,366,561,606,484,235,-72,-362,-546,-578,-462,-219,90,366,530,540,402,158,-124,-377,-517,-505,-356,-98,179,395,500,473,294,21,-252,-450,-526,-443,-222,62,338,520,552,427,170,-143,-432,-605,-607,-442,-149,201,506,682,668,465,133,-246,-571,-744,-726,-511,-146,267,609,793,774,545,158,-272,-631,-839,-825,-584,-177,270,655,874,862,620,218,-245,-644,-882,-895,-666,-261,200,617,871,883,676,301,-151,-563,-828,-869,-691,-336,100,512,777,832,669,339,-70,-456,-714,-776,-635,-334,51,425,668,718,577,0,-73,-405,-622,-671,-531,-253,90,415,613,637,485,204,-128,-431,-622,-642,-479,-179,162,467,657,667,489,181,-177,-493,-693,-715,-545,-223,146,483,709,748,595,290,-90,-433,-667,-739,-628,-360,-11,335,593,691,617,383,65,-250,-492,-598,-553,-365,-87,190,404,498,449,284,51,-185,-345,-405,-350,-198,15,213,343,368,289,118,-86,-270,-377,-382,-274,-86,135,327,430,420,309,118,-117,-323,-441,-451,-347,-162,55,265,408,445,373,209,-10,-218,-364,-410,-358,-221,-32,156,302,375,350,232,63,-111,-253,-343,-358,-280,-145,20,181,297,344,329,256,138,8,-102,-182,0,0,0,0,0,-36,62,173,275,335,339,277,147,-25,-206,-362,-459,-454,-344,-159,67,303,477,545,483,304,42,-238,-473,-603,-587,-434,-168,158,460,663,712,578,295,-79,-439,-701,-804,-708,-432,-46,373,714,884,831,575,177,-282,-685,-921,-940,-726,-321,166,621,926,1000,824,442,-56,-546,-890,-1002,-863,-514,-28,474,851,1007,896,557,75,-429,-823,-1003,-929,-611,-128,390,808,1013,956,655,186,-335,-775,-1004,-965,-684,-225,289,726,972,962,702,261,-252,-689,-940,-949,-706,-271,229,663,925,940,697,272,-219,-660,-923,-945,-712,-285,221,667,941,963,732,305,-208,-673,-960,-985,-746,0,208,671,967,1015,787,352,-183,-677,-998,-1056,-837,-398,155,666,1006,1080,868,426,-122,-643,-1004,-1101,-911,-477,83,610,977,1090,910,498,-48,-584,-959,-1080,-912,-509,27,551,924,1040,889,501,-21,-525,-888,-1020,-866,-484,12,506,869,984,830,459,-26,-504,-834,-935,-787,-426,44,493,804,896,734,377,-73,-501,-787,-853,-679,-330,105,510,769,813,641,302,-123,-515,-760,-793,-610,-266,136,500,723,744,573,252,-142,-483,-681,-697,-517,-198,170,480,655,645,459,154,-191,-485,-643,-614,-421,-116,224,487,607,567,374,76,-244,-498,-609,-543,-320,-13,288,509,594,519,301,0,0
10834,mtk,MTK 7916,4083320901,rx2-tx0,512,0,0,0,-420,-302,-96,143,343,453,437,293,63,-184,-385,-481,-444,-286,-40,222,429,515,454,273,13,-254,-456,-536,-470,-268,14,293,498,565,473,245,-56,-339,-527,-578,-471,-222,87,375,563,591,459,194,-133,-426,-605,-616,-451,-152,193,490,658,646,449,111,-265,-565,-718,-682,-452,-81,321,640,791,733,468,66,-357,-694,-858,-786,-502,-76,382,746,914,837,532,81,-398,-779,-959,-887,-575,-107,392,789,976,908,609,145,-359,-775,-988,-936,-634,-172,340,757,973,939,653,191,-311,-723,-945,-924,-656,-214,276,690,915,894,639,217,-257,-656,-875,-857,-608,-200,258,649,859,0,578,180,-267,-643,-840,-802,-542,-137,303,658,844,804,538,129,-312,-684,-874,-823,-550,-126,337,712,903,855,570,133,-340,-729,-931,-884,-606,-163,328,733,950,914,639,198,-300,-731,-966,-943,-674,-232,274,712,967,966,711,271,-246,-700,-966,-984,-751,-321,199,669,962,1006,795,378,-134,-613,-941,-1017,-832,-441,55,530,876,1003,864,509,39,-433,-787,-936,-851,-557,-132,322,688,872,827,584,202,-222,-580,-786,-787,-589,-256,130,472,690,734,600,313,-43,-378,-608,-684,-600,-382,-73,250,502,633,620,466,212,-78,-341,-525,-597,-548,-393,-179,49,254,390,440,415,335,0,0,0,0,0,-413,-471,-452,-342,-150,99,353,556,658,637,484,211,-122,-441,-672,-761,-678,-435,-79,308,637,827,822,614,250,-185,-593,-870,-942,-784,-419,62,548,919,1064,946,594,81,-471,-924,-1158,-1102,-781,-260,355,895,1217,1242,956,422,-219,-816,-1232,-1346,-1117,-615,50,712,1198,1385,1223,758,102,-593,-1135,-1383,-1290,-880,-245,452,1029,1346,1325,967,365,-319,-915,-1273,-1304,-1009,-460,205,812,1199,1267,1009,497,-127,-710,-1112,-1219,-1007,-542,57,632,1028,1156,984,557,-11,-565,-958,-1100,-963,-573,-38,499,897,1050,923,559,57,-457,-843,-998,-883,-540,-68,422,799,950,846,525,67,-401,0,-907,-814,-511,-70,384,725,872,785,489,68,-373,-705,-843,-756,-465,-54,361,676,807,719,441,46,-360,-659,-775,-682,-408,-29,353,634,734,638,371,0,-361,-617,-703,-597,-326,29,368,599,661,544,280,-63,-382,-589,-632,-499,-232,89,383,570,595,453,187,-126,-397,-557,-555,-399,-139,155,403,536,514,344,84,-196,-413,-515,-478,-309,-48,226,422,499,434,248,-5,-256,-427,-480,-400,-204,47,283,435,464,360,159,-85,-306,-438,-444,-329,-118,116,316,428,417,284,76,-152,-337,-431,-399,-256,-40,184,357,425,372,220,0,-219,-373,-422,-348,-169,51,257,391,411,0,0,0,0,0,-130,-327,-444,-435,-300,-77,165,365,469,443,295,56,-207,-407,-499,-450,-271,-21,239,439,521,464,273,3,-272,-476,-552,-470,-255,31,311,511,571,468,236,-64,-351,-540,-584,-465,-214,103,399,585,602,451,172,-161,-457,-631,-627,-448,-137,228,531,687,661,446,97,-287,-601,-757,-706,-454,-73,343,679,830,757,480,70,-368,-723,-887,-815,-521,-78,394,766,939,868,563,98,-396,-785,-971,-899,-590,-124,380,784,982,928,625,154,-354,-771,-985,-937,-643,-183,320,733,958,928,646,201,-290,-704,-932,-907,-643,-210,273,672,888,873,629,214,-257,-651,-867,-845,-595,-191,0,642,844,817,568,162,-282,-649,-841,-803,-542,-132,312,672,858,810,542,122,-331,-699,-883,-831,-560,-126,346,724,917,869,587,144,-344,-741,-943,-906,-624,-174,320,735,960,935,665,214,-294,-724,-962,-955,-699,-251,265,707,967,978,735,295,-221,-677,-957,-992,-769,-345,168,638,949,1015,813,411,-96,-579,-906,-1006,-852,-479,4,479,834,973,863,538,87,-378,-733,-902,-845,-572,-160,274,630,824,812,594,232,-175,-528,-739,-760,-594,-289,84,423,648,712,602,347,13,-314,-559,-664,-615,-425,-140,170,431,588,614,511,307,45,-213,-413,-521,-528,-443,-292,-110,56,191,0,0,0,0,0,120,-52,-244,-430,-562,-599,-526,-342,-74,229,504,684,718,595,338,-12,-369,-656,-799,-754,-524,-164,249,620,855,884,698,335,-126,-571,-893,-1004,-866,-507,-6,512,918,1112,1031,682,157,-423,-918,-1192,-1174,-861,-333,289,856,1221,1289,1035,517,-140,-769,-1218,-1365,-1173,-691,-23,661,1171,1385,1262,822,172,-521,-1086,-1371,-1311,-926,-313,375,968,1311,1316,987,417,-257,-860,-1234,-1294,-1017,-481,162,755,1151,1244,1014,525,-90,-666,-1071,-1198,-1000,-546,35,599,1000,1137,981,567,13,-533,-926,-1072,-940,-568,-47,481,869,1019,905,555,63,-439,-814,-969,-870,-543,-76,402,767,923,832,0,65,-389,-732,-880,-794,-491,-60,381,717,856,764,473,59,-362,-687,-827,-740,-454,-53,361,669,794,709,429,39,-352,-640,-749,-660,-392,-17,358,626,722,616,343,-17,-364,-613,-690,-574,-307,34,369,594,646,524,259,-78,-384,-582,-616,-479,-211,108,397,568,573,426,166,-146,-410,-550,-537,-373,-112,175,412,533,500,324,60,-210,-421,-508,-456,-275,-17,240,431,496,420,229,-23,-267,-432,-472,-386,-191,64,296,440,456,345,141,-100,-311,-434,-435,-309,-97,139,334,434,410,272,61,-168,-350,-430,-385,-235,-22,195,356,421,361,194,-25,-238,-379,-415,-334,-155,68,0,0
10835,mtk,MTK 7916,4083320901,rx2-tx1,512,0,0,0,41,-17,-66,-89,-87,-57,-7,45,84,100,86,51,-3,-63,-111,-131,-107,-58,4,71,122,138,119,74,8,-55,-100,-124,-122,-94,-41,18,66,97,107,92,58,18,-21,-52,-71,-76,-67,-56,-33,-9,19,45,66,83,84,67,47,9,-39,-92,-131,-140,-121,-74,-3,79,151,198,200,148,54,-51,-151,-231,-261,-220,-124,13,152,258,302,276,175,26,-135,-271,-346,-333,-230,-70,112,277,370,374,293,125,-83,-263,-377,-398,-321,-163,43,240,381,422,348,179,-30,-230,-375,-423,-364,-210,1,217,373,423,364,211,-3,-214,-366,-429,-372,-211,8,226,379,0,388,218,-17,-255,-415,-466,-399,-221,22,263,441,508,438,254,-4,-278,-482,-557,-493,-297,-21,266,490,595,546,342,50,-262,-520,-645,-596,-389,-80,248,526,679,652,446,120,-243,-550,-721,-705,-508,-177,211,554,762,779,591,253,-152,-533,-790,-847,-688,-354,73,486,790,898,780,474,54,-389,-743,-914,-854,-587,-180,278,667,873,870,665,300,-139,-542,-809,-861,-699,-383,26,428,713,822,732,468,86,-306,-612,-767,-738,-523,-193,177,498,696,723,576,303,-32,-362,-600,-694,-629,-425,-131,186,454,614,641,530,318,49,-214,-427,-550,-567,-479,-319,-124,61,207,307,0,0,0,0,0,-212,-184,-112,-9,118,242,330,366,335,234,78,-99,-260,-379,-414,-364,-238,-50,162,342,446,451,347,154,-76,-297,-458,-515,-452,-275,-16,260,480,584,555,390,122,-194,-477,-655,-678,-535,-253,104,452,701,793,701,428,34,-376,-705,-885,-852,-611,-220,233,640,902,944,758,398,-64,-521,-855,-983,-874,-560,-111,373,766,966,939,680,249,-239,-663,-923,-958,-758,-376,93,547,858,938,790,457,19,-427,-765,-902,-809,-511,-90,344,693,864,811,550,152,-276,-625,-814,-801,-584,-218,208,574,793,804,603,254,-153,-523,-758,-798,-633,-313,92,469,721,787,644,339,-48,0,-698,-782,-661,-373,12,398,674,772,676,407,33,-350,-642,-765,-683,-427,-65,319,623,757,688,447,85,-302,-605,-756,-706,-466,-111,271,584,752,725,507,156,-234,-562,-748,-742,-542,-207,181,519,720,730,551,236,-140,-479,-690,-721,-579,-280,92,425,643,700,580,313,-34,-371,-604,-672,-568,-322,0,311,535,621,540,321,30,-254,-477,-573,-512,-330,-65,215,431,522,487,328,88,-164,-367,-467,-447,-311,-105,114,303,404,389,281,110,-81,-246,-339,-337,-255,-111,58,198,272,277,217,101,-33,-150,-220,-224,-175,-85,22,115,170,169,129,63,-24,-96,-133,-127,-86,0,0,0,0,0,92,92,67,20,-33,-74,-96,-91,-60,-1,55,96,117,101,52,-8,-69,-114,-132,-114,-68,-5,66,115,131,117,77,24,-36,-88,-114,-116,-96,-53,1,47,82,93,86,67,33,2,-24,-46,-63,-72,-67,-57,-40,-13,14,47,83,104,109,85,37,-18,-82,-144,-171,-160,-115,-31,70,158,215,224,180,85,-33,-150,-241,-279,-252,-154,-11,141,263,327,310,212,50,-133,-282,-365,-353,-260,-97,97,272,386,398,301,133,-66,-257,-385,-415,-339,-176,34,237,378,418,352,199,-10,-220,-375,-425,-364,-207,9,221,369,429,374,211,-8,-218,-375,-433,-371,-217,0,229,391,451,392,221,-20,-253,-424,-489,-422,-234,15,271,461,531,465,272,4,-271,-486,-576,-514,-315,-25,274,505,612,568,375,67,-264,-525,-650,-615,-420,-108,243,538,694,678,485,156,-224,-548,-742,-743,-552,-212,188,550,780,822,652,310,-112,-514,-790,-872,-737,-415,19,448,765,899,821,538,114,-339,-703,-889,-860,-629,-241,211,603,846,880,695,337,-83,-482,-759,-843,-724,-428,-34,362,661,791,729,491,142,-233,-551,-732,-730,-554,-252,106,430,644,710,605,356,37,-275,-523,-658,-643,-481,-218,83,358,548,620,570,418,199,-46,-262,-413,-478,-459,-374,-240,0,0,0,0,0,-83,-181,-260,-306,-302,-238,-122,21,171,300,376,383,310,165,-22,-212,-357,-431,-410,-293,-105,114,320,457,484,396,215,-29,-282,-473,-556,-505,-330,-65,230,481,625,614,455,177,-155,-467,-687,-742,-608,-331,43,422,707,836,776,517,122,-306,-670,-889,-901,-687,-303,154,582,874,965,824,479,16,-452,-821,-989,-915,-623,-182,305,713,948,961,736,324,-159,-591,-886,-958,-781,-416,46,492,808,924,810,491,53,-387,-729,-890,-818,-531,-126,303,654,844,812,566,180,-242,-597,-797,-795,-591,-233,181,544,768,795,618,278,-134,-503,-747,-799,-649,-331,73,454,712,789,0,358,-30,-405,-684,-778,-662,-386,-14,368,656,762,672,414,43,-342,-635,-756,-683,-439,-78,307,613,756,697,463,111,-281,-592,-749,-712,-484,-134,245,571,748,728,517,173,-217,-549,-738,-737,-545,-216,164,500,708,734,575,264,-107,-448,-671,-720,-576,-286,65,393,622,690,571,309,-24,-346,-569,-643,-550,-316,-12,292,518,598,531,332,47,-246,-460,-551,-503,-323,-68,185,388,495,462,314,96,-141,-333,-437,-425,-305,-116,98,275,365,366,275,116,-61,-210,-302,-309,-236,-113,29,161,241,250,195,92,-29,-134,-189,-195,-150,-68,25,102,142,139,99,34,-33,-86,0,0
10836,mtk,MTK 7916,4083356790,rx0-tx0,512,557,-100,118,-508,-389,-258,-104,48,198,337,454,574,655,699,720,708,658,566,447,301,137,-52,-247,-434,-598,-738,-841,-895,-900,-839,-740,-581,-391,-161,96,326,544,732,882,982,996,956,857,695,500,280,32,-202,-423,-616,-765,-854,-902,-893,-823,-705,-553,-387,-180,5,191,369,518,638,710,737,723,669,567,458,322,168,19,-128,-258,-372,-464,-515,-542,-554,-525,-478,-401,-308,-210,-103,10,117,221,305,368,418,439,438,417,368,306,225,132,43,-48,-137,-210,-263,-297,-315,-324,-302,-267,-224,-178,-123,-71,-29,11,53,92,122,147,168,186,205,218,213,200,190,165,131,-588,23,-27,-77,-130,-176,-215,-247,-253,-252,-234,-204,-165,-110,-48,11,72,129,164,192,210,218,200,193,169,125,101,69,33,0,-26,-49,-66,-85,-93,-110,-126,-149,-170,-186,-199,-203,-200,-186,-150,-116,-51,20,93,184,268,348,410,445,455,427,374,282,163,22,-123,-271,-399,-515,-591,-624,-621,-567,-466,-325,-174,-4,174,338,471,579,635,658,626,552,447,310,149,-11,-176,-328,-443,-523,-574,-586,-556,-485,-383,-260,-126,7,139,257,363,437,470,479,455,405,326,222,107,-7,-118,-219,-319,-387,-414,-413,-376,-309,-211,-94,26,142,242,303,321,297,234,149,-545,-455,587,280,282,-50,47,157,258,332,366,351,299,199,77,-61,-190,-308,-396,-456,-471,-450,-390,-301,-185,-43,110,241,363,458,512,536,519,460,370,251,104,-45,-197,-339,-446,-520,-557,-557,-509,-434,-327,-204,-63,80,200,312,403,458,481,469,432,370,285,195,88,-15,-111,-200,-254,-297,-334,-338,-325,-311,-272,-222,-167,-112,-51,17,76,123,176,217,238,258,267,266,254,225,186,140,78,32,-25,-88,-134,-169,-216,-253,-268,-283,-274,-253,-218,-170,-135,-69,-7,59,128,189,238,286,314,333,332,304,278,238,177,95,19,-71,-166,-249,-314,-363,-412,-427,-419,-392,-335,-254,-291,-68,47,159,263,366,444,497,526,516,492,429,338,235,100,-49,-182,-316,-425,-518,-570,-589,-583,-533,-458,-352,-220,-84,48,184,308,396,467,520,544,544,506,453,387,297,197,79,-33,-146,-251,-347,-429,-509,-564,-596,-597,-567,-513,-433,-310,-175,-27,140,298,453,579,703,784,810,798,740,636,484,301,93,-127,-349,-559,-743,-875,-963,-990,-961,-878,-727,-531,-314,-64,198,458,677,868,998,1064,1079,1017,883,706,496,241,-30,-296,-544,-748,-910,-1015,-1049,-1019,-929,-781,-592,-373,-133,112,337,530,698,819,884,906,866,778,658,490,318,125,-72,-245,-413,-545,-652,101,190,525,664,684,482,577,645,681,682,663,602,526,425,277,127,-29,-187,-350,-498,-623,-718,-790,-820,-798,-722,-608,-461,-270,-61,168,382,581,752,879,968,974,916,816,652,458,214,-40,-272,-501,-699,-841,-942,-974,-942,-857,-715,-533,-330,-118,104,313,501,642,760,818,810,782,701,588,437,264,84,-85,-258,-403,-512,-604,-642,-649,-621,-560,-476,-363,-238,-120,10,130,232,329,400,460,490,495,470,422,348,269,175,79,-19,-120,-209,-282,-345,-375,-385,-380,-354,-303,-238,-163,-96,-20,56,113,159,195,219,229,229,223,212,197,177,153,118,83,49,8,-41,-79,-122,-159,-193,321,-239,-242,-233,-214,-182,-144,-80,-16,45,104,157,206,240,254,255,249,215,170,128,83,23,-26,-59,-112,-132,-146,-162,-164,-158,-154,-147,-141,-120,-103,-95,-81,-70,-44,-19,13,60,109,165,209,254,300,319,327,312,277,222,135,26,-100,-222,-327,-430,-506,-549,-550,-508,-431,-321,-173,-19,147,308,453,555,624,653,634,557,458,316,160,-14,-185,-340,-468,-569,-615,-620,-594,-520,-410,-281,-141,10,163,301,403,480,517,533,499,440,349,234,118,-1,-125,-237,-333,-401,-434,-439,-416,-369,-296,-188,-72,46,161,260,337,380,378,343,265,161,48,-64,-157,-207,243,420,-258,34,-66,248,272,256,195,100,-20,-144,-262,-361,-419,-431,-399,-332,-235,-114,26,167,299,401,472,512,502,455,384,265,134,-10,-154,-289,-403,-498,-549,-554,-524,-452,-345,-217,-82,67,208,331,433,495,532,520,472,405,301,183,59,-62,-172,-267,-337,-390,-417,-407,-385,-333,-267,-203,-123,-39,34,101,170,215,250,277,292,292,272,250,216,164,112,65,9,-43,-99,-152,-197,-238,-253,-260,-267,-253,-225,-196,-165,-106,-51,-3,60,120,184,219,255,288,296,297,282,252,211,161,87,15,-68,-140,-197,-262,-321,-354,-370,-379,-356,-311,-244,-178,-92,11,113,208,304,374,374,475,478,445,408,348,262,146,21,-102,-225,-347,-437,-510,-560,-569,-547,-496,-407,-293,-158,-26,125,262,380,474,547,576,577,546,475,384,290,179,61,-58,-181,-279,-374,-444,-501,-532,-537,-521,-484,-423,-350,-256,-141,-17,118,246,364,486,587,650,692,694,658,578,472,341,165,-20,-210,-402,-581,-728,-838,-901,-907,-864,-765,-614,-425,-207,32,278,514,733,883,998,1054,1042,958,817,640,405,155,-107,-387,-622,-815,-965,-1066,-1083,-1039,-925,-761,-552,-303,-46,208,449,665,821,928,985,979,910,793,633,431,216,3,-213,-393,-564,-690,-771,-817,-807,-759,-674,-547,-402,239,197
10837,mtk,MTK 7916,4083356790,rx0-tx1,512,-760,1070,999,891,926,920,858,745,588,385,165,-64,-310,-545,-744,-907,-1027,-1087,-1079,-1007,-880,-699,-471,-213,64,340,594,817,1005,1136,1203,1191,1112,972,760,514,242,-54,-353,-636,-876,-1063,-1195,-1260,-1249,-1167,-1017,-809,-552,-268,35,330,602,845,1042,1178,1244,1249,1175,1035,848,603,327,38,-246,-524,-774,-970,-1124,-1205,-1214,-1165,-1049,-868,-648,-396,-118,162,424,665,867,1015,1107,1141,1108,1016,873,677,446,201,-59,-306,-529,-725,-881,-988,-1041,-1034,-970,-855,-697,-501,-285,-61,166,380,572,728,847,921,948,921,850,738,586,411,210,0,-216,-418,-593,-740,-853,-924,-947,-908,-825,-690,-430,-332,-112,123,350,566,747,889,984,1016,987,913,775,592,358,110,-148,-394,-626,-816,-953,-1039,-1053,-1004,-901,-734,-523,-285,-27,231,478,687,857,968,1014,1000,920,789,607,395,167,-71,-298,-502,-668,-791,-860,-882,-846,-751,-627,-460,-275,-88,103,283,445,570,648,697,700,661,598,497,375,241,84,-66,-205,-328,-417,-492,-542,-549,-537,-498,-417,-324,-211,-92,22,141,240,330,396,438,447,432,400,353,266,181,89,-12,-103,-192,-266,-316,-350,-363,-358,-324,-277,-213,-137,-48,39,125,193,253,299,316,309,280,228,155,72,-17,-98,-168,-224,-245,-240,-203,-142,-75,669,879,-195,-639,-927,113,17,-96,-205,-302,-362,-377,-355,-294,-197,-82,36,159,267,357,418,441,439,410,345,252,142,22,-101,-220,-333,-423,-488,-517,-522,-495,-429,-336,-219,-87,56,201,345,458,551,622,655,649,594,489,358,204,30,-154,-334,-500,-637,-739,-790,-786,-730,-630,-475,-289,-86,122,332,517,664,779,828,831,787,679,535,358,158,-52,-255,-432,-585,-694,-755,-773,-743,-673,-557,-409,-240,-66,102,259,398,511,594,636,641,607,551,467,356,233,93,-44,-171,-287,-383,-456,-502,-521,-516,-485,-437,-368,-279,-177,-67,41,141,245,334,410,468,500,509,493,455,387,298,200,230,-34,-160,-280,-387,-479,-535,-570,-573,-539,-470,-381,-271,-138,3,150,277,396,493,555,589,588,556,488,395,285,156,19,-114,-231,-340,-428,-487,-522,-530,-508,-462,-389,-303,-201,-94,13,113,209,290,354,402,435,446,436,407,361,303,227,150,70,-21,-108,-188,-265,-333,-390,-432,-454,-454,-434,-406,-347,-276,-183,-77,27,143,256,356,446,519,561,578,562,518,443,341,219,81,-63,-204,-343,-464,-562,-634,-665,-666,-628,-554,-461,-338,-188,-25,137,293,431,554,654,715,735,718,667,576,452,300,130,-43,-221,-394,-542,-664,-758,-801,-808,-783,-701,-582,-430,-258,-67,678,286,136,-53,-367,232,20,-201,-420,-619,-788,-915,-987,-1016,-987,-886,-739,-551,-326,-68,195,447,681,885,1035,1125,1155,1114,1006,844,627,374,90,-205,-483,-745,-962,-1113,-1210,-1237,-1193,-1078,-896,-672,-401,-103,202,493,752,971,1133,1235,1268,1221,1107,935,706,433,148,-149,-443,-700,-922,-1097,-1199,-1234,-1207,-1121,-960,-751,-502,-217,65,342,607,832,1004,1122,1180,1168,1094,964,774,545,294,29,-241,-493,-716,-891,-1008,-1076,-1092,-1037,-933,-782,-588,-360,-118,125,350,560,734,866,947,985,971,903,782,630,446,245,26,-191,-392,-575,-726,-840,-910,-933,-907,-835,-716,-567,-380,-172,51,269,471,651,-1099,907,969,975,922,819,661,467,248,0,-239,-475,-687,-857,-980,-1036,-1033,-971,-848,-665,-453,-205,58,309,551,756,912,1010,1043,1016,922,775,583,344,97,-157,-396,-605,-774,-885,-946,-949,-893,-780,-627,-433,-224,-9,204,391,551,684,759,793,776,713,617,480,331,165,-11,-167,-313,-440,-531,-594,-623,-608,-570,-496,-403,-293,-161,-22,96,223,327,404,464,489,497,469,415,340,250,146,37,-68,-159,-251,-325,-369,-399,-401,-378,-340,-275,-202,-121,-36,58,143,217,277,321,340,337,312,267,209,129,40,-45,-130,-205,-256,-283,-284,-260,-217,-147,-62,18,94,146,172,791,574,364,755,367,-238,-289,-296,-263,-186,-77,45,161,272,357,405,420,399,339,256,144,27,-90,-207,-314,-397,-456,-484,-477,-442,-375,-284,-169,-45,82,215,337,439,516,561,581,563,507,409,295,149,-14,-177,-341,-482,-594,-681,-725,-721,-664,-565,-427,-257,-60,145,341,514,665,769,825,829,777,666,519,323,110,-92,-301,-492,-641,-755,-810,-820,-775,-681,-549,-382,-201,-6,182,355,503,616,683,707,690,640,555,440,299,147,-10,-155,-284,-405,-489,-545,-573,-566,-540,-479,-395,-299,-189,-71,47,160,260,355,425,471,496,494,479,437,371,290,188,79,-32,-141,-250,-353,-431,-492,-198,-543,-524,-477,-401,-295,-175,-52,81,218,338,439,522,577,595,576,525,453,343,210,72,-70,-206,-328,-429,-504,-557,-573,-549,-502,-431,-334,-225,-110,11,127,233,323,400,453,481,482,464,424,364,286,203,113,18,-75,-166,-243,-312,-365,-397,-422,-428,-411,-385,-343,-284,-211,-124,-35,60,150,247,335,405,463,494,514,507,466,403,324,218,94,-38,-171,-296,-410,-507,-578,-623,-629,-607,-548,-455,-342,-204,-56,96,250,386,503,606,677,707,697,650,567,459,319,159,-7,-175,-340,-488,-612,-701,-757,-767,-747,-681,-580,-449,-282,-96,84,270,452,602,724,806,851,680,925
10838,mtk,MTK 7916,4083356790,rx1-tx0,512,-144,1512,1432,-248,-134,6,133,253,361,444,493,514,496,435,350,235,105,-33,-168,-307,-420,-502,-549,-555,-523,-456,-349,-227,-83,68,219,355,471,560,606,612,581,505,397,263,104,-65,-232,-388,-520,-621,-689,-712,-689,-622,-512,-366,-192,-1,188,379,547,679,780,828,824,771,667,516,326,106,-114,-337,-550,-730,-865,-942,-962,-925,-828,-672,-473,-232,19,274,516,722,883,990,1029,997,913,765,563,335,79,-163,-398,-615,-785,-895,-962,-977,-920,-811,-666,-486,-279,-56,175,378,563,717,823,893,905,874,793,668,509,328,129,-80,-291,-481,-649,-789,-882,-934,-942,-891,-789,-631,231,-238,3,254,482,701,879,1007,1073,1084,1035,923,735,515,241,-47,-330,-607,-861,-1054,-1184,-1247,-1231,-1145,-986,-754,-472,-164,166,487,783,1030,1227,1350,1377,1328,1180,959,691,385,36,-327,-654,-957,-1190,-1352,-1443,-1434,-1348,-1163,-906,-598,-245,118,487,823,1115,1340,1487,1531,1481,1338,1101,789,435,37,-363,-744,-1086,-1349,-1517,-1599,-1553,-1403,-1163,-830,-444,-44,366,744,1069,1312,1446,1489,1415,1246,996,683,330,-32,-389,-697,-940,-1123,-1222,-1231,-1146,-987,-762,-492,-203,99,389,632,828,954,1004,981,883,720,507,252,-27,-297,-526,-702,-805,-829,-760,-610,-402,-153,92,302,442,488,-65,651,-417,914,628,342,189,-30,-266,-490,-662,-753,-763,-681,-514,-292,-42,224,471,678,829,909,918,849,713,526,288,29,-248,-507,-730,-909,-1021,-1067,-1050,-949,-778,-541,-261,36,339,633,886,1086,1224,1276,1248,1133,927,655,339,-9,-368,-716,-1017,-1266,-1420,-1493,-1472,-1337,-1109,-808,-429,-21,387,775,1136,1407,1570,1648,1614,1471,1229,883,498,70,-376,-781,-1138,-1422,-1600,-1678,-1650,-1501,-1264,-950,-566,-158,262,662,1001,1281,1470,1561,1565,1465,1265,999,691,327,-48,-401,-736,-1027,-1255,-1399,-1454,-1419,-1302,-1114,-855,-544,-214,130,456,746,1009,1200,1326,1366,1325,1213,1029,785,496,174,-159,-482,-766,-1010,-49,-1303,-1354,-1311,-1206,-1021,-765,-481,-160,175,494,796,1053,1252,1375,1417,1376,1254,1058,775,453,96,-276,-621,-944,-1200,-1386,-1497,-1504,-1410,-1228,-975,-663,-301,86,458,807,1095,1326,1463,1499,1448,1297,1073,783,433,73,-287,-634,-922,-1155,-1311,-1379,-1365,-1259,-1069,-838,-547,-222,105,413,693,924,1089,1174,1189,1134,1015,830,598,339,69,-195,-449,-659,-814,-936,-987,-974,-909,-788,-627,-425,-206,17,236,434,602,719,794,817,794,716,598,443,266,86,-104,-277,-426,-557,-636,-673,-671,-618,-536,-423,-283,-128,32,187,320,431,513,558,572,540,479,385,263,126,-9,-143,-266,-371,-455,541,879,-95,-194,553,433,491,514,490,439,351,242,118,-12,-156,-285,-390,-471,-517,-528,-508,-448,-348,-226,-84,62,200,337,449,528,573,581,546,475,370,234,81,-76,-229,-374,-499,-592,-648,-657,-625,-557,-446,-304,-139,40,215,384,534,654,734,766,752,696,584,436,257,48,-158,-364,-546,-702,-824,-888,-898,-855,-754,-599,-401,-170,74,312,538,730,887,979,1010,978,886,724,522,284,25,-231,-468,-685,-849,-964,-1012,-991,-924,-794,-613,-400,-176,71,306,508,675,810,896,937,915,837,727,571,391,188,-30,-235,-430,-602,-737,-834,-890,-902,-861,-775,-648,-482,-285,-77,144,362,568,745,-568,979,1019,994,913,787,598,371,121,-144,-406,-661,-873,-1036,-1148,-1174,-1135,-1037,-864,-628,-359,-60,250,544,824,1052,1215,1308,1315,1239,1082,860,591,258,-78,-414,-739,-1002,-1214,-1362,-1429,-1382,-1261,-1067,-800,-485,-129,229,570,890,1146,1342,1453,1477,1411,1249,1017,714,360,-27,-409,-773,-1097,-1344,-1510,-1578,-1531,-1397,-1159,-835,-472,-64,357,746,1085,1351,1506,1561,1507,1347,1098,770,401,3,-386,-734,-1021,-1225,-1344,-1357,-1283,-1112,-881,-592,-264,68,379,654,880,1028,1105,1100,1013,856,648,391,113,-165,-424,-643,-805,-902,-919,-855,-718,-516,-271,-2,258,473,626,692,662,544,361,158,-1480,-1348,247,394,758,-386,-536,-613,-599,-496,-312,-73,186,442,652,789,857,844,747,583,368,116,-149,-406,-630,-811,-935,-991,-975,-879,-725,-514,-258,16,302,572,810,1002,1122,1169,1138,1030,843,598,303,-25,-355,-678,-960,-1176,-1324,-1382,-1358,-1227,-1016,-725,-383,-9,381,761,1078,1336,1514,1583,1551,1428,1192,851,465,48,-383,-782,-1141,-1426,-1605,-1695,-1651,-1492,-1251,-917,-524,-109,322,729,1080,1367,1555,1634,1615,1482,1264,971,611,230,-165,-548,-887,-1150,-1355,-1488,-1504,-1436,-1285,-1052,-762,-432,-79,274,602,895,1136,1301,1386,1396,1312,1163,943,662,349,17,-305,-609,-885,-1105,-1260,-1342,-1348,-1268,-1113,-894,425,-339,-9,324,627,912,1126,1279,1368,1367,1288,1140,917,636,313,-30,-381,-704,-999,-1231,-1382,-1464,-1451,-1351,-1162,-886,-566,-207,176,549,886,1162,1370,1499,1519,1443,1274,1029,723,360,-13,-379,-720,-1011,-1248,-1397,-1451,-1424,-1297,-1084,-811,-490,-152,190,529,809,1039,1207,1287,1284,1207,1052,839,575,284,-15,-302,-568,-793,-962,-1060,-1090,-1058,-967,-808,-620,-394,-142,105,339,540,704,825,886,900,853,757,612,434,241,39,-162,-350,-508,-635,-707,-739,-727,-662,-567,-438,-277,-114,63,228,368,484,567,612,618,582,506,401,273,135,-12,-156,-283,-396,-478,-525,-535,-515,-453,-370,-262,-868,-528
10839,mtk,MTK 7916,4083356790,rx1-tx1,512,0,0,0,-504,-599,-514,-264,57,365,570,602,454,182,-154,-448,-599,-565,-373,-80,240,493,591,511,272,-37,-321,-508,-550,-418,-158,147,401,529,495,305,24,-253,-451,-514,-411,-177,111,363,488,465,296,22,-255,-454,-526,-415,-159,148,405,543,513,320,14,-308,-546,-625,-503,-226,129,466,665,660,459,115,-275,-598,-754,-681,-404,-1,412,706,803,672,328,-120,-538,-801,-834,-624,-231,244,651,869,834,566,126,-354,-726,-906,-830,-501,-39,438,794,916,781,417,-65,-516,-816,-881,-698,-322,142,569,824,833,606,220,-229,-605,-792,-755,-497,-94,320,630,743,644,368,-13,-380,0,-687,-536,-229,142,462,639,618,409,90,-256,-527,-641,-559,-296,53,387,607,638,485,186,-181,-500,-672,-659,-446,-100,280,586,725,659,410,38,-353,-642,-746,-643,-362,16,382,643,724,605,317,-49,-381,-600,-658,-533,-260,73,373,546,562,423,172,-114,-350,-469,-443,-285,-53,182,348,395,307,127,-77,-257,-347,-323,-193,5,196,333,375,289,110,-106,-301,-418,-409,-278,-67,160,349,445,411,261,43,-184,-363,-441,-396,-251,-33,188,346,407,367,226,20,-186,-328,-374,-318,-176,5,185,312,352,301,167,-6,-172,-297,-349,-317,-214,-68,84,209,284,294,250,175,0,0,0,0,0,-188,-256,-286,-247,-151,-12,154,306,395,406,324,155,-69,-285,-443,-501,-431,-253,1,276,489,575,514,315,19,-298,-542,-649,-591,-365,-32,325,614,744,667,399,9,-391,-706,-839,-742,-436,3,454,792,921,807,475,1,-489,-852,-980,-846,-483,30,542,901,1015,854,460,-75,-582,-916,-1004,-812,-375,160,644,943,983,746,288,-250,-722,-983,-967,-672,-184,355,794,1015,940,597,85,-459,-869,-1021,-894,-514,26,548,895,1007,829,402,-140,-634,-939,-972,-730,-271,260,708,953,920,613,132,-382,-788,-958,-851,-490,23,526,871,966,774,355,-171,-653,-948,-967,-701,-230,308,0,1013,946,613,96,-451,-871,-1044,-907,-506,41,582,963,1061,852,399,-173,-697,-1016,-1050,-778,-274,304,798,1059,1019,687,151,-424,-881,-1079,-959,-567,-16,541,932,1055,870,429,-144,-661,-973,-1007,-751,-273,280,741,978,933,615,110,-409,-804,-967,-829,-444,58,531,836,892,693,288,-203,-627,-852,-818,-549,-116,359,715,842,722,389,-58,-479,-761,-810,-609,-236,204,576,767,734,482,80,-335,-645,-757,-647,-352,45,431,677,711,536,202,-178,-494,-658,-627,-401,-59,286,541,636,536,270,-76,-391,-584,-603,-433,-123,212,477,595,535,313,1,-318,-539,-585,-455,-193,137,412,0,0,0,0,0,314,-2,-322,-550,-606,-485,-222,107,403,582,590,422,128,-202,-473,-601,-547,-326,-23,280,508,583,467,218,-89,-370,-533,-522,-365,-99,201,429,523,458,237,-50,-312,-478,-496,-357,-100,185,410,507,440,233,-54,-328,-498,-518,-370,-94,225,483,593,517,273,-57,-382,-608,-651,-492,-175,205,536,711,679,441,67,-341,-661,-789,-679,-365,52,468,755,821,644,276,-177,-593,-839,-833,-592,-184,296,694,890,832,534,77,-401,-770,-915,-796,-456,14,486,816,905,743,378,-101,-544,-820,-866,-663,-271,182,580,809,799,554,161,-269,-608,-773,-710,-440,-49,344,626,717,595,0,-79,-422,-632,-648,-473,-157,204,499,639,580,348,17,-318,-565,-639,-519,-241,115,438,640,655,472,141,-240,-550,-708,-666,-427,-63,320,618,737,653,385,6,-373,-645,-747,-634,-351,28,396,647,706,573,289,-56,-380,-588,-611,-474,-226,83,353,508,504,353,119,-137,-342,-428,-374,-209,12,211,338,357,260,75,-140,-299,-359,-308,-154,57,254,371,378,280,89,-128,-321,-427,-406,-263,-55,170,351,440,410,259,38,-182,-352,-433,-386,-235,-26,178,329,391,336,191,0,-182,-310,-357,-305,-176,2,179,302,348,306,186,23,-141,-267,-328,-320,-246,-122,7,113,190,0,0,0,0,0,130,55,-59,-189,-300,-359,-339,-245,-87,108,294,422,454,380,207,-31,-276,-468,-546,-484,-283,-2,287,515,617,555,344,27,-314,-580,-695,-632,-386,-19,368,669,795,708,420,12,-411,-741,-877,-774,-465,-2,480,828,959,831,476,-12,-507,-870,-997,-855,-472,43,550,910,1016,839,420,-118,-615,-935,-1002,-781,-338,206,684,967,988,720,242,-304,-764,-1005,-961,-645,-137,418,846,1023,911,549,28,-501,-882,-1013,-861,-459,79,586,921,991,767,326,-201,-673,-947,-945,-668,-197,327,753,959,884,561,60,-455,-828,-974,-826,-431,85,581,914,975,745,293,-238,-705,-971,-954,0,-158,379,819,1030,934,559,28,-521,-921,-1054,-887,-460,103,639,994,1066,819,331,-247,-749,-1049,-1041,-728,-214,362,844,1083,999,633,88,-484,-903,-1054,-909,-500,63,601,961,1040,806,346,-206,-695,-975,-971,-682,-188,344,769,968,876,532,40,-470,-834,-939,-765,-361,133,579,850,860,620,203,-284,-673,-850,-776,-465,-13,435,741,826,664,303,-138,-532,-775,-777,-542,-145,282,613,769,700,415,14,-386,-663,-736,-588,-276,114,466,670,663,463,133,-233,-526,-653,-580,-331,14,344,568,620,482,195,-143,-426,-581,-562,-367,-57,264,503,591,496,244,-73,-367,-554,-573,-418,0,0
10840,mtk,MTK 7916,4083356790,rx2-tx0,512,0,0,0,435,323,106,-147,-358,-457,-417,-254,-6,251,434,488,392,168,-105,-350,-497,-489,-333,-77,214,445,538,466,254,-37,-323,-515,-553,-418,-155,155,427,573,538,345,45,-278,-520,-597,-494,-238,96,409,601,607,421,106,-246,-530,-656,-583,-325,46,412,656,705,540,204,-204,-566,-761,-724,-471,-70,367,705,834,719,384,-74,-515,-816,-888,-690,-279,209,648,911,903,624,158,-355,-768,-964,-885,-544,-41,475,853,991,840,446,-83,-590,-924,-990,-768,-323,208,678,947,946,670,202,-319,-744,-952,-883,-553,-71,431,803,929,784,412,-74,-534,-837,-889,-678,-270,216,630,851,0,541,106,-355,-711,-852,-735,-401,53,489,776,836,649,264,-207,-616,-845,-827,-561,-127,347,728,897,797,460,-9,-485,-834,-937,-763,-368,138,607,903,942,708,260,-262,-711,-954,-925,-628,-145,382,799,989,898,542,24,-498,-879,-1007,-849,-449,81,589,932,1006,790,351,-185,-670,-970,-991,-729,-261,282,736,982,958,673,203,-318,-749,-969,-917,-608,-134,363,750,923,836,522,70,-392,-725,-854,-749,-440,-21,397,699,795,670,371,-20,-401,-659,-732,-605,-318,43,386,622,683,566,307,-27,-345,-566,-637,-550,-334,-43,247,474,584,559,413,193,-48,-261,-401,-446,-404,-300,0,0,0,0,0,314,451,515,478,332,101,-176,-443,-627,-682,-581,-330,7,354,632,766,707,457,83,-325,-661,-836,-790,-527,-116,339,726,929,883,589,125,-392,-820,-1041,-976,-638,-114,456,921,1143,1055,672,94,-523,-1013,-1236,-1120,-696,-71,589,1106,1325,1177,710,36,-660,-1179,-1378,-1204,-692,20,720,1221,1387,1176,640,-82,-778,-1252,-1376,-1117,-554,156,826,1264,1341,1042,453,-250,-879,-1253,-1271,-930,-328,356,927,1231,1187,804,198,-448,-958,-1196,-1088,-666,-65,546,989,1141,968,523,-70,-634,-1002,-1080,-849,-382,190,698,992,1000,721,227,-320,-757,-972,-904,-576,-88,423,798,942,806,433,-58,0,-835,-891,-694,-295,193,617,853,835,577,151,-313,-680,-840,-750,-445,-13,420,721,808,656,312,-116,-503,-738,-747,-532,-166,240,569,729,672,405,26,-355,-619,-690,-561,-270,108,443,638,638,448,126,-233,-518,-635,-559,-324,9,334,554,599,456,180,-142,-418,-565,-538,-346,-50,254,477,547,443,212,-79,-349,-502,-495,-342,-84,199,417,501,434,234,-38,-295,-457,-477,-349,-116,153,371,474,427,248,-3,-252,-422,-461,-356,-140,112,325,437,416,271,45,-200,-382,-437,-358,-175,63,285,412,404,274,64,-172,-358,-428,-362,-188,41,261,400,409,289,81,-152,-341,-421,0,0,0,0,0,97,309,438,430,284,53,-200,-397,-474,-406,-211,49,297,460,491,366,121,-161,-390,-516,-480,-292,-16,268,477,543,443,208,-90,-374,-547,-548,-384,-107,211,469,586,525,299,-29,-344,-555,-599,-460,-169,182,480,632,598,375,27,-333,-593,-681,-561,-259,130,487,707,724,515,138,-290,-638,-800,-725,-434,3,448,766,869,711,339,-142,-589,-866,-898,-666,-228,287,714,943,899,589,104,-417,-826,-991,-864,-487,26,537,895,996,809,388,-150,-641,-940,-973,-719,-263,262,714,961,918,617,143,-372,-772,-943,-839,-497,-8,480,817,908,733,343,-146,-579,-841,-852,-606,-184,0,668,851,777,474,33,-418,-738,-843,-697,-334,129,551,813,832,606,197,-280,-678,-881,-825,-522,-60,425,784,920,785,415,-78,-552,-867,-936,-732,-318,200,664,932,933,664,199,-324,-759,-982,-916,-582,-91,430,832,993,869,496,-32,-546,-905,-1005,-818,-399,139,638,948,995,766,310,-236,-708,-985,-982,-701,-231,301,744,978,941,637,164,-344,-754,-951,-875,-561,-101,377,743,894,792,478,44,-391,-714,-832,-713,-404,6,401,672,759,639,344,-34,-392,-636,-706,-584,-307,41,368,591,658,550,303,-4,-310,-534,-619,-560,-371,-101,172,392,519,533,439,272,76,-101,-234,0,0,0,0,0,-289,-151,46,273,475,598,604,480,236,-80,-395,-634,-731,-646,-399,-48,329,646,802,748,493,98,-334,-695,-884,-839,-562,-123,360,773,984,926,610,118,-422,-869,-1095,-1019,-652,-105,485,964,1194,1100,689,76,-564,-1065,-1284,-1154,-700,-52,617,1130,1343,1193,700,9,-686,-1198,-1382,-1180,-654,55,752,1235,1384,1158,600,-131,-808,-1256,-1364,-1087,-504,206,850,1258,1311,989,394,-303,-908,-1244,-1228,-871,-267,400,941,1210,1134,737,133,-497,-975,-1168,-1021,-589,0,588,1001,1115,907,446,-132,-668,-1004,-1044,-791,-310,253,728,988,961,652,161,-368,-782,-961,-863,-510,-13,474,816,919,0,364,-122,-566,-845,-871,-636,-219,254,644,842,794,511,76,-371,-701,-826,-702,-369,59,463,730,783,600,245,-175,-538,-740,-710,-469,-101,290,596,715,616,340,-38,-400,-634,-672,-506,-193,170,477,633,597,380,54,-285,-537,-619,-509,-250,79,383,565,571,402,116,-200,-455,-564,-495,-277,23,306,489,528,402,151,-143,-386,-507,-474,-296,-26,252,441,491,392,173,-99,-338,-466,-451,-298,-51,208,400,464,387,192,-59,-291,-434,-439,-308,-83,165,361,445,390,215,-19,-248,-399,-424,-320,-116,126,329,423,384,231,8,-214,-371,-413,-327,-138,95,300,408,390,249,26,0,0
10841,mtk,MTK 7916,4083356790,rx2-tx1,512,0,0,0,-50,6,63,100,100,59,4,-49,-90,-104,-83,-33,35,95,125,122,82,18,-51,-105,-136,-126,-78,-9,58,113,133,125,82,16,-52,-99,-121,-112,-73,-23,21,55,74,82,72,45,15,-17,-46,-60,-69,-69,-58,-43,-15,22,60,100,116,104,63,3,-62,-122,-165,-161,-117,-41,58,154,214,217,165,58,-74,-185,-256,-272,-202,-62,94,231,316,313,225,71,-112,-267,-351,-339,-225,-51,138,299,381,355,235,42,-168,-333,-411,-365,-220,-16,201,358,409,349,189,-29,-240,-383,-412,-323,-139,80,278,396,401,283,83,-143,-326,-417,-384,-232,-3,223,384,0,357,172,-68,-291,-432,-446,-326,-107,144,365,483,464,312,57,-220,-441,-548,-488,-274,12,300,513,585,488,247,-73,-383,-588,-625,-479,-194,153,461,645,643,460,139,-232,-542,-707,-664,-432,-75,313,623,762,688,413,13,-399,-706,-831,-723,-410,27,466,783,884,742,404,-50,-507,-824,-911,-753,-387,78,518,822,902,747,388,-83,-533,-821,-893,-724,-359,96,513,789,846,669,322,-104,-500,-752,-791,-625,-290,117,478,710,746,588,280,-105,-452,-667,-709,-572,-286,75,405,619,678,570,314,-14,-324,-548,-643,-589,-402,-126,165,406,548,568,476,306,99,-103,-253,-331,0,0,0,0,0,234,249,208,117,-8,-151,-278,-356,-366,-300,-157,30,213,355,420,384,247,48,-168,-351,-451,-440,-309,-100,150,373,501,495,360,123,-160,-417,-567,-570,-417,-145,179,472,649,658,486,173,-200,-536,-741,-749,-554,-208,202,578,815,840,645,273,-190,-616,-882,-915,-708,-305,182,619,909,961,747,339,-161,-619,-917,-974,-763,-350,151,615,914,958,742,334,-164,-624,-905,-932,-715,-306,188,620,878,890,662,256,-221,-630,-859,-843,-588,-171,285,658,845,793,525,115,-341,-692,-833,-742,-453,-29,396,703,806,687,378,-39,-449,-728,-794,-639,-304,117,507,751,774,583,234,0,-560,-757,-738,-518,-153,259,598,764,711,451,62,-343,-640,-761,-665,-378,19,413,684,755,611,298,-104,-480,-721,-745,-555,-209,199,548,745,729,496,126,-278,-611,-767,-704,-444,-53,347,647,764,664,373,-26,-413,-676,-748,-618,-312,82,447,680,711,543,232,-144,-480,-672,-665,-481,-161,199,486,632,603,401,88,-247,-495,-598,-536,-324,-20,281,492,556,467,253,-32,-301,-472,-509,-408,-197,69,299,436,445,329,128,-98,-288,-391,-376,-262,-83,117,269,333,304,191,32,-124,-235,-275,-231,-130,1,124,208,223,169,67,-43,-129,-170,-159,-101,-20,59,117,132,107,0,0,0,0,0,-86,-93,-67,-21,35,82,103,89,38,-21,-73,-110,-118,-86,-21,48,105,126,115,74,11,-59,-113,-136,-118,-75,-16,54,107,127,115,80,26,-34,-88,-102,-94,-71,-37,3,38,63,73,72,60,41,14,-14,-40,-66,-81,-87,-77,-46,4,62,113,137,131,95,19,-75,-150,-194,-191,-141,-50,69,169,231,243,178,58,-81,-204,-278,-287,-209,-66,98,242,323,320,227,58,-128,-287,-376,-354,-230,-50,152,318,392,361,237,27,-193,-349,-406,-354,-200,7,217,366,407,337,164,-61,-262,-387,-401,-302,-109,112,300,405,394,262,44,-186,-362,-430,-371,-203,0,255,405,442,346,147,-101,-323,-455,-461,-319,-78,188,404,514,476,296,24,-267,-485,-564,-483,-259,45,340,554,608,483,219,-106,-417,-621,-640,-473,-167,186,492,672,658,441,103,-274,-590,-737,-678,-430,-52,357,670,798,706,408,-12,-431,-739,-851,-733,-403,50,491,801,893,743,395,-66,-522,-831,-915,-750,-389,75,523,825,900,736,373,-97,-521,-799,-869,-703,-343,98,506,774,828,656,314,-106,-488,-730,-774,-608,-283,110,465,693,733,579,281,-83,-428,-649,-695,-566,-297,44,366,587,660,573,351,48,-254,-493,-617,-593,-440,-217,34,268,426,484,449,346,200,0,0,0,0,0,-13,92,194,280,319,301,222,86,-89,-250,-362,-401,-348,-211,-18,187,354,440,415,288,80,-158,-360,-477,-467,-331,-109,151,388,529,526,387,137,-172,-446,-607,-603,-439,-146,201,508,690,699,521,191,-205,-554,-777,-798,-602,-234,210,606,848,876,681,295,-190,-628,-895,-938,-735,-327,176,628,916,964,757,351,-164,-634,-916,-962,-762,-351,151,616,907,946,733,318,-182,-627,-892,-916,-692,-272,210,629,871,867,627,221,-248,-645,-857,-818,-554,-143,304,663,829,762,482,67,-368,-696,-822,-718,-412,4,425,727,811,662,335,-83,-479,-739,-794,-616,-266,153,523,742,0,552,189,-224,-576,-758,-720,-484,-110,299,626,763,681,411,22,-375,-661,-752,-631,-328,67,447,694,746,588,258,-152,-521,-732,-735,-526,-166,243,583,761,720,473,93,-319,-638,-766,-682,-405,-16,371,660,759,630,331,-50,-425,-678,-733,-585,-278,111,464,672,691,517,199,-172,-483,-652,-640,-446,-125,224,495,626,581,369,52,-262,-499,-590,-507,-289,1,283,480,538,441,225,-46,-300,-456,-473,-365,-163,83,295,410,410,297,101,-108,-276,-357,-340,-229,-54,126,255,303,265,153,8,-129,-220,-244,-196,-91,26,125,184,184,131,45,-48,-124,-152,-131,-75,-4,66,0,0
10842,mtk,MTK 7916,4083400024,rx0-tx0,512,557,-350,-499,637,623,571,475,360,219,66,-90,-247,-395,-518,-611,-653,-662,-626,-548,-427,-261,-79,123,323,507,657,755,800,785,703,567,382,154,-103,-344,-560,-745,-855,-881,-855,-758,-583,-365,-124,120,365,566,718,820,842,797,691,536,338,124,-96,-302,-482,-621,-703,-729,-698,-620,-500,-336,-161,16,189,343,471,552,585,582,526,445,330,198,70,-71,-197,-304,-390,-442,-461,-446,-408,-348,-259,-152,-33,80,184,267,330,374,393,384,329,260,179,84,-9,-93,-177,-235,-264,-285,-272,-259,-219,-167,-118,-55,3,39,85,122,153,174,182,186,186,164,147,123,79,32,-18,-588,-121,-161,-192,-219,-229,-215,-186,-137,-79,-27,36,91,136,182,206,200,191,173,134,97,49,-1,-42,-73,-104,-123,-137,-143,-133,-125,-112,-95,-83,-69,-51,-32,-8,20,54,101,139,176,203,228,238,229,189,131,59,-23,-123,-217,-312,-385,-419,-421,-375,-294,-181,-45,109,254,379,475,532,537,490,401,276,112,-59,-223,-365,-487,-555,-568,-535,-450,-328,-188,-16,156,301,419,496,525,511,456,364,241,98,-51,-191,-297,-377,-423,-439,-411,-348,-261,-152,-31,89,196,279,334,372,375,332,264,172,58,-63,-173,-260,-314,-334,-313,-253,-159,-47,62,152,203,217,135,-20,587,-238,-183,-183,-144,-55,55,171,270,335,351,312,232,121,-7,-147,-265,-357,-421,-430,-397,-321,-213,-72,81,211,333,425,476,480,438,352,227,72,-74,-225,-348,-441,-493,-504,-453,-376,-261,-121,22,160,300,395,444,462,435,376,284,167,41,-75,-193,-279,-335,-360,-364,-335,-288,-224,-142,-58,33,112,161,209,256,278,272,243,212,169,111,57,-9,-61,-121,-171,-204,-222,-222,-216,-193,-170,-125,-81,-26,28,73,121,168,188,205,220,214,199,171,127,74,12,-45,-95,-165,-201,-243,-271,-271,-254,-222,-182,-113,-40,38,120,205,276,314,334,335,325,279,205,119,24,-291,-188,-283,-359,-408,-418,-410,-372,-290,-190,-74,57,190,310,395,458,492,491,441,363,248,117,-36,-177,-300,-402,-472,-502,-492,-442,-368,-272,-153,-37,85,196,298,373,426,455,458,429,376,303,206,102,-22,-152,-271,-377,-463,-524,-555,-549,-506,-422,-310,-160,7,184,357,509,628,706,731,708,619,479,290,75,-142,-371,-580,-745,-840,-880,-856,-747,-578,-363,-119,144,402,621,793,918,959,925,812,634,397,133,-137,-409,-643,-815,-930,-958,-911,-797,-613,-372,-120,137,383,594,752,841,884,831,721,566,372,145,-83,-285,-469,-611,-706,-750,-725,-652,-545,-387,-216,-27,-236,-253,525,-544,-443,49,-111,-269,-402,-510,-584,-623,-619,-587,-505,-397,-247,-82,89,265,422,569,666,722,732,685,580,424,230,22,-211,-427,-616,-759,-850,-864,-798,-682,-496,-259,-11,230,473,672,803,867,870,798,649,459,232,-6,-233,-440,-611,-723,-776,-768,-703,-592,-432,-239,-40,150,321,476,589,645,656,616,530,404,249,95,-60,-210,-329,-429,-488,-518,-513,-457,-379,-279,-167,-47,68,171,272,351,404,428,416,377,306,224,125,26,-91,-187,-261,-313,-343,-336,-314,-272,-200,-132,-54,20,81,147,184,213,230,214,201,183,152,117,81,42,10,-39,-79,-110,-143,-178,-196,-214,321,-177,-136,-95,-48,13,76,132,182,206,223,225,198,164,122,58,4,-45,-98,-138,-162,-177,-175,-158,-142,-119,-87,-58,-18,11,37,62,76,93,111,119,128,138,146,149,140,122,100,58,4,-64,-139,-211,-262,-303,-326,-323,-287,-226,-122,-4,129,255,362,441,490,489,445,355,234,84,-84,-245,-385,-491,-550,-556,-518,-442,-316,-148,23,188,334,446,527,564,531,454,346,206,50,-100,-242,-357,-444,-484,-486,-433,-349,-249,-129,1,134,245,326,383,405,391,341,259,167,62,-57,-164,-252,-320,-356,-351,-309,-235,-132,-18,96,196,265,291,273,212,123,26,-548,-586,-258,138,202,113,202,266,281,254,179,73,-58,-182,-289,-361,-398,-383,-313,-218,-84,61,196,311,401,461,459,413,332,216,72,-82,-226,-349,-444,-488,-490,-445,-359,-244,-105,55,200,320,417,471,479,454,385,268,146,10,-122,-241,-342,-410,-424,-412,-364,-285,-191,-89,14,109,188,255,296,316,315,277,227,181,119,48,-26,-91,-137,-188,-218,-240,-242,-228,-206,-165,-116,-67,-13,39,94,144,180,198,213,210,194,173,138,94,54,-7,-61,-106,-150,-191,-224,-243,-233,-227,-194,-143,-102,-31,43,117,173,231,275,294,302,290,265,197,117,34,-51,-142,-239,-313,-356,-377,374,-345,-292,-210,-103,15,125,248,345,411,456,464,441,369,276,160,27,-116,-244,-352,-440,-499,-514,-477,-413,-317,-194,-60,82,203,311,395,444,464,457,418,354,262,163,56,-56,-171,-265,-359,-425,-473,-497,-484,-437,-361,-263,-139,-1,148,297,424,534,612,644,634,574,468,316,136,-65,-266,-461,-623,-745,-798,-801,-749,-629,-443,-223,16,267,503,695,836,915,928,855,706,511,260,-8,-282,-531,-738,-890,-961,-959,-882,-722,-520,-266,12,278,516,726,862,918,908,820,679,479,255,9,-241,-449,-622,-748,-811,-801,-737,-624,-462,-275,-70,139,309,471,586,650,680,-98,-28
10843,mtk,MTK 7916,4083400024,rx0-tx1,512,-760,-714,-510,-461,-689,-871,-985,-1030,-997,-888,-711,-478,-193,116,418,687,921,1085,1165,1158,1056,881,634,323,-11,-351,-670,-934,-1143,-1258,-1279,-1202,-1029,-769,-449,-98,269,614,918,1149,1295,1340,1285,1128,893,587,225,-154,-521,-839,-1095,-1263,-1348,-1325,-1205,-993,-712,-372,-3,362,691,964,1171,1299,1317,1243,1083,827,528,183,-177,-513,-807,-1040,-1196,-1268,-1240,-1123,-921,-656,-340,-4,321,618,871,1055,1164,1192,1120,971,756,484,186,-120,-420,-675,-884,-1031,-1088,-1076,-980,-814,-608,-348,-71,202,461,679,847,960,1001,977,878,722,521,279,28,-233,-478,-684,-848,-948,-993,-958,-858,-696,-471,-220,-430,331,590,795,953,1042,1046,980,827,606,351,52,-254,-543,-791,-976,-1081,-1115,-1049,-896,-676,-397,-87,232,530,783,977,1089,1111,1036,877,660,387,70,-232,-520,-752,-923,-1011,-1025,-958,-811,-596,-341,-71,202,451,651,803,880,881,825,702,534,323,100,-125,-340,-509,-635,-711,-727,-693,-600,-477,-330,-156,26,198,349,472,555,592,591,547,460,333,191,39,-109,-247,-353,-447,-495,-501,-475,-411,-318,-203,-80,38,162,267,349,397,415,404,361,287,191,95,-19,-126,-224,-298,-342,-362,-347,-304,-231,-147,-48,61,160,242,298,320,306,252,171,74,-29,-119,-180,-211,-204,-982,-964,-195,-50,412,261,224,128,5,-133,-264,-361,-417,-417,-362,-268,-138,8,154,292,396,464,483,460,399,295,163,19,-129,-273,-394,-485,-538,-545,-511,-426,-304,-161,2,168,324,476,587,649,661,622,524,380,190,-15,-225,-420,-595,-718,-783,-788,-722,-590,-405,-180,64,317,541,720,845,891,864,762,584,358,117,-143,-392,-599,-761,-853,-876,-819,-703,-529,-312,-78,169,386,569,693,764,776,720,621,467,286,93,-109,-298,-454,-564,-630,-665,-641,-565,-462,-324,-168,-8,152,289,406,496,541,560,536,470,385,277,153,11,-124,-254,-363,-450,-513,-540,-529,-473,-409,-301,-168,-23,132,230,391,492,567,597,585,525,426,293,138,-30,-205,-363,-489,-584,-634,-635,-592,-503,-367,-208,-36,149,309,443,540,600,618,586,507,402,262,105,-38,-190,-325,-426,-499,-539,-536,-498,-433,-345,-227,-109,17,142,256,351,418,453,473,455,418,363,280,182,70,-45,-160,-261,-358,-429,-470,-497,-492,-448,-382,-296,-171,-43,102,245,373,484,565,603,609,570,477,360,212,34,-144,-307,-462,-585,-665,-697,-687,-623,-516,-362,-182,5,199,383,546,663,739,764,732,648,516,345,147,-67,-273,-467,-630,-746,-814,-823,-771,-663,-508,-315,-99,133,361,563,732,845,894,883,816,-866,-797,136,709,852,-857,-711,-505,-256,20,304,569,797,974,1084,1105,1040,899,688,411,99,-230,-542,-814,-1036,-1181,-1229,-1192,-1049,-837,-553,-220,133,478,800,1059,1230,1314,1297,1181,971,682,339,-29,-394,-729,-1006,-1217,-1334,-1348,-1252,-1066,-796,-472,-110,261,610,907,1140,1296,1348,1294,1144,910,617,267,-95,-437,-757,-1014,-1195,-1293,-1288,-1184,-999,-741,-433,-91,252,574,847,1056,1193,1235,1182,1048,838,570,264,-62,-386,-660,-894,-1050,-1128,-1129,-1050,-889,-678,-409,-121,167,447,675,862,991,1034,1011,918,760,558,315,50,-213,-465,-673,-839,-947,-987,-962,-862,-707,-500,-262,2,272,515,734,893,985,-1099,971,844,662,432,154,-137,-419,-681,-876,-1015,-1085,-1060,-956,-771,-523,-236,77,394,666,894,1049,1121,1095,981,794,542,243,-78,-387,-659,-871,-1031,-1083,-1057,-940,-751,-501,-214,76,359,605,799,921,969,942,833,665,450,196,-48,-285,-497,-665,-768,-800,-783,-706,-582,-418,-221,-23,171,346,484,591,652,660,617,525,404,251,96,-67,-220,-364,-465,-527,-547,-526,-469,-387,-272,-133,4,138,255,354,418,447,448,419,353,259,147,32,-82,-186,-280,-339,-376,-384,-357,-302,-219,-124,-22,86,183,262,312,337,328,286,218,130,28,-76,-168,-236,-273,-271,-225,-155,-70,16,9,251,364,-893,-792,-94,-213,-308,-352,-350,-288,-180,-44,108,243,355,428,457,436,371,264,130,-19,-161,-293,-402,-474,-501,-496,-444,-352,-230,-80,77,234,378,489,562,598,579,519,413,262,89,-98,-288,-466,-609,-699,-730,-704,-624,-489,-297,-78,155,383,576,728,823,853,811,685,510,281,32,-226,-470,-680,-811,-879,-881,-802,-656,-454,-209,44,286,495,671,789,843,819,723,583,398,194,-33,-245,-437,-586,-675,-714,-703,-640,-523,-375,-218,-43,142,296,431,530,585,598,572,502,412,283,149,11,-138,-271,-385,-464,-520,-536,-517,-473,-389,-290,-167,-28,120,249,360,465,525,560,552,-198,430,312,169,10,-152,-307,-440,-546,-602,-626,-599,-522,-406,-256,-86,86,253,403,525,600,642,622,553,442,310,156,-10,-176,-317,-440,-530,-571,-575,-547,-467,-359,-236,-97,46,182,294,391,457,491,501,474,418,341,236,132,15,-104,-205,-302,-380,-433,-462,-466,-444,-399,-330,-226,-122,-3,122,241,341,439,510,543,549,511,440,337,202,52,-108,-274,-418,-529,-619,-664,-648,-596,-502,-368,-200,-20,165,345,503,629,704,736,717,645,519,354,169,-36,-238,-430,-586,-704,-772,-786,-748,-661,-512,-331,-123,96,316,516,678,793,848,850,786,671,504,292,57,-178,-418,105,-355
10844,mtk,MTK 7916,4083400024,rx1-tx0,512,-144,-924,-1365,445,396,307,197,65,-74,-205,-318,-402,-457,-462,-431,-355,-243,-110,31,177,307,408,474,497,475,408,302,173,20,-137,-280,-401,-492,-537,-536,-490,-395,-271,-121,47,217,367,490,572,600,589,525,413,268,91,-100,-283,-448,-578,-664,-693,-673,-591,-459,-279,-68,142,344,526,674,764,795,756,659,503,294,59,-186,-418,-627,-775,-864,-882,-826,-695,-503,-269,-15,239,478,677,823,893,893,813,673,483,248,-4,-245,-466,-651,-780,-845,-841,-773,-649,-485,-274,-52,170,375,549,687,767,798,773,687,553,380,175,-40,-249,-441,-607,-730,-808,-824,-775,-680,-532,-329,-98,231,370,587,756,871,936,918,825,668,446,187,-93,-371,-634,-842,-990,-1061,-1042,-942,-765,-525,-231,86,399,685,920,1090,1166,1144,1026,827,563,245,-105,-441,-757,-1002,-1169,-1238,-1214,-1093,-879,-589,-249,113,470,785,1045,1223,1293,1260,1133,912,613,250,-130,-504,-839,-1109,-1281,-1363,-1329,-1174,-920,-587,-200,205,604,958,1218,1372,1400,1308,1105,807,423,4,-407,-777,-1063,-1256,-1330,-1286,-1117,-867,-528,-154,221,569,847,1041,1147,1143,1027,823,557,257,-66,-376,-639,-836,-948,-966,-898,-746,-527,-267,15,288,526,700,802,818,740,587,368,112,-154,-393,-558,-647,-625,-509,-322,-99,94,1115,531,-417,-920,-962,449,449,343,157,-80,-322,-525,-662,-712,-668,-533,-325,-82,184,434,631,772,820,800,703,520,281,12,-256,-510,-723,-867,-938,-927,-832,-649,-406,-125,174,474,728,937,1069,1097,1035,875,640,350,-9,-364,-694,-973,-1175,-1266,-1256,-1136,-911,-606,-224,187,573,922,1192,1378,1432,1369,1169,870,490,64,-367,-776,-1120,-1356,-1487,-1486,-1354,-1094,-748,-335,102,532,914,1211,1402,1474,1422,1252,974,616,208,-208,-594,-934,-1189,-1336,-1379,-1303,-1139,-880,-549,-189,193,545,851,1093,1238,1281,1230,1071,842,538,208,-142,-477,-769,-1012,-1161,-1232,-1187,-1062,-854,-575,-258,76,395,699,948,1111,1187,-49,1095,906,645,349,15,-326,-637,-903,-1098,-1222,-1242,-1161,-993,-746,-433,-87,272,621,921,1147,1289,1320,1241,1060,796,464,89,-302,-666,-974,-1206,-1337,-1356,-1255,-1059,-770,-419,-37,352,710,995,1206,1313,1306,1190,979,695,349,-26,-369,-693,-965,-1140,-1220,-1190,-1062,-863,-590,-280,50,366,654,868,1003,1065,1037,921,743,502,231,-47,-321,-563,-744,-863,-909,-880,-788,-627,-422,-199,41,267,466,633,732,768,745,664,530,358,158,-45,-239,-404,-537,-623,-652,-625,-550,-434,-280,-109,63,225,366,476,540,557,524,453,344,208,60,-93,-234,-350,-431,-483,-487,-448,-375,-264,-136,1,347,-160,-95,1098,473,-96,-224,-333,-411,-461,-456,-415,-335,-226,-90,56,195,319,411,466,480,452,380,272,141,-12,-159,-298,-405,-481,-521,-509,-449,-349,-215,-59,98,254,390,489,557,576,543,459,338,177,7,-165,-335,-480,-583,-645,-646,-596,-497,-356,-178,17,213,400,559,683,743,736,676,557,391,184,-45,-273,-484,-661,-784,-840,-824,-747,-600,-398,-165,90,337,565,744,861,900,870,766,599,378,126,-133,-377,-585,-750,-855,-879,-835,-733,-567,-362,-133,97,323,517,679,782,820,802,722,593,418,218,10,-205,-407,-576,-705,-777,-796,-761,-677,-538,-357,-152,76,295,495,670,799,863,-568,811,682,497,279,27,-240,-486,-703,-871,-972,-999,-950,-818,-614,-363,-70,234,519,771,966,1091,1117,1057,905,684,403,74,-260,-573,-844,-1049,-1181,-1207,-1137,-971,-718,-409,-59,287,622,905,1124,1248,1269,1184,1008,750,425,58,-305,-652,-948,-1175,-1303,-1320,-1236,-1050,-774,-433,-47,356,729,1030,1256,1378,1381,1262,1029,701,321,-97,-498,-860,-1149,-1339,-1391,-1322,-1124,-834,-476,-86,312,668,962,1173,1257,1229,1084,850,553,214,-143,-468,-741,-932,-1041,-1054,-963,-795,-558,-276,24,310,561,746,861,887,828,683,477,228,-51,-311,-530,-682,-749,-722,-597,-400,-158,97,307,451,495,452,818,1281,247,342,-162,-29,-228,-423,-562,-618,-568,-423,-209,43,300,527,687,773,771,670,502,271,14,-239,-484,-690,-828,-884,-858,-752,-569,-328,-55,232,509,743,908,1000,1011,930,756,517,214,-112,-435,-729,-959,-1125,-1194,-1143,-1001,-766,-457,-98,275,637,949,1182,1330,1356,1260,1050,741,365,-52,-470,-862,-1172,-1389,-1470,-1433,-1268,-990,-622,-204,249,676,1039,1303,1462,1500,1409,1190,868,475,58,-363,-750,-1074,-1309,-1424,-1416,-1290,-1063,-745,-379,16,396,745,1037,1224,1318,1300,1189,987,702,358,6,-350,-676,-939,-1133,-1227,-1241,-1142,-966,-704,-400,-60,284,594,867,1065,1180,1201,1139,990,749,449,130,425,-504,-791,-1010,-1153,-1221,-1178,-1044,-826,-552,-228,120,458,763,1019,1197,1273,1254,1133,912,625,284,-94,-464,-804,-1069,-1259,-1346,-1322,-1175,-937,-621,-255,139,517,850,1117,1280,1343,1296,1135,889,571,198,-185,-547,-859,-1094,-1244,-1272,-1198,-1050,-797,-483,-138,216,529,799,1004,1121,1142,1070,908,674,399,98,-207,-480,-707,-878,-963,-975,-916,-776,-579,-344,-85,173,411,612,746,827,841,775,659,487,282,66,-148,-349,-514,-639,-705,-706,-650,-547,-406,-232,-42,143,309,444,544,591,592,542,451,324,170,4,-155,-295,-411,-487,-517,-506,-447,-357,-239,-102,45,178,302,394,449,459,926,977
10845,mtk,MTK 7916,4083400024,rx1-tx1,512,0,0,0,515,388,151,-124,-369,-521,-538,-414,-184,93,341,510,544,437,223,-51,-312,-482,-524,-433,-228,40,288,455,503,415,214,-34,-271,-433,-475,-388,-203,40,275,427,455,360,158,-81,-292,-427,-443,-326,-116,121,330,459,458,314,83,-175,-394,-511,-490,-337,-78,216,463,586,547,367,91,-225,-495,-647,-631,-442,-130,215,512,691,692,518,201,-173,-515,-731,-753,-586,-268,125,494,744,810,665,354,-50,-441,-729,-839,-730,-441,-45,366,688,839,782,528,148,-265,-610,-805,-798,-586,-231,175,530,748,780,622,314,-69,-425,-662,-734,-622,-355,0,345,592,681,594,365,54,0,-523,-625,-560,-355,-65,244,485,593,540,342,58,-229,-461,-574,-530,-348,-71,229,477,600,562,379,94,-215,-476,-624,-614,-454,-176,161,453,631,663,525,261,-60,-364,-588,-672,-585,-354,-49,260,507,616,578,411,151,-134,-373,-517,-529,-407,-192,50,263,401,430,348,179,-28,-211,-319,-336,-262,-108,66,205,298,300,204,52,-120,-258,-323,-310,-202,-33,142,287,360,352,255,82,-114,-283,-377,-383,-306,-156,35,218,346,388,340,211,31,-149,-280,-346,-338,-246,-91,76,212,300,323,264,135,-12,-155,-266,-313,-289,-210,-89,48,176,262,296,270,202,109,13,-72,0,0,0,0,0,-210,-201,-156,-68,49,176,281,348,359,292,158,-19,-200,-351,-443,-442,-337,-154,65,291,463,522,469,308,71,-190,-430,-581,-597,-468,-219,86,385,609,694,612,378,50,-306,-607,-768,-748,-554,-231,170,551,796,860,727,412,-4,-425,-754,-909,-853,-591,-178,278,665,890,911,709,322,-139,-562,-851,-928,-785,-449,9,467,808,940,833,529,100,-367,-738,-923,-885,-627,-213,258,664,904,916,702,319,-145,-575,-856,-921,-759,-409,41,482,803,909,787,472,35,-403,-739,-884,-803,-524,-108,335,687,866,820,566,164,-285,-653,-854,-837,-611,-228,220,614,861,886,680,301,0,-584,-856,-917,-745,-382,80,535,851,944,804,462,2,-468,-826,-971,-869,-550,-89,387,769,970,913,626,183,-303,-716,-953,-945,-692,-274,211,636,901,941,739,351,-121,-562,-861,-931,-753,-393,57,491,797,895,760,440,7,-427,-746,-860,-751,-452,-38,372,683,814,738,463,72,-331,-642,-781,-711,-453,-81,302,607,752,698,455,93,-280,-580,-725,-680,-454,-112,250,544,700,672,460,142,-207,-505,-662,-639,-458,-162,173,453,613,607,447,172,-142,-416,-570,-573,-429,-169,138,395,539,543,404,159,-129,-383,-529,-528,-395,-156,126,373,511,511,381,149,-134,-370,-508,-519,0,0,0,0,0,133,378,524,533,404,172,-106,-363,-524,-545,-427,-203,68,330,498,530,428,222,-45,-298,-469,-513,-420,-218,32,276,445,487,399,207,-37,-272,-426,-459,-363,-178,62,281,421,447,337,135,-103,-312,-437,-443,-325,-109,146,370,493,473,320,81,-187,-424,-550,-519,-345,-73,231,487,620,591,409,112,-228,-514,-674,-667,-481,-168,203,527,710,720,554,239,-149,-502,-735,-783,-630,-308,90,466,735,823,696,391,-9,-414,-718,-842,-757,-481,-84,324,653,825,795,564,192,-221,-577,-778,-782,-605,-278,116,476,711,763,624,326,-42,-381,-623,-709,-612,-362,-23,313,558,650,0,360,50,-262,-501,-607,-551,-350,-61,238,471,575,525,338,66,-233,-475,-588,-544,-359,-74,237,484,613,588,408,127,-191,-469,-632,-638,-487,-217,108,414,617,673,567,320,1,-310,-548,-651,-590,-400,-121,189,436,562,555,415,180,-88,-325,-463,-471,-369,-189,29,229,353,375,299,141,-43,-199,-294,-310,-226,-73,92,227,301,290,195,39,-131,-264,-334,-319,-218,-54,130,284,374,374,278,117,-78,-255,-365,-391,-328,-193,-8,185,319,369,338,233,71,-105,-247,-320,-322,-247,-109,52,189,280,311,271,173,36,-112,-230,-291,-294,-244,-148,-28,87,183,236,241,207,0,0,0,0,0,-26,-122,-206,-271,-300,-273,-184,-51,102,254,366,406,366,250,72,-133,-329,-459,-491,-405,-227,11,252,442,548,537,394,143,-147,-412,-594,-640,-532,-296,23,355,621,738,680,469,136,-250,-585,-802,-823,-644,-319,92,495,786,896,799,513,93,-351,-710,-906,-883,-651,-259,208,613,871,926,755,395,-72,-518,-815,-926,-813,-488,-36,417,762,922,861,584,156,-305,-698,-916,-901,-667,-267,202,624,889,924,731,363,-96,-537,-832,-912,-765,-431,-1,440,774,904,800,502,74,-377,-722,-870,-806,-548,-145,301,673,867,839,594,196,-250,-640,-867,-870,-645,-259,191,600,860,0,707,335,-126,-558,-851,-935,-776,-419,46,498,833,960,845,512,48,-427,-801,-967,-884,-581,-144,341,751,966,933,667,233,-262,-680,-922,-939,-722,-316,167,606,882,929,744,373,-88,-525,-825,-908,-762,-422,20,458,774,880,757,442,22,-400,-715,-847,-756,-470,-63,356,667,796,720,458,79,-323,-634,-762,-696,-454,-93,292,592,736,685,449,105,-264,-565,-720,-678,-462,-126,235,532,684,650,458,157,-193,-483,-638,-628,-459,-166,164,440,594,590,435,171,-139,-410,-561,-568,-420,-161,137,391,536,538,402,162,-124,-371,-514,-515,-378,-147,126,366,505,514,387,150,-125,0,0
10846,mtk,MTK 7916,4083400024,rx2-tx0,512,0,0,0,-246,-5,243,430,507,444,257,-1,-267,-458,-527,-464,-276,-4,269,476,559,491,293,10,-286,-500,-589,-527,-324,-24,294,530,621,550,333,22,-294,-536,-638,-576,-358,-31,306,560,666,597,361,22,-320,-588,-707,-628,-373,-12,359,639,753,666,395,14,-380,-690,-818,-728,-439,-22,413,746,887,804,508,70,-399,-773,-955,-895,-594,-133,363,779,1003,976,689,222,-303,-756,-1024,-1037,-788,-330,223,717,1024,1075,859,417,-130,-641,-998,-1102,-919,-510,23,552,946,1092,961,598,88,-448,-859,-1052,-976,-653,-168,350,777,1000,964,687,238,-272,-704,-946,-944,-699,-277,217,642,0,921,703,300,-179,-604,-869,-910,-714,-331,149,585,865,924,740,361,-115,-571,-879,-960,-800,-430,64,549,884,998,865,506,8,-495,-879,-1044,-945,-608,-115,412,837,1051,1001,695,216,-324,-790,-1051,-1046,-787,-326,224,716,1029,1089,877,440,-111,-632,-998,-1112,-948,-550,-15,520,932,1120,1028,675,166,-381,-836,-1077,-1062,-787,-320,213,691,995,1062,861,459,-35,-519,-875,-1008,-896,-574,-122,345,719,914,885,644,254,-183,-562,-800,-844,-687,-370,27,403,681,793,708,463,124,-233,-528,-698,-711,-566,-298,32,342,569,673,639,480,233,-45,-298,-481,-567,-551,-449,-289,-110,55,0,0,0,0,0,475,472,388,214,-26,-290,-530,-694,-733,-630,-398,-69,289,600,796,829,676,373,-27,-438,-766,-923,-865,-609,-204,269,699,975,1031,845,447,-73,-591,-988,-1165,-1060,-701,-166,430,937,1237,1252,959,426,-218,-829,-1251,-1388,-1195,-706,-44,641,1184,1453,1385,974,323,-405,-1063,-1459,-1500,-1187,-589,155,854,1349,1525,1334,816,104,-628,-1210,-1495,-1410,-990,-339,400,1031,1401,1426,1101,513,-188,-837,-1269,-1383,-1159,-653,9,656,1137,1328,1190,757,134,-512,-1014,-1249,-1179,-824,-264,357,878,1168,1157,863,358,-229,-748,-1073,-1127,-899,-440,123,639,987,1077,901,499,-21,-531,-903,-1034,-895,-540,0,459,826,982,892,573,108,-380,-756,-937,-882,-601,-160,313,696,898,865,610,205,-247,-627,-844,-839,-618,-239,193,565,788,801,608,260,-153,-513,-728,-762,-592,-264,120,465,688,726,567,255,-114,-445,-652,-684,-534,-244,100,413,617,651,505,228,-101,-393,-581,-614,-478,-213,103,385,563,585,446,190,-110,-376,-540,-557,-418,-165,125,375,519,529,397,152,-133,-374,-510,-510,-372,-131,144,378,512,501,350,113,-154,-373,-488,-479,-339,-110,145,358,476,463,322,93,-160,-369,-476,-452,-311,-83,164,364,462,440,293,65,-173,-365,-457,-425,-280,-55,184,372,458,417,262,0,0,0,0,0,-416,-489,-431,-252,0,254,441,517,456,259,0,-264,-469,-550,-486,-287,-6,278,493,575,502,294,7,-286,-514,-608,-537,-321,-17,300,536,630,566,347,25,-305,-559,-663,-588,-355,-30,312,576,690,609,364,19,-335,-608,-723,-639,-381,-14,370,658,774,688,410,11,-400,-719,-856,-770,-474,-49,401,756,923,847,546,102,-381,-781,-985,-929,-641,-178,345,780,1015,1002,734,272,-267,-747,-1038,-1066,-820,-365,184,684,1016,1099,901,474,-75,-606,-976,-1096,-945,-557,-32,500,904,1073,971,626,124,-406,-824,-1029,-978,-677,-204,309,739,972,953,690,255,-242,-674,-920,-927,-700,0,197,622,879,908,700,307,-166,-598,-869,-915,-726,-343,136,577,868,944,776,397,-93,-561,-891,-989,-830,-460,29,522,880,1017,900,559,62,-461,-866,-1050,-964,-637,-158,372,813,1050,1023,743,265,-280,-754,-1049,-1078,-829,-377,164,674,1015,1102,912,490,-59,-589,-965,-1115,-992,-619,-88,465,894,1101,1046,733,243,-302,-767,-1045,-1066,-834,-406,120,613,949,1035,877,520,46,-433,-796,-960,-893,-610,-190,262,640,858,863,661,313,-97,-480,-742,-819,-704,-427,-53,319,610,750,715,520,210,-139,-440,-641,-704,-608,-386,-95,208,459,606,635,546,369,139,-92,-282,-402,-442,-410,0,0,0,0,0,22,226,415,564,639,606,453,199,-116,-424,-664,-785,-749,-552,-231,153,522,788,881,777,492,81,-365,-739,-954,-954,-732,-333,167,649,986,1098,958,579,43,-517,-975,-1209,-1162,-837,-301,330,894,1258,1332,1081,564,-96,-742,-1230,-1432,-1288,-845,-192,520,1120,1459,1446,1093,467,-288,-957,-1398,-1515,-1271,-712,19,744,1284,1511,1379,917,226,-511,-1112,-1447,-1431,-1059,-431,290,934,1341,1414,1138,588,-97,-754,-1214,-1362,-1176,-704,-69,579,1078,1304,1189,780,195,-432,-946,-1210,-1169,-840,-309,290,816,1128,1147,882,403,-173,-695,-1029,-1104,-898,-468,72,584,941,1059,903,517,5,-497,-860,0,-890,-552,-74,419,793,963,886,580,133,-340,-727,-922,-878,-605,-184,275,660,870,851,614,224,-222,-606,-814,-818,-614,-254,173,539,755,772,597,267,-134,-490,-709,-742,-578,-267,105,450,670,699,547,254,-108,-434,-636,-667,-520,-236,99,407,605,632,488,216,-106,-398,-580,-596,-455,-201,107,380,544,564,425,171,-118,-374,-529,-538,-399,-155,127,376,522,524,386,139,-142,-372,-507,-507,-365,-122,146,373,499,491,348,113,-147,-365,-486,-471,-329,-102,150,360,473,459,318,87,-161,-364,-469,-443,-299,-77,165,356,453,432,287,56,-185,-365,-454,-416,-264,-42,199,384,0,0
10847,mtk,MTK 7916,4083400024,rx2-tx1,512,0,0,0,-25,-67,-91,-79,-44,0,48,88,101,80,40,-11,-62,-97,-109,-90,-49,5,62,109,126,113,68,8,-47,-94,-115,-113,-92,-46,9,59,91,101,93,65,26,-13,-45,-66,-72,-67,-53,-35,-8,12,28,46,57,66,64,50,28,-3,-44,-84,-109,-114,-100,-64,2,77,143,175,170,131,54,-44,-140,-209,-230,-193,-109,8,120,213,263,260,187,57,-88,-209,-290,-308,-247,-124,34,186,298,339,295,179,22,-147,-292,-361,-332,-229,-70,109,268,357,358,271,122,-60,-229,-340,-366,-297,-149,31,202,328,365,308,174,-5,-187,-328,-378,-329,-197,-9,181,0,396,356,222,29,-182,-353,-430,-391,-257,-55,163,345,452,448,318,107,-135,-351,-484,-501,-388,-173,90,339,508,547,461,248,-34,-310,-512,-591,-527,-331,-41,266,512,635,599,412,112,-225,-503,-665,-675,-513,-225,138,472,691,750,630,352,-20,-399,-680,-805,-736,-492,-132,270,617,811,816,634,298,-105,-486,-757,-839,-728,-453,-77,315,634,791,762,563,228,-165,-497,-715,-767,-632,-357,-5,349,612,725,662,451,148,-185,-476,-651,-669,-534,-279,30,330,547,636,591,416,142,-157,-410,-569,-609,-521,-318,-63,190,405,530,551,476,319,116,-90,-260,-371,-413,-384,-310,0,0,0,0,0,162,106,21,-84,-188,-272,-320,-319,-257,-139,12,167,295,373,379,300,154,-25,-203,-349,-422,-397,-283,-102,111,304,435,472,404,233,-3,-245,-441,-542,-516,-367,-123,162,421,594,633,522,285,-24,-348,-607,-730,-684,-484,-163,210,544,760,809,673,377,-12,-408,-718,-864,-820,-588,-211,221,601,843,894,739,405,-12,-425,-749,-903,-836,-576,-185,244,617,844,869,683,342,-71,-467,-749,-852,-744,-456,-69,327,643,800,762,544,195,-207,-553,-752,-774,-609,-293,92,456,695,756,642,371,11,-352,-622,-735,-678,-448,-100,265,559,714,696,511,204,-158,-484,-689,-719,-570,0,82,415,647,717,606,345,1,-346,-600,-704,-640,-413,-82,269,546,688,654,462,150,-202,-502,-676,-684,-512,-215,131,445,653,697,569,293,-56,-385,-622,-702,-603,-364,-33,313,582,702,649,433,113,-234,-528,-686,-670,-494,-197,144,443,638,673,535,273,-48,-357,-575,-644,-555,-331,-30,274,504,605,558,376,101,-188,-425,-551,-541,-397,-156,113,344,492,513,410,213,-33,-263,-419,-472,-403,-242,-26,185,339,408,381,260,79,-112,-259,-339,-335,-249,-104,53,189,271,276,213,108,-18,-141,-212,-222,-187,-107,3,102,166,179,150,85,1,-71,-117,-135,-111,-57,6,0,0,0,0,0,84,62,14,-43,-83,-96,-80,-40,9,61,94,101,86,40,-16,-67,-106,-123,-105,-60,-2,58,101,121,116,79,28,-27,-78,-108,-108,-89,-54,-11,32,67,89,84,65,46,19,-15,-38,-53,-65,-66,-53,-37,-18,5,33,61,78,88,89,67,26,-28,-82,-125,-148,-138,-91,-22,60,138,188,196,160,84,-20,-128,-211,-245,-225,-149,-28,107,218,285,284,210,84,-65,-207,-301,-325,-273,-150,15,177,299,352,323,211,45,-134,-273,-354,-353,-261,-107,79,247,345,361,294,144,-47,-220,-338,-372,-304,-160,18,199,331,374,321,189,1,-187,-326,-385,-342,0,-23,181,339,406,370,234,36,-173,-344,-436,-415,-281,-71,159,354,479,480,353,136,-117,-353,-500,-525,-422,-214,63,324,505,565,488,282,0,-286,-508,-609,-554,-363,-74,245,505,645,633,455,159,-178,-486,-683,-715,-570,-277,86,431,683,773,679,417,48,-338,-654,-812,-781,-571,-217,189,550,790,842,688,375,-24,-410,-692,-824,-766,-522,-150,253,579,767,783,613,301,-78,-433,-668,-744,-656,-412,-73,273,552,703,680,500,219,-105,-407,-605,-668,-575,-344,-47,248,487,609,600,464,228,-50,-310,-506,-591,-552,-408,-197,46,273,435,506,494,405,258,91,-58,-171,0,0,0,0,0,147,218,262,267,230,147,33,-104,-236,-329,-356,-322,-227,-77,92,247,365,406,356,220,35,-160,-329,-431,-439,-347,-168,56,278,446,507,448,288,60,-199,-429,-568,-578,-440,-197,100,396,613,684,606,386,60,-289,-580,-749,-750,-576,-271,106,476,748,847,752,488,109,-310,-654,-849,-859,-672,-321,112,522,796,888,785,499,90,-334,-681,-869,-855,-642,-266,164,548,797,860,718,405,3,-400,-702,-825,-751,-501,-132,263,596,781,762,561,238,-143,-494,-721,-763,-617,-327,43,407,666,758,664,416,61,-305,-592,-734,-692,-476,-146,216,530,708,709,538,232,-130,-455,0,-721,-583,-306,42,375,616,707,617,378,41,-304,-573,-697,-643,-428,-115,231,519,674,667,487,182,-162,-471,-667,-690,-539,-251,96,418,640,704,587,330,-8,-354,-605,-707,-637,-405,-71,279,555,694,663,468,162,-185,-486,-663,-676,-520,-240,97,403,607,653,546,312,0,-314,-538,-625,-560,-358,-76,220,461,583,550,384,132,-149,-382,-524,-535,-407,-185,71,302,449,488,407,227,1,-220,-379,-437,-392,-254,-57,149,304,374,350,248,94,-81,-229,-309,-307,-232,-112,29,157,237,252,200,103,-13,-118,-181,-196,-163,-93,-4,85,141,150,127,71,-3,-63,-97,-111,0,0
10848,mtk,MTK 7916,4083455721,rx0-tx0,512,557,-378,-71,-512,-394,-235,-49,142,322,468,569,618,601,533,407,233,32,-188,-381,-548,-663,-708,-683,-573,-396,-169,84,338,564,734,815,794,698,504,234,-57,-342,-592,-779,-855,-836,-726,-525,-259,31,319,554,733,810,791,689,510,277,16,-234,-455,-620,-717,-726,-654,-513,-311,-86,140,338,497,590,619,585,481,336,160,-32,-209,-352,-453,-512,-514,-458,-354,-224,-75,71,206,325,392,430,421,362,275,163,31,-95,-213,-312,-365,-376,-351,-283,-191,-89,21,127,214,268,294,289,249,183,116,39,-39,-107,-156,-189,-202,-205,-190,-159,-122,-68,-15,39,102,144,183,205,200,-588,158,106,38,-38,-116,-172,-220,-238,-228,-183,-134,-70,13,81,148,195,210,206,175,134,77,21,-29,-84,-124,-144,-153,-144,-125,-98,-65,-40,-18,10,38,68,97,124,140,148,151,146,120,73,18,-54,-128,-195,-256,-290,-289,-252,-178,-63,64,198,311,399,425,407,340,208,45,-122,-282,-415,-489,-499,-458,-342,-189,-9,170,330,459,517,500,425,303,145,-34,-209,-352,-447,-478,-459,-382,-260,-112,52,206,330,411,430,400,326,208,77,-59,-196,-295,-359,-370,-338,-268,-167,-50,86,204,284,333,336,287,194,80,-53,-176,-259,-296,-279,-212,-108,5,104,169,-1217,-984,587,972,1063,83,177,245,267,229,135,6,-134,-260,-346,-365,-332,-244,-105,48,198,323,398,421,385,290,149,-13,-180,-324,-432,-480,-452,-363,-235,-68,105,271,398,475,488,432,319,172,0,-178,-324,-419,-463,-448,-372,-264,-118,41,185,308,376,404,385,311,215,97,-20,-135,-228,-284,-308,-300,-268,-204,-124,-43,45,130,193,229,245,244,210,163,104,35,-43,-110,-165,-194,-210,-217,-191,-143,-94,-37,30,92,141,171,199,217,198,162,118,58,-3,-67,-124,-176,-213,-223,-215,-195,-155,-98,-19,59,138,206,253,280,275,237,174,97,1,-100,-195,-279,-334,-350,-330,-268,-291,-47,64,180,284,367,411,400,347,253,132,-9,-156,-293,-392,-446,-454,-411,-326,-187,-31,129,278,381,453,472,437,349,229,89,-69,-204,-310,-394,-438,-433,-388,-304,-202,-78,62,189,292,383,444,469,446,374,259,118,-44,-214,-365,-488,-564,-585,-555,-449,-295,-98,127,337,514,660,726,700,603,438,210,-52,-317,-554,-733,-835,-837,-743,-557,-300,-2,302,567,769,891,907,820,628,355,49,-270,-554,-776,-905,-937,-850,-668,-399,-89,226,510,735,875,902,829,662,412,130,-162,-427,-639,-777,-820,-768,-634,-437,-190,70,305,499,643,710,692,609,461,267,63,-153,886,1040,525,1219,1405,316,461,562,607,587,515,387,225,42,-151,-331,-493,-601,-654,-636,-548,-414,-219,3,240,458,633,743,768,715,569,349,78,-202,-464,-689,-825,-855,-793,-641,-394,-104,188,464,684,819,855,784,625,399,124,-145,-397,-603,-736,-775,-726,-597,-408,-174,72,294,489,620,680,654,565,414,225,25,-178,-352,-479,-559,-567,-509,-404,-268,-108,61,219,344,426,469,454,406,304,184,62,-79,-207,-304,-380,-404,-384,-333,-240,-122,-2,119,225,297,334,339,302,234,148,51,-47,-132,-189,-224,-244,-243,-207,-163,-108,-51,2,66,112,156,185,198,199,179,139,95,31,-31,321,-152,-198,-222,-227,-203,-156,-94,-22,63,129,179,222,228,203,167,104,40,-30,-94,-145,-175,-176,-173,-150,-111,-66,-23,22,60,89,107,114,118,121,113,99,81,62,31,-1,-37,-90,-147,-189,-212,-220,-204,-164,-96,1,108,210,296,356,371,337,256,135,-16,-157,-304,-418,-467,-463,-399,-276,-107,61,233,382,474,513,483,397,255,72,-115,-276,-405,-481,-500,-456,-355,-208,-38,131,280,387,447,453,397,303,165,14,-128,-258,-353,-394,-396,-344,-248,-126,8,133,239,313,354,348,282,189,76,-52,-173,-265,-317,-324,-269,-172,-50,74,178,237,244,198,119,671,958,-258,-59,-167,197,152,61,-56,-181,-279,-327,-314,-241,-114,35,174,301,380,398,358,255,117,-38,-194,-331,-419,-450,-421,-333,-199,-23,156,304,418,476,471,401,278,120,-59,-229,-363,-448,-483,-450,-356,-222,-64,112,257,366,430,433,388,294,164,28,-111,-225,-311,-352,-358,-324,-249,-154,-52,46,130,205,249,272,272,237,174,104,33,-46,-118,-178,-214,-233,-227,-199,-148,-86,-29,39,106,152,178,202,211,192,152,99,44,-20,-89,-130,-174,-199,-206,-198,-171,-129,-66,4,67,127,179,221,243,240,219,164,94,11,-82,-166,-234,-282,-311,-302,-257,-184,-82,27,136,240,374,368,368,336,267,162,29,-108,-230,-326,-393,-428,-414,-352,-233,-90,65,217,346,439,470,456,382,273,136,-20,-180,-310,-404,-460,-460,-401,-320,-207,-71,71,203,307,380,430,435,391,331,230,106,-38,-185,-319,-422,-486,-518,-489,-415,-288,-124,61,255,431,562,645,652,580,450,265,26,-213,-438,-627,-752,-790,-736,-597,-386,-117,169,446,677,831,890,842,690,467,181,-133,-432,-691,-862,-933,-900,-758,-524,-233,86,403,664,848,930,899,768,552,267,-43,-340,-599,-781,-856,-845,-731,-550,-300,-23,250,483,655,752,756,677,539,343,108,-123,-333,-506,-608,-650,-633,779,522
10849,mtk,MTK 7916,4083455721,rx0-tx1,512,-760,-724,-941,855,941,928,815,609,325,-9,-342,-641,-883,-1031,-1063,-981,-787,-493,-144,236,587,882,1081,1162,1114,934,650,292,-109,-504,-850,-1101,-1234,-1224,-1072,-801,-439,-23,397,775,1069,1242,1278,1177,937,595,185,-251,-650,-977,-1197,-1289,-1243,-1048,-740,-353,65,477,844,1111,1251,1256,1128,880,533,133,-284,-663,-967,-1175,-1243,-1176,-987,-682,-315,81,468,808,1054,1171,1163,1045,808,484,114,-261,-604,-877,-1054,-1111,-1055,-885,-624,-299,58,401,699,917,1028,1035,931,730,459,138,-184,-488,-732,-900,-970,-945,-827,-621,-344,-39,269,545,763,905,951,899,749,528,249,-60,-371,-648,-849,-961,-430,-885,-690,-421,-98,239,550,809,984,1042,985,819,556,220,-148,-490,-779,-990,-1081,-1047,-895,-626,-283,80,445,743,968,1081,1050,904,656,329,-40,-393,-689,-914,-1027,-1009,-871,-636,-340,-12,312,599,798,905,904,796,609,350,63,-216,-474,-667,-771,-785,-718,-570,-372,-136,110,329,506,618,658,636,535,388,198,-9,-196,-367,-494,-559,-569,-517,-401,-244,-74,105,266,386,472,494,461,384,266,123,-33,-177,-291,-371,-421,-415,-355,-261,-142,-17,114,231,319,359,363,325,249,143,18,-102,-207,-285,-326,-322,-274,-190,-78,36,148,236,277,275,227,142,40,-67,-147,-175,-276,-477,-195,866,473,-57,-184,-286,-337,-325,-240,-102,60,220,341,414,424,367,252,103,-59,-220,-354,-441,-477,-449,-358,-224,-64,109,276,410,501,531,501,404,257,77,-114,-308,-471,-581,-624,-590,-495,-331,-118,113,342,537,668,726,696,577,387,137,-129,-391,-623,-764,-828,-788,-646,-432,-149,156,438,673,823,864,811,657,421,132,-169,-444,-664,-800,-839,-781,-628,-402,-127,137,384,585,715,761,714,586,402,175,-66,-288,-475,-598,-659,-644,-563,-422,-238,-44,156,325,462,541,567,537,449,323,169,-3,-175,-327,-432,-503,-524,-491,-412,-294,-142,20,179,326,438,512,540,502,416,288,230,-60,-238,-391,-514,-582,-581,-523,-404,-234,-36,166,359,506,595,619,576,474,309,117,-92,-289,-449,-558,-605,-589,-510,-373,-199,-4,189,350,470,543,557,510,412,274,116,-46,-205,-342,-437,-488,-489,-445,-361,-245,-107,39,173,293,385,436,450,424,363,262,147,15,-120,-249,-360,-438,-474,-471,-425,-338,-208,-58,102,264,401,502,552,550,494,381,228,39,-152,-334,-493,-592,-635,-616,-533,-387,-194,22,237,424,579,673,697,642,515,343,128,-105,-332,-523,-660,-735,-731,-647,-493,-286,-48,198,429,617,736,788,751,638,455,216,-44,-312,-543,-727,-832,-846,-773,-622,178,438,136,-481,-249,381,82,-233,-524,-774,-946,-1012,-962,-812,-564,-242,114,458,767,991,1111,1106,968,726,396,18,-373,-726,-997,-1163,-1202,-1107,-885,-557,-167,256,648,970,1190,1272,1212,1017,705,312,-111,-532,-890,-1146,-1282,-1271,-1116,-840,-469,-49,377,760,1053,1231,1274,1189,968,635,242,-178,-575,-914,-1149,-1256,-1225,-1057,-788,-432,-21,378,743,1018,1173,1207,1114,902,582,202,-177,-543,-846,-1056,-1145,-1117,-967,-714,-385,-22,339,658,901,1048,1082,995,811,534,213,-126,-452,-720,-910,-997,-983,-868,-660,-391,-83,223,509,751,902,958,915,778,565,295,-8,-314,-584,-794,-922,-956,-892,-725,-479,-180,-1099,455,723,913,1009,988,857,638,338,-10,-352,-669,-916,-1058,-1070,-955,-742,-441,-80,286,627,896,1046,1082,989,781,494,130,-245,-578,-850,-1020,-1063,-976,-785,-503,-159,192,514,768,927,979,918,746,493,192,-125,-412,-646,-801,-854,-818,-689,-481,-226,41,294,502,648,721,709,625,468,268,54,-161,-354,-502,-596,-610,-566,-466,-320,-139,49,236,385,484,525,514,439,327,180,15,-137,-276,-386,-445,-453,-407,-317,-207,-72,77,208,304,363,387,368,307,206,86,-38,-158,-259,-326,-351,-330,-268,-175,-65,58,166,256,302,304,265,179,70,-44,-147,-218,-246,-226,-156,-70,-829,-738,364,324,545,-259,-230,-135,0,154,289,374,395,346,238,91,-77,-237,-362,-430,-444,-399,-296,-157,6,179,326,433,490,493,433,313,154,-29,-211,-372,-494,-561,-566,-509,-380,-200,7,219,416,577,668,679,608,456,247,4,-250,-481,-661,-763,-772,-698,-524,-278,-2,293,545,739,850,845,743,552,283,-15,-306,-568,-757,-855,-842,-729,-531,-271,13,297,536,712,789,771,679,508,284,26,-227,-444,-601,-693,-702,-632,-495,-306,-97,119,317,478,575,614,583,495,362,189,7,-175,-331,-447,-518,-539,-503,-419,-299,-150,15,177,319,433,503,518,487,407,284,138,-35,-208,-355,-479,-198,-567,-516,-416,-272,-88,103,290,449,558,605,589,509,361,180,-27,-228,-410,-543,-612,-614,-548,-418,-249,-52,145,328,471,557,586,550,454,320,150,-34,-206,-351,-459,-513,-520,-475,-382,-256,-105,47,195,316,410,462,464,425,353,246,120,-15,-148,-269,-366,-426,-455,-443,-390,-301,-178,-39,103,244,368,461,509,517,470,366,222,56,-119,-290,-439,-551,-603,-586,-522,-395,-217,-23,186,380,537,641,671,627,522,362,159,-66,-287,-477,-620,-707,-712,-644,-503,-316,-90,154,380,571,703,761,743,645,472,255,6,-250,-479,-666,-783,-816,-765,-631,-424,-172,106,367,602,-538,-382
10850,mtk,MTK 7916,4083455721,rx1-tx0,512,-144,-411,51,-289,-149,10,161,298,402,448,437,370,252,98,-67,-224,-355,-445,-474,-440,-351,-212,-43,134,291,415,485,495,438,329,172,-8,-186,-348,-469,-535,-533,-464,-332,-164,31,231,397,524,592,581,498,364,170,-44,-255,-447,-584,-657,-647,-564,-407,-198,43,280,485,643,729,731,638,467,235,-31,-293,-531,-715,-814,-812,-708,-526,-273,15,309,568,761,853,843,740,544,279,-19,-314,-563,-745,-847,-842,-737,-551,-302,-15,262,508,698,797,807,731,576,361,100,-159,-398,-591,-717,-767,-733,-624,-450,-227,21,273,482,645,748,768,707,571,376,129,-128,-388,-604,-753,-827,231,-715,-527,-273,16,316,587,799,921,932,842,662,394,70,-267,-582,-830,-996,-1038,-960,-775,-483,-130,244,595,869,1061,1136,1057,862,563,189,-214,-593,-906,-1121,-1199,-1128,-934,-627,-235,180,570,904,1128,1242,1191,1001,700,302,-124,-542,-902,-1158,-1275,-1233,-1062,-759,-360,86,530,913,1191,1325,1294,1115,790,363,-113,-575,-970,-1239,-1359,-1300,-1081,-723,-272,212,667,1023,1239,1296,1202,930,553,119,-321,-712,-998,-1146,-1143,-994,-733,-375,22,394,701,917,1002,953,794,525,197,-142,-452,-694,-838,-867,-771,-572,-306,11,312,561,711,751,675,477,210,-81,-345,-520,-573,-502,-333,-118,-475,-777,-417,417,404,35,-188,-411,-554,-593,-499,-295,-23,269,523,689,741,679,500,241,-54,-351,-603,-767,-831,-778,-622,-374,-66,254,542,764,898,917,822,605,308,-28,-383,-699,-926,-1054,-1037,-891,-633,-281,101,498,840,1083,1196,1159,975,656,259,-187,-624,-993,-1248,-1341,-1269,-1034,-654,-208,282,749,1132,1368,1431,1318,1040,634,137,-384,-849,-1212,-1425,-1456,-1315,-1014,-576,-74,432,882,1224,1411,1423,1264,955,532,52,-429,-844,-1157,-1335,-1347,-1199,-915,-535,-92,351,747,1058,1226,1265,1152,909,570,164,-254,-632,-945,-1148,-1218,-1149,-957,-630,-252,151,539,854,1074,1165,1140,978,705,365,-25,-413,-752,-49,-1147,-1164,-1047,-818,-482,-95,293,662,962,1146,1206,1138,937,611,219,-202,-605,-937,-1174,-1274,-1225,-1029,-710,-302,145,576,951,1211,1321,1277,1080,750,338,-123,-571,-948,-1204,-1316,-1273,-1073,-759,-342,111,537,900,1150,1261,1221,1029,724,342,-87,-491,-831,-1068,-1171,-1124,-956,-684,-332,49,415,716,934,1036,1021,879,631,328,-4,-331,-605,-809,-905,-889,-781,-586,-324,-29,254,497,681,777,781,694,538,314,58,-185,-406,-573,-671,-683,-613,-478,-292,-78,142,340,491,576,592,544,423,259,69,-119,-296,-432,-507,-526,-474,-365,-223,-58,119,279,398,462,471,423,321,182,30,-131,177,419,-95,-505,-838,339,422,445,415,336,203,44,-117,-264,-380,-445,-453,-405,-303,-157,18,183,329,435,483,466,392,268,105,-76,-247,-388,-485,-515,-487,-394,-249,-68,123,302,443,532,561,520,414,258,63,-150,-339,-497,-604,-627,-582,-463,-288,-73,156,371,548,664,700,649,527,336,100,-161,-407,-608,-739,-780,-731,-600,-383,-117,174,433,651,800,850,798,647,409,121,-175,-452,-683,-826,-868,-810,-654,-430,-146,154,426,641,790,842,792,660,446,187,-83,-341,-557,-712,-783,-764,-670,-499,-281,-31,216,436,618,726,761,710,582,403,176,-74,-317,-527,-693,-779,-788,-713,-549,-329,-68,-568,472,689,831,888,846,702,475,183,-135,-436,-703,-902,-992,-968,-826,-590,-279,78,422,736,964,1077,1068,921,676,353,-33,-421,-752,-1008,-1146,-1146,-1010,-761,-412,-3,397,749,1032,1189,1202,1079,823,479,66,-365,-742,-1040,-1213,-1244,-1134,-889,-539,-112,320,719,1049,1251,1307,1205,958,587,144,-320,-746,-1092,-1305,-1352,-1229,-956,-554,-89,397,823,1152,1321,1327,1152,833,414,-38,-493,-884,-1131,-1237,-1186,-981,-654,-258,165,541,847,1040,1083,984,768,467,108,-247,-563,-800,-918,-914,-791,-570,-275,51,363,605,765,812,732,548,279,-15,-308,-540,-663,-669,-548,-328,-65,183,360,432,725,391,247,334,469,-443,-457,-344,-135,130,395,593,688,654,496,242,-48,-339,-585,-738,-785,-720,-543,-289,7,311,577,776,866,842,706,478,179,-153,-479,-746,-918,-987,-939,-756,-473,-121,262,614,903,1083,1135,1047,814,473,63,-364,-762,-1059,-1232,-1265,-1133,-857,-461,5,471,896,1209,1371,1380,1208,872,420,-78,-575,-1002,-1315,-1469,-1417,-1193,-830,-359,154,649,1071,1353,1459,1389,1147,773,304,-194,-662,-1046,-1305,-1397,-1320,-1089,-738,-294,177,615,970,1211,1312,1254,1063,737,342,-88,-509,-858,-1111,-1231,-1207,-1052,-779,-418,-10,383,744,1022,1166,1190,1069,828,491,108,-285,-650,-928,-1111,-1176,-1101,-901,425,-246,151,530,851,1081,1174,1146,1001,721,357,-42,-440,-805,-1077,-1220,-1231,-1098,-837,-472,-44,389,782,1080,1264,1297,1185,924,542,94,-363,-776,-1099,-1288,-1325,-1199,-932,-551,-111,347,754,1072,1262,1294,1174,919,553,128,-308,-704,-1000,-1186,-1224,-1110,-868,-523,-123,278,628,905,1071,1107,1005,795,498,149,-206,-540,-785,-931,-972,-896,-723,-471,-166,139,420,653,806,853,797,658,448,188,-83,-339,-548,-694,-743,-706,-593,-410,-188,53,274,457,585,639,616,522,370,179,-28,-230,-401,-511,-557,-538,-463,-323,-157,27,208,354,451,498,482,403,276,120,-46,-207,-338,-418,-452,-436,-524,-347
10851,mtk,MTK 7916,4083455721,rx1-tx1,512,0,0,0,-460,-516,-468,-326,-109,132,332,470,519,451,296,79,-155,-352,-477,-502,-425,-262,-48,175,361,463,473,388,215,-3,-210,-359,-440,-425,-314,-136,69,254,380,429,380,243,57,-141,-315,-414,-412,-322,-162,42,238,382,444,405,267,70,-152,-350,-475,-495,-408,-236,-3,244,447,556,551,427,219,-50,-320,-533,-644,-621,-468,-220,84,382,600,703,665,496,217,-114,-421,-650,-752,-702,-515,-224,118,444,690,800,739,537,240,-112,-453,-695,-806,-756,-558,-260,85,420,675,789,749,566,277,-64,-391,-634,-748,-717,-548,-276,48,355,578,684,655,495,240,-60,-337,-541,-634,0,-431,-194,85,342,516,577,524,364,130,-127,-359,-516,-562,-481,-301,-62,190,412,549,579,485,283,25,-238,-460,-596,-614,-513,-309,-44,237,482,633,656,560,355,84,-193,-430,-587,-635,-560,-384,-147,111,355,516,565,513,370,167,-57,-262,-411,-465,-417,-296,-130,47,212,319,346,293,187,47,-97,-215,-280,-272,-199,-81,58,188,277,303,257,156,22,-127,-257,-335,-348,-291,-180,-31,125,260,347,369,323,216,72,-81,-221,-323,-361,-327,-238,-105,42,176,276,324,304,229,119,-7,-137,-237,-293,-289,-237,-152,-46,72,178,254,287,275,223,144,56,-30,-98,-144,0,0,0,0,0,-41,-120,-190,-251,-285,-280,-232,-146,-22,112,238,342,400,392,317,189,21,-160,-325,-446,-492,-445,-316,-132,90,306,471,559,557,447,241,-13,-273,-499,-640,-660,-566,-364,-81,226,506,700,768,701,497,185,-164,-484,-725,-846,-809,-618,-310,63,430,721,876,864,698,407,19,-371,-687,-869,-887,-737,-448,-67,329,655,850,881,748,471,94,-307,-643,-854,-901,-770,-484,-101,301,644,858,904,778,505,136,-265,-606,-827,-890,-773,-502,-137,256,587,802,868,756,487,129,-249,-578,-791,-844,-722,-452,-94,278,595,792,833,706,430,70,-303,-625,-821,-844,-699,-417,-43,345,0,840,858,701,408,24,-368,-688,-873,-882,-712,-408,-17,385,708,890,895,716,400,6,-392,-720,-906,-911,-733,-411,-7,398,720,902,902,724,401,-4,-400,-706,-874,-876,-698,-376,21,405,707,863,843,651,329,-57,-422,-690,-820,-790,-587,-265,97,436,693,795,728,518,201,-152,-473,-696,-770,-679,-453,-142,197,494,682,722,620,388,73,-247,-514,-682,-704,-575,-325,-19,287,531,668,666,524,279,-24,-314,-533,-643,-623,-470,-218,63,323,519,603,555,395,160,-105,-345,-512,-567,-498,-331,-98,154,374,505,535,452,275,41,-205,-406,-508,-504,-398,-209,24,243,420,505,0,0,0,0,0,227,4,-230,-419,-512,-504,-397,-203,33,257,426,509,495,377,176,-50,-260,-422,-498,-464,-336,-138,91,288,425,469,409,267,73,-130,-308,-419,-433,-350,-200,-5,196,348,418,396,283,107,-90,-271,-393,-429,-367,-216,-12,200,368,464,455,347,157,-76,-303,-463,-538,-501,-351,-112,158,401,562,607,530,339,73,-216,-472,-636,-669,-570,-347,-52,263,534,702,728,610,367,47,-293,-575,-745,-776,-655,-393,-59,290,590,777,800,669,412,74,-279,-577,-766,-805,-678,-423,-99,250,552,733,771,662,424,104,-226,-502,-677,-721,-622,-397,-97,201,455,625,664,559,347,77,0,-437,-579,-596,-493,-291,-22,241,445,554,550,432,220,-40,-279,-460,-564,-542,-399,-175,86,338,523,598,555,402,165,-110,-365,-559,-640,-597,-441,-201,77,337,541,647,621,475,249,-25,-289,-489,-597,-597,-476,-275,-31,201,385,488,501,416,253,48,-148,-298,-386,-390,-311,-177,-14,141,252,301,276,193,65,-83,-209,-271,-266,-214,-108,34,171,273,319,302,226,100,-57,-209,-324,-371,-351,-269,-128,33,186,308,366,354,284,165,12,-137,-255,-320,-334,-287,-185,-43,93,207,283,307,270,183,65,-55,-168,-250,-288,-281,-228,-138,-32,74,162,223,248,240,206,152,0,0,0,0,0,191,184,148,77,-14,-116,-220,-305,-350,-350,-294,-181,-31,125,277,390,441,424,332,171,-26,-226,-398,-509,-532,-462,-301,-73,175,398,552,617,570,414,173,-107,-381,-602,-713,-690,-538,-279,37,355,625,793,808,675,416,72,-293,-608,-815,-875,-774,-526,-175,208,556,800,895,818,579,233,-151,-511,-777,-897,-831,-603,-269,122,494,774,899,849,632,295,-99,-476,-766,-903,-858,-649,-319,81,464,754,891,858,662,336,-54,-439,-733,-869,-829,-638,-321,53,417,704,849,825,632,305,-75,-438,-711,-834,-792,-595,-272,103,455,720,845,794,584,250,-132,-490,-746,-852,-792,0,-229,155,514,778,882,809,575,220,-186,-558,-816,-911,-827,-578,-213,194,564,831,926,840,586,216,-198,-575,-838,-929,-839,-580,-213,195,570,829,918,827,567,192,-217,-573,-812,-884,-778,-516,-150,237,572,797,856,729,466,116,-256,-573,-772,-809,-674,-406,-63,296,585,745,755,610,335,-8,-346,-603,-727,-713,-548,-266,68,381,611,714,669,482,204,-118,-414,-623,-706,-640,-431,-144,159,430,615,670,585,383,106,-189,-440,-593,-625,-527,-321,-58,211,431,563,576,459,248,-2,-247,-444,-546,-530,-401,-192,58,287,451,523,482,339,126,-111,-328,-468,-507,-440,-281,-60,0,0
10852,mtk,MTK 7916,4083455721,rx2-tx0,512,0,0,0,427,308,122,-94,-297,-438,-485,-426,-278,-67,159,360,488,515,428,249,16,-223,-422,-531,-534,-420,-216,38,291,481,569,540,397,167,-101,-356,-537,-605,-543,-367,-108,174,422,587,626,530,321,36,-267,-516,-650,-648,-510,-262,53,364,600,716,681,491,196,-146,-475,-710,-800,-720,-484,-138,235,573,808,879,766,493,122,-294,-661,-894,-949,-819,-513,-95,344,715,947,997,844,511,76,-375,-757,-993,-1032,-863,-519,-69,391,771,1006,1038,862,519,73,-388,-775,-999,-1023,-847,-507,-61,389,761,976,991,811,475,45,-392,-740,-936,-943,-762,-432,-15,404,735,904,885,686,0,-63,-454,-748,-885,-840,-625,-280,127,502,774,892,823,577,212,-196,-571,-830,-926,-829,-565,-183,244,628,884,967,855,567,162,-282,-676,-932,-1003,-878,-579,-166,288,686,953,1033,902,589,155,-312,-715,-981,-1054,-921,-605,-171,302,715,987,1068,943,632,193,-283,-706,-992,-1084,-960,-654,-218,257,680,975,1082,982,696,283,-179,-599,-906,-1037,-968,-716,-335,96,502,811,960,923,715,379,-17,-402,-701,-864,-859,-692,-403,-50,305,594,767,795,675,432,112,-212,-484,-668,-732,-660,-471,-205,86,354,559,662,652,539,344,105,-145,-364,-520,-592,-578,-490,-352,-188,-26,117,229,0,0,0,0,0,88,250,405,537,614,612,522,352,117,-154,-418,-633,-759,-766,-646,-414,-105,234,543,773,874,822,613,293,-91,-480,-795,-968,-970,-795,-466,-33,421,811,1062,1122,976,638,174,-332,-799,-1129,-1257,-1151,-825,-330,223,752,1148,1344,1291,991,502,-83,-676,-1154,-1403,-1394,-1135,-659,-43,577,1088,1398,1446,1224,771,169,-463,-1004,-1351,-1443,-1262,-840,-264,358,907,1280,1403,1255,864,315,-292,-836,-1205,-1339,-1221,-870,-349,226,748,1113,1263,1163,835,347,-204,-697,-1054,-1200,-1111,-799,-331,185,651,989,1130,1041,751,317,-178,-627,-943,-1066,-983,-704,-288,180,603,900,1013,917,642,243,-201,0,-875,-963,-859,-585,-198,225,598,843,916,804,530,157,-244,-593,-820,-875,-746,-473,-112,270,592,789,822,685,410,63,-297,-590,-752,-756,-610,-338,0,329,580,711,690,526,262,-56,-365,-590,-677,-621,-440,-170,130,400,581,636,557,361,89,-198,-436,-577,-595,-485,-273,-5,259,463,565,545,407,186,-76,-315,-481,-538,-483,-328,-102,146,364,496,520,434,255,21,-214,-399,-500,-495,-379,-185,43,261,422,489,447,316,113,-112,-309,-436,-474,-414,-260,-50,165,344,450,458,366,192,-15,-216,-371,-450,-426,-311,-135,74,267,400,443,388,248,57,-140,-310,-418,-430,-350,0,0,0,0,0,161,345,453,465,374,199,-16,-237,-416,-498,-474,-356,-162,71,295,461,529,482,337,118,-139,-368,-519,-560,-484,-310,-66,197,424,561,584,480,271,6,-265,-485,-605,-594,-453,-215,69,351,558,650,598,420,148,-160,-442,-634,-686,-596,-378,-66,271,554,723,749,619,350,-6,-369,-661,-821,-811,-637,-327,72,462,763,910,873,661,309,-112,-522,-836,-981,-930,-687,-306,141,566,888,1031,961,702,310,-154,-589,-910,-1051,-980,-710,-299,168,603,912,1045,973,709,305,-165,-599,-905,-1026,-946,-678,-279,171,581,878,988,894,634,248,-189,-582,-850,-941,-835,-565,-186,233,592,0,895,772,492,119,-288,-643,-849,-879,-735,-433,-43,355,690,877,884,711,393,-11,-419,-749,-927,-916,-715,-376,48,466,800,976,952,736,378,-62,-496,-837,-1004,-974,-753,-382,72,519,865,1039,1002,769,392,-65,-518,-868,-1044,-1018,-794,-415,57,521,878,1054,1027,810,431,-36,-494,-859,-1059,-1051,-846,-476,-16,447,819,1026,1042,864,523,88,-354,-731,-954,-993,-855,-560,-156,266,629,867,928,815,563,211,-172,-518,-756,-842,-771,-567,-261,87,415,651,757,729,568,308,0,-295,-533,-676,-696,-592,-392,-132,140,382,553,635,619,509,331,120,-91,-273,-406,-477,-479,-427,-329,0,0,0,0,0,-449,-435,-363,-223,-29,193,410,590,700,714,617,416,143,-161,-457,-692,-813,-800,-651,-380,-25,346,666,872,934,829,561,176,-247,-644,-930,-1058,-991,-738,-341,137,609,981,1174,1152,917,502,-16,-551,-994,-1258,-1298,-1101,-684,-127,453,960,1304,1411,1246,846,284,-332,-897,-1297,-1456,-1345,-973,-414,212,794,1239,1452,1378,1048,529,-91,-694,-1160,-1407,-1385,-1094,-595,9,600,1072,1337,1335,1075,615,43,-533,-993,-1257,-1274,-1046,-612,-69,482,932,1188,1207,995,593,83,-441,-866,-1119,-1151,-953,-565,-76,420,823,1060,1082,888,521,62,-405,-786,-1002,-1019,-833,-480,-37,403,755,951,957,0,421,1,-416,-748,-923,-908,-711,-374,30,424,735,891,856,654,326,-63,-435,-720,-852,-803,-595,-271,109,454,697,798,739,527,206,-145,-456,-676,-751,-665,-444,-137,198,484,662,695,584,352,54,-251,-501,-645,-643,-509,-277,17,300,510,612,582,422,177,-94,-343,-522,-587,-518,-339,-93,166,393,532,551,452,260,10,-234,-421,-521,-516,-393,-186,57,287,450,517,471,322,103,-135,-342,-474,-505,-425,-255,-36,189,373,471,467,365,191,-25,-235,-395,-466,-438,-315,-124,90,281,408,455,399,258,61,-143,-321,-425,-438,-357,-194,11,209,360,435,412,301,126,-73,-259,0,0
10853,mtk,MTK 7916,4083455721,rx2-tx1,512,0,0,0,-29,11,47,70,79,68,38,-7,-52,-82,-95,-87,-62,-22,27,69,99,112,100,63,22,-23,-70,-97,-111,-110,-83,-39,4,49,80,91,92,76,48,16,-14,-41,-56,-59,-58,-51,-39,-28,-13,-3,7,20,33,48,63,72,67,58,36,-3,-49,-91,-123,-139,-129,-93,-36,31,93,152,191,195,161,90,0,-94,-173,-228,-248,-221,-142,-28,90,194,268,294,262,179,60,-75,-200,-287,-325,-301,-220,-92,53,190,296,341,324,247,120,-33,-185,-297,-351,-338,-257,-125,27,176,293,348,336,256,122,-40,-190,-301,-355,-339,-249,-113,53,211,323,368,336,0,88,-83,-241,-350,-386,-343,-228,-66,114,283,398,433,378,246,60,-150,-327,-445,-482,-427,-281,-75,153,354,490,530,466,313,97,-152,-376,-529,-577,-513,-348,-110,155,393,557,621,557,380,123,-160,-422,-611,-685,-626,-453,-181,134,421,641,751,716,544,264,-71,-398,-649,-781,-774,-621,-356,-23,316,600,767,800,681,446,125,-220,-522,-717,-781,-702,-499,-205,114,413,636,742,712,549,281,-26,-319,-548,-676,-679,-560,-339,-62,217,451,609,653,580,405,163,-99,-339,-516,-600,-577,-464,-281,-50,186,378,510,568,536,424,259,66,-123,-281,-394,-450,-442,-383,-297,-192,0,0,0,0,0,163,221,258,268,247,187,99,-9,-126,-238,-319,-357,-345,-280,-164,-18,133,270,366,403,371,274,126,-51,-226,-365,-447,-447,-370,-221,-24,193,378,500,535,473,321,100,-149,-379,-556,-638,-608,-462,-223,67,350,581,714,727,610,384,77,-256,-554,-762,-829,-749,-544,-234,132,472,729,864,840,668,379,12,-355,-660,-845,-875,-747,-489,-143,231,563,789,870,786,557,232,-131,-469,-723,-838,-791,-598,-294,55,388,648,779,761,603,333,-8,-335,-597,-744,-753,-612,-347,-26,291,556,711,729,605,364,55,-263,-526,-684,-718,-609,-375,-74,234,496,664,700,602,389,100,0,-482,-650,-697,-608,-392,-106,194,466,642,687,604,402,118,-182,-442,-618,-675,-595,-395,-123,175,445,627,677,596,402,121,-182,-447,-626,-684,-607,-408,-133,164,434,623,688,624,435,157,-151,-429,-618,-686,-626,-443,-177,120,392,582,659,610,439,184,-100,-355,-544,-633,-595,-438,-199,70,316,507,596,557,416,204,-47,-283,-453,-531,-513,-393,-197,29,245,404,480,465,370,202,-1,-197,-346,-422,-412,-327,-183,-12,154,285,352,352,287,171,25,-120,-235,-291,-288,-233,-140,-25,88,171,217,220,178,104,18,-69,-134,-167,-166,-132,-68,2,63,104,121,115,83,32,0,0,0,0,0,-83,-83,-59,-25,12,49,74,85,77,45,1,-42,-80,-98,-97,-79,-46,5,54,90,110,112,90,53,4,-44,-80,-103,-111,-99,-68,-25,15,47,69,77,75,68,50,24,-1,-20,-31,-41,-50,-50,-50,-48,-39,-29,-18,6,39,68,82,92,94,80,41,-10,-69,-124,-160,-165,-147,-101,-28,58,135,194,222,207,153,67,-35,-143,-225,-266,-264,-210,-108,16,134,240,308,312,255,152,11,-135,-256,-327,-337,-285,-178,-36,115,242,330,351,300,194,46,-113,-245,-331,-353,-303,-191,-45,113,250,341,357,303,187,36,-123,-259,-345,-357,-296,-172,-10,151,0,362,359,287,160,-12,-190,-326,-399,-398,-313,-158,36,228,373,449,439,340,168,-39,-246,-417,-502,-486,-384,-198,36,259,435,537,534,420,223,-22,-273,-472,-582,-578,-462,-251,20,295,517,639,640,520,293,-2,-300,-539,-688,-710,-595,-362,-57,269,548,729,778,680,457,144,-199,-508,-722,-809,-744,-544,-240,106,425,669,790,769,605,338,3,-327,-587,-742,-757,-630,-396,-86,236,498,663,713,632,438,166,-129,-393,-580,-664,-626,-475,-247,19,285,493,608,614,516,332,94,-154,-371,-521,-585,-553,-437,-257,-44,170,354,478,529,508,423,289,132,-19,-147,-237,-284,0,0,0,0,0,-137,-92,-24,63,159,244,304,328,309,247,146,16,-124,-247,-337,-382,-361,-283,-153,7,173,313,405,430,383,258,78,-122,-301,-435,-494,-469,-354,-169,59,283,467,571,569,463,273,20,-248,-483,-638,-694,-623,-432,-155,158,459,678,784,763,597,312,-24,-363,-653,-824,-851,-727,-469,-124,240,563,793,879,800,585,271,-108,-464,-729,-864,-845,-666,-367,-3,354,650,821,840,698,430,94,-259,-562,-752,-798,-701,-467,-149,196,504,707,764,683,477,182,-153,-454,-667,-750,-683,-486,-202,125,426,638,730,686,500,219,-95,-390,-612,-715,-685,-521,-252,67,366,588,696,0,511,253,-54,-343,-563,-679,-659,-512,-266,37,327,551,671,655,512,265,-36,-330,-555,-670,-651,-511,-272,22,317,548,671,657,514,269,-23,-316,-551,-676,-667,-524,-284,14,313,541,664,669,545,304,12,-280,-517,-658,-663,-542,-317,-41,247,487,628,641,533,331,65,-219,-448,-580,-605,-513,-322,-79,181,400,536,562,485,312,85,-149,-349,-481,-512,-443,-298,-98,120,303,417,456,409,279,102,-91,-253,-357,-393,-356,-251,-103,59,197,293,327,294,210,92,-40,-153,-230,-258,-233,-169,-78,28,124,185,202,179,125,50,-30,-96,-141,-152,-129,-79,-19,33,75,102,0,0
10854,mtk,MTK 7916,4083511763,rx0-tx0,512,557,563,632,381,209,27,-156,-323,-472,-591,-662,-699,-688,-625,-513,-357,-171,32,244,453,632,753,823,844,777,641,464,233,-35,-307,-552,-752,-892,-967,-947,-841,-658,-415,-143,152,432,673,849,955,969,893,745,538,281,16,-241,-481,-675,-798,-858,-842,-757,-616,-414,-203,23,250,448,601,696,730,709,633,508,353,176,-8,-183,-341,-465,-539,-575,-570,-526,-436,-316,-189,-43,102,228,336,428,474,482,461,413,327,210,90,-36,-164,-270,-347,-408,-421,-405,-358,-275,-191,-102,5,102,189,244,276,290,285,265,220,171,122,64,3,-49,-109,-151,-200,-232,-248,-249,-227,-206,-162,-588,-23,46,117,189,233,269,286,259,228,177,105,27,-48,-120,-180,-221,-242,-246,-226,-190,-134,-76,-36,28,86,114,142,161,165,150,133,110,82,63,44,35,18,-6,-28,-53,-94,-130,-162,-194,-215,-225,-213,-189,-131,-46,42,135,244,321,380,406,393,347,249,123,-30,-172,-306,-419,-499,-517,-504,-435,-308,-173,0,170,325,444,511,543,519,451,339,186,25,-140,-287,-398,-478,-514,-496,-443,-344,-214,-61,79,213,322,403,445,442,397,321,214,88,-32,-150,-258,-338,-387,-394,-360,-292,-207,-88,42,160,258,326,360,336,274,179,61,-60,-165,-230,-252,-214,135,289,587,128,37,-144,-234,-284,-292,-244,-148,-18,124,254,356,416,415,362,263,128,-25,-186,-324,-417,-470,-490,-446,-345,-213,-43,127,279,415,501,540,519,455,345,189,19,-154,-316,-437,-513,-550,-527,-443,-325,-182,-24,134,277,388,457,484,463,406,305,181,50,-73,-186,-280,-335,-371,-372,-342,-292,-219,-132,-47,34,122,189,240,266,277,274,250,200,145,84,12,-58,-121,-168,-207,-231,-235,-237,-209,-164,-117,-74,-19,36,82,146,178,194,207,212,206,178,140,93,50,-2,-65,-119,-174,-218,-244,-257,-254,-233,-202,-153,-79,11,93,176,254,307,344,356,332,290,215,114,-291,-96,-217,-314,-392,-437,-444,-416,-361,-268,-144,-10,129,268,376,464,504,512,479,402,277,127,-14,-170,-304,-412,-490,-515,-512,-467,-386,-284,-150,-12,114,236,345,416,468,488,479,440,372,272,155,26,-112,-242,-383,-500,-571,-615,-614,-551,-459,-319,-147,52,250,448,608,732,799,799,729,598,424,188,-72,-325,-565,-756,-900,-968,-940,-839,-659,-417,-142,167,448,700,911,1021,1060,1012,856,614,330,30,-285,-577,-822,-986,-1069,-1058,-947,-756,-505,-219,89,392,645,838,958,988,943,811,616,379,120,-153,-397,-604,-752,-837,-851,-798,-686,-513,-318,-101,112,311,486,604,282,260,525,276,107,-568,-655,-693,-673,-607,-499,-356,-189,-12,178,360,522,652,735,768,745,663,512,320,108,-133,-378,-582,-752,-875,-922,-882,-765,-583,-339,-58,239,505,735,892,977,977,891,720,486,216,-74,-350,-590,-777,-894,-925,-884,-767,-580,-363,-120,132,361,563,709,781,803,748,634,477,280,74,-130,-318,-471,-581,-643,-648,-606,-523,-397,-252,-97,62,215,346,437,500,532,515,455,375,267,144,14,-111,-235,-344,-413,-446,-449,-414,-338,-258,-156,-39,72,185,270,320,358,361,332,280,204,130,50,-23,-94,-154,-190,-222,-242,-242,-234,-210,-176,-140,-89,-34,35,96,147,202,321,260,257,243,202,143,82,-6,-82,-147,-211,-255,-274,-267,-241,-191,-130,-59,13,77,132,180,197,206,211,173,141,108,64,18,-17,-42,-72,-85,-97,-100,-111,-123,-125,-128,-135,-134,-112,-89,-49,0,59,121,185,253,298,312,314,272,191,97,-29,-152,-281,-380,-447,-474,-453,-392,-288,-146,13,168,330,441,518,551,523,452,324,174,9,-159,-299,-426,-503,-535,-514,-445,-336,-205,-45,113,256,369,449,483,470,426,334,215,80,-58,-183,-291,-375,-413,-408,-377,-310,-216,-99,26,147,242,319,369,373,334,263,164,37,-94,-203,-281,-317,-305,-241,-148,-36,65,531,491,-258,-265,-291,-185,-124,-19,104,225,316,362,352,290,186,47,-106,-246,-360,-432,-462,-440,-357,-229,-87,74,238,368,466,518,502,444,338,193,28,-143,-301,-439,-527,-555,-533,-457,-333,-189,-22,153,307,420,497,527,504,425,314,179,36,-106,-244,-348,-408,-428,-417,-378,-300,-206,-103,14,115,201,269,305,315,319,294,242,170,92,25,-48,-124,-187,-224,-251,-257,-252,-229,-191,-139,-65,0,60,113,149,173,199,216,201,191,167,108,74,26,-15,-68,-116,-164,-194,-217,-232,-232,-212,-180,-131,-68,-5,70,138,195,251,303,315,298,267,211,139,54,-49,-153,-242,-325,-370,374,-398,-363,-289,-199,-78,45,175,289,393,457,484,483,431,341,214,67,-77,-223,-352,-462,-514,-535,-514,-438,-331,-191,-47,90,227,339,427,483,491,474,429,350,247,137,9,-118,-237,-350,-437,-499,-532,-525,-489,-422,-305,-169,-18,164,330,479,602,680,709,682,603,463,283,64,-167,-395,-590,-757,-874,-894,-849,-730,-544,-310,-25,259,521,756,917,1013,1013,918,764,528,239,-60,-373,-661,-880,-1018,-1079,-1045,-914,-699,-427,-127,192,493,740,921,1021,1038,960,794,569,291,5,-278,-531,-732,-860,-924,-905,-814,-662,-458,-221,26,254,459,622,727,784,770,704,575,410,-46,-140
10855,mtk,MTK 7916,4083511763,rx0-tx1,512,-760,226,-71,-883,-851,-745,-575,-354,-103,172,432,663,855,981,1018,980,859,656,405,107,-209,-502,-756,-961,-1091,-1127,-1073,-925,-694,-412,-92,248,568,844,1047,1173,1202,1134,959,714,415,67,-288,-611,-887,-1095,-1210,-1228,-1146,-971,-711,-406,-62,290,608,885,1081,1193,1216,1138,966,713,422,82,-260,-574,-847,-1048,-1162,-1182,-1119,-959,-724,-438,-115,211,518,781,981,1096,1125,1072,931,715,446,143,-157,-444,-700,-891,-1011,-1049,-1009,-888,-704,-465,-183,88,352,594,786,908,958,940,853,703,496,263,3,-251,-477,-677,-821,-897,-905,-854,-735,-562,-347,-105,146,388,603,771,887,936,900,795,-430,417,168,-101,-369,-614,-809,-942,-996,-972,-859,-675,-435,-156,145,434,686,883,1011,1047,990,843,624,359,54,-256,-532,-770,-938,-1019,-1019,-925,-751,-510,-231,68,351,599,793,912,952,909,795,605,375,111,-150,-382,-587,-736,-810,-816,-750,-626,-463,-266,-48,167,353,509,615,672,665,612,507,372,213,35,-133,-279,-412,-500,-553,-560,-515,-431,-318,-185,-41,107,243,350,416,460,463,425,358,259,145,26,-96,-203,-293,-356,-383,-380,-350,-288,-205,-110,-4,101,193,269,317,337,327,284,221,140,43,-64,-158,-234,-282,-300,-279,-225,-150,-57,44,128,187,214,202,155,874,696,-195,379,-111,118,216,290,318,291,213,91,-44,-171,-289,-376,-413,-398,-343,-253,-130,8,140,263,362,431,462,442,387,288,165,21,-127,-270,-392,-474,-528,-539,-498,-410,-281,-121,48,222,391,517,604,648,634,564,436,259,55,-159,-367,-546,-681,-760,-763,-697,-573,-390,-165,82,322,525,687,787,824,776,660,490,269,15,-222,-446,-626,-747,-796,-779,-689,-541,-355,-142,85,299,475,612,687,712,677,578,444,277,87,-102,-270,-424,-530,-591,-610,-576,-494,-385,-251,-105,51,195,321,426,487,516,511,464,396,288,169,43,-92,-223,-336,-424,-483,-518,-509,-450,-372,-263,-130,16,230,304,422,512,563,566,522,437,329,178,3,-161,-314,-444,-544,-603,-610,-560,-472,-338,-175,-6,159,317,447,531,583,583,532,443,321,180,28,-124,-265,-379,-464,-514,-521,-488,-425,-330,-219,-94,37,159,267,354,420,451,451,424,371,289,197,91,-21,-135,-239,-324,-390,-434,-450,-441,-404,-332,-249,-136,-12,114,237,354,447,507,530,516,471,384,262,116,-35,-194,-342,-463,-551,-607,-616,-570,-484,-362,-202,-20,156,317,466,574,650,671,638,562,434,275,99,-91,-281,-448,-587,-681,-719,-701,-640,-523,-366,-174,36,240,429,591,710,775,785,726,613,456,256,36,846,934,136,-1045,-1066,27,288,525,722,863,941,946,864,722,511,247,-40,-321,-600,-822,-983,-1073,-1067,-969,-796,-555,-256,64,383,680,921,1085,1168,1148,1036,834,561,244,-99,-436,-740,-979,-1149,-1225,-1188,-1058,-848,-561,-231,116,453,758,1002,1160,1233,1195,1063,849,563,243,-103,-440,-744,-975,-1129,-1204,-1171,-1055,-852,-582,-263,65,395,693,928,1084,1159,1135,1031,844,588,289,-28,-335,-620,-846,-1007,-1084,-1075,-990,-823,-592,-319,-24,266,532,747,914,996,1002,939,801,598,352,90,-176,-423,-638,-802,-904,-942,-889,-784,-626,-416,-178,70,312,537,713,837,901,898,828,690,500,273,15,-248,-482,-1099,-849,-943,-962,-898,-759,-553,-304,-27,257,530,755,924,1015,1020,936,776,545,267,-41,-346,-620,-836,-981,-1046,-1012,-895,-707,-444,-149,153,445,690,875,982,999,929,783,568,307,25,-247,-490,-691,-830,-896,-873,-782,-632,-422,-185,54,283,474,617,716,750,718,627,491,322,136,-58,-238,-395,-507,-587,-613,-582,-516,-411,-272,-125,38,193,324,426,490,513,498,443,343,232,107,-35,-161,-272,-356,-404,-424,-406,-357,-285,-188,-77,35,145,236,302,345,360,342,293,219,124,29,-74,-167,-237,-290,-320,-313,-269,-199,-111,-12,90,173,230,262,256,212,144,57,-32,-98,-554,-782,364,862,950,214,167,72,-49,-175,-285,-357,-375,-346,-273,-157,-23,111,235,343,413,438,416,356,254,135,-5,-143,-270,-379,-448,-488,-481,-430,-336,-210,-70,92,251,393,496,564,581,566,482,349,194,10,-188,-373,-534,-646,-712,-711,-640,-506,-330,-111,122,346,544,699,791,811,752,627,440,217,-31,-278,-493,-666,-790,-825,-787,-686,-518,-312,-79,157,378,558,680,751,756,691,572,404,202,-3,-208,-383,-519,-619,-660,-643,-581,-479,-330,-173,-3,161,307,419,505,548,548,504,432,328,195,65,-83,-212,-328,-420,-476,-506,-502,-456,-379,-275,-156,-24,122,252,365,460,515,530,-198,464,370,241,87,-78,-235,-370,-483,-570,-594,-571,-507,-402,-262,-98,77,241,386,510,579,601,576,509,393,253,97,-73,-228,-363,-467,-534,-555,-536,-475,-381,-262,-124,18,154,277,382,446,482,481,451,388,304,195,80,-36,-146,-249,-332,-391,-430,-441,-424,-373,-302,-213,-113,-2,107,223,320,401,460,483,476,441,371,265,138,-3,-140,-276,-401,-500,-555,-573,-553,-485,-373,-239,-82,88,256,403,525,611,643,622,564,463,324,158,-31,-213,-389,-536,-635,-687,-691,-642,-543,-406,-227,-33,165,347,516,641,728,750,717,631,497,315,115,-108,-325,-516,-675,-780,-826,-367,99
10856,mtk,MTK 7916,4083511763,rx1-tx0,512,-144,524,1190,131,-30,-188,-325,-435,-505,-517,-485,-406,-282,-130,41,198,348,461,520,539,505,414,286,126,-50,-225,-371,-484,-560,-582,-543,-457,-318,-149,33,215,381,518,601,633,617,537,395,224,32,-168,-360,-528,-645,-712,-713,-646,-522,-347,-144,85,314,507,669,781,821,786,681,510,291,46,-219,-462,-669,-824,-909,-910,-829,-673,-455,-187,98,381,633,819,942,980,929,791,585,325,39,-244,-522,-734,-880,-957,-948,-854,-693,-473,-220,56,317,543,725,846,894,871,778,627,428,201,-47,-281,-495,-675,-800,-850,-847,-780,-649,-473,-254,-15,227,458,652,800,893,919,861,736,231,315,52,-233,-500,-731,-920,-1024,-1053,-988,-834,-612,-326,-10,323,629,891,1083,1178,1170,1066,861,577,252,-117,-483,-808,-1070,-1230,-1291,-1244,-1088,-823,-484,-111,294,666,980,1215,1349,1361,1252,1038,729,359,-57,-459,-821,-1122,-1334,-1410,-1382,-1228,-966,-621,-216,211,635,994,1269,1432,1488,1397,1182,855,436,-9,-475,-895,-1221,-1444,-1543,-1484,-1272,-951,-540,-73,388,814,1160,1398,1473,1416,1229,918,533,99,-325,-711,-1012,-1209,-1284,-1234,-1071,-802,-457,-93,264,589,854,1023,1088,1042,892,659,365,49,-269,-552,-761,-896,-931,-846,-673,-422,-127,169,443,643,746,731,600,386,129,-122,-300,-1436,-1017,-417,673,948,114,337,536,651,659,543,327,48,-246,-512,-726,-844,-858,-763,-574,-318,-21,283,556,777,917,975,930,783,550,259,-51,-381,-675,-909,-1061,-1115,-1071,-921,-673,-353,7,375,728,1015,1210,1301,1274,1113,858,511,93,-344,-759,-1106,-1362,-1492,-1482,-1331,-1048,-664,-216,276,753,1149,1445,1610,1628,1505,1218,811,340,-171,-679,-1106,-1446,-1636,-1688,-1585,-1317,-934,-476,20,530,974,1321,1550,1637,1572,1376,1061,639,179,-288,-734,-1082,-1351,-1504,-1516,-1393,-1158,-833,-431,-9,414,798,1102,1319,1426,1409,1260,1010,685,309,-99,-482,-826,-1112,-1286,-1357,-1314,-1161,-914,-600,-235,158,525,854,1114,1270,-49,1289,1140,886,561,198,-200,-582,-914,-1177,-1338,-1390,-1331,-1148,-874,-528,-123,293,690,1035,1292,1444,1466,1370,1143,807,406,-43,-487,-879,-1209,-1429,-1523,-1469,-1299,-1015,-632,-192,261,683,1044,1315,1466,1481,1364,1131,796,396,-38,-461,-837,-1114,-1309,-1382,-1334,-1161,-885,-550,-173,218,575,875,1090,1209,1218,1107,930,660,337,7,-317,-609,-835,-989,-1046,-1015,-902,-715,-466,-189,96,362,594,759,853,884,831,708,527,308,75,-172,-389,-562,-683,-744,-739,-671,-541,-372,-185,26,224,398,537,615,646,609,522,392,233,54,-128,-295,-426,-518,-562,-550,-490,-391,-257,-98,67,221,357,454,-720,-269,-95,-1475,-1022,-492,-511,-476,-401,-283,-130,35,188,329,441,511,527,491,412,280,124,-40,-214,-364,-474,-543,-559,-520,-425,-297,-137,44,215,374,504,582,604,572,486,353,177,-3,-191,-373,-527,-624,-674,-654,-584,-455,-282,-86,133,339,528,662,744,762,706,588,430,216,-19,-259,-481,-674,-801,-867,-850,-756,-594,-376,-115,162,428,656,833,934,956,893,737,520,255,-35,-323,-579,-791,-932,-986,-956,-837,-633,-397,-127,157,421,647,819,916,938,865,734,546,316,63,-190,-425,-622,-770,-856,-874,-820,-707,-543,-326,-97,136,366,567,722,829,871,854,764,609,406,172,-85,-343,-572,-568,-908,-979,-965,-866,-702,-470,-188,108,415,684,908,1057,1117,1081,951,744,457,125,-223,-558,-857,-1075,-1210,-1245,-1160,-976,-704,-363,8,388,740,1034,1228,1331,1317,1174,933,613,229,-181,-571,-910,-1172,-1342,-1402,-1324,-1139,-855,-486,-81,328,728,1059,1302,1431,1445,1327,1084,743,339,-97,-544,-933,-1261,-1455,-1522,-1464,-1248,-924,-519,-51,426,859,1198,1437,1524,1464,1266,956,543,89,-354,-769,-1095,-1309,-1390,-1335,-1154,-865,-505,-105,293,649,936,1115,1177,1133,981,734,418,83,-256,-552,-796,-946,-997,-948,-795,-567,-297,25,328,585,767,844,821,690,462,181,-112,-364,-535,-602,-553,-407,-485,-1153,247,-736,-315,502,449,290,54,-221,-487,-681,-780,-759,-641,-428,-150,152,438,679,844,919,881,752,540,274,-28,-338,-624,-850,-986,-1033,-984,-823,-594,-293,38,380,707,972,1141,1207,1168,1016,755,417,41,-365,-744,-1057,-1295,-1398,-1383,-1226,-957,-586,-151,310,752,1134,1414,1565,1571,1417,1129,750,279,-217,-709,-1142,-1456,-1639,-1685,-1552,-1273,-880,-404,94,606,1058,1396,1603,1672,1593,1352,1004,562,75,-418,-859,-1226,-1471,-1570,-1551,-1385,-1102,-735,-306,148,577,947,1238,1412,1462,1398,1205,916,554,151,-266,-651,-971,-1210,-1362,-1385,-1286,-1098,-810,-453,-70,316,679,980,1203,1326,1329,1232,1038,744,384,425,-365,-717,-1022,-1228,-1343,-1350,-1234,-1024,-723,-356,39,439,812,1105,1324,1428,1406,1270,1017,677,270,-165,-589,-976,-1266,-1452,-1515,-1426,-1222,-913,-519,-75,374,783,1135,1388,1507,1487,1331,1071,721,299,-148,-579,-950,-1231,-1399,-1448,-1366,-1154,-853,-492,-79,332,712,1003,1207,1311,1289,1147,915,611,265,-107,-441,-729,-966,-1094,-1123,-1071,-915,-692,-415,-104,195,473,704,869,951,952,867,718,506,264,5,-259,-483,-660,-766,-812,-789,-691,-541,-351,-132,89,298,477,599,672,687,636,538,388,210,19,-175,-337,-470,-559,-602,-584,-511,-392,-248,-77,95,255,384,485,536,533,483,390,265,-732,-987
10857,mtk,MTK 7916,4083511763,rx1-tx1,512,0,0,0,319,501,570,496,288,6,-270,-476,-571,-520,-340,-79,200,432,552,531,371,129,-145,-383,-518,-518,-393,-170,93,327,464,473,368,175,-73,-301,-445,-461,-358,-169,67,296,438,449,348,150,-86,-297,-428,-442,-342,-140,106,331,468,484,368,148,-123,-366,-520,-544,-417,-170,126,404,580,612,499,253,-69,-392,-616,-693,-602,-353,-3,361,628,753,704,466,101,-291,-617,-795,-778,-578,-228,192,567,800,853,702,376,-41,-453,-759,-887,-796,-518,-123,307,665,861,853,639,279,-143,-533,-785,-844,-708,-405,-13,377,677,806,736,493,134,-249,-555,-717,-710,-538,-225,136,453,0,662,533,273,-53,-365,-579,-644,-540,-301,6,307,533,619,546,335,29,-283,-514,-629,-602,-409,-108,223,507,665,663,504,224,-113,-429,-652,-725,-625,-370,-35,307,572,709,692,509,204,-129,-421,-616,-668,-561,-330,-43,241,464,570,537,376,137,-111,-309,-426,-438,-346,-170,32,201,306,324,248,113,-46,-193,-272,-267,-189,-57,100,235,302,290,205,60,-109,-268,-357,-346,-259,-115,72,241,352,391,338,206,25,-161,-305,-378,-364,-270,-121,56,218,327,349,294,182,27,-136,-263,-326,-315,-235,-104,48,187,280,310,280,197,80,-47,-159,-247,-284,-264,-209,-130,-43,0,0,0,0,0,-20,64,159,245,305,313,261,156,8,-152,-298,-402,-428,-365,-229,-32,186,377,494,507,406,221,-27,-287,-486,-582,-557,-405,-154,146,426,621,681,591,364,26,-330,-610,-764,-755,-574,-249,150,520,780,868,766,481,73,-360,-713,-914,-915,-702,-323,132,559,872,984,856,533,91,-373,-753,-958,-926,-675,-279,199,633,911,972,809,452,-14,-484,-845,-991,-899,-599,-153,335,740,966,962,729,319,-165,-607,-902,-976,-829,-482,-16,449,799,947,875,594,165,-307,-689,-906,-909,-687,-290,169,581,855,918,747,396,-51,-491,-808,-922,-816,-500,-68,382,744,917,866,602,182,0,-690,-914,-925,-706,-302,171,606,898,975,815,455,-23,-500,-860,-1001,-899,-593,-132,366,770,995,979,718,284,-221,-665,-944,-1008,-824,-427,62,531,876,1008,892,553,84,-403,-787,-970,-909,-626,-199,280,687,917,914,694,305,-165,-586,-843,-892,-727,-383,57,473,760,866,749,434,14,-398,-707,-833,-756,-493,-104,314,652,811,755,521,167,-243,-582,-770,-768,-563,-223,164,505,719,759,607,305,-65,-416,-652,-735,-637,-369,-12,333,586,689,616,392,70,-266,-526,-641,-590,-397,-110,202,460,599,577,413,155,-151,-412,-559,-565,-428,-185,103,369,538,563,439,210,-71,-330,0,0,0,0,0,-455,-251,18,294,493,565,501,312,49,-231,-461,-567,-530,-366,-107,172,403,532,528,391,156,-111,-349,-497,-510,-388,-173,81,307,444,472,378,181,-60,-282,-434,-465,-358,-158,74,283,422,446,337,140,-94,-307,-444,-469,-357,-141,122,361,502,515,394,158,-129,-388,-558,-586,-460,-209,106,397,602,662,550,295,-43,-372,-623,-728,-648,-399,-46,323,627,784,746,518,163,-241,-595,-808,-834,-650,-305,121,519,796,880,755,453,40,-390,-721,-881,-835,-589,-207,229,604,831,856,684,347,-70,-458,-722,-825,-735,-457,-81,298,606,764,725,511,178,-190,-497,-677,-699,-546,0,90,400,602,647,541,300,-22,-328,-546,-629,-542,-317,-22,289,527,629,569,370,71,-252,-512,-647,-621,-447,-168,167,475,666,693,559,294,-41,-380,-632,-726,-654,-450,-130,217,502,667,681,540,275,-48,-342,-553,-630,-561,-370,-107,163,384,509,501,367,164,-61,-260,-379,-391,-300,-145,31,191,288,296,221,78,-82,-208,-278,-272,-186,-44,118,249,323,322,231,73,-104,-265,-367,-389,-314,-161,28,204,340,401,363,248,82,-104,-263,-355,-363,-291,-161,12,179,287,331,309,215,69,-89,-219,-301,-318,-262,-154,-16,124,234,292,297,250,160,47,-65,-152,-205,-219,0,0,0,0,0,-211,-229,-210,-145,-37,94,226,327,374,360,274,116,-76,-256,-394,-465,-441,-322,-120,109,329,498,554,492,319,55,-221,-455,-607,-627,-500,-252,64,383,621,735,682,462,132,-248,-582,-783,-823,-668,-349,50,448,764,912,855,597,204,-242,-642,-901,-959,-799,-437,31,486,829,971,893,611,186,-279,-687,-935,-953,-743,-363,104,551,873,986,862,534,75,-407,-790,-982,-931,-665,-235,249,668,931,977,782,403,-71,-522,-849,-979,-868,-541,-94,366,740,934,889,626,216,-235,-633,-886,-918,-724,-347,111,534,821,912,769,442,7,-438,-778,-927,-835,-541,-118,340,722,932,0,659,246,-219,-639,-912,-957,-763,-389,86,548,878,992,862,522,55,-431,-809,-994,-941,-656,-211,292,732,984,1005,785,363,-142,-607,-917,-1005,-852,-492,-7,470,832,978,886,593,153,-326,-726,-943,-918,-664,-253,213,619,873,911,719,347,-107,-530,-813,-889,-737,-402,26,435,734,846,746,463,58,-349,-657,-814,-763,-505,-120,282,613,784,763,545,190,-204,-548,-749,-758,-584,-264,116,466,698,749,619,335,-31,-379,-623,-708,-616,-371,-34,300,550,657,607,400,90,-231,-488,-619,-592,-417,-134,175,434,583,576,422,168,-127,-388,-548,-567,-436,-198,89,352,527,559,445,0,0
10858,mtk,MTK 7916,4083511763,rx2-tx0,512,0,0,0,-415,-387,-256,-52,169,351,443,418,290,81,-157,-357,-465,-458,-332,-116,138,354,480,490,374,153,-109,-346,-497,-519,-414,-199,76,332,505,550,455,242,-31,-306,-510,-580,-496,-282,7,296,512,594,525,315,17,-293,-531,-635,-578,-361,-42,287,545,674,633,425,99,-265,-573,-742,-721,-516,-180,215,570,785,805,626,286,-130,-526,-803,-879,-735,-414,22,459,786,926,839,541,106,-361,-743,-947,-914,-660,-249,227,649,922,966,774,394,-80,-534,-857,-973,-848,-522,-72,396,763,940,885,616,203,-256,-653,-883,-889,-679,-311,134,541,804,871,720,393,-28,-437,-732,-841,0,-447,-55,350,670,819,763,507,124,-289,-630,-810,-792,-573,-204,215,588,817,839,655,304,-124,-526,-807,-890,-752,-430,4,446,777,924,846,560,135,-331,-714,-928,-923,-691,-290,183,620,908,973,806,440,-36,-500,-838,-986,-906,-589,-130,363,767,982,970,727,309,-185,-641,-940,-1011,-844,-481,-1,478,837,996,934,655,220,-263,-673,-921,-958,-775,-415,34,473,784,905,824,556,166,-254,-600,-806,-822,-644,-326,55,417,675,767,682,447,115,-234,-516,-682,-686,-537,-282,31,330,549,645,603,435,180,-109,-369,-540,-602,-549,-399,-181,59,267,413,485,476,392,267,125,0,0,0,0,0,44,-125,-299,-459,-564,-579,-493,-312,-58,228,483,656,708,621,401,88,-252,-554,-750,-785,-647,-363,10,396,713,878,845,617,243,-196,-609,-905,-992,-853,-523,-49,452,857,1078,1057,791,341,-206,-721,-1079,-1196,-1047,-652,-90,502,990,1253,1234,938,415,-211,-796,-1204,-1340,-1163,-718,-103,542,1058,1324,1296,966,408,-247,-840,-1232,-1337,-1131,-660,-43,577,1067,1296,1219,857,294,-331,-873,-1198,-1236,-984,-507,85,655,1053,1192,1052,660,120,-440,-895,-1131,-1085,-785,-296,254,728,1027,1072,859,443,-73,-560,-903,-1029,-905,-559,-85,403,785,970,919,644,218,-259,-660,-897,-914,-706,-330,0,534,815,889,738,410,-11,-430,-739,-862,-771,-488,-91,319,642,804,766,541,184,-212,-550,-748,-764,-587,-268,115,461,681,733,603,314,-40,-380,-620,-698,-599,-347,-11,317,561,659,586,366,63,-255,-504,-615,-567,-380,-97,209,457,580,552,385,123,-169,-413,-540,-528,-383,-141,135,374,511,510,378,149,-115,-347,-490,-498,-369,-151,95,319,461,481,375,172,-77,-304,-444,-474,-380,-178,61,277,423,454,374,197,-34,-252,-404,-449,-374,-207,11,226,383,438,378,219,5,-206,-365,-426,-374,-222,-15,190,344,410,369,232,32,-179,-338,-404,-370,-237,-43,165,331,401,0,0,0,0,0,37,-172,-343,-429,-406,-275,-66,160,349,453,444,312,95,-145,-351,-471,-471,-350,-139,120,350,486,504,394,179,-87,-335,-496,-531,-428,-214,56,317,502,558,471,262,-21,-307,-512,-582,-505,-295,-7,290,519,610,542,338,37,-284,-537,-658,-606,-389,-67,277,559,705,675,470,136,-244,-576,-765,-762,-568,-226,180,552,797,849,681,340,-89,-502,-801,-907,-790,-474,-35,417,772,941,876,596,171,-295,-700,-938,-944,-723,-325,154,601,899,976,817,456,-7,-463,-808,-954,-866,-574,-141,329,705,912,892,654,261,-191,-593,-841,-881,-705,-356,74,479,762,855,728,420,11,0,-697,-825,-746,-477,-92,314,643,814,776,543,166,-255,-610,-813,-813,-608,-250,170,554,806,862,705,365,-73,-499,-800,-905,-798,-494,-60,393,757,942,894,628,212,-263,-678,-924,-948,-747,-360,115,569,884,985,854,513,44,-436,-812,-989,-928,-657,-219,272,698,964,994,784,393,-95,-560,-891,-1016,-894,-567,-116,365,757,970,958,724,323,-143,-571,-862,-945,-807,-495,-70,361,692,863,834,610,244,-159,-513,-745,-805,-672,-391,-34,324,602,730,691,498,200,-128,-425,-615,-666,-575,-357,-67,229,469,606,615,503,292,31,-227,-429,-541,-557,-475,-321,-131,58,214,315,355,0,0,0,0,0,415,448,407,284,91,-141,-372,-555,-653,-636,-492,-239,71,375,612,737,714,534,230,-134,-483,-736,-837,-755,-496,-111,309,666,891,924,738,377,-74,-535,-886,-1043,-965,-657,-191,336,803,1090,1141,929,491,-70,-624,-1047,-1240,-1151,-798,-254,370,907,1242,1301,1060,570,-55,-676,-1144,-1354,-1245,-850,-257,400,959,1293,1329,1059,541,-101,-713,-1150,-1319,-1186,-778,-183,448,960,1248,1238,935,411,-207,-759,-1125,-1221,-1029,-595,-24,540,973,1170,1078,722,209,-343,-810,-1073,-1082,-828,-374,158,645,973,1059,887,505,5,-477,-838,-999,-912,-601,-150,327,714,925,912,679,275,-189,-599,-854,0,-724,-374,62,481,777,876,759,460,47,-372,-691,-831,-769,-526,-151,265,603,785,768,565,228,-160,-505,-722,-750,-592,-296,73,415,644,709,596,335,-9,-346,-584,-670,-587,-360,-42,281,526,635,577,372,80,-227,-472,-597,-570,-389,-114,180,426,557,540,385,133,-151,-393,-529,-524,-384,-145,126,358,494,500,374,150,-108,-334,-472,-488,-374,-163,84,309,454,477,373,175,-71,-290,-430,-462,-371,-183,46,259,408,450,373,202,-21,-242,-396,-442,-378,-218,0,217,368,425,375,221,10,-202,-357,-415,-364,-226,-28,180,338,409,375,237,33,-172,-333,-407,-375,-241,-44,0,0
10859,mtk,MTK 7916,4083511763,rx2-tx1,512,0,0,0,67,21,-27,-61,-79,-73,-47,0,49,82,92,82,45,0,-50,-95,-113,-103,-69,-21,32,82,120,125,95,49,-6,-59,-93,-105,-96,-69,-32,12,51,72,81,69,53,32,3,-17,-28,-41,-47,-47,-48,-49,-42,-22,-1,34,70,96,105,97,67,18,-48,-116,-160,-172,-150,-91,-5,93,176,218,215,166,73,-50,-164,-245,-273,-240,-153,-18,136,254,315,312,235,94,-76,-226,-329,-364,-311,-182,-5,173,314,385,363,250,80,-108,-272,-375,-391,-311,-154,38,218,344,387,342,208,25,-161,-311,-386,-362,-247,-72,122,287,380,380,286,118,-80,-261,-383,0,-314,-154,45,242,389,436,368,206,-9,-226,-396,-475,-431,-280,-61,189,401,513,498,369,149,-118,-368,-532,-569,-471,-256,25,302,514,605,560,374,81,-237,-501,-651,-641,-478,-201,131,440,651,711,605,347,-5,-357,-636,-778,-738,-521,-172,220,567,783,826,683,383,-17,-422,-730,-869,-810,-571,-205,208,581,828,878,729,421,22,-383,-701,-854,-809,-583,-233,160,513,744,807,682,408,55,-313,-607,-754,-729,-546,-242,114,438,656,725,634,410,98,-230,-500,-658,-668,-539,-302,-7,287,511,631,619,484,260,-5,-265,-472,-581,-576,-482,-320,-118,84,254,363,401,380,0,0,0,0,0,-127,-210,-276,-312,-296,-227,-115,26,170,297,385,403,338,206,34,-153,-318,-420,-437,-363,-210,-4,217,389,476,471,360,154,-89,-322,-497,-560,-500,-323,-69,219,474,630,648,516,258,-66,-390,-641,-749,-692,-491,-173,207,558,792,852,732,453,60,-366,-719,-915,-913,-707,-346,100,525,838,978,903,617,199,-271,-688,-943,-987,-810,-460,-14,443,806,975,915,660,258,-205,-623,-897,-949,-784,-452,-18,421,747,895,849,603,217,-210,-584,-824,-872,-703,-367,36,421,715,843,769,504,125,-278,-613,-798,-798,-608,-277,118,483,728,803,690,413,37,-343,-645,-786,-738,-521,0,201,530,732,759,607,309,-66,-421,-677,-764,-665,-408,-58,306,587,731,703,498,171,-194,-511,-711,-739,-591,-294,75,421,666,751,654,393,43,-319,-609,-753,-720,-513,-189,182,515,719,748,609,318,-51,-396,-649,-751,-670,-435,-94,259,549,714,700,521,229,-119,-432,-633,-684,-576,-330,-11,303,538,641,592,409,128,-181,-438,-583,-585,-453,-221,52,307,486,541,472,300,57,-192,-386,-483,-463,-333,-136,82,279,402,420,339,188,1,-175,-300,-350,-316,-209,-62,90,214,279,274,206,94,-37,-147,-210,-224,-180,-90,3,88,149,168,144,84,7,-63,-106,-121,-101,0,0,0,0,0,52,76,77,54,14,-36,-73,-85,-75,-43,4,47,90,110,92,55,8,-50,-97,-113,-105,-80,-35,21,71,113,121,102,66,19,-30,-70,-96,-93,-71,-41,-15,14,40,54,56,44,33,31,18,-1,-14,-29,-42,-59,-73,-75,-64,-31,13,60,109,137,133,104,44,-38,-115,-175,-198,-181,-124,-32,74,175,243,257,211,110,-21,-152,-252,-297,-280,-187,-44,104,238,328,337,266,130,-37,-205,-328,-376,-335,-210,-39,149,306,382,371,282,120,-74,-245,-358,-388,-327,-190,-2,188,330,388,348,227,50,-141,-299,-385,-373,-267,-99,101,276,375,389,304,137,0,-253,-382,-413,-335,-176,28,234,393,456,402,241,20,-208,-397,-492,-458,-314,-99,146,375,520,539,421,202,-76,-338,-522,-594,-518,-307,-25,274,520,633,592,413,130,-190,-469,-644,-673,-543,-273,69,405,649,748,669,431,80,-306,-618,-783,-781,-607,-284,124,508,769,855,753,478,93,-312,-662,-859,-848,-652,-316,92,487,777,876,774,507,130,-272,-604,-803,-819,-644,-328,50,410,677,790,716,477,145,-215,-526,-710,-730,-594,-328,10,340,583,696,658,478,200,-113,-402,-599,-660,-590,-401,-133,153,402,571,624,555,388,162,-83,-300,-456,-528,-509,-414,-275,-125,21,0,0,0,0,0,215,164,88,-18,-143,-257,-342,-373,-338,-242,-101,68,234,359,419,395,294,128,-82,-277,-413,-467,-423,-283,-80,151,360,487,518,433,241,-19,-277,-487,-596,-577,-417,-150,152,434,637,706,615,379,49,-304,-610,-793,-796,-625,-315,76,475,771,905,846,594,201,-236,-638,-913,-976,-819,-492,-58,397,773,986,964,724,330,-130,-560,-876,-995,-884,-574,-142,319,703,926,937,731,365,-86,-513,-811,-924,-831,-542,-129,304,671,877,863,648,295,-124,-513,-779,-863,-745,-450,-51,355,673,827,781,561,209,-191,-540,-771,-814,-651,-340,40,408,683,797,725,479,119,-273,-594,0,-758,-569,-247,139,485,706,764,642,368,10,-361,-636,-749,-693,-466,-117,247,551,728,725,548,245,-123,-468,-697,-753,-620,-346,16,371,636,758,699,465,114,-262,-570,-741,-734,-556,-250,116,461,693,758,639,375,25,-331,-604,-729,-689,-480,-158,193,496,679,702,561,281,-61,-373,-591,-673,-591,-372,-70,237,484,614,596,432,171,-123,-379,-539,-573,-474,-263,3,255,438,514,471,321,97,-142,-338,-444,-445,-344,-164,43,230,346,381,327,198,29,-129,-251,-316,-299,-207,-75,60,177,246,249,192,96,-19,-114,-174,-186,-155,-89,-2,77,126,134,117,73,7,-52,0,0
10860,mtk,MTK 7916,4083544451,rx0-tx0,512,557,-77,-257,-696,-696,-647,-563,-445,-311,-148,21,184,349,496,625,709,766,776,740,660,526,356,161,-53,-274,-482,-665,-812,-907,-944,-915,-811,-653,-449,-201,54,319,562,769,917,997,1008,941,806,624,386,147,-111,-359,-569,-736,-846,-903,-899,-831,-712,-559,-370,-148,64,271,444,580,691,741,750,713,610,491,344,187,20,-148,-291,-412,-503,-566,-595,-573,-534,-462,-361,-253,-131,-3,121,238,341,415,474,487,481,449,393,305,194,89,-28,-146,-239,-319,-371,-396,-399,-374,-331,-268,-198,-113,-29,47,117,175,215,249,266,274,262,243,224,184,131,85,36,-31,-88,-139,-187,-588,-249,-265,-272,-254,-220,-174,-114,-40,34,102,166,216,256,258,257,235,203,160,100,47,-4,-62,-101,-144,-157,-164,-165,-155,-140,-118,-92,-74,-57,-37,-15,5,11,25,39,59,89,118,144,179,203,217,213,197,171,121,46,-34,-118,-204,-289,-360,-401,-405,-390,-338,-243,-134,-8,127,245,365,450,505,515,486,420,320,197,61,-92,-239,-362,-455,-510,-520,-494,-436,-354,-241,-113,26,167,278,376,438,460,460,418,352,258,150,25,-79,-186,-277,-348,-393,-403,-381,-334,-263,-176,-71,41,142,234,308,355,364,337,280,188,81,-31,-138,-219,-262,-269,-231,-164,433,312,587,-784,-785,235,262,242,178,78,-41,-171,-290,-373,-411,-410,-350,-259,-141,4,150,287,387,463,500,490,440,343,211,63,-91,-243,-376,-480,-538,-557,-531,-454,-349,-198,-50,105,271,397,489,547,558,525,453,342,212,73,-78,-219,-334,-414,-466,-481,-455,-401,-328,-230,-124,-8,85,178,257,306,335,345,339,310,259,202,123,47,-14,-79,-143,-194,-231,-255,-272,-256,-235,-195,-159,-108,-54,-5,47,85,130,162,176,187,188,179,172,159,141,108,70,41,0,-50,-94,-125,-167,-197,-217,-232,-237,-220,-201,-156,-106,-54,19,80,151,220,266,312,341,335,321,284,221,142,-291,-54,-152,-244,-326,-393,-430,-436,-429,-387,-307,-206,-91,28,155,271,372,453,495,506,486,441,350,250,114,-18,-132,-251,-355,-426,-473,-488,-479,-442,-393,-316,-217,-116,-4,107,209,302,392,471,520,546,556,511,435,345,230,93,-63,-227,-379,-517,-624,-701,-743,-738,-672,-569,-427,-233,-30,195,409,604,774,884,935,937,862,730,538,312,45,-223,-488,-703,-881,-1013,-1069,-1045,-955,-784,-567,-311,-28,255,531,757,932,1046,1091,1054,936,759,523,265,-22,-290,-536,-738,-888,-982,-995,-945,-835,-668,-467,-236,4,237,431,602,735,812,837,808,730,602,458,288,104,-87,-432,-495,525,-606,-542,-40,125,284,421,543,631,693,709,701,646,551,416,261,88,-98,-283,-469,-632,-756,-833,-864,-833,-749,-614,-431,-208,34,291,527,722,879,972,994,948,833,654,430,172,-96,-359,-584,-771,-893,-954,-958,-888,-752,-572,-361,-141,92,312,508,663,778,830,817,763,654,524,356,162,-27,-213,-374,-500,-600,-658,-676,-643,-575,-481,-355,-222,-67,73,204,327,420,482,520,528,502,452,375,287,176,47,-66,-184,-277,-370,-426,-458,-466,-424,-365,-291,-191,-94,10,103,187,255,299,330,334,321,289,243,192,139,82,22,-44,-92,-138,-183,-213,-232,-249,-254,-233,-213,-180,321,-83,-22,41,109,166,220,261,278,274,259,223,176,106,38,-22,-84,-134,-183,-210,-215,-222,-203,-175,-140,-90,-56,-12,20,50,74,93,98,110,113,118,109,105,107,110,122,119,101,80,55,14,-32,-91,-142,-203,-269,-302,-319,-315,-293,-234,-146,-37,72,180,297,387,445,483,469,427,350,236,104,-44,-182,-317,-420,-490,-524,-525,-473,-394,-279,-146,-3,138,262,369,453,495,503,458,389,304,187,66,-64,-183,-282,-364,-415,-424,-408,-370,-300,-213,-112,1,111,211,289,346,379,376,344,286,203,100,-14,-120,-220,-292,-327,-324,-286,-203,-112,-6,86,157,-435,-502,-258,-74,155,47,-57,-168,-262,-325,-352,-333,-257,-141,-12,127,258,358,432,458,443,379,277,158,14,-129,-269,-395,-482,-526,-522,-478,-393,-274,-133,21,186,328,447,532,559,561,503,402,275,129,-23,-172,-308,-419,-490,-525,-523,-471,-383,-274,-157,-22,105,214,307,371,409,406,380,345,272,191,109,31,-47,-131,-198,-248,-281,-285,-288,-287,-253,-207,-149,-92,-21,50,103,149,182,217,222,228,216,192,165,127,90,52,12,-27,-62,-100,-135,-159,-172,-185,-201,-204,-184,-162,-136,-97,-53,-9,48,103,155,207,242,277,287,279,259,219,161,106,19,-64,-144,-228,-298,-351,374,-400,-371,-327,-262,-172,-68,39,144,261,358,433,469,483,471,417,338,229,101,-26,-152,-278,-376,-450,-505,-509,-486,-441,-350,-253,-149,-33,84,192,288,375,434,467,486,477,445,392,320,222,116,9,-120,-260,-370,-470,-553,-610,-636,-617,-566,-465,-330,-169,1,194,382,547,697,797,843,842,772,658,489,275,52,-199,-442,-664,-834,-958,-1017,-1007,-916,-756,-563,-317,-36,238,504,739,915,1041,1083,1057,951,775,553,292,6,-285,-540,-761,-925,-1026,-1059,-1009,-895,-713,-500,-246,15,264,491,681,818,900,916,866,771,637,456,255,40,-165,-359,-510,-624,-710,-748,-740,-628,-353
10861,mtk,MTK 7916,4083544451,rx0-tx1,512,-760,249,277,506,673,820,908,942,919,827,689,508,280,25,-238,-485,-704,-894,-1017,-1076,-1072,-992,-844,-639,-389,-117,176,467,726,938,1092,1175,1180,1111,961,754,491,195,-114,-422,-702,-933,-1108,-1208,-1229,-1181,-1047,-844,-594,-301,12,327,616,862,1055,1180,1224,1199,1095,921,692,420,118,-189,-473,-736,-945,-1097,-1178,-1188,-1119,-981,-782,-531,-264,25,318,582,804,980,1091,1127,1093,1000,843,633,387,117,-156,-405,-635,-827,-957,-1032,-1039,-979,-873,-705,-501,-273,-27,219,440,633,793,899,942,937,872,760,605,422,206,-23,-242,-441,-623,-770,-867,-913,-905,-849,-738,-577,-382,-163,69,308,-430,707,852,939,977,949,860,712,511,279,26,-237,-490,-714,-883,-996,-1041,-1018,-925,-761,-551,-299,-20,253,510,732,905,1007,1048,1004,899,730,508,256,-16,-283,-518,-720,-860,-946,-959,-909,-801,-640,-438,-203,32,257,463,622,740,802,807,767,668,527,367,179,-4,-184,-344,-476,-580,-637,-657,-629,-554,-463,-347,-197,-52,90,230,344,433,502,530,525,485,410,315,207,88,-37,-145,-253,-333,-389,-418,-419,-398,-348,-284,-199,-98,-1,94,186,260,313,347,351,331,295,235,162,75,-15,-106,-183,-241,-285,-303,-296,-265,-208,-135,-42,50,130,196,232,235,209,157,92,74,88,-195,-56,455,-244,-282,-274,-223,-137,-26,102,226,321,381,405,390,336,248,140,14,-110,-223,-330,-408,-454,-463,-440,-379,-296,-188,-64,69,207,332,429,498,542,547,515,448,342,201,49,-109,-273,-428,-542,-636,-679,-671,-622,-524,-378,-203,-10,193,386,559,692,779,807,768,687,545,362,146,-81,-303,-504,-666,-772,-824,-818,-754,-631,-465,-274,-67,148,352,522,649,726,755,743,666,554,408,233,43,-130,-295,-440,-551,-615,-638,-630,-583,-498,-387,-256,-110,35,171,297,405,481,526,540,523,481,415,318,213,99,-23,-144,-262,-352,-432,-485,-510,-508,-480,-424,-346,-240,-122,12,230,265,382,477,542,574,564,531,458,351,219,74,-78,-228,-361,-475,-552,-599,-603,-570,-499,-403,-270,-125,21,169,307,424,507,552,565,549,495,417,319,194,63,-62,-188,-290,-377,-442,-479,-495,-477,-430,-366,-287,-190,-90,15,113,207,287,355,399,428,443,428,395,337,276,193,97,-1,-107,-211,-308,-393,-461,-500,-519,-504,-462,-391,-295,-182,-55,85,219,343,449,540,597,613,595,541,449,330,193,38,-121,-276,-414,-531,-619,-663,-676,-642,-570,-460,-333,-178,-10,162,326,476,596,678,730,729,686,606,483,324,156,-28,-217,-393,-551,-680,-766,-808,-798,-743,-645,-1099,-889,136,123,42,741,607,428,207,-20,-260,-490,-685,-852,-965,-1015,-999,-912,-778,-581,-334,-71,207,477,720,918,1057,1130,1134,1052,900,695,439,147,-155,-452,-718,-939,-1109,-1200,-1217,-1152,-1007,-803,-542,-239,68,377,665,902,1087,1202,1238,1197,1076,889,642,352,49,-254,-545,-799,-1001,-1142,-1214,-1200,-1114,-961,-744,-484,-195,106,400,661,886,1046,1135,1165,1112,991,817,592,330,46,-228,-489,-722,-903,-1025,-1083,-1065,-988,-861,-674,-448,-199,65,312,538,735,875,966,997,956,865,729,554,336,109,-117,-344,-542,-704,-826,-904,-925,-887,-802,-670,-496,-293,-74,146,361,558,724,850,923,942,896,-1099,654,457,233,-10,-263,-499,-704,-864,-969,-1016,-992,-902,-741,-536,-295,-28,241,503,723,892,1012,1054,1024,921,754,530,279,5,-266,-515,-730,-891,-987,-1013,-962,-853,-684,-469,-225,31,273,496,673,806,878,887,842,736,585,401,188,-24,-223,-408,-548,-657,-718,-730,-698,-614,-500,-349,-188,-19,141,282,395,502,565,583,577,531,440,335,209,74,-54,-184,-296,-385,-444,-480,-472,-440,-385,-300,-207,-95,13,119,213,291,350,379,380,367,329,266,190,101,2,-90,-173,-242,-294,-324,-327,-308,-261,-203,-124,-34,58,143,209,259,282,273,236,175,92,9,-67,-129,-163,270,284,364,-1094,-973,-71,19,133,234,311,357,359,311,222,114,-8,-135,-251,-344,-405,-436,-419,-377,-303,-203,-87,36,164,283,378,451,487,496,471,408,309,191,47,-97,-237,-368,-485,-564,-605,-606,-573,-487,-368,-220,-38,145,324,490,624,715,757,743,668,541,380,185,-34,-249,-448,-624,-751,-821,-826,-776,-668,-511,-315,-104,116,332,528,674,765,807,789,715,584,426,237,48,-149,-337,-487,-600,-678,-702,-677,-621,-522,-387,-232,-72,92,240,375,472,548,583,581,548,483,392,278,158,28,-103,-225,-335,-419,-469,-505,-516,-498,-445,-367,-277,-165,-47,70,190,304,404,481,524,549,-198,485,409,305,183,36,-110,-245,-373,-475,-552,-592,-597,-555,-489,-385,-253,-103,55,204,339,455,547,590,601,570,505,407,285,150,13,-126,-255,-360,-446,-510,-530,-528,-492,-426,-340,-235,-127,-11,107,211,295,368,419,448,450,436,396,337,262,177,93,-8,-106,-200,-283,-354,-417,-449,-463,-454,-428,-374,-300,-202,-94,23,146,266,372,460,524,565,572,539,475,382,263,121,-27,-173,-316,-444,-542,-614,-648,-641,-595,-513,-406,-261,-107,57,222,377,508,605,676,703,689,632,536,400,254,82,-97,-275,-436,-581,-676,-739,-767,-744,-675,-561,-415,-232,-43,159,349,532,-62,-660
10862,mtk,MTK 7916,4083544451,rx1-tx0,512,-144,53,467,-496,-447,-359,-226,-85,61,210,337,444,506,535,520,462,368,245,99,-60,-213,-358,-467,-540,-575,-560,-499,-405,-279,-130,41,203,352,483,566,612,622,579,490,354,198,27,-154,-323,-474,-592,-676,-704,-680,-609,-488,-340,-162,35,232,422,585,710,787,806,775,680,537,346,136,-90,-322,-528,-704,-834,-908,-915,-845,-725,-552,-338,-91,169,428,650,812,928,972,955,868,713,516,277,16,-243,-479,-670,-829,-919,-945,-908,-814,-663,-484,-262,-36,198,416,594,738,833,868,862,797,684,529,344,135,-66,-280,-472,-635,-767,-852,-880,-864,-784,-659,-502,-296,-75,156,394,231,776,915,989,1007,952,826,652,426,159,-120,-405,-662,-879,-1052,-1152,-1164,-1110,-963,-745,-483,-170,158,473,771,1015,1184,1273,1282,1198,1029,783,482,138,-214,-567,-877,-1121,-1287,-1379,-1364,-1248,-1053,-787,-464,-97,277,628,945,1183,1353,1430,1407,1288,1077,789,445,62,-329,-701,-1027,-1288,-1458,-1517,-1469,-1311,-1051,-720,-329,92,507,898,1209,1422,1536,1519,1391,1158,837,443,17,-388,-765,-1085,-1304,-1407,-1409,-1294,-1073,-789,-450,-81,277,609,882,1073,1166,1172,1087,925,695,405,101,-209,-491,-726,-884,-972,-975,-894,-741,-511,-247,37,312,548,722,812,802,696,504,260,6,-226,-396,-472,-797,-837,-417,231,455,-417,-552,-600,-550,-405,-190,69,341,572,742,836,828,746,580,349,89,-189,-453,-677,-853,-957,-978,-911,-777,-568,-311,-34,262,546,796,985,1099,1140,1087,953,734,457,126,-217,-550,-851,-1103,-1292,-1370,-1328,-1194,-983,-678,-313,73,479,866,1173,1413,1547,1564,1455,1235,921,521,92,-367,-792,-1171,-1459,-1638,-1692,-1625,-1425,-1122,-725,-277,183,636,1042,1369,1587,1684,1651,1507,1265,916,513,70,-366,-770,-1120,-1372,-1534,-1578,-1514,-1335,-1080,-760,-382,18,405,754,1045,1266,1409,1449,1394,1238,1000,711,370,2,-362,-693,-974,-1199,-1332,-1385,-1334,-1205,-989,-714,-397,-50,299,628,919,1130,1287,-49,1327,1224,1041,785,473,135,-223,-569,-872,-1126,-1306,-1400,-1403,-1308,-1124,-862,-544,-176,213,577,923,1208,1405,1496,1489,1383,1176,886,526,119,-285,-686,-1019,-1287,-1470,-1537,-1497,-1350,-1107,-790,-412,-14,387,753,1059,1299,1430,1455,1380,1214,966,648,286,-86,-443,-767,-1033,-1211,-1301,-1298,-1202,-1029,-788,-510,-187,135,445,702,914,1044,1109,1091,1003,852,638,389,125,-142,-392,-600,-767,-878,-924,-910,-829,-694,-514,-307,-81,138,344,521,651,734,766,746,669,548,402,223,32,-147,-314,-463,-572,-635,-649,-621,-547,-428,-298,-136,27,184,325,434,517,564,557,512,438,322,186,45,-98,-526,-329,-95,-821,-693,153,278,401,486,524,529,486,410,299,164,16,-139,-282,-400,-489,-542,-549,-518,-440,-320,-183,-26,140,288,419,518,582,598,563,494,375,224,68,-100,-267,-420,-543,-617,-657,-650,-591,-486,-347,-179,12,195,374,524,644,727,754,725,647,518,351,145,-67,-278,-479,-650,-777,-844,-864,-816,-705,-548,-347,-117,137,375,584,758,887,951,948,872,728,540,308,47,-210,-462,-670,-832,-937,-973,-939,-835,-689,-489,-255,-8,232,457,644,789,879,905,882,797,666,495,284,74,-140,-351,-535,-686,-794,-850,-861,-824,-727,-589,-419,-212,1,217,427,600,756,874,923,924,860,-568,582,370,127,-123,-386,-617,-823,-980,-1069,-1082,-1027,-897,-712,-470,-175,130,433,716,944,1113,1217,1223,1163,1010,778,482,155,-187,-523,-825,-1068,-1243,-1331,-1325,-1231,-1047,-786,-470,-114,257,599,898,1150,1324,1404,1378,1268,1064,784,456,85,-290,-654,-975,-1230,-1397,-1472,-1446,-1314,-1086,-783,-413,-12,401,786,1112,1355,1504,1535,1460,1273,976,612,186,-252,-657,-1002,-1273,-1452,-1504,-1440,-1270,-999,-644,-262,137,527,847,1092,1255,1314,1266,1121,884,587,264,-73,-391,-666,-889,-1030,-1081,-1050,-926,-734,-484,-210,82,356,601,783,880,897,827,675,454,184,-95,-351,-551,-656,-666,-576,-408,-203,-140,-487,247,-530,-349,-294,-124,111,351,559,698,751,706,559,350,85,-188,-443,-670,-824,-901,-899,-809,-655,-440,-177,111,389,639,843,972,1037,1021,926,749,506,223,-90,-409,-703,-952,-1132,-1234,-1237,-1147,-967,-724,-404,-33,344,697,1009,1273,1419,1475,1420,1246,965,620,211,-220,-644,-1022,-1340,-1547,-1649,-1622,-1464,-1200,-831,-402,58,515,935,1285,1544,1678,1695,1590,1352,1021,612,164,-298,-719,-1101,-1391,-1575,-1644,-1590,-1432,-1158,-813,-423,-3,412,783,1088,1328,1476,1515,1444,1276,1033,729,372,-13,-392,-737,-1017,-1229,-1370,-1409,-1356,-1212,-999,-711,-380,-25,327,654,945,1162,1301,1353,1315,1204,997,737,431,425,-256,-587,-886,-1122,-1282,-1360,-1358,-1257,-1082,-829,-516,-166,206,565,885,1154,1345,1456,1450,1356,1171,894,543,157,-237,-627,-972,-1254,-1448,-1526,-1504,-1379,-1151,-855,-474,-65,346,731,1054,1302,1461,1512,1463,1295,1051,727,352,-41,-422,-772,-1055,-1262,-1376,-1388,-1303,-1132,-878,-570,-236,120,452,745,972,1128,1209,1197,1103,937,710,440,151,-149,-417,-657,-841,-959,-1010,-999,-911,-765,-573,-349,-110,133,363,559,706,802,839,815,742,618,451,263,60,-142,-332,-485,-608,-689,-709,-674,-604,-493,-346,-180,-3,162,325,444,538,600,605,568,484,374,243,88,-71,-210,-336,-438,-502,-531,-525,-273,-569
10863,mtk,MTK 7916,4083544451,rx1-tx1,512,0,0,0,-559,-468,-243,48,330,516,554,439,198,-94,-357,-520,-540,-402,-160,128,385,524,506,347,98,-173,-390,-499,-462,-290,-36,223,406,466,392,209,-44,-279,-426,-447,-341,-129,128,340,442,412,254,15,-232,-410,-464,-369,-167,84,327,482,484,340,89,-201,-438,-550,-500,-305,-19,294,542,634,546,296,-51,-391,-625,-691,-559,-265,107,466,703,748,581,236,-174,-537,-765,-795,-601,-234,202,588,825,834,613,227,-229,-624,-850,-849,-619,-224,238,634,855,847,618,225,-233,-629,-847,-837,-604,-218,219,595,806,796,572,198,-223,-572,-761,-744,-519,-158,232,552,712,669,445,0,-254,-540,-659,-589,-360,-30,303,537,623,531,288,-42,-357,-567,-613,-487,-224,109,422,609,628,473,185,-161,-474,-656,-660,-487,-178,188,491,675,695,520,206,-159,-485,-676,-689,-525,-235,108,421,629,667,519,251,-58,-346,-533,-570,-460,-236,37,286,436,453,359,183,-36,-228,-338,-339,-240,-72,94,218,275,236,114,-39,-179,-273,-273,-189,-45,123,261,327,302,190,10,-181,-320,-377,-342,-218,-32,162,316,387,354,233,56,-135,-287,-367,-353,-244,-74,100,247,325,321,230,87,-75,-214,-293,-300,-236,-110,38,173,269,301,259,165,39,-84,-184,-241,-247,-212,-144,0,0,0,0,0,161,105,15,-103,-218,-304,-338,-301,-190,-30,154,316,417,425,335,159,-64,-285,-450,-509,-442,-262,-2,269,482,580,535,353,69,-244,-505,-656,-644,-454,-138,223,545,736,742,543,213,-184,-556,-804,-846,-662,-300,145,563,844,911,749,394,-78,-549,-871,-963,-808,-450,33,515,854,971,840,481,-11,-509,-865,-978,-828,-465,28,516,864,977,838,475,-28,-527,-877,-995,-851,-468,37,518,872,992,835,456,-48,-530,-864,-969,-818,-441,58,543,866,946,779,396,-84,-542,-853,-926,-735,-351,124,566,853,895,688,289,-191,-607,-864,-886,-655,-240,244,655,893,886,625,187,0,-729,-931,-877,-593,-146,349,757,961,894,577,104,-404,-814,-989,-892,-551,-59,456,847,1003,892,527,17,-495,-871,-1006,-877,-502,16,516,876,1003,847,461,-43,-532,-879,-980,-803,-398,104,572,883,943,739,340,-147,-592,-869,-897,-666,-257,220,635,869,848,585,167,-289,-658,-833,-780,-513,-86,362,686,819,722,413,-3,-408,-701,-798,-663,-330,83,463,714,768,605,270,-138,-502,-718,-733,-546,-206,188,523,703,688,479,132,-238,-529,-671,-628,-403,-72,269,527,635,556,322,0,-319,-540,-602,-489,-233,76,357,542,574,429,173,-134,-394,-537,-528,-369,-90,213,438,537,0,0,0,0,0,-23,-304,-502,-562,-454,-219,73,340,517,551,429,184,-110,-370,-525,-529,-382,-132,149,387,512,484,319,71,-190,-394,-487,-434,-251,4,251,414,449,357,167,-76,-307,-431,-428,-298,-68,180,371,452,396,217,-33,-274,-438,-476,-359,-127,147,385,516,496,327,45,-258,-483,-586,-524,-294,28,350,591,660,546,278,-77,-427,-666,-721,-563,-249,137,499,733,767,594,245,-189,-573,-805,-813,-602,-229,213,609,842,840,613,217,-237,-629,-854,-849,-620,-219,244,638,862,860,621,216,-237,-610,-819,-816,-587,-201,226,586,781,758,537,183,-221,-555,-722,-697,-481,-134,238,540,0,637,407,67,-272,-527,-640,-564,-324,1,327,556,617,504,248,-82,-387,-585,-615,-477,-194,147,451,639,650,475,174,-183,-499,-673,-671,-500,-187,177,495,687,698,531,229,-135,-457,-658,-685,-534,-250,90,395,580,615,497,253,-44,-312,-486,-517,-414,-213,36,249,372,394,297,129,-59,-221,-300,-278,-170,-16,135,238,261,198,68,-85,-227,-305,-290,-179,-16,154,295,361,328,202,14,-181,-332,-396,-353,-218,-36,142,294,381,359,241,72,-108,-258,-344,-335,-239,-82,91,236,314,306,228,100,-55,-193,-281,-300,-245,-127,8,136,235,282,270,204,100,-7,-94,-158,0,0,0,0,0,131,212,260,261,204,95,-49,-194,-314,-383,-370,-266,-94,112,302,427,461,387,214,-24,-272,-468,-547,-488,-307,-49,241,489,617,589,406,106,-237,-528,-694,-688,-504,-170,219,559,778,799,609,255,-174,-575,-836,-889,-707,-340,118,554,865,951,784,417,-60,-530,-871,-976,-822,-464,19,506,854,971,827,467,-13,-501,-855,-971,-828,-465,24,517,871,986,834,465,-30,-524,-876,-981,-839,-468,40,528,869,984,827,445,-51,-536,-867,-964,-801,-426,73,538,856,933,753,376,-112,-572,-852,-906,-718,-327,154,589,861,890,671,262,-217,-644,-884,-881,-636,-208,278,682,904,0,615,164,-326,-734,-949,-893,-585,-108,394,785,966,893,567,77,-433,-822,-995,-896,-539,-32,479,854,1003,872,512,4,-510,-881,-1009,-872,-492,28,535,893,1000,826,439,-65,-556,-875,-952,-769,-368,125,576,869,919,704,299,-184,-617,-867,-870,-632,-213,256,639,845,810,542,130,-321,-680,-840,-759,-458,-41,380,694,802,682,377,-40,-442,-713,-789,-640,-304,117,491,722,753,576,234,-168,-516,-720,-719,-519,-176,206,522,694,664,444,107,-251,-536,-658,-583,-355,-36,293,534,612,518,278,-47,-345,-539,-581,-455,-198,107,382,540,541,391,128,-176,-423,-545,-513,-329,-58,0,0
10864,mtk,MTK 7916,4083544451,rx2-tx0,512,0,0,0,247,41,-193,-370,-437,-381,-211,26,260,423,464,365,163,-88,-322,-469,-476,-346,-116,156,386,505,482,328,69,-220,-443,-540,-481,-279,2,284,497,565,464,236,-67,-359,-547,-573,-437,-169,151,428,585,577,399,88,-253,-525,-639,-571,-339,-1,347,607,693,574,287,-91,-456,-698,-745,-582,-247,171,548,784,803,589,207,-239,-628,-847,-836,-592,-180,302,706,909,869,591,144,-355,-755,-947,-880,-573,-105,400,797,971,877,548,71,-425,-814,-970,-853,-513,-32,455,818,959,828,473,-4,-474,-812,-921,-776,-423,48,499,804,889,721,350,-105,-523,-793,-840,-645,-275,164,0,799,805,582,194,-245,-609,-801,-767,-509,-108,320,667,831,756,466,40,-402,-735,-864,-755,-425,24,468,789,897,753,403,-66,-523,-836,-925,-758,-378,109,567,875,942,755,356,-147,-614,-916,-968,-758,-348,158,632,936,981,759,333,-187,-661,-955,-987,-753,-316,208,677,964,992,755,315,-206,-669,-956,-994,-766,-334,177,643,928,964,757,354,-141,-588,-873,-925,-737,-362,97,519,799,866,703,365,-56,-449,-721,-797,-662,-369,15,388,649,738,639,374,22,-321,-576,-682,-612,-392,-84,239,495,626,604,443,185,-105,-362,-538,-587,-510,-340,-116,115,307,417,442,391,285,0,0,0,0,0,-318,-201,-27,192,406,562,621,553,362,81,-238,-520,-692,-710,-569,-292,70,432,696,796,702,425,30,-385,-716,-873,-811,-546,-128,345,739,956,929,663,207,-321,-781,-1047,-1051,-785,-300,277,795,1123,1165,897,397,-218,-792,-1169,-1249,-1002,-489,161,780,1204,1318,1086,574,-99,-749,-1203,-1342,-1137,-634,37,701,1178,1348,1163,675,13,-654,-1138,-1318,-1157,-691,-36,623,1099,1281,1130,676,39,-591,-1057,-1235,-1079,-636,-28,578,1016,1178,1023,593,10,-567,-984,-1130,-968,-541,14,561,954,1078,903,489,-49,-566,-920,-1019,-845,-441,77,569,897,971,776,379,-118,-575,-869,-919,-715,-313,0,598,851,872,650,252,-204,-602,-836,-827,-586,-188,253,619,809,776,524,134,-288,-626,-777,-714,-456,-72,328,627,744,649,372,0,-366,-623,-703,-580,-293,66,397,611,651,502,210,-139,-435,-602,-600,-422,-126,199,463,589,543,340,43,-264,-489,-566,-483,-265,31,314,496,529,407,168,-121,-367,-500,-490,-339,-87,187,399,492,445,268,13,-246,-429,-482,-393,-197,62,304,448,458,331,116,-133,-341,-450,-426,-278,-50,191,374,450,392,218,-15,-235,-389,-431,-341,-156,74,281,403,406,293,94,-133,-322,-408,-375,-236,-27,190,347,402,341,173,-47,-250,-380,-397,-302,0,0,0,0,0,345,427,386,234,7,-228,-399,-447,-373,-197,52,292,445,474,365,141,-123,-354,-488,-485,-341,-93,187,411,521,482,300,28,-254,-463,-546,-474,-262,30,320,518,571,455,199,-115,-396,-564,-575,-417,-128,209,481,612,576,372,48,-298,-566,-672,-579,-311,50,405,656,726,584,270,-130,-508,-749,-781,-591,-234,198,591,823,824,588,188,-270,-665,-886,-859,-595,-158,325,724,931,877,578,116,-375,-769,-954,-881,-563,-85,419,806,966,863,527,53,-441,-817,-966,-848,-496,-9,474,818,936,803,453,-18,-483,-809,-907,-753,-394,69,503,795,859,683,315,-136,-542,-794,-822,0,-239,205,585,797,777,541,152,-283,-641,-818,-761,-488,-76,359,698,846,754,446,9,-438,-763,-875,-745,-413,44,495,817,913,758,391,-87,-545,-861,-943,-764,-373,126,593,893,958,759,352,-156,-621,-921,-974,-757,-328,184,649,942,976,750,315,-204,-671,-962,-992,-756,-318,211,675,955,989,759,325,-196,-662,-949,-978,-759,-346,159,614,901,954,749,356,-119,-553,-834,-893,-727,-369,80,489,758,829,689,369,-38,-425,-688,-765,-649,-371,-1,357,609,706,621,381,49,-283,-537,-655,-610,-415,-127,181,440,588,600,479,260,-5,-256,-440,-531,-512,-400,-227,-40,120,244,0,0,0,0,0,-266,-417,-503,-502,-399,-199,58,322,542,665,648,480,194,-148,-466,-689,-754,-638,-358,23,406,706,833,755,489,87,-360,-725,-914,-874,-600,-161,332,758,1002,993,720,253,-300,-790,-1091,-1110,-836,-344,254,804,1150,1209,957,444,-193,-790,-1195,-1296,-1057,-536,124,757,1201,1335,1114,604,-65,-723,-1197,-1355,-1159,-658,18,680,1164,1342,1167,683,27,-627,-1119,-1311,-1146,-681,-44,598,1075,1258,1102,650,31,-584,-1037,-1210,-1047,-615,-30,572,1010,1155,991,571,-1,-564,-968,-1102,-939,-527,25,562,930,1044,880,473,-58,-560,-906,-996,-813,-411,98,573,888,956,751,343,-145,-585,-861,0,-681,-292,180,597,840,849,619,221,-234,-611,-820,-799,-556,-163,272,622,793,745,494,101,-315,-627,-761,-681,-416,-38,341,617,721,619,334,-39,-383,-620,-679,-542,-251,105,428,617,626,461,168,-166,-447,-600,-574,-380,-83,235,477,573,506,299,2,-289,-491,-547,-445,-215,77,345,503,513,372,125,-154,-384,-498,-468,-300,-42,219,411,485,420,230,-26,-274,-438,-470,-368,-157,95,320,450,441,305,85,-157,-355,-446,-406,-250,-18,216,378,435,368,187,-49,-263,-397,-422,-322,-127,102,301,407,393,264,60,-164,-337,-411,-362,-210,7,220,367,406,317,137,-82,-275,0,0
10865,mtk,MTK 7916,4083544451,rx2-tx1,512,0,0,0,13,55,83,83,48,-4,-53,-86,-90,-66,-22,32,82,109,103,67,12,-48,-98,-119,-109,-74,-21,41,89,114,113,80,26,-28,-71,-95,-99,-77,-44,-4,32,50,55,58,45,23,7,-8,-24,-37,-49,-55,-55,-54,-41,-2,35,68,98,106,93,56,-7,-81,-136,-168,-157,-107,-22,77,161,216,219,155,50,-75,-190,-258,-260,-194,-74,74,215,302,309,235,92,-79,-228,-327,-343,-268,-117,74,246,351,367,285,128,-61,-242,-355,-376,-299,-138,55,240,360,377,293,129,-69,-252,-357,-364,-280,-111,97,271,372,368,263,83,-121,-294,-385,-364,-240,-53,0,332,410,366,218,6,-208,-368,-431,-368,-197,27,257,427,478,393,200,-53,-295,-471,-526,-433,-215,71,347,526,564,455,215,-85,-368,-561,-604,-476,-221,101,407,607,645,508,230,-125,-447,-659,-706,-552,-246,127,484,720,763,611,295,-111,-499,-761,-819,-664,-345,70,481,771,861,730,403,-19,-442,-761,-885,-776,-470,-44,381,706,853,777,509,111,-311,-650,-820,-775,-535,-163,250,588,760,750,539,200,-179,-511,-711,-729,-564,-254,113,444,655,696,570,311,-22,-344,-579,-663,-592,-385,-93,219,469,613,617,484,252,-26,-283,-472,-564,-542,-418,-235,-29,154,279,347,0,0,0,0,0,-42,51,162,261,325,333,281,165,2,-166,-310,-398,-399,-311,-157,43,241,388,445,395,249,41,-192,-385,-481,-460,-323,-101,156,386,525,538,413,170,-130,-407,-592,-634,-513,-248,89,416,660,740,631,364,-8,-397,-694,-824,-753,-489,-89,347,713,907,883,630,210,-265,-683,-934,-948,-731,-333,156,607,906,986,811,429,-53,-522,-863,-987,-859,-513,-30,455,814,963,866,546,81,-394,-761,-928,-852,-559,-124,341,712,889,832,556,141,-311,-669,-845,-799,-540,-142,297,645,821,779,526,137,-287,-636,-808,-767,-527,-151,268,617,792,756,519,147,-265,-600,-772,-738,-499,0,269,594,762,724,487,124,-275,-593,-749,-708,-469,-109,279,593,751,698,453,89,-297,-608,-745,-680,-435,-65,323,616,743,664,406,40,-345,-639,-756,-672,-409,-31,356,651,767,674,403,29,-354,-638,-755,-675,-397,-14,363,632,737,645,379,17,-342,-614,-720,-630,-379,-35,319,585,683,594,359,36,-298,-547,-643,-565,-336,-23,286,508,589,520,307,20,-259,-464,-542,-475,-283,-20,232,409,480,425,259,25,-201,-362,-419,-364,-218,-24,167,309,353,302,184,27,-135,-253,-291,-252,-147,-8,121,207,235,195,107,0,-103,-167,-176,-134,-63,18,84,126,123,83,23,0,0,0,0,0,-78,-54,-17,30,74,88,69,29,-16,-59,-90,-93,-66,-20,40,90,115,108,69,13,-46,-96,-118,-109,-70,-13,37,80,110,111,82,32,-14,-50,-79,-82,-66,-46,-18,18,38,40,43,49,44,33,18,5,-11,-40,-66,-79,-86,-76,-35,24,77,117,137,126,79,5,-79,-154,-194,-191,-134,-35,82,178,239,242,178,59,-78,-200,-284,-291,-219,-87,74,225,316,329,259,115,-69,-237,-338,-351,-274,-128,59,238,352,372,292,135,-63,-239,-361,-384,-296,-127,73,253,363,373,287,120,-83,-264,-368,-365,-271,-97,111,288,381,365,246,60,-146,-312,-391,0,-223,-26,188,354,412,361,208,-9,-238,-396,-445,-383,-204,43,285,454,500,412,207,-69,-331,-504,-541,-436,-216,73,353,544,587,471,220,-93,-386,-587,-627,-493,-228,113,431,632,671,535,238,-129,-470,-692,-733,-570,-255,133,500,745,795,641,318,-98,-505,-775,-847,-710,-384,50,467,764,875,762,437,9,-420,-737,-866,-774,-489,-79,348,686,840,777,520,131,-285,-621,-799,-764,-539,-185,208,543,741,742,549,222,-145,-469,-678,-710,-566,-286,66,395,619,692,589,347,33,-285,-535,-653,-609,-429,-161,138,398,561,606,526,348,110,-141,-342,-459,-485,-429,-314,-163,0,0,0,0,0,-236,-267,-246,-172,-57,85,226,326,371,348,251,86,-105,-278,-393,-424,-360,-206,2,213,380,461,431,291,70,-178,-385,-501,-497,-368,-139,148,408,566,584,453,205,-107,-414,-624,-685,-572,-305,59,419,686,790,696,425,37,-376,-705,-876,-828,-565,-152,303,696,923,920,673,273,-203,-646,-928,-968,-776,-382,113,577,895,988,829,467,-7,-485,-847,-978,-860,-530,-65,413,783,951,865,554,111,-356,-722,-901,-836,-561,-141,317,681,862,818,561,143,-306,-668,-841,-788,-539,-150,283,628,807,779,529,142,-269,-617,-800,-759,-519,-146,270,613,786,740,501,131,-272,-597,0,-730,-504,-134,267,589,751,711,481,118,-274,-589,-740,-692,-464,-103,289,596,739,683,432,68,-312,-612,-753,-683,-424,-52,336,630,748,660,402,34,-352,-644,-760,-672,-398,-15,363,643,758,670,403,18,-365,-648,-755,-664,-396,-27,339,616,734,645,378,23,-329,-595,-701,-615,-368,-27,318,564,661,580,343,27,-295,-538,-624,-543,-326,-24,273,490,570,492,291,21,-240,-435,-517,-453,-266,-24,211,381,449,397,241,33,-181,-333,-388,-341,-211,-21,161,279,317,273,162,14,-129,-229,-260,-219,-119,4,114,183,198,158,81,-11,-95,-144,-146,-109,-47,26,87,112,0,0
10866,mtk,MTK 7916,4083601341,rx0-tx0,512,557,-650,-582,-518,-601,-650,-647,-613,-527,-418,-292,-133,36,209,378,519,631,699,729,713,636,513,354,157,-65,-288,-489,-663,-796,-863,-870,-805,-676,-483,-254,-3,251,494,687,828,908,912,844,706,526,289,36,-205,-425,-605,-744,-827,-837,-781,-675,-517,-324,-123,86,287,456,589,676,713,690,631,524,371,209,31,-139,-284,-413,-506,-550,-572,-555,-491,-398,-290,-167,-30,103,222,326,414,469,479,464,428,365,273,150,33,-92,-214,-302,-375,-415,-418,-395,-348,-272,-180,-89,8,102,174,241,284,296,297,278,253,198,133,74,14,-36,-91,-141,-179,-207,-219,-223,-219,-201,-173,-588,-75,-17,38,97,146,194,223,232,221,208,169,123,64,4,-56,-113,-155,-179,-191,-186,-168,-143,-108,-66,-26,9,37,58,77,86,88,89,88,89,77,69,71,69,71,66,58,45,23,-7,-57,-105,-154,-200,-229,-238,-232,-202,-162,-103,-9,93,191,277,338,383,395,360,296,201,84,-45,-171,-281,-373,-432,-459,-443,-386,-297,-176,-52,86,215,315,393,442,445,419,355,262,154,30,-93,-206,-297,-359,-389,-391,-354,-290,-211,-114,-13,97,191,262,308,335,337,306,253,181,86,-17,-109,-197,-259,-300,-313,-292,-234,-148,-46,52,142,213,247,239,193,123,-412,-549,587,97,198,32,-64,-165,-253,-309,-317,-271,-186,-73,61,190,299,385,419,406,352,261,131,-12,-148,-284,-389,-458,-485,-464,-400,-297,-153,2,157,302,414,490,520,510,450,350,217,58,-106,-250,-385,-470,-506,-511,-466,-380,-268,-139,3,145,266,356,410,435,415,368,299,210,105,-9,-109,-187,-262,-302,-311,-313,-292,-241,-188,-121,-53,11,88,144,186,221,230,229,210,182,131,86,38,-14,-56,-89,-116,-133,-142,-150,-143,-131,-126,-105,-77,-58,-31,-9,16,46,68,98,126,149,167,169,163,152,137,110,55,1,-47,-111,-174,-225,-252,-278,-283,-263,-221,-159,-82,14,-291,175,261,325,362,365,358,320,240,153,46,-75,-179,-286,-361,-412,-441,-430,-387,-318,-224,-104,22,137,249,340,408,445,443,406,353,272,180,85,-25,-121,-208,-290,-358,-407,-425,-430,-413,-365,-300,-208,-92,29,164,294,399,501,571,596,585,532,433,291,127,-56,-242,-420,-572,-698,-770,-779,-745,-649,-484,-278,-48,198,431,637,799,890,929,891,778,604,376,122,-154,-420,-647,-829,-952,-997,-966,-850,-665,-437,-166,111,373,614,801,923,970,940,833,671,463,218,-43,-285,-507,-690,-806,-861,-857,-785,-655,-481,-285,-74,140,332,498,626,709,737,710,631,521,383,-218,-147,525,159,379,-390,-251,-90,72,236,384,499,595,661,680,655,586,475,328,158,-26,-225,-410,-566,-695,-784,-815,-775,-671,-527,-328,-106,134,371,586,759,866,910,883,779,610,396,147,-117,-362,-567,-737,-851,-885,-853,-758,-612,-422,-195,40,261,453,614,715,765,768,706,591,438,262,70,-118,-286,-446,-554,-618,-642,-615,-549,-455,-316,-171,-30,122,256,367,446,505,524,503,449,378,285,162,31,-91,-209,-305,-391,-436,-457,-451,-391,-315,-223,-113,-1,108,203,279,332,360,365,337,285,222,140,63,-8,-72,-137,-195,-227,-243,-246,-236,-222,-185,-148,-100,-52,-2,52,102,151,321,218,225,227,211,185,141,80,14,-47,-103,-154,-190,-213,-216,-214,-189,-146,-97,-40,16,59,96,123,138,142,139,125,106,81,57,39,21,9,-4,-19,-24,-32,-43,-57,-81,-99,-122,-140,-161,-167,-152,-130,-91,-34,33,106,177,233,291,325,325,296,235,149,53,-70,-193,-289,-374,-419,-429,-400,-337,-247,-136,-7,127,251,357,427,459,455,408,327,226,99,-33,-155,-269,-351,-405,-423,-414,-367,-288,-182,-73,42,151,240,312,355,367,349,302,234,151,60,-45,-138,-219,-280,-319,-327,-305,-258,-182,-90,12,114,202,264,288,276,237,163,68,-27,-109,-159,-432,-285,-258,304,257,-212,-232,-207,-138,-32,92,209,300,361,373,335,262,151,12,-128,-255,-359,-428,-444,-431,-371,-268,-138,11,157,294,409,487,513,492,426,315,178,28,-126,-274,-397,-485,-529,-512,-461,-370,-240,-99,53,205,327,415,471,485,456,386,282,171,38,-86,-189,-277,-338,-377,-376,-344,-295,-228,-141,-62,18,102,172,220,263,276,279,255,203,158,101,41,-15,-68,-120,-156,-172,-185,-183,-168,-154,-125,-91,-56,-18,13,31,55,90,108,124,129,129,132,127,122,113,91,59,22,-18,-57,-96,-135,-184,-218,-221,-221,-208,-178,-129,-75,-17,69,148,222,271,309,320,374,299,244,163,69,-31,-125,-232,-319,-369,-411,-408,-381,-324,-231,-134,-15,110,224,321,401,453,454,431,376,295,196,82,-38,-149,-247,-327,-379,-411,-422,-398,-361,-302,-225,-128,-29,68,173,274,362,436,480,500,497,447,373,272,129,-26,-187,-347,-488,-597,-668,-696,-676,-596,-469,-305,-101,103,307,513,679,795,860,855,781,643,445,207,-38,-303,-545,-745,-889,-963,-966,-886,-739,-538,-288,-13,265,528,740,895,982,981,913,774,574,330,57,-215,-464,-666,-822,-912,-927,-870,-753,-576,-363,-131,103,334,523,670,759,798,779,699,577,420,237,42,-149,-322,-460,-579,201,270
10867,mtk,MTK 7916,4083601341,rx0-tx1,512,-760,532,805,26,274,518,728,893,993,1020,983,879,699,456,175,-118,-414,-684,-908,-1071,-1156,-1158,-1071,-898,-662,-373,-45,271,589,870,1081,1220,1272,1219,1076,863,575,240,-107,-450,-767,-1027,-1213,-1308,-1305,-1207,-1023,-763,-453,-104,256,589,880,1111,1253,1313,1280,1149,943,673,341,-3,-343,-661,-928,-1124,-1250,-1278,-1213,-1075,-854,-568,-249,88,408,701,946,1124,1210,1214,1136,972,746,473,170,-143,-446,-706,-919,-1067,-1129,-1118,-1025,-871,-660,-398,-117,177,446,671,853,977,1032,1019,934,786,588,354,103,-156,-404,-620,-792,-910,-970,-960,-888,-763,-578,-362,-121,128,371,598,790,928,994,987,-430,796,599,358,91,-190,-461,-703,-894,-1020,-1068,-1049,-938,-757,-521,-238,61,363,641,866,1028,1113,1097,1010,839,601,317,9,-297,-583,-815,-983,-1069,-1076,-1001,-841,-622,-352,-62,222,487,697,856,948,968,914,785,600,377,131,-118,-344,-547,-696,-783,-816,-793,-700,-571,-405,-214,-19,179,358,499,605,654,664,618,532,423,276,119,-40,-192,-332,-439,-514,-550,-542,-495,-415,-304,-180,-52,81,208,314,391,434,447,431,374,296,201,93,-19,-123,-218,-299,-355,-378,-370,-333,-271,-193,-102,2,99,190,258,302,327,314,271,207,115,13,-86,-170,-234,-261,-249,-205,-132,-48,-447,-132,-195,-973,-770,-60,47,171,279,352,377,350,274,158,23,-120,-253,-361,-425,-452,-439,-383,-290,-164,-33,106,241,355,445,499,513,482,414,315,180,26,-122,-277,-416,-529,-597,-621,-599,-523,-410,-258,-78,118,311,477,623,728,764,736,651,508,326,105,-132,-360,-568,-730,-835,-882,-842,-731,-564,-348,-105,149,393,602,758,852,880,829,722,558,347,113,-126,-348,-544,-688,-777,-802,-763,-674,-532,-354,-160,45,240,406,540,640,687,673,626,528,399,251,91,-69,-223,-364,-468,-535,-579,-572,-539,-463,-358,-239,-107,32,172,293,395,477,535,557,532,484,405,294,159,17,-127,-269,230,-506,-573,-607,-603,-549,-446,-324,-172,2,170,334,473,580,638,651,626,550,435,282,118,-68,-240,-383,-508,-590,-630,-629,-578,-481,-359,-216,-63,89,239,368,468,533,562,558,512,439,341,216,91,-41,-165,-277,-373,-440,-480,-494,-478,-436,-370,-288,-187,-71,43,159,262,359,433,479,506,504,473,411,319,203,79,-62,-204,-338,-454,-537,-597,-611,-586,-520,-414,-282,-137,32,197,360,504,607,673,692,656,588,476,323,154,-30,-213,-389,-537,-648,-719,-739,-712,-634,-516,-363,-180,21,226,414,572,703,779,799,769,692,568,390,193,-24,-248,-449,-630,-767,-846,-882,-338,-722,136,904,690,947,921,833,675,463,207,-62,-326,-586,-814,-980,-1081,-1099,-1043,-901,-693,-425,-124,196,507,783,1003,1156,1218,1193,1091,893,627,319,-26,-373,-684,-953,-1159,-1273,-1293,-1225,-1061,-819,-518,-179,177,523,829,1072,1237,1318,1299,1185,989,714,394,48,-303,-632,-909,-1130,-1264,-1294,-1250,-1114,-897,-622,-302,45,372,678,943,1134,1241,1252,1177,1023,799,518,202,-117,-430,-710,-931,-1088,-1168,-1168,-1083,-922,-702,-430,-134,161,446,692,896,1025,1086,1074,978,821,613,365,99,-172,-430,-650,-824,-939,-990,-980,-900,-768,-583,-364,-115,141,376,598,776,900,967,966,902,778,597,368,108,-156,-1099,-640,-833,-962,-1032,-1025,-945,-792,-575,-312,-34,263,547,782,970,1078,1106,1053,912,693,434,128,-183,-469,-734,-935,-1063,-1107,-1064,-935,-735,-483,-193,105,397,654,852,983,1031,1003,894,719,496,236,-34,-298,-532,-708,-831,-891,-876,-801,-668,-484,-274,-56,165,361,518,642,711,731,697,606,480,328,157,-18,-194,-341,-464,-555,-598,-599,-559,-479,-364,-225,-74,75,210,327,415,471,492,485,435,352,250,134,18,-102,-214,-301,-368,-404,-406,-381,-331,-254,-158,-52,52,149,232,294,336,349,330,283,208,124,25,-75,-163,-234,-284,-297,-277,-229,-151,-56,36,118,175,194,919,1031,364,-225,-651,264,293,273,198,86,-47,-183,-301,-386,-428,-419,-366,-267,-142,-7,137,266,375,445,478,475,427,340,226,95,-52,-198,-330,-442,-525,-555,-552,-506,-418,-292,-140,26,203,366,502,609,675,690,638,535,391,202,-16,-227,-431,-608,-737,-814,-819,-756,-632,-449,-232,9,264,487,675,808,878,874,794,651,453,229,-21,-265,-482,-666,-791,-851,-838,-766,-626,-450,-244,-21,194,395,557,666,726,738,692,596,459,298,109,-71,-241,-398,-516,-591,-623,-611,-567,-486,-366,-236,-87,61,198,327,426,504,540,551,520,456,373,265,142,-1,-142,-262,-384,-479,-547,-573,-563,-513,-198,-319,-179,-27,138,300,432,534,616,637,617,554,445,307,141,-29,-203,-368,-505,-597,-646,-656,-605,-524,-400,-248,-85,83,248,389,496,570,599,589,543,458,346,215,72,-74,-212,-328,-423,-487,-519,-523,-491,-431,-343,-240,-131,-15,104,214,307,385,447,479,486,465,414,343,242,135,20,-105,-229,-341,-438,-503,-547,-561,-532,-472,-374,-255,-116,47,204,355,480,569,632,653,630,563,453,310,146,-35,-216,-376,-523,-630,-693,-717,-690,-616,-494,-343,-163,27,221,402,552,671,746,772,745,661,542,379,181,-25,-228,-418,-591,-723,-805,-840,-812,-726,-595,-407,-202,25,912,659
10868,mtk,MTK 7916,4083601341,rx1-tx0,512,-144,890,261,-454,-481,-459,-397,-299,-173,-34,108,243,361,446,491,491,445,360,247,106,-49,-197,-327,-434,-499,-520,-498,-431,-332,-200,-49,115,266,396,491,548,558,519,441,325,170,10,-160,-324,-458,-560,-617,-623,-580,-487,-351,-193,-14,176,352,507,622,687,701,659,564,421,244,37,-174,-375,-551,-685,-774,-798,-756,-656,-491,-292,-68,175,395,592,747,838,861,815,702,537,330,86,-157,-382,-582,-735,-831,-852,-812,-714,-563,-369,-154,76,297,482,632,735,790,784,718,607,451,264,67,-133,-327,-498,-633,-726,-769,-760,-697,-587,-434,-254,-51,162,363,541,698,799,842,832,231,630,450,239,-7,-261,-501,-702,-864,-957,-980,-936,-806,-607,-369,-96,194,476,732,935,1061,1103,1059,937,741,473,165,-159,-473,-755,-979,-1128,-1196,-1163,-1044,-833,-555,-234,108,440,744,983,1160,1237,1223,1115,919,647,322,-24,-376,-699,-976,-1170,-1283,-1292,-1196,-1009,-749,-412,-41,338,690,995,1223,1352,1358,1266,1065,769,416,14,-389,-760,-1067,-1277,-1372,-1350,-1213,-963,-638,-269,127,507,821,1062,1213,1248,1175,1004,741,428,87,-252,-562,-807,-972,-1052,-1036,-933,-753,-502,-212,80,356,595,767,868,884,813,669,453,201,-70,-330,-540,-691,-748,-706,-577,-376,-135,106,308,432,461,1249,1443,-417,102,-338,-226,-64,158,373,549,646,651,566,391,157,-100,-351,-571,-721,-800,-796,-708,-546,-326,-77,193,443,658,817,902,910,841,686,475,213,-86,-370,-631,-855,-1019,-1078,-1054,-942,-741,-474,-160,180,521,825,1057,1214,1277,1217,1053,805,468,88,-303,-688,-1022,-1265,-1412,-1442,-1351,-1140,-820,-428,-1,437,834,1163,1400,1521,1506,1365,1104,762,361,-76,-523,-921,-1216,-1425,-1510,-1474,-1320,-1054,-708,-306,112,517,872,1151,1336,1412,1375,1237,1000,698,343,-45,-410,-741,-1002,-1198,-1304,-1297,-1193,-1002,-745,-439,-86,269,590,862,1069,1207,1239,1184,1047,831,546,226,-108,-437,-722,-963,-1131,-1211,-1201,-49,-946,-698,-398,-76,265,586,858,1082,1216,1259,1216,1074,850,561,231,-132,-483,-800,-1062,-1246,-1336,-1321,-1202,-977,-683,-330,55,436,789,1072,1272,1375,1369,1255,1034,723,368,-19,-409,-760,-1045,-1253,-1355,-1341,-1228,-1018,-730,-386,-5,356,684,960,1148,1245,1241,1139,945,687,386,47,-289,-585,-832,-999,-1082,-1090,-1006,-851,-636,-378,-93,191,449,665,821,910,927,872,754,578,368,132,-110,-325,-516,-666,-754,-781,-752,-661,-526,-354,-154,48,238,412,542,623,658,638,570,458,313,147,-27,-191,-335,-454,-534,-566,-559,-494,-397,-269,-127,28,177,303,408,479,502,492,439,341,223,1011,857,-95,1183,1467,-137,0,146,272,382,453,482,471,420,330,212,72,-79,-225,-348,-436,-492,-504,-470,-398,-285,-144,6,164,301,416,498,540,534,477,376,247,98,-66,-223,-365,-485,-560,-587,-576,-512,-402,-259,-92,83,256,414,538,624,663,650,577,460,303,117,-81,-278,-455,-596,-703,-751,-737,-667,-540,-371,-167,59,281,493,659,774,836,826,745,609,420,194,-46,-286,-504,-676,-800,-862,-850,-779,-643,-457,-232,9,240,454,629,751,817,826,765,646,490,301,91,-122,-324,-496,-641,-733,-772,-761,-695,-585,-433,-253,-56,148,337,511,649,745,795,788,719,609,450,246,32,-192,-568,-610,-763,-864,-916,-887,-792,-634,-427,-174,90,362,616,817,958,1040,1033,949,791,558,280,-25,-328,-606,-852,-1036,-1138,-1147,-1065,-895,-655,-368,-43,289,608,885,1079,1197,1218,1149,988,749,447,104,-240,-570,-857,-1083,-1223,-1274,-1224,-1076,-840,-539,-197,172,522,832,1093,1269,1338,1298,1158,929,614,242,-154,-535,-882,-1148,-1319,-1388,-1334,-1163,-893,-538,-148,253,638,960,1184,1309,1324,1215,1000,707,355,-25,-372,-688,-940,-1092,-1155,-1112,-970,-747,-472,-161,154,443,688,863,954,958,878,717,493,234,-43,-309,-542,-715,-808,-818,-733,-570,-347,-82,177,402,564,632,598,473,284,76,-715,-57,247,988,927,399,503,525,450,292,64,-183,-421,-612,-723,-747,-685,-536,-324,-78,185,433,638,780,851,845,757,596,373,118,-153,-419,-660,-847,-971,-1004,-944,-806,-607,-329,-23,287,590,845,1037,1144,1170,1089,902,634,309,-58,-437,-768,-1052,-1263,-1355,-1345,-1219,-966,-645,-259,159,565,947,1243,1428,1501,1448,1268,978,604,174,-271,-688,-1055,-1324,-1489,-1536,-1454,-1234,-920,-541,-109,320,718,1054,1300,1436,1461,1364,1159,864,507,110,-280,-652,-956,-1183,-1331,-1363,-1289,-1112,-860,-556,-198,171,519,813,1042,1199,1271,1234,1118,914,652,325,-24,-351,-654,-913,-1102,-1201,-1219,-1136,-978,-751,-460,-136,195,425,780,1005,1154,1228,1210,1090,890,629,309,-24,-365,-686,-961,-1157,-1271,-1293,-1212,-1044,-789,-468,-105,271,628,944,1178,1333,1375,1311,1136,867,536,161,-225,-599,-933,-1183,-1336,-1385,-1322,-1145,-892,-566,-186,198,563,878,1119,1276,1319,1252,1100,855,546,201,-159,-495,-787,-997,-1140,-1188,-1134,-997,-787,-516,-221,87,378,628,830,963,1016,983,878,711,492,245,-18,-271,-494,-671,-786,-850,-838,-767,-642,-466,-254,-36,178,372,529,648,709,710,659,560,416,248,64,-124,-293,-437,-540,-599,-609,-568,-490,-371,-219,-65,100,250,372,466,521,534,496,419,313,175,34,-109,-248,-356,-428,90,536
10869,mtk,MTK 7916,4083601341,rx1-tx1,512,0,0,0,-401,-211,36,276,446,496,412,212,-39,-271,-430,-479,-405,-227,10,248,413,465,396,221,-12,-239,-393,-440,-364,-194,25,232,374,406,327,152,-59,-249,-371,-389,-289,-107,105,284,380,369,248,56,-163,-337,-411,-372,-225,-7,223,386,443,380,204,-46,-289,-465,-513,-415,-207,62,334,523,572,472,237,-72,-368,-574,-637,-526,-265,68,388,610,683,582,321,-39,-391,-655,-748,-654,-388,-7,379,660,783,715,457,76,-323,-644,-802,-762,-525,-159,244,586,789,785,581,229,-168,-522,-741,-769,-608,-298,85,439,670,726,605,329,-32,-374,-604,-672,-580,-344,-16,304,534,0,543,325,30,-271,-491,-574,-504,-301,-16,271,481,557,478,277,6,-268,-480,-564,-492,-289,-10,283,504,586,525,331,35,-273,-509,-617,-570,-390,-113,205,470,615,616,463,191,-123,-393,-557,-590,-486,-268,16,278,468,536,472,301,67,-174,-353,-430,-398,-269,-85,106,251,317,298,194,42,-103,-205,-243,-198,-90,42,155,218,220,154,36,-102,-211,-264,-256,-172,-34,114,241,316,308,222,75,-88,-233,-318,-329,-261,-134,26,178,289,326,281,172,29,-122,-232,-284,-270,-192,-68,63,179,255,265,212,116,-6,-128,-214,-254,-239,-176,-82,22,116,180,207,196,156,0,0,0,0,0,97,170,218,235,207,132,20,-110,-238,-323,-344,-297,-186,-20,162,318,412,413,318,147,-64,-277,-433,-495,-441,-275,-35,223,437,556,547,405,151,-152,-432,-615,-661,-540,-280,59,390,635,744,681,445,86,-307,-626,-804,-793,-580,-224,189,559,805,856,693,364,-54,-466,-770,-877,-768,-475,-52,388,718,876,822,552,137,-302,-666,-866,-849,-613,-220,234,630,860,872,671,296,-161,-571,-831,-888,-719,-369,70,490,788,882,749,423,-11,-429,-729,-847,-751,-458,-50,369,692,831,749,481,93,-321,-653,-808,-753,-495,-112,299,630,801,759,515,133,-286,-628,-804,-770,-542,0,260,620,821,800,570,194,-232,-609,-833,-838,-621,-242,199,591,838,871,673,299,-153,-573,-844,-891,-710,-348,104,527,814,895,749,411,-35,-471,-780,-884,-760,-441,-4,427,739,855,749,456,44,-385,-704,-823,-726,-447,-53,358,669,797,711,441,56,-336,-635,-762,-683,-426,-61,320,609,729,654,403,50,-312,-596,-710,-628,-390,-45,315,584,691,612,372,39,-303,-562,-674,-609,-382,-56,285,542,641,577,365,62,-263,-507,-611,-551,-351,-64,242,478,570,509,320,51,-230,-448,-538,-483,-302,-41,229,431,515,452,267,17,-238,-427,-492,-425,-245,-5,238,420,485,412,0,0,0,0,0,-267,-436,-492,-413,-219,30,268,439,497,416,224,-19,-257,-425,-475,-401,-223,14,245,408,453,382,209,-18,-235,-383,-425,-342,-175,41,244,375,397,309,131,-77,-266,-380,-378,-264,-77,125,295,389,366,230,29,-190,-358,-429,-376,-212,22,260,428,476,389,193,-63,-316,-494,-538,-436,-215,73,355,550,605,495,249,-74,-378,-600,-676,-563,-293,57,394,636,717,616,350,-12,-379,-659,-772,-679,-411,-41,345,651,790,735,488,117,-292,-624,-802,-776,-557,-198,209,558,760,775,597,266,-126,-476,-706,-756,-612,-314,57,406,640,712,600,341,0,-332,-577,-660,-565,-335,0,290,514,602,534,319,22,-267,-478,-556,-487,-291,-13,270,479,559,486,283,3,-278,-485,-566,-503,-299,-13,282,506,604,551,354,65,-248,-497,-621,-595,-431,-156,165,434,593,610,478,233,-61,-334,-520,-575,-488,-287,-34,212,401,484,443,293,81,-135,-295,-370,-342,-230,-72,90,217,271,237,141,5,-118,-198,-221,-165,-48,71,177,244,237,156,24,-122,-240,-302,-290,-197,-56,102,241,322,322,244,102,-62,-211,-305,-325,-277,-165,-8,145,261,311,279,184,54,-89,-214,-277,-264,-201,-94,41,158,232,259,228,139,26,-88,-182,-233,-235,-199,-133,-50,30,94,0,0,0,0,0,-151,-114,-43,58,163,247,292,290,226,103,-53,-207,-328,-381,-357,-255,-88,114,300,426,458,383,211,-19,-257,-442,-523,-491,-342,-90,196,439,590,608,477,222,-105,-418,-633,-698,-602,-358,-4,352,636,779,742,517,154,-253,-600,-808,-823,-650,-308,121,523,787,867,734,417,-4,-430,-748,-876,-793,-517,-97,344,696,875,826,573,178,-267,-651,-868,-864,-646,-263,190,592,845,884,696,329,-114,-524,-809,-881,-732,-404,33,468,772,868,747,440,24,-394,-712,-843,-748,-468,-75,343,668,812,745,487,95,-318,-645,-806,-752,-505,-127,291,635,802,761,525,147,-276,-631,0,-795,-561,-184,246,616,820,815,599,226,-218,-603,-836,-850,-646,-272,181,588,842,881,697,323,-132,-545,-821,-898,-743,-382,74,503,801,895,753,418,-14,-446,-757,-871,-755,-450,-29,400,721,848,748,453,46,-372,-685,-811,-723,-451,-66,343,655,778,691,435,68,-318,-617,-747,-672,-410,-42,329,603,717,646,403,45,-326,-593,-701,-628,-389,-39,316,580,691,615,376,49,-291,-559,-673,-599,-372,-55,264,518,635,571,361,62,-253,-492,-590,-530,-336,-57,236,461,556,499,318,46,-235,-439,-522,-464,-280,-21,234,420,493,437,258,10,-240,-424,-486,-417,-237,8,247,0,0
10870,mtk,MTK 7916,4083601341,rx2-tx0,512,0,0,0,12,-212,-391,-469,-412,-241,-4,246,437,503,428,236,-22,-280,-463,-524,-444,-241,27,296,492,559,469,248,-45,-328,-521,-571,-473,-243,59,352,552,604,493,247,-72,-378,-580,-622,-493,-231,105,420,619,649,499,208,-149,-470,-666,-682,-510,-190,188,527,727,737,541,189,-226,-584,-797,-804,-593,-214,231,628,860,869,651,252,-225,-651,-913,-932,-711,-303,192,649,944,998,786,364,-153,-629,-950,-1025,-830,-420,95,591,941,1049,882,487,-35,-541,-908,-1038,-897,-536,-34,479,860,1013,909,570,91,-409,-795,-971,-890,-577,-118,359,737,920,862,573,136,-332,-704,-882,-821,0,-126,324,694,870,806,532,120,-328,-686,-863,-809,-536,-118,334,696,881,835,566,137,-335,-719,-920,-880,-610,-175,315,725,954,936,673,236,-272,-723,-981,-982,-733,-299,224,689,977,1019,798,365,-157,-638,-963,-1040,-844,-434,90,594,947,1064,910,519,-6,-530,-920,-1078,-954,-595,-90,440,859,1064,1009,696,211,-322,-772,-1027,-1024,-775,-334,185,648,944,1002,813,431,-43,-499,-831,-950,-830,-511,-79,360,694,854,806,565,191,-221,-565,-760,-770,-594,-279,92,433,664,729,624,379,50,-278,-534,-668,-651,-489,-229,76,351,544,620,577,424,204,-35,-239,-384,-451,-439,-353,0,0,0,0,0,-261,-423,-530,-562,-491,-318,-63,223,489,675,735,639,405,74,-285,-593,-784,-803,-634,-308,102,501,790,902,809,519,85,-382,-770,-987,-969,-710,-268,252,733,1052,1119,911,472,-94,-653,-1069,-1237,-1106,-693,-91,538,1041,1302,1257,900,313,-363,-965,-1338,-1381,-1094,-539,163,834,1298,1438,1225,716,33,-663,-1200,-1442,-1325,-877,-216,488,1078,1397,1361,986,375,-328,-943,-1314,-1353,-1062,-502,181,810,1216,1317,1087,588,-57,-675,-1115,-1270,-1096,-646,-39,568,1019,1203,1090,693,125,-465,-923,-1141,-1065,-722,-201,369,835,1077,1040,736,251,-294,-755,-1013,-1006,-743,-286,235,683,949,963,732,0,-183,-623,-894,-928,-724,-333,147,578,848,900,719,348,-104,-523,-798,-864,-702,-354,82,488,754,817,668,348,-57,-440,-703,-771,-633,-333,52,417,660,724,594,304,-63,-400,-626,-677,-544,-264,83,399,599,632,493,226,-99,-399,-581,-596,-450,-183,127,399,558,559,408,150,-147,-400,-544,-534,-377,-114,176,410,528,500,329,74,-201,-421,-520,-472,-296,-41,222,425,507,450,269,15,-243,-427,-493,-424,-243,10,258,429,481,405,214,-31,-266,-426,-466,-377,-187,54,277,424,456,358,165,-72,-289,-421,-433,-328,-133,100,303,420,419,301,101,-136,-326,-424,-410,-277,-61,0,0,0,0,0,462,405,245,14,-232,-416,-482,-419,-242,10,263,450,517,443,244,-25,-289,-476,-542,-459,-244,37,312,508,570,475,247,-51,-337,-534,-587,-480,-245,57,355,560,613,498,242,-85,-393,-600,-638,-503,-224,127,451,648,668,510,201,-167,-495,-700,-709,-519,-183,213,565,768,769,558,187,-241,-611,-839,-842,-620,-227,234,646,892,908,684,278,-205,-648,-929,-969,-747,-330,178,642,952,1011,808,393,-125,-618,-947,-1033,-855,-460,62,571,925,1040,894,513,-2,-513,-886,-1029,-903,-548,-58,441,822,990,894,567,101,-382,-761,-934,-865,-571,-130,342,722,903,839,559,131,-325,0,-866,-814,-541,-122,325,682,854,801,534,116,-335,-697,-876,-823,-552,-129,338,717,910,866,590,147,-334,-732,-940,-906,-636,-200,294,722,966,958,702,262,-247,-699,-974,-998,-764,-331,192,671,978,1038,829,398,-132,-624,-960,-1060,-889,-482,43,563,940,1073,934,563,43,-487,-891,-1076,-991,-650,-146,392,824,1044,1015,736,276,-243,-697,-983,-1022,-801,-384,117,579,890,976,825,476,20,-431,-761,-893,-806,-532,-133,291,633,811,789,577,233,-154,-498,-717,-757,-610,-327,20,353,598,699,638,432,133,-191,-459,-620,-647,-541,-327,-59,208,421,544,558,476,326,145,-31,-179,0,0,0,0,0,368,265,94,-131,-364,-556,-659,-649,-507,-252,71,394,649,774,734,529,203,-183,-545,-793,-862,-727,-412,7,439,786,952,890,614,174,-326,-761,-1025,-1049,-813,-370,180,704,1068,1176,1002,574,-4,-597,-1065,-1282,-1189,-798,-203,449,1002,1321,1327,1006,430,-266,-899,-1314,-1422,-1177,-626,71,752,1250,1443,1286,811,127,-581,-1141,-1423,-1351,-946,-308,404,1011,1361,1368,1030,438,-252,-870,-1268,-1343,-1075,-538,128,745,1171,1297,1096,620,-5,-621,-1070,-1241,-1094,-673,-89,511,978,1182,1080,710,164,-418,-878,-1109,-1058,-734,-226,331,796,1047,1024,741,268,-263,-717,-977,-982,-737,-305,206,654,0,949,727,318,-167,-599,-871,-911,-716,-343,121,550,828,882,706,350,-92,-505,-779,-842,-686,-354,68,460,723,790,649,340,-56,-435,-686,-746,-608,-313,60,406,635,694,565,283,-68,-398,-616,-657,-518,-244,90,390,584,613,476,211,-109,-396,-566,-576,-434,-173,134,397,546,538,386,130,-163,-409,-531,-509,-350,-90,187,408,522,487,313,56,-213,-422,-512,-460,-282,-27,233,428,501,437,255,-1,-254,-433,-494,-423,-235,16,261,432,479,390,200,-45,-275,-429,-461,-367,-175,64,280,416,445,351,152,-82,-295,-421,-429,-318,-116,121,315,419,412,289,79,-149,-337,-434,0,0
10871,mtk,MTK 7916,4083601341,rx2-tx1,512,0,0,0,53,73,69,49,10,-38,-73,-82,-69,-35,12,58,90,97,75,32,-16,-64,-101,-109,-88,-44,7,54,90,106,97,67,22,-29,-72,-89,-87,-67,-35,1,33,52,53,50,43,27,10,-3,-13,-22,-36,-43,-46,-49,-41,-17,14,47,78,101,97,73,31,-28,-92,-132,-146,-129,-81,-5,77,152,195,189,133,46,-62,-163,-230,-243,-191,-94,32,157,247,279,244,143,-1,-147,-260,-306,-280,-186,-44,113,249,325,315,222,75,-86,-232,-319,-323,-249,-110,58,213,311,326,262,132,-36,-198,-306,-330,-267,-133,33,189,295,325,272,143,-28,-199,-316,-347,0,-142,36,212,332,366,297,144,-42,-227,-362,-404,-337,-180,25,229,382,445,394,230,-1,-234,-409,-485,-442,-279,-33,224,424,523,496,343,91,-193,-427,-554,-545,-396,-131,170,431,588,607,468,206,-114,-416,-623,-675,-561,-302,37,377,634,732,654,409,62,-306,-603,-763,-739,-529,-194,187,531,753,784,626,323,-60,-421,-680,-778,-686,-428,-76,292,589,739,711,512,188,-178,-491,-678,-698,-552,-282,44,361,592,678,598,375,74,-237,-488,-624,-612,-458,-200,99,368,545,595,513,321,62,-206,-430,-552,-558,-450,-254,-14,214,394,493,499,419,278,108,-58,-186,-266,0,0,0,0,0,-217,-239,-230,-182,-90,29,155,265,337,345,282,162,2,-162,-297,-374,-371,-292,-149,44,234,371,426,385,249,53,-164,-351,-464,-467,-355,-147,102,335,496,549,471,272,-4,-292,-523,-638,-600,-420,-127,212,511,696,726,587,298,-65,-420,-697,-822,-745,-493,-122,281,634,848,858,661,312,-119,-520,-799,-896,-779,-476,-63,372,720,886,842,601,215,-215,-592,-824,-863,-694,-356,69,470,751,845,731,441,49,-348,-655,-800,-736,-496,-138,257,579,752,739,543,209,-171,-503,-712,-741,-580,-278,86,429,664,732,606,330,-21,-368,-628,-727,-636,-385,-48,305,581,702,647,0,101,-248,-535,-679,-651,-465,-154,194,486,657,665,501,208,-133,-442,-634,-661,-513,-238,100,413,623,675,548,282,-60,-384,-607,-677,-574,-323,14,349,593,686,606,376,45,-298,-565,-690,-643,-433,-112,236,516,662,651,476,179,-164,-461,-637,-651,-500,-222,100,394,591,636,518,272,-35,-327,-535,-607,-525,-311,-26,254,467,558,506,337,85,-191,-405,-513,-492,-347,-119,126,326,446,454,342,152,-59,-253,-380,-405,-330,-176,12,187,306,342,291,174,22,-132,-240,-282,-254,-161,-30,94,184,223,204,135,38,-61,-137,-170,-157,-104,-28,52,107,127,115,74,15,-46,0,0,0,0,0,-61,-23,24,63,80,69,37,-8,-48,-76,-87,-73,-35,16,63,95,107,85,38,-17,-65,-99,-113,-96,-54,-5,43,79,98,94,66,24,-15,-52,-75,-77,-65,-45,-17,9,29,39,45,42,35,30,19,9,-3,-24,-47,-59,-66,-70,-55,-12,38,85,119,124,99,55,-13,-90,-152,-182,-169,-115,-28,71,159,214,216,164,72,-42,-156,-233,-256,-216,-114,24,153,251,292,262,164,18,-136,-260,-318,-298,-207,-60,104,240,320,320,236,93,-73,-222,-316,-331,-258,-121,43,202,310,326,255,123,-40,-194,-298,-329,-268,-136,32,191,300,331,273,142,-23,0,-312,-354,-291,-146,41,224,345,374,317,166,-42,-238,-373,-419,-361,-201,19,240,407,479,421,252,17,-229,-422,-513,-473,-312,-73,199,422,539,517,366,116,-173,-427,-579,-585,-436,-171,142,429,617,648,512,244,-88,-404,-633,-717,-613,-357,-12,351,629,753,700,474,123,-256,-577,-762,-762,-576,-254,127,478,719,785,661,377,9,-362,-646,-772,-705,-469,-130,239,548,716,709,540,244,-103,-417,-629,-686,-575,-330,-15,298,536,648,604,417,131,-180,-440,-587,-600,-484,-264,18,294,497,583,539,384,155,-104,-338,-495,-547,-496,-357,-155,60,244,370,425,407,332,222,0,0,0,0,0,54,-26,-117,-212,-286,-311,-281,-201,-75,75,216,325,374,342,235,82,-97,-263,-376,-404,-340,-199,-9,194,358,443,425,305,107,-128,-346,-484,-506,-407,-202,56,315,518,602,537,343,61,-254,-522,-675,-674,-511,-219,136,472,706,779,672,400,22,-372,-680,-835,-801,-580,-215,205,588,834,881,726,399,-31,-450,-761,-898,-819,-545,-145,290,656,864,862,655,290,-139,-525,-786,-858,-714,-402,5,406,705,821,733,468,102,-294,-622,-780,-742,-525,-179,204,537,733,742,563,246,-133,-470,-688,-732,-589,-299,58,402,645,722,617,358,11,-341,-605,-712,-639,-405,-65,283,0,686,647,448,133,-217,-510,-669,-657,-484,-186,164,465,640,658,510,225,-120,-432,-628,-664,-530,-261,75,395,617,676,564,307,-29,-365,-597,-678,-593,-357,-29,312,572,684,619,398,75,-266,-538,-677,-645,-445,-132,204,482,650,654,489,204,-133,-433,-618,-648,-519,-262,63,364,564,623,528,295,-4,-291,-496,-582,-523,-326,-51,218,429,531,497,339,99,-156,-367,-481,-471,-343,-138,94,296,417,427,337,168,-37,-221,-342,-373,-310,-176,-5,155,268,309,271,163,24,-112,-212,-254,-227,-147,-33,78,165,203,185,119,34,-53,-121,-151,-137,-89,-23,41,90,112,97,0,0
10872,mtk,MTK 7916,4083659019,rx0-tx0,512,557,-399,-209,72,228,366,488,576,635,663,648,612,533,417,269,109,-66,-241,-411,-563,-679,-760,-792,-767,-704,-578,-408,-214,12,233,448,643,784,882,917,876,779,621,417,184,-59,-299,-515,-690,-826,-887,-887,-825,-696,-539,-353,-136,87,291,471,617,714,761,759,711,618,485,320,138,-32,-198,-355,-479,-569,-617,-626,-606,-541,-434,-312,-186,-50,85,207,324,413,474,500,505,478,427,344,250,138,17,-94,-208,-306,-378,-425,-440,-434,-400,-334,-256,-169,-54,45,131,213,274,320,337,336,312,271,227,165,96,25,-40,-90,-137,-176,-208,-226,-238,-235,-217,-204,-167,-120,-65,-588,46,110,150,193,224,233,241,229,196,157,104,39,-19,-68,-123,-159,-185,-202,-200,-180,-160,-127,-86,-44,-3,37,70,94,104,98,101,102,91,75,57,57,52,53,58,51,48,44,30,2,-31,-59,-111,-151,-192,-221,-221,-221,-198,-153,-96,-12,69,148,235,304,349,363,354,317,245,150,48,-65,-178,-274,-358,-407,-421,-411,-371,-297,-200,-84,27,132,241,327,380,409,400,366,308,230,127,21,-84,-186,-265,-323,-358,-365,-342,-304,-237,-162,-72,33,123,199,262,301,319,319,285,228,152,65,-29,-124,-201,-258,-290,-287,-253,-191,-100,-7,83,150,181,-628,-611,587,244,295,66,-14,-118,-210,-284,-321,-315,-268,-178,-64,65,193,305,383,421,420,376,297,191,62,-77,-217,-334,-417,-474,-485,-455,-392,-285,-155,-9,130,269,395,479,526,526,482,400,280,138,-6,-156,-285,-392,-463,-494,-490,-445,-373,-271,-148,-17,102,211,304,364,396,390,365,321,252,177,88,-1,-82,-160,-214,-252,-273,-277,-263,-241,-197,-143,-84,-29,24,84,131,160,179,185,185,170,151,118,89,53,31,4,-23,-51,-70,-79,-83,-95,-100,-109,-112,-112,-123,-123,-105,-82,-59,-26,14,48,79,120,162,198,224,230,224,202,167,116,55,-22,-95,-169,-234,-285,-291,-340,-331,-299,-244,-167,-78,10,109,204,296,359,399,421,407,365,299,213,101,-11,-121,-228,-327,-391,-430,-450,-434,-386,-324,-243,-146,-43,56,147,224,300,364,409,430,421,402,374,310,223,120,14,-102,-226,-347,-453,-535,-587,-605,-590,-523,-415,-292,-139,34,214,393,553,681,769,809,781,698,563,400,192,-34,-261,-487,-682,-820,-915,-949,-912,-811,-643,-435,-190,74,333,569,759,907,987,999,939,800,624,401,136,-120,-387,-619,-784,-911,-975,-957,-871,-736,-556,-334,-97,147,363,552,700,799,839,823,760,642,486,308,121,-72,-249,-415,-554,-644,-692,-701,-676,-4,94,525,590,690,647,617,553,452,323,179,22,-134,-287,-436,-562,-650,-700,-712,-688,-621,-509,-360,-181,22,221,415,597,729,826,868,843,764,621,430,211,-33,-271,-490,-682,-823,-908,-923,-873,-755,-589,-381,-145,84,312,511,662,779,838,830,767,662,514,331,138,-63,-253,-416,-551,-645,-695,-696,-666,-584,-460,-314,-158,-5,144,294,411,490,539,557,543,501,432,334,216,95,-28,-149,-256,-353,-421,-472,-478,-462,-422,-354,-266,-161,-50,55,166,259,328,385,408,394,363,311,239,152,64,-17,-93,-151,-206,-249,-270,-280,-267,-243,-210,-171,-124,-74,-27,34,78,128,175,205,226,321,240,217,179,143,88,37,-17,-84,-140,-181,-216,-230,-223,-212,-189,-140,-91,-37,18,63,96,126,144,152,154,143,125,99,65,38,21,-6,-26,-34,-30,-31,-42,-47,-57,-69,-76,-91,-110,-129,-135,-139,-133,-108,-76,-22,34,93,164,222,275,305,300,289,249,178,81,-24,-126,-230,-310,-365,-397,-403,-375,-318,-235,-132,-18,101,213,311,384,421,419,397,349,267,173,61,-58,-163,-255,-331,-379,-395,-385,-344,-275,-184,-92,9,102,186,256,300,332,338,311,267,205,121,36,-58,-151,-224,-281,-310,-311,-282,-224,-150,-59,42,130,205,248,251,220,158,85,49,236,-258,183,100,-202,-244,-242,-193,-107,8,123,234,321,373,385,356,284,174,46,-90,-220,-330,-412,-458,-464,-421,-339,-230,-102,44,183,314,420,490,515,497,451,351,224,78,-75,-218,-345,-446,-500,-519,-497,-432,-335,-210,-76,66,203,314,401,443,453,431,384,305,201,90,-18,-111,-196,-266,-313,-339,-335,-309,-266,-210,-147,-79,-10,55,119,175,208,222,223,222,204,166,126,81,42,-5,-45,-81,-112,-127,-136,-134,-133,-121,-105,-94,-81,-76,-60,-39,-18,5,20,39,68,90,106,131,157,171,167,159,150,117,81,33,-23,-81,-144,-197,-234,-266,-281,-276,-252,-205,-143,374,15,101,185,260,322,361,380,371,343,280,196,104,-11,-123,-229,-313,-383,-427,-437,-423,-383,-311,-215,-117,-3,114,212,290,361,406,427,420,396,353,293,208,120,18,-77,-166,-262,-347,-420,-467,-497,-501,-473,-412,-325,-215,-85,63,217,376,501,599,675,702,683,617,505,356,180,-26,-239,-440,-613,-753,-854,-881,-856,-769,-617,-422,-200,46,295,527,726,870,964,986,937,817,642,424,170,-94,-360,-596,-780,-920,-980,-979,-919,-777,-587,-367,-107,155,390,589,753,864,910,893,808,680,511,314,97,-112,-321,-498,-635,-727,-772,-763,-708,-619,-488,-330,-162,10,186,289,277
10873,mtk,MTK 7916,4083659019,rx0-tx1,512,-760,986,1045,655,474,265,21,-226,-461,-684,-865,-991,-1056,-1053,-981,-841,-643,-398,-114,180,466,725,937,1095,1181,1188,1123,974,761,491,182,-138,-450,-739,-982,-1158,-1260,-1280,-1215,-1072,-861,-586,-269,65,400,696,956,1155,1271,1311,1269,1137,930,671,372,38,-285,-593,-870,-1082,-1226,-1293,-1272,-1167,-998,-770,-488,-180,144,455,732,962,1130,1219,1231,1171,1040,833,585,302,5,-294,-577,-817,-994,-1113,-1160,-1133,-1043,-882,-670,-419,-141,133,398,633,824,971,1044,1056,1006,895,733,526,294,42,-209,-438,-641,-798,-914,-977,-974,-921,-816,-653,-456,-236,2,239,458,655,818,932,993,989,914,786,-430,395,146,-111,-369,-610,-815,-960,-1050,-1073,-1018,-902,-716,-480,-208,87,372,629,853,1011,1102,1121,1054,916,715,467,182,-122,-407,-668,-872,-1014,-1085,-1076,-993,-847,-638,-392,-119,159,410,639,812,921,967,949,863,717,526,309,77,-156,-363,-541,-676,-766,-798,-782,-709,-595,-446,-279,-104,82,249,399,521,603,638,638,594,519,414,277,134,-13,-163,-291,-399,-473,-519,-532,-507,-450,-362,-256,-137,-16,100,211,306,374,412,428,415,369,305,224,129,21,-80,-169,-245,-309,-346,-353,-339,-306,-239,-161,-72,26,116,200,263,300,309,285,235,162,71,-25,-109,-173,-205,-199,405,660,-195,-872,-999,-109,-13,107,226,320,372,384,346,266,156,28,-109,-234,-336,-412,-453,-455,-418,-347,-250,-131,2,137,263,376,463,517,528,510,452,357,232,92,-60,-219,-367,-490,-587,-643,-659,-619,-532,-422,-261,-75,114,302,492,642,737,798,797,728,602,429,224,-1,-238,-461,-645,-782,-873,-893,-846,-736,-562,-363,-138,110,343,550,708,814,862,847,775,658,485,279,66,-147,-344,-514,-653,-731,-760,-739,-666,-562,-419,-254,-76,96,257,406,515,590,632,625,586,515,423,297,157,15,-125,-258,-368,-452,-515,-553,-561,-535,-477,-392,-287,-166,-38,102,233,343,444,523,574,589,230,511,424,304,159,4,-151,-300,-435,-542,-618,-645,-636,-588,-498,-379,-233,-68,104,264,407,528,607,646,643,604,527,411,275,125,-35,-183,-323,-433,-518,-567,-582,-570,-516,-432,-327,-212,-85,45,170,279,377,446,492,506,497,465,409,333,241,134,26,-86,-191,-286,-370,-437,-480,-501,-498,-475,-421,-341,-240,-123,0,125,252,371,470,540,588,602,578,516,422,305,160,8,-143,-302,-442,-552,-632,-674,-671,-633,-558,-446,-307,-146,25,197,354,499,615,688,724,712,664,581,451,294,124,-66,-252,-419,-568,-686,-764,-793,-772,-714,-608,-462,-289,-88,123,323,510,671,447,-32,136,358,77,-674,-824,-935,-987,-966,-887,-755,-560,-330,-69,204,467,705,899,1046,1124,1127,1057,912,704,447,148,-156,-458,-738,-967,-1137,-1226,-1238,-1171,-1028,-808,-537,-226,103,427,723,975,1165,1274,1303,1243,1099,895,620,307,-21,-355,-664,-924,-1117,-1254,-1307,-1266,-1160,-969,-718,-428,-108,221,530,800,1023,1181,1259,1264,1174,1022,804,536,236,-75,-377,-658,-894,-1065,-1169,-1201,-1161,-1047,-862,-625,-362,-70,214,487,726,918,1050,1109,1099,1024,886,704,474,216,-47,-305,-537,-734,-880,-975,-1015,-987,-901,-761,-579,-373,-134,106,335,548,727,857,939,969,941,859,724,541,323,85,-169,-413,-627,-1099,-948,-1018,-1027,-975,-858,-675,-451,-193,89,360,610,826,988,1085,1109,1041,914,723,476,204,-94,-387,-648,-860,-1015,-1106,-1111,-1040,-894,-681,-431,-144,142,415,659,849,976,1037,1015,931,782,573,339,85,-163,-395,-595,-752,-851,-892,-867,-786,-658,-489,-289,-81,126,318,479,604,680,717,704,647,558,433,283,122,-47,-203,-340,-455,-539,-579,-590,-556,-489,-392,-272,-142,2,133,254,351,420,463,475,455,406,332,236,135,34,-83,-183,-264,-328,-375,-393,-379,-335,-277,-199,-105,-9,81,172,248,300,333,334,305,254,182,95,-2,-98,-180,-239,-271,-264,-224,-162,-82,-3,942,799,364,462,-34,246,295,303,260,168,52,-75,-204,-309,-385,-425,-421,-377,-295,-184,-55,82,211,319,406,466,493,477,425,338,226,95,-41,-179,-315,-427,-518,-568,-587,-565,-494,-390,-257,-99,76,257,417,558,668,719,722,679,590,434,252,53,-172,-383,-572,-723,-821,-860,-836,-748,-600,-410,-186,63,294,514,689,808,883,886,820,696,520,317,88,-144,-358,-544,-692,-780,-816,-798,-724,-609,-447,-258,-66,132,308,460,581,660,693,682,632,537,412,272,116,-50,-198,-327,-439,-528,-574,-588,-572,-519,-438,-338,-223,-97,34,162,286,393,477,533,562,558,516,450,358,241,104,-44,-198,-315,-433,-530,-596,-621,-610,-560,-468,-348,-199,-37,120,283,424,539,620,656,651,602,518,398,247,90,-75,-232,-378,-495,-571,-615,-621,-586,-522,-425,-303,-163,-21,125,257,368,449,507,541,538,505,450,367,266,154,37,-77,-186,-284,-363,-429,-471,-491,-485,-451,-402,-330,-241,-138,-25,86,200,309,401,476,525,545,541,507,438,342,224,93,-54,-200,-336,-453,-550,-619,-639,-633,-588,-495,-378,-235,-70,97,255,401,530,629,690,712,677,611,511,373,218,43,-136,-302,-463,-599,-690,-746,-761,-724,-644,-529,-377,-202,-7,187,372,545,677,779,834,832,784,692,550,850,963
10874,mtk,MTK 7916,4083659019,rx1-tx0,512,-144,1447,1113,220,332,421,468,480,456,399,302,176,45,-96,-230,-342,-432,-488,-499,-474,-414,-317,-186,-47,100,238,361,458,513,530,508,446,347,217,73,-73,-230,-363,-476,-549,-581,-575,-522,-432,-310,-158,6,170,334,465,568,635,657,633,559,438,288,124,-62,-251,-420,-561,-669,-731,-739,-698,-606,-460,-286,-87,125,337,514,663,767,822,809,742,620,444,247,27,-203,-415,-598,-739,-821,-846,-814,-723,-583,-403,-195,22,233,430,593,711,776,793,759,674,555,400,218,24,-164,-338,-498,-622,-701,-742,-738,-695,-610,-480,-326,-141,47,233,413,567,689,770,807,798,731,610,231,265,53,-167,-391,-599,-763,-886,-945,-947,-881,-748,-565,-336,-73,205,465,702,890,1016,1081,1067,975,809,588,321,25,-272,-559,-811,-1005,-1134,-1181,-1138,-1023,-836,-577,-280,36,344,640,900,1091,1206,1234,1181,1044,831,564,254,-84,-411,-715,-974,-1160,-1267,-1288,-1222,-1068,-833,-532,-194,165,517,833,1100,1282,1366,1353,1238,1024,736,385,-10,-393,-743,-1038,-1247,-1348,-1353,-1249,-1036,-756,-413,-41,313,639,906,1095,1190,1192,1099,923,675,379,73,-230,-511,-740,-908,-994,-992,-917,-770,-562,-307,-43,217,453,649,785,839,819,717,544,324,70,-184,-410,-570,-655,-647,-543,-373,-165,31,292,957,-417,755,321,-296,-154,50,269,472,612,678,652,541,366,137,-112,-352,-555,-714,-804,-817,-760,-624,-435,-207,39,287,525,725,861,932,934,865,715,504,254,-25,-311,-594,-829,-998,-1100,-1127,-1065,-913,-684,-408,-78,262,586,876,1117,1277,1328,1288,1140,899,585,219,-171,-556,-915,-1209,-1393,-1484,-1464,-1328,-1090,-770,-374,38,449,838,1153,1383,1506,1523,1424,1213,914,558,146,-269,-656,-993,-1258,-1420,-1476,-1427,-1286,-1044,-727,-369,14,384,721,999,1205,1331,1359,1286,1133,898,615,296,-48,-384,-688,-941,-1125,-1232,-1263,-1206,-1067,-855,-593,-291,27,336,629,880,1070,1186,1215,1164,1051,864,614,322,-49,-293,-580,-829,-1035,-1178,-1233,-1208,-1102,-925,-675,-379,-59,265,577,860,1088,1243,1317,1292,1178,987,719,399,45,-318,-662,-958,-1190,-1334,-1385,-1338,-1195,-966,-661,-312,63,426,766,1047,1246,1359,1371,1281,1102,851,535,181,-177,-518,-821,-1051,-1206,-1274,-1246,-1132,-943,-681,-386,-62,256,546,791,969,1080,1119,1069,941,756,522,263,-6,-260,-504,-700,-834,-915,-931,-881,-768,-604,-409,-190,39,251,442,601,713,761,761,716,617,476,312,133,-59,-239,-390,-510,-597,-642,-638,-586,-489,-370,-222,-61,95,244,375,469,530,549,535,478,381,264,131,-13,-149,-273,-376,-446,-488,-488,-455,755,1017,-95,306,978,424,353,245,115,-21,-157,-283,-389,-457,-488,-485,-439,-360,-254,-119,25,165,297,405,480,512,506,464,386,268,127,-19,-168,-306,-426,-510,-549,-553,-513,-432,-323,-185,-33,129,279,408,513,583,608,594,536,431,298,138,-37,-211,-377,-515,-613,-680,-702,-668,-580,-456,-293,-111,86,281,465,616,719,779,788,730,614,461,270,57,-163,-372,-566,-718,-813,-853,-826,-736,-603,-425,-214,7,228,434,605,735,809,823,785,693,555,384,189,-9,-212,-393,-541,-665,-740,-764,-740,-673,-572,-428,-262,-83,106,283,449,585,689,751,763,738,662,545,392,210,18,-189,-393,-568,-568,-830,-877,-872,-811,-687,-518,-309,-71,173,422,642,820,953,1020,1009,927,785,575,330,55,-232,-511,-757,-949,-1083,-1134,-1109,-1009,-829,-589,-311,8,323,612,866,1054,1170,1206,1161,1041,834,566,261,-62,-383,-684,-933,-1122,-1238,-1265,-1201,-1058,-835,-550,-227,111,446,761,1029,1214,1318,1335,1249,1071,806,473,114,-258,-620,-936,-1183,-1345,-1400,-1333,-1173,-919,-590,-220,158,530,848,1092,1254,1301,1249,1098,862,566,230,-110,-430,-708,-922,-1050,-1097,-1060,-935,-740,-493,-215,70,336,576,761,874,912,873,761,584,354,101,-154,-397,-589,-719,-770,-732,-607,-416,-185,62,278,427,492,466,-1400,-1086,247,688,959,348,482,546,521,409,222,-7,-255,-471,-643,-745,-762,-700,-566,-372,-134,115,356,570,734,839,879,843,737,561,337,88,-177,-446,-682,-863,-983,-1028,-1005,-895,-704,-461,-179,127,444,733,967,1137,1225,1210,1107,916,655,324,-36,-396,-748,-1045,-1266,-1390,-1411,-1327,-1136,-843,-487,-101,309,703,1041,1309,1474,1518,1466,1292,1012,659,254,-163,-573,-939,-1223,-1418,-1509,-1480,-1350,-1124,-808,-437,-42,342,699,1009,1237,1379,1417,1352,1193,955,660,322,-33,-380,-701,-973,-1165,-1276,-1305,-1239,-1093,-872,-597,-287,42,365,660,904,1090,1201,1230,1181,1053,858,600,302,-17,-318,-603,-854,-1046,-1168,425,-1182,-1070,-889,-654,-365,-48,269,574,843,1059,1201,1261,1246,1147,965,705,399,63,-282,-606,-900,-1137,-1296,-1360,-1329,-1201,-989,-702,-361,5,372,716,1010,1232,1359,1389,1320,1161,910,598,247,-125,-484,-804,-1057,-1238,-1322,-1317,-1217,-1028,-765,-458,-116,227,539,816,1024,1154,1207,1163,1039,842,593,321,28,-267,-524,-744,-905,-997,-1015,-968,-853,-674,-462,-230,17,257,471,643,764,840,843,792,695,546,363,157,-46,-243,-422,-557,-647,-696,-697,-643,-546,-421,-272,-99,74,240,377,486,562,591,580,530,437,317,175,30,-121,-263,-378,-461,-514,-525,-496,-432,-334,-212,-78,58,177,-742,-275
10875,mtk,MTK 7916,4083659019,rx1-tx1,512,0,0,0,116,-140,-357,-470,-452,-301,-65,181,370,464,433,271,29,-216,-394,-454,-389,-223,1,225,384,432,352,174,-50,-254,-387,-403,-299,-106,104,281,378,360,223,25,-177,-327,-383,-317,-157,52,246,366,379,270,75,-138,-312,-409,-380,-228,-3,234,407,461,377,181,-81,-327,-483,-507,-387,-144,151,416,569,566,400,115,-203,-478,-626,-598,-399,-85,259,543,684,637,413,67,-306,-600,-735,-670,-417,-51,337,641,774,703,445,59,-347,-654,-793,-723,-456,-70,326,642,788,720,460,78,-317,-621,-758,-697,-449,-86,296,584,714,648,408,65,-283,-550,-660,-591,-357,-32,296,0,614,532,304,0,-299,-514,-575,-463,-232,57,333,513,542,418,175,-118,-379,-534,-541,-395,-140,164,423,563,557,400,126,-188,-455,-598,-584,-419,-142,175,455,612,607,446,180,-130,-409,-575,-590,-457,-210,81,337,496,524,419,217,-29,-255,-394,-423,-348,-184,18,191,296,315,241,102,-50,-166,-221,-209,-132,-6,111,190,208,156,39,-89,-195,-249,-232,-140,2,147,255,297,269,163,12,-148,-271,-321,-290,-186,-34,122,249,316,296,202,61,-82,-208,-281,-282,-205,-78,62,176,249,256,199,87,-38,-149,-218,-238,-199,-121,-16,89,171,212,213,171,100,24,-46,0,0,0,0,0,110,178,213,208,159,69,-49,-172,-274,-323,-304,-212,-66,105,265,374,398,327,168,-42,-252,-406,-473,-422,-254,-18,236,442,540,508,342,76,-217,-475,-619,-600,-429,-144,195,506,688,692,528,222,-157,-502,-730,-782,-622,-300,104,487,756,838,699,378,-44,-451,-754,-860,-739,-422,1,433,747,865,748,434,6,-421,-743,-872,-758,-440,-13,420,748,877,767,454,16,-434,-765,-884,-769,-456,-18,423,748,874,765,454,19,-416,-732,-853,-744,-431,-4,417,721,823,701,393,-26,-435,-720,-807,-676,-355,66,457,721,793,641,304,-110,-492,-738,-784,-607,-259,158,532,762,0,588,230,-194,-575,-803,-807,-580,-191,254,625,829,810,568,167,-284,-658,-859,-825,-560,-140,316,686,875,830,552,126,-334,-703,-880,-818,-534,-98,364,714,866,782,493,69,-374,-716,-851,-746,-435,-15,410,717,821,698,384,-34,-435,-707,-776,-631,-308,95,465,706,747,571,237,-159,-506,-706,-703,-504,-169,216,537,704,668,441,95,-269,-564,-707,-643,-391,-40,320,585,686,595,341,-9,-350,-594,-665,-556,-295,48,371,574,613,485,230,-88,-376,-550,-568,-425,-164,130,382,528,520,357,105,-171,-401,-508,-466,-296,-51,207,411,493,418,231,-20,-264,-430,-464,-366,-169,0,0,0,0,0,466,451,308,89,-159,-367,-468,-434,-282,-50,194,379,456,412,252,25,-213,-385,-451,-386,-207,26,241,386,417,321,137,-84,-273,-380,-373,-261,-70,147,314,383,337,195,-9,-208,-347,-376,-289,-111,102,286,387,370,241,39,-189,-369,-438,-380,-201,46,282,446,485,383,165,-109,-363,-523,-536,-389,-131,173,441,600,585,405,102,-239,-513,-646,-613,-414,-83,279,569,711,667,423,59,-319,-620,-757,-689,-430,-52,344,652,789,714,448,63,-338,-649,-788,-718,-460,-78,323,636,775,709,458,85,-301,-597,-729,-666,-426,-79,284,563,685,616,382,52,-281,-531,-632,-560,0,-21,288,511,586,497,274,-26,-314,-512,-556,-449,-212,86,356,522,541,400,152,-138,-396,-549,-549,-396,-125,179,437,586,577,409,132,-185,-452,-603,-595,-434,-167,145,425,594,603,455,201,-99,-370,-534,-563,-449,-225,47,292,448,485,393,207,-19,-217,-343,-372,-298,-144,29,172,256,258,179,55,-79,-178,-212,-179,-86,46,157,216,213,141,17,-121,-230,-279,-252,-155,-12,145,264,311,280,178,28,-134,-266,-325,-300,-203,-55,106,234,296,281,198,71,-76,-202,-268,-264,-196,-79,49,162,236,244,189,97,-15,-122,-203,-239,-217,-149,-59,38,116,165,181,162,0,0,0,0,0,-128,-78,0,98,192,257,277,241,145,8,-143,-276,-355,-356,-270,-120,72,262,395,434,367,206,-12,-241,-419,-499,-457,-297,-51,224,457,575,550,386,111,-203,-475,-641,-645,-476,-175,182,508,708,736,576,260,-130,-493,-744,-809,-666,-343,68,469,753,844,718,402,-26,-448,-753,-860,-740,-429,-5,422,754,876,754,433,5,-429,-750,-871,-764,-452,-14,423,754,881,764,440,7,-425,-749,-882,-769,-447,-11,426,745,863,754,442,10,-415,-726,-842,-726,-416,1,419,718,818,689,373,-44,-450,-725,-793,-650,-327,83,468,726,781,617,284,-130,-517,-757,-782,-594,-245,0,566,786,792,578,204,-232,-605,-819,-812,-575,-175,269,643,845,817,566,149,-311,-687,-878,-830,-558,-135,328,701,880,816,532,111,-341,-708,-874,-802,-508,-78,368,710,857,769,462,35,-394,-711,-829,-716,-403,18,425,710,805,668,345,-67,-454,-713,-763,-599,-272,131,496,712,723,536,201,-192,-528,-706,-686,-471,-121,259,559,703,649,417,63,-303,-580,-696,-615,-359,-9,337,578,666,575,317,-24,-355,-579,-642,-523,-262,66,363,556,594,462,200,-110,-388,-547,-546,-394,-140,149,389,521,501,334,75,-198,-401,-490,-444,-271,-17,237,417,473,396,200,-50,-281,-428,0,0
10876,mtk,MTK 7916,4083659019,rx2-tx0,512,0,0,0,303,432,437,315,97,-153,-365,-474,-446,-285,-39,225,427,508,448,257,-17,-288,-479,-535,-441,-216,81,356,529,554,422,163,-149,-418,-571,-564,-394,-107,218,487,617,565,354,41,-290,-539,-632,-546,-294,52,391,613,661,521,223,-152,-491,-694,-701,-504,-152,254,587,763,730,481,83,-345,-692,-853,-773,-472,-30,432,778,911,791,449,-24,-498,-849,-970,-817,-441,59,555,903,1004,831,425,-105,-603,-934,-1021,-829,-405,128,624,952,1023,815,378,-159,-646,-956,-1005,-783,-349,186,659,940,967,729,295,-213,-656,-913,-918,-674,-240,254,667,887,860,595,165,-311,-695,-877,0,-518,-86,369,721,866,763,444,2,-444,-766,-869,-727,-379,81,526,828,894,713,336,-141,-590,-879,-924,-712,-300,200,651,927,948,711,279,-240,-699,-967,-976,-720,-259,273,729,995,994,721,248,-296,-766,-1028,-1010,-713,-227,322,785,1040,1014,719,224,-333,-803,-1059,-1027,-720,-224,330,795,1052,1031,736,247,-308,-775,-1035,-1027,-747,-284,253,719,989,997,751,314,-195,-645,-918,-940,-723,-328,142,563,823,870,695,342,-95,-490,-746,-806,-657,-349,36,400,655,744,645,377,26,-316,-571,-687,-636,-433,-132,190,461,617,636,512,287,16,-244,-439,-538,-530,-427,-263,-86,78,0,0,0,0,0,-316,-466,-538,-517,-390,-168,114,394,613,718,670,469,154,-208,-536,-754,-799,-647,-327,78,475,772,887,778,468,26,-442,-807,-978,-906,-596,-117,409,846,1076,1033,723,213,-372,-879,-1166,-1157,-849,-314,318,879,1231,1276,982,423,-254,-876,-1283,-1363,-1092,-532,171,837,1297,1415,1170,619,-99,-803,-1287,-1436,-1217,-680,42,750,1256,1433,1228,704,5,-693,-1207,-1396,-1213,-719,-44,635,1147,1347,1182,708,47,-617,-1104,-1295,-1139,-678,-40,598,1066,1241,1082,634,24,-582,-1026,-1185,-1019,-589,-4,576,988,1128,969,545,-20,-569,-952,-1075,-905,-486,56,570,925,1020,833,427,-90,-578,-900,0,-776,-370,131,592,882,923,710,308,-178,-606,-859,-873,-649,-248,216,610,832,821,582,186,-253,-614,-795,-753,-508,-127,288,614,755,685,428,51,-335,-615,-715,-610,-332,30,373,605,663,530,246,-103,-419,-606,-618,-451,-161,174,454,592,556,361,66,-244,-477,-569,-493,-273,21,306,503,551,435,193,-99,-360,-516,-511,-358,-106,177,404,513,473,296,32,-240,-434,-506,-436,-237,33,292,463,497,385,162,-102,-330,-468,-469,-332,-98,157,368,468,430,272,34,-214,-393,-454,-392,-211,35,264,410,439,340,144,-93,-304,-418,-414,-290,-83,151,341,427,385,231,5,-223,0,0,0,0,0,-334,-135,116,334,454,444,304,75,-183,-392,-490,-446,-273,-16,254,453,522,442,232,-47,-320,-508,-549,-434,-194,108,385,549,556,407,136,-179,-451,-598,-570,-377,-73,251,506,620,556,325,-5,-339,-579,-652,-535,-256,104,439,655,682,509,185,-200,-538,-726,-711,-488,-115,301,648,816,752,472,53,-389,-736,-889,-790,-464,-6,468,816,939,805,449,-41,-528,-879,-994,-833,-436,84,581,920,1014,831,415,-124,-621,-951,-1025,-820,-390,142,639,961,1014,794,360,-168,-646,-948,-990,-759,-323,195,657,932,948,704,270,-227,-660,-907,-894,-636,-208,277,680,881,833,554,118,0,-706,-869,-785,-479,-43,404,736,861,741,410,-45,-484,-793,-884,-727,-359,114,557,845,907,716,317,-182,-626,-906,-944,-716,-285,221,678,951,963,715,268,-261,-724,-992,-994,-723,-254,288,752,1012,998,716,235,-312,-778,-1035,-1013,-711,-222,324,789,1048,1023,714,217,-340,-809,-1067,-1031,-730,-240,319,787,1045,1029,742,257,-284,-749,-1015,-1017,-755,-298,228,679,954,977,738,315,-168,-602,-873,-910,-710,-337,118,526,787,846,684,348,-67,-456,-713,-774,-644,-366,3,368,626,720,639,404,74,-263,-530,-663,-637,-471,-205,99,372,551,611,545,377,151,-80,-273,-392,-427,-385,0,0,0,0,0,311,176,-21,-252,-465,-612,-652,-556,-335,-33,298,589,752,744,566,250,-138,-503,-759,-840,-716,-404,22,455,788,930,837,527,74,-420,-825,-1028,-968,-658,-164,395,865,1124,1100,793,268,-344,-882,-1204,-1223,-918,-365,293,885,1258,1321,1037,474,-216,-863,-1297,-1394,-1134,-576,139,824,1300,1439,1194,644,-72,-770,-1279,-1443,-1228,-697,14,719,1227,1412,1229,724,30,-669,-1186,-1381,-1206,-717,-45,629,1130,1322,1157,683,38,-607,-1081,-1263,-1109,-656,-30,595,1046,1209,1049,611,17,-575,-1004,-1155,-992,-563,4,569,973,1102,931,513,-40,-573,-944,-1050,-868,-458,73,577,911,989,802,401,0,-587,-894,-950,-738,-327,163,604,869,897,683,277,-198,-608,-846,-849,-616,-217,236,615,814,787,548,160,-269,-613,-779,-724,-464,-87,310,613,734,644,379,5,-362,-615,-687,-564,-284,69,395,607,640,487,197,-146,-434,-596,-587,-406,-107,212,462,575,524,321,23,-279,-492,-557,-461,-232,62,333,508,530,397,150,-141,-390,-518,-494,-330,-72,205,425,517,456,262,-5,-266,-448,-501,-409,-203,67,316,467,480,355,128,-133,-351,-469,-455,-302,-66,183,381,462,409,239,4,-233,-400,-447,-366,-177,65,282,416,426,315,114,-120,-318,-423,-400,-262,-41,186,359,421,358,0,0
10877,mtk,MTK 7916,4083659019,rx2-tx1,512,0,0,0,-70,-62,-36,5,48,71,66,39,-2,-44,-72,-78,-62,-24,20,62,92,97,74,32,-21,-67,-96,-99,-76,-38,5,51,81,89,73,43,6,-25,-52,-69,-65,-44,-23,-4,13,25,30,30,28,26,29,23,10,-12,-38,-58,-77,-77,-51,-14,30,80,117,126,102,50,-20,-93,-153,-172,-147,-85,3,102,181,217,194,119,7,-114,-215,-258,-232,-149,-26,118,235,290,274,185,40,-122,-243,-308,-295,-203,-53,110,247,320,311,217,59,-109,-246,-319,-312,-214,-55,118,254,320,302,204,47,-124,-259,-321,-290,-176,-17,147,272,321,278,158,-11,-180,-300,0,-276,-133,49,218,333,356,275,112,-89,-266,-375,-385,-282,-98,118,314,429,429,303,95,-140,-345,-466,-459,-325,-102,157,382,506,501,357,109,-170,-409,-541,-529,-369,-105,195,452,595,578,405,118,-214,-494,-648,-634,-453,-145,213,518,692,691,517,205,-176,-512,-715,-741,-581,-258,131,487,721,771,619,317,-67,-436,-688,-768,-659,-378,0,372,644,752,668,413,59,-299,-580,-709,-657,-438,-111,240,515,657,630,450,163,-168,-451,-610,-618,-480,-216,94,370,555,608,510,288,4,-272,-479,-571,-531,-372,-140,116,345,492,531,467,315,113,-94,-269,-375,-401,-364,-278,0,0,0,0,0,-215,-233,-208,-136,-25,102,221,307,337,303,201,50,-115,-261,-359,-377,-307,-159,35,226,362,419,376,232,30,-184,-365,-464,-445,-309,-90,166,392,524,521,386,150,-137,-408,-584,-618,-491,-235,91,407,636,715,614,352,-4,-379,-674,-802,-730,-482,-104,312,656,849,834,606,228,-209,-604,-850,-878,-692,-333,120,545,825,903,757,417,-19,-450,-768,-888,-776,-472,-51,372,709,854,776,500,100,-322,-658,-819,-761,-511,-134,274,610,776,735,508,145,-250,-577,-750,-719,-496,-143,235,552,730,711,494,157,-216,-532,-710,-694,-489,-156,213,524,697,679,478,151,-213,-519,0,-660,-467,-152,207,508,666,653,467,151,-202,-499,-658,-632,-442,-139,214,507,658,628,429,111,-240,-520,-654,-620,-414,-92,262,536,666,618,409,82,-265,-540,-676,-627,-410,-84,264,542,676,627,414,88,-263,-540,-671,-624,-411,-88,249,520,656,609,399,87,-243,-501,-624,-587,-394,-101,211,463,588,552,372,95,-196,-434,-554,-524,-354,-95,173,392,509,483,327,96,-152,-354,-456,-437,-304,-98,125,304,398,382,270,93,-98,-253,-334,-324,-227,-75,84,211,276,265,186,62,-67,-172,-225,-216,-145,-41,58,132,172,161,103,19,-61,-115,-135,-115,-63,0,56,92,0,0,0,0,0,4,-35,-65,-74,-54,-17,28,63,77,66,32,-14,-55,-84,-92,-73,-34,16,63,94,101,80,39,-12,-57,-88,-99,-83,-43,-1,39,66,77,66,43,16,-11,-38,-51,-51,-39,-22,-12,-5,2,12,27,37,44,48,48,32,0,-35,-68,-91,-96,-75,-29,29,89,137,157,136,69,-16,-98,-167,-197,-177,-108,-5,104,190,233,216,137,12,-122,-226,-277,-255,-165,-26,121,240,297,279,187,41,-113,-244,-316,-303,-207,-56,111,249,319,304,209,58,-109,-249,-319,-304,-206,-50,116,249,318,296,190,29,-140,-265,-315,-282,-172,-7,160,283,323,270,142,0,-194,-308,-336,-269,-122,68,243,350,365,276,103,-106,-291,-400,-399,-291,-99,125,328,447,444,312,94,-152,-366,-487,-477,-336,-104,163,396,528,517,361,106,-183,-432,-568,-552,-392,-117,195,466,617,604,422,129,-209,-503,-669,-663,-483,-172,187,511,714,723,540,226,-152,-505,-729,-763,-607,-297,94,460,708,775,641,346,-36,-402,-665,-764,-665,-394,-36,329,615,737,663,423,82,-274,-554,-690,-650,-445,-133,201,481,637,626,455,177,-134,-412,-585,-617,-493,-250,49,329,523,586,517,329,68,-204,-427,-551,-546,-429,-230,9,237,410,490,474,378,226,57,-90,-201,0,0,0,0,0,21,-69,-163,-248,-296,-294,-236,-126,21,170,295,364,354,263,108,-74,-243,-361,-399,-338,-198,-2,201,366,441,400,259,58,-174,-377,-489,-475,-343,-116,160,405,554,571,439,183,-124,-411,-616,-674,-558,-291,58,402,659,763,682,422,44,-347,-669,-834,-790,-547,-171,258,633,856,868,657,282,-163,-571,-847,-902,-736,-389,59,493,796,902,776,456,25,-409,-734,-870,-778,-486,-76,350,680,832,767,505,116,-295,-630,-795,-750,-512,-142,266,596,759,727,505,149,-239,-565,-737,-712,-500,-156,231,546,713,692,484,154,-212,-530,-705,-687,-487,-160,211,524,692,672,474,0,-208,-505,-670,-659,-467,-148,209,503,657,636,449,139,-212,-503,-659,-634,-439,-118,231,511,655,623,423,99,-247,-524,-664,-628,-412,-88,258,537,667,625,413,83,-270,-550,-680,-631,-420,-93,261,538,676,635,419,93,-249,-530,-664,-618,-405,-94,240,516,650,599,392,94,-227,-488,-615,-577,-385,-97,210,451,568,535,359,96,-187,-413,-527,-501,-341,-98,159,366,478,457,312,93,-141,-332,-430,-412,-290,-99,110,283,367,350,247,86,-90,-233,-308,-298,-210,-71,78,195,254,240,162,51,-64,-156,-199,-183,-120,-32,58,127,158,138,84,11,-59,-102,-110,-88,-46,0,0
10878,mtk,MTK 7916,4083717948,rx0-tx0,512,557,463,622,-642,-582,-487,-361,-195,-23,151,310,463,592,673,713,701,636,530,380,190,-21,-236,-441,-617,-751,-829,-839,-789,-670,-494,-264,-9,251,495,691,839,916,912,836,682,474,228,-37,-297,-528,-708,-834,-887,-859,-769,-612,-412,-190,44,265,463,616,727,769,754,678,551,392,212,7,-180,-348,-488,-582,-624,-632,-590,-502,-382,-235,-86,70,213,336,430,491,514,501,461,389,291,167,37,-88,-210,-321,-397,-435,-455,-444,-388,-320,-214,-94,19,135,235,303,359,383,371,336,268,192,110,22,-64,-136,-193,-239,-258,-265,-257,-233,-203,-159,-99,-36,23,82,135,179,217,-588,242,231,202,159,104,44,-33,-102,-157,-203,-229,-240,-240,-211,-162,-102,-40,25,80,128,163,181,186,174,149,112,74,43,-4,-41,-57,-63,-76,-75,-68,-66,-54,-45,-51,-57,-61,-65,-65,-64,-64,-42,-10,30,80,129,182,215,229,234,204,160,95,4,-90,-185,-261,-316,-348,-341,-308,-242,-151,-53,63,179,275,344,390,399,374,310,216,110,-8,-126,-235,-317,-378,-401,-379,-337,-263,-160,-54,65,174,259,319,355,358,337,280,198,103,1,-95,-186,-259,-305,-325,-321,-285,-215,-131,-37,65,155,234,288,307,291,238,153,58,-52,-145,-202,-227,-212,-161,-75,121,587,242,176,204,193,129,33,-86,-203,-297,-353,-353,-304,-212,-90,46,177,298,390,437,437,389,295,171,20,-135,-273,-394,-470,-507,-483,-413,-307,-155,-1,159,309,426,507,538,510,433,321,178,15,-146,-286,-398,-474,-504,-483,-414,-311,-183,-53,82,212,312,372,410,405,359,288,204,105,-5,-94,-171,-235,-278,-302,-297,-261,-224,-165,-98,-24,43,101,147,181,196,195,187,159,125,88,48,-1,-39,-58,-76,-95,-95,-97,-92,-84,-92,-81,-76,-64,-52,-46,-29,-8,11,38,67,105,137,149,172,179,162,138,104,46,-13,-79,-143,-196,-247,-275,-278,-262,-221,-165,-84,-291,92,181,264,318,355,378,353,298,227,127,15,-103,-212,-307,-380,-416,-430,-407,-336,-249,-143,-16,103,212,312,390,427,439,420,372,290,195,102,-8,-121,-225,-307,-378,-434,-453,-452,-424,-365,-278,-172,-41,106,255,391,504,588,636,625,570,469,322,143,-50,-252,-448,-614,-737,-806,-810,-747,-623,-431,-209,43,296,530,721,867,941,930,854,693,470,216,-62,-345,-601,-813,-950,-1012,-987,-880,-705,-464,-190,106,393,643,834,956,997,941,830,646,402,145,-125,-382,-604,-761,-861,-894,-854,-742,-579,-380,-158,80,290,488,634,725,774,751,672,548,387,205,22,-169,286,298,525,547,417,145,316,452,568,644,667,653,597,510,373,204,20,-175,-360,-522,-658,-744,-773,-751,-669,-529,-339,-120,117,346,562,736,855,896,870,768,596,379,117,-150,-405,-628,-795,-902,-924,-871,-740,-553,-332,-71,179,407,607,746,824,831,776,657,501,304,86,-126,-325,-490,-610,-689,-709,-668,-586,-455,-295,-124,46,214,354,462,532,570,561,517,427,321,199,59,-75,-202,-316,-402,-462,-482,-473,-433,-357,-252,-139,-20,110,218,314,387,420,419,391,325,241,148,36,-65,-159,-232,-280,-311,-321,-306,-268,-220,-155,-91,-25,41,102,155,200,234,247,244,228,196,157,108,321,-21,-85,-140,-187,-225,-247,-250,-224,-189,-140,-79,-18,49,117,164,199,215,209,189,157,110,59,5,-37,-77,-107,-124,-136,-138,-115,-88,-71,-52,-30,-16,-3,8,6,3,6,13,26,45,63,89,118,136,151,146,132,96,40,-15,-84,-155,-217,-273,-302,-298,-263,-205,-125,-20,89,189,283,338,376,382,343,279,183,77,-41,-157,-261,-341,-389,-401,-377,-322,-239,-137,-13,103,201,293,350,388,385,344,273,182,84,-23,-126,-221,-288,-329,-340,-321,-283,-211,-123,-32,67,162,240,290,315,309,270,204,115,10,-92,-184,-245,-277,-276,-220,-143,-52,40,110,649,676,-258,-187,-246,-51,-143,-229,-282,-291,-248,-164,-42,93,219,325,386,406,377,303,189,46,-102,-240,-356,-434,-472,-455,-399,-300,-165,-10,153,293,417,492,517,496,427,315,168,2,-164,-308,-426,-507,-534,-505,-429,-322,-186,-32,121,259,371,440,465,454,398,303,193,79,-49,-161,-242,-305,-344,-348,-320,-276,-217,-143,-64,30,102,160,212,238,245,233,207,170,118,59,8,-39,-86,-119,-140,-161,-157,-132,-110,-93,-69,-40,-18,8,14,25,37,46,61,70,84,98,101,101,105,108,103,73,40,7,-43,-94,-140,-186,-220,-232,-230,-205,-165,-106,-29,50,131,203,268,313,374,326,294,231,152,65,-43,-159,-247,-323,-381,-408,-404,-360,-294,-193,-78,38,168,277,357,422,445,429,386,320,216,104,-9,-118,-230,-322,-381,-415,-434,-413,-371,-309,-229,-126,-11,93,208,320,415,489,532,538,501,425,316,179,10,-169,-334,-489,-614,-687,-716,-698,-614,-478,-288,-72,160,379,585,747,849,892,851,740,569,348,83,-189,-450,-685,-856,-959,-993,-937,-803,-597,-341,-58,237,503,737,905,998,1007,931,775,562,304,15,-263,-511,-730,-877,-946,-947,-869,-712,-503,-267,-15,236,461,636,764,830,819,755,639,473,283,74,-143,-331,-490,-613,-681,-701,-674,60,-22
10879,mtk,MTK 7916,4083717948,rx0-tx1,512,-760,606,374,741,876,953,958,887,749,546,296,21,-269,-547,-787,-965,-1082,-1108,-1051,-908,-689,-412,-97,224,543,821,1036,1173,1219,1168,1025,799,510,177,-176,-511,-812,-1057,-1213,-1276,-1243,-1115,-894,-614,-271,89,438,763,1021,1201,1289,1280,1177,981,707,381,37,-322,-654,-925,-1135,-1255,-1278,-1209,-1046,-804,-510,-172,176,501,798,1032,1175,1234,1199,1077,878,613,299,-28,-341,-635,-876,-1048,-1149,-1157,-1081,-922,-696,-425,-124,178,464,713,907,1038,1084,1045,940,761,540,276,-6,-277,-531,-742,-890,-977,-994,-940,-821,-648,-430,-180,74,328,562,750,890,964,969,914,786,598,363,95,-177,-439,-430,-864,-995,-1045,-1015,-908,-731,-486,-202,97,394,666,889,1043,1113,1092,983,789,528,222,-103,-416,-697,-926,-1073,-1132,-1097,-970,-767,-494,-185,130,437,707,909,1036,1076,1025,888,685,426,142,-148,-423,-650,-827,-928,-948,-897,-766,-585,-367,-124,122,343,536,688,773,793,750,650,508,330,139,-58,-243,-405,-531,-616,-643,-631,-568,-461,-326,-169,0,161,302,413,499,535,525,487,405,295,167,29,-103,-221,-314,-387,-431,-436,-407,-349,-260,-161,-52,63,166,258,320,357,367,341,293,217,124,20,-78,-168,-249,-298,-318,-312,-269,-197,-105,-2,102,182,232,250,227,168,94,1013,947,-195,180,-344,-262,-248,-179,-71,63,195,306,381,409,386,315,202,68,-69,-211,-333,-416,-460,-465,-425,-346,-236,-98,54,198,329,439,508,536,523,466,372,236,79,-91,-263,-411,-532,-618,-656,-637,-559,-438,-273,-69,144,344,534,681,772,801,753,648,477,253,6,-241,-470,-668,-816,-883,-871,-789,-632,-431,-189,80,328,559,738,840,884,846,741,579,358,118,-117,-350,-548,-695,-780,-803,-759,-653,-505,-322,-106,97,295,457,587,667,693,674,592,479,329,163,-5,-176,-322,-445,-538,-583,-595,-564,-495,-393,-263,-123,26,171,313,421,505,558,569,543,478,383,263,116,-40,-203,230,-471,-561,-613,-625,-586,-498,-374,-222,-48,134,305,459,574,641,666,638,556,430,277,98,-89,-262,-414,-540,-619,-654,-636,-567,-460,-321,-160,7,173,319,443,527,577,586,545,476,376,245,101,-41,-171,-294,-391,-458,-505,-509,-484,-429,-345,-254,-140,-21,103,221,321,400,462,497,501,470,409,329,214,94,-37,-171,-301,-411,-505,-559,-580,-561,-497,-395,-270,-122,46,208,360,490,587,642,649,612,531,408,255,86,-96,-269,-429,-559,-645,-691,-691,-638,-534,-397,-234,-39,145,331,497,624,716,754,741,670,551,392,201,-6,-217,-419,-595,-728,-811,-835,-799,-700,-548,925,922,136,-879,-1015,574,354,106,-158,-419,-655,-849,-974,-1033,-1013,-911,-734,-500,-220,90,398,682,914,1079,1155,1147,1050,865,612,305,-34,-371,-684,-946,-1138,-1245,-1248,-1152,-973,-711,-392,-45,310,646,925,1139,1268,1289,1219,1049,800,493,146,-214,-556,-858,-1090,-1235,-1290,-1255,-1110,-892,-609,-274,75,418,730,981,1157,1250,1239,1142,964,706,398,70,-267,-578,-845,-1051,-1172,-1201,-1145,-1007,-788,-518,-212,109,414,686,906,1053,1119,1102,1005,839,617,347,49,-238,-505,-730,-902,-1011,-1036,-989,-877,-694,-470,-220,48,304,542,738,881,958,968,921,795,619,397,142,-112,-365,-601,-794,-935,-1002,-991,-907,-1099,-552,-295,-12,273,543,779,957,1055,1074,1011,866,647,374,65,-248,-547,-807,-998,-1104,-1125,-1048,-893,-658,-365,-51,275,570,821,1003,1094,1099,1018,844,606,322,11,-296,-570,-790,-945,-1014,-1003,-904,-740,-519,-259,10,271,503,680,805,863,845,767,633,453,235,14,-199,-392,-546,-652,-705,-702,-648,-545,-409,-242,-68,106,277,414,514,572,588,557,483,377,244,92,-53,-193,-320,-407,-463,-484,-467,-412,-330,-225,-106,13,130,236,321,368,395,388,352,288,198,100,-10,-111,-201,-274,-322,-340,-328,-293,-224,-130,-31,69,166,239,282,296,267,204,122,27,-68,-139,-173,-225,-482,364,968,931,55,161,261,328,352,317,235,114,-26,-167,-292,-386,-429,-435,-397,-314,-199,-67,72,211,331,426,487,497,468,398,294,156,4,-153,-301,-425,-527,-580,-597,-556,-461,-332,-170,17,214,395,542,661,723,721,661,543,363,158,-72,-301,-506,-685,-799,-844,-814,-719,-566,-349,-98,159,412,629,785,886,893,831,701,498,266,15,-244,-466,-658,-789,-842,-835,-758,-618,-436,-224,-3,221,422,579,696,750,736,675,557,411,228,41,-150,-323,-461,-564,-619,-634,-605,-528,-424,-285,-133,22,176,311,429,504,551,562,542,479,381,263,121,-27,-178,-315,-430,-524,-580,-596,-570,-198,-392,-248,-91,77,245,399,520,609,650,639,581,478,330,165,-14,-199,-368,-506,-606,-663,-663,-610,-516,-379,-217,-39,141,305,444,548,609,623,590,519,409,276,129,-31,-180,-312,-426,-504,-546,-543,-513,-450,-354,-243,-115,23,146,263,354,424,469,488,478,436,370,281,180,60,-65,-191,-298,-398,-474,-516,-535,-514,-460,-373,-257,-118,30,188,332,452,542,602,616,583,514,408,267,100,-73,-238,-389,-523,-615,-669,-673,-629,-542,-410,-248,-70,118,305,464,587,685,724,710,654,540,393,216,20,-184,-375,-537,-672,-760,-792,-769,-688,-555,-380,-170,52,279,484,659,-246,261
10880,mtk,MTK 7916,4083717948,rx1-tx0,512,-144,744,1301,-400,-296,-167,-20,125,262,377,454,493,484,425,328,197,43,-109,-255,-382,-471,-514,-509,-455,-363,-230,-77,81,234,372,472,532,543,505,424,301,151,-19,-190,-342,-459,-548,-590,-584,-520,-412,-270,-93,88,266,430,559,633,662,639,553,429,262,67,-132,-332,-509,-635,-719,-742,-705,-603,-454,-258,-41,185,407,585,727,806,813,754,631,449,225,-11,-253,-470,-651,-780,-836,-826,-748,-604,-414,-197,42,271,477,644,757,805,788,710,575,402,200,-14,-220,-407,-563,-673,-738,-746,-698,-601,-462,-285,-93,104,300,469,609,711,756,751,685,571,417,222,4,-221,-433,231,-749,-845,-875,-831,-716,-551,-326,-67,198,453,678,859,971,1007,959,827,627,366,68,-234,-525,-777,-967,-1084,-1108,-1042,-886,-651,-365,-39,293,605,874,1070,1177,1177,1086,908,653,339,4,-338,-661,-925,-1118,-1226,-1231,-1133,-939,-667,-343,14,370,705,986,1190,1289,1284,1173,960,668,310,-77,-471,-823,-1103,-1289,-1366,-1327,-1167,-893,-546,-142,276,676,1006,1238,1347,1341,1214,968,646,264,-141,-518,-838,-1072,-1200,-1211,-1113,-919,-645,-316,33,364,642,863,995,1028,965,810,591,322,28,-262,-517,-713,-833,-872,-820,-680,-469,-213,63,327,545,686,730,675,524,303,57,-174,-346,-424,-1286,-782,-417,877,1026,-452,-482,-408,-242,-15,237,466,636,718,706,603,421,182,-87,-345,-570,-736,-827,-837,-763,-607,-389,-123,159,431,661,834,949,960,892,734,510,231,-83,-400,-688,-922,-1080,-1145,-1106,-962,-735,-441,-78,298,653,962,1189,1311,1318,1219,996,672,288,-146,-562,-933,-1234,-1423,-1488,-1416,-1221,-904,-510,-64,385,801,1166,1418,1534,1513,1369,1096,731,300,-156,-585,-962,-1258,-1442,-1501,-1434,-1231,-930,-559,-150,274,675,1006,1245,1371,1392,1289,1092,813,461,93,-294,-645,-936,-1161,-1280,-1289,-1206,-1024,-766,-450,-104,250,585,867,1076,1206,1237,1162,1007,765,469,134,-210,-532,-813,-1031,-1166,-1212,-49,-1027,-812,-531,-208,138,471,775,1020,1177,1248,1226,1099,888,603,263,-107,-474,-805,-1078,-1255,-1333,-1309,-1175,-941,-617,-243,150,535,882,1151,1329,1398,1341,1173,904,559,169,-231,-614,-943,-1195,-1345,-1370,-1283,-1091,-804,-452,-72,310,669,953,1166,1271,1264,1151,948,665,330,-15,-354,-658,-897,-1051,-1122,-1096,-980,-782,-531,-248,52,337,590,784,903,949,925,818,648,433,190,-60,-300,-503,-664,-771,-801,-768,-680,-531,-348,-138,71,267,438,572,656,681,651,571,436,273,98,-87,-264,-408,-513,-575,-589,-551,-469,-347,-195,-35,127,272,393,477,514,511,467,374,252,118,-32,-170,-588,-65,-95,-1268,-700,286,387,457,488,471,412,315,183,37,-115,-257,-376,-462,-500,-492,-440,-346,-210,-58,97,244,371,468,519,523,482,390,258,106,-59,-217,-361,-470,-543,-570,-543,-462,-345,-200,-34,139,307,445,552,612,617,574,480,340,170,-11,-206,-384,-531,-639,-691,-694,-638,-515,-353,-157,53,264,457,615,730,780,766,683,542,358,131,-108,-337,-544,-713,-811,-842,-802,-692,-533,-326,-87,153,384,583,722,809,826,772,662,499,297,72,-155,-361,-535,-668,-750,-773,-734,-642,-501,-330,-139,67,263,441,585,685,732,734,684,574,436,255,58,-148,-348,-521,-668,-768,-809,-789,-702,-568,-387,-169,73,317,538,725,868,930,921,841,690,478,219,-65,-350,-613,-834,-988,-1056,-1040,-942,-757,-514,-217,99,412,700,932,1091,1158,1126,1003,794,519,187,-158,-485,-780,-1016,-1163,-1214,-1171,-1028,-799,-503,-169,187,520,818,1051,1207,1258,1209,1062,821,513,150,-224,-585,-903,-1148,-1300,-1341,-1266,-1079,-796,-444,-45,361,742,1056,1275,1381,1361,1215,954,608,211,-203,-599,-927,-1160,-1294,-1299,-1178,-952,-649,-293,80,436,744,970,1098,1119,1036,866,625,325,9,-298,-564,-772,-902,-947,-897,-758,-548,-292,-11,262,507,688,790,802,718,548,310,46,-214,-433,-569,-603,-537,-385,-192,-636,-1213,247,-544,-35,-39,159,374,539,624,611,498,300,53,-208,-452,-646,-767,-794,-728,-584,-376,-126,142,401,626,792,887,894,811,647,434,162,-136,-422,-683,-882,-1011,-1052,-999,-850,-621,-325,10,358,676,938,1134,1230,1209,1086,856,538,164,-229,-611,-962,-1218,-1381,-1417,-1316,-1105,-785,-395,43,476,884,1212,1427,1518,1467,1299,1015,618,174,-278,-708,-1084,-1357,-1513,-1528,-1410,-1174,-840,-433,-1,437,833,1143,1355,1452,1426,1274,1020,686,305,-96,-486,-820,-1097,-1275,-1343,-1305,-1153,-927,-625,-266,102,452,767,1011,1178,1251,1228,1105,891,610,286,-67,-401,-701,-956,-1127,-1215,-1197,-1086,-901,-641,-336,0,425,644,906,1100,1210,1221,1136,967,715,406,67,-288,-627,-911,-1134,-1263,-1297,-1219,-1047,-783,-447,-79,303,667,983,1218,1350,1367,1274,1071,772,412,6,-395,-758,-1062,-1279,-1385,-1369,-1242,-1007,-696,-314,90,472,819,1088,1256,1322,1283,1129,888,575,209,-166,-515,-814,-1044,-1176,-1204,-1136,-974,-731,-439,-118,207,501,748,919,1015,1026,954,806,595,345,80,-190,-441,-643,-786,-862,-867,-802,-676,-500,-279,-45,175,379,551,669,732,729,667,555,397,214,20,-169,-346,-492,-579,-622,-621,-562,-454,-313,-155,13,179,326,452,526,555,532,464,359,223,74,-73,-224,-353,-438,-486,-496,-460,-890,-1044
10881,mtk,MTK 7916,4083717948,rx1-tx1,512,0,0,0,-408,-455,-382,-205,18,237,401,459,393,231,13,-210,-381,-453,-400,-248,-41,175,345,423,389,253,60,-145,-312,-390,-365,-246,-63,129,284,366,348,221,39,-148,-296,-366,-332,-203,-21,165,308,368,323,189,-9,-203,-347,-393,-334,-183,32,246,395,443,373,197,-33,-263,-438,-498,-425,-235,19,282,479,558,494,305,26,-269,-503,-618,-573,-381,-87,237,507,652,643,471,173,-174,-486,-681,-711,-563,-274,86,430,682,767,658,393,31,-344,-629,-767,-725,-508,-167,213,539,728,743,585,288,-78,-419,-652,-723,-621,-370,-34,306,563,675,622,422,118,-204,-462,-606,-599,0,-176,129,397,552,558,429,190,-98,-351,-508,-542,-440,-219,55,316,496,545,455,252,-23,-296,-497,-573,-509,-316,-46,250,489,604,565,403,142,-155,-419,-586,-619,-508,-272,27,306,513,604,550,374,123,-151,-382,-512,-519,-415,-227,10,225,370,420,373,237,55,-116,-248,-304,-273,-176,-54,69,176,219,185,99,-13,-123,-192,-199,-144,-51,68,172,228,227,160,52,-81,-197,-270,-286,-231,-116,21,158,262,306,278,188,51,-94,-207,-271,-275,-223,-114,16,138,224,257,226,147,40,-72,-166,-220,-223,-176,-93,10,107,183,215,207,159,87,4,-71,-128,-160,-162,0,0,0,0,0,114,59,-14,-103,-189,-249,-268,-246,-167,-49,96,235,328,355,312,202,39,-138,-295,-400,-422,-352,-189,25,238,406,493,465,330,113,-147,-383,-539,-577,-479,-262,24,324,554,662,616,423,125,-213,-518,-706,-735,-599,-322,46,412,689,804,734,496,140,-255,-602,-808,-818,-637,-300,107,481,747,832,716,435,45,-371,-692,-841,-789,-552,-184,236,601,820,840,647,300,-119,-512,-784,-868,-740,-432,-21,392,706,840,775,523,148,-268,-618,-810,-803,-602,-253,154,520,755,797,642,331,-57,-428,-692,-778,-678,-408,-30,353,643,767,696,456,96,-291,-600,-759,-724,-500,-149,0,567,760,767,581,239,-162,-527,-763,-812,-656,-338,74,469,742,836,727,428,16,-396,-713,-854,-781,-519,-133,296,658,853,833,605,241,-181,-568,-811,-847,-679,-342,80,479,758,840,704,397,0,-396,-687,-799,-707,-447,-73,323,631,773,717,482,127,-256,-569,-733,-714,-504,-173,198,521,708,707,519,207,-157,-478,-680,-710,-547,-242,112,434,643,689,563,299,-46,-382,-619,-692,-592,-349,-22,306,553,657,598,387,84,-238,-490,-614,-580,-402,-126,175,426,560,548,399,154,-127,-369,-514,-522,-395,-166,96,328,468,488,385,183,-68,-296,-441,-472,-377,-185,55,274,417,0,0,0,0,0,196,-38,-261,-411,-455,-387,-225,2,234,399,459,402,242,27,-194,-357,-425,-387,-256,-59,152,325,405,377,249,56,-147,-306,-385,-361,-233,-43,154,294,358,332,209,23,-164,-304,-360,-323,-194,-9,182,326,381,327,185,-16,-224,-370,-415,-348,-188,37,258,413,467,399,219,-27,-274,-463,-535,-465,-269,0,278,499,590,529,335,50,-255,-508,-638,-606,-420,-124,209,498,670,676,514,222,-129,-460,-686,-742,-612,-337,24,391,671,776,692,447,101,-276,-590,-755,-730,-539,-225,146,480,693,741,610,326,-29,-366,-606,-698,-621,-397,-81,249,516,644,610,427,145,-160,0,-572,-577,-429,-173,116,371,525,548,435,210,-76,-334,-501,-542,-442,-225,51,309,494,555,477,273,-1,-281,-494,-592,-542,-363,-94,205,457,602,607,460,205,-92,-366,-557,-616,-528,-324,-55,225,449,568,539,396,178,-69,-299,-445,-478,-399,-238,-33,166,311,365,331,220,68,-85,-202,-255,-235,-146,-27,87,163,191,147,57,-40,-139,-206,-208,-146,-42,85,195,260,259,198,85,-54,-190,-280,-307,-260,-152,-12,128,242,297,280,204,87,-46,-169,-254,-271,-229,-138,-16,104,193,236,223,162,66,-41,-138,-206,-226,-195,-125,-35,60,139,189,197,172,125,64,4,0,0,0,0,0,129,178,206,202,155,72,-38,-150,-248,-308,-311,-249,-129,27,190,322,386,372,274,111,-88,-274,-412,-465,-410,-253,-30,202,403,523,529,409,180,-107,-369,-550,-622,-551,-340,-39,276,537,687,684,521,228,-137,-473,-704,-783,-683,-411,-39,346,648,803,779,569,222,-184,-544,-781,-831,-688,-378,28,430,723,840,755,488,105,-300,-641,-829,-814,-598,-239,179,551,798,857,695,367,-50,-454,-748,-860,-769,-487,-84,332,664,834,803,571,204,-208,-567,-788,-806,-626,-299,102,475,723,786,663,373,-14,-394,-667,-771,-689,-433,-62,327,624,759,709,481,124,-262,-582,-763,0,-545,-203,194,543,761,789,616,288,-118,-496,-755,-826,-688,-375,31,428,727,854,765,483,78,-350,-694,-857,-811,-565,-186,244,610,824,839,649,289,-144,-525,-775,-841,-695,-378,31,434,712,805,708,433,38,-359,-661,-792,-720,-469,-100,293,596,747,707,492,149,-227,-547,-722,-718,-520,-187,185,503,698,711,533,224,-137,-461,-667,-698,-553,-262,90,414,636,705,593,327,-17,-350,-593,-680,-598,-371,-53,277,528,635,582,390,101,-212,-464,-591,-567,-404,-145,151,399,540,540,409,168,-112,-352,-490,-502,-389,-175,79,300,447,478,378,181,-61,-291,-430,-456,-371,-190,0,0
10882,mtk,MTK 7916,4083717948,rx2-tx0,512,0,0,0,366,194,-34,-254,-407,-461,-393,-217,25,264,437,498,430,245,-8,-260,-450,-525,-462,-273,-16,254,459,550,494,307,41,-245,-472,-576,-528,-347,-72,230,472,590,556,374,90,-221,-477,-610,-583,-402,-106,225,501,647,625,430,116,-232,-527,-692,-678,-481,-151,223,550,745,748,556,211,-200,-570,-804,-837,-648,-293,143,552,832,904,747,396,-59,-508,-838,-961,-841,-513,-53,431,810,984,917,622,166,-334,-754,-990,-982,-728,-293,215,668,951,995,802,414,-85,-557,-883,-992,-855,-505,-32,438,798,955,873,574,137,-333,-706,-902,-868,-616,-213,240,627,851,856,640,267,0,-566,-810,-846,-667,-309,124,527,793,857,700,358,-80,-500,-793,-887,-757,-432,6,450,786,924,824,519,80,-386,-767,-957,-913,-642,-201,293,716,969,980,739,321,-171,-634,-949,-1030,-855,-469,37,532,901,1050,943,600,104,-417,-835,-1055,-1013,-730,-269,259,733,1022,1059,843,430,-97,-597,-955,-1088,-959,-595,-98,419,832,1050,1018,746,296,-212,-658,-943,-1005,-833,-468,-4,451,797,944,864,591,186,-250,-612,-828,-848,-670,-338,64,442,699,791,701,450,105,-247,-540,-702,-702,-546,-273,51,353,576,672,617,441,186,-100,-359,-532,-601,-565,-429,-228,-10,183,320,389,392,0,0,0,0,0,-260,-111,76,289,483,614,646,563,364,86,-229,-517,-708,-757,-653,-409,-67,302,616,807,822,649,323,-85,-493,-803,-939,-855,-575,-150,327,748,1003,1032,815,400,-126,-635,-1012,-1165,-1054,-684,-140,448,945,1230,1233,949,431,-198,-796,-1212,-1352,-1177,-721,-88,570,1108,1392,1343,972,382,-302,-921,-1328,-1419,-1174,-652,26,703,1202,1414,1292,864,237,-442,-1022,-1344,-1342,-1021,-458,207,818,1220,1323,1106,630,7,-611,-1079,-1275,-1161,-766,-194,422,922,1193,1171,866,357,-234,-759,-1095,-1156,-932,-481,77,608,984,1109,964,588,72,-454,-862,-1046,-970,-662,-193,321,742,975,964,708,287,0,-630,-898,-945,-750,-363,105,535,830,913,766,429,-6,-432,-745,-867,-772,-486,-79,344,665,816,760,514,142,-257,-586,-761,-737,-525,-187,188,510,693,696,519,210,-150,-463,-650,-662,-503,-218,115,411,594,626,488,222,-94,-380,-564,-593,-466,-221,78,352,529,562,447,213,-75,-343,-512,-542,-427,-201,72,322,489,528,422,201,-69,-320,-482,-513,-410,-204,58,309,472,508,413,211,-47,-293,-453,-495,-408,-214,32,266,431,477,397,214,-24,-257,-418,-469,-394,-219,10,236,400,453,384,217,-7,-229,-386,-442,-378,-213,3,218,376,427,362,205,-12,-224,-377,-426,-361,0,0,0,0,0,252,400,448,376,205,-26,-255,-422,-480,-414,-229,20,260,438,507,439,254,-3,-260,-454,-533,-477,-294,-25,253,463,558,514,331,59,-236,-477,-595,-546,-356,-81,221,475,605,573,384,99,-215,-480,-628,-601,-414,-111,227,513,668,647,448,130,-227,-542,-718,-710,-512,-175,220,564,772,790,601,246,-178,-568,-819,-870,-699,-341,107,536,834,930,796,454,-11,-477,-831,-982,-890,-571,-107,385,784,993,954,680,238,-266,-704,-973,-1008,-779,-352,148,606,916,1001,837,465,-21,-498,-851,-982,-867,-543,-87,388,757,928,870,601,183,-281,-664,-874,-861,-628,-240,207,596,833,0,647,281,-154,-548,-801,-846,-674,-330,103,513,791,868,723,393,-41,-476,-795,-910,-797,-479,-35,419,776,941,870,580,141,-345,-744,-962,-946,-691,-261,238,685,963,1003,801,396,-110,-590,-929,-1042,-901,-536,-35,477,871,1055,988,668,180,-347,-785,-1040,-1047,-797,-347,186,671,1000,1086,905,513,0,-519,-907,-1075,-989,-672,-199,312,745,1003,1020,794,381,-106,-560,-875,-982,-853,-530,-93,353,708,888,855,628,263,-156,-530,-765,-816,-681,-396,-24,342,619,748,703,501,192,-154,-451,-642,-689,-586,-359,-66,235,484,624,629,514,311,58,-188,-384,-506,-532,-467,-342,-191,-33,0,0,0,0,0,-361,-479,-529,-491,-359,-147,113,372,586,706,690,532,261,-78,-413,-671,-794,-750,-538,-196,198,562,812,883,756,450,26,-418,-781,-979,-950,-698,-272,233,698,1016,1109,937,537,4,-543,-983,-1207,-1146,-812,-282,332,877,1227,1299,1074,578,-66,-699,-1172,-1381,-1275,-865,-240,449,1031,1371,1387,1078,518,-166,-818,-1275,-1424,-1242,-767,-109,573,1112,1383,1325,950,354,-320,-911,-1285,-1342,-1076,-553,93,712,1150,1309,1147,713,109,-510,-998,-1237,-1177,-826,-276,323,839,1146,1170,908,428,-149,-682,-1037,-1132,-952,-541,-3,524,915,1077,972,629,130,-396,-810,-1013,-967,-687,-241,258,689,941,0,728,329,-145,-583,-869,-931,-756,-401,50,485,794,892,767,460,42,-386,-708,-844,-770,-506,-116,298,629,790,750,525,170,-223,-548,-726,-715,-522,-198,171,479,659,671,509,213,-130,-433,-616,-639,-497,-221,111,404,577,608,480,223,-91,-368,-544,-576,-456,-214,79,347,516,550,440,211,-77,-335,-504,-534,-421,-199,72,323,490,527,416,197,-66,-307,-473,-509,-412,-205,53,293,457,505,413,213,-41,-280,-445,-494,-410,-213,33,267,429,477,396,217,-18,-244,-408,-462,-395,-220,8,230,389,442,381,218,-6,-225,-378,-427,-365,-207,4,220,376,428,363,202,-11,-221,0,0
10883,mtk,MTK 7916,4083717948,rx2-tx1,512,0,0,0,-9,22,50,60,52,30,-5,-43,-62,-64,-49,-18,22,56,81,85,66,25,-20,-62,-90,-90,-73,-40,2,43,73,84,81,61,25,-16,-45,-62,-62,-50,-32,-9,7,15,19,21,23,22,24,27,28,22,8,-12,-31,-56,-73,-74,-62,-29,21,73,113,132,127,86,19,-59,-131,-179,-183,-144,-73,24,125,200,228,203,128,17,-103,-204,-261,-259,-190,-74,62,182,268,297,248,132,-15,-158,-269,-320,-290,-192,-49,109,241,313,315,240,99,-62,-206,-297,-314,-255,-133,17,169,277,315,272,162,8,-144,-260,-314,-287,-184,-30,129,254,312,289,196,0,-112,-251,-326,-315,-216,-58,114,261,352,350,252,90,-104,-277,-383,-402,-328,-159,55,258,405,456,389,230,12,-227,-410,-493,-461,-305,-76,177,395,526,513,384,161,-113,-363,-534,-580,-480,-262,24,319,543,643,587,386,87,-242,-521,-684,-688,-527,-242,101,425,660,741,648,399,55,-303,-593,-746,-730,-546,-236,125,459,684,751,646,389,46,-301,-578,-718,-693,-503,-210,124,432,641,696,586,346,37,-279,-529,-651,-620,-450,-187,114,386,571,620,535,331,56,-224,-448,-576,-576,-454,-243,14,260,451,548,536,419,229,6,-209,-376,-472,-484,-417,-293,-144,-1,119,0,0,0,0,0,9,99,185,259,301,293,235,132,-5,-150,-274,-351,-365,-306,-183,-24,148,304,395,395,310,157,-39,-230,-377,-446,-414,-285,-87,145,353,488,514,416,215,-38,-301,-506,-603,-563,-393,-126,186,469,654,699,584,333,-8,-357,-641,-789,-768,-567,-234,157,526,789,871,759,476,84,-338,-681,-878,-881,-682,-326,105,512,803,910,814,537,135,-298,-662,-869,-875,-684,-338,81,479,766,862,753,483,103,-301,-625,-799,-790,-587,-250,140,497,733,783,642,355,-15,-370,-634,-752,-686,-447,-111,248,552,720,712,538,232,-126,-453,-668,-721,-602,-337,6,345,596,703,643,429,0,-237,-514,-666,-658,-490,-199,139,440,632,667,539,277,-49,-360,-583,-665,-580,-353,-38,286,542,658,616,425,127,-207,-490,-649,-650,-491,-209,123,425,625,671,557,305,-22,-349,-586,-678,-608,-399,-94,244,520,659,638,472,196,-135,-427,-611,-650,-531,-286,21,324,545,623,557,365,82,-222,-456,-573,-556,-409,-160,122,366,513,538,438,233,-22,-260,-433,-501,-449,-294,-73,156,342,440,431,315,133,-74,-254,-366,-383,-310,-168,5,163,277,323,281,175,41,-95,-205,-260,-242,-170,-69,42,141,199,203,156,73,-19,-97,-146,-155,-127,-72,-7,57,99,111,85,40,0,0,0,0,0,-60,-59,-41,-10,26,55,63,47,19,-15,-48,-69,-73,-56,-19,23,56,81,85,68,36,-6,-53,-81,-91,-82,-55,-16,25,52,68,75,58,29,7,-20,-41,-46,-38,-30,-21,-14,-8,-2,7,10,17,31,46,56,53,39,11,-27,-68,-95,-104,-91,-55,5,71,127,161,153,109,37,-50,-133,-194,-211,-175,-95,7,114,195,240,230,157,39,-91,-203,-272,-278,-218,-106,37,177,272,305,270,167,19,-133,-258,-322,-307,-220,-81,84,223,309,324,257,119,-41,-187,-286,-319,-269,-150,9,163,272,312,277,172,25,-135,-259,-317,-288,-184,-33,125,249,0,303,204,52,-118,-260,-335,-327,-231,-72,110,271,369,374,288,128,-74,-272,-403,-436,-356,-188,30,243,406,475,426,269,38,-203,-397,-503,-491,-350,-115,147,381,532,555,432,198,-84,-354,-545,-610,-530,-319,-25,282,537,675,645,452,157,-176,-485,-682,-721,-585,-319,23,369,637,756,707,489,144,-227,-535,-724,-749,-604,-322,36,381,638,748,671,444,131,-213,-511,-681,-696,-556,-285,49,364,587,673,609,406,113,-199,-461,-616,-631,-496,-259,28,308,509,595,552,393,149,-122,-366,-523,-576,-508,-333,-101,141,348,489,530,479,350,170,-27,-199,-319,-381,-380,-325,0,0,0,0,0,-219,-224,-192,-119,-10,110,220,301,339,316,233,98,-63,-220,-338,-385,-352,-248,-89,98,270,385,419,362,221,21,-195,-372,-467,-461,-349,-153,90,333,510,565,491,305,37,-251,-498,-641,-640,-492,-227,102,424,659,754,677,452,111,-271,-604,-800,-827,-667,-358,43,447,753,890,829,580,201,-219,-602,-855,-912,-765,-441,-22,402,738,901,854,620,243,-190,-574,-813,-867,-729,-420,-12,385,693,842,785,543,178,-223,-564,-768,-789,-621,-307,70,429,685,774,675,413,58,-308,-601,-741,-700,-499,-178,186,501,691,714,569,289,-65,-401,-634,-713,-624,-380,-50,293,561,0,652,457,157,-187,-483,-659,-671,-522,-246,89,397,607,666,565,322,-2,-324,-564,-660,-589,-376,-80,239,511,652,633,458,166,-173,-465,-639,-662,-526,-261,72,386,606,679,590,364,43,-292,-553,-672,-632,-442,-142,187,467,634,649,505,236,-85,-378,-579,-641,-546,-321,-26,275,504,612,571,389,122,-167,-409,-552,-559,-432,-207,58,307,475,520,439,264,27,-209,-391,-476,-444,-307,-103,119,299,401,408,324,160,-36,-207,-318,-349,-298,-181,-30,125,242,290,265,180,64,-63,-166,-222,-220,-164,-76,27,114,168,177,143,76,-2,-74,-124,-135,-106,-55,0,48,84,0,0
10884,mtk,MTK 7916,4083762709,rx0-tx0,512,557,687,696,507,620,692,711,684,611,494,350,186,-11,-206,-382,-546,-680,-763,-792,-766,-682,-544,-364,-136,101,337,548,728,856,921,912,812,649,432,174,-101,-365,-606,-791,-913,-969,-935,-817,-641,-419,-157,111,357,576,746,851,889,853,754,590,390,169,-64,-285,-469,-615,-721,-761,-736,-670,-540,-391,-207,-20,159,321,455,550,609,623,587,509,408,271,127,-18,-164,-288,-396,-465,-511,-522,-488,-427,-333,-218,-93,51,172,287,377,441,464,451,396,323,232,124,1,-110,-207,-289,-340,-366,-356,-329,-276,-212,-133,-53,21,94,151,194,233,256,258,257,227,196,144,81,19,-588,-112,-161,-202,-243,-255,-241,-215,-182,-124,-52,14,84,136,175,203,212,212,186,150,109,50,-4,-46,-85,-119,-130,-133,-126,-114,-90,-59,-32,-6,4,13,18,19,14,3,7,7,21,41,57,83,111,134,155,142,122,94,33,-36,-108,-180,-232,-276,-294,-291,-247,-184,-96,6,104,211,284,337,377,375,336,263,171,54,-60,-176,-271,-347,-393,-407,-381,-324,-230,-116,-4,107,218,305,362,383,378,341,271,175,71,-37,-136,-224,-289,-341,-352,-332,-287,-218,-129,-33,61,158,237,295,322,316,287,220,128,22,-84,-184,-251,-287,-286,-234,-161,-65,31,110,284,463,587,52,-49,-215,-246,-222,-146,-32,95,220,313,373,385,348,257,129,-14,-163,-290,-392,-456,-469,-433,-351,-225,-74,86,239,373,477,523,521,471,378,239,80,-88,-248,-400,-500,-553,-561,-503,-412,-270,-104,68,224,358,454,510,514,469,384,277,139,-1,-137,-258,-343,-401,-421,-403,-352,-272,-181,-78,22,116,198,252,284,307,290,263,201,141,70,12,-50,-115,-159,-180,-195,-193,-164,-133,-102,-62,-26,11,32,64,63,61,57,52,61,53,51,59,61,70,69,69,66,46,26,-9,-43,-83,-128,-154,-182,-201,-200,-188,-154,-96,-41,30,110,181,247,300,319,307,278,-291,163,60,-45,-142,-239,-312,-375,-401,-398,-358,-290,-196,-81,33,146,253,352,423,451,446,410,333,230,107,-16,-125,-230,-332,-395,-428,-445,-424,-380,-316,-223,-120,-9,99,212,314,397,465,514,520,493,432,339,213,51,-111,-280,-437,-562,-659,-711,-708,-641,-522,-362,-165,49,271,498,684,807,878,881,813,680,479,223,-49,-317,-564,-768,-924,-1002,-1005,-914,-749,-519,-239,47,342,614,832,981,1049,1031,928,756,513,236,-55,-345,-612,-818,-958,-1021,-980,-876,-705,-483,-230,44,300,531,716,837,898,877,792,658,473,266,39,-186,-394,-560,-681,-753,-769,-727,-633,-494,232,190,525,82,-127,484,338,173,-11,-188,-361,-511,-624,-703,-740,-718,-650,-533,-367,-175,28,240,447,621,759,843,855,808,687,514,289,43,-223,-469,-677,-840,-938,-956,-896,-761,-552,-313,-41,238,489,690,848,928,921,846,710,513,279,26,-213,-434,-618,-745,-816,-826,-758,-642,-485,-298,-83,119,311,478,595,670,686,654,575,460,318,161,-7,-175,-309,-426,-511,-546,-559,-523,-460,-361,-242,-116,23,159,276,381,450,497,497,456,386,294,177,44,-85,-203,-291,-366,-411,-416,-391,-345,-266,-176,-76,19,109,186,244,283,300,299,278,236,191,135,64,3,-63,-117,-163,-209,-235,-251,321,-224,-185,-139,-83,-9,56,112,164,212,233,240,222,188,140,84,28,-31,-93,-133,-171,-188,-180,-164,-144,-108,-64,-23,11,35,57,73,83,75,62,47,38,29,26,33,38,43,64,66,70,61,37,12,-36,-91,-133,-179,-214,-221,-223,-187,-136,-62,21,109,200,269,324,340,337,296,211,126,20,-94,-202,-291,-357,-392,-397,-367,-296,-203,-89,32,153,257,339,381,397,386,336,249,146,40,-71,-177,-269,-329,-360,-363,-336,-279,-203,-108,1,97,189,260,310,325,323,290,224,140,41,-60,-158,-243,-297,-311,-303,-252,-168,-71,40,133,199,232,221,177,534,433,-258,-269,-282,-34,57,170,263,318,325,278,185,65,-80,-215,-335,-407,-436,-416,-344,-237,-93,62,213,346,447,498,506,458,370,234,72,-96,-254,-388,-486,-539,-543,-498,-400,-255,-93,84,246,381,493,546,543,489,396,268,122,-38,-185,-306,-398,-457,-464,-440,-370,-274,-163,-41,84,187,274,330,360,356,324,270,197,126,38,-50,-130,-188,-224,-236,-232,-220,-190,-136,-93,-47,7,60,89,116,124,125,116,107,91,63,51,22,17,9,5,5,1,-6,-15,-32,-43,-72,-98,-119,-134,-134,-135,-112,-80,-47,4,63,119,180,223,250,269,253,219,169,99,2,-85,-175,374,-325,-361,-357,-343,-295,-227,-135,-20,91,203,296,377,425,439,417,364,281,160,35,-86,-209,-311,-395,-445,-457,-433,-396,-311,-200,-98,10,121,219,314,381,432,448,447,421,360,280,179,53,-87,-220,-347,-452,-548,-604,-612,-582,-492,-364,-205,-17,182,378,548,689,779,806,781,684,520,314,81,-176,-420,-640,-813,-921,-950,-917,-804,-624,-379,-102,190,468,710,898,1012,1038,993,856,652,390,98,-207,-490,-734,-920,-1020,-1039,-984,-840,-625,-369,-75,215,469,689,846,941,955,894,766,584,362,115,-138,-364,-562,-709,-799,-833,-799,-706,-561,-391,-193,16,215,393,542,-108,-185
10885,mtk,MTK 7916,4083762709,rx0-tx1,512,-760,-156,-451,66,-200,-461,-694,-880,-997,-1052,-1021,-921,-739,-491,-202,105,409,694,932,1100,1190,1182,1084,905,647,340,-2,-350,-675,-947,-1152,-1266,-1285,-1207,-1034,-782,-466,-113,256,602,906,1142,1293,1342,1288,1142,907,601,244,-125,-488,-809,-1073,-1255,-1336,-1323,-1212,-1013,-729,-402,-47,313,649,940,1155,1287,1317,1252,1090,856,560,227,-120,-471,-766,-1015,-1175,-1257,-1245,-1138,-952,-690,-389,-63,260,566,831,1032,1154,1181,1128,1000,795,533,243,-70,-364,-623,-839,-993,-1069,-1076,-1005,-866,-662,-415,-144,135,394,627,817,944,1009,995,924,792,593,358,94,-176,-433,-661,-849,-976,-1034,-1016,-927,-767,-430,-284,0,292,575,812,993,1098,1117,1046,902,677,399,84,-233,-533,-807,-1015,-1136,-1167,-1111,-956,-721,-430,-107,236,550,815,1012,1124,1152,1077,920,700,408,91,-222,-522,-764,-942,-1052,-1062,-989,-847,-626,-361,-88,192,450,662,823,901,910,848,724,559,345,114,-121,-328,-510,-645,-726,-748,-714,-634,-503,-345,-164,20,207,367,491,573,608,609,560,465,336,191,33,-124,-261,-373,-461,-504,-503,-464,-397,-301,-188,-62,56,168,269,351,395,407,393,353,269,177,77,-31,-138,-223,-292,-337,-350,-333,-291,-216,-122,-25,77,173,251,292,302,274,215,124,28,-65,-140,-183,686,437,-195,837,451,271,300,273,194,79,-67,-203,-318,-397,-432,-415,-350,-244,-109,36,184,312,411,478,496,473,409,305,172,23,-126,-274,-406,-504,-556,-570,-538,-461,-344,-193,-17,166,336,492,611,687,710,672,565,412,221,3,-219,-439,-615,-752,-836,-843,-783,-642,-439,-204,53,310,551,741,874,925,894,801,638,410,148,-120,-378,-605,-771,-879,-912,-874,-751,-573,-358,-118,122,362,567,709,796,822,786,678,532,352,139,-70,-265,-436,-566,-663,-699,-685,-627,-520,-383,-221,-44,120,277,421,526,584,617,601,540,448,331,196,46,-110,-252,-386,-485,-561,-603,-597,-549,-472,-349,-193,230,133,294,443,558,634,665,645,581,468,318,144,-43,-232,-398,-539,-641,-692,-687,-633,-527,-387,-215,-31,153,328,481,589,651,666,627,545,438,296,133,-48,-209,-348,-464,-546,-587,-581,-548,-468,-364,-241,-108,35,169,286,388,465,507,518,497,449,383,285,174,52,-75,-199,-308,-403,-477,-524,-534,-516,-464,-386,-279,-141,3,153,298,425,531,598,626,611,555,454,325,163,-7,-182,-346,-490,-597,-662,-686,-665,-588,-475,-332,-152,31,219,395,540,658,724,740,708,620,488,327,139,-63,-274,-456,-611,-728,-792,-806,-762,-661,-510,-326,-110,114,332,539,708,828,895,644,949,136,-1037,-944,-961,-958,-885,-741,-529,-279,6,293,566,813,994,1103,1125,1065,924,701,423,106,-226,-536,-823,-1050,-1197,-1256,-1211,-1071,-850,-564,-226,131,485,801,1057,1234,1318,1300,1191,984,702,360,-16,-378,-719,-1003,-1217,-1333,-1347,-1260,-1077,-824,-498,-140,231,576,884,1118,1270,1336,1299,1164,938,646,309,-46,-396,-714,-980,-1176,-1277,-1293,-1202,-1022,-772,-465,-135,205,524,809,1032,1167,1217,1182,1070,878,624,319,-1,-309,-598,-840,-1018,-1116,-1139,-1061,-921,-719,-470,-189,100,383,632,832,970,1041,1035,957,816,615,379,112,-151,-402,-636,-819,-945,-1007,-996,-917,-777,-584,-339,-63,219,482,712,-1099,1027,1071,1040,926,744,500,211,-103,-409,-684,-917,-1072,-1145,-1121,-1019,-833,-572,-261,64,390,691,929,1092,1169,1150,1029,836,573,271,-61,-386,-668,-902,-1065,-1123,-1096,-976,-781,-534,-242,70,361,621,829,947,992,967,857,692,468,217,-33,-284,-494,-663,-777,-824,-808,-732,-610,-435,-240,-29,169,354,505,611,672,686,643,544,414,260,96,-68,-233,-372,-477,-540,-567,-544,-475,-389,-267,-125,17,148,263,359,425,453,442,405,338,244,132,19,-93,-204,-291,-343,-374,-379,-347,-283,-206,-112,-7,90,183,262,307,328,314,268,192,98,-4,-104,-189,-242,-255,-233,-176,-101,-755,-935,364,603,938,53,-58,-186,-290,-366,-385,-348,-265,-142,3,152,283,384,447,464,436,359,256,122,-25,-169,-303,-413,-490,-523,-516,-466,-373,-242,-93,66,228,381,506,596,637,625,563,452,295,107,-92,-295,-479,-622,-730,-772,-758,-672,-526,-341,-107,142,384,608,767,869,905,859,738,549,309,40,-226,-471,-692,-851,-927,-921,-844,-695,-491,-253,6,263,502,678,802,854,846,782,643,456,241,9,-221,-421,-570,-693,-757,-753,-693,-582,-446,-278,-82,102,279,428,546,626,650,625,568,471,338,196,42,-122,-268,-390,-488,-557,-591,-582,-536,-455,-340,-202,-47,115,262,400,521,593,-198,620,570,476,343,187,6,-175,-346,-496,-604,-670,-691,-653,-568,-442,-278,-88,107,291,451,577,662,687,667,600,482,331,161,-16,-192,-342,-476,-573,-630,-632,-583,-505,-395,-259,-101,48,196,329,431,506,546,552,514,448,362,254,133,4,-125,-240,-343,-424,-478,-508,-510,-479,-417,-335,-228,-104,31,162,290,397,496,552,578,562,513,425,308,161,1,-166,-327,-462,-570,-636,-658,-637,-575,-471,-328,-162,19,205,377,513,626,693,712,684,602,483,324,139,-49,-241,-422,-571,-681,-747,-772,-735,-639,-504,-326,-124,89,299,492,648,769,835,842,784,679,509,310,71,-778,-379
10886,mtk,MTK 7916,4083762709,rx1-tx0,512,-144,-354,378,476,510,496,436,340,213,56,-97,-246,-380,-468,-519,-516,-466,-379,-253,-98,63,223,359,467,531,540,506,429,302,148,-13,-178,-330,-452,-537,-574,-562,-499,-399,-259,-90,86,260,410,523,595,624,600,523,396,235,52,-133,-321,-481,-604,-676,-699,-657,-565,-431,-248,-41,164,366,547,680,756,781,743,633,465,267,32,-206,-432,-617,-759,-837,-838,-789,-659,-476,-246,-3,241,464,641,774,839,834,772,638,457,248,15,-210,-412,-584,-709,-783,-795,-738,-632,-483,-299,-93,112,308,481,619,706,755,747,685,573,423,233,33,-175,-377,-553,-693,-781,-818,-801,-715,-570,231,-168,80,321,548,741,877,944,941,862,712,500,244,-41,-329,-599,-817,-982,-1077,-1074,-982,-813,-576,-282,41,376,667,907,1079,1164,1158,1055,868,607,290,-56,-393,-706,-965,-1142,-1232,-1223,-1103,-903,-629,-299,53,406,727,991,1192,1285,1268,1160,960,673,335,-39,-423,-775,-1061,-1264,-1365,-1354,-1222,-989,-657,-273,137,540,909,1187,1371,1429,1353,1167,868,492,69,-348,-740,-1052,-1257,-1349,-1316,-1162,-902,-573,-196,178,534,838,1046,1156,1151,1047,852,583,277,-63,-379,-631,-829,-952,-980,-908,-758,-535,-260,26,300,553,726,819,829,737,557,313,35,-235,-457,-594,-623,-553,-397,-195,-1423,-1395,-417,277,740,413,520,530,437,261,21,-238,-481,-658,-759,-754,-659,-488,-250,15,290,524,712,833,877,831,701,502,248,-38,-332,-591,-804,-953,-1012,-986,-877,-673,-403,-92,235,556,833,1048,1180,1208,1124,942,657,313,-64,-450,-805,-1099,-1301,-1393,-1366,-1216,-940,-583,-163,282,701,1080,1353,1510,1542,1430,1185,850,426,-35,-492,-912,-1247,-1478,-1580,-1548,-1372,-1079,-692,-257,196,630,1002,1297,1479,1523,1444,1245,945,570,152,-261,-664,-994,-1232,-1374,-1402,-1323,-1133,-864,-522,-146,232,595,904,1124,1258,1312,1253,1092,847,535,190,-166,-517,-807,-1039,-1188,-1251,-1224,-1085,-868,-587,-265,81,415,719,973,-49,1235,1227,1129,945,691,370,16,-333,-665,-945,-1152,-1281,-1302,-1225,-1047,-785,-455,-88,300,660,976,1217,1363,1395,1311,1115,837,484,79,-327,-704,-1030,-1270,-1410,-1426,-1322,-1115,-804,-436,-25,387,758,1068,1276,1382,1374,1250,1026,715,343,-43,-415,-748,-1022,-1198,-1269,-1243,-1111,-890,-599,-269,72,400,691,913,1063,1114,1067,948,759,510,216,-70,-343,-583,-776,-899,-945,-910,-805,-644,-436,-192,53,278,484,646,750,786,765,686,548,365,162,-43,-244,-421,-554,-651,-684,-653,-585,-468,-306,-125,49,229,382,498,572,593,563,489,375,234,72,-96,-246,-375,-474,-526,-527,-483,-399,-279,-1023,-709,-95,-1454,-1449,175,32,-122,-265,-384,-471,-512,-503,-463,-362,-231,-81,82,231,364,467,519,528,486,401,275,117,-49,-201,-346,-466,-536,-561,-536,-460,-342,-195,-29,140,296,431,538,594,601,551,454,316,160,-20,-202,-375,-512,-608,-652,-653,-597,-484,-327,-148,48,253,430,585,693,737,721,657,530,350,148,-70,-295,-506,-662,-769,-821,-801,-713,-557,-362,-130,105,338,554,715,817,849,821,717,563,362,126,-114,-342,-547,-692,-789,-823,-786,-697,-556,-372,-164,62,277,461,608,712,760,760,700,592,435,256,61,-141,-335,-502,-641,-736,-772,-762,-695,-576,-416,-214,2,233,448,630,-568,863,883,834,729,558,338,86,-181,-449,-680,-866,-981,-1023,-982,-853,-655,-409,-112,202,502,763,968,1095,1140,1086,939,723,439,116,-223,-544,-825,-1044,-1181,-1216,-1154,-1000,-761,-456,-118,243,584,865,1090,1223,1263,1202,1040,803,494,133,-229,-576,-893,-1134,-1279,-1330,-1272,-1101,-837,-505,-130,272,651,983,1229,1370,1403,1316,1102,783,401,-29,-447,-827,-1132,-1328,-1399,-1353,-1184,-900,-541,-143,264,644,949,1165,1259,1236,1110,879,581,242,-113,-446,-726,-926,-1047,-1073,-980,-806,-579,-292,14,312,569,766,880,899,844,686,453,191,-90,-358,-577,-717,-760,-696,-536,-306,-50,182,361,447,272,-458,247,-1041,-775,218,39,-197,-412,-582,-667,-653,-538,-342,-92,179,426,634,769,821,778,649,464,224,-44,-322,-569,-771,-903,-953,-906,-771,-569,-303,-8,292,579,830,1006,1095,1094,995,797,527,194,-166,-520,-840,-1092,-1248,-1306,-1246,-1074,-797,-445,-44,370,773,1103,1341,1468,1464,1334,1083,717,301,-159,-611,-1002,-1306,-1512,-1568,-1508,-1298,-975,-568,-112,355,790,1150,1417,1549,1553,1416,1173,837,419,-27,-457,-845,-1159,-1372,-1459,-1440,-1302,-1044,-714,-333,63,454,799,1077,1270,1349,1331,1206,978,678,345,-21,-386,-708,-974,-1162,-1256,-1265,-1162,-975,-716,-396,-59,294,616,888,1093,1211,1237,1166,1009,766,425,136,-199,-528,-816,-1052,-1210,-1267,-1227,-1097,-870,-584,-245,119,479,804,1074,1258,1350,1329,1196,970,662,296,-109,-502,-857,-1140,-1339,-1425,-1383,-1236,-992,-661,-267,152,548,901,1184,1362,1433,1370,1202,928,583,194,-204,-586,-915,-1168,-1318,-1350,-1273,-1088,-821,-481,-125,242,583,868,1073,1178,1190,1105,934,694,403,78,-233,-512,-743,-921,-1007,-1009,-935,-790,-588,-342,-78,190,430,631,778,855,857,799,679,501,290,65,-152,-355,-529,-651,-712,-723,-678,-572,-423,-246,-39,148,312,461,570,618,626,580,477,344,184,14,-158,-309,-435,-516,-556,-544,-489,-398,-266,-109,51,199,332,438,-407,-828
10887,mtk,MTK 7916,4083762709,rx1-tx1,512,0,0,0,394,230,1,-229,-397,-460,-403,-246,-26,203,383,453,404,250,34,-186,-357,-430,-391,-250,-51,158,330,408,369,236,41,-171,-321,-375,-335,-203,-13,175,313,366,320,176,-24,-209,-327,-354,-290,-141,61,242,361,379,289,113,-101,-296,-414,-421,-315,-107,138,345,466,465,337,105,-153,-381,-520,-531,-399,-153,148,413,570,590,459,202,-124,-422,-617,-660,-530,-256,82,407,647,719,603,337,-20,-373,-646,-766,-694,-440,-73,307,619,782,749,531,187,-202,-544,-757,-776,-608,-298,82,438,689,771,658,382,19,-342,-610,-721,-648,-418,-96,245,519,653,623,440,151,-169,0,-597,-590,-432,-171,129,392,549,558,428,191,-99,-365,-526,-543,-427,-199,87,350,521,559,454,229,-67,-346,-541,-606,-517,-297,-4,293,528,630,575,391,113,-204,-467,-612,-617,-483,-233,69,339,523,583,509,318,60,-200,-399,-492,-471,-346,-143,81,263,370,384,300,149,-17,-159,-247,-258,-193,-88,26,125,179,171,102,1,-98,-173,-194,-151,-66,45,155,231,247,196,89,-46,-171,-261,-292,-253,-158,-31,118,240,295,281,207,83,-54,-169,-248,-274,-229,-130,-12,110,201,241,223,152,51,-59,-153,-210,-216,-178,-102,-5,86,153,192,191,155,95,24,-39,-88,0,0,0,0,0,-148,-108,-48,40,134,213,264,267,210,113,-17,-167,-287,-351,-347,-272,-131,62,250,381,435,395,253,52,-171,-368,-486,-498,-391,-178,93,346,522,591,527,325,37,-275,-535,-671,-649,-478,-183,166,484,700,756,635,361,-10,-396,-693,-829,-769,-529,-159,261,612,821,846,656,306,-116,-508,-784,-869,-735,-425,-4,421,735,871,798,532,135,-302,-669,-865,-846,-618,-236,207,601,844,873,694,344,-99,-507,-786,-873,-749,-438,-14,411,718,846,770,502,116,-295,-632,-807,-776,-547,-178,229,575,774,777,579,229,-174,-525,-741,-774,-606,-272,123,482,722,784,636,318,-83,0,-733,-807,-678,-377,25,421,717,833,731,437,31,-381,-703,-852,-783,-514,-117,317,679,862,827,586,197,-241,-625,-853,-864,-655,-283,159,563,825,878,702,358,-71,-485,-762,-839,-708,-399,14,417,712,826,719,430,44,-355,-663,-801,-725,-451,-75,316,623,766,706,461,98,-284,-589,-744,-701,-471,-125,251,563,717,684,481,150,-226,-538,-702,-683,-488,-168,192,500,684,689,519,218,-142,-455,-646,-671,-526,-252,83,393,592,636,515,263,-44,-334,-534,-594,-498,-273,16,293,488,551,469,272,6,-255,-447,-515,-442,-255,-8,239,418,480,406,237,8,-229,-408,-464,-393,0,0,0,0,0,236,400,459,399,234,9,-223,-391,-456,-400,-248,-31,196,370,447,399,251,41,-174,-337,-413,-375,-239,-40,165,316,383,346,216,26,-170,-319,-377,-327,-186,0,189,320,366,308,153,-37,-224,-348,-374,-295,-133,87,274,381,401,306,109,-120,-314,-430,-440,-321,-108,146,360,485,491,359,122,-161,-406,-552,-554,-417,-166,140,422,602,625,478,215,-102,-411,-627,-685,-571,-300,53,398,653,747,649,387,30,-348,-644,-781,-723,-490,-133,258,588,771,772,576,243,-146,-499,-726,-777,-637,-337,35,388,645,745,656,400,55,-284,-556,-690,-641,-435,-126,209,482,623,602,0,165,-148,-417,-566,-572,-435,-181,117,375,532,554,427,186,-97,-357,-523,-554,-436,-205,82,348,534,584,481,258,-32,-324,-536,-617,-554,-349,-54,251,494,622,597,436,173,-137,-415,-578,-607,-499,-285,-4,272,472,549,507,349,112,-133,-325,-429,-427,-328,-160,38,208,304,312,246,127,-10,-133,-204,-205,-147,-54,53,141,180,157,74,-27,-127,-199,-216,-170,-76,43,163,252,275,224,125,-7,-143,-251,-302,-274,-181,-56,81,207,281,284,221,115,-17,-140,-227,-253,-224,-145,-30,84,174,221,220,169,76,-28,-122,-192,-217,-190,-131,-53,34,107,153,172,159,125,0,0,0,0,0,-84,-153,-201,-222,-202,-133,-34,82,200,290,322,295,202,50,-118,-270,-373,-397,-332,-186,6,204,377,469,444,315,112,-126,-354,-512,-551,-460,-254,29,312,527,639,596,400,110,-211,-509,-699,-718,-555,-264,94,450,709,800,706,444,70,-326,-652,-831,-815,-601,-235,184,564,810,859,699,372,-45,-457,-758,-876,-771,-473,-66,359,701,870,825,566,170,-266,-640,-856,-867,-666,-295,151,558,820,878,723,395,-30,-445,-749,-868,-771,-478,-67,354,677,826,776,534,143,-275,-610,-789,-773,-565,-215,194,545,757,772,588,256,-142,-502,-726,-767,-612,-290,106,471,719,795,0,353,-51,-441,-714,-813,-699,-402,3,414,718,839,756,474,71,-351,-693,-863,-816,-568,-171,279,657,863,848,632,259,-187,-589,-837,-868,-684,-329,111,519,794,862,715,391,-35,-448,-739,-837,-726,-433,-22,386,690,810,717,447,64,-329,-631,-772,-715,-461,-82,303,605,744,687,457,108,-269,-574,-731,-690,-468,-128,244,548,713,687,479,151,-215,-524,-695,-689,-507,-197,158,470,656,680,522,229,-112,-419,-622,-661,-530,-264,62,360,563,614,505,280,-19,-308,-502,-569,-485,-266,6,266,460,531,456,258,1,-251,-432,-495,-427,-247,-2,235,408,470,410,237,8,-215,0,0
10888,mtk,MTK 7916,4083762709,rx2-tx0,512,0,0,0,11,240,412,475,409,228,-21,-259,-435,-501,-433,-240,24,284,472,537,461,259,-15,-292,-494,-568,-491,-281,-1,285,511,598,517,302,4,-302,-533,-617,-539,-317,-6,309,550,643,561,328,5,-330,-579,-669,-580,-330,14,361,618,720,627,358,-12,-388,-673,-785,-688,-404,-9,402,717,849,762,467,39,-400,-750,-916,-841,-552,-113,368,761,966,922,641,194,-314,-749,-998,-991,-729,-282,241,707,995,1037,817,384,-148,-638,-967,-1056,-874,-474,51,554,909,1035,910,553,55,-454,-839,-1009,-924,-610,-147,354,762,966,918,631,197,-282,-689,-906,-883,-637,-228,238,635,864,0,646,252,-199,-598,-842,-863,-654,-275,174,582,843,883,687,314,-147,-588,-879,-934,-751,-374,101,560,882,985,829,463,-27,-520,-883,-1025,-910,-561,-69,448,858,1048,978,664,171,-370,-810,-1057,-1044,-769,-297,250,739,1048,1094,861,417,-131,-651,-1008,-1120,-951,-541,3,542,950,1130,1028,667,150,-396,-845,-1097,-1085,-795,-312,229,702,1010,1075,882,479,-29,-524,-887,-1035,-930,-605,-147,333,727,934,913,678,288,-159,-555,-805,-860,-712,-404,-4,379,669,798,732,496,157,-208,-519,-702,-720,-578,-316,8,326,561,668,639,478,233,-44,-302,-490,-580,-561,-451,-281,-90,84,220,0,0,0,0,0,369,250,71,-155,-388,-578,-680,-661,-513,-260,62,395,658,791,760,564,236,-157,-526,-788,-882,-773,-478,-63,374,743,954,945,704,288,-210,-675,-1003,-1098,-927,-531,6,565,999,1207,1130,777,229,-385,-931,-1263,-1300,-1030,-504,160,801,1256,1410,1236,769,105,-597,-1156,-1443,-1388,-994,-363,356,1001,1407,1470,1176,606,-109,-802,-1296,-1483,-1305,-807,-126,579,1148,1432,1362,953,316,-379,-979,-1334,-1358,-1049,-479,199,818,1233,1337,1109,613,-27,-655,-1108,-1281,-1135,-705,-114,495,974,1203,1135,786,240,-351,-848,-1133,-1131,-840,-343,233,734,1043,1085,859,418,-119,-617,-953,-1050,-872,-474,34,0,884,1007,873,520,47,-429,-795,-957,-871,-559,-108,355,722,904,847,575,164,-283,-650,-842,-815,-585,-207,217,576,780,776,571,219,-180,-521,-720,-729,-548,-223,151,475,670,683,515,213,-136,-440,-626,-639,-482,-200,127,417,596,610,451,174,-134,-405,-567,-571,-421,-161,144,403,546,540,390,137,-151,-399,-535,-523,-373,-118,172,406,530,511,354,105,-174,-403,-521,-499,-348,-107,165,397,511,487,334,96,-170,-390,-497,-473,-327,-88,173,380,487,467,322,90,-167,-369,-471,-446,-301,-76,166,358,454,421,279,60,-177,-357,-439,-407,-258,-35,190,363,440,397,243,22,0,0,0,0,0,-457,-397,-218,24,257,425,491,422,235,-21,-278,-461,-519,-443,-249,16,280,479,550,469,262,-12,-293,-507,-588,-508,-285,12,309,524,602,529,318,8,-308,-539,-636,-558,-324,-7,310,548,649,572,336,1,-342,-596,-689,-607,-354,12,375,647,755,656,379,-4,-396,-697,-818,-720,-433,-27,406,742,887,807,509,72,-392,-762,-943,-886,-591,-148,342,761,980,948,685,242,-282,-738,-1002,-1011,-768,-333,188,672,986,1048,847,433,-91,-595,-948,-1056,-894,-508,-1,496,871,1029,920,580,101,-407,-806,-992,-930,-637,-176,322,720,935,908,646,216,-261,-656,-882,-879,-643,-248,0,611,852,865,644,260,-190,-596,-852,-881,-680,-299,169,592,862,912,724,348,-125,-570,-873,-956,-790,-413,73,544,885,1001,868,510,13,-485,-866,-1046,-953,-614,-121,410,838,1047,1005,722,248,-300,-771,-1048,-1064,-815,-354,202,706,1031,1098,900,477,-68,-599,-984,-1126,-991,-607,-71,476,906,1123,1061,745,249,-305,-788,-1071,-1093,-847,-409,124,620,960,1065,914,546,53,-435,-806,-986,-928,-646,-217,254,646,873,892,698,340,-81,-466,-737,-829,-724,-453,-86,292,596,752,727,542,239,-113,-427,-635,-701,-615,-397,-99,203,455,611,643,549,359,122,-117,-313,-434,-476,-439,-341,0,0,0,0,0,288,445,547,569,495,316,56,-228,-494,-689,-750,-659,-430,-96,266,587,795,829,674,360,-48,-458,-773,-922,-861,-590,-171,301,717,981,1025,822,404,-116,-624,-1000,-1157,-1040,-657,-107,471,959,1234,1223,914,369,-279,-869,-1262,-1361,-1142,-639,34,701,1206,1436,1326,892,243,-475,-1088,-1435,-1433,-1095,-497,226,900,1361,1482,1248,715,13,-690,-1221,-1452,-1336,-893,-230,482,1068,1390,1363,998,403,-288,-909,-1290,-1350,-1079,-550,106,730,1167,1307,1125,664,39,-576,-1042,-1244,-1135,-751,-181,425,914,1170,1131,814,298,-284,-787,-1091,-1110,-848,-381,171,673,995,1067,871,453,-75,-570,-915,-1031,0,-501,-10,473,836,976,860,537,84,-391,-757,-927,-860,-573,-143,316,686,871,836,586,188,-247,-609,-810,-798,-582,-218,191,537,744,757,564,229,-158,-498,-692,-704,-532,-221,136,451,642,661,502,210,-131,-432,-611,-621,-464,-194,127,411,578,584,434,170,-140,-405,-554,-554,-405,-145,151,407,548,539,380,124,-163,-403,-537,-522,-363,-107,174,411,534,512,350,98,-180,-412,-529,-500,-345,-97,176,399,514,486,333,92,-174,-384,-488,-464,-317,-87,166,371,472,448,305,77,-168,-363,-460,-435,-285,-64,169,358,445,412,271,53,-177,-357,-439,-399,-249,-35,193,366,438,0,0
10889,mtk,MTK 7916,4083762709,rx2-tx1,512,0,0,0,-46,-62,-65,-44,-5,30,55,63,57,28,-15,-57,-79,-78,-61,-27,18,63,91,92,72,35,-9,-50,-77,-90,-85,-58,-19,23,53,68,68,55,34,4,-18,-32,-41,-36,-26,-18,-12,-3,-3,-4,11,32,42,52,57,47,24,-9,-47,-83,-106,-105,-80,-30,33,100,149,168,146,88,1,-92,-168,-212,-205,-146,-53,67,175,240,247,192,92,-35,-163,-256,-282,-242,-144,-7,134,248,308,296,204,60,-99,-233,-307,-309,-239,-105,58,201,296,318,258,132,-25,-174,-275,-311,-269,-156,-1,154,263,308,276,172,18,-139,-253,-304,-281,-180,-27,133,254,0,295,185,30,-139,-283,-352,-325,-214,-45,141,299,378,360,253,72,-137,-321,-423,-418,-313,-123,108,316,452,476,378,188,-59,-301,-469,-521,-443,-256,-1,269,479,570,518,329,60,-225,-472,-615,-597,-430,-153,169,460,645,679,545,277,-62,-396,-645,-739,-654,-416,-80,288,598,757,740,554,234,-134,-479,-717,-777,-650,-373,-22,338,624,759,714,500,167,-201,-512,-700,-727,-588,-307,43,371,613,704,628,413,109,-227,-504,-650,-649,-503,-248,62,347,551,630,560,362,96,-185,-423,-564,-585,-481,-273,-21,232,434,542,545,448,272,61,-147,-319,-420,-445,-401,-307,-183,0,0,0,0,0,54,-35,-132,-227,-296,-320,-289,-202,-77,69,214,329,384,354,249,93,-88,-255,-376,-414,-358,-221,-25,181,350,445,442,337,149,-92,-324,-483,-533,-457,-275,-17,261,493,614,596,439,172,-151,-455,-663,-720,-620,-370,-20,347,648,811,789,584,240,-169,-546,-810,-891,-772,-475,-63,371,719,911,892,656,280,-159,-571,-851,-936,-805,-485,-57,386,736,908,866,619,236,-203,-592,-834,-874,-710,-382,33,440,738,850,753,476,94,-304,-623,-793,-769,-550,-204,187,519,724,760,607,303,-70,-429,-686,-771,-665,-395,-28,330,605,738,686,462,127,-235,-535,-711,-704,-522,-216,0,456,663,704,563,287,-57,-385,-619,-697,-597,-344,-12,318,567,678,620,405,87,-249,-524,-670,-640,-447,-139,195,479,655,670,510,221,-130,-443,-642,-692,-568,-296,47,378,611,695,613,382,52,-296,-565,-688,-641,-444,-134,203,487,653,654,494,218,-110,-413,-606,-646,-530,-288,24,323,542,625,550,342,60,-231,-459,-570,-546,-390,-138,136,370,512,523,404,192,-54,-275,-431,-473,-397,-232,-15,198,350,411,376,252,70,-121,-271,-348,-338,-247,-101,54,189,272,282,224,118,-10,-125,-202,-227,-194,-112,-7,91,149,167,148,86,9,-58,-110,-133,-115,-69,-12,38,0,0,0,0,0,57,18,-25,-56,-66,-60,-32,8,45,67,68,51,21,-20,-58,-80,-85,-66,-31,19,59,82,91,80,43,-3,-39,-67,-83,-81,-60,-27,7,39,54,57,54,32,9,-5,-12,-17,-20,-22,-25,-27,-28,-28,-22,-7,18,45,69,86,82,56,11,-42,-88,-125,-137,-114,-58,18,94,156,182,167,114,25,-81,-175,-226,-223,-170,-67,59,173,244,260,216,120,-13,-156,-263,-302,-267,-170,-30,117,242,316,306,223,84,-77,-224,-311,-317,-247,-119,32,181,289,319,268,147,-12,-168,-277,-317,-281,-164,-10,140,260,318,287,173,17,-136,-254,-310,-285,-185,0,135,270,330,298,188,27,-150,-295,-364,-335,-225,-56,151,323,405,392,286,98,-123,-317,-433,-440,-336,-149,81,307,461,499,414,221,-36,-291,-477,-543,-475,-288,-22,255,473,587,555,383,115,-197,-472,-634,-637,-486,-214,117,433,650,711,600,339,-1,-344,-615,-753,-708,-485,-156,215,551,754,772,608,313,-62,-425,-682,-772,-689,-447,-94,277,580,741,724,540,239,-110,-442,-662,-715,-607,-361,-29,300,548,672,638,458,172,-149,-430,-607,-641,-531,-306,-11,279,495,604,581,429,188,-94,-345,-515,-580,-526,-368,-143,99,313,460,520,489,378,215,40,-116,-231,-296,0,0,0,0,0,217,249,237,182,88,-32,-158,-268,-340,-353,-294,-172,-14,155,298,377,386,317,165,-30,-220,-366,-430,-403,-282,-81,143,341,474,500,402,209,-39,-290,-486,-577,-540,-362,-88,210,475,643,662,530,269,-68,-407,-674,-786,-717,-481,-127,267,611,821,846,681,359,-54,-474,-782,-911,-836,-574,-178,262,657,898,923,737,390,-43,-468,-790,-923,-839,-563,-151,291,664,875,871,662,305,-115,-514,-783,-862,-739,-443,-41,367,681,829,769,519,153,-240,-578,-768,-769,-588,-259,127,475,708,758,628,350,-16,-379,-645,-753,-671,-417,-69,288,578,725,692,492,173,-191,-505,-694,0,-544,-255,92,421,641,695,578,316,-20,-346,-590,-688,-607,-375,-52,289,558,683,634,422,110,-227,-511,-670,-660,-483,-185,158,467,660,682,539,264,-78,-411,-643,-703,-587,-330,7,337,583,688,627,409,91,-256,-536,-684,-667,-478,-174,163,453,632,654,517,258,-59,-364,-575,-635,-537,-314,-19,269,491,597,555,369,98,-180,-414,-545,-533,-395,-174,87,322,472,501,413,228,-9,-233,-388,-448,-396,-248,-50,149,307,383,357,252,94,-82,-225,-303,-309,-235,-108,30,154,235,254,207,114,1,-103,-179,-206,-180,-107,-17,69,127,150,132,82,18,-45,-93,-103,-85,0,0
10890,mtk,MTK 7916,4083799630,rx0-tx0,512,557,340,144,-130,-343,-522,-641,-711,-723,-662,-530,-360,-148,78,303,516,676,773,806,752,625,426,180,-85,-355,-604,-793,-905,-917,-830,-647,-400,-100,217,514,759,917,977,928,782,551,258,-63,-365,-635,-828,-926,-929,-828,-648,-402,-111,177,441,648,783,830,804,695,525,299,42,-209,-425,-589,-693,-725,-685,-579,-424,-228,-25,186,362,497,581,603,573,483,360,201,31,-148,-291,-409,-490,-524,-519,-451,-336,-204,-45,110,247,372,458,478,457,394,290,155,11,-127,-250,-343,-391,-400,-378,-313,-214,-106,-6,97,192,245,282,291,270,234,183,113,32,-41,-100,-169,-216,-240,-243,-588,-199,-138,-70,4,74,140,182,216,225,220,180,125,60,-20,-86,-136,-176,-193,-182,-161,-122,-70,-16,36,73,100,114,114,102,77,41,28,-2,-13,-24,-18,-12,4,13,9,-5,-14,-40,-81,-107,-120,-132,-117,-93,-39,29,99,175,228,250,259,220,157,64,-40,-151,-247,-323,-358,-344,-295,-212,-92,40,159,266,351,390,387,342,248,126,-13,-154,-275,-354,-409,-410,-358,-271,-158,-24,112,235,333,376,382,348,272,164,47,-71,-177,-273,-326,-349,-332,-272,-183,-75,31,141,238,303,328,313,258,172,52,-70,-178,-259,-305,-294,-231,-133,-19,89,169,194,583,558,587,-240,-289,173,92,-27,-156,-268,-340,-347,-289,-168,-28,136,286,399,450,429,356,228,60,-116,-276,-418,-499,-514,-456,-341,-181,9,195,369,494,552,544,465,327,150,-50,-246,-416,-529,-576,-544,-450,-311,-138,65,248,395,501,542,506,422,276,109,-54,-213,-332,-415,-445,-423,-354,-246,-125,1,127,226,303,337,329,291,223,144,57,-37,-123,-187,-224,-240,-217,-192,-129,-67,-6,48,97,126,141,129,105,79,50,16,-4,-14,-26,-23,-12,-6,-4,-7,-17,-28,-51,-76,-104,-114,-110,-94,-65,-10,37,97,150,196,227,230,209,147,74,-14,-106,-188,-266,-312,-320,-299,-291,-156,-47,69,186,290,356,397,388,341,247,135,1,-147,-276,-370,-440,-463,-431,-355,-236,-93,58,198,318,405,451,459,412,329,221,91,-34,-159,-282,-377,-437,-466,-451,-403,-329,-199,-51,106,260,401,511,582,600,562,454,302,109,-110,-324,-518,-664,-754,-758,-691,-542,-332,-82,189,465,696,848,927,882,764,558,288,-25,-352,-634,-849,-989,-1023,-934,-743,-476,-153,200,522,788,978,1066,1030,889,643,338,-9,-357,-659,-890,-1014,-1034,-951,-765,-497,-174,161,464,708,885,960,931,809,614,343,59,-224,-483,-686,-806,-851,-815,-694,-504,-275,-32,215,435,604,714,749,1,-81,525,-600,-675,-702,-631,-496,-311,-112,108,319,499,639,733,754,706,587,405,182,-68,-322,-548,-727,-832,-853,-795,-649,-432,-160,142,433,678,853,949,940,823,614,340,22,-296,-584,-807,-945,-969,-895,-723,-470,-180,125,410,641,813,885,867,757,572,330,70,-193,-429,-616,-742,-787,-747,-636,-464,-252,-20,200,394,543,633,659,621,522,385,210,26,-159,-322,-447,-531,-562,-534,-457,-349,-207,-54,107,269,387,473,512,491,429,329,183,28,-116,-250,-357,-423,-439,-414,-349,-249,-128,-5,114,223,298,332,339,322,263,189,110,11,-78,-151,-207,-244,-253,-238,-221,-185,-121,-49,23,321,150,201,233,241,226,183,133,69,-2,-74,-143,-181,-214,-217,-192,-149,-100,-32,24,79,124,152,162,146,117,80,44,6,-27,-64,-68,-70,-67,-46,-35,-18,-13,-10,-22,-39,-47,-57,-68,-60,-25,7,49,95,142,186,198,185,148,79,7,-84,-174,-246,-299,-312,-289,-230,-143,-21,105,216,309,368,378,351,284,179,44,-89,-223,-330,-393,-404,-375,-298,-198,-76,70,198,298,367,403,383,325,219,96,-30,-152,-257,-327,-358,-355,-315,-233,-125,-12,109,209,288,323,329,300,231,129,20,-101,-203,-286,-320,-308,-254,-172,-59,67,176,244,263,229,156,59,-63,-241,-258,-178,-82,-159,-239,-282,-261,-185,-55,95,245,348,400,395,322,196,28,-143,-293,-415,-475,-468,-405,-281,-112,72,255,401,503,534,500,403,249,68,-125,-313,-459,-544,-563,-515,-403,-242,-39,163,336,465,544,552,486,370,216,29,-158,-315,-442,-489,-486,-427,-321,-192,-46,102,228,323,373,389,353,286,194,82,-27,-129,-210,-258,-280,-274,-237,-173,-104,-24,44,107,163,182,185,167,136,91,39,-12,-40,-54,-70,-72,-64,-57,-40,-24,-21,-23,-29,-44,-52,-60,-53,-41,-11,22,62,99,140,165,168,161,126,78,10,-56,-138,-209,-255,-279,-266,-226,-162,-64,40,148,374,323,364,367,331,249,145,25,-108,-235,-340,-404,-437,-422,-350,-251,-122,30,173,304,399,455,462,423,337,217,79,-66,-203,-309,-394,-437,-441,-418,-354,-257,-139,-12,126,247,373,466,511,517,476,393,263,99,-86,-277,-455,-582,-674,-685,-632,-510,-329,-102,150,387,603,750,835,838,754,563,318,22,-277,-543,-777,-923,-983,-925,-762,-524,-228,106,438,717,925,1041,1035,916,702,415,70,-274,-592,-841,-1003,-1067,-1003,-833,-570,-247,84,409,692,897,1002,993,876,680,416,109,-201,-471,-702,-851,-904,-869,-745,-543,-301,-45,220,458,644,756,797,764,651,482,263,23,-286,-281
10891,mtk,MTK 7916,4083799630,rx0-tx1,512,-760,-1001,-1041,-599,-330,-29,284,575,822,990,1062,1029,887,648,341,-10,-370,-693,-959,-1135,-1189,-1117,-933,-650,-296,100,485,830,1092,1248,1273,1168,939,618,221,-202,-600,-938,-1186,-1317,-1309,-1177,-915,-567,-152,278,682,1017,1233,1339,1309,1148,872,508,94,-332,-710,-1033,-1247,-1334,-1298,-1112,-830,-470,-61,349,725,1023,1227,1298,1245,1067,792,442,44,-354,-708,-996,-1181,-1249,-1193,-1019,-737,-402,-30,348,685,949,1119,1175,1118,956,695,370,24,-330,-639,-886,-1039,-1097,-1047,-898,-661,-375,-49,273,567,800,952,1015,990,869,664,398,102,-202,-493,-733,-908,-993,-997,-899,-711,-456,-151,169,477,754,-430,1056,1048,946,753,468,138,-217,-550,-834,-1038,-1124,-1102,-963,-718,-399,-36,340,688,950,1118,1171,1088,902,608,248,-135,-502,-808,-1027,-1141,-1127,-983,-741,-430,-73,286,615,867,1014,1065,995,824,567,255,-78,-395,-658,-839,-940,-933,-829,-645,-399,-120,168,425,618,747,798,766,666,494,279,50,-177,-384,-545,-640,-675,-645,-546,-396,-213,-13,174,347,476,548,575,538,440,306,150,-27,-187,-317,-410,-471,-476,-437,-346,-227,-101,43,181,284,359,395,394,352,269,161,36,-87,-193,-277,-331,-347,-324,-262,-169,-63,58,166,255,301,307,267,190,86,-31,-130,-197,-224,-200,-465,-715,-195,877,1036,-208,-124,11,160,291,373,396,356,250,103,-61,-217,-351,-436,-464,-432,-347,-221,-58,105,266,399,483,516,494,411,275,118,-65,-249,-405,-516,-588,-594,-541,-420,-250,-50,166,374,546,663,720,697,582,410,177,-87,-338,-557,-734,-833,-836,-747,-559,-305,-30,272,542,748,878,912,844,683,443,139,-164,-459,-698,-847,-915,-877,-749,-534,-269,26,306,554,739,830,843,764,612,401,141,-121,-360,-550,-694,-759,-724,-642,-503,-309,-86,131,338,508,617,658,637,565,442,283,95,-92,-269,-422,-531,-590,-596,-549,-454,-316,-156,20,200,363,496,576,606,584,505,379,202,230,-177,-355,-514,-622,-660,-637,-556,-411,-233,-18,201,398,562,665,702,659,564,405,203,-13,-240,-435,-581,-664,-683,-642,-530,-367,-172,40,240,412,540,613,632,587,486,353,173,-12,-183,-343,-456,-544,-569,-546,-469,-361,-225,-67,85,234,362,453,502,515,487,425,318,189,43,-108,-254,-383,-484,-538,-545,-510,-436,-313,-163,10,189,349,484,574,615,599,528,405,240,49,-149,-335,-495,-604,-669,-664,-594,-470,-300,-94,118,323,503,629,701,711,658,539,358,149,-70,-300,-492,-648,-740,-769,-719,-604,-428,-207,36,277,494,670,785,829,797,674,496,265,-6,-273,-525,-504,-13,136,-240,47,763,924,997,967,844,627,344,17,-320,-636,-896,-1064,-1133,-1079,-916,-660,-326,50,426,761,1027,1196,1238,1154,947,640,266,-144,-539,-883,-1140,-1291,-1302,-1175,-931,-593,-184,240,643,982,1219,1339,1315,1169,892,531,123,-307,-705,-1032,-1249,-1344,-1301,-1134,-858,-483,-77,342,727,1027,1241,1319,1272,1095,818,455,47,-362,-725,-1017,-1207,-1283,-1222,-1047,-772,-422,-30,356,710,983,1149,1218,1161,988,719,383,14,-341,-666,-926,-1081,-1137,-1082,-921,-676,-364,-32,304,602,836,992,1059,1016,881,661,382,78,-233,-521,-758,-919,-996,-983,-875,-682,-423,-128,175,475,729,919,1020,1018,928,736,-1099,150,-189,-503,-786,-986,-1089,-1087,-967,-753,-448,-94,269,613,894,1074,1150,1108,940,670,339,-46,-420,-747,-1000,-1136,-1155,-1049,-831,-526,-164,219,569,850,1042,1118,1069,909,648,335,-7,-351,-644,-867,-988,-1005,-911,-724,-472,-183,129,410,642,798,868,849,737,558,332,73,-175,-401,-584,-697,-736,-702,-606,-446,-251,-37,174,367,507,602,623,589,500,355,188,4,-180,-336,-445,-521,-536,-481,-386,-264,-120,36,184,307,385,428,432,386,301,195,65,-65,-186,-281,-343,-374,-360,-309,-226,-118,3,122,223,291,329,326,279,198,89,-27,-138,-222,-270,-268,-220,-140,-41,56,-903,-744,364,-557,-57,187,279,328,311,231,100,-53,-213,-343,-421,-437,-391,-290,-145,20,183,322,432,486,482,424,309,161,-2,-175,-335,-456,-526,-550,-510,-408,-265,-85,110,300,469,590,655,652,569,421,225,0,-246,-464,-638,-760,-792,-725,-590,-381,-116,163,441,675,819,885,862,724,514,243,-59,-363,-623,-821,-918,-911,-814,-608,-345,-47,252,516,723,851,886,826,679,455,190,-82,-345,-559,-719,-802,-790,-698,-542,-347,-97,140,351,536,662,711,692,611,465,279,78,-120,-309,-462,-574,-625,-612,-553,-439,-287,-117,61,232,382,496,566,591,560,478,346,182,5,-180,-352,-500,-598,-198,-611,-538,-410,-228,-25,182,375,535,640,689,654,561,409,217,-2,-220,-413,-576,-668,-699,-664,-548,-386,-183,25,235,424,561,643,660,611,506,354,173,-26,-222,-383,-508,-589,-600,-569,-482,-357,-202,-25,143,295,411,497,534,523,477,387,262,124,-25,-166,-302,-410,-484,-521,-513,-465,-378,-256,-105,55,210,355,478,555,590,562,485,364,202,18,-175,-346,-493,-592,-648,-639,-570,-437,-272,-77,137,333,502,627,689,681,624,498,330,129,-90,-304,-498,-641,-715,-736,-684,-564,-395,-184,48,286,493,661,765,796,751,636,463,237,-14,-274,-515,-696,-833,-879,-843,-721,-855,-994
10892,mtk,MTK 7916,4083799630,rx1-tx0,512,-144,-1470,-1205,-304,-423,-502,-522,-481,-372,-224,-47,134,302,429,503,524,485,374,226,50,-139,-312,-439,-518,-540,-497,-396,-242,-54,138,314,455,544,571,535,426,274,92,-110,-296,-452,-563,-609,-585,-497,-360,-173,39,242,429,571,649,659,595,462,277,64,-162,-377,-553,-686,-730,-694,-591,-426,-203,45,289,514,684,779,787,714,564,345,81,-183,-440,-650,-789,-841,-807,-676,-471,-221,56,331,565,738,834,835,748,577,351,101,-168,-411,-611,-746,-801,-781,-678,-504,-289,-46,192,416,598,710,756,735,641,489,290,60,-183,-407,-589,-722,-782,-778,-690,-530,-324,-78,186,441,652,231,885,868,764,578,320,36,-274,-560,-798,-950,-996,-950,-799,-558,-242,94,437,743,967,1092,1096,987,770,459,96,-286,-634,-920,-1109,-1186,-1143,-956,-666,-310,89,481,816,1066,1205,1220,1110,872,538,150,-263,-649,-969,-1187,-1284,-1239,-1067,-781,-403,20,443,833,1126,1308,1349,1240,990,630,203,-256,-707,-1067,-1323,-1420,-1354,-1134,-786,-337,155,625,1021,1295,1419,1373,1160,811,370,-94,-557,-943,-1201,-1312,-1264,-1068,-753,-363,65,474,808,1032,1138,1101,941,675,333,-35,-394,-684,-888,-982,-943,-794,-556,-239,79,400,656,805,850,769,583,308,-10,-312,-551,-674,-670,-540,-319,-57,179,-209,-885,-417,-833,-421,-425,-326,-118,142,399,601,700,672,521,281,-18,-310,-573,-752,-824,-785,-642,-403,-111,203,495,736,888,936,865,685,425,102,-243,-575,-831,-1010,-1072,-1008,-822,-535,-177,220,589,916,1139,1231,1194,1005,687,291,-150,-595,-983,-1256,-1400,-1387,-1192,-855,-411,75,567,1017,1345,1513,1521,1344,1011,560,41,-491,-962,-1328,-1547,-1581,-1440,-1132,-694,-183,347,836,1224,1475,1556,1461,1212,821,353,-153,-634,-1040,-1328,-1464,-1444,-1263,-945,-532,-74,384,788,1108,1322,1379,1294,1066,732,334,-96,-501,-864,-1129,-1262,-1283,-1165,-930,-591,-202,204,595,917,1141,1246,1228,1079,824,480,87,-307,-681,-975,-49,-1253,-1204,-1039,-764,-404,4,406,775,1065,1252,1300,1217,1013,698,306,-129,-548,-927,-1202,-1348,-1361,-1231,-961,-573,-135,331,766,1121,1347,1433,1364,1136,792,370,-122,-590,-980,-1272,-1425,-1413,-1246,-955,-546,-88,376,792,1117,1323,1376,1279,1045,700,278,-163,-580,-918,-1159,-1259,-1223,-1059,-776,-427,-42,340,675,930,1076,1104,1011,826,551,228,-115,-436,-694,-872,-958,-938,-818,-621,-362,-69,221,472,672,790,826,775,637,439,197,-58,-297,-495,-641,-713,-704,-629,-480,-284,-68,154,356,513,610,638,594,490,333,146,-57,-255,-413,-520,-568,-555,-479,-352,-184,3,181,345,466,527,535,-715,-1003,-95,-181,-882,-424,-302,-138,41,221,369,470,520,507,431,297,133,-43,-227,-381,-483,-536,-525,-443,-307,-141,47,230,386,504,553,540,461,336,167,-26,-224,-398,-513,-581,-581,-514,-392,-221,-22,182,364,514,615,641,594,484,316,113,-102,-314,-496,-624,-684,-679,-594,-453,-253,-16,222,440,621,739,765,718,591,391,145,-122,-371,-588,-748,-821,-804,-708,-529,-287,-16,262,517,703,818,842,780,629,416,151,-124,-381,-600,-745,-818,-805,-704,-536,-315,-70,183,415,599,726,777,751,654,487,279,52,-181,-402,-579,-706,-764,-750,-658,-505,-301,-66,175,413,606,748,823,818,725,553,-568,60,-225,-489,-720,-871,-939,-916,-790,-579,-293,26,350,647,883,1020,1051,980,792,517,180,-186,-532,-833,-1038,-1141,-1121,-975,-726,-389,-13,377,734,1005,1175,1221,1126,913,598,222,-181,-565,-898,-1134,-1249,-1233,-1085,-822,-471,-63,356,733,1044,1246,1309,1241,1034,712,315,-128,-565,-947,-1223,-1368,-1375,-1213,-916,-513,-42,434,861,1197,1395,1426,1287,1002,600,127,-360,-800,-1143,-1335,-1375,-1259,-980,-591,-146,309,711,1010,1187,1220,1109,868,537,150,-241,-588,-863,-1023,-1058,-960,-748,-464,-120,225,526,763,893,906,813,591,307,-15,-326,-582,-750,-790,-704,-500,-218,77,333,495,539,457,1427,1164,247,-640,-936,200,403,551,584,497,299,28,-268,-522,-704,-773,-723,-568,-315,-16,283,556,761,865,858,741,534,250,-69,-393,-668,-873,-980,-974,-843,-604,-303,56,413,741,985,1128,1130,1014,773,420,18,-399,-788,-1087,-1270,-1320,-1217,-956,-577,-133,356,810,1174,1402,1476,1387,1130,727,249,-269,-773,-1182,-1458,-1566,-1492,-1246,-863,-376,166,680,1124,1430,1572,1542,1331,982,521,2,-509,-961,-1301,-1488,-1512,-1361,-1075,-672,-203,280,733,1094,1335,1429,1364,1151,838,432,-16,-450,-838,-1123,-1295,-1322,-1222,-999,-660,-265,153,563,900,1141,1255,1257,1125,872,533,141,-261,-634,-935,-1150,-1242,-1216,-1057,-779,425,-46,349,713,1009,1202,1267,1203,1024,736,363,-59,-469,-840,-1123,-1300,-1335,-1232,-997,-644,-225,223,655,1033,1284,1403,1378,1200,885,470,8,-464,-881,-1192,-1395,-1446,-1313,-1052,-677,-222,263,701,1067,1313,1409,1356,1156,831,419,-39,-481,-863,-1150,-1301,-1310,-1169,-911,-558,-147,261,639,933,1116,1186,1122,942,660,313,-51,-398,-690,-906,-1018,-1022,-911,-709,-444,-136,176,460,687,837,898,852,722,523,273,6,-258,-489,-658,-757,-770,-699,-559,-368,-134,97,320,507,625,677,657,561,410,217,2,-206,-386,-519,-592,-605,-544,-423,-260,-73,119,294,435,527,552,511,424,280,114,-66,781,336
10893,mtk,MTK 7916,4083799630,rx1-tx1,512,0,0,0,-192,15,213,370,446,421,300,115,-97,-284,-404,-436,-374,-231,-37,161,318,407,410,319,158,-38,-223,-354,-394,-345,-220,-42,135,276,354,351,265,116,-62,-228,-336,-359,-302,-168,10,180,310,371,338,230,60,-133,-290,-376,-381,-299,-136,71,266,398,447,397,247,31,-200,-395,-505,-502,-391,-190,73,324,507,583,536,372,114,-184,-444,-605,-649,-550,-322,-21,288,544,687,697,558,287,-51,-374,-633,-762,-725,-538,-238,112,440,679,785,730,520,197,-160,-482,-704,-782,-700,-471,-150,194,499,707,754,645,409,97,-226,-499,-664,-682,-559,-328,-31,267,498,626,615,0,223,-56,-321,-510,-578,-526,-369,-125,148,377,518,549,456,262,17,-244,-449,-551,-532,-398,-176,88,332,508,577,529,366,121,-154,-404,-572,-618,-540,-362,-118,161,406,566,619,550,365,109,-157,-386,-526,-564,-499,-340,-123,105,301,434,474,411,277,107,-72,-223,-319,-333,-274,-162,-37,82,171,203,187,130,35,-54,-125,-161,-150,-86,9,99,168,206,194,128,32,-76,-177,-249,-263,-225,-149,-43,78,188,263,284,245,156,49,-68,-177,-248,-262,-230,-157,-54,57,149,207,222,200,139,51,-39,-125,-184,-205,-188,-138,-65,16,89,146,174,179,157,110,57,10,0,0,0,0,0,143,178,195,183,132,54,-41,-143,-232,-289,-308,-278,-186,-52,97,237,339,391,375,278,124,-64,-244,-389,-466,-455,-352,-177,43,269,453,555,548,432,225,-41,-310,-525,-649,-653,-516,-262,43,351,601,731,731,596,323,-26,-366,-649,-814,-815,-648,-354,9,380,680,840,837,654,336,-45,-415,-698,-847,-833,-633,-299,86,464,752,877,818,601,249,-153,-518,-780,-883,-801,-549,-190,209,566,809,878,757,490,126,-264,-602,-821,-857,-709,-425,-52,334,641,804,795,628,329,-46,-405,-668,-788,-740,-531,-205,152,475,706,780,672,425,93,-262,-561,-740,-763,-620,-329,33,0,658,780,745,547,226,-151,-498,-739,-826,-735,-479,-115,265,591,805,849,704,410,31,-361,-683,-860,-848,-654,-333,59,447,740,874,827,608,248,-165,-529,-775,-862,-767,-502,-129,263,590,785,819,674,381,8,-357,-645,-788,-758,-562,-249,125,456,679,756,673,431,101,-244,-535,-710,-725,-578,-305,29,350,600,721,671,468,174,-155,-458,-660,-707,-604,-363,-47,266,524,680,681,530,268,-43,-341,-564,-664,-613,-434,-167,132,396,565,606,523,328,60,-215,-438,-555,-545,-422,-215,40,282,448,512,465,315,92,-139,-337,-459,-466,-375,-202,18,227,382,454,421,292,97,0,0,0,0,0,-410,-450,-388,-248,-59,153,333,433,441,353,179,-30,-221,-366,-429,-401,-284,-100,100,271,379,403,336,196,13,-175,-314,-369,-344,-242,-81,92,245,345,352,277,141,-34,-207,-329,-367,-320,-200,-30,155,303,379,363,261,95,-104,-281,-391,-418,-350,-184,32,235,398,480,452,314,100,-143,-364,-516,-553,-468,-278,-12,266,482,608,601,459,213,-89,-381,-593,-681,-632,-449,-152,185,478,678,741,645,411,100,-241,-548,-747,-779,-649,-386,-41,309,600,764,772,632,360,1,-350,-615,-757,-744,-574,-297,36,366,611,720,684,503,225,-92,-390,-596,-661,-595,-404,-132,164,0,579,608,507,304,46,-217,-441,-560,-542,-409,-193,66,304,486,553,493,326,86,-173,-400,-538,-559,-465,-270,-11,256,470,591,588,467,249,-21,-292,-508,-618,-602,-467,-239,23,279,490,596,579,451,242,-6,-237,-419,-516,-506,-395,-215,-8,181,322,389,381,291,146,-5,-138,-234,-269,-233,-155,-52,51,126,164,154,102,17,-79,-149,-175,-161,-97,1,100,183,236,240,192,97,-25,-140,-226,-275,-274,-210,-104,19,136,225,271,263,204,111,1,-109,-200,-246,-232,-179,-104,-1,96,166,209,207,163,95,12,-73,-143,-183,-188,-165,-114,-49,19,76,118,140,142,0,0,0,0,0,-76,-25,42,118,189,244,263,235,170,74,-52,-181,-287,-349,-350,-290,-169,-12,153,304,406,434,375,241,56,-157,-352,-481,-518,-464,-313,-88,165,399,563,617,550,364,102,-185,-460,-658,-723,-643,-435,-135,203,509,713,786,712,490,160,-205,-541,-773,-851,-756,-518,-168,218,556,784,856,754,495,133,-255,-599,-820,-863,-737,-458,-83,314,646,839,863,702,403,21,-371,-696,-871,-858,-674,-349,47,434,727,865,829,613,274,-104,-467,-738,-847,-770,-531,-194,186,528,749,810,698,438,90,-273,-575,-752,-765,-611,-324,32,381,645,767,724,520,208,-145,-477,-708,-782,0,-438,-101,264,583,778,793,642,352,-18,-387,-679,-827,-794,-594,-264,125,491,759,868,790,548,185,-215,-575,-815,-874,-754,-482,-95,305,638,835,854,686,371,-15,-390,-688,-842,-810,-603,-267,119,479,729,807,717,484,145,-230,-550,-744,-768,-624,-349,8,352,610,742,703,508,210,-135,-452,-667,-728,-623,-385,-66,274,549,693,692,544,275,-55,-368,-599,-699,-650,-455,-155,169,443,624,675,573,357,71,-233,-487,-622,-622,-490,-248,37,304,500,580,541,381,140,-125,-359,-507,-537,-456,-275,-33,204,390,485,476,353,160,-68,-279,-419,-459,-395,-245,-46,163,342,441,0,0
10894,mtk,MTK 7916,4083799630,rx2-tx0,512,0,0,0,-271,-416,-468,-415,-267,-49,188,383,493,488,374,177,-68,-308,-474,-535,-483,-319,-76,186,409,548,565,454,237,-44,-313,-516,-602,-554,-387,-128,162,417,585,617,514,296,-5,-304,-536,-646,-614,-445,-165,159,449,639,685,578,331,1,-336,-605,-744,-715,-524,-205,170,515,752,827,723,446,62,-335,-674,-875,-886,-707,-364,66,491,810,965,913,661,257,-208,-625,-916,-1017,-901,-588,-147,334,743,998,1037,859,497,30,-451,-834,-1039,-1016,-785,-386,93,548,884,1032,962,685,261,-215,-632,-911,-998,-873,-561,-132,322,694,912,932,751,406,-19,-437,-749,-894,-845,-607,-236,0,563,811,883,749,446,58,-346,-680,-867,-857,-657,-312,104,501,794,919,836,572,187,-249,-649,-906,-959,-812,-492,-55,395,767,983,994,783,399,-63,-516,-866,-1041,-995,-736,-322,170,630,958,1083,979,667,215,-280,-722,-1016,-1095,-947,-600,-119,388,811,1066,1097,901,528,35,-471,-874,-1097,-1097,-871,-462,37,521,899,1097,1063,818,421,-61,-526,-878,-1051,-1007,-762,-372,84,511,821,967,920,690,319,-101,-484,-757,-882,-829,-607,-275,99,449,700,800,748,552,252,-82,-394,-623,-726,-689,-525,-277,18,305,531,658,664,560,374,132,-115,-330,-479,-553,-546,-467,-334,-185,-38,0,0,0,0,0,-438,-512,-521,-460,-321,-109,140,389,596,721,736,630,406,102,-229,-533,-750,-838,-770,-549,-222,160,529,810,934,882,654,290,-146,-570,-896,-1050,-1006,-756,-344,157,640,1004,1183,1124,845,389,-171,-710,-1113,-1302,-1238,-927,-417,187,765,1197,1401,1329,978,428,-205,-810,-1265,-1458,-1358,-988,-414,245,851,1289,1477,1370,972,383,-276,-883,-1308,-1462,-1312,-899,-309,342,916,1299,1417,1242,805,211,-412,-947,-1289,-1357,-1135,-691,-113,488,984,1262,1269,1014,556,-7,-569,-1005,-1224,-1183,-899,-435,120,645,1014,1164,1077,764,292,-233,-699,-1008,-1107,-965,-624,-158,335,753,998,1030,845,478,19,0,-803,-982,-955,-720,-332,114,527,825,945,855,579,190,-232,-599,-832,-883,-746,-444,-53,334,647,818,805,609,294,-79,-424,-667,-762,-689,-468,-144,207,502,677,699,566,306,-16,-325,-553,-653,-611,-424,-145,158,423,584,610,501,272,-12,-286,-490,-583,-538,-370,-121,156,392,536,555,442,230,-30,-284,-466,-541,-495,-334,-90,167,387,516,527,424,220,-36,-277,-456,-532,-486,-326,-95,154,368,496,512,413,219,-22,-256,-430,-503,-459,-320,-110,133,341,463,478,390,214,-7,-227,-394,-467,-432,-298,-99,122,312,422,440,363,193,-24,-227,-374,-437,-400,-272,-75,139,319,0,0,0,0,0,368,207,-15,-239,-408,-487,-456,-321,-114,129,349,488,515,432,246,0,-251,-446,-549,-529,-387,-159,110,361,533,586,504,303,38,-241,-472,-603,-600,-456,-215,82,372,568,638,571,366,73,-238,-495,-643,-656,-519,-242,91,396,625,724,649,422,95,-262,-570,-759,-776,-616,-326,52,436,726,860,809,575,213,-210,-601,-865,-942,-817,-512,-88,354,736,961,977,785,428,-31,-495,-851,-1023,-980,-729,-323,151,605,930,1050,947,648,205,-280,-696,-968,-1040,-886,-544,-92,378,770,989,990,783,415,-37,-479,-814,-969,-913,-660,-274,167,571,843,931,815,519,113,-308,-657,-860,0,-685,-350,64,456,747,872,807,559,186,-231,-600,-841,-893,-752,-441,-34,391,734,918,905,700,333,-116,-541,-854,-993,-919,-646,-231,237,659,951,1041,904,577,126,-350,-761,-1021,-1062,-869,-492,-18,463,849,1063,1056,820,411,-93,-573,-930,-1095,-1040,-764,-327,178,656,995,1122,1022,710,252,-253,-715,-1028,-1129,-992,-658,-195,294,724,1006,1082,937,607,159,-309,-704,-957,-1012,-859,-544,-130,304,663,880,919,774,484,101,-291,-615,-809,-836,-695,-428,-84,272,561,734,761,640,406,104,-211,-482,-657,-706,-628,-435,-175,103,351,532,620,613,515,348,143,-61,-231,-346,-403,-402,0,0,0,0,0,159,6,-175,-372,-537,-641,-663,-584,-402,-145,150,438,666,787,768,615,345,-5,-367,-668,-850,-880,-737,-449,-61,355,711,937,989,848,534,95,-380,-798,-1064,-1120,-964,-607,-110,421,884,1183,1248,1066,664,115,-464,-961,-1280,-1346,-1148,-711,-111,512,1036,1367,1428,1198,726,103,-548,-1087,-1409,-1456,-1211,-715,-66,591,1117,1430,1457,1177,655,10,-623,-1137,-1420,-1404,-1102,-579,54,666,1143,1382,1326,1000,467,-150,-728,-1153,-1332,-1234,-877,-342,251,784,1154,1275,1122,744,218,-344,-824,-1133,-1204,-1011,-609,-91,438,866,1106,1111,878,466,-39,-526,-891,-1064,-1016,-752,-333,158,602,906,1018,0,605,179,-279,-672,-920,-965,-799,-467,-46,379,719,897,882,677,323,-89,-472,-748,-864,-789,-550,-189,200,535,750,796,666,394,39,-312,-583,-725,-705,-523,-231,101,406,610,676,589,369,64,-244,-487,-624,-615,-470,-218,79,350,539,599,522,331,62,-221,-447,-562,-548,-407,-169,100,337,502,552,472,282,35,-226,-429,-536,-520,-381,-161,98,334,492,531,450,268,30,-215,-411,-519,-504,-371,-157,86,313,471,514,441,272,43,-195,-388,-487,-479,-360,-162,69,280,426,473,411,257,49,-171,-351,-450,-444,-334,-149,68,262,399,447,380,223,21,-184,-343,-429,-419,-306,0,0
10895,mtk,MTK 7916,4083799630,rx2-tx1,512,0,0,0,72,71,49,19,-16,-49,-63,-63,-47,-15,21,55,77,78,60,31,-6,-44,-77,-89,-79,-56,-27,8,44,71,83,78,58,24,-8,-33,-50,-61,-60,-46,-29,-13,4,14,16,22,22,24,24,29,29,23,17,8,-14,-41,-68,-84,-82,-71,-37,13,65,110,136,138,115,62,-8,-80,-145,-184,-192,-161,-90,7,105,186,229,232,189,102,-14,-129,-217,-270,-266,-202,-96,26,149,248,299,283,211,94,-44,-176,-276,-311,-286,-205,-83,58,192,284,315,278,184,50,-97,-221,-291,-301,-252,-146,-7,131,243,299,289,216,88,-53,-182,-279,-309,-261,-166,0,122,251,324,321,246,121,-38,-198,-314,-362,-331,-234,-78,112,276,388,425,362,225,42,-160,-339,-447,-455,-370,-210,0,225,410,510,496,383,187,-61,-297,-476,-563,-537,-398,-169,109,365,548,627,576,399,133,-173,-437,-627,-700,-621,-418,-131,196,490,684,746,665,444,134,-205,-507,-715,-776,-679,-457,-152,190,499,705,773,689,472,169,-170,-473,-685,-755,-670,-460,-170,148,445,651,714,640,453,179,-128,-407,-600,-675,-619,-438,-178,105,360,543,632,596,447,215,-49,-296,-487,-589,-583,-479,-299,-67,171,374,511,558,516,405,248,64,-116,-264,-363,-404,-388,-323,0,0,0,0,0,-218,-199,-154,-73,32,142,244,320,353,333,260,140,-8,-156,-290,-381,-402,-354,-236,-70,105,266,394,450,413,289,112,-93,-293,-446,-507,-479,-364,-163,86,330,520,615,594,453,220,-73,-367,-594,-713,-704,-562,-296,33,365,645,805,814,677,397,27,-343,-661,-863,-898,-766,-485,-107,294,643,869,934,823,545,155,-254,-615,-856,-938,-830,-568,-193,220,575,815,901,810,559,196,-203,-550,-788,-867,-770,-525,-174,207,539,757,820,710,461,121,-245,-546,-742,-783,-656,-404,-74,278,564,727,744,609,346,13,-322,-584,-726,-719,-566,-298,29,351,599,723,692,513,235,0,-394,-614,-708,-656,-463,-173,143,429,626,689,603,398,104,-212,-484,-651,-674,-556,-325,-22,285,532,667,662,518,262,-52,-352,-578,-687,-650,-475,-201,116,409,622,706,637,437,151,-170,-455,-646,-697,-609,-394,-94,219,483,651,682,576,350,54,-246,-494,-642,-656,-531,-298,-11,277,499,620,608,472,242,-31,-294,-489,-582,-555,-415,-197,55,292,461,537,497,353,149,-75,-281,-421,-472,-429,-300,-114,83,260,373,404,351,227,67,-95,-233,-313,-325,-269,-166,-38,93,196,250,254,203,109,1,-97,-172,-206,-192,-143,-67,19,88,131,144,123,82,24,-34,-76,-98,0,0,0,0,0,-29,9,43,64,66,47,16,-17,-51,-73,-75,-54,-17,19,51,77,88,78,48,11,-30,-61,-83,-87,-75,-44,-7,26,52,71,78,64,42,16,-10,-29,-41,-47,-41,-35,-24,-15,-11,-5,2,5,7,22,37,49,56,56,36,6,-33,-72,-100,-114,-106,-71,-17,47,106,150,167,156,110,38,-46,-130,-194,-217,-197,-134,-40,65,167,237,255,232,157,47,-80,-203,-277,-288,-250,-165,-40,99,213,289,311,260,154,24,-115,-237,-308,-312,-252,-147,-4,146,255,304,291,223,101,-48,-187,-280,-312,-277,-185,-53,95,219,289,299,240,125,-18,-158,-259,0,-300,-210,-71,81,220,317,342,292,173,11,-159,-305,-383,-379,-299,-146,44,230,376,445,422,303,117,-98,-299,-444,-496,-441,-299,-89,146,358,499,536,462,284,39,-217,-438,-573,-586,-482,-280,-2,276,507,637,644,518,274,-32,-333,-577,-720,-714,-565,-304,30,358,614,755,749,591,317,-27,-361,-617,-762,-760,-599,-324,5,335,603,745,737,585,320,0,-321,-575,-715,-716,-572,-324,-12,295,535,669,680,551,318,29,-259,-489,-623,-641,-539,-328,-61,207,435,582,619,534,356,127,-125,-355,-514,-580,-552,-437,-260,-44,171,349,469,514,483,394,266,123,-9,-114,0,0,0,0,0,-67,-153,-227,-282,-304,-286,-227,-127,0,134,256,342,376,351,265,128,-41,-208,-338,-415,-421,-343,-192,-3,192,354,455,475,400,241,27,-202,-398,-525,-562,-486,-306,-56,211,453,625,674,591,390,108,-216,-506,-710,-784,-707,-497,-186,175,520,770,874,817,602,263,-130,-498,-779,-916,-879,-671,-334,73,462,763,926,911,716,377,-29,-423,-742,-910,-900,-718,-396,3,394,710,880,864,681,368,-9,-385,-680,-836,-818,-630,-319,47,392,664,799,766,574,266,-85,-413,-658,-766,-713,-514,-212,131,444,667,750,673,463,158,-178,-474,-673,-733,-642,-414,-102,226,505,681,0,588,358,49,-275,-529,-674,-686,-549,-291,25,333,565,678,655,490,222,-91,-385,-598,-686,-626,-427,-145,166,445,638,689,590,372,78,-236,-507,-673,-692,-562,-321,-15,297,553,695,686,533,277,-31,-343,-575,-693,-670,-506,-232,86,374,588,686,633,450,182,-119,-391,-584,-655,-586,-400,-135,151,398,559,612,538,346,87,-175,-392,-527,-550,-467,-291,-53,188,374,480,492,403,231,19,-184,-340,-430,-423,-330,-183,-5,169,302,364,346,263,130,-24,-161,-257,-295,-269,-194,-84,38,143,212,232,199,134,46,-46,-124,-167,-173,-142,-83,-13,56,105,120,109,78,38,0,0
10896,mtk,MTK 7916,4083831776,rx0-tx0,512,557,435,299,581,460,306,135,-45,-220,-387,-526,-637,-732,-765,-757,-700,-594,-453,-280,-79,135,343,537,703,824,891,892,836,714,539,326,74,-177,-420,-645,-819,-932,-973,-949,-857,-694,-484,-238,31,281,507,704,839,908,910,864,739,577,372,151,-71,-279,-475,-625,-729,-789,-784,-733,-628,-485,-322,-142,41,216,366,488,583,637,643,609,540,441,314,174,29,-110,-243,-352,-437,-508,-537,-526,-498,-423,-327,-211,-84,43,164,271,366,442,473,468,439,381,299,192,77,-34,-138,-218,-286,-334,-354,-352,-333,-284,-227,-168,-90,-19,42,112,161,205,230,246,256,237,208,174,135,-588,26,-28,-77,-129,-177,-212,-235,-224,-212,-188,-140,-91,-37,17,77,120,154,177,187,172,152,119,83,50,14,-16,-53,-83,-90,-93,-83,-67,-48,-25,-12,2,-2,-12,-24,-33,-47,-60,-83,-83,-71,-54,-23,16,69,113,163,205,224,232,211,172,114,44,-44,-132,-215,-286,-330,-345,-338,-297,-244,-153,-51,56,165,255,336,388,415,393,346,265,163,63,-47,-158,-257,-337,-385,-405,-393,-352,-282,-184,-92,16,128,217,296,345,360,361,328,272,197,105,12,-83,-174,-254,-318,-337,-331,-307,-250,-172,-78,31,131,210,279,312,305,256,175,80,-22,-111,-164,549,547,587,-194,-257,-169,-242,-282,-274,-224,-130,-8,129,253,351,412,427,391,309,196,57,-92,-239,-358,-447,-495,-498,-456,-372,-245,-88,67,221,367,472,539,562,536,459,346,200,33,-126,-292,-428,-519,-569,-577,-525,-423,-294,-149,17,165,293,397,472,505,490,434,348,240,120,-1,-122,-218,-287,-349,-379,-365,-332,-281,-212,-121,-35,41,114,177,217,252,248,228,205,168,107,56,-3,-43,-80,-101,-112,-108,-103,-86,-67,-46,-21,-15,-3,-2,3,-8,-24,-40,-48,-57,-47,-29,-6,23,56,94,134,164,181,192,183,155,120,63,-7,-75,-148,-211,-270,-301,-316,-304,-267,-212,-291,-48,56,158,239,322,378,396,398,379,309,232,136,21,-97,-218,-320,-391,-449,-468,-448,-407,-330,-233,-123,5,113,220,316,390,437,457,455,422,378,300,206,121,11,-107,-224,-331,-426,-496,-546,-572,-550,-496,-411,-291,-135,22,210,382,536,661,737,775,754,685,559,388,180,-42,-267,-480,-680,-835,-933,-952,-914,-806,-633,-407,-149,114,386,633,828,971,1042,1046,959,810,607,349,62,-228,-499,-736,-923,-1030,-1066,-1023,-915,-741,-503,-244,30,306,548,747,900,970,984,925,799,628,418,166,-75,-299,-501,-668,-777,-842,-850,-796,-697,-547,-378,-190,4,205,379,518,61,-22,525,-442,-561,-440,-569,-666,-720,-732,-695,-623,-510,-384,-212,-19,170,359,527,661,765,819,825,770,667,513,316,88,-150,-378,-591,-760,-886,-951,-938,-869,-725,-525,-287,-30,231,479,689,849,945,972,911,804,635,421,183,-52,-292,-506,-670,-790,-844,-843,-791,-686,-524,-340,-139,62,247,420,555,655,709,717,667,581,465,318,151,-13,-169,-301,-423,-507,-562,-581,-565,-515,-427,-324,-205,-63,66,194,311,395,466,503,503,469,407,322,217,88,-26,-144,-250,-336,-392,-416,-414,-383,-329,-263,-176,-80,14,102,178,226,265,289,283,277,253,211,166,110,59,-7,-75,-124,-162,-199,321,-236,-229,-213,-188,-146,-102,-39,19,69,129,177,200,210,213,196,162,121,75,19,-31,-72,-104,-123,-134,-136,-127,-113,-84,-50,-25,6,23,32,33,28,18,1,-5,-9,-13,-18,-12,15,55,83,107,132,152,159,140,116,58,-4,-71,-141,-203,-248,-278,-291,-276,-243,-178,-90,5,109,196,279,348,379,383,347,290,211,114,1,-115,-216,-310,-374,-405,-415,-382,-323,-236,-132,-25,91,192,283,342,373,387,358,304,237,138,45,-52,-152,-230,-293,-333,-342,-332,-296,-237,-152,-50,38,136,223,285,326,333,300,243,160,55,-54,-154,-224,-255,-250,-205,-134,28,-129,-258,-233,-171,-163,-91,13,127,236,320,365,357,299,206,78,-61,-205,-321,-412,-461,-467,-423,-330,-210,-63,88,235,368,470,525,532,501,420,291,140,-23,-189,-339,-459,-547,-574,-562,-502,-385,-240,-86,76,236,371,465,535,551,512,437,328,202,54,-83,-211,-317,-396,-434,-441,-413,-346,-269,-179,-64,36,125,199,262,299,306,299,273,219,165,88,11,-49,-98,-152,-175,-184,-185,-172,-143,-105,-67,-30,2,39,47,61,54,44,30,19,11,0,-3,4,14,41,67,86,101,116,116,112,85,50,13,-36,-97,-151,-202,-241,-254,-255,-231,-189,-123,-47,30,116,197,272,374,357,368,342,304,239,133,21,-80,-194,-292,-362,-421,-449,-447,-416,-338,-243,-129,4,124,236,341,412,457,461,441,407,340,250,151,42,-71,-178,-271,-363,-416,-462,-488,-478,-442,-384,-306,-198,-81,60,213,348,471,578,640,675,666,596,494,339,164,-37,-243,-432,-607,-746,-840,-870,-841,-756,-616,-416,-177,74,322,562,768,919,997,1011,960,818,627,385,118,-164,-440,-676,-879,-1019,-1078,-1052,-952,-786,-560,-292,-6,274,531,756,922,1012,1042,985,856,683,453,195,-61,-316,-532,-711,-846,-914,-910,-852,-747,-580,-382,-172,45,250,438,596,706,769,785,747,658,547,-274,-280
10897,mtk,MTK 7916,4083831776,rx0-tx1,512,-760,-891,-969,-938,-968,-944,-845,-688,-484,-242,25,288,553,787,968,1089,1137,1108,999,822,589,309,1,-318,-615,-873,-1074,-1211,-1258,-1221,-1109,-910,-653,-346,-2,331,646,921,1136,1277,1329,1294,1161,963,689,369,27,-318,-640,-916,-1141,-1282,-1342,-1309,-1194,-1000,-742,-434,-94,247,570,851,1068,1229,1305,1299,1204,1031,787,501,180,-149,-467,-754,-981,-1152,-1241,-1253,-1184,-1038,-833,-564,-265,40,350,626,860,1040,1147,1174,1127,1011,830,600,343,61,-226,-488,-713,-891,-1015,-1077,-1061,-980,-841,-655,-434,-193,60,308,536,729,876,970,1007,972,886,750,561,338,96,-149,-389,-618,-810,-948,-1026,-1034,-430,-871,-688,-463,-197,88,367,622,841,1003,1104,1124,1067,934,736,480,188,-114,-422,-698,-919,-1077,-1160,-1151,-1072,-911,-679,-403,-101,216,502,751,954,1082,1124,1096,970,781,551,284,-7,-288,-535,-745,-900,-987,-992,-935,-813,-636,-420,-181,63,281,489,651,757,817,816,762,650,514,343,151,-43,-220,-380,-508,-602,-656,-660,-619,-549,-440,-307,-152,10,161,299,418,500,536,539,513,447,361,250,126,0,-124,-237,-319,-391,-430,-433,-412,-360,-291,-201,-97,8,107,202,279,331,357,356,332,284,212,120,27,-78,-163,-239,-291,-315,-305,-267,-195,-108,-16,76,154,201,203,-320,-544,-195,961,983,199,279,324,321,272,174,50,-91,-223,-333,-410,-436,-437,-388,-299,-191,-53,86,213,328,425,485,505,490,435,349,237,102,-47,-195,-330,-447,-544,-599,-616,-579,-506,-393,-241,-70,112,302,471,610,707,755,752,682,561,408,204,-24,-253,-472,-658,-796,-882,-890,-837,-719,-551,-331,-79,180,419,627,792,900,927,889,786,626,419,196,-49,-296,-505,-677,-793,-849,-853,-791,-681,-525,-328,-121,90,286,457,598,692,724,729,676,587,457,301,135,-38,-208,-349,-477,-565,-616,-625,-604,-545,-454,-346,-211,-72,67,209,336,446,531,583,604,590,536,449,339,199,51,-111,230,-399,-519,-606,-648,-664,-622,-542,-432,-284,-115,62,235,397,531,632,691,704,668,589,463,312,144,-35,-218,-379,-509,-604,-659,-673,-643,-569,-466,-335,-183,-19,138,277,399,492,561,592,590,552,474,383,261,128,-2,-126,-254,-352,-432,-492,-527,-525,-502,-457,-376,-292,-181,-59,58,174,292,393,473,533,557,560,524,461,367,250,116,-21,-174,-317,-436,-539,-603,-640,-629,-586,-504,-387,-252,-95,72,234,384,512,613,671,688,675,609,507,382,219,33,-138,-299,-454,-584,-682,-733,-745,-713,-636,-522,-365,-189,5,200,385,547,686,778,823,821,769,663,513,326,115,-343,172,136,-438,-206,-202,45,295,538,743,906,1012,1049,1023,933,762,539,279,-7,-301,-584,-832,-1025,-1153,-1204,-1174,-1056,-869,-619,-325,3,320,629,902,1111,1257,1308,1265,1140,933,667,354,16,-332,-649,-926,-1148,-1290,-1342,-1307,-1178,-982,-712,-394,-53,288,605,886,1110,1262,1327,1305,1203,1016,771,472,141,-194,-522,-804,-1034,-1191,-1282,-1284,-1204,-1035,-805,-533,-223,94,411,689,925,1100,1192,1216,1161,1028,836,588,301,3,-289,-558,-794,-967,-1082,-1126,-1096,-994,-836,-629,-389,-121,148,399,627,812,942,1013,1025,974,862,696,492,266,19,-227,-452,-659,-831,-948,-1005,-995,-933,-808,-629,-408,-158,109,-1099,605,812,966,1063,1087,1031,913,722,488,213,-82,-376,-648,-874,-1040,-1133,-1151,-1088,-934,-718,-452,-145,165,460,727,940,1083,1154,1131,1023,857,626,342,48,-250,-536,-762,-936,-1043,-1066,-1007,-885,-712,-488,-224,43,295,524,706,830,894,890,839,733,559,368,154,-57,-262,-438,-576,-683,-736,-735,-686,-595,-466,-320,-149,27,190,333,454,542,599,606,569,504,402,277,136,-5,-147,-270,-368,-439,-476,-480,-458,-398,-319,-229,-107,6,114,212,292,357,384,387,364,326,254,167,66,-29,-123,-209,-281,-320,-337,-328,-289,-230,-142,-45,52,146,222,262,272,249,193,112,26,-922,-824,364,-300,246,190,113,0,-123,-245,-342,-394,-403,-357,-276,-156,-21,111,245,345,424,470,471,433,363,260,128,-9,-150,-286,-394,-478,-531,-549,-528,-464,-365,-236,-88,72,239,390,526,619,668,676,637,544,406,229,34,-175,-383,-558,-704,-805,-833,-807,-716,-565,-376,-145,100,333,549,728,857,924,911,828,682,487,253,-3,-247,-476,-666,-805,-884,-905,-849,-734,-575,-368,-145,84,302,484,641,747,802,793,733,624,480,294,110,-77,-257,-412,-542,-625,-670,-680,-638,-563,-450,-312,-161,-8,141,287,402,497,562,589,590,554,488,396,275,140,-7,-151,-291,-410,-515,-589,-623,-621,-198,-505,-397,-253,-96,70,245,394,526,629,685,693,655,572,459,309,139,-44,-222,-390,-528,-629,-685,-703,-666,-583,-464,-318,-154,16,184,333,462,560,621,640,617,561,470,353,216,71,-72,-214,-332,-429,-508,-547,-554,-538,-487,-405,-311,-203,-86,38,150,267,363,437,499,523,526,507,457,373,277,160,34,-100,-232,-353,-457,-536,-583,-600,-587,-524,-440,-322,-184,-29,129,275,415,528,614,662,669,630,556,451,315,155,-10,-181,-350,-487,-598,-683,-717,-703,-663,-571,-446,-287,-116,66,250,423,568,685,753,788,767,699,589,442,254,53,-154,-354,-542,-694,-806,-863,-918,-966
10898,mtk,MTK 7916,4083831776,rx1-tx0,512,-144,-1377,-920,244,105,-45,-191,-324,-421,-490,-522,-510,-461,-364,-236,-91,60,212,347,449,517,538,518,455,354,218,67,-86,-235,-364,-471,-547,-567,-549,-482,-380,-241,-90,71,229,369,490,565,603,602,545,448,320,165,-4,-173,-335,-480,-591,-657,-676,-650,-567,-453,-300,-116,65,257,440,592,700,751,759,705,591,445,265,51,-169,-376,-561,-705,-801,-834,-806,-724,-583,-395,-183,44,272,474,641,765,828,837,778,664,512,325,117,-97,-304,-481,-627,-721,-775,-777,-725,-627,-496,-330,-144,55,244,419,557,667,738,766,744,665,561,407,229,38,-158,-357,-531,-681,-795,-844,-846,231,-681,-518,-321,-92,154,400,617,788,920,988,989,916,771,575,322,47,-233,-511,-750,-943,-1069,-1123,-1100,-986,-792,-547,-263,53,366,652,906,1080,1182,1209,1143,982,743,479,163,-178,-487,-770,-1009,-1176,-1259,-1243,-1143,-970,-713,-417,-84,269,590,884,1119,1267,1334,1305,1173,962,674,316,-58,-434,-784,-1075,-1287,-1408,-1417,-1308,-1108,-808,-440,-42,368,744,1056,1280,1389,1391,1283,1065,771,412,35,-350,-688,-960,-1141,-1234,-1221,-1111,-903,-637,-323,2,315,590,815,955,1025,1010,899,721,486,221,-62,-333,-564,-746,-851,-867,-804,-655,-444,-192,80,336,540,653,670,593,436,229,24,-376,-1039,-417,-567,-106,240,416,546,593,554,413,208,-36,-285,-511,-684,-778,-793,-722,-574,-369,-128,135,377,597,776,881,917,873,744,556,323,56,-233,-510,-741,-923,-1048,-1090,-1039,-904,-692,-416,-101,232,563,850,1091,1244,1295,1249,1108,865,542,183,-204,-592,-949,-1229,-1406,-1480,-1452,-1286,-1020,-677,-280,152,578,965,1266,1476,1571,1554,1402,1132,785,378,-59,-486,-884,-1209,-1436,-1554,-1550,-1421,-1203,-893,-516,-100,315,697,1021,1257,1406,1456,1393,1230,986,674,318,-54,-409,-741,-1012,-1207,-1323,-1334,-1254,-1091,-856,-572,-238,106,437,730,971,1156,1258,1264,1184,1030,804,528,202,-124,-439,-730,-965,-1141,-1236,-49,-1177,-1026,-804,-527,-214,125,450,748,1001,1183,1284,1300,1226,1072,831,525,189,-165,-518,-839,-1110,-1301,-1405,-1395,-1282,-1082,-795,-449,-68,323,687,1003,1236,1395,1444,1377,1217,975,640,269,-106,-484,-830,-1111,-1307,-1398,-1387,-1272,-1062,-775,-441,-84,284,619,903,1107,1235,1268,1209,1056,832,556,242,-77,-374,-646,-866,-1004,-1074,-1071,-988,-833,-630,-387,-125,142,392,602,766,863,908,884,794,654,474,262,35,-180,-380,-545,-670,-741,-759,-726,-637,-505,-337,-157,30,213,377,512,604,649,643,591,503,369,214,56,-112,-264,-395,-496,-555,-571,-545,-477,-368,-237,-93,57,207,338,443,-772,-959,-95,-485,-1141,-459,-513,-524,-489,-414,-299,-171,-22,126,267,389,478,522,525,489,406,293,154,-1,-152,-296,-417,-510,-555,-552,-502,-415,-300,-153,5,163,312,435,524,571,584,546,468,347,198,44,-128,-294,-434,-542,-613,-636,-617,-555,-452,-311,-143,36,222,392,531,646,701,714,679,586,452,280,90,-110,-319,-494,-643,-754,-812,-794,-724,-603,-434,-230,-1,217,427,610,745,821,847,802,703,553,361,145,-78,-298,-486,-642,-753,-808,-809,-752,-645,-496,-316,-120,85,278,446,587,695,758,768,728,643,517,364,187,-2,-198,-375,-531,-668,-751,-792,-784,-726,-618,-478,-284,-71,147,-568,563,724,843,911,918,859,729,551,331,76,-182,-447,-677,-871,-1005,-1059,-1044,-953,-791,-569,-299,-3,296,580,820,1005,1127,1170,1114,990,783,510,213,-107,-431,-731,-962,-1126,-1234,-1226,-1135,-974,-743,-451,-118,220,533,823,1056,1206,1286,1265,1153,971,697,378,30,-334,-669,-960,-1198,-1346,-1384,-1328,-1166,-906,-577,-207,197,572,913,1190,1367,1435,1389,1222,962,618,227,-169,-553,-880,-1138,-1294,-1343,-1277,-1097,-847,-538,-194,163,495,775,977,1098,1122,1060,920,696,429,138,-166,-441,-668,-835,-926,-937,-857,-713,-508,-249,23,290,525,694,788,787,690,510,275,21,-216,-398,-494,-493,1380,1000,247,-754,-933,398,310,133,-86,-319,-525,-659,-714,-678,-557,-360,-123,130,379,594,749,838,849,779,650,445,197,-62,-330,-572,-770,-913,-987,-984,-888,-721,-498,-224,83,391,671,910,1084,1178,1182,1085,902,645,318,-45,-406,-746,-1050,-1252,-1370,-1388,-1301,-1094,-788,-420,-24,395,795,1120,1368,1515,1541,1448,1231,919,535,107,-324,-751,-1103,-1377,-1542,-1583,-1505,-1311,-1012,-651,-236,200,615,969,1260,1441,1513,1473,1328,1087,766,400,2,-388,-739,-1029,-1243,-1369,-1391,-1317,-1154,-910,-614,-272,91,440,754,1003,1185,1285,1292,1214,1049,823,544,219,-117,-441,-733,-973,-1149,-1245,-1241,-1175,-1014,-791,-511,-194,425,441,735,979,1156,1255,1267,1188,1040,817,533,208,-139,-478,-783,-1048,-1232,-1334,-1347,-1262,-1081,-822,-505,-145,238,599,920,1182,1357,1433,1399,1264,1035,740,383,-17,-410,-758,-1065,-1293,-1409,-1429,-1348,-1162,-890,-554,-179,200,569,883,1135,1287,1352,1313,1174,951,665,336,-13,-350,-648,-887,-1067,-1167,-1176,-1101,-954,-730,-463,-181,113,388,626,808,934,988,974,882,736,543,322,86,-166,-388,-571,-708,-804,-833,-801,-714,-577,-405,-208,-5,196,378,530,635,690,697,653,566,438,280,104,-72,-239,-386,-509,-576,-611,-594,-532,-435,-306,-158,0,156,304,420,495,535,540,499,419,306,603,138
10899,mtk,MTK 7916,4083831776,rx1-tx1,512,0,0,0,270,409,432,337,156,-71,-289,-422,-431,-321,-128,100,295,408,403,288,98,-119,-309,-409,-382,-246,-53,145,314,383,329,192,-4,-195,-318,-353,-286,-129,59,232,342,343,231,53,-133,-285,-357,-322,-186,6,204,344,386,313,142,-78,-274,-408,-418,-291,-83,155,360,469,447,297,48,-226,-433,-532,-487,-299,-16,279,505,596,522,301,-15,-330,-564,-658,-567,-316,28,369,612,702,606,337,-23,-386,-656,-754,-654,-379,6,391,677,782,685,406,20,-370,-665,-786,-706,-441,-51,339,625,756,689,442,82,-296,-590,-719,-653,-431,-98,260,534,659,613,402,77,-252,-501,0,-555,-357,-64,241,474,569,515,317,30,-258,-467,-544,-469,-262,14,287,481,544,449,230,-50,-326,-515,-564,-466,-243,57,343,539,591,494,269,-35,-330,-535,-605,-527,-316,-26,268,492,586,537,356,89,-185,-404,-513,-499,-366,-147,98,304,418,416,306,133,-51,-202,-283,-288,-226,-104,37,148,197,186,117,15,-80,-138,-145,-95,-6,83,150,184,157,70,-46,-150,-223,-242,-192,-94,33,155,241,271,226,123,-5,-139,-234,-265,-236,-156,-36,91,190,237,227,154,45,-64,-159,-212,-206,-151,-65,38,127,181,190,158,93,8,-75,-139,-170,-165,-127,-71,-11,43,0,0,0,0,0,-86,-33,44,129,202,240,233,179,76,-59,-191,-286,-329,-299,-192,-31,145,299,388,386,287,114,-98,-301,-439,-469,-389,-207,45,295,476,549,487,292,11,-286,-522,-628,-583,-385,-79,259,552,715,686,485,162,-209,-554,-764,-774,-590,-266,141,527,779,833,677,344,-81,-492,-772,-848,-716,-395,24,440,752,861,738,427,3,-427,-741,-867,-770,-460,-27,414,736,870,782,481,51,-389,-721,-863,-782,-496,-75,364,689,840,778,501,94,-332,-671,-819,-746,-481,-87,329,651,796,722,448,63,-325,-629,-770,-691,-420,-36,356,639,745,658,380,-7,-385,-652,-749,-644,-357,0,425,686,769,649,343,-67,-463,-726,-797,-649,-327,89,490,760,831,675,331,-100,-516,-797,-858,-691,-346,96,515,792,857,686,327,-116,-519,-797,-855,-678,-323,110,519,785,833,656,298,-135,-516,-765,-802,-616,-256,168,535,748,760,562,208,-197,-544,-745,-731,-511,-159,230,554,721,684,459,102,-279,-574,-712,-651,-414,-57,316,594,707,627,367,8,-342,-602,-697,-600,-347,2,355,607,683,564,305,-26,-352,-582,-644,-527,-276,45,354,546,583,463,221,-80,-348,-521,-541,-406,-176,102,352,488,482,345,118,-142,-358,-463,-432,-277,-56,177,363,445,395,233,14,-211,0,0,0,0,0,-342,-168,62,275,412,433,328,141,-84,-291,-413,-420,-309,-115,108,304,411,398,269,71,-143,-309,-387,-355,-227,-35,164,309,363,309,162,-28,-205,-326,-351,-260,-89,98,262,352,338,223,34,-170,-313,-364,-311,-154,52,246,376,402,305,106,-125,-325,-435,-423,-292,-73,186,404,504,466,293,24,-257,-475,-560,-494,-297,-4,306,533,621,543,309,-21,-356,-599,-678,-578,-330,21,377,627,720,627,357,-18,-395,-674,-771,-663,-385,-4,382,671,783,682,411,41,-348,-648,-771,-693,-437,-68,317,610,734,676,447,92,-275,-558,-684,-632,-417,-96,249,517,635,586,388,0,-244,-486,-589,-529,-331,-50,245,468,561,495,286,4,-273,-474,-540,-458,-252,28,308,503,557,456,229,-58,-334,-527,-585,-486,-249,53,339,536,603,516,288,-10,-306,-524,-606,-536,-340,-66,226,449,554,521,362,123,-142,-361,-477,-468,-348,-155,61,246,348,351,269,130,-25,-159,-239,-238,-165,-58,51,131,159,126,54,-35,-120,-163,-142,-71,22,121,193,206,166,78,-47,-164,-239,-254,-205,-106,20,150,245,276,239,143,16,-112,-212,-259,-241,-163,-46,78,174,225,218,155,61,-41,-135,-191,-193,-150,-75,13,102,166,187,161,107,33,-42,-102,-136,-143,-124,0,0,0,0,0,-125,-168,-190,-170,-102,-8,99,202,274,291,247,140,-15,-178,-303,-363,-345,-242,-70,126,298,410,427,342,160,-75,-301,-458,-510,-442,-254,14,292,503,597,537,335,41,-280,-533,-662,-636,-441,-117,245,558,746,737,542,215,-182,-547,-773,-812,-648,-312,115,510,774,845,703,383,-45,-460,-751,-850,-726,-416,8,431,740,864,761,443,13,-417,-745,-872,-764,-466,-39,400,731,872,785,482,61,-362,-701,-859,-783,-501,-88,347,684,830,760,499,95,-332,-665,-807,-731,-468,-77,328,630,766,707,442,51,-342,-642,-768,-680,-407,-24,359,641,747,654,370,-17,-403,-682,0,-660,-359,48,447,721,799,655,328,-86,-481,-753,-821,-670,-330,101,506,779,844,681,330,-114,-519,-787,-848,-686,-332,114,528,798,859,683,325,-109,-523,-790,-849,-677,-314,133,527,771,816,638,277,-154,-530,-758,-782,-590,-239,177,539,738,738,532,184,-208,-547,-733,-706,-481,-121,266,564,711,677,438,73,-304,-588,-710,-636,-383,-28,334,600,702,612,346,-11,-358,-605,-687,-588,-328,28,367,587,656,554,293,-40,-353,-560,-609,-494,-243,67,346,531,568,445,200,-86,-345,-502,-511,-372,-137,123,349,477,464,321,89,-162,-360,-457,-420,-266,-46,187,369,442,385,0,0
10900,mtk,MTK 7916,4083831776,rx2-tx0,512,0,0,0,-450,-345,-140,109,330,462,466,334,98,-170,-390,-503,-478,-315,-56,228,450,543,484,291,7,-285,-498,-576,-488,-252,53,347,552,596,478,231,-91,-393,-585,-613,-469,-182,162,458,627,619,433,116,-240,-530,-677,-626,-395,-49,321,608,722,633,360,-33,-426,-696,-780,-650,-327,106,514,788,850,674,303,-164,-587,-861,-909,-704,-294,203,651,929,951,714,287,-224,-692,-977,-994,-742,-287,254,726,1001,1006,738,274,-262,-732,-1008,-1014,-741,-263,279,740,999,996,723,251,-284,-728,-971,-951,-677,-226,287,710,942,916,633,191,-298,-701,-905,-858,-575,-130,342,705,874,803,0,67,-391,-735,-869,-763,-448,-1,447,769,875,737,392,-66,-515,-818,-902,-743,-368,119,573,872,938,749,350,-152,-619,-926,-986,-777,-353,176,657,964,1022,798,357,-175,-670,-995,-1050,-818,-367,185,692,1009,1059,830,379,-183,-697,-1025,-1085,-857,-393,174,688,1027,1098,879,427,-143,-676,-1030,-1110,-906,-470,90,625,993,1104,929,520,-20,-551,-931,-1065,-929,-556,-51,453,829,991,896,573,117,-357,-730,-908,-856,-581,-168,271,635,826,802,579,218,-187,-533,-740,-757,-591,-284,89,429,651,711,604,357,35,-286,-529,-649,-629,-474,-234,45,306,487,562,529,407,230,47,-112,0,0,0,0,0,196,17,-192,-406,-575,-649,-600,-424,-146,179,484,702,773,665,401,36,-352,-676,-845,-811,-575,-192,250,646,893,922,722,329,-164,-631,-953,-1046,-868,-462,73,609,1011,1166,1019,604,26,-580,-1054,-1266,-1155,-755,-150,507,1054,1340,1288,898,271,-431,-1036,-1386,-1383,-1024,-397,343,999,1390,1436,1118,504,-239,-926,-1376,-1460,-1177,-588,151,848,1320,1445,1198,642,-76,-769,-1259,-1414,-1199,-673,24,706,1192,1363,1176,678,12,-646,-1128,-1308,-1138,-671,-31,608,1075,1248,1095,652,45,-567,-1017,-1195,-1049,-627,-42,545,976,1138,996,597,40,-523,-932,-1086,-947,-556,-22,508,893,1028,890,518,0,-505,-855,-981,-838,-466,22,492,830,937,783,424,-43,-494,-799,-884,-729,-376,76,498,772,831,665,314,-113,-496,-734,-767,-588,-252,144,484,692,700,505,173,-200,-512,-673,-641,-430,-104,246,520,645,572,337,20,-297,-531,-606,-505,-264,51,349,537,571,442,184,-126,-394,-543,-532,-371,-100,195,430,542,494,307,31,-260,-473,-545,-463,-246,40,314,491,533,424,190,-92,-346,-503,-519,-379,-133,142,375,504,483,325,80,-184,-395,-495,-452,-278,-28,223,411,485,414,227,-21,-263,-427,-464,-366,-169,77,299,428,431,313,106,-127,-325,-427,-401,-261,-43,194,375,437,0,0,0,0,0,-77,-298,-442,-459,-341,-122,137,364,492,479,326,77,-195,-418,-525,-482,-302,-32,256,478,560,486,275,-18,-309,-518,-585,-483,-243,69,367,565,605,471,207,-124,-432,-613,-614,-441,-143,198,493,653,624,412,77,-286,-575,-705,-632,-374,-9,374,653,748,637,343,-61,-464,-747,-822,-671,-317,137,560,832,886,696,302,-179,-617,-895,-928,-708,-295,213,672,951,971,729,284,-237,-704,-985,-996,-733,-271,265,731,1009,1018,745,271,-267,-735,-1005,-1000,-724,-259,276,732,984,970,696,239,-280,-723,-962,-938,-667,-214,290,706,924,890,607,160,-317,-700,-889,-837,-544,-100,357,0,875,784,475,31,-419,-747,-868,-751,-419,39,480,793,890,734,377,-93,-547,-855,-923,-739,-353,137,601,905,967,761,342,-167,-634,-941,-996,-784,-353,177,665,982,1037,813,365,-187,-688,-1007,-1058,-829,-376,179,689,1020,1075,845,385,-175,-690,-1025,-1094,-875,-415,159,687,1038,1111,891,448,-113,-655,-1018,-1110,-922,-498,58,594,969,1087,926,537,16,-506,-881,-1028,-910,-563,-83,408,787,957,879,580,140,-319,-682,-867,-827,-578,-191,235,591,787,779,574,242,-136,-479,-694,-730,-589,-316,29,360,597,689,623,418,129,-181,-443,-596,-618,-522,-331,-96,136,319,420,438,386,0,0,0,0,0,417,505,513,419,230,-28,-310,-555,-699,-707,-564,-286,65,417,685,805,743,497,119,-300,-652,-859,-861,-648,-262,208,639,919,982,796,399,-113,-621,-985,-1103,-942,-537,21,590,1026,1211,1090,680,88,-541,-1054,-1310,-1230,-828,-208,479,1056,1373,1339,963,337,-385,-1012,-1394,-1419,-1074,-455,281,957,1389,1451,1141,551,-183,-875,-1345,-1468,-1199,-617,117,810,1290,1431,1201,662,-48,-734,-1221,-1384,-1184,-676,4,672,1155,1335,1160,681,24,-635,-1112,-1281,-1113,-659,-37,586,1048,1221,1066,636,43,-557,-993,-1161,-1028,-618,-45,528,949,1106,969,582,39,-507,-908,-1056,-917,-534,-16,499,879,0,860,491,-8,-502,-845,-958,-813,-449,32,494,817,914,759,402,-57,-498,-792,-862,-701,-350,93,499,756,799,623,285,-127,-496,-719,-738,-549,-214,171,505,688,672,469,135,-232,-521,-655,-606,-393,-65,279,530,620,538,304,-14,-323,-539,-592,-471,-225,80,365,543,561,410,138,-168,-414,-540,-513,-337,-66,223,452,548,480,276,-2,-282,-484,-541,-444,-222,64,330,500,527,403,165,-118,-364,-504,-501,-358,-109,169,391,497,468,304,52,-210,-409,-488,-427,-249,-4,246,419,469,393,198,-54,-281,-421,-445,-344,-138,106,314,433,423,287,72,-161,-345,-428,-392,-234,-3,0,0
10901,mtk,MTK 7916,4083831776,rx2-tx1,512,0,0,0,56,19,-22,-56,-67,-51,-19,16,44,61,64,39,-2,-38,-66,-78,-65,-38,-1,43,76,85,73,41,-1,-42,-72,-79,-67,-45,-9,23,42,53,53,38,21,-1,-18,-22,-25,-24,-14,-15,-23,-20,-10,0,13,33,54,62,59,39,3,-47,-90,-113,-114,-86,-33,45,115,154,161,124,49,-44,-128,-187,-206,-171,-84,30,139,219,243,198,105,-18,-145,-242,-278,-240,-134,7,153,262,303,264,157,16,-137,-260,-315,-281,-179,-26,137,254,306,287,182,25,-134,-253,-307,-280,-176,-18,136,252,302,265,153,-3,-149,-261,-306,-259,-137,19,173,279,306,0,107,-58,-214,-314,-324,-244,-95,88,253,352,354,257,87,-116,-296,-401,-407,-293,-95,132,331,448,440,315,107,-135,-358,-494,-490,-356,-123,148,384,528,535,392,144,-145,-405,-569,-581,-434,-166,149,437,621,645,496,212,-125,-443,-657,-706,-570,-285,72,425,681,756,637,360,-7,-374,-655,-777,-697,-434,-69,311,614,762,722,500,147,-241,-562,-744,-729,-533,-214,154,486,694,720,568,279,-73,-401,-628,-690,-572,-319,-4,316,558,662,604,396,93,-222,-472,-609,-596,-442,-191,97,364,542,594,511,311,52,-205,-414,-539,-546,-444,-265,-49,154,313,405,417,363,260,0,0,0,0,0,-51,-150,-231,-285,-293,-246,-148,-16,132,265,351,363,298,167,-8,-192,-333,-404,-383,-270,-87,123,310,429,445,349,157,-76,-300,-463,-516,-438,-248,20,295,507,603,550,350,55,-265,-534,-682,-668,-482,-166,201,534,751,792,637,315,-95,-486,-765,-877,-777,-475,-47,396,748,915,863,604,186,-283,-680,-906,-907,-692,-312,155,589,864,929,768,410,-47,-484,-800,-907,-790,-479,-46,391,722,868,790,510,106,-326,-663,-824,-776,-532,-146,275,611,783,756,532,171,-234,-572,-754,-734,-524,-183,207,540,729,728,536,202,-182,-516,-710,-719,-536,-218,152,486,691,711,547,0,-132,-461,-662,-688,-537,-243,118,443,649,680,531,241,-112,-434,-643,-675,-526,-235,118,438,637,666,520,224,-128,-444,-649,-681,-524,-228,124,446,656,694,541,239,-121,-445,-657,-699,-551,-262,91,422,645,693,558,276,-77,-410,-629,-680,-559,-292,48,372,597,667,562,309,-21,-337,-558,-628,-531,-301,1,298,511,586,510,301,19,-257,-463,-546,-486,-298,-42,217,411,496,451,291,62,-171,-351,-435,-404,-269,-73,131,294,371,347,238,74,-103,-242,-310,-294,-202,-64,79,192,248,242,177,62,-59,-149,-196,-187,-129,-44,48,118,146,135,93,23,-45,-92,-109,-100,0,0,0,0,0,43,62,61,37,0,-39,-59,-58,-41,-12,24,59,77,68,35,-5,-43,-74,-84,-70,-41,1,43,69,77,72,47,12,-26,-58,-74,-70,-45,-12,16,30,34,33,33,26,15,6,1,-2,-6,-17,-30,-40,-47,-46,-25,10,42,74,91,82,57,8,-51,-100,-132,-135,-106,-37,49,128,176,183,151,70,-41,-139,-205,-221,-183,-95,17,138,231,262,223,121,-13,-148,-254,-295,-252,-152,-8,142,259,308,277,168,19,-133,-256,-313,-280,-175,-27,128,250,309,281,175,27,-132,-256,-307,-276,-165,-12,143,258,299,258,145,-10,-163,-273,-306,-246,-119,37,0,296,315,245,101,-76,-235,-334,-339,-249,-92,98,276,381,377,275,83,-135,-319,-422,-420,-311,-111,131,349,472,464,333,114,-144,-367,-498,-501,-372,-136,145,396,544,550,416,161,-152,-426,-590,-610,-471,-191,149,448,641,679,534,248,-113,-445,-665,-725,-605,-329,33,403,682,778,672,400,22,-360,-645,-774,-716,-469,-103,274,580,755,734,522,185,-189,-521,-709,-715,-551,-254,115,450,656,698,571,304,-39,-360,-591,-678,-592,-361,-43,277,521,636,595,412,139,-160,-416,-574,-599,-482,-246,37,298,492,575,534,378,150,-89,-303,-450,-504,-467,-354,-190,-14,132,240,0,0,0,0,0,221,202,144,47,-74,-200,-298,-345,-325,-240,-104,64,230,346,383,346,228,40,-160,-322,-414,-412,-310,-128,98,306,442,474,394,207,-48,-299,-482,-559,-495,-298,-19,280,523,641,604,420,118,-239,-545,-719,-730,-564,-247,150,522,777,846,707,385,-35,-448,-764,-904,-820,-527,-116,334,719,931,905,658,256,-208,-624,-891,-939,-746,-364,101,530,828,922,779,446,9,-432,-763,-899,-793,-493,-77,353,692,851,784,516,125,-295,-632,-802,-761,-531,-165,241,585,767,742,522,176,-213,-548,-738,-739,-538,-194,193,530,721,724,543,213,-167,-496,-701,-723,-548,-231,138,473,0,704,539,235,-129,-453,-654,-686,-537,-243,111,439,648,679,532,244,-116,-443,-645,-671,-516,-233,116,443,649,673,524,230,-128,-455,-659,-684,-529,-232,126,449,658,694,541,249,-103,-432,-650,-692,-550,-270,79,408,631,689,561,282,-64,-391,-613,-671,-555,-297,32,353,579,651,554,311,-11,-318,-534,-607,-524,-308,-7,284,488,569,505,307,33,-238,-438,-524,-470,-294,-54,197,387,467,425,280,69,-148,-319,-401,-375,-253,-72,116,266,341,325,223,70,-89,-212,-272,-264,-189,-69,63,170,221,207,144,52,-51,-135,-170,-159,-111,-38,42,103,130,117,78,22,-36,0,0
10902,mtk,MTK 7916,4083862090,rx0-tx0,512,557,-28,-212,-536,-592,-638,-680,-709,-726,-740,-748,-746,-727,-697,-663,-616,-561,-494,-421,-335,-245,-140,-32,81,195,312,432,539,646,732,811,887,931,959,971,964,936,882,812,734,636,520,403,277,139,1,-130,-256,-377,-482,-581,-666,-729,-774,-805,-826,-834,-824,-801,-767,-712,-655,-587,-513,-436,-350,-263,-169,-74,12,93,174,247,310,369,419,464,502,527,541,552,559,549,533,515,495,468,423,375,320,277,228,172,107,34,-29,-95,-153,-200,-248,-286,-323,-353,-372,-388,-394,-396,-392,-373,-346,-322,-291,-262,-237,-205,-168,-132,-99,-68,-40,-9,17,34,62,93,110,135,165,-588,208,211,224,239,239,245,234,225,217,202,180,163,137,110,79,47,29,-3,-34,-58,-83,-97,-112,-133,-134,-128,-131,-126,-115,-99,-77,-64,-52,-34,-20,-6,5,14,14,10,4,-8,-22,-47,-64,-83,-106,-122,-146,-165,-179,-190,-191,-183,-171,-150,-121,-86,-45,6,56,106,156,205,246,285,318,356,372,372,375,366,347,321,282,232,189,135,75,9,-53,-114,-173,-229,-267,-301,-340,-371,-386,-401,-394,-381,-368,-336,-302,-258,-213,-160,-115,-65,-3,50,99,147,193,237,274,300,323,336,342,332,314,293,253,200,137,71,2,-66,-126,-174,-209,-225,-217,434,324,587,-282,-277,221,254,268,255,223,165,95,17,-75,-158,-239,-313,-376,-418,-448,-465,-459,-432,-399,-354,-296,-224,-138,-50,36,131,220,299,374,442,494,528,550,561,557,539,501,441,373,306,223,136,49,-41,-131,-214,-286,-361,-412,-452,-480,-491,-500,-492,-462,-428,-374,-323,-276,-224,-165,-106,-49,6,54,106,145,177,211,231,249,259,258,260,247,239,229,205,181,150,124,97,71,43,18,3,-24,-41,-43,-47,-47,-39,-22,-15,-9,5,22,40,51,54,58,57,60,49,42,27,8,-14,-40,-71,-105,-135,-164,-199,-224,-245,-272,-284,-288,-292,-290,-272,-247,-220,-192,-291,-120,-71,-14,37,88,146,207,265,307,344,383,419,437,447,458,450,434,418,386,348,302,253,206,148,94,30,-31,-85,-142,-192,-233,-281,-320,-356,-386,-411,-449,-483,-502,-518,-535,-537,-539,-539,-523,-495,-465,-417,-373,-310,-238,-161,-70,28,127,222,326,429,528,620,708,778,840,888,916,925,922,901,853,790,720,626,509,382,255,120,-28,-177,-320,-453,-583,-705,-812,-907,-980,-1036,-1065,-1076,-1068,-1030,-984,-919,-828,-718,-603,-478,-344,-207,-59,82,215,344,460,571,667,750,813,857,885,899,906,889,849,810,753,682,605,524,440,345,252,159,64,-29,-126,-137,-200,525,-606,-582,-494,-425,-361,-288,-206,-118,-29,60,147,228,307,394,483,562,631,692,749,798,835,853,860,854,839,797,742,668,578,483,366,235,112,-23,-159,-296,-428,-545,-656,-755,-827,-878,-920,-951,-954,-939,-905,-847,-777,-698,-611,-509,-400,-287,-181,-75,39,144,248,338,416,492,558,613,658,683,699,698,681,667,642,603,557,506,446,382,315,250,186,121,48,-19,-82,-137,-196,-258,-310,-351,-382,-415,-452,-473,-488,-486,-481,-473,-450,-426,-394,-352,-306,-249,-191,-139,-90,-42,7,61,99,139,177,205,226,244,253,257,261,267,271,275,263,254,250,232,213,203,182,321,141,114,94,61,35,8,-31,-53,-86,-116,-133,-152,-177,-199,-211,-210,-210,-213,-197,-184,-163,-137,-123,-98,-68,-49,-37,-14,7,27,38,42,46,48,38,31,26,8,-10,-28,-41,-51,-60,-73,-75,-73,-66,-49,-29,-2,29,58,96,129,159,200,237,268,286,299,303,306,298,275,240,198,158,111,46,-11,-68,-124,-177,-228,-278,-316,-351,-383,-399,-403,-402,-394,-379,-340,-298,-255,-209,-152,-95,-38,31,81,136,182,225,265,303,328,340,358,356,349,337,318,292,256,214,165,111,58,0,-61,-117,-169,-222,-262,-292,-310,-309,-290,-253,-207,-153,-85,-26,-318,-446,-258,-12,83,54,-9,-87,-166,-241,-305,-349,-382,-388,-370,-339,-292,-226,-150,-70,18,104,189,270,346,406,459,493,514,525,517,486,445,395,337,259,178,87,-7,-101,-190,-279,-361,-424,-477,-521,-551,-564,-566,-543,-501,-460,-403,-331,-263,-185,-109,-36,48,121,188,245,287,331,363,374,373,372,364,355,334,296,264,232,197,159,109,70,34,-5,-29,-65,-94,-114,-134,-138,-146,-153,-155,-141,-133,-118,-97,-78,-64,-41,-26,-18,-12,-7,0,1,-2,-11,-27,-41,-56,-77,-98,-123,-145,-162,-171,-176,-176,-172,-159,-151,-133,-106,-81,-47,-1,41,77,123,170,212,248,284,374,351,375,384,387,388,376,357,326,292,255,210,154,92,39,-26,-95,-150,-212,-269,-319,-357,-389,-422,-446,-465,-478,-471,-461,-446,-420,-401,-375,-347,-315,-271,-229,-188,-141,-91,-40,22,79,135,201,279,348,420,487,543,604,646,685,716,740,748,741,720,682,634,567,486,392,291,176,55,-68,-189,-322,-455,-571,-682,-787,-874,-936,-988,-1029,-1046,-1039,-1005,-954,-884,-801,-701,-584,-456,-314,-163,-14,137,285,421,554,673,773,864,936,983,1013,1022,1010,984,940,879,797,699,594,483,370,253,135,14,-111,-214,-307,-409,-494,-565,-629,-685,-729,-747,-764,-766,-759,-746,-233,-181
10903,mtk,MTK 7916,4083862090,rx0-tx1,512,-760,-903,-762,-14,104,220,344,470,586,696,798,894,976,1036,1079,1113,1127,1120,1095,1044,975,886,778,665,534,395,241,81,-86,-256,-419,-576,-725,-858,-980,-1086,-1176,-1242,-1292,-1323,-1326,-1305,-1263,-1198,-1108,-1004,-886,-750,-603,-445,-280,-115,54,227,392,550,696,835,957,1059,1150,1217,1270,1304,1310,1301,1271,1219,1144,1055,949,831,699,551,406,253,92,-66,-219,-370,-512,-643,-762,-866,-958,-1040,-1108,-1147,-1171,-1179,-1163,-1132,-1082,-1019,-934,-845,-751,-641,-521,-395,-268,-132,-2,124,250,364,472,573,670,750,821,887,938,973,995,1002,995,984,956,912,860,797,715,623,517,408,289,161,-430,-109,-244,-370,-510,-632,-750,-855,-947,-1024,-1079,-1124,-1148,-1147,-1122,-1082,-1016,-933,-825,-704,-576,-420,-261,-112,52,215,367,522,661,780,893,982,1054,1101,1124,1125,1101,1058,994,910,817,712,587,458,320,178,45,-95,-228,-341,-458,-551,-633,-706,-758,-794,-820,-831,-821,-797,-763,-716,-660,-600,-523,-448,-379,-288,-190,-104,-20,65,145,219,286,352,410,451,489,521,535,550,551,530,515,489,443,407,358,303,253,196,139,77,15,-43,-94,-146,-191,-229,-267,-298,-323,-345,-359,-363,-363,-353,-334,-308,-277,-235,-190,-144,-93,-36,24,80,136,187,224,249,257,247,220,187,-783,-903,-195,462,855,-260,-299,-311,-299,-264,-214,-150,-72,12,99,181,253,317,372,419,450,465,475,470,452,431,394,348,296,232,164,91,13,-59,-144,-216,-287,-365,-433,-499,-555,-605,-641,-664,-680,-678,-667,-641,-598,-539,-468,-392,-287,-182,-73,43,162,284,410,525,623,709,789,850,889,916,921,904,865,810,734,646,546,427,299,170,43,-84,-212,-331,-447,-553,-637,-704,-763,-804,-825,-837,-842,-815,-774,-722,-657,-595,-520,-433,-342,-255,-163,-69,24,112,195,269,341,402,457,504,544,572,595,608,613,610,605,592,565,535,505,465,417,367,317,254,189,123,54,-21,-97,-175,230,-318,-389,-455,-513,-559,-604,-649,-673,-683,-685,-677,-661,-631,-586,-531,-468,-398,-323,-238,-152,-60,35,120,205,283,363,436,492,539,582,619,638,649,649,640,621,594,560,523,476,421,360,302,236,176,114,50,-11,-70,-124,-177,-229,-275,-321,-358,-389,-427,-451,-475,-498,-512,-527,-527,-531,-529,-518,-509,-492,-464,-432,-391,-344,-297,-239,-177,-116,-49,21,94,161,235,306,365,425,483,536,573,608,643,661,665,668,659,640,614,584,545,493,436,373,303,227,151,66,-17,-104,-194,-276,-356,-432,-506,-578,-640,-691,-740,-776,-796,-810,-813,-808,-791,-756,-714,-658,-586,-852,-511,136,328,580,956,959,958,940,894,832,763,681,585,463,334,204,63,-82,-226,-374,-518,-657,-786,-901,-1002,-1090,-1161,-1216,-1242,-1248,-1231,-1193,-1139,-1059,-960,-847,-719,-571,-414,-250,-79,92,258,421,587,741,876,998,1105,1195,1260,1305,1327,1335,1316,1273,1213,1134,1036,917,790,650,501,345,175,14,-147,-303,-460,-610,-747,-872,-981,-1077,-1147,-1199,-1241,-1258,-1255,-1231,-1190,-1130,-1051,-959,-850,-733,-602,-463,-324,-185,-37,116,254,384,517,636,737,829,911,975,1020,1051,1068,1064,1055,1028,981,927,859,778,686,590,485,376,265,150,32,-82,-201,-321,-435,-538,-638,-732,-817,-894,-955,-1009,-1040,-1099,-1068,-1047,-1020,-976,-907,-825,-721,-600,-470,-334,-189,-34,128,281,428,571,706,831,930,1020,1096,1134,1162,1171,1149,1109,1047,958,853,729,597,459,309,153,-9,-164,-314,-454,-581,-692,-794,-877,-930,-975,-990,-993,-984,-944,-892,-825,-742,-656,-552,-438,-331,-225,-112,-2,100,198,289,374,454,523,565,605,642,652,658,663,655,632,593,549,502,444,382,313,236,168,101,22,-48,-108,-179,-236,-281,-327,-359,-386,-412,-428,-436,-431,-421,-407,-387,-357,-326,-290,-243,-196,-147,-96,-42,6,58,108,158,205,243,270,295,317,323,319,300,274,232,179,125,61,0,-55,-99,-474,-242,364,-894,-561,-54,5,86,167,245,310,364,402,418,419,398,361,316,260,193,118,44,-29,-108,-177,-243,-309,-367,-423,-470,-499,-525,-537,-547,-545,-524,-507,-469,-422,-363,-295,-221,-140,-56,38,139,232,329,426,518,595,671,742,781,813,826,822,803,765,699,620,535,431,309,188,60,-74,-212,-343,-462,-575,-669,-760,-834,-882,-907,-919,-911,-882,-837,-788,-713,-620,-521,-417,-305,-191,-83,34,150,251,349,435,509,581,637,673,702,721,729,718,700,668,625,580,524,469,404,346,280,211,136,61,-8,-75,-144,-210,-263,-320,-378,-431,-475,-521,-554,-582,-599,-618,-626,-621,-608,-198,-568,-524,-473,-417,-356,-292,-208,-117,-35,49,134,221,312,389,460,523,582,632,668,692,704,702,690,667,637,595,538,476,407,334,254,173,95,18,-61,-135,-209,-274,-332,-389,-443,-481,-512,-536,-547,-562,-563,-556,-544,-529,-510,-484,-454,-425,-386,-351,-306,-261,-218,-167,-116,-62,-11,36,95,149,205,265,318,369,421,461,505,543,569,589,605,616,613,602,587,557,520,482,433,371,309,248,178,95,17,-58,-136,-212,-284,-354,-425,-489,-545,-597,-642,-675,-700,-719,-726,-727,-716,-693,-660,-620,-573,-511,-439,-363,-282,-195,-105,-11,89,183,283,377,470,560,647,-499,-838
10904,mtk,MTK 7916,4083862090,rx1-tx0,512,-144,-1296,-1464,-499,-516,-525,-518,-494,-457,-414,-358,-299,-226,-147,-67,18,102,187,267,337,399,447,493,523,539,551,536,510,477,431,373,308,233,155,74,-14,-105,-191,-269,-342,-413,-474,-521,-566,-598,-612,-617,-611,-594,-563,-516,-459,-396,-325,-238,-155,-65,33,127,224,317,402,488,563,626,680,720,751,764,762,750,720,670,610,532,442,347,239,122,5,-103,-215,-331,-440,-535,-614,-689,-744,-797,-828,-834,-827,-802,-764,-714,-651,-574,-499,-417,-321,-222,-117,-20,75,171,262,348,429,505,567,618,665,707,735,752,760,760,752,726,684,637,591,524,447,368,271,173,68,231,-154,-269,-380,-498,-602,-694,-784,-863,-924,-966,-995,-1009,-1002,-969,-924,-855,-769,-664,-545,-416,-267,-116,33,191,350,499,646,780,896,1003,1089,1152,1193,1208,1199,1164,1117,1045,943,835,708,561,407,239,71,-101,-273,-438,-599,-758,-892,-1013,-1113,-1199,-1267,-1310,-1330,-1322,-1295,-1235,-1141,-1020,-892,-733,-553,-372,-157,58,269,482,686,871,1040,1181,1294,1372,1415,1430,1405,1344,1252,1125,967,794,605,402,207,-3,-202,-381,-555,-707,-843,-948,-1025,-1077,-1109,-1096,-1051,-1000,-926,-823,-700,-567,-415,-259,-99,57,209,360,496,614,704,767,808,809,770,694,590,452,293,130,-29,-169,-265,588,-104,-417,-833,-663,-409,-503,-563,-572,-543,-472,-359,-222,-65,96,250,390,523,638,733,798,844,859,844,810,755,682,581,458,327,183,39,-113,-265,-422,-569,-698,-824,-935,-1034,-1099,-1142,-1160,-1151,-1111,-1051,-970,-857,-716,-551,-370,-182,20,220,419,621,813,991,1163,1299,1398,1469,1510,1515,1481,1417,1304,1179,1027,836,633,409,174,-64,-297,-530,-737,-931,-1110,-1255,-1386,-1477,-1535,-1562,-1548,-1499,-1428,-1326,-1189,-1039,-873,-687,-488,-286,-77,125,327,508,674,832,969,1092,1193,1255,1305,1332,1333,1310,1267,1199,1103,990,873,733,584,433,268,103,-75,-243,-393,-541,-689,-822,-941,-1035,-1124,-1190,-1228,-1250,-49,-1231,-1191,-1126,-1049,-958,-840,-704,-554,-407,-240,-70,104,283,455,621,784,930,1052,1170,1266,1337,1375,1394,1387,1344,1286,1198,1082,943,779,603,412,208,7,-195,-394,-589,-770,-934,-1078,-1206,-1306,-1374,-1414,-1422,-1398,-1346,-1268,-1164,-1032,-888,-731,-560,-376,-193,-11,178,353,512,664,789,906,990,1058,1107,1124,1125,1101,1053,992,915,816,711,594,472,342,205,77,-58,-184,-297,-409,-501,-592,-663,-716,-757,-780,-795,-795,-772,-740,-689,-629,-562,-487,-407,-314,-214,-118,-18,80,171,259,333,405,470,519,556,581,597,601,588,561,523,476,421,356,285,210,132,46,-34,-112,-179,-241,-599,-95,668,-48,-151,-71,12,96,177,252,320,380,433,479,510,525,527,519,499,466,416,358,292,218,134,55,-32,-123,-202,-278,-353,-417,-474,-518,-544,-562,-571,-564,-543,-515,-480,-431,-365,-292,-216,-125,-39,45,134,218,303,383,451,514,579,622,653,675,684,680,663,628,583,529,458,384,297,201,99,-8,-112,-222,-332,-432,-522,-608,-674,-734,-783,-816,-832,-826,-811,-772,-715,-645,-566,-472,-371,-266,-152,-42,70,188,295,391,483,559,622,678,724,760,775,777,770,752,725,680,628,563,495,423,348,262,173,86,0,-88,-184,-280,-372,-450,-534,-610,-672,-734,-785,-820,-844,-568,-869,-849,-818,-774,-711,-637,-545,-430,-309,-186,-61,79,226,360,492,625,746,854,940,1017,1077,1107,1123,1116,1088,1041,971,873,758,627,488,335,172,3,-169,-330,-486,-643,-783,-902,-1017,-1108,-1179,-1229,-1254,-1260,-1237,-1190,-1125,-1037,-930,-807,-662,-501,-331,-152,32,216,400,588,766,920,1065,1200,1297,1371,1420,1424,1403,1359,1273,1159,1013,836,641,434,220,-3,-229,-445,-640,-821,-975,-1099,-1201,-1257,-1289,-1293,-1253,-1190,-1094,-974,-837,-679,-514,-347,-170,10,171,324,476,611,719,810,880,919,934,919,885,824,733,619,483,336,173,6,-160,-312,-447,-551,-608,-620,-589,-512,-404,1300,1428,247,-147,-521,-216,-118,22,178,332,481,598,684,739,755,731,681,605,500,374,237,95,-56,-202,-340,-475,-601,-720,-815,-891,-942,-968,-976,-965,-933,-864,-780,-678,-555,-414,-256,-91,83,259,438,609,780,932,1061,1169,1257,1319,1358,1351,1319,1253,1156,1032,879,693,500,297,70,-157,-383,-606,-818,-1004,-1181,-1321,-1435,-1520,-1571,-1582,-1562,-1501,-1403,-1280,-1124,-945,-752,-538,-319,-93,143,350,554,754,938,1088,1214,1317,1393,1444,1455,1437,1392,1322,1235,1127,994,855,683,508,335,147,-34,-211,-378,-546,-701,-835,-959,-1066,-1142,-1202,-1245,-1266,-1272,-1243,-1193,-1130,-1045,-942,-825,-692,-554,-400,-244,-82,425,244,405,561,702,837,963,1076,1161,1224,1271,1299,1308,1292,1243,1175,1090,978,855,706,538,356,174,-11,-216,-412,-599,-778,-937,-1082,-1207,-1308,-1393,-1436,-1446,-1434,-1391,-1319,-1218,-1093,-954,-793,-607,-413,-207,-7,190,381,570,749,900,1021,1126,1211,1270,1292,1294,1272,1217,1147,1046,929,802,654,506,341,178,24,-130,-270,-402,-534,-646,-740,-818,-880,-926,-943,-948,-939,-900,-858,-797,-725,-641,-539,-440,-330,-220,-110,8,119,219,310,393,473,543,600,642,662,675,681,666,642,603,552,495,429,348,264,176,92,3,-86,-168,-243,-313,-374,-433,-477,-508,-535,-545,-544,-527,-499,862,639
10905,mtk,MTK 7916,4083862090,rx1-tx1,512,0,0,0,-394,-204,70,310,422,356,140,-138,-356,-417,-306,-71,195,378,398,245,-4,-247,-381,-348,-173,72,285,369,287,87,-149,-320,-345,-216,7,217,336,310,139,-92,-278,-339,-249,-42,185,327,334,190,-49,-270,-373,-302,-94,153,342,390,259,10,-247,-408,-398,-206,86,350,471,387,127,-194,-446,-515,-371,-63,280,518,538,329,-32,-393,-601,-559,-280,124,484,651,552,220,-210,-568,-699,-536,-152,304,641,727,518,101,-376,-695,-736,-485,-38,430,721,724,443,-20,-473,-743,-707,-386,83,511,731,651,313,-140,-529,-707,-598,-256,181,535,670,529,172,-251,-556,-623,-438,0,294,546,567,351,-7,-356,-547,-509,-258,96,402,536,447,166,-187,-460,-540,-395,-81,265,504,534,341,7,-335,-552,-542,-306,55,398,589,538,278,-97,-429,-596,-531,-264,108,435,589,512,250,-102,-411,-548,-468,-214,101,361,475,405,190,-82,-301,-386,-318,-139,78,242,292,220,68,-94,-199,-201,-107,12,106,143,112,17,-87,-145,-118,-32,78,167,190,125,2,-134,-227,-225,-129,18,167,253,238,136,-16,-169,-261,-255,-150,9,157,241,231,133,-19,-149,-214,-197,-107,25,141,201,180,90,-24,-125,-179,-167,-90,19,117,166,157,102,21,-62,-121,-137,-104,0,0,0,0,0,60,-26,-119,-192,-216,-170,-59,90,224,293,260,127,-60,-232,-337,-328,-187,40,262,391,376,217,-32,-286,-440,-430,-250,36,325,496,481,269,-64,-389,-569,-530,-280,91,444,634,586,306,-112,-504,-704,-636,-313,143,555,762,680,315,-173,-596,-804,-699,-314,201,644,834,689,274,-247,-673,-839,-665,-224,305,713,833,619,150,-380,-758,-832,-572,-82,447,804,834,525,2,-517,-830,-810,-468,67,571,833,758,383,-142,-615,-829,-708,-307,216,646,810,650,219,-297,-678,-777,-561,-111,375,702,744,475,6,-456,-729,-692,-363,115,533,736,639,262,-228,-611,-739,-558,-140,0,677,743,497,28,-454,-746,-738,-418,77,546,793,715,336,-192,-640,-830,-682,-251,284,709,846,642,167,-383,-775,-849,-576,-73,461,806,824,505,-26,-545,-835,-773,-408,123,607,832,701,288,-232,-654,-808,-622,-175,339,710,779,518,46,-436,-735,-724,-406,74,524,756,659,285,-202,-597,-738,-571,-165,307,645,712,480,42,-410,-685,-671,-382,68,490,704,625,290,-169,-551,-699,-556,-192,249,583,671,483,103,-309,-590,-622,-394,-7,372,582,544,289,-75,-406,-561,-474,-195,154,429,522,390,92,-228,-442,-472,-300,0,290,449,413,203,-88,-338,-434,-345,-105,173,370,0,0,0,0,0,-171,-375,-421,-292,-41,232,405,398,224,-47,-292,-415,-368,-171,96,321,407,313,83,-176,-347,-369,-238,-9,217,348,327,163,-70,-268,-345,-265,-67,156,312,327,196,-22,-240,-349,-301,-123,114,308,356,246,29,-213,-360,-348,-181,76,311,413,335,108,-180,-396,-444,-303,-20,285,474,465,252,-83,-389,-539,-462,-185,178,479,583,449,124,-267,-562,-627,-427,-46,362,630,644,385,-41,-462,-697,-654,-345,108,529,743,655,301,-174,-583,-765,-632,-244,239,628,767,599,187,-297,-651,-743,-547,-129,336,655,707,480,65,-369,-640,-649,-405,1,404,632,590,313,-82,-433,0,-517,-221,155,464,580,444,129,-228,-485,-535,-359,-37,306,515,505,284,-55,-377,-537,-474,-211,138,438,561,449,153,-218,-500,-582,-436,-111,262,528,590,428,92,-283,-538,-578,-397,-69,284,528,562,386,65,-265,-478,-506,-336,-54,223,394,418,275,36,-193,-331,-327,-200,-10,158,240,221,106,-42,-142,-160,-105,-1,96,137,105,13,-96,-164,-154,-74,48,159,211,178,59,-89,-207,-248,-193,-57,100,219,256,199,65,-93,-219,-259,-196,-64,88,203,231,171,48,-88,-185,-211,-155,-42,83,173,194,136,32,-81,-159,-177,-133,-47,49,122,158,139,78,1,-66,0,0,0,0,0,138,169,148,69,-50,-169,-245,-247,-160,-6,165,289,315,230,60,-150,-315,-371,-291,-90,159,358,427,332,100,-182,-411,-488,-375,-113,208,466,550,411,111,-252,-535,-617,-452,-105,299,605,681,488,96,-345,-666,-734,-513,-89,386,727,787,538,68,-432,-762,-809,-530,-32,478,790,795,482,-23,-516,-809,-778,-441,79,574,834,759,377,-159,-628,-845,-729,-311,236,683,853,689,243,-301,-728,-857,-642,-170,372,760,834,579,94,-426,-772,-799,-497,-2,487,779,743,409,-82,-541,-771,-677,-309,187,599,754,597,194,-292,-657,-739,-513,-75,397,702,713,424,-39,-495,-742,0,-328,149,575,768,633,233,-272,-673,-799,-591,-133,383,743,799,530,34,-479,-797,-793,-462,67,571,843,774,390,-160,-646,-867,-727,-295,253,691,852,668,203,-351,-747,-832,-578,-84,436,770,788,477,-28,-515,-783,-726,-371,140,584,781,644,238,-263,-647,-752,-547,-109,372,688,714,444,-15,-464,-717,-664,-330,137,542,720,595,220,-236,-592,-704,-520,-118,330,641,683,442,21,-404,-658,-637,-351,76,457,647,568,254,-154,-493,-616,-491,-160,231,514,575,398,62,-286,-511,-514,-306,21,333,499,443,205,-114,-375,-474,-369,-109,192,401,438,285,23,-246,-417,-396,-207,0,0
10906,mtk,MTK 7916,4083862090,rx2-tx0,512,0,0,0,13,-270,-441,-424,-224,81,357,477,392,132,-190,-440,-509,-360,-52,286,505,508,295,-54,-381,-547,-480,-205,163,470,583,448,114,-265,-534,-581,-381,-7,372,599,573,297,-115,-477,-635,-526,-190,242,570,653,452,48,-384,-660,-658,-369,93,525,738,633,255,-244,-654,-794,-599,-135,397,772,825,531,4,-539,-869,-841,-452,131,668,937,825,363,-259,-786,-987,-775,-250,385,875,1008,719,127,-516,-951,-1000,-635,-9,622,998,964,534,-118,-718,-1019,-905,-418,238,788,1016,820,291,-352,-845,-988,-722,-165,449,874,934,600,28,-547,-890,-859,-468,116,638,887,758,313,-255,0,-864,-650,-164,390,782,841,545,12,-530,-849,-807,-419,145,655,896,765,307,-288,-772,-940,-716,-191,422,872,964,649,58,-555,-944,-954,-575,57,672,1011,933,476,-179,-771,-1050,-901,-379,297,861,1077,854,281,-412,-940,-1083,-791,-168,527,1010,1082,717,66,-619,-1057,-1070,-648,40,707,1090,1037,569,-123,-762,-1098,-999,-502,188,793,1081,945,438,-238,-805,-1041,-871,-366,279,799,993,791,288,-315,-778,-929,-714,-224,333,747,861,639,176,-344,-717,-797,-568,-132,343,677,745,530,122,-321,-632,-698,-510,-140,271,573,667,525,210,-161,-461,-600,-545,-330,-37,234,405,441,360,0,0,0,0,0,-101,154,402,569,579,401,73,-306,-607,-727,-605,-256,201,597,785,695,345,-149,-603,-846,-773,-400,145,650,915,837,427,-166,-714,-999,-900,-445,213,812,1103,959,436,-276,-904,-1190,-1019,-431,341,997,1276,1057,410,-414,-1089,-1348,-1082,-381,483,1171,1408,1091,331,-569,-1249,-1442,-1070,-268,643,1308,1456,1020,183,-726,-1349,-1430,-948,-97,791,1363,1391,867,3,-863,-1375,-1327,-752,114,925,1359,1243,626,-234,-989,-1342,-1145,-491,346,1038,1299,1033,359,-453,-1072,-1247,-915,-218,557,1096,1184,792,86,-641,-1098,-1106,-660,44,715,1090,1014,520,-178,-788,-1070,-915,-389,292,840,1032,797,244,0,-871,-976,-681,-103,503,890,909,553,-25,-580,-892,-838,-434,147,655,879,732,287,-263,-689,-829,-628,-164,362,719,766,494,22,-444,-719,-688,-363,107,521,706,588,226,-223,-573,-673,-480,-88,334,604,608,356,-47,-425,-615,-531,-219,177,487,589,433,93,-284,-538,-556,-329,39,382,552,484,207,-162,-456,-549,-406,-94,264,505,524,317,-25,-354,-528,-477,-219,133,432,543,413,110,-230,-474,-515,-335,-13,309,496,470,244,-79,-368,-498,-408,-146,175,420,482,333,43,-257,-441,-437,-244,55,328,455,379,146,-142,-370,-438,-313,-52,229,406,405,228,-51,-310,-429,-354,0,0,0,0,0,449,365,116,-188,-413,-463,-314,-25,286,481,470,253,-75,-372,-516,-438,-170,179,463,554,409,86,-279,-529,-550,-338,21,383,580,524,246,-139,-476,-615,-493,-160,250,552,619,417,31,-372,-625,-611,-327,104,496,676,564,206,-251,-608,-713,-510,-78,399,716,734,433,-65,-549,-809,-729,-337,213,687,879,713,235,-353,-801,-924,-657,-113,482,888,939,593,-11,-615,-967,-928,-499,145,728,1017,891,394,-270,-823,-1040,-835,-281,382,883,1022,738,159,-488,-934,-995,-648,-36,595,970,938,528,-90,-665,-958,-852,-397,218,734,939,752,255,-340,-780,-890,-634,-109,459,829,845,0,-53,-580,-860,-774,-365,197,678,869,696,227,-342,-776,-879,-611,-84,487,859,872,520,-55,-623,-941,-869,-429,195,743,986,828,332,-310,-838,-1020,-776,-212,440,923,1032,718,105,-560,-996,-1027,-642,10,658,1043,1006,550,-133,-763,-1090,-979,-467,241,851,1114,925,364,-349,-925,-1128,-878,-283,429,966,1111,817,200,-495,-987,-1086,-761,-141,532,986,1041,685,67,-563,-966,-981,-605,-7,573,921,904,534,-34,-569,-871,-817,-449,81,569,827,757,396,-105,-547,-770,-688,-347,114,522,723,648,335,-94,-477,-674,-627,-359,28,393,610,617,424,108,-224,-462,-540,-455,-257,-23,184,0,0,0,0,0,-448,-480,-366,-115,210,507,670,620,360,-34,-439,-716,-747,-509,-80,392,739,819,590,129,-398,-792,-890,-647,-144,429,853,960,688,135,-492,-947,-1039,-723,-109,575,1054,1122,751,80,-649,-1147,-1202,-774,-35,741,1241,1262,779,-27,-835,-1325,-1306,-774,82,917,1395,1322,733,-153,-994,-1439,-1312,-670,241,1054,1451,1280,598,-323,-1111,-1453,-1224,-508,413,1158,1436,1140,391,-508,-1199,-1405,-1043,-269,600,1219,1340,925,142,-691,-1239,-1278,-801,-11,771,1233,1189,668,-114,-841,-1220,-1095,-532,233,891,1179,986,394,-352,-939,-1135,-872,-253,462,977,1080,742,113,-555,-987,-1003,-610,17,633,986,0,477,-147,-703,-963,-822,-343,272,770,945,729,216,-375,-800,-885,-603,-79,465,809,808,475,-46,-538,-803,-718,-340,166,595,768,613,204,-285,-637,-712,-490,-66,377,653,645,365,-66,-461,-651,-560,-228,197,525,623,452,90,-305,-562,-571,-335,38,393,570,503,218,-160,-469,-565,-413,-85,274,515,530,313,-40,-370,-541,-479,-210,147,437,542,412,101,-252,-493,-520,-326,8,338,517,475,235,-109,-404,-522,-418,-134,206,447,494,334,33,-283,-474,-456,-245,67,347,470,393,150,-159,-396,-457,-322,-49,242,418,416,236,-44,-309,-439,-368,-137,145,362,417,291,32,-238,0,0
10907,mtk,MTK 7916,4083862090,rx2-tx1,512,0,0,0,34,60,54,25,-17,-51,-57,-32,8,46,60,53,20,-28,-65,-73,-46,0,47,75,77,46,-2,-50,-79,-74,-41,1,46,72,65,37,0,-37,-50,-43,-22,-1,16,22,18,13,11,11,9,2,-10,-25,-38,-44,-32,-1,41,79,88,55,-6,-70,-109,-114,-81,1,94,155,157,96,-7,-118,-190,-193,-116,16,145,217,208,117,-26,-172,-249,-227,-119,45,201,282,249,112,-74,-231,-298,-246,-93,99,248,302,237,75,-121,-272,-313,-227,-49,142,277,295,194,12,-177,-291,-285,-161,27,206,302,264,113,-77,-235,-297,-230,-61,135,269,289,187,5,0,-299,-283,-144,55,238,332,281,105,-121,-304,-365,-271,-55,188,361,391,255,4,-250,-417,-422,-251,33,317,472,430,217,-90,-366,-504,-446,-197,147,436,539,429,146,-210,-495,-577,-430,-105,284,559,608,422,62,-342,-625,-658,-426,-17,407,679,690,427,-14,-451,-716,-711,-419,45,486,741,709,405,-62,-508,-757,-706,-388,77,509,743,688,366,-98,-514,-731,-660,-338,110,518,720,638,313,-128,-511,-686,-597,-277,140,496,666,579,272,-136,-484,-636,-554,-270,115,448,607,536,278,-82,-410,-583,-545,-326,3,319,519,546,396,125,-171,-398,-487,-431,-263,-43,153,279,0,0,0,0,0,99,205,271,266,173,18,-161,-303,-357,-300,-137,85,278,379,350,198,-30,-257,-397,-389,-241,6,268,435,435,264,-12,-292,-471,-473,-286,25,339,535,532,318,-34,-392,-614,-608,-364,33,440,694,683,403,-44,-490,-762,-751,-456,23,513,818,826,514,-7,-536,-872,-881,-554,-9,541,889,898,564,17,-541,-901,-914,-576,-19,544,892,894,560,6,-550,-883,-871,-532,13,550,860,832,482,-56,-571,-844,-780,-416,105,584,823,733,353,-160,-599,-795,-678,-289,208,616,771,616,212,-271,-641,-753,-564,-150,324,663,728,509,87,-372,-675,-708,-462,-24,423,691,677,395,0,-470,-698,-636,-319,119,500,683,592,257,-184,-548,-689,-540,-173,254,575,665,477,91,-333,-622,-664,-428,-13,403,647,637,366,-56,-456,-674,-618,-309,131,520,700,589,241,-195,-556,-694,-548,-186,254,594,692,508,121,-309,-613,-673,-460,-64,353,621,639,404,11,-385,-620,-604,-348,42,410,604,558,288,-91,-428,-584,-503,-226,126,420,543,448,177,-161,-424,-504,-390,-128,177,405,461,334,81,-190,-375,-407,-277,-45,191,343,353,221,10,-188,-300,-291,-169,18,187,266,232,110,-45,-172,-227,-186,-73,56,153,185,141,43,-63,-134,-141,-92,-13,66,111,105,58,0,0,0,0,0,-64,-25,21,50,53,27,-18,-55,-63,-41,-2,42,67,63,32,-12,-60,-80,-62,-22,33,73,80,56,20,-23,-59,-74,-57,-19,22,53,61,46,18,-12,-29,-36,-30,-17,-3,3,3,2,9,24,28,19,1,-24,-48,-64,-59,-25,24,77,107,93,40,-36,-109,-139,-113,-43,55,145,182,150,58,-65,-177,-218,-170,-53,89,205,245,182,41,-120,-239,-271,-194,-32,146,270,285,187,8,-177,-290,-291,-175,10,193,297,280,155,-30,-207,-303,-276,-128,66,231,300,248,94,-101,-252,-299,-220,-43,150,273,289,180,-8,-188,-286,-262,-125,64,232,307,0,75,-133,-284,-313,-212,-21,188,326,329,187,-40,-259,-383,-347,-163,99,323,413,341,128,-153,-383,-461,-347,-89,215,433,485,343,54,-267,-485,-506,-317,8,343,540,527,291,-71,-410,-595,-545,-267,120,471,646,559,243,-177,-541,-698,-580,-226,223,589,733,590,215,-260,-634,-768,-599,-194,285,653,771,587,173,-304,-663,-764,-571,-152,326,673,753,545,131,-329,-660,-726,-513,-103,336,644,696,483,88,-336,-618,-661,-458,-81,325,596,639,440,76,-309,-572,-621,-436,-92,277,538,598,437,126,-218,-481,-571,-469,-216,105,383,526,499,322,66,-185,-359,-415,-354,-212,0,0,0,0,0,-203,-141,-25,121,253,320,292,163,-25,-213,-346,-367,-262,-64,166,341,401,317,110,-143,-348,-431,-352,-129,149,377,471,383,136,-173,-429,-531,-428,-148,198,493,606,479,157,-233,-553,-676,-542,-188,262,628,757,602,206,-283,-685,-837,-675,-257,279,718,893,729,284,-280,-743,-928,-763,-306,274,759,953,782,309,-278,-756,-944,-773,-303,280,748,931,755,281,-294,-746,-904,-713,-248,306,738,874,660,191,-338,-732,-838,-606,-137,376,735,797,543,75,-417,-738,-751,-463,3,466,738,712,403,-60,-502,-739,-675,-332,133,542,735,632,277,-184,-571,-727,-589,-214,245,603,0,535,140,-304,-622,-688,-475,-72,359,644,659,413,-1,-416,-654,-622,-341,82,475,666,583,266,-164,-533,-681,-550,-192,248,583,686,508,121,-313,-621,-676,-458,-56,367,644,666,414,-13,-425,-669,-645,-360,69,470,674,607,294,-134,-502,-668,-574,-247,173,522,657,531,194,-218,-535,-629,-466,-123,259,529,589,417,78,-286,-524,-548,-355,-29,300,499,497,298,-10,-303,-470,-449,-247,47,309,434,387,192,-72,-293,-390,-327,-142,90,272,337,265,97,-99,-249,-292,-211,-54,116,226,243,163,25,-116,-200,-198,-117,3,108,161,147,71,-22,-99,-131,-104,-34,35,84,0,0
10908,mtk,MTK 7916,4083924595,rx0-tx0,512,557,342,129,311,473,597,674,729,739,704,625,510,351,174,-9,-202,-393,-559,-699,-793,-844,-844,-769,-646,-480,-272,-43,208,443,651,808,917,966,937,836,675,463,214,-48,-309,-545,-740,-879,-955,-963,-887,-752,-581,-361,-122,123,352,549,707,803,849,836,764,638,475,287,91,-105,-305,-466,-580,-665,-696,-681,-633,-538,-419,-273,-115,45,191,328,438,508,549,557,530,473,390,282,164,40,-87,-212,-320,-400,-456,-484,-478,-444,-381,-290,-185,-70,48,152,256,334,382,406,401,363,317,246,154,71,-8,-101,-179,-232,-270,-288,-289,-277,-248,-218,-176,-116,-49,14,77,131,176,-588,231,247,244,221,190,141,77,12,-47,-109,-156,-192,-217,-222,-208,-178,-150,-101,-46,9,55,99,132,152,157,153,125,99,67,26,-5,-32,-58,-65,-56,-48,-35,-7,21,38,55,49,46,28,-5,-49,-83,-119,-155,-176,-165,-145,-105,-51,11,85,155,223,276,297,294,269,222,149,56,-46,-143,-240,-308,-363,-388,-368,-328,-253,-161,-62,56,173,273,353,399,419,399,347,275,183,71,-51,-158,-259,-333,-384,-400,-386,-342,-273,-181,-81,27,126,213,296,345,371,355,313,256,173,67,-32,-135,-231,-303,-340,-348,-315,-244,-154,-38,71,165,231,256,240,190,872,633,587,-649,-685,184,131,40,-78,-195,-291,-360,-377,-337,-255,-147,-10,132,269,376,445,469,449,376,272,144,-9,-159,-301,-422,-504,-537,-516,-455,-351,-215,-65,101,262,402,506,563,569,523,444,317,165,0,-162,-309,-416,-488,-531,-516,-453,-369,-248,-110,24,162,273,356,407,411,397,360,285,194,88,-8,-92,-173,-234,-277,-283,-279,-253,-201,-155,-93,-32,36,84,122,163,168,160,146,115,79,43,9,-26,-41,-56,-55,-41,-41,-10,21,43,56,46,40,13,-17,-47,-78,-112,-147,-166,-166,-150,-117,-80,-23,46,106,174,229,274,294,279,258,212,143,62,-31,-130,-208,-291,-360,-394,-399,-372,-314,-234,-138,-23,94,206,307,385,438,462,456,416,346,241,127,-6,-126,-239,-341,-420,-475,-494,-481,-441,-363,-272,-170,-47,74,185,280,384,456,509,540,545,503,438,334,209,68,-93,-257,-416,-547,-653,-721,-740,-705,-623,-495,-323,-117,90,320,517,700,831,901,928,864,743,577,357,104,-159,-423,-659,-845,-979,-1037,-1034,-947,-792,-574,-314,-38,260,538,767,945,1060,1094,1043,918,731,487,221,-71,-344,-600,-811,-952,-1031,-1033,-963,-817,-621,-384,-128,126,375,584,750,860,907,890,826,703,530,340,130,-89,-292,-473,-619,-723,-772,-783,-743,-646,-589,-706,525,-617,-771,672,574,439,288,119,-68,-248,-418,-568,-687,-753,-782,-770,-703,-589,-434,-240,-34,196,407,593,747,856,913,907,829,683,490,263,8,-259,-500,-709,-867,-959,-983,-934,-812,-634,-417,-170,93,347,565,736,862,911,900,827,704,529,323,99,-124,-333,-514,-653,-740,-773,-769,-712,-592,-443,-274,-87,85,256,403,512,587,624,616,575,502,394,270,140,1,-130,-257,-360,-445,-491,-517,-507,-470,-389,-295,-184,-63,58,174,283,368,424,455,445,414,355,270,174,74,-40,-136,-214,-285,-329,-339,-347,-327,-280,-222,-161,-84,-13,62,120,168,208,238,251,254,245,221,186,321,82,15,-52,-112,-163,-207,-233,-240,-237,-218,-177,-130,-73,-9,52,99,141,177,191,190,177,153,111,62,17,-28,-64,-89,-110,-109,-99,-83,-62,-24,3,20,35,42,40,31,7,-27,-53,-80,-97,-104,-86,-71,-37,15,69,124,182,216,241,236,211,161,90,4,-79,-166,-245,-308,-347,-349,-330,-277,-198,-113,0,105,210,301,354,391,399,369,310,221,115,1,-123,-228,-317,-380,-417,-411,-381,-316,-232,-129,-18,94,195,275,340,376,384,350,303,225,130,28,-78,-168,-249,-321,-354,-354,-332,-275,-186,-82,29,144,232,296,319,299,245,157,54,-43,-120,-155,-342,-258,353,641,-139,-220,-280,-297,-258,-183,-72,65,200,307,386,425,413,356,255,125,-18,-170,-304,-404,-479,-508,-488,-419,-312,-175,-16,141,289,420,503,554,555,504,402,264,113,-59,-218,-363,-480,-543,-564,-539,-457,-344,-214,-65,98,235,351,433,474,478,444,369,273,153,35,-73,-180,-263,-321,-348,-338,-318,-273,-213,-136,-54,18,97,153,190,218,227,214,183,154,104,45,4,-39,-74,-96,-98,-100,-83,-66,-43,-9,10,25,43,29,13,-17,-39,-59,-88,-102,-109,-102,-80,-43,6,60,114,159,193,226,234,224,196,141,76,-14,-91,-163,-241,-299,-331,-344,-327,-284,374,-148,-46,64,169,267,345,405,431,429,400,336,245,131,12,-113,-232,-339,-419,-473,-492,-470,-427,-350,-255,-132,-3,112,228,322,392,456,490,492,464,420,346,237,126,8,-126,-253,-374,-487,-568,-622,-641,-613,-539,-425,-282,-115,82,273,455,611,738,810,834,796,696,554,346,126,-121,-372,-590,-774,-914,-987,-993,-928,-776,-579,-339,-75,201,483,720,911,1024,1078,1059,946,770,542,268,-30,-320,-580,-805,-965,-1057,-1076,-1010,-884,-679,-435,-164,112,381,613,796,922,980,970,896,752,570,356,121,-115,-339,-539,-686,-784,-842,-835,-778,-672,-527,-343,-150,37,232,406,-343,-11
10909,mtk,MTK 7916,4083924595,rx0-tx1,512,-760,789,799,395,161,-86,-341,-573,-774,-933,-1024,-1055,-1024,-909,-729,-503,-235,60,356,634,873,1059,1166,1203,1155,1030,833,572,266,-59,-381,-683,-943,-1138,-1260,-1293,-1245,-1109,-892,-616,-292,39,378,692,966,1168,1290,1334,1288,1148,933,661,351,7,-325,-645,-920,-1129,-1268,-1324,-1294,-1173,-984,-727,-429,-103,231,546,826,1046,1204,1277,1268,1177,1015,779,500,192,-130,-439,-712,-939,-1104,-1197,-1209,-1145,-1012,-806,-567,-285,14,309,573,798,977,1085,1116,1086,984,827,618,369,98,-159,-414,-635,-812,-945,-1017,-1024,-976,-863,-695,-491,-258,-16,237,477,682,852,968,1028,1027,958,817,633,404,147,-430,-395,-646,-855,-1014,-1103,-1121,-1068,-930,-726,-468,-179,133,435,716,934,1094,1184,1179,1092,934,699,415,106,-215,-522,-786,-996,-1124,-1179,-1148,-1031,-839,-588,-301,1,302,581,806,966,1063,1080,1017,886,689,446,181,-87,-342,-565,-748,-862,-920,-906,-832,-708,-546,-347,-121,92,288,463,603,693,740,733,671,578,445,295,128,-49,-218,-358,-474,-560,-600,-599,-566,-487,-377,-253,-115,23,159,278,377,446,475,470,446,389,306,207,92,-18,-120,-222,-301,-355,-383,-389,-361,-316,-243,-150,-55,45,137,215,281,320,338,318,273,203,111,19,-81,-169,-229,-266,-262,-222,-151,-74,143,387,-195,-1157,-908,-221,-163,-57,64,189,302,378,405,388,330,233,111,-28,-165,-290,-388,-445,-476,-469,-414,-331,-224,-94,50,191,323,429,511,556,562,525,448,339,206,38,-135,-292,-450,-567,-656,-698,-688,-628,-515,-360,-180,24,243,446,617,751,836,855,806,693,523,312,75,-184,-429,-640,-800,-908,-941,-909,-796,-639,-429,-176,76,328,556,729,853,919,916,834,710,529,315,89,-146,-363,-557,-699,-796,-838,-806,-721,-597,-438,-253,-61,132,309,460,581,661,692,682,636,545,419,276,119,-41,-197,-343,-463,-541,-598,-615,-603,-552,-472,-367,-234,-86,58,205,345,461,554,620,645,230,575,482,358,207,38,-129,-304,-455,-576,-659,-705,-697,-647,-548,-414,-252,-78,111,294,448,574,665,710,703,653,561,434,279,103,-75,-240,-387,-511,-598,-642,-648,-609,-541,-440,-316,-171,-24,124,265,383,473,534,565,561,526,463,381,280,161,34,-89,-199,-306,-391,-460,-508,-527,-524,-487,-423,-346,-242,-113,13,147,273,389,485,552,583,586,558,494,392,269,132,-21,-173,-309,-443,-544,-614,-647,-640,-592,-519,-403,-262,-110,51,210,360,495,598,670,697,678,623,536,411,254,85,-95,-275,-436,-571,-687,-755,-775,-749,-680,-569,-408,-229,-31,180,382,562,707,810,87,-477,136,607,347,-862,-945,-974,-933,-825,-666,-450,-195,71,348,614,829,994,1104,1136,1096,977,790,537,246,-64,-375,-662,-912,-1102,-1222,-1259,-1207,-1077,-866,-598,-284,53,384,699,964,1171,1291,1323,1271,1129,917,636,324,-14,-358,-679,-947,-1149,-1285,-1330,-1286,-1166,-961,-699,-388,-56,283,599,872,1091,1232,1302,1280,1177,997,752,466,146,-179,-492,-771,-1001,-1158,-1245,-1251,-1170,-1013,-799,-532,-238,75,372,651,872,1037,1145,1174,1122,999,821,590,315,37,-240,-500,-720,-897,-1017,-1066,-1052,-974,-832,-651,-434,-182,75,324,553,747,891,983,1016,992,900,760,570,344,95,-161,-418,-649,-839,-988,-1064,-1099,-1020,-885,-697,-456,-180,106,398,668,893,1052,1146,1160,1095,944,723,455,148,-178,-481,-753,-974,-1118,-1190,-1181,-1078,-900,-655,-362,-54,261,551,804,995,1108,1138,1091,960,761,515,240,-51,-331,-584,-793,-933,-1000,-1000,-928,-800,-611,-389,-146,98,321,514,668,780,828,813,754,644,492,315,125,-77,-256,-414,-535,-619,-666,-667,-619,-531,-417,-271,-112,37,183,323,426,501,533,539,504,434,337,219,94,-26,-142,-249,-331,-393,-422,-415,-396,-347,-272,-181,-81,24,123,210,283,329,351,352,320,270,195,108,11,-88,-175,-249,-294,-310,-298,-245,-172,-79,18,106,169,196,975,907,364,-96,-639,151,250,316,335,308,236,123,-13,-150,-272,-368,-430,-454,-431,-366,-267,-145,-16,131,261,370,456,507,516,487,419,321,198,54,-95,-242,-379,-486,-574,-624,-612,-570,-482,-356,-200,-13,178,361,529,659,748,784,758,667,536,355,142,-102,-331,-547,-723,-842,-908,-905,-825,-684,-489,-255,-2,257,495,690,853,929,939,888,760,585,373,133,-127,-360,-562,-729,-830,-879,-855,-776,-646,-474,-288,-67,152,350,518,649,730,762,744,677,569,428,259,79,-94,-256,-409,-528,-607,-649,-644,-608,-536,-428,-306,-173,-27,121,263,387,494,572,608,610,587,516,418,296,151,-14,-198,-318,-452,-562,-641,-671,-667,-617,-521,-391,-234,-59,123,299,459,583,673,717,718,660,561,430,269,86,-98,-271,-427,-551,-640,-683,-680,-633,-553,-437,-291,-130,35,195,334,452,539,594,610,589,533,448,344,221,89,-47,-176,-289,-385,-461,-510,-531,-520,-490,-435,-352,-257,-140,-20,104,222,325,415,497,541,551,538,490,419,319,199,64,-76,-219,-353,-464,-544,-601,-627,-596,-543,-458,-336,-198,-42,117,268,406,525,605,655,668,640,574,471,340,184,15,-158,-318,-466,-590,-676,-721,-732,-693,-604,-486,-331,-149,38,226,402,568,698,778,827,818,757,641,483,290,973,862
10910,mtk,MTK 7916,4083924595,rx1-tx0,512,-144,-1362,-1594,407,486,526,519,474,386,270,121,-29,-178,-312,-426,-504,-538,-529,-476,-377,-252,-101,55,208,342,448,522,554,540,480,383,255,111,-53,-210,-351,-469,-540,-580,-579,-528,-436,-313,-165,-1,169,329,461,559,629,646,616,543,418,268,101,-81,-262,-424,-556,-658,-701,-705,-655,-559,-415,-244,-48,156,356,529,670,763,799,777,697,564,393,188,-43,-261,-462,-639,-760,-831,-835,-776,-673,-517,-319,-105,116,325,515,657,754,797,787,726,615,467,288,88,-110,-301,-468,-599,-691,-739,-744,-707,-626,-503,-340,-165,23,210,392,549,676,756,791,784,722,612,460,270,60,231,-389,-586,-752,-875,-925,-921,-860,-730,-544,-309,-51,214,477,712,898,1020,1070,1043,939,775,546,272,-26,-324,-614,-857,-1041,-1147,-1169,-1118,-977,-763,-486,-174,142,461,744,980,1140,1224,1227,1135,960,720,414,90,-238,-558,-848,-1078,-1226,-1307,-1276,-1164,-963,-682,-362,-11,359,706,1007,1236,1372,1417,1351,1157,889,551,167,-235,-623,-979,-1245,-1406,-1462,-1391,-1204,-930,-574,-177,227,604,929,1172,1312,1345,1255,1069,806,485,136,-212,-540,-806,-998,-1103,-1119,-1046,-889,-666,-389,-82,214,486,706,854,937,924,833,668,442,186,-89,-352,-568,-726,-786,-757,-627,-421,-187,68,284,426,476,964,257,-417,489,604,-432,-373,-215,-2,234,458,628,719,716,632,464,243,-10,-264,-499,-691,-813,-863,-830,-732,-559,-338,-84,192,456,682,855,966,1008,964,836,643,385,98,-222,-529,-804,-1015,-1148,-1206,-1170,-1035,-814,-515,-169,196,558,893,1150,1334,1411,1384,1241,981,651,259,-161,-573,-953,-1258,-1459,-1558,-1531,-1378,-1116,-764,-364,79,519,906,1232,1459,1575,1568,1440,1206,886,490,56,-369,-756,-1098,-1342,-1487,-1509,-1431,-1252,-970,-638,-248,143,518,840,1105,1294,1383,1382,1277,1076,810,491,141,-208,-538,-831,-1070,-1226,-1300,-1289,-1169,-983,-733,-439,-116,221,539,819,1043,1190,1263,1239,1139,958,715,424,-49,-212,-531,-819,-1050,-1201,-1277,-1270,-1173,-995,-747,-441,-106,247,592,893,1137,1296,1373,1349,1234,1035,743,402,22,-357,-724,-1031,-1267,-1409,-1450,-1388,-1225,-961,-637,-253,151,538,890,1172,1353,1448,1426,1299,1085,785,428,51,-326,-690,-981,-1193,-1330,-1357,-1277,-1104,-862,-557,-219,123,462,741,960,1113,1177,1156,1055,875,638,367,90,-199,-473,-691,-855,-951,-982,-943,-838,-678,-475,-249,-4,229,440,613,737,809,827,772,668,523,347,147,-54,-246,-419,-557,-652,-696,-688,-634,-530,-393,-235,-54,124,283,427,531,596,614,581,505,399,263,105,-59,-210,-343,-453,-520,-551,-534,-476,-385,-336,-10,-95,898,2,325,203,55,-94,-243,-364,-463,-519,-532,-501,-431,-326,-189,-37,117,265,388,483,537,543,507,425,315,177,24,-138,-285,-409,-499,-557,-569,-534,-461,-345,-204,-49,118,275,409,512,584,609,591,525,422,295,137,-43,-216,-378,-516,-606,-663,-672,-630,-543,-424,-264,-75,117,304,474,611,708,754,745,678,567,409,216,3,-210,-415,-589,-725,-811,-833,-786,-696,-549,-360,-144,88,302,494,659,773,829,821,757,644,486,299,86,-124,-325,-499,-633,-731,-774,-765,-710,-608,-468,-300,-114,72,256,424,572,678,742,760,733,662,550,398,218,21,-176,-370,-543,-691,-796,-853,-568,-796,-669,-506,-297,-67,171,414,636,815,939,995,991,913,760,548,293,14,-276,-550,-786,-971,-1085,-1120,-1088,-969,-776,-528,-226,85,398,683,923,1102,1191,1204,1127,965,731,443,136,-192,-514,-797,-1034,-1198,-1265,-1252,-1146,-964,-701,-406,-63,289,619,916,1142,1287,1353,1318,1183,952,648,289,-85,-484,-838,-1128,-1341,-1441,-1431,-1317,-1090,-769,-394,20,437,805,1104,1316,1411,1397,1266,1037,727,358,-36,-416,-740,-997,-1170,-1236,-1207,-1080,-861,-587,-270,54,365,629,845,982,1030,990,876,681,438,164,-124,-384,-609,-767,-850,-855,-768,-605,-376,-110,159,402,569,652,643,524,341,139,1282,1210,247,-493,-284,174,366,525,604,595,492,310,72,-183,-423,-624,-751,-804,-772,-663,-482,-255,2,257,494,700,840,917,912,826,673,462,209,-74,-364,-619,-841,-998,-1087,-1090,-1001,-835,-585,-296,31,379,705,984,1187,1293,1307,1220,1029,747,407,16,-373,-761,-1083,-1321,-1472,-1492,-1402,-1201,-890,-518,-95,341,751,1105,1373,1535,1590,1505,1309,1012,629,202,-238,-653,-1022,-1306,-1500,-1565,-1512,-1355,-1094,-748,-355,60,450,823,1119,1331,1444,1443,1340,1150,881,551,191,-172,-535,-845,-1092,-1259,-1334,-1318,-1214,-1030,-771,-455,-121,228,549,821,1048,1197,1270,1256,1148,968,719,430,109,-223,-536,-817,-1038,-1189,425,-1251,-1154,-981,-737,-441,-121,222,548,841,1078,1245,1320,1316,1211,1024,755,435,79,-290,-635,-951,-1200,-1360,-1426,-1386,-1245,-1009,-701,-335,56,448,810,1109,1324,1450,1458,1365,1168,880,530,151,-254,-623,-951,-1205,-1363,-1415,-1374,-1220,-971,-676,-327,49,411,733,993,1179,1260,1265,1166,982,744,455,142,-171,-464,-722,-910,-1031,-1076,-1057,-941,-769,-549,-304,-42,219,454,653,794,879,902,849,747,593,405,200,-26,-247,-436,-585,-692,-750,-752,-700,-601,-458,-288,-99,90,266,422,538,620,653,629,567,465,324,168,-1,-162,-312,-436,-528,-573,-572,-527,-452,-335,-194,-40,117,255,374,-208,-656
10911,mtk,MTK 7916,4083924595,rx1-tx1,512,0,0,0,292,112,-105,-293,-399,-389,-269,-79,136,310,389,368,246,58,-153,-317,-386,-342,-209,-14,178,315,355,298,162,-20,-201,-315,-330,-251,-102,80,236,319,309,209,47,-137,-278,-333,-290,-157,33,212,329,350,266,106,-91,-264,-363,-362,-250,-62,158,338,419,379,240,13,-238,-415,-467,-394,-208,47,296,470,523,430,204,-87,-355,-535,-569,-451,-198,120,402,580,611,468,190,-146,-447,-632,-651,-503,-210,150,472,676,711,551,243,-132,-472,-692,-735,-577,-268,108,449,675,729,593,303,-59,-406,-637,-700,-574,-300,46,373,595,653,539,295,-26,-343,-561,-620,-509,-275,0,319,516,571,464,229,-60,-322,-493,-529,-419,-188,88,339,491,504,380,154,-122,-370,-514,-519,-377,-126,155,399,540,537,401,153,-143,-396,-553,-574,-446,-198,96,365,546,585,472,243,-32,-295,-483,-550,-483,-294,-42,206,391,472,434,291,94,-115,-285,-363,-346,-247,-101,53,174,235,225,156,53,-48,-115,-137,-117,-52,37,104,120,102,48,-42,-120,-160,-163,-118,-31,75,168,222,218,154,49,-62,-167,-233,-230,-181,-86,32,137,207,228,190,111,8,-96,-170,-201,-179,-113,-22,67,135,164,156,109,41,-36,-106,-149,-153,-120,-65,0,55,95,121,119,87,0,0,0,0,0,133,164,174,147,80,-12,-112,-201,-263,-269,-211,-103,36,177,290,340,306,194,30,-150,-300,-389,-389,-290,-109,112,314,446,470,372,173,-75,-325,-507,-555,-463,-255,37,331,541,623,560,347,32,-303,-570,-700,-656,-443,-111,258,576,762,751,539,188,-207,-554,-764,-786,-606,-258,155,520,756,801,631,299,-110,-501,-759,-813,-655,-326,95,495,760,824,674,345,-74,-471,-748,-830,-696,-375,51,460,736,818,686,381,-28,-434,-719,-806,-684,-384,12,396,677,771,652,356,-26,-391,-657,-744,-618,-329,44,402,653,720,581,283,-82,-428,-655,-698,-543,-242,132,476,683,0,531,219,-166,-516,-720,-729,-533,-183,222,563,758,745,530,177,-232,-589,-789,-768,-546,-179,249,618,818,800,573,188,-250,-622,-827,-811,-577,-183,259,622,823,798,548,159,-268,-620,-803,-768,-527,-145,277,620,783,732,483,101,-309,-620,-764,-691,-430,-54,338,635,753,658,382,8,-367,-651,-748,-628,-343,37,405,652,720,594,299,-74,-428,-658,-711,-573,-270,101,433,647,698,549,248,-108,-429,-641,-664,-503,-216,116,414,600,615,464,198,-117,-390,-547,-555,-411,-153,141,380,510,493,340,99,-161,-370,-473,-436,-277,-49,190,368,442,386,223,3,-214,-373,-417,-331,0,0,0,0,0,274,392,393,284,98,-116,-297,-391,-375,-257,-65,141,308,386,355,227,35,-164,-314,-374,-323,-176,8,185,316,350,276,126,-54,-217,-315,-322,-235,-72,109,258,334,302,178,4,-179,-316,-362,-292,-129,70,245,353,360,256,78,-126,-302,-394,-374,-240,-26,201,370,440,385,213,-21,-259,-432,-489,-403,-201,67,331,516,554,430,193,-97,-375,-556,-586,-458,-196,133,433,620,641,482,192,-156,-471,-663,-679,-523,-229,143,476,686,719,567,265,-105,-456,-686,-730,-578,-278,86,425,658,718,591,304,-55,-391,-616,-670,-558,-299,40,357,569,628,526,282,-38,-334,-530,0,-487,-252,50,323,498,538,429,210,-66,-326,-491,-513,-397,-173,105,352,497,511,379,141,-139,-384,-529,-524,-380,-136,153,407,554,558,415,163,-129,-394,-562,-590,-459,-216,74,344,526,573,485,279,9,-251,-442,-526,-466,-298,-72,158,335,419,394,272,103,-72,-224,-311,-298,-207,-76,51,147,181,161,98,9,-67,-109,-114,-72,6,85,131,141,105,30,-68,-157,-201,-191,-138,-47,64,166,227,223,166,74,-43,-153,-220,-234,-192,-102,8,110,189,215,186,111,12,-82,-149,-177,-163,-111,-30,54,120,157,151,111,50,-23,-91,-133,-142,-123,-84,-32,20,61,0,0,0,0,0,-72,-22,50,131,194,223,212,152,49,-76,-195,-283,-308,-262,-152,-1,162,300,370,351,241,69,-127,-311,-424,-425,-322,-132,98,318,466,502,410,212,-55,-320,-521,-593,-510,-294,9,317,556,669,603,389,72,-287,-583,-740,-712,-493,-150,230,564,763,769,577,228,-177,-538,-767,-795,-610,-273,134,507,766,820,646,305,-110,-497,-752,-819,-670,-339,82,484,752,822,678,351,-66,-468,-748,-826,-687,-370,39,435,715,807,686,379,-20,-412,-692,-786,-667,-371,14,394,662,755,633,342,-33,-393,-644,-715,-597,-310,64,411,651,705,561,264,-103,-439,-668,-712,-546,-231,0,490,700,723,538,200,-190,-535,-738,-745,-541,-181,226,580,780,763,544,181,-240,-609,-810,-789,-559,-176,259,626,827,803,563,174,-256,-626,-829,-809,-566,-176,249,615,813,775,536,153,-268,-615,-793,-756,-506,-121,292,626,781,719,461,78,-324,-630,-764,-681,-410,-32,358,649,755,650,364,-17,-387,-644,-729,-605,-316,57,413,666,728,576,279,-91,-439,-671,-702,-553,-261,108,443,645,681,529,236,-109,-423,-620,-638,-487,-214,115,409,576,582,439,182,-124,-386,-532,-531,-381,-131,144,374,488,460,315,81,-177,-372,-452,-407,-247,-23,202,364,424,362,193,-29,-236,0,0
10912,mtk,MTK 7916,4083924595,rx2-tx0,512,0,0,0,170,357,453,420,258,21,-223,-414,-493,-422,-230,27,284,467,516,423,205,-82,-348,-514,-544,-417,-169,132,400,554,552,399,130,-181,-447,-591,-567,-381,-83,242,501,619,560,335,12,-317,-561,-650,-551,-286,62,395,624,680,535,232,-146,-493,-704,-719,-528,-179,228,586,785,764,526,136,-302,-671,-859,-811,-538,-110,366,747,923,850,542,80,-410,-797,-973,-886,-558,-70,443,846,1013,901,552,52,-465,-860,-1020,-907,-552,-40,486,873,1029,903,531,22,-479,-853,-998,-866,-500,-3,486,840,966,827,463,-20,-493,-824,-927,-774,-408,62,512,815,884,709,342,-119,-544,0,-852,-658,-276,181,589,834,840,613,217,-245,-651,-871,-847,-591,-168,312,713,915,868,585,134,-365,-772,-968,-901,-591,-113,405,812,1010,940,614,118,-418,-849,-1048,-967,-623,-109,436,874,1084,999,641,119,-437,-879,-1089,-1010,-664,-134,432,884,1106,1037,695,156,-423,-886,-1116,-1058,-725,-194,383,857,1111,1074,762,256,-320,-803,-1065,-1065,-793,-314,238,716,1003,1031,798,368,-143,-611,-913,-971,-787,-408,65,503,802,892,751,427,7,-405,-706,-819,-722,-449,-78,303,601,742,697,488,162,-190,-489,-666,-683,-541,-286,23,321,538,631,593,440,212,-35,-253,-400,-461,-438,-343,0,0,0,0,0,-441,-500,-474,-345,-134,128,393,602,703,661,474,174,-185,-516,-736,-797,-671,-377,17,419,735,880,806,530,113,-347,-736,-954,-934,-672,-226,293,754,1038,1068,826,359,-219,-759,-1118,-1194,-969,-489,130,730,1156,1296,1110,634,-21,-690,-1190,-1388,-1238,-764,-87,623,1174,1431,1332,884,203,-532,-1130,-1443,-1384,-969,-298,445,1069,1421,1401,1024,380,-362,-1006,-1380,-1392,-1044,-430,297,939,1331,1366,1042,450,-253,-880,-1266,-1319,-1023,-466,214,828,1210,1267,992,465,-184,-775,-1151,-1215,-950,-444,168,733,1098,1160,918,437,-160,-699,-1040,-1099,-863,-402,162,681,1000,1041,807,363,-172,-655,-953,0,-760,-326,187,647,924,943,706,286,-205,-631,-880,-887,-650,-246,215,612,839,825,587,196,-245,-608,-793,-762,-525,-140,273,593,743,689,443,79,-308,-601,-713,-621,-358,-2,348,595,664,546,277,-65,-383,-587,-626,-484,-200,138,423,580,576,411,121,-199,-456,-577,-532,-332,-37,264,485,565,483,262,-26,-315,-509,-549,-434,-198,97,366,527,534,389,138,-157,-405,-528,-504,-339,-80,205,427,521,472,294,27,-246,-442,-509,-433,-232,27,269,439,484,387,179,-77,-306,-442,-451,-334,-122,127,335,440,419,272,51,-180,-355,-429,-378,-218,9,232,381,415,336,154,-73,0,0,0,0,0,-422,-280,-52,196,389,472,418,241,-7,-260,-445,-507,-426,-221,52,314,490,525,414,187,-102,-373,-543,-558,-414,-148,163,429,572,561,387,100,-221,-485,-612,-573,-370,-51,285,534,628,552,318,-18,-359,-593,-660,-540,-258,105,444,666,702,533,205,-192,-542,-747,-742,-532,-156,278,639,825,787,532,120,-335,-714,-900,-838,-545,-91,396,777,950,872,550,72,-427,-819,-997,-898,-553,-65,452,851,1021,909,550,41,-472,-862,-1025,-911,-544,-33,484,865,1014,888,523,26,-484,-853,-984,-856,-497,0,484,832,949,801,440,-35,-493,-811,-905,-746,-383,85,528,816,871,682,0,-147,-561,-820,-845,-634,-250,214,616,846,843,600,186,-284,-678,-886,-853,-587,-152,335,737,941,885,585,123,-384,-795,-989,-924,-606,-110,415,831,1032,951,610,111,-426,-860,-1067,-985,-636,-113,437,873,1082,1002,651,125,-435,-885,-1102,-1025,-673,-142,425,882,1112,1053,708,175,-402,-874,-1120,-1073,-743,-220,355,832,1095,1075,778,288,-271,-759,-1045,-1056,-794,-340,188,663,963,1007,792,386,-107,-559,-852,-927,-767,-415,32,459,756,854,740,442,45,-355,-655,-783,-712,-465,-111,256,548,706,694,515,219,-122,-413,-605,-665,-579,-362,-84,192,417,551,567,482,322,126,-55,-193,0,0,0,0,0,124,-65,-267,-460,-594,-627,-537,-324,-29,292,566,731,744,586,281,-95,-465,-735,-836,-737,-456,-48,388,742,917,869,603,176,-316,-750,-1002,-1005,-747,-289,257,757,1082,1133,891,417,-173,-744,-1143,-1262,-1047,-558,82,716,1175,1349,1181,696,28,-651,-1180,-1419,-1289,-830,-151,570,1159,1447,1361,924,253,-489,-1111,-1450,-1409,-996,-340,406,1046,1403,1403,1038,406,-326,-971,-1353,-1378,-1047,-439,275,909,1296,1341,1037,459,-233,-850,-1233,-1293,-1009,-463,199,811,1186,1240,981,458,-179,-756,-1129,-1193,-933,-437,163,711,1061,1125,889,415,-162,-687,-1017,-1071,-837,-386,163,658,973,1020,789,346,0,-645,-928,-958,-733,-310,192,632,896,913,681,268,-208,-622,-864,-863,-623,-223,230,620,824,796,553,165,-257,-597,-772,-728,-480,-105,286,591,725,654,401,38,-325,-592,-695,-597,-325,33,364,589,645,515,243,-96,-399,-586,-608,-447,-156,172,445,585,552,366,81,-232,-473,-575,-509,-297,0,292,500,561,459,225,-73,-347,-515,-540,-413,-164,128,378,523,514,359,103,-180,-414,-527,-487,-315,-53,223,431,513,447,256,-8,-265,-442,-497,-407,-204,54,297,448,473,367,153,-105,-324,-443,-437,-307,-86,153,345,433,395,244,21,-208,-372,-427,-359,-189,40,262,397,412,0,0
10913,mtk,MTK 7916,4083924595,rx2-tx1,512,0,0,0,-43,-58,-51,-23,7,33,52,49,27,-2,-26,-47,-56,-40,-13,23,54,69,64,42,7,-28,-58,-72,-70,-47,-16,15,47,64,61,40,15,-6,-23,-29,-26,-20,-13,-6,3,1,-6,-9,-6,2,22,38,42,41,24,-5,-45,-76,-92,-81,-47,-3,54,108,136,132,97,25,-62,-140,-181,-176,-125,-38,64,159,214,217,158,64,-60,-175,-249,-256,-195,-82,54,183,272,281,221,104,-41,-184,-281,-307,-250,-125,32,176,282,310,253,132,-20,-165,-271,-297,-242,-128,28,176,272,289,227,106,-41,-180,-271,-285,-214,-86,61,198,276,270,194,61,-92,0,-292,-275,-179,-28,138,276,332,291,177,12,-170,-315,-371,-327,-193,3,205,355,417,368,212,-6,-229,-395,-464,-403,-236,-4,243,437,512,447,263,-1,-261,-456,-542,-492,-294,-10,282,507,604,539,333,30,-292,-542,-657,-609,-403,-82,271,559,702,676,475,141,-231,-544,-727,-728,-541,-217,167,501,710,748,598,295,-85,-442,-680,-753,-637,-357,15,377,641,742,657,408,64,-290,-572,-709,-660,-449,-134,205,490,657,655,486,207,-124,-415,-598,-633,-524,-289,17,308,520,611,558,376,113,-173,-416,-557,-570,-471,-274,-25,215,397,499,503,416,264,86,-81,-210,-296,0,0,0,0,0,-212,-184,-111,-2,122,236,320,350,311,204,47,-127,-277,-372,-392,-327,-174,20,210,359,430,396,260,58,-169,-364,-475,-472,-350,-132,128,368,528,562,450,221,-75,-374,-589,-660,-572,-339,-6,352,628,753,699,479,119,-289,-629,-822,-829,-637,-273,171,581,855,925,769,424,-26,-477,-815,-950,-859,-564,-118,356,742,947,908,647,228,-246,-652,-900,-925,-712,-321,139,563,843,908,739,383,-64,-487,-781,-869,-731,-417,-3,414,726,833,721,433,38,-362,-667,-798,-714,-437,-55,331,633,767,705,451,74,-312,-614,-752,-694,-463,-108,274,571,723,683,459,123,-248,-557,0,-676,-459,-126,234,531,679,649,456,139,-223,-515,-665,-644,-449,-131,215,503,658,635,434,123,-223,-514,-664,-633,-437,-124,228,521,676,646,443,120,-233,-523,-682,-658,-458,-142,213,516,679,661,470,153,-198,-498,-663,-649,-473,-177,171,471,641,641,468,182,-147,-442,-619,-626,-476,-204,120,404,573,589,453,207,-87,-358,-527,-555,-440,-212,57,302,465,505,409,208,-38,-266,-415,-457,-377,-206,7,208,353,403,342,199,7,-172,-298,-339,-288,-173,-21,138,245,276,240,146,19,-106,-196,-227,-198,-119,-16,83,155,178,151,89,10,-65,-109,-121,-105,-64,-6,44,0,0,0,0,0,38,9,-26,-47,-50,-38,-8,19,42,55,46,15,-16,-48,-64,-57,-40,-12,26,55,69,66,45,15,-24,-56,-68,-64,-50,-19,17,42,50,46,33,15,-3,-18,-24,-17,-8,-4,-3,-10,-21,-28,-27,-19,5,35,59,69,62,38,-1,-51,-93,-110,-104,-73,-14,61,123,156,156,111,35,-62,-153,-201,-199,-150,-52,67,169,228,236,184,69,-62,-175,-253,-276,-219,-96,51,182,269,294,235,113,-36,-180,-286,-314,-256,-127,25,171,273,302,248,129,-27,-170,-264,-296,-247,-125,27,173,267,284,220,100,-46,-180,-268,-278,-206,-75,82,214,286,279,0,54,-113,-245,-305,-281,-176,-13,159,292,348,307,181,-1,-190,-333,-394,-350,-202,10,222,379,439,384,226,-1,-237,-418,-493,-433,-246,3,259,450,521,459,277,4,-280,-489,-579,-512,-304,-17,284,521,628,571,360,58,-273,-549,-684,-642,-437,-110,254,556,724,704,501,176,-197,-534,-731,-741,-570,-255,120,472,709,762,624,327,-49,-406,-658,-746,-648,-382,-27,331,602,720,656,430,107,-246,-537,-684,-659,-472,-167,171,458,627,647,509,249,-67,-361,-567,-633,-538,-323,-39,248,476,583,563,422,193,-81,-325,-492,-559,-512,-364,-151,72,260,387,434,403,316,194,0,0,0,0,0,-86,-175,-248,-293,-286,-224,-110,34,183,306,372,359,271,123,-64,-244,-367,-411,-363,-224,-22,192,362,452,434,302,91,-147,-362,-501,-516,-393,-163,120,377,548,596,497,262,-53,-370,-613,-715,-642,-400,-56,316,633,801,776,557,194,-225,-603,-844,-879,-704,-356,95,534,839,942,815,488,42,-423,-794,-967,-899,-602,-166,310,714,938,927,688,287,-187,-612,-876,-912,-725,-361,93,519,807,882,736,408,-26,-447,-742,-850,-732,-425,-18,391,692,807,716,443,53,-351,-659,-787,-709,-452,-83,309,610,748,690,448,90,-291,-590,-735,-690,-464,-114,263,568,718,678,462,0,-240,-530,-688,-668,-463,-136,220,513,676,651,449,133,-216,-511,-665,-642,-445,-118,234,509,652,629,437,124,-226,-517,-671,-644,-440,-116,234,521,673,647,445,125,-225,-517,-676,-658,-462,-144,213,507,668,649,466,165,-184,-488,-657,-652,-479,-184,158,452,626,632,471,190,-133,-416,-589,-612,-472,-205,100,374,549,576,451,216,-71,-332,-496,-536,-434,-219,46,283,441,482,400,213,-17,-233,-383,-422,-354,-200,1,194,326,368,311,180,12,-152,-270,-313,-271,-161,-12,123,216,250,215,128,14,-96,-174,-203,-175,-103,-8,79,137,149,127,76,7,-61,-102,-109,-88,0,0
10914,mtk,MTK 7916,4084076584,rx0-tx0,512,557,-573,-628,656,487,280,40,-208,-433,-618,-729,-772,-749,-633,-449,-220,42,311,549,728,838,854,771,611,363,71,-236,-523,-753,-902,-944,-879,-711,-452,-129,199,511,761,922,965,897,727,472,161,-169,-469,-707,-866,-913,-859,-704,-469,-194,106,372,589,747,814,783,665,480,241,-12,-258,-466,-621,-694,-694,-624,-485,-295,-88,117,308,457,545,581,561,472,339,175,-1,-170,-319,-437,-493,-502,-469,-381,-257,-105,53,203,326,418,461,452,388,288,161,12,-131,-252,-347,-390,-395,-360,-277,-175,-52,78,183,261,306,323,298,251,183,92,-4,-96,-169,-218,-249,-252,-226,-186,-128,-588,27,101,166,205,227,225,199,139,73,-1,-75,-133,-179,-200,-193,-161,-115,-53,14,77,129,154,160,144,99,54,0,-61,-103,-123,-127,-107,-63,-16,44,92,118,129,115,71,7,-59,-124,-172,-191,-186,-146,-67,17,120,205,268,289,273,221,122,6,-129,-257,-347,-392,-380,-312,-200,-59,98,252,372,457,461,413,309,162,-11,-197,-348,-446,-496,-470,-394,-265,-89,89,262,391,470,496,447,342,202,34,-129,-281,-395,-445,-445,-391,-277,-146,13,168,300,388,428,406,334,226,76,-77,-220,-332,-401,-408,-348,-238,-86,70,216,312,346,317,220,91,-42,-141,-89,-292,587,-360,-182,-55,-172,-267,-305,-278,-181,-37,125,272,376,421,386,284,129,-54,-228,-367,-455,-480,-434,-320,-154,48,235,390,493,534,497,388,220,11,-193,-378,-504,-570,-553,-455,-289,-95,111,307,462,541,547,486,353,179,-14,-195,-362,-468,-491,-458,-370,-237,-78,83,220,324,387,396,343,248,141,13,-105,-200,-262,-291,-280,-238,-158,-67,16,97,158,194,207,172,124,64,-8,-68,-113,-139,-125,-91,-51,9,57,89,110,97,62,26,-29,-84,-127,-157,-153,-130,-73,-9,66,151,213,248,242,207,141,47,-56,-161,-252,-314,-340,-320,-253,-163,-41,105,233,331,393,402,-291,301,180,33,-122,-270,-390,-465,-483,-438,-347,-213,-43,135,293,418,496,515,481,385,246,82,-92,-262,-405,-487,-522,-508,-437,-322,-173,-3,172,326,443,525,562,537,457,333,161,-29,-226,-414,-557,-664,-688,-631,-505,-318,-98,148,398,610,760,819,794,676,470,208,-89,-388,-650,-848,-949,-931,-814,-602,-305,32,369,671,903,1026,1035,922,692,383,14,-347,-675,-919,-1071,-1089,-966,-744,-438,-66,311,638,897,1049,1080,980,765,465,119,-240,-575,-822,-984,-1024,-935,-758,-490,-171,156,459,706,864,929,889,750,523,253,-34,-317,-555,-727,-817,-821,-736,-572,-356,-103,158,-606,-561,525,-289,-76,-392,-578,-704,-761,-737,-638,-469,-248,-14,242,478,660,778,819,771,630,423,163,-129,-405,-643,-820,-900,-880,-765,-552,-271,50,367,647,855,959,945,827,600,301,-30,-348,-628,-834,-943,-934,-812,-602,-324,-15,284,551,746,855,860,756,590,359,84,-189,-429,-619,-732,-759,-702,-569,-376,-151,79,297,479,601,644,626,540,395,220,36,-158,-325,-445,-520,-539,-507,-425,-297,-136,19,187,327,425,479,476,430,337,212,66,-88,-226,-338,-413,-437,-413,-341,-225,-92,42,168,269,336,368,346,295,218,122,13,-94,-175,-237,-275,-283,-262,-210,-142,-64,22,95,154,199,321,230,212,166,100,30,-45,-120,-173,-207,-218,-199,-160,-103,-31,45,106,154,177,177,153,109,54,-3,-65,-106,-127,-141,-124,-85,-35,17,71,104,120,118,79,33,-20,-82,-129,-152,-146,-116,-61,13,88,162,211,235,226,172,85,-24,-128,-230,-303,-338,-330,-269,-159,-22,131,265,366,423,424,364,255,104,-72,-227,-366,-455,-485,-449,-347,-209,-37,146,302,429,489,492,429,308,154,-27,-204,-345,-442,-475,-453,-376,-244,-85,72,227,344,414,441,404,314,190,46,-113,-244,-355,-413,-407,-348,-244,-104,60,208,324,383,377,308,181,32,-116,-230,-282,-271,-211,-658,-580,-258,479,581,-222,-192,-98,37,180,299,364,359,281,149,-22,-194,-339,-433,-455,-405,-291,-131,53,234,387,489,516,463,348,182,-14,-222,-389,-510,-555,-526,-423,-264,-63,153,345,487,554,552,479,329,139,-62,-259,-415,-506,-525,-475,-371,-204,-21,146,291,398,447,430,358,252,120,-23,-159,-255,-317,-340,-311,-247,-153,-52,51,138,206,229,234,210,151,83,-5,-77,-123,-161,-156,-136,-95,-39,22,67,98,106,86,62,14,-49,-89,-119,-129,-108,-71,-10,57,124,178,196,204,170,105,21,-69,-156,-237,-286,-295,-266,-197,-100,17,139,243,321,379,381,320,227,96,-47,374,-322,-404,-444,-433,-374,-262,-111,54,212,350,453,508,496,422,303,143,-35,-205,-355,-458,-515,-516,-464,-343,-192,-29,142,291,418,499,529,507,425,304,161,-16,-194,-351,-484,-573,-609,-591,-489,-345,-149,87,310,510,654,740,753,679,516,285,14,-260,-521,-727,-847,-883,-817,-651,-408,-101,229,528,783,951,1002,945,777,508,172,-181,-524,-800,-993,-1071,-1019,-853,-576,-237,148,501,791,1005,1099,1053,886,622,281,-93,-457,-755,-955,-1049,-1029,-879,-635,-325,28,362,648,863,968,960,845,641,367,63,-243,-521,-733,-847,-879,-810,-653,-432,-171,105,367,573,715,780,758,14,199
10915,mtk,MTK 7916,4084076584,rx0-tx1,512,-760,292,253,-871,-926,-884,-740,-511,-220,103,429,713,926,1039,1037,921,695,384,23,-348,-680,-950,-1115,-1151,-1054,-843,-531,-158,239,616,933,1143,1221,1172,979,674,304,-116,-520,-867,-1115,-1249,-1241,-1102,-834,-465,-53,364,738,1039,1222,1271,1185,963,636,240,-175,-571,-914,-1149,-1257,-1229,-1071,-793,-434,-30,382,747,1028,1204,1239,1144,928,606,221,-173,-557,-883,-1106,-1203,-1160,-1010,-745,-403,-21,351,691,954,1105,1137,1049,851,567,224,-141,-487,-775,-967,-1059,-1040,-909,-691,-396,-74,260,556,793,946,1000,953,805,576,287,-27,-337,-617,-831,-966,-1000,-915,-745,-499,-191,139,463,743,940,1043,-430,907,678,371,18,-343,-670,-934,-1090,-1117,-1019,-809,-497,-123,273,636,917,1099,1158,1073,867,559,181,-202,-577,-880,-1080,-1148,-1079,-888,-597,-232,160,526,823,1021,1102,1043,869,593,255,-107,-442,-724,-914,-988,-947,-807,-566,-266,51,348,598,775,859,835,722,535,297,35,-225,-445,-614,-701,-718,-652,-510,-329,-116,109,299,463,565,602,575,493,352,174,-13,-192,-346,-455,-515,-504,-449,-344,-201,-50,112,250,350,412,426,393,317,208,83,-44,-166,-264,-333,-363,-349,-289,-211,-102,20,132,229,297,324,308,257,168,61,-57,-169,-251,-288,-275,-225,-133,-21,82,162,194,237,279,-195,-759,-313,66,187,282,322,297,212,78,-80,-230,-340,-408,-409,-351,-239,-88,75,231,359,441,464,431,342,211,47,-124,-287,-422,-507,-535,-502,-403,-254,-69,133,330,484,597,644,608,495,324,109,-133,-367,-567,-700,-757,-728,-597,-394,-130,157,428,666,818,879,833,668,432,137,-184,-486,-727,-892,-931,-862,-692,-430,-127,195,503,736,880,920,854,679,428,128,-182,-459,-685,-826,-861,-802,-650,-429,-162,118,363,579,718,773,740,628,446,225,-8,-237,-434,-576,-657,-665,-603,-480,-307,-118,91,284,443,548,604,595,525,409,253,73,-119,-298,-439,-542,-595,-593,-525,-400,-230,230,168,355,510,609,648,614,510,353,156,-67,-282,-466,-603,-673,-669,-592,-448,-253,-32,189,397,556,650,681,629,507,333,125,-95,-306,-478,-586,-638,-619,-538,-404,-224,-30,163,338,473,548,572,533,448,326,168,-4,-167,-313,-420,-493,-515,-486,-413,-312,-177,-23,127,268,383,466,499,493,436,345,216,64,-102,-256,-395,-497,-544,-543,-482,-374,-230,-59,122,293,439,545,588,573,500,381,219,31,-155,-333,-481,-579,-622,-599,-515,-381,-209,-9,195,379,531,630,662,636,537,376,177,-39,-264,-460,-612,-712,-735,-675,-546,-358,-127,121,359,573,729,809,804,709,536,-881,-1053,136,-72,-170,-297,10,320,601,823,958,994,917,736,469,136,-214,-549,-833,-1025,-1106,-1058,-893,-628,-277,112,486,814,1055,1175,1170,1036,776,422,24,-382,-755,-1032,-1208,-1245,-1138,-908,-578,-184,235,630,965,1183,1266,1213,1029,732,350,-65,-479,-839,-1103,-1244,-1251,-1131,-885,-534,-136,279,660,975,1175,1254,1195,1000,708,334,-80,-473,-822,-1079,-1209,-1209,-1090,-843,-509,-118,274,630,926,1111,1169,1103,929,647,303,-66,-425,-731,-962,-1086,-1095,-981,-764,-471,-140,208,520,786,959,1031,996,848,626,337,17,-304,-592,-818,-952,-990,-931,-776,-540,-253,74,392,666,876,997,1010,920,724,449,123,-1099,-556,-826,-1010,-1087,-1038,-876,-607,-261,116,478,793,1024,1137,1119,963,697,355,-37,-429,-767,-1018,-1137,-1133,-1001,-746,-402,-12,378,719,973,1118,1120,992,753,429,58,-317,-640,-889,-1028,-1037,-930,-718,-426,-92,240,544,774,904,926,843,670,422,134,-156,-416,-622,-749,-796,-742,-613,-419,-188,48,275,458,589,659,642,566,429,246,45,-151,-329,-465,-542,-556,-513,-415,-275,-105,66,214,348,431,468,455,381,271,139,-7,-144,-259,-343,-382,-386,-347,-266,-163,-38,91,198,281,335,339,309,244,148,31,-89,-191,-271,-306,-303,-255,-163,-49,64,165,235,252,223,154,61,188,112,364,-775,-1019,246,210,111,-25,-167,-291,-368,-381,-323,-214,-66,98,248,364,428,437,388,284,137,-29,-193,-333,-436,-491,-483,-420,-299,-135,41,223,384,506,573,575,503,368,192,-27,-249,-444,-593,-682,-694,-618,-461,-243,6,272,513,694,801,807,726,543,287,-8,-318,-584,-782,-894,-902,-785,-579,-292,33,346,626,831,926,924,795,572,287,-30,-349,-620,-808,-900,-880,-761,-561,-291,5,288,539,718,812,806,717,550,315,57,-196,-423,-600,-701,-723,-668,-543,-364,-159,65,274,447,559,619,616,548,425,270,87,-107,-283,-429,-536,-589,-587,-517,-402,-248,-64,131,316,466,572,-198,604,525,384,203,-8,-217,-410,-557,-649,-672,-614,-492,-313,-94,133,348,527,642,685,657,560,387,185,-39,-259,-444,-578,-649,-655,-587,-450,-273,-70,138,318,472,570,607,578,495,355,187,8,-170,-322,-443,-523,-539,-506,-424,-307,-167,-6,150,285,392,474,502,485,426,326,192,43,-111,-256,-378,-473,-517,-516,-462,-370,-231,-66,107,273,410,508,561,559,498,387,231,48,-136,-310,-454,-557,-600,-581,-512,-383,-214,-21,179,358,503,603,643,614,521,378,188,-18,-224,-418,-572,-665,-696,-654,-537,-372,-162,76,307,511,663,752,758,693,553,344,95,-175,-427,-639,627,154
10916,mtk,MTK 7916,4084076584,rx1-tx0,512,-144,-900,-650,269,94,-89,-270,-417,-505,-529,-481,-375,-217,-27,158,326,455,520,519,451,327,149,-47,-232,-388,-496,-541,-518,-423,-277,-98,99,283,435,521,548,516,411,254,66,-129,-310,-458,-556,-586,-537,-434,-275,-77,126,315,478,591,631,596,488,324,118,-107,-326,-507,-640,-697,-672,-569,-387,-159,89,338,548,697,763,744,636,442,197,-75,-354,-588,-746,-821,-795,-670,-477,-216,71,347,580,742,820,793,679,490,248,-32,-295,-518,-682,-769,-764,-682,-526,-311,-65,186,409,587,701,744,702,583,410,191,-50,-282,-490,-644,-737,-756,-690,-553,-357,-113,152,409,618,765,834,231,703,500,237,-55,-348,-619,-832,-938,-941,-835,-627,-342,-14,328,639,878,1021,1049,940,729,426,62,-301,-644,-919,-1084,-1120,-1021,-809,-496,-118,277,639,937,1127,1185,1102,893,575,184,-226,-609,-930,-1146,-1226,-1174,-982,-661,-268,157,572,930,1177,1295,1255,1069,758,340,-117,-575,-971,-1254,-1386,-1359,-1147,-794,-350,160,652,1052,1339,1454,1382,1123,723,231,-286,-762,-1145,-1369,-1406,-1262,-958,-536,-51,421,837,1130,1256,1227,1035,719,320,-111,-502,-814,-1026,-1090,-1009,-809,-504,-143,223,546,791,916,921,796,559,257,-77,-391,-647,-794,-812,-694,-461,-155,156,423,591,624,526,324,89,-428,-770,-417,-234,90,31,253,460,576,578,451,221,-64,-357,-593,-730,-748,-645,-442,-162,144,436,675,818,848,764,571,298,-27,-346,-637,-853,-960,-945,-806,-554,-226,142,512,824,1036,1133,1081,890,574,175,-253,-670,-1009,-1231,-1297,-1204,-956,-569,-113,381,835,1185,1410,1436,1296,987,521,10,-515,-991,-1341,-1517,-1520,-1315,-941,-472,80,619,1078,1407,1558,1514,1294,907,399,-145,-666,-1101,-1398,-1528,-1471,-1226,-847,-365,148,649,1057,1327,1452,1390,1171,817,386,-100,-557,-936,-1219,-1346,-1318,-1150,-838,-442,5,442,818,1111,1275,1291,1155,890,523,110,-319,-711,-1017,-1204,-1255,-1167,-948,-626,-234,189,588,919,-49,1250,1213,1040,748,369,-51,-477,-852,-1130,-1279,-1282,-1151,-881,-497,-59,397,809,1128,1324,1369,1254,982,601,133,-346,-794,-1152,-1367,-1438,-1318,-1037,-650,-179,329,791,1154,1378,1446,1331,1056,650,178,-321,-772,-1119,-1341,-1405,-1287,-1006,-622,-180,284,717,1051,1249,1289,1179,934,583,174,-250,-630,-925,-1097,-1144,-1059,-851,-545,-194,173,519,781,949,1006,939,768,519,214,-106,-399,-640,-812,-872,-832,-702,-492,-234,42,312,534,687,755,741,637,460,234,-10,-247,-455,-605,-677,-667,-578,-427,-223,2,219,408,543,606,598,517,373,189,-18,-217,-390,-510,-559,-543,-459,-318,-136,54,239,-651,-638,-95,-321,-713,-455,-519,-521,-458,-330,-162,29,213,371,485,529,501,417,271,89,-100,-278,-423,-515,-535,-487,-375,-213,-25,170,344,466,534,536,472,342,168,-19,-212,-383,-502,-560,-548,-475,-344,-170,37,234,402,533,600,592,519,385,201,-9,-224,-415,-563,-646,-656,-589,-449,-255,-21,217,435,610,710,737,671,524,307,50,-217,-464,-659,-771,-804,-736,-571,-339,-64,218,474,674,801,826,757,591,363,88,-191,-441,-640,-770,-808,-745,-603,-395,-142,123,362,566,704,762,731,626,453,239,0,-240,-452,-613,-721,-741,-691,-568,-381,-159,92,335,540,698,784,786,695,528,305,43,-568,-501,-712,-845,-890,-837,-687,-442,-142,175,485,746,925,996,959,797,540,220,-140,-486,-780,-993,-1075,-1043,-892,-631,-283,103,479,801,1038,1153,1129,976,710,352,-49,-445,-793,-1055,-1189,-1180,-1042,-782,-432,-25,387,775,1065,1226,1254,1137,886,527,99,-349,-757,-1088,-1297,-1347,-1242,-979,-581,-125,370,822,1165,1384,1432,1279,987,561,57,-465,-928,-1263,-1434,-1416,-1221,-865,-394,115,600,1000,1257,1341,1259,1014,638,198,-253,-662,-973,-1154,-1169,-1032,-778,-428,-29,352,676,902,1005,965,808,542,212,-132,-458,-707,-849,-869,-765,-546,-247,84,389,621,731,704,556,306,15,-247,-423,-469,853,547,247,-621,-663,452,431,289,59,-212,-463,-636,-694,-621,-431,-160,139,424,651,781,793,694,486,206,-108,-414,-672,-846,-905,-850,-683,-415,-85,264,591,850,1005,1042,946,716,396,12,-397,-763,-1044,-1196,-1205,-1056,-763,-361,94,539,944,1224,1364,1338,1127,781,317,-203,-687,-1114,-1390,-1490,-1417,-1168,-746,-239,303,824,1225,1481,1566,1434,1133,692,161,-383,-880,-1284,-1515,-1556,-1408,-1090,-644,-123,417,890,1246,1451,1486,1337,1023,609,119,-379,-822,-1156,-1357,-1403,-1271,-1011,-630,-182,274,699,1042,1262,1332,1240,1018,678,265,-176,-587,-932,-1166,-1271,-1233,-1046,-750,-369,49,459,818,1085,1232,1241,1106,845,425,84,-332,-715,-1018,-1211,-1271,-1190,-964,-626,-218,215,630,991,1235,1336,1288,1083,754,332,-131,-593,-981,-1263,-1405,-1369,-1182,-841,-404,87,584,995,1288,1439,1414,1207,860,421,-76,-565,-989,-1285,-1417,-1390,-1182,-847,-417,69,548,943,1210,1337,1312,1126,802,390,-62,-490,-847,-1100,-1218,-1188,-1020,-732,-375,13,397,728,952,1059,1051,916,677,377,36,-300,-588,-800,-919,-924,-822,-638,-378,-75,214,478,676,789,813,740,582,358,102,-160,-400,-583,-696,-723,-665,-536,-345,-118,117,332,507,617,647,600,482,306,97,-118,-317,-470,-561,-586,-540,-427,-256,-62,134,308,449,524,536,488,148,-174
10917,mtk,MTK 7916,4084076584,rx1-tx1,512,0,0,0,173,286,346,338,251,116,-41,-196,-310,-356,-322,-221,-79,73,214,307,335,291,183,34,-118,-237,-300,-306,-248,-134,11,150,256,296,273,197,71,-65,-191,-280,-309,-259,-150,-6,135,250,311,305,223,90,-57,-197,-299,-336,-297,-195,-44,119,260,347,357,288,158,-12,-194,-335,-411,-399,-299,-136,68,267,402,463,435,306,115,-107,-320,-473,-530,-483,-329,-105,144,374,538,591,527,361,121,-159,-414,-591,-647,-570,-392,-137,153,418,610,685,629,450,186,-109,-386,-593,-683,-646,-480,-225,67,341,551,650,627,489,251,-31,-292,-495,-605,-596,-465,-248,8,258,453,0,539,423,225,-10,-238,-420,-511,-491,-380,-196,23,239,406,490,462,341,155,-60,-268,-419,-490,-460,-334,-140,86,298,453,519,489,370,175,-61,-282,-450,-534,-523,-416,-232,-11,208,393,505,526,455,307,111,-103,-289,-414,-459,-426,-322,-166,2,157,272,334,334,276,177,64,-53,-142,-194,-206,-173,-115,-42,20,63,77,71,44,2,-39,-60,-58,-36,1,49,93,119,119,101,66,5,-64,-115,-150,-168,-158,-115,-48,22,91,141,164,155,121,68,5,-54,-105,-128,-128,-110,-75,-26,27,69,96,102,90,63,28,-13,-51,-79,-94,-91,-69,-39,-14,11,36,0,0,0,0,0,-42,16,72,128,178,206,199,163,98,13,-88,-181,-254,-288,-278,-218,-115,18,150,268,347,368,315,205,58,-109,-276,-390,-437,-412,-304,-129,78,275,434,523,517,403,209,-22,-257,-470,-603,-616,-514,-321,-57,227,479,649,705,629,434,161,-158,-455,-660,-746,-706,-521,-232,95,402,636,754,732,566,291,-35,-357,-612,-748,-742,-597,-327,12,348,612,749,757,629,360,24,-308,-587,-750,-770,-640,-377,-51,277,554,728,748,622,387,77,-249,-518,-685,-718,-602,-367,-67,243,497,650,668,552,326,39,-255,-493,-627,-639,-515,-280,8,295,526,637,625,490,245,-60,0,-578,-673,-637,-476,-216,99,403,625,719,671,489,202,-128,-446,-681,-778,-716,-511,-206,146,477,714,809,748,542,227,-137,-475,-719,-821,-757,-548,-237,128,464,704,809,752,538,221,-136,-469,-696,-778,-712,-506,-194,154,470,688,765,685,462,148,-194,-497,-688,-739,-638,-411,-98,235,517,694,731,614,374,55,-271,-538,-688,-703,-580,-348,-38,283,542,689,698,570,325,22,-284,-529,-664,-671,-553,-320,-25,265,494,618,623,503,278,12,-248,-449,-558,-554,-443,-247,-7,230,413,501,482,369,185,-32,-229,-376,-441,-412,-299,-123,73,239,354,396,351,232,65,-111,-256,0,0,0,0,0,-315,-207,-51,115,249,333,347,288,162,7,-144,-265,-337,-338,-264,-135,18,160,274,328,308,226,92,-60,-193,-278,-305,-264,-167,-31,107,220,286,287,224,113,-25,-160,-264,-311,-283,-192,-62,87,219,306,316,256,148,2,-157,-282,-341,-326,-238,-96,68,229,346,384,344,227,53,-137,-303,-417,-441,-369,-216,-10,208,386,485,489,389,212,-12,-247,-442,-550,-546,-431,-229,27,282,487,605,607,482,260,-19,-297,-522,-646,-656,-534,-307,-18,271,511,665,685,568,344,60,-233,-481,-631,-666,-576,-368,-95,187,428,582,628,555,374,122,-150,-388,-546,-589,-512,-338,0,140,354,490,528,471,315,91,-142,-334,-461,-491,-423,-269,-62,156,339,459,484,405,245,31,-190,-375,-486,-504,-423,-255,-35,190,385,510,534,458,305,87,-145,-351,-492,-544,-492,-364,-175,51,259,412,488,482,391,236,49,-143,-298,-389,-408,-358,-250,-110,36,159,239,270,249,192,110,22,-62,-118,-130,-114,-82,-34,12,39,50,35,2,-34,-63,-86,-88,-67,-26,29,88,134,154,144,103,56,-4,-74,-135,-170,-170,-142,-95,-29,38,95,131,147,137,100,45,-12,-57,-96,-118,-111,-80,-41,4,44,75,94,100,77,46,15,-20,-55,-74,-79,-75,-63,0,0,0,0,0,-131,-144,-145,-122,-71,-2,74,151,215,252,247,200,121,13,-103,-213,-293,-327,-304,-222,-97,54,212,332,391,383,316,182,3,-194,-361,-464,-480,-407,-269,-68,159,365,517,580,531,374,141,-119,-367,-563,-665,-640,-491,-249,42,336,577,720,725,592,348,40,-277,-543,-717,-756,-647,-412,-105,223,514,711,761,663,449,143,-189,-486,-694,-770,-689,-480,-178,158,465,682,771,705,504,206,-138,-451,-675,-771,-722,-529,-239,96,415,640,728,676,503,234,-87,-387,-601,-700,-659,-488,-218,85,373,578,665,612,431,166,-129,-399,-590,-651,-575,-384,-111,190,449,614,658,0,351,71,-228,-497,-669,-696,-586,-353,-39,287,558,722,744,614,360,32,-314,-601,-766,-785,-651,-381,-31,318,609,788,814,672,398,53,-306,-613,-797,-811,-665,-399,-57,303,602,772,783,642,376,36,-310,-596,-763,-764,-607,-327,6,332,595,738,731,581,303,-47,-373,-612,-728,-706,-535,-248,88,396,622,720,669,491,211,-117,-424,-631,-716,-649,-461,-182,129,423,626,701,630,441,171,-132,-411,-603,-675,-604,-421,-160,127,380,548,609,544,378,143,-116,-348,-499,-547,-477,-315,-100,132,331,449,472,402,253,59,-140,-302,-396,-408,-328,-184,-7,172,308,371,353,259,0,0
10918,mtk,MTK 7916,4084076584,rx2-tx0,512,0,0,0,-406,-310,-146,56,254,402,462,422,287,91,-126,-322,-460,-504,-440,-276,-53,179,380,511,534,443,257,14,-233,-434,-550,-548,-429,-216,44,298,499,595,565,419,181,-98,-361,-549,-619,-555,-378,-116,182,448,621,656,547,327,32,-282,-546,-699,-700,-550,-279,52,383,646,779,745,556,248,-119,-475,-746,-865,-804,-581,-242,160,536,809,922,855,610,237,-193,-591,-878,-984,-895,-630,-241,203,608,895,1000,907,631,225,-225,-621,-899,-999,-898,-621,-225,220,620,889,977,871,591,198,-224,-603,-862,-937,-817,-545,-166,246,599,828,891,770,489,112,-284,-616,-814,-842,-699,0,-37,341,651,822,822,654,342,-42,-416,-702,-849,-826,-632,-302,98,479,766,904,853,634,277,-142,-542,-835,-968,-906,-658,-277,159,570,873,1006,939,682,285,-167,-588,-901,-1045,-977,-707,-300,171,602,917,1064,1004,734,325,-144,-594,-933,-1085,-1029,-771,-363,121,581,931,1102,1055,811,413,-68,-535,-899,-1094,-1072,-851,-473,-13,444,809,1022,1046,876,537,109,-327,-698,-935,-984,-847,-564,-186,219,573,813,896,808,577,246,-117,-447,-688,-803,-760,-577,-300,22,331,573,704,705,586,365,89,-192,-435,-596,-650,-603,-466,-260,-20,210,399,521,563,527,430,293,138,-3,-118,0,0,0,0,0,-64,-224,-378,-511,-594,-607,-532,-370,-142,117,375,589,723,746,644,429,136,-193,-504,-736,-844,-806,-618,-310,60,430,738,922,946,787,475,61,-375,-759,-1013,-1087,-960,-645,-198,292,746,1085,1227,1131,822,356,-186,-710,-1109,-1311,-1276,-1004,-532,51,636,1106,1360,1364,1125,671,76,-533,-1048,-1361,-1419,-1216,-786,-201,420,959,1317,1424,1263,861,299,-322,-872,-1253,-1389,-1268,-904,-359,250,801,1191,1343,1241,906,397,-183,-719,-1103,-1274,-1199,-894,-411,141,662,1049,1223,1158,867,409,-115,-608,-977,-1146,-1089,-828,-403,92,562,914,1080,1030,780,380,-85,-524,-856,-1014,-966,-732,-353,93,0,815,948,894,668,308,-110,-497,-775,-893,-832,-608,-264,130,490,744,843,769,542,211,-156,-488,-718,-791,-702,-469,-151,193,487,674,719,618,389,85,-229,-491,-647,-659,-533,-300,-12,278,502,609,589,446,206,-71,-329,-513,-585,-531,-366,-122,147,379,523,554,463,272,28,-217,-420,-532,-525,-400,-193,53,283,459,531,489,340,123,-116,-336,-485,-526,-457,-293,-65,176,375,493,504,410,232,4,-222,-395,-482,-473,-367,-180,43,254,408,466,431,309,123,-97,-289,-412,-445,-384,-241,-50,148,312,406,411,329,174,-19,-201,-338,-404,-380,-270,-99,91,256,367,395,340,0,0,0,0,0,-133,-299,-413,-442,-370,-216,-9,207,379,472,470,370,184,-41,-259,-433,-517,-491,-361,-153,88,314,480,552,509,352,117,-146,-382,-538,-585,-507,-322,-70,199,433,578,597,489,277,5,-275,-501,-622,-610,-467,-216,84,364,577,674,625,440,152,-183,-488,-689,-745,-654,-426,-93,271,583,782,821,695,421,51,-333,-657,-862,-888,-733,-427,-34,381,726,930,943,765,437,14,-415,-767,-967,-977,-791,-447,-14,425,783,974,977,789,441,3,-434,-780,-965,-960,-768,-419,10,431,763,944,934,730,386,-28,-433,-745,-899,-871,-674,-338,62,445,731,865,821,604,263,-125,-483,0,-849,-775,-540,-193,193,537,778,852,748,487,129,-266,-611,-827,-874,-749,-468,-84,325,669,886,934,783,470,62,-362,-721,-939,-977,-819,-489,-58,378,744,970,1007,843,509,69,-389,-779,-1017,-1045,-874,-536,-89,389,784,1026,1072,908,564,101,-381,-779,-1031,-1093,-945,-599,-142,337,754,1025,1102,974,647,208,-268,-697,-988,-1091,-997,-710,-293,168,592,893,1025,967,729,358,-64,-470,-778,-929,-908,-727,-410,-24,350,647,821,838,698,434,98,-242,-522,-705,-758,-671,-467,-188,119,396,593,684,650,510,292,31,-225,-432,-573,-622,-575,-443,-262,-62,129,290,395,438,423,362,0,0,0,0,0,447,432,366,239,57,-158,-374,-560,-676,-697,-613,-430,-171,127,416,653,784,779,643,394,60,-307,-618,-825,-899,-811,-567,-212,198,591,883,1019,966,729,357,-101,-561,-923,-1122,-1127,-917,-523,-16,502,932,1201,1267,1092,698,161,-406,-909,-1253,-1369,-1222,-851,-312,295,856,1256,1424,1327,976,437,-183,-767,-1210,-1428,-1375,-1063,-552,64,662,1133,1391,1383,1107,620,24,-573,-1059,-1336,-1352,-1107,-655,-87,493,973,1261,1300,1092,674,128,-438,-907,-1195,-1248,-1061,-666,-147,388,837,1124,1186,1012,642,158,-346,-780,-1058,-1121,-961,-617,-165,318,733,992,1043,892,574,145,-308,-696,-934,-982,0,-514,-115,305,664,883,920,774,473,81,-318,-645,-840,-865,-712,-416,-49,327,632,795,797,643,358,2,-339,-606,-749,-730,-558,-279,44,352,586,695,648,468,198,-107,-389,-584,-651,-577,-380,-108,178,420,573,602,499,295,27,-240,-450,-562,-551,-424,-210,49,296,472,545,501,347,118,-135,-357,-498,-529,-451,-271,-33,209,404,515,514,404,208,-30,-263,-434,-518,-494,-360,-148,91,304,454,510,454,305,96,-132,-332,-458,-487,-408,-245,-38,170,348,445,448,357,191,-14,-209,-357,-426,-407,-296,-119,80,255,371,408,353,219,39,-146,-298,-386,-385,-297,-150,34,214,0,0
10919,mtk,MTK 7916,4084076584,rx2-tx1,512,0,0,0,53,36,9,-13,-25,-29,-23,-10,5,18,26,29,23,5,-20,-38,-47,-51,-45,-23,4,28,49,59,56,46,25,1,-22,-36,-44,-45,-36,-15,2,14,19,22,14,4,-4,-9,-13,-6,7,22,33,39,35,18,-8,-37,-65,-83,-82,-61,-27,19,72,114,135,127,97,45,-19,-91,-151,-185,-181,-142,-77,9,97,176,224,227,185,109,3,-107,-200,-254,-265,-230,-143,-26,93,195,266,284,247,165,47,-82,-195,-266,-289,-258,-177,-60,69,183,262,290,253,166,50,-75,-186,-255,-272,-236,-151,-35,89,194,256,261,216,125,6,-124,-222,-269,-261,0,-81,48,170,264,307,288,200,68,-84,-223,-319,-353,-322,-226,-73,104,268,379,417,376,263,92,-106,-289,-424,-475,-430,-304,-112,112,314,459,519,474,333,125,-111,-336,-503,-574,-528,-381,-152,111,359,545,635,603,461,224,-66,-348,-574,-699,-692,-549,-306,-4,304,562,719,752,636,396,86,-237,-517,-708,-775,-690,-478,-191,128,428,652,755,710,540,274,-38,-344,-587,-725,-720,-583,-351,-62,239,492,645,679,595,411,155,-130,-389,-572,-641,-604,-467,-255,-4,246,453,578,599,525,367,150,-85,-295,-458,-547,-558,-485,-345,-164,22,192,322,404,431,403,337,248,0,0,0,0,0,-172,-235,-280,-292,-269,-212,-118,6,140,260,345,384,371,300,176,17,-153,-299,-401,-441,-405,-286,-116,76,265,416,499,492,400,226,0,-236,-433,-563,-604,-541,-363,-113,175,439,633,725,696,526,251,-70,-390,-660,-819,-828,-695,-445,-103,276,617,853,932,847,627,292,-113,-494,-799,-961,-939,-757,-449,-52,355,695,911,960,844,574,197,-218,-577,-836,-937,-873,-654,-311,91,464,749,894,864,670,364,-3,-373,-660,-814,-819,-668,-387,-38,307,594,771,797,665,404,72,-265,-551,-730,-764,-654,-420,-107,225,512,700,752,656,438,133,-195,-481,-666,-725,-652,-451,-158,0,461,639,699,636,447,168,-140,-414,-610,-685,-621,-436,-166,128,400,596,668,609,430,162,-140,-409,-599,-677,-617,-433,-163,146,426,616,683,624,443,172,-127,-412,-618,-698,-651,-474,-196,115,402,612,700,656,481,215,-81,-365,-580,-682,-658,-509,-258,42,326,546,655,637,500,274,-1,-273,-485,-604,-604,-488,-286,-34,218,424,547,558,459,284,63,-172,-366,-480,-501,-431,-278,-81,123,294,403,432,378,252,89,-86,-233,-329,-363,-329,-226,-85,56,179,270,302,266,188,86,-27,-134,-206,-236,-218,-159,-76,14,93,150,174,166,125,65,1,-57,-100,-118,-108,-79,0,0,0,0,0,19,41,47,40,23,3,-15,-28,-29,-18,1,19,33,41,38,28,11,-11,-34,-50,-54,-52,-38,-15,14,42,55,57,48,34,14,-6,-22,-34,-40,-30,-14,5,14,15,9,-2,-14,-18,-21,-13,4,20,32,46,57,54,38,-1,-42,-77,-99,-105,-95,-67,-12,54,111,146,158,141,98,26,-57,-134,-191,-212,-193,-137,-56,47,148,218,248,233,177,80,-36,-150,-235,-278,-268,-202,-100,19,145,244,292,283,219,114,-11,-134,-234,-285,-282,-223,-121,8,130,232,288,278,207,106,-15,-143,-233,-268,-253,-189,-81,47,160,243,276,243,155,45,-77,0,-281,-294,-237,-134,-2,139,254,315,318,257,140,-13,-178,-305,-371,-372,-299,-158,21,200,348,435,431,346,194,-4,-210,-375,-474,-480,-392,-222,-5,221,409,517,530,437,254,19,-234,-455,-586,-605,-506,-314,-55,227,468,627,674,594,393,114,-187,-458,-659,-743,-671,-485,-207,113,417,642,759,733,578,308,-27,-342,-593,-742,-757,-627,-384,-71,249,524,703,749,660,452,166,-141,-416,-618,-708,-666,-502,-249,43,320,530,647,654,545,336,77,-190,-419,-577,-628,-566,-415,-191,59,288,464,567,577,495,339,141,-71,-269,-419,-504,-520,-467,-362,-222,-74,59,163,233,0,0,0,0,0,168,109,35,-57,-161,-256,-329,-366,-349,-276,-161,-19,129,267,369,415,390,302,160,-14,-194,-350,-446,-466,-407,-265,-71,145,341,486,550,514,379,167,-84,-330,-531,-644,-645,-533,-316,-27,283,545,719,779,701,488,178,-173,-502,-753,-884,-856,-676,-374,3,391,713,909,955,827,543,164,-240,-605,-869,-978,-905,-670,-326,78,472,775,938,938,759,444,53,-345,-676,-880,-923,-795,-516,-154,231,569,798,873,782,543,205,-164,-495,-730,-823,-757,-549,-242,107,435,680,785,734,556,270,-78,-398,-633,-750,-724,-556,-288,40,355,597,721,711,565,309,-13,-324,-569,-704,0,-553,-309,-6,296,538,676,675,542,305,9,-288,-525,-661,-662,-525,-296,-10,288,532,660,664,548,319,18,-289,-535,-671,-671,-546,-315,-23,278,527,682,696,569,338,38,-276,-523,-676,-702,-586,-355,-57,244,498,659,689,591,376,93,-208,-464,-629,-665,-581,-387,-120,163,414,581,632,564,387,141,-122,-358,-530,-592,-541,-384,-166,73,302,465,523,492,370,178,-44,-254,-410,-476,-453,-344,-179,9,187,328,396,390,312,174,11,-138,-256,-315,-318,-259,-157,-28,97,197,256,259,216,135,33,-66,-143,-193,-206,-174,-112,-38,39,101,137,146,122,76,27,-22,-63,0,0
10920,mtk,MTK 7916,4084124826,rx0-tx0,512,557,-62,-211,484,618,718,764,756,695,582,427,241,32,-177,-383,-562,-706,-801,-828,-800,-713,-559,-361,-127,121,370,588,768,884,936,906,800,623,395,123,-158,-413,-654,-835,-933,-958,-902,-769,-589,-339,-72,196,441,644,790,869,876,809,684,503,286,52,-177,-379,-550,-673,-748,-757,-699,-590,-449,-264,-70,118,287,426,534,597,610,587,507,398,266,118,-24,-167,-297,-400,-464,-498,-496,-469,-414,-308,-181,-63,59,184,294,380,434,452,437,379,300,201,94,-24,-144,-240,-311,-358,-381,-368,-320,-256,-178,-84,15,98,169,237,267,283,287,251,211,163,95,34,-35,-98,-148,-588,-228,-238,-228,-203,-162,-107,-49,20,80,138,176,201,205,191,163,120,59,-4,-61,-108,-149,-171,-172,-157,-125,-80,-27,24,83,122,136,143,129,93,48,-13,-76,-132,-173,-185,-181,-161,-108,-37,56,139,217,270,294,292,252,177,75,-38,-155,-273,-353,-401,-415,-385,-308,-193,-57,94,239,356,449,500,505,457,350,220,56,-116,-265,-400,-501,-541,-533,-475,-372,-232,-71,99,254,383,474,527,528,470,373,246,94,-64,-211,-324,-423,-471,-475,-443,-362,-254,-119,27,166,289,380,430,442,410,331,219,80,-67,-201,-314,-388,-400,-358,-270,-145,-9,117,210,250,327,231,587,-334,-303,-61,-158,-248,-307,-313,-256,-155,-19,127,259,360,421,431,381,287,150,-6,-165,-305,-421,-488,-498,-462,-377,-237,-82,87,259,393,491,553,552,480,366,217,40,-137,-295,-432,-528,-560,-542,-465,-342,-188,-10,152,298,415,486,505,475,389,285,144,0,-131,-237,-321,-370,-382,-353,-300,-215,-117,-17,77,157,220,255,265,251,205,140,82,13,-57,-111,-150,-166,-168,-145,-103,-51,0,53,96,123,130,116,78,30,-21,-85,-132,-151,-164,-160,-126,-78,-12,61,130,195,234,256,257,222,159,83,-5,-103,-192,-281,-337,-363,-360,-318,-241,-143,-27,101,217,313,392,-291,445,414,344,239,119,-18,-162,-296,-402,-474,-515,-506,-456,-369,-244,-94,55,205,339,441,513,547,540,479,379,266,130,-28,-179,-304,-407,-496,-549,-562,-539,-479,-380,-252,-100,67,234,384,524,629,691,704,650,550,403,212,7,-210,-424,-613,-762,-847,-867,-821,-697,-525,-298,-34,236,486,711,885,985,998,938,796,589,318,17,-280,-563,-807,-977,-1069,-1076,-993,-828,-588,-298,16,328,613,856,1019,1099,1087,975,788,534,248,-68,-366,-628,-846,-984,-1039,-1008,-900,-716,-473,-207,75,337,569,756,878,923,901,802,646,454,225,-17,-260,-463,-631,-754,-816,-807,-749,-634,-247,-293,525,-568,-550,594,446,270,70,-132,-328,-507,-652,-752,-793,-778,-710,-580,-412,-199,25,247,467,656,794,877,886,821,691,500,264,3,-266,-507,-716,-868,-951,-942,-862,-720,-495,-234,43,319,554,749,885,933,903,802,637,424,179,-77,-312,-517,-679,-780,-815,-780,-692,-556,-380,-181,36,249,419,561,656,689,669,596,483,340,171,9,-156,-301,-411,-496,-535,-540,-512,-447,-345,-223,-96,37,161,284,387,442,463,469,431,362,267,150,29,-105,-222,-317,-380,-412,-422,-387,-318,-232,-136,-32,79,166,234,295,327,328,300,264,203,125,55,-29,-98,-152,-208,-240,-256,-254,-226,-187,321,-78,-15,50,109,155,188,212,219,205,167,117,57,-8,-63,-114,-159,-185,-191,-176,-148,-103,-44,14,68,112,140,148,148,128,88,39,-12,-71,-120,-152,-163,-152,-116,-59,4,67,135,193,235,243,218,166,87,-7,-108,-207,-285,-331,-343,-331,-273,-173,-62,65,197,316,406,456,462,417,325,204,57,-105,-263,-394,-487,-539,-527,-474,-377,-226,-55,116,275,405,493,533,529,471,373,238,87,-84,-237,-361,-456,-505,-502,-448,-362,-252,-106,31,174,299,395,451,461,427,351,240,108,-31,-168,-289,-374,-423,-418,-365,-272,-140,8,144,258,326,339,295,204,91,-387,-478,-258,65,151,-221,-201,-129,-21,112,236,330,380,372,310,200,65,-90,-234,-356,-438,-469,-444,-373,-263,-110,55,214,365,468,518,529,476,370,230,62,-124,-291,-421,-521,-567,-544,-472,-361,-200,-23,151,312,433,515,539,502,429,311,160,6,-151,-274,-369,-433,-442,-409,-340,-247,-134,-12,93,190,269,307,321,301,254,181,97,14,-63,-134,-177,-202,-215,-198,-158,-104,-47,14,71,112,131,132,121,89,43,-14,-63,-103,-122,-139,-131,-89,-36,12,77,135,178,210,211,193,143,69,-6,-92,-176,-240,-282,-300,-289,-263,-200,-111,-7,107,218,306,370,405,401,355,283,182,374,-73,-195,-309,-398,-457,-481,-462,-397,-299,-180,-36,118,259,380,474,524,536,509,429,320,182,31,-126,-273,-390,-471,-540,-558,-529,-457,-367,-249,-111,44,193,331,448,536,599,616,584,514,406,253,78,-118,-309,-482,-632,-735,-784,-772,-698,-557,-368,-142,98,347,567,744,873,932,917,826,666,444,170,-111,-388,-647,-850,-996,-1049,-1020,-909,-708,-449,-156,154,449,718,927,1062,1101,1052,914,697,423,118,-199,-500,-756,-944,-1058,-1076,-1004,-861,-643,-372,-77,224,496,731,887,971,975,902,768,574,333,81,-180,-418,-615,-763,-849,-871,-818,-705,-552,-359,-135,86,296,495,-194,-126
10921,mtk,MTK 7916,4084124826,rx0-tx1,512,-760,-789,-655,188,-69,-325,-569,-766,-906,-995,-998,-920,-767,-552,-289,4,310,589,827,1005,1111,1127,1049,888,652,363,48,-285,-597,-864,-1069,-1190,-1216,-1145,-982,-743,-444,-111,238,571,855,1072,1213,1264,1207,1061,829,530,195,-158,-497,-793,-1033,-1194,-1262,-1230,-1107,-905,-628,-313,31,372,682,946,1128,1234,1241,1150,979,730,425,86,-253,-568,-842,-1043,-1170,-1214,-1161,-1019,-795,-527,-220,102,424,704,916,1073,1144,1119,1023,850,614,336,32,-263,-538,-764,-936,-1034,-1060,-1008,-878,-685,-447,-186,86,356,595,787,924,994,993,918,780,587,355,90,-178,-437,-666,-855,-980,-1034,-1013,-905,-729,-507,-430,68,361,636,855,1013,1102,1096,1004,826,584,291,-33,-360,-653,-899,-1070,-1153,-1148,-1037,-847,-580,-266,70,396,690,931,1085,1151,1116,990,790,517,210,-119,-427,-698,-909,-1032,-1067,-1020,-897,-684,-423,-140,148,417,649,817,917,939,876,745,561,339,93,-141,-349,-533,-672,-750,-763,-713,-615,-473,-302,-121,71,250,399,512,589,618,589,514,418,288,131,-23,-167,-303,-403,-473,-507,-499,-445,-366,-258,-133,-10,110,217,303,370,402,398,369,308,228,131,26,-77,-177,-254,-310,-341,-339,-309,-258,-185,-92,5,106,190,254,298,308,278,214,129,29,-71,-155,-209,-222,-200,-892,-912,-195,331,785,66,170,263,318,324,283,197,71,-60,-190,-308,-383,-422,-414,-363,-273,-160,-27,117,243,355,438,478,486,444,363,253,109,-51,-197,-339,-465,-548,-592,-589,-528,-426,-287,-109,88,282,458,605,703,737,715,627,484,287,58,-170,-411,-620,-773,-864,-878,-809,-681,-478,-226,44,308,551,753,890,943,915,810,626,392,129,-146,-402,-624,-801,-901,-927,-866,-734,-549,-327,-67,190,419,613,752,823,826,765,644,478,266,47,-162,-353,-513,-632,-698,-712,-669,-581,-450,-287,-115,61,232,368,483,566,602,598,557,476,361,230,79,-72,-223,-362,-468,-546,-594,-595,-553,-469,230,-214,-52,123,286,428,547,629,656,635,566,455,301,121,-62,-249,-418,-549,-639,-679,-670,-607,-496,-347,-175,14,200,366,503,600,646,648,601,505,376,220,53,-111,-262,-395,-496,-560,-585,-564,-503,-417,-302,-167,-26,109,233,341,425,483,511,503,463,393,302,194,66,-59,-182,-296,-383,-454,-504,-515,-492,-441,-364,-254,-124,21,159,290,410,493,549,565,541,486,391,267,126,-27,-178,-325,-440,-531,-591,-608,-579,-513,-409,-274,-124,45,212,360,492,594,648,664,627,547,429,275,96,-86,-271,-439,-577,-677,-733,-737,-688,-590,-434,-249,-43,175,387,571,714,809,-960,-707,136,472,647,-890,-922,-885,-773,-589,-366,-108,178,450,693,890,1018,1074,1041,922,729,477,182,-140,-452,-733,-956,-1102,-1174,-1154,-1035,-835,-562,-245,98,434,738,988,1157,1236,1222,1110,908,642,324,-27,-376,-694,-961,-1149,-1251,-1258,-1163,-983,-730,-417,-74,274,598,878,1094,1225,1264,1202,1052,817,533,205,-145,-474,-768,-1003,-1163,-1234,-1203,-1094,-901,-635,-330,5,336,641,886,1063,1166,1179,1102,929,705,433,115,-197,-485,-742,-935,-1062,-1106,-1064,-947,-759,-521,-248,36,319,573,780,923,1002,1015,952,814,627,397,141,-129,-387,-620,-808,-939,-1002,-989,-910,-762,-558,-306,-34,252,529,752,925,-1099,1067,1018,885,674,419,117,-198,-500,-761,-962,-1096,-1147,-1096,-952,-732,-442,-123,214,534,805,1015,1137,1163,1092,937,695,400,72,-262,-564,-827,-1010,-1109,-1113,-1021,-853,-608,-320,-11,286,564,794,935,1001,985,895,734,508,254,-20,-282,-507,-682,-799,-845,-814,-736,-603,-423,-211,8,210,390,535,629,679,672,610,505,369,213,39,-135,-276,-404,-505,-557,-552,-521,-444,-337,-211,-73,69,197,304,388,435,443,423,367,290,194,77,-36,-143,-236,-303,-348,-366,-358,-316,-248,-164,-64,38,132,212,275,311,323,299,246,173,83,-20,-121,-205,-259,-280,-262,-206,-123,-26,61,-146,67,364,-950,-627,239,216,146,39,-87,-209,-312,-373,-380,-354,-275,-162,-32,108,237,344,415,457,446,396,311,188,51,-90,-234,-351,-449,-516,-528,-502,-442,-332,-185,-28,151,321,466,579,651,662,622,530,385,193,-17,-234,-438,-614,-742,-802,-803,-736,-587,-386,-150,109,366,596,787,895,926,880,755,562,317,45,-230,-495,-712,-864,-941,-937,-852,-700,-486,-229,42,306,532,712,836,891,857,756,604,402,172,-64,-294,-490,-644,-746,-775,-745,-662,-537,-366,-179,20,209,375,504,597,647,656,604,505,388,242,83,-75,-227,-364,-469,-548,-586,-584,-549,-464,-349,-219,-69,90,247,393,-198,583,625,622,568,473,343,179,-2,-178,-347,-494,-607,-663,-676,-637,-543,-407,-243,-63,131,314,473,585,652,678,643,561,438,282,109,-69,-245,-396,-509,-587,-619,-606,-548,-454,-328,-184,-30,123,259,375,472,525,545,521,470,392,290,172,45,-86,-207,-317,-401,-464,-496,-494,-470,-411,-323,-226,-101,32,162,283,390,475,529,542,518,468,375,257,123,-26,-170,-304,-428,-515,-570,-584,-561,-495,-395,-273,-123,41,198,342,468,558,617,634,602,529,424,278,111,-65,-241,-399,-528,-630,-685,-693,-657,-563,-430,-263,-75,126,317,495,643,740,793,784,714,589,421,211,-211,-704
10922,mtk,MTK 7916,4084124826,rx1-tx0,512,-144,-1243,-1483,483,523,520,464,360,236,82,-88,-240,-373,-466,-517,-525,-481,-386,-254,-103,61,222,360,463,523,532,493,413,291,146,-20,-182,-327,-447,-521,-550,-533,-464,-360,-220,-64,100,266,402,509,578,590,559,480,355,200,23,-155,-326,-473,-580,-647,-659,-615,-518,-376,-198,-2,207,393,553,678,740,742,682,563,387,174,-51,-276,-485,-657,-775,-821,-803,-716,-559,-356,-126,123,358,558,711,800,825,787,677,514,309,83,-146,-360,-540,-680,-757,-776,-738,-638,-493,-314,-116,91,290,462,600,694,737,726,662,549,394,218,21,-188,-378,-543,-678,-766,-788,-757,-669,-525,-336,231,123,356,563,733,854,911,894,801,632,411,154,-124,-399,-643,-844,-977,-1032,-1003,-886,-689,-434,-139,174,478,749,950,1079,1123,1070,926,705,423,110,-229,-548,-821,-1033,-1157,-1193,-1121,-964,-725,-419,-76,273,606,893,1102,1234,1262,1180,1008,743,416,47,-334,-688,-995,-1223,-1347,-1352,-1244,-1031,-722,-337,82,500,877,1182,1374,1449,1390,1192,890,503,63,-378,-774,-1098,-1315,-1399,-1354,-1183,-897,-537,-136,270,633,933,1128,1213,1188,1052,819,519,183,-165,-487,-738,-927,-1016,-998,-893,-712,-459,-164,128,404,632,795,862,835,712,520,272,-13,-284,-509,-652,-690,-629,-472,-253,-13,184,944,201,-417,-742,-594,20,222,416,549,604,558,417,203,-50,-306,-531,-686,-768,-759,-661,-490,-265,-5,265,505,709,840,885,861,742,549,304,20,-278,-561,-791,-963,-1053,-1042,-945,-743,-469,-143,212,550,857,1088,1232,1263,1176,984,690,320,-82,-489,-865,-1176,-1378,-1461,-1407,-1213,-909,-534,-83,377,808,1170,1423,1553,1543,1395,1117,745,293,-189,-637,-1044,-1341,-1527,-1585,-1490,-1280,-946,-524,-66,375,800,1150,1386,1510,1500,1352,1098,765,365,-65,-486,-846,-1138,-1329,-1410,-1378,-1226,-973,-656,-290,98,483,816,1076,1252,1314,1277,1144,922,622,269,-92,-448,-766,-1018,-1192,-1263,-1230,-1113,-909,-622,-293,59,405,-49,977,1165,1258,1251,1152,949,680,344,-22,-388,-724,-1006,-1217,-1327,-1332,-1226,-1018,-725,-365,23,424,795,1095,1306,1404,1394,1266,1028,697,308,-117,-533,-888,-1180,-1374,-1448,-1393,-1219,-942,-576,-181,232,636,973,1223,1376,1397,1294,1088,794,444,58,-332,-680,-970,-1167,-1254,-1241,-1123,-913,-627,-299,41,371,660,888,1031,1080,1054,939,751,500,213,-72,-348,-588,-769,-887,-925,-889,-783,-613,-398,-160,81,318,518,672,761,789,753,656,506,316,110,-102,-299,-467,-592,-664,-682,-644,-548,-409,-239,-50,136,306,454,556,606,601,545,443,301,135,-41,-204,-351,-462,-528,-551,-525,-448,-330,9,-394,-95,812,30,221,65,-100,-258,-381,-471,-529,-527,-475,-374,-241,-92,71,231,371,469,521,528,484,395,266,115,-50,-207,-346,-452,-525,-547,-514,-435,-320,-169,-15,150,300,424,517,560,565,511,414,283,126,-45,-212,-368,-498,-582,-620,-603,-543,-432,-285,-109,83,270,439,575,664,704,680,598,472,294,89,-130,-341,-534,-686,-768,-789,-750,-645,-484,-270,-30,209,435,623,753,826,830,759,625,438,218,-16,-250,-465,-635,-752,-805,-792,-714,-582,-405,-198,18,235,428,582,688,744,748,690,581,433,257,62,-139,-333,-500,-627,-707,-748,-730,-654,-535,-378,-179,31,246,453,628,755,-568,842,787,666,492,272,19,-240,-489,-705,-860,-954,-975,-908,-766,-554,-293,-3,297,576,810,975,1065,1071,989,815,568,280,-47,-370,-663,-906,-1068,-1155,-1144,-1030,-837,-569,-256,85,421,718,969,1140,1213,1189,1070,861,576,244,-119,-470,-791,-1052,-1235,-1312,-1275,-1131,-895,-577,-196,204,589,933,1207,1376,1413,1329,1130,823,431,4,-439,-831,-1144,-1365,-1453,-1390,-1204,-908,-527,-104,327,721,1037,1240,1316,1275,1120,858,528,152,-218,-560,-839,-1023,-1116,-1100,-974,-772,-505,-181,136,422,663,848,926,916,814,637,398,114,-170,-427,-631,-765,-799,-724,-557,-319,-49,205,408,523,533,445,1111,1453,247,-37,-411,445,442,340,158,-71,-314,-518,-658,-707,-661,-522,-313,-69,196,439,635,769,830,800,687,500,251,-14,-284,-546,-749,-893,-960,-944,-826,-632,-376,-65,247,561,829,1027,1143,1149,1055,861,576,239,-149,-525,-864,-1137,-1310,-1361,-1290,-1106,-807,-426,2,447,858,1182,1419,1534,1490,1320,1027,638,189,-281,-728,-1110,-1399,-1567,-1578,-1454,-1204,-841,-411,61,525,934,1267,1480,1557,1505,1331,1021,640,217,-231,-649,-998,-1267,-1424,-1463,-1370,-1169,-873,-503,-112,292,671,980,1206,1332,1352,1261,1067,800,462,86,-286,-632,-924,-1140,-1259,-1278,-1200,-1029,-771,-456,-98,256,585,878,1100,1230,1263,1192,425,798,492,144,-204,-548,-853,-1091,-1251,-1301,-1246,-1091,-852,-539,-179,202,575,901,1161,1322,1383,1331,1156,885,535,145,-261,-655,-997,-1251,-1403,-1442,-1346,-1141,-839,-459,-34,384,765,1088,1312,1418,1410,1275,1026,708,325,-94,-496,-842,-1109,-1275,-1339,-1282,-1119,-869,-542,-185,180,526,816,1031,1149,1172,1101,938,696,398,91,-212,-494,-732,-910,-993,-992,-920,-769,-567,-322,-54,203,440,637,770,837,843,776,644,463,247,26,-198,-400,-566,-675,-728,-722,-656,-534,-371,-179,17,211,385,520,611,644,620,547,434,279,104,-76,-247,-396,-506,-570,-578,-535,-453,-321,-167,1,166,315,426,760,646
10923,mtk,MTK 7916,4084124826,rx1-tx1,512,0,0,0,342,237,77,-101,-252,-339,-333,-241,-81,97,245,321,322,241,99,-69,-220,-309,-318,-241,-98,71,211,293,297,221,83,-72,-209,-287,-290,-207,-74,74,200,285,286,201,61,-97,-230,-289,-274,-186,-46,116,242,309,288,187,32,-134,-274,-346,-322,-206,-30,150,298,367,336,208,26,-169,-329,-409,-377,-245,-39,178,357,455,429,286,68,-175,-377,-491,-486,-349,-119,144,380,534,554,426,188,-95,-364,-549,-602,-513,-293,6,312,538,634,582,387,99,-214,-479,-628,-630,-486,-222,90,382,583,638,535,305,11,-284,-503,-600,-547,-373,-108,182,417,547,541,400,162,0,-339,-486,-512,-409,-207,39,274,444,491,412,228,-9,-242,-405,-466,-410,-251,-30,200,377,467,435,294,79,-164,-368,-484,-482,-365,-152,97,325,481,530,449,263,17,-231,-422,-520,-496,-363,-151,88,298,440,486,427,271,58,-146,-304,-394,-398,-315,-174,-2,147,255,301,277,194,86,-29,-118,-162,-166,-136,-79,-14,34,56,55,35,5,-21,-31,-23,6,31,62,84,82,53,7,-47,-93,-124,-129,-106,-60,4,76,129,145,132,92,34,-29,-77,-112,-123,-99,-52,-2,46,83,94,86,61,20,-29,-63,-77,-75,-57,-27,7,39,59,69,66,49,27,5,0,0,0,0,0,-41,14,76,136,178,192,170,111,19,-83,-182,-247,-264,-227,-132,-3,133,252,324,320,246,112,-59,-228,-347,-392,-347,-219,-35,168,350,448,448,343,150,-94,-327,-490,-538,-463,-274,-12,270,491,609,593,429,157,-150,-433,-626,-673,-565,-318,5,332,590,716,665,462,146,-208,-517,-697,-712,-557,-270,82,422,666,741,634,374,35,-324,-612,-751,-695,-474,-142,227,548,730,736,560,249,-124,-461,-685,-740,-617,-354,-6,346,608,714,647,426,101,-246,-524,-665,-649,-472,-172,170,459,628,639,488,211,-118,-414,-598,-625,-492,-237,80,372,568,621,512,269,-45,-358,0,-653,-557,-315,13,341,584,687,623,393,54,-306,-593,-740,-700,-480,-133,244,562,749,755,578,245,-162,-519,-748,-800,-652,-339,56,432,704,810,708,433,58,-329,-641,-788,-733,-494,-135,245,567,750,738,532,203,-180,-518,-716,-735,-564,-249,123,459,684,730,587,295,-71,-418,-656,-725,-611,-342,17,365,624,722,636,389,48,-311,-588,-716,-661,-447,-122,231,519,683,681,500,194,-149,-455,-645,-672,-530,-260,66,365,574,630,530,305,11,-276,-484,-569,-508,-323,-64,199,409,504,470,323,98,-145,-336,-438,-431,-306,-109,114,296,392,383,277,97,-102,-265,-352,-350,0,0,0,0,0,111,260,346,338,240,78,-104,-250,-333,-332,-247,-94,88,244,328,324,242,98,-75,-223,-309,-309,-231,-94,66,209,287,289,212,77,-79,-208,-285,-284,-205,-61,101,230,296,286,197,54,-101,-228,-301,-290,-197,-44,124,257,315,291,188,36,-138,-276,-344,-318,-204,-27,158,306,377,350,218,27,-177,-348,-430,-395,-261,-53,176,373,476,451,315,96,-156,-379,-508,-511,-390,-161,121,378,544,575,462,244,-51,-338,-543,-621,-554,-341,-45,264,516,649,620,444,165,-158,-444,-614,-628,-505,-271,39,334,547,623,545,340,60,-230,-458,-575,-554,-397,-143,140,382,528,0,410,188,-71,-310,-472,-514,-413,-214,27,253,412,469,404,235,10,-221,-398,-465,-420,-268,-47,180,373,476,459,320,102,-143,-358,-494,-507,-403,-212,38,288,463,526,474,321,90,-161,-370,-485,-498,-403,-218,5,225,384,456,425,311,133,-62,-229,-330,-350,-296,-189,-55,77,179,233,230,176,92,2,-68,-102,-99,-81,-49,-11,23,34,19,-17,-38,-47,-57,-40,10,53,89,116,117,84,28,-36,-89,-129,-141,-124,-81,-15,56,110,133,125,97,51,-7,-62,-97,-111,-98,-61,-12,35,73,86,79,58,23,-14,-46,-71,-78,-65,-37,-4,23,44,57,61,0,0,0,0,0,-125,-144,-137,-101,-42,32,118,192,228,228,174,74,-48,-164,-260,-302,-278,-188,-55,102,245,339,359,298,162,-18,-201,-348,-431,-406,-288,-94,136,340,468,497,402,203,-49,-305,-495,-577,-526,-350,-84,212,472,631,642,503,244,-79,-397,-618,-702,-629,-402,-75,267,553,712,705,519,211,-145,-465,-674,-724,-606,-331,23,373,634,737,657,421,79,-282,-583,-736,-708,-513,-196,171,499,712,746,597,304,-55,-400,-643,-733,-643,-393,-49,299,566,691,646,447,135,-210,-494,-652,-644,-475,-188,138,429,607,627,489,222,-96,-386,-576,-617,-500,-255,62,366,577,637,534,0,-43,-358,-589,-676,-588,-352,-17,330,603,725,656,424,89,-275,-579,-747,-724,-515,-184,201,546,756,778,611,293,-103,-475,-731,-806,-687,-397,-12,376,668,796,729,473,103,-291,-604,-769,-742,-529,-176,210,543,739,743,555,232,-148,-488,-709,-741,-583,-277,100,448,677,725,599,321,-36,-389,-640,-732,-628,-366,-14,334,601,715,646,418,84,-274,-560,-703,-672,-470,-155,195,495,668,673,513,228,-109,-414,-616,-658,-531,-291,19,314,521,596,526,318,40,-237,-443,-534,-488,-324,-87,167,376,480,453,313,105,-121,-305,-405,-397,-284,-100,101,272,367,362,261,89,-103,0,0
10924,mtk,MTK 7916,4084124826,rx2-tx0,512,0,0,0,90,280,405,424,332,152,-79,-297,-441,-465,-366,-170,77,310,464,504,411,204,-64,-321,-494,-540,-449,-238,33,301,493,554,469,259,-21,-292,-501,-581,-501,-285,4,296,515,604,531,318,17,-297,-540,-635,-560,-333,-16,311,563,673,609,376,32,-327,-606,-732,-674,-430,-67,330,645,805,758,517,131,-296,-662,-866,-841,-602,-214,233,637,888,920,720,326,-149,-584,-886,-968,-807,-441,44,518,858,986,876,542,73,-418,-802,-985,-922,-629,-182,306,714,944,934,693,279,-200,-622,-878,-920,-735,-364,96,524,816,896,746,410,-26,-451,-754,-860,-746,-443,-27,391,704,0,749,469,68,-354,-687,-840,-770,-503,-110,315,665,850,815,565,162,-290,-664,-872,-867,-645,-255,205,627,897,944,752,366,-115,-572,-891,-989,-842,-484,-1,488,858,1016,925,610,135,-376,-796,-1023,-1000,-728,-274,253,720,1012,1051,833,415,-109,-613,-969,-1092,-943,-562,-44,486,900,1099,1033,718,230,-299,-761,-1040,-1072,-845,-424,93,583,931,1057,928,581,110,-376,-768,-970,-938,-692,-291,172,576,833,894,743,429,22,-380,-679,-815,-757,-526,-185,188,508,704,730,591,325,-7,-326,-561,-668,-630,-454,-181,116,379,556,616,554,390,165,-77,-293,-442,-503,-474,-377,-240,-85,0,0,0,0,0,-67,-248,-414,-536,-583,-531,-370,-129,156,432,634,717,661,469,166,-187,-513,-733,-798,-688,-420,-46,357,692,875,857,642,272,-172,-606,-910,-1004,-866,-520,-41,463,877,1101,1065,775,289,-281,-795,-1135,-1220,-1013,-561,29,631,1100,1315,1216,832,253,-402,-980,-1329,-1360,-1072,-528,150,789,1245,1411,1246,784,129,-556,-1106,-1397,-1350,-976,-375,306,912,1303,1379,1118,593,-68,-707,-1172,-1349,-1200,-766,-146,506,1028,1292,1242,889,327,-306,-851,-1186,-1233,-979,-484,119,683,1075,1197,1022,602,44,-518,-936,-1126,-1042,-701,-189,357,809,1049,1027,751,296,-222,-674,-953,-996,-788,-392,95,557,0,955,806,459,0,-454,-781,-909,-808,-502,-81,351,692,854,792,533,145,-272,-615,-793,-769,-551,-196,202,537,732,737,553,231,-142,-472,-673,-695,-538,-250,100,415,615,653,522,253,-79,-378,-574,-616,-497,-251,60,351,537,577,466,234,-60,-333,-512,-550,-440,-215,63,322,492,530,425,204,-71,-320,-485,-521,-417,-200,67,314,477,515,413,201,-61,-304,-467,-504,-412,-210,49,288,448,495,413,220,-28,-268,-433,-481,-402,-222,14,245,407,457,384,211,-9,-223,-380,-434,-367,-206,10,217,363,409,347,191,-11,-207,-346,-388,-324,-172,29,219,351,387,315,152,-50,0,0,0,0,0,-409,-313,-137,82,290,426,451,354,157,-84,-306,-452,-479,-381,-185,65,307,472,516,424,218,-51,-310,-492,-547,-455,-241,36,308,502,572,493,283,1,-287,-509,-600,-522,-305,-12,286,515,611,543,323,12,-309,-552,-649,-575,-343,-18,324,590,709,640,397,43,-334,-634,-774,-716,-472,-95,317,659,832,797,559,169,-275,-651,-869,-875,-659,-268,195,617,887,938,757,384,-100,-561,-879,-976,-834,-484,-14,463,828,989,900,590,132,-357,-757,-961,-924,-659,-236,246,663,916,931,713,320,-149,-577,-859,-921,-749,-394,53,484,785,876,750,434,8,-414,-721,-845,-745,-455,0,373,695,836,756,482,83,-343,-682,-843,-789,-534,-138,299,667,866,845,603,210,-243,-643,-886,-911,-702,-310,166,598,890,966,799,425,-58,-535,-885,-1013,-890,-546,-63,439,835,1027,971,672,199,-325,-764,-1022,-1031,-783,-344,181,670,990,1069,890,491,-30,-551,-937,-1089,-979,-635,-141,391,835,1073,1052,786,333,-198,-685,-999,-1071,-896,-515,-17,480,856,1019,942,650,209,-266,-668,-907,-928,-726,-361,70,472,759,857,751,481,110,-279,-598,-765,-747,-564,-258,100,426,642,706,610,387,88,-225,-483,-630,-638,-507,-283,-14,247,449,560,565,469,300,101,-92,-247,-338,-361,0,0,0,0,0,429,415,320,147,-77,-314,-519,-645,-657,-547,-318,-10,311,581,739,747,592,294,-80,-446,-718,-846,-786,-537,-154,272,650,893,936,758,397,-73,-546,-903,-1056,-966,-645,-155,384,848,1127,1151,897,428,-153,-720,-1134,-1281,-1124,-700,-107,527,1048,1328,1300,965,393,-274,-885,-1293,-1402,-1174,-664,5,672,1185,1416,1316,895,261,-428,-1010,-1354,-1374,-1056,-492,183,815,1243,1370,1171,688,35,-608,-1100,-1328,-1230,-835,-240,402,937,1240,1239,933,407,-213,-773,-1132,-1211,-1002,-549,32,594,1005,1160,1026,651,120,-436,-874,-1089,-1040,-730,-248,285,741,1003,1009,778,358,-154,-617,-915,-982,-807,0,49,504,824,934,811,489,42,-404,-741,-883,-804,-522,-115,309,646,818,779,543,170,-238,-577,-765,-755,-550,-214,167,502,700,713,543,239,-118,-439,-642,-673,-529,-250,88,393,590,633,507,248,-69,-362,-553,-599,-485,-240,60,339,525,569,459,226,-60,-327,-505,-548,-434,-207,67,320,490,525,415,198,-69,-320,-482,-512,-411,-203,60,311,478,515,413,207,-53,-302,-466,-505,-416,-218,36,277,444,492,410,222,-20,-252,-417,-471,-397,-216,14,232,394,449,381,213,-5,-219,-369,-423,-363,-201,8,209,353,400,335,182,-20,-220,-355,-387,-316,-163,35,232,358,383,0,0
10925,mtk,MTK 7916,4084124826,rx2-tx1,512,0,0,0,3,-21,-32,-28,-17,-3,5,6,8,1,-15,-25,-32,-23,-2,21,41,53,49,37,15,-13,-38,-54,-56,-47,-29,-5,20,38,43,36,16,-5,-21,-29,-23,-15,-4,12,26,26,12,-13,-35,-45,-39,-19,3,29,56,73,67,45,3,-51,-95,-113,-107,-69,-11,60,122,162,163,123,44,-44,-128,-192,-209,-175,-101,7,120,209,252,231,151,37,-87,-196,-260,-265,-204,-88,51,175,266,294,245,141,-4,-151,-259,-300,-270,-178,-39,111,231,285,275,197,73,-69,-192,-268,-277,-212,-99,41,171,254,267,212,99,-41,-168,-251,-267,-214,-103,39,173,0,277,230,116,-40,-183,-285,-312,-259,-139,25,191,315,360,315,187,3,-188,-336,-406,-375,-251,-65,149,337,446,441,328,135,-98,-320,-465,-494,-402,-207,41,288,470,541,484,304,39,-245,-475,-589,-561,-402,-138,174,456,627,656,532,275,-53,-376,-614,-712,-644,-421,-93,258,554,725,728,558,267,-93,-430,-665,-748,-657,-415,-85,269,564,723,711,535,235,-112,-426,-643,-715,-620,-383,-63,270,538,674,661,495,221,-95,-382,-582,-648,-567,-356,-75,221,463,596,598,480,257,-19,-283,-479,-572,-547,-412,-198,44,271,441,522,509,404,241,54,-123,-261,-343,-363,-326,0,0,0,0,0,-174,-245,-284,-279,-228,-134,-4,140,274,362,382,331,212,47,-140,-301,-406,-426,-356,-202,0,212,385,475,459,344,140,-108,-337,-503,-565,-487,-291,-26,258,501,642,642,485,210,-126,-451,-682,-764,-676,-432,-80,306,637,837,851,674,343,-72,-490,-806,-941,-863,-597,-194,264,666,921,972,802,449,-7,-465,-815,-982,-921,-650,-237,225,636,904,957,786,441,1,-439,-772,-918,-850,-590,-189,250,615,833,859,681,338,-84,-469,-738,-832,-727,-449,-66,328,643,799,758,535,184,-206,-537,-736,-766,-607,-298,77,428,673,754,651,391,39,-319,-598,-730,-684,-472,-153,200,0,688,689,524,235,-110,-425,-637,-689,-571,-314,19,355,596,684,605,378,57,-277,-539,-670,-635,-446,-143,200,494,667,675,509,218,-122,-440,-652,-702,-584,-323,18,353,606,716,647,415,88,-255,-539,-689,-669,-491,-199,146,451,642,682,561,301,-31,-348,-577,-670,-599,-381,-78,236,491,625,605,443,175,-126,-389,-554,-587,-473,-258,13,278,469,534,478,313,79,-168,-365,-470,-459,-336,-140,82,270,387,415,339,181,-7,-182,-307,-356,-318,-206,-48,107,226,288,283,212,93,-42,-157,-226,-239,-197,-108,-7,90,162,190,169,109,37,-37,-97,-128,-125,-94,-46,7,0,0,0,0,0,39,34,17,-2,-13,-14,-11,0,16,18,14,4,-18,-35,-38,-39,-32,-12,16,42,56,54,43,22,-5,-30,-49,-57,-47,-27,-5,17,34,40,30,17,-1,-15,-20,-16,-5,8,23,27,21,8,-15,-42,-58,-53,-31,3,45,79,98,88,53,3,-56,-109,-137,-132,-93,-25,54,130,178,189,148,68,-31,-129,-199,-230,-203,-124,-10,108,200,251,246,176,57,-73,-189,-269,-286,-229,-114,31,169,265,299,262,162,24,-123,-237,-291,-272,-192,-62,86,212,279,273,202,80,-60,-188,-269,-278,-216,-99,43,171,252,268,212,102,-34,-169,-251,-270,-217,0,43,177,268,289,239,121,-34,-192,-303,-337,-283,-156,18,195,332,391,350,220,36,-169,-340,-433,-416,-294,-96,128,327,451,465,366,173,-78,-317,-475,-520,-441,-247,11,272,480,573,525,346,79,-213,-465,-615,-618,-471,-205,118,414,622,684,589,354,26,-318,-585,-720,-691,-500,-181,184,502,700,742,612,341,-14,-363,-624,-750,-701,-484,-165,193,506,697,727,589,318,-27,-359,-599,-701,-641,-439,-147,180,466,636,656,534,296,-10,-306,-529,-633,-594,-418,-162,123,378,544,590,513,332,87,-175,-395,-526,-551,-474,-312,-103,115,305,430,471,436,339,206,66,-66,0,0,0,0,0,161,93,-1,-113,-227,-313,-354,-333,-247,-114,46,209,342,407,390,293,130,-70,-261,-405,-464,-420,-281,-73,161,360,487,510,418,222,-40,-310,-517,-603,-553,-379,-116,197,487,669,702,578,312,-31,-382,-673,-817,-773,-556,-208,200,572,828,908,783,474,51,-386,-748,-947,-936,-709,-321,138,567,875,986,876,557,119,-342,-724,-942,-941,-731,-349,111,540,836,940,824,520,97,-344,-695,-882,-861,-641,-273,156,543,789,846,708,404,0,-398,-688,-815,-748,-498,-127,272,598,769,754,558,235,-141,-480,-701,-756,-628,-346,17,372,635,743,669,437,98,-265,-557,-712,-698,0,-191,160,471,665,693,553,280,-60,-382,-609,-685,-590,-345,-16,315,567,678,622,411,98,-241,-520,-667,-651,-476,-180,164,467,659,689,545,270,-73,-399,-627,-705,-607,-368,-43,303,580,707,664,462,147,-199,-498,-674,-684,-534,-250,90,402,613,676,577,343,30,-286,-536,-656,-617,-421,-128,186,444,588,593,462,224,-65,-329,-504,-558,-479,-286,-27,225,412,497,465,325,111,-123,-319,-430,-435,-337,-167,37,225,353,386,325,196,27,-140,-267,-326,-305,-210,-73,71,189,259,265,209,101,-20,-124,-194,-216,-185,-115,-22,65,130,158,150,107,44,-20,-69,-100,-108,0,0
10926,mtk,MTK 7916,4084204654,rx0-tx0,512,557,466,573,-392,-587,-726,-794,-782,-696,-558,-360,-122,136,379,584,733,821,833,759,609,387,131,-153,-429,-657,-824,-913,-910,-806,-615,-356,-52,266,557,779,925,970,910,752,512,214,-95,-405,-656,-841,-934,-926,-808,-614,-360,-73,209,475,674,797,851,807,678,491,253,-1,-245,-466,-629,-720,-739,-679,-554,-383,-170,48,241,418,541,608,617,559,448,308,140,-35,-200,-345,-444,-504,-514,-482,-410,-289,-142,8,164,297,394,455,470,435,360,244,106,-36,-172,-284,-363,-402,-397,-357,-277,-177,-62,61,165,250,303,320,311,264,196,125,39,-59,-132,-196,-231,-253,-251,-217,-172,-588,-36,47,114,171,207,226,217,180,131,67,-1,-77,-138,-182,-197,-196,-166,-120,-48,17,89,135,163,173,157,125,65,-1,-69,-129,-167,-179,-162,-120,-54,20,95,168,218,231,214,168,76,-29,-127,-224,-301,-337,-310,-242,-157,-27,122,258,366,436,444,390,286,140,-37,-219,-374,-481,-537,-524,-440,-296,-108,81,271,436,544,582,548,452,295,95,-105,-295,-455,-551,-583,-540,-441,-290,-92,111,283,428,518,545,507,417,270,99,-75,-247,-384,-466,-500,-473,-382,-253,-97,69,227,356,438,464,424,328,186,23,-143,-294,-387,-420,-381,-275,-129,32,167,254,275,-40,121,587,208,128,128,27,-104,-232,-322,-357,-315,-209,-64,107,263,386,454,441,366,241,73,-111,-278,-417,-503,-514,-454,-337,-164,20,209,381,502,566,551,461,307,118,-88,-295,-452,-554,-585,-537,-422,-262,-69,137,323,458,536,546,484,363,196,16,-160,-308,-411,-466,-446,-382,-280,-145,-4,137,243,316,346,337,287,205,101,5,-102,-188,-237,-245,-228,-182,-122,-38,38,105,158,180,174,137,77,14,-53,-104,-136,-152,-134,-84,-14,55,109,158,193,190,158,100,13,-69,-144,-218,-262,-272,-246,-187,-100,6,124,232,312,361,363,314,238,129,-13,-151,-281,-375,-431,-438,-396,-291,-193,-36,130,278,398,483,505,482,403,273,113,-59,-225,-370,-477,-538,-534,-477,-365,-214,-44,118,287,419,511,549,528,459,353,203,44,-110,-276,-410,-510,-569,-577,-531,-428,-293,-120,75,274,456,597,686,709,664,548,367,141,-106,-349,-573,-742,-843,-859,-779,-608,-380,-99,209,484,714,892,979,961,827,605,328,2,-341,-641,-887,-1039,-1076,-1003,-816,-545,-214,159,507,792,1004,1108,1097,963,719,407,49,-319,-638,-898,-1062,-1100,-1021,-847,-574,-245,100,434,712,902,1011,1009,895,698,428,116,-192,-474,-707,-858,-916,-890,-771,-578,-334,-67,207,462,657,786,826,787,283,294,525,357,182,-696,-540,-336,-94,155,377,573,718,798,798,718,573,368,129,-135,-390,-612,-771,-864,-872,-784,-614,-377,-100,195,481,716,884,959,929,788,568,291,-18,-335,-613,-825,-941,-960,-874,-690,-442,-147,162,449,676,833,893,868,748,546,301,31,-241,-473,-654,-767,-790,-738,-616,-424,-207,28,256,439,589,666,669,613,501,342,159,-39,-224,-383,-493,-555,-559,-512,-417,-286,-137,23,171,311,413,471,488,459,382,269,133,-16,-162,-288,-389,-440,-443,-400,-315,-207,-77,48,172,268,333,367,355,313,246,150,41,-63,-159,-221,-256,-284,-271,-235,-181,-110,-40,47,118,179,321,242,230,197,148,86,16,-60,-123,-173,-204,-214,-197,-154,-92,-27,38,103,152,184,186,170,117,66,-3,-65,-122,-159,-172,-163,-127,-66,6,81,149,188,198,180,135,57,-28,-112,-202,-266,-278,-258,-206,-114,7,138,241,330,389,383,320,213,72,-95,-252,-379,-466,-502,-465,-364,-217,-42,153,332,474,550,558,507,381,204,0,-201,-378,-515,-580,-572,-513,-379,-195,9,207,375,501,571,553,483,355,186,-2,-184,-344,-463,-514,-513,-453,-333,-184,-17,154,304,410,470,472,418,306,158,-10,-175,-312,-407,-443,-419,-328,-185,-20,146,279,353,353,285,170,37,499,502,-258,-224,-291,-206,-265,-272,-215,-101,49,203,326,402,408,339,218,50,-129,-287,-409,-478,-474,-408,-284,-112,83,262,412,512,537,508,399,240,43,-161,-348,-491,-571,-585,-513,-367,-183,25,225,393,513,575,560,461,312,132,-69,-251,-400,-488,-508,-471,-378,-245,-83,78,215,323,389,411,369,287,184,65,-55,-165,-249,-285,-290,-266,-201,-115,-23,62,135,187,213,194,160,103,29,-36,-97,-138,-152,-149,-109,-56,10,82,135,164,157,131,88,19,-65,-135,-197,-224,-214,-191,-135,-50,48,149,232,293,323,304,247,157,44,-83,-201,-297,-369,-401,-386,-321,-212,-77,69,202,374,415,471,463,399,294,143,-20,-176,-330,-440,-506,-511,-470,-380,-251,-84,99,263,405,502,542,538,479,356,211,34,-134,-290,-425,-517,-543,-543,-489,-382,-247,-80,94,275,427,540,620,633,594,483,332,136,-83,-305,-507,-665,-760,-779,-719,-589,-386,-140,142,422,653,819,915,905,794,617,366,64,-264,-567,-803,-963,-1038,-988,-836,-593,-275,76,425,729,950,1082,1094,979,770,479,135,-232,-578,-855,-1039,-1115,-1064,-903,-652,-326,32,378,681,913,1037,1055,962,759,492,174,-164,-470,-722,-897,-967,-943,-824,-627,-366,-81,210,473,682,817,868,845,731,543,310,52,-202,72,-37
10927,mtk,MTK 7916,4084204654,rx0-tx1,512,-760,275,-18,-320,-37,256,540,772,931,1002,972,844,623,322,-8,-341,-651,-903,-1065,-1120,-1055,-890,-624,-286,85,445,769,1016,1167,1196,1102,901,601,229,-164,-537,-859,-1098,-1227,-1237,-1115,-879,-552,-176,219,605,920,1147,1259,1245,1102,854,520,134,-256,-626,-943,-1159,-1259,-1245,-1089,-836,-511,-120,273,644,954,1154,1249,1221,1069,810,477,98,-284,-636,-926,-1132,-1214,-1175,-1018,-766,-435,-78,289,626,898,1082,1151,1107,960,720,414,69,-269,-582,-840,-1013,-1078,-1050,-913,-693,-419,-96,234,530,769,929,1007,995,890,699,444,145,-166,-459,-709,-894,-993,-1004,-918,-738,-488,-185,135,450,729,936,-430,1061,961,766,492,163,-185,-531,-820,-1023,-1123,-1105,-969,-740,-418,-54,317,661,933,1106,1158,1091,905,627,276,-103,-470,-782,-1003,-1121,-1122,-996,-762,-451,-93,262,589,848,1008,1062,1000,834,583,278,-55,-372,-633,-829,-931,-926,-829,-649,-402,-126,150,406,607,739,788,760,658,485,274,52,-177,-377,-527,-628,-649,-615,-522,-382,-210,-17,161,326,457,532,547,514,429,307,154,-2,-153,-286,-383,-438,-454,-417,-339,-233,-110,17,144,254,329,368,373,337,271,178,68,-43,-150,-242,-306,-334,-318,-275,-202,-105,0,114,207,271,303,290,229,138,31,-80,-170,-220,-224,-182,874,739,-195,451,-23,-127,-21,108,230,317,353,334,251,124,-30,-182,-307,-397,-428,-409,-335,-219,-74,88,239,367,451,488,473,406,288,137,-37,-212,-373,-495,-563,-574,-528,-417,-260,-61,147,344,522,645,700,681,587,413,193,-64,-317,-551,-726,-820,-823,-748,-578,-329,-47,255,531,745,893,931,867,702,453,158,-156,-463,-715,-876,-955,-925,-788,-564,-286,27,330,598,782,889,893,814,636,394,124,-158,-420,-627,-760,-818,-783,-665,-490,-273,-29,207,419,581,675,697,660,560,408,221,16,-177,-346,-481,-570,-604,-585,-512,-395,-247,-78,100,266,400,509,565,571,534,446,312,147,-38,230,-380,-512,-595,-626,-594,-501,-354,-173,27,233,413,556,642,661,624,518,352,163,-50,-249,-436,-575,-651,-666,-615,-502,-338,-141,66,266,432,551,619,618,564,458,311,131,-52,-221,-374,-483,-549,-558,-524,-444,-321,-176,-20,131,268,379,468,507,498,452,376,265,129,-15,-165,-297,-398,-468,-507,-498,-455,-360,-235,-87,70,228,363,467,537,555,522,443,323,172,0,-172,-330,-463,-554,-591,-575,-509,-396,-242,-65,120,293,448,563,623,632,580,470,322,138,-64,-261,-445,-584,-669,-695,-659,-559,-402,-201,22,244,445,614,726,774,748,649,482,262,14,-245,-479,-672,897,967,136,-903,-940,870,934,914,796,594,328,22,-293,-588,-834,-999,-1058,-1015,-868,-625,-316,38,386,706,960,1118,1156,1080,896,617,270,-113,-484,-813,-1068,-1207,-1216,-1108,-888,-578,-205,190,573,898,1128,1245,1248,1115,866,535,147,-253,-627,-939,-1161,-1255,-1235,-1098,-849,-510,-127,273,645,938,1150,1253,1224,1082,825,486,112,-283,-650,-943,-1147,-1233,-1202,-1049,-796,-459,-85,295,637,921,1109,1183,1145,994,750,428,67,-291,-615,-874,-1051,-1121,-1081,-938,-706,-403,-74,250,555,795,965,1043,1015,887,683,419,121,-188,-483,-731,-910,-1003,-995,-897,-717,-463,-172,139,445,710,909,1020,1028,942,761,497,-1099,-156,-485,-760,-971,-1082,-1091,-988,-767,-466,-117,252,591,872,1067,1146,1106,952,691,350,-21,-394,-721,-971,-1120,-1148,-1048,-838,-540,-188,181,536,821,1020,1105,1066,920,671,358,15,-326,-627,-851,-983,-1005,-913,-733,-486,-190,115,399,637,797,861,840,731,552,331,81,-165,-397,-574,-677,-713,-690,-587,-438,-242,-34,163,341,479,572,595,561,481,351,185,12,-156,-305,-419,-484,-501,-467,-384,-268,-130,14,155,270,350,398,409,376,304,202,90,-30,-149,-245,-316,-351,-347,-313,-243,-149,-35,76,172,254,298,313,289,223,134,27,-86,-184,-248,-275,-258,-192,-99,4,90,-323,-576,364,889,1000,223,279,282,226,117,-17,-164,-294,-377,-408,-372,-287,-158,-3,151,293,396,453,456,405,303,167,12,-152,-306,-430,-505,-531,-496,-410,-267,-95,93,279,442,567,633,625,560,424,232,11,-217,-440,-616,-731,-769,-716,-591,-380,-122,147,414,657,816,888,866,734,536,262,-51,-355,-628,-828,-935,-943,-845,-638,-373,-71,247,539,763,898,937,875,711,473,194,-104,-381,-622,-783,-857,-845,-741,-557,-323,-66,200,426,606,720,753,714,608,445,238,20,-196,-384,-525,-617,-649,-617,-529,-394,-224,-42,138,305,435,529,576,574,515,416,277,108,-64,-231,-387,-503,-577,-600,-198,-474,-341,-172,17,215,393,536,620,645,605,507,360,172,-35,-240,-430,-569,-647,-661,-615,-513,-349,-156,56,259,437,571,643,652,595,475,319,130,-65,-246,-406,-523,-588,-590,-545,-448,-314,-152,15,177,324,435,505,522,503,440,344,221,68,-77,-212,-334,-430,-484,-502,-479,-410,-313,-187,-39,112,255,381,472,527,533,494,403,279,128,-39,-202,-349,-469,-548,-578,-552,-478,-361,-204,-29,148,315,458,556,607,601,543,435,278,102,-88,-279,-443,-571,-647,-664,-618,-515,-362,-171,40,249,441,596,695,734,697,598,438,235,6,-235,-457,-642,-766,-820,-795,-691,-516,-358,109
10928,mtk,MTK 7916,4084204654,rx1-tx0,512,-144,309,943,-454,-528,-535,-490,-381,-224,-42,145,311,443,518,533,482,373,218,43,-145,-315,-440,-520,-540,-494,-389,-237,-56,136,305,440,525,555,517,417,282,102,-80,-262,-415,-523,-574,-558,-482,-353,-188,1,199,376,517,602,624,580,470,307,109,-103,-319,-500,-630,-695,-685,-603,-452,-253,-15,231,455,634,754,787,728,593,393,146,-127,-391,-613,-772,-841,-815,-703,-508,-264,12,286,525,712,822,834,760,605,391,131,-133,-379,-588,-733,-794,-779,-681,-516,-307,-70,177,395,575,699,752,727,638,488,298,79,-154,-376,-556,-684,-755,-754,-676,-528,-331,-97,150,395,605,746,231,835,743,576,349,74,-220,-497,-734,-891,-958,-931,-795,-578,-288,38,363,662,892,1026,1061,974,786,507,165,-190,-541,-826,-1028,-1128,-1111,-966,-711,-385,-14,367,711,975,1145,1196,1113,917,624,263,-138,-527,-861,-1115,-1246,-1243,-1116,-864,-516,-117,320,713,1032,1261,1350,1290,1081,755,341,-127,-585,-993,-1282,-1432,-1420,-1238,-913,-484,5,505,936,1278,1448,1436,1263,936,505,15,-463,-880,-1187,-1343,-1329,-1161,-856,-465,-32,399,763,1022,1154,1145,1001,749,404,35,-326,-646,-867,-981,-979,-848,-616,-322,13,325,603,784,856,815,655,407,96,-219,-484,-652,-703,-622,-431,-176,82,282,-1357,-1002,-417,583,755,-308,-139,90,328,522,630,630,502,287,17,-273,-524,-703,-781,-749,-615,-388,-110,192,478,707,846,892,828,655,402,97,-235,-556,-817,-985,-1046,-980,-798,-515,-164,222,598,905,1127,1229,1185,996,672,268,-179,-626,-1007,-1275,-1410,-1380,-1178,-844,-396,110,608,1042,1355,1526,1523,1337,989,526,1,-530,-1004,-1359,-1561,-1590,-1436,-1114,-671,-150,397,894,1283,1525,1587,1475,1202,807,307,-211,-699,-1103,-1386,-1511,-1460,-1262,-925,-492,-21,453,869,1189,1375,1420,1302,1051,703,278,-175,-599,-952,-1197,-1318,-1306,-1156,-889,-531,-126,295,673,991,1197,1282,1227,1046,767,411,11,-390,-744,-1033,-1211,-49,-1196,-998,-700,-336,72,479,832,1111,1273,1300,1199,970,636,230,-198,-620,-979,-1234,-1364,-1347,-1182,-894,-508,-57,401,830,1160,1370,1440,1343,1098,738,294,-186,-645,-1037,-1311,-1440,-1407,-1222,-912,-499,-33,436,845,1163,1350,1383,1263,1008,652,228,-210,-632,-968,-1185,-1276,-1222,-1043,-752,-392,6,387,717,960,1106,1131,1018,804,530,192,-147,-468,-733,-904,-984,-949,-825,-610,-333,-41,252,508,706,821,849,792,645,440,195,-68,-321,-524,-671,-747,-738,-650,-499,-295,-61,172,382,540,643,673,625,511,348,144,-72,-275,-440,-556,-608,-589,-504,-362,-180,14,210,375,492,554,548,489,-434,-77,-95,-1400,-1090,-302,-130,55,232,388,494,541,521,441,307,136,-50,-233,-388,-491,-539,-524,-437,-305,-141,45,226,382,490,545,533,457,333,168,-16,-204,-362,-481,-552,-554,-503,-387,-228,-44,146,317,460,557,600,574,479,334,148,-55,-258,-437,-572,-646,-660,-600,-468,-289,-67,164,386,565,687,741,714,604,434,207,-54,-309,-535,-708,-807,-815,-731,-564,-335,-58,216,475,678,804,848,794,660,453,192,-83,-348,-570,-730,-818,-807,-719,-559,-338,-90,163,398,584,708,769,748,653,496,291,60,-169,-380,-558,-680,-745,-734,-651,-500,-304,-85,151,377,568,709,783,781,706,546,336,-568,-175,-435,-651,-810,-896,-885,-784,-593,-327,-34,280,572,807,963,1013,958,800,552,236,-104,-448,-741,-965,-1083,-1090,-979,-753,-450,-97,274,624,910,1098,1176,1123,942,668,325,-67,-450,-784,-1042,-1196,-1223,-1115,-891,-570,-183,224,614,949,1177,1294,1274,1103,828,451,11,-440,-846,-1159,-1356,-1402,-1294,-1035,-647,-187,309,768,1141,1385,1477,1380,1125,736,251,-246,-713,-1097,-1344,-1426,-1330,-1084,-710,-256,211,643,989,1193,1264,1177,955,628,241,-168,-534,-837,-1024,-1073,-1012,-825,-545,-211,146,479,726,882,921,847,667,389,82,-241,-520,-718,-800,-750,-581,-328,-30,254,462,560,531,399,-421,-1006,247,-501,-177,328,472,524,466,298,58,-220,-472,-644,-725,-689,-543,-313,-29,262,527,722,824,825,716,509,238,-67,-380,-651,-847,-947,-944,-822,-594,-289,57,413,730,976,1112,1129,995,747,407,0,-421,-804,-1099,-1271,-1311,-1191,-925,-547,-92,392,837,1189,1422,1487,1378,1099,690,209,-314,-808,-1213,-1481,-1578,-1494,-1236,-831,-335,202,722,1156,1458,1603,1556,1334,964,483,-46,-565,-1018,-1359,-1545,-1548,-1379,-1064,-643,-146,353,802,1172,1394,1468,1380,1145,796,375,-83,-532,-905,-1189,-1347,-1357,-1219,-961,-607,-201,232,637,977,1195,1296,1258,1101,828,467,63,-348,-712,-1004,-1196,-1264,-1198,-1019,-736,-364,425,425,782,1058,1231,1279,1186,975,668,284,-132,-543,-906,-1176,-1317,-1325,-1202,-945,-587,-156,298,720,1065,1308,1410,1364,1162,828,412,-60,-532,-935,-1244,-1418,-1440,-1295,-1012,-620,-158,323,754,1114,1345,1427,1351,1126,786,357,-101,-548,-919,-1188,-1324,-1313,-1163,-875,-512,-101,310,681,970,1148,1199,1114,915,630,289,-88,-444,-731,-938,-1044,-1032,-920,-706,-428,-115,205,490,725,864,911,867,727,519,259,-15,-286,-519,-685,-783,-795,-723,-571,-370,-127,124,346,530,656,708,683,581,424,219,-6,-226,-412,-551,-630,-637,-569,-441,-269,-67,140,324,469,557,580,540,431,285,98,-91,-270,-662,-788
10929,mtk,MTK 7916,4084204654,rx1-tx1,512,0,0,0,-295,-190,-39,126,258,334,335,256,118,-40,-186,-293,-334,-300,-199,-52,108,239,312,315,253,129,-23,-171,-274,-309,-280,-187,-52,100,230,297,291,229,104,-49,-186,-276,-314,-276,-166,-20,133,254,317,309,231,86,-75,-215,-304,-334,-282,-158,10,176,299,360,347,247,76,-115,-281,-382,-403,-331,-179,16,212,368,452,434,311,117,-104,-313,-454,-500,-436,-275,-49,200,410,532,543,436,239,-17,-279,-486,-596,-580,-435,-202,77,344,548,639,603,435,178,-114,-378,-571,-653,-597,-415,-151,138,396,574,630,551,369,116,-164,-413,-562,-589,-506,-320,-67,191,404,524,0,432,246,8,-224,-406,-498,-475,-356,-169,58,265,412,473,427,286,85,-133,-324,-440,-462,-379,-217,-12,206,384,478,472,371,188,-35,-249,-416,-503,-496,-385,-191,38,253,421,511,501,394,214,-4,-211,-378,-472,-475,-386,-239,-55,130,283,373,396,343,235,93,-54,-174,-247,-278,-255,-182,-89,0,67,113,134,119,77,33,-3,-27,-30,-29,-8,22,41,38,19,-11,-40,-69,-94,-100,-88,-57,-11,38,83,119,128,110,75,31,-22,-74,-105,-108,-91,-63,-26,17,55,81,87,77,52,20,-13,-41,-61,-63,-52,-33,-7,21,42,56,59,55,42,20,-2,0,0,0,0,0,48,93,137,167,175,154,101,20,-66,-152,-222,-259,-248,-197,-104,20,147,253,313,321,267,153,4,-152,-286,-366,-381,-325,-195,-20,169,336,447,465,385,228,23,-202,-399,-520,-540,-449,-266,-28,235,467,604,627,531,325,33,-270,-518,-672,-694,-574,-343,-41,279,542,701,716,583,333,18,-307,-574,-724,-724,-572,-301,36,365,620,741,707,529,245,-89,-414,-658,-763,-704,-501,-197,145,457,675,753,675,459,148,-191,-488,-682,-735,-629,-393,-82,240,516,677,687,555,306,-3,-309,-543,-658,-630,-469,-207,105,388,583,646,561,360,80,-221,-473,-621,-633,-506,-263,0,347,573,682,642,455,165,-162,-460,-661,-729,-643,-414,-91,262,562,746,770,628,359,9,-358,-645,-796,-783,-603,-304,62,422,691,812,770,560,224,-159,-499,-724,-802,-713,-472,-132,234,552,745,769,630,356,7,-338,-608,-748,-726,-543,-241,107,429,661,741,657,435,122,-219,-514,-694,-723,-593,-326,4,336,596,717,681,501,221,-105,-416,-630,-702,-628,-420,-120,201,476,648,680,572,347,45,-256,-497,-630,-632,-496,-262,19,292,495,587,548,404,184,-80,-321,-477,-521,-455,-298,-84,141,329,439,443,352,192,-6,-197,-338,-390,-351,-241,-78,100,249,337,342,266,0,0,0,0,0,-156,-280,-335,-313,-223,-83,79,226,317,332,277,157,5,-153,-272,-327,-310,-232,-96,65,204,297,323,271,152,5,-140,-254,-311,-289,-206,-74,83,208,285,299,247,138,-7,-161,-279,-317,-287,-195,-47,114,245,324,330,253,118,-45,-197,-313,-347,-303,-187,-31,143,292,374,364,278,125,-70,-251,-386,-441,-390,-248,-47,171,349,458,472,374,190,-35,-256,-438,-529,-495,-356,-139,116,365,530,579,509,336,86,-197,-439,-590,-624,-534,-323,-44,242,478,623,636,525,306,23,-266,-496,-624,-624,-497,-271,6,280,495,601,586,450,222,-50,-301,-485,-572,-538,-383,-155,0,314,470,522,461,308,97,-138,-343,-462,-482,-400,-235,-19,195,373,461,441,325,144,-70,-268,-412,-467,-427,-291,-88,134,327,460,501,439,285,73,-152,-345,-478,-524,-453,-299,-97,127,327,455,506,464,325,127,-80,-260,-391,-447,-416,-314,-160,11,168,281,330,315,251,150,32,-77,-153,-192,-196,-170,-104,-30,26,56,73,58,31,5,-15,-22,-13,5,27,52,66,66,48,19,-18,-56,-92,-118,-120,-93,-42,12,59,97,119,115,96,57,3,-41,-75,-100,-99,-78,-46,-10,28,59,77,74,51,26,-3,-32,-54,-62,-58,-42,-19,4,26,43,53,55,0,0,0,0,0,-123,-106,-71,-17,52,123,180,214,220,182,110,13,-97,-203,-271,-293,-265,-191,-68,77,212,315,360,331,241,95,-81,-245,-369,-429,-408,-295,-121,80,280,442,510,473,347,142,-107,-342,-517,-600,-560,-406,-169,107,374,575,667,626,461,194,-115,-406,-622,-717,-664,-476,-189,134,433,646,726,657,455,158,-173,-473,-668,-725,-641,-423,-113,223,515,706,754,640,388,59,-284,-566,-732,-748,-605,-343,-12,323,591,729,721,559,284,-50,-369,-608,-720,-675,-488,-212,114,412,612,680,601,390,100,-206,-471,-627,-646,-522,-287,10,302,530,637,602,440,173,-142,-420,-610,0,-574,-363,-65,261,532,684,692,548,279,-51,-372,-629,-755,-716,-525,-217,137,473,709,799,718,495,159,-217,-545,-760,-824,-711,-440,-80,295,604,784,799,656,365,-4,-363,-636,-771,-746,-561,-252,112,443,676,770,692,456,126,-228,-529,-718,-747,-608,-337,0,331,594,724,698,517,225,-116,-431,-651,-729,-647,-422,-106,230,510,681,708,588,336,14,-308,-555,-685,-667,-507,-240,75,368,583,666,615,435,166,-136,-400,-576,-623,-538,-346,-82,189,410,535,544,441,239,-7,-233,-399,-487,-462,-333,-143,69,263,390,419,353,212,27,-155,-297,-371,-352,-251,-103,62,202,0,0
10930,mtk,MTK 7916,4084204654,rx2-tx0,512,0,0,0,-160,-327,-425,-430,-334,-157,63,273,426,486,436,285,63,-177,-377,-498,-509,-409,-215,33,280,465,548,509,358,122,-145,-381,-537,-571,-476,-268,-2,263,478,588,567,416,166,-126,-393,-576,-626,-529,-314,-25,280,525,649,631,464,184,-146,-453,-663,-727,-630,-382,-42,320,622,788,787,611,292,-101,-476,-760,-887,-828,-580,-192,241,624,880,949,810,498,79,-367,-739,-955,-973,-782,-423,33,482,831,997,949,706,313,-152,-586,-890,-1000,-901,-611,-193,264,663,914,969,818,496,70,-364,-721,-914,-909,-708,-361,59,460,762,891,817,570,208,-198,-558,-793,-848,-715,-424,0,354,664,825,806,604,262,-136,-498,-756,-860,-767,-497,-116,286,635,849,882,719,397,-21,-434,-763,-939,-911,-680,-308,138,561,867,995,906,623,211,-258,-671,-943,-1020,-883,-557,-109,366,770,1010,1041,849,471,-1,-477,-854,-1054,-1033,-802,-397,94,566,924,1088,1026,750,319,-173,-630,-964,-1098,-1005,-708,-268,227,664,966,1070,960,665,235,-236,-658,-941,-1027,-904,-610,-203,242,626,876,944,824,540,162,-234,-567,-784,-841,-736,-486,-143,219,518,707,749,647,429,134,-186,-456,-630,-687,-616,-427,-168,110,361,540,619,594,473,280,60,-156,-338,-460,-502,-470,-387,-271,-132,0,0,0,0,0,-322,-449,-523,-532,-465,-316,-102,147,391,594,706,706,583,356,56,-266,-554,-747,-808,-716,-488,-156,223,575,823,912,826,580,205,-226,-632,-923,-1042,-951,-664,-239,252,708,1035,1164,1064,741,262,-279,-779,-1135,-1275,-1166,-816,-285,301,837,1221,1370,1234,847,284,-334,-898,-1289,-1424,-1267,-845,-260,372,935,1318,1433,1251,817,227,-420,-975,-1325,-1411,-1208,-752,-147,477,1001,1317,1358,1117,650,58,-545,-1034,-1301,-1293,-1022,-543,41,607,1043,1257,1208,907,426,-139,-674,-1059,-1211,-1110,-784,-300,242,722,1043,1141,1002,653,174,-334,-757,-1018,-1065,-882,-514,-50,414,782,985,970,749,372,0,-509,-814,-943,-877,-620,-233,197,580,827,893,771,482,95,-310,-639,-819,-818,-646,-338,38,400,669,788,730,513,195,-156,-468,-674,-728,-615,-372,-48,275,526,659,644,483,219,-87,-367,-562,-623,-544,-344,-68,216,442,566,557,417,190,-78,-324,-486,-539,-472,-288,-39,212,412,517,497,365,147,-105,-330,-475,-513,-429,-248,-14,222,409,506,483,347,137,-102,-320,-465,-503,-421,-246,-23,199,381,476,467,347,151,-75,-282,-425,-463,-399,-248,-40,173,340,433,422,312,134,-69,-251,-376,-411,-349,-211,-26,163,311,386,372,261,91,-96,-258,-364,-383,-310,-162,25,205,0,0,0,0,0,395,278,88,-119,-302,-430,-462,-385,-220,2,225,401,491,478,352,141,-105,-328,-485,-537,-469,-291,-48,211,427,545,542,417,198,-75,-331,-516,-590,-528,-344,-86,200,443,590,605,475,236,-57,-345,-557,-646,-594,-401,-109,215,492,666,689,550,285,-54,-394,-648,-764,-715,-498,-156,224,564,786,843,719,434,44,-372,-712,-896,-884,-690,-346,82,501,820,966,902,647,248,-210,-629,-910,-1005,-885,-577,-145,316,714,956,992,818,473,33,-426,-787,-978,-959,-732,-353,91,513,827,955,875,611,222,-212,-594,-845,-913,-779,-478,-77,334,666,847,843,654,318,-81,-460,-731,0,-760,-516,-155,244,590,806,835,685,385,-8,-398,-704,-861,-830,-616,-257,162,548,818,918,818,544,141,-300,-680,-917,-960,-799,-466,-24,422,783,982,981,764,375,-88,-535,-880,-1037,-974,-712,-296,194,638,946,1059,949,647,201,-292,-721,-1006,-1083,-934,-587,-117,383,800,1058,1090,899,523,49,-442,-840,-1062,-1063,-856,-477,-9,458,828,1035,1023,801,429,-17,-456,-800,-969,-941,-734,-385,32,424,725,880,852,653,330,-45,-401,-671,-798,-761,-584,-295,40,358,595,709,688,542,294,-5,-290,-511,-635,-642,-535,-338,-89,163,376,523,579,543,431,268,87,-87,-225,-313,-352,0,0,0,0,0,295,181,23,-171,-368,-536,-636,-648,-561,-373,-113,181,459,668,764,725,558,281,-65,-412,-689,-845,-842,-678,-371,21,420,749,943,957,777,435,-9,-466,-848,-1067,-1080,-879,-495,0,514,941,1185,1201,972,543,-4,-559,-1014,-1283,-1298,-1038,-570,10,605,1096,1363,1359,1084,585,-44,-659,-1146,-1407,-1386,-1080,-559,75,689,1171,1409,1358,1030,495,-137,-738,-1191,-1396,-1311,-962,-416,214,791,1197,1352,1234,860,316,-289,-819,-1184,-1300,-1141,-741,-203,371,868,1176,1235,1035,620,89,-455,-898,-1143,-1142,-905,-489,24,527,912,1102,1051,785,357,-145,-603,-919,-1040,-945,-646,-216,247,648,908,0,824,506,81,-356,-700,-893,-895,-707,-366,53,447,737,863,807,577,223,-175,-526,-755,-817,-703,-441,-91,271,573,739,735,572,287,-55,-376,-603,-696,-640,-438,-145,176,446,609,637,522,286,-9,-293,-504,-594,-551,-386,-137,147,387,531,552,447,238,-18,-264,-452,-534,-486,-325,-94,158,375,502,508,397,194,-53,-282,-447,-512,-460,-301,-78,164,369,489,496,387,193,-43,-269,-439,-501,-449,-298,-86,146,338,454,467,377,202,-19,-228,-383,-449,-414,-283,-92,113,294,405,420,336,177,-20,-210,-343,-394,-361,-247,-72,121,284,379,377,285,127,-60,-233,-350,-389,-341,0,0
10931,mtk,MTK 7916,4084204654,rx2-tx1,512,0,0,0,-3,20,34,39,27,7,-6,-9,-8,0,14,24,29,23,13,2,-15,-35,-48,-50,-40,-20,1,24,42,51,50,42,22,0,-23,-38,-41,-37,-24,-7,11,22,22,16,6,-9,-25,-32,-23,-2,20,39,50,52,35,6,-24,-53,-82,-97,-86,-47,4,59,108,140,147,122,68,-4,-80,-152,-196,-197,-156,-79,17,112,189,235,232,178,81,-35,-143,-228,-271,-261,-195,-85,46,168,256,294,268,187,68,-69,-188,-262,-289,-261,-171,-43,90,201,272,286,238,136,7,-125,-226,-277,-264,-200,-89,42,162,247,274,239,147,22,-105,-213,-272,-268,-206,0,50,180,273,307,269,171,31,-122,-256,-339,-348,-278,-148,18,190,333,406,394,299,136,-64,-256,-401,-469,-435,-305,-107,116,320,460,505,448,300,79,-162,-376,-516,-549,-465,-280,-32,237,465,603,614,501,285,0,-287,-530,-668,-673,-541,-297,16,333,581,720,716,569,311,-8,-335,-600,-751,-749,-596,-327,2,337,603,752,751,603,339,10,-323,-593,-738,-746,-604,-343,-22,300,559,696,699,573,340,47,-251,-500,-653,-674,-565,-351,-79,202,437,586,625,549,373,133,-127,-357,-516,-577,-540,-416,-223,3,221,398,506,535,483,360,201,27,-133,-259,-332,-353,-329,0,0,0,0,0,-235,-252,-231,-172,-78,40,168,282,357,381,353,262,124,-42,-207,-343,-426,-434,-361,-221,-30,173,348,467,502,437,286,75,-158,-376,-533,-588,-531,-365,-117,164,426,618,699,648,469,184,-147,-462,-702,-816,-769,-583,-282,93,458,742,904,896,709,383,-19,-421,-754,-949,-965,-793,-468,-49,370,717,937,977,825,517,111,-328,-699,-923,-963,-820,-518,-118,295,650,877,924,789,497,112,-293,-630,-835,-869,-734,-448,-79,298,611,799,817,667,385,25,-338,-627,-777,-767,-609,-327,31,376,637,761,728,544,260,-75,-402,-648,-754,-696,-496,-202,130,435,649,728,653,442,0,-187,-469,-658,-710,-607,-376,-70,252,516,673,687,559,308,-7,-321,-563,-684,-665,-499,-227,94,395,624,718,651,456,162,-166,-461,-658,-720,-633,-417,-106,225,512,689,729,619,378,56,-280,-550,-707,-720,-582,-322,-1,311,566,700,689,541,284,-30,-337,-570,-689,-663,-497,-236,66,352,557,654,617,447,188,-95,-354,-537,-606,-549,-382,-145,116,343,496,541,478,321,103,-128,-323,-449,-478,-407,-258,-68,128,291,390,407,339,202,37,-127,-256,-329,-335,-270,-156,-16,120,224,273,267,211,118,5,-103,-181,-215,-204,-154,-79,5,81,131,151,141,106,56,-1,-53,0,0,0,0,0,-57,-44,-25,-6,12,15,10,4,-7,-19,-22,-14,2,18,34,42,41,35,16,-13,-38,-51,-54,-48,-32,-11,12,33,50,53,45,30,9,-10,-19,-25,-22,-12,0,12,22,20,9,-8,-26,-41,-41,-31,-12,16,45,69,79,67,35,-13,-62,-101,-122,-114,-84,-34,35,104,151,171,156,105,25,-68,-147,-203,-218,-191,-123,-29,75,170,234,252,220,138,19,-111,-210,-269,-280,-237,-139,-12,117,222,284,287,229,125,-8,-136,-239,-292,-279,-206,-97,38,167,252,281,255,171,48,-82,-193,-260,-270,-224,-123,9,137,234,278,254,174,53,-79,-192,0,-289,-239,-128,14,155,272,325,309,225,86,-81,-235,-343,-380,-342,-226,-55,134,298,410,432,364,216,17,-193,-364,-461,-467,-382,-207,21,258,435,522,500,378,174,-77,-318,-502,-588,-554,-399,-149,136,397,575,650,599,418,142,-165,-451,-652,-721,-645,-445,-150,180,484,690,760,677,463,157,-178,-488,-698,-767,-686,-475,-174,159,467,679,755,677,473,178,-153,-450,-655,-732,-666,-478,-195,123,409,609,691,638,467,209,-87,-359,-559,-654,-621,-469,-231,40,293,492,600,591,475,284,49,-193,-398,-528,-569,-510,-379,-198,15,216,369,455,475,433,339,221,98,-21,0,0,0,0,0,7,-81,-170,-252,-313,-338,-311,-234,-119,25,177,307,390,420,373,255,89,-92,-267,-403,-469,-449,-339,-162,51,264,439,531,523,420,225,-34,-296,-500,-617,-625,-517,-296,-6,305,570,730,751,634,394,66,-287,-595,-800,-864,-757,-498,-143,247,611,864,948,859,606,229,-204,-590,-864,-981,-919,-672,-291,145,547,844,980,925,686,320,-99,-508,-808,-944,-896,-681,-332,86,481,769,906,863,641,303,-90,-465,-739,-856,-801,-581,-248,129,478,717,808,735,514,187,-178,-502,-713,-771,-679,-448,-118,234,530,717,753,634,390,63,-278,-548,-707,-728,-591,-324,1,321,573,0,697,538,267,-61,-374,-609,-707,-662,-479,-191,133,421,622,694,620,414,111,-215,-492,-660,-696,-592,-356,-41,284,548,693,694,552,289,-35,-352,-595,-722,-695,-525,-245,86,396,626,736,692,495,200,-130,-435,-653,-731,-655,-447,-151,170,460,659,715,620,405,109,-203,-468,-634,-669,-567,-353,-64,229,465,600,618,505,296,25,-230,-437,-549,-553,-437,-243,-3,232,411,501,487,376,190,-23,-222,-372,-438,-407,-305,-146,39,205,325,374,344,246,104,-47,-183,-275,-309,-283,-197,-75,50,154,223,245,216,147,52,-46,-127,-175,-184,-156,-102,-33,32,83,111,118,104,0,0
10932,mtk,MTK 7916,4084238736,rx0-tx0,512,557,466,573,754,628,448,236,0,-239,-459,-631,-760,-819,-802,-713,-565,-357,-112,146,390,613,780,873,893,820,672,454,180,-120,-399,-648,-844,-945,-966,-882,-705,-459,-161,145,437,690,865,951,937,842,655,407,122,-172,-434,-655,-809,-878,-863,-767,-591,-371,-116,139,374,573,706,767,753,670,535,343,125,-101,-305,-468,-585,-648,-640,-574,-470,-322,-155,21,196,339,448,510,536,515,437,332,204,53,-99,-237,-347,-424,-477,-468,-413,-335,-217,-77,51,175,289,371,412,408,360,287,190,79,-35,-139,-230,-293,-318,-317,-291,-233,-162,-77,5,84,154,210,241,252,241,208,159,-588,19,-52,-121,-174,-202,-218,-212,-183,-141,-79,-12,51,116,162,190,196,175,136,81,19,-43,-104,-146,-172,-178,-148,-102,-42,24,84,136,172,183,165,125,60,-18,-102,-174,-229,-250,-236,-185,-111,-5,105,208,301,352,356,317,228,103,-37,-181,-312,-410,-469,-467,-400,-281,-115,64,242,394,502,554,537,461,325,144,-49,-248,-416,-533,-599,-589,-510,-377,-197,8,204,375,505,571,570,511,395,232,55,-134,-304,-430,-506,-535,-499,-405,-277,-117,57,223,355,448,490,471,397,284,140,-21,-179,-315,-411,-451,-434,-349,-220,-66,104,248,341,370,333,239,107,-24,-40,121,587,208,128,-128,-228,-292,-299,-244,-131,18,180,316,400,426,391,291,143,-27,-201,-349,-457,-503,-480,-406,-267,-89,97,276,423,523,560,529,424,272,78,-129,-317,-473,-564,-589,-545,-440,-276,-80,125,301,453,542,566,514,412,256,81,-93,-261,-387,-460,-475,-439,-355,-232,-84,54,177,281,346,369,347,291,196,89,-11,-113,-193,-245,-260,-251,-215,-152,-67,23,95,146,180,187,154,105,45,-18,-82,-124,-149,-149,-128,-80,-6,61,120,165,183,186,157,93,20,-68,-154,-217,-261,-276,-257,-203,-120,-10,97,203,292,349,374,351,285,183,61,-79,-210,-322,-405,-445,-439,-291,-284,-159,-8,141,290,402,480,514,485,407,293,139,-25,-191,-339,-458,-527,-551,-515,-427,-306,-142,24,190,335,454,529,550,529,458,346,210,54,-106,-266,-411,-514,-574,-610,-580,-489,-366,-198,-2,209,407,575,695,742,729,650,503,301,59,-192,-438,-656,-806,-881,-875,-786,-617,-384,-107,193,485,730,911,1010,1001,898,699,427,106,-223,-535,-806,-1002,-1092,-1073,-945,-718,-413,-79,276,604,869,1050,1117,1076,930,686,378,36,-307,-613,-855,-1022,-1080,-1017,-865,-627,-343,-20,298,575,795,933,984,936,797,593,336,49,-232,-490,-686,-819,-880,-856,-752,-581,-355,-109,149,283,294,525,357,182,-289,-502,-661,-762,-805,-774,-669,-511,-307,-65,190,419,614,764,838,839,767,628,415,160,-117,-386,-618,-803,-910,-925,-849,-701,-462,-180,121,427,679,868,964,964,875,689,436,141,-165,-443,-690,-850,-929,-909,-801,-621,-388,-119,155,411,619,757,824,803,716,562,353,119,-127,-342,-524,-651,-708,-699,-620,-496,-333,-144,64,248,403,516,572,581,539,449,323,174,18,-147,-284,-391,-466,-501,-486,-430,-334,-218,-79,74,204,313,405,440,429,395,320,209,82,-55,-174,-267,-336,-367,-361,-326,-261,-173,-76,22,116,192,250,278,280,258,215,155,90,15,-60,-131,-181,321,-229,-225,-201,-149,-89,-24,49,111,163,201,207,203,171,111,49,-21,-79,-133,-164,-178,-174,-145,-91,-34,34,96,137,168,174,152,107,47,-25,-91,-150,-194,-210,-195,-145,-73,20,111,193,255,296,291,249,164,40,-89,-214,-320,-392,-418,-392,-314,-192,-36,133,293,425,507,527,482,373,218,30,-160,-335,-477,-559,-577,-537,-422,-265,-80,128,315,469,572,600,558,459,307,120,-76,-256,-417,-518,-561,-542,-460,-326,-173,0,179,326,437,501,509,456,353,215,50,-117,-262,-377,-447,-465,-430,-337,-203,-43,125,276,374,426,410,325,194,37,-114,-230,-287,-276,499,502,-258,-224,-291,-202,-139,-29,105,238,336,378,355,261,121,-43,-210,-352,-441,-472,-438,-343,-199,-16,160,324,452,517,524,463,344,178,-15,-212,-383,-509,-577,-566,-493,-356,-176,20,217,388,517,580,564,493,355,176,-21,-207,-360,-473,-515,-511,-442,-319,-169,-3,151,285,379,421,409,361,272,155,27,-90,-196,-273,-300,-304,-275,-213,-127,-31,52,133,194,225,220,183,133,66,-15,-83,-129,-154,-157,-135,-88,-30,35,92,148,169,160,127,75,7,-66,-146,-204,-234,-235,-202,-140,-62,33,131,219,289,322,312,273,192,90,-29,-157,-272,-352,-406,-414,-371,-291,-173,-33,117,374,368,444,475,463,398,289,152,-10,-171,-315,-433,-513,-534,-505,-427,-301,-144,26,205,348,468,537,550,516,437,318,168,4,-158,-310,-431,-513,-554,-549,-503,-405,-267,-123,44,236,394,527,624,668,653,577,442,250,33,-190,-410,-597,-740,-812,-808,-729,-567,-344,-87,186,455,693,862,951,946,844,657,410,109,-208,-515,-778,-965,-1054,-1040,-929,-720,-433,-94,251,576,849,1025,1107,1087,952,721,412,62,-292,-617,-877,-1042,-1103,-1054,-900,-665,-363,-16,319,608,832,976,1033,977,826,601,329,29,-269,-537,-746,-883,-929,-889,-765,-570,-344,-79,187,432,635,765,826,821,72,-37
10933,mtk,MTK 7916,4084238736,rx0-tx1,512,-760,275,-18,-816,-916,-944,-886,-736,-518,-240,68,373,658,886,1027,1077,1027,869,630,331,-15,-366,-681,-934,-1106,-1174,-1128,-975,-720,-393,-36,335,675,964,1156,1236,1207,1059,810,483,107,-271,-634,-933,-1148,-1260,-1245,-1114,-881,-572,-204,181,550,866,1107,1242,1261,1167,960,674,330,-63,-440,-774,-1034,-1204,-1260,-1204,-1032,-768,-431,-58,315,663,944,1141,1233,1207,1065,827,522,168,-196,-540,-835,-1043,-1158,-1163,-1060,-870,-603,-280,61,390,684,912,1051,1095,1039,896,677,394,84,-228,-518,-757,-922,-1017,-1016,-924,-750,-514,-240,60,352,610,822,958,1010,979,858,650,389,94,-217,-519,-772,-952,-430,-1058,-958,-764,-504,-187,155,482,768,992,1110,1126,1031,828,545,208,-152,-502,-810,-1027,-1137,-1147,-1037,-823,-526,-173,189,532,818,1019,1114,1105,980,760,468,128,-221,-548,-795,-962,-1045,-1008,-886,-675,-401,-86,226,500,719,864,915,879,755,563,325,71,-190,-422,-599,-714,-760,-733,-631,-482,-295,-89,121,308,459,565,613,610,554,438,288,118,-50,-212,-344,-451,-505,-503,-471,-390,-273,-138,7,147,267,357,409,427,401,337,247,130,12,-106,-212,-289,-346,-360,-342,-295,-216,-114,-8,97,196,265,307,321,294,230,149,47,-63,-166,-243,-281,-273,-227,-149,-45,55,122,874,739,-195,451,-23,149,243,303,308,259,155,19,-126,-263,-362,-415,-411,-352,-248,-110,43,193,325,420,474,474,420,319,188,31,-137,-292,-422,-509,-553,-537,-472,-351,-186,5,200,382,530,639,689,655,556,405,197,-40,-282,-502,-683,-794,-825,-771,-624,-414,-151,134,406,647,829,925,917,822,632,366,68,-242,-532,-758,-909,-972,-921,-775,-555,-276,20,323,584,784,892,909,845,692,466,207,-71,-331,-560,-721,-811,-818,-748,-598,-408,-188,52,282,471,614,693,701,649,552,406,221,26,-166,-336,-468,-554,-602,-593,-538,-436,-299,-139,24,185,335,458,538,577,574,519,419,273,107,230,-236,-396,-526,-607,-630,-596,-514,-379,-205,-10,187,368,517,624,667,648,574,438,257,59,-143,-331,-494,-605,-659,-657,-590,-471,-304,-111,81,267,423,540,608,618,576,479,346,191,16,-154,-311,-430,-514,-556,-547,-494,-406,-281,-139,11,154,281,388,459,504,503,461,390,288,160,18,-125,-261,-376,-460,-511,-526,-494,-423,-311,-174,-18,138,287,413,503,555,562,520,431,307,158,-8,-175,-333,-465,-551,-598,-598,-541,-436,-297,-130,57,234,394,531,619,651,633,564,441,275,83,-118,-311,-489,-623,-707,-730,-688,-585,-424,-228,-5,224,445,625,752,818,808,720,559,897,967,136,-903,-940,-455,-188,92,383,641,843,975,1008,953,806,573,280,-42,-372,-671,-908,-1066,-1132,-1077,-921,-674,-365,-13,345,676,952,1132,1208,1171,1021,771,437,70,-308,-663,-951,-1160,-1251,-1233,-1093,-847,-531,-155,235,601,910,1135,1255,1260,1146,928,626,259,-126,-502,-829,-1072,-1232,-1269,-1187,-997,-724,-381,-2,377,724,997,1181,1249,1206,1053,802,482,115,-262,-610,-894,-1095,-1193,-1180,-1066,-852,-563,-224,132,468,753,979,1107,1129,1056,886,636,333,9,-307,-595,-831,-988,-1054,-1026,-910,-711,-454,-165,146,434,683,865,979,1007,946,803,589,322,25,-274,-560,-793,-946,-1026,-1020,-917,-719,-458,-1099,170,493,766,971,1085,1094,998,813,537,200,-151,-500,-792,-1009,-1134,-1143,-1043,-829,-532,-196,159,511,810,1031,1135,1130,1012,795,498,157,-199,-536,-816,-1009,-1100,-1077,-939,-713,-440,-113,220,515,759,917,983,944,815,613,352,67,-216,-470,-664,-788,-835,-807,-692,-521,-308,-77,157,364,523,634,682,663,581,455,290,107,-81,-258,-404,-505,-559,-561,-511,-413,-283,-122,32,175,308,401,454,469,435,363,256,131,0,-134,-242,-322,-374,-383,-367,-312,-235,-133,-17,92,195,273,322,332,316,267,187,95,-10,-120,-205,-266,-301,-295,-252,-173,-67,42,137,209,238,216,160,-323,-576,364,889,1000,208,144,30,-100,-228,-327,-372,-365,-298,-184,-42,108,248,357,424,443,412,331,209,60,-101,-248,-373,-460,-509,-501,-438,-325,-181,-12,163,329,474,569,614,593,513,378,200,-21,-243,-442,-603,-714,-753,-712,-601,-419,-180,78,348,583,756,863,873,799,639,403,113,-194,-471,-711,-875,-950,-929,-805,-589,-326,-24,291,563,779,911,951,892,742,514,234,-53,-336,-585,-763,-858,-869,-799,-648,-440,-191,65,312,523,665,754,765,699,575,405,194,-22,-223,-396,-538,-623,-650,-619,-536,-405,-255,-84,91,253,397,503,562,577,552,476,355,207,47,-117,-280,-422,-527,-583,-198,-564,-475,-337,-164,25,210,384,527,618,654,629,546,412,236,37,-161,-351,-513,-619,-666,-654,-585,-459,-285,-91,113,303,462,580,637,639,582,473,324,146,-37,-216,-371,-483,-561,-586,-559,-486,-373,-237,-81,83,229,358,454,507,521,491,428,332,213,78,-69,-201,-317,-415,-484,-513,-503,-449,-358,-237,-99,51,194,329,438,515,548,532,478,374,245,93,-72,-239,-383,-492,-564,-590,-568,-496,-377,-226,-61,116,286,431,538,608,625,585,503,372,202,14,-174,-355,-513,-623,-681,-682,-623,-512,-350,-155,59,272,470,627,730,772,750,655,501,294,54,-196,-430,-625,-358,109
10934,mtk,MTK 7916,4084238736,rx1-tx0,512,-144,309,943,362,214,39,-145,-311,-439,-520,-539,-502,-406,-264,-98,90,261,398,504,546,523,445,319,159,-20,-199,-360,-475,-537,-544,-491,-385,-241,-66,120,284,430,531,568,554,476,354,195,7,-181,-353,-494,-583,-614,-584,-495,-355,-177,23,228,416,559,650,683,647,544,375,167,-62,-289,-490,-646,-754,-775,-708,-578,-390,-146,114,367,586,745,832,829,745,581,348,82,-183,-441,-654,-793,-851,-821,-711,-530,-301,-42,214,451,636,756,799,773,675,508,296,57,-176,-386,-565,-685,-747,-744,-664,-529,-353,-139,83,292,478,629,723,752,721,615,457,256,26,-216,-440,-623,-761,231,-824,-739,-574,-357,-96,190,458,689,861,948,952,853,669,417,108,-214,-519,-784,-969,-1057,-1046,-927,-710,-421,-85,271,601,868,1054,1134,1110,973,735,417,54,-312,-659,-935,-1117,-1205,-1165,-1015,-754,-420,-36,347,701,993,1185,1273,1230,1058,787,429,20,-405,-785,-1094,-1301,-1371,-1311,-1100,-772,-364,102,564,969,1262,1432,1446,1308,1020,613,146,-352,-795,-1146,-1381,-1450,-1352,-1101,-736,-300,169,609,968,1207,1306,1255,1063,767,394,-23,-406,-737,-971,-1090,-1084,-964,-749,-439,-95,246,550,784,916,937,847,663,403,87,-228,-500,-699,-806,-791,-657,-430,-144,150,396,550,587,507,337,-1357,-1002,-417,583,755,170,366,517,570,519,356,116,-159,-420,-624,-738,-748,-650,-457,-201,89,368,604,777,866,845,728,515,239,-72,-385,-653,-861,-983,-1003,-899,-700,-409,-64,297,639,925,1118,1191,1140,947,654,284,-141,-562,-934,-1211,-1368,-1362,-1219,-941,-539,-64,417,865,1221,1447,1528,1446,1197,824,349,-172,-673,-1107,-1416,-1579,-1576,-1400,-1075,-634,-130,395,870,1257,1512,1597,1519,1274,904,445,-69,-554,-985,-1308,-1496,-1524,-1394,-1124,-747,-296,177,612,985,1261,1404,1407,1271,1000,648,241,-193,-605,-942,-1186,-1314,-1311,-1184,-953,-625,-241,166,543,872,1121,1250,1263,1152,937,625,263,-120,-498,-834,-1085,-49,-1268,-1177,-970,-680,-325,67,458,812,1085,1260,1309,1236,1040,738,361,-56,-471,-846,-1143,-1329,-1387,-1304,-1084,-759,-355,97,549,936,1228,1403,1433,1315,1070,708,269,-194,-636,-1007,-1281,-1430,-1416,-1263,-985,-598,-164,287,703,1042,1270,1360,1319,1143,842,470,58,-355,-720,-1006,-1186,-1237,-1163,-977,-702,-363,7,365,676,906,1045,1072,1002,831,577,275,-34,-338,-596,-795,-912,-934,-855,-698,-483,-223,45,301,532,700,793,809,736,603,412,178,-65,-296,-491,-631,-706,-711,-637,-512,-335,-119,99,306,475,595,645,628,547,411,237,38,-163,-341,-476,-569,-590,-549,-450,-307,-135,58,237,-434,-77,-95,-1400,-1090,-411,-506,-548,-529,-448,-319,-157,23,199,354,470,537,543,475,366,216,33,-146,-311,-443,-522,-546,-508,-413,-272,-105,74,247,392,497,555,545,480,368,208,33,-149,-321,-457,-551,-587,-562,-486,-353,-181,8,202,379,524,616,649,616,518,365,183,-31,-248,-450,-607,-703,-731,-684,-564,-389,-167,90,330,537,704,799,803,730,579,372,120,-152,-407,-629,-778,-840,-827,-738,-558,-324,-57,208,450,645,777,825,796,688,513,288,39,-199,-425,-604,-725,-775,-749,-661,-513,-317,-104,128,343,518,654,734,740,685,568,397,192,-24,-247,-451,-617,-734,-788,-774,-678,-526,-318,-568,187,442,654,809,897,895,799,630,392,108,-192,-492,-736,-919,-1014,-999,-894,-693,-412,-91,246,564,829,1014,1102,1082,946,718,415,67,-288,-626,-907,-1094,-1173,-1140,-995,-740,-422,-52,325,675,961,1154,1237,1192,1037,771,428,40,-370,-738,-1035,-1241,-1321,-1270,-1085,-793,-410,23,459,860,1167,1368,1429,1328,1074,713,269,-212,-670,-1067,-1332,-1464,-1433,-1229,-903,-473,22,495,908,1203,1365,1377,1222,939,557,129,-305,-690,-981,-1169,-1209,-1111,-903,-596,-235,140,479,766,956,1025,979,824,579,270,-55,-365,-624,-806,-884,-837,-686,-454,-160,152,426,624,715,685,540,308,44,-200,-362,-421,-1006,247,-501,-177,415,336,155,-79,-325,-537,-659,-677,-579,-384,-125,160,429,642,777,812,737,578,346,55,-245,-522,-748,-887,-934,-866,-702,-459,-156,182,511,791,998,1091,1073,933,691,354,-28,-429,-792,-1068,-1245,-1288,-1185,-953,-611,-184,273,697,1078,1347,1460,1416,1214,880,444,-49,-546,-992,-1329,-1534,-1570,-1440,-1145,-727,-231,294,787,1198,1478,1601,1555,1346,994,532,19,-492,-949,-1299,-1516,-1571,-1459,-1203,-827,-372,122,594,1001,1298,1458,1462,1322,1055,691,263,-177,-607,-968,-1216,-1354,-1356,-1220,-969,-631,-236,183,571,909,1152,1276,1279,1160,942,622,246,-150,-529,-859,-1103,-1233,-1257,-1161,-952,-647,425,91,474,811,1068,1229,1277,1206,1012,716,343,-59,-458,-821,-1107,-1286,-1342,-1267,-1067,-757,-366,67,502,888,1184,1371,1426,1321,1080,741,316,-140,-589,-974,-1267,-1421,-1432,-1295,-1036,-671,-225,242,672,1039,1288,1405,1381,1211,918,532,103,-329,-725,-1037,-1233,-1307,-1248,-1065,-777,-417,-20,365,701,955,1117,1158,1084,899,634,315,-24,-348,-639,-856,-974,-997,-922,-758,-529,-255,38,322,560,742,844,861,798,660,453,208,-54,-302,-510,-668,-752,-756,-692,-559,-371,-149,83,299,471,606,673,669,599,468,290,80,-127,-320,-475,-579,-621,-593,-503,-369,-192,9,193,357,478,549,564,506,-662,-788
10935,mtk,MTK 7916,4084238736,rx1-tx1,512,0,0,0,210,310,335,277,161,6,-151,-273,-338,-318,-218,-72,91,235,326,335,259,129,-27,-177,-285,-323,-281,-177,-33,118,242,300,287,206,73,-82,-219,-300,-305,-243,-115,37,186,292,324,272,153,1,-157,-284,-338,-309,-203,-54,111,260,348,346,261,102,-84,-246,-350,-380,-323,-177,19,213,354,421,389,265,73,-139,-327,-442,-458,-361,-184,41,265,441,514,471,314,83,-171,-399,-540,-555,-447,-236,33,301,505,604,571,418,168,-129,-405,-585,-634,-550,-359,-84,221,473,618,632,513,287,1,-286,-509,-622,-608,-458,-207,79,337,521,594,533,357,108,-159,-385,-517,0,-439,-247,1,237,414,494,466,338,135,-99,-302,-436,-470,-393,-231,-23,199,378,465,442,321,126,-100,-304,-442,-483,-421,-270,-55,174,366,483,504,417,239,9,-223,-405,-501,-501,-404,-223,0,221,395,480,469,369,207,10,-186,-334,-410,-399,-318,-185,-28,125,237,298,296,241,148,43,-62,-137,-168,-160,-129,-79,-21,21,54,56,37,11,-8,-20,-21,-12,14,47,75,86,77,44,1,-43,-85,-113,-117,-101,-63,-7,48,89,110,115,101,60,11,-34,-70,-92,-88,-71,-39,-1,34,60,73,61,38,11,-15,-40,-53,-59,-51,-35,-9,17,36,47,48,0,0,0,0,0,-90,-54,-4,59,126,180,206,199,155,80,-22,-126,-214,-267,-279,-231,-132,-3,131,252,330,344,285,162,3,-162,-307,-394,-401,-323,-169,31,228,387,474,460,352,158,-80,-307,-480,-556,-519,-375,-140,139,396,578,640,569,386,114,-191,-468,-651,-694,-593,-368,-59,269,536,692,701,566,309,-19,-351,-607,-728,-692,-509,-214,126,445,668,742,659,425,99,-246,-546,-727,-746,-609,-335,15,360,625,755,722,533,232,-118,-439,-656,-737,-656,-426,-95,243,514,672,687,551,292,-32,-347,-571,-666,-617,-419,-124,192,458,619,637,512,267,-40,-331,-556,-657,-596,-399,-109,0,494,658,676,540,276,-59,-385,-630,-733,-674,-462,-144,221,535,735,773,641,361,-6,-376,-661,-799,-765,-563,-238,144,495,741,820,728,468,105,-278,-601,-786,-796,-626,-312,61,409,677,793,723,488,153,-217,-536,-729,-753,-603,-320,27,368,627,735,680,465,146,-207,-511,-695,-718,-578,-306,36,368,617,723,660,446,137,-207,-502,-678,-706,-582,-323,16,340,583,694,654,469,191,-135,-428,-623,-667,-575,-359,-63,239,476,605,596,453,218,-56,-309,-484,-544,-484,-318,-87,157,359,473,472,357,166,-50,-242,-373,-416,-361,-221,-36,151,296,363,346,249,90,-85,-226,0,0,0,0,0,-267,-144,18,177,293,337,299,191,42,-120,-254,-330,-323,-241,-103,57,204,304,325,270,158,11,-140,-260,-318,-298,-199,-51,100,224,297,301,224,96,-55,-201,-300,-317,-257,-137,19,167,283,336,295,179,27,-133,-263,-334,-329,-238,-78,104,255,343,352,278,133,-51,-229,-356,-398,-348,-217,-27,179,349,438,425,314,129,-89,-299,-448,-496,-423,-250,-13,230,422,525,508,373,151,-112,-357,-531,-592,-519,-324,-59,231,471,606,610,491,264,-28,-320,-543,-646,-611,-452,-195,106,386,576,644,573,385,109,-185,-427,-575,-607,-504,-295,-24,252,463,567,544,403,181,0,-298,-468,-527,-460,-295,-74,161,351,466,478,381,192,-36,-253,-405,-468,-425,-287,-78,149,343,455,463,370,197,-29,-247,-414,-496,-472,-346,-148,91,315,463,519,472,325,109,-123,-325,-457,-505,-454,-315,-113,110,293,411,455,406,280,113,-70,-227,-330,-363,-332,-235,-103,32,138,210,239,218,152,73,-6,-68,-99,-102,-85,-49,-14,13,26,17,-5,-23,-42,-50,-39,-19,13,55,89,103,100,81,41,-13,-64,-102,-118,-110,-80,-34,15,62,91,103,96,70,29,-15,-51,-70,-76,-65,-41,-10,24,50,62,60,48,23,-8,-31,-52,-62,-61,-47,-27,-8,0,0,0,0,0,-91,-129,-153,-154,-129,-79,-3,83,167,226,247,224,158,52,-67,-178,-268,-311,-291,-207,-80,73,215,327,378,348,240,82,-101,-275,-403,-447,-391,-258,-65,161,366,493,525,448,264,10,-246,-455,-580,-596,-482,-265,22,311,535,656,654,509,250,-72,-389,-617,-705,-656,-482,-187,153,458,660,721,632,416,97,-248,-531,-700,-724,-591,-329,12,355,616,740,709,526,227,-130,-454,-675,-754,-669,-435,-110,237,535,713,731,596,330,-7,-337,-591,-715,-680,-494,-200,138,432,628,682,580,351,53,-258,-509,-647,-626,-461,-199,107,401,599,657,559,334,29,-284,-533,-665,0,-476,-188,144,446,654,717,615,368,35,-307,-589,-743,-735,-553,-248,114,457,711,802,715,479,128,-261,-585,-778,-810,-661,-361,19,391,676,814,770,554,221,-162,-510,-736,-794,-680,-418,-61,306,603,759,739,550,241,-128,-460,-682,-751,-643,-391,-57,285,567,717,707,532,232,-121,-441,-661,-731,-633,-388,-51,292,571,713,691,516,235,-99,-416,-641,-712,-630,-405,-88,240,510,666,670,529,273,-39,-336,-553,-655,-602,-410,-139,146,393,546,578,482,284,26,-229,-427,-520,-492,-351,-137,94,297,426,443,363,207,8,-188,-335,-395,-359,-235,-61,119,263,348,342,257,0,0
10936,mtk,MTK 7916,4084238736,rx2-tx0,512,0,0,0,-365,-230,-32,185,358,446,430,315,117,-119,-332,-466,-493,-405,-221,18,258,442,526,487,333,96,-166,-394,-534,-550,-434,-211,58,317,509,583,514,325,55,-226,-458,-583,-573,-425,-175,121,400,588,635,526,288,-23,-335,-577,-679,-619,-412,-101,243,540,715,727,566,265,-110,-472,-731,-825,-733,-468,-83,331,676,873,879,688,330,-110,-527,-835,-959,-871,-580,-151,312,705,946,983,797,429,-36,-496,-843,-1001,-940,-671,-252,222,646,924,996,848,510,55,-405,-769,-960,-931,-695,-312,141,559,844,933,818,518,100,-332,-674,-865,-858,-654,-304,112,500,768,855,742,459,0,-327,-653,-829,-807,-597,-246,166,532,775,845,719,425,27,-385,-712,-879,-852,-622,-250,184,583,855,934,809,496,59,-392,-752,-953,-951,-731,-343,123,566,886,1014,915,610,171,-316,-734,-989,-1029,-843,-465,14,495,867,1049,1006,739,301,-203,-658,-973,-1081,-949,-606,-130,368,788,1042,1076,873,485,-10,-496,-873,-1063,-1029,-778,-370,114,569,899,1031,944,665,256,-207,-618,-881,-962,-838,-539,-141,270,619,828,860,712,422,58,-311,-607,-768,-764,-608,-331,7,330,573,697,681,528,273,-20,-302,-523,-638,-624,-497,-289,-39,208,409,533,562,503,375,201,21,-134,-246,-313,0,0,0,0,0,129,-31,-209,-392,-539,-618,-607,-492,-281,-14,274,530,699,748,666,451,138,-211,-533,-764,-842,-751,-506,-153,242,606,862,940,829,543,127,-332,-738,-1007,-1065,-899,-539,-50,466,893,1148,1168,946,512,-41,-596,-1040,-1277,-1245,-950,-450,153,743,1179,1375,1278,915,354,-287,-887,-1295,-1425,-1256,-827,-223,428,995,1361,1429,1184,693,61,-580,-1095,-1383,-1368,-1057,-525,119,731,1179,1368,1268,888,322,-309,-867,-1234,-1327,-1131,-695,-119,477,970,1242,1233,961,486,-94,-645,-1043,-1207,-1111,-778,-274,285,765,1071,1141,955,566,63,-450,-852,-1063,-1036,-780,-356,139,598,911,1018,895,575,136,0,-706,-924,-932,-728,-365,71,484,788,907,818,546,157,-257,-608,-819,-840,-667,-348,40,410,682,795,729,495,155,-215,-528,-716,-733,-584,-303,41,369,601,689,617,400,89,-233,-486,-623,-614,-459,-198,102,374,546,588,494,281,7,-260,-460,-547,-500,-336,-89,174,388,510,507,375,155,-103,-334,-478,-505,-418,-227,23,267,445,513,457,294,64,-182,-387,-495,-487,-365,-157,88,310,459,499,420,242,15,-212,-389,-472,-443,-311,-107,123,319,434,443,351,176,-36,-236,-378,-428,-371,-226,-31,168,328,400,373,258,82,-111,-275,-370,-375,-285,-121,76,249,362,384,311,0,0,0,0,0,-213,-364,-434,-400,-271,-68,154,342,458,464,354,158,-76,-299,-461,-514,-448,-277,-37,217,425,531,514,382,154,-114,-361,-527,-568,-472,-266,-1,274,488,586,542,378,118,-181,-439,-588,-598,-474,-227,84,376,582,657,570,340,29,-294,-560,-704,-675,-481,-174,183,508,731,787,652,361,-18,-403,-710,-857,-810,-578,-209,221,607,857,920,780,456,20,-431,-783,-965,-934,-692,-297,169,604,906,1004,878,553,104,-365,-755,-978,-980,-763,-379,89,534,858,990,899,603,176,-280,-668,-905,-939,-764,-419,21,449,763,907,843,589,204,-216,-588,-819,-860,-703,-385,21,416,706,0,768,524,156,-249,-596,-807,-827,-661,-336,66,454,745,868,788,523,131,-293,-649,-867,-894,-715,-366,69,493,818,961,889,614,204,-261,-671,-936,-992,-827,-477,-18,450,828,1018,982,728,317,-169,-620,-941,-1048,-925,-599,-141,355,777,1028,1055,850,459,-31,-525,-906,-1079,-1021,-746,-311,190,655,981,1089,967,646,187,-307,-733,-999,-1053,-882,-531,-70,397,768,975,976,770,410,-26,-447,-763,-908,-864,-643,-297,107,468,724,822,749,523,196,-163,-475,-685,-749,-656,-438,-137,181,450,624,674,588,391,126,-150,-389,-550,-609,-561,-422,-222,0,207,364,455,474,425,328,203,0,0,0,0,0,421,485,482,399,241,25,-216,-442,-617,-703,-666,-504,-248,67,379,633,782,782,619,323,-37,-405,-705,-877,-874,-685,-345,75,491,823,994,964,726,329,-152,-620,-973,-1128,-1053,-749,-280,260,763,1118,1244,1105,735,203,-390,-914,-1255,-1332,-1136,-698,-99,531,1044,1349,1379,1111,600,-40,-677,-1170,-1417,-1366,-1030,-469,197,813,1250,1424,1297,889,300,-344,-925,-1308,-1396,-1182,-722,-112,520,1032,1313,1306,1020,516,-93,-675,-1104,-1292,-1199,-847,-311,289,819,1153,1231,1050,640,93,-467,-914,-1154,-1136,-869,-424,103,606,969,1111,1008,687,214,-292,-724,-991,-1035,-844,-473,0,462,815,983,0,663,262,-193,-603,-869,-932,-781,-461,-48,371,700,868,836,617,263,-144,-513,-760,-827,-705,-431,-60,318,615,763,736,542,227,-130,-445,-654,-707,-598,-354,-32,289,536,656,616,429,150,-156,-418,-578,-599,-476,-243,41,311,503,572,498,304,43,-223,-430,-532,-503,-352,-117,142,367,497,507,395,192,-60,-302,-466,-518,-441,-260,-21,221,418,512,483,337,116,-137,-353,-480,-497,-396,-203,33,263,427,491,436,281,64,-167,-355,-453,-443,-335,-146,75,273,403,437,364,203,-5,-204,-351,-409,-367,-238,-57,140,301,389,375,271,102,-88,-259,-367,-380,-295,-138,51,226,0,0
10937,mtk,MTK 7916,4084238736,rx2-tx1,512,0,0,0,56,40,16,-5,-19,-22,-16,-7,2,7,10,6,-5,-20,-31,-34,-29,-17,5,27,44,52,50,36,16,-5,-25,-40,-48,-43,-28,-6,15,33,38,28,11,-2,-14,-20,-16,-8,9,26,33,25,12,-7,-34,-55,-66,-61,-36,-1,37,76,103,107,90,47,-15,-81,-131,-156,-151,-106,-32,56,131,187,210,185,113,18,-87,-178,-231,-237,-195,-107,12,132,225,272,260,191,82,-52,-172,-256,-285,-255,-173,-47,92,207,276,287,234,127,-7,-142,-243,-284,-267,-195,-74,65,185,260,277,229,125,-3,-130,-229,-276,-258,-179,-56,81,200,269,277,219,0,-44,-181,-280,-314,-274,-165,-11,146,270,342,340,262,112,-71,-239,-367,-420,-371,-242,-55,153,328,439,456,378,207,-15,-237,-411,-501,-481,-348,-142,103,335,500,552,490,310,55,-217,-448,-586,-604,-490,-261,28,315,545,669,647,483,215,-104,-405,-633,-732,-682,-478,-174,167,473,689,765,683,456,132,-220,-527,-724,-771,-662,-420,-92,254,547,722,753,628,372,47,-277,-551,-711,-721,-583,-325,-8,298,538,669,665,529,282,-9,-297,-519,-628,-609,-482,-262,8,272,476,583,581,472,277,30,-211,-404,-525,-551,-483,-344,-155,50,234,372,444,450,393,292,171,46,0,0,0,0,0,-92,-180,-255,-304,-314,-278,-192,-66,80,221,334,394,393,320,186,14,-170,-329,-429,-454,-388,-240,-41,173,365,487,517,445,278,41,-216,-440,-581,-613,-521,-315,-35,264,528,693,722,603,358,30,-313,-609,-800,-838,-693,-411,-38,356,699,900,923,760,445,42,-377,-739,-954,-970,-799,-470,-45,388,744,951,962,777,442,19,-410,-754,-951,-941,-732,-383,34,452,764,911,871,652,300,-109,-498,-771,-869,-789,-546,-188,202,543,765,821,701,424,61,-309,-608,-774,-764,-591,-297,63,402,652,768,714,500,184,-166,-475,-684,-745,-642,-393,-67,270,542,705,712,557,280,0,-364,-607,-712,-658,-461,-160,172,463,651,696,583,345,35,-286,-549,-685,-673,-511,-232,105,412,624,705,642,426,106,-233,-518,-691,-713,-580,-321,9,337,595,728,701,515,215,-130,-441,-655,-736,-657,-429,-113,222,509,688,719,587,333,11,-311,-562,-691,-675,-516,-242,78,373,584,666,609,421,148,-149,-407,-582,-626,-532,-330,-65,209,430,554,550,432,231,-19,-256,-427,-502,-465,-333,-144,71,265,394,435,386,254,76,-113,-266,-352,-367,-307,-178,-16,134,243,298,289,220,106,-22,-136,-212,-245,-228,-166,-70,33,116,170,187,164,110,41,-33,-92,-123,-120,-96,0,0,0,0,0,15,34,39,35,22,6,-3,-6,-8,-4,10,20,23,17,4,-12,-24,-37,-47,-43,-26,-3,22,39,50,53,42,22,1,-23,-34,-39,-36,-16,0,12,23,30,21,4,-10,-18,-21,-19,-1,21,38,46,41,21,-7,-36,-64,-87,-86,-56,-16,32,82,120,135,117,73,6,-67,-135,-176,-178,-141,-71,22,116,184,214,205,153,61,-52,-163,-238,-261,-230,-149,-35,91,208,274,281,226,123,-2,-131,-237,-295,-284,-212,-92,43,168,259,297,263,166,33,-101,-211,-272,-273,-212,-101,35,159,244,275,243,154,28,-104,-211,-272,-269,-195,-73,67,192,0,291,241,131,-20,-170,-279,-326,-304,-209,-61,107,260,359,380,317,174,-8,-197,-350,-430,-418,-308,-126,86,288,433,487,430,280,62,-175,-382,-507,-524,-422,-226,24,275,470,572,553,403,158,-126,-392,-581,-649,-577,-378,-99,211,487,667,704,591,353,38,-292,-565,-726,-739,-594,-326,15,355,619,755,741,569,280,-68,-398,-646,-760,-720,-531,-236,108,424,652,748,688,489,190,-144,-434,-632,-701,-634,-436,-152,164,429,602,663,590,399,134,-152,-404,-571,-621,-550,-374,-139,118,350,512,576,535,394,189,-35,-254,-421,-508,-517,-449,-317,-153,18,165,269,321,321,0,0,0,0,0,216,191,130,33,-79,-196,-295,-359,-367,-313,-208,-61,105,260,378,429,403,299,130,-70,-259,-408,-481,-464,-354,-161,75,304,477,560,534,397,171,-103,-367,-568,-669,-631,-456,-185,136,440,677,786,738,533,212,-157,-504,-768,-895,-835,-602,-245,162,552,835,953,881,635,259,-173,-574,-862,-979,-905,-645,-252,195,596,871,972,878,607,215,-223,-616,-866,-935,-818,-534,-139,281,640,856,893,741,433,40,-349,-656,-824,-819,-631,-310,70,431,693,802,741,520,188,-180,-506,-716,-769,-655,-404,-69,282,570,731,736,581,295,-52,-383,-629,-738,-685,-481,-176,161,467,669,0,625,383,60,-270,-540,-691,-684,-527,-259,61,374,606,702,635,432,137,-193,-483,-661,-692,-573,-325,-2,321,575,704,680,504,217,-127,-434,-650,-722,-641,-418,-106,238,531,711,733,592,325,-5,-337,-601,-726,-693,-521,-234,101,411,622,703,642,436,134,-191,-470,-648,-687,-575,-341,-40,256,497,633,626,482,240,-49,-319,-510,-591,-549,-387,-150,109,341,494,536,461,292,70,-164,-353,-460,-461,-366,-201,-10,178,327,403,385,284,131,-38,-195,-304,-341,-303,-203,-66,71,184,258,271,231,143,27,-88,-167,-210,-211,-168,-95,-8,70,134,158,149,108,56,-2,-56,0,0
10938,mtk,MTK 7916,4084288418,rx0-tx0,512,557,-413,-302,-466,-278,-75,141,349,529,671,768,811,796,720,593,423,217,-7,-239,-457,-645,-787,-865,-894,-846,-715,-540,-313,-49,213,472,692,849,948,965,899,763,558,305,35,-243,-496,-698,-850,-929,-935,-858,-713,-513,-273,-19,230,463,647,774,839,826,768,638,460,258,39,-175,-375,-528,-647,-696,-702,-655,-561,-419,-254,-82,101,261,398,495,547,567,542,479,392,276,141,4,-132,-253,-358,-430,-464,-473,-451,-390,-304,-206,-90,40,154,265,343,394,415,395,352,275,181,85,-20,-119,-200,-261,-300,-320,-313,-284,-232,-165,-92,-17,49,113,171,210,241,251,239,207,168,-588,61,-12,-76,-126,-167,-202,-216,-212,-191,-150,-101,-39,21,81,135,175,194,197,172,137,91,23,-43,-94,-135,-159,-175,-173,-142,-84,-27,38,99,142,179,200,193,146,82,3,-77,-154,-226,-261,-285,-268,-214,-129,-23,92,206,300,369,398,392,335,241,119,-21,-173,-313,-423,-501,-527,-496,-412,-290,-130,51,228,374,494,567,581,536,439,310,140,-43,-216,-375,-493,-563,-585,-545,-456,-321,-158,6,175,327,439,509,537,507,437,334,191,40,-108,-249,-363,-444,-482,-473,-416,-319,-191,-48,103,242,350,423,449,418,332,213,67,-88,-217,-306,-340,-319,-242,-135,-515,-529,587,167,221,143,56,-62,-185,-290,-355,-365,-314,-216,-82,73,222,346,430,464,445,373,252,99,-61,-226,-369,-473,-528,-527,-468,-364,-220,-44,141,303,438,534,582,558,482,358,201,12,-170,-324,-461,-546,-562,-531,-447,-322,-164,4,160,305,414,478,482,447,373,261,136,-3,-133,-234,-309,-359,-363,-337,-277,-188,-107,-18,73,156,214,244,250,231,189,126,52,-21,-86,-131,-159,-173,-159,-112,-64,-14,51,102,136,155,148,119,67,3,-60,-124,-174,-209,-217,-207,-168,-97,-17,66,148,223,285,321,314,284,224,140,40,-76,-184,-288,-367,-409,-415,-387,-313,-221,-101,36,-291,287,392,464,490,484,427,331,221,73,-87,-225,-358,-460,-521,-548,-532,-462,-350,-214,-64,87,244,364,469,525,549,541,484,389,266,136,-4,-156,-292,-412,-510,-573,-595,-585,-531,-430,-299,-141,35,219,395,544,664,740,752,705,610,463,268,48,-186,-419,-614,-770,-875,-903,-871,-766,-583,-346,-89,185,450,688,873,997,1038,989,854,662,405,111,-199,-496,-757,-954,-1075,-1110,-1043,-894,-677,-390,-89,228,528,781,973,1073,1093,1021,859,634,362,67,-236,-514,-743,-912,-1000,-1004,-937,-788,-594,-351,-83,179,430,648,790,885,906,857,744,585,382,152,-85,-307,-499,-658,-57,13,525,423,523,642,740,794,788,724,599,439,248,33,-187,-398,-575,-714,-805,-841,-819,-728,-582,-384,-157,82,344,568,743,875,931,917,832,664,450,196,-87,-354,-598,-791,-916,-967,-942,-827,-648,-417,-154,120,381,600,766,865,896,857,749,582,374,139,-91,-309,-507,-657,-749,-777,-747,-652,-524,-354,-156,35,233,398,525,603,638,626,566,470,339,189,34,-122,-254,-364,-452,-499,-513,-487,-432,-342,-227,-106,14,135,250,342,406,450,446,410,346,250,148,28,-85,-189,-277,-332,-363,-366,-339,-285,-215,-137,-45,44,126,199,245,274,281,266,241,190,137,77,9,-59,-118,-164,321,-226,-236,-218,-184,-145,-93,-26,41,104,157,194,214,211,189,150,98,44,-22,-79,-122,-163,-183,-177,-153,-111,-61,-6,54,114,156,175,184,149,106,55,-16,-91,-161,-202,-227,-228,-203,-140,-57,33,139,232,302,343,349,309,231,125,5,-131,-264,-368,-443,-476,-454,-380,-269,-127,37,210,357,469,544,559,521,435,303,134,-51,-233,-380,-504,-581,-590,-549,-455,-317,-160,19,197,353,475,539,557,535,451,329,184,16,-146,-283,-403,-481,-504,-491,-429,-330,-204,-57,100,240,358,432,469,460,396,293,158,7,-151,-282,-372,-417,-399,-321,-206,-66,68,178,236,-14,136,-258,215,162,-191,-259,-285,-257,-176,-53,89,229,339,411,427,378,280,149,-2,-158,-309,-428,-492,-503,-465,-372,-235,-71,110,272,410,512,568,556,482,365,216,38,-153,-323,-457,-545,-579,-547,-475,-355,-183,-5,165,320,439,516,524,489,415,295,151,-2,-143,-273,-363,-419,-437,-399,-329,-233,-121,-2,96,193,255,288,304,282,232,159,85,7,-65,-131,-178,-200,-198,-166,-122,-66,-12,55,103,127,149,141,102,54,-6,-63,-116,-162,-176,-177,-149,-103,-40,34,110,188,241,264,269,242,198,120,21,-82,-177,-265,-328,-364,-365,-334,-269,-175,-56,62,188,300,385,448,460,374,368,276,147,10,-129,-265,-369,-458,-523,-521,-479,-403,-285,-150,2,166,310,424,503,546,556,509,422,307,162,20,-132,-277,-398,-480,-530,-554,-540,-486,-401,-288,-142,7,164,323,460,568,639,667,647,581,462,306,110,-105,-306,-497,-662,-773,-828,-824,-751,-610,-428,-195,53,305,544,749,885,958,966,886,730,517,248,-42,-343,-608,-831,-994,-1073,-1064,-969,-789,-542,-254,64,377,651,888,1034,1100,1080,968,782,530,232,-75,-385,-657,-861,-998,-1054,-1024,-912,-728,-490,-205,82,356,596,775,905,955,929,845,678,472,242,-11,-256,-475,-653,-784,-846,-846,-782,-666,-500,250,260
10939,mtk,MTK 7916,4084288418,rx0-tx1,512,-760,861,926,916,876,776,609,386,129,-146,-412,-650,-855,-1000,-1062,-1039,-937,-761,-518,-231,74,382,660,900,1069,1151,1149,1053,878,631,328,3,-331,-645,-908,-1107,-1219,-1231,-1150,-986,-748,-443,-104,244,579,862,1083,1225,1261,1207,1065,842,560,230,-114,-456,-753,-999,-1177,-1255,-1243,-1146,-957,-686,-376,-34,310,620,892,1095,1218,1249,1182,1026,799,513,187,-150,-475,-760,-985,-1131,-1196,-1172,-1057,-865,-613,-317,3,314,600,836,999,1096,1115,1047,900,696,444,163,-123,-403,-650,-841,-974,-1037,-1025,-937,-781,-578,-332,-68,202,457,677,853,966,1009,981,889,730,514,255,-22,-304,-572,-794,-956,-430,-1070,-1004,-867,-652,-385,-81,235,533,795,989,1108,1147,1082,931,708,420,103,-228,-541,-812,-1019,-1139,-1162,-1091,-926,-687,-399,-74,254,553,810,990,1090,1103,1024,860,628,349,50,-259,-541,-762,-920,-1001,-994,-898,-739,-533,-282,-17,234,465,644,764,828,819,745,622,451,253,50,-153,-340,-490,-592,-650,-651,-614,-530,-407,-261,-98,62,220,358,455,513,540,519,461,365,260,129,-15,-139,-252,-344,-400,-428,-425,-386,-322,-233,-137,-28,80,174,256,314,353,360,334,285,215,126,28,-72,-161,-230,-287,-317,-311,-281,-223,-139,-40,62,153,228,266,266,231,165,77,-11,361,567,-195,-932,-930,-144,-60,58,175,281,347,370,344,268,155,19,-118,-246,-349,-419,-447,-433,-376,-280,-159,-21,128,263,382,472,523,524,486,407,285,137,-29,-195,-354,-494,-594,-651,-653,-596,-481,-327,-143,61,278,479,641,750,806,784,704,548,337,101,-160,-414,-636,-807,-908,-932,-877,-749,-546,-294,-10,270,528,745,899,975,961,857,687,460,205,-68,-338,-577,-765,-884,-921,-883,-774,-610,-395,-154,94,331,526,684,777,802,765,673,532,354,155,-46,-239,-406,-538,-621,-662,-653,-595,-498,-372,-222,-63,96,245,367,467,538,571,565,527,447,347,214,69,-74,-226,-365,-472,-548,230,-594,-560,-479,-358,-208,-40,131,298,445,559,630,660,636,564,454,300,124,-65,-246,-408,-540,-626,-672,-662,-600,-495,-349,-178,-2,174,335,474,569,620,625,587,509,393,249,96,-63,-213,-347,-449,-519,-556,-548,-507,-440,-337,-222,-92,40,166,279,369,448,494,504,487,441,368,269,151,21,-102,-227,-337,-430,-493,-520,-520,-483,-414,-315,-194,-58,78,211,334,442,520,554,556,522,455,353,231,80,-77,-225,-355,-474,-557,-603,-613,-571,-497,-386,-246,-89,75,246,405,530,624,676,679,641,553,422,257,68,-132,-316,-489,-637,-734,-781,-775,-707,-590,-422,-221,3,358,-157,136,397,175,-46,-299,-536,-742,-889,-974,-987,-916,-782,-583,-328,-40,254,531,779,968,1083,1114,1058,921,709,434,123,-201,-514,-793,-1012,-1153,-1206,-1171,-1041,-824,-545,-216,127,458,759,1008,1178,1249,1233,1120,919,654,328,-20,-353,-673,-936,-1135,-1248,-1263,-1182,-1011,-774,-469,-128,209,540,834,1058,1201,1261,1220,1091,882,604,280,-65,-402,-700,-946,-1127,-1219,-1217,-1124,-948,-704,-409,-87,239,545,806,1006,1129,1166,1114,982,773,517,234,-71,-368,-630,-840,-991,-1068,-1064,-989,-836,-632,-384,-107,174,436,660,837,962,1013,994,899,746,544,293,25,-246,-501,-724,-890,-999,-1035,-1003,-892,-705,-468,-1099,117,406,671,889,1040,1115,1093,990,804,550,263,-61,-386,-672,-913,-1072,-1149,-1136,-1029,-834,-567,-252,76,402,696,927,1085,1152,1116,994,791,521,219,-97,-405,-674,-888,-1017,-1061,-1023,-892,-697,-456,-173,118,387,612,788,895,915,867,755,582,377,145,-93,-307,-490,-632,-714,-742,-718,-633,-503,-342,-161,21,192,352,473,555,589,581,538,448,326,190,44,-104,-239,-346,-423,-479,-483,-450,-392,-299,-190,-76,47,154,254,326,371,393,379,335,272,187,90,-16,-114,-200,-267,-315,-335,-324,-284,-223,-148,-49,48,139,222,278,304,293,253,179,82,-18,-110,-177,-213,-201,853,750,364,270,-260,211,275,299,274,199,86,-44,-181,-294,-378,-416,-408,-357,-263,-138,1,142,272,380,449,485,475,421,331,209,63,-91,-236,-377,-488,-558,-586,-563,-498,-382,-229,-52,137,326,492,617,699,728,696,595,436,237,8,-223,-449,-646,-785,-864,-873,-801,-654,-443,-194,78,345,588,783,914,960,923,807,621,383,103,-187,-451,-674,-837,-930,-947,-884,-747,-548,-304,-42,221,458,652,794,859,863,785,650,470,252,25,-195,-395,-553,-667,-724,-728,-677,-576,-436,-272,-94,91,260,403,508,578,604,594,540,454,345,211,61,-88,-231,-357,-458,-534,-566,-570,-539,-464,-350,-215,-198,98,249,397,514,596,633,623,567,468,333,172,-5,-189,-353,-497,-603,-660,-672,-629,-543,-406,-242,-58,126,302,450,567,634,655,630,561,443,297,132,-37,-201,-347,-469,-546,-586,-586,-543,-466,-356,-229,-86,60,193,313,412,477,513,514,485,424,344,243,119,-9,-130,-246,-348,-431,-489,-510,-500,-461,-389,-293,-168,-45,89,221,338,436,504,538,539,506,434,333,203,61,-80,-222,-350,-456,-533,-581,-582,-544,-473,-369,-232,-83,76,231,372,494,584,630,640,608,522,401,252,79,-99,-277,-438,-576,-673,-727,-722,-668,-573,-430,-247,-47,166,372,555,703,802,842,868,939
10940,mtk,MTK 7916,4084288418,rx1-tx0,512,-144,1309,816,-95,71,231,369,472,529,537,497,411,277,129,-37,-200,-340,-450,-523,-543,-515,-433,-316,-178,-11,156,306,422,507,546,535,477,373,240,83,-91,-246,-381,-494,-563,-580,-547,-470,-357,-207,-33,138,306,449,552,614,627,590,499,372,210,21,-176,-361,-526,-644,-711,-716,-668,-566,-408,-214,2,229,440,618,745,806,795,731,595,409,177,-80,-319,-530,-697,-809,-855,-826,-726,-568,-358,-124,123,358,552,697,789,818,774,671,524,332,115,-101,-306,-483,-626,-714,-746,-729,-661,-541,-380,-197,-5,197,378,528,643,710,732,701,619,497,333,138,-62,-273,-473,-628,-744,231,-819,-764,-645,-471,-254,-6,245,487,694,849,939,958,894,761,560,307,25,-271,-549,-787,-958,-1054,-1068,-998,-832,-598,-316,3,321,612,854,1043,1144,1148,1062,879,628,324,-6,-353,-668,-926,-1119,-1214,-1215,-1115,-920,-659,-342,13,377,712,990,1194,1306,1307,1195,984,692,332,-65,-466,-837,-1139,-1345,-1430,-1394,-1236,-957,-589,-164,278,694,1049,1312,1445,1445,1309,1051,699,284,-144,-563,-914,-1161,-1302,-1311,-1208,-995,-690,-334,41,396,705,943,1078,1121,1050,881,648,356,39,-274,-549,-759,-889,-935,-886,-745,-541,-269,20,292,534,706,788,768,653,447,186,-84,-313,-470,-522,-481,393,1047,-417,418,23,-329,-195,12,237,449,605,673,645,515,315,69,-194,-436,-635,-765,-813,-777,-654,-461,-223,45,320,572,771,903,949,908,778,570,311,2,-308,-600,-859,-1043,-1132,-1122,-1013,-808,-521,-167,207,575,908,1157,1305,1342,1266,1052,750,367,-65,-490,-886,-1211,-1424,-1512,-1472,-1293,-989,-610,-153,315,764,1144,1413,1562,1586,1459,1196,830,399,-63,-534,-950,-1284,-1501,-1584,-1529,-1340,-1050,-665,-221,238,660,1027,1298,1457,1493,1404,1195,889,521,122,-286,-666,-985,-1219,-1344,-1366,-1277,-1080,-803,-475,-106,265,611,905,1127,1253,1280,1205,1044,800,488,148,-203,-530,-823,-1053,-1189,-1243,-1199,-1058,-840,-49,-224,120,460,763,1009,1184,1261,1242,1127,915,635,300,-66,-427,-765,-1045,-1248,-1346,-1335,-1212,-991,-695,-326,74,470,837,1131,1329,1412,1386,1245,995,664,274,-151,-553,-903,-1186,-1359,-1419,-1363,-1188,-912,-562,-172,238,615,938,1178,1314,1338,1253,1053,782,437,71,-292,-626,-902,-1090,-1184,-1181,-1085,-904,-644,-346,-29,285,559,792,951,1015,1009,917,751,535,283,10,-256,-488,-673,-811,-873,-857,-779,-641,-453,-235,-6,221,427,590,700,750,740,669,548,384,187,-19,-216,-395,-540,-636,-674,-649,-577,-459,-296,-120,74,253,403,519,585,604,565,479,353,194,21,-145,-300,-424,-508,637,779,-95,562,1179,535,538,488,395,265,111,-50,-206,-350,-458,-522,-541,-504,-418,-298,-148,16,178,324,432,510,544,523,451,343,203,41,-124,-277,-407,-502,-557,-561,-507,-419,-292,-136,32,199,345,471,563,600,590,535,427,286,115,-65,-247,-410,-540,-634,-675,-658,-587,-470,-304,-109,98,305,491,637,733,769,746,653,501,302,69,-160,-388,-584,-734,-826,-843,-787,-668,-490,-266,-22,225,446,637,767,837,837,757,621,436,225,-10,-238,-439,-605,-724,-779,-773,-711,-596,-439,-246,-45,155,347,513,633,700,727,704,622,504,348,169,-24,-225,-406,-562,-677,-742,-763,-736,-641,-491,-305,-568,134,361,565,728,847,898,875,785,623,408,159,-119,-388,-628,-826,-957,-1015,-995,-888,-698,-450,-161,140,442,715,924,1066,1119,1076,946,743,473,152,-173,-497,-780,-1003,-1142,-1191,-1143,-997,-778,-490,-155,191,527,821,1053,1208,1269,1220,1071,831,522,164,-221,-590,-917,-1170,-1328,-1380,-1317,-1131,-847,-475,-59,359,761,1097,1334,1460,1441,1293,1029,662,235,-208,-630,-989,-1252,-1388,-1400,-1281,-1033,-704,-316,97,481,814,1058,1191,1219,1131,943,673,354,14,-326,-617,-839,-981,-1023,-968,-822,-600,-331,-39,258,515,717,842,860,792,641,412,136,-143,-394,-584,-676,-662,-544,-352,-120,88,-1333,-942,247,654,765,309,459,541,529,423,228,-16,-273,-498,-661,-746,-740,-643,-473,-242,20,285,525,713,832,878,838,709,507,253,-38,-327,-599,-818,-968,-1034,-1000,-887,-683,-401,-72,270,600,887,1103,1225,1233,1143,932,623,254,-141,-546,-905,-1182,-1380,-1441,-1370,-1182,-870,-476,-39,413,840,1186,1435,1559,1544,1388,1100,711,268,-201,-670,-1067,-1369,-1548,-1603,-1516,-1283,-946,-528,-73,393,814,1165,1421,1542,1526,1381,1132,780,369,-62,-487,-864,-1157,-1352,-1429,-1394,-1247,-996,-668,-296,93,470,804,1064,1241,1323,1291,1153,935,640,302,-61,-413,-728,-987,-1162,-1243,-1233,-1126,-941,-668,-349,-9,338,651,913,425,1221,1241,1167,995,750,437,83,-273,-609,-903,-1123,-1267,-1306,-1241,-1077,-827,-503,-129,256,624,943,1197,1358,1396,1319,1133,856,498,98,-312,-702,-1031,-1265,-1407,-1424,-1313,-1107,-800,-419,-12,403,778,1082,1288,1389,1370,1232,1000,684,310,-72,-457,-785,-1049,-1222,-1277,-1232,-1086,-854,-553,-215,130,458,739,947,1065,1105,1052,917,714,446,160,-129,-408,-640,-811,-918,-950,-901,-773,-600,-381,-129,119,348,550,701,784,805,767,666,510,316,105,-111,-313,-485,-615,-692,-705,-663,-567,-427,-253,-56,138,315,467,573,628,630,572,471,330,162,-19,-194,-350,-471,-551,-573,-548,-479,-365,-221,-486,-93
10941,mtk,MTK 7916,4084288418,rx1-tx1,512,0,0,0,-29,-191,-304,-339,-282,-147,28,191,311,344,279,145,-21,-188,-305,-338,-282,-153,15,176,289,330,276,145,-14,-172,-283,-315,-258,-130,32,184,287,316,256,125,-41,-194,-300,-319,-256,-125,43,207,314,332,258,120,-59,-223,-333,-350,-264,-106,79,246,346,364,283,119,-81,-266,-380,-388,-291,-122,91,296,422,438,341,150,-81,-295,-440,-478,-384,-184,67,300,469,520,436,238,-27,-304,-499,-567,-495,-304,-26,265,492,599,568,395,113,-201,-460,-606,-614,-474,-216,98,386,574,627,535,311,9,-288,-514,-615,-567,-375,-95,198,438,571,565,416,166,-113,-355,-510,0,-435,-217,50,287,451,502,425,238,-4,-237,-411,-478,-420,-258,-34,201,386,467,430,287,68,-172,-369,-472,-458,-329,-116,127,337,475,501,406,208,-43,-282,-458,-529,-479,-315,-79,169,370,486,498,397,200,-34,-240,-392,-463,-421,-289,-107,85,251,347,365,302,182,32,-105,-206,-259,-251,-187,-86,9,77,118,133,104,60,15,-23,-42,-37,-13,18,44,53,38,2,-42,-83,-100,-89,-62,-18,34,81,114,121,101,58,3,-55,-94,-111,-103,-77,-30,24,65,88,91,71,40,-1,-40,-62,-69,-59,-36,-4,31,56,63,54,36,10,-19,-42,-55,-56,-49,0,0,0,0,0,56,111,148,164,152,103,21,-70,-155,-221,-246,-218,-138,-24,101,213,288,304,250,132,-18,-176,-303,-360,-332,-230,-67,122,287,396,419,334,164,-51,-266,-429,-486,-429,-270,-41,212,425,550,540,404,162,-128,-401,-583,-633,-527,-297,4,314,560,679,638,439,131,-211,-504,-682,-695,-536,-247,91,415,652,724,615,347,-4,-354,-618,-733,-672,-450,-109,262,569,742,729,535,215,-154,-485,-703,-755,-611,-315,50,396,653,748,657,400,53,-302,-577,-709,-667,-455,-136,211,504,666,654,481,190,-153,-458,-636,-646,-496,-218,112,413,605,644,514,249,-89,-403,-612,-670,0,-293,50,385,621,706,614,358,2,-361,-639,-755,-689,-448,-85,304,617,779,747,527,168,-236,-583,-785,-794,-612,-280,129,512,762,824,682,369,-40,-434,-714,-818,-718,-436,-49,352,655,794,734,485,115,-281,-603,-766,-728,-508,-158,230,553,737,730,536,202,-181,-518,-719,-735,-561,-247,126,469,692,740,603,304,-80,-432,-660,-726,-617,-347,9,358,623,729,646,394,57,-285,-555,-691,-651,-451,-147,195,482,638,635,477,200,-119,-394,-558,-585,-462,-233,46,305,480,526,441,246,-4,-241,-404,-461,-399,-240,-21,199,351,407,356,208,12,-179,-318,-364,-311,-179,-1,0,0,0,0,0,332,279,150,-19,-188,-312,-345,-283,-151,16,182,307,344,284,151,-16,-180,-296,-324,-268,-149,14,172,280,313,267,145,-24,-181,-282,-311,-259,-132,32,187,291,316,261,128,-46,-207,-306,-324,-257,-119,54,221,326,344,268,121,-67,-240,-347,-357,-273,-110,81,257,368,381,292,124,-85,-275,-397,-414,-319,-130,96,300,427,450,359,163,-77,-303,-454,-493,-401,-208,51,302,481,546,471,270,-3,-277,-492,-589,-539,-352,-72,230,482,616,598,432,158,-153,-427,-598,-630,-509,-267,44,341,550,624,551,341,53,-248,-480,-589,-557,-400,-143,151,401,542,547,424,202,0,-322,-489,-526,-429,-225,25,264,433,495,428,251,21,-212,-394,-474,-419,-263,-44,189,370,465,446,316,91,-159,-365,-479,-481,-364,-155,93,314,469,518,443,259,16,-230,-423,-518,-489,-353,-138,100,309,446,488,416,254,47,-161,-326,-414,-399,-302,-153,18,178,286,322,286,192,75,-50,-145,-185,-185,-145,-80,-7,51,81,76,50,17,-16,-37,-36,-9,17,50,74,75,54,12,-39,-76,-103,-110,-85,-40,10,62,105,122,104,65,17,-37,-76,-99,-100,-80,-41,3,44,73,77,61,31,-3,-35,-56,-67,-63,-35,0,26,49,56,54,47,30,4,-21,0,0,0,0,0,-103,-83,-36,33,105,166,201,204,165,85,-22,-136,-226,-271,-263,-196,-82,60,199,297,329,294,185,24,-148,-295,-384,-380,-277,-111,90,281,412,449,383,218,-10,-245,-433,-526,-492,-336,-96,173,417,574,595,475,236,-73,-368,-579,-663,-592,-375,-66,263,536,689,674,495,194,-151,-461,-659,-703,-577,-307,44,386,632,724,639,399,52,-302,-589,-739,-702,-492,-167,198,527,729,744,581,274,-101,-451,-681,-748,-641,-369,-2,355,618,731,663,441,102,-262,-552,-692,-665,-475,-169,185,477,647,654,498,205,-139,-441,-623,-649,-502,-230,101,408,613,658,536,276,-61,0,-631,-687,-577,-317,34,384,635,731,645,394,33,-342,-638,-769,-713,-480,-124,272,604,791,778,566,214,-188,-549,-781,-814,-652,-326,88,475,737,822,703,403,2,-393,-683,-798,-715,-458,-83,317,628,771,728,497,137,-257,-580,-753,-735,-531,-186,202,527,723,735,547,220,-157,-498,-707,-735,-571,-264,108,450,678,732,602,322,-41,-394,-645,-731,-631,-375,-26,329,599,721,656,429,99,-244,-524,-674,-658,-471,-175,150,431,602,616,476,220,-81,-347,-519,-558,-453,-239,27,273,445,495,419,239,5,-220,-379,-432,-375,-224,-22,178,325,381,329,187,4,-176,-302,-345,0,0
10942,mtk,MTK 7916,4084288418,rx2-tx0,512,0,0,0,421,374,228,19,-203,-378,-457,-411,-257,-30,216,403,488,450,289,47,-207,-417,-523,-490,-324,-71,203,428,538,509,347,88,-200,-433,-555,-534,-371,-105,194,446,585,563,390,112,-200,-460,-600,-584,-407,-113,217,493,644,624,435,122,-236,-539,-702,-682,-479,-147,234,570,766,765,562,202,-220,-592,-822,-846,-645,-275,172,584,861,922,744,375,-93,-545,-864,-971,-834,-484,-10,474,847,1003,904,578,109,-387,-791,-1000,-954,-674,-225,279,712,964,971,736,316,-183,-626,-911,-965,-771,-385,86,533,839,933,790,448,-5,-450,-769,-889,-784,-473,-46,388,717,859,778,497,0,-343,-682,-845,-782,-512,-111,328,676,846,803,552,155,-288,-665,-876,-858,-619,-218,239,645,893,915,705,306,-175,-614,-904,-974,-799,-415,74,547,888,1011,880,529,43,-461,-854,-1039,-958,-644,-167,356,791,1032,1017,750,290,-236,-710,-1014,-1066,-855,-431,97,605,969,1094,949,570,54,-472,-885,-1089,-1023,-717,-243,289,747,1023,1055,834,420,-94,-577,-909,-1022,-895,-560,-99,368,742,932,897,652,262,-177,-559,-800,-852,-701,-388,5,384,666,777,707,475,142,-211,-504,-676,-691,-554,-295,22,324,544,645,603,436,188,-89,-337,-507,-575,-538,-406,-214,-5,177,307,371,374,0,0,0,0,0,-373,-476,-509,-458,-317,-99,165,415,608,699,656,472,182,-162,-481,-707,-788,-700,-452,-94,303,645,848,860,677,329,-110,-543,-863,-990,-882,-563,-101,407,831,1069,1064,806,339,-218,-737,-1095,-1208,-1036,-609,-27,574,1055,1293,1225,864,289,-368,-942,-1304,-1366,-1097,-561,117,773,1251,1428,1268,805,149,-546,-1111,-1413,-1372,-1003,-392,312,936,1329,1402,1147,610,-72,-731,-1207,-1389,-1229,-772,-128,536,1060,1324,1267,900,315,-337,-899,-1237,-1267,-985,-467,160,738,1122,1226,1036,595,10,-570,-1001,-1178,-1058,-684,-150,414,869,1093,1052,753,265,-284,-744,-1010,-1026,-786,-350,170,628,919,984,0,413,-69,-523,-842,-944,-804,-464,-14,432,764,897,800,500,82,-350,-690,-846,-782,-526,-140,279,618,790,756,531,175,-218,-545,-728,-716,-523,-204,167,488,670,676,505,207,-139,-441,-618,-629,-483,-208,121,410,579,587,442,184,-117,-383,-542,-550,-414,-168,122,376,523,521,382,146,-129,-371,-509,-510,-371,-134,139,374,506,497,358,127,-143,-375,-500,-495,-362,-129,139,360,488,492,361,135,-119,-339,-471,-479,-356,-141,105,319,448,453,339,138,-95,-299,-416,-424,-317,-129,88,283,399,400,294,114,-95,-278,-382,-375,-268,-88,115,287,371,355,239,62,-137,-301,-390,0,0,0,0,0,-16,192,360,432,390,243,21,-210,-392,-476,-434,-273,-38,213,414,506,466,304,55,-212,-422,-530,-504,-338,-82,197,430,552,527,364,98,-197,-439,-569,-550,-380,-109,193,452,590,568,401,122,-202,-478,-623,-601,-419,-118,222,509,667,651,454,130,-233,-550,-733,-725,-518,-167,236,585,792,798,599,235,-203,-599,-846,-886,-700,-325,137,572,871,953,788,420,-53,-518,-858,-990,-876,-537,-62,435,826,1003,938,635,172,-332,-753,-988,-969,-707,-272,230,666,936,970,760,356,-135,-580,-872,-948,-781,-422,39,489,809,914,785,462,24,-415,-740,-874,-782,-481,-60,370,703,0,780,505,99,-333,-674,-838,-784,-530,-135,301,666,859,831,587,192,-260,-658,-885,-883,-659,-264,207,636,904,947,751,362,-120,-578,-898,-994,-836,-469,14,502,867,1015,916,587,102,-410,-823,-1031,-985,-696,-225,308,760,1026,1045,796,351,-181,-668,-996,-1077,-895,-497,26,546,933,1097,994,646,143,-391,-830,-1066,-1043,-780,-332,192,665,970,1045,876,501,12,-473,-832,-986,-905,-613,-182,275,655,873,885,685,331,-84,-469,-737,-821,-705,-436,-75,293,580,728,702,518,221,-115,-416,-612,-668,-582,-366,-78,215,455,597,610,503,302,56,-182,-370,-482,-504,-441,-317,-169,-17,0,0,0,0,0,233,81,-110,-315,-494,-609,-624,-516,-303,-20,287,554,717,735,600,329,-27,-393,-682,-822,-786,-569,-215,209,595,853,924,779,443,-12,-479,-852,-1034,-976,-684,-220,310,788,1092,1146,917,465,-107,-667,-1087,-1261,-1136,-740,-158,474,1010,1312,1306,987,427,-243,-862,-1282,-1403,-1189,-685,-17,657,1183,1426,1324,910,279,-426,-1027,-1374,-1396,-1079,-502,192,830,1269,1397,1187,692,31,-630,-1135,-1362,-1256,-841,-225,441,990,1290,1272,950,397,-248,-822,-1183,-1251,-1012,-530,71,653,1065,1207,1051,642,82,-491,-936,-1141,-1062,-722,-211,343,804,1057,1043,768,305,-222,-681,-965,-1007,-795,-388,108,0,881,962,801,435,-32,-481,-802,-917,-802,-487,-46,394,725,869,795,517,113,-314,-655,-820,-771,-527,-157,246,575,754,738,530,186,-192,-511,-698,-699,-516,-202,153,462,645,660,495,210,-127,-425,-598,-607,-461,-198,115,387,552,573,438,183,-120,-375,-527,-539,-402,-156,126,367,506,508,373,135,-141,-376,-503,-496,-360,-122,148,375,506,501,356,122,-141,-370,-501,-494,-361,-136,120,344,476,483,362,140,-110,-327,-459,-467,-352,-144,97,308,432,438,330,134,-96,-291,-403,-409,-307,-122,96,281,384,383,276,97,-102,-272,-368,-361,-249,-67,130,292,376,358,237,50,0,0
10943,mtk,MTK 7916,4084288418,rx2-tx1,512,0,0,0,-49,-49,-37,-16,2,9,11,10,4,-4,-8,1,14,24,29,32,29,14,-9,-29,-47,-51,-39,-22,-4,15,36,45,43,27,5,-19,-32,-32,-24,-10,2,15,22,19,5,-10,-23,-27,-25,-10,15,43,56,58,42,7,-36,-76,-101,-97,-69,-25,31,95,135,141,113,51,-32,-108,-163,-186,-161,-94,3,106,191,231,216,148,41,-78,-182,-243,-249,-197,-89,46,176,262,279,233,130,-6,-141,-242,-290,-262,-172,-41,100,221,286,280,201,69,-79,-204,-279,-281,-213,-94,52,185,267,278,219,99,-41,-167,-249,-271,-220,-112,33,168,259,279,223,0,-42,-181,-274,-299,-244,-119,47,202,309,344,285,153,-23,-203,-343,-395,-352,-218,-22,192,366,451,427,293,85,-149,-350,-469,-476,-364,-153,99,330,485,526,438,237,-30,-295,-503,-589,-529,-335,-54,250,500,639,623,444,161,-167,-466,-658,-698,-577,-315,34,382,633,746,685,456,116,-247,-562,-745,-747,-582,-286,82,426,675,772,680,426,80,-276,-570,-731,-718,-543,-249,101,424,645,714,617,388,73,-259,-527,-660,-646,-482,-215,94,377,574,635,557,357,85,-199,-435,-571,-582,-465,-259,-4,250,446,548,538,427,236,12,-200,-367,-460,-467,-398,-279,-134,6,122,0,0,0,0,0,-238,-228,-181,-92,26,159,279,349,365,322,210,45,-136,-297,-403,-425,-358,-211,-17,189,365,464,462,352,159,-76,-308,-483,-552,-497,-319,-59,222,467,618,629,494,232,-101,-415,-648,-751,-687,-456,-113,272,609,815,837,675,362,-46,-461,-773,-925,-867,-605,-200,250,653,913,970,810,464,8,-447,-797,-962,-911,-653,-246,223,637,897,947,778,435,-3,-443,-780,-930,-851,-573,-172,256,624,843,852,659,318,-95,-487,-751,-827,-704,-417,-28,361,658,791,733,494,139,-237,-555,-739,-740,-561,-246,133,473,687,740,615,333,-28,-376,-631,-735,-656,-415,-72,282,566,712,0,482,164,-185,-491,-678,-684,-523,-240,104,420,633,684,567,308,-29,-360,-605,-695,-613,-370,-42,301,569,696,649,445,129,-226,-530,-701,-696,-521,-217,137,462,680,721,584,315,-40,-381,-624,-717,-638,-403,-74,277,560,704,678,488,182,-170,-476,-659,-685,-543,-275,53,364,591,672,583,349,39,-261,-497,-616,-582,-407,-138,151,397,542,552,428,210,-56,-302,-470,-519,-445,-261,-27,203,378,456,423,297,99,-118,-290,-385,-386,-298,-142,41,204,312,339,285,169,20,-129,-236,-279,-254,-176,-60,62,164,221,220,168,84,-11,-95,-152,-167,-141,-89,-26,36,88,113,0,0,0,0,0,29,0,-21,-28,-25,-18,-3,2,1,-4,-8,-17,-20,-16,-6,9,27,36,37,29,16,-5,-28,-46,-53,-43,-22,-5,15,35,45,39,23,3,-15,-25,-26,-16,-3,14,22,25,14,-6,-30,-44,-43,-30,-9,21,55,82,86,57,12,-34,-75,-114,-124,-99,-42,34,103,152,163,134,65,-22,-108,-178,-215,-189,-113,-13,94,187,238,233,167,59,-65,-180,-257,-274,-223,-115,24,159,257,292,254,157,21,-125,-241,-295,-274,-190,-55,91,213,281,281,203,81,-59,-186,-271,-280,-215,-96,44,171,254,271,214,103,-36,-167,-252,-273,-216,-97,42,173,0,293,233,111,-46,-197,-296,-319,-263,-134,33,206,329,371,322,189,-8,-210,-358,-424,-390,-257,-55,168,359,464,451,334,130,-114,-342,-488,-511,-405,-202,57,317,504,559,480,282,3,-280,-499,-608,-571,-388,-104,209,484,652,663,512,230,-104,-424,-651,-731,-630,-380,-39,314,597,748,718,518,200,-166,-504,-718,-768,-632,-356,-6,351,632,759,707,493,166,-198,-518,-703,-723,-585,-318,20,353,594,694,635,439,148,-177,-459,-625,-653,-530,-289,10,296,511,608,572,415,169,-106,-352,-522,-575,-511,-348,-115,132,341,477,523,473,346,162,-30,-197,-314,-370,-360,-297,0,0,0,0,0,-39,-131,-221,-291,-318,-293,-217,-93,57,211,337,399,381,285,130,-59,-246,-391,-458,-421,-288,-91,135,343,479,508,419,235,-11,-266,-477,-587,-564,-403,-140,171,451,640,697,590,333,-1,-351,-644,-792,-759,-561,-224,173,542,801,891,781,489,77,-358,-722,-924,-916,-710,-343,118,554,864,980,873,563,127,-345,-732,-943,-939,-728,-348,114,541,838,942,816,507,88,-353,-703,-884,-853,-620,-240,186,567,804,843,691,371,-35,-425,-709,-812,-722,-458,-91,297,606,766,738,529,189,-192,-521,-723,-746,-589,-284,87,426,658,732,634,381,31,-325,-598,-725,-670,-448,-119,0,529,689,676,499,199,-148,-462,-662,-693,-551,-274,68,392,619,695,591,341,2,-332,-586,-694,-632,-412,-86,263,552,702,679,489,174,-184,-496,-689,-713,-562,-272,83,417,653,727,619,362,25,-324,-595,-713,-659,-453,-129,225,519,687,689,521,232,-109,-422,-629,-683,-567,-320,-2,315,552,643,581,383,99,-211,-461,-589,-572,-426,-183,102,351,506,539,439,236,-13,-250,-420,-484,-431,-277,-64,157,332,421,405,293,117,-82,-250,-351,-361,-292,-160,7,167,271,305,271,176,43,-88,-192,-251,-248,-181,-74,36,127,183,195,160,88,6,-63,-109,-127,-120,-84,-31,0,0
10944,mtk,MTK 7916,4084334155,rx0-tx0,512,557,451,546,300,96,-105,-300,-476,-628,-744,-812,-836,-809,-725,-605,-456,-278,-66,160,369,567,738,844,911,924,871,765,602,386,153,-98,-353,-579,-772,-918,-994,-997,-929,-801,-619,-391,-139,126,365,592,774,887,949,938,874,743,558,355,131,-97,-311,-507,-656,-754,-807,-818,-762,-651,-512,-344,-150,36,213,381,509,599,653,659,633,564,457,335,197,56,-84,-216,-332,-418,-474,-514,-513,-475,-427,-356,-256,-142,-26,93,198,284,358,408,439,433,402,347,262,170,76,-26,-120,-203,-268,-323,-345,-342,-328,-289,-225,-170,-103,-18,47,113,167,216,250,250,255,243,216,168,118,-588,7,-60,-109,-157,-197,-222,-233,-225,-193,-157,-105,-46,9,61,116,167,185,193,194,171,132,83,21,-36,-87,-133,-160,-184,-175,-148,-116,-77,-10,59,123,176,206,218,200,171,123,42,-42,-130,-210,-271,-318,-327,-303,-258,-178,-66,59,172,288,380,438,464,445,391,291,164,11,-143,-299,-429,-522,-563,-565,-528,-435,-303,-140,26,195,347,467,556,594,602,547,443,313,156,-4,-182,-326,-442,-526,-564,-558,-505,-425,-305,-164,-12,138,267,384,462,500,508,479,399,290,158,18,-126,-261,-359,-426,-466,-462,-409,-311,-183,-35,109,233,324,369,360,294,193,76,14,169,587,195,139,-44,56,175,274,337,364,331,244,130,-12,-164,-290,-401,-463,-479,-448,-367,-245,-108,52,208,351,464,526,554,519,447,334,188,25,-155,-317,-452,-551,-600,-600,-541,-442,-300,-137,32,203,358,473,543,573,555,476,371,233,84,-69,-208,-325,-412,-452,-460,-432,-369,-276,-173,-61,53,153,236,299,329,326,306,258,187,109,26,-49,-116,-170,-204,-218,-210,-174,-128,-71,-7,42,96,138,163,151,133,101,46,-12,-76,-134,-176,-196,-199,-178,-132,-74,-3,76,151,220,262,291,293,274,226,160,73,-31,-134,-229,-313,-377,-412,-413,-379,-321,-233,-124,4,122,234,-291,423,482,500,476,431,346,230,105,-31,-168,-298,-423,-505,-555,-564,-530,-466,-375,-257,-119,41,186,316,425,501,564,571,558,502,415,318,200,67,-68,-206,-335,-446,-546,-609,-644,-633,-583,-523,-404,-260,-89,91,274,445,601,719,800,824,791,714,595,419,207,-10,-248,-471,-671,-830,-937,-981,-977,-894,-738,-532,-292,-33,233,514,746,926,1052,1105,1079,978,819,593,328,41,-262,-536,-780,-975,-1098,-1147,-1108,-997,-820,-581,-315,-29,258,531,756,936,1038,1064,1037,932,769,551,306,44,-215,-449,-656,-808,-911,-955,-938,-861,-726,-562,-353,-131,90,303,483,642,751,815,249,253,525,374,248,-777,-819,-819,-764,-667,-533,-367,-181,15,224,421,590,722,819,873,861,802,697,528,330,114,-122,-357,-572,-761,-890,-960,-974,-919,-797,-625,-406,-150,114,371,594,783,918,989,986,915,791,593,368,130,-115,-345,-560,-719,-828,-884,-873,-812,-699,-539,-353,-150,67,279,448,584,684,741,737,700,617,489,342,175,3,-153,-302,-418,-502,-557,-575,-564,-522,-442,-331,-221,-98,31,145,247,340,411,451,472,467,420,359,273,174,60,-51,-151,-243,-323,-366,-395,-397,-368,-318,-254,-175,-81,6,90,168,224,258,294,294,278,256,217,173,113,50,-6,-75,-133,-183,-212,321,-245,-233,-209,-179,-131,-72,-10,55,107,149,188,210,214,207,185,138,76,22,-35,-95,-140,-179,-193,-185,-164,-121,-77,-25,44,95,139,175,197,184,157,109,52,-20,-94,-160,-220,-256,-260,-250,-201,-133,-43,64,164,260,343,389,396,372,317,220,98,-39,-171,-302,-411,-493,-529,-517,-461,-360,-224,-68,89,255,400,509,573,591,572,492,374,226,66,-95,-272,-408,-513,-569,-594,-566,-487,-378,-237,-79,87,234,360,460,517,541,515,453,358,231,97,-39,-185,-310,-403,-463,-486,-475,-413,-317,-201,-64,85,224,337,409,438,407,335,226,96,-45,-161,-238,-269,514,519,-258,-197,-237,242,269,248,173,65,-68,-208,-318,-392,-433,-410,-347,-242,-98,48,200,339,440,507,526,492,417,287,142,-24,-190,-337,-460,-543,-582,-575,-504,-395,-247,-80,100,267,409,519,584,595,561,472,341,193,33,-136,-286,-403,-490,-523,-519,-464,-384,-263,-132,0,127,242,325,377,404,390,346,283,196,97,-1,-86,-171,-225,-262,-265,-254,-223,-166,-101,-30,35,101,137,171,169,158,132,88,32,-32,-75,-127,-159,-171,-168,-134,-77,-11,59,129,185,223,243,242,223,176,108,24,-66,-150,-231,-296,-343,-362,-347,-306,-239,-147,-37,85,195,295,373,431,458,449,409,374,230,112,-28,-156,-273,-391,-473,-522,-541,-509,-459,-371,-247,-112,45,190,322,436,517,567,577,542,482,382,268,135,-6,-138,-275,-387,-478,-546,-580,-580,-560,-497,-411,-300,-163,-18,152,291,433,564,652,715,721,691,617,496,342,154,-56,-264,-457,-631,-781,-865,-907,-887,-806,-664,-481,-258,-22,229,486,706,876,995,1045,1041,954,788,585,323,40,-256,-526,-764,-959,-1078,-1133,-1105,-998,-833,-601,-328,-29,270,542,777,956,1068,1115,1087,978,801,574,301,25,-249,-506,-718,-876,-976,-1017,-989,-899,-746,-551,-334,-91,148,378,568,723,837,883,884,825,720,576,393,194,50,-28
10945,mtk,MTK 7916,4084334155,rx0-tx1,512,-760,347,116,-900,-807,-668,-473,-248,4,265,508,725,907,1034,1090,1078,1002,856,646,390,107,-186,-472,-735,-954,-1116,-1207,-1219,-1149,-1006,-800,-537,-238,79,402,694,944,1130,1256,1300,1253,1134,929,681,383,52,-280,-593,-859,-1088,-1236,-1306,-1306,-1217,-1050,-826,-547,-234,94,413,705,954,1143,1265,1309,1267,1145,964,715,415,100,-231,-540,-811,-1026,-1184,-1273,-1272,-1199,-1049,-836,-580,-281,24,333,613,853,1037,1156,1202,1170,1072,916,700,449,171,-114,-389,-630,-839,-990,-1083,-1100,-1062,-962,-801,-603,-371,-118,137,386,614,807,947,1024,1056,1023,933,781,581,350,93,-177,-434,-663,-862,-1003,-1090,-430,-1062,-940,-763,-526,-246,45,338,612,850,1032,1148,1196,1160,1040,849,598,313,-7,-317,-602,-862,-1051,-1172,-1212,-1160,-1039,-842,-590,-296,18,315,592,834,1013,1111,1146,1089,963,776,528,255,-26,-301,-550,-746,-895,-982,-990,-933,-815,-651,-452,-228,7,230,430,595,717,779,789,761,676,546,402,231,55,-118,-276,-414,-519,-585,-612,-616,-568,-490,-383,-253,-112,27,157,282,376,449,486,490,468,415,337,249,141,28,-78,-178,-266,-330,-367,-391,-382,-345,-296,-226,-142,-57,37,128,209,270,310,333,327,297,245,169,88,-7,-104,-191,-252,-288,-288,-253,-193,-112,-17,67,811,701,-195,334,-182,51,-58,-174,-273,-345,-374,-360,-298,-195,-74,61,192,311,398,451,469,447,387,301,180,48,-91,-230,-355,-452,-524,-554,-550,-505,-424,-317,-170,-12,154,321,466,583,667,706,703,637,524,378,185,-16,-232,-440,-619,-755,-844,-878,-844,-754,-599,-388,-153,95,355,584,773,912,985,990,917,767,566,329,69,-213,-461,-685,-850,-951,-994,-962,-862,-709,-507,-267,-13,235,463,646,789,880,889,851,761,618,438,232,24,-177,-363,-526,-639,-712,-743,-720,-657,-562,-433,-275,-118,46,197,332,449,539,589,609,602,559,487,393,275,151,9,-135,-265,-388,-489,-563,-609,-621,230,-530,-446,-325,-180,-18,142,299,439,554,635,675,678,638,551,437,291,122,-53,-225,-384,-522,-622,-688,-702,-677,-617,-505,-368,-207,-29,134,286,427,538,607,638,638,602,529,421,296,158,19,-133,-268,-376,-469,-530,-554,-560,-536,-480,-409,-307,-195,-71,49,163,271,363,442,499,524,524,505,459,386,287,173,49,-75,-197,-312,-413,-485,-544,-565,-559,-523,-450,-358,-244,-119,17,155,283,398,496,566,600,603,573,520,430,315,186,35,-112,-260,-400,-515,-604,-661,-682,-664,-616,-520,-384,-235,-67,112,282,444,589,694,763,792,771,699,592,446,264,59,-150,-352,860,931,136,-866,-912,291,518,717,870,969,1016,995,906,765,566,318,47,-225,-491,-736,-935,-1078,-1149,-1154,-1079,-932,-722,-461,-165,146,448,717,948,1125,1228,1260,1202,1066,860,598,303,-24,-340,-647,-911,-1108,-1253,-1309,-1285,-1171,-990,-750,-451,-138,192,511,793,1019,1191,1290,1308,1243,1103,899,640,335,7,-319,-616,-879,-1102,-1231,-1299,-1283,-1187,-1013,-780,-508,-197,124,427,713,942,1114,1217,1241,1191,1067,882,642,366,66,-230,-502,-750,-945,-1077,-1144,-1143,-1074,-941,-755,-529,-267,1,260,509,724,891,1011,1068,1060,991,867,693,471,233,-15,-270,-508,-728,-892,-1012,-1072,-1066,-993,-865,-676,-445,-184,-1099,381,632,849,1021,1123,1155,1115,999,817,573,294,-9,-323,-612,-856,-1042,-1168,-1214,-1167,-1049,-858,-603,-317,2,315,607,854,1035,1152,1183,1132,1011,817,560,283,-15,-314,-575,-807,-975,-1060,-1075,-1020,-891,-710,-492,-235,26,276,503,683,811,888,898,851,750,606,419,213,15,-177,-363,-504,-612,-683,-706,-687,-620,-522,-396,-243,-96,59,209,334,441,510,546,545,519,455,365,260,133,10,-115,-227,-316,-381,-429,-439,-422,-384,-320,-236,-150,-52,52,145,223,291,330,352,355,328,278,211,128,38,-57,-140,-219,-277,-309,-318,-298,-247,-170,-80,20,108,179,225,233,199,-386,-591,364,901,956,-255,-285,-262,-196,-92,32,161,278,364,414,428,399,330,223,103,-35,-169,-289,-391,-463,-503,-507,-473,-394,-295,-167,-24,125,270,398,508,589,621,621,568,470,339,180,3,-183,-371,-529,-664,-753,-791,-779,-700,-566,-390,-184,48,283,503,703,845,919,939,891,772,596,368,113,-154,-416,-649,-828,-945,-1005,-987,-894,-754,-536,-301,-38,226,466,670,830,926,951,919,810,653,464,236,5,-219,-428,-601,-727,-799,-818,-786,-705,-578,-424,-257,-69,122,289,434,554,624,655,657,621,551,448,323,191,54,-88,-226,-344,-449,-527,-573,-600,-585,-539,-466,-360,-238,-97,57,-198,336,452,554,622,652,643,592,505,388,238,78,-93,-265,-416,-539,-635,-692,-703,-668,-593,-478,-332,-167,15,183,349,490,587,660,682,660,611,523,396,249,89,-67,-218,-357,-466,-547,-589,-606,-586,-523,-445,-345,-225,-101,26,156,269,369,446,493,519,517,499,452,379,291,183,65,-52,-174,-284,-384,-458,-510,-539,-537,-514,-461,-372,-270,-151,-22,107,237,354,450,524,565,580,564,520,446,346,215,77,-65,-201,-331,-453,-539,-608,-637,-631,-594,-520,-411,-280,-130,28,184,341,489,602,676,723,726,688,612,488,333,161,-26,-222,-404,-565,-702,-801,-850,-845,-789,-392,103
10946,mtk,MTK 7916,4084334155,rx1-tx0,512,-144,502,1118,-60,-205,-340,-448,-522,-552,-543,-489,-404,-280,-130,31,184,323,438,517,556,549,504,416,294,149,-4,-157,-300,-416,-505,-559,-573,-540,-468,-355,-222,-71,83,243,382,489,570,606,596,554,469,346,201,39,-133,-299,-439,-563,-645,-682,-675,-624,-522,-375,-212,-26,164,353,516,652,748,788,765,707,581,417,216,-10,-231,-440,-615,-756,-844,-872,-830,-733,-589,-395,-174,60,289,496,666,787,846,861,808,703,551,365,160,-55,-262,-446,-601,-711,-775,-785,-756,-667,-543,-400,-229,-43,142,316,472,604,694,745,743,705,631,515,369,199,16,-175,-358,-525,-663,-765,-824,231,-787,-695,-547,-362,-142,92,320,536,727,868,959,991,950,845,674,452,201,-76,-350,-600,-820,-986,-1085,-1110,-1059,-941,-748,-501,-215,90,382,654,894,1068,1178,1201,1144,1014,799,538,238,-78,-394,-687,-941,-1131,-1252,-1280,-1223,-1086,-877,-602,-281,70,421,754,1029,1244,1367,1401,1341,1165,916,602,220,-176,-567,-917,-1207,-1398,-1492,-1476,-1336,-1090,-767,-374,39,447,821,1128,1338,1436,1418,1289,1069,760,392,16,-348,-671,-934,-1118,-1213,-1203,-1093,-919,-673,-380,-64,247,518,747,904,990,989,902,755,546,290,17,-251,-494,-686,-804,-832,-782,-647,-434,-186,71,308,477,560,548,459,-1334,-955,-417,580,711,168,-11,-221,-421,-579,-664,-662,-563,-393,-169,82,320,540,704,807,833,782,659,477,250,-4,-265,-510,-717,-877,-964,-980,-922,-785,-580,-334,-38,269,559,817,1027,1163,1205,1157,1024,801,515,180,-191,-551,-873,-1142,-1343,-1426,-1399,-1277,-1051,-740,-358,54,466,861,1194,1431,1567,1587,1481,1270,957,573,133,-310,-728,-1101,-1384,-1574,-1642,-1584,-1419,-1145,-787,-376,63,489,876,1199,1433,1560,1576,1467,1264,979,626,226,-174,-557,-892,-1158,-1347,-1441,-1429,-1332,-1136,-863,-548,-203,164,501,797,1047,1219,1307,1312,1235,1073,846,561,249,-86,-406,-687,-931,-1118,-1233,-1263,-1215,-1086,-888,-634,-347,-49,284,587,849,1064,1213,1280,1268,1169,992,743,460,132,-216,-548,-844,-1088,-1268,-1354,-1357,-1273,-1097,-835,-521,-159,205,570,899,1165,1351,1441,1425,1325,1122,839,490,102,-276,-633,-962,-1214,-1380,-1445,-1399,-1260,-1037,-746,-402,-30,339,678,950,1169,1303,1332,1269,1115,897,618,309,-22,-349,-641,-875,-1039,-1137,-1154,-1087,-953,-753,-514,-244,27,295,535,730,878,948,965,915,801,641,436,208,-16,-242,-445,-614,-738,-803,-814,-777,-683,-545,-376,-186,9,210,385,528,635,696,710,668,582,460,305,124,-50,-226,-383,-507,-589,-636,-628,-572,-480,-352,-201,-35,131,279,406,502,556,578,-470,-103,-95,-1324,-871,-559,-522,-441,-327,-190,-37,117,261,385,483,542,556,526,456,350,213,63,-93,-243,-377,-478,-539,-559,-543,-483,-384,-259,-114,46,205,346,460,536,576,581,542,456,347,209,49,-109,-266,-413,-524,-600,-638,-638,-584,-490,-366,-203,-32,145,318,484,606,691,734,723,660,551,404,222,14,-186,-382,-567,-711,-809,-843,-813,-729,-594,-415,-198,34,263,469,646,784,860,875,829,723,570,371,155,-71,-294,-488,-649,-763,-822,-826,-778,-679,-540,-368,-174,15,210,392,532,648,727,765,744,681,581,450,290,112,-72,-241,-405,-552,-668,-741,-771,-756,-699,-600,-456,-284,-87,-568,327,516,683,807,889,906,870,778,622,416,185,-73,-329,-566,-775,-928,-1029,-1059,-1009,-890,-716,-484,-218,75,366,635,865,1030,1131,1156,1099,976,776,521,229,-88,-391,-677,-920,-1100,-1209,-1234,-1178,-1041,-834,-566,-261,71,398,710,975,1176,1299,1331,1282,1138,911,614,263,-100,-475,-817,-1100,-1321,-1446,-1455,-1363,-1172,-882,-523,-121,295,698,1030,1295,1455,1492,1419,1232,951,597,196,-209,-585,-902,-1156,-1299,-1339,-1272,-1108,-863,-560,-222,127,444,715,931,1062,1107,1061,934,740,486,211,-84,-355,-591,-776,-886,-913,-865,-736,-538,-291,-24,238,475,644,722,713,610,428,205,-25,-212,-367,-1016,247,-421,-67,-430,-510,-507,-419,-250,-29,214,442,618,736,763,713,590,401,171,-86,-334,-556,-731,-851,-903,-882,-779,-617,-396,-138,137,410,665,867,1008,1085,1068,975,804,560,260,-69,-396,-714,-983,-1180,-1302,-1321,-1229,-1045,-787,-451,-62,329,707,1041,1299,1467,1518,1462,1293,1013,660,253,-186,-613,-995,-1303,-1519,-1623,-1590,-1458,-1212,-871,-474,-28,409,813,1167,1429,1582,1617,1534,1343,1066,698,291,-141,-551,-909,-1203,-1411,-1511,-1504,-1395,-1184,-901,-567,-198,168,523,850,1106,1282,1372,1371,1262,1091,844,546,216,-123,-456,-748,-988,-1165,-1263,-1285,-1207,-1067,-862,-598,-296,24,342,637,892,1085,1210,425,1230,1121,938,700,403,83,-244,-559,-843,-1068,-1226,-1311,-1314,-1220,-1050,-806,-500,-160,198,545,869,1123,1310,1407,1411,1321,1129,852,514,140,-237,-601,-931,-1192,-1369,-1450,-1426,-1311,-1095,-799,-457,-73,308,662,966,1204,1350,1399,1345,1198,974,693,352,-5,-352,-671,-933,-1120,-1223,-1244,-1182,-1036,-824,-558,-267,36,325,589,808,964,1041,1054,999,873,698,468,218,-29,-273,-488,-668,-800,-867,-879,-840,-737,-592,-409,-202,11,221,414,563,678,740,762,725,631,502,342,162,-32,-216,-379,-512,-614,-662,-665,-626,-538,-406,-255,-83,95,252,387,498,572,604,585,523,426,295,144,-11,-592,-751
10947,mtk,MTK 7916,4084334155,rx1-tx1,512,0,0,0,-61,128,279,341,307,187,10,-168,-296,-338,-285,-144,40,204,311,331,244,95,-83,-240,-330,-323,-212,-37,134,261,320,284,164,-11,-185,-295,-317,-244,-103,76,240,332,316,216,50,-136,-282,-340,-303,-170,14,194,319,353,283,128,-74,-253,-358,-361,-259,-72,141,315,396,358,217,13,-203,-368,-423,-364,-193,46,273,426,460,359,147,-108,-333,-474,-482,-350,-118,154,397,535,512,340,77,-210,-450,-570,-540,-356,-64,249,501,620,561,358,60,-264,-515,-632,-582,-372,-66,259,520,633,575,365,61,-250,-495,-610,-559,-364,-75,236,474,576,522,325,45,-238,-459,0,-491,-294,-25,238,431,504,432,239,-11,-254,-425,-474,-391,-202,41,276,434,467,362,151,-97,-309,-450,-475,-360,-135,125,349,484,483,351,137,-125,-359,-501,-517,-404,-181,88,336,486,520,431,225,-30,-265,-431,-485,-418,-255,-39,176,344,415,385,272,96,-84,-228,-305,-303,-224,-106,19,125,182,184,151,81,7,-54,-89,-84,-54,-18,17,29,18,-2,-28,-57,-70,-60,-25,21,65,96,103,82,39,-19,-80,-111,-114,-94,-51,6,56,96,106,88,54,6,-40,-74,-86,-77,-51,0,44,61,66,60,30,-7,-37,-61,-64,-50,-28,2,30,51,59,53,0,0,0,0,0,4,-55,-116,-162,-177,-162,-107,-10,96,185,241,246,193,90,-44,-181,-279,-309,-261,-149,10,173,302,354,323,204,19,-176,-332,-410,-383,-251,-50,180,376,474,443,295,64,-189,-414,-543,-526,-373,-114,192,456,601,597,433,149,-187,-477,-641,-646,-482,-187,163,471,669,687,521,210,-163,-488,-683,-701,-538,-232,150,491,696,714,533,207,-171,-502,-714,-732,-544,-205,185,523,723,727,543,212,-186,-529,-726,-731,-536,-194,194,529,718,711,514,180,-200,-524,-699,-678,-471,-138,234,532,674,627,407,74,-272,-539,-666,-596,-357,-28,319,586,676,564,298,-53,-394,-624,0,-537,-244,118,458,674,699,523,195,-186,-525,-727,-725,-524,-169,238,581,768,747,524,152,-274,-626,-811,-770,-512,-121,306,654,821,764,500,95,-342,-674,-815,-739,-467,-55,370,679,805,705,402,-11,-407,-689,-785,-655,-334,73,453,713,774,612,279,-125,-492,-721,-739,-550,-212,191,545,742,721,500,143,-253,-575,-737,-691,-452,-88,296,596,731,668,416,45,-328,-606,-717,-629,-375,-19,342,600,694,595,334,-12,-340,-567,-640,-531,-282,30,327,526,572,461,225,-64,-324,-483,-493,-375,-163,95,317,437,433,299,86,-135,-314,-392,-356,-216,-17,181,311,349,285,143,0,0,0,0,0,-338,-316,-200,-27,151,285,344,298,162,-19,-192,-311,-340,-273,-122,64,227,313,313,227,66,-113,-251,-315,-294,-182,-15,152,274,316,260,128,-43,-202,-301,-317,-240,-82,111,261,327,303,193,13,-165,-300,-352,-299,-155,39,225,343,360,269,100,-102,-284,-384,-361,-231,-31,185,350,418,359,199,-23,-247,-397,-439,-363,-172,74,305,450,470,353,135,-133,-371,-501,-490,-343,-92,193,426,554,525,345,71,-230,-478,-601,-555,-359,-66,258,516,630,571,363,64,-262,-522,-640,-586,-376,-65,261,512,622,567,364,70,-238,-487,-598,-541,-347,-61,242,462,552,502,315,0,-240,-445,-520,-455,-273,-15,247,425,484,412,221,-28,-262,-424,-466,-368,-165,72,295,444,461,345,141,-105,-338,-477,-476,-352,-133,123,354,500,511,385,155,-105,-341,-490,-518,-411,-200,56,292,460,510,430,235,1,-219,-393,-463,-409,-264,-68,128,278,358,345,247,102,-52,-176,-249,-249,-192,-100,0,85,128,132,97,45,1,-34,-52,-41,-9,19,37,40,21,-21,-59,-84,-86,-65,-23,36,83,111,120,95,43,-20,-78,-113,-115,-94,-53,-1,51,83,92,81,45,5,-31,-59,-71,-62,-35,2,37,58,61,49,28,-7,-36,-52,-62,-55,-36,-17,10,0,0,0,0,0,136,132,106,48,-30,-112,-180,-221,-214,-155,-57,65,182,260,277,226,114,-30,-175,-290,-338,-295,-180,-13,176,322,385,350,225,33,-176,-354,-442,-415,-282,-59,196,399,503,485,338,88,-195,-434,-573,-562,-399,-128,188,464,623,622,460,173,-172,-481,-666,-677,-510,-205,154,474,676,698,527,216,-155,-482,-679,-698,-532,-216,162,504,707,721,536,204,-182,-522,-724,-740,-545,-199,194,532,732,736,540,200,-190,-530,-729,-727,-529,-183,207,526,698,682,485,160,-206,-517,-687,-650,-431,-101,250,533,665,609,381,43,-307,-560,-650,-563,-314,22,357,596,664,544,270,0,-436,-643,-679,-526,-215,164,498,700,719,527,182,-219,-564,-758,-742,-521,-156,265,617,794,761,526,133,-296,-646,-815,-765,-511,-115,316,666,828,757,476,79,-342,-669,-805,-726,-442,-31,387,691,796,677,370,-30,-421,-700,-775,-626,-303,95,469,717,753,569,234,-160,-517,-730,-737,-532,-176,225,556,734,706,476,113,-275,-585,-734,-679,-433,-68,312,611,733,654,396,30,-336,-601,-701,-614,-357,-5,341,584,662,555,312,-12,-337,-553,-605,-504,-254,56,328,504,539,420,191,-80,-317,-455,-460,-341,-132,110,311,410,389,256,52,-154,-315,-382,-324,-176,12,192,312,0,0
10948,mtk,MTK 7916,4084334155,rx2-tx0,512,0,0,0,-416,-425,-312,-103,136,345,462,443,287,47,-206,-412,-508,-451,-262,5,280,471,529,437,214,-76,-344,-516,-543,-411,-155,144,408,564,555,377,90,-227,-478,-594,-543,-325,-7,306,535,621,523,256,-92,-419,-622,-641,-478,-173,200,522,692,664,434,75,-317,-632,-771,-686,-399,17,438,741,837,704,364,-99,-539,-832,-903,-716,-322,160,616,912,950,721,288,-227,-685,-964,-978,-710,-249,279,734,992,975,686,202,-330,-770,-1012,-972,-658,-166,371,800,1002,926,604,118,-407,-814,-982,-875,-527,-38,450,810,945,813,455,-25,-490,-813,-899,-732,-364,110,550,823,858,651,0,-204,-609,-834,-821,-580,-164,308,690,872,809,515,74,-394,-755,-910,-804,-465,7,477,828,949,801,426,-72,-559,-900,-992,-812,-401,129,626,955,1020,801,363,-173,-667,-989,-1040,-804,-343,216,716,1026,1055,796,311,-257,-754,-1052,-1057,-776,-283,293,789,1071,1066,773,268,-314,-808,-1084,-1075,-781,-270,309,802,1079,1070,788,300,-273,-757,-1031,-1042,-784,-322,210,677,964,992,752,325,-169,-609,-880,-917,-714,-337,115,528,795,842,672,337,-76,-453,-701,-765,-636,-346,21,367,619,706,612,374,51,-276,-527,-641,-610,-444,-181,115,368,524,570,504,346,133,-78,-246,-346,-375,0,0,0,0,0,201,380,511,563,510,345,89,-210,-488,-677,-723,-608,-352,-5,358,654,802,755,515,139,-282,-646,-861,-858,-638,-245,232,665,941,982,770,341,-194,-692,-1024,-1101,-894,-439,147,704,1092,1213,1011,539,-88,-708,-1158,-1313,-1121,-636,34,707,1202,1392,1217,718,25,-680,-1226,-1452,-1286,-783,-76,660,1217,1452,1306,821,112,-632,-1196,-1438,-1305,-825,-121,609,1170,1425,1292,815,126,-587,-1142,-1386,-1252,-791,-118,584,1112,1339,1207,744,88,-584,-1090,-1291,-1142,-692,-60,582,1060,1240,1087,643,29,-583,-1022,-1176,-1010,-570,14,579,983,1119,937,500,-60,-593,-958,-1056,-860,-429,112,605,924,0,776,351,-165,-628,-912,-936,-696,-265,226,650,885,871,617,192,-278,-663,-855,-800,-522,-107,333,671,815,732,440,31,-375,-667,-767,-645,-346,45,415,661,710,555,252,-119,-453,-644,-649,-463,-147,205,488,621,577,368,54,-271,-507,-590,-500,-260,52,341,522,547,412,153,-152,-407,-540,-510,-329,-55,235,459,537,457,246,-35,-308,-491,-528,-413,-177,108,357,503,503,356,106,-171,-399,-507,-464,-292,-41,224,424,494,417,225,-32,-272,-427,-453,-348,-146,98,312,429,412,280,68,-159,-339,-412,-360,-208,2,218,363,395,304,122,-93,-278,-379,-365,-238,-36,178,341,0,0,0,0,0,138,-102,-318,-441,-440,-306,-84,170,383,484,442,276,22,-243,-442,-517,-445,-237,38,305,494,545,434,187,-113,-376,-537,-549,-399,-122,191,446,579,544,351,54,-263,-503,-602,-527,-295,31,358,584,632,496,211,-146,-463,-655,-659,-460,-113,267,574,729,674,412,20,-385,-695,-808,-693,-376,54,484,787,873,711,342,-132,-576,-866,-924,-718,-305,196,654,938,965,724,275,-254,-720,-985,-979,-707,-239,295,753,1005,971,669,188,-347,-784,-1007,-957,-630,-129,391,803,997,905,564,74,-429,-814,-966,-847,-495,-15,466,809,921,775,409,-66,-517,-821,-886,-693,-311,152,570,0,847,614,208,-251,-638,-850,-818,-543,-114,349,719,888,803,484,30,-437,-795,-935,-806,-451,36,522,862,967,803,412,-104,-600,-928,-1001,-801,-383,142,643,971,1030,805,361,-189,-696,-1010,-1048,-792,-324,235,732,1038,1060,783,292,-276,-777,-1065,-1066,-779,-280,300,802,1087,1076,776,271,-305,-799,-1085,-1075,-780,-284,284,777,1052,1059,791,315,-238,-718,-1004,-1025,-781,-337,188,646,919,947,737,342,-140,-571,-840,-879,-690,-332,97,491,746,808,658,342,-45,-407,-662,-740,-623,-359,-14,327,574,676,606,400,108,-206,-459,-599,-602,-476,-255,0,235,408,493,481,381,236,76,0,0,0,0,0,-404,-313,-150,75,316,524,648,643,496,235,-90,-419,-667,-769,-696,-450,-76,322,648,833,817,588,201,-252,-662,-908,-926,-705,-296,208,671,975,1041,831,395,-164,-700,-1061,-1157,-959,-494,124,721,1139,1269,1072,586,-60,-709,-1187,-1362,-1177,-671,8,695,1217,1420,1252,754,46,-678,-1222,-1448,-1289,-792,-87,648,1217,1455,1312,822,123,-614,-1189,-1436,-1307,-825,-129,590,1159,1410,1273,797,108,-596,-1128,-1360,-1231,-768,-103,579,1099,1317,1172,714,75,-582,-1073,-1262,-1109,-664,-47,580,1038,1206,1046,604,0,-586,-1005,-1145,-974,-533,40,588,977,1089,894,462,-80,-595,-942,-1024,-818,-392,0,617,910,947,725,302,-204,-644,-898,-898,-652,-233,253,661,876,840,568,148,-309,-667,-832,-770,-496,-79,351,669,791,683,389,-5,-393,-663,-740,-606,-298,85,433,651,678,511,201,-165,-478,-643,-612,-410,-95,241,498,606,538,310,-6,-306,-513,-573,-456,-204,105,377,529,525,372,103,-196,-431,-538,-482,-285,-7,273,474,535,436,213,-77,-342,-505,-517,-385,-141,145,386,509,483,320,68,-202,-415,-505,-446,-257,0,252,429,474,381,181,-64,-294,-435,-444,-319,-109,122,319,415,388,245,30,-192,-352,-405,-334,-165,49,249,369,381,278,84,-137,-315,-400,-357,-208,0,0
10949,mtk,MTK 7916,4084334155,rx2-tx1,512,0,0,0,34,51,50,30,6,-7,-12,-12,-5,0,7,4,-6,-24,-36,-33,-20,-3,16,34,43,42,30,9,-17,-35,-44,-45,-29,-4,19,34,37,30,11,-11,-23,-23,-16,-4,14,35,35,16,-8,-29,-45,-49,-40,-13,26,63,83,86,61,7,-54,-104,-128,-118,-67,2,75,138,168,156,94,-1,-95,-171,-212,-193,-118,-8,110,202,242,220,135,9,-120,-225,-268,-241,-144,-9,129,232,283,266,164,15,-131,-243,-295,-261,-155,-3,144,253,291,252,144,-8,-153,-250,-283,-234,-118,26,166,261,275,210,91,-53,-186,-262,-263,-184,-49,102,227,280,250,0,6,-149,-265,-310,-262,-131,38,207,321,347,276,124,-69,-252,-372,-393,-305,-128,90,293,423,437,331,131,-122,-349,-466,-471,-353,-131,140,374,510,509,370,125,-162,-413,-553,-550,-396,-128,186,463,615,604,430,138,-193,-487,-661,-664,-487,-178,187,509,700,707,525,211,-159,-505,-723,-740,-569,-263,116,470,705,763,622,314,-72,-432,-680,-760,-643,-355,18,377,640,745,645,387,46,-313,-594,-705,-636,-417,-92,248,517,653,630,448,152,-170,-439,-597,-608,-473,-221,80,346,524,583,501,299,38,-220,-427,-538,-530,-408,-205,26,238,389,458,436,342,206,62,-74,0,0,0,0,0,217,260,261,212,113,-24,-171,-297,-372,-371,-287,-141,41,225,366,427,389,255,55,-165,-354,-461,-459,-339,-129,125,358,509,538,429,202,-89,-368,-567,-630,-533,-295,30,371,626,728,659,413,48,-335,-654,-820,-786,-554,-175,262,649,877,883,669,280,-186,-607,-886,-945,-777,-408,72,539,871,984,845,503,32,-460,-817,-957,-867,-561,-103,376,749,927,861,578,153,-309,-695,-895,-847,-586,-179,271,636,833,815,578,181,-251,-605,-794,-771,-542,-175,234,579,761,741,518,148,-249,-573,-747,-715,-496,-148,241,561,725,695,478,135,-244,-555,-715,-676,-455,-117,253,551,0,662,435,96,-263,-552,-687,-638,-416,-72,282,553,682,622,384,46,-302,-572,-688,-601,-353,-9,339,595,688,597,340,-17,-373,-626,-708,-599,-333,27,386,640,722,610,334,-36,-395,-646,-723,-603,-314,46,391,638,711,589,312,-48,-392,-625,-687,-577,-310,34,364,599,670,557,300,-29,-347,-572,-640,-535,-289,30,331,531,588,488,263,-28,-300,-487,-540,-450,-243,19,267,441,488,405,220,-14,-235,-384,-427,-361,-204,2,195,329,373,311,171,-1,-166,-284,-323,-270,-154,-9,134,236,267,224,129,9,-106,-191,-217,-189,-117,-17,77,134,156,139,88,26,-36,-89,0,0,0,0,0,-43,-14,15,31,28,19,13,4,-3,-2,4,10,18,15,2,-13,-24,-33,-39,-30,-8,15,36,46,45,36,16,-18,-36,-40,-37,-20,1,14,27,27,13,2,-10,-26,-27,-8,15,31,39,31,4,-19,-38,-62,-68,-45,2,46,80,104,98,60,4,-63,-121,-142,-129,-83,-10,77,154,187,169,106,6,-100,-182,-226,-208,-129,-15,110,210,257,233,146,16,-127,-230,-274,-248,-159,-20,127,239,283,254,154,15,-131,-251,-299,-262,-154,-1,145,250,288,242,127,-18,-160,-258,-281,-224,-106,42,177,259,267,199,71,-80,-205,-276,-261,-169,-28,125,0,292,256,145,-11,-177,-297,-327,-264,-126,61,238,351,373,290,120,-88,-278,-405,-417,-319,-132,101,311,440,456,347,132,-125,-348,-482,-489,-364,-131,148,392,532,529,387,130,-176,-434,-579,-574,-409,-132,190,468,629,625,462,160,-191,-493,-678,-692,-521,-202,178,513,710,725,551,236,-137,-492,-722,-758,-598,-281,102,452,702,770,631,337,-42,-415,-676,-757,-645,-368,-5,354,613,714,643,409,69,-280,-547,-674,-633,-431,-129,203,483,631,617,459,189,-122,-402,-573,-602,-488,-264,22,297,494,570,518,358,125,-133,-350,-483,-510,-440,-294,-103,92,245,333,356,325,0,0,0,0,0,-88,1,109,217,297,331,300,207,63,-106,-265,-374,-402,-344,-205,-6,203,364,445,423,298,93,-145,-361,-491,-498,-384,-172,102,367,539,575,474,247,-61,-368,-593,-679,-597,-359,-11,356,645,778,714,470,102,-307,-655,-853,-834,-606,-222,227,634,891,926,726,348,-120,-573,-880,-961,-806,-447,18,487,844,973,854,524,56,-419,-791,-950,-869,-574,-130,343,717,906,855,585,166,-284,-657,-857,-834,-582,-183,250,617,816,786,555,181,-246,-597,-782,-755,-526,-164,247,582,751,720,508,156,-244,-570,-735,-710,-491,-142,241,559,720,685,469,128,-244,-550,-706,-667,-446,0,257,545,685,644,425,88,-277,-560,-685,-626,-394,-53,300,566,678,610,368,19,-331,-592,-695,-609,-351,1,355,614,706,606,339,-22,-380,-635,-718,-604,-326,35,384,634,716,605,330,-44,-400,-638,-712,-598,-317,48,384,631,712,590,312,-36,-376,-611,-684,-570,-302,42,367,591,655,541,289,-37,-345,-556,-613,-509,-273,24,308,506,566,476,265,-10,-278,-457,-510,-431,-242,11,250,408,453,379,204,-14,-219,-366,-402,-329,-183,0,182,307,345,291,163,0,-153,-257,-290,-250,-141,-3,125,205,233,204,120,11,-93,-166,-186,-163,-105,-25,52,112,137,118,77,0,0
10950,mtk,MTK 7916,4084373601,rx0-tx0,512,557,-471,-635,64,-219,-463,-666,-793,-832,-786,-645,-434,-175,106,379,615,792,871,857,750,551,278,-33,-341,-624,-823,-942,-948,-844,-626,-328,4,350,651,872,988,986,854,620,310,-38,-379,-671,-876,-978,-961,-818,-579,-277,54,363,632,822,892,870,736,522,262,-37,-316,-547,-709,-793,-764,-664,-481,-250,-1,241,449,605,669,661,581,438,247,48,-155,-338,-466,-537,-559,-511,-413,-273,-107,66,220,350,442,482,465,400,289,158,-5,-153,-281,-372,-423,-423,-372,-282,-163,-31,100,220,305,350,360,317,240,146,42,-70,-157,-224,-275,-273,-263,-220,-156,-76,19,101,171,213,240,-588,207,148,81,2,-75,-148,-199,-221,-214,-189,-131,-65,12,91,155,187,200,188,147,75,0,-70,-127,-173,-186,-169,-121,-57,20,88,144,183,188,159,95,16,-79,-159,-217,-240,-230,-176,-75,29,148,259,324,343,302,217,84,-69,-218,-351,-426,-444,-403,-282,-113,73,258,413,510,534,492,360,165,-41,-250,-425,-548,-591,-553,-441,-256,-35,184,384,520,601,592,501,348,140,-81,-291,-444,-551,-586,-526,-399,-220,-20,180,350,477,530,511,422,291,120,-71,-252,-385,-474,-496,-439,-325,-167,17,206,350,442,458,401,290,114,-74,-237,-352,-387,-342,-225,-76,66,212,-11,587,-219,-156,153,53,-90,-228,-326,-370,-330,-204,-42,142,310,429,473,430,318,149,-53,-249,-409,-517,-541,-480,-341,-155,61,273,441,554,576,524,389,189,-36,-251,-439,-564,-605,-567,-439,-247,-18,210,393,535,588,552,449,272,58,-142,-329,-452,-512,-499,-415,-274,-110,66,221,340,406,410,362,264,141,-3,-135,-227,-300,-319,-281,-208,-129,-22,91,159,209,222,201,151,75,-10,-84,-147,-176,-159,-119,-59,13,84,138,171,178,131,75,1,-90,-166,-215,-229,-222,-161,-77,36,140,233,292,323,300,228,121,-7,-145,-266,-353,-403,-390,-336,-221,-73,81,233,371,448,472,-291,355,208,26,-149,-310,-445,-516,-532,-477,-365,-200,-13,176,355,487,558,569,496,374,203,13,-178,-369,-490,-559,-573,-513,-403,-248,-69,126,302,440,535,584,566,491,370,189,-14,-217,-416,-571,-668,-695,-637,-514,-323,-87,175,418,637,781,836,788,651,437,153,-152,-454,-704,-887,-956,-905,-766,-532,-210,143,490,774,973,1063,1015,847,575,226,-159,-530,-840,-1045,-1127,-1072,-888,-576,-203,199,570,878,1069,1137,1065,863,553,183,-218,-578,-862,-1048,-1094,-1020,-814,-519,-164,203,539,802,960,1008,944,766,506,182,-147,-452,-700,-861,-928,-876,-735,-515,-230,72,355,587,759,-208,-245,525,-507,-330,-826,-793,-682,-500,-254,14,289,536,720,832,850,775,612,371,83,-212,-491,-721,-873,-925,-870,-709,-460,-162,165,485,754,922,983,932,755,488,158,-195,-525,-787,-957,-1006,-936,-735,-455,-127,220,530,770,913,942,857,679,409,108,-198,-481,-687,-814,-842,-765,-607,-390,-119,152,391,591,705,741,685,559,362,135,-88,-299,-472,-578,-612,-583,-486,-338,-173,12,189,337,449,510,508,451,347,212,56,-100,-244,-362,-435,-458,-419,-348,-239,-99,53,194,301,372,395,377,315,213,96,-31,-153,-238,-295,-322,-310,-256,-194,-98,-4,79,163,219,252,253,229,178,114,31,321,-119,-183,-221,-235,-216,-174,-109,-33,38,115,175,209,217,193,137,72,1,-70,-144,-182,-188,-169,-133,-77,3,81,139,176,185,158,106,30,-51,-125,-179,-206,-199,-155,-83,7,106,204,267,282,268,190,78,-55,-186,-303,-383,-396,-352,-249,-93,67,238,388,469,497,441,318,142,-55,-257,-439,-543,-565,-521,-396,-219,-1,212,404,547,601,574,468,294,92,-143,-342,-500,-580,-587,-509,-363,-187,33,237,404,516,558,520,420,260,67,-131,-300,-426,-502,-510,-442,-312,-152,39,219,361,453,483,432,317,160,-25,-195,-342,-431,-426,-347,-206,-31,135,256,304,279,-581,-641,-258,134,210,-194,-274,-295,-237,-119,42,218,353,419,417,328,176,-16,-206,-366,-471,-502,-449,-330,-153,57,260,428,525,559,496,364,171,-52,-265,-454,-568,-600,-545,-418,-219,4,232,432,561,608,557,444,266,30,-186,-376,-509,-552,-527,-433,-269,-83,114,287,404,460,452,383,269,123,-31,-174,-283,-350,-372,-319,-242,-140,-14,103,187,246,278,246,182,106,12,-72,-143,-188,-192,-169,-115,-35,49,106,156,165,146,97,31,-57,-133,-171,-202,-190,-144,-63,25,125,213,268,284,253,184,92,-22,-151,-258,-334,-366,-351,-274,-164,-20,126,260,372,426,432,391,280,133,-27,374,-347,-457,-506,-487,-422,-289,-117,70,252,406,510,547,528,441,289,106,-97,-278,-429,-535,-570,-554,-458,-302,-129,74,261,412,517,570,570,496,377,221,37,-160,-334,-485,-592,-625,-603,-516,-355,-156,79,307,510,666,752,751,665,504,262,-17,-307,-559,-762,-877,-891,-798,-607,-337,-11,309,599,846,991,1011,904,690,389,28,-350,-681,-932,-1074,-1093,-979,-738,-409,-21,366,720,984,1116,1122,983,729,379,-10,-400,-736,-982,-1112,-1107,-954,-702,-357,17,392,709,935,1050,1038,899,650,335,-7,-348,-636,-849,-956,-951,-838,-634,-360,-46,267,532,742,863,883,801,630,397,-132,-49
10951,mtk,MTK 7916,4084373601,rx0-tx1,512,-760,-467,-189,-785,-561,-270,60,392,686,910,1033,1039,925,691,372,8,-376,-714,-974,-1126,-1149,-1036,-800,-468,-71,338,709,1008,1188,1234,1135,899,552,140,-292,-692,-1013,-1215,-1289,-1205,-982,-649,-238,206,631,982,1217,1312,1262,1062,743,337,-109,-542,-912,-1181,-1310,-1300,-1132,-838,-458,-22,417,815,1109,1286,1304,1186,934,569,143,-291,-697,-1024,-1224,-1287,-1202,-984,-660,-252,176,570,906,1141,1238,1193,1020,731,368,-43,-436,-773,-1026,-1156,-1165,-1033,-789,-461,-96,277,613,886,1051,1092,1031,846,575,244,-114,-455,-741,-938,-1046,-1039,-916,-697,-402,-59,296,615,872,1031,1081,1004,821,534,191,-178,-430,-849,-1046,-1135,-1096,-923,-638,-270,126,516,849,1085,1186,1149,968,670,295,-125,-535,-874,-1107,-1204,-1160,-969,-668,-272,148,548,873,1097,1179,1117,920,612,238,-159,-539,-845,-1041,-1109,-1037,-840,-551,-194,179,520,781,950,990,915,730,461,150,-160,-442,-670,-814,-853,-784,-626,-404,-155,108,342,536,657,703,668,555,382,179,-33,-240,-414,-530,-588,-577,-497,-366,-192,-5,168,313,434,495,484,430,322,186,37,-116,-241,-339,-398,-407,-365,-295,-188,-57,76,190,278,335,359,333,259,164,50,-71,-183,-262,-309,-320,-283,-205,-93,27,142,236,286,280,225,136,22,-86,-157,-921,-874,-195,-288,232,-162,-60,82,222,328,376,356,260,113,-58,-225,-359,-442,-453,-399,-288,-132,46,222,368,474,517,489,405,260,83,-113,-310,-459,-564,-600,-558,-451,-282,-70,164,386,571,686,726,666,511,300,46,-240,-497,-696,-825,-843,-756,-566,-296,12,336,628,837,943,938,799,561,243,-107,-451,-724,-921,-1002,-954,-787,-513,-169,189,516,778,943,988,906,718,434,109,-226,-535,-759,-889,-911,-821,-634,-379,-89,212,475,669,782,800,727,570,358,108,-146,-369,-548,-655,-684,-638,-531,-368,-169,41,238,402,527,593,593,540,435,281,96,-89,-268,-422,-539,-595,-592,-530,-402,-234,230,165,363,516,617,648,610,502,334,125,-102,-324,-504,-634,-690,-664,-563,-407,-188,55,279,476,625,702,686,598,445,232,0,-225,-426,-570,-653,-659,-587,-465,-287,-75,137,324,478,578,610,579,487,344,170,-13,-190,-347,-465,-533,-549,-505,-415,-286,-136,29,195,334,451,508,522,483,405,277,129,-41,-209,-352,-465,-531,-545,-503,-412,-275,-101,80,252,403,513,574,574,509,394,235,50,-142,-321,-474,-575,-614,-594,-507,-368,-187,16,215,404,554,643,663,614,502,331,122,-111,-333,-518,-659,-732,-724,-635,-475,-261,-15,246,482,674,790,824,762,617,396,129,-163,-1127,-1046,136,810,911,541,780,939,989,926,753,483,151,-207,-551,-840,-1031,-1109,-1059,-874,-593,-231,162,549,869,1095,1197,1157,987,691,311,-104,-515,-873,-1130,-1256,-1236,-1072,-779,-398,34,471,846,1131,1282,1292,1147,867,492,60,-381,-783,-1093,-1279,-1317,-1205,-960,-599,-180,263,681,1010,1231,1310,1247,1033,708,300,-139,-556,-921,-1184,-1302,-1274,-1105,-804,-415,14,445,814,1092,1247,1249,1121,872,513,98,-318,-689,-977,-1156,-1207,-1112,-907,-596,-226,162,538,841,1047,1133,1094,937,678,341,-15,-369,-687,-915,-1051,-1064,-967,-758,-479,-151,204,531,796,979,1060,1019,870,620,306,-51,-404,-719,-955,-1084,-1096,-1099,-747,-418,-46,340,691,966,1132,1163,1061,821,482,85,-323,-704,-992,-1166,-1200,-1082,-832,-486,-83,337,712,1006,1172,1191,1063,808,457,49,-357,-716,-980,-1124,-1130,-1002,-741,-401,-19,360,686,921,1050,1040,898,658,346,-1,-334,-622,-819,-909,-889,-775,-572,-302,-7,276,515,678,762,755,661,502,285,52,-185,-388,-541,-618,-635,-575,-453,-286,-98,106,284,426,517,539,501,414,285,110,-55,-211,-338,-417,-450,-429,-359,-255,-126,19,148,256,338,377,367,320,233,125,-1,-128,-229,-296,-336,-329,-280,-191,-89,32,149,244,297,306,270,192,77,-47,-152,-224,-246,-211,-139,23,330,364,-1120,-1140,212,286,307,256,142,-8,-172,-318,-406,-429,-378,-265,-110,69,234,372,457,482,439,342,194,7,-176,-344,-468,-537,-549,-481,-345,-175,37,246,430,569,645,639,559,399,185,-63,-324,-540,-698,-780,-763,-635,-433,-165,134,424,675,840,904,862,694,432,115,-235,-554,-805,-958,-990,-891,-676,-380,-27,324,638,876,999,988,855,623,311,-36,-377,-665,-864,-951,-930,-784,-544,-250,73,376,624,789,860,827,689,480,223,-49,-311,-531,-683,-753,-730,-629,-463,-249,-20,200,390,538,620,634,579,470,317,127,-66,-248,-404,-525,-580,-583,-526,-418,-262,-73,118,309,465,569,-198,609,521,376,192,-20,-231,-426,-575,-659,-669,-598,-463,-272,-42,192,400,569,681,697,635,510,325,97,-143,-357,-539,-656,-686,-647,-528,-357,-148,81,286,456,584,641,619,536,398,220,21,-168,-343,-474,-555,-571,-534,-440,-307,-145,27,197,341,449,508,526,486,406,284,129,-35,-196,-339,-452,-514,-538,-495,-411,-279,-118,60,230,379,491,554,554,506,403,255,79,-111,-292,-439,-543,-593,-578,-510,-382,-209,-18,177,357,506,605,637,605,510,354,159,-54,-262,-453,-599,-685,-698,-628,-494,-307,-76,169,397,589,716,776,745,630,444,206,-63,-335,-574,-756,-850,-853,63,-432
10952,mtk,MTK 7916,4084373601,rx1-tx0,512,-144,-631,-1124,-216,-389,-511,-562,-540,-451,-294,-90,116,311,458,542,557,496,371,191,-14,-220,-396,-515,-565,-543,-446,-289,-93,113,303,460,549,577,525,402,225,23,-185,-373,-517,-590,-595,-532,-394,-201,10,226,421,571,645,642,560,408,201,-41,-277,-483,-645,-718,-702,-603,-436,-201,70,329,561,721,792,772,656,441,181,-115,-408,-643,-799,-862,-814,-662,-428,-134,178,468,696,841,880,807,639,382,96,-208,-480,-695,-815,-841,-765,-594,-352,-90,190,436,635,757,784,726,584,384,152,-108,-352,-549,-691,-762,-734,-631,-465,-251,0,254,477,654,763,781,719,583,364,106,-175,231,-678,-827,-887,-847,-700,-471,-175,157,476,744,917,995,955,791,526,196,-165,-523,-819,-1021,-1098,-1044,-854,-558,-195,209,580,889,1095,1166,1103,899,577,184,-229,-625,-949,-1159,-1234,-1151,-927,-590,-176,254,669,1002,1225,1297,1214,977,614,180,-276,-713,-1069,-1314,-1391,-1277,-1020,-624,-143,364,837,1204,1430,1467,1311,983,529,-2,-553,-1028,-1359,-1508,-1460,-1209,-805,-293,265,779,1175,1394,1440,1276,944,496,-10,-500,-903,-1175,-1280,-1209,-985,-625,-200,233,621,921,1077,1092,951,695,351,-41,-406,-708,-892,-950,-876,-675,-368,-13,330,611,787,831,721,491,179,-149,-424,-591,-607,-488,-282,1088,612,-417,-684,-750,-357,-200,47,310,536,662,655,510,260,-45,-361,-618,-774,-810,-722,-511,-216,110,429,694,867,918,841,645,342,-9,-363,-686,-929,-1049,-1026,-872,-589,-220,200,601,938,1160,1234,1142,883,499,57,-427,-864,-1195,-1378,-1386,-1205,-854,-377,154,683,1124,1430,1545,1453,1177,737,188,-378,-915,-1325,-1570,-1608,-1429,-1081,-586,3,580,1084,1444,1625,1593,1347,935,409,-171,-721,-1182,-1491,-1600,-1504,-1220,-791,-266,282,783,1187,1434,1497,1374,1087,680,185,-313,-769,-1126,-1329,-1388,-1272,-1010,-619,-167,299,719,1051,1253,1313,1211,969,616,199,-242,-647,-973,-1179,-1260,-1185,-973,-645,-255,172,586,921,-49,1254,1213,1023,715,318,-118,-538,-909,-1173,-1299,-1272,-1097,-780,-375,79,540,931,1219,1364,1344,1164,837,398,-95,-581,-1006,-1298,-1439,-1397,-1178,-821,-350,158,647,1060,1341,1459,1388,1144,756,277,-235,-713,-1098,-1340,-1418,-1314,-1049,-649,-180,300,741,1083,1281,1321,1196,923,544,106,-326,-712,-1012,-1165,-1173,-1049,-804,-457,-66,320,652,900,1037,1045,917,687,389,46,-294,-587,-795,-908,-913,-798,-602,-337,-39,263,519,703,807,813,709,529,292,22,-243,-474,-644,-731,-723,-625,-461,-238,15,264,467,609,672,654,553,381,164,-79,-297,-473,-586,-620,-584,-464,-285,-76,145,345,489,571,166,-157,-95,1255,847,-528,-413,-246,-43,159,343,489,558,551,474,326,140,-64,-261,-424,-530,-564,-519,-406,-234,-39,168,350,489,562,559,488,346,159,-43,-244,-417,-535,-587,-564,-469,-308,-107,101,305,480,583,620,586,480,309,89,-140,-360,-538,-651,-685,-628,-508,-312,-70,183,414,605,733,764,703,551,321,50,-228,-495,-700,-813,-838,-747,-561,-307,-12,298,566,770,872,864,749,536,262,-53,-351,-608,-784,-859,-839,-710,-496,-223,61,342,581,743,814,796,677,492,244,-24,-283,-506,-660,-753,-760,-676,-518,-314,-62,194,415,590,711,762,721,602,419,175,-85,-333,-561,-734,-822,-824,-568,-539,-286,5,305,580,788,923,940,846,639,352,22,-329,-652,-892,-1028,-1043,-930,-697,-382,-13,369,713,971,1115,1124,986,735,383,-17,-419,-780,-1050,-1184,-1188,-1042,-764,-395,28,451,819,1102,1245,1237,1079,792,404,-38,-485,-881,-1169,-1311,-1305,-1137,-831,-417,74,552,965,1275,1416,1397,1186,826,347,-188,-700,-1119,-1403,-1509,-1416,-1115,-671,-140,414,907,1269,1468,1467,1263,884,400,-128,-641,-1041,-1298,-1366,-1253,-970,-574,-105,353,759,1043,1179,1148,977,673,287,-121,-500,-793,-981,-1018,-915,-684,-367,-11,340,636,835,896,819,611,312,-37,-366,-609,-738,-713,-552,-287,10,266,414,809,1218,247,328,2,298,468,553,503,335,70,-231,-506,-690,-756,-688,-491,-211,109,418,675,822,856,764,559,265,-75,-408,-704,-902,-982,-929,-754,-457,-93,296,657,946,1115,1136,1000,737,359,-80,-529,-925,-1188,-1317,-1275,-1043,-674,-206,300,786,1178,1420,1479,1338,1017,556,4,-548,-1040,-1404,-1580,-1550,-1319,-910,-386,203,759,1218,1532,1644,1526,1223,760,205,-384,-921,-1332,-1576,-1614,-1447,-1104,-613,-48,510,996,1352,1531,1512,1309,956,480,-50,-563,-989,-1294,-1439,-1406,-1207,-850,-415,67,535,934,1220,1343,1315,1121,802,394,-56,-489,-861,-1131,-1272,-1258,-1098,-810,-434,-11,422,794,1071,1226,1249,1114,842,425,78,-349,-742,-1045,-1236,-1271,-1165,-918,-555,-126,317,733,1064,1271,1339,1240,985,617,158,-320,-771,-1136,-1359,-1414,-1304,-1024,-622,-133,377,836,1194,1412,1446,1309,997,569,62,-452,-906,-1242,-1425,-1429,-1249,-915,-475,20,512,935,1235,1368,1334,1144,805,376,-91,-539,-907,-1157,-1260,-1201,-1008,-690,-288,124,515,837,1050,1122,1064,874,589,236,-136,-478,-741,-924,-990,-934,-762,-508,-207,119,416,654,810,870,817,665,446,179,-114,-382,-592,-730,-776,-726,-591,-389,-139,126,362,553,674,708,648,509,312,84,-154,-371,-540,-640,-650,-569,-428,-227,-9,212,409,541,603,588,486,330,142,752,752
10953,mtk,MTK 7916,4084373601,rx1-tx1,512,0,0,0,-146,1,151,265,320,316,247,121,-31,-176,-280,-329,-309,-225,-99,50,185,283,325,296,207,75,-69,-204,-295,-317,-278,-177,-40,105,236,310,319,263,146,-9,-153,-266,-326,-319,-249,-124,32,183,294,346,324,231,96,-61,-219,-324,-362,-326,-220,-59,122,274,370,398,342,209,34,-154,-314,-412,-426,-353,-204,-15,188,360,451,458,381,219,4,-215,-396,-494,-503,-412,-229,6,245,437,552,565,461,263,14,-244,-462,-592,-610,-519,-330,-74,196,436,598,644,573,395,140,-139,-388,-566,-644,-595,-442,-212,59,318,510,600,581,458,250,-11,-252,-437,-543,-551,-449,0,-34,194,381,493,507,420,259,49,-170,-349,-453,-472,-400,-243,-41,163,335,444,462,389,243,42,-168,-349,-467,-487,-411,-268,-73,141,336,466,515,475,338,141,-68,-271,-431,-509,-501,-408,-247,-50,161,341,449,485,443,320,151,-29,-192,-324,-390,-384,-319,-215,-80,52,166,245,268,244,187,105,25,-45,-98,-123,-114,-87,-46,-4,24,38,33,11,-12,-35,-60,-61,-42,-16,16,53,80,105,110,88,55,12,-38,-80,-105,-111,-99,-79,-35,13,50,77,93,88,66,34,2,-31,-58,-66,-64,-51,-28,-3,22,46,57,56,46,32,13,-10,-31,-46,-52,0,0,0,0,0,52,99,139,165,169,153,106,39,-41,-131,-207,-249,-253,-220,-149,-47,67,180,269,321,315,251,143,-2,-155,-280,-366,-390,-343,-229,-69,109,278,409,467,440,323,146,-66,-276,-442,-536,-536,-437,-247,-4,237,453,594,622,544,365,116,-159,-417,-609,-693,-649,-491,-241,63,354,574,695,692,557,312,10,-294,-557,-705,-719,-605,-374,-69,249,525,703,747,658,442,132,-201,-488,-679,-754,-691,-497,-199,128,428,648,751,711,538,265,-57,-357,-591,-719,-696,-543,-293,11,308,545,669,665,533,288,-18,-302,-531,-658,-640,-500,-273,15,307,534,650,639,503,264,-31,0,-560,-680,-676,-535,-274,42,343,584,721,717,568,310,-11,-346,-618,-766,-771,-630,-364,-25,324,616,793,821,679,415,72,-289,-595,-786,-827,-706,-453,-118,239,549,753,815,711,471,145,-212,-522,-729,-791,-691,-458,-144,201,505,696,760,682,459,146,-190,-489,-697,-766,-680,-453,-137,195,485,684,751,671,448,139,-183,-467,-664,-743,-667,-453,-154,169,459,659,726,656,466,188,-129,-412,-611,-684,-634,-463,-211,77,346,541,627,586,440,219,-43,-284,-460,-542,-517,-391,-199,28,240,396,472,448,336,163,-39,-219,-348,-401,-370,-274,-124,53,216,318,353,316,210,57,0,0,0,0,0,-289,-322,-288,-194,-54,94,217,301,325,280,180,39,-108,-235,-312,-323,-274,-161,-15,135,249,312,310,249,138,-5,-153,-264,-321,-307,-227,-99,57,198,290,325,297,198,56,-97,-233,-317,-338,-288,-176,-29,124,267,355,353,282,146,-21,-175,-303,-374,-363,-279,-138,36,215,354,413,390,293,124,-83,-265,-396,-453,-417,-297,-110,105,303,444,495,444,311,113,-113,-323,-481,-544,-498,-354,-131,125,356,522,596,556,401,170,-95,-346,-535,-631,-607,-464,-243,29,304,514,629,636,525,311,41,-231,-458,-596,-626,-535,-349,-106,159,391,539,585,524,367,142,-109,-325,0,-534,-496,-364,-157,72,279,430,495,460,341,155,-58,-254,-401,-470,-438,-321,-149,55,257,401,461,442,327,138,-69,-257,-416,-497,-479,-379,-209,11,225,395,507,523,439,293,96,-123,-312,-446,-507,-480,-367,-190,6,184,331,426,443,389,274,122,-41,-188,-287,-327,-311,-244,-153,-53,46,123,172,186,167,125,65,3,-39,-64,-71,-49,-17,4,16,28,30,11,-21,-54,-80,-84,-76,-54,-13,35,71,95,109,109,87,47,1,-46,-83,-106,-113,-95,-59,-16,22,59,81,81,65,46,20,-13,-40,-56,-57,-44,-29,-11,15,37,51,56,55,48,33,15,0,0,0,0,0,-109,-94,-60,-13,49,113,170,214,224,200,145,59,-46,-151,-235,-285,-289,-247,-153,-26,102,222,318,359,335,246,111,-47,-206,-339,-417,-418,-333,-188,-2,193,362,479,507,438,291,93,-144,-373,-529,-594,-553,-414,-196,66,322,528,650,648,531,318,34,-261,-510,-674,-710,-612,-409,-129,178,452,647,726,666,481,203,-123,-419,-634,-736,-706,-536,-265,53,370,619,749,735,583,328,12,-317,-585,-733,-746,-628,-394,-84,239,519,697,740,638,413,121,-185,-459,-642,-702,-621,-424,-150,162,438,611,670,602,412,143,-159,-431,-604,-656,-581,-393,-122,177,437,615,678,0,406,120,-190,-466,-656,-718,-637,-428,-128,200,492,694,769,693,477,173,-171,-491,-714,-799,-739,-535,-225,129,461,715,826,779,585,278,-87,-432,-694,-823,-787,-601,-309,41,385,650,782,762,603,321,-20,-359,-630,-766,-749,-591,-317,21,352,611,751,740,577,300,-29,-356,-609,-742,-723,-568,-308,22,345,599,734,719,572,312,-16,-333,-586,-723,-714,-574,-325,-14,301,547,681,691,570,343,52,-239,-478,-629,-655,-553,-346,-79,184,412,552,581,500,327,87,-154,-354,-482,-504,-437,-287,-81,129,302,416,436,365,225,50,-134,-280,-359,-360,-290,-165,-8,153,278,335,0,0
10954,mtk,MTK 7916,4084373601,rx2-tx0,512,0,0,0,-355,-433,-421,-319,-146,62,263,415,486,460,333,137,-87,-304,-460,-523,-485,-350,-133,116,342,500,559,502,347,119,-143,-380,-537,-583,-517,-344,-90,177,406,563,608,520,318,52,-225,-464,-610,-626,-509,-285,3,300,537,661,654,513,257,-60,-377,-623,-747,-718,-541,-255,95,449,715,837,799,595,262,-121,-493,-779,-918,-876,-657,-310,106,510,822,977,942,720,359,-74,-501,-838,-1013,-988,-772,-413,25,467,822,1008,1005,808,454,14,-426,-780,-979,-996,-818,-476,-46,383,733,946,973,806,491,81,-340,-684,-898,-930,-774,-467,-73,329,660,857,885,729,435,52,-339,0,-844,-860,-699,-398,-22,365,671,845,853,692,383,-6,-394,-706,-883,-885,-715,-403,-1,404,740,930,938,764,442,27,-408,-759,-967,-988,-825,-507,-76,378,756,992,1034,885,564,132,-332,-731,-989,-1065,-944,-634,-194,280,697,992,1093,982,687,269,-211,-645,-962,-1106,-1039,-774,-363,109,566,921,1103,1080,861,482,21,-442,-821,-1048,-1075,-912,-593,-163,285,666,923,1008,913,654,278,-132,-507,-783,-914,-876,-685,-377,-7,347,631,794,810,683,443,128,-200,-478,-672,-738,-674,-500,-246,42,313,522,639,651,558,378,150,-87,-307,-476,-566,-574,-505,-383,-225,-57,92,202,275,0,0,0,0,0,-366,-475,-533,-531,-458,-312,-109,124,367,574,703,736,657,472,207,-107,-414,-661,-809,-825,-694,-443,-101,273,609,848,947,882,661,307,-120,-540,-877,-1069,-1069,-871,-507,-48,439,861,1135,1217,1083,744,260,-285,-792,-1160,-1321,-1249,-955,-477,104,672,1130,1387,1389,1146,695,101,-509,-1025,-1366,-1455,-1278,-871,-300,327,893,1297,1452,1346,1003,466,-158,-746,-1194,-1416,-1369,-1075,-585,7,599,1073,1338,1353,1113,673,111,-464,-947,-1248,-1314,-1128,-734,-207,351,837,1158,1260,1123,771,281,-249,-723,-1058,-1191,-1093,-790,-339,169,632,964,1113,1048,772,361,-105,-550,-879,-1031,-990,-757,-379,63,0,818,967,931,723,376,-45,-446,-751,-907,-889,-693,-364,25,404,703,854,832,652,346,-22,-379,-660,-804,-783,-610,-322,26,353,607,735,719,551,276,-43,-348,-578,-685,-649,-482,-225,73,353,560,642,587,416,165,-116,-365,-538,-593,-521,-346,-103,158,382,526,560,473,282,34,-211,-410,-524,-520,-417,-223,21,259,441,526,500,374,173,-65,-291,-457,-525,-485,-344,-132,99,308,456,511,459,316,107,-123,-322,-447,-483,-423,-274,-72,137,319,433,451,375,221,28,-165,-321,-414,-416,-333,-173,16,196,337,401,377,272,112,-73,-239,-350,-389,-345,-220,-48,133,288,378,0,0,0,0,0,246,64,-143,-323,-435,-463,-395,-242,-36,182,368,483,495,414,247,18,-218,-408,-522,-530,-426,-238,-1,245,444,549,553,439,230,-28,-286,-488,-584,-570,-434,-203,72,328,525,618,583,420,169,-120,-392,-588,-660,-595,-408,-129,182,465,665,726,629,404,87,-256,-556,-753,-797,-678,-421,-71,305,623,831,878,746,465,88,-314,-665,-896,-958,-831,-531,-117,316,687,935,1007,881,585,167,-284,-676,-943,-1028,-915,-630,-221,235,635,922,1025,928,657,263,-190,-601,-889,-1007,-924,-663,-284,144,547,834,954,890,651,288,-129,-511,-789,-914,-849,-616,-266,127,498,765,868,802,0,234,-156,-514,-771,-863,-780,-548,-205,188,548,799,891,801,555,193,-210,-577,-834,-938,-854,-594,-219,203,593,878,983,904,647,263,-170,-587,-896,-1027,-961,-710,-323,130,562,888,1045,1011,781,390,-71,-519,-870,-1061,-1048,-831,-458,3,469,849,1069,1079,893,541,84,-394,-802,-1058,-1113,-962,-634,-186,291,708,998,1098,1001,724,317,-141,-566,-888,-1052,-1019,-792,-434,-12,408,742,932,953,804,516,138,-252,-586,-800,-866,-779,-555,-243,103,425,660,764,742,586,332,30,-272,-514,-656,-687,-607,-426,-181,84,328,511,610,614,525,367,169,-42,-232,-376,-462,-485,-445,-361,-251,0,0,0,0,0,257,134,-20,-202,-388,-549,-652,-669,-591,-428,-189,93,373,604,752,789,692,473,170,-177,-504,-754,-883,-863,-692,-393,-7,392,733,961,1021,891,597,189,-270,-698,-1012,-1150,-1086,-826,-402,108,614,1022,1246,1250,1032,627,97,-466,-959,-1283,-1380,-1227,-849,-310,296,848,1247,1433,1359,1027,509,-108,-705,-1171,-1432,-1424,-1150,-675,-75,543,1056,1368,1432,1236,808,230,-386,-928,-1287,-1401,-1254,-880,-348,242,786,1186,1353,1259,935,449,-121,-670,-1082,-1280,-1238,-964,-513,27,556,971,1201,1195,967,561,60,-448,-862,-1107,-1131,-945,-586,-117,367,770,1017,1066,915,589,152,-304,-695,-940,-999,0,-577,-173,259,640,885,945,828,550,167,-237,-589,-823,-897,-792,-527,-172,212,553,774,834,732,493,160,-201,-517,-721,-778,-683,-450,-139,195,483,672,716,615,396,99,-212,-470,-624,-654,-551,-334,-58,230,463,595,601,481,263,1,-263,-465,-566,-548,-413,-197,60,306,474,542,497,346,129,-114,-340,-488,-535,-471,-303,-74,167,378,505,523,435,262,34,-200,-392,-504,-512,-417,-233,-2,222,397,490,482,382,203,-19,-235,-395,-467,-444,-331,-154,52,247,388,439,400,278,103,-89,-260,-374,-407,-353,-225,-50,133,285,375,385,314,172,-10,-192,-329,-394,-377,-278,-118,0,0
10955,mtk,MTK 7916,4084373601,rx2-tx1,512,0,0,0,38,48,47,39,24,6,-4,-9,-11,-5,7,17,23,23,12,-1,-13,-34,-39,-36,-32,-21,1,23,38,46,41,31,16,-1,-15,-25,-31,-29,-24,-11,5,13,15,10,-1,-11,-22,-30,-22,-7,7,30,54,61,59,44,15,-21,-56,-84,-98,-100,-76,-32,24,88,138,161,158,122,58,-15,-88,-158,-205,-210,-175,-107,-15,81,172,231,242,214,151,48,-69,-172,-244,-270,-246,-178,-75,46,163,243,282,270,206,99,-17,-136,-236,-290,-279,-209,-113,3,128,227,279,273,213,111,-8,-130,-220,-266,-261,-201,-102,19,141,236,280,261,188,82,-45,0,-266,-293,-269,-195,-71,75,209,307,347,321,225,75,-88,-243,-356,-406,-383,-283,-126,61,249,392,458,442,345,176,-36,-236,-407,-503,-496,-404,-234,-5,227,420,541,555,468,292,47,-206,-428,-582,-625,-554,-376,-115,168,431,619,693,637,480,230,-71,-370,-603,-732,-726,-589,-351,-47,269,546,724,765,677,467,170,-154,-456,-669,-763,-733,-567,-300,8,310,562,709,727,621,413,127,-176,-441,-629,-708,-661,-500,-255,26,291,515,639,649,553,365,118,-142,-375,-542,-608,-580,-460,-267,-36,195,381,505,558,526,418,255,73,-111,-275,-391,-443,-441,-397,-313,-209,-100,0,0,0,0,0,-232,-233,-207,-150,-60,47,160,267,346,383,363,293,179,29,-137,-284,-386,-435,-422,-336,-181,4,198,369,482,512,460,324,126,-108,-336,-505,-588,-583,-480,-276,-12,266,511,676,731,658,459,185,-125,-437,-686,-819,-816,-674,-410,-64,300,620,849,935,861,631,297,-94,-473,-770,-940,-953,-796,-507,-128,281,638,877,959,878,646,302,-84,-462,-757,-912,-897,-724,-428,-64,312,632,830,872,758,512,179,-185,-510,-731,-819,-760,-558,-254,94,416,653,770,748,580,307,-21,-339,-598,-740,-740,-604,-350,-35,276,534,691,723,620,394,96,-212,-484,-665,-717,-623,-422,-145,0,434,622,694,634,455,186,-118,-393,-593,-683,-639,-469,-216,78,362,575,679,652,496,247,-51,-343,-568,-687,-676,-534,-288,9,312,544,683,701,580,347,45,-265,-519,-674,-711,-612,-394,-107,199,466,648,706,634,445,176,-126,-405,-606,-693,-655,-493,-236,61,340,553,664,645,514,286,7,-260,-472,-599,-616,-515,-317,-70,179,389,523,557,490,335,124,-104,-306,-450,-507,-465,-340,-160,40,225,367,438,418,321,174,1,-160,-286,-360,-365,-299,-186,-46,102,220,289,308,269,179,69,-48,-152,-212,-234,-223,-170,-83,9,87,144,170,170,135,82,21,-36,-79,-97,0,0,0,0,0,-51,-32,1,19,24,24,19,9,4,-2,-8,-10,4,16,21,32,32,23,8,-13,-30,-42,-48,-41,-24,-7,11,28,38,43,34,19,9,-4,-18,-17,-11,-8,0,9,13,15,7,-9,-23,-39,-50,-36,-21,-3,28,55,79,87,75,42,-7,-52,-95,-130,-136,-117,-76,-10,59,118,166,182,163,114,40,-52,-131,-187,-224,-222,-170,-80,27,128,208,254,250,202,118,3,-115,-210,-268,-278,-236,-148,-29,92,198,265,279,244,163,43,-76,-182,-259,-278,-245,-170,-56,71,177,251,273,245,169,50,-75,-179,-250,-269,-230,-147,-34,91,202,269,281,0,137,5,-130,-243,-306,-313,-260,-150,-1,158,288,366,375,311,182,13,-161,-311,-415,-439,-375,-237,-50,153,332,450,484,426,288,98,-126,-331,-479,-542,-496,-354,-147,93,331,510,595,564,422,212,-48,-315,-528,-648,-650,-535,-310,-20,279,526,683,726,637,426,137,-179,-468,-681,-767,-717,-535,-263,57,370,616,751,759,629,391,84,-235,-520,-710,-765,-683,-491,-213,95,383,607,717,698,565,334,44,-246,-485,-637,-679,-600,-421,-177,91,335,522,619,614,501,304,63,-177,-382,-523,-582,-549,-431,-249,-31,175,348,473,525,500,423,299,145,-8,-142,-242,-299,-316,0,0,0,0,0,-28,-107,-189,-261,-312,-335,-311,-244,-136,-2,138,267,366,409,390,321,195,22,-156,-313,-425,-472,-440,-331,-158,49,258,430,535,552,469,299,67,-185,-414,-586,-662,-628,-478,-237,55,343,594,754,784,675,448,138,-207,-530,-765,-879,-846,-662,-362,5,376,690,889,939,831,579,227,-168,-544,-824,-958,-922,-725,-406,-21,369,690,895,935,813,555,192,-208,-558,-798,-897,-842,-631,-306,60,415,693,838,826,665,383,39,-304,-591,-766,-795,-675,-432,-109,228,516,708,767,680,466,171,-155,-446,-653,-742,-687,-502,-225,94,396,613,719,694,536,273,-31,-331,-564,-680,0,-556,-310,-13,285,526,663,676,560,343,56,-244,-495,-644,-673,-574,-363,-81,217,473,640,686,600,393,118,-184,-454,-639,-697,-630,-444,-171,132,417,627,718,673,494,227,-79,-368,-596,-711,-689,-540,-285,19,311,550,690,701,576,345,54,-246,-498,-649,-681,-594,-396,-123,165,418,588,650,589,419,177,-88,-336,-516,-597,-567,-432,-225,17,247,427,522,514,412,247,41,-173,-347,-451,-472,-401,-254,-74,106,266,371,401,360,252,104,-54,-195,-299,-336,-312,-236,-120,12,133,222,271,265,210,121,22,-78,-156,-206,-210,-175,-117,-45,30,91,133,147,131,96,48,0,0
