packet_sn,vendor,chip_id,timestamp,rx_chain_num,csi_cnt,csi_i_0,csi_i_1,csi_i_2,csi_i_3,csi_i_4,csi_i_5,csi_i_6,csi_i_7,csi_i_8,csi_i_9,csi_i_10,csi_i_11,csi_i_12,csi_i_13,csi_i_14,csi_i_15,csi_i_16,csi_i_17,csi_i_18,csi_i_19,csi_i_20,csi_i_21,csi_i_22,csi_i_23,csi_i_24,csi_i_25,csi_i_26,csi_i_27,csi_i_28,csi_i_29,csi_i_30,csi_i_31,csi_i_32,csi_i_33,csi_i_34,csi_i_35,csi_i_36,csi_i_37,csi_i_38,csi_i_39,csi_i_40,csi_i_41,csi_i_42,csi_i_43,csi_i_44,csi_i_45,csi_i_46,csi_i_47,csi_i_48,csi_i_49,csi_i_50,csi_i_51,csi_i_52,csi_i_53,csi_i_54,csi_i_55,csi_i_56,csi_i_57,csi_i_58,csi_i_59,csi_i_60,csi_i_61,csi_i_62,csi_i_63,csi_i_64,csi_i_65,csi_i_66,csi_i_67,csi_i_68,csi_i_69,csi_i_70,csi_i_71,csi_i_72,csi_i_73,csi_i_74,csi_i_75,csi_i_76,csi_i_77,csi_i_78,csi_i_79,csi_i_80,csi_i_81,csi_i_82,csi_i_83,csi_i_84,csi_i_85,csi_i_86,csi_i_87,csi_i_88,csi_i_89,csi_i_90,csi_i_91,csi_i_92,csi_i_93,csi_i_94,csi_i_95,csi_i_96,csi_i_97,csi_i_98,csi_i_99,csi_i_100,csi_i_101,csi_i_102,csi_i_103,csi_i_104,csi_i_105,csi_i_106,csi_i_107,csi_i_108,csi_i_109,csi_i_110,csi_i_111,csi_i_112,csi_i_113,csi_i_114,csi_i_115,csi_i_116,csi_i_117,csi_i_118,csi_i_119,csi_i_120,csi_i_121,csi_i_122,csi_i_123,csi_i_124,csi_i_125,csi_i_126,csi_i_127,csi_i_128,csi_i_129,csi_i_130,csi_i_131,csi_i_132,csi_i_133,csi_i_134,csi_i_135,csi_i_136,csi_i_137,csi_i_138,csi_i_139,csi_i_140,csi_i_141,csi_i_142,csi_i_143,csi_i_144,csi_i_145,csi_i_146,csi_i_147,csi_i_148,csi_i_149,csi_i_150,csi_i_151,csi_i_152,csi_i_153,csi_i_154,csi_i_155,csi_i_156,csi_i_157,csi_i_158,csi_i_159,csi_i_160,csi_i_161,csi_i_162,csi_i_163,csi_i_164,csi_i_165,csi_i_166,csi_i_167,csi_i_168,csi_i_169,csi_i_170,csi_i_171,csi_i_172,csi_i_173,csi_i_174,csi_i_175,csi_i_176,csi_i_177,csi_i_178,csi_i_179,csi_i_180,csi_i_181,csi_i_182,csi_i_183,csi_i_184,csi_i_185,csi_i_186,csi_i_187,csi_i_188,csi_i_189,csi_i_190,csi_i_191,csi_i_192,csi_i_193,csi_i_194,csi_i_195,csi_i_196,csi_i_197,csi_i_198,csi_i_199,csi_i_200,csi_i_201,csi_i_202,csi_i_203,csi_i_204,csi_i_205,csi_i_206,csi_i_207,csi_i_208,csi_i_209,csi_i_210,csi_i_211,csi_i_212,csi_i_213,csi_i_214,csi_i_215,csi_i_216,csi_i_217,csi_i_218,csi_i_219,csi_i_220,csi_i_221,csi_i_222,csi_i_223,csi_i_224,csi_i_225,csi_i_226,csi_i_227,csi_i_228,csi_i_229,csi_i_230,csi_i_231,csi_i_232,csi_i_233,csi_i_234,csi_i_235,csi_i_236,csi_i_237,csi_i_238,csi_i_239,csi_i_240,csi_i_241,csi_i_242,csi_i_243,csi_i_244,csi_i_245,csi_i_246,csi_i_247,csi_i_248,csi_i_249,csi_i_250,csi_i_251,csi_i_252,csi_i_253,csi_i_254,csi_i_255,csi_i_256,csi_i_257,csi_i_258,csi_i_259,csi_i_260,csi_i_261,csi_i_262,csi_i_263,csi_i_264,csi_i_265,csi_i_266,csi_i_267,csi_i_268,csi_i_269,csi_i_270,csi_i_271,csi_i_272,csi_i_273,csi_i_274,csi_i_275,csi_i_276,csi_i_277,csi_i_278,csi_i_279,csi_i_280,csi_i_281,csi_i_282,csi_i_283,csi_i_284,csi_i_285,csi_i_286,csi_i_287,csi_i_288,csi_i_289,csi_i_290,csi_i_291,csi_i_292,csi_i_293,csi_i_294,csi_i_295,csi_i_296,csi_i_297,csi_i_298,csi_i_299,csi_i_300,csi_i_301,csi_i_302,csi_i_303,csi_i_304,csi_i_305,csi_i_306,csi_i_307,csi_i_308,csi_i_309,csi_i_310,csi_i_311,csi_i_312,csi_i_313,csi_i_314,csi_i_315,csi_i_316,csi_i_317,csi_i_318,csi_i_319,csi_i_320,csi_i_321,csi_i_322,csi_i_323,csi_i_324,csi_i_325,csi_i_326,csi_i_327,csi_i_328,csi_i_329,csi_i_330,csi_i_331,csi_i_332,csi_i_333,csi_i_334,csi_i_335,csi_i_336,csi_i_337,csi_i_338,csi_i_339,csi_i_340,csi_i_341,csi_i_342,csi_i_343,csi_i_344,csi_i_345,csi_i_346,csi_i_347,csi_i_348,csi_i_349,csi_i_350,csi_i_351,csi_i_352,csi_i_353,csi_i_354,csi_i_355,csi_i_356,csi_i_357,csi_i_358,csi_i_359,csi_i_360,csi_i_361,csi_i_362,csi_i_363,csi_i_364,csi_i_365,csi_i_366,csi_i_367,csi_i_368,csi_i_369,csi_i_370,csi_i_371,csi_i_372,csi_i_373,csi_i_374,csi_i_375,csi_i_376,csi_i_377,csi_i_378,csi_i_379,csi_i_380,csi_i_381,csi_i_382,csi_i_383,csi_i_384,csi_i_385,csi_i_386,csi_i_387,csi_i_388,csi_i_389,csi_i_390,csi_i_391,csi_i_392,csi_i_393,csi_i_394,csi_i_395,csi_i_396,csi_i_397,csi_i_398,csi_i_399,csi_i_400,csi_i_401,csi_i_402,csi_i_403,csi_i_404,csi_i_405,csi_i_406,csi_i_407,csi_i_408,csi_i_409,csi_i_410,csi_i_411,csi_i_412,csi_i_413,csi_i_414,csi_i_415,csi_i_416,csi_i_417,csi_i_418,csi_i_419,csi_i_420,csi_i_421,csi_i_422,csi_i_423,csi_i_424,csi_i_425,csi_i_426,csi_i_427,csi_i_428,csi_i_429,csi_i_430,csi_i_431,csi_i_432,csi_i_433,csi_i_434,csi_i_435,csi_i_436,csi_i_437,csi_i_438,csi_i_439,csi_i_440,csi_i_441,csi_i_442,csi_i_443,csi_i_444,csi_i_445,csi_i_446,csi_i_447,csi_i_448,csi_i_449,csi_i_450,csi_i_451,csi_i_452,csi_i_453,csi_i_454,csi_i_455,csi_i_456,csi_i_457,csi_i_458,csi_i_459,csi_i_460,csi_i_461,csi_i_462,csi_i_463,csi_i_464,csi_i_465,csi_i_466,csi_i_467,csi_i_468,csi_i_469,csi_i_470,csi_i_471,csi_i_472,csi_i_473,csi_i_474,csi_i_475,csi_i_476,csi_i_477,csi_i_478,csi_i_479,csi_i_480,csi_i_481,csi_i_482,csi_i_483,csi_i_484,csi_i_485,csi_i_486,csi_i_487,csi_i_488,csi_i_489,csi_i_490,csi_i_491,csi_i_492,csi_i_493,csi_i_494,csi_i_495,csi_i_496,csi_i_497,csi_i_498,csi_i_499,csi_i_500,csi_i_501,csi_i_502,csi_i_503,csi_i_504,csi_i_505,csi_i_506,csi_i_507,csi_i_508,csi_i_509,csi_i_510,csi_i_511,csi_q_0,csi_q_1,csi_q_2,csi_q_3,csi_q_4,csi_q_5,csi_q_6,csi_q_7,csi_q_8,csi_q_9,csi_q_10,csi_q_11,csi_q_12,csi_q_13,csi_q_14,csi_q_15,csi_q_16,csi_q_17,csi_q_18,csi_q_19,csi_q_20,csi_q_21,csi_q_22,csi_q_23,csi_q_24,csi_q_25,csi_q_26,csi_q_27,csi_q_28,csi_q_29,csi_q_30,csi_q_31,csi_q_32,csi_q_33,csi_q_34,csi_q_35,csi_q_36,csi_q_37,csi_q_38,csi_q_39,csi_q_40,csi_q_41,csi_q_42,csi_q_43,csi_q_44,csi_q_45,csi_q_46,csi_q_47,csi_q_48,csi_q_49,csi_q_50,csi_q_51,csi_q_52,csi_q_53,csi_q_54,csi_q_55,csi_q_56,csi_q_57,csi_q_58,csi_q_59,csi_q_60,csi_q_61,csi_q_62,csi_q_63,csi_q_64,csi_q_65,csi_q_66,csi_q_67,csi_q_68,csi_q_69,csi_q_70,csi_q_71,csi_q_72,csi_q_73,csi_q_74,csi_q_75,csi_q_76,csi_q_77,csi_q_78,csi_q_79,csi_q_80,csi_q_81,csi_q_82,csi_q_83,csi_q_84,csi_q_85,csi_q_86,csi_q_87,csi_q_88,csi_q_89,csi_q_90,csi_q_91,csi_q_92,csi_q_93,csi_q_94,csi_q_95,csi_q_96,csi_q_97,csi_q_98,csi_q_99,csi_q_100,csi_q_101,csi_q_102,csi_q_103,csi_q_104,csi_q_105,csi_q_106,csi_q_107,csi_q_108,csi_q_109,csi_q_110,csi_q_111,csi_q_112,csi_q_113,csi_q_114,csi_q_115,csi_q_116,csi_q_117,csi_q_118,csi_q_119,csi_q_120,csi_q_121,csi_q_122,csi_q_123,csi_q_124,csi_q_125,csi_q_126,csi_q_127,csi_q_128,csi_q_129,csi_q_130,csi_q_131,csi_q_132,csi_q_133,csi_q_134,csi_q_135,csi_q_136,csi_q_137,csi_q_138,csi_q_139,csi_q_140,csi_q_141,csi_q_142,csi_q_143,csi_q_144,csi_q_145,csi_q_146,csi_q_147,csi_q_148,csi_q_149,csi_q_150,csi_q_151,csi_q_152,csi_q_153,csi_q_154,csi_q_155,csi_q_156,csi_q_157,csi_q_158,csi_q_159,csi_q_160,csi_q_161,csi_q_162,csi_q_163,csi_q_164,csi_q_165,csi_q_166,csi_q_167,csi_q_168,csi_q_169,csi_q_170,csi_q_171,csi_q_172,csi_q_173,csi_q_174,csi_q_175,csi_q_176,csi_q_177,csi_q_178,csi_q_179,csi_q_180,csi_q_181,csi_q_182,csi_q_183,csi_q_184,csi_q_185,csi_q_186,csi_q_187,csi_q_188,csi_q_189,csi_q_190,csi_q_191,csi_q_192,csi_q_193,csi_q_194,csi_q_195,csi_q_196,csi_q_197,csi_q_198,csi_q_199,csi_q_200,csi_q_201,csi_q_202,csi_q_203,csi_q_204,csi_q_205,csi_q_206,csi_q_207,csi_q_208,csi_q_209,csi_q_210,csi_q_211,csi_q_212,csi_q_213,csi_q_214,csi_q_215,csi_q_216,csi_q_217,csi_q_218,csi_q_219,csi_q_220,csi_q_221,csi_q_222,csi_q_223,csi_q_224,csi_q_225,csi_q_226,csi_q_227,csi_q_228,csi_q_229,csi_q_230,csi_q_231,csi_q_232,csi_q_233,csi_q_234,csi_q_235,csi_q_236,csi_q_237,csi_q_238,csi_q_239,csi_q_240,csi_q_241,csi_q_242,csi_q_243,csi_q_244,csi_q_245,csi_q_246,csi_q_247,csi_q_248,csi_q_249,csi_q_250,csi_q_251,csi_q_252,csi_q_253,csi_q_254,csi_q_255,csi_q_256,csi_q_257,csi_q_258,csi_q_259,csi_q_260,csi_q_261,csi_q_262,csi_q_263,csi_q_264,csi_q_265,csi_q_266,csi_q_267,csi_q_268,csi_q_269,csi_q_270,csi_q_271,csi_q_272,csi_q_273,csi_q_274,csi_q_275,csi_q_276,csi_q_277,csi_q_278,csi_q_279,csi_q_280,csi_q_281,csi_q_282,csi_q_283,csi_q_284,csi_q_285,csi_q_286,csi_q_287,csi_q_288,csi_q_289,csi_q_290,csi_q_291,csi_q_292,csi_q_293,csi_q_294,csi_q_295,csi_q_296,csi_q_297,csi_q_298,csi_q_299,csi_q_300,csi_q_301,csi_q_302,csi_q_303,csi_q_304,csi_q_305,csi_q_306,csi_q_307,csi_q_308,csi_q_309,csi_q_310,csi_q_311,csi_q_312,csi_q_313,csi_q_314,csi_q_315,csi_q_316,csi_q_317,csi_q_318,csi_q_319,csi_q_320,csi_q_321,csi_q_322,csi_q_323,csi_q_324,csi_q_325,csi_q_326,csi_q_327,csi_q_328,csi_q_329,csi_q_330,csi_q_331,csi_q_332,csi_q_333,csi_q_334,csi_q_335,csi_q_336,csi_q_337,csi_q_338,csi_q_339,csi_q_340,csi_q_341,csi_q_342,csi_q_343,csi_q_344,csi_q_345,csi_q_346,csi_q_347,csi_q_348,csi_q_349,csi_q_350,csi_q_351,csi_q_352,csi_q_353,csi_q_354,csi_q_355,csi_q_356,csi_q_357,csi_q_358,csi_q_359,csi_q_360,csi_q_361,csi_q_362,csi_q_363,csi_q_364,csi_q_365,csi_q_366,csi_q_367,csi_q_368,csi_q_369,csi_q_370,csi_q_371,csi_q_372,csi_q_373,csi_q_374,csi_q_375,csi_q_376,csi_q_377,csi_q_378,csi_q_379,csi_q_380,csi_q_381,csi_q_382,csi_q_383,csi_q_384,csi_q_385,csi_q_386,csi_q_387,csi_q_388,csi_q_389,csi_q_390,csi_q_391,csi_q_392,csi_q_393,csi_q_394,csi_q_395,csi_q_396,csi_q_397,csi_q_398,csi_q_399,csi_q_400,csi_q_401,csi_q_402,csi_q_403,csi_q_404,csi_q_405,csi_q_406,csi_q_407,csi_q_408,csi_q_409,csi_q_410,csi_q_411,csi_q_412,csi_q_413,csi_q_414,csi_q_415,csi_q_416,csi_q_417,csi_q_418,csi_q_419,csi_q_420,csi_q_421,csi_q_422,csi_q_423,csi_q_424,csi_q_425,csi_q_426,csi_q_427,csi_q_428,csi_q_429,csi_q_430,csi_q_431,csi_q_432,csi_q_433,csi_q_434,csi_q_435,csi_q_436,csi_q_437,csi_q_438,csi_q_439,csi_q_440,csi_q_441,csi_q_442,csi_q_443,csi_q_444,csi_q_445,csi_q_446,csi_q_447,csi_q_448,csi_q_449,csi_q_450,csi_q_451,csi_q_452,csi_q_453,csi_q_454,csi_q_455,csi_q_456,csi_q_457,csi_q_458,csi_q_459,csi_q_460,csi_q_461,csi_q_462,csi_q_463,csi_q_464,csi_q_465,csi_q_466,csi_q_467,csi_q_468,csi_q_469,csi_q_470,csi_q_471,csi_q_472,csi_q_473,csi_q_474,csi_q_475,csi_q_476,csi_q_477,csi_q_478,csi_q_479,csi_q_480,csi_q_481,csi_q_482,csi_q_483,csi_q_484,csi_q_485,csi_q_486,csi_q_487,csi_q_488,csi_q_489,csi_q_490,csi_q_491,csi_q_492,csi_q_493,csi_q_494,csi_q_495,csi_q_496,csi_q_497,csi_q_498,csi_q_499,csi_q_500,csi_q_501,csi_q_502,csi_q_503,csi_q_504,csi_q_505,csi_q_506,csi_q_507,csi_q_508,csi_q_509,csi_q_510,csi_q_511
61112,mtk,MTK 7916,859963331,rx2-tx0,512,0,0,0,-498,-963,-1200,-1152,-817,-276,346,903,1258,1307,1035,514,-142,-767,-1211,-1371,-1207,-743,-99,572,1110,1381,1309,920,319,-360,-956,-1323,-1359,-1063,-513,164,800,1235,1359,1148,658,7,-640,-1129,-1335,-1203,-772,-155,504,1034,1304,1243,874,289,-368,-930,-1261,-1277,-972,-423,226,810,1182,1253,1017,526,-96,-685,-1094,-1234,-1049,-597,-7,583,1017,1185,1046,641,73,-516,-965,-1161,-1060,-683,-126,461,937,1173,1104,749,194,-417,-926,-1209,-1184,-855,-300,339,905,1242,1277,991,449,-218,-835,-1253,-1374,-1152,-637,28,692,1201,1416,1293,854,202,-503,-1092,-1414,-1395,-1037,-431,277,918,1338,1442,1191,641,-57,0,-1243,-1442,-1286,-823,-161,545,1117,1411,1364,986,371,-342,-974,-1368,-1425,-1133,-558,150,823,1306,1475,1285,784,89,-637,-1213,-1504,-1435,-1009,-338,409,1071,1481,1531,1218,611,-149,-877,-1392,-1583,-1400,-885,-155,616,1235,1564,1526,1128,472,-306,-1012,-1468,-1584,-1333,-768,-22,720,1287,1550,1449,1004,339,-396,-1039,-1433,-1490,-1200,-623,84,761,1261,1460,1320,884,256,-432,-1015,-1348,-1370,-1092,-570,65,670,1112,1299,1189,812,275,-300,-796,-1100,-1149,-945,-549,-49,443,820,999,958,708,315,-129,-521,-783,-871,-774,-517,-163,207,517,708,747,641,418,128,-165,-411,-569,-616,-552,-406,-216,-22,141,255,0,0,0,0,0,232,86,-101,-309,-498,-627,-659,-574,-375,-92,236,544,759,832,743,506,147,-260,-628,-878,-948,-820,-503,-67,396,786,1014,1032,823,412,-101,-608,-999,-1169,-1073,-741,-233,346,856,1180,1246,1022,569,-21,-624,-1087,-1305,-1233,-874,-304,338,903,1271,1349,1110,617,-24,-664,-1154,-1379,-1280,-883,-277,397,972,1314,1355,1079,554,-97,-723,-1169,-1336,-1186,-761,-160,472,979,1247,1211,890,364,-243,-777,-1120,-1187,-952,-497,70,608,989,1122,975,579,49,-484,-895,-1074,-974,-640,-144,388,825,1051,1007,711,234,-308,-778,-1053,-1063,-814,-354,203,714,1055,1138,939,512,-51,-610,-1024,-1190,-1060,-676,0,463,948,1196,1149,817,288,-314,-842,-1164,-1198,-938,-446,161,734,1129,1244,1046,584,-30,-641,-1098,-1290,-1173,-757,-150,498,1036,1317,1280,938,360,-309,-905,-1288,-1354,-1087,-553,107,738,1188,1351,1185,727,93,-555,-1060,-1305,-1232,-853,-268,376,911,1215,1219,918,392,-222,-784,-1139,-1188,-945,-476,115,669,1049,1161,977,547,-13,-562,-967,-1127,-991,-613,-90,455,883,1085,1007,675,184,-345,-783,-1021,-999,-727,-270,244,677,932,948,724,318,-158,-585,-853,-892,-695,-319,131,535,803,858,680,318,-128,-537,-805,-860,-691,-336,116,543,833,909,746,376,-95,-556,-881,-978,-830,-472,26,537,0,0,0,0,0,1068,710,159,-439,-949,-1241,-1231,-929,-390,261,856,1247,1348,1127,626,-28,-674,-1164,-1381,-1265,-841,-214,467,1039,1354,1341,1000,416,-269,-885,-1280,-1362,-1114,-588,78,719,1179,1348,1185,724,82,-571,-1076,-1316,-1235,-837,-224,437,984,1282,1254,918,358,-297,-871,-1224,-1271,-994,-470,167,753,1143,1248,1042,569,-43,-634,-1061,-1209,-1053,-627,-37,554,995,1175,1055,661,101,-486,-945,-1162,-1081,-712,-153,442,931,1193,1140,790,233,-392,-924,-1230,-1232,-926,-375,287,877,1252,1325,1075,550,-120,-768,-1236,-1403,-1221,-744,-84,603,1151,1427,1352,948,313,-402,-1015,-1385,-1424,-1115,-533,173,836,1303,1450,0,744,60,-642,-1184,-1436,-1331,-903,-258,444,1037,1382,1394,1061,466,-243,-905,-1343,-1446,-1206,-672,38,735,1263,1491,1357,890,200,-534,-1145,-1496,-1484,-1112,-475,287,979,1443,1568,1311,744,1,-748,-1321,-1582,-1474,-1017,-314,462,1130,1528,1573,1244,620,-146,-878,-1396,-1583,-1400,-890,-178,569,1179,1503,1474,1107,480,-260,-920,-1354,-1479,-1258,-752,-87,593,1138,1411,1361,993,406,-257,-848,-1237,-1342,-1146,-701,-111,485,956,1206,1182,896,426,-119,-618,-963,-1088,-969,-645,-192,282,673,901,925,754,428,24,-365,-658,-799,-772,-585,-292,39,346,576,686,658,510,288,36,-204,-381,-471,-480,-417,-303,0,0,0,0,0,369,475,516,472,338,129,-131,-400,-622,-745,-738,-588,-305,49,412,710,876,866,669,327,-101,-522,-845,-1001,-945,-675,-245,251,700,1013,1109,956,580,63,-482,-929,-1181,-1174,-892,-404,178,738,1144,1292,1148,733,140,-490,-1006,-1299,-1303,-1004,-466,183,797,1230,1374,1207,761,123,-547,-1076,-1359,-1331,-994,-428,240,857,1256,1351,1143,670,41,-591,-1079,-1302,-1211,-837,-271,351,874,1183,1201,929,439,-148,-692,-1056,-1150,-961,-545,0,540,932,1089,970,604,97,-433,-853,-1053,-989,-675,-184,355,801,1050,1036,758,288,-260,-753,-1058,-1103,-885,-434,130,663,1044,1168,1006,590,29,-538,-984,0,-1113,-756,-206,392,893,1181,1178,888,374,-240,-797,-1153,-1225,-995,-518,93,685,1118,1273,1109,673,67,-566,-1066,-1311,-1227,-843,-252,407,972,1302,1319,1014,461,-208,-826,-1241,-1357,-1150,-657,9,657,1129,1332,1215,794,185,-458,-986,-1270,-1226,-883,-332,294,842,1176,1206,932,431,-170,-719,-1082,-1170,-957,-499,78,623,1004,1136,988,582,27,-513,-924,-1105,-1005,-652,-141,401,834,1051,1004,702,230,-288,-729,-977,-972,-725,-298,195,626,888,921,716,326,-142,-562,-827,-872,-688,-326,121,533,800,852,676,321,-116,-536,-820,-884,-711,-347,114,553,856,943,781,416,-68,-557,-914,-1042,-904,0,0
61113,mtk,MTK 7916,859963331,rx2-tx1,512,0,0,0,851,1055,1008,717,239,-299,-772,-1068,-1101,-868,-433,116,652,1026,1148,1000,619,87,-468,-910,-1133,-1073,-759,-278,271,754,1047,1082,856,425,-95,-580,-924,-1033,-877,-513,-35,447,801,940,853,547,102,-357,-716,-891,-831,-553,-136,311,678,869,825,568,165,-279,-655,-864,-853,-619,-225,224,614,848,872,678,292,-167,-572,-833,-886,-706,-340,111,538,829,901,745,388,-68,-522,-851,-963,-837,-489,-4,498,875,1036,952,630,146,-388,-841,-1101,-1096,-826,-355,201,719,1077,1175,989,568,12,-541,-964,-1166,-1098,-773,-265,304,794,1090,1134,916,489,-41,-553,-925,-1073,-974,-643,-167,323,0,933,926,696,308,-134,-525,-766,-816,-670,-356,32,393,641,719,608,345,-2,-341,-584,-665,-572,-340,-18,309,550,631,546,321,6,-321,-564,-659,-571,-332,0,353,626,739,658,401,24,-378,-705,-872,-824,-569,-158,311,717,981,1015,803,402,-109,-617,-986,-1140,-1028,-672,-155,406,889,1179,1199,942,466,-118,-687,-1109,-1286,-1178,-806,-252,362,906,1253,1330,1107,647,60,-537,-1008,-1251,-1235,-956,-477,83,612,994,1148,1062,761,311,-190,-629,-912,-993,-861,-551,-144,277,622,819,824,663,380,35,-307,-566,-698,-687,-546,-306,-21,251,457,567,570,483,324,130,-53,-202,-299,-339,0,0,0,0,0,71,260,437,575,634,591,444,203,-90,-377,-607,-734,-723,-569,-297,43,382,651,786,755,562,246,-132,-487,-737,-830,-744,-485,-111,296,641,841,853,671,327,-97,-507,-811,-926,-832,-547,-125,330,718,936,940,731,346,-127,-566,-868,-973,-857,-534,-74,405,774,963,936,677,250,-234,-670,-940,-982,-793,-413,73,527,861,995,889,558,97,-373,-759,-972,-942,-682,-264,217,647,916,954,760,378,-101,-542,-853,-956,-828,-491,-31,436,799,965,893,607,169,-316,-730,-962,-967,-737,-322,165,616,928,1009,843,475,-4,-479,-838,-998,-912,-609,-160,334,737,958,948,709,286,-202,0,-916,-976,-794,-417,55,510,843,965,849,523,69,-390,-749,-927,-875,-593,-164,300,682,893,879,638,227,-243,-656,-898,-910,-695,-297,185,623,917,992,810,424,-76,-564,-918,-1054,-934,-574,-73,447,857,1062,1005,701,229,-298,-753,-1022,-1040,-800,-350,180,646,953,1027,843,443,-71,-558,-901,-1016,-869,-501,-12,491,866,1017,911,574,90,-418,-822,-1021,-962,-659,-184,338,776,1026,1011,744,294,-235,-713,-1024,-1072,-853,-428,103,613,972,1096,955,580,59,-473,-882,-1078,-1014,-708,-226,314,760,1010,1012,764,328,-177,-640,-941,-999,-807,-414,83,559,893,999,849,486,4,-480,-847,0,0,0,0,0,-649,-168,365,816,1073,1072,806,335,-218,-721,-1054,-1136,-947,-539,11,563,974,1150,1052,700,184,-368,-833,-1096,-1095,-826,-358,182,667,985,1060,871,476,-26,-510,-855,-991,-877,-540,-79,388,750,917,840,541,116,-331,-688,-868,-823,-552,-144,305,677,872,844,596,192,-263,-654,-869,-863,-646,-265,192,599,850,881,686,318,-133,-554,-831,-896,-723,-363,90,522,831,931,785,439,-38,-519,-871,-1007,-893,-554,-65,449,872,1092,1044,737,250,-302,-798,-1101,-1139,-910,-464,94,634,1032,1180,1055,679,144,-419,-879,-1142,-1134,-852,-373,178,682,1024,1116,960,591,79,-438,-824,-1013,-964,0,-253,214,612,851,873,681,341,-67,-442,-697,-768,-633,-345,13,356,607,691,584,331,6,-320,-561,-646,-563,-330,-9,313,549,636,551,325,7,-329,-588,-687,-598,-351,-1,371,666,797,734,474,79,-354,-722,-930,-924,-692,-273,220,669,986,1087,928,533,6,-526,-951,-1170,-1128,-825,-316,275,809,1165,1264,1069,638,62,-541,-1035,-1300,-1274,-976,-458,169,745,1153,1320,1201,828,288,-308,-824,-1152,-1218,-1030,-639,-126,395,820,1048,1045,833,452,-12,-447,-768,-907,-853,-623,-278,111,461,694,770,685,467,166,-149,-417,-598,-657,-587,-415,-187,56,272,415,480,466,383,260,118,0,0,0,0,0,-475,-464,-367,-192,38,293,516,668,707,619,414,122,-209,-503,-705,-770,-676,-436,-108,251,573,771,802,662,366,-13,-392,-689,-834,-797,-580,-223,196,579,829,893,747,431,18,-413,-758,-936,-899,-645,-238,230,647,913,962,789,438,-23,-486,-834,-978,-893,-604,-170,313,728,969,969,732,325,-157,-601,-908,-998,-846,-487,-15,459,822,987,917,626,184,-302,-711,-947,-952,-731,-331,152,593,880,955,803,437,-36,-492,-825,-965,-864,-550,-104,380,771,968,935,676,246,-251,-687,-954,-991,-790,-402,80,547,877,1005,888,553,85,-403,-791,-988,-941,-668,-231,262,685,932,957,0,351,-123,-569,-884,-977,-832,-485,-24,443,796,948,860,561,130,-330,-707,-900,-858,-602,-193,266,655,888,893,657,249,-222,-642,-918,-964,-756,-353,139,613,934,1026,874,501,-4,-506,-896,-1070,-971,-640,-157,371,811,1047,1026,754,295,-239,-710,-1001,-1038,-817,-397,123,609,928,1018,860,478,-33,-531,-891,-1021,-891,-536,-50,454,842,1010,929,613,133,-381,-804,-1027,-988,-697,-235,292,746,1019,1051,808,358,-177,-671,-1005,-1096,-919,-521,13,542,932,1092,992,647,140,-387,-815,-1047,-1018,-734,-277,244,699,983,1019,797,379,-126,-595,-917,-1002,-827,-451,39,519,868,1007,891,538,0,0
61114,mtk,MTK 7916,860018446,rx0-tx0,512,-330,-855,-1004,710,548,344,105,-142,-373,-576,-721,-806,-817,-753,-622,-433,-216,25,258,478,649,775,830,806,722,571,360,119,-149,-395,-610,-779,-876,-890,-825,-680,-479,-217,57,332,590,784,910,961,916,774,559,300,10,-293,-555,-768,-905,-963,-925,-810,-613,-357,-74,207,478,701,864,932,918,843,675,449,183,-95,-369,-610,-800,-912,-923,-875,-735,-534,-271,13,291,544,747,879,929,884,761,560,313,49,-232,-488,-680,-822,-879,-838,-728,-548,-325,-79,169,401,594,721,769,754,671,530,339,124,-92,-308,-483,-611,-676,-681,-620,-517,-363,-178,7,196,355,491,577,611,585,516,-26,260,82,-92,-253,-402,-513,-577,-596,-553,-465,-339,-174,8,187,350,477,571,612,591,517,393,222,45,-153,-324,-463,-566,-613,-599,-529,-403,-239,-52,130,305,451,551,603,600,540,423,264,89,-93,-274,-422,-536,-592,-593,-545,-442,-291,-103,94,271,434,559,615,613,555,422,247,53,-151,-338,-486,-583,-610,-558,-458,-307,-116,74,252,397,474,514,484,389,267,127,-21,-148,-246,-320,-349,-322,-265,-195,-106,-29,53,112,155,181,181,171,135,89,56,25,-10,-38,-54,-79,-80,-75,-82,-79,-74,-60,-39,-15,8,36,68,95,106,100,90,59,10,-35,-64,-75,-187,-445,510,1065,971,-37,-131,-219,-271,-280,-240,-159,-47,80,192,282,337,348,324,271,175,56,-75,-197,-301,-381,-423,-432,-393,-306,-177,-38,128,283,425,523,572,569,511,396,212,-3,-221,-439,-621,-738,-782,-754,-624,-422,-172,106,391,639,825,941,951,855,653,382,60,-280,-588,-853,-1037,-1098,-1046,-881,-627,-289,79,438,753,997,1118,1131,1046,834,545,186,-187,-531,-834,-1032,-1133,-1125,-999,-775,-471,-124,227,561,827,1014,1093,1073,946,726,439,117,-218,-532,-795,-969,-1058,-1047,-934,-737,-461,-145,174,488,748,942,1028,1018,919,723,482,164,-154,-448,-703,-880,-975,-987,-895,-715,-474,-192,301,370,606,798,902,937,873,745,556,302,39,-231,-487,-697,-847,-941,-935,-856,-697,-467,-183,123,417,697,888,1003,1028,951,787,540,248,-63,-377,-641,-865,-988,-1028,-980,-828,-615,-350,-47,262,550,786,956,1031,1024,926,742,478,188,-133,-447,-714,-933,-1055,-1079,-1009,-848,-598,-293,31,364,675,913,1073,1130,1069,919,679,374,21,-321,-627,-864,-1033,-1094,-1056,-916,-691,-412,-91,237,526,766,932,1006,990,879,692,451,170,-111,-378,-626,-799,-902,-922,-860,-717,-525,-278,-11,251,496,687,817,871,847,753,585,370,121,-129,-362,-570,-735,-824,-839,-781,-653,-467,-237,12,265,925,1048,-82,-689,-457,-406,-604,-742,-813,-809,-732,-584,-380,-153,93,320,531,690,787,816,776,665,497,290,43,-199,-426,-630,-772,-851,-855,-773,-633,-424,-171,97,362,594,785,904,931,884,741,529,268,-24,-321,-586,-785,-917,-975,-930,-795,-588,-332,-42,252,524,746,896,951,930,823,641,399,115,-152,-419,-655,-824,-917,-924,-855,-706,-501,-230,51,324,581,774,900,932,880,750,548,298,20,-260,-518,-722,-847,-901,-873,-745,-555,-325,-49,209,448,640,767,817,798,700,537,324,95,-131,-351,-534,-666,-728,-730,-661,-527,-354,-154,55,252,421,554,624,644,608,516,383,216,36,-142,-302,628,-542,-589,-583,-538,-437,-294,-133,39,209,363,491,575,601,566,484,358,202,16,-170,-338,-481,-569,-614,-602,-521,-399,-236,-49,141,317,464,563,608,596,532,412,257,75,-107,-287,-434,-539,-591,-595,-536,-431,-281,-103,86,258,412,529,599,600,542,443,282,91,-103,-302,-466,-572,-624,-606,-526,-392,-208,2,206,370,495,561,554,494,362,202,31,-149,-284,-377,-424,-424,-366,-282,-183,-59,57,144,216,251,253,237,190,137,72,12,-38,-80,-103,-110,-118,-114,-97,-84,-64,-31,-18,-1,20,37,54,70,81,83,86,75,52,12,-26,-61,-96,-108,-97,-69,-30,-1083,-1011,-82,-188,-453,-212,-196,-133,-39,71,185,267,322,324,283,201,86,-38,-151,-256,-340,-383,-388,-346,-274,-168,-42,91,231,359,438,487,488,441,350,200,31,-162,-343,-511,-632,-679,-663,-579,-420,-199,38,305,544,728,839,872,811,648,424,132,-186,-503,-762,-946,-1034,-1012,-879,-663,-346,2,357,673,929,1084,1123,1046,868,578,223,-135,-489,-799,-1019,-1140,-1137,-1021,-802,-490,-158,201,541,825,1027,1118,1107,982,756,456,114,-230,-551,-818,-996,-1085,-1066,-947,-725,-444,-124,199,505,764,956,1041,1032,922,728,461,142,-171,-478,-725,-908,-1016,-1005,-911,-725,-471,-186,124,424,672,848,944,-176,874,729,511,247,-33,-312,-544,-748,-874,-919,-897,-794,-614,-393,-120,175,447,692,869,973,978,915,749,502,219,-98,-401,-667,-875,-995,-1028,-964,-814,-585,-292,10,320,598,817,977,1041,1006,880,681,416,114,-192,-492,-749,-942,-1041,-1062,-969,-796,-545,-237,87,403,693,921,1053,1096,1046,892,648,352,5,-333,-640,-886,-1060,-1123,-1076,-919,-688,-395,-58,272,582,819,983,1064,1028,898,691,427,127,-175,-461,-693,-868,-952,-944,-868,-710,-481,-226,57,324,559,742,865,892,850,734,551,327,74,-179,-423,-633,-776,-846,-832,-759,-627,-427,-184,65,307,520,691,796,829,783,631,361
61115,mtk,MTK 7916,860018446,rx0-tx1,512,-686,-425,-528,213,32,-156,-319,-450,-546,-582,-566,-499,-381,-238,-73,90,239,361,454,506,513,475,398,286,166,32,-106,-232,-344,-425,-467,-475,-450,-382,-285,-165,-30,113,243,367,459,517,530,501,427,308,157,-3,-169,-334,-462,-554,-612,-605,-549,-435,-264,-82,117,310,466,595,673,681,624,517,343,147,-68,-280,-471,-618,-703,-718,-664,-558,-397,-194,21,238,427,577,683,714,681,586,436,250,46,-169,-366,-521,-629,-681,-676,-605,-478,-317,-120,91,294,458,584,655,676,634,523,370,191,-13,-215,-400,-546,-639,-671,-642,-557,-418,-245,-46,157,348,503,611,669,661,584,463,-38,97,-117,-312,-479,-607,-679,-676,-618,-499,-336,-135,80,282,464,610,682,696,647,536,368,163,-64,-280,-474,-622,-694,-707,-658,-530,-358,-146,76,282,465,604,677,694,632,527,349,139,-58,-268,-437,-575,-648,-657,-609,-503,-357,-166,40,230,404,543,616,635,602,498,356,173,-24,-218,-395,-532,-617,-636,-586,-487,-342,-157,40,247,419,546,616,620,556,432,272,72,-120,-304,-454,-544,-575,-542,-451,-312,-142,33,206,342,441,486,476,413,309,173,28,-123,-254,-353,-397,-401,-360,-276,-162,-32,98,207,296,332,334,278,193,85,-38,-147,-221,-253,-239,-179,-87,5,-45,-187,0,-285,-394,-137,-118,-64,15,92,163,204,214,194,141,66,-20,-103,-168,-216,-235,-225,-191,-128,-45,40,112,172,219,237,230,192,137,66,-7,-84,-141,-181,-205,-203,-183,-150,-95,-45,-1,49,91,119,145,153,154,139,122,95,66,23,-28,-82,-128,-160,-190,-199,-197,-172,-130,-68,7,77,140,188,219,238,230,190,137,79,17,-55,-122,-166,-208,-224,-224,-207,-181,-138,-76,-11,63,134,193,240,267,270,249,208,134,59,-39,-134,-214,-277,-318,-334,-312,-264,-182,-82,37,148,236,303,348,368,343,288,202,101,-4,-131,-235,-312,-368,-386,-371,-317,-239,-132,-12,108,-48,306,374,407,407,366,291,191,72,-62,-186,-298,-383,-440,-456,-429,-355,-254,-117,26,168,304,404,480,503,475,410,298,157,15,-142,-275,-393,-470,-511,-497,-445,-348,-230,-83,77,219,360,459,524,545,517,442,323,177,14,-155,-316,-452,-544,-598,-599,-531,-418,-271,-88,106,281,441,571,647,661,618,505,349,155,-59,-263,-445,-588,-668,-692,-650,-550,-390,-193,14,234,427,570,670,703,663,569,410,221,16,-200,-378,-533,-635,-675,-653,-570,-439,-269,-75,122,307,463,575,641,651,589,472,321,140,-59,-248,-417,-548,-623,-638,-598,-498,-352,-183,6,205,372,508,289,110,9,-461,-363,-571,-608,-580,-497,-383,-228,-52,119,285,415,504,549,541,486,390,264,119,-35,-177,-305,-399,-459,-487,-470,-420,-338,-227,-99,35,173,296,393,462,493,482,433,355,238,101,-52,-203,-347,-466,-541,-571,-561,-491,-370,-225,-50,138,314,479,591,650,657,591,474,319,117,-101,-305,-483,-619,-687,-703,-648,-539,-369,-172,50,259,450,601,690,717,676,570,419,224,10,-201,-396,-555,-655,-697,-678,-589,-451,-274,-73,133,335,491,607,669,673,608,493,333,147,-56,-255,-433,-559,-647,-676,-639,-546,-397,-217,-15,185,374,523,627,671,657,576,442,270,70,-147,-340,-498,634,-677,-665,-597,-477,-316,-113,95,289,466,595,674,683,628,518,352,147,-66,-279,-466,-609,-690,-710,-660,-547,-367,-153,59,278,474,619,704,708,643,528,353,153,-69,-276,-456,-604,-659,-672,-622,-512,-352,-152,52,250,418,551,637,649,602,508,354,168,-26,-227,-404,-534,-614,-633,-600,-503,-355,-172,36,228,401,536,612,631,587,474,319,123,-83,-284,-443,-557,-610,-596,-523,-386,-208,-16,174,337,456,521,535,482,378,239,81,-81,-231,-352,-424,-446,-423,-353,-240,-103,36,167,274,341,373,349,291,193,73,-51,-169,-250,-301,-301,-248,-158,-50,58,145,191,183,-617,-602,0,262,72,56,116,169,188,177,131,57,-29,-112,-184,-224,-236,-211,-165,-96,-13,70,145,205,239,240,213,166,97,19,-59,-130,-189,-225,-235,-213,-164,-112,-49,20,76,129,162,164,167,161,135,107,63,20,-20,-56,-93,-123,-145,-168,-168,-162,-127,-98,-51,10,71,130,175,209,222,215,181,134,74,6,-72,-139,-185,-213,-227,-228,-197,-154,-97,-28,37,97,150,198,232,242,239,214,177,117,45,-44,-122,-203,-257,-299,-318,-297,-245,-169,-74,32,138,227,301,348,364,330,275,195,98,-23,-143,-244,-319,-359,-378,-364,-303,-224,-113,5,122,224,307,368,395,384,-1135,258,159,46,-74,-202,-307,-382,-427,-427,-394,-324,-224,-101,35,174,293,396,469,485,460,383,276,148,-9,-159,-295,-409,-471,-501,-486,-422,-324,-195,-50,104,246,375,463,528,525,486,400,274,133,-27,-189,-335,-454,-530,-567,-551,-489,-374,-223,-53,136,311,449,558,621,617,561,461,312,123,-72,-273,-446,-578,-662,-679,-632,-531,-371,-175,33,243,432,585,673,705,673,559,401,208,-9,-218,-409,-563,-654,-693,-655,-560,-426,-243,-40,163,346,495,602,653,644,574,452,293,115,-86,-278,-440,-559,-633,-642,-594,-494,-344,-163,30,224,394,521,601,635,597,497,361,252,370
61116,mtk,MTK 7916,860018446,rx1-tx0,512,0,-50,-187,-554,-645,-692,-669,-596,-469,-293,-87,126,341,530,675,758,784,737,620,444,216,-33,-290,-523,-718,-852,-910,-885,-766,-581,-321,-29,269,553,792,950,1017,997,873,664,392,66,-268,-577,-840,-1018,-1089,-1067,-934,-711,-421,-82,266,576,842,1027,1094,1071,949,723,438,121,-210,-530,-783,-962,-1048,-1041,-942,-751,-489,-180,131,424,679,876,992,1012,935,774,550,276,-16,-318,-584,-788,-920,-964,-929,-802,-594,-342,-66,225,488,704,853,919,900,802,627,398,133,-141,-400,-619,-776,-855,-864,-789,-643,-428,-183,77,324,526,688,775,795,737,613,435,226,-7,-230,-443,-589,-679,-277,-685,-593,-453,-271,-71,137,318,475,583,641,646,588,481,341,167,-22,-204,-370,-505,-593,-635,-621,-550,-425,-262,-72,115,293,434,555,620,629,582,487,347,173,-18,-192,-370,-519,-599,-655,-652,-582,-456,-292,-104,106,310,490,636,727,750,707,594,415,186,-56,-319,-552,-731,-838,-881,-810,-654,-437,-166,139,429,674,856,940,921,804,593,321,17,-290,-556,-766,-881,-894,-809,-637,-408,-125,146,388,583,711,754,723,618,450,241,20,-197,-377,-515,-596,-618,-564,-455,-310,-122,62,232,378,476,520,510,434,309,141,-37,-206,-347,-433,-456,-405,-292,-133,36,174,262,258,208,0,-745,-859,-27,12,52,90,114,123,111,91,49,2,-53,-95,-129,-158,-164,-150,-105,-71,-18,41,96,140,178,194,194,174,133,78,21,-57,-120,-179,-230,-255,-253,-229,-182,-107,-27,74,166,253,317,341,341,309,240,142,22,-109,-240,-347,-420,-457,-445,-380,-281,-138,31,207,350,477,542,550,505,401,250,71,-122,-301,-445,-548,-602,-569,-484,-353,-183,8,203,365,489,569,580,532,435,299,125,-50,-221,-354,-454,-513,-510,-465,-372,-240,-105,54,182,288,370,410,425,394,325,244,143,43,-60,-161,-250,-316,-360,-389,-382,-342,-273,-175,-67,56,175,283,376,441,474,489,397,287,153,10,-147,-297,-425,-509,-558,-560,-484,-375,-230,-47,135,307,460,569,632,633,575,454,286,95,-115,-323,-501,-630,-700,-703,-649,-526,-357,-145,88,313,511,660,747,760,705,584,394,178,-54,-283,-481,-648,-744,-773,-737,-631,-460,-253,-15,214,422,607,724,786,769,692,554,358,134,-94,-335,-545,-709,-809,-841,-792,-664,-476,-241,38,302,544,743,859,893,853,715,509,246,-35,-309,-554,-739,-855,-887,-814,-672,-478,-233,25,276,487,649,753,772,732,624,452,261,45,-158,-349,-501,-609,-670,-666,-611,-506,-362,-194,4,194,355,497,602,652,639,571,466,405,-14,0,286,227,-396,-224,-28,176,368,540,664,724,729,670,545,359,150,-73,-306,-515,-696,-806,-844,-806,-692,-513,-274,-5,278,536,754,914,970,948,824,624,349,57,-260,-564,-810,-983,-1066,-1032,-912,-694,-401,-72,265,584,841,1020,1101,1073,940,726,418,87,-241,-563,-823,-991,-1072,-1058,-940,-727,-467,-154,161,469,729,919,1012,1011,927,758,521,232,-75,-373,-632,-831,-951,-989,-939,-793,-576,-311,-22,264,533,737,870,928,909,795,614,375,99,-177,-438,-656,-813,-890,-888,-795,-634,-417,-167,95,352,573,736,819,831,756,625,436,201,-42,-280,-485,-635,-731,-750,-713,-602,-427,-244,315,186,378,531,632,677,658,586,463,304,124,-73,-258,-416,-535,-619,-636,-600,-519,-386,-215,-35,152,326,470,580,632,627,559,452,307,122,-64,-246,-405,-530,-611,-630,-607,-542,-400,-229,-55,151,337,499,617,686,696,635,522,366,156,-74,-304,-512,-679,-777,-812,-770,-642,-444,-201,82,368,604,790,911,928,831,650,397,97,-217,-508,-748,-886,-935,-877,-725,-506,-224,70,358,588,756,828,800,701,537,310,65,-174,-387,-552,-650,-678,-632,-523,-370,-184,21,220,377,494,557,552,497,386,231,60,-114,-273,-401,-478,-491,-446,-337,-178,5,175,310,386,381,307,192,42,167,0,392,-46,87,97,91,68,30,-17,-61,-103,-136,-146,-139,-110,-79,-31,26,85,128,149,176,172,154,119,69,5,-56,-116,-170,-198,-221,-224,-194,-157,-91,-16,61,131,209,264,301,303,270,217,124,19,-87,-199,-294,-362,-399,-403,-358,-272,-153,-11,151,290,404,490,524,487,404,272,99,-72,-248,-405,-519,-577,-569,-498,-375,-221,-21,176,336,475,559,596,558,463,326,149,-41,-215,-366,-484,-549,-551,-501,-396,-269,-102,63,212,342,425,473,471,416,340,230,108,-14,-142,-238,-316,-366,-378,-373,-336,-278,-200,-115,-17,95,201,296,365,407,419,395,337,241,116,-23,-571,-296,-408,-480,-514,-504,-440,-333,-192,-35,146,311,434,545,602,594,535,417,258,75,-123,-314,-483,-604,-671,-682,-626,-497,-321,-112,105,315,511,650,733,740,679,552,373,152,-81,-303,-508,-663,-747,-775,-717,-600,-425,-201,31,262,470,634,741,783,747,657,499,298,75,-157,-374,-567,-716,-791,-808,-752,-613,-422,-191,56,317,544,721,841,879,826,705,504,249,-23,-300,-553,-748,-870,-902,-848,-710,-500,-244,41,309,529,709,811,832,774,642,466,243,7,-212,-422,-577,-681,-720,-698,-617,-481,-312,-114,86,271,430,547,628,656,619,539,421,257,65,-129,-301,-458,709,820
61117,mtk,MTK 7916,860018446,rx1-tx1,512,0,0,0,609,407,112,-216,-502,-679,-717,-599,-344,-13,313,577,717,696,525,248,-88,-394,-605,-686,-611,-393,-90,216,469,615,622,485,225,-82,-357,-545,-623,-549,-334,-51,240,477,599,575,418,166,-122,-386,-560,-595,-490,-277,10,306,522,619,573,401,135,-172,-448,-612,-637,-519,-284,16,312,532,631,592,419,148,-151,-416,-577,-601,-495,-275,7,287,492,577,530,351,94,-180,-422,-567,-568,-444,-216,66,337,532,603,540,359,90,-198,-436,-587,-607,-488,-258,17,287,499,593,552,402,169,-108,-350,-504,-547,-473,-293,-52,187,390,489,473,363,179,-44,-240,-375,-427,-374,0,-45,132,273,342,319,213,60,-106,-249,-315,-292,-202,-57,119,271,352,348,266,109,-86,-269,-399,-438,-376,-223,-11,214,399,496,485,369,160,-94,-336,-510,-575,-517,-347,-88,197,443,600,628,509,288,1,-296,-536,-662,-651,-492,-220,97,403,627,707,628,426,132,-201,-494,-678,-722,-622,-382,-64,277,557,722,735,593,334,8,-329,-601,-750,-745,-580,-307,18,343,596,715,688,530,272,-33,-323,-543,-645,-627,-480,-240,30,284,472,560,536,411,206,-27,-241,-401,-477,-454,-350,-191,5,194,328,401,395,314,188,40,-109,-229,-306,-333,-303,-230,-135,-37,47,104,0,0,0,0,0,275,342,369,343,262,127,-48,-235,-403,-518,-546,-490,-354,-141,119,358,538,638,625,488,256,-34,-326,-551,-685,-693,-558,-313,-6,310,561,704,704,559,292,-42,-373,-625,-750,-716,-533,-231,135,470,698,789,713,484,151,-224,-569,-792,-849,-727,-439,-64,326,645,842,862,684,357,-40,-426,-723,-870,-825,-597,-247,153,526,780,860,752,477,94,-312,-640,-830,-833,-647,-318,79,462,734,835,750,499,139,-263,-606,-808,-839,-671,-337,72,462,754,882,817,567,177,-256,-633,-884,-947,-796,-459,-15,428,800,1005,983,752,360,-115,-564,-899,-1042,-956,-665,-231,247,673,957,0,862,513,60,-411,-789,-988,-964,-719,-330,138,578,889,996,881,566,116,-358,-759,-995,-1003,-794,-405,76,542,903,1061,974,672,222,-268,-701,-995,-1069,-901,-540,-60,429,815,1026,1010,766,356,-122,-565,-871,-983,-872,-562,-138,302,666,868,866,663,302,-127,-510,-769,-853,-725,-419,-30,385,713,866,817,581,207,-227,-627,-882,-943,-794,-468,-31,415,766,960,938,701,323,-122,-553,-855,-956,-859,-582,-185,245,615,842,889,735,425,44,-334,-632,-774,-743,-548,-239,111,420,610,657,558,329,28,-260,-474,-566,-517,-341,-81,194,417,532,518,376,129,-151,-399,-555,-581,-467,0,0,0,0,0,310,548,685,677,517,237,-99,-416,-649,-739,-668,-447,-134,202,494,675,704,587,331,6,-311,-550,-662,-623,-445,-169,146,416,578,611,510,288,-8,-297,-515,-601,-551,-370,-106,186,432,575,588,465,230,-69,-355,-553,-617,-538,-340,-58,244,489,623,614,462,205,-95,-369,-569,-643,-569,-364,-75,229,473,611,608,467,221,-74,-348,-539,-596,-518,-320,-32,249,459,568,549,399,152,-134,-386,-548,-593,-509,-297,-10,277,495,609,593,433,180,-99,-360,-546,-606,-534,-348,-81,196,421,546,560,448,231,-33,-276,-449,-533,-490,-333,-118,120,316,434,455,373,207,8,-181,0,-389,-342,-226,-66,114,253,318,298,206,57,-112,-252,-327,-319,-228,-76,106,266,366,388,316,157,-48,-253,-406,-476,-439,-300,-78,172,382,511,547,457,246,-19,-276,-490,-608,-587,-435,-187,100,373,572,649,589,396,113,-202,-477,-647,-679,-568,-324,-11,310,562,697,690,535,260,-82,-402,-640,-752,-702,-504,-195,149,465,690,774,692,471,154,-189,-487,-687,-752,-660,-436,-131,188,461,637,683,597,394,119,-174,-420,-573,-608,-530,-343,-99,148,360,497,528,447,286,86,-117,-301,-417,-444,-386,-261,-97,73,226,330,374,349,265,148,23,-98,-192,-246,-259,-235,-183,0,0,0,0,0,-143,-50,71,210,347,443,475,442,333,155,-59,-279,-463,-580,-604,-514,-326,-72,202,448,617,676,606,421,154,-150,-439,-643,-717,-655,-452,-145,181,480,688,747,649,413,91,-255,-561,-740,-762,-635,-371,-14,357,652,805,793,613,301,-89,-456,-740,-876,-812,-579,-222,184,559,806,875,760,491,110,-300,-639,-835,-845,-676,-366,27,420,714,854,802,565,207,-188,-546,-781,-832,-689,-397,-23,362,673,834,800,583,233,-166,-533,-785,-858,-742,-462,-59,364,706,894,889,680,318,-122,-547,-857,-984,-894,-599,-179,291,699,959,1015,859,516,57,-416,-796,-1003,-1002,-779,-377,0,557,878,1005,921,633,195,-273,-683,-940,-986,-817,-454,6,463,818,995,945,675,258,-220,-656,-950,-1034,-880,-526,-69,416,820,1044,1036,797,385,-103,-573,-915,-1058,-968,-668,-223,269,688,949,999,825,469,15,-425,-762,-928,-883,-629,-231,204,579,815,859,692,361,-48,-448,-745,-860,-769,-500,-100,325,679,882,887,690,328,-114,-532,-841,-968,-880,-593,-176,276,670,919,966,803,472,41,-402,-747,-918,-889,-668,-317,91,479,754,847,752,502,152,-218,-515,-689,-710,-569,-294,28,326,533,605,531,334,68,-210,-429,-538,-503,-348,-109,166,406,541,535,400,179,-102,-376,0,0
61118,mtk,MTK 7916,860018446,rx2-tx0,512,0,0,0,1094,752,233,-358,-885,-1227,-1303,-1091,-633,-17,609,1110,1370,1332,997,437,-225,-835,-1266,-1426,-1268,-824,-193,471,1031,1367,1397,1108,576,-83,-724,-1199,-1408,-1293,-879,-278,386,961,1311,1358,1100,588,-57,-688,-1153,-1351,-1242,-847,-262,391,948,1280,1326,1059,546,-81,-686,-1130,-1314,-1198,-808,-228,401,925,1227,1243,977,481,-123,-691,-1095,-1234,-1084,-682,-119,472,945,1184,1140,830,325,-265,-791,-1131,-1199,-981,-528,58,632,1061,1253,1156,783,213,-419,-958,-1277,-1304,-1032,-527,112,735,1202,1399,1281,870,259,-416,-1001,-1363,-1432,-1182,-657,26,693,1204,1453,1383,1003,388,-311,-939,-1360,-1481,-1266,0,-121,573,1135,1445,1425,1084,509,-186,-837,-1302,-1478,-1323,-866,-213,485,1079,1440,1484,1189,628,-77,-771,-1297,-1539,-1445,-1031,-379,368,1030,1466,1588,1366,841,123,-625,-1236,-1578,-1581,-1241,-617,142,863,1401,1641,1524,1070,388,-376,-1059,-1519,-1648,-1420,-892,-176,575,1203,1566,1596,1281,694,-37,-750,-1295,-1553,-1482,-1094,-480,228,882,1339,1505,1358,926,307,-370,-965,-1349,-1442,-1229,-782,-180,450,966,1274,1317,1090,653,105,-454,-901,-1149,-1160,-940,-533,-46,432,806,1004,990,783,436,12,-397,-700,-853,-838,-669,-377,-22,317,573,715,724,609,395,126,-144,-372,-521,-572,-537,-431,-282,-123,33,0,0,0,0,0,48,220,381,519,600,592,485,284,15,-278,-543,-736,-811,-738,-526,-205,168,523,799,928,881,654,290,-142,-562,-882,-1034,-986,-739,-328,165,641,996,1160,1084,778,307,-239,-751,-1115,-1255,-1141,-774,-244,339,867,1226,1325,1146,725,147,-474,-1005,-1314,-1351,-1107,-622,2,628,1123,1381,1340,1008,473,-156,-757,-1207,-1399,-1276,-881,-304,328,885,1245,1328,1131,685,98,-499,-987,-1246,-1219,-925,-439,130,662,1035,1176,1051,681,165,-373,-821,-1077,-1078,-828,-393,125,608,953,1081,942,584,91,-426,-848,-1074,-1047,-782,-336,201,693,1030,1141,994,611,79,-467,-914,-1164,-1151,-880,-413,159,700,0,1226,1098,727,180,-415,-913,-1198,-1215,-965,-497,89,663,1085,1259,1145,778,225,-391,-919,-1235,-1277,-1032,-539,70,665,1128,1340,1241,863,298,-338,-915,-1289,-1360,-1134,-657,-31,604,1102,1349,1292,950,398,-246,-825,-1219,-1329,-1135,-700,-116,499,993,1249,1210,894,378,-214,-741,-1099,-1203,-1024,-613,-61,501,933,1149,1101,793,300,-260,-749,-1055,-1121,-931,-515,6,516,910,1085,997,691,234,-276,-719,-981,-1013,-811,-422,57,515,843,960,847,542,118,-331,-692,-883,-855,-623,-242,202,594,828,858,686,343,-92,-507,-801,-904,-782,-471,-42,404,773,959,908,641,217,-276,-720,-1001,-1048,-855,0,0,0,0,0,499,954,1218,1211,929,424,-181,-763,-1189,-1353,-1223,-820,-225,424,982,1334,1394,1149,643,-11,-666,-1170,-1414,-1344,-980,-405,272,883,1291,1412,1213,740,100,-555,-1084,-1368,-1343,-1002,-433,226,828,1237,1364,1176,721,98,-543,-1058,-1334,-1301,-966,-409,236,826,1224,1337,1144,694,86,-535,-1028,-1280,-1235,-901,-367,253,804,1160,1248,1037,580,4,-570,-1015,-1210,-1114,-759,-222,368,874,1164,1176,904,419,-162,-708,-1095,-1236,-1077,-656,-73,534,1018,1276,1242,908,358,-272,-853,-1246,-1363,-1166,-697,-63,588,1117,1401,1366,1031,464,-221,-862,-1313,-1470,-1300,-831,-181,507,1082,1424,1446,1150,593,-99,-758,0,-1481,-1361,-947,-323,377,991,1383,1465,1217,696,19,-670,-1205,-1471,-1407,-1032,-424,286,939,1384,1521,1317,820,139,-578,-1180,-1525,-1533,-1198,-599,134,843,1377,1611,1490,1039,362,-393,-1072,-1519,-1630,-1391,-854,-128,623,1250,1601,1608,1270,654,-98,-830,-1388,-1639,-1525,-1098,-441,308,984,1448,1594,1397,909,233,-497,-1111,-1475,-1519,-1245,-718,-43,636,1167,1450,1425,1100,552,-91,-707,-1173,-1382,-1304,-960,-429,173,719,1104,1254,1152,827,338,-200,-676,-996,-1109,-995,-690,-255,204,599,860,942,832,569,211,-176,-511,-732,-806,-725,-515,-222,95,378,573,665,645,517,323,96,-117,-284,-393,-424,-387,0,0,0,0,0,-424,-422,-352,-206,0,234,464,639,720,688,539,283,-39,-373,-658,-836,-863,-724,-443,-64,348,704,935,984,846,528,91,-374,-781,-1051,-1103,-923,-560,-68,457,899,1168,1200,981,551,-7,-571,-1022,-1275,-1263,-982,-493,104,688,1133,1343,1272,926,388,-240,-832,-1246,-1392,-1250,-836,-239,403,965,1320,1394,1172,695,73,-562,-1070,-1341,-1330,-1029,-507,110,697,1126,1301,1184,817,284,-310,-829,-1149,-1207,-997,-566,-23,515,930,1131,1078,766,285,-242,-716,-1022,-1083,-892,-493,11,513,905,1071,989,685,217,-309,-770,-1059,-1103,-890,-466,66,594,991,1168,1085,755,250,-315,-817,-1138,-1204,-1002,0,-8,555,1000,1224,1169,846,337,-254,-784,-1142,-1251,-1066,-636,-64,529,1004,1250,1214,903,380,-237,-803,-1197,-1327,-1149,-714,-111,518,1037,1324,1317,1013,481,-168,-772,-1202,-1365,-1226,-812,-218,424,973,1302,1333,1061,551,-71,-667,-1112,-1301,-1190,-811,-255,351,872,1183,1218,976,515,-67,-627,-1028,-1184,-1065,-703,-187,371,840,1102,1109,862,409,-131,-634,-989,-1111,-970,-613,-114,406,817,1038,1019,764,334,-166,-613,-910,-993,-846,-498,-42,414,765,928,861,588,175,-267,-638,-847,-845,-642,-286,145,543,809,881,734,393,-39,-462,-788,-928,-842,-547,-114,356,751,982,982,743,333,-175,-658,0,0
61119,mtk,MTK 7916,860018446,rx2-tx1,512,0,0,0,-675,-204,319,771,1063,1124,929,514,-13,-539,-949,-1154,-1109,-821,-341,214,712,1055,1171,1029,659,142,-401,-844,-1096,-1116,-882,-451,69,561,921,1070,969,654,199,-292,-699,-934,-957,-752,-373,76,502,813,924,798,480,61,-380,-736,-908,-851,-601,-209,244,634,876,918,740,391,-56,-499,-820,-946,-851,-561,-146,319,713,935,937,719,335,-135,-577,-881,-971,-837,-500,-34,444,830,1028,988,715,275,-239,-713,-1035,-1133,-967,-576,-62,482,939,1181,1166,901,430,-135,-676,-1076,-1239,-1137,-795,-270,306,810,1140,1229,1050,638,93,-462,-904,-1150,-1152,-911,-482,35,540,914,1079,1018,743,0,-170,-606,-882,-950,-816,-506,-91,320,636,793,770,569,238,-138,-462,-675,-725,-599,-332,9,339,579,671,606,394,88,-240,-512,-653,-629,-455,-163,184,484,671,695,551,270,-96,-458,-730,-845,-762,-494,-100,342,714,945,979,793,422,-58,-540,-916,-1110,-1077,-808,-353,182,693,1069,1235,1134,781,265,-312,-827,-1177,-1291,-1139,-757,-220,376,897,1242,1337,1159,761,214,-373,-881,-1205,-1286,-1131,-754,-233,314,775,1075,1161,1018,683,237,-240,-647,-909,-985,-870,-588,-206,190,527,750,813,720,499,196,-130,-418,-619,-690,-631,-465,-234,21,261,441,539,546,470,337,176,10,-124,-218,0,0,0,0,0,-365,-495,-574,-578,-492,-323,-89,176,432,635,735,706,558,309,-4,-334,-605,-761,-778,-648,-380,-31,328,618,792,809,667,387,21,-360,-677,-854,-853,-668,-343,61,463,773,917,870,636,266,-169,-570,-852,-955,-864,-585,-171,281,675,923,970,811,477,29,-424,-783,-980,-960,-731,-341,124,564,882,1009,915,608,160,-310,-707,-960,-1004,-820,-453,-1,459,815,995,942,682,279,-185,-604,-877,-954,-824,-499,-59,387,746,942,925,693,306,-155,-582,-871,-972,-859,-552,-118,349,734,962,974,772,400,-67,-521,-852,-990,-912,-634,-212,258,669,926,973,806,459,3,-446,-797,-967,0,-667,-267,196,619,895,968,829,499,63,-378,-736,-923,-893,-654,-269,171,570,838,905,748,423,-1,-437,-766,-914,-856,-587,-176,285,690,937,968,776,400,-72,-543,-895,-1050,-976,-676,-215,299,748,1032,1082,885,490,-8,-504,-892,-1076,-1012,-715,-260,252,711,1001,1052,866,479,-25,-511,-882,-1052,-973,-666,-199,314,752,1019,1045,832,421,-94,-585,-943,-1081,-972,-632,-144,377,819,1078,1093,856,415,-121,-629,-1005,-1158,-1042,-691,-188,359,827,1106,1143,930,511,-23,-542,-938,-1126,-1055,-749,-280,253,720,1014,1082,899,509,15,-480,-864,-1042,-975,-689,-241,261,693,969,1026,843,464,0,0,0,0,0,-867,-1080,-1059,-805,-369,167,669,1024,1158,1033,676,168,-383,-853,-1127,-1153,-931,-513,24,561,966,1156,1086,778,306,-228,-707,-1020,-1100,-942,-574,-80,426,817,1009,973,719,294,-186,-601,-872,-940,-786,-442,1,439,767,908,830,547,138,-305,-682,-894,-898,-679,-291,159,567,845,934,808,484,38,-411,-760,-937,-900,-650,-239,230,649,915,959,778,417,-49,-514,-859,-1009,-918,-611,-157,346,782,1040,1051,824,420,-93,-615,-1012,-1177,-1083,-749,-239,331,817,1134,1219,1033,619,67,-507,-963,-1213,-1202,-925,-463,97,642,1046,1212,1120,799,306,-251,-735,-1051,-1139,-983,-627,-144,355,762,0,988,789,421,-22,-443,-752,-876,-793,-545,-181,213,550,741,750,580,281,-72,-397,-621,-694,-600,-363,-43,281,536,665,623,420,120,-210,-495,-662,-668,-499,-196,159,483,700,762,648,368,-17,-420,-741,-902,-862,-632,-242,219,652,954,1062,945,619,142,-386,-837,-1114,-1164,-976,-569,-30,516,970,1225,1224,977,514,-68,-625,-1062,-1300,-1279,-991,-492,104,670,1096,1308,1270,981,506,-65,-605,-1011,-1218,-1193,-936,-491,25,507,878,1061,1030,811,435,-6,-413,-716,-877,-864,-681,-372,-13,328,588,733,727,583,339,52,-227,-457,-599,-627,-547,-385,-175,38,227,363,434,433,376,283,0,0,0,0,0,329,197,21,-191,-405,-580,-684,-685,-568,-356,-80,228,506,699,770,701,501,201,-145,-469,-710,-809,-754,-545,-218,150,495,746,850,779,540,177,-226,-585,-828,-895,-777,-490,-97,320,684,908,937,770,437,4,-435,-786,-967,-939,-712,-329,132,558,864,991,897,604,190,-272,-686,-940,-989,-828,-480,-24,442,812,996,966,727,330,-150,-599,-901,-1001,-892,-587,-144,325,717,945,960,761,393,-66,-506,-829,-969,-889,-604,-182,280,669,911,953,783,429,-23,-470,-818,-984,-928,-665,-258,205,625,905,995,864,522,59,-401,-770,-968,-956,-725,-331,133,564,870,984,876,571,140,0,-723,-942,-953,-757,-389,66,506,831,959,866,586,174,-276,-656,-881,-900,-708,-354,85,503,803,908,799,502,83,-356,-722,-925,-911,-685,-288,195,629,923,1019,880,534,63,-429,-835,-1053,-1041,-793,-358,154,635,965,1076,953,622,132,-383,-806,-1044,-1037,-791,-376,130,608,941,1054,922,573,87,-415,-818,-1033,-1011,-745,-302,207,664,978,1070,896,518,27,-483,-887,-1081,-1027,-745,-289,246,733,1050,1127,955,564,34,-505,-922,-1137,-1103,-823,-361,189,701,1048,1161,1014,629,116,-410,-838,-1082,-1081,-829,-394,122,599,934,1061,945,606,129,-376,-789,-1014,-1006,-765,-345,154,616,934,0,0
61120,mtk,MTK 7916,860058674,rx0-tx0,512,-330,959,995,-851,-804,-697,-524,-325,-95,144,373,562,714,803,836,805,709,571,375,154,-80,-304,-505,-675,-804,-852,-849,-790,-660,-467,-242,9,254,486,698,837,919,935,865,729,531,285,11,-268,-520,-726,-883,-975,-983,-909,-754,-532,-286,-11,274,525,726,880,956,949,883,723,521,288,31,-231,-480,-685,-835,-925,-935,-884,-748,-558,-322,-69,190,445,657,813,908,941,881,748,560,319,61,-202,-448,-654,-797,-868,-878,-821,-682,-498,-274,-37,198,417,594,718,784,786,722,609,444,252,44,-173,-357,-514,-624,-679,-685,-639,-545,-419,-246,-75,102,275,404,521,589,614,598,537,-26,283,122,-38,-197,-344,-468,-543,-588,-599,-549,-456,-331,-177,-7,169,330,462,561,613,618,567,477,342,171,-8,-183,-346,-489,-580,-630,-621,-560,-461,-326,-149,27,194,357,492,568,607,606,544,446,305,136,-41,-225,-377,-501,-581,-623,-618,-545,-427,-278,-98,98,283,446,567,636,645,587,479,323,129,-76,-268,-423,-534,-592,-583,-519,-406,-257,-83,85,237,352,420,444,421,351,257,153,47,-55,-142,-207,-242,-247,-232,-197,-153,-100,-48,-2,38,71,93,106,111,106,98,87,68,56,40,16,-6,-30,-53,-69,-89,-107,-110,-94,-68,-33,3,44,77,90,86,541,725,510,235,235,-197,-167,-92,9,123,222,294,325,318,272,189,84,-27,-149,-253,-328,-387,-405,-381,-327,-242,-123,15,147,269,384,476,524,520,477,378,241,72,-98,-293,-469,-610,-707,-733,-689,-586,-413,-183,62,323,556,753,892,928,890,771,570,297,-4,-315,-595,-838,-1006,-1077,-1060,-942,-715,-428,-97,250,569,837,1038,1142,1145,1031,822,550,231,-121,-465,-740,-969,-1111,-1148,-1088,-933,-704,-410,-72,264,559,809,991,1095,1095,1012,843,601,301,-12,-321,-605,-830,-999,-1071,-1050,-949,-764,-529,-244,68,356,629,839,973,1034,1006,897,703,459,180,-124,-408,-647,-828,-938,-973,-938,-831,301,-419,-163,97,348,578,753,865,917,901,811,676,489,246,-21,-277,-518,-737,-878,-963,-981,-916,-774,-558,-302,-12,275,545,775,940,1021,1041,951,795,574,318,18,-269,-536,-760,-928,-1021,-1046,-981,-829,-631,-376,-93,211,495,744,929,1043,1075,1034,895,691,434,129,-181,-486,-749,-958,-1083,-1133,-1083,-953,-734,-452,-137,183,493,768,974,1101,1120,1062,908,692,415,109,-198,-498,-741,-917,-1023,-1042,-973,-839,-637,-391,-122,156,417,643,812,922,954,915,798,610,401,167,-93,-340,-555,-732,-841,-887,-877,-777,-632,-442,-219,20,262,486,663,777,845,856,785,662,488,267,33,162,196,-82,244,0,52,273,492,662,783,841,834,755,629,449,232,3,-227,-435,-616,-758,-829,-840,-788,-682,-529,-319,-82,152,380,595,754,859,898,862,766,602,380,146,-119,-380,-611,-799,-921,-963,-937,-817,-645,-420,-152,135,402,645,818,930,983,946,821,638,411,140,-125,-392,-631,-799,-912,-954,-927,-823,-649,-434,-185,75,331,568,752,878,930,914,824,659,450,209,-57,-328,-551,-743,-866,-921,-895,-796,-630,-412,-174,71,323,541,703,804,841,810,710,557,363,147,-80,-285,-469,-610,-701,-739,-716,-632,-503,-334,-149,40,225,382,522,607,640,635,572,470,342,176,16,-143,-291,628,-535,-586,-593,-562,-493,-380,-231,-82,89,252,393,506,583,610,593,520,414,268,100,-85,-256,-406,-530,-603,-629,-603,-527,-407,-249,-71,109,273,409,535,607,618,587,513,378,219,60,-116,-282,-428,-544,-605,-622,-586,-495,-366,-211,-37,151,328,470,575,635,636,576,465,312,126,-73,-270,-428,-555,-623,-627,-564,-452,-300,-113,78,251,393,488,525,506,438,326,192,47,-84,-202,-276,-322,-334,-319,-273,-202,-123,-44,27,88,134,160,173,167,148,119,90,56,28,1,-17,-42,-57,-66,-78,-83,-87,-88,-81,-66,-46,-14,18,53,82,104,109,101,67,29,-17,797,648,-82,3,-69,92,175,246,282,269,209,118,11,-101,-209,-294,-345,-364,-345,-275,-191,-89,34,157,267,367,432,457,435,382,298,178,27,-128,-291,-431,-545,-605,-623,-587,-474,-324,-132,87,304,508,685,793,828,786,673,491,231,-51,-320,-577,-803,-955,-1008,-976,-853,-651,-366,-45,280,596,857,1033,1126,1105,980,771,492,161,-188,-527,-811,-1019,-1140,-1161,-1063,-878,-633,-312,29,363,664,895,1060,1132,1095,970,769,501,188,-142,-448,-718,-928,-1052,-1088,-1037,-894,-684,-417,-109,197,491,739,919,1030,1045,982,848,622,354,54,-243,-518,-748,-907,-1004,-1010,-925,-769,-555,-291,-13,258,500,-176,853,928,934,867,733,534,313,65,-190,-431,-625,-798,-906,-945,-900,-812,-638,-412,-157,124,396,642,831,967,1023,997,885,696,438,158,-143,-433,-670,-860,-989,-1037,-999,-887,-706,-464,-193,96,384,635,842,985,1056,1041,942,772,536,255,-40,-341,-618,-841,-1007,-1096,-1105,-1019,-844,-593,-302,9,327,620,874,1045,1129,1119,1027,835,584,275,-43,-353,-637,-864,-1022,-1083,-1067,-960,-768,-528,-247,50,332,583,788,925,988,973,887,729,518,271,9,-247,-495,-690,-816,-901,-915,-848,-720,-533,-303,-72,179,411,603,750,845,865,827,718,551,350,133,-107,-341,-539,-707,-813,-849,137,109
61121,mtk,MTK 7916,860058674,rx0-tx1,512,-686,-669,-691,-453,-316,-158,15,180,327,449,526,562,558,496,406,287,145,6,-137,-266,-369,-450,-488,-494,-462,-399,-317,-214,-96,34,163,276,367,436,474,479,458,408,318,212,82,-55,-194,-324,-430,-510,-557,-556,-515,-434,-319,-175,-11,160,327,466,566,631,650,610,522,385,217,24,-164,-347,-505,-624,-696,-707,-662,-565,-407,-227,-32,169,357,518,634,699,715,665,555,409,231,28,-167,-353,-507,-618,-679,-686,-645,-552,-405,-242,-65,140,316,473,586,648,671,637,550,424,266,86,-106,-290,-443,-561,-639,-664,-643,-565,-441,-282,-95,91,274,447,559,639,663,641,565,441,-38,104,-91,-274,-431,-557,-636,-671,-648,-570,-441,-287,-100,96,286,456,577,670,700,666,568,431,261,53,-156,-352,-507,-625,-695,-696,-651,-543,-380,-193,2,204,383,521,623,670,659,588,477,325,144,-42,-220,-386,-524,-606,-642,-619,-550,-440,-286,-114,62,244,398,511,597,626,602,518,405,252,62,-110,-284,-431,-537,-610,-615,-569,-474,-325,-154,33,212,369,495,576,600,554,452,331,174,-9,-171,-325,-441,-500,-515,-487,-399,-284,-149,7,142,268,361,411,423,393,322,220,100,-25,-138,-242,-315,-347,-340,-295,-216,-113,2,111,203,258,271,241,173,82,-16,-88,-384,-511,0,-252,-22,94,142,176,181,155,99,21,-60,-133,-198,-230,-231,-214,-163,-98,-22,60,134,192,230,243,236,203,144,72,-1,-76,-139,-192,-224,-228,-221,-181,-133,-76,-14,44,95,138,160,172,174,157,144,117,86,53,7,-43,-87,-114,-149,-177,-190,-188,-167,-146,-111,-55,9,76,128,182,215,234,226,205,161,109,46,-19,-73,-131,-180,-213,-227,-220,-211,-187,-137,-88,-26,33,94,159,203,242,259,258,249,213,154,80,2,-86,-171,-241,-300,-329,-336,-307,-257,-175,-82,22,117,213,287,338,357,357,329,259,177,72,-24,-125,-227,-303,-361,-387,-376,-343,-281,-197,-48,7,125,229,311,374,407,409,387,330,245,134,16,-111,-235,-340,-417,-467,-468,-440,-372,-270,-154,-14,132,268,378,461,500,501,465,388,277,157,22,-112,-247,-356,-446,-501,-514,-493,-434,-342,-216,-84,61,213,354,457,531,568,557,508,413,282,126,-35,-198,-361,-485,-576,-629,-628,-574,-473,-335,-168,24,207,383,528,630,680,672,612,501,342,163,-46,-236,-405,-558,-652,-695,-679,-609,-488,-331,-137,59,246,415,545,628,663,649,586,469,314,136,-42,-217,-377,-508,-593,-636,-629,-572,-472,-333,-162,21,196,359,492,582,627,622,568,464,321,159,-16,-193,-352,-430,-569,9,-179,-9,414,511,573,587,554,481,370,226,75,-86,-238,-360,-462,-517,-532,-514,-445,-354,-236,-105,28,158,269,357,425,466,479,452,392,311,209,88,-40,-158,-281,-380,-457,-504,-514,-489,-424,-327,-209,-62,95,246,381,491,568,602,596,533,424,282,119,-67,-251,-416,-548,-640,-680,-664,-601,-482,-322,-132,70,261,443,587,671,710,692,616,487,316,130,-68,-267,-441,-571,-670,-705,-684,-609,-483,-323,-137,55,243,416,554,628,683,672,602,492,339,164,-23,-211,-378,-517,-617,-665,-657,-596,-492,-355,-182,1,187,360,501,606,659,655,613,501,353,189,6,-175,-352,-498,634,-665,-665,-608,-510,-368,-197,-9,183,362,510,614,678,672,617,503,358,187,-16,-215,-401,-540,-650,-702,-688,-614,-484,-326,-126,74,270,453,591,668,699,667,571,434,267,72,-127,-309,-459,-579,-644,-651,-609,-524,-385,-216,-32,154,320,465,570,614,621,577,480,347,184,-2,-178,-335,-463,-572,-610,-602,-551,-443,-300,-122,70,247,405,527,592,610,561,474,337,171,-20,-203,-347,-456,-543,-561,-524,-440,-310,-156,-6,154,295,394,462,472,434,362,250,123,-7,-139,-255,-340,-386,-385,-349,-281,-179,-62,57,166,249,304,318,289,217,117,8,-94,-173,-214,-208,-164,-569,-461,0,-422,-517,122,82,19,-55,-128,-184,-216,-209,-183,-125,-48,31,109,177,219,242,235,205,151,81,1,-77,-148,-203,-233,-241,-227,-193,-141,-66,5,77,134,171,201,206,190,166,131,88,46,-10,-52,-85,-125,-145,-164,-173,-174,-154,-130,-102,-57,-13,40,89,133,184,212,224,208,183,141,85,17,-54,-116,-169,-206,-229,-229,-214,-187,-140,-86,-27,32,84,146,186,209,230,233,226,193,144,94,26,-42,-117,-195,-251,-286,-303,-302,-265,-213,-131,-37,63,150,232,301,343,352,330,285,215,124,23,-75,-181,-263,-324,-361,-366,-356,-307,-230,-143,-32,73,177,270,339,-1135,401,386,332,257,165,55,-53,-168,-273,-364,-420,-444,-440,-392,-306,-203,-79,52,179,311,405,470,498,481,425,334,216,75,-61,-197,-324,-418,-479,-500,-492,-439,-357,-256,-120,22,163,295,407,482,523,535,508,429,313,187,30,-127,-283,-416,-515,-575,-590,-573,-504,-383,-237,-65,115,288,441,558,639,661,631,553,424,258,69,-127,-311,-477,-599,-679,-699,-647,-565,-425,-247,-51,147,337,492,612,679,682,636,536,395,226,41,-144,-320,-466,-573,-630,-640,-608,-524,-394,-237,-67,113,284,433,550,620,633,604,523,401,251,78,-104,-277,-429,-542,-606,-624,-586,-505,390,133
61122,mtk,MTK 7916,860058674,rx1-tx0,512,0,268,-599,276,438,569,662,698,692,638,514,366,175,-35,-244,-445,-610,-733,-815,-825,-756,-632,-451,-230,9,264,494,692,851,934,937,867,716,506,251,-46,-333,-599,-813,-973,-1045,-1030,-935,-755,-507,-225,89,402,682,901,1035,1089,1066,933,715,450,151,-158,-461,-717,-916,-1036,-1064,-1003,-878,-679,-411,-130,159,441,680,868,981,1015,967,843,661,414,143,-129,-404,-635,-809,-922,-970,-932,-821,-639,-410,-155,103,363,588,772,888,924,895,788,617,402,168,-80,-337,-543,-711,-828,-867,-845,-740,-587,-391,-160,83,309,519,663,756,797,761,669,530,339,141,-68,-270,-449,-588,-668,-277,-678,-608,-485,-334,-166,25,202,358,491,578,631,635,591,504,374,221,54,-131,-291,-429,-537,-615,-636,-605,-529,-416,-276,-106,69,237,396,521,603,647,632,566,469,329,182,3,-184,-356,-494,-605,-675,-690,-654,-568,-423,-244,-46,169,375,547,695,797,815,766,655,487,257,2,-257,-514,-719,-862,-932,-911,-807,-629,-374,-86,210,491,717,877,938,920,816,620,374,95,-186,-436,-627,-767,-825,-808,-717,-556,-353,-121,107,304,482,606,665,662,593,482,330,155,-36,-212,-363,-480,-543,-546,-503,-419,-282,-123,44,200,334,435,479,457,374,244,85,-78,-212,-297,-317,1421,1307,0,-320,-93,71,82,71,46,11,-29,-66,-101,-121,-129,-123,-105,-71,-30,21,68,108,142,157,164,158,130,100,50,-3,-59,-107,-158,-196,-212,-213,-199,-166,-116,-57,14,89,163,221,269,304,298,269,212,132,44,-64,-171,-267,-333,-391,-415,-389,-335,-251,-135,22,159,296,412,488,520,506,444,331,190,13,-152,-308,-442,-528,-575,-564,-482,-378,-229,-55,117,283,409,494,559,556,506,409,272,121,-34,-178,-320,-421,-488,-501,-473,-402,-308,-186,-58,60,175,279,348,386,397,382,337,272,201,113,30,-57,-156,-241,-305,-355,-388,-396,-368,-307,-223,-136,-23,101,213,325,489,473,492,478,412,318,189,47,-107,-257,-396,-496,-569,-588,-556,-483,-367,-217,-48,126,304,456,574,649,667,633,542,407,232,32,-166,-366,-531,-648,-721,-732,-684,-574,-427,-230,-20,193,404,576,689,756,769,713,587,416,222,8,-209,-405,-569,-681,-758,-765,-718,-614,-462,-278,-61,153,357,544,681,783,810,778,683,541,342,113,-129,-361,-572,-737,-842,-878,-827,-723,-545,-319,-67,195,432,640,782,860,860,790,648,457,234,-3,-232,-437,-593,-704,-752,-739,-681,-557,-393,-218,-21,159,334,477,578,642,642,618,542,426,288,124,-45,-205,-359,-487,-584,-635,-630,-583,-181,-271,0,1672,1587,612,523,394,225,35,-150,-352,-519,-647,-735,-756,-727,-641,-498,-322,-110,133,357,559,729,835,885,855,753,599,383,116,-154,-421,-664,-844,-969,-1007,-961,-833,-636,-381,-81,214,505,760,941,1054,1081,1011,856,620,334,29,-291,-595,-829,-995,-1077,-1076,-982,-808,-570,-279,31,322,578,809,962,1032,1028,935,764,544,282,0,-282,-539,-751,-911,-984,-991,-909,-748,-540,-297,-23,252,500,709,862,940,949,868,724,524,285,30,-227,-473,-672,-810,-882,-895,-830,-691,-513,-281,-40,205,431,613,750,826,829,767,642,457,260,36,-187,-385,-563,-682,-735,-741,-687,-586,-434,-257,315,137,324,480,580,650,669,630,546,420,271,109,-66,-238,-389,-510,-584,-632,-625,-560,-461,-329,-167,10,183,338,467,568,625,630,590,506,377,222,52,-132,-291,-442,-555,-625,-662,-637,-562,-448,-304,-127,65,253,435,585,684,738,733,664,546,386,167,-83,-316,-523,-706,-833,-885,-865,-761,-575,-338,-59,234,502,730,884,949,935,830,636,380,95,-184,-458,-683,-831,-898,-879,-766,-595,-371,-115,132,366,556,690,754,734,650,527,343,145,-69,-259,-416,-530,-596,-604,-551,-456,-316,-149,28,187,335,444,497,502,455,362,223,56,-113,-258,-365,-414,-398,-316,-188,-45,-177,583,0,-337,-455,-4,-32,-65,-91,-106,-108,-93,-65,-25,12,52,89,124,142,152,139,119,78,33,-13,-68,-108,-151,-177,-187,-178,-159,-130,-80,-19,42,107,169,211,240,254,248,218,165,102,11,-82,-166,-243,-301,-344,-358,-332,-269,-188,-91,39,163,274,368,448,476,446,397,294,159,3,-157,-311,-431,-519,-554,-534,-472,-359,-210,-47,139,297,422,531,575,571,506,388,257,93,-89,-241,-384,-482,-534,-536,-498,-414,-291,-147,1,135,255,353,425,448,432,393,321,221,117,14,-88,-174,-249,-305,-342,-353,-357,-338,-287,-217,-136,-41,64,173,272,344,401,441,432,397,332,-571,98,-30,-175,-298,-403,-488,-533,-535,-492,-404,-285,-138,39,200,350,479,568,609,609,556,453,313,140,-54,-245,-425,-561,-661,-699,-688,-619,-486,-323,-129,81,290,472,622,719,751,731,649,505,327,128,-90,-312,-502,-638,-731,-770,-743,-659,-517,-344,-137,78,282,470,622,730,786,767,705,579,413,211,-21,-242,-447,-622,-760,-836,-841,-775,-651,-453,-227,26,275,500,706,828,893,865,778,611,399,153,-98,-340,-548,-700,-788,-815,-774,-668,-511,-319,-106,98,294,474,595,676,701,670,597,474,332,160,-16,-182,-345,-473,-570,-627,-631,-603,-526,-408,-259,-90,77,237,242,100
61123,mtk,MTK 7916,860058674,rx1-tx1,512,0,0,0,-439,-154,182,482,676,711,577,303,-40,-374,-621,-728,-656,-434,-110,239,521,674,666,498,217,-115,-405,-593,-637,-527,-283,31,326,532,610,527,316,35,-264,-494,-596,-548,-364,-85,209,455,578,554,381,114,-182,-424,-566,-569,-423,-168,126,399,570,603,484,242,-57,-336,-539,-620,-547,-334,-44,255,480,590,552,379,116,-176,-423,-547,-533,-393,-158,128,378,520,530,414,193,-83,-354,-534,-577,-470,-253,34,316,508,584,535,348,73,-223,-464,-590,-571,-424,-183,105,365,527,569,481,272,9,-257,-453,-538,-496,-337,-106,138,347,470,475,374,185,-50,-251,-372,-402,0,-191,-4,174,288,322,269,150,-14,-169,-260,-279,-224,-94,61,212,311,319,249,103,-82,-258,-367,-388,-323,-160,55,268,421,481,414,244,18,-220,-425,-535,-515,-372,-134,144,385,542,581,489,278,-11,-304,-517,-607,-574,-406,-130,182,452,607,629,510,266,-45,-346,-569,-668,-609,-402,-102,224,500,661,674,536,273,-51,-364,-602,-710,-650,-451,-152,174,456,645,691,571,340,50,-252,-494,-618,-606,-471,-240,40,301,490,560,506,349,126,-111,-317,-450,-479,-403,-247,-46,151,307,398,400,315,169,2,-153,-277,-344,-339,-274,-165,-33,98,197,252,263,235,179,104,0,0,0,0,0,-43,79,208,332,424,449,399,275,88,-132,-341,-506,-584,-550,-408,-187,79,350,565,670,630,465,206,-104,-404,-615,-700,-646,-455,-147,200,498,686,726,604,348,2,-350,-629,-765,-731,-526,-195,185,530,760,814,679,383,-11,-410,-720,-869,-819,-576,-205,215,596,847,901,737,408,-15,-432,-759,-902,-834,-577,-186,255,627,851,872,677,337,-84,-487,-773,-871,-763,-472,-65,352,677,848,810,564,183,-244,-613,-833,-849,-659,-303,137,545,823,901,762,438,2,-446,-790,-955,-893,-611,-179,304,728,982,1012,803,403,-92,-575,-928,-1070,-958,-623,-149,359,797,1049,1042,790,0,-136,-607,-938,-1044,-892,-532,-50,452,840,1021,956,660,208,-303,-739,-982,-1001,-773,-359,149,627,955,1056,894,518,22,-480,-877,-1068,-1001,-699,-226,298,751,1024,1060,843,424,-96,-582,-916,-1038,-918,-570,-91,401,780,963,909,641,217,-257,-651,-873,-869,-643,-268,176,581,823,859,681,319,-135,-548,-831,-915,-767,-422,36,493,832,982,904,598,143,-341,-751,-985,-988,-757,-352,129,576,891,1000,860,528,81,-383,-738,-915,-879,-638,-262,164,542,778,817,667,367,-5,-362,-614,-695,-607,-377,-58,259,486,590,539,341,56,-234,-451,-548,-503,-321,-46,246,468,571,530,352,0,0,0,0,0,-505,-664,-671,-514,-224,122,437,651,718,620,374,39,-304,-581,-714,-669,-468,-167,165,456,639,662,524,260,-61,-359,-561,-630,-535,-304,-6,289,512,591,530,345,58,-242,-467,-576,-544,-373,-106,194,439,566,555,403,146,-153,-413,-569,-579,-451,-209,93,374,562,613,515,296,-5,-300,-521,-609,-548,-356,-81,215,450,564,540,383,135,-148,-395,-536,-536,-404,-171,111,359,518,545,435,216,-60,-334,-526,-574,-488,-296,-20,270,498,597,554,385,121,-174,-416,-562,-577,-448,-227,49,313,503,567,491,306,56,-200,-402,-507,-502,-372,-156,85,291,421,448,357,186,-12,0,-327,-365,-308,-171,5,171,274,292,243,126,-40,-191,-280,-292,-220,-89,79,229,332,354,275,123,-78,-272,-404,-447,-372,-201,27,257,434,509,469,319,85,-181,-414,-549,-565,-443,-204,80,338,533,607,535,337,51,-256,-490,-616,-607,-459,-193,117,393,588,650,554,331,22,-305,-562,-679,-645,-471,-184,147,445,645,703,604,370,48,-281,-537,-676,-672,-529,-267,61,364,573,659,602,417,140,-154,-401,-558,-598,-500,-304,-55,201,405,508,505,393,199,-25,-231,-376,-440,-412,-298,-120,74,237,339,375,334,227,88,-65,-197,-287,-319,-292,-219,-124,-23,72,143,184,0,0,0,0,0,-308,-334,-313,-228,-89,81,260,418,516,529,438,260,33,-216,-444,-594,-629,-539,-340,-65,236,501,656,687,576,339,25,-300,-566,-713,-704,-540,-253,95,426,662,750,673,440,99,-274,-590,-771,-777,-603,-281,102,473,745,850,759,490,97,-322,-673,-868,-861,-661,-308,121,526,804,900,794,500,85,-345,-695,-882,-859,-639,-267,168,557,811,880,742,415,-7,-420,-726,-858,-789,-522,-126,296,655,846,830,607,236,-191,-576,-821,-882,-709,-357,67,491,812,937,833,517,75,-386,-766,-975,-959,-711,-287,204,650,965,1049,888,521,25,-473,-860,-1055,-1002,-711,-264,249,707,0,1041,849,456,-45,-533,-891,-1032,-929,-599,-123,374,779,1004,978,711,279,-227,-683,-978,-1031,-841,-434,69,555,922,1069,955,614,129,-397,-823,-1060,-1045,-782,-331,197,670,977,1056,891,507,1,-489,-858,-1019,-927,-614,-160,318,706,906,884,651,254,-213,-613,-842,-860,-666,-289,159,566,839,894,714,358,-94,-539,-855,-959,-836,-510,-52,419,794,980,942,680,255,-240,-669,-941,-990,-817,-447,27,482,818,962,882,594,174,-267,-640,-852,-862,-668,-326,72,438,686,756,641,377,36,-298,-545,-641,-574,-365,-68,237,465,560,507,323,54,-232,-458,-561,-507,-322,-50,243,476,0,0
61124,mtk,MTK 7916,860058674,rx2-tx0,512,0,0,0,-736,-201,396,918,1233,1260,978,450,-201,-811,-1234,-1377,-1194,-720,-63,610,1140,1402,1332,949,334,-371,-983,-1351,-1399,-1113,-554,135,789,1254,1416,1235,755,93,-593,-1130,-1389,-1303,-898,-277,404,993,1340,1343,1018,451,-229,-852,-1260,-1350,-1112,-598,62,704,1171,1340,1175,727,103,-534,-1036,-1282,-1204,-822,-239,394,921,1215,1196,873,341,-273,-817,-1147,-1181,-912,-413,192,743,1103,1180,955,483,-116,-695,-1095,-1217,-1023,-564,40,636,1083,1267,1130,706,92,-556,-1070,-1322,-1251,-876,-277,402,993,1343,1372,1071,496,-198,-849,-1307,-1454,-1244,-730,-47,653,1203,1465,1375,956,304,-427,-1051,-1419,-1450,0,-554,174,858,1325,1474,1268,757,60,-652,-1205,-1465,-1377,-959,-306,423,1066,1449,1476,1151,550,-186,-896,-1389,-1553,-1346,-816,-81,679,1279,1578,1512,1085,390,-398,-1096,-1540,-1614,-1310,-705,68,837,1413,1657,1509,1013,273,-529,-1203,-1602,-1633,-1280,-634,161,914,1444,1637,1453,937,203,-572,-1203,-1552,-1540,-1178,-552,199,898,1380,1537,1338,838,162,-549,-1126,-1441,-1425,-1087,-513,160,783,1226,1388,1236,820,230,-393,-907,-1210,-1238,-993,-547,2,528,918,1100,1036,751,321,-159,-588,-871,-957,-828,-533,-144,260,589,776,799,658,397,75,-252,-512,-656,-675,-574,-378,-132,113,313,436,471,437,346,0,0,0,0,0,-372,-300,-164,28,254,468,624,682,619,441,160,-172,-486,-720,-829,-773,-556,-212,190,568,839,942,850,566,149,-314,-723,-993,-1050,-869,-497,-5,505,920,1139,1103,826,350,-217,-750,-1123,-1251,-1098,-696,-123,482,987,1282,1275,976,450,-177,-777,-1200,-1349,-1194,-763,-151,498,1041,1348,1336,1017,471,-186,-799,-1224,-1365,-1186,-741,-124,514,1030,1298,1254,925,381,-235,-786,-1150,-1234,-1022,-569,12,578,992,1161,1047,674,147,-401,-840,-1068,-1032,-737,-259,275,732,1002,1023,792,349,-187,-669,-983,-1057,-868,-455,81,604,983,1122,978,594,66,-491,-946,-1168,-1104,-776,-256,334,851,1163,1197,0,467,-135,-700,-1104,-1244,-1075,-646,-59,543,1017,1246,1169,805,246,-384,-919,-1230,-1239,-947,-414,228,813,1211,1320,1098,611,-32,-674,-1151,-1351,-1236,-818,-194,478,1031,1339,1321,988,418,-251,-857,-1257,-1353,-1117,-615,34,663,1125,1310,1172,750,154,-478,-986,-1240,-1184,-836,-291,314,839,1150,1167,890,401,-189,-722,-1068,-1147,-938,-486,73,601,988,1128,971,579,50,-487,-896,-1080,-987,-652,-168,353,783,1008,974,696,251,-246,-671,-924,-933,-700,-302,166,584,842,873,675,306,-141,-549,-813,-861,-677,-315,132,547,819,886,723,359,-108,-551,-861,-950,-792,-431,56,543,904,1043,922,559,0,0,0,0,0,-949,-1198,-1172,-855,-315,309,869,1244,1325,1088,582,-66,-709,-1199,-1401,-1267,-836,-201,487,1064,1388,1381,1040,453,-243,-882,-1307,-1419,-1187,-666,19,692,1195,1406,1274,832,190,-499,-1066,-1365,-1323,-961,-372,312,926,1300,1347,1063,520,-150,-773,-1202,-1343,-1152,-665,-20,623,1107,1313,1194,782,177,-469,-989,-1250,-1201,-855,-297,330,869,1180,1186,897,383,-230,-776,-1119,-1178,-931,-445,153,712,1091,1194,991,527,-82,-669,-1092,-1243,-1075,-625,-20,597,1081,1302,1192,783,175,-480,-1036,-1344,-1318,-966,-385,304,930,1337,1422,1162,622,-75,-764,-1269,-1466,-1314,-844,-173,541,1130,1445,1415,1045,424,-296,0,-1374,-1469,-1211,-657,55,754,1270,1476,1326,857,182,-547,-1144,-1461,-1430,-1062,-428,318,985,1426,1529,1254,670,-73,-800,-1346,-1569,-1422,-942,-230,547,1198,1573,1572,1197,538,-246,-980,-1488,-1647,-1415,-857,-97,690,1316,1634,1579,1152,451,-351,-1068,-1534,-1644,-1380,-798,-34,736,1331,1610,1515,1069,382,-387,-1054,-1472,-1549,-1273,-707,17,725,1258,1502,1405,985,343,-365,-977,-1351,-1428,-1190,-683,-41,595,1087,1316,1251,923,404,-186,-717,-1078,-1185,-1037,-670,-170,346,761,992,1000,803,438,1,-415,-728,-872,-824,-610,-279,95,427,658,749,690,502,230,-63,-328,-518,-600,-577,-464,-293,-104,67,205,0,0,0,0,0,-195,-360,-488,-554,-528,-410,-211,54,347,594,740,758,635,373,26,-341,-657,-852,-881,-716,-394,22,448,790,980,961,725,327,-159,-628,-970,-1109,-1002,-658,-168,374,855,1151,1188,964,518,-56,-633,-1070,-1269,-1192,-839,-288,333,884,1244,1325,1100,624,-5,-644,-1133,-1362,-1283,-902,-318,336,918,1288,1366,1126,616,-27,-659,-1131,-1339,-1241,-850,-267,366,906,1229,1259,984,486,-118,-681,-1071,-1202,-1036,-621,-76,476,913,1116,1038,713,215,-333,-788,-1038,-1027,-761,-299,235,702,993,1037,812,388,-135,-636,-982,-1088,-921,-520,14,555,965,1148,1051,693,165,-412,-894,-1163,-1155,-870,-366,236,0,1140,1223,1016,555,-42,-633,-1066,-1243,-1120,-729,-155,462,971,1232,1190,867,326,-304,-864,-1221,-1284,-1028,-507,135,742,1184,1349,1174,713,80,-569,-1092,-1357,-1292,-909,-306,364,950,1316,1356,1059,516,-140,-764,-1195,-1335,-1154,-694,-75,557,1049,1274,1183,800,227,-389,-903,-1187,-1174,-868,-347,252,784,1116,1157,910,441,-134,-671,-1031,-1134,-951,-536,7,549,943,1096,974,613,104,-423,-837,-1038,-981,-674,-205,302,723,952,946,702,278,-201,-623,-878,-896,-690,-310,147,560,823,866,675,309,-135,-541,-807,-861,-690,-328,125,556,845,915,746,384,-84,-547,-881,-995,-857,-491,12,527,915,0,0
61125,mtk,MTK 7916,860058674,rx2-tx1,512,0,0,0,164,-388,-867,-1133,-1123,-850,-376,201,750,1114,1204,1013,586,14,-569,-1013,-1214,-1130,-779,-241,350,856,1159,1181,920,446,-132,-675,-1038,-1146,-985,-595,-62,474,883,1067,980,654,175,-341,-761,-983,-958,-676,-221,276,698,936,933,689,272,-215,-650,-930,-969,-745,-338,153,615,922,1005,828,437,-59,-544,-898,-1021,-893,-540,-45,457,850,1033,947,625,147,-374,-813,-1049,-1020,-720,-243,296,784,1085,1113,868,402,-176,-718,-1095,-1210,-1038,-619,-37,571,1032,1251,1185,836,292,-321,-865,-1207,-1272,-1034,-553,58,652,1086,1270,1158,779,225,-374,-877,-1173,-1192,-939,-476,84,618,985,1107,969,0,139,-358,-762,-966,-922,-659,-256,187,575,813,829,641,307,-99,-471,-717,-767,-615,-320,51,405,652,721,603,334,-24,-372,-619,-702,-602,-340,12,368,637,751,658,380,-3,-399,-711,-857,-797,-530,-112,350,750,979,983,752,335,-185,-675,-1017,-1140,-997,-617,-76,486,946,1203,1190,900,396,-206,-765,-1155,-1291,-1143,-734,-149,475,989,1294,1319,1055,550,-70,-661,-1112,-1326,-1257,-924,-395,202,736,1102,1228,1095,745,240,-292,-738,-1012,-1064,-898,-543,-90,356,710,899,885,688,362,-23,-381,-646,-767,-723,-537,-252,68,356,560,649,614,469,260,23,-207,-380,-468,-476,-409,-296,-170,0,0,0,0,0,148,-21,-216,-412,-571,-653,-622,-479,-246,41,339,582,720,726,588,321,-8,-344,-617,-766,-751,-572,-268,97,441,697,805,736,499,139,-260,-606,-812,-840,-679,-355,60,472,770,902,839,570,163,-276,-658,-898,-931,-763,-407,63,503,834,979,889,584,141,-332,-724,-957,-969,-737,-336,134,576,895,999,861,521,57,-422,-798,-985,-933,-664,-239,239,663,922,960,774,401,-73,-521,-835,-954,-843,-516,-65,398,758,935,881,608,190,-282,-689,-927,-934,-712,-327,136,574,879,976,837,486,24,-440,-801,-964,-898,-623,-197,284,698,933,946,737,349,-130,-580,-882,-971,-824,-474,0,448,805,961,882,596,161,-309,-701,-926,-923,-696,-301,169,593,862,911,732,370,-86,-514,-819,-912,-767,-430,22,476,816,953,850,525,63,-421,-810,-1015,-967,-679,-218,304,772,1050,1063,822,394,-143,-653,-1002,-1112,-955,-555,-25,502,905,1092,1007,664,159,-373,-812,-1061,-1042,-758,-286,256,737,1027,1064,832,387,-153,-659,-996,-1078,-903,-498,38,564,957,1117,990,616,92,-458,-903,-1129,-1071,-756,-247,326,817,1117,1152,906,436,-146,-689,-1058,-1174,-1007,-606,-66,496,941,1143,1064,731,227,-331,-805,-1075,-1068,-802,-347,193,686,1000,1064,864,448,-78,-587,-947,-1065,-925,-555,-42,0,0,0,0,0,1112,1067,763,263,-314,-826,-1138,-1173,-932,-475,102,662,1074,1230,1090,696,137,-458,-935,-1195,-1170,-861,-348,236,764,1100,1165,959,526,-36,-579,-968,-1117,-991,-629,-129,395,814,1021,968,669,201,-300,-719,-954,-941,-679,-242,243,662,920,942,725,306,-198,-645,-925,-980,-788,-394,106,585,917,1012,852,484,-11,-511,-873,-1021,-921,-583,-91,424,830,1037,983,672,184,-354,-801,-1059,-1063,-795,-316,246,760,1098,1160,939,500,-79,-659,-1082,-1254,-1131,-726,-151,461,962,1243,1243,948,419,-199,-769,-1163,-1280,-1102,-668,-86,512,990,1227,1178,864,351,-238,-751,-1086,-1168,-970,-555,-29,485,0,1039,963,667,223,-266,-666,-884,-874,-654,-286,136,510,743,789,637,323,-63,-428,-670,-738,-621,-333,37,388,628,705,599,337,-15,-369,-634,-727,-623,-356,12,389,676,792,708,444,49,-380,-737,-924,-887,-626,-203,280,721,1012,1074,878,465,-58,-584,-997,-1180,-1093,-757,-236,357,869,1193,1255,1028,561,-30,-628,-1086,-1304,-1244,-904,-351,281,845,1223,1342,1173,751,171,-444,-947,-1242,-1277,-1035,-584,-31,512,933,1144,1106,842,420,-80,-544,-870,-995,-908,-633,-240,174,537,773,831,711,453,122,-225,-517,-681,-702,-591,-373,-96,179,406,547,583,523,381,196,6,-155,-266,-326,0,0,0,0,0,451,520,512,417,243,8,-251,-484,-647,-709,-635,-440,-159,168,469,677,753,681,467,139,-217,-536,-742,-785,-664,-394,-32,346,654,817,793,592,242,-170,-538,-791,-880,-762,-466,-54,375,724,916,894,664,279,-173,-597,-881,-965,-828,-496,-50,415,786,968,925,669,246,-240,-666,-931,-977,-796,-424,45,502,847,991,897,591,152,-331,-735,-962,-967,-739,-329,152,589,884,956,799,452,-11,-461,-801,-943,-851,-553,-126,326,707,923,914,669,246,-221,-632,-900,-957,-783,-419,53,508,844,987,877,556,110,-359,-751,-959,-929,-680,-269,212,635,904,959,776,406,-60,-514,-852,0,-860,-541,-97,375,761,961,923,652,231,-236,-642,-895,-922,-713,-333,120,546,830,907,753,402,-52,-494,-812,-921,-803,-476,-16,452,819,985,913,606,139,-374,-805,-1043,-1025,-765,-317,221,715,1030,1095,899,481,-56,-574,-957,-1107,-983,-623,-106,437,867,1069,1017,713,232,-304,-765,-1043,-1057,-795,-337,199,682,1003,1073,862,441,-89,-610,-984,-1104,-945,-548,-17,516,929,1122,1040,692,171,-396,-872,-1132,-1112,-823,-340,239,762,1095,1164,955,513,-52,-600,-1006,-1169,-1044,-674,-140,421,873,1110,1079,781,292,-262,-740,-1038,-1074,-841,-404,128,621,960,1061,897,510,-8,-533,-925,-1087,0,0
61126,mtk,MTK 7916,860121843,rx0-tx0,512,-330,959,995,848,858,832,755,626,467,291,85,-109,-303,-485,-625,-739,-822,-854,-836,-788,-685,-540,-376,-184,22,223,408,585,736,834,902,915,873,787,637,467,270,33,-200,-419,-621,-797,-909,-980,-993,-947,-838,-679,-487,-264,-17,220,444,650,811,925,984,988,926,812,661,463,247,18,-196,-418,-607,-769,-870,-924,-942,-894,-807,-671,-487,-287,-64,160,371,566,722,842,915,916,876,783,649,477,274,60,-167,-362,-539,-688,-782,-831,-839,-796,-705,-572,-411,-227,-34,153,329,476,592,685,717,722,683,608,500,363,212,55,-96,-248,-375,-487,-558,-609,-621,-598,-551,-478,-381,-254,-26,15,156,285,402,489,557,591,591,561,499,411,297,164,32,-107,-251,-377,-485,-560,-605,-618,-589,-530,-431,-318,-185,-36,116,265,389,492,571,613,625,587,522,432,300,154,10,-137,-282,-413,-515,-585,-630,-629,-589,-520,-419,-288,-139,24,185,341,476,590,658,677,654,586,470,324,161,-16,-191,-349,-492,-592,-640,-638,-584,-488,-365,-212,-57,105,248,358,427,463,472,442,371,283,174,78,-22,-111,-169,-222,-252,-251,-243,-217,-176,-141,-98,-44,-1,29,55,76,85,84,80,81,83,81,77,69,62,48,37,18,-6,-35,-68,-87,-98,-110,-98,-74,-41,-10,541,725,510,235,235,63,146,219,271,290,275,227,148,48,-49,-152,-245,-321,-359,-378,-374,-334,-277,-201,-106,6,119,221,326,415,471,507,510,477,408,307,187,32,-119,-283,-439,-569,-676,-739,-743,-699,-608,-468,-282,-70,163,391,606,762,889,965,957,899,758,566,332,64,-211,-483,-723,-912,-1048,-1124,-1109,-1014,-856,-633,-382,-90,206,498,746,958,1101,1157,1151,1068,906,690,449,169,-129,-408,-657,-866,-1027,-1115,-1121,-1070,-952,-789,-556,-293,-29,245,497,720,904,1019,1080,1075,1003,865,681,463,212,-50,-302,-550,-757,-913,-1003,-1044,-1015,-928,-797,-603,-371,-125,115,347,564,747,876,946,301,932,854,721,552,361,151,-68,-282,-475,-655,-794,-886,-938,-935,-889,-800,-649,-463,-257,-23,220,453,664,838,954,1029,1040,977,872,703,504,269,25,-237,-477,-675,-850,-973,-1024,-1038,-989,-892,-743,-543,-326,-86,167,407,635,832,978,1072,1101,1062,973,834,625,393,136,-138,-403,-643,-855,-1011,-1108,-1149,-1117,-1026,-864,-658,-407,-125,165,441,675,881,1032,1113,1134,1081,956,800,584,337,79,-176,-406,-624,-791,-916,-1001,-1021,-965,-871,-741,-556,-342,-123,104,323,518,692,814,884,922,910,840,720,563,389,181,-30,-236,-427,-601,-738,-831,-874,-874,-822,-733,-601,-425,-230,-33,162,196,-82,244,0,173,-37,-234,-428,-591,-712,-806,-849,-841,-800,-700,-568,-412,-234,-33,160,351,535,668,774,848,878,846,776,668,511,327,129,-94,-307,-516,-693,-814,-917,-960,-940,-869,-759,-591,-380,-152,91,333,548,733,872,972,1005,972,892,754,569,356,125,-107,-338,-540,-722,-859,-941,-961,-936,-865,-739,-570,-366,-160,65,290,484,668,801,889,932,920,855,744,582,398,177,-49,-267,-467,-637,-776,-865,-907,-878,-793,-684,-527,-345,-148,56,259,439,582,698,765,787,764,698,590,459,297,119,-48,-221,-368,-493,-583,-645,-672,-664,-613,-530,-422,-299,-167,-18,125,259,378,477,550,628,603,577,521,437,333,218,79,-59,-193,-317,-423,-512,-566,-592,-592,-552,-478,-378,-252,-118,34,179,322,438,530,592,621,614,568,482,377,243,99,-51,-204,-329,-453,-547,-597,-615,-600,-555,-473,-359,-226,-81,73,223,362,488,577,630,648,625,570,477,338,170,-8,-176,-341,-480,-589,-650,-667,-627,-553,-441,-287,-119,61,234,377,489,553,576,552,484,384,262,131,-4,-131,-224,-302,-345,-360,-355,-307,-251,-189,-108,-39,19,77,115,135,158,159,151,136,119,99,76,48,32,15,-2,-18,-35,-44,-61,-73,-81,-89,-91,-92,-79,-54,-34,4,46,72,85,79,797,648,-82,3,-69,205,185,135,53,-42,-139,-225,-298,-339,-346,-326,-277,-201,-106,-9,104,204,287,357,411,436,421,389,332,240,132,15,-116,-249,-374,-474,-558,-609,-618,-596,-510,-388,-237,-54,136,330,514,673,787,847,855,807,687,513,311,60,-186,-430,-666,-852,-991,-1053,-1050,-974,-818,-616,-365,-86,221,503,750,938,1075,1144,1139,1043,879,669,398,114,-181,-470,-732,-922,-1064,-1140,-1147,-1072,-932,-734,-500,-230,52,328,584,798,966,1053,1088,1076,983,837,620,379,125,-140,-406,-642,-830,-972,-1055,-1063,-1015,-909,-740,-525,-291,-37,224,454,662,835,949,1003,997,934,820,650,449,230,-176,-218,-432,-620,-761,-868,-927,-936,-886,-797,-668,-499,-313,-101,119,333,544,732,865,956,1004,985,916,785,598,377,142,-113,-353,-579,-776,-922,-1015,-1052,-1029,-932,-795,-618,-396,-157,82,335,554,751,904,1011,1069,1056,981,868,689,484,244,-15,-272,-515,-749,-933,-1049,-1122,-1129,-1067,-949,-770,-537,-276,12,290,548,779,961,1090,1155,1151,1068,927,743,503,239,-41,-320,-557,-766,-939,-1035,-1076,-1049,-971,-838,-649,-441,-217,32,265,473,666,819,912,957,956,894,787,643,455,256,46,-174,-384,-564,-709,-818,-889,-901,-862,-780,-653,-489,-305,-104,98,298,480,645,768,832,855,137,109
61127,mtk,MTK 7916,860121843,rx0-tx1,512,-686,-669,-691,537,449,336,208,64,-76,-208,-332,-431,-502,-547,-555,-531,-482,-405,-311,-203,-86,31,141,239,327,397,445,481,482,456,416,355,280,198,97,-11,-111,-217,-314,-394,-461,-508,-515,-515,-493,-430,-340,-232,-113,23,160,293,412,516,590,627,629,599,538,429,306,159,-6,-173,-322,-464,-577,-650,-693,-691,-655,-573,-460,-319,-158,11,175,336,477,588,659,697,692,649,572,463,332,169,0,-159,-311,-446,-556,-634,-679,-676,-643,-566,-459,-332,-179,-27,133,291,418,524,605,655,665,634,567,465,339,196,46,-111,-263,-393,-508,-593,-640,-658,-639,-567,-476,-356,-215,-58,-38,264,405,515,607,657,670,643,572,477,352,200,42,-119,-284,-421,-540,-630,-672,-683,-654,-583,-462,-326,-166,3,183,340,475,587,658,688,668,610,519,393,251,85,-82,-236,-382,-497,-583,-640,-647,-619,-560,-468,-334,-197,-39,121,260,387,494,563,612,619,580,515,412,291,156,2,-153,-287,-413,-514,-579,-607,-594,-553,-473,-350,-220,-65,98,249,378,493,565,586,576,529,431,313,172,25,-122,-251,-366,-443,-491,-494,-470,-408,-324,-216,-99,19,137,240,316,370,396,388,344,283,204,110,9,-91,-184,-259,-303,-316,-303,-255,-181,-87,5,93,162,200,205,181,-384,-511,0,-252,-22,136,107,57,-13,-81,-141,-189,-220,-231,-210,-163,-107,-37,36,103,159,206,242,253,240,208,167,110,40,-17,-87,-146,-190,-223,-237,-233,-215,-177,-142,-88,-36,23,67,111,144,166,184,193,181,170,154,133,106,62,29,-15,-60,-99,-138,-174,-206,-220,-229,-219,-192,-156,-112,-61,9,70,118,162,204,225,234,237,218,190,158,105,61,17,-43,-92,-136,-172,-206,-231,-237,-245,-240,-215,-185,-142,-89,-25,40,108,169,229,278,309,324,314,286,238,174,97,18,-64,-145,-216,-278,-329,-353,-358,-341,-310,-254,-187,-112,-24,64,149,238,295,341,378,388,371,-48,290,219,137,51,-44,-150,-238,-308,-376,-423,-432,-427,-405,-350,-274,-178,-68,47,163,267,360,438,481,496,483,445,383,293,189,74,-53,-168,-270,-362,-429,-487,-503,-506,-477,-418,-335,-230,-117,2,125,244,353,449,519,563,568,551,498,421,312,183,45,-98,-240,-368,-481,-564,-618,-638,-628,-575,-490,-370,-226,-69,94,252,399,525,617,673,691,669,606,501,366,214,43,-118,-281,-420,-535,-623,-666,-675,-641,-568,-469,-345,-196,-39,117,262,391,499,578,624,636,608,554,467,350,217,66,-78,-229,-367,-475,-562,-618,-632,-614,-561,-467,-355,-218,-71,73,220,362,-430,-569,9,-179,-9,-280,-404,-497,-561,-592,-579,-542,-470,-373,-256,-126,7,132,244,343,419,478,510,509,479,428,364,278,187,79,-31,-132,-224,-311,-378,-436,-475,-480,-466,-437,-382,-309,-222,-113,6,115,243,353,441,512,561,585,568,520,444,340,209,69,-85,-231,-377,-498,-584,-648,-672,-654,-601,-518,-384,-238,-76,87,252,404,536,629,686,701,681,620,520,389,243,83,-87,-251,-403,-527,-621,-681,-695,-673,-610,-512,-388,-248,-95,70,223,369,485,584,643,661,653,603,517,407,270,115,-47,-196,-336,-459,-554,-619,-649,-646,-602,-526,-422,-282,-132,17,178,324,449,555,625,658,634,611,523,415,281,126,-33,-193,-339,-464,-567,-637,-663,-662,-616,-529,-412,-259,-99,61,221,381,514,605,667,693,669,604,505,371,210,36,-135,-294,-433,-547,-624,-668,-658,-615,-540,-427,-300,-141,24,183,321,452,541,599,630,610,558,487,380,252,110,-54,-204,-342,-453,-532,-585,-611,-587,-530,-446,-330,-197,-47,104,253,392,498,563,607,598,549,468,354,206,50,-100,-255,-379,-473,-535,-550,-526,-466,-380,-266,-138,-1,129,247,341,408,443,443,414,349,270,174,64,-54,-158,-242,-308,-347,-359,-338,-292,-216,-121,-23,75,165,232,267,269,240,177,95,9,-62,-569,-461,0,-422,-517,-79,-135,-176,-194,-182,-150,-97,-36,40,113,170,212,239,236,216,180,135,73,2,-71,-133,-191,-237,-253,-252,-239,-199,-149,-89,-27,31,91,139,176,200,213,212,196,173,136,98,61,17,-22,-53,-90,-125,-161,-182,-190,-201,-192,-174,-148,-116,-75,-28,22,78,133,172,202,232,242,235,211,183,141,80,25,-39,-98,-139,-179,-208,-218,-233,-231,-211,-192,-158,-121,-74,-30,21,83,134,179,221,259,281,282,264,237,197,136,70,-11,-85,-163,-231,-290,-328,-346,-349,-327,-280,-218,-140,-56,27,109,186,255,309,351,370,365,347,301,229,160,74,-19,-107,-1135,-263,-335,-380,-403,-413,-395,-346,-286,-211,-109,-7,89,195,289,362,422,461,472,453,404,338,242,124,3,-118,-228,-330,-413,-465,-500,-502,-475,-428,-350,-261,-149,-30,79,201,303,402,473,518,534,527,489,420,328,215,85,-43,-172,-294,-406,-506,-570,-599,-600,-564,-501,-407,-285,-141,9,168,314,444,545,620,660,660,623,545,437,299,148,-21,-185,-343,-480,-583,-660,-693,-678,-628,-536,-426,-283,-122,45,208,352,471,568,631,659,644,592,510,401,273,133,-19,-170,-305,-432,-527,-596,-627,-625,-591,-514,-411,-292,-148,4,149,295,414,512,584,616,613,578,501,390,133
61128,mtk,MTK 7916,860121843,rx1-tx0,512,0,268,-599,-99,-255,-395,-520,-627,-696,-733,-725,-682,-601,-472,-316,-141,40,217,397,574,711,797,857,870,829,720,584,408,193,-38,-258,-477,-683,-845,-946,-1000,-1002,-932,-803,-631,-418,-168,97,355,599,807,962,1061,1089,1065,964,804,600,347,79,-187,-437,-671,-865,-993,-1063,-1070,-1010,-901,-739,-535,-299,-52,185,419,639,805,936,995,999,954,862,719,532,307,74,-159,-385,-589,-764,-881,-956,-971,-927,-832,-686,-504,-303,-79,136,349,549,706,817,889,898,861,776,643,475,283,75,-126,-329,-508,-653,-747,-799,-813,-777,-690,-571,-420,-256,-66,123,279,427,555,648,699,718,679,-277,515,388,238,90,-62,-212,-342,-455,-544,-601,-628,-613,-581,-514,-422,-305,-166,-29,118,255,381,491,564,610,633,612,559,480,361,235,90,-62,-201,-330,-451,-553,-620,-650,-652,-622,-549,-451,-320,-175,-14,148,304,439,573,678,745,772,743,673,566,421,230,29,-192,-407,-598,-753,-868,-930,-926,-848,-713,-547,-324,-69,191,438,656,831,937,978,948,850,694,487,241,5,-251,-475,-640,-767,-834,-846,-784,-676,-529,-348,-162,45,229,383,513,610,657,654,607,525,408,259,107,-46,-193,-326,-436,-496,-528,-522,-461,-367,-254,-112,36,176,296,382,418,398,329,220,93,1421,1307,0,-320,-93,3,-20,-52,-73,-97,-109,-112,-104,-77,-43,-5,31,66,96,119,143,156,154,145,117,92,50,1,-43,-92,-138,-168,-188,-199,-203,-195,-170,-139,-87,-37,20,83,137,187,230,260,278,279,258,222,174,108,27,-57,-136,-221,-297,-361,-401,-405,-389,-361,-287,-187,-72,55,173,295,404,468,518,525,488,432,336,205,70,-78,-217,-335,-436,-506,-548,-542,-506,-437,-340,-211,-76,58,191,308,400,459,496,502,461,401,330,220,109,4,-102,-196,-278,-337,-374,-387,-375,-358,-324,-268,-210,-146,-70,6,76,137,208,270,326,363,382,381,365,336,276,198,110,-4,489,-214,-305,-394,-458,-492,-509,-492,-442,-368,-256,-139,-13,123,253,374,474,551,594,609,583,522,426,305,162,3,-167,-321,-464,-569,-645,-691,-690,-648,-572,-455,-302,-135,44,218,376,516,629,714,726,722,670,569,448,296,121,-45,-213,-378,-513,-614,-687,-724,-728,-685,-603,-494,-354,-200,-26,152,325,483,602,707,772,789,765,697,589,444,262,61,-139,-340,-527,-679,-790,-853,-865,-813,-708,-577,-393,-192,26,231,416,572,690,763,796,768,705,604,467,311,146,-25,-197,-341,-460,-560,-634,-670,-663,-626,-557,-466,-348,-216,-78,66,208,333,446,543,611,645,646,607,-181,-271,0,1672,1587,-681,-644,-575,-482,-351,-198,-25,147,315,470,607,710,777,795,769,711,604,447,276,87,-122,-341,-536,-694,-831,-921,-946,-912,-834,-700,-517,-300,-72,180,433,648,828,962,1047,1060,1011,900,728,511,252,-8,-270,-527,-745,-924,-1044,-1092,-1079,-1004,-868,-670,-436,-192,72,325,557,753,908,1002,1042,1016,944,804,630,421,181,-62,-295,-507,-698,-852,-953,-991,-975,-906,-787,-618,-419,-204,38,269,480,653,787,885,935,916,852,738,581,400,191,-33,-237,-434,-604,-734,-823,-857,-846,-789,-683,-536,-359,-170,22,217,391,542,659,737,777,753,694,606,482,323,159,-10,-181,315,-446,-554,-626,-658,-661,-621,-553,-459,-337,-207,-55,89,229,360,462,548,596,616,608,566,501,397,271,137,-6,-158,-292,-418,-516,-585,-636,-641,-609,-550,-459,-344,-198,-49,97,250,383,501,596,663,695,688,639,559,454,306,140,-45,-232,-403,-568,-712,-812,-850,-844,-776,-660,-506,-312,-78,174,420,622,791,917,977,966,883,740,536,288,29,-230,-467,-666,-830,-906,-927,-894,-767,-605,-409,-193,32,249,434,588,687,736,740,685,594,465,308,132,-43,-204,-345,-464,-545,-574,-573,-526,-451,-338,-204,-68,84,228,338,423,474,475,434,348,226,82,-61,-184,-272,-307,-177,583,0,-337,-455,-70,-85,-76,-56,-34,1,32,70,104,125,133,133,127,105,79,43,-5,-43,-88,-116,-146,-170,-174,-171,-166,-139,-103,-57,-8,37,88,133,176,210,229,246,233,209,173,126,65,-2,-72,-142,-204,-263,-307,-334,-332,-325,-290,-234,-157,-60,48,146,255,356,429,473,484,460,411,310,193,74,-72,-201,-324,-431,-498,-538,-543,-508,-437,-335,-215,-72,75,207,326,427,502,531,532,499,433,333,218,96,-36,-165,-258,-349,-418,-442,-450,-429,-387,-321,-238,-150,-53,35,112,189,250,291,327,351,357,347,325,291,241,180,103,19,-72,-153,-240,-321,-374,-420,-440,-571,-409,-358,-283,-184,-76,39,174,288,395,477,526,557,554,520,447,352,223,82,-70,-216,-352,-474,-564,-624,-655,-646,-595,-500,-371,-232,-68,104,267,421,558,649,706,727,697,630,513,375,200,28,-139,-313,-462,-577,-669,-716,-720,-699,-628,-515,-383,-240,-78,97,273,420,547,644,710,746,731,690,597,478,334,153,-35,-222,-403,-558,-695,-793,-838,-834,-785,-680,-522,-338,-132,82,301,482,640,765,828,847,804,721,593,427,252,55,-137,-307,-466,-587,-668,-711,-722,-685,-606,-508,-389,-253,-94,55,200,332,451,546,605,637,640,603,541,453,341,207,66,-80,-224,242,100
61129,mtk,MTK 7916,860121843,rx1-tx1,512,0,0,0,290,-47,-380,-614,-679,-562,-287,82,434,658,703,553,246,-120,-453,-659,-671,-494,-184,173,474,632,605,400,85,-245,-499,-598,-522,-297,13,314,514,557,434,188,-116,-388,-533,-510,-334,-57,238,454,530,453,233,-65,-347,-520,-536,-404,-144,161,423,567,540,350,61,-243,-476,-578,-506,-280,17,309,514,561,448,200,-102,-357,-506,-507,-354,-95,198,430,517,452,252,-26,-304,-499,-533,-414,-169,135,401,552,545,376,102,-211,-462,-578,-536,-339,-44,261,496,586,511,297,5,-287,-496,-561,-470,-252,36,305,482,522,411,192,-72,-307,-448,-458,-338,-129,109,297,394,0,229,45,-143,-273,-308,-245,-109,63,209,281,258,144,-17,-184,-299,-313,-226,-64,131,294,368,339,199,-5,-221,-384,-437,-365,-186,62,307,475,507,385,153,-117,-371,-536,-540,-390,-144,153,428,573,556,384,108,-211,-474,-604,-566,-363,-57,269,520,629,561,337,13,-324,-576,-668,-577,-323,16,354,599,682,586,325,-26,-369,-612,-695,-590,-327,20,360,606,690,591,344,15,-317,-559,-647,-566,-340,-36,265,491,583,523,331,59,-221,-429,-516,-470,-307,-74,165,356,449,420,285,88,-120,-294,-389,-385,-284,-122,56,212,317,348,300,193,56,-75,-181,-237,-240,-208,0,0,0,0,0,-239,-332,-380,-357,-256,-90,118,326,482,544,485,312,56,-229,-468,-615,-622,-471,-200,125,432,640,684,562,305,-39,-388,-632,-715,-621,-353,18,384,646,740,633,356,-21,-404,-680,-766,-639,-333,72,467,745,818,663,323,-112,-529,-804,-858,-679,-314,141,568,840,887,687,287,-188,-607,-859,-881,-657,-247,232,642,874,859,599,175,-294,-673,-862,-812,-525,-78,373,721,865,750,423,-28,-474,-778,-856,-689,-312,155,572,835,851,619,199,-284,-695,-908,-863,-564,-99,408,810,988,883,525,10,-512,-903,-1054,-919,-519,39,587,977,1100,922,484,-91,-635,-1003,-1095,-887,-437,0,672,1002,1051,807,328,-242,-739,-1028,-1023,-726,-215,349,813,1052,976,613,84,-474,-900,-1065,-937,-536,43,602,982,1091,891,437,-143,-685,-1037,-1094,-837,-347,240,760,1066,1065,775,272,-310,-797,-1046,-990,-650,-135,405,818,987,878,508,-4,-501,-845,-935,-736,-319,181,623,885,871,588,126,-378,-776,-940,-826,-469,29,536,898,1002,814,390,-143,-634,-953,-1020,-793,-334,211,697,978,988,728,266,-265,-712,-947,-925,-659,-204,295,691,880,823,538,112,-319,-635,-768,-677,-392,-17,337,582,646,514,234,-106,-397,-558,-538,-346,-54,246,456,525,425,190,-112,-385,-547,-539,-362,0,0,0,0,0,576,657,557,293,-65,-413,-645,-697,-564,-273,96,446,668,693,520,210,-156,-470,-653,-644,-460,-146,205,486,613,558,348,39,-276,-502,-576,-478,-236,71,356,536,545,387,116,-184,-419,-532,-486,-298,-3,286,488,546,430,184,-120,-392,-551,-548,-380,-109,196,448,568,516,323,32,-271,-492,-566,-476,-243,53,325,510,534,394,146,-147,-402,-522,-473,-297,-35,251,460,525,429,210,-80,-361,-532,-545,-395,-128,174,427,570,547,364,78,-235,-485,-592,-526,-320,-32,266,488,567,485,277,-14,-300,-493,-546,-446,-221,56,315,474,490,378,169,-83,-302,-415,-411,-293,-95,0,285,355,309,175,-6,-174,-277,-285,-197,-42,125,254,296,241,100,-79,-235,-326,-327,-218,-23,187,351,416,353,186,-46,-274,-438,-481,-382,-167,103,349,498,522,397,149,-148,-404,-549,-542,-395,-127,188,455,585,551,374,89,-228,-486,-623,-576,-349,-31,295,541,643,572,332,-5,-338,-590,-680,-580,-319,29,367,616,703,596,332,-22,-362,-609,-700,-599,-334,11,342,584,673,581,341,16,-301,-526,-623,-552,-335,-47,242,456,545,499,328,67,-199,-395,-480,-444,-299,-84,145,327,415,395,280,99,-94,-258,-358,-366,-290,-156,3,153,260,307,292,218,113,11,-78,0,0,0,0,0,212,109,-33,-202,-355,-457,-476,-394,-216,25,276,485,593,564,405,144,-160,-444,-626,-656,-522,-258,80,405,629,702,595,330,-22,-377,-640,-730,-623,-354,8,379,650,747,636,340,-49,-430,-698,-786,-647,-323,97,501,773,833,667,315,-135,-552,-821,-872,-680,-307,157,591,871,901,683,279,-193,-612,-866,-873,-641,-220,262,659,870,841,572,143,-329,-700,-863,-777,-466,-25,422,746,861,721,364,-91,-521,-803,-858,-652,-255,216,632,866,850,589,148,-348,-755,-945,-872,-551,-55,472,866,1028,905,520,-16,-553,-943,-1083,-923,-500,58,605,989,1103,903,451,-119,-657,-1018,0,-858,-385,191,709,1025,1051,779,275,-300,-781,-1037,-992,-659,-144,413,854,1057,949,564,24,-534,-946,-1083,-910,-480,88,638,1014,1102,877,399,-193,-729,-1052,-1081,-811,-308,276,773,1048,1032,719,208,-352,-804,-1022,-941,-590,-84,444,825,951,807,417,-92,-562,-860,-890,-649,-219,280,689,896,839,524,45,-457,-833,-969,-816,-428,92,589,928,1001,791,360,-180,-676,-977,-1007,-758,-292,253,710,967,965,702,243,-273,-698,-919,-878,-599,-162,304,665,825,751,471,69,-332,-616,-708,-598,-319,40,365,568,588,425,135,-176,-425,-537,-475,-264,29,318,503,528,387,117,-190,-435,0,0
61130,mtk,MTK 7916,860121843,rx2-tx0,512,0,0,0,459,-176,-777,-1174,-1241,-952,-383,308,931,1295,1290,921,286,-443,-1054,-1372,-1302,-861,-172,568,1150,1411,1269,754,26,-697,-1228,-1407,-1174,-607,129,823,1287,1377,1060,443,-297,-946,-1328,-1313,-907,-235,492,1078,1343,1214,725,30,-667,-1171,-1330,-1099,-549,164,822,1229,1278,955,347,-355,-946,-1254,-1188,-767,-130,546,1047,1223,1039,549,-100,-709,-1099,-1157,-865,-308,337,883,1154,1071,660,52,-572,-1033,-1175,-952,-442,203,797,1160,1175,835,243,-435,-999,-1270,-1168,-714,-37,656,1171,1347,1135,591,-138,-840,-1304,-1393,-1083,-461,298,981,1389,1397,1002,321,-454,-1108,-1446,-1371,-897,-168,605,1209,1464,0,776,19,-743,-1289,-1462,-1213,-619,153,881,1359,1448,1123,468,-326,-1025,-1441,-1447,-1035,-319,493,1161,1503,1418,927,165,-649,-1285,-1563,-1400,-836,-25,795,1397,1606,1364,741,-95,-917,-1479,-1625,-1319,-642,217,1018,1537,1623,1263,550,-317,-1100,-1571,-1606,-1193,-457,403,1149,1572,1559,1116,367,-470,-1168,-1541,-1486,-1022,-281,532,1185,1506,1414,940,214,-563,-1174,-1456,-1346,-874,-171,563,1133,1396,1275,823,174,-504,-1035,-1276,-1175,-769,-175,441,918,1148,1066,709,183,-364,-794,-996,-934,-640,-198,278,663,858,831,601,230,-183,-532,-733,-749,-590,-303,39,349,565,641,582,409,174,-62,-252,-368,-399,0,0,0,0,0,40,-156,-348,-509,-587,-547,-384,-120,200,506,707,761,640,352,-34,-423,-732,-875,-798,-513,-100,365,758,961,921,635,166,-355,-796,-1044,-1014,-719,-226,355,858,1137,1115,797,257,-367,-900,-1199,-1184,-852,-272,386,945,1264,1234,862,251,-431,-1005,-1311,-1256,-856,-220,484,1052,1337,1261,826,162,-538,-1091,-1346,-1230,-770,-100,586,1106,1313,1154,680,21,-634,-1104,-1256,-1050,-556,84,690,1087,1163,903,394,-218,-762,-1069,-1059,-748,-228,359,830,1044,945,573,30,-518,-912,-1029,-836,-396,168,688,1010,1031,742,235,-348,-842,-1091,-1020,-648,-80,517,979,1161,1010,570,-40,-648,-1079,-1200,-971,0,166,771,1145,1190,895,337,-321,-890,-1202,-1161,-783,-180,484,1008,1233,1104,655,7,-649,-1125,-1276,-1049,-508,177,819,1233,1295,981,382,-335,-959,-1315,-1292,-899,-248,478,1068,1349,1242,783,103,-611,-1140,-1336,-1144,-622,70,733,1176,1280,1013,457,-223,-836,-1192,-1189,-843,-254,404,930,1172,1070,649,44,-565,-1006,-1142,-932,-448,168,728,1064,1086,787,258,-340,-834,-1073,-990,-615,-71,489,893,1029,863,442,-108,-606,-912,-945,-697,-245,272,698,905,827,507,36,-444,-774,-855,-673,-288,187,608,831,799,523,71,-417,-776,-897,-744,-354,151,619,908,924,651,175,-365,-815,-1028,-934,-550,0,0,0,0,0,1099,1190,947,422,-245,-858,-1237,-1269,-940,-335,376,994,1339,1305,897,228,-509,-1101,-1389,-1286,-809,-103,634,1190,1410,1224,682,-49,-762,-1256,-1392,-1127,-534,211,891,1306,1343,986,340,-401,-1016,-1335,-1267,-823,-140,581,1125,1341,1163,640,-70,-748,-1203,-1308,-1024,-446,259,884,1245,1237,866,246,-444,-993,-1239,-1118,-665,-15,621,1068,1194,956,436,-215,-795,-1129,-1118,-764,-177,463,961,1167,1017,557,-81,-698,-1098,-1179,-904,-346,324,908,1223,1174,779,139,-562,-1095,-1313,-1150,-644,52,746,1242,1375,1106,522,-227,-921,-1349,-1395,-1045,-387,387,1053,1421,1383,958,254,-532,-1161,-1457,-1335,-833,-89,0,1245,1469,1267,699,-67,-810,-1323,-1461,-1178,-550,236,957,1404,1447,1075,394,-412,-1098,-1470,-1433,-978,-235,577,1236,1544,1415,882,97,-727,-1351,-1595,-1386,-787,42,858,1439,1621,1346,686,-164,-970,-1511,-1631,-1295,-600,266,1059,1557,1621,1242,514,-364,-1132,-1581,-1588,-1165,-421,437,1159,1558,1531,1081,332,-495,-1175,-1525,-1452,-977,-244,548,1188,1492,1382,898,187,-563,-1156,-1429,-1313,-848,-166,547,1095,1342,1230,803,179,-475,-983,-1211,-1119,-739,-182,400,857,1071,999,678,192,-325,-727,-927,-883,-619,-214,227,595,799,793,589,252,-122,-449,-661,-710,-595,-360,-69,215,433,537,521,416,258,78,0,0,0,0,0,412,438,370,204,-32,-293,-524,-670,-677,-528,-249,108,465,724,819,729,451,38,-398,-746,-921,-867,-584,-137,357,772,995,965,683,206,-346,-821,-1089,-1074,-769,-244,357,870,1165,1146,819,263,-382,-930,-1226,-1206,-855,-264,407,978,1286,1242,863,242,-452,-1031,-1329,-1258,-841,-189,521,1079,1345,1242,800,140,-560,-1102,-1338,-1203,-729,-61,611,1105,1288,1112,627,-29,-661,-1092,-1213,-987,-478,150,718,1074,1117,834,317,-283,-792,-1052,-1005,-669,-132,441,875,1043,893,483,-69,-604,-961,-1033,-794,-312,268,775,1057,1028,696,155,-445,-919,-1138,-1024,-608,-16,586,1030,1182,994,521,-112,-717,0,-1206,-940,-406,251,835,1178,1185,845,259,-402,-952,-1225,-1138,-722,-93,565,1064,1256,1078,585,-89,-740,-1187,-1290,-1016,-450,253,889,1274,1299,948,311,-409,-1018,-1334,-1273,-841,-163,559,1113,1345,1194,707,19,-674,-1168,-1316,-1083,-551,140,782,1188,1242,931,357,-316,-886,-1181,-1129,-742,-144,488,977,1168,1003,558,-49,-647,-1039,-1112,-863,-361,246,778,1066,1030,698,163,-416,-869,-1055,-929,-532,16,551,912,997,790,352,-184,-655,-915,-893,-604,-139,356,732,875,750,395,-79,-527,-809,-838,-603,-179,300,687,864,771,433,-48,-518,-834,-904,-696,-268,255,712,968,927,602,89,-471,-902,0,0
61131,mtk,MTK 7916,860121843,rx2-tx1,512,0,0,0,166,731,1100,1164,887,343,-300,-858,-1192,-1186,-832,-244,414,959,1227,1157,760,143,-513,-1014,-1233,-1105,-657,-25,605,1047,1188,994,520,-100,-687,-1052,-1115,-857,-350,243,758,1036,1003,666,139,-412,-832,-1006,-867,-462,88,602,918,963,721,255,-300,-765,-993,-933,-589,-59,492,896,1044,872,440,-125,-653,-1001,-1047,-771,-271,311,799,1048,990,635,84,-496,-928,-1099,-940,-480,123,697,1074,1143,872,327,-317,-875,-1195,-1175,-815,-210,464,1012,1275,1178,745,101,-578,-1099,-1316,-1161,-679,-2,673,1159,1321,1118,612,-68,-725,-1177,-1299,-1059,-531,132,749,1151,1227,961,439,-188,-746,-1087,-1115,0,-338,246,735,999,966,655,179,-325,-720,-892,-800,-481,-19,431,729,815,653,295,-144,-527,-743,-733,-501,-123,287,614,746,637,333,-70,-461,-710,-741,-540,-169,269,639,825,753,450,7,-462,-814,-947,-801,-409,116,629,983,1070,859,389,-212,-761,-1106,-1162,-892,-370,263,838,1191,1224,916,356,-304,-894,-1249,-1262,-944,-370,319,922,1287,1312,987,404,-281,-897,-1280,-1319,-1028,-485,174,777,1173,1258,1013,534,-62,-622,-1013,-1133,-962,-550,-17,489,843,975,856,524,77,-364,-694,-835,-751,-493,-132,247,548,700,676,497,211,-111,-389,-559,-603,-516,-333,-101,122,297,393,399,336,0,0,0,0,0,304,468,560,553,432,210,-75,-372,-610,-722,-671,-466,-153,206,520,719,751,590,276,-110,-475,-721,-778,-639,-335,67,461,737,818,682,348,-86,-502,-787,-856,-689,-334,127,559,838,904,718,322,-162,-607,-893,-940,-728,-315,194,654,930,953,708,265,-258,-712,-961,-940,-661,-193,335,770,988,935,614,120,-406,-817,-995,-901,-547,-38,477,850,980,834,451,-58,-544,-874,-948,-752,-341,172,634,897,899,650,216,-284,-701,-914,-855,-549,-82,409,787,934,815,466,-21,-512,-861,-954,-767,-369,137,610,898,929,697,264,-242,-685,-926,-899,-610,-147,353,755,940,844,509,31,0,-833,-954,-794,-407,94,575,883,926,708,285,-226,-666,-906,-878,-600,-140,360,746,906,797,443,-47,-522,-843,-920,-710,-281,235,703,974,955,650,144,-418,-867,-1069,-958,-576,-29,545,975,1115,932,479,-109,-675,-1052,-1123,-863,-355,250,781,1090,1075,743,203,-398,-886,-1109,-1002,-603,-32,556,978,1106,910,437,-168,-716,-1057,-1088,-788,-265,346,859,1117,1036,652,73,-534,-986,-1156,-986,-515,108,701,1093,1175,918,396,-248,-823,-1157,-1155,-826,-262,377,908,1174,1101,716,124,-500,-976,-1164,-1007,-566,28,605,1001,1105,882,400,-194,-726,-1041,-1049,-748,-222,377,854,1074,982,599,38,0,0,0,0,0,-1138,-894,-390,232,799,1150,1166,853,295,-357,-915,-1214,-1165,-790,-198,455,987,1236,1133,707,84,-559,-1039,-1217,-1056,-596,35,637,1047,1155,931,441,-171,-719,-1043,-1060,-766,-253,329,799,1014,931,570,34,-505,-878,-979,-785,-354,188,680,959,950,653,151,-397,-825,-1012,-899,-507,47,585,952,1040,822,361,-210,-725,-1025,-1027,-715,-185,394,862,1072,960,561,-21,-598,-1001,-1112,-890,-399,220,794,1136,1144,826,265,-391,-952,-1249,-1186,-782,-159,516,1064,1303,1167,716,61,-622,-1135,-1331,-1146,-638,35,701,1164,1305,1089,579,-99,-746,-1171,-1269,-1019,-487,171,763,1127,1175,902,390,-220,0,-1041,-1044,-752,-263,279,720,938,880,569,110,-365,-723,-851,-729,-394,56,477,736,766,573,204,-220,-572,-749,-693,-424,-24,380,662,745,596,255,-166,-542,-761,-747,-496,-78,377,734,883,780,435,-66,-556,-898,-1008,-831,-405,160,700,1050,1114,873,381,-228,-793,-1150,-1188,-900,-365,283,868,1218,1242,928,358,-316,-917,-1270,-1280,-962,-388,311,927,1294,1326,1008,443,-228,-841,-1227,-1291,-1029,-521,118,712,1095,1185,985,549,-17,-558,-927,-1045,-903,-539,-54,421,766,898,798,506,106,-298,-612,-761,-714,-498,-172,179,470,637,651,511,268,-12,-271,-451,-524,-490,-367,-196,-24,129,0,0,0,0,0,-364,-233,-32,215,449,618,670,582,366,57,-281,-565,-728,-720,-537,-227,145,493,723,770,621,308,-86,-461,-726,-803,-666,-342,81,480,754,830,682,342,-103,-523,-814,-887,-711,-334,136,576,869,924,721,320,-179,-633,-917,-947,-718,-284,231,685,950,955,695,237,-292,-740,-979,-936,-637,-156,373,790,993,916,574,77,-435,-826,-994,-871,-501,7,509,866,972,795,394,-114,-589,-882,-921,-695,-267,233,665,905,878,602,151,-355,-750,-925,-835,-501,-22,469,825,942,794,416,-88,-566,-884,-951,-746,-322,189,641,906,911,657,213,-299,-720,-932,-872,-558,-82,411,789,942,0,465,-32,-512,-852,-946,-757,-350,153,613,892,906,656,218,-284,-698,-900,-835,-521,-54,434,794,912,754,363,-147,-616,-908,-935,-679,-216,320,776,1013,957,609,74,-494,-928,-1098,-954,-536,40,610,1013,1120,901,422,-181,-732,-1076,-1107,-816,-288,322,835,1107,1051,678,117,-477,-932,-1106,-955,-524,68,633,1015,1099,853,339,-266,-787,-1080,-1058,-720,-164,443,924,1132,1012,587,-12,-600,-1029,-1160,-943,-448,181,763,1126,1170,868,313,-327,-879,-1177,-1134,-771,-191,442,937,1166,1063,643,44,-551,-991,-1138,-945,-486,109,673,1031,1080,814,311,-280,-787,-1055,-1011,-670,-126,455,906,1088,0,0
61132,mtk,MTK 7916,860176380,rx0-tx0,512,-330,959,995,-722,-816,-841,-809,-709,-563,-372,-159,60,277,482,642,755,819,828,773,664,508,319,99,-119,-338,-542,-704,-809,-873,-859,-795,-660,-486,-268,-10,231,482,682,837,928,954,916,791,602,368,110,-156,-416,-645,-831,-946,-978,-951,-845,-667,-442,-189,73,334,559,750,883,944,937,862,732,532,299,52,-192,-432,-635,-795,-897,-916,-879,-783,-616,-414,-178,73,334,557,730,849,912,893,807,662,461,236,2,-241,-467,-643,-770,-833,-836,-763,-639,-469,-273,-57,157,351,515,645,713,725,689,605,480,323,146,-40,-215,-374,-508,-589,-623,-624,-573,-491,-368,-219,-65,86,234,-26,480,546,571,566,519,444,317,180,38,-112,-259,-393,-491,-556,-589,-568,-508,-409,-278,-124,42,192,356,476,558,598,598,553,456,325,184,17,-159,-321,-454,-552,-615,-621,-584,-507,-388,-232,-62,113,289,444,556,637,652,625,553,427,263,72,-117,-314,-484,-606,-680,-698,-650,-553,-392,-198,23,215,404,548,628,662,618,524,383,215,18,-167,-321,-441,-512,-519,-477,-401,-286,-166,-28,98,199,269,307,310,287,246,191,121,50,-12,-63,-100,-135,-153,-146,-140,-118,-93,-70,-51,-26,-4,20,45,57,72,82,97,103,96,78,54,23,-12,-49,-79,-102,-102,-75,541,725,510,235,235,90,171,236,269,262,212,128,24,-88,-197,-280,-333,-358,-345,-292,-230,-128,-15,98,214,315,393,442,450,426,361,260,127,-26,-175,-324,-457,-574,-625,-639,-586,-482,-322,-125,89,308,513,679,799,840,810,710,539,309,49,-233,-503,-734,-915,-1003,-1020,-947,-764,-516,-217,92,409,705,927,1069,1126,1094,962,731,447,120,-223,-529,-803,-1007,-1130,-1161,-1078,-917,-687,-394,-72,262,570,826,1009,1097,1123,1049,877,647,364,59,-250,-535,-780,-960,-1058,-1094,-1030,-879,-650,-390,-94,213,489,734,916,1033,1072,1015,862,658,417,136,-156,-432,-671,-864,-985,-1014,-965,-845,-675,-452,301,62,314,551,732,869,938,930,871,747,556,344,100,-155,-392,-616,-806,-929,-988,-971,-885,-730,-517,-264,25,316,575,797,957,1044,1047,961,815,608,349,61,-214,-481,-721,-895,-1018,-1056,-1015,-904,-726,-501,-235,50,339,603,816,979,1064,1079,1013,862,657,400,95,-202,-497,-761,-951,-1091,-1136,-1095,-984,-793,-523,-220,101,421,705,930,1082,1140,1123,1017,818,571,284,-19,-329,-604,-818,-965,-1040,-1045,-964,-811,-605,-356,-88,183,424,649,822,923,953,920,823,663,462,222,-27,-269,-487,-670,-814,-884,-894,-839,-723,-553,-349,-121,117,348,544,699,813,858,845,764,629,450,162,196,-82,244,0,-424,-214,11,233,446,620,749,819,829,787,682,527,335,122,-100,-314,-507,-659,-774,-835,-834,-780,-659,-490,-298,-70,170,403,610,757,875,913,900,810,644,434,193,-52,-317,-560,-762,-900,-972,-968,-887,-740,-536,-278,-9,250,502,707,867,955,966,909,778,596,360,106,-149,-388,-607,-780,-888,-928,-909,-819,-665,-475,-238,7,244,484,686,828,908,923,870,740,556,339,83,-175,-405,-613,-768,-856,-879,-841,-728,-574,-372,-150,87,310,493,641,737,780,758,678,555,386,189,-4,-200,-372,-517,-615,-672,-673,-628,-540,-413,-255,-92,77,239,368,483,559,591,585,535,628,341,192,50,-104,-244,-379,-483,-542,-574,-568,-516,-419,-293,-164,-8,152,306,434,533,589,594,568,499,378,233,69,-95,-260,-403,-512,-586,-625,-598,-529,-423,-288,-127,51,218,372,502,592,628,625,574,469,333,164,-24,-198,-373,-518,-625,-670,-669,-617,-498,-339,-159,52,250,436,578,676,700,654,561,398,214,13,-195,-366,-505,-591,-617,-568,-465,-337,-182,-16,131,265,353,404,418,380,313,230,137,39,-55,-128,-182,-218,-226,-214,-185,-150,-115,-60,-17,20,51,70,82,91,96,93,94,81,70,58,38,15,-13,-45,-71,-93,-104,-105,-88,-66,-29,16,50,797,648,-82,3,-69,189,161,86,-10,-118,-217,-290,-327,-328,-281,-203,-108,1,120,220,304,372,392,390,355,286,185,60,-75,-201,-324,-424,-505,-534,-523,-469,-369,-218,-47,133,320,492,631,715,740,702,599,434,210,-42,-289,-523,-726,-872,-940,-931,-829,-654,-410,-118,170,479,744,940,1054,1079,1021,862,622,335,10,-321,-635,-883,-1058,-1153,-1135,-1020,-832,-567,-261,75,400,690,931,1086,1145,1116,992,787,512,210,-103,-420,-692,-903,-1052,-1115,-1084,-972,-783,-527,-234,71,375,643,855,1004,1081,1054,946,769,530,266,-25,-324,-598,-805,-957,-1031,-1020,-932,-773,-562,-296,-12,266,511,717,872,-176,953,901,776,599,389,137,-119,-356,-583,-753,-873,-943,-934,-865,-743,-552,-316,-60,212,473,704,879,991,1035,987,867,688,443,169,-132,-420,-662,-870,-1000,-1051,-1022,-937,-770,-553,-292,-3,278,542,769,940,1041,1065,1011,876,686,449,177,-117,-414,-677,-880,-1041,-1115,-1102,-1017,-840,-603,-327,-5,302,591,844,1028,1134,1155,1083,921,690,405,94,-216,-525,-780,-958,-1067,-1102,-1053,-911,-699,-448,-176,114,399,633,818,942,1002,979,890,741,527,284,24,-224,-466,-661,-811,-901,-926,-880,-770,-613,-407,-168,69,308,516,687,800,867,867,799,669,503,298,68,-161,-381,-568,-718,137,109
61133,mtk,MTK 7916,860176380,rx0-tx1,512,-686,-669,-691,-600,-549,-451,-318,-163,1,162,298,412,503,553,553,510,439,340,214,80,-61,-191,-305,-390,-448,-490,-494,-458,-394,-309,-212,-99,31,156,267,366,437,486,504,492,449,366,259,128,-14,-155,-287,-406,-508,-576,-590,-571,-515,-407,-272,-103,71,240,403,532,629,682,668,602,491,358,181,-8,-197,-370,-527,-641,-697,-707,-657,-563,-428,-255,-53,138,312,479,604,680,710,679,602,474,314,136,-61,-245,-403,-537,-635,-677,-671,-613,-513,-372,-208,-30,154,320,465,572,633,655,623,543,433,286,120,-57,-231,-392,-507,-591,-634,-632,-581,-487,-356,-195,-22,163,330,463,-38,623,641,606,528,414,255,83,-102,-274,-426,-552,-632,-655,-640,-579,-461,-311,-140,58,241,410,542,632,679,661,596,484,327,139,-52,-245,-413,-545,-632,-671,-655,-586,-469,-324,-152,31,210,366,494,588,639,625,571,465,325,166,-12,-180,-332,-463,-552,-600,-605,-560,-459,-343,-187,-23,139,299,430,536,590,595,559,462,342,181,5,-176,-324,-449,-542,-588,-575,-509,-416,-263,-98,72,227,374,469,516,517,465,380,264,129,-20,-160,-277,-366,-415,-432,-406,-335,-240,-127,-3,117,219,297,347,355,321,260,171,72,-44,-154,-230,-276,-286,-246,-176,-86,13,94,147,-384,-511,0,-252,-22,115,79,14,-59,-129,-189,-219,-218,-189,-140,-64,13,95,165,218,246,252,226,182,119,40,-33,-117,-180,-229,-250,-247,-230,-189,-128,-59,14,79,142,185,214,226,210,185,156,113,65,8,-37,-84,-127,-164,-187,-199,-200,-188,-175,-138,-77,-23,36,100,152,194,225,237,242,220,177,116,50,-21,-92,-150,-195,-232,-246,-239,-219,-186,-136,-87,-24,35,95,152,185,218,236,252,237,202,161,110,45,-27,-98,-167,-221,-283,-314,-314,-288,-236,-177,-94,-5,90,182,258,312,344,351,331,290,217,130,32,-66,-160,-242,-311,-357,-379,-370,-335,-269,-188,-92,16,-48,219,302,365,407,423,397,340,259,171,53,-63,-186,-297,-378,-452,-485,-475,-431,-344,-231,-102,35,176,306,406,474,520,518,465,387,282,148,11,-121,-257,-370,-457,-516,-532,-513,-465,-367,-253,-107,43,189,319,436,520,562,572,535,463,358,213,51,-108,-265,-403,-519,-598,-636,-616,-548,-456,-320,-156,31,206,377,520,618,672,677,625,525,383,213,29,-165,-341,-501,-613,-682,-694,-653,-563,-427,-262,-83,112,289,441,561,635,664,643,573,457,320,151,-29,-196,-359,-488,-583,-634,-639,-597,-507,-383,-225,-51,115,275,428,544,602,629,611,530,423,276,112,-57,-430,-569,9,-179,-9,106,260,400,504,569,592,562,494,393,268,110,-47,-191,-313,-414,-484,-519,-516,-473,-404,-303,-200,-75,54,177,283,371,436,476,487,458,407,328,227,115,-15,-139,-266,-379,-465,-524,-544,-526,-472,-387,-271,-125,35,181,333,464,564,633,641,605,521,390,238,51,-138,-321,-467,-588,-669,-695,-671,-599,-476,-307,-120,75,263,431,568,673,711,691,635,533,376,197,0,-194,-370,-520,-624,-688,-699,-647,-550,-425,-263,-79,110,292,439,553,628,666,648,584,472,327,160,-17,-202,-356,-488,-586,-640,-646,-608,-520,-392,-243,-69,108,278,429,543,620,647,630,547,434,634,133,-37,-216,-371,-503,-593,-641,-642,-589,-495,-365,-198,-20,161,338,488,591,656,671,627,539,399,239,43,-147,-330,-481,-604,-667,-676,-638,-545,-406,-235,-46,139,315,462,571,637,648,606,514,395,248,71,-109,-280,-422,-526,-594,-615,-586,-518,-414,-266,-105,67,238,383,487,569,593,586,525,420,283,115,-52,-223,-376,-488,-572,-604,-576,-498,-387,-235,-59,124,279,415,517,560,560,504,405,260,113,-50,-203,-325,-417,-470,-484,-441,-366,-256,-131,-1,131,242,322,373,388,360,298,213,107,-12,-124,-216,-284,-319,-321,-273,-194,-102,9,110,183,224,220,178,111,-569,-461,0,-422,-517,-92,-150,-186,-184,-156,-100,-23,55,128,189,231,241,224,181,120,48,-29,-111,-176,-233,-250,-253,-232,-187,-124,-42,29,97,161,209,234,239,219,187,136,83,18,-46,-94,-139,-171,-194,-203,-194,-175,-146,-108,-70,-23,25,76,119,175,201,214,223,213,178,132,71,5,-61,-133,-187,-227,-247,-255,-233,-198,-154,-95,-26,41,101,156,192,223,235,233,226,192,148,93,40,-18,-91,-153,-202,-243,-268,-273,-261,-230,-184,-125,-34,51,141,214,273,319,335,330,291,228,153,63,-35,-128,-213,-281,-331,-359,-360,-329,-277,-202,-111,-8,93,195,280,341,377,382,-1135,336,267,178,78,-34,-148,-258,-339,-403,-440,-442,-419,-346,-257,-147,-12,120,244,360,443,495,512,487,417,310,193,59,-95,-232,-343,-440,-505,-526,-512,-458,-370,-266,-134,13,155,290,402,483,542,551,518,453,360,226,85,-76,-224,-361,-476,-564,-600,-601,-553,-467,-341,-189,-19,159,316,455,572,642,656,623,552,423,265,90,-100,-280,-439,-569,-652,-690,-672,-601,-491,-331,-150,47,231,403,539,627,675,671,608,505,364,199,21,-159,-328,-463,-564,-631,-638,-607,-534,-417,-274,-106,67,236,388,512,603,635,620,569,476,328,168,6,-175,-340,-466,-562,-608,-620,390,133
61134,mtk,MTK 7916,860176380,rx1-tx0,512,0,268,-599,-137,41,223,391,534,649,709,723,693,600,461,289,101,-124,-340,-528,-693,-804,-849,-835,-764,-626,-438,-207,43,304,549,755,890,972,982,906,754,542,277,-10,-298,-567,-799,-973,-1059,-1064,-985,-836,-611,-331,-28,276,559,796,969,1062,1077,1011,859,631,375,81,-217,-485,-727,-897,-1009,-1031,-980,-860,-674,-442,-175,97,360,605,786,915,995,971,885,733,530,286,29,-235,-484,-688,-844,-923,-927,-874,-753,-577,-357,-119,129,366,575,736,839,884,857,758,624,432,205,-23,-260,-470,-632,-759,-817,-806,-737,-623,-459,-270,-65,162,361,521,646,722,732,696,607,471,304,-277,-68,-238,-390,-522,-607,-653,-644,-599,-500,-373,-238,-78,93,257,397,503,580,618,606,554,468,346,194,23,-135,-291,-425,-537,-604,-624,-598,-537,-433,-291,-139,13,185,335,470,577,634,653,626,564,445,287,113,-78,-271,-434,-584,-696,-752,-760,-718,-604,-429,-210,24,270,497,683,835,920,905,830,664,440,175,-117,-397,-645,-833,-949,-972,-906,-753,-547,-277,18,295,527,720,842,876,826,702,531,321,87,-152,-361,-525,-646,-703,-689,-619,-498,-344,-169,28,201,348,468,541,565,533,452,336,194,34,-129,-270,-380,-453,-474,-446,-356,-228,-71,87,211,304,335,303,1421,1307,0,-320,-93,-7,-36,-67,-93,-112,-110,-98,-76,-33,17,58,94,134,146,155,151,121,86,38,-13,-62,-112,-149,-182,-190,-192,-185,-146,-100,-41,21,79,137,186,231,251,248,222,189,130,65,-15,-99,-172,-239,-289,-320,-338,-318,-271,-198,-103,12,124,238,341,407,454,466,421,342,226,78,-70,-217,-351,-463,-535,-539,-508,-427,-313,-180,-15,159,303,425,513,548,540,487,400,271,118,-44,-196,-332,-430,-489,-510,-491,-427,-331,-221,-89,44,164,275,358,394,413,401,346,289,215,114,31,-59,-139,-207,-270,-321,-347,-359,-349,-314,-255,-191,-99,12,114,212,306,381,424,489,442,399,313,208,78,-68,-207,-326,-435,-507,-551,-550,-509,-420,-289,-134,27,189,344,477,583,639,652,605,503,371,203,11,-175,-359,-514,-629,-689,-704,-661,-564,-423,-247,-49,154,344,503,623,705,733,687,602,473,304,113,-82,-263,-427,-568,-662,-716,-713,-654,-561,-423,-256,-65,135,321,482,624,723,763,746,676,555,391,192,-29,-246,-458,-632,-761,-829,-833,-769,-643,-461,-246,-4,235,460,633,759,820,809,736,616,451,243,23,-184,-374,-535,-650,-710,-716,-665,-579,-446,-296,-131,45,213,363,487,572,613,633,593,511,408,275,118,-41,-197,-355,-476,-567,-619,-181,-271,0,1672,1587,659,683,654,574,454,299,113,-77,-274,-460,-607,-714,-774,-789,-728,-621,-464,-257,-28,201,428,630,784,887,923,888,785,603,378,117,-164,-434,-664,-854,-987,-1036,-1009,-891,-711,-453,-163,133,425,689,907,1040,1087,1050,936,749,489,201,-106,-402,-670,-871,-999,-1065,-1035,-933,-765,-538,-272,23,301,556,771,920,1000,995,932,792,589,366,97,-176,-425,-645,-823,-935,-969,-937,-827,-666,-451,-196,61,307,535,713,840,897,893,818,686,502,292,52,-193,-411,-599,-752,-831,-849,-806,-689,-537,-343,-115,108,314,497,647,736,781,761,669,542,377,182,-18,-202,-381,-526,-624,315,-682,-633,-548,-416,-256,-83,90,249,396,500,580,628,625,572,478,355,215,48,-121,-273,-410,-522,-599,-623,-599,-540,-443,-314,-155,9,170,322,461,555,604,622,604,530,435,291,135,-38,-206,-375,-525,-623,-683,-703,-668,-582,-459,-279,-71,140,353,539,699,800,848,819,714,555,354,90,-180,-446,-685,-849,-951,-964,-886,-725,-500,-227,65,352,595,787,907,936,870,744,555,308,38,-222,-449,-625,-744,-791,-764,-666,-522,-339,-127,79,273,436,552,623,627,571,481,350,191,19,-148,-296,-413,-489,-516,-490,-415,-307,-163,-4,152,286,380,427,402,328,208,62,-69,-177,583,0,-337,-455,-82,-81,-69,-45,-10,35,71,109,133,138,126,115,78,30,-10,-66,-113,-147,-171,-179,-175,-152,-113,-66,-13,34,98,155,192,216,219,207,179,142,83,9,-64,-126,-182,-239,-274,-297,-282,-249,-197,-127,-46,50,153,245,317,376,396,387,348,262,156,37,-107,-241,-352,-442,-495,-501,-466,-386,-274,-118,44,195,336,441,520,565,540,465,365,223,55,-109,-256,-378,-478,-536,-543,-499,-416,-301,-168,-23,126,259,359,429,464,457,419,353,249,137,37,-81,-171,-241,-313,-349,-356,-353,-325,-282,-225,-147,-65,14,103,192,268,329,389,405,390,351,292,207,100,-571,-141,-264,-366,-443,-502,-516,-478,-413,-311,-180,-31,128,272,405,511,579,604,580,506,396,250,83,-100,-282,-437,-561,-652,-681,-660,-587,-465,-301,-120,66,264,434,579,675,717,707,638,519,366,180,-29,-229,-398,-547,-654,-713,-720,-668,-570,-433,-263,-81,120,292,450,581,676,728,724,653,554,411,235,30,-176,-369,-541,-682,-770,-799,-764,-673,-530,-344,-124,116,349,555,708,812,847,815,709,549,354,123,-114,-334,-516,-664,-754,-780,-740,-654,-521,-354,-168,29,212,378,513,602,656,663,620,534,416,266,118,-43,-211,-350,-466,-560,-609,-617,-594,-527,-416,-285,-120,242,100
61135,mtk,MTK 7916,860176380,rx1-tx1,512,0,0,0,-84,242,520,683,672,495,191,-160,-476,-675,-710,-583,-314,42,376,612,702,611,369,47,-278,-534,-648,-588,-390,-99,215,464,589,552,376,103,-186,-419,-540,-512,-349,-99,176,399,510,493,340,86,-195,-414,-523,-499,-338,-86,186,416,544,522,365,111,-182,-425,-555,-543,-392,-142,141,393,533,540,414,184,-106,-362,-508,-525,-401,-173,89,325,479,507,384,161,-105,-343,-489,-511,-405,-179,103,349,514,556,445,222,-60,-333,-522,-577,-491,-289,-15,267,481,571,524,353,93,-186,-419,-542,-530,-390,-154,111,337,477,494,391,197,-32,-246,-393,-434,-369,-214,-18,170,0,343,293,170,2,-157,-260,-283,-219,-99,48,188,276,279,187,35,-125,-268,-336,-308,-200,-29,155,314,399,383,262,67,-156,-346,-462,-457,-333,-124,126,348,493,516,410,204,-64,-314,-494,-560,-489,-286,-8,270,492,586,533,355,81,-212,-456,-592,-594,-441,-165,149,433,613,646,523,276,-41,-354,-588,-677,-613,-397,-86,247,520,677,677,525,250,-79,-391,-619,-694,-602,-389,-88,231,487,623,617,474,235,-52,-320,-500,-563,-504,-328,-81,171,370,482,478,373,190,-33,-239,-380,-432,-390,-269,-90,101,258,354,380,333,220,68,-84,-209,-291,-313,-279,-212,-123,-31,0,0,0,0,0,-198,-300,-370,-389,-339,-225,-54,150,340,484,548,502,351,122,-141,-385,-563,-632,-571,-387,-111,197,469,640,674,563,324,6,-311,-564,-697,-666,-471,-165,178,477,677,709,567,284,-70,-415,-665,-751,-663,-412,-44,344,644,794,762,543,181,-234,-602,-826,-851,-670,-325,97,494,779,885,768,463,44,-376,-705,-864,-811,-557,-165,267,632,842,835,620,255,-178,-568,-807,-844,-668,-321,105,507,779,861,708,377,-44,-468,-779,-898,-786,-461,-13,437,786,946,866,556,102,-383,-777,-993,-981,-716,-268,249,717,1018,1076,870,450,-86,-597,-965,-1110,-990,-621,-106,427,854,1074,0,724,251,-277,-745,-1025,-1039,-786,-350,168,647,966,1029,833,426,-89,-581,-932,-1054,-896,-505,3,517,909,1069,969,626,114,-426,-862,-1090,-1038,-733,-246,296,762,1048,1074,827,375,-161,-643,-964,-1050,-863,-461,41,525,868,977,848,502,32,-438,-789,-913,-796,-472,-22,428,764,903,801,476,19,-441,-793,-947,-851,-529,-65,410,794,998,952,660,199,-310,-740,-997,-1007,-778,-361,147,615,926,1004,836,470,2,-455,-795,-927,-836,-555,-142,292,629,802,770,546,202,-176,-493,-661,-660,-492,-201,127,403,559,555,401,142,-148,-389,-518,-490,-332,-78,209,439,545,506,325,54,0,0,0,0,0,-651,-623,-434,-127,212,513,694,703,544,250,-102,-424,-648,-718,-609,-349,-7,333,576,671,605,384,76,-242,-496,-611,-566,-380,-102,203,447,564,533,358,95,-182,-413,-535,-512,-354,-92,186,406,524,498,329,78,-189,-411,-533,-507,-346,-92,192,431,558,532,368,115,-168,-413,-554,-552,-411,-167,117,370,521,531,406,172,-100,-339,-497,-515,-392,-172,90,332,486,506,387,167,-100,-354,-511,-531,-408,-183,82,338,524,577,474,250,-34,-306,-502,-581,-517,-324,-64,215,441,556,531,372,124,-146,-377,-513,-517,-400,-187,70,293,441,473,381,204,-5,-209,-354,-398,-336,0,-6,150,269,312,259,134,-21,-172,-258,-264,-200,-70,88,222,301,284,184,34,-137,-291,-367,-337,-224,-49,163,339,432,415,294,94,-131,-348,-482,-490,-369,-161,93,335,500,546,453,236,-36,-296,-487,-570,-515,-322,-44,248,470,588,566,393,123,-189,-449,-605,-617,-479,-222,94,392,606,677,579,340,18,-307,-570,-692,-650,-469,-170,168,474,666,696,568,317,-8,-322,-548,-658,-626,-443,-164,137,396,561,595,495,284,14,-248,-442,-524,-494,-357,-142,99,304,430,460,385,230,32,-169,-324,-399,-390,-298,-147,21,179,295,348,334,265,153,30,-86,-172,-219,-230,0,0,0,0,0,246,161,44,-103,-257,-392,-473,-471,-377,-211,14,255,454,575,588,474,263,-9,-292,-528,-653,-637,-483,-223,95,390,607,689,619,404,92,-241,-527,-693,-689,-518,-225,128,456,676,740,618,346,-14,-377,-651,-778,-713,-469,-108,283,621,809,806,604,255,-160,-545,-798,-865,-728,-405,22,449,755,867,791,518,109,-320,-672,-857,-833,-600,-216,221,597,826,839,641,287,-139,-535,-795,-850,-694,-350,85,491,782,870,736,415,-22,-458,-782,-910,-813,-501,-64,407,787,972,916,635,182,-328,-760,-1017,-1028,-796,-364,172,663,1002,1106,934,538,23,-504,-915,-1101,-1010,-674,-176,0,804,1044,1027,766,304,-234,-702,-990,-1031,-812,-391,132,615,938,1035,864,469,-43,-542,-913,-1060,-939,-577,-60,480,892,1085,1005,673,179,-362,-820,-1075,-1067,-792,-323,220,705,1013,1061,847,435,-85,-580,-920,-1024,-862,-489,-5,471,819,947,826,496,38,-429,-774,-911,-796,-468,-25,434,777,912,812,486,29,-437,-808,-976,-899,-600,-144,360,784,1017,985,714,276,-238,-691,-962,-1009,-812,-422,65,537,866,976,849,523,79,-367,-712,-876,-822,-564,-177,225,557,733,715,520,211,-136,-434,-600,-593,-435,-170,129,387,524,515,363,101,-188,-414,-521,-484,-319,-60,228,464,577,0,0
61136,mtk,MTK 7916,860176380,rx2-tx0,512,0,0,0,-98,501,986,1232,1164,802,234,-407,-965,-1289,-1293,-976,-414,259,878,1282,1368,1113,576,-111,-771,-1236,-1394,-1204,-708,-38,644,1161,1381,1254,814,160,-527,-1072,-1348,-1279,-882,-262,429,1001,1309,1281,931,339,-342,-930,-1273,-1288,-971,-405,259,860,1235,1289,1007,462,-193,-791,-1184,-1260,-1007,-501,124,716,1120,1221,1000,521,-89,-674,-1072,-1179,-972,-509,80,651,1043,1157,949,486,-101,-663,-1052,-1161,-961,-492,112,691,1091,1206,1004,528,-97,-711,-1145,-1281,-1090,-611,36,677,1169,1363,1201,736,76,-618,-1153,-1404,-1305,-873,-224,493,1101,1425,1384,1009,374,-363,-1007,-1403,-1442,-1123,-527,208,881,0,1456,1216,661,-56,-762,-1279,-1467,-1280,-779,-81,643,1203,1462,1358,904,218,-527,-1143,-1475,-1441,-1041,-381,382,1057,1469,1519,1184,552,-221,-948,-1444,-1586,-1339,-750,28,796,1368,1616,1462,943,192,-605,-1266,-1612,-1566,-1136,-429,381,1097,1549,1628,1303,662,-127,-879,-1420,-1615,-1414,-865,-117,642,1247,1546,1467,1040,363,-398,-1051,-1449,-1490,-1171,-590,130,819,1296,1461,1279,793,139,-534,-1081,-1351,-1310,-979,-422,219,785,1154,1241,1050,627,73,-474,-891,-1097,-1042,-750,-306,185,611,886,948,795,471,70,-330,-653,-813,-787,-597,-292,57,377,604,701,656,489,244,-21,-258,-427,-505,-493,-409,-273,0,0,0,0,0,104,-69,-255,-435,-561,-601,-540,-368,-101,209,497,706,786,705,476,132,-255,-605,-836,-896,-756,-437,-12,435,798,987,958,712,292,-214,-679,-1003,-1103,-946,-563,-34,514,949,1174,1129,813,292,-307,-834,-1178,-1246,-1020,-552,58,664,1120,1309,1185,776,172,-473,-1006,-1304,-1292,-964,-393,266,857,1248,1343,1109,611,-38,-674,-1135,-1318,-1178,-762,-160,473,973,1233,1183,835,297,-301,-819,-1127,-1144,-868,-386,182,697,1020,1075,862,425,-116,-617,-952,-1034,-842,-438,84,581,927,1023,847,450,-63,-567,-931,-1055,-906,-512,21,549,953,1117,991,611,73,-500,-943,-1150,-1074,-723,-181,407,893,0,1134,822,297,-307,-837,-1155,-1177,-904,-396,215,771,1136,1207,964,474,-136,-725,-1130,-1245,-1041,-572,46,673,1123,1293,1140,688,58,-589,-1090,-1320,-1228,-818,-191,476,1028,1327,1289,918,319,-350,-932,-1280,-1301,-994,-441,218,814,1197,1270,1016,511,-116,-713,-1113,-1221,-1011,-538,64,636,1033,1166,989,552,-25,-581,-985,-1126,-974,-570,-19,535,940,1096,965,584,56,-484,-889,-1060,-953,-600,-101,421,828,1010,923,601,123,-375,-764,-940,-865,-569,-127,341,711,885,811,517,86,-366,-711,-860,-775,-478,-46,400,738,883,783,460,6,-454,-796,-930,-813,-479,-3,496,865,1009,895,538,32,0,0,0,0,0,-1173,-1091,-723,-154,462,979,1267,1240,895,318,-342,-926,-1289,-1342,-1056,-495,191,830,1263,1386,1162,650,-27,-702,-1201,-1395,-1238,-768,-103,586,1116,1362,1274,858,214,-472,-1032,-1327,-1288,-910,-299,380,961,1294,1285,947,369,-303,-891,-1255,-1289,-987,-439,228,835,1217,1279,1012,489,-151,-755,-1153,-1241,-1009,-516,108,695,1094,1198,984,519,-81,-658,-1055,-1159,-956,-505,89,656,1047,1157,951,488,-108,-680,-1071,-1174,-973,-507,108,702,1115,1243,1044,569,-71,-709,-1161,-1319,-1146,-673,-21,650,1163,1384,1257,810,146,-559,-1130,-1418,-1346,-940,-295,430,1054,1412,1421,1071,455,-280,-954,-1376,-1455,-1169,0,127,823,1305,1459,1253,723,5,-707,-1238,-1463,-1320,-841,-149,580,1170,1475,1403,973,299,-459,-1106,-1479,-1474,-1112,-472,299,1013,1466,1545,1246,647,-122,-878,-1420,-1600,-1396,-851,-82,710,1322,1614,1517,1048,316,-497,-1184,-1583,-1589,-1215,-551,252,996,1494,1627,1359,770,4,-763,-1340,-1588,-1446,-961,-243,532,1168,1512,1492,1118,481,-267,-934,-1365,-1472,-1226,-691,2,682,1186,1411,1308,897,286,-381,-942,-1265,-1283,-1017,-533,67,637,1033,1177,1057,704,199,-330,-760,-999,-1003,-789,-406,53,477,770,884,798,542,183,-202,-526,-719,-752,-639,-404,-99,208,456,602,628,541,375,165,-40,-199,-304,0,0,0,0,0,392,453,437,330,142,-102,-358,-566,-690,-692,-557,-300,32,383,665,822,813,628,294,-122,-527,-828,-945,-860,-585,-156,326,741,1003,1044,834,423,-93,-611,-991,-1147,-1051,-694,-156,419,901,1183,1201,928,424,-181,-750,-1156,-1280,-1097,-659,-56,576,1069,1306,1237,871,291,-370,-944,-1289,-1323,-1044,-509,148,764,1198,1337,1152,682,58,-569,-1054,-1277,-1189,-812,-236,383,891,1178,1169,863,348,-241,-758,-1071,-1106,-866,-412,146,654,976,1045,852,434,-97,-595,-931,-1022,-848,-446,73,575,920,1028,872,480,-46,-565,-943,-1085,-943,-550,-17,528,951,1136,1031,666,125,-452,-923,-1166,-1112,-771,0,363,867,1160,1167,875,356,-254,-799,-1140,-1191,-938,-445,168,740,1131,1223,999,513,-104,-696,-1127,-1276,-1088,-626,-4,628,1115,1316,1185,755,128,-534,-1064,-1333,-1259,-870,-264,415,990,1305,1290,958,389,-281,-876,-1246,-1290,-1004,-477,169,762,1151,1240,1016,535,-84,-671,-1073,-1189,-1000,-553,40,617,1017,1148,986,564,-1,-560,-963,-1110,-968,-578,-38,505,915,1080,958,595,72,-457,-859,-1035,-940,-601,-111,402,795,971,895,587,128,-356,-732,-906,-839,-544,-104,350,701,860,784,490,61,-381,-719,-861,-766,-460,-21,431,772,905,797,466,-4,-480,-836,-979,-864,-506,-7,496,889,1061,0,0
61137,mtk,MTK 7916,860176380,rx2-tx1,512,0,0,0,-527,-956,-1151,-1058,-696,-149,447,932,1188,1155,834,301,-313,-852,-1180,-1211,-943,-441,170,743,1124,1225,1023,567,-28,-595,-1010,-1175,-1037,-634,-90,466,908,1104,1004,651,138,-396,-822,-1026,-951,-624,-144,374,792,982,906,591,118,-394,-799,-986,-916,-600,-120,401,814,1015,957,645,150,-385,-814,-1036,-992,-685,-198,347,797,1046,1028,729,230,-329,-793,-1061,-1052,-761,-259,313,812,1103,1106,822,320,-286,-829,-1167,-1215,-953,-444,185,774,1183,1301,1080,595,-36,-669,-1142,-1343,-1215,-783,-157,500,1034,1318,1275,920,342,-309,-873,-1241,-1306,-1041,-529,96,694,1112,1253,1090,665,98,-478,-924,0,-1044,-718,-228,302,737,977,957,688,268,-199,-605,-843,-852,-636,-258,178,552,773,794,599,246,-162,-524,-748,-764,-579,-228,184,542,754,761,560,205,-216,-586,-807,-818,-601,-218,231,636,895,934,726,319,-185,-661,-986,-1072,-890,-488,46,586,1001,1176,1065,693,151,-443,-948,-1224,-1204,-899,-373,253,828,1211,1299,1090,626,18,-608,-1097,-1333,-1270,-902,-325,310,868,1237,1326,1112,657,78,-519,-983,-1213,-1174,-876,-399,146,634,963,1067,934,609,160,-298,-674,-885,-881,-682,-351,32,391,653,759,694,484,183,-137,-410,-588,-644,-568,-391,-152,97,306,439,487,452,355,217,60,0,0,0,0,0,257,425,543,592,545,395,161,-122,-401,-619,-725,-692,-519,-237,101,424,663,769,710,488,158,-214,-551,-765,-799,-654,-354,31,413,712,846,776,513,123,-304,-662,-867,-873,-658,-285,160,580,872,952,804,465,8,-462,-820,-977,-910,-614,-167,319,735,979,980,741,326,-177,-644,-947,-1013,-827,-450,37,526,887,1025,906,571,100,-394,-788,-987,-944,-660,-206,285,696,934,935,701,294,-188,-617,-882,-922,-730,-352,111,549,842,915,758,411,-50,-500,-821,-940,-822,-485,-26,430,779,934,854,552,116,-347,-724,-917,-879,-619,-198,274,672,898,894,658,259,-208,-619,-870,-902,0,-322,139,565,845,910,748,396,-59,-492,-803,-910,-770,-434,11,453,769,884,760,437,-3,-444,-769,-898,-779,-455,-3,467,822,954,837,508,34,-473,-868,-1034,-944,-615,-114,427,859,1078,1032,724,228,-335,-814,-1079,-1078,-805,-320,246,747,1055,1099,864,405,-165,-686,-1022,-1101,-880,-434,115,639,1004,1104,912,481,-69,-610,-993,-1111,-940,-523,32,585,985,1133,993,584,19,-545,-974,-1163,-1049,-661,-101,484,956,1187,1111,761,217,-386,-891,-1174,-1159,-848,-327,267,789,1110,1155,909,434,-147,-678,-1033,-1121,-917,-478,75,600,974,1083,901,500,-26,-555,-940,-1071,-922,-544,-10,523,0,0,0,0,0,999,631,90,-492,-957,-1179,-1109,-767,-221,387,896,1191,1190,893,371,-243,-795,-1152,-1224,-990,-509,90,665,1072,1206,1033,609,40,-536,-963,-1143,-1028,-659,-132,421,854,1049,971,646,150,-377,-795,-998,-926,-607,-134,381,785,972,903,598,116,-403,-810,-1008,-940,-618,-131,398,825,1039,981,668,174,-366,-807,-1050,-1016,-704,-205,342,801,1052,1032,730,240,-319,-808,-1073,-1064,-788,-288,309,833,1136,1150,875,369,-245,-816,-1183,-1251,-1019,-525,113,736,1184,1335,1155,698,62,-588,-1093,-1331,-1246,-861,-263,405,962,1281,1297,987,439,-203,-789,-1178,-1276,-1069,-613,-17,570,1019,1200,1077,708,0,-388,-820,-1043,-1009,-718,-257,244,662,898,898,667,274,-174,-570,-809,-819,-617,-256,173,548,761,772,571,229,-171,-527,-747,-764,-564,-213,197,560,779,783,575,211,-220,-606,-847,-865,-649,-258,222,661,948,1002,804,398,-124,-636,-1012,-1143,-985,-580,-39,518,973,1205,1145,807,260,-361,-893,-1222,-1263,-993,-491,126,726,1168,1340,1195,774,166,-470,-1005,-1314,-1314,-1023,-510,118,699,1131,1306,1173,785,241,-328,-811,-1103,-1138,-922,-518,-17,469,823,984,921,658,266,-168,-534,-762,-814,-692,-432,-85,269,539,686,685,545,301,5,-272,-467,-576,-571,-456,-282,-82,105,247,326,339,0,0,0,0,0,-407,-311,-148,74,311,523,657,677,577,367,69,-262,-541,-715,-758,-642,-384,-35,318,609,776,765,570,259,-118,-481,-734,-816,-717,-440,-50,357,682,855,818,585,206,-239,-642,-882,-913,-732,-376,81,526,850,972,866,537,77,-400,-784,-989,-954,-684,-249,242,683,958,990,784,380,-119,-589,-925,-1025,-877,-512,-24,471,846,1009,929,623,165,-331,-747,-970,-940,-677,-257,233,663,917,934,713,313,-153,-579,-859,-915,-736,-376,82,528,835,917,779,445,-8,-468,-807,-940,-828,-515,-72,396,758,925,865,586,161,-310,-698,-900,-878,-632,-220,239,641,883,893,677,295,-168,0,-855,-909,-728,-361,91,525,826,912,763,418,-29,-468,-784,-885,-758,-435,4,445,763,876,762,441,0,-452,-788,-910,-800,-477,-11,471,841,995,888,550,57,-458,-861,-1061,-996,-665,-158,383,838,1090,1064,771,279,-286,-779,-1080,-1099,-838,-365,202,708,1037,1098,875,426,-136,-659,-1012,-1097,-892,-454,100,626,993,1103,918,502,-49,-591,-982,-1112,-952,-552,-7,551,982,1157,1019,617,63,-518,-974,-1175,-1081,-709,-156,438,921,1172,1135,811,284,-318,-840,-1142,-1158,-887,-388,206,739,1081,1145,918,461,-108,-642,-996,-1097,-917,-502,39,573,949,1073,921,524,-4,-540,-926,-1065,-940,0,0
61138,mtk,MTK 7916,860228083,rx0-tx0,512,-330,-758,-609,-449,-246,-35,180,388,565,701,785,818,796,714,592,421,237,21,-198,-394,-569,-717,-808,-836,-813,-749,-625,-454,-246,-17,216,434,630,784,875,915,894,800,640,436,208,-54,-317,-551,-747,-876,-956,-967,-899,-762,-577,-349,-90,174,426,637,807,914,958,927,841,685,486,251,7,-242,-473,-663,-799,-889,-914,-880,-795,-635,-434,-202,37,287,504,697,830,898,903,849,731,548,333,96,-134,-364,-572,-720,-816,-857,-836,-746,-599,-410,-204,16,227,423,574,683,749,751,701,604,473,303,122,-68,-243,-396,-518,-597,-642,-636,-594,-509,-393,-248,-94,55,209,352,458,531,-26,580,546,481,382,258,113,-46,-193,-333,-442,-536,-593,-597,-572,-495,-389,-248,-82,84,244,393,507,586,628,624,567,470,337,179,10,-163,-320,-465,-570,-643,-655,-608,-536,-425,-276,-97,83,262,416,541,630,675,665,600,485,336,156,-34,-233,-405,-546,-664,-709,-694,-623,-497,-334,-149,59,258,433,574,660,676,638,540,398,224,26,-165,-332,-454,-530,-555,-530,-452,-334,-205,-69,66,188,273,332,353,330,294,234,166,88,16,-52,-98,-141,-170,-168,-163,-153,-132,-95,-64,-34,-12,13,34,57,78,91,102,101,103,85,63,45,9,-29,-66,-88,-97,-91,-65,-801,-854,510,-593,-812,-76,-162,-229,-267,-268,-233,-157,-56,53,161,253,323,358,362,330,271,182,73,-44,-151,-264,-354,-421,-461,-450,-409,-337,-239,-104,56,211,357,484,584,647,652,585,482,326,122,-97,-308,-521,-697,-809,-861,-837,-746,-589,-375,-114,178,447,699,889,1008,1038,975,846,629,368,65,-258,-558,-814,-991,-1106,-1134,-1047,-889,-649,-349,-31,292,601,851,1032,1138,1143,1055,900,661,368,53,-265,-554,-806,-998,-1097,-1128,-1061,-913,-697,-431,-136,167,455,712,915,1042,1096,1055,945,750,507,228,-74,-351,-620,-826,-973,-1041,-1036,-960,-807,-595,-334,-55,229,479,704,862,962,996,947,301,667,451,210,-47,-286,-508,-704,-846,-924,-942,-898,-798,-646,-441,-201,43,300,542,747,900,1001,1014,971,832,649,413,125,-158,-434,-680,-876,-1002,-1056,-1043,-937,-776,-559,-302,-17,258,516,742,909,1025,1068,1034,921,747,525,263,-26,-312,-574,-796,-966,-1072,-1099,-1055,-931,-729,-481,-194,104,404,670,895,1060,1143,1137,1048,880,652,376,57,-248,-535,-782,-969,-1080,-1106,-1055,-925,-732,-489,-206,70,348,595,784,918,989,988,924,789,599,378,132,-115,-357,-572,-745,-857,-916,-912,-838,-716,-530,-319,-95,135,360,568,709,809,859,841,773,649,478,275,52,-174,-382,-559,-707,231,-59,-82,413,619,698,795,828,809,732,599,434,230,19,-201,-394,-567,-698,-781,-823,-795,-718,-601,-437,-234,-14,192,401,586,728,825,874,856,779,643,453,229,-9,-254,-488,-686,-833,-925,-960,-909,-796,-616,-391,-147,121,378,607,782,909,965,953,864,721,526,292,37,-219,-450,-653,-811,-910,-943,-911,-811,-650,-460,-237,8,243,477,668,813,892,917,867,758,599,389,150,-88,-323,-542,-723,-839,-889,-869,-802,-664,-481,-275,-47,189,408,589,718,790,810,767,671,522,354,154,-49,-244,-406,-549,-647,-693,-691,-643,-554,-421,-269,-106,61,223,370,484,568,599,599,562,482,377,253,628,-56,-198,-327,-437,-522,-574,-584,-552,-482,-380,-261,-107,44,201,352,474,570,609,606,573,492,368,223,52,-120,-289,-428,-543,-611,-643,-619,-555,-446,-307,-145,43,217,371,507,606,655,655,601,505,373,221,44,-142,-323,-472,-590,-661,-688,-656,-568,-448,-280,-74,133,330,494,616,690,708,656,546,396,205,-4,-200,-388,-519,-615,-642,-610,-515,-379,-217,-51,113,256,363,423,450,430,377,286,191,75,-29,-115,-187,-230,-248,-244,-224,-190,-155,-91,-41,-1,37,80,104,110,108,108,105,93,80,61,48,22,3,-25,-58,-74,-99,-111,-108,-88,-56,-18,20,51,-297,-59,-82,-817,-614,-207,-167,-98,-6,96,194,275,317,328,300,241,150,44,-69,-175,-269,-342,-388,-399,-384,-336,-250,-151,-28,112,244,364,462,527,551,526,458,353,209,38,-165,-350,-507,-649,-736,-755,-713,-616,-450,-238,2,263,497,702,853,950,950,871,721,497,231,-71,-362,-641,-873,-1021,-1099,-1081,-969,-770,-501,-207,128,449,722,954,1091,1145,1111,981,770,513,207,-129,-438,-715,-942,-1082,-1135,-1107,-984,-799,-536,-244,57,369,648,874,1028,1103,1097,1010,844,606,329,31,-267,-543,-780,-950,-1055,-1070,-1012,-877,-671,-426,-144,135,413,668,862,982,1025,992,891,728,508,260,-14,-288,-176,-717,-848,-929,-946,-899,-801,-642,-429,-198,43,283,506,708,863,947,968,937,829,653,433,172,-94,-361,-613,-812,-973,-1051,-1043,-963,-812,-599,-339,-73,220,487,719,893,1011,1059,1029,933,761,539,287,0,-280,-546,-763,-930,-1042,-1083,-1043,-927,-748,-513,-238,56,340,617,845,1013,1110,1128,1062,918,712,446,141,-175,-474,-741,-947,-1090,-1147,-1108,-1003,-813,-566,-275,22,313,577,788,955,1033,1046,989,853,654,424,162,-105,-363,-592,-770,-895,-955,-949,-877,-754,-566,-348,-111,136,364,570,741,837,886,868,809,675,497,303,77,-151,-369,-564,-712,-809,-855,-838,-755,-626,-460,-975,-1001
61139,mtk,MTK 7916,860228083,rx0-tx1,512,-686,261,-44,80,240,384,495,566,598,581,521,430,306,165,17,-128,-260,-373,-460,-513,-527,-508,-449,-372,-268,-161,-36,93,201,309,392,449,488,492,462,405,322,221,99,-24,-149,-272,-376,-464,-528,-555,-541,-491,-414,-303,-161,-6,150,307,441,550,623,648,625,564,447,300,132,-54,-230,-403,-534,-629,-686,-693,-650,-549,-416,-251,-70,116,299,470,592,678,715,690,626,515,360,178,-13,-198,-358,-502,-608,-669,-688,-653,-565,-441,-294,-122,59,230,386,518,603,652,654,611,524,394,243,72,-101,-261,-404,-519,-591,-634,-632,-573,-478,-350,-198,-38,129,290,436,545,615,633,-38,551,438,303,152,-28,-201,-358,-493,-585,-642,-650,-609,-524,-401,-248,-71,111,284,442,572,657,683,660,588,473,315,127,-66,-249,-415,-543,-639,-680,-659,-592,-483,-335,-163,6,180,354,477,569,625,627,589,501,388,237,65,-106,-276,-407,-514,-578,-608,-587,-529,-417,-274,-121,40,199,337,456,541,594,590,536,448,322,169,-9,-170,-324,-458,-551,-589,-591,-533,-423,-284,-126,46,207,348,453,515,528,496,418,311,185,38,-105,-232,-331,-403,-425,-420,-382,-297,-197,-79,46,155,243,313,351,351,309,245,151,45,-58,-158,-238,-283,-280,-245,-176,-84,14,98,140,924,766,0,766,649,-122,-90,-27,44,115,172,213,221,197,153,90,9,-67,-138,-196,-231,-248,-241,-211,-160,-95,-12,66,135,187,227,258,253,225,175,114,49,-18,-87,-147,-185,-212,-220,-209,-185,-158,-120,-66,-16,30,69,112,147,177,193,201,203,183,151,112,50,-8,-67,-131,-187,-227,-250,-249,-228,-197,-145,-87,-28,41,106,161,196,219,236,229,216,187,137,91,38,-24,-82,-136,-181,-216,-236,-243,-243,-227,-188,-141,-71,-4,69,147,217,278,311,329,316,279,223,144,54,-37,-131,-215,-291,-339,-360,-360,-329,-275,-207,-118,-14,86,182,262,325,378,388,379,342,280,-48,108,0,-111,-215,-310,-380,-422,-439,-431,-381,-303,-206,-88,39,168,285,382,454,496,499,466,393,297,167,34,-110,-247,-362,-456,-514,-539,-523,-466,-382,-258,-122,16,157,281,397,485,534,548,531,472,380,260,124,-30,-173,-310,-430,-522,-585,-601,-578,-512,-406,-269,-111,51,219,371,498,597,652,657,610,527,406,249,76,-107,-294,-447,-573,-659,-693,-685,-611,-496,-349,-179,9,208,380,520,622,674,678,634,553,423,264,88,-87,-260,-407,-528,-614,-651,-638,-586,-494,-367,-215,-44,125,293,437,542,617,641,626,559,451,314,153,-15,-184,-343,-466,-564,-618,-622,161,492,9,-1013,-1054,612,567,478,357,212,51,-115,-261,-387,-489,-548,-570,-543,-486,-395,-279,-144,-6,128,247,348,422,470,491,472,430,372,283,188,73,-51,-172,-283,-373,-446,-495,-513,-504,-449,-365,-262,-136,6,148,283,403,505,574,595,590,536,442,313,161,-13,-178,-346,-490,-591,-661,-680,-653,-572,-439,-283,-100,85,270,431,561,659,701,690,634,527,384,221,31,-163,-337,-494,-608,-680,-702,-664,-585,-468,-314,-148,30,213,373,508,601,663,667,621,535,412,258,96,-81,-244,-391,-506,-590,-638,-638,-588,-500,-370,-218,-59,118,281,419,529,601,628,618,561,461,329,173,2,634,-330,-458,-551,-620,-647,-614,-545,-427,-278,-112,66,236,394,522,621,665,657,598,499,362,192,4,-178,-350,-502,-618,-684,-684,-638,-539,-399,-241,-53,129,299,454,573,636,648,633,553,427,280,106,-67,-241,-386,-502,-585,-615,-613,-553,-460,-332,-177,-11,150,300,437,530,588,600,563,488,384,247,84,-95,-257,-392,-505,-583,-605,-575,-509,-398,-244,-77,100,276,413,507,559,567,520,432,301,154,-1,-153,-293,-392,-463,-486,-465,-406,-313,-191,-61,61,184,286,349,389,387,345,277,187,76,-43,-147,-230,-294,-315,-308,-265,-190,-88,18,111,187,223,222,176,110,-432,-682,0,69,420,89,146,185,189,163,114,47,-34,-109,-173,-216,-236,-228,-202,-147,-81,-5,76,148,199,238,254,244,208,154,97,24,-54,-120,-179,-215,-237,-235,-220,-182,-140,-86,-26,34,88,131,175,192,196,193,179,159,127,88,37,-12,-63,-116,-154,-194,-217,-216,-216,-200,-162,-110,-44,24,86,144,197,228,251,249,227,190,137,82,11,-53,-100,-155,-189,-210,-227,-227,-211,-186,-152,-110,-58,-1,60,128,184,236,269,282,281,259,218,149,72,-19,-112,-193,-261,-316,-343,-346,-322,-281,-217,-128,-37,59,157,235,303,357,376,366,334,274,207,113,6,-96,-196,-281,-1135,-398,-416,-397,-360,-292,-202,-96,16,133,248,339,411,460,477,458,398,313,198,64,-76,-214,-331,-429,-498,-522,-516,-465,-385,-277,-145,-2,144,270,380,470,516,538,517,463,379,260,127,-12,-157,-296,-412,-501,-557,-574,-546,-491,-392,-270,-125,32,187,338,459,553,603,619,594,520,412,273,105,-75,-249,-404,-538,-632,-679,-683,-628,-522,-387,-213,-32,162,342,488,600,665,698,670,588,464,304,129,-62,-239,-402,-535,-623,-664,-661,-612,-513,-386,-233,-60,109,271,419,530,610,644,632,576,477,348,194,17,-152,-320,-454,-562,-624,-641,-620,-543,-431,-287,-123,50,-752,-582
61140,mtk,MTK 7916,860228083,rx1-tx0,512,0,282,146,654,680,661,601,493,354,178,-12,-200,-393,-555,-680,-772,-800,-780,-696,-550,-374,-164,68,300,516,702,846,919,922,865,744,556,324,57,-213,-469,-700,-881,-998,-1050,-1014,-899,-704,-461,-176,126,419,679,889,1029,1090,1075,980,801,560,279,-18,-305,-575,-800,-959,-1041,-1051,-979,-850,-655,-406,-147,136,395,626,813,943,1007,989,890,752,543,307,54,-204,-440,-653,-824,-919,-950,-928,-821,-665,-467,-231,25,267,486,672,809,880,897,848,728,563,358,132,-103,-326,-533,-685,-779,-836,-823,-752,-625,-454,-256,-40,173,371,547,671,746,764,726,652,517,343,152,-37,-216,-277,-527,-610,-667,-675,-625,-534,-411,-271,-114,54,218,355,467,563,610,615,576,494,393,263,109,-49,-198,-343,-456,-548,-596,-603,-570,-512,-406,-270,-119,33,192,338,462,561,618,641,617,543,437,303,134,-35,-207,-380,-522,-644,-717,-741,-710,-623,-482,-304,-100,126,355,553,727,838,878,857,764,607,388,128,-154,-422,-650,-828,-928,-947,-885,-752,-540,-289,-17,260,505,693,829,877,840,741,580,379,155,-79,-289,-471,-609,-684,-703,-660,-570,-427,-255,-75,108,267,403,504,554,557,512,429,303,155,3,-153,-290,-394,-458,-470,-427,-342,-215,-71,82,219,306,334,300,232,329,0,-738,-823,-3,27,65,90,109,118,111,88,66,16,-41,-82,-121,-145,-170,-165,-143,-110,-63,-21,33,81,126,173,196,202,184,167,127,75,23,-39,-92,-143,-188,-225,-254,-260,-231,-189,-135,-71,1,87,170,242,294,338,344,333,296,227,140,38,-88,-203,-313,-402,-447,-462,-442,-384,-288,-159,-19,134,284,405,494,544,539,491,412,282,135,-26,-191,-331,-444,-522,-559,-542,-478,-383,-268,-121,28,184,320,417,479,496,478,433,347,239,111,-11,-127,-228,-306,-364,-392,-394,-365,-315,-253,-176,-96,-17,66,139,210,272,331,362,368,363,332,273,192,106,-1,-120,-231,489,-400,-454,-482,-468,-417,-336,-225,-94,45,193,322,432,521,576,588,541,462,349,206,41,-138,-312,-452,-561,-637,-670,-642,-564,-454,-306,-115,76,260,434,558,656,709,700,653,539,393,221,33,-167,-341,-502,-622,-696,-716,-684,-613,-504,-345,-169,21,204,376,519,629,689,714,688,612,503,358,174,-17,-206,-397,-563,-687,-774,-811,-762,-672,-531,-340,-128,110,329,518,686,795,843,825,746,601,417,209,-21,-249,-454,-623,-726,-782,-781,-714,-602,-444,-263,-76,108,285,438,563,636,667,661,600,509,389,243,80,-76,-241,-376,-489,-569,-623,-635,-599,-529,-427,-289,-134,268,-124,0,223,333,173,-6,-185,-359,-508,-626,-704,-730,-719,-651,-527,-372,-187,25,236,446,618,746,838,863,823,721,573,371,128,-126,-377,-610,-803,-933,-993,-968,-887,-737,-520,-263,18,301,568,795,964,1065,1081,1013,863,647,380,87,-212,-507,-754,-941,-1058,-1092,-1044,-921,-725,-481,-199,95,376,615,825,949,1021,1019,941,801,607,369,107,-167,-412,-633,-821,-925,-976,-955,-863,-722,-514,-270,-21,238,476,659,807,902,929,876,769,615,408,177,-58,-290,-496,-670,-799,-867,-868,-809,-693,-513,-316,-95,139,354,546,690,776,809,777,698,565,390,197,-10,-202,-386,-547,-653,-709,-711,-668,315,-448,-298,-133,46,219,371,497,580,631,635,596,509,406,262,107,-50,-211,-344,-456,-542,-594,-600,-576,-507,-401,-272,-115,47,196,328,460,552,608,618,590,517,415,280,127,-27,-196,-344,-472,-584,-653,-669,-655,-582,-469,-322,-135,59,254,441,605,722,796,813,755,638,473,244,3,-251,-496,-707,-856,-931,-928,-844,-688,-471,-204,74,343,585,777,882,925,881,756,570,339,77,-168,-396,-585,-722,-789,-780,-705,-578,-408,-211,-4,195,366,506,585,624,599,530,424,284,123,-42,-197,-333,-437,-487,-500,-473,-394,-282,-141,15,168,295,387,419,407,330,207,65,-59,-262,-114,0,351,-43,87,85,73,49,19,-22,-65,-98,-122,-144,-135,-116,-89,-56,-12,47,90,131,156,174,181,160,143,102,49,-16,-70,-121,-172,-199,-214,-219,-207,-183,-137,-77,-10,62,131,184,235,266,286,282,258,214,152,67,-33,-125,-222,-307,-366,-412,-415,-379,-321,-215,-85,49,184,303,413,487,519,513,448,346,217,65,-100,-242,-378,-478,-539,-559,-529,-451,-340,-207,-49,117,273,393,483,526,527,501,422,317,184,39,-96,-229,-337,-416,-448,-445,-415,-353,-276,-187,-84,18,114,190,257,307,337,352,344,314,277,223,155,62,-25,-113,-206,-290,-355,-402,-431,-420,-373,-571,-233,-115,13,153,277,383,468,512,533,507,444,347,225,76,-90,-250,-383,-492,-575,-613,-616,-556,-460,-329,-175,4,195,361,503,620,683,689,656,558,423,263,73,-116,-305,-477,-602,-686,-723,-695,-628,-516,-367,-187,3,190,358,515,626,695,712,687,615,499,338,165,-16,-208,-382,-531,-653,-729,-747,-724,-657,-529,-365,-182,37,249,440,618,746,821,832,763,655,495,285,53,-183,-405,-594,-730,-814,-835,-790,-682,-524,-328,-120,103,298,464,593,680,718,712,651,549,409,243,74,-103,-265,-401,-515,-598,-632,-639,-597,-508,-388,-252,-105,57,218,353,477,572,628,762,802
61141,mtk,MTK 7916,860228083,rx1-tx1,512,0,0,0,-701,-643,-420,-87,275,580,743,723,520,193,-183,-511,-711,-738,-574,-267,105,437,650,708,575,293,-49,-366,-573,-634,-531,-294,15,318,529,590,484,256,-33,-322,-514,-555,-447,-223,61,340,514,546,430,191,-107,-372,-534,-557,-431,-184,109,385,565,587,449,204,-89,-367,-551,-589,-468,-227,71,352,535,571,460,228,-58,-329,-507,-544,-436,-216,69,334,496,526,413,186,-101,-360,-516,-537,-418,-174,125,388,552,578,462,218,-85,-359,-541,-598,-504,-283,15,305,509,588,519,315,42,-239,-456,-550,-505,-335,-82,177,386,497,477,335,124,-111,-301,-410,-409,-299,-130,0,238,327,323,231,80,-90,-220,-275,-245,-138,18,162,254,273,215,81,-85,-236,-330,-328,-229,-66,126,296,388,388,283,94,-129,-325,-450,-452,-344,-143,111,343,484,512,404,183,-84,-328,-508,-568,-473,-260,20,303,515,592,529,321,25,-274,-509,-624,-586,-395,-95,233,507,657,642,472,188,-153,-463,-659,-701,-571,-301,40,378,627,723,653,434,113,-233,-526,-689,-690,-527,-245,76,368,582,649,562,353,65,-227,-452,-566,-551,-408,-179,78,314,464,499,418,244,23,-193,-359,-437,-410,-299,-126,70,235,348,387,340,230,81,-74,-199,-284,-315,-289,-215,-121,-28,0,0,0,0,0,212,317,377,378,315,181,-10,-216,-397,-523,-550,-466,-282,-30,239,475,613,624,503,270,-29,-335,-576,-692,-649,-463,-164,174,473,668,707,573,302,-49,-396,-640,-730,-644,-398,-55,311,617,778,738,506,142,-260,-599,-801,-823,-633,-268,160,546,814,885,736,399,-38,-466,-788,-916,-807,-496,-74,369,731,906,845,581,166,-291,-673,-882,-861,-630,-231,219,610,854,875,664,276,-176,-580,-840,-883,-688,-307,154,576,852,914,738,364,-119,-573,-884,-970,-812,-443,53,549,913,1056,927,559,45,-485,-902,-1105,-1031,-702,-193,369,835,1100,1097,827,358,-199,-718,-1051,-1114,-897,0,89,610,970,1085,926,522,-12,-535,-910,-1056,-922,-553,-40,482,884,1053,944,584,72,-463,-881,-1077,-995,-653,-133,420,872,1107,1059,744,243,-325,-815,-1090,-1093,-825,-343,228,732,1042,1083,840,393,-140,-638,-964,-1035,-844,-432,87,568,891,970,788,401,-96,-553,-853,-928,-748,-356,129,586,886,946,760,358,-147,-620,-941,-1015,-834,-446,72,586,950,1066,920,546,31,-489,-881,-1054,-965,-634,-148,366,776,980,944,678,248,-229,-625,-861,-874,-672,-305,121,495,722,757,593,283,-83,-405,-609,-638,-490,-210,107,386,540,537,385,116,-182,-426,-552,-523,-337,-46,258,501,614,0,0,0,0,0,46,-297,-582,-719,-682,-477,-138,234,553,741,740,556,236,-142,-474,-689,-724,-581,-296,54,385,610,664,550,300,-25,-338,-557,-614,-507,-269,37,326,520,569,465,241,-47,-320,-504,-553,-446,-211,85,354,523,545,422,180,-117,-378,-541,-571,-443,-192,119,399,569,595,479,230,-91,-379,-555,-585,-468,-240,58,334,522,568,458,227,-57,-331,-509,-534,-416,-189,87,344,511,537,416,185,-104,-373,-545,-566,-435,-195,102,375,550,594,486,241,-52,-328,-529,-596,-503,-282,3,281,489,572,509,324,65,-207,-421,-531,-504,-352,-116,139,349,462,453,333,134,-82,-262,-360,0,-265,-102,77,219,287,270,173,29,-123,-231,-266,-223,-109,49,192,288,302,221,67,-111,-267,-359,-359,-256,-77,134,320,424,425,314,112,-124,-331,-459,-477,-375,-169,88,329,492,539,444,228,-44,-314,-514,-584,-500,-284,1,290,514,616,554,345,54,-258,-516,-652,-627,-435,-134,199,491,666,677,529,255,-94,-424,-653,-724,-616,-367,-39,306,574,707,676,487,184,-155,-457,-643,-676,-550,-302,1,292,514,617,563,385,128,-156,-383,-518,-528,-417,-217,32,255,410,466,412,267,72,-129,-296,-396,-404,-325,-181,-5,164,288,348,343,278,166,37,-84,-175,-225,-232,0,0,0,0,0,-221,-140,-17,139,300,425,481,449,327,139,-95,-333,-510,-594,-560,-401,-152,138,405,604,671,587,367,66,-257,-532,-683,-680,-526,-242,99,421,649,725,626,358,7,-348,-626,-749,-688,-455,-101,284,606,775,760,558,204,-213,-584,-812,-850,-680,-336,105,527,814,904,779,452,10,-427,-765,-918,-838,-550,-129,331,708,903,864,601,198,-254,-646,-857,-860,-648,-259,198,603,850,877,676,293,-170,-586,-858,-904,-711,-337,128,569,863,940,772,400,-85,-554,-892,-1011,-867,-494,7,516,911,1082,987,629,114,-432,-878,-1112,-1080,-777,-279,289,782,1091,1124,872,410,-147,-668,0,-1099,-904,-490,48,573,938,1061,918,536,9,-513,-897,-1044,-924,-566,-59,468,878,1062,969,618,109,-438,-872,-1081,-1022,-700,-189,377,845,1097,1072,776,282,-285,-777,-1071,-1095,-837,-366,188,687,1009,1062,849,422,-102,-595,-921,-1000,-819,-428,76,547,856,929,757,383,-102,-563,-863,-935,-748,-357,140,606,916,981,798,396,-117,-599,-938,-1043,-881,-488,25,534,914,1064,939,585,90,-425,-831,-1028,-961,-659,-202,287,693,924,917,682,289,-162,-560,-801,-825,-632,-304,85,432,648,689,542,258,-87,-393,-564,-574,-431,-170,139,398,541,527,360,87,-216,-458,-575,-529,-338,-52,0,0
61142,mtk,MTK 7916,860228083,rx2-tx0,512,0,0,0,-1209,-1089,-682,-80,551,1055,1308,1228,822,202,-479,-1059,-1369,-1331,-954,-329,381,1000,1365,1394,1054,447,-282,-940,-1346,-1411,-1120,-535,191,856,1295,1405,1147,595,-114,-790,-1248,-1376,-1146,-615,75,749,1216,1355,1141,628,-47,-710,-1188,-1344,-1141,-640,19,675,1148,1317,1136,653,3,-643,-1108,-1277,-1103,-631,2,626,1080,1231,1050,591,-24,-623,-1048,-1190,-1010,-549,62,654,1058,1167,966,491,-129,-708,-1087,-1176,-948,-456,174,768,1160,1238,983,466,-191,-821,-1235,-1321,-1056,-509,179,831,1273,1388,1145,599,-110,-805,-1300,-1456,-1237,-696,31,749,1280,1481,1305,794,78,-668,-1241,-1496,-1369,-888,-180,0,1192,1487,1404,966,278,-485,-1120,-1463,-1427,-1028,-365,397,1066,1455,1471,1110,451,-325,-1015,-1458,-1522,-1199,-565,219,961,1458,1580,1301,693,-96,-870,-1428,-1628,-1414,-840,-54,743,1366,1645,1501,980,212,-608,-1282,-1633,-1575,-1124,-393,434,1162,1597,1628,1256,577,-241,-997,-1509,-1636,-1350,-741,48,818,1377,1590,1407,874,132,-625,-1223,-1519,-1440,-1013,-345,409,1054,1431,1453,1128,540,-166,-812,-1253,-1385,-1191,-730,-108,533,1024,1260,1192,844,314,-260,-755,-1059,-1102,-891,-480,23,492,825,956,870,591,185,-243,-595,-796,-814,-657,-365,-8,329,582,704,679,522,277,5,-241,-422,-511,-502,-417,-282,0,0,0,0,0,-76,98,287,462,584,610,516,312,25,-293,-565,-744,-789,-664,-382,-4,389,711,886,876,662,280,-180,-608,-913,-1015,-879,-541,-60,456,877,1103,1068,778,291,-283,-800,-1134,-1209,-990,-529,78,673,1113,1281,1149,734,138,-496,-1027,-1311,-1261,-903,-328,333,931,1297,1338,1052,507,-171,-803,-1240,-1365,-1153,-663,-9,655,1143,1344,1213,779,159,-491,-1014,-1279,-1212,-841,-269,367,893,1181,1155,842,318,-280,-792,-1092,-1107,-832,-345,228,728,1029,1049,789,323,-228,-724,-1018,-1042,-782,-305,247,734,1037,1065,801,323,-251,-766,-1078,-1114,-862,-381,212,757,1108,1174,944,461,-151,-720,-1111,-1221,0,-533,75,672,1098,1236,1046,595,-19,-630,-1080,-1244,-1086,-641,-28,600,1076,1267,1126,687,64,-584,-1093,-1318,-1200,-761,-125,554,1095,1352,1259,850,210,-492,-1064,-1359,-1311,-922,-300,399,998,1340,1324,973,369,-324,-923,-1284,-1302,-984,-422,247,843,1204,1245,957,420,-216,-791,-1146,-1195,-923,-406,210,761,1104,1153,886,380,-219,-752,-1079,-1110,-855,-374,211,731,1044,1086,840,365,-199,-698,-1001,-1041,-804,-353,187,664,950,979,744,313,-191,-628,-893,-909,-670,-250,231,640,862,843,591,170,-300,-681,-879,-826,-540,-99,376,752,922,842,525,43,-453,-826,-986,-883,-530,-18,509,919,1089,0,0,0,0,0,41,-560,-1043,-1263,-1158,-750,-140,527,1075,1352,1284,891,265,-434,-1029,-1374,-1367,-1012,-395,326,962,1362,1407,1091,496,-224,-893,-1327,-1410,-1134,-567,147,822,1281,1396,1150,607,-89,-761,-1230,-1372,-1148,-627,59,722,1192,1348,1142,638,-35,-695,-1166,-1333,-1145,-646,20,665,1132,1298,1125,654,5,-631,-1089,-1256,-1083,-620,9,622,1058,1207,1028,565,-47,-638,-1047,-1177,-981,-516,94,680,1081,1176,951,468,-149,-732,-1123,-1211,-965,-451,196,803,1200,1272,1012,481,-191,-831,-1259,-1355,-1095,-542,163,830,1291,1430,1192,643,-80,-786,-1292,-1470,-1273,-755,-32,703,1256,1490,1341,848,135,-619,-1215,-1487,0,-932,-229,528,1148,1476,1421,995,313,-443,-1088,-1459,-1454,-1067,-407,365,1050,1461,1496,1151,512,-271,-987,-1455,-1553,-1252,-628,168,920,1440,1600,1358,763,-28,-816,-1400,-1643,-1462,-916,-135,690,1338,1647,1538,1052,311,-525,-1230,-1624,-1610,-1193,-486,343,1088,1555,1636,1307,655,-147,-911,-1450,-1618,-1381,-809,-44,729,1313,1567,1429,946,235,-521,-1138,-1476,-1445,-1069,-440,288,937,1347,1432,1174,640,-38,-692,-1157,-1337,-1202,-794,-211,398,897,1170,1161,880,410,-135,-622,-943,-1038,-888,-542,-88,366,715,885,847,626,275,-118,-469,-697,-767,-678,-455,-150,173,434,590,629,555,389,177,-32,-199,-307,0,0,0,0,0,-415,-457,-421,-295,-98,154,415,617,714,679,503,212,-145,-494,-748,-855,-783,-535,-152,282,668,919,964,785,417,-54,-532,-901,-1064,-982,-661,-169,377,850,1129,1143,882,404,-185,-738,-1120,-1247,-1072,-630,-36,579,1068,1303,1212,825,234,-424,-982,-1303,-1304,-981,-413,254,867,1269,1360,1111,583,-89,-728,-1193,-1365,-1195,-723,-75,578,1076,1308,1222,828,225,-418,-949,-1228,-1191,-847,-296,319,836,1127,1134,845,337,-252,-760,-1060,-1081,-813,-326,231,721,1022,1043,783,317,-231,-712,-1015,-1047,-786,-310,250,749,1059,1080,820,344,-238,-765,-1096,-1149,-901,-416,175,732,1107,1201,977,494,-117,0,-1106,-1227,-1036,-569,51,654,1089,1240,1066,615,1,-619,-1077,-1254,-1102,-660,-43,593,1085,1298,1162,720,83,-577,-1092,-1333,-1225,-801,-170,518,1080,1357,1285,886,255,-447,-1027,-1347,-1326,-957,-336,369,969,1312,1315,978,398,-275,-875,-1243,-1281,-983,-428,231,808,1163,1211,939,416,-213,-778,-1129,-1161,-895,-395,217,762,1088,1130,867,374,-213,-740,-1063,-1099,-846,-374,193,706,1022,1064,824,361,-189,-673,-978,-1010,-776,-338,183,645,921,941,705,282,-205,-631,-873,-875,-634,-216,261,662,872,836,563,132,-337,-712,-892,-823,-518,-68,410,790,957,861,525,33,-483,-878,-1037,-922,-553,-20,0,0
61143,mtk,MTK 7916,860228083,rx2-tx1,512,0,0,0,996,586,27,-549,-995,-1190,-1080,-687,-104,498,972,1216,1150,786,221,-395,-906,-1198,-1183,-870,-330,290,826,1155,1177,902,398,-200,-734,-1065,-1118,-885,-424,141,656,982,1038,815,383,-139,-619,-920,-962,-744,-330,178,638,917,938,699,263,-246,-688,-952,-957,-692,-232,290,743,1000,986,708,238,-307,-767,-1027,-1020,-725,-233,324,792,1046,1023,729,229,-341,-822,-1095,-1077,-754,-229,362,868,1161,1142,813,271,-357,-903,-1222,-1237,-927,-373,287,874,1256,1325,1057,513,-159,-794,-1240,-1371,-1148,-646,13,677,1160,1355,1213,774,142,-520,-1041,-1302,-1244,-871,-290,345,886,1200,1204,915,409,-184,0,-1055,-1103,-880,-452,77,566,884,965,793,419,-53,-495,-786,-862,-706,-362,72,478,743,803,644,312,-103,-484,-727,-768,-596,-262,146,523,760,781,583,218,-219,-603,-825,-832,-613,-212,261,682,932,946,708,279,-240,-721,-1032,-1092,-876,-427,152,698,1074,1201,1036,601,12,-595,-1063,-1278,-1177,-788,-191,457,998,1295,1293,981,427,-233,-840,-1246,-1366,-1173,-697,-65,573,1079,1332,1275,924,369,-246,-794,-1155,-1241,-1042,-628,-84,472,884,1075,1022,742,316,-160,-576,-840,-899,-755,-449,-59,325,608,750,716,532,244,-80,-374,-573,-651,-591,-412,-171,81,293,440,492,451,348,207,56,0,0,0,0,0,-287,-453,-564,-593,-526,-352,-95,192,462,664,741,669,457,139,-214,-532,-743,-787,-659,-384,-17,362,660,808,771,549,192,-223,-589,-808,-833,-659,-315,112,521,815,912,782,465,16,-448,-800,-959,-887,-602,-161,329,743,970,961,711,284,-217,-676,-965,-1017,-812,-403,116,608,946,1048,881,500,0,-508,-895,-1060,-954,-598,-98,408,813,1023,972,674,203,-316,-746,-988,-968,-692,-253,242,677,940,943,707,290,-200,-638,-906,-935,-729,-330,168,619,896,946,757,366,-122,-583,-893,-972,-795,-417,66,528,842,952,814,461,-13,-484,-829,-946,-817,-489,-40,429,792,940,841,532,0,-407,-777,-938,-857,-557,-107,371,750,929,856,563,133,-333,-709,-895,-842,-552,-112,356,722,890,823,530,86,-390,-768,-940,-858,-539,-71,428,826,1014,930,595,97,-438,-870,-1086,-1020,-687,-165,400,862,1111,1073,754,235,-344,-839,-1111,-1098,-797,-277,303,800,1086,1085,797,295,-282,-783,-1071,-1074,-794,-303,280,787,1078,1079,807,305,-280,-786,-1089,-1105,-821,-321,269,794,1113,1137,849,343,-255,-791,-1128,-1181,-912,-402,201,765,1134,1199,961,481,-128,-700,-1090,-1200,-999,-538,57,628,1028,1157,995,568,-3,-563,-967,-1112,-962,-559,-11,536,936,1085,939,549,15,-526,-930,-1086,-949,0,0,0,0,0,570,992,1167,1035,638,69,-525,-991,-1205,-1115,-740,-174,442,957,1218,1170,825,271,-348,-877,-1177,-1177,-877,-354,250,781,1110,1150,891,415,-166,-694,-1025,-1084,-866,-418,134,632,950,1001,784,353,-159,-623,-913,-940,-711,-295,218,679,940,941,702,254,-279,-729,-982,-980,-711,-245,295,760,1018,995,709,237,-304,-778,-1038,-1015,-727,-240,320,802,1070,1049,738,227,-344,-845,-1130,-1108,-783,-242,362,889,1193,1191,874,319,-330,-908,-1256,-1289,-994,-432,242,858,1260,1354,1111,580,-103,-756,-1215,-1369,-1193,-713,-60,597,1103,1335,1234,828,222,-432,-965,-1250,-1229,-906,-358,263,801,1132,1169,0,433,-126,-632,-965,-1042,-853,-449,58,523,830,908,747,383,-63,-475,-763,-836,-668,-330,85,478,737,786,618,284,-130,-506,-743,-778,-588,-227,186,553,783,795,588,212,-242,-641,-871,-881,-647,-225,263,709,997,1021,786,347,-209,-730,-1072,-1151,-945,-507,71,656,1089,1242,1099,689,102,-531,-1047,-1303,-1242,-883,-311,351,930,1287,1336,1077,552,-104,-732,-1195,-1389,-1252,-828,-229,415,963,1278,1285,1010,515,-75,-626,-1017,-1165,-1043,-704,-219,290,714,960,967,755,395,-35,-443,-729,-826,-739,-500,-156,210,504,671,690,563,329,40,-238,-454,-564,-569,-467,-288,-85,106,251,333,347,0,0,0,0,0,393,286,110,-123,-363,-568,-686,-683,-548,-302,13,348,614,752,740,570,271,-88,-438,-698,-803,-720,-465,-100,287,615,803,803,602,254,-153,-543,-815,-882,-725,-384,49,476,799,934,844,537,82,-397,-778,-971,-929,-660,-225,281,717,981,1008,780,342,-166,-630,-952,-1034,-859,-458,60,562,924,1056,923,560,62,-460,-870,-1050,-960,-636,-160,353,781,1003,970,685,231,-280,-716,-956,-948,-701,-281,215,656,919,936,717,309,-180,-621,-896,-941,-732,-333,153,601,901,959,768,392,-86,-548,-869,-967,-815,-440,42,503,835,952,822,474,4,-461,-806,-946,-834,-508,-53,421,786,0,854,537,82,-391,-766,-940,-866,-562,-118,350,727,915,855,570,136,-330,-705,-892,-827,-539,-104,367,741,910,834,533,75,-414,-799,-969,-884,-558,-74,443,853,1056,981,644,138,-412,-870,-1101,-1046,-714,-197,365,845,1107,1078,770,258,-325,-813,-1090,-1078,-781,-288,288,789,1082,1082,801,300,-280,-775,-1068,-1077,-792,-296,287,791,1078,1091,814,310,-285,-799,-1100,-1116,-832,-331,264,797,1123,1153,882,374,-238,-789,-1135,-1182,-931,-441,171,736,1107,1200,979,503,-94,-660,-1054,-1180,-993,-550,27,590,995,1134,972,561,10,-534,-937,-1091,-948,-555,-20,521,921,1074,935,542,9,-529,0,0
61144,mtk,MTK 7916,860279635,rx0-tx0,512,-330,827,754,-808,-823,-757,-617,-408,-162,89,341,556,716,806,820,755,629,435,205,-48,-300,-522,-695,-809,-844,-797,-690,-505,-270,-4,263,522,725,866,918,874,745,547,284,-10,-307,-578,-792,-937,-979,-926,-773,-541,-249,59,367,637,830,953,972,896,740,498,206,-84,-378,-623,-814,-919,-936,-864,-705,-478,-202,83,367,607,789,909,923,849,701,476,208,-84,-370,-618,-800,-896,-905,-828,-662,-435,-166,115,391,619,780,860,849,753,573,361,102,-152,-386,-585,-719,-763,-748,-660,-502,-303,-80,144,350,515,632,673,662,583,447,274,83,-107,-291,-444,-549,-599,-598,-539,-434,-291,-26,57,230,379,494,564,588,549,454,326,154,-31,-205,-371,-499,-586,-610,-580,-486,-340,-167,38,233,401,534,611,637,581,472,313,128,-69,-270,-446,-570,-627,-644,-578,-454,-284,-83,110,312,471,595,649,639,562,430,252,47,-170,-371,-538,-648,-687,-640,-526,-366,-165,64,297,483,617,686,677,582,414,197,-26,-247,-447,-571,-642,-613,-507,-348,-165,38,226,370,459,497,467,374,253,111,-22,-153,-249,-299,-318,-294,-245,-172,-97,-15,59,117,150,171,168,147,118,87,52,14,-18,-49,-70,-87,-96,-95,-88,-78,-65,-32,7,44,75,100,106,92,64,24,-10,795,856,510,431,632,53,-49,-157,-238,-283,-287,-240,-147,-27,99,214,305,365,371,325,247,131,5,-131,-257,-361,-429,-448,-430,-352,-228,-75,93,268,420,533,592,586,514,387,188,-35,-270,-482,-654,-761,-788,-719,-555,-329,-53,245,522,742,898,953,890,725,477,159,-179,-508,-790,-983,-1070,-1046,-885,-634,-296,70,439,757,989,1125,1134,997,773,452,79,-292,-646,-909,-1077,-1147,-1076,-898,-628,-283,100,449,757,991,1103,1107,996,787,485,139,-215,-550,-826,-1008,-1091,-1061,-930,-682,-376,-38,308,626,868,1020,1076,1017,844,586,282,-56,-391,-673,-892,-1009,-1031,-942,-761,-502,-194,136,444,683,301,968,963,866,692,459,175,-118,-399,-639,-826,-939,-957,-885,-723,-508,-227,83,380,651,868,987,1024,961,788,533,226,-114,-425,-713,-937,-1046,-1051,-960,-775,-503,-199,141,464,731,939,1053,1060,975,778,515,214,-124,-447,-735,-946,-1070,-1093,-1007,-824,-549,-225,122,459,761,985,1101,1120,1033,835,554,216,-146,-498,-803,-1023,-1145,-1141,-1022,-794,-497,-145,229,562,834,1019,1117,1073,925,704,422,93,-240,-545,-777,-943,-1011,-976,-857,-642,-376,-86,213,484,704,860,933,906,800,617,370,98,-180,-434,-642,-797,-881,-871,-771,-598,-376,-115,155,404,607,761,842,838,746,590,381,-247,-12,-82,-256,-429,-165,94,346,562,731,809,818,753,613,414,178,-71,-312,-528,-697,-796,-823,-777,-652,-472,-241,23,273,509,704,833,880,848,728,530,281,-10,-294,-550,-755,-898,-946,-906,-768,-555,-280,22,327,603,823,950,982,919,756,520,237,-78,-370,-634,-838,-944,-958,-879,-712,-484,-207,82,371,618,808,913,930,855,693,480,212,-83,-360,-600,-791,-896,-921,-850,-694,-466,-191,96,379,624,796,883,880,796,627,401,133,-139,-407,-612,-758,-824,-793,-703,-543,-328,-88,146,379,557,675,723,703,615,471,285,78,-124,-323,-480,-587,-633,-623,-560,-437,-279,-96,88,265,406,520,628,581,540,447,309,141,-39,-219,-369,-492,-576,-591,-558,-470,-334,-164,24,209,381,512,591,625,580,490,336,153,-48,-253,-418,-549,-622,-638,-591,-473,-303,-118,84,292,452,579,633,635,572,448,279,73,-142,-336,-501,-612,-665,-647,-560,-421,-226,2,232,422,573,665,693,630,491,306,87,-152,-375,-552,-651,-659,-615,-477,-296,-85,144,332,470,551,565,500,376,223,53,-123,-261,-355,-399,-399,-353,-260,-156,-45,57,146,207,234,235,210,168,118,58,-1,-54,-85,-105,-125,-126,-116,-100,-76,-55,-25,4,36,59,84,104,107,100,76,39,-7,-43,-75,-90,-85,313,130,-82,922,804,-207,-236,-204,-128,-24,89,204,291,335,328,277,185,68,-69,-193,-297,-372,-403,-396,-336,-235,-103,41,187,332,442,506,517,471,367,215,29,-177,-363,-534,-648,-687,-657,-546,-368,-137,125,392,614,777,862,851,730,528,258,-62,-385,-664,-883,-1007,-1015,-907,-690,-394,-58,307,642,909,1075,1118,1036,831,547,201,-190,-552,-850,-1060,-1141,-1103,-951,-684,-362,4,378,695,957,1117,1143,1041,845,550,195,-166,-506,-793,-1008,-1107,-1094,-969,-739,-442,-97,253,586,850,1013,1084,1039,881,635,330,-10,-356,-660,-882,-1020,-1060,-981,-808,-554,-235,93,412,684,875,987,997,903,715,-176,176,-132,-424,-659,-840,-938,-945,-864,-698,-479,-206,87,382,633,830,961,991,925,773,525,230,-85,-405,-693,-898,-1033,-1054,-964,-792,-519,-198,137,453,740,931,1044,1056,958,774,517,197,-128,-455,-733,-926,-1051,-1073,-985,-800,-530,-222,117,446,738,957,1076,1100,1015,833,554,225,-127,-476,-779,-1003,-1132,-1146,-1041,-830,-540,-191,185,540,829,1028,1132,1111,979,750,457,114,-246,-554,-805,-981,-1056,-1021,-882,-662,-388,-77,229,513,753,903,967,938,817,623,381,89,-197,-456,-681,-832,-899,-883,-779,-609,-384,-116,165,431,636,786,859,850,756,593,381,121,-146,-398,-593,-747,988,1022
61145,mtk,MTK 7916,860279635,rx0-tx1,512,-686,-437,-214,-535,-416,-250,-64,129,310,449,551,587,569,485,359,211,41,-115,-277,-399,-468,-505,-496,-443,-345,-219,-89,53,189,301,399,459,477,465,408,301,177,42,-103,-244,-369,-473,-518,-536,-492,-401,-274,-116,56,226,389,516,598,618,578,486,332,148,-60,-264,-441,-580,-662,-679,-623,-509,-336,-143,83,295,482,613,683,702,645,518,337,124,-104,-327,-505,-640,-710,-705,-632,-494,-313,-98,126,328,503,631,686,676,608,465,283,82,-131,-335,-496,-605,-663,-651,-581,-450,-269,-75,127,320,483,587,640,631,557,430,267,78,-124,-320,-471,-582,-633,-623,-555,-428,-259,-64,-38,335,479,585,642,622,556,422,239,42,-163,-352,-504,-613,-659,-636,-549,-405,-221,-2,206,405,562,647,679,637,520,358,151,-75,-289,-472,-600,-667,-668,-586,-452,-271,-67,141,335,493,596,638,618,526,388,218,23,-167,-355,-498,-586,-612,-575,-489,-341,-165,26,213,374,504,579,589,546,446,297,105,-77,-255,-420,-546,-596,-578,-510,-383,-206,-4,190,373,505,573,577,518,395,232,41,-149,-323,-436,-509,-516,-461,-363,-217,-48,110,258,368,428,434,396,298,172,42,-98,-221,-312,-363,-361,-317,-237,-123,9,136,229,293,300,267,187,78,-33,-134,-194,-206,-169,-927,-804,0,-741,-514,-154,-153,-115,-48,37,122,188,223,223,188,117,34,-52,-141,-200,-240,-255,-228,-175,-91,-6,86,167,223,257,250,221,166,93,9,-73,-147,-199,-232,-236,-221,-171,-110,-43,18,82,136,167,190,198,184,162,120,65,5,-50,-107,-149,-186,-214,-215,-194,-157,-102,-32,39,114,188,220,238,231,203,156,87,15,-52,-124,-176,-213,-227,-221,-199,-154,-109,-44,13,81,142,185,223,243,239,211,163,107,31,-52,-143,-213,-275,-308,-302,-267,-217,-124,-22,82,185,265,324,349,339,295,213,115,7,-105,-211,-301,-351,-373,-359,-304,-225,-124,-5,119,239,323,379,-48,391,332,248,135,7,-122,-249,-346,-418,-451,-435,-376,-280,-151,-5,150,294,412,484,506,475,404,293,137,-28,-190,-336,-439,-510,-534,-495,-408,-284,-126,35,200,343,457,525,549,513,429,308,148,-22,-189,-350,-474,-557,-588,-558,-486,-357,-187,7,195,363,502,599,638,607,520,379,198,-5,-206,-395,-542,-634,-678,-644,-543,-391,-195,22,241,441,589,682,699,659,540,365,167,-62,-283,-473,-611,-682,-691,-626,-493,-335,-127,94,292,461,580,646,651,593,473,314,119,-83,-283,-447,-568,-633,-644,-581,-467,-306,-108,88,288,453,565,630,631,566,447,280,85,-111,-174,-541,9,945,1027,304,458,559,600,592,514,388,226,47,-135,-301,-422,-508,-542,-525,-464,-340,-208,-65,88,236,352,429,471,483,440,369,263,133,-6,-144,-283,-389,-458,-497,-495,-443,-354,-227,-79,76,243,379,486,555,570,536,445,306,131,-55,-236,-410,-547,-631,-654,-607,-504,-348,-154,66,274,466,601,682,700,637,509,332,127,-92,-315,-499,-631,-700,-708,-639,-501,-330,-108,114,331,506,636,702,695,618,485,298,79,-128,-328,-502,-619,-678,-675,-591,-453,-283,-81,130,328,496,601,647,638,571,439,268,76,-128,-318,-471,-582,-632,-631,-557,-428,-268,-72,128,317,475,585,635,634,545,419,258,59,-145,-332,-500,-599,-648,-627,-547,-412,-236,-26,183,379,536,644,676,637,544,381,188,-26,-252,-441,-582,-667,-680,-624,-498,-318,-110,110,312,475,597,653,642,560,420,242,39,-158,-349,-487,-587,-618,-596,-514,-368,-196,1,189,370,509,589,604,557,460,321,136,-52,-237,-401,-531,-588,-580,-530,-425,-262,-59,131,306,457,558,593,562,469,313,127,-69,-258,-411,-514,-555,-533,-442,-301,-142,39,205,343,441,472,451,383,270,128,-19,-160,-288,-361,-393,-380,-312,-214,-89,42,159,258,323,339,298,219,111,-11,-120,-216,-259,-256,-205,-114,-13,77,433,636,0,-231,-576,5,75,143,188,204,176,114,32,-57,-144,-207,-237,-241,-205,-143,-69,20,112,188,239,255,246,199,134,48,-45,-124,-193,-233,-249,-234,-197,-137,-64,13,90,158,197,215,212,195,149,97,43,-17,-71,-117,-161,-185,-195,-195,-171,-133,-88,-27,43,105,160,199,225,226,214,160,92,18,-57,-129,-188,-227,-234,-231,-202,-153,-95,-24,43,111,160,198,220,220,212,175,126,75,2,-65,-132,-186,-236,-268,-279,-251,-195,-124,-24,73,158,236,304,327,327,285,215,121,13,-97,-203,-288,-340,-360,-345,-304,-219,-120,-9,112,223,301,361,382,375,318,229,122,-1135,-129,-241,-334,-400,-422,-407,-351,-263,-149,-13,132,260,373,447,478,462,399,293,149,-9,-171,-308,-430,-502,-521,-494,-411,-283,-138,34,200,344,456,523,531,499,412,290,135,-29,-201,-342,-465,-545,-561,-538,-457,-331,-174,10,187,351,490,576,606,570,496,367,194,-1,-199,-374,-523,-617,-653,-623,-537,-385,-203,3,220,409,562,660,688,650,538,377,177,-39,-254,-455,-595,-678,-701,-643,-520,-342,-137,82,298,466,592,677,672,607,479,315,122,-81,-281,-446,-570,-638,-641,-585,-468,-309,-118,85,282,441,574,634,638,584,459,295,101,-107,-295,-459,-572,-627,-618,758,558
61146,mtk,MTK 7916,860279635,rx1-tx0,512,0,-232,-63,82,288,463,612,705,721,681,550,377,171,-70,-303,-522,-691,-795,-831,-772,-648,-457,-201,82,353,600,793,911,940,868,705,475,173,-155,-468,-731,-930,-1033,-1028,-921,-713,-424,-89,260,582,853,1025,1094,1055,906,654,335,-10,-367,-669,-910,-1059,-1095,-1012,-827,-565,-247,83,403,690,896,1014,1036,945,766,516,212,-106,-406,-667,-857,-963,-974,-895,-719,-472,-193,116,405,655,843,930,942,850,677,450,165,-126,-394,-620,-801,-879,-885,-799,-632,-404,-152,124,385,610,766,837,838,744,586,369,116,-141,-388,-591,-715,-783,-772,-677,-522,-312,-80,160,374,544,658,714,689,-277,467,277,78,-128,-326,-489,-602,-636,-628,-561,-439,-281,-104,89,266,420,546,612,617,563,456,315,142,-48,-227,-393,-520,-593,-617,-586,-485,-350,-179,18,202,375,524,610,638,619,533,405,222,20,-184,-390,-554,-669,-722,-706,-628,-472,-267,-24,236,471,664,798,851,817,687,466,205,-102,-394,-653,-838,-940,-935,-823,-604,-312,12,338,623,842,949,927,818,602,321,23,-276,-539,-726,-825,-829,-733,-556,-325,-59,192,408,577,669,683,620,497,332,123,-88,-284,-437,-530,-566,-525,-433,-296,-129,50,229,367,452,483,446,351,212,42,-129,-269,-364,-384,-333,-223,-84,-230,-336,0,798,782,-60,-25,13,55,94,117,128,120,89,37,-21,-65,-114,-143,-161,-160,-132,-97,-45,16,84,134,170,192,196,174,127,72,9,-65,-133,-181,-217,-237,-225,-195,-149,-72,15,100,179,243,280,309,290,240,165,66,-46,-166,-268,-343,-399,-416,-371,-284,-155,-11,155,299,422,503,517,472,376,226,50,-141,-310,-450,-539,-561,-530,-429,-286,-104,83,261,412,511,555,549,468,333,165,-20,-190,-333,-441,-505,-511,-462,-366,-230,-77,79,218,320,390,421,407,352,263,166,63,-46,-148,-233,-300,-346,-355,-345,-307,-238,-156,-52,50,158,258,347,397,422,401,335,227,489,-47,-188,-313,-416,-493,-518,-487,-404,-280,-119,65,235,399,514,579,593,546,436,283,104,-103,-301,-466,-587,-654,-658,-594,-463,-270,-56,163,371,541,662,698,684,594,432,237,11,-222,-424,-587,-688,-723,-691,-582,-421,-212,7,222,421,575,677,711,670,591,442,238,30,-191,-394,-560,-669,-726,-710,-634,-483,-298,-72,175,399,597,729,799,791,690,524,296,37,-236,-480,-668,-791,-842,-791,-661,-467,-205,59,318,540,697,787,780,703,561,369,147,-91,-311,-487,-614,-680,-690,-629,-501,-338,-161,42,231,398,534,604,636,603,517,396,227,41,-156,-334,-474,-584,-651,-274,167,0,-260,-351,675,622,517,364,151,-69,-293,-496,-638,-737,-767,-719,-606,-417,-195,66,320,546,739,856,879,822,682,470,198,-107,-407,-663,-860,-979,-989,-893,-712,-452,-135,199,514,783,979,1069,1051,918,686,377,37,-313,-634,-897,-1051,-1102,-1045,-865,-617,-290,62,405,696,915,1037,1055,978,794,527,225,-99,-415,-677,-885,-998,-1005,-914,-740,-494,-205,106,405,667,849,957,969,876,710,461,176,-121,-415,-640,-814,-903,-900,-812,-663,-428,-149,128,402,622,775,858,860,773,609,381,134,-131,-388,-595,-748,-814,-805,-717,-548,-333,-95,159,386,566,689,746,727,633,480,289,68,-157,315,-521,-627,-663,-657,-581,-455,-271,-83,106,295,450,562,620,621,557,451,298,119,-67,-247,-408,-527,-605,-610,-568,-477,-336,-161,28,223,390,515,609,634,599,518,376,198,7,-190,-378,-532,-642,-678,-658,-576,-434,-250,-31,188,408,590,720,787,763,655,481,248,-22,-293,-561,-747,-873,-901,-829,-661,-417,-120,199,511,763,913,963,899,736,481,156,-167,-461,-714,-857,-903,-853,-692,-457,-181,106,365,572,713,771,733,618,433,208,-22,-247,-424,-562,-628,-610,-531,-392,-224,-29,165,328,447,507,510,453,339,188,14,-161,-307,-404,-443,-411,-317,-177,-9,142,256,296,260,92,0,-188,256,68,85,93,91,66,24,-22,-71,-114,-140,-142,-133,-108,-57,-9,55,109,148,175,180,161,124,80,23,-42,-113,-165,-196,-216,-210,-177,-128,-67,6,90,152,215,257,266,250,214,147,75,-22,-132,-223,-295,-346,-363,-338,-266,-175,-62,83,225,350,431,472,456,382,276,116,-65,-237,-385,-493,-542,-537,-460,-339,-161,25,212,372,495,564,561,498,380,217,47,-140,-312,-439,-522,-543,-504,-412,-277,-112,58,216,342,430,468,464,408,309,193,54,-75,-201,-291,-345,-374,-371,-335,-273,-197,-104,-7,88,185,269,335,370,372,347,290,201,89,-34,-164,-285,-374,-571,-462,-435,-365,-264,-122,42,208,349,458,540,554,522,426,276,104,-86,-272,-432,-543,-614,-625,-565,-450,-284,-89,128,332,508,635,685,676,589,450,248,35,-183,-403,-578,-684,-732,-692,-589,-431,-231,-12,216,426,588,686,709,676,578,419,225,-2,-212,-405,-570,-667,-709,-692,-607,-456,-269,-50,170,388,567,697,773,759,669,517,301,66,-201,-444,-641,-783,-844,-822,-692,-496,-264,10,282,516,708,811,827,763,610,413,167,-89,-324,-524,-659,-730,-729,-655,-517,-340,-140,66,274,445,559,632,653,601,510,357,183,-4,-198,-357,-494,-590,-633,-623,-545,-426,-270,-79,-764,-789
61147,mtk,MTK 7916,860279635,rx1-tx1,512,0,0,0,-305,1,313,567,702,695,548,274,-58,-374,-608,-723,-696,-526,-241,84,384,597,686,630,442,162,-148,-409,-572,-612,-514,-302,-26,246,454,552,532,393,164,-98,-337,-495,-534,-455,-272,-30,222,434,537,508,376,154,-109,-356,-519,-562,-479,-298,-36,239,457,578,572,432,207,-59,-314,-506,-579,-528,-363,-124,136,360,513,550,452,252,-1,-244,-428,-521,-493,-343,-114,137,353,509,550,450,256,7,-253,-462,-574,-563,-430,-206,57,324,526,605,558,400,167,-106,-360,-531,-591,-519,-344,-103,151,371,515,550,462,289,57,-180,-364,-469,-473,-376,-207,-1,193,332,395,0,254,92,-79,-220,-300,-307,-233,-106,40,177,272,297,245,126,-28,-184,-296,-346,-318,-208,-43,132,297,404,420,338,175,-25,-231,-402,-477,-462,-350,-154,81,310,475,540,497,345,109,-149,-384,-537,-571,-497,-323,-64,212,443,579,598,500,291,4,-283,-513,-641,-633,-496,-265,30,345,581,688,663,514,252,-58,-360,-599,-719,-694,-534,-277,33,339,576,705,690,540,298,-5,-301,-527,-649,-650,-528,-304,-33,238,448,566,576,482,302,71,-167,-364,-483,-506,-431,-277,-82,119,288,399,438,391,274,118,-55,-207,-321,-378,-366,-300,-197,-71,55,161,230,258,255,222,0,0,0,0,0,319,345,336,274,158,1,-175,-345,-478,-547,-533,-435,-255,-26,219,443,595,649,591,429,187,-106,-387,-594,-700,-673,-522,-282,26,340,583,712,703,554,296,-22,-349,-614,-749,-731,-571,-288,65,402,674,814,775,581,264,-122,-479,-745,-871,-827,-598,-240,153,521,800,908,836,591,211,-208,-570,-830,-924,-820,-547,-160,260,624,854,906,765,461,66,-342,-685,-878,-878,-693,-363,47,456,766,901,839,605,234,-195,-581,-848,-933,-821,-527,-101,336,699,942,994,814,459,8,-457,-839,-1049,-1048,-832,-437,63,551,933,1121,1079,821,397,-113,-597,-964,-1127,-1067,-789,-339,170,0,977,1104,996,684,238,-258,-703,-991,-1057,-894,-546,-85,391,787,1016,1030,812,411,-77,-551,-912,-1075,-1010,-726,-284,222,683,1006,1115,989,651,185,-329,-781,-1060,-1120,-945,-570,-84,414,827,1061,1057,836,448,-34,-500,-844,-999,-943,-688,-289,176,598,870,937,798,478,48,-393,-738,-920,-901,-668,-277,163,575,881,993,885,586,152,-313,-716,-978,-1037,-874,-527,-76,399,792,1012,1011,814,461,11,-437,-791,-974,-946,-730,-374,51,445,739,872,815,587,256,-113,-441,-658,-720,-632,-409,-105,214,462,582,572,431,188,-89,-336,-492,-535,-446,-242,22,283,480,563,517,356,102,0,0,0,0,0,-609,-690,-626,-430,-137,195,492,684,736,638,416,103,-232,-517,-692,-715,-598,-360,-51,258,502,635,630,487,239,-49,-316,-512,-585,-528,-360,-106,166,388,525,541,427,214,-45,-288,-458,-537,-491,-321,-77,177,392,522,539,427,209,-57,-305,-485,-570,-535,-372,-126,145,400,555,584,491,302,46,-228,-439,-544,-542,-420,-197,59,299,473,539,471,295,57,-187,-397,-508,-505,-396,-194,67,321,500,564,514,352,99,-172,-406,-564,-606,-508,-309,-47,223,449,581,592,481,269,4,-254,-457,-560,-547,-416,-203,44,278,453,518,480,349,149,-72,-267,-400,-442,-380,-243,-65,0,258,340,333,247,106,-52,-186,-278,-296,-237,-113,40,180,285,324,275,159,5,-163,-298,-371,-363,-262,-100,92,275,411,459,402,262,60,-169,-366,-489,-513,-428,-248,-12,239,441,552,551,425,208,-47,-299,-494,-595,-562,-411,-184,101,374,562,632,563,379,132,-163,-437,-618,-670,-593,-394,-115,198,479,662,714,616,401,111,-202,-489,-679,-727,-637,-428,-139,170,445,634,702,631,431,159,-128,-383,-562,-628,-578,-417,-180,80,317,484,552,507,375,183,-43,-251,-398,-469,-450,-348,-183,-1,174,314,395,407,343,222,78,-74,-206,-297,-338,-329,-275,-194,-99,-5,76,0,0,0,0,0,-62,55,178,304,409,464,453,372,224,33,-179,-384,-538,-605,-574,-452,-245,14,283,518,663,682,577,376,101,-198,-470,-660,-715,-640,-440,-146,182,474,668,741,664,445,135,-207,-513,-717,-788,-681,-434,-100,269,587,787,841,715,430,66,-321,-660,-867,-884,-723,-425,-38,371,703,890,897,720,392,-14,-424,-745,-909,-889,-679,-323,96,481,779,915,842,588,220,-196,-575,-826,-898,-780,-487,-88,329,673,883,900,718,377,-46,-470,-793,-955,-915,-672,-285,165,598,920,1043,946,647,213,-283,-727,-1021,-1111,-976,-632,-163,341,790,1075,1132,969,612,128,-387,-813,-1070,-1101,0,-524,-37,448,845,1059,1036,796,398,-85,-555,-910,-1061,-975,-680,-242,242,681,979,1060,915,582,112,-387,-808,-1065,-1086,-866,-474,21,521,911,1110,1072,818,386,-123,-608,-970,-1121,-1028,-722,-266,234,672,968,1057,915,583,136,-333,-722,-937,-940,-746,-392,51,477,797,933,847,571,157,-293,-666,-907,-949,-771,-425,18,473,831,1011,980,740,338,-133,-579,-907,-1042,-967,-698,-276,199,632,919,1016,909,616,201,-239,-625,-875,-934,-800,-507,-122,272,584,768,783,626,346,10,-308,-543,-644,-597,-423,-153,142,389,534,537,420,214,-40,-298,-482,-540,-466,-283,-29,238,464,587,0,0
61148,mtk,MTK 7916,860279635,rx2-tx0,512,0,0,0,-500,58,616,1063,1289,1244,930,406,-212,-793,-1216,-1393,-1283,-899,-315,341,927,1317,1430,1244,797,177,-485,-1041,-1368,-1407,-1150,-646,3,648,1147,1393,1349,1011,453,-190,-799,-1225,-1385,-1239,-819,-231,399,951,1288,1338,1092,612,1,-614,-1081,-1306,-1245,-917,-383,238,795,1167,1280,1108,693,131,-456,-939,-1200,-1193,-922,-448,117,656,1039,1184,1054,686,162,-395,-856,-1121,-1131,-877,-418,136,656,1034,1179,1051,678,149,-422,-906,-1189,-1206,-949,-475,116,693,1129,1313,1214,843,285,-347,-918,-1297,-1390,-1189,-731,-104,550,1092,1407,1427,1135,599,-71,-731,-1231,-1479,-1408,-1035,-441,246,876,1335,1511,0,916,277,-419,-1022,-1405,-1492,-1261,-756,-92,596,1158,1477,1482,1165,597,-100,-784,-1298,-1537,-1466,-1078,-449,279,949,1422,1596,1443,980,301,-443,-1102,-1522,-1629,-1395,-872,-164,583,1217,1592,1630,1335,771,32,-717,-1311,-1634,-1627,-1283,-679,78,821,1376,1648,1595,1208,571,-173,-873,-1393,-1629,-1523,-1107,-474,255,927,1397,1579,1433,1004,377,-316,-940,-1371,-1510,-1358,-937,-329,329,908,1302,1433,1275,875,313,-296,-824,-1180,-1304,-1171,-815,-317,221,692,1011,1131,1030,741,327,-137,-562,-849,-965,-901,-673,-329,61,415,676,809,790,631,372,61,-243,-486,-633,-677,-616,-467,-267,-49,144,289,374,394,0,0,0,0,0,178,335,466,552,571,503,348,123,-145,-420,-645,-776,-782,-656,-408,-73,286,617,848,930,845,595,222,-205,-604,-899,-1034,-978,-722,-314,160,620,970,1140,1093,821,381,-148,-657,-1043,-1238,-1186,-891,-420,142,691,1106,1302,1243,927,418,-178,-744,-1162,-1345,-1259,-918,-388,229,806,1224,1384,1261,884,327,-293,-852,-1235,-1361,-1208,-811,-251,355,879,1218,1303,1106,681,125,-446,-912,-1183,-1196,-953,-513,30,561,957,1133,1067,772,312,-219,-694,-1002,-1086,-929,-575,-96,412,830,1049,1040,806,385,-132,-619,-974,-1124,-1016,-686,-205,335,803,1106,1172,983,581,46,-506,-948,-1195,-1194,-933,-469,0,653,1060,1240,1163,838,321,-265,-800,-1152,-1252,-1093,-691,-135,455,961,1247,1260,1001,520,-78,-658,-1102,-1324,-1258,-907,-362,265,843,1246,1381,1218,795,200,-445,-989,-1321,-1375,-1139,-657,-34,598,1099,1355,1318,1007,481,-151,-737,-1147,-1316,-1196,-819,-271,333,855,1179,1244,1029,590,26,-541,-973,-1183,-1131,-826,-349,204,712,1052,1155,1005,625,115,-415,-848,-1093,-1092,-850,-420,100,590,941,1073,968,655,202,-282,-698,-957,-996,-809,-442,17,458,787,929,853,579,180,-252,-624,-847,-865,-682,-347,79,494,786,892,791,508,94,-350,-720,-928,-933,-714,-320,149,597,920,1052,944,608,130,0,0,0,0,0,-1114,-1236,-1095,-721,-178,429,950,1281,1350,1126,661,51,-581,-1093,-1381,-1385,-1092,-563,87,719,1199,1429,1359,995,415,-246,-855,-1281,-1425,-1267,-847,-244,417,978,1328,1382,1135,651,27,-601,-1092,-1345,-1302,-972,-428,204,784,1193,1338,1188,773,189,-425,-946,-1251,-1277,-1028,-548,52,629,1065,1259,1170,827,302,-295,-806,-1131,-1200,-998,-576,-26,522,947,1151,1090,785,296,-264,-764,-1084,-1153,-960,-545,-3,548,979,1193,1132,816,305,-285,-819,-1174,-1276,-1091,-659,-74,538,1043,1329,1318,1027,512,-130,-753,-1217,-1427,-1327,-939,-350,319,928,1346,1466,1284,824,188,-489,-1071,-1427,-1483,-1217,-692,-23,0,1192,1469,1437,1099,524,-165,-825,-1312,-1516,-1388,-970,-347,352,981,1404,1531,1325,842,177,-538,-1145,-1511,-1554,-1270,-716,-6,715,1284,1588,1558,1207,595,-152,-860,-1394,-1641,-1551,-1130,-475,288,996,1493,1671,1506,1041,355,-410,-1088,-1543,-1682,-1475,-971,-257,507,1152,1549,1634,1394,859,154,-578,-1188,-1540,-1574,-1306,-766,-70,626,1194,1509,1514,1218,682,12,-647,-1162,-1446,-1440,-1146,-634,-11,605,1085,1341,1332,1074,609,38,-512,-950,-1191,-1192,-964,-562,-72,412,797,1014,1028,848,519,111,-299,-641,-839,-875,-758,-507,-172,176,477,677,753,701,530,290,25,-226,-425,-542,-574,-521,-406,-261,-111,0,0,0,0,0,-377,-331,-221,-49,160,379,563,677,696,609,413,130,-197,-501,-730,-852,-831,-651,-343,39,428,756,952,972,810,483,51,-397,-786,-1043,-1097,-933,-581,-102,404,843,1135,1205,1032,650,134,-419,-905,-1206,-1275,-1093,-687,-138,439,940,1265,1329,1120,688,106,-507,-1014,-1313,-1352,-1113,-645,-46,570,1073,1346,1343,1073,592,-17,-620,-1084,-1318,-1286,-991,-487,106,665,1077,1254,1172,840,330,-234,-737,-1079,-1180,-1024,-655,-154,375,819,1076,1090,864,448,-67,-556,-914,-1072,-1003,-703,-240,282,730,1017,1086,918,533,28,-491,-912,-1137,-1111,-843,-391,153,674,1053,1209,1108,767,257,-311,-812,-1146,0,-1072,-666,-119,464,942,1218,1230,973,510,-66,-636,-1069,-1270,-1188,-844,-326,274,823,1195,1312,1143,723,144,-465,-991,-1305,-1336,-1078,-587,34,647,1135,1375,1320,990,445,-204,-809,-1241,-1397,-1247,-843,-264,372,928,1280,1345,1124,665,69,-535,-1010,-1262,-1243,-946,-442,146,691,1084,1225,1090,717,186,-367,-840,-1133,-1159,-923,-494,48,574,966,1140,1061,748,272,-262,-729,-1023,-1094,-928,-554,-61,439,826,1024,992,739,332,-136,-574,-874,-968,-837,-522,-88,357,706,886,856,635,268,-164,-556,-815,-882,-738,-419,4,431,760,917,860,601,201,-258,-668,-934,-988,-824,-463,15,502,892,1092,0,0
61149,mtk,MTK 7916,860279635,rx2-tx1,512,0,0,0,-155,-668,-1045,-1208,-1115,-774,-266,299,806,1151,1253,1090,692,151,-425,-913,-1210,-1249,-1020,-583,-30,522,971,1207,1177,903,448,-95,-615,-994,-1156,-1065,-744,-269,255,703,991,1055,883,519,43,-435,-803,-980,-928,-674,-263,208,627,901,960,796,454,6,-457,-820,-995,-939,-668,-240,241,671,959,1042,879,528,63,-420,-817,-1032,-1011,-764,-340,174,645,976,1089,957,612,125,-408,-857,-1115,-1136,-910,-465,93,632,1039,1243,1179,861,345,-249,-801,-1183,-1327,-1193,-813,-253,372,910,1254,1347,1160,736,166,-452,-972,-1284,-1332,-1110,-656,-74,510,984,1252,1268,1015,551,-2,-538,-951,-1166,-1137,0,-440,73,548,888,1027,948,674,256,-194,-586,-835,-895,-756,-451,-53,349,660,816,783,580,248,-134,-481,-717,-789,-669,-396,-41,325,617,765,737,533,199,-182,-534,-772,-833,-712,-420,-12,413,752,943,942,728,338,-129,-578,-930,-1100,-1035,-755,-311,211,698,1061,1217,1107,769,283,-275,-792,-1152,-1295,-1171,-808,-282,309,842,1210,1346,1229,860,330,-261,-810,-1197,-1352,-1258,-928,-432,136,667,1064,1246,1193,926,501,-4,-490,-864,-1057,-1048,-857,-517,-93,322,656,852,879,743,481,150,-192,-489,-677,-732,-652,-461,-203,73,329,515,605,595,490,319,119,-76,-242,-354,-399,-384,-328,0,0,0,0,0,-470,-541,-551,-482,-334,-122,127,380,590,720,739,637,432,142,-174,-477,-704,-801,-745,-553,-264,79,420,682,815,790,606,307,-52,-424,-711,-855,-833,-637,-307,99,498,793,928,889,676,308,-134,-547,-853,-1000,-941,-685,-287,169,598,913,1041,949,660,242,-226,-661,-965,-1059,-936,-624,-172,313,723,984,1054,904,555,92,-379,-774,-1009,-1029,-827,-456,7,463,821,999,956,726,348,-117,-554,-863,-980,-883,-603,-197,250,651,910,962,803,473,36,-400,-747,-950,-950,-730,-357,84,508,823,964,899,648,251,-200,-604,-877,-959,-837,-533,-114,327,694,910,928,742,394,-29,-447,0,-947,-898,-654,-273,169,575,854,945,826,531,130,-306,-671,-880,-895,-712,-374,51,467,777,906,822,560,171,-270,-652,-898,-945,-768,-422,36,496,846,1025,982,720,297,-201,-672,-998,-1106,-980,-647,-167,349,790,1066,1121,922,518,11,-491,-893,-1099,-1058,-787,-354,162,648,989,1101,971,625,142,-385,-817,-1060,-1077,-855,-431,86,581,946,1106,1023,718,240,-301,-767,-1071,-1151,-971,-564,-34,502,936,1163,1144,878,424,-133,-665,-1058,-1221,-1121,-782,-280,282,784,1109,1197,1031,651,135,-407,-867,-1135,-1144,-903,-476,46,562,945,1113,1039,736,272,-251,-713,-1018,-1104,-947,-575,-66,454,0,0,0,0,0,1158,976,580,51,-503,-958,-1203,-1198,-942,-475,89,635,1058,1265,1199,876,375,-192,-727,-1115,-1259,-1129,-767,-254,313,800,1113,1184,1001,610,98,-421,-848,-1082,-1077,-831,-401,93,553,885,1011,913,608,156,-326,-716,-938,-951,-747,-359,110,549,866,992,884,570,125,-351,-743,-978,-1001,-790,-393,91,549,898,1046,951,642,196,-295,-732,-1004,-1049,-858,-469,28,530,919,1108,1048,751,277,-273,-773,-1104,-1204,-1048,-661,-123,460,957,1253,1283,1043,574,-14,-596,-1063,-1317,-1306,-1012,-502,105,689,1133,1339,1270,944,419,-193,-758,-1162,-1330,-1213,-855,-331,256,774,1124,1238,1101,745,245,-297,0,-1034,-1095,-926,-577,-118,357,735,941,937,727,370,-59,-457,-747,-853,-772,-520,-153,242,572,772,793,628,330,-40,-401,-672,-781,-704,-471,-124,258,578,763,780,611,297,-92,-478,-769,-894,-830,-568,-162,284,683,960,1035,886,539,73,-428,-854,-1115,-1148,-939,-536,-29,503,947,1217,1240,994,548,-13,-584,-1040,-1286,-1283,-1025,-573,-1,577,1038,1317,1341,1093,650,89,-489,-973,-1258,-1300,-1106,-724,-213,332,795,1092,1174,1037,723,289,-180,-594,-884,-991,-905,-668,-317,76,431,684,801,767,594,316,3,-293,-523,-652,-660,-555,-367,-128,110,319,464,527,507,419,288,143,1,-118,0,0,0,0,0,163,-3,-188,-378,-549,-658,-676,-599,-421,-159,127,406,632,758,760,623,371,58,-277,-572,-761,-809,-704,-458,-123,242,563,779,845,744,483,121,-269,-612,-840,-898,-768,-492,-104,317,683,912,959,809,498,75,-367,-744,-975,-1008,-833,-490,-45,420,805,1021,1026,819,439,-30,-491,-854,-1042,-1005,-773,-380,100,560,899,1048,980,707,294,-178,-618,-920,-1019,-912,-611,-180,289,695,941,977,807,472,41,-401,-754,-948,-937,-715,-335,114,532,840,969,889,607,196,-250,-641,-905,-973,-829,-506,-84,355,722,932,946,754,391,-43,-464,-790,-949,-897,-646,-259,175,578,860,946,824,0,124,-313,-687,-908,-930,-752,-418,12,439,761,918,881,645,258,-175,-566,-833,-906,-770,-463,-54,358,703,898,880,664,288,-162,-588,-882,-983,-876,-566,-119,356,770,1025,1065,874,479,-23,-519,-908,-1109,-1067,-800,-355,169,650,995,1121,1002,665,189,-332,-779,-1054,-1098,-893,-491,20,521,907,1091,1028,744,294,-228,-700,-1015,-1107,-945,-579,-83,446,878,1105,1095,845,402,-138,-647,-1014,-1172,-1068,-733,-232,331,819,1125,1198,1018,607,64,-488,-939,-1188,-1177,-926,-477,77,610,1002,1183,1113,796,315,-229,-717,-1044,-1140,-988,-620,-112,405,831,1081,1083,844,421,-97,-591,-951,-1109,-1021,0,0
61150,mtk,MTK 7916,860316281,rx0-tx0,512,-330,885,887,-268,-448,-608,-730,-805,-830,-813,-749,-647,-517,-355,-165,17,210,396,551,682,769,820,839,805,721,603,442,255,60,-142,-337,-528,-696,-818,-895,-926,-898,-814,-690,-519,-317,-90,154,370,572,757,892,961,972,940,849,700,512,305,73,-167,-390,-592,-761,-874,-944,-953,-913,-814,-681,-506,-304,-92,132,344,538,696,822,899,929,903,812,692,522,328,112,-113,-321,-521,-679,-809,-889,-906,-866,-781,-658,-482,-284,-78,139,329,503,659,749,802,807,761,671,556,410,234,53,-134,-292,-432,-550,-638,-684,-685,-655,-594,-493,-366,-227,-81,72,218,343,448,517,577,600,592,-26,481,388,277,148,5,-136,-256,-372,-476,-552,-588,-596,-572,-514,-428,-310,-182,-39,113,262,384,493,574,609,618,592,529,432,309,176,25,-139,-281,-420,-519,-583,-623,-624,-584,-520,-413,-287,-143,10,161,311,440,537,618,649,645,598,496,377,234,85,-86,-256,-416,-538,-623,-672,-671,-628,-526,-394,-240,-63,111,281,428,531,595,612,579,505,395,260,113,-35,-171,-291,-368,-408,-414,-400,-352,-285,-204,-116,-30,52,118,169,200,216,222,210,181,144,110,75,35,3,-31,-54,-66,-83,-93,-101,-99,-97,-98,-83,-61,-45,-18,7,39,68,87,98,97,83,53,695,783,510,72,271,177,133,61,-29,-123,-211,-284,-326,-329,-309,-257,-178,-89,14,117,213,297,363,401,417,407,373,302,214,98,-20,-147,-280,-389,-489,-563,-601,-590,-544,-458,-336,-179,6,193,383,563,697,786,835,823,744,613,433,212,-27,-276,-515,-723,-886,-996,-1031,-998,-895,-720,-504,-242,34,312,592,824,996,1101,1136,1096,974,791,558,285,-9,-298,-562,-802,-983,-1091,-1154,-1121,-1010,-851,-633,-371,-103,175,450,704,898,1031,1105,1100,1038,916,730,504,239,-31,-299,-546,-752,-912,-1027,-1084,-1065,-977,-833,-639,-414,-146,114,360,594,803,948,1022,1042,986,895,745,545,313,73,-165,301,-587,-744,-868,-939,-957,-926,-837,-713,-549,-344,-128,90,313,532,704,844,945,1000,994,928,808,636,425,186,-66,-320,-553,-763,-919,-1010,-1066,-1046,-959,-831,-640,-419,-178,80,325,566,756,909,1016,1067,1072,999,869,694,479,236,-26,-278,-521,-740,-914,-1044,-1108,-1115,-1049,-933,-762,-530,-282,-12,274,544,774,952,1087,1159,1161,1081,939,744,516,239,-52,-322,-574,-786,-953,-1058,-1098,-1076,-989,-846,-662,-443,-190,59,291,516,706,840,940,985,962,898,781,617,429,215,-9,-225,-424,-602,-745,-850,-902,-897,-854,-755,-620,-453,-256,-54,156,347,525,672,776,840,843,811,740,-514,-325,-82,76,-92,-785,-708,-586,-422,-228,-37,157,336,505,646,759,816,827,807,734,624,477,302,121,-74,-273,-452,-610,-742,-826,-865,-865,-809,-718,-573,-394,-192,20,243,448,641,798,901,965,962,890,784,619,414,185,-45,-277,-500,-692,-833,-925,-971,-952,-883,-768,-602,-404,-185,41,264,473,647,790,881,926,923,861,750,599,421,212,2,-224,-426,-604,-756,-854,-916,-908,-858,-752,-607,-423,-208,17,236,433,605,743,825,869,856,778,681,528,347,162,-39,-235,-406,-548,-666,-732,-753,-730,-664,-577,-455,-303,-137,30,181,329,453,545,602,635,636,586,517,414,301,175,34,-101,628,-355,-450,-526,-575,-598,-573,-520,-452,-358,-237,-103,35,184,318,437,524,584,624,618,571,482,385,247,106,-45,-193,-335,-455,-549,-604,-639,-618,-566,-484,-367,-238,-90,75,226,367,484,563,617,634,618,565,468,346,203,33,-120,-286,-421,-532,-608,-650,-655,-616,-535,-404,-255,-84,92,261,420,537,624,663,650,589,480,335,179,10,-151,-293,-414,-491,-532,-523,-485,-402,-296,-174,-52,61,163,235,289,318,317,296,254,201,139,82,25,-28,-78,-104,-119,-135,-142,-136,-127,-110,-96,-76,-53,-30,-7,12,33,61,73,91,102,105,101,80,56,24,-11,-41,-64,524,382,-82,1050,1017,-114,-191,-246,-272,-257,-216,-144,-48,54,152,242,309,357,374,363,322,259,176,78,-23,-134,-245,-343,-420,-470,-489,-489,-445,-367,-269,-141,11,174,323,470,587,677,720,706,651,540,378,198,-15,-242,-454,-641,-799,-903,-942,-917,-826,-678,-482,-236,33,297,559,786,959,1068,1090,1055,944,755,523,246,-39,-333,-598,-820,-1002,-1118,-1158,-1112,-1002,-830,-586,-327,-40,258,522,756,952,1078,1125,1115,1035,883,673,437,163,-118,-383,-635,-836,-984,-1074,-1093,-1059,-955,-787,-574,-327,-59,214,465,689,866,1000,1068,1053,989,864,695,469,229,-29,-276,-496,-699,-855,-956,-999,-990,-176,-785,-625,-424,-203,25,244,456,638,792,903,950,959,923,827,678,505,294,61,-185,-420,-636,-816,-946,-1023,-1041,-1000,-902,-745,-529,-299,-46,220,457,671,856,979,1051,1059,1017,911,751,554,319,84,-174,-422,-643,-829,-967,-1064,-1094,-1065,-976,-820,-625,-393,-133,137,399,633,847,1010,1103,1149,1115,1012,849,653,412,134,-160,-441,-691,-889,-1046,-1138,-1146,-1083,-968,-797,-585,-332,-66,200,447,664,828,958,1027,1028,977,878,714,527,318,83,-147,-350,-552,-716,-839,-917,-939,-903,-819,-692,-531,-343,-128,75,285,480,641,766,844,875,860,798,697,549,370,171,-33,-219,-412,906,993
61151,mtk,MTK 7916,860316281,rx0-tx1,512,-686,-670,-532,-523,-584,-617,-595,-547,-469,-352,-222,-93,42,175,296,397,468,517,535,516,477,407,328,235,133,23,-92,-201,-285,-357,-416,-454,-472,-478,-456,-406,-341,-249,-153,-46,71,183,287,384,459,519,555,549,526,467,383,273,146,6,-147,-294,-422,-531,-611,-646,-664,-623,-556,-453,-326,-174,-12,162,322,454,577,662,697,701,663,586,478,339,171,1,-174,-336,-471,-592,-671,-705,-707,-658,-581,-465,-319,-163,4,171,327,464,569,644,676,674,630,553,449,313,161,6,-143,-300,-428,-526,-605,-640,-652,-615,-543,-444,-322,-179,-22,127,276,408,507,583,629,633,603,542,-38,323,178,18,-125,-272,-408,-517,-598,-647,-656,-621,-551,-449,-323,-167,-5,156,317,451,564,636,678,674,624,538,422,278,114,-68,-232,-380,-506,-604,-658,-667,-639,-573,-468,-341,-187,-24,126,272,408,515,589,622,615,588,518,413,284,134,-19,-167,-298,-409,-499,-566,-594,-583,-540,-459,-359,-231,-91,53,195,331,441,527,584,593,564,498,400,272,131,-27,-186,-325,-431,-513,-554,-552,-516,-431,-325,-203,-69,63,196,303,387,441,461,448,398,330,231,122,6,-104,-204,-285,-339,-365,-361,-334,-272,-191,-98,3,98,187,252,292,292,262,204,122,27,-52,-123,-157,-892,-848,0,-601,-243,-114,-159,-183,-179,-149,-105,-36,37,107,176,217,234,241,220,180,125,60,-8,-81,-143,-195,-235,-249,-248,-228,-188,-146,-85,-17,51,110,161,205,225,228,226,205,170,127,84,36,-4,-54,-98,-132,-153,-174,-193,-189,-185,-176,-154,-123,-85,-41,9,57,109,154,191,224,236,233,223,191,145,103,46,-16,-74,-120,-162,-195,-220,-232,-227,-207,-191,-161,-125,-83,-36,14,64,112,156,199,230,257,268,259,235,205,165,97,29,-45,-127,-197,-255,-303,-336,-341,-331,-297,-241,-175,-97,-18,70,154,221,287,334,366,377,356,323,266,193,115,22,-71,-157,-243,-48,-364,-397,-411,-400,-371,-309,-238,-146,-46,57,166,262,351,421,468,484,478,440,369,275,170,41,-89,-212,-320,-412,-484,-523,-526,-504,-462,-381,-276,-163,-42,86,206,313,407,487,535,551,540,491,430,337,219,90,-50,-179,-306,-425,-508,-566,-596,-595,-556,-490,-391,-274,-134,22,173,313,443,543,619,657,658,625,548,438,307,143,-20,-188,-343,-475,-588,-666,-698,-689,-645,-552,-433,-284,-113,52,215,369,494,589,649,671,655,601,514,404,263,111,-42,-192,-335,-460,-550,-614,-643,-636,-591,-509,-403,-273,-130,26,184,325,453,547,612,641,625,576,497,389,260,-367,-676,9,644,770,-318,-185,-36,115,246,375,480,540,571,575,540,476,385,281,165,33,-88,-204,-302,-378,-438,-478,-487,-481,-442,-387,-320,-231,-132,-34,70,182,279,362,428,471,504,509,485,437,366,271,170,39,-92,-219,-342,-445,-531,-588,-618,-608,-564,-485,-379,-235,-89,75,238,379,507,601,668,691,679,614,526,401,243,76,-85,-251,-404,-532,-633,-690,-707,-690,-626,-533,-407,-247,-80,97,261,413,538,628,680,695,671,609,512,387,240,79,-85,-246,-381,-502,-595,-646,-657,-638,-589,-491,-377,-237,-86,65,219,352,471,559,620,637,628,584,499,387,260,108,-49,-198,-341,634,-557,-622,-642,-628,-587,-500,-387,-251,-102,57,212,356,477,576,637,655,648,598,507,380,227,63,-107,-269,-415,-542,-629,-677,-677,-633,-562,-452,-310,-148,15,176,330,456,557,624,646,629,579,495,376,242,85,-68,-213,-356,-462,-546,-595,-608,-583,-528,-438,-323,-185,-36,106,242,368,465,544,578,582,550,486,388,271,123,-32,-179,-316,-435,-525,-573,-587,-554,-484,-377,-247,-96,46,187,316,413,481,510,504,461,375,275,158,34,-92,-200,-292,-363,-404,-415,-394,-344,-264,-171,-66,34,133,218,283,323,335,315,262,182,86,-14,-103,-179,-230,-240,-218,-166,-86,154,330,0,-472,-727,-99,-58,1,71,132,184,215,215,202,163,100,35,-37,-114,-174,-217,-243,-250,-239,-205,-164,-101,-33,38,111,166,205,236,247,243,220,185,134,69,15,-43,-97,-141,-174,-194,-200,-198,-193,-174,-142,-105,-74,-36,5,44,89,127,158,183,204,211,205,192,163,126,75,19,-35,-87,-143,-177,-208,-234,-242,-233,-206,-171,-122,-75,-25,31,74,116,157,189,211,225,229,220,201,175,141,96,49,-14,-79,-143,-191,-248,-286,-302,-309,-290,-252,-203,-140,-60,21,98,179,248,299,337,356,356,325,279,222,145,67,-29,-117,-197,-269,-323,-360,-386,-376,-353,-313,-1135,-167,-83,15,109,205,289,355,414,441,451,422,373,303,212,108,-6,-121,-242,-344,-423,-481,-517,-511,-479,-411,-327,-221,-97,32,155,279,385,460,508,533,531,493,433,351,249,125,0,-133,-256,-361,-461,-524,-565,-573,-549,-501,-413,-300,-179,-45,100,241,370,475,556,615,636,615,566,475,357,217,65,-92,-249,-399,-520,-621,-676,-689,-668,-601,-503,-373,-216,-50,116,286,435,549,644,686,692,655,582,473,341,189,27,-135,-286,-419,-525,-605,-643,-649,-621,-556,-460,-338,-201,-50,104,255,385,495,576,628,644,614,550,456,335,200,43,-116,-258,-385,-491,-575,675,363
61152,mtk,MTK 7916,860316281,rx1-tx0,512,0,-124,90,-551,-444,-315,-165,-4,165,331,477,602,704,765,781,753,684,565,424,245,41,-160,-360,-554,-719,-838,-905,-917,-884,-806,-667,-475,-252,-15,237,474,685,859,987,1051,1049,986,850,677,447,184,-82,-350,-596,-814,-975,-1071,-1112,-1080,-979,-815,-602,-369,-105,163,422,645,827,967,1044,1059,1005,901,747,553,321,85,-152,-395,-604,-774,-894,-982,-993,-945,-857,-712,-538,-319,-87,145,367,565,731,851,920,938,899,813,680,499,304,86,-130,-327,-513,-671,-793,-860,-874,-843,-762,-632,-469,-285,-82,124,321,484,625,724,774,785,749,671,560,399,242,73,-114,-281,-424,-548,-277,-685,-695,-655,-594,-502,-373,-242,-93,63,210,343,447,542,598,627,620,580,507,413,297,151,7,-133,-263,-392,-496,-571,-615,-631,-606,-544,-462,-358,-226,-84,68,218,349,464,560,629,666,668,632,550,446,314,160,-9,-191,-360,-522,-647,-737,-790,-808,-762,-654,-505,-338,-138,81,305,511,695,830,910,934,890,772,604,380,129,-120,-361,-586,-760,-864,-916,-898,-816,-682,-505,-287,-47,180,382,543,666,742,762,728,639,525,375,193,9,-164,-315,-442,-530,-584,-596,-557,-486,-380,-258,-125,14,151,273,385,447,480,466,412,326,212,67,-74,-196,-290,-336,-332,-290,-292,-352,0,692,530,-75,-79,-68,-41,-10,27,63,94,123,140,139,128,106,77,39,-5,-47,-94,-132,-162,-177,-180,-172,-157,-124,-94,-46,5,55,112,156,193,216,228,236,221,192,153,104,39,-27,-90,-162,-223,-271,-309,-339,-337,-315,-274,-209,-119,-26,81,197,301,386,450,480,483,445,367,275,155,16,-133,-268,-390,-479,-533,-556,-547,-498,-392,-273,-146,7,155,288,400,487,542,552,535,475,375,268,150,12,-122,-243,-338,-408,-464,-475,-464,-425,-352,-263,-170,-73,23,102,181,247,292,332,349,351,352,322,286,233,173,103,18,-58,-151,-231,-298,-363,-408,-431,-431,-407,489,-286,-201,-96,26,151,256,356,454,523,551,554,517,452,351,232,95,-52,-201,-337,-454,-550,-613,-638,-628,-585,-502,-372,-228,-62,103,260,409,531,628,689,706,676,610,511,367,221,58,-135,-296,-439,-564,-653,-707,-712,-684,-613,-507,-370,-226,-71,103,267,403,526,622,691,723,712,665,568,456,314,152,-26,-209,-382,-541,-672,-764,-805,-797,-750,-663,-520,-341,-148,66,280,469,626,746,815,831,794,713,590,429,238,47,-137,-321,-472,-588,-675,-717,-718,-680,-606,-500,-370,-225,-80,67,219,346,445,533,601,634,625,586,521,430,318,186,44,-107,-250,-367,-479,-61,332,0,-336,-355,402,524,622,680,711,703,651,558,441,296,124,-63,-245,-427,-582,-708,-803,-846,-834,-792,-700,-552,-365,-151,73,294,510,702,855,952,1002,987,904,764,582,355,100,-156,-418,-648,-837,-994,-1073,-1091,-1038,-923,-758,-532,-280,-7,269,519,744,910,1026,1091,1078,999,855,669,451,207,-46,-291,-518,-716,-874,-976,-1015,-1008,-938,-806,-637,-443,-220,37,262,485,671,816,920,961,953,889,771,609,418,206,-21,-242,-444,-628,-766,-860,-910,-896,-832,-725,-577,-394,-187,16,221,412,582,705,790,831,825,768,666,528,351,161,-28,-220,-384,-537,-649,-706,-749,-731,-668,-576,-457,315,-150,14,173,313,449,548,612,655,654,617,546,452,335,190,53,-95,-237,-372,-471,-554,-598,-606,-590,-556,-486,-379,-251,-113,32,182,310,420,522,595,633,639,605,538,447,329,185,39,-117,-271,-419,-538,-635,-692,-729,-716,-663,-561,-419,-255,-79,111,316,509,668,789,862,881,834,741,585,385,159,-79,-328,-551,-740,-879,-948,-950,-891,-759,-560,-335,-96,156,388,579,729,831,859,826,732,595,421,224,24,-170,-345,-488,-600,-660,-668,-636,-562,-457,-316,-170,0,148,285,398,471,509,518,486,426,322,192,61,-85,-215,-323,-400,-434,-411,-352,-250,-123,8,117,184,-6,0,84,461,11,43,78,100,113,114,105,84,56,13,-31,-71,-108,-137,-159,-167,-162,-144,-117,-83,-34,13,57,103,144,180,207,208,204,189,153,112,58,10,-49,-106,-163,-209,-249,-272,-280,-277,-258,-212,-155,-84,3,99,176,249,326,375,404,411,386,333,253,144,22,-107,-245,-351,-437,-501,-529,-520,-475,-397,-273,-136,7,141,290,410,487,545,568,541,486,393,280,138,0,-138,-274,-376,-447,-505,-526,-507,-451,-366,-274,-160,-36,76,187,277,342,384,408,399,372,337,279,221,149,65,-3,-77,-149,-202,-263,-310,-356,-371,-376,-372,-332,-280,-206,-112,-17,86,190,-571,369,435,482,504,478,427,366,277,158,29,-99,-234,-358,-471,-543,-594,-605,-579,-514,-422,-309,-168,-10,146,296,438,549,627,673,670,636,560,445,307,147,-26,-194,-354,-499,-609,-676,-722,-713,-649,-566,-448,-302,-132,37,203,357,494,595,665,706,711,661,584,480,347,195,19,-153,-315,-455,-576,-681,-742,-763,-738,-674,-568,-428,-258,-65,132,319,500,652,758,822,840,794,700,566,400,196,-13,-222,-410,-570,-688,-757,-778,-775,-711,-601,-463,-304,-133,37,203,356,486,576,636,659,661,623,546,447,337,203,57,-89,-223,-350,-461,-551,-611,-638,-633,-585,-516,-421,-691,-612
61153,mtk,MTK 7916,860316281,rx1-tx1,512,0,0,0,376,614,687,569,288,-82,-430,-660,-711,-568,-271,105,451,666,693,530,218,-152,-468,-647,-644,-454,-139,202,473,602,550,338,31,-277,-490,-554,-461,-228,76,348,508,509,355,100,-191,-417,-519,-459,-256,28,305,495,539,415,163,-138,-404,-551,-533,-367,-85,230,473,579,522,310,16,-283,-504,-579,-479,-232,78,355,524,527,383,130,-166,-398,-513,-477,-283,-4,272,469,533,428,198,-89,-359,-539,-553,-397,-128,176,441,583,559,374,85,-230,-480,-594,-541,-345,-48,261,495,583,505,288,5,-278,-486,-549,-453,-245,28,286,458,496,392,184,-59,-272,-402,-414,-308,0,105,260,336,304,171,-12,-179,-278,-283,-196,-45,134,277,326,269,122,-72,-243,-342,-347,-249,-61,152,330,421,389,235,4,-236,-412,-473,-401,-206,51,298,477,520,415,196,-92,-355,-525,-552,-416,-155,147,409,567,567,406,126,-197,-472,-607,-572,-385,-82,260,522,643,593,365,40,-297,-572,-686,-610,-372,-29,330,599,710,633,388,36,-320,-591,-710,-637,-403,-69,279,551,674,620,406,99,-228,-485,-615,-582,-393,-115,181,420,545,526,371,126,-136,-351,-476,-469,-342,-139,91,286,404,422,339,163,-46,-223,-338,-377,-338,-220,-66,89,216,288,298,256,172,73,0,0,0,0,0,265,195,69,-100,-279,-423,-493,-469,-339,-125,134,378,550,603,527,316,12,-298,-547,-670,-640,-440,-124,219,518,698,694,511,196,-168,-500,-709,-726,-548,-218,180,520,722,743,556,198,-215,-575,-785,-771,-544,-164,269,635,826,802,558,148,-315,-700,-894,-835,-555,-124,357,747,922,847,534,76,-391,-763,-933,-827,-493,-26,450,804,931,794,437,-49,-510,-827,-910,-733,-345,143,585,863,888,652,228,-260,-683,-906,-862,-580,-122,387,785,961,866,517,16,-497,-878,-1036,-893,-482,70,604,972,1076,890,457,-120,-666,-1035,-1119,-899,-427,160,703,1053,1109,858,378,-209,-743,0,-1067,-784,-290,279,773,1032,997,675,160,-387,-828,-1035,-934,-563,-24,520,904,1038,885,463,-108,-643,-990,-1064,-833,-363,223,743,1053,1072,783,270,-325,-824,-1093,-1055,-722,-190,398,878,1098,999,634,95,-470,-887,-1043,-897,-492,33,536,882,963,750,325,-190,-645,-901,-891,-606,-131,378,767,937,827,467,-33,-536,-895,-998,-800,-379,146,646,969,1013,778,319,-233,-716,-1005,-1012,-730,-253,278,727,975,948,659,198,-309,-716,-901,-840,-559,-134,315,657,802,711,422,38,-342,-604,-672,-547,-271,74,382,554,543,372,89,-220,-447,-521,-437,-212,87,357,520,525,364,81,-229,0,0,0,0,0,-546,-289,66,412,650,704,563,272,-101,-451,-676,-714,-552,-241,129,458,656,669,499,188,-168,-469,-622,-591,-397,-91,236,487,586,505,277,-23,-302,-495,-538,-408,-150,139,380,507,484,312,41,-244,-460,-530,-437,-210,80,343,510,528,386,120,-187,-444,-569,-531,-345,-51,260,492,584,498,271,-27,-313,-504,-546,-428,-181,113,375,524,513,347,70,-216,-432,-514,-444,-242,41,322,507,542,415,155,-146,-408,-562,-558,-395,-114,201,458,587,559,366,63,-249,-490,-595,-530,-314,-19,273,484,565,490,274,-10,-277,-465,-523,-431,-220,42,281,426,447,340,138,-91,-272,0,-348,-232,-54,131,268,315,253,107,-63,-209,-290,-270,-158,13,192,312,334,255,87,-115,-283,-385,-379,-244,-27,200,374,448,407,242,-13,-270,-449,-506,-410,-199,70,324,497,537,418,173,-118,-391,-557,-565,-412,-137,176,445,593,575,387,91,-230,-496,-630,-584,-377,-57,289,558,669,596,365,30,-320,-590,-702,-632,-384,-31,328,597,710,638,392,51,-299,-573,-700,-639,-407,-80,254,523,650,602,404,106,-209,-462,-580,-548,-378,-120,158,383,507,497,356,132,-113,-318,-438,-444,-331,-141,72,261,380,405,332,191,14,-160,-295,-353,-330,-249,-127,3,113,189,223,0,0,0,0,0,166,292,380,406,352,215,12,-211,-410,-537,-550,-441,-226,56,343,555,646,579,374,72,-258,-537,-693,-672,-477,-162,194,507,699,708,528,207,-171,-509,-718,-731,-547,-211,192,545,753,759,546,178,-244,-609,-804,-789,-555,-158,291,664,861,823,562,140,-336,-725,-921,-852,-547,-99,377,753,922,837,514,49,-431,-791,-927,-808,-464,4,474,807,914,764,390,-91,-543,-841,-903,-691,-282,209,644,886,875,612,174,-314,-723,-929,-866,-549,-72,437,838,1001,873,496,-23,-557,-941,-1058,-886,-467,94,644,1020,1107,891,432,-146,-694,-1059,-1129,-892,-408,193,731,1056,1094,836,0,-241,-750,-1039,-1035,-735,-226,333,784,1022,966,616,87,-454,-869,-1036,-903,-508,42,589,968,1061,851,391,-177,-699,-1033,-1072,-803,-305,277,789,1082,1070,759,228,-362,-850,-1098,-1032,-676,-137,440,889,1072,951,569,32,-504,-879,-1001,-831,-419,109,592,898,933,686,231,-277,-704,-920,-857,-535,-48,457,831,964,814,420,-107,-611,-934,-1003,-798,-352,198,691,993,1016,747,282,-249,-716,-991,-982,-698,-231,293,729,954,910,616,166,-318,-696,-863,-784,-492,-82,321,618,728,627,349,-20,-362,-582,-614,-456,-177,143,412,534,487,291,-3,-297,-481,-514,-385,-132,174,440,565,520,0,0
61154,mtk,MTK 7916,860316281,rx2-tx0,512,0,0,0,720,1141,1249,999,449,-242,-883,-1290,-1336,-996,-368,372,1015,1375,1353,952,274,-490,-1115,-1424,-1331,-865,-153,606,1191,1437,1271,740,0,-743,-1268,-1417,-1165,-584,163,862,1306,1365,1032,404,-341,-982,-1331,-1290,-866,-197,526,1096,1337,1187,687,-7,-701,-1183,-1311,-1060,-497,210,838,1213,1232,885,287,-391,-949,-1216,-1111,-681,-48,592,1041,1174,953,449,-191,-766,-1104,-1110,-776,-201,434,939,1156,1021,577,-59,-678,-1095,-1183,-914,-366,303,893,1231,1209,821,178,-529,-1088,-1337,-1198,-710,-9,717,1242,1414,1178,602,-150,-871,-1356,-1449,-1120,-474,307,1010,1429,1440,1041,344,-459,-1133,-1486,-1412,-935,0,592,1229,1514,1357,809,29,-755,-1322,-1523,-1284,-676,130,902,1417,1529,1210,545,-279,-1023,-1482,-1532,-1138,-405,447,1168,1560,1524,1057,285,-578,-1279,-1626,-1527,-987,-162,702,1369,1657,1480,889,53,-804,-1440,-1674,-1446,-803,57,899,1497,1676,1402,733,-143,-965,-1512,-1640,-1322,-638,216,1004,1515,1595,1241,556,-285,-1041,-1494,-1537,-1162,-470,341,1047,1463,1478,1096,425,-354,-1016,-1399,-1407,-1043,-408,323,945,1302,1307,973,400,-258,-832,-1166,-1183,-895,-387,198,705,1012,1044,805,372,-136,-585,-865,-913,-727,-374,60,461,724,801,683,402,43,-307,-572,-691,-652,-479,-222,55,293,443,491,445,328,0,0,0,0,0,394,469,465,356,151,-117,-391,-608,-717,-675,-470,-135,248,588,807,844,674,327,-119,-552,-856,-957,-814,-458,28,526,902,1049,927,556,20,-540,-966,-1153,-1031,-626,-41,563,1032,1234,1106,674,54,-587,-1085,-1293,-1151,-699,-49,622,1141,1340,1175,688,4,-683,-1189,-1376,-1186,-663,39,736,1234,1387,1163,622,-87,-776,-1242,-1356,-1100,-544,157,800,1218,1291,997,433,-244,-841,-1188,-1190,-857,-295,350,883,1150,1082,700,120,-479,-925,-1108,-958,-525,60,628,999,1069,833,346,-246,-767,-1065,-1047,-717,-175,422,903,1126,1020,611,8,-598,-1035,-1188,-1005,-517,129,737,1136,1215,946,400,-261,0,-1195,-1199,-863,-277,399,954,1238,1166,754,126,-546,-1066,-1276,-1110,-620,55,721,1184,1305,1038,476,-230,-880,-1285,-1317,-968,-340,399,1031,1362,1303,878,197,-543,-1132,-1402,-1270,-768,-43,690,1219,1398,1176,631,-102,-796,-1249,-1344,-1047,-454,262,890,1257,1253,878,252,-433,-983,-1246,-1134,-686,-50,593,1058,1200,983,483,-158,-747,-1105,-1134,-834,-287,336,856,1120,1055,677,108,-487,-937,-1101,-932,-500,72,618,965,1019,779,309,-242,-708,-949,-903,-587,-96,415,786,911,755,368,-125,-584,-857,-853,-592,-149,353,742,897,779,421,-77,-565,-886,-945,-716,-260,291,764,1021,974,630,83,-500,0,0,0,0,0,-985,-487,176,806,1216,1291,1000,415,-307,-954,-1336,-1348,-978,-324,426,1062,1403,1349,912,212,-550,-1162,-1441,-1306,-800,-71,678,1229,1435,1227,661,-86,-800,-1285,-1395,-1104,-499,249,920,1321,1330,955,301,-434,-1044,-1347,-1242,-777,-95,612,1139,1331,1125,587,-116,-771,-1194,-1269,-974,-382,312,904,1220,1173,782,160,-499,-999,-1202,-1045,-565,71,678,1080,1148,867,326,-308,-852,-1135,-1069,-678,-79,557,1022,1170,972,478,-175,-787,-1163,-1199,-869,-269,419,995,1291,1210,767,88,-624,-1168,-1380,-1190,-652,79,798,1296,1430,1156,544,-226,-939,-1396,-1453,-1088,-406,387,1073,1454,1424,988,266,-532,-1179,0,-1388,-880,-119,667,1273,1521,1328,747,-40,-813,-1357,-1518,-1244,-613,200,963,1453,1532,1180,481,-362,-1098,-1530,-1535,-1100,-350,506,1223,1596,1524,1029,236,-636,-1328,-1645,-1502,-940,-107,761,1416,1675,1472,863,12,-848,-1476,-1688,-1425,-769,100,940,1509,1668,1363,676,-188,-989,-1519,-1629,-1288,-597,250,1019,1504,1570,1206,516,-308,-1028,-1464,-1506,-1128,-449,342,1031,1431,1444,1072,415,-345,-995,-1356,-1358,-1014,-404,296,895,1237,1244,931,389,-238,-782,-1093,-1109,-846,-383,162,648,948,979,762,368,-102,-524,-791,-853,-697,-377,21,394,653,749,670,440,127,-193,-448,-590,-604,-497,-304,-88,106,258,0,0,0,0,0,-159,14,223,430,577,622,539,325,14,-322,-607,-779,-778,-581,-240,169,566,839,907,752,395,-75,-543,-885,-1011,-878,-507,9,535,936,1097,974,582,24,-547,-998,-1197,-1074,-645,-41,580,1063,1274,1133,684,52,-610,-1116,-1316,-1160,-695,-34,649,1164,1363,1186,681,-13,-707,-1217,-1388,-1171,-643,65,752,1226,1368,1136,588,-119,-788,-1224,-1321,-1053,-496,191,816,1199,1238,929,369,-290,-865,-1173,-1137,-782,-203,419,908,1123,1014,617,40,-545,-965,-1093,-894,-434,154,693,1026,1055,768,254,-343,-844,-1095,-1032,-670,-96,512,976,1156,1003,559,-59,-668,-1083,-1198,-970,-453,198,795,1170,1216,0,345,-323,-912,-1234,-1192,-811,-193,477,1015,1261,1141,683,31,-634,-1124,-1288,-1076,-544,149,804,1238,1312,1006,402,-323,-962,-1327,-1313,-927,-274,472,1086,1384,1290,826,123,-621,-1182,-1399,-1222,-697,26,738,1233,1372,1118,539,-183,-841,-1253,-1301,-971,-362,342,936,1247,1190,786,159,-511,-1024,-1224,-1064,-587,59,676,1088,1178,916,389,-253,-812,-1127,-1107,-758,-196,416,895,1108,992,585,15,-551,-953,-1065,-855,-401,159,657,959,967,682,207,-323,-750,-936,-830,-476,12,491,812,879,671,254,-246,-663,-881,-825,-507,-31,462,818,930,755,342,-184,-664,-953,-954,-662,-163,395,861,1079,968,0,0
61155,mtk,MTK 7916,860316281,rx2-tx1,512,0,0,0,-1090,-1179,-916,-386,256,842,1197,1210,874,289,-377,-944,-1258,-1212,-820,-200,475,1016,1268,1158,728,97,-558,-1050,-1243,-1081,-610,26,638,1056,1171,948,458,-153,-706,-1040,-1064,-780,-274,308,786,1011,928,568,36,-496,-876,-994,-794,-355,187,673,966,958,660,162,-392,-832,-1017,-906,-523,28,567,939,1038,825,364,-211,-726,-1026,-1020,-704,-174,401,868,1088,969,562,-14,-602,-1022,-1138,-918,-421,215,800,1163,1190,872,296,-382,-962,-1271,-1226,-839,-205,500,1069,1333,1232,785,118,-584,-1134,-1359,-1211,-727,-42,645,1160,1348,1156,647,-35,-703,-1168,-1305,-1084,-579,76,700,1117,1205,963,479,0,-680,-1028,-1074,-823,-339,225,694,944,922,634,170,-327,-710,-869,-768,-446,10,448,739,808,633,271,-175,-561,-766,-740,-499,-100,332,660,779,658,335,-93,-502,-770,-803,-586,-178,299,697,906,853,549,64,-465,-867,-1040,-926,-532,25,585,1001,1150,980,532,-81,-681,-1104,-1229,-1026,-538,112,748,1182,1303,1072,555,-120,-775,-1224,-1347,-1121,-599,85,741,1204,1358,1155,662,3,-643,-1119,-1310,-1159,-707,-97,502,953,1155,1063,701,178,-361,-782,-987,-939,-658,-227,240,625,831,815,593,239,-150,-488,-692,-705,-547,-272,48,348,553,627,553,365,116,-137,-343,-454,-461,-389,-264,-103,0,0,0,0,0,-451,-364,-198,46,311,542,680,683,539,273,-68,-410,-669,-769,-693,-452,-88,307,623,784,748,529,163,-255,-614,-807,-787,-564,-182,263,646,852,822,578,169,-306,-707,-920,-880,-603,-154,355,773,987,932,627,139,-394,-822,-1027,-959,-614,-104,435,865,1063,962,598,70,-488,-913,-1070,-935,-542,4,551,947,1078,904,471,-82,-608,-969,-1055,-844,-402,155,666,978,1012,758,288,-260,-727,-976,-943,-644,-162,363,780,978,889,537,30,-484,-854,-980,-825,-435,84,581,908,980,773,339,-187,-658,-943,-959,-697,-237,286,723,954,909,601,118,-391,-791,-960,-847,-488,6,504,860,0,787,385,-133,-611,-904,-937,-705,-271,241,676,920,890,596,130,-375,-764,-914,-793,-442,46,527,845,906,697,275,-245,-697,-947,-924,-623,-119,430,858,1044,930,542,-16,-580,-992,-1118,-916,-454,140,697,1061,1119,850,339,-266,-795,-1101,-1084,-750,-199,413,899,1113,1005,605,25,-560,-978,-1101,-901,-438,157,705,1052,1083,781,245,-353,-850,-1104,-1027,-641,-64,536,984,1145,972,512,-109,-702,-1099,-1169,-896,-359,282,849,1180,1173,819,234,-415,-948,-1215,-1131,-725,-123,519,1013,1208,1054,598,-22,-630,-1055,-1168,-938,-446,168,729,1075,1097,795,267,-335,-843,-1099,-1026,-655,-84,514,959,0,0,0,0,0,433,-188,-773,-1150,-1196,-904,-350,319,903,1229,1215,854,246,-429,-982,-1264,-1188,-773,-149,515,1034,1260,1126,676,40,-594,-1056,-1212,-1021,-534,91,675,1054,1122,865,365,-232,-747,-1030,-1004,-674,-153,399,823,997,869,467,-73,-576,-907,-966,-721,-253,298,772,1007,934,582,60,-491,-895,-1035,-877,-457,115,653,990,1030,770,274,-312,-798,-1048,-996,-642,-89,503,949,1111,944,491,-112,-699,-1098,-1172,-889,-346,303,884,1221,1214,862,249,-445,-1023,-1315,-1242,-818,-159,553,1112,1356,1223,755,76,-627,-1149,-1356,-1189,-690,-4,677,1168,1333,1127,613,-58,-696,-1140,-1269,-1034,-522,111,693,1069,0,908,411,-182,-690,-983,-991,-721,-255,267,694,900,832,530,89,-370,-715,-840,-707,-356,88,496,749,773,566,193,-237,-600,-775,-711,-419,-2,415,713,792,620,260,-191,-602,-850,-835,-560,-120,375,788,981,887,535,15,-535,-952,-1110,-959,-534,45,633,1059,1204,1007,526,-99,-718,-1152,-1269,-1047,-550,111,757,1204,1318,1090,572,-114,-776,-1226,-1361,-1142,-620,51,704,1179,1345,1166,695,62,-577,-1045,-1237,-1118,-722,-158,423,870,1082,1012,691,216,-290,-697,-906,-887,-638,-238,194,555,756,757,577,264,-105,-427,-622,-657,-543,-319,-27,259,464,554,528,396,200,-5,-178,-289,-333,0,0,0,0,0,-198,-395,-543,-607,-558,-391,-124,190,481,686,741,627,370,16,-347,-636,-779,-733,-494,-124,279,612,792,775,552,174,-257,-616,-819,-811,-575,-176,278,673,892,859,591,163,-325,-739,-951,-912,-622,-145,377,803,1017,952,623,118,-417,-839,-1046,-965,-615,-88,475,891,1061,947,567,20,-527,-925,-1067,-913,-511,39,585,961,1071,876,434,-118,-625,-964,-1031,-797,-339,214,695,972,978,703,227,-316,-758,-976,-916,-592,-101,415,819,981,854,479,-28,-526,-876,-984,-806,-387,139,621,924,961,730,294,-225,-688,-951,-930,-641,-177,337,760,961,881,548,57,-446,-826,-969,-817,-431,0,551,875,952,753,329,-189,-648,-912,-913,-656,-202,314,726,914,837,514,40,-445,-798,-912,-752,-357,147,613,900,924,661,188,-339,-780,-1004,-934,-581,-47,517,936,1088,930,497,-86,-653,-1037,-1121,-890,-404,205,760,1100,1120,815,277,-333,-844,-1107,-1051,-685,-118,483,936,1109,956,527,-59,-640,-1020,-1090,-844,-346,261,794,1084,1051,713,168,-443,-924,-1127,-997,-569,33,628,1042,1156,933,431,-206,-787,-1141,-1174,-861,-306,348,905,1201,1152,778,178,-471,-987,-1218,-1101,-672,-47,580,1030,1187,1007,532,-87,-674,-1061,-1133,-871,-359,247,779,1084,1065,726,172,-427,-901,-1118,-1000,-586,0,0
61156,mtk,MTK 7916,860356196,rx0-tx0,512,-330,31,116,-859,-807,-721,-581,-410,-218,-10,200,390,567,697,795,839,837,800,703,554,387,200,-2,-209,-407,-578,-717,-828,-887,-890,-841,-742,-597,-414,-186,44,273,489,683,829,925,975,948,875,743,554,326,84,-161,-407,-627,-798,-917,-981,-980,-921,-810,-646,-431,-199,31,265,478,666,810,901,938,924,855,734,571,362,133,-80,-308,-515,-689,-823,-899,-927,-893,-809,-671,-495,-284,-55,172,387,571,731,829,875,874,816,694,539,356,142,-73,-273,-450,-600,-700,-764,-784,-748,-662,-547,-393,-230,-46,132,288,434,548,620,660,664,620,540,439,311,165,19,-130,-271,-395,-495,-26,-588,-596,-564,-503,-408,-302,-171,-28,123,260,388,490,561,597,594,565,499,395,269,127,-23,-176,-313,-449,-541,-601,-625,-606,-550,-462,-345,-199,-48,107,264,398,507,587,638,634,599,512,397,260,111,-43,-209,-356,-483,-582,-638,-648,-627,-556,-453,-305,-130,38,209,362,511,610,658,666,621,525,407,238,48,-130,-300,-450,-548,-595,-597,-551,-469,-349,-201,-45,95,226,328,387,422,408,378,319,233,142,43,-39,-107,-173,-206,-220,-221,-204,-173,-143,-107,-67,-30,2,30,56,79,82,86,105,100,90,88,73,56,33,5,-21,-51,-74,-94,-96,-89,-73,-46,-237,-128,510,536,584,212,229,216,160,79,-20,-119,-211,-280,-329,-348,-329,-283,-214,-121,-18,89,194,284,359,420,451,446,411,344,243,126,-10,-154,-293,-419,-528,-604,-635,-629,-568,-459,-307,-126,69,280,470,642,769,847,863,814,700,529,316,68,-200,-452,-682,-876,-989,-1045,-1015,-927,-765,-526,-252,43,337,604,829,1005,1117,1142,1087,949,743,495,203,-110,-409,-677,-905,-1051,-1134,-1144,-1072,-933,-725,-468,-191,107,397,647,875,1028,1111,1132,1064,930,739,499,227,-57,-329,-588,-816,-976,-1073,-1091,-1051,-936,-779,-556,-291,-28,245,505,729,896,1014,1054,1025,934,777,589,359,105,-152,-404,301,-778,-903,-972,-976,-929,-825,-682,-491,-282,-48,185,421,628,795,921,994,1015,970,866,698,486,250,-16,-283,-533,-754,-920,-1035,-1089,-1065,-971,-821,-626,-379,-122,146,413,640,834,980,1070,1087,1035,930,770,565,326,57,-216,-468,-706,-895,-1024,-1108,-1120,-1055,-939,-761,-530,-261,24,313,585,808,995,1120,1175,1142,1044,893,667,402,114,-185,-469,-722,-924,-1056,-1129,-1127,-1061,-921,-721,-496,-229,48,310,547,740,904,999,1028,1000,912,774,595,372,138,-98,-334,-537,-707,-836,-918,-940,-912,-812,-685,-513,-302,-82,142,355,538,695,809,873,886,852,759,609,445,248,34,-179,391,423,-82,528,523,75,279,469,632,752,825,858,831,767,646,486,302,96,-101,-296,-487,-634,-750,-827,-859,-837,-768,-645,-496,-317,-105,113,331,526,693,825,915,934,902,810,672,488,276,30,-224,-450,-661,-827,-937,-988,-981,-916,-780,-600,-386,-146,110,345,554,735,872,941,960,925,830,689,501,290,62,-166,-391,-587,-746,-873,-923,-925,-880,-773,-631,-441,-225,6,234,440,628,770,874,909,894,817,697,529,317,104,-119,-337,-529,-673,-780,-835,-828,-771,-677,-536,-370,-188,8,205,374,517,627,693,726,702,643,549,418,270,108,-57,-218,-353,-467,-556,-600,-614,-602,-553,-466,-356,628,-87,57,192,320,424,513,577,601,584,535,463,353,227,77,-72,-215,-354,-462,-546,-598,-619,-588,-534,-437,-314,-176,-17,145,294,421,523,593,621,622,569,485,366,236,71,-85,-242,-384,-497,-578,-619,-639,-610,-533,-423,-287,-125,33,196,350,489,598,656,667,635,558,443,282,113,-66,-247,-396,-519,-620,-647,-633,-569,-463,-309,-139,34,193,332,440,513,528,498,440,341,231,105,-24,-120,-214,-271,-312,-316,-295,-263,-215,-150,-90,-28,29,73,103,128,139,136,129,121,113,90,60,47,22,-11,-26,-43,-66,-79,-95,-94,-95,-89,-71,-43,-8,22,52,74,483,503,-82,245,161,24,-51,-146,-224,-280,-303,-293,-246,-171,-78,28,134,222,300,359,384,385,354,297,219,118,0,-117,-229,-341,-430,-497,-529,-523,-479,-404,-284,-133,31,203,376,526,651,723,757,731,653,514,327,107,-131,-366,-585,-760,-886,-958,-957,-879,-740,-530,-283,-14,266,522,765,947,1061,1103,1064,936,749,507,225,-83,-386,-664,-884,-1039,-1139,-1151,-1079,-944,-731,-466,-184,118,403,666,889,1045,1128,1142,1065,931,731,471,205,-78,-365,-621,-843,-1000,-1091,-1108,-1054,-942,-754,-520,-259,14,284,540,764,951,1052,1080,1044,945,776,566,317,39,-218,-465,-679,-846,-968,-1016,-1005,-931,-176,-631,-411,-169,72,305,522,711,843,933,967,952,883,755,587,380,147,-95,-333,-564,-771,-926,-1028,-1067,-1029,-926,-767,-559,-317,-46,231,485,714,901,1028,1071,1070,993,859,686,466,220,-53,-309,-554,-767,-934,-1049,-1101,-1077,-998,-865,-664,-428,-165,125,399,643,853,1020,1126,1156,1120,996,827,606,344,54,-242,-515,-767,-975,-1112,-1175,-1160,-1068,-913,-695,-438,-157,129,396,649,840,982,1068,1078,1024,907,745,533,289,38,-211,-445,-643,-814,-923,-968,-963,-905,-791,-635,-444,-223,-1,234,440,617,768,866,907,896,833,720,570,374,166,-48,-258,-467,-632,-750,-835,-863,-843,500,373
61157,mtk,MTK 7916,860356196,rx0-tx1,512,-686,-431,-548,-447,-324,-185,-28,126,267,384,475,544,574,566,524,458,353,238,116,-18,-143,-246,-343,-425,-464,-492,-490,-464,-413,-344,-254,-154,-48,71,172,276,363,436,484,509,512,476,413,346,243,119,-16,-152,-276,-400,-500,-568,-613,-614,-581,-512,-407,-277,-122,41,203,356,484,593,663,693,675,614,525,394,225,50,-127,-294,-442,-569,-662,-712,-722,-677,-593,-471,-318,-147,32,209,377,514,612,678,708,682,624,516,387,233,68,-104,-268,-416,-533,-613,-660,-672,-640,-569,-454,-321,-169,-8,145,300,429,532,608,642,637,593,520,405,265,117,-43,-195,-340,-468,-559,-618,-38,-628,-576,-477,-358,-217,-62,110,271,404,525,612,655,664,625,544,426,289,128,-46,-216,-377,-518,-609,-667,-686,-655,-570,-460,-318,-154,25,200,359,488,585,648,667,633,565,461,335,178,17,-150,-305,-428,-541,-600,-623,-607,-559,-467,-357,-219,-61,100,243,368,471,545,586,589,549,483,378,255,95,-53,-198,-334,-453,-536,-578,-590,-552,-473,-359,-224,-75,94,246,374,476,540,566,536,471,377,248,105,-37,-164,-289,-383,-428,-456,-445,-403,-336,-239,-117,2,111,212,297,348,367,362,322,259,168,68,-33,-132,-218,-278,-305,-290,-244,-169,-79,17,97,155,172,-99,-204,0,297,149,-14,-81,-138,-180,-205,-202,-167,-116,-45,30,107,163,215,244,243,226,187,138,69,-3,-75,-141,-197,-232,-245,-245,-232,-198,-144,-81,-8,55,111,166,208,223,218,206,183,149,117,67,24,-21,-68,-103,-133,-159,-177,-188,-192,-190,-170,-144,-108,-57,-12,51,100,146,192,219,234,240,225,193,150,91,45,-12,-73,-128,-169,-198,-222,-231,-226,-210,-183,-144,-102,-55,-4,54,105,151,194,230,254,261,262,245,209,161,99,25,-53,-131,-203,-265,-314,-342,-339,-322,-281,-215,-146,-72,18,110,192,263,321,354,364,356,329,280,213,133,44,-58,-152,-239,-314,-48,-399,-409,-401,-366,-298,-224,-123,-11,94,203,305,378,448,481,487,463,400,313,206,82,-51,-181,-301,-401,-475,-525,-530,-504,-453,-369,-263,-142,-17,120,237,353,447,509,549,547,520,459,371,253,128,-4,-141,-273,-386,-481,-550,-583,-589,-560,-484,-379,-259,-124,21,180,327,451,549,610,649,643,600,502,377,241,73,-90,-254,-410,-533,-624,-679,-689,-666,-586,-471,-324,-161,10,191,358,496,596,665,694,668,606,512,379,231,71,-94,-250,-391,-511,-590,-636,-645,-620,-554,-457,-326,-180,-21,138,291,423,530,602,639,639,595,515,401,265,107,-53,-208,-348,-463,-215,-40,9,-712,-645,426,525,586,614,597,544,451,344,212,70,-76,-210,-333,-429,-487,-527,-539,-505,-449,-380,-278,-171,-61,49,157,252,340,414,454,482,481,455,412,337,249,145,34,-87,-215,-313,-408,-490,-540,-557,-540,-504,-438,-333,-208,-64,89,235,375,495,591,649,662,640,574,470,332,173,1,-172,-330,-474,-595,-677,-710,-699,-649,-558,-433,-273,-101,83,260,414,544,641,701,713,686,612,494,349,193,15,-157,-324,-466,-571,-647,-685,-684,-630,-538,-414,-274,-122,44,207,360,484,571,636,653,639,579,477,364,227,68,-91,-243,-383,-504,-586,-634,-641,-609,-547,-444,-314,-166,634,151,307,436,533,602,639,646,586,505,396,250,93,-74,-244,-393,-517,-609,-663,-674,-641,-575,-452,-302,-138,37,217,368,495,600,666,681,648,573,464,325,164,-12,-176,-327,-455,-564,-624,-642,-621,-554,-469,-351,-197,-39,116,271,404,502,570,597,587,547,469,363,233,92,-68,-217,-352,-458,-543,-591,-588,-553,-484,-381,-245,-100,55,211,351,462,532,578,577,523,439,319,179,21,-136,-268,-386,-470,-510,-505,-473,-413,-301,-181,-55,75,191,294,376,410,408,383,338,257,151,48,-62,-160,-241,-301,-331,-331,-300,-233,-151,-48,53,143,210,245,240,200,132,56,-876,-817,0,-64,-246,-155,-153,-120,-67,0,79,143,193,225,233,214,171,122,43,-29,-101,-159,-206,-240,-256,-249,-219,-164,-99,-29,35,101,163,209,237,242,227,204,171,116,57,1,-49,-100,-138,-173,-193,-194,-195,-180,-161,-136,-103,-65,-18,24,67,113,147,180,202,217,220,197,176,132,79,26,-31,-96,-145,-194,-218,-232,-240,-230,-199,-157,-113,-60,-5,48,96,139,170,199,221,235,233,217,195,161,113,53,-8,-69,-135,-192,-245,-282,-301,-302,-284,-248,-193,-124,-44,38,116,201,266,312,342,356,340,304,251,180,94,5,-84,-171,-253,-316,-359,-382,-386,-362,-320,-251,-1135,-79,19,118,224,308,374,429,446,439,413,346,259,158,42,-69,-192,-307,-398,-465,-504,-512,-484,-429,-339,-236,-110,24,154,282,393,471,520,539,528,475,407,303,189,59,-68,-191,-308,-415,-494,-540,-563,-557,-504,-420,-322,-201,-67,74,227,364,474,556,604,627,606,541,445,322,184,31,-128,-288,-434,-539,-629,-670,-672,-638,-554,-432,-286,-113,58,232,393,523,623,678,692,668,596,493,354,196,18,-155,-305,-447,-560,-628,-668,-663,-613,-528,-412,-271,-122,36,193,332,459,557,619,641,627,579,491,370,222,65,-99,-252,-391,-500,-584,-630,-637,-604,-527,-422,-149,-334
61158,mtk,MTK 7916,860356196,rx1-tx0,512,0,-1888,-1444,245,396,526,634,700,731,720,660,576,432,256,74,-121,-317,-503,-657,-768,-847,-869,-842,-758,-609,-435,-227,6,243,470,685,849,958,1013,989,913,768,572,338,80,-193,-462,-693,-894,-1029,-1094,-1088,-1008,-862,-659,-414,-136,151,416,666,861,1006,1090,1091,1026,897,707,481,233,-36,-302,-532,-738,-896,-992,-1027,-1003,-913,-768,-584,-377,-139,116,360,587,763,881,953,973,937,834,682,476,261,41,-196,-419,-613,-771,-869,-915,-900,-842,-727,-564,-378,-160,56,274,470,643,761,835,858,823,748,622,453,254,54,-147,-342,-500,-641,-732,-765,-771,-711,-615,-486,-328,-151,31,-277,360,497,587,658,686,671,616,525,408,273,111,-50,-201,-343,-458,-548,-613,-636,-626,-584,-502,-388,-261,-112,35,194,336,458,552,622,647,630,592,513,392,253,108,-49,-209,-357,-488,-586,-661,-691,-675,-628,-551,-436,-272,-100,83,261,437,604,725,780,811,791,708,580,403,176,-58,-295,-517,-703,-847,-934,-943,-891,-761,-568,-345,-94,175,416,633,795,910,925,882,764,593,396,150,-80,-296,-491,-630,-723,-763,-747,-677,-548,-389,-214,-35,143,309,442,535,581,589,557,475,373,241,93,-49,-193,-312,-402,-464,-480,-455,-390,-279,-147,-7,136,256,330,350,325,259,555,-574,0,85,-368,-72,-91,-101,-97,-80,-54,-20,24,62,98,123,140,150,144,122,91,53,8,-37,-89,-128,-157,-186,-189,-185,-170,-137,-97,-48,-1,63,124,164,198,224,236,249,229,189,147,91,25,-50,-119,-192,-263,-317,-347,-351,-338,-296,-234,-157,-49,64,181,297,376,445,491,479,443,373,260,129,-10,-158,-300,-415,-496,-553,-552,-515,-450,-340,-216,-69,81,221,347,448,515,539,525,485,404,294,176,35,-99,-223,-324,-400,-454,-469,-450,-402,-333,-248,-161,-61,41,136,209,262,310,334,347,349,330,301,260,193,121,53,-34,-118,-207,-286,-343,-387,-422,-426,-404,-349,489,-189,-80,30,152,276,380,468,514,537,520,475,396,284,155,17,-129,-277,-398,-507,-580,-607,-610,-575,-500,-391,-243,-91,62,232,390,518,622,679,694,659,584,471,327,166,-6,-181,-338,-480,-591,-674,-711,-701,-638,-546,-422,-278,-115,58,227,393,521,616,686,715,701,648,554,419,268,103,-77,-259,-427,-576,-688,-763,-792,-778,-714,-588,-426,-239,-41,178,385,569,711,800,851,839,763,647,482,287,80,-136,-336,-510,-649,-736,-778,-764,-707,-608,-469,-312,-155,12,179,332,465,556,625,658,650,600,532,431,302,171,17,-131,-278,-402,-515,-586,-631,-641,-614,-556,459,636,0,-72,-1300,654,565,464,325,169,-6,-186,-355,-511,-648,-735,-787,-798,-750,-661,-516,-353,-155,62,273,490,665,804,906,947,928,853,709,510,285,33,-226,-473,-698,-870,-992,-1055,-1055,-974,-828,-628,-378,-109,170,441,689,887,1029,1104,1098,1029,892,691,456,179,-100,-364,-606,-803,-943,-1034,-1066,-1016,-907,-747,-541,-304,-50,212,452,660,818,930,992,992,933,817,637,429,200,-40,-282,-502,-695,-837,-916,-954,-935,-843,-714,-535,-326,-103,128,343,547,704,813,873,876,831,739,597,416,218,-1,-211,-407,-579,-717,-800,-825,-806,-729,-618,-476,-282,-99,96,280,435,570,664,719,722,315,622,502,366,219,42,-128,-286,-417,-521,-604,-655,-650,-623,-551,-460,-334,-191,-37,115,268,405,505,579,619,632,606,540,446,326,189,31,-119,-269,-410,-522,-599,-644,-660,-631,-569,-467,-342,-193,-28,142,306,454,588,679,726,748,714,646,520,342,154,-40,-256,-462,-635,-787,-873,-891,-856,-758,-605,-402,-165,90,340,577,767,886,958,943,851,695,491,249,-15,-254,-480,-649,-780,-847,-832,-774,-648,-479,-287,-83,122,311,470,580,645,668,644,571,459,313,152,-5,-167,-304,-412,-491,-520,-514,-477,-391,-282,-148,-4,132,264,366,419,433,399,315,192,59,-66,-166,1771,1723,0,620,576,-50,-22,11,47,78,107,125,131,120,96,58,21,-22,-64,-107,-136,-161,-167,-171,-154,-124,-94,-49,5,54,103,145,177,198,210,213,187,153,118,68,12,-50,-117,-172,-218,-264,-291,-291,-275,-246,-193,-125,-41,49,143,237,308,371,421,433,421,356,255,156,19,-114,-233,-357,-453,-505,-529,-515,-464,-363,-246,-99,56,193,332,447,517,559,548,506,431,326,193,47,-95,-230,-353,-443,-501,-521,-498,-451,-367,-274,-152,-32,86,189,281,343,382,402,395,367,319,265,196,113,35,-41,-112,-173,-237,-297,-327,-352,-362,-352,-327,-277,-206,-131,-34,72,178,269,-571,433,467,481,473,423,344,239,119,-7,-142,-267,-392,-489,-555,-583,-578,-529,-452,-352,-205,-56,98,254,395,517,604,644,655,624,542,433,293,129,-47,-218,-380,-514,-625,-687,-711,-684,-617,-513,-374,-215,-39,138,305,447,569,653,703,706,672,590,467,339,192,22,-148,-317,-467,-590,-671,-727,-745,-707,-625,-511,-362,-188,10,201,400,565,698,782,831,822,752,635,470,283,70,-161,-369,-547,-696,-785,-828,-814,-743,-628,-473,-292,-106,85,262,437,576,652,693,704,676,604,490,363,225,69,-93,-239,-364,-479,-558,-610,-639,-624,-575,-498,-395,-260,-119,36,180,319,-75,165
61159,mtk,MTK 7916,860356196,rx1-tx1,512,0,0,0,-457,-144,217,520,687,681,482,141,-240,-553,-714,-689,-484,-154,210,516,678,644,437,124,-220,-491,-616,-575,-372,-65,252,490,584,495,273,-19,-304,-485,-518,-411,-178,105,351,495,488,336,83,-202,-422,-520,-465,-269,9,290,483,535,436,212,-83,-362,-537,-557,-419,-167,137,400,544,537,381,121,-178,-424,-540,-503,-323,-52,224,433,513,440,236,-42,-297,-464,-502,-400,-162,141,393,530,524,365,93,-206,-450,-575,-539,-354,-71,239,484,586,537,347,56,-252,-487,-589,-529,-320,-34,248,466,559,493,302,34,-233,-435,-517,-441,-248,-8,220,382,440,371,203,-17,0,-329,-343,-262,-113,67,218,298,279,166,-2,-167,-275,-296,-218,-65,105,257,336,311,196,10,-190,-342,-399,-345,-191,41,259,401,450,373,174,-72,-306,-465,-495,-384,-166,107,349,503,526,398,155,-130,-384,-543,-551,-402,-145,160,429,577,566,405,124,-193,-456,-606,-598,-420,-125,207,493,661,640,446,142,-199,-500,-675,-678,-501,-181,174,482,669,684,531,240,-107,-424,-632,-666,-535,-279,41,340,545,610,524,313,21,-264,-470,-551,-497,-322,-70,190,384,480,456,321,112,-113,-308,-417,-416,-318,-155,41,219,344,387,340,228,77,-75,-201,-281,-299,-262,-188,-96,0,0,0,0,0,121,-19,-166,-311,-423,-460,-409,-264,-47,196,415,559,587,489,272,-18,-312,-549,-663,-619,-430,-136,201,496,683,701,539,240,-120,-461,-682,-730,-590,-297,77,437,686,759,629,318,-79,-461,-723,-796,-654,-336,69,473,769,846,701,370,-76,-507,-807,-891,-738,-397,64,525,845,928,763,391,-79,-525,-842,-927,-760,-390,85,541,847,929,749,365,-112,-563,-850,-904,-713,-317,168,605,871,892,660,249,-234,-658,-914,-904,-634,-187,320,745,965,919,614,133,-397,-823,-1020,-951,-618,-98,449,886,1095,1005,644,113,-464,-917,-1129,-1045,-687,-129,462,919,1127,1034,677,143,-437,0,-1089,-986,-617,-88,466,893,1054,926,548,16,-520,-903,-1031,-865,-463,72,598,955,1037,830,391,-160,-678,-1007,-1060,-812,-335,234,742,1053,1076,801,303,-285,-784,-1068,-1066,-770,-272,298,793,1063,1028,717,217,-337,-788,-1014,-944,-617,-128,387,789,958,840,478,-4,-490,-829,-913,-728,-340,157,618,905,936,687,234,-281,-725,-979,-965,-668,-187,337,781,1017,975,666,174,-365,-803,-1016,-954,-647,-173,347,768,973,908,599,151,-326,-708,-884,-810,-526,-119,308,634,763,680,418,56,-308,-561,-639,-525,-271,49,342,526,534,374,106,-197,-433,-537,-469,-258,29,318,518,563,432,0,0,0,0,0,-493,-660,-649,-461,-144,222,535,701,680,480,150,-228,-540,-703,-675,-471,-149,210,507,651,608,403,101,-219,-481,-596,-530,-316,-23,273,479,539,457,230,-68,-328,-494,-518,-380,-138,140,381,505,474,297,37,-236,-442,-525,-449,-236,46,321,512,549,429,190,-107,-381,-545,-548,-401,-143,158,400,531,520,360,87,-209,-428,-523,-468,-280,-7,266,450,508,419,195,-86,-338,-497,-514,-375,-134,159,417,551,525,354,74,-228,-467,-589,-541,-345,-58,245,484,595,540,337,46,-250,-472,-569,-514,-315,-38,244,449,531,475,284,28,-229,-426,-495,-419,-233,-4,211,368,400,0,161,-40,-217,-309,-301,-212,-60,115,249,296,241,105,-61,-215,-304,-297,-199,-42,150,305,369,327,180,-13,-217,-373,-421,-352,-181,52,280,441,483,384,177,-91,-335,-486,-516,-397,-161,120,368,521,536,407,161,-131,-397,-556,-552,-396,-133,178,448,596,578,410,124,-213,-495,-640,-619,-432,-129,212,505,660,649,464,166,-185,-494,-674,-682,-518,-218,139,451,651,676,526,256,-74,-386,-598,-653,-539,-291,11,301,513,586,509,315,47,-229,-429,-514,-473,-317,-92,152,355,453,432,313,127,-83,-267,-382,-406,-336,-190,-12,155,282,348,337,260,149,20,-96,-175,-216,0,0,0,0,0,288,347,339,264,125,-67,-269,-434,-527,-516,-385,-162,104,365,556,630,564,360,61,-263,-528,-675,-662,-488,-193,155,475,683,719,570,274,-90,-436,-681,-742,-607,-310,80,449,697,766,634,328,-75,-463,-739,-822,-681,-355,78,494,780,875,734,379,-83,-519,-819,-918,-772,-402,73,522,827,923,771,404,-81,-534,-841,-918,-750,-385,86,542,854,920,724,336,-141,-579,-859,-900,-691,-285,206,639,894,894,647,214,-287,-699,-922,-908,-627,-153,355,773,990,930,608,111,-423,-857,-1063,-979,-629,-97,462,895,1105,1030,672,131,-458,-921,-1130,-1051,-694,-145,443,898,1099,1002,0,114,-442,-869,-1065,-960,-589,-60,483,882,1028,894,509,-19,-550,-926,-1028,-842,-419,138,652,983,1044,819,363,-212,-735,-1049,-1077,-816,-328,247,763,1069,1081,801,295,-286,-791,-1082,-1065,-751,-239,330,801,1048,1000,669,164,-360,-788,-990,-906,-561,-60,438,797,927,782,408,-89,-554,-859,-910,-703,-288,223,684,947,934,668,215,-320,-767,-1005,-973,-670,-183,357,803,1025,966,655,175,-359,-790,-1003,-942,-624,-152,343,742,935,867,573,138,-316,-669,-819,-749,-480,-93,305,597,702,600,339,-5,-329,-535,-582,-458,-193,117,381,519,500,320,38,-253,-465,-538,-444,-212,89,370,0,0
61160,mtk,MTK 7916,860356196,rx2-tx0,512,0,0,0,-765,-183,470,1014,1288,1211,791,131,-572,-1126,-1379,-1260,-794,-107,619,1186,1429,1268,754,38,-690,-1235,-1441,-1251,-708,26,752,1267,1429,1198,636,-108,-826,-1299,-1398,-1109,-514,219,889,1304,1349,1008,387,-337,-962,-1314,-1286,-890,-254,458,1038,1310,1209,764,100,-584,-1096,-1288,-1107,-625,43,691,1124,1228,981,451,-201,-790,-1139,-1153,-838,-277,365,890,1143,1059,667,70,-542,-990,-1141,-962,-495,132,721,1095,1154,875,328,-326,-895,-1210,-1174,-792,-170,511,1060,1307,1185,727,46,-660,-1186,-1392,-1201,-666,61,780,1284,1435,1194,621,-140,-866,-1352,-1470,-1177,-554,216,929,1398,1483,1146,492,-295,0,-1440,-1469,-1092,-418,372,1062,1461,1456,1040,324,-471,-1141,-1498,-1435,-974,-234,578,1228,1539,1440,941,173,-649,-1297,-1596,-1451,-897,-108,717,1355,1628,1456,877,55,-774,-1401,-1652,-1451,-856,-33,814,1446,1667,1437,828,-7,-844,-1462,-1677,-1445,-821,24,857,1449,1657,1421,800,-24,-838,-1427,-1618,-1380,-778,23,822,1392,1578,1334,744,-21,-775,-1331,-1520,-1301,-752,-17,719,1251,1449,1267,766,79,-617,-1135,-1343,-1213,-782,-156,489,977,1203,1125,761,224,-345,-812,-1055,-1013,-724,-267,224,642,891,903,695,327,-109,-492,-736,-797,-674,-402,-46,301,563,681,644,484,243,-23,-258,-423,-487,-454,-351,0,0,0,0,0,412,361,235,31,-218,-452,-623,-681,-593,-373,-58,301,614,802,813,627,283,-143,-552,-844,-936,-799,-460,5,488,866,1028,934,595,98,-441,-894,-1120,-1058,-726,-190,414,923,1196,1169,833,274,-371,-932,-1244,-1239,-918,-342,336,933,1283,1296,962,380,-318,-952,-1322,-1336,-1000,-390,324,948,1328,1355,1018,410,-307,-941,-1313,-1331,-999,-403,301,903,1258,1279,942,357,-310,-880,-1202,-1185,-834,-258,367,878,1143,1081,720,171,-430,-906,-1104,-986,-588,-19,550,949,1075,897,463,-112,-660,-1011,-1076,-828,-335,260,786,1089,1083,777,249,-359,-887,-1170,-1115,-751,-176,457,971,1218,1124,721,115,0,-1036,-1240,-1096,-654,-29,619,1090,1253,1063,570,-84,-718,-1154,-1261,-1007,-468,206,832,1224,1278,972,385,-327,-937,-1299,-1303,-931,-297,426,1031,1350,1301,884,215,-508,-1097,-1388,-1290,-836,-149,583,1151,1386,1232,742,47,-657,-1172,-1352,-1148,-630,53,717,1171,1282,1028,491,-182,-800,-1184,-1210,-894,-331,320,874,1183,1141,767,181,-445,-938,-1162,-1049,-636,-47,553,986,1128,950,504,-81,-634,-994,-1064,-831,-367,194,689,975,971,687,213,-315,-738,-934,-853,-517,-33,451,788,888,722,333,-152,-587,-841,-844,-594,-159,336,731,917,825,481,-12,-511,-868,-977,-795,-371,172,688,1011,1045,774,0,0,0,0,0,-939,-1221,-1165,-776,-162,513,1063,1333,1237,787,115,-601,-1164,-1410,-1271,-781,-78,651,1210,1437,1262,743,15,-715,-1247,-1435,-1225,-672,70,787,1284,1416,1160,584,-162,-853,-1302,-1378,-1064,-455,277,928,1308,1312,947,318,-397,-998,-1313,-1251,-832,-173,527,1073,1305,1163,696,34,-632,-1113,-1271,-1055,-535,121,732,1129,1200,915,369,-282,-838,-1142,-1104,-744,-170,453,932,1141,1012,578,-28,-630,-1047,-1153,-917,-412,229,807,1148,1159,828,240,-423,-979,-1265,-1181,-751,-100,589,1122,1352,1202,700,-5,-718,-1237,-1413,-1194,-637,102,820,1322,1459,1193,588,-183,-901,-1380,-1482,-1169,-528,260,973,1421,1473,0,448,-343,-1040,-1448,-1457,-1064,-370,431,1109,1481,1445,1000,281,-525,-1188,-1523,-1440,-961,-203,610,1256,1568,1445,922,138,-693,-1333,-1612,-1451,-893,-80,757,1386,1643,1456,869,43,-794,-1418,-1663,-1449,-841,7,849,1448,1658,1430,821,-18,-859,-1461,-1670,-1428,-807,25,841,1423,1630,1389,773,-38,-830,-1402,-1591,-1350,-753,43,812,1352,1533,1308,745,-14,-757,-1291,-1482,-1286,-761,-46,664,1195,1409,1248,767,116,-547,-1054,-1277,-1172,-770,-188,415,896,1134,1075,749,254,-285,-727,-967,-953,-705,-298,161,558,805,847,679,353,-40,-406,-657,-747,-667,-445,-141,175,428,575,601,512,337,126,-71,-227,0,0,0,0,0,114,297,454,548,552,439,209,-87,-389,-639,-763,-722,-519,-183,216,583,825,878,720,377,-71,-516,-854,-989,-876,-534,-45,470,878,1083,1007,660,142,-428,-905,-1158,-1118,-781,-232,388,922,1231,1209,877,309,-354,-928,-1266,-1270,-939,-356,334,941,1300,1318,986,389,-311,-941,-1331,-1357,-1018,-406,312,942,1318,1350,1022,413,-300,-920,-1283,-1298,-973,-380,305,888,1227,1227,891,316,-338,-885,-1173,-1127,-778,-221,395,892,1122,1033,659,97,-490,-921,-1083,-938,-523,44,602,984,1070,855,400,-181,-719,-1050,-1080,-804,-288,321,838,1126,1107,772,211,-416,-932,-1189,-1123,-741,-145,489,990,1225,0,688,66,-572,-1055,-1247,-1089,-622,32,667,1112,1259,1046,528,-142,-779,-1193,-1262,-984,-422,264,888,1267,1292,952,335,-378,-995,-1339,-1307,-913,-265,468,1070,1375,1302,867,188,-546,-1127,-1386,-1259,-782,-97,616,1156,1368,1198,694,2,-689,-1174,-1318,-1087,-554,124,765,1178,1244,961,413,-254,-840,-1173,-1173,-835,-260,389,917,1171,1083,698,111,-505,-963,-1143,-999,-566,21,594,993,1103,897,436,-144,-668,-993,-1025,-762,-283,260,715,953,906,602,128,-379,-763,-906,-779,-423,59,521,820,872,661,244,-251,-667,-883,-838,-544,-79,425,807,943,804,422,-98,-603,-946,-1013,-785,-323,251,762,0,0
61161,mtk,MTK 7916,860356196,rx2-tx1,512,0,0,0,146,-480,-974,-1203,-1112,-703,-83,575,1070,1264,1113,664,28,-623,-1100,-1282,-1120,-640,14,650,1108,1265,1072,586,-61,-680,-1106,-1216,-985,-490,129,699,1071,1137,869,370,-228,-739,-1023,-1016,-714,-201,359,797,1000,915,552,26,-496,-871,-990,-815,-396,146,653,967,997,737,258,-302,-780,-1035,-991,-652,-123,435,875,1072,948,543,-13,-568,-958,-1076,-879,-422,165,719,1064,1107,827,301,-325,-874,-1176,-1148,-802,-221,441,996,1277,1203,789,147,-546,-1092,-1346,-1231,-780,-116,587,1129,1371,1248,781,99,-605,-1142,-1371,-1230,-762,-92,599,1118,1331,1195,735,83,-573,-1056,-1255,-1120,-690,-83,524,0,1144,995,586,38,-503,-884,-1011,-850,-455,55,527,839,898,692,301,-169,-583,-818,-807,-567,-168,272,633,804,733,448,32,-391,-701,-794,-649,-316,112,520,781,808,583,184,-277,-675,-900,-867,-571,-103,412,830,1031,953,601,70,-497,-947,-1146,-1041,-656,-77,538,1020,1222,1105,697,91,-552,-1051,-1291,-1187,-759,-135,518,1048,1324,1254,855,234,-443,-1008,-1314,-1292,-949,-378,290,884,1235,1266,1003,496,-115,-680,-1063,-1170,-980,-567,-33,483,865,1011,907,585,127,-324,-663,-835,-799,-561,-204,179,507,695,708,552,276,-46,-339,-543,-615,-551,-372,-136,105,310,435,464,402,281,145,0,0,0,0,0,-226,-41,181,404,580,658,615,443,162,-174,-484,-697,-760,-652,-391,-38,335,633,784,749,520,157,-249,-598,-794,-789,-578,-215,213,597,830,843,634,249,-211,-629,-886,-912,-701,-294,203,652,936,979,764,340,-187,-669,-977,-1031,-808,-356,189,679,1000,1067,830,371,-189,-699,-1016,-1065,-836,-376,194,704,1023,1057,809,350,-209,-713,-1014,-1033,-775,-310,237,722,995,989,712,239,-294,-742,-977,-934,-639,-166,356,772,972,895,565,76,-434,-820,-982,-866,-507,-9,492,853,982,848,468,-53,-551,-882,-974,-797,-393,118,590,895,956,749,325,-189,-643,-913,-929,-685,-247,258,687,0,921,630,161,-350,-757,-953,-883,-566,-97,401,787,944,827,468,-21,-491,-821,-912,-731,-340,149,601,891,916,659,205,-310,-744,-980,-938,-618,-108,443,875,1069,968,587,34,-536,-965,-1129,-977,-550,36,619,1035,1157,954,490,-118,-686,-1058,-1130,-893,-393,213,746,1079,1100,800,271,-330,-834,-1093,-1040,-693,-141,455,914,1109,985,568,-8,-584,-1001,-1130,-927,-466,139,712,1080,1141,867,344,-278,-833,-1155,-1154,-827,-262,384,925,1209,1158,789,199,-449,-969,-1218,-1125,-726,-130,505,988,1191,1062,629,25,-571,-1000,-1148,-975,-524,76,643,1022,1103,868,392,-201,-741,-1069,-1089,-794,-271,0,0,0,0,0,1172,1089,689,102,-521,-1021,-1250,-1121,-669,-35,599,1086,1283,1128,659,9,-639,-1109,-1272,-1089,-607,37,666,1102,1229,1030,545,-97,-700,-1090,-1176,-936,-433,172,712,1044,1080,796,286,-281,-754,-1007,-961,-630,-117,428,836,994,866,471,-70,-579,-918,-999,-786,-337,220,717,997,986,686,183,-373,-830,-1044,-961,-603,-60,501,925,1082,917,478,-93,-636,-1016,-1100,-854,-358,250,794,1124,1129,801,243,-387,-933,-1227,-1175,-788,-170,508,1047,1313,1222,789,129,-563,-1112,-1363,-1242,-781,-112,594,1143,1377,1231,756,91,-601,-1133,-1357,-1215,-752,-94,584,1088,1292,1157,717,87,-550,-1017,-1202,-1061,0,-45,516,922,1075,925,527,6,-504,-860,-954,-773,-380,109,553,825,850,631,237,-218,-600,-803,-775,-508,-99,332,657,788,690,388,-31,-447,-733,-800,-625,-257,197,598,831,830,585,144,-357,-761,-957,-895,-577,-73,467,887,1086,993,613,59,-520,-980,-1190,-1077,-670,-67,561,1041,1262,1151,727,107,-554,-1084,-1318,-1208,-797,-185,499,1057,1328,1275,898,293,-369,-949,-1289,-1300,-982,-435,201,778,1158,1239,1009,540,-34,-577,-958,-1086,-946,-584,-95,396,755,914,835,564,178,-245,-585,-762,-742,-545,-229,127,433,623,666,554,321,30,-245,-449,-548,-527,-411,-230,-31,147,270,321,0,0,0,0,0,-434,-530,-541,-449,-258,5,299,549,695,702,564,299,-47,-397,-660,-774,-705,-464,-102,289,610,788,770,551,193,-218,-585,-806,-812,-606,-236,206,602,849,879,667,272,-208,-645,-909,-942,-736,-315,205,673,963,1008,787,355,-178,-675,-995,-1048,-829,-375,190,695,1009,1059,830,367,-188,-690,-1011,-1060,-820,-362,195,704,1010,1050,798,327,-223,-708,-1003,-1020,-754,-284,258,725,982,957,670,205,-316,-753,-972,-916,-606,-129,388,795,979,891,540,36,-461,-841,-992,-859,-479,29,522,872,979,818,422,-87,-563,-882,-964,-772,-363,143,611,906,938,709,289,-217,-671,-930,-920,-657,0,303,725,936,891,595,130,-366,-758,-936,-846,-522,-48,445,803,926,780,407,-89,-552,-852,-918,-708,-278,225,677,934,921,645,165,-373,-812,-1033,-958,-603,-77,485,929,1114,987,582,0,-591,-1007,-1149,-980,-530,67,653,1052,1151,927,451,-149,-711,-1063,-1120,-852,-338,271,792,1078,1064,746,201,-403,-879,-1108,-1018,-629,-60,524,966,1125,955,510,-78,-642,-1039,-1136,-906,-408,217,780,1117,1145,847,303,-326,-879,-1191,-1164,-814,-234,413,944,1217,1149,759,161,-477,-982,-1209,-1098,-689,-84,539,1004,1173,1017,585,-8,-603,-1018,-1130,-927,-463,138,697,1046,1098,834,330,-272,-800,-1086,0,0
61162,mtk,MTK 7916,860388305,rx0-tx0,512,-330,31,116,8,254,476,659,791,857,845,766,620,430,198,-41,-279,-496,-675,-791,-856,-848,-766,-622,-424,-202,54,302,523,710,835,899,881,794,635,422,181,-104,-370,-608,-801,-932,-985,-937,-811,-623,-365,-73,223,492,726,892,975,983,897,742,515,243,-43,-326,-577,-767,-902,-949,-925,-827,-658,-430,-171,96,356,585,769,894,927,888,780,615,376,110,-160,-407,-628,-799,-890,-919,-853,-707,-507,-268,-5,258,487,681,808,859,840,746,589,379,145,-91,-315,-511,-660,-750,-774,-720,-613,-469,-277,-61,148,338,498,604,662,664,607,511,369,198,23,-139,-308,-444,-542,-591,-588,-26,-467,-347,-200,-35,131,285,423,520,576,590,540,468,343,186,10,-162,-327,-465,-565,-616,-606,-543,-440,-301,-132,51,237,397,519,604,624,591,521,385,230,49,-144,-315,-456,-564,-622,-624,-578,-471,-325,-156,37,220,396,529,619,658,626,536,401,233,28,-172,-364,-525,-629,-672,-658,-570,-419,-232,-19,194,385,526,617,643,597,488,327,136,-57,-235,-373,-471,-508,-481,-414,-309,-162,-23,93,205,289,319,316,292,245,167,85,11,-62,-117,-155,-174,-173,-154,-131,-97,-65,-35,0,28,53,69,78,91,95,90,81,62,37,6,-30,-61,-85,-96,-90,-69,-42,-237,-128,510,536,584,-176,-232,-256,-232,-169,-67,52,172,258,324,348,334,280,193,81,-44,-169,-277,-357,-414,-426,-401,-330,-225,-101,45,194,341,466,541,573,544,466,336,160,-49,-258,-455,-611,-735,-773,-732,-620,-437,-199,68,336,587,789,906,945,900,743,513,217,-106,-420,-696,-920,-1051,-1087,-1010,-825,-558,-247,102,438,731,969,1117,1143,1063,878,613,286,-67,-406,-717,-950,-1096,-1149,-1090,-931,-683,-364,-23,309,629,880,1063,1128,1100,980,751,468,153,-184,-493,-771,-967,-1082,-1101,-1013,-830,-586,-296,36,356,646,873,1021,1065,1026,898,695,423,102,-208,-491,-736,-921,-1008,-1017,-938,-783,301,-265,20,301,556,753,900,974,964,869,714,498,234,-42,-322,-585,-793,-946,-1018,-1003,-902,-724,-476,-183,129,430,706,917,1041,1084,1035,879,657,379,59,-261,-550,-799,-982,-1078,-1088,-995,-822,-586,-301,13,322,605,848,1013,1102,1097,1003,823,558,257,-63,-398,-686,-922,-1080,-1150,-1120,-988,-771,-489,-161,185,521,798,1011,1141,1171,1094,910,666,358,3,-335,-637,-872,-1040,-1116,-1078,-965,-762,-494,-199,114,406,657,857,978,1016,977,845,649,399,128,-154,-424,-648,-818,-918,-945,-892,-763,-573,-339,-72,191,440,644,798,884,894,828,704,511,273,24,-233,-456,-652,-787,-859,391,423,-82,528,523,862,828,721,554,342,96,-151,-387,-587,-738,-829,-846,-804,-691,-521,-310,-85,163,395,602,753,846,879,823,712,539,316,70,-197,-445,-670,-825,-932,-945,-876,-735,-532,-278,15,306,551,771,924,998,967,860,679,434,161,-132,-409,-652,-838,-941,-975,-927,-794,-593,-343,-66,208,466,687,841,916,927,856,725,529,280,5,-256,-492,-701,-846,-915,-902,-822,-672,-449,-197,72,341,568,739,854,895,849,734,556,326,78,-171,-407,-606,-746,-811,-804,-740,-612,-430,-216,12,234,416,571,676,719,694,625,491,324,137,-62,-239,-397,-524,-603,-619,-603,-541,-427,-280,-106,66,628,369,481,555,579,561,503,402,269,112,-64,-234,-369,-496,-570,-602,-577,-513,-395,-248,-71,111,284,423,539,604,621,577,479,345,182,-9,-182,-363,-499,-583,-626,-613,-547,-434,-286,-107,77,258,420,538,617,638,601,511,365,195,-2,-194,-367,-507,-616,-664,-641,-565,-425,-244,-41,168,376,533,629,668,634,530,379,189,-23,-224,-396,-523,-584,-578,-505,-391,-240,-70,92,227,337,407,410,387,327,223,112,11,-75,-158,-211,-235,-237,-217,-176,-126,-71,-17,23,62,95,114,122,118,106,91,67,52,31,1,-28,-58,-82,-98,-101,-96,-72,-47,-12,23,53,68,483,503,-82,245,161,-122,-57,45,149,237,297,317,285,213,114,-7,-124,-234,-318,-372,-384,-359,-293,-201,-87,51,182,314,403,467,485,464,399,280,123,-49,-230,-392,-532,-635,-672,-641,-544,-392,-190,57,301,521,707,823,862,816,689,475,214,-69,-369,-642,-851,-989,-1022,-960,-798,-555,-240,95,432,727,953,1091,1121,1030,851,596,263,-90,-436,-741,-971,-1118,-1149,-1085,-907,-644,-328,15,361,667,917,1083,1134,1099,950,721,426,84,-245,-569,-834,-1003,-1102,-1093,-990,-798,-530,-226,110,437,720,921,1060,1092,1029,876,646,347,25,-283,-571,-804,-978,-1049,-1020,-911,-734,-474,-184,115,405,666,-176,969,999,950,818,623,383,108,-176,-434,-660,-844,-952,-988,-940,-814,-609,-361,-73,225,505,754,939,1051,1054,975,809,566,280,-32,-354,-636,-856,-1014,-1091,-1055,-933,-737,-473,-175,142,450,711,911,1046,1091,1047,916,703,428,129,-188,-484,-761,-970,-1086,-1121,-1059,-898,-674,-381,-58,283,597,860,1053,1160,1169,1065,855,591,267,-82,-434,-734,-956,-1118,-1165,-1103,-941,-711,-432,-99,224,524,786,957,1052,1052,962,802,570,293,9,-280,-539,-754,-903,-969,-962,-869,-707,-495,-240,36,308,546,735,869,923,901,803,645,433,188,-77,-331,-549,-738,-839,-886,-850,-749,-590,-375,-134,500,373
61163,mtk,MTK 7916,860388305,rx0-tx1,512,-686,-431,-548,387,507,581,603,577,500,381,217,46,-114,-275,-393,-492,-542,-539,-505,-423,-304,-177,-38,112,240,349,424,471,483,456,405,321,212,90,-52,-181,-287,-386,-463,-497,-503,-471,-400,-288,-148,1,149,302,436,534,590,592,559,467,332,172,-11,-204,-378,-528,-621,-670,-658,-592,-476,-312,-116,84,281,459,598,683,709,680,583,436,258,48,-162,-360,-525,-646,-715,-709,-653,-532,-363,-172,33,237,417,567,660,692,669,591,457,298,105,-95,-283,-443,-564,-643,-668,-638,-547,-410,-245,-54,138,315,464,574,627,632,591,490,359,186,-1,-174,-337,-480,-586,-637,-630,-573,-38,-312,-136,49,233,406,534,617,643,617,544,412,261,75,-132,-310,-478,-600,-663,-669,-618,-509,-347,-161,40,248,433,564,648,674,646,541,393,222,12,-178,-355,-499,-608,-653,-640,-575,-448,-290,-111,87,265,423,538,598,621,581,487,355,190,4,-179,-336,-462,-551,-589,-585,-514,-407,-259,-87,89,252,402,510,580,592,545,443,302,131,-48,-226,-384,-504,-568,-586,-531,-425,-282,-99,79,236,377,476,517,500,437,332,198,42,-105,-240,-346,-411,-435,-408,-339,-235,-119,14,137,243,319,356,350,299,217,111,-9,-116,-211,-271,-294,-269,-197,-104,1,93,158,172,-99,-204,0,297,149,-57,-2,75,140,189,213,196,152,75,-7,-93,-165,-218,-246,-239,-210,-157,-82,0,87,163,215,249,257,231,179,114,39,-38,-118,-180,-221,-240,-230,-204,-163,-100,-37,24,82,125,164,174,183,184,159,134,94,47,-4,-50,-98,-145,-180,-203,-216,-203,-172,-136,-78,-2,66,140,188,217,241,238,208,169,105,41,-27,-89,-147,-181,-206,-227,-215,-198,-164,-121,-67,-4,52,113,166,211,239,249,246,213,173,103,25,-63,-156,-230,-279,-316,-323,-303,-250,-165,-77,14,115,208,279,332,356,347,305,243,152,64,-51,-156,-239,-319,-365,-378,-366,-318,-244,-143,-48,91,202,292,378,422,427,402,334,248,129,0,-131,-262,-367,-445,-489,-486,-441,-354,-232,-87,66,209,344,453,516,534,505,428,324,177,23,-131,-276,-390,-487,-533,-537,-503,-425,-301,-158,-6,154,296,420,512,557,563,521,440,322,166,-2,-174,-329,-470,-565,-615,-611,-561,-454,-312,-139,45,235,405,542,633,672,647,567,434,271,91,-116,-312,-476,-604,-675,-695,-645,-533,-380,-199,8,208,394,537,636,680,660,587,468,304,119,-75,-254,-415,-538,-617,-643,-612,-532,-418,-257,-75,106,279,442,562,626,641,601,508,368,200,16,-174,-340,-486,-591,-634,-623,-565,-215,-40,9,-712,-645,479,349,182,3,-178,-337,-466,-550,-571,-561,-498,-399,-275,-112,44,194,331,423,479,507,489,435,354,248,126,-15,-148,-264,-363,-433,-479,-492,-456,-395,-315,-194,-59,81,223,350,452,518,540,531,484,383,253,89,-82,-251,-413,-530,-607,-642,-618,-541,-405,-242,-56,139,328,495,623,688,691,643,532,377,184,-18,-226,-417,-563,-670,-722,-700,-622,-488,-319,-114,97,300,482,613,689,713,669,569,421,235,38,-161,-352,-506,-616,-680,-679,-620,-509,-357,-181,16,209,386,517,609,650,637,567,452,300,122,-60,-243,-398,-522,-613,-636,-609,-537,-422,-264,-75,111,287,634,566,630,640,602,507,361,193,5,-179,-358,-505,-599,-663,-647,-583,-470,-303,-114,82,268,444,574,655,674,641,528,375,192,-9,-212,-402,-534,-636,-674,-642,-562,-430,-259,-60,127,313,468,572,634,629,569,469,317,150,-32,-219,-371,-495,-571,-601,-572,-496,-380,-226,-58,119,286,425,533,589,587,535,434,292,130,-56,-231,-388,-506,-578,-589,-547,-444,-296,-127,56,239,383,493,551,536,483,380,237,74,-89,-237,-355,-439,-464,-448,-391,-292,-167,-25,113,234,322,377,392,358,288,184,68,-60,-170,-258,-317,-328,-296,-227,-126,-15,100,188,237,243,202,129,44,-876,-817,0,-64,-246,142,169,164,124,66,-20,-103,-174,-218,-228,-217,-173,-112,-27,57,134,202,238,252,237,194,132,57,-27,-111,-177,-224,-242,-243,-222,-171,-107,-30,45,105,160,198,207,206,188,160,112,50,8,-47,-91,-129,-169,-188,-196,-182,-166,-129,-82,-32,23,89,135,181,218,227,218,192,136,88,25,-50,-113,-169,-207,-225,-231,-215,-179,-132,-85,-20,47,97,150,189,221,229,223,212,177,129,59,-8,-87,-156,-219,-265,-280,-288,-262,-210,-140,-56,39,133,227,293,324,338,330,279,208,118,18,-87,-180,-265,-327,-359,-372,-331,-277,-202,-94,11,118,222,310,371,-1135,407,361,294,201,79,-40,-170,-278,-371,-437,-462,-450,-397,-303,-189,-46,104,239,367,454,506,506,471,395,277,128,-23,-174,-308,-422,-502,-527,-515,-458,-365,-240,-86,61,209,348,463,528,555,538,472,374,235,82,-81,-238,-376,-493,-568,-591,-568,-498,-386,-233,-65,114,283,434,547,616,638,609,523,389,215,20,-181,-364,-516,-620,-684,-688,-615,-499,-337,-145,61,271,447,578,667,693,658,567,421,247,47,-150,-327,-484,-594,-655,-653,-602,-502,-356,-188,0,186,354,491,597,640,630,574,474,319,143,-45,-229,-394,-526,-607,-642,-614,-534,-415,-253,-71,109,287,-149,-334
61164,mtk,MTK 7916,860388305,rx1-tx0,512,0,-1888,-1444,658,584,461,308,105,-105,-313,-501,-644,-742,-771,-746,-663,-516,-309,-70,179,405,618,780,874,894,835,708,520,259,-7,-294,-571,-786,-934,-1005,-991,-887,-702,-436,-141,183,489,747,948,1062,1085,1011,839,589,288,-53,-382,-675,-908,-1049,-1097,-1057,-916,-693,-414,-108,202,494,740,925,1032,1037,959,797,573,305,6,-280,-551,-775,-917,-999,-982,-884,-717,-479,-208,80,354,598,797,914,953,918,805,615,377,111,-162,-414,-642,-795,-891,-911,-846,-712,-522,-286,-35,230,468,653,789,857,846,758,595,411,182,-64,-297,-504,-650,-756,-783,-744,-661,-505,-312,-89,131,331,496,-277,690,703,654,564,416,247,51,-146,-323,-472,-579,-635,-654,-604,-511,-377,-212,-30,149,318,460,569,627,629,593,505,368,201,19,-166,-335,-471,-580,-641,-641,-599,-508,-374,-208,-25,177,352,515,632,692,697,650,543,390,199,-13,-234,-445,-616,-734,-805,-802,-711,-566,-361,-103,163,424,661,828,928,922,830,647,409,118,-185,-487,-722,-880,-957,-930,-803,-596,-333,-36,253,505,703,824,843,792,653,466,233,-18,-243,-450,-598,-669,-678,-629,-521,-360,-176,21,208,368,482,544,548,495,408,270,107,-59,-221,-352,-433,-470,-453,-374,-244,-88,70,215,315,354,325,239,555,-574,0,85,-368,34,67,95,107,106,78,45,-5,-49,-89,-124,-146,-148,-136,-108,-59,-12,43,91,131,164,175,171,156,116,72,26,-42,-111,-155,-194,-219,-220,-208,-183,-125,-63,9,86,164,229,271,301,298,265,213,130,34,-80,-179,-275,-357,-397,-406,-380,-306,-193,-55,96,249,373,465,507,492,450,350,210,54,-128,-286,-416,-500,-539,-529,-469,-364,-207,-38,128,290,421,511,534,515,445,333,203,55,-98,-249,-360,-430,-478,-463,-414,-322,-210,-87,40,159,254,324,362,368,347,318,254,177,102,9,-86,-169,-236,-298,-346,-360,-346,-321,-265,-176,-87,34,159,266,367,489,467,457,403,317,202,60,-95,-235,-368,-471,-527,-551,-517,-435,-321,-162,2,174,340,478,573,615,615,546,439,284,96,-94,-282,-447,-566,-653,-676,-634,-545,-393,-216,-11,193,379,541,641,695,687,624,506,336,142,-55,-249,-419,-565,-660,-697,-675,-600,-479,-321,-135,74,270,443,590,677,726,709,641,512,333,128,-103,-320,-514,-673,-781,-818,-770,-654,-485,-263,-13,237,463,644,779,834,815,717,552,346,104,-129,-346,-537,-680,-750,-758,-694,-574,-415,-229,-29,169,355,500,603,659,661,613,510,371,220,38,-136,-307,-453,-555,-625,-627,-601,-521,-398,-246,-75,105,459,636,0,-72,-1300,-180,-372,-525,-643,-719,-724,-677,-567,-413,-209,16,232,442,630,771,841,828,750,619,416,175,-94,-362,-592,-795,-917,-956,-930,-804,-602,-349,-59,246,529,784,955,1045,1051,947,767,512,208,-112,-433,-716,-936,-1073,-1111,-1037,-882,-645,-350,-33,294,603,844,1007,1074,1052,936,738,490,194,-112,-405,-662,-850,-977,-1018,-976,-853,-640,-386,-107,191,457,695,871,967,981,909,765,552,293,17,-260,-519,-721,-858,-925,-912,-821,-663,-444,-210,63,323,548,730,838,882,853,740,569,360,108,-146,-393,-585,-723,-811,-821,-761,-633,-458,-247,-5,208,415,580,694,746,729,656,530,315,158,-55,-243,-413,-552,-640,-681,-657,-587,-467,-304,-133,56,238,394,524,608,640,621,554,441,294,111,-66,-239,-403,-531,-615,-648,-631,-549,-437,-288,-110,77,255,420,548,629,671,654,583,462,293,101,-94,-295,-475,-617,-705,-747,-730,-640,-484,-290,-61,193,430,626,787,871,869,791,625,395,117,-177,-455,-691,-865,-950,-950,-842,-637,-377,-83,222,498,719,868,924,872,739,538,275,4,-256,-480,-641,-753,-767,-711,-593,-410,-196,16,224,402,530,603,619,572,470,325,152,-36,-205,-346,-454,-508,-506,-451,-337,-199,-45,121,269,376,422,413,345,220,70,-77,-179,1771,1723,0,620,576,75,62,31,-6,-53,-93,-119,-133,-123,-103,-71,-28,24,75,127,152,168,167,145,111,65,7,-41,-102,-151,-177,-198,-204,-178,-139,-94,-30,37,93,159,213,239,249,244,214,161,92,15,-80,-160,-240,-301,-342,-351,-315,-262,-171,-54,66,200,319,406,454,468,430,346,216,51,-107,-266,-407,-495,-540,-529,-458,-350,-202,-41,131,292,429,523,549,537,466,352,198,39,-122,-278,-395,-472,-511,-502,-444,-327,-209,-68,77,205,312,384,419,417,376,308,219,119,9,-82,-170,-245,-286,-324,-346,-333,-296,-248,-188,-105,0,92,186,283,350,396,418,390,338,256,-571,3,-130,-258,-364,-444,-494,-495,-458,-382,-253,-106,51,216,352,480,559,585,567,492,377,221,49,-137,-315,-462,-582,-640,-646,-597,-493,-342,-165,45,236,414,556,648,695,669,595,453,275,80,-129,-320,-495,-624,-688,-700,-656,-557,-414,-231,-30,167,350,509,620,698,704,651,560,417,238,34,-185,-382,-562,-692,-769,-775,-710,-592,-423,-213,31,276,485,666,786,837,811,702,533,311,61,-188,-425,-612,-744,-806,-789,-712,-578,-383,-163,59,273,452,596,680,708,672,593,461,301,117,-64,-244,-405,-524,-604,-640,-613,-556,-445,-312,-141,34,201,363,492,586,634,630,-75,165
61165,mtk,MTK 7916,860388305,rx1-tx1,512,0,0,0,-510,-651,-647,-491,-220,109,421,637,710,621,392,79,-244,-514,-664,-662,-506,-238,77,368,565,628,540,334,62,-229,-458,-566,-532,-369,-129,138,365,501,505,381,167,-89,-325,-473,-496,-390,-191,57,292,451,500,424,244,-10,-262,-450,-538,-488,-316,-66,192,410,541,546,404,165,-102,-336,-501,-538,-444,-253,-1,255,441,516,461,289,49,-193,-392,-502,-474,-319,-95,153,376,508,510,387,171,-92,-335,-509,-565,-481,-282,-20,253,469,577,555,401,154,-127,-369,-528,-578,-493,-288,-26,239,444,548,529,387,157,-94,-318,-466,-505,-425,-248,-26,189,347,416,392,274,0,-86,-244,-329,-321,-237,-102,64,203,279,277,195,59,-91,-226,-305,-302,-223,-74,107,264,349,355,276,120,-73,-251,-380,-420,-365,-212,1,211,380,476,448,308,104,-129,-338,-472,-501,-420,-234,14,261,448,531,496,337,99,-168,-405,-554,-575,-453,-230,47,318,521,607,559,383,116,-181,-454,-623,-650,-535,-303,-7,300,552,678,655,496,227,-89,-376,-590,-681,-628,-442,-159,152,415,586,629,545,353,89,-188,-415,-549,-559,-459,-273,-30,210,398,495,482,371,193,-16,-215,-363,-424,-404,-306,-147,32,198,322,378,362,287,167,24,-110,-219,-283,-296,-268,-210,-135,0,0,0,0,0,69,195,305,390,429,404,302,131,-75,-281,-455,-560,-565,-470,-282,-31,233,470,621,651,559,351,59,-249,-505,-663,-693,-577,-330,-21,296,569,711,694,535,252,-92,-424,-664,-750,-680,-457,-117,251,571,772,796,644,341,-47,-433,-727,-855,-797,-563,-200,224,597,837,895,753,441,25,-414,-748,-901,-869,-640,-253,188,593,857,914,769,448,23,-414,-749,-900,-854,-614,-220,220,611,853,893,731,401,-32,-467,-795,-937,-852,-567,-144,321,720,947,950,737,354,-128,-588,-918,-1045,-928,-598,-127,385,817,1067,1084,855,427,-99,-598,-969,-1120,-1025,-705,-227,303,758,1033,1081,0,486,-22,-514,-883,-1043,-954,-652,-193,310,726,974,996,774,371,-130,-598,-911,-1019,-889,-537,-52,445,839,1042,1005,729,283,-229,-696,-1007,-1093,-920,-527,-18,489,883,1075,1020,734,279,-244,-701,-984,-1038,-861,-478,10,492,842,989,901,597,155,-317,-698,-895,-880,-658,-257,206,610,870,913,726,362,-90,-531,-854,-971,-849,-533,-88,393,787,995,971,730,319,-167,-611,-915,-1017,-885,-547,-96,362,743,956,946,723,346,-100,-505,-789,-892,-786,-504,-127,269,585,746,725,541,234,-109,-395,-577,-617,-494,-249,39,300,489,539,449,245,-33,-296,-473,-532,-457,-258,15,291,494,0,0,0,0,0,409,128,-193,-484,-666,-690,-566,-314,16,344,586,701,660,464,166,-166,-448,-621,-656,-544,-305,3,295,510,595,537,355,89,-187,-421,-546,-525,-380,-149,113,346,490,507,391,177,-76,-302,-452,-491,-407,-217,30,273,454,519,451,269,24,-235,-440,-534,-507,-358,-116,150,379,520,538,426,210,-53,-301,-479,-538,-466,-285,-38,214,413,513,471,310,78,-169,-378,-492,-479,-352,-130,131,360,512,542,432,220,-46,-313,-506,-584,-530,-353,-88,192,425,566,574,454,233,-50,-312,-494,-570,-515,-345,-95,161,384,520,525,410,209,-28,-252,-411,-463,-412,-274,-76,127,287,0,353,259,104,-70,-213,-290,-285,-209,-78,74,210,284,276,193,59,-111,-252,-325,-317,-235,-93,91,261,371,397,316,155,-38,-229,-375,-445,-407,-266,-51,181,375,477,479,373,174,-72,-310,-476,-525,-457,-291,-48,216,433,548,534,397,159,-109,-360,-533,-587,-516,-312,-23,268,500,626,614,465,197,-112,-388,-588,-671,-604,-406,-118,194,472,648,683,577,346,44,-264,-518,-653,-647,-511,-271,23,296,500,596,568,423,195,-68,-311,-472,-529,-475,-328,-119,108,308,430,458,392,253,69,-124,-287,-381,-400,-345,-225,-66,95,232,320,350,324,247,141,28,-77,-152,-187,0,0,0,0,0,-293,-283,-214,-92,61,224,378,484,519,464,319,107,-138,-368,-535,-617,-583,-428,-185,100,368,579,683,650,481,206,-118,-411,-627,-723,-658,-446,-148,194,494,694,743,624,363,15,-346,-624,-761,-734,-542,-227,153,514,759,831,723,446,52,-347,-674,-863,-862,-665,-318,112,520,806,918,817,536,132,-305,-673,-890,-903,-709,-361,79,499,799,921,829,541,129,-320,-686,-886,-878,-672,-309,122,529,821,915,795,483,50,-409,-762,-938,-899,-656,-251,226,661,943,1001,840,486,0,-493,-880,-1078,-1022,-732,-288,232,714,1037,1124,959,582,75,-451,-871,-1092,-1066,-807,-370,157,0,976,1074,922,569,91,-403,-810,-1023,-985,-721,-289,215,659,945,1012,835,455,-33,-513,-883,-1041,-954,-639,-172,338,778,1038,1057,828,405,-113,-608,-971,-1107,-983,-640,-147,378,804,1042,1050,809,379,-130,-594,-915,-1027,-899,-558,-87,388,764,948,896,623,212,-246,-635,-867,-886,-677,-299,153,574,867,943,786,438,-17,-479,-832,-996,-926,-636,-209,276,708,977,1019,822,448,-24,-499,-844,-1000,-935,-653,-228,234,635,878,929,765,430,14,-383,-687,-821,-763,-527,-184,179,484,660,672,522,262,-53,-343,-525,-567,-469,-250,27,286,468,526,440,234,-30,-288,-476,-546,-478,-286,0,0
61166,mtk,MTK 7916,860388305,rx2-tx0,512,0,0,0,-980,-1197,-1140,-813,-279,335,887,1241,1306,1070,589,-38,-669,-1153,-1371,-1279,-890,-281,396,977,1338,1394,1122,586,-82,-737,-1219,-1405,-1264,-835,-212,463,1023,1338,1338,1023,463,-202,-816,-1229,-1342,-1134,-662,-37,595,1078,1302,1214,832,251,-391,-933,-1247,-1257,-965,-445,178,753,1136,1245,1054,606,12,-573,-1005,-1189,-1077,-707,-170,403,876,1124,1086,780,278,-286,-777,-1078,-1102,-844,-375,189,703,1051,1133,924,491,-74,-630,-1037,-1190,-1048,-648,-82,525,1013,1263,1206,851,282,-356,-914,-1274,-1341,-1081,-555,108,750,1224,1414,1276,841,198,-493,-1074,-1409,-1411,-1087,-517,177,842,1315,1471,1287,803,0,-572,-1143,-1448,-1419,-1060,-448,272,926,1359,1476,1251,736,41,-672,-1229,-1493,-1408,-996,-353,380,1030,1447,1532,1256,687,-40,-765,-1316,-1571,-1466,-1023,-337,430,1106,1519,1593,1301,707,-44,-792,-1367,-1619,-1500,-1053,-370,412,1101,1540,1621,1334,746,2,-744,-1324,-1598,-1519,-1097,-426,330,1010,1463,1575,1331,791,79,-643,-1210,-1496,-1450,-1084,-486,219,860,1304,1463,1297,845,225,-432,-997,-1333,-1358,-1096,-609,-12,568,1018,1240,1189,890,411,-136,-633,-974,-1098,-987,-674,-241,222,622,879,942,804,504,118,-270,-589,-776,-796,-663,-409,-85,233,498,655,681,586,403,174,-68,-273,-409,-466,-449,-375,0,0,0,0,0,-272,-146,17,215,413,567,646,623,481,239,-59,-368,-636,-793,-802,-656,-375,-6,383,708,901,917,735,399,-34,-475,-829,-1013,-989,-756,-349,146,629,997,1150,1043,717,229,-327,-820,-1141,-1218,-1032,-619,-63,520,1003,1268,1250,953,450,-159,-745,-1175,-1340,-1199,-795,-217,422,975,1302,1345,1086,578,-51,-670,-1134,-1352,-1267,-884,-312,318,864,1206,1284,1067,599,-1,-582,-1022,-1221,-1131,-778,-251,315,800,1091,1123,881,431,-109,-610,-963,-1079,-935,-565,-54,455,854,1046,984,677,203,-318,-766,-1034,-1056,-812,-368,169,667,1014,1130,977,578,34,-515,-951,-1171,-1123,-805,-294,286,802,1132,0,985,535,-47,-617,-1043,-1222,-1118,-743,-187,409,904,1194,1201,918,408,-210,-776,-1160,-1269,-1075,-625,-26,589,1078,1315,1238,867,288,-360,-928,-1295,-1347,-1073,-558,84,718,1182,1368,1244,823,200,-463,-1004,-1309,-1308,-1003,-460,186,780,1191,1307,1108,651,51,-557,-1027,-1243,-1154,-787,-235,364,872,1166,1167,888,401,-174,-705,-1064,-1158,-970,-549,-2,535,941,1116,1020,679,179,-358,-802,-1045,-1029,-761,-325,182,643,938,995,802,419,-50,-500,-818,-925,-802,-479,-44,398,732,869,785,503,90,-347,-691,-857,-804,-545,-144,302,680,888,872,634,228,-250,-673,-935,-970,-760,-361,140,629,961,0,0,0,0,0,677,135,-452,-945,-1233,-1239,-950,-432,202,799,1217,1362,1195,750,124,-539,-1077,-1367,-1348,-1016,-442,235,855,1282,1408,1205,717,63,-604,-1125,-1377,-1309,-940,-345,329,923,1296,1348,1083,572,-83,-717,-1164,-1332,-1181,-751,-146,491,1008,1279,1240,898,341,-284,-832,-1190,-1260,-1016,-527,86,671,1078,1222,1071,657,88,-493,-942,-1155,-1086,-744,-222,350,829,1098,1088,810,329,-233,-736,-1058,-1113,-880,-430,131,671,1045,1160,989,563,-9,-587,-1034,-1235,-1133,-744,-169,450,972,1278,1275,964,426,-225,-843,-1263,-1386,-1180,-702,-48,627,1156,1422,1361,970,354,-348,-970,-1368,-1452,-1196,-660,26,709,1232,0,1362,934,281,-432,-1036,-1403,-1454,-1156,-589,117,798,1298,1493,1341,868,188,-535,-1137,-1474,-1475,-1138,-528,223,910,1391,1559,1360,854,155,-596,-1224,-1565,-1540,-1166,-528,240,955,1455,1628,1422,881,149,-613,-1241,-1585,-1581,-1218,-565,212,938,1436,1619,1441,931,217,-537,-1178,-1549,-1558,-1216,-606,130,836,1345,1551,1402,947,289,-429,-1047,-1415,-1472,-1205,-669,-8,653,1177,1422,1351,996,435,-211,-791,-1181,-1319,-1177,-781,-237,343,828,1115,1160,964,566,63,-427,-807,-1001,-979,-753,-383,49,450,743,871,810,592,271,-92,-423,-651,-748,-695,-519,-256,41,305,496,592,588,490,331,148,-23,-159,0,0,0,0,0,-313,-433,-502,-496,-406,-233,6,266,508,682,742,669,469,162,-190,-525,-772,-870,-794,-559,-201,214,611,893,987,871,578,158,-317,-743,-1018,-1081,-912,-541,-40,488,918,1155,1150,893,432,-137,-681,-1083,-1260,-1159,-803,-266,344,887,1234,1306,1087,631,25,-599,-1087,-1333,-1285,-951,-398,245,835,1239,1363,1184,741,133,-493,-1005,-1292,-1283,-981,-459,159,732,1125,1258,1105,699,140,-443,-904,-1145,-1124,-842,-364,195,695,1024,1100,908,502,-16,-528,-903,-1066,-963,-615,-122,394,812,1036,1012,737,276,-251,-727,-1039,-1097,-888,-471,69,603,996,1156,1044,688,167,-407,-884,-1157,-1168,-900,-411,0,721,1095,1217,1054,640,73,-516,-983,-1218,-1163,-833,-299,309,851,1186,1235,989,507,-96,-684,-1121,-1294,-1158,-741,-147,489,1013,1306,1296,981,430,-228,-833,-1247,-1370,-1165,-696,-63,589,1101,1356,1288,912,333,-316,-895,-1264,-1325,-1066,-565,64,674,1115,1280,1137,734,161,-455,-954,-1206,-1165,-844,-324,272,798,1118,1167,933,475,-92,-628,-1014,-1149,-1004,-621,-91,452,879,1089,1030,724,250,-271,-717,-988,-1018,-800,-382,111,563,868,955,802,458,-1,-448,-771,-891,-785,-479,-62,369,704,859,795,521,108,-331,-686,-873,-842,-592,-182,278,675,909,923,700,288,-198,-647,-954,-1027,-843,-448,0,0
61167,mtk,MTK 7916,860388305,rx2-tx1,512,0,0,0,1158,1041,681,155,-418,-901,-1189,-1196,-915,-421,161,712,1110,1254,1107,705,138,-461,-953,-1223,-1204,-910,-412,176,721,1093,1206,1038,624,73,-476,-907,-1123,-1063,-755,-272,266,721,992,1019,789,377,-126,-592,-903,-984,-825,-454,24,496,842,976,866,537,67,-425,-816,-1007,-947,-654,-199,309,746,1001,1006,769,343,-167,-644,-970,-1055,-877,-480,39,555,934,1088,983,631,112,-447,-905,-1147,-1110,-804,-299,283,812,1158,1242,1030,569,-33,-634,-1098,-1315,-1228,-863,-293,356,915,1262,1337,1105,611,-21,-638,-1115,-1348,-1272,-906,-343,296,861,1217,1307,1101,651,63,-530,-988,-1215,-1157,-846,-367,0,684,1005,1081,913,542,57,-425,-793,-955,-892,-614,-194,251,619,836,843,637,281,-139,-514,-754,-805,-666,-365,36,419,689,789,690,410,26,-358,-653,-797,-739,-492,-113,305,664,865,850,626,247,-217,-646,-936,-1008,-850,-490,9,511,907,1117,1083,788,302,-260,-761,-1105,-1211,-1049,-639,-82,490,974,1242,1237,964,477,-122,-687,-1120,-1310,-1214,-881,-352,268,815,1181,1308,1167,775,227,-340,-829,-1147,-1209,-1021,-640,-151,351,767,1013,1034,840,490,63,-356,-677,-843,-832,-652,-343,14,353,605,720,685,514,250,-37,-309,-516,-610,-591,-467,-267,-38,172,333,425,447,403,305,183,0,0,0,0,0,-57,-241,-415,-554,-621,-600,-478,-264,11,300,549,707,744,640,408,95,-240,-533,-726,-773,-663,-410,-61,304,610,783,790,629,323,-65,-438,-723,-858,-805,-568,-192,231,610,861,931,793,469,39,-407,-780,-984,-963,-735,-343,137,596,924,1043,936,611,149,-352,-778,-1023,-1030,-818,-424,76,557,903,1047,950,642,189,-316,-740,-992,-1014,-806,-413,75,536,871,1004,902,585,145,-323,-720,-944,-933,-706,-320,140,568,864,951,807,473,26,-419,-772,-951,-894,-621,-208,257,665,913,949,761,398,-55,-501,-826,-954,-857,-563,-134,325,703,913,909,689,314,-136,-565,-850,-935,-807,0,-33,414,759,924,868,604,201,-254,-651,-891,-908,-708,-345,95,512,812,901,763,447,14,-427,-753,-902,-835,-545,-115,344,732,949,936,692,273,-226,-683,-982,-1051,-874,-491,13,534,938,1121,1033,702,215,-328,-805,-1087,-1112,-878,-432,114,632,994,1113,966,596,79,-464,-885,-1087,-1027,-718,-238,305,773,1045,1064,827,383,-152,-656,-1001,-1097,-931,-540,-14,517,929,1123,1044,706,188,-376,-852,-1127,-1135,-875,-405,170,709,1089,1205,1041,631,75,-495,-949,-1178,-1124,-819,-330,247,767,1101,1167,960,534,-18,-556,-953,-1122,-1019,-677,-173,379,826,1068,1051,786,329,-207,-699,-1021,-1087,0,0,0,0,0,-37,519,958,1180,1132,813,288,-308,-833,-1165,-1237,-1027,-577,12,595,1046,1250,1156,806,273,-329,-844,-1159,-1213,-982,-525,46,600,1006,1175,1061,698,182,-365,-809,-1059,-1051,-784,-335,181,642,943,1000,806,415,-75,-546,-870,-983,-845,-492,-16,471,844,1005,916,596,124,-385,-806,-1021,-991,-722,-278,236,697,991,1041,836,423,-102,-598,-943,-1064,-920,-545,-32,503,916,1106,1033,708,197,-377,-867,-1155,-1172,-911,-431,167,743,1149,1295,1147,728,136,-499,-1022,-1313,-1299,-989,-460,176,785,1210,1354,1194,756,154,-470,-993,-1298,-1301,-1013,-500,121,700,1114,1273,1143,770,228,-355,-841,-1122,0,-904,-469,51,539,894,1026,909,585,133,-334,-700,-887,-856,-624,-242,188,569,796,819,652,331,-82,-467,-723,-790,-664,-376,0,376,666,789,707,451,71,-343,-673,-831,-781,-544,-165,280,673,904,932,736,350,-127,-595,-938,-1074,-968,-631,-132,406,859,1132,1163,931,485,-85,-648,-1063,-1250,-1157,-806,-279,315,851,1205,1297,1114,681,104,-500,-995,-1283,-1298,-1036,-565,11,576,1024,1262,1220,932,470,-81,-598,-965,-1121,-1052,-771,-336,139,562,855,959,861,596,222,-175,-513,-727,-783,-681,-444,-132,191,463,627,662,566,369,118,-141,-359,-496,-544,-499,-381,-219,-42,114,228,289,0,0,0,0,0,474,462,375,215,-2,-245,-475,-642,-705,-649,-485,-222,97,403,635,753,724,549,251,-99,-430,-680,-791,-736,-529,-203,179,529,760,830,725,453,68,-340,-675,-871,-881,-686,-334,95,512,836,972,891,614,192,-288,-701,-955,-1013,-850,-477,4,469,845,1043,997,719,286,-213,-682,-983,-1050,-891,-531,-51,437,834,1033,991,734,315,-182,-635,-934,-1021,-867,-510,-35,438,804,979,918,644,237,-227,-647,-905,-943,-759,-395,66,506,820,952,853,543,113,-342,-720,-932,-927,-705,-313,161,585,868,956,822,488,42,-404,-759,-939,-893,-629,-228,226,636,899,928,737,388,-56,-496,0,-948,-851,-547,-117,332,703,911,895,676,292,-170,-580,-841,-901,-740,-397,47,477,778,894,795,494,62,-386,-748,-933,-880,-612,-194,288,718,975,995,784,385,-124,-607,-961,-1096,-967,-605,-93,440,869,1104,1080,800,326,-221,-715,-1038,-1119,-931,-522,13,533,924,1098,1006,661,157,-385,-829,-1066,-1050,-775,-310,227,710,1021,1087,881,467,-65,-589,-971,-1107,-977,-612,-98,457,910,1132,1079,781,292,-276,-791,-1120,-1179,-962,-519,45,604,1029,1213,1105,743,201,-384,-869,-1146,-1158,-904,-443,124,657,1023,1147,998,611,79,-461,-884,-1092,-1036,-723,-244,292,765,1048,1074,839,401,-135,0,0
61168,mtk,MTK 7916,860425267,rx0-tx0,512,-330,796,739,-378,-587,-751,-843,-862,-802,-660,-473,-240,10,264,504,678,796,846,826,733,571,367,122,-127,-376,-602,-765,-871,-896,-837,-706,-515,-271,7,282,542,753,898,958,934,824,629,362,72,-222,-510,-742,-917,-996,-977,-873,-691,-436,-135,167,445,694,876,968,970,887,716,493,228,-61,-341,-584,-770,-892,-940,-889,-769,-579,-332,-66,221,475,697,856,921,909,807,646,409,142,-134,-398,-623,-792,-878,-882,-794,-641,-426,-188,71,321,548,701,791,809,757,624,442,223,-7,-235,-432,-585,-687,-712,-684,-594,-446,-273,-74,134,314,465,573,623,627,576,471,328,163,-18,-187,-26,-475,-557,-582,-570,-508,-401,-260,-86,86,260,399,510,582,596,556,467,332,158,-21,-208,-367,-504,-585,-611,-591,-504,-376,-209,-21,160,338,479,576,624,606,534,413,253,84,-113,-305,-457,-576,-631,-633,-564,-453,-288,-103,111,301,460,584,644,652,591,464,291,78,-136,-336,-513,-628,-684,-664,-553,-399,-209,18,235,425,562,631,620,540,405,228,28,-164,-318,-429,-478,-477,-430,-321,-188,-55,63,171,264,301,308,287,230,155,79,8,-60,-113,-151,-162,-156,-144,-116,-95,-57,-21,5,40,60,75,85,97,91,86,72,44,17,-23,-56,-84,-99,-89,-71,-41,854,856,510,542,661,-210,-195,-140,-47,71,180,270,324,328,289,213,96,-22,-139,-255,-345,-392,-400,-364,-284,-179,-50,96,243,366,458,500,509,458,351,199,20,-178,-365,-526,-642,-693,-669,-573,-407,-185,69,308,547,727,841,870,803,648,409,122,-195,-504,-760,-938,-1025,-1002,-873,-650,-340,-5,337,653,913,1068,1112,1047,870,597,262,-99,-448,-761,-981,-1117,-1139,-1043,-841,-557,-214,141,497,791,1005,1125,1124,1017,812,531,184,-174,-505,-789,-995,-1102,-1106,-1008,-799,-514,-189,156,472,756,959,1074,1086,990,794,538,216,-113,-431,-717,-914,-1035,-1053,-981,-798,-544,-247,70,377,640,843,958,301,944,797,576,320,30,-264,-537,-746,-894,-968,-957,-864,-700,-465,-186,113,407,668,878,1002,1051,981,824,600,292,-32,-352,-644,-885,-1033,-1092,-1036,-886,-668,-370,-55,271,568,828,999,1086,1074,960,764,505,189,-135,-462,-737,-941,-1072,-1110,-1040,-878,-641,-331,4,341,659,905,1076,1159,1127,981,750,451,100,-262,-601,-882,-1079,-1174,-1154,-1023,-800,-493,-156,198,532,797,1005,1107,1097,993,799,534,224,-99,-409,-676,-876,-990,-1021,-952,-809,-584,-318,-34,264,520,726,876,945,932,833,658,418,156,-122,-380,-614,-791,-886,-903,-835,-695,-498,-266,-2,261,502,688,819,869,845,134,285,-82,-359,-468,-777,-626,-421,-177,84,336,557,718,824,846,813,696,518,304,54,-196,-435,-631,-773,-850,-850,-785,-635,-435,-198,67,326,560,750,886,930,892,771,575,319,33,-255,-528,-762,-916,-974,-958,-850,-661,-403,-98,201,481,722,904,990,977,881,708,461,176,-121,-406,-642,-813,-923,-951,-895,-755,-543,-286,9,284,520,727,865,928,900,790,618,377,99,-183,-445,-663,-822,-897,-898,-809,-653,-428,-171,104,362,585,744,833,849,786,639,433,206,-38,-278,-491,-643,-742,-766,-723,-608,-448,-243,-27,181,375,523,622,678,657,577,458,294,113,-71,-251,-403,-514,-583,-602,-565,628,-364,-202,-33,131,299,426,532,576,583,532,428,297,128,-51,-224,-385,-512,-589,-612,-578,-483,-354,-179,-7,180,354,485,581,616,603,535,401,237,47,-146,-321,-473,-571,-619,-622,-547,-428,-270,-81,113,295,448,567,637,637,563,450,290,96,-110,-317,-480,-603,-666,-655,-589,-456,-262,-51,189,394,541,642,672,619,503,327,120,-97,-290,-445,-538,-571,-526,-429,-286,-126,27,179,306,371,390,367,321,231,120,25,-75,-153,-209,-227,-225,-203,-161,-114,-57,-14,35,67,96,118,111,107,94,77,58,41,13,-16,-39,-70,-90,-101,-99,-80,-51,-11,27,53,79,-2,-129,-82,842,760,36,124,210,270,281,239,161,50,-69,-181,-282,-347,-358,-340,-277,-180,-57,71,202,309,385,436,445,402,307,176,27,-132,-300,-442,-542,-594,-587,-513,-382,-198,17,238,448,627,749,780,742,620,414,163,-125,-405,-658,-844,-942,-947,-850,-652,-382,-63,271,579,846,1025,1082,1027,878,623,303,-50,-400,-715,-960,-1105,-1135,-1049,-848,-566,-237,130,481,781,1009,1126,1138,1034,821,532,191,-161,-490,-778,-999,-1125,-1118,-1007,-801,-510,-185,151,474,772,978,1092,1088,985,800,530,211,-132,-462,-736,-944,-1065,-1069,-987,-798,-536,-233,92,408,689,887,1004,1026,953,788,553,264,-176,-333,-594,-796,-925,-982,-947,-823,-627,-379,-97,194,458,693,874,975,992,915,759,525,247,-61,-386,-654,-887,-1038,-1072,-1018,-864,-625,-331,-2,334,614,860,1014,1076,1046,919,712,433,125,-203,-517,-775,-980,-1085,-1093,-1005,-814,-573,-274,59,398,691,931,1085,1132,1087,935,694,402,57,-301,-632,-897,-1096,-1184,-1156,-1018,-789,-479,-128,238,570,852,1048,1142,1136,1012,800,521,182,-152,-473,-743,-944,-1045,-1056,-969,-799,-557,-270,36,333,594,805,928,983,937,801,615,375,104,-181,-447,-679,-837,-916,-915,-833,-691,-468,-216,59,321,555,728,847,887,848,725,544,313,55,-207,988,958
61169,mtk,MTK 7916,860425267,rx0-tx1,512,-686,-253,-118,-558,-607,-602,-537,-425,-273,-91,89,254,401,498,551,553,505,417,296,146,-14,-162,-297,-402,-463,-495,-480,-432,-350,-243,-116,23,149,278,382,443,490,494,453,369,274,138,-17,-173,-311,-436,-521,-566,-562,-505,-403,-265,-96,89,276,440,568,644,655,614,515,347,161,-40,-243,-430,-576,-675,-703,-667,-573,-428,-231,-20,193,396,558,672,719,701,619,473,289,74,-147,-357,-527,-646,-707,-699,-634,-501,-326,-121,87,285,463,593,667,675,629,528,375,185,-10,-211,-391,-530,-613,-650,-630,-554,-417,-246,-60,136,316,465,576,630,627,571,464,309,135,-61,-254,-411,-38,-620,-638,-593,-506,-365,-183,12,208,384,523,619,649,628,544,412,235,35,-174,-366,-526,-635,-671,-655,-574,-429,-242,-41,176,374,525,637,679,651,565,417,238,34,-168,-355,-503,-604,-643,-613,-539,-408,-237,-53,145,326,463,568,612,592,523,402,248,60,-115,-285,-426,-525,-581,-573,-518,-417,-271,-86,95,268,423,528,579,576,516,399,240,56,-140,-315,-452,-544,-573,-538,-452,-308,-133,45,208,347,453,500,489,425,317,179,27,-126,-260,-357,-409,-416,-380,-300,-188,-62,76,190,286,344,354,322,253,150,22,-91,-198,-271,-294,-273,-206,-109,2,96,162,179,-595,-488,0,-744,-534,63,129,179,190,178,126,47,-41,-127,-193,-233,-239,-217,-161,-84,-6,81,165,223,253,252,223,172,92,8,-74,-152,-202,-234,-250,-231,-188,-125,-49,26,93,145,182,209,208,188,159,113,64,7,-47,-92,-135,-168,-188,-198,-181,-162,-127,-72,-10,61,120,168,217,232,229,212,161,101,33,-39,-105,-168,-214,-236,-229,-204,-171,-117,-61,-3,65,118,164,201,223,231,214,179,130,75,6,-66,-148,-207,-254,-280,-284,-266,-221,-145,-51,48,149,233,290,335,335,306,260,174,79,-30,-139,-228,-301,-346,-353,-341,-293,-219,-116,-6,108,212,306,363,392,390,-48,278,176,56,-69,-194,-301,-389,-441,-452,-417,-347,-240,-108,36,180,311,424,489,508,479,407,288,142,-14,-171,-320,-431,-506,-531,-512,-445,-328,-188,-31,132,280,402,494,540,538,493,396,265,107,-54,-211,-358,-477,-547,-570,-548,-475,-353,-209,-31,150,311,454,564,617,616,561,452,298,116,-86,-274,-436,-577,-660,-679,-633,-523,-369,-183,37,242,423,572,662,696,667,565,409,227,12,-195,-387,-539,-644,-678,-654,-571,-438,-269,-70,129,316,475,591,639,640,579,464,319,136,-59,-246,-415,-539,-620,-648,-608,-513,-376,-195,-3,186,367,505,601,638,615,532,401,121,-341,9,887,915,-258,-77,112,288,433,538,592,581,525,414,267,110,-56,-211,-345,-451,-516,-526,-490,-422,-309,-191,-50,89,218,329,414,471,482,464,411,307,191,56,-91,-235,-346,-435,-504,-524,-506,-441,-342,-201,-42,127,289,429,541,608,620,570,465,317,131,-63,-255,-441,-582,-656,-679,-646,-545,-396,-203,14,229,419,578,677,710,686,592,442,254,39,-177,-382,-547,-660,-718,-707,-629,-490,-314,-100,112,320,496,620,686,683,628,512,350,156,-48,-247,-426,-567,-645,-666,-635,-539,-388,-209,-18,176,352,500,593,638,631,555,438,276,90,-97,-278,-437,-553,-618,-638,-586,-475,634,-162,38,224,392,529,617,650,617,525,388,211,20,-180,-370,-528,-629,-670,-642,-557,-422,-243,-40,163,365,528,630,676,662,568,424,244,28,-179,-369,-519,-617,-657,-634,-552,-418,-247,-40,157,338,491,584,626,615,534,410,246,53,-135,-309,-455,-559,-602,-581,-518,-402,-261,-83,98,270,420,534,591,579,525,413,253,79,-110,-286,-436,-536,-587,-568,-490,-359,-194,-3,171,332,460,534,539,492,391,249,80,-85,-235,-354,-430,-460,-438,-365,-249,-116,26,157,270,347,389,376,321,234,117,-9,-131,-231,-302,-322,-298,-245,-145,-29,86,180,235,242,203,129,43,670,758,0,-118,-534,135,113,51,-25,-101,-177,-213,-222,-192,-131,-56,29,112,185,228,247,242,197,124,42,-44,-120,-190,-236,-248,-240,-201,-141,-71,9,90,155,204,232,232,207,165,114,50,-16,-72,-118,-154,-180,-193,-185,-166,-134,-90,-45,11,67,115,168,199,215,209,179,148,93,20,-48,-121,-182,-214,-229,-229,-212,-178,-117,-40,32,94,149,192,211,225,217,188,149,94,39,-24,-87,-151,-200,-238,-254,-252,-228,-171,-111,-31,55,138,219,275,311,318,294,234,159,65,-43,-137,-227,-300,-338,-355,-325,-274,-195,-94,12,117,221,301,360,379,368,324,244,138,29,-91,-1135,-303,-377,-416,-419,-382,-312,-211,-89,50,183,303,400,459,477,452,385,278,135,-22,-181,-320,-437,-502,-526,-503,-427,-312,-166,-4,153,305,421,498,537,523,461,361,231,74,-91,-248,-382,-484,-544,-558,-525,-445,-315,-158,6,176,332,461,550,598,578,514,407,256,76,-108,-290,-447,-566,-637,-657,-599,-501,-345,-153,54,257,439,572,661,687,637,543,396,207,1,-216,-412,-556,-654,-694,-662,-573,-425,-237,-32,168,357,510,615,665,650,579,452,281,91,-94,-285,-439,-558,-633,-641,-596,-496,-348,-177,21,216,382,519,610,638,616,529,391,219,27,-168,-345,-479,740,671
61170,mtk,MTK 7916,860425267,rx1-tx0,512,0,-278,-97,-506,-360,-175,36,247,442,598,702,758,739,649,498,301,72,-174,-402,-622,-777,-857,-866,-782,-644,-425,-164,113,408,649,847,960,988,913,745,516,222,-101,-420,-695,-905,-1041,-1068,-985,-821,-566,-249,90,420,714,936,1067,1102,1023,846,589,291,-49,-387,-670,-886,-1025,-1058,-997,-850,-617,-332,-25,287,576,801,950,1007,968,864,665,420,129,-172,-452,-692,-864,-958,-964,-874,-707,-482,-215,76,352,601,774,894,929,863,724,531,290,17,-251,-501,-703,-827,-873,-846,-752,-569,-339,-91,171,413,616,756,822,806,720,571,371,140,-94,-325,-522,-664,-735,-740,-685,-565,-392,-277,13,227,410,552,643,673,656,570,438,271,85,-99,-287,-445,-561,-632,-640,-593,-498,-356,-184,-1,187,358,501,594,635,622,557,439,288,103,-95,-267,-429,-562,-635,-662,-624,-527,-386,-219,-20,187,384,542,662,722,719,648,510,327,105,-133,-362,-570,-730,-819,-845,-767,-617,-412,-132,160,441,693,858,939,929,805,605,332,11,-289,-586,-808,-922,-950,-866,-687,-443,-151,154,422,644,778,829,788,671,480,251,12,-226,-437,-595,-676,-681,-608,-487,-321,-122,78,257,410,514,558,538,455,333,171,0,-162,-315,-416,-468,-459,-380,-262,-103,67,212,317,352,316,229,-97,-279,0,635,675,69,89,83,64,21,-24,-65,-105,-127,-133,-131,-108,-69,-15,30,87,135,158,166,158,136,103,44,-13,-61,-121,-169,-202,-208,-192,-156,-115,-60,5,79,146,201,245,264,256,218,165,105,8,-89,-179,-263,-326,-361,-347,-305,-234,-130,10,139,271,373,446,473,446,367,243,83,-86,-248,-386,-489,-533,-536,-461,-342,-194,-11,164,328,440,522,558,516,428,297,133,-40,-208,-358,-453,-509,-512,-458,-367,-239,-93,62,192,311,402,435,425,390,313,209,98,-19,-122,-203,-281,-322,-344,-340,-306,-255,-195,-109,-21,79,174,259,323,372,396,379,329,243,125,-9,489,-260,-373,-450,-487,-479,-421,-326,-193,-44,111,268,405,504,558,560,512,408,265,90,-93,-270,-432,-546,-621,-631,-580,-476,-314,-134,72,271,443,579,668,675,629,526,372,178,-37,-247,-428,-572,-659,-702,-662,-571,-425,-236,-34,168,362,518,633,684,677,622,508,336,144,-53,-265,-454,-598,-693,-732,-706,-615,-458,-265,-47,187,414,601,735,803,783,698,555,342,97,-161,-413,-617,-754,-828,-817,-723,-559,-343,-96,150,382,574,697,756,751,667,523,341,136,-71,-268,-432,-567,-652,-668,-626,-536,-405,-243,-57,124,294,442,556,619,623,589,505,368,203,18,-166,-341,-470,-79,0,-215,-344,450,583,675,708,674,581,426,242,26,-206,-425,-607,-733,-805,-794,-719,-576,-357,-118,152,408,633,816,907,934,852,689,463,187,-114,-414,-672,-875,-1006,-1039,-961,-789,-550,-249,93,419,707,938,1069,1093,1021,845,582,267,-76,-412,-703,-919,-1053,-1094,-1015,-839,-594,-293,34,343,623,849,982,1027,984,847,635,369,64,-227,-503,-741,-900,-989,-971,-874,-697,-454,-174,128,409,655,830,941,952,879,722,503,256,-39,-313,-548,-737,-860,-899,-856,-736,-546,-306,-44,209,458,659,787,844,824,730,573,361,111,-143,-378,-570,-711,-773,-775,-706,-574,-386,-166,57,275,464,602,315,709,669,561,413,229,32,-168,-355,-499,-601,-643,-639,-581,-465,-311,-131,58,237,399,524,604,636,609,526,394,229,50,-139,-320,-469,-578,-642,-636,-583,-492,-343,-163,27,227,404,545,644,692,669,586,449,276,68,-150,-365,-550,-687,-767,-771,-705,-578,-376,-144,128,396,614,790,888,893,818,642,382,97,-222,-508,-743,-909,-955,-909,-778,-531,-249,66,369,619,801,896,882,775,585,342,68,-207,-442,-624,-721,-742,-694,-574,-394,-179,47,255,423,552,607,599,530,416,252,69,-119,-282,-412,-497,-508,-475,-380,-238,-84,92,243,357,425,415,342,219,60,-85,-196,328,209,0,-269,172,24,-9,-49,-83,-112,-112,-107,-82,-37,7,55,98,134,148,147,139,95,49,-6,-57,-104,-147,-177,-179,-173,-153,-112,-56,11,80,134,177,212,231,222,191,142,77,1,-88,-166,-219,-273,-301,-288,-261,-205,-124,-9,111,215,303,382,417,405,350,246,117,-40,-195,-332,-440,-499,-507,-461,-362,-216,-54,118,295,420,520,557,532,443,310,168,-16,-190,-337,-457,-520,-535,-492,-397,-264,-113,58,211,339,431,477,471,419,345,221,83,-46,-167,-275,-345,-382,-387,-348,-294,-221,-129,-46,50,137,214,276,323,340,342,311,263,183,93,-30,-144,-255,-345,-412,-433,-571,-387,-297,-169,-23,130,269,390,478,519,517,466,364,224,61,-110,-272,-420,-530,-592,-595,-545,-436,-291,-116,86,276,447,566,635,655,606,499,351,149,-57,-253,-434,-576,-674,-698,-656,-549,-388,-200,7,219,404,557,653,688,668,589,453,280,76,-121,-311,-483,-611,-677,-698,-665,-559,-401,-208,4,220,422,595,704,764,756,670,518,317,73,-178,-404,-607,-753,-824,-822,-732,-561,-347,-100,166,411,603,742,795,778,688,533,331,107,-124,-339,-507,-628,-691,-701,-636,-522,-373,-185,13,200,367,506,602,640,623,559,451,303,123,-51,-220,-382,-517,-606,-641,-623,-547,-506,-688
61171,mtk,MTK 7916,860425267,rx1-tx1,512,0,0,0,282,526,664,658,504,243,-75,-388,-620,-710,-649,-455,-158,169,454,638,679,576,350,49,-254,-496,-613,-585,-435,-185,105,352,516,558,461,260,10,-244,-429,-516,-485,-322,-80,171,378,490,484,362,148,-94,-320,-478,-519,-424,-231,13,256,444,534,500,349,113,-159,-394,-528,-543,-447,-239,30,277,457,529,480,329,95,-159,-376,-504,-500,-378,-175,71,303,459,508,437,261,12,-244,-446,-535,-503,-355,-119,146,379,537,584,488,287,29,-248,-468,-587,-575,-437,-206,68,322,507,585,528,352,110,-146,-372,-513,-535,-451,-266,-29,196,371,460,448,331,148,-57,-233,0,-377,-309,-171,-6,143,259,299,262,150,8,-136,-243,-295,-270,-167,-15,145,270,330,316,225,68,-117,-274,-374,-388,-317,-161,37,237,388,451,414,296,94,-147,-346,-469,-498,-417,-240,-7,237,436,529,506,375,157,-101,-342,-511,-572,-503,-317,-52,221,445,588,595,467,242,-41,-331,-550,-655,-617,-450,-190,113,401,605,694,626,425,145,-164,-444,-637,-697,-612,-407,-125,183,450,617,655,568,375,112,-167,-406,-558,-590,-502,-320,-80,165,364,485,508,435,272,61,-149,-316,-415,-436,-377,-240,-62,115,268,366,394,349,253,124,-17,-147,-247,-302,-304,-265,-203,-117,0,0,0,0,0,-199,-110,8,151,291,409,477,476,394,234,25,-199,-400,-546,-605,-557,-400,-163,107,376,585,676,643,490,236,-67,-368,-601,-711,-680,-514,-237,91,408,639,737,682,477,170,-179,-494,-703,-767,-661,-411,-66,303,618,796,811,655,350,-45,-434,-735,-882,-835,-617,-267,157,557,830,919,817,550,147,-296,-667,-886,-911,-741,-420,4,434,758,920,879,640,262,-171,-565,-833,-914,-795,-488,-68,366,716,920,905,683,315,-131,-551,-855,-969,-865,-571,-137,338,740,980,1011,823,445,-47,-530,-911,-1096,-1033,-753,-316,204,688,1018,1135,1019,679,195,-326,-775,-1059,-1109,-916,-520,0,468,857,1048,1007,748,317,-179,-632,-943,-1041,-890,-541,-78,406,801,1012,990,741,319,-170,-626,-954,-1054,-917,-583,-112,397,820,1061,1065,838,425,-88,-577,-943,-1101,-1007,-699,-242,271,725,1012,1070,883,507,29,-444,-812,-996,-952,-683,-268,208,618,876,932,773,432,-21,-466,-794,-936,-852,-569,-141,322,707,940,964,760,382,-86,-536,-878,-1033,-950,-661,-233,255,687,963,1036,885,538,78,-396,-775,-980,-967,-749,-377,61,472,773,902,825,576,211,-184,-525,-720,-749,-626,-365,-29,293,537,641,583,383,114,-176,-413,-543,-534,-384,-135,136,372,516,535,421,201,-75,-341,0,0,0,0,0,-612,-421,-133,187,473,661,707,594,350,36,-285,-548,-688,-680,-527,-263,59,358,578,665,589,388,120,-172,-427,-569,-577,-455,-227,43,293,476,535,464,293,52,-199,-401,-504,-477,-335,-120,132,354,485,495,390,187,-61,-299,-468,-525,-464,-291,-37,224,433,544,531,404,181,-94,-339,-496,-550,-480,-296,-42,216,415,521,505,366,141,-111,-329,-478,-510,-403,-200,45,276,444,523,478,303,54,-210,-427,-550,-549,-429,-210,63,326,515,590,541,370,115,-163,-409,-557,-583,-485,-287,-32,231,442,546,535,404,190,-58,-290,-449,-510,-455,-302,-96,122,310,415,415,340,0,-12,-188,-305,-345,-297,-172,-16,134,243,288,251,153,5,-143,-257,-302,-278,-188,-38,137,283,349,342,265,114,-84,-263,-385,-426,-373,-221,-16,202,383,467,454,346,159,-70,-296,-461,-523,-464,-302,-73,177,395,530,545,440,236,-28,-292,-491,-581,-553,-403,-152,136,395,577,633,550,349,65,-240,-498,-648,-664,-543,-310,-11,296,551,683,677,535,289,-15,-317,-551,-671,-656,-509,-263,29,305,511,612,593,455,223,-43,-287,-468,-545,-516,-390,-190,45,258,418,489,453,332,156,-36,-216,-350,-418,-402,-312,-167,-4,154,276,344,356,314,229,117,5,-93,-165,-207,0,0,0,0,0,-248,-327,-373,-373,-317,-198,-30,160,343,486,551,534,421,221,-21,-272,-493,-624,-642,-547,-345,-65,231,485,658,695,597,386,91,-226,-502,-686,-723,-606,-364,-40,297,567,725,727,575,305,-42,-401,-671,-794,-748,-534,-198,185,527,770,856,752,479,100,-306,-651,-859,-889,-731,-410,4,424,750,914,888,659,277,-159,-556,-832,-937,-834,-549,-139,300,668,887,909,728,382,-49,-471,-788,-923,-861,-598,-190,255,645,893,939,775,439,-4,-458,-817,-989,-943,-693,-285,203,652,962,1068,940,601,124,-378,-809,-1076,-1111,-904,-505,7,513,907,1118,1087,808,358,-151,-631,-975,0,-968,-648,-182,325,750,1003,1030,825,437,-42,-515,-871,-1025,-949,-646,-199,288,720,988,1035,840,447,-43,-516,-891,-1082,-1018,-723,-264,248,707,1015,1107,941,572,79,-436,-853,-1070,-1055,-816,-392,115,581,923,1051,935,611,164,-314,-713,-941,-951,-741,-351,114,544,837,930,803,487,59,-390,-754,-943,-914,-665,-257,213,632,928,1014,871,526,60,-414,-794,-1014,-1016,-784,-383,88,538,873,1017,938,657,236,-221,-624,-884,-953,-814,-492,-80,324,643,810,799,612,300,-67,-401,-623,-695,-603,-382,-81,224,461,577,547,388,127,-152,-384,-523,-524,-390,-162,109,355,524,567,467,0,0
61172,mtk,MTK 7916,860425267,rx2-tx0,512,0,0,0,581,1004,1219,1158,834,313,-290,-845,-1231,-1340,-1146,-701,-97,542,1067,1356,1348,1047,513,-142,-772,-1234,-1411,-1278,-865,-253,417,989,1336,1381,1114,603,-35,-671,-1150,-1366,-1273,-878,-291,354,914,1263,1321,1077,584,-34,-648,-1109,-1309,-1205,-823,-257,368,896,1208,1244,992,513,-80,-649,-1063,-1222,-1097,-723,-178,407,882,1138,1127,853,374,-186,-700,-1036,-1118,-941,-536,3,539,940,1115,1015,672,166,-387,-847,-1110,-1111,-848,-368,209,741,1109,1227,1047,617,37,-559,-1035,-1288,-1245,-908,-364,271,860,1260,1378,1183,720,91,-565,-1102,-1398,-1381,-1058,-494,194,835,1290,1459,1305,859,216,-475,-1060,0,-1450,-1155,-608,74,740,1240,1463,1360,959,337,-368,-991,-1392,-1480,-1231,-711,-31,659,1213,1502,1448,1068,449,-267,-933,-1396,-1554,-1369,-880,-193,540,1159,1527,1552,1235,645,-88,-806,-1349,-1604,-1502,-1078,-422,336,1020,1482,1621,1395,881,182,-564,-1192,-1555,-1573,-1255,-677,54,772,1304,1556,1476,1075,444,-265,-917,-1369,-1518,-1339,-887,-237,451,1027,1387,1454,1208,709,72,-564,-1076,-1360,-1356,-1072,-578,22,599,1039,1255,1208,916,451,-89,-590,-950,-1103,-1040,-764,-346,117,541,843,957,878,630,276,-118,-473,-720,-812,-745,-542,-249,73,366,584,688,665,536,331,93,-140,-327,-442,-478,-444,-358,0,0,0,0,0,-411,-435,-399,-283,-98,128,358,557,683,704,604,387,84,-251,-555,-770,-851,-777,-544,-198,202,577,848,966,893,631,236,-215,-638,-950,-1071,-976,-673,-222,291,762,1081,1178,1029,664,158,-397,-887,-1188,-1246,-1044,-617,-52,529,1005,1279,1273,1003,514,-90,-685,-1132,-1342,-1272,-931,-381,250,827,1224,1368,1213,795,207,-416,-944,-1265,-1301,-1067,-607,-20,567,1019,1238,1182,869,368,-210,-724,-1066,-1166,-999,-613,-94,442,865,1080,1046,771,327,-195,-670,-974,-1051,-883,-515,-29,469,860,1051,992,694,240,-270,-731,-1032,-1097,-907,-499,27,547,953,1149,1083,776,287,-270,-777,-1109,-1192,-1009,0,-49,519,969,1196,1151,848,354,-224,-757,-1120,-1224,-1049,-638,-75,513,989,1237,1197,884,370,-238,-803,-1183,-1298,-1126,-688,-85,537,1040,1318,1305,991,450,-191,-789,-1214,-1370,-1219,-793,-188,457,995,1311,1326,1038,528,-98,-703,-1142,-1318,-1184,-784,-214,395,906,1209,1231,969,480,-116,-675,-1065,-1209,-1071,-684,-149,419,888,1144,1128,849,376,-168,-670,-1020,-1127,-966,-589,-83,442,855,1059,1016,745,300,-203,-645,-933,-994,-821,-464,-4,450,786,929,843,553,139,-301,-661,-852,-831,-611,-240,194,574,820,869,696,346,-88,-505,-803,-917,-809,-495,-49,407,780,980,951,687,253,-256,-715,0,0,0,0,0,-1036,-664,-126,451,940,1239,1271,1003,509,-106,-707,-1163,-1366,-1268,-887,-306,349,933,1312,1399,1176,691,46,-610,-1123,-1391,-1349,-1003,-432,228,833,1255,1388,1207,752,130,-516,-1032,-1317,-1301,-989,-453,188,777,1183,1317,1146,711,111,-508,-1008,-1262,-1226,-914,-390,223,776,1146,1242,1050,622,53,-527,-974,-1184,-1112,-782,-273,295,784,1091,1132,891,451,-93,-615,-990,-1127,-985,-603,-81,460,890,1112,1064,751,254,-310,-806,-1118,-1175,-944,-485,85,652,1088,1264,1149,764,191,-429,-960,-1289,-1327,-1057,-541,100,723,1196,1405,1296,895,292,-386,-987,-1357,-1435,-1194,-678,-11,662,1191,1451,1387,1014,0,-269,-901,-1334,-1471,-1284,-801,-131,562,1118,1436,1433,1102,522,-174,-836,-1310,-1496,-1352,-899,-241,473,1085,1461,1511,1228,668,-51,-752,-1295,-1558,-1481,-1074,-433,318,998,1456,1591,1389,882,171,-578,-1196,-1560,-1583,-1261,-654,86,803,1347,1605,1515,1086,430,-312,-993,-1448,-1583,-1389,-898,-206,518,1122,1481,1518,1228,669,-20,-693,-1213,-1466,-1412,-1056,-484,182,806,1254,1431,1304,913,335,-302,-859,-1225,-1333,-1171,-777,-232,343,823,1126,1185,1009,637,143,-350,-746,-990,-1022,-848,-511,-88,329,658,848,870,716,426,74,-274,-556,-723,-748,-631,-412,-137,141,383,545,606,572,460,291,107,-55,-186,0,0,0,0,0,24,-135,-306,-461,-570,-602,-535,-371,-131,152,430,659,784,765,604,329,-27,-392,-696,-881,-896,-740,-423,-7,410,757,973,1004,825,463,-7,-482,-873,-1102,-1101,-864,-446,76,600,1012,1216,1162,876,400,-180,-728,-1127,-1295,-1188,-822,-280,321,861,1222,1334,1158,730,151,-464,-996,-1314,-1346,-1088,-586,27,622,1098,1337,1281,948,421,-181,-749,-1151,-1291,-1147,-756,-200,389,880,1161,1183,949,503,-52,-580,-965,-1127,-1030,-699,-216,305,755,1022,1046,832,422,-82,-566,-915,-1047,-935,-602,-128,374,805,1050,1046,800,365,-158,-650,-1006,-1138,-1010,-640,-131,416,880,1148,1147,891,441,-117,-657,0,-1211,-1092,-733,-208,373,868,1166,1199,956,496,-80,-647,-1063,-1235,-1126,-759,-217,381,900,1221,1261,1008,526,-83,-683,-1131,-1327,-1229,-851,-277,360,918,1280,1355,1114,628,1,-631,-1124,-1358,-1285,-930,-365,282,858,1235,1331,1128,666,62,-548,-1031,-1268,-1208,-875,-350,250,788,1137,1223,1022,586,15,-545,-982,-1186,-1101,-762,-262,295,785,1090,1136,920,491,-45,-562,-946,-1106,-1005,-678,-204,314,746,996,1015,794,394,-89,-542,-858,-966,-843,-520,-81,367,719,885,833,586,194,-243,-617,-836,-849,-651,-290,144,544,813,889,746,414,-24,-462,-798,-951,-872,-579,-144,340,756,1006,1024,794,0,0
61173,mtk,MTK 7916,860425267,rx2-tx1,512,0,0,0,-1026,-1160,-1038,-679,-163,407,891,1178,1211,969,505,-66,-617,-1040,-1243,-1167,-824,-307,277,802,1146,1234,1049,629,74,-490,-934,-1166,-1136,-851,-379,172,661,996,1103,955,593,92,-412,-808,-1011,-970,-700,-269,229,660,923,966,784,405,-77,-532,-867,-996,-876,-552,-93,395,794,1005,982,724,299,-200,-660,-972,-1050,-864,-484,-2,498,886,1066,997,689,212,-314,-780,-1071,-1098,-871,-437,107,640,1033,1196,1084,721,185,-409,-928,-1234,-1276,-1046,-573,40,644,1113,1340,1275,925,368,-265,-846,-1239,-1366,-1207,-781,-185,441,967,1290,1329,1076,600,0,-596,-1049,-1267,-1211,-897,-398,167,681,1042,0,1020,670,186,-325,-742,-980,-994,-781,-407,49,478,785,896,795,511,129,-287,-621,-805,-802,-599,-257,134,491,731,790,656,366,-6,-382,-674,-790,-719,-469,-97,303,635,836,838,633,264,-180,-586,-871,-984,-868,-542,-82,401,813,1063,1088,870,447,-84,-610,-1011,-1204,-1142,-834,-353,214,747,1125,1270,1148,773,238,-347,-873,-1223,-1312,-1134,-728,-180,416,935,1254,1314,1116,702,157,-404,-876,-1170,-1231,-1050,-668,-164,338,756,1014,1058,897,572,145,-280,-625,-843,-884,-745,-467,-118,232,522,695,728,610,388,104,-184,-422,-569,-615,-554,-406,-200,24,222,370,447,446,386,289,161,0,0,0,0,0,347,225,60,-143,-356,-544,-657,-674,-585,-393,-124,178,461,667,755,709,528,240,-102,-426,-671,-791,-749,-556,-254,107,457,714,824,764,533,191,-205,-573,-822,-894,-779,-496,-102,328,694,921,962,795,455,15,-436,-807,-1001,-983,-758,-373,100,554,896,1048,966,679,247,-246,-692,-983,-1046,-891,-556,-90,398,805,1025,1005,783,397,-84,-547,-881,-1015,-924,-633,-205,266,671,923,968,796,438,-15,-455,-799,-958,-891,-630,-228,232,634,887,949,786,447,8,-431,-773,-946,-911,-663,-272,179,594,869,951,824,505,71,-373,-733,-921,-899,-677,-304,138,552,831,924,815,511,84,0,-709,-906,-894,-683,-324,118,531,818,914,808,511,93,-335,-681,-867,-853,-632,-260,170,557,819,886,734,408,-19,-449,-789,-945,-874,-595,-180,295,723,979,1013,822,437,-56,-544,-922,-1096,-1022,-715,-239,286,747,1047,1104,912,525,8,-517,-911,-1085,-1023,-728,-259,271,731,1022,1077,879,465,-44,-536,-907,-1063,-978,-667,-186,342,781,1048,1068,834,409,-123,-626,-986,-1119,-992,-638,-131,414,869,1128,1127,869,405,-152,-674,-1050,-1197,-1075,-706,-181,386,866,1155,1176,930,487,-59,-588,-986,-1150,-1054,-721,-232,308,777,1062,1097,881,465,-53,-558,-930,-1078,-974,-649,-172,352,801,1053,0,0,0,0,0,518,-6,-544,-966,-1177,-1131,-833,-335,245,773,1128,1242,1080,674,119,-459,-938,-1214,-1217,-951,-473,101,647,1052,1216,1105,756,247,-310,-789,-1084,-1131,-923,-506,18,528,901,1055,963,645,185,-313,-732,-962,-960,-728,-323,154,593,891,978,826,469,4,-465,-829,-996,-938,-652,-195,309,739,997,1018,805,398,-107,-580,-924,-1060,-934,-587,-103,411,840,1068,1045,775,317,-229,-722,-1057,-1152,-976,-568,-26,539,996,1233,1190,878,363,-236,-798,-1194,-1327,-1167,-751,-164,464,988,1306,1340,1077,587,-39,-650,-1115,-1341,-1278,-948,-411,220,798,1188,1317,1167,767,211,-375,-863,-1157,-1198,-985,-563,0,491,884,1076,1025,751,316,-179,-609,-877,-948,-796,-459,-38,379,700,848,791,555,189,-208,-555,-771,-798,-622,-302,73,436,698,785,678,412,40,-346,-653,-807,-766,-536,-173,242,617,861,908,739,390,-52,-512,-871,-1038,-986,-714,-269,255,731,1054,1155,1013,645,131,-419,-902,-1198,-1230,-1005,-567,-1,575,1030,1263,1249,976,488,-106,-672,-1109,-1322,-1262,-955,-457,129,685,1092,1285,1226,924,445,-102,-609,-986,-1156,-1091,-818,-404,82,525,831,966,916,685,331,-68,-426,-688,-807,-753,-556,-269,54,356,573,670,637,491,267,10,-240,-433,-538,-547,-474,-339,-167,6,147,246,303,0,0,0,0,0,334,468,554,572,511,361,137,-122,-382,-593,-710,-711,-586,-349,-43,278,554,731,773,659,412,79,-280,-579,-758,-798,-677,-404,-42,327,639,831,842,669,348,-55,-455,-764,-924,-882,-650,-278,162,575,876,1001,909,616,187,-285,-700,-976,-1034,-881,-539,-71,412,806,1025,1023,801,407,-78,-554,-900,-1045,-971,-683,-245,244,673,954,1027,867,520,66,-403,-787,-983,-963,-727,-334,131,565,862,962,846,538,103,-351,-721,-926,-923,-713,-336,120,546,849,964,857,560,139,-322,-701,-924,-937,-749,-395,48,482,806,949,872,597,194,-255,-639,-882,-925,-756,-412,30,457,779,926,0,595,204,-234,-622,-869,-920,-759,-413,15,429,748,899,828,568,185,-241,-610,-834,-859,-680,-335,95,507,802,914,802,496,71,-386,-763,-966,-942,-712,-308,185,643,959,1069,927,572,87,-421,-840,-1075,-1069,-822,-391,139,637,984,1109,984,627,136,-389,-817,-1056,-1061,-811,-364,155,635,973,1081,931,571,77,-442,-857,-1066,-1026,-747,-292,230,707,1027,1096,920,525,-4,-531,-935,-1130,-1069,-749,-255,290,779,1103,1178,983,561,6,-547,-977,-1189,-1135,-829,-339,228,740,1076,1170,1007,619,95,-451,-885,-1110,-1080,-809,-355,176,664,994,1093,928,559,61,-461,-867,-1065,-1032,-750,-277,0,0
61174,mtk,MTK 7916,860463963,rx0-tx0,512,-330,796,739,-533,-681,-791,-850,-853,-797,-704,-557,-374,-170,41,246,443,606,736,816,855,839,770,657,507,322,102,-122,-333,-533,-696,-817,-892,-913,-876,-778,-639,-441,-218,18,264,493,701,857,947,987,956,873,721,517,281,21,-233,-481,-680,-838,-952,-985,-963,-881,-744,-549,-321,-82,156,388,597,764,874,926,929,877,755,608,399,172,-56,-279,-499,-675,-812,-902,-930,-876,-792,-650,-458,-237,-4,234,448,621,755,838,868,830,747,616,443,246,42,-173,-359,-532,-654,-736,-761,-742,-681,-571,-430,-264,-85,87,252,398,521,605,640,640,607,537,435,313,159,6,-139,-280,-393,-26,-552,-588,-581,-543,-470,-363,-247,-117,22,179,308,418,513,575,594,585,528,434,321,180,17,-139,-284,-407,-514,-584,-612,-606,-558,-464,-350,-207,-53,94,250,392,499,570,601,606,564,487,376,237,84,-79,-237,-387,-505,-590,-645,-643,-593,-516,-392,-242,-63,129,291,454,573,649,679,654,581,461,303,120,-81,-262,-414,-541,-610,-630,-589,-501,-382,-222,-57,105,238,345,413,446,446,402,327,241,134,32,-67,-139,-198,-233,-251,-235,-212,-179,-139,-94,-47,-3,41,65,88,105,110,112,107,94,81,77,54,35,13,-14,-40,-70,-88,-103,-101,-89,-64,-28,0,854,856,510,542,661,-199,-169,-108,-21,81,180,258,306,322,310,269,192,95,-5,-109,-213,-301,-363,-403,-413,-397,-340,-257,-153,-36,94,230,350,453,530,573,574,520,439,310,141,-35,-228,-419,-579,-699,-777,-794,-749,-638,-481,-279,-33,225,462,676,845,949,990,943,827,647,405,119,-171,-448,-704,-896,-1040,-1102,-1082,-979,-801,-567,-275,29,330,615,852,1020,1119,1141,1079,929,716,461,170,-128,-419,-687,-900,-1048,-1105,-1118,-1037,-875,-654,-399,-118,173,450,699,889,1030,1097,1089,996,835,628,380,95,-184,-455,-691,-871,-1002,-1067,-1043,-954,-808,-604,-363,-96,179,437,658,834,953,1008,1000,301,787,605,380,144,-100,-334,-543,-730,-872,-940,-968,-942,-848,-703,-514,-290,-51,202,451,681,864,990,1064,1048,961,819,621,380,99,-179,-446,-675,-873,-1005,-1066,-1069,-1003,-870,-692,-463,-201,69,341,591,796,961,1061,1092,1060,959,796,584,332,61,-223,-485,-735,-940,-1071,-1140,-1128,-1053,-905,-688,-439,-155,153,449,712,935,1094,1165,1167,1082,931,714,457,165,-139,-415,-665,-871,-1015,-1082,-1083,-1026,-884,-691,-471,-214,53,301,531,723,867,958,983,948,861,707,524,308,70,-171,-386,-580,-740,-850,-924,-926,-865,-749,-581,-396,-178,48,265,466,637,775,847,873,848,761,643,134,285,-82,-359,-468,-667,-518,-336,-131,91,297,486,652,765,831,843,810,725,595,432,240,36,-176,-379,-555,-701,-814,-877,-870,-822,-717,-566,-382,-172,57,289,504,689,840,926,962,934,842,695,491,259,9,-251,-486,-703,-864,-968,-1000,-973,-878,-720,-533,-291,-40,206,435,640,810,910,957,940,870,743,568,354,128,-103,-338,-541,-710,-848,-910,-922,-881,-777,-623,-433,-218,34,262,463,651,792,876,900,870,774,631,451,238,16,-204,-402,-571,-704,-784,-821,-795,-718,-598,-433,-250,-56,125,309,468,588,668,697,686,634,544,421,279,118,-35,-197,-343,-461,-549,-599,-601,-582,-530,-445,628,-208,-64,83,218,350,453,525,570,589,565,492,407,292,156,13,-138,-292,-416,-511,-580,-611,-600,-550,-464,-342,-194,-42,110,265,398,501,579,607,606,573,478,359,214,65,-91,-248,-389,-508,-586,-620,-617,-581,-507,-384,-243,-80,95,257,403,530,615,667,655,599,510,356,195,4,-179,-358,-506,-613,-672,-675,-606,-505,-356,-185,-3,183,334,456,532,555,528,460,361,237,108,-32,-153,-245,-314,-351,-354,-324,-272,-213,-146,-73,-2,59,112,146,161,164,158,147,122,102,69,42,16,-5,-29,-42,-63,-84,-93,-102,-105,-100,-84,-56,-25,10,41,73,85,83,-2,-129,-82,842,760,79,157,225,264,271,241,174,83,-20,-119,-217,-298,-344,-360,-349,-313,-247,-162,-58,53,167,281,370,436,472,485,450,382,280,153,8,-153,-309,-448,-579,-653,-681,-669,-592,-465,-297,-100,121,337,545,715,848,905,885,794,658,454,216,-57,-336,-585,-802,-968,-1058,-1061,-985,-827,-610,-352,-57,251,542,790,985,1098,1126,1084,965,762,505,218,-83,-384,-663,-879,-1033,-1119,-1126,-1057,-904,-691,-422,-142,144,450,700,899,1030,1095,1087,1010,854,642,390,109,-178,-464,-703,-893,-1029,-1088,-1068,-984,-829,-621,-377,-94,189,447,678,863,982,1036,1023,934,786,586,356,103,-154,-176,-614,-781,-898,-956,-966,-908,-798,-647,-438,-207,26,268,498,690,848,944,995,986,914,774,572,344,82,-196,-450,-689,-875,-1008,-1072,-1060,-985,-848,-655,-407,-140,128,398,632,824,973,1057,1076,1027,908,739,529,273,1,-274,-537,-759,-935,-1057,-1118,-1105,-1014,-870,-650,-389,-108,186,465,729,933,1083,1170,1171,1082,933,722,452,160,-144,-433,-699,-914,-1064,-1150,-1138,-1059,-911,-710,-454,-177,89,362,607,797,938,1024,1032,978,864,699,499,267,16,-228,-464,-660,-805,-906,-946,-921,-844,-728,-555,-354,-125,110,328,529,689,801,881,895,853,762,615,431,216,8,-218,-418,-591,988,958
61175,mtk,MTK 7916,860463963,rx0-tx1,512,-686,-253,-118,-603,-614,-587,-513,-409,-272,-122,25,164,296,406,489,532,540,528,479,394,294,179,64,-63,-175,-277,-369,-431,-468,-483,-467,-429,-370,-295,-193,-79,30,140,248,346,426,489,525,532,503,442,359,244,108,-35,-175,-311,-434,-539,-615,-642,-619,-572,-478,-352,-202,-25,144,309,462,583,667,708,696,641,549,414,249,72,-112,-289,-451,-579,-670,-721,-723,-683,-585,-454,-288,-115,67,250,408,553,641,692,704,670,586,469,314,144,-31,-200,-354,-484,-590,-650,-666,-641,-585,-495,-361,-203,-38,124,284,423,534,608,641,636,589,508,398,256,97,-60,-225,-374,-496,-572,-38,-643,-605,-536,-435,-301,-143,22,185,339,467,572,646,662,636,572,467,324,164,-4,-180,-349,-483,-588,-659,-682,-647,-574,-469,-324,-146,38,205,369,496,598,661,669,626,537,419,279,122,-46,-201,-357,-468,-561,-617,-619,-583,-511,-410,-267,-118,38,195,337,459,537,586,601,565,489,386,263,119,-41,-202,-338,-448,-537,-582,-585,-545,-468,-349,-207,-49,110,271,397,498,558,564,531,454,343,209,59,-92,-230,-340,-419,-471,-472,-433,-373,-284,-172,-50,68,180,273,343,382,385,354,294,206,101,-5,-111,-206,-271,-310,-321,-285,-217,-128,-27,71,147,197,206,180,-595,-488,0,-744,-534,97,144,177,188,168,121,55,-19,-95,-163,-210,-240,-242,-217,-180,-121,-49,27,94,160,209,242,253,243,212,166,109,36,-35,-108,-163,-205,-234,-237,-221,-198,-160,-109,-54,-2,47,86,128,160,175,184,195,182,164,149,108,67,14,-31,-81,-131,-171,-201,-219,-224,-224,-196,-156,-103,-38,21,80,134,175,218,232,232,228,204,163,125,74,19,-43,-89,-126,-171,-205,-222,-236,-243,-230,-196,-155,-109,-46,18,87,155,217,263,297,309,297,268,225,154,78,-3,-94,-176,-255,-309,-336,-352,-342,-309,-257,-186,-107,-25,76,164,245,317,361,390,384,361,314,-48,161,59,-45,-148,-247,-333,-387,-435,-456,-429,-385,-318,-224,-111,11,138,255,358,443,498,513,498,449,366,253,129,-1,-136,-269,-385,-468,-513,-539,-520,-475,-404,-301,-179,-44,92,217,334,437,512,557,567,535,474,384,267,134,-8,-149,-285,-411,-507,-578,-613,-611,-567,-476,-363,-225,-67,86,245,401,518,612,669,677,637,549,436,284,114,-59,-238,-406,-535,-631,-690,-695,-657,-576,-459,-310,-144,42,221,375,502,597,654,669,637,573,468,338,181,18,-148,-293,-429,-536,-613,-648,-636,-595,-508,-384,-237,-79,82,243,390,503,587,633,639,597,517,404,263,108,121,-341,9,887,915,-129,24,182,326,451,536,581,583,561,502,401,277,136,5,-123,-253,-357,-439,-486,-508,-496,-456,-406,-326,-229,-119,-7,107,210,305,384,450,482,492,480,438,369,281,175,49,-85,-216,-331,-431,-516,-569,-584,-565,-511,-424,-310,-166,2,159,312,455,563,647,679,667,616,519,382,225,49,-130,-300,-456,-588,-672,-713,-709,-662,-567,-432,-270,-89,92,277,440,568,662,706,719,674,594,468,301,131,-49,-224,-381,-515,-619,-673,-687,-655,-581,-476,-336,-176,-6,160,318,462,573,634,653,638,588,492,372,225,70,-91,-250,-390,-502,-590,-626,-636,-605,-529,-413,-269,634,47,208,351,478,575,634,646,619,554,447,321,160,-12,-176,-334,-475,-582,-647,-673,-659,-590,-476,-333,-166,21,203,359,492,600,663,672,640,563,446,305,134,-49,-224,-372,-496,-582,-635,-637,-611,-535,-419,-288,-122,43,203,343,464,549,591,601,569,500,396,261,120,-40,-191,-325,-431,-521,-574,-594,-561,-487,-385,-249,-92,68,218,362,474,548,579,571,513,414,293,140,-19,-172,-309,-416,-490,-521,-508,-457,-374,-264,-129,15,135,244,343,409,428,417,370,299,204,91,-25,-138,-231,-306,-343,-348,-324,-264,-181,-87,18,125,201,253,269,244,188,111,21,-56,670,758,0,-118,-534,124,86,27,-43,-116,-174,-210,-227,-217,-175,-113,-41,38,106,168,218,244,247,233,200,143,75,2,-74,-140,-192,-232,-252,-252,-230,-185,-136,-72,-4,50,101,149,188,204,211,198,180,156,116,73,37,-8,-55,-88,-132,-171,-195,-210,-206,-202,-176,-143,-96,-45,10,72,135,176,217,238,245,236,208,169,121,49,-4,-63,-123,-164,-194,-219,-233,-233,-208,-189,-156,-111,-61,-10,49,110,161,202,244,271,273,265,237,197,136,71,-11,-90,-166,-240,-298,-323,-338,-327,-297,-245,-168,-86,-2,88,170,244,304,339,367,368,333,289,213,127,30,-68,-159,-253,-1135,-375,-406,-411,-390,-345,-271,-184,-93,29,145,243,338,418,469,482,465,415,344,247,124,-13,-144,-272,-377,-456,-505,-526,-515,-464,-378,-265,-149,-21,120,238,354,446,511,541,536,500,437,342,225,99,-41,-179,-310,-421,-505,-557,-581,-568,-526,-437,-322,-183,-33,120,271,405,514,597,634,637,611,529,404,265,96,-76,-250,-401,-527,-625,-677,-683,-656,-571,-451,-303,-129,56,228,388,523,620,676,688,651,571,458,316,155,-17,-183,-336,-467,-570,-637,-659,-632,-571,-477,-354,-211,-47,111,266,410,523,599,639,636,597,512,396,258,98,-72,-238,-378,-496,-578,-628,740,671
61176,mtk,MTK 7916,860463963,rx1-tx0,512,0,-278,-97,-375,-239,-88,82,257,418,556,659,732,760,738,654,535,377,191,-14,-216,-410,-598,-745,-844,-892,-881,-802,-676,-497,-279,-44,206,454,666,837,958,1027,1012,921,772,566,324,45,-244,-502,-740,-921,-1049,-1091,-1062,-963,-786,-576,-317,-34,255,517,754,918,1022,1077,1042,940,775,557,315,63,-205,-439,-649,-830,-949,-1000,-981,-918,-791,-602,-389,-150,105,352,578,749,878,949,962,913,801,639,433,205,-35,-272,-478,-658,-799,-878,-903,-873,-788,-648,-474,-260,-41,181,388,579,726,822,852,823,753,629,469,282,78,-137,-331,-488,-633,-718,-757,-748,-693,-594,-456,-283,-111,-277,247,384,507,597,659,671,636,569,471,345,197,34,-128,-273,-405,-508,-577,-619,-620,-592,-512,-411,-298,-136,22,166,315,440,537,595,628,628,578,501,386,240,91,-69,-232,-373,-496,-598,-658,-691,-678,-608,-503,-369,-208,-27,166,356,519,656,755,793,793,743,623,472,263,29,-222,-447,-656,-818,-916,-952,-907,-793,-614,-380,-118,157,427,642,821,915,937,892,758,581,357,111,-121,-353,-549,-682,-767,-783,-742,-649,-506,-334,-141,54,233,397,522,591,616,598,538,430,296,145,-11,-159,-298,-405,-470,-499,-485,-417,-318,-197,-57,91,230,330,377,379,333,237,125,-97,-279,0,635,675,65,84,73,51,18,-19,-55,-91,-117,-139,-139,-128,-106,-71,-32,14,65,107,136,161,173,173,161,138,109,66,3,-52,-100,-148,-183,-212,-221,-223,-210,-184,-138,-75,-15,49,123,189,238,286,311,314,293,249,181,95,10,-93,-205,-290,-366,-415,-445,-444,-386,-304,-202,-66,72,219,347,451,516,546,523,459,355,234,94,-55,-202,-333,-443,-524,-552,-531,-487,-404,-289,-158,-15,128,256,349,435,496,489,461,397,313,218,104,-7,-123,-217,-293,-347,-379,-382,-363,-325,-274,-214,-145,-68,9,76,146,219,272,316,354,370,361,335,292,220,127,27,-82,-191,489,-374,-432,-471,-486,-463,-399,-303,-201,-75,55,190,324,438,512,563,574,543,488,381,261,110,-53,-210,-357,-478,-572,-630,-650,-613,-545,-433,-301,-139,36,209,374,509,612,677,684,650,584,473,331,170,0,-184,-348,-484,-591,-650,-689,-678,-618,-527,-410,-251,-80,82,251,396,537,643,693,714,693,622,519,381,201,20,-172,-362,-531,-669,-761,-803,-794,-726,-607,-443,-245,-31,185,388,572,710,791,817,785,701,568,397,214,14,-185,-362,-506,-618,-688,-711,-691,-632,-526,-396,-248,-87,67,225,359,478,554,610,631,607,549,468,358,238,95,-71,-208,-346,-468,-557,-470,-79,0,-215,-344,553,637,686,696,655,577,459,308,143,-43,-232,-417,-572,-704,-787,-817,-794,-731,-616,-453,-257,-34,206,434,634,800,906,958,956,875,727,530,302,44,-227,-479,-709,-890,-1018,-1076,-1042,-948,-794,-582,-324,-33,248,522,754,932,1052,1093,1055,958,795,562,318,37,-238,-493,-714,-884,-985,-1037,-1014,-916,-780,-590,-352,-100,155,387,616,783,901,965,972,916,797,620,413,174,-67,-303,-524,-704,-839,-913,-934,-892,-791,-647,-450,-236,-13,219,433,617,755,843,875,849,776,645,472,273,51,-160,-355,-534,-667,-762,-810,-799,-718,-612,-462,-288,-99,91,279,441,579,664,710,315,670,576,459,314,156,-19,-182,-330,-455,-551,-616,-644,-627,-574,-491,-379,-247,-91,66,219,362,462,556,623,623,606,548,455,335,193,45,-117,-264,-398,-523,-605,-641,-651,-616,-544,-440,-303,-151,7,187,356,498,609,692,733,731,676,577,438,246,39,-166,-386,-573,-726,-839,-897,-880,-793,-657,-452,-215,50,318,553,754,886,955,949,861,711,507,244,-9,-274,-502,-682,-819,-868,-858,-787,-632,-448,-237,-15,197,391,546,645,696,687,636,536,392,222,47,-120,-273,-398,-486,-543,-547,-514,-441,-328,-193,-50,101,240,343,421,458,444,376,260,125,-12,-144,-244,-284,328,209,0,-269,172,4,-32,-65,-91,-110,-116,-112,-88,-58,-19,25,59,99,130,151,162,153,128,96,60,11,-36,-82,-124,-161,-192,-205,-192,-179,-152,-111,-59,-2,50,105,159,213,246,254,262,250,212,154,92,10,-66,-149,-233,-301,-346,-371,-384,-354,-288,-204,-93,23,159,291,380,456,495,497,463,385,273,144,4,-142,-286,-407,-495,-548,-548,-510,-435,-340,-206,-46,96,228,350,443,502,526,508,449,360,265,122,-15,-136,-256,-342,-406,-436,-432,-411,-359,-289,-203,-105,-13,76,154,221,272,308,329,332,327,310,273,210,148,69,-16,-101,-184,-269,-343,-392,-420,-423,-392,-571,-266,-165,-58,67,192,315,402,472,516,520,498,437,342,225,96,-54,-193,-334,-456,-543,-601,-608,-583,-513,-408,-268,-121,46,212,364,498,596,660,674,645,568,456,317,148,-37,-205,-368,-508,-610,-668,-692,-670,-597,-495,-355,-204,-39,141,303,442,565,653,687,685,644,566,458,305,139,-25,-207,-377,-524,-653,-733,-762,-753,-688,-578,-422,-242,-43,166,375,555,696,788,826,809,738,612,436,229,12,-204,-397,-563,-679,-749,-775,-742,-658,-537,-390,-216,-37,133,298,440,542,618,649,653,613,539,429,301,162,4,-151,-286,-408,-509,-581,-631,-629,-588,-526,-426,-300,-506,-688
61177,mtk,MTK 7916,860463963,rx1-tx1,512,0,0,0,137,445,651,686,536,246,-112,-452,-672,-713,-579,-293,72,414,642,695,573,297,-48,-376,-593,-648,-533,-279,45,347,542,581,455,205,-87,-352,-515,-525,-386,-140,143,380,511,494,331,73,-206,-420,-515,-463,-271,4,275,467,536,454,240,-47,-319,-503,-556,-453,-221,70,340,523,560,449,210,-81,-345,-510,-536,-413,-177,107,363,500,490,353,116,-164,-384,-492,-468,-309,-47,230,441,525,472,288,14,-270,-489,-578,-507,-301,-15,285,507,597,526,318,28,-263,-488,-583,-531,-331,-45,240,455,557,517,338,76,-196,-409,-511,-472,-316,-84,155,339,429,397,261,65,0,-287,-353,-323,-196,-19,154,266,290,225,85,-76,-212,-282,-264,-171,-15,158,282,328,281,145,-47,-235,-361,-392,-308,-131,81,283,420,447,356,153,-98,-316,-460,-490,-387,-170,95,332,486,519,415,193,-93,-352,-528,-562,-440,-208,87,375,564,593,475,230,-88,-378,-577,-637,-518,-261,64,385,609,680,580,334,2,-336,-598,-706,-638,-419,-96,258,546,693,678,489,182,-159,-454,-633,-660,-530,-279,36,334,541,611,531,322,45,-228,-438,-539,-507,-352,-120,125,335,456,457,357,182,-32,-229,-370,-420,-369,-247,-74,109,259,350,369,315,211,83,-51,-159,-215,-225,0,0,0,0,0,-52,80,219,348,428,434,354,196,-18,-247,-442,-559,-563,-443,-224,61,343,552,642,594,406,117,-209,-495,-668,-673,-527,-258,82,413,643,713,611,358,11,-350,-625,-738,-659,-401,-41,327,621,769,703,454,78,-328,-660,-828,-782,-524,-126,303,667,863,834,589,196,-261,-666,-890,-878,-645,-250,219,632,885,901,682,279,-196,-611,-870,-904,-706,-307,175,603,871,909,701,304,-170,-608,-883,-913,-708,-305,187,628,905,939,721,309,-194,-664,-951,-978,-740,-309,201,676,990,1035,799,357,-186,-698,-1035,-1104,-895,-457,112,664,1038,1139,958,525,-47,-596,-984,-1119,-962,-554,0,527,929,1078,936,546,21,-506,-899,-1047,-899,-508,12,526,902,1038,879,478,-55,-575,-942,-1059,-881,-469,70,601,977,1099,924,499,-62,-609,-991,-1115,-949,-518,48,592,976,1101,939,528,-16,-554,-936,-1060,-905,-508,21,531,890,1002,836,444,-67,-543,-854,-934,-743,-344,149,606,895,927,697,267,-242,-693,-956,-962,-702,-246,276,729,1002,1007,746,285,-258,-735,-1010,-1022,-773,-323,211,682,973,1004,775,358,-148,-608,-896,-946,-746,-360,104,515,774,823,664,330,-81,-445,-666,-706,-546,-243,107,408,578,575,409,129,-184,-436,-557,-506,-302,-10,279,489,558,469,236,-70,0,0,0,0,0,-659,-518,-226,136,458,664,708,566,267,-101,-441,-667,-718,-583,-305,54,388,613,673,549,284,-41,-352,-564,-620,-497,-238,72,351,528,547,417,177,-114,-371,-516,-508,-358,-113,159,393,506,469,299,41,-232,-447,-527,-450,-254,16,288,490,547,452,230,-55,-328,-511,-557,-455,-226,71,338,511,552,431,197,-84,-340,-505,-521,-386,-142,131,363,495,483,331,82,-193,-414,-517,-472,-289,-23,257,473,557,491,291,6,-285,-507,-594,-516,-307,-18,272,492,594,537,333,43,-255,-484,-581,-526,-339,-68,217,442,542,492,319,77,-184,-386,-473,-438,-294,-81,143,317,403,0,221,45,-141,-273,-320,-271,-139,31,180,268,275,191,39,-127,-254,-308,-273,-148,22,197,324,362,296,141,-69,-262,-389,-418,-329,-139,96,307,441,467,365,163,-94,-334,-493,-515,-394,-179,86,345,508,543,431,193,-90,-354,-527,-565,-454,-214,86,374,576,624,495,243,-80,-390,-596,-653,-545,-291,41,365,607,705,618,377,49,-302,-576,-715,-676,-463,-137,211,494,665,678,516,234,-91,-393,-592,-639,-534,-305,-5,285,495,582,520,335,91,-171,-392,-500,-489,-362,-153,78,278,411,440,367,213,14,-181,-325,-393,-382,-291,-143,20,164,269,315,303,240,148,52,0,0,0,0,0,-306,-335,-304,-204,-45,140,317,456,514,468,326,105,-152,-393,-562,-614,-529,-322,-37,270,527,665,646,476,193,-143,-454,-657,-702,-577,-316,29,372,633,735,642,383,22,-348,-631,-754,-684,-436,-69,324,637,789,738,484,103,-314,-661,-843,-805,-559,-164,278,651,866,858,617,210,-246,-649,-893,-905,-679,-267,206,626,879,910,694,291,-178,-609,-884,-916,-703,-308,168,590,865,913,701,302,-176,-611,-891,-927,-713,-309,186,639,922,962,732,301,-210,-675,-983,-1018,-776,-335,196,697,1017,1068,851,408,-150,-679,-1040,-1129,-925,-482,83,619,1004,1131,961,534,-20,-559,-958,0,-946,-547,-7,526,908,1044,906,530,7,-518,-897,-1037,-893,-503,27,553,925,1038,872,470,-63,-584,-955,-1070,-902,-481,71,606,984,1107,936,512,-50,-602,-993,-1124,-949,-526,28,572,966,1099,931,529,-7,-544,-922,-1033,-871,-485,25,525,874,971,789,386,-111,-568,-877,-935,-723,-302,209,660,926,939,693,246,-280,-732,-990,-989,-716,-261,272,746,1016,1016,751,293,-244,-720,-998,-1015,-775,-333,182,639,933,977,772,363,-130,-564,-846,-890,-701,-351,79,477,723,765,606,294,-85,-415,-620,-645,-478,-190,133,413,560,531,351,68,-231,-453,-543,-474,-265,32,326,532,588,0,0
61178,mtk,MTK 7916,860463963,rx2-tx0,512,0,0,0,328,868,1192,1201,881,319,-339,-927,-1283,-1295,-965,-373,332,960,1327,1349,1015,401,-323,-962,-1347,-1375,-1039,-422,303,949,1346,1376,1033,416,-308,-942,-1329,-1349,-1009,-400,318,943,1311,1314,952,335,-366,-959,-1289,-1265,-892,-268,419,982,1274,1213,814,196,-465,-997,-1252,-1157,-745,-128,514,1005,1210,1077,644,35,-574,-1011,-1157,-983,-535,66,639,1025,1108,879,402,-198,-737,-1059,-1076,-787,-267,336,841,1106,1065,715,150,-467,-954,-1183,-1084,-673,-63,576,1066,1264,1110,642,-7,-660,-1145,-1332,-1159,-658,29,714,1214,1395,1205,691,-19,-728,-1245,-1433,-1234,-704,22,741,1258,1447,1249,708,-17,0,-1255,-1455,-1258,-717,14,738,1266,1453,1254,717,-18,-753,-1276,-1460,-1259,-717,24,760,1298,1497,1291,737,-25,-783,-1328,-1526,-1318,-763,-3,767,1342,1561,1365,810,36,-756,-1347,-1583,-1400,-852,-83,715,1329,1595,1445,907,138,-661,-1298,-1594,-1469,-964,-210,593,1233,1555,1471,1005,292,-504,-1164,-1510,-1463,-1043,-352,419,1073,1439,1433,1064,424,-315,-964,-1368,-1418,-1107,-524,184,832,1260,1361,1126,628,-21,-652,-1095,-1259,-1123,-713,-138,446,897,1111,1050,736,255,-267,-704,-944,-951,-732,-346,105,508,769,843,716,423,47,-319,-598,-729,-693,-511,-231,78,356,544,609,555,405,200,-6,-177,-292,0,0,0,0,0,-370,-296,-156,49,286,498,631,649,535,304,-16,-356,-634,-787,-774,-586,-249,161,546,819,914,789,461,12,-452,-823,-1004,-942,-650,-181,349,805,1073,1082,818,341,-236,-768,-1118,-1190,-970,-493,119,704,1123,1264,1083,626,4,-631,-1115,-1314,-1182,-738,-103,557,1084,1338,1251,835,194,-490,-1041,-1332,-1284,-903,-281,408,976,1290,1276,931,345,-319,-890,-1219,-1227,-911,-358,277,826,1148,1154,852,329,-271,-788,-1085,-1077,-773,-272,300,788,1043,1005,692,192,-360,-809,-1032,-964,-626,-113,434,867,1058,950,582,49,-507,-934,-1108,-973,-567,-12,557,988,1159,1012,584,2,-594,-1032,-1186,-1023,0,5,609,1046,1204,1034,583,-32,-643,-1077,-1214,-1028,-556,77,691,1112,1228,1012,512,-135,-754,-1173,-1279,-1043,-508,169,800,1226,1325,1064,510,-184,-825,-1249,-1350,-1081,-514,193,846,1272,1350,1062,496,-200,-838,-1247,-1324,-1037,-476,210,834,1218,1263,968,411,-251,-840,-1191,-1207,-898,-340,307,854,1162,1147,801,242,-374,-881,-1147,-1093,-733,-176,420,901,1125,1030,658,108,-468,-908,-1083,-963,-581,-40,495,883,1019,874,491,-22,-519,-857,-950,-769,-370,124,570,842,868,648,237,-242,-646,-855,-812,-535,-98,375,739,887,775,438,-32,-496,-827,-935,-771,-377,133,617,939,1005,781,327,-227,0,0,0,0,0,-1143,-839,-299,340,908,1243,1251,924,341,-343,-952,-1314,-1327,-993,-390,324,954,1339,1372,1031,413,-312,-957,-1346,-1374,-1035,-419,304,948,1338,1368,1029,411,-312,-946,-1318,-1338,-985,-366,340,945,1295,1286,924,306,-390,-972,-1283,-1243,-859,-238,443,988,1263,1188,784,170,-484,-998,-1226,-1112,-694,-89,537,1000,1178,1024,586,-9,-600,-1014,-1136,-931,-460,137,687,1039,1102,844,339,-261,-784,-1082,-1070,-750,-212,396,899,1147,1068,682,101,-522,-1017,-1232,-1097,-657,-21,627,1108,1301,1139,657,-15,-690,-1186,-1371,-1189,-679,18,718,1235,1421,1218,691,-22,-736,-1258,-1445,-1245,-710,21,746,1272,1457,0,732,-4,-740,-1267,-1456,-1250,-710,15,737,1266,1456,1254,709,-26,-754,-1291,-1486,-1274,-722,23,769,1325,1520,1299,739,-10,-778,-1341,-1542,-1340,-787,-19,762,1344,1570,1386,833,56,-739,-1340,-1586,-1418,-885,-120,682,1305,1587,1455,937,176,-625,-1264,-1575,-1466,-982,-243,556,1195,1528,1463,1021,322,-464,-1117,-1467,-1448,-1053,-385,370,1021,1409,1433,1091,470,-257,-911,-1327,-1397,-1122,-576,103,742,1189,1329,1130,663,56,-546,-1000,-1201,-1092,-719,-195,357,803,1037,1008,739,307,-178,-601,-862,-900,-726,-388,24,414,689,791,707,462,127,-215,-492,-650,-669,-551,-331,-63,193,381,479,485,409,284,0,0,0,0,0,-176,-342,-471,-531,-499,-360,-126,157,437,651,741,675,455,117,-259,-593,-812,-854,-697,-365,69,505,830,964,870,555,91,-404,-812,-1041,-1016,-735,-258,299,792,1106,1157,905,415,-178,-739,-1128,-1244,-1036,-562,63,682,1129,1290,1130,682,53,-606,-1111,-1329,-1208,-777,-150,518,1066,1345,1274,872,244,-446,-1011,-1314,-1283,-923,-324,356,935,1260,1247,916,358,-291,-850,-1180,-1190,-880,-344,272,801,1109,1110,809,300,-279,-778,-1061,-1042,-736,-228,333,794,1032,981,659,154,-399,-837,-1038,-950,-594,-67,476,892,1079,968,579,27,-544,-971,-1131,-990,-582,-3,584,1020,1177,1019,587,-4,-600,0,-1195,-1031,-586,17,622,1062,1208,1026,565,-56,-666,-1096,-1224,-1019,-532,108,722,1143,1256,1020,508,-145,-769,-1193,-1296,-1041,-500,182,819,1242,1329,1064,508,-196,-848,-1273,-1359,-1082,-507,201,848,1265,1336,1057,491,-202,-832,-1235,-1304,-1014,-451,227,832,1204,1240,937,382,-279,-851,-1175,-1173,-854,-296,341,873,1152,1113,767,212,-401,-893,-1132,-1059,-696,-145,443,903,1108,997,615,72,-481,-889,-1055,-922,-533,-11,498,866,988,828,432,-71,-541,-850,-905,-697,-299,177,594,835,835,585,162,-309,-685,-861,-794,-485,-29,439,786,909,774,413,-79,-558,-888,-968,-774,-344,193,687,1002,1038,0,0
61179,mtk,MTK 7916,860463963,rx2-tx1,512,0,0,0,-870,-1130,-1092,-753,-210,405,913,1179,1139,797,230,-406,-930,-1220,-1182,-821,-256,376,918,1206,1168,835,282,-351,-878,-1159,-1129,-803,-268,337,838,1106,1079,753,229,-337,-811,-1042,-980,-643,-133,395,803,985,875,517,15,-489,-851,-971,-805,-409,108,600,917,982,767,328,-207,-686,-978,-993,-735,-266,283,753,1013,991,683,182,-373,-825,-1050,-980,-628,-99,470,918,1103,979,585,20,-572,-1020,-1185,-1024,-586,23,644,1099,1269,1100,631,-21,-677,-1150,-1331,-1163,-682,-19,651,1149,1352,1206,744,86,-594,-1117,-1350,-1229,-792,-153,523,1051,1298,1212,818,223,-432,-962,-1222,-1166,-816,-265,333,0,1104,1071,755,264,-278,-727,-968,-937,-659,-204,291,683,868,817,541,116,-336,-679,-825,-740,-446,-28,388,687,788,664,347,-64,-452,-724,-782,-609,-260,171,561,799,809,590,193,-280,-687,-904,-885,-628,-173,355,799,1037,1015,715,212,-360,-850,-1126,-1111,-812,-301,302,845,1179,1211,926,403,-235,-824,-1202,-1278,-1043,-538,108,726,1172,1331,1157,705,76,-572,-1070,-1307,-1235,-857,-283,347,882,1194,1215,945,473,-98,-629,-990,-1095,-943,-585,-101,387,743,918,865,610,223,-197,-542,-744,-765,-602,-309,35,355,576,659,590,390,123,-150,-381,-523,-549,-469,-310,-111,84,233,317,335,0,0,0,0,0,132,-59,-265,-465,-605,-644,-559,-357,-76,232,510,690,731,611,345,-3,-352,-631,-766,-714,-496,-152,241,576,773,783,599,259,-152,-534,-790,-848,-688,-351,89,520,814,910,775,431,-23,-483,-834,-978,-862,-523,-50,449,841,1018,937,615,133,-388,-813,-1028,-974,-671,-202,333,786,1022,991,706,241,-287,-749,-1012,-996,-717,-264,260,721,989,987,727,275,-242,-688,-953,-959,-708,-267,243,681,923,921,672,234,-264,-682,-928,-919,-652,-207,292,712,939,911,645,202,-293,-706,-937,-921,-646,-202,287,709,941,913,646,202,-295,-706,-918,-887,-620,-184,309,712,917,877,600,159,0,-719,-914,-857,-565,-125,343,732,915,839,538,95,-372,-733,-887,-788,-473,-24,433,762,876,741,394,-61,-506,-823,-903,-725,-339,157,616,911,961,742,307,-222,-698,-998,-1025,-770,-311,244,739,1038,1067,801,311,-259,-750,-1042,-1057,-776,-279,287,769,1045,1030,729,230,-329,-801,-1051,-1001,-675,-162,396,842,1046,961,610,86,-472,-906,-1079,-949,-559,-13,544,955,1091,928,510,-59,-613,-1007,-1130,-943,-496,91,662,1064,1178,963,487,-115,-693,-1086,-1180,-968,-497,109,677,1057,1159,946,469,-124,-671,-1036,-1112,-885,-423,149,674,1011,1063,821,353,-213,-720,-1028,-1042,-768,-283,284,766,0,0,0,0,0,724,197,-396,-892,-1158,-1121,-783,-224,398,922,1206,1169,811,243,-385,-918,-1207,-1172,-829,-264,367,897,1189,1161,823,271,-346,-863,-1141,-1105,-780,-254,339,819,1068,1020,693,183,-368,-802,-1003,-917,-573,-79,435,821,969,835,462,-39,-537,-879,-963,-778,-368,155,636,938,977,740,295,-243,-717,-989,-984,-706,-219,333,788,1026,985,658,133,-428,-863,-1073,-986,-608,-48,531,970,1140,993,576,-11,-613,-1059,-1223,-1063,-608,23,658,1131,1307,1141,665,1,-668,-1152,-1340,-1182,-717,-62,620,1141,1354,1217,767,119,-556,-1091,-1342,-1238,-814,-189,478,1007,1266,1200,828,253,-378,-897,-1163,-1124,0,-285,297,776,1029,1006,718,240,-286,-707,-920,-879,-596,-155,311,678,854,781,492,77,-352,-676,-815,-713,-409,8,415,698,782,644,310,-119,-512,-759,-791,-590,-214,232,631,857,842,594,173,-318,-743,-976,-941,-658,-184,363,830,1092,1064,755,244,-339,-852,-1160,-1168,-881,-353,276,839,1194,1250,982,468,-173,-774,-1187,-1310,-1099,-615,16,659,1137,1334,1205,779,173,-468,-983,-1255,-1236,-928,-391,220,750,1081,1154,959,550,18,-493,-858,-1005,-916,-605,-171,276,640,829,808,601,262,-117,-444,-657,-708,-594,-353,-44,263,494,599,577,441,224,-19,-241,-399,-464,-437,-345,-212,-62,0,0,0,0,0,458,516,492,370,164,-99,-369,-584,-693,-673,-509,-222,122,444,668,760,683,437,86,-289,-602,-776,-759,-551,-214,186,552,776,807,634,301,-121,-531,-805,-876,-731,-396,57,506,829,947,828,491,16,-462,-834,-1004,-914,-577,-87,423,820,1018,954,645,171,-353,-798,-1035,-994,-691,-216,311,763,1026,1009,725,252,-281,-738,-993,-995,-735,-273,250,705,975,981,722,271,-243,-680,-937,-948,-694,-250,251,686,929,918,664,227,-274,-700,-936,-918,-642,-204,289,713,947,916,638,195,-303,-721,-946,-920,-645,-205,287,706,930,898,629,191,-298,-703,-919,-880,-605,-165,328,725,922,0,575,130,-342,-723,-913,-853,-561,-112,363,732,901,814,502,63,-390,-739,-875,-761,-435,26,472,782,881,730,364,-119,-576,-874,-929,-724,-314,190,661,955,992,757,306,-236,-721,-1019,-1041,-783,-316,242,745,1055,1065,790,301,-270,-761,-1040,-1037,-756,-265,304,789,1048,1020,712,206,-356,-810,-1045,-990,-650,-122,435,873,1063,949,578,50,-504,-925,-1092,-949,-534,31,589,983,1123,952,506,-85,-654,-1038,-1150,-959,-498,102,678,1078,1185,968,495,-111,-689,-1081,-1177,-955,-487,109,672,1042,1133,917,451,-134,-674,-1020,-1085,-851,-384,179,697,1017,1054,793,317,-249,-749,-1038,-1039,-753,0,0
61180,mtk,MTK 7916,860498015,rx0-tx0,512,-330,-22,144,478,672,807,870,847,753,594,384,131,-130,-370,-582,-742,-844,-863,-810,-684,-497,-277,-20,234,475,681,819,884,876,794,637,414,156,-129,-409,-656,-845,-952,-975,-915,-753,-529,-256,59,365,644,850,985,1029,969,821,591,309,-4,-315,-595,-814,-964,-1010,-977,-837,-637,-375,-78,219,494,716,876,965,954,857,690,458,180,-106,-377,-627,-819,-931,-949,-884,-737,-521,-262,18,305,559,755,881,912,857,728,538,300,27,-248,-482,-667,-780,-831,-798,-688,-523,-318,-83,156,376,546,668,732,727,655,516,341,139,-70,-261,-428,-553,-630,-641,-604,-514,-383,-224,-56,132,298,-26,525,572,587,543,444,308,155,-19,-192,-351,-474,-558,-599,-575,-498,-376,-224,-46,132,307,452,562,609,597,539,426,277,95,-92,-270,-433,-558,-626,-618,-572,-467,-321,-142,55,232,411,531,611,632,588,496,364,177,-26,-227,-409,-555,-643,-669,-632,-541,-377,-175,46,268,451,599,685,699,622,483,287,66,-155,-364,-533,-635,-647,-586,-473,-304,-108,87,275,413,497,511,464,381,251,112,-36,-158,-250,-309,-332,-312,-263,-185,-98,-19,58,114,154,170,174,161,126,103,64,25,-5,-32,-50,-78,-88,-96,-98,-88,-83,-61,-32,1,42,68,92,100,88,59,22,-459,-325,510,-997,-953,216,198,141,43,-69,-180,-272,-333,-337,-294,-207,-100,23,154,265,348,398,402,364,282,181,47,-104,-252,-375,-471,-516,-513,-460,-346,-200,-10,187,374,538,654,694,678,591,414,182,-80,-337,-575,-760,-868,-894,-816,-639,-395,-99,219,520,781,965,1043,1011,865,632,316,-29,-376,-698,-945,-1098,-1142,-1057,-865,-587,-245,135,489,802,1034,1147,1146,1039,814,517,174,-194,-541,-830,-1051,-1147,-1130,-1019,-791,-494,-140,215,556,827,1022,1131,1113,987,767,474,146,-200,-532,-808,-999,-1086,-1077,-960,-761,-484,-165,169,499,764,960,1067,1059,951,756,502,200,-129,-430,-700,-893,-993,301,-928,-769,-542,-272,29,321,586,789,919,978,950,838,659,405,121,-183,-471,-726,-915,-1034,-1049,-948,-794,-532,-224,98,431,719,927,1068,1097,1015,859,609,303,-22,-345,-645,-880,-1040,-1097,-1059,-927,-716,-442,-117,225,542,809,1003,1103,1125,1034,837,573,255,-104,-440,-748,-992,-1132,-1181,-1113,-937,-683,-361,8,371,697,970,1145,1200,1154,990,732,412,47,-310,-639,-896,-1076,-1147,-1107,-965,-735,-443,-118,208,518,769,944,1034,1031,932,756,504,217,-81,-371,-634,-821,-935,-969,-920,-773,-570,-326,-48,230,491,699,845,922,903,800,646,421,152,-109,-368,-599,-764,-860,-884,-825,-899,-975,-82,855,849,738,558,333,72,-191,-430,-632,-775,-859,-855,-781,-639,-435,-196,65,307,536,706,828,879,845,744,568,338,83,-186,-441,-664,-831,-929,-942,-861,-702,-474,-201,93,390,653,849,978,1015,954,793,559,277,-41,-348,-624,-841,-977,-1022,-970,-825,-613,-331,-26,276,551,760,917,982,957,848,659,419,140,-166,-433,-672,-843,-936,-944,-874,-728,-497,-227,66,341,591,786,900,937,881,742,534,284,4,-269,-510,-707,-838,-885,-835,-708,-527,-306,-62,198,429,608,730,782,761,670,517,332,110,-110,-321,-493,-609,-678,-674,-617,-503,-360,-175,14,200,361,493,568,612,599,527,628,263,103,-65,-240,-387,-495,-566,-593,-556,-477,-345,-201,-14,170,338,466,557,599,585,523,402,254,67,-113,-292,-448,-556,-614,-612,-557,-454,-298,-112,77,255,424,540,616,614,577,484,332,159,-44,-236,-397,-538,-628,-647,-606,-520,-365,-182,32,229,424,572,666,695,640,520,350,143,-83,-308,-496,-626,-677,-665,-573,-425,-206,21,227,405,531,582,574,498,358,192,9,-147,-281,-378,-421,-417,-359,-275,-169,-55,52,142,206,236,248,229,185,132,70,23,-36,-68,-91,-114,-114,-112,-98,-91,-74,-48,-26,9,33,58,84,98,103,94,69,41,-4,-41,-73,-82,698,778,-82,131,317,-39,-129,-217,-270,-279,-245,-170,-56,69,191,286,346,373,349,276,176,50,-81,-210,-319,-398,-449,-447,-397,-306,-178,-23,141,306,448,546,603,585,513,376,186,-30,-253,-473,-651,-762,-805,-760,-630,-410,-149,137,429,677,858,954,950,841,645,360,34,-305,-611,-874,-1051,-1107,-1049,-873,-606,-278,91,454,763,995,1132,1147,1044,847,543,182,-186,-533,-833,-1037,-1155,-1150,-1024,-807,-501,-142,208,550,839,1036,1134,1113,999,770,486,143,-215,-534,-815,-1001,-1101,-1102,-984,-770,-478,-151,191,517,789,991,1077,1081,970,767,499,177,-157,-471,-735,-925,-1035,-1035,-939,-760,-497,-204,-176,388,642,842,958,991,937,797,585,324,38,-258,-521,-752,-915,-996,-991,-901,-725,-477,-188,140,440,708,937,1051,1083,1011,827,576,276,-79,-398,-687,-918,-1054,-1094,-1048,-899,-664,-367,-33,289,594,839,1019,1110,1097,980,773,496,182,-151,-497,-781,-992,-1130,-1159,-1078,-904,-635,-310,43,407,726,975,1148,1206,1142,984,729,387,25,-344,-679,-940,-1115,-1179,-1135,-981,-736,-424,-73,274,589,843,1013,1078,1060,942,729,464,158,-154,-445,-694,-884,-983,-998,-924,-767,-537,-282,5,301,563,761,899,954,919,800,611,379,106,-178,-428,-638,-809,-885,-885,-821,-673,-463,-219,43,309,-430,-252
61181,mtk,MTK 7916,860498015,rx0-tx1,512,-686,-696,-801,598,625,589,497,359,193,2,-181,-336,-461,-546,-570,-546,-480,-365,-227,-67,88,230,354,446,489,503,476,399,303,179,46,-91,-225,-333,-425,-479,-507,-484,-415,-319,-202,-57,98,254,386,489,554,573,552,466,335,174,-3,-191,-371,-522,-607,-660,-652,-574,-443,-268,-54,153,351,525,647,717,719,647,513,334,122,-105,-322,-500,-648,-730,-739,-676,-555,-386,-173,51,271,471,621,707,734,691,587,415,219,-1,-217,-414,-570,-667,-698,-674,-588,-443,-261,-57,142,335,506,616,671,666,605,485,323,131,-71,-260,-435,-559,-636,-661,-619,-524,-377,-196,2,207,379,517,-38,659,631,544,419,248,46,-149,-339,-497,-614,-671,-660,-594,-470,-297,-89,121,326,495,622,689,679,618,487,303,95,-118,-335,-502,-626,-696,-687,-607,-470,-293,-96,116,318,476,601,662,646,579,460,293,97,-101,-295,-454,-569,-625,-614,-557,-450,-296,-120,71,262,417,528,602,601,548,452,305,128,-64,-252,-404,-524,-594,-601,-544,-439,-273,-93,103,288,438,538,587,572,489,352,179,-2,-182,-340,-458,-512,-517,-458,-353,-218,-56,99,242,349,422,443,410,329,218,89,-45,-174,-281,-353,-373,-347,-277,-181,-65,70,178,261,301,294,238,148,37,-72,-157,-194,-185,-235,-403,0,423,700,-61,-130,-183,-196,-176,-123,-47,44,128,193,237,245,220,167,90,1,-86,-161,-221,-253,-255,-230,-180,-103,-9,74,150,213,242,252,232,195,127,45,-31,-99,-159,-193,-209,-208,-192,-162,-114,-65,-6,47,91,140,179,198,205,194,167,124,70,9,-61,-120,-183,-225,-245,-244,-220,-163,-102,-22,65,131,188,226,251,241,212,166,115,54,-17,-78,-144,-187,-217,-238,-234,-212,-176,-118,-57,15,84,165,229,269,292,286,257,201,127,32,-69,-162,-249,-315,-348,-341,-306,-246,-152,-51,58,159,251,318,360,371,345,291,196,88,-22,-133,-239,-324,-378,-402,-387,-48,-249,-146,-26,98,224,321,406,447,450,411,323,210,80,-71,-218,-345,-444,-502,-512,-468,-386,-259,-105,61,217,351,459,521,531,496,418,291,146,-11,-173,-313,-433,-513,-544,-535,-474,-368,-231,-67,97,252,399,508,570,579,536,457,318,160,-15,-195,-360,-495,-586,-634,-616,-547,-420,-242,-47,143,340,498,609,680,677,613,492,316,121,-92,-303,-487,-622,-696,-708,-651,-531,-360,-146,65,274,463,594,680,694,640,538,380,190,-15,-214,-386,-535,-637,-669,-641,-561,-433,-258,-64,139,322,479,594,659,654,590,477,311,121,-84,-278,-440,-562,-637,-658,-599,-488,-330,-691,-404,9,-606,-462,188,-7,-203,-373,-505,-586,-611,-574,-488,-367,-204,-28,135,289,413,495,530,516,466,382,259,121,-18,-167,-292,-391,-465,-491,-488,-440,-362,-256,-127,13,165,300,402,485,531,531,485,392,267,111,-51,-219,-374,-502,-581,-621,-601,-528,-390,-223,-36,174,367,522,635,693,675,611,481,303,95,-130,-343,-521,-654,-725,-731,-654,-531,-358,-144,82,299,485,634,724,742,690,570,399,196,-21,-241,-442,-594,-685,-722,-687,-591,-434,-244,-36,173,376,539,648,689,668,601,468,291,92,-112,-306,-471,-588,-656,-655,-609,-501,-345,-165,35,233,403,542,626,660,627,532,402,634,35,-177,-362,-509,-620,-659,-646,-575,-447,-280,-75,126,321,489,615,675,674,607,476,307,95,-119,-320,-508,-633,-692,-694,-618,-477,-305,-95,128,334,504,619,676,674,595,464,298,86,-118,-304,-464,-588,-643,-639,-573,-450,-291,-97,97,272,431,541,603,612,553,436,293,119,-77,-247,-406,-522,-590,-603,-550,-445,-302,-122,74,258,420,529,582,584,522,397,234,54,-141,-316,-458,-539,-561,-521,-429,-285,-121,45,211,343,437,481,464,396,292,158,4,-145,-266,-350,-394,-395,-351,-267,-148,-16,114,221,293,339,329,271,182,66,-55,-162,-233,-261,-240,-172,-75,17,-863,-813,0,-621,-282,-141,-117,-47,32,110,176,219,230,200,141,59,-33,-118,-186,-241,-259,-244,-199,-131,-45,42,124,195,246,262,244,210,143,66,-19,-97,-162,-215,-234,-232,-210,-167,-111,-52,13,73,127,169,191,201,187,174,145,92,37,-22,-76,-130,-177,-211,-228,-221,-194,-158,-92,-23,54,133,195,231,257,242,213,165,108,28,-51,-115,-170,-206,-240,-239,-225,-189,-132,-83,-20,48,113,175,221,245,255,245,222,160,94,12,-77,-163,-234,-286,-313,-311,-282,-226,-140,-39,68,161,256,321,352,353,322,260,171,73,-43,-148,-247,-322,-367,-382,-369,-316,-226,-119,-4,114,-1135,326,387,419,413,365,282,182,52,-82,-223,-341,-422,-470,-478,-435,-355,-238,-94,68,222,353,459,518,530,485,401,282,123,-37,-198,-344,-456,-517,-540,-512,-440,-332,-189,-31,132,292,416,508,553,551,506,417,276,113,-67,-227,-382,-506,-577,-608,-580,-504,-372,-210,-23,166,340,495,607,654,652,589,452,289,90,-120,-316,-497,-621,-686,-694,-638,-519,-348,-144,78,295,477,618,692,702,653,534,366,169,-49,-250,-428,-574,-656,-679,-638,-542,-407,-219,-20,174,351,504,609,658,646,576,456,293,98,-108,-295,-462,-586,-649,-655,-593,-482,-325,-148,59,256,421,547,-310,-635
61182,mtk,MTK 7916,860498015,rx1-tx0,512,0,335,376,428,263,67,-143,-344,-515,-657,-738,-754,-702,-589,-407,-187,48,291,519,693,812,862,836,723,538,305,24,-268,-538,-762,-920,-988,-966,-845,-642,-375,-67,261,573,815,987,1073,1054,932,707,411,87,-254,-574,-838,-1025,-1103,-1084,-955,-723,-434,-111,231,550,801,980,1064,1055,937,741,480,172,-147,-460,-724,-905,-1007,-1019,-939,-771,-539,-270,43,355,621,821,952,999,950,813,601,328,32,-256,-520,-735,-877,-939,-923,-815,-629,-383,-115,155,423,648,800,879,887,807,650,433,183,-79,-353,-560,-732,-823,-840,-774,-648,-460,-225,18,262,467,633,733,758,723,618,457,260,-277,-160,-356,-520,-639,-680,-678,-610,-482,-317,-133,56,243,404,527,613,639,610,528,394,231,43,-135,-310,-461,-564,-618,-629,-572,-479,-332,-159,32,224,397,531,617,661,639,560,437,269,72,-120,-310,-497,-622,-707,-726,-678,-562,-397,-185,46,290,509,683,802,852,809,681,480,231,-50,-358,-623,-832,-943,-954,-871,-693,-431,-122,207,507,758,919,974,923,767,531,244,-66,-357,-607,-782,-857,-848,-751,-569,-335,-78,178,401,584,684,708,659,549,381,172,-33,-231,-397,-513,-573,-565,-505,-375,-220,-44,137,291,408,478,485,428,312,163,-14,-175,-303,-373,-371,-295,-183,-232,-41,0,-35,-412,-65,-87,-82,-58,-20,19,61,100,128,143,130,99,62,22,-28,-85,-127,-164,-169,-163,-140,-94,-46,19,76,122,171,192,201,189,165,119,54,-15,-89,-151,-211,-253,-258,-258,-226,-161,-95,-6,93,186,277,342,368,349,305,225,117,-6,-152,-280,-387,-457,-479,-444,-365,-240,-79,96,263,402,499,544,536,465,335,174,-11,-190,-341,-464,-532,-555,-511,-413,-284,-114,59,221,363,457,522,517,463,360,222,74,-74,-225,-341,-405,-448,-442,-378,-303,-200,-82,23,142,225,298,335,354,344,308,264,188,99,3,-104,-199,-291,-348,-391,-406,-382,-323,-228,-107,31,489,287,399,467,498,485,409,304,168,3,-166,-315,-444,-539,-571,-561,-503,-381,-221,-45,149,333,478,589,636,630,567,439,262,83,-133,-336,-507,-624,-679,-676,-618,-484,-315,-123,100,310,493,627,689,701,656,534,375,170,-48,-242,-429,-576,-671,-712,-689,-594,-450,-277,-74,143,345,508,645,717,739,687,571,405,199,-37,-275,-492,-668,-777,-819,-784,-672,-485,-257,2,270,501,690,805,853,807,678,483,249,-15,-259,-482,-652,-752,-783,-735,-625,-460,-246,-37,176,361,528,633,683,671,593,482,332,155,-35,-217,-384,-512,-598,-639,-619,-555,-445,-292,-110,76,251,419,681,623,0,-171,46,-519,-637,-700,-697,-629,-512,-339,-126,99,316,518,682,773,801,767,655,473,244,-18,-282,-531,-723,-864,-929,-898,-776,-587,-336,-45,264,551,790,950,1032,1015,885,668,397,80,-251,-569,-837,-1011,-1096,-1075,-945,-725,-433,-100,241,569,830,1006,1087,1074,948,736,454,132,-200,-508,-755,-941,-1036,-1036,-946,-755,-511,-216,92,395,657,851,975,1025,956,796,571,304,1,-296,-562,-778,-920,-970,-934,-816,-617,-362,-85,204,475,700,851,919,906,816,635,406,147,-119,-386,-607,-766,-847,-865,-791,-642,-446,-198,58,304,509,679,775,803,749,628,459,237,6,-216,-421,-580,-687,315,-694,-605,-472,-289,-90,106,308,469,587,649,652,602,501,360,187,-8,-196,-370,-507,-597,-628,-611,-549,-430,-271,-98,86,264,420,539,618,637,603,516,378,211,27,-168,-340,-498,-617,-676,-665,-618,-500,-330,-141,81,296,491,652,752,789,746,624,451,234,-29,-309,-557,-751,-863,-914,-858,-707,-474,-181,129,429,689,882,977,966,849,637,347,26,-293,-577,-783,-907,-924,-849,-683,-434,-149,135,399,606,732,785,748,645,465,238,5,-212,-406,-551,-629,-637,-582,-468,-303,-112,79,261,404,490,532,505,418,290,130,-46,-214,-347,-426,-449,-395,-286,-132,34,173,253,-278,-361,0,679,553,-27,12,52,86,108,116,109,83,45,-6,-63,-103,-132,-148,-154,-136,-98,-51,13,61,119,153,182,194,174,149,104,46,-17,-77,-129,-183,-218,-237,-226,-190,-143,-70,4,76,172,238,280,306,289,255,200,110,-2,-119,-228,-326,-386,-420,-408,-341,-239,-98,60,216,346,455,514,517,462,355,204,35,-145,-311,-444,-527,-560,-518,-441,-300,-140,41,216,355,466,531,529,485,388,262,104,-72,-230,-367,-450,-481,-478,-429,-325,-212,-85,62,187,280,360,389,392,357,291,213,120,28,-71,-158,-235,-307,-338,-360,-356,-325,-256,-163,-59,59,176,289,378,441,455,-571,366,263,129,-8,-164,-308,-421,-506,-537,-514,-446,-340,-189,-18,153,328,473,565,607,600,531,408,247,52,-140,-336,-504,-606,-664,-667,-592,-467,-289,-91,116,324,500,615,689,701,641,517,336,130,-71,-282,-469,-606,-697,-709,-657,-566,-410,-224,-19,197,389,536,650,712,708,633,511,341,132,-86,-305,-492,-647,-750,-788,-745,-631,-456,-239,5,258,495,683,804,855,812,686,499,260,-4,-274,-508,-681,-796,-826,-773,-655,-468,-245,-1,234,429,593,692,724,695,604,471,284,92,-117,-294,-444,-563,-633,-648,-603,-511,-377,-215,-34,152,317,459,569,632,632,590,491,-109,284
61183,mtk,MTK 7916,860498015,rx1-tx1,512,0,0,0,-227,-504,-682,-719,-596,-334,2,335,597,737,720,553,259,-93,-412,-632,-719,-658,-445,-137,192,470,628,647,528,288,-19,-308,-517,-599,-536,-349,-94,190,419,546,540,402,177,-82,-329,-497,-543,-455,-257,7,267,465,560,514,346,101,-177,-416,-556,-564,-443,-224,45,312,508,584,531,364,108,-169,-405,-535,-552,-441,-225,40,292,465,528,467,289,40,-214,-404,-502,-484,-349,-124,137,369,519,547,453,245,-25,-289,-492,-599,-569,-401,-152,127,377,554,607,528,333,64,-211,-431,-561,-569,-452,-233,24,265,452,529,488,349,142,-89,-295,-427,-459,-392,-243,-43,145,0,355,335,243,95,-72,-208,-285,-282,-198,-67,84,210,283,284,208,70,-96,-242,-331,-341,-281,-136,56,234,371,422,377,241,47,-170,-360,-479,-487,-387,-203,36,276,461,551,516,365,137,-131,-376,-541,-598,-513,-309,-38,243,478,614,611,471,223,-75,-358,-573,-664,-614,-434,-157,160,452,653,715,624,401,93,-239,-527,-713,-747,-630,-382,-57,276,548,716,735,605,359,44,-278,-540,-685,-689,-551,-313,-26,263,494,615,612,491,274,19,-233,-433,-532,-522,-411,-225,-11,200,371,461,451,364,211,23,-159,-303,-391,-410,-359,-250,-110,32,157,251,301,301,262,201,0,0,0,0,0,181,77,-44,-190,-330,-438,-492,-464,-356,-193,19,247,446,582,614,532,356,109,-177,-434,-608,-681,-626,-451,-183,130,421,626,710,666,476,179,-154,-455,-665,-735,-650,-426,-110,233,534,731,764,633,365,10,-353,-650,-808,-794,-615,-284,113,488,770,890,817,570,190,-230,-601,-851,-920,-786,-483,-74,360,711,908,913,718,365,-65,-481,-800,-945,-875,-606,-206,238,626,880,938,786,454,19,-420,-762,-946,-919,-675,-281,177,600,896,998,873,545,95,-386,-798,-1023,-1023,-801,-408,88,578,948,1120,1051,755,290,-247,-723,-1045,-1162,-1030,-663,-164,367,814,1093,1135,925,515,0,-510,-899,-1090,-1038,-763,-321,198,666,980,1068,912,550,66,-431,-830,-1046,-1033,-779,-342,176,655,990,1099,965,625,134,-399,-837,-1097,-1115,-884,-454,76,587,970,1142,1065,755,271,-261,-734,-1039,-1113,-941,-557,-63,443,834,1032,1009,747,321,-179,-625,-907,-970,-818,-488,-37,430,786,960,905,634,204,-280,-697,-968,-1024,-832,-461,10,500,880,1054,1005,738,301,-200,-660,-982,-1087,-948,-608,-149,332,744,981,997,814,460,13,-427,-759,-919,-875,-643,-279,129,491,730,788,674,414,72,-266,-527,-656,-623,-446,-173,133,397,558,572,436,203,-78,-354,-540,-584,-489,-271,18,296,0,0,0,0,0,664,498,218,-123,-442,-663,-744,-671,-448,-125,222,517,700,739,615,363,33,-298,-556,-688,-663,-497,-220,103,384,572,629,529,319,45,-244,-470,-576,-545,-385,-136,134,369,518,541,427,211,-53,-293,-472,-546,-486,-298,-41,229,450,561,545,401,159,-111,-363,-542,-593,-501,-303,-29,245,462,577,553,399,167,-102,-339,-498,-540,-451,-256,-1,244,432,517,471,307,80,-170,-388,-519,-523,-395,-173,91,333,507,577,514,333,72,-211,-446,-583,-600,-479,-251,25,299,504,594,555,398,156,-115,-356,-513,-561,-480,-298,-62,183,372,484,492,381,195,-8,-212,-360,-412,-367,0,-65,105,240,311,304,220,78,-74,-201,-272,-270,-193,-63,88,230,313,311,230,94,-73,-240,-345,-384,-329,-192,4,204,360,447,428,305,113,-108,-315,-463,-512,-451,-287,-52,200,415,547,552,432,218,-50,-318,-515,-598,-564,-402,-142,154,422,599,647,548,327,33,-276,-534,-676,-670,-524,-271,46,362,607,730,700,528,248,-88,-414,-653,-748,-694,-510,-213,127,428,634,713,658,478,196,-123,-406,-594,-655,-599,-423,-169,117,364,524,579,520,354,133,-107,-321,-467,-512,-453,-310,-118,89,270,395,442,409,303,148,-26,-186,-304,-366,-370,-322,-234,-122,-7,84,147,0,0,0,0,0,267,338,377,367,294,159,-17,-204,-382,-514,-560,-518,-385,-174,76,322,524,637,632,518,294,0,-294,-531,-672,-687,-567,-336,-34,289,549,700,709,579,315,-20,-344,-597,-741,-726,-537,-228,125,463,704,795,716,486,139,-248,-582,-797,-853,-718,-425,-35,372,696,877,881,696,347,-89,-494,-787,-923,-866,-614,-225,218,617,868,931,801,492,69,-370,-723,-917,-911,-704,-338,111,531,831,952,853,566,151,-299,-690,-931,-962,-770,-400,62,517,863,1020,954,681,242,-257,-692,-989,-1084,-945,-590,-102,418,854,1101,1124,908,488,-42,-555,-953,-1156,-1112,-817,-351,177,674,1025,0,995,655,164,-361,-790,-1031,-1058,-848,-448,43,539,913,1055,964,658,197,-314,-757,-1027,-1069,-880,-486,25,535,925,1111,1049,757,294,-239,-728,-1054,-1148,-993,-618,-108,425,865,1114,1112,864,432,-92,-581,-940,-1091,-988,-668,-200,293,715,963,987,792,408,-63,-516,-843,-967,-866,-553,-106,357,757,972,948,724,332,-156,-612,-938,-1058,-940,-612,-141,359,780,1041,1072,861,468,-21,-495,-865,-1051,-1007,-741,-315,162,590,888,987,866,565,151,-279,-625,-826,-855,-682,-359,20,371,625,724,647,431,136,-190,-459,-605,-591,-430,-179,107,370,538,563,448,220,-67,-337,-536,-613,-538,0,0
61184,mtk,MTK 7916,860498015,rx2-tx0,512,0,0,0,-442,-922,-1213,-1237,-985,-501,114,712,1163,1369,1268,886,304,-352,-934,-1326,-1423,-1206,-724,-81,592,1139,1420,1382,1048,486,-189,-825,-1270,-1431,-1270,-824,-199,469,1027,1354,1376,1073,532,-116,-739,-1191,-1373,-1236,-812,-212,426,973,1291,1308,1026,511,-123,-716,-1139,-1295,-1149,-747,-178,431,939,1221,1208,918,418,-171,-706,-1073,-1190,-1017,-608,-68,485,923,1135,1075,753,252,-307,-789,-1081,-1109,-872,-431,124,657,1035,1162,1018,625,71,-505,-973,-1220,-1181,-861,-336,271,829,1210,1317,1123,669,53,-584,-1104,-1381,-1342,-1005,-437,234,859,1296,1437,1262,815,176,-508,-1080,-1413,-1433,-1135,-583,107,771,0,1466,1355,940,315,-382,-993,-1377,-1457,-1214,-701,-24,662,1198,1466,1410,1038,431,-270,-918,-1372,-1518,-1324,-824,-148,557,1151,1498,1513,1192,605,-113,-815,-1355,-1588,-1463,-1024,-367,380,1051,1498,1610,1374,842,123,-621,-1231,-1577,-1571,-1233,-639,92,808,1355,1601,1490,1061,411,-319,-974,-1426,-1566,-1363,-861,-188,513,1103,1455,1490,1213,673,3,-655,-1181,-1447,-1408,-1077,-522,128,750,1203,1393,1292,938,400,-211,-757,-1131,-1265,-1143,-801,-306,229,700,1017,1115,980,665,230,-233,-627,-876,-941,-821,-545,-177,208,535,747,805,707,486,182,-139,-410,-600,-679,-642,-504,-299,-69,145,313,414,443,410,0,0,0,0,0,422,430,376,246,54,-178,-408,-598,-705,-706,-580,-337,-24,310,607,801,854,758,498,135,-266,-639,-895,-981,-880,-597,-179,283,704,1001,1090,961,625,153,-361,-821,-1126,-1204,-1025,-625,-96,460,941,1228,1263,1029,581,6,-580,-1048,-1308,-1292,-1004,-495,135,730,1169,1368,1274,914,355,-290,-868,-1257,-1386,-1210,-781,-181,448,967,1278,1310,1070,600,4,-590,-1044,-1253,-1183,-864,-364,212,732,1073,1164,994,608,88,-448,-870,-1086,-1049,-769,-323,194,662,973,1061,891,515,19,-476,-861,-1048,-992,-701,-255,263,737,1035,1099,909,504,-19,-537,-946,-1154,-1095,-790,-303,258,771,1108,1196,1017,0,66,-502,-963,-1200,-1165,-875,-381,204,740,1116,1242,1076,665,101,-493,-976,-1241,-1222,-922,-406,206,778,1180,1322,1167,743,145,-492,-1021,-1327,-1342,-1054,-522,132,755,1204,1388,1266,855,252,-404,-968,-1313,-1363,-1109,-602,39,654,1111,1325,1241,870,299,-325,-865,-1204,-1261,-1034,-567,21,599,1034,1225,1122,764,239,-337,-838,-1141,-1170,-927,-480,73,599,983,1146,1037,684,176,-363,-808,-1062,-1064,-821,-398,106,579,910,1023,894,562,105,-365,-743,-936,-897,-643,-246,207,606,844,876,701,345,-102,-512,-797,-890,-769,-455,-24,415,768,941,877,601,174,-302,-716,-971,-1000,-791,-387,122,610,0,0,0,0,0,1124,805,297,-293,-839,-1210,-1319,-1138,-697,-90,544,1071,1365,1362,1057,524,-134,-773,-1245,-1438,-1308,-895,-287,397,985,1359,1430,1176,664,8,-651,-1163,-1406,-1340,-977,-381,294,890,1283,1382,1163,679,40,-592,-1086,-1337,-1277,-924,-363,280,849,1216,1310,1102,628,25,-574,-1045,-1265,-1192,-852,-314,297,827,1155,1208,980,527,-44,-593,-999,-1164,-1048,-684,-163,394,860,1115,1087,802,335,-215,-723,-1057,-1135,-943,-519,41,588,1005,1196,1096,733,203,-396,-920,-1234,-1262,-999,-503,115,720,1167,1356,1241,838,242,-419,-992,-1347,-1407,-1144,-627,35,698,1203,1444,1370,987,381,-310,-937,-1355,-1475,-1266,0,-119,570,1130,1438,1423,1093,516,-180,-827,-1294,-1473,-1324,-878,-234,469,1065,1430,1474,1187,642,-59,-761,-1288,-1534,-1440,-1030,-387,345,1005,1440,1571,1354,832,123,-610,-1215,-1558,-1561,-1221,-609,135,849,1381,1610,1494,1050,380,-369,-1038,-1487,-1617,-1395,-867,-160,569,1173,1530,1562,1242,656,-63,-762,-1286,-1535,-1457,-1062,-440,260,893,1334,1501,1342,895,264,-410,-987,-1354,-1431,-1211,-744,-141,479,992,1283,1309,1074,623,58,-494,-930,-1162,-1159,-922,-508,-18,457,823,1005,983,769,410,-20,-424,-725,-867,-835,-642,-340,7,338,597,729,724,593,366,93,-185,-411,-549,-595,-549,-430,-270,-104,46,0,0,0,0,0,10,178,343,490,585,598,512,333,80,-211,-484,-694,-795,-753,-573,-278,90,450,741,910,892,698,360,-57,-475,-816,-1008,-1004,-795,-413,74,562,937,1139,1107,842,397,-142,-668,-1061,-1242,-1170,-859,-354,234,777,1159,1310,1188,802,247,-357,-901,-1265,-1354,-1153,-706,-111,515,1034,1338,1357,1082,568,-53,-659,-1131,-1362,-1293,-941,-402,212,772,1163,1300,1143,747,196,-396,-890,-1171,-1192,-948,-495,61,587,972,1133,1035,700,213,-313,-763,-1031,-1055,-837,-421,81,561,917,1058,942,606,130,-379,-806,-1054,-1051,-814,-380,150,644,1002,1139,1017,654,143,-406,-874,-1152,-1162,-911,-461,97,639,0,1205,1108,757,224,-357,-858,-1168,-1215,-985,-532,44,619,1056,1247,1152,794,257,-353,-889,-1223,-1285,-1050,-574,37,651,1121,1338,1254,892,328,-319,-904,-1287,-1384,-1170,-694,-59,590,1107,1375,1334,995,440,-209,-815,-1231,-1365,-1191,-750,-150,480,990,1274,1262,954,438,-169,-730,-1125,-1254,-1086,-674,-113,467,939,1179,1145,849,362,-209,-727,-1070,-1160,-988,-587,-53,484,907,1114,1058,761,302,-227,-699,-994,-1056,-873,-484,5,473,817,974,902,611,182,-281,-668,-882,-880,-670,-294,152,555,818,882,726,391,-39,-467,-781,-912,-821,-521,-93,362,743,953,932,690,281,-215,-674,-984,-1071,-901,0,0
61185,mtk,MTK 7916,860498015,rx2-tx1,512,0,0,0,948,1145,1096,801,316,-255,-771,-1125,-1230,-1062,-660,-114,459,939,1214,1220,956,486,-90,-650,-1060,-1230,-1137,-789,-272,295,792,1106,1171,971,553,18,-502,-902,-1096,-1034,-735,-275,241,685,958,1005,813,426,-56,-516,-852,-980,-866,-543,-95,376,768,979,948,694,266,-228,-663,-949,-1021,-849,-459,30,512,867,1028,960,655,193,-312,-757,-1027,-1050,-824,-410,114,623,985,1117,999,650,135,-435,-912,-1186,-1190,-915,-438,155,726,1133,1303,1195,810,239,-395,-947,-1292,-1358,-1135,-660,-44,586,1085,1354,1334,1023,492,-140,-738,-1176,-1353,-1230,-851,-304,310,846,1190,1274,1082,666,122,-441,-891,0,-1105,-866,-445,65,541,879,1013,909,606,185,-266,-639,-856,-868,-678,-336,82,467,735,830,720,440,53,-340,-642,-789,-750,-536,-186,210,560,768,793,630,311,-91,-485,-773,-883,-791,-509,-92,370,759,982,986,777,382,-113,-603,-976,-1139,-1061,-757,-273,280,787,1132,1234,1084,697,149,-431,-928,-1243,-1296,-1070,-628,-59,539,1032,1309,1323,1060,585,-7,-594,-1059,-1311,-1305,-1046,-576,-1,549,987,1228,1217,971,540,32,-457,-853,-1058,-1042,-835,-477,-41,373,696,869,867,693,396,34,-311,-575,-718,-713,-582,-350,-60,229,451,585,615,539,372,165,-46,-230,-362,-429,-428,-366,-264,0,0,0,0,0,-320,-186,-9,199,410,583,681,678,566,355,66,-241,-511,-704,-772,-696,-486,-184,156,476,713,809,741,527,204,-167,-508,-759,-849,-758,-507,-150,253,618,857,918,788,478,60,-375,-738,-947,-964,-777,-421,31,487,853,1032,979,731,332,-148,-606,-932,-1059,-962,-663,-208,294,727,1000,1055,887,529,48,-445,-835,-1037,-1014,-782,-375,112,570,904,1036,934,626,184,-307,-712,-958,-989,-801,-433,36,486,824,973,904,636,224,-249,-661,-923,-984,-817,-470,-17,437,798,981,942,695,305,-169,-606,-895,-987,-864,-541,-95,360,729,942,936,722,349,-105,-532,-834,-954,-857,-562,-138,0,687,909,932,735,369,-75,-502,-808,-932,-853,-575,-159,283,651,864,877,679,328,-102,-514,-805,-898,-770,-469,-64,377,738,926,897,654,250,-221,-653,-939,-1020,-866,-505,-25,473,868,1074,1039,775,330,-191,-671,-1002,-1107,-961,-594,-95,412,835,1068,1048,787,341,-171,-645,-973,-1068,-917,-558,-56,453,840,1040,1012,734,276,-248,-712,-1015,-1080,-894,-497,19,531,920,1098,1029,724,237,-313,-791,-1097,-1147,-942,-526,18,562,983,1187,1118,806,314,-251,-757,-1087,-1178,-1005,-608,-80,461,899,1121,1094,822,360,-178,-662,-996,-1101,-952,-579,-75,438,844,1057,1027,751,302,-218,-690,-1003,0,0,0,0,0,-658,-144,413,881,1154,1172,937,494,-71,-628,-1045,-1244,-1162,-819,-305,277,802,1146,1244,1069,646,89,-478,-942,-1194,-1174,-897,-426,127,649,1017,1145,1015,662,164,-363,-799,-1034,-1021,-779,-360,146,605,897,982,835,479,16,-445,-810,-982,-906,-616,-175,316,723,960,987,768,365,-129,-595,-920,-1036,-909,-572,-95,414,827,1041,1014,753,309,-210,-688,-1008,-1093,-920,-517,12,545,960,1163,1098,776,273,-305,-839,-1187,-1263,-1066,-628,-32,573,1061,1323,1297,988,454,-180,-770,-1195,-1370,-1247,-854,-272,367,922,1282,1362,1142,679,75,-537,-1029,-1288,-1273,-992,-503,81,633,1045,1220,1129,794,0,-231,-705,-1010,-1075,-902,-547,-79,390,748,926,890,648,261,-164,-549,-798,-850,-702,-389,10,393,682,808,738,495,128,-267,-593,-774,-763,-575,-248,149,512,754,823,705,403,-26,-460,-787,-949,-899,-635,-220,263,706,999,1090,943,583,75,-455,-904,-1163,-1177,-940,-508,55,616,1049,1268,1219,899,390,-193,-745,-1160,-1330,-1215,-857,-322,284,838,1219,1350,1215,844,287,-320,-839,-1182,-1307,-1168,-798,-293,251,738,1061,1169,1042,721,281,-196,-616,-891,-975,-872,-613,-248,154,507,734,805,727,507,201,-121,-407,-597,-671,-621,-467,-240,23,264,441,529,535,460,321,158,4,-127,-222,0,0,0,0,0,-368,-501,-575,-575,-486,-312,-75,190,448,644,735,710,556,299,-21,-340,-602,-763,-780,-636,-363,-25,328,625,801,816,660,362,-11,-398,-704,-863,-840,-652,-316,104,508,811,950,879,626,240,-209,-628,-915,-1012,-899,-595,-154,325,734,989,1037,870,511,31,-458,-847,-1053,-1027,-779,-376,116,586,922,1067,980,665,219,-278,-717,-989,-1045,-870,-509,-36,440,815,1003,968,723,323,-154,-593,-886,-988,-868,-540,-96,369,750,956,948,737,352,-121,-568,-878,-979,-878,-590,-150,322,714,954,987,794,427,-22,-478,-821,-964,-909,-649,-233,227,632,892,953,799,460,19,-423,-772,-942,0,-659,-257,195,602,870,939,797,475,47,-388,-732,-898,-860,-630,-255,179,572,834,886,726,397,-31,-450,-768,-916,-846,-556,-133,315,707,952,973,770,380,-110,-575,-916,-1060,-964,-645,-176,334,776,1048,1082,872,459,-52,-548,-923,-1097,-1015,-700,-227,305,757,1028,1069,861,451,-59,-554,-915,-1065,-971,-650,-171,350,789,1038,1051,817,390,-126,-619,-976,-1101,-967,-609,-110,425,869,1103,1094,836,375,-175,-685,-1047,-1181,-1049,-676,-150,422,891,1151,1163,920,470,-83,-618,-1009,-1165,-1061,-722,-223,323,786,1070,1099,888,478,-48,-562,-929,-1080,-986,-668,-190,335,780,1039,1061,837,417,0,0
61186,mtk,MTK 7916,860532024,rx0-tx0,512,-330,-268,-176,-626,-412,-164,114,378,590,751,830,829,750,590,366,120,-144,-401,-615,-761,-837,-835,-741,-585,-368,-95,179,434,650,812,900,889,776,594,346,49,-259,-538,-772,-922,-978,-937,-779,-546,-251,66,388,667,876,993,999,901,708,440,132,-199,-499,-739,-914,-983,-960,-832,-606,-321,-22,281,558,770,914,953,891,745,526,246,-52,-345,-602,-800,-903,-929,-851,-677,-428,-143,144,420,660,821,887,862,747,558,308,30,-249,-501,-688,-798,-825,-767,-623,-420,-186,69,310,514,657,731,721,644,509,316,91,-127,-323,-489,-590,-638,-622,-546,-411,-246,-68,121,301,441,530,577,-26,507,384,230,55,-126,-289,-431,-518,-563,-554,-489,-369,-209,-33,154,316,456,554,577,559,478,348,177,-26,-210,-381,-507,-587,-608,-545,-439,-279,-89,102,291,444,556,609,597,522,393,221,23,-182,-364,-502,-595,-615,-583,-486,-326,-132,79,283,457,588,653,644,558,404,199,-32,-260,-463,-597,-664,-646,-562,-397,-171,55,272,454,571,611,570,444,276,97,-99,-265,-389,-450,-449,-407,-303,-174,-38,91,198,266,293,281,238,178,105,25,-48,-99,-127,-150,-154,-135,-110,-74,-45,-17,13,40,59,78,92,94,90,78,61,28,-10,-47,-77,-100,-103,-78,-44,2,-512,-435,510,-1009,-1016,211,191,126,26,-90,-201,-285,-323,-309,-244,-142,-19,112,237,331,373,381,348,263,147,8,-137,-282,-397,-472,-488,-453,-361,-212,-46,146,339,494,602,651,614,500,329,108,-156,-410,-619,-775,-829,-802,-658,-432,-138,171,471,735,905,972,935,772,520,202,-161,-503,-802,-994,-1072,-1039,-872,-596,-260,118,481,804,1026,1124,1094,939,692,340,-49,-419,-741,-985,-1114,-1120,-994,-770,-453,-85,281,621,898,1069,1123,1038,851,564,230,-129,-480,-776,-981,-1081,-1069,-934,-699,-393,-45,305,611,869,1015,1054,981,804,540,221,-120,-454,-727,-920,-1026,-1005,-876,-663,-378,-58,264,550,301,918,973,923,780,561,291,-15,-317,-576,-788,-913,-956,-907,-762,-543,-259,59,371,658,870,1000,1032,943,755,491,166,-178,-505,-783,-976,-1066,-1044,-900,-676,-382,-47,298,605,857,1010,1071,1026,869,623,327,-20,-361,-665,-894,-1054,-1098,-1036,-857,-586,-252,102,453,765,996,1124,1138,1031,814,521,152,-231,-587,-889,-1093,-1176,-1131,-970,-709,-359,24,400,727,969,1110,1115,1027,822,532,188,-164,-493,-750,-945,-1043,-1024,-898,-683,-415,-101,221,520,744,902,966,932,801,593,317,24,-272,-531,-737,-871,-914,-864,-722,-510,-249,29,306,555,741,847,867,802,662,454,196,-80,-342,-872,-926,-82,798,831,581,739,832,837,757,602,390,131,-130,-381,-598,-750,-830,-831,-745,-574,-356,-110,160,409,617,779,857,847,755,590,366,95,-204,-477,-705,-866,-945,-915,-791,-581,-310,-6,309,600,822,963,1002,935,759,502,189,-145,-453,-721,-906,-999,-986,-854,-655,-378,-64,247,547,775,915,962,919,777,560,289,-18,-318,-578,-786,-906,-933,-872,-720,-485,-206,85,381,632,815,904,900,810,632,384,90,-203,-469,-680,-816,-866,-821,-688,-485,-237,26,294,516,669,757,769,699,561,364,133,-105,-315,-494,-630,-682,-668,-586,-448,-267,-76,126,314,463,554,594,584,512,384,229,55,628,-292,-434,-528,-577,-560,-497,-378,-222,-54,131,294,441,531,578,559,482,368,196,10,-172,-344,-479,-569,-591,-551,-457,-315,-142,69,255,413,531,591,597,539,424,263,64,-133,-318,-464,-572,-619,-600,-502,-365,-180,18,214,402,541,620,634,582,455,277,59,-160,-366,-530,-642,-671,-630,-498,-310,-87,147,360,544,638,646,585,445,251,33,-185,-365,-477,-533,-526,-439,-305,-132,28,179,291,352,370,343,277,178,74,-28,-112,-171,-209,-216,-199,-158,-113,-70,-11,32,69,90,97,99,100,86,71,52,27,-5,-34,-58,-78,-97,-102,-90,-63,-29,17,55,77,85,652,713,-82,-173,-51,-30,-134,-221,-271,-271,-221,-126,-4,124,238,317,354,345,287,182,55,-71,-207,-319,-393,-428,-418,-356,-242,-96,66,224,376,482,542,547,483,354,186,-31,-260,-468,-624,-722,-741,-652,-497,-262,10,291,563,766,889,895,808,615,333,14,-330,-642,-873,-1017,-1036,-932,-716,-402,-47,326,677,932,1083,1104,1013,795,477,109,-274,-616,-904,-1093,-1139,-1060,-868,-571,-204,176,536,828,1037,1116,1075,927,671,344,-29,-384,-692,-933,-1062,-1093,-992,-787,-488,-151,213,548,825,1008,1082,1025,871,624,303,-40,-382,-679,-903,-1029,-1045,-941,-730,-458,-133,212,520,768,937,999,963,822,-176,328,15,-297,-567,-779,-912,-960,-902,-758,-540,-262,33,336,602,813,949,985,935,773,527,230,-102,-431,-712,-930,-1046,-1040,-932,-725,-441,-107,246,559,813,985,1068,1029,884,642,334,5,-332,-635,-870,-1025,-1088,-1026,-858,-607,-292,58,401,712,948,1087,1114,1034,841,556,212,-162,-516,-817,-1039,-1162,-1143,-1015,-770,-450,-74,304,654,942,1125,1168,1094,895,617,267,-97,-445,-751,-971,-1079,-1072,-951,-738,-472,-138,205,520,766,931,1005,975,838,623,357,55,-254,-525,-748,-889,-939,-894,-758,-550,-290,-1,285,537,732,852,885,835,693,478,221,-54,-317,-555,-738,-846,-860,-792,-507,-403
61187,mtk,MTK 7916,860532024,rx0-tx1,512,-686,-529,-647,-79,124,308,462,558,601,574,487,360,185,-2,-176,-335,-451,-511,-529,-499,-410,-292,-146,6,157,293,396,456,481,460,404,306,180,35,-108,-245,-361,-445,-494,-495,-450,-368,-242,-88,76,239,387,500,565,575,530,426,279,100,-109,-305,-469,-588,-656,-653,-577,-439,-255,-40,186,395,557,667,708,669,566,404,190,-43,-271,-476,-625,-711,-721,-653,-526,-342,-115,129,348,530,663,721,704,610,448,248,20,-209,-411,-568,-672,-704,-656,-546,-374,-173,45,264,449,587,670,675,612,487,313,107,-110,-306,-474,-597,-651,-639,-562,-423,-245,-50,159,349,504,609,641,620,-38,383,195,-14,-215,-407,-553,-635,-654,-605,-486,-322,-125,93,302,486,607,678,669,575,429,231,7,-221,-420,-573,-671,-682,-631,-504,-324,-105,126,342,516,627,673,645,546,392,190,-23,-229,-416,-551,-621,-628,-572,-449,-277,-80,123,318,468,565,605,583,492,354,184,-19,-214,-383,-507,-571,-585,-540,-423,-262,-77,122,306,452,550,587,557,460,302,110,-90,-279,-431,-534,-572,-529,-434,-282,-96,86,256,397,478,499,459,359,223,71,-96,-239,-349,-414,-415,-372,-285,-168,-25,111,229,316,360,349,287,194,70,-62,-173,-263,-305,-284,-222,-125,-8,100,173,201,177,-175,-304,0,608,783,-59,-130,-178,-188,-162,-99,-17,74,154,213,240,222,177,105,14,-72,-157,-222,-251,-242,-212,-151,-73,18,112,182,229,246,240,200,136,63,-25,-99,-158,-196,-219,-213,-186,-143,-85,-19,34,89,134,161,180,194,183,155,110,56,-17,-83,-139,-192,-219,-236,-219,-179,-118,-40,47,124,183,230,252,246,219,157,90,4,-69,-141,-199,-226,-229,-222,-190,-145,-90,-18,54,123,174,226,250,252,239,196,126,45,-43,-130,-216,-278,-311,-311,-275,-212,-113,-11,94,195,279,323,346,326,269,185,83,-24,-133,-231,-313,-353,-362,-338,-269,-170,-57,54,171,276,352,-48,391,353,285,180,46,-87,-220,-328,-401,-446,-439,-385,-288,-153,-4,151,293,407,479,498,472,387,253,94,-69,-230,-368,-471,-517,-516,-457,-348,-206,-42,129,278,402,495,535,515,453,338,188,24,-148,-308,-438,-529,-558,-541,-469,-349,-186,-6,181,361,500,585,615,580,489,344,166,-35,-242,-418,-561,-651,-663,-617,-489,-314,-107,118,337,518,638,694,678,585,435,232,14,-212,-417,-576,-657,-689,-643,-525,-355,-150,74,285,459,590,652,651,591,463,283,80,-131,-325,-489,-598,-647,-636,-553,-416,-238,-26,188,371,522,618,646,600,497,351,151,-58,-268,-437,-556,-690,-323,9,-884,-818,615,601,527,396,222,32,-166,-329,-462,-547,-564,-530,-445,-305,-150,9,176,318,420,481,496,471,399,285,153,13,-127,-255,-370,-445,-483,-469,-420,-328,-211,-67,89,235,364,466,520,531,488,400,263,98,-81,-261,-420,-539,-610,-619,-559,-439,-276,-77,142,344,514,629,685,665,571,419,223,2,-223,-424,-588,-696,-720,-672,-551,-370,-152,87,310,499,642,723,719,634,490,296,65,-171,-390,-564,-674,-720,-684,-577,-413,-214,17,238,434,582,664,688,631,509,341,138,-80,-287,-462,-591,-658,-655,-583,-460,-280,-77,128,327,489,595,646,633,546,406,217,13,-188,634,-524,-620,-648,-612,-512,-348,-152,54,263,445,573,651,659,596,468,282,74,-162,-366,-532,-639,-686,-651,-542,-379,-166,61,277,469,608,683,676,593,442,252,38,-178,-372,-528,-626,-648,-607,-499,-330,-138,72,272,443,558,614,611,539,398,224,27,-166,-351,-483,-575,-603,-560,-460,-305,-124,62,247,414,523,590,584,504,373,200,6,-192,-373,-505,-571,-573,-505,-382,-212,-11,186,348,475,525,519,456,337,172,-6,-177,-322,-408,-456,-442,-372,-264,-123,28,165,285,361,391,364,297,191,59,-81,-198,-282,-334,-323,-270,-178,-53,72,169,238,257,222,145,44,-54,-987,-976,0,-490,-13,-139,-108,-42,40,124,189,218,213,168,101,7,-89,-163,-223,-246,-240,-202,-132,-39,47,136,203,245,256,231,180,105,24,-67,-147,-204,-240,-240,-213,-162,-102,-33,40,100,151,185,198,193,177,133,80,33,-24,-79,-133,-173,-201,-215,-196,-173,-121,-58,18,96,159,211,243,243,213,163,103,20,-56,-138,-197,-233,-246,-234,-207,-150,-73,-4,68,130,176,216,236,230,204,165,107,25,-46,-121,-190,-244,-273,-277,-256,-208,-129,-35,70,164,252,306,326,319,281,199,102,-7,-120,-216,-297,-342,-353,-329,-273,-185,-77,34,152,260,335,375,378,348,275,175,-1135,-73,-189,-295,-379,-415,-411,-369,-281,-167,-29,118,253,369,445,476,455,386,278,132,-28,-191,-341,-451,-507,-515,-470,-373,-230,-67,99,261,398,486,529,509,445,345,202,34,-134,-290,-424,-510,-547,-532,-460,-346,-189,-14,162,327,463,553,584,569,485,344,176,-16,-204,-384,-525,-614,-643,-601,-490,-341,-138,72,282,471,600,676,679,609,466,274,59,-169,-377,-547,-658,-700,-672,-566,-391,-186,31,259,449,591,670,679,613,490,316,111,-102,-303,-478,-593,-651,-641,-566,-429,-254,-58,149,346,499,604,650,619,530,386,198,-16,-222,-394,-540,-628,-643,-590,-468,-312,-371,-712
61188,mtk,MTK 7916,860532024,rx1-tx0,512,0,397,357,588,663,683,633,506,347,138,-95,-322,-521,-675,-761,-765,-694,-551,-357,-96,169,420,642,799,878,863,749,557,301,0,-302,-591,-805,-943,-991,-923,-750,-493,-177,161,481,758,961,1054,1032,907,672,356,7,-344,-671,-908,-1050,-1080,-993,-800,-520,-189,171,500,777,972,1055,1026,886,657,376,56,-272,-568,-805,-955,-1012,-958,-804,-566,-274,47,364,618,838,959,974,888,719,477,173,-135,-438,-686,-852,-932,-918,-812,-617,-359,-74,236,500,706,845,895,851,718,507,256,-32,-317,-559,-727,-827,-836,-755,-600,-388,-133,125,368,571,706,771,748,646,481,277,37,-194,-396,-277,-656,-694,-663,-555,-400,-206,6,209,392,530,612,636,596,501,353,177,-18,-219,-392,-510,-594,-622,-584,-484,-342,-161,29,221,400,519,597,619,574,472,327,164,-35,-235,-408,-547,-628,-645,-607,-510,-360,-158,68,285,480,625,720,745,691,556,352,108,-160,-415,-640,-796,-864,-839,-714,-498,-215,90,403,671,873,961,933,781,538,231,-105,-433,-699,-878,-944,-897,-731,-485,-186,121,416,654,795,829,766,620,400,157,-104,-349,-538,-653,-691,-644,-516,-345,-135,86,290,441,535,561,524,419,262,84,-100,-268,-396,-471,-475,-422,-297,-131,45,216,330,376,353,256,115,-226,18,0,-265,-671,-72,-89,-83,-54,-11,37,75,107,124,128,109,72,27,-28,-81,-123,-153,-163,-156,-129,-86,-24,32,88,138,175,199,191,167,121,62,-9,-78,-140,-194,-230,-241,-228,-195,-124,-31,47,128,227,286,313,310,276,214,106,-11,-141,-256,-363,-420,-423,-394,-294,-163,-4,158,317,438,513,507,449,340,185,-5,-190,-346,-469,-537,-540,-473,-360,-196,-18,166,333,452,522,532,467,368,222,49,-124,-284,-390,-457,-478,-444,-365,-243,-104,38,185,291,360,387,384,351,277,180,73,-36,-139,-217,-283,-332,-347,-336,-299,-227,-145,-38,86,202,307,381,422,420,375,285,489,27,-122,-265,-391,-479,-513,-494,-407,-298,-140,35,213,377,493,564,573,530,424,260,73,-123,-321,-483,-593,-642,-626,-536,-389,-203,11,230,428,578,662,678,627,515,329,118,-106,-328,-504,-636,-694,-689,-608,-461,-261,-47,171,382,542,650,693,673,578,421,231,9,-208,-412,-570,-680,-724,-699,-601,-442,-230,-4,240,459,645,768,804,749,613,403,163,-109,-378,-597,-762,-837,-821,-716,-522,-281,-7,271,503,687,785,790,724,585,372,128,-112,-338,-529,-647,-705,-676,-599,-464,-276,-81,128,314,472,576,618,615,551,433,281,95,-103,-280,-435,-556,-619,-625,-567,-450,785,658,0,-67,189,342,140,-70,-290,-472,-612,-708,-724,-668,-540,-355,-120,125,366,570,733,822,811,732,564,333,57,-232,-500,-720,-879,-941,-907,-766,-537,-258,61,389,672,887,1004,1013,917,722,437,94,-251,-574,-844,-1021,-1082,-1030,-856,-583,-268,84,431,732,947,1059,1062,943,737,443,111,-229,-545,-792,-953,-1022,-985,-841,-611,-321,0,319,602,825,958,996,913,759,532,230,-88,-395,-655,-857,-953,-953,-859,-664,-408,-119,179,458,691,839,914,890,762,565,306,15,-268,-523,-712,-829,-868,-808,-656,-446,-191,87,348,562,720,797,791,707,544,330,88,-165,-392,-574,-695,-741,-698,-594,315,-236,-18,206,403,548,640,664,620,521,364,181,-22,-217,-388,-519,-596,-624,-589,-478,-338,-168,24,221,385,512,588,604,576,476,328,158,-42,-233,-399,-519,-598,-634,-591,-497,-345,-152,50,244,425,573,674,693,645,526,353,147,-91,-327,-547,-709,-803,-804,-717,-549,-304,-26,270,540,760,880,915,835,657,389,69,-263,-572,-806,-938,-957,-857,-651,-370,-47,279,567,770,881,878,779,574,304,14,-258,-504,-667,-746,-738,-638,-469,-257,-18,218,411,548,623,619,536,395,215,15,-179,-348,-460,-514,-503,-425,-295,-126,55,224,363,432,439,368,233,73,-90,-219,-291,-319,-393,0,741,418,-14,16,56,90,112,112,93,60,17,-37,-87,-123,-144,-149,-128,-97,-46,7,60,108,151,172,171,158,121,79,11,-53,-113,-168,-203,-214,-202,-169,-123,-54,28,109,187,251,272,265,256,206,118,24,-82,-185,-286,-349,-372,-355,-300,-202,-57,79,223,348,435,475,460,387,262,90,-101,-268,-413,-512,-538,-501,-407,-276,-102,90,262,408,504,538,510,423,284,127,-60,-232,-367,-470,-511,-504,-432,-302,-155,11,160,290,388,434,444,394,302,193,71,-45,-159,-251,-311,-347,-353,-327,-269,-199,-107,-5,92,193,276,333,380,384,343,268,158,36,-96,-231,-349,-571,-469,-456,-402,-302,-164,-6,170,317,434,522,545,518,421,287,116,-74,-261,-432,-548,-602,-603,-541,-415,-238,-33,184,379,530,626,665,624,525,359,158,-57,-271,-470,-616,-683,-685,-611,-477,-294,-80,141,356,531,645,687,677,588,441,247,35,-188,-395,-555,-666,-711,-679,-580,-426,-232,-15,217,429,605,715,758,731,623,448,212,-49,-306,-531,-704,-802,-832,-746,-589,-363,-93,184,449,658,783,836,779,646,444,189,-71,-316,-530,-684,-745,-734,-659,-511,-317,-94,130,324,497,608,652,646,572,453,278,89,-107,-297,-449,-561,-624,-618,-554,-448,-291,-106,91,277,436,-64,438
61189,mtk,MTK 7916,860532024,rx1-tx1,512,0,0,0,-683,-579,-345,-38,277,552,724,740,608,366,49,-288,-558,-714,-722,-589,-348,-36,279,527,668,670,524,278,-14,-295,-513,-610,-567,-418,-180,98,349,514,567,499,325,75,-192,-405,-529,-539,-424,-216,35,284,479,559,511,355,124,-132,-369,-534,-581,-499,-312,-57,208,428,559,573,466,254,2,-246,-444,-551,-533,-401,-186,65,299,461,514,457,307,81,-159,-360,-487,-501,-400,-209,32,265,445,532,507,378,163,-99,-342,-510,-583,-536,-370,-126,137,364,534,590,525,362,126,-132,-358,-510,-558,-491,-335,-112,129,343,467,496,435,287,87,-128,-300,-399,-417,-346,-199,0,133,253,316,305,214,80,-67,-193,-261,-259,-198,-87,52,189,281,313,268,158,9,-154,-295,-372,-370,-292,-139,57,245,388,452,423,309,115,-113,-319,-469,-525,-473,-329,-114,137,368,523,580,519,351,104,-166,-400,-559,-608,-539,-356,-96,184,437,608,651,560,366,95,-207,-472,-650,-706,-618,-397,-107,207,489,671,731,654,457,167,-160,-461,-668,-743,-686,-500,-227,81,374,589,687,664,524,299,17,-271,-495,-605,-605,-511,-322,-79,170,374,509,547,476,324,125,-93,-284,-417,-471,-440,-337,-181,2,175,312,390,406,365,270,138,-4,-125,-218,-274,-293,-273,-221,0,0,0,0,0,166,87,-24,-157,-293,-404,-471,-474,-406,-273,-87,128,336,500,594,594,493,307,64,-199,-443,-610,-669,-618,-456,-206,86,366,579,695,682,537,286,-24,-318,-560,-696,-696,-557,-305,9,327,594,744,741,587,317,-15,-358,-642,-799,-796,-636,-344,23,388,684,840,845,681,371,-17,-409,-721,-885,-877,-695,-366,36,422,723,885,876,689,352,-57,-453,-753,-900,-861,-651,-302,115,505,793,915,851,606,235,-188,-583,-865,-964,-854,-570,-162,288,681,936,1003,872,566,133,-339,-754,-1022,-1085,-935,-595,-126,364,787,1061,1129,979,633,161,-345,-787,-1065,-1134,-984,-634,-158,350,0,1047,1093,921,567,101,-384,-783,-1020,-1051,-859,-481,-14,458,838,1038,1019,785,387,-90,-549,-906,-1083,-1036,-766,-337,164,640,984,1123,1038,745,299,-211,-681,-1013,-1136,-1036,-715,-249,248,692,1003,1107,976,648,187,-299,-712,-970,-1023,-861,-521,-77,380,738,932,930,723,358,-83,-507,-815,-953,-883,-615,-217,235,652,929,1012,893,580,143,-322,-731,-989,-1046,-896,-561,-113,357,752,996,1035,870,533,92,-355,-718,-937,-965,-803,-483,-79,333,658,836,846,682,388,36,-313,-589,-724,-697,-526,-253,62,357,547,610,538,344,80,-192,-421,-551,-549,-423,-195,88,352,534,601,548,0,0,0,0,0,-113,-408,-633,-731,-675,-486,-198,132,444,670,754,693,499,209,-121,-423,-632,-711,-649,-458,-172,142,417,597,651,574,369,87,-194,-427,-568,-583,-460,-248,13,273,473,556,523,377,142,-115,-346,-507,-558,-475,-284,-38,221,434,553,553,434,216,-44,-298,-490,-580,-545,-393,-165,101,342,505,565,503,342,104,-158,-376,-502,-524,-431,-249,-20,218,406,495,469,344,142,-99,-319,-469,-525,-466,-302,-64,193,409,537,555,456,263,14,-240,-458,-575,-578,-462,-254,-2,255,460,569,564,449,237,-12,-250,-436,-534,-516,-398,-213,19,231,387,467,451,337,157,-36,-208,-331,0,-333,-225,-71,88,217,285,281,214,94,-52,-184,-268,-280,-228,-116,31,177,287,340,316,210,47,-127,-285,-393,-420,-354,-209,-17,190,363,474,495,409,228,-2,-239,-424,-534,-539,-431,-234,12,269,479,577,570,449,227,-40,-298,-509,-621,-604,-467,-235,57,341,564,670,643,494,250,-55,-360,-598,-721,-700,-548,-280,37,338,582,718,723,592,351,43,-266,-530,-695,-721,-622,-409,-117,182,442,608,660,599,425,176,-91,-328,-504,-577,-543,-419,-220,17,244,411,488,484,403,251,52,-150,-312,-412,-437,-387,-283,-144,20,173,293,357,367,331,256,158,55,-37,-111,0,0,0,0,0,243,322,367,362,302,195,43,-136,-311,-455,-541,-542,-457,-298,-88,147,377,556,641,618,491,271,0,-276,-510,-654,-682,-597,-398,-117,188,462,644,715,639,429,147,-164,-457,-661,-743,-673,-459,-154,191,504,714,788,709,488,167,-202,-541,-763,-846,-773,-530,-173,219,567,806,887,792,543,178,-226,-585,-834,-914,-809,-540,-168,244,608,846,912,798,512,118,-289,-648,-871,-915,-760,-446,-42,366,708,902,905,733,405,-22,-444,-778,-955,-936,-729,-369,76,520,857,1027,994,753,352,-121,-586,-942,-1113,-1063,-808,-382,117,596,957,1136,1089,836,414,-96,-579,-942,-1116,-1067,0,-390,108,570,922,1083,1010,733,305,-176,-621,-934,-1052,-944,-641,-198,277,705,996,1077,924,584,128,-366,-790,-1050,-1091,-916,-546,-49,450,851,1094,1118,912,519,24,-476,-881,-1101,-1094,-873,-469,17,494,870,1060,1026,782,378,-99,-538,-863,-996,-913,-639,-232,219,617,882,953,810,486,52,-387,-749,-959,-961,-753,-384,71,512,849,1024,992,743,340,-123,-560,-895,-1058,-997,-740,-338,133,572,887,1019,950,702,319,-119,-527,-817,-929,-847,-610,-261,129,475,717,798,705,475,159,-180,-458,-630,-653,-535,-311,-17,269,478,571,532,374,132,-143,-389,-545,-576,-477,-271,8,290,0,0
61190,mtk,MTK 7916,860532024,rx2-tx0,512,0,0,0,-1170,-944,-522,19,579,1034,1284,1279,1007,526,-66,-662,-1134,-1377,-1341,-1028,-506,121,728,1193,1411,1347,1000,444,-196,-792,-1236,-1418,-1304,-930,-362,281,865,1264,1395,1239,826,239,-394,-936,-1280,-1350,-1138,-688,-93,516,1015,1295,1292,1020,538,-58,-642,-1085,-1290,-1219,-890,-374,212,744,1112,1242,1110,735,201,-364,-838,-1130,-1175,-962,-542,-12,515,928,1131,1076,790,326,-208,-689,-1020,-1128,-974,-601,-99,426,866,1120,1121,870,429,-118,-650,-1046,-1222,-1130,-796,-290,290,823,1190,1308,1153,748,179,-436,-963,-1297,-1372,-1158,-704,-100,534,1066,1373,1393,1138,645,14,-621,-1126,-1406,-1398,-1099,-573,0,697,1184,1423,1369,1039,492,-156,-775,-1235,-1436,-1339,-966,-390,271,873,1300,1465,1324,913,308,-369,-972,-1375,-1503,-1325,-868,-231,449,1047,1438,1541,1329,843,182,-513,-1109,-1482,-1562,-1326,-812,-136,558,1146,1520,1584,1323,798,122,-582,-1176,-1522,-1565,-1296,-777,-111,582,1157,1494,1534,1262,747,93,-575,-1121,-1446,-1481,-1224,-735,-103,552,1086,1401,1437,1196,736,137,-487,-1006,-1324,-1391,-1191,-763,-204,374,865,1176,1267,1123,775,293,-224,-675,-991,-1111,-1021,-744,-349,93,505,802,941,903,702,387,22,-331,-614,-773,-787,-667,-438,-150,148,408,585,661,635,520,341,130,-77,-246,-358,-406,-395,0,0,0,0,0,413,432,392,283,109,-105,-331,-533,-674,-723,-661,-485,-217,96,408,672,833,855,722,456,101,-286,-639,-887,-986,-897,-635,-252,193,621,939,1094,1053,803,391,-104,-593,-980,-1188,-1176,-937,-517,16,558,992,1239,1255,1037,610,45,-533,-1004,-1279,-1312,-1091,-653,-80,509,1000,1296,1341,1120,680,103,-492,-991,-1291,-1340,-1121,-691,-123,462,942,1226,1260,1045,621,79,-466,-907,-1160,-1169,-926,-505,6,506,896,1090,1056,800,374,-126,-588,-915,-1043,-947,-651,-216,267,691,962,1025,869,524,58,-421,-815,-1038,-1042,-818,-417,71,557,934,1117,1067,787,343,-174,-656,-1010,-1169,-1079,-753,-271,0,759,1085,1193,1055,694,178,-368,-840,-1145,-1210,-1017,-606,-66,494,948,1203,1209,962,509,-61,-633,-1068,-1277,-1234,-930,-421,184,753,1169,1344,1247,887,339,-276,-838,-1233,-1374,-1228,-829,-263,364,912,1270,1358,1171,740,154,-449,-951,-1260,-1306,-1070,-608,-30,546,1002,1238,1204,924,448,-122,-657,-1042,-1202,-1101,-772,-284,269,759,1074,1159,995,623,125,-399,-831,-1082,-1097,-875,-472,27,507,869,1053,1004,737,323,-155,-587,-884,-982,-864,-558,-139,300,663,867,878,696,353,-62,-460,-757,-875,-791,-532,-147,277,632,849,882,707,368,-55,-473,-801,-959,-897,-631,-225,243,673,964,1050,908,0,0,0,0,0,-243,-747,-1117,-1256,-1135,-779,-252,339,876,1245,1359,1203,793,213,-411,-956,-1313,-1407,-1213,-768,-160,477,1017,1352,1410,1178,707,90,-547,-1073,-1372,-1382,-1107,-612,16,639,1116,1355,1316,1002,480,-143,-737,-1169,-1348,-1236,-866,-321,291,839,1205,1315,1148,732,160,-430,-921,-1219,-1248,-1017,-577,-5,559,982,1197,1152,857,381,-169,-679,-1036,-1157,-1031,-677,-176,361,813,1076,1101,884,470,-50,-565,-952,-1130,-1051,-738,-261,282,773,1095,1178,1011,620,82,-486,-957,-1228,-1241,-992,-522,65,643,1100,1334,1281,963,445,-173,-765,-1208,-1406,-1300,-927,-373,271,864,1278,1434,1292,883,298,-355,-938,-1323,0,-1269,-823,-217,432,996,1354,1432,1212,742,118,-532,-1071,-1389,-1428,-1172,-662,-12,639,1160,1448,1436,1123,584,-79,-737,-1245,-1505,-1462,-1118,-544,141,804,1312,1553,1471,1099,506,-195,-865,-1356,-1575,-1484,-1092,-482,228,897,1378,1587,1481,1079,459,-248,-902,-1376,-1571,-1456,-1060,-450,246,888,1350,1535,1417,1018,419,-250,-865,-1308,-1483,-1369,-995,-432,209,814,1243,1424,1340,1000,473,-135,-701,-1124,-1333,-1286,-994,-529,20,545,953,1167,1160,941,562,90,-380,-759,-980,-1015,-863,-559,-170,235,584,801,863,776,557,246,-90,-396,-623,-730,-709,-582,-370,-111,147,364,511,573,551,461,325,177,28,0,0,0,0,0,-4,159,316,461,569,607,554,413,196,-72,-356,-600,-760,-801,-712,-502,-189,174,519,782,917,893,704,381,-26,-438,-784,-998,-1031,-873,-542,-99,378,803,1085,1160,1026,688,205,-320,-793,-1131,-1250,-1134,-797,-295,267,786,1159,1315,1209,865,350,-232,-779,-1183,-1350,-1249,-912,-391,214,768,1171,1355,1268,931,406,-188,-735,-1143,-1314,-1225,-896,-392,183,710,1088,1243,1139,807,320,-220,-706,-1039,-1147,-1010,-667,-192,314,745,1012,1062,885,517,51,-421,-805,-1010,-996,-767,-368,107,565,903,1043,960,671,230,-264,-705,-1004,-1094,-954,-612,-132,383,824,1095,1141,956,562,49,-472,-901,-1152,0,-927,-496,37,575,992,1190,1151,870,401,-148,-671,-1058,-1222,-1131,-796,-290,280,800,1157,1269,1112,723,171,-422,-930,-1250,-1317,-1103,-661,-82,526,1028,1315,1335,1080,599,-8,-618,-1106,-1354,-1323,-1027,-521,92,687,1132,1335,1260,924,398,-202,-751,-1143,-1290,-1160,-784,-255,323,830,1149,1219,1030,619,79,-463,-905,-1155,-1150,-897,-458,77,590,968,1130,1055,759,306,-212,-684,-996,-1092,-967,-627,-157,327,736,977,1003,814,450,3,-438,-777,-935,-882,-638,-257,176,556,803,872,741,439,41,-365,-688,-859,-831,-620,-259,172,566,829,910,792,494,76,-371,-746,-965,-976,-772,-391,90,562,0,0
61191,mtk,MTK 7916,860532024,rx2-tx1,512,0,0,0,787,357,-160,-649,-1015,-1176,-1096,-787,-309,237,735,1083,1216,1107,770,272,-277,-770,-1100,-1210,-1074,-723,-224,321,786,1089,1176,1013,641,145,-367,-791,-1048,-1076,-873,-495,-24,443,814,994,959,708,310,-146,-569,-856,-952,-849,-541,-112,336,716,938,947,748,383,-70,-517,-851,-997,-930,-661,-248,223,652,943,1021,884,565,106,-381,-778,-1012,-1035,-823,-422,71,555,919,1091,1040,750,290,-234,-726,-1075,-1202,-1084,-728,-203,364,864,1195,1290,1119,714,169,-414,-923,-1247,-1331,-1148,-734,-159,446,953,1273,1338,1130,702,145,-442,-937,-1239,-1295,-1096,-683,-145,413,877,1156,1207,1014,624,125,0,-784,-1035,-1069,-884,-525,-69,378,726,912,896,694,357,-52,-448,-727,-832,-762,-533,-190,189,521,734,779,654,389,37,-323,-616,-767,-738,-543,-233,138,486,731,817,729,464,90,-318,-670,-895,-934,-769,-438,1,454,834,1054,1061,859,478,-17,-520,-932,-1163,-1163,-940,-537,-11,527,973,1232,1249,1033,611,58,-500,-974,-1272,-1320,-1122,-716,-172,407,905,1238,1340,1198,838,340,-213,-720,-1090,-1256,-1187,-909,-487,9,488,860,1060,1068,885,543,132,-270,-617,-836,-891,-787,-549,-224,118,420,634,728,692,536,295,14,-245,-450,-578,-609,-542,-402,-215,-11,175,309,389,409,373,299,0,0,0,0,0,-319,-206,-48,153,361,536,652,690,629,464,216,-73,-361,-596,-735,-759,-656,-431,-131,198,502,725,813,743,541,236,-126,-468,-728,-849,-807,-605,-288,97,477,762,907,881,679,340,-72,-480,-807,-983,-961,-757,-398,48,477,821,1015,1002,795,434,-21,-473,-834,-1032,-1025,-806,-428,35,490,854,1045,1016,791,405,-58,-504,-852,-1029,-990,-748,-364,91,532,859,1005,949,690,292,-159,-574,-867,-978,-887,-611,-211,231,627,898,978,844,536,125,-316,-692,-927,-979,-822,-495,-67,374,746,957,964,784,449,10,-429,-765,-947,-945,-742,-378,63,480,790,943,894,656,289,-139,-546,0,-955,-861,-599,-217,219,604,855,925,813,525,122,-303,-650,-857,-875,-703,-388,14,413,720,876,837,603,242,-171,-555,-827,-917,-806,-521,-115,329,713,952,989,817,477,16,-462,-840,-1040,-1035,-817,-421,60,530,890,1058,1016,768,348,-145,-601,-926,-1051,-962,-661,-211,272,700,979,1035,868,519,56,-418,-806,-1013,-998,-776,-389,87,553,905,1057,981,692,253,-249,-703,-1010,-1100,-953,-601,-127,384,823,1094,1125,922,537,38,-484,-910,-1139,-1129,-889,-473,35,540,937,1137,1094,830,392,-118,-604,-958,-1104,-1014,-712,-263,236,673,964,1055,921,590,130,-360,-770,-1015,-1043,-840,-457,0,0,0,0,0,808,1083,1138,962,579,66,-465,-900,-1161,-1187,-965,-550,-21,518,954,1197,1190,946,517,-23,-553,-971,-1188,-1153,-881,-438,88,591,959,1131,1072,784,335,-172,-631,-945,-1053,-933,-622,-183,283,679,929,964,783,434,-12,-448,-785,-946,-891,-644,-253,208,625,905,980,839,521,97,-368,-758,-985,-991,-778,-398,64,523,876,1040,979,698,261,-234,-673,-975,-1080,-935,-585,-107,400,835,1101,1133,920,504,-27,-565,-995,-1228,-1206,-931,-460,109,662,1088,1301,1250,948,456,-131,-695,-1125,-1332,-1269,-952,-449,148,714,1131,1317,1247,929,427,-149,-687,-1082,-1256,-1186,-883,-406,134,633,992,1142,0,792,358,-132,-574,-884,-996,-904,-634,-235,205,582,814,867,740,458,76,-310,-618,-786,-782,-602,-295,69,418,674,777,697,468,131,-244,-566,-759,-783,-630,-332,43,415,710,862,824,607,249,-179,-595,-895,-1008,-922,-645,-224,265,709,1020,1138,1042,723,256,-267,-755,-1104,-1240,-1131,-794,-310,241,768,1145,1299,1205,885,390,-189,-724,-1127,-1332,-1285,-991,-522,33,585,1030,1282,1291,1068,665,159,-370,-821,-1103,-1179,-1046,-730,-302,158,567,860,991,933,715,385,1,-364,-639,-789,-792,-649,-405,-103,202,455,618,668,612,454,231,-11,-235,-407,-506,-530,-476,-363,-223,-76,53,154,0,0,0,0,0,-353,-488,-571,-585,-517,-372,-165,83,334,549,698,742,664,473,201,-113,-411,-651,-777,-764,-616,-351,-16,328,615,783,820,695,427,77,-291,-615,-825,-875,-759,-491,-122,287,646,883,951,841,555,163,-269,-660,-923,-1010,-905,-618,-203,255,667,948,1045,931,637,215,-258,-685,-971,-1062,-938,-630,-199,276,692,965,1053,923,599,158,-306,-700,-955,-1019,-870,-541,-108,348,730,956,977,805,469,32,-413,-762,-948,-943,-740,-375,65,490,813,972,930,695,314,-127,-551,-869,-1002,-923,-658,-265,182,595,881,985,885,611,210,-245,-641,-896,-961,-827,-531,-126,312,681,902,937,776,0,31,-389,-728,-918,-910,-713,-372,48,454,757,902,860,636,276,-146,-528,-788,-878,-777,-499,-111,299,654,873,892,709,376,-50,-471,-791,-954,-917,-678,-285,171,608,917,1033,940,656,222,-264,-698,-988,-1072,-931,-599,-148,339,752,1011,1056,875,515,44,-441,-830,-1035,-1012,-770,-375,111,572,898,1032,956,668,225,-267,-696,-977,-1046,-892,-543,-68,412,810,1040,1046,823,427,-64,-552,-931,-1107,-1046,-766,-324,187,669,1018,1156,1053,728,248,-267,-728,-1049,-1151,-1009,-663,-182,342,791,1065,1116,939,566,78,-421,-827,-1047,-1049,-833,-438,47,520,874,1038,989,719,286,-200,-647,-960,0,0
61192,mtk,MTK 7916,860563464,rx0-tx0,512,-330,-233,-47,-104,96,294,473,631,745,817,843,817,742,637,492,326,131,-66,-260,-439,-597,-719,-812,-855,-851,-799,-702,-566,-387,-198,14,231,437,624,776,890,938,947,889,776,617,414,183,-50,-295,-531,-728,-877,-980,-1019,-992,-902,-763,-576,-355,-113,138,378,586,761,889,963,970,934,840,697,517,305,80,-152,-378,-571,-731,-856,-928,-939,-901,-805,-664,-483,-275,-49,176,387,574,736,837,894,901,839,726,584,402,201,-17,-222,-418,-574,-697,-782,-806,-786,-718,-606,-465,-300,-123,56,230,388,520,613,672,681,656,598,503,386,258,103,-44,-188,-312,-422,-505,-552,-573,-575,-26,-474,-377,-272,-151,-13,125,247,357,441,521,559,568,547,489,406,299,175,35,-111,-251,-370,-477,-550,-598,-596,-564,-496,-396,-279,-147,8,155,291,407,500,572,609,600,560,491,371,250,107,-44,-191,-329,-456,-551,-609,-625,-607,-563,-472,-348,-198,-35,128,305,451,565,646,664,651,593,486,340,169,-6,-198,-366,-492,-573,-627,-619,-564,-458,-333,-180,-26,127,264,357,416,439,427,386,312,234,141,49,-43,-127,-181,-213,-229,-230,-205,-181,-140,-102,-68,-35,2,30,54,66,79,81,97,93,89,89,81,64,47,32,6,-25,-54,-80,-96,-104,-95,-70,-38,-580,-468,510,349,467,-165,-223,-254,-254,-215,-142,-53,52,147,234,303,342,363,347,308,237,148,50,-57,-169,-272,-350,-423,-463,-478,-456,-394,-307,-197,-63,81,232,374,513,613,663,680,657,575,451,271,74,-136,-359,-548,-713,-837,-905,-909,-839,-715,-523,-299,-39,234,490,717,908,1032,1080,1057,952,774,547,287,-15,-308,-576,-811,-981,-1097,-1139,-1099,-981,-805,-576,-298,-3,282,561,791,977,1080,1125,1103,998,834,617,360,94,-195,-461,-689,-886,-1020,-1091,-1088,-1022,-883,-699,-472,-204,65,315,570,783,935,1028,1063,1029,923,774,580,334,79,-177,-430,-642,-812,-939,-1005,-1015,-950,-827,-659,301,-238,-8,225,440,631,783,889,948,945,896,801,658,487,278,48,-186,-417,-624,-799,-932,-1010,-1028,-992,-873,-714,-510,-265,-4,260,505,714,886,1006,1070,1057,987,861,687,474,227,-20,-277,-509,-730,-902,-1013,-1084,-1078,-1018,-904,-724,-508,-263,11,280,540,767,949,1071,1140,1137,1064,932,727,498,221,-67,-345,-603,-837,-1016,-1125,-1171,-1142,-1040,-868,-651,-396,-105,168,439,678,860,996,1072,1072,1026,905,739,538,296,57,-180,-411,-616,-786,-900,-949,-955,-908,-810,-674,-489,-291,-72,155,363,550,711,819,872,896,856,768,644,482,290,79,-127,-332,-508,-659,-770,-841,-849,-58,109,-82,588,628,835,837,792,703,573,401,213,7,-197,-376,-538,-673,-776,-833,-835,-793,-715,-594,-442,-263,-62,138,338,517,678,791,869,900,879,804,681,518,313,93,-138,-374,-579,-761,-898,-976,-990,-959,-851,-691,-495,-266,-17,231,465,676,838,948,998,993,925,805,642,435,202,-32,-261,-481,-666,-816,-911,-954,-941,-874,-754,-602,-405,-185,42,267,481,659,795,892,926,907,829,713,549,350,135,-96,-317,-501,-659,-780,-852,-864,-828,-743,-609,-444,-253,-54,134,319,477,609,698,742,741,696,611,493,355,193,23,-140,-289,-419,-510,-584,-620,-620,-585,-522,-435,-323,-192,-62,75,628,329,427,496,545,568,549,509,437,352,235,99,-35,-170,-303,-415,-505,-559,-583,-576,-537,-462,-355,-230,-83,64,201,340,449,530,587,607,580,526,436,331,201,53,-97,-233,-374,-479,-552,-608,-616,-593,-529,-435,-302,-153,2,147,297,438,546,619,649,647,595,486,365,199,20,-151,-326,-470,-580,-642,-663,-640,-551,-418,-270,-98,81,245,378,476,536,551,523,445,337,224,98,-26,-144,-232,-294,-334,-338,-322,-275,-218,-157,-95,-26,31,82,123,140,147,143,134,122,108,91,69,51,31,-1,-12,-31,-51,-68,-78,-93,-106,-106,-94,-70,-40,-7,31,62,80,225,384,-82,417,319,-133,-78,4,95,191,264,311,324,296,245,164,73,-25,-128,-223,-306,-360,-395,-406,-390,-332,-260,-171,-52,68,201,318,420,501,557,570,546,485,389,239,71,-100,-287,-460,-615,-730,-787,-803,-752,-642,-486,-282,-52,192,424,642,822,940,1001,985,892,742,536,284,9,-274,-549,-780,-950,-1074,-1117,-1081,-974,-793,-550,-284,16,311,582,810,993,1110,1136,1100,990,815,585,321,49,-246,-523,-753,-938,-1059,-1121,-1111,-1012,-874,-672,-423,-156,123,394,634,823,973,1060,1068,1021,920,743,523,276,9,-262,-508,-706,-881,-999,-1041,-1027,-945,-798,-617,-394,-152,97,340,555,742,-176,945,975,943,860,727,555,354,133,-98,-311,-526,-701,-840,-931,-972,-956,-897,-778,-618,-407,-176,76,330,577,768,929,1026,1068,1036,944,789,602,368,114,-155,-403,-629,-815,-962,-1042,-1076,-1049,-949,-805,-595,-371,-120,153,405,638,834,978,1084,1117,1083,987,833,631,381,113,-175,-444,-694,-897,-1053,-1158,-1175,-1119,-999,-823,-582,-314,-30,269,545,782,958,1092,1137,1121,1037,884,684,461,201,-61,-318,-553,-740,-892,-985,-1011,-990,-918,-786,-611,-397,-176,49,281,485,667,796,880,925,910,839,734,580,384,181,-37,-258,-449,-616,-750,-834,-873,-856,-802,-696,-555,-382,-185,27,595,521
61193,mtk,MTK 7916,860563464,rx0-tx1,512,-686,-99,-363,342,462,548,597,614,587,523,431,321,189,49,-82,-209,-326,-415,-474,-512,-516,-493,-451,-381,-285,-192,-93,13,117,207,300,379,435,468,478,469,432,378,303,209,108,-10,-133,-242,-346,-443,-505,-550,-569,-554,-507,-424,-316,-182,-34,109,253,394,515,604,660,672,643,574,479,346,194,22,-150,-317,-469,-585,-668,-721,-721,-674,-594,-472,-329,-162,23,197,367,509,624,696,729,708,652,564,439,284,107,-60,-228,-386,-513,-615,-678,-702,-679,-622,-523,-397,-242,-78,80,243,387,506,599,652,668,643,581,491,366,220,61,-93,-247,-383,-500,-585,-636,-652,-624,-571,-38,-355,-199,-43,116,277,419,529,611,652,657,628,557,453,317,158,-12,-180,-339,-479,-585,-659,-687,-675,-613,-517,-389,-234,-60,115,285,428,549,637,673,666,622,533,419,282,131,-32,-200,-346,-470,-559,-618,-639,-624,-558,-460,-339,-203,-52,111,252,378,477,550,594,592,557,485,391,264,121,-24,-164,-294,-420,-521,-566,-589,-573,-509,-416,-291,-144,6,155,304,421,500,557,568,534,453,345,227,80,-61,-193,-302,-385,-449,-476,-459,-405,-332,-236,-122,-1,114,216,299,361,376,374,344,276,191,94,-13,-114,-201,-265,-307,-309,-272,-210,-125,-32,60,135,177,189,608,384,0,341,124,-63,-11,55,123,174,207,217,200,164,100,25,-52,-115,-172,-220,-242,-250,-232,-200,-143,-80,-9,64,124,181,218,236,246,233,205,157,106,39,-19,-76,-125,-159,-185,-207,-214,-205,-184,-154,-124,-89,-45,-3,40,80,122,156,185,205,214,214,204,182,136,90,35,-26,-90,-154,-202,-233,-258,-255,-242,-222,-178,-125,-70,-9,52,101,147,186,213,230,236,226,210,182,148,102,57,1,-60,-120,-176,-220,-261,-285,-296,-285,-261,-214,-157,-93,-14,70,157,221,273,316,344,339,319,283,221,147,71,-7,-93,-175,-244,-302,-344,-369,-370,-347,-308,-243,-168,-87,-48,109,194,270,345,393,417,424,400,357,287,198,93,-10,-128,-236,-333,-412,-473,-494,-489,-459,-394,-304,-187,-66,61,189,302,394,467,509,521,503,459,391,295,181,66,-60,-196,-309,-405,-483,-528,-542,-543,-510,-432,-340,-225,-92,40,179,315,420,510,583,610,603,571,495,394,260,108,-43,-210,-357,-483,-578,-646,-674,-665,-612,-517,-395,-244,-83,86,263,414,541,636,691,701,669,592,487,353,192,17,-148,-300,-437,-545,-624,-669,-661,-620,-541,-434,-304,-162,-6,146,295,427,532,606,647,643,610,533,426,296,146,-13,-170,-319,-445,-546,-615,-642,-632,-582,-492,576,16,9,-945,-889,521,421,293,152,1,-154,-289,-401,-487,-545,-562,-551,-515,-445,-349,-239,-122,5,119,223,318,392,443,479,483,460,423,370,288,200,100,-4,-111,-215,-305,-393,-453,-494,-516,-508,-470,-415,-320,-207,-92,42,175,310,429,528,595,621,615,581,510,404,271,117,-46,-209,-359,-494,-605,-672,-707,-695,-641,-544,-411,-263,-94,90,259,415,551,644,715,731,703,634,528,385,223,41,-140,-305,-453,-578,-668,-710,-711,-677,-595,-480,-341,-182,-14,151,312,453,564,645,678,682,641,553,442,304,152,-5,-167,-315,-448,-552,-613,-643,-642,-610,-535,-427,-287,-136,30,185,325,634,556,620,644,644,608,517,403,264,108,-54,-219,-369,-495,-597,-667,-687,-664,-600,-496,-364,-209,-34,144,316,457,567,651,686,678,622,529,409,257,92,-72,-244,-394,-514,-597,-648,-659,-625,-544,-435,-305,-161,-6,155,308,425,516,578,613,604,551,470,359,234,87,-63,-205,-334,-445,-530,-575,-587,-564,-510,-419,-288,-147,-8,147,294,415,508,562,581,565,503,393,270,131,-27,-180,-310,-404,-483,-524,-514,-467,-387,-290,-171,-36,93,206,300,376,418,424,399,343,267,168,60,-39,-147,-239,-299,-335,-342,-315,-261,-186,-91,19,114,189,240,258,238,182,103,24,-806,-876,0,-99,-314,148,172,172,147,99,38,-36,-107,-167,-214,-235,-233,-203,-168,-110,-48,22,92,154,206,238,258,249,222,181,118,58,-10,-76,-137,-181,-213,-231,-225,-216,-182,-142,-100,-56,-4,45,89,123,149,174,192,199,196,182,165,134,100,47,-2,-55,-105,-160,-200,-230,-246,-249,-235,-204,-156,-112,-46,22,78,132,184,217,245,254,243,216,187,148,99,55,-9,-54,-104,-146,-189,-217,-233,-249,-246,-234,-199,-159,-110,-50,20,93,162,227,269,303,321,321,293,244,191,124,40,-50,-127,-206,-272,-316,-341,-352,-349,-316,-267,-199,-118,-33,59,145,229,299,349,382,-1135,391,347,299,227,136,48,-56,-158,-253,-338,-404,-444,-465,-453,-410,-345,-259,-151,-29,94,215,327,416,479,511,517,492,432,345,237,110,-12,-137,-252,-356,-443,-497,-524,-533,-501,-441,-364,-260,-137,-16,103,243,363,458,531,567,574,558,498,408,307,178,29,-109,-254,-384,-501,-588,-628,-643,-624,-563,-463,-332,-182,-19,144,304,448,565,650,688,695,652,563,441,294,132,-36,-209,-368,-499,-603,-673,-694,-665,-608,-516,-396,-254,-91,79,232,375,489,573,626,645,632,581,491,371,235,79,-78,-233,-379,-492,-583,-637,-650,-621,-558,-460,-341,-197,-45,111,263,395,21,-400
61194,mtk,MTK 7916,860563464,rx1-tx0,512,0,-1787,-1582,670,616,541,428,290,137,-33,-203,-368,-514,-636,-725,-771,-783,-742,-650,-531,-363,-173,34,245,440,618,764,870,919,925,857,737,571,367,126,-121,-361,-590,-786,-932,-1015,-1049,-1003,-890,-731,-524,-274,-2,263,521,742,915,1039,1081,1062,980,841,642,408,156,-111,-370,-589,-778,-923,-1017,-1039,-998,-905,-750,-556,-343,-101,151,380,589,765,893,975,1004,954,861,714,521,303,67,-175,-400,-608,-766,-873,-941,-948,-892,-788,-640,-457,-235,-13,203,403,595,736,827,884,873,810,715,564,381,177,-38,-240,-427,-584,-702,-778,-796,-774,-713,-610,-461,-282,-108,75,254,411,531,-277,689,704,673,612,516,392,257,104,-58,-213,-349,-468,-553,-605,-627,-606,-566,-489,-384,-264,-131,15,159,294,404,497,565,602,602,573,510,424,315,181,36,-110,-249,-363,-478,-564,-618,-647,-634,-587,-497,-394,-251,-97,68,240,396,545,665,747,782,768,712,604,447,263,47,-183,-412,-607,-770,-893,-949,-927,-850,-707,-494,-260,11,272,513,716,855,939,961,896,771,588,354,112,-122,-343,-533,-688,-781,-810,-784,-698,-566,-399,-211,-24,164,327,460,557,611,634,593,508,400,266,120,-40,-189,-315,-412,-483,-509,-487,-432,-338,-206,-62,87,221,317,367,365,315,233,333,-791,0,159,-298,37,64,87,100,104,93,71,47,7,-34,-67,-102,-128,-142,-150,-145,-125,-99,-63,-19,27,69,111,146,176,192,196,188,166,123,78,33,-21,-69,-128,-179,-217,-246,-253,-263,-245,-202,-162,-97,-20,51,144,226,295,355,376,385,370,323,250,147,36,-93,-210,-320,-412,-477,-503,-498,-456,-375,-274,-147,8,146,269,388,468,526,542,519,460,370,252,109,-28,-165,-276,-378,-456,-508,-515,-479,-419,-341,-246,-124,2,122,222,306,373,400,414,404,358,308,244,167,91,13,-58,-126,-197,-252,-301,-328,-348,-356,-355,-325,-268,-210,-136,-44,55,154,254,334,401,489,483,472,439,370,282,176,55,-83,-221,-338,-442,-512,-570,-584,-554,-493,-409,-292,-154,10,168,302,443,547,620,658,655,609,513,407,269,95,-66,-237,-392,-526,-622,-684,-709,-685,-618,-516,-380,-220,-60,115,290,435,548,644,696,706,680,609,501,372,219,66,-98,-267,-415,-544,-639,-703,-736,-723,-670,-571,-451,-290,-108,78,275,455,610,733,803,836,807,722,590,427,233,20,-194,-390,-562,-701,-790,-825,-802,-736,-627,-477,-299,-114,75,256,412,544,635,695,706,676,611,516,391,259,114,-36,-179,-315,-433,-532,-594,-623,-625,-592,-531,-440,-329,-189,-52,97,253,556,690,0,73,-969,-117,-279,-423,-547,-632,-695,-718,-704,-645,-545,-413,-248,-73,114,308,479,632,754,824,857,826,751,629,470,272,53,-179,-407,-607,-781,-914,-987,-992,-938,-826,-654,-436,-204,55,326,564,767,927,1039,1078,1049,959,790,582,330,66,-197,-450,-686,-874,-1002,-1066,-1069,-997,-869,-696,-487,-243,12,257,487,686,841,951,1017,1002,933,814,646,437,212,-37,-276,-487,-691,-837,-931,-971,-951,-881,-753,-574,-371,-154,79,298,498,673,811,897,914,887,811,687,509,317,102,-123,-321,-502,-662,-769,-836,-846,-805,-715,-581,-420,-236,-46,142,330,497,633,709,747,745,697,603,485,315,177,5,-157,-305,-446,-542,-610,-648,-648,-609,-542,-444,-318,-181,-24,119,257,383,481,548,595,602,584,523,447,347,221,82,-62,-206,-332,-440,-528,-592,-619,-611,-561,-495,-404,-278,-142,8,160,309,439,548,643,690,713,676,611,507,364,191,3,-191,-378,-566,-710,-818,-877,-872,-803,-673,-505,-286,-32,220,449,669,822,932,970,934,832,664,444,203,-66,-321,-542,-729,-850,-889,-874,-793,-661,-480,-271,-60,146,340,501,624,688,709,680,600,479,332,172,1,-170,-308,-422,-506,-554,-557,-514,-432,-328,-193,-38,111,237,354,427,458,443,375,265,130,-6,-131,-215,1981,1530,0,700,724,66,59,36,9,-26,-65,-95,-118,-130,-127,-116,-98,-66,-30,13,58,100,131,160,174,173,160,139,104,62,12,-36,-79,-127,-170,-191,-215,-223,-219,-199,-156,-113,-54,3,66,144,202,248,292,303,310,303,257,208,124,34,-55,-161,-261,-353,-416,-449,-457,-428,-374,-277,-158,-22,112,250,362,451,516,542,506,465,374,262,129,-18,-161,-291,-400,-479,-526,-535,-507,-446,-359,-245,-119,20,148,265,357,424,463,469,438,386,324,237,138,44,-64,-152,-225,-290,-336,-357,-363,-348,-330,-293,-240,-175,-106,-36,34,115,200,265,321,375,408,413,402,359,292,212,-571,-11,-123,-239,-348,-433,-494,-530,-536,-498,-436,-343,-233,-103,49,197,325,446,538,601,629,608,563,483,347,210,50,-114,-282,-425,-539,-639,-679,-679,-650,-576,-462,-319,-164,7,186,348,492,608,670,708,710,660,558,436,289,124,-38,-199,-353,-485,-593,-666,-702,-708,-665,-585,-471,-331,-177,-6,170,342,493,617,721,766,782,747,660,538,375,186,-16,-232,-424,-592,-725,-813,-846,-825,-745,-629,-464,-271,-60,147,338,505,641,723,764,762,704,607,481,339,183,7,-157,-308,-437,-536,-606,-650,-654,-618,-552,-461,-353,-221,-86,65,206,335,440,535,600,628,632,587,68,314
61195,mtk,MTK 7916,860563464,rx1-tx1,512,0,0,0,-599,-710,-618,-353,9,388,667,754,640,350,-37,-410,-672,-748,-619,-321,63,419,651,702,555,259,-106,-433,-617,-620,-458,-157,189,467,605,564,355,49,-261,-496,-579,-488,-252,54,342,524,544,401,143,-160,-424,-566,-537,-342,-46,261,491,581,509,281,-37,-338,-536,-587,-469,-216,98,375,546,559,405,139,-156,-399,-529,-499,-325,-57,229,436,512,428,214,-65,-318,-481,-505,-373,-122,169,414,539,508,322,38,-251,-480,-578,-512,-305,-6,296,507,581,498,280,-17,-313,-514,-569,-467,-237,49,319,500,540,429,202,-71,-312,-464,-481,-359,-149,87,287,398,392,280,0,-120,-267,-330,-294,-164,11,170,272,279,186,32,-137,-262,-301,-245,-102,78,246,342,335,229,46,-167,-341,-419,-378,-227,5,246,423,492,417,218,-38,-295,-481,-536,-444,-222,73,355,537,573,457,208,-104,-396,-580,-598,-453,-180,149,444,620,623,452,147,-199,-492,-652,-648,-464,-135,221,525,698,682,478,152,-222,-537,-720,-709,-509,-169,202,524,715,713,523,209,-158,-484,-676,-696,-537,-242,105,411,606,636,507,250,-59,-334,-525,-580,-479,-262,12,274,452,507,430,255,31,-199,-374,-456,-427,-288,-85,120,283,382,402,328,189,27,-126,-242,-307,-304,-250,-161,0,0,0,0,0,76,217,335,402,404,322,154,-59,-279,-458,-551,-527,-380,-140,146,412,593,634,519,276,-27,-341,-582,-683,-617,-390,-62,285,563,698,656,443,109,-255,-557,-704,-664,-446,-101,275,584,742,689,450,81,-318,-628,-768,-709,-454,-61,362,694,835,753,464,35,-399,-725,-864,-766,-448,-4,442,765,881,761,427,-33,-480,-802,-901,-750,-382,96,539,828,898,714,324,-159,-594,-864,-883,-657,-243,242,663,889,867,596,155,-342,-753,-954,-883,-554,-69,441,846,1019,912,540,4,-540,-939,-1082,-929,-523,40,594,997,1133,958,519,-58,-619,-1018,-1149,-970,-519,68,630,1017,1123,0,455,-123,-661,-1008,-1069,-831,-365,208,715,1016,1026,741,244,-320,-796,-1048,-997,-657,-135,434,889,1092,991,605,47,-532,-968,-1130,-976,-558,21,604,1019,1144,954,497,-103,-663,-1033,-1114,-886,-415,164,692,1017,1052,793,316,-249,-729,-985,-962,-660,-163,366,772,947,845,498,0,-498,-855,-952,-776,-360,178,654,936,964,715,256,-290,-758,-1015,-994,-694,-202,360,826,1042,976,652,140,-402,-821,-1018,-934,-597,-103,413,795,950,847,516,46,-419,-742,-852,-729,-404,19,407,669,738,578,259,-112,-436,-618,-605,-415,-102,232,478,575,492,256,-67,-372,-560,-576,-419,-133,201,480,0,0,0,0,0,362,10,-366,-649,-754,-645,-362,20,400,674,762,636,334,-47,-408,-656,-724,-589,-290,82,428,648,668,506,206,-151,-442,-605,-599,-408,-100,220,469,585,527,304,-13,-316,-517,-569,-453,-199,113,386,544,541,374,95,-211,-459,-579,-521,-308,-6,299,519,590,491,247,-65,-353,-539,-571,-441,-184,127,397,542,535,368,93,-193,-415,-522,-468,-270,-5,267,462,506,398,166,-114,-363,-510,-501,-343,-82,209,444,560,512,313,27,-273,-504,-589,-517,-294,12,307,512,583,489,258,-41,-320,-510,-559,-451,-216,66,315,479,514,393,167,-88,-302,-426,-441,-326,-124,95,286,0,346,219,40,-137,-261,-295,-233,-93,74,216,279,253,144,-24,-192,-299,-320,-241,-73,125,294,382,361,227,15,-211,-383,-456,-399,-224,32,276,451,516,437,223,-60,-329,-509,-561,-451,-211,96,381,560,581,452,194,-125,-422,-600,-609,-449,-168,168,462,625,625,452,142,-217,-512,-681,-668,-460,-122,236,537,706,694,489,160,-212,-539,-725,-713,-515,-196,175,503,694,704,537,230,-130,-444,-634,-655,-513,-244,73,371,569,605,489,259,-35,-305,-490,-542,-453,-261,-10,227,402,477,430,274,51,-169,-337,-425,-416,-306,-131,56,218,334,371,331,234,103,-26,-128,-198,0,0,0,0,0,-286,-261,-169,-26,151,324,448,491,431,274,44,-215,-443,-575,-584,-459,-220,87,377,583,659,571,338,20,-309,-567,-686,-634,-420,-95,266,554,698,662,449,102,-270,-570,-725,-683,-451,-87,307,611,754,708,460,72,-337,-658,-804,-728,-446,-44,387,721,854,752,442,5,-439,-759,-883,-772,-445,8,469,794,900,758,403,-55,-509,-822,-894,-723,-356,116,564,849,889,674,272,-204,-632,-880,-878,-622,-196,286,703,928,881,577,114,-390,-799,-985,-885,-535,-28,494,891,1051,919,525,-25,-576,-981,-1124,-959,-530,45,607,1012,1142,961,529,-46,-613,-1011,-1137,-949,-497,94,0,1016,1087,856,391,-173,-679,-1008,-1050,-787,-305,260,753,1029,1017,709,191,-384,-849,-1070,-985,-634,-102,480,928,1115,988,578,5,-577,-994,-1134,-962,-521,66,630,1026,1132,929,462,-133,-684,-1038,-1097,-847,-370,207,716,1009,1008,732,246,-299,-749,-977,-913,-578,-88,429,809,947,802,416,-94,-583,-907,-974,-744,-295,240,711,985,982,709,225,-331,-793,-1038,-995,-673,-168,375,819,1030,945,608,118,-402,-812,-989,-891,-558,-78,413,772,908,798,464,14,-413,-705,-798,-664,-343,63,434,646,655,490,180,-177,-459,-591,-541,-326,-16,299,519,573,451,194,-136,-428,-593,-583,-397,0,0
61196,mtk,MTK 7916,860563464,rx2-tx0,512,0,0,0,-1055,-1213,-1034,-547,112,756,1198,1311,1056,500,-206,-868,-1304,-1371,-1054,-441,301,966,1361,1375,1007,358,-398,-1044,-1398,-1359,-930,-245,512,1125,1410,1289,817,114,-624,-1179,-1394,-1209,-685,31,741,1233,1363,1097,519,-204,-865,-1270,-1314,-976,-352,366,976,1295,1239,825,180,-511,-1046,-1272,-1132,-661,-3,642,1094,1219,981,463,-185,-771,-1123,-1140,-816,-251,383,896,1134,1032,623,33,-570,-1007,-1135,-914,-424,197,764,1109,1122,794,220,-425,-950,-1205,-1112,-680,-39,625,1110,1278,1085,574,-117,-782,-1234,-1336,-1054,-459,263,917,1321,1363,1015,374,-384,-1032,-1386,-1355,-950,-269,496,1121,1424,1326,864,0,-601,-1184,-1432,-1277,-765,-35,708,1258,1443,1212,641,-106,-827,-1324,-1445,-1148,-525,245,949,1390,1439,1090,430,-365,-1065,-1464,-1461,-1054,-342,474,1156,1521,1462,994,254,-563,-1232,-1569,-1470,-957,-174,661,1301,1584,1438,894,97,-727,-1336,-1588,-1412,-838,-39,762,1355,1570,1359,775,-20,-798,-1351,-1537,-1304,-720,70,833,1349,1495,1251,667,-90,-818,-1319,-1458,-1209,-643,85,777,1256,1395,1165,636,-44,-692,-1146,-1294,-1100,-634,-17,580,1006,1166,1020,616,75,-467,-863,-1014,-903,-574,-114,358,716,879,813,549,166,-239,-570,-753,-746,-557,-251,91,399,605,662,575,383,130,-119,-318,-430,-446,-389,0,0,0,0,0,-276,-129,63,285,487,614,622,499,250,-80,-414,-673,-792,-730,-493,-129,289,652,867,874,663,278,-200,-639,-927,-990,-795,-391,126,637,994,1093,909,483,-90,-651,-1057,-1193,-1015,-557,56,671,1113,1266,1087,611,-33,-672,-1141,-1304,-1121,-635,32,701,1184,1347,1146,642,-44,-727,-1212,-1356,-1140,-624,64,735,1207,1345,1119,586,-95,-741,-1169,-1276,-1037,-510,146,758,1142,1199,925,395,-233,-777,-1093,-1098,-786,-260,331,816,1056,988,638,106,-453,-873,-1034,-884,-476,68,598,948,1021,796,328,-241,-742,-1026,-1022,-713,-192,393,872,1107,1022,640,76,-526,-986,-1166,-1018,-585,22,624,1055,0,981,493,-137,-736,-1125,-1189,-917,-380,271,845,1179,1174,835,245,-422,-971,-1238,-1155,-738,-103,569,1084,1298,1140,653,-29,-708,-1197,-1348,-1118,-564,150,826,1273,1364,1073,472,-269,-925,-1315,-1342,-989,-347,386,999,1323,1272,870,218,-489,-1047,-1295,-1172,-716,-56,606,1082,1250,1053,542,-115,-735,-1136,-1195,-905,-357,281,835,1140,1112,759,187,-435,-920,-1139,-1022,-613,-32,552,963,1090,907,455,-120,-646,-974,-1012,-754,-286,261,716,945,889,581,101,-403,-775,-901,-754,-377,107,549,822,847,601,169,-311,-699,-874,-782,-453,24,507,838,916,721,299,-222,-691,-961,-953,-661,-163,407,867,0,0,0,0,0,560,-61,-685,-1128,-1269,-1049,-524,161,816,1256,1348,1062,473,-251,-914,-1330,-1382,-1037,-403,344,998,1382,1375,977,302,-456,-1084,-1404,-1325,-879,-187,562,1152,1407,1263,759,42,-687,-1211,-1379,-1152,-600,118,800,1255,1336,1035,444,-280,-922,-1291,-1286,-900,-262,441,1017,1297,1193,741,80,-587,-1075,-1251,-1061,-562,97,716,1110,1183,905,361,-277,-832,-1134,-1086,-718,-147,474,951,1131,971,510,-95,-671,-1054,-1123,-855,-326,308,857,1158,1117,740,133,-522,-1034,-1249,-1097,-622,46,708,1172,1308,1072,520,-189,-855,-1284,-1353,-1034,-417,319,973,1359,1358,976,314,-439,-1070,-1401,-1341,-903,-207,546,1145,0,1304,814,97,-651,-1218,-1436,-1243,-701,32,764,1282,1439,1181,586,-175,-889,-1360,-1443,-1114,-478,296,1000,1435,1453,1060,377,-421,-1116,-1501,-1464,-1018,-290,519,1200,1549,1467,970,207,-613,-1264,-1570,-1451,-921,-130,685,1314,1583,1419,867,70,-742,-1349,-1586,-1386,-811,-18,774,1349,1550,1328,746,-35,-810,-1351,-1517,-1274,-689,77,811,1328,1477,1224,650,-98,-810,-1290,-1428,-1189,-636,67,738,1205,1348,1134,634,-14,-636,-1080,-1232,-1061,-621,-40,526,934,1090,962,593,89,-410,-787,-950,-865,-566,-139,302,643,812,773,546,199,-177,-497,-689,-711,-570,-315,-8,277,480,570,543,415,229,40,-125,0,0,0,0,0,-317,-442,-503,-469,-329,-93,194,462,653,722,632,385,31,-344,-660,-833,-812,-588,-207,238,645,906,940,737,338,-160,-635,-959,-1043,-863,-441,110,644,1024,1148,965,520,-74,-660,-1085,-1232,-1044,-582,41,670,1124,1284,1117,637,-30,-688,-1161,-1327,-1143,-645,31,705,1190,1350,1145,632,-55,-733,-1210,-1354,-1124,-600,85,735,1187,1315,1080,549,-120,-737,-1156,-1248,-986,-462,183,763,1115,1144,849,327,-273,-791,-1072,-1039,-710,-188,388,842,1039,934,555,8,-528,-904,-1020,-838,-403,158,674,990,1013,749,258,-317,-802,-1066,-1026,-680,-131,458,928,1131,1017,623,41,-566,-1022,-1184,-1006,-543,0,685,1087,1187,951,442,-193,-783,-1156,-1192,-879,-316,343,904,1207,1165,786,171,-505,-1035,-1273,-1152,-700,-40,644,1146,1327,1131,610,-90,-769,-1239,-1360,-1086,-512,202,868,1296,1354,1030,416,-322,-965,-1327,-1314,-929,-289,434,1026,1317,1234,800,139,-553,-1074,-1278,-1112,-634,26,671,1112,1223,975,449,-199,-789,-1142,-1155,-836,-277,361,886,1146,1071,688,101,-499,-942,-1116,-964,-531,48,602,968,1048,827,373,-186,-680,-964,-956,-673,-199,329,747,929,833,483,-2,-478,-798,-872,-681,-279,204,618,845,819,535,75,-409,-773,-904,-758,-381,128,604,905,941,694,233,-310,-778,-1025,-969,-626,0,0
61197,mtk,MTK 7916,860563464,rx2-tx1,512,0,0,0,1115,917,448,-159,-725,-1095,-1164,-903,-382,247,816,1159,1184,876,323,-313,-868,-1184,-1161,-809,-240,385,902,1161,1092,721,146,-469,-941,-1141,-1014,-598,-33,533,943,1067,878,443,-106,-608,-931,-974,-716,-247,284,722,944,883,554,51,-470,-844,-962,-791,-387,137,630,942,968,704,240,-304,-765,-1004,-946,-607,-90,459,883,1041,891,480,-77,-620,-980,-1054,-817,-328,261,780,1080,1068,744,189,-434,-942,-1191,-1105,-693,-81,569,1075,1274,1116,648,-10,-674,-1158,-1326,-1123,-612,64,734,1201,1334,1105,572,-127,-776,-1199,-1306,-1063,-523,152,773,1180,1253,993,474,-174,-762,-1122,-1167,-893,-395,0,715,1024,1032,760,289,-249,-696,-929,-881,-581,-132,342,701,846,737,417,-21,-441,-718,-773,-601,-258,163,534,743,728,485,90,-329,-650,-774,-654,-337,84,491,768,818,623,238,-242,-674,-918,-900,-617,-141,390,835,1062,993,644,102,-484,-955,-1175,-1075,-684,-94,535,1025,1244,1135,717,98,-562,-1079,-1313,-1195,-752,-115,561,1095,1350,1251,824,190,-490,-1052,-1345,-1287,-906,-308,358,933,1254,1249,945,409,-221,-765,-1087,-1131,-907,-471,70,563,887,976,823,474,19,-409,-719,-832,-731,-460,-91,282,561,690,658,475,182,-139,-402,-561,-592,-493,-299,-66,160,335,422,414,339,221,0,0,0,0,0,-66,-269,-457,-593,-626,-533,-320,-26,292,564,725,724,555,260,-103,-449,-700,-783,-668,-381,2,389,687,813,729,454,51,-375,-703,-853,-775,-484,-57,389,745,909,830,523,71,-415,-796,-973,-880,-549,-70,440,839,1014,910,560,53,-471,-871,-1037,-925,-559,-34,495,893,1052,918,532,-7,-541,-921,-1046,-879,-474,53,574,933,1033,835,401,-136,-631,-946,-997,-771,-334,202,678,951,951,695,245,-292,-736,-958,-914,-616,-134,391,800,985,887,534,28,-486,-869,-1004,-857,-472,42,552,908,1005,813,403,-119,-608,-922,-972,-745,-314,205,658,925,937,679,223,-294,-719,-937,-891,0,-111,384,772,943,845,506,18,-470,-814,-924,-770,-391,93,549,840,887,668,247,-240,-652,-876,-839,-549,-90,395,768,919,807,446,-60,-560,-902,-981,-775,-349,187,686,998,1026,761,273,-300,-788,-1050,-1020,-696,-173,401,854,1066,973,595,47,-508,-917,-1052,-884,-462,96,630,972,1022,776,314,-249,-748,-1017,-977,-661,-152,418,864,1051,927,532,-13,-561,-956,-1070,-868,-415,174,721,1052,1084,809,293,-313,-829,-1120,-1091,-748,-188,422,924,1167,1063,660,86,-512,-966,-1143,-999,-577,11,584,985,1100,892,437,-132,-669,-1010,-1050,-787,-301,278,768,1027,989,661,141,-422,-865,-1052,0,0,0,0,0,89,657,1048,1141,913,429,-191,-771,-1130,-1169,-893,-366,280,846,1174,1174,845,281,-359,-899,-1182,-1135,-778,-201,425,924,1156,1058,668,91,-500,-937,-1101,-953,-538,29,578,940,1017,799,350,-193,-670,-937,-926,-637,-158,372,783,950,827,461,-46,-551,-898,-975,-771,-324,228,712,981,966,670,169,-390,-833,-1026,-924,-551,-12,531,927,1055,857,403,-173,-697,-1034,-1069,-772,-251,349,859,1132,1081,716,134,-507,-1008,-1228,-1105,-668,-34,628,1126,1312,1128,628,-42,-703,-1174,-1325,-1115,-589,97,753,1211,1328,1083,549,-130,-783,-1205,-1288,-1024,-492,171,776,1153,1216,947,426,-191,-739,-1076,0,-827,-340,217,699,977,968,676,208,-292,-690,-876,-805,-501,-52,401,720,814,665,330,-93,-489,-729,-750,-542,-172,245,587,759,698,419,2,-416,-705,-794,-644,-282,170,583,842,853,609,175,-328,-761,-996,-943,-618,-110,442,903,1124,1036,657,94,-508,-981,-1205,-1102,-690,-84,550,1049,1286,1172,728,88,-574,-1091,-1324,-1222,-797,-149,543,1092,1356,1271,870,253,-433,-1000,-1303,-1273,-927,-363,282,836,1166,1204,930,436,-134,-647,-986,-1064,-878,-480,16,479,794,903,781,471,56,-342,-632,-759,-695,-458,-130,217,496,641,629,478,232,-48,-296,-465,-528,-477,-345,-166,17,166,266,0,0,0,0,0,486,455,341,136,-129,-395,-603,-701,-650,-456,-159,188,507,713,752,623,337,-40,-413,-688,-795,-706,-430,-34,377,684,817,742,466,53,-379,-721,-875,-800,-503,-63,405,774,940,854,529,50,-440,-819,-991,-899,-555,-67,445,851,1029,920,563,56,-483,-892,-1051,-927,-549,-14,527,911,1052,905,502,-35,-565,-940,-1040,-863,-454,90,604,941,1011,809,375,-163,-647,-949,-977,-723,-271,247,702,962,944,649,178,-337,-760,-980,-909,-570,-77,440,835,990,866,492,-14,-517,-887,-1011,-846,-441,87,586,920,992,784,363,-152,-631,-929,-956,-711,-265,246,687,934,914,635,172,-348,0,-956,-872,-550,-69,431,801,943,812,452,-33,-508,-834,-911,-722,-327,164,600,856,857,610,177,-314,-711,-897,-819,-500,-22,475,839,957,791,392,-131,-631,-957,-1005,-768,-311,249,746,1037,1029,729,218,-348,-820,-1071,-1008,-653,-118,447,887,1062,930,531,-16,-563,-943,-1041,-837,-389,178,684,988,1002,724,229,-333,-799,-1025,-950,-601,-69,488,906,1057,897,469,-96,-636,-1001,-1081,-833,-338,249,775,1081,1083,774,236,-371,-879,-1140,-1078,-706,-138,467,940,1153,1028,613,44,-546,-985,-1136,-954,-506,77,627,997,1081,851,378,-199,-721,-1029,-1022,-724,-220,350,816,1037,960,609,78,0,0
61198,mtk,MTK 7916,860596088,rx0-tx0,512,-330,-233,-47,194,438,642,787,854,836,743,573,356,100,-164,-413,-613,-763,-843,-844,-765,-617,-413,-167,94,356,585,753,866,897,844,706,492,231,-49,-339,-603,-810,-940,-974,-919,-766,-527,-235,74,388,669,884,1007,1032,942,759,510,204,-131,-439,-708,-900,-1008,-1011,-912,-729,-477,-175,143,440,683,866,961,963,872,704,463,184,-117,-403,-639,-830,-937,-949,-863,-701,-469,-177,120,399,644,817,910,903,812,652,407,127,-155,-411,-630,-775,-846,-836,-729,-560,-341,-93,148,387,569,697,754,731,643,494,295,77,-125,-326,-496,-606,-649,-631,-566,-449,-283,-108,81,251,404,517,578,-26,535,451,320,161,-21,-197,-350,-470,-562,-582,-549,-483,-353,-191,-16,171,344,484,570,605,580,505,368,201,9,-189,-360,-503,-588,-620,-585,-494,-360,-185,14,201,380,513,603,627,578,489,348,166,-37,-224,-400,-538,-624,-651,-600,-489,-322,-135,95,304,477,610,677,667,582,433,229,-2,-240,-432,-584,-678,-684,-588,-440,-232,-4,210,395,524,587,572,493,343,179,-2,-173,-309,-387,-423,-400,-333,-244,-131,-6,93,173,225,243,235,208,161,109,50,-16,-64,-102,-116,-123,-112,-100,-99,-78,-51,-25,9,34,58,78,98,105,99,76,39,3,-45,-73,-89,-85,-580,-468,510,349,467,-192,-141,-52,62,177,270,315,314,269,179,59,-67,-196,-301,-365,-391,-374,-312,-213,-76,62,208,336,435,477,480,439,337,184,7,-176,-362,-516,-634,-679,-641,-528,-347,-115,142,390,615,782,865,837,713,508,231,-76,-386,-665,-880,-998,-1007,-889,-671,-381,-36,331,651,906,1073,1114,1042,849,545,197,-188,-564,-866,-1072,-1157,-1133,-982,-708,-369,12,378,720,981,1130,1164,1072,873,580,224,-143,-505,-806,-1018,-1124,-1119,-993,-773,-465,-113,253,578,847,1037,1107,1067,920,680,363,22,-323,-633,-884,-1033,-1071,-1012,-843,-600,-293,42,373,667,882,1008,1029,950,778,526,231,301,-381,-644,-842,-961,-982,-905,-745,-523,-253,46,334,608,812,949,997,944,809,594,314,5,-318,-615,-857,-1015,-1065,-1013,-862,-623,-305,44,374,666,892,1054,1098,1029,861,624,312,-32,-367,-668,-907,-1047,-1112,-1060,-897,-666,-353,-13,330,646,907,1080,1147,1091,943,702,376,23,-337,-680,-940,-1119,-1190,-1133,-974,-710,-365,7,384,720,981,1144,1186,1105,915,644,295,-75,-423,-741,-969,-1088,-1111,-1018,-821,-569,-254,85,402,673,879,992,1011,931,762,536,251,-50,-330,-591,-796,-914,-940,-885,-745,-529,-276,10,284,538,739,855,902,856,738,546,298,25,-245,-492,-683,-816,-863,-58,109,-82,588,628,837,735,569,347,88,-177,-428,-634,-779,-848,-842,-749,-592,-382,-135,130,379,590,752,838,858,792,649,444,200,-71,-340,-587,-781,-898,-934,-878,-739,-522,-248,58,363,640,857,976,1007,943,774,528,227,-102,-418,-685,-887,-1015,-1026,-934,-747,-484,-178,145,447,694,879,977,981,881,707,470,181,-126,-412,-667,-844,-944,-955,-866,-702,-478,-190,113,399,643,831,933,930,847,678,439,162,-142,-404,-642,-809,-889,-878,-785,-608,-371,-116,156,406,606,747,800,784,690,524,323,86,-148,-361,-539,-655,-698,-679,-611,-469,-290,-89,106,291,451,556,609,609,547,447,298,131,628,-214,-364,-481,-553,-583,-547,-462,-342,-181,4,170,335,475,560,595,577,496,364,192,8,-176,-350,-492,-584,-618,-585,-496,-360,-186,8,201,366,500,590,616,581,500,360,189,-27,-218,-386,-522,-607,-631,-585,-493,-343,-161,54,261,447,577,655,668,588,471,293,77,-159,-365,-539,-649,-693,-647,-527,-359,-137,112,326,495,610,646,599,481,311,105,-98,-284,-419,-490,-510,-461,-352,-222,-75,75,191,276,328,331,290,234,151,69,-11,-79,-138,-166,-185,-170,-146,-108,-73,-35,4,26,52,76,83,99,105,97,83,58,28,-8,-42,-77,-95,-108,-98,-65,-29,15,225,384,-82,417,319,100,191,253,271,239,151,33,-93,-209,-302,-348,-357,-318,-232,-115,13,148,266,367,423,435,403,319,192,43,-110,-270,-423,-526,-569,-557,-481,-350,-171,54,275,482,646,752,757,688,534,315,37,-258,-528,-749,-898,-941,-881,-720,-467,-151,201,532,798,986,1083,1050,887,635,288,-83,-448,-772,-1006,-1125,-1136,-1014,-767,-448,-77,290,648,928,1105,1166,1102,932,642,298,-81,-450,-772,-1012,-1136,-1145,-1040,-817,-515,-167,201,541,823,1021,1116,1090,947,718,410,58,-291,-618,-879,-1043,-1098,-1047,-887,-637,-319,11,347,645,875,1020,1050,986,809,562,253,-76,-394,-669,-872,-982,-176,-916,-751,-518,-238,71,363,617,813,934,967,912,775,555,297,-11,-309,-593,-820,-969,-1029,-994,-857,-634,-331,8,341,646,890,1052,1089,1020,859,618,310,-37,-373,-657,-891,-1047,-1094,-1033,-876,-621,-317,7,352,645,893,1063,1120,1071,921,686,376,26,-331,-653,-923,-1103,-1156,-1126,-964,-704,-381,-7,368,699,975,1140,1199,1138,958,678,331,-55,-425,-737,-984,-1128,-1141,-1055,-871,-586,-264,81,428,704,909,1034,1047,963,789,545,249,-61,-372,-630,-823,-939,-956,-894,-758,-536,-259,32,315,573,763,881,924,870,746,530,285,10,-264,-511,-708,-834,-881,-840,-725,-539,-309,-39,595,521
61199,mtk,MTK 7916,860596088,rx0-tx1,512,-686,-99,-363,508,593,625,586,489,343,169,-13,-189,-358,-483,-549,-561,-523,-432,-309,-160,2,149,282,390,459,487,477,422,323,217,89,-52,-179,-298,-403,-466,-491,-473,-416,-326,-205,-55,101,258,394,497,554,568,524,427,295,124,-66,-255,-418,-554,-633,-654,-613,-510,-346,-140,76,288,466,606,691,702,647,524,350,142,-86,-310,-501,-642,-725,-739,-666,-536,-351,-138,102,335,520,653,728,738,661,520,327,107,-122,-336,-520,-653,-711,-702,-631,-489,-309,-100,124,332,503,627,685,681,613,476,298,96,-121,-319,-491,-606,-670,-668,-595,-469,-300,-102,108,308,475,593,658,663,-38,456,279,91,-119,-319,-489,-608,-669,-665,-583,-448,-276,-74,146,353,513,638,694,670,596,436,237,23,-199,-414,-576,-676,-708,-662,-550,-373,-171,53,278,454,591,664,670,610,490,318,100,-113,-313,-470,-584,-641,-631,-553,-421,-246,-53,141,320,471,565,604,583,504,376,211,24,-171,-342,-477,-565,-591,-564,-475,-332,-152,41,231,394,516,579,587,520,390,225,39,-154,-334,-470,-542,-556,-503,-389,-242,-63,114,275,393,469,477,439,346,217,74,-82,-222,-324,-386,-402,-369,-292,-178,-49,82,203,294,343,337,284,198,83,-39,-155,-240,-273,-257,-192,-94,6,88,608,384,0,341,124,112,159,181,168,117,39,-49,-134,-196,-232,-233,-199,-137,-52,38,122,194,240,259,236,191,122,33,-49,-130,-197,-235,-247,-237,-193,-123,-50,28,100,156,198,213,211,189,147,103,51,-11,-71,-127,-167,-187,-200,-193,-177,-131,-84,-23,44,110,165,218,242,247,222,171,101,19,-69,-148,-213,-247,-263,-248,-211,-153,-85,-12,65,130,192,225,245,242,218,175,116,52,-19,-94,-158,-214,-248,-268,-262,-229,-179,-102,-10,83,174,249,300,323,317,271,197,110,1,-108,-206,-281,-337,-356,-334,-280,-208,-118,2,114,212,298,358,380,362,311,240,136,14,-106,-48,-320,-386,-408,-404,-354,-268,-155,-26,114,243,352,432,473,465,406,303,170,21,-144,-290,-407,-486,-514,-493,-421,-308,-160,4,173,316,439,513,538,506,431,318,167,14,-154,-313,-440,-524,-560,-543,-472,-356,-214,-48,139,302,444,541,595,589,523,407,258,71,-125,-310,-462,-585,-647,-641,-574,-451,-281,-89,126,331,505,631,692,679,607,467,281,68,-156,-362,-538,-662,-707,-682,-597,-442,-250,-31,192,391,547,656,695,662,568,417,229,24,-188,-377,-522,-620,-658,-634,-549,-412,-230,-34,169,354,515,617,655,634,552,407,228,27,-178,-364,-517,-615,-649,-617,-525,576,16,9,-945,-889,369,192,-3,-199,-370,-504,-579,-594,-558,-467,-326,-159,9,178,324,435,504,518,486,417,315,186,45,-101,-243,-350,-422,-471,-470,-435,-372,-271,-147,-4,138,277,388,472,516,516,471,382,251,96,-78,-253,-401,-519,-596,-614,-570,-472,-327,-138,66,270,450,592,671,685,632,515,353,148,-78,-298,-487,-627,-710,-721,-658,-529,-345,-133,105,327,512,648,726,739,666,528,340,125,-114,-341,-527,-656,-720,-714,-642,-510,-320,-99,121,333,511,633,701,698,621,488,305,92,-121,-329,-501,-617,-676,-671,-601,-472,-295,-100,116,312,477,597,663,663,593,465,295,102,-112,634,-489,-598,-658,-660,-589,-457,-286,-87,126,331,494,615,680,676,596,454,270,44,-173,-376,-557,-655,-700,-676,-579,-409,-209,18,245,446,595,673,695,630,501,333,127,-84,-286,-459,-594,-660,-651,-579,-444,-276,-80,124,312,468,571,617,601,531,399,223,37,-156,-328,-466,-559,-594,-574,-487,-359,-184,1,188,362,497,580,597,555,449,296,110,-91,-287,-439,-537,-578,-560,-476,-327,-145,45,233,376,479,519,503,431,313,157,-8,-166,-305,-398,-441,-438,-370,-267,-136,4,140,255,336,369,361,305,210,87,-47,-165,-257,-308,-309,-261,-167,-52,59,156,206,209,171,-806,-876,0,-99,-314,108,59,-17,-99,-171,-210,-216,-185,-123,-40,53,136,202,237,242,218,167,88,-2,-94,-167,-228,-254,-244,-220,-160,-82,-2,82,159,206,238,240,213,167,107,37,-29,-97,-142,-172,-196,-204,-188,-160,-109,-62,-4,51,110,159,190,220,221,198,159,101,28,-51,-128,-193,-238,-265,-260,-226,-163,-93,-12,72,147,204,239,254,246,213,164,95,26,-52,-121,-177,-218,-242,-254,-239,-200,-145,-75,2,90,160,228,277,297,295,257,194,107,8,-98,-198,-272,-323,-349,-328,-281,-205,-114,1,113,211,283,341,364,345,299,226,121,5,-115,-214,-308,-371,-390,-369,-1135,-251,-136,-17,105,228,327,400,435,429,372,288,169,30,-123,-264,-378,-456,-497,-489,-423,-317,-172,-8,160,307,429,506,538,507,430,311,154,-13,-178,-315,-438,-511,-540,-523,-450,-338,-192,-27,149,306,430,517,568,561,491,383,231,55,-136,-309,-447,-557,-616,-618,-550,-439,-280,-84,124,317,486,606,670,675,600,464,285,69,-150,-357,-535,-647,-704,-689,-608,-470,-270,-43,179,387,552,656,704,673,578,433,242,25,-193,-384,-540,-634,-669,-641,-548,-408,-236,-35,172,361,516,617,656,635,558,420,234,30,-174,-365,-513,-613,-657,-633,-544,-397,-214,-14,183,361,21,-400
61200,mtk,MTK 7916,860596088,rx1-tx0,512,0,-1787,-1582,581,447,276,70,-149,-355,-538,-676,-750,-751,-672,-535,-345,-117,137,379,586,753,852,853,780,632,404,134,-159,-441,-681,-862,-963,-967,-868,-671,-409,-100,229,545,804,987,1070,1035,891,668,364,28,-321,-649,-900,-1056,-1100,-1045,-867,-612,-290,62,406,704,936,1055,1063,985,806,547,247,-80,-398,-677,-891,-1014,-1033,-955,-779,-537,-242,78,387,656,865,978,999,926,759,522,228,-77,-387,-647,-831,-945,-956,-886,-712,-489,-211,94,373,629,805,894,916,837,663,447,172,-120,-384,-614,-772,-864,-866,-770,-605,-382,-130,127,369,581,721,792,780,692,535,336,106,-133,-354,-277,-637,-699,-691,-621,-482,-297,-101,100,297,450,565,627,634,582,475,325,140,-57,-233,-393,-519,-590,-608,-573,-492,-353,-185,-4,179,340,464,567,602,587,518,400,250,71,-113,-302,-462,-577,-644,-656,-603,-489,-330,-142,77,296,491,642,743,780,720,593,396,148,-130,-400,-633,-807,-905,-901,-785,-596,-322,-1,325,625,845,970,985,881,677,391,52,-276,-568,-794,-925,-936,-844,-659,-403,-93,207,462,663,788,806,735,596,381,143,-97,-332,-510,-628,-667,-626,-527,-368,-171,27,227,393,497,551,529,446,310,136,-46,-220,-365,-459,-479,-414,-297,-133,39,187,290,319,333,-791,0,159,-298,86,80,58,29,-15,-66,-101,-123,-127,-116,-94,-47,10,58,105,142,165,164,147,116,60,3,-51,-112,-165,-187,-197,-192,-160,-109,-49,21,88,155,217,243,256,239,195,141,54,-46,-140,-221,-287,-323,-332,-302,-240,-144,-33,104,228,334,415,442,428,362,243,92,-66,-230,-375,-479,-531,-511,-445,-319,-153,31,211,366,475,539,543,483,369,219,43,-138,-306,-429,-507,-535,-504,-413,-287,-128,46,198,326,427,465,459,409,314,204,61,-67,-182,-281,-346,-372,-365,-339,-285,-202,-108,-10,89,181,257,312,357,371,347,305,222,110,-13,-141,-266,-376,-443,-463,489,-395,-294,-148,14,175,334,445,524,561,533,447,312,144,-33,-221,-400,-532,-606,-621,-579,-474,-321,-128,70,279,460,591,676,686,623,496,316,99,-124,-344,-518,-640,-711,-703,-631,-489,-294,-71,154,358,539,653,717,709,629,489,306,90,-136,-346,-518,-643,-706,-717,-645,-533,-359,-137,86,300,498,659,758,778,728,596,410,172,-77,-329,-559,-724,-826,-848,-769,-624,-395,-120,145,409,630,768,845,823,708,530,306,46,-212,-438,-618,-728,-759,-720,-609,-448,-259,-43,175,372,526,629,677,659,579,453,287,95,-98,-282,-432,-557,-623,-638,-599,-492,-346,-183,17,207,556,690,0,73,-969,-354,-520,-637,-700,-694,-626,-501,-319,-106,137,368,567,711,797,804,724,586,384,129,-145,-402,-639,-816,-912,-914,-825,-654,-412,-122,195,493,746,921,1011,1006,891,680,400,62,-280,-594,-857,-1033,-1097,-1052,-898,-639,-321,25,375,681,913,1062,1095,1016,841,578,249,-82,-406,-697,-909,-1025,-1047,-959,-786,-541,-240,77,392,664,866,988,1011,936,772,530,234,-73,-381,-649,-855,-975,-995,-919,-734,-505,-218,84,384,639,820,931,937,863,700,456,187,-101,-390,-616,-787,-890,-891,-807,-642,-418,-154,135,398,608,755,826,814,733,575,362,123,-129,-363,-549,-679,-745,-738,-652,315,-319,-102,120,322,493,606,657,660,594,466,309,116,-78,-261,-423,-537,-609,-616,-567,-481,-338,-164,23,197,362,496,577,608,578,487,370,210,31,-143,-317,-457,-566,-611,-609,-555,-441,-291,-104,91,288,461,594,678,711,659,542,365,154,-86,-332,-546,-724,-824,-842,-770,-614,-387,-102,210,492,732,906,971,928,766,512,210,-132,-449,-724,-910,-984,-934,-784,-545,-239,85,387,637,810,884,843,717,525,266,-13,-266,-490,-650,-723,-721,-638,-474,-277,-43,172,364,511,584,595,547,421,259,70,-125,-294,-426,-499,-508,-453,-337,-176,18,193,327,404,398,326,197,43,1981,1530,0,700,724,-2,-44,-80,-100,-111,-95,-66,-26,20,65,109,139,141,131,113,71,19,-39,-86,-132,-167,-177,-174,-160,-111,-49,10,72,136,179,210,222,208,180,120,47,-22,-109,-178,-236,-284,-290,-266,-216,-136,-43,63,174,271,340,383,380,335,252,136,-10,-155,-302,-417,-479,-487,-446,-349,-212,-38,136,301,432,517,536,499,397,263,99,-82,-263,-403,-499,-544,-530,-446,-318,-166,-1,176,321,432,498,501,449,364,236,85,-60,-205,-312,-390,-427,-407,-368,-288,-184,-68,40,140,228,295,331,347,335,300,237,161,73,-39,-143,-243,-339,-394,-417,-405,-357,-264,-132,6,-571,296,411,495,519,503,428,301,160,-17,-200,-364,-493,-572,-597,-570,-474,-320,-137,58,257,431,558,633,649,606,482,319,122,-102,-313,-494,-630,-693,-697,-624,-482,-308,-90,143,359,541,659,718,705,636,492,297,83,-145,-351,-526,-648,-714,-706,-632,-500,-315,-108,114,323,500,649,730,733,676,561,387,169,-69,-309,-524,-686,-789,-805,-756,-618,-413,-174,102,361,589,772,849,842,758,580,354,95,-187,-438,-633,-768,-824,-787,-675,-496,-269,-31,202,414,567,669,707,679,589,443,261,62,-146,-325,-472,-580,-637,-636,-579,-468,-319,-138,47,239,412,532,617,649,610,68,314
61201,mtk,MTK 7916,860596088,rx1-tx1,512,0,0,0,-465,-667,-750,-664,-429,-114,229,543,742,781,659,406,71,-277,-563,-730,-743,-593,-320,6,328,578,685,648,486,209,-120,-400,-578,-631,-546,-336,-55,236,465,586,577,436,186,-104,-366,-536,-589,-509,-313,-53,229,463,586,574,440,200,-90,-354,-546,-611,-538,-354,-97,178,426,586,603,486,270,-1,-271,-479,-582,-552,-393,-155,107,344,504,538,446,258,6,-255,-443,-525,-498,-357,-121,138,373,533,566,469,276,16,-252,-465,-585,-584,-454,-227,51,315,506,599,561,409,174,-99,-347,-517,-577,-518,-348,-109,143,356,494,520,439,270,54,-170,-345,-435,-429,-335,-175,0,202,317,350,305,197,41,-122,-244,-293,-273,-178,-30,115,237,308,302,219,73,-100,-263,-370,-383,-322,-178,15,210,369,460,457,349,152,-84,-303,-475,-541,-490,-339,-118,133,365,530,587,515,333,77,-202,-444,-588,-621,-517,-299,-19,274,502,628,632,501,253,-43,-343,-580,-689,-654,-487,-217,105,411,633,728,674,488,211,-116,-418,-637,-734,-687,-510,-230,94,395,618,720,680,509,248,-55,-349,-554,-640,-614,-468,-245,17,273,477,572,546,422,234,9,-219,-392,-486,-487,-394,-238,-47,155,319,411,435,388,272,111,-51,-194,-304,-362,-360,-313,-231,-131,-32,61,0,0,0,0,0,-251,-193,-95,40,193,337,451,511,498,400,229,6,-231,-437,-577,-631,-580,-415,-173,105,371,582,690,670,539,294,-16,-313,-551,-705,-718,-581,-333,-11,311,571,727,731,581,306,-26,-358,-621,-762,-740,-572,-279,85,441,706,828,776,562,239,-147,-515,-778,-880,-802,-559,-195,208,578,829,906,790,514,133,-296,-656,-864,-899,-748,-438,-34,384,720,895,884,686,329,-88,-487,-788,-919,-848,-596,-206,235,620,877,948,814,498,76,-365,-748,-974,-982,-779,-411,47,507,881,1083,1043,776,351,-144,-621,-974,-1139,-1072,-778,-322,198,682,1039,1169,1052,730,257,-273,-739,-1046,0,-994,-626,-138,375,804,1043,1074,881,478,-12,-497,-883,-1071,-1024,-758,-326,180,659,990,1107,982,645,169,-351,-802,-1086,-1148,-951,-548,-43,475,905,1145,1138,883,449,-69,-580,-971,-1145,-1078,-786,-327,190,652,980,1095,962,625,167,-319,-730,-972,-998,-798,-414,52,499,829,967,888,605,180,-291,-693,-942,-987,-818,-462,5,477,850,1045,1023,775,356,-130,-591,-931,-1072,-989,-703,-263,226,655,941,1033,909,605,180,-277,-662,-889,-939,-787,-480,-79,326,637,797,789,609,303,-49,-376,-607,-693,-616,-402,-107,203,460,592,580,438,195,-104,-373,-549,-599,-511,-300,-10,293,525,0,0,0,0,0,566,300,-36,-372,-631,-763,-739,-560,-261,88,420,667,778,726,516,195,-145,-442,-656,-731,-643,-419,-110,214,482,639,651,515,270,-31,-317,-524,-612,-570,-394,-123,167,409,557,579,476,259,-20,-292,-497,-579,-534,-374,-121,165,416,568,604,503,286,4,-284,-503,-604,-588,-439,-190,98,358,543,606,537,341,78,-186,-407,-542,-548,-429,-215,42,292,473,537,472,301,61,-193,-408,-532,-530,-407,-195,71,332,519,583,535,375,119,-163,-405,-568,-598,-517,-329,-60,207,432,571,586,478,272,5,-252,-446,-553,-539,-411,-207,36,264,420,488,451,318,122,-86,-261,-369,0,-317,-188,-26,144,271,321,276,174,34,-119,-239,-298,-283,-191,-43,124,264,345,356,278,129,-64,-247,-377,-431,-388,-261,-66,155,346,470,502,427,259,31,-221,-432,-554,-559,-445,-228,42,301,502,598,569,423,187,-94,-364,-561,-634,-573,-391,-133,163,434,614,668,580,376,90,-222,-500,-677,-707,-591,-363,-59,261,535,710,730,602,366,56,-274,-537,-692,-727,-620,-391,-91,224,487,646,678,584,382,103,-181,-420,-573,-611,-535,-358,-120,136,350,491,529,469,331,138,-81,-276,-414,-465,-432,-323,-159,30,201,329,399,401,340,240,113,-22,-146,-235,-280,-281,-245,0,0,0,0,0,-178,-292,-367,-407,-399,-323,-181,-2,189,377,519,582,555,428,223,-28,-284,-502,-641,-669,-577,-373,-103,195,465,650,714,652,456,170,-147,-440,-654,-732,-668,-469,-171,171,476,688,753,667,450,136,-227,-552,-762,-808,-687,-421,-62,304,622,824,848,693,401,24,-374,-699,-878,-871,-693,-368,49,451,760,913,863,634,280,-132,-526,-807,-909,-824,-576,-194,242,613,859,917,769,464,61,-359,-711,-907,-904,-709,-367,64,502,834,983,908,638,233,-232,-660,-951,-1045,-920,-601,-139,360,782,1057,1121,947,580,91,-430,-867,-1129,-1162,-947,-536,-31,479,899,1130,1121,878,460,0,-547,-920,-1101,-1049,-767,-323,190,656,977,1091,961,621,148,-351,-776,-1045,-1078,-873,-484,14,520,921,1123,1082,812,371,-163,-665,-1023,-1166,-1065,-741,-256,281,754,1067,1154,995,631,138,-385,-823,-1079,-1099,-887,-497,-8,478,853,1044,999,719,290,-186,-608,-889,-977,-843,-517,-62,406,766,953,932,709,323,-154,-604,-922,-1039,-932,-625,-176,313,735,1003,1063,895,542,83,-400,-802,-1027,-1043,-836,-453,15,469,814,987,949,720,343,-88,-491,-783,-888,-799,-556,-213,167,499,705,747,620,361,37,-280,-522,-639,-595,-417,-151,147,405,559,584,463,227,-60,-340,-542,-622,-558,-363,0,0
61202,mtk,MTK 7916,860596088,rx2-tx0,512,0,0,0,-803,-1142,-1247,-1080,-676,-115,492,1007,1311,1343,1088,595,-33,-657,-1154,-1411,-1364,-1029,-482,181,811,1265,1448,1324,917,314,-356,-950,-1343,-1447,-1232,-754,-123,542,1084,1380,1384,1079,544,-101,-732,-1200,-1391,-1276,-887,-315,341,916,1279,1359,1143,677,58,-562,-1048,-1303,-1272,-958,-432,180,748,1150,1290,1132,727,168,-417,-903,-1182,-1192,-933,-465,111,647,1025,1169,1043,685,171,-389,-859,-1124,-1126,-872,-411,148,669,1047,1190,1053,678,147,-429,-920,-1211,-1227,-967,-486,110,694,1126,1319,1230,863,299,-336,-906,-1282,-1389,-1197,-742,-118,536,1078,1392,1405,1113,585,-70,-711,-1206,-1446,-1376,-1009,-425,0,871,1302,1455,1301,869,244,-433,-1014,-1377,-1443,-1198,-690,-35,622,1154,1448,1424,1092,524,-159,-817,-1305,-1511,-1391,-978,-357,345,985,1420,1555,1360,875,207,-522,-1142,-1514,-1573,-1305,-762,-55,667,1249,1568,1564,1234,645,-76,-783,-1331,-1606,-1538,-1144,-523,200,888,1374,1581,1468,1042,404,-306,-948,-1390,-1544,-1381,-930,-296,392,995,1385,1489,1295,847,222,-439,-999,-1349,-1429,-1227,-782,-190,417,933,1258,1330,1137,729,199,-349,-814,-1101,-1171,-1016,-662,-195,281,686,945,1012,888,598,209,-202,-554,-781,-855,-771,-547,-238,102,408,626,729,702,560,333,69,-181,-384,-509,-553,-518,-419,-284,-134,0,0,0,0,0,-401,-474,-491,-431,-291,-86,159,401,601,727,745,634,405,93,-252,-566,-797,-896,-830,-606,-260,148,542,848,1003,971,745,367,-91,-549,-914,-1110,-1085,-847,-439,72,583,991,1214,1194,938,484,-74,-625,-1062,-1283,-1251,-977,-491,106,682,1119,1338,1287,975,456,-159,-744,-1175,-1372,-1291,-945,-401,226,799,1209,1371,1245,870,318,-295,-836,-1194,-1307,-1145,-745,-202,379,871,1167,1208,993,568,33,-501,-913,-1118,-1082,-803,-353,159,626,954,1061,934,599,124,-373,-776,-1004,-1010,-784,-383,110,582,926,1066,967,657,195,-322,-775,-1062,-1116,-928,-532,-15,512,932,1151,1129,864,401,-154,-677,0,-1207,-1097,-750,-233,339,831,1151,1220,1017,596,48,-522,-985,-1231,-1203,-915,-418,174,732,1140,1305,1180,794,231,-387,-932,-1282,-1354,-1132,-671,-62,571,1090,1362,1344,1044,510,-134,-744,-1196,-1397,-1298,-910,-332,310,872,1251,1363,1173,726,122,-495,-994,-1272,-1269,-985,-492,100,670,1083,1244,1131,769,234,-343,-829,-1128,-1182,-969,-540,6,547,958,1150,1085,781,310,-222,-703,-1018,-1104,-950,-583,-90,409,806,1020,999,757,350,-129,-565,-856,-950,-823,-513,-88,351,704,883,851,615,245,-182,-566,-819,-877,-726,-399,27,453,774,923,856,582,171,-291,-696,-950,-991,-806,-431,53,540,918,0,0,0,0,0,914,460,-112,-673,-1102,-1305,-1233,-891,-349,274,850,1255,1400,1252,833,226,-431,-1000,-1361,-1435,-1202,-715,-69,593,1119,1414,1412,1100,540,-126,-757,-1225,-1435,-1332,-943,-345,320,908,1300,1400,1199,737,108,-534,-1057,-1345,-1334,-1030,-499,136,739,1176,1351,1223,825,252,-375,-911,-1243,-1298,-1068,-604,-6,580,1025,1242,1178,844,324,-254,-771,-1114,-1195,-1000,-581,-39,510,940,1154,1095,780,287,-270,-770,-1092,-1162,-960,-536,7,556,987,1202,1143,828,316,-285,-826,-1181,-1282,-1098,-667,-82,532,1040,1328,1327,1037,518,-119,-739,-1201,-1414,-1320,-940,-357,303,908,1319,1448,1262,806,178,-489,-1053,-1392,0,-1174,-656,-1,657,1175,1440,1396,1048,480,-198,-836,-1290,-1465,-1324,-901,-283,408,1010,1392,1479,1255,758,87,-608,-1172,-1488,-1496,-1188,-624,84,771,1306,1569,1497,1110,484,-243,-922,-1415,-1609,-1466,-1018,-360,381,1040,1483,1613,1405,912,227,-499,-1123,-1519,-1586,-1328,-806,-113,594,1171,1513,1544,1247,686,-5,-683,-1214,-1495,-1465,-1142,-582,95,738,1222,1462,1402,1055,510,-121,-724,-1180,-1392,-1322,-998,-490,99,654,1062,1255,1195,907,450,-70,-553,-912,-1086,-1042,-804,-428,26,451,757,917,902,709,394,28,-328,-611,-770,-781,-651,-410,-118,174,428,597,661,618,487,297,85,-108,-260,-352,-382,0,0,0,0,0,151,5,-166,-354,-519,-622,-644,-566,-385,-126,172,468,699,817,802,644,359,-1,-380,-702,-909,-953,-811,-511,-107,331,725,986,1062,936,618,167,-330,-782,-1085,-1180,-1046,-698,-201,344,833,1170,1274,1125,750,213,-380,-896,-1231,-1326,-1153,-744,-179,425,950,1290,1361,1158,723,128,-499,-1010,-1312,-1358,-1123,-653,-59,554,1047,1305,1300,1041,563,-36,-608,-1042,-1259,-1200,-889,-400,165,682,1047,1177,1049,701,212,-315,-770,-1044,-1085,-881,-484,14,502,868,1036,979,694,255,-240,-684,-974,-1044,-884,-518,-38,458,864,1075,1049,792,351,-173,-659,-1015,-1160,-1045,-702,-205,345,823,1121,1186,999,0,49,-502,-952,-1195,-1175,-896,-419,148,686,1079,1236,1124,764,231,-356,-868,-1199,-1272,-1056,-605,-19,574,1050,1306,1282,973,451,-174,-767,-1201,-1382,-1265,-869,-287,353,925,1301,1397,1197,734,104,-536,-1052,-1343,-1344,-1060,-542,83,684,1138,1335,1238,872,322,-290,-827,-1177,-1268,-1075,-636,-71,501,960,1197,1165,876,389,-178,-700,-1060,-1180,-1045,-668,-150,394,838,1092,1108,875,452,-63,-558,-922,-1074,-989,-679,-224,265,680,938,980,803,444,-8,-451,-777,-920,-845,-571,-172,262,634,848,860,674,323,-107,-511,-799,-898,-783,-486,-67,373,740,939,919,690,292,-183,-631,-947,-1061,-927,-580,0,0
61203,mtk,MTK 7916,860596088,rx2-tx1,512,0,0,0,1089,1125,909,497,-19,-547,-970,-1186,-1153,-867,-391,170,695,1072,1226,1124,778,270,-291,-790,-1122,-1216,-1042,-646,-127,416,870,1126,1130,902,484,-39,-541,-913,-1082,-1014,-715,-258,232,659,937,997,829,473,8,-449,-797,-960,-898,-633,-219,250,673,929,974,797,431,-30,-484,-848,-1018,-955,-684,-252,249,697,982,1042,875,514,29,-467,-864,-1069,-1026,-759,-316,214,700,1025,1135,986,601,83,-462,-920,-1181,-1190,-942,-481,86,649,1086,1292,1231,900,375,-228,-788,-1195,-1341,-1214,-841,-287,337,882,1239,1338,1165,748,187,-416,-935,-1243,-1286,-1071,-640,-79,479,918,1173,1187,948,524,2,0,-884,-1066,-1022,-764,-349,122,541,826,928,820,533,135,-272,-600,-792,-800,-621,-303,69,421,684,779,687,434,82,-276,-576,-753,-743,-548,-234,142,495,740,823,717,435,39,-385,-735,-920,-919,-703,-323,131,582,931,1092,1025,738,278,-259,-752,-1092,-1224,-1112,-761,-250,321,846,1205,1319,1165,779,229,-368,-894,-1261,-1384,-1216,-817,-257,360,910,1287,1407,1259,879,328,-279,-821,-1202,-1353,-1245,-918,-433,125,640,1018,1188,1129,871,465,-10,-457,-806,-992,-971,-776,-451,-63,317,619,786,797,662,420,115,-196,-456,-620,-672,-610,-444,-215,24,247,417,510,516,451,332,191,55,-70,0,0,0,0,0,432,364,235,41,-183,-403,-591,-704,-711,-605,-398,-118,195,478,687,781,737,561,276,-66,-402,-667,-808,-794,-627,-330,37,397,686,845,838,666,342,-59,-446,-758,-923,-904,-688,-332,92,512,834,993,948,705,314,-138,-573,-896,-1038,-962,-693,-286,193,639,952,1066,961,651,204,-280,-707,-986,-1059,-907,-569,-108,373,769,1010,1037,837,462,-1,-468,-832,-1007,-974,-740,-337,129,562,880,1013,916,615,189,-277,-682,-945,-1003,-837,-489,-41,420,794,998,981,755,372,-95,-548,-885,-1030,-955,-681,-267,204,630,920,1012,880,558,134,-318,-707,-949,-986,-799,-434,15,460,802,976,0,678,284,-164,-581,-872,-967,-853,-553,-143,299,679,906,915,730,389,-44,-463,-772,-908,-835,-573,-178,264,647,880,925,757,408,-32,-477,-827,-993,-937,-673,-259,222,665,970,1065,929,585,118,-385,-804,-1050,-1068,-853,-454,46,542,917,1085,1010,714,269,-231,-682,-982,-1062,-894,-529,-54,435,828,1035,1013,751,316,-188,-639,-953,-1059,-930,-585,-103,396,804,1046,1062,827,400,-116,-604,-970,-1130,-1042,-711,-221,312,782,1087,1163,983,592,76,-460,-903,-1146,-1135,-887,-451,81,592,967,1135,1056,743,277,-241,-710,-1017,-1097,-931,-558,-66,432,829,1044,1030,780,353,-145,-616,-952,-1077,0,0,0,0,0,-304,218,704,1053,1179,1048,691,177,-378,-854,-1155,-1210,-1010,-599,-55,504,953,1201,1195,933,465,-93,-615,-1009,-1188,-1114,-801,-320,219,700,1025,1119,972,623,140,-370,-778,-1006,-1008,-777,-376,100,548,860,972,862,545,104,-360,-738,-947,-941,-717,-328,145,581,892,1007,884,557,115,-371,-777,-1004,-1007,-784,-382,110,580,926,1066,965,638,167,-347,-783,-1050,-1078,-858,-450,76,594,986,1173,1097,767,270,-300,-812,-1153,-1262,-1100,-700,-144,457,966,1266,1310,1077,617,30,-577,-1058,-1318,-1308,-1029,-535,81,675,1113,1317,1255,937,424,-170,-711,-1106,-1267,-1160,-817,-315,232,717,1048,1156,0,660,194,-292,-705,-960,-989,-806,-460,-23,403,713,860,816,585,229,-170,-522,-744,-789,-654,-375,-9,358,635,760,713,496,167,-206,-540,-743,-772,-625,-319,68,442,732,878,819,562,162,-285,-684,-950,-1011,-860,-530,-60,441,867,1123,1151,935,517,-17,-550,-991,-1249,-1249,-986,-521,55,634,1089,1327,1305,1022,525,-79,-665,-1123,-1368,-1358,-1077,-576,23,614,1093,1362,1365,1109,652,84,-488,-957,-1232,-1267,-1072,-688,-192,321,756,1027,1092,955,650,249,-180,-562,-814,-898,-814,-584,-257,93,407,635,737,702,540,295,14,-253,-463,-590,-611,-533,-383,-189,11,182,307,375,381,341,0,0,0,0,0,225,395,528,610,616,533,361,123,-150,-416,-630,-747,-744,-616,-374,-57,278,560,748,806,707,471,141,-223,-543,-756,-831,-744,-500,-160,227,580,817,893,786,515,134,-289,-662,-906,-958,-824,-528,-115,338,717,961,1030,868,521,73,-389,-781,-1013,-1034,-843,-481,-14,467,840,1038,1026,799,391,-88,-545,-890,-1054,-994,-718,-293,186,626,930,1037,924,612,173,-305,-715,-969,-1014,-832,-477,-24,436,803,990,958,719,341,-112,-557,-886,-1017,-925,-631,-201,271,684,958,1030,877,539,88,-389,-774,-990,-1003,-801,-423,34,483,830,993,939,689,291,-167,-588,-884,-988,-866,-562,-147,0,699,931,960,774,418,-24,-459,-791,-945,-899,-661,-275,172,570,835,923,797,486,73,-350,-699,-890,-874,-656,-290,151,569,859,950,837,534,103,-372,-769,-990,-1002,-804,-416,64,534,907,1081,1013,734,295,-210,-677,-992,-1083,-941,-598,-125,383,805,1039,1043,816,416,-82,-565,-915,-1055,-961,-651,-190,305,734,1000,1036,836,449,-42,-524,-894,-1073,-1002,-709,-256,263,722,1025,1108,936,553,46,-473,-894,-1129,-1123,-860,-409,121,635,1015,1175,1082,753,266,-276,-760,-1073,-1151,-991,-620,-114,416,847,1089,1089,850,429,-77,-572,-927,-1069,-984,-674,-216,285,727,1011,1065,880,495,-4,0,0
61204,mtk,MTK 7916,860631295,rx0-tx0,512,-330,297,611,-685,-607,-490,-333,-168,15,195,356,498,615,689,720,713,676,587,463,319,157,-22,-205,-365,-510,-628,-718,-769,-759,-713,-619,-485,-320,-140,59,262,441,608,731,814,845,833,752,632,461,261,44,-177,-387,-579,-726,-832,-889,-875,-815,-705,-541,-343,-122,94,306,498,657,766,837,854,816,737,604,444,255,52,-152,-353,-530,-670,-769,-826,-822,-764,-664,-525,-353,-158,39,249,434,584,701,770,788,750,668,548,390,220,27,-166,-339,-480,-596,-664,-698,-686,-630,-528,-405,-263,-102,56,211,343,450,531,577,588,555,500,418,309,185,52,-66,-192,-302,-396,-463,-505,-26,-488,-447,-376,-289,-184,-63,59,172,280,369,446,495,511,497,452,382,281,166,36,-97,-229,-340,-426,-492,-537,-537,-500,-433,-342,-226,-93,41,170,299,409,483,530,548,526,471,380,271,141,14,-128,-255,-367,-463,-531,-560,-555,-517,-431,-325,-190,-37,121,261,395,503,580,604,584,522,422,289,133,-39,-208,-344,-458,-535,-564,-548,-485,-384,-251,-111,26,168,271,359,403,409,388,331,261,169,84,-10,-81,-145,-189,-211,-226,-215,-197,-160,-109,-74,-40,0,32,53,73,90,98,101,90,84,84,74,57,32,14,-11,-34,-54,-83,-97,-97,-84,-63,-35,-3,820,520,510,-294,-17,181,198,181,135,66,-19,-111,-196,-265,-299,-311,-293,-248,-185,-102,-6,89,183,262,322,366,389,382,350,290,199,90,-29,-159,-277,-389,-478,-530,-553,-539,-482,-382,-242,-76,105,281,447,596,692,751,750,694,578,410,212,-8,-241,-459,-653,-797,-889,-918,-872,-767,-600,-391,-133,130,381,606,796,936,1002,981,894,764,566,333,66,-211,-469,-681,-848,-961,-1001,-976,-886,-733,-530,-293,-44,211,459,661,833,937,979,957,858,727,538,321,61,-182,-407,-619,-785,-900,-945,-933,-862,-735,-557,-346,-113,121,354,562,730,846,907,906,841,732,582,386,179,-46,-260,-452,301,-749,-819,-852,-817,-750,-630,-478,-299,-99,102,296,482,636,751,824,859,836,763,642,467,270,65,-161,-380,-583,-739,-858,-921,-922,-868,-757,-583,-384,-175,55,293,499,675,815,906,946,908,832,708,539,337,109,-123,-346,-570,-738,-872,-956,-983,-944,-837,-689,-500,-270,-22,232,460,675,854,970,1025,1015,939,802,620,392,121,-136,-385,-606,-795,-917,-981,-998,-927,-809,-642,-435,-205,30,267,481,658,789,866,896,868,792,669,506,307,105,-100,-300,-485,-629,-733,-802,-817,-778,-701,-578,-428,-246,-53,129,312,477,607,702,756,760,723,647,520,362,195,6,-163,-332,174,-97,-82,-531,-629,258,417,555,653,712,733,700,630,532,399,233,60,-109,-277,-438,-566,-656,-714,-737,-712,-640,-539,-401,-253,-66,124,304,478,620,724,783,807,770,697,564,395,206,1,-216,-423,-599,-745,-838,-877,-859,-791,-664,-494,-303,-80,144,351,549,696,808,862,867,818,713,566,385,190,-28,-228,-423,-592,-719,-803,-832,-815,-755,-638,-486,-305,-111,103,300,475,622,730,794,810,779,678,543,380,193,-4,-203,-382,-540,-654,-727,-754,-726,-648,-543,-403,-237,-66,105,274,418,523,601,634,634,595,515,405,276,133,-8,-146,-267,-380,-463,-518,-531,-520,-489,-421,-332,-226,-108,628,121,237,337,413,469,497,494,468,414,333,238,120,0,-127,-247,-357,-438,-496,-523,-519,-480,-401,-313,-206,-77,68,203,322,417,489,528,540,515,463,365,248,120,-17,-152,-281,-395,-480,-527,-545,-535,-489,-412,-309,-177,-37,104,252,377,475,551,590,579,535,450,330,183,19,-144,-301,-429,-526,-587,-608,-560,-472,-353,-209,-49,110,257,376,454,490,493,450,370,272,147,32,-83,-171,-243,-287,-307,-298,-269,-233,-171,-112,-45,14,62,107,129,136,146,144,126,106,90,70,47,24,0,-12,-36,-60,-77,-85,-89,-92,-84,-77,-59,-25,7,39,64,77,75,-360,-367,-82,-461,-19,34,-44,-126,-192,-240,-262,-253,-216,-141,-54,35,123,199,267,317,336,331,301,243,171,87,-11,-116,-218,-313,-390,-436,-463,-456,-412,-336,-222,-92,52,210,354,482,575,639,654,620,547,404,233,39,-170,-371,-559,-701,-801,-845,-830,-745,-605,-410,-181,71,316,547,736,882,961,963,900,771,580,348,78,-192,-438,-667,-843,-960,-1008,-985,-893,-739,-548,-305,-47,220,465,686,848,958,996,976,876,730,534,298,46,-219,-449,-645,-809,-922,-968,-935,-865,-736,-550,-328,-87,149,381,591,756,872,926,928,865,743,569,366,145,-93,-319,-514,-680,-797,-867,-885,-831,-728,-176,-407,-221,-15,194,379,557,687,782,826,823,779,696,560,391,198,-12,-223,-420,-604,-750,-845,-898,-896,-837,-708,-541,-343,-114,117,343,558,735,850,921,938,886,779,643,463,255,18,-218,-426,-625,-782,-895,-953,-946,-894,-783,-616,-420,-191,51,297,518,706,860,967,1006,979,890,758,564,335,85,-177,-426,-644,-818,-959,-1022,-1017,-948,-819,-634,-405,-171,89,337,551,735,869,936,945,905,803,660,466,250,30,-189,-387,-568,-719,-813,-851,-843,-784,-681,-539,-375,-184,28,219,401,555,674,757,778,766,714,614,476,309,126,-62,-239,-404,-549,-649,-724,-749,-726,-671,-471,-610
61205,mtk,MTK 7916,860631295,rx0-tx1,512,-686,-43,228,-290,-148,8,161,298,413,506,565,578,566,508,417,313,193,63,-66,-189,-288,-371,-437,-475,-487,-470,-426,-373,-298,-202,-106,0,103,200,299,380,434,469,484,470,435,375,290,194,78,-57,-173,-297,-409,-501,-560,-589,-589,-543,-465,-353,-220,-66,103,254,394,514,609,668,679,656,580,470,335,171,-7,-181,-346,-495,-611,-692,-725,-712,-650,-550,-412,-253,-76,106,285,444,566,666,711,714,677,596,479,334,162,-21,-193,-355,-496,-600,-667,-689,-674,-624,-532,-394,-239,-75,96,258,401,517,606,659,666,631,555,451,324,172,11,-157,-306,-440,-547,-619,-652,-641,-38,-512,-396,-254,-96,65,225,381,504,602,657,664,645,571,453,318,161,-18,-191,-348,-490,-602,-665,-686,-672,-606,-486,-346,-187,-9,169,342,480,586,658,686,662,593,486,347,190,23,-144,-294,-431,-533,-603,-631,-620,-571,-484,-356,-212,-69,80,235,371,475,541,586,587,554,479,370,247,107,-49,-199,-325,-441,-518,-573,-596,-552,-483,-386,-254,-95,65,220,357,462,537,575,558,493,398,276,127,-24,-163,-280,-375,-448,-471,-472,-432,-352,-258,-145,-21,99,205,287,352,384,383,348,287,202,103,-7,-109,-202,-271,-310,-315,-287,-222,-136,-37,61,144,191,204,180,-907,-379,0,-183,-522,-18,-80,-138,-180,-202,-196,-157,-105,-37,40,109,169,209,234,237,219,180,123,59,-7,-74,-149,-200,-226,-245,-244,-220,-186,-130,-62,-2,68,119,156,194,214,213,203,181,147,107,63,22,-14,-64,-100,-138,-168,-185,-202,-204,-198,-179,-158,-111,-53,3,62,125,170,213,238,252,249,225,184,137,78,18,-56,-117,-165,-200,-223,-239,-243,-230,-202,-169,-128,-78,-21,39,98,147,184,222,247,264,267,252,216,173,115,52,-28,-105,-177,-245,-295,-328,-340,-320,-287,-239,-166,-84,2,90,174,244,294,335,356,359,333,292,223,148,61,-32,-120,-211,-286,-339,-48,-405,-391,-358,-307,-232,-146,-42,66,166,268,349,414,460,467,447,401,326,228,115,-20,-150,-264,-365,-449,-499,-520,-505,-460,-387,-291,-167,-34,90,217,330,423,489,529,542,516,460,378,276,150,19,-113,-244,-364,-458,-531,-566,-565,-556,-497,-402,-279,-149,0,154,300,430,533,608,650,647,594,511,395,253,94,-78,-250,-400,-526,-629,-686,-692,-664,-593,-479,-334,-164,9,185,352,494,601,667,687,668,604,503,375,230,61,-116,-271,-408,-519,-597,-646,-655,-616,-544,-448,-318,-166,0,159,311,441,544,613,648,636,584,495,376,240,83,-82,-235,-380,-500,-583,-509,-82,9,961,818,555,603,616,591,520,425,301,160,16,-118,-257,-364,-450,-509,-529,-523,-486,-417,-339,-239,-128,-12,106,202,283,361,415,449,465,447,421,367,293,201,102,-11,-124,-232,-333,-416,-484,-540,-542,-514,-463,-386,-280,-150,-12,130,275,406,520,597,644,641,604,532,422,281,113,-54,-224,-384,-513,-622,-692,-709,-677,-615,-513,-381,-216,-38,144,312,470,593,682,728,723,675,575,449,290,111,-65,-239,-398,-531,-634,-695,-705,-675,-608,-496,-356,-199,-28,139,296,448,565,638,676,674,628,542,424,285,124,-46,-209,-357,-477,-570,-630,-653,-636,-579,-489,-362,-214,-53,111,634,413,525,606,648,652,618,541,424,290,125,-34,-198,-361,-487,-585,-659,-685,-656,-593,-492,-346,-178,-4,171,350,499,601,664,685,662,597,486,347,188,18,-157,-320,-455,-559,-621,-653,-636,-578,-484,-356,-209,-48,110,260,402,508,571,597,600,553,469,355,234,92,-58,-206,-340,-444,-525,-573,-583,-547,-485,-393,-260,-127,40,202,333,452,542,581,579,537,454,336,202,49,-112,-256,-376,-468,-519,-517,-485,-417,-332,-212,-73,55,186,285,359,412,432,415,358,281,184,75,-39,-149,-239,-303,-340,-348,-321,-268,-186,-89,12,112,197,251,271,254,200,121,34,-44,755,936,0,331,348,-153,-146,-114,-59,6,80,145,195,229,231,207,165,103,37,-39,-109,-169,-215,-239,-248,-236,-207,-147,-94,-27,48,112,164,209,226,235,227,194,160,113,53,-2,-52,-96,-133,-160,-183,-189,-194,-184,-162,-135,-97,-58,-17,33,79,120,158,200,223,234,235,212,179,133,72,12,-56,-119,-178,-223,-248,-260,-256,-231,-191,-144,-89,-37,23,78,127,167,202,228,242,244,228,201,175,134,82,18,-48,-120,-178,-232,-270,-295,-304,-287,-259,-207,-141,-71,13,103,180,251,303,335,346,338,308,256,193,120,31,-66,-151,-232,-292,-338,-370,-375,-360,-327,-266,-194,-1135,1,100,190,279,349,404,433,428,406,354,274,188,76,-40,-153,-263,-363,-434,-487,-507,-489,-441,-366,-262,-140,-7,126,249,356,439,503,527,520,488,417,322,207,87,-43,-170,-286,-387,-472,-529,-552,-546,-506,-432,-334,-216,-78,58,197,337,452,535,594,619,602,549,459,340,203,49,-115,-272,-414,-535,-620,-670,-677,-641,-557,-444,-296,-123,48,219,383,517,619,681,697,674,601,494,354,189,16,-159,-321,-462,-567,-640,-680,-668,-616,-529,-410,-270,-118,48,209,352,474,573,634,649,630,570,478,353,207,47,-119,-275,-413,-523,-599,-638,-636,-596,-521,-406,-266,-207,319
61206,mtk,MTK 7916,860631295,rx1-tx0,512,0,1540,752,424,542,631,685,687,662,603,495,358,192,16,-166,-342,-509,-653,-755,-810,-820,-779,-685,-546,-366,-160,52,285,495,689,839,930,961,933,839,691,497,262,1,-263,-505,-725,-896,-1005,-1067,-1047,-947,-795,-588,-331,-60,216,479,709,889,1023,1072,1056,969,823,637,397,145,-115,-368,-595,-778,-922,-1004,-1020,-976,-873,-707,-517,-285,-36,211,444,649,815,924,974,979,909,791,612,400,167,-73,-310,-526,-702,-833,-920,-941,-905,-805,-665,-471,-264,-30,192,403,595,742,838,883,872,804,689,524,329,128,-96,-299,-476,-622,-723,-786,-797,-758,-659,-528,-371,-190,-2,184,346,-277,588,655,690,677,615,526,412,269,107,-46,-186,-320,-440,-529,-586,-607,-600,-548,-476,-372,-242,-102,37,179,318,421,504,558,595,580,524,455,367,251,121,-25,-165,-297,-403,-505,-581,-626,-632,-590,-533,-429,-306,-157,17,190,356,502,624,727,771,770,711,607,462,268,56,-175,-399,-601,-774,-892,-939,-917,-831,-675,-459,-193,80,335,573,763,888,949,935,845,687,483,237,-9,-244,-460,-628,-746,-805,-795,-735,-615,-463,-276,-73,124,303,445,558,625,638,605,541,421,275,118,-43,-189,-322,-423,-492,-519,-498,-430,-329,-198,-50,102,237,336,393,390,339,242,130,368,1358,0,401,710,-71,-85,-92,-89,-70,-42,-10,33,71,102,125,141,143,130,108,75,40,-4,-51,-93,-124,-160,-174,-176,-171,-151,-119,-82,-33,10,66,118,165,208,230,241,239,215,181,128,74,7,-75,-147,-216,-273,-324,-339,-340,-317,-266,-194,-103,-1,119,223,316,392,446,468,456,405,322,207,71,-70,-214,-331,-429,-507,-525,-520,-472,-391,-268,-137,-5,138,267,384,457,509,505,475,435,349,234,111,-17,-139,-253,-338,-400,-434,-441,-424,-370,-292,-197,-112,-19,80,158,223,273,312,333,335,334,309,284,236,174,106,18,-62,-149,-236,-306,-364,-415,-433,-419,-385,-324,489,-129,-10,112,230,349,444,506,539,543,500,432,336,212,69,-83,-237,-371,-484,-568,-617,-623,-605,-533,-420,-286,-130,38,211,371,490,596,665,691,670,599,488,354,202,26,-158,-323,-477,-593,-667,-711,-698,-658,-561,-439,-285,-114,58,227,386,517,613,684,713,700,639,546,423,274,105,-74,-249,-420,-558,-672,-745,-780,-764,-697,-580,-434,-243,-38,174,380,555,698,799,846,822,750,638,465,273,61,-161,-359,-525,-658,-747,-786,-766,-702,-605,-456,-295,-121,46,214,372,494,588,638,650,635,589,503,393,269,121,-21,-167,-309,-425,-520,-587,-621,-627,-581,-515,-422,-532,-284,0,1008,1761,515,404,270,108,-59,-220,-385,-531,-641,-723,-755,-747,-689,-597,-452,-283,-93,104,311,502,666,791,864,897,866,773,635,439,215,-23,-273,-506,-719,-872,-976,-1019,-995,-907,-763,-550,-309,-40,246,495,713,901,1023,1074,1053,967,809,608,362,95,-173,-438,-664,-846,-973,-1037,-1042,-971,-835,-662,-455,-214,40,287,523,715,867,969,1001,973,891,755,570,341,107,-138,-376,-588,-770,-891,-955,-956,-901,-793,-637,-451,-229,10,251,465,649,790,879,919,888,817,684,510,306,87,-139,-355,-542,-695,-790,-842,-840,-774,-671,-523,-354,-167,34,233,414,551,665,734,749,713,632,315,386,234,64,-116,-279,-408,-522,-601,-642,-639,-608,-551,-451,-323,-177,-32,118,256,370,472,547,583,585,565,501,409,304,177,40,-115,-245,-354,-460,-538,-585,-594,-577,-525,-453,-346,-207,-61,98,245,379,498,582,654,688,674,620,521,396,235,40,-160,-359,-538,-697,-803,-862,-859,-786,-671,-492,-268,-10,239,482,697,862,955,960,906,784,591,362,102,-166,-421,-628,-787,-880,-891,-846,-736,-570,-376,-150,73,288,469,601,688,724,702,631,515,372,195,13,-148,-304,-438,-523,-568,-565,-523,-445,-329,-191,-38,113,250,363,442,476,460,386,276,132,-16,-144,-243,-290,-1928,-1161,0,-700,-646,-37,-14,15,51,84,106,114,115,98,82,55,21,-22,-65,-100,-130,-149,-161,-156,-133,-112,-73,-28,11,55,103,144,180,197,205,203,174,148,102,49,-6,-70,-131,-187,-234,-266,-294,-287,-266,-221,-174,-93,-8,82,176,258,329,374,404,398,362,307,216,102,-26,-153,-273,-381,-465,-507,-511,-472,-402,-311,-176,-28,107,244,358,452,503,526,508,453,368,258,126,-23,-144,-269,-380,-445,-486,-489,-465,-402,-314,-217,-108,5,120,221,299,347,373,388,373,330,282,223,158,76,3,-74,-139,-199,-262,-307,-345,-372,-368,-351,-308,-249,-183,-92,22,126,225,317,-571,466,490,484,453,390,289,171,41,-102,-235,-351,-454,-530,-578,-582,-553,-482,-381,-250,-93,67,218,374,493,581,640,660,640,568,460,329,163,-8,-186,-352,-496,-598,-675,-712,-695,-635,-532,-388,-236,-62,113,283,441,563,655,690,692,661,595,481,344,186,17,-153,-312,-454,-578,-669,-724,-734,-706,-625,-504,-356,-185,2,204,394,552,684,779,818,812,745,625,464,270,55,-169,-368,-555,-699,-787,-833,-815,-735,-614,-458,-272,-76,117,285,448,574,658,701,697,667,581,466,331,179,29,-115,-261,-395,-494,-574,-616,-620,-606,-545,-456,-346,-215,-75,76,227,352,469,-299,-436
61207,mtk,MTK 7916,860631295,rx1-tx1,512,0,0,0,-550,-311,22,360,600,683,585,325,-28,-374,-616,-692,-583,-324,24,362,593,657,549,296,-43,-357,-565,-614,-482,-222,95,380,548,558,412,152,-153,-412,-543,-514,-337,-63,222,441,534,469,271,-9,-283,-479,-538,-436,-206,82,346,513,535,410,163,-138,-398,-538,-532,-380,-118,178,422,541,513,339,71,-214,-431,-522,-462,-276,-14,248,432,487,397,191,-68,-311,-460,-475,-348,-113,154,371,492,476,318,64,-214,-437,-531,-484,-306,-34,249,457,538,469,285,23,-252,-460,-537,-468,-271,-3,254,442,507,432,248,1,-239,-409,-466,-392,-219,1,215,361,395,325,167,0,-206,-313,-315,-223,-73,91,226,283,252,145,-12,-166,-264,-281,-203,-58,109,252,322,296,177,0,-193,-333,-381,-332,-179,37,248,399,444,359,177,-58,-294,-454,-480,-380,-176,77,316,479,514,409,180,-100,-352,-506,-532,-416,-178,116,372,530,545,409,165,-127,-397,-566,-580,-442,-179,136,413,586,603,459,196,-127,-416,-598,-631,-496,-232,84,379,580,630,518,273,-37,-333,-535,-595,-513,-312,-32,249,458,547,498,329,79,-185,-388,-488,-468,-331,-118,113,310,421,422,326,154,-57,-245,-361,-388,-327,-189,-17,148,280,344,332,256,137,0,-124,-211,-250,-242,-193,0,0,0,0,0,74,-42,-173,-300,-392,-414,-348,-208,-12,206,395,512,522,413,206,-49,-309,-512,-599,-546,-358,-81,219,472,622,622,466,193,-134,-435,-622,-653,-516,-244,92,406,614,671,541,261,-84,-418,-647,-696,-561,-282,80,434,674,738,613,314,-77,-446,-700,-768,-633,-329,72,462,733,807,656,335,-76,-469,-738,-798,-650,-324,93,484,745,803,637,297,-123,-512,-757,-788,-610,-264,169,553,783,791,581,211,-227,-608,-823,-806,-562,-160,286,668,873,834,553,120,-349,-729,-916,-860,-575,-118,391,795,987,918,608,131,-395,-820,-1026,-957,-638,-147,380,799,1009,956,641,154,-374,0,-992,-921,-603,-125,380,783,967,876,542,66,-438,-821,-965,-841,-486,4,501,858,971,818,444,-59,-560,-912,-1004,-821,-412,117,616,951,1022,819,403,-134,-644,-969,-1026,-804,-367,166,638,940,990,757,318,-198,-649,-904,-906,-666,-243,248,660,875,836,553,116,-344,-700,-858,-763,-444,3,454,775,877,729,373,-96,-548,-851,-913,-726,-339,151,601,884,932,721,318,-167,-605,-876,-913,-701,-299,174,585,837,871,660,270,-170,-548,-769,-780,-583,-229,177,510,687,672,470,147,-198,-475,-607,-553,-341,-36,266,481,542,442,212,-86,-353,-510,-513,-360,-96,205,451,568,519,0,0,0,0,0,-342,-584,-669,-569,-315,28,373,616,693,592,322,-34,-377,-618,-689,-574,-306,35,356,576,639,526,259,-64,-359,-554,-585,-447,-184,125,394,549,547,379,102,-191,-422,-532,-493,-306,-26,261,466,537,455,238,-46,-319,-502,-537,-416,-180,113,381,537,535,388,137,-158,-405,-542,-532,-368,-90,198,424,534,494,307,35,-228,-426,-501,-426,-230,29,280,449,481,365,151,-106,-338,-476,-472,-324,-80,185,399,512,482,307,37,-238,-445,-536,-481,-295,-26,253,462,541,471,281,19,-253,-451,-524,-454,-259,-2,249,426,481,410,230,-9,-237,-392,-438,-358,-183,24,220,348,0,283,122,-60,-211,-291,-279,-189,-36,128,237,264,209,87,-73,-213,-295,-286,-185,-28,151,295,357,312,178,-17,-216,-363,-413,-341,-165,52,263,422,465,377,186,-66,-309,-461,-490,-398,-192,79,332,490,516,406,186,-92,-354,-519,-544,-423,-182,120,387,546,560,427,171,-133,-401,-566,-580,-443,-187,131,420,590,611,480,220,-102,-400,-589,-624,-506,-253,66,364,562,617,519,298,-2,-288,-497,-579,-514,-326,-60,222,430,516,486,336,95,-157,-355,-457,-446,-333,-141,80,275,389,405,330,174,-20,-199,-321,-369,-335,-230,-78,80,212,295,314,272,186,81,-20,-108,0,0,0,0,0,277,316,299,220,83,-94,-274,-411,-472,-447,-322,-115,132,362,514,561,485,294,22,-267,-497,-611,-580,-412,-145,168,451,621,641,500,222,-113,-414,-617,-662,-526,-254,88,409,626,685,552,276,-76,-420,-656,-715,-585,-290,89,445,687,759,623,315,-85,-461,-713,-782,-644,-328,77,460,729,810,663,333,-85,-477,-736,-802,-652,-319,102,497,761,809,621,274,-147,-536,-776,-795,-594,-226,198,575,795,796,567,182,-255,-628,-833,-812,-561,-137,325,703,897,846,565,117,-376,-767,-959,-898,-591,-121,391,800,1005,946,619,131,-385,-811,-1021,-959,-644,-160,369,798,1005,941,0,149,-372,-785,-987,-913,-582,-93,406,790,958,859,520,31,-466,-838,-971,-836,-468,39,540,889,988,825,427,-97,-592,-932,-1022,-826,-401,125,621,954,1027,818,385,-146,-639,-957,-1001,-779,-348,175,645,925,946,710,284,-218,-648,-881,-865,-610,-179,292,675,865,803,503,52,-405,-743,-866,-738,-395,59,508,827,908,731,349,-129,-575,-872,-935,-734,-329,158,598,883,927,713,309,-167,-601,-870,-897,-683,-298,158,567,820,832,615,251,-163,-524,-733,-731,-533,-196,182,487,640,609,409,96,-233,-476,-565,-490,-276,21,309,493,527,399,153,-143,-401,-534,-508,-339,-58,250,0,0
61208,mtk,MTK 7916,860631295,rx2-tx0,512,0,0,0,-1008,-524,112,736,1179,1302,1068,531,-172,-833,-1274,-1375,-1098,-523,208,900,1340,1415,1107,494,-266,-946,-1369,-1420,-1077,-439,321,995,1392,1403,1020,362,-401,-1050,-1396,-1361,-946,-258,493,1093,1392,1297,839,140,-595,-1151,-1376,-1215,-717,-18,683,1186,1356,1136,591,-109,-766,-1209,-1307,-1037,-472,228,855,1221,1238,899,310,-364,-925,-1208,-1143,-749,-146,494,985,1181,1035,584,-42,-649,-1064,-1164,-915,-402,230,796,1131,1137,810,234,-418,-950,-1220,-1142,-728,-92,582,1090,1290,1134,648,-29,-707,-1200,-1359,-1139,-602,114,811,1288,1408,1134,538,-211,-899,-1346,-1430,-1113,-490,272,962,1384,1423,1076,428,0,-1003,-1396,-1411,-1031,-357,411,1063,1422,1388,974,286,-490,-1124,-1452,-1380,-922,-206,569,1186,1484,1372,873,132,-648,-1266,-1536,-1379,-851,-84,719,1326,1570,1394,837,43,-763,-1359,-1599,-1400,-820,-25,782,1382,1601,1391,811,2,-805,-1394,-1618,-1402,-811,0,803,1379,1581,1366,794,7,-787,-1359,-1561,-1348,-779,-3,760,1315,1515,1311,763,19,-722,-1264,-1469,-1293,-783,-73,635,1174,1406,1274,810,157,-515,-1044,-1299,-1214,-825,-247,367,872,1141,1118,809,313,-236,-705,-982,-995,-763,-356,125,553,820,872,712,392,-8,-387,-659,-768,-691,-462,-145,187,461,619,640,530,324,83,-140,-309,-400,-410,0,0,0,0,0,415,359,227,19,-230,-469,-641,-693,-594,-362,-34,327,636,817,814,618,273,-157,-570,-857,-941,-802,-453,22,507,880,1047,948,603,90,-459,-908,-1135,-1079,-747,-205,405,924,1215,1189,858,301,-353,-926,-1264,-1275,-954,-384,298,910,1290,1334,1020,442,-259,-907,-1312,-1367,-1065,-478,240,888,1302,1373,1083,505,-203,-851,-1271,-1349,-1059,-500,186,814,1206,1278,1005,463,-204,-792,-1150,-1190,-902,-375,249,786,1088,1089,789,262,-327,-807,-1051,-995,-653,-120,439,859,1032,912,531,-7,-548,-928,-1048,-870,-430,137,670,1020,1079,833,347,-248,-781,-1100,-1114,-814,-282,325,855,1159,1132,784,218,0,-930,-1194,-1130,-749,-154,490,994,1222,1110,684,56,-589,-1074,-1257,-1084,-611,43,694,1154,1295,1074,544,-148,-799,-1235,-1334,-1057,-483,231,894,1308,1360,1042,429,-312,-964,-1344,-1360,-1000,-359,376,1002,1355,1323,927,276,-444,-1033,-1331,-1260,-836,-184,511,1051,1291,1166,709,55,-601,-1083,-1250,-1061,-569,72,684,1097,1191,941,426,-203,-774,-1110,-1130,-830,-296,317,830,1100,1054,708,167,-405,-859,-1060,-954,-582,-51,485,867,999,836,428,-89,-564,-870,-916,-689,-262,230,647,866,817,520,74,-392,-747,-883,-748,-382,110,567,861,907,677,240,-273,-717,-962,-927,-613,-110,439,877,1073,958,0,0,0,0,0,-679,-1109,-1248,-1039,-529,141,786,1229,1346,1091,527,-192,-874,-1321,-1407,-1114,-510,235,919,1359,1422,1098,467,-291,-965,-1375,-1410,-1053,-399,358,1015,1395,1383,991,318,-437,-1065,-1390,-1330,-891,-206,535,1118,1377,1253,779,76,-638,-1168,-1366,-1178,-661,42,736,1210,1338,1084,532,-163,-808,-1219,-1275,-970,-386,299,889,1215,1190,829,226,-429,-952,-1197,-1089,-669,-56,570,1022,1168,970,488,-135,-724,-1096,-1144,-860,-317,325,873,1172,1139,768,164,-491,-1021,-1265,-1137,-685,-31,644,1149,1332,1132,615,-77,-763,-1248,-1385,-1139,-575,155,854,1317,1418,1130,517,-242,-932,-1374,-1438,-1101,-462,304,989,1401,0,1064,409,-359,-1032,-1414,-1399,-999,-323,445,1092,1432,1378,945,247,-521,-1151,-1469,-1378,-898,-171,609,1225,1504,1373,868,112,-686,-1297,-1551,-1383,-845,-68,743,1345,1580,1397,830,34,-771,-1374,-1603,-1401,-818,-13,796,1393,1615,1400,802,-2,-807,-1395,-1611,-1389,-794,0,791,1368,1577,1362,783,5,-772,-1333,-1534,-1329,-771,-9,740,1290,1495,1306,775,46,-687,-1228,-1443,-1285,-801,-118,583,1114,1346,1236,819,202,-451,-965,-1220,-1162,-816,-277,309,797,1067,1055,784,337,-175,-625,-896,-937,-743,-369,66,461,733,821,706,423,56,-300,-574,-707,-679,-504,-234,62,321,493,554,506,379,208,33,0,0,0,0,0,124,314,469,558,550,423,189,-104,-405,-652,-769,-719,-503,-159,241,605,838,876,709,365,-89,-541,-874,-999,-875,-527,-35,481,890,1086,1009,672,152,-433,-923,-1176,-1139,-803,-251,380,928,1244,1241,914,338,-329,-916,-1278,-1305,-990,-410,285,908,1297,1346,1041,460,-249,-896,-1309,-1378,-1075,-486,226,873,1288,1366,1089,512,-198,-838,-1244,-1314,-1035,-482,187,795,1179,1232,954,418,-214,-780,-1116,-1133,-840,-317,287,790,1069,1045,722,189,-383,-832,-1044,-959,-589,-54,494,903,1045,885,471,-83,-617,-979,-1067,-852,-386,197,728,1057,1092,822,316,-298,-826,-1133,-1126,-798,-250,367,892,1178,0,775,197,-438,-962,-1218,-1121,-720,-113,536,1031,1233,1094,643,8,-638,-1109,-1268,-1074,-573,98,754,1204,1313,1062,510,-182,-840,-1273,-1353,-1050,-455,270,927,1327,1361,1017,394,-343,-986,-1353,-1351,-976,-330,409,1024,1345,1294,883,230,-474,-1038,-1309,-1215,-776,-126,551,1069,1273,1113,636,-15,-648,-1087,-1217,-998,-503,134,726,1109,1165,890,366,-253,-796,-1109,-1104,-777,-236,361,844,1086,1010,656,126,-446,-873,-1034,-904,-518,7,519,871,955,757,349,-153,-605,-867,-865,-612,-179,311,700,878,789,453,-17,-481,-808,-893,-706,-306,193,649,923,924,653,182,-356,-798,-1014,-940,-594,-56,517,0,0
61209,mtk,MTK 7916,860631295,rx2-tx1,512,0,0,0,448,-139,-704,-1075,-1156,-914,-414,207,780,1147,1195,916,380,-257,-823,-1170,-1195,-898,-355,290,845,1163,1162,852,304,-324,-852,-1136,-1101,-767,-219,378,860,1092,1011,649,119,-434,-860,-1025,-884,-495,24,540,889,971,759,327,-198,-670,-943,-934,-653,-177,358,793,1008,926,568,48,-487,-888,-1043,-889,-475,79,607,967,1054,831,372,-194,-709,-1027,-1054,-767,-254,344,850,1113,1062,704,133,-484,-975,-1201,-1082,-659,-44,593,1086,1286,1129,666,15,-654,-1150,-1328,-1150,-658,19,686,1167,1337,1151,652,-21,-686,-1168,-1336,-1140,-641,22,672,1130,1279,1089,613,-15,-623,-1059,-1203,-1018,-563,29,0,959,1079,897,476,-49,-546,-877,-944,-749,-357,125,559,816,830,603,207,-240,-600,-780,-730,-464,-59,358,668,781,656,331,-82,-473,-732,-771,-583,-201,244,622,831,798,529,98,-393,-791,-973,-884,-541,-30,513,938,1122,1002,603,20,-579,-1038,-1235,-1100,-673,-56,594,1094,1316,1188,748,109,-581,-1131,-1381,-1275,-843,-190,515,1094,1398,1355,961,330,-384,-1003,-1364,-1387,-1072,-495,185,809,1227,1329,1108,623,6,-584,-1015,-1189,-1065,-682,-161,368,791,998,948,675,255,-204,-593,-817,-830,-648,-318,69,418,651,721,624,385,77,-226,-467,-595,-584,-453,-250,-24,188,339,407,398,324,0,0,0,0,0,-203,-17,205,426,595,665,609,424,134,-199,-501,-705,-760,-641,-372,-12,359,653,793,737,503,142,-259,-607,-803,-797,-584,-212,218,595,823,841,634,254,-197,-612,-875,-908,-698,-300,182,631,928,978,767,349,-162,-640,-955,-1019,-808,-384,152,642,964,1032,822,394,-147,-657,-987,-1048,-828,-385,169,668,985,1046,819,363,-192,-682,-985,-1020,-777,-324,219,700,981,988,725,267,-268,-729,-988,-970,-680,-198,332,760,988,945,626,135,-392,-825,-1020,-930,-595,-88,451,857,1029,920,566,56,-473,-868,-1025,-898,-531,-20,499,874,1001,852,472,-41,-548,-885,-969,-795,-401,112,596,0,960,754,335,-182,-641,-919,-939,-699,-268,238,674,910,883,608,170,-315,-713,-897,-820,-506,-43,433,788,914,765,401,-97,-574,-891,-963,-753,-313,223,700,989,1006,741,256,-309,-784,-1051,-1027,-719,-207,372,847,1080,1017,669,129,-445,-887,-1074,-958,-573,-26,530,927,1057,883,457,-94,-618,-966,-1033,-806,-342,225,726,1023,1021,726,229,-348,-834,-1075,-1004,-646,-105,468,921,1107,982,575,-9,-594,-1012,-1154,-971,-519,84,676,1074,1169,947,465,-145,-715,-1085,-1153,-900,-401,204,750,1083,1108,832,319,-276,-782,-1069,-1049,-731,-212,360,825,1058,986,626,90,-466,-895,-1077,-945,-532,0,0,0,0,0,1036,1130,914,430,-184,-753,-1123,-1186,-915,-394,235,803,1151,1199,915,367,-273,-832,-1162,-1175,-864,-327,300,843,1144,1134,810,262,-348,-849,-1108,-1059,-713,-181,399,855,1055,948,571,42,-482,-866,-990,-823,-416,114,599,910,951,715,260,-276,-735,-977,-939,-621,-110,424,835,1021,908,525,-10,-552,-933,-1042,-857,-425,134,662,1001,1052,803,315,-269,-778,-1071,-1052,-723,-180,418,914,1154,1073,679,76,-555,-1030,-1234,-1105,-660,-19,631,1118,1313,1147,657,-11,-681,-1161,-1334,-1148,-648,27,691,1168,1331,1137,643,-29,-684,-1148,-1307,-1115,-623,25,652,1095,1246,1066,599,-16,-603,-1013,-1144,0,-529,28,557,917,1013,826,420,-87,-548,-838,-879,-668,-276,184,576,792,775,527,130,-298,-628,-774,-686,-398,17,423,695,758,606,269,-156,-547,-781,-787,-542,-129,329,711,908,847,532,48,-464,-863,-1042,-933,-560,-25,555,1004,1181,1051,628,28,-586,-1062,-1278,-1166,-728,-78,600,1116,1349,1235,800,150,-549,-1115,-1388,-1307,-901,-267,449,1058,1398,1383,1014,394,-310,-926,-1305,-1366,-1101,-573,85,703,1126,1269,1100,673,94,-486,-915,-1094,-1015,-698,-222,287,689,904,889,659,287,-131,-501,-729,-769,-627,-347,12,338,567,666,616,426,163,-109,-338,-487,-525,-463,-323,-145,22,159,0,0,0,0,0,-446,-539,-540,-432,-231,33,321,567,710,708,546,267,-82,-427,-678,-776,-698,-441,-75,316,632,797,776,554,183,-240,-602,-811,-816,-608,-233,207,605,853,882,678,287,-193,-628,-897,-938,-731,-324,180,642,935,987,791,374,-149,-644,-969,-1030,-824,-389,150,648,980,1052,835,386,-158,-657,-981,-1043,-822,-378,165,669,993,1037,795,343,-200,-691,-991,-1014,-754,-287,246,705,976,980,713,240,-304,-752,-987,-956,-653,-164,363,783,992,931,604,109,-415,-833,-1024,-937,-591,-75,455,859,1028,919,556,45,-483,-873,-1016,-876,-498,8,508,872,989,822,428,-80,-564,-892,-969,-777,0,140,616,912,948,727,298,-212,-653,-914,-914,-656,-217,281,689,901,858,564,110,-381,-755,-912,-802,-453,24,501,836,927,754,356,-163,-641,-940,-976,-740,-284,260,748,1028,1022,733,237,-342,-821,-1069,-1026,-696,-171,402,859,1075,990,624,83,-477,-905,-1074,-924,-517,25,568,950,1053,848,395,-168,-680,-995,-1026,-769,-284,285,775,1038,1005,683,163,-415,-879,-1092,-990,-607,-52,532,967,1130,977,544,-43,-621,-1040,-1164,-962,-492,120,705,1084,1164,929,440,-168,-727,-1087,-1142,-879,-373,239,777,1086,1085,776,267,-313,-806,-1065,-1021,-684,-156,410,861,1064,958,579,31,-526,-931,0,0
61210,mtk,MTK 7916,860662905,rx0-tx0,512,-330,-368,-532,-492,-275,-35,210,429,623,752,832,848,799,681,513,308,87,-141,-367,-562,-714,-823,-858,-830,-741,-600,-398,-178,72,323,541,726,851,922,922,842,688,485,226,-56,-332,-586,-799,-939,-1011,-997,-899,-721,-485,-200,99,387,648,850,974,1023,977,866,696,454,182,-118,-393,-635,-822,-947,-993,-956,-851,-676,-458,-197,89,362,600,789,914,966,944,837,665,432,171,-111,-369,-603,-784,-899,-938,-897,-783,-608,-378,-127,138,378,586,748,831,858,810,691,522,310,82,-147,-362,-529,-661,-730,-744,-693,-594,-456,-273,-85,99,274,444,549,615,636,601,539,429,285,123,-34,-26,-346,-464,-541,-584,-578,-540,-450,-332,-186,-21,144,298,436,542,595,609,574,490,356,199,32,-151,-314,-452,-558,-622,-626,-590,-492,-355,-198,-24,167,329,479,586,639,644,594,493,333,172,-3,-194,-361,-502,-614,-660,-650,-599,-491,-326,-147,51,254,430,573,667,697,662,573,421,217,4,-212,-413,-569,-663,-711,-667,-556,-399,-201,8,214,387,508,574,577,514,410,273,110,-47,-189,-303,-372,-389,-378,-336,-258,-169,-70,21,97,155,190,219,210,189,154,118,72,32,-7,-42,-71,-96,-112,-121,-121,-106,-100,-77,-50,-10,24,60,96,110,111,98,72,33,-15,181,-3,510,814,654,-153,-92,5,108,204,284,323,313,262,177,66,-54,-174,-269,-348,-389,-390,-357,-293,-198,-76,54,189,319,426,493,522,504,426,323,175,-2,-189,-372,-537,-653,-722,-718,-642,-497,-291,-62,199,447,665,825,919,922,832,663,417,126,-190,-489,-757,-956,-1061,-1071,-982,-794,-527,-221,125,470,776,996,1135,1178,1114,931,655,323,-21,-373,-695,-943,-1117,-1187,-1145,-1029,-796,-495,-157,204,531,810,1023,1135,1158,1086,901,644,345,8,-321,-622,-863,-1042,-1123,-1107,-991,-799,-553,-243,87,400,683,909,1053,1099,1058,930,726,457,147,-155,-452,-706,-894,-1005,-1040,-988,-847,-638,-367,301,184,451,672,845,956,988,928,808,631,401,148,-112,-376,-620,-814,-944,-1004,-992,-886,-719,-496,-212,90,388,668,890,1030,1084,1054,935,741,483,192,-120,-422,-688,-897,-1040,-1094,-1060,-950,-764,-514,-224,86,397,667,892,1057,1129,1112,1011,823,559,260,-63,-393,-683,-926,-1089,-1171,-1164,-1055,-853,-588,-266,77,410,728,979,1140,1207,1175,1038,818,530,194,-149,-473,-759,-967,-1097,-1142,-1084,-926,-713,-446,-156,154,444,685,880,991,1023,974,854,667,432,163,-107,-368,-593,-779,-905,-936,-909,-822,-659,-445,-200,64,312,529,709,835,889,878,795,651,457,224,-19,-260,-476,-661,987,987,-82,-743,-641,703,812,861,827,735,585,392,179,-58,-293,-501,-666,-781,-833,-835,-767,-635,-464,-247,-14,227,441,631,771,858,893,839,720,547,325,78,-189,-451,-669,-845,-952,-982,-932,-811,-611,-355,-69,220,496,727,903,1007,1021,955,810,591,327,34,-262,-524,-755,-920,-1007,-1010,-926,-775,-563,-309,-23,247,504,713,876,971,981,903,761,566,321,49,-235,-489,-709,-863,-952,-959,-882,-745,-534,-285,-19,244,483,688,827,894,884,797,659,454,225,-15,-259,-479,-644,-757,-798,-785,-694,-562,-387,-183,29,237,411,560,651,680,663,612,498,341,186,8,-163,-323,-460,-548,-589,-590,628,-495,-367,-227,-73,86,240,381,487,563,593,578,521,424,277,112,-55,-222,-378,-501,-575,-619,-610,-542,-429,-284,-110,65,238,402,523,600,642,618,546,432,273,99,-79,-259,-425,-550,-612,-649,-624,-537,-424,-260,-71,119,297,464,584,650,676,636,533,392,200,-10,-227,-420,-586,-684,-714,-682,-579,-414,-225,-4,218,403,547,641,657,606,495,345,161,-36,-215,-350,-450,-496,-487,-432,-338,-210,-84,29,142,227,282,305,291,254,198,138,72,-2,-53,-96,-126,-147,-156,-151,-134,-110,-86,-56,-28,11,40,66,93,110,119,110,100,71,31,-7,-48,-78,-98,-95,-791,-819,-82,-579,-756,151,218,255,249,206,125,10,-108,-210,-294,-350,-365,-334,-264,-169,-51,69,190,293,380,429,440,421,359,259,125,-29,-198,-346,-470,-568,-613,-602,-538,-414,-236,-29,197,408,602,737,821,826,737,573,353,93,-200,-473,-723,-904,-1003,-1001,-906,-733,-476,-164,171,499,783,985,1108,1143,1058,857,583,264,-79,-432,-746,-991,-1136,-1182,-1131,-960,-710,-406,-48,293,614,899,1077,1173,1162,1043,847,567,238,-99,-439,-730,-950,-1097,-1151,-1099,-954,-731,-447,-123,203,521,773,973,1092,1111,1037,872,631,341,34,-272,-559,-798,-979,-1060,-1057,-972,-793,-547,-269,26,323,589,808,944,-176,982,893,730,520,260,-25,-298,-536,-735,-878,-959,-968,-908,-770,-567,-321,-45,245,519,735,926,1032,1058,994,854,627,348,48,-261,-547,-795,-977,-1075,-1093,-1013,-843,-625,-346,-43,266,550,801,981,1087,1107,1040,885,678,401,84,-230,-533,-798,-997,-1117,-1161,-1101,-950,-726,-432,-109,232,560,835,1045,1178,1201,1135,972,714,403,60,-284,-608,-874,-1067,-1169,-1166,-1076,-883,-621,-320,4,328,613,841,998,1075,1066,959,794,573,300,7,-280,-537,-747,-896,-972,-965,-888,-748,-556,-307,-40,212,459,671,818,899,914,845,727,554,338,94,-154,-398,-597,-758,-851,-874,-831,-721,-565,86,-147
61211,mtk,MTK 7916,860662905,rx0-tx1,512,-686,989,1021,73,249,397,514,589,611,580,498,380,236,75,-87,-232,-364,-452,-508,-530,-504,-444,-347,-239,-117,13,149,260,350,411,455,468,451,406,320,221,99,-19,-148,-272,-383,-464,-514,-524,-500,-441,-341,-213,-64,95,245,384,511,593,625,611,540,432,288,108,-83,-268,-440,-572,-662,-705,-677,-595,-476,-293,-102,98,301,481,608,698,729,699,610,477,298,93,-117,-316,-494,-631,-720,-741,-698,-605,-461,-277,-78,130,328,494,621,698,723,682,586,436,264,67,-135,-320,-487,-602,-672,-688,-647,-552,-419,-253,-63,126,305,456,576,652,674,633,545,422,257,73,-123,-302,-38,-569,-644,-671,-631,-540,-407,-246,-57,135,318,473,593,663,684,636,543,406,226,22,-182,-364,-531,-641,-697,-697,-624,-509,-349,-147,51,252,438,577,661,689,655,569,428,263,75,-119,-294,-446,-560,-632,-651,-601,-514,-377,-206,-27,150,313,446,550,607,608,557,463,326,167,-2,-181,-329,-461,-555,-590,-585,-535,-435,-280,-109,68,243,399,517,580,592,548,455,310,147,-32,-207,-352,-470,-533,-539,-501,-408,-280,-133,27,174,304,394,447,461,417,336,223,101,-29,-159,-268,-339,-377,-373,-334,-255,-148,-29,89,192,273,314,309,266,179,74,-36,-132,-197,-210,-178,570,746,0,-85,-473,133,166,171,147,91,18,-66,-139,-195,-230,-230,-205,-153,-77,1,81,155,212,243,249,232,192,125,49,-25,-106,-171,-216,-242,-237,-214,-178,-119,-62,5,78,134,174,193,198,192,176,151,114,65,19,-31,-80,-122,-164,-196,-218,-217,-200,-168,-119,-59,7,83,153,208,247,267,260,226,173,115,42,-26,-104,-166,-216,-250,-256,-247,-211,-174,-121,-57,9,72,124,175,221,246,258,249,223,176,118,44,-35,-119,-196,-256,-300,-326,-320,-282,-231,-144,-47,51,151,239,305,344,357,345,306,237,151,52,-54,-158,-248,-318,-371,-390,-372,-337,-263,-157,-57,55,-48,255,338,391,421,416,373,298,200,81,-43,-170,-284,-383,-453,-482,-478,-426,-341,-224,-92,56,207,339,440,509,537,514,451,353,224,78,-79,-229,-359,-456,-517,-543,-530,-476,-374,-251,-106,49,200,340,461,542,579,564,520,429,298,150,-21,-183,-347,-484,-579,-631,-629,-587,-492,-351,-178,4,194,367,516,632,690,692,633,523,367,180,-19,-222,-417,-570,-676,-724,-710,-642,-520,-349,-155,56,258,432,573,665,702,677,597,475,310,132,-59,-244,-416,-545,-629,-671,-659,-589,-472,-319,-145,49,234,404,537,627,669,654,579,460,300,126,-63,-246,-409,-544,-624,-649,772,645,9,240,-9,629,575,474,338,172,-5,-178,-327,-444,-530,-570,-558,-507,-418,-297,-166,-18,127,259,362,433,475,489,461,401,316,216,104,-20,-138,-252,-349,-422,-470,-488,-473,-421,-336,-224,-97,42,178,313,427,514,567,572,534,456,339,182,12,-170,-340,-484,-594,-661,-666,-621,-525,-379,-210,-12,195,370,532,652,709,718,666,542,387,207,-2,-217,-408,-567,-682,-737,-733,-668,-548,-386,-189,27,233,417,572,678,724,719,648,525,365,178,-28,-231,-416,-559,-655,-704,-690,-623,-505,-346,-166,29,223,397,536,633,676,663,603,489,341,160,-27,-215,-375,-513,-614,-665,-658,-593,634,-329,-160,31,222,393,530,628,675,666,596,486,330,148,-56,-254,-420,-565,-667,-704,-675,-595,-469,-291,-100,113,312,479,618,690,695,654,550,396,213,10,-189,-373,-520,-615,-664,-653,-587,-475,-325,-150,45,227,385,514,588,618,600,534,424,278,104,-74,-244,-388,-508,-576,-608,-574,-495,-382,-225,-59,113,276,429,538,589,598,549,453,309,145,-39,-221,-381,-498,-560,-579,-531,-439,-306,-138,26,187,329,433,491,502,460,380,258,126,-27,-168,-280,-364,-405,-416,-377,-296,-192,-73,53,167,264,326,352,331,275,186,69,-49,-160,-239,-274,-268,-219,-133,-29,61,797,650,0,771,621,74,14,-57,-127,-181,-209,-206,-173,-116,-36,47,122,188,228,245,233,197,132,56,-23,-98,-165,-219,-245,-253,-232,-182,-122,-48,31,98,157,199,215,226,210,174,126,72,20,-33,-85,-129,-166,-181,-189,-191,-178,-156,-116,-71,-14,50,108,160,203,232,253,245,205,150,85,15,-66,-144,-199,-239,-261,-262,-248,-197,-141,-68,-3,61,125,172,216,237,245,233,207,173,117,58,-9,-77,-143,-206,-250,-276,-285,-276,-240,-180,-104,-15,86,171,254,314,342,340,316,261,185,91,-8,-108,-203,-284,-335,-363,-364,-335,-278,-203,-111,1,104,201,297,357,392,405,-1135,320,236,131,18,-105,-220,-316,-393,-440,-451,-432,-369,-282,-157,-27,117,254,373,452,498,516,485,408,293,159,1,-151,-290,-406,-490,-534,-538,-493,-412,-293,-157,-7,143,289,412,499,554,558,522,448,340,201,44,-111,-257,-402,-508,-581,-605,-584,-522,-405,-256,-83,93,266,430,562,638,668,645,565,448,279,88,-110,-300,-468,-607,-691,-716,-685,-592,-448,-268,-61,146,340,507,633,705,721,669,565,417,235,39,-162,-342,-502,-616,-672,-677,-629,-531,-386,-227,-45,147,327,478,583,652,668,625,533,396,231,50,-145,-322,-476,-585,-646,-655,-608,-519,-380,-201,-14,30,429
61212,mtk,MTK 7916,860662905,rx1-tx0,512,0,-239,-392,659,691,672,600,479,329,142,-60,-265,-449,-613,-722,-781,-779,-717,-595,-407,-196,45,285,505,701,850,912,912,822,669,463,200,-88,-371,-624,-835,-968,-1036,-1009,-898,-703,-446,-146,168,475,739,944,1066,1093,1027,875,657,375,56,-260,-556,-808,-983,-1076,-1077,-991,-828,-592,-308,-15,280,564,783,950,1024,1026,955,792,566,310,27,-266,-537,-757,-915,-1004,-1001,-925,-776,-557,-305,-16,264,515,735,878,952,955,879,732,522,268,-1,-266,-511,-711,-851,-921,-910,-821,-668,-464,-228,33,283,512,685,802,857,834,744,600,407,178,-61,-287,-478,-626,-727,-771,-743,-656,-523,-277,-152,53,250,421,548,637,675,659,586,478,332,167,-7,-184,-342,-474,-565,-615,-616,-566,-484,-356,-207,-46,125,278,410,510,573,600,573,506,405,271,124,-45,-210,-353,-476,-560,-614,-614,-580,-496,-366,-209,-20,176,349,503,635,714,742,712,625,468,260,26,-221,-453,-657,-821,-902,-901,-817,-651,-416,-138,164,456,711,891,981,979,885,699,451,149,-163,-457,-686,-840,-926,-914,-804,-622,-396,-137,132,376,568,702,768,752,679,529,347,133,-83,-278,-444,-564,-622,-619,-557,-442,-291,-117,72,240,381,481,520,508,440,315,159,-18,-186,-320,-400,-410,-353,-245,-114,365,205,0,-316,97,74,66,40,5,-35,-73,-108,-126,-136,-116,-86,-54,-6,42,91,129,154,163,152,143,108,66,6,-44,-101,-147,-179,-197,-198,-191,-160,-111,-54,17,87,150,213,243,263,273,239,202,140,56,-37,-142,-222,-299,-351,-368,-358,-313,-234,-140,-10,113,241,361,437,471,470,416,319,196,37,-122,-278,-410,-500,-545,-530,-464,-355,-222,-72,95,243,381,473,523,530,472,386,268,128,-19,-171,-301,-392,-459,-479,-454,-398,-299,-182,-63,63,177,261,333,374,377,367,325,251,180,93,6,-79,-161,-238,-293,-338,-360,-358,-336,-292,-218,-116,-10,110,227,335,417,464,489,441,388,284,154,11,-150,-296,-418,-515,-573,-579,-536,-446,-317,-154,31,212,373,508,590,648,636,579,468,314,128,-69,-256,-432,-566,-665,-702,-680,-598,-464,-290,-97,111,311,483,613,706,732,693,601,460,285,86,-123,-311,-477,-612,-698,-721,-690,-617,-486,-316,-126,79,277,456,600,698,747,746,672,549,388,190,-43,-265,-475,-646,-767,-832,-823,-737,-596,-393,-161,89,333,552,721,824,859,816,696,524,312,69,-164,-384,-568,-696,-761,-769,-714,-595,-434,-251,-50,147,326,466,579,643,659,631,550,439,295,129,-42,-211,-357,-483,-576,-630,-631,-587,-494,-373,-212,-662,-761,0,343,167,205,7,-180,-361,-509,-634,-709,-732,-695,-604,-465,-271,-60,168,381,580,726,816,848,809,711,554,334,79,-187,-451,-666,-843,-952,-981,-917,-785,-580,-324,-39,269,561,802,974,1063,1062,975,804,563,261,-67,-381,-660,-885,-1046,-1109,-1073,-953,-743,-475,-178,135,427,689,895,1015,1056,1025,893,697,446,156,-135,-424,-679,-858,-974,-1022,-990,-868,-672,-432,-151,132,399,643,832,954,1002,951,842,657,412,144,-132,-399,-626,-800,-913,-949,-909,-794,-612,-385,-123,148,401,611,769,872,896,846,720,539,324,77,-172,-392,-581,-715,-797,-808,-755,-634,-471,-274,-52,172,371,535,315,701,713,666,561,416,244,57,-133,-307,-448,-562,-622,-641,-608,-531,-413,-265,-103,74,235,382,494,561,599,589,529,429,306,163,4,-168,-319,-449,-537,-592,-604,-561,-490,-380,-243,-83,90,250,418,541,631,681,670,606,500,343,150,-55,-270,-472,-646,-769,-827,-815,-720,-570,-359,-98,175,447,681,857,957,963,872,689,441,153,-148,-446,-696,-878,-968,-963,-851,-658,-416,-145,153,415,629,774,847,832,735,575,377,135,-104,-329,-509,-627,-693,-684,-617,-496,-330,-135,60,247,401,504,562,563,505,400,248,71,-100,-263,-386,-458,-476,-427,-324,-174,-7,144,251,300,206,367,0,-694,-758,-36,-60,-89,-103,-105,-92,-59,-20,23,70,101,131,150,145,127,94,53,0,-45,-90,-136,-170,-191,-181,-161,-122,-78,-26,29,87,145,187,221,234,224,197,147,85,24,-63,-140,-200,-261,-301,-320,-300,-249,-186,-88,16,124,230,315,389,427,415,373,280,155,18,-125,-268,-381,-468,-512,-502,-450,-348,-208,-50,116,273,402,483,531,524,473,381,245,106,-65,-221,-345,-438,-496,-516,-487,-397,-291,-159,-8,131,255,351,409,431,424,377,307,219,106,1,-88,-192,-260,-307,-334,-340,-333,-309,-258,-188,-107,-20,73,167,261,344,389,415,415,382,309,203,75,-571,-183,-315,-430,-501,-533,-524,-460,-363,-233,-73,97,259,405,518,595,615,581,507,381,227,52,-139,-313,-478,-595,-667,-676,-634,-534,-389,-214,-11,186,376,531,646,707,713,652,539,386,196,-22,-225,-406,-559,-660,-723,-714,-647,-539,-393,-203,4,205,391,549,654,717,723,679,582,435,255,62,-148,-352,-528,-668,-768,-801,-760,-665,-502,-307,-78,168,404,605,760,842,857,792,662,469,245,-10,-260,-485,-658,-779,-823,-798,-718,-572,-378,-163,52,258,442,578,673,712,695,615,499,346,171,-9,-183,-346,-471,-577,-628,-640,-600,-519,-402,-258,-90,85,254,404,516,600,376,-29
61213,mtk,MTK 7916,860662905,rx1-tx1,512,0,0,0,-740,-680,-453,-112,259,578,767,780,606,291,-94,-455,-711,-799,-690,-421,-63,303,586,734,704,503,172,-181,-479,-656,-669,-518,-240,96,401,606,656,533,275,-46,-342,-553,-633,-540,-312,-3,302,528,622,563,356,55,-260,-509,-637,-602,-410,-115,199,467,629,633,479,214,-106,-399,-592,-639,-534,-283,29,322,532,614,540,328,40,-249,-476,-572,-518,-329,-61,223,447,553,516,351,94,-195,-438,-566,-558,-415,-163,142,408,577,613,494,250,-37,-323,-535,-616,-550,-356,-75,217,458,581,565,422,182,-99,-352,-519,-564,-472,-262,-10,235,424,505,452,296,89,-130,-313,0,-404,-291,-111,85,252,337,325,231,74,-104,-248,-319,-299,-197,-31,153,298,369,346,226,40,-175,-346,-434,-417,-296,-98,131,341,479,506,399,190,-69,-316,-491,-553,-494,-309,-45,234,465,589,572,426,168,-125,-390,-575,-626,-520,-291,13,310,524,623,581,404,117,-215,-482,-632,-648,-515,-249,82,385,602,690,615,398,90,-238,-521,-682,-692,-546,-288,34,351,585,680,634,456,173,-145,-418,-595,-639,-549,-343,-60,220,436,563,557,422,211,-40,-270,-429,-501,-467,-322,-114,98,283,406,438,380,251,74,-108,-260,-362,-393,-353,-256,-115,29,148,234,278,272,233,0,0,0,0,0,-305,-275,-181,-41,134,313,455,536,529,426,237,-20,-281,-495,-626,-642,-536,-311,-16,291,543,697,710,575,317,-30,-372,-622,-745,-715,-536,-228,134,476,719,783,669,414,61,-319,-632,-793,-777,-596,-260,156,535,786,855,731,433,37,-379,-723,-894,-856,-616,-234,207,611,869,923,766,421,-17,-443,-779,-934,-860,-582,-165,295,684,903,915,705,330,-121,-554,-843,-927,-790,-454,-10,428,773,934,859,571,143,-322,-711,-940,-937,-704,-299,191,653,956,1021,849,474,-28,-531,-922,-1104,-1021,-691,-205,341,823,1109,1144,917,471,-88,-634,-1028,-1180,-1062,-707,-180,386,854,1120,0,857,393,-162,-675,-1026,-1131,-957,-551,-21,509,918,1103,1014,677,175,-373,-835,-1099,-1088,-814,-342,217,732,1074,1156,960,539,-15,-583,-1008,-1192,-1096,-742,-206,371,859,1141,1154,887,416,-146,-661,-1017,-1127,-963,-563,-37,491,888,1065,979,649,163,-347,-761,-987,-953,-676,-242,255,691,953,965,734,317,-192,-656,-957,-1025,-844,-456,50,550,927,1077,967,632,144,-377,-809,-1051,-1036,-782,-349,168,633,944,1031,868,507,46,-418,-779,-944,-874,-604,-204,236,594,792,795,613,287,-101,-444,-660,-706,-564,-288,44,355,573,630,514,269,-46,-350,-554,-607,-504,-266,56,367,584,653,0,0,0,0,0,30,-318,-602,-763,-744,-539,-205,173,520,750,796,660,371,-10,-382,-652,-765,-707,-474,-128,233,523,691,689,511,218,-128,-435,-621,-651,-521,-256,69,374,579,634,529,293,-14,-323,-547,-626,-551,-335,-28,285,523,624,573,376,87,-229,-489,-631,-619,-444,-157,160,442,621,645,510,254,-63,-360,-571,-630,-529,-310,-9,283,494,588,532,336,60,-228,-462,-567,-515,-337,-73,208,433,555,537,376,115,-181,-431,-574,-580,-458,-211,98,372,560,623,533,317,22,-272,-495,-604,-572,-394,-126,165,409,553,568,449,229,-42,-294,-475,-536,-464,-296,-54,188,365,451,430,304,0,-101,-279,-372,-358,-251,-87,95,238,316,311,214,45,-135,-278,-340,-316,-207,-36,153,312,397,375,246,49,-161,-350,-457,-452,-343,-149,95,327,482,523,444,255,0,-266,-483,-585,-536,-362,-109,179,437,580,592,468,229,-71,-353,-557,-630,-556,-348,-57,253,507,635,616,459,182,-145,-443,-632,-666,-551,-316,-1,321,572,696,661,482,194,-134,-435,-638,-699,-603,-375,-69,255,513,649,646,507,264,-28,-312,-521,-603,-550,-387,-144,124,351,501,543,454,277,53,-183,-366,-456,-454,-356,-189,13,203,346,414,396,305,164,-4,-162,-278,-338,-345,-299,-208,-94,9,90,0,0,0,0,0,-115,-246,-357,-430,-437,-374,-238,-41,181,388,538,602,556,395,152,-132,-406,-615,-701,-636,-447,-163,160,463,687,757,665,436,110,-245,-546,-739,-770,-618,-330,38,395,664,793,731,494,153,-243,-586,-793,-819,-656,-338,66,460,759,889,801,535,142,-300,-669,-885,-898,-703,-335,114,536,841,952,827,508,80,-360,-727,-927,-893,-650,-257,203,603,870,931,751,390,-56,-490,-811,-926,-816,-516,-90,384,765,947,899,634,214,-259,-683,-945,-980,-776,-384,115,599,940,1065,938,587,82,-455,-890,-1123,-1098,-816,-344,223,739,1078,1176,1006,599,50,-513,-946,-1159,-1111,-796,-295,0,769,1070,1122,906,472,-71,-594,-973,-1112,-984,-615,-94,449,879,1100,1056,748,250,-308,-792,-1086,-1125,-889,-444,107,650,1046,1182,1031,633,86,-473,-929,-1172,-1127,-821,-328,258,781,1095,1144,933,506,-44,-576,-960,-1108,-982,-621,-123,403,817,1014,961,669,201,-301,-718,-955,-952,-700,-264,237,677,949,990,779,379,-123,-615,-951,-1051,-907,-543,-41,478,874,1066,1011,707,245,-275,-731,-1005,-1044,-837,-436,54,521,865,1002,893,576,136,-322,-693,-875,-847,-621,-252,153,499,714,749,594,297,-64,-393,-598,-650,-540,-288,37,352,563,610,499,262,-52,-359,-569,-631,-535,-289,29,0,0
61214,mtk,MTK 7916,860662905,rx2-tx0,512,0,0,0,-1211,-1084,-690,-115,501,1013,1291,1263,927,363,-298,-908,-1308,-1394,-1145,-626,47,720,1222,1433,1303,861,204,-503,-1085,-1414,-1400,-1041,-434,273,912,1332,1424,1171,631,-59,-731,-1222,-1412,-1249,-783,-131,554,1096,1365,1297,909,296,-382,-966,-1311,-1330,-1016,-451,217,821,1222,1321,1085,581,-56,-677,-1123,-1277,-1117,-678,-72,538,1015,1231,1126,735,166,-441,-932,-1168,-1107,-768,-235,360,861,1138,1118,814,291,-314,-830,-1138,-1164,-887,-374,237,801,1168,1242,1001,502,-125,-729,-1167,-1318,-1144,-685,-48,613,1132,1381,1282,872,254,-426,-1020,-1373,-1389,-1070,-494,210,871,1321,1448,1228,717,27,-672,-1200,0,-1352,-923,-271,441,1047,1402,1416,1087,498,-218,-883,-1331,-1460,-1233,-707,-12,697,1245,1483,1368,931,253,-495,-1117,-1477,-1489,-1140,-522,225,929,1418,1561,1336,799,64,-689,-1284,-1574,-1495,-1057,-374,401,1085,1519,1592,1286,682,-78,-817,-1372,-1607,-1456,-964,-251,509,1147,1521,1535,1186,559,-183,-874,-1365,-1537,-1344,-833,-142,566,1143,1456,1430,1072,478,-220,-856,-1290,-1437,-1259,-795,-163,494,1020,1312,1306,1017,514,-91,-656,-1055,-1209,-1096,-750,-261,269,729,1007,1051,868,503,53,-383,-725,-895,-868,-655,-315,70,424,674,777,714,516,232,-88,-373,-569,-650,-616,-476,-272,-40,164,308,387,405,0,0,0,0,0,-348,-463,-517,-494,-380,-175,90,358,587,734,750,619,357,15,-342,-653,-855,-879,-710,-387,27,455,806,991,966,728,325,-160,-627,-979,-1116,-1008,-675,-176,382,865,1160,1204,984,533,-55,-639,-1095,-1311,-1225,-861,-304,330,903,1278,1354,1119,631,2,-639,-1147,-1384,-1303,-925,-328,353,942,1319,1392,1146,638,-16,-662,-1143,-1362,-1264,-874,-285,361,907,1232,1264,1001,504,-106,-679,-1076,-1201,-1034,-626,-80,475,908,1110,1036,702,201,-336,-788,-1035,-1017,-739,-282,242,700,982,1021,800,372,-161,-651,-973,-1058,-883,-479,53,573,963,1125,998,628,98,-461,-917,-1156,-1108,-795,-291,294,813,0,1182,942,474,-124,-695,-1092,-1223,-1050,-628,-46,559,1020,1235,1150,774,205,-422,-958,-1262,-1252,-932,-382,268,861,1245,1339,1100,588,-69,-711,-1190,-1380,-1240,-801,-163,518,1076,1367,1330,977,386,-301,-912,-1297,-1364,-1101,-577,79,717,1175,1339,1172,722,104,-532,-1038,-1267,-1178,-808,-237,390,903,1179,1172,869,351,-250,-781,-1110,-1160,-921,-452,123,662,1026,1130,955,543,-2,-534,-929,-1084,-966,-615,-115,404,811,1007,945,642,190,-299,-699,-913,-886,-632,-215,248,641,863,846,603,209,-235,-620,-846,-845,-617,-224,233,634,878,893,671,271,-211,-650,-925,-970,-773,-358,159,646,982,1072,0,0,0,0,0,9,-570,-1035,-1264,-1188,-817,-238,406,967,1310,1341,1050,499,-178,-821,-1275,-1423,-1239,-756,-81,611,1158,1433,1361,964,332,-386,-1007,-1378,-1418,-1115,-542,159,823,1279,1428,1222,716,44,-636,-1160,-1385,-1275,-855,-219,471,1040,1345,1314,961,380,-299,-905,-1274,-1325,-1056,-524,140,756,1176,1300,1105,634,11,-608,-1066,-1260,-1128,-712,-129,484,968,1199,1118,755,206,-394,-889,-1148,-1109,-790,-264,331,842,1132,1131,840,324,-279,-816,-1154,-1199,-941,-443,180,767,1161,1270,1067,590,-48,-677,-1147,-1342,-1213,-778,-146,527,1077,1372,1339,977,372,-330,-955,-1346,-1419,-1147,-605,89,773,1271,1456,1298,827,0,-555,-1137,-1443,-1393,-1010,-389,331,972,1373,1438,1157,598,-112,-797,-1287,-1474,-1306,-815,-126,597,1185,1491,1439,1029,370,-369,-1028,-1455,-1535,-1247,-659,91,822,1357,1573,1423,934,217,-556,-1194,-1553,-1547,-1174,-529,237,959,1451,1600,1378,833,86,-676,-1271,-1565,-1507,-1101,-432,341,1020,1453,1545,1274,718,-5,-727,-1271,-1509,-1395,-966,-324,392,1013,1388,1449,1183,643,-29,-679,-1173,-1396,-1302,-911,-335,295,850,1198,1279,1082,648,93,-456,-897,-1120,-1093,-830,-394,109,558,872,985,881,596,195,-225,-574,-793,-833,-700,-427,-75,270,543,693,709,588,364,92,-173,-389,-525,-557,-500,-375,-218,-52,0,0,0,0,0,251,117,-63,-273,-468,-611,-666,-601,-416,-144,181,496,726,825,771,555,209,-199,-577,-844,-947,-853,-568,-152,315,727,992,1050,879,502,-1,-518,-934,-1155,-1124,-834,-351,220,763,1147,1269,1105,695,128,-484,-1001,-1300,-1306,-1003,-468,176,785,1219,1384,1231,793,174,-490,-1054,-1363,-1358,-1045,-493,174,801,1237,1386,1223,770,138,-507,-1035,-1307,-1274,-947,-408,225,796,1159,1243,1034,581,-10,-580,-989,-1153,-1039,-675,-148,402,836,1062,1022,727,252,-285,-739,-1001,-1010,-763,-324,194,671,979,1039,833,414,-110,-609,-969,-1095,-943,-550,-24,521,946,1138,1056,715,200,-373,-870,-1155,-1151,-866,0,222,759,1113,1199,994,537,-47,-619,-1052,-1228,-1100,-697,-119,491,985,1252,1204,853,289,-350,-914,-1261,-1296,-1013,-486,167,788,1223,1364,1179,703,53,-622,-1145,-1384,-1292,-897,-278,412,999,1340,1358,1050,488,-190,-814,-1240,-1359,-1145,-658,-11,627,1102,1304,1182,769,174,-458,-970,-1232,-1180,-839,-292,318,840,1151,1169,890,398,-188,-725,-1067,-1143,-938,-499,65,600,972,1104,962,580,63,-467,-874,-1048,-954,-629,-159,340,751,964,919,640,208,-270,-672,-884,-866,-624,-222,234,623,842,842,611,214,-236,-629,-858,-859,-635,-237,228,642,898,933,728,319,-192,-655,-957,-1023,-833,-421,109,0,0
61215,mtk,MTK 7916,860662905,rx2-tx1,512,0,0,0,958,554,11,-543,-973,-1171,-1092,-744,-206,379,876,1177,1189,920,433,-166,-719,-1100,-1216,-1040,-616,-52,520,964,1180,1104,757,235,-328,-808,-1085,-1100,-844,-378,161,648,967,1038,856,454,-62,-543,-880,-989,-839,-475,8,489,847,983,864,519,35,-458,-836,-1003,-913,-588,-115,398,820,1035,986,687,223,-304,-766,-1032,-1041,-774,-318,220,716,1024,1075,861,422,-138,-665,-1023,-1137,-967,-545,19,590,1029,1216,1109,726,151,-464,-977,-1266,-1259,-954,-410,230,814,1213,1327,1130,662,38,-592,-1087,-1324,-1247,-878,-310,326,889,1235,1287,1040,554,-55,-639,-1065,-1245,-1121,-742,-209,363,835,1093,0,822,383,-139,-608,-911,-982,-817,-469,-17,427,749,866,766,474,72,-344,-662,-795,-726,-476,-103,297,612,757,711,481,122,-276,-603,-772,-743,-517,-146,276,627,827,824,604,205,-258,-675,-945,-987,-789,-393,118,629,1006,1147,1021,655,119,-466,-953,-1228,-1223,-942,-432,190,777,1200,1352,1190,758,149,-513,-1063,-1372,-1380,-1082,-534,130,760,1238,1447,1344,950,356,-315,-912,-1299,-1394,-1200,-762,-173,428,934,1230,1247,1002,566,28,-490,-880,-1065,-1025,-770,-366,98,512,791,897,812,563,207,-167,-493,-697,-747,-645,-426,-133,174,428,582,627,557,390,176,-40,-229,-359,-412,-400,-328,0,0,0,0,0,482,450,342,158,-77,-324,-547,-683,-705,-609,-391,-87,242,526,716,766,663,424,84,-278,-583,-774,-795,-636,-340,35,412,702,834,786,559,195,-226,-602,-844,-894,-740,-409,21,453,790,952,895,637,224,-251,-682,-954,-997,-822,-456,23,505,871,1028,954,654,197,-309,-739,-1011,-1035,-813,-402,109,589,921,1054,929,577,91,-405,-811,-1031,-999,-727,-279,230,671,950,1008,819,427,-73,-545,-873,-995,-885,-555,-80,415,802,995,950,676,234,-262,-693,-973,-1016,-804,-408,84,556,898,1025,910,570,94,-400,-801,-1000,-954,-686,-256,234,664,934,969,769,388,-91,-545,-865,-971,0,-500,-43,421,784,953,885,604,175,-293,-680,-905,-905,-674,-280,177,589,849,889,705,341,-116,-546,-828,-896,-745,-407,54,508,835,964,848,508,35,-460,-847,-1027,-963,-666,-187,341,780,1034,1051,804,362,-172,-669,-996,-1082,-907,-497,38,546,912,1064,945,586,87,-428,-844,-1046,-974,-656,-182,345,786,1024,1004,737,280,-252,-721,-1008,-1047,-819,-381,156,665,1013,1099,915,513,-28,-577,-980,-1133,-1017,-654,-124,446,909,1152,1118,802,289,-277,-782,-1109,-1159,-929,-477,90,632,1008,1143,1000,615,85,-461,-889,-1091,-1025,-706,-216,327,785,1047,1037,767,319,-214,-700,-1013,-1070,-850,0,0,0,0,0,608,997,1155,1030,648,105,-471,-932,-1181,-1153,-846,-329,268,807,1145,1208,987,534,-49,-621,-1039,-1201,-1077,-697,-152,427,900,1141,1102,810,327,-239,-735,-1030,-1072,-856,-422,110,598,921,1009,845,466,-34,-513,-852,-976,-840,-481,-11,469,841,989,885,557,77,-430,-832,-1017,-945,-641,-162,363,798,1038,1014,736,274,-258,-731,-1030,-1062,-821,-366,184,686,1022,1105,913,481,-79,-624,-1023,-1177,-1038,-628,-58,537,1016,1254,1182,827,274,-358,-915,-1251,-1301,-1047,-538,99,718,1164,1332,1186,769,166,-474,-999,-1292,-1277,-961,-424,199,767,1158,1275,1091,652,78,-496,-946,-1173,-1117,-794,-301,0,708,1005,1047,836,435,-57,-507,-812,-919,-795,-474,-46,382,696,822,741,475,81,-326,-635,-774,-714,-472,-111,286,606,762,725,498,131,-277,-622,-802,-773,-543,-164,274,658,880,891,682,286,-211,-673,-982,-1065,-898,-504,22,568,997,1202,1134,799,263,-341,-884,-1236,-1313,-1086,-603,28,665,1145,1368,1296,933,342,-324,-916,-1318,-1438,-1226,-750,-117,546,1097,1399,1396,1097,566,-70,-682,-1137,-1345,-1262,-911,-400,177,705,1063,1176,1044,699,218,-285,-696,-942,-977,-807,-474,-63,339,647,806,790,607,316,-23,-344,-578,-683,-653,-503,-270,-4,243,430,529,535,451,305,139,-17,-152,0,0,0,0,0,105,292,459,583,626,571,416,172,-124,-408,-628,-745,-723,-554,-274,70,409,663,785,746,544,222,-155,-503,-749,-832,-726,-457,-81,317,651,845,848,649,294,-131,-531,-822,-932,-828,-528,-104,360,744,962,956,730,340,-137,-594,-914,-1022,-891,-559,-89,406,810,1029,1010,738,296,-210,-669,-974,-1050,-878,-487,6,497,877,1040,956,650,197,-317,-752,-994,-999,-770,-355,142,601,914,1003,848,486,6,-474,-844,-1009,-926,-616,-156,339,753,984,985,748,320,-183,-638,-943,-1032,-865,-492,1,487,852,1017,935,629,176,-319,-723,-954,-963,-733,-330,156,606,898,971,805,438,-24,0,-830,-956,-859,-549,-101,365,733,924,896,648,235,-237,-639,-877,-896,-691,-311,152,568,836,896,727,367,-89,-521,-829,-936,-794,-443,20,485,845,1000,907,580,105,-405,-819,-1043,-1011,-740,-290,244,729,1028,1070,856,430,-98,-598,-955,-1075,-923,-550,-35,493,884,1050,960,628,137,-389,-814,-1029,-987,-700,-229,296,750,1015,1024,773,326,-210,-694,-1006,-1070,-866,-440,101,622,987,1120,977,578,36,-518,-953,-1152,-1070,-732,-212,367,861,1141,1148,870,380,-195,-711,-1058,-1156,-968,-548,-2,543,954,1123,1020,670,151,-401,-845,-1072,-1031,-742,-268,267,743,1028,1047,804,364,-170,-663,0,0
61216,mtk,MTK 7916,860708815,rx0-tx0,512,-330,-250,-455,707,548,355,126,-114,-332,-535,-687,-787,-836,-803,-712,-571,-394,-194,34,258,461,639,758,823,834,786,669,503,298,64,-189,-419,-627,-784,-888,-926,-884,-775,-600,-370,-111,166,435,676,856,966,998,952,822,623,381,98,-187,-462,-696,-872,-979,-1005,-954,-814,-624,-373,-113,170,435,666,838,947,977,930,808,628,396,144,-135,-390,-628,-817,-928,-968,-918,-805,-629,-398,-139,135,393,622,793,899,931,877,761,578,354,103,-165,-395,-584,-729,-815,-839,-789,-668,-505,-307,-86,138,346,514,641,711,723,687,583,445,282,102,-89,-268,-419,-529,-603,-628,-609,-537,-439,-307,-26,6,170,325,444,528,581,592,567,486,362,221,53,-111,-267,-409,-527,-590,-615,-581,-505,-404,-243,-79,104,277,426,543,612,625,593,517,409,241,67,-117,-285,-432,-551,-626,-641,-610,-532,-400,-238,-53,123,306,463,572,639,661,624,535,394,209,7,-191,-383,-536,-652,-710,-688,-611,-468,-289,-68,141,344,519,631,678,659,574,431,253,49,-153,-317,-449,-531,-547,-511,-428,-303,-164,-19,106,214,304,341,345,321,272,198,114,40,-29,-102,-145,-172,-188,-190,-169,-140,-109,-67,-35,3,39,78,102,111,129,131,114,88,55,16,-26,-66,-96,-112,-115,-91,-53,397,190,510,920,755,139,80,-15,-121,-210,-279,-312,-300,-250,-165,-61,60,173,267,344,383,386,351,284,192,74,-59,-190,-306,-414,-485,-514,-499,-424,-317,-180,-8,185,359,513,634,703,700,636,508,303,80,-172,-427,-643,-807,-902,-915,-834,-676,-444,-163,139,445,716,923,1045,1063,996,831,581,267,-68,-402,-702,-943,-1104,-1171,-1118,-956,-715,-420,-74,279,615,886,1070,1167,1160,1057,858,566,247,-93,-445,-729,-950,-1099,-1155,-1109,-960,-740,-456,-141,196,512,779,972,1090,1114,1045,897,664,373,58,-262,-554,-798,-983,-1065,-1071,-981,-810,-574,-289,8,318,584,803,950,1014,1010,916,737,507,301,-21,-300,-546,-743,-878,-956,-951,-872,-739,-547,-306,-56,225,466,688,855,961,997,949,829,643,399,121,-178,-471,-722,-915,-1034,-1065,-1002,-881,-681,-416,-116,183,469,718,912,1026,1082,1040,913,719,464,176,-126,-426,-708,-918,-1062,-1118,-1100,-983,-791,-532,-229,92,403,698,931,1090,1165,1148,1038,844,573,245,-98,-429,-728,-969,-1127,-1188,-1157,-1022,-796,-515,-196,145,461,736,954,1062,1104,1058,931,728,458,164,-126,-405,-656,-840,-961,-1007,-975,-859,-686,-462,-198,61,314,557,748,864,923,912,822,678,483,247,-3,-257,-480,-665,-806,-871,-868,-810,-687,-508,-295,-54,182,402,937,1006,-82,-789,-696,-464,-640,-763,-828,-823,-758,-642,-465,-266,-35,194,408,584,717,800,827,782,689,541,349,130,-98,-329,-536,-697,-816,-876,-863,-785,-645,-449,-219,38,295,530,733,878,954,958,877,724,500,249,-31,-314,-580,-788,-928,-1001,-989,-902,-730,-508,-238,46,329,578,777,912,974,966,876,719,506,254,-22,-291,-538,-739,-877,-956,-956,-877,-734,-527,-276,-7,268,509,719,864,945,942,863,712,494,253,-17,-269,-500,-691,-819,-885,-872,-774,-633,-433,-217,25,264,471,632,739,783,770,688,560,388,191,-12,-215,-397,-530,-628,-677,-671,-606,-493,-359,-202,-35,140,297,425,530,628,601,575,502,387,253,101,-58,-219,-365,-477,-556,-596,-589,-537,-453,-316,-155,18,197,349,488,577,615,616,564,463,326,151,-27,-203,-356,-497,-597,-637,-628,-563,-461,-320,-148,31,205,372,506,602,644,636,581,468,316,147,-45,-239,-410,-555,-653,-689,-670,-585,-442,-269,-56,162,362,534,654,707,688,618,470,278,64,-147,-345,-494,-593,-626,-588,-499,-367,-201,-21,140,279,376,432,439,401,339,245,132,30,-68,-155,-220,-250,-257,-249,-217,-158,-106,-54,-2,51,90,124,141,141,144,132,115,75,49,19,-25,-60,-89,-106,-122,-119,-105,-72,-33,14,57,79,-711,-794,-82,-456,-688,-157,-216,-254,-240,-188,-105,1,112,215,294,341,352,318,254,161,46,-69,-186,-292,-376,-429,-439,-408,-348,-253,-117,29,190,337,457,550,607,599,529,409,244,37,-180,-392,-584,-725,-796,-815,-740,-586,-374,-117,165,439,679,867,976,998,930,763,517,211,-114,-432,-726,-952,-1088,-1123,-1062,-899,-646,-341,4,359,676,924,1102,1180,1152,1013,778,484,152,-200,-525,-814,-1022,-1130,-1168,-1088,-901,-665,-356,-19,331,629,870,1035,1123,1120,1020,824,554,242,-89,-391,-670,-900,-1051,-1108,-1067,-935,-739,-479,-179,127,437,689,895,1013,1057,1008,868,665,399,118,-171,-452,-693,-869,-176,-990,-941,-813,-626,-400,-145,132,382,603,789,901,957,939,851,703,488,236,-41,-322,-574,-798,-949,-1030,-1030,-943,-777,-549,-271,40,342,612,842,991,1060,1042,956,795,564,292,-2,-312,-579,-812,-979,-1074,-1086,-1022,-864,-633,-354,-55,261,560,817,1012,1119,1140,1079,926,692,404,84,-252,-566,-845,-1056,-1172,-1186,-1110,-948,-699,-385,-49,290,613,871,1049,1148,1156,1054,883,623,325,20,-295,-576,-812,-982,-1055,-1041,-961,-798,-580,-322,-48,231,485,697,862,948,946,899,775,581,349,103,-161,-403,-610,-773,-870,-903,-865,-756,-598,-388,-145,99,330,541,704,815,861,837,750,364,95
61217,mtk,MTK 7916,860708815,rx0-tx1,512,-686,939,1007,156,-18,-195,-354,-473,-549,-592,-579,-519,-421,-283,-132,18,168,296,403,476,501,502,464,388,283,178,59,-64,-179,-283,-366,-424,-453,-458,-425,-363,-283,-184,-66,62,183,306,404,475,518,522,479,405,302,168,18,-142,-296,-430,-536,-596,-613,-588,-516,-396,-245,-66,129,307,460,588,663,687,661,565,430,260,67,-138,-333,-499,-625,-694,-715,-678,-577,-443,-266,-58,143,332,500,627,705,714,674,584,439,260,66,-139,-327,-494,-616,-689,-699,-660,-565,-423,-249,-61,133,312,468,581,661,676,635,549,419,257,79,-109,-285,-442,-566,-637,-656,-621,-550,-417,-268,-93,-38,293,439,546,624,655,624,549,417,260,83,-107,-283,-446,-569,-645,-675,-644,-554,-419,-252,-62,142,326,482,609,674,681,633,528,376,194,-5,-203,-384,-518,-613,-655,-644,-583,-466,-308,-139,47,230,381,500,578,611,595,524,418,277,113,-60,-223,-373,-492,-555,-587,-569,-492,-380,-240,-78,87,249,392,499,562,581,548,470,345,186,16,-157,-314,-441,-537,-569,-556,-487,-375,-231,-54,123,265,387,477,510,494,430,328,198,52,-92,-218,-325,-396,-431,-412,-354,-269,-155,-36,90,207,294,349,362,332,268,183,69,-55,-159,-239,-291,-294,-248,-170,-67,35,117,165,326,581,0,-202,-541,-133,-162,-161,-130,-75,-2,75,146,197,227,222,188,136,70,-11,-86,-160,-212,-243,-246,-225,-175,-124,-45,34,106,169,214,230,236,211,168,108,50,-15,-75,-123,-159,-186,-194,-195,-172,-135,-109,-65,-15,24,70,112,155,187,204,213,194,164,127,75,7,-74,-142,-196,-227,-253,-252,-236,-188,-123,-62,11,84,144,193,229,250,246,219,184,138,80,25,-35,-108,-159,-204,-243,-265,-265,-251,-207,-149,-79,-2,83,156,228,283,314,321,293,251,189,99,1,-97,-193,-270,-322,-354,-354,-323,-271,-195,-105,4,111,204,285,343,373,376,345,298,219,119,10,-48,-207,-294,-359,-405,-413,-400,-350,-269,-166,-41,88,207,325,408,465,486,465,403,305,186,42,-103,-243,-369,-461,-517,-527,-497,-423,-315,-179,-39,109,256,367,461,519,539,513,454,358,231,84,-70,-219,-350,-465,-543,-575,-564,-507,-424,-295,-137,27,201,361,488,580,629,628,582,488,350,179,-5,-190,-372,-522,-631,-687,-684,-631,-527,-377,-186,21,221,411,556,666,716,699,630,507,345,163,-42,-242,-410,-548,-646,-687,-680,-612,-494,-340,-165,31,222,385,516,611,656,653,597,493,346,172,-13,-203,-369,-506,-601,-648,-651,-592,-485,-343,-171,11,193,360,498,590,736,521,9,374,98,-606,-623,-586,-499,-372,-226,-62,111,261,393,489,541,547,512,443,346,215,76,-55,-183,-299,-379,-435,-468,-460,-426,-364,-278,-173,-54,66,187,287,367,432,471,470,445,389,299,186,54,-90,-225,-348,-456,-533,-572,-564,-515,-421,-287,-125,47,221,382,516,606,660,651,585,480,336,155,-32,-232,-417,-556,-657,-706,-700,-636,-520,-360,-170,32,244,427,570,682,726,713,645,524,360,158,-49,-246,-426,-570,-662,-706,-694,-624,-506,-348,-157,39,229,405,548,641,686,672,610,498,347,171,-26,-213,-382,-525,-613,-661,-653,-595,-493,-344,-173,14,189,360,501,593,656,634,595,481,344,182,-10,-193,-366,-503,-597,-656,-655,-601,-498,-350,-181,13,215,393,534,629,681,670,595,479,316,124,-70,-261,-435,-569,-653,-678,-651,-557,-418,-250,-62,118,296,451,562,622,638,586,491,362,205,31,-145,-308,-440,-541,-592,-591,-543,-460,-327,-174,-14,163,313,429,517,566,574,531,439,305,149,-22,-192,-347,-475,-557,-588,-563,-483,-366,-209,-34,137,299,423,511,555,532,461,359,212,51,-106,-247,-361,-438,-470,-452,-391,-301,-182,-49,91,203,301,365,394,384,323,232,124,3,-115,-211,-287,-332,-325,-275,-196,-92,26,129,204,241,229,179,102,923,802,0,751,561,-62,-8,61,127,176,201,193,159,100,24,-62,-131,-186,-225,-239,-226,-183,-123,-52,23,104,165,211,240,239,222,182,116,44,-23,-92,-150,-191,-211,-218,-197,-161,-124,-74,-23,31,90,119,147,181,186,181,169,145,117,73,22,-39,-99,-145,-185,-218,-243,-236,-209,-159,-98,-31,44,112,182,223,251,264,247,211,162,101,31,-43,-103,-155,-200,-228,-235,-238,-218,-182,-141,-84,-10,56,120,183,234,271,292,284,254,211,133,52,-47,-139,-216,-286,-332,-345,-337,-294,-224,-140,-44,61,156,244,306,350,363,348,311,251,162,61,-49,-147,-241,-323,-376,-397,-1135,-350,-287,-201,-90,31,145,259,349,416,450,439,405,337,236,118,-21,-161,-289,-393,-467,-508,-498,-460,-372,-257,-115,35,183,319,429,503,534,528,468,372,262,126,-19,-166,-297,-415,-500,-546,-548,-510,-437,-334,-191,-32,131,279,411,525,588,607,584,507,393,247,76,-101,-275,-432,-560,-643,-672,-653,-570,-441,-280,-91,109,296,468,602,691,707,678,591,455,285,75,-131,-328,-498,-621,-691,-713,-665,-565,-429,-252,-58,137,327,481,590,653,672,631,542,416,253,71,-111,-288,-442,-564,-637,-664,-631,-549,-426,-262,-84,105,286,437,555,627,647,620,536,404,240,251,577
61218,mtk,MTK 7916,860708815,rx1-tx0,512,0,-297,-411,-515,-618,-678,-685,-634,-544,-402,-229,-41,174,372,545,681,767,796,758,662,505,306,79,-167,-400,-620,-787,-892,-922,-883,-764,-587,-348,-71,214,487,727,910,1015,1034,966,819,593,318,8,-303,-589,-823,-990,-1075,-1071,-971,-800,-558,-259,50,354,632,854,1004,1072,1044,934,747,512,234,-63,-344,-613,-823,-951,-1013,-1007,-903,-738,-522,-257,30,308,578,774,915,991,981,892,738,523,258,-20,-296,-543,-743,-883,-960,-947,-850,-694,-484,-235,27,286,526,712,833,900,885,792,659,457,217,-25,-267,-489,-667,-784,-833,-801,-726,-587,-400,-182,39,255,445,596,699,741,722,-277,514,355,172,-18,-197,-364,-503,-598,-643,-639,-589,-498,-362,-209,-41,128,285,425,531,589,601,574,506,392,256,101,-72,-236,-371,-476,-546,-584,-575,-530,-439,-319,-185,-22,141,294,422,525,604,636,617,552,445,302,123,-68,-260,-442,-591,-693,-753,-750,-683,-557,-361,-123,121,367,587,771,882,912,865,729,514,244,-46,-338,-603,-813,-940,-981,-907,-754,-531,-255,31,315,559,742,857,874,822,688,482,252,2,-244,-454,-606,-693,-717,-683,-585,-433,-248,-37,160,337,472,564,591,560,480,353,198,20,-153,-308,-427,-488,-495,-441,-335,-189,-17,143,268,341,347,293,292,105,0,-202,187,-66,-59,-35,1,34,73,103,121,122,106,78,46,1,-48,-92,-124,-149,-160,-163,-138,-100,-62,-10,46,94,140,174,193,198,184,152,118,62,-13,-73,-143,-198,-237,-264,-263,-241,-205,-140,-54,41,128,213,285,335,362,361,316,235,134,23,-98,-225,-333,-415,-463,-465,-421,-328,-211,-69,89,242,371,468,515,520,473,378,249,102,-57,-202,-336,-439,-493,-516,-482,-402,-295,-159,-11,129,257,359,429,449,450,400,322,223,106,-12,-120,-220,-296,-352,-366,-351,-329,-275,-207,-136,-50,32,107,182,251,303,345,357,352,324,260,177,68,-40,-159,-277,-369,-434,489,-479,-437,-355,-241,-101,58,205,341,461,541,575,566,500,395,251,85,-93,-258,-408,-533,-615,-647,-618,-540,-416,-258,-77,123,311,478,599,673,697,650,565,427,253,57,-143,-339,-505,-625,-694,-712,-667,-575,-435,-264,-72,137,326,488,608,686,705,680,597,467,313,119,-84,-272,-448,-589,-696,-751,-742,-676,-552,-387,-188,30,247,457,630,757,814,819,739,594,411,172,-68,-317,-540,-699,-814,-849,-801,-695,-531,-328,-96,134,357,531,651,727,741,682,585,456,286,95,-92,-270,-419,-538,-616,-646,-629,-569,-469,-339,-187,-17,150,303,444,547,614,630,601,536,415,-746,-731,0,310,122,-422,-270,-94,96,282,450,595,684,743,735,658,536,371,174,-50,-275,-481,-661,-788,-857,-851,-780,-647,-451,-211,50,316,562,768,919,986,968,874,704,470,195,-109,-398,-669,-881,-1019,-1076,-1041,-913,-709,-441,-138,180,479,739,940,1062,1088,1032,884,662,390,96,-212,-491,-735,-910,-1018,-1033,-977,-843,-630,-371,-102,190,460,685,867,978,1002,957,828,625,390,114,-167,-431,-654,-839,-945,-975,-929,-799,-616,-389,-129,154,411,631,805,907,931,888,768,582,359,108,-159,-398,-600,-770,-849,-871,-822,-708,-530,-318,-75,157,369,560,697,768,776,727,617,463,277,73,-140,315,-492,-612,-679,-688,-652,-567,-440,-276,-103,78,248,404,526,600,627,597,533,433,306,153,-13,-176,-330,-455,-531,-584,-589,-544,-460,-348,-212,-59,105,253,393,485,560,592,577,524,431,320,171,0,-181,-347,-490,-600,-671,-689,-660,-572,-427,-243,-31,186,396,583,742,830,847,784,647,452,203,-70,-353,-614,-818,-928,-959,-900,-757,-533,-260,38,338,586,793,915,939,878,721,515,255,-16,-269,-503,-669,-770,-804,-758,-631,-448,-240,-21,191,387,535,634,663,628,535,398,227,33,-149,-314,-440,-521,-543,-511,-432,-302,-137,36,201,330,422,446,398,297,157,9,-115,303,408,0,-736,-749,36,58,86,97,95,83,51,14,-27,-67,-99,-129,-145,-145,-123,-92,-51,-4,54,108,142,162,180,173,157,124,78,25,-36,-99,-145,-186,-225,-231,-219,-194,-142,-84,-14,66,138,206,262,297,305,291,252,187,101,6,-110,-225,-319,-375,-410,-411,-372,-292,-184,-45,103,245,363,443,490,490,442,357,227,81,-79,-235,-366,-460,-512,-519,-476,-391,-262,-127,15,170,296,401,469,490,469,410,320,192,65,-69,-199,-296,-370,-407,-406,-373,-320,-244,-156,-45,44,128,207,261,302,328,329,312,285,229,170,84,-15,-105,-208,-296,-367,-411,-422,-412,-353,-265,-156,-571,107,244,363,450,515,529,492,425,315,174,21,-147,-311,-451,-548,-604,-609,-563,-473,-341,-174,5,194,362,508,609,667,667,605,491,333,159,-39,-229,-399,-554,-651,-701,-694,-633,-510,-345,-161,42,240,418,566,663,716,705,638,520,370,186,-10,-202,-390,-538,-646,-712,-715,-671,-576,-434,-258,-54,153,348,528,666,756,785,757,666,514,307,82,-159,-399,-589,-746,-837,-847,-793,-652,-472,-259,-8,233,452,626,745,794,783,707,568,399,202,-16,-223,-393,-540,-642,-686,-675,-619,-515,-384,-219,-48,126,286,426,526,599,625,599,540,437,308,157,-12,-179,-340,-473,173,-211
61219,mtk,MTK 7916,860708815,rx1-tx1,512,0,0,0,681,497,193,-164,-499,-721,-766,-631,-341,21,377,651,775,708,471,127,-247,-549,-704,-702,-536,-235,120,435,635,675,544,277,-52,-358,-567,-632,-549,-324,-9,303,536,629,561,339,39,-266,-501,-606,-564,-372,-85,220,478,617,589,410,138,-178,-456,-616,-626,-486,-222,103,398,592,643,529,292,-16,-311,-530,-616,-544,-338,-53,241,468,562,520,346,72,-211,-435,-544,-514,-349,-96,191,434,560,550,395,138,-151,-411,-574,-603,-489,-241,74,347,532,602,529,326,48,-245,-477,-583,-548,-386,-133,153,393,532,549,443,226,-41,-287,-465,-522,-448,-265,-39,177,355,440,0,262,71,-123,-278,-358,-340,-224,-47,137,271,326,294,177,5,-171,-307,-359,-322,-196,-5,193,355,431,392,252,51,-181,-375,-474,-467,-351,-137,122,363,517,547,454,248,-24,-297,-509,-592,-535,-360,-103,190,444,592,598,454,201,-100,-380,-569,-628,-532,-306,-22,279,523,644,615,433,140,-181,-460,-632,-656,-536,-283,39,347,577,683,631,435,145,-171,-455,-627,-660,-557,-327,-28,270,505,624,601,448,200,-79,-331,-505,-562,-499,-330,-93,153,355,476,491,394,212,-7,-209,-357,-432,-410,-298,-138,42,215,334,386,361,271,137,-9,-146,-247,-298,-294,-250,-179,-91,0,0,0,0,0,319,285,198,59,-117,-300,-450,-541,-543,-441,-245,-1,255,481,626,649,546,327,30,-283,-546,-700,-718,-585,-325,12,352,624,766,738,539,226,-139,-483,-721,-796,-693,-427,-56,326,643,816,800,591,243,-169,-540,-792,-866,-737,-431,-21,405,741,902,864,629,229,-226,-629,-877,-920,-759,-417,38,476,806,941,847,559,135,-323,-701,-908,-902,-683,-290,170,588,856,918,755,400,-44,-471,-785,-920,-830,-526,-84,372,748,945,902,638,216,-279,-706,-963,-1001,-788,-368,134,613,963,1083,945,581,76,-459,-898,-1130,-1099,-813,-338,224,734,1069,1156,981,566,18,-524,-943,-1138,0,-728,-226,326,794,1071,1084,838,391,-156,-662,-1007,-1107,-929,-523,6,528,930,1117,1011,651,145,-406,-874,-1119,-1096,-815,-335,229,750,1094,1167,956,528,-30,-582,-993,-1160,-1060,-705,-184,379,850,1106,1084,810,351,-185,-670,-988,-1055,-846,-441,60,536,880,990,838,474,4,-469,-825,-972,-865,-533,-61,429,813,994,937,641,182,-326,-756,-1009,-1019,-787,-368,146,623,945,1048,902,540,51,-451,-835,-1016,-952,-664,-235,243,653,894,914,721,367,-68,-468,-738,-823,-705,-419,-46,321,593,694,618,403,91,-246,-506,-627,-571,-363,-66,243,483,596,550,353,58,-259,-510,-633,-600,0,0,0,0,0,215,526,717,729,572,272,-101,-450,-698,-785,-683,-423,-64,308,598,746,720,514,188,-174,-484,-670,-690,-545,-265,74,387,604,660,546,303,-15,-327,-549,-630,-548,-327,-24,287,519,610,549,361,66,-254,-500,-618,-583,-402,-114,206,471,619,610,454,171,-149,-427,-607,-636,-499,-251,50,355,572,627,534,322,31,-276,-497,-586,-523,-337,-69,218,436,546,518,349,88,-192,-421,-543,-527,-376,-120,175,422,563,573,436,181,-114,-380,-561,-614,-509,-277,18,302,507,592,550,370,92,-199,-433,-566,-566,-427,-196,82,338,498,538,442,244,4,-232,-405,-475,-427,-277,-63,0,309,384,361,246,73,-113,-270,-341,-314,-200,-32,149,283,343,314,192,8,-180,-328,-401,-364,-219,-10,194,364,464,435,294,84,-155,-368,-505,-526,-410,-195,74,330,513,579,501,309,45,-250,-486,-599,-572,-414,-153,146,414,581,612,487,246,-49,-338,-557,-642,-567,-354,-66,241,498,644,640,483,209,-116,-418,-617,-674,-588,-368,-53,273,530,666,657,511,248,-72,-367,-578,-655,-588,-397,-121,178,422,571,593,476,266,7,-249,-436,-525,-497,-362,-158,71,279,414,455,400,259,70,-122,-286,-385,-402,-340,-210,-48,116,254,339,353,307,218,102,-16,-115,-182,-211,0,0,0,0,0,99,234,351,433,451,392,259,59,-170,-378,-538,-613,-570,-416,-170,118,391,601,696,653,471,185,-148,-461,-683,-753,-668,-443,-116,243,552,744,771,629,333,-44,-409,-687,-811,-749,-515,-149,259,602,808,831,668,341,-78,-477,-767,-895,-820,-529,-123,315,693,912,912,696,324,-128,-559,-845,-932,-811,-499,-64,398,752,922,875,617,214,-241,-637,-880,-903,-707,-346,97,526,831,923,784,464,27,-430,-772,-931,-866,-577,-140,335,727,945,936,702,291,-206,-668,-964,-1034,-865,-481,43,554,933,1109,1028,696,195,-358,-829,-1115,-1143,-905,-446,117,647,1013,1154,1027,656,128,0,-875,-1104,-1073,-781,-310,228,714,1028,1087,878,457,-78,-595,-964,-1097,-962,-585,-64,477,913,1128,1065,748,243,-330,-816,-1113,-1141,-895,-437,118,654,1037,1175,1029,630,83,-478,-924,-1137,-1078,-765,-269,287,766,1047,1068,834,404,-115,-597,-923,-1015,-844,-468,14,488,836,971,851,506,38,-447,-819,-979,-897,-588,-114,379,778,999,978,722,282,-240,-707,-994,-1041,-845,-453,52,539,895,1042,941,610,143,-345,-748,-968,-951,-710,-312,145,555,816,879,724,401,-4,-390,-663,-765,-679,-426,-74,280,547,657,593,383,73,-242,-485,-598,-550,-356,-66,250,496,611,571,379,74,-252,0,0
61220,mtk,MTK 7916,860708815,rx2-tx0,512,0,0,0,1105,765,235,-374,-906,-1228,-1257,-985,-464,183,794,1225,1368,1181,702,51,-617,-1140,-1395,-1312,-908,-290,401,997,1353,1382,1073,505,-180,-828,-1277,-1404,-1189,-687,-11,665,1170,1382,1258,819,184,-495,-1051,-1339,-1297,-929,-334,341,929,1283,1318,1022,474,-194,-807,-1206,-1305,-1084,-591,42,663,1111,1273,1111,673,77,-532,-1009,-1221,-1112,-726,-161,437,914,1155,1097,760,221,-367,-854,-1122,-1099,-782,-266,319,826,1120,1130,846,333,-273,-812,-1152,-1202,-944,-439,183,765,1160,1278,1076,595,-40,-674,-1152,-1340,-1202,-769,-143,524,1068,1360,1323,957,358,-331,-948,-1344,-1408,-1121,-564,126,792,1270,1433,0,769,96,-593,-1140,-1415,-1343,-940,-314,389,997,1367,1405,1091,510,-191,-859,-1325,-1463,-1243,-726,-29,680,1235,1493,1391,949,274,-465,-1101,-1481,-1506,-1160,-539,213,909,1393,1552,1344,812,84,-669,-1264,-1558,-1483,-1060,-384,392,1070,1486,1557,1265,671,-84,-808,-1334,-1555,-1410,-932,-242,501,1117,1470,1478,1132,523,-202,-869,-1319,-1462,-1276,-788,-126,548,1104,1399,1367,1022,454,-205,-812,-1224,-1352,-1183,-747,-157,437,923,1195,1193,931,472,-73,-580,-940,-1080,-983,-672,-227,246,640,878,920,762,445,53,-328,-625,-779,-764,-593,-309,24,329,560,671,650,512,296,46,-190,-368,-465,-477,-417,-311,0,0,0,0,0,330,453,512,496,393,199,-59,-331,-572,-722,-742,-622,-377,-40,323,637,835,867,717,401,-11,-436,-787,-973,-952,-724,-326,161,628,966,1097,990,664,168,-389,-861,-1153,-1197,-965,-506,72,652,1096,1299,1198,823,254,-377,-926,-1272,-1332,-1090,-586,57,691,1171,1384,1276,872,259,-419,-992,-1335,-1376,-1092,-563,91,725,1187,1364,1218,798,192,-449,-967,-1257,-1243,-931,-409,197,746,1106,1189,980,541,-18,-566,-962,-1112,-989,-618,-106,424,839,1036,967,653,172,-346,-772,-1004,-978,-706,-253,275,733,1001,1020,793,350,-188,-680,-1009,-1095,-903,-488,55,596,989,1144,1020,644,107,-463,-932,0,-1112,-788,-273,323,840,1143,1173,913,427,-168,-733,-1120,-1223,-1023,-568,32,633,1090,1277,1145,728,129,-519,-1037,-1297,-1259,-908,-320,348,928,1291,1343,1068,531,-138,-780,-1229,-1379,-1191,-719,-73,593,1117,1360,1275,876,268,-394,-956,-1282,-1288,-976,-427,220,799,1172,1247,1011,531,-74,-660,-1069,-1206,-1047,-616,-32,543,971,1159,1050,671,138,-425,-879,-1104,-1048,-732,-236,310,766,1030,1035,771,318,-199,-653,-932,-978,-773,-373,113,558,847,912,738,380,-73,-501,-787,-861,-706,-360,79,488,771,849,700,360,-78,-504,-802,-890,-739,-393,59,510,839,955,825,472,-9,-508,-892,-1049,-941,0,0,0,0,0,436,920,1199,1188,876,343,-278,-853,-1239,-1324,-1088,-590,59,706,1188,1381,1251,817,177,-511,-1077,-1385,-1351,-996,-402,296,925,1326,1401,1138,600,-89,-753,-1225,-1398,-1231,-758,-101,580,1107,1367,1282,883,260,-424,-996,-1320,-1312,-978,-400,270,870,1254,1318,1048,527,-117,-728,-1157,-1294,-1101,-633,-19,597,1060,1240,1110,707,132,-476,-955,-1182,-1101,-738,-193,394,876,1132,1096,765,237,-347,-842,-1124,-1117,-817,-305,293,818,1132,1157,884,378,-230,-789,-1158,-1234,-1001,-510,116,726,1160,1310,1139,681,41,-613,-1118,-1362,-1268,-863,-250,436,1022,1356,1358,1036,464,-233,-879,-1307,-1420,-1192,-676,3,0,1203,1427,1303,862,207,-494,-1074,-1401,-1383,-1020,-413,293,934,1343,1426,1170,619,-87,-776,-1284,-1477,-1314,-835,-151,580,1171,1479,1436,1050,405,-345,-1017,-1446,-1535,-1260,-679,70,798,1342,1571,1419,930,224,-535,-1173,-1532,-1527,-1159,-522,242,949,1424,1562,1344,800,76,-652,-1235,-1520,-1443,-1033,-383,357,1002,1407,1476,1202,651,-42,-720,-1228,-1453,-1335,-917,-295,386,967,1330,1383,1125,616,-23,-642,-1094,-1294,-1207,-857,-327,257,757,1078,1154,968,578,79,-409,-791,-994,-963,-724,-345,95,492,764,858,767,525,185,-182,-497,-688,-734,-639,-423,-134,160,400,554,604,549,407,223,29,-137,-254,0,0,0,0,0,-261,-138,37,247,447,598,657,599,425,159,-156,-467,-708,-818,-768,-563,-232,171,550,826,938,844,567,159,-304,-711,-974,-1035,-869,-499,1,516,930,1143,1107,818,331,-241,-770,-1135,-1251,-1087,-669,-92,516,1022,1300,1281,963,425,-218,-819,-1237,-1375,-1198,-737,-99,555,1092,1374,1340,998,418,-256,-862,-1267,-1381,-1186,-695,-43,593,1086,1317,1242,879,320,-312,-860,-1184,-1222,-970,-488,104,650,1030,1150,985,588,57,-482,-894,-1074,-970,-634,-142,378,805,1016,968,667,205,-305,-750,-1008,-1004,-742,-295,232,710,1011,1058,842,410,-126,-638,-1004,-1125,-970,-571,-29,529,968,1161,1071,725,0,-404,-886,-1159,-1154,-862,-349,249,791,1138,1202,973,498,-104,-681,-1099,-1246,-1080,-646,-46,575,1061,1291,1200,818,226,-429,-990,-1309,-1309,-989,-434,236,857,1268,1369,1136,625,-33,-689,-1175,-1377,-1241,-805,-176,497,1035,1315,1281,939,361,-300,-878,-1233,-1274,-995,-474,151,731,1129,1241,1032,580,-15,-599,-1024,-1184,-1045,-646,-88,482,926,1128,1050,708,189,-369,-820,-1064,-1040,-748,-277,248,713,990,1006,774,354,-152,-606,-896,-953,-768,-383,85,514,802,880,721,377,-63,-484,-767,-846,-702,-361,79,497,781,863,713,369,-78,-515,-824,-919,-781,-438,36,517,869,1000,873,527,28,-492,0,0
61221,mtk,MTK 7916,860708815,rx2-tx1,512,0,0,0,-631,-126,430,891,1140,1112,811,309,-272,-796,-1129,-1188,-969,-515,63,631,1045,1199,1071,685,129,-455,-921,-1161,-1119,-810,-310,262,761,1065,1104,873,426,-110,-606,-948,-1048,-880,-497,10,501,859,998,870,515,37,-445,-811,-965,-866,-542,-70,423,810,988,915,608,137,-378,-796,-1017,-980,-690,-224,294,742,1008,1020,770,317,-214,-701,-999,-1046,-829,-403,129,655,1023,1113,924,503,-55,-612,-1027,-1195,-1065,-664,-101,496,987,1248,1207,872,325,-306,-876,-1232,-1292,-1048,-557,63,673,1136,1321,1179,769,180,-447,-961,-1248,-1244,-940,-420,184,740,1118,1227,1047,629,74,-488,-923,-1128,-1056,0,-268,255,702,958,973,753,358,-105,-528,-804,-867,-713,-380,38,432,705,793,678,388,1,-384,-668,-773,-669,-386,-11,368,654,760,673,406,21,-380,-693,-823,-740,-472,-62,383,745,932,895,616,174,-320,-765,-1046,-1080,-858,-420,143,683,1077,1231,1090,688,126,-481,-995,-1284,-1276,-973,-454,181,800,1236,1388,1233,807,193,-476,-1036,-1367,-1397,-1124,-600,48,682,1165,1397,1314,955,407,-225,-787,-1167,-1295,-1142,-755,-227,326,790,1068,1104,906,530,61,-402,-748,-916,-887,-679,-333,69,432,676,772,706,496,193,-131,-411,-593,-655,-591,-423,-190,55,265,413,480,464,381,253,111,0,0,0,0,0,-475,-459,-364,-190,42,295,517,658,693,612,411,119,-205,-489,-689,-756,-671,-436,-106,252,563,757,783,637,353,-19,-392,-682,-820,-775,-555,-194,220,589,824,870,722,399,-26,-448,-785,-940,-878,-608,-190,280,686,936,972,786,412,-66,-528,-865,-1012,-921,-599,-135,356,761,995,997,754,330,-168,-627,-937,-1027,-869,-504,-17,470,841,1011,940,651,199,-304,-731,-972,-975,-750,-334,162,607,904,985,823,460,-24,-500,-845,-991,-902,-589,-122,375,774,985,967,720,290,-215,-661,-949,-1015,-838,-452,37,508,853,992,887,565,116,-363,-759,-957,-916,-656,-240,231,647,900,926,0,344,-120,-551,-851,-933,-788,-468,-23,435,770,910,824,528,103,-339,-694,-874,-824,-566,-163,282,661,873,852,608,211,-250,-654,-892,-911,-699,-298,184,636,932,1006,833,443,-61,-557,-924,-1068,-948,-590,-90,430,845,1051,1000,703,228,-297,-746,-1009,-1012,-763,-320,203,671,967,1022,820,402,-114,-603,-938,-1037,-873,-491,24,537,915,1061,940,571,54,-468,-881,-1077,-1005,-679,-178,382,846,1103,1085,797,310,-261,-775,-1092,-1151,-924,-474,82,620,1024,1164,1019,639,99,-469,-919,-1134,-1066,-743,-245,314,788,1058,1066,808,351,-188,-675,-993,-1063,-868,-451,81,584,940,1066,921,541,0,0,0,0,0,-914,-1122,-1057,-727,-212,359,846,1136,1154,888,408,-174,-714,-1090,-1204,-1023,-599,-34,541,988,1187,1101,749,223,-347,-834,-1119,-1129,-859,-382,177,677,1010,1089,888,474,-51,-553,-902,-1016,-876,-504,-15,465,832,981,864,532,62,-431,-803,-971,-892,-571,-98,397,800,1001,944,653,181,-345,-775,-1012,-996,-722,-265,264,726,1010,1037,798,356,-181,-675,-1002,-1077,-877,-452,98,631,1011,1141,994,588,13,-568,-1016,-1228,-1135,-760,-199,418,940,1244,1258,967,441,-190,-779,-1188,-1309,-1120,-671,-62,571,1055,1281,1219,871,319,-307,-855,-1194,-1255,-1020,-541,49,610,1021,1182,1058,695,179,-365,0,-1041,-1016,-753,-328,167,604,875,919,737,378,-66,-470,-742,-826,-697,-384,27,413,685,782,669,381,-7,-386,-656,-758,-664,-395,-19,368,665,789,702,423,25,-390,-720,-883,-813,-528,-97,378,775,997,985,732,285,-248,-741,-1074,-1166,-973,-552,12,597,1048,1266,1199,849,293,-341,-904,-1269,-1347,-1117,-624,6,646,1151,1391,1325,977,405,-270,-884,-1302,-1428,-1242,-794,-183,460,998,1315,1338,1075,598,10,-560,-992,-1193,-1138,-852,-396,127,595,914,1029,923,620,205,-221,-585,-810,-847,-703,-427,-74,277,552,700,692,557,324,34,-248,-456,-565,-575,-491,-327,-130,56,208,305,338,0,0,0,0,0,-67,-259,-433,-568,-627,-587,-440,-202,87,372,600,724,715,560,291,-42,-376,-640,-766,-732,-547,-234,138,484,728,812,710,447,83,-311,-641,-826,-828,-639,-296,124,524,805,910,804,506,82,-371,-739,-941,-934,-706,-310,166,609,909,995,855,517,48,-440,-823,-1010,-967,-681,-231,261,700,980,1018,821,428,-67,-551,-901,-1029,-912,-576,-101,392,790,1002,968,697,271,-222,-662,-935,-979,-784,-394,88,553,886,997,867,524,50,-440,-819,-1000,-948,-658,-203,295,719,966,985,775,377,-115,-584,-910,-1016,-868,-515,-43,433,803,975,901,613,179,-296,-695,-921,-926,-699,-296,178,0,876,931,764,412,-48,-494,-805,-917,-817,-503,-62,387,735,892,828,557,137,-314,-673,-860,-829,-586,-182,269,652,875,879,647,248,-227,-650,-914,-954,-757,-367,125,599,934,1039,893,517,6,-499,-884,-1066,-983,-651,-166,355,793,1035,1013,734,278,-250,-716,-984,-1007,-794,-377,148,631,946,1021,837,438,-76,-572,-924,-1039,-897,-525,-17,502,895,1069,969,620,112,-431,-867,-1092,-1049,-740,-241,322,806,1099,1123,868,396,-179,-704,-1059,-1158,-975,-555,-1,553,968,1146,1044,688,173,-387,-848,-1097,-1073,-789,-307,242,723,1019,1054,825,392,-130,-621,-961,-1057,-883,-486,34,547,926,0,0
61222,mtk,MTK 7916,860752591,rx0-tx0,512,-330,628,861,-605,-387,-131,154,411,621,769,824,809,709,531,308,50,-215,-455,-646,-785,-837,-794,-676,-492,-264,10,265,510,712,833,874,821,693,479,206,-98,-384,-638,-835,-935,-933,-845,-646,-386,-78,241,548,786,943,997,940,776,529,229,-106,-423,-692,-885,-995,-976,-872,-668,-399,-80,248,539,771,921,981,930,784,551,257,-58,-367,-640,-835,-951,-963,-865,-675,-411,-107,206,499,740,893,943,900,744,512,233,-73,-361,-620,-808,-893,-875,-766,-579,-331,-53,214,470,655,764,801,748,601,403,170,-70,-305,-510,-647,-702,-683,-610,-461,-279,-79,133,324,479,591,639,609,516,-26,216,25,-166,-340,-478,-569,-605,-579,-485,-348,-172,16,206,386,524,607,619,564,457,292,104,-114,-311,-481,-595,-636,-617,-534,-385,-187,19,225,408,549,630,632,586,456,285,93,-120,-328,-493,-608,-651,-632,-535,-379,-188,37,264,451,594,683,682,611,449,239,6,-235,-449,-607,-696,-702,-614,-450,-231,20,266,466,614,668,643,523,331,129,-94,-298,-451,-544,-550,-483,-369,-208,-46,118,251,339,378,362,317,239,136,26,-78,-151,-203,-238,-236,-205,-157,-101,-45,15,68,115,138,153,152,137,108,69,24,-28,-73,-115,-137,-139,-128,-85,-33,19,65,97,105,667,564,510,240,1,79,165,233,258,241,165,53,-74,-188,-275,-335,-347,-300,-219,-107,29,165,278,366,410,410,363,263,119,-40,-204,-355,-469,-544,-547,-484,-362,-173,37,264,472,642,729,729,648,466,224,-58,-359,-632,-825,-911,-904,-770,-544,-238,114,464,763,968,1059,1023,864,598,236,-155,-533,-853,-1069,-1149,-1092,-906,-623,-237,168,548,871,1098,1192,1140,946,648,272,-126,-513,-843,-1072,-1163,-1125,-964,-692,-338,43,430,775,1017,1133,1128,1000,753,434,67,-329,-668,-923,-1086,-1115,-1020,-819,-515,-162,210,551,832,1014,1083,1035,868,617,278,-72,-414,-708,-920,-1026,-1023,-906,-700,-403,-72,301,537,778,932,979,930,769,551,271,-34,-338,-603,-796,-926,-971,-902,-734,-497,-195,135,442,716,922,1026,1013,888,680,395,45,-303,-614,-867,-1027,-1067,-1003,-832,-556,-229,105,448,736,946,1069,1077,964,754,456,115,-256,-584,-851,-1041,-1122,-1088,-933,-664,-337,23,406,738,988,1132,1166,1075,860,539,166,-232,-606,-905,-1112,-1206,-1152,-976,-680,-323,70,469,789,1030,1143,1130,1005,767,444,88,-275,-602,-853,-1009,-1055,-1003,-832,-575,-269,59,375,655,850,957,971,872,690,445,140,-168,-450,-693,-846,-916,-893,-775,-567,-321,-43,248,510,724,850,876,832,687,480,218,-68,-349,507,414,-82,-32,142,592,753,843,839,737,567,333,72,-185,-440,-641,-774,-824,-792,-680,-511,-278,-14,247,476,665,802,848,801,683,483,238,-37,-313,-567,-767,-888,-914,-845,-692,-447,-143,163,459,716,891,976,952,821,597,314,-12,-344,-639,-850,-981,-998,-909,-716,-461,-147,181,480,737,904,988,954,820,598,325,15,-296,-584,-807,-942,-972,-901,-735,-487,-197,129,435,693,875,961,939,819,605,327,18,-289,-574,-770,-898,-916,-847,-682,-432,-136,162,424,639,783,836,805,687,482,245,-11,-274,-495,-646,-730,-745,-680,-538,-333,-107,115,319,498,604,661,644,560,424,249,43,-163,-336,628,-574,-612,-591,-510,-372,-202,-8,183,356,490,580,605,574,475,330,141,-63,-260,-426,-548,-620,-628,-561,-430,-246,-34,165,356,514,610,635,603,495,344,139,-69,-272,-455,-568,-632,-636,-566,-423,-238,-29,185,385,536,636,668,613,492,325,108,-128,-351,-545,-659,-709,-672,-553,-360,-128,125,362,552,674,711,645,508,302,66,-179,-397,-543,-612,-616,-520,-370,-173,31,208,352,441,467,436,350,231,92,-40,-150,-244,-295,-309,-278,-222,-156,-78,8,77,129,165,182,179,159,118,73,33,-15,-57,-99,-123,-140,-137,-120,-89,-34,14,68,109,124,124,98,55,5,581,228,-82,-514,-54,192,158,70,-33,-147,-248,-304,-311,-264,-181,-68,68,196,289,355,375,345,271,163,28,-111,-250,-376,-452,-480,-450,-366,-235,-63,137,321,490,602,643,614,496,310,74,-171,-420,-644,-777,-832,-783,-628,-377,-77,251,560,803,962,1002,913,702,398,44,-322,-661,-940,-1102,-1124,-1002,-767,-426,-34,363,714,997,1160,1169,1041,798,454,56,-355,-723,-1003,-1159,-1179,-1069,-829,-492,-102,290,655,949,1120,1161,1080,862,547,188,-191,-554,-858,-1046,-1131,-1082,-906,-643,-308,71,426,742,974,1087,1074,949,719,407,48,-312,-630,-881,-1037,-1062,-982,-788,-507,-176,170,488,757,943,1008,-176,839,615,323,8,-304,-584,-791,-930,-963,-902,-739,-512,-239,75,390,649,854,973,991,902,720,452,122,-216,-527,-785,-976,-1056,-1012,-863,-624,-308,27,367,674,916,1038,1062,974,773,509,192,-162,-501,-793,-998,-1102,-1090,-950,-724,-416,-57,311,658,932,1086,1152,1087,903,613,260,-122,-500,-826,-1064,-1180,-1175,-1029,-772,-444,-52,353,710,990,1144,1190,1086,870,564,189,-190,-545,-836,-1027,-1102,-1070,-909,-664,-345,-5,335,638,855,987,1008,938,754,495,198,-122,-421,-668,-856,-946,-926,-823,-632,-374,-87,206,486,699,835,897,859,735,532,262,-13,-293,-546,-735,-850,-869,-797,-44,-352
61223,mtk,MTK 7916,860752591,rx0-tx1,512,-686,-822,-542,-45,163,348,491,579,611,564,452,309,131,-54,-235,-378,-477,-529,-518,-463,-353,-214,-70,87,226,345,425,462,457,412,329,211,84,-54,-192,-310,-390,-454,-468,-439,-363,-255,-129,21,177,327,438,514,538,508,419,286,133,-55,-242,-410,-537,-613,-623,-561,-439,-273,-66,157,363,529,637,678,653,552,390,180,-53,-284,-477,-615,-692,-704,-624,-480,-286,-62,171,391,560,678,721,675,564,387,171,-58,-290,-480,-620,-697,-695,-613,-471,-280,-56,171,379,539,642,681,647,540,375,168,-48,-255,-448,-579,-659,-651,-585,-459,-269,-69,142,343,505,618,656,618,518,364,-38,-40,-249,-425,-557,-637,-642,-578,-447,-273,-63,145,342,504,622,657,613,516,357,155,-71,-284,-476,-608,-672,-655,-561,-419,-224,4,227,430,568,645,646,582,455,272,64,-147,-348,-495,-592,-625,-576,-477,-319,-125,77,267,421,531,592,571,492,367,199,3,-188,-347,-476,-548,-565,-521,-416,-261,-88,97,279,425,523,564,538,449,298,111,-72,-256,-409,-518,-567,-526,-440,-290,-99,90,266,403,486,510,467,369,226,60,-103,-258,-377,-434,-444,-396,-299,-156,-10,137,262,347,383,367,301,200,69,-70,-191,-282,-331,-323,-266,-167,-41,82,188,251,251,202,109,9,-1045,-948,0,-376,-604,110,70,-3,-84,-154,-198,-204,-176,-117,-32,56,135,194,224,227,196,130,49,-37,-119,-187,-227,-241,-226,-176,-105,-23,61,137,191,223,222,198,151,90,19,-49,-109,-150,-175,-184,-168,-144,-116,-72,-20,39,85,130,168,189,198,181,146,99,31,-44,-119,-182,-230,-244,-235,-207,-141,-59,27,108,174,234,262,245,217,163,98,28,-46,-115,-173,-215,-237,-238,-208,-161,-107,-32,44,126,194,250,278,285,254,198,122,27,-75,-174,-259,-314,-333,-319,-255,-176,-71,52,157,249,323,356,358,318,232,127,15,-110,-217,-308,-366,-379,-359,-294,-197,-90,42,169,-48,348,396,403,365,294,182,49,-90,-228,-337,-419,-457,-448,-384,-276,-139,21,180,318,427,497,500,455,358,214,55,-113,-278,-409,-490,-526,-508,-420,-313,-152,21,191,342,452,524,543,508,410,274,107,-78,-247,-398,-505,-571,-576,-520,-409,-254,-59,130,318,475,585,640,620,524,382,196,-27,-237,-429,-581,-666,-694,-632,-497,-309,-84,140,368,550,670,721,687,575,404,179,-63,-287,-487,-627,-701,-698,-615,-469,-272,-44,179,389,552,648,680,635,527,364,163,-56,-266,-443,-584,-652,-649,-582,-462,-281,-68,148,349,516,616,651,619,519,365,159,-52,-259,-430,-560,-39,-473,9,491,663,622,602,513,371,186,-17,-222,-376,-488,-553,-561,-510,-394,-250,-81,87,242,373,447,483,472,420,331,203,67,-75,-200,-314,-398,-441,-452,-417,-337,-236,-112,36,179,308,405,472,498,475,398,278,137,-36,-207,-368,-484,-560,-586,-543,-438,-283,-97,108,303,468,587,648,636,558,416,223,8,-213,-418,-578,-675,-700,-642,-517,-338,-130,104,334,514,648,709,703,602,445,241,6,-234,-438,-600,-688,-712,-648,-515,-335,-117,117,337,514,637,692,670,573,416,221,4,-218,-415,-566,-649,-662,-612,-490,-319,-116,104,296,475,594,643,637,554,414,229,15,-199,-385,-533,634,-657,-603,-488,-327,-129,93,300,472,593,645,634,554,417,218,-1,-214,-406,-564,-656,-668,-602,-479,-295,-81,154,365,525,640,671,629,509,338,129,-88,-293,-468,-584,-631,-611,-520,-368,-192,17,215,382,519,593,596,532,407,255,70,-129,-304,-447,-541,-574,-537,-454,-313,-138,44,224,380,497,557,563,498,369,209,19,-176,-353,-487,-553,-558,-507,-381,-221,-12,180,344,481,539,529,458,331,173,-10,-188,-336,-436,-475,-460,-389,-263,-107,48,197,316,388,406,385,304,186,45,-97,-218,-308,-357,-347,-289,-191,-67,67,184,269,301,279,206,94,-25,-125,-190,-193,-495,82,0,20,-287,-89,-147,-176,-166,-119,-45,40,119,184,223,221,184,116,34,-50,-132,-195,-230,-235,-209,-154,-78,5,97,174,221,237,227,187,131,56,-26,-103,-164,-202,-212,-201,-165,-116,-64,-6,51,95,136,164,183,177,157,132,84,31,-30,-96,-144,-190,-214,-212,-190,-146,-80,-2,70,146,207,242,247,230,187,128,38,-39,-118,-185,-225,-244,-236,-212,-162,-103,-32,42,119,172,224,253,260,237,190,119,37,-54,-149,-223,-285,-313,-311,-269,-193,-93,12,125,224,295,344,344,308,249,153,41,-75,-190,-280,-333,-359,-349,-298,-221,-108,8,129,243,325,378,395,356,-1135,195,73,-60,-190,-303,-393,-429,-431,-381,-291,-166,-22,129,271,385,459,490,458,379,257,103,-72,-232,-376,-472,-513,-507,-442,-322,-175,-14,164,307,429,509,526,494,409,287,130,-39,-214,-363,-473,-546,-556,-506,-407,-265,-95,92,277,428,547,610,600,536,401,231,28,-184,-378,-530,-638,-670,-626,-521,-348,-143,83,310,497,633,694,688,610,452,250,16,-219,-428,-596,-700,-717,-654,-528,-336,-116,122,346,523,645,690,666,576,418,217,-5,-224,-416,-563,-648,-668,-610,-492,-322,-110,102,303,478,607,658,643,560,411,218,11,-202,-390,-544,-632,-646,-588,-469,-314,-541,75
61224,mtk,MTK 7916,860752591,rx1-tx0,512,0,-42,-960,572,658,679,630,508,332,110,-112,-335,-536,-685,-763,-753,-672,-520,-310,-51,219,466,677,827,877,835,697,481,193,-112,-406,-670,-865,-972,-961,-849,-646,-354,-13,332,635,883,1032,1064,981,777,480,126,-241,-572,-851,-1026,-1104,-1042,-863,-583,-254,107,462,753,958,1050,1040,919,689,394,55,-281,-596,-838,-989,-1029,-960,-791,-536,-236,87,413,684,875,980,981,878,673,397,86,-240,-528,-762,-920,-963,-906,-749,-515,-238,69,381,627,809,904,902,802,612,354,66,-225,-499,-705,-832,-878,-820,-665,-449,-187,91,357,579,735,795,775,678,508,289,42,-213,-429,-592,-691,-277,-664,-535,-361,-160,61,270,442,565,634,630,565,452,295,92,-113,-293,-447,-548,-609,-584,-509,-390,-228,-41,141,314,452,548,581,557,479,354,196,12,-170,-336,-468,-556,-600,-578,-494,-368,-194,-5,193,386,526,632,673,637,532,375,162,-79,-322,-530,-695,-791,-797,-697,-523,-280,7,309,575,783,914,919,805,602,305,-35,-374,-660,-866,-960,-932,-786,-537,-224,108,419,684,829,890,828,654,423,140,-155,-411,-603,-725,-758,-688,-530,-328,-85,162,369,528,614,632,564,425,234,23,-177,-346,-479,-537,-519,-430,-283,-104,95,271,396,457,430,328,177,5,-153,-250,1869,1588,0,817,884,8,-31,-67,-93,-101,-93,-72,-36,8,53,96,127,142,136,107,67,10,-50,-99,-140,-168,-176,-163,-128,-71,-14,52,116,162,198,217,209,171,109,43,-41,-122,-195,-252,-279,-261,-232,-169,-84,25,134,226,307,344,355,326,243,135,-15,-161,-283,-379,-437,-449,-402,-297,-144,27,194,340,446,514,507,425,302,145,-39,-214,-353,-469,-522,-504,-426,-301,-144,32,206,340,446,492,468,401,294,148,-12,-168,-295,-385,-439,-428,-373,-295,-171,-45,74,185,263,315,349,337,295,231,155,65,-30,-131,-217,-282,-338,-360,-339,-288,-220,-105,21,137,268,371,436,458,489,351,228,65,-96,-261,-402,-498,-545,-531,-459,-325,-156,40,235,395,524,598,605,550,419,237,31,-179,-371,-527,-631,-665,-614,-502,-340,-128,99,306,491,622,696,682,588,431,231,-5,-231,-436,-592,-684,-697,-648,-523,-346,-127,100,311,495,629,691,686,610,469,281,58,-160,-373,-556,-684,-736,-712,-620,-457,-244,3,258,484,668,775,806,745,596,375,119,-157,-421,-642,-789,-839,-804,-670,-447,-198,90,358,579,732,791,776,671,491,266,17,-219,-436,-583,-677,-696,-646,-528,-364,-166,40,242,415,540,612,629,583,476,328,139,-55,-239,-407,-537,-611,-623,-576,-464,35,347,0,1817,1593,330,135,-77,-289,-474,-617,-701,-712,-658,-521,-325,-88,154,387,592,745,817,795,689,516,267,-17,-305,-564,-779,-911,-935,-864,-688,-431,-115,216,523,786,971,1042,987,828,577,246,-107,-457,-761,-976,-1088,-1063,-928,-683,-366,-9,359,672,910,1042,1079,983,781,485,144,-200,-530,-795,-968,-1037,-998,-854,-620,-317,13,338,628,850,976,1011,930,738,473,160,-168,-474,-728,-901,-978,-951,-815,-602,-320,2,308,587,790,912,947,867,687,446,155,-147,-432,-669,-824,-884,-862,-742,-536,-279,2,295,536,719,821,831,749,593,363,97,-163,-400,-591,-713,-764,-727,-607,-426,-207,315,256,452,586,669,681,616,487,318,117,-98,-284,-439,-555,-614,-600,-531,-411,-254,-66,131,301,449,554,586,568,495,377,211,18,-166,-333,-461,-548,-586,-561,-486,-357,-203,-21,173,347,493,598,628,612,514,370,189,-32,-256,-451,-608,-705,-731,-678,-549,-352,-95,183,446,660,816,879,831,675,453,152,-183,-483,-748,-912,-966,-883,-696,-419,-94,243,547,779,912,916,819,602,324,22,-293,-543,-720,-819,-798,-679,-487,-252,18,276,485,625,697,668,559,390,180,-44,-265,-434,-546,-580,-543,-442,-283,-82,116,296,427,495,491,403,263,78,-114,-268,-362,-379,-312,-191,-545,612,0,-11,317,-73,-77,-63,-34,8,48,87,112,122,111,88,46,-3,-59,-108,-141,-162,-153,-134,-96,-41,24,85,132,169,184,189,163,114,63,-8,-80,-150,-197,-234,-242,-222,-176,-105,-10,83,159,239,289,315,294,242,156,46,-63,-190,-294,-377,-413,-387,-319,-217,-77,75,237,372,465,493,458,365,234,63,-131,-293,-421,-504,-527,-470,-373,-230,-51,131,293,417,492,507,454,358,228,55,-116,-259,-381,-451,-466,-427,-339,-229,-87,60,179,285,362,383,373,325,243,158,54,-60,-155,-236,-291,-327,-334,-314,-255,-187,-103,10,126,225,319,392,412,394,339,230,98,-56,-571,-346,-444,-499,-495,-457,-344,-198,-20,158,328,463,552,580,538,440,299,106,-99,-299,-471,-586,-635,-616,-524,-377,-186,35,251,440,589,676,678,610,478,295,78,-163,-379,-551,-667,-708,-668,-562,-385,-175,57,279,480,617,693,692,628,499,306,90,-128,-338,-517,-656,-709,-692,-609,-463,-267,-34,198,414,595,715,771,733,618,431,197,-63,-328,-572,-740,-829,-826,-733,-556,-303,-19,261,521,701,809,833,747,586,352,91,-171,-415,-603,-718,-748,-702,-584,-407,-200,30,247,434,568,645,651,596,482,326,144,-49,-239,-403,-530,-608,-617,-568,-469,-317,-136,56,247,424,-608,-711
61225,mtk,MTK 7916,860752591,rx1-tx1,512,0,0,0,-705,-609,-384,-69,259,537,715,756,651,421,103,-233,-529,-718,-760,-650,-419,-115,207,488,661,697,600,372,70,-227,-473,-621,-633,-507,-277,10,286,501,610,584,437,195,-86,-345,-534,-605,-545,-370,-115,168,415,570,612,531,326,47,-241,-479,-619,-635,-512,-283,-6,269,500,628,619,481,251,-23,-293,-510,-607,-573,-436,-208,67,319,491,563,512,348,112,-151,-374,-519,-555,-467,-280,-35,226,443,565,571,454,239,-18,-278,-488,-591,-575,-450,-229,40,304,497,596,580,444,218,-48,-295,-479,-575,-556,-426,-213,36,267,445,531,506,389,197,-25,-234,-389,-454,-421,0,-130,51,222,335,368,313,191,34,-129,-257,-326,-319,-237,-96,77,240,350,380,328,200,21,-167,-329,-431,-444,-360,-192,16,234,412,509,512,420,225,-25,-265,-458,-567,-563,-457,-258,3,270,479,593,593,486,276,11,-251,-478,-619,-630,-517,-292,-19,260,494,625,635,522,297,17,-264,-501,-652,-670,-554,-340,-58,235,487,652,694,597,399,129,-169,-426,-597,-673,-632,-470,-216,68,328,526,621,600,485,281,29,-215,-408,-525,-541,-461,-306,-102,112,302,429,473,426,315,161,-19,-190,-319,-391,-396,-332,-222,-86,62,191,286,332,330,286,209,115,24,-55,-121,0,0,0,0,0,-227,-330,-398,-427,-405,-317,-165,17,216,406,550,613,592,472,272,20,-244,-482,-655,-720,-667,-498,-239,64,360,599,743,759,638,398,80,-260,-548,-749,-816,-716,-489,-170,190,514,751,851,779,560,225,-155,-513,-777,-893,-835,-624,-289,112,490,783,931,901,691,349,-71,-484,-785,-940,-932,-731,-385,28,436,766,942,919,715,376,-34,-440,-755,-928,-909,-702,-353,64,464,771,924,884,665,307,-109,-508,-804,-942,-897,-661,-279,170,579,874,1001,924,661,254,-208,-638,-953,-1083,-997,-704,-277,205,663,999,1148,1075,788,349,-159,-639,-996,-1163,-1106,-837,-401,112,587,956,0,1090,820,395,-102,-579,-941,-1104,-1052,-786,-357,141,613,960,1114,1036,744,302,-200,-662,-1000,-1147,-1052,-739,-277,238,705,1043,1177,1073,751,282,-242,-717,-1057,-1178,-1065,-753,-290,228,699,1026,1146,1038,720,261,-234,-674,-976,-1073,-953,-634,-199,268,674,932,995,845,501,67,-371,-729,-938,-951,-753,-380,66,501,837,1005,970,734,342,-121,-563,-892,-1054,-1001,-747,-343,127,569,893,1043,989,744,351,-110,-528,-826,-975,-940,-710,-341,84,468,747,871,822,603,276,-84,-412,-652,-747,-682,-473,-177,137,407,596,649,550,330,42,-246,-478,-599,-584,-434,-193,88,357,553,632,577,0,0,0,0,0,-81,-385,-618,-739,-716,-543,-257,74,398,643,763,730,551,269,-58,-371,-611,-730,-698,-527,-258,61,363,578,675,631,450,184,-113,-390,-577,-632,-557,-362,-101,179,429,581,611,511,291,10,-261,-485,-606,-594,-458,-221,69,341,537,622,582,421,173,-114,-380,-562,-628,-571,-395,-135,151,408,577,634,554,356,91,-187,-414,-552,-575,-476,-288,-34,222,428,538,530,400,185,-71,-308,-492,-573,-523,-364,-132,139,379,538,597,533,360,111,-166,-404,-562,-614,-542,-352,-92,174,400,554,595,519,341,102,-162,-390,-528,-556,-474,-313,-94,146,344,465,496,427,275,72,-133,0,-388,-400,-323,-175,13,181,299,343,317,217,65,-102,-248,-332,-339,-272,-137,36,215,359,423,389,270,99,-102,-291,-429,-487,-444,-306,-101,140,358,506,553,497,346,119,-137,-373,-540,-605,-552,-379,-133,135,381,557,632,586,408,149,-138,-392,-574,-647,-583,-417,-172,118,390,582,663,617,449,181,-115,-390,-591,-677,-639,-485,-240,55,338,560,687,675,533,305,27,-254,-485,-628,-650,-556,-368,-122,139,369,533,593,539,391,182,-51,-262,-420,-499,-486,-386,-228,-30,162,313,409,432,378,261,107,-57,-208,-319,-371,-365,-309,-204,-81,41,147,223,263,272,247,191,0,0,0,0,0,241,163,56,-85,-244,-390,-497,-546,-522,-422,-253,-29,214,435,598,673,645,506,279,-4,-292,-542,-708,-753,-668,-463,-177,141,443,676,787,755,575,289,-38,-373,-654,-809,-805,-647,-367,-19,347,648,826,845,706,427,58,-336,-669,-872,-920,-784,-491,-110,297,653,885,942,825,550,165,-250,-629,-890,-965,-853,-569,-181,242,613,863,937,838,566,177,-247,-621,-863,-928,-808,-524,-134,285,640,874,938,800,497,84,-343,-708,-929,-963,-802,-468,-35,408,778,997,1020,841,489,25,-454,-849,-1079,-1100,-913,-546,-61,438,855,1114,1159,977,610,128,-383,-823,-1096,-1158,-997,-632,0,356,781,1056,1126,964,612,140,-362,-784,-1047,-1095,-921,-567,-95,405,821,1065,1097,909,526,38,-459,-878,-1118,-1133,-930,-536,-25,489,904,1139,1157,944,539,38,-475,-897,-1131,-1144,-929,-527,-30,467,871,1090,1082,856,471,-1,-474,-843,-1021,-986,-760,-372,96,523,833,974,904,626,215,-230,-628,-900,-988,-865,-559,-132,331,727,976,1032,882,550,108,-358,-754,-1001,-1046,-886,-564,-134,331,730,967,1017,869,554,136,-299,-667,-899,-944,-795,-503,-120,268,581,772,797,657,397,67,-268,-530,-679,-683,-529,-261,37,319,528,610,552,377,122,-168,-420,-579,-605,-498,-287,-9,279,0,0
61226,mtk,MTK 7916,860752591,rx2-tx0,512,0,0,0,-1141,-939,-542,-9,544,993,1255,1262,1019,568,-9,-592,-1065,-1332,-1335,-1074,-591,15,614,1093,1359,1361,1085,586,-35,-642,-1118,-1372,-1355,-1059,-543,84,685,1146,1374,1320,999,473,-149,-734,-1166,-1358,-1272,-915,-375,237,803,1199,1345,1209,826,276,-326,-860,-1212,-1309,-1134,-727,-170,410,898,1206,1251,1035,606,48,-506,-946,-1190,-1171,-903,-447,91,602,987,1161,1078,760,281,-257,-740,-1056,-1145,-990,-614,-100,433,872,1128,1146,915,490,-47,-591,-1017,-1228,-1178,-885,-400,178,729,1127,1300,1211,867,333,-264,-821,-1217,-1367,-1238,-859,-305,319,883,1269,1396,1250,858,284,-358,-922,-1300,-1421,-1251,0,-241,397,949,1306,1414,1232,792,198,-434,-984,-1335,-1415,-1211,-761,-153,493,1042,1380,1442,1217,747,114,-543,-1095,-1436,-1488,-1238,-744,-98,573,1136,1479,1534,1278,766,112,-564,-1144,-1502,-1557,-1300,-800,-136,561,1143,1501,1567,1331,833,171,-523,-1111,-1482,-1560,-1332,-855,-216,462,1045,1425,1531,1328,874,260,-405,-985,-1358,-1467,-1305,-896,-309,327,887,1287,1437,1311,942,401,-201,-753,-1158,-1340,-1274,-981,-511,33,556,965,1181,1177,971,594,118,-358,-746,-989,-1045,-910,-616,-234,176,535,783,882,822,623,329,-6,-322,-573,-718,-739,-631,-438,-190,75,313,481,571,579,510,383,229,76,-59,0,0,0,0,0,93,-58,-222,-396,-543,-628,-634,-549,-369,-121,165,443,675,806,809,679,428,89,-273,-604,-847,-950,-891,-666,-307,115,527,858,1044,1049,856,493,35,-448,-869,-1132,-1192,-1034,-673,-178,358,842,1174,1294,1172,827,321,-251,-785,-1176,-1349,-1267,-938,-435,161,738,1171,1375,1334,1036,536,-67,-664,-1135,-1379,-1359,-1082,-608,-9,584,1046,1312,1326,1071,612,52,-512,-968,-1219,-1234,-1001,-571,-41,484,902,1126,1120,889,478,-22,-508,-881,-1055,-1009,-764,-352,135,578,898,1029,941,645,216,-257,-681,-970,-1050,-913,-577,-117,371,788,1046,1092,911,537,51,-449,-869,-1113,-1129,-919,-516,-3,511,0,1160,1143,903,475,-58,-583,-987,-1191,-1159,-884,-422,126,654,1055,1240,1168,850,358,-216,-756,-1141,-1292,-1188,-844,-313,287,831,1213,1354,1224,844,284,-338,-887,-1254,-1379,-1227,-817,-245,366,907,1268,1372,1194,774,201,-412,-926,-1252,-1322,-1120,-695,-134,444,928,1221,1248,1014,580,30,-522,-957,-1189,-1171,-903,-453,84,599,984,1155,1083,786,336,-178,-655,-988,-1103,-991,-675,-219,273,700,972,1032,883,554,110,-346,-713,-927,-939,-748,-404,21,432,739,878,818,581,224,-184,-542,-777,-840,-712,-424,-42,360,682,853,840,633,287,-132,-534,-826,-945,-854,-575,-169,288,695,959,1033,897,0,0,0,0,0,-250,-735,-1091,-1237,-1134,-795,-286,286,819,1195,1338,1213,843,301,-315,-874,-1255,-1388,-1251,-861,-297,328,890,1274,1400,1250,846,268,-363,-927,-1298,-1397,-1213,-789,-209,417,960,1294,1368,1161,714,121,-494,-1003,-1304,-1335,-1086,-613,-20,570,1048,1308,1293,1008,517,-72,-643,-1072,-1274,-1214,-902,-399,173,706,1092,1238,1122,773,266,-290,-778,-1100,-1183,-1002,-608,-96,431,867,1113,1117,877,449,-79,-591,-976,-1149,-1073,-765,-291,254,750,1092,1206,1061,688,164,-403,-889,-1201,-1267,-1065,-638,-74,517,1001,1286,1312,1071,608,18,-583,-1077,-1353,-1351,-1078,-586,28,638,1124,1387,1364,1066,562,-56,-668,0,-1389,-1364,-1059,-532,102,707,1176,1406,1349,1022,488,-148,-759,-1217,-1433,-1364,-1014,-450,202,818,1270,1461,1367,1003,433,-231,-854,-1312,-1519,-1424,-1038,-444,238,877,1345,1555,1455,1065,468,-219,-874,-1363,-1569,-1470,-1089,-500,194,852,1339,1566,1490,1121,532,-154,-806,-1300,-1537,-1473,-1126,-566,97,743,1243,1492,1446,1122,591,-45,-672,-1162,-1420,-1413,-1142,-654,-51,561,1061,1349,1381,1161,733,178,-403,-889,-1202,-1289,-1135,-783,-310,210,677,1002,1134,1055,787,399,-47,-465,-780,-944,-935,-760,-459,-98,259,562,752,802,714,512,232,-72,-344,-550,-662,-667,-569,-404,-197,16,203,339,417,432,391,0,0,0,0,0,404,469,466,391,248,52,-183,-416,-608,-728,-742,-639,-427,-137,193,511,759,882,858,689,392,12,-388,-729,-956,-1019,-894,-601,-189,271,689,999,1139,1063,787,356,-154,-645,-1031,-1238,-1207,-948,-512,23,568,1021,1284,1306,1085,662,97,-492,-993,-1312,-1384,-1189,-764,-195,411,943,1309,1416,1241,834,278,-328,-879,-1261,-1385,-1254,-883,-338,257,794,1167,1312,1192,844,334,-232,-734,-1075,-1201,-1086,-759,-286,242,703,1011,1107,969,639,180,-317,-736,-989,-1037,-859,-508,-52,415,792,1007,1008,785,397,-75,-537,-893,-1062,-1007,-746,-328,171,642,983,1124,1035,740,290,-236,-713,-1043,-1165,-1053,0,-245,292,768,1094,1195,1049,688,183,-357,-832,-1146,-1221,-1044,-648,-113,449,920,1206,1253,1042,608,45,-534,-1008,-1278,-1299,-1056,-586,6,602,1079,1341,1334,1052,559,-42,-643,-1117,-1360,-1328,-1032,-533,75,669,1120,1335,1286,980,471,-127,-698,-1113,-1297,-1216,-884,-373,206,733,1104,1237,1111,758,249,-305,-785,-1100,-1180,-1008,-630,-131,392,828,1088,1115,904,512,21,-473,-858,-1051,-1030,-803,-407,71,523,853,996,930,671,272,-177,-572,-835,-916,-800,-504,-102,308,643,833,831,643,314,-79,-453,-730,-849,-778,-529,-151,261,620,854,896,740,423,5,-427,-778,-969,-953,-733,-354,118,576,0,0
61227,mtk,MTK 7916,860752591,rx2-tx1,512,0,0,0,778,363,-143,-638,-1006,-1173,-1107,-814,-353,182,685,1048,1207,1127,816,340,-198,-695,-1056,-1205,-1119,-807,-328,210,697,1039,1166,1063,747,275,-246,-699,-1003,-1098,-966,-636,-184,301,711,962,1007,846,503,47,-414,-775,-967,-945,-725,-348,109,547,865,1002,923,641,212,-256,-669,-943,-1026,-887,-559,-114,367,775,1012,1035,843,471,-2,-480,-858,-1058,-1033,-790,-379,126,607,971,1125,1038,741,286,-249,-744,-1093,-1221,-1103,-752,-243,311,814,1173,1297,1161,796,269,-321,-845,-1202,-1326,-1189,-813,-287,294,812,1171,1300,1178,826,313,-247,-758,-1123,-1259,-1137,-808,-340,194,678,1015,1146,1052,752,0,-154,-591,-896,-1010,-916,-643,-248,183,555,807,877,757,480,122,-258,-585,-768,-774,-625,-346,12,365,632,762,731,529,208,-153,-481,-711,-791,-688,-430,-78,306,639,838,860,702,384,-29,-462,-812,-1004,-1000,-792,-421,49,541,950,1172,1166,935,514,-18,-546,-989,-1256,-1284,-1065,-639,-88,496,988,1302,1380,1202,787,227,-373,-912,-1294,-1432,-1312,-964,-444,166,741,1167,1389,1367,1092,633,86,-461,-912,-1198,-1272,-1124,-782,-322,176,621,939,1071,1020,796,443,28,-368,-672,-841,-865,-741,-491,-168,158,441,639,724,677,530,308,47,-201,-403,-534,-578,-539,-432,-285,-120,33,156,239,0,0,0,0,0,269,426,537,597,588,501,330,99,-160,-412,-611,-719,-723,-619,-407,-120,188,475,681,771,738,563,283,-50,-381,-647,-794,-796,-653,-377,-27,335,640,830,873,738,462,93,-300,-646,-869,-935,-819,-545,-156,272,646,899,989,889,603,204,-237,-632,-907,-1014,-927,-661,-259,206,626,918,1031,944,672,272,-192,-614,-915,-1037,-942,-664,-269,186,608,907,1024,935,657,251,-208,-614,-897,-1004,-903,-618,-210,243,648,913,995,881,582,166,-282,-675,-934,-1006,-885,-577,-156,298,696,951,1004,864,566,152,-295,-680,-926,-988,-846,-534,-116,312,683,912,955,808,488,71,-351,-701,-912,0,-747,-429,-23,391,722,901,892,701,372,-29,-428,-736,-876,-835,-626,-282,120,495,760,857,773,521,155,-251,-610,-837,-891,-751,-450,-42,384,740,943,945,757,415,-28,-481,-840,-1029,-996,-765,-385,74,528,874,1037,993,747,344,-143,-590,-906,-1038,-958,-677,-254,221,649,936,1024,894,575,138,-332,-728,-977,-1030,-851,-485,-25,448,836,1046,1031,804,407,-85,-562,-917,-1091,-1041,-772,-340,167,649,1002,1149,1064,764,296,-232,-703,-1041,-1170,-1063,-737,-263,260,729,1046,1148,1023,693,221,-288,-735,-1037,-1114,-957,-615,-140,352,765,1021,1065,884,522,46,-437,-823,-1033,-1042,-833,-451,0,0,0,0,0,795,1074,1136,961,591,95,-429,-865,-1139,-1190,-992,-596,-83,446,898,1173,1198,978,581,73,-455,-897,-1157,-1178,-960,-561,-50,463,875,1108,1108,877,478,-13,-494,-861,-1042,-1004,-760,-359,110,547,864,990,904,623,199,-269,-667,-917,-972,-819,-491,-50,410,782,988,984,763,389,-72,-532,-878,-1035,-975,-710,-290,191,636,953,1066,946,630,185,-305,-751,-1033,-1094,-926,-557,-63,452,879,1132,1155,934,516,-14,-552,-988,-1231,-1234,-987,-536,26,590,1042,1280,1274,1016,553,-13,-577,-1037,-1279,-1277,-1034,-581,-14,544,986,1242,1260,1018,583,47,-491,-923,-1168,-1189,-977,-574,-79,419,825,0,1059,871,510,62,-373,-720,-912,-912,-720,-381,23,405,691,821,774,569,242,-133,-466,-703,-782,-684,-444,-105,259,555,731,751,605,311,-56,-409,-683,-817,-773,-553,-209,192,569,841,950,863,582,173,-290,-713,-1018,-1129,-1009,-681,-213,312,793,1126,1248,1141,819,325,-242,-773,-1171,-1349,-1268,-948,-443,156,721,1151,1377,1363,1083,608,26,-569,-1057,-1360,-1418,-1221,-810,-264,325,842,1210,1363,1262,945,476,-51,-546,-942,-1155,-1153,-958,-605,-157,292,662,900,966,863,627,290,-84,-419,-666,-784,-759,-616,-375,-81,206,449,601,650,602,472,275,59,-141,-306,-416,-457,-435,-365,-265,0,0,0,0,0,-387,-313,-180,5,218,422,585,682,686,596,410,141,-157,-423,-631,-748,-742,-606,-362,-42,277,551,741,792,704,485,169,-185,-502,-735,-838,-783,-577,-257,127,496,772,894,854,647,314,-85,-484,-790,-943,-934,-741,-393,35,450,789,986,985,795,444,9,-423,-777,-994,-1011,-828,-476,-24,425,782,997,1024,843,482,38,-409,-779,-992,-1007,-826,-481,-40,411,776,976,986,801,452,17,-423,-770,-965,-962,-767,-413,29,465,809,988,969,751,380,-61,-493,-831,-1007,-973,-740,-366,77,517,838,993,960,734,359,-87,-512,-822,-968,-923,-690,-321,114,514,817,947,873,628,258,0,-558,-821,-920,-843,-589,-205,217,582,820,902,799,516,130,-277,-614,-822,-858,-706,-402,-13,380,688,847,827,634,289,-122,-505,-798,-934,-864,-601,-209,228,620,906,1013,900,599,179,-280,-692,-971,-1047,-904,-576,-133,330,736,994,1045,874,521,65,-399,-779,-992,-999,-802,-432,37,499,849,1020,972,723,320,-157,-605,-925,-1047,-945,-648,-214,270,704,999,1087,938,591,124,-377,-805,-1072,-1120,-940,-554,-55,451,875,1124,1149,937,532,21,-490,-904,-1138,-1142,-913,-501,11,515,907,1114,1094,850,437,-58,-552,-919,-1086,-1034,-771,-343,152,613,940,1069,983,686,243,-246,-687,-993,0,0
61228,mtk,MTK 7916,860816541,rx0-tx0,512,-330,-538,-706,815,858,858,794,682,533,342,138,-72,-286,-472,-623,-749,-819,-829,-792,-705,-578,-414,-224,-14,194,390,564,705,807,857,867,809,692,532,338,119,-119,-363,-575,-745,-873,-949,-963,-902,-768,-599,-384,-134,134,379,603,790,922,992,983,926,795,612,390,138,-125,-367,-582,-759,-889,-961,-959,-907,-791,-617,-415,-183,72,314,535,728,870,965,964,919,805,635,433,190,-73,-314,-548,-726,-851,-928,-931,-877,-755,-589,-375,-144,84,311,514,666,793,841,837,783,668,513,332,120,-84,-279,-449,-592,-690,-737,-728,-679,-589,-453,-304,-138,40,201,350,468,562,622,636,612,-26,461,337,193,42,-112,-248,-390,-501,-572,-619,-611,-573,-509,-395,-250,-95,68,236,376,501,589,631,640,604,532,407,259,95,-75,-237,-395,-516,-601,-652,-654,-610,-527,-401,-242,-81,85,254,404,532,612,658,667,618,530,413,252,61,-116,-291,-463,-597,-676,-711,-697,-626,-509,-342,-142,63,266,447,597,682,713,686,606,472,286,103,-94,-278,-423,-528,-585,-573,-526,-433,-312,-176,-33,97,209,300,354,374,361,329,275,202,131,47,-24,-88,-149,-183,-207,-207,-192,-184,-158,-121,-85,-36,11,57,89,117,140,150,151,140,115,73,23,-20,-67,-106,-121,-120,-99,164,-86,510,668,395,193,225,228,194,126,37,-65,-164,-251,-315,-337,-334,-310,-247,-160,-59,57,157,257,340,393,426,436,408,334,232,110,-33,-179,-323,-450,-548,-607,-643,-606,-521,-386,-214,-11,199,418,609,752,855,868,823,713,538,298,32,-244,-517,-750,-927,-1043,-1076,-1010,-862,-647,-376,-69,258,552,821,1018,1143,1183,1122,974,747,463,146,-185,-497,-787,-1007,-1139,-1197,-1160,-1032,-844,-582,-281,46,360,637,881,1064,1155,1165,1090,937,704,436,145,-160,-460,-721,-917,-1059,-1133,-1109,-1011,-844,-624,-347,-44,248,525,756,937,1048,1087,1053,951,761,529,273,-11,-289,-541,-751,-906,-1006,-1021,301,-861,-692,-474,-240,5,247,481,678,830,931,968,948,873,733,546,331,86,-164,-414,-647,-825,-963,-1028,-1031,-957,-814,-619,-387,-121,162,428,669,860,996,1064,1059,983,855,662,423,157,-110,-386,-640,-844,-1004,-1095,-1114,-1052,-931,-745,-504,-234,62,355,625,851,1028,1143,1171,1126,996,792,548,256,-66,-372,-651,-897,-1082,-1190,-1209,-1140,-995,-788,-516,-207,102,411,671,886,1045,1120,1123,1054,905,698,454,173,-97,-360,-602,-797,-936,-1013,-1021,-954,-830,-659,-450,-215,38,279,502,695,834,918,939,906,810,669,480,262,21,-209,-427,-628,-763,-844,-895,-874,-793,-667,-494,-287,1000,975,-82,-630,-437,332,114,-111,-327,-514,-669,-781,-838,-848,-794,-687,-555,-384,-177,32,238,430,596,720,804,834,810,741,632,482,283,73,-148,-372,-565,-725,-839,-903,-917,-858,-736,-575,-368,-137,110,368,583,766,902,979,979,908,788,610,391,131,-131,-380,-606,-781,-908,-972,-973,-904,-786,-614,-397,-150,94,331,553,735,865,954,967,910,798,631,433,184,-68,-309,-537,-718,-857,-946,-956,-902,-798,-615,-413,-175,70,314,528,704,829,888,887,827,708,550,357,130,-86,-294,-481,-620,-727,-786,-780,-721,-617,-481,-313,-130,57,231,395,523,609,669,678,639,565,448,310,153,-1,-153,628,-425,-528,-587,-619,-604,-562,-487,-364,-229,-75,89,228,373,497,580,613,624,586,515,410,259,102,-66,-226,-383,-511,-595,-644,-646,-608,-527,-400,-252,-81,85,246,386,520,603,647,656,614,531,403,247,83,-92,-267,-413,-546,-651,-692,-684,-639,-536,-384,-211,-27,168,359,523,650,717,725,678,574,421,237,37,-172,-363,-529,-626,-665,-656,-586,-466,-318,-144,32,182,320,412,466,480,446,384,295,193,89,-18,-112,-199,-251,-281,-286,-267,-243,-200,-147,-93,-28,21,66,113,136,153,160,159,148,129,103,67,26,-19,-60,-99,-133,-147,-145,-131,-92,-45,1,43,-793,-812,-82,-776,-940,73,1,-90,-177,-249,-287,-300,-270,-212,-120,-20,73,175,270,335,375,377,350,307,223,120,14,-100,-221,-338,-429,-497,-528,-520,-467,-374,-241,-90,88,285,452,598,703,756,750,687,545,371,150,-100,-341,-568,-769,-910,-973,-966,-871,-697,-470,-195,108,407,679,904,1062,1141,1114,1013,826,563,260,-73,-396,-682,-924,-1091,-1185,-1178,-1091,-916,-653,-359,-37,292,589,844,1039,1154,1183,1117,984,782,511,205,-111,-417,-696,-913,-1056,-1140,-1142,-1059,-883,-658,-400,-100,208,490,732,922,1062,1105,1074,970,795,579,308,25,-264,-537,-766,-919,-1034,-1065,-1017,-890,-716,-496,-246,28,-176,523,726,869,950,980,942,853,698,507,283,42,-197,-433,-652,-813,-927,-988,-981,-921,-781,-596,-369,-117,147,415,661,849,979,1053,1046,973,833,637,401,132,-152,-413,-648,-846,-992,-1072,-1078,-1028,-892,-707,-474,-203,80,363,616,841,1003,1109,1144,1096,973,784,543,258,-46,-343,-640,-881,-1062,-1177,-1207,-1148,-1020,-816,-547,-245,79,397,674,904,1079,1167,1183,1101,943,738,479,184,-109,-393,-647,-841,-996,-1065,-1059,-997,-865,-678,-449,-196,72,325,549,733,874,954,973,917,819,657,456,231,2,-238,-460,-650,-789,-884,-916,-887,-813,-669,-474,-277,-59,181,387,570,719,819,71,-243
61229,mtk,MTK 7916,860816541,rx0-tx1,512,-686,1015,958,598,515,398,259,103,-60,-218,-349,-451,-531,-561,-553,-522,-453,-352,-232,-99,32,149,251,353,415,453,471,453,417,360,289,193,88,-15,-124,-225,-312,-392,-445,-475,-473,-445,-396,-322,-227,-116,14,142,263,378,472,536,572,572,536,457,337,204,47,-116,-271,-415,-534,-615,-655,-661,-609,-519,-391,-240,-56,120,292,442,564,659,705,698,638,546,407,241,61,-127,-309,-466,-594,-674,-711,-700,-644,-536,-393,-234,-54,133,303,456,577,656,692,678,620,523,389,225,54,-118,-286,-433,-551,-631,-663,-657,-604,-512,-385,-232,-66,101,265,403,524,605,645,643,594,503,-38,232,65,-100,-260,-402,-516,-604,-645,-639,-589,-499,-382,-237,-58,114,274,417,541,619,655,648,579,480,355,192,13,-160,-322,-463,-571,-633,-644,-615,-546,-433,-288,-131,32,207,356,471,553,594,596,563,485,376,241,92,-59,-212,-349,-451,-526,-559,-557,-518,-452,-349,-219,-74,75,213,336,434,515,551,546,508,431,320,185,25,-125,-262,-396,-485,-534,-555,-524,-448,-342,-208,-53,104,246,354,444,497,500,467,401,296,169,31,-99,-215,-313,-377,-415,-420,-377,-309,-218,-115,7,128,222,301,345,355,337,281,191,90,-22,-127,-214,-271,-286,-260,-195,-111,-13,70,605,819,0,112,-246,9,-52,-115,-161,-191,-198,-172,-122,-58,14,85,149,193,225,233,215,177,124,55,-14,-81,-144,-189,-223,-237,-236,-206,-161,-107,-42,24,78,132,174,201,215,200,179,145,115,72,24,-11,-49,-88,-116,-138,-161,-171,-179,-181,-165,-139,-108,-58,-1,56,111,156,214,234,239,230,206,155,101,42,-21,-80,-135,-184,-215,-232,-235,-233,-203,-168,-121,-71,-14,44,102,148,198,238,255,268,259,235,194,136,66,-6,-83,-159,-229,-281,-312,-324,-319,-289,-241,-162,-79,11,109,197,272,326,353,365,346,308,248,166,81,-10,-107,-198,-277,-332,-379,-396,-384,-345,-48,-200,-107,-5,97,195,288,364,411,437,438,400,341,256,148,24,-100,-221,-328,-417,-489,-502,-496,-457,-383,-275,-150,-15,115,243,363,452,507,524,516,469,393,295,177,42,-92,-227,-341,-443,-509,-550,-558,-523,-467,-369,-248,-105,37,189,337,457,552,606,628,604,538,443,307,144,-21,-187,-353,-500,-607,-673,-696,-676,-607,-489,-339,-165,31,216,389,546,647,708,728,693,606,479,319,139,-59,-248,-410,-547,-644,-694,-699,-662,-568,-444,-294,-126,51,225,384,510,602,651,669,636,555,444,298,138,-38,-209,-364,-504,-597,-655,-662,-626,-556,-432,-283,-120,53,211,784,689,9,-39,-358,-209,-360,-475,-556,-606,-607,-565,-481,-376,-244,-88,54,187,314,411,483,517,514,474,425,345,240,135,21,-96,-195,-284,-359,-421,-452,-459,-442,-396,-339,-256,-157,-48,68,175,281,380,454,505,520,505,468,396,289,166,24,-119,-265,-401,-504,-579,-628,-624,-582,-497,-375,-221,-55,120,290,437,557,651,691,679,629,532,402,242,58,-129,-303,-459,-591,-674,-713,-707,-647,-546,-406,-238,-56,132,309,467,583,666,707,691,628,528,393,231,56,-124,-292,-442,-562,-642,-674,-665,-610,-510,-379,-226,-59,104,266,413,535,619,649,646,597,513,390,232,68,-100,-263,-404,634,-605,-640,-634,-588,-501,-382,-235,-63,110,271,413,526,611,652,637,584,500,371,214,43,-134,-303,-434,-551,-634,-661,-642,-575,-466,-327,-157,17,185,343,474,572,618,636,600,511,398,260,102,-54,-210,-348,-457,-536,-577,-576,-540,-455,-355,-230,-85,67,207,333,444,522,555,547,509,436,340,210,57,-83,-228,-354,-455,-526,-558,-542,-496,-404,-268,-128,24,181,318,426,505,536,524,467,374,261,116,-32,-164,-289,-386,-446,-464,-446,-394,-310,-201,-88,44,163,258,328,369,384,355,296,217,111,5,-105,-205,-279,-317,-323,-290,-220,-126,-18,85,163,209,214,178,776,552,0,779,747,-146,-153,-132,-86,-28,47,116,172,205,219,207,172,119,53,-24,-95,-153,-199,-229,-238,-232,-194,-142,-79,-11,58,125,169,207,230,226,205,173,127,76,14,-38,-83,-118,-146,-168,-171,-172,-169,-152,-121,-93,-63,-25,14,61,112,147,180,205,209,211,188,164,115,49,-8,-70,-127,-185,-215,-243,-244,-231,-210,-170,-114,-52,6,74,132,172,204,228,241,238,215,187,151,96,40,-17,-83,-145,-206,-255,-287,-297,-293,-266,-222,-160,-81,4,93,175,254,315,340,354,341,300,238,158,73,-14,-111,-198,-277,-330,-362,-376,-369,-329,-264,-186,-101,4,101,195,-1135,346,390,408,395,361,306,226,129,22,-95,-208,-301,-387,-448,-479,-471,-439,-366,-277,-148,-16,109,237,351,442,501,522,508,467,387,273,150,23,-108,-238,-356,-446,-512,-536,-531,-497,-430,-331,-205,-77,67,206,332,447,523,571,582,568,501,403,278,134,-23,-189,-336,-468,-578,-642,-661,-645,-582,-474,-328,-161,16,196,369,520,629,701,716,680,610,491,329,154,-42,-236,-407,-549,-651,-708,-722,-673,-588,-457,-293,-118,64,243,403,525,615,666,678,640,558,437,291,130,-42,-220,-368,-497,-593,-649,-666,-629,-559,-444,-292,-132,48,207,362,497,583,638,642,606,31,370
61230,mtk,MTK 7916,860816541,rx1-tx0,512,0,-141,-306,82,-85,-255,-407,-544,-643,-695,-711,-695,-618,-498,-352,-173,22,228,415,585,726,813,854,830,755,620,443,217,-25,-257,-493,-708,-870,-967,-995,-958,-857,-682,-456,-197,73,349,607,826,986,1070,1081,1018,876,667,410,118,-174,-461,-701,-899,-1037,-1092,-1076,-975,-822,-599,-343,-72,203,468,685,865,978,1028,1015,927,782,577,343,87,-172,-429,-652,-820,-936,-995,-978,-901,-762,-569,-341,-84,154,400,614,775,890,940,936,860,726,540,317,90,-149,-374,-572,-733,-843,-893,-876,-812,-678,-499,-293,-72,156,363,548,689,767,812,790,713,585,428,249,49,-147,-321,-474,-595,-277,-696,-679,-617,-520,-395,-242,-74,84,232,380,486,566,611,619,578,507,413,288,137,-9,-153,-287,-399,-494,-563,-590,-574,-526,-444,-339,-214,-64,81,225,357,457,537,585,597,577,521,429,317,177,20,-147,-299,-450,-574,-654,-701,-702,-654,-563,-423,-247,-46,157,369,572,726,824,878,856,766,611,405,169,-101,-363,-602,-798,-922,-957,-931,-815,-623,-401,-147,124,376,605,764,866,881,833,718,549,337,112,-120,-331,-510,-646,-720,-728,-687,-591,-453,-287,-95,93,263,410,522,583,585,540,465,337,189,30,-143,-289,-402,-473,-496,-454,-366,-242,-85,70,195,285,313,370,249,0,-499,-172,-47,-70,-85,-88,-87,-64,-36,1,43,75,108,131,144,138,123,102,63,18,-27,-72,-115,-148,-174,-181,-174,-158,-128,-94,-39,19,75,123,169,213,247,257,233,212,169,95,29,-44,-119,-199,-261,-317,-352,-346,-311,-256,-183,-91,13,131,239,333,398,442,463,431,362,261,130,-4,-145,-270,-385,-465,-516,-526,-486,-411,-304,-164,-10,131,266,383,457,505,508,476,410,304,192,60,-87,-211,-308,-377,-429,-451,-432,-392,-318,-225,-125,-15,90,171,248,301,326,332,336,316,280,232,170,105,35,-44,-113,-188,-261,-310,-359,-381,-383,-360,-312,-239,-132,-20,88,489,317,411,483,513,509,466,395,296,158,10,-132,-274,-405,-514,-583,-611,-593,-535,-440,-306,-151,12,176,342,483,584,650,670,642,570,455,301,127,-49,-216,-387,-519,-630,-696,-701,-671,-595,-466,-309,-130,49,228,394,525,616,677,694,669,594,480,340,167,-4,-178,-340,-483,-604,-690,-725,-714,-661,-567,-438,-272,-75,113,309,491,644,755,810,805,750,631,470,270,48,-178,-397,-588,-726,-809,-843,-805,-709,-565,-384,-177,30,238,420,556,660,721,724,677,599,480,336,173,1,-165,-303,-433,-533,-594,-624,-618,-572,-494,-385,-261,-113,33,185,328,450,543,601,632,-662,-768,0,399,295,-650,-665,-632,-556,-442,-293,-122,49,234,414,557,671,749,786,764,687,567,396,199,-18,-239,-452,-632,-783,-888,-924,-905,-820,-664,-458,-216,46,305,557,768,929,1023,1043,1001,877,690,442,161,-123,-410,-666,-875,-1023,-1099,-1092,-1007,-839,-637,-375,-92,201,469,705,899,1014,1061,1039,949,790,589,334,76,-188,-434,-651,-829,-943,-1004,-992,-925,-774,-578,-353,-98,166,409,628,797,926,976,965,895,746,555,334,91,-149,-389,-595,-760,-870,-914,-913,-835,-712,-531,-314,-80,151,364,560,707,807,862,841,763,634,457,259,55,-156,-349,-514,-633,-717,-752,-731,-662,-554,-407,315,-56,119,283,420,535,617,651,633,592,508,388,260,107,-53,-207,-333,-446,-540,-587,-592,-573,-513,-426,-314,-178,-25,120,259,383,478,546,578,574,547,475,371,252,116,-29,-175,-327,-445,-538,-604,-642,-633,-585,-501,-369,-220,-56,132,320,486,626,721,775,778,732,615,439,239,6,-241,-470,-672,-825,-923,-943,-877,-744,-544,-290,-25,247,515,715,850,931,925,849,699,494,253,-7,-252,-466,-643,-755,-802,-787,-708,-578,-401,-197,8,203,383,515,618,660,641,572,469,325,153,-27,-184,-329,-447,-513,-543,-517,-431,-312,-168,-5,156,284,377,421,396,322,205,77,190,337,0,-595,-755,-44,-37,-9,18,56,86,104,116,110,100,79,45,2,-44,-82,-116,-148,-162,-164,-152,-124,-90,-49,3,48,101,136,180,207,217,203,179,142,97,36,-37,-99,-151,-215,-258,-279,-290,-280,-241,-183,-116,-23,80,173,261,335,386,410,400,351,275,178,71,-58,-199,-310,-416,-478,-503,-486,-430,-339,-214,-75,77,219,336,438,506,523,502,452,355,239,108,-37,-172,-295,-389,-454,-497,-486,-433,-354,-264,-155,-33,85,192,287,350,387,397,369,331,283,203,118,42,-32,-112,-180,-238,-280,-303,-328,-326,-311,-289,-238,-179,-103,-10,84,184,278,365,424,449,448,-571,361,276,158,29,-112,-244,-370,-471,-540,-561,-552,-510,-424,-303,-154,2,165,311,442,546,608,632,617,555,445,307,150,-29,-205,-373,-512,-622,-678,-684,-653,-571,-450,-311,-129,59,232,395,533,632,696,702,670,585,460,315,149,-33,-208,-378,-509,-619,-683,-701,-682,-618,-514,-380,-214,-34,145,320,478,611,717,766,762,718,615,473,282,72,-143,-350,-545,-691,-800,-844,-829,-755,-615,-438,-233,-10,217,422,586,714,785,801,761,652,515,357,168,-32,-211,-369,-498,-595,-653,-670,-637,-575,-484,-354,-215,-66,89,238,375,475,560,605,620,598,532,437,313,174,15,391,57
61231,mtk,MTK 7916,860816541,rx1-tx1,512,0,0,0,227,-134,-469,-683,-722,-576,-269,116,466,695,748,605,301,-68,-419,-664,-732,-596,-311,47,386,618,679,556,285,-55,-371,-579,-627,-499,-230,94,389,573,593,443,176,-146,-428,-583,-575,-416,-129,195,456,595,571,382,88,-237,-500,-614,-568,-367,-57,271,524,637,572,355,48,-279,-535,-630,-560,-349,-42,274,522,618,533,310,11,-281,-489,-576,-486,-256,30,307,508,553,439,206,-89,-360,-533,-568,-444,-191,126,406,579,601,455,189,-123,-401,-579,-602,-462,-202,111,396,566,588,463,208,-98,-366,-536,-573,-455,-221,68,328,493,527,426,226,-30,-281,-439,-464,-370,0,41,246,365,380,287,107,-92,-257,-338,-309,-195,-20,172,310,353,292,142,-53,-248,-382,-407,-318,-135,94,311,453,472,357,140,-123,-365,-519,-540,-417,-182,105,379,563,604,485,234,-90,-380,-570,-626,-517,-273,37,341,566,646,547,303,-15,-329,-570,-666,-580,-345,-18,311,562,672,606,386,66,-279,-553,-683,-644,-446,-131,211,507,677,680,513,223,-114,-431,-642,-688,-564,-303,20,320,545,639,567,365,84,-208,-442,-560,-539,-395,-166,90,321,464,487,395,219,-2,-215,-365,-429,-390,-261,-79,114,274,365,371,303,182,29,-120,-236,-301,-304,-254,-169,-72,17,0,0,0,0,0,15,-137,-281,-404,-473,-461,-353,-163,73,322,524,627,604,453,196,-118,-419,-639,-715,-633,-415,-89,279,578,746,748,573,259,-117,-484,-738,-799,-667,-378,13,407,699,829,750,473,72,-351,-696,-858,-809,-557,-146,307,682,898,885,643,234,-251,-670,-923,-944,-725,-322,166,623,915,971,777,381,-109,-571,-885,-972,-800,-421,73,536,854,958,805,437,-41,-508,-839,-947,-806,-445,33,510,841,943,795,435,-52,-525,-859,-970,-810,-436,57,556,903,1007,856,468,-59,-581,-961,-1083,-927,-530,19,571,981,1144,1019,619,62,-513,-966,-1178,-1072,-697,-142,446,917,1150,1087,744,0,-371,-862,-1120,-1083,-766,-244,345,833,1087,1055,740,228,-343,-822,-1092,-1070,-747,-220,365,858,1123,1089,769,249,-355,-863,-1142,-1124,-809,-283,325,856,1152,1146,848,328,-281,-812,-1120,-1137,-858,-354,237,755,1067,1094,834,352,-213,-709,-1002,-1026,-765,-298,241,698,945,937,672,215,-305,-741,-972,-927,-615,-137,381,804,1012,950,625,123,-410,-836,-1041,-981,-667,-158,392,823,1048,1005,691,197,-342,-785,-1017,-987,-697,-244,258,687,931,926,677,266,-203,-597,-814,-817,-606,-236,182,527,719,705,501,177,-186,-493,-642,-600,-393,-73,260,511,614,534,292,-27,-333,-549,-614,-507,-248,0,0,0,0,0,660,695,545,246,-130,-477,-701,-751,-602,-293,88,445,683,743,612,316,-56,-402,-642,-708,-582,-298,51,373,595,652,527,257,-82,-385,-572,-602,-472,-212,110,404,580,584,427,152,-161,-433,-584,-564,-386,-107,216,479,599,562,369,65,-257,-515,-630,-574,-364,-45,284,527,628,567,350,43,-278,-521,-622,-552,-332,-29,276,505,589,511,285,-7,-291,-499,-559,-458,-233,61,345,528,557,436,191,-111,-385,-552,-574,-442,-175,132,403,572,594,455,198,-114,-398,-570,-597,-470,-207,107,383,561,591,459,213,-76,-348,-527,-560,-450,-222,52,300,464,504,404,200,-40,-249,0,-423,-334,-151,61,238,338,343,245,75,-125,-288,-347,-298,-167,19,204,336,374,303,140,-78,-287,-425,-448,-333,-126,116,338,485,504,382,158,-109,-369,-538,-563,-444,-204,103,389,571,614,505,259,-59,-364,-576,-639,-536,-298,22,339,569,655,564,320,1,-318,-565,-671,-597,-361,-36,292,559,686,630,415,99,-254,-539,-683,-669,-487,-182,168,477,667,694,551,270,-66,-379,-600,-663,-573,-349,-43,264,491,590,558,396,133,-150,-380,-515,-526,-409,-201,54,279,425,465,402,246,36,-169,-325,-405,-389,-285,-129,45,206,316,355,320,232,103,-32,-143,-213,-240,-225,0,0,0,0,0,346,355,304,179,1,-203,-393,-528,-565,-494,-322,-64,226,479,639,672,559,312,-13,-345,-609,-738,-698,-504,-186,180,519,736,782,634,328,-62,-449,-731,-817,-712,-435,-36,377,697,849,777,507,112,-327,-692,-880,-855,-605,-192,273,672,902,905,679,278,-207,-645,-922,-954,-741,-348,142,600,902,971,792,397,-93,-554,-871,-961,-802,-438,37,514,848,946,796,438,-41,-509,-846,-951,-797,-435,44,516,841,941,800,432,-58,-540,-884,-994,-835,-446,70,563,926,1050,893,489,-46,-575,-968,-1122,-979,-579,-18,551,987,1168,1050,662,110,-471,-932,-1150,-1082,-735,-197,394,884,0,1086,751,224,-358,-836,-1094,-1066,-749,-232,343,828,1094,1061,747,229,-351,-838,-1105,-1070,-752,-227,357,852,1132,1105,782,253,-345,-864,-1160,-1142,-825,-302,307,839,1148,1154,861,347,-250,-782,-1102,-1123,-852,-368,215,729,1034,1050,790,324,-219,-695,-976,-971,-708,-260,262,716,965,930,635,172,-342,-766,-978,-924,-611,-125,405,837,1042,962,631,139,-397,-833,-1057,-996,-669,-170,368,810,1042,994,696,228,-299,-734,-969,-954,-697,-261,234,647,875,874,645,254,-186,-558,-764,-764,-565,-213,186,505,676,653,442,120,-227,-492,-610,-558,-338,-19,296,524,610,512,259,-60,-373,-591,0,0
61232,mtk,MTK 7916,860816541,rx2-tx0,512,0,0,0,243,-368,-895,-1193,-1185,-859,-284,382,956,1284,1276,931,333,-359,-964,-1325,-1335,-986,-385,322,950,1329,1359,1027,417,-303,-945,-1332,-1360,-1026,-418,302,939,1321,1345,1013,407,-307,-934,-1307,-1325,-988,-382,329,944,1302,1304,946,337,-361,-951,-1282,-1263,-902,-290,398,966,1258,1214,842,241,-424,-962,-1232,-1155,-764,-173,465,964,1189,1081,670,81,-524,-981,-1160,-1002,-564,29,611,1020,1138,929,453,-143,-701,-1073,-1146,-887,-374,247,804,1138,1161,869,323,-330,-896,-1219,-1215,-882,-298,382,968,1284,1261,902,291,-402,-987,-1326,-1314,-935,-302,407,1017,1357,1337,967,334,-392,-1019,-1366,-1350,-979,0,373,998,1360,1358,988,355,-381,-1017,-1369,-1359,-991,-357,371,1009,1381,1389,1022,381,-372,-1030,-1410,-1425,-1062,-410,354,1027,1438,1465,1109,462,-317,-1022,-1464,-1517,-1173,-527,257,986,1456,1545,1231,601,-195,-938,-1438,-1564,-1286,-670,119,867,1397,1573,1333,753,-11,-773,-1333,-1549,-1364,-828,-74,682,1253,1505,1370,873,166,-569,-1157,-1447,-1377,-956,-289,444,1043,1378,1368,1018,417,-275,-885,-1263,-1324,-1063,-553,76,670,1085,1225,1060,643,87,-464,-886,-1081,-1007,-698,-242,258,675,907,915,710,349,-77,-471,-735,-809,-699,-441,-94,255,528,675,678,537,293,13,-245,-434,-528,-517,-419,-271,-110,0,0,0,0,0,359,271,112,-101,-334,-536,-656,-656,-514,-254,73,409,674,808,771,559,203,-219,-600,-859,-927,-774,-425,40,505,861,1031,955,629,138,-399,-857,-1111,-1102,-817,-315,279,816,1163,1231,991,493,-139,-739,-1170,-1318,-1133,-660,-14,647,1153,1368,1241,802,145,-554,-1113,-1396,-1327,-915,-274,437,1039,1375,1371,1013,393,-311,-934,-1316,-1356,-1048,-479,208,833,1225,1297,1038,509,-142,-737,-1128,-1215,-981,-486,125,689,1052,1122,890,430,-135,-661,-999,-1054,-819,-357,197,690,989,1015,755,287,-261,-744,-1019,-1013,-732,-241,329,805,1065,1037,722,206,-370,-859,-1112,-1074,-745,-207,392,884,1146,1106,0,214,-405,-914,-1182,-1127,-768,-202,425,933,1193,1137,770,185,-458,-979,-1237,-1161,-767,-158,500,1031,1284,1202,796,163,-519,-1074,-1339,-1251,-823,-171,531,1094,1371,1280,856,199,-520,-1100,-1378,-1288,-863,-211,500,1064,1342,1263,844,204,-485,-1034,-1299,-1218,-808,-176,498,1018,1250,1146,732,125,-506,-996,-1204,-1074,-657,-63,543,991,1164,1018,591,12,-565,-979,-1120,-952,-525,40,588,961,1068,879,453,-89,-593,-918,-989,-786,-369,143,601,877,901,672,258,-219,-625,-845,-819,-551,-123,331,686,840,748,438,-6,-450,-772,-876,-722,-356,120,572,870,921,713,296,-219,-682,-969,-990,-733,-267,0,0,0,0,0,1140,1126,811,257,-382,-930,-1246,-1235,-892,-309,368,961,1304,1307,965,360,-342,-958,-1324,-1345,-1011,-401,315,945,1328,1360,1034,425,-300,-939,-1324,-1358,-1031,-423,300,934,1310,1331,998,390,-321,-940,-1305,-1315,-967,-360,343,945,1286,1284,930,315,-374,-962,-1284,-1248,-873,-267,407,958,1248,1194,812,208,-443,-965,-1207,-1115,-725,-134,491,969,1160,1039,626,27,-569,-998,-1146,-961,-507,83,658,1045,1135,900,412,-197,-753,-1104,-1153,-873,-337,292,850,1186,1193,867,301,-358,-933,-1251,-1239,-893,-292,399,983,1309,1287,916,302,-402,-1006,-1342,-1324,-947,-313,403,1015,1361,1342,964,330,-397,-1012,0,-1355,-986,-352,372,994,1357,1357,986,355,-372,-1008,-1376,-1372,-1002,-368,370,1014,1390,1401,1044,390,-371,-1039,-1440,-1458,-1094,-434,342,1032,1452,1500,1155,498,-298,-1008,-1459,-1535,-1202,-562,229,966,1451,1555,1260,639,-151,-909,-1428,-1581,-1326,-722,62,827,1375,1558,1345,792,39,-729,-1304,-1526,-1360,-853,-134,626,1225,1495,1370,908,222,-512,-1103,-1417,-1372,-982,-346,365,975,1332,1353,1042,488,-178,-786,-1181,-1284,-1073,-604,-10,567,988,1154,1040,683,170,-365,-782,-996,-967,-710,-295,171,574,822,865,706,394,7,-368,-641,-756,-694,-488,-190,128,405,580,625,554,388,162,-63,-238,-344,-389,0,0,0,0,0,223,382,497,540,485,325,75,-215,-489,-687,-751,-657,-416,-69,315,649,846,860,668,310,-130,-554,-864,-983,-867,-532,-57,451,865,1075,1020,714,223,-341,-836,-1143,-1173,-906,-399,213,788,1182,1285,1064,574,-66,-699,-1170,-1347,-1188,-729,-76,603,1132,1384,1290,863,214,-491,-1076,-1389,-1348,-961,-337,376,987,1349,1367,1036,433,-265,-877,-1267,-1338,-1058,-509,166,777,1173,1258,1009,504,-123,-704,-1076,-1160,-937,-461,131,664,1011,1080,850,391,-170,-679,-993,-1032,-786,-324,226,709,991,1002,738,255,-299,-770,-1043,-1026,-721,-217,356,837,1098,1061,737,205,-390,-880,-1139,-1091,-748,-209,389,0,1167,1116,767,208,-411,-927,-1192,-1137,-770,-191,441,960,1222,1151,766,171,-477,-1004,-1263,-1181,-774,-161,509,1049,1312,1226,805,160,-535,-1088,-1348,-1259,-839,-179,528,1093,1370,1284,854,196,-516,-1087,-1366,-1279,-858,-211,489,1053,1320,1233,824,196,-486,-1025,-1273,-1176,-768,-151,500,1003,1225,1111,694,98,-523,-996,-1190,-1050,-626,-37,553,986,1140,985,563,-12,-576,-975,-1093,-910,-486,63,580,932,1025,838,415,-114,-594,-894,-944,-735,-318,179,610,855,849,603,193,-267,-645,-829,-772,-494,-65,387,724,855,732,391,-66,-517,-821,-893,-706,-317,168,624,919,962,723,267,-263,-737,-1020,0,0
61233,mtk,MTK 7916,860816541,rx2-tx1,512,0,0,0,433,913,1152,1083,722,158,-450,-946,-1192,-1131,-770,-197,425,934,1203,1155,797,233,-391,-912,-1186,-1147,-812,-261,357,866,1139,1107,780,246,-347,-833,-1094,-1063,-730,-211,348,799,1031,970,631,127,-397,-811,-1004,-906,-543,-32,480,856,985,841,455,-69,-578,-923,-1011,-810,-390,145,649,976,1033,801,344,-210,-710,-1016,-1031,-772,-298,269,767,1054,1043,741,227,-361,-847,-1107,-1070,-735,-177,441,933,1181,1123,759,178,-463,-997,-1271,-1206,-827,-221,455,1011,1303,1260,893,288,-393,-970,-1302,-1286,-937,-349,327,911,1254,1276,971,416,-245,-838,-1195,-1236,-972,-468,145,712,1087,1163,936,486,0,-611,-961,-1046,-853,-443,74,545,852,918,736,360,-104,-527,-791,-823,-627,-264,168,550,775,770,547,168,-249,-592,-771,-729,-469,-76,341,672,815,717,405,-25,-460,-783,-892,-750,-390,92,569,909,1025,870,460,-90,-628,-1024,-1166,-1005,-582,7,623,1083,1282,1158,727,108,-547,-1074,-1336,-1262,-873,-257,442,1027,1351,1351,1019,430,-265,-895,-1311,-1417,-1174,-652,27,688,1180,1391,1271,855,239,-417,-947,-1242,-1248,-951,-444,137,667,1020,1122,954,574,85,-394,-760,-938,-879,-616,-227,192,545,752,779,631,344,-4,-328,-566,-668,-620,-449,-201,72,310,471,527,483,363,199,31,-115,0,0,0,0,0,-89,103,308,496,619,637,535,315,18,-290,-550,-717,-731,-578,-299,49,393,656,774,711,472,117,-269,-597,-782,-784,-593,-244,176,553,796,843,665,320,-107,-525,-817,-904,-765,-428,25,487,830,960,853,528,61,-428,-817,-995,-914,-606,-141,373,798,1013,966,678,213,-321,-773,-1011,-992,-714,-245,286,749,1014,1016,741,286,-242,-710,-993,-1018,-775,-321,211,686,971,999,765,317,-208,-664,-944,-983,-754,-326,190,663,955,986,752,322,-190,-662,-959,-998,-776,-340,173,639,947,1004,789,368,-145,-614,-920,-979,-782,-381,117,584,899,963,762,372,-115,-568,-869,-934,-741,-350,0,581,858,914,726,343,-126,-566,-848,-888,-694,-313,154,571,824,844,632,248,-207,-600,-810,-803,-576,-165,303,674,857,813,534,90,-387,-766,-938,-855,-533,-59,440,835,1000,897,551,50,-473,-871,-1033,-921,-564,-45,486,874,1029,909,541,18,-513,-899,-1033,-885,-498,28,551,917,1026,846,433,-102,-620,-966,-1034,-823,-386,165,670,996,1050,813,342,-226,-743,-1057,-1079,-816,-327,264,792,1100,1112,824,320,-279,-813,-1136,-1153,-855,-328,276,809,1132,1148,859,348,-265,-799,-1117,-1132,-842,-331,256,775,1085,1088,794,295,-278,-777,-1058,-1046,-753,-255,315,799,1066,1041,724,204,-368,0,0,0,0,0,-1060,-706,-158,447,938,1178,1102,740,179,-438,-942,-1203,-1141,-787,-221,406,919,1183,1144,804,244,-377,-896,-1172,-1130,-797,-257,346,851,1120,1087,764,235,-344,-814,-1061,-1013,-681,-175,370,808,1013,930,586,81,-439,-833,-992,-866,-490,20,525,885,1002,832,420,-112,-616,-950,-1024,-811,-367,173,674,999,1036,781,316,-243,-740,-1029,-1035,-748,-256,309,803,1080,1052,729,199,-399,-892,-1153,-1105,-748,-177,453,972,1235,1169,785,189,-469,-1013,-1300,-1242,-861,-259,420,989,1298,1270,914,317,-358,-944,-1282,-1290,-957,-380,290,881,1231,1260,970,440,-199,-774,-1143,-1211,-961,-476,110,661,1024,0,896,468,-71,-571,-898,-982,-798,-401,83,529,817,874,683,306,-138,-534,-778,-793,-586,-222,202,572,775,749,508,134,-290,-630,-783,-712,-441,-30,402,724,840,721,395,-58,-519,-849,-953,-796,-417,90,596,968,1098,932,515,-53,-627,-1059,-1227,-1072,-641,-43,582,1080,1313,1214,794,172,-500,-1058,-1356,-1315,-947,-345,347,967,1358,1400,1099,538,-147,-808,-1277,-1426,-1226,-753,-106,560,1068,1320,1267,913,352,-271,-798,-1128,-1181,-955,-525,11,525,885,1020,920,602,159,-285,-646,-845,-833,-626,-288,93,435,665,727,624,394,91,-213,-458,-594,-601,-494,-302,-73,140,302,391,398,341,0,0,0,0,0,-463,-515,-474,-335,-116,152,418,621,712,661,476,182,-160,-471,-688,-763,-659,-398,-43,328,628,783,746,530,185,-206,-561,-785,-807,-627,-286,134,532,809,878,718,379,-66,-499,-819,-940,-818,-483,-11,467,828,985,894,572,98,-398,-796,-998,-944,-636,-160,356,776,1011,986,703,226,-314,-757,-1007,-1001,-730,-264,270,728,995,1010,765,313,-220,-694,-983,-999,-755,-318,205,669,951,983,755,328,-193,-660,-951,-990,-768,-331,192,660,951,992,765,340,-176,-647,-957,-1005,-785,-362,145,622,938,1003,803,387,-125,-591,-894,-963,-778,-378,113,569,872,939,755,361,-121,-567,-865,0,-730,-345,132,577,854,895,701,323,-137,-555,-825,-865,-664,-282,179,582,815,819,593,201,-245,-622,-833,-806,-542,-118,342,709,894,834,527,66,-416,-797,-973,-880,-542,-52,461,857,1029,921,560,50,-476,-873,-1038,-922,-558,-45,491,889,1036,901,518,-3,-525,-901,-1028,-864,-460,70,581,936,1027,832,401,-143,-649,-977,-1042,-818,-365,197,707,1027,1071,817,329,-254,-767,-1079,-1089,-806,-311,282,809,1122,1134,843,317,-291,-823,-1138,-1153,-858,-337,269,804,1121,1138,852,339,-257,-782,-1095,-1111,-820,-315,269,774,1070,1073,780,271,-309,-796,-1060,-1035,-728,-219,348,817,1078,1044,0,0
61234,mtk,MTK 7916,860849966,rx0-tx0,512,0,0,0,0,0,0,0,0,0,0,0,0,0,0,0,0,0,0,0,0,0,0,0,0,0,0,0,0,0,0,0,0,0,0,0,0,0,0,0,0,0,0,0,0,0,0,0,0,0,0,0,0,0,0,0,0,0,0,0,0,0,0,0,0,0,0,0,0,0,0,0,0,0,0,0,0,0,0,0,0,0,0,0,0,0,0,0,0,0,0,0,0,0,0,0,0,0,0,0,0,0,0,0,0,0,0,0,0,0,0,0,0,0,0,0,0,0,0,0,0,0,0,0,0,0,0,0,0,0,0,0,0,0,0,0,0,0,0,0,0,0,0,0,0,0,0,0,0,0,0,0,0,0,0,0,0,0,0,0,0,0,0,0,0,0,0,0,0,0,0,0,0,0,0,0,0,0,0,0,0,0,0,0,0,0,0,0,0,0,0,0,0,0,0,0,0,0,0,0,0,0,0,0,0,0,0,0,0,0,0,0,0,0,0,0,0,0,0,0,0,0,0,0,0,0,0,0,0,0,0,0,0,0,0,0,0,0,0,0,0,0,0,0,0,0,0,0,0,0,0,0,0,0,0,0,0,-26,277,399,-142,-7,170,329,424,429,359,225,56,-126,-296,-426,-508,-541,-507,-405,-255,-65,149,367,550,683,748,720,619,420,178,-100,-383,-640,-839,-937,-949,-856,-659,-382,-72,265,592,845,1018,1090,1047,893,665,368,19,-330,-646,-907,-1061,-1126,-1096,-953,-731,-442,-110,229,542,815,1019,1115,1124,1039,862,601,294,-33,-375,-682,-919,-1087,-1167,-1142,-1021,-800,-524,-194,163,505,804,1030,1180,1207,1150,973,700,397,40,-305,-636,-923,-1108,-1186,-1178,-1066,-856,-578,-255,92,427,719,946,1073,1111,1065,935,731,466,161,-131,-419,-682,-881,-998,-1038,-1005,-879,-696,-458,-188,105,393,638,845,-330,1042,1017,905,732,502,218,-88,-383,-657,-877,-1028,-1103,-1073,-966,-774,-513,-207,123,436,727,962,1116,1185,1148,1024,806,514,175,-194,-543,-853,-1099,-1245,-1287,-1226,-1041,-753,-409,-30,364,728,1026,1228,1322,1295,1155,908,596,214,-171,-536,-866,-1113,-1255,-1294,-1212,-1032,-754,-414,-34,336,675,958,1143,1238,1226,1089,852,548,202,-170,-523,-819,-1047,-1175,-1193,-1100,-908,-623,-290,52,401,722,952,1083,1118,1059,897,626,297,-40,-371,-679,-912,-1038,-1057,-976,-794,-530,-220,110,423,686,874,962,953,840,638,367,62,-244,-529,-758,-900,-929,-850,-657,-366,2,373,694,902,920,736,447,-142,5,0,0,0,0,0,0,0,0,0,0,0,0,0,0,0,0,0,0,0,0,0,0,0,0,0,0,0,0,0,0,0,0,0,0,0,0,0,0,0,0,0,0,0,0,0,0,0,0,0,0,0,0,0,0,0,0,0,0,0,0,0,0,0,0,0,0,0,0,0,0,0,0,0,0,0,0,0,0,0,0,0,0,0,0,0,0,0,0,0,0,0,0,0,0,0,0,0,0,0,0,0,0,0,0,0,0,0,0,0,0,0,0,0,0,0,0,0,0,0,0,0,0,0,0,0,0,0,0,0,0,0,0,0,0,0,0,0,0,0,0,0,0,0,0,0,0,0,0,0,0,0,0,0,0,0,0,0,0,0,0,0,0,0,0,0,0,0,0,0,0,0,0,0,0,0,0,0,0,0,0,0,0,0,0,0,0,0,0,0,0,0,0,0,0,0,0,0,0,0,0,0,0,0,0,0,0,0,0,0,0,0,0,0,0,0,0,0,0,0,0,0,0,0,0,0,0,0,0,0,0,0,0,0,0,0,0,0,0,0,0,0,0,0,0,0,0,0,0,0,0,0,0,0,0,0,0,628,559,481,262,337,333,238,71,-117,-286,-411,-478,-480,-412,-286,-127,57,253,419,546,618,627,567,419,223,-18,-265,-501,-700,-818,-863,-802,-653,-410,-122,186,494,757,936,1025,1023,885,651,361,23,-319,-631,-878,-1053,-1117,-1066,-925,-684,-373,-46,295,612,863,1051,1137,1108,988,787,507,189,-143,-466,-749,-966,-1090,-1144,-1101,-939,-700,-411,-77,263,593,868,1060,1178,1187,1091,893,624,295,-56,-405,-745,-990,-1155,-1217,-1170,-1040,-804,-492,-149,203,545,830,1029,1139,1157,1073,902,651,354,40,-277,-574,-819,-994,-1068,-1059,-984,-820,-582,-306,-20,271,540,760,926,1017,1032,955,804,602,-82,59,-246,-519,-749,-931,-1050,-1072,-1009,-860,-638,-372,-63,258,546,812,1003,1119,1139,1063,902,662,363,37,-308,-631,-907,-1108,-1221,-1228,-1128,-936,-650,-302,77,458,813,1073,1243,1307,1267,1109,843,502,118,-277,-646,-954,-1183,-1306,-1294,-1193,-984,-677,-326,61,436,768,1034,1207,1271,1217,1063,809,487,130,-249,-609,-897,-1095,-1212,-1215,-1101,-890,-601,-255,106,453,760,997,1124,1154,1092,905,629,304,-34,-368,-681,-931,-1059,-1095,-1030,-860,-591,-269,66,395,678,884,992,1004,910,725,459,157,-161,-463,-703,-869,-931,-896,-763,-540,-242,83,406,688,891,967,887,661,306,-112,-480,-690,624,629
61235,mtk,MTK 7916,860849966,rx0-tx1,512,0,0,0,0,0,0,0,0,0,0,0,0,0,0,0,0,0,0,0,0,0,0,0,0,0,0,0,0,0,0,0,0,0,0,0,0,0,0,0,0,0,0,0,0,0,0,0,0,0,0,0,0,0,0,0,0,0,0,0,0,0,0,0,0,0,0,0,0,0,0,0,0,0,0,0,0,0,0,0,0,0,0,0,0,0,0,0,0,0,0,0,0,0,0,0,0,0,0,0,0,0,0,0,0,0,0,0,0,0,0,0,0,0,0,0,0,0,0,0,0,0,0,0,0,0,0,0,0,0,0,0,0,0,0,0,0,0,0,0,0,0,0,0,0,0,0,0,0,0,0,0,0,0,0,0,0,0,0,0,0,0,0,0,0,0,0,0,0,0,0,0,0,0,0,0,0,0,0,0,0,0,0,0,0,0,0,0,0,0,0,0,0,0,0,0,0,0,0,0,0,0,0,0,0,0,0,0,0,0,0,0,0,0,0,0,0,0,0,0,0,0,0,0,0,0,0,0,0,0,0,0,0,0,0,0,0,0,0,0,0,0,0,0,0,0,0,0,0,0,0,0,0,0,0,0,0,301,141,-100,-232,-389,-462,-404,-234,5,243,453,588,627,580,442,239,1,-257,-495,-678,-793,-800,-700,-499,-238,71,385,667,871,970,964,828,581,264,-72,-404,-692,-896,-983,-975,-867,-659,-399,-97,197,474,705,855,932,914,811,639,410,159,-102,-356,-579,-749,-860,-900,-843,-727,-556,-330,-69,207,462,667,818,892,916,846,679,461,212,-56,-332,-567,-759,-873,-920,-900,-792,-610,-382,-106,165,424,653,790,883,901,821,705,523,289,33,-229,-471,-661,-802,-862,-863,-799,-653,-458,-237,14,269,495,689,812,866,840,753,605,410,173,-74,-320,-540,-721,-822,-868,-831,-723,-564,-350,510,147,402,616,770,871,902,839,703,504,264,1,-266,-506,-684,-823,-891,-860,-780,-628,-404,-150,107,363,590,749,851,883,838,700,501,270,25,-236,-470,-651,-784,-836,-813,-728,-559,-351,-134,112,346,532,687,762,773,716,585,412,201,-28,-247,-448,-581,-666,-705,-652,-548,-400,-212,-15,181,347,482,564,591,554,458,328,183,36,-110,-249,-345,-410,-436,-414,-359,-273,-168,-60,50,149,242,310,327,319,275,217,150,73,-16,-96,-162,-200,-219,-225,-202,-172,-128,-65,-5,55,99,138,166,176,170,145,102,52,6,-47,-88,-118,-153,-162,-149,-114,-57,15,73,111,776,598,0,0,0,0,0,0,0,0,0,0,0,0,0,0,0,0,0,0,0,0,0,0,0,0,0,0,0,0,0,0,0,0,0,0,0,0,0,0,0,0,0,0,0,0,0,0,0,0,0,0,0,0,0,0,0,0,0,0,0,0,0,0,0,0,0,0,0,0,0,0,0,0,0,0,0,0,0,0,0,0,0,0,0,0,0,0,0,0,0,0,0,0,0,0,0,0,0,0,0,0,0,0,0,0,0,0,0,0,0,0,0,0,0,0,0,0,0,0,0,0,0,0,0,0,0,0,0,0,0,0,0,0,0,0,0,0,0,0,0,0,0,0,0,0,0,0,0,0,0,0,0,0,0,0,0,0,0,0,0,0,0,0,0,0,0,0,0,0,0,0,0,0,0,0,0,0,0,0,0,0,0,0,0,0,0,0,0,0,0,0,0,0,0,0,0,0,0,0,0,0,0,0,0,0,0,0,0,0,0,0,0,0,0,0,0,0,0,0,0,0,0,0,0,0,0,0,0,0,0,0,0,0,0,0,0,0,0,0,0,0,0,0,0,0,0,0,0,0,0,0,0,0,0,0,0,0,-176,-1004,-999,-260,-144,76,307,486,557,521,396,188,-49,-282,-488,-627,-697,-685,-565,-371,-111,184,463,695,853,910,848,675,403,85,-257,-581,-833,-976,-1015,-941,-752,-469,-141,177,481,728,899,974,940,823,626,382,118,-166,-428,-649,-805,-882,-896,-825,-689,-483,-241,25,296,520,709,841,901,885,781,619,389,139,-127,-409,-634,-801,-896,-917,-863,-734,-541,-298,-34,243,498,703,849,918,907,823,651,432,201,-76,-323,-539,-723,-842,-883,-857,-751,-591,-378,-133,114,367,590,755,847,880,825,708,530,312,67,-184,-410,-613,-763,-853,-864,-804,-678,-492,-267,-19,246,475,671,810,-82,868,785,634,436,203,-68,-334,-557,-732,-843,-892,-858,-739,-561,-341,-68,190,423,642,802,881,889,825,670,459,220,-42,-310,-550,-727,-828,-863,-831,-711,-537,-319,-68,178,416,612,728,793,800,721,587,396,165,-62,-294,-485,-634,-732,-748,-701,-578,-402,-217,5,220,400,544,631,651,609,513,384,212,27,-157,-310,-419,-482,-507,-484,-412,-297,-174,-40,88,201,299,352,380,369,328,267,163,59,-40,-131,-195,-248,-275,-274,-247,-194,-124,-62,9,71,117,165,190,192,182,151,118,71,19,-34,-89,-130,-155,-164,-162,-129,-98,-52,8,60,109,144,150,128,97,-675,-834
61236,mtk,MTK 7916,860849966,rx1-tx0,512,0,0,0,0,0,0,0,0,0,0,0,0,0,0,0,0,0,0,0,0,0,0,0,0,0,0,0,0,0,0,0,0,0,0,0,0,0,0,0,0,0,0,0,0,0,0,0,0,0,0,0,0,0,0,0,0,0,0,0,0,0,0,0,0,0,0,0,0,0,0,0,0,0,0,0,0,0,0,0,0,0,0,0,0,0,0,0,0,0,0,0,0,0,0,0,0,0,0,0,0,0,0,0,0,0,0,0,0,0,0,0,0,0,0,0,0,0,0,0,0,0,0,0,0,0,0,0,0,0,0,0,0,0,0,0,0,0,0,0,0,0,0,0,0,0,0,0,0,0,0,0,0,0,0,0,0,0,0,0,0,0,0,0,0,0,0,0,0,0,0,0,0,0,0,0,0,0,0,0,0,0,0,0,0,0,0,0,0,0,0,0,0,0,0,0,0,0,0,0,0,0,0,0,0,0,0,0,0,0,0,0,0,0,0,0,0,0,0,0,0,0,0,0,0,0,0,0,0,0,0,0,0,0,0,0,0,0,0,0,0,0,0,0,0,0,0,0,0,0,0,0,0,0,0,0,0,-38,517,594,-203,-213,-162,-52,78,193,280,322,312,260,165,51,-72,-202,-305,-370,-405,-392,-337,-234,-101,52,197,322,428,483,484,449,367,231,77,-87,-265,-406,-518,-576,-583,-543,-441,-285,-124,63,267,431,574,682,703,664,571,437,237,7,-222,-437,-619,-750,-814,-813,-731,-575,-369,-124,146,402,620,797,909,936,872,725,495,227,-52,-341,-599,-806,-935,-980,-951,-823,-607,-348,-56,240,516,744,890,972,958,861,710,485,225,-51,-322,-580,-775,-894,-944,-907,-791,-621,-396,-129,134,390,612,773,862,885,825,705,525,301,53,-194,-431,-627,-763,-837,-834,-757,-617,-439,-228,-686,225,425,582,701,769,752,690,569,390,196,-9,-210,-400,-545,-657,-701,-697,-633,-539,-394,-217,-24,172,351,497,607,664,670,644,544,406,246,63,-120,-312,-472,-585,-661,-688,-662,-585,-456,-291,-97,111,307,476,625,715,744,719,618,469,282,62,-149,-361,-539,-673,-755,-762,-708,-593,-421,-214,14,240,442,604,721,780,752,666,529,331,109,-117,-346,-539,-684,-779,-796,-735,-602,-415,-191,60,308,540,703,802,822,752,611,387,121,-143,-390,-604,-730,-782,-754,-631,-443,-217,36,269,459,593,661,656,571,431,228,18,-197,-395,-543,-619,-595,-485,-291,-50,184,350,140,279,0,0,0,0,0,0,0,0,0,0,0,0,0,0,0,0,0,0,0,0,0,0,0,0,0,0,0,0,0,0,0,0,0,0,0,0,0,0,0,0,0,0,0,0,0,0,0,0,0,0,0,0,0,0,0,0,0,0,0,0,0,0,0,0,0,0,0,0,0,0,0,0,0,0,0,0,0,0,0,0,0,0,0,0,0,0,0,0,0,0,0,0,0,0,0,0,0,0,0,0,0,0,0,0,0,0,0,0,0,0,0,0,0,0,0,0,0,0,0,0,0,0,0,0,0,0,0,0,0,0,0,0,0,0,0,0,0,0,0,0,0,0,0,0,0,0,0,0,0,0,0,0,0,0,0,0,0,0,0,0,0,0,0,0,0,0,0,0,0,0,0,0,0,0,0,0,0,0,0,0,0,0,0,0,0,0,0,0,0,0,0,0,0,0,0,0,0,0,0,0,0,0,0,0,0,0,0,0,0,0,0,0,0,0,0,0,0,0,0,0,0,0,0,0,0,0,0,0,0,0,0,0,0,0,0,0,0,0,0,0,0,0,0,0,0,0,0,0,0,0,0,0,0,0,0,0,634,385,247,-10,95,208,278,280,234,141,20,-106,-226,-311,-357,-365,-323,-235,-126,-5,126,256,365,435,452,417,346,231,73,-83,-234,-377,-485,-532,-544,-492,-389,-253,-88,88,264,433,548,617,651,596,492,361,175,-40,-241,-430,-591,-720,-761,-736,-648,-504,-301,-79,180,431,634,795,881,888,807,661,444,187,-102,-375,-632,-828,-938,-970,-915,-775,-558,-290,-2,291,567,782,923,984,958,852,652,418,145,-157,-424,-658,-846,-937,-956,-900,-766,-551,-307,-28,241,481,686,838,915,901,824,671,454,210,-56,-310,-525,-701,-824,-871,-845,-748,-586,-384,-142,104,334,521,663,768,9,746,648,501,321,98,-121,-313,-500,-628,-708,-729,-704,-613,-471,-291,-94,98,278,446,585,669,695,663,583,467,312,122,-55,-245,-423,-538,-623,-658,-653,-611,-493,-346,-174,16,208,390,542,654,713,709,646,536,387,192,-18,-233,-430,-591,-711,-766,-750,-677,-530,-355,-142,81,304,499,651,745,776,740,637,484,289,57,-181,-390,-576,-712,-777,-779,-711,-572,-394,-167,84,329,533,686,781,807,753,625,421,185,-88,-338,-561,-732,-814,-803,-717,-546,-312,-62,209,448,615,715,730,660,530,343,126,-106,-319,-489,-594,-625,-602,-494,-322,-89,147,360,512,563,508,373,629,575
61237,mtk,MTK 7916,860849966,rx1-tx1,512,0,0,0,0,0,0,0,0,0,0,0,0,0,0,0,0,0,0,0,0,0,0,0,0,0,0,0,0,0,0,0,0,0,0,0,0,0,0,0,0,0,0,0,0,0,0,0,0,0,0,0,0,0,0,0,0,0,0,0,0,0,0,0,0,0,0,0,0,0,0,0,0,0,0,0,0,0,0,0,0,0,0,0,0,0,0,0,0,0,0,0,0,0,0,0,0,0,0,0,0,0,0,0,0,0,0,0,0,0,0,0,0,0,0,0,0,0,0,0,0,0,0,0,0,0,0,0,0,0,0,0,0,0,0,0,0,0,0,0,0,0,0,0,0,0,0,0,0,0,0,0,0,0,0,0,0,0,0,0,0,0,0,0,0,0,0,0,0,0,0,0,0,0,0,0,0,0,0,0,0,0,0,0,0,0,0,0,0,0,0,0,0,0,0,0,0,0,0,0,0,0,0,0,0,0,0,0,0,0,0,0,0,0,0,0,0,0,0,0,0,0,0,0,0,0,0,0,0,0,0,0,0,0,0,0,0,0,0,0,0,0,0,0,0,0,0,0,0,0,0,0,0,0,0,0,0,-48,-139,-222,-145,-167,-172,-155,-109,-38,47,133,207,252,258,215,130,20,-113,-238,-319,-342,-308,-200,-50,117,270,390,438,387,262,82,-131,-326,-457,-506,-453,-306,-87,161,384,528,564,480,279,16,-253,-471,-587,-574,-439,-202,81,354,553,631,561,363,86,-226,-497,-646,-652,-512,-242,79,391,618,709,631,413,98,-253,-557,-723,-726,-566,-279,83,430,673,771,702,458,103,-275,-579,-750,-756,-602,-295,91,447,683,766,681,429,80,-294,-595,-763,-747,-554,-231,146,490,716,774,650,372,2,-368,-660,-792,-728,-501,-156,232,569,767,792,637,324,-71,-454,-731,-840,-753,-486,0,290,627,830,833,640,306,-101,-487,-762,-865,-770,-493,-104,308,653,844,832,628,279,-133,-506,-768,-858,-739,-453,-51,361,685,849,817,600,238,-175,-543,-791,-852,-717,-417,-22,375,676,823,789,573,228,-165,-521,-753,-806,-682,-404,-33,342,631,772,731,538,220,-144,-470,-689,-750,-641,-391,-59,283,548,687,672,511,237,-85,-366,-556,-627,-553,-349,-72,203,428,548,540,412,204,-48,-276,-449,-512,-459,-304,-94,137,334,452,471,382,215,8,-199,-363,-446,-437,-333,-167,22,211,360,426,401,304,145,-40,-203,-331,-401,-394,-319,-185,-29,116,239,321,358,350,292,133,42,0,0,0,0,0,0,0,0,0,0,0,0,0,0,0,0,0,0,0,0,0,0,0,0,0,0,0,0,0,0,0,0,0,0,0,0,0,0,0,0,0,0,0,0,0,0,0,0,0,0,0,0,0,0,0,0,0,0,0,0,0,0,0,0,0,0,0,0,0,0,0,0,0,0,0,0,0,0,0,0,0,0,0,0,0,0,0,0,0,0,0,0,0,0,0,0,0,0,0,0,0,0,0,0,0,0,0,0,0,0,0,0,0,0,0,0,0,0,0,0,0,0,0,0,0,0,0,0,0,0,0,0,0,0,0,0,0,0,0,0,0,0,0,0,0,0,0,0,0,0,0,0,0,0,0,0,0,0,0,0,0,0,0,0,0,0,0,0,0,0,0,0,0,0,0,0,0,0,0,0,0,0,0,0,0,0,0,0,0,0,0,0,0,0,0,0,0,0,0,0,0,0,0,0,0,0,0,0,0,0,0,0,0,0,0,0,0,0,0,0,0,0,0,0,0,0,0,0,0,0,0,0,0,0,0,0,0,0,0,0,0,0,0,0,0,0,0,0,0,0,0,0,0,0,0,0,-1135,-378,-339,30,-17,-71,-135,-188,-222,-231,-203,-140,-53,60,169,258,299,287,222,111,-35,-184,-310,-385,-381,-304,-166,21,218,379,470,467,366,192,-24,-255,-439,-535,-518,-393,-175,77,320,509,596,535,353,108,-168,-416,-572,-604,-502,-277,4,288,523,647,611,430,150,-169,-451,-641,-680,-566,-328,-8,322,579,715,694,505,182,-177,-495,-698,-754,-632,-364,-6,354,633,770,736,535,202,-181,-523,-742,-790,-649,-364,5,369,645,771,724,497,153,-215,-535,-731,-759,-605,-306,69,429,683,771,683,438,75,-310,-617,-780,-766,-569,-243,151,517,767,829,696,405,13,-379,-684,0,-799,-580,-212,205,572,807,860,714,402,0,-404,-711,-856,-801,-566,-194,220,580,808,848,687,367,-39,-442,-734,-857,-784,-527,-150,263,615,823,845,674,347,-57,-447,-738,-855,-766,-497,-125,269,599,791,797,625,313,-68,-436,-698,-802,-719,-470,-119,253,568,751,763,601,306,-50,-378,-622,-725,-663,-455,-151,176,458,633,663,537,301,6,-275,-492,-592,-554,-394,-146,118,337,487,531,443,258,23,-207,-396,-492,-470,-347,-155,66,276,423,469,416,281,92,-112,-291,-404,-431,-369,-240,-63,119,278,381,412,358,234,67,-98,-245,-356,-408,-384,-304,-196,-76,42,153,-375,-399
61238,mtk,MTK 7916,860849966,rx2-tx0,512,0,0,0,0,0,0,0,0,0,0,0,0,0,0,0,0,0,0,0,0,0,0,0,0,0,0,0,0,0,0,0,0,0,0,0,0,0,0,0,0,0,0,0,0,0,0,0,0,0,0,0,0,0,0,0,0,0,0,0,0,0,0,0,0,0,0,0,0,0,0,0,0,0,0,0,0,0,0,0,0,0,0,0,0,0,0,0,0,0,0,0,0,0,0,0,0,0,0,0,0,0,0,0,0,0,0,0,0,0,0,0,0,0,0,0,0,0,0,0,0,0,0,0,0,0,0,0,0,0,0,0,0,0,0,0,0,0,0,0,0,0,0,0,0,0,0,0,0,0,0,0,0,0,0,0,0,0,0,0,0,0,0,0,0,0,0,0,0,0,0,0,0,0,0,0,0,0,0,0,0,0,0,0,0,0,0,0,0,0,0,0,0,0,0,0,0,0,0,0,0,0,0,0,0,0,0,0,0,0,0,0,0,0,0,0,0,0,0,0,0,0,0,0,0,0,0,0,0,0,0,0,0,0,0,0,0,0,0,0,0,0,0,0,0,0,0,0,0,0,0,0,0,0,0,0,0,-277,245,79,30,36,47,59,65,60,44,27,6,-15,-35,-39,-38,-37,-25,6,29,34,28,15,-5,-25,-42,-53,-46,-26,-3,37,74,92,87,69,40,-22,-85,-126,-139,-125,-83,-33,39,117,172,181,161,105,22,-76,-158,-212,-222,-181,-92,25,141,228,281,271,190,54,-93,-232,-314,-336,-280,-158,2,156,286,355,358,283,129,-60,-227,-360,-411,-359,-229,-51,149,322,423,428,339,178,-17,-224,-398,-469,-430,-305,-93,138,327,449,474,378,209,-4,-214,-377,-469,-447,-315,-125,88,291,424,457,380,214,3,-200,-360,-438,-409,-288,-96,114,300,409,423,334,167,0,-238,-373,-420,-367,-225,-34,168,327,414,397,285,106,-100,-278,-388,-406,-332,-175,23,221,362,421,376,235,34,-167,-328,-412,-381,-256,-71,146,326,429,421,314,126,-100,-329,-483,-520,-432,-240,20,285,493,601,562,392,126,-176,-443,-610,-647,-544,-312,-4,311,561,689,670,498,210,-134,-452,-666,-732,-639,-406,-71,274,567,750,770,620,332,-31,-386,-662,-801,-776,-594,-276,107,460,710,817,754,546,226,-144,-481,-718,-815,-755,-541,-226,127,446,676,773,710,513,230,-91,-390,-592,-680,-646,-492,-242,50,332,540,645,646,546,350,91,-175,-397,-556,-643,-650,-571,635,525,0,0,0,0,0,0,0,0,0,0,0,0,0,0,0,0,0,0,0,0,0,0,0,0,0,0,0,0,0,0,0,0,0,0,0,0,0,0,0,0,0,0,0,0,0,0,0,0,0,0,0,0,0,0,0,0,0,0,0,0,0,0,0,0,0,0,0,0,0,0,0,0,0,0,0,0,0,0,0,0,0,0,0,0,0,0,0,0,0,0,0,0,0,0,0,0,0,0,0,0,0,0,0,0,0,0,0,0,0,0,0,0,0,0,0,0,0,0,0,0,0,0,0,0,0,0,0,0,0,0,0,0,0,0,0,0,0,0,0,0,0,0,0,0,0,0,0,0,0,0,0,0,0,0,0,0,0,0,0,0,0,0,0,0,0,0,0,0,0,0,0,0,0,0,0,0,0,0,0,0,0,0,0,0,0,0,0,0,0,0,0,0,0,0,0,0,0,0,0,0,0,0,0,0,0,0,0,0,0,0,0,0,0,0,0,0,0,0,0,0,0,0,0,0,0,0,0,0,0,0,0,0,0,0,0,0,0,0,0,0,0,0,0,0,0,0,0,0,0,0,0,0,0,0,0,0,315,-657,-679,-49,-48,-40,-25,-2,18,33,52,65,55,34,18,-4,-29,-45,-42,-23,0,22,35,40,36,21,-3,-31,-59,-78,-71,-56,-23,26,78,109,119,106,68,6,-62,-119,-157,-159,-131,-75,13,98,161,195,188,136,45,-64,-163,-228,-251,-216,-130,-10,125,252,314,304,231,110,-45,-191,-303,-358,-328,-216,-60,101,263,368,382,312,178,-12,-199,-344,-419,-397,-287,-105,106,289,402,436,372,230,29,-186,-373,-470,-460,-346,-154,69,275,419,475,429,281,76,-147,-347,-459,-465,-356,-173,38,240,394,441,379,229,42,-158,-321,-411,-405,-298,-119,86,272,392,0,357,193,-2,-196,-359,-428,-392,-257,-63,138,304,402,400,311,147,-58,-250,-373,-402,-343,-200,-2,192,345,412,369,228,38,-160,-337,-423,-403,-289,-98,132,333,455,470,366,172,-75,-319,-493,-554,-489,-311,-46,243,484,611,610,470,225,-84,-378,-587,-678,-622,-401,-92,229,518,688,703,568,305,-38,-376,-626,-742,-707,-522,-209,155,483,715,800,701,458,125,-249,-580,-790,-832,-697,-416,-53,313,615,793,809,668,400,52,-309,-599,-767,-772,-639,-395,-72,264,530,688,712,597,368,78,-220,-475,-636,-669,-579,-386,-126,150,400,588,686,682,567,395,193,-17,-235,-353,-475
61239,mtk,MTK 7916,860849966,rx2-tx1,512,0,0,0,0,0,0,0,0,0,0,0,0,0,0,0,0,0,0,0,0,0,0,0,0,0,0,0,0,0,0,0,0,0,0,0,0,0,0,0,0,0,0,0,0,0,0,0,0,0,0,0,0,0,0,0,0,0,0,0,0,0,0,0,0,0,0,0,0,0,0,0,0,0,0,0,0,0,0,0,0,0,0,0,0,0,0,0,0,0,0,0,0,0,0,0,0,0,0,0,0,0,0,0,0,0,0,0,0,0,0,0,0,0,0,0,0,0,0,0,0,0,0,0,0,0,0,0,0,0,0,0,0,0,0,0,0,0,0,0,0,0,0,0,0,0,0,0,0,0,0,0,0,0,0,0,0,0,0,0,0,0,0,0,0,0,0,0,0,0,0,0,0,0,0,0,0,0,0,0,0,0,0,0,0,0,0,0,0,0,0,0,0,0,0,0,0,0,0,0,0,0,0,0,0,0,0,0,0,0,0,0,0,0,0,0,0,0,0,0,0,0,0,0,0,0,0,0,0,0,0,0,0,0,0,0,0,0,0,0,0,0,0,0,0,0,0,0,0,0,0,0,0,0,0,0,0,489,-485,-476,35,38,48,57,64,66,57,37,10,-28,-73,-107,-128,-122,-101,-57,-3,60,128,173,180,168,119,31,-74,-165,-226,-254,-241,-170,-62,52,160,251,298,290,209,80,-62,-195,-293,-323,-282,-186,-41,119,254,335,346,273,139,-32,-209,-338,-393,-360,-238,-61,139,323,419,422,339,172,-41,-254,-413,-500,-461,-297,-70,171,384,512,545,449,231,-34,-301,-503,-598,-564,-404,-141,158,414,575,616,523,306,28,-264,-493,-605,-583,-433,-180,114,373,550,600,514,309,27,-260,-476,-577,-546,-395,-148,135,389,537,566,475,266,-6,-269,-482,-584,-533,-352,-108,157,385,0,538,426,221,-31,-273,-446,-502,-447,-299,-83,164,352,448,440,324,117,-109,-301,-415,-417,-316,-138,81,272,390,406,317,148,-63,-266,-401,-438,-368,-203,35,275,452,521,471,301,58,-210,-443,-581,-581,-439,-198,97,367,557,640,578,380,90,-223,-491,-645,-647,-497,-243,57,345,570,660,588,378,93,-202,-465,-621,-628,-499,-257,47,343,554,644,585,397,128,-174,-450,-622,-644,-523,-294,-5,293,530,657,644,493,241,-56,-347,-570,-663,-622,-464,-222,72,346,547,633,600,450,221,-43,-299,-499,-591,-570,-448,-241,3,239,426,553,585,535,410,230,33,-139,-286,-345,-411,0,0,0,0,0,0,0,0,0,0,0,0,0,0,0,0,0,0,0,0,0,0,0,0,0,0,0,0,0,0,0,0,0,0,0,0,0,0,0,0,0,0,0,0,0,0,0,0,0,0,0,0,0,0,0,0,0,0,0,0,0,0,0,0,0,0,0,0,0,0,0,0,0,0,0,0,0,0,0,0,0,0,0,0,0,0,0,0,0,0,0,0,0,0,0,0,0,0,0,0,0,0,0,0,0,0,0,0,0,0,0,0,0,0,0,0,0,0,0,0,0,0,0,0,0,0,0,0,0,0,0,0,0,0,0,0,0,0,0,0,0,0,0,0,0,0,0,0,0,0,0,0,0,0,0,0,0,0,0,0,0,0,0,0,0,0,0,0,0,0,0,0,0,0,0,0,0,0,0,0,0,0,0,0,0,0,0,0,0,0,0,0,0,0,0,0,0,0,0,0,0,0,0,0,0,0,0,0,0,0,0,0,0,0,0,0,0,0,0,0,0,0,0,0,0,0,0,0,0,0,0,0,0,0,0,0,0,0,0,0,0,0,0,0,0,0,0,0,0,0,0,0,0,0,0,0,-571,8,129,-33,-24,-18,-9,9,30,54,77,95,95,84,52,3,-53,-96,-129,-163,-155,-108,-50,14,102,171,211,218,181,99,-4,-114,-203,-260,-278,-234,-144,-20,111,225,297,311,254,140,-11,-165,-287,-347,-325,-233,-88,80,240,350,377,321,194,16,-175,-337,-424,-400,-296,-122,86,287,425,462,385,225,12,-212,-407,-515,-504,-371,-148,110,348,520,581,509,319,48,-233,-467,-600,-607,-466,-226,72,344,543,619,561,374,102,-199,-443,-580,-590,-475,-242,43,315,503,586,537,354,88,-194,-436,-576,-574,-441,-212,65,325,510,575,510,327,68,-214,-433,-548,-529,-390,0,88,318,484,526,440,257,17,-226,-403,-486,-452,-304,-94,132,322,431,435,328,136,-77,-262,-382,-405,-324,-153,68,261,386,414,341,169,-50,-269,-425,-488,-416,-232,4,250,466,558,512,361,120,-164,-420,-582,-617,-513,-284,15,304,536,649,614,438,163,-152,-422,-607,-655,-557,-328,-31,284,522,643,614,441,170,-133,-406,-588,-638,-539,-324,-29,269,507,629,617,471,219,-90,-378,-579,-662,-599,-409,-123,185,451,620,664,579,375,83,-220,-467,-614,-645,-544,-344,-85,196,435,572,603,524,339,93,-163,-386,-536,-586,-537,-394,-193,40,258,425,529,546,496,393,-279,-203
61240,mtk,MTK 7916,860880160,rx0-tx0,512,-330,1022,918,753,588,386,144,-109,-355,-566,-728,-822,-873,-839,-734,-588,-385,-162,70,302,511,683,790,845,846,766,636,451,234,-6,-267,-498,-691,-837,-915,-913,-847,-702,-498,-256,17,291,538,761,911,979,971,893,733,499,234,-55,-345,-600,-805,-939,-1001,-977,-876,-694,-465,-201,79,366,605,801,927,981,960,863,693,466,194,-83,-358,-608,-794,-937,-983,-963,-844,-668,-435,-166,120,388,628,810,917,950,904,776,592,354,82,-174,-422,-632,-783,-862,-867,-808,-675,-485,-264,-29,202,406,582,705,763,756,694,581,408,219,25,-183,-358,-500,-611,-665,-661,-623,-531,-388,-232,-67,-26,296,443,544,614,629,601,523,413,265,87,-96,-275,-434,-541,-624,-651,-623,-545,-424,-270,-83,103,281,448,572,646,663,631,537,400,233,43,-159,-338,-499,-604,-660,-678,-628,-528,-385,-211,-13,193,377,528,644,691,686,633,517,344,139,-75,-281,-472,-623,-714,-742,-709,-594,-427,-218,16,237,447,611,718,731,682,563,392,178,-45,-254,-429,-553,-615,-604,-541,-423,-274,-111,54,203,323,397,433,407,364,284,184,83,-21,-110,-177,-232,-256,-251,-231,-203,-149,-89,-37,18,77,114,137,157,167,155,144,108,68,17,-35,-83,-125,-148,-153,-138,-105,-49,3,52,837,977,510,398,603,202,226,213,157,74,-38,-141,-235,-297,-325,-319,-279,-198,-98,12,130,242,326,378,409,397,348,257,150,17,-131,-268,-408,-500,-576,-575,-522,-425,-274,-78,136,352,534,673,768,798,741,597,390,134,-147,-428,-683,-872,-979,-990,-916,-753,-489,-179,159,482,769,990,1119,1146,1060,865,581,236,-117,-468,-786,-1029,-1175,-1216,-1137,-945,-679,-333,43,399,726,988,1161,1220,1162,1009,764,454,116,-252,-586,-848,-1053,-1165,-1174,-1066,-882,-628,-303,42,384,679,919,1076,1142,1100,970,764,489,172,-167,-485,-760,-955,-1079,-1111,-1047,-886,-658,-368,-44,262,560,786,962,1051,1044,955,301,550,282,-14,-293,-547,-752,-904,-980,-981,-910,-762,-550,-308,-32,251,518,740,907,1011,1033,964,811,595,328,26,-281,-565,-798,-975,-1071,-1079,-986,-821,-590,-307,-1,305,585,812,984,1087,1091,1013,846,621,340,18,-306,-599,-855,-1050,-1143,-1153,-1064,-881,-627,-329,-4,336,646,908,1096,1194,1198,1100,901,628,294,-54,-399,-726,-985,-1159,-1216,-1178,-1051,-820,-524,-186,167,479,770,986,1109,1138,1069,920,702,433,122,-184,-468,-727,-908,-1019,-1041,-983,-850,-646,-393,-115,164,433,663,837,933,957,913,796,610,371,114,-143,-396,-611,-782,-888,-922,-872,-757,-586,-368,-123,125,358,-356,-120,-82,-220,-497,-457,-652,-791,-863,-863,-796,-670,-483,-270,-31,225,436,621,760,830,844,790,683,508,300,75,-167,-400,-596,-755,-853,-895,-861,-748,-588,-370,-116,146,395,630,809,924,966,916,807,628,377,103,-178,-448,-696,-871,-971,-1006,-945,-809,-599,-351,-71,214,487,714,871,965,988,926,781,585,329,63,-213,-471,-696,-870,-966,-982,-923,-774,-575,-327,-50,232,496,711,878,963,966,880,732,511,260,-19,-288,-533,-723,-867,-923,-896,-804,-638,-426,-180,65,311,526,691,786,819,787,693,547,348,130,-91,-289,-476,-611,-684,-715,-692,-601,-478,-311,-123,60,235,406,534,607,643,628,563,455,319,159,-20,-191,-348,-480,-577,-631,-631,-585,-482,-344,-190,-1,182,352,493,602,656,643,597,489,345,160,-32,-228,-405,-538,-629,-674,-655,-582,-460,-293,-121,72,266,435,568,654,685,659,566,444,274,81,-112,-314,-490,-629,-702,-721,-674,-565,-397,-193,28,253,455,605,711,740,704,591,426,207,-25,-243,-445,-590,-677,-685,-630,-508,-337,-137,62,244,391,486,528,511,448,344,221,82,-47,-154,-249,-303,-328,-321,-283,-227,-163,-85,-16,48,108,161,181,190,198,178,139,99,58,4,-40,-85,-123,-144,-160,-155,-138,-101,-52,2,53,101,125,124,112,597,354,-82,814,659,59,-23,-119,-206,-268,-290,-264,-208,-112,-9,103,210,296,344,361,345,298,209,109,-14,-145,-259,-362,-430,-481,-473,-435,-338,-207,-43,142,307,457,590,670,687,633,505,331,111,-140,-393,-611,-775,-879,-901,-837,-673,-435,-145,154,444,721,940,1057,1073,978,794,530,204,-141,-487,-796,-1036,-1163,-1182,-1096,-910,-629,-291,84,451,766,1013,1184,1221,1155,980,716,393,40,-317,-647,-922,-1099,-1188,-1181,-1043,-829,-547,-211,144,474,753,988,1133,1169,1098,935,696,392,51,-288,-582,-834,-1016,-1127,-1121,-1023,-826,-567,-268,52,373,654,871,1026,1074,1045,918,716,467,164,-144,-434,-176,-871,-982,-1020,-971,-850,-659,-415,-138,137,401,641,820,941,989,964,860,686,465,193,-108,-398,-658,-858,-1001,-1064,-1034,-913,-719,-465,-169,140,444,693,908,1035,1085,1043,915,709,463,169,-146,-449,-722,-927,-1073,-1125,-1079,-952,-758,-493,-180,143,474,758,978,1118,1182,1145,1002,775,482,158,-185,-529,-827,-1057,-1191,-1217,-1156,-990,-734,-415,-57,287,620,892,1080,1179,1165,1060,883,619,318,-12,-340,-625,-856,-1010,-1087,-1057,-964,-781,-540,-261,36,313,571,785,933,992,978,889,729,507,243,-19,-280,-525,-731,-870,-925,-921,-842,-700,-496,-257,9,265,496,689,827,898,888,817,794,882
61241,mtk,MTK 7916,860880160,rx0-tx1,512,-686,426,587,173,-12,-193,-354,-491,-582,-620,-597,-530,-423,-283,-123,43,202,336,446,509,522,507,450,370,260,128,4,-118,-232,-336,-408,-458,-474,-457,-407,-332,-226,-107,17,143,260,365,447,501,517,484,424,340,214,68,-88,-244,-388,-501,-577,-614,-602,-529,-416,-271,-99,87,268,441,569,655,684,655,579,444,268,76,-128,-322,-488,-618,-697,-717,-674,-580,-428,-250,-40,171,362,528,648,708,716,657,556,398,214,11,-198,-382,-537,-651,-705,-698,-631,-520,-368,-181,17,218,389,528,626,674,665,601,490,334,145,-46,-227,-399,-529,-614,-657,-642,-577,-458,-303,-122,61,240,-38,542,622,647,624,545,424,272,88,-98,-270,-433,-559,-632,-658,-620,-536,-406,-237,-43,158,336,494,592,654,665,609,492,343,160,-41,-230,-398,-530,-620,-649,-626,-535,-407,-250,-67,109,277,423,526,584,596,559,468,352,188,21,-148,-298,-429,-516,-551,-545,-506,-422,-291,-139,13,174,313,428,517,554,537,477,384,255,99,-77,-236,-377,-491,-552,-555,-511,-417,-288,-127,51,210,349,455,505,518,472,375,253,106,-47,-184,-309,-403,-446,-442,-397,-316,-206,-75,62,180,284,353,382,369,315,229,118,-3,-129,-228,-297,-327,-314,-253,-157,-44,73,165,212,221,185,-231,8,0,60,451,5,-67,-133,-178,-192,-182,-138,-73,-1,80,153,205,230,230,198,144,72,-3,-74,-145,-208,-241,-247,-227,-191,-127,-53,17,88,147,196,226,222,207,170,119,60,5,-54,-97,-142,-164,-165,-171,-167,-145,-120,-83,-49,-4,50,90,134,185,203,215,210,187,145,90,15,-54,-132,-188,-231,-249,-252,-231,-191,-140,-68,11,76,140,197,232,248,243,225,195,150,90,26,-45,-109,-176,-230,-266,-278,-280,-256,-205,-142,-59,29,119,209,274,323,342,330,289,224,143,37,-65,-169,-255,-326,-363,-374,-355,-302,-229,-135,-28,83,187,277,345,386,398,372,318,238,-48,17,-98,-209,-305,-377,-420,-432,-415,-358,-277,-163,-27,103,232,346,438,496,502,466,388,278,149,9,-146,-286,-411,-493,-537,-536,-490,-397,-276,-137,18,174,310,416,498,541,535,494,415,300,164,9,-148,-298,-429,-524,-578,-599,-554,-470,-347,-200,-24,151,320,470,572,641,659,617,523,395,223,27,-178,-365,-524,-648,-718,-720,-658,-545,-388,-187,24,243,433,584,704,736,718,648,503,327,126,-90,-296,-472,-610,-698,-720,-684,-596,-457,-287,-95,112,306,467,588,660,689,654,563,431,261,67,-130,-315,-474,-597,-669,-682,-637,-539,-398,-220,-25,162,344,495,597,-837,-679,9,655,520,-619,-641,-602,-517,-390,-228,-55,123,279,418,515,565,566,522,438,325,181,43,-97,-229,-338,-430,-478,-487,-463,-415,-335,-238,-124,-2,124,239,342,419,460,477,463,411,330,221,97,-46,-181,-301,-419,-507,-553,-556,-518,-439,-315,-171,-10,169,341,479,582,641,645,601,501,356,183,-11,-199,-380,-539,-648,-700,-697,-636,-522,-363,-166,47,252,435,582,677,727,702,625,496,324,129,-83,-286,-465,-604,-686,-720,-689,-598,-467,-292,-94,110,296,460,594,669,693,655,560,425,256,67,-127,-308,-465,-586,-654,-661,-626,-537,-400,-240,-52,138,320,471,583,644,648,602,634,375,201,14,-173,-346,-483,-592,-647,-643,-589,-493,-340,-170,26,215,380,521,615,663,646,577,450,285,112,-83,-280,-444,-568,-650,-663,-620,-519,-377,-206,-20,170,341,471,570,618,610,549,441,293,128,-41,-213,-358,-478,-557,-582,-564,-506,-396,-245,-77,79,231,372,480,534,550,524,450,348,207,35,-122,-268,-391,-496,-560,-557,-501,-411,-286,-121,53,223,367,474,536,541,492,404,270,114,-44,-202,-328,-419,-480,-481,-439,-357,-238,-97,46,181,292,373,417,411,365,284,168,41,-86,-197,-285,-338,-358,-328,-256,-156,-36,83,189,256,286,269,200,107,6,-81,785,807,0,-859,-731,-148,-150,-118,-57,15,92,164,205,223,211,168,101,25,-56,-128,-191,-229,-242,-227,-196,-135,-61,18,88,156,212,236,238,217,175,118,48,-25,-81,-136,-175,-192,-199,-185,-161,-134,-81,-46,-5,45,87,125,157,174,187,179,165,150,102,43,-16,-75,-135,-180,-222,-238,-234,-210,-163,-108,-38,33,108,163,210,249,254,240,209,161,98,33,-34,-93,-153,-201,-237,-256,-257,-236,-197,-140,-72,-6,65,144,208,265,301,311,305,262,193,101,0,-100,-191,-267,-327,-356,-356,-328,-266,-183,-79,24,128,222,299,360,383,379,335,267,174,73,-37,-145,-242,-324,-1135,-417,-408,-368,-300,-206,-94,27,152,266,353,430,460,460,416,340,228,92,-56,-196,-327,-427,-491,-523,-505,-451,-346,-213,-65,88,239,367,464,522,549,515,447,346,223,69,-86,-232,-363,-467,-542,-567,-547,-485,-384,-250,-104,66,237,383,500,582,618,604,552,443,296,127,-66,-254,-417,-554,-654,-695,-676,-595,-476,-305,-104,109,310,486,626,714,738,701,593,455,264,44,-158,-368,-542,-657,-726,-730,-667,-551,-395,-203,7,209,396,540,639,689,691,622,505,352,172,-16,-220,-390,-531,-629,-676,-668,-602,-493,-341,-157,44,238,409,545,640,669,648,577,447,290,-136,-520
61242,mtk,MTK 7916,860880160,rx1-tx0,512,0,-120,-295,-493,-602,-673,-686,-648,-549,-419,-249,-53,152,355,532,676,766,790,757,656,501,304,60,-192,-426,-643,-803,-911,-931,-877,-751,-545,-293,1,296,570,790,958,1042,1037,940,750,505,205,-116,-424,-700,-922,-1072,-1113,-1063,-920,-685,-399,-87,232,545,800,980,1082,1081,994,829,589,305,-4,-298,-570,-795,-955,-1034,-1035,-933,-772,-539,-279,13,314,575,783,930,995,988,888,714,493,228,-55,-327,-575,-778,-905,-955,-936,-840,-657,-425,-172,96,352,575,755,873,909,872,762,591,375,120,-141,-376,-585,-739,-820,-839,-777,-663,-490,-279,-47,177,376,542,663,732,738,680,572,-277,234,31,-164,-340,-480,-578,-639,-641,-594,-495,-378,-226,-59,104,268,409,517,582,604,571,504,392,253,96,-61,-224,-364,-481,-562,-589,-581,-516,-413,-294,-141,25,181,324,452,551,604,616,586,504,378,226,46,-137,-319,-493,-625,-704,-744,-705,-600,-444,-257,-31,223,453,646,785,868,868,781,622,396,126,-161,-441,-694,-879,-964,-954,-856,-671,-411,-119,184,472,688,837,906,880,773,588,350,88,-170,-408,-601,-723,-770,-747,-648,-497,-296,-85,130,332,496,600,638,620,540,398,241,52,-136,-298,-437,-517,-539,-501,-408,-259,-84,95,255,365,421,409,329,199,57,375,261,0,539,493,-57,-79,-92,-86,-70,-43,-7,33,77,103,127,135,130,99,66,29,-29,-74,-115,-154,-172,-162,-156,-136,-100,-46,17,79,123,184,208,222,222,201,160,90,24,-55,-123,-199,-258,-298,-313,-291,-238,-176,-79,25,132,239,315,372,403,395,348,268,151,14,-116,-270,-389,-473,-508,-485,-420,-323,-182,-25,139,291,414,499,529,516,446,341,199,36,-117,-260,-378,-467,-514,-499,-443,-351,-226,-86,58,198,309,388,428,439,412,353,262,157,43,-72,-166,-250,-313,-337,-352,-335,-302,-243,-177,-106,-27,60,140,220,294,341,375,371,350,301,206,103,-19,-147,-274,489,-455,-494,-497,-456,-372,-245,-104,61,215,365,483,560,587,571,507,385,230,55,-127,-307,-448,-563,-634,-645,-607,-512,-368,-196,-4,198,373,526,632,684,681,620,507,357,164,-34,-240,-424,-569,-659,-707,-682,-614,-493,-330,-141,63,248,421,563,655,697,691,625,501,355,175,-27,-214,-392,-560,-682,-740,-749,-687,-588,-426,-216,10,237,450,642,770,833,831,741,601,388,148,-97,-348,-566,-722,-813,-836,-787,-660,-486,-268,-38,195,416,578,694,739,735,671,551,397,215,22,-172,-335,-469,-571,-625,-635,-592,-512,-402,-256,-92,82,248,387,510,592,629,618,558,475,-2,272,0,393,278,-450,-303,-127,63,261,439,579,688,737,730,667,544,380,169,-49,-272,-482,-655,-787,-864,-844,-773,-625,-426,-177,96,356,602,803,950,1009,969,841,651,404,105,-205,-502,-755,-945,-1071,-1090,-1021,-854,-612,-309,19,336,642,886,1041,1106,1086,967,759,496,196,-122,-426,-696,-905,-1031,-1070,-1018,-886,-683,-423,-139,165,444,683,868,980,1028,982,839,640,380,103,-189,-460,-683,-853,-961,-979,-918,-786,-587,-337,-68,204,464,682,836,924,939,865,719,521,283,21,-239,-483,-670,-806,-876,-863,-783,-637,-433,-203,41,274,473,640,750,795,760,667,524,342,140,-76,-274,-445,315,-663,-693,-659,-581,-457,-311,-132,51,223,369,489,583,615,605,548,448,315,165,-2,-167,-317,-446,-533,-576,-585,-550,-464,-349,-196,-39,124,288,410,509,575,591,566,502,399,255,99,-61,-231,-393,-518,-604,-656,-651,-602,-493,-334,-159,46,270,467,624,740,812,798,703,545,337,83,-195,-457,-677,-842,-930,-923,-839,-662,-414,-121,178,461,709,871,944,932,821,628,384,102,-180,-439,-651,-787,-847,-818,-715,-540,-321,-86,154,372,546,658,695,677,596,453,270,70,-130,-316,-453,-541,-586,-554,-478,-345,-184,-6,167,321,435,485,477,396,263,107,-60,-203,-297,-321,164,324,0,-68,187,-39,-28,5,35,66,92,109,115,98,64,30,-17,-60,-102,-123,-150,-159,-139,-120,-85,-28,24,71,123,168,192,200,179,162,123,57,1,-68,-131,-195,-231,-247,-253,-234,-197,-128,-52,36,135,210,278,329,346,343,300,219,123,4,-126,-241,-343,-423,-455,-456,-403,-300,-172,-12,149,283,402,484,523,516,456,347,195,25,-138,-296,-405,-491,-518,-502,-447,-348,-224,-68,92,234,357,436,478,480,441,358,242,115,-17,-143,-250,-329,-374,-397,-379,-334,-276,-187,-101,-16,74,157,232,285,319,339,335,309,272,205,130,32,-79,-179,-286,-364,-416,-444,-431,-374,-571,-173,-39,106,249,381,474,537,550,517,443,318,164,-4,-171,-337,-476,-570,-616,-614,-546,-440,-301,-128,66,251,428,559,640,671,647,565,448,279,83,-119,-313,-475,-605,-682,-698,-660,-562,-419,-245,-47,159,342,507,628,700,709,654,568,424,248,52,-146,-340,-492,-612,-699,-721,-687,-608,-479,-293,-96,111,315,501,668,770,804,774,681,526,309,80,-175,-410,-609,-764,-835,-851,-787,-642,-440,-211,28,277,491,662,773,803,773,669,520,332,120,-90,-289,-456,-576,-655,-682,-649,-568,-454,-310,-143,34,213,361,489,574,613,613,564,480,364,212,45,-132,-296,-442,-545,-474
61243,mtk,MTK 7916,860880160,rx1-tx1,512,0,0,0,691,515,218,-141,-479,-702,-760,-648,-375,-13,349,630,768,727,510,179,-184,-497,-695,-723,-573,-288,56,374,592,665,576,342,26,-290,-529,-633,-577,-381,-81,241,489,610,583,405,124,-189,-445,-593,-598,-450,-179,131,403,592,629,498,249,-63,-368,-587,-661,-571,-339,-39,272,531,653,617,425,133,-181,-457,-610,-617,-472,-208,98,368,538,582,475,240,-47,-319,-514,-579,-492,-284,0,287,497,589,543,355,72,-239,-483,-614,-599,-442,-172,131,406,582,630,525,289,-13,-300,-521,-613,-558,-383,-116,189,434,562,570,448,214,-63,-313,-480,-533,-459,-281,-47,186,369,0,411,274,80,-120,-282,-354,-336,-238,-62,129,272,343,323,211,32,-169,-328,-398,-370,-252,-50,177,360,460,452,335,124,-132,-360,-510,-551,-451,-236,33,309,521,610,555,371,100,-204,-468,-628,-646,-509,-253,57,353,585,679,612,399,88,-240,-512,-667,-666,-519,-246,95,414,624,702,622,399,80,-266,-547,-699,-705,-554,-262,83,401,642,741,663,446,146,-191,-492,-668,-697,-582,-346,-42,261,505,634,621,478,240,-45,-312,-497,-572,-522,-360,-131,104,310,450,486,410,255,60,-142,-310,-404,-412,-342,-204,-34,129,265,347,363,316,218,96,-35,-142,-208,-239,-233,0,0,0,0,0,40,-100,-247,-384,-483,-508,-452,-317,-111,143,379,565,660,630,479,232,-81,-384,-618,-743,-720,-548,-258,97,438,695,808,748,532,196,-189,-534,-765,-839,-719,-429,-46,353,681,853,842,627,265,-148,-546,-833,-920,-803,-503,-79,376,748,956,942,713,324,-144,-583,-895,-1005,-886,-558,-97,387,778,988,973,729,312,-176,-610,-905,-990,-852,-508,-38,433,798,980,928,640,209,-270,-690,-939,-964,-755,-361,119,564,883,999,865,512,39,-450,-845,-1036,-974,-676,-216,306,772,1060,1102,876,439,-98,-633,-1032,-1186,-1081,-726,-198,378,877,1178,1196,945,484,-94,-648,-1047,-1201,-1073,0,-161,403,879,1142,1128,848,367,-199,-709,-1051,-1141,-952,-537,19,569,973,1153,1055,697,180,-388,-878,-1160,-1165,-893,-403,181,721,1104,1224,1046,634,70,-518,-973,-1203,-1155,-827,-303,286,800,1114,1169,944,503,-51,-578,-962,-1104,-977,-619,-119,403,820,1021,965,672,213,-297,-725,-961,-965,-725,-291,222,675,967,1015,821,423,-86,-585,-947,-1080,-952,-605,-117,405,835,1068,1041,781,339,-184,-661,-985,-1070,-902,-538,-57,429,803,981,927,652,239,-212,-595,-823,-851,-678,-350,48,418,674,749,639,378,31,-313,-565,-664,-587,-369,-55,272,517,622,569,366,59,-256,-505,-639,-598,0,0,0,0,0,206,507,704,731,583,297,-70,-419,-669,-774,-695,-453,-99,265,560,731,729,550,246,-113,-440,-644,-692,-579,-323,2,319,560,650,573,353,50,-264,-503,-617,-576,-395,-114,207,468,602,588,427,149,-164,-437,-599,-615,-475,-216,99,393,588,646,544,299,-18,-331,-563,-662,-598,-393,-87,238,496,636,623,459,181,-137,-404,-571,-594,-473,-229,67,336,526,581,480,260,-23,-305,-514,-589,-518,-314,-29,266,503,611,572,397,121,-181,-443,-607,-616,-479,-233,71,355,553,625,544,332,45,-247,-481,-599,-570,-410,-164,117,368,528,554,455,262,8,-243,-419,-487,-443,-289,0,154,311,389,377,259,74,-127,-280,-351,-328,-211,-41,139,298,372,338,216,35,-168,-338,-429,-407,-267,-62,167,366,486,501,387,166,-93,-346,-529,-582,-506,-320,-38,258,488,617,604,442,170,-138,-415,-597,-659,-568,-332,-24,302,554,667,634,455,163,-166,-464,-661,-696,-565,-318,11,347,601,717,670,472,168,-176,-480,-676,-726,-615,-363,-25,313,577,718,700,531,250,-79,-379,-594,-679,-613,-421,-145,157,409,568,607,516,310,48,-209,-408,-510,-503,-392,-206,15,220,378,453,423,306,137,-51,-221,-341,-393,-363,-265,-129,23,159,264,315,307,260,177,85,-6,0,0,0,0,0,346,376,345,249,98,-93,-297,-476,-582,-596,-503,-304,-42,234,486,660,712,623,402,88,-250,-549,-733,-772,-660,-407,-53,317,620,794,797,628,320,-61,-440,-723,-849,-786,-533,-155,260,619,847,888,723,383,-46,-462,-786,-934,-876,-615,-202,261,671,942,991,806,444,-24,-496,-849,-1007,-938,-653,-221,271,706,965,999,797,412,-57,-520,-862,-995,-890,-583,-138,345,745,959,934,688,272,-198,-621,-909,-985,-808,-436,45,523,878,1021,914,581,113,-385,-810,-1058,-1043,-778,-328,212,720,1063,1160,995,587,31,-516,-953,-1187,-1148,-843,-339,240,769,1120,1211,1023,609,50,-522,0,-1178,-1114,-779,-266,308,804,1096,1135,906,449,-109,-636,-1012,-1147,-1000,-614,-78,485,930,1155,1110,806,298,-289,-809,-1132,-1197,-978,-520,63,634,1063,1230,1108,740,201,-394,-890,-1169,-1173,-894,-411,156,687,1040,1131,955,567,51,-485,-888,-1055,-968,-656,-179,340,764,991,959,687,238,-262,-704,-970,-987,-762,-344,161,635,968,1064,891,510,11,-501,-898,-1080,-1018,-710,-226,307,756,1024,1066,853,435,-71,-552,-907,-1043,-924,-604,-154,322,703,914,901,677,306,-124,-511,-757,-809,-664,-376,-10,352,607,700,617,375,47,-280,-531,-632,-562,-351,-47,271,514,622,573,371,73,-244,0,0
61244,mtk,MTK 7916,860880160,rx2-tx0,512,0,0,0,1088,743,211,-391,-918,-1230,-1257,-986,-464,178,782,1207,1359,1193,733,96,-563,-1094,-1373,-1331,-966,-371,320,930,1317,1392,1133,602,-78,-737,-1218,-1400,-1248,-802,-157,532,1081,1365,1323,959,362,-325,-927,-1292,-1349,-1075,-538,122,748,1196,1348,1161,689,58,-587,-1084,-1312,-1220,-827,-239,400,938,1231,1215,904,370,-245,-794,-1144,-1192,-941,-460,129,681,1056,1159,968,529,-46,-598,-1002,-1152,-1000,-596,-39,537,971,1164,1062,686,133,-468,-957,-1207,-1159,-818,-266,352,893,1225,1262,990,464,-184,-791,-1210,-1344,-1148,-678,-36,627,1135,1372,1285,889,274,-415,-1006,-1357,-1382,-1078,-518,170,817,1265,0,1238,748,83,-597,-1137,-1406,-1334,-947,-326,381,986,1357,1408,1123,562,-143,-813,-1293,-1461,-1288,-810,-131,590,1177,1489,1443,1050,414,-321,-990,-1436,-1540,-1280,-723,11,747,1305,1563,1464,1017,316,-453,-1115,-1521,-1572,-1256,-648,111,838,1371,1590,1439,953,252,-504,-1130,-1499,-1527,-1194,-585,153,842,1335,1522,1362,881,204,-506,-1094,-1432,-1436,-1124,-554,134,783,1254,1433,1292,872,263,-396,-951,-1282,-1328,-1083,-612,-24,557,999,1199,1138,834,364,-160,-631,-954,-1061,-930,-608,-179,270,646,867,897,730,419,45,-319,-610,-763,-753,-602,-344,-36,268,500,626,634,537,362,148,-64,-235,-340,-377,0,0,0,0,0,384,318,186,-4,-228,-448,-617,-694,-648,-480,-209,120,446,703,837,811,615,278,-132,-525,-821,-957,-898,-638,-228,244,675,974,1068,937,593,98,-434,-884,-1156,-1167,-921,-468,103,668,1096,1290,1188,825,273,-359,-917,-1271,-1349,-1130,-644,3,654,1155,1403,1339,963,365,-313,-929,-1340,-1440,-1210,-703,-47,615,1143,1418,1352,981,393,-271,-867,-1254,-1338,-1129,-654,-28,583,1047,1264,1172,800,250,-347,-846,-1131,-1142,-881,-417,145,663,1004,1089,906,497,-27,-534,-912,-1057,-936,-588,-88,437,854,1056,997,688,204,-339,-804,-1072,-1080,-825,-362,193,714,1061,1155,970,548,-7,-564,-995,-1184,0,-718,-181,403,900,1184,1175,882,372,-228,-779,-1148,-1237,-1017,-549,55,657,1098,1281,1147,732,136,-496,-1020,-1309,-1282,-934,-357,303,902,1287,1366,1120,601,-70,-721,-1201,-1398,-1259,-817,-187,494,1053,1357,1330,988,409,-257,-856,-1246,-1329,-1094,-602,44,671,1119,1286,1140,722,132,-490,-979,-1219,-1158,-814,-269,331,845,1141,1151,875,388,-184,-705,-1048,-1128,-928,-507,37,569,946,1083,957,591,88,-425,-827,-1013,-944,-642,-189,301,706,916,891,638,232,-221,-611,-839,-843,-628,-244,196,581,819,839,634,260,-182,-586,-845,-882,-688,-316,152,589,876,947,778,402,-88,-572,-922,-1052,-922,0,0,0,0,0,467,937,1196,1172,872,346,-289,-862,-1231,-1320,-1100,-610,38,674,1158,1379,1270,857,234,-446,-1021,-1361,-1372,-1058,-492,189,834,1277,1407,1200,703,43,-633,-1152,-1393,-1295,-883,-258,423,1000,1333,1332,1013,447,-228,-841,-1248,-1355,-1131,-626,31,673,1144,1331,1192,761,150,-491,-1006,-1274,-1220,-864,-301,324,862,1183,1209,926,427,-179,-734,-1094,-1174,-960,-504,75,627,1016,1148,979,558,-6,-571,-989,-1158,-1034,-640,-80,501,962,1178,1102,744,187,-421,-932,-1220,-1211,-900,-364,274,855,1231,1307,1067,563,-85,-719,-1188,-1364,-1212,-779,-153,519,1072,1369,1343,989,400,-281,-905,-1324,-1419,-1167,-640,0,712,1209,1414,1285,848,205,-491,-1068,-1388,-1378,-1038,-446,252,900,1336,1447,1204,674,-17,-711,-1244,-1479,-1366,-928,-264,468,1094,1470,1494,1166,559,-181,-883,-1383,-1564,-1386,-878,-158,594,1212,1556,1529,1131,480,-275,-972,-1448,-1590,-1357,-811,-80,669,1266,1565,1498,1085,430,-320,-1000,-1440,-1536,-1283,-740,-29,694,1239,1489,1405,1005,381,-332,-961,-1360,-1455,-1220,-718,-62,597,1108,1373,1328,986,438,-192,-763,-1144,-1273,-1126,-740,-202,357,820,1098,1129,908,501,15,-448,-805,-974,-926,-690,-315,104,480,739,836,754,521,197,-149,-450,-649,-713,-640,-460,-205,63,298,463,536,517,425,289,135,0,0,0,0,0,177,346,479,554,550,446,245,-21,-311,-570,-736,-779,-671,-428,-87,292,633,849,896,758,465,57,-383,-757,-981,-999,-796,-410,79,571,948,1125,1061,758,275,-280,-796,-1145,-1244,-1073,-651,-70,536,1028,1299,1289,991,467,-175,-790,-1226,-1382,-1232,-811,-195,483,1053,1381,1397,1093,541,-133,-782,-1257,-1436,-1286,-853,-232,443,1018,1346,1363,1066,541,-106,-722,-1158,-1313,-1162,-746,-156,455,942,1199,1162,857,349,-231,-746,-1062,-1114,-898,-461,86,593,945,1069,923,541,28,-488,-883,-1057,-964,-629,-130,401,830,1065,1039,749,273,-269,-756,-1073,-1130,-905,-457,103,642,1033,1178,1038,643,84,0,-965,-1188,-1134,-806,-280,315,838,1165,1209,954,463,-148,-725,-1127,-1253,-1079,-639,-35,583,1070,1302,1220,833,242,-409,-968,-1311,-1332,-1026,-484,180,815,1260,1394,1200,720,62,-616,-1140,-1387,-1306,-915,-306,375,959,1303,1340,1057,517,-146,-762,-1180,-1309,-1123,-662,-51,567,1038,1253,1156,771,198,-410,-907,-1178,-1160,-851,-339,252,780,1109,1148,910,454,-114,-642,-1000,-1113,-948,-546,-22,491,881,1053,953,623,148,-362,-761,-961,-920,-652,-220,258,652,873,872,633,236,-211,-595,-822,-835,-626,-253,189,582,821,841,644,281,-167,-588,-861,-914,-726,-348,125,584,905,997,845,474,-35,-539,0,0
61245,mtk,MTK 7916,860880160,rx2-tx1,512,0,0,0,-611,-68,505,957,1193,1146,814,286,-313,-840,-1163,-1224,-996,-528,70,656,1079,1241,1114,727,164,-432,-918,-1183,-1163,-863,-366,217,739,1079,1153,938,509,-22,-557,-947,-1090,-967,-605,-93,421,821,1016,946,637,169,-339,-759,-985,-955,-679,-228,277,723,992,1005,758,327,-193,-667,-978,-1042,-838,-432,84,597,958,1079,933,537,13,-509,-916,-1104,-1010,-658,-138,422,893,1140,1100,794,277,-316,-842,-1182,-1231,-970,-487,116,718,1160,1325,1167,743,136,-514,-1043,-1338,-1317,-988,-436,230,843,1245,1359,1166,699,67,-573,-1071,-1318,-1264,-914,-359,265,825,1183,1259,1047,602,24,-550,-966,-1145,0,-726,-249,281,725,978,991,762,357,-122,-555,-835,-895,-734,-396,30,439,731,834,725,431,29,-375,-687,-817,-738,-476,-87,328,652,811,755,499,110,-313,-673,-869,-854,-613,-211,260,694,968,1004,799,398,-123,-639,-1016,-1171,-1057,-681,-137,460,967,1253,1259,979,471,-157,-759,-1198,-1368,-1227,-813,-203,466,1023,1362,1402,1136,623,-32,-685,-1185,-1443,-1381,-1019,-443,223,832,1254,1403,1255,854,282,-336,-857,-1187,-1265,-1074,-659,-125,402,821,1050,1055,842,465,5,-422,-738,-895,-852,-633,-295,86,426,664,755,692,497,217,-95,-367,-556,-636,-594,-453,-255,-34,167,315,397,408,350,0,0,0,0,0,-130,37,233,431,590,659,620,473,241,-49,-349,-590,-730,-737,-590,-326,6,344,620,776,764,583,279,-85,-439,-712,-825,-743,-499,-147,248,596,818,859,706,377,-48,-468,-782,-927,-868,-608,-194,262,665,922,973,810,456,-17,-489,-849,-1018,-950,-666,-223,279,721,995,1037,837,439,-60,-550,-909,-1057,-960,-640,-168,346,783,1028,1024,797,376,-136,-604,-929,-1034,-892,-536,-53,438,824,1015,966,679,234,-265,-698,-961,-995,-793,-398,90,556,903,1027,898,564,94,-399,-799,-1007,-981,-720,-288,207,649,936,994,822,455,-18,-483,-828,-971,-875,-578,-148,320,712,926,910,678,0,-192,-601,-854,-911,-755,-412,31,468,780,898,797,499,84,-343,-684,-843,-785,-534,-144,280,627,818,804,579,202,-233,-621,-854,-869,-670,-295,170,606,891,964,803,442,-35,-515,-876,-1026,-927,-601,-129,371,789,1015,997,733,285,-230,-685,-977,-1028,-812,-393,112,589,924,1027,875,505,-4,-517,-890,-1042,-943,-603,-111,416,846,1065,1025,733,246,-303,-776,-1072,-1103,-854,-389,167,686,1056,1166,985,567,11,-558,-991,-1188,-1106,-756,-216,377,877,1166,1173,901,416,-160,-696,-1060,-1175,-1007,-590,-39,514,940,1134,1055,707,195,-354,-817,-1082,-1079,-807,-333,224,715,1036,1108,897,463,0,0,0,0,0,-988,-1159,-1065,-711,-172,418,909,1188,1184,903,410,-188,-749,-1131,-1242,-1062,-634,-51,542,1000,1223,1155,808,274,-320,-832,-1137,-1169,-921,-456,111,643,1016,1133,966,570,48,-478,-886,-1057,-957,-624,-139,381,790,1004,958,661,209,-305,-745,-983,-972,-712,-273,239,699,988,1024,807,379,-149,-640,-972,-1064,-893,-496,31,549,937,1088,960,594,81,-463,-903,-1110,-1045,-720,-208,381,877,1156,1159,888,389,-225,-794,-1179,-1285,-1085,-610,11,629,1115,1342,1256,876,286,-367,-945,-1307,-1356,-1084,-561,85,702,1159,1358,1227,807,215,-416,-946,-1256,-1275,-994,-486,118,678,1079,1224,1072,678,151,0,-839,-1064,-1032,-758,-314,188,629,906,945,751,382,-63,-478,-773,-863,-732,-414,-1,407,709,823,723,444,55,-347,-667,-805,-738,-481,-101,320,658,833,790,544,155,-296,-691,-918,-919,-693,-282,218,685,1001,1080,914,527,-13,-569,-1007,-1221,-1160,-831,-299,316,875,1244,1323,1102,633,15,-618,-1122,-1378,-1332,-990,-420,252,873,1300,1439,1265,826,204,-464,-1033,-1365,-1414,-1165,-656,-21,592,1082,1333,1290,986,495,-85,-626,-1014,-1181,-1087,-772,-313,188,621,905,988,858,553,159,-252,-588,-786,-811,-676,-409,-67,266,526,674,682,566,354,87,-174,-383,-510,-542,-484,-361,-202,-47,94,0,0,0,0,0,-457,-527,-515,-418,-240,0,264,501,665,719,647,447,152,-172,-466,-682,-765,-684,-464,-146,216,539,746,793,675,407,37,-351,-663,-829,-808,-603,-267,148,543,810,902,793,491,73,-367,-733,-933,-927,-707,-318,145,582,897,1005,882,555,93,-390,-792,-1014,-1001,-751,-334,171,643,959,1041,889,533,52,-442,-844,-1044,-995,-719,-277,246,696,972,1032,848,463,-24,-509,-871,-1025,-930,-616,-148,355,765,996,985,732,310,-183,-644,-941,-1018,-856,-485,-2,484,862,1025,950,651,199,-305,-731,-981,-1003,-787,-378,119,569,880,991,861,520,65,-399,-771,-960,-908,-634,-219,244,652,0,921,728,351,-109,-534,-823,-911,-781,-460,-31,400,729,870,794,524,125,-307,-656,-825,-785,-559,-183,252,619,826,821,610,241,-211,-617,-870,-917,-739,-360,113,563,885,1006,880,526,43,-450,-844,-1038,-974,-672,-209,302,740,1002,1017,779,344,-173,-642,-957,-1032,-843,-448,51,543,906,1039,908,551,59,-457,-861,-1051,-979,-662,-174,365,814,1064,1063,791,310,-243,-743,-1070,-1138,-921,-480,83,630,1031,1185,1058,668,110,-464,-935,-1191,-1150,-840,-333,260,784,1120,1184,956,502,-57,-603,-1001,-1157,-1030,-655,-118,435,874,1105,1063,757,255,-303,-776,-1057,-1082,-842,-397,155,671,1012,0,0
61246,mtk,MTK 7916,860882986,rx0-tx0,512,0,0,0,0,0,0,0,0,0,0,0,0,0,0,0,0,0,0,0,0,0,0,0,0,0,0,0,0,0,0,0,0,0,0,0,0,0,0,0,0,0,0,0,0,0,0,0,0,0,0,0,0,0,0,0,0,0,0,0,0,0,0,0,0,0,0,0,0,0,0,0,0,0,0,0,0,0,0,0,0,0,0,0,0,0,0,0,0,0,0,0,0,0,0,0,0,0,0,0,0,0,0,0,0,0,0,0,0,0,0,0,0,0,0,0,0,0,0,0,0,0,0,0,0,0,0,0,0,0,0,0,0,0,0,0,0,0,0,0,0,0,0,0,0,0,0,0,0,0,0,0,0,0,0,0,0,0,0,0,0,0,0,0,0,0,0,0,0,0,0,0,0,0,0,0,0,0,0,0,0,0,0,0,0,0,0,0,0,0,0,0,0,0,0,0,0,0,0,0,0,0,0,0,0,0,0,0,0,0,0,0,0,0,0,0,0,0,0,0,0,0,0,0,0,0,0,0,0,0,0,0,0,0,0,0,0,0,0,0,0,0,0,0,0,0,0,0,0,0,0,0,0,0,0,0,0,-26,296,443,151,29,-140,-301,-409,-444,-405,-302,-161,7,175,332,456,535,566,537,453,322,148,-54,-259,-469,-636,-743,-793,-763,-651,-465,-230,43,331,586,799,950,1003,969,841,648,374,61,-250,-559,-822,-997,-1096,-1107,-1020,-855,-618,-321,-11,304,601,842,1011,1114,1132,1055,897,679,409,111,-195,-488,-746,-946,-1088,-1149,-1132,-1028,-846,-589,-301,9,328,614,862,1052,1163,1193,1134,991,762,485,169,-166,-472,-762,-1002,-1143,-1208,-1187,-1074,-888,-635,-326,-1,309,599,843,1013,1112,1134,1085,941,741,498,216,-70,-355,-586,-791,-945,-1030,-1049,-987,-867,-692,-476,-228,33,304,544,745,909,-330,1039,1000,892,731,524,268,-4,-277,-550,-784,-944,-1065,-1103,-1070,-969,-788,-546,-273,22,323,608,859,1041,1159,1203,1157,1025,818,540,221,-114,-452,-763,-1019,-1203,-1298,-1292,-1195,-1004,-743,-413,-43,311,645,939,1143,1273,1313,1254,1090,851,544,204,-147,-489,-786,-1028,-1193,-1265,-1249,-1136,-937,-677,-365,-5,330,637,902,1093,1205,1210,1129,961,717,417,87,-242,-548,-811,-1013,-1122,-1162,-1090,-925,-709,-423,-94,225,535,784,974,1068,1070,998,830,602,307,-5,-306,-579,-798,-935,-993,-960,-833,-634,-387,-103,192,464,689,848,923,909,798,604,328,-4,-345,-649,-866,-947,-855,-592,-277,-232,-67,0,0,0,0,0,0,0,0,0,0,0,0,0,0,0,0,0,0,0,0,0,0,0,0,0,0,0,0,0,0,0,0,0,0,0,0,0,0,0,0,0,0,0,0,0,0,0,0,0,0,0,0,0,0,0,0,0,0,0,0,0,0,0,0,0,0,0,0,0,0,0,0,0,0,0,0,0,0,0,0,0,0,0,0,0,0,0,0,0,0,0,0,0,0,0,0,0,0,0,0,0,0,0,0,0,0,0,0,0,0,0,0,0,0,0,0,0,0,0,0,0,0,0,0,0,0,0,0,0,0,0,0,0,0,0,0,0,0,0,0,0,0,0,0,0,0,0,0,0,0,0,0,0,0,0,0,0,0,0,0,0,0,0,0,0,0,0,0,0,0,0,0,0,0,0,0,0,0,0,0,0,0,0,0,0,0,0,0,0,0,0,0,0,0,0,0,0,0,0,0,0,0,0,0,0,0,0,0,0,0,0,0,0,0,0,0,0,0,0,0,0,0,0,0,0,0,0,0,0,0,0,0,0,0,0,0,0,0,0,0,0,0,0,0,0,0,0,0,0,0,0,0,0,0,0,0,628,563,455,-259,-339,-350,-274,-127,46,218,358,453,496,476,400,281,127,-43,-223,-390,-528,-628,-663,-641,-550,-385,-182,55,309,545,736,862,917,878,750,560,298,-4,-312,-596,-836,-1003,-1066,-1052,-947,-748,-481,-185,135,450,727,954,1087,1123,1087,959,756,505,208,-106,-418,-684,-905,-1059,-1133,-1118,-1021,-847,-624,-353,-49,261,558,814,1006,1124,1173,1128,998,809,549,246,-72,-391,-686,-934,-1109,-1207,-1208,-1123,-968,-712,-412,-91,240,548,818,1030,1158,1189,1134,1006,803,545,263,-35,-339,-613,-821,-983,-1072,-1086,-1017,-879,-709,-470,-209,63,325,556,756,900,999,1028,991,872,710,500,-82,-8,-284,-531,-742,-919,-1029,-1067,-1035,-939,-753,-534,-280,15,296,576,819,996,1106,1144,1105,990,797,543,263,-54,-368,-676,-933,-1128,-1234,-1261,-1197,-1041,-795,-497,-150,205,547,850,1102,1272,1332,1283,1155,928,633,305,-55,-407,-731,-993,-1183,-1276,-1284,-1192,-1007,-758,-446,-117,223,554,841,1063,1210,1251,1189,1047,828,547,223,-114,-434,-727,-967,-1127,-1194,-1164,-1041,-845,-575,-273,57,390,672,890,1057,1119,1098,982,785,527,216,-91,-403,-674,-878,-1007,-1034,-981,-848,-627,-354,-63,238,505,717,870,943,927,818,632,387,102,-198,-481,-726,-902,-961,-901,-707,-405,-30,350,650,782,607,643
61247,mtk,MTK 7916,860882986,rx0-tx1,512,0,0,0,0,0,0,0,0,0,0,0,0,0,0,0,0,0,0,0,0,0,0,0,0,0,0,0,0,0,0,0,0,0,0,0,0,0,0,0,0,0,0,0,0,0,0,0,0,0,0,0,0,0,0,0,0,0,0,0,0,0,0,0,0,0,0,0,0,0,0,0,0,0,0,0,0,0,0,0,0,0,0,0,0,0,0,0,0,0,0,0,0,0,0,0,0,0,0,0,0,0,0,0,0,0,0,0,0,0,0,0,0,0,0,0,0,0,0,0,0,0,0,0,0,0,0,0,0,0,0,0,0,0,0,0,0,0,0,0,0,0,0,0,0,0,0,0,0,0,0,0,0,0,0,0,0,0,0,0,0,0,0,0,0,0,0,0,0,0,0,0,0,0,0,0,0,0,0,0,0,0,0,0,0,0,0,0,0,0,0,0,0,0,0,0,0,0,0,0,0,0,0,0,0,0,0,0,0,0,0,0,0,0,0,0,0,0,0,0,0,0,0,0,0,0,0,0,0,0,0,0,0,0,0,0,0,0,0,0,0,0,0,0,0,0,0,0,0,0,0,0,0,0,0,0,0,301,550,282,223,381,465,431,295,86,-148,-366,-522,-615,-642,-567,-432,-243,-7,244,469,654,787,842,785,650,424,138,-171,-471,-727,-917,-1000,-988,-870,-656,-389,-84,230,518,748,914,981,960,871,702,472,212,-50,-295,-529,-724,-839,-900,-905,-828,-700,-521,-300,-66,186,418,613,768,872,912,879,778,620,426,191,-60,-312,-537,-726,-865,-921,-922,-853,-725,-558,-321,-67,188,423,633,793,879,925,904,794,635,445,217,-13,-245,-472,-660,-801,-877,-877,-834,-729,-566,-379,-152,90,301,512,679,795,867,873,807,688,535,320,89,-142,-365,-557,-708,-825,-869,-841,-777,-645,-474,-274,510,207,445,641,776,866,894,860,755,590,379,142,-92,-328,-546,-719,-828,-881,-878,-809,-675,-494,-283,-35,201,423,627,782,864,886,848,740,568,363,132,-113,-340,-535,-686,-783,-822,-811,-718,-576,-405,-194,25,234,425,587,697,744,743,682,568,412,224,22,-184,-370,-501,-597,-649,-643,-597,-479,-340,-176,-1,151,283,396,472,503,492,446,365,259,136,20,-90,-191,-274,-337,-360,-360,-341,-276,-199,-115,-32,54,134,195,235,255,253,236,202,142,93,42,-23,-79,-126,-157,-177,-186,-178,-147,-124,-78,-30,19,66,107,143,154,158,153,123,75,12,-44,-100,-132,1044,955,0,0,0,0,0,0,0,0,0,0,0,0,0,0,0,0,0,0,0,0,0,0,0,0,0,0,0,0,0,0,0,0,0,0,0,0,0,0,0,0,0,0,0,0,0,0,0,0,0,0,0,0,0,0,0,0,0,0,0,0,0,0,0,0,0,0,0,0,0,0,0,0,0,0,0,0,0,0,0,0,0,0,0,0,0,0,0,0,0,0,0,0,0,0,0,0,0,0,0,0,0,0,0,0,0,0,0,0,0,0,0,0,0,0,0,0,0,0,0,0,0,0,0,0,0,0,0,0,0,0,0,0,0,0,0,0,0,0,0,0,0,0,0,0,0,0,0,0,0,0,0,0,0,0,0,0,0,0,0,0,0,0,0,0,0,0,0,0,0,0,0,0,0,0,0,0,0,0,0,0,0,0,0,0,0,0,0,0,0,0,0,0,0,0,0,0,0,0,0,0,0,0,0,0,0,0,0,0,0,0,0,0,0,0,0,0,0,0,0,0,0,0,0,0,0,0,0,0,0,0,0,0,0,0,0,0,0,0,0,0,0,0,0,0,0,0,0,0,0,0,0,0,0,0,0,0,-176,-871,-982,281,168,-40,-264,-450,-557,-564,-478,-312,-114,119,352,528,661,733,706,605,436,204,-74,-354,-606,-809,-922,-933,-842,-660,-393,-90,226,528,774,937,1009,986,866,672,418,115,-170,-434,-663,-824,-912,-932,-880,-765,-575,-355,-122,127,366,571,738,851,899,885,792,650,460,237,-7,-252,-477,-666,-808,-902,-923,-872,-760,-593,-370,-127,123,373,581,760,882,926,909,825,688,481,261,30,-237,-466,-645,-786,-869,-884,-851,-757,-598,-411,-175,57,276,491,653,783,864,866,818,716,554,354,131,-112,-341,-529,-696,-818,-868,-858,-783,-658,-493,-298,-55,169,389,591,736,842,-82,874,772,625,430,213,-33,-273,-499,-685,-824,-886,-891,-837,-718,-544,-329,-104,142,379,579,735,844,888,864,776,639,435,202,-39,-278,-501,-670,-783,-847,-850,-780,-651,-479,-272,-53,167,389,555,689,772,788,746,659,520,321,115,-100,-304,-479,-613,-693,-713,-686,-589,-451,-290,-103,71,247,394,492,572,587,554,477,372,230,83,-61,-191,-300,-375,-415,-421,-406,-360,-283,-185,-81,6,110,202,266,305,320,311,270,211,140,70,-3,-68,-127,-172,-185,-208,-210,-187,-156,-112,-66,-12,48,90,126,156,163,165,148,127,84,37,-13,-69,-118,-151,-157,-146,-119,-65,-144,-434
61248,mtk,MTK 7916,860882986,rx1-tx0,512,0,0,0,0,0,0,0,0,0,0,0,0,0,0,0,0,0,0,0,0,0,0,0,0,0,0,0,0,0,0,0,0,0,0,0,0,0,0,0,0,0,0,0,0,0,0,0,0,0,0,0,0,0,0,0,0,0,0,0,0,0,0,0,0,0,0,0,0,0,0,0,0,0,0,0,0,0,0,0,0,0,0,0,0,0,0,0,0,0,0,0,0,0,0,0,0,0,0,0,0,0,0,0,0,0,0,0,0,0,0,0,0,0,0,0,0,0,0,0,0,0,0,0,0,0,0,0,0,0,0,0,0,0,0,0,0,0,0,0,0,0,0,0,0,0,0,0,0,0,0,0,0,0,0,0,0,0,0,0,0,0,0,0,0,0,0,0,0,0,0,0,0,0,0,0,0,0,0,0,0,0,0,0,0,0,0,0,0,0,0,0,0,0,0,0,0,0,0,0,0,0,0,0,0,0,0,0,0,0,0,0,0,0,0,0,0,0,0,0,0,0,0,0,0,0,0,0,0,0,0,0,0,0,0,0,0,0,0,0,0,0,0,0,0,0,0,0,0,0,0,0,0,0,0,0,0,-38,542,622,199,211,168,80,-42,-157,-247,-312,-323,-299,-244,-151,-49,74,190,286,361,402,404,372,302,195,60,-78,-217,-338,-440,-501,-523,-490,-417,-313,-183,-22,137,279,422,538,600,617,583,503,392,233,60,-129,-321,-478,-620,-711,-749,-723,-651,-518,-346,-152,81,309,525,687,811,872,867,794,643,448,224,-16,-279,-539,-731,-872,-952,-961,-882,-745,-559,-318,-55,219,481,693,852,953,988,934,806,632,413,161,-97,-347,-572,-753,-875,-939,-922,-840,-710,-523,-297,-64,184,423,618,771,855,888,862,769,619,429,201,-38,-249,-448,-629,-751,-820,-828,-777,-687,-536,-343,-140,-686,276,461,597,695,751,748,700,610,478,319,130,-48,-236,-390,-533,-632,-680,-708,-660,-564,-451,-321,-157,27,205,361,498,599,665,683,657,593,486,352,190,19,-142,-311,-460,-578,-663,-707,-698,-634,-542,-395,-229,-32,163,347,516,638,726,760,744,659,534,374,178,-30,-216,-417,-585,-699,-769,-767,-711,-616,-476,-293,-89,125,329,509,646,738,779,767,679,547,374,160,-58,-279,-476,-642,-750,-803,-795,-705,-560,-360,-129,120,358,556,707,788,796,717,581,386,163,-63,-293,-483,-613,-688,-686,-620,-500,-330,-137,67,264,429,546,610,597,509,346,122,-106,-301,-410,61,240,0,0,0,0,0,0,0,0,0,0,0,0,0,0,0,0,0,0,0,0,0,0,0,0,0,0,0,0,0,0,0,0,0,0,0,0,0,0,0,0,0,0,0,0,0,0,0,0,0,0,0,0,0,0,0,0,0,0,0,0,0,0,0,0,0,0,0,0,0,0,0,0,0,0,0,0,0,0,0,0,0,0,0,0,0,0,0,0,0,0,0,0,0,0,0,0,0,0,0,0,0,0,0,0,0,0,0,0,0,0,0,0,0,0,0,0,0,0,0,0,0,0,0,0,0,0,0,0,0,0,0,0,0,0,0,0,0,0,0,0,0,0,0,0,0,0,0,0,0,0,0,0,0,0,0,0,0,0,0,0,0,0,0,0,0,0,0,0,0,0,0,0,0,0,0,0,0,0,0,0,0,0,0,0,0,0,0,0,0,0,0,0,0,0,0,0,0,0,0,0,0,0,0,0,0,0,0,0,0,0,0,0,0,0,0,0,0,0,0,0,0,0,0,0,0,0,0,0,0,0,0,0,0,0,0,0,0,0,0,0,0,0,0,0,0,0,0,0,0,0,0,0,0,0,0,0,634,375,201,13,-83,-185,-263,-290,-258,-186,-83,37,144,241,310,351,357,327,259,168,49,-81,-207,-328,-414,-457,-460,-421,-351,-241,-106,43,199,332,444,531,568,550,499,410,272,109,-62,-228,-378,-515,-617,-666,-671,-613,-513,-377,-194,8,212,408,583,703,785,812,772,664,502,302,73,-172,-421,-632,-788,-882,-924,-907,-795,-610,-391,-145,130,397,614,805,921,970,956,863,695,482,233,-38,-308,-539,-721,-870,-941,-954,-891,-764,-578,-352,-107,156,391,601,765,863,915,901,813,666,473,251,14,-225,-449,-631,-765,-848,-855,-814,-724,-574,-380,-169,58,260,453,616,728,780,9,749,635,494,325,128,-78,-262,-437,-572,-677,-724,-724,-687,-595,-473,-297,-130,52,240,388,501,604,675,690,647,573,462,326,161,-13,-190,-342,-470,-573,-649,-683,-673,-622,-513,-378,-219,-38,154,322,477,603,688,736,717,666,545,392,209,12,-184,-375,-535,-666,-755,-761,-736,-661,-521,-349,-145,72,274,451,602,717,769,768,704,588,434,245,34,-194,-404,-569,-697,-776,-793,-748,-642,-478,-272,-53,185,408,591,729,800,804,731,593,396,162,-89,-324,-518,-667,-740,-746,-688,-543,-363,-154,66,263,435,567,636,643,576,448,281,86,-125,-329,-494,-579,-555,-431,-266,648,602
61249,mtk,MTK 7916,860882986,rx1-tx1,512,0,0,0,0,0,0,0,0,0,0,0,0,0,0,0,0,0,0,0,0,0,0,0,0,0,0,0,0,0,0,0,0,0,0,0,0,0,0,0,0,0,0,0,0,0,0,0,0,0,0,0,0,0,0,0,0,0,0,0,0,0,0,0,0,0,0,0,0,0,0,0,0,0,0,0,0,0,0,0,0,0,0,0,0,0,0,0,0,0,0,0,0,0,0,0,0,0,0,0,0,0,0,0,0,0,0,0,0,0,0,0,0,0,0,0,0,0,0,0,0,0,0,0,0,0,0,0,0,0,0,0,0,0,0,0,0,0,0,0,0,0,0,0,0,0,0,0,0,0,0,0,0,0,0,0,0,0,0,0,0,0,0,0,0,0,0,0,0,0,0,0,0,0,0,0,0,0,0,0,0,0,0,0,0,0,0,0,0,0,0,0,0,0,0,0,0,0,0,0,0,0,0,0,0,0,0,0,0,0,0,0,0,0,0,0,0,0,0,0,0,0,0,0,0,0,0,0,0,0,0,0,0,0,0,0,0,0,0,0,0,0,0,0,0,0,0,0,0,0,0,0,0,0,0,0,0,-48,17,-98,145,166,165,139,87,8,-84,-170,-232,-256,-237,-166,-56,74,198,288,329,300,197,39,-133,-288,-395,-419,-350,-194,11,221,390,483,472,349,143,-106,-338,-496,-544,-466,-278,-17,254,471,580,548,376,106,-196,-450,-592,-600,-463,-200,117,404,601,649,528,276,-46,-374,-603,-683,-595,-350,-16,323,592,719,656,429,84,-284,-584,-741,-720,-510,-163,219,551,749,763,573,245,-143,-498,-733,-785,-631,-318,71,441,700,771,643,354,-26,-403,-683,-792,-684,-397,-11,374,662,774,686,420,50,-338,-644,-780,-719,-473,-98,308,641,805,762,518,141,-277,-624,-820,-813,-603,0,219,588,812,841,655,294,-144,-536,-796,-863,-710,-367,72,483,766,859,736,427,4,-419,-736,-859,-758,-459,-51,375,710,864,796,527,126,-305,-664,-852,-824,-576,-196,221,598,826,831,630,271,-162,-533,-758,-809,-668,-341,64,447,718,803,681,402,32,-359,-658,-779,-700,-460,-109,262,557,712,685,488,184,-156,-456,-632,-645,-507,-253,62,349,541,593,497,282,8,-261,-464,-548,-487,-315,-76,178,383,489,468,343,135,-102,-315,-444,-464,-367,-198,11,223,377,436,398,275,91,-118,-288,-384,-399,-327,-187,-14,159,306,386,393,321,189,31,-122,-242,-324,-348,-313,318,238,0,0,0,0,0,0,0,0,0,0,0,0,0,0,0,0,0,0,0,0,0,0,0,0,0,0,0,0,0,0,0,0,0,0,0,0,0,0,0,0,0,0,0,0,0,0,0,0,0,0,0,0,0,0,0,0,0,0,0,0,0,0,0,0,0,0,0,0,0,0,0,0,0,0,0,0,0,0,0,0,0,0,0,0,0,0,0,0,0,0,0,0,0,0,0,0,0,0,0,0,0,0,0,0,0,0,0,0,0,0,0,0,0,0,0,0,0,0,0,0,0,0,0,0,0,0,0,0,0,0,0,0,0,0,0,0,0,0,0,0,0,0,0,0,0,0,0,0,0,0,0,0,0,0,0,0,0,0,0,0,0,0,0,0,0,0,0,0,0,0,0,0,0,0,0,0,0,0,0,0,0,0,0,0,0,0,0,0,0,0,0,0,0,0,0,0,0,0,0,0,0,0,0,0,0,0,0,0,0,0,0,0,0,0,0,0,0,0,0,0,0,0,0,0,0,0,0,0,0,0,0,0,0,0,0,0,0,0,0,0,0,0,0,0,0,0,0,0,0,0,0,0,0,0,0,0,-1135,-417,-408,-29,25,80,138,193,223,219,175,99,-7,-125,-220,-277,-277,-231,-125,21,170,295,365,356,270,122,-74,-267,-402,-459,-423,-279,-65,165,373,504,520,419,213,-46,-301,-489,-570,-515,-332,-69,215,451,579,561,416,162,-144,-416,-588,-624,-496,-236,82,388,600,664,552,308,-14,-350,-614,-711,-630,-396,-57,304,598,743,697,467,120,-254,-567,-746,-735,-547,-216,185,536,742,764,600,284,-106,-474,-716,-770,-636,-346,39,416,686,778,662,371,-7,-389,-669,-778,-680,-410,-33,356,654,781,712,452,73,-331,-647,-801,-746,-498,-117,291,631,818,788,549,178,-232,-602,0,-831,-622,-252,177,562,808,847,672,328,-101,-512,-790,-868,-722,-398,26,448,752,860,741,436,29,-389,-716,-861,-781,-501,-93,336,681,852,808,554,166,-262,-628,-834,-823,-610,-241,188,565,798,827,646,305,-106,-489,-745,-813,-673,-366,29,408,681,778,688,430,61,-315,-612,-751,-700,-475,-143,217,515,685,682,515,230,-101,-399,-591,-634,-521,-277,18,302,504,571,493,301,47,-217,-423,-522,-484,-328,-101,143,350,467,473,365,166,-68,-272,-408,-451,-386,-232,-36,168,336,417,406,306,134,-63,-236,-357,-402,-368,-260,-99,83,242,348,392,368,291,173,48,-83,-242,-324
61250,mtk,MTK 7916,860882986,rx2-tx0,512,0,0,0,0,0,0,0,0,0,0,0,0,0,0,0,0,0,0,0,0,0,0,0,0,0,0,0,0,0,0,0,0,0,0,0,0,0,0,0,0,0,0,0,0,0,0,0,0,0,0,0,0,0,0,0,0,0,0,0,0,0,0,0,0,0,0,0,0,0,0,0,0,0,0,0,0,0,0,0,0,0,0,0,0,0,0,0,0,0,0,0,0,0,0,0,0,0,0,0,0,0,0,0,0,0,0,0,0,0,0,0,0,0,0,0,0,0,0,0,0,0,0,0,0,0,0,0,0,0,0,0,0,0,0,0,0,0,0,0,0,0,0,0,0,0,0,0,0,0,0,0,0,0,0,0,0,0,0,0,0,0,0,0,0,0,0,0,0,0,0,0,0,0,0,0,0,0,0,0,0,0,0,0,0,0,0,0,0,0,0,0,0,0,0,0,0,0,0,0,0,0,0,0,0,0,0,0,0,0,0,0,0,0,0,0,0,0,0,0,0,0,0,0,0,0,0,0,0,0,0,0,0,0,0,0,0,0,0,0,0,0,0,0,0,0,0,0,0,0,0,0,0,0,0,0,0,-277,234,31,-9,-32,-46,-53,-64,-56,-42,-24,-4,20,36,38,33,21,9,-5,-11,-11,-2,5,18,24,25,20,10,-20,-49,-71,-77,-66,-36,8,63,110,125,109,78,21,-53,-121,-156,-158,-127,-64,32,119,180,200,175,103,-3,-116,-202,-241,-226,-157,-39,95,211,275,273,213,106,-39,-199,-306,-330,-279,-158,1,163,297,362,336,224,52,-137,-291,-383,-378,-271,-101,101,285,396,414,332,168,-36,-233,-388,-447,-393,-242,-37,172,352,438,404,282,89,-132,-307,-407,-414,-316,-127,85,274,397,413,322,154,-55,-249,-368,-398,-327,-167,31,221,356,404,343,195,0,-224,-346,-384,-335,-194,3,204,356,405,342,200,10,-184,-329,-389,-347,-210,-18,175,319,382,350,210,7,-188,-332,-395,-346,-197,-1,207,368,424,359,194,-26,-255,-422,-471,-413,-239,19,276,479,568,511,314,42,-253,-493,-620,-588,-403,-114,208,480,645,659,513,232,-103,-413,-641,-714,-599,-340,9,354,614,730,679,456,113,-262,-581,-762,-763,-585,-267,110,471,719,796,696,446,84,-298,-617,-798,-797,-622,-317,64,422,676,780,717,496,172,-186,-483,-674,-726,-624,-387,-75,245,496,636,647,518,279,-9,-288,-518,-638,-638,-529,-323,-63,196,412,554,609,579,680,572,0,0,0,0,0,0,0,0,0,0,0,0,0,0,0,0,0,0,0,0,0,0,0,0,0,0,0,0,0,0,0,0,0,0,0,0,0,0,0,0,0,0,0,0,0,0,0,0,0,0,0,0,0,0,0,0,0,0,0,0,0,0,0,0,0,0,0,0,0,0,0,0,0,0,0,0,0,0,0,0,0,0,0,0,0,0,0,0,0,0,0,0,0,0,0,0,0,0,0,0,0,0,0,0,0,0,0,0,0,0,0,0,0,0,0,0,0,0,0,0,0,0,0,0,0,0,0,0,0,0,0,0,0,0,0,0,0,0,0,0,0,0,0,0,0,0,0,0,0,0,0,0,0,0,0,0,0,0,0,0,0,0,0,0,0,0,0,0,0,0,0,0,0,0,0,0,0,0,0,0,0,0,0,0,0,0,0,0,0,0,0,0,0,0,0,0,0,0,0,0,0,0,0,0,0,0,0,0,0,0,0,0,0,0,0,0,0,0,0,0,0,0,0,0,0,0,0,0,0,0,0,0,0,0,0,0,0,0,0,0,0,0,0,0,0,0,0,0,0,0,0,0,0,0,0,0,315,-663,-693,48,46,39,24,2,-18,-31,-44,-46,-41,-30,-3,14,19,28,26,4,-6,-10,-12,-13,-5,12,33,42,48,37,16,-22,-61,-87,-92,-82,-44,7,55,92,130,138,106,42,-38,-128,-180,-185,-148,-84,3,101,179,215,199,131,21,-101,-202,-257,-257,-193,-77,67,200,287,310,256,138,-23,-185,-302,-343,-301,-193,-32,148,296,376,365,255,78,-111,-274,-388,-410,-314,-141,61,249,394,442,369,205,-4,-210,-366,-442,-403,-263,-63,154,334,423,410,300,119,-105,-300,-414,-419,-318,-147,62,265,385,403,321,169,-35,-230,-360,-393,-329,-176,18,201,340,0,335,178,-14,-203,-352,-406,-345,-199,2,201,339,387,336,203,16,-189,-342,-392,-342,-211,-26,168,324,389,342,204,3,-195,-342,-402,-351,-193,18,232,392,453,391,215,-17,-256,-450,-524,-457,-270,-2,278,488,589,548,369,79,-228,-496,-643,-633,-466,-181,156,457,652,682,545,283,-55,-398,-648,-730,-635,-391,-60,312,610,756,728,528,192,-188,-529,-752,-792,-651,-362,12,391,682,813,762,537,193,-193,-532,-756,-810,-690,-419,-60,302,591,745,739,574,290,-45,-360,-600,-702,-645,-461,-187,120,395,589,651,575,385,133,-147,-397,-586,-678,-657,-535,-345,-129,100,-274,-445
61251,mtk,MTK 7916,860882986,rx2-tx1,512,0,0,0,0,0,0,0,0,0,0,0,0,0,0,0,0,0,0,0,0,0,0,0,0,0,0,0,0,0,0,0,0,0,0,0,0,0,0,0,0,0,0,0,0,0,0,0,0,0,0,0,0,0,0,0,0,0,0,0,0,0,0,0,0,0,0,0,0,0,0,0,0,0,0,0,0,0,0,0,0,0,0,0,0,0,0,0,0,0,0,0,0,0,0,0,0,0,0,0,0,0,0,0,0,0,0,0,0,0,0,0,0,0,0,0,0,0,0,0,0,0,0,0,0,0,0,0,0,0,0,0,0,0,0,0,0,0,0,0,0,0,0,0,0,0,0,0,0,0,0,0,0,0,0,0,0,0,0,0,0,0,0,0,0,0,0,0,0,0,0,0,0,0,0,0,0,0,0,0,0,0,0,0,0,0,0,0,0,0,0,0,0,0,0,0,0,0,0,0,0,0,0,0,0,0,0,0,0,0,0,0,0,0,0,0,0,0,0,0,0,0,0,0,0,0,0,0,0,0,0,0,0,0,0,0,0,0,0,0,0,0,0,0,0,0,0,0,0,0,0,0,0,0,0,0,0,489,-455,-494,-17,-31,-43,-54,-59,-56,-45,-25,9,45,77,99,102,91,62,13,-55,-120,-165,-178,-152,-96,-18,68,157,224,245,202,117,7,-106,-211,-274,-274,-213,-98,42,178,277,312,264,158,17,-135,-263,-328,-311,-218,-64,109,265,361,371,277,114,-82,-266,-377,-397,-320,-162,45,246,391,444,384,223,-8,-241,-420,-490,-440,-284,-42,230,438,536,505,359,121,-157,-404,-558,-583,-453,-202,84,360,551,603,507,286,-17,-309,-523,-606,-530,-325,-55,235,467,575,541,367,98,-197,-442,-566,-550,-396,-131,160,405,552,559,418,174,-108,-367,-531,-551,-432,-210,58,310,0,537,439,230,-23,-273,-447,-502,-427,-245,-6,234,392,445,387,233,9,-214,-376,-426,-352,-179,29,229,366,401,317,139,-82,-280,-403,-409,-299,-109,129,336,452,452,334,121,-136,-373,-516,-526,-402,-176,109,374,563,598,489,253,-44,-347,-556,-636,-563,-343,-34,284,535,649,592,390,94,-219,-481,-624,-609,-436,-162,157,435,605,612,471,227,-70,-370,-577,-625,-521,-299,-2,304,544,645,586,392,113,-206,-475,-630,-650,-520,-262,50,346,563,651,599,415,135,-160,-416,-578,-612,-513,-318,-58,210,427,551,561,460,265,18,-232,-436,-557,-572,-501,-373,-195,-9,173,-147,-274,0,0,0,0,0,0,0,0,0,0,0,0,0,0,0,0,0,0,0,0,0,0,0,0,0,0,0,0,0,0,0,0,0,0,0,0,0,0,0,0,0,0,0,0,0,0,0,0,0,0,0,0,0,0,0,0,0,0,0,0,0,0,0,0,0,0,0,0,0,0,0,0,0,0,0,0,0,0,0,0,0,0,0,0,0,0,0,0,0,0,0,0,0,0,0,0,0,0,0,0,0,0,0,0,0,0,0,0,0,0,0,0,0,0,0,0,0,0,0,0,0,0,0,0,0,0,0,0,0,0,0,0,0,0,0,0,0,0,0,0,0,0,0,0,0,0,0,0,0,0,0,0,0,0,0,0,0,0,0,0,0,0,0,0,0,0,0,0,0,0,0,0,0,0,0,0,0,0,0,0,0,0,0,0,0,0,0,0,0,0,0,0,0,0,0,0,0,0,0,0,0,0,0,0,0,0,0,0,0,0,0,0,0,0,0,0,0,0,0,0,0,0,0,0,0,0,0,0,0,0,0,0,0,0,0,0,0,0,0,0,0,0,0,0,0,0,0,0,0,0,0,0,0,0,0,0,-571,-173,-39,14,25,19,2,-14,-35,-64,-87,-89,-79,-59,-28,23,75,119,144,142,110,53,-22,-101,-167,-207,-200,-139,-48,46,141,217,252,234,164,57,-79,-198,-267,-278,-232,-132,12,152,265,322,295,194,36,-129,-259,-334,-337,-246,-87,101,249,348,369,296,140,-60,-258,-384,-409,-345,-186,34,254,409,474,418,244,-1,-239,-426,-522,-480,-309,-62,202,434,567,557,409,162,-133,-396,-565,-594,-484,-250,53,336,526,593,513,304,19,-271,-492,-583,-530,-345,-68,218,443,561,541,376,119,-164,-415,-559,-551,-402,-151,137,383,534,552,435,205,-91,-349,-504,-536,-445,0,17,285,472,516,427,240,-3,-249,-429,-484,-410,-228,5,227,384,435,371,206,-16,-223,-364,-406,-333,-160,58,258,384,405,317,135,-90,-301,-431,-444,-330,-112,146,362,492,500,374,153,-123,-395,-556,-566,-448,-217,88,372,569,632,532,294,-12,-315,-547,-639,-577,-374,-72,247,490,620,593,421,137,-186,-455,-603,-611,-464,-193,122,408,583,619,509,275,-40,-339,-559,-637,-564,-344,-42,262,498,628,617,458,185,-135,-427,-608,-652,-553,-338,-44,257,506,631,619,477,240,-54,-322,-510,-588,-549,-392,-153,116,351,514,575,528,385,176,-53,-264,-422,-506,-512,-451,-431,-374
61252,mtk,MTK 7916,860930186,rx0-tx0,512,-330,-474,-685,598,761,857,865,790,641,437,200,-56,-315,-533,-709,-813,-843,-805,-684,-515,-301,-45,202,435,641,782,848,851,769,617,405,160,-105,-359,-595,-789,-903,-920,-853,-714,-505,-241,54,337,588,804,937,981,918,778,560,282,-12,-313,-578,-788,-928,-981,-937,-803,-591,-331,-40,262,526,738,890,952,925,821,639,394,116,-176,-459,-696,-866,-951,-940,-853,-684,-438,-166,138,436,667,837,930,929,833,660,432,159,-131,-395,-620,-781,-871,-871,-791,-629,-408,-160,91,334,536,694,774,773,708,578,398,179,-44,-258,-446,-585,-664,-687,-650,-549,-408,-231,-29,164,339,493,586,-26,623,556,444,300,125,-70,-255,-415,-540,-616,-631,-593,-494,-356,-175,18,210,393,537,620,656,633,540,389,204,12,-199,-380,-533,-635,-668,-639,-549,-412,-226,-22,185,378,529,634,681,666,576,432,245,30,-185,-381,-542,-660,-707,-682,-589,-435,-238,-3,229,436,618,719,746,684,553,369,129,-112,-351,-539,-670,-724,-687,-572,-393,-173,48,264,440,562,611,577,483,349,171,0,-162,-296,-378,-420,-408,-354,-270,-169,-64,47,141,200,248,264,249,213,169,108,41,-22,-75,-121,-151,-170,-171,-156,-127,-82,-39,11,63,114,145,156,144,119,75,14,-49,-89,-111,244,-6,510,653,479,147,210,239,219,161,65,-47,-154,-244,-309,-324,-303,-245,-148,-40,76,194,289,358,397,396,350,264,149,4,-148,-297,-424,-509,-550,-532,-456,-317,-127,91,297,496,648,738,753,679,520,296,20,-260,-537,-760,-907,-945,-884,-733,-482,-167,177,511,787,995,1101,1083,935,693,360,-17,-391,-741,-1001,-1151,-1184,-1080,-869,-558,-197,190,567,876,1087,1191,1168,1026,778,448,73,-320,-656,-928,-1117,-1172,-1109,-948,-684,-353,-2,355,686,943,1094,1139,1073,901,650,319,-40,-390,-699,-930,-1078,-1116,-1039,-864,-601,-286,54,391,688,914,1046,1072,999,818,563,257,-67,-379,-661,-869,301,-1018,-944,-776,-559,-289,6,297,563,775,913,973,945,826,637,385,94,-202,-490,-733,-908,-1015,-1012,-917,-733,-472,-164,147,460,729,932,1042,1053,963,796,534,229,-93,-411,-702,-908,-1034,-1085,-1025,-863,-642,-341,3,336,643,888,1061,1130,1092,951,720,429,76,-281,-612,-887,-1083,-1180,-1165,-1025,-795,-485,-117,246,602,896,1103,1201,1180,1037,808,490,124,-247,-603,-877,-1062,-1139,-1119,-988,-757,-470,-144,198,508,768,954,1039,1030,930,737,481,190,-114,-415,-666,-840,-948,-973,-891,-741,-521,-253,23,305,562,758,875,917,877,759,564,323,61,-218,-465,-671,-812,-889,-858,-764,849,839,-82,-903,-767,638,427,175,-94,-356,-574,-738,-829,-857,-793,-658,-473,-240,10,261,489,663,786,837,806,726,567,353,104,-149,-403,-615,-773,-863,-876,-810,-672,-466,-199,80,351,598,793,921,953,887,759,548,276,-31,-333,-592,-808,-939,-984,-935,-795,-579,-310,-8,289,557,764,901,967,939,811,613,362,70,-214,-488,-718,-877,-955,-947,-850,-665,-423,-135,151,432,688,863,950,957,858,674,437,157,-138,-414,-645,-815,-911,-911,-820,-651,-424,-166,106,358,581,737,817,824,750,609,408,168,-73,-298,-493,-643,-723,-730,-676,-560,-394,-198,10,213,392,530,626,660,625,549,416,243,628,-116,-291,-436,-548,-617,-626,-573,-477,-333,-155,41,228,399,533,624,646,610,524,371,194,1,-200,-385,-530,-620,-665,-638,-543,-401,-215,-10,196,382,534,632,667,647,555,413,233,33,-179,-375,-527,-638,-690,-672,-581,-439,-249,-30,192,400,568,685,735,701,596,419,193,-43,-279,-485,-646,-736,-732,-656,-494,-288,-49,190,402,570,652,662,596,461,283,70,-135,-304,-433,-501,-501,-460,-364,-240,-103,37,156,248,301,326,317,267,204,133,46,-40,-105,-161,-198,-212,-206,-180,-141,-94,-41,13,61,107,138,156,164,150,116,65,10,-44,-89,-130,-145,-130,-92,-51,-980,-1010,-82,-574,-720,132,69,-26,-129,-217,-272,-284,-258,-199,-101,16,126,232,305,344,351,313,237,139,19,-113,-243,-351,-428,-470,-456,-393,-282,-135,35,213,382,529,623,649,607,494,316,92,-155,-410,-626,-781,-846,-824,-717,-517,-241,74,384,664,888,1011,1028,921,722,438,86,-291,-638,-907,-1097,-1155,-1097,-918,-622,-270,113,484,812,1054,1180,1184,1059,815,493,119,-270,-627,-916,-1105,-1194,-1152,-980,-730,-394,-23,338,668,943,1103,1158,1103,933,663,338,-16,-372,-683,-928,-1085,-1122,-1058,-884,-625,-306,54,399,696,917,1049,1093,1019,843,584,274,-66,-396,-687,-893,-1011,-1033,-962,-798,-545,-176,52,357,622,819,950,983,931,798,585,326,42,-251,-523,-751,-919,-987,-975,-868,-676,-431,-145,177,465,733,927,1029,1038,949,762,505,195,-130,-443,-721,-933,-1046,-1066,-1001,-827,-573,-285,33,366,653,886,1060,1111,1062,910,686,384,45,-301,-625,-889,-1080,-1169,-1132,-995,-765,-463,-112,261,612,893,1106,1197,1178,1049,812,492,125,-257,-603,-885,-1092,-1177,-1161,-1020,-774,-463,-118,227,561,829,1007,1093,1073,948,747,470,154,-160,-462,-717,-903,-997,-1004,-914,-732,-498,-234,70,359,602,799,908,939,888,755,539,285,12,-262,-514,-715,-838,-898,-869,-766,-584,-361,-87,183,427,42,-175
61253,mtk,MTK 7916,860930186,rx0-tx1,512,-686,525,363,639,617,539,406,227,37,-157,-324,-452,-546,-578,-558,-497,-372,-223,-67,96,245,370,451,493,493,453,377,272,146,11,-131,-249,-347,-427,-466,-462,-440,-364,-263,-139,0,134,268,390,467,510,512,471,385,276,118,-50,-221,-377,-498,-579,-607,-584,-495,-362,-185,14,208,389,541,638,675,651,559,414,230,20,-198,-390,-549,-665,-708,-687,-594,-449,-263,-45,177,378,551,664,708,695,604,456,271,61,-155,-356,-525,-640,-693,-680,-607,-472,-292,-88,119,321,489,602,664,664,595,476,310,116,-87,-282,-450,-576,-639,-655,-600,-490,-332,-149,43,240,414,549,629,654,-38,499,349,165,-35,-226,-397,-536,-611,-639,-602,-512,-363,-177,23,222,396,540,628,653,611,519,369,177,-25,-231,-416,-550,-634,-654,-606,-492,-340,-147,55,250,423,545,614,624,562,455,308,118,-66,-243,-399,-514,-577,-579,-531,-426,-288,-119,58,218,369,485,545,551,502,411,282,118,-48,-211,-364,-464,-526,-545,-503,-410,-277,-112,68,237,378,487,550,544,471,350,196,22,-153,-307,-423,-493,-502,-459,-373,-242,-84,80,225,344,417,440,423,351,238,107,-32,-171,-278,-350,-385,-366,-307,-207,-86,46,161,260,325,334,294,207,96,-27,-136,-215,-252,-233,-164,-75,777,734,0,-826,-817,56,2,-75,-144,-192,-203,-177,-122,-57,29,111,178,220,236,214,165,98,16,-58,-133,-195,-234,-241,-225,-177,-104,-38,43,122,181,215,221,210,182,133,65,0,-62,-113,-145,-163,-175,-170,-151,-126,-82,-41,-2,53,97,141,177,192,198,186,152,111,49,-22,-89,-164,-217,-240,-247,-231,-186,-124,-58,24,105,175,216,242,242,225,188,134,69,-2,-72,-135,-193,-233,-256,-251,-231,-196,-131,-63,29,116,192,253,294,314,304,257,180,92,-11,-125,-219,-299,-349,-358,-342,-287,-206,-101,16,123,224,311,362,375,364,307,228,121,-1,-119,-225,-315,-382,-406,-48,-343,-266,-158,-41,89,215,320,399,442,445,403,328,212,69,-80,-216,-345,-440,-496,-503,-465,-373,-243,-94,68,227,359,464,522,530,489,395,266,121,-53,-213,-349,-457,-528,-540,-516,-444,-328,-181,-18,153,308,442,535,577,572,515,410,256,84,-98,-280,-436,-555,-625,-640,-596,-486,-331,-144,69,271,446,593,681,700,661,542,376,175,-55,-281,-475,-633,-714,-734,-679,-560,-389,-171,58,278,477,622,709,718,668,547,377,176,-46,-255,-437,-583,-665,-681,-641,-547,-395,-203,8,218,399,546,641,675,650,557,409,227,21,-185,-373,-523,-626,-659,-634,-547,-403,-233,185,-263,9,-549,-660,49,-155,-331,-482,-578,-613,-589,-505,-385,-227,-44,127,292,428,504,541,530,471,367,236,93,-51,-188,-308,-400,-459,-481,-458,-395,-312,-204,-73,58,188,313,401,464,483,467,415,319,193,63,-87,-241,-371,-478,-551,-561,-532,-442,-314,-151,27,214,385,525,619,647,619,534,397,205,2,-206,-393,-545,-649,-698,-674,-578,-435,-243,-28,193,392,551,664,714,688,602,458,261,49,-170,-379,-542,-654,-701,-686,-607,-473,-285,-73,141,339,507,625,682,673,602,467,297,101,-109,-307,-467,-591,-654,-659,-599,-487,-324,-136,61,264,435,566,636,649,600,494,339,160,-41,634,-402,-540,-626,-646,-601,-502,-350,-170,23,215,393,534,619,645,613,515,369,179,-30,-221,-398,-547,-632,-651,-611,-502,-350,-162,49,252,421,553,633,646,588,477,314,133,-69,-255,-403,-524,-584,-581,-534,-436,-295,-121,60,236,385,492,557,557,514,429,286,123,-55,-218,-360,-475,-536,-540,-506,-412,-276,-125,50,217,364,471,538,548,495,392,251,79,-110,-275,-414,-499,-532,-504,-420,-299,-143,31,192,331,431,477,467,407,303,166,24,-124,-259,-354,-403,-410,-368,-282,-173,-36,99,221,310,356,355,308,228,111,-20,-144,-238,-293,-297,-249,-163,-51,61,145,182,-42,-230,0,188,-250,-133,-164,-160,-120,-54,28,108,169,209,222,195,141,71,-15,-95,-160,-211,-236,-227,-200,-142,-65,19,98,171,208,226,233,200,149,77,3,-63,-120,-168,-194,-202,-193,-160,-115,-66,-16,40,83,120,150,158,174,174,156,132,83,29,-27,-93,-147,-187,-222,-223,-216,-182,-115,-43,33,105,170,215,243,255,232,182,121,51,-24,-93,-156,-202,-237,-248,-238,-209,-157,-97,-22,48,112,178,232,274,294,274,232,160,79,-14,-112,-205,-276,-319,-339,-321,-272,-202,-95,18,128,228,304,357,369,349,299,215,106,-5,-121,-231,-315,-372,-388,-369,-321,-244,-137,-10,-1135,221,317,386,418,420,373,298,190,58,-80,-212,-326,-423,-474,-475,-433,-358,-232,-87,72,225,368,461,513,517,473,382,253,94,-67,-225,-365,-461,-531,-544,-498,-411,-295,-140,19,175,324,444,524,561,548,480,368,214,51,-121,-289,-439,-550,-604,-612,-557,-445,-295,-116,72,272,445,573,658,681,631,525,365,159,-54,-268,-464,-603,-698,-726,-670,-559,-385,-172,55,285,480,629,719,726,674,554,380,170,-54,-274,-467,-605,-685,-705,-650,-544,-382,-183,26,224,410,559,651,683,648,550,404,218,14,-195,-389,-536,-632,-670,-638,-551,-414,-238,-32,169,367,511,614,812,810
61254,mtk,MTK 7916,860930186,rx1-tx0,512,0,374,299,330,151,-47,-242,-423,-566,-663,-704,-692,-595,-453,-263,-28,199,408,598,737,806,809,725,568,358,94,-188,-442,-676,-848,-930,-925,-840,-662,-406,-108,206,508,760,938,1045,1031,912,693,420,92,-245,-568,-827,-1008,-1092,-1057,-926,-688,-390,-56,283,598,851,1012,1070,1026,893,670,378,71,-252,-545,-782,-945,-1016,-992,-882,-672,-413,-122,187,481,722,888,983,970,861,689,438,155,-147,-429,-675,-841,-926,-935,-852,-684,-463,-188,100,370,605,784,876,890,824,665,454,199,-74,-334,-565,-729,-820,-839,-766,-632,-442,-204,50,292,506,657,737,754,696,577,403,199,-27,-238,-277,-550,-638,-662,-621,-530,-395,-226,-38,147,310,454,547,594,584,532,425,288,118,-55,-218,-370,-489,-559,-577,-551,-477,-347,-193,-27,144,299,437,530,577,577,522,415,288,126,-46,-224,-382,-513,-603,-630,-608,-537,-411,-238,-36,182,386,559,686,751,739,651,501,287,35,-225,-473,-680,-823,-895,-846,-718,-502,-219,91,390,646,839,936,935,808,601,331,19,-288,-552,-748,-871,-877,-791,-627,-386,-119,145,405,607,728,765,717,595,412,195,-40,-265,-450,-580,-637,-627,-543,-415,-227,-21,174,342,468,531,533,467,341,174,-16,-195,-336,-423,-447,-388,-271,-116,44,171,26,198,0,-210,64,-25,-58,-78,-95,-93,-71,-42,-2,45,88,110,132,130,113,86,43,0,-52,-108,-141,-163,-169,-155,-124,-79,-34,40,101,150,187,213,216,192,161,99,21,-58,-122,-192,-251,-287,-281,-262,-205,-123,-23,82,182,282,348,384,364,319,239,112,-22,-160,-304,-411,-474,-477,-433,-343,-209,-49,119,284,413,496,529,490,401,282,129,-51,-218,-357,-461,-511,-504,-446,-341,-212,-47,109,246,361,440,467,449,394,290,157,20,-126,-231,-321,-377,-382,-372,-321,-236,-151,-50,45,136,209,275,313,322,318,292,237,168,87,-21,-129,-229,-316,-378,-408,-400,-362,-274,-167,489,112,261,379,462,514,511,443,341,202,36,-143,-304,-450,-540,-589,-570,-505,-380,-211,-26,158,342,490,589,632,614,534,409,230,29,-166,-355,-520,-637,-673,-652,-569,-431,-249,-42,155,353,508,615,682,675,595,462,285,91,-121,-309,-479,-605,-671,-692,-637,-518,-359,-166,32,243,435,581,688,723,700,616,470,272,45,-191,-426,-614,-742,-801,-787,-698,-521,-295,-36,228,466,656,791,834,799,672,482,246,-14,-270,-479,-645,-746,-768,-712,-595,-425,-208,-1,202,394,532,622,655,625,554,431,276,95,-83,-259,-412,-522,-592,-607,-572,-492,-365,-209,-22,154,318,469,-479,-513,0,41,228,-548,-635,-662,-627,-532,-388,-205,-1,214,422,581,708,757,732,654,512,306,71,-177,-423,-626,-787,-877,-870,-783,-622,-379,-97,186,463,716,898,991,985,882,677,415,100,-234,-543,-800,-982,-1075,-1053,-929,-701,-416,-74,271,591,847,1010,1082,1050,914,676,377,47,-277,-572,-820,-976,-1038,-1017,-877,-670,-393,-89,222,514,755,908,990,978,873,676,426,139,-172,-446,-689,-868,-965,-956,-864,-682,-437,-167,121,407,640,813,912,914,837,679,455,189,-77,-352,-585,-755,-854,-864,-800,-652,-438,-196,67,318,531,699,794,806,743,610,407,187,-48,-263,-458,-602,-693,-712,-661,315,-395,-205,-3,194,365,505,595,627,598,529,410,255,79,-100,-267,-411,-513,-575,-577,-541,-455,-324,-164,5,173,336,469,545,577,555,486,379,232,73,-96,-265,-403,-509,-578,-597,-564,-481,-352,-183,8,194,371,524,639,693,682,598,457,270,50,-191,-413,-606,-751,-820,-807,-699,-515,-277,7,297,552,768,900,931,856,688,435,137,-187,-481,-712,-875,-936,-883,-724,-506,-224,77,353,587,750,813,803,704,518,286,33,-213,-427,-586,-675,-695,-634,-504,-319,-114,107,296,455,565,592,552,451,302,121,-69,-253,-395,-483,-504,-449,-333,-178,4,173,298,359,345,261,-366,-308,0,-477,-511,-63,-49,-28,2,44,76,95,111,114,90,61,22,-29,-72,-110,-136,-143,-149,-125,-78,-29,29,79,124,157,185,198,172,136,86,27,-46,-105,-172,-225,-249,-238,-220,-185,-111,-14,81,158,240,293,325,320,289,226,124,5,-128,-237,-342,-407,-419,-408,-342,-234,-88,71,223,361,460,509,499,437,317,178,0,-177,-327,-434,-512,-528,-477,-379,-242,-82,84,240,367,458,500,480,416,318,175,23,-121,-252,-359,-411,-434,-409,-345,-262,-139,-19,88,202,276,325,348,338,303,250,183,101,13,-73,-161,-238,-296,-340,-361,-339,-296,-226,-131,-14,106,232,340,407,-571,472,414,310,188,42,-130,-285,-409,-498,-548,-540,-479,-360,-200,-24,158,322,468,567,611,600,521,391,216,28,-169,-349,-503,-613,-654,-633,-560,-430,-251,-36,172,367,526,633,676,659,588,438,275,73,-142,-343,-507,-618,-677,-673,-604,-489,-315,-126,75,285,453,588,666,694,664,559,409,215,0,-211,-410,-584,-710,-764,-752,-661,-501,-294,-52,197,442,644,778,835,807,692,520,283,17,-247,-494,-668,-782,-811,-763,-633,-454,-231,14,241,438,597,684,700,674,573,423,243,38,-155,-325,-473,-570,-618,-612,-561,-455,-316,-150,30,200,361,486,576,613,588,525,408,210,-56
61255,mtk,MTK 7916,860930186,rx1-tx1,512,0,0,0,-48,-363,-608,-734,-701,-514,-211,139,461,690,768,683,460,141,-205,-510,-692,-716,-601,-353,-29,287,536,664,638,464,197,-106,-388,-576,-631,-540,-333,-47,253,489,606,582,428,180,-117,-383,-561,-609,-509,-295,-14,275,503,614,592,437,177,-129,-402,-583,-642,-559,-351,-64,238,484,626,635,496,246,-56,-339,-541,-625,-564,-387,-117,179,425,560,571,457,240,-39,-303,-497,-582,-531,-349,-94,181,418,566,585,468,252,-26,-309,-524,-617,-577,-417,-164,128,380,559,621,539,340,81,-193,-429,-568,-580,-473,-272,-8,253,453,543,523,400,186,-58,-273,-430,-492,-438,-291,0,115,287,389,399,307,142,-44,-208,-318,-347,-289,-149,28,193,315,362,319,191,21,-170,-341,-429,-425,-319,-134,88,297,458,525,474,305,70,-179,-407,-558,-590,-493,-296,-27,248,481,624,626,495,264,-29,-310,-542,-655,-630,-469,-210,96,390,596,677,626,434,143,-169,-449,-642,-695,-605,-391,-86,230,495,670,713,604,371,72,-251,-523,-688,-721,-604,-370,-74,240,503,661,688,583,367,83,-208,-444,-593,-622,-529,-336,-83,169,377,505,535,463,299,86,-128,-314,-434,-457,-400,-277,-106,80,242,349,395,367,273,143,0,-140,-249,-311,-326,-293,-219,-131,-43,40,0,0,0,0,0,-298,-375,-416,-407,-337,-199,-9,201,396,549,621,595,472,257,-13,-290,-534,-691,-723,-629,-423,-129,202,492,702,784,709,508,203,-157,-488,-715,-816,-759,-535,-200,179,524,766,855,768,518,160,-242,-608,-842,-899,-787,-501,-98,320,684,919,970,812,482,61,-379,-750,-968,-983,-787,-429,13,459,808,983,960,725,333,-123,-550,-860,-989,-906,-628,-220,244,650,912,974,831,512,75,-386,-758,-960,-951,-727,-348,109,547,869,1006,928,632,190,-287,-712,-992,-1069,-908,-537,-52,451,880,1121,1116,882,469,-60,-584,-987,-1186,-1144,-862,-404,140,660,1048,1208,1116,794,303,-247,0,-1074,-1171,-1024,-662,-156,376,828,1099,1126,909,491,-38,-550,-947,-1135,-1070,-775,-309,227,721,1060,1176,1034,667,152,-407,-875,-1153,-1192,-979,-553,-3,539,969,1185,1156,878,410,-145,-653,-1026,-1171,-1055,-722,-243,280,737,1029,1083,903,529,39,-450,-819,-999,-947,-694,-282,201,628,908,977,825,490,27,-451,-815,-1000,-969,-725,-310,189,641,951,1060,946,622,165,-327,-755,-1022,-1067,-884,-514,-43,430,811,1015,999,778,398,-60,-486,-803,-946,-879,-624,-253,159,520,755,821,709,449,96,-268,-554,-694,-672,-498,-210,108,388,576,630,525,295,0,-296,-519,-619,-575,-394,-120,185,0,0,0,0,0,708,628,399,73,-269,-554,-726,-748,-607,-338,-1,340,603,740,722,542,256,-85,-398,-618,-711,-640,-427,-128,198,468,627,642,508,261,-26,-303,-520,-615,-567,-391,-118,183,430,580,595,475,238,-49,-327,-526,-613,-557,-364,-91,202,448,608,631,507,265,-29,-328,-560,-659,-603,-426,-155,148,414,592,634,533,313,40,-241,-470,-589,-572,-426,-188,95,355,526,566,481,287,24,-244,-460,-574,-554,-407,-161,119,376,551,609,529,335,69,-218,-460,-596,-604,-486,-261,17,294,506,610,576,417,174,-98,-350,-522,-579,-517,-345,-104,157,371,494,512,424,249,25,-194,-359,0,-413,-299,-123,67,241,349,357,287,152,-30,-193,-300,-345,-292,-161,9,190,338,400,371,256,70,-142,-329,-456,-474,-386,-213,8,245,446,554,533,405,189,-78,-341,-535,-625,-577,-405,-148,150,418,594,655,571,360,85,-220,-479,-637,-663,-553,-327,-28,278,526,664,661,523,265,-48,-350,-591,-712,-680,-509,-241,85,389,622,719,673,505,227,-102,-397,-616,-710,-664,-486,-220,84,356,560,650,616,461,220,-56,-313,-500,-579,-549,-420,-215,29,253,415,490,472,367,200,-1,-196,-343,-420,-416,-336,-201,-37,123,254,341,365,324,243,129,7,-102,-188,-237,-247,-226,0,0,0,0,0,186,84,-48,-207,-360,-481,-541,-521,-424,-251,-18,231,457,618,677,626,471,217,-90,-389,-622,-750,-743,-598,-328,5,339,609,761,782,650,380,28,-332,-634,-811,-823,-661,-364,11,394,701,860,852,673,340,-77,-469,-776,-939,-903,-671,-295,140,552,857,988,909,651,257,-204,-626,-920,-1017,-897,-591,-157,301,689,942,996,835,495,47,-397,-764,-968,-958,-742,-366,88,516,832,967,893,624,213,-249,-658,-922,-989,-842,-495,-37,425,803,1014,1002,764,360,-131,-595,-946,-1103,-1032,-727,-257,264,737,1066,1174,1045,685,176,-378,-844,-1135,-1199,-1018,-615,-88,462,905,1153,1157,0,488,-40,-563,-962,-1147,-1088,-794,-327,203,688,1026,1139,996,637,143,-390,-847,-1123,-1147,-912,-479,49,570,976,1170,1118,829,349,-209,-720,-1084,-1222,-1085,-724,-217,341,818,1121,1181,985,581,61,-470,-895,-1123,-1101,-835,-405,104,592,936,1055,945,628,174,-306,-707,-943,-967,-762,-378,83,535,866,1000,913,604,150,-332,-745,-998,-1030,-834,-469,5,499,880,1067,1029,767,338,-154,-609,-939,-1068,-967,-663,-227,246,656,920,1000,862,537,112,-316,-668,-863,-866,-692,-374,17,391,654,755,680,467,163,-173,-461,-629,-650,-517,-265,43,342,554,620,543,341,52,-245,-491,-627,-611,0,0
61256,mtk,MTK 7916,860930186,rx2-tx0,512,0,0,0,-215,-715,-1082,-1223,-1092,-715,-175,412,922,1247,1305,1076,617,20,-584,-1074,-1338,-1310,-1001,-466,167,763,1201,1376,1253,856,269,-373,-936,-1295,-1374,-1148,-680,-59,579,1080,1338,1303,989,448,-197,-784,-1192,-1345,-1197,-782,-195,435,962,1275,1300,1034,539,-71,-659,-1097,-1284,-1182,-823,-280,321,837,1161,1225,1009,568,2,-551,-968,-1169,-1097,-767,-266,290,769,1071,1122,912,500,-33,-562,-957,-1125,-1031,-698,-198,354,824,1099,1130,900,456,-96,-639,-1047,-1213,-1111,-756,-218,376,888,1209,1270,1050,587,-11,-612,-1085,-1320,-1267,-944,-405,228,810,1218,1369,1219,807,219,-421,-976,-1321,-1377,-1132,-636,0,619,1119,1378,1332,995,440,-210,-814,-1238,-1396,-1249,-829,-224,435,1001,1354,1411,1156,651,3,-650,-1171,-1453,-1414,-1063,-487,198,844,1317,1514,1383,954,320,-394,-1020,-1432,-1541,-1328,-837,-161,554,1153,1504,1539,1255,696,-14,-715,-1257,-1543,-1507,-1149,-554,156,820,1313,1535,1433,1028,407,-289,-910,-1340,-1495,-1331,-883,-261,399,975,1352,1449,1243,783,166,-467,-1004,-1335,-1387,-1160,-709,-119,478,965,1254,1284,1060,638,105,-431,-870,-1122,-1139,-941,-572,-103,368,748,959,982,819,501,105,-291,-609,-803,-838,-713,-466,-143,193,476,658,715,647,480,242,-18,-255,-431,-527,-541,-480,-366,-222,-71,0,0,0,0,0,-4,-158,-320,-472,-581,-609,-538,-375,-134,151,431,656,781,772,634,372,24,-340,-654,-864,-918,-791,-506,-116,311,691,953,1038,916,604,160,-331,-771,-1068,-1159,-1020,-664,-165,376,854,1175,1265,1100,702,154,-434,-941,-1265,-1331,-1125,-696,-116,500,1011,1320,1370,1135,657,44,-582,-1091,-1376,-1381,-1098,-593,32,655,1142,1381,1330,1009,483,-136,-718,-1147,-1326,-1221,-857,-327,262,785,1135,1230,1054,658,126,-420,-858,-1098,-1097,-858,-428,89,579,932,1066,957,641,174,-326,-747,-999,-1022,-811,-417,75,556,914,1069,983,673,210,-305,-765,-1058,-1116,-931,-531,-17,508,929,1146,1114,839,375,0,-692,-1051,-1184,-1061,-700,-182,382,864,1156,1194,965,519,-47,-607,-1032,-1232,-1166,-830,-306,286,824,1187,1296,1111,679,92,-518,-1015,-1304,-1316,-1029,-523,101,713,1164,1362,1269,898,329,-306,-879,-1256,-1355,-1167,-725,-128,491,1001,1283,1284,995,489,-109,-678,-1093,-1257,-1141,-770,-228,353,842,1139,1190,965,514,-37,-567,-970,-1152,-1071,-750,-262,273,742,1039,1103,910,519,23,-476,-857,-1044,-993,-718,-290,194,625,903,972,819,483,46,-395,-734,-894,-840,-591,-204,222,584,801,831,663,336,-77,-477,-756,-851,-743,-460,-61,360,701,883,862,639,253,-201,-617,-899,-978,-838,-501,-34,447,0,0,0,0,0,1145,937,519,-29,-588,-1028,-1253,-1215,-908,-395,204,773,1184,1343,1211,816,247,-387,-940,-1290,-1370,-1149,-676,-57,579,1086,1356,1333,1016,475,-158,-759,-1202,-1373,-1241,-842,-258,382,938,1281,1341,1103,619,0,-612,-1090,-1325,-1259,-918,-374,251,816,1197,1308,1123,694,114,-487,-967,-1225,-1217,-935,-442,149,699,1080,1210,1067,685,152,-412,-875,-1122,-1114,-850,-395,145,658,1012,1124,973,599,82,-462,-891,-1114,-1085,-803,-325,230,738,1082,1178,1010,606,48,-521,-976,-1224,-1197,-904,-405,199,766,1170,1322,1175,765,195,-427,-966,-1294,-1339,-1094,-608,4,625,1125,1376,1318,976,426,-214,-814,-1238,0,-1242,-825,-225,425,984,1326,1377,1128,644,9,-639,-1140,-1386,-1341,-1000,-438,224,843,1276,1441,1297,864,235,-440,-1032,-1408,-1481,-1240,-730,-59,629,1192,1504,1490,1155,577,-122,-807,-1326,-1552,-1456,-1056,-427,293,947,1403,1564,1393,940,284,-435,-1061,-1452,-1534,-1306,-800,-128,563,1130,1460,1488,1200,657,-7,-671,-1196,-1456,-1406,-1079,-530,123,750,1211,1413,1336,987,442,-184,-764,-1181,-1350,-1252,-912,-401,180,704,1074,1227,1133,820,359,-152,-618,-945,-1078,-997,-724,-328,122,526,798,913,858,637,307,-61,-402,-652,-771,-745,-589,-335,-34,256,483,614,639,566,417,219,11,-172,-303,-376,-389,0,0,0,0,0,412,433,391,271,90,-133,-366,-565,-685,-708,-615,-405,-110,219,522,752,860,810,600,266,-123,-503,-806,-965,-940,-728,-364,82,527,888,1078,1056,821,411,-94,-592,-985,-1195,-1166,-899,-448,110,664,1089,1293,1235,932,434,-162,-736,-1175,-1372,-1289,-942,-397,237,821,1242,1410,1284,896,324,-318,-891,-1287,-1411,-1241,-823,-237,401,944,1282,1354,1138,694,114,-486,-972,-1242,-1238,-971,-511,50,597,999,1172,1086,768,284,-253,-716,-1013,-1094,-925,-542,-43,456,841,1030,996,730,296,-206,-657,-961,-1051,-901,-547,-66,437,846,1074,1061,802,366,-155,-646,-1005,-1149,-1032,-687,-181,360,819,1110,0,963,540,-5,-551,-969,-1174,-1128,-836,-351,214,740,1107,1227,1071,680,128,-458,-948,-1234,-1243,-983,-503,97,675,1116,1319,1229,866,311,-315,-877,-1254,-1358,-1171,-725,-115,521,1041,1336,1336,1047,542,-82,-691,-1145,-1345,-1246,-882,-329,294,845,1201,1284,1082,643,74,-501,-965,-1213,-1174,-873,-384,189,708,1068,1182,1021,639,125,-424,-867,-1108,-1093,-842,-402,128,614,961,1092,972,627,153,-332,-742,-984,-993,-779,-398,69,510,822,939,839,547,135,-298,-652,-845,-835,-621,-266,146,526,770,832,695,388,-17,-420,-730,-869,-804,-544,-147,293,677,910,931,732,368,-97,-551,-887,-1037,-951,0,0
61257,mtk,MTK 7916,860930186,rx2-tx1,512,0,0,0,825,1108,1153,941,522,-21,-561,-986,-1200,-1151,-861,-386,181,712,1082,1217,1094,736,219,-347,-833,-1132,-1191,-993,-575,-40,498,920,1133,1097,825,373,-147,-623,-957,-1079,-960,-618,-142,355,758,985,990,761,348,-137,-576,-885,-991,-866,-532,-76,402,791,998,975,724,305,-185,-636,-943,-1028,-891,-548,-67,431,831,1044,1025,770,332,-183,-659,-990,-1099,-959,-590,-73,457,887,1132,1129,859,386,-178,-713,-1101,-1258,-1140,-768,-217,388,914,1244,1317,1108,661,72,-538,-1038,-1319,-1314,-1036,-549,67,670,1121,1329,1263,936,408,-200,-754,-1146,-1295,-1167,-797,-280,290,784,1104,1194,1025,640,140,0,-794,-1038,-1051,-829,-432,37,478,798,929,858,599,206,-220,-578,-800,-840,-676,-359,25,407,687,805,731,489,134,-255,-582,-776,-788,-610,-290,107,488,764,867,764,474,65,-371,-738,-956,-962,-756,-377,107,596,964,1134,1069,765,296,-250,-763,-1121,-1258,-1148,-790,-248,349,874,1234,1346,1179,771,195,-433,-970,-1312,-1399,-1209,-780,-184,440,975,1332,1425,1232,805,235,-380,-914,-1266,-1372,-1214,-834,-304,267,764,1096,1222,1113,794,339,-154,-596,-897,-1017,-945,-693,-329,77,456,722,839,793,606,316,-11,-321,-566,-692,-686,-564,-353,-101,148,358,500,557,527,422,275,117,-34,-155,0,0,0,0,0,342,475,553,562,492,341,127,-124,-376,-584,-702,-700,-582,-360,-72,230,503,697,756,669,459,155,-187,-489,-710,-797,-712,-481,-156,216,546,761,832,736,481,115,-281,-626,-852,-900,-761,-468,-71,357,710,921,943,771,422,-19,-446,-785,-968,-958,-747,-367,90,530,859,1011,954,685,273,-192,-627,-929,-1029,-913,-612,-174,307,720,973,1017,854,514,57,-425,-794,-989,-983,-766,-377,96,543,865,996,924,638,213,-250,-663,-929,-996,-845,-503,-51,400,770,976,975,766,382,-74,-511,-850,-1003,-937,-670,-262,202,612,886,967,838,525,111,-325,-694,-908,-913,-721,-378,48,460,0,904,844,595,211,-204,-569,-813,-879,-745,-439,-43,351,664,827,796,577,235,-165,-520,-749,-805,-677,-384,1,392,698,839,788,553,180,-241,-616,-865,-922,-767,-435,-11,436,795,981,952,707,302,-167,-598,-898,-1011,-898,-579,-138,347,758,989,992,774,389,-86,-548,-879,-1011,-914,-607,-153,332,753,1001,1018,810,421,-74,-562,-924,-1075,-988,-676,-209,307,761,1049,1110,915,514,-7,-537,-949,-1147,-1101,-818,-351,197,712,1073,1193,1059,695,180,-375,-843,-1129,-1169,-949,-528,2,527,938,1139,1083,791,335,-194,-678,-1013,-1106,-951,-595,-106,413,831,1063,1063,818,388,-121,-609,-957,0,0,0,0,0,-789,-337,203,712,1059,1189,1067,700,170,-393,-869,-1165,-1213,-995,-570,-20,533,967,1197,1170,883,408,-148,-664,-1044,-1187,-1065,-718,-224,312,773,1057,1111,911,512,10,-482,-858,-1037,-974,-682,-244,235,665,938,986,806,434,-33,-490,-834,-993,-916,-623,-184,308,724,976,1008,803,416,-66,-545,-898,-1048,-965,-658,-194,313,749,1018,1057,848,445,-62,-564,-944,-1119,-1040,-712,-214,336,819,1137,1200,990,562,2,-565,-1021,-1267,-1241,-946,-447,161,738,1167,1347,1241,871,318,-305,-867,-1238,-1346,-1176,-753,-172,430,937,1255,1309,1078,627,53,-523,-980,-1226,-1215,-955,-491,66,589,973,1139,0,759,311,-191,-628,-914,-993,-859,-537,-108,332,691,875,850,637,283,-121,-489,-748,-824,-708,-433,-60,326,635,790,758,549,211,-171,-530,-768,-820,-682,-365,40,440,752,905,856,605,200,-264,-685,-969,-1060,-916,-560,-72,443,892,1163,1193,973,543,-16,-587,-1037,-1285,-1273,-995,-507,89,676,1135,1363,1313,1004,496,-111,-713,-1187,-1417,-1356,-1025,-508,108,711,1165,1394,1357,1055,557,-27,-601,-1052,-1283,-1268,-1016,-580,-55,458,866,1102,1114,910,550,114,-321,-690,-907,-918,-761,-488,-138,223,525,716,767,668,455,180,-115,-374,-550,-633,-616,-494,-302,-87,116,282,383,421,401,322,0,0,0,0,0,-328,-204,-42,158,364,542,652,665,569,383,135,-155,-434,-640,-735,-704,-542,-279,42,358,613,753,749,601,321,-22,-358,-633,-789,-788,-625,-318,60,424,711,864,839,631,286,-120,-503,-794,-928,-872,-630,-254,184,589,872,981,888,605,196,-265,-674,-937,-1007,-869,-551,-108,372,766,989,1011,825,459,-11,-476,-829,-1015,-988,-743,-343,129,573,899,1029,930,639,215,-252,-660,-931,-1003,-851,-515,-62,402,772,979,960,738,355,-107,-539,-863,-1006,-924,-640,-229,240,658,934,1005,861,538,101,-359,-742,-955,-957,-764,-405,42,473,794,944,890,640,246,-195,-587,-847,-919,-788,0,-85,338,682,876,875,681,344,-72,-472,-762,-872,-781,-521,-144,254,583,780,796,628,307,-80,-446,-714,-818,-729,-461,-77,330,668,862,863,665,313,-126,-544,-852,-974,-873,-578,-154,309,711,960,995,812,454,-14,-474,-830,-1008,-956,-690,-271,215,645,926,1007,859,501,26,-443,-814,-1010,-978,-711,-287,204,659,964,1047,899,546,63,-437,-845,-1072,-1055,-800,-363,166,660,1019,1144,1013,663,169,-375,-846,-1125,-1162,-952,-534,4,550,977,1186,1132,834,354,-194,-686,-1036,-1169,-1044,-682,-169,375,818,1075,1104,892,479,-40,-545,-923,-1093,-1014,-712,-247,275,726,1022,1092,913,528,0,0
61258,mtk,MTK 7916,860988780,rx0-tx0,512,-330,405,243,-209,0,227,435,598,731,825,854,844,777,657,506,321,112,-92,-289,-475,-632,-747,-827,-845,-822,-752,-632,-475,-287,-79,146,361,549,711,834,911,917,868,772,622,428,214,-28,-268,-498,-691,-837,-937,-974,-947,-859,-703,-517,-290,-49,199,429,630,790,914,961,960,892,767,601,396,167,-68,-308,-522,-707,-846,-936,-960,-920,-827,-683,-488,-274,-32,219,454,650,803,904,947,927,843,697,510,304,70,-162,-392,-583,-724,-828,-875,-855,-791,-672,-520,-331,-120,88,286,457,602,699,748,754,713,636,510,356,180,13,-157,-328,-461,-565,-628,-656,-648,-605,-529,-404,-264,-26,26,181,313,442,538,603,632,619,574,481,373,235,82,-86,-243,-384,-499,-592,-650,-660,-626,-549,-440,-304,-133,38,205,357,486,596,659,682,663,587,486,349,178,4,-160,-327,-473,-584,-660,-684,-685,-626,-532,-386,-218,-32,153,335,497,618,711,742,719,648,532,374,178,-27,-224,-418,-589,-692,-739,-734,-669,-553,-395,-209,-10,194,372,498,583,620,607,541,427,291,149,3,-145,-255,-332,-381,-402,-402,-357,-300,-221,-130,-53,17,92,154,196,220,233,224,208,182,141,95,50,5,-42,-86,-122,-154,-173,-176,-164,-143,-112,-54,-6,40,86,124,142,133,108,736,658,510,1001,1059,194,211,194,148,73,-16,-103,-190,-264,-308,-320,-310,-268,-207,-117,-17,79,181,263,341,390,411,414,379,318,226,116,-15,-158,-304,-430,-533,-596,-624,-601,-529,-420,-260,-74,134,348,537,706,817,866,860,784,635,417,175,-100,-379,-635,-847,-994,-1074,-1071,-983,-814,-582,-305,12,319,619,868,1046,1165,1184,1115,966,727,454,139,-193,-502,-779,-996,-1148,-1206,-1180,-1083,-887,-644,-352,-26,273,559,804,1001,1121,1166,1121,1007,831,587,312,18,-292,-560,-800,-984,-1086,-1126,-1092,-968,-788,-573,-312,-16,275,535,762,928,1039,1083,1056,953,782,563,309,38,-231,-491,-709,-873,301,-1015,-997,-922,-784,-592,-378,-142,110,359,567,747,873,963,991,945,856,710,527,293,38,-222,-471,-691,-874,-990,-1050,-1045,-962,-824,-632,-405,-139,124,382,630,817,961,1050,1064,1024,921,744,529,289,17,-264,-517,-757,-944,-1054,-1120,-1122,-1046,-892,-685,-437,-138,149,429,694,912,1083,1179,1191,1140,1008,795,532,236,-68,-381,-662,-900,-1075,-1178,-1193,-1136,-1004,-806,-559,-284,11,308,569,795,965,1066,1105,1059,954,792,580,336,79,-184,-426,-641,-802,-924,-985,-978,-913,-795,-630,-424,-196,39,265,484,673,794,891,930,899,819,686,517,317,90,-141,-357,-547,-706,-809,-888,564,750,-82,-708,-781,849,881,856,761,619,459,258,47,-158,-362,-537,-680,-790,-841,-836,-791,-700,-559,-393,-197,16,214,416,586,723,819,870,871,809,703,551,364,140,-90,-309,-520,-706,-841,-925,-955,-918,-827,-672,-478,-251,-1,244,480,672,825,924,976,963,881,739,564,344,102,-138,-381,-576,-746,-873,-946,-964,-918,-806,-651,-448,-223,26,260,477,676,830,922,967,938,841,697,513,294,59,-180,-407,-610,-764,-873,-920,-906,-831,-690,-519,-322,-95,123,336,515,661,765,811,808,753,657,513,329,143,-43,-222,-390,-532,-634,-689,-703,-686,-616,-507,-381,-227,-66,94,242,382,500,576,628,637,600,540,448,322,182,29,-123,-274,-412,-514,-596,-636,-645,-604,-521,-405,-269,-112,60,223,382,502,605,657,672,644,575,464,322,153,-11,-194,-346,-481,-590,-661,-681,-665,-609,-497,-361,-199,-32,144,322,477,601,678,721,703,643,527,391,218,18,-180,-364,-532,-663,-737,-751,-717,-634,-485,-297,-104,101,306,477,608,681,703,658,559,426,275,96,-90,-253,-383,-467,-514,-521,-483,-401,-309,-196,-85,30,130,205,275,300,298,286,266,224,164,104,38,-18,-63,-110,-146,-167,-179,-184,-177,-153,-126,-95,-48,0,52,88,132,159,160,150,125,86,31,-23,-57,-319,-474,-82,359,134,31,-43,-127,-199,-255,-274,-267,-230,-163,-74,19,114,204,276,336,355,361,328,276,201,103,7,-107,-227,-336,-422,-478,-511,-508,-464,-375,-257,-109,60,243,408,554,678,744,763,704,597,442,232,3,-241,-480,-701,-863,-957,-993,-940,-813,-613,-368,-84,212,507,768,974,1110,1155,1113,1002,788,525,212,-115,-428,-716,-951,-1103,-1196,-1187,-1087,-918,-683,-397,-73,233,536,796,995,1143,1187,1143,1028,846,609,328,20,-288,-568,-812,-997,-1101,-1150,-1109,-982,-811,-569,-298,-17,277,550,767,945,1065,1109,1071,962,790,561,304,21,-254,-523,-743,-910,-1016,-1054,-1023,-931,-767,-560,-176,-66,184,423,642,803,919,980,994,922,800,627,428,208,-43,-281,-501,-701,-862,-979,-1015,-998,-915,-783,-583,-348,-95,173,433,664,851,986,1060,1055,1004,867,673,450,195,-74,-323,-572,-789,-948,-1058,-1107,-1079,-984,-837,-606,-363,-100,186,473,723,923,1081,1166,1161,1099,952,747,495,203,-93,-389,-676,-921,-1093,-1190,-1211,-1157,-1021,-817,-555,-255,53,351,633,859,1026,1125,1158,1105,977,795,561,300,23,-255,-503,-721,-891,-994,-1040,-1021,-939,-799,-607,-385,-136,116,349,559,737,868,943,956,911,820,654,464,264,29,-202,-417,-605,-749,-857,-908,-901,-827,-719,-547,-356,-146,884,744
61259,mtk,MTK 7916,860988780,rx0-tx1,512,-686,358,561,308,447,552,615,628,610,551,453,334,192,36,-112,-251,-368,-464,-517,-544,-535,-493,-426,-332,-230,-122,-1,113,218,312,387,437,467,472,453,420,354,265,164,56,-60,-177,-281,-368,-447,-510,-535,-526,-487,-420,-332,-207,-84,56,207,344,465,558,613,641,622,553,457,332,179,10,-160,-325,-466,-584,-661,-695,-687,-629,-535,-398,-239,-64,120,291,451,580,667,716,705,656,569,440,283,111,-67,-242,-402,-537,-630,-677,-697,-666,-582,-476,-330,-163,11,179,332,474,581,643,662,647,591,498,367,217,57,-114,-264,-408,-526,-602,-650,-646,-604,-523,-412,-273,-117,50,-38,359,486,573,623,640,608,545,447,307,157,-12,-176,-323,-461,-559,-614,-645,-632,-566,-468,-335,-176,0,172,325,457,563,627,645,622,562,455,314,163,3,-163,-318,-441,-536,-594,-607,-586,-518,-419,-297,-156,-16,136,280,391,485,545,567,539,491,412,299,175,41,-105,-238,-352,-445,-505,-541,-536,-493,-410,-303,-183,-49,93,233,356,451,511,539,521,472,381,261,131,-13,-163,-295,-393,-459,-493,-490,-444,-366,-263,-145,-13,113,231,327,390,427,423,385,317,223,116,4,-105,-209,-291,-349,-365,-349,-305,-230,-131,-23,88,190,260,292,292,242,167,74,-24,-90,-288,-84,0,-697,-784,-28,-82,-138,-180,-196,-185,-149,-93,-26,47,116,172,218,235,231,209,168,111,42,-32,-99,-162,-211,-235,-239,-226,-202,-160,-102,-33,32,84,136,176,200,207,200,186,154,112,73,40,-5,-48,-85,-109,-128,-151,-173,-179,-180,-175,-150,-121,-73,-28,20,81,134,187,219,228,241,236,214,159,105,53,-4,-80,-141,-189,-228,-243,-245,-246,-221,-190,-144,-81,-31,25,87,143,190,229,265,280,281,258,224,171,105,37,-50,-128,-198,-266,-314,-344,-349,-324,-291,-232,-148,-62,39,131,216,286,336,373,370,356,319,261,188,94,-6,-106,-197,-283,-347,-392,-406,-48,-368,-317,-246,-157,-48,63,165,269,356,417,458,467,453,403,324,226,107,-23,-152,-276,-380,-456,-501,-527,-511,-456,-374,-267,-138,-4,128,255,364,453,518,543,538,499,426,330,213,89,-50,-184,-309,-419,-506,-569,-581,-562,-518,-442,-326,-189,-44,105,259,394,507,586,634,653,616,543,437,294,133,-38,-218,-381,-521,-631,-701,-728,-707,-631,-511,-363,-183,6,197,373,533,647,716,746,716,640,525,372,203,18,-169,-338,-485,-598,-672,-703,-689,-624,-533,-404,-249,-79,95,261,409,532,624,670,675,640,561,441,299,135,-44,-213,-365,-495,-593,-649,-672,-637,-566,419,5,9,927,821,570,469,336,181,18,-138,-298,-422,-514,-575,-592,-578,-526,-441,-328,-197,-72,72,195,307,391,447,489,498,470,426,365,283,187,83,-29,-138,-243,-336,-405,-454,-488,-497,-475,-419,-345,-260,-146,-16,117,242,350,455,533,569,587,563,503,411,284,138,-15,-185,-335,-468,-577,-650,-676,-660,-598,-501,-369,-210,-35,145,321,466,587,662,704,700,647,560,420,264,86,-99,-266,-420,-555,-645,-697,-705,-669,-589,-467,-307,-139,33,216,370,500,605,668,685,656,590,489,351,192,25,-142,-303,-441,-551,-621,-660,-649,-597,-514,-387,-244,-88,77,235,377,496,582,633,643,634,531,416,278,128,-32,-193,-334,-471,-566,-621,-639,-613,-555,-456,-314,-163,-6,164,322,455,562,630,654,629,563,464,330,172,4,-165,-320,-462,-557,-615,-635,-610,-537,-433,-305,-153,2,154,296,410,503,559,582,573,507,416,301,163,16,-128,-260,-384,-472,-520,-542,-534,-487,-412,-304,-180,-52,82,216,337,435,502,537,531,489,407,302,176,32,-117,-257,-378,-459,-507,-526,-503,-429,-327,-208,-76,66,202,314,396,448,463,440,387,301,196,77,-48,-161,-261,-330,-374,-385,-371,-320,-244,-142,-26,83,183,265,314,330,316,260,173,75,-33,-133,-196,-231,-217,-171,912,966,0,352,-69,-155,-142,-110,-54,13,83,146,194,219,221,194,153,93,23,-47,-114,-171,-215,-239,-240,-223,-187,-131,-66,1,65,126,179,217,234,222,201,173,130,77,22,-32,-75,-118,-145,-163,-177,-181,-173,-149,-127,-104,-78,-38,7,44,90,125,162,193,204,218,210,190,157,99,48,-9,-73,-143,-196,-230,-247,-258,-248,-206,-170,-113,-52,5,63,121,167,212,234,241,249,241,215,178,136,79,13,-58,-127,-192,-248,-282,-308,-314,-297,-266,-212,-133,-48,48,132,209,285,332,360,366,344,305,241,170,76,-25,-119,-211,-285,-348,-390,-401,-388,-350,-287,-207,-117,-9,-1135,185,268,340,396,429,429,406,364,283,192,82,-37,-158,-272,-363,-440,-489,-505,-486,-432,-350,-238,-124,11,148,277,379,467,522,537,525,475,397,296,171,34,-97,-229,-344,-438,-506,-548,-562,-531,-473,-385,-277,-143,8,143,274,402,508,576,611,615,577,496,385,248,101,-67,-239,-385,-516,-615,-671,-695,-672,-596,-480,-335,-164,14,204,383,527,644,716,742,712,641,527,372,199,3,-192,-367,-515,-631,-702,-730,-705,-633,-525,-388,-226,-52,133,304,447,565,645,688,685,639,551,431,279,111,-61,-228,-385,-515,-608,-668,-676,-645,-571,-464,-319,-160,15,186,331,653,779
61260,mtk,MTK 7916,860988780,rx1-tx0,512,0,-438,-359,633,617,573,479,351,217,52,-131,-297,-451,-576,-679,-740,-759,-728,-655,-527,-353,-177,30,249,451,636,776,872,910,884,806,666,483,246,5,-248,-501,-710,-879,-997,-1038,-1018,-917,-756,-547,-287,-10,275,533,752,941,1050,1091,1059,948,773,543,282,15,-266,-515,-718,-890,-1000,-1043,-1022,-924,-765,-574,-342,-86,163,407,637,802,917,973,974,923,796,613,402,169,-76,-315,-526,-711,-851,-920,-942,-899,-801,-650,-450,-229,-4,221,447,625,771,858,886,865,788,652,485,279,61,-153,-360,-541,-681,-777,-811,-803,-733,-621,-461,-291,-97,104,285,438,567,652,701,701,664,-277,449,300,146,-13,-169,-313,-431,-525,-583,-602,-589,-541,-466,-365,-238,-105,33,177,298,408,496,563,577,557,521,439,339,212,80,-55,-195,-321,-423,-506,-561,-584,-581,-527,-445,-350,-222,-81,59,207,357,470,581,660,682,667,606,500,371,203,14,-185,-375,-551,-698,-788,-835,-824,-741,-604,-413,-194,47,288,519,715,862,931,917,850,707,509,272,19,-248,-485,-667,-806,-881,-870,-799,-680,-512,-284,-59,162,365,533,652,715,727,685,587,449,279,95,-92,-263,-407,-513,-577,-598,-564,-487,-373,-238,-76,94,241,360,452,490,483,417,307,164,12,-129,-242,-309,-312,35,-210,0,391,692,-49,-71,-84,-82,-66,-45,-16,15,49,84,107,131,133,120,106,82,41,2,-45,-83,-117,-149,-168,-170,-162,-152,-115,-81,-32,9,68,118,168,206,231,243,236,207,171,118,48,-28,-97,-171,-245,-296,-330,-344,-318,-285,-223,-137,-33,67,165,272,361,426,446,442,405,339,234,100,-33,-179,-314,-412,-494,-529,-509,-465,-390,-275,-153,-1,135,275,380,449,492,503,480,420,325,207,85,-42,-170,-280,-365,-423,-447,-439,-396,-342,-266,-166,-60,26,117,204,253,301,329,333,325,303,268,223,173,111,36,-40,-126,-193,-262,-319,-362,-392,-395,-369,-321,-250,-152,489,70,190,303,397,466,519,517,495,435,338,215,73,-78,-218,-339,-456,-543,-594,-598,-564,-492,-390,-255,-102,66,220,360,481,573,634,641,609,543,438,294,136,-18,-195,-357,-482,-580,-647,-672,-646,-587,-489,-360,-201,-37,124,278,424,540,626,668,674,626,552,455,312,160,-15,-178,-335,-482,-606,-684,-722,-725,-684,-585,-453,-293,-99,96,300,483,646,762,817,823,773,661,499,312,91,-125,-330,-512,-653,-748,-795,-778,-707,-595,-451,-278,-93,104,279,424,542,622,660,666,625,548,442,310,174,31,-118,-260,-377,-476,-549,-592,-602,-575,-519,-432,-325,-191,-49,105,-717,-437,0,-37,-269,-13,-166,-318,-461,-563,-640,-693,-694,-644,-562,-440,-291,-117,68,258,432,605,715,789,832,807,728,598,421,223,-10,-233,-458,-659,-826,-935,-972,-963,-869,-714,-518,-275,-10,264,524,740,921,1036,1076,1041,929,770,547,277,0,-281,-547,-771,-941,-1037,-1072,-1044,-930,-772,-559,-307,-46,218,471,676,848,966,1014,988,915,778,596,380,134,-115,-361,-588,-765,-890,-960,-966,-910,-805,-655,-438,-199,41,279,491,680,817,894,910,887,796,650,483,268,43,-181,-398,-582,-729,-831,-862,-834,-762,-641,-480,-284,-76,136,332,501,636,717,767,754,694,597,461,299,122,-57,-229,315,-501,-586,-629,-642,-617,-559,-460,-340,-193,-47,99,237,355,462,535,574,584,551,484,400,298,168,18,-112,-242,-363,-456,-531,-561,-569,-539,-478,-388,-280,-150,-16,126,267,378,478,562,601,615,598,529,432,319,157,-18,-190,-358,-500,-620,-712,-748,-738,-679,-576,-415,-224,-20,211,430,625,779,873,905,866,761,591,373,112,-142,-389,-619,-793,-898,-934,-894,-775,-607,-403,-151,100,320,516,685,786,804,777,690,558,381,183,-24,-219,-395,-530,-629,-667,-657,-590,-488,-344,-186,-12,160,308,423,501,543,527,460,365,232,80,-79,-226,-340,-410,-421,-379,-289,-162,-29,436,381,0,-675,-369,-34,-21,6,38,66,86,105,108,106,83,58,22,-24,-63,-88,-122,-141,-151,-147,-128,-105,-75,-30,21,59,108,146,173,188,197,195,171,141,95,41,-23,-90,-152,-204,-248,-273,-282,-278,-254,-200,-127,-53,43,131,209,293,358,395,394,380,330,247,125,-2,-128,-245,-353,-450,-498,-499,-469,-396,-315,-206,-57,97,228,353,439,499,527,506,454,354,243,119,-19,-155,-280,-381,-441,-473,-476,-450,-379,-290,-181,-67,54,155,240,320,371,381,368,356,303,239,176,101,23,-51,-123,-182,-233,-276,-315,-330,-336,-322,-294,-248,-182,-101,-8,87,183,273,361,427,-571,466,442,384,294,188,59,-76,-199,-327,-436,-509,-550,-555,-517,-456,-357,-231,-84,69,217,356,472,558,609,620,585,519,409,275,119,-48,-206,-358,-491,-592,-641,-660,-636,-557,-452,-321,-167,8,172,332,469,576,642,659,649,599,512,395,252,96,-78,-247,-378,-506,-603,-667,-693,-667,-614,-523,-394,-229,-59,120,303,473,609,722,781,782,739,643,507,318,111,-109,-322,-519,-669,-776,-834,-824,-765,-644,-476,-284,-78,133,321,482,613,700,737,723,656,557,436,281,126,-40,-201,-343,-464,-547,-592,-615,-610,-560,-476,-375,-249,-114,35,175,306,419,513,579,609,606,-300,-640
61261,mtk,MTK 7916,860988780,rx1-tx1,512,0,0,0,-628,-724,-629,-369,7,391,668,763,656,376,-7,-394,-671,-772,-661,-372,0,370,643,734,612,337,-20,-366,-603,-665,-542,-272,74,391,592,628,478,190,-144,-435,-606,-601,-413,-110,219,484,621,570,352,36,-290,-538,-633,-540,-298,27,351,587,654,541,275,-73,-402,-613,-656,-520,-235,108,418,613,636,477,202,-138,-433,-594,-588,-421,-131,191,451,579,548,355,54,-257,-491,-586,-516,-295,20,325,534,596,508,275,-47,-366,-575,-623,-505,-249,76,372,563,613,495,237,-79,-375,-575,-612,-482,-223,86,377,558,580,455,212,-82,-344,-501,-522,-410,-184,83,314,448,0,327,128,-96,-282,-368,-348,-223,-31,167,314,353,276,124,-73,-259,-372,-372,-251,-54,169,355,442,403,248,15,-240,-437,-521,-461,-268,3,283,501,595,524,309,2,-308,-543,-634,-562,-343,-20,314,563,671,602,368,28,-317,-574,-684,-622,-386,-52,294,572,704,635,400,61,-307,-589,-723,-671,-430,-89,271,567,727,695,484,146,-229,-543,-723,-728,-545,-224,145,467,672,706,564,287,-53,-376,-592,-657,-565,-336,-26,273,483,573,528,357,97,-183,-399,-508,-493,-356,-143,94,294,418,439,355,192,-6,-193,-333,-393,-364,-261,-109,54,193,282,314,285,210,120,16,0,0,0,0,0,84,-65,-229,-383,-487,-515,-438,-260,-10,257,490,635,651,525,276,-47,-369,-624,-744,-696,-477,-137,238,570,768,776,608,289,-115,-498,-760,-833,-695,-377,39,454,755,867,761,453,9,-443,-777,-917,-818,-508,-57,420,796,968,889,573,97,-405,-807,-1012,-949,-641,-159,366,803,1025,971,671,200,-339,-792,-1027,-997,-700,-209,330,777,1016,980,688,214,-325,-770,-1002,-961,-660,-170,358,783,1001,944,630,133,-401,-822,-1027,-956,-608,-89,457,887,1077,977,607,60,-509,-948,-1141,-1031,-635,-64,533,1000,1202,1088,693,101,-521,-1013,-1250,-1149,-743,-154,473,982,1233,1149,762,180,0,-958,-1196,-1116,-749,-172,452,940,1173,1082,694,125,-477,-951,-1173,-1063,-662,-78,528,992,1190,1068,648,45,-567,-1026,-1217,-1077,-636,-15,600,1059,1240,1087,646,23,-597,-1044,-1216,-1058,-620,-21,579,1022,1181,1013,574,-5,-572,-978,-1108,-929,-494,75,602,943,1016,804,367,-171,-663,-961,-977,-708,-236,303,760,1008,974,665,166,-384,-834,-1062,-999,-656,-137,421,881,1095,1007,653,133,-420,-865,-1080,-997,-653,-143,391,814,1018,950,624,138,-362,-751,-929,-855,-562,-129,324,668,817,733,448,58,-335,-620,-714,-596,-325,32,376,600,643,486,192,-155,-457,-632,-615,-408,-86,261,535,0,0,0,0,0,356,-10,-380,-654,-763,-668,-381,12,401,680,779,668,383,-6,-390,-663,-752,-647,-369,8,376,633,703,577,298,-55,-389,-606,-643,-504,-229,114,417,592,602,441,149,-188,-473,-616,-576,-374,-68,260,520,629,557,322,-1,-321,-562,-648,-549,-286,56,376,595,659,540,267,-87,-410,-615,-642,-503,-215,129,424,599,609,449,164,-167,-441,-585,-562,-387,-92,225,471,579,527,322,18,-300,-530,-608,-515,-271,53,355,559,615,506,259,-65,-369,-574,-628,-507,-241,87,377,571,617,490,231,-84,-371,-561,-593,-467,-223,85,365,532,556,433,193,-87,-322,-469,-489,-370,-154,0,299,416,409,283,79,-134,-300,-369,-318,-175,18,210,340,357,265,89,-121,-309,-411,-390,-258,-35,209,398,484,437,258,-2,-268,-467,-546,-482,-283,1,296,516,607,540,323,16,-308,-555,-655,-585,-351,-25,306,562,681,619,385,45,-307,-572,-694,-638,-399,-50,304,584,710,656,426,77,-292,-589,-728,-674,-452,-116,251,561,730,713,515,182,-192,-508,-695,-719,-558,-253,104,425,636,684,568,315,-12,-327,-545,-621,-549,-348,-66,221,441,545,510,350,117,-132,-340,-453,-460,-355,-166,47,244,374,415,359,224,42,-134,-271,-348,-354,-287,-170,-34,88,179,227,228,0,0,0,0,0,350,394,370,264,89,-127,-345,-516,-599,-564,-406,-151,154,443,644,706,619,386,49,-309,-603,-769,-754,-552,-224,165,529,761,806,661,348,-68,-471,-755,-847,-727,-418,11,434,751,883,789,476,33,-424,-777,-935,-857,-544,-75,419,798,981,930,626,138,-391,-809,-1027,-976,-663,-185,345,788,1029,995,694,212,-330,-785,-1018,-977,-685,-212,322,773,1012,975,675,191,-343,-775,-994,-949,-645,-162,375,799,1008,945,617,106,-429,-854,-1054,-961,-594,-67,481,909,1098,997,619,60,-535,-998,-1190,-1070,-671,-86,537,1012,1221,1120,725,132,-497,-998,-1244,-1162,-771,-178,458,967,1216,0,767,187,-438,-940,-1179,-1106,-733,-151,459,941,1167,1067,673,97,-504,-969,-1174,-1057,-649,-58,558,1020,1207,1069,642,40,-583,-1059,-1241,-1078,-638,-31,601,1073,1245,1088,642,22,-603,-1046,-1197,-1045,-609,-10,582,1002,1147,972,543,-22,-574,-960,-1072,-864,-422,116,621,950,992,752,300,-235,-707,-978,-963,-676,-194,355,812,1036,976,656,148,-416,-860,-1074,-1007,-665,-133,428,870,1083,1010,665,142,-417,-853,-1059,-979,-642,-146,373,788,975,901,596,140,-341,-719,-886,-801,-509,-90,328,635,761,667,382,5,-352,-600,-667,-541,-259,93,411,602,611,444,143,-198,-496,-653,-609,-382,0,0
61262,mtk,MTK 7916,860988780,rx2-tx0,512,0,0,0,-1101,-1182,-950,-445,201,805,1196,1272,1005,458,-223,-857,-1266,-1343,-1050,-466,241,894,1310,1368,1056,458,-267,-921,-1323,-1367,-1038,-420,314,958,1339,1348,994,368,-361,-991,-1338,-1313,-931,-293,430,1028,1338,1278,862,207,-499,-1065,-1334,-1230,-784,-120,573,1103,1318,1163,687,26,-631,-1108,-1279,-1081,-577,74,700,1123,1216,967,449,-188,-764,-1111,-1137,-842,-304,319,844,1121,1067,702,139,-465,-933,-1136,-1010,-581,17,609,1038,1168,959,468,-160,-756,-1149,-1210,-933,-392,268,867,1228,1253,930,337,-357,-955,-1297,-1286,-918,-293,413,1022,1345,1297,895,254,-466,-1067,-1372,-1303,-890,-224,504,1101,1401,0,866,187,-539,-1118,-1395,-1293,-828,-138,583,1157,1412,1272,790,88,-650,-1211,-1440,-1280,-776,-50,701,1265,1489,1304,765,14,-748,-1313,-1527,-1335,-780,-8,769,1347,1564,1366,805,21,-773,-1352,-1570,-1376,-820,-42,752,1354,1584,1394,842,63,-723,-1318,-1572,-1405,-867,-104,683,1285,1538,1382,866,127,-644,-1235,-1494,-1357,-873,-165,579,1172,1451,1350,906,232,-499,-1095,-1402,-1343,-952,-324,376,961,1287,1288,969,414,-225,-787,-1137,-1196,-962,-493,80,608,963,1070,912,538,48,-432,-787,-934,-848,-563,-160,264,606,788,778,586,273,-84,-409,-624,-691,-613,-411,-143,129,353,487,517,453,324,163,0,0,0,0,0,403,344,209,1,-239,-469,-628,-675,-585,-360,-38,317,620,800,806,624,285,-132,-540,-832,-934,-812,-485,-27,455,835,1025,961,654,166,-386,-855,-1118,-1112,-811,-290,313,849,1189,1232,953,423,-222,-827,-1228,-1327,-1083,-555,126,790,1252,1389,1168,642,-54,-748,-1253,-1438,-1252,-739,-26,691,1228,1445,1292,802,103,-628,-1178,-1411,-1282,-823,-150,553,1091,1345,1239,799,160,-511,-1025,-1259,-1146,-730,-127,502,984,1184,1048,633,54,-530,-952,-1102,-944,-522,47,597,976,1072,858,410,-154,-677,-1009,-1057,-804,-321,254,765,1066,1067,770,255,-338,-856,-1132,-1098,-764,-211,401,909,1175,1117,749,0,-458,-960,-1204,-1117,-713,-110,523,1015,1229,1104,671,47,-589,-1068,-1254,-1093,-627,27,679,1147,1304,1098,584,-94,-754,-1216,-1350,-1108,-560,136,806,1266,1379,1111,537,-184,-854,-1294,-1381,-1090,-504,219,878,1286,1344,1045,452,-262,-888,-1274,-1308,-968,-365,323,909,1239,1217,855,259,-401,-937,-1207,-1139,-749,-150,480,965,1177,1058,641,50,-544,-978,-1136,-969,-531,50,606,986,1083,878,431,-132,-648,-968,-1015,-779,-323,212,676,935,917,642,189,-307,-704,-887,-809,-493,-34,423,751,857,703,333,-132,-561,-817,-841,-618,-198,280,683,900,850,544,77,-425,-819,-981,-861,-493,31,561,940,0,0,0,0,0,431,-174,-756,-1147,-1231,-979,-456,206,828,1241,1318,1035,469,-230,-871,-1289,-1357,-1059,-472,248,906,1319,1364,1037,435,-290,-939,-1330,-1357,-1011,-391,340,973,1339,1339,969,331,-393,-1010,-1340,-1294,-891,-247,465,1046,1331,1243,807,157,-538,-1086,-1326,-1195,-736,-73,605,1108,1300,1124,633,-24,-667,-1117,-1241,-1019,-516,133,730,1114,1177,901,370,-262,-807,-1113,-1099,-771,-222,389,881,1121,1037,646,64,-537,-988,-1151,-976,-520,94,690,1093,1185,940,430,-216,-818,-1192,-1234,-929,-362,310,913,1268,1272,923,312,-392,-990,-1323,-1295,-912,-272,449,1047,1363,1312,902,242,-487,-1079,-1387,-1313,-876,-207,0,1111,1391,1293,848,170,-564,-1139,-1400,-1279,-805,-111,617,1180,1420,1271,775,64,-671,-1229,-1452,-1287,-765,-26,726,1287,1499,1309,771,17,-756,-1331,-1548,-1351,-787,-15,764,1343,1563,1365,806,31,-761,-1348,-1579,-1392,-830,-48,745,1337,1581,1404,847,79,-710,-1307,-1556,-1393,-866,-117,658,1258,1516,1374,876,150,-611,-1203,-1476,-1360,-890,-199,543,1134,1425,1356,929,270,-443,-1036,-1361,-1325,-955,-373,298,889,1231,1254,968,452,-156,-703,-1059,-1142,-940,-523,14,518,872,1001,880,550,106,-345,-695,-860,-810,-576,-220,175,513,713,743,606,342,18,-290,-514,-620,-596,-462,-256,-31,165,299,365,0,0,0,0,0,135,312,463,551,538,413,188,-106,-405,-641,-752,-706,-502,-166,226,576,817,875,721,385,-61,-503,-838,-983,-887,-565,-95,412,840,1079,1039,729,223,-353,-855,-1157,-1173,-885,-360,264,832,1214,1290,1030,496,-174,-807,-1244,-1366,-1128,-597,88,758,1247,1423,1223,694,-14,-722,-1250,-1459,-1286,-769,-63,653,1202,1432,1295,821,126,-587,-1137,-1382,-1263,-818,-165,521,1062,1305,1198,775,151,-497,-990,-1213,-1103,-685,-96,508,970,1143,994,582,9,-559,-957,-1085,-902,-463,101,634,987,1059,824,356,-208,-722,-1039,-1062,-784,-282,304,813,1102,1084,764,231,-377,-887,-1157,-1104,-752,-194,428,938,0,1116,733,148,-484,-986,-1215,-1112,-695,-84,553,1043,1243,1099,649,13,-634,-1106,-1277,-1098,-604,64,713,1175,1323,1102,576,-120,-799,-1257,-1364,-1109,-554,163,842,1281,1377,1106,525,-205,-867,-1296,-1373,-1071,-479,238,884,1282,1322,1006,416,-289,-902,-1255,-1255,-910,-317,350,914,1219,1178,808,216,-435,-952,-1194,-1098,-694,-102,513,975,1157,1018,591,5,-573,-984,-1112,-931,-493,83,625,980,1053,827,374,-170,-660,-954,-969,-709,-258,258,689,911,866,573,116,-368,-730,-868,-752,-418,42,487,785,851,660,269,-208,-625,-860,-847,-581,-137,352,750,938,855,521,24,-495,-885,-1033,-889,-484,0,0
61263,mtk,MTK 7916,860988780,rx2-tx1,512,0,0,0,1139,839,303,-320,-860,-1175,-1170,-850,-292,352,898,1198,1178,848,284,-367,-909,-1204,-1180,-825,-251,386,912,1183,1135,779,213,-401,-899,-1146,-1073,-704,-152,432,890,1094,984,600,53,-497,-901,-1038,-879,-469,76,590,930,996,778,335,-215,-702,-985,-981,-694,-206,345,806,1038,976,632,99,-465,-898,-1084,-959,-563,-5,563,970,1095,907,460,-123,-679,-1049,-1128,-883,-377,246,808,1153,1172,868,318,-340,-912,-1246,-1240,-887,-291,392,984,1325,1316,945,310,-409,-1011,-1345,-1332,-975,-344,385,1000,1342,1330,971,358,-349,-956,-1309,-1308,-959,-361,317,897,1243,1259,935,375,-266,-822,-1142,-1147,0,-343,245,740,1014,1011,741,274,-257,-702,-930,-890,-606,-161,321,697,866,785,480,40,-409,-734,-841,-708,-365,79,492,765,816,618,238,-214,-613,-839,-830,-577,-144,344,754,952,878,554,55,-475,-894,-1083,-985,-608,-49,546,1019,1228,1111,705,101,-547,-1059,-1301,-1216,-805,-173,510,1076,1372,1305,911,285,-428,-1039,-1390,-1387,-1030,-414,306,958,1359,1425,1142,585,-122,-801,-1255,-1400,-1226,-739,-82,555,1041,1278,1194,820,269,-318,-812,-1089,-1083,-821,-386,123,576,865,938,786,446,20,-383,-681,-807,-733,-496,-161,193,487,662,678,542,312,34,-233,-433,-532,-521,-421,-261,-86,75,0,0,0,0,0,-193,0,209,419,578,643,583,400,130,-182,-472,-673,-726,-616,-368,-29,323,607,757,722,503,163,-220,-556,-753,-761,-580,-247,159,532,773,816,645,300,-137,-539,-809,-880,-722,-367,89,541,858,952,788,421,-58,-534,-875,-983,-842,-474,31,530,882,1010,874,509,-5,-519,-894,-1039,-907,-528,-11,516,908,1061,921,541,15,-519,-907,-1051,-919,-544,-17,514,899,1034,890,513,-2,-519,-895,-1024,-867,-483,33,537,893,1003,842,448,-71,-569,-919,-1017,-839,-430,93,588,925,1016,829,427,-84,-580,-916,-997,-806,-407,102,581,892,960,764,358,-138,-596,-882,-925,-719,-315,177,0,880,900,675,262,-219,-628,-860,-854,-613,-205,255,635,828,792,529,118,-318,-665,-818,-719,-410,13,446,747,827,675,318,-142,-565,-838,-876,-665,-254,242,672,921,921,666,207,-316,-747,-979,-951,-656,-172,369,807,1012,948,623,118,-425,-850,-1027,-914,-539,-19,503,893,1032,867,455,-90,-614,-963,-1045,-827,-375,189,701,1022,1065,806,309,-284,-799,-1092,-1089,-772,-237,366,874,1146,1101,749,184,-437,-945,-1194,-1118,-741,-155,482,980,1209,1119,724,128,-502,-989,-1197,-1085,-681,-88,523,978,1165,1026,603,27,-558,-989,-1135,-962,-529,52,623,1012,1110,895,433,-153,-696,-1047,-1112,0,0,0,0,0,290,822,1141,1157,846,300,-324,-874,-1194,-1187,-856,-291,354,899,1201,1184,841,266,-375,-908,-1198,-1160,-803,-233,393,909,1166,1102,749,198,-407,-896,-1124,-1030,-654,-111,458,891,1064,934,531,-13,-545,-910,-1013,-821,-392,146,646,959,990,731,267,-287,-767,-1012,-967,-661,-160,400,857,1060,963,594,50,-521,-941,-1090,-938,-511,63,618,1006,1113,900,419,-181,-743,-1097,-1141,-872,-351,295,865,1199,1213,887,306,-367,-954,-1295,-1292,-932,-309,398,999,1338,1326,956,329,-385,-998,-1348,-1336,-966,-343,370,978,1324,1324,973,367,-328,-932,-1278,-1280,-948,-377,282,854,1188,1203,902,366,-253,0,-1075,-1088,-801,-313,233,705,967,947,663,210,-284,-688,-886,-822,-529,-91,362,709,842,731,420,-13,-445,-744,-824,-660,-305,140,548,799,816,599,190,-286,-676,-886,-851,-558,-87,415,815,1019,934,573,41,-522,-961,-1153,-1048,-649,-67,548,1044,1267,1162,760,135,-543,-1081,-1346,-1269,-863,-228,478,1066,1378,1341,970,342,-386,-1011,-1388,-1413,-1091,-503,220,889,1328,1440,1199,665,-9,-670,-1165,-1359,-1209,-786,-188,433,925,1181,1149,838,341,-210,-694,-980,-1012,-802,-414,50,479,774,869,754,465,91,-290,-591,-738,-706,-519,-228,91,373,561,622,555,386,158,-70,-259,-375,-404,-361,0,0,0,0,0,-434,-518,-515,-412,-212,46,315,546,677,677,535,265,-73,-402,-645,-745,-671,-442,-106,269,581,751,742,546,208,-189,-545,-764,-787,-616,-282,145,541,796,852,689,335,-111,-542,-834,-914,-757,-393,77,527,860,973,832,464,-38,-526,-874,-996,-857,-492,15,523,889,1024,886,510,2,-516,-907,-1054,-911,-527,-8,516,905,1048,917,538,6,-519,-897,-1039,-904,-530,-14,505,891,1028,877,494,-19,-525,-886,-1009,-854,-463,53,553,903,1016,842,433,-90,-595,-932,-1022,-846,-434,97,589,928,1010,823,423,-88,-571,-899,-979,-795,-387,126,588,874,930,739,341,-145,-588,-875,-919,0,-298,185,608,865,875,637,231,-229,-623,-847,-829,-578,-167,287,644,815,754,475,53,-380,-700,-816,-691,-363,80,500,783,844,657,273,-196,-627,-888,-906,-662,-233,272,717,973,950,663,192,-333,-768,-999,-954,-639,-144,390,815,1020,934,579,61,-468,-867,-1026,-890,-504,33,558,924,1034,848,414,-141,-661,-997,-1054,-814,-339,234,744,1051,1066,782,275,-321,-834,-1117,-1082,-752,-205,409,913,1170,1110,740,164,-470,-973,-1207,-1122,-729,-132,491,984,1217,1111,697,105,-506,-979,-1186,-1064,-646,-51,547,985,1148,993,572,-3,-577,-987,-1119,-933,-486,99,656,1027,1105,873,394,-191,0,0
61264,mtk,MTK 7916,861030160,rx0-tx0,512,-330,4,245,-314,-95,141,359,537,673,752,757,696,575,399,196,-26,-247,-442,-594,-702,-741,-727,-644,-502,-320,-114,109,320,516,666,758,779,737,623,453,251,13,-232,-456,-632,-766,-825,-806,-726,-559,-343,-106,151,392,601,761,840,851,778,642,438,193,-58,-308,-529,-699,-820,-858,-805,-696,-526,-299,-56,191,430,625,764,842,831,750,608,401,153,-102,-340,-562,-725,-823,-837,-771,-642,-453,-221,35,280,495,664,762,792,749,636,467,252,26,-211,-408,-568,-675,-720,-689,-605,-472,-299,-101,100,294,449,573,629,633,575,474,340,170,-9,-185,-338,-471,-539,-569,-552,-488,-387,-26,-95,65,223,361,469,538,564,533,452,334,192,25,-143,-299,-432,-530,-578,-568,-503,-402,-258,-83,96,268,416,526,580,593,546,453,305,129,-59,-226,-384,-514,-584,-609,-575,-486,-355,-190,2,186,363,501,596,629,609,526,391,216,15,-189,-379,-531,-637,-666,-631,-539,-389,-186,31,246,428,571,654,658,587,462,279,68,-139,-321,-477,-566,-579,-532,-428,-281,-113,45,187,313,392,419,397,340,249,149,40,-60,-154,-220,-252,-261,-250,-214,-162,-106,-39,28,83,134,162,170,171,159,133,95,48,-3,-55,-95,-130,-151,-146,-127,-93,-42,15,64,105,123,112,-625,-448,510,-1063,-959,147,186,188,154,96,10,-85,-167,-227,-266,-272,-242,-179,-92,8,110,197,270,321,338,324,285,198,85,-37,-159,-276,-378,-449,-475,-458,-379,-253,-93,85,271,436,575,648,662,598,471,276,45,-204,-444,-643,-783,-839,-799,-685,-490,-226,72,375,628,839,960,975,885,701,439,121,-211,-527,-786,-966,-1052,-1022,-886,-660,-358,-17,309,621,869,1016,1059,996,839,595,297,-32,-356,-650,-863,-992,-1025,-970,-810,-568,-281,39,344,624,837,967,1002,941,798,574,298,-10,-306,-579,-790,-929,-980,-937,-802,-583,-319,-31,263,528,745,890,943,909,785,594,349,74,-206,-470,301,-811,-876,-869,-789,-626,-412,-163,95,339,563,734,830,869,829,708,532,308,46,-225,-475,-683,-835,-920,-904,-814,-653,-420,-145,135,405,648,821,914,939,867,725,518,260,-18,-297,-552,-762,-900,-965,-941,-831,-644,-402,-123,176,452,698,889,994,1014,928,763,536,252,-63,-374,-650,-876,-1010,-1060,-1010,-866,-626,-339,-17,315,607,846,993,1061,1015,875,661,377,74,-237,-528,-755,-902,-983,-966,-844,-667,-426,-150,136,403,628,788,888,904,833,696,496,254,-7,-260,-496,-680,-794,-840,-811,-720,-559,-354,-109,136,364,568,706,786,796,732,605,433,210,-25,-249,-450,-620,-806,-981,-82,822,789,698,770,767,682,542,357,141,-89,-300,-494,-642,-725,-750,-704,-600,-451,-256,-46,171,379,553,675,746,749,691,577,402,189,-46,-270,-484,-641,-759,-812,-786,-673,-511,-301,-54,186,422,629,765,838,835,749,602,391,148,-109,-356,-571,-737,-829,-845,-794,-666,-484,-257,4,252,472,663,793,838,821,724,558,353,103,-151,-385,-590,-753,-832,-830,-761,-628,-428,-190,68,309,526,695,800,817,759,638,458,241,6,-232,-448,-620,-725,-760,-724,-617,-466,-274,-57,161,354,518,627,675,664,592,476,317,127,-66,-247,-396,-511,-580,-593,-551,-477,-352,-201,-44,123,276,402,628,552,555,511,420,295,147,-15,-182,-329,-445,-529,-573,-549,-481,-366,-224,-55,121,280,416,523,579,581,529,429,280,111,-69,-248,-401,-526,-593,-603,-559,-471,-330,-158,20,207,375,502,586,610,590,507,379,201,15,-180,-356,-508,-609,-653,-629,-540,-403,-217,-5,202,396,552,652,677,634,521,356,146,-84,-289,-463,-587,-638,-612,-526,-384,-190,-3,179,336,452,503,487,439,338,207,63,-73,-187,-268,-316,-328,-314,-270,-195,-114,-31,49,120,170,204,219,203,178,142,88,43,-10,-59,-105,-141,-160,-163,-151,-125,-89,-34,25,73,117,144,145,125,87,30,-11,509,681,-82,189,495,80,14,-72,-147,-208,-242,-233,-194,-128,-43,60,151,228,281,307,297,252,182,85,-22,-131,-236,-331,-382,-397,-377,-320,-231,-100,45,208,356,473,545,569,527,433,271,78,-138,-352,-540,-687,-760,-749,-650,-475,-250,20,294,544,749,876,919,854,699,468,169,-151,-457,-723,-922,-1025,-1017,-898,-678,-392,-63,278,588,844,1008,1056,1003,862,617,315,-15,-343,-643,-874,-1009,-1049,-982,-816,-572,-278,40,355,643,853,980,1013,950,798,567,287,-29,-326,-600,-814,-950,-989,-937,-802,-584,-313,-12,285,553,768,904,960,920,794,598,335,47,-247,-509,-719,-861,-920,-896,-782,-176,-368,-103,152,403,615,769,862,869,809,673,468,227,-25,-286,-518,-703,-831,-893,-870,-769,-597,-372,-97,182,437,664,833,921,921,845,688,455,203,-84,-361,-604,-795,-911,-948,-901,-781,-583,-338,-56,232,506,730,893,975,976,884,721,473,185,-129,-423,-677,-871,-1003,-1035,-971,-819,-581,-293,18,330,621,857,1005,1069,1021,880,650,365,46,-288,-575,-814,-963,-1023,-999,-869,-655,-397,-111,199,470,694,859,942,932,837,669,451,201,-70,-331,-558,-733,-839,-865,-820,-706,-520,-301,-55,190,423,612,750,821,806,733,585,387,164,-75,-308,-499,-665,-765,-793,-745,-643,-478,-705,-438
61265,mtk,MTK 7916,861030160,rx0-tx1,512,-686,-772,-929,211,382,530,614,639,608,520,375,206,30,-156,-320,-451,-532,-566,-552,-489,-380,-249,-102,58,201,322,423,475,489,476,421,327,218,93,-51,-188,-306,-397,-466,-497,-487,-438,-356,-240,-111,51,190,329,446,539,568,552,496,389,244,72,-109,-293,-444,-564,-637,-643,-600,-493,-341,-157,50,252,431,575,670,692,660,560,417,230,15,-202,-398,-560,-673,-715,-696,-612,-466,-276,-68,144,347,520,640,696,694,628,508,338,141,-78,-279,-446,-582,-662,-675,-634,-529,-378,-199,-6,196,374,519,615,659,639,557,424,256,65,-130,-317,-471,-580,-640,-636,-579,-460,-304,-127,-38,258,421,544,615,641,590,491,352,182,-14,-208,-380,-513,-607,-640,-614,-535,-396,-219,-23,174,354,507,607,648,623,536,406,231,37,-162,-348,-496,-592,-628,-610,-532,-401,-232,-48,142,312,442,535,585,572,501,385,240,73,-94,-257,-398,-498,-548,-540,-491,-393,-262,-104,55,211,353,456,509,534,494,410,294,137,-26,-194,-335,-452,-516,-538,-502,-403,-273,-101,71,230,369,458,502,500,439,328,189,32,-120,-268,-373,-437,-455,-423,-344,-230,-99,46,181,294,367,399,381,318,224,106,-19,-140,-255,-321,-348,-331,-262,-156,-35,89,194,259,277,240,163,61,-38,24,-276,0,437,690,26,-40,-115,-168,-198,-194,-158,-92,-5,75,145,202,233,230,194,146,73,-11,-93,-163,-213,-238,-236,-210,-155,-84,-8,68,135,192,217,220,205,165,116,54,-15,-69,-116,-151,-176,-180,-167,-149,-121,-86,-45,2,43,90,131,167,192,197,187,165,122,70,-3,-76,-139,-196,-232,-246,-235,-201,-153,-85,-9,76,142,194,232,248,245,216,177,122,53,-21,-90,-162,-214,-243,-253,-257,-238,-187,-131,-53,36,125,200,264,313,329,308,263,185,95,-8,-124,-222,-294,-345,-367,-353,-301,-223,-126,-13,103,204,292,357,386,386,342,271,173,53,-69,-183,-290,-363,-48,-412,-385,-324,-232,-110,20,152,269,365,439,471,453,397,306,184,35,-116,-256,-383,-474,-523,-514,-465,-369,-237,-74,85,244,379,472,533,544,489,407,282,133,-22,-181,-335,-452,-528,-559,-539,-477,-375,-231,-68,97,262,404,508,576,595,560,475,345,181,-3,-196,-365,-508,-612,-662,-649,-576,-448,-280,-70,141,339,518,645,719,714,646,527,342,122,-106,-318,-506,-653,-727,-731,-677,-555,-373,-167,56,280,473,619,698,721,679,569,415,222,7,-205,-391,-545,-653,-691,-674,-591,-457,-283,-83,119,321,491,613,677,683,620,495,327,138,-67,-268,-446,-576,-650,-660,-601,-297,9,-621,-360,620,528,388,201,8,-186,-363,-499,-577,-610,-588,-507,-378,-220,-56,115,273,396,478,522,523,477,403,291,151,13,-123,-255,-361,-429,-480,-485,-453,-382,-289,-167,-28,116,248,365,448,512,527,493,427,321,181,9,-149,-310,-447,-547,-602,-607,-554,-444,-304,-118,76,266,446,577,660,683,638,538,386,190,-23,-230,-422,-566,-672,-713,-686,-590,-445,-251,-40,176,377,543,655,698,689,612,480,297,100,-107,-307,-481,-610,-681,-690,-626,-517,-363,-168,34,235,413,551,636,669,634,540,400,232,39,-165,-347,-492,-594,-643,-637,-572,-445,-286,-99,88,276,441,555,621,634,590,481,332,155,-40,-236,-398,-527,-611,-640,-602,-510,-371,-196,1,195,369,516,607,646,623,543,409,230,31,-177,-354,-504,-601,-638,-621,-540,-405,-229,-37,155,329,471,562,607,587,514,390,244,67,-118,-287,-425,-517,-566,-560,-503,-395,-253,-91,72,232,375,475,527,526,488,400,270,124,-31,-201,-333,-448,-514,-530,-498,-419,-295,-133,33,208,347,456,524,521,476,376,235,79,-91,-254,-376,-458,-485,-465,-398,-280,-148,4,149,279,368,421,426,378,290,171,41,-96,-216,-304,-356,-364,-336,-259,-145,-23,105,215,286,312,297,231,130,9,-102,-181,-215,-193,-971,-940,0,-658,-382,-149,-163,-140,-85,-15,71,143,199,219,206,172,111,28,-58,-130,-186,-232,-240,-223,-175,-113,-38,45,122,187,222,237,223,188,135,61,-9,-80,-139,-179,-205,-204,-185,-150,-109,-54,0,42,74,109,142,166,173,167,151,127,91,41,-18,-68,-125,-175,-213,-234,-219,-194,-147,-80,-2,75,148,206,245,257,244,205,157,93,22,-47,-119,-173,-222,-247,-253,-240,-208,-145,-78,-12,53,137,201,250,286,291,273,228,168,78,-23,-122,-214,-287,-330,-355,-338,-283,-202,-107,0,113,217,302,360,386,368,318,243,144,31,-88,-204,-295,-365,-405,-399,-365,-290,-184,-1135,49,165,271,361,420,440,419,365,276,156,10,-134,-265,-376,-462,-504,-489,-438,-339,-209,-52,109,258,391,485,532,529,483,385,253,100,-76,-230,-360,-467,-534,-549,-525,-445,-324,-181,-21,143,293,425,526,571,573,522,422,288,129,-49,-226,-389,-521,-605,-634,-605,-522,-397,-231,-34,165,356,513,633,693,684,623,496,318,104,-120,-324,-511,-658,-733,-735,-670,-549,-366,-145,81,299,501,641,719,733,679,560,388,183,-33,-249,-434,-576,-674,-706,-671,-576,-436,-247,-37,167,360,514,625,677,672,611,484,314,116,-97,-299,-468,-587,-655,-674,-624,-516,-352,-162,48,-509,-728
61266,mtk,MTK 7916,861030160,rx1-tx0,512,0,401,448,628,637,595,496,349,166,-40,-241,-414,-574,-688,-728,-716,-644,-499,-312,-86,154,387,596,751,847,863,796,651,433,173,-105,-377,-629,-830,-945,-974,-911,-765,-532,-238,82,393,667,887,1035,1065,998,831,578,276,-60,-395,-684,-903,-1048,-1082,-1007,-848,-603,-311,14,337,613,840,985,1035,981,856,648,375,75,-227,-508,-742,-903,-984,-979,-885,-701,-455,-176,123,415,654,836,927,948,885,727,513,257,-24,-302,-540,-735,-864,-904,-861,-737,-557,-322,-56,204,452,655,796,857,836,744,576,359,111,-145,-384,-575,-712,-774,-776,-698,-549,-357,-150,73,288,467,599,671,687,-277,533,388,209,28,-162,-324,-464,-557,-604,-590,-529,-434,-293,-141,30,204,358,465,534,572,558,488,384,242,87,-93,-244,-379,-490,-552,-563,-536,-455,-345,-210,-38,131,290,440,542,599,616,571,485,345,166,-29,-213,-401,-563,-667,-712,-704,-625,-476,-283,-43,198,433,636,776,837,834,720,544,304,10,-282,-550,-761,-894,-924,-859,-704,-468,-176,128,417,660,820,892,867,749,548,299,20,-251,-481,-656,-765,-779,-720,-576,-380,-161,70,292,476,613,660,637,557,412,228,22,-170,-337,-471,-543,-550,-503,-389,-229,-45,142,298,414,466,443,362,224,60,-100,-224,-281,-165,45,0,-2,-375,-36,-61,-76,-78,-68,-50,-18,22,50,86,116,126,121,99,67,24,-23,-67,-110,-142,-157,-161,-148,-110,-61,-12,40,97,140,185,201,202,182,147,92,20,-49,-125,-191,-246,-274,-272,-254,-201,-123,-38,67,170,269,329,371,384,340,265,149,19,-122,-259,-365,-441,-478,-459,-388,-265,-116,51,221,364,463,516,514,457,346,211,43,-128,-280,-407,-485,-516,-496,-419,-307,-174,-12,148,281,383,451,475,440,367,253,129,-8,-134,-241,-320,-371,-377,-364,-312,-232,-155,-62,29,126,198,261,303,319,322,302,257,192,110,10,-91,-197,-296,-366,-401,-417,-380,-309,489,-94,51,194,324,433,500,518,490,408,287,126,-45,-207,-358,-472,-551,-583,-554,-463,-331,-175,3,195,364,504,586,616,598,520,391,226,24,-161,-341,-496,-599,-647,-639,-561,-438,-284,-90,106,292,456,573,636,653,602,504,361,177,-19,-213,-382,-516,-616,-667,-654,-581,-459,-294,-111,84,280,464,612,690,719,693,596,441,235,10,-229,-451,-634,-762,-809,-772,-669,-501,-271,-21,238,475,651,771,814,770,657,479,258,19,-221,-431,-577,-675,-715,-691,-599,-465,-285,-86,110,295,435,553,611,626,586,484,355,204,42,-127,-283,-429,-528,-589,-599,-564,-480,-352,-191,772,639,0,-199,11,97,-93,-280,-444,-574,-656,-683,-642,-557,-429,-241,-26,184,398,577,706,784,786,717,573,372,137,-129,-385,-616,-796,-899,-923,-857,-710,-481,-203,97,388,655,866,1000,1031,963,799,569,265,-68,-386,-674,-897,-1040,-1082,-1013,-841,-595,-294,49,370,655,880,1018,1065,1005,851,626,337,23,-288,-558,-795,-942,-1005,-977,-864,-674,-419,-136,159,445,689,864,960,972,885,723,487,214,-68,-355,-599,-779,-896,-935,-879,-738,-541,-288,-15,256,500,700,831,884,852,748,568,338,79,-177,-411,-612,-748,-821,-812,-724,-573,-366,-133,104,338,520,646,713,727,669,550,378,179,-28,315,-395,-535,-613,-643,-614,-530,-406,-244,-74,102,255,400,506,564,583,547,460,336,198,36,-139,-293,-420,-509,-560,-560,-504,-427,-303,-144,22,187,342,455,546,581,565,512,412,264,105,-73,-247,-413,-546,-631,-657,-632,-561,-415,-226,-21,198,415,592,726,788,777,689,525,297,49,-229,-489,-692,-842,-903,-857,-729,-515,-247,53,344,610,813,920,919,824,636,382,91,-202,-473,-674,-799,-843,-788,-657,-469,-228,27,272,492,637,713,710,630,496,311,87,-121,-320,-476,-572,-598,-560,-470,-330,-144,41,222,376,477,517,487,399,267,86,-92,-249,-357,-398,-364,-265,-132,-409,-440,0,789,691,-47,-32,-8,24,54,82,104,100,89,73,38,-3,-45,-86,-117,-139,-140,-125,-95,-54,-9,37,90,138,167,176,177,156,125,80,17,-44,-105,-164,-212,-234,-235,-213,-168,-108,-27,54,143,230,276,311,318,290,227,131,32,-93,-213,-313,-394,-436,-428,-364,-261,-137,11,168,313,426,487,510,469,372,229,72,-97,-256,-384,-472,-523,-507,-442,-328,-183,-24,138,289,400,475,498,461,380,276,150,2,-140,-264,-363,-417,-436,-407,-342,-248,-134,-15,87,193,258,310,339,338,308,249,191,114,34,-50,-137,-219,-286,-334,-355,-351,-321,-260,-159,-53,72,201,312,-571,452,466,434,364,251,105,-47,-205,-348,-461,-532,-544,-515,-430,-301,-145,27,208,364,488,567,604,577,494,363,196,14,-172,-352,-496,-603,-645,-615,-542,-412,-243,-59,140,329,480,600,661,652,587,469,307,127,-74,-264,-424,-554,-639,-656,-622,-530,-406,-243,-47,155,331,487,603,674,683,636,536,369,173,-36,-251,-453,-621,-731,-774,-750,-649,-488,-268,-18,232,458,652,780,828,798,677,491,267,13,-240,-459,-632,-740,-778,-747,-633,-466,-269,-52,170,364,512,620,664,655,583,467,323,149,-24,-210,-366,-485,-564,-600,-585,-528,-424,-277,-113,62,225,376,497,579,78,437
61267,mtk,MTK 7916,861030160,rx1-tx1,512,0,0,0,-592,-642,-549,-319,-11,292,536,666,654,508,247,-75,-376,-596,-679,-616,-421,-135,168,425,589,615,498,277,1,-272,-480,-571,-529,-363,-114,157,389,528,541,424,208,-50,-300,-481,-546,-483,-304,-48,212,421,539,529,390,162,-100,-349,-523,-575,-490,-293,-38,233,456,573,557,416,186,-90,-339,-505,-558,-490,-305,-46,213,417,526,511,382,163,-92,-323,-481,-528,-440,-245,-2,246,440,529,494,340,111,-141,-367,-511,-545,-457,-264,-13,247,448,550,531,389,167,-91,-330,-485,-540,-486,-313,-76,171,383,506,508,403,222,-14,-240,-403,-478,-452,-324,-122,86,267,385,0,327,196,20,-159,-284,-333,-302,-199,-41,123,249,307,287,192,54,-115,-267,-349,-348,-263,-106,80,258,389,431,374,225,18,-195,-383,-492,-489,-382,-182,63,303,481,554,508,362,127,-148,-389,-546,-588,-508,-320,-58,225,460,595,606,487,253,-34,-307,-526,-639,-607,-444,-182,117,386,580,658,595,399,123,-172,-441,-621,-669,-575,-366,-90,210,476,629,660,558,348,73,-215,-460,-604,-619,-511,-313,-62,195,406,533,547,448,266,39,-180,-356,-457,-464,-385,-235,-41,148,303,391,403,334,203,45,-112,-244,-330,-353,-313,-226,-106,21,137,220,263,268,233,172,101,0,0,0,0,0,-235,-329,-387,-397,-347,-231,-61,128,316,475,563,555,453,271,30,-229,-454,-609,-660,-585,-405,-141,159,438,636,714,649,455,173,-152,-452,-667,-749,-677,-462,-146,203,512,718,779,676,429,80,-294,-608,-799,-828,-678,-376,3,391,710,879,860,664,320,-98,-496,-803,-938,-869,-614,-232,201,590,849,930,817,525,119,-310,-672,-893,-916,-734,-400,25,437,746,898,854,611,234,-193,-581,-839,-911,-785,-471,-53,380,724,910,903,687,311,-135,-557,-862,-981,-887,-592,-155,322,737,1000,1044,863,488,4,-481,-868,-1085,-1073,-826,-403,102,589,951,1111,1033,727,275,-234,-696,0,-1080,-934,-585,-106,391,793,1019,1016,792,402,-91,-563,-898,-1036,-942,-640,-192,310,744,1007,1050,870,486,-11,-506,-890,-1083,-1031,-754,-320,188,663,991,1100,971,631,151,-358,-779,-1026,-1044,-837,-455,26,500,854,1009,941,663,243,-223,-627,-880,-928,-755,-414,13,428,741,881,808,548,158,-274,-645,-874,-899,-709,-361,72,497,807,948,870,593,192,-254,-655,-911,-959,-800,-480,-61,384,751,940,917,708,350,-84,-486,-777,-890,-810,-558,-196,199,537,746,781,642,372,30,-305,-557,-673,-632,-445,-164,142,405,561,582,464,236,-45,-309,-498,-565,-491,-301,-35,241,465,582,0,0,0,0,0,227,-70,-361,-578,-669,-613,-420,-133,185,464,639,676,563,332,34,-267,-510,-645,-631,-473,-220,73,351,543,598,521,327,59,-212,-438,-563,-547,-400,-160,104,338,499,547,459,256,-1,-256,-456,-546,-505,-348,-108,156,386,529,545,438,232,-40,-304,-494,-573,-518,-353,-113,155,398,545,568,465,247,-21,-276,-470,-558,-509,-345,-107,149,366,495,516,410,206,-45,-284,-459,-521,-463,-295,-57,196,410,528,522,404,193,-66,-315,-494,-557,-495,-330,-84,178,400,532,547,440,245,-6,-254,-442,-534,-503,-365,-149,97,315,457,503,444,280,60,-160,-329,-430,-432,-336,-169,0,205,325,366,323,195,30,-135,-254,-308,-287,-190,-39,119,254,328,313,228,77,-104,-269,-370,-385,-310,-156,39,237,391,459,423,287,90,-137,-353,-496,-529,-449,-269,-25,230,440,554,559,444,233,-45,-318,-519,-600,-561,-410,-163,131,395,572,622,545,349,78,-218,-474,-626,-637,-510,-284,0,297,528,650,638,493,244,-51,-339,-564,-674,-637,-477,-227,70,348,554,639,596,442,200,-78,-331,-511,-585,-547,-403,-181,68,291,451,509,469,344,151,-66,-253,-381,-438,-404,-290,-130,46,209,324,372,353,270,140,-5,-145,-251,-310,-320,-275,-195,-100,-2,88,150,181,0,0,0,0,0,205,126,10,-136,-285,-410,-488,-498,-425,-276,-73,155,379,547,620,592,453,222,-55,-331,-552,-676,-677,-550,-317,-12,302,561,711,720,584,332,3,-334,-600,-745,-737,-578,-293,59,414,680,800,758,559,231,-155,-510,-764,-867,-782,-525,-148,264,621,850,912,777,475,68,-360,-701,-900,-916,-738,-394,39,457,776,926,878,648,271,-166,-562,-837,-926,-811,-514,-111,307,664,882,897,702,358,-71,-484,-786,-916,-841,-577,-176,266,656,904,946,779,440,-8,-465,-808,-988,-969,-728,-316,170,625,949,1080,977,661,201,-303,-749,-1040,-1108,-942,-582,-99,411,833,1072,1077,842,0,-56,-533,-897,-1063,-994,-702,-261,235,680,967,1034,874,517,49,-437,-824,-1024,-993,-746,-332,164,623,948,1066,940,614,147,-358,-785,-1040,-1074,-872,-473,30,518,892,1070,1023,750,314,-192,-647,-949,-1041,-902,-567,-122,347,730,950,942,715,334,-105,-517,-801,-903,-797,-500,-84,345,686,868,851,626,253,-180,-582,-852,-924,-799,-485,-52,391,751,946,927,710,340,-112,-539,-842,-967,-886,-605,-194,243,624,870,924,777,470,69,-338,-655,-825,-814,-627,-309,63,412,652,726,645,424,110,-215,-466,-610,-610,-459,-207,87,352,525,566,471,261,-5,-270,-480,-573,-526,-348,-85,0,0
61268,mtk,MTK 7916,861030160,rx2-tx0,512,0,0,0,-1151,-1158,-911,-444,132,690,1115,1293,1186,818,260,-368,-923,-1285,-1365,-1142,-665,-41,595,1103,1368,1336,1006,451,-206,-815,-1249,-1402,-1240,-804,-187,473,1023,1344,1360,1071,541,-107,-735,-1189,-1369,-1241,-839,-247,401,951,1284,1330,1069,567,-61,-675,-1133,-1324,-1212,-828,-261,359,888,1216,1263,1015,537,-57,-626,-1044,-1215,-1101,-738,-204,371,844,1118,1130,868,403,-151,-665,-1019,-1125,-968,-581,-50,496,918,1128,1071,753,253,-311,-814,-1128,-1179,-961,-515,61,632,1063,1257,1165,798,245,-368,-908,-1244,-1309,-1084,-601,18,632,1125,1369,1293,931,365,-288,-879,-1276,-1397,-1208,-752,-124,528,1069,1369,0,1056,520,-139,-770,-1231,-1412,-1278,-857,-245,424,994,1344,1405,1152,638,-29,-693,-1201,-1448,-1375,-997,-392,305,936,1372,1507,1317,828,158,-546,-1142,-1499,-1520,-1216,-643,78,785,1323,1572,1478,1065,427,-304,-974,-1435,-1586,-1397,-902,-218,519,1143,1510,1551,1273,723,20,-689,-1243,-1523,-1477,-1115,-513,192,844,1310,1495,1367,951,334,-351,-951,-1343,-1447,-1250,-802,-187,464,1002,1328,1377,1148,686,97,-494,-975,-1247,-1257,-1017,-586,-49,479,893,1113,1104,877,480,10,-439,-782,-958,-942,-746,-412,-14,365,655,809,809,653,381,56,-263,-520,-672,-699,-608,-423,-184,59,272,422,492,482,416,306,0,0,0,0,0,67,-97,-269,-440,-570,-626,-580,-435,-208,78,375,627,779,800,681,422,74,-304,-642,-866,-931,-817,-540,-144,299,695,965,1052,920,598,144,-359,-803,-1096,-1173,-1007,-630,-114,445,926,1220,1272,1061,619,43,-550,-1044,-1334,-1339,-1061,-563,61,678,1167,1418,1366,1023,469,-193,-815,-1268,-1456,-1337,-935,-346,321,920,1324,1427,1244,805,189,-458,-996,-1313,-1350,-1094,-604,2,598,1054,1262,1189,865,357,-223,-738,-1077,-1177,-1009,-608,-77,454,876,1090,1053,778,318,-208,-676,-999,-1079,-906,-532,-28,490,891,1082,1028,742,279,-252,-741,-1063,-1142,-966,-573,-40,501,939,1167,1140,852,369,-199,0,-1088,-1215,-1076,-680,-130,445,923,1196,1203,934,446,-143,-698,-1105,-1266,-1137,-746,-180,431,948,1264,1301,1033,532,-89,-701,-1163,-1365,-1264,-882,-296,361,937,1309,1391,1167,680,40,-604,-1115,-1377,-1333,-993,-435,217,807,1222,1357,1192,763,158,-469,-979,-1262,-1253,-957,-455,146,711,1099,1232,1083,689,140,-440,-913,-1162,-1142,-869,-404,162,678,1030,1139,984,609,102,-427,-856,-1076,-1044,-781,-348,159,626,935,1018,870,522,55,-412,-768,-936,-881,-618,-218,228,612,840,857,671,325,-104,-504,-779,-863,-734,-424,-11,411,739,893,834,569,156,-303,-697,-931,-948,-741,-356,127,594,932,1060,0,0,0,0,0,263,-301,-817,-1159,-1249,-1055,-630,-58,544,1039,1311,1295,988,463,-168,-768,-1205,-1386,-1262,-849,-248,404,966,1317,1381,1137,633,-11,-652,-1151,-1387,-1314,-946,-368,287,876,1275,1376,1163,695,70,-572,-1084,-1340,-1299,-970,-415,234,817,1215,1331,1144,707,108,-519,-1019,-1278,-1247,-932,-408,202,760,1135,1238,1060,643,78,-492,-944,-1172,-1122,-807,-311,255,762,1077,1134,926,497,-50,-582,-971,-1128,-1021,-670,-153,401,868,1131,1126,855,381,-193,-730,-1108,-1233,-1071,-660,-89,515,1009,1271,1251,948,420,-202,-785,-1201,-1351,-1196,-774,-178,466,1017,1336,1358,1083,565,-81,-711,-1189,-1406,-1304,-908,-313,0,927,1307,1400,1177,692,56,-596,-1116,-1392,-1350,-1011,-448,219,844,1286,1439,1270,809,170,-513,-1089,-1426,-1460,-1162,-605,84,763,1278,1518,1429,1024,395,-320,-980,-1430,-1566,-1364,-865,-174,556,1162,1522,1554,1250,675,-54,-762,-1305,-1570,-1495,-1100,-475,256,926,1392,1566,1399,931,272,-443,-1057,-1434,-1500,-1251,-738,-72,608,1146,1436,1429,1120,567,-93,-725,-1200,-1419,-1351,-1002,-447,186,763,1172,1342,1235,880,362,-214,-731,-1085,-1205,-1087,-758,-288,225,670,961,1051,940,642,229,-201,-573,-822,-901,-799,-550,-209,156,476,685,760,705,522,253,-42,-310,-509,-611,-610,-521,-365,-176,9,157,259,0,0,0,0,0,421,456,431,329,161,-64,-309,-528,-681,-733,-658,-461,-173,163,489,740,870,833,631,307,-88,-491,-814,-976,-952,-738,-368,91,545,907,1095,1071,816,380,-139,-642,-1037,-1228,-1169,-860,-373,208,762,1169,1334,1224,858,312,-314,-880,-1266,-1394,-1228,-810,-218,438,1010,1362,1433,1200,711,75,-577,-1115,-1415,-1411,-1113,-587,61,703,1179,1397,1322,966,409,-227,-802,-1194,-1320,-1163,-759,-193,403,893,1180,1201,952,499,-59,-588,-971,-1133,-1033,-697,-210,322,773,1035,1061,840,421,-93,-588,-941,-1079,-970,-633,-144,380,821,1083,1098,860,428,-110,-634,-1011,-1166,-1062,-723,-211,355,841,1141,1188,0,523,-28,-585,-1021,-1224,-1143,-812,-293,296,821,1165,1247,1045,599,17,-571,-1037,-1273,-1222,-894,-361,263,834,1224,1340,1160,713,103,-533,-1056,-1354,-1349,-1037,-495,155,774,1219,1400,1268,847,243,-409,-978,-1324,-1364,-1103,-606,22,646,1110,1322,1232,869,314,-301,-842,-1185,-1254,-1041,-586,-2,573,1005,1206,1128,788,268,-302,-797,-1098,-1147,-936,-509,31,559,949,1116,1024,702,223,-299,-735,-1005,-1047,-836,-439,53,517,846,984,885,574,144,-307,-681,-886,-869,-647,-278,155,550,800,853,702,371,-52,-464,-763,-872,-771,-487,-76,365,723,916,894,655,253,-222,-653,-938,-1007,-843,-476,11,0,0
61269,mtk,MTK 7916,861030160,rx2-tx1,512,0,0,0,1074,736,226,-339,-837,-1145,-1206,-1006,-575,-15,551,996,1227,1189,887,386,-193,-731,-1110,-1234,-1085,-702,-169,400,873,1147,1168,927,481,-71,-593,-966,-1122,-1023,-691,-211,313,759,1022,1039,815,402,-96,-562,-899,-1017,-892,-554,-89,407,807,1007,973,705,275,-229,-690,-984,-1047,-877,-490,14,510,906,1091,1007,697,229,-307,-776,-1064,-1106,-894,-469,79,609,991,1159,1062,706,179,-396,-892,-1203,-1241,-997,-519,84,678,1135,1349,1259,893,328,-324,-898,-1280,-1396,-1210,-752,-128,513,1042,1358,1374,1094,583,-50,-666,-1132,-1363,-1302,-957,-410,217,794,1186,1317,1166,763,220,-356,-845,-1140,-1175,0,-545,-32,482,872,1045,985,714,287,-192,-610,-872,-926,-766,-437,-13,411,733,861,794,545,164,-251,-601,-809,-823,-640,-299,116,496,754,841,730,434,20,-400,-737,-916,-878,-629,-218,250,679,985,1080,916,544,40,-496,-941,-1189,-1189,-936,-465,114,679,1114,1319,1257,926,382,-247,-827,-1236,-1400,-1276,-888,-306,350,930,1314,1439,1270,845,243,-405,-969,-1350,-1449,-1266,-839,-249,380,925,1276,1374,1203,797,261,-294,-784,-1112,-1208,-1056,-713,-260,225,650,924,1000,877,603,228,-177,-525,-752,-832,-748,-528,-219,109,398,606,701,668,517,290,39,-199,-387,-500,-530,-475,-363,-230,-82,0,0,0,0,0,297,443,541,580,538,403,192,-65,-323,-543,-681,-710,-613,-406,-121,196,484,681,752,682,475,165,-176,-490,-715,-785,-695,-466,-130,238,561,775,830,704,437,69,-331,-664,-868,-895,-724,-394,25,448,776,947,927,706,319,-131,-549,-872,-1005,-913,-635,-218,251,677,957,1026,876,541,84,-404,-806,-1025,-1025,-817,-424,65,536,889,1048,986,703,266,-224,-665,-951,-1027,-881,-548,-82,395,775,992,986,761,369,-105,-558,-890,-1016,-919,-619,-188,291,709,968,1008,830,475,6,-458,-815,-995,-969,-727,-320,157,589,885,986,868,556,128,-320,-699,-916,-929,-732,-378,65,482,783,0,834,569,181,-247,-619,-847,-882,-715,-389,25,424,713,836,761,513,153,-241,-580,-779,-786,-602,-278,117,484,735,824,711,424,23,-397,-722,-890,-858,-620,-232,218,632,906,978,832,493,31,-435,-808,-1004,-966,-710,-300,191,634,934,1021,872,514,51,-422,-809,-1014,-979,-706,-270,223,669,971,1044,875,502,3,-504,-887,-1073,-1018,-726,-261,274,755,1057,1123,934,533,7,-534,-962,-1171,-1117,-808,-314,254,771,1121,1226,1058,650,97,-479,-945,-1199,-1196,-923,-449,120,654,1041,1198,1077,716,206,-350,-819,-1095,-1129,-903,-477,53,571,956,1122,1025,692,209,-328,-793,-1073,-1108,-896,0,0,0,0,0,487,930,1173,1152,876,402,-167,-698,-1088,-1242,-1115,-740,-203,380,876,1179,1219,991,554,-14,-575,-997,-1196,-1137,-831,-340,226,738,1076,1168,992,597,80,-446,-859,-1073,-1038,-764,-319,194,650,946,1023,853,477,-7,-487,-857,-1020,-937,-636,-172,333,753,1006,1019,795,381,-126,-611,-954,-1076,-946,-597,-108,413,845,1083,1071,805,348,-190,-687,-1030,-1128,-975,-593,-44,518,955,1190,1157,849,340,-255,-806,-1176,-1302,-1131,-701,-113,507,1031,1339,1354,1071,551,-86,-712,-1187,-1403,-1318,-954,-377,283,879,1275,1384,1211,785,185,-451,-980,-1291,-1326,-1069,-596,-7,579,1033,1250,1191,884,399,-159,0,-999,-1123,-995,-647,-170,324,728,959,960,739,357,-85,-495,-788,-897,-784,-492,-89,329,658,830,801,588,237,-178,-548,-778,-826,-678,-366,42,449,752,883,807,528,115,-335,-729,-967,-979,-766,-374,118,606,980,1151,1070,749,249,-325,-834,-1174,-1283,-1112,-705,-135,475,986,1298,1352,1121,648,22,-615,-1120,-1405,-1405,-1105,-575,64,695,1187,1436,1407,1092,561,-78,-698,-1175,-1412,-1364,-1061,-568,40,615,1045,1266,1239,973,526,-3,-501,-888,-1081,-1061,-836,-469,-26,404,721,883,883,707,394,31,-315,-590,-738,-743,-616,-389,-108,181,428,586,632,570,436,253,50,-133,-268,-344,-361,0,0,0,0,0,-362,-265,-111,90,304,499,630,668,606,439,192,-97,-380,-603,-721,-711,-566,-306,15,339,603,750,751,597,326,-18,-372,-646,-788,-771,-596,-288,86,453,729,856,811,591,236,-184,-576,-844,-937,-840,-553,-151,286,675,921,979,820,477,36,-422,-794,-1000,-989,-763,-373,104,561,893,1042,970,685,256,-239,-688,-977,-1059,-911,-573,-110,381,795,1035,1036,812,417,-71,-535,-870,-1018,-949,-665,-246,234,670,944,1005,845,492,34,-438,-812,-999,-966,-725,-321,159,605,909,1021,918,610,166,-306,-707,-951,-984,-799,-444,7,453,794,961,910,659,262,-185,-585,-854,-928,-795,-481,0,374,707,881,863,652,291,-129,-519,-786,-865,-748,-465,-78,321,643,806,770,549,210,-179,-528,-754,-802,-654,-340,59,452,742,861,782,509,108,-328,-696,-912,-923,-723,-352,101,536,857,998,915,616,173,-312,-723,-969,-999,-799,-412,69,529,868,1015,928,623,163,-329,-740,-990,-1014,-794,-388,117,596,933,1066,954,608,125,-391,-827,-1076,-1078,-836,-394,144,647,1017,1162,1038,678,160,-404,-881,-1158,-1182,-942,-484,91,642,1048,1224,1135,802,283,-302,-813,-1137,-1205,-1010,-595,-51,500,941,1168,1117,816,346,-197,-690,-1031,-1135,-977,-597,-81,451,879,1100,1070,794,337,-198,-693,0,0
61270,mtk,MTK 7916,861071423,rx0-tx0,512,-330,4,245,748,773,746,659,519,344,135,-71,-271,-456,-604,-702,-749,-744,-682,-568,-417,-232,-32,164,357,526,653,737,766,740,650,523,346,143,-70,-290,-484,-651,-761,-817,-805,-736,-622,-449,-222,6,231,450,630,767,839,842,783,665,493,283,50,-188,-407,-586,-739,-818,-845,-802,-693,-543,-351,-126,111,330,525,687,792,838,820,740,596,412,194,-42,-274,-477,-651,-765,-831,-829,-754,-623,-438,-222,8,237,437,598,724,785,767,701,589,418,231,14,-189,-372,-523,-626,-685,-689,-639,-541,-414,-246,-68,109,279,429,528,594,619,584,515,419,285,133,-21,-181,-320,-436,-513,-26,-553,-521,-441,-333,-207,-63,88,244,373,468,542,573,556,498,401,275,124,-42,-200,-354,-471,-546,-591,-585,-529,-439,-305,-151,20,188,337,466,564,608,593,554,466,331,172,3,-169,-328,-467,-570,-618,-616,-585,-488,-354,-196,-5,184,359,509,612,665,660,604,488,325,136,-74,-263,-439,-580,-658,-678,-625,-518,-361,-180,22,225,388,507,564,572,536,435,309,159,-3,-148,-270,-356,-401,-409,-377,-319,-230,-137,-47,51,130,191,229,248,247,220,194,145,98,37,-21,-69,-116,-143,-165,-170,-167,-149,-117,-79,-28,23,75,116,140,152,144,117,74,21,-31,-76,-625,-448,510,-1063,-959,80,21,-51,-130,-195,-237,-245,-221,-176,-99,-10,75,158,227,276,302,303,269,219,146,45,-59,-164,-268,-346,-399,-425,-412,-363,-289,-159,-12,144,299,435,542,606,613,559,459,303,108,-108,-319,-529,-686,-782,-821,-771,-642,-463,-230,42,319,566,760,918,968,936,824,630,358,60,-244,-533,-781,-956,-1049,-1044,-950,-760,-503,-216,102,417,683,884,1018,1053,1009,880,663,409,103,-204,-485,-737,-899,-1002,-1023,-952,-809,-596,-341,-46,245,506,732,887,980,988,911,767,555,298,33,-245,-506,-723,-873,-958,-967,-883,-744,-537,-288,-20,249,493,689,837,912,919,846,715,301,291,47,-205,-431,-624,-768,-854,-880,-824,-713,-561,-370,-139,99,339,551,718,835,887,882,805,661,463,225,-31,-287,-513,-708,-850,-927,-930,-857,-726,-529,-294,-35,219,457,666,822,925,958,910,801,627,394,150,-130,-396,-626,-825,-953,-1007,-988,-898,-733,-499,-232,53,344,601,818,972,1052,1041,955,793,561,276,-12,-313,-596,-814,-979,-1051,-1041,-949,-777,-549,-281,10,292,556,759,897,976,965,889,741,540,305,47,-210,-442,-652,-794,-869,-885,-843,-730,-561,-364,-133,114,335,531,685,790,835,807,734,594,414,205,-16,-230,-437,-602,-720,-786,-786,-741,-628,-463,-271,-806,-981,-82,822,789,220,4,-207,-404,-566,-686,-752,-756,-711,-611,-458,-277,-81,121,320,488,622,716,745,726,664,541,387,193,-12,-225,-412,-576,-702,-769,-787,-749,-650,-500,-299,-77,155,365,553,708,806,828,815,720,565,361,132,-105,-331,-537,-701,-807,-847,-829,-737,-608,-419,-194,37,275,473,636,757,822,829,765,654,488,282,58,-175,-399,-589,-726,-817,-842,-800,-693,-531,-325,-104,137,358,554,703,788,817,774,676,525,339,110,-114,-316,-500,-634,-712,-747,-710,-628,-490,-321,-138,57,246,404,533,622,653,637,573,470,334,185,9,-159,-302,-423,-523,-575,-585,-548,-471,-371,-239,628,59,209,340,446,516,552,553,515,424,310,169,15,-139,-282,-410,-508,-574,-586,-557,-477,-354,-215,-58,113,271,408,517,581,605,576,505,394,248,69,-99,-256,-404,-516,-581,-608,-588,-526,-420,-270,-89,85,252,417,530,620,655,628,553,428,260,71,-122,-307,-471,-594,-666,-673,-617,-520,-358,-168,45,242,412,543,616,649,602,498,344,162,-9,-185,-333,-431,-497,-504,-463,-384,-269,-145,-17,102,200,273,306,320,308,263,210,142,69,-9,-73,-123,-164,-186,-199,-188,-173,-142,-102,-62,-13,34,81,117,146,166,164,146,108,64,13,-40,-89,-122,-134,-124,-94,509,681,-82,189,495,-149,-181,-194,-173,-120,-43,44,122,195,250,273,271,241,182,99,13,-84,-169,-242,-310,-354,-354,-336,-279,-201,-103,14,153,272,389,475,510,511,460,370,230,64,-129,-312,-484,-621,-707,-720,-674,-559,-379,-168,70,326,554,742,870,910,858,725,543,289,-13,-299,-569,-800,-958,-1021,-1000,-886,-689,-425,-129,181,481,745,930,1037,1060,976,806,579,298,-7,-307,-594,-818,-969,-1044,-1017,-922,-737,-491,-226,78,366,630,821,956,1008,975,865,679,442,179,-108,-377,-620,-815,-931,-977,-951,-839,-654,-419,-160,124,383,607,789,904,950,915,795,623,403,153,-108,-360,-569,-176,-840,-884,-858,-766,-623,-424,-202,41,276,483,657,790,857,868,817,699,525,311,70,-179,-419,-633,-795,-896,-927,-888,-780,-610,-383,-134,135,383,605,777,891,940,918,831,670,464,227,-37,-305,-539,-748,-886,-965,-978,-899,-767,-571,-322,-53,227,488,719,894,998,1042,993,855,653,399,112,-181,-463,-713,-913,-1029,-1064,-1029,-887,-684,-431,-138,158,450,693,875,990,1022,974,846,648,420,152,-122,-377,-606,-776,-891,-933,-897,-806,-654,-439,-209,33,277,499,665,788,854,852,775,653,481,279,45,-175,-385,-568,-703,-788,-806,-771,-676,-525,-342,-128,86,296,489,634,731,-705,-438
61271,mtk,MTK 7916,861071423,rx0-tx1,512,-686,-772,-929,580,469,321,151,-28,-200,-367,-487,-569,-609,-587,-537,-436,-310,-160,-4,148,282,390,468,508,511,483,420,333,226,106,-25,-143,-262,-361,-432,-476,-488,-473,-416,-333,-231,-116,9,141,273,372,468,523,543,524,470,378,252,106,-54,-217,-373,-499,-588,-635,-634,-583,-478,-331,-170,6,199,372,519,627,690,691,636,527,384,207,20,-177,-365,-519,-633,-692,-701,-659,-562,-416,-239,-46,142,329,489,604,672,687,652,561,436,269,86,-102,-282,-435,-554,-630,-656,-636,-567,-445,-296,-127,47,227,387,515,608,641,626,573,468,324,169,-11,-192,-349,-480,-579,-621,-616,-38,-482,-345,-178,-10,161,328,463,563,612,619,591,503,366,211,29,-146,-317,-456,-560,-619,-630,-590,-495,-362,-203,-23,156,319,459,565,619,623,568,477,347,178,8,-160,-322,-454,-537,-577,-580,-528,-440,-311,-166,-4,160,302,420,496,544,542,496,415,298,165,19,-131,-267,-385,-455,-503,-522,-491,-417,-302,-168,-26,124,264,384,467,520,514,478,393,268,123,-49,-193,-323,-417,-481,-507,-464,-388,-282,-149,-13,128,259,353,416,437,423,361,268,163,25,-100,-209,-299,-358,-374,-356,-303,-219,-116,-2,115,217,291,324,320,274,181,76,-41,-146,-208,-236,-214,-158,24,-276,0,437,690,-146,-166,-144,-98,-38,39,117,173,208,222,201,160,101,27,-51,-125,-182,-224,-238,-233,-203,-152,-88,-11,67,132,182,222,236,227,204,149,90,28,-39,-89,-134,-166,-181,-189,-178,-152,-123,-89,-51,-13,23,64,102,138,167,185,185,182,161,123,86,24,-36,-90,-152,-201,-229,-245,-234,-204,-155,-103,-30,39,105,160,201,236,247,235,216,180,120,63,-1,-65,-129,-188,-225,-258,-269,-262,-243,-194,-136,-64,14,102,188,258,306,337,330,299,249,174,86,-16,-118,-202,-287,-339,-370,-370,-338,-278,-198,-107,6,109,209,298,360,395,398,377,325,236,141,-48,-79,-196,-295,-369,-418,-437,-421,-372,-290,-192,-70,56,184,298,403,461,498,491,440,351,228,99,-49,-193,-327,-433,-501,-534,-521,-474,-384,-256,-124,19,172,304,414,494,535,534,504,433,327,196,50,-103,-245,-393,-487,-554,-587,-574,-520,-416,-288,-134,39,208,363,497,586,644,649,605,514,377,203,18,-175,-357,-510,-626,-699,-716,-668,-567,-419,-238,-32,170,361,538,656,725,735,688,579,428,238,38,-168,-357,-516,-634,-696,-710,-670,-567,-428,-267,-76,115,295,454,577,657,684,656,581,456,297,112,-78,-255,-421,-548,-632,-668,-657,-593,-467,-314,-136,51,240,-601,-297,9,-621,-360,-293,-446,-554,-620,-629,-599,-513,-382,-237,-62,99,251,383,484,547,564,536,473,372,252,113,-23,-156,-277,-373,-445,-482,-489,-466,-416,-332,-226,-106,16,137,260,358,436,483,502,494,438,362,261,123,-17,-165,-306,-428,-525,-583,-594,-566,-490,-371,-226,-56,117,293,452,566,634,669,645,565,442,289,106,-90,-282,-448,-584,-674,-708,-691,-608,-482,-316,-127,65,257,432,567,661,696,680,617,493,341,157,-33,-220,-388,-528,-631,-678,-670,-610,-507,-366,-195,-12,172,346,487,585,641,651,610,517,389,229,51,-119,-283,-441,-547,-612,-636,-604,-528,-417,-267,-90,79,634,413,534,605,627,611,537,419,272,105,-57,-228,-393,-509,-591,-625,-607,-544,-435,-296,-129,49,230,386,509,596,637,615,544,431,285,106,-78,-253,-393,-517,-589,-608,-585,-512,-388,-237,-87,74,233,372,485,542,569,539,474,367,240,94,-66,-217,-346,-453,-510,-533,-512,-452,-354,-235,-109,40,192,330,426,487,514,500,449,357,236,84,-77,-219,-353,-449,-515,-523,-477,-394,-276,-149,2,154,279,388,453,473,451,387,286,162,29,-111,-236,-323,-387,-411,-389,-337,-251,-141,-20,98,204,286,335,354,327,266,168,55,-61,-175,-250,-286,-285,-232,-148,-48,52,118,-971,-940,0,-658,-382,-31,34,103,152,188,202,176,122,60,-21,-100,-162,-210,-233,-231,-202,-152,-85,-14,60,128,188,224,244,227,194,144,89,13,-49,-119,-174,-201,-223,-215,-186,-151,-98,-51,-2,49,85,115,139,154,162,161,147,127,102,74,33,-14,-62,-119,-160,-195,-224,-217,-210,-183,-129,-65,4,79,143,195,231,251,246,224,182,133,74,0,-62,-120,-174,-216,-238,-253,-249,-227,-179,-123,-65,10,73,144,207,256,289,300,291,255,195,124,28,-70,-156,-236,-300,-342,-362,-339,-297,-227,-136,-44,66,167,256,321,369,387,365,327,258,163,56,-56,-159,-261,-339,-381,-1135,-408,-372,-304,-213,-107,14,133,247,336,409,454,464,433,373,273,151,23,-121,-257,-378,-461,-510,-523,-489,-417,-310,-180,-32,116,253,382,476,522,540,512,442,348,225,77,-69,-210,-345,-453,-525,-559,-551,-518,-435,-309,-176,-14,149,306,438,534,603,618,585,516,404,259,89,-103,-276,-436,-570,-653,-686,-671,-600,-482,-321,-131,73,270,444,588,692,736,711,641,511,334,140,-70,-274,-454,-595,-689,-729,-712,-629,-501,-335,-151,43,240,417,551,648,694,681,621,513,363,188,-3,-183,-363,-508,-614,-670,-673,-628,-533,-388,-221,-37,145,330,482,591,652,661,622,-509,-728
61272,mtk,MTK 7916,861071423,rx1-tx0,512,0,401,448,2,-163,-326,-464,-572,-647,-668,-643,-567,-445,-299,-112,81,286,465,613,722,786,776,709,589,414,199,-42,-281,-521,-712,-846,-917,-912,-835,-687,-480,-228,47,323,585,796,948,1021,1004,912,747,505,224,-84,-377,-640,-857,-1007,-1064,-1032,-918,-730,-483,-198,96,386,639,839,965,1021,984,881,710,488,233,-45,-319,-564,-759,-895,-962,-959,-883,-728,-522,-287,-19,248,497,694,836,920,923,857,728,541,302,59,-188,-420,-619,-772,-859,-879,-825,-711,-538,-330,-108,132,360,562,710,796,822,786,679,518,330,102,-110,-312,-492,-622,-703,-735,-702,-610,-474,-313,-115,71,244,-277,511,595,619,613,558,454,327,174,16,-136,-282,-402,-485,-545,-556,-533,-476,-377,-254,-114,30,175,311,414,495,543,551,517,447,340,211,67,-82,-225,-358,-461,-533,-569,-565,-523,-443,-332,-195,-27,140,307,450,574,656,682,666,594,451,283,83,-134,-352,-526,-684,-786,-817,-794,-684,-509,-280,-24,245,486,691,831,903,894,782,609,372,112,-166,-418,-631,-795,-868,-864,-774,-616,-414,-170,83,307,510,659,740,753,688,574,409,207,-2,-207,-379,-519,-596,-620,-594,-502,-366,-203,-29,143,303,423,499,520,494,401,274,123,-51,-200,-330,-403,-416,-361,-255,-119,13,-165,45,0,-2,-375,-55,-38,-16,12,37,72,92,102,99,81,59,23,-11,-48,-85,-116,-138,-143,-136,-122,-84,-40,3,48,98,145,166,176,185,182,143,99,45,-22,-77,-133,-176,-214,-244,-254,-235,-201,-138,-66,15,105,196,272,317,341,353,316,251,162,49,-69,-205,-311,-405,-464,-472,-432,-355,-235,-96,45,191,322,435,501,515,485,414,302,149,6,-145,-285,-394,-482,-504,-495,-436,-341,-222,-91,47,188,305,382,436,444,418,367,277,170,52,-67,-168,-257,-316,-345,-354,-337,-299,-245,-190,-114,-40,40,127,200,254,306,336,338,334,292,239,160,58,-46,-151,-260,-353,489,-445,-454,-421,-341,-236,-105,33,180,309,421,502,538,536,483,387,265,109,-44,-200,-345,-468,-554,-586,-577,-520,-426,-300,-136,34,200,363,492,574,619,620,567,468,339,175,-4,-174,-342,-484,-575,-633,-629,-599,-512,-375,-230,-58,119,283,425,537,615,642,616,564,460,323,154,-31,-209,-380,-519,-627,-697,-709,-673,-578,-429,-256,-47,170,361,543,690,779,789,750,643,465,248,22,-209,-418,-593,-719,-780,-774,-714,-589,-405,-206,4,207,381,530,635,678,674,619,516,384,228,56,-100,-262,-392,-500,-568,-589,-576,-524,-439,-323,-177,-32,129,270,402,506,564,585,772,639,0,-199,11,-623,-608,-552,-446,-315,-147,38,217,386,524,637,711,726,687,580,440,261,47,-179,-388,-572,-724,-824,-860,-832,-732,-561,-343,-91,175,433,659,832,948,986,940,817,622,382,96,-205,-481,-733,-921,-1036,-1061,-995,-846,-630,-355,-50,245,524,758,938,1030,1043,971,816,601,343,59,-227,-480,-707,-869,-969,-987,-929,-801,-612,-379,-116,152,415,636,803,909,958,920,807,635,421,168,-99,-350,-566,-743,-854,-890,-874,-787,-638,-436,-201,42,277,497,678,790,844,837,759,621,430,220,-7,-235,-447,-607,-728,-782,-765,-700,-575,-408,-219,-15,197,371,514,621,679,669,620,315,391,226,57,-106,-273,-402,-500,-562,-585,-568,-510,-409,-289,-152,-2,139,285,407,495,544,553,532,461,359,238,90,-57,-201,-329,-435,-513,-549,-551,-513,-443,-338,-206,-53,105,255,387,498,582,619,606,551,458,330,158,-34,-222,-413,-565,-673,-735,-749,-678,-567,-410,-191,36,281,508,691,811,872,854,751,577,345,88,-197,-464,-683,-838,-906,-897,-792,-633,-404,-137,129,381,585,733,817,805,731,597,406,185,-45,-264,-443,-589,-669,-687,-638,-537,-392,-210,-23,167,340,465,543,565,540,455,336,181,20,-152,-305,-405,-474,-478,-418,-312,-160,-3,151,259,318,311,-409,-440,0,789,691,36,55,71,77,78,63,28,-5,-44,-68,-96,-112,-121,-120,-101,-69,-28,16,52,93,127,146,155,157,145,111,62,17,-32,-91,-141,-168,-202,-213,-212,-188,-147,-95,-27,52,125,194,249,285,301,293,258,191,106,18,-88,-200,-291,-366,-404,-414,-376,-301,-212,-85,59,199,324,425,474,491,459,391,276,130,-28,-179,-314,-431,-495,-510,-494,-423,-327,-194,-43,108,245,358,434,476,477,440,357,254,130,-5,-118,-237,-325,-383,-407,-391,-355,-296,-213,-120,-22,75,158,220,273,309,322,325,306,260,206,142,58,-24,-111,-206,-278,-348,-386,-396,-384,-337,-255,-571,-32,93,225,334,418,474,493,477,410,315,182,38,-116,-266,-388,-489,-547,-558,-532,-461,-354,-209,-43,123,284,418,528,595,607,587,510,385,233,76,-107,-284,-430,-537,-612,-633,-611,-546,-424,-275,-107,71,240,401,518,595,641,631,569,469,339,185,6,-163,-322,-463,-565,-643,-666,-645,-568,-454,-305,-124,73,260,448,591,701,761,746,674,557,380,162,-61,-276,-490,-657,-766,-803,-781,-687,-539,-342,-116,112,323,520,654,726,743,698,599,463,292,109,-74,-248,-402,-514,-597,-621,-608,-559,-465,-346,-193,-41,112,260,383,497,556,588,578,522,442,311,162,3,78,437
61273,mtk,MTK 7916,861071423,rx1-tx1,512,0,0,0,323,1,-322,-564,-675,-627,-418,-103,236,522,678,670,500,217,-117,-421,-619,-658,-537,-291,23,333,551,621,532,313,16,-272,-486,-574,-515,-320,-47,233,454,550,504,329,63,-223,-448,-547,-505,-338,-73,214,440,552,532,368,103,-187,-428,-561,-556,-412,-157,144,406,563,577,452,212,-83,-363,-541,-578,-473,-252,33,299,488,550,469,269,2,-265,-457,-529,-466,-280,-18,244,449,537,481,307,47,-229,-449,-557,-519,-347,-103,173,420,559,545,408,172,-106,-354,-516,-553,-458,-246,28,290,474,536,473,299,52,-205,-402,-504,-480,-340,-127,115,323,441,438,333,160,0,-231,-357,-384,-301,-137,49,210,310,322,233,81,-94,-244,-321,-313,-223,-68,112,275,371,364,250,66,-135,-319,-433,-436,-330,-129,106,319,476,515,419,218,-37,-296,-493,-573,-518,-338,-68,220,459,591,589,441,180,-122,-403,-583,-618,-514,-283,21,322,550,643,586,388,94,-230,-497,-654,-653,-500,-229,100,405,611,682,605,387,73,-265,-531,-666,-656,-507,-245,68,360,571,652,578,380,107,-184,-426,-562,-568,-454,-243,16,256,431,511,472,330,125,-97,-293,-415,-437,-367,-220,-32,153,302,372,365,289,159,1,-152,-266,-325,-319,-256,-158,-49,57,140,190,208,0,0,0,0,0,329,311,254,131,-36,-219,-386,-503,-538,-473,-313,-86,172,415,582,639,570,386,115,-194,-479,-661,-698,-595,-367,-55,286,566,717,719,555,258,-101,-437,-678,-771,-680,-423,-68,305,622,801,786,575,234,-179,-557,-807,-865,-716,-407,5,427,758,921,859,582,181,-266,-662,-909,-940,-740,-360,97,529,842,955,834,504,67,-382,-753,-939,-893,-629,-214,254,650,887,912,714,333,-131,-564,-856,-937,-780,-422,41,485,811,946,846,532,76,-411,-794,-986,-944,-665,-219,288,734,1008,1040,825,397,-128,-631,-995,-1121,-976,-600,-86,459,895,1115,1078,785,301,-250,-736,-1046,-1101,0,-471,64,579,941,1075,952,589,82,-437,-846,-1045,-982,-673,-195,332,776,1032,1032,767,316,-215,-702,-1016,-1082,-883,-464,80,597,964,1106,973,606,93,-446,-874,-1088,-1037,-733,-257,275,742,1026,1048,816,389,-134,-614,-924,-995,-828,-458,22,485,814,933,816,476,18,-432,-763,-898,-793,-476,-47,397,758,922,847,561,126,-353,-740,-945,-923,-664,-240,240,671,943,981,778,390,-95,-553,-873,-975,-841,-514,-70,390,740,909,861,598,204,-223,-583,-790,-797,-612,-287,98,443,661,704,571,303,-36,-356,-573,-626,-515,-277,23,315,522,581,478,252,-42,-329,-527,-582,-483,-259,0,0,0,0,0,569,658,578,358,46,-289,-551,-684,-658,-466,-156,180,474,657,676,526,253,-76,-380,-586,-644,-543,-305,0,292,507,592,521,318,34,-257,-469,-563,-506,-318,-52,232,450,548,505,327,59,-222,-441,-548,-513,-345,-86,203,431,556,550,390,124,-175,-428,-567,-573,-437,-186,114,377,548,576,454,229,-55,-326,-511,-565,-476,-264,13,280,468,542,470,274,11,-252,-451,-529,-468,-286,-41,228,449,542,488,322,72,-208,-437,-552,-539,-391,-139,144,391,546,558,438,217,-62,-322,-500,-551,-466,-273,-12,249,440,524,481,323,94,-156,-368,-478,-465,-344,-145,85,283,402,0,313,154,-37,-213,-328,-343,-261,-108,66,207,305,314,224,70,-107,-257,-338,-327,-229,-65,136,308,403,401,291,96,-128,-328,-455,-477,-376,-180,68,313,484,544,471,283,17,-257,-478,-585,-557,-391,-122,180,432,594,612,472,231,-63,-358,-571,-647,-564,-341,-32,274,516,647,630,456,165,-167,-453,-628,-666,-554,-308,16,329,573,684,631,436,145,-170,-451,-635,-673,-559,-323,-21,277,508,616,589,431,182,-101,-351,-511,-550,-473,-294,-55,181,361,459,455,351,174,-30,-223,-356,-405,-366,-260,-100,77,226,321,355,320,223,90,-55,-177,-255,-283,-265,-212,-138,-54,0,0,0,0,0,40,176,304,402,448,420,318,146,-69,-293,-478,-584,-579,-458,-246,26,308,541,667,653,499,241,-81,-384,-611,-718,-667,-473,-166,190,502,704,744,621,349,-8,-375,-654,-788,-729,-502,-147,242,580,795,823,646,319,-97,-501,-792,-899,-800,-507,-81,361,718,920,915,679,266,-194,-602,-876,-942,-782,-444,11,466,799,940,859,574,140,-318,-695,-911,-902,-665,-260,202,608,869,923,748,384,-79,-518,-826,-933,-806,-476,-32,435,806,971,893,595,145,-346,-768,-1011,-997,-733,-293,223,693,1001,1080,897,499,-27,-556,-953,-1125,-1029,-695,-197,352,822,1095,1097,836,386,-157,0,-1005,-1091,-913,-524,-7,514,906,1063,960,629,142,-384,-812,-1040,-1003,-713,-247,284,744,1024,1056,828,392,-142,-652,-1005,-1106,-935,-540,-13,521,929,1101,1012,678,173,-368,-817,-1069,-1051,-773,-316,210,679,972,1025,820,420,-72,-540,-864,-969,-826,-474,-5,452,776,897,796,488,37,-415,-759,-906,-813,-511,-80,379,754,944,891,613,169,-311,-712,-948,-954,-724,-312,173,619,915,984,815,457,-15,-475,-802,-941,-857,-565,-144,301,670,859,837,615,255,-155,-506,-723,-759,-605,-308,53,392,614,666,547,291,-27,-324,-534,-597,-493,-254,44,328,519,570,474,248,-48,-333,-534,0,0
61274,mtk,MTK 7916,861071423,rx2-tx0,512,0,0,0,417,-166,-730,-1121,-1241,-1065,-615,3,631,1115,1324,1215,808,194,-474,-1029,-1338,-1323,-982,-391,295,908,1300,1370,1105,569,-121,-775,-1227,-1381,-1196,-706,-41,630,1142,1366,1254,826,190,-488,-1042,-1335,-1292,-921,-314,368,949,1293,1308,992,432,-232,-829,-1219,-1301,-1044,-522,120,720,1128,1256,1062,594,-22,-620,-1049,-1201,-1047,-623,-39,533,967,1150,1027,635,77,-491,-931,-1118,-1005,-628,-92,476,922,1122,1022,648,106,-476,-942,-1165,-1078,-714,-166,441,944,1210,1166,822,267,-369,-918,-1241,-1253,-949,-402,249,850,1242,1330,1087,569,-94,-743,-1206,-1374,-1199,-731,-84,596,1130,1378,1285,878,252,0,-1018,-1349,-1354,-1024,-431,271,905,1304,1379,1119,583,-110,-779,-1254,-1415,-1232,-744,-66,635,1184,1450,1358,922,255,-474,-1095,-1450,-1458,-1108,-482,264,954,1422,1540,1280,716,-29,-771,-1320,-1553,-1423,-948,-241,527,1172,1531,1517,1142,494,-268,-967,-1433,-1558,-1304,-741,-6,726,1282,1530,1407,943,266,-459,-1075,-1434,-1452,-1122,-523,190,846,1306,1455,1256,766,102,-575,-1115,-1384,-1326,-977,-412,238,825,1202,1302,1114,676,102,-472,-927,-1155,-1119,-834,-370,146,616,936,1031,889,570,143,-304,-659,-853,-855,-675,-358,21,375,630,749,714,534,258,-51,-332,-537,-623,-595,-471,-283,-75,115,256,330,0,0,0,0,0,263,408,503,525,458,293,51,-223,-482,-676,-750,-680,-469,-147,221,560,795,877,767,483,86,-348,-721,-944,-975,-787,-396,85,558,932,1098,1019,703,202,-350,-838,-1154,-1206,-973,-515,68,655,1112,1312,1208,821,232,-412,-967,-1309,-1354,-1080,-547,120,771,1247,1428,1278,830,176,-531,-1101,-1415,-1403,-1056,-469,233,880,1302,1417,1201,706,50,-614,-1122,-1353,-1257,-862,-267,384,924,1229,1224,924,403,-203,-751,-1102,-1171,-939,-485,74,613,988,1106,939,529,-11,-533,-922,-1080,-956,-581,-55,489,903,1083,991,646,121,-432,-880,-1112,-1069,-756,-243,343,837,1127,1141,867,375,-214,-756,-1112,0,-983,-516,77,657,1073,1224,1066,638,48,-556,-1027,-1243,-1140,-752,-163,467,984,1257,1213,865,295,-355,-926,-1265,-1299,-1013,-457,222,839,1255,1367,1141,628,-40,-698,-1194,-1394,-1245,-785,-139,544,1093,1367,1296,909,299,-377,-955,-1284,-1287,-975,-424,229,821,1197,1266,1012,510,-119,-703,-1100,-1216,-1016,-565,27,608,1021,1171,1026,607,45,-515,-938,-1126,-1020,-648,-116,441,870,1074,1008,686,194,-342,-780,-1009,-973,-697,-241,268,690,920,913,663,247,-223,-625,-853,-849,-619,-224,231,619,836,826,586,196,-254,-639,-852,-848,-612,-198,275,681,913,907,664,232,-276,-718,-981,-996,-756,-310,0,0,0,0,0,1095,1180,968,505,-91,-685,-1117,-1286,-1142,-711,-95,556,1076,1341,1282,900,293,-385,-970,-1323,-1353,-1050,-482,205,838,1267,1381,1150,639,-33,-698,-1186,-1382,-1233,-774,-123,556,1091,1354,1275,873,251,-431,-996,-1310,-1301,-958,-374,293,885,1259,1306,1019,478,-175,-778,-1180,-1283,-1055,-568,62,671,1098,1230,1046,600,13,-578,-1013,-1177,-1032,-623,-64,512,949,1130,1010,630,88,-484,-922,-1112,-1005,-637,-98,474,926,1139,1049,680,128,-467,-942,-1180,-1122,-766,-196,420,936,1225,1214,887,326,-320,-895,-1252,-1296,-1020,-487,174,796,1232,1362,1149,654,-11,-672,-1172,-1385,-1260,-814,-163,520,1074,1366,0,960,349,-347,-955,-1333,-1370,-1067,-503,182,829,1273,1398,1173,662,-18,-707,-1220,-1428,-1291,-835,-157,566,1142,1452,1408,1018,371,-370,-1030,-1443,-1510,-1204,-604,148,865,1378,1553,1356,831,104,-656,-1255,-1559,-1487,-1048,-358,408,1072,1487,1550,1239,629,-124,-852,-1375,-1553,-1354,-848,-148,591,1185,1490,1433,1036,397,-328,-966,-1375,-1457,-1190,-640,41,709,1213,1431,1304,875,257,-407,-966,-1300,-1333,-1056,-553,57,643,1067,1238,1122,765,249,-313,-775,-1045,-1085,-881,-487,-7,461,809,949,881,630,257,-152,-516,-751,-817,-707,-454,-121,218,495,656,688,587,381,126,-129,-343,-476,-515,-468,-358,-213,0,0,0,0,0,-324,-221,-61,146,364,544,647,643,509,268,-39,-366,-642,-795,-797,-636,-327,68,458,769,925,881,633,241,-213,-642,-949,-1040,-895,-548,-61,466,895,1132,1115,838,361,-215,-763,-1140,-1263,-1093,-666,-81,542,1051,1320,1295,959,391,-273,-880,-1293,-1409,-1192,-695,-30,648,1178,1432,1349,949,324,-379,-990,-1369,-1424,-1146,-597,86,744,1218,1396,1239,792,166,-499,-1025,-1284,-1241,-899,-346,280,829,1159,1192,932,450,-137,-678,-1044,-1137,-941,-516,40,578,955,1088,940,555,32,-507,-915,-1076,-965,-605,-85,461,890,1092,1023,692,174,-391,-862,-1124,-1109,-811,-305,277,801,1129,1171,926,451,0,-717,-1095,-1206,-1023,-572,25,607,1049,1227,1098,697,110,-513,-1003,-1247,-1178,-804,-224,419,961,1278,1272,939,380,-288,-890,-1276,-1348,-1081,-548,122,774,1232,1388,1199,715,51,-632,-1164,-1386,-1266,-840,-214,460,1022,1333,1303,952,372,-299,-887,-1241,-1280,-998,-472,169,754,1142,1234,1012,533,-70,-657,-1062,-1184,-1014,-584,-3,568,990,1156,1020,632,85,-480,-914,-1109,-1018,-672,-159,384,821,1037,988,690,214,-302,-728,-964,-948,-684,-253,234,653,888,878,641,234,-225,-611,-835,-832,-600,-208,235,623,844,828,590,190,-269,-662,-881,-868,-625,-210,273,696,942,952,706,261,-254,-720,-1009,0,0
61275,mtk,MTK 7916,861071423,rx2-tx1,512,0,0,0,338,845,1149,1172,899,399,-195,-753,-1135,-1232,-1017,-561,34,620,1058,1230,1096,700,134,-461,-942,-1198,-1147,-815,-298,296,818,1125,1140,870,396,-165,-686,-1027,-1092,-884,-457,74,581,935,1036,859,466,-40,-545,-903,-1018,-862,-481,24,532,904,1024,880,513,5,-510,-900,-1051,-932,-572,-56,480,895,1076,983,636,115,-442,-892,-1111,-1039,-703,-190,387,872,1134,1114,798,263,-337,-864,-1182,-1207,-921,-391,250,840,1232,1322,1090,583,-83,-725,-1200,-1388,-1240,-791,-152,525,1082,1379,1343,980,380,-299,-903,-1289,-1370,-1124,-609,56,688,1152,1340,1205,786,196,-442,-964,-1229,-1191,-880,-372,213,0,1053,1119,903,475,-52,-547,-889,-992,-839,-489,-27,439,770,893,786,480,56,-372,-704,-845,-756,-471,-66,363,687,827,758,486,73,-367,-710,-855,-780,-498,-76,385,756,940,889,606,153,-363,-805,-1063,-1054,-777,-309,251,778,1136,1225,1017,560,-49,-653,-1113,-1325,-1228,-838,-241,421,987,1329,1372,1088,545,-125,-767,-1242,-1439,-1301,-867,-244,437,1029,1381,1411,1141,623,-36,-676,-1158,-1379,-1301,-938,-376,239,775,1131,1231,1062,669,144,-389,-806,-1030,-1027,-801,-412,40,460,767,885,805,565,216,-164,-487,-699,-751,-639,-412,-116,187,432,583,623,545,382,170,-45,-223,-342,-390,-371,0,0,0,0,0,-463,-483,-425,-276,-59,186,420,601,676,637,472,204,-111,-410,-631,-730,-669,-471,-170,177,493,701,752,638,382,34,-333,-629,-785,-760,-548,-204,194,557,795,848,703,382,-39,-454,-768,-909,-838,-562,-145,306,698,934,941,721,337,-133,-584,-901,-1003,-866,-514,-35,449,831,1021,963,664,205,-297,-729,-1000,-1033,-814,-392,127,605,935,1042,902,538,40,-462,-847,-1024,-949,-650,-187,320,753,995,979,734,310,-195,-648,-938,-1003,-816,-426,71,554,896,1013,889,546,68,-424,-804,-995,-947,-657,-215,270,688,945,962,734,333,-139,-574,-862,-932,-774,-429,28,476,792,906,793,0,64,-374,-714,-878,-822,-551,-150,282,637,825,807,583,209,-211,-563,-756,-758,-561,-210,193,547,752,759,562,207,-208,-579,-811,-825,-620,-241,203,602,858,898,713,344,-131,-583,-887,-971,-810,-443,33,508,864,997,879,540,61,-436,-815,-995,-928,-609,-126,378,787,1003,954,657,188,-345,-785,-1012,-988,-715,-249,292,761,1030,1046,799,348,-213,-728,-1051,-1115,-905,-459,114,663,1048,1168,996,574,4,-571,-1015,-1211,-1101,-724,-166,440,937,1193,1160,847,324,-272,-802,-1137,-1180,-932,-460,126,674,1048,1157,968,544,-10,-564,-967,-1129,-994,-604,-73,471,908,1116,1025,676,158,-403,0,0,0,0,0,-1115,-821,-313,281,807,1143,1195,959,479,-125,-692,-1101,-1241,-1072,-643,-64,535,996,1212,1129,767,221,-380,-882,-1160,-1148,-847,-345,228,741,1067,1117,883,435,-117,-625,-973,-1065,-882,-476,49,558,915,1020,856,470,-39,-535,-889,-1009,-860,-490,14,532,903,1045,909,536,24,-497,-899,-1075,-971,-604,-79,462,883,1092,1020,677,162,-402,-873,-1119,-1074,-751,-226,367,867,1157,1152,842,314,-305,-862,-1216,-1269,-1005,-482,171,793,1221,1360,1172,694,37,-638,-1151,-1391,-1304,-901,-277,419,1007,1347,1370,1065,500,-179,-808,-1236,-1367,-1172,-697,-70,565,1058,1295,1220,859,301,-320,-845,-1145,-1161,0,-433,120,627,963,1053,876,489,-4,-478,-817,-935,-806,-478,-40,401,731,866,775,475,56,-375,-700,-836,-754,-476,-69,355,688,838,762,485,72,-369,-721,-887,-829,-550,-101,389,786,998,963,686,220,-330,-819,-1109,-1137,-896,-437,151,730,1141,1284,1125,700,98,-542,-1066,-1340,-1301,-964,-397,273,883,1302,1410,1187,696,38,-640,-1164,-1434,-1382,-1016,-429,253,879,1297,1431,1244,793,184,-455,-984,-1281,-1289,-1020,-537,37,577,978,1147,1059,760,303,-199,-627,-898,-964,-816,-496,-89,317,630,794,787,615,323,-20,-342,-574,-686,-655,-499,-263,7,257,436,523,518,431,291,135,-24,0,0,0,0,0,24,-163,-349,-506,-601,-601,-493,-292,-21,267,510,668,704,592,355,44,-280,-557,-717,-722,-562,-278,75,411,660,765,694,465,122,-262,-593,-795,-797,-616,-292,113,510,791,884,768,475,58,-387,-743,-930,-895,-646,-247,226,651,922,976,799,427,-52,-523,-867,-1012,-926,-603,-121,384,783,1007,995,742,301,-221,-677,-966,-1041,-872,-485,33,536,895,1037,924,594,124,-385,-795,-998,-961,-687,-244,264,696,956,982,775,374,-127,-597,-920,-1007,-840,-476,-4,476,853,1017,924,609,147,-348,-755,-976,-968,-713,-282,201,627,900,951,761,382,-83,-523,-833,-928,-794,-464,-21,420,0,898,808,525,112,-332,-684,-863,-821,-566,-182,241,596,796,791,583,219,-197,-551,-750,-752,-556,-207,204,561,771,778,572,212,-206,-587,-823,-853,-657,-284,173,591,874,941,772,400,-84,-551,-877,-989,-852,-498,-10,470,837,997,900,570,98,-405,-809,-1008,-940,-630,-164,351,782,1004,965,680,220,-305,-758,-1023,-1028,-761,-291,251,736,1051,1089,849,395,-163,-689,-1056,-1155,-957,-516,56,626,1046,1203,1058,650,80,-514,-984,-1213,-1143,-797,-256,348,866,1172,1180,893,390,-206,-742,-1087,-1165,-957,-505,65,613,1004,1136,980,577,31,-521,-944,-1119,-1007,-637,-113,448,895,1108,1039,0,0
61276,mtk,MTK 7916,861120344,rx0-tx0,512,-330,4,245,-895,-861,-760,-562,-310,-41,236,493,690,831,881,845,747,567,339,68,-202,-453,-657,-806,-869,-862,-769,-613,-392,-123,161,418,654,820,911,911,828,663,419,141,-163,-457,-697,-870,-964,-958,-861,-680,-421,-129,179,477,726,890,980,965,854,659,416,112,-197,-481,-718,-884,-971,-960,-857,-669,-411,-118,184,463,710,884,971,958,856,664,410,106,-204,-490,-736,-897,-962,-941,-821,-617,-358,-70,231,506,721,859,926,867,737,544,293,16,-256,-502,-688,-805,-834,-783,-662,-472,-239,12,239,452,624,722,741,695,595,432,222,9,-202,-399,-548,-635,-673,-641,-559,-425,-246,-26,149,342,488,597,653,643,564,433,267,75,-129,-324,-485,-604,-667,-661,-595,-463,-277,-71,145,346,512,632,689,684,591,443,258,43,-181,-395,-561,-671,-709,-671,-580,-425,-222,4,221,428,590,697,730,685,586,412,195,-43,-289,-502,-666,-755,-761,-692,-541,-336,-83,183,430,623,751,795,743,602,393,145,-127,-373,-575,-711,-744,-685,-553,-358,-126,103,311,468,565,584,524,431,293,123,-36,-189,-300,-365,-393,-372,-323,-236,-129,-24,77,161,215,246,259,251,205,142,79,12,-49,-111,-154,-187,-198,-185,-157,-116,-58,21,88,142,178,182,155,107,39,-28,-79,-625,-448,510,-1063,-959,50,-44,-138,-213,-259,-269,-225,-133,-38,74,179,265,324,337,311,249,157,37,-85,-199,-308,-392,-427,-421,-365,-263,-132,30,209,367,496,580,596,558,447,273,61,-185,-422,-616,-756,-810,-776,-645,-418,-136,172,478,733,920,1001,972,825,563,239,-127,-492,-802,-1036,-1146,-1123,-978,-723,-369,30,430,777,1041,1191,1210,1093,839,508,115,-290,-663,-970,-1162,-1225,-1150,-977,-671,-307,83,479,809,1053,1177,1179,1059,819,502,140,-227,-591,-875,-1071,-1149,-1112,-957,-705,-382,-23,341,664,926,1078,1120,1056,876,614,280,-79,-414,-712,-947,-1068,-1082,-987,-776,-507,-185,153,473,743,301,1023,1025,914,715,459,151,-173,-462,-718,-906,-999,-1003,-909,-737,-481,-177,143,455,725,913,1038,1053,963,773,494,177,-166,-486,-763,-970,-1081,-1083,-976,-765,-490,-167,171,503,784,985,1096,1092,995,797,521,183,-168,-512,-816,-1028,-1149,-1152,-1046,-843,-541,-185,188,547,855,1079,1203,1208,1085,853,537,160,-243,-613,-925,-1146,-1246,-1208,-1056,-793,-461,-71,332,673,959,1138,1191,1128,948,674,351,1,-357,-668,-902,-1055,-1096,-1031,-865,-618,-322,7,327,617,834,975,1018,963,813,585,300,-5,-305,-564,-775,-913,-960,-918,-779,-581,-317,-21,262,526,734,869,928,879,757,559,298,-806,-981,-82,822,789,-38,229,492,706,841,889,866,742,558,320,44,-219,-464,-667,-806,-870,-848,-751,-581,-353,-89,181,431,642,804,893,889,800,637,402,136,-153,-422,-670,-839,-933,-944,-853,-676,-429,-140,175,466,718,889,972,968,868,670,413,115,-195,-489,-722,-894,-987,-961,-846,-648,-393,-102,197,474,706,876,959,951,849,670,415,121,-180,-471,-711,-885,-971,-952,-845,-652,-388,-94,214,507,738,890,948,919,790,583,332,37,-262,-504,-708,-837,-880,-832,-707,-504,-260,7,257,484,658,764,779,731,623,444,224,-7,-224,-421,-583,-678,-699,-670,-571,-412,-233,-27,181,362,515,609,628,636,549,418,250,60,-145,-336,-491,-600,-657,-647,-579,-450,-282,-77,133,332,500,618,674,670,597,464,277,66,-159,-371,-530,-652,-705,-691,-597,-441,-249,-21,201,403,567,675,712,679,587,423,213,-30,-259,-458,-621,-717,-749,-696,-570,-385,-145,110,363,563,716,792,777,669,483,254,-13,-276,-503,-677,-767,-767,-664,-490,-260,0,234,443,594,670,655,562,408,224,12,-171,-322,-437,-486,-478,-418,-308,-185,-53,73,180,265,305,318,301,251,179,97,13,-67,-137,-178,-202,-212,-206,-178,-129,-75,-7,55,109,152,189,194,167,123,61,-13,-77,-127,-152,-143,-115,509,681,-82,189,495,-190,-213,-190,-126,-32,74,184,257,295,303,259,186,81,-36,-149,-246,-328,-366,-362,-322,-254,-147,-12,125,265,381,469,510,493,408,281,101,-96,-294,-478,-613,-695,-702,-615,-447,-225,44,315,579,777,887,905,816,623,344,17,-318,-636,-892,-1046,-1092,-998,-792,-490,-117,271,631,935,1135,1201,1127,920,617,239,-169,-567,-897,-1120,-1229,-1190,-1027,-746,-391,12,394,745,1024,1167,1208,1108,888,580,205,-177,-552,-852,-1068,-1159,-1146,-1008,-761,-442,-77,296,632,900,1077,1141,1087,925,669,332,-26,-384,-696,-936,-1085,-1108,-1019,-840,-565,-228,118,462,745,944,1059,1055,949,742,-176,158,-167,-484,-734,-919,-1010,-1000,-892,-713,-454,-162,147,444,704,903,1008,1023,941,751,494,186,-154,-465,-753,-952,-1065,-1073,-966,-773,-500,-168,177,512,783,976,1078,1084,980,775,494,167,-178,-506,-791,-1008,-1122,-1129,-1033,-824,-530,-188,181,521,827,1056,1171,1179,1068,851,543,181,-207,-572,-880,-1105,-1225,-1216,-1076,-836,-504,-110,288,655,950,1144,1237,1175,1004,742,397,21,-354,-689,-943,-1085,-1140,-1078,-904,-648,-334,13,350,650,871,1009,1051,995,831,593,306,-4,-313,-589,-807,-941,-984,-932,-791,-579,-310,-14,284,551,754,902,937,890,762,559,314,25,-262,-516,-728,-864,-705,-438
61277,mtk,MTK 7916,861120344,rx0-tx1,512,-686,-772,-929,-509,-342,-145,70,270,438,571,638,633,574,448,288,98,-89,-265,-411,-513,-562,-555,-499,-394,-261,-112,37,194,326,420,484,511,483,415,317,183,45,-105,-249,-364,-462,-518,-524,-493,-411,-288,-137,37,206,355,480,567,608,582,499,369,195,1,-212,-392,-546,-650,-684,-648,-556,-407,-200,14,241,442,596,700,726,675,559,384,177,-53,-282,-478,-630,-716,-733,-671,-545,-356,-144,81,297,483,630,701,708,645,512,334,123,-98,-317,-494,-615,-678,-681,-607,-479,-303,-101,106,314,483,603,662,658,587,455,289,84,-120,-320,-483,-596,-648,-641,-579,-448,-268,-66,143,-38,489,595,635,628,551,411,237,38,-167,-353,-503,-603,-645,-618,-534,-392,-208,-2,205,387,537,627,649,609,500,341,147,-60,-267,-444,-574,-637,-637,-566,-434,-274,-73,126,311,468,566,606,589,512,376,204,18,-171,-331,-469,-550,-569,-539,-453,-324,-168,10,188,344,461,532,543,503,422,285,121,-48,-209,-358,-467,-524,-537,-485,-373,-228,-63,123,289,420,515,544,506,407,275,111,-71,-230,-372,-460,-492,-472,-391,-279,-130,35,183,312,395,435,422,357,247,119,-27,-171,-282,-351,-376,-360,-294,-190,-59,76,195,286,331,323,258,151,28,-98,-192,-238,-227,-173,24,-276,0,437,690,-157,-150,-107,-37,51,129,193,230,221,177,110,29,-61,-140,-208,-242,-242,-217,-154,-78,7,93,168,222,247,243,209,152,77,-6,-80,-152,-195,-220,-218,-190,-145,-93,-34,20,78,120,149,165,165,161,143,114,77,30,-21,-78,-127,-175,-200,-210,-213,-178,-130,-55,21,95,170,221,242,245,237,192,118,41,-46,-121,-183,-228,-257,-261,-228,-185,-133,-55,15,94,157,210,253,276,269,232,183,101,13,-78,-172,-249,-304,-335,-327,-281,-210,-111,-1,109,215,304,354,376,359,301,215,101,-23,-141,-249,-338,-384,-397,-374,-311,-214,-99,29,161,278,369,419,-48,401,333,231,98,-44,-182,-304,-404,-464,-482,-441,-363,-254,-109,50,210,348,457,517,522,481,386,250,84,-88,-258,-400,-500,-549,-552,-493,-379,-238,-71,101,265,402,502,559,559,508,399,264,93,-89,-262,-414,-529,-585,-594,-552,-457,-313,-131,68,262,432,565,643,657,610,509,349,149,-68,-275,-473,-620,-695,-721,-658,-529,-354,-128,104,333,532,681,752,747,672,518,304,72,-168,-392,-578,-702,-752,-726,-631,-468,-258,-30,201,414,578,687,722,685,587,430,228,8,-208,-413,-569,-668,-706,-675,-576,-420,-218,1,217,412,567,671,695,655,546,382,181,-35,-254,-601,-297,9,-621,-360,442,573,649,660,600,481,319,114,-84,-278,-436,-548,-602,-590,-530,-415,-263,-95,75,236,372,465,511,522,484,394,281,152,4,-147,-279,-393,-471,-502,-500,-443,-353,-241,-94,59,215,363,470,539,565,530,451,329,174,-9,-197,-363,-507,-598,-646,-620,-530,-393,-201,17,232,418,580,674,706,671,560,397,195,-38,-262,-464,-617,-709,-735,-679,-558,-380,-164,71,296,493,636,713,718,650,527,345,129,-92,-311,-496,-626,-694,-696,-629,-492,-313,-112,109,314,482,608,666,672,601,472,295,96,-111,-314,-476,-597,-656,-645,-576,-445,-277,-81,116,312,484,597,650,631,634,424,246,50,-149,-345,-498,-601,-644,-623,-535,-400,-224,-23,181,368,518,618,652,618,519,370,177,-25,-234,-417,-558,-634,-646,-590,-473,-306,-108,97,299,453,565,626,610,544,412,235,44,-146,-325,-468,-563,-599,-562,-479,-351,-178,-1,178,335,451,530,559,524,432,300,143,-30,-197,-346,-465,-527,-538,-499,-407,-270,-110,66,249,395,488,542,537,460,344,184,-2,-183,-331,-439,-508,-508,-449,-348,-199,-39,132,279,385,452,458,412,323,194,50,-102,-236,-335,-393,-413,-372,-279,-157,-23,111,228,314,354,345,289,188,61,-75,-194,-271,-297,-269,-186,-75,38,123,-971,-940,0,-658,-382,6,80,149,191,197,163,101,15,-76,-151,-201,-231,-225,-192,-131,-44,42,124,193,230,247,231,185,114,31,-52,-126,-184,-226,-232,-215,-179,-112,-47,28,98,149,180,191,184,168,133,92,42,-8,-52,-92,-123,-155,-176,-184,-170,-144,-101,-47,7,75,142,191,231,230,221,182,118,42,-29,-104,-180,-229,-255,-254,-225,-182,-121,-51,36,113,164,220,249,256,243,200,148,80,0,-90,-161,-231,-284,-300,-297,-265,-198,-117,-17,94,192,276,332,354,345,299,215,109,-3,-130,-237,-320,-374,-390,-366,-311,-214,-97,26,154,265,344,394,412,395,324,220,89,-1135,-166,-288,-385,-439,-450,-417,-348,-243,-110,40,190,316,424,493,507,468,383,257,98,-68,-235,-380,-488,-541,-545,-493,-387,-238,-75,98,267,408,503,555,547,489,381,241,71,-101,-271,-415,-520,-582,-580,-527,-430,-282,-105,76,254,413,535,611,627,582,479,329,137,-62,-261,-440,-588,-670,-686,-641,-535,-351,-142,83,316,498,645,729,733,673,537,343,106,-132,-363,-568,-701,-758,-745,-656,-500,-289,-48,194,411,583,692,735,708,607,448,248,22,-200,-399,-564,-669,-706,-681,-584,-424,-231,-10,209,411,570,671,703,664,559,401,199,-19,-231,-429,-576,-666,-688,-644,-509,-728
61278,mtk,MTK 7916,861120344,rx1-tx0,512,0,401,448,135,331,503,611,665,667,594,472,306,93,-135,-350,-538,-686,-769,-772,-697,-566,-361,-115,145,404,624,803,896,897,807,626,374,81,-231,-526,-767,-937,-1014,-974,-842,-618,-319,22,361,655,901,1044,1078,1003,817,550,219,-133,-473,-762,-969,-1073,-1071,-956,-735,-452,-125,217,533,786,968,1040,1011,882,674,397,81,-232,-529,-763,-918,-988,-960,-832,-624,-362,-66,247,535,757,902,961,918,790,581,312,20,-262,-531,-738,-871,-910,-865,-725,-524,-274,10,294,533,720,833,858,800,656,452,206,-58,-319,-530,-686,-775,-775,-710,-567,-362,-146,92,310,489,620,682,672,613,-277,316,116,-77,-259,-415,-530,-588,-598,-546,-448,-317,-150,26,199,350,467,543,568,537,454,343,197,29,-141,-300,-432,-520,-561,-552,-485,-384,-242,-74,105,269,404,515,578,591,551,450,304,130,-69,-268,-438,-571,-659,-686,-653,-541,-372,-154,80,325,544,699,791,809,740,575,348,74,-218,-498,-739,-876,-918,-857,-700,-464,-165,159,454,701,875,940,878,723,491,206,-105,-389,-626,-782,-838,-806,-678,-484,-239,33,284,502,642,713,710,608,443,236,14,-203,-392,-528,-597,-597,-524,-397,-220,-17,176,333,458,516,509,429,290,112,-77,-240,-365,-418,-390,-293,-149,8,-165,45,0,-2,-375,-36,-14,19,52,78,95,104,88,59,31,-15,-61,-98,-130,-145,-138,-113,-80,-33,21,64,108,146,171,171,150,124,66,8,-49,-108,-162,-199,-213,-215,-189,-140,-72,9,102,178,236,285,301,276,240,173,65,-43,-167,-268,-350,-398,-395,-353,-262,-139,12,163,305,414,475,477,436,327,184,22,-155,-312,-439,-508,-530,-490,-376,-243,-68,112,279,414,491,524,495,403,283,139,-38,-203,-329,-423,-476,-461,-417,-321,-191,-43,98,216,317,375,394,379,327,247,148,49,-55,-144,-223,-283,-322,-333,-321,-287,-213,-141,-49,67,172,267,339,395,409,385,314,205,489,-69,-212,-338,-430,-494,-506,-462,-359,-226,-68,110,273,408,514,565,555,490,364,199,21,-165,-342,-485,-582,-615,-587,-502,-367,-188,12,207,386,532,623,639,599,498,345,162,-29,-239,-421,-549,-632,-653,-605,-504,-349,-162,50,244,414,543,629,651,611,516,378,193,-4,-200,-395,-549,-648,-688,-672,-587,-450,-263,-36,202,423,603,729,780,756,650,477,251,-12,-280,-523,-707,-810,-825,-760,-608,-388,-140,124,374,573,714,775,761,658,497,289,61,-163,-361,-522,-636,-678,-656,-562,-431,-267,-78,108,282,429,537,600,604,551,447,311,150,-25,-216,-372,-497,-586,-608,772,639,0,-199,11,617,560,435,262,70,-142,-349,-516,-646,-715,-712,-644,-522,-341,-111,135,368,574,738,820,825,748,599,381,110,-178,-457,-695,-866,-953,-944,-830,-624,-358,-38,291,587,836,1001,1055,997,840,594,270,-78,-419,-719,-945,-1072,-1086,-985,-780,-495,-164,177,513,784,970,1060,1036,910,695,412,89,-228,-524,-767,-942,-1013,-982,-858,-638,-369,-66,248,531,761,910,979,953,816,600,331,34,-262,-526,-742,-881,-924,-886,-757,-548,-288,-8,277,530,720,845,888,830,695,494,243,-29,-295,-535,-707,-808,-827,-757,-613,-419,-179,75,311,523,664,739,739,663,523,339,123,-91,-287,315,-581,-633,-626,-568,-459,-306,-135,51,236,382,496,561,576,536,445,319,168,1,-173,-328,-441,-533,-562,-548,-475,-366,-216,-54,126,287,425,524,574,566,504,406,271,101,-79,-258,-418,-537,-614,-643,-597,-490,-342,-148,60,274,468,617,711,737,693,558,361,125,-133,-403,-629,-787,-867,-851,-751,-548,-269,27,335,599,807,923,930,820,623,347,26,-284,-556,-761,-878,-883,-787,-611,-360,-78,204,454,639,759,780,716,569,356,126,-124,-355,-526,-637,-666,-625,-506,-331,-131,77,265,428,535,568,522,426,279,92,-100,-277,-404,-475,-465,-387,-252,-78,95,232,313,320,-409,-440,0,789,691,50,76,82,70,45,16,-19,-60,-86,-110,-125,-114,-89,-53,-5,46,90,126,152,152,135,115,75,24,-39,-92,-142,-180,-186,-184,-168,-130,-71,-6,64,138,194,237,264,256,215,156,79,-21,-118,-200,-288,-334,-346,-325,-260,-166,-37,94,227,338,419,449,429,358,240,84,-76,-240,-379,-471,-519,-505,-427,-294,-130,43,227,373,477,537,527,458,331,181,21,-158,-311,-421,-495,-510,-458,-359,-237,-77,78,212,333,411,446,426,371,274,150,28,-94,-196,-281,-324,-351,-344,-312,-258,-186,-96,2,93,188,265,309,355,355,323,264,184,75,-52,-181,-299,-389,-571,-452,-426,-346,-228,-80,85,250,384,477,537,531,468,361,216,36,-145,-318,-459,-549,-585,-572,-496,-366,-192,-3,194,367,510,605,632,596,504,357,173,-28,-227,-408,-548,-617,-643,-611,-497,-343,-163,45,241,423,553,632,646,600,503,359,178,-29,-228,-406,-546,-637,-659,-633,-553,-407,-225,-22,191,390,554,680,739,721,626,470,263,23,-225,-462,-650,-778,-818,-771,-636,-437,-193,71,331,564,723,801,801,715,552,340,95,-155,-384,-562,-680,-726,-696,-602,-454,-267,-59,144,335,476,580,626,615,553,440,287,114,-69,-246,-396,-512,-583,-610,-574,-475,-353,-185,-1,78,437
61279,mtk,MTK 7916,861120344,rx1-tx1,512,0,0,0,-490,-194,151,468,690,776,694,465,141,-217,-526,-730,-779,-663,-412,-84,260,548,707,710,568,311,-12,-335,-570,-663,-620,-444,-167,144,419,595,642,534,303,14,-277,-505,-616,-587,-434,-184,119,399,584,636,546,331,44,-254,-505,-644,-628,-486,-233,80,374,583,665,603,413,128,-186,-455,-630,-665,-548,-324,-28,277,513,627,602,450,201,-87,-361,-555,-613,-530,-332,-60,227,463,597,594,465,228,-61,-336,-544,-642,-593,-419,-152,151,419,599,648,558,344,68,-216,-465,-617,-634,-515,-286,-4,268,482,600,588,448,219,-42,-291,-477,-555,-513,-364,-148,90,298,424,0,402,250,51,-149,-302,-379,-361,-256,-98,80,242,345,352,277,131,-51,-231,-360,-407,-359,-222,-21,201,377,473,476,376,182,-62,-305,-490,-573,-538,-382,-138,141,397,577,645,584,395,116,-183,-450,-632,-687,-600,-377,-83,234,503,674,713,597,355,33,-291,-553,-709,-726,-598,-341,-6,339,611,758,756,604,334,-5,-341,-606,-760,-763,-614,-345,-12,309,574,741,752,615,364,47,-269,-517,-663,-689,-584,-368,-90,192,431,580,613,523,348,120,-130,-340,-470,-514,-462,-326,-135,71,261,389,439,409,316,172,5,-164,-293,-362,-374,-328,-241,-129,-12,99,178,223,231,0,0,0,0,0,358,402,389,307,169,-16,-218,-408,-556,-632,-608,-488,-281,-16,264,515,692,751,674,481,200,-126,-450,-697,-814,-784,-609,-318,37,398,680,837,826,650,345,-34,-410,-716,-885,-870,-678,-348,56,455,773,940,920,715,354,-103,-534,-852,-1012,-972,-730,-339,127,578,923,1073,1000,729,303,-181,-623,-946,-1075,-984,-695,-255,240,677,965,1063,938,606,155,-323,-747,-1013,-1051,-859,-494,-23,453,833,1042,1026,780,372,-108,-580,-940,-1093,-1009,-707,-252,263,732,1050,1151,1010,655,150,-393,-865,-1164,-1223,-1033,-629,-86,477,952,1239,1269,1034,591,32,-533,-1001,-1255,-1257,-1003,-531,40,0,1015,1227,1178,883,412,-149,-676,-1053,-1207,-1110,-765,-256,296,786,1115,1203,1028,631,96,-464,-923,-1187,-1201,-961,-517,35,595,1027,1239,1197,891,401,-167,-708,-1096,-1253,-1146,-805,-302,262,774,1113,1204,1049,673,160,-385,-831,-1081,-1107,-898,-486,20,509,876,1043,974,687,246,-246,-673,-946,-1009,-853,-496,-24,457,841,1049,1031,781,351,-151,-616,-964,-1115,-1018,-708,-250,265,724,1024,1112,976,634,160,-344,-768,-1029,-1074,-892,-529,-76,375,752,957,952,751,403,-11,-407,-701,-832,-788,-571,-234,142,465,674,722,604,359,40,-282,-525,-644,-613,-440,-162,157,434,611,649,541,306,0,0,0,0,0,-547,-716,-734,-599,-339,5,352,631,777,759,585,294,-55,-389,-647,-763,-710,-511,-207,141,447,642,697,610,392,86,-232,-490,-636,-632,-491,-242,59,349,552,633,571,374,97,-203,-460,-614,-622,-493,-255,44,339,552,640,595,409,128,-188,-461,-628,-665,-559,-328,-21,288,530,655,638,487,229,-74,-360,-570,-652,-592,-396,-116,183,434,586,613,504,277,-11,-291,-511,-608,-570,-401,-145,144,408,585,629,534,321,37,-259,-498,-636,-637,-505,-263,33,321,546,640,597,443,193,-105,-370,-556,-625,-563,-381,-126,152,393,544,583,499,310,55,-195,-390,-494,-497,-403,-222,0,216,372,431,386,261,90,-103,-272,-362,-348,-259,-109,77,245,350,375,312,168,-23,-220,-377,-447,-410,-280,-81,141,345,493,535,453,276,30,-233,-456,-587,-598,-488,-269,21,304,536,660,636,492,255,-53,-349,-572,-694,-672,-504,-221,100,409,632,724,678,486,190,-146,-457,-684,-765,-696,-485,-169,182,492,709,778,709,498,178,-172,-476,-694,-778,-706,-500,-205,124,431,646,734,680,499,230,-71,-354,-562,-650,-615,-465,-235,30,276,463,556,543,427,234,8,-205,-373,-472,-477,-393,-240,-48,140,288,381,412,370,268,129,-18,-154,-255,-317,-324,-288,-224,-138,-42,0,0,0,0,0,-50,82,224,368,485,545,529,427,252,26,-219,-448,-620,-698,-661,-510,-265,35,348,612,761,781,662,419,93,-252,-554,-762,-832,-740,-501,-160,215,559,794,876,776,514,157,-238,-598,-841,-923,-820,-534,-133,298,680,933,992,850,532,109,-341,-740,-1002,-1044,-880,-534,-82,397,791,1033,1067,888,516,34,-453,-833,-1045,-1043,-829,-443,35,507,874,1056,1017,754,332,-147,-601,-931,-1056,-951,-653,-214,289,724,994,1054,897,546,67,-430,-845,-1089,-1093,-860,-454,61,571,969,1173,1137,847,374,-178,-704,-1091,-1268,-1188,-850,-340,230,766,1143,1284,1175,827,301,-286,-804,-1157,-1259,0,-733,-197,367,854,1155,1214,1016,600,61,-489,-932,-1176,-1167,-899,-440,100,630,1036,1215,1130,804,309,-264,-776,-1128,-1241,-1093,-715,-181,387,881,1192,1249,1046,627,81,-483,-948,-1211,-1208,-949,-496,53,581,977,1170,1107,806,344,-180,-652,-978,-1082,-945,-601,-124,367,765,998,999,773,370,-117,-570,-899,-1041,-942,-623,-170,319,746,1027,1090,908,528,47,-450,-862,-1088,-1088,-852,-439,54,539,919,1103,1043,768,355,-114,-576,-898,-1021,-940,-662,-254,188,579,837,911,785,499,123,-259,-576,-757,-765,-602,-310,33,363,592,676,613,406,95,-222,-481,-625,-629,-478,-224,83,380,590,0,0
61280,mtk,MTK 7916,861120344,rx2-tx0,512,0,0,0,-672,-167,385,874,1192,1257,1048,611,36,-558,-1041,-1311,-1312,-1040,-540,80,686,1151,1370,1299,955,407,-235,-823,-1231,-1386,-1248,-838,-244,401,959,1307,1376,1146,670,55,-576,-1076,-1344,-1315,-999,-474,150,746,1176,1345,1228,841,272,-357,-902,-1242,-1310,-1096,-645,-56,543,1009,1248,1218,922,422,-162,-702,-1079,-1212,-1077,-703,-180,385,853,1116,1126,881,438,-96,-604,-972,-1115,-1000,-659,-162,368,818,1084,1096,856,423,-117,-642,-1020,-1168,-1065,-723,-201,375,871,1175,1226,1010,565,-11,-585,-1046,-1288,-1247,-935,-418,194,772,1190,1359,1236,843,268,-369,-933,-1295,-1378,-1173,-722,-113,527,1058,1357,0,1092,579,-54,-672,-1144,-1370,-1313,-970,-414,234,832,1251,1407,1264,843,239,-423,-995,-1359,-1444,-1218,-723,-73,596,1145,1455,1459,1163,619,-68,-746,-1265,-1530,-1480,-1109,-502,192,854,1355,1568,1451,1035,407,-303,-951,-1407,-1576,-1408,-948,-306,397,1027,1445,1552,1342,864,210,-482,-1076,-1447,-1512,-1265,-767,-114,554,1111,1426,1439,1177,678,35,-602,-1107,-1392,-1396,-1123,-625,-15,583,1060,1320,1315,1058,598,32,-518,-956,-1206,-1213,-985,-577,-74,423,819,1045,1063,881,542,112,-318,-661,-870,-911,-782,-516,-161,204,509,716,781,706,521,255,-40,-316,-517,-622,-628,-542,-388,-198,-4,159,275,338,0,0,0,0,0,156,316,448,537,564,508,362,142,-122,-392,-616,-752,-771,-657,-420,-96,257,585,824,908,826,594,238,-186,-589,-891,-1028,-972,-728,-333,145,609,966,1148,1105,836,396,-130,-651,-1056,-1257,-1202,-919,-450,131,692,1121,1338,1294,982,464,-150,-748,-1203,-1414,-1347,-1008,-465,176,793,1252,1455,1361,993,429,-213,-819,-1261,-1433,-1314,-935,-370,271,842,1232,1368,1223,825,265,-338,-857,-1190,-1256,-1061,-647,-103,447,892,1140,1136,890,455,-79,-588,-955,-1105,-1012,-698,-234,286,737,1015,1071,891,513,16,-490,-894,-1100,-1059,-783,-346,180,678,1033,1158,1036,690,191,-358,-830,-1131,-1191,-999,-586,0,517,958,1196,1182,910,434,-133,-673,-1072,-1244,-1147,-794,-263,322,844,1184,1270,1079,650,71,-526,-1011,-1293,-1295,-1011,-508,112,711,1159,1368,1287,925,372,-270,-854,-1257,-1391,-1233,-808,-208,436,983,1311,1360,1123,643,31,-582,-1059,-1302,-1266,-958,-438,164,720,1113,1253,1118,744,207,-368,-858,-1152,-1185,-958,-529,18,556,965,1150,1081,774,300,-232,-704,-1019,-1109,-955,-588,-89,414,811,1026,1017,783,378,-109,-557,-868,-983,-879,-577,-149,302,671,877,877,675,325,-97,-492,-769,-859,-749,-462,-64,350,680,863,842,614,244,-184,-584,-854,-936,-802,-476,-34,432,809,1004,982,743,324,0,0,0,0,0,-967,-1179,-1147,-870,-391,188,731,1135,1308,1202,840,294,-326,-884,-1252,-1359,-1187,-764,-171,464,1001,1331,1373,1119,629,7,-620,-1112,-1365,-1330,-1014,-472,175,778,1205,1377,1251,853,275,-361,-923,-1274,-1352,-1140,-671,-58,555,1048,1311,1288,989,470,-148,-730,-1147,-1303,-1180,-804,-247,347,858,1181,1238,1018,577,12,-544,-972,-1176,-1108,-801,-313,245,733,1045,1120,948,555,35,-494,-904,-1104,-1048,-754,-290,247,737,1062,1143,962,563,29,-515,-952,-1188,-1160,-865,-376,199,740,1133,1276,1141,758,203,-410,-935,-1261,-1323,-1101,-641,-38,580,1074,1338,1319,1021,504,-125,-738,-1192,-1385,-1284,-919,-354,0,873,1275,1400,1217,781,180,-464,-1008,-1336,-1379,-1124,-628,1,640,1140,1401,1370,1041,482,-179,-806,-1276,-1473,-1355,-954,-347,348,973,1392,1521,1343,877,221,-485,-1090,-1469,-1543,-1303,-790,-109,599,1180,1515,1538,1252,696,-11,-705,-1248,-1545,-1516,-1176,-594,106,776,1280,1520,1454,1094,503,-191,-837,-1296,-1490,-1385,-988,-394,267,872,1295,1454,1318,921,341,-301,-877,-1262,-1391,-1254,-875,-322,280,810,1175,1304,1178,826,331,-211,-703,-1041,-1162,-1060,-766,-336,145,574,873,1001,934,694,339,-61,-430,-702,-837,-813,-637,-357,-30,284,533,685,710,617,438,201,-51,-270,-427,-512,-518,-452,-342,-203,0,0,0,0,0,-382,-338,-232,-67,138,352,541,664,689,609,425,152,-165,-471,-708,-835,-823,-654,-354,22,407,732,930,958,807,494,65,-387,-777,-1031,-1089,-938,-595,-119,391,841,1142,1212,1046,670,151,-406,-906,-1233,-1311,-1126,-723,-173,427,957,1304,1386,1186,753,163,-474,-1021,-1363,-1435,-1213,-744,-128,515,1056,1381,1430,1191,713,91,-548,-1071,-1364,-1374,-1110,-619,-13,587,1055,1296,1265,971,478,-106,-654,-1048,-1217,-1123,-790,-293,257,732,1045,1133,967,585,81,-430,-844,-1065,-1047,-801,-372,139,616,964,1092,980,657,180,-342,-792,-1072,-1114,-917,-520,-1,528,945,1165,1136,857,391,-155,-676,-1063,0,-1106,-755,-244,325,828,1153,1226,1035,625,72,-502,-973,-1231,-1216,-936,-460,125,700,1126,1304,1196,837,290,-327,-880,-1247,-1354,-1166,-729,-132,497,1022,1337,1374,1102,589,-34,-650,-1144,-1388,-1326,-985,-444,195,789,1203,1355,1217,821,253,-362,-893,-1219,-1276,-1056,-611,-31,540,985,1208,1164,868,380,-186,-706,-1068,-1185,-1031,-660,-144,396,841,1095,1107,866,444,-67,-561,-929,-1086,-996,-690,-245,257,698,964,1009,841,490,40,-411,-764,-931,-885,-641,-253,189,574,815,864,709,395,-11,-422,-729,-853,-788,-540,-154,270,636,863,889,709,355,-90,-514,-836,-976,-895,-604,-167,313,740,1011,0,0
61281,mtk,MTK 7916,861120344,rx2-tx1,512,0,0,0,-79,-598,-993,-1190,-1136,-832,-352,207,735,1106,1241,1113,748,230,-334,-828,-1148,-1225,-1039,-636,-98,457,914,1170,1164,913,476,-57,-570,-961,-1135,-1064,-765,-301,221,681,989,1062,905,553,77,-412,-805,-1011,-977,-725,-311,176,618,923,1019,883,537,67,-422,-815,-1029,-1015,-762,-335,158,623,967,1090,963,625,148,-371,-814,-1074,-1095,-865,-436,87,599,981,1149,1073,749,236,-332,-828,-1154,-1240,-1055,-635,-71,525,1018,1297,1301,1029,545,-68,-676,-1149,-1393,-1335,-998,-461,181,777,1210,1406,1305,927,363,-269,-843,-1243,-1381,-1234,-839,-276,335,864,1211,1305,1124,724,187,-380,-858,-1148,-1187,0,-580,-71,434,827,1027,1001,762,367,-91,-522,-821,-927,-827,-551,-153,277,624,828,843,670,352,-55,-458,-739,-847,-768,-505,-123,278,616,830,849,673,335,-88,-509,-820,-952,-883,-609,-183,304,735,1024,1111,948,577,74,-460,-914,-1196,-1238,-1028,-597,-33,543,1024,1311,1326,1073,602,3,-606,-1103,-1377,-1384,-1118,-631,-9,619,1122,1405,1425,1158,671,67,-554,-1073,-1382,-1433,-1197,-749,-174,424,919,1229,1308,1142,774,271,-258,-717,-1028,-1134,-1027,-739,-324,129,534,819,933,870,659,335,-31,-373,-634,-761,-749,-610,-373,-81,209,442,590,641,588,447,258,52,-140,-288,-375,-400,-368,0,0,0,0,0,-442,-507,-513,-448,-307,-109,119,351,546,672,687,583,389,122,-178,-452,-642,-725,-680,-503,-229,91,401,638,750,715,538,253,-88,-419,-667,-795,-760,-562,-252,117,476,745,861,802,585,236,-169,-546,-812,-924,-852,-603,-226,211,614,886,985,883,585,164,-282,-679,-946,-1017,-872,-543,-103,359,753,995,1027,846,493,36,-428,-809,-1023,-1026,-811,-430,39,501,849,1018,969,725,325,-143,-585,-898,-1010,-914,-627,-205,258,663,933,1000,856,525,85,-372,-758,-981,-992,-793,-436,8,453,801,982,953,724,343,-105,-528,-830,-957,-876,-607,-214,209,594,855,924,784,484,85,-328,0,-871,-869,-686,-362,34,422,717,845,788,566,215,-179,-524,-741,-791,-672,-394,-24,346,631,774,732,516,183,-202,-536,-757,-816,-679,-387,5,414,722,883,863,641,274,-159,-568,-852,-959,-862,-574,-152,308,701,942,984,797,434,-13,-463,-819,-990,-940,-680,-265,208,636,927,1011,874,535,70,-422,-818,-1028,-1020,-783,-363,136,610,966,1102,992,670,200,-326,-794,-1092,-1148,-959,-562,-30,522,959,1186,1163,894,438,-119,-656,-1055,-1228,-1139,-812,-307,258,764,1103,1208,1062,690,168,-381,-842,-1121,-1153,-935,-515,12,532,928,1124,1067,777,326,-201,-682,-1015,-1121,-980,-626,-131,389,0,0,0,0,0,1179,1024,651,130,-423,-888,-1167,-1208,-996,-560,-10,543,983,1219,1188,904,432,-122,-653,-1047,-1213,-1118,-790,-302,246,744,1074,1174,1020,647,139,-391,-826,-1069,-1076,-848,-435,65,540,890,1034,941,643,201,-291,-712,-971,-1006,-801,-420,63,532,875,1025,945,650,206,-291,-733,-1005,-1052,-871,-494,2,504,897,1090,1037,746,287,-232,-706,-1040,-1136,-967,-591,-79,471,918,1169,1172,903,423,-150,-701,-1113,-1288,-1195,-844,-296,327,886,1263,1379,1211,789,201,-443,-993,-1329,-1397,-1176,-708,-99,532,1054,1355,1370,1107,621,10,-604,-1076,-1321,-1297,-1006,-514,72,630,1051,1248,1186,881,402,-142,0,-986,-1123,-1017,-691,-232,254,668,925,972,810,474,43,-389,-719,-876,-844,-617,-247,165,538,787,848,714,426,39,-356,-675,-840,-807,-580,-230,180,569,832,896,760,457,31,-425,-794,-1002,-998,-772,-370,122,619,1004,1173,1107,814,332,-232,-763,-1149,-1303,-1199,-851,-326,278,843,1241,1392,1256,870,311,-317,-885,-1282,-1431,-1302,-915,-340,297,879,1289,1445,1332,976,424,-201,-768,-1187,-1389,-1320,-996,-508,47,586,996,1211,1191,943,539,56,-422,-792,-996,-1006,-839,-531,-139,266,599,800,845,735,497,180,-155,-439,-628,-698,-658,-510,-286,-36,204,398,513,546,502,393,248,98,-41,0,0,0,0,0,142,0,-169,-353,-511,-614,-637,-558,-381,-140,120,379,584,696,689,561,328,30,-274,-536,-703,-738,-630,-400,-89,245,536,722,768,661,422,87,-274,-593,-788,-829,-701,-422,-45,347,666,854,883,736,429,22,-388,-725,-922,-928,-744,-403,27,462,810,990,967,750,375,-94,-544,-867,-1011,-956,-712,-313,163,612,921,1039,951,667,238,-236,-658,-949,-1040,-909,-585,-147,324,727,967,1002,828,482,39,-417,-785,-985,-968,-743,-364,99,538,859,1003,938,673,266,-194,-616,-908,-1001,-886,-587,-170,286,684,926,970,815,491,64,-371,-722,-918,-914,-714,-361,62,466,767,900,838,0,234,-181,-558,-809,-880,-762,-477,-90,306,626,806,809,631,319,-59,-418,-678,-778,-689,-452,-115,254,578,764,764,588,276,-105,-479,-755,-855,-765,-510,-124,297,658,889,931,762,419,-22,-459,-798,-969,-931,-685,-287,173,593,898,996,868,554,120,-346,-738,-963,-978,-769,-390,74,526,881,1037,950,654,212,-281,-725,-1012,-1076,-897,-511,-15,487,893,1108,1083,812,363,-162,-664,-1034,-1182,-1076,-733,-223,335,824,1139,1220,1040,629,95,-465,-931,-1194,-1203,-962,-517,40,582,990,1184,1121,817,344,-199,-693,-1036,-1151,-1016,-659,-156,369,811,1077,1102,883,476,-40,-550,-938,-1119,-1056,0,0
61282,mtk,MTK 7916,861152039,rx0-tx0,512,-330,4,245,902,873,797,658,495,314,101,-111,-304,-487,-649,-761,-844,-879,-858,-798,-692,-551,-382,-197,10,208,401,577,718,826,887,903,868,780,657,487,290,84,-140,-358,-562,-728,-859,-945,-970,-935,-858,-730,-548,-339,-109,118,347,564,734,862,950,980,961,882,748,577,370,154,-82,-295,-515,-693,-829,-922,-976,-960,-890,-784,-628,-427,-206,28,252,474,668,818,917,972,967,895,784,626,422,205,-31,-257,-460,-635,-777,-854,-890,-873,-809,-700,-555,-371,-170,22,229,410,563,682,763,790,779,720,623,487,340,176,10,-153,-312,-455,-555,-632,-673,-673,-646,-582,-480,-366,-237,-26,60,211,348,462,556,622,651,644,604,539,434,299,154,-4,-159,-309,-446,-562,-635,-674,-686,-645,-577,-471,-336,-168,6,171,328,469,581,661,700,705,667,583,475,331,163,-5,-178,-342,-483,-612,-698,-736,-729,-686,-598,-475,-312,-144,45,246,415,586,703,770,795,769,678,545,378,186,-28,-240,-432,-585,-703,-764,-769,-712,-606,-464,-285,-98,89,266,416,518,577,591,557,491,397,277,162,38,-83,-178,-259,-307,-342,-352,-331,-302,-251,-191,-131,-67,2,58,112,155,184,206,209,207,190,168,139,94,41,-14,-63,-114,-160,-183,-186,-176,-147,-100,-44,12,56,-625,-448,510,-1063,-959,106,170,218,241,237,203,142,62,-17,-110,-197,-254,-304,-329,-334,-321,-272,-205,-131,-36,63,161,261,346,415,464,488,468,420,348,239,99,-56,-212,-373,-512,-623,-702,-740,-720,-650,-533,-367,-163,69,305,519,723,876,979,995,952,849,664,426,160,-130,-418,-683,-907,-1063,-1156,-1173,-1107,-955,-732,-467,-175,146,445,731,954,1119,1212,1216,1151,988,788,531,245,-69,-377,-651,-885,-1052,-1160,-1187,-1148,-1042,-864,-640,-373,-70,220,494,740,932,1059,1134,1139,1078,946,760,520,256,-3,-276,-539,-759,-932,-1048,-1100,-1095,-1017,-874,-681,-452,-205,70,336,574,770,923,1012,1057,301,957,820,626,407,182,-57,-289,-512,-700,-851,-955,-1007,-1012,-955,-844,-687,-492,-268,-20,223,463,681,860,983,1057,1073,1027,918,750,540,307,38,-218,-460,-669,-867,-996,-1074,-1094,-1060,-968,-818,-614,-374,-128,136,402,647,844,1010,1122,1168,1153,1059,905,701,462,179,-114,-394,-653,-880,-1068,-1188,-1236,-1210,-1115,-955,-734,-470,-172,137,434,707,928,1087,1191,1223,1171,1046,887,657,396,117,-161,-420,-653,-852,-992,-1075,-1094,-1043,-957,-809,-614,-379,-144,100,335,546,734,865,955,996,979,900,776,613,421,203,-22,-248,-458,-633,-782,-881,-943,-935,-874,-779,-633,-456,-258,-37,174,-806,-981,-82,822,789,-21,-230,-429,-603,-728,-831,-892,-888,-837,-744,-597,-432,-249,-40,164,357,532,677,785,856,877,855,788,677,523,338,135,-68,-277,-469,-644,-795,-886,-940,-939,-884,-776,-618,-434,-214,22,249,458,654,813,926,980,975,926,812,648,455,236,11,-220,-445,-637,-788,-894,-960,-967,-929,-841,-683,-497,-293,-67,166,379,573,754,881,954,970,937,856,713,530,320,98,-142,-367,-566,-739,-858,-926,-947,-901,-807,-674,-497,-290,-72,148,348,524,671,782,827,835,804,715,598,438,259,72,-106,-273,-432,-562,-657,-715,-731,-705,-650,-545,-418,-280,-117,37,185,331,453,545,613,628,644,618,549,457,341,209,51,-100,-249,-382,-509,-598,-657,-672,-655,-602,-519,-396,-243,-91,72,234,382,516,619,690,707,691,629,534,403,246,78,-94,-265,-413,-533,-637,-696,-715,-701,-639,-552,-417,-245,-66,110,285,447,591,691,750,774,729,648,527,352,168,-28,-232,-421,-574,-692,-771,-798,-762,-668,-531,-354,-157,56,261,428,563,649,689,679,617,499,359,208,52,-102,-233,-348,-410,-443,-455,-431,-384,-314,-227,-141,-45,38,114,182,229,257,270,261,236,211,176,138,85,26,-24,-73,-111,-147,-179,-195,-198,-185,-165,-120,-66,-13,41,94,136,156,153,126,509,681,-82,189,495,168,130,66,-11,-98,-181,-248,-284,-297,-291,-244,-183,-115,-29,59,153,239,297,349,383,392,373,330,264,178,78,-47,-182,-307,-418,-512,-573,-598,-593,-545,-447,-312,-146,50,257,447,612,745,838,875,846,758,611,407,162,-102,-356,-614,-837,-987,-1077,-1098,-1035,-912,-711,-462,-173,133,441,716,947,1107,1199,1203,1130,981,759,491,185,-118,-432,-708,-929,-1096,-1192,-1222,-1155,-1018,-814,-568,-288,9,304,582,822,998,1121,1169,1139,1052,903,696,446,178,-110,-387,-638,-853,-1010,-1093,-1116,-1088,-984,-817,-605,-355,-91,175,440,673,864,992,1068,1077,1022,906,746,535,298,44,-176,-439,-648,-823,-944,-1018,-1025,-973,-867,-724,-542,-332,-101,136,371,584,767,904,998,1042,1028,957,819,626,401,161,-99,-349,-583,-788,-944,-1055,-1100,-1072,-987,-857,-675,-446,-205,51,303,543,760,937,1053,1115,1126,1071,944,763,547,286,19,-261,-525,-762,-957,-1104,-1191,-1199,-1144,-1018,-847,-611,-338,-38,262,547,796,1003,1150,1230,1232,1160,1024,818,577,294,-8,-311,-571,-798,-991,-1104,-1156,-1138,-1063,-931,-742,-507,-261,0,249,487,700,866,978,1035,1034,967,860,707,512,296,59,-178,-404,-594,-752,-870,-939,-958,-923,-830,-703,-535,-338,-122,108,311,507,677,794,880,910,888,-705,-438
61283,mtk,MTK 7916,861152039,rx0-tx1,512,-686,-772,-929,480,348,192,34,-127,-281,-414,-519,-588,-623,-624,-582,-510,-411,-299,-171,-32,103,220,328,416,477,518,538,516,481,420,338,234,132,16,-91,-200,-296,-376,-439,-490,-518,-516,-494,-451,-381,-286,-173,-48,87,216,330,440,531,594,620,618,577,508,409,273,126,-33,-197,-355,-487,-604,-676,-696,-696,-658,-571,-452,-300,-136,39,215,372,518,633,700,727,719,673,582,460,310,140,-39,-215,-376,-511,-620,-682,-706,-697,-637,-555,-440,-298,-139,26,189,335,470,588,654,682,678,628,548,436,301,149,-13,-170,-313,-442,-539,-611,-643,-643,-602,-539,-433,-312,-166,-4,145,-38,435,534,605,636,633,593,520,420,289,147,0,-152,-301,-428,-523,-601,-645,-646,-605,-529,-425,-279,-131,27,189,339,463,556,625,647,623,570,484,365,224,76,-70,-224,-359,-476,-554,-599,-610,-575,-510,-421,-303,-169,-38,100,239,349,440,516,550,555,527,465,379,268,149,20,-109,-236,-339,-428,-499,-533,-528,-495,-439,-354,-241,-116,21,157,276,386,471,525,536,515,457,369,251,114,-19,-148,-270,-368,-431,-467,-473,-439,-378,-290,-185,-72,41,157,259,331,381,406,389,349,285,194,91,-9,-122,-212,-287,-336,-346,-322,-265,-183,-75,31,128,198,236,232,191,24,-276,0,437,690,101,60,-8,-76,-139,-189,-217,-220,-200,-157,-95,-29,41,107,161,212,236,246,231,199,158,104,35,-34,-97,-152,-193,-228,-240,-231,-210,-174,-128,-76,-23,28,78,115,152,172,182,189,177,158,144,117,92,64,26,-10,-44,-86,-121,-160,-185,-207,-221,-217,-192,-167,-125,-81,-20,54,107,152,206,242,261,253,238,221,183,134,75,20,-36,-87,-137,-190,-226,-248,-262,-268,-252,-232,-186,-138,-85,-17,51,116,187,247,295,329,337,325,302,257,191,113,29,-59,-150,-228,-301,-349,-378,-386,-369,-332,-281,-212,-127,-30,73,165,252,323,374,414,427,411,367,-48,238,146,43,-63,-162,-258,-346,-405,-454,-477,-468,-433,-374,-295,-190,-73,57,185,296,397,472,518,545,529,489,416,308,191,60,-78,-199,-317,-420,-501,-535,-560,-552,-506,-435,-342,-228,-98,35,166,291,401,497,554,586,599,575,513,432,314,173,30,-115,-262,-402,-511,-594,-659,-684,-660,-603,-512,-382,-229,-66,103,273,434,573,668,731,754,723,651,545,396,233,42,-146,-323,-486,-606,-700,-752,-751,-704,-623,-516,-369,-202,-28,149,316,465,579,664,708,710,670,603,499,362,207,37,-127,-284,-431,-550,-637,-691,-703,-671,-605,-496,-358,-207,-41,130,284,425,538,-601,-297,9,-621,-360,-471,-577,-641,-663,-646,-589,-503,-387,-254,-107,45,191,324,433,514,565,586,563,512,443,348,243,133,11,-104,-208,-307,-391,-450,-490,-511,-502,-477,-421,-348,-260,-157,-37,80,192,300,397,470,521,552,562,533,482,405,297,168,29,-121,-270,-405,-524,-612,-658,-673,-653,-588,-495,-371,-209,-48,111,287,445,572,665,715,732,697,629,528,386,221,49,-124,-302,-456,-575,-662,-710,-719,-689,-614,-510,-376,-212,-51,118,280,420,545,634,686,699,668,591,497,362,207,55,-102,-255,-393,-506,-592,-645,-661,-639,-586,-494,-373,-230,-74,86,231,367,487,573,637,646,624,634,491,367,227,75,-70,-222,-362,-483,-572,-623,-647,-634,-576,-471,-352,-218,-65,91,242,374,494,580,625,643,620,554,456,335,188,25,-138,-286,-423,-527,-594,-621,-619,-578,-499,-390,-256,-123,26,169,296,410,503,551,571,564,519,440,355,232,94,-46,-177,-296,-397,-477,-521,-534,-525,-480,-409,-321,-209,-83,53,178,302,410,487,532,551,522,463,370,256,119,-21,-154,-280,-382,-464,-501,-504,-480,-421,-330,-219,-104,24,146,256,345,408,434,435,407,343,256,159,41,-74,-173,-264,-333,-367,-376,-348,-284,-207,-109,-3,103,193,261,297,292,252,178,87,-11,-82,-971,-940,0,-658,-382,-119,-164,-185,-179,-149,-96,-28,45,114,176,216,231,229,206,176,127,60,-12,-85,-141,-189,-228,-251,-246,-226,-191,-143,-87,-17,44,102,148,184,209,215,208,184,157,124,83,49,9,-33,-64,-92,-122,-143,-165,-173,-173,-178,-168,-151,-123,-90,-48,1,60,111,155,195,219,253,248,228,203,167,108,42,-21,-77,-132,-184,-225,-248,-256,-248,-231,-214,-179,-130,-74,-25,37,93,149,204,238,277,299,296,287,251,201,142,71,-11,-89,-168,-240,-302,-341,-365,-363,-340,-296,-235,-154,-69,25,116,201,277,340,384,406,400,370,325,255,179,90,-15,-121,-219,-1135,-360,-415,-439,-442,-419,-382,-310,-220,-121,-6,113,222,321,405,469,504,515,488,431,351,247,131,6,-133,-255,-380,-463,-523,-559,-556,-518,-462,-376,-260,-132,-8,127,250,359,454,522,566,576,560,510,432,329,199,73,-66,-209,-333,-445,-546,-608,-630,-626,-591,-518,-411,-289,-145,22,182,335,481,599,675,712,715,672,594,469,320,153,-30,-217,-381,-532,-646,-729,-770,-751,-694,-590,-458,-306,-124,67,247,401,542,656,718,740,717,658,555,428,284,120,-54,-220,-371,-508,-609,-677,-702,-689,-644,-557,-431,-285,-131,40,204,360,499,597,662,693,676,623,537,418,-509,-728
61284,mtk,MTK 7916,861152039,rx1-tx0,512,0,401,448,-202,-339,-463,-563,-629,-659,-668,-644,-582,-480,-353,-199,-36,136,315,485,624,724,793,825,801,733,623,464,273,57,-165,-390,-588,-755,-887,-964,-981,-945,-840,-693,-495,-257,-8,266,504,716,897,1016,1073,1066,995,849,663,429,165,-100,-363,-597,-797,-948,-1038,-1068,-1030,-931,-781,-589,-363,-125,116,355,576,754,886,971,999,976,880,752,579,365,137,-91,-319,-539,-715,-843,-927,-958,-921,-848,-713,-549,-350,-135,83,295,488,646,774,866,896,872,795,674,522,322,115,-83,-283,-462,-615,-725,-786,-799,-779,-716,-597,-448,-279,-96,87,263,416,538,625,682,696,658,596,-277,374,244,102,-40,-181,-306,-412,-489,-544,-575,-570,-533,-488,-400,-301,-182,-57,74,202,312,404,476,526,547,545,513,460,379,258,139,16,-112,-239,-352,-452,-527,-568,-589,-576,-530,-465,-374,-263,-124,22,171,330,459,571,657,707,720,688,622,493,346,159,-39,-238,-436,-613,-745,-832,-869,-853,-772,-631,-452,-240,-7,243,473,670,822,910,927,878,774,615,406,176,-57,-279,-483,-649,-760,-811,-811,-754,-638,-499,-324,-131,66,252,415,536,613,660,654,598,508,379,229,66,-98,-243,-376,-471,-530,-543,-516,-443,-344,-212,-66,82,223,332,396,416,385,301,185,60,-165,45,0,-2,-375,-16,-38,-61,-78,-92,-91,-83,-66,-40,-10,25,50,80,106,128,138,140,126,108,78,39,2,-40,-71,-113,-151,-166,-181,-185,-178,-157,-123,-84,-29,21,67,127,179,221,248,260,261,243,210,166,103,24,-58,-152,-222,-299,-357,-392,-408,-377,-326,-255,-173,-61,55,178,306,404,456,496,504,472,404,310,192,43,-96,-224,-346,-436,-494,-520,-520,-475,-395,-308,-191,-50,79,197,305,394,443,476,479,441,375,293,211,100,-12,-121,-211,-276,-331,-358,-381,-367,-333,-292,-247,-191,-123,-57,19,89,154,220,272,313,352,361,359,341,310,250,184,93,-20,-123,489,-310,-389,-450,-490,-497,-471,-413,-329,-221,-103,30,154,286,402,489,543,570,557,517,447,354,232,87,-53,-189,-333,-448,-535,-597,-625,-612,-564,-477,-366,-235,-92,66,220,356,463,554,611,639,616,575,497,395,267,122,-30,-183,-314,-435,-540,-613,-641,-642,-606,-552,-460,-346,-205,-53,94,251,404,538,627,692,723,711,657,578,444,290,107,-86,-282,-463,-610,-734,-812,-824,-790,-702,-576,-418,-224,-20,175,360,518,643,727,764,749,690,594,470,322,164,0,-159,-310,-434,-528,-595,-633,-629,-598,-535,-441,-338,-220,-95,38,174,292,400,490,556,597,607,584,528,772,639,0,-199,11,-604,-554,-473,-357,-214,-67,88,253,401,529,633,706,738,735,692,608,476,325,151,-45,-243,-428,-602,-747,-856,-913,-916,-855,-739,-586,-389,-155,90,334,554,740,899,998,1047,1021,919,781,585,350,87,-182,-446,-671,-856,-1003,-1079,-1085,-1027,-902,-725,-505,-260,-6,249,487,691,855,968,1016,1010,947,835,669,472,243,7,-231,-454,-640,-806,-915,-967,-966,-923,-815,-655,-472,-259,-24,203,413,606,752,862,910,917,866,762,614,443,244,28,-186,-382,-547,-694,-804,-849,-848,-801,-706,-572,-403,-216,-21,173,369,528,644,718,752,738,688,598,475,334,176,2,-158,-302,315,-522,-586,-621,-625,-599,-534,-443,-327,-204,-70,66,185,301,403,474,531,555,560,522,460,380,278,163,37,-86,-215,-330,-437,-507,-539,-554,-547,-510,-450,-363,-254,-133,-9,134,263,385,489,571,626,639,632,583,490,377,228,67,-113,-279,-446,-584,-696,-779,-805,-784,-710,-589,-419,-221,0,223,452,649,798,886,920,889,795,645,445,210,-37,-272,-486,-674,-809,-875,-877,-826,-716,-553,-358,-152,63,273,448,590,694,742,735,682,579,435,279,103,-78,-239,-382,-493,-566,-593,-575,-522,-431,-307,-167,-14,136,273,389,466,492,477,418,311,177,33,-110,-225,-294,-312,-409,-440,0,789,691,-64,-64,-50,-31,-5,26,53,79,97,112,113,105,91,66,38,3,-32,-67,-98,-133,-154,-159,-151,-140,-126,-88,-52,-17,32,82,129,160,189,209,212,216,206,169,121,61,5,-65,-128,-196,-250,-302,-319,-329,-310,-272,-229,-146,-61,52,158,257,341,414,464,463,451,396,292,180,51,-85,-214,-327,-411,-487,-524,-511,-475,-402,-300,-183,-52,85,220,327,414,489,514,496,461,399,294,179,68,-52,-168,-270,-342,-398,-430,-430,-408,-354,-290,-208,-127,-41,51,118,183,239,295,324,337,334,315,287,253,207,163,90,2,-78,-155,-234,-306,-367,-421,-438,-418,-571,-343,-266,-165,-49,78,195,307,399,471,523,540,521,474,394,285,163,23,-117,-247,-371,-471,-557,-597,-600,-571,-512,-412,-295,-164,-15,132,277,409,514,583,627,638,606,530,430,313,172,20,-135,-270,-403,-510,-584,-627,-638,-606,-553,-473,-361,-218,-76,65,205,344,471,566,637,663,658,628,562,458,327,182,14,-164,-328,-491,-625,-716,-780,-785,-751,-657,-529,-376,-176,25,227,421,583,709,784,808,785,713,591,447,275,85,-106,-280,-426,-546,-631,-677,-688,-662,-603,-500,-382,-250,-109,41,175,307,409,498,566,601,607,576,515,439,337,218,84,-53,-188,-310,78,437
61285,mtk,MTK 7916,861152039,rx1-tx1,512,0,0,0,528,198,-202,-560,-760,-745,-516,-144,265,611,775,721,465,82,-316,-617,-748,-670,-396,-15,368,635,709,579,282,-87,-430,-630,-632,-454,-144,215,502,623,563,332,-4,-334,-566,-629,-497,-221,122,436,615,613,420,106,-238,-524,-646,-573,-332,13,357,594,655,531,253,-99,-438,-661,-666,-478,-172,183,486,647,617,405,80,-273,-538,-633,-536,-287,43,374,581,609,453,165,-173,-459,-613,-587,-381,-61,276,539,641,554,308,-29,-359,-586,-651,-525,-249,99,424,612,630,475,179,-173,-461,-615,-598,-416,-119,205,467,594,549,350,59,-240,-460,-548,-484,-275,3,264,436,0,385,176,-72,-272,-379,-365,-237,-41,164,305,346,281,119,-88,-278,-381,-357,-217,2,228,392,440,347,155,-93,-336,-489,-503,-366,-111,182,434,577,557,367,68,-253,-514,-635,-580,-368,-38,311,572,678,595,338,-11,-360,-626,-719,-609,-320,61,419,662,725,587,287,-98,-467,-712,-755,-591,-269,131,497,722,763,599,266,-142,-509,-735,-764,-603,-274,126,485,721,763,598,285,-88,-436,-668,-718,-579,-292,57,373,581,635,527,293,-14,-307,-500,-556,-477,-277,-13,243,423,489,433,271,45,-184,-355,-433,-401,-275,-97,93,257,353,364,305,187,43,-86,-186,-238,-227,0,0,0,0,0,-214,-351,-435,-449,-374,-207,25,281,497,624,619,470,207,-116,-429,-655,-732,-636,-374,-11,358,657,797,744,505,131,-287,-638,-827,-800,-559,-166,271,650,860,828,568,150,-314,-694,-894,-853,-571,-121,362,762,962,899,582,100,-413,-828,-1028,-936,-575,-59,470,881,1061,948,563,21,-537,-939,-1085,-937,-528,42,589,967,1081,897,456,-114,-639,-981,-1049,-824,-350,219,719,1017,1032,745,232,-340,-810,-1059,-994,-639,-104,467,906,1088,969,556,-45,-614,-1016,-1146,-945,-459,156,743,1132,1201,932,399,-259,-851,-1213,-1249,-938,-366,316,906,1250,1257,912,315,-365,-939,-1252,-1214,-834,0,430,975,1238,1143,723,106,-534,-1026,-1218,-1053,-593,35,649,1082,1209,977,452,-195,-791,-1165,-1207,-894,-319,336,906,1224,1188,818,219,-452,-995,-1253,-1158,-737,-112,547,1047,1251,1109,641,-10,-640,-1067,-1192,-977,-490,130,706,1061,1104,830,328,-266,-783,-1049,-985,-639,-115,446,869,1023,867,447,-111,-636,-981,-1032,-772,-286,292,794,1068,1042,709,167,-420,-889,-1115,-1011,-627,-61,530,951,1105,967,559,-10,-565,-943,-1059,-882,-460,88,594,916,978,765,341,-162,-597,-846,-847,-611,-205,243,598,760,689,426,51,-334,-614,-683,-538,-243,126,453,636,622,418,76,-291,-562,-662,-557,0,0,0,0,0,501,709,721,524,170,-248,-595,-776,-739,-496,-114,297,622,773,702,434,51,-346,-634,-730,-615,-331,43,396,630,672,512,202,-165,-478,-644,-612,-392,-62,279,531,625,534,285,-55,-384,-597,-621,-461,-154,198,486,632,593,383,45,-321,-584,-675,-574,-295,67,404,630,670,514,209,-162,-475,-639,-640,-455,-126,236,519,642,576,346,17,-317,-556,-614,-494,-225,112,412,591,587,404,106,-233,-507,-630,-565,-338,-13,323,567,650,547,274,-83,-403,-605,-632,-491,-208,136,440,615,612,436,145,-182,-462,-608,-582,-387,-84,230,472,577,515,316,40,-241,-448,-508,-423,-225,0,251,398,415,309,107,-116,-294,-369,-325,-185,20,219,339,350,248,58,-161,-328,-396,-347,-179,57,285,443,471,355,128,-146,-396,-541,-526,-359,-86,225,485,616,569,362,50,-284,-543,-663,-596,-361,-27,330,598,698,606,337,-26,-389,-650,-727,-598,-310,67,436,679,742,599,278,-125,-491,-723,-753,-588,-269,130,507,743,777,603,268,-131,-494,-731,-774,-608,-285,107,466,699,742,593,287,-82,-413,-620,-667,-550,-293,37,342,552,612,510,282,-4,-272,-462,-532,-459,-272,-26,216,397,463,412,270,66,-144,-303,-390,-389,-298,-143,32,189,285,318,293,217,114,7,0,0,0,0,0,282,198,52,-141,-339,-498,-565,-518,-352,-97,198,470,647,687,573,310,-43,-394,-661,-776,-695,-442,-76,319,641,809,771,531,151,-280,-640,-837,-810,-561,-161,287,663,867,836,562,139,-326,-724,-922,-862,-564,-112,387,792,982,910,582,74,-462,-869,-1046,-941,-571,-37,509,926,1086,949,545,-2,-549,-945,-1076,-921,-497,74,616,980,1069,864,410,-167,-688,-1003,-1038,-772,-290,278,770,1037,998,676,166,-402,-855,-1066,-965,-586,-40,535,974,1115,941,498,-87,-668,-1076,-1171,-928,-433,205,803,1179,1226,935,383,-278,-873,-1232,-1260,-928,-334,343,935,1270,1244,880,287,-391,-957,0,-1183,-788,-179,480,1000,1227,1100,660,36,-598,-1061,-1212,-1010,-523,118,729,1133,1205,924,377,-277,-853,-1199,-1206,-858,-266,402,954,1239,1179,779,148,-509,-1026,-1261,-1134,-693,-54,598,1068,1229,1043,567,-64,-666,-1073,-1163,-918,-417,196,740,1065,1065,745,214,-360,-818,-1032,-933,-549,-5,540,921,1027,821,367,-205,-718,-1021,-1024,-736,-231,358,849,1084,1019,661,111,-471,-921,-1111,-994,-587,-15,553,962,1101,930,507,-50,-580,-934,-1021,-830,-407,116,587,881,917,683,265,-205,-598,-808,-779,-517,-120,294,601,725,623,332,-42,-390,-618,-654,-484,-162,210,515,651,589,343,-11,-361,0,0
61286,mtk,MTK 7916,861152039,rx2-tx0,512,0,0,0,740,161,-474,-999,-1253,-1144,-697,-43,630,1136,1334,1151,631,-68,-752,-1231,-1359,-1105,-528,204,883,1307,1355,1022,396,-350,-994,-1346,-1313,-901,-227,508,1105,1380,1247,757,50,-666,-1192,-1366,-1135,-570,148,823,1261,1328,1005,396,-323,-949,-1289,-1256,-851,-199,503,1050,1283,1140,667,1,-662,-1118,-1234,-983,-455,200,790,1137,1141,801,231,-402,-902,-1124,-1007,-580,20,617,1017,1097,847,339,-278,-811,-1094,-1048,-678,-97,516,977,1151,978,502,-132,-739,-1135,-1192,-898,-333,342,926,1241,1197,807,169,-534,-1086,-1318,-1177,-701,-12,686,1192,1359,1129,576,-144,-832,-1285,-1366,-1053,-434,302,954,1337,0,956,298,-450,-1066,-1371,-1277,-822,-133,601,1170,1395,1217,691,-42,-768,-1276,-1422,-1159,-558,211,921,1378,1444,1095,431,-362,-1057,-1457,-1452,-1029,-309,496,1173,1519,1434,953,201,-617,-1257,-1548,-1411,-874,-83,734,1340,1569,1361,776,-20,-813,-1384,-1565,-1307,-685,120,874,1386,1523,1225,583,-212,-941,-1405,-1476,-1146,-492,290,978,1392,1417,1056,416,-340,-996,-1365,-1368,-1004,-369,351,958,1305,1300,948,352,-324,-895,-1212,-1205,-889,-348,268,786,1086,1093,817,338,-204,-669,-944,-967,-740,-336,133,547,806,846,675,342,-58,-425,-672,-749,-644,-396,-71,248,491,611,592,460,256,27,-176,-313,-368,0,0,0,0,0,170,-6,-211,-412,-560,-607,-525,-319,-15,317,596,752,745,556,219,-191,-572,-825,-881,-717,-356,114,567,887,990,833,446,-63,-576,-960,-1095,-934,-516,51,622,1045,1199,1023,573,-41,-668,-1124,-1279,-1102,-611,62,720,1193,1351,1142,618,-86,-780,-1261,-1400,-1166,-606,130,842,1323,1446,1173,578,-174,-875,-1334,-1429,-1137,-529,214,893,1323,1379,1047,432,-282,-914,-1288,-1286,-922,-305,380,942,1229,1159,764,152,-488,-970,-1161,-1018,-585,20,610,1007,1105,870,384,-212,-744,-1056,-1046,-724,-189,402,880,1101,990,589,6,-588,-1013,-1138,-931,-454,158,738,1109,1160,884,343,-310,-868,-1175,-1154,0,-190,453,971,1222,1110,671,34,-620,-1088,-1243,-1043,-536,129,764,1182,1248,954,375,-331,-938,-1275,-1251,-861,-219,496,1077,1349,1225,754,64,-651,-1186,-1378,-1174,-637,88,793,1267,1378,1089,489,-247,-904,-1305,-1331,-967,-328,397,994,1297,1223,798,144,-543,-1065,-1266,-1093,-603,57,693,1111,1199,930,388,-263,-822,-1135,-1106,-752,-175,446,923,1128,1000,572,-17,-590,-990,-1092,-866,-384,203,710,1001,999,699,193,-356,-784,-977,-871,-505,3,495,822,898,702,285,-214,-631,-848,-803,-508,-54,414,750,858,696,310,-178,-617,-871,-860,-580,-113,396,796,968,840,454,-77,-603,-957,-1027,-790,0,0,0,0,0,908,1178,1114,723,115,-550,-1066,-1287,-1143,-664,14,700,1195,1352,1126,577,-144,-825,-1275,-1369,-1069,-467,272,931,1327,1342,964,307,-435,-1052,-1363,-1288,-835,-139,598,1148,1362,1188,675,-39,-744,-1226,-1345,-1074,-491,237,887,1274,1290,926,291,-420,-1007,-1305,-1209,-759,-99,580,1086,1269,1079,566,-105,-730,-1130,-1192,-901,-343,301,850,1139,1080,696,105,-511,-964,-1119,-931,-465,147,705,1047,1065,758,217,-396,-892,-1119,-1011,-590,22,638,1064,1175,941,421,-246,-840,-1194,-1202,-854,-253,432,1000,1283,1194,754,82,-616,-1138,-1343,-1165,-646,60,759,1239,1359,1093,519,-209,-889,-1311,-1354,-1011,-374,0,1005,1352,1309,890,214,-526,-1120,-1390,-1260,-768,-47,688,1219,1404,1185,622,-127,-846,-1322,-1426,-1120,-483,297,993,1424,1453,1058,364,-435,-1117,-1496,-1450,-997,-258,562,1221,1535,1428,921,147,-677,-1310,-1567,-1389,-829,-33,771,1362,1575,1344,740,-67,-856,-1404,-1554,-1267,-639,154,912,1412,1501,1173,532,-248,-967,-1410,-1448,-1085,-438,322,987,1382,1397,1030,384,-355,-989,-1352,-1348,-982,-357,349,944,1274,1261,924,350,-297,-841,-1148,-1146,-850,-345,232,731,1020,1033,778,329,-177,-610,-875,-906,-703,-339,97,490,738,793,656,365,0,-344,-585,-687,-630,-431,-159,116,345,486,515,441,301,133,0,0,0,0,0,380,461,455,351,155,-105,-381,-601,-704,-655,-451,-126,252,584,792,818,643,293,-146,-563,-853,-939,-776,-408,80,565,914,1030,879,487,-54,-599,-1003,-1144,-980,-541,53,650,1086,1240,1068,603,-48,-696,-1159,-1319,-1125,-620,63,739,1235,1391,1161,622,-98,-805,-1289,-1427,-1179,-596,149,853,1328,1440,1157,557,-194,-890,-1335,-1410,-1096,-495,243,906,1300,1335,991,376,-329,-930,-1256,-1225,-843,-230,435,958,1197,1094,678,73,-542,-988,-1137,-946,-483,117,680,1030,1067,800,297,-303,-811,-1069,-1017,-657,-95,502,955,1124,963,522,-76,-660,-1064,-1152,-905,-402,233,807,1141,1155,835,266,-386,0,-1209,-1130,-734,-116,537,1030,1233,1083,612,-43,-692,-1140,-1249,-994,-450,228,846,1226,1249,904,288,-416,-1006,-1311,-1242,-809,-133,587,1145,1377,1209,692,-16,-725,-1231,-1384,-1139,-569,166,853,1292,1351,1027,409,-321,-955,-1305,-1278,-890,-246,466,1029,1285,1162,700,44,-617,-1088,-1232,-1013,-494,168,768,1133,1157,844,281,-356,-882,-1140,-1066,-672,-83,521,962,1112,929,475,-112,-659,-1003,-1050,-786,-290,279,754,993,933,598,97,-425,-809,-941,-788,-401,101,563,839,852,605,168,-315,-700,-866,-758,-407,64,517,813,860,643,215,-287,-705,-914,-854,-523,-19,502,884,1001,817,387,-174,-694,0,0
61287,mtk,MTK 7916,861152039,rx2-tx1,512,0,0,0,-9,602,1042,1191,1009,516,-131,-735,-1136,-1215,-946,-407,247,830,1176,1188,867,300,-354,-907,-1197,-1142,-758,-168,466,959,1168,1041,610,4,-591,-1003,-1122,-910,-439,150,689,1010,1029,737,223,-345,-800,-1016,-921,-542,-1,534,907,1008,796,337,-226,-732,-1016,-987,-662,-142,425,882,1084,946,524,-47,-609,-997,-1086,-856,-364,250,789,1096,1080,731,154,-468,-956,-1179,-1047,-595,40,671,1114,1238,1006,474,-228,-873,-1259,-1292,-954,-339,376,999,1352,1320,918,261,-480,-1093,-1397,-1305,-850,-164,575,1145,1388,1248,758,61,-645,-1163,-1355,-1175,-674,12,681,1150,1296,1081,568,-88,-696,-1092,-1176,0,-419,176,701,1011,1024,737,242,-297,-732,-941,-870,-541,-55,427,767,875,723,354,-125,-554,-805,-820,-583,-162,306,681,845,752,428,-31,-493,-804,-871,-674,-264,235,679,942,928,624,114,-446,-887,-1081,-976,-580,-5,601,1058,1226,1057,593,-57,-713,-1180,-1324,-1113,-590,105,787,1259,1388,1136,585,-132,-820,-1288,-1416,-1165,-589,144,841,1321,1454,1205,636,-91,-791,-1283,-1436,-1209,-680,-1,666,1153,1337,1168,709,97,-523,-990,-1177,-1054,-681,-153,394,807,1002,934,630,182,-285,-654,-840,-811,-578,-213,182,513,705,718,561,281,-51,-347,-543,-608,-548,-380,-147,91,274,383,403,341,0,0,0,0,0,186,375,510,563,514,352,100,-193,-458,-637,-679,-564,-318,9,340,597,709,643,411,76,-288,-582,-727,-680,-453,-102,283,597,756,708,462,76,-334,-654,-808,-739,-460,-41,392,723,868,776,453,1,-459,-805,-931,-801,-450,33,517,857,967,809,415,-98,-581,-918,-1001,-800,-365,173,664,972,1017,773,308,-238,-726,-1007,-1002,-724,-241,310,768,1005,963,651,154,-390,-820,-1013,-917,-561,-45,474,860,1002,855,464,-65,-573,-910,-989,-796,-365,178,664,955,986,737,273,-268,-722,-975,-949,-656,-175,348,763,962,891,562,76,-425,-794,-931,-806,-449,35,502,821,897,718,333,0,-590,-845,-851,-619,-207,266,652,844,787,502,75,-367,-690,-797,-667,-349,77,484,727,738,527,159,-271,-622,-776,-690,-393,30,467,764,834,661,274,-208,-631,-878,-876,-623,-175,337,759,962,880,538,39,-472,-844,-976,-816,-408,116,610,929,970,723,259,-278,-737,-981,-931,-594,-75,465,870,1029,877,451,-110,-650,-1004,-1060,-798,-305,287,807,1087,1048,702,151,-455,-943,-1160,-1040,-610,-1,618,1061,1198,995,498,-148,-749,-1146,-1219,-935,-388,264,837,1167,1168,835,258,-385,-911,-1168,-1084,-694,-103,506,967,1145,986,538,-67,-649,-1031,-1106,-862,-362,243,764,1071,1069,738,189,0,0,0,0,0,-1168,-1007,-557,63,673,1097,1210,978,462,-190,-788,-1164,-1211,-918,-360,305,877,1194,1174,820,223,-426,-940,-1189,-1097,-691,-92,523,990,1154,975,527,-66,-632,-1000,-1070,-830,-340,246,747,1009,966,638,117,-443,-860,-1014,-863,-446,114,632,959,998,734,246,-324,-798,-1032,-961,-601,-43,536,948,1082,900,446,-153,-711,-1054,-1092,-800,-267,351,863,1125,1055,658,46,-573,-1029,-1195,-1010,-512,148,778,1201,1284,993,410,-303,-945,-1326,-1320,-943,-306,426,1052,1380,1316,883,207,-524,-1114,-1391,-1277,-807,-100,624,1165,1381,1215,723,32,-663,-1159,-1329,-1132,-619,52,680,1110,1236,1008,499,-130,0,-1052,-1108,-842,-346,230,716,979,952,644,155,-357,-744,-895,-782,-439,37,494,794,853,652,260,-212,-624,-835,-792,-510,-73,390,730,849,713,345,-141,-588,-867,-882,-629,-192,329,775,1012,952,603,57,-524,-974,-1156,-1023,-589,32,655,1105,1269,1086,592,-85,-752,-1213,-1353,-1123,-575,131,804,1273,1405,1153,584,-145,-833,-1308,-1437,-1183,-615,120,819,1303,1446,1207,654,-58,-735,-1216,-1382,-1191,-697,-41,598,1068,1259,1117,696,120,-457,-896,-1097,-1005,-666,-181,330,727,915,870,604,195,-237,-583,-773,-763,-563,-239,125,439,629,668,557,324,36,-238,-435,-527,-513,-398,-224,-46,105,0,0,0,0,0,-412,-336,-171,55,300,514,635,629,486,227,-89,-397,-622,-696,-609,-376,-41,309,586,719,667,439,94,-279,-588,-745,-698,-460,-89,313,630,783,722,453,60,-357,-693,-840,-757,-463,-33,418,763,906,789,449,-11,-475,-825,-945,-808,-443,60,546,882,989,806,390,-134,-627,-959,-1012,-775,-333,212,698,989,1002,744,275,-277,-748,-1018,-999,-693,-200,349,800,1015,945,610,103,-434,-844,-1010,-889,-516,2,522,883,992,823,411,-129,-627,-946,-997,-765,-318,219,694,960,958,693,232,-299,-740,-975,-927,-605,-124,382,779,951,851,503,20,-462,-812,-929,-765,-388,93,541,824,0,670,266,-206,-621,-849,-821,-559,-141,308,666,828,738,433,4,-423,-707,-773,-616,-262,175,550,751,719,464,57,-366,-689,-813,-681,-335,115,545,826,865,642,223,-278,-705,-929,-882,-580,-102,409,810,979,861,483,-35,-542,-893,-973,-771,-344,193,680,962,950,650,168,-372,-811,-1008,-900,-528,11,559,942,1044,839,373,-211,-724,-1037,-1053,-757,-229,374,878,1130,1052,665,68,-550,-1010,-1189,-1024,-560,75,690,1108,1210,966,445,-203,-792,-1159,-1201,-894,-326,330,878,1171,1135,774,192,-440,-938,-1158,-1040,-614,-18,572,991,1123,924,446,-161,-716,-1063,-1094,-799,-275,327,838,1099,0,0
61288,mtk,MTK 7916,861187710,rx0-tx0,512,-330,4,245,-347,-156,53,259,437,584,697,765,778,753,675,558,402,227,32,-155,-337,-499,-627,-718,-766,-764,-720,-629,-507,-346,-155,51,252,439,595,716,803,827,799,717,591,421,227,8,-198,-407,-591,-733,-826,-863,-846,-769,-651,-486,-283,-73,141,360,550,702,800,844,851,792,684,533,351,142,-73,-281,-479,-639,-761,-839,-852,-823,-730,-594,-418,-209,5,230,433,605,736,821,848,814,728,596,420,217,6,-202,-400,-561,-691,-771,-793,-752,-674,-552,-390,-225,-36,157,321,464,579,656,680,668,612,514,392,242,89,-78,-234,-359,-467,-551,-592,-595,-565,-507,-416,-297,-158,-26,128,260,378,474,539,574,568,532,459,359,235,91,-54,-203,-343,-454,-544,-596,-608,-574,-509,-406,-282,-132,28,188,338,463,552,613,628,600,532,427,299,141,-22,-184,-331,-463,-556,-624,-656,-621,-554,-459,-322,-151,24,196,361,500,598,668,686,656,575,445,286,93,-97,-295,-464,-602,-680,-706,-668,-592,-469,-298,-109,77,265,420,531,599,606,565,476,364,219,77,-74,-203,-302,-372,-411,-410,-379,-329,-249,-169,-85,3,91,159,205,237,252,247,227,193,152,106,51,-1,-51,-100,-134,-156,-172,-180,-171,-152,-116,-73,-19,38,86,128,145,155,136,98,53,-625,-448,510,-1063,-959,64,129,183,215,221,197,144,77,-6,-88,-162,-226,-267,-287,-291,-265,-216,-147,-67,22,114,206,282,347,399,407,388,355,282,186,50,-86,-229,-368,-480,-565,-617,-617,-560,-455,-303,-128,65,279,468,626,762,833,829,764,632,441,218,-45,-314,-551,-758,-921,-996,-995,-921,-761,-550,-294,-7,288,557,783,959,1058,1077,1007,863,660,398,107,-182,-462,-705,-902,-1025,-1067,-1045,-939,-758,-534,-275,-1,274,534,756,906,1000,1024,985,862,696,468,216,-48,-312,-552,-742,-889,-974,-991,-939,-822,-648,-423,-183,71,322,547,736,866,950,966,900,782,610,396,169,-56,-315,301,-676,-821,-902,-897,-862,-780,-611,-422,-224,4,233,436,616,768,859,910,895,826,704,531,326,92,-151,-391,-599,-774,-899,-952,-957,-898,-766,-587,-381,-149,106,342,557,738,879,962,981,939,834,677,480,246,-7,-268,-507,-710,-885,-988,-1037,-1021,-924,-778,-573,-333,-64,206,462,710,892,1020,1089,1080,994,840,628,370,86,-202,-475,-710,-896,-1022,-1075,-1063,-965,-801,-603,-356,-79,183,430,647,814,930,980,968,892,757,579,371,136,-112,-334,-531,-696,-821,-882,-885,-843,-741,-589,-413,-204,15,234,428,583,719,808,834,814,745,620,454,267,66,-143,-343,-515,-653,-759,-806,-981,-82,822,789,714,785,801,757,660,522,361,176,-13,-206,-388,-540,-658,-738,-765,-748,-690,-587,-446,-276,-83,105,294,457,601,714,782,798,767,679,542,378,183,-23,-230,-420,-591,-718,-809,-842,-825,-760,-633,-462,-261,-43,178,387,570,723,818,860,855,791,671,507,309,107,-109,-322,-508,-663,-779,-847,-855,-811,-709,-564,-395,-189,28,247,452,623,758,836,856,822,726,592,421,221,-2,-222,-416,-580,-708,-788,-815,-790,-707,-575,-413,-218,-9,185,360,517,629,704,738,707,631,531,397,235,59,-115,-283,-422,-529,-600,-634,-638,-582,-499,-396,-266,-117,33,174,305,421,508,560,628,556,513,434,326,197,57,-91,-227,-354,-454,-540,-581,-584,-552,-483,-382,-260,-108,46,199,334,458,546,611,620,594,530,425,292,141,-26,-183,-341,-465,-566,-627,-642,-614,-548,-442,-304,-154,22,194,336,474,585,654,666,641,575,457,311,140,-45,-227,-402,-539,-646,-696,-700,-647,-538,-389,-209,-14,183,355,517,624,670,666,602,486,347,179,3,-171,-317,-426,-495,-520,-505,-441,-351,-242,-125,-4,99,194,263,299,318,315,289,240,186,124,60,-5,-66,-118,-156,-185,-197,-198,-190,-168,-131,-96,-54,-7,43,91,132,160,177,169,146,105,53,-2,-60,-94,-118,509,681,-82,189,495,159,132,81,15,-59,-133,-197,-242,-264,-253,-223,-167,-95,-19,66,155,225,281,318,338,332,294,235,165,66,-52,-155,-268,-367,-450,-494,-501,-482,-416,-312,-180,-17,166,338,492,617,697,739,712,608,470,286,54,-178,-409,-621,-787,-895,-938,-897,-783,-620,-380,-104,173,448,688,876,1009,1060,1023,899,718,473,194,-110,-399,-649,-855,-1007,-1071,-1064,-975,-817,-600,-327,-42,245,517,744,911,1013,1052,1012,908,727,493,234,-34,-305,-549,-751,-910,-987,-1008,-959,-839,-665,-449,-196,64,324,553,746,883,957,978,923,803,628,419,186,-76,-329,-551,-740,-855,-915,-951,-933,-176,-573,-413,-171,52,259,480,666,784,864,898,860,773,656,481,273,49,-184,-399,-603,-763,-882,-932,-936,-867,-748,-575,-353,-112,123,367,587,763,883,958,962,898,788,632,430,190,-56,-300,-528,-729,-877,-975,-1005,-978,-879,-740,-543,-301,-43,234,486,702,888,1007,1067,1039,966,816,603,360,83,-204,-471,-708,-903,-1043,-1101,-1083,-987,-824,-617,-359,-87,198,471,689,857,988,1033,1005,918,774,582,354,103,-152,-390,-598,-755,-872,-936,-928,-857,-745,-585,-384,-161,57,271,481,646,772,842,860,823,728,599,438,236,28,-178,-377,-553,-690,-776,-825,-812,-748,-636,-490,-302,-705,-438
61289,mtk,MTK 7916,861187710,rx0-tx1,512,-686,-772,-929,207,357,492,593,646,653,619,544,438,294,138,-18,-177,-311,-429,-511,-564,-576,-548,-496,-409,-301,-185,-63,70,194,296,387,455,495,512,495,463,388,297,203,85,-51,-181,-295,-394,-472,-536,-564,-555,-518,-446,-345,-225,-81,74,214,365,502,593,646,670,644,562,451,307,143,-37,-221,-385,-524,-637,-704,-728,-692,-615,-503,-346,-173,17,206,375,524,640,715,738,702,633,522,364,189,5,-180,-358,-493,-608,-682,-706,-684,-620,-517,-380,-217,-44,132,298,441,553,633,670,660,610,525,399,241,79,-85,-252,-403,-514,-588,-640,-652,-609,-534,-415,-272,-112,53,211,-38,501,583,630,641,605,534,421,279,127,-36,-193,-341,-470,-574,-627,-635,-613,-536,-424,-289,-134,31,209,362,489,585,638,647,614,531,414,268,102,-65,-219,-368,-489,-564,-596,-598,-559,-481,-364,-226,-83,67,212,351,458,534,573,563,527,453,349,221,82,-54,-195,-316,-417,-497,-533,-533,-496,-438,-338,-218,-89,51,194,322,425,491,536,541,493,411,293,156,14,-124,-259,-374,-452,-490,-496,-463,-397,-292,-162,-43,93,219,318,393,435,444,405,340,251,143,26,-91,-202,-292,-351,-382,-377,-328,-255,-161,-46,65,168,253,307,318,289,225,127,25,-73,-152,-192,24,-276,0,437,690,121,84,20,-54,-125,-182,-216,-226,-209,-164,-98,-26,47,114,177,218,244,250,224,183,126,55,-15,-83,-149,-196,-229,-249,-237,-207,-165,-111,-51,6,70,115,149,178,190,183,176,162,135,105,62,25,-13,-53,-84,-117,-147,-170,-182,-197,-192,-177,-150,-110,-65,2,62,115,175,224,246,254,249,220,178,121,59,-3,-70,-127,-180,-221,-241,-258,-248,-226,-203,-166,-112,-52,20,78,143,193,249,286,302,299,275,239,179,104,19,-63,-148,-231,-297,-343,-368,-367,-338,-284,-212,-123,-31,70,162,249,319,373,398,393,369,324,243,149,55,-40,-157,-256,-313,-48,-441,-435,-417,-368,-300,-210,-108,25,153,261,358,434,485,505,485,440,362,258,127,-10,-142,-275,-389,-480,-534,-552,-536,-489,-399,-282,-142,-2,132,267,392,479,547,567,558,518,442,335,206,70,-73,-213,-352,-472,-546,-593,-614,-580,-531,-435,-305,-163,4,166,322,455,563,650,679,674,628,526,389,231,44,-139,-315,-482,-622,-705,-750,-745,-683,-579,-426,-246,-54,140,340,505,636,721,758,750,683,564,414,236,53,-135,-319,-486,-609,-680,-714,-713,-655,-561,-425,-267,-89,93,264,415,554,641,684,696,655,575,447,296,127,-59,-233,-395,-526,-625,-677,-682,-653,-601,-297,9,-621,-360,638,567,456,306,135,-36,-199,-347,-472,-567,-609,-619,-585,-515,-414,-288,-154,-4,131,259,367,450,500,531,528,487,419,340,235,126,-3,-125,-243,-349,-413,-470,-516,-526,-497,-447,-368,-277,-156,-19,121,253,377,479,561,613,612,580,522,407,266,115,-46,-221,-375,-509,-616,-682,-707,-677,-598,-487,-337,-164,22,213,385,541,655,718,741,704,630,510,360,180,-14,-197,-362,-519,-633,-695,-717,-702,-631,-516,-381,-205,-23,158,328,474,591,664,691,677,617,514,386,234,66,-106,-270,-415,-537,-615,-652,-658,-622,-532,-402,-257,-103,70,234,382,508,590,636,635,605,634,422,274,118,-48,-202,-352,-480,-572,-627,-643,-611,-539,-428,-291,-128,28,194,356,482,579,630,648,615,537,427,284,122,-46,-215,-369,-490,-577,-620,-620,-592,-520,-400,-250,-91,69,227,368,482,551,582,578,538,466,357,229,80,-72,-207,-332,-429,-504,-540,-543,-512,-434,-341,-216,-77,61,188,306,418,488,527,531,497,430,326,204,70,-78,-219,-344,-447,-512,-529,-514,-457,-361,-235,-101,42,179,303,399,446,469,466,408,324,218,98,-31,-156,-258,-339,-389,-406,-391,-342,-262,-163,-56,67,175,260,321,350,338,297,222,120,4,-103,-197,-252,-266,-242,-174,-88,-971,-940,0,-658,-382,-100,-152,-185,-188,-162,-111,-45,27,102,168,211,233,232,209,165,104,37,-40,-112,-169,-215,-240,-244,-233,-201,-144,-85,-15,56,111,164,202,220,224,208,171,134,91,34,-9,-48,-89,-120,-148,-163,-166,-168,-161,-150,-130,-104,-71,-31,13,70,111,154,196,230,246,227,205,175,118,55,-8,-72,-138,-186,-227,-250,-259,-247,-215,-180,-129,-81,-19,52,106,153,200,240,268,275,260,235,193,149,79,12,-67,-141,-210,-271,-316,-336,-335,-313,-268,-199,-120,-24,70,166,248,321,366,387,379,347,292,222,141,41,-61,-159,-261,-345,-390,-410,-418,-401,-322,-238,-1135,-72,42,152,256,345,410,459,476,449,398,330,230,115,-22,-150,-268,-373,-457,-514,-531,-523,-470,-388,-271,-139,10,149,282,396,483,540,556,541,500,414,307,176,34,-101,-241,-372,-475,-542,-579,-586,-552,-487,-379,-251,-119,44,196,332,462,555,621,654,633,575,473,349,191,20,-143,-315,-478,-598,-683,-722,-709,-656,-565,-419,-244,-59,144,328,498,630,720,751,751,687,575,424,248,55,-148,-341,-504,-629,-708,-740,-726,-666,-561,-414,-249,-73,117,297,450,571,661,708,703,653,568,443,276,110,-67,-245,-406,-542,-632,-689,-698,-655,-574,-449,-303,-126,48,223,-509,-728
61290,mtk,MTK 7916,861187710,rx1-tx0,512,0,401,448,628,644,618,549,449,323,167,-6,-180,-347,-498,-623,-701,-753,-748,-697,-602,-463,-290,-79,134,346,543,707,836,897,907,849,730,568,345,95,-164,-416,-632,-824,-964,-1021,-1013,-939,-799,-599,-342,-63,211,483,725,913,1041,1093,1054,956,789,568,304,23,-259,-518,-731,-901,-1001,-1032,-1003,-905,-752,-555,-312,-47,203,444,665,832,942,995,977,895,759,568,343,104,-159,-387,-593,-768,-879,-934,-925,-854,-738,-565,-364,-134,99,325,531,697,811,874,881,825,715,557,366,146,-67,-277,-467,-625,-747,-801,-803,-753,-649,-505,-324,-138,49,245,408,542,641,685,694,650,571,-277,312,150,-6,-148,-291,-413,-505,-564,-583,-567,-534,-453,-353,-235,-96,33,166,297,397,471,529,558,553,500,426,323,200,73,-72,-203,-318,-418,-505,-564,-587,-567,-514,-433,-330,-194,-45,116,271,396,516,606,667,670,630,567,446,286,120,-79,-279,-463,-624,-749,-814,-812,-781,-666,-501,-292,-63,183,424,638,802,894,926,880,763,584,362,105,-154,-399,-612,-777,-867,-884,-837,-719,-546,-339,-113,120,342,515,638,718,753,710,620,484,304,121,-65,-250,-401,-511,-589,-613,-583,-507,-393,-253,-88,75,223,355,445,498,497,451,356,219,69,-82,-215,-314,-359,-345,-278,-165,45,0,-2,-375,-9,-30,-52,-79,-91,-95,-92,-73,-45,-13,18,54,81,107,129,134,135,115,83,57,19,-21,-66,-110,-139,-163,-178,-185,-163,-134,-105,-57,-7,51,100,151,203,226,241,245,227,198,152,85,6,-78,-160,-233,-294,-346,-367,-360,-326,-265,-166,-59,62,189,291,378,453,487,480,431,345,233,100,-39,-188,-314,-419,-491,-517,-510,-461,-378,-272,-138,16,156,278,386,460,499,503,465,388,296,179,50,-73,-193,-294,-364,-413,-434,-431,-378,-308,-232,-140,-46,49,131,199,260,303,327,338,326,299,266,223,164,80,6,-78,-173,-248,-319,-373,-410,-425,-381,-317,489,-200,-70,51,184,305,397,470,516,522,497,434,338,216,77,-73,-211,-348,-453,-527,-571,-585,-556,-472,-363,-238,-87,80,230,363,482,569,610,616,590,514,395,253,100,-60,-212,-357,-483,-573,-620,-628,-607,-536,-436,-295,-156,-3,160,310,437,528,598,645,635,591,504,398,261,109,-47,-220,-377,-513,-617,-682,-718,-708,-641,-519,-370,-194,-4,198,400,568,695,777,811,783,690,555,376,167,-51,-272,-461,-607,-714,-775,-773,-721,-620,-476,-305,-122,55,225,383,504,598,647,653,614,556,451,326,196,47,-104,-240,-363,-464,-551,-588,-593,-576,-515,-434,-309,-174,-18,772,639,0,-199,11,107,-51,-213,-362,-491,-590,-667,-693,-681,-621,-525,-389,-232,-51,150,340,514,656,765,826,832,779,672,521,325,100,-136,-376,-582,-763,-895,-961,-970,-898,-772,-590,-354,-87,177,441,679,884,1021,1071,1052,965,804,582,326,35,-244,-507,-742,-921,-1029,-1070,-1039,-935,-771,-557,-296,-30,241,490,699,861,976,1016,981,898,742,553,327,78,-181,-417,-626,-798,-902,-963,-952,-872,-752,-572,-358,-123,126,353,558,724,843,908,905,842,723,552,358,148,-74,-290,-493,-657,-780,-843,-842,-794,-687,-540,-352,-140,62,270,450,594,691,734,747,705,602,477,309,141,-31,-202,-351,315,-574,-627,-624,-595,-540,-449,-333,-193,-43,96,225,351,438,514,551,553,533,471,382,281,164,26,-119,-251,-361,-456,-519,-556,-565,-526,-458,-369,-262,-134,10,154,287,400,500,573,611,614,563,491,397,262,99,-96,-258,-417,-559,-657,-729,-763,-722,-630,-498,-321,-102,108,326,539,697,820,875,879,800,663,461,229,-33,-293,-526,-716,-855,-928,-918,-831,-674,-469,-226,20,259,477,642,755,811,806,721,584,418,238,21,-186,-374,-531,-627,-668,-667,-619,-510,-376,-216,-32,143,298,419,508,553,543,491,396,266,116,-47,-197,-331,-418,-452,-431,-359,-242,-102,41,158,-409,-440,0,789,691,-67,-62,-59,-40,-11,16,47,79,99,110,116,110,88,62,25,-13,-52,-99,-122,-143,-161,-161,-152,-120,-82,-47,-6,45,93,126,160,194,209,210,192,169,121,61,11,-58,-126,-183,-240,-276,-295,-299,-281,-235,-170,-84,20,119,216,306,378,420,440,407,340,261,153,16,-120,-250,-359,-447,-500,-515,-485,-407,-311,-177,-34,107,247,360,450,513,527,495,433,341,219,87,-55,-194,-305,-390,-456,-473,-462,-419,-346,-258,-148,-37,81,184,259,320,357,374,369,338,292,237,162,88,12,-66,-132,-193,-255,-312,-342,-353,-359,-330,-282,-219,-137,-55,54,172,263,-571,433,463,473,455,396,310,206,68,-69,-204,-325,-428,-508,-554,-557,-525,-458,-346,-222,-79,67,223,368,473,560,608,612,563,493,383,244,89,-62,-224,-372,-489,-571,-619,-625,-586,-520,-410,-271,-114,36,194,344,473,563,612,637,615,556,458,341,212,48,-119,-270,-401,-509,-599,-640,-659,-640,-572,-463,-323,-166,5,192,380,533,655,734,775,764,686,554,383,189,-16,-236,-436,-603,-731,-792,-808,-758,-650,-505,-331,-132,79,269,441,571,665,700,696,651,570,450,309,145,-17,-169,-311,-443,-526,-585,-610,-596,-550,-476,-381,-251,-101,34,179,312,430,523,576,613,78,437
61291,mtk,MTK 7916,861187710,rx1-tx1,512,0,0,0,-607,-645,-504,-215,127,439,646,678,532,250,-100,-435,-642,-677,-537,-258,84,398,602,640,503,229,-99,-392,-569,-589,-451,-181,135,400,549,541,378,110,-187,-427,-552,-514,-327,-56,232,462,559,491,285,-6,-290,-498,-574,-485,-257,47,336,536,590,481,239,-71,-366,-562,-595,-462,-216,86,372,558,579,442,195,-106,-379,-540,-549,-403,-143,152,402,532,510,357,104,-193,-429,-541,-503,-328,-54,242,472,564,502,306,28,-261,-486,-580,-507,-309,-29,260,482,574,511,307,22,-257,-467,-557,-493,-294,-23,245,448,527,464,283,34,-225,-417,-488,-432,-268,-39,196,362,0,365,220,16,-182,-309,-336,-268,-123,59,213,294,289,197,31,-148,-285,-339,-289,-145,42,225,360,391,302,127,-97,-295,-425,-450,-350,-143,116,349,487,510,401,176,-109,-369,-535,-564,-455,-212,95,378,560,603,496,249,-70,-368,-576,-636,-528,-280,39,354,584,659,558,319,-5,-335,-589,-689,-603,-369,-42,301,568,693,656,443,118,-227,-516,-674,-664,-498,-206,132,435,624,651,524,276,-36,-332,-538,-599,-521,-321,-49,226,438,533,497,351,128,-120,-323,-440,-451,-352,-173,36,231,362,400,347,220,49,-127,-268,-344,-340,-267,-154,-25,102,204,256,255,215,146,0,0,0,0,0,-237,-331,-389,-386,-300,-141,64,277,455,555,545,421,199,-81,-356,-561,-655,-604,-410,-114,205,492,676,700,557,274,-80,-415,-655,-740,-640,-382,-36,334,631,771,715,467,93,-299,-629,-811,-770,-525,-146,279,639,843,829,600,211,-237,-631,-869,-892,-683,-285,188,615,898,947,743,353,-126,-579,-883,-953,-785,-400,92,549,853,942,788,415,-71,-537,-852,-935,-774,-410,67,529,846,933,772,398,-83,-543,-863,-949,-779,-387,116,580,897,980,795,392,-117,-613,-953,-1041,-836,-414,117,634,994,1102,925,494,-62,-613,-1011,-1149,-985,-566,-4,561,976,1128,1012,628,41,-559,0,-1107,-1008,-623,-86,454,888,1089,979,605,79,-475,-891,-1057,-949,-584,-53,490,902,1070,952,573,32,-518,-927,-1096,-976,-585,-38,523,948,1117,991,598,47,-503,-918,-1096,-984,-605,-65,486,897,1066,945,576,61,-466,-856,-1008,-886,-523,-29,464,821,941,788,422,-55,-511,-823,-903,-717,-324,144,578,869,912,692,285,-208,-653,-920,-940,-704,-273,229,674,948,961,720,291,-217,-659,-926,-956,-732,-314,183,623,892,921,708,322,-140,-558,-814,-843,-652,-299,119,487,710,738,565,249,-122,-451,-637,-629,-451,-158,171,446,585,550,352,60,-248,-481,-572,-500,-280,21,323,534,0,0,0,0,0,218,-115,-430,-626,-660,-522,-241,105,431,645,679,529,247,-97,-414,-619,-659,-522,-250,81,382,574,610,474,213,-100,-390,-563,-568,-416,-147,153,409,554,526,346,86,-204,-444,-550,-500,-299,-23,265,486,573,492,268,-23,-310,-514,-573,-476,-243,66,357,546,592,482,233,-81,-369,-554,-589,-462,-199,110,387,555,565,429,180,-121,-385,-534,-527,-376,-120,161,399,531,507,333,68,-215,-444,-549,-498,-309,-31,261,486,573,512,313,30,-264,-484,-567,-506,-306,-26,256,476,565,499,307,30,-253,-456,-535,-480,-295,-32,226,426,512,451,280,42,-203,-384,-449,-391,-233,0,181,323,370,312,169,-17,-197,-302,-308,-228,-77,106,252,320,291,171,-6,-186,-310,-357,-296,-127,78,275,408,423,322,133,-103,-320,-469,-495,-383,-160,114,359,517,551,435,196,-99,-368,-550,-588,-469,-227,84,375,572,624,506,258,-61,-369,-576,-636,-539,-297,29,355,596,682,586,339,10,-326,-581,-699,-636,-404,-70,270,543,688,656,463,163,-177,-473,-653,-666,-512,-239,88,382,575,631,540,312,14,-272,-481,-571,-518,-338,-93,164,375,489,479,359,161,-67,-275,-400,-426,-358,-204,-3,185,313,373,354,251,100,-57,-195,-288,-318,-285,-205,-101,8,95,156,0,0,0,0,0,229,127,-11,-181,-339,-456,-497,-442,-295,-78,178,413,569,612,525,315,25,-281,-535,-671,-654,-488,-206,139,454,665,728,611,338,-18,-369,-636,-753,-679,-436,-75,318,630,780,731,494,117,-291,-633,-818,-791,-563,-190,253,641,865,871,645,250,-211,-632,-892,-918,-722,-335,158,606,892,950,761,372,-112,-564,-873,-958,-788,-411,74,538,852,940,778,410,-64,-523,-842,-930,-764,-397,69,528,851,942,770,389,-101,-568,-884,-959,-777,-384,124,604,930,1013,826,405,-131,-629,-980,-1078,-882,-452,104,639,1015,1135,960,532,-31,-587,-997,-1146,-1000,-602,-43,530,959,1133,1007,0,75,-478,-910,-1090,-983,-616,-85,468,883,1064,960,590,61,-482,-900,-1074,-949,-567,-43,502,924,1089,961,576,25,-528,-941,-1107,-983,-594,-46,513,939,1116,988,600,56,-498,-917,-1091,-975,-599,-67,467,868,1027,914,562,60,-451,-828,-974,-845,-482,7,490,825,918,757,385,-96,-544,-836,-892,-705,-316,178,624,899,928,694,270,-218,-660,-930,-947,-712,-284,224,677,949,964,718,290,-210,-651,-922,-951,-728,-315,166,598,850,877,687,323,-120,-521,-768,-793,-611,-277,115,459,675,697,522,209,-147,-446,-609,-593,-410,-114,208,456,564,518,318,16,-288,-512,-588,-485,-247,0,0
61292,mtk,MTK 7916,861187710,rx2-tx0,512,0,0,0,-1155,-1138,-810,-256,384,939,1252,1228,872,275,-404,-989,-1313,-1295,-927,-310,398,1005,1342,1321,946,321,-393,-1013,-1359,-1330,-944,-306,412,1020,1354,1316,922,277,-441,-1036,-1350,-1286,-876,-232,480,1055,1341,1258,829,174,-525,-1078,-1329,-1215,-767,-115,566,1091,1306,1160,701,53,-596,-1080,-1257,-1081,-615,14,636,1072,1198,989,509,-106,-689,-1056,-1120,-870,-368,235,759,1067,1068,759,233,-361,-851,-1098,-1019,-648,-95,493,950,1141,1004,579,-18,-619,-1048,-1194,-1013,-535,105,720,1142,1254,1030,512,-160,-791,-1218,-1317,-1055,-504,183,826,1256,1345,1071,504,-204,-855,-1281,-1367,-1083,-500,211,868,1295,0,1077,492,-228,-884,-1302,-1370,-1063,-472,242,901,1314,1370,1056,455,-276,-941,-1351,-1394,-1061,-444,302,973,1395,1438,1098,463,-308,-999,-1430,-1492,-1158,-507,281,999,1453,1521,1192,549,-238,-975,-1459,-1553,-1232,-592,198,938,1439,1562,1268,647,-138,-891,-1406,-1550,-1294,-708,66,814,1342,1521,1302,739,-6,-745,-1288,-1488,-1304,-782,-70,657,1204,1444,1309,830,154,-548,-1107,-1384,-1307,-909,-289,395,960,1270,1264,949,408,-214,-767,-1115,-1174,-948,-502,52,565,924,1047,909,561,95,-378,-738,-905,-852,-599,-219,190,540,748,775,626,343,5,-316,-558,-668,-628,-469,-239,14,239,396,458,436,348,0,0,0,0,0,97,-86,-276,-456,-574,-593,-496,-282,15,331,598,752,747,577,272,-119,-505,-779,-883,-785,-492,-63,400,782,987,948,672,226,-287,-755,-1045,-1074,-839,-383,185,731,1105,1200,1000,545,-63,-677,-1127,-1295,-1136,-691,-55,607,1116,1352,1252,823,169,-534,-1102,-1400,-1337,-932,-288,438,1062,1411,1397,1023,394,-339,-980,-1371,-1403,-1075,-471,251,892,1291,1355,1069,503,-191,-807,-1212,-1294,-1021,-479,169,756,1131,1197,942,433,-188,-742,-1080,-1111,-837,-340,243,759,1064,1067,768,255,-320,-811,-1075,-1038,-705,-180,401,879,1114,1045,686,129,-463,-938,-1169,-1077,-689,-111,509,996,1205,1089,694,115,0,-1034,-1231,-1102,-674,-56,573,1048,1240,1096,653,23,-618,-1089,-1265,-1095,-621,30,680,1147,1303,1101,599,-73,-735,-1200,-1346,-1125,-598,96,773,1246,1379,1139,597,-111,-789,-1256,-1387,-1140,-584,122,790,1245,1352,1099,556,-144,-796,-1222,-1317,-1048,-497,177,794,1184,1248,965,418,-235,-814,-1160,-1173,-863,-323,308,853,1145,1108,772,228,-378,-871,-1118,-1049,-691,-150,426,880,1078,972,602,77,-469,-887,-1041,-897,-510,5,506,865,966,790,398,-100,-557,-846,-887,-665,-258,208,614,838,816,547,124,-338,-709,-872,-771,-448,12,475,805,908,753,365,-136,-603,-914,-972,-749,-306,233,724,1016,0,0,0,0,0,249,-366,-903,-1206,-1187,-848,-270,396,974,1294,1273,909,298,-400,-999,-1341,-1315,-944,-323,391,999,1344,1327,953,317,-410,-1027,-1361,-1327,-936,-287,429,1025,1348,1304,903,257,-456,-1045,-1346,-1275,-856,-199,506,1068,1333,1231,796,151,-537,-1079,-1319,-1193,-736,-79,588,1088,1284,1123,654,17,-617,-1076,-1225,-1031,-557,66,664,1070,1169,936,447,-169,-722,-1061,-1096,-819,-303,293,800,1076,1039,705,161,-429,-901,-1112,-1001,-607,-33,567,1013,1174,1011,557,-57,-666,-1102,-1233,-1020,-520,131,754,1180,1286,1039,501,-178,-811,-1235,-1329,-1058,-503,197,852,1267,1350,1075,509,-197,-859,-1293,-1369,-1077,-494,0,878,1295,1365,1067,485,-234,-895,-1307,-1367,-1056,-455,268,921,1334,1391,1069,451,-294,-957,-1372,-1421,-1082,-450,309,1002,1422,1462,1122,486,-294,-1006,-1451,-1512,-1172,-526,259,988,1467,1548,1219,578,-222,-959,-1442,-1548,-1250,-619,174,918,1422,1558,1288,682,-104,-850,-1370,-1536,-1306,-728,39,784,1310,1499,1303,760,20,-711,-1239,-1443,-1292,-810,-111,605,1158,1411,1307,874,221,-474,-1047,-1341,-1290,-924,-342,311,864,1194,1228,960,469,-129,-675,-1028,-1120,-935,-530,-19,473,830,978,881,580,159,-282,-640,-824,-811,-613,-280,104,436,658,727,636,416,119,-177,-418,-558,-582,-498,-334,-136,49,192,0,0,0,0,0,405,454,423,293,88,-165,-419,-613,-702,-650,-446,-134,226,562,783,831,690,386,-24,-450,-787,-940,-868,-589,-151,339,762,1008,1010,760,306,-242,-745,-1077,-1146,-926,-471,119,705,1121,1252,1069,612,-6,-633,-1125,-1341,-1212,-764,-115,569,1112,1376,1305,894,233,-485,-1073,-1397,-1366,-978,-335,395,1025,1388,1394,1048,433,-287,-942,-1342,-1384,-1073,-486,215,854,1260,1329,1047,494,-177,-783,-1168,-1241,-978,-458,177,751,1108,1163,899,386,-213,-748,-1073,-1088,-799,-303,278,776,1061,1049,734,217,-360,-845,-1094,-1040,-697,-147,444,907,1139,1063,682,108,-496,-967,-1182,-1087,-692,-94,532,1002,1207,0,687,72,-549,-1035,-1244,-1104,-663,-44,592,1070,1251,1095,637,-8,-655,-1125,-1286,-1094,-606,49,706,1176,1323,1110,598,-87,-757,-1223,-1362,-1139,-604,100,785,1252,1378,1137,589,-117,-793,-1256,-1379,-1131,-578,127,792,1227,1340,1089,540,-149,-790,-1205,-1281,-1004,-457,207,807,1170,1209,914,369,-272,-823,-1136,-1139,-824,-278,341,857,1124,1077,738,191,-405,-877,-1097,-1017,-655,-112,457,883,1056,940,558,29,-497,-876,-1009,-857,-472,43,536,855,927,735,342,-143,-582,-845,-853,-608,-194,275,666,851,789,500,55,-413,-762,-897,-765,-406,73,538,859,939,748,336,-187,-670,-972,-1009,-761,-292,0,0
61293,mtk,MTK 7916,861187710,rx2-tx1,512,0,0,0,1048,639,53,-549,-1013,-1207,-1081,-662,-57,566,1036,1225,1089,676,74,-559,-1029,-1218,-1084,-660,-67,539,1002,1194,1058,635,46,-545,-981,-1146,-999,-585,-17,548,952,1087,917,489,-67,-591,-943,-1019,-814,-372,176,675,970,988,723,244,-301,-760,-1011,-982,-661,-146,404,848,1055,965,602,61,-495,-914,-1084,-959,-554,18,578,980,1120,934,479,-112,-678,-1062,-1153,-919,-425,193,776,1156,1218,935,390,-280,-880,-1254,-1297,-991,-405,296,924,1316,1361,1042,445,-266,-911,-1319,-1385,-1089,-504,212,870,1298,1388,1107,542,-156,-807,-1242,-1355,-1104,-567,101,733,1170,1294,1084,591,-45,-641,-1058,-1185,0,-560,5,553,936,1041,864,465,-52,-541,-864,-929,-734,-345,127,560,835,864,639,245,-211,-607,-831,-815,-555,-136,316,672,841,771,469,30,-425,-771,-905,-779,-420,77,558,892,1004,831,408,-136,-666,-1037,-1144,-940,-475,127,719,1145,1269,1061,586,-53,-702,-1182,-1360,-1185,-705,-41,637,1166,1405,1289,841,175,-546,-1123,-1416,-1365,-978,-346,376,1001,1380,1423,1115,539,-162,-809,-1250,-1390,-1191,-712,-87,543,1031,1246,1160,807,279,-290,-770,-1043,-1054,-811,-390,94,531,819,900,771,465,62,-332,-634,-773,-719,-509,-195,147,431,611,655,556,351,98,-148,-348,-467,-484,-411,-288,-145,0,0,0,0,0,254,421,525,547,472,298,54,-219,-468,-634,-673,-564,-327,-13,309,565,689,660,479,177,-174,-491,-696,-723,-574,-273,101,447,689,760,633,339,-47,-427,-710,-815,-701,-398,8,417,734,874,775,470,38,-410,-763,-925,-840,-530,-78,394,776,964,897,593,142,-355,-773,-986,-943,-648,-170,353,782,1015,987,703,225,-318,-773,-1020,-997,-715,-252,282,741,1004,999,733,271,-257,-717,-982,-983,-721,-265,261,716,976,965,696,251,-262,-709,-967,-959,-703,-259,261,716,970,966,714,268,-257,-697,-949,-949,-695,-269,222,656,916,922,674,247,-235,-649,-889,-883,-634,-218,248,645,0,853,599,191,-269,-642,-835,-803,-556,-159,281,639,810,751,485,80,-338,-648,-774,-672,-377,27,429,704,769,610,283,-139,-530,-782,-806,-600,-223,230,644,875,859,610,192,-292,-706,-925,-895,-629,-175,334,748,961,904,596,127,-379,-787,-978,-882,-542,-53,459,842,992,862,486,-29,-546,-910,-1007,-836,-429,108,626,978,1064,844,387,-182,-710,-1056,-1107,-847,-353,244,776,1105,1137,851,332,-281,-836,-1168,-1179,-878,-338,294,848,1183,1195,894,353,-289,-853,-1173,-1174,-864,-331,289,828,1136,1130,819,289,-313,-828,-1111,-1082,-765,-239,361,849,1093,1042,701,155,-425,-885,-1114,-1034,0,0,0,0,0,532,987,1183,1061,653,51,-571,-1029,-1222,-1091,-669,-63,565,1036,1230,1103,673,66,-550,-1017,-1209,-1076,-652,-55,540,987,1173,1035,613,36,-541,-963,-1115,-955,-533,26,573,947,1054,863,428,-124,-630,-953,-1007,-770,-316,237,718,979,971,690,204,-351,-803,-1030,-968,-630,-110,456,891,1081,969,582,31,-537,-948,-1098,-947,-522,57,618,1017,1132,922,448,-151,-730,-1108,-1176,-926,-406,243,839,1206,1252,963,398,-291,-912,-1291,-1326,-1011,-429,276,914,1325,1382,1063,477,-232,-894,-1327,-1400,-1101,-518,198,861,1282,1366,1107,558,-136,-783,-1218,-1329,-1091,-580,63,681,1112,1235,1030,569,-26,0,-998,-1116,-933,-513,32,548,899,993,807,410,-81,-537,-839,-891,-683,-292,173,585,825,833,601,192,-266,-639,-836,-790,-503,-73,371,714,864,768,439,-31,-489,-827,-941,-790,-409,110,618,969,1063,869,434,-138,-699,-1096,-1204,-1000,-530,91,710,1160,1317,1133,651,-8,-671,-1175,-1392,-1240,-765,-98,600,1151,1416,1328,909,254,-469,-1077,-1410,-1396,-1049,-442,279,928,1332,1421,1174,635,-37,-678,-1144,-1323,-1185,-777,-196,408,889,1146,1116,825,346,-197,-651,-927,-979,-797,-438,6,428,724,835,745,483,123,-247,-543,-697,-693,-543,-283,28,305,494,575,545,419,223,14,-161,-280,-336,0,0,0,0,0,-381,-272,-97,125,351,535,633,610,461,209,-95,-388,-606,-695,-632,-423,-113,229,520,690,702,531,222,-141,-474,-696,-746,-607,-310,63,431,694,784,664,364,-34,-426,-722,-836,-736,-438,-10,429,754,895,815,516,71,-399,-771,-946,-876,-578,-126,369,777,987,927,623,157,-360,-783,-1008,-973,-674,-196,333,780,1019,997,712,239,-296,-753,-1012,-1009,-732,-264,267,725,986,989,734,277,-258,-712,-973,-977,-714,-260,264,713,968,970,709,252,-274,-722,-978,-977,-711,-259,255,699,964,968,711,264,-249,-686,-931,-928,-693,-270,228,659,908,909,655,229,-252,-649,-866,-877,-655,0,281,653,859,826,571,168,-278,-641,-819,-777,-520,-122,305,638,784,712,433,35,-367,-662,-759,-640,-330,80,477,732,786,611,249,-195,-587,-820,-831,-609,-204,272,683,907,884,622,182,-307,-725,-944,-902,-612,-149,357,762,960,896,574,85,-424,-822,-997,-883,-518,-15,497,871,1007,858,457,-70,-584,-945,-1040,-845,-403,160,675,1017,1087,851,376,-205,-742,-1081,-1119,-853,-353,255,809,1142,1169,874,340,-285,-842,-1172,-1189,-890,-345,294,852,1179,1183,873,339,-281,-824,-1149,-1162,-854,-319,295,820,1115,1107,789,260,-336,-833,-1099,-1057,-729,-199,388,863,1104,1043,684,132,-449,0,0
61294,mtk,MTK 7916,861236614,rx0-tx0,512,-330,4,245,-62,-223,-370,-491,-589,-639,-651,-624,-556,-455,-323,-173,-19,135,284,420,525,596,632,633,589,510,408,275,125,-34,-193,-338,-471,-569,-632,-671,-659,-600,-507,-374,-225,-53,131,304,447,569,658,700,703,651,564,439,285,116,-64,-242,-396,-525,-628,-687,-701,-675,-604,-493,-349,-183,-9,162,318,461,586,656,692,691,638,544,419,265,94,-86,-266,-416,-541,-637,-686,-692,-651,-565,-445,-293,-131,48,218,373,493,579,630,636,607,533,427,298,158,-1,-150,-292,-415,-501,-548,-560,-543,-497,-415,-314,-192,-60,76,201,305,390,457,493,494,465,411,340,240,128,9,-26,-212,-308,-389,-445,-472,-472,-446,-386,-302,-205,-95,27,152,264,359,433,479,493,481,433,353,258,137,7,-126,-247,-353,-435,-488,-515,-504,-452,-389,-286,-158,-32,103,227,338,433,500,534,525,480,408,311,190,52,-91,-229,-359,-463,-529,-566,-560,-509,-430,-312,-165,1,155,292,422,519,569,575,544,461,339,197,42,-115,-263,-378,-458,-504,-498,-452,-379,-276,-159,-32,91,192,269,315,339,338,312,262,194,124,53,-16,-79,-130,-169,-198,-209,-203,-185,-164,-129,-84,-40,3,46,81,112,132,148,153,145,129,99,62,17,-30,-72,-107,-127,-130,-116,-85,-48,-625,-448,510,-1063,-959,-134,-147,-130,-93,-35,28,89,147,188,216,224,204,171,125,61,-10,-75,-139,-203,-251,-281,-291,-286,-264,-210,-141,-52,43,140,236,324,392,428,444,424,360,264,150,15,-140,-293,-436,-544,-612,-635,-605,-529,-401,-241,-62,138,332,510,653,747,785,759,674,529,348,133,-94,-332,-544,-705,-824,-877,-857,-772,-628,-443,-223,16,258,480,657,790,866,873,828,724,555,358,133,-98,-324,-519,-682,-797,-851,-843,-777,-656,-489,-304,-102,123,336,515,661,760,815,812,748,637,487,299,97,-115,-324,-501,-640,-736,-784,-782,-732,-626,-472,-295,-98,101,293,467,604,697,301,745,694,600,475,322,143,-46,-223,-390,-535,-644,-718,-743,-724,-665,-553,-412,-249,-56,138,326,486,623,728,774,778,729,629,491,316,118,-79,-268,-455,-603,-718,-783,-807,-778,-692,-570,-405,-217,-19,186,381,556,698,787,839,837,777,664,511,320,112,-109,-330,-526,-686,-802,-873,-892,-842,-739,-592,-396,-167,66,294,511,680,812,878,893,853,738,584,395,179,-42,-256,-453,-614,-735,-812,-825,-785,-704,-564,-402,-218,-19,170,356,514,633,708,746,733,670,576,446,277,107,-75,-247,-402,-533,-628,-685,-699,-665,-588,-485,-347,-182,-19,152,316,445,554,632,665,657,-806,-981,-82,822,789,-651,-618,-537,-424,-286,-130,28,185,329,457,552,613,632,620,573,481,361,220,74,-82,-239,-374,-491,-581,-634,-654,-630,-563,-461,-326,-183,-16,161,322,462,571,646,688,686,631,536,418,257,85,-97,-274,-427,-558,-649,-702,-710,-672,-583,-469,-319,-150,24,195,355,493,603,667,694,671,612,521,384,227,67,-113,-285,-438,-559,-644,-691,-698,-650,-560,-439,-283,-113,66,239,394,521,612,665,672,634,553,433,292,134,-30,-186,-332,-452,-534,-589,-602,-571,-513,-419,-296,-162,-24,114,243,357,441,495,523,520,478,407,317,213,88,-34,-153,-258,-349,-424,-465,-481,628,-422,-359,-272,-166,-50,62,178,284,366,428,471,484,464,411,332,232,113,-9,-135,-256,-356,-440,-493,-513,-496,-451,-375,-275,-153,-20,119,235,340,442,500,527,520,475,399,298,181,46,-97,-229,-347,-439,-513,-550,-545,-504,-429,-315,-185,-45,108,247,374,482,559,589,563,505,406,270,108,-54,-211,-358,-464,-528,-556,-536,-476,-376,-253,-113,35,169,282,369,421,432,408,349,272,181,89,-6,-91,-167,-222,-251,-267,-263,-238,-197,-147,-94,-34,19,60,96,131,153,163,168,162,143,113,78,41,0,-39,-78,-114,-136,-148,-143,-125,-92,-48,-3,42,77,97,509,681,-82,189,495,-8,47,101,149,183,189,179,145,95,34,-39,-106,-158,-203,-235,-246,-237,-221,-180,-121,-50,27,103,184,256,312,347,357,348,310,243,146,39,-74,-204,-329,-424,-492,-533,-531,-485,-398,-266,-114,59,234,403,549,646,704,708,650,541,381,188,-21,-237,-442,-617,-749,-826,-842,-789,-663,-494,-284,-48,191,413,608,759,854,886,850,748,594,401,170,-66,-292,-508,-679,-797,-862,-863,-801,-685,-528,-328,-109,117,336,530,676,771,828,827,760,642,486,299,92,-125,-329,-510,-655,-758,-804,-799,-739,-623,-472,-293,-90,112,307,491,633,730,780,771,717,617,471,297,-176,-83,-265,-430,-563,-666,-731,-738,-702,-624,-503,-359,-191,-8,170,342,502,624,716,765,757,701,599,465,284,92,-102,-300,-474,-624,-730,-786,-787,-744,-657,-523,-355,-165,33,238,414,573,704,786,820,803,736,622,467,278,73,-145,-355,-538,-688,-799,-860,-869,-816,-704,-549,-367,-154,78,307,506,680,814,884,892,854,747,588,393,166,-55,-285,-493,-660,-785,-857,-864,-819,-718,-569,-396,-195,18,216,406,567,682,763,787,763,696,577,423,250,62,-131,-306,-454,-581,-670,-713,-717,-672,-586,-464,-317,-151,23,202,354,486,590,648,675,661,598,496,374,221,56,-114,-705,-438
61295,mtk,MTK 7916,861236614,rx0-tx1,512,-686,-772,-929,-495,-594,-654,-661,-626,-545,-440,-302,-144,9,168,315,435,522,570,592,572,507,424,317,191,58,-77,-195,-309,-403,-463,-498,-514,-495,-456,-396,-308,-203,-93,31,156,267,372,456,520,549,542,513,450,355,243,111,-34,-180,-320,-446,-551,-615,-650,-642,-586,-498,-365,-211,-41,136,313,461,580,673,717,713,661,563,432,260,83,-106,-289,-445,-575,-671,-728,-723,-677,-590,-460,-302,-130,57,232,401,538,634,686,695,668,590,481,336,170,3,-167,-332,-464,-574,-648,-673,-654,-593,-498,-372,-218,-56,110,269,405,520,598,634,632,592,519,408,268,107,-57,-215,-360,-38,-577,-625,-630,-608,-533,-426,-292,-137,24,191,339,454,547,606,628,599,537,442,315,168,3,-159,-307,-446,-551,-612,-638,-617,-552,-451,-309,-153,5,174,320,445,534,591,603,571,510,411,291,147,-6,-150,-285,-400,-489,-545,-555,-535,-480,-395,-289,-155,-17,119,250,362,448,496,523,508,469,391,286,171,41,-90,-225,-340,-436,-495,-523,-522,-473,-384,-270,-131,10,153,283,391,462,500,492,450,374,268,151,19,-108,-225,-325,-392,-428,-430,-399,-338,-247,-136,-25,91,198,279,339,370,364,324,257,164,54,-55,-163,-247,-299,-319,-294,-233,-140,-35,62,139,175,24,-276,0,437,690,38,101,157,189,202,179,131,74,-2,-78,-147,-201,-231,-239,-224,-192,-142,-73,-9,63,130,186,226,242,242,219,180,131,65,-3,-66,-122,-169,-198,-207,-208,-190,-158,-119,-81,-47,-15,33,72,100,128,147,160,171,173,164,145,116,86,52,6,-50,-104,-148,-190,-226,-235,-241,-223,-186,-136,-76,-10,57,121,173,210,238,255,250,232,204,156,108,50,-10,-66,-127,-175,-220,-248,-265,-273,-266,-236,-183,-129,-54,25,105,179,248,301,336,351,339,306,246,171,87,-6,-99,-193,-267,-328,-373,-383,-378,-335,-276,-209,-117,-16,87,191,275,346,393,423,420,-48,336,258,159,57,-60,-169,-272,-357,-426,-467,-481,-466,-415,-335,-235,-117,10,150,279,381,471,526,541,526,468,384,271,144,4,-136,-277,-383,-469,-536,-562,-557,-507,-433,-332,-210,-77,67,210,340,449,534,584,596,572,520,432,316,173,21,-134,-281,-415,-533,-616,-659,-657,-617,-540,-414,-267,-107,73,252,412,557,666,722,736,699,616,492,329,148,-51,-241,-421,-574,-682,-749,-760,-722,-637,-505,-343,-157,33,220,391,533,642,708,723,691,621,510,364,203,23,-155,-320,-471,-584,-663,-692,-682,-635,-537,-408,-254,-81,95,262,414,541,631,677,681,636,554,431,-601,-297,9,-621,-360,-439,-304,-143,31,201,349,473,571,620,631,600,529,425,297,162,19,-129,-261,-372,-460,-512,-537,-526,-497,-441,-349,-246,-134,-8,118,229,336,422,478,512,523,498,449,378,283,168,38,-88,-213,-344,-448,-527,-582,-596,-583,-527,-441,-318,-171,-11,160,318,460,574,647,684,680,628,526,403,245,66,-116,-300,-457,-593,-681,-724,-730,-677,-583,-448,-289,-104,85,259,424,563,657,710,717,674,593,466,317,144,-26,-204,-366,-503,-613,-670,-686,-665,-594,-488,-356,-194,-23,142,298,435,545,621,650,643,592,504,388,242,85,-79,-235,-374,-497,-586,-638,-643,-605,-521,634,-277,-114,41,201,350,467,558,609,625,603,530,433,311,162,-3,-171,-321,-457,-553,-620,-642,-617,-558,-454,-312,-162,-1,163,316,451,550,593,614,593,531,434,303,151,-13,-166,-307,-427,-514,-572,-581,-554,-497,-407,-288,-150,-4,136,268,380,464,515,528,519,470,392,283,165,35,-104,-233,-352,-437,-497,-527,-520,-474,-393,-289,-159,-26,114,255,369,455,505,516,490,432,334,211,73,-66,-195,-311,-396,-451,-474,-452,-399,-312,-207,-87,35,149,252,334,382,397,388,334,257,163,52,-60,-164,-251,-317,-344,-341,-301,-225,-128,-15,94,185,244,259,238,178,96,-971,-940,0,-658,-382,152,139,94,32,-39,-116,-171,-210,-230,-218,-186,-133,-63,11,85,146,199,231,241,237,207,157,96,27,-39,-105,-154,-199,-230,-236,-225,-199,-156,-98,-44,8,64,114,147,167,175,180,180,155,137,110,75,43,7,-28,-65,-105,-136,-163,-188,-203,-209,-190,-164,-133,-72,-14,47,115,166,216,246,263,254,230,189,142,86,21,-47,-102,-155,-198,-225,-250,-254,-250,-228,-193,-148,-88,-32,38,109,183,232,274,305,311,302,271,224,153,74,-12,-99,-188,-267,-319,-357,-371,-361,-325,-262,-189,-95,2,95,193,268,337,390,410,404,370,309,235,143,39,-75,-1135,-263,-345,-406,-442,-450,-423,-373,-297,-199,-86,33,157,277,373,444,490,509,501,444,364,262,129,-6,-151,-284,-396,-483,-535,-553,-540,-487,-398,-301,-173,-34,109,248,367,467,528,566,570,543,474,377,259,120,-24,-169,-311,-437,-538,-602,-625,-616,-564,-482,-369,-225,-67,101,259,414,544,633,692,706,663,582,466,303,126,-60,-248,-418,-565,-674,-739,-757,-720,-638,-505,-341,-152,49,241,419,566,673,734,748,712,629,502,345,169,-12,-188,-352,-501,-611,-679,-707,-686,-628,-524,-387,-228,-53,116,290,442,562,645,686,681,630,545,422,271,104,-72,-240,-392,-525,-509,-728
61296,mtk,MTK 7916,861236614,rx1-tx0,512,0,401,448,-490,-431,-353,-249,-119,17,150,287,402,498,569,604,600,559,484,366,230,74,-91,-261,-418,-542,-645,-715,-733,-696,-612,-486,-320,-129,71,281,472,630,753,820,828,788,690,539,352,133,-98,-320,-527,-690,-811,-874,-879,-829,-709,-549,-342,-126,103,338,526,685,790,840,842,787,683,530,356,157,-58,-265,-454,-609,-722,-792,-808,-779,-690,-559,-396,-204,0,197,378,536,668,746,772,749,682,570,421,248,58,-127,-315,-471,-597,-680,-716,-716,-664,-565,-435,-272,-89,88,256,407,529,618,658,654,605,518,401,259,108,-52,-209,-341,-453,-532,-572,-574,-539,-470,-372,-277,-132,2,127,245,347,422,464,476,467,434,375,300,204,96,-17,-125,-222,-314,-384,-428,-454,-446,-416,-365,-291,-191,-90,24,135,234,329,398,444,470,467,430,373,296,194,72,-48,-171,-288,-387,-466,-524,-550,-544,-498,-414,-304,-167,-12,149,299,435,550,633,670,659,598,493,343,165,-30,-227,-415,-572,-681,-747,-752,-695,-579,-417,-228,-16,191,383,541,650,716,718,672,567,417,239,51,-133,-298,-435,-530,-595,-614,-574,-488,-375,-239,-87,69,212,338,428,482,497,468,408,317,201,71,-61,-185,-290,-365,-410,-407,-371,-295,-184,-67,60,175,257,295,283,222,-165,45,0,-2,-375,45,59,63,55,41,25,0,-32,-57,-75,-90,-97,-100,-90,-74,-49,-13,15,53,80,105,122,129,131,123,103,77,39,1,-34,-75,-115,-144,-166,-179,-184,-174,-149,-111,-67,-11,47,100,167,208,233,254,258,239,199,143,80,8,-87,-176,-252,-312,-354,-370,-355,-308,-232,-139,-33,89,200,285,364,414,425,406,354,274,173,62,-64,-182,-273,-351,-403,-425,-414,-377,-308,-217,-112,-10,101,195,280,340,369,382,356,312,243,165,77,-7,-88,-164,-222,-261,-285,-292,-284,-259,-229,-184,-133,-77,-18,38,104,166,220,267,298,314,317,296,254,193,113,25,489,-152,-241,-317,-376,-404,-406,-384,-332,-257,-163,-50,65,175,277,369,430,463,463,430,373,289,192,72,-68,-188,-295,-393,-457,-496,-508,-471,-410,-325,-220,-92,38,161,286,389,457,505,520,500,444,357,256,137,6,-117,-239,-338,-429,-489,-512,-507,-476,-421,-334,-230,-111,15,141,264,377,462,527,562,557,518,454,344,214,67,-86,-241,-391,-507,-590,-642,-646,-604,-519,-391,-238,-63,116,277,414,532,610,637,627,565,476,352,206,48,-102,-238,-363,-456,-515,-544,-541,-502,-432,-341,-233,-115,8,130,238,337,410,463,489,477,452,402,322,225,118,2,-123,-245,772,639,0,-199,11,189,301,401,484,541,552,538,491,409,312,181,35,-117,-263,-399,-515,-599,-650,-660,-632,-550,-430,-291,-111,81,272,446,588,699,763,782,745,650,514,341,137,-79,-294,-500,-666,-790,-864,-870,-820,-704,-547,-347,-122,107,336,533,699,813,866,881,816,702,547,345,131,-93,-302,-497,-647,-754,-820,-831,-787,-692,-550,-376,-180,25,228,421,578,699,776,793,763,691,574,417,228,31,-165,-345,-506,-630,-714,-743,-736,-676,-567,-427,-251,-75,103,282,435,561,654,698,690,642,552,431,281,107,-71,-239,-384,-499,-580,-618,-622,-575,-498,-397,-266,-119,32,174,298,397,315,519,523,497,444,368,271,160,48,-67,-181,-277,-358,-419,-450,-460,-438,-396,-330,-238,-140,-33,77,179,273,357,416,447,460,435,396,331,240,137,28,-89,-199,-294,-381,-453,-488,-499,-483,-430,-349,-248,-129,3,139,277,401,502,579,612,599,545,456,339,181,4,-177,-351,-500,-619,-696,-724,-693,-614,-478,-309,-115,101,307,488,629,724,761,732,650,512,344,144,-62,-259,-434,-559,-639,-671,-649,-576,-459,-316,-163,9,179,324,439,517,553,544,493,406,290,159,13,-123,-245,-345,-414,-453,-447,-401,-321,-216,-95,37,161,268,335,365,355,299,204,90,-27,-115,-409,-440,0,789,691,12,2,-20,-41,-59,-69,-82,-82,-71,-56,-28,3,31,58,77,99,111,115,110,94,71,42,10,-26,-61,-96,-123,-144,-150,-152,-143,-121,-89,-46,-8,37,87,130,168,194,213,207,203,179,125,74,8,-63,-133,-197,-249,-283,-312,-312,-276,-226,-155,-71,32,136,235,318,373,408,404,355,289,209,102,-16,-129,-240,-333,-398,-432,-436,-398,-331,-247,-142,-28,80,184,278,349,388,404,390,346,279,182,92,-9,-106,-191,-262,-308,-332,-333,-319,-283,-226,-162,-92,-25,44,103,155,206,243,271,277,276,262,232,196,140,72,1,-74,-149,-223,-288,-336,-356,-571,-348,-301,-232,-141,-37,70,173,266,341,404,438,438,410,360,276,172,56,-63,-183,-295,-386,-450,-495,-491,-453,-400,-311,-197,-77,56,184,290,385,461,502,506,480,428,334,232,112,-18,-147,-271,-369,-445,-497,-514,-499,-455,-384,-294,-175,-54,73,189,300,393,465,508,520,506,465,388,288,168,37,-108,-242,-367,-480,-554,-597,-603,-571,-497,-381,-245,-82,88,253,407,528,611,657,649,596,501,374,210,45,-121,-272,-403,-510,-579,-601,-578,-526,-445,-335,-209,-75,67,198,310,399,463,497,508,485,440,368,272,166,46,-68,-174,-282,-375,-441,-483,-500,-489,-441,78,437
61297,mtk,MTK 7916,861236614,rx1-tx1,512,0,0,0,323,493,537,428,201,-80,-342,-520,-557,-447,-218,68,334,511,550,447,227,-51,-308,-482,-523,-418,-203,59,295,445,471,363,153,-95,-313,-441,-441,-318,-110,137,346,455,430,284,61,-176,-366,-452,-409,-250,-17,225,404,468,403,226,-16,-258,-430,-489,-408,-213,38,280,455,501,406,205,-49,-286,-441,-474,-382,-184,69,298,442,462,355,148,-98,-311,-436,-441,-324,-115,127,337,452,435,299,76,-166,-360,-459,-442,-297,-68,173,371,466,438,293,68,-178,-366,-452,-424,-293,-75,166,355,443,419,282,67,-161,-327,-416,-397,-273,-76,132,298,381,358,238,66,-115,0,-318,-298,-199,-45,115,230,271,232,122,-25,-160,-240,-245,-174,-47,100,225,280,253,149,-6,-166,-283,-328,-282,-151,27,209,342,383,320,169,-37,-242,-389,-435,-370,-205,20,252,423,480,410,236,0,-244,-432,-512,-450,-270,-17,246,445,522,474,305,47,-232,-449,-547,-507,-340,-81,202,438,563,547,388,134,-151,-404,-557,-563,-433,-201,83,350,529,574,480,274,1,-264,-457,-539,-492,-322,-75,175,373,476,465,336,139,-84,-285,-406,-424,-341,-181,8,188,319,369,331,212,49,-115,-244,-316,-312,-237,-116,25,151,241,278,257,190,96,-10,-102,-161,-186,-177,0,0,0,0,0,113,222,301,342,323,236,91,-83,-259,-399,-468,-442,-314,-113,122,339,490,540,465,282,32,-235,-458,-574,-558,-410,-160,132,398,570,603,486,250,-57,-359,-569,-630,-535,-307,9,330,572,668,594,364,34,-311,-585,-707,-649,-426,-86,290,588,732,701,490,144,-242,-569,-761,-750,-542,-188,203,541,744,756,565,229,-169,-522,-739,-763,-585,-251,149,508,728,754,575,242,-155,-509,-729,-756,-582,-240,169,521,740,768,584,236,-181,-555,-785,-807,-607,-237,198,581,816,843,649,273,-177,-588,-863,-914,-724,-342,132,570,869,948,781,410,-65,-520,-836,-944,-803,-452,13,0,794,908,787,459,4,-447,-773,-888,-768,-445,-1,443,766,885,759,431,-11,-455,-781,-888,-756,-424,28,476,792,901,775,441,-21,-473,-800,-916,-792,-452,-1,449,782,909,791,461,16,-426,-748,-869,-756,-441,-12,406,709,818,702,399,-6,-404,-679,-760,-629,-318,73,443,687,736,571,243,-146,-496,-714,-738,-553,-211,194,552,763,767,565,211,-202,-561,-777,-783,-584,-233,183,552,765,776,589,252,-152,-508,-721,-747,-578,-261,116,450,651,673,524,244,-94,-395,-577,-599,-455,-195,105,365,516,513,364,122,-148,-369,-479,-450,-286,-41,208,395,470,410,226,-25,-267,0,0,0,0,0,-411,-196,83,345,514,551,442,215,-67,-335,-517,-562,-452,-228,56,318,497,541,435,214,-56,-306,-464,-498,-399,-188,77,313,450,457,341,134,-110,-326,-443,-435,-303,-81,162,357,448,413,261,31,-205,-386,-466,-410,-234,2,240,419,482,409,224,-19,-265,-442,-491,-409,-215,42,285,443,482,392,193,-58,-288,-439,-475,-374,-167,80,296,427,441,330,125,-114,-323,-437,-430,-302,-88,154,356,459,434,291,70,-174,-375,-475,-444,-294,-66,179,374,465,436,294,73,-170,-364,-451,-419,-279,-68,157,342,438,412,271,70,-141,-317,-407,-381,-255,-76,116,277,358,337,0,58,-109,-237,-294,-262,-156,-4,138,233,254,195,79,-65,-190,-258,-244,-159,-22,130,254,306,264,145,-19,-189,-315,-357,-295,-152,36,227,369,410,340,183,-28,-246,-409,-467,-400,-224,12,247,427,497,432,252,7,-247,-445,-523,-464,-283,-30,236,446,541,498,324,60,-224,-449,-564,-534,-365,-106,181,427,564,561,420,173,-118,-377,-544,-576,-465,-244,37,306,494,554,482,295,36,-221,-414,-508,-481,-334,-111,130,329,443,445,339,160,-48,-239,-367,-400,-339,-200,-20,152,283,343,318,223,81,-72,-205,-284,-296,-250,-158,-37,87,181,232,235,200,135,59,-12,0,0,0,0,0,-243,-192,-100,30,177,312,397,411,350,215,18,-196,-381,-493,-503,-400,-207,42,290,482,564,523,356,102,-181,-425,-570,-578,-448,-205,92,366,561,618,517,279,-29,-338,-562,-646,-563,-333,-10,321,573,682,619,392,55,-301,-585,-726,-679,-458,-120,263,582,750,728,517,170,-224,-562,-759,-762,-569,-222,181,533,745,763,576,240,-151,-504,-730,-764,-586,-249,147,501,724,755,581,246,-160,-516,-738,-761,-577,-235,170,542,767,786,592,235,-188,-568,-803,-830,-631,-263,183,593,849,879,685,317,-151,-588,-869,-927,-753,-377,98,548,858,949,792,431,-38,-498,-830,-936,0,-461,-2,449,780,902,778,448,6,-433,-759,-885,-766,-437,9,451,769,879,751,424,-17,-460,-786,-899,-771,-429,27,472,798,914,783,446,-8,-462,-797,-919,-793,-458,-11,437,770,895,775,450,13,-420,-733,-844,-732,-427,-7,404,693,790,664,357,-42,-420,-678,-745,-602,-290,105,471,708,743,567,229,-175,-535,-751,-762,-568,-210,203,563,771,774,573,214,-201,-560,-773,-787,-590,-237,174,531,743,763,588,260,-132,-479,-690,-716,-557,-260,99,418,611,632,488,222,-96,-375,-539,-548,-403,-157,125,364,491,468,317,79,-181,-389,-473,-420,-250,-5,242,425,484,404,0,0
61298,mtk,MTK 7916,861236614,rx2-tx0,512,0,0,0,846,1148,1153,841,288,-352,-912,-1236,-1236,-904,-323,356,952,1299,1298,951,353,-349,-957,-1311,-1318,-979,-374,340,957,1317,1327,974,350,-357,-964,-1316,-1319,-955,-333,380,986,1314,1285,909,281,-416,-999,-1309,-1260,-868,-242,450,1016,1296,1214,804,176,-493,-1020,-1270,-1171,-747,-125,523,1023,1235,1101,663,50,-565,-1011,-1173,-1006,-556,47,622,1012,1110,888,425,-158,-694,-1025,-1057,-785,-285,296,794,1064,1028,698,161,-430,-909,-1129,-1032,-640,-68,539,1005,1194,1052,613,-11,-633,-1085,-1251,-1082,-604,51,696,1152,1309,1113,614,-56,-718,-1186,-1340,-1136,-619,67,736,1208,1357,1142,620,-71,-743,0,-1372,-1150,-621,75,753,1221,1359,1134,608,-93,-774,-1245,-1377,-1137,-589,121,807,1278,1404,1159,599,-129,-839,-1327,-1461,-1204,-625,118,838,1345,1503,1262,687,-82,-828,-1355,-1530,-1304,-734,31,790,1347,1543,1341,787,21,-752,-1324,-1556,-1378,-841,-90,681,1269,1519,1376,883,161,-604,-1203,-1488,-1385,-918,-221,526,1126,1427,1362,955,296,-435,-1040,-1374,-1361,-1008,-391,318,928,1292,1333,1048,506,-155,-762,-1162,-1270,-1063,-606,-14,560,976,1143,1027,673,166,-367,-786,-993,-957,-696,-282,186,585,823,859,694,376,-13,-383,-649,-753,-684,-472,-168,151,419,583,623,538,363,142,-75,-251,-356,-382,0,0,0,0,0,-238,-93,98,310,496,607,607,481,242,-64,-383,-643,-776,-738,-537,-202,199,572,822,886,739,404,-44,-490,-832,-984,-899,-589,-122,394,829,1071,1050,761,267,-306,-823,-1143,-1184,-922,-426,194,781,1184,1286,1061,568,-81,-721,-1185,-1359,-1187,-702,-33,649,1181,1409,1279,819,146,-575,-1140,-1412,-1327,-908,-254,467,1068,1383,1343,963,333,-371,-964,-1308,-1307,-958,-362,307,888,1221,1228,910,355,-285,-836,-1149,-1144,-836,-310,293,810,1095,1074,756,233,-349,-827,-1072,-1017,-681,-156,418,877,1088,995,628,81,-493,-936,-1127,-1010,-608,-31,556,1001,1181,1039,612,18,-587,-1040,-1211,-1055,-617,0,606,1060,1227,1061,604,-11,-632,-1084,-1245,-1065,-588,52,678,1123,1267,1060,561,-97,-733,-1174,-1296,-1068,-549,130,781,1221,1332,1083,536,-151,-807,-1250,-1358,-1102,-548,156,818,1262,1364,1097,537,-160,-810,-1242,-1337,-1069,-512,176,807,1210,1282,1003,451,-214,-806,-1169,-1209,-913,-372,268,822,1140,1141,821,280,-331,-844,-1117,-1076,-736,-189,400,869,1091,1012,654,120,-446,-879,-1058,-946,-575,-46,488,877,1015,868,485,-20,-512,-850,-938,-760,-373,116,560,834,863,642,234,-230,-621,-834,-806,-535,-102,359,715,865,765,439,-22,-487,-815,-911,-749,-365,135,606,919,977,754,318,-225,-721,0,0,0,0,0,-794,-275,341,885,1201,1197,874,307,-358,-941,-1276,-1278,-934,-346,344,950,1313,1318,974,364,-341,-956,-1315,-1324,-977,-366,349,973,1332,1325,961,345,-364,-978,-1324,-1307,-931,-303,400,989,1306,1272,887,260,-434,-1004,-1302,-1240,-838,-207,480,1029,1288,1193,780,156,-508,-1026,-1254,-1136,-717,-94,547,1018,1195,1046,600,0,-590,-1013,-1147,-952,-489,106,661,1020,1090,844,354,-229,-744,-1045,-1042,-738,-223,360,847,1098,1033,675,114,-487,-958,-1169,-1051,-628,-29,591,1055,1228,1062,607,-17,-653,-1127,-1287,-1095,-604,54,701,1168,1327,1123,612,-64,-722,-1198,-1354,-1144,-624,66,746,1219,1362,1145,0,-62,-741,-1218,-1368,-1145,-608,89,758,1225,1364,1132,591,-116,-795,-1265,-1394,-1149,-593,125,818,1294,1429,1183,615,-134,-841,-1330,-1473,-1229,-652,99,833,1355,1521,1285,712,-51,-812,-1361,-1547,-1324,-757,6,770,1335,1548,1356,811,58,-720,-1306,-1543,-1378,-860,-123,634,1231,1510,1386,897,187,-565,-1169,-1466,-1377,-929,-251,481,1085,1413,1377,983,342,-378,-989,-1341,-1352,-1023,-443,238,850,1237,1308,1056,551,-70,-660,-1074,-1208,-1046,-638,-92,460,883,1079,998,682,220,-275,-686,-910,-911,-701,-335,100,486,734,802,690,423,76,-272,-543,-681,-668,-520,-275,8,263,443,525,504,398,244,79,0,0,0,0,0,-331,-446,-487,-441,-294,-65,204,458,644,710,628,400,70,-294,-609,-802,-821,-651,-313,116,530,830,944,833,510,51,-438,-834,-1032,-979,-677,-202,347,830,1114,1117,843,344,-253,-802,-1161,-1232,-995,-496,140,753,1188,1327,1122,626,-28,-685,-1185,-1390,-1236,-759,-85,613,1163,1419,1308,868,200,-523,-1107,-1401,-1343,-941,-300,419,1024,1356,1328,959,356,-333,-929,-1269,-1266,-936,-368,288,856,1188,1192,870,326,-290,-820,-1123,-1114,-797,-269,329,823,1080,1042,718,194,-379,-847,-1078,-1000,-645,-111,463,911,1106,1001,618,57,-525,-973,-1158,-1026,-608,-25,575,1020,1195,1047,616,15,-596,-1052,0,-1065,-615,4,627,1077,1231,1057,598,-27,-649,-1100,-1247,-1053,-571,73,706,1145,1276,1059,551,-117,-762,-1200,-1315,-1072,-535,144,797,1243,1355,1100,548,-156,-820,-1263,-1366,-1102,-547,155,817,1257,1353,1082,525,-169,-804,-1222,-1313,-1045,-490,190,802,1185,1238,953,413,-231,-811,-1158,-1173,-862,-319,307,836,1129,1105,774,235,-364,-861,-1114,-1049,-697,-161,415,871,1078,980,609,78,-464,-872,-1031,-903,-531,-15,497,860,976,817,433,-65,-536,-846,-909,-707,-307,173,591,830,823,580,168,-291,-666,-847,-775,-475,-34,425,762,884,754,398,-82,-552,-872,-944,-747,-338,180,665,975,1014,769,0,0
61299,mtk,MTK 7916,861236614,rx2-tx1,512,0,0,0,-946,-862,-541,-67,433,817,989,896,561,69,-436,-827,-997,-903,-568,-81,426,821,989,888,552,80,-411,-795,-962,-863,-531,-59,423,785,927,818,491,31,-431,-761,-873,-740,-406,36,458,750,825,666,315,-123,-524,-776,-814,-610,-222,224,607,824,809,564,163,-291,-673,-868,-826,-539,-98,369,738,901,803,486,34,-438,-795,-925,-796,-446,42,521,861,963,797,403,-109,-597,-934,-1019,-824,-395,153,671,1012,1089,873,421,-150,-686,-1052,-1143,-927,-469,114,667,1044,1154,963,518,-63,-622,-1015,-1140,-971,-550,12,567,964,1104,956,571,42,-490,-884,-1033,-916,-565,-74,422,785,0,848,536,89,-366,-700,-832,-734,-443,-42,358,646,752,637,343,-40,-400,-640,-699,-559,-262,100,435,651,673,500,181,-190,-508,-679,-661,-449,-101,283,593,742,683,428,37,-382,-709,-844,-752,-452,-15,448,807,953,858,533,51,-462,-866,-1050,-968,-633,-133,414,867,1106,1065,748,230,-351,-844,-1128,-1130,-844,-351,234,771,1118,1181,953,493,-86,-642,-1038,-1178,-1030,-641,-105,452,889,1099,1045,746,280,-234,-670,-941,-976,-780,-406,41,459,747,847,742,467,95,-275,-564,-707,-677,-483,-190,122,392,565,599,495,283,25,-228,-414,-503,-486,-376,-205,-15,158,282,341,332,268,0,0,0,0,0,-90,-248,-376,-456,-466,-385,-219,-6,225,425,539,542,429,217,-49,-306,-498,-575,-517,-334,-69,215,454,581,562,403,139,-160,-423,-587,-605,-459,-186,135,430,626,663,518,237,-108,-430,-656,-711,-579,-300,65,425,679,755,635,348,-37,-414,-695,-797,-690,-398,0,404,704,825,734,448,37,-387,-702,-840,-769,-490,-77,356,697,860,793,517,111,-322,-670,-841,-792,-532,-130,298,648,823,778,517,115,-310,-643,-807,-763,-513,-126,292,638,820,776,520,127,-293,-633,-808,-777,-533,-145,275,610,787,755,521,154,-253,-585,-759,-729,-503,-143,244,564,728,692,468,120,-258,0,-719,-673,-448,-102,263,551,687,639,418,84,-272,-540,-653,-579,-347,-21,307,542,614,509,259,-67,-384,-589,-621,-475,-187,159,471,653,647,459,138,-234,-552,-722,-690,-468,-113,276,596,760,719,470,89,-314,-634,-783,-720,-455,-64,348,662,792,694,401,-6,-414,-713,-814,-681,-357,71,484,767,835,669,315,-132,-559,-837,-879,-675,-290,183,612,875,901,677,262,-229,-660,-919,-933,-694,-262,246,695,960,968,713,266,-254,-703,-965,-970,-718,-274,242,690,947,948,703,272,-236,-672,-916,-913,-663,-235,250,665,894,877,618,189,-293,-691,-897,-855,-573,-133,343,729,917,0,0,0,0,0,59,-422,-803,-972,-881,-551,-67,436,825,998,901,558,69,-433,-820,-995,-908,-566,-78,430,813,977,886,562,87,-410,-789,-947,-843,-521,-55,416,765,895,781,451,-4,-450,-758,-853,-709,-364,77,495,771,820,631,266,-170,-561,-796,-808,-585,-193,264,645,844,808,552,129,-343,-718,-889,-815,-511,-61,413,769,917,805,469,5,-471,-823,-940,-795,-426,70,560,892,988,806,395,-137,-640,-977,-1056,-848,-404,156,682,1036,1121,911,454,-129,-681,-1060,-1156,-941,-488,85,637,1030,1152,963,526,-42,-596,-988,-1127,-970,-559,-10,529,926,1077,951,579,65,-449,-830,-991,-887,-555,0,377,737,891,798,492,65,-358,-670,-787,-687,-394,-9,370,638,721,596,306,-69,-418,-642,-681,-530,-224,148,474,663,663,471,145,-230,-549,-712,-668,-434,-74,324,646,796,717,428,13,-424,-756,-895,-801,-483,-18,465,840,1012,922,581,82,-448,-875,-1087,-1019,-694,-183,386,861,1126,1102,795,285,-301,-814,-1126,-1156,-897,-422,160,712,1085,1192,1010,580,9,-558,-976,-1152,-1054,-705,-199,339,783,1029,1024,779,355,-133,-563,-842,-920,-772,-444,-30,364,652,772,704,475,142,-203,-478,-634,-637,-486,-232,57,318,500,560,497,336,116,-112,-298,-412,-440,-383,-264,-120,18,131,0,0,0,0,0,359,323,226,65,-138,-331,-467,-524,-486,-344,-121,133,364,521,562,478,281,16,-256,-474,-584,-548,-369,-102,188,437,583,579,429,168,-145,-427,-606,-629,-488,-211,124,435,640,681,549,268,-88,-435,-672,-739,-615,-329,46,415,684,780,667,379,-14,-407,-697,-811,-712,-423,-18,387,701,838,755,470,58,-375,-705,-855,-784,-509,-98,338,685,854,797,526,120,-309,-657,-835,-784,-524,-126,303,652,823,776,522,132,-297,-646,-822,-775,-521,-130,294,642,813,768,521,134,-289,-630,-808,-769,-531,-155,259,601,776,743,511,147,-249,-576,-744,-711,-490,-132,258,571,723,681,0,112,-262,-561,-707,-660,-434,-93,269,546,668,607,383,55,-286,-535,-630,-545,-304,25,341,558,617,489,216,-119,-423,-613,-629,-460,-157,201,510,686,674,468,122,-262,-581,-740,-697,-465,-101,295,615,772,718,460,78,-324,-643,-789,-708,-428,-29,381,687,799,686,382,-37,-452,-741,-822,-674,-336,97,512,787,848,675,307,-154,-576,-841,-879,-672,-277,204,638,899,920,688,264,-241,-685,-948,-952,-703,-263,254,703,965,976,724,274,-244,-694,-961,-969,-715,-275,236,685,943,939,681,246,-248,-670,-908,-899,-644,-213,272,680,898,870,602,164,-318,-705,-903,-855,-565,-114,0,0
61300,mtk,MTK 7916,861287210,rx0-tx0,512,-330,-819,-736,-843,-693,-475,-219,50,318,554,739,861,917,893,788,618,413,171,-90,-345,-571,-747,-861,-912,-878,-792,-622,-402,-148,113,375,614,793,904,954,916,798,611,367,90,-189,-464,-696,-870,-982,-987,-923,-776,-551,-294,1,287,558,778,921,996,980,882,713,480,211,-81,-362,-609,-809,-941,-980,-958,-846,-654,-419,-147,144,414,657,849,956,992,937,792,582,331,34,-243,-505,-733,-891,-958,-940,-850,-684,-457,-192,89,356,571,749,856,883,839,718,546,325,84,-164,-382,-567,-703,-775,-777,-719,-599,-434,-234,-33,184,380,538,653,702,699,643,537,390,205,7,-195,-363,-26,-611,-660,-661,-609,-507,-364,-182,4,201,367,527,639,688,675,610,495,334,146,-59,-263,-450,-591,-687,-720,-700,-605,-451,-269,-53,163,358,537,666,740,740,673,557,383,175,-55,-266,-458,-630,-736,-770,-746,-641,-486,-289,-61,174,397,599,745,811,796,705,558,346,104,-153,-389,-600,-752,-823,-795,-695,-534,-311,-62,195,432,617,710,736,688,562,383,181,-35,-239,-389,-498,-557,-545,-484,-385,-250,-108,36,162,259,325,360,358,321,261,179,98,23,-64,-137,-187,-225,-237,-233,-202,-160,-109,-54,15,78,135,184,206,205,181,136,70,-3,-74,-132,-161,-162,-135,-767,-835,510,-456,-693,91,17,-78,-160,-230,-270,-268,-233,-160,-66,36,145,230,297,327,334,309,244,159,56,-62,-190,-299,-393,-448,-456,-428,-365,-257,-114,66,244,411,549,636,674,637,526,365,141,-109,-353,-572,-762,-876,-900,-830,-667,-430,-140,184,494,765,971,1072,1072,967,745,455,105,-268,-621,-907,-1111,-1199,-1183,-1028,-792,-458,-85,313,668,952,1146,1237,1209,1058,809,476,105,-273,-626,-915,-1118,-1219,-1207,-1076,-831,-536,-191,172,516,813,1033,1164,1176,1094,893,628,310,-43,-393,-689,-931,-1078,-1145,-1107,-959,-737,-436,-109,231,545,817,1002,1101,1101,1009,819,557,257,-72,-388,-664,-877,301,-1061,-1018,-891,-687,-431,-133,176,467,710,904,1018,1042,992,851,646,375,73,-235,-531,-788,-980,-1080,-1102,-1020,-844,-586,-287,36,363,658,893,1059,1126,1105,979,769,503,199,-126,-453,-744,-960,-1106,-1166,-1130,-985,-753,-465,-134,216,548,838,1067,1197,1216,1146,962,712,382,15,-343,-685,-975,-1168,-1269,-1250,-1130,-903,-599,-238,148,520,848,1090,1228,1265,1179,995,729,396,30,-339,-661,-916,-1094,-1174,-1147,-1026,-810,-546,-231,101,417,686,900,1035,1079,1043,910,693,436,148,-157,-443,-680,-871,-981,-1003,-944,-809,-609,-348,-70,206,474,701,870,949,957,887,730,529,281,7,-270,338,66,-82,246,442,409,633,807,902,931,870,735,544,317,61,-208,-451,-651,-798,-887,-899,-830,-701,-506,-283,-27,232,474,693,832,913,921,855,720,506,262,-11,-290,-540,-750,-902,-978,-971,-883,-696,-469,-189,101,377,641,834,959,1002,958,838,632,383,103,-193,-463,-700,-875,-975,-999,-925,-780,-571,-309,-34,243,518,738,896,981,974,893,745,521,249,-38,-335,-595,-797,-935,-983,-938,-837,-653,-404,-121,161,428,659,828,916,925,845,700,510,263,3,-256,-489,-668,-788,-835,-807,-713,-571,-380,-162,60,280,473,621,709,739,715,622,488,308,106,-91,-281,-443,-574,-660,-692,-660,-573,628,-284,-96,96,277,439,572,650,676,642,559,442,267,74,-126,-318,-486,-616,-689,-704,-657,-552,-395,-213,-4,204,405,564,677,732,708,629,505,321,118,-113,-315,-495,-642,-732,-754,-703,-606,-442,-231,-6,225,441,606,726,790,777,691,540,328,88,-164,-398,-598,-748,-820,-813,-724,-566,-346,-91,176,411,611,747,799,773,662,471,243,7,-229,-428,-569,-645,-661,-588,-461,-308,-129,53,198,326,407,445,441,391,311,216,106,-9,-112,-195,-254,-279,-291,-277,-228,-173,-105,-37,33,102,155,191,216,216,192,156,102,39,-29,-90,-149,-185,-196,-176,-128,-64,3,63,-350,-158,-82,-999,-860,-170,-211,-215,-181,-117,-23,79,173,252,293,310,285,227,141,42,-62,-176,-269,-338,-375,-393,-362,-294,-200,-70,71,208,340,449,528,561,532,450,304,123,-76,-296,-488,-652,-765,-788,-731,-603,-407,-146,140,426,687,872,991,998,911,722,447,113,-222,-567,-852,-1061,-1167,-1161,-1019,-777,-449,-87,294,645,942,1144,1242,1210,1055,796,465,82,-309,-663,-950,-1145,-1235,-1210,-1071,-824,-507,-145,227,581,872,1073,1190,1185,1075,868,591,247,-106,-449,-752,-975,-1122,-1167,-1092,-924,-679,-369,-43,310,620,877,1051,1125,1105,984,777,495,183,-153,-472,-753,-957,-1072,-1100,-1020,-857,-625,-176,-28,281,567,799,963,1040,1034,934,768,538,249,-44,-345,-616,-837,-998,-1069,-1056,-949,-753,-479,-179,140,454,732,951,1075,1119,1064,913,684,388,70,-258,-566,-823,-1010,-1115,-1127,-1047,-867,-625,-338,-10,324,643,900,1088,1186,1184,1073,877,598,255,-101,-450,-764,-1014,-1194,-1251,-1202,-1057,-810,-493,-129,251,605,910,1132,1265,1275,1174,959,660,316,-63,-437,-762,-1010,-1169,-1227,-1174,-1010,-768,-465,-127,216,539,805,999,1106,1115,1028,861,627,334,27,-278,-571,-800,-954,-1037,-1025,-927,-758,-531,-248,46,330,582,789,930,977,951,848,681,447,177,-90,-371,-609,-790,-911,-950,-911,-1046,-1100
61301,mtk,MTK 7916,861287210,rx0-tx1,512,-686,353,145,-237,-44,154,339,499,607,658,651,590,477,318,138,-45,-215,-367,-483,-565,-590,-563,-498,-399,-267,-100,39,195,325,427,500,533,519,479,397,285,147,1,-143,-284,-391,-485,-543,-558,-525,-454,-348,-209,-49,128,287,428,552,620,641,609,527,395,228,28,-169,-363,-527,-642,-706,-715,-646,-528,-363,-165,55,267,456,607,711,751,722,627,484,282,64,-151,-365,-541,-667,-734,-737,-678,-559,-388,-188,23,235,419,568,674,709,687,614,478,307,118,-90,-285,-462,-588,-663,-675,-647,-553,-410,-242,-48,156,337,488,597,653,655,603,497,355,173,-20,-202,-379,-523,-606,-38,-627,-555,-432,-276,-93,101,289,446,562,623,640,599,502,357,189,-1,-193,-361,-502,-599,-637,-622,-550,-438,-280,-88,110,290,442,564,630,629,579,476,323,155,-36,-215,-370,-506,-584,-601,-568,-492,-378,-217,-47,120,276,416,504,559,553,506,415,276,121,-33,-198,-335,-434,-497,-523,-499,-442,-340,-202,-53,98,241,373,480,524,524,476,380,241,91,-71,-240,-367,-461,-518,-516,-457,-357,-227,-69,92,236,351,431,464,454,396,298,170,31,-109,-232,-327,-390,-405,-380,-316,-215,-89,46,167,259,329,357,335,275,176,59,-64,-179,-262,-293,-273,-208,-110,-4,84,773,676,0,701,504,-154,-171,-148,-96,-18,67,147,194,225,230,195,130,47,-33,-112,-178,-224,-248,-238,-204,-156,-80,5,77,153,215,242,245,223,181,122,49,-19,-93,-150,-183,-204,-198,-178,-152,-114,-67,-20,20,60,100,132,155,171,170,169,151,120,80,23,-37,-98,-154,-201,-235,-244,-233,-200,-141,-70,-2,73,149,209,242,256,255,227,179,120,49,-25,-98,-158,-210,-244,-266,-271,-241,-202,-143,-71,8,90,169,233,286,319,315,289,236,155,66,-40,-143,-240,-317,-357,-366,-348,-305,-229,-124,-14,95,203,297,363,403,405,368,300,212,95,-32,-147,-256,-347,-409,-428,-48,-378,-296,-190,-66,70,208,321,413,469,485,465,397,296,169,27,-129,-278,-403,-494,-538,-542,-497,-405,-274,-120,53,218,356,475,549,571,545,477,365,211,52,-112,-272,-412,-515,-574,-591,-555,-480,-362,-209,-37,137,298,442,553,623,636,592,498,366,199,16,-177,-357,-506,-622,-687,-689,-633,-525,-361,-165,48,266,460,616,718,755,730,645,482,281,67,-171,-382,-567,-697,-764,-774,-699,-565,-381,-168,59,284,475,623,718,754,720,625,473,288,72,-136,-333,-503,-629,-703,-710,-665,-558,-401,-217,-12,200,390,539,650,698,688,618,493,328,130,-78,-282,-450,-590,180,515,9,-780,-850,632,673,652,582,455,286,95,-98,-280,-437,-548,-609,-614,-571,-484,-354,-199,-22,134,281,400,496,532,532,512,432,330,198,53,-93,-229,-357,-454,-518,-534,-520,-463,-368,-255,-104,49,201,339,457,544,594,590,532,444,309,138,-38,-220,-391,-536,-640,-685,-663,-597,-468,-299,-104,115,324,495,634,716,740,685,580,420,228,7,-213,-410,-579,-701,-744,-736,-660,-523,-340,-133,87,295,484,624,703,728,687,587,440,246,34,-166,-355,-517,-622,-686,-690,-637,-523,-362,-173,21,212,395,531,621,671,651,578,455,298,115,-81,-271,-433,-555,-635,-645,-620,-540,-399,-218,634,158,335,477,581,639,638,578,464,312,132,-51,-233,-391,-522,-604,-641,-614,-528,-401,-234,-46,150,325,470,582,635,633,569,461,311,124,-70,-247,-413,-530,-602,-620,-570,-485,-352,-179,-7,165,319,454,547,572,553,493,384,244,89,-81,-228,-371,-474,-524,-542,-507,-428,-307,-172,-9,141,279,405,486,521,509,460,373,238,74,-82,-237,-375,-472,-518,-529,-478,-370,-241,-83,85,236,355,443,488,481,423,328,198,52,-94,-232,-338,-407,-433,-417,-354,-257,-130,3,129,243,330,378,382,337,261,158,27,-100,-210,-293,-333,-329,-271,-168,-45,72,167,224,229,192,-321,-506,0,196,529,-33,41,116,174,205,202,164,102,33,-59,-141,-205,-236,-240,-218,-168,-103,-20,62,136,195,242,247,234,205,143,63,-14,-93,-154,-203,-226,-224,-211,-163,-110,-53,14,65,110,145,170,173,170,157,132,98,67,25,-19,-66,-111,-147,-180,-203,-204,-190,-159,-117,-54,14,82,150,205,238,251,250,218,159,92,24,-51,-130,-192,-236,-261,-263,-243,-208,-161,-95,-25,58,128,188,240,274,284,276,241,186,118,28,-67,-154,-239,-298,-336,-347,-324,-273,-192,-90,12,117,216,307,365,383,372,334,262,167,56,-65,-180,-280,-360,-415,-425,-402,-348,-259,-140,-14,-1135,228,335,410,459,464,423,345,246,117,-19,-165,-300,-406,-479,-518,-510,-452,-351,-214,-61,98,250,386,486,547,562,517,434,318,162,-6,-170,-317,-448,-531,-573,-569,-517,-420,-284,-134,36,202,356,484,567,601,591,532,433,289,123,-63,-245,-408,-537,-624,-664,-650,-569,-444,-280,-87,115,313,488,626,707,730,691,582,426,230,6,-211,-426,-602,-710,-767,-757,-671,-532,-332,-115,117,341,527,671,746,763,707,589,425,224,8,-210,-408,-564,-674,-724,-706,-637,-510,-343,-145,66,267,453,589,677,712,683,586,448,271,72,-132,-330,-494,-617,-685,-698,-641,-531,-378,-706,-519
61302,mtk,MTK 7916,861287210,rx1-tx0,512,0,355,149,423,547,630,659,642,567,442,282,93,-110,-318,-497,-630,-725,-759,-724,-636,-483,-284,-46,197,423,617,796,878,892,816,672,467,208,-80,-362,-627,-825,-952,-1009,-964,-837,-624,-341,-29,278,576,823,994,1075,1058,933,733,470,150,-172,-483,-745,-935,-1042,-1057,-982,-819,-578,-285,6,314,583,790,942,1001,983,874,696,457,178,-116,-395,-640,-830,-947,-981,-920,-791,-593,-346,-68,216,471,691,846,922,914,826,684,475,218,-50,-309,-546,-726,-831,-877,-846,-743,-571,-345,-102,151,381,586,741,814,814,739,605,425,212,-18,-246,-446,-589,-687,-725,-692,-603,-469,-292,-94,-277,263,418,525,592,614,582,500,380,245,88,-79,-236,-364,-461,-540,-564,-547,-484,-371,-245,-92,58,206,342,453,524,558,545,492,391,261,109,-52,-200,-351,-464,-552,-601,-592,-528,-426,-297,-136,43,237,414,552,641,691,679,593,476,300,85,-152,-381,-570,-720,-810,-825,-761,-628,-415,-156,122,393,625,799,903,910,823,654,410,125,-168,-448,-670,-818,-901,-871,-750,-570,-332,-56,210,444,629,749,797,752,636,466,252,18,-205,-410,-554,-634,-670,-623,-511,-356,-175,19,212,370,485,547,551,492,381,227,50,-127,-283,-400,-464,-467,-407,-276,-113,46,189,282,311,288,436,0,-652,-655,-44,-31,-3,26,57,89,101,104,91,67,34,-4,-44,-91,-117,-130,-141,-124,-107,-77,-32,14,57,105,146,165,169,167,145,105,55,6,-64,-117,-167,-212,-234,-226,-210,-169,-111,-34,43,128,208,261,304,319,306,262,182,85,-30,-150,-262,-351,-410,-429,-414,-339,-242,-96,64,209,340,445,502,503,455,363,234,76,-94,-244,-383,-475,-522,-523,-462,-370,-227,-69,93,248,358,457,492,475,428,335,212,77,-65,-192,-288,-379,-420,-411,-383,-323,-230,-121,-9,81,162,241,301,337,335,320,289,232,167,82,-10,-104,-204,-286,-342,-386,-393,-374,-319,-227,-115,489,146,276,376,455,489,483,438,344,217,66,-101,-254,-383,-484,-543,-552,-517,-423,-300,-151,18,182,349,479,561,598,582,510,398,249,81,-105,-275,-420,-549,-614,-619,-587,-493,-356,-191,-5,173,339,477,570,614,611,563,462,323,156,-25,-202,-360,-482,-570,-615,-611,-561,-463,-330,-164,22,206,379,533,634,685,702,644,516,357,153,-63,-280,-495,-648,-755,-785,-746,-638,-462,-252,-13,238,456,625,737,789,758,659,498,305,79,-138,-343,-507,-633,-692,-691,-630,-516,-378,-207,-18,162,324,452,553,607,600,555,471,349,209,32,-124,-270,-418,-524,-584,-597,-574,-493,199,-150,0,310,453,483,344,180,-4,-189,-368,-523,-638,-703,-708,-652,-533,-383,-193,28,252,462,640,767,828,814,730,599,392,130,-140,-406,-632,-815,-926,-960,-905,-765,-539,-280,21,327,602,833,983,1038,1011,895,684,408,93,-234,-542,-789,-982,-1076,-1069,-969,-781,-522,-222,94,401,671,884,1000,1029,986,833,632,370,72,-218,-492,-715,-881,-973,-979,-900,-752,-530,-264,29,305,550,763,899,961,929,821,648,411,146,-135,-385,-603,-780,-882,-902,-852,-726,-525,-290,-31,227,459,658,787,851,837,751,608,396,158,-93,-321,-515,-660,-753,-772,-724,-614,-456,-271,-51,165,355,514,623,657,315,585,479,337,173,-4,-176,-331,-444,-525,-568,-568,-514,-423,-303,-168,-10,138,289,406,495,542,548,513,440,323,185,27,-133,-284,-414,-502,-559,-564,-537,-459,-337,-200,-37,136,294,430,543,616,639,613,525,390,224,36,-180,-375,-545,-684,-762,-767,-690,-553,-363,-129,125,365,582,762,862,880,803,644,428,158,-136,-415,-658,-835,-920,-915,-811,-623,-385,-103,198,451,661,808,863,822,701,516,289,38,-211,-426,-600,-708,-730,-684,-576,-399,-214,-5,211,388,518,591,606,554,445,299,121,-66,-238,-379,-474,-513,-489,-408,-283,-121,51,218,346,399,392,322,199,63,-368,-166,0,177,-185,45,65,79,78,72,47,14,-21,-59,-91,-113,-119,-115,-96,-59,-31,13,56,93,129,156,157,150,126,80,29,-19,-68,-118,-162,-185,-201,-201,-166,-137,-86,-16,52,120,187,238,271,272,259,201,140,62,-29,-125,-223,-308,-358,-378,-359,-306,-215,-102,33,177,309,403,469,471,435,362,240,84,-79,-233,-367,-465,-519,-510,-461,-362,-220,-65,101,251,376,475,509,506,441,350,224,62,-85,-217,-336,-414,-455,-456,-405,-332,-229,-92,29,134,234,312,362,369,352,312,255,173,79,-13,-90,-173,-246,-301,-342,-348,-336,-306,-242,-164,-55,60,168,273,359,421,-571,447,384,286,165,22,-119,-262,-386,-473,-524,-530,-483,-392,-265,-103,64,229,373,476,552,574,553,482,357,202,29,-155,-320,-459,-558,-608,-607,-542,-451,-309,-127,52,228,391,512,599,627,597,518,401,250,83,-93,-266,-422,-537,-616,-631,-597,-509,-383,-234,-63,109,280,429,547,623,649,621,554,433,260,79,-120,-334,-501,-634,-720,-739,-709,-593,-417,-216,22,253,477,647,758,810,775,661,485,277,42,-196,-412,-580,-699,-747,-725,-648,-515,-342,-135,65,258,413,535,622,641,610,534,422,284,107,-63,-221,-366,-479,-570,-602,-579,-527,-431,-289,-134,27,189,355,642,653
61303,mtk,MTK 7916,861287210,rx1-tx1,512,0,0,0,-713,-525,-207,167,509,738,791,663,392,26,-354,-647,-783,-748,-549,-225,155,490,700,743,613,345,1,-335,-585,-691,-626,-405,-94,232,502,637,618,450,167,-152,-441,-620,-642,-499,-235,82,378,591,661,564,324,7,-311,-560,-676,-623,-412,-106,224,511,678,681,519,239,-99,-411,-632,-704,-600,-358,-44,291,555,679,638,448,152,-182,-459,-619,-632,-488,-229,86,382,588,651,552,321,13,-310,-558,-672,-626,-427,-129,195,484,653,667,529,270,-51,-356,-587,-679,-612,-408,-107,213,473,622,632,501,249,-53,-339,-542,-609,-542,-355,-90,189,415,532,520,391,189,-47,0,-428,-445,-372,-217,-10,185,322,375,334,197,3,-178,-308,-361,-306,-174,15,214,355,407,360,216,3,-219,-388,-478,-456,-322,-100,160,392,546,583,469,242,-39,-321,-547,-649,-601,-419,-134,189,474,662,704,583,316,-18,-348,-619,-738,-692,-501,-188,179,504,715,776,662,396,44,-318,-628,-795,-790,-611,-295,84,446,714,822,763,536,187,-192,-527,-755,-821,-708,-454,-111,246,550,733,751,617,366,50,-270,-531,-678,-673,-523,-273,24,298,498,586,557,413,194,-53,-280,-441,-503,-468,-341,-146,65,244,373,433,408,305,158,1,-151,-270,-336,-343,-298,-216,-121,-22,0,0,0,0,0,365,355,291,163,-16,-225,-420,-554,-609,-573,-433,-199,87,369,593,726,719,579,328,-6,-349,-631,-797,-803,-643,-347,21,389,686,846,826,627,292,-109,-494,-781,-890,-799,-539,-154,278,650,884,928,766,427,-24,-476,-829,-1004,-963,-702,-275,211,660,974,1072,930,591,109,-407,-829,-1068,-1068,-824,-398,120,617,971,1098,986,657,174,-357,-797,-1051,-1069,-832,-401,115,610,958,1082,959,618,122,-407,-835,-1069,-1059,-791,-340,193,695,1044,1141,969,581,49,-509,-962,-1196,-1158,-862,-349,260,806,1178,1301,1120,687,106,-516,-1023,-1314,-1314,-1010,-483,141,744,1172,1336,1200,795,220,0,-936,-1249,-1276,-1015,-522,90,669,1093,1257,1119,733,179,-423,-931,-1215,-1216,-929,-417,192,747,1130,1264,1106,681,89,-520,-1010,-1268,-1236,-925,-396,231,795,1173,1288,1112,671,80,-527,-997,-1237,-1195,-880,-366,230,759,1097,1187,994,561,10,-526,-926,-1103,-1007,-670,-182,346,789,1032,1010,752,311,-220,-695,-993,-1058,-871,-460,64,571,949,1104,1014,681,172,-374,-832,-1092,-1111,-882,-446,94,611,985,1130,1014,680,193,-334,-772,-1025,-1039,-820,-424,60,511,826,947,852,556,144,-280,-625,-809,-787,-587,-254,130,464,672,710,573,297,-50,-384,-605,-668,-565,-319,8,334,578,682,613,0,0,0,0,0,-248,-560,-743,-753,-598,-307,68,429,687,792,718,478,126,-250,-569,-754,-756,-584,-298,61,404,636,723,631,380,50,-280,-538,-661,-616,-430,-139,191,461,620,625,470,197,-125,-415,-596,-635,-521,-277,38,346,574,664,594,372,53,-274,-535,-681,-663,-482,-175,171,466,658,702,574,309,-24,-350,-598,-700,-633,-413,-100,232,501,644,639,474,193,-127,-420,-605,-644,-527,-279,38,350,575,654,579,371,66,-257,-519,-660,-646,-482,-206,122,425,625,677,571,336,29,-288,-535,-654,-617,-444,-175,131,403,577,624,524,304,20,-268,-478,-574,-545,-389,-146,114,335,475,508,0,231,0,-211,-359,-408,-346,-199,-7,180,311,352,299,170,-9,-192,-328,-378,-328,-186,14,220,382,449,404,259,47,-201,-409,-520,-520,-396,-161,117,375,554,611,533,322,35,-268,-519,-658,-656,-502,-228,111,427,643,724,637,406,82,-267,-559,-729,-742,-594,-306,58,414,677,790,726,499,158,-223,-554,-770,-823,-700,-423,-55,327,631,800,799,631,335,-36,-399,-666,-787,-745,-548,-246,96,419,646,725,656,457,162,-145,-418,-592,-638,-554,-365,-98,178,392,520,545,456,278,54,-171,-351,-452,-456,-380,-235,-55,129,280,373,397,350,254,127,-8,-125,-208,-249,-247,0,0,0,0,0,54,199,340,453,511,496,398,217,-19,-267,-492,-641,-681,-608,-416,-126,199,495,699,785,718,493,169,-191,-519,-756,-843,-752,-505,-148,251,600,821,864,719,417,23,-383,-720,-900,-875,-657,-294,144,566,867,975,867,563,125,-351,-752,-995,-1019,-825,-438,60,541,905,1082,1008,707,254,-270,-741,-1034,-1100,-919,-529,-26,486,888,1081,1034,746,279,-240,-697,-1011,-1090,-907,-516,-6,509,903,1082,1011,702,229,-302,-775,-1066,-1112,-891,-458,87,622,1019,1186,1080,714,189,-390,-895,-1210,-1241,-992,-513,83,672,1121,1325,1231,863,299,-343,-903,-1254,-1336,-1127,-664,-49,568,1053,1295,0,927,385,-241,-809,-1178,-1272,-1076,-633,-53,538,1006,1236,1175,843,303,-304,-838,-1179,-1241,-1012,-549,41,635,1077,1261,1167,802,235,-386,-913,-1222,-1268,-1028,-537,73,663,1100,1279,1160,780,226,-377,-890,-1191,-1209,-944,-469,93,626,1014,1148,1003,630,107,-425,-849,-1063,-1011,-716,-250,282,739,1020,1034,784,366,-140,-630,-977,-1094,-944,-570,-60,466,891,1117,1071,773,313,-234,-724,-1049,-1128,-954,-563,-51,473,887,1088,1045,764,312,-191,-646,-940,-1008,-847,-508,-61,384,716,872,821,580,212,-187,-529,-730,-745,-582,-281,85,407,623,684,566,300,-35,-357,-592,-674,-579,-348,-26,315,0,0
61304,mtk,MTK 7916,861287210,rx2-tx0,512,0,0,0,-1057,-705,-176,418,930,1231,1251,980,477,-145,-748,-1184,-1348,-1213,-798,-182,479,1024,1335,1340,1034,486,-169,-789,-1234,-1385,-1213,-761,-125,536,1070,1349,1315,972,393,-275,-870,-1257,-1351,-1122,-621,23,651,1128,1342,1229,826,232,-417,-970,-1282,-1285,-983,-452,182,766,1165,1280,1089,647,55,-546,-1011,-1224,-1135,-774,-236,354,850,1123,1121,846,369,-197,-704,-1034,-1105,-896,-462,83,605,971,1097,947,564,30,-518,-937,-1123,-1034,-687,-162,411,892,1159,1143,851,355,-243,-797,-1166,-1257,-1051,-592,17,629,1098,1315,1223,842,259,-390,-954,-1297,-1336,-1064,-550,107,738,1193,1374,1239,810,192,-469,0,-1347,-1344,-1032,-484,179,800,1239,1383,1207,743,102,-560,-1095,-1381,-1343,-987,-399,285,909,1330,1442,1208,695,25,-671,-1214,-1477,-1411,-1017,-381,345,994,1425,1538,1289,740,32,-694,-1267,-1546,-1477,-1080,-439,308,992,1449,1570,1342,811,99,-635,-1226,-1538,-1493,-1120,-508,219,895,1369,1534,1344,853,183,-523,-1112,-1440,-1440,-1128,-565,116,772,1246,1440,1320,911,303,-356,-927,-1291,-1373,-1156,-702,-106,508,995,1251,1240,969,507,-42,-567,-959,-1141,-1076,-780,-335,150,586,883,987,883,605,212,-201,-552,-781,-841,-733,-486,-162,178,475,660,712,640,458,202,-59,-282,-449,-530,-515,-428,-299,-151,0,0,0,0,0,252,398,498,533,491,355,133,-135,-402,-621,-743,-739,-590,-321,18,374,680,855,862,697,386,-23,-448,-787,-978,-965,-743,-361,117,589,936,1100,1041,741,273,-262,-769,-1118,-1224,-1067,-672,-130,461,977,1270,1291,1033,543,-78,-696,-1166,-1379,-1292,-925,-346,326,926,1322,1438,1228,744,101,-570,-1122,-1416,-1397,-1073,-515,160,798,1245,1412,1262,834,230,-419,-971,-1291,-1304,-1025,-516,96,672,1088,1246,1112,715,159,-421,-888,-1142,-1129,-835,-341,211,707,1040,1112,915,499,-38,-562,-953,-1113,-1002,-649,-135,420,880,1124,1107,830,342,-231,-757,-1108,-1197,-1009,-592,-24,558,1012,1227,1158,824,0,-333,-861,-1185,-1237,-1003,-529,71,661,1091,1260,1142,747,171,-446,-963,-1257,-1253,-948,-418,218,811,1215,1333,1142,676,48,-601,-1112,-1367,-1306,-935,-340,327,925,1310,1386,1140,626,-39,-681,-1158,-1372,-1278,-872,-261,401,960,1285,1308,1021,497,-130,-719,-1127,-1264,-1101,-676,-87,513,974,1194,1130,798,272,-315,-817,-1111,-1134,-879,-414,139,651,1005,1117,955,564,45,-480,-889,-1074,-994,-681,-208,313,744,987,988,752,338,-148,-590,-878,-937,-768,-411,39,465,769,879,762,453,32,-400,-725,-861,-777,-492,-81,352,706,887,841,580,167,-292,-692,-925,-930,-706,-296,197,656,963,1042,869,0,0,0,0,0,-515,-961,-1198,-1158,-848,-325,290,847,1220,1318,1108,637,10,-624,-1120,-1360,-1292,-925,-345,323,924,1302,1378,1137,629,-22,-672,-1156,-1376,-1275,-873,-269,404,978,1314,1342,1056,514,-149,-769,-1205,-1349,-1178,-731,-105,538,1051,1317,1265,912,345,-299,-870,-1235,-1299,-1052,-559,61,654,1087,1257,1123,721,150,-446,-925,-1171,-1133,-824,-313,270,772,1074,1109,868,409,-134,-649,-1000,-1093,-915,-511,25,557,953,1108,981,611,89,-467,-913,-1140,-1090,-769,-253,335,853,1173,1206,950,462,-139,-719,-1137,-1291,-1137,-709,-112,507,1025,1312,1286,958,400,-257,-852,-1251,-1365,-1162,-688,-50,605,1116,1369,1301,0,345,-323,-911,-1291,-1365,-1118,-613,41,691,1176,1385,1275,866,248,-431,-1010,-1364,-1394,-1099,-549,134,796,1280,1473,1326,870,199,-518,-1116,-1467,-1486,-1163,-575,153,847,1352,1550,1395,925,239,-505,-1136,-1510,-1541,-1222,-630,110,819,1338,1562,1432,973,298,-435,-1063,-1459,-1531,-1251,-688,19,713,1244,1491,1402,998,370,-332,-942,-1341,-1457,-1239,-740,-89,568,1094,1385,1370,1054,511,-127,-724,-1160,-1342,-1226,-855,-321,266,783,1122,1209,1040,670,166,-361,-784,-1023,-1050,-858,-489,-40,390,727,896,879,683,361,-15,-368,-640,-772,-745,-582,-320,-13,279,501,618,629,538,367,158,-46,-211,-320,-365,0,0,0,0,0,-331,-242,-95,103,318,508,634,661,574,378,97,-224,-527,-744,-828,-753,-524,-184,205,578,843,934,849,576,165,-289,-697,-971,-1046,-902,-558,-75,438,869,1129,1148,913,470,-89,-634,-1051,-1262,-1190,-858,-331,285,849,1230,1347,1171,733,125,-525,-1061,-1370,-1385,-1093,-552,111,755,1240,1448,1336,929,319,-361,-961,-1349,-1426,-1192,-694,-40,609,1111,1356,1299,948,388,-246,-815,-1189,-1285,-1080,-629,-44,538,982,1191,1118,783,271,-301,-791,-1085,-1119,-876,-424,122,636,992,1108,950,563,48,-493,-922,-1126,-1056,-736,-234,333,819,1120,1161,916,458,-109,-663,-1066,-1221,-1091,-705,-151,444,933,0,1214,918,414,-201,-768,-1146,-1262,-1080,-646,-50,561,1036,1270,1207,849,294,-333,-890,-1241,-1296,-1049,-549,94,710,1159,1358,1230,799,187,-471,-1024,-1342,-1351,-1042,-492,170,802,1248,1399,1217,753,121,-532,-1061,-1340,-1298,-952,-388,254,830,1211,1297,1068,596,-7,-603,-1051,-1236,-1128,-740,-180,408,896,1162,1136,848,355,-224,-739,-1066,-1133,-928,-502,41,567,949,1095,977,626,123,-402,-816,-1023,-990,-719,-278,224,662,927,970,771,386,-84,-528,-826,-911,-770,-439,-2,431,747,867,765,473,58,-374,-711,-867,-805,-531,-120,329,702,908,886,640,232,-253,-684,-952,-987,-781,-381,130,617,0,0
61305,mtk,MTK 7916,861287210,rx2-tx1,512,0,0,0,468,-79,-616,-1022,-1196,-1081,-710,-177,398,887,1169,1194,932,456,-122,-672,-1062,-1208,-1078,-688,-144,422,889,1147,1128,850,378,-175,-682,-1018,-1117,-943,-550,-41,478,870,1043,957,641,175,-329,-751,-980,-960,-701,-270,231,676,951,998,788,380,-120,-604,-940,-1044,-893,-516,-21,490,897,1081,1001,677,184,-355,-814,-1080,-1084,-821,-351,205,713,1054,1145,952,522,-42,-600,-1027,-1220,-1114,-735,-176,435,960,1262,1275,990,465,-177,-790,-1228,-1383,-1229,-796,-166,494,1042,1359,1368,1072,530,-138,-766,-1216,-1391,-1259,-841,-231,423,970,1299,1332,1058,558,-52,-642,-1076,-1260,-1157,-794,-263,308,788,0,1112,897,483,-25,-515,-865,-993,-884,-572,-127,329,691,873,843,606,219,-216,-582,-800,-827,-644,-295,119,504,760,826,679,365,-45,-451,-750,-863,-762,-469,-50,399,763,948,908,641,200,-302,-751,-1050,-1106,-906,-491,61,618,1047,1247,1166,834,308,-298,-863,-1254,-1360,-1166,-713,-92,547,1072,1374,1378,1076,534,-114,-749,-1228,-1441,-1344,-967,-375,293,902,1318,1448,1275,849,255,-386,-931,-1272,-1343,-1146,-721,-169,403,868,1131,1154,949,560,73,-405,-774,-971,-956,-754,-406,12,397,672,805,771,585,296,-43,-353,-574,-681,-657,-510,-285,-29,221,418,522,537,464,331,176,24,-110,0,0,0,0,0,-448,-476,-428,-302,-116,105,332,523,630,641,538,322,39,-249,-497,-656,-686,-577,-356,-57,260,524,680,694,564,303,-34,-361,-612,-732,-694,-502,-190,179,509,733,800,680,405,31,-361,-680,-847,-828,-626,-276,143,540,824,928,825,529,104,-351,-729,-943,-955,-745,-363,107,557,883,1016,922,623,179,-321,-745,-990,-1022,-820,-430,57,530,886,1037,960,659,206,-286,-714,-976,-1010,-816,-434,45,514,862,1009,919,618,177,-306,-723,-973,-990,-778,-386,90,540,869,1000,908,601,147,-322,-715,-949,-960,-751,-375,85,527,837,945,831,533,111,-328,-688,-882,-871,-655,-286,147,0,812,874,736,433,37,-377,-694,-835,-776,-533,-174,223,559,751,757,582,263,-125,-478,-695,-737,-604,-315,63,426,681,768,659,378,-6,-401,-706,-843,-781,-524,-141,289,664,886,891,686,306,-145,-562,-855,-949,-807,-474,-34,422,788,956,883,602,178,-297,-704,-941,-953,-721,-308,180,627,928,1002,837,464,-31,-527,-901,-1059,-963,-636,-152,381,832,1088,1087,819,351,-200,-709,-1055,-1162,-1002,-597,-35,530,972,1207,1162,839,320,-274,-800,-1137,-1215,-1012,-576,-15,551,987,1181,1102,768,252,-321,-802,-1091,-1122,-882,-437,100,613,979,1113,981,605,86,-446,-871,-1090,-1047,-753,-278,0,0,0,0,0,1058,1164,993,588,49,-520,-973,-1192,-1139,-833,-330,259,790,1137,1216,1016,576,7,-546,-976,-1182,-1110,-787,-282,293,790,1095,1134,906,472,-65,-576,-953,-1088,-958,-608,-119,398,814,1015,959,678,237,-272,-714,-963,-976,-746,-323,180,636,944,1013,835,449,-60,-553,-910,-1054,-940,-596,-101,428,857,1079,1033,733,264,-270,-757,-1068,-1109,-877,-427,124,652,1037,1178,1027,620,57,-531,-1002,-1245,-1193,-854,-309,320,882,1252,1340,1116,632,-8,-647,-1145,-1396,-1323,-940,-351,323,922,1303,1392,1170,685,43,-610,-1111,-1357,-1299,-959,-406,234,819,1204,1311,1128,703,127,-472,-947,-1178,-1145,-865,0,156,649,967,1054,892,523,54,-407,-772,-936,-862,-588,-176,268,631,834,831,618,253,-170,-540,-785,-832,-664,-326,86,476,748,834,714,405,-11,-428,-756,-896,-816,-537,-111,364,768,999,1001,764,333,-198,-708,-1065,-1188,-1049,-663,-116,477,974,1263,1284,1018,516,-114,-731,-1188,-1384,-1279,-897,-314,350,940,1325,1424,1223,761,120,-540,-1081,-1400,-1423,-1142,-626,19,658,1146,1386,1344,1028,500,-104,-665,-1076,-1263,-1188,-877,-397,143,632,965,1082,979,681,262,-190,-588,-839,-895,-772,-513,-161,212,523,706,741,637,419,124,-172,-421,-580,-629,-563,-409,-204,12,202,336,400,400,344,0,0,0,0,0,40,-133,-311,-472,-573,-593,-520,-355,-119,150,402,591,676,637,474,215,-87,-377,-600,-700,-656,-473,-186,141,444,653,727,641,409,80,-266,-563,-743,-756,-596,-292,75,439,710,817,751,520,153,-263,-628,-852,-890,-728,-400,21,451,781,943,894,641,239,-224,-645,-929,-996,-842,-500,-32,454,831,1024,992,739,306,-196,-647,-949,-1048,-905,-560,-83,408,803,1018,999,740,323,-156,-608,-923,-1017,-867,-522,-59,410,796,998,956,692,279,-209,-649,-933,-1005,-848,-497,-36,436,804,985,944,683,264,-205,-617,-891,-964,-810,-458,-10,427,765,922,856,594,199,-243,-623,-851,-877,0,-358,59,456,748,863,769,495,100,-296,-616,-798,-774,-562,-224,170,505,714,745,587,282,-90,-446,-692,-753,-618,-330,44,412,694,816,727,452,57,-356,-681,-855,-834,-605,-216,229,620,871,926,758,398,-63,-508,-833,-956,-848,-538,-94,368,741,940,910,660,245,-239,-668,-941,-980,-779,-388,110,582,913,1032,900,548,54,-464,-873,-1077,-1031,-734,-250,296,779,1088,1140,917,477,-85,-631,-1032,-1201,-1087,-714,-185,397,895,1180,1196,931,446,-132,-674,-1068,-1212,-1067,-681,-140,429,887,1131,1116,836,352,-204,-703,-1040,-1123,-934,-530,4,526,920,1100,1010,672,178,-362,-817,-1078,0,0
61306,mtk,MTK 7916,861335167,rx0-tx0,512,-330,-819,-736,664,456,211,-56,-308,-535,-732,-861,-917,-900,-816,-675,-484,-256,-1,253,476,665,806,897,907,848,725,547,325,73,-181,-423,-646,-813,-917,-956,-915,-811,-627,-389,-127,143,402,635,831,958,1003,952,829,651,415,153,-128,-406,-639,-832,-951,-992,-958,-851,-672,-450,-188,90,361,596,785,924,979,970,870,699,492,224,-42,-316,-564,-774,-910,-978,-972,-874,-709,-491,-229,55,322,573,763,899,952,921,823,660,449,201,-60,-305,-527,-698,-808,-851,-833,-747,-600,-408,-191,32,252,458,607,711,767,748,676,559,402,211,9,-188,-366,-517,-612,-671,-681,-648,-563,-426,-263,-26,102,288,443,575,648,673,658,584,461,312,129,-64,-250,-422,-562,-656,-697,-693,-624,-503,-351,-150,61,253,437,593,692,733,714,647,516,345,140,-79,-283,-474,-618,-707,-748,-730,-639,-512,-327,-116,112,319,505,666,760,791,752,648,497,286,43,-183,-421,-612,-737,-812,-817,-742,-581,-373,-137,125,363,568,712,784,768,683,550,355,127,-110,-319,-493,-593,-649,-624,-545,-431,-268,-104,63,214,327,398,424,416,383,305,208,118,15,-79,-158,-217,-259,-281,-272,-237,-192,-139,-75,-16,50,113,161,195,214,211,191,148,91,23,-46,-115,-162,-188,-187,-157,-99,-31,-767,-835,510,-456,-693,112,54,-27,-118,-188,-251,-274,-261,-219,-140,-47,59,153,240,306,343,347,318,269,186,81,-35,-153,-277,-367,-430,-472,-475,-431,-334,-218,-59,138,314,483,610,693,710,653,532,352,125,-128,-383,-603,-791,-903,-939,-879,-724,-497,-209,103,430,720,949,1093,1125,1050,896,641,307,-49,-416,-747,-995,-1168,-1234,-1177,-1016,-750,-424,-59,318,655,947,1153,1246,1218,1083,873,567,213,-142,-486,-791,-1022,-1163,-1198,-1147,-977,-731,-437,-95,253,568,838,1039,1142,1152,1074,895,637,330,2,-316,-613,-861,-1044,-1126,-1115,-1012,-836,-576,-267,48,361,645,871,1024,1093,1064,953,753,502,301,-84,-364,-625,-834,-976,-1040,-1016,-932,-759,-533,-262,28,318,584,807,970,1062,1069,982,825,598,311,5,-304,-593,-838,-1015,-1106,-1114,-1022,-855,-618,-342,-35,283,584,831,1008,1117,1134,1064,905,679,407,91,-230,-541,-829,-1028,-1160,-1205,-1140,-987,-754,-457,-125,228,552,844,1078,1223,1267,1198,1034,796,487,121,-251,-600,-894,-1110,-1244,-1274,-1194,-1014,-747,-414,-64,302,622,887,1085,1183,1190,1098,927,672,373,41,-286,-578,-827,-998,-1091,-1104,-1022,-852,-640,-378,-77,223,487,726,904,996,1021,966,833,636,396,125,-156,-420,-645,-825,-935,-973,-934,-823,-648,-421,-158,110,366,592,338,66,-82,246,442,-646,-815,-912,-934,-874,-758,-577,-342,-91,169,410,614,770,871,905,867,763,608,403,165,-94,-337,-554,-733,-858,-926,-919,-841,-694,-485,-247,21,283,523,737,887,969,968,891,743,542,286,4,-279,-534,-753,-910,-987,-999,-920,-775,-569,-305,-26,255,515,732,885,978,986,920,779,589,346,75,-200,-466,-682,-851,-960,-979,-934,-811,-626,-379,-113,172,442,664,835,949,974,925,792,590,351,74,-190,-438,-653,-807,-890,-896,-835,-712,-532,-306,-67,173,390,573,708,788,803,759,644,484,302,93,-130,-321,-490,-621,-705,-727,-694,-612,-479,-317,-140,48,229,398,532,623,628,668,607,506,367,193,15,-174,-352,-495,-601,-674,-685,-647,-552,-410,-234,-46,153,346,504,625,706,713,667,575,421,237,34,-167,-361,-531,-656,-737,-744,-692,-583,-418,-228,-27,195,390,560,690,760,763,698,589,419,205,-21,-246,-451,-626,-763,-804,-784,-710,-542,-340,-104,145,387,590,728,815,814,731,581,370,133,-119,-339,-532,-673,-735,-719,-641,-492,-310,-115,94,264,411,506,539,531,467,361,231,99,-24,-146,-247,-305,-331,-340,-316,-269,-209,-140,-57,27,98,155,202,222,226,220,194,149,94,26,-32,-98,-150,-192,-207,-203,-170,-115,-48,24,90,134,146,-350,-158,-82,-999,-860,-149,-202,-230,-208,-159,-86,15,105,197,266,303,309,278,227,147,48,-59,-163,-255,-332,-381,-399,-394,-342,-245,-131,3,151,298,423,516,588,590,535,435,276,88,-136,-353,-546,-705,-801,-827,-763,-625,-428,-171,109,402,664,876,1004,1043,982,817,573,255,-96,-431,-732,-989,-1141,-1192,-1138,-954,-687,-364,5,372,716,997,1167,1235,1191,1043,819,500,138,-244,-581,-874,-1098,-1203,-1209,-1120,-929,-652,-317,27,371,692,938,1110,1186,1148,1020,820,540,217,-117,-443,-739,-965,-1105,-1146,-1093,-953,-745,-460,-140,186,491,752,963,1078,1111,1048,898,671,398,85,-236,-528,-775,-948,-176,-1065,-994,-853,-635,-375,-75,208,478,716,893,1008,1041,997,878,687,443,159,-143,-443,-697,-919,-1052,-1100,-1061,-938,-743,-477,-170,150,458,722,936,1071,1131,1093,967,761,508,215,-111,-421,-707,-924,-1079,-1157,-1144,-1047,-855,-585,-285,53,388,692,948,1125,1215,1206,1098,916,640,307,-55,-416,-733,-998,-1197,-1292,-1265,-1141,-918,-627,-280,89,452,769,1030,1190,1256,1217,1064,844,552,218,-127,-455,-743,-961,-1102,-1157,-1110,-982,-777,-511,-214,96,403,659,851,998,1055,1019,916,750,508,234,-51,-330,-581,-777,-916,-988,-978,-887,-731,-525,-276,-9,267,509,717,866,947,946,871,730,-1046,-1100
61307,mtk,MTK 7916,861335167,rx0-tx1,512,-686,353,145,29,-165,-347,-493,-600,-653,-653,-590,-492,-356,-186,-8,161,318,448,537,589,584,539,458,339,201,54,-94,-239,-357,-444,-506,-532,-519,-467,-393,-292,-157,-17,124,259,376,468,532,556,548,485,390,270,119,-36,-197,-348,-484,-582,-637,-636,-596,-499,-358,-197,-6,189,370,526,642,710,719,664,553,397,212,-2,-215,-408,-559,-676,-739,-739,-677,-561,-394,-191,19,225,417,572,679,726,722,655,529,374,191,-12,-216,-397,-547,-647,-696,-692,-627,-514,-362,-182,12,194,367,507,617,665,661,616,507,355,189,4,-180,-348,-492,-589,-646,-645,-599,-505,-357,-187,-3,171,-38,483,583,634,638,578,480,342,174,-5,-185,-345,-487,-580,-633,-630,-576,-470,-327,-157,23,207,368,500,592,639,623,553,440,290,117,-67,-242,-399,-513,-592,-621,-587,-506,-384,-243,-66,107,259,400,503,557,567,539,459,344,202,44,-115,-257,-379,-475,-527,-534,-495,-417,-303,-179,-34,117,254,372,470,517,522,482,404,293,149,-2,-163,-306,-415,-493,-520,-506,-439,-341,-212,-54,98,246,362,440,482,472,418,325,204,64,-81,-203,-305,-384,-414,-417,-374,-282,-172,-52,78,194,285,345,370,355,297,202,91,-31,-148,-241,-302,-314,-285,-208,-108,-1,108,178,200,773,676,0,701,504,-149,-177,-171,-131,-62,20,99,166,220,239,218,183,119,42,-33,-111,-176,-227,-250,-243,-215,-166,-96,-24,61,133,187,228,242,233,201,153,91,22,-48,-104,-151,-176,-189,-192,-177,-144,-110,-74,-33,4,37,78,116,144,175,183,183,176,148,111,66,5,-63,-124,-176,-222,-241,-247,-234,-182,-135,-70,-1,83,151,198,240,259,254,241,198,149,77,22,-50,-125,-181,-235,-261,-279,-280,-247,-202,-143,-66,27,109,189,258,309,337,334,304,253,171,75,-29,-131,-227,-307,-361,-382,-377,-342,-277,-185,-79,30,151,254,333,392,414,411,369,294,202,82,-37,-48,-266,-358,-420,-454,-456,-415,-339,-235,-109,20,161,284,397,472,511,517,468,383,261,121,-31,-194,-333,-445,-527,-561,-548,-490,-390,-262,-113,47,200,342,454,532,569,567,519,425,299,153,-10,-168,-321,-455,-546,-613,-617,-572,-487,-372,-215,-38,142,318,473,576,646,673,641,563,431,264,72,-128,-320,-501,-631,-715,-741,-705,-614,-471,-285,-67,154,361,547,683,755,771,721,616,453,254,38,-186,-392,-569,-687,-745,-745,-691,-576,-413,-224,-21,184,372,530,647,711,716,665,560,409,237,31,-167,-351,-520,-632,-697,-700,-650,-546,-400,-230,-33,165,351,507,619,681,180,515,9,-780,-850,-673,-654,-574,-450,-291,-111,78,257,406,532,604,626,594,523,406,262,105,-62,-208,-347,-453,-520,-551,-543,-497,-404,-300,-174,-34,111,242,352,452,513,533,520,470,386,276,141,-6,-156,-303,-414,-512,-577,-596,-570,-501,-396,-253,-82,97,269,434,560,650,691,668,589,464,298,106,-100,-304,-483,-615,-707,-739,-714,-622,-485,-307,-102,112,315,498,642,723,742,709,615,468,285,84,-118,-323,-487,-613,-691,-720,-682,-593,-454,-275,-86,107,298,457,586,662,682,651,575,447,286,92,-85,-269,-438,-556,-631,-664,-638,-563,-438,-279,-100,85,256,419,544,623,647,619,634,427,266,95,-93,-271,-421,-542,-614,-638,-608,-537,-416,-259,-85,97,272,434,551,620,640,606,517,387,230,50,-139,-311,-455,-562,-624,-630,-580,-479,-341,-181,3,179,330,454,545,598,579,528,431,294,137,-23,-188,-334,-449,-525,-559,-542,-480,-385,-256,-108,47,193,327,422,482,520,505,453,364,242,97,-49,-197,-325,-434,-505,-528,-511,-436,-326,-187,-29,123,270,384,473,510,496,441,338,213,63,-93,-230,-339,-409,-449,-442,-390,-310,-193,-62,62,193,296,361,397,391,339,255,148,29,-97,-209,-294,-336,-346,-305,-229,-121,-3,110,206,255,266,226,138,52,-321,-506,0,196,529,-55,8,84,154,201,216,198,155,89,-1,-84,-151,-211,-235,-236,-216,-171,-107,-28,53,126,187,229,249,249,208,161,94,18,-57,-126,-176,-210,-224,-214,-187,-148,-99,-49,6,64,105,132,152,163,165,159,149,120,92,59,10,-31,-86,-134,-167,-195,-219,-223,-201,-164,-105,-37,30,115,175,218,252,267,259,215,168,110,32,-37,-107,-167,-220,-246,-251,-261,-231,-197,-139,-71,-10,68,141,204,262,304,311,297,261,206,126,32,-70,-163,-247,-314,-356,-366,-351,-297,-221,-124,-20,84,187,278,350,386,401,385,323,243,139,24,-93,-213,-304,-378,-426,-435,-1135,-359,-274,-160,-41,93,221,329,416,465,484,468,406,317,185,50,-101,-247,-372,-466,-524,-546,-518,-439,-334,-197,-39,125,276,404,496,555,564,531,454,339,199,43,-114,-267,-400,-500,-570,-588,-567,-505,-398,-263,-105,71,233,381,505,601,636,629,571,464,315,154,-33,-218,-393,-540,-644,-696,-690,-638,-534,-373,-187,24,233,424,589,707,763,745,677,549,373,164,-59,-276,-475,-633,-733,-773,-752,-664,-523,-333,-128,87,295,483,619,700,728,697,616,490,323,129,-78,-276,-451,-584,-670,-711,-677,-611,-483,-318,-131,70,257,434,567,661,698,673,596,469,307,120,-706,-519
61308,mtk,MTK 7916,861335167,rx1-tx0,512,0,355,149,-543,-620,-651,-627,-552,-435,-286,-112,73,267,442,591,689,741,738,678,546,371,181,-52,-287,-505,-684,-812,-883,-882,-796,-645,-436,-182,83,356,610,812,945,1001,974,857,671,417,129,-181,-470,-723,-919,-1037,-1070,-1008,-854,-626,-351,-48,263,547,784,949,1037,1053,960,790,562,299,5,-285,-545,-764,-915,-992,-979,-907,-760,-551,-304,-21,258,511,732,881,952,955,886,726,528,287,22,-246,-500,-694,-832,-913,-916,-834,-699,-504,-263,-10,241,469,659,794,862,856,777,642,460,230,-14,-235,-452,-626,-743,-795,-770,-699,-566,-393,-186,39,234,409,548,648,681,661,599,-277,343,172,-4,-172,-319,-442,-526,-567,-570,-530,-458,-343,-215,-70,88,224,351,455,514,541,534,480,395,282,143,1,-153,-296,-414,-500,-549,-565,-533,-461,-362,-223,-70,88,246,385,502,584,625,623,565,463,332,149,-54,-249,-429,-587,-700,-753,-740,-673,-536,-354,-132,115,355,570,738,850,877,817,693,499,239,-36,-305,-556,-754,-874,-931,-869,-729,-530,-272,5,261,499,693,806,837,791,668,496,280,35,-201,-409,-572,-671,-708,-674,-580,-444,-259,-62,138,319,463,555,594,567,487,365,213,40,-132,-284,-407,-476,-489,-449,-358,-218,-55,113,248,337,365,325,236,288,436,0,-652,-655,-53,-42,-17,10,42,74,91,105,102,85,68,37,-5,-43,-85,-115,-133,-138,-134,-114,-86,-45,4,58,98,136,167,180,180,153,133,94,43,-20,-76,-133,-186,-223,-252,-250,-209,-177,-127,-47,40,123,200,272,312,339,333,292,224,127,9,-116,-233,-340,-409,-453,-457,-405,-313,-190,-40,118,267,389,476,522,515,458,364,226,67,-87,-243,-376,-463,-502,-518,-473,-381,-266,-121,32,179,291,393,453,470,454,385,288,178,55,-72,-187,-286,-347,-377,-385,-355,-308,-240,-164,-70,17,107,183,241,292,335,349,337,305,250,181,93,-8,-124,-226,-321,-389,-436,489,-415,-361,-260,-136,-3,149,274,382,462,517,516,472,384,264,120,-37,-187,-334,-454,-539,-582,-575,-504,-398,-281,-120,50,211,369,489,572,603,597,541,418,272,108,-65,-233,-387,-502,-588,-618,-598,-535,-431,-302,-138,31,207,356,481,569,616,624,564,473,353,199,26,-140,-303,-448,-558,-631,-660,-639,-562,-444,-287,-106,95,294,474,621,723,755,737,648,498,309,88,-148,-371,-555,-698,-779,-790,-720,-603,-427,-225,-7,214,415,559,655,700,693,622,510,354,179,-2,-184,-336,-462,-556,-598,-600,-568,-492,-376,-235,-79,67,223,367,478,556,591,589,532,440,326,199,-150,0,310,453,-309,-156,19,191,359,499,612,670,686,647,560,419,246,46,-158,-364,-552,-689,-788,-829,-787,-682,-515,-309,-66,194,447,660,829,924,941,893,756,553,296,15,-278,-544,-780,-943,-1034,-1033,-944,-775,-535,-245,62,377,658,881,1020,1074,1033,907,710,454,173,-138,-443,-689,-869,-985,-1026,-976,-854,-665,-426,-146,134,398,638,819,944,988,947,839,659,415,149,-122,-390,-619,-788,-907,-947,-917,-799,-614,-398,-152,115,364,579,758,860,891,851,746,581,374,132,-116,-355,-556,-720,-822,-830,-789,-687,-520,-318,-84,136,344,523,650,727,733,681,585,440,261,63,-118,-291,315,-554,-618,-624,-586,-513,-402,-261,-106,51,198,336,447,513,555,545,498,421,309,176,42,-111,-259,-375,-469,-521,-547,-536,-478,-381,-260,-116,41,205,332,446,529,571,584,544,462,340,195,31,-143,-320,-461,-581,-667,-682,-648,-571,-434,-259,-41,173,388,578,717,806,821,759,636,442,205,-73,-331,-563,-763,-883,-913,-862,-729,-515,-264,18,307,546,738,867,895,841,714,516,274,18,-244,-467,-632,-738,-773,-739,-638,-476,-271,-55,161,345,503,606,646,627,542,406,245,58,-126,-286,-416,-506,-542,-517,-438,-314,-153,15,177,316,413,449,423,331,203,47,-97,-201,-368,-166,0,177,-185,44,62,78,83,82,63,33,3,-37,-66,-92,-119,-126,-123,-106,-71,-34,7,55,93,128,155,166,156,134,106,65,17,-43,-89,-127,-166,-193,-205,-195,-173,-128,-72,-9,71,133,180,240,279,287,269,232,171,85,-4,-112,-211,-304,-373,-411,-404,-360,-278,-165,-40,112,256,373,453,493,485,430,338,206,52,-113,-259,-384,-474,-514,-510,-467,-370,-228,-89,63,218,334,428,488,509,465,389,283,144,11,-128,-255,-342,-404,-434,-426,-382,-302,-205,-107,5,112,199,260,311,337,345,326,278,223,159,84,-2,-90,-181,-261,-322,-366,-386,-376,-337,-268,-171,-59,-571,177,302,408,466,496,485,419,327,206,63,-94,-242,-375,-474,-536,-550,-520,-452,-342,-203,-43,135,296,417,516,584,584,554,478,350,194,26,-131,-303,-446,-546,-602,-614,-574,-484,-360,-204,-27,142,301,434,538,605,616,581,497,388,245,87,-95,-258,-390,-507,-598,-633,-616,-561,-459,-323,-158,18,198,367,514,628,693,705,657,552,400,208,-6,-220,-432,-599,-717,-786,-778,-703,-564,-382,-157,83,306,498,649,732,757,720,620,471,290,95,-107,-293,-449,-573,-641,-662,-623,-536,-428,-283,-122,39,200,350,468,551,585,585,548,465,347,209,60,-103,-264,-395,-506,642,653
61309,mtk,MTK 7916,861335167,rx1-tx1,512,0,0,0,753,663,415,67,-311,-621,-777,-753,-551,-208,184,530,746,781,631,339,-35,-395,-647,-741,-657,-415,-71,282,557,683,629,425,114,-220,-498,-645,-624,-442,-146,187,470,630,627,458,181,-146,-436,-626,-653,-499,-227,101,415,630,683,561,296,-44,-377,-620,-709,-624,-383,-44,302,575,708,667,459,143,-205,-509,-682,-679,-512,-217,129,434,623,663,540,267,-71,-388,-600,-664,-560,-307,16,336,578,684,607,374,58,-279,-541,-682,-665,-475,-160,178,474,659,684,546,273,-59,-359,-583,-666,-576,-360,-66,244,494,622,602,434,159,-139,-390,-548,-574,-462,-244,29,278,451,0,431,258,31,-187,-343,-400,-352,-208,-13,180,311,355,297,159,-18,-201,-342,-385,-313,-153,56,264,404,455,388,208,-33,-279,-455,-532,-490,-315,-56,227,474,607,595,445,173,-146,-430,-631,-687,-572,-327,-1,344,609,728,679,469,142,-223,-536,-721,-743,-594,-299,62,417,686,804,734,492,124,-269,-598,-796,-814,-645,-334,42,422,709,834,762,525,183,-195,-529,-750,-806,-683,-407,-52,294,565,719,712,548,271,-58,-360,-571,-656,-599,-414,-145,143,380,529,564,474,291,58,-185,-375,-474,-474,-382,-216,-14,179,323,401,405,334,209,61,-86,-206,-280,-296,-269,-205,0,0,0,0,0,337,311,215,59,-135,-337,-502,-597,-595,-483,-274,2,288,533,694,733,616,370,46,-296,-598,-781,-805,-658,-368,6,384,688,841,818,611,262,-148,-531,-804,-889,-769,-473,-71,351,713,915,896,673,289,-177,-612,-910,-995,-852,-512,-47,444,840,1045,1011,741,288,-236,-706,-1015,-1088,-907,-518,-7,513,916,1100,1026,706,224,-309,-774,-1051,-1076,-846,-419,111,609,961,1089,940,560,51,-470,-883,-1077,-1012,-702,-207,346,802,1078,1099,841,369,-191,-719,-1090,-1204,-1026,-593,-5,581,1041,1269,1198,838,281,-355,-917,-1269,-1328,-1078,-577,65,688,1149,1355,1249,842,236,-406,-951,-1282,0,-1009,-493,140,739,1155,1291,1114,660,61,-539,-1011,-1249,-1172,-805,-248,373,908,1218,1226,940,429,-200,-787,-1171,-1277,-1075,-612,-1,611,1084,1295,1194,809,226,-407,-939,-1248,-1259,-971,-450,172,752,1133,1238,1049,606,26,-541,-976,-1167,-1062,-702,-185,382,839,1069,1037,739,247,-289,-751,-1023,-1032,-775,-317,215,703,1020,1077,855,429,-99,-616,-999,-1135,-984,-593,-69,476,916,1130,1073,767,281,-273,-764,-1061,-1102,-885,-461,58,550,904,1037,924,597,139,-342,-717,-897,-869,-641,-256,180,546,760,777,601,283,-98,-449,-662,-694,-554,-273,82,405,617,671,549,279,-63,-389,-618,-685,0,0,0,0,0,-5,365,655,787,724,487,131,-258,-589,-777,-783,-609,-286,106,459,694,766,652,379,21,-336,-601,-707,-644,-420,-98,250,529,663,626,430,129,-198,-468,-626,-629,-458,-163,157,442,618,635,489,205,-133,-435,-627,-658,-527,-262,76,401,624,697,599,343,0,-338,-595,-717,-656,-430,-97,257,544,695,672,488,188,-166,-466,-644,-668,-521,-252,86,406,609,652,539,286,-46,-353,-581,-662,-580,-343,-20,308,568,680,626,429,115,-227,-507,-669,-670,-506,-224,111,410,619,685,571,321,7,-315,-555,-646,-591,-404,-121,188,439,590,589,447,214,-69,-325,-492,-535,-447,-257,0,219,382,444,391,242,42,-166,-317,-375,-326,-184,2,188,324,362,305,154,-55,-252,-383,-413,-337,-168,55,277,439,497,440,261,-1,-268,-479,-581,-542,-366,-101,199,468,634,649,510,254,-71,-393,-617,-704,-630,-394,-65,270,563,723,707,524,215,-141,-477,-714,-778,-660,-394,-25,364,663,807,775,564,222,-167,-524,-777,-847,-724,-444,-71,322,642,812,802,624,307,-72,-427,-674,-778,-717,-493,-167,172,467,651,690,581,352,55,-244,-482,-603,-588,-454,-227,40,281,448,514,476,341,138,-85,-281,-410,-451,-405,-284,-114,64,221,325,365,347,274,163,48,-53,-134,0,0,0,0,0,129,271,393,477,497,432,284,69,-181,-420,-602,-679,-635,-467,-196,128,439,678,786,737,531,210,-162,-507,-750,-834,-747,-503,-136,277,617,819,857,707,377,-42,-446,-751,-902,-840,-574,-176,272,666,918,955,763,393,-80,-544,-886,-1035,-941,-629,-171,338,779,1043,1064,831,407,-103,-606,-968,-1100,-973,-621,-122,409,843,1080,1059,787,325,-211,-693,-1009,-1074,-887,-500,21,542,927,1088,984,635,124,-421,-862,-1094,-1065,-775,-288,276,773,1096,1153,929,481,-89,-657,-1070,-1228,-1101,-707,-137,478,992,1286,1267,952,417,-220,-807,-1221,-1360,-1175,-714,-99,544,1060,1328,1280,935,376,0,-847,-1215,-1291,-1062,-587,30,635,1090,1273,1138,728,150,-460,-971,-1234,-1187,-860,-318,304,846,1194,1254,1009,521,-98,-699,-1142,-1298,-1141,-723,-129,512,1020,1282,1235,896,338,-297,-860,-1207,-1259,-1014,-536,61,638,1060,1223,1072,670,116,-452,-894,-1115,-1054,-725,-215,339,793,1043,1017,738,279,-254,-723,-1005,-1046,-821,-383,162,675,1018,1109,932,527,-21,-562,-963,-1142,-1042,-685,-172,375,835,1094,1088,827,381,-154,-648,-987,-1086,-922,-546,-49,437,806,981,915,626,197,-257,-629,-840,-839,-625,-273,128,484,707,738,579,281,-78,-405,-632,-690,-555,-271,71,390,607,668,560,293,-55,0,0
61310,mtk,MTK 7916,861335167,rx2-tx0,512,0,0,0,1183,973,530,-52,-644,-1099,-1289,-1167,-765,-169,481,1024,1327,1314,977,407,-265,-880,-1286,-1384,-1146,-633,33,690,1179,1390,1255,813,174,-504,-1062,-1361,-1318,-959,-369,314,920,1291,1341,1059,519,-150,-773,-1203,-1345,-1146,-657,-15,627,1115,1329,1207,782,172,-475,-998,-1266,-1225,-884,-325,309,859,1186,1205,923,418,-190,-732,-1089,-1165,-942,-483,97,642,1010,1117,939,510,-47,-585,-972,-1108,-949,-537,9,550,956,1125,994,598,44,-524,-969,-1175,-1083,-711,-152,453,953,1221,1195,864,306,-325,-882,-1237,-1288,-1019,-503,149,775,1209,1350,1166,697,60,-599,-1118,-1365,-1281,-889,-275,407,989,1325,0,1045,484,-195,-826,-1256,-1379,-1165,-668,-12,659,1161,1381,1270,843,207,-484,-1067,-1390,-1370,-1027,-433,281,941,1371,1470,1217,670,-47,-753,-1285,-1516,-1390,-928,-244,502,1137,1505,1518,1171,542,-220,-931,-1417,-1568,-1358,-829,-89,668,1254,1554,1489,1065,399,-350,-1012,-1434,-1523,-1258,-697,30,742,1272,1501,1381,934,272,-442,-1047,-1406,-1438,-1139,-578,107,764,1237,1422,1289,864,248,-410,-965,-1292,-1327,-1068,-577,28,611,1042,1224,1136,807,315,-225,-706,-1009,-1078,-916,-565,-101,361,723,920,909,705,368,-30,-404,-680,-805,-758,-554,-260,66,366,584,678,635,486,276,38,-184,-345,-432,-440,-381,0,0,0,0,0,311,436,504,502,411,226,-30,-306,-546,-701,-736,-638,-406,-77,279,603,820,864,730,439,39,-386,-753,-958,-956,-749,-367,110,575,937,1091,1003,692,208,-343,-822,-1137,-1197,-987,-542,34,618,1069,1288,1215,866,304,-340,-908,-1278,-1363,-1134,-631,16,663,1176,1424,1339,945,325,-376,-981,-1364,-1443,-1184,-644,37,706,1203,1425,1306,892,278,-393,-964,-1308,-1332,-1037,-509,132,732,1145,1276,1095,655,70,-524,-982,-1192,-1103,-743,-214,363,844,1106,1091,802,312,-252,-754,-1065,-1098,-855,-398,161,684,1036,1132,948,517,-48,-600,-1013,-1184,-1060,-680,-125,465,950,1209,1170,847,319,-300,-853,0,-1247,-992,-499,123,719,1133,1272,1098,658,51,-577,-1063,-1285,-1195,-807,-222,424,974,1283,1274,958,400,-270,-875,-1263,-1354,-1111,-593,65,715,1206,1394,1240,786,140,-543,-1094,-1386,-1335,-964,-360,330,932,1299,1352,1072,535,-120,-742,-1178,-1319,-1133,-672,-50,571,1040,1243,1136,746,170,-444,-931,-1178,-1133,-794,-264,317,815,1107,1111,837,359,-207,-719,-1040,-1095,-875,-441,98,611,962,1063,900,515,6,-497,-862,-1002,-884,-545,-77,401,763,924,847,550,110,-343,-694,-867,-812,-535,-119,323,680,855,805,538,123,-327,-704,-894,-846,-577,-156,323,725,946,935,677,231,-284,-735,-1015,-1039,0,0,0,0,0,141,700,1106,1244,1080,643,43,-579,-1075,-1320,-1245,-877,-296,373,956,1315,1358,1071,528,-147,-790,-1238,-1386,-1207,-736,-81,601,1130,1378,1293,890,271,-410,-994,-1335,-1339,-1011,-439,231,845,1252,1342,1106,596,-63,-705,-1168,-1341,-1185,-737,-99,553,1061,1304,1222,841,256,-388,-924,-1226,-1223,-913,-378,238,786,1135,1189,936,459,-127,-687,-1057,-1144,-931,-493,63,607,989,1099,930,524,-23,-566,-963,-1105,-958,-565,-20,537,963,1148,1035,649,95,-493,-963,-1199,-1141,-789,-230,395,926,1238,1251,944,401,-243,-842,-1237,-1325,-1098,-603,50,699,1178,1366,1230,799,175,-497,-1059,-1360,-1321,-964,-381,0,908,1297,1369,1107,581,-84,-740,-1216,-1385,-1216,-754,-108,570,1116,1385,1321,935,311,-395,-1005,-1379,-1422,-1123,-547,169,853,1336,1505,1315,803,98,-637,-1222,-1523,-1459,-1048,-389,369,1047,1469,1547,1269,686,-61,-787,-1340,-1577,-1432,-954,-252,508,1143,1509,1521,1175,563,-184,-883,-1372,-1536,-1337,-823,-127,582,1156,1459,1413,1040,430,-278,-913,-1327,-1436,-1220,-723,-64,595,1114,1373,1325,975,410,-227,-792,-1177,-1299,-1128,-709,-147,425,883,1137,1130,879,450,-61,-533,-869,-1009,-927,-648,-243,192,569,809,863,740,471,113,-245,-536,-709,-732,-619,-393,-112,170,403,543,580,522,389,218,48,-112,0,0,0,0,0,-283,-157,10,212,418,578,651,612,456,199,-114,-427,-677,-803,-771,-584,-263,130,512,799,925,855,603,209,-255,-676,-953,-1031,-881,-529,-47,461,890,1128,1114,844,372,-194,-726,-1111,-1252,-1108,-700,-126,489,1007,1298,1302,1005,474,-179,-800,-1240,-1406,-1245,-791,-156,522,1093,1412,1406,1069,486,-204,-844,-1296,-1445,-1265,-783,-122,551,1096,1373,1325,976,404,-255,-848,-1225,-1311,-1080,-595,23,624,1062,1229,1097,704,150,-431,-901,-1149,-1097,-765,-255,306,789,1075,1082,816,357,-201,-722,-1050,-1109,-897,-455,105,640,1019,1148,999,595,32,-545,-994,-1203,-1128,-774,-230,383,907,1205,1211,923,0,-214,-780,-1160,-1259,-1052,-578,37,643,1091,1274,1143,731,133,-502,-1015,-1279,-1236,-882,-303,357,930,1280,1317,1034,493,-174,-804,-1241,-1381,-1188,-700,-28,643,1159,1395,1292,881,250,-437,-1014,-1349,-1352,-1030,-458,221,837,1242,1339,1110,612,-30,-657,-1117,-1288,-1133,-705,-115,501,992,1220,1139,776,219,-380,-875,-1153,-1134,-826,-315,266,777,1078,1107,863,403,-155,-662,-1003,-1083,-886,-479,42,549,913,1036,895,533,46,-440,-811,-961,-862,-551,-101,364,724,896,830,543,118,-329,-684,-857,-802,-528,-116,330,693,872,819,552,133,-330,-712,-919,-892,-629,-189,308,736,982,984,737,288,-242,0,0
61311,mtk,MTK 7916,861335167,rx2-tx1,512,0,0,0,-775,-287,288,811,1136,1183,940,472,-108,-672,-1073,-1216,-1067,-662,-97,488,951,1181,1135,812,283,-302,-798,-1107,-1148,-897,-431,123,639,1002,1115,941,536,16,-508,-898,-1049,-929,-591,-104,409,813,1003,928,609,135,-368,-775,-990,-951,-652,-182,334,774,1009,983,719,264,-265,-735,-1026,-1055,-815,-370,177,691,1026,1101,900,464,-91,-623,-1013,-1139,-979,-582,-24,568,1008,1195,1093,718,143,-477,-985,-1267,-1240,-900,-335,318,902,1282,1365,1111,593,-71,-726,-1204,-1403,-1273,-838,-209,473,1039,1353,1344,1031,478,-186,-802,-1225,-1358,-1164,-696,-83,543,1034,1267,1209,871,328,-272,-787,-1107,-1161,0,-501,41,552,903,1028,892,540,80,-380,-747,-910,-835,-548,-135,298,652,836,801,558,170,-258,-617,-809,-790,-569,-195,239,607,808,800,589,219,-221,-613,-858,-895,-690,-295,187,639,957,1047,876,482,-42,-577,-998,-1195,-1111,-753,-202,402,933,1263,1301,1039,519,-123,-734,-1190,-1387,-1263,-849,-238,446,1026,1369,1410,1141,608,-65,-720,-1222,-1455,-1363,-969,-366,308,909,1302,1409,1217,773,175,-452,-963,-1253,-1269,-1010,-544,4,529,921,1092,1034,763,335,-148,-560,-834,-920,-811,-538,-162,227,545,737,767,633,381,63,-250,-491,-630,-644,-540,-350,-106,135,325,436,466,422,326,196,0,0,0,0,0,-445,-440,-353,-191,17,246,458,600,638,571,399,144,-155,-429,-617,-684,-613,-408,-117,202,482,660,697,573,314,-12,-337,-596,-720,-679,-478,-163,197,521,731,765,627,338,-47,-430,-718,-842,-770,-516,-139,287,656,877,887,695,337,-114,-545,-854,-966,-849,-522,-74,398,790,989,958,710,293,-201,-650,-950,-1032,-869,-497,1,490,859,1031,971,676,211,-304,-738,-991,-1008,-791,-389,113,585,914,1007,869,528,54,-437,-815,-988,-932,-655,-212,289,715,960,975,765,376,-108,-566,-880,-987,-855,-524,-76,391,764,950,900,634,215,-250,-640,-877,-904,-703,-330,114,529,805,886,0,425,6,-406,-716,-853,-775,-512,-129,286,622,791,761,537,184,-202,-534,-730,-732,-540,-205,179,508,712,727,546,219,-173,-527,-756,-788,-614,-274,137,532,802,874,723,382,-59,-489,-796,-914,-809,-500,-67,390,755,929,868,596,171,-304,-708,-931,-914,-664,-246,237,668,932,963,745,332,-167,-626,-939,-1020,-840,-438,84,588,945,1081,944,566,47,-493,-924,-1124,-1050,-713,-193,380,872,1153,1150,869,374,-212,-758,-1122,-1213,-1016,-570,14,590,1024,1209,1101,734,188,-401,-888,-1153,-1128,-833,-344,227,741,1065,1119,899,462,-89,-616,-992,-1121,-955,-555,-27,514,926,1111,1018,671,0,0,0,0,0,-852,-1134,-1136,-861,-374,214,751,1107,1203,1012,570,-10,-584,-1022,-1208,-1104,-734,-187,397,881,1154,1148,862,374,-203,-731,-1068,-1138,-932,-498,49,569,945,1080,940,571,59,-463,-852,-1009,-921,-596,-122,389,797,993,924,624,155,-358,-779,-1001,-966,-684,-228,302,753,1018,1026,770,311,-227,-715,-1026,-1077,-854,-414,135,655,1018,1121,934,511,-42,-586,-999,-1166,-1032,-635,-67,533,1009,1236,1161,797,232,-407,-956,-1281,-1302,-1008,-461,198,821,1258,1398,1202,718,67,-598,-1135,-1392,-1320,-955,-359,329,927,1300,1369,1112,600,-49,-678,-1138,-1326,-1201,-798,-221,399,907,1196,1196,907,422,-144,0,-1005,-1095,-926,-537,-32,451,813,965,870,553,108,-345,-698,-869,-815,-553,-148,284,633,819,789,548,175,-241,-598,-811,-801,-575,-202,230,611,833,842,632,243,-219,-638,-915,-970,-777,-380,130,628,982,1114,988,610,60,-520,-988,-1239,-1206,-892,-364,260,838,1236,1351,1155,687,55,-598,-1120,-1393,-1351,-987,-413,253,885,1312,1439,1258,798,148,-537,-1084,-1400,-1411,-1105,-576,69,691,1156,1356,1266,918,379,-226,-751,-1090,-1197,-1046,-681,-189,317,737,975,995,806,451,18,-392,-693,-840,-800,-595,-273,87,409,630,714,652,469,205,-84,-334,-505,-580,-550,-433,-256,-61,106,227,306,0,0,0,0,0,-34,-220,-387,-520,-583,-557,-429,-217,49,317,534,651,651,524,291,-3,-306,-557,-686,-664,-502,-232,96,407,631,715,632,405,77,-268,-556,-723,-727,-559,-253,125,478,721,808,712,428,33,-364,-684,-861,-838,-610,-232,206,605,869,934,780,434,-20,-470,-811,-974,-919,-638,-193,301,724,984,1004,788,395,-93,-576,-926,-1048,-926,-587,-106,403,808,1018,990,739,307,-201,-653,-948,-1015,-834,-457,33,510,855,999,901,589,123,-366,-761,-980,-968,-714,-293,194,642,936,995,816,449,-17,-482,-833,-981,-886,-580,-143,319,702,911,899,666,284,-165,-579,-848,-893,-724,-383,56,0,772,875,766,473,72,-341,-669,-826,-780,-539,-168,235,572,759,744,542,207,-183,-519,-710,-717,-537,-205,179,515,726,756,579,243,-166,-537,-774,-822,-658,-328,96,508,810,907,769,436,-5,-444,-778,-930,-854,-554,-111,352,729,930,893,631,207,-276,-690,-931,-939,-707,-291,209,654,934,985,783,378,-126,-613,-953,-1054,-893,-503,20,548,945,1109,999,637,105,-455,-904,-1144,-1108,-796,-283,312,827,1147,1193,944,469,-125,-688,-1080,-1222,-1074,-657,-89,491,949,1177,1124,797,279,-304,-809,-1114,-1132,-870,-405,157,678,1021,1108,927,509,-33,-559,-953,-1106,-976,-609,-84,465,889,0,0
61312,mtk,MTK 7916,861388723,rx0-tx0,512,-330,-819,-736,25,-236,-467,-665,-818,-906,-931,-885,-784,-629,-426,-201,36,276,494,674,805,890,912,865,776,617,422,200,-49,-289,-510,-696,-843,-921,-947,-908,-785,-613,-407,-160,104,358,594,780,912,986,982,915,772,575,341,66,-194,-441,-659,-830,-949,-990,-964,-865,-719,-513,-268,-11,237,478,694,854,952,985,940,843,680,460,212,-46,-299,-531,-740,-894,-973,-988,-918,-785,-598,-369,-102,161,406,628,795,899,937,901,806,660,460,222,-17,-249,-463,-629,-751,-819,-838,-786,-679,-530,-348,-141,68,269,444,587,681,744,736,681,589,457,290,109,-76,-261,-410,-538,-627,-679,-687,-26,-547,-423,-277,-109,77,252,413,540,638,683,687,647,550,412,244,63,-131,-316,-469,-600,-687,-736,-722,-650,-523,-360,-173,19,219,401,564,677,731,737,701,604,457,276,79,-128,-329,-504,-645,-741,-777,-756,-684,-547,-372,-169,54,270,467,639,746,810,814,737,593,404,183,-60,-297,-504,-673,-778,-820,-790,-690,-523,-318,-80,144,355,529,655,707,685,616,492,333,146,-29,-193,-327,-421,-478,-493,-459,-395,-303,-202,-89,25,119,201,259,290,306,298,258,216,158,90,20,-44,-101,-146,-189,-216,-220,-208,-190,-138,-85,-30,41,107,157,191,194,172,125,58,3,-767,-835,510,-456,-693,123,191,228,234,197,141,57,-40,-130,-212,-276,-307,-314,-289,-247,-173,-80,18,117,214,303,372,411,427,404,335,250,134,-11,-159,-304,-440,-544,-613,-639,-596,-510,-367,-180,36,271,488,668,812,875,866,781,641,414,145,-146,-434,-700,-911,-1047,-1093,-1050,-904,-676,-389,-75,264,612,881,1079,1200,1211,1124,933,669,345,-8,-351,-673,-951,-1134,-1234,-1233,-1119,-923,-664,-336,11,360,666,919,1103,1204,1201,1109,929,678,389,56,-268,-567,-827,-1027,-1133,-1157,-1102,-951,-739,-475,-167,149,452,718,926,1075,1127,1097,993,812,564,280,-18,-323,-603,-819,-976,-1078,-1092,-1005,-864,301,-398,-129,147,422,663,852,973,1040,1026,942,792,589,341,72,-205,-478,-709,-904,-1033,-1081,-1066,-964,-790,-547,-281,15,321,593,831,1004,1098,1116,1063,930,727,479,181,-117,-403,-668,-898,-1060,-1145,-1146,-1070,-926,-714,-441,-133,180,485,765,986,1142,1218,1216,1118,921,672,370,34,-324,-645,-910,-1125,-1261,-1297,-1230,-1080,-840,-539,-206,161,495,791,1038,1194,1266,1234,1103,906,645,333,16,-311,-610,-855,-1035,-1134,-1155,-1090,-947,-740,-489,-201,89,369,622,829,971,1047,1046,974,832,637,388,124,-142,-404,-625,-798,-929,-984,-979,-896,-751,-556,-311,-67,191,422,634,804,913,945,338,66,-82,246,442,-937,-912,-811,-662,-462,-230,16,262,483,678,816,894,915,873,770,611,423,200,-46,-278,-494,-682,-810,-892,-915,-873,-773,-621,-420,-179,63,327,557,735,874,955,970,910,789,605,381,122,-150,-405,-632,-807,-941,-1000,-978,-902,-744,-544,-295,-34,231,471,675,844,952,984,953,859,704,493,254,-12,-267,-508,-714,-873,-962,-989,-937,-828,-652,-426,-172,102,366,596,772,902,967,952,877,734,523,287,33,-217,-442,-641,-794,-880,-889,-843,-737,-583,-396,-185,44,267,447,606,716,774,770,716,621,484,320,129,-80,-260,-418,-556,-648,-694,-698,-651,-560,-438,-279,-106,79,628,403,528,620,671,679,636,551,422,263,82,-86,-268,-428,-563,-654,-704,-702,-639,-536,-396,-225,-33,168,358,520,647,723,744,710,626,497,314,116,-76,-266,-451,-604,-711,-759,-756,-688,-565,-408,-219,-17,183,383,564,699,778,793,742,648,493,293,79,-156,-385,-578,-722,-813,-834,-774,-658,-486,-267,-34,211,436,613,732,779,748,664,518,339,127,-78,-268,-423,-535,-590,-597,-549,-454,-323,-184,-36,99,218,309,363,388,372,336,283,206,130,47,-45,-117,-169,-211,-235,-243,-236,-207,-171,-127,-62,6,58,115,166,191,214,215,183,134,69,-6,-73,-132,-161,-156,-350,-158,-82,-999,-860,140,93,20,-68,-156,-223,-274,-281,-260,-213,-137,-50,50,140,227,299,340,355,347,311,244,151,46,-71,-202,-316,-406,-481,-515,-506,-458,-368,-238,-82,107,295,464,615,710,757,739,644,505,295,50,-213,-463,-696,-879,-977,-995,-923,-780,-551,-271,46,368,676,925,1091,1164,1154,1029,811,539,202,-151,-495,-802,-1043,-1202,-1244,-1184,-1035,-801,-501,-168,193,533,815,1037,1179,1224,1176,1031,810,526,193,-143,-467,-760,-987,-1141,-1195,-1154,-1038,-846,-577,-263,50,362,646,875,1050,1138,1132,1045,875,650,371,58,-243,-524,-772,-965,-1069,-1110,-1068,-930,-722,-476,-202,104,388,638,-176,976,1041,1046,970,820,612,366,93,-187,-450,-676,-858,-985,-1045,-1040,-953,-794,-583,-317,-39,247,529,777,965,1073,1118,1072,948,759,501,217,-79,-371,-646,-862,-1026,-1117,-1130,-1070,-934,-727,-457,-163,145,438,704,934,1100,1179,1178,1101,938,703,418,95,-232,-563,-839,-1052,-1198,-1266,-1233,-1097,-892,-624,-300,58,394,717,987,1170,1283,1285,1180,1006,746,440,105,-247,-567,-834,-1053,-1171,-1208,-1164,-1026,-824,-556,-257,56,359,633,850,1004,1090,1089,1024,882,678,428,160,-119,-384,-624,-821,-956,-1014,-1013,-935,-785,-591,-354,-91,165,421,635,816,928,966,949,853,714,518,281,30,-1046,-1100
61313,mtk,MTK 7916,861388723,rx0-tx1,512,-686,353,145,-453,-576,-648,-671,-645,-568,-457,-313,-142,37,204,350,472,558,599,596,555,476,367,238,97,-49,-190,-311,-416,-491,-525,-536,-508,-451,-368,-260,-138,-8,125,255,363,448,513,553,551,511,436,335,205,68,-87,-245,-385,-497,-592,-631,-639,-600,-514,-386,-234,-56,135,315,474,602,684,719,702,627,505,359,174,-24,-224,-410,-559,-666,-735,-743,-686,-592,-453,-272,-76,124,319,481,610,705,738,713,634,522,374,191,-1,-192,-362,-511,-621,-678,-692,-658,-575,-448,-299,-123,61,244,407,528,613,665,659,609,522,392,230,62,-115,-290,-437,-550,-622,-651,-631,-564,-456,-38,-150,23,188,347,478,576,632,636,597,514,391,240,66,-103,-274,-416,-532,-616,-633,-615,-560,-452,-315,-151,32,204,361,492,577,623,615,562,475,343,184,18,-147,-304,-426,-520,-584,-589,-558,-484,-366,-234,-81,75,228,354,455,518,543,535,485,391,275,148,7,-140,-269,-374,-453,-503,-521,-489,-430,-338,-215,-75,76,213,333,431,496,529,510,443,340,220,89,-59,-214,-340,-428,-479,-495,-462,-390,-293,-162,-34,105,229,321,395,424,422,381,308,208,86,-42,-153,-255,-329,-369,-377,-347,-276,-184,-73,44,154,246,309,328,305,239,141,30,-78,-161,-204,-205,773,676,0,701,504,84,25,-50,-126,-183,-217,-219,-191,-137,-70,9,87,155,207,237,243,224,184,128,56,-17,-89,-161,-205,-240,-250,-227,-191,-146,-82,-7,53,109,159,192,211,208,193,168,124,75,26,-13,-57,-90,-118,-142,-161,-169,-172,-169,-154,-123,-86,-42,7,63,115,164,203,228,240,229,200,159,93,26,-31,-95,-166,-214,-239,-254,-250,-222,-189,-147,-87,-14,50,106,159,217,251,265,274,258,219,178,116,44,-35,-120,-195,-257,-301,-338,-338,-314,-265,-196,-115,-17,85,186,268,330,376,384,374,330,268,176,67,-37,-139,-240,-320,-381,-415,-414,-390,-335,-255,-155,-48,82,196,295,378,438,460,460,421,351,248,133,6,-135,-266,-376,-457,-511,-532,-502,-442,-350,-218,-78,78,222,348,454,525,565,559,510,422,309,172,24,-130,-269,-389,-491,-558,-588,-567,-514,-420,-306,-173,-13,154,309,438,532,602,632,616,557,451,317,156,-21,-199,-356,-507,-620,-685,-702,-670,-583,-465,-304,-114,84,284,464,607,707,763,750,686,572,409,221,10,-207,-401,-565,-688,-761,-775,-717,-622,-473,-303,-108,108,306,473,604,687,730,720,649,537,387,209,22,-171,-348,-503,-622,-683,-711,-683,-601,-479,-322,-137,51,235,406,544,638,693,692,642,550,180,515,9,-780,-850,-514,-366,-198,-15,168,334,469,575,635,644,595,516,407,273,115,-50,-202,-341,-445,-520,-554,-554,-520,-456,-365,-236,-106,27,157,277,377,461,515,532,520,470,396,296,184,44,-101,-236,-359,-463,-538,-584,-594,-557,-475,-377,-234,-69,99,266,421,548,638,688,683,625,526,380,206,20,-176,-367,-520,-644,-719,-739,-708,-619,-486,-323,-132,77,275,443,595,695,740,735,673,555,411,233,32,-168,-345,-491,-615,-684,-711,-683,-609,-493,-332,-153,30,216,382,515,614,673,677,634,536,411,264,90,-95,-264,-413,-538,-617,-649,-647,-590,-488,-355,-195,-20,155,316,448,634,626,641,616,539,421,274,108,-67,-232,-382,-506,-594,-634,-628,-574,-478,-357,-196,-19,143,309,446,552,619,638,597,523,402,256,84,-96,-260,-407,-524,-591,-614,-593,-526,-419,-295,-135,35,186,334,447,525,567,567,521,437,325,185,43,-102,-251,-376,-463,-512,-531,-513,-454,-362,-243,-112,28,163,283,391,469,506,505,467,396,288,159,19,-126,-266,-377,-454,-498,-511,-475,-383,-264,-130,14,158,276,379,440,465,456,390,301,190,61,-65,-187,-290,-367,-407,-402,-362,-296,-200,-90,28,145,242,308,347,345,306,231,133,17,-95,-197,-260,-280,-256,-189,-99,-7,-321,-506,0,196,529,-138,-175,-183,-159,-107,-37,44,124,187,225,239,224,186,125,54,-27,-97,-162,-209,-241,-245,-232,-190,-134,-75,4,77,137,191,234,241,224,202,158,103,41,-20,-68,-119,-158,-177,-173,-168,-161,-140,-117,-87,-54,-15,22,66,107,139,166,185,199,202,183,154,106,49,-15,-81,-140,-191,-239,-248,-250,-238,-202,-144,-84,-26,46,111,166,215,250,261,250,229,204,159,96,34,-33,-111,-174,-228,-277,-301,-309,-292,-248,-188,-120,-34,63,148,230,296,341,365,360,323,262,184,91,-13,-113,-208,-288,-356,-388,-400,-383,-336,-258,-164,-53,60,168,269,352,408,-1135,433,401,338,255,139,23,-99,-222,-329,-416,-469,-498,-489,-437,-350,-240,-115,29,177,303,417,499,539,553,511,439,327,195,49,-104,-254,-377,-479,-543,-570,-558,-504,-422,-311,-167,-15,145,286,414,504,576,608,594,533,434,308,158,-8,-171,-329,-466,-576,-646,-671,-638,-573,-465,-315,-141,44,239,411,551,664,722,733,691,598,451,271,63,-147,-340,-518,-652,-737,-777,-749,-662,-530,-356,-161,59,265,454,605,699,753,748,685,577,426,248,56,-145,-325,-478,-604,-686,-718,-698,-628,-518,-358,-182,5,198,371,514,628,691,700,663,576,441,280,99,-92,-273,-434,-706,-519
61314,mtk,MTK 7916,861388723,rx1-tx0,512,0,355,149,-622,-561,-466,-342,-191,-26,145,325,482,605,682,722,715,652,535,383,191,-7,-215,-425,-602,-745,-828,-857,-822,-726,-570,-362,-125,121,380,613,797,931,989,968,879,719,506,241,-46,-334,-593,-813,-972,-1047,-1054,-971,-808,-596,-340,-47,255,518,748,922,1026,1050,992,860,669,437,168,-117,-376,-614,-792,-925,-992,-984,-904,-762,-565,-335,-70,193,441,661,834,931,961,928,827,659,451,209,-48,-292,-517,-701,-834,-902,-907,-842,-730,-553,-328,-95,136,362,567,721,807,854,831,739,588,408,201,-29,-252,-444,-604,-710,-758,-760,-709,-597,-440,-253,-60,122,295,446,555,-277,641,615,557,462,338,194,44,-108,-255,-379,-472,-532,-561,-540,-496,-429,-325,-202,-70,73,216,329,435,511,546,546,509,444,346,226,84,-60,-196,-327,-432,-524,-573,-583,-561,-495,-390,-263,-117,45,209,371,506,616,679,696,655,571,451,272,69,-136,-353,-547,-701,-808,-843,-807,-708,-552,-342,-91,162,422,641,801,898,921,849,716,524,270,3,-253,-487,-687,-817,-863,-844,-743,-586,-384,-156,84,297,486,630,718,735,683,582,438,258,73,-119,-303,-451,-555,-608,-592,-536,-435,-299,-136,31,192,331,436,498,507,461,368,231,75,-86,-233,-332,-381,-366,-294,-188,288,436,0,-652,-655,-23,-54,-68,-84,-88,-72,-56,-30,10,45,68,98,117,126,122,108,82,51,12,-37,-66,-109,-141,-164,-174,-157,-134,-101,-60,-17,31,76,133,176,198,209,207,201,171,123,54,-18,-82,-157,-222,-271,-307,-328,-298,-257,-196,-103,-3,110,220,308,385,435,438,400,335,228,98,-41,-188,-317,-420,-485,-513,-495,-428,-323,-200,-53,93,236,371,459,513,510,486,417,307,181,40,-105,-234,-336,-425,-477,-476,-436,-380,-284,-175,-55,69,171,271,334,380,386,359,322,265,202,120,39,-44,-114,-184,-244,-293,-328,-346,-348,-327,-276,-213,-123,-22,76,185,281,360,489,450,450,418,348,241,112,-16,-160,-285,-402,-487,-531,-536,-500,-428,-317,-186,-45,111,262,398,491,552,581,562,505,405,277,125,-42,-203,-353,-473,-564,-610,-611,-565,-484,-367,-218,-54,115,266,402,502,586,613,598,537,450,338,187,26,-128,-276,-411,-514,-585,-620,-606,-564,-482,-359,-220,-56,118,285,423,556,650,690,696,650,537,390,215,7,-196,-394,-566,-689,-772,-782,-741,-626,-468,-276,-52,166,371,533,662,736,752,711,611,471,306,121,-67,-239,-396,-518,-598,-634,-634,-593,-506,-384,-252,-103,46,201,335,443,528,574,586,561,499,399,282,137,-11,-169,199,-150,0,310,453,137,301,441,552,630,663,657,601,495,360,196,15,-178,-366,-527,-660,-754,-781,-772,-690,-565,-386,-173,52,288,503,697,839,915,925,870,733,548,317,42,-227,-493,-711,-890,-1004,-1035,-989,-862,-675,-424,-143,149,442,690,883,1008,1069,1030,919,744,510,241,-42,-326,-580,-789,-936,-1018,-1021,-947,-802,-602,-377,-120,149,405,629,806,926,981,964,871,725,512,267,11,-245,-489,-688,-835,-928,-940,-890,-776,-604,-393,-152,100,337,544,722,839,883,877,802,669,473,262,38,-200,-417,-594,-721,-803,-823,-772,-670,-520,-330,-127,79,278,454,584,669,700,685,628,515,368,315,34,-129,-279,-414,-514,-576,-596,-574,-515,-425,-315,-190,-42,101,221,339,441,515,545,548,506,439,349,217,76,-67,-204,-331,-434,-504,-544,-546,-524,-457,-365,-242,-95,47,196,337,464,552,612,626,608,539,432,287,111,-80,-265,-433,-588,-713,-759,-754,-702,-582,-416,-210,32,265,485,671,818,881,883,806,652,442,193,-82,-343,-562,-755,-880,-915,-868,-751,-572,-338,-85,169,412,596,726,797,798,724,596,416,217,-1,-209,-394,-538,-629,-663,-648,-572,-448,-299,-121,60,229,372,477,533,542,506,418,291,138,-29,-190,-327,-421,-456,-444,-372,-253,-107,43,168,240,-368,-166,0,177,-185,-58,-46,-31,-9,28,58,78,100,110,98,83,65,33,0,-42,-79,-110,-130,-147,-145,-134,-116,-73,-31,18,68,107,145,168,183,181,177,158,114,58,4,-56,-113,-176,-221,-257,-263,-258,-235,-184,-122,-52,50,148,225,302,353,378,379,333,264,165,48,-88,-210,-324,-414,-462,-481,-457,-383,-281,-150,-12,145,294,403,478,518,512,480,388,260,114,-35,-170,-307,-408,-471,-503,-492,-434,-354,-249,-108,37,161,265,354,408,446,433,383,313,223,133,22,-73,-160,-228,-283,-320,-341,-335,-310,-269,-218,-160,-87,-5,82,175,249,316,370,396,398,376,317,232,-571,16,-106,-228,-344,-430,-481,-502,-486,-430,-344,-216,-77,69,207,338,449,522,559,558,513,424,300,162,0,-165,-317,-437,-527,-583,-596,-566,-494,-386,-248,-88,80,237,377,492,576,614,606,555,460,345,200,34,-129,-276,-403,-512,-585,-608,-594,-546,-451,-331,-198,-42,120,269,413,525,600,649,646,595,514,395,234,52,-131,-326,-493,-616,-714,-757,-735,-663,-526,-357,-148,68,287,489,636,741,780,758,681,551,389,189,-19,-223,-403,-539,-636,-686,-684,-635,-545,-408,-253,-88,72,229,366,474,546,587,593,561,485,388,265,123,-31,-178,-316,-423,-514,-572,-592,-573,642,653
61315,mtk,MTK 7916,861388723,rx1-tx1,512,0,0,0,538,735,745,558,229,-161,-512,-736,-783,-634,-332,54,435,706,779,663,387,17,-353,-624,-730,-646,-404,-63,291,561,676,611,388,55,-288,-549,-658,-586,-365,-45,290,542,648,584,364,37,-302,-557,-663,-593,-360,-28,314,584,696,619,386,56,-299,-576,-712,-668,-451,-107,271,569,721,692,488,155,-224,-527,-689,-675,-491,-182,175,478,657,659,488,183,-169,-468,-654,-665,-491,-190,159,471,655,667,517,227,-131,-451,-651,-695,-568,-287,70,404,627,691,591,337,7,-326,-579,-672,-601,-383,-67,260,514,644,606,415,134,-174,-436,-576,-574,-434,-182,109,349,487,503,0,177,-53,-265,-398,-413,-323,-144,71,257,356,344,238,65,-129,-285,-364,-331,-198,-9,194,362,423,369,211,-11,-249,-431,-510,-454,-270,-10,257,477,591,550,359,74,-232,-487,-637,-634,-466,-168,167,469,663,697,556,271,-82,-420,-663,-746,-653,-385,-25,348,647,787,732,495,130,-258,-588,-785,-801,-619,-284,119,496,760,840,734,455,68,-329,-647,-820,-797,-593,-254,142,499,734,789,664,398,54,-294,-566,-702,-673,-500,-219,100,387,570,619,530,322,54,-216,-423,-529,-514,-388,-184,46,252,404,467,424,291,110,-79,-243,-353,-385,-352,-262,-133,1,113,191,230,0,0,0,0,0,-353,-408,-399,-317,-162,43,270,469,603,632,539,329,44,-263,-534,-712,-748,-627,-365,-20,342,643,807,794,607,278,-121,-495,-762,-864,-765,-482,-85,341,691,875,850,621,244,-202,-615,-874,-924,-759,-398,69,528,868,998,890,561,85,-419,-823,-1039,-1012,-727,-258,272,746,1039,1075,852,423,-109,-622,-982,-1104,-946,-554,-31,499,910,1094,991,648,155,-387,-837,-1068,-1028,-729,-240,314,789,1065,1066,787,309,-238,-740,-1067,-1119,-878,-407,170,712,1077,1175,981,542,-46,-644,-1088,-1267,-1128,-706,-111,519,1040,1314,1264,902,316,-352,-939,-1298,-1337,-1060,-526,137,768,1206,1344,1154,0,42,-595,-1076,-1283,-1174,-766,-172,462,982,1250,1193,837,271,-371,-919,-1225,-1218,-906,-359,285,856,1214,1267,998,467,-182,-777,-1182,-1290,-1082,-606,30,667,1134,1312,1158,712,95,-546,-1040,-1270,-1180,-801,-227,401,917,1192,1156,836,310,-291,-800,-1093,-1096,-810,-321,239,728,1026,1044,773,300,-244,-724,-1013,-1036,-788,-319,241,731,1042,1092,859,400,-172,-697,-1044,-1124,-923,-496,54,594,987,1128,989,605,71,-471,-885,-1087,-1008,-685,-201,320,743,976,961,702,280,-185,-590,-837,-852,-653,-294,123,492,716,746,577,251,-128,-455,-654,-676,-514,-215,141,462,651,652,470,177,-175,-490,0,0,0,0,0,-518,-201,179,522,741,772,605,284,-108,-473,-718,-785,-654,-365,11,385,660,760,661,403,52,-315,-596,-702,-631,-400,-70,275,548,664,595,370,47,-287,-540,-652,-586,-359,-37,297,556,663,593,356,18,-312,-558,-665,-601,-380,-51,304,583,704,644,420,78,-288,-584,-730,-683,-461,-126,246,549,704,684,488,159,-202,-508,-683,-680,-500,-195,159,468,644,654,489,190,-163,-471,-651,-662,-507,-212,143,455,645,681,540,253,-103,-432,-648,-700,-577,-307,41,369,605,689,596,357,32,-301,-546,-656,-609,-407,-93,224,472,616,599,428,161,-138,-396,-541,-550,-422,-189,80,0,435,456,362,172,-55,-251,-370,-382,-277,-101,95,259,351,328,209,25,-170,-320,-388,-349,-205,7,228,401,480,422,239,-9,-262,-459,-549,-504,-318,-46,247,493,619,591,415,130,-204,-488,-657,-672,-522,-236,112,441,674,735,607,327,-43,-401,-655,-768,-689,-438,-75,310,624,797,774,555,209,-193,-555,-788,-836,-685,-372,27,418,709,842,775,525,164,-237,-583,-780,-809,-645,-333,38,388,646,746,680,467,148,-196,-478,-640,-655,-523,-279,15,290,492,575,524,360,126,-126,-344,-475,-494,-406,-241,-34,171,335,420,417,335,198,30,-128,-244,-315,-325,-276,-199,-107,0,0,0,0,0,114,-35,-202,-362,-489,-548,-507,-365,-146,119,388,603,707,670,492,208,-130,-453,-692,-795,-721,-495,-155,236,579,792,836,690,391,-2,-409,-725,-874,-814,-554,-161,274,650,881,902,696,323,-137,-570,-863,-958,-830,-491,-16,477,857,1031,955,648,176,-342,-780,-1040,-1051,-799,-354,189,694,1021,1086,901,493,-40,-559,-945,-1097,-977,-616,-85,457,881,1085,1008,684,198,-349,-817,-1073,-1051,-761,-275,287,769,1059,1082,824,361,-212,-731,-1069,-1139,-922,-472,106,671,1082,1219,1051,619,23,-594,-1076,-1299,-1195,-795,-199,451,1004,1317,1312,990,430,-243,-862,-1264,-1354,-1113,-609,41,685,0,1325,1175,733,109,-537,-1038,-1277,-1188,-811,-231,408,946,1237,1214,872,314,-329,-898,-1226,-1237,-943,-416,222,818,1199,1274,1033,528,-109,-723,-1158,-1304,-1124,-667,-32,603,1086,1294,1177,766,165,-472,-980,-1222,-1168,-827,-274,340,852,1135,1132,831,320,-254,-749,-1047,-1060,-791,-324,233,729,1015,1030,771,302,-240,-718,-1024,-1063,-807,-338,213,717,1044,1108,895,448,-116,-652,-1021,-1138,-973,-560,-8,539,950,1119,1002,638,132,-389,-819,-1031,-984,-703,-254,246,665,902,909,687,304,-149,-546,-777,-799,-617,-284,110,461,675,697,531,226,-135,-457,-646,-649,-479,-184,169,478,658,658,482,0,0
61316,mtk,MTK 7916,861388723,rx2-tx0,512,0,0,0,947,1184,1133,787,224,-405,-950,-1264,-1262,-941,-377,294,900,1283,1345,1074,527,-158,-807,-1253,-1382,-1164,-655,27,700,1200,1393,1225,748,85,-601,-1128,-1365,-1257,-827,-176,516,1066,1343,1273,868,241,-449,-1012,-1314,-1280,-913,-306,373,951,1284,1284,947,367,-303,-884,-1235,-1264,-966,-417,232,812,1174,1224,947,430,-191,-749,-1107,-1162,-908,-423,176,716,1054,1103,856,375,-207,-724,-1047,-1084,-817,-335,239,760,1078,1102,825,330,-266,-804,-1130,-1152,-871,-348,273,833,1177,1217,949,425,-221,-820,-1217,-1299,-1045,-516,143,769,1207,1341,1134,633,-34,-689,-1180,-1376,-1224,-758,-92,592,1126,1373,1267,0,215,-480,-1051,-1355,-1311,-931,-310,391,984,1328,1338,1008,409,-293,-924,-1327,-1392,-1103,-525,191,863,1318,1445,1210,665,-60,-774,-1300,-1502,-1329,-822,-105,642,1236,1529,1441,988,291,-477,-1135,-1515,-1518,-1143,-486,294,1005,1463,1557,1274,683,-78,-824,-1368,-1564,-1374,-860,-129,630,1218,1511,1434,1004,324,-420,-1052,-1430,-1451,-1112,-519,199,873,1323,1448,1224,713,37,-642,-1156,-1390,-1293,-893,-301,351,912,1249,1281,1021,536,-67,-630,-1019,-1167,-1051,-694,-194,327,759,998,999,784,400,-59,-483,-779,-886,-796,-537,-176,207,533,728,756,627,383,79,-222,-456,-591,-614,-524,-352,-151,46,202,301,0,0,0,0,0,-81,-255,-418,-535,-572,-506,-333,-77,221,501,699,768,677,441,102,-276,-616,-834,-877,-727,-403,28,468,817,989,937,666,231,-268,-726,-1032,-1096,-892,-481,56,606,1024,1206,1105,733,183,-430,-959,-1261,-1266,-966,-429,213,818,1242,1371,1163,676,20,-652,-1176,-1415,-1317,-902,-260,452,1052,1397,1404,1077,489,-220,-878,-1314,-1424,-1191,-668,7,669,1156,1361,1230,785,156,-497,-1015,-1268,-1195,-826,-254,367,882,1164,1147,837,318,-282,-802,-1097,-1103,-824,-328,253,758,1057,1084,828,344,-231,-745,-1070,-1114,-869,-394,196,742,1092,1165,937,465,-135,-707,-1108,-1232,-1037,-577,39,645,1086,1259,0,673,70,-560,-1050,-1267,-1160,-755,-154,492,1013,1270,1203,832,238,-429,-982,-1285,-1265,-908,-313,362,949,1298,1323,1006,423,-269,-899,-1302,-1376,-1108,-554,162,827,1271,1403,1185,659,-38,-720,-1222,-1402,-1221,-743,-73,607,1125,1346,1227,797,163,-503,-1024,-1275,-1197,-810,-215,429,947,1205,1148,795,235,-382,-887,-1152,-1111,-773,-241,346,843,1110,1080,769,264,-302,-783,-1055,-1044,-756,-280,266,736,999,993,732,283,-232,-677,-930,-934,-687,-260,229,641,875,865,625,213,-251,-639,-843,-812,-564,-155,305,683,869,810,525,94,-369,-740,-910,-837,-532,-74,414,810,997,910,579,87,-443,-865,0,0,0,0,0,-710,-164,447,951,1227,1197,860,301,-353,-934,-1282,-1310,-1005,-457,220,855,1270,1370,1125,591,-91,-751,-1226,-1391,-1196,-699,-25,652,1167,1381,1236,785,140,-559,-1107,-1359,-1265,-848,-213,475,1042,1331,1274,887,271,-412,-988,-1307,-1282,-929,-338,338,926,1267,1275,959,397,-265,-854,-1209,-1246,-961,-430,207,775,1133,1189,929,427,-178,-736,-1082,-1130,-878,-390,191,716,1051,1092,833,354,-219,-739,-1057,-1084,-816,-329,252,769,1088,1120,843,330,-272,-810,-1149,-1192,-907,-384,251,826,1192,1260,999,470,-190,-807,-1221,-1327,-1089,-577,82,732,1200,1368,1186,695,30,-646,-1159,-1383,-1253,-799,-147,536,0,1366,1293,892,264,-428,-1018,-1346,-1326,-970,-365,339,955,1325,1361,1050,467,-243,-890,-1314,-1414,-1154,-591,132,826,1316,1477,1265,744,25,-717,-1285,-1528,-1395,-910,-200,563,1190,1528,1487,1072,383,-392,-1072,-1494,-1541,-1206,-588,187,923,1423,1570,1326,757,16,-725,-1292,-1544,-1414,-932,-228,527,1136,1462,1442,1061,421,-312,-967,-1379,-1451,-1178,-621,77,754,1245,1430,1271,810,168,-501,-1042,-1321,-1292,-968,-420,213,774,1137,1234,1048,624,69,-479,-893,-1094,-1041,-752,-310,185,618,891,953,793,469,61,-346,-659,-809,-782,-586,-281,67,383,607,699,647,477,235,-33,-270,-433,-500,-481,-395,-259,0,0,0,0,0,406,383,288,113,-118,-359,-562,-674,-664,-524,-270,60,403,677,821,795,593,258,-150,-539,-825,-942,-845,-545,-111,364,774,1014,1024,790,354,-171,-672,-1038,-1158,-1005,-613,-63,526,1005,1243,1191,859,308,-328,-892,-1252,-1325,-1077,-557,102,744,1215,1400,1247,791,137,-559,-1124,-1419,-1374,-996,-379,340,972,1357,1422,1146,589,-114,-779,-1244,-1400,-1215,-737,-80,580,1084,1313,1216,819,221,-427,-948,-1223,-1184,-837,-291,322,841,1130,1121,830,324,-259,-766,-1073,-1095,-824,-341,233,745,1059,1096,843,365,-210,-737,-1080,-1134,-888,-416,171,736,1116,1207,992,517,-91,-682,-1105,-1248,-1074,-624,-13,0,1074,1266,1143,724,110,-528,-1027,-1265,-1187,-799,-202,450,990,1282,1232,865,274,-399,-973,-1294,-1287,-953,-369,325,938,1308,1350,1054,483,-220,-868,-1293,-1395,-1149,-603,97,777,1255,1412,1207,701,23,-659,-1165,-1378,-1236,-776,-125,548,1072,1316,1213,799,188,-456,-971,-1234,-1173,-804,-226,397,905,1175,1132,783,238,-358,-859,-1132,-1098,-771,-249,328,805,1077,1061,765,271,-288,-764,-1034,-1028,-748,-280,253,711,973,975,719,274,-223,-651,-899,-894,-651,-246,227,636,857,839,591,178,-280,-660,-852,-808,-537,-115,341,704,884,819,522,77,-393,-776,-955,-870,-552,-78,433,837,1026,947,616,0,0
61317,mtk,MTK 7916,861388723,rx2-tx1,512,0,0,0,-1155,-985,-560,8,579,1015,1200,1070,668,101,-493,-966,-1196,-1130,-773,-220,382,882,1160,1142,833,312,-279,-788,-1088,-1119,-866,-386,190,705,1028,1081,861,421,-125,-628,-959,-1024,-816,-398,121,598,924,990,782,365,-149,-625,-929,-987,-785,-357,170,655,965,1021,800,368,-173,-675,-1006,-1067,-843,-393,157,672,1014,1087,873,424,-144,-678,-1039,-1125,-914,-457,129,690,1080,1183,979,514,-106,-707,-1131,-1278,-1093,-629,-4,638,1140,1352,1221,787,151,-532,-1092,-1381,-1327,-943,-331,359,968,1333,1362,1060,495,-186,-811,-1239,-1356,-1141,-645,5,634,1095,1287,1161,756,176,-435,-921,-1165,-1118,-799,0,270,747,1013,1012,760,323,-178,-615,-881,-906,-691,-296,166,560,799,823,623,258,-169,-546,-778,-798,-595,-230,200,572,787,792,573,192,-243,-624,-843,-832,-594,-187,290,708,949,955,704,251,-286,-764,-1065,-1116,-881,-405,184,742,1140,1271,1086,626,16,-610,-1114,-1361,-1274,-870,-254,422,1006,1355,1388,1094,531,-176,-833,-1288,-1448,-1275,-802,-138,555,1119,1424,1395,1051,494,-179,-807,-1231,-1370,-1195,-765,-183,420,913,1181,1171,911,457,-82,-575,-914,-1039,-930,-614,-173,271,626,826,837,660,345,-35,-379,-617,-719,-671,-479,-198,106,372,547,606,546,395,198,-14,-198,-324,-376,-359,0,0,0,0,0,382,483,514,461,319,105,-149,-387,-567,-651,-606,-443,-184,120,402,609,687,612,399,97,-232,-515,-682,-681,-526,-248,96,423,651,727,622,357,7,-356,-644,-770,-713,-481,-115,287,624,822,812,597,241,-188,-581,-844,-892,-719,-375,76,520,836,953,832,505,55,-420,-793,-986,-928,-635,-184,310,745,997,1005,758,327,-182,-647,-954,-1029,-855,-458,51,542,893,1021,896,545,49,-444,-824,-1001,-924,-613,-153,343,756,981,947,674,234,-273,-712,-961,-969,-738,-327,166,625,928,996,815,431,-55,-519,-847,-965,-840,-499,-34,431,779,920,842,550,113,-353,-713,-886,-835,-575,0,283,648,851,826,590,213,-218,-588,-801,-803,-594,-233,177,531,743,749,553,208,-193,-531,-721,-722,-519,-173,225,563,755,743,519,147,-270,-622,-823,-813,-581,-187,261,650,880,875,648,244,-229,-634,-885,-906,-694,-299,183,618,891,931,721,311,-189,-632,-904,-939,-735,-331,172,628,930,981,769,356,-161,-649,-967,-1024,-813,-395,141,646,993,1087,897,464,-99,-642,-1027,-1155,-980,-547,21,594,1027,1198,1065,661,88,-509,-977,-1196,-1119,-763,-208,394,896,1173,1146,822,296,-297,-810,-1114,-1126,-851,-368,210,730,1053,1101,862,401,-164,-683,-1022,-1095,-882,-433,123,643,1003,1105,0,0,0,0,0,-68,-613,-1021,-1177,-1026,-610,-38,550,1004,1198,1099,724,158,-442,-930,-1183,-1133,-804,-274,326,838,1132,1143,857,357,-227,-749,-1073,-1114,-867,-408,146,653,985,1060,849,412,-123,-618,-937,-1001,-798,-383,127,611,930,989,770,357,-159,-637,-941,-998,-788,-359,166,661,987,1042,820,383,-163,-673,-1006,-1075,-859,-406,156,685,1036,1107,888,441,-134,-686,-1059,-1158,-948,-486,111,700,1113,1234,1034,566,-66,-693,-1146,-1317,-1165,-714,-74,601,1129,1374,1275,863,240,-447,-1024,-1354,-1350,-1002,-409,280,891,1282,1363,1102,574,-90,-730,-1179,-1330,-1154,-697,-81,536,1016,1242,1151,777,228,-356,-833,0,-1069,-785,-317,216,675,940,953,722,313,-163,-583,-828,-851,-654,-278,165,555,792,797,597,246,-175,-554,-778,-790,-584,-211,227,593,796,802,587,189,-271,-662,-890,-884,-640,-209,298,750,1021,1029,774,317,-242,-766,-1110,-1195,-985,-516,94,692,1136,1318,1187,757,131,-531,-1071,-1363,-1336,-981,-382,315,933,1331,1424,1189,662,-24,-698,-1212,-1448,-1354,-950,-314,380,969,1337,1401,1143,634,-2,-620,-1082,-1289,-1206,-859,-338,235,738,1054,1119,930,546,59,-416,-766,-925,-881,-641,-265,145,501,729,784,673,418,85,-246,-504,-643,-647,-527,-312,-48,201,387,493,507,434,300,144,-3,0,0,0,0,0,-232,-85,100,307,486,592,601,502,296,26,-256,-500,-650,-667,-548,-307,6,318,560,685,655,469,175,-162,-466,-661,-702,-575,-307,44,392,648,744,658,410,54,-323,-632,-795,-761,-536,-170,249,621,834,853,670,313,-125,-549,-847,-930,-785,-447,4,464,826,974,876,568,120,-367,-778,-996,-965,-702,-265,247,698,986,1026,803,388,-119,-591,-924,-1029,-877,-503,0,491,854,1005,905,580,101,-403,-789,-982,-940,-653,-195,318,739,964,959,711,279,-222,-670,-946,-984,-782,-380,123,583,887,973,828,476,-6,-476,-815,-951,-841,-512,-66,389,741,907,840,561,137,-313,-675,0,-834,-588,-194,252,627,830,819,592,222,-199,-564,-769,-774,-580,-233,173,523,721,729,542,192,-207,-541,-735,-729,-519,-162,245,598,791,775,546,163,-269,-646,-861,-849,-611,-211,250,653,882,887,671,274,-201,-627,-881,-909,-702,-307,178,621,886,922,717,315,-174,-625,-914,-958,-749,-335,170,638,949,1004,789,369,-156,-653,-981,-1056,-857,-429,118,644,1010,1118,938,512,-53,-611,-1022,-1168,-1019,-609,-31,559,1006,1197,1091,706,139,-465,-950,-1195,-1133,-788,-255,344,851,1137,1136,841,334,-245,-758,-1078,-1109,-855,-387,184,704,1034,1093,862,412,-149,-672,-1009,-1086,-892,-462,95,0,0
61318,mtk,MTK 7916,861430320,rx0-tx0,512,-330,-139,-380,-422,-225,-4,207,421,600,740,846,905,916,871,778,632,464,279,70,-140,-336,-528,-674,-788,-879,-908,-881,-823,-714,-565,-376,-171,49,258,467,648,790,898,947,954,898,791,628,438,234,-5,-241,-459,-640,-794,-911,-973,-970,-913,-815,-670,-483,-262,-29,195,408,600,752,873,941,963,926,837,697,522,318,95,-136,-356,-561,-724,-867,-937,-964,-946,-856,-713,-533,-331,-107,129,355,553,712,826,900,918,880,793,651,480,289,83,-123,-324,-500,-634,-729,-792,-809,-766,-691,-582,-448,-289,-112,62,231,393,521,622,680,709,707,644,561,449,310,169,20,-144,-292,-419,-26,-615,-664,-677,-659,-586,-492,-387,-238,-74,79,226,383,513,612,672,699,683,634,549,410,268,103,-72,-241,-389,-534,-642,-710,-730,-706,-644,-550,-414,-268,-85,97,268,433,579,673,730,756,732,658,556,417,233,55,-138,-328,-495,-634,-736,-786,-799,-761,-660,-517,-340,-144,66,282,461,623,742,803,795,743,638,489,305,106,-108,-294,-466,-590,-660,-679,-653,-574,-453,-329,-184,-30,119,251,339,401,436,432,407,362,294,218,136,40,-43,-115,-175,-216,-242,-266,-260,-242,-213,-180,-134,-87,-29,33,90,126,167,194,209,207,187,155,102,39,-28,-92,-134,-158,-156,542,339,510,873,764,-184,-195,-170,-124,-46,36,113,195,251,285,301,290,252,204,136,50,-29,-122,-207,-275,-332,-384,-405,-407,-372,-304,-227,-121,4,135,269,386,495,585,635,641,598,515,385,216,17,-194,-398,-586,-739,-844,-898,-893,-814,-681,-502,-266,3,278,541,771,957,1075,1117,1088,989,796,556,272,-39,-346,-624,-877,-1072,-1177,-1208,-1170,-1048,-842,-589,-300,6,314,599,845,1035,1158,1206,1179,1071,900,667,397,105,-188,-471,-721,-927,-1063,-1146,-1155,-1100,-967,-791,-557,-286,-4,271,528,758,932,1050,1091,1096,1029,883,699,471,210,-71,-326,-564,-771,-931,-1039,-1072,-1050,-964,-819,-633,301,-164,81,324,538,729,866,974,1023,1008,946,827,653,453,219,-15,-250,-486,-703,-874,-987,-1061,-1073,-1026,-909,-739,-523,-285,-20,250,500,720,898,1019,1094,1102,1046,934,772,560,329,83,-195,-455,-685,-880,-1032,-1129,-1157,-1123,-1030,-875,-672,-420,-142,149,433,706,913,1086,1195,1234,1203,1103,937,717,450,151,-160,-459,-739,-964,-1135,-1247,-1271,-1216,-1096,-896,-659,-376,-75,208,488,737,938,1090,1160,1162,1101,990,811,594,343,86,-182,-422,-642,-826,-955,-1030,-1047,-1009,-918,-770,-576,-362,-129,106,334,547,725,860,953,976,953,876,754,598,396,175,-53,-279,-478,-654,-796,-897,758,866,-82,-868,-794,820,903,933,906,829,692,537,349,148,-70,-280,-484,-653,-770,-852,-894,-890,-837,-737,-587,-426,-235,-13,186,386,566,723,835,907,926,891,810,675,514,318,99,-124,-352,-561,-740,-861,-949,-982,-952,-865,-730,-565,-354,-120,120,340,540,713,847,937,970,955,886,762,600,400,178,-49,-275,-480,-661,-802,-906,-959,-954,-897,-793,-644,-452,-221,-1,238,464,650,797,903,956,950,882,769,606,415,198,-23,-233,-431,-605,-734,-826,-867,-854,-795,-683,-539,-377,-193,8,194,363,508,629,707,743,737,704,626,509,365,209,63,-112,-273,-411,-528,-605,-651,-678,-669,-609,-518,628,-275,-125,21,181,334,444,556,638,675,669,645,580,469,328,177,15,-149,-306,-458,-581,-654,-712,-718,-677,-601,-489,-346,-185,-7,171,337,487,608,695,753,740,695,613,490,329,160,-16,-206,-371,-522,-655,-740,-768,-770,-704,-607,-470,-308,-118,81,286,470,615,728,792,812,760,665,534,349,136,-80,-283,-476,-626,-721,-764,-748,-680,-568,-405,-230,-51,130,300,415,501,557,564,531,456,356,250,134,18,-83,-179,-250,-295,-331,-334,-315,-284,-243,-192,-137,-66,10,65,112,155,190,215,229,226,199,168,134,81,24,-33,-88,-140,-178,-195,-191,-163,-117,-59,12,-673,-798,-82,-256,-495,1,71,143,203,248,253,242,203,135,61,-21,-109,-182,-243,-303,-328,-335,-330,-295,-235,-170,-81,19,123,238,322,397,467,503,512,466,397,306,178,20,-157,-325,-476,-611,-713,-767,-767,-711,-604,-442,-241,-12,234,468,668,842,973,1025,1009,914,750,528,259,-30,-317,-598,-843,-1022,-1153,-1191,-1142,-1017,-829,-565,-274,32,336,637,884,1064,1183,1224,1184,1059,873,627,339,37,-267,-544,-782,-978,-1112,-1176,-1159,-1071,-917,-710,-463,-197,85,367,624,835,1001,1096,1132,1094,1001,839,629,372,105,-156,-431,-663,-850,-995,-1080,-1095,-1038,-932,-763,-556,-307,-46,209,459,676,854,-176,1025,1037,985,881,726,532,315,68,-169,-399,-614,-790,-925,-1007,-1033,-1007,-933,-796,-604,-384,-142,120,381,619,818,962,1058,1100,1072,982,837,649,420,168,-105,-364,-596,-802,-958,-1054,-1114,-1115,-1031,-902,-722,-505,-246,33,303,560,791,982,1121,1183,1189,1137,1006,812,582,299,4,-301,-585,-837,-1044,-1188,-1256,-1251,-1173,-1034,-823,-572,-280,38,337,620,866,1058,1182,1216,1185,1101,947,739,487,210,-68,-332,-586,-803,-964,-1061,-1100,-1089,-1008,-881,-688,-469,-231,17,261,489,691,847,955,1009,1004,949,837,679,487,262,29,-198,-412,-599,-757,-884,-946,-960,-911,-817,-687,-513,-310,482,251
61319,mtk,MTK 7916,861430320,rx0-tx1,512,-686,753,867,178,323,454,561,644,669,656,605,526,408,272,136,-16,-167,-297,-410,-497,-558,-577,-568,-533,-475,-393,-292,-175,-47,65,178,284,379,453,501,535,534,507,456,385,297,191,69,-57,-177,-300,-410,-487,-547,-593,-607,-576,-527,-437,-323,-184,-32,124,277,415,536,632,683,700,677,614,509,373,219,54,-123,-308,-458,-582,-674,-728,-743,-709,-624,-524,-379,-213,-35,145,309,463,587,673,719,718,685,614,507,366,201,33,-139,-298,-433,-551,-639,-692,-697,-658,-592,-497,-367,-220,-59,100,256,401,515,596,649,664,641,573,480,360,225,66,-98,-246,-379,-498,-585,-634,-38,-624,-556,-469,-353,-213,-53,106,254,396,506,583,626,633,610,544,449,328,183,30,-120,-262,-401,-518,-593,-634,-643,-603,-523,-412,-286,-138,16,162,309,426,517,578,600,597,547,461,358,228,86,-52,-192,-317,-418,-497,-545,-558,-541,-493,-410,-305,-191,-59,64,186,298,390,462,503,513,501,455,379,291,181,51,-72,-190,-307,-397,-472,-509,-509,-486,-415,-324,-211,-96,37,172,288,387,450,478,474,439,371,287,186,69,-46,-158,-263,-341,-398,-417,-406,-364,-303,-211,-111,-4,102,196,274,328,357,350,312,244,154,57,-52,-149,-227,-276,-282,-245,-183,-95,-15,111,355,0,-285,-561,40,103,161,199,208,190,144,82,17,-55,-127,-185,-225,-242,-241,-223,-180,-131,-66,3,72,130,188,226,251,253,226,191,151,101,35,-31,-93,-135,-177,-197,-209,-206,-190,-161,-130,-105,-66,-24,14,44,71,104,123,143,162,180,184,177,167,150,121,78,21,-39,-96,-144,-192,-227,-253,-256,-243,-221,-185,-133,-67,-11,48,104,148,198,228,253,261,251,233,201,166,120,54,-5,-63,-124,-185,-238,-282,-307,-316,-307,-278,-239,-182,-111,-31,65,144,219,292,340,370,378,362,321,267,194,112,26,-70,-167,-253,-323,-374,-408,-422,-403,-355,-296,-223,-125,-30,-48,173,267,344,404,450,462,451,414,350,260,163,48,-74,-197,-300,-391,-468,-513,-534,-513,-470,-391,-291,-172,-45,89,219,343,439,516,558,562,541,494,411,314,193,62,-74,-204,-325,-430,-510,-560,-596,-590,-553,-480,-377,-257,-124,15,163,307,433,533,614,650,660,626,560,467,341,190,30,-148,-310,-458,-582,-673,-726,-733,-709,-631,-520,-373,-199,-17,176,355,507,635,731,775,774,723,628,500,346,163,-23,-210,-377,-523,-638,-714,-742,-731,-676,-589,-471,-326,-161,17,185,347,483,597,679,709,708,662,580,465,316,158,-10,-179,-340,-475,-582,-655,-693,-690,-641,626,385,9,480,251,664,595,498,379,222,53,-108,-254,-387,-496,-567,-614,-631,-595,-528,-439,-334,-206,-72,59,182,294,396,471,525,540,528,499,443,371,274,169,57,-61,-173,-284,-381,-456,-511,-546,-550,-534,-489,-408,-305,-198,-70,79,214,338,456,551,617,647,647,611,536,428,286,126,-41,-211,-368,-510,-621,-694,-727,-725,-670,-573,-450,-307,-138,38,224,379,517,635,711,745,725,665,577,445,291,112,-63,-228,-384,-517,-622,-683,-708,-699,-643,-548,-432,-288,-133,38,201,346,476,581,649,679,664,616,537,421,290,138,-21,-183,-326,-448,-544,-618,-658,-649,-602,-525,-417,-285,-134,634,177,319,435,538,613,646,636,592,516,401,271,119,-33,-188,-330,-449,-547,-613,-641,-626,-577,-499,-387,-242,-93,67,221,359,479,568,620,623,598,541,445,326,182,35,-110,-260,-380,-471,-542,-576,-579,-551,-479,-383,-266,-135,-3,122,244,356,438,500,525,518,494,434,351,242,116,-1,-126,-249,-349,-426,-488,-517,-505,-475,-411,-322,-213,-80,47,180,300,392,458,496,514,477,410,314,199,78,-47,-167,-275,-356,-418,-446,-439,-408,-341,-255,-154,-46,65,169,264,336,370,381,359,317,242,152,49,-54,-154,-243,-301,-329,-321,-277,-203,-106,2,94,165,205,203,859,801,0,649,440,153,141,102,37,-36,-110,-170,-208,-228,-229,-205,-157,-95,-22,44,110,170,214,243,252,237,209,166,110,52,-23,-93,-146,-190,-221,-238,-236,-211,-179,-137,-85,-40,14,62,103,126,148,166,172,166,155,149,132,107,81,56,24,-18,-62,-98,-133,-172,-209,-233,-235,-218,-196,-158,-104,-43,21,73,131,186,230,248,251,251,224,194,155,108,62,0,-56,-112,-163,-207,-248,-271,-272,-272,-253,-222,-174,-121,-50,22,99,165,228,283,322,352,353,322,286,223,152,68,-25,-122,-209,-276,-334,-367,-389,-388,-363,-314,-249,-166,-77,21,122,211,289,367,419,438,-1135,403,354,279,198,94,-14,-124,-231,-330,-410,-463,-498,-504,-473,-416,-337,-232,-113,18,147,266,382,468,531,556,553,519,447,350,238,103,-27,-154,-278,-390,-476,-539,-571,-571,-540,-486,-401,-284,-158,-23,117,251,379,482,556,602,621,606,555,473,372,240,87,-71,-230,-368,-499,-604,-672,-704,-700,-647,-561,-434,-285,-114,59,238,408,549,666,734,767,754,684,580,446,277,88,-106,-293,-458,-591,-693,-750,-762,-734,-660,-554,-409,-241,-62,114,281,428,558,652,707,723,695,634,529,403,240,73,-94,-262,-409,-540,-633,-684,-700,-682,-620,-520,-390,-239,-77,89,255,344,599
61320,mtk,MTK 7916,861430320,rx1-tx0,512,0,-272,-355,603,632,628,583,503,398,271,128,-35,-196,-353,-492,-612,-695,-738,-751,-727,-650,-536,-382,-204,-5,207,398,573,715,838,908,911,868,762,608,421,206,-30,-281,-517,-709,-875,-988,-1025,-1021,-944,-806,-615,-388,-130,138,383,618,811,953,1041,1058,1021,905,748,550,318,76,-178,-417,-634,-803,-917,-996,-1002,-962,-861,-701,-523,-321,-85,155,384,585,755,887,958,969,929,835,688,504,301,77,-154,-368,-567,-731,-843,-904,-913,-877,-789,-649,-477,-275,-62,154,358,544,694,793,846,856,803,709,576,407,226,29,-170,-350,-498,-620,-701,-752,-736,-671,-589,-472,-339,-176,-3,-277,287,408,495,568,598,597,561,506,423,320,215,87,-40,-161,-274,-373,-460,-511,-540,-544,-523,-470,-395,-292,-181,-55,67,187,303,402,471,526,558,565,538,473,387,276,154,22,-120,-254,-374,-486,-576,-636,-660,-648,-596,-511,-393,-249,-78,100,276,458,614,727,806,827,791,713,570,392,184,-49,-268,-489,-690,-830,-907,-927,-871,-756,-597,-395,-164,91,324,527,683,793,863,844,776,649,488,313,103,-99,-287,-459,-585,-668,-713,-689,-620,-522,-384,-237,-68,108,263,391,488,552,569,549,478,386,258,109,-36,-179,-305,-404,-461,-465,-425,-339,-216,-77,59,175,242,215,50,0,-76,252,56,72,72,68,51,29,-1,-35,-70,-90,-107,-113,-122,-115,-95,-74,-50,-11,28,75,108,138,152,158,166,153,132,109,65,18,-23,-68,-105,-147,-181,-207,-227,-233,-218,-187,-136,-95,-29,42,114,188,245,296,327,342,339,312,254,176,78,-28,-141,-240,-335,-418,-466,-475,-459,-410,-317,-205,-85,50,186,308,408,485,525,517,481,415,321,215,78,-56,-185,-302,-395,-466,-498,-499,-468,-399,-310,-217,-96,25,132,243,323,380,417,420,400,370,310,233,160,79,-9,-76,-142,-210,-258,-294,-320,-338,-331,-320,-294,-249,-194,-128,-43,46,132,221,307,374,417,489,443,420,367,289,188,79,-48,-171,-291,-396,-467,-516,-534,-522,-483,-410,-305,-194,-53,88,216,339,450,529,572,592,571,516,427,311,185,49,-94,-239,-366,-474,-555,-599,-605,-590,-539,-442,-329,-190,-48,89,235,363,468,539,586,606,592,547,479,381,255,132,-6,-151,-280,-411,-508,-586,-643,-656,-636,-577,-486,-371,-233,-72,102,273,431,564,666,742,768,737,663,555,399,222,16,-186,-361,-516,-642,-725,-767,-746,-686,-591,-463,-302,-130,41,203,348,473,563,632,656,633,590,516,417,292,172,39,-109,-238,-353,-439,-504,-559,-589,-572,-531,-476,-377,-274,-150,-5,-672,-606,0,235,75,144,6,-137,-280,-413,-529,-614,-673,-692,-677,-622,-529,-408,-251,-88,84,270,446,600,718,797,839,823,759,649,502,327,106,-113,-337,-547,-725,-866,-952,-984,-957,-860,-717,-532,-295,-49,207,459,684,861,988,1058,1049,987,873,688,474,219,-38,-297,-538,-736,-900,-997,-1033,-1013,-938,-812,-624,-422,-190,47,276,507,696,833,943,994,983,903,781,620,421,196,-39,-269,-486,-672,-812,-911,-958,-935,-859,-743,-585,-394,-179,46,262,460,627,768,860,902,879,808,695,534,348,153,-58,-265,-446,-605,-714,-783,-808,-779,-700,-585,-445,-285,-110,83,242,388,508,597,657,663,315,591,495,389,253,106,-35,-167,-285,-396,-472,-528,-561,-552,-525,-476,-407,-308,-192,-72,51,170,284,379,457,513,548,544,521,463,381,281,172,45,-84,-221,-339,-436,-514,-564,-591,-592,-558,-495,-405,-284,-145,12,170,325,461,586,679,731,730,698,630,501,341,144,-70,-279,-478,-651,-780,-863,-889,-847,-763,-606,-410,-190,52,302,516,697,827,906,909,840,720,547,353,122,-110,-315,-502,-638,-736,-785,-764,-706,-594,-438,-270,-86,106,270,421,535,604,642,619,552,450,328,179,24,-134,-273,-383,-470,-514,-514,-474,-389,-275,-135,12,155,274,356,385,367,294,195,291,355,0,-662,-620,22,0,-28,-54,-79,-93,-101,-105,-89,-70,-42,-14,21,61,91,112,132,144,146,136,114,85,47,12,-34,-77,-110,-147,-178,-186,-187,-180,-169,-145,-103,-57,-4,57,117,172,213,243,279,281,276,243,195,134,58,-20,-104,-192,-278,-355,-406,-422,-407,-360,-307,-213,-98,29,154,285,394,457,501,512,479,414,326,217,75,-66,-199,-318,-409,-480,-522,-517,-483,-415,-325,-208,-80,50,171,277,356,424,471,464,445,391,308,222,123,10,-83,-172,-253,-306,-340,-365,-360,-337,-313,-267,-213,-156,-93,-18,55,118,189,256,309,351,377,376,370,342,286,206,119,-571,-86,-194,-297,-385,-448,-484,-495,-477,-434,-350,-244,-123,7,133,258,369,459,524,568,556,527,463,373,245,119,-23,-167,-303,-423,-517,-575,-606,-600,-559,-485,-388,-258,-110,30,164,308,428,514,578,601,604,570,497,401,284,158,18,-121,-253,-373,-483,-550,-591,-618,-598,-551,-477,-372,-258,-115,35,184,332,462,571,650,702,712,674,595,478,336,164,-30,-218,-393,-555,-683,-762,-800,-770,-696,-587,-436,-258,-68,126,291,446,572,665,707,711,668,596,485,356,212,47,-97,-230,-351,-462,-536,-579,-605,-592,-544,-471,-373,-275,-162,-22,119,236,350,450,517,573,584,32,-288
61321,mtk,MTK 7916,861430320,rx1-tx1,512,0,0,0,-701,-719,-530,-184,212,560,761,741,510,141,-268,-600,-759,-707,-464,-98,299,599,722,647,388,17,-351,-603,-665,-536,-260,94,422,616,625,450,138,-211,-492,-631,-581,-355,-20,322,564,631,519,242,-112,-434,-630,-643,-468,-149,212,516,679,646,421,66,-311,-600,-712,-617,-350,25,392,643,710,580,281,-102,-437,-646,-675,-500,-180,189,499,660,630,411,75,-283,-555,-663,-578,-321,34,382,614,672,535,242,-114,-443,-657,-684,-508,-193,176,498,670,656,457,125,-233,-522,-658,-609,-398,-78,267,531,637,569,340,21,-297,-523,-600,-514,-289,9,284,481,535,433,217,0,-283,-422,-433,-317,-110,114,289,369,331,189,-11,-207,-329,-338,-235,-52,148,313,386,336,173,-55,-268,-411,-440,-332,-116,145,377,507,502,344,68,-228,-466,-589,-552,-357,-57,272,544,659,588,359,22,-331,-597,-704,-619,-353,16,376,643,741,628,340,-44,-422,-687,-772,-651,-346,62,456,727,804,667,352,-63,-461,-737,-825,-699,-386,23,424,720,826,711,418,23,-376,-671,-783,-697,-436,-74,299,583,708,656,440,116,-223,-490,-628,-599,-421,-145,151,398,543,539,404,180,-84,-319,-460,-478,-387,-207,10,207,350,414,384,265,100,-64,-200,-288,-316,-281,-203,-112,0,0,0,0,0,162,307,418,468,436,303,84,-169,-414,-593,-650,-562,-343,-33,298,572,728,719,533,207,-170,-519,-752,-801,-648,-327,82,472,754,849,716,395,-28,-452,-768,-868,-735,-420,21,469,800,917,771,415,-56,-522,-855,-965,-809,-428,77,579,930,1022,841,429,-103,-612,-965,-1054,-850,-426,123,651,990,1054,832,388,-173,-688,-1002,-1038,-794,-328,244,740,1021,1022,735,238,-331,-808,-1046,-988,-655,-132,425,872,1077,964,569,23,-536,-968,-1118,-945,-508,87,675,1076,1181,956,457,-177,-778,-1172,-1246,-977,-430,242,856,1249,1301,989,412,-272,-886,-1272,-1317,-991,-389,306,906,1261,1277,0,344,-346,-929,-1250,-1216,-836,-234,438,978,1230,1137,724,111,-532,-1033,-1245,-1093,-621,28,662,1118,1257,1041,538,-136,-771,-1184,-1261,-993,-444,234,847,1220,1255,940,358,-325,-904,-1230,-1217,-866,-264,396,931,1204,1133,747,158,-459,-940,-1138,-1005,-583,-4,558,948,1060,852,395,-170,-688,-998,-1000,-715,-213,365,834,1047,957,596,65,-494,-925,-1097,-944,-520,31,588,990,1110,913,461,-117,-658,-1010,-1084,-852,-386,180,682,987,1021,764,305,-218,-674,-928,-906,-637,-206,263,650,834,771,496,94,-328,-637,-740,-628,-340,47,407,631,654,483,163,-205,-498,-640,-601,-364,-12,346,604,0,0,0,0,0,217,-174,-529,-733,-727,-522,-173,230,576,760,729,494,118,-282,-604,-755,-690,-430,-56,320,601,707,604,332,-34,-384,-614,-651,-500,-203,149,455,621,596,397,86,-265,-535,-639,-552,-304,44,373,595,645,495,194,-165,-480,-664,-651,-445,-113,268,568,695,632,387,23,-352,-626,-717,-605,-323,53,413,646,699,555,247,-133,-465,-653,-656,-467,-134,228,519,664,607,370,21,-335,-595,-675,-551,-272,78,409,636,674,512,213,-150,-476,-667,-671,-486,-158,204,506,670,638,430,109,-242,-519,-653,-594,-372,-57,277,530,620,540,314,11,-290,-504,-572,-477,-252,23,280,457,0,380,169,-77,-284,-398,-383,-251,-54,154,309,353,278,118,-86,-260,-349,-332,-205,-4,213,372,419,334,140,-106,-333,-468,-475,-338,-91,192,428,554,522,345,61,-254,-508,-626,-572,-356,-36,309,573,684,603,351,2,-357,-623,-715,-617,-353,20,403,675,756,639,347,-53,-442,-712,-797,-667,-353,62,460,733,823,696,367,-56,-456,-746,-840,-708,-405,4,404,694,811,717,430,39,-340,-624,-752,-690,-449,-92,266,544,674,635,435,131,-192,-449,-578,-561,-413,-171,112,352,492,509,396,191,-49,-268,-410,-448,-382,-232,-39,148,293,368,364,289,168,29,-92,-179,-227,0,0,0,0,0,-323,-259,-129,61,273,450,555,559,443,222,-62,-356,-595,-702,-648,-449,-135,234,555,748,766,599,278,-124,-500,-754,-818,-681,-367,50,456,749,858,735,406,-27,-458,-771,-883,-761,-418,47,499,831,938,784,420,-62,-539,-885,-992,-825,-425,96,589,944,1043,845,418,-124,-636,-975,-1058,-855,-409,152,665,994,1043,810,350,-212,-717,-1017,-1030,-762,-281,285,773,1038,1004,690,175,-395,-842,-1049,-961,-608,-73,491,920,1090,956,541,-37,-615,-1024,-1144,-947,-485,131,709,1104,1208,965,438,-224,-834,-1217,-1269,-979,-422,268,883,1265,1311,999,407,-293,-904,-1271,-1297,-968,-373,329,0,1266,1248,888,285,-385,-940,-1234,-1182,-794,-179,482,1003,1234,1116,674,48,-591,-1072,-1248,-1069,-583,68,711,1147,1252,1014,490,-179,-807,-1202,-1260,-968,-399,281,881,1233,1232,896,314,-358,-924,-1222,-1183,-809,-213,427,941,1187,1082,673,87,-515,-956,-1106,-932,-490,80,616,973,1027,770,301,-258,-747,-1016,-990,-664,-139,430,874,1071,954,566,14,-548,-960,-1098,-923,-486,85,633,1016,1103,875,417,-154,-678,-1010,-1058,-811,-345,198,673,956,966,707,252,-254,-668,-890,-852,-573,-149,287,623,776,700,418,24,-369,-638,-699,-548,-236,128,452,643,624,413,81,-272,-545,-656,-571,-316,0,0
61322,mtk,MTK 7916,861430320,rx2-tx0,512,0,0,0,-1156,-1112,-751,-157,504,1029,1273,1162,718,64,-621,-1150,-1356,-1181,-675,24,723,1220,1373,1139,585,-137,-825,-1281,-1368,-1071,-471,267,937,1327,1333,966,334,-400,-1025,-1348,-1281,-845,-169,546,1111,1355,1204,696,-10,-700,-1186,-1331,-1098,-548,164,827,1243,1299,979,377,-330,-929,-1249,-1212,-825,-202,475,1004,1228,1088,633,3,-620,-1059,-1172,-931,-420,208,765,1084,1080,754,200,-411,-892,-1106,-980,-553,34,620,1025,1125,879,366,-261,-817,-1144,-1134,-779,-187,465,988,1229,1121,680,29,-633,-1124,-1297,-1098,-576,116,783,1231,1334,1059,481,-249,-907,-1303,-1334,-992,-368,364,997,1352,1317,908,245,0,-1080,-1368,-1267,-797,-107,605,1152,1378,1204,675,-34,-735,-1234,-1386,-1139,-558,183,874,1322,1401,1080,445,-324,-1005,-1408,-1417,-1030,-347,448,1122,1483,1433,984,254,-545,-1207,-1538,-1435,-936,-176,636,1277,1551,1406,877,95,-716,-1330,-1572,-1380,-813,-22,773,1350,1556,1338,752,-40,-811,-1353,-1522,-1266,-672,97,841,1342,1478,1211,611,-153,-860,-1329,-1438,-1162,-580,159,846,1292,1395,1135,571,-132,-772,-1198,-1307,-1078,-573,68,673,1076,1193,1006,567,0,-547,-930,-1067,-923,-543,-49,430,785,928,835,541,125,-306,-642,-802,-763,-547,-211,153,461,650,690,571,342,71,-191,-388,-490,-487,-400,-257,0,0,0,0,0,-245,-93,105,328,520,623,603,450,181,-153,-470,-706,-790,-688,-418,-31,382,714,883,836,575,161,-319,-731,-965,-954,-694,-245,279,758,1048,1065,804,318,-279,-808,-1137,-1175,-903,-375,270,858,1218,1266,980,411,-277,-893,-1274,-1329,-1022,-419,297,939,1336,1378,1044,427,-318,-982,-1385,-1407,-1045,-410,330,989,1377,1395,1025,378,-359,-994,-1349,-1330,-949,-313,394,986,1296,1238,832,203,-469,-997,-1233,-1124,-695,-78,554,1010,1167,988,529,-86,-661,-1035,-1116,-859,-340,263,789,1079,1052,719,170,-437,-917,-1138,-1029,-612,-16,588,1036,1184,990,516,-111,-726,-1138,-1226,-961,-418,239,834,1197,0,905,318,-361,-946,-1256,-1200,-809,-181,501,1040,1283,1160,705,41,-643,-1141,-1312,-1108,-576,125,796,1241,1331,1045,456,-278,-935,-1322,-1347,-997,-350,404,1041,1384,1337,909,220,-525,-1121,-1401,-1287,-800,-92,631,1171,1371,1182,661,-48,-737,-1199,-1310,-1044,-486,199,826,1201,1214,876,290,-369,-917,-1192,-1110,-705,-97,526,980,1147,984,527,-81,-650,-1030,-1101,-851,-365,230,751,1037,1015,705,182,-386,-819,-1008,-908,-541,-15,503,854,944,755,346,-157,-603,-860,-844,-572,-135,338,708,852,732,386,-85,-535,-815,-847,-620,-197,291,699,902,833,503,8,-496,-859,-974,-804,-390,156,675,1003,0,0,0,0,0,198,-427,-953,-1220,-1148,-742,-115,559,1085,1317,1180,704,17,-675,-1179,-1369,-1176,-638,81,775,1250,1377,1113,533,-205,-882,-1308,-1359,-1026,-406,329,971,1338,1319,918,256,-477,-1066,-1350,-1243,-779,-92,622,1154,1347,1142,611,-91,-763,-1222,-1320,-1034,-456,251,878,1254,1262,896,281,-407,-972,-1251,-1163,-739,-103,550,1028,1200,1017,540,-89,-690,-1075,-1131,-852,-321,299,823,1102,1038,656,80,-517,-967,-1114,-926,-461,148,717,1075,1122,836,286,-371,-913,-1187,-1128,-733,-103,561,1065,1275,1115,629,-43,-714,-1194,-1330,-1081,-528,175,841,1274,1334,1022,420,-306,-949,-1326,-1331,-950,-299,429,1040,1359,0,853,178,-551,-1125,-1377,-1236,-744,-36,674,1191,1373,1164,620,-109,-808,-1277,-1387,-1097,-496,253,941,1367,1410,1047,379,-394,-1068,-1449,-1432,-1014,-303,502,1164,1511,1439,962,216,-595,-1246,-1552,-1429,-905,-137,678,1301,1566,1398,851,65,-743,-1339,-1565,-1363,-785,7,789,1350,1537,1297,705,-63,-814,-1351,-1502,-1227,-634,124,847,1332,1456,1183,583,-158,-853,-1312,-1416,-1143,-568,155,820,1254,1359,1111,565,-107,-726,-1146,-1264,-1050,-570,41,613,1009,1135,962,550,20,-492,-861,-993,-875,-543,-87,370,706,857,798,541,161,-239,-558,-734,-729,-561,-277,48,341,542,615,563,406,190,-28,-201,-315,0,0,0,0,0,-339,-455,-496,-442,-282,-37,249,508,674,709,586,312,-50,-421,-707,-837,-775,-509,-101,347,724,929,905,648,208,-299,-746,-1009,-1011,-753,-283,278,783,1098,1128,856,348,-268,-831,-1176,-1224,-941,-386,280,872,1253,1301,995,418,-284,-916,-1308,-1354,-1036,-431,307,958,1354,1395,1046,407,-329,-990,-1389,-1400,-1033,-393,353,992,1365,1366,992,347,-382,-989,-1323,-1290,-897,-266,437,999,1266,1174,755,138,-505,-1000,-1201,-1048,-602,3,599,1016,1130,915,431,-179,-724,-1058,-1077,-784,-265,341,850,1102,1031,659,89,-519,-977,-1148,-999,-555,58,663,1089,1205,981,476,-181,-790,-1173,-1226,-934,-374,0,896,1236,1230,864,248,-428,-984,-1263,-1184,-763,-116,569,1088,1296,1132,642,-38,-719,-1197,-1330,-1084,-522,199,863,1287,1355,1030,402,-343,-991,-1366,-1352,-954,-288,463,1087,1403,1319,857,155,-588,-1159,-1396,-1237,-731,-24,687,1194,1352,1123,574,-130,-782,-1197,-1268,-974,-398,290,879,1196,1163,792,201,-442,-951,-1180,-1054,-619,-8,593,1007,1133,926,445,-160,-709,-1037,-1066,-785,-275,310,798,1038,962,610,96,-435,-838,-988,-837,-440,70,551,857,897,667,238,-254,-663,-866,-793,-479,-25,429,755,851,680,289,-190,-614,-860,-845,-563,-104,392,784,948,821,444,-74,-585,-937,-1022,-799,-335,0,0
61323,mtk,MTK 7916,861430320,rx2-tx1,512,0,0,0,986,558,-36,-635,-1061,-1187,-977,-490,140,736,1123,1199,934,410,-223,-797,-1147,-1166,-853,-305,330,864,1144,1098,751,191,-426,-908,-1122,-1011,-613,-50,523,930,1059,882,453,-106,-625,-949,-992,-736,-258,296,753,978,905,557,45,-481,-872,-1003,-831,-403,147,665,992,1022,745,250,-333,-824,-1074,-1001,-635,-81,494,931,1104,947,506,-91,-664,-1048,-1127,-870,-356,281,850,1169,1150,804,214,-463,-1009,-1269,-1173,-746,-88,596,1124,1349,1203,707,4,-696,-1206,-1392,-1180,-640,68,757,1246,1383,1135,578,-134,-802,-1244,-1343,-1076,-512,189,821,1225,1292,1000,434,-227,-805,-1150,-1181,-884,-346,266,0,1050,1028,723,224,-319,-747,-943,-861,-537,-70,402,747,855,709,353,-104,-516,-765,-787,-569,-174,270,629,795,714,415,-7,-429,-733,-822,-652,-278,190,612,854,848,582,128,-373,-800,-1011,-924,-562,-24,544,986,1167,1020,585,-27,-659,-1130,-1290,-1104,-610,62,722,1197,1356,1154,646,-50,-756,-1248,-1417,-1225,-690,35,745,1271,1456,1256,736,23,-692,-1229,-1454,-1299,-814,-131,580,1132,1380,1274,854,240,-417,-957,-1231,-1188,-855,-322,262,754,1032,1038,786,347,-158,-594,-853,-892,-709,-358,66,447,697,769,647,374,33,-299,-547,-660,-617,-437,-176,97,327,471,507,444,312,149,-19,0,0,0,0,0,-85,-277,-442,-546,-554,-452,-245,32,310,537,658,629,450,165,-155,-444,-642,-679,-540,-265,79,402,632,697,574,296,-64,-411,-647,-712,-586,-291,88,453,705,757,604,285,-132,-517,-771,-820,-634,-272,166,580,844,866,653,262,-212,-639,-898,-911,-668,-236,264,695,945,930,658,199,-323,-759,-984,-947,-644,-163,367,806,1016,949,619,106,-425,-840,-1012,-911,-568,-63,462,857,1010,873,493,-21,-532,-886,-991,-809,-399,114,603,926,982,753,320,-197,-673,-958,-974,-719,-263,267,716,960,935,652,189,-320,-738,-940,-876,-573,-105,389,765,923,821,477,6,-459,-787,-891,-745,0,90,524,805,856,660,273,-187,-586,-811,-799,-557,-166,265,618,782,708,422,15,-393,-682,-761,-599,-254,161,529,745,736,496,96,-334,-674,-829,-736,-417,27,485,807,886,709,334,-145,-598,-885,-910,-671,-237,263,697,922,872,569,95,-407,-791,-944,-820,-452,56,554,890,960,744,310,-221,-700,-984,-968,-664,-163,399,847,1048,955,580,25,-549,-964,-1107,-928,-484,119,696,1066,1131,884,385,-240,-809,-1143,-1154,-848,-301,346,891,1182,1143,775,189,-447,-952,-1183,-1075,-666,-84,522,981,1160,995,550,-47,-624,-1014,-1108,-882,-400,198,738,1060,1066,763,241,-351,-843,-1091,-1023,0,0,0,0,0,589,1014,1156,982,526,-92,-685,-1094,-1198,-966,-459,183,772,1138,1180,894,359,-280,-837,-1149,-1137,-805,-248,371,880,1136,1062,682,114,-472,-910,-1082,-952,-545,23,567,938,1022,807,356,-192,-680,-965,-949,-639,-143,392,809,983,872,492,-53,-585,-940,-1015,-793,-332,235,740,1029,1014,700,181,-400,-875,-1088,-970,-569,-6,573,992,1114,905,420,-194,-751,-1100,-1135,-829,-278,362,923,1216,1154,763,145,-535,-1070,-1302,-1177,-717,-36,663,1184,1381,1194,676,-28,-731,-1236,-1393,-1167,-625,85,774,1244,1365,1107,545,-159,-813,-1240,-1320,-1031,-472,206,811,1179,1227,944,403,-243,-798,-1115,-1111,0,-288,292,766,1001,949,630,152,-362,-741,-893,-789,-449,22,467,766,827,635,263,-184,-574,-789,-755,-493,-88,344,675,805,689,350,-95,-521,-795,-826,-607,-199,282,704,931,886,571,74,-465,-884,-1076,-968,-577,7,614,1060,1228,1066,600,-46,-686,-1164,-1337,-1137,-625,60,738,1222,1379,1181,665,-50,-756,-1266,-1440,-1231,-694,19,734,1271,1466,1279,775,72,-647,-1194,-1433,-1296,-839,-193,501,1055,1318,1243,861,289,-334,-850,-1130,-1120,-829,-340,212,677,946,958,743,360,-99,-511,-774,-827,-674,-364,23,378,626,715,630,404,100,-211,-456,-583,-577,-457,-261,-37,170,312,373,363,0,0,0,0,0,439,401,281,79,-161,-394,-564,-629,-563,-369,-90,219,486,644,649,499,230,-105,-427,-639,-685,-556,-288,64,403,632,697,576,293,-70,-414,-661,-739,-594,-282,110,480,724,784,628,284,-151,-549,-808,-842,-641,-266,189,612,874,889,659,242,-243,-668,-922,-922,-656,-211,299,737,965,933,652,187,-346,-791,-1018,-955,-631,-135,402,824,1024,935,596,94,-440,-847,-1013,-901,-537,-23,499,867,989,838,451,-69,-566,-903,-983,-788,-365,162,642,948,978,734,288,-242,-693,-963,-966,-685,-220,291,726,962,916,613,152,-352,-752,-935,-849,-525,-60,415,774,913,780,428,-33,-488,0,-886,-696,-322,138,559,817,835,607,217,-229,-604,-793,-753,-500,-101,315,635,758,647,347,-63,-457,-712,-745,-545,-179,254,614,796,741,462,38,-406,-744,-871,-738,-378,96,550,848,902,700,297,-203,-649,-901,-892,-626,-182,324,738,936,853,518,28,-474,-829,-939,-781,-386,141,628,933,966,707,233,-314,-774,-1017,-964,-626,-97,467,909,1086,945,535,-44,-623,-1022,-1129,-921,-440,176,748,1113,1161,876,336,-300,-854,-1173,-1159,-816,-241,397,924,1185,1118,735,146,-480,-967,-1170,-1035,-616,-21,572,993,1132,942,477,-121,-678,-1031,-1088,-829,-325,275,782,1065,1051,725,178,-411,0,0
61324,mtk,MTK 7916,861491182,rx0-tx0,512,-330,-866,-793,87,318,526,707,847,919,934,891,801,661,475,260,45,-176,-399,-583,-737,-841,-894,-900,-850,-746,-608,-424,-213,12,232,443,640,790,895,949,941,873,752,583,365,134,-110,-351,-562,-745,-879,-962,-986,-939,-836,-684,-483,-257,-7,230,457,650,819,927,974,954,886,767,596,389,158,-74,-304,-518,-704,-848,-933,-968,-939,-852,-709,-535,-307,-67,189,419,629,792,909,950,948,880,737,564,354,129,-107,-336,-527,-683,-805,-867,-866,-816,-714,-572,-409,-214,-3,201,377,535,650,726,763,755,689,589,450,297,119,-62,-224,-374,-512,-614,-670,-689,-672,-613,-520,-396,-247,-26,69,243,387,518,619,663,680,661,598,493,358,207,29,-146,-311,-465,-588,-681,-719,-713,-666,-576,-441,-277,-94,90,272,444,577,678,739,734,701,620,500,335,157,-34,-221,-398,-560,-661,-738,-766,-734,-658,-544,-389,-200,7,209,399,568,699,771,798,774,688,551,371,165,-57,-268,-470,-640,-757,-811,-789,-718,-593,-426,-217,-3,198,384,532,624,669,659,584,486,345,192,37,-116,-248,-344,-412,-437,-441,-406,-344,-268,-180,-90,-2,81,154,207,248,272,267,254,233,191,141,84,22,-34,-90,-145,-183,-208,-217,-213,-187,-151,-94,-26,41,108,151,175,171,139,-770,-850,510,-329,-539,150,111,45,-32,-111,-186,-244,-276,-273,-250,-205,-142,-60,23,115,197,265,320,354,352,342,306,239,149,44,-68,-186,-305,-407,-492,-538,-547,-519,-457,-345,-197,-12,168,348,523,668,766,806,793,704,549,357,128,-133,-393,-635,-827,-968,-1043,-1039,-945,-778,-539,-251,46,357,651,893,1069,1169,1177,1103,951,708,417,98,-234,-538,-821,-1041,-1168,-1224,-1185,-1067,-882,-613,-309,-1,320,612,858,1048,1154,1181,1140,1014,811,560,271,-26,-325,-588,-818,-995,-1102,-1137,-1101,-973,-793,-557,-291,-8,275,536,774,946,1055,1100,1073,977,814,586,328,61,-219,-474,-693,-874,-1005,-1057,301,-966,-826,-638,-420,-151,103,353,576,758,903,993,1018,999,904,765,563,334,83,-197,-451,-686,-865,-1007,-1080,-1083,-1019,-884,-693,-460,-194,85,350,609,823,978,1082,1111,1081,981,818,610,369,80,-195,-459,-709,-915,-1071,-1150,-1170,-1119,-1001,-804,-552,-269,35,342,634,879,1058,1197,1249,1222,1108,929,693,388,67,-245,-564,-844,-1044,-1208,-1276,-1250,-1153,-963,-726,-448,-132,181,482,753,956,1103,1178,1175,1100,953,743,499,235,-50,-325,-575,-789,-941,-1043,-1069,-1037,-935,-786,-594,-355,-101,158,408,621,794,918,989,999,937,833,672,468,236,-6,-243,-468,-667,-819,-913,-952,-945,352,128,-82,196,403,944,889,782,623,415,191,-35,-257,-467,-647,-791,-882,-914,-903,-828,-700,-542,-349,-135,90,315,511,678,811,893,920,893,813,681,498,295,62,-181,-403,-604,-773,-894,-956,-967,-915,-797,-638,-431,-206,49,303,520,713,859,959,987,954,862,728,542,315,77,-158,-375,-580,-753,-879,-954,-966,-912,-808,-653,-456,-234,0,238,463,652,812,919,963,943,868,740,563,339,94,-139,-384,-583,-743,-863,-924,-923,-858,-732,-581,-387,-162,56,270,462,608,720,791,816,774,697,579,427,253,65,-126,-304,-455,-577,-664,-716,-715,-669,-601,-487,-343,-179,-17,151,304,443,555,632,628,677,642,562,459,307,151,-12,-182,-349,-492,-592,-668,-700,-684,-631,-535,-409,-248,-64,114,282,452,584,681,725,730,687,599,460,303,111,-76,-251,-419,-564,-672,-739,-764,-726,-647,-514,-354,-186,17,213,387,548,674,756,781,758,683,563,391,192,-10,-226,-429,-604,-732,-805,-815,-767,-674,-520,-319,-89,133,340,519,657,742,754,715,614,471,296,115,-89,-256,-393,-494,-546,-557,-528,-453,-355,-238,-115,-1,116,206,278,323,343,340,318,275,220,162,87,16,-48,-109,-164,-193,-221,-223,-218,-205,-176,-129,-77,-17,47,104,155,195,206,199,167,113,50,-17,-74,-420,-224,-82,-884,-781,-104,-174,-216,-230,-219,-178,-110,-24,61,139,212,265,298,308,301,263,204,128,34,-56,-146,-242,-324,-390,-428,-443,-430,-373,-290,-179,-42,107,258,403,529,618,667,664,621,520,361,166,-44,-262,-488,-674,-814,-912,-936,-882,-755,-568,-333,-57,244,528,778,981,1100,1134,1095,954,743,482,176,-148,-455,-749,-981,-1140,-1220,-1202,-1099,-922,-654,-357,-35,292,590,858,1065,1174,1212,1166,1030,832,582,283,-19,-318,-609,-845,-1030,-1137,-1174,-1124,-1000,-808,-563,-280,-3,294,567,797,977,1081,1125,1083,985,811,578,319,42,-242,-510,-745,-928,-1035,-1090,-1068,-965,-805,-608,-361,-99,-176,421,649,818,953,1019,1018,967,851,686,479,232,-17,-269,-508,-710,-885,-991,-1062,-1049,-968,-827,-630,-406,-134,138,413,659,855,1006,1093,1098,1048,929,753,525,270,-6,-278,-546,-765,-943,-1077,-1146,-1122,-1050,-908,-712,-464,-178,104,392,666,905,1071,1182,1217,1187,1065,867,627,346,23,-295,-596,-852,-1076,-1226,-1273,-1254,-1166,-967,-722,-435,-97,223,533,810,1020,1172,1237,1217,1127,962,733,471,174,-124,-410,-664,-875,-1020,-1108,-1127,-1071,-952,-768,-545,-291,-24,237,483,692,869,990,1033,1020,943,810,627,412,171,-81,-325,-539,-726,-860,-944,-977,-943,-855,-708,-516,-293,-70,172,-870,-932
61325,mtk,MTK 7916,861491182,rx0-tx1,512,-686,442,229,505,613,671,678,644,569,450,308,154,-8,-174,-317,-438,-532,-589,-611,-591,-535,-453,-343,-217,-84,45,177,294,389,464,511,535,529,495,432,342,240,122,-4,-133,-254,-352,-445,-519,-555,-569,-538,-491,-402,-289,-161,-25,134,282,408,519,597,656,669,632,559,441,300,132,-49,-222,-389,-533,-639,-706,-733,-704,-633,-529,-376,-206,-27,166,345,499,617,702,743,734,671,574,430,266,86,-98,-275,-438,-566,-653,-706,-711,-672,-589,-473,-327,-154,15,189,345,487,591,656,683,662,603,512,378,222,63,-104,-268,-417,-528,-609,-656,-658,-621,-539,-428,-284,-125,38,202,-38,491,587,638,645,624,557,451,314,163,7,-156,-309,-444,-549,-617,-638,-624,-573,-485,-359,-211,-51,113,281,420,535,613,640,626,570,480,355,214,59,-104,-255,-393,-498,-566,-598,-591,-539,-458,-353,-215,-66,78,219,337,434,509,548,542,511,441,346,233,107,-26,-155,-287,-385,-446,-494,-519,-494,-438,-362,-256,-141,-3,126,255,355,436,494,512,483,436,352,238,99,-27,-152,-279,-384,-438,-475,-470,-426,-352,-256,-142,-19,105,214,306,373,410,419,383,319,234,136,21,-96,-193,-276,-334,-361,-353,-313,-239,-147,-45,67,165,241,282,290,259,180,92,-6,-84,855,769,0,677,466,-128,-172,-191,-179,-143,-81,-7,71,139,192,234,240,228,193,139,75,-2,-67,-135,-192,-232,-253,-256,-230,-189,-129,-67,1,71,132,182,212,232,226,209,175,126,79,34,-18,-56,-89,-124,-137,-161,-169,-166,-167,-149,-135,-103,-78,-34,8,50,96,137,181,207,222,232,217,184,134,91,26,-37,-98,-161,-206,-242,-255,-258,-252,-217,-175,-123,-64,-3,59,118,166,210,246,268,273,270,240,198,145,81,9,-70,-144,-218,-280,-324,-346,-347,-321,-277,-214,-128,-40,49,150,231,298,350,384,392,363,323,260,182,85,-20,-120,-221,-301,-358,-408,-432,-425,-384,-48,-250,-145,-36,75,186,288,381,441,475,482,457,407,330,220,103,-30,-166,-293,-406,-485,-536,-550,-529,-473,-381,-270,-138,2,142,276,387,476,546,570,560,524,449,350,223,90,-56,-191,-323,-436,-520,-581,-602,-590,-543,-455,-344,-213,-57,98,253,392,515,607,657,667,642,576,470,333,175,-4,-184,-357,-503,-627,-706,-739,-740,-676,-571,-432,-247,-59,147,327,495,635,726,775,773,715,609,463,288,97,-102,-289,-458,-598,-692,-743,-743,-699,-613,-491,-331,-158,21,204,372,515,627,702,721,710,643,536,396,233,55,-129,-297,-445,-573,-659,-702,-703,-655,-563,-434,233,544,9,-809,-900,460,313,143,-33,-201,-360,-491,-586,-639,-649,-616,-545,-450,-323,-182,-30,120,254,368,465,528,558,554,524,461,383,279,158,34,-97,-215,-328,-415,-480,-519,-537,-525,-480,-411,-324,-207,-81,48,179,308,433,520,578,610,615,565,490,375,240,87,-89,-252,-401,-526,-617,-683,-701,-678,-609,-489,-343,-175,8,202,365,521,639,711,742,728,655,544,405,240,53,-142,-319,-477,-605,-688,-733,-722,-674,-580,-449,-294,-126,58,233,393,524,626,683,697,666,596,490,348,192,26,-148,-301,-446,-563,-632,-666,-662,-617,-529,-404,-265,-100,67,227,374,496,591,640,654,625,634,442,308,147,-13,-178,-335,-471,-564,-620,-640,-623,-562,-468,-343,-190,-26,135,284,424,531,604,631,630,575,483,367,217,47,-118,-270,-408,-519,-592,-624,-607,-556,-474,-351,-208,-56,99,238,356,460,536,568,565,521,444,350,234,98,-45,-182,-314,-409,-479,-512,-519,-499,-443,-344,-242,-130,4,145,259,358,434,491,508,493,440,359,256,135,-6,-136,-258,-367,-452,-487,-489,-461,-407,-303,-186,-66,71,194,298,376,426,445,421,371,294,196,88,-29,-145,-241,-317,-368,-391,-372,-324,-255,-162,-54,61,166,251,304,332,324,272,193,93,-9,-115,-189,-226,-226,-189,-276,-486,0,247,553,-96,-51,19,90,156,206,227,217,180,130,60,-16,-82,-149,-199,-238,-251,-240,-214,-157,-97,-28,42,113,170,208,230,243,232,205,161,109,42,-28,-82,-131,-165,-186,-196,-191,-170,-160,-126,-92,-62,-16,8,46,80,112,144,163,179,181,190,184,162,124,78,28,-35,-104,-164,-199,-232,-258,-251,-236,-196,-151,-92,-31,24,88,146,189,225,251,259,254,230,202,160,107,45,-17,-87,-160,-216,-257,-290,-310,-310,-283,-244,-187,-117,-28,63,149,223,298,349,368,372,351,300,235,153,59,-47,-139,-220,-297,-357,-397,-405,-395,-354,-283,-207,-117,-10,107,210,-1135,370,423,444,446,416,364,278,181,68,-51,-173,-284,-390,-464,-507,-521,-502,-449,-360,-245,-121,20,156,292,404,490,547,564,548,495,407,305,175,35,-101,-240,-365,-463,-532,-571,-580,-554,-497,-399,-286,-153,-4,140,288,419,520,599,631,626,587,513,411,272,114,-47,-209,-369,-507,-611,-686,-718,-704,-636,-528,-391,-219,-40,155,347,500,635,726,773,769,702,604,447,273,84,-119,-313,-486,-623,-717,-767,-761,-705,-611,-472,-303,-117,66,244,412,553,654,709,728,705,630,515,374,200,21,-158,-337,-484,-602,-678,-717,-707,-653,-557,-425,-259,-91,88,265,419,542,-676,-467
61326,mtk,MTK 7916,861491182,rx1-tx0,512,0,250,87,596,522,433,313,160,13,-155,-315,-459,-577,-650,-706,-717,-677,-601,-476,-325,-150,49,247,441,608,747,831,865,846,774,636,456,238,4,-245,-473,-681,-846,-953,-1000,-976,-888,-746,-544,-293,-27,236,501,726,894,1005,1061,1039,935,778,564,319,53,-218,-470,-682,-851,-964,-1029,-1011,-926,-793,-602,-380,-143,109,349,566,754,886,958,990,945,832,670,477,254,-3,-254,-471,-681,-838,-915,-957,-940,-850,-705,-514,-309,-82,162,392,588,735,851,893,892,826,707,541,345,136,-86,-302,-490,-650,-767,-822,-819,-762,-664,-515,-343,-165,32,219,389,525,622,683,697,672,592,-277,348,201,37,-109,-250,-383,-477,-532,-569,-567,-539,-486,-401,-288,-174,-44,83,209,325,407,479,532,554,529,483,406,294,171,45,-83,-212,-331,-434,-508,-547,-576,-564,-513,-434,-329,-197,-62,73,226,374,495,590,656,676,663,602,496,358,179,-18,-212,-404,-577,-715,-809,-840,-812,-729,-586,-389,-166,71,311,531,720,853,902,902,826,678,488,244,-10,-257,-473,-661,-777,-844,-847,-784,-658,-480,-289,-70,150,346,506,621,700,709,671,575,443,293,120,-62,-222,-368,-490,-558,-581,-557,-487,-383,-254,-99,55,199,329,427,482,481,425,326,196,46,-97,-217,-290,-310,247,352,0,-688,-659,-58,-57,-40,-20,6,37,65,87,101,110,104,90,70,41,7,-30,-64,-103,-133,-142,-145,-146,-128,-105,-69,-34,11,51,91,132,163,190,195,197,188,161,109,63,8,-54,-120,-180,-236,-274,-294,-295,-277,-233,-175,-104,-8,92,188,279,362,404,426,423,365,290,195,72,-68,-201,-327,-421,-490,-525,-508,-461,-373,-254,-121,27,174,301,409,483,516,520,479,407,304,179,49,-83,-211,-327,-404,-457,-476,-466,-420,-337,-249,-138,-23,92,186,264,320,357,365,367,343,289,237,173,104,30,-46,-107,-175,-240,-295,-333,-354,-356,-348,-313,-263,-180,-84,17,128,489,317,392,447,475,470,424,355,269,155,32,-108,-241,-353,-442,-517,-552,-538,-498,-423,-322,-201,-59,87,230,345,457,539,587,595,553,484,381,251,105,-49,-193,-335,-454,-537,-587,-616,-595,-534,-441,-318,-173,-32,112,267,382,485,559,599,601,566,501,411,299,167,19,-133,-275,-406,-506,-587,-637,-651,-629,-555,-454,-320,-165,13,203,368,518,638,727,765,744,679,551,391,204,-4,-205,-390,-555,-669,-742,-769,-737,-645,-529,-368,-190,-15,163,327,464,564,620,650,642,588,497,381,248,106,-37,-179,-306,-416,-491,-541,-574,-569,-534,-467,-369,-265,-133,8,140,265,154,-216,0,264,357,-211,-344,-461,-564,-629,-655,-653,-601,-522,-395,-244,-82,101,274,443,590,696,771,797,769,691,563,398,191,-21,-237,-449,-640,-798,-899,-943,-917,-835,-700,-510,-275,-16,246,485,697,871,990,1033,1015,924,762,551,308,34,-246,-495,-709,-882,-996,-1051,-1033,-939,-783,-583,-353,-96,177,417,627,803,924,993,997,923,813,643,434,204,-39,-299,-522,-714,-853,-952,-987,-939,-849,-709,-501,-273,-43,206,434,630,784,881,936,923,843,709,534,332,104,-116,-335,-525,-689,-795,-857,-857,-799,-694,-545,-356,-143,70,267,450,601,696,756,764,717,627,499,351,180,3,-175,-337,315,-553,-614,-635,-607,-568,-482,-367,-246,-110,33,161,284,393,472,523,547,547,514,444,350,248,130,-11,-141,-261,-375,-463,-519,-551,-552,-521,-449,-358,-248,-131,1,150,281,398,498,569,597,608,584,511,403,278,129,-41,-215,-389,-534,-650,-731,-764,-741,-675,-554,-390,-190,29,250,461,653,794,877,899,859,739,567,333,90,-159,-413,-622,-786,-889,-906,-861,-755,-593,-380,-158,76,301,505,649,743,785,756,677,549,389,200,-1,-191,-365,-495,-592,-647,-638,-581,-489,-359,-204,-41,124,271,389,477,522,519,473,389,266,113,-49,-196,-311,-387,-416,-386,-304,-183,-60,-262,-94,0,126,-242,18,45,66,79,91,88,76,57,30,-3,-40,-70,-98,-121,-132,-130,-120,-98,-66,-35,-1,43,85,111,139,160,173,164,150,121,90,42,-4,-51,-99,-154,-191,-220,-239,-243,-226,-198,-155,-88,-13,61,144,223,283,337,362,356,327,281,203,100,-11,-143,-261,-352,-429,-476,-480,-445,-379,-276,-162,-14,129,262,379,466,519,537,507,437,342,212,81,-62,-203,-324,-417,-474,-502,-499,-465,-383,-276,-157,-29,95,216,308,379,425,436,418,373,306,226,135,45,-38,-128,-194,-236,-286,-315,-333,-328,-309,-286,-242,-183,-114,-31,49,132,215,287,355,389,411,406,-571,325,232,130,11,-115,-233,-338,-429,-488,-518,-521,-472,-393,-292,-179,-37,106,235,361,455,535,569,573,526,455,358,223,80,-77,-223,-350,-465,-549,-601,-598,-570,-506,-410,-278,-143,8,165,301,426,525,583,604,604,550,465,365,238,93,-61,-206,-339,-446,-531,-590,-618,-601,-557,-480,-375,-249,-98,53,218,375,506,612,682,717,693,622,519,374,205,7,-185,-375,-546,-673,-754,-786,-755,-682,-551,-381,-198,-1,203,382,530,645,695,710,686,614,509,362,210,57,-106,-258,-391,-491,-557,-592,-596,-568,-511,-423,-310,-189,-54,94,224,346,438,508,567,581,568,510,681,663
61327,mtk,MTK 7916,861491182,rx1-tx1,512,0,0,0,-472,-691,-733,-577,-252,146,504,732,765,584,252,-141,-494,-714,-740,-560,-233,153,492,693,694,499,175,-184,-491,-651,-622,-410,-83,256,523,638,568,336,3,-330,-570,-638,-517,-248,92,410,614,639,478,187,-167,-477,-652,-643,-448,-126,235,543,705,668,434,72,-300,-595,-731,-661,-403,-36,332,608,720,633,374,17,-344,-601,-688,-579,-306,50,384,615,669,525,238,-118,-445,-642,-658,-492,-178,189,494,665,657,469,146,-217,-523,-686,-661,-455,-130,231,529,676,642,435,114,-236,-523,-658,-612,-404,-86,244,500,615,576,382,91,-215,-458,-567,-519,-333,-66,197,395,0,429,257,27,-191,-348,-397,-318,-150,47,228,334,326,213,35,-154,-297,-354,-299,-141,68,267,387,394,289,89,-153,-362,-477,-464,-316,-61,214,440,563,527,345,67,-242,-509,-645,-597,-388,-76,272,556,693,646,429,99,-266,-573,-731,-689,-469,-121,270,594,764,736,507,137,-267,-602,-791,-790,-567,-189,235,595,809,819,627,268,-153,-540,-785,-828,-674,-352,53,444,722,810,699,421,50,-325,-613,-739,-678,-459,-131,224,503,645,634,470,203,-103,-370,-532,-564,-463,-254,4,247,431,502,450,295,85,-135,-310,-412,-421,-339,-189,-14,144,260,320,321,261,168,60,0,0,0,0,0,262,161,6,-186,-371,-507,-561,-509,-347,-97,199,467,646,690,588,354,29,-320,-610,-764,-744,-550,-214,177,531,765,818,664,345,-64,-465,-751,-860,-748,-433,-11,424,751,885,796,486,38,-418,-769,-926,-846,-540,-90,395,793,979,911,602,120,-393,-810,-1026,-970,-655,-167,376,813,1044,1006,684,182,-351,-797,-1043,-1012,-699,-192,362,809,1040,997,684,180,-365,-814,-1039,-980,-647,-124,430,860,1059,971,613,81,-486,-925,-1112,-996,-605,-38,548,984,1162,1027,616,26,-592,-1053,-1236,-1094,-655,-17,627,1108,1306,1169,718,79,-587,-1117,-1353,-1223,-778,-139,543,1088,1330,1221,795,0,-528,-1042,-1274,-1178,-764,-142,519,1035,1264,1141,714,94,-548,-1044,-1250,-1108,-659,-26,613,1083,1270,1107,631,-16,-660,-1130,-1285,-1095,-611,35,682,1150,1301,1100,609,-47,-689,-1140,-1276,-1076,-584,64,679,1108,1236,1024,525,-100,-676,-1064,-1152,-924,-442,161,699,1018,1055,793,305,-260,-750,-1015,-985,-679,-174,392,838,1044,967,610,82,-474,-905,-1090,-976,-591,-39,527,947,1105,961,567,22,-537,-944,-1094,-945,-549,-17,519,909,1045,892,509,2,-488,-829,-937,-798,-446,14,448,738,822,683,348,-70,-442,-679,-715,-548,-224,154,472,652,630,419,87,-266,-540,-657,-581,-330,23,373,0,0,0,0,0,566,260,-127,-486,-709,-742,-578,-247,152,506,730,760,582,249,-144,-498,-707,-716,-533,-209,166,487,662,650,453,130,-220,-504,-646,-595,-371,-46,290,544,634,540,292,-42,-369,-593,-646,-510,-227,125,447,638,639,464,153,-211,-515,-676,-652,-446,-107,267,568,712,662,424,69,-305,-602,-730,-646,-393,-33,337,609,704,605,348,-13,-369,-612,-681,-558,-270,85,411,629,672,512,204,-160,-474,-654,-662,-479,-160,202,508,685,670,471,139,-227,-525,-686,-668,-450,-115,238,523,667,626,417,99,-245,-522,-647,-592,-383,-84,238,484,602,552,358,78,-211,-437,-533,-479,-303,0,195,372,435,376,214,-2,-211,-341,-355,-264,-101,89,254,340,311,172,-16,-199,-334,-374,-294,-118,107,309,428,432,308,81,-182,-406,-524,-500,-326,-58,229,470,595,565,383,81,-262,-535,-665,-627,-420,-91,273,570,709,667,446,102,-276,-582,-743,-713,-482,-117,274,603,785,760,533,161,-266,-617,-808,-806,-597,-225,199,575,800,825,647,308,-114,-501,-761,-831,-697,-390,14,397,666,778,694,434,86,-271,-559,-693,-656,-469,-169,162,432,588,602,467,227,-56,-317,-489,-538,-457,-276,-39,195,374,458,431,313,135,-68,-244,-355,-391,-350,-246,-106,34,145,217,245,0,0,0,0,0,247,368,441,438,349,181,-52,-301,-514,-628,-617,-482,-231,83,393,631,740,677,454,117,-255,-572,-769,-792,-616,-291,112,493,751,838,717,400,-21,-434,-747,-870,-763,-459,-33,412,758,901,811,507,59,-408,-779,-953,-879,-575,-113,401,813,1014,945,633,151,-386,-826,-1046,-994,-685,-181,365,801,1040,1008,694,196,-349,-806,-1041,-991,-688,-190,366,810,1035,987,660,150,-405,-846,-1051,-979,-644,-116,454,892,1077,963,593,61,-510,-958,-1141,-1015,-606,-26,571,1024,1201,1062,631,17,-617,-1093,-1277,-1130,-676,-37,616,1117,1331,1200,751,109,-576,-1108,-1341,-1225,-799,-155,527,1062,0,1210,786,155,-516,-1039,-1265,-1159,-747,-129,527,1037,1249,1121,688,63,-583,-1069,-1252,-1089,-638,-11,626,1105,1277,1095,611,-38,-672,-1135,-1292,-1104,-614,47,693,1142,1288,1088,594,-59,-686,-1123,-1261,-1052,-550,83,677,1083,1187,970,490,-122,-683,-1039,-1097,-851,-375,203,715,1017,1020,730,239,-328,-791,-1029,-980,-651,-124,440,876,1072,973,594,49,-508,-933,-1100,-972,-580,-24,537,951,1104,962,561,17,-524,-917,-1060,-920,-534,-7,507,871,999,861,490,8,-452,-782,-882,-735,-400,37,445,706,763,605,282,-104,-452,-662,-672,-477,-153,209,504,646,601,374,31,-312,-566,-668,-578,0,0
61328,mtk,MTK 7916,861491182,rx2-tx0,512,0,0,0,-862,-1163,-1152,-821,-259,393,960,1274,1239,865,254,-436,-1020,-1337,-1289,-886,-244,471,1067,1373,1304,882,213,-513,-1093,-1377,-1280,-826,-151,567,1125,1372,1245,774,84,-625,-1160,-1367,-1190,-685,14,703,1192,1348,1136,605,-96,-765,-1221,-1335,-1073,-509,195,834,1236,1294,986,404,-279,-882,-1238,-1235,-879,-290,367,919,1202,1140,754,160,-467,-952,-1155,-1025,-597,-7,579,1000,1122,913,438,-166,-721,-1066,-1097,-810,-289,326,852,1133,1091,729,146,-485,-987,-1210,-1099,-674,-48,603,1094,1283,1111,622,-47,-711,-1182,-1333,-1119,-592,102,779,1241,1361,1113,563,-146,-816,-1266,-1377,-1102,-524,194,858,1293,0,1078,475,-249,-899,-1303,-1348,-1029,-423,299,939,1321,1340,989,360,-373,-1003,-1358,-1346,-956,-300,448,1072,1412,1368,949,268,-498,-1134,-1465,-1402,-965,-259,524,1179,1518,1447,986,260,-541,-1197,-1536,-1467,-996,-256,544,1202,1549,1484,1024,286,-520,-1186,-1540,-1480,-1032,-309,488,1146,1493,1448,1010,317,-459,-1112,-1464,-1430,-1020,-339,417,1058,1425,1412,1028,382,-351,-984,-1362,-1387,-1056,-463,240,871,1262,1331,1067,543,-104,-704,-1114,-1235,-1042,-596,-16,536,938,1097,982,632,141,-364,-758,-954,-908,-647,-253,188,567,791,816,652,354,-12,-361,-608,-709,-655,-470,-205,75,313,469,525,479,361,202,0,0,0,0,0,399,464,452,338,138,-117,-382,-600,-710,-670,-482,-177,190,534,769,838,713,409,-10,-437,-777,-942,-880,-597,-148,351,771,1013,1002,741,279,-275,-778,-1095,-1137,-883,-395,203,770,1151,1243,1020,529,-118,-743,-1185,-1327,-1131,-637,43,714,1203,1392,1219,720,23,-680,-1209,-1424,-1271,-781,-86,635,1197,1438,1302,831,140,-579,-1143,-1402,-1287,-844,-178,526,1083,1338,1230,803,163,-513,-1034,-1260,-1142,-718,-112,517,996,1189,1048,620,29,-558,-985,-1131,-952,-504,78,637,1012,1101,876,394,-196,-734,-1066,-1097,-814,-300,307,840,1146,1134,804,242,-399,-924,-1203,-1164,-798,-205,448,981,1248,1172,0,152,-505,-1030,-1281,-1172,-742,-103,566,1074,1292,1154,694,38,-645,-1142,-1311,-1121,-621,62,733,1209,1354,1121,581,-124,-811,-1271,-1391,-1130,-551,184,870,1317,1411,1114,513,-225,-911,-1343,-1400,-1077,-467,272,929,1328,1363,1015,397,-316,-943,-1299,-1284,-915,-305,385,959,1251,1193,801,188,-466,-977,-1208,-1090,-666,-62,550,1000,1168,1001,550,-57,-634,-1017,-1113,-896,-429,148,676,1007,1047,796,317,-248,-725,-986,-968,-671,-188,333,746,939,854,534,62,-422,-771,-883,-734,-371,97,531,800,832,619,210,-261,-654,-860,-808,-513,-59,422,779,914,785,416,-82,-568,-900,-981,-783,-347,206,701,0,0,0,0,0,809,264,-371,-920,-1229,-1203,-844,-247,426,1002,1312,1268,879,252,-453,-1049,-1360,-1298,-881,-225,485,1070,1370,1289,854,186,-536,-1108,-1370,-1263,-804,-121,590,1135,1367,1219,728,41,-657,-1170,-1356,-1165,-648,49,735,1210,1346,1108,563,-138,-800,-1235,-1319,-1033,-462,236,857,1234,1263,935,357,-321,-903,-1219,-1184,-822,-233,416,935,1179,1082,679,80,-528,-974,-1143,-977,-521,77,641,1022,1110,865,363,-246,-783,-1098,-1094,-770,-219,407,917,1170,1096,706,99,-541,-1035,-1247,-1107,-648,-1,656,1136,1305,1114,610,-74,-743,-1210,-1343,-1117,-588,116,798,1257,1369,1110,547,-162,-835,-1285,-1374,-1091,-509,0,872,1296,1359,1050,457,-264,-913,-1307,-1337,-1001,-393,331,968,1339,1340,966,323,-412,-1037,-1384,-1354,-950,-272,472,1103,1445,1389,962,268,-513,-1153,-1493,-1435,-974,-253,532,1177,1522,1461,998,260,-544,-1202,-1540,-1476,-1012,-273,536,1192,1543,1487,1023,293,-512,-1176,-1518,-1461,-1028,-321,467,1125,1482,1439,1016,325,-444,-1092,-1445,-1414,-1009,-355,386,1029,1395,1397,1043,413,-308,-934,-1320,-1364,-1056,-491,184,799,1199,1286,1053,565,-43,-621,-1032,-1174,-1020,-626,-90,444,843,1021,944,639,191,-277,-654,-861,-856,-649,-297,107,468,703,772,668,417,86,-232,-479,-619,-624,-510,-314,-88,119,274,352,0,0,0,0,0,-133,40,240,432,567,607,528,327,30,-296,-581,-757,-771,-608,-302,89,485,780,892,795,502,77,-385,-771,-983,-947,-666,-213,309,776,1055,1078,824,346,-235,-770,-1126,-1198,-955,-464,155,756,1175,1290,1077,580,-78,-727,-1191,-1353,-1174,-677,2,692,1209,1418,1250,753,61,-655,-1211,-1445,-1293,-812,-126,598,1165,1427,1311,846,169,-546,-1109,-1369,-1269,-832,-178,518,1057,1304,1195,768,140,-513,-1011,-1221,-1095,-676,-77,534,988,1157,999,561,-27,-598,-999,-1111,-905,-451,136,686,1044,1104,842,339,-257,-787,-1111,-1115,-800,-268,348,877,1169,1143,803,222,-425,-954,-1224,-1172,-796,-193,473,0,1269,1172,755,131,-527,-1041,-1280,-1163,-715,-66,602,1104,1297,1134,654,-15,-685,-1173,-1330,-1123,-606,89,768,1240,1374,1125,565,-160,-841,-1288,-1389,-1116,-528,208,886,1327,1408,1101,493,-247,-922,-1339,-1375,-1043,-430,292,929,1311,1323,970,350,-357,-949,-1269,-1234,-862,-252,426,969,1227,1143,734,121,-510,-997,-1195,-1050,-606,2,596,1012,1142,947,492,-99,-659,-1021,-1088,-848,-377,193,705,1006,1009,730,258,-281,-733,-968,-917,-606,-132,372,756,913,801,456,-17,-473,-777,-851,-674,-292,175,588,825,822,567,133,-341,-715,-888,-798,-466,11,496,849,957,791,390,-143,-641,-965,-1023,-786,0,0
61329,mtk,MTK 7916,861491182,rx2-tx1,512,0,0,0,1153,1023,621,40,-556,-1011,-1194,-1052,-620,-13,600,1047,1206,1043,602,-3,-611,-1050,-1190,-1009,-561,41,621,1027,1149,951,494,-89,-644,-1021,-1105,-871,-406,155,663,982,1014,755,282,-268,-733,-978,-935,-625,-138,387,803,989,883,512,-12,-532,-902,-1012,-828,-406,135,647,977,1029,789,312,-265,-760,-1041,-1037,-734,-214,363,843,1101,1031,658,100,-490,-953,-1159,-1031,-603,0,616,1072,1232,1044,556,-89,-726,-1182,-1310,-1084,-566,120,786,1247,1379,1136,589,-109,-796,-1264,-1383,-1141,-596,109,779,1238,1373,1128,588,-96,-744,-1201,-1327,-1089,-581,62,687,1120,1253,1050,572,-43,-620,-1020,-1146,0,-498,52,564,905,992,807,397,-112,-558,-831,-868,-655,-255,203,588,788,761,519,119,-310,-637,-777,-689,-395,20,426,704,781,628,277,-159,-559,-804,-815,-580,-166,307,715,933,893,592,109,-430,-874,-1097,-1027,-667,-112,484,981,1239,1160,767,165,-490,-1034,-1322,-1267,-877,-254,446,1040,1372,1350,982,362,-354,-992,-1381,-1414,-1099,-499,237,906,1349,1457,1202,660,-44,-730,-1227,-1412,-1245,-787,-152,503,1011,1258,1195,849,313,-278,-775,-1060,-1080,-837,-403,93,545,847,925,778,458,36,-368,-660,-782,-716,-488,-153,197,483,646,662,534,300,21,-240,-431,-521,-506,-405,-245,-72,78,0,0,0,0,0,-390,-305,-149,65,290,484,605,610,485,252,-43,-335,-560,-666,-621,-433,-136,195,481,659,675,524,240,-106,-431,-643,-689,-561,-276,82,424,660,733,616,316,-78,-455,-722,-804,-657,-341,65,467,761,854,716,384,-55,-485,-797,-904,-771,-428,34,499,841,950,808,460,-25,-518,-869,-984,-843,-475,33,526,883,1012,871,502,-8,-515,-883,-1009,-874,-500,14,520,877,993,843,475,-27,-526,-876,-983,-824,-441,63,546,881,973,806,420,-91,-580,-902,-983,-798,-394,113,598,917,984,784,380,-120,-590,-897,-957,-760,-352,147,596,880,914,704,314,-161,-593,-860,-887,-663,-256,0,618,859,852,615,215,-241,-630,-835,-797,-547,-150,291,638,795,723,446,47,-359,-658,-756,-639,-340,70,466,723,768,585,224,-208,-589,-806,-794,-557,-146,312,691,885,829,539,96,-381,-762,-923,-823,-499,-36,446,803,928,793,432,-52,-526,-854,-935,-745,-342,166,635,915,932,688,245,-277,-732,-986,-959,-646,-145,398,832,1040,958,601,68,-487,-914,-1099,-974,-566,5,579,989,1137,982,543,-63,-653,-1067,-1194,-993,-519,97,687,1095,1208,983,493,-123,-699,-1082,-1172,-939,-453,156,720,1084,1134,863,363,-220,-751,-1072,-1078,-778,-271,313,812,1079,1045,720,196,-389,-868,-1099,0,0,0,0,0,-46,539,983,1175,1046,624,30,-584,-1042,-1213,-1055,-611,-4,603,1049,1208,1039,586,-25,-621,-1046,-1184,-993,-539,61,638,1026,1123,916,461,-124,-659,-1001,-1062,-817,-343,215,699,973,964,686,220,-319,-762,-982,-912,-572,-69,455,850,993,848,457,-77,-593,-953,-1035,-813,-364,194,715,1026,1044,764,267,-313,-803,-1072,-1042,-706,-168,420,893,1119,1021,625,59,-539,-1010,-1188,-1027,-575,50,681,1124,1264,1060,556,-105,-746,-1208,-1343,-1101,-565,129,791,1249,1381,1138,594,-112,-787,-1249,-1372,-1127,-588,101,767,1226,1349,1113,593,-76,-716,-1160,-1289,-1073,-581,43,644,1062,1189,995,544,-42,0,-962,-1063,-871,-458,64,556,868,926,716,320,-151,-570,-811,-815,-586,-188,255,611,780,723,453,47,-371,-667,-773,-658,-343,79,484,755,792,591,224,-229,-630,-858,-840,-573,-131,373,801,1018,951,611,97,-464,-934,-1173,-1099,-719,-144,484,1014,1283,1216,837,221,-465,-1025,-1339,-1314,-936,-315,401,1029,1386,1385,1032,413,-315,-963,-1374,-1443,-1149,-570,139,818,1293,1447,1243,733,51,-621,-1125,-1351,-1248,-837,-244,382,888,1159,1145,859,384,-172,-657,-955,-1008,-818,-437,22,453,754,852,752,475,97,-280,-568,-711,-683,-505,-226,93,374,550,603,534,369,151,-74,-257,-365,-393,-347,0,0,0,0,0,-210,-380,-501,-548,-501,-349,-107,170,422,595,655,578,358,60,-250,-516,-664,-647,-473,-187,147,452,650,689,548,262,-93,-421,-642,-713,-587,-296,82,437,689,759,628,327,-75,-462,-733,-822,-688,-365,61,478,782,883,743,407,-45,-488,-808,-925,-793,-433,34,499,844,974,841,476,-28,-529,-879,-1002,-859,-483,17,523,892,1020,876,500,-12,-517,-878,-1012,-879,-507,11,520,876,995,844,459,-46,-536,-882,-989,-816,-427,73,559,907,996,803,397,-116,-604,-918,-984,-794,-393,118,592,904,975,785,375,-131,-589,-887,-939,-729,-325,153,585,866,915,692,281,-195,-611,-855,0,-632,-241,222,624,848,832,586,179,-269,-630,-818,-772,-511,-110,317,643,776,682,395,-10,-409,-683,-752,-603,-276,141,528,767,782,561,181,-259,-640,-851,-816,-550,-122,351,724,898,832,524,58,-424,-788,-930,-808,-469,6,489,830,933,769,384,-107,-569,-879,-937,-718,-289,229,682,943,946,671,196,-336,-775,-1007,-949,-624,-113,444,874,1065,965,586,34,-537,-963,-1118,-968,-543,47,626,1041,1171,984,525,-79,-667,-1078,-1193,-986,-502,116,696,1090,1182,951,468,-140,-708,-1078,-1147,-899,-411,191,734,1070,1104,830,333,-253,-774,-1068,-1055,-748,-237,345,831,1083,1033,689,148,0,0
61330,mtk,MTK 7916,861545570,rx0-tx0,512,-330,-764,-850,407,609,773,878,933,930,864,747,590,391,173,-49,-274,-480,-656,-787,-874,-898,-877,-821,-689,-528,-335,-122,99,318,510,693,829,903,942,911,821,677,494,279,47,-196,-429,-631,-791,-913,-969,-962,-902,-775,-606,-403,-161,77,312,521,704,843,940,967,933,843,695,518,311,75,-169,-391,-587,-748,-867,-939,-952,-902,-792,-637,-449,-216,24,254,478,673,817,910,950,917,831,701,507,289,57,-170,-389,-575,-723,-818,-864,-850,-800,-682,-537,-353,-143,57,253,431,574,680,747,758,725,658,555,418,249,72,-100,-269,-412,-544,-636,-680,-692,-663,-589,-479,-347,-199,-32,-26,285,416,531,620,669,670,638,562,461,322,155,-10,-195,-359,-493,-605,-681,-711,-697,-645,-545,-406,-230,-52,138,318,476,601,694,739,731,679,589,453,294,104,-89,-265,-426,-577,-691,-740,-746,-713,-626,-502,-334,-145,45,237,438,582,697,769,772,739,654,511,333,130,-83,-306,-496,-651,-757,-796,-776,-694,-564,-397,-205,16,225,400,546,637,678,654,591,477,338,186,12,-143,-270,-367,-421,-456,-451,-421,-350,-269,-184,-76,15,91,157,220,255,269,271,264,233,182,134,79,17,-40,-94,-142,-175,-207,-226,-211,-189,-153,-100,-36,35,101,155,186,183,159,121,-294,-468,510,368,166,97,38,-42,-114,-183,-235,-262,-257,-227,-180,-103,-23,58,145,208,270,318,340,335,312,260,191,93,-3,-112,-223,-321,-412,-482,-509,-515,-467,-376,-267,-121,55,231,408,551,668,748,767,731,629,462,254,24,-227,-465,-678,-857,-968,-1005,-979,-855,-670,-420,-131,170,463,726,953,1101,1162,1147,1041,847,593,294,-31,-347,-640,-896,-1093,-1208,-1216,-1142,-985,-763,-495,-189,132,436,709,936,1091,1167,1162,1086,925,713,447,155,-136,-435,-697,-901,-1046,-1118,-1122,-1049,-900,-703,-454,-177,118,406,650,858,1007,1088,1092,1028,898,715,481,224,-55,-324,-568,-780,-926,-1022,-1049,-998,301,-738,-524,-287,-41,216,449,659,836,949,1001,1000,939,830,651,434,201,-44,-298,-540,-753,-924,-1032,-1069,-1043,-946,-795,-585,-338,-71,200,467,707,894,1016,1089,1089,1024,896,717,490,230,-31,-306,-566,-786,-980,-1106,-1163,-1132,-1038,-900,-695,-436,-140,173,458,726,952,1109,1209,1235,1165,1028,827,567,269,-49,-372,-663,-920,-1111,-1226,-1272,-1214,-1086,-890,-627,-336,-9,304,582,831,1023,1142,1193,1155,1057,894,670,401,122,-158,-426,-667,-867,-1003,-1079,-1079,-1016,-890,-711,-503,-254,11,260,498,694,858,956,1001,984,906,773,608,386,148,-90,-332,-545,-725,-857,-941,-961,-914,-821,820,710,-82,-464,-279,851,726,549,345,118,-120,-344,-551,-718,-845,-901,-915,-870,-776,-632,-461,-252,-27,184,397,590,733,845,898,904,844,749,610,413,204,-19,-259,-472,-661,-804,-907,-959,-950,-874,-734,-554,-344,-96,141,378,591,762,895,963,971,917,813,655,460,233,-13,-242,-462,-641,-785,-893,-952,-941,-870,-744,-578,-374,-151,89,321,531,702,841,929,949,917,826,678,475,262,24,-216,-433,-631,-784,-875,-915,-901,-824,-692,-516,-324,-100,114,326,518,651,761,806,802,758,666,536,378,198,1,-182,-348,-496,-613,-693,-722,-717,-662,-567,-445,-291,-137,27,193,342,467,570,652,695,628,612,523,403,258,95,-73,-234,-387,-513,-618,-670,-693,-677,-607,-502,-365,-195,-17,166,331,482,608,689,726,718,663,559,424,260,75,-118,-299,-469,-594,-688,-737,-738,-685,-601,-477,-308,-123,59,246,418,573,695,753,759,730,642,502,344,141,-66,-262,-456,-617,-732,-799,-810,-751,-633,-484,-291,-73,150,359,530,655,735,758,704,603,458,282,89,-101,-278,-420,-511,-569,-583,-537,-461,-351,-230,-110,13,121,220,283,335,360,342,316,277,219,142,72,7,-57,-124,-171,-201,-230,-241,-236,-218,-176,-131,-81,-14,48,101,154,196,217,213,183,133,67,-4,-64,-108,-821,-743,-82,-846,-912,-148,-200,-214,-195,-158,-91,-7,80,154,218,269,290,296,268,224,167,91,-1,-90,-176,-257,-327,-378,-406,-411,-376,-309,-230,-110,15,154,306,423,520,604,638,629,559,436,282,93,-118,-329,-534,-703,-818,-883,-882,-805,-662,-459,-206,56,338,602,823,990,1084,1097,1025,878,649,363,54,-257,-565,-828,-1033,-1170,-1208,-1145,-1011,-805,-539,-225,108,415,697,930,1099,1196,1195,1112,958,729,456,156,-139,-438,-710,-924,-1081,-1142,-1142,-1065,-914,-705,-452,-165,128,422,670,875,1023,1104,1110,1029,889,710,475,201,-86,-361,-612,-821,-966,-1049,-1067,-1014,-898,-715,-495,-252,23,292,-176,719,882,976,1023,996,903,768,584,361,123,-128,-368,-595,-795,-934,-1017,-1044,-1005,-898,-730,-529,-274,-18,257,506,733,907,1030,1088,1079,990,842,634,407,143,-135,-402,-636,-839,-997,-1092,-1116,-1081,-968,-814,-600,-345,-57,237,500,745,955,1108,1190,1190,1113,978,767,505,216,-102,-411,-686,-930,-1117,-1228,-1266,-1217,-1082,-879,-597,-306,18,338,628,891,1078,1203,1249,1199,1078,896,643,363,61,-245,-517,-767,-954,-1079,-1128,-1116,-1032,-893,-691,-451,-191,80,339,585,778,924,1014,1033,994,896,743,546,316,78,-175,-411,-620,-789,-913,-968,-967,-918,-799,-637,-434,-214,26,255,469,-406,-580
61331,mtk,MTK 7916,861545570,rx0-tx1,512,-686,885,803,620,661,657,611,517,400,254,97,-65,-223,-366,-471,-555,-600,-600,-564,-501,-399,-282,-157,-22,107,231,336,420,481,513,520,503,458,381,282,172,62,-62,-183,-293,-386,-456,-507,-536,-532,-495,-437,-343,-234,-99,38,178,317,436,536,606,632,627,579,492,380,228,62,-110,-270,-424,-550,-647,-695,-704,-662,-583,-458,-309,-135,46,222,395,530,636,704,726,696,618,506,358,201,20,-157,-318,-465,-580,-656,-691,-678,-630,-538,-417,-264,-98,73,238,388,508,594,648,660,631,557,452,316,168,10,-148,-299,-434,-538,-608,-639,-628,-576,-500,-384,-235,-73,88,246,380,-38,581,625,624,587,517,410,277,116,-42,-200,-342,-457,-555,-611,-622,-598,-537,-427,-304,-162,-1,159,310,441,535,592,615,594,542,446,310,161,5,-151,-288,-423,-514,-566,-580,-561,-511,-419,-302,-164,-24,106,243,364,451,501,525,511,475,397,297,183,56,-66,-188,-296,-390,-453,-488,-496,-462,-405,-323,-217,-99,23,148,267,360,428,469,484,465,403,317,197,81,-46,-175,-287,-372,-436,-464,-454,-408,-337,-230,-122,-9,109,219,305,366,400,397,364,299,221,124,20,-90,-188,-269,-322,-350,-343,-303,-237,-148,-48,56,153,230,278,289,262,200,110,15,-69,-125,820,888,0,311,-72,-153,-170,-161,-123,-68,4,78,143,194,223,234,211,171,115,50,-20,-89,-156,-201,-231,-247,-236,-208,-160,-110,-45,27,92,149,192,215,232,220,187,148,109,54,6,-44,-86,-119,-138,-153,-160,-162,-157,-150,-136,-106,-80,-45,-11,28,71,121,150,182,207,218,225,189,152,115,57,-6,-65,-123,-170,-216,-241,-255,-247,-220,-178,-135,-80,-24,27,92,148,190,224,250,261,262,242,203,163,111,43,-37,-106,-170,-233,-292,-328,-335,-323,-288,-234,-162,-75,10,95,179,255,318,361,381,368,337,279,207,114,26,-67,-159,-252,-326,-381,-407,-406,-386,-337,-266,-48,-90,18,131,230,324,394,445,461,454,416,350,262,161,38,-92,-214,-325,-418,-484,-515,-519,-489,-422,-332,-213,-77,54,188,311,414,495,546,552,525,477,391,279,159,26,-110,-249,-361,-455,-532,-567,-575,-547,-488,-394,-271,-135,12,155,297,425,525,606,635,631,584,510,398,250,91,-78,-245,-399,-537,-637,-700,-716,-689,-617,-493,-347,-177,18,205,383,538,655,736,764,736,661,545,392,211,27,-170,-349,-498,-620,-702,-735,-720,-663,-561,-418,-260,-84,92,262,424,552,645,702,709,674,586,466,320,157,-13,-186,-351,-492,-602,-664,-688,-670,-611,-508,-370,-208,628,718,9,-260,-469,250,77,-91,-253,-399,-517,-603,-636,-631,-591,-508,-400,-271,-121,33,175,305,415,490,540,555,535,490,419,326,214,91,-32,-150,-265,-365,-442,-483,-507,-510,-485,-439,-363,-265,-149,-23,110,232,348,449,529,579,586,572,516,426,307,166,16,-135,-296,-429,-546,-625,-664,-662,-624,-547,-424,-271,-101,76,245,406,542,645,703,712,681,607,486,344,175,-6,-189,-350,-495,-608,-682,-715,-688,-625,-523,-386,-233,-60,110,279,426,546,634,674,675,633,552,433,292,133,-33,-195,-349,-476,-574,-634,-653,-631,-571,-474,-347,-205,-46,118,268,402,517,592,626,630,588,508,634,264,105,-62,-218,-360,-476,-570,-621,-628,-594,-518,-419,-291,-131,23,177,321,448,532,600,621,599,545,449,317,168,6,-150,-298,-432,-531,-585,-611,-587,-533,-438,-305,-160,-15,129,267,387,475,539,551,543,500,416,300,170,41,-92,-213,-331,-415,-478,-508,-499,-462,-397,-307,-197,-83,46,165,268,362,435,477,486,465,412,325,223,106,-17,-148,-268,-373,-449,-480,-485,-447,-373,-281,-172,-45,85,197,301,374,412,430,410,360,284,189,77,-41,-155,-244,-313,-360,-376,-358,-310,-238,-146,-46,57,155,233,294,323,319,277,204,109,6,-92,-176,-228,-234,-207,-146,367,168,0,645,714,-40,17,86,149,192,215,203,166,109,45,-29,-101,-163,-209,-233,-237,-221,-185,-131,-74,-3,69,133,180,215,239,239,221,188,135,77,12,-58,-109,-144,-176,-197,-198,-188,-163,-126,-94,-65,-27,7,40,69,103,127,143,162,177,181,179,155,122,95,47,0,-66,-132,-169,-211,-238,-239,-228,-208,-178,-133,-69,-4,61,121,166,207,236,245,249,245,214,173,117,62,2,-56,-124,-176,-217,-264,-295,-303,-284,-254,-212,-146,-65,14,93,178,252,315,352,361,350,315,260,184,100,5,-84,-174,-254,-321,-363,-382,-383,-357,-308,-238,-156,-56,47,148,244,321,-1135,423,437,414,371,314,228,128,10,-106,-223,-320,-397,-459,-498,-495,-457,-398,-307,-185,-53,75,211,328,428,497,532,539,511,445,352,237,106,-34,-161,-283,-396,-478,-531,-553,-548,-510,-432,-335,-208,-77,62,204,337,450,526,582,600,590,541,448,335,195,39,-114,-264,-402,-535,-624,-668,-674,-638,-565,-455,-308,-144,39,214,388,533,641,718,741,711,643,525,377,196,-1,-199,-373,-525,-650,-726,-750,-736,-660,-553,-410,-235,-46,139,309,461,581,667,711,706,657,572,446,300,126,-51,-231,-386,-518,-618,-684,-700,-671,-597,-490,-355,-193,-21,156,319,462,570,643,-346,31
61332,mtk,MTK 7916,861545570,rx1-tx0,512,0,-3,-186,474,363,244,100,-56,-204,-345,-475,-579,-645,-670,-664,-616,-523,-393,-248,-75,119,302,474,617,732,807,826,786,688,546,366,156,-65,-296,-518,-696,-838,-925,-949,-912,-813,-657,-452,-220,30,290,532,744,897,996,1019,968,871,708,487,239,-18,-276,-512,-704,-868,-961,-986,-955,-864,-719,-538,-315,-72,174,404,598,773,905,945,939,884,768,607,403,176,-69,-303,-512,-697,-828,-917,-940,-898,-794,-645,-459,-246,-14,208,423,607,760,855,886,861,778,653,487,284,73,-141,-345,-518,-663,-756,-806,-803,-742,-629,-476,-298,-106,79,268,428,556,656,685,678,637,553,444,-277,142,-8,-146,-286,-401,-485,-540,-561,-551,-504,-442,-354,-244,-130,-7,114,238,337,424,496,516,513,489,436,351,257,141,8,-114,-233,-350,-439,-510,-539,-546,-530,-473,-389,-285,-164,-9,128,255,386,490,578,627,636,605,546,438,298,142,-47,-234,-410,-575,-699,-775,-793,-761,-676,-528,-343,-138,110,339,539,712,823,890,882,786,634,444,221,-26,-270,-483,-657,-773,-837,-826,-742,-620,-453,-261,-47,168,356,503,625,689,700,649,564,441,272,103,-65,-234,-370,-484,-553,-574,-548,-486,-387,-248,-99,56,193,317,412,468,471,429,343,221,75,-72,-199,-282,-316,-300,345,308,0,-580,-297,-47,-31,-8,10,41,68,85,93,103,96,74,56,21,-11,-43,-73,-101,-124,-131,-135,-134,-112,-82,-53,-12,25,66,105,138,163,179,184,166,156,132,93,37,-22,-77,-130,-190,-235,-262,-281,-274,-243,-197,-138,-53,32,125,221,294,358,393,406,379,332,239,126,16,-118,-248,-348,-431,-485,-492,-476,-413,-313,-196,-52,95,220,343,442,496,512,498,438,355,247,122,-11,-157,-261,-356,-427,-478,-485,-450,-376,-286,-192,-83,31,135,218,288,347,366,369,345,304,255,190,118,43,-28,-91,-156,-209,-263,-290,-308,-325,-326,-299,-263,-196,-123,-40,63,160,242,489,389,431,434,427,379,298,203,84,-26,-158,-276,-378,-458,-502,-512,-503,-462,-376,-257,-135,10,144,268,393,482,534,563,556,505,420,312,187,39,-116,-257,-380,-474,-546,-585,-580,-533,-464,-373,-248,-105,39,187,313,424,500,555,570,558,508,439,338,207,76,-52,-194,-326,-436,-518,-572,-602,-601,-561,-481,-374,-245,-80,80,249,408,543,647,699,721,686,608,476,315,121,-79,-264,-435,-572,-684,-742,-741,-686,-594,-459,-298,-127,61,221,374,495,581,630,638,607,540,446,317,184,38,-99,-222,-347,-440,-506,-550,-558,-536,-478,-410,-313,-193,-68,66,197,313,410,-339,-604,0,354,300,-362,-474,-556,-612,-616,-593,-540,-447,-320,-164,-7,158,320,473,590,679,739,744,697,612,476,315,119,-89,-302,-497,-659,-788,-868,-895,-863,-758,-608,-424,-199,54,299,531,730,880,963,989,949,855,690,477,225,-46,-305,-533,-744,-897,-988,-1021,-981,-867,-705,-504,-259,-12,235,467,665,822,927,967,950,872,742,578,350,114,-110,-343,-559,-733,-864,-936,-951,-898,-794,-627,-429,-213,25,259,476,656,798,891,916,882,793,655,482,263,41,-180,-383,-561,-709,-806,-846,-837,-762,-641,-478,-289,-87,121,317,481,613,702,744,741,696,588,460,297,118,-50,-222,-369,-484,315,-618,-611,-584,-525,-432,-315,-190,-58,78,200,307,406,474,514,524,508,466,393,309,194,66,-57,-177,-291,-387,-460,-520,-535,-514,-479,-407,-317,-203,-76,40,174,302,408,489,551,587,566,533,459,355,232,78,-83,-235,-380,-522,-621,-697,-725,-689,-619,-500,-348,-156,48,264,467,645,767,851,870,797,682,510,301,69,-188,-422,-617,-767,-859,-884,-829,-717,-552,-354,-123,119,329,506,650,736,771,739,651,525,361,178,-17,-201,-363,-506,-594,-620,-617,-563,-467,-344,-195,-35,122,261,386,476,515,513,462,379,264,124,-30,-170,-293,-379,-415,-397,-326,-218,-89,32,-32,160,0,-386,-642,41,60,70,77,78,59,35,15,-12,-49,-75,-99,-114,-117,-113,-101,-85,-52,-12,18,59,94,115,137,152,156,149,127,100,64,23,-29,-69,-104,-153,-190,-217,-220,-213,-192,-160,-101,-46,21,98,173,232,285,319,332,331,292,230,149,47,-60,-173,-279,-383,-432,-461,-462,-415,-327,-231,-94,37,170,309,409,482,519,502,457,390,279,152,20,-123,-252,-359,-444,-486,-510,-479,-413,-334,-224,-106,20,144,248,333,390,428,426,394,339,272,183,85,-4,-100,-171,-232,-273,-304,-320,-320,-306,-279,-238,-182,-112,-53,14,100,176,253,317,350,377,385,357,318,-571,169,63,-44,-150,-272,-361,-436,-473,-485,-469,-416,-339,-237,-101,29,157,280,388,460,520,549,523,483,399,285,153,21,-129,-272,-394,-482,-551,-582,-573,-525,-442,-336,-212,-68,84,227,344,445,529,573,586,557,492,396,285,157,19,-124,-257,-372,-478,-546,-573,-576,-551,-493,-399,-285,-152,-21,131,280,417,523,609,662,664,633,553,439,289,123,-63,-251,-423,-564,-672,-739,-739,-696,-601,-474,-310,-121,79,258,423,557,645,695,693,645,563,436,293,142,-20,-171,-313,-432,-517,-568,-588,-572,-531,-457,-347,-233,-116,9,141,262,371,457,515,546,559,526,460,366,607,342
61333,mtk,MTK 7916,861545570,rx1-tx1,512,0,0,0,-244,-571,-740,-708,-499,-144,261,594,762,726,503,148,-250,-582,-741,-706,-487,-133,252,562,702,646,423,82,-281,-562,-673,-584,-339,-3,329,571,650,529,262,-80,-402,-612,-639,-483,-195,151,459,638,631,447,127,-229,-528,-685,-648,-424,-77,301,593,726,670,422,46,-342,-623,-737,-658,-398,-25,349,633,740,635,368,1,-368,-633,-713,-587,-306,58,406,639,691,546,248,-116,-452,-655,-682,-516,-205,155,481,686,700,509,188,-177,-506,-693,-687,-499,-178,189,499,674,667,481,171,-182,-479,-651,-635,-453,-153,180,455,609,605,431,155,-146,-399,-548,-539,-385,-140,129,0,457,447,305,82,-146,-319,-384,-338,-195,13,207,331,341,241,73,-121,-283,-356,-326,-194,16,225,382,425,351,172,-80,-321,-472,-499,-390,-164,122,387,554,587,460,198,-128,-435,-630,-663,-515,-221,130,462,679,723,570,267,-105,-460,-707,-762,-614,-309,82,462,729,814,681,362,-49,-447,-739,-843,-738,-441,-23,404,729,874,798,524,131,-301,-663,-850,-829,-602,-230,184,541,772,812,642,323,-51,-415,-666,-742,-642,-392,-50,288,541,655,604,419,147,-154,-411,-555,-559,-429,-203,47,271,434,491,430,278,74,-133,-304,-402,-408,-334,-203,-47,101,216,275,279,233,0,0,0,0,0,188,50,-114,-295,-457,-555,-546,-423,-208,68,354,577,689,662,481,189,-153,-481,-713,-789,-686,-416,-39,345,667,835,797,567,199,-228,-601,-833,-863,-666,-297,155,566,843,909,732,359,-109,-552,-863,-950,-790,-427,59,542,892,1007,860,487,-15,-524,-903,-1051,-924,-555,-35,503,907,1069,955,603,83,-472,-899,-1073,-977,-620,-88,465,889,1076,983,611,68,-477,-893,-1073,-968,-590,-52,500,919,1094,969,573,23,-542,-973,-1140,-997,-574,8,598,1037,1202,1042,601,-9,-638,-1108,-1283,-1117,-648,-2,655,1144,1341,1194,739,85,-603,-1136,-1370,-1249,-808,-158,534,1096,1357,1259,837,0,-492,-1043,-1320,-1244,-833,-216,461,1021,1284,1198,793,173,-488,-1018,-1269,-1168,-753,-129,538,1060,1288,1178,752,111,-570,-1083,-1314,-1193,-746,-100,575,1098,1315,1192,761,113,-569,-1079,-1301,-1177,-743,-112,553,1053,1261,1127,696,87,-531,-1001,-1183,-1038,-618,-40,543,962,1102,935,502,-78,-621,-979,-1061,-837,-380,185,705,1031,1064,800,320,-261,-781,-1081,-1078,-791,-294,284,795,1079,1079,797,291,-294,-786,-1069,-1064,-774,-286,266,737,1007,1011,749,288,-233,-672,-910,-903,-656,-241,229,617,818,789,550,169,-248,-576,-727,-670,-424,-56,311,580,676,566,294,-56,-387,-606,-647,-506,-216,150,0,0,0,0,0,688,477,134,-256,-587,-765,-739,-507,-136,264,586,757,732,506,140,-253,-568,-730,-687,-457,-116,257,549,680,619,383,38,-308,-562,-650,-555,-299,34,364,590,639,509,229,-120,-433,-614,-627,-459,-157,198,501,667,645,436,103,-266,-565,-715,-660,-422,-68,306,607,740,665,407,40,-340,-625,-742,-658,-389,-18,353,623,724,622,335,-36,-384,-632,-699,-569,-283,74,416,646,680,522,222,-144,-472,-671,-686,-507,-188,180,503,697,694,503,178,-189,-504,-687,-681,-493,-180,185,495,659,654,474,165,-181,-473,-635,-623,-443,-152,171,437,577,570,413,144,-152,-387,-504,-489,0,-120,129,334,430,398,249,38,-170,-313,-354,-289,-142,61,250,349,330,214,28,-181,-335,-394,-342,-182,47,279,433,473,373,163,-99,-353,-523,-548,-423,-174,134,420,602,626,483,207,-137,-449,-654,-688,-543,-254,119,470,705,746,591,280,-108,-471,-727,-802,-664,-344,69,459,739,835,706,393,-19,-435,-741,-861,-764,-482,-75,353,697,866,822,574,187,-242,-605,-815,-821,-628,-282,124,491,732,785,645,364,-1,-354,-601,-698,-628,-411,-110,211,466,591,574,425,179,-104,-344,-492,-525,-434,-246,-10,210,373,450,431,318,142,-50,-218,-328,-370,-341,-252,-136,-21,80,0,0,0,0,0,318,404,429,381,246,37,-205,-428,-586,-641,-564,-363,-71,249,530,717,748,597,314,-43,-412,-694,-813,-751,-504,-116,297,629,825,830,618,247,-192,-588,-835,-871,-689,-326,131,557,839,923,762,398,-78,-544,-864,-969,-829,-462,36,533,897,1032,898,521,3,-518,-918,-1076,-948,-575,-48,492,898,1076,973,613,90,-465,-900,-1082,-972,-619,-98,460,886,1072,969,598,64,-485,-905,-1084,-971,-588,-37,523,945,1110,973,568,-5,-580,-1001,-1159,-1004,-575,22,623,1061,1225,1069,620,-11,-647,-1122,-1317,-1166,-691,-32,630,1142,1363,1230,778,124,-572,-1126,-1385,-1275,-838,-190,508,1071,0,1259,837,200,-478,-1021,-1291,-1216,-814,-190,475,1004,1263,1176,768,147,-514,-1032,-1275,-1172,-748,-114,554,1077,1303,1184,748,103,-575,-1101,-1326,-1202,-757,-101,576,1094,1322,1201,757,111,-555,-1068,-1290,-1162,-724,-105,520,1013,1237,1102,672,68,-541,-981,-1140,-991,-564,16,579,962,1074,877,424,-145,-659,-992,-1061,-827,-350,228,749,1059,1070,781,287,-288,-792,-1085,-1089,-800,-293,297,809,1088,1073,781,288,-281,-772,-1044,-1037,-764,-290,249,704,966,969,708,264,-238,-651,-866,-844,-604,-212,227,587,767,725,479,111,-280,-571,-686,-608,-355,2,350,589,658,532,249,-108,-438,-642,-668,0,0
61334,mtk,MTK 7916,861545570,rx2-tx0,512,0,0,0,-525,-995,-1203,-1086,-673,-61,585,1090,1303,1164,714,64,-619,-1138,-1349,-1206,-743,-67,633,1163,1379,1222,731,43,-659,-1184,-1383,-1209,-705,-4,692,1196,1376,1172,647,-51,-730,-1208,-1354,-1123,-583,119,786,1235,1342,1078,509,-192,-836,-1250,-1311,-1008,-432,260,875,1256,1281,944,354,-324,-907,-1230,-1205,-847,-264,389,932,1203,1121,731,142,-483,-958,-1156,-1019,-596,-4,587,999,1119,914,447,-152,-712,-1061,-1105,-832,-315,299,833,1133,1119,777,206,-433,-958,-1214,-1130,-734,-122,534,1048,1280,1165,721,67,-607,-1122,-1337,-1183,-701,-27,654,1168,1367,1198,696,3,-688,-1193,-1378,-1194,-687,11,698,0,1381,1179,651,-51,-732,-1216,-1372,-1152,-621,88,771,1239,1368,1122,566,-149,-829,-1281,-1388,-1128,-551,182,877,1334,1431,1147,541,-208,-909,-1381,-1487,-1187,-572,214,939,1414,1517,1220,593,-194,-931,-1425,-1540,-1245,-626,168,916,1427,1563,1285,673,-114,-877,-1398,-1543,-1286,-696,70,816,1347,1521,1292,715,-36,-769,-1304,-1493,-1280,-744,-22,701,1234,1450,1288,798,108,-599,-1144,-1396,-1290,-864,-228,455,1010,1296,1261,916,353,-280,-821,-1137,-1169,-917,-449,112,622,968,1062,890,518,40,-435,-787,-929,-850,-574,-173,247,588,774,781,611,316,-28,-348,-575,-670,-623,-465,-235,15,232,377,431,404,0,0,0,0,0,420,438,374,220,-7,-268,-506,-658,-687,-576,-333,7,368,660,815,793,584,227,-202,-603,-873,-938,-768,-409,57,531,895,1043,934,584,74,-473,-911,-1136,-1079,-737,-191,407,916,1205,1194,872,319,-328,-902,-1255,-1289,-997,-447,236,870,1284,1376,1110,546,-169,-841,-1298,-1423,-1180,-623,91,779,1271,1435,1222,691,-15,-707,-1211,-1406,-1235,-740,-50,643,1149,1344,1183,719,69,-591,-1082,-1265,-1106,-652,-34,581,1032,1188,1012,572,-24,-606,-1006,-1120,-922,-463,114,663,1028,1095,855,372,-225,-751,-1064,-1094,-814,-297,313,843,1144,1125,795,246,-383,-911,-1200,-1171,-815,-229,431,966,1237,1186,0,207,-457,-995,-1265,-1191,-792,-171,504,1037,1286,1185,753,115,-563,-1089,-1314,-1174,-713,-46,639,1151,1351,1189,698,7,-693,-1213,-1403,-1211,-690,29,738,1243,1423,1220,678,-55,-767,-1273,-1429,-1199,-646,86,785,1258,1392,1149,596,-111,-784,-1225,-1323,-1064,-515,170,795,1190,1251,963,412,-248,-830,-1171,-1171,-849,-303,329,863,1150,1109,757,196,-411,-890,-1110,-1026,-659,-102,473,896,1064,943,555,12,-521,-898,-1013,-839,-437,76,558,873,927,713,307,-185,-616,-853,-838,-579,-156,316,688,845,754,438,-8,-457,-779,-869,-704,-332,145,591,871,899,664,230,-281,-725,-970,-943,-644,-150,394,0,0,0,0,0,1043,643,56,-562,-1047,-1261,-1135,-687,-49,614,1124,1340,1202,741,67,-633,-1155,-1370,-1223,-746,-63,639,1168,1378,1214,719,23,-674,-1184,-1376,-1196,-677,23,709,1201,1364,1152,623,-79,-757,-1222,-1348,-1099,-551,145,804,1242,1327,1043,478,-221,-862,-1254,-1301,-986,-399,290,893,1244,1239,901,314,-357,-919,-1214,-1167,-794,-208,424,936,1178,1072,658,69,-532,-979,-1131,-963,-521,73,644,1027,1109,869,379,-221,-767,-1098,-1107,-799,-259,369,898,1178,1124,750,159,-486,-1004,-1247,-1151,-732,-99,569,1085,1308,1173,711,47,-633,-1144,-1360,-1199,-703,-17,670,1176,1373,1198,691,-3,-701,-1205,-1382,-1184,0,19,712,1210,1380,1165,633,-64,-750,-1230,-1367,-1134,-591,110,785,1251,1382,1126,556,-170,-858,-1312,-1417,-1138,-546,202,892,1352,1459,1170,556,-209,-927,-1404,-1501,-1199,-574,202,934,1427,1540,1241,606,-190,-937,-1435,-1545,-1261,-647,139,895,1411,1554,1290,688,-95,-847,-1370,-1531,-1294,-717,48,793,1320,1503,1286,727,-6,-724,-1257,-1458,-1285,-777,-73,649,1195,1431,1301,840,175,-525,-1078,-1350,-1285,-898,-287,372,917,1226,1222,921,401,-201,-726,-1060,-1124,-908,-484,33,527,871,991,867,544,107,-342,-687,-853,-811,-589,-241,142,474,688,738,633,403,101,-196,-428,-558,-571,-482,-326,-141,38,0,0,0,0,0,-29,154,343,504,588,559,413,166,-141,-441,-674,-777,-707,-473,-118,279,631,854,872,687,330,-129,-568,-883,-999,-865,-499,-6,500,900,1087,1004,655,130,-442,-922,-1175,-1137,-801,-254,365,912,1241,1249,941,385,-283,-887,-1272,-1335,-1053,-491,206,855,1288,1400,1144,590,-118,-807,-1296,-1445,-1214,-673,43,745,1251,1428,1240,721,19,-674,-1186,-1387,-1221,-725,-48,623,1120,1311,1152,692,49,-590,-1052,-1228,-1061,-611,-6,587,1013,1155,970,514,-74,-634,-1012,-1102,-883,-421,167,705,1045,1091,827,324,-271,-797,-1109,-1107,-794,-266,351,881,1173,1139,801,233,-407,-944,-1224,-1177,-816,-222,434,0,1258,1192,800,189,-476,-1011,-1274,-1193,-777,-141,530,1059,1297,1179,737,83,-602,-1125,-1336,-1182,-704,-32,662,1180,1381,1202,691,-14,-720,-1234,-1418,-1219,-680,46,757,1265,1432,1214,662,-67,-776,-1270,-1415,-1178,-627,89,771,1241,1363,1113,555,-140,-782,-1203,-1294,-1024,-471,209,815,1184,1216,911,354,-293,-850,-1161,-1144,-802,-248,377,883,1126,1058,703,151,-438,-894,-1102,-989,-600,-59,495,896,1039,894,497,-38,-546,-882,-965,-778,-370,132,584,861,884,649,229,-250,-646,-846,-791,-507,-76,376,720,854,730,385,-76,-518,-817,-883,-685,-277,225,668,926,920,649,184,-346,-791,-1023,-973,0,0
61335,mtk,MTK 7916,861545570,rx2-tx1,512,0,0,0,1071,1156,937,459,-149,-727,-1107,-1189,-950,-452,166,737,1119,1208,960,447,-170,-732,-1103,-1178,-930,-429,176,731,1085,1133,869,378,-212,-737,-1047,-1063,-791,-304,262,738,1005,986,677,185,-352,-787,-991,-899,-555,-55,468,849,989,844,445,-84,-592,-932,-1011,-806,-368,184,691,1008,1045,781,291,-289,-786,-1061,-1033,-720,-207,375,868,1101,1023,654,94,-493,-957,-1166,-1042,-618,-9,613,1069,1238,1070,606,-34,-685,-1156,-1318,-1135,-637,44,714,1197,1369,1175,671,-14,-701,-1197,-1374,-1192,-699,-24,660,1166,1356,1190,709,49,-612,-1106,-1301,-1152,-715,-99,536,1014,1219,1097,692,119,-463,-905,0,-982,-624,-103,423,807,960,843,495,34,-421,-746,-852,-709,-365,68,474,738,778,592,237,-181,-545,-745,-723,-488,-111,299,624,774,694,407,-11,-441,-751,-845,-693,-336,130,579,891,967,758,323,-216,-711,-1040,-1105,-870,-390,218,785,1163,1255,1018,500,-150,-773,-1222,-1358,-1135,-622,59,737,1225,1406,1233,746,61,-639,-1188,-1447,-1338,-897,-230,491,1089,1423,1405,1038,436,-257,-887,-1299,-1381,-1124,-613,29,645,1077,1225,1077,695,169,-383,-825,-1044,-1001,-714,-279,187,588,839,877,698,360,-39,-404,-659,-752,-668,-437,-116,208,467,616,627,505,293,48,-178,-352,-445,-445,-368,-241,0,0,0,0,0,-322,-194,-15,204,415,566,613,545,366,99,-199,-462,-629,-659,-542,-299,22,341,579,679,618,406,88,-259,-545,-688,-663,-470,-148,220,528,708,707,515,181,-208,-552,-761,-771,-571,-220,202,576,808,840,642,265,-181,-582,-840,-885,-691,-309,161,596,883,939,745,347,-147,-608,-910,-968,-771,-373,134,603,918,1004,812,404,-106,-583,-915,-998,-818,-426,86,572,898,986,807,409,-96,-572,-893,-968,-782,-383,119,586,897,967,776,367,-141,-609,-910,-971,-775,-366,133,612,924,973,762,357,-142,-603,-894,-951,-753,-352,141,585,865,910,718,319,-169,-599,-866,-898,-677,-277,0,603,853,861,633,250,-199,-606,-842,-825,-587,-197,246,604,786,748,503,115,-306,-631,-767,-682,-396,9,408,690,779,641,309,-118,-523,-788,-828,-624,-248,200,614,860,866,635,221,-268,-680,-900,-871,-607,-176,312,713,914,862,562,105,-390,-776,-939,-835,-492,-8,481,842,954,799,419,-90,-584,-915,-987,-783,-352,194,688,990,1023,770,295,-268,-764,-1057,-1062,-759,-243,347,846,1124,1097,777,234,-390,-905,-1178,-1134,-779,-213,408,917,1182,1130,763,199,-415,-919,-1167,-1100,-737,-171,428,901,1132,1044,669,118,-464,-913,-1104,-987,-595,-38,532,952,1098,941,530,-32,-598,-996,0,0,0,0,0,-437,148,709,1093,1182,950,460,-161,-740,-1116,-1199,-968,-465,164,732,1111,1192,941,441,-170,-738,-1098,-1156,-902,-415,187,732,1061,1098,837,346,-235,-735,-1026,-1024,-727,-243,297,750,985,939,618,117,-410,-815,-984,-864,-501,11,529,894,1002,823,401,-138,-638,-967,-1027,-792,-322,240,731,1020,1033,748,245,-341,-830,-1081,-1035,-698,-156,439,919,1138,1036,639,52,-553,-1010,-1208,-1071,-616,20,649,1109,1281,1100,614,-43,-704,-1187,-1355,-1158,-648,41,712,1198,1381,1194,692,7,-678,-1182,-1366,-1192,-707,-34,639,1131,1324,1179,723,82,-570,-1067,-1273,-1138,-702,-106,502,969,1163,1046,664,0,-436,-849,-1022,-924,-576,-77,415,775,905,771,432,-14,-444,-737,-810,-644,-297,125,506,738,747,542,181,-232,-576,-755,-709,-449,-53,364,679,798,686,360,-83,-517,-819,-899,-723,-333,181,669,975,1035,822,351,-233,-769,-1123,-1199,-956,-448,190,788,1195,1298,1068,561,-106,-763,-1233,-1389,-1190,-681,7,698,1213,1431,1290,814,141,-569,-1148,-1446,-1382,-974,-334,382,1000,1364,1397,1093,525,-156,-774,-1187,-1311,-1120,-670,-85,508,951,1142,1057,723,225,-288,-705,-941,-936,-708,-331,108,497,748,809,677,397,40,-312,-575,-692,-650,-472,-204,94,354,517,564,508,364,171,-17,-169,-275,0,0,0,0,0,-308,-441,-518,-512,-403,-199,54,311,522,638,627,480,215,-98,-389,-598,-677,-590,-361,-42,292,556,684,648,444,120,-233,-526,-686,-679,-494,-168,212,542,733,726,534,204,-200,-566,-781,-794,-601,-246,186,582,823,856,673,295,-168,-590,-850,-900,-719,-332,158,595,888,949,757,359,-137,-601,-909,-974,-780,-385,116,595,920,998,814,418,-91,-587,-918,-995,-814,-421,92,575,896,977,795,397,-109,-579,-897,-969,-772,-364,137,599,903,968,767,365,-144,-614,-925,-985,-784,-377,131,605,912,968,768,357,-148,-602,-894,-942,-738,-337,151,592,867,906,693,296,-176,-594,-852,0,-656,-260,202,612,842,837,617,225,-230,-612,-813,-789,-546,-157,269,616,776,712,445,50,-352,-655,-770,-655,-345,65,460,731,793,626,276,-167,-575,-826,-846,-635,-238,241,650,882,880,631,196,-292,-697,-903,-864,-595,-146,360,756,934,847,521,51,-434,-797,-943,-820,-456,41,531,876,976,791,381,-140,-630,-950,-1001,-774,-328,230,735,1032,1046,776,275,-306,-802,-1086,-1080,-771,-238,367,876,1147,1112,776,220,-395,-904,-1179,-1131,-772,-208,416,919,1175,1115,753,186,-422,-909,-1147,-1063,-697,-145,447,914,1120,1017,635,79,-493,-931,-1104,-962,-558,-3,562,969,1107,942,510,0,0
61336,mtk,MTK 7916,861593352,rx0-tx0,512,-330,-764,-850,-778,-541,-266,57,360,619,816,929,956,888,716,481,202,-94,-377,-630,-820,-928,-942,-850,-691,-469,-191,112,399,646,831,935,955,874,709,468,160,-143,-444,-695,-888,-984,-990,-872,-684,-423,-106,210,504,744,920,992,973,839,632,353,45,-262,-547,-772,-920,-989,-949,-806,-590,-325,-21,281,563,798,932,972,937,795,565,291,-19,-327,-611,-823,-946,-980,-909,-741,-513,-214,112,420,648,832,935,933,833,641,389,106,-179,-445,-662,-800,-856,-824,-713,-530,-296,-35,208,434,614,733,772,743,636,473,262,29,-204,-407,-577,-690,-722,-688,-589,-441,-249,-24,201,400,558,-26,695,674,582,428,233,26,-203,-410,-575,-678,-726,-684,-585,-418,-200,30,255,469,632,723,749,686,567,373,138,-111,-349,-548,-679,-761,-748,-659,-493,-283,-37,205,431,614,737,770,725,617,431,202,-50,-299,-518,-675,-779,-793,-713,-560,-347,-85,178,434,648,778,816,774,639,430,163,-122,-382,-595,-752,-815,-774,-639,-422,-176,103,344,542,665,693,646,521,335,127,-81,-276,-414,-502,-520,-481,-388,-262,-115,26,152,255,322,349,338,290,222,136,45,-48,-129,-186,-229,-253,-247,-206,-161,-100,-23,58,124,183,223,223,204,152,77,-9,-90,-161,-196,-193,-150,-83,-294,-468,510,368,166,129,76,-11,-105,-188,-237,-265,-248,-185,-95,13,120,215,278,318,321,285,221,118,0,-124,-235,-336,-406,-431,-408,-335,-221,-68,103,265,431,552,610,602,518,363,155,-78,-328,-555,-726,-819,-823,-710,-508,-237,86,405,685,896,1017,1010,877,626,307,-49,-438,-771,-1023,-1153,-1150,-1005,-740,-384,23,428,792,1063,1217,1231,1099,837,482,64,-358,-735,-1033,-1195,-1222,-1146,-918,-589,-211,202,584,903,1119,1211,1179,1001,720,375,-18,-404,-745,-1006,-1145,-1165,-1069,-857,-547,-182,192,555,848,1048,1137,1103,953,710,385,36,-333,-661,-910,-1068,-1110,-1038,-848,-571,-246,102,448,731,301,1041,1052,954,753,478,156,-171,-488,-754,-947,-1032,-1034,-934,-734,-456,-128,213,531,807,999,1095,1085,952,714,412,59,-304,-632,-900,-1079,-1139,-1068,-911,-660,-328,12,367,683,940,1097,1146,1089,908,645,319,-44,-414,-757,-1015,-1179,-1224,-1135,-927,-634,-267,120,507,861,1119,1250,1267,1148,893,574,181,-255,-663,-974,-1199,-1322,-1280,-1098,-803,-427,-11,403,778,1060,1236,1273,1176,958,642,278,-121,-500,-817,-1069,-1183,-1178,-1052,-826,-516,-159,206,550,820,1016,1106,1078,934,718,434,95,-241,-556,-809,-978,-1055,-1007,-876,-651,-364,-50,276,571,799,959,1007,963,817,596,299,-17,-319,820,710,-82,-464,-279,604,812,945,985,906,745,511,223,-77,-376,-634,-821,-928,-943,-864,-703,-468,-197,108,394,634,822,931,948,866,706,466,184,-121,-411,-664,-862,-961,-963,-869,-690,-447,-148,167,479,724,918,1006,983,856,658,389,81,-242,-537,-772,-936,-1001,-970,-827,-607,-340,-41,279,559,777,921,985,939,812,585,302,8,-292,-582,-802,-941,-985,-931,-781,-539,-259,52,365,627,835,955,969,865,687,456,164,-141,-430,-669,-832,-901,-884,-776,-584,-341,-68,199,448,644,776,814,777,670,500,277,34,-210,-428,-598,-708,-743,-706,-607,-455,-246,-18,201,400,556,667,710,683,589,436,628,15,-191,-396,-559,-660,-705,-685,-584,-424,-224,3,234,429,602,701,730,691,579,391,174,-67,-302,-503,-664,-749,-749,-676,-521,-324,-90,163,398,592,721,771,744,640,476,249,-4,-246,-467,-646,-752,-780,-730,-586,-397,-153,112,361,566,725,796,786,691,510,272,2,-266,-522,-707,-817,-818,-729,-557,-321,-35,241,487,659,750,747,648,490,270,28,-203,-410,-550,-610,-601,-515,-379,-213,-29,138,283,376,420,417,375,294,183,65,-47,-145,-219,-268,-291,-280,-243,-184,-120,-40,48,115,170,218,237,225,189,134,59,-25,-98,-169,-213,-223,-197,-139,-56,31,104,146,-821,-743,-82,-846,-912,-132,-196,-225,-213,-154,-73,24,132,219,275,295,278,222,135,36,-78,-176,-267,-334,-366,-353,-300,-215,-95,41,185,318,429,499,508,468,372,208,16,-201,-407,-577,-677,-712,-666,-533,-325,-65,226,504,729,883,935,869,699,443,117,-246,-586,-870,-1039,-1109,-1036,-838,-536,-168,234,623,934,1138,1212,1139,945,621,232,-197,-595,-927,-1149,-1245,-1193,-1014,-710,-317,81,473,833,1078,1209,1205,1063,805,464,77,-320,-681,-955,-1132,-1195,-1118,-925,-627,-267,113,482,801,1027,1139,1129,1006,773,466,107,-268,-605,-876,-1049,-1120,-1080,-905,-647,-317,41,400,708,939,1064,1087,986,777,-176,186,-145,-472,-743,-945,-1037,-1032,-925,-729,-458,-143,183,506,778,969,1063,1054,932,725,431,101,-249,-591,-861,-1041,-1125,-1080,-937,-693,-374,-6,345,656,929,1083,1129,1072,904,645,313,-39,-403,-728,-973,-1131,-1175,-1106,-919,-642,-305,72,460,798,1057,1211,1226,1146,926,607,221,-181,-587,-922,-1160,-1307,-1304,-1142,-861,-523,-107,329,721,1028,1227,1295,1238,1039,733,357,-59,-462,-818,-1077,-1217,-1231,-1112,-899,-586,-203,187,542,833,1037,1134,1128,1000,771,476,126,-236,-558,-813,-993,-1073,-1035,-908,-678,-394,-66,259,556,804,959,1020,985,842,622,336,20,-298,-583,-812,-957,-992,-939,-406,-580
61337,mtk,MTK 7916,861593352,rx0-tx1,512,-686,885,803,-107,123,328,504,630,672,658,567,416,230,19,-182,-366,-504,-576,-608,-576,-482,-347,-182,-3,168,325,445,522,539,522,456,339,200,45,-110,-269,-394,-482,-536,-539,-489,-392,-259,-105,68,240,387,500,573,594,554,457,318,137,-58,-250,-422,-563,-649,-665,-614,-503,-336,-121,100,321,502,633,714,707,628,486,285,62,-174,-391,-566,-690,-735,-708,-607,-431,-225,2,236,445,609,700,725,674,554,380,163,-69,-287,-478,-622,-692,-697,-631,-499,-323,-113,108,321,499,616,680,672,595,451,264,60,-155,-350,-513,-622,-659,-637,-547,-406,-219,-8,205,391,544,638,662,-38,498,340,144,-61,-269,-445,-573,-645,-645,-568,-448,-276,-73,143,338,494,601,641,620,524,380,191,-8,-213,-408,-541,-617,-631,-580,-462,-284,-88,111,300,458,557,611,590,493,361,189,-1,-188,-353,-480,-551,-569,-521,-424,-276,-117,64,232,367,469,525,515,464,353,210,52,-110,-257,-378,-470,-500,-475,-406,-300,-155,-1,162,308,410,483,497,448,350,221,59,-112,-251,-376,-456,-474,-441,-356,-235,-85,76,219,334,408,429,407,331,215,79,-62,-197,-304,-370,-385,-354,-287,-176,-42,81,201,295,337,338,289,198,74,-56,-175,-260,-296,-274,-206,-99,15,114,173,820,888,0,311,-72,-131,-177,-182,-142,-69,20,110,185,224,237,207,144,62,-29,-118,-188,-236,-251,-237,-190,-116,-28,59,141,207,239,249,220,170,100,17,-58,-131,-182,-212,-217,-199,-157,-103,-43,14,63,109,133,154,165,153,137,114,86,41,-6,-63,-119,-162,-196,-211,-208,-175,-127,-60,6,82,160,219,250,251,236,196,118,37,-47,-123,-180,-234,-253,-259,-234,-178,-115,-49,32,110,186,235,270,278,264,224,157,63,-33,-127,-221,-290,-331,-340,-314,-247,-156,-41,80,186,283,353,380,367,321,234,128,9,-110,-231,-323,-382,-405,-387,-326,-227,-106,22,154,277,369,421,-48,404,326,226,97,-52,-192,-316,-412,-472,-480,-436,-353,-229,-71,93,257,394,486,533,517,464,342,195,14,-166,-332,-459,-534,-562,-535,-440,-305,-146,30,217,364,487,562,581,530,439,309,140,-48,-223,-383,-515,-587,-603,-562,-469,-325,-146,52,253,435,561,641,664,611,500,324,121,-90,-305,-499,-634,-708,-716,-649,-507,-317,-84,159,393,586,718,769,744,632,466,239,-16,-269,-482,-655,-750,-766,-706,-579,-385,-143,108,336,535,680,745,734,655,509,308,81,-158,-375,-557,-680,-724,-705,-611,-448,-249,-21,212,413,580,684,713,674,558,386,177,-52,-278,-467,-609,628,718,9,-260,-469,677,675,597,468,272,56,-150,-350,-505,-609,-646,-616,-525,-373,-199,-10,185,349,472,547,569,537,456,337,181,17,-142,-298,-418,-494,-530,-519,-464,-354,-226,-74,87,242,383,486,548,560,513,418,289,121,-58,-248,-405,-536,-612,-633,-586,-484,-327,-132,80,283,462,605,683,691,634,500,324,101,-138,-358,-540,-667,-721,-709,-619,-469,-267,-32,201,425,595,698,733,691,580,407,193,-36,-265,-460,-610,-701,-713,-652,-529,-346,-131,89,307,480,611,678,684,616,476,295,86,-131,-333,-504,-612,-667,-655,-573,-435,-245,-36,174,367,524,627,662,627,526,374,179,-33,634,-418,-556,-639,-652,-600,-478,-316,-116,103,300,464,585,644,635,555,420,240,31,-182,-378,-524,-616,-637,-609,-499,-334,-144,63,260,442,562,618,615,551,417,249,56,-154,-333,-471,-563,-588,-549,-457,-321,-153,33,212,372,480,538,542,484,379,246,74,-95,-249,-382,-465,-506,-494,-430,-329,-188,-25,137,278,398,471,495,471,384,266,121,-46,-204,-333,-429,-488,-473,-409,-306,-156,9,166,302,399,453,447,389,291,160,11,-133,-268,-357,-406,-401,-356,-261,-139,3,128,242,328,358,345,295,191,68,-58,-178,-269,-316,-315,-262,-168,-46,81,181,239,238,188,100,367,168,0,645,714,-79,-18,67,147,199,217,198,137,56,-34,-128,-196,-236,-245,-215,-159,-81,5,91,168,222,243,241,212,149,70,-17,-104,-171,-222,-235,-225,-189,-135,-69,1,75,136,174,187,182,168,137,94,55,3,-45,-86,-117,-147,-169,-178,-173,-146,-106,-56,2,69,133,185,214,224,221,188,127,48,-33,-106,-181,-234,-254,-254,-224,-177,-115,-32,41,127,191,231,261,263,245,201,140,63,-25,-117,-201,-270,-309,-309,-292,-242,-161,-62,47,157,255,323,358,352,310,245,140,21,-101,-214,-312,-366,-386,-371,-324,-232,-122,9,139,257,350,398,416,395,329,221,99,-1135,-177,-292,-385,-446,-458,-418,-340,-224,-82,77,226,350,453,502,507,453,349,206,38,-128,-289,-421,-508,-553,-532,-451,-319,-160,11,192,353,469,540,573,531,441,310,145,-41,-221,-368,-491,-568,-585,-544,-462,-322,-144,46,235,400,528,610,628,590,477,320,140,-70,-274,-461,-601,-670,-681,-635,-508,-327,-114,120,348,533,674,741,736,650,497,285,45,-209,-434,-616,-742,-786,-736,-615,-428,-189,61,300,513,677,764,757,679,537,339,106,-129,-354,-551,-678,-737,-717,-629,-482,-277,-44,184,406,569,676,720,681,584,424,218,-14,-246,-449,-602,-689,-712,-658,-533,-357,-346,31
61338,mtk,MTK 7916,861593352,rx1-tx0,512,0,-3,-186,470,576,630,616,533,400,231,37,-167,-373,-540,-658,-708,-696,-617,-460,-252,-26,230,476,656,772,827,791,669,475,213,-63,-354,-610,-808,-918,-938,-857,-677,-420,-111,206,513,770,945,1019,975,848,606,295,-36,-374,-674,-901,-1021,-1045,-951,-759,-480,-152,179,482,755,927,1007,993,867,655,383,59,-253,-546,-777,-927,-991,-948,-810,-588,-295,9,321,612,823,950,968,898,746,493,203,-101,-399,-654,-840,-939,-935,-827,-642,-389,-98,199,477,693,846,896,858,730,519,266,-14,-288,-531,-717,-813,-838,-764,-607,-396,-150,106,343,543,687,735,719,627,470,272,57,-153,-277,-499,-596,-632,-606,-516,-385,-221,-46,134,290,423,517,555,539,482,367,229,75,-87,-251,-386,-487,-536,-542,-482,-388,-261,-96,74,238,378,495,554,566,515,419,288,119,-60,-230,-388,-521,-598,-608,-576,-484,-336,-145,78,282,467,618,709,731,668,523,321,80,-189,-436,-653,-797,-859,-800,-671,-453,-175,139,438,671,837,921,866,716,490,203,-108,-400,-639,-809,-863,-821,-682,-463,-192,97,354,569,706,758,716,597,411,181,-63,-294,-474,-605,-653,-621,-521,-370,-173,36,237,407,512,554,533,437,292,116,-77,-262,-398,-468,-470,-406,-279,-102,81,227,325,344,288,345,308,0,-580,-297,-53,-42,-20,11,44,72,87,97,94,67,35,-1,-36,-67,-106,-127,-130,-117,-86,-53,-12,33,84,133,153,157,154,126,90,43,-19,-76,-136,-178,-206,-210,-192,-163,-108,-36,50,139,210,264,290,289,254,186,85,-33,-143,-253,-344,-396,-396,-362,-284,-147,-1,159,302,416,485,485,430,321,172,-8,-193,-353,-473,-536,-531,-472,-348,-182,-8,177,337,450,515,522,466,359,207,43,-122,-279,-396,-468,-486,-439,-354,-230,-95,45,185,291,357,387,379,334,255,164,53,-47,-139,-216,-275,-322,-328,-303,-268,-207,-125,-33,71,178,268,330,370,390,354,280,175,489,-91,-221,-337,-425,-477,-471,-411,-307,-164,2,161,305,430,516,539,510,416,282,112,-63,-238,-387,-496,-556,-564,-510,-403,-244,-59,131,307,451,552,608,578,505,373,204,11,-187,-350,-492,-574,-597,-559,-472,-334,-160,26,213,378,502,578,596,555,466,331,164,-21,-201,-366,-507,-591,-621,-596,-516,-371,-200,-12,206,404,561,669,706,667,567,395,180,-64,-307,-514,-672,-759,-756,-669,-513,-299,-42,214,441,614,719,737,680,559,378,164,-61,-275,-455,-582,-641,-636,-577,-460,-294,-109,79,248,400,499,559,569,526,436,303,140,-34,-193,-348,-473,-552,-570,-540,-454,-339,-604,0,354,300,372,214,30,-166,-350,-501,-608,-657,-649,-572,-430,-247,-32,187,404,590,709,768,760,648,464,243,-12,-284,-526,-731,-851,-887,-835,-686,-453,-174,134,430,691,887,984,973,866,653,372,36,-293,-591,-846,-990,-1041,-979,-804,-535,-221,116,442,717,918,1018,1006,907,703,416,103,-225,-536,-770,-936,-1002,-959,-832,-609,-333,-20,292,571,796,940,978,938,779,543,250,-62,-359,-636,-845,-946,-962,-871,-695,-446,-159,154,443,682,853,925,904,783,590,334,48,-239,-507,-708,-832,-874,-820,-685,-464,-211,63,331,548,706,785,780,691,541,328,91,-140,-359,-530,-645,-693,-669,315,-415,-234,-44,153,323,456,546,581,558,485,372,231,62,-109,-273,-413,-496,-536,-532,-474,-376,-238,-84,81,242,366,476,535,541,491,399,268,105,-63,-235,-385,-503,-579,-582,-538,-452,-311,-126,57,240,414,557,648,671,614,511,340,125,-109,-347,-549,-700,-797,-792,-692,-508,-274,13,303,554,753,864,880,787,597,350,40,-281,-547,-761,-886,-898,-798,-611,-349,-43,241,507,700,812,813,721,547,321,62,-194,-416,-587,-685,-700,-633,-488,-301,-72,150,341,494,574,591,533,409,241,53,-143,-315,-436,-506,-509,-441,-305,-133,55,227,364,429,409,319,182,18,-126,-32,160,0,-386,-642,26,52,72,79,72,55,27,-2,-51,-87,-106,-114,-108,-94,-68,-22,23,70,109,132,146,140,123,82,34,-3,-52,-104,-142,-179,-184,-176,-147,-100,-36,36,103,164,220,254,259,227,173,101,13,-83,-186,-272,-332,-350,-328,-277,-183,-51,84,211,336,420,451,435,358,244,85,-88,-254,-395,-487,-527,-491,-400,-260,-87,95,265,414,500,530,503,408,276,116,-61,-234,-374,-462,-496,-481,-415,-294,-152,12,164,299,394,435,439,391,295,183,64,-58,-174,-262,-321,-347,-334,-302,-244,-175,-92,12,97,183,257,309,338,341,311,236,149,52,-66,-192,-297,-378,-571,-416,-377,-296,-183,-33,125,273,389,476,501,479,411,303,147,-24,-198,-353,-464,-532,-547,-507,-405,-261,-91,94,274,427,537,584,573,505,376,222,27,-161,-334,-481,-574,-609,-571,-486,-350,-173,16,200,365,498,577,599,565,470,338,166,-19,-205,-364,-497,-576,-611,-574,-491,-356,-183,0,195,380,530,615,664,647,543,390,200,-24,-247,-457,-625,-718,-748,-685,-551,-353,-114,140,372,570,712,769,733,616,438,214,-29,-259,-459,-607,-682,-690,-626,-501,-326,-131,65,259,428,547,596,591,542,437,293,132,-50,-217,-369,-483,-556,-569,-531,-449,-320,-160,16,184,338,607,342
61339,mtk,MTK 7916,861593352,rx1-tx1,512,0,0,0,-737,-624,-383,-57,286,576,752,762,614,344,5,-337,-597,-744,-742,-586,-300,39,357,591,693,651,474,195,-127,-418,-605,-653,-559,-341,-53,245,495,631,612,462,221,-84,-380,-583,-655,-584,-391,-103,203,472,652,684,557,313,0,-319,-574,-712,-693,-520,-240,92,421,656,743,681,485,183,-161,-478,-683,-743,-649,-411,-90,238,514,679,698,568,324,-2,-323,-574,-701,-670,-486,-204,119,406,622,709,634,424,130,-196,-477,-667,-720,-614,-379,-77,251,520,677,698,579,339,35,-278,-528,-660,-657,-522,-285,2,295,522,626,597,452,225,-40,-292,-471,-544,-509,-374,-165,0,279,409,445,384,241,60,-127,-280,-358,-348,-252,-87,86,233,331,348,276,130,-49,-232,-366,-407,-350,-223,-38,177,365,480,493,401,214,-29,-274,-468,-579,-577,-452,-216,69,340,554,667,647,486,221,-96,-402,-624,-732,-703,-522,-221,125,439,682,795,746,547,233,-136,-475,-722,-840,-801,-597,-264,112,469,746,873,831,634,321,-61,-429,-715,-863,-859,-698,-400,-27,334,630,799,813,689,442,123,-214,-500,-685,-745,-663,-465,-196,110,381,559,637,597,444,227,-12,-248,-437,-528,-519,-432,-275,-74,125,292,408,448,421,326,186,35,-108,-225,-304,-328,-305,-254,-182,0,0,0,0,0,311,255,152,4,-175,-352,-501,-593,-605,-530,-363,-122,148,409,620,740,737,612,381,73,-252,-545,-750,-835,-764,-542,-226,129,468,731,860,828,638,317,-66,-443,-741,-896,-880,-688,-362,44,457,776,938,922,736,387,-49,-478,-822,-1003,-981,-759,-388,55,503,859,1051,1027,798,412,-66,-541,-895,-1061,-1021,-779,-374,112,576,910,1058,1004,741,315,-180,-627,-945,-1084,-996,-685,-224,268,708,1006,1095,956,615,138,-372,-806,-1080,-1134,-946,-550,-37,495,930,1179,1190,961,532,-23,-591,-1042,-1281,-1260,-998,-532,51,625,1086,1338,1327,1049,558,-50,-641,-1098,-1346,-1330,-1039,-541,59,0,1100,1312,1268,972,473,-124,-687,-1100,-1294,-1214,-877,-358,231,764,1149,1295,1158,777,242,-340,-865,-1207,-1301,-1121,-701,-140,450,953,1268,1320,1100,653,72,-521,-1007,-1291,-1310,-1059,-591,-5,570,1024,1263,1239,965,486,-87,-619,-1007,-1191,-1116,-809,-347,185,676,1003,1111,982,642,147,-363,-780,-1034,-1064,-838,-445,45,535,911,1087,1035,765,325,-183,-651,-986,-1118,-1018,-706,-246,266,722,1027,1123,984,637,169,-307,-726,-997,-1059,-911,-576,-129,327,707,932,946,772,458,53,-348,-656,-820,-804,-614,-303,66,403,637,725,655,441,133,-192,-469,-635,-654,-523,-268,51,352,576,675,619,0,0,0,0,0,-86,-406,-648,-754,-708,-514,-205,143,460,686,773,698,475,163,-181,-491,-692,-736,-631,-398,-92,229,503,658,659,518,272,-34,-323,-541,-637,-589,-417,-152,155,428,605,641,537,309,19,-285,-525,-656,-647,-485,-208,116,408,616,698,632,411,101,-229,-516,-702,-740,-618,-371,-44,294,574,727,718,568,309,-25,-344,-599,-726,-687,-502,-210,117,416,632,707,622,404,102,-216,-500,-673,-698,-575,-322,-5,317,580,709,682,525,261,-63,-377,-611,-712,-670,-492,-209,106,400,615,692,625,441,168,-138,-413,-599,-653,-575,-385,-119,172,407,558,601,520,325,74,-172,-377,-500,0,-408,-231,-14,184,321,382,357,249,85,-95,-240,-324,-330,-249,-109,68,237,346,377,319,179,-15,-221,-374,-440,-425,-314,-121,110,325,487,549,494,327,88,-181,-429,-590,-629,-543,-345,-63,235,491,668,711,605,370,59,-270,-551,-728,-760,-634,-388,-64,299,604,783,812,687,429,72,-314,-629,-819,-862,-730,-459,-103,277,607,824,880,772,527,182,-197,-538,-778,-867,-793,-581,-265,99,431,674,794,752,576,311,-1,-307,-543,-672,-688,-576,-348,-70,195,414,547,581,515,361,144,-90,-290,-429,-488,-469,-372,-218,-36,136,279,369,397,368,291,185,72,-38,-124,-182,0,0,0,0,0,202,319,423,483,486,420,284,85,-148,-368,-551,-673,-690,-594,-394,-129,174,468,692,799,766,603,334,-11,-359,-646,-821,-845,-720,-455,-101,269,590,814,883,769,511,152,-249,-609,-858,-929,-814,-543,-156,271,656,915,998,876,582,170,-289,-694,-970,-1059,-932,-615,-175,309,733,1005,1079,938,611,157,-328,-752,-1022,-1075,-918,-579,-116,364,773,1027,1064,876,505,21,-458,-843,-1057,-1050,-819,-416,74,549,921,1105,1057,782,345,-176,-662,-1025,-1184,-1088,-757,-270,280,786,1142,1265,1137,771,241,-348,-873,-1230,-1352,-1197,-800,-254,354,908,1275,1385,1225,826,259,-358,-901,-1260,-1365,0,-784,-230,368,901,1243,1320,1128,701,131,-455,-950,-1241,-1269,-1026,-576,-17,566,1035,1267,1237,965,489,-116,-686,-1109,-1313,-1255,-924,-403,197,753,1172,1349,1242,877,331,-271,-810,-1200,-1340,-1188,-798,-267,312,828,1167,1256,1077,676,146,-396,-842,-1107,-1134,-917,-506,10,514,887,1065,1015,736,296,-198,-652,-978,-1083,-950,-605,-124,380,794,1055,1103,912,520,25,-475,-879,-1104,-1102,-877,-469,34,518,894,1082,1051,811,405,-84,-534,-862,-1015,-967,-716,-317,122,520,789,887,807,560,196,-193,-524,-727,-769,-641,-377,-39,302,556,679,650,473,198,-118,-414,-611,-665,-570,-351,-45,276,0,0
61340,mtk,MTK 7916,861593352,rx2-tx0,512,0,0,0,-1129,-891,-463,81,624,1053,1272,1219,914,420,-172,-749,-1173,-1360,-1263,-904,-361,255,830,1236,1381,1247,850,269,-366,-927,-1295,-1378,-1178,-740,-140,484,1005,1317,1345,1091,608,-6,-623,-1097,-1337,-1291,-978,-451,178,759,1181,1351,1229,845,285,-334,-880,-1237,-1323,-1121,-689,-114,481,965,1241,1250,988,513,-62,-617,-1030,-1214,-1144,-817,-311,251,748,1066,1148,981,593,70,-462,-888,-1114,-1085,-815,-363,168,664,1017,1151,1019,655,143,-409,-870,-1146,-1185,-962,-520,36,596,1037,1259,1215,912,401,-200,-761,-1172,-1337,-1213,-841,-295,317,882,1259,1374,1197,771,188,-435,-978,-1312,-1365,-1144,-687,-84,0,1044,1335,1343,1069,577,-44,-659,-1128,-1356,-1302,-978,-447,181,771,1201,1379,1272,890,317,-327,-899,-1291,-1421,-1255,-820,-209,453,1021,1393,1483,1261,782,141,-543,-1115,-1461,-1516,-1260,-742,-71,617,1182,1506,1531,1238,697,10,-679,-1222,-1528,-1522,-1206,-647,33,698,1218,1509,1501,1172,610,-64,-715,-1217,-1479,-1442,-1115,-572,86,718,1203,1443,1400,1079,548,-85,-692,-1159,-1400,-1364,-1076,-577,21,599,1052,1303,1297,1047,611,74,-455,-885,-1142,-1182,-991,-625,-162,313,705,948,1021,904,626,248,-156,-516,-768,-867,-818,-623,-329,0,309,555,705,729,631,451,226,-14,-232,-396,-485,-498,-447,-351,0,0,0,0,0,361,463,509,489,388,217,-5,-252,-488,-670,-753,-720,-567,-305,23,364,654,837,885,774,514,152,-254,-632,-905,-1011,-933,-670,-273,186,622,957,1127,1075,807,374,-138,-635,-1031,-1233,-1199,-927,-467,87,631,1071,1309,1289,1017,544,-51,-644,-1114,-1374,-1364,-1085,-586,30,653,1152,1421,1409,1122,606,-31,-656,-1140,-1409,-1389,-1096,-588,32,642,1112,1349,1320,1023,516,-78,-646,-1076,-1273,-1205,-892,-403,166,689,1051,1185,1073,731,244,-290,-763,-1056,-1113,-941,-562,-53,460,869,1088,1075,823,390,-130,-625,-991,-1144,-1054,-738,-262,284,778,1111,1210,1058,680,155,-411,-895,-1198,-1255,-1043,-614,0,520,982,1251,1257,990,513,-68,-640,-1081,-1290,-1228,-904,-389,205,773,1178,1333,1205,822,258,-364,-913,-1280,-1378,-1181,-735,-127,506,1043,1368,1404,1148,651,13,-623,-1132,-1412,-1395,-1078,-548,92,716,1187,1400,1325,978,423,-214,-792,-1198,-1349,-1216,-825,-266,342,870,1205,1273,1071,640,80,-493,-946,-1187,-1171,-910,-451,100,621,1002,1163,1069,748,264,-271,-734,-1032,-1103,-934,-567,-87,401,799,1017,1006,775,384,-76,-513,-835,-961,-873,-597,-192,244,613,838,864,695,373,-34,-428,-725,-856,-780,-524,-152,260,615,831,860,692,361,-63,-473,-791,-943,-874,-611,-202,265,678,952,1029,879,0,0,0,0,0,-305,-785,-1117,-1218,-1064,-689,-163,419,933,1251,1306,1105,676,93,-516,-1024,-1320,-1342,-1095,-616,-4,605,1093,1360,1338,1036,523,-108,-717,-1169,-1375,-1288,-935,-388,247,827,1222,1355,1210,801,220,-403,-936,-1266,-1335,-1119,-657,-52,553,1038,1303,1288,998,493,-117,-694,-1118,-1298,-1202,-855,-327,269,795,1141,1244,1074,669,126,-429,-891,-1158,-1157,-902,-456,88,601,982,1138,1031,701,220,-313,-783,-1077,-1119,-917,-513,14,545,959,1168,1109,808,329,-226,-744,-1112,-1238,-1089,-707,-168,414,918,1235,1289,1068,621,40,-557,-1049,-1320,-1310,-1035,-541,80,685,1145,1369,1308,978,448,-178,-770,-1204,-1378,0,-902,-339,293,858,1238,1367,1215,797,215,-418,-954,-1289,-1361,-1145,-679,-69,560,1072,1358,1370,1093,572,-66,-694,-1190,-1443,-1395,-1062,-506,166,812,1292,1508,1411,1024,437,-246,-890,-1365,-1556,-1423,-1006,-390,302,943,1402,1573,1420,976,336,-361,-984,-1420,-1567,-1389,-942,-307,387,992,1403,1532,1343,887,264,-410,-1000,-1383,-1486,-1284,-833,-226,420,980,1345,1442,1263,839,257,-364,-902,-1266,-1381,-1233,-857,-318,265,783,1134,1264,1156,840,378,-135,-603,-947,-1107,-1051,-804,-423,20,436,757,926,929,755,456,100,-259,-556,-746,-799,-715,-518,-251,42,312,514,622,634,562,422,241,59,-96,-217,0,0,0,0,0,-221,-95,68,255,435,580,656,635,509,295,20,-284,-561,-756,-831,-766,-567,-253,125,491,776,932,926,742,416,-3,-431,-793,-1022,-1066,-899,-552,-89,402,831,1111,1185,1025,668,175,-378,-872,-1194,-1293,-1139,-765,-237,355,884,1248,1372,1219,819,268,-350,-915,-1298,-1420,-1269,-861,-281,355,926,1312,1431,1281,871,287,-346,-910,-1289,-1405,-1233,-822,-254,359,888,1231,1317,1144,737,181,-404,-888,-1176,-1212,-1003,-595,-56,488,911,1132,1104,844,409,-117,-614,-964,-1102,-1000,-692,-227,297,753,1043,1112,939,564,59,-468,-899,-1141,-1144,-901,-462,78,613,1025,1222,1169,872,385,-182,-725,-1122,0,-1170,-811,-290,298,830,1185,1300,1137,728,173,-422,-939,-1258,-1303,-1067,-615,-27,581,1064,1320,1304,1010,491,-132,-735,-1189,-1405,-1323,-958,-391,253,851,1277,1433,1287,881,286,-369,-952,-1333,-1435,-1239,-790,-185,460,1005,1334,1376,1127,651,44,-565,-1050,-1302,-1269,-971,-472,122,676,1083,1251,1141,785,273,-291,-790,-1110,-1184,-999,-599,-78,449,871,1105,1099,853,427,-84,-572,-928,-1077,-993,-697,-250,240,663,931,1000,846,509,67,-372,-720,-906,-883,-660,-299,130,521,777,855,744,459,63,-344,-667,-839,-820,-611,-253,166,551,817,905,784,472,57,-375,-742,-957,-962,-742,-356,121,578,0,0
61341,mtk,MTK 7916,861593352,rx2-tx1,512,0,0,0,658,175,-360,-827,-1117,-1185,-1012,-618,-87,453,895,1165,1191,969,549,13,-517,-934,-1168,-1156,-901,-468,62,580,964,1141,1081,789,333,-177,-642,-971,-1087,-966,-639,-178,311,718,969,1001,804,439,-16,-483,-832,-987,-924,-653,-241,235,659,937,1010,855,505,38,-439,-822,-1034,-1018,-778,-368,126,601,948,1091,995,683,227,-298,-766,-1057,-1120,-942,-553,-44,484,921,1153,1137,885,433,-129,-672,-1078,-1263,-1190,-865,-346,249,803,1204,1356,1229,854,302,-321,-878,-1258,-1381,-1222,-828,-270,354,904,1259,1359,1184,769,208,-380,-892,-1230,-1304,-1118,-714,-176,382,858,1154,1205,1006,614,117,-388,0,-1023,-1037,-841,-487,-38,413,749,898,859,645,296,-113,-484,-729,-800,-698,-445,-97,267,572,744,738,557,257,-99,-438,-670,-754,-677,-434,-82,291,612,802,805,632,306,-113,-525,-835,-972,-917,-660,-241,247,702,1040,1168,1054,725,248,-291,-802,-1169,-1303,-1179,-817,-293,293,848,1245,1384,1262,904,356,-266,-837,-1262,-1445,-1344,-991,-450,183,781,1233,1451,1403,1101,592,-15,-607,-1081,-1350,-1361,-1131,-714,-176,376,844,1139,1213,1070,747,294,-190,-609,-894,-1006,-926,-688,-337,54,413,683,821,799,639,382,71,-243,-496,-650,-686,-612,-452,-229,14,234,400,496,515,466,363,231,91,0,0,0,0,0,-420,-395,-306,-158,30,235,433,573,633,605,481,272,16,-249,-482,-636,-677,-598,-416,-149,145,410,600,683,638,474,213,-97,-403,-626,-720,-674,-494,-206,124,442,686,786,725,527,214,-146,-485,-738,-845,-780,-560,-225,165,533,806,906,819,585,221,-206,-591,-853,-951,-849,-571,-181,247,633,895,985,870,580,162,-292,-680,-924,-991,-864,-550,-121,330,705,934,979,820,489,59,-380,-732,-937,-949,-762,-410,25,451,784,960,934,708,334,-107,-523,-833,-973,-915,-667,-280,166,572,862,980,892,617,225,-209,-600,-871,-956,-837,-542,-139,276,632,868,918,767,461,59,-352,0,-869,-871,-694,-368,30,422,717,859,812,603,271,-120,-481,-728,-817,-722,-466,-115,251,561,746,753,591,295,-76,-435,-695,-800,-736,-507,-158,239,588,810,858,731,441,42,-380,-716,-897,-895,-706,-361,64,480,794,932,866,621,234,-204,-605,-863,-932,-806,-500,-77,362,726,934,934,729,358,-103,-538,-858,-1002,-923,-634,-206,272,705,989,1064,917,561,81,-419,-843,-1093,-1113,-892,-472,43,553,963,1169,1126,857,408,-131,-643,-1027,-1193,-1116,-805,-325,223,712,1053,1171,1056,719,226,-312,-775,-1072,-1134,-954,-584,-86,426,845,1076,1075,858,445,-74,-564,-934,-1104,-1041,-751,-296,0,0,0,0,0,946,1156,1125,848,392,-143,-656,-1034,-1204,-1130,-816,-332,213,725,1085,1214,1090,741,245,-298,-772,-1080,-1166,-1010,-642,-140,382,814,1066,1092,889,502,6,-479,-844,-1034,-1000,-739,-322,162,597,895,990,865,547,101,-359,-745,-968,-970,-757,-376,98,562,903,1038,949,648,197,-294,-726,-1006,-1066,-889,-527,-45,458,867,1087,1064,814,379,-138,-626,-993,-1150,-1049,-721,-225,324,813,1139,1229,1042,639,94,-485,-973,-1258,-1298,-1064,-604,-18,581,1074,1346,1344,1067,567,-44,-641,-1110,-1355,-1326,-1027,-523,71,652,1101,1324,1270,973,486,-103,-664,-1071,-1259,-1191,-886,-423,115,617,983,1143,1064,0,325,-160,-590,-875,-972,-864,-578,-182,238,598,807,831,680,387,9,-365,-650,-776,-718,-510,-194,172,494,697,742,615,342,-8,-363,-642,-779,-736,-525,-181,221,587,825,898,778,469,29,-428,-806,-1030,-1050,-855,-479,17,525,954,1198,1209,975,533,-19,-573,-1040,-1314,-1325,-1069,-611,-31,575,1081,1377,1407,1168,699,94,-532,-1062,-1396,-1466,-1245,-801,-214,416,954,1312,1434,1291,914,379,-212,-750,-1140,-1308,-1237,-946,-499,15,506,891,1096,1084,878,532,112,-309,-655,-860,-905,-792,-531,-184,163,465,673,752,696,526,279,-2,-272,-482,-596,-607,-534,-401,-225,-32,139,263,331,347,0,0,0,0,0,-123,-282,-421,-528,-577,-548,-439,-257,-24,220,437,595,664,620,469,238,-41,-319,-545,-676,-681,-553,-327,-43,261,523,684,703,584,353,52,-271,-547,-718,-747,-620,-371,-37,315,606,780,805,663,393,39,-341,-664,-853,-871,-714,-409,-17,387,717,901,910,732,400,-18,-437,-773,-950,-943,-742,-383,53,475,809,981,956,730,358,-88,-508,-827,-988,-950,-708,-317,132,550,851,978,905,639,236,-209,-605,-880,-972,-859,-561,-146,293,675,918,979,833,507,78,-361,-724,-942,-967,-794,-460,-31,396,743,944,942,743,396,-34,-456,-775,-925,-885,-659,-304,113,508,790,903,828,0,218,-186,-552,-807,-880,-767,-500,-127,268,601,799,821,670,381,11,-354,-640,-780,-740,-530,-210,156,501,721,773,660,396,34,-339,-650,-821,-810,-623,-296,102,488,782,911,834,577,204,-224,-607,-847,-917,-795,-497,-90,337,697,901,905,716,372,-60,-482,-798,-934,-868,-612,-214,235,636,908,976,831,499,48,-418,-795,-1008,-1001,-786,-393,102,582,930,1086,1019,730,275,-241,-712,-1042,-1155,-1019,-666,-178,359,826,1119,1188,1010,617,96,-447,-893,-1145,-1160,-938,-524,-7,513,925,1140,1115,859,416,-109,-603,-967,-1127,-1042,-724,-265,250,709,1014,1108,960,601,116,-391,-817,-1068,0,0
61342,mtk,MTK 7916,861631140,rx0-tx0,512,-330,-764,-850,-765,-567,-332,-61,218,471,685,838,916,919,849,701,499,264,-5,-266,-506,-700,-835,-905,-896,-816,-665,-471,-234,32,301,536,729,869,925,916,817,654,438,170,-104,-368,-608,-796,-929,-973,-923,-801,-604,-357,-90,191,455,677,843,942,950,892,756,538,297,35,-245,-495,-708,-850,-930,-927,-848,-699,-496,-254,21,299,535,737,875,941,929,830,657,425,174,-102,-369,-612,-790,-893,-912,-863,-730,-541,-309,-53,194,449,654,780,837,827,753,616,427,204,-26,-254,-448,-608,-708,-750,-731,-651,-520,-347,-148,61,253,427,570,658,691,671,595,466,316,130,-68,-254,-422,-26,-640,-678,-655,-591,-462,-291,-104,100,289,455,590,677,701,661,569,433,256,47,-167,-361,-534,-653,-720,-723,-656,-524,-354,-142,67,291,480,627,716,742,711,604,454,253,40,-184,-388,-553,-676,-742,-735,-666,-543,-361,-148,78,296,493,653,745,772,721,601,433,207,-39,-281,-488,-650,-759,-783,-726,-598,-407,-178,62,302,494,637,701,692,617,477,298,88,-116,-293,-425,-503,-531,-506,-435,-321,-190,-54,77,186,268,324,350,331,299,241,158,82,-8,-87,-154,-199,-230,-241,-228,-201,-161,-109,-42,30,92,153,201,221,217,186,130,62,-17,-92,-154,-182,-173,-131,-294,-468,510,368,166,37,-36,-117,-189,-231,-247,-223,-167,-89,3,96,182,248,287,299,291,247,169,70,-28,-131,-235,-320,-375,-405,-401,-355,-270,-160,-11,145,302,440,550,605,595,532,401,234,17,-224,-442,-632,-765,-829,-798,-686,-509,-268,25,329,600,826,981,1031,968,828,572,260,-78,-427,-741,-972,-1115,-1150,-1063,-870,-596,-236,134,484,799,1038,1168,1193,1090,893,608,263,-106,-466,-772,-997,-1129,-1169,-1094,-903,-644,-333,18,368,678,924,1083,1145,1101,961,724,425,105,-232,-552,-813,-995,-1084,-1088,-995,-805,-551,-243,77,405,679,900,1030,1069,1018,874,651,374,67,-243,-531,-764,-921,301,-1004,-910,-754,-534,-263,40,322,587,797,932,1000,981,886,709,480,203,-99,-392,-660,-866,-1010,-1055,-1020,-890,-682,-415,-112,204,509,768,959,1066,1079,1003,835,617,340,29,-287,-578,-828,-1011,-1096,-1099,-1015,-839,-601,-286,41,370,673,923,1098,1170,1150,1025,820,526,194,-152,-501,-810,-1050,-1200,-1247,-1188,-1011,-744,-421,-54,320,671,961,1152,1239,1230,1103,868,571,215,-142,-496,-789,-1017,-1149,-1179,-1106,-943,-700,-400,-63,265,564,806,982,1074,1075,977,806,570,276,-15,-320,-589,-802,-947,-1008,-999,-891,-708,-476,-208,81,359,601,801,927,962,928,815,630,393,126,-147,-418,820,710,-82,-464,-279,564,757,887,943,908,800,632,409,155,-112,-370,-601,-763,-873,-912,-871,-757,-578,-359,-113,152,403,615,774,882,922,878,752,571,329,71,-197,-456,-667,-837,-929,-940,-879,-741,-535,-282,11,289,537,751,888,958,945,846,675,455,187,-87,-349,-601,-787,-894,-948,-918,-809,-627,-400,-137,136,395,617,791,902,947,888,769,586,352,87,-193,-459,-684,-835,-922,-931,-860,-709,-492,-239,28,289,528,713,838,885,860,758,573,353,116,-119,-347,-541,-690,-778,-798,-745,-628,-471,-274,-63,152,347,515,640,703,706,651,554,414,228,36,-157,-336,-484,-599,-675,-675,-619,-513,628,-218,-21,176,353,513,614,671,677,626,524,372,174,-31,-230,-413,-564,-671,-718,-697,-621,-489,-302,-96,125,334,509,645,720,737,693,571,405,195,-19,-236,-426,-588,-700,-741,-724,-627,-494,-313,-101,125,337,523,666,744,758,700,588,411,194,-47,-293,-495,-657,-762,-790,-739,-616,-439,-212,40,282,497,663,747,760,684,552,362,137,-90,-304,-474,-587,-630,-601,-522,-394,-241,-71,98,244,356,414,432,406,351,270,175,61,-43,-125,-205,-249,-274,-282,-254,-210,-157,-96,-19,55,113,163,199,222,218,196,159,104,32,-37,-113,-169,-205,-212,-186,-127,-50,28,83,-821,-743,-82,-846,-912,-181,-195,-181,-130,-52,40,136,210,258,279,265,226,151,61,-29,-123,-213,-281,-323,-341,-336,-289,-209,-110,4,134,261,366,451,499,498,439,339,194,9,-183,-371,-533,-653,-726,-712,-623,-466,-253,0,269,519,727,876,936,892,765,551,263,-71,-386,-679,-924,-1057,-1101,-1037,-854,-585,-260,102,462,775,1020,1161,1165,1083,892,602,254,-123,-485,-791,-1032,-1158,-1188,-1095,-900,-624,-304,48,409,725,963,1120,1167,1097,931,685,385,41,-296,-609,-866,-1028,-1110,-1097,-978,-766,-487,-171,146,466,734,940,1053,1082,1007,847,610,310,-5,-325,-608,-839,-989,-1053,-1023,-906,-701,-449,-176,165,436,677,863,980,1000,939,817,606,364,80,-207,-487,-721,-897,-1005,-1027,-963,-806,-586,-310,-5,298,594,824,993,1068,1058,955,755,504,203,-104,-418,-683,-898,-1040,-1093,-1051,-929,-731,-459,-146,165,477,746,964,1109,1145,1099,949,722,421,86,-259,-584,-865,-1077,-1184,-1206,-1118,-926,-643,-313,51,411,748,1009,1184,1255,1215,1066,826,498,144,-227,-584,-878,-1089,-1204,-1206,-1110,-906,-643,-313,34,374,680,914,1075,1131,1091,961,753,489,187,-131,-433,-689,-899,-1011,-1046,-994,-846,-634,-371,-93,199,482,707,873,970,987,916,775,562,301,23,-251,-515,-734,-883,-952,-949,-872,-406,-580
61343,mtk,MTK 7916,861631140,rx0-tx1,512,-686,885,803,-130,77,272,438,565,642,663,616,520,389,219,31,-155,-312,-448,-541,-582,-578,-526,-433,-311,-158,-1,145,279,383,472,517,524,490,414,313,192,51,-91,-238,-364,-451,-522,-545,-526,-464,-368,-241,-95,66,223,373,489,570,606,596,529,425,275,92,-98,-280,-441,-573,-656,-677,-650,-553,-415,-241,-37,165,360,526,644,713,703,642,521,361,161,-55,-260,-443,-580,-675,-713,-678,-592,-457,-277,-78,127,317,477,609,682,687,637,537,390,210,21,-177,-364,-509,-619,-669,-657,-588,-481,-327,-140,50,238,405,537,621,654,621,549,421,255,76,-117,-304,-461,-570,-638,-38,-598,-489,-349,-174,19,212,380,509,600,634,619,548,421,262,79,-104,-285,-449,-561,-626,-628,-581,-475,-333,-160,36,225,382,508,593,624,592,504,385,218,34,-144,-308,-436,-539,-581,-569,-501,-402,-258,-100,63,224,357,452,518,531,497,421,312,169,21,-128,-260,-372,-447,-486,-478,-437,-360,-245,-106,35,180,303,401,461,488,458,391,289,164,14,-133,-269,-383,-449,-474,-446,-373,-277,-145,-6,138,257,355,408,428,401,332,230,109,-24,-147,-250,-330,-376,-376,-339,-261,-159,-42,73,180,266,320,333,303,238,136,21,-99,-196,-259,-278,-249,-179,-82,17,95,820,888,0,311,-72,-154,-155,-119,-52,26,107,179,223,230,210,155,80,0,-81,-157,-210,-237,-241,-216,-168,-104,-26,57,132,195,230,242,226,191,134,71,-1,-73,-130,-175,-204,-204,-189,-165,-127,-82,-30,19,63,93,119,141,156,167,160,142,116,77,30,-18,-74,-115,-171,-211,-226,-222,-196,-154,-94,-22,45,112,182,226,247,249,227,185,132,73,-2,-66,-135,-188,-228,-252,-260,-244,-205,-154,-89,-11,56,133,207,265,302,311,290,250,185,99,-3,-107,-199,-275,-337,-362,-355,-310,-252,-166,-51,53,162,255,328,372,389,373,318,242,134,14,-104,-216,-306,-382,-417,-415,-48,-317,-221,-110,16,143,264,358,431,468,463,415,324,209,71,-74,-214,-345,-446,-514,-526,-492,-418,-308,-159,-5,149,299,425,503,545,539,488,393,267,111,-45,-197,-337,-450,-529,-565,-550,-496,-397,-266,-112,56,227,377,490,573,610,594,522,417,266,81,-95,-278,-436,-558,-646,-667,-638,-559,-421,-254,-49,158,356,524,647,724,727,667,555,376,169,-52,-273,-468,-629,-728,-759,-729,-632,-476,-277,-59,173,386,559,677,736,731,664,548,375,182,-39,-247,-428,-581,-680,-716,-690,-610,-478,-302,-102,109,310,488,609,687,702,659,550,400,218,8,-195,-383,-531,-636,628,718,9,-260,-469,676,675,616,504,353,169,-29,-222,-380,-510,-595,-626,-595,-523,-414,-260,-96,77,235,366,471,534,548,525,454,359,240,96,-45,-193,-317,-412,-489,-523,-522,-482,-391,-282,-149,5,154,293,407,493,548,559,534,459,337,191,19,-161,-323,-464,-576,-642,-647,-600,-499,-350,-162,30,227,409,548,655,696,683,608,470,300,97,-116,-309,-484,-613,-701,-718,-668,-564,-413,-228,-11,197,377,534,641,697,692,622,506,347,147,-55,-253,-422,-559,-639,-671,-650,-563,-435,-273,-81,116,294,449,575,647,658,616,516,375,202,9,-180,-349,-499,-590,-639,-635,-574,-453,-299,-121,634,257,418,542,619,641,601,508,382,216,30,-155,-333,-474,-578,-629,-622,-567,-451,-301,-126,63,251,416,532,604,626,582,491,355,186,-4,-191,-343,-471,-567,-599,-584,-505,-387,-237,-63,109,268,398,498,543,553,508,412,289,143,-20,-171,-305,-412,-484,-507,-485,-429,-331,-209,-66,85,210,335,428,478,486,447,374,265,142,-4,-150,-281,-388,-460,-482,-455,-394,-289,-160,-21,128,252,362,427,454,424,356,251,126,-3,-135,-252,-340,-393,-403,-369,-299,-202,-83,43,160,260,325,354,343,297,211,104,-18,-133,-230,-293,-313,-294,-229,-135,-19,89,174,215,211,162,367,168,0,645,714,5,74,143,189,202,184,134,55,-28,-110,-180,-220,-234,-223,-188,-124,-46,39,117,178,220,245,239,212,153,86,5,-70,-141,-194,-223,-233,-215,-174,-126,-64,0,54,104,143,162,175,170,156,128,96,60,27,-11,-53,-91,-125,-155,-178,-190,-183,-162,-133,-74,-9,58,122,174,220,240,231,219,181,122,49,-23,-99,-159,-205,-241,-252,-239,-213,-168,-111,-49,26,98,158,208,253,273,272,256,212,146,64,-32,-117,-202,-274,-328,-346,-331,-287,-219,-127,-17,92,186,263,338,369,369,343,283,193,91,-20,-136,-236,-321,-381,-404,-393,-350,-279,-181,-56,64,-1135,292,370,421,442,423,363,271,159,30,-104,-239,-353,-437,-488,-492,-458,-380,-264,-122,39,192,327,444,518,541,523,459,343,209,56,-101,-255,-384,-487,-544,-558,-527,-447,-324,-181,-22,134,288,422,518,571,581,547,461,342,193,22,-161,-323,-463,-580,-633,-633,-590,-483,-346,-169,28,216,398,545,652,701,690,620,487,319,113,-110,-315,-504,-649,-732,-752,-706,-597,-435,-224,-5,221,428,595,709,757,741,654,509,323,107,-113,-319,-500,-630,-706,-730,-676,-580,-428,-236,-30,175,367,531,648,707,703,642,516,353,160,-49,-254,-435,-569,-667,-700,-668,-580,-444,-281,-346,31
61344,mtk,MTK 7916,861631140,rx1-tx0,512,0,-3,-186,446,543,592,599,559,474,339,172,-3,-195,-365,-524,-632,-702,-701,-648,-530,-368,-171,52,280,491,665,781,831,816,726,562,338,77,-191,-446,-673,-846,-943,-941,-865,-712,-490,-220,83,383,640,836,967,1008,961,821,600,336,40,-269,-552,-776,-931,-1013,-993,-888,-706,-465,-184,108,391,634,819,942,973,927,805,608,360,84,-204,-472,-689,-858,-956,-959,-885,-727,-519,-254,35,313,548,750,881,942,909,800,626,387,119,-158,-410,-628,-786,-876,-899,-833,-684,-478,-242,16,266,485,670,790,821,791,694,527,324,95,-143,-350,-527,-648,-712,-719,-645,-535,-373,-191,-6,-277,349,479,558,604,595,533,428,292,142,-16,-161,-306,-417,-496,-534,-531,-493,-409,-292,-160,-10,142,273,392,474,515,521,494,428,310,173,21,-129,-274,-400,-490,-550,-561,-534,-458,-342,-199,-42,130,295,441,556,630,655,622,524,384,212,3,-226,-427,-593,-728,-783,-762,-685,-518,-302,-53,212,457,666,815,878,845,732,545,296,28,-256,-514,-713,-844,-864,-812,-675,-471,-228,28,281,494,645,744,755,688,557,368,167,-49,-260,-433,-567,-636,-635,-577,-456,-296,-109,84,263,402,491,534,523,455,334,173,-3,-168,-307,-422,-463,-438,-369,-237,-77,84,211,291,302,345,308,0,-580,-297,-29,-14,16,46,72,88,93,87,68,38,10,-27,-63,-96,-119,-123,-120,-99,-79,-39,5,47,83,115,146,153,153,135,117,77,24,-27,-94,-146,-175,-207,-220,-202,-186,-136,-73,-4,75,162,228,280,313,306,272,214,128,23,-100,-215,-328,-394,-433,-428,-366,-275,-147,1,146,294,410,484,507,480,400,285,123,-42,-202,-342,-451,-506,-529,-489,-393,-264,-118,39,201,339,436,493,489,453,369,256,122,-29,-172,-282,-370,-412,-422,-393,-333,-237,-141,-41,66,169,233,285,321,318,305,274,226,152,77,-6,-90,-175,-246,-305,-344,-358,-344,-306,-231,-135,-25,489,214,312,397,447,454,414,343,238,114,-34,-180,-309,-422,-497,-521,-499,-438,-333,-193,-36,123,275,398,491,553,554,508,426,297,136,-33,-205,-359,-482,-556,-586,-576,-502,-388,-231,-69,102,272,407,511,570,586,547,469,346,199,31,-132,-287,-416,-521,-579,-585,-554,-473,-353,-206,-39,132,298,438,552,625,643,614,534,396,228,28,-184,-375,-544,-665,-723,-722,-651,-515,-324,-112,118,340,529,660,734,741,674,549,367,166,-40,-246,-425,-558,-631,-662,-626,-540,-412,-257,-82,88,244,387,489,545,565,540,472,379,251,114,-40,-191,-328,-443,-520,-556,-543,-495,-397,-339,-604,0,354,300,384,240,82,-84,-257,-414,-548,-622,-661,-631,-558,-439,-280,-87,122,327,513,651,742,772,730,630,464,259,19,-227,-469,-669,-816,-889,-879,-798,-636,-420,-146,138,405,649,840,957,991,918,763,541,268,-32,-330,-612,-825,-963,-1017,-986,-858,-657,-401,-104,205,485,727,895,988,989,910,751,537,276,-10,-290,-543,-752,-896,-963,-955,-844,-671,-443,-167,119,390,626,809,927,958,899,769,582,328,52,-231,-480,-695,-846,-921,-904,-818,-658,-437,-196,72,332,558,726,831,865,816,698,524,287,33,-205,-430,-604,-720,-774,-761,-671,-535,-348,-146,75,278,447,579,642,661,315,543,396,241,74,-100,-258,-393,-495,-554,-556,-524,-456,-351,-221,-74,70,215,348,444,505,531,510,455,368,237,91,-59,-202,-340,-448,-516,-543,-532,-481,-380,-256,-105,49,200,347,462,542,584,585,527,431,290,120,-67,-261,-430,-560,-662,-713,-690,-590,-457,-267,-30,202,433,635,767,837,815,720,549,318,35,-238,-490,-694,-831,-887,-858,-722,-524,-265,11,280,522,703,807,825,758,609,421,196,-45,-274,-471,-609,-676,-689,-627,-507,-341,-137,64,254,417,529,589,581,510,385,235,71,-106,-267,-400,-482,-511,-467,-386,-249,-70,93,245,359,407,383,296,165,35,-32,160,0,-386,-642,52,67,73,65,47,23,-10,-42,-78,-101,-108,-108,-92,-75,-37,2,40,72,100,133,142,136,115,90,50,10,-37,-80,-123,-164,-180,-187,-177,-139,-100,-54,24,87,144,201,235,257,257,227,170,107,10,-92,-183,-269,-332,-375,-369,-331,-249,-136,-17,126,260,365,447,471,461,401,287,141,-20,-181,-317,-436,-509,-524,-486,-402,-264,-114,45,215,352,452,507,514,478,384,260,109,-49,-191,-319,-406,-457,-465,-419,-350,-247,-126,4,126,231,305,342,366,358,312,239,173,84,-6,-83,-159,-230,-282,-312,-322,-313,-277,-223,-153,-64,35,134,229,312,371,402,-571,357,296,195,70,-71,-204,-318,-404,-462,-486,-458,-394,-291,-154,0,149,293,417,500,538,529,475,372,247,87,-86,-238,-379,-489,-553,-576,-546,-467,-339,-182,-23,150,313,447,540,581,582,527,427,296,134,-40,-205,-351,-473,-556,-591,-575,-513,-410,-278,-117,40,202,356,478,564,602,597,538,436,304,134,-47,-226,-402,-544,-643,-693,-677,-602,-470,-286,-79,139,351,541,672,743,745,674,530,357,148,-79,-298,-485,-617,-686,-708,-662,-556,-396,-216,-27,168,337,473,566,606,593,547,450,319,165,12,-149,-286,-408,-501,-549,-564,-521,-447,-332,-198,-46,105,252,383,607,342
61345,mtk,MTK 7916,861631140,rx1-tx1,512,0,0,0,-716,-579,-308,33,369,637,759,692,472,151,-211,-520,-706,-734,-592,-310,41,367,607,706,632,399,82,-236,-490,-626,-610,-436,-160,149,427,590,606,478,222,-86,-371,-565,-627,-528,-295,10,316,551,650,585,372,68,-261,-536,-678,-653,-479,-190,154,471,669,714,588,322,-15,-364,-627,-730,-664,-453,-131,222,520,694,698,530,250,-88,-403,-624,-691,-585,-342,-19,309,564,681,630,436,135,-204,-498,-674,-694,-544,-256,80,403,635,709,618,394,79,-251,-529,-683,-673,-514,-241,91,394,592,659,580,366,72,-235,-479,-599,-591,-449,-209,75,339,499,539,465,289,50,0,-369,-440,-405,-281,-95,102,267,359,353,249,81,-97,-244,-328,-324,-223,-60,123,284,369,351,240,62,-134,-310,-435,-450,-347,-146,103,335,490,542,467,284,21,-259,-493,-617,-597,-447,-185,132,422,630,692,603,370,45,-286,-569,-729,-722,-549,-261,91,444,707,802,721,477,128,-250,-588,-800,-833,-686,-389,-10,385,706,858,840,646,317,-82,-456,-730,-851,-796,-577,-233,159,502,731,807,719,484,158,-186,-483,-672,-714,-611,-388,-96,208,456,598,621,512,303,48,-200,-401,-513,-517,-420,-247,-34,172,334,433,442,372,245,87,-78,-215,-301,-340,-326,-263,-174,-76,0,0,0,0,0,365,382,336,225,61,-136,-339,-509,-606,-612,-504,-302,-34,258,514,685,734,647,432,122,-223,-530,-742,-820,-726,-481,-132,253,582,801,852,717,431,60,-331,-673,-865,-859,-665,-318,107,507,803,927,850,575,163,-286,-678,-929,-980,-808,-454,1,468,842,1014,968,716,292,-212,-664,-960,-1040,-894,-547,-63,435,830,1042,1011,742,312,-186,-649,-954,-1045,-898,-539,-51,453,844,1046,1001,718,268,-250,-714,-1004,-1070,-884,-485,30,552,959,1144,1055,721,216,-340,-837,-1150,-1203,-978,-524,53,633,1086,1294,1213,861,311,-315,-871,-1244,-1350,-1148,-692,-93,539,1046,1311,1288,973,432,0,-763,-1172,-1309,-1139,-719,-130,487,981,1242,1216,908,398,-208,-769,-1150,-1259,-1064,-619,-34,558,1028,1256,1194,861,323,-304,-862,-1212,-1293,-1081,-613,5,619,1082,1293,1215,871,321,-308,-857,-1199,-1260,-1046,-589,-5,572,1007,1201,1112,768,254,-306,-788,-1077,-1094,-850,-411,119,614,959,1059,895,506,9,-496,-879,-1047,-964,-648,-170,352,793,1055,1067,827,393,-133,-625,-973,-1106,-981,-624,-117,406,822,1055,1051,805,377,-124,-590,-906,-1013,-889,-568,-126,329,692,882,863,648,297,-117,-488,-730,-783,-643,-364,-5,346,602,696,618,389,67,-271,-527,-646,-604,-409,-107,217,486,644,642,0,0,0,0,0,-102,-427,-656,-735,-645,-398,-59,295,591,749,728,542,238,-118,-449,-665,-721,-614,-368,-36,299,555,669,618,428,131,-202,-470,-614,-611,-455,-188,127,399,578,614,498,257,-54,-353,-563,-632,-547,-329,-22,295,544,666,622,420,117,-224,-506,-677,-697,-546,-255,97,421,648,729,641,394,62,-286,-570,-705,-681,-511,-205,149,461,655,690,567,307,-30,-354,-589,-686,-614,-385,-62,269,543,690,670,486,187,-157,-457,-656,-695,-575,-335,-9,330,579,689,650,456,160,-168,-456,-636,-670,-553,-300,13,308,529,643,602,416,142,-158,-405,-556,-575,-467,-257,1,243,427,505,0,302,88,-132,-305,-391,-372,-264,-102,85,244,328,314,228,70,-114,-265,-344,-332,-233,-60,139,309,402,398,291,107,-119,-327,-464,-490,-403,-207,51,304,491,576,535,360,92,-217,-480,-626,-650,-529,-281,38,357,603,717,673,473,159,-200,-519,-724,-763,-641,-375,-16,355,654,814,783,586,266,-124,-501,-762,-858,-763,-519,-160,238,586,807,860,730,452,82,-306,-628,-808,-820,-665,-368,-10,342,616,754,731,559,283,-43,-345,-563,-669,-632,-463,-213,68,324,501,571,528,379,159,-79,-285,-427,-483,-445,-324,-152,39,219,347,409,394,322,207,70,-58,-159,-218,-239,0,0,0,0,0,-11,134,281,409,492,512,448,296,75,-171,-405,-591,-678,-645,-498,-245,67,380,635,775,754,588,304,-52,-402,-672,-815,-804,-624,-292,100,468,732,854,797,555,187,-217,-587,-833,-898,-758,-440,-27,401,750,939,917,699,312,-158,-594,-903,-1019,-906,-595,-147,341,762,1009,1031,816,415,-73,-543,-903,-1056,-962,-644,-182,311,729,991,1030,835,441,-57,-536,-898,-1057,-959,-630,-161,346,777,1028,1035,809,380,-146,-641,-989,-1103,-966,-612,-96,460,911,1148,1137,862,380,-205,-748,-1124,-1260,-1111,-700,-121,490,997,1286,1295,1022,514,-123,-725,-1160,-1339,-1226,-841,-265,369,920,1263,0,1079,593,-25,-631,-1086,-1291,-1192,-822,-273,337,877,1205,1241,982,502,-86,-662,-1089,-1258,-1135,-751,-195,427,953,1250,1261,973,459,-150,-739,-1162,-1314,-1167,-750,-169,453,973,1260,1262,969,460,-149,-719,-1106,-1241,-1090,-685,-136,424,888,1134,1104,816,338,-218,-710,-1009,-1065,-872,-464,58,555,914,1049,919,579,91,-425,-837,-1058,-1028,-743,-275,252,724,1029,1086,897,508,-7,-528,-915,-1083,-1010,-708,-245,267,712,988,1042,860,484,3,-465,-810,-966,-897,-624,-227,207,584,806,830,665,340,-49,-410,-658,-738,-630,-379,-45,299,556,656,592,393,86,-240,-504,-642,-620,-432,-137,183,0,0
61346,mtk,MTK 7916,861631140,rx2-tx0,512,0,0,0,-1120,-830,-350,223,765,1147,1264,1083,644,52,-565,-1063,-1322,-1283,-943,-379,280,871,1261,1367,1159,681,33,-614,-1118,-1364,-1289,-913,-323,348,933,1294,1349,1094,578,-74,-707,-1165,-1349,-1210,-785,-169,484,1017,1312,1293,961,404,-241,-839,-1231,-1318,-1104,-624,4,626,1096,1298,1186,801,227,-405,-927,-1216,-1210,-915,-410,197,753,1109,1188,980,539,-30,-584,-988,-1147,-1012,-626,-91,464,907,1116,1051,725,214,-359,-846,-1123,-1121,-850,-362,226,764,1122,1212,1003,552,-43,-635,-1084,-1279,-1169,-776,-197,433,975,1292,1303,1009,481,-166,-780,-1219,-1370,-1197,-754,-130,527,1061,1346,1319,988,425,-239,0,-1257,-1367,-1164,-695,-56,597,1107,1350,1281,915,322,-343,-923,-1288,-1353,-1103,-591,66,717,1211,1412,1280,857,234,-455,-1047,-1404,-1437,-1133,-566,143,825,1319,1514,1357,898,233,-495,-1111,-1480,-1516,-1195,-604,120,820,1342,1563,1423,952,277,-460,-1094,-1483,-1535,-1238,-682,32,745,1275,1515,1416,998,358,-356,-988,-1394,-1485,-1239,-721,-48,632,1162,1431,1391,1043,469,-198,-813,-1250,-1411,-1254,-833,-247,377,914,1242,1302,1087,651,95,-466,-908,-1146,-1135,-894,-476,24,497,842,1012,969,722,344,-83,-475,-755,-872,-805,-590,-274,85,408,634,735,699,542,302,31,-217,-408,-521,-544,-478,-358,-217,0,0,0,0,0,188,345,475,548,545,449,256,0,-278,-531,-703,-764,-684,-464,-141,225,561,801,892,800,538,154,-276,-662,-926,-1002,-862,-540,-89,401,815,1075,1109,898,487,-45,-584,-1000,-1209,-1168,-867,-361,231,784,1177,1319,1171,767,187,-447,-987,-1321,-1365,-1102,-594,48,685,1179,1420,1337,955,365,-312,-922,-1319,-1423,-1218,-743,-104,555,1088,1372,1342,1011,461,-184,-782,-1194,-1318,-1154,-723,-129,479,960,1212,1180,868,363,-211,-737,-1079,-1149,-942,-522,18,556,952,1104,993,649,146,-398,-849,-1087,-1065,-784,-301,251,749,1078,1153,947,517,-42,-603,-1033,-1219,-1122,-762,-221,382,901,1212,1243,980,0,-128,-708,-1131,-1290,-1148,-733,-145,478,987,1267,1248,936,398,-243,-830,-1220,-1318,-1105,-632,-5,643,1141,1363,1275,888,285,-401,-987,-1347,-1395,-1126,-587,99,758,1233,1430,1301,866,224,-471,-1045,-1378,-1397,-1079,-514,167,803,1232,1373,1199,746,122,-525,-1039,-1295,-1241,-894,-340,283,825,1169,1230,984,512,-75,-642,-1044,-1183,-1037,-641,-100,453,902,1121,1067,758,277,-267,-739,-1029,-1063,-839,-416,98,580,909,1010,863,515,47,-419,-770,-925,-847,-566,-149,302,665,850,819,582,196,-237,-602,-815,-818,-605,-234,198,588,833,865,681,318,-136,-566,-854,-933,-784,-439,29,504,865,1022,937,0,0,0,0,0,-330,-824,-1141,-1196,-965,-496,98,679,1121,1312,1195,802,216,-423,-976,-1308,-1332,-1051,-532,116,745,1201,1379,1233,796,183,-476,-1030,-1338,-1335,-1016,-455,211,822,1230,1354,1162,686,47,-595,-1094,-1331,-1259,-876,-285,372,936,1281,1318,1036,515,-130,-742,-1174,-1323,-1159,-719,-110,512,1007,1265,1215,864,316,-292,-833,-1166,-1201,-956,-483,107,659,1040,1164,1002,586,32,-520,-940,-1133,-1031,-670,-144,413,871,1114,1083,784,283,-301,-815,-1125,-1165,-930,-460,135,706,1108,1244,1093,666,74,-537,-1030,-1288,-1240,-900,-336,307,881,1258,1346,1113,615,-23,-661,-1150,-1371,-1279,-884,-276,389,959,1315,1364,0,562,-85,-714,-1179,-1368,-1236,-807,-194,465,1016,1323,1323,1009,456,-208,-827,-1251,-1386,-1197,-727,-79,592,1127,1411,1368,997,393,-303,-939,-1369,-1487,-1260,-735,-43,662,1223,1508,1452,1064,426,-316,-984,-1430,-1549,-1322,-792,-76,655,1229,1538,1495,1119,487,-252,-928,-1386,-1531,-1339,-843,-160,549,1135,1465,1457,1117,541,-159,-823,-1290,-1468,-1330,-890,-254,428,1004,1362,1417,1166,666,28,-606,-1093,-1345,-1311,-991,-470,130,683,1077,1238,1137,795,301,-234,-704,-1010,-1091,-947,-617,-168,291,668,890,929,786,487,104,-285,-598,-774,-797,-672,-427,-119,195,455,619,664,601,453,248,34,-150,-283,-354,0,0,0,0,0,-381,-313,-190,-3,219,432,601,681,643,496,247,-74,-404,-668,-816,-816,-650,-351,32,431,752,926,920,720,355,-94,-542,-889,-1057,-1007,-733,-288,228,714,1053,1169,1040,676,156,-412,-905,-1222,-1272,-1034,-570,18,621,1101,1343,1285,940,382,-267,-860,-1269,-1414,-1237,-778,-149,512,1068,1389,1401,1102,563,-97,-741,-1220,-1415,-1303,-903,-295,371,944,1292,1354,1105,604,-16,-622,-1076,-1271,-1171,-810,-263,328,835,1142,1172,920,456,-110,-638,-1012,-1133,-972,-585,-64,469,887,1091,1025,714,231,-321,-803,-1088,-1113,-872,-412,156,684,1057,1191,1039,634,76,-499,-964,-1213,-1181,-870,-356,253,811,0,1279,1069,613,7,-602,-1070,-1291,-1206,-838,-274,363,917,1249,1289,1022,521,-118,-738,-1181,-1348,-1205,-770,-140,523,1068,1370,1351,1011,435,-245,-875,-1311,-1440,-1222,-727,-66,615,1154,1423,1363,983,369,-315,-924,-1317,-1396,-1156,-649,4,649,1136,1345,1231,831,239,-407,-943,-1238,-1239,-949,-433,179,742,1120,1213,1017,585,19,-556,-981,-1163,-1062,-714,-198,365,827,1077,1068,800,341,-190,-661,-967,-1042,-857,-466,21,492,835,972,866,545,105,-354,-714,-887,-838,-574,-177,259,630,827,813,596,219,-216,-596,-818,-831,-632,-275,163,569,836,896,725,372,-86,-534,-862,-981,-855,-517,-44,461,0,0
61347,mtk,MTK 7916,861631140,rx2-tx1,512,0,0,0,628,99,-461,-921,-1168,-1151,-866,-372,218,749,1101,1206,1034,629,80,-488,-943,-1178,-1136,-830,-333,236,751,1082,1151,958,542,0,-522,-917,-1103,-1007,-673,-195,327,761,1002,997,752,320,-184,-635,-928,-988,-800,-413,71,545,885,1001,865,512,27,-475,-858,-1033,-962,-650,-180,330,776,1043,1049,798,356,-186,-680,-1008,-1096,-919,-515,27,562,965,1137,1033,680,154,-422,-909,-1179,-1163,-870,-374,223,792,1182,1298,1108,652,40,-587,-1088,-1349,-1302,-956,-385,260,847,1252,1374,1180,722,103,-542,-1056,-1324,-1296,-978,-442,191,772,1168,1298,1137,723,156,-432,-908,-1177,-1174,-902,-435,106,608,0,1075,946,597,131,-346,-727,-913,-877,-641,-258,171,544,770,799,623,303,-85,-449,-695,-761,-630,-346,21,387,648,742,649,390,29,-357,-663,-788,-719,-463,-79,337,683,880,866,637,233,-249,-695,-991,-1068,-899,-514,8,547,986,1217,1174,872,363,-243,-808,-1199,-1336,-1190,-773,-172,477,1026,1362,1399,1128,620,-30,-686,-1198,-1449,-1391,-1047,-484,185,816,1273,1459,1341,948,365,-278,-852,-1238,-1360,-1213,-826,-278,305,798,1109,1186,1016,644,163,-325,-724,-951,-970,-799,-481,-80,324,634,803,800,643,365,25,-297,-544,-681,-685,-560,-340,-77,179,386,511,542,488,371,212,58,-73,0,0,0,0,0,-421,-487,-478,-388,-225,-11,219,434,591,653,597,431,184,-105,-377,-585,-678,-633,-465,-198,111,402,613,699,624,416,118,-208,-494,-678,-715,-593,-333,16,359,629,775,737,526,199,-186,-541,-778,-840,-720,-433,-38,359,682,862,859,649,279,-142,-539,-832,-937,-818,-512,-92,359,728,935,939,725,334,-135,-571,-872,-983,-874,-565,-128,340,735,957,953,741,356,-106,-543,-855,-966,-854,-538,-97,357,729,937,923,687,293,-172,-597,-881,-962,-825,-491,-36,416,770,959,928,679,278,-187,-614,-892,-959,-808,-475,-35,410,761,933,880,624,229,-208,-602,-857,-901,-739,-402,33,0,768,894,814,547,151,-273,-626,-827,-834,-645,-306,102,477,733,802,681,397,12,-372,-650,-779,-710,-446,-75,309,629,792,749,527,175,-240,-605,-827,-844,-665,-319,113,531,820,915,795,482,59,-393,-758,-926,-874,-619,-216,237,639,887,911,714,343,-119,-558,-855,-936,-797,-460,-1,466,818,967,891,602,149,-350,-768,-1006,-999,-744,-313,199,675,995,1083,908,511,-14,-542,-948,-1135,-1050,-720,-223,338,825,1132,1172,932,481,-90,-632,-1020,-1184,-1073,-712,-186,384,862,1130,1135,874,412,-142,-659,-1015,-1128,-970,-582,-58,476,893,1094,1038,734,251,-299,-770,-1049,-1089,-859,-421,0,0,0,0,0,973,1157,1079,747,237,-337,-838,-1149,-1189,-958,-502,72,630,1039,1210,1106,736,201,-366,-850,-1138,-1159,-907,-450,109,632,1002,1132,998,624,109,-421,-844,-1056,-1008,-718,-267,240,690,965,993,773,374,-124,-597,-906,-987,-833,-469,30,517,873,1023,922,592,107,-401,-818,-1036,-1006,-724,-263,265,741,1028,1066,854,430,-106,-622,-986,-1107,-974,-594,-62,491,930,1152,1096,779,267,-328,-860,-1188,-1242,-1005,-517,104,708,1149,1332,1215,812,221,-427,-985,-1315,-1343,-1065,-556,85,709,1173,1366,1248,852,269,-378,-930,-1266,-1315,-1071,-590,17,605,1048,1255,1171,831,317,-260,-759,-1071,-1137,-942,0,-34,460,832,993,913,632,206,-250,-618,-830,-835,-636,-290,123,493,723,771,626,322,-56,-405,-661,-752,-646,-367,-4,363,646,757,672,415,39,-355,-672,-833,-779,-527,-139,300,700,951,976,764,365,-148,-648,-1010,-1151,-1038,-685,-162,415,921,1244,1293,1043,563,-47,-656,-1133,-1371,-1309,-956,-393,262,876,1309,1446,1274,832,214,-447,-1017,-1389,-1460,-1214,-722,-92,556,1089,1387,1383,1097,607,3,-585,-1037,-1265,-1223,-943,-484,58,557,920,1086,1021,751,346,-107,-519,-800,-901,-821,-576,-230,139,468,683,756,679,473,188,-115,-382,-558,-626,-584,-453,-260,-41,157,304,389,403,351,0,0,0,0,0,131,-31,-211,-389,-527,-596,-572,-453,-249,8,273,504,644,657,552,339,59,-238,-501,-664,-681,-566,-327,-11,305,558,690,676,508,221,-117,-436,-664,-747,-662,-424,-89,274,582,767,785,618,304,-73,-453,-746,-871,-795,-542,-166,255,626,872,914,739,398,-38,-466,-793,-942,-878,-620,-217,247,656,918,971,799,447,-1,-455,-810,-976,-917,-659,-257,221,641,898,959,800,452,-5,-452,-792,-952,-886,-614,-196,266,667,908,939,755,396,-65,-516,-844,-974,-882,-585,-161,302,703,940,960,756,379,-76,-516,-836,-950,-841,-557,-147,311,690,894,898,694,327,-117,-525,-814,-919,0,-483,-66,364,709,875,834,601,237,-181,-554,-789,-830,-675,-366,30,407,679,780,693,425,47,-341,-648,-783,-717,-477,-123,274,621,813,797,588,233,-194,-576,-828,-893,-741,-410,29,464,793,930,842,557,137,-320,-693,-901,-901,-679,-284,178,597,866,922,758,406,-49,-502,-834,-959,-852,-536,-77,401,784,983,939,660,217,-284,-724,-998,-1033,-820,-409,107,607,980,1115,986,622,93,-455,-901,-1144,-1120,-831,-349,219,740,1088,1183,1006,596,51,-510,-953,-1168,-1114,-803,-300,268,759,1071,1131,922,503,-32,-564,-957,-1119,-1010,-662,-145,399,833,1072,1062,794,341,-196,-691,-1022,0,0
61348,mtk,MTK 7916,861667136,rx0-tx0,512,-330,-764,-850,-530,-355,-150,78,293,478,615,682,673,612,483,309,104,-112,-309,-483,-609,-671,-663,-595,-466,-301,-100,117,321,490,618,672,669,604,471,293,79,-136,-347,-523,-651,-697,-684,-605,-453,-259,-36,191,397,556,668,711,684,585,430,224,2,-218,-413,-572,-670,-698,-654,-551,-394,-198,22,234,422,569,653,687,652,540,376,179,-41,-256,-450,-591,-673,-687,-629,-513,-340,-130,91,300,472,596,661,646,574,437,267,63,-137,-318,-472,-577,-608,-580,-504,-369,-199,-19,162,315,437,523,552,530,447,329,172,14,-143,-296,-420,-490,-514,-487,-422,-307,-172,-17,145,284,397,-26,502,483,414,305,166,12,-156,-300,-410,-487,-515,-495,-420,-293,-147,24,190,341,448,517,535,490,393,258,93,-91,-251,-394,-499,-548,-537,-472,-350,-200,-27,152,308,441,522,555,523,436,308,144,-38,-212,-363,-484,-551,-561,-503,-401,-244,-63,124,307,456,541,580,550,461,306,127,-71,-269,-427,-532,-575,-542,-445,-308,-129,62,236,378,462,491,459,375,246,97,-50,-184,-282,-343,-362,-336,-273,-191,-95,3,98,174,220,239,239,214,160,103,48,-22,-82,-127,-163,-177,-172,-154,-121,-76,-34,30,86,126,153,165,154,120,65,4,-61,-111,-141,-145,-113,-67,-294,-468,510,368,166,81,32,-34,-101,-149,-182,-183,-156,-101,-33,42,111,169,207,220,212,175,117,41,-40,-119,-198,-263,-293,-294,-263,-207,-114,1,123,239,338,408,428,401,318,196,38,-134,-302,-445,-547,-584,-546,-444,-285,-79,145,364,540,677,719,676,558,359,120,-155,-405,-624,-767,-825,-785,-648,-433,-160,130,403,645,809,881,846,717,501,222,-72,-356,-603,-785,-874,-866,-763,-566,-318,-30,254,507,712,829,860,786,632,418,164,-113,-378,-598,-758,-828,-804,-698,-522,-301,-38,232,471,661,780,813,764,632,424,185,-72,-321,-536,-696,-781,-781,-697,-539,-328,-88,156,388,574,301,765,733,632,470,266,34,-200,-416,-583,-697,-740,-713,-612,-451,-241,-5,233,455,626,732,780,741,619,439,213,-38,-288,-507,-670,-773,-794,-734,-603,-402,-166,91,328,542,699,793,805,739,596,390,150,-114,-366,-598,-755,-838,-845,-776,-610,-382,-118,167,431,660,815,897,878,774,582,329,41,-245,-527,-741,-876,-929,-878,-737,-513,-233,60,352,606,783,885,892,809,635,399,125,-159,-416,-632,-778,-843,-825,-716,-543,-311,-56,198,434,623,751,792,757,652,478,257,17,-221,-434,-610,-711,-747,-702,-590,-428,-220,11,246,439,592,692,720,670,555,386,176,-48,-267,820,710,-82,-464,-279,462,601,685,695,629,505,330,115,-99,-301,-480,-603,-667,-660,-593,-475,-305,-103,110,310,480,603,667,668,592,466,291,87,-120,-324,-500,-629,-689,-686,-607,-468,-279,-63,150,371,544,663,715,697,598,444,241,18,-208,-409,-573,-677,-710,-668,-568,-410,-211,7,226,417,568,662,692,648,546,385,191,-18,-234,-435,-578,-672,-696,-646,-532,-361,-161,64,275,464,602,672,674,608,481,307,94,-119,-318,-478,-591,-642,-619,-537,-402,-225,-32,152,323,465,548,583,554,468,348,189,26,-149,-300,-426,-501,-523,-505,-436,-320,-172,-15,140,282,399,471,506,483,411,302,628,19,-145,-291,-406,-479,-509,-488,-409,-297,-157,6,166,320,433,509,531,498,406,277,125,-48,-220,-364,-471,-537,-537,-482,-382,-236,-61,115,285,424,511,552,528,451,324,166,-6,-185,-339,-463,-536,-553,-509,-422,-283,-111,71,246,397,510,556,548,484,354,191,4,-190,-367,-498,-564,-579,-518,-389,-222,-30,167,327,452,528,532,476,356,201,29,-137,-279,-383,-430,-424,-369,-270,-158,-32,89,185,255,289,294,266,212,139,62,-17,-97,-152,-177,-197,-203,-179,-142,-89,-32,25,76,125,150,165,170,142,105,57,0,-60,-114,-150,-162,-148,-106,-52,15,71,101,-821,-743,-82,-846,-912,-102,-141,-152,-132,-87,-23,50,120,175,202,202,178,132,64,-10,-87,-158,-213,-246,-248,-231,-190,-120,-30,69,165,253,326,356,350,301,215,90,-51,-196,-331,-440,-499,-498,-433,-321,-160,39,242,417,556,635,641,564,419,216,-31,-265,-496,-667,-767,-773,-683,-517,-277,-5,282,538,733,839,843,757,582,331,43,-253,-513,-728,-851,-875,-804,-644,-409,-129,167,448,669,812,867,822,701,494,236,-50,-329,-562,-735,-831,-839,-751,-592,-366,-99,175,427,629,768,829,788,661,472,235,-22,-278,-510,-681,-776,-793,-723,-579,-380,-134,120,366,566,706,766,755,658,497,-176,63,-183,-402,-578,-696,-742,-719,-617,-457,-249,-20,209,422,594,712,760,727,623,449,235,-6,-264,-483,-654,-768,-798,-746,-607,-414,-178,79,324,534,694,780,792,726,593,394,154,-103,-351,-568,-725,-813,-821,-749,-600,-384,-134,127,393,625,782,868,863,770,595,358,84,-207,-478,-702,-852,-910,-888,-770,-555,-296,5,304,575,781,894,919,853,687,453,178,-115,-393,-632,-789,-874,-859,-759,-583,-351,-90,179,428,626,761,814,789,684,513,285,36,-208,-430,-614,-725,-768,-727,-620,-447,-230,-1,236,438,599,702,737,688,571,407,200,-30,-255,-451,-604,-694,-710,-659,-406,-580
61349,mtk,MTK 7916,861667136,rx0-tx1,512,-686,885,803,-67,153,358,524,632,674,645,535,383,201,-10,-215,-389,-520,-586,-608,-563,-458,-317,-148,27,196,341,455,522,534,506,430,311,172,14,-145,-290,-411,-494,-534,-529,-474,-372,-233,-79,91,262,398,508,570,582,536,436,290,109,-78,-279,-446,-571,-651,-656,-594,-474,-301,-92,124,339,515,640,699,688,608,460,266,41,-183,-397,-564,-680,-725,-684,-577,-413,-212,14,244,450,602,691,706,652,539,361,158,-67,-285,-472,-615,-681,-686,-624,-490,-317,-105,114,319,493,609,664,661,585,449,264,58,-156,-352,-503,-613,-656,-629,-546,-398,-218,-10,200,387,538,632,654,-38,500,340,148,-59,-267,-444,-576,-643,-640,-574,-452,-279,-75,137,331,486,601,640,611,527,384,201,-7,-215,-402,-535,-621,-638,-576,-462,-293,-101,105,289,448,560,605,577,497,368,192,7,-179,-344,-472,-543,-560,-515,-417,-279,-115,60,226,358,468,514,511,458,353,218,64,-96,-242,-366,-457,-496,-483,-413,-311,-168,-13,150,290,402,466,486,447,354,228,73,-91,-234,-354,-436,-465,-435,-359,-241,-97,54,192,311,388,419,399,333,224,90,-46,-176,-282,-350,-376,-358,-293,-191,-70,61,184,277,327,331,289,206,91,-30,-147,-242,-286,-277,-212,-114,-5,101,164,820,888,0,311,-72,-143,-179,-165,-110,-33,56,144,201,224,221,176,106,17,-75,-158,-215,-238,-239,-212,-149,-70,15,94,172,227,247,233,197,137,63,-19,-96,-155,-196,-216,-203,-177,-127,-74,-16,42,96,128,156,162,159,147,126,100,57,13,-39,-96,-137,-169,-196,-207,-191,-151,-97,-33,48,127,183,228,240,238,207,152,77,-2,-77,-150,-214,-237,-253,-240,-206,-153,-91,-20,66,148,202,247,277,276,244,194,115,24,-74,-172,-247,-306,-335,-325,-288,-205,-103,5,124,223,304,358,372,346,284,191,79,-43,-167,-263,-344,-387,-391,-359,-288,-180,-64,72,204,310,385,418,-48,379,291,173,44,-103,-241,-357,-434,-471,-469,-403,-302,-170,-9,157,303,419,500,531,498,420,290,129,-49,-218,-367,-484,-543,-542,-490,-391,-247,-81,89,256,398,510,558,563,503,401,256,83,-108,-281,-423,-535,-599,-589,-530,-422,-270,-81,115,302,462,575,633,635,573,447,271,67,-145,-355,-532,-654,-709,-692,-608,-454,-256,-18,222,431,607,718,754,713,588,405,180,-70,-308,-524,-679,-764,-765,-685,-533,-326,-91,153,384,563,686,737,716,619,459,256,29,-204,-415,-584,-692,-725,-690,-579,-410,-195,37,257,451,605,690,705,652,529,347,132,-97,-318,-496,-629,628,718,9,-260,-469,690,670,580,430,236,21,-197,-386,-520,-615,-645,-602,-500,-346,-166,21,213,369,490,555,570,528,442,313,154,-11,-168,-314,-427,-501,-532,-507,-443,-339,-206,-52,112,265,396,490,539,551,497,401,268,99,-84,-265,-420,-541,-606,-621,-573,-455,-301,-111,102,301,477,609,674,679,612,476,291,71,-154,-369,-545,-668,-714,-692,-598,-443,-245,-12,220,425,583,685,715,672,558,390,180,-50,-269,-466,-613,-688,-702,-633,-514,-335,-127,89,302,477,602,669,664,594,465,286,87,-125,-329,-497,-608,-659,-644,-559,-423,-248,-34,173,369,519,616,654,622,527,378,184,-22,634,-418,-554,-630,-643,-593,-474,-310,-110,98,292,459,584,637,627,548,420,244,31,-174,-361,-514,-615,-645,-607,-498,-343,-160,53,254,428,556,619,614,540,420,248,47,-149,-321,-468,-556,-581,-551,-462,-326,-154,28,211,357,468,527,534,476,385,249,85,-76,-234,-361,-450,-495,-484,-423,-328,-189,-36,121,257,374,453,481,461,387,276,133,-19,-179,-315,-416,-475,-470,-413,-316,-178,-12,147,284,384,439,438,388,295,170,27,-117,-247,-344,-392,-395,-356,-271,-154,-19,110,228,309,352,351,300,208,91,-36,-154,-252,-305,-308,-267,-180,-62,61,165,224,238,196,118,367,168,0,645,714,-59,14,99,169,205,211,171,95,13,-76,-159,-214,-240,-232,-190,-119,-39,46,134,204,240,247,226,180,101,16,-64,-135,-197,-233,-236,-208,-157,-99,-21,47,108,152,173,187,180,154,114,74,15,-25,-68,-98,-132,-156,-169,-173,-154,-122,-82,-34,34,102,160,196,224,230,205,154,86,8,-66,-136,-201,-241,-251,-239,-213,-148,-80,-4,75,145,201,237,259,259,219,164,102,22,-67,-148,-225,-278,-303,-302,-269,-205,-122,-14,91,195,285,331,355,337,282,203,92,-31,-154,-256,-334,-381,-391,-355,-284,-189,-64,58,182,292,366,402,409,361,284,170,40,-1135,-219,-329,-403,-445,-444,-391,-298,-170,-34,124,273,383,468,506,488,412,300,153,-17,-187,-336,-457,-531,-545,-502,-412,-277,-106,69,241,388,500,548,551,495,399,249,78,-104,-277,-414,-517,-573,-577,-517,-414,-266,-78,110,283,433,554,617,620,558,438,268,77,-122,-317,-489,-611,-670,-662,-594,-455,-270,-49,179,392,568,689,745,710,609,445,225,-18,-263,-487,-650,-752,-764,-705,-567,-370,-132,121,353,553,687,752,743,652,493,286,52,-184,-400,-573,-684,-729,-701,-600,-440,-227,0,231,435,595,696,720,670,557,381,165,-63,-287,-481,-623,-700,-709,-634,-495,-315,-346,31
61350,mtk,MTK 7916,861667136,rx1-tx0,512,0,-3,-186,407,469,501,485,413,304,159,-3,-165,-323,-445,-528,-565,-545,-473,-348,-177,12,207,389,536,633,670,634,523,356,151,-74,-311,-510,-666,-747,-748,-673,-522,-311,-65,189,434,636,772,825,792,666,468,213,-63,-331,-562,-739,-834,-839,-750,-584,-366,-105,167,420,620,764,829,800,693,511,287,31,-221,-453,-649,-768,-798,-764,-645,-467,-233,22,274,498,668,772,795,730,594,399,160,-93,-343,-552,-699,-773,-766,-677,-518,-307,-72,173,397,577,697,734,703,597,433,212,-19,-246,-447,-589,-668,-677,-613,-487,-315,-108,101,290,458,559,603,579,508,385,217,37,-131,-277,-412,-490,-518,-496,-417,-310,-179,-29,120,248,353,423,454,443,384,294,185,56,-72,-202,-325,-402,-437,-434,-389,-317,-204,-72,61,201,309,398,446,445,415,336,224,96,-43,-194,-314,-418,-487,-498,-466,-381,-263,-117,52,219,373,505,570,579,544,426,268,76,-141,-346,-516,-632,-683,-654,-550,-369,-148,86,333,530,666,729,700,593,409,177,-71,-309,-505,-644,-700,-668,-561,-387,-177,57,267,439,560,611,584,498,356,172,-20,-210,-359,-467,-517,-509,-436,-314,-156,12,174,306,398,447,428,362,253,113,-39,-194,-312,-382,-387,-336,-242,-102,54,177,257,279,235,345,308,0,-580,-297,-45,-31,-5,21,44,62,72,79,70,45,19,-11,-44,-76,-98,-108,-98,-81,-55,-25,8,45,83,109,126,133,123,100,60,8,-35,-77,-119,-153,-170,-171,-146,-109,-65,3,76,131,191,235,235,224,192,125,37,-52,-157,-237,-295,-328,-317,-269,-178,-58,52,176,294,375,408,389,327,215,84,-72,-209,-324,-404,-432,-421,-347,-231,-100,53,195,316,393,436,409,349,247,116,-21,-157,-272,-346,-387,-386,-339,-261,-153,-32,84,185,272,315,315,296,241,182,100,7,-74,-143,-199,-242,-263,-260,-229,-194,-140,-64,10,90,174,235,281,304,292,258,190,100,489,-104,-214,-297,-352,-378,-363,-309,-213,-93,37,160,275,370,424,420,381,298,184,50,-94,-228,-349,-431,-463,-451,-387,-287,-154,-8,144,284,393,464,477,443,376,256,119,-47,-194,-323,-422,-475,-485,-446,-359,-234,-84,61,206,332,434,475,483,439,344,233,94,-51,-206,-337,-430,-492,-510,-465,-388,-270,-122,44,217,365,487,559,568,523,431,280,94,-101,-296,-455,-567,-619,-602,-516,-377,-194,11,214,387,521,584,590,537,424,271,89,-96,-257,-393,-490,-525,-516,-447,-338,-211,-65,90,237,343,421,466,456,412,330,221,95,-50,-187,-299,-395,-448,-453,-424,-366,-339,-604,0,354,300,280,147,2,-159,-301,-414,-496,-526,-516,-447,-329,-173,2,182,347,492,585,620,589,501,354,173,-35,-253,-451,-602,-693,-716,-659,-531,-348,-111,138,379,580,725,791,780,686,509,275,8,-265,-509,-702,-816,-837,-772,-625,-417,-158,115,381,597,753,834,822,723,550,327,60,-202,-441,-631,-753,-805,-773,-669,-499,-259,-13,241,475,650,770,796,754,627,436,201,-58,-312,-523,-690,-775,-784,-707,-560,-357,-121,129,369,562,695,750,734,636,478,263,27,-206,-421,-589,-691,-708,-665,-545,-375,-166,59,275,454,576,643,631,567,437,258,64,-131,-298,-443,-532,-554,-530,315,-336,-192,-33,128,274,376,451,481,458,393,297,176,40,-104,-234,-333,-405,-439,-428,-391,-306,-189,-60,73,198,309,400,439,442,400,321,219,80,-57,-193,-313,-399,-447,-465,-432,-355,-256,-113,42,197,340,441,514,530,495,419,280,97,-78,-267,-440,-550,-626,-630,-559,-422,-236,-11,219,431,601,688,714,648,494,291,47,-210,-437,-617,-713,-719,-645,-497,-295,-48,188,401,555,648,655,583,452,274,64,-145,-328,-470,-548,-566,-514,-402,-253,-80,97,261,389,466,482,440,347,223,62,-99,-234,-342,-401,-415,-367,-263,-125,29,167,276,346,338,267,160,26,-83,-32,160,0,-386,-642,32,48,60,59,51,32,12,-16,-49,-71,-82,-89,-86,-66,-36,0,34,64,89,104,111,104,86,51,13,-26,-66,-99,-130,-142,-137,-126,-101,-58,-10,49,102,141,183,209,204,174,132,51,-28,-100,-179,-249,-279,-289,-261,-197,-114,-6,113,225,319,362,369,343,266,147,8,-129,-257,-356,-415,-429,-373,-286,-163,-22,127,271,369,428,438,396,304,184,39,-108,-233,-341,-403,-416,-380,-299,-192,-74,61,183,280,342,365,347,300,215,101,2,-94,-174,-234,-280,-285,-266,-227,-171,-105,-29,49,117,169,225,254,266,262,225,165,95,6,-87,-176,-255,-305,-571,-334,-293,-211,-112,10,132,250,342,393,401,368,307,209,76,-68,-201,-319,-400,-443,-437,-389,-299,-170,-27,124,262,371,445,469,451,382,274,136,-25,-166,-305,-407,-474,-488,-445,-371,-248,-104,52,205,334,428,478,480,437,354,225,83,-62,-210,-331,-419,-475,-487,-455,-362,-251,-114,45,207,342,451,511,533,493,415,281,117,-71,-242,-403,-528,-590,-593,-533,-408,-243,-47,159,347,499,597,628,580,476,317,125,-66,-254,-408,-513,-564,-553,-487,-385,-234,-71,97,253,370,449,491,485,424,323,214,76,-70,-200,-316,-397,-443,-452,-411,-339,-236,-99,37,167,285,607,342
61351,mtk,MTK 7916,861667136,rx1-tx1,512,0,0,0,-536,-474,-310,-84,166,395,532,550,467,290,47,-204,-409,-528,-538,-437,-246,-2,235,415,503,485,360,164,-68,-278,-419,-470,-420,-278,-71,152,339,440,451,360,187,-28,-237,-396,-470,-434,-301,-94,136,332,460,494,415,245,19,-220,-410,-516,-511,-393,-193,47,284,466,545,507,365,144,-99,-325,-486,-544,-483,-316,-90,151,361,499,519,426,245,6,-229,-407,-505,-496,-372,-163,70,290,452,526,478,328,110,-133,-346,-486,-526,-457,-292,-71,168,372,496,524,431,253,28,-200,-378,-478,-482,-387,-219,-11,199,365,448,444,348,177,-15,-194,-333,-401,-374,-277,-132,0,188,291,323,285,183,48,-83,-191,-255,-248,-177,-71,47,161,231,248,203,103,-33,-164,-254,-288,-258,-168,-33,119,251,336,350,280,150,-20,-199,-342,-419,-409,-315,-153,51,255,408,478,461,345,155,-70,-296,-469,-544,-504,-366,-155,98,336,505,578,541,396,167,-99,-351,-537,-618,-579,-424,-178,103,358,547,637,611,459,220,-53,-323,-536,-638,-626,-503,-280,-5,254,466,593,602,504,317,71,-177,-379,-513,-556,-486,-329,-129,90,286,419,476,448,334,165,-22,-193,-326,-400,-394,-320,-198,-47,104,224,302,332,311,242,134,19,-86,-171,-227,-243,-225,-185,-131,0,0,0,0,0,241,218,157,58,-71,-208,-331,-417,-451,-422,-325,-168,29,230,400,515,553,496,353,141,-99,-330,-514,-608,-589,-466,-263,-4,262,486,612,627,530,325,53,-233,-473,-625,-659,-562,-349,-59,247,505,661,696,588,361,61,-260,-540,-713,-751,-638,-390,-71,266,559,742,779,651,391,58,-286,-588,-768,-786,-642,-374,-35,318,600,760,770,618,333,-24,-374,-638,-773,-753,-577,-270,94,437,690,793,734,526,203,-172,-514,-753,-835,-742,-490,-134,256,599,828,891,761,476,91,-322,-683,-913,-949,-804,-496,-79,355,724,953,993,833,505,85,-348,-718,-950,-993,-832,-506,-76,0,733,937,958,782,446,24,-408,-754,-929,-911,-714,-363,66,474,787,932,881,644,275,-156,-558,-847,-961,-869,-600,-206,237,637,901,982,857,561,149,-298,-672,-915,-969,-826,-513,-99,336,698,910,926,763,443,37,-372,-694,-865,-852,-662,-330,59,423,700,817,750,523,183,-191,-519,-731,-780,-658,-405,-59,315,624,790,786,612,309,-57,-416,-692,-821,-780,-574,-253,122,466,717,820,746,531,208,-161,-481,-699,-779,-698,-470,-158,175,466,652,696,602,386,90,-204,-446,-587,-596,-478,-263,-3,249,441,528,488,343,133,-103,-320,-458,-485,-398,-222,-4,219,400,490,470,0,0,0,0,0,-14,-252,-450,-549,-528,-399,-190,58,300,478,552,520,376,153,-97,-323,-477,-531,-472,-314,-92,142,344,467,484,398,224,1,-211,-376,-459,-434,-313,-127,93,294,429,463,395,238,25,-191,-367,-469,-468,-358,-162,65,279,444,509,465,324,101,-146,-359,-493,-531,-461,-287,-49,203,409,527,529,423,237,-5,-247,-436,-531,-511,-375,-168,67,295,457,520,464,304,89,-149,-359,-489,-510,-425,-249,-17,218,409,515,507,393,201,-33,-263,-439,-522,-492,-369,-169,63,279,439,504,464,333,132,-95,-301,-441,-485,-428,-290,-102,110,290,404,431,377,246,70,-109,-258,-346,0,-292,-169,-17,126,230,277,261,186,71,-61,-174,-240,-246,-192,-85,45,160,243,262,221,125,-13,-152,-259,-309,-294,-213,-83,79,237,352,388,350,234,54,-142,-312,-429,-461,-398,-251,-48,173,365,493,516,431,262,36,-202,-407,-537,-561,-464,-273,-26,236,451,576,594,497,296,33,-241,-465,-606,-635,-535,-332,-62,221,453,610,649,562,373,115,-163,-408,-576,-637,-583,-416,-172,94,330,502,581,553,421,219,-19,-241,-413,-506,-499,-403,-245,-49,155,316,410,432,380,257,95,-69,-217,-324,-367,-344,-269,-157,-24,109,214,280,300,276,218,137,48,-32,-93,-135,0,0,0,0,0,105,203,291,350,369,341,259,132,-29,-204,-361,-467,-508,-469,-354,-172,49,272,454,565,580,496,323,86,-169,-400,-563,-628,-574,-412,-174,103,364,559,650,607,449,206,-88,-374,-580,-673,-641,-481,-213,97,393,619,727,689,513,228,-108,-423,-657,-767,-725,-537,-239,106,437,686,791,731,528,222,-135,-464,-697,-791,-728,-509,-186,167,490,710,786,696,461,130,-232,-549,-747,-786,-663,-407,-54,313,614,789,802,647,352,-26,-395,-686,-846,-826,-633,-308,89,475,777,922,879,654,298,-132,-543,-846,-982,-918,-676,-301,144,563,874,1005,934,684,300,-147,-561,-865,-992,0,-658,-262,177,578,862,962,864,592,200,-228,-611,-866,-940,-816,-518,-109,325,688,903,933,772,439,13,-410,-749,-948,-948,-744,-388,46,468,802,971,940,714,343,-97,-519,-828,-964,-900,-655,-286,143,540,817,921,831,576,204,-207,-565,-788,-847,-717,-431,-65,303,604,777,772,593,289,-75,-421,-675,-790,-728,-504,-168,199,526,751,815,706,448,100,-269,-588,-785,-812,-674,-400,-41,326,616,781,791,636,353,2,-335,-596,-734,-718,-558,-288,33,329,549,650,608,441,192,-91,-337,-506,-563,-492,-313,-73,173,374,490,489,375,180,-56,-273,-428,-489,-435,-284,-66,169,0,0
61352,mtk,MTK 7916,861667136,rx2-tx0,512,0,0,0,-1161,-940,-523,18,579,1036,1279,1250,970,485,-113,-699,-1147,-1367,-1302,-961,-423,203,797,1228,1399,1286,903,330,-309,-886,-1282,-1409,-1234,-794,-195,441,991,1327,1377,1139,658,38,-593,-1089,-1353,-1329,-1022,-490,145,740,1175,1362,1261,880,318,-311,-869,-1246,-1351,-1165,-732,-147,465,972,1269,1289,1028,550,-37,-607,-1038,-1235,-1172,-847,-337,233,749,1093,1186,1015,625,95,-452,-895,-1135,-1122,-853,-387,157,664,1031,1176,1053,688,168,-395,-880,-1184,-1224,-994,-547,18,593,1055,1290,1245,936,419,-196,-769,-1187,-1358,-1251,-879,-311,327,898,1283,1397,1222,788,185,-452,-994,-1333,-1398,-1176,-702,-80,0,1074,1365,1373,1094,588,-37,-661,-1143,-1384,-1326,-995,-459,184,791,1224,1402,1292,905,319,-341,-930,-1325,-1448,-1271,-828,-203,470,1050,1414,1497,1264,763,105,-576,-1149,-1490,-1525,-1255,-725,-33,669,1228,1541,1542,1232,673,-33,-732,-1278,-1566,-1544,-1207,-624,78,754,1279,1552,1509,1151,571,-110,-773,-1279,-1519,-1453,-1097,-522,151,787,1266,1487,1414,1063,503,-149,-765,-1224,-1441,-1379,-1057,-532,85,677,1124,1351,1311,1031,568,15,-527,-952,-1190,-1203,-986,-592,-107,370,760,1001,1053,901,597,197,-221,-580,-814,-900,-829,-610,-299,41,361,602,733,741,634,439,196,-55,-272,-429,-512,-514,-455,-357,0,0,0,0,0,325,445,521,534,472,326,106,-150,-407,-623,-756,-778,-670,-439,-121,232,561,806,914,860,649,307,-108,-513,-838,-1018,-1011,-812,-447,15,484,878,1119,1149,961,569,55,-476,-923,-1208,-1263,-1070,-663,-122,460,968,1293,1366,1168,733,155,-460,-998,-1346,-1424,-1228,-783,-176,475,1028,1382,1463,1250,792,187,-462,-1025,-1380,-1449,-1236,-778,-166,469,999,1325,1386,1153,697,113,-489,-987,-1269,-1277,-1022,-566,0,561,986,1193,1151,863,400,-149,-665,-1015,-1138,-1027,-695,-206,326,783,1062,1118,928,531,12,-511,-929,-1154,-1131,-860,-395,152,672,1066,1239,1141,808,304,-272,-798,-1170,-1293,-1141,-754,0,398,908,1236,1302,1095,655,76,-526,-1018,-1297,-1305,-1034,-539,71,672,1128,1351,1290,950,405,-232,-829,-1256,-1417,-1275,-872,-278,385,967,1353,1464,1260,792,158,-509,-1071,-1409,-1457,-1201,-695,-46,616,1143,1423,1410,1100,566,-77,-699,-1169,-1387,-1311,-958,-400,229,795,1187,1322,1169,766,201,-399,-899,-1199,-1238,-1012,-567,-6,549,974,1179,1130,842,373,-173,-665,-1007,-1135,-1015,-667,-185,323,761,1020,1051,858,482,8,-446,-802,-975,-924,-670,-276,172,570,830,897,759,449,41,-367,-695,-861,-820,-589,-222,197,570,820,879,733,421,10,-419,-765,-941,-907,-663,-265,201,638,944,1044,921,0,0,0,0,0,-246,-742,-1102,-1235,-1115,-758,-230,361,893,1248,1345,1164,743,159,-464,-994,-1319,-1378,-1151,-682,-65,564,1077,1368,1370,1090,581,-53,-675,-1156,-1388,-1322,-983,-437,203,799,1226,1381,1247,852,271,-366,-927,-1286,-1365,-1156,-701,-90,532,1038,1325,1326,1046,540,-80,-677,-1124,-1328,-1240,-894,-365,243,792,1158,1276,1114,712,162,-417,-896,-1175,-1186,-939,-491,62,593,992,1167,1077,744,246,-303,-785,-1096,-1153,-946,-534,-2,537,969,1192,1150,848,359,-219,-758,-1136,-1268,-1126,-748,-197,410,932,1262,1325,1104,653,56,-563,-1065,-1347,-1349,-1068,-564,67,688,1160,1391,1336,1005,463,-181,-787,-1228,-1411,0,-920,-344,303,876,1261,1389,1224,801,208,-431,-977,-1313,-1384,-1159,-689,-64,578,1096,1388,1393,1100,565,-83,-717,-1215,-1465,-1404,-1053,-485,193,842,1323,1531,1429,1027,417,-278,-922,-1393,-1577,-1430,-994,-354,358,993,1434,1595,1425,959,306,-407,-1040,-1465,-1586,-1394,-922,-260,442,1052,1448,1549,1338,858,207,-478,-1066,-1437,-1512,-1283,-809,-172,494,1049,1398,1472,1260,801,199,-430,-975,-1326,-1414,-1233,-819,-259,329,842,1185,1296,1160,815,327,-204,-680,-1010,-1143,-1063,-791,-385,71,493,810,967,947,748,423,47,-314,-610,-791,-822,-718,-508,-223,86,356,553,652,649,562,408,220,32,-127,-245,0,0,0,0,0,-285,-173,-16,177,375,547,660,680,597,414,147,-167,-468,-709,-843,-837,-682,-400,-30,361,694,914,979,858,570,169,-279,-690,-981,-1101,-1008,-716,-279,233,712,1063,1216,1137,835,363,-192,-728,-1134,-1325,-1254,-941,-435,163,736,1175,1388,1326,997,478,-143,-756,-1222,-1441,-1378,-1043,-496,145,764,1231,1455,1389,1046,502,-145,-763,-1218,-1425,-1345,-998,-454,170,753,1174,1345,1243,889,356,-242,-772,-1129,-1248,-1106,-736,-212,346,816,1110,1160,957,554,36,-489,-898,-1110,-1082,-816,-366,164,654,1006,1143,1033,694,197,-350,-823,-1127,-1195,-1009,-604,-67,494,957,1224,1240,990,537,-30,-613,-1068,0,-1251,-944,-445,160,738,1149,1324,1222,864,319,-301,-854,-1228,-1345,-1174,-756,-167,465,998,1326,1376,1130,637,14,-620,-1140,-1416,-1390,-1080,-541,111,748,1233,1464,1385,1017,435,-239,-863,-1304,-1474,-1334,-921,-317,345,928,1321,1428,1233,786,176,-465,-996,-1304,-1332,-1072,-592,4,591,1049,1274,1218,900,395,-190,-723,-1090,-1220,-1086,-714,-198,349,826,1113,1151,944,534,15,-497,-893,-1093,-1047,-779,-348,152,604,919,1028,906,585,151,-309,-688,-906,-922,-733,-375,56,462,758,876,787,520,137,-281,-638,-840,-846,-661,-325,98,510,804,916,822,543,133,-316,-709,-952,-981,-788,-422,53,526,0,0
61353,mtk,MTK 7916,861667136,rx2-tx1,512,0,0,0,595,197,-253,-654,-925,-1007,-875,-555,-125,331,722,964,1012,855,513,63,-389,-760,-975,-984,-784,-422,20,449,784,953,919,691,315,-115,-512,-798,-909,-829,-562,-176,238,585,808,848,694,387,-2,-385,-679,-827,-785,-567,-227,175,538,775,850,734,456,71,-342,-679,-864,-866,-681,-339,81,486,783,916,848,596,211,-228,-620,-877,-945,-811,-499,-68,383,757,970,974,768,392,-76,-540,-893,-1059,-1008,-745,-323,177,653,999,1139,1048,735,272,-242,-708,-1039,-1165,-1044,-710,-236,280,739,1049,1146,998,660,199,-298,-738,-1020,-1092,-946,-611,-161,313,709,950,1001,849,528,116,-303,0,-847,-870,-709,-409,-41,324,612,749,720,540,250,-81,-385,-600,-670,-583,-375,-90,215,464,602,600,461,218,-76,-353,-548,-621,-550,-345,-54,260,517,665,668,512,235,-99,-434,-698,-814,-757,-532,-179,226,601,873,975,874,590,182,-276,-697,-986,-1085,-973,-665,-218,278,727,1048,1164,1044,725,267,-257,-738,-1078,-1210,-1114,-805,-347,184,682,1045,1222,1168,895,471,-42,-540,-926,-1142,-1143,-936,-573,-109,357,735,968,1026,886,594,212,-188,-536,-766,-850,-779,-570,-267,69,373,596,699,667,523,300,32,-227,-427,-548,-577,-507,-362,-175,28,214,349,425,432,379,291,182,63,0,0,0,0,0,-370,-362,-307,-199,-46,129,305,442,520,531,457,303,95,-128,-332,-488,-565,-541,-416,-214,29,269,466,570,568,458,255,0,-258,-475,-596,-597,-489,-273,10,292,518,641,642,516,280,-22,-329,-572,-701,-693,-549,-289,35,355,614,747,726,565,286,-56,-393,-652,-786,-752,-561,-259,94,431,690,809,758,554,234,-132,-470,-714,-817,-754,-535,-212,164,496,725,808,723,483,142,-219,-535,-738,-782,-669,-419,-74,286,587,768,787,634,353,2,-356,-642,-799,-788,-606,-298,60,407,676,804,769,573,260,-108,-446,-691,-792,-728,-512,-191,160,477,699,766,672,448,125,-234,0,-714,-746,-622,-367,-39,288,556,705,703,551,281,-34,-339,-576,-683,-630,-438,-153,160,434,612,650,538,304,3,-308,-551,-675,-649,-480,-197,133,439,661,738,657,429,110,-238,-541,-736,-773,-637,-361,-16,335,623,773,752,573,268,-92,-439,-695,-783,-698,-472,-136,236,565,762,792,652,364,-11,-381,-671,-823,-794,-583,-241,157,528,790,884,788,518,138,-284,-655,-885,-930,-783,-459,-31,403,752,949,953,755,398,-44,-481,-820,-992,-960,-721,-335,112,540,850,975,902,639,240,-204,-604,-867,-946,-825,-524,-120,303,673,892,912,743,414,-9,-428,-752,-915,-885,-667,-306,0,0,0,0,0,777,965,950,742,375,-79,-515,-849,-1020,-972,-719,-323,141,575,888,1019,938,659,255,-207,-623,-896,-981,-869,-574,-165,281,659,890,934,777,458,42,-374,-698,-866,-846,-640,-299,101,473,736,837,747,483,114,-278,-613,-810,-822,-657,-338,62,448,738,871,812,574,203,-214,-590,-840,-906,-776,-475,-68,354,714,915,913,711,351,-87,-509,-826,-961,-896,-630,-225,240,663,946,1028,898,575,113,-384,-801,-1057,-1099,-915,-536,-36,475,882,1114,1124,911,503,-5,-509,-907,-1121,-1112,-878,-464,35,529,916,1112,1077,824,416,-63,-528,-876,-1041,-1003,-764,-370,80,502,811,944,880,0,290,-113,-485,-740,-824,-731,-490,-161,190,487,667,695,571,320,3,-300,-532,-637,-599,-428,-157,143,410,584,617,509,283,-8,-294,-525,-643,-603,-421,-134,190,483,681,739,627,365,12,-370,-685,-861,-870,-706,-382,39,468,821,1023,1013,797,426,-33,-502,-889,-1109,-1105,-882,-483,16,519,926,1158,1172,958,559,49,-484,-928,-1187,-1220,-1029,-644,-146,377,831,1125,1207,1067,734,281,-211,-659,-971,-1104,-1031,-779,-395,43,455,765,920,897,722,429,68,-285,-572,-737,-758,-646,-418,-128,166,418,584,634,576,430,218,-21,-246,-417,-504,-509,-448,-329,-175,-15,129,235,292,303,0,0,0,0,0,-42,-178,-306,-411,-476,-481,-416,-287,-105,104,305,462,547,544,447,273,53,-185,-397,-538,-577,-507,-347,-117,138,368,529,589,537,377,137,-135,-383,-567,-638,-569,-388,-131,166,436,620,683,615,424,132,-187,-473,-675,-741,-654,-439,-129,218,516,714,771,669,432,106,-248,-563,-760,-797,-672,-409,-73,284,597,790,814,672,400,41,-321,-623,-795,-804,-644,-355,1,360,639,787,772,587,280,-80,-422,-673,-787,-737,-538,-216,149,478,716,806,722,485,150,-213,-537,-753,-809,-702,-455,-107,262,576,763,791,662,395,53,-301,-590,-752,-752,-604,-332,13,356,620,750,718,0,248,-92,-419,-655,-745,-683,-477,-172,164,462,653,701,605,377,70,-245,-501,-642,-635,-487,-232,69,358,572,655,592,389,90,-234,-510,-677,-706,-573,-311,23,354,619,754,728,549,247,-117,-454,-689,-782,-706,-474,-141,219,529,731,778,649,379,25,-342,-630,-774,-755,-563,-243,130,476,722,816,734,481,114,-284,-624,-823,-847,-690,-380,15,415,734,898,870,656,296,-130,-534,-832,-957,-881,-614,-211,237,633,904,992,871,569,148,-305,-692,-941,-990,-830,-495,-63,376,735,938,941,745,393,-41,-460,-777,-927,-878,-645,-279,156,556,824,921,823,549,148,-284,-653,-886,0,0
61354,mtk,MTK 7916,861704035,rx0-tx0,512,-330,-764,-671,182,438,654,831,936,971,934,818,655,446,204,-49,-297,-521,-713,-853,-928,-937,-872,-756,-583,-369,-127,126,367,584,765,891,947,936,858,717,523,284,35,-222,-483,-696,-863,-960,-986,-948,-830,-651,-429,-169,98,357,591,787,912,971,957,885,746,540,306,65,-193,-441,-652,-809,-910,-953,-925,-829,-666,-470,-237,6,276,513,705,861,941,946,887,761,576,358,94,-173,-413,-625,-788,-886,-923,-885,-777,-624,-418,-188,51,282,493,649,761,825,821,745,634,464,268,70,-139,-333,-498,-628,-707,-744,-715,-649,-538,-377,-207,-15,181,352,488,600,670,694,674,594,471,-26,165,-24,-211,-382,-523,-629,-693,-707,-660,-569,-448,-281,-79,112,311,480,616,712,743,723,651,521,350,156,-59,-267,-447,-601,-710,-759,-759,-692,-570,-399,-211,-4,213,401,553,675,743,758,715,608,457,270,67,-158,-367,-546,-677,-762,-785,-752,-650,-493,-301,-80,158,380,566,709,795,810,742,601,429,217,-19,-250,-451,-611,-696,-725,-685,-583,-432,-259,-55,128,293,431,508,538,520,463,364,249,124,4,-114,-212,-288,-326,-344,-330,-301,-249,-179,-103,-35,46,107,167,207,228,242,229,203,167,116,50,-19,-92,-150,-200,-231,-230,-207,-151,-78,7,83,139,172,-294,-468,510,368,-345,14,-65,-142,-204,-242,-249,-225,-162,-92,-5,84,172,244,285,299,298,278,221,148,59,-38,-144,-245,-329,-403,-439,-439,-404,-335,-219,-87,59,223,385,516,614,663,655,585,456,274,58,-173,-417,-618,-782,-877,-900,-838,-704,-498,-228,68,367,647,877,1027,1096,1065,946,730,439,121,-227,-566,-847,-1056,-1182,-1205,-1120,-930,-663,-349,5,361,678,939,1123,1214,1199,1085,879,600,284,-59,-388,-684,-924,-1097,-1185,-1166,-1046,-860,-598,-298,20,336,637,878,1049,1134,1118,1025,864,621,332,17,-287,-569,-814,-993,-1095,-1107,-1036,-872,-651,-396,-95,202,483,724,909,1020,1059,1018,301,708,472,198,-78,-352,-597,-794,-940,-1011,-1008,-945,-811,-618,-372,-95,187,452,696,895,1022,1084,1047,948,768,528,255,-51,-356,-616,-852,-1019,-1100,-1094,-1030,-880,-660,-402,-109,193,477,733,938,1079,1133,1122,1018,851,604,310,-5,-319,-627,-877,-1065,-1192,-1227,-1173,-1027,-785,-490,-160,187,519,814,1061,1210,1270,1243,1119,916,622,282,-77,-425,-745,-1006,-1170,-1258,-1251,-1133,-940,-681,-363,-26,307,605,856,1049,1152,1167,1099,952,732,474,171,-141,-426,-688,-895,-1025,-1080,-1062,-968,-796,-572,-313,-28,253,511,730,895,996,1019,970,853,674,447,183,-84,-345,-583,-785,-914,-979,-982,820,710,-82,-464,-78,957,872,722,521,271,14,-255,-499,-695,-848,-931,-951,-899,-784,-614,-398,-159,95,339,555,737,861,934,930,864,733,559,334,87,-170,-414,-634,-815,-930,-974,-953,-862,-698,-491,-235,28,295,545,747,895,977,981,917,789,605,367,108,-157,-401,-631,-808,-912,-959,-943,-851,-701,-498,-265,-13,235,479,677,831,918,951,914,798,638,429,169,-94,-343,-574,-750,-883,-944,-926,-842,-703,-503,-269,-17,240,468,656,796,865,871,819,705,530,335,115,-115,-316,-498,-646,-736,-779,-764,-689,-567,-416,-242,-41,159,332,499,617,685,716,687,614,496,348,172,-6,-189,-367,-508,628,-679,-700,-668,-583,-460,-300,-123,72,259,423,559,671,714,715,665,554,408,221,15,-185,-377,-548,-670,-745,-757,-706,-608,-469,-281,-81,132,334,519,648,729,762,740,652,521,346,137,-72,-288,-469,-618,-711,-766,-760,-691,-559,-390,-183,37,260,464,620,738,800,791,709,568,379,161,-77,-309,-506,-652,-749,-777,-723,-620,-445,-238,-20,195,381,517,608,641,606,531,401,251,91,-61,-207,-317,-390,-422,-425,-390,-332,-245,-154,-57,31,113,184,233,255,272,270,239,199,137,83,19,-48,-104,-156,-205,-233,-237,-217,-174,-123,-46,30,108,170,206,213,182,128,63,-821,-743,-82,-846,179,-184,-192,-165,-112,-32,52,142,211,254,277,270,240,180,99,12,-76,-170,-253,-308,-345,-362,-353,-302,-231,-131,-9,112,236,357,458,513,543,521,448,330,181,-3,-200,-396,-564,-698,-769,-786,-716,-570,-382,-140,124,394,641,851,980,1017,961,823,602,328,12,-317,-623,-883,-1054,-1146,-1151,-1040,-826,-553,-227,124,470,777,1009,1158,1216,1166,1016,778,474,134,-212,-542,-836,-1045,-1175,-1208,-1140,-986,-744,-456,-121,217,532,803,1015,1130,1159,1101,956,735,466,158,-163,-453,-724,-940,-1073,-1116,-1077,-965,-773,-514,-221,86,392,666,868,1020,1093,1068,961,788,558,288,-7,-303,-176,-774,-933,-1020,-1035,-977,-844,-651,-415,-139,140,403,644,838,977,1042,1033,949,801,580,317,27,-268,-536,-784,-960,-1070,-1104,-1041,-912,-723,-458,-160,138,424,691,899,1039,1115,1101,1014,859,636,358,53,-251,-540,-789,-1003,-1124,-1177,-1149,-1035,-819,-557,-252,79,408,717,968,1138,1237,1250,1156,981,722,397,57,-295,-627,-912,-1133,-1258,-1283,-1208,-1048,-800,-498,-159,202,540,817,1043,1174,1217,1168,1040,842,572,251,-68,-376,-652,-877,-1036,-1130,-1118,-1034,-876,-644,-374,-93,194,470,716,895,1011,1052,1017,911,740,515,254,-25,-293,-540,-745,-903,-990,-1000,-941,-810,-618,-378,-125,141,-406,-580
61355,mtk,MTK 7916,861704035,rx0-tx1,512,-686,885,116,567,652,686,671,596,484,337,155,-28,-206,-366,-492,-573,-617,-622,-575,-486,-357,-217,-62,88,223,351,456,519,548,542,499,425,332,207,77,-53,-201,-319,-412,-492,-536,-553,-520,-459,-365,-246,-112,38,190,336,460,549,603,626,596,522,408,255,84,-89,-264,-429,-565,-652,-694,-685,-622,-509,-357,-178,11,204,386,534,641,707,719,682,583,445,272,76,-121,-311,-480,-607,-687,-716,-694,-620,-498,-335,-157,33,224,390,536,636,682,691,644,544,409,242,59,-120,-301,-456,-570,-647,-676,-650,-577,-462,-316,-151,38,219,374,507,601,651,653,605,512,378,217,37,-38,-323,-464,-573,-640,-663,-625,-538,-410,-254,-78,98,268,422,544,621,643,627,559,446,304,125,-57,-239,-396,-526,-608,-641,-630,-567,-461,-318,-140,40,203,359,483,571,610,595,542,442,308,155,1,-159,-311,-414,-503,-543,-545,-501,-421,-312,-177,-42,106,232,346,434,485,502,477,414,331,216,92,-44,-180,-293,-379,-455,-482,-465,-432,-349,-232,-109,27,167,293,386,442,469,459,390,305,191,58,-76,-196,-298,-372,-422,-421,-388,-316,-223,-116,4,123,224,294,345,368,349,302,217,114,4,-101,-202,-282,-321,-326,-295,-231,-129,-18,89,181,236,251,221,155,68,820,888,0,311,-862,-157,-150,-104,-32,50,124,191,226,231,214,168,98,20,-58,-134,-193,-233,-248,-241,-211,-158,-92,-20,60,132,188,223,247,241,214,164,99,39,-24,-88,-139,-173,-190,-195,-186,-150,-133,-95,-55,-14,30,59,92,122,144,160,167,172,163,146,107,59,13,-41,-97,-153,-201,-219,-240,-239,-206,-163,-104,-49,20,103,151,196,236,253,250,231,204,146,91,29,-36,-109,-171,-218,-252,-276,-283,-273,-238,-181,-107,-31,63,151,223,289,333,355,341,304,240,157,59,-40,-139,-235,-311,-363,-379,-376,-352,-291,-203,-106,2,106,212,306,368,406,416,396,345,268,-48,65,-55,-176,-279,-366,-421,-463,-462,-424,-355,-260,-142,-2,141,264,378,465,517,533,502,428,324,195,50,-98,-241,-369,-467,-531,-561,-545,-479,-390,-269,-127,25,177,312,426,511,564,575,546,474,375,246,99,-75,-232,-365,-478,-574,-621,-617,-579,-503,-374,-218,-48,134,299,466,578,653,696,682,605,492,335,152,-45,-245,-432,-587,-695,-754,-752,-700,-590,-420,-228,-18,198,394,563,691,760,775,721,618,467,282,73,-136,-339,-512,-639,-720,-746,-719,-637,-515,-350,-155,46,243,423,567,671,726,728,667,560,417,232,36,-164,-352,-510,-633,-699,-712,-675,-582,-463,628,718,9,-260,410,405,230,47,-145,-321,-470,-585,-655,-663,-628,-540,-413,-262,-106,66,232,378,485,548,583,563,519,447,334,198,56,-84,-219,-332,-428,-498,-524,-536,-514,-436,-346,-227,-96,42,185,314,427,510,563,578,558,493,392,260,114,-53,-221,-372,-505,-601,-649,-657,-618,-523,-388,-227,-46,143,326,486,610,688,713,686,606,476,318,131,-64,-265,-438,-574,-673,-716,-712,-651,-542,-388,-208,-15,176,356,509,625,686,708,666,580,450,283,106,-74,-266,-425,-551,-639,-673,-665,-612,-501,-359,-190,-9,171,337,482,588,652,671,629,546,424,271,98,-86,-264,-423,-545,-626,-667,634,-576,-465,-321,-152,32,215,375,506,597,647,639,594,497,361,190,15,-163,-332,-465,-574,-634,-642,-604,-515,-384,-218,-46,132,301,443,553,617,623,584,510,381,233,61,-103,-258,-398,-502,-560,-575,-557,-476,-367,-238,-90,59,207,332,439,499,520,506,446,371,260,134,-6,-144,-266,-365,-438,-474,-484,-449,-378,-286,-170,-27,98,221,343,424,470,479,452,379,276,155,26,-122,-248,-344,-418,-447,-437,-392,-316,-219,-96,33,154,259,333,387,402,371,308,226,134,14,-101,-202,-282,-328,-341,-325,-278,-193,-88,20,129,222,285,297,276,213,122,18,-76,-149,-183,367,168,0,645,-75,35,99,163,201,205,180,126,45,-32,-108,-178,-228,-243,-240,-207,-156,-87,-11,62,135,196,235,254,244,213,157,97,26,-54,-117,-180,-210,-225,-222,-201,-161,-115,-62,-12,48,90,117,148,157,165,157,140,125,100,75,40,6,-37,-80,-122,-165,-187,-201,-207,-198,-178,-124,-67,-6,70,137,191,225,239,260,240,200,162,101,30,-41,-100,-162,-209,-237,-257,-260,-248,-208,-161,-104,-36,35,110,183,251,294,319,320,291,244,180,91,-8,-108,-197,-277,-334,-370,-374,-359,-306,-230,-134,-27,70,174,269,340,386,401,386,348,277,184,85,-30,-144,-252,-336,-1135,-429,-434,-404,-346,-263,-163,-47,86,209,321,408,475,506,491,438,356,238,104,-45,-200,-326,-435,-513,-554,-546,-497,-412,-293,-156,-4,153,289,402,493,550,567,543,479,382,256,110,-45,-203,-341,-455,-534,-591,-604,-559,-478,-374,-233,-65,98,252,404,534,613,655,643,594,496,350,196,18,-180,-361,-513,-638,-707,-727,-696,-612,-474,-298,-92,113,316,507,650,732,769,741,658,528,356,151,-62,-278,-461,-614,-718,-765,-751,-687,-561,-402,-213,-8,197,382,534,652,719,735,701,607,467,292,102,-99,-293,-459,-598,-690,-720,-705,-629,-518,-357,-167,30,229,397,530,-346,31
61356,mtk,MTK 7916,861704035,rx1-tx0,512,0,-3,-1037,542,461,356,213,60,-104,-275,-431,-548,-637,-678,-675,-626,-527,-377,-205,-9,197,392,564,701,782,821,786,691,534,333,106,-139,-388,-599,-775,-899,-943,-919,-822,-656,-439,-180,104,372,627,830,962,1020,1003,905,724,493,221,-75,-355,-602,-812,-948,-1023,-1007,-923,-770,-548,-282,-20,247,500,712,873,967,985,938,819,634,414,149,-121,-375,-609,-800,-927,-974,-959,-866,-711,-503,-253,17,288,528,721,864,946,950,881,748,555,320,66,-188,-430,-632,-785,-871,-896,-860,-751,-574,-362,-124,127,348,545,692,780,806,779,683,533,359,157,-54,-243,-416,-564,-650,-684,-681,-277,-508,-369,-212,-53,106,261,391,488,555,566,549,504,415,308,172,34,-104,-240,-352,-455,-520,-540,-541,-491,-403,-301,-170,-33,103,244,372,456,525,558,550,509,423,309,187,37,-124,-273,-404,-512,-595,-627,-622,-570,-473,-341,-165,17,216,397,559,671,744,763,714,603,442,225,-7,-251,-478,-676,-808,-873,-866,-778,-625,-400,-160,104,369,591,768,863,870,809,674,484,255,-5,-238,-433,-604,-716,-760,-744,-653,-508,-325,-123,84,279,435,558,625,630,589,494,360,193,15,-162,-314,-431,-507,-534,-514,-437,-319,-168,-8,159,301,400,444,428,355,235,86,-62,-176,345,308,0,-580,784,-19,-2,24,55,74,85,92,85,69,45,8,-28,-59,-89,-108,-127,-128,-122,-98,-69,-41,3,45,81,119,146,161,161,153,136,106,61,12,-43,-95,-147,-198,-226,-237,-238,-215,-160,-106,-33,46,126,206,276,325,352,353,307,236,141,26,-94,-222,-337,-417,-478,-480,-438,-364,-247,-106,46,199,345,455,518,537,512,442,322,179,28,-136,-285,-411,-492,-527,-521,-474,-383,-257,-116,29,162,294,395,458,477,460,405,315,205,96,-22,-144,-236,-307,-349,-360,-355,-331,-279,-214,-144,-71,5,85,156,215,270,308,335,335,317,273,212,139,45,-61,-172,-257,489,-418,-433,-431,-402,-327,-241,-133,7,140,270,377,447,500,512,477,414,307,179,30,-125,-263,-388,-483,-547,-565,-540,-477,-372,-239,-88,77,237,373,488,562,587,580,529,434,307,156,-10,-173,-317,-443,-538,-583,-598,-568,-488,-383,-248,-88,67,216,362,473,549,596,590,555,481,370,244,90,-79,-239,-395,-528,-621,-672,-675,-624,-527,-384,-200,-16,181,384,551,674,755,752,699,587,428,241,31,-182,-380,-537,-661,-724,-724,-676,-565,-421,-245,-59,111,283,434,531,605,625,599,531,427,306,163,14,-133,-265,-376,-476,-535,-551,-542,-500,-418,-311,-179,-39,103,232,-339,-604,0,354,483,-248,-380,-498,-581,-620,-626,-584,-489,-360,-208,-34,141,315,477,612,695,745,730,657,540,374,180,-43,-273,-484,-670,-799,-869,-878,-815,-682,-504,-263,-4,256,500,716,874,976,987,928,794,589,336,56,-231,-504,-737,-903,-1018,-1037,-975,-842,-640,-388,-112,177,433,670,853,962,993,969,867,698,478,217,-49,-305,-550,-744,-890,-975,-972,-908,-776,-579,-336,-70,198,454,673,840,940,966,921,810,638,423,165,-105,-358,-578,-755,-877,-925,-906,-814,-662,-458,-225,17,260,495,679,797,859,849,778,648,464,248,31,-194,-401,-567,-681,-752,-746,-682,-589,-446,-271,-92,97,315,424,534,602,625,611,548,448,322,180,23,-111,-252,-370,-463,-525,-546,-541,-493,-414,-312,-170,-37,102,245,356,454,521,544,537,500,414,296,176,32,-113,-253,-384,-480,-544,-586,-573,-524,-443,-329,-183,-21,139,313,453,587,664,693,674,599,480,307,116,-105,-320,-521,-691,-800,-836,-816,-716,-550,-323,-80,176,422,641,794,871,893,816,670,466,209,-55,-307,-521,-687,-799,-833,-773,-663,-500,-292,-68,149,356,519,635,691,690,618,500,349,165,-16,-199,-364,-488,-564,-581,-550,-463,-347,-199,-40,133,285,405,472,493,465,373,242,82,-78,-219,-320,-360,-335,-257,-32,160,0,-386,424,61,67,72,63,41,20,-13,-46,-72,-95,-109,-108,-99,-81,-55,-23,16,51,89,111,136,149,138,123,98,61,18,-23,-62,-101,-142,-171,-193,-194,-183,-160,-116,-50,5,69,144,208,251,290,295,284,240,170,87,-7,-112,-219,-308,-383,-419,-422,-386,-305,-199,-68,84,222,347,447,504,515,483,409,288,144,-22,-175,-320,-431,-505,-543,-532,-466,-369,-230,-84,78,227,355,445,497,509,477,411,301,172,32,-99,-221,-320,-381,-414,-427,-392,-328,-249,-157,-61,29,124,203,262,300,320,324,311,279,237,177,102,20,-64,-142,-222,-287,-345,-378,-386,-356,-304,-571,-136,-26,85,212,320,394,456,484,462,416,322,214,85,-66,-208,-335,-441,-509,-545,-530,-486,-394,-277,-134,20,173,316,442,523,571,574,536,459,346,192,30,-126,-279,-411,-521,-584,-606,-571,-505,-408,-272,-118,39,200,344,453,542,587,587,563,487,374,244,90,-72,-229,-379,-490,-577,-635,-637,-595,-512,-386,-240,-69,111,294,455,599,689,724,716,643,506,343,136,-89,-290,-479,-621,-716,-757,-730,-645,-510,-340,-134,65,258,428,559,643,669,648,596,485,346,195,21,-140,-288,-404,-497,-561,-582,-564,-498,-416,-303,-166,-27,112,253,373,462,523,551,547,507,607,342
61357,mtk,MTK 7916,861704035,rx1-tx1,512,0,0,0,-367,-625,-737,-653,-399,-53,304,587,732,700,489,153,-219,-523,-693,-700,-530,-225,129,444,637,663,520,252,-75,-381,-586,-623,-499,-243,75,369,557,600,482,235,-76,-375,-572,-612,-494,-243,78,377,591,647,528,264,-73,-388,-617,-691,-583,-323,19,359,616,714,624,383,40,-317,-594,-719,-668,-453,-122,242,547,710,684,483,164,-187,-491,-665,-676,-502,-198,146,460,657,682,528,237,-123,-441,-635,-678,-558,-285,58,390,627,708,608,356,26,-310,-570,-689,-644,-439,-118,222,501,649,641,480,202,-127,-416,-592,-621,-504,-265,33,309,500,556,477,295,47,-208,-399,0,-432,-284,-72,138,303,379,340,211,35,-149,-280,-329,-279,-141,30,194,309,336,262,104,-85,-256,-372,-396,-303,-106,124,328,458,479,369,160,-96,-341,-515,-564,-469,-257,32,332,549,646,595,385,77,-258,-550,-707,-685,-505,-201,161,493,717,768,633,342,-37,-411,-689,-813,-748,-496,-127,273,616,820,839,656,318,-103,-495,-770,-867,-777,-511,-118,288,623,823,834,665,345,-42,-404,-681,-797,-728,-507,-174,184,489,676,709,583,341,31,-270,-498,-611,-588,-439,-202,70,308,470,529,472,315,104,-121,-309,-421,-451,-390,-262,-92,76,221,317,350,322,249,155,53,0,0,0,0,0,297,227,104,-69,-260,-430,-544,-575,-504,-325,-71,212,470,648,706,625,409,104,-233,-542,-743,-790,-667,-392,-30,337,642,816,802,615,286,-123,-509,-775,-865,-760,-471,-58,366,709,893,859,622,233,-223,-634,-900,-955,-779,-420,53,523,866,1007,907,585,126,-373,-795,-1019,-1002,-748,-304,215,678,978,1041,861,461,-54,-553,-908,-1052,-934,-577,-77,430,835,1044,986,669,197,-320,-774,-1032,-1025,-756,-296,242,726,1037,1094,865,422,-129,-664,-1044,-1164,-997,-578,-5,578,1023,1228,1135,756,190,-435,-965,-1269,-1266,-961,-422,215,817,1226,1341,1138,665,36,-611,-1118,-1339,-1235,-840,0,404,949,1262,1265,952,416,-220,-805,-1181,-1259,-1023,-534,84,684,1114,1264,1094,645,34,-581,-1058,-1277,-1175,-774,-186,451,991,1292,1266,921,348,-301,-877,-1239,-1295,-1031,-510,126,726,1151,1289,1112,658,51,-557,-1022,-1230,-1127,-742,-186,411,886,1128,1079,759,252,-314,-787,-1053,-1042,-755,-274,270,741,1013,1026,779,308,-246,-729,-1030,-1071,-850,-412,147,663,1006,1107,935,528,-10,-544,-942,-1096,-984,-637,-139,384,804,1036,1002,718,274,-226,-659,-913,-936,-735,-362,86,501,776,842,695,381,-17,-393,-653,-732,-625,-357,-5,347,590,668,568,312,-26,-348,-580,-654,-548,-297,29,350,0,0,0,0,0,605,355,6,-342,-620,-746,-679,-450,-102,270,564,723,710,515,188,-168,-479,-671,-687,-524,-240,98,403,602,634,502,242,-81,-377,-569,-608,-487,-234,88,375,562,608,486,234,-78,-374,-577,-635,-510,-248,77,382,593,660,547,286,-51,-384,-624,-704,-609,-356,-8,347,620,734,653,414,77,-286,-574,-712,-680,-484,-153,221,520,681,675,501,195,-164,-469,-654,-669,-514,-222,133,446,645,683,544,260,-86,-411,-638,-706,-591,-337,3,352,606,707,634,403,73,-269,-541,-678,-645,-451,-154,168,448,620,642,498,234,-77,-365,-548,-600,-505,-288,-10,262,459,531,467,294,0,-170,-348,-429,-393,-254,-59,140,290,349,305,181,7,-166,-289,-325,-261,-118,67,230,335,356,273,109,-102,-295,-418,-431,-332,-138,111,349,502,522,418,212,-64,-341,-541,-607,-534,-323,-27,292,557,683,642,447,141,-205,-508,-701,-729,-573,-270,98,450,707,793,689,420,39,-353,-673,-836,-799,-580,-222,195,567,809,865,724,421,18,-395,-707,-865,-831,-599,-236,168,525,755,826,716,443,78,-289,-579,-738,-726,-554,-263,74,384,594,667,598,397,113,-176,-412,-549,-561,-457,-263,-20,216,398,489,470,358,182,-18,-204,-343,-413,-395,-312,-194,-51,82,180,235,253,0,0,0,0,0,194,325,422,464,434,317,123,-106,-338,-537,-643,-631,-502,-256,55,367,616,742,722,555,259,-102,-450,-710,-811,-735,-506,-162,228,577,801,844,689,371,-31,-431,-739,-881,-817,-552,-153,293,676,897,907,701,321,-142,-581,-892,-991,-854,-502,-31,450,840,1025,963,674,220,-296,-733,-999,-1019,-793,-381,130,608,938,1050,897,514,9,-492,-879,-1048,-953,-624,-143,375,809,1042,1010,716,244,-287,-742,-1023,-1055,-821,-366,178,692,1033,1115,920,498,-69,-628,-1034,-1191,-1058,-663,-94,510,1007,1259,1209,869,308,-333,-902,-1263,-1321,-1067,-559,82,714,1178,1356,1203,767,150,-506,-1041,0,-1257,-906,-346,305,880,1222,1263,996,477,-146,-732,-1139,-1257,-1063,-596,25,631,1086,1264,1123,705,117,-511,-1031,-1288,-1216,-847,-263,388,940,1276,1291,973,434,-212,-808,-1202,-1302,-1081,-602,29,646,1098,1262,1115,705,124,-471,-948,-1182,-1107,-758,-237,346,827,1072,1045,758,274,-281,-763,-1031,-1022,-745,-284,257,739,1033,1056,799,341,-196,-696,-1021,-1087,-883,-454,86,602,966,1104,970,586,70,-461,-881,-1078,-1008,-693,-209,303,735,974,979,750,339,-150,-579,-846,-897,-724,-382,37,432,706,790,666,369,-5,-356,-610,-698,-587,-327,11,340,571,645,544,296,-34,-354,-591,-666,-571,0,0
61358,mtk,MTK 7916,861704035,rx2-tx0,512,0,0,0,-750,-1091,-1173,-953,-479,122,708,1129,1279,1115,665,39,-601,-1097,-1327,-1241,-837,-216,458,1018,1328,1314,967,375,-310,-919,-1294,-1341,-1056,-505,170,802,1229,1352,1132,612,-57,-706,-1176,-1342,-1167,-695,-43,613,1118,1335,1200,763,141,-515,-1048,-1313,-1234,-840,-237,422,973,1265,1233,892,330,-318,-879,-1202,-1209,-909,-374,245,797,1134,1169,901,398,-202,-746,-1080,-1129,-882,-394,194,723,1059,1116,871,396,-183,-723,-1074,-1137,-898,-417,173,735,1111,1194,969,486,-134,-724,-1135,-1258,-1058,-593,34,670,1137,1315,1171,732,97,-564,-1091,-1346,-1258,-859,-251,433,1008,1331,1318,976,395,-290,-905,-1286,0,-1087,-543,131,770,1221,1362,1156,656,0,-649,-1144,-1355,-1216,-770,-129,551,1093,1361,1287,888,262,-431,-1027,-1374,-1375,-1030,-420,294,936,1362,1460,1190,621,-105,-812,-1322,-1510,-1330,-814,-99,641,1224,1515,1440,1013,329,-433,-1082,-1481,-1520,-1187,-571,181,889,1371,1523,1305,776,59,-669,-1238,-1502,-1396,-956,-296,430,1046,1406,1426,1107,526,-175,-835,-1290,-1436,-1235,-750,-103,566,1096,1360,1317,971,406,-244,-820,-1186,-1280,-1085,-649,-86,484,927,1138,1094,804,352,-155,-611,-917,-1002,-867,-553,-127,304,647,839,845,667,360,0,-347,-604,-727,-709,-556,-308,-25,240,437,539,540,459,325,155,0,0,0,0,0,364,461,491,436,295,72,-194,-448,-640,-728,-677,-481,-177,179,517,763,857,775,517,130,-300,-678,-913,-953,-782,-426,44,517,888,1067,998,695,226,-315,-798,-1109,-1171,-954,-504,74,641,1069,1269,1170,780,194,-440,-979,-1293,-1307,-1020,-485,176,803,1250,1400,1213,745,93,-594,-1148,-1420,-1339,-950,-345,347,964,1348,1398,1119,575,-101,-745,-1201,-1360,-1190,-735,-106,542,1047,1282,1199,821,250,-365,-876,-1161,-1152,-848,-336,255,771,1083,1106,843,376,-185,-700,-1024,-1082,-860,-410,152,669,1010,1096,905,475,-92,-651,-1040,-1164,-997,-575,2,592,1035,1215,1099,711,127,-499,-994,-1241,-1183,0,-263,373,925,1243,1244,941,399,-252,-849,-1225,-1288,-1031,-512,148,769,1201,1325,1111,619,-36,-689,-1179,-1370,-1212,-757,-102,591,1145,1409,1316,901,265,-455,-1062,-1400,-1386,-1026,-416,303,945,1354,1423,1132,566,-138,-801,-1258,-1394,-1182,-676,0,659,1140,1328,1178,734,109,-538,-1043,-1268,-1162,-761,-177,448,947,1200,1138,776,224,-369,-864,-1136,-1112,-799,-279,300,790,1072,1074,794,317,-225,-703,-992,-1021,-790,-353,169,621,908,952,744,347,-135,-570,-841,-876,-679,-306,146,547,797,827,627,259,-183,-575,-811,-826,-610,-222,225,624,862,868,632,222,-252,-678,-927,-931,-693,-263,254,717,0,0,0,0,0,867,401,-182,-735,-1124,-1232,-1032,-574,43,664,1126,1318,1182,752,127,-533,-1063,-1339,-1282,-903,-302,379,965,1313,1333,1024,447,-244,-863,-1264,-1346,-1087,-560,111,755,1205,1347,1144,653,-5,-657,-1137,-1337,-1193,-737,-92,568,1082,1324,1226,808,192,-472,-1014,-1292,-1246,-878,-285,372,932,1248,1231,904,359,-279,-836,-1165,-1190,-909,-399,213,760,1103,1148,888,403,-189,-728,-1064,-1109,-862,-391,186,724,1067,1124,881,398,-192,-733,-1096,-1174,-935,-451,158,733,1127,1236,1021,536,-91,-700,-1135,-1292,-1126,-661,-17,624,1111,1335,1224,794,168,-502,-1060,-1348,-1298,-931,-333,354,962,1324,1351,1040,474,0,-836,-1255,-1360,-1123,-602,68,717,1188,1363,1189,714,64,-602,-1121,-1360,-1255,-827,-191,496,1063,1365,1332,962,336,-376,-992,-1374,-1426,-1121,-523,201,881,1351,1491,1259,719,-3,-730,-1280,-1523,-1397,-926,-221,540,1167,1504,1481,1102,454,-304,-991,-1437,-1530,-1254,-683,57,787,1314,1517,1363,871,177,-551,-1143,-1454,-1415,-1034,-405,311,949,1362,1443,1185,643,-45,-713,-1207,-1417,-1292,-870,-263,397,963,1285,1306,1040,539,-71,-641,-1053,-1214,-1100,-744,-232,309,766,1034,1060,851,462,-14,-464,-789,-929,-866,-621,-252,158,508,739,806,701,469,162,-170,-446,-620,-668,-596,-429,-209,12,200,326,382,0,0,0,0,0,-207,-62,121,327,506,611,618,512,293,-4,-320,-596,-768,-787,-646,-358,25,411,723,897,880,657,279,-172,-599,-903,-1010,-888,-558,-90,421,853,1092,1091,835,363,-206,-735,-1108,-1231,-1072,-644,-59,548,1039,1294,1246,906,347,-310,-901,-1279,-1363,-1127,-618,49,714,1209,1417,1291,855,213,-480,-1059,-1388,-1385,-1045,-462,227,862,1282,1389,1165,668,11,-638,-1120,-1319,-1195,-781,-183,447,956,1219,1172,835,297,-304,-819,-1120,-1133,-857,-365,213,729,1048,1091,856,397,-162,-680,-1019,-1095,-884,-436,129,660,1029,1133,943,513,-58,-626,-1040,-1199,-1051,-637,-59,543,1019,1234,1147,773,194,-438,0,-1248,-1225,-897,-335,315,877,1229,1273,986,455,-192,-799,-1209,-1313,-1078,-566,90,734,1193,1350,1169,685,28,-649,-1167,-1397,-1278,-832,-177,523,1108,1416,1359,971,341,-377,-1008,-1386,-1415,-1090,-496,214,875,1311,1412,1163,622,-62,-727,-1202,-1363,-1180,-708,-64,588,1083,1294,1170,751,147,-496,-997,-1229,-1142,-770,-206,405,912,1169,1121,786,257,-336,-830,-1106,-1092,-795,-299,262,744,1033,1052,796,339,-197,-667,-952,-989,-767,-350,147,596,871,912,715,333,-137,-560,-815,-846,-647,-279,157,553,798,823,621,241,-208,-598,-831,-838,-613,-216,243,654,898,896,656,236,-260,-697,-968,-986,-737,0,0
61359,mtk,MTK 7916,861704035,rx2-tx1,512,0,0,0,1156,1093,749,227,-355,-868,-1169,-1167,-884,-386,211,762,1126,1209,990,530,-58,-633,-1044,-1192,-1043,-641,-84,494,936,1138,1054,696,175,-385,-839,-1068,-1027,-734,-251,293,752,999,983,705,253,-267,-721,-970,-957,-690,-236,276,721,978,973,715,258,-277,-739,-1008,-1023,-767,-305,243,730,1029,1066,823,364,-196,-712,-1043,-1107,-882,-424,142,685,1049,1145,941,489,-96,-664,-1072,-1215,-1037,-584,21,631,1090,1275,1157,739,122,-530,-1063,-1349,-1297,-919,-320,365,958,1310,1355,1070,527,-143,-774,-1226,-1369,-1172,-702,-76,571,1080,1317,1226,842,275,-344,-883,-1203,-1213,-934,-441,142,671,1021,1116,0,531,23,-471,-831,-965,-849,-534,-93,362,697,839,761,481,90,-310,-631,-772,-692,-435,-70,309,599,724,650,401,33,-340,-619,-740,-652,-382,2,399,702,819,714,408,-26,-466,-805,-956,-869,-547,-64,459,889,1121,1076,767,256,-344,-868,-1199,-1261,-1021,-531,100,720,1176,1354,1224,801,177,-502,-1064,-1384,-1384,-1062,-496,186,836,1304,1470,1298,837,191,-502,-1071,-1395,-1407,-1113,-575,75,684,1136,1336,1224,850,312,-274,-778,-1098,-1158,-956,-561,-64,420,787,963,921,676,293,-117,-485,-741,-823,-718,-460,-124,212,494,662,687,576,359,95,-170,-385,-516,-541,-476,-344,-176,-12,128,0,0,0,0,0,-420,-376,-258,-73,144,357,530,620,594,463,233,-51,-328,-546,-661,-636,-475,-206,112,404,610,687,602,376,69,-261,-543,-696,-681,-507,-207,149,478,696,747,619,339,-34,-407,-689,-810,-738,-490,-118,297,654,847,836,627,264,-166,-563,-826,-896,-757,-426,26,469,793,929,841,543,107,-360,-743,-941,-915,-681,-270,219,644,909,957,765,382,-86,-539,-852,-950,-820,-483,-21,437,785,935,849,547,110,-358,-726,-912,-889,-636,-214,254,666,911,922,713,324,-158,-593,-879,-957,-804,-444,20,478,814,949,841,523,87,-365,-732,-914,-866,-598,-187,268,656,879,870,646,269,0,-591,-841,-882,-702,-342,95,497,776,862,729,407,-13,-420,-717,-819,-702,-407,-10,382,672,781,676,395,4,-394,-691,-804,-706,-416,-12,405,726,860,769,473,45,-400,-746,-903,-835,-557,-132,341,722,912,871,618,203,-277,-678,-896,-887,-652,-237,243,656,893,894,676,270,-223,-654,-913,-942,-709,-289,202,654,944,988,769,354,-158,-643,-973,-1050,-852,-426,109,626,995,1110,940,534,-10,-562,-984,-1162,-1042,-661,-118,465,934,1169,1118,793,260,-336,-839,-1131,-1139,-862,-377,200,724,1058,1121,901,457,-105,-639,-998,-1100,-926,-521,25,565,945,1087,959,578,49,-497,-920,-1113,0,0,0,0,0,-155,417,898,1163,1135,822,309,-281,-821,-1156,-1195,-940,-455,140,698,1086,1205,1022,585,7,-564,-998,-1175,-1047,-672,-138,432,891,1119,1051,716,213,-332,-786,-1030,-1004,-723,-247,288,730,978,964,699,253,-269,-722,-965,-953,-695,-250,278,730,994,1002,745,287,-263,-744,-1024,-1043,-797,-334,222,720,1035,1088,857,392,-180,-699,-1045,-1124,-909,-448,128,667,1056,1178,985,532,-64,-653,-1081,-1243,-1092,-654,-41,589,1082,1315,1223,830,224,-447,-1018,-1334,-1319,-993,-425,250,872,1275,1364,1125,617,-39,-678,-1151,-1348,-1213,-788,-174,469,982,1260,1234,899,363,-247,-780,-1112,-1176,-954,-502,50,0,922,1042,905,547,66,-404,-758,-902,-806,-518,-107,324,653,799,729,461,79,-315,-615,-748,-672,-414,-52,324,610,725,642,381,15,-368,-657,-772,-673,-389,19,438,753,882,778,460,9,-472,-861,-1039,-964,-646,-148,409,890,1172,1172,886,388,-221,-798,-1197,-1327,-1138,-665,-35,612,1123,1380,1311,936,334,-349,-956,-1342,-1432,-1195,-680,1,684,1206,1455,1381,991,384,-292,-894,-1288,-1394,-1188,-719,-111,489,967,1224,1205,926,453,-97,-600,-943,-1063,-952,-640,-199,257,631,857,883,706,388,9,-354,-624,-747,-709,-528,-242,71,350,554,634,592,449,239,9,-196,-338,-406,-407,-353,0,0,0,0,0,-124,-299,-442,-536,-552,-470,-293,-56,203,440,607,657,571,367,88,-213,-477,-644,-664,-542,-300,14,333,570,677,634,440,139,-199,-502,-691,-717,-567,-268,105,454,698,785,692,421,34,-366,-677,-837,-799,-562,-181,240,609,840,878,702,339,-107,-519,-817,-929,-807,-476,-37,412,768,939,885,611,181,-297,-706,-937,-944,-717,-317,159,597,889,966,799,436,-24,-479,-824,-957,-840,-517,-77,386,748,929,874,594,166,-298,-691,-917,-906,-668,-261,209,626,892,945,753,375,-94,-537,-852,-962,-833,-494,-42,416,776,937,859,568,138,-312,-682,-896,-878,-628,-222,226,616,864,0,671,303,-132,-539,-819,-876,-714,-384,38,449,737,833,705,412,20,-386,-683,-786,-685,-400,-6,382,667,785,680,391,-2,-410,-716,-837,-738,-443,-22,404,736,884,801,513,90,-361,-731,-912,-861,-588,-157,313,701,911,890,642,219,-256,-655,-887,-888,-653,-249,231,658,907,917,692,280,-210,-646,-928,-967,-738,-309,195,658,962,1025,821,388,-140,-636,-984,-1079,-891,-479,65,610,995,1129,988,599,51,-520,-964,-1166,-1083,-727,-186,399,886,1150,1126,828,323,-266,-787,-1100,-1131,-886,-421,142,671,1028,1111,915,492,-60,-592,-975,-1103,-944,-548,-9,531,935,1104,987,615,83,0,0
61360,mtk,MTK 7916,861752236,rx0-tx0,512,-330,-764,-671,388,597,751,852,870,827,711,537,328,85,-165,-396,-594,-741,-831,-847,-809,-701,-537,-335,-108,136,367,559,718,814,853,825,717,560,357,116,-122,-366,-566,-734,-845,-883,-849,-739,-567,-360,-116,140,388,601,755,852,880,843,728,561,340,101,-149,-380,-582,-731,-822,-856,-822,-711,-546,-349,-126,109,335,549,706,813,846,817,718,564,355,121,-122,-353,-563,-721,-812,-845,-805,-691,-521,-310,-80,153,380,558,692,770,773,724,605,444,265,56,-150,-340,-503,-618,-681,-699,-651,-553,-420,-260,-72,121,288,433,551,618,635,614,525,404,262,92,-80,-247,-395,-523,-597,-26,-614,-538,-426,-291,-122,63,241,403,531,607,652,622,558,447,288,112,-86,-270,-434,-560,-646,-678,-642,-560,-430,-253,-62,138,320,484,603,669,681,635,534,383,195,5,-186,-372,-531,-634,-693,-685,-620,-506,-344,-152,54,257,438,587,676,709,677,588,439,252,44,-174,-380,-544,-655,-713,-700,-628,-477,-288,-77,145,347,499,604,650,623,537,410,235,43,-134,-290,-398,-468,-486,-446,-384,-295,-178,-51,64,158,238,290,311,304,275,226,165,98,20,-55,-113,-160,-203,-222,-219,-197,-169,-127,-73,-8,60,122,170,197,210,195,157,105,30,-51,-114,-158,-166,-153,-294,-468,510,368,-345,-46,18,96,156,199,222,210,165,107,30,-61,-140,-201,-246,-278,-276,-249,-196,-130,-45,53,144,233,313,363,378,368,327,238,124,-13,-159,-294,-419,-520,-571,-564,-500,-385,-221,-23,187,386,573,698,761,762,679,517,304,55,-221,-478,-712,-874,-946,-935,-822,-629,-381,-83,243,537,793,967,1050,1038,927,714,439,115,-212,-525,-786,-979,-1073,-1073,-978,-790,-525,-219,107,414,687,897,1027,1056,996,851,634,355,36,-264,-544,-781,-937,-1023,-1015,-920,-752,-512,-222,69,360,621,816,949,994,963,844,650,407,131,-168,-438,-666,-844,-946,-961,-905,-764,-570,-326,-44,223,301,679,832,908,908,851,718,525,295,36,-224,-472,-674,-828,-919,-933,-873,-748,-556,-314,-42,223,488,711,875,960,979,903,751,552,292,8,-283,-530,-739,-892,-976,-980,-912,-773,-565,-298,-22,260,531,756,923,1018,1032,960,813,607,338,45,-275,-563,-812,-984,-1084,-1094,-1007,-846,-609,-314,11,325,630,870,1051,1140,1128,1021,821,560,242,-90,-410,-702,-933,-1080,-1127,-1087,-941,-723,-456,-154,162,456,711,896,1008,1039,983,845,648,407,115,-170,-430,-661,-839,-938,-961,-904,-787,-607,-370,-111,162,418,627,793,888,914,871,748,578,356,96,-155,-392,-605,-766,-863,-879,-832,820,710,-82,-464,-78,801,647,450,216,-34,-274,-504,-681,-807,-863,-849,-768,-622,-431,-204,34,266,485,656,774,837,831,756,629,455,235,2,-242,-464,-644,-788,-853,-864,-794,-660,-474,-245,5,257,490,673,806,880,881,803,657,456,227,-22,-267,-494,-674,-800,-861,-854,-777,-642,-452,-230,8,253,476,651,776,834,831,769,649,462,246,10,-223,-443,-632,-774,-843,-840,-771,-637,-446,-227,9,249,468,644,767,813,804,716,573,390,179,-45,-260,-460,-602,-698,-741,-717,-636,-505,-336,-155,37,233,396,528,621,666,645,576,472,333,164,-2,-180,-350,-473,-567,-615,-619,-572,-483,-352,-187,628,147,316,444,549,614,627,587,500,360,203,26,-157,-319,-481,-594,-656,-662,-606,-507,-367,-194,5,204,377,529,634,678,669,600,484,319,129,-73,-266,-435,-573,-654,-679,-656,-579,-440,-267,-75,129,312,477,603,678,698,652,558,402,215,9,-201,-397,-561,-672,-721,-705,-619,-469,-283,-68,152,359,532,642,693,675,581,435,258,57,-148,-316,-458,-549,-573,-544,-461,-337,-199,-37,102,216,309,372,387,367,323,263,174,77,-20,-105,-171,-217,-250,-270,-252,-216,-175,-118,-54,13,72,122,173,205,219,209,178,128,66,-4,-78,-136,-178,-201,-192,-154,-92,-19,46,-821,-743,-82,-846,179,156,179,170,127,68,-11,-95,-163,-211,-247,-249,-217,-165,-101,-20,72,155,220,273,310,319,295,251,176,75,-36,-145,-264,-363,-431,-465,-455,-402,-311,-173,-4,172,341,494,605,665,657,593,458,261,40,-199,-444,-645,-782,-858,-853,-759,-591,-339,-61,239,524,762,926,1013,996,884,691,414,95,-231,-547,-800,-986,-1075,-1064,-960,-751,-479,-160,158,475,747,950,1057,1075,993,824,577,280,-38,-345,-622,-842,-998,-1044,-1005,-883,-683,-427,-144,156,440,689,887,989,1008,943,791,573,314,32,-253,-520,-742,-893,-980,-972,-874,-711,-491,-223,49,325,569,758,898,948,921,-176,646,427,165,-90,-344,-577,-760,-876,-926,-895,-797,-628,-428,-180,84,345,582,770,901,947,931,833,666,434,175,-111,-398,-629,-821,-951,-994,-952,-830,-655,-415,-146,133,398,644,844,966,1001,973,870,690,456,177,-114,-406,-658,-871,-1009,-1071,-1045,-925,-730,-472,-185,133,439,713,939,1085,1126,1083,947,727,453,121,-208,-533,-798,-1007,-1126,-1141,-1068,-903,-657,-351,-31,288,589,826,992,1077,1068,974,799,559,283,-12,-309,-579,-786,-936,-1009,-979,-889,-725,-507,-246,24,296,534,737,871,933,932,835,682,475,231,-27,-282,-511,-695,-836,-896,-878,-801,-663,-464,-222,32,275,-406,-580
61361,mtk,MTK 7916,861752236,rx0-tx1,512,-686,885,116,664,696,677,602,471,302,111,-86,-262,-428,-554,-624,-646,-611,-528,-403,-257,-85,91,238,369,474,541,566,546,486,394,271,129,-14,-166,-302,-412,-495,-544,-551,-519,-455,-349,-217,-74,84,226,368,478,559,593,595,544,447,305,141,-39,-217,-395,-528,-629,-685,-667,-610,-491,-326,-144,54,256,434,581,680,719,697,616,491,317,123,-91,-293,-465,-608,-693,-721,-697,-611,-476,-295,-98,109,313,484,609,686,707,672,580,439,264,70,-126,-306,-470,-588,-661,-676,-645,-556,-423,-254,-61,132,312,465,585,651,659,625,534,399,227,34,-153,-339,-491,-596,-655,-662,-616,-38,-355,-180,13,194,364,509,612,656,644,579,466,314,137,-58,-244,-414,-541,-628,-660,-630,-550,-422,-262,-70,128,301,458,569,629,640,589,485,340,165,-16,-195,-357,-480,-565,-599,-589,-511,-404,-263,-89,75,233,369,467,526,546,518,444,327,193,42,-112,-246,-360,-443,-493,-500,-459,-382,-282,-152,-15,123,255,357,429,472,468,428,353,246,114,-32,-176,-301,-391,-454,-474,-442,-367,-262,-131,10,147,265,349,406,429,398,331,238,119,-3,-128,-230,-314,-363,-369,-343,-281,-190,-81,34,142,235,300,330,318,269,182,77,-44,-147,-224,-265,-260,-213,-127,-29,55,820,888,0,311,-862,161,167,131,66,-11,-98,-175,-218,-231,-224,-183,-116,-30,48,126,189,228,249,239,204,151,72,-9,-86,-159,-211,-234,-242,-230,-181,-129,-58,14,80,137,180,201,204,193,161,118,75,37,-8,-50,-93,-118,-137,-158,-161,-166,-160,-137,-107,-61,-9,44,105,151,194,228,228,215,187,140,71,8,-72,-132,-190,-235,-249,-242,-224,-187,-131,-80,-9,62,124,182,227,254,263,262,239,189,126,51,-36,-127,-207,-268,-310,-339,-329,-290,-226,-141,-38,69,168,256,330,370,378,350,305,231,132,19,-99,-203,-295,-362,-402,-405,-378,-319,-229,-119,-5,114,228,324,-48,428,438,403,338,248,126,3,-127,-252,-361,-445,-489,-498,-464,-387,-276,-134,18,175,319,428,518,555,542,479,386,253,100,-58,-214,-357,-468,-538,-567,-542,-479,-381,-258,-105,53,216,355,472,550,588,580,529,432,298,145,-22,-199,-359,-495,-583,-637,-637,-584,-480,-336,-174,18,210,384,537,654,710,707,646,531,372,175,-41,-254,-448,-611,-715,-767,-748,-665,-530,-342,-124,102,325,521,663,754,776,737,633,478,281,59,-157,-366,-536,-660,-731,-741,-690,-590,-432,-241,-36,172,372,537,664,729,732,679,562,407,211,-1,-210,-397,-548,-661,-721,-710,-647,-524,-361,628,718,9,-260,410,257,48,-152,-344,-503,-613,-674,-666,-610,-508,-353,-183,2,185,346,473,560,609,594,536,445,320,171,19,-130,-268,-387,-480,-529,-546,-525,-460,-360,-245,-107,42,184,324,441,515,561,560,524,449,332,188,25,-141,-309,-453,-564,-627,-643,-616,-536,-404,-252,-58,137,318,494,613,685,704,661,562,417,232,28,-180,-368,-528,-648,-713,-726,-662,-553,-403,-206,-4,208,393,544,656,709,709,645,523,368,185,-14,-212,-391,-538,-645,-698,-688,-623,-511,-352,-167,31,222,394,529,627,675,661,593,477,326,138,-52,-242,-408,-539,-627,-668,-656,-589,-461,-301,-117,71,261,634,558,645,667,630,547,415,247,64,-128,-308,-465,-578,-646,-656,-611,-509,-370,-201,-10,178,349,488,588,643,632,570,463,303,126,-66,-250,-413,-539,-612,-628,-593,-498,-367,-206,-37,143,308,424,523,564,558,512,413,285,139,-14,-170,-308,-408,-475,-512,-504,-453,-363,-243,-110,40,183,302,397,460,477,469,409,319,200,65,-79,-216,-333,-422,-475,-478,-443,-363,-253,-117,27,165,278,374,434,447,412,344,247,138,4,-132,-237,-329,-381,-396,-367,-307,-224,-116,8,126,229,303,343,346,317,250,153,39,-78,-181,-260,-308,-308,-260,-177,-72,36,135,199,213,184,367,168,0,645,-75,4,-68,-141,-190,-211,-203,-153,-74,5,89,166,223,246,236,209,156,90,11,-73,-146,-207,-244,-252,-236,-196,-132,-58,10,92,155,200,231,233,213,173,119,59,2,-59,-111,-141,-151,-163,-166,-158,-136,-107,-85,-48,-5,33,74,113,148,177,192,203,187,150,108,46,-20,-87,-149,-205,-233,-249,-244,-205,-161,-97,-28,40,107,173,214,242,260,246,221,184,126,55,-17,-81,-153,-211,-259,-288,-300,-285,-243,-177,-98,-2,98,186,263,327,359,359,329,274,189,84,-29,-136,-231,-315,-369,-394,-383,-340,-271,-179,-69,49,160,260,346,395,418,408,363,285,-1135,63,-63,-190,-287,-380,-436,-464,-456,-405,-321,-205,-69,73,218,341,445,506,526,502,428,323,195,36,-123,-269,-399,-497,-544,-555,-519,-439,-322,-184,-24,139,290,411,505,559,573,540,458,345,202,47,-119,-277,-418,-522,-583,-614,-588,-516,-392,-239,-66,119,287,447,563,647,679,643,565,444,278,80,-123,-324,-496,-633,-722,-750,-711,-614,-455,-258,-45,182,387,566,699,767,770,712,583,409,205,-20,-243,-445,-610,-721,-769,-750,-674,-539,-364,-154,62,267,449,600,696,735,718,640,506,331,123,-84,-290,-471,-612,-703,-734,-699,-608,-466,-291,-84,123,318,490,617,-346,31
61362,mtk,MTK 7916,861752236,rx1-tx0,512,0,-3,-1037,460,342,193,35,-135,-304,-450,-565,-646,-668,-629,-559,-424,-260,-74,137,337,516,664,758,782,753,643,493,293,51,-189,-438,-641,-794,-892,-908,-852,-705,-504,-251,31,312,569,786,926,997,987,880,680,438,143,-154,-438,-695,-895,-1009,-1025,-973,-822,-605,-356,-68,221,487,718,884,979,988,913,775,564,316,40,-242,-502,-724,-882,-968,-975,-907,-762,-544,-273,5,287,548,749,895,969,957,852,693,476,215,-66,-332,-565,-756,-884,-930,-898,-797,-626,-396,-143,130,385,594,746,845,869,822,683,504,289,47,-202,-414,-587,-713,-763,-762,-684,-557,-394,-193,16,210,381,-277,600,639,620,565,465,328,177,12,-148,-301,-418,-506,-557,-563,-520,-443,-344,-218,-71,78,225,355,450,518,551,541,482,379,263,123,-35,-186,-326,-445,-521,-563,-566,-519,-430,-323,-170,-1,157,318,450,556,626,645,615,534,397,226,34,-165,-369,-550,-686,-771,-784,-716,-595,-400,-163,90,344,577,748,862,887,819,681,469,216,-65,-342,-584,-760,-857,-877,-803,-659,-444,-188,66,305,514,669,757,760,689,566,399,179,-36,-240,-411,-546,-620,-633,-601,-490,-340,-168,17,199,345,466,533,544,494,388,253,83,-88,-244,-381,-457,-467,-416,-312,-162,-1,151,253,299,345,308,0,-580,784,28,13,-12,-43,-65,-81,-94,-95,-79,-51,-15,13,47,84,102,120,121,113,96,68,29,-8,-54,-90,-124,-143,-149,-150,-143,-112,-64,-19,27,81,134,170,207,224,219,199,147,92,19,-73,-149,-223,-286,-327,-343,-315,-260,-175,-68,56,186,302,392,446,462,424,349,229,80,-75,-239,-379,-473,-528,-520,-471,-377,-236,-72,88,248,389,485,535,544,492,388,259,101,-69,-223,-350,-439,-494,-500,-457,-380,-258,-124,7,147,263,353,407,416,394,349,275,181,83,-15,-110,-186,-245,-295,-309,-316,-301,-277,-223,-154,-73,13,101,186,259,327,370,385,368,324,489,140,25,-97,-212,-322,-402,-462,-471,-433,-375,-275,-139,7,156,287,398,487,527,525,473,386,267,118,-43,-202,-347,-451,-532,-563,-557,-500,-387,-246,-94,73,237,388,500,562,592,557,488,381,233,77,-87,-251,-397,-498,-554,-588,-572,-503,-396,-253,-99,71,228,369,477,566,601,594,542,451,315,161,-14,-202,-369,-516,-629,-694,-691,-629,-522,-363,-174,45,251,445,616,718,752,722,622,479,281,72,-153,-359,-528,-650,-711,-712,-658,-532,-370,-191,-3,185,343,475,561,607,609,546,451,330,182,30,-132,-273,-386,-475,-530,-545,-529,-472,-373,-253,-108,45,189,327,-339,-604,0,354,483,-381,-498,-575,-609,-606,-547,-445,-310,-151,41,222,403,555,650,710,713,653,543,384,178,-41,-268,-480,-644,-784,-845,-843,-769,-608,-406,-155,116,385,622,803,925,966,917,798,598,342,66,-226,-511,-745,-915,-1007,-999,-919,-763,-535,-251,39,333,610,817,956,1014,980,874,695,463,192,-95,-365,-615,-810,-931,-977,-947,-838,-662,-430,-164,115,383,630,817,934,967,937,814,627,396,124,-175,-445,-671,-842,-937,-953,-889,-757,-558,-306,-27,240,476,687,823,900,899,813,659,460,222,-34,-290,-515,-671,-782,-824,-794,-686,-542,-339,-123,103,319,489,624,698,708,666,579,315,265,76,-106,-269,-413,-515,-580,-593,-569,-490,-382,-256,-109,44,197,320,427,504,544,538,499,414,308,174,22,-133,-280,-396,-483,-547,-556,-525,-457,-347,-212,-69,88,246,373,483,562,588,580,530,432,293,132,-57,-232,-406,-553,-651,-705,-704,-635,-505,-323,-109,130,357,554,720,811,835,782,651,447,207,-76,-344,-577,-760,-866,-894,-828,-679,-463,-215,60,329,559,733,819,821,751,611,418,184,-58,-285,-468,-615,-695,-700,-647,-537,-375,-178,17,213,389,510,576,588,535,438,305,139,-35,-206,-348,-452,-505,-491,-429,-316,-154,16,172,307,385,396,339,226,96,-32,160,0,-386,424,-48,-69,-73,-66,-48,-27,1,37,66,93,103,104,105,81,51,17,-23,-55,-90,-122,-138,-146,-134,-116,-81,-39,1,44,89,140,164,180,188,183,152,112,63,-9,-71,-144,-202,-245,-283,-286,-256,-207,-126,-35,67,170,255,332,377,403,380,315,208,80,-67,-213,-343,-450,-506,-512,-467,-362,-237,-77,90,250,390,489,533,533,485,386,246,92,-73,-240,-370,-468,-525,-527,-478,-382,-260,-119,33,177,306,406,448,453,425,355,266,149,23,-90,-195,-278,-332,-355,-352,-326,-275,-225,-155,-70,13,97,170,236,282,321,336,334,301,245,167,71,-36,-144,-247,-571,-389,-430,-427,-391,-313,-207,-81,66,188,307,419,483,509,489,427,333,206,58,-94,-247,-372,-474,-538,-554,-527,-443,-325,-182,-14,143,303,436,523,575,577,536,446,309,154,-12,-180,-320,-452,-541,-579,-579,-538,-446,-314,-169,-13,160,314,440,524,577,589,551,466,349,204,39,-120,-282,-425,-545,-615,-652,-621,-545,-428,-274,-80,128,315,481,614,706,732,689,601,439,231,6,-219,-419,-584,-698,-738,-726,-640,-506,-325,-119,82,280,449,568,635,663,620,539,414,257,93,-85,-247,-374,-482,-546,-567,-551,-487,-400,-282,-138,10,149,287,404,490,546,554,524,456,607,342
61363,mtk,MTK 7916,861752236,rx1-tx1,512,0,0,0,-161,-441,-616,-646,-518,-273,37,354,580,659,592,397,106,-207,-464,-613,-616,-459,-198,96,357,539,588,486,265,-13,-282,-474,-548,-483,-296,-35,226,433,533,503,339,83,-196,-420,-538,-526,-379,-136,151,396,545,558,438,203,-89,-361,-552,-616,-525,-303,-5,291,527,645,599,407,127,-188,-460,-620,-625,-482,-230,72,361,560,623,534,310,19,-278,-505,-607,-562,-378,-99,198,455,602,595,449,191,-110,-384,-570,-614,-519,-302,-13,281,509,619,577,401,136,-160,-417,-573,-599,-481,-256,23,295,493,573,520,344,94,-171,-385,-511,-516,-396,-201,35,254,397,452,400,0,37,-153,-299,-366,-340,-229,-63,111,241,296,276,179,29,-129,-243,-288,-259,-156,-5,155,280,336,302,182,12,-168,-326,-407,-387,-269,-70,151,342,473,494,393,186,-72,-315,-497,-578,-522,-333,-70,211,465,615,623,491,244,-68,-374,-600,-690,-623,-419,-114,224,518,694,716,586,315,-34,-381,-648,-770,-726,-524,-198,163,485,715,792,690,441,109,-246,-558,-747,-764,-628,-365,-30,303,564,704,691,535,275,-36,-329,-541,-634,-595,-434,-195,81,333,496,549,493,340,126,-106,-308,-434,-470,-417,-284,-101,87,249,364,403,368,269,133,-9,-138,-231,-277,-277,-241,-177,0,0,0,0,0,-227,-137,-19,131,289,420,499,494,403,238,18,-227,-445,-587,-629,-550,-372,-110,190,460,646,707,625,417,118,-207,-495,-695,-748,-637,-385,-49,301,587,747,745,584,290,-86,-451,-709,-815,-739,-494,-130,262,600,818,851,688,370,-43,-460,-769,-898,-838,-591,-205,241,638,895,932,756,417,-17,-454,-784,-945,-883,-615,-206,258,655,893,919,739,384,-69,-500,-810,-942,-845,-543,-116,340,727,937,925,699,308,-171,-612,-907,-984,-839,-494,-18,468,852,1044,996,712,240,-283,-752,-1062,-1132,-937,-525,19,562,972,1172,1120,808,314,-250,-775,-1121,-1208,-1018,-599,-59,493,939,0,1118,819,329,-234,-732,-1058,-1139,-948,-538,-5,530,937,1116,1029,703,209,-344,-816,-1093,-1120,-878,-427,126,651,1026,1160,1009,629,105,-447,-908,-1153,-1125,-841,-363,200,709,1055,1164,994,587,52,-485,-905,-1109,-1051,-742,-273,247,707,989,1024,823,436,-56,-536,-866,-976,-852,-514,-54,411,775,946,879,596,165,-310,-707,-933,-942,-717,-313,161,596,898,988,849,506,48,-425,-804,-983,-932,-673,-261,209,629,894,943,769,434,6,-414,-728,-866,-793,-546,-178,219,545,729,740,581,291,-65,-386,-593,-659,-560,-317,-6,300,512,589,521,314,26,-259,-475,-576,-533,-353,-79,217,0,0,0,0,0,616,466,200,-114,-404,-609,-667,-566,-334,-28,285,530,647,615,437,162,-142,-417,-587,-605,-478,-240,39,312,506,562,481,285,14,-256,-455,-539,-494,-320,-65,212,426,532,507,351,101,-170,-405,-542,-541,-402,-163,112,372,545,589,483,251,-45,-333,-545,-630,-563,-352,-53,254,501,628,609,447,184,-130,-410,-596,-639,-517,-274,28,321,534,614,549,348,58,-235,-479,-612,-580,-399,-136,164,430,592,606,481,250,-50,-343,-551,-627,-556,-361,-78,225,479,606,590,450,203,-93,-358,-531,-587,-506,-308,-42,230,441,538,519,385,158,-98,-328,-465,-490,-406,-230,-10,197,0,402,368,242,65,-117,-261,-325,-300,-199,-48,104,225,285,255,158,11,-145,-261,-307,-275,-161,-3,167,302,368,333,215,38,-171,-350,-442,-433,-317,-122,110,332,488,538,461,268,0,-273,-490,-601,-578,-421,-160,144,422,613,659,548,311,-1,-315,-563,-699,-678,-497,-204,140,459,681,752,653,406,78,-273,-572,-753,-768,-615,-330,29,381,648,772,741,547,242,-106,-431,-664,-748,-680,-469,-164,166,453,632,677,579,364,86,-198,-438,-575,-581,-468,-270,-27,214,403,501,494,383,205,-1,-198,-351,-425,-417,-331,-188,-20,138,259,337,353,311,223,114,6,-81,-144,0,0,0,0,0,-225,-325,-387,-398,-343,-218,-42,160,354,501,576,556,422,201,-66,-330,-545,-660,-652,-513,-269,32,343,589,718,704,534,252,-82,-407,-650,-758,-705,-486,-165,193,520,730,783,657,385,25,-355,-667,-822,-800,-597,-252,158,537,798,886,776,481,75,-357,-715,-906,-898,-682,-308,127,545,841,944,831,521,100,-344,-717,-920,-902,-674,-296,158,574,847,934,803,475,33,-417,-767,-937,-890,-632,-210,265,676,924,955,765,386,-95,-553,-889,-1026,-922,-594,-125,384,816,1065,1069,830,386,-159,-667,-1035,-1167,-1024,-664,-155,405,878,1160,1173,918,467,-97,-638,-1035,-1196,-1082,-720,0,364,843,1122,1138,895,445,-108,-631,-1001,-1137,-1003,-627,-108,429,872,1110,1071,779,305,-247,-743,-1061,-1131,-944,-524,23,563,973,1163,1081,743,237,-325,-821,-1123,-1159,-927,-489,60,599,997,1146,1026,675,177,-357,-804,-1060,-1058,-805,-366,150,619,930,1007,836,478,4,-465,-810,-952,-857,-547,-111,359,749,945,899,650,240,-238,-661,-927,-971,-781,-408,58,517,857,996,897,593,150,-328,-721,-942,-942,-723,-346,99,522,818,918,810,507,106,-306,-639,-805,-782,-583,-247,128,454,663,701,572,308,-22,-332,-549,-622,-536,-316,-21,275,497,588,524,325,47,-238,-469,-585,-548,0,0
61364,mtk,MTK 7916,861752236,rx2-tx0,512,0,0,0,-495,-935,-1171,-1134,-815,-297,306,857,1216,1287,1054,576,-40,-655,-1123,-1339,-1245,-845,-237,427,985,1311,1337,1051,510,-155,-778,-1218,-1371,-1195,-737,-94,562,1078,1342,1276,905,320,-342,-920,-1276,-1322,-1044,-515,134,747,1187,1337,1163,712,82,-570,-1074,-1314,-1241,-868,-289,354,909,1232,1258,981,463,-161,-733,-1124,-1234,-1041,-599,-13,569,1002,1179,1061,676,133,-436,-902,-1130,-1070,-748,-232,347,836,1111,1107,828,332,-246,-760,-1099,-1172,-937,-464,123,682,1091,1240,1081,650,58,-548,-1037,-1289,-1230,-869,-290,365,932,1280,1333,1072,557,-95,-734,-1199,-1370,-1224,-798,-185,488,1044,1350,1338,1009,0,-226,-833,-1247,-1369,-1163,-679,-31,627,1122,1343,1253,869,272,-392,-961,-1304,-1338,-1046,-502,164,798,1249,1408,1237,764,110,-577,-1131,-1426,-1395,-1030,-419,287,945,1377,1486,1259,740,41,-675,-1235,-1515,-1439,-1026,-387,345,1010,1446,1550,1293,741,22,-705,-1260,-1524,-1444,-1036,-394,337,986,1400,1493,1246,719,25,-675,-1209,-1458,-1382,-994,-386,303,916,1325,1432,1219,748,114,-544,-1071,-1354,-1335,-1034,-516,102,683,1104,1280,1182,829,308,-251,-739,-1061,-1150,-985,-624,-155,336,736,961,978,794,459,46,-359,-676,-836,-824,-657,-365,-21,308,566,708,713,593,383,129,-120,-322,-452,-498,-464,-374,0,0,0,0,0,-402,-463,-459,-372,-204,26,279,510,671,724,645,436,133,-215,-537,-768,-859,-776,-531,-168,250,636,897,978,852,538,99,-371,-782,-1042,-1069,-863,-463,52,573,979,1188,1138,829,327,-252,-790,-1167,-1291,-1131,-712,-122,502,1016,1314,1330,1030,504,-137,-761,-1222,-1410,-1290,-873,-251,435,1014,1360,1410,1147,617,-48,-701,-1186,-1399,-1295,-899,-301,359,926,1271,1328,1078,584,-41,-646,-1083,-1255,-1133,-746,-198,387,885,1160,1138,849,366,-198,-709,-1040,-1111,-912,-489,58,580,960,1104,977,615,96,-457,-900,-1124,-1080,-765,-253,318,816,1128,1177,941,470,-125,-688,-1101,-1253,-1109,-706,-133,483,0,1255,1228,906,368,-257,-824,-1201,-1298,-1076,-595,26,646,1116,1316,1202,794,193,-462,-1019,-1336,-1329,-997,-433,238,865,1293,1418,1204,699,28,-657,-1186,-1431,-1353,-954,-328,383,1002,1382,1429,1142,586,-103,-767,-1245,-1427,-1263,-813,-178,505,1052,1336,1300,955,386,-272,-846,-1208,-1277,-1034,-540,72,661,1077,1229,1083,675,104,-481,-944,-1165,-1102,-768,-254,311,798,1083,1097,842,388,-154,-646,-971,-1054,-881,-500,-1,488,849,986,872,552,103,-366,-727,-899,-839,-563,-152,290,652,838,804,569,186,-257,-626,-828,-824,-604,-219,223,612,853,878,673,285,-178,-600,-888,-960,-786,-412,77,557,0,0,0,0,0,1031,684,163,-416,-912,-1201,-1219,-944,-427,200,776,1186,1334,1170,720,96,-545,-1066,-1345,-1303,-959,-388,280,879,1266,1360,1131,625,-32,-677,-1153,-1355,-1246,-826,-207,455,1006,1311,1307,986,418,-246,-842,-1236,-1337,-1113,-616,23,653,1131,1329,1200,784,188,-455,-989,-1279,-1252,-924,-373,261,821,1180,1257,1017,530,-75,-648,-1058,-1210,-1055,-640,-72,510,952,1151,1061,707,183,-384,-856,-1114,-1085,-774,-276,292,797,1107,1135,875,389,-202,-746,-1115,-1215,-1013,-563,29,627,1082,1276,1162,762,176,-462,-1000,-1297,-1287,-975,-420,239,837,1242,1358,1153,680,38,-620,-1131,-1367,-1281,-901,-309,361,944,0,1353,1083,553,-103,-729,-1182,-1357,-1207,-777,-154,509,1041,1327,1300,957,382,-284,-887,-1284,-1382,-1146,-631,41,693,1195,1424,1310,896,265,-445,-1056,-1421,-1457,-1156,-588,129,818,1323,1523,1368,891,212,-519,-1139,-1491,-1499,-1165,-562,165,861,1360,1540,1369,890,207,-519,-1125,-1476,-1478,-1142,-553,157,832,1312,1487,1323,862,209,-491,-1071,-1405,-1426,-1126,-572,97,744,1219,1414,1301,908,320,-335,-902,-1257,-1339,-1138,-699,-115,475,939,1195,1189,928,484,-39,-540,-915,-1070,-997,-731,-321,141,552,829,926,832,574,214,-173,-508,-719,-787,-707,-499,-209,98,366,551,632,608,491,311,116,-61,-197,0,0,0,0,0,123,-38,-220,-404,-552,-625,-595,-452,-212,82,380,636,784,781,625,339,-24,-402,-720,-900,-894,-702,-358,72,510,853,1016,969,710,278,-218,-687,-1025,-1143,-1009,-647,-129,425,901,1190,1229,986,514,-79,-660,-1108,-1321,-1248,-894,-324,321,903,1293,1384,1165,694,58,-600,-1129,-1406,-1362,-1016,-432,247,863,1284,1424,1237,776,136,-530,-1066,-1353,-1330,-1001,-454,189,785,1187,1304,1119,679,84,-515,-979,-1209,-1145,-813,-298,285,791,1091,1125,878,426,-120,-640,-997,-1102,-942,-550,-19,522,928,1106,1018,679,164,-402,-872,-1133,-1129,-852,-362,218,759,1127,1228,1036,597,7,-593,-1048,-1259,-1182,0,-249,375,912,1241,1276,1004,489,-144,-744,-1172,-1316,-1143,-699,-84,560,1072,1327,1263,894,312,-351,-937,-1308,-1368,-1101,-556,123,770,1247,1436,1282,822,164,-533,-1100,-1420,-1404,-1060,-470,240,897,1334,1445,1218,709,43,-629,-1156,-1394,-1297,-893,-281,384,952,1279,1298,1008,471,-169,-756,-1146,-1254,-1063,-611,-11,583,1025,1205,1092,724,182,-408,-883,-1130,-1104,-811,-327,227,719,1026,1074,869,448,-80,-567,-910,-1024,-878,-520,-50,420,776,935,860,562,134,-316,-685,-869,-818,-565,-170,267,631,826,804,576,195,-243,-620,-838,-844,-631,-247,204,613,876,920,727,351,-129,-589,-909,-1009,-865,0,0
61365,mtk,MTK 7916,861752236,rx2-tx1,512,0,0,0,1061,1160,979,558,3,-556,-993,-1198,-1122,-781,-265,316,829,1154,1204,971,518,-61,-624,-1030,-1191,-1073,-701,-168,398,860,1109,1091,815,350,-195,-692,-1006,-1067,-873,-471,38,529,886,1016,893,546,55,-443,-819,-988,-912,-603,-137,367,776,1001,982,712,249,-279,-735,-1015,-1045,-817,-390,146,654,1003,1106,933,530,-3,-543,-955,-1135,-1040,-684,-149,426,900,1155,1134,839,329,-276,-823,-1171,-1246,-1023,-551,64,673,1135,1332,1219,823,221,-438,-994,-1325,-1352,-1075,-547,120,748,1198,1380,1251,831,219,-434,-980,-1304,-1323,-1039,-533,92,694,1121,1277,1146,766,221,-364,-845,-1133,-1148,-898,-450,0,570,908,1020,896,569,119,-345,-701,-870,-820,-576,-207,205,558,754,752,563,233,-151,-488,-695,-721,-559,-252,118,458,680,722,580,279,-109,-476,-724,-795,-655,-341,67,484,803,927,822,510,58,-426,-829,-1067,-1070,-807,-347,209,737,1118,1260,1114,702,124,-490,-1007,-1309,-1316,-1037,-526,119,740,1213,1425,1320,927,327,-348,-946,-1351,-1467,-1259,-790,-159,507,1063,1391,1422,1148,642,30,-585,-1072,-1314,-1280,-989,-500,66,595,976,1140,1066,778,337,-151,-577,-864,-962,-849,-570,-195,203,549,761,802,680,433,117,-203,-474,-643,-678,-590,-409,-167,90,300,441,503,479,383,251,115,0,0,0,0,0,374,299,163,-27,-237,-430,-571,-628,-574,-415,-181,102,372,572,665,629,472,214,-93,-381,-594,-688,-626,-431,-144,184,474,658,702,588,337,2,-344,-619,-751,-717,-513,-194,179,528,755,810,695,416,28,-366,-685,-853,-823,-605,-249,175,562,824,912,787,472,48,-392,-745,-923,-893,-652,-252,199,607,883,956,812,479,31,-428,-786,-955,-898,-648,-242,225,629,882,932,768,408,-47,-474,-787,-923,-842,-553,-133,321,693,905,905,686,301,-158,-580,-866,-953,-815,-487,-41,412,771,946,902,650,250,-212,-627,-887,-935,-773,-433,21,463,781,916,841,561,147,-293,-663,-875,0,-662,-300,131,533,807,885,754,444,32,-385,-701,-838,-774,-529,-152,249,582,773,772,564,224,-172,-530,-753,-776,-608,-279,124,503,767,844,712,396,-20,-438,-760,-900,-824,-542,-124,331,706,908,897,671,282,-184,-606,-871,-923,-747,-391,63,497,811,926,809,483,41,-416,-777,-944,-873,-584,-145,338,741,957,948,702,276,-221,-678,-971,-1025,-831,-436,76,585,956,1092,972,611,93,-447,-894,-1123,-1085,-800,-319,249,764,1095,1176,977,552,-9,-565,-980,-1163,-1078,-734,-217,345,822,1092,1106,858,399,-147,-649,-999,-1107,-947,-555,-23,508,909,1086,1003,681,185,-356,-813,-1079,0,0,0,0,0,-451,105,643,1036,1186,1067,694,136,-454,-930,-1191,-1177,-892,-402,185,728,1088,1194,1023,611,53,-510,-947,-1152,-1088,-765,-262,293,770,1062,1092,855,421,-101,-594,-941,-1043,-876,-506,-19,475,844,997,895,568,98,-401,-801,-998,-940,-649,-187,333,774,1015,1012,763,321,-214,-706,-1014,-1077,-884,-469,72,598,982,1123,994,616,81,-481,-926,-1143,-1078,-752,-241,349,858,1162,1190,929,429,-188,-766,-1165,-1294,-1126,-690,-82,566,1085,1347,1308,964,396,-268,-874,-1278,-1389,-1171,-686,-49,597,1103,1355,1299,938,369,-277,-850,-1227,-1325,-1117,-662,-64,533,998,1221,1163,845,347,-209,-709,-1027,0,-907,-525,-32,444,783,926,856,579,165,-270,-623,-807,-784,-567,-212,190,524,713,722,553,238,-134,-465,-675,-713,-560,-256,109,451,691,749,597,293,-91,-465,-751,-853,-730,-417,13,470,840,1013,949,662,196,-332,-808,-1120,-1178,-963,-524,55,637,1085,1305,1234,881,326,-315,-895,-1282,-1388,-1196,-728,-90,568,1105,1406,1405,1108,563,-107,-757,-1240,-1453,-1369,-997,-417,241,839,1267,1419,1263,852,289,-323,-846,-1174,-1242,-1058,-668,-158,367,781,1014,1033,834,469,33,-382,-704,-870,-841,-642,-326,40,376,622,735,695,524,268,-28,-298,-498,-599,-588,-488,-320,-122,70,227,319,344,0,0,0,0,0,227,375,483,540,518,405,214,-27,-278,-491,-624,-645,-551,-347,-71,221,479,644,667,554,326,26,-285,-537,-677,-669,-516,-242,96,416,641,731,656,428,92,-270,-578,-768,-781,-608,-303,80,454,729,847,776,522,147,-268,-631,-856,-880,-705,-366,63,475,790,923,834,564,158,-295,-685,-918,-931,-733,-370,85,517,836,964,861,559,129,-324,-702,-921,-931,-717,-341,117,545,838,933,805,488,52,-397,-750,-920,-868,-621,-221,242,642,891,935,757,392,-65,-505,-824,-957,-870,-572,-147,306,693,926,931,711,333,-123,-549,-840,-931,-801,-486,-62,380,727,900,864,619,230,0,-603,-849,-895,-721,-381,42,450,750,868,779,497,104,-301,-634,-807,-767,-536,-180,214,559,759,764,581,251,-154,-526,-761,-808,-651,-333,84,487,774,876,763,464,50,-387,-734,-910,-869,-614,-200,256,650,885,905,712,337,-118,-548,-849,-932,-781,-442,5,445,783,933,843,543,106,-370,-755,-951,-913,-648,-214,287,715,969,985,765,356,-151,-629,-957,-1065,-905,-514,5,527,931,1121,1043,713,209,-362,-849,-1129,-1147,-903,-439,134,673,1051,1182,1038,648,107,-452,-898,-1132,-1102,-807,-319,239,740,1058,1114,897,475,-55,-573,-950,-1096,-979,-625,-115,427,864,1087,1044,749,279,0,0
61366,mtk,MTK 7916,861806068,rx0-tx0,512,-330,-764,-671,-484,-680,-823,-883,-859,-764,-600,-377,-130,123,376,592,750,840,860,796,667,484,257,-1,-243,-468,-664,-786,-853,-840,-747,-594,-394,-150,111,366,584,752,850,883,833,701,509,265,-5,-254,-504,-706,-834,-890,-857,-761,-588,-362,-111,152,397,610,774,855,864,789,657,477,235,-13,-267,-489,-666,-786,-836,-825,-731,-578,-365,-128,129,371,586,748,832,838,772,650,447,213,-41,-290,-501,-679,-782,-807,-764,-661,-492,-280,-41,195,395,564,684,730,717,640,506,338,149,-63,-255,-425,-561,-639,-665,-628,-540,-406,-245,-56,126,297,452,556,612,621,571,474,341,173,-12,-26,-357,-493,-587,-628,-616,-546,-428,-270,-85,102,284,443,571,640,651,606,499,346,153,-48,-248,-423,-567,-658,-683,-642,-546,-401,-210,2,213,400,547,648,689,664,581,435,252,48,-170,-353,-516,-636,-680,-679,-610,-477,-311,-85,132,334,512,640,705,717,638,497,305,82,-139,-359,-540,-655,-707,-691,-590,-435,-234,-3,217,411,554,623,633,579,448,273,94,-99,-266,-382,-459,-473,-447,-384,-280,-163,-30,83,179,258,311,319,294,252,203,131,44,-28,-100,-160,-202,-226,-231,-208,-172,-128,-72,-2,66,126,175,210,218,202,160,88,8,-69,-140,-181,-186,-157,-101,-294,-468,510,368,-345,-97,-52,21,100,170,209,227,203,157,96,4,-77,-147,-220,-269,-281,-269,-231,-172,-87,7,106,208,298,354,381,378,324,234,122,-13,-168,-315,-440,-532,-559,-544,-456,-320,-133,78,291,485,650,737,753,685,543,327,78,-201,-473,-703,-861,-925,-897,-770,-560,-269,56,357,648,877,1008,1043,951,771,512,189,-164,-487,-758,-968,-1068,-1071,-942,-733,-455,-119,217,529,801,976,1069,1033,914,699,420,105,-222,-523,-773,-942,-1026,-1009,-900,-707,-442,-128,182,483,727,907,992,994,890,714,463,178,-122,-419,-672,-865,-970,-977,-904,-741,-509,-225,77,361,602,796,916,940,301,754,559,299,39,-240,-497,-698,-849,-917,-902,-814,-653,-434,-174,101,368,609,802,919,959,915,765,553,289,4,-292,-556,-776,-925,-985,-944,-838,-654,-415,-125,167,443,694,862,972,1000,933,782,563,301,-4,-311,-594,-833,-984,-1047,-1031,-922,-719,-450,-127,200,502,768,974,1097,1110,1025,846,585,270,-83,-424,-727,-967,-1110,-1145,-1078,-913,-659,-346,3,347,654,899,1048,1112,1063,917,692,414,87,-232,-526,-773,-942,-1033,-1019,-914,-727,-485,-208,94,377,621,817,929,955,900,774,571,317,45,-241,-493,-707,-850,-910,-898,-809,-651,-428,-167,101,367,590,765,867,886,845,820,710,-82,-464,-78,-733,-569,-341,-71,197,437,642,787,854,859,781,629,420,185,-67,-313,-527,-699,-816,-851,-811,-710,-540,-317,-76,187,425,624,772,856,859,787,652,453,214,-48,-314,-547,-731,-857,-887,-850,-740,-545,-312,-47,213,456,670,803,870,857,769,624,414,169,-87,-336,-535,-709,-818,-848,-808,-689,-519,-303,-62,190,430,627,763,827,828,755,620,419,173,-84,-323,-546,-717,-810,-839,-777,-652,-471,-239,5,241,457,629,742,784,743,643,498,308,88,-126,-330,-500,-623,-693,-698,-631,-528,-369,-188,3,194,365,508,604,644,616,556,443,289,117,-68,-246,-397,-519,-597,-620,628,-514,-385,-224,-37,150,323,469,576,631,627,573,466,312,120,-77,-267,-439,-570,-651,-667,-622,-525,-379,-191,24,230,409,559,656,690,658,557,412,231,27,-176,-369,-529,-628,-686,-663,-577,-458,-275,-77,132,336,511,643,710,689,618,490,305,96,-132,-348,-522,-655,-715,-708,-627,-470,-274,-52,178,393,551,657,688,643,538,361,162,-45,-247,-418,-518,-565,-551,-464,-352,-212,-56,90,229,322,383,395,367,312,235,134,30,-61,-137,-204,-255,-266,-254,-232,-185,-125,-61,7,76,128,174,208,219,206,173,126,59,-16,-90,-157,-200,-210,-195,-152,-77,2,74,126,-821,-743,-82,-846,179,119,171,190,176,125,55,-26,-110,-170,-226,-251,-235,-208,-159,-75,13,103,182,252,299,317,312,274,202,102,-4,-129,-255,-358,-429,-470,-461,-394,-290,-133,38,217,395,537,635,662,623,522,342,110,-139,-380,-599,-760,-841,-845,-742,-562,-307,-19,283,559,793,957,994,939,791,540,233,-107,-443,-718,-934,-1054,-1058,-946,-754,-477,-141,208,538,786,979,1073,1053,938,715,434,102,-233,-535,-800,-964,-1049,-1025,-904,-689,-420,-107,209,501,745,931,1008,993,891,701,446,153,-158,-448,-698,-888,-978,-983,-892,-723,-490,-202,96,387,641,836,947,962,884,735,529,259,-27,-176,-551,-752,-875,-921,-901,-781,-600,-369,-98,176,431,659,821,919,929,865,719,507,242,-37,-330,-595,-795,-932,-986,-944,-816,-614,-354,-55,240,511,739,905,984,967,881,712,482,218,-82,-379,-643,-844,-974,-1034,-986,-862,-651,-373,-71,239,540,793,984,1089,1080,981,790,528,211,-130,-453,-744,-967,-1103,-1145,-1068,-896,-634,-308,43,391,697,934,1083,1136,1074,918,671,375,45,-292,-595,-834,-1001,-1069,-1037,-923,-722,-456,-149,170,460,705,880,984,997,913,753,533,256,-28,-309,-556,-762,-888,-944,-911,-791,-610,-368,-103,171,427,646,806,892,898,827,675,470,212,-49,-309,-406,-580
61367,mtk,MTK 7916,861806068,rx0-tx1,512,-686,885,116,-686,-699,-652,-533,-369,-180,33,230,402,548,632,650,610,527,390,221,43,-145,-305,-433,-528,-572,-573,-530,-434,-313,-157,2,160,296,417,500,544,552,504,418,306,156,1,-167,-318,-434,-530,-577,-580,-539,-443,-306,-142,36,219,388,529,620,660,642,567,435,260,70,-148,-344,-513,-633,-698,-704,-639,-517,-347,-146,68,287,471,617,708,722,685,577,414,220,2,-209,-406,-568,-666,-714,-694,-608,-464,-283,-84,130,327,497,613,675,684,626,517,357,167,-44,-241,-407,-552,-640,-671,-646,-561,-419,-242,-45,156,343,498,602,659,658,586,471,301,108,-93,-276,-438,-38,-641,-655,-606,-499,-337,-157,40,239,416,553,634,652,621,526,379,196,-1,-199,-380,-528,-626,-654,-622,-530,-396,-219,-24,169,357,506,598,634,604,526,395,224,27,-158,-322,-461,-544,-582,-569,-492,-378,-230,-65,117,275,401,491,528,528,476,375,241,91,-62,-210,-335,-432,-481,-480,-456,-374,-259,-131,8,156,275,384,460,469,452,390,278,143,4,-149,-286,-380,-445,-462,-424,-347,-245,-112,29,170,286,362,412,416,368,291,176,51,-78,-199,-291,-349,-373,-352,-293,-206,-94,30,145,236,303,329,314,256,168,57,-60,-167,-245,-279,-266,-205,-115,-6,87,157,820,888,0,311,-862,151,183,177,138,60,-24,-113,-184,-226,-244,-218,-163,-90,3,91,162,213,242,242,223,171,100,18,-70,-147,-204,-235,-244,-229,-186,-119,-49,21,93,150,191,206,204,183,150,95,45,-4,-53,-90,-112,-129,-145,-163,-152,-144,-123,-77,-41,17,68,110,158,187,219,220,198,152,97,19,-54,-120,-183,-217,-243,-254,-224,-186,-121,-46,22,85,150,210,240,263,256,236,184,122,56,-31,-120,-195,-256,-304,-312,-298,-259,-206,-115,-15,89,186,274,335,361,355,314,245,150,32,-82,-190,-281,-352,-385,-390,-357,-293,-199,-83,43,161,270,359,414,427,403,341,-48,143,17,-124,-247,-353,-425,-462,-459,-418,-329,-211,-79,69,218,351,455,514,528,489,401,288,125,-45,-201,-352,-470,-536,-560,-531,-446,-329,-176,-18,145,302,422,513,557,554,500,410,283,114,-56,-216,-366,-488,-578,-601,-578,-505,-389,-234,-55,128,313,465,573,648,656,605,502,346,164,-38,-240,-430,-582,-680,-718,-699,-611,-454,-261,-36,191,409,584,710,768,750,671,518,319,90,-149,-372,-565,-698,-769,-761,-686,-560,-369,-144,89,300,489,636,722,741,695,582,421,217,-1,-223,-418,-581,-686,-733,-710,-616,-478,-288,-67,149,357,523,652,715,711,644,507,330,628,718,9,-260,410,-158,58,263,450,580,661,681,632,540,393,200,1,-191,-363,-503,-583,-617,-595,-517,-409,-259,-94,70,228,359,466,539,561,533,460,361,227,82,-80,-238,-362,-468,-538,-563,-547,-471,-366,-230,-66,96,261,406,523,595,621,593,510,377,207,17,-181,-362,-521,-626,-685,-685,-609,-484,-311,-111,107,319,500,632,705,719,667,548,386,180,-35,-245,-444,-594,-691,-720,-685,-595,-442,-252,-48,173,371,533,641,696,687,613,487,312,123,-82,-280,-450,-584,-662,-683,-628,-535,-390,-199,-2,198,375,519,615,663,648,574,440,273,88,-119,-311,-470,-587,-651,-654,-596,-488,634,-140,63,259,435,564,634,658,612,509,357,168,-26,-216,-393,-535,-623,-651,-620,-532,-395,-215,-12,188,367,511,608,639,616,534,393,223,30,-162,-336,-484,-580,-616,-587,-511,-382,-223,-51,133,297,425,518,562,551,480,375,235,75,-84,-245,-375,-465,-509,-502,-452,-366,-253,-108,34,175,309,393,454,477,449,380,282,145,-2,-137,-277,-384,-446,-468,-450,-373,-265,-134,18,168,285,379,428,438,402,320,211,87,-57,-181,-285,-357,-390,-385,-336,-249,-142,-17,111,214,295,341,345,309,239,142,26,-93,-193,-270,-310,-303,-251,-158,-47,67,159,219,228,191,118,367,168,0,645,-75,72,0,-80,-152,-202,-217,-201,-144,-69,23,114,182,233,252,236,191,131,49,-35,-119,-189,-233,-253,-243,-205,-148,-75,1,82,158,209,231,230,206,162,105,41,-22,-75,-126,-158,-167,-168,-161,-135,-108,-77,-48,-1,44,80,128,152,172,189,176,163,123,75,16,-52,-117,-174,-222,-251,-240,-217,-169,-101,-40,43,111,164,218,243,248,236,207,147,84,16,-60,-128,-196,-236,-268,-284,-265,-223,-165,-82,12,102,186,266,325,347,338,297,227,126,18,-93,-194,-282,-348,-383,-378,-343,-273,-175,-59,58,176,276,355,395,406,380,323,224,101,-23,-144,-253,-1135,-409,-441,-433,-377,-291,-176,-46,96,235,360,439,488,495,457,375,253,105,-57,-221,-356,-468,-541,-543,-507,-430,-300,-152,13,184,335,454,536,559,546,475,363,222,62,-100,-262,-391,-506,-567,-573,-540,-461,-344,-179,1,178,343,481,580,623,617,555,442,295,116,-88,-277,-450,-580,-661,-686,-655,-558,-406,-211,-3,216,423,588,696,747,730,641,488,290,55,-175,-395,-577,-705,-772,-765,-683,-540,-343,-118,126,341,528,674,751,749,686,564,388,180,-39,-258,-448,-605,-702,-737,-704,-607,-455,-255,-39,192,389,550,670,721,712,636,498,313,91,-122,-331,-502,-636,-346,31
61368,mtk,MTK 7916,861806068,rx1-tx0,512,0,-3,-1037,-405,-272,-107,74,249,402,531,612,647,633,550,422,253,47,-162,-362,-537,-664,-741,-752,-700,-572,-388,-170,84,332,560,746,853,884,832,694,497,239,-45,-327,-588,-798,-931,-977,-921,-794,-584,-302,2,310,592,811,965,1018,976,832,615,349,48,-256,-537,-770,-924,-994,-969,-861,-680,-426,-153,144,427,673,854,960,969,896,752,531,262,-31,-315,-585,-783,-918,-981,-935,-804,-600,-336,-49,251,511,732,878,957,932,816,631,394,124,-156,-427,-654,-809,-891,-891,-808,-656,-427,-162,113,364,577,732,814,825,755,617,419,189,-49,-286,-472,-620,-704,-714,-667,-567,-417,-277,-46,157,337,472,556,590,591,535,425,291,132,-32,-178,-326,-444,-518,-545,-535,-479,-388,-268,-119,47,206,347,455,525,548,529,471,362,223,72,-88,-246,-394,-499,-554,-575,-541,-474,-362,-212,-33,140,312,471,593,657,665,606,499,344,136,-79,-310,-508,-669,-772,-783,-738,-606,-404,-163,118,382,610,776,862,861,779,593,347,84,-218,-485,-685,-818,-859,-806,-669,-474,-220,53,304,522,675,750,756,673,526,322,94,-123,-319,-485,-598,-650,-630,-539,-392,-216,-19,177,345,465,530,543,497,392,241,62,-108,-275,-402,-470,-472,-409,-290,-127,47,203,301,335,295,345,308,0,-580,784,56,38,13,-15,-45,-73,-96,-99,-94,-78,-45,-6,21,56,90,114,127,128,107,81,48,12,-36,-81,-117,-144,-159,-155,-147,-109,-64,-20,40,87,141,182,216,218,211,172,115,44,-31,-110,-192,-262,-311,-328,-301,-252,-174,-63,61,192,302,383,444,444,391,304,172,7,-158,-307,-434,-511,-526,-492,-398,-265,-101,72,244,401,492,541,538,468,351,207,41,-129,-287,-417,-485,-521,-490,-413,-298,-153,-1,158,283,381,435,449,418,347,248,132,15,-101,-194,-273,-322,-341,-332,-299,-251,-190,-112,-25,64,147,219,276,324,340,328,297,229,149,57,-64,-171,489,-368,-420,-429,-399,-338,-240,-125,22,170,296,407,460,495,478,409,303,170,14,-150,-293,-421,-499,-538,-534,-476,-371,-230,-65,101,270,409,516,565,566,521,424,295,128,-59,-229,-377,-496,-571,-584,-552,-475,-357,-199,-29,146,306,429,526,570,578,527,432,305,150,-26,-189,-348,-473,-561,-612,-602,-544,-439,-289,-111,85,284,460,598,681,703,657,549,388,175,-46,-269,-467,-629,-720,-746,-699,-581,-407,-193,38,264,455,602,676,696,647,546,389,202,18,-167,-336,-473,-558,-602,-578,-517,-416,-273,-118,46,195,330,433,508,543,531,472,383,261,115,-44,-195,-348,-339,-604,0,354,483,418,524,592,602,556,469,341,172,-3,-200,-383,-533,-645,-702,-692,-625,-497,-321,-113,116,345,557,705,803,827,771,647,445,197,-66,-340,-582,-777,-902,-936,-885,-756,-538,-268,34,327,585,813,956,1002,962,819,603,329,18,-298,-578,-798,-945,-1007,-977,-858,-652,-386,-89,216,488,730,888,967,973,881,715,480,209,-86,-357,-614,-816,-945,-977,-928,-784,-569,-318,-25,278,543,764,908,969,934,815,621,372,93,-205,-469,-689,-846,-922,-913,-818,-643,-414,-152,124,381,609,778,863,858,777,631,423,179,-80,-323,-528,-676,-759,-777,-718,-593,-428,-207,14,220,403,554,315,664,634,546,413,248,73,-98,-268,-403,-496,-558,-560,-532,-458,-340,-196,-42,113,264,388,480,533,543,507,430,312,172,10,-148,-302,-432,-511,-557,-556,-511,-418,-277,-130,29,191,341,471,564,604,595,541,439,273,85,-118,-311,-481,-624,-705,-719,-670,-549,-386,-155,87,319,546,709,821,847,777,612,391,123,-151,-429,-673,-815,-884,-872,-738,-541,-292,-1,278,512,693,801,814,743,598,390,156,-89,-317,-507,-643,-699,-679,-597,-454,-269,-61,152,339,482,565,595,558,459,315,142,-40,-215,-360,-467,-511,-497,-426,-291,-124,48,211,344,414,417,340,214,64,-73,-32,160,0,-386,424,-33,-58,-71,-77,-72,-57,-27,3,32,62,90,96,97,97,75,43,7,-37,-75,-102,-121,-133,-134,-120,-93,-52,0,41,84,125,150,176,181,172,139,95,35,-33,-101,-175,-227,-253,-265,-251,-220,-153,-68,41,143,237,321,373,384,357,280,184,53,-106,-242,-362,-455,-497,-480,-411,-295,-137,31,199,354,469,538,540,500,386,230,61,-112,-278,-409,-496,-539,-517,-452,-327,-182,-19,151,289,404,471,493,458,374,270,134,1,-139,-247,-328,-374,-389,-365,-310,-239,-145,-51,44,137,210,266,299,309,306,280,234,173,95,-7,-101,-195,-275,-330,-377,-386,-350,-571,-202,-88,45,166,283,372,438,474,446,381,269,137,2,-158,-298,-411,-485,-524,-504,-445,-340,-193,-41,124,283,416,513,555,551,499,394,255,89,-76,-247,-392,-505,-577,-585,-538,-450,-321,-151,18,180,333,462,553,585,569,496,389,249,86,-90,-259,-400,-506,-573,-591,-559,-487,-363,-220,-47,133,307,461,581,644,655,606,504,352,161,-57,-271,-462,-617,-708,-729,-686,-575,-403,-186,41,271,470,624,715,737,684,568,393,189,-25,-229,-402,-540,-614,-637,-608,-525,-394,-236,-59,120,265,403,500,555,557,516,438,328,193,38,-123,-263,-383,-482,-538,-549,-517,-445,607,342
61369,mtk,MTK 7916,861806068,rx1-tx1,512,0,0,0,84,363,569,650,586,386,99,-211,-473,-629,-647,-526,-289,11,300,522,624,583,417,157,-133,-381,-535,-568,-476,-263,15,274,463,545,490,318,87,-175,-402,-526,-524,-387,-161,98,344,504,548,465,265,0,-261,-469,-571,-536,-374,-127,163,421,582,613,504,281,-10,-302,-526,-628,-594,-426,-162,139,413,584,624,531,319,21,-278,-499,-611,-579,-412,-154,140,391,560,602,500,285,4,-279,-498,-610,-584,-415,-151,133,401,579,615,523,317,33,-253,-477,-600,-594,-454,-216,59,321,509,586,537,364,113,-152,-378,-516,-544,-456,-263,-18,216,384,470,461,345,150,-63,0,-353,-394,-339,-205,-38,133,262,321,285,181,47,-99,-223,-281,-266,-172,-25,119,246,310,290,199,55,-118,-271,-367,-380,-297,-143,57,261,411,466,426,282,71,-165,-384,-528,-545,-443,-254,5,274,494,612,592,451,201,-94,-373,-586,-677,-622,-427,-134,185,471,674,730,632,405,82,-262,-560,-737,-764,-630,-370,-31,319,603,761,771,626,355,8,-332,-604,-763,-760,-607,-348,-14,313,559,698,698,559,313,9,-279,-499,-621,-621,-504,-287,-27,223,417,525,534,437,256,34,-185,-357,-449,-456,-391,-254,-79,97,252,353,390,362,279,160,31,-89,-184,-239,-252,-226,0,0,0,0,0,-106,3,131,268,388,469,479,408,272,87,-135,-359,-528,-617,-603,-474,-255,14,295,529,677,700,586,358,64,-255,-531,-701,-733,-623,-392,-72,277,560,732,766,632,358,10,-348,-637,-802,-789,-608,-301,76,454,736,864,807,578,214,-195,-568,-823,-904,-810,-537,-141,290,664,894,924,763,439,13,-412,-752,-926,-897,-675,-305,129,536,825,934,837,560,146,-309,-691,-910,-932,-741,-384,53,481,808,962,896,632,220,-256,-674,-945,-1010,-854,-502,-29,459,850,1061,1046,792,365,-144,-644,-1013,-1159,-1060,-738,-249,299,785,1101,1196,1025,639,121,-419,-875,-1152,-1179,-949,-529,0,570,966,1154,1093,803,335,-213,-704,-1036,-1138,-981,-602,-96,425,851,1088,1084,841,400,-139,-642,-1002,-1144,-1031,-689,-195,349,818,1110,1162,948,530,-6,-535,-951,-1155,-1107,-823,-355,194,693,1027,1139,1003,642,146,-378,-810,-1053,-1059,-826,-421,72,539,868,992,889,587,149,-318,-698,-919,-932,-709,-326,122,552,861,965,845,536,102,-363,-746,-961,-968,-756,-374,90,537,865,998,913,636,214,-256,-657,-902,-951,-792,-475,-56,364,698,876,855,640,301,-88,-442,-682,-764,-676,-441,-114,224,505,656,647,490,224,-86,-362,-539,-589,-496,-280,0,277,484,575,529,355,90,-203,0,0,0,0,0,-628,-521,-293,3,299,530,655,635,470,201,-103,-387,-585,-648,-557,-354,-86,213,460,584,575,444,210,-73,-326,-500,-556,-480,-290,-32,226,430,532,503,355,123,-140,-372,-514,-530,-428,-223,50,308,495,564,500,319,62,-215,-455,-588,-587,-449,-198,95,368,562,633,565,367,80,-228,-479,-624,-631,-491,-247,55,338,541,623,566,371,94,-197,-449,-595,-596,-457,-215,76,350,541,612,539,347,78,-216,-461,-600,-607,-485,-249,53,338,537,617,571,403,141,-149,-404,-565,-591,-495,-298,-32,239,448,556,547,408,187,-67,-294,-454,-517,-464,-316,-101,127,311,420,436,0,185,-7,-191,-315,-355,-316,-206,-43,114,234,289,268,172,32,-112,-226,-287,-276,-187,-43,124,262,334,326,241,89,-94,-269,-387,-418,-351,-203,1,219,401,504,490,366,166,-84,-340,-522,-586,-531,-356,-101,187,442,606,654,549,313,10,-292,-538,-679,-679,-527,-260,68,387,631,749,707,520,217,-133,-449,-679,-783,-721,-509,-191,164,491,714,789,715,501,186,-162,-470,-686,-756,-674,-470,-178,146,424,614,679,610,426,167,-121,-369,-535,-592,-535,-380,-155,88,300,452,511,464,331,150,-48,-229,-358,-421,-409,-323,-187,-27,128,246,317,339,309,241,149,55,-27,0,0,0,0,0,-296,-350,-359,-312,-211,-62,125,307,457,550,557,466,293,60,-197,-430,-596,-664,-616,-441,-178,121,406,623,721,675,502,231,-87,-402,-645,-752,-712,-526,-219,128,453,695,790,715,482,148,-223,-560,-778,-832,-718,-447,-70,327,663,862,874,708,390,-26,-437,-750,-917,-882,-658,-293,139,547,833,944,848,559,155,-286,-660,-891,-922,-756,-426,0,424,762,932,889,651,270,-175,-586,-868,-949,-816,-511,-83,370,743,957,961,741,351,-124,-583,-913,-1043,-943,-645,-193,317,760,1047,1114,936,553,52,-473,-912,-1152,-1147,-906,-459,91,615,1012,1204,1133,809,312,-236,-727,-1073,0,-1030,-658,-153,389,836,1093,1119,894,474,-43,-558,-943,-1115,-1040,-728,-254,280,760,1063,1123,940,540,19,-505,-924,-1143,-1110,-835,-367,182,696,1053,1173,1044,689,189,-360,-833,-1113,-1145,-921,-498,23,531,920,1103,1042,752,301,-210,-667,-965,-1035,-862,-502,-38,419,777,955,911,649,229,-236,-643,-904,-957,-787,-434,18,473,825,979,908,645,233,-233,-647,-924,-994,-844,-507,-61,400,772,960,938,725,351,-92,-514,-815,-924,-835,-578,-195,218,573,791,823,674,387,22,-332,-596,-718,-674,-476,-173,149,429,598,618,490,259,-36,-319,-515,-583,-510,-313,-44,238,468,585,562,0,0
61370,mtk,MTK 7916,861806068,rx2-tx0,512,0,0,0,361,829,1127,1182,966,519,-54,-624,-1069,-1284,-1221,-886,-351,271,838,1226,1350,1168,728,118,-515,-1034,-1327,-1323,-1024,-498,142,751,1190,1360,1219,809,224,-418,-965,-1290,-1325,-1049,-538,89,701,1148,1327,1215,821,236,-403,-947,-1272,-1308,-1041,-538,93,693,1128,1306,1188,797,226,-389,-906,-1213,-1242,-988,-505,89,647,1051,1209,1087,708,166,-406,-876,-1128,-1116,-842,-369,189,699,1047,1140,950,539,6,-535,-955,-1150,-1069,-729,-218,348,845,1158,1197,946,481,-100,-675,-1097,-1269,-1156,-776,-214,400,936,1261,1307,1057,569,-50,-664,-1135,-1357,-1278,-914,-331,317,895,1272,1369,1168,701,80,-553,0,-1345,-1318,-1004,-460,183,780,1206,1357,1200,770,173,-460,-994,-1306,-1321,-1039,-522,116,737,1195,1381,1257,849,257,-406,-984,-1346,-1422,-1174,-657,4,671,1197,1467,1415,1045,445,-255,-896,-1352,-1516,-1345,-885,-229,480,1082,1458,1513,1244,704,7,-686,-1231,-1510,-1456,-1089,-495,200,854,1319,1497,1353,914,281,-410,-1009,-1380,-1449,-1218,-731,-92,558,1091,1394,1397,1107,589,-39,-653,-1126,-1363,-1315,-1002,-489,115,673,1083,1272,1195,883,411,-128,-627,-989,-1139,-1053,-764,-339,134,564,862,980,907,659,297,-107,-467,-722,-837,-796,-609,-322,4,318,557,687,695,593,410,186,-42,-236,-368,-425,-416,0,0,0,0,0,-420,-410,-341,-196,5,235,456,623,700,666,513,260,-56,-387,-662,-821,-835,-697,-412,-30,368,710,919,955,807,485,53,-403,-797,-1036,-1065,-884,-505,-14,494,918,1165,1170,930,496,-59,-618,-1060,-1283,-1238,-927,-427,169,741,1166,1355,1253,886,327,-313,-892,-1292,-1416,-1239,-798,-186,458,1013,1358,1415,1169,672,35,-596,-1102,-1376,-1348,-1029,-498,132,725,1157,1328,1204,822,268,-339,-859,-1173,-1221,-1000,-564,-9,541,956,1150,1078,762,272,-268,-739,-1043,-1101,-890,-479,40,550,940,1110,1020,686,198,-335,-807,-1100,-1135,-915,-479,72,611,1028,1217,1125,789,271,-322,-852,-1194,-1260,-1047,0,-17,575,1046,1278,1219,897,366,-251,-815,-1198,-1311,-1122,-686,-87,534,1039,1315,1292,968,423,-217,-813,-1237,-1386,-1228,-782,-158,503,1060,1389,1406,1110,556,-121,-768,-1244,-1450,-1341,-924,-301,384,983,1355,1425,1182,676,20,-633,-1135,-1379,-1304,-942,-374,268,844,1219,1307,1099,647,51,-548,-1016,-1245,-1174,-843,-325,268,789,1118,1190,988,555,1,-538,-945,-1135,-1064,-748,-260,278,738,1023,1066,865,466,-31,-505,-856,-1003,-906,-601,-169,293,680,891,886,670,300,-140,-541,-797,-849,-698,-383,29,436,732,845,757,486,82,-347,-692,-873,-846,-611,-223,228,638,904,954,781,419,-52,-522,0,0,0,0,0,-1077,-801,-340,220,746,1118,1251,1106,707,141,-458,-970,-1280,-1304,-1038,-539,79,692,1152,1353,1258,881,309,-334,-902,-1274,-1359,-1137,-659,-37,590,1087,1343,1288,939,379,-254,-831,-1227,-1340,-1138,-686,-74,557,1057,1311,1268,930,379,-250,-828,-1217,-1322,-1130,-681,-77,542,1027,1274,1228,906,378,-237,-792,-1145,-1237,-1047,-619,-50,528,969,1176,1108,781,268,-298,-785,-1090,-1130,-897,-455,92,623,1007,1145,1011,640,112,-447,-907,-1160,-1136,-839,-346,229,765,1137,1245,1063,630,49,-541,-1021,-1282,-1250,-929,-392,235,812,1217,1347,1180,749,145,-498,-1024,-1324,-1339,-1057,-538,112,735,1186,1375,1255,0,270,-388,-944,-1289,-1349,-1106,-619,4,633,1116,1343,1269,915,349,-295,-878,-1265,-1366,-1157,-691,-67,582,1108,1385,1350,1018,453,-216,-845,-1296,-1462,-1301,-859,-223,470,1062,1431,1487,1215,675,-19,-706,-1236,-1508,-1454,-1071,-461,245,905,1365,1534,1373,912,255,-448,-1051,-1430,-1504,-1252,-722,-41,638,1177,1455,1416,1075,516,-151,-787,-1251,-1450,-1332,-933,-348,309,902,1300,1417,1237,816,236,-381,-923,-1267,-1336,-1130,-709,-161,404,879,1159,1201,1003,614,118,-382,-784,-1020,-1047,-866,-531,-97,336,683,881,899,745,463,114,-243,-542,-731,-775,-686,-488,-219,68,318,498,588,584,498,356,193,32,0,0,0,0,0,-58,-223,-380,-511,-584,-570,-463,-268,-5,286,548,732,791,705,491,176,-186,-529,-788,-908,-850,-619,-258,169,573,877,1020,957,690,278,-208,-666,-1000,-1141,-1047,-730,-247,295,788,1133,1247,1093,717,183,-405,-918,-1249,-1325,-1119,-672,-76,543,1054,1344,1359,1079,569,-57,-682,-1175,-1415,-1352,-994,-436,207,814,1250,1415,1274,867,282,-364,-925,-1281,-1356,-1137,-676,-75,528,1009,1259,1226,926,429,-155,-685,-1060,-1192,-1052,-671,-147,397,850,1099,1086,821,372,-155,-645,-988,-1101,-953,-577,-72,452,881,1108,1075,801,335,-215,-726,-1082,-1196,-1030,-625,-84,483,954,1215,1205,917,429,-153,-714,0,-1273,-1142,-757,-197,407,925,1239,1274,1019,532,-77,-672,-1124,-1318,-1216,-832,-256,385,946,1292,1345,1098,610,-27,-674,-1173,-1409,-1330,-950,-362,318,933,1331,1443,1238,752,91,-587,-1135,-1426,-1392,-1062,-497,177,812,1257,1411,1257,825,213,-446,-994,-1306,-1323,-1035,-512,106,695,1126,1287,1148,747,183,-415,-912,-1184,-1183,-916,-441,134,667,1039,1165,1027,658,134,-411,-848,-1084,-1072,-813,-375,146,622,943,1040,897,546,82,-396,-770,-949,-900,-646,-242,211,598,836,866,685,343,-81,-481,-757,-848,-730,-429,-23,392,716,865,805,543,144,-295,-673,-892,-903,-693,-313,151,596,911,1013,880,0,0
61371,mtk,MTK 7916,861806068,rx2-tx1,512,0,0,0,-1000,-1163,-1062,-717,-218,336,828,1133,1191,987,565,18,-534,-977,-1197,-1145,-851,-365,196,709,1062,1170,1025,653,130,-410,-847,-1090,-1087,-835,-400,114,600,939,1053,924,585,108,-394,-784,-986,-961,-698,-267,222,648,926,982,806,431,-60,-541,-898,-1042,-943,-630,-159,359,798,1051,1063,828,398,-130,-631,-994,-1124,-984,-629,-125,421,876,1130,1119,848,379,-194,-727,-1093,-1211,-1059,-668,-108,489,984,1266,1266,978,475,-145,-753,-1196,-1381,-1259,-858,-264,378,936,1301,1388,1175,705,77,-560,-1065,-1344,-1332,-1033,-517,108,702,1141,1325,1225,866,331,-264,-791,-1138,-1226,-1046,-660,-144,384,806,0,1053,822,425,-50,-491,-798,-922,-835,-555,-161,252,581,769,775,594,268,-115,-455,-678,-734,-608,-337,17,358,610,710,638,416,76,-291,-591,-748,-716,-509,-168,230,587,821,870,713,373,-72,-513,-872,-1052,-996,-718,-263,263,758,1109,1222,1081,710,177,-413,-933,-1267,-1335,-1121,-666,-67,557,1068,1368,1386,1119,621,-15,-654,-1161,-1434,-1413,-1108,-589,50,679,1165,1414,1394,1100,583,-33,-619,-1073,-1296,-1268,-1009,-563,-19,509,907,1115,1102,877,487,24,-415,-753,-925,-912,-723,-399,-23,337,622,772,767,623,364,55,-244,-480,-626,-662,-582,-409,-188,36,234,376,445,448,389,283,0,0,0,0,0,258,130,-32,-223,-405,-546,-611,-581,-456,-253,-2,262,489,630,661,570,369,96,-204,-466,-635,-675,-587,-378,-80,230,497,666,699,583,333,16,-316,-593,-743,-737,-573,-275,84,422,688,816,759,546,210,-189,-553,-799,-871,-765,-497,-110,302,652,870,894,722,399,-14,-430,-766,-931,-887,-653,-278,170,569,857,949,835,545,130,-310,-680,-906,-934,-761,-425,7,442,784,937,875,621,227,-204,-598,-856,-919,-774,-462,-40,386,731,918,899,674,303,-143,-567,-851,-941,-839,-550,-130,314,684,896,920,745,401,-29,-450,-770,-913,-859,-609,-219,206,583,838,905,762,448,41,0,-713,-886,-858,-633,-271,149,531,785,870,761,473,88,-313,-636,-803,-773,-568,-237,150,503,729,782,645,347,-32,-400,-691,-820,-746,-507,-136,278,628,845,870,683,334,-86,-498,-799,-922,-838,-557,-149,292,669,898,911,719,364,-83,-512,-818,-930,-825,-525,-101,347,715,920,905,674,284,-172,-596,-888,-969,-822,-479,-19,452,820,1007,965,690,250,-250,-700,-1004,-1076,-898,-523,-17,504,915,1115,1071,792,329,-227,-730,-1061,-1166,-1022,-642,-112,433,880,1134,1130,876,433,-109,-623,-988,-1131,-1017,-673,-181,345,792,1065,1089,858,432,-92,-586,-948,-1093,-990,-656,-174,354,801,1060,0,0,0,0,0,570,45,-497,-933,-1171,-1150,-870,-392,177,701,1071,1208,1081,714,194,-373,-855,-1146,-1181,-946,-514,25,562,965,1149,1075,753,271,-256,-726,-1027,-1079,-892,-504,-2,486,854,1016,943,645,189,-301,-711,-953,-968,-751,-347,142,591,911,1022,880,524,47,-448,-844,-1050,-1009,-726,-271,244,715,1025,1095,916,521,-2,-525,-938,-1139,-1072,-746,-245,314,808,1113,1161,952,514,-55,-624,-1054,-1251,-1169,-820,-275,332,886,1253,1339,1122,664,59,-569,-1082,-1354,-1339,-1032,-495,154,764,1203,1380,1265,876,296,-339,-897,-1253,-1339,-1146,-709,-123,485,975,1241,1240,989,530,-38,-584,-986,-1160,-1076,-758,0,196,650,938,1001,847,511,66,-363,-694,-854,-811,-585,-227,173,512,715,747,596,301,-57,-395,-638,-720,-624,-376,-35,315,590,717,677,460,116,-261,-584,-778,-786,-601,-262,158,566,863,970,853,542,95,-400,-826,-1099,-1136,-908,-479,56,613,1050,1270,1234,938,421,-189,-767,-1188,-1368,-1273,-909,-344,304,893,1295,1436,1295,885,292,-358,-944,-1337,-1458,-1294,-876,-284,354,908,1283,1402,1236,836,299,-287,-803,-1143,-1237,-1096,-756,-289,225,675,958,1041,925,636,235,-182,-545,-789,-864,-764,-532,-212,136,441,651,729,670,494,245,-27,-277,-467,-570,-575,-494,-350,-178,-10,132,238,0,0,0,0,0,360,461,507,490,398,233,17,-221,-434,-582,-639,-593,-444,-205,80,349,560,669,647,494,245,-50,-344,-572,-684,-658,-489,-217,111,415,636,730,667,460,147,-206,-520,-730,-789,-684,-417,-57,317,640,823,836,671,358,-37,-435,-746,-884,-830,-612,-251,176,562,829,920,813,530,132,-307,-684,-908,-937,-766,-425,3,447,786,950,906,669,281,-168,-576,-862,-953,-832,-529,-117,327,695,901,900,697,352,-74,-490,-800,-929,-844,-566,-163,276,657,898,936,763,429,-2,-441,-780,-946,-905,-666,-281,163,573,852,935,814,519,100,-335,-687,-898,-902,-697,-348,79,490,785,902,0,544,152,-264,-628,-848,-862,-689,-375,25,419,712,836,775,531,167,-232,-577,-774,-781,-614,-301,95,458,709,802,700,426,53,-340,-666,-840,-811,-587,-231,184,569,833,903,768,456,30,-396,-738,-915,-886,-646,-254,188,588,862,931,779,451,20,-422,-762,-921,-863,-605,-200,260,656,904,943,753,383,-82,-533,-858,-996,-903,-587,-129,346,762,1016,1029,800,382,-129,-615,-972,-1119,-1002,-656,-162,376,837,1113,1140,919,488,-56,-588,-991,-1175,-1096,-778,-284,274,755,1067,1139,958,564,47,-480,-891,-1104,-1068,-776,-313,208,681,1000,1089,922,537,33,-477,-875,-1078,-1041,-760,-300,0,0
61372,mtk,MTK 7916,861836572,rx0-tx0,512,-330,-764,-482,-639,-767,-852,-887,-875,-815,-705,-549,-384,-187,27,227,410,577,711,799,848,855,805,715,591,438,265,61,-138,-331,-508,-661,-783,-853,-876,-849,-787,-675,-516,-336,-136,67,281,472,641,771,851,893,876,814,710,560,380,182,-27,-226,-424,-587,-722,-819,-866,-863,-808,-723,-594,-440,-258,-63,135,321,496,642,757,821,851,831,764,650,501,330,132,-69,-276,-454,-609,-728,-804,-834,-821,-749,-634,-486,-320,-146,50,239,406,539,644,712,741,737,671,582,462,323,177,15,-155,-299,-426,-529,-603,-647,-653,-627,-573,-483,-364,-240,-100,53,195,323,436,524,589,625,627,-26,517,423,305,172,21,-123,-267,-396,-502,-590,-632,-649,-632,-575,-477,-350,-214,-48,108,262,401,518,618,664,688,659,590,478,356,207,47,-126,-284,-426,-545,-629,-676,-690,-652,-574,-474,-348,-196,-31,138,293,436,558,645,695,705,673,591,465,327,156,-26,-206,-366,-516,-632,-697,-724,-704,-624,-512,-351,-180,8,186,346,485,583,634,638,601,520,396,254,111,-31,-159,-276,-359,-418,-433,-428,-400,-339,-268,-189,-102,-18,61,135,187,231,255,263,261,250,221,176,137,80,30,-22,-76,-124,-169,-192,-215,-220,-208,-182,-138,-81,-17,49,111,163,188,189,159,117,-294,-468,510,368,-381,-40,-98,-154,-193,-216,-213,-182,-136,-76,-9,61,131,192,230,261,277,280,261,216,167,104,21,-61,-138,-226,-299,-362,-411,-433,-419,-380,-314,-222,-105,34,174,316,449,552,630,661,653,590,483,338,163,-41,-247,-451,-623,-758,-861,-896,-867,-772,-626,-431,-195,66,316,547,758,922,1012,1042,1003,886,704,481,229,-42,-319,-571,-789,-952,-1042,-1082,-1042,-932,-774,-558,-307,-38,230,477,690,873,994,1044,1032,961,833,657,432,193,-51,-302,-531,-723,-882,-975,-1010,-993,-916,-780,-596,-378,-143,109,337,540,728,862,949,981,949,863,727,559,355,112,-117,-345,-545,-708,301,-910,-934,-896,-825,-699,-541,-354,-147,64,278,472,647,787,882,936,939,878,766,625,432,220,-6,-228,-463,-649,-809,-918,-974,-979,-932,-817,-660,-484,-281,-46,180,409,610,784,912,984,1004,982,891,764,593,379,144,-107,-343,-571,-770,-929,-1038,-1083,-1080,-1008,-872,-691,-468,-221,51,320,570,786,965,1085,1131,1132,1061,921,721,479,210,-66,-330,-577,-798,-971,-1074,-1119,-1105,-1010,-870,-685,-447,-201,53,311,540,720,879,973,1021,1010,934,815,657,457,235,8,-221,-431,-628,-780,-875,-931,-942,-893,-796,-663,-484,-284,-77,147,346,531,695,818,889,905,882,798,678,525,820,710,-82,-464,-606,-626,-461,-268,-63,147,351,542,685,791,866,877,837,759,647,491,307,118,-87,-282,-457,-613,-730,-817,-863,-857,-803,-702,-564,-399,-205,-3,202,394,578,716,817,871,886,853,763,633,458,267,62,-158,-358,-539,-691,-804,-870,-885,-856,-778,-649,-498,-312,-116,93,282,459,614,733,816,849,834,780,681,555,387,205,9,-193,-382,-554,-686,-786,-837,-845,-806,-712,-590,-420,-231,-32,170,355,517,654,737,789,793,743,657,537,396,228,65,-116,-283,-423,-541,-623,-670,-696,-666,-606,-522,-410,-275,-129,26,173,313,437,524,584,625,630,599,542,449,334,202,66,-81,628,-343,-461,-549,-612,-637,-622,-585,-504,-406,-271,-120,31,186,331,464,557,631,666,662,626,540,432,289,140,-24,-196,-355,-486,-584,-660,-691,-684,-628,-546,-427,-277,-121,46,220,367,493,599,661,690,673,624,540,414,262,97,-73,-247,-410,-528,-625,-700,-724,-693,-617,-509,-358,-180,-2,190,358,510,621,683,703,669,592,472,319,154,-17,-179,-327,-438,-509,-545,-541,-503,-427,-331,-217,-94,17,121,207,262,311,335,333,320,282,236,179,112,51,-10,-63,-121,-159,-195,-221,-223,-223,-209,-189,-152,-104,-50,14,71,126,170,206,220,212,183,130,66,-5,-72,-116,-821,-743,-82,-846,-106,-163,-153,-115,-62,3,76,141,189,226,247,245,229,183,128,70,1,-67,-142,-207,-258,-303,-331,-327,-320,-288,-229,-156,-66,47,159,265,368,452,516,540,529,485,404,287,134,-32,-212,-383,-536,-659,-748,-783,-766,-689,-556,-384,-180,54,286,506,699,849,955,991,950,846,680,453,202,-64,-339,-590,-796,-951,-1047,-1078,-1029,-916,-744,-509,-252,9,287,530,754,925,1032,1073,1045,956,813,614,364,104,-151,-397,-628,-820,-951,-1013,-1025,-983,-870,-720,-518,-284,-46,198,437,647,810,921,991,995,931,824,667,465,246,7,-231,-454,-647,-793,-909,-955,-942,-886,-775,-632,-176,-228,-5,213,411,602,736,847,910,926,883,794,664,493,297,88,-132,-352,-546,-724,-860,-938,-964,-956,-878,-743,-571,-365,-134,103,344,559,726,857,955,987,967,901,786,628,426,196,-28,-265,-490,-677,-838,-959,-1032,-1047,-1000,-900,-741,-539,-302,-56,200,453,675,864,1001,1090,1117,1076,975,811,604,350,88,-183,-455,-700,-899,-1045,-1127,-1138,-1088,-979,-812,-587,-329,-64,205,451,660,854,993,1057,1068,1016,899,751,559,332,100,-150,-385,-584,-752,-876,-950,-972,-948,-868,-744,-565,-369,-158,70,294,487,657,795,881,924,911,842,737,595,411,205,-5,-216,-418,-585,-741,-406,-580
61373,mtk,MTK 7916,861836572,rx0-tx1,512,-686,885,-186,-705,-693,-629,-531,-401,-249,-88,77,229,375,499,582,632,643,621,564,475,373,244,108,-26,-154,-274,-378,-465,-527,-554,-561,-538,-484,-414,-328,-215,-97,22,143,256,355,445,518,564,578,556,525,449,355,242,110,-29,-167,-304,-436,-543,-614,-661,-672,-637,-565,-462,-339,-189,-28,140,302,452,573,655,707,720,690,621,510,374,220,50,-123,-294,-440,-564,-654,-711,-719,-694,-628,-523,-397,-239,-70,96,253,401,524,623,677,694,680,615,519,408,261,102,-57,-205,-352,-480,-582,-646,-674,-660,-608,-529,-418,-285,-135,15,170,315,450,553,623,662,661,617,540,427,-38,147,-16,-180,-322,-449,-554,-627,-663,-659,-609,-530,-412,-279,-122,32,190,338,466,566,625,648,636,583,503,385,243,94,-71,-221,-365,-484,-566,-616,-630,-609,-549,-450,-321,-178,-30,115,249,365,465,535,560,569,537,468,374,267,146,23,-107,-230,-332,-412,-471,-495,-493,-469,-412,-332,-246,-138,-19,88,206,300,374,436,471,475,445,392,317,220,108,-20,-137,-239,-325,-401,-448,-451,-426,-384,-312,-219,-110,-2,102,204,284,351,384,394,376,331,267,180,92,-7,-106,-198,-267,-318,-337,-333,-303,-248,-175,-85,12,110,191,249,289,283,245,182,96,6,-76,-135,820,888,0,311,-592,-148,-120,-68,3,81,150,203,231,235,215,175,123,51,-26,-96,-151,-200,-235,-254,-247,-225,-184,-130,-69,-6,65,130,179,216,234,233,223,199,151,103,59,-1,-49,-89,-123,-154,-169,-169,-163,-153,-145,-130,-102,-75,-52,-25,8,38,78,113,151,180,194,205,217,205,178,144,90,35,-21,-85,-143,-191,-228,-245,-247,-248,-232,-189,-150,-104,-53,2,49,109,159,205,241,267,281,272,258,229,188,129,54,-23,-97,-170,-239,-295,-333,-354,-350,-327,-286,-224,-150,-61,31,120,204,281,341,381,395,385,363,315,251,168,74,-21,-121,-208,-288,-359,-405,-427,-48,-409,-364,-297,-208,-111,-1,104,214,317,397,451,489,499,480,435,360,266,153,24,-113,-236,-350,-455,-520,-550,-560,-533,-472,-384,-275,-158,-23,99,227,341,429,502,550,568,560,515,435,344,220,85,-48,-182,-312,-420,-513,-575,-618,-622,-591,-522,-431,-319,-177,-27,125,272,412,534,619,678,700,680,618,527,405,244,78,-105,-279,-432,-572,-676,-745,-770,-742,-679,-571,-425,-258,-67,125,311,471,604,702,754,764,733,658,551,408,241,67,-113,-290,-436,-563,-662,-725,-743,-717,-648,-551,-416,-264,-101,85,256,409,549,645,710,731,710,646,544,417,260,91,-71,628,718,9,-260,368,-9,162,320,454,568,640,682,677,635,562,446,309,159,10,-138,-277,-393,-487,-560,-591,-593,-564,-507,-431,-338,-223,-98,26,154,268,364,448,511,543,553,538,490,421,340,233,112,-26,-149,-271,-384,-478,-554,-604,-619,-603,-561,-483,-366,-233,-90,69,230,374,497,596,665,702,694,644,553,430,288,127,-47,-221,-380,-521,-626,-698,-730,-720,-664,-571,-453,-312,-150,27,198,359,491,597,674,708,701,656,573,460,322,160,4,-160,-316,-442,-552,-636,-676,-674,-642,-577,-478,-349,-202,-43,119,264,402,518,608,652,661,633,578,490,363,226,69,-94,-249,-390,-511,634,-656,-672,-642,-578,-488,-360,-212,-56,104,258,395,511,593,647,659,631,562,461,339,191,35,-132,-281,-414,-526,-598,-641,-642,-600,-529,-416,-284,-138,17,166,305,427,513,572,596,586,537,454,351,219,86,-47,-188,-310,-406,-478,-522,-531,-515,-463,-394,-302,-197,-73,41,159,267,349,411,464,474,468,435,365,283,182,74,-43,-151,-258,-353,-420,-462,-471,-442,-393,-326,-238,-119,6,113,216,306,375,418,422,409,359,293,205,106,4,-98,-184,-266,-322,-355,-363,-344,-295,-228,-144,-50,43,134,213,275,313,321,296,237,160,67,-34,-120,-189,-229,-228,-197,-138,367,168,0,645,-749,76,133,181,205,202,173,114,43,-33,-105,-163,-217,-248,-253,-230,-197,-151,-89,-18,54,115,171,213,242,253,245,212,169,120,59,-3,-62,-124,-175,-195,-215,-214,-192,-166,-143,-109,-71,-29,10,39,67,94,113,127,143,163,174,168,165,148,127,87,48,15,-41,-102,-152,-188,-218,-226,-234,-230,-202,-166,-117,-57,-5,46,106,155,197,232,251,251,244,233,200,166,114,58,-8,-68,-129,-191,-244,-286,-312,-316,-306,-285,-245,-183,-106,-21,72,154,234,294,344,374,379,359,326,272,201,111,14,-76,-165,-250,-319,-373,-406,-415,-404,-363,-309,-231,-136,-33,-1135,163,254,337,399,444,462,454,426,372,286,192,84,-40,-160,-279,-378,-457,-513,-544,-535,-488,-426,-334,-211,-86,49,182,304,408,489,543,560,549,515,444,352,248,121,-8,-142,-273,-376,-470,-548,-583,-589,-571,-519,-441,-333,-209,-70,78,224,354,462,556,622,656,648,602,527,418,291,140,-29,-199,-349,-483,-607,-691,-732,-741,-692,-610,-491,-341,-173,16,203,373,528,643,732,777,775,719,621,489,328,152,-30,-214,-384,-527,-644,-716,-747,-742,-689,-599,-483,-336,-169,6,179,340,484,608,687,734,737,685,612,490,342,177,3,-168,-336,-479,-593,-676,-712,-713,-346,31
61374,mtk,MTK 7916,861836572,rx1-tx0,512,0,-3,-1039,-311,-185,-54,80,213,347,462,552,613,658,652,612,545,445,313,167,0,-178,-346,-499,-634,-734,-802,-817,-773,-690,-563,-403,-212,-9,214,423,610,759,866,935,936,885,785,624,421,198,-40,-284,-507,-708,-862,-958,-1009,-991,-917,-784,-601,-385,-156,90,319,532,706,853,947,982,964,886,765,600,402,189,-41,-270,-481,-665,-821,-919,-960,-966,-915,-792,-633,-439,-219,9,246,462,657,807,903,962,951,882,774,612,412,196,-31,-253,-456,-636,-779,-868,-909,-893,-824,-711,-563,-369,-158,52,255,435,596,716,783,805,781,718,604,463,297,129,-55,-235,-381,-496,-594,-277,-662,-639,-586,-516,-403,-269,-149,-2,134,259,360,442,501,543,559,536,495,427,341,234,120,-7,-142,-255,-350,-434,-506,-539,-544,-530,-489,-423,-324,-219,-96,37,158,283,384,469,551,589,600,583,530,437,332,198,53,-95,-257,-406,-535,-642,-717,-743,-733,-670,-563,-421,-235,-36,177,389,572,712,813,875,863,786,664,500,279,58,-177,-397,-583,-733,-816,-846,-815,-740,-621,-440,-236,-28,177,350,508,625,696,716,680,612,497,354,195,19,-141,-297,-416,-508,-567,-584,-558,-495,-400,-269,-125,15,154,292,393,459,492,474,412,312,185,43,-106,-223,-306,-337,-312,345,308,0,-580,203,-11,16,45,66,80,90,96,80,66,43,15,-13,-39,-64,-92,-110,-121,-130,-122,-108,-87,-59,-25,7,40,76,110,139,154,165,169,167,144,127,93,44,3,-51,-104,-158,-207,-239,-271,-283,-269,-238,-191,-131,-57,30,123,217,302,368,410,430,415,374,292,183,67,-62,-193,-310,-411,-485,-525,-520,-486,-414,-315,-184,-41,98,242,364,453,517,546,526,489,412,311,183,46,-84,-208,-320,-404,-465,-486,-474,-440,-375,-295,-203,-101,14,120,205,277,326,356,367,356,333,290,237,185,121,51,-13,-76,-136,-199,-247,-295,-328,-344,-358,-341,-302,-253,-186,-107,489,85,178,265,349,411,451,461,437,401,336,245,138,19,-93,-215,-322,-406,-474,-508,-527,-506,-452,-374,-262,-159,-32,104,234,346,449,522,553,565,544,487,407,305,173,38,-99,-229,-347,-446,-522,-569,-581,-563,-514,-438,-337,-218,-94,44,182,297,399,489,546,579,586,558,501,424,313,196,66,-81,-213,-351,-476,-571,-636,-669,-671,-627,-541,-423,-278,-115,66,249,412,545,653,725,741,716,648,534,388,216,42,-131,-293,-437,-552,-618,-657,-653,-616,-546,-453,-335,-195,-52,83,213,327,423,488,540,562,545,511,449,374,280,165,44,-79,-192,-298,-391,-472,-521,-339,-604,0,354,-428,501,558,595,593,571,515,422,306,179,33,-126,-270,-404,-534,-633,-704,-742,-723,-659,-569,-441,-288,-111,92,286,469,633,762,845,882,866,792,672,507,318,98,-136,-356,-571,-756,-888,-965,-996,-960,-863,-714,-511,-293,-52,193,431,639,809,925,993,998,945,837,684,500,273,42,-194,-415,-611,-770,-884,-953,-973,-934,-844,-707,-529,-313,-93,131,366,574,740,872,946,970,942,861,724,537,325,97,-142,-352,-553,-721,-848,-917,-939,-895,-806,-673,-504,-300,-86,141,357,534,689,800,857,865,814,721,590,420,231,39,-148,-329,-486,-612,-692,-736,-738,-685,-593,-486,-357,315,-37,117,252,379,487,540,577,593,567,512,437,345,244,122,-8,-137,-248,-348,-430,-492,-528,-546,-529,-480,-416,-334,-225,-97,22,145,259,368,455,515,561,568,545,497,410,328,212,83,-50,-182,-324,-442,-542,-619,-647,-658,-633,-559,-456,-323,-162,11,193,378,539,680,781,816,808,744,626,468,286,66,-176,-392,-573,-738,-846,-884,-869,-780,-650,-474,-255,-34,190,386,566,699,771,793,755,668,548,388,215,28,-152,-316,-458,-550,-620,-641,-618,-556,-447,-327,-177,-25,131,268,387,476,516,524,500,428,318,193,51,-99,-227,-336,-404,-432,-401,-323,-211,-79,38,-32,160,0,-386,844,60,71,64,49,29,7,-25,-50,-68,-88,-96,-99,-95,-89,-75,-47,-19,15,50,77,104,127,139,142,141,131,113,81,45,9,-27,-68,-105,-138,-181,-204,-211,-214,-198,-174,-135,-84,-28,50,123,189,252,298,334,352,342,305,247,165,71,-38,-153,-265,-370,-438,-478,-491,-467,-402,-314,-194,-59,85,222,351,451,524,548,544,501,414,306,185,38,-96,-225,-348,-440,-505,-528,-515,-471,-393,-297,-189,-58,64,177,274,350,398,429,427,396,346,282,202,125,42,-37,-114,-183,-228,-269,-306,-317,-314,-299,-284,-256,-216,-162,-90,-23,48,136,211,283,337,374,-571,403,378,337,273,184,86,-31,-144,-248,-345,-419,-469,-494,-489,-462,-395,-312,-200,-89,36,165,280,391,470,523,559,549,506,436,344,219,96,-31,-168,-294,-399,-492,-552,-570,-562,-522,-461,-367,-260,-132,-2,138,267,382,471,530,567,575,545,486,416,319,199,74,-56,-191,-312,-427,-513,-566,-612,-615,-584,-531,-442,-323,-180,-23,133,292,437,566,659,716,730,690,607,492,344,165,-24,-198,-371,-510,-622,-688,-718,-700,-644,-553,-418,-272,-120,45,196,328,438,530,589,605,591,551,479,379,273,167,40,-85,-202,-311,-392,-462,-513,-544,-540,-510,-455,-384,-284,-166,607,342
61375,mtk,MTK 7916,861836572,rx1-tx1,512,0,0,0,-58,286,547,649,566,320,-21,-356,-592,-657,-532,-265,80,405,609,626,465,174,-157,-436,-589,-558,-366,-75,233,467,552,471,242,-61,-337,-501,-524,-381,-116,181,420,531,485,289,-5,-293,-495,-550,-433,-183,130,412,564,548,373,77,-249,-501,-608,-543,-311,20,346,575,638,509,245,-90,-405,-600,-617,-458,-165,179,470,618,581,375,58,-263,-509,-609,-523,-283,41,356,559,594,462,183,-151,-441,-602,-585,-398,-95,243,509,626,566,350,35,-294,-537,-618,-522,-284,27,338,548,587,463,219,-83,-360,-525,-544,-408,-151,134,370,501,491,344,101,-154,-348,-439,-411,0,-30,182,328,367,298,147,-42,-212,-297,-275,-172,-18,146,252,280,210,59,-113,-251,-314,-276,-142,46,229,345,356,259,78,-144,-339,-437,-410,-264,-23,239,445,525,454,251,-30,-310,-516,-583,-485,-247,75,381,588,629,495,221,-121,-439,-649,-686,-525,-213,163,499,697,704,519,182,-203,-546,-757,-755,-542,-196,212,565,765,765,561,208,-192,-546,-761,-766,-573,-240,156,502,709,729,562,256,-108,-432,-634,-677,-546,-265,67,360,557,609,499,267,-22,-289,-475,-536,-460,-274,-27,220,393,461,420,282,80,-129,-295,-385,-389,-301,-161,-3,145,249,293,279,215,125,0,0,0,0,0,283,351,356,288,148,-46,-252,-429,-532,-526,-394,-164,115,383,575,641,559,340,23,-308,-574,-700,-658,-449,-116,249,556,726,702,497,162,-229,-568,-750,-730,-517,-156,257,599,775,751,528,146,-307,-665,-838,-785,-512,-97,363,732,890,806,503,54,-421,-780,-930,-825,-481,7,484,824,939,794,426,-52,-531,-862,-938,-751,-356,144,608,889,917,687,265,-240,-680,-919,-896,-616,-147,362,768,954,863,521,30,-481,-864,-999,-838,-437,96,616,966,1041,813,354,-212,-741,-1069,-1087,-797,-286,320,846,1140,1119,788,224,-400,-914,-1189,-1136,-762,-183,452,955,1199,1111,700,98,0,-981,-1170,-1032,-603,-5,588,1011,1142,941,473,-131,-691,-1049,-1104,-837,-329,278,810,1109,1090,751,191,-419,-914,-1154,-1054,-653,-67,542,1004,1179,1010,557,-50,-642,-1053,-1169,-954,-462,160,724,1082,1132,858,337,-268,-782,-1065,-1042,-721,-194,369,822,1027,921,553,30,-499,-867,-969,-778,-352,172,644,920,918,649,184,-345,-775,-975,-890,-551,-46,485,872,1001,847,455,-69,-576,-919,-991,-779,-354,167,636,919,936,694,258,-238,-655,-881,-848,-582,-160,288,635,791,725,450,48,-341,-613,-704,-586,-298,72,407,603,612,435,132,-204,-473,-592,-523,-290,29,336,535,572,440,165,0,0,0,0,0,-628,-574,-342,-2,337,583,667,559,299,-46,-384,-608,-650,-508,-223,119,421,594,594,418,130,-195,-457,-575,-516,-306,-10,283,487,541,429,186,-115,-374,-516,-504,-334,-57,234,460,542,453,227,-72,-352,-525,-548,-406,-133,192,460,595,559,356,36,-293,-535,-627,-530,-274,52,367,594,644,498,204,-148,-449,-610,-604,-424,-117,221,489,611,550,325,8,-312,-533,-601,-492,-229,101,398,581,598,431,135,-199,-476,-613,-578,-383,-70,269,525,626,550,319,1,-315,-543,-613,-504,-259,60,356,540,566,438,189,-106,-361,-517,-523,-375,-127,143,359,477,457,304,75,-170,0,-405,-351,-203,-2,186,308,317,234,86,-91,-230,-285,-243,-123,40,199,294,278,166,6,-173,-303,-341,-272,-109,96,283,395,392,270,53,-186,-381,-475,-431,-259,-5,269,481,562,482,257,-44,-346,-560,-617,-500,-239,93,418,627,656,507,220,-139,-465,-664,-689,-525,-197,193,523,713,721,528,189,-206,-552,-758,-761,-554,-192,209,556,764,768,572,228,-175,-535,-746,-750,-565,-242,132,462,673,710,553,257,-87,-397,-600,-644,-520,-269,39,328,519,569,476,271,8,-252,-434,-492,-431,-270,-52,173,343,426,406,292,118,-70,-230,-330,-355,-309,-204,-76,43,136,185,0,0,0,0,0,-142,-15,137,295,413,465,426,283,57,-189,-410,-560,-590,-486,-262,38,341,573,676,609,388,71,-278,-565,-712,-686,-481,-148,230,559,740,726,519,177,-221,-571,-765,-746,-519,-138,275,620,805,771,520,107,-340,-694,-861,-794,-512,-78,384,748,908,821,500,37,-443,-803,-940,-817,-461,32,510,840,940,788,407,-103,-571,-869,-925,-720,-310,191,639,906,915,657,204,-303,-728,-943,-874,-558,-86,421,813,978,857,484,-32,-548,-913,-1017,-828,-398,158,674,1006,1055,803,310,-279,-795,-1090,-1092,-793,-258,360,888,1173,1136,783,205,-428,-943,-1197,-1120,-735,-143,483,967,1177,0,646,58,-543,-998,-1161,-985,-534,66,645,1027,1121,894,403,-201,-744,-1074,-1094,-788,-255,349,856,1129,1078,707,129,-486,-959,-1157,-1036,-617,-6,602,1030,1178,992,518,-102,-687,-1073,-1153,-902,-398,210,751,1082,1097,787,270,-310,-795,-1043,-987,-640,-112,436,845,998,851,450,-77,-569,-888,-943,-713,-268,256,702,948,909,595,107,-412,-825,-997,-872,-501,18,536,893,993,808,401,-118,-608,-922,-971,-749,-311,204,651,904,896,641,221,-252,-648,-848,-801,-525,-111,311,629,755,660,373,-11,-370,-617,-673,-520,-218,130,426,588,559,356,49,-270,-505,-588,-482,-224,103,399,573,0,0
61376,mtk,MTK 7916,861836572,rx2-tx0,512,0,0,0,126,712,1103,1185,922,378,-292,-878,-1230,-1242,-890,-269,433,1016,1312,1241,815,144,-573,-1123,-1360,-1205,-699,10,711,1211,1356,1108,537,-190,-857,-1270,-1324,-989,-353,375,991,1316,1260,831,155,-569,-1121,-1335,-1158,-644,61,746,1208,1321,1036,445,-269,-903,-1264,-1255,-878,-241,463,1022,1276,1150,686,28,-630,-1094,-1224,-996,-473,192,786,1133,1136,792,210,-422,-923,-1150,-1018,-572,46,644,1045,1123,860,337,-295,-849,-1139,-1087,-701,-99,540,1029,1210,1027,537,-121,-761,-1182,-1254,-957,-379,323,943,1293,1258,856,210,-504,-1084,-1353,-1233,-749,-45,668,1186,1372,1174,634,-102,-808,-1272,-1368,-1074,0,257,917,1314,1322,946,299,-436,-1039,-1337,-1250,-800,-118,602,1144,1358,1178,643,-79,-776,-1258,-1374,-1093,-493,257,941,1358,1384,1017,354,-422,-1089,-1443,-1386,-930,-214,573,1202,1495,1366,842,76,-713,-1294,-1513,-1320,-747,49,824,1368,1533,1259,636,-164,-914,-1405,-1505,-1185,-529,270,980,1411,1453,1084,410,-369,-1047,-1430,-1399,-987,-312,448,1080,1413,1355,927,249,-494,-1089,-1386,-1310,-875,-217,488,1053,1324,1237,833,226,-428,-948,-1201,-1138,-782,-232,362,835,1074,1031,721,242,-273,-701,-938,-922,-672,-265,186,568,801,830,646,317,-58,-402,-644,-723,-636,-421,-143,139,365,491,507,435,303,0,0,0,0,0,6,200,385,525,575,507,319,35,-290,-569,-729,-735,-566,-246,149,522,791,873,730,389,-61,-514,-845,-973,-848,-493,9,521,910,1072,941,549,1,-566,-997,-1173,-1032,-599,7,619,1084,1261,1098,631,-19,-674,-1160,-1336,-1141,-627,57,737,1237,1387,1152,606,-118,-818,-1291,-1414,-1147,-557,185,873,1330,1415,1101,489,-251,-918,-1327,-1364,-1025,-401,327,947,1297,1275,889,262,-428,-983,-1247,-1153,-731,-104,535,1006,1176,1004,543,-75,-663,-1043,-1110,-842,-326,278,799,1082,1034,677,118,-486,-941,-1112,-965,-521,91,674,1070,1153,889,364,-273,-843,-1181,-1176,-821,-224,434,985,1259,1161,725,0,-587,-1092,-1287,-1107,-606,74,735,1186,1295,1022,445,-261,-898,-1272,-1274,-904,-263,468,1066,1356,1251,783,85,-648,-1203,-1406,-1205,-656,92,822,1316,1430,1129,505,-264,-961,-1388,-1416,-1040,-355,436,1089,1419,1349,888,170,-580,-1157,-1400,-1232,-704,18,722,1206,1329,1067,498,-216,-853,-1228,-1235,-876,-262,417,964,1221,1113,673,40,-600,-1048,-1174,-963,-473,156,732,1079,1104,796,261,-340,-838,-1067,-979,-606,-64,487,876,999,821,401,-130,-611,-897,-898,-627,-173,330,715,870,756,407,-69,-515,-797,-831,-606,-184,299,692,864,770,437,-43,-519,-844,-905,-688,-256,266,724,971,924,599,78,0,0,0,0,0,-1121,-916,-432,207,801,1174,1218,906,322,-363,-955,-1285,-1247,-855,-211,505,1078,1342,1226,754,70,-639,-1174,-1365,-1161,-628,91,786,1244,1343,1051,453,-280,-925,-1300,-1295,-911,-260,469,1054,1320,1203,737,45,-658,-1164,-1325,-1096,-545,167,827,1245,1292,962,348,-371,-971,-1275,-1205,-782,-134,549,1063,1259,1070,574,-83,-709,-1112,-1184,-901,-339,311,858,1141,1076,686,88,-528,-980,-1137,-940,-448,181,750,1096,1108,785,214,-426,-942,-1184,-1067,-617,24,662,1120,1247,998,445,-236,-851,-1233,-1261,-910,-289,421,1019,1326,1245,804,129,-589,-1146,-1369,-1200,-686,27,736,1229,1373,1123,548,-185,-863,0,-1349,-1021,-388,352,982,1327,1285,875,214,-512,-1089,-1347,-1215,-731,-21,695,1205,1366,1132,570,-161,-862,-1314,-1379,-1052,-426,341,1012,1395,1383,979,282,-503,-1144,-1465,-1374,-885,-142,643,1254,1505,1336,790,11,-771,-1338,-1526,-1286,-694,98,870,1394,1525,1226,586,-213,-955,-1421,-1483,-1130,-464,325,1013,1425,1434,1039,359,-411,-1065,-1422,-1379,-952,-273,475,1093,1404,1332,911,238,-495,-1080,-1358,-1273,-856,-216,462,999,1262,1187,803,220,-400,-892,-1139,-1083,-745,-233,318,772,1012,974,688,246,-236,-641,-871,-868,-646,-278,131,494,724,773,642,369,31,-287,-521,-630,-603,-460,-247,-20,170,294,0,0,0,0,0,-419,-421,-331,-146,98,354,570,681,643,456,151,-213,-552,-771,-809,-653,-328,98,519,821,924,790,445,-30,-513,-875,-1018,-893,-523,2,543,953,1115,984,583,4,-595,-1045,-1218,-1068,-620,16,661,1124,1292,1115,626,-37,-698,-1189,-1364,-1153,-628,77,772,1263,1409,1160,590,-143,-846,-1313,-1417,-1135,-542,205,896,1332,1393,1065,450,-278,-931,-1318,-1331,-966,-334,373,960,1270,1214,810,179,-485,-991,-1207,-1075,-632,-14,598,1026,1147,929,434,-181,-732,-1060,-1071,-759,-224,375,863,1097,1000,601,15,-578,-1003,-1136,-927,-437,183,767,1133,1173,858,299,-349,-912,-1224,-1169,-777,-165,507,1041,0,1142,668,4,-667,-1143,-1291,-1062,-529,166,819,1232,1290,969,357,-369,-981,-1312,-1263,-839,-165,563,1132,1388,1234,711,-17,-741,-1257,-1420,-1177,-580,187,900,1363,1435,1094,432,-353,-1038,-1422,-1389,-956,-258,511,1133,1420,1294,802,85,-655,-1194,-1372,-1153,-603,118,797,1223,1286,970,374,-323,-915,-1236,-1183,-773,-149,504,1004,1204,1039,571,-52,-659,-1068,-1150,-888,-371,250,785,1080,1044,703,160,-421,-870,-1049,-910,-509,34,555,901,961,730,290,-225,-664,-885,-831,-522,-52,422,757,855,683,293,-186,-602,-838,-804,-518,-73,407,768,888,728,339,-162,-628,-910,-919,-640,-160,376,825,1033,0,0
61377,mtk,MTK 7916,861836572,rx2-tx1,512,0,0,0,-864,-1133,-1089,-726,-140,494,991,1199,1067,639,21,-611,-1059,-1207,-1010,-530,103,702,1090,1168,908,387,-239,-787,-1099,-1099,-780,-231,373,858,1081,984,609,59,-505,-912,-1035,-839,-396,152,652,948,952,661,168,-382,-821,-1002,-879,-485,56,594,961,1025,773,293,-283,-780,-1046,-1009,-664,-109,483,935,1110,957,515,-82,-662,-1052,-1123,-857,-333,296,847,1151,1113,742,145,-500,-1016,-1239,-1090,-612,50,707,1173,1319,1077,524,-195,-869,-1301,-1368,-1046,-422,318,969,1343,1343,972,325,-412,-1032,-1362,-1310,-890,-225,492,1063,1334,1225,779,123,-558,-1068,-1268,-1121,-677,-55,573,1021,1174,994,530,0,-589,-944,-1019,-802,-365,159,614,867,856,590,162,-297,-645,-790,-686,-381,38,436,693,724,530,179,-222,-555,-711,-642,-366,19,407,679,725,533,175,-250,-619,-814,-751,-453,-8,474,835,966,812,404,-142,-671,-1031,-1114,-888,-387,242,812,1179,1235,944,378,-309,-918,-1288,-1309,-962,-354,361,992,1359,1369,1013,372,-374,-1021,-1404,-1412,-1045,-404,344,1002,1396,1425,1085,460,-270,-909,-1304,-1357,-1064,-520,147,752,1144,1234,999,524,-59,-605,-966,-1066,-895,-506,2,482,802,903,785,473,56,-358,-659,-775,-694,-454,-114,237,515,656,643,486,234,-48,-297,-460,-514,-463,-339,-176,-3,0,0,0,0,0,-325,-454,-506,-466,-326,-102,162,411,584,637,544,320,21,-288,-537,-658,-619,-426,-117,223,507,662,643,453,137,-216,-515,-676,-657,-454,-112,270,583,741,690,440,67,-331,-652,-795,-720,-434,-28,400,723,848,741,435,-7,-457,-784,-886,-741,-383,84,529,832,909,726,339,-154,-603,-878,-914,-696,-267,240,679,929,916,646,193,-315,-732,-942,-877,-568,-98,396,770,922,816,472,-13,-490,-815,-911,-745,-355,137,587,874,906,668,240,-251,-678,-915,-883,-590,-131,366,769,948,853,517,39,-450,-809,-937,-793,-430,61,535,850,918,720,315,-174,-616,-872,-878,-633,-203,289,0,882,826,533,76,-391,-738,-879,-759,-419,37,473,769,828,640,269,-171,-557,-773,-749,-497,-92,342,676,802,676,340,-101,-514,-780,-818,-600,-194,276,675,877,823,526,68,-419,-778,-917,-786,-413,76,543,860,912,703,291,-216,-667,-913,-879,-579,-113,392,774,924,795,427,-73,-563,-889,-941,-699,-245,275,725,969,913,583,75,-472,-881,-1026,-878,-468,96,642,1003,1071,826,331,-273,-802,-1099,-1081,-748,-194,430,936,1163,1057,652,62,-548,-1005,-1176,-1000,-539,66,653,1047,1132,888,389,-217,-756,-1070,-1068,-749,-215,375,855,1082,984,602,38,-543,-959,-1088,-896,-442,149,700,0,0,0,0,0,754,209,-417,-938,-1184,-1086,-679,-85,544,1026,1209,1046,584,-47,-654,-1081,-1198,-965,-460,167,740,1105,1148,842,308,-302,-820,-1101,-1055,-695,-147,432,888,1061,915,502,-61,-595,-931,-985,-745,-281,264,730,975,917,569,49,-484,-882,-1008,-824,-392,173,693,1006,1018,723,205,-385,-867,-1092,-991,-598,-15,582,1000,1124,916,430,-185,-755,-1110,-1125,-798,-241,397,936,1203,1101,670,47,-610,-1114,-1292,-1087,-568,122,785,1239,1345,1069,481,-257,-922,-1325,-1364,-1010,-368,367,994,1351,1324,928,270,-465,-1057,-1348,-1271,-839,-178,521,1077,1309,1171,724,82,-578,-1065,-1245,-1063,-597,5,586,985,0,886,456,-99,-601,-907,-935,-690,-261,222,628,826,770,487,69,-364,-673,-764,-614,-279,134,494,697,684,455,83,-317,-613,-716,-592,-275,134,514,743,737,496,85,-371,-732,-880,-770,-431,70,584,947,1050,844,383,-201,-755,-1122,-1183,-905,-371,273,871,1249,1287,967,369,-337,-962,-1328,-1340,-992,-365,371,1016,1374,1376,1015,376,-368,-1023,-1405,-1420,-1067,-438,309,961,1362,1409,1080,488,-205,-835,-1232,-1298,-1042,-531,99,676,1059,1159,960,520,-30,-538,-885,-988,-838,-488,-25,423,729,830,726,455,72,-305,-591,-720,-670,-466,-162,157,417,579,602,496,303,72,-140,-294,-369,-362,0,0,0,0,0,294,148,-47,-268,-456,-573,-581,-463,-235,54,342,564,659,595,383,77,-246,-516,-661,-636,-443,-133,219,522,684,658,456,126,-243,-553,-708,-672,-455,-104,292,613,769,704,439,52,-352,-678,-823,-735,-443,-9,430,751,866,741,409,-41,-488,-809,-905,-740,-366,113,566,867,922,711,299,-202,-647,-910,-918,-668,-237,269,709,928,886,604,156,-344,-749,-935,-857,-525,-43,438,800,933,786,411,-74,-542,-854,-915,-708,-300,189,633,894,888,631,189,-321,-731,-936,-876,-565,-95,406,795,947,827,477,-7,-490,-831,-933,-763,-380,111,566,858,897,678,259,-235,-657,-889,-863,0,-133,340,713,883,800,483,27,-432,-755,-858,-712,-357,102,515,769,792,575,182,-259,-622,-789,-716,-424,1,430,725,802,635,275,-177,-597,-840,-823,-567,-138,342,732,904,802,471,-4,-485,-829,-937,-764,-364,144,603,885,907,647,195,-302,-714,-912,-837,-508,-18,481,833,932,752,346,-177,-653,-926,-921,-644,-165,378,808,996,894,523,-14,-556,-939,-1057,-856,-393,196,728,1058,1082,783,252,-360,-867,-1129,-1074,-708,-128,489,972,1169,1034,602,0,-602,-1025,-1152,-945,-468,136,700,1057,1100,826,309,-296,-805,-1072,-1026,-676,-126,467,918,1088,942,527,-55,-619,-1003,-1097,-852,0,0
61378,mtk,MTK 7916,861867950,rx0-tx0,512,-330,-579,-745,123,386,638,830,961,1009,972,869,700,482,219,-54,-315,-557,-752,-888,-971,-964,-890,-758,-560,-330,-66,202,455,676,847,954,986,954,837,652,436,173,-112,-381,-621,-819,-957,-1016,-985,-900,-732,-509,-244,39,308,556,760,916,986,993,913,770,559,317,56,-208,-453,-664,-834,-936,-960,-930,-812,-648,-433,-182,80,340,576,763,894,961,941,867,714,512,259,-10,-265,-513,-711,-850,-928,-932,-852,-717,-512,-270,-31,207,432,631,753,821,838,780,678,508,319,106,-108,-318,-495,-633,-718,-755,-734,-655,-536,-379,-196,-8,180,366,514,628,689,704,664,580,457,293,109,-26,-271,-436,-570,-666,-716,-701,-641,-531,-378,-186,13,217,411,565,678,749,748,690,573,419,224,16,-187,-400,-568,-708,-772,-777,-718,-607,-450,-248,-23,193,397,569,694,772,782,725,614,455,253,32,-184,-396,-576,-707,-782,-791,-742,-624,-452,-254,-24,213,432,619,753,818,816,732,578,388,158,-94,-327,-517,-670,-761,-777,-709,-577,-401,-193,25,230,401,544,609,611,567,474,345,191,32,-112,-239,-327,-383,-396,-393,-358,-290,-209,-125,-30,64,140,209,254,278,276,264,226,170,117,50,-30,-103,-160,-212,-241,-251,-231,-188,-120,-42,47,127,186,216,212,173,110,154,-105,510,687,395,178,179,146,85,2,-87,-165,-231,-269,-272,-250,-199,-134,-48,40,132,212,280,321,354,341,303,236,144,42,-82,-210,-332,-420,-493,-520,-502,-444,-341,-182,-3,190,377,544,670,745,740,677,546,346,107,-153,-419,-661,-833,-952,-981,-911,-764,-527,-246,78,409,697,931,1087,1144,1105,949,706,393,61,-294,-642,-905,-1100,-1196,-1188,-1072,-862,-577,-233,122,460,765,1004,1163,1206,1149,1001,773,481,143,-193,-523,-797,-1006,-1129,-1165,-1101,-940,-716,-424,-97,234,541,800,997,1115,1137,1057,908,687,402,85,-224,-525,-772,-962,-1085,-1102,-1036,-884,-666,-401,-100,198,485,737,913,301,1050,994,870,682,440,162,-129,-407,-648,-849,-991,-1038,-1021,-931,-774,-542,-264,16,313,596,832,999,1093,1098,1015,851,627,354,39,-277,-566,-822,-996,-1100,-1125,-1059,-923,-722,-442,-145,161,457,732,943,1097,1160,1148,1041,845,595,291,-38,-374,-676,-942,-1132,-1231,-1231,-1140,-963,-708,-394,-43,310,651,947,1148,1264,1281,1208,1025,767,441,65,-294,-633,-920,-1130,-1252,-1258,-1189,-1008,-754,-449,-105,240,555,829,1035,1142,1182,1121,982,757,487,177,-137,-438,-701,-907,-1048,-1099,-1072,-958,-774,-532,-252,34,328,588,797,952,1041,1034,956,810,605,348,68,-221,-492,-720,-893,-999,-1032,1074,1039,-82,-644,-438,999,936,795,581,331,44,-230,-487,-703,-870,-969,-986,-936,-814,-626,-400,-136,140,389,621,796,916,973,950,860,701,502,256,-5,-280,-539,-741,-894,-994,-1005,-930,-799,-602,-356,-71,203,463,700,880,992,1016,962,836,648,406,139,-136,-399,-632,-812,-923,-974,-952,-857,-697,-489,-239,7,263,506,704,857,942,955,899,764,575,349,95,-165,-415,-644,-818,-927,-952,-912,-802,-622,-395,-144,125,368,584,760,856,881,856,767,612,408,194,-48,-273,-479,-635,-736,-785,-782,-716,-600,-439,-253,-54,154,341,499,622,691,716,691,618,493,337,154,-32,-223,-386,-532,-643,-700,628,-650,-550,-415,-249,-53,144,329,492,626,708,731,710,624,484,319,117,-96,-302,-487,-633,-734,-763,-745,-665,-526,-344,-125,94,308,487,646,750,791,760,673,525,348,147,-71,-287,-485,-644,-749,-780,-763,-690,-551,-366,-145,84,307,511,664,762,806,778,683,527,322,98,-141,-379,-569,-708,-795,-807,-732,-602,-418,-193,54,283,476,618,700,706,644,535,383,188,2,-169,-321,-434,-503,-515,-484,-410,-311,-194,-79,36,147,231,282,310,327,307,268,217,149,79,2,-71,-143,-189,-224,-247,-249,-223,-188,-137,-63,12,92,161,216,245,246,208,144,58,-31,-106,-148,-832,-849,-82,-843,-1009,-7,-87,-159,-211,-240,-231,-194,-132,-46,42,130,204,261,296,301,281,231,166,86,-7,-117,-207,-297,-360,-401,-415,-393,-329,-232,-109,47,199,342,476,579,626,624,559,438,271,56,-177,-397,-603,-761,-851,-869,-805,-654,-432,-176,133,422,689,899,1032,1080,1016,848,619,319,-14,-355,-677,-937,-1111,-1186,-1170,-1019,-782,-489,-137,225,561,853,1074,1204,1213,1131,940,676,351,-1,-338,-656,-910,-1096,-1180,-1170,-1057,-856,-586,-271,57,393,673,900,1066,1138,1120,1004,810,558,259,-74,-389,-673,-904,-1062,-1120,-1093,-983,-793,-553,-252,68,374,645,860,1011,1077,1061,966,777,529,-176,-41,-321,-578,-792,-952,-1039,-1045,-965,-809,-612,-349,-66,218,490,730,924,1030,1068,1037,911,716,457,167,-150,-444,-711,-920,-1067,-1130,-1089,-976,-782,-524,-240,72,382,644,880,1048,1122,1124,1046,886,662,381,66,-255,-567,-824,-1029,-1158,-1206,-1154,-1015,-796,-512,-173,163,502,800,1040,1203,1267,1231,1115,891,595,251,-118,-469,-788,-1041,-1225,-1301,-1259,-1132,-898,-607,-254,91,433,751,994,1161,1231,1204,1081,883,602,292,-32,-352,-640,-879,-1044,-1138,-1130,-1039,-865,-641,-363,-59,242,527,763,948,1051,1077,1023,881,684,447,161,-134,-408,-653,-846,-977,-1030,-1011,-905,-736,-508,-244,43,46,-287
61379,mtk,MTK 7916,861867950,rx0-tx1,512,-686,939,892,560,652,704,700,636,519,359,180,-9,-201,-375,-506,-600,-647,-637,-587,-490,-355,-202,-39,120,266,395,493,549,568,550,497,403,284,146,5,-139,-281,-391,-486,-546,-567,-556,-490,-401,-282,-147,7,168,321,445,549,612,625,602,531,420,268,91,-95,-274,-444,-574,-663,-703,-684,-615,-499,-336,-146,50,252,430,570,681,724,712,656,536,379,193,-9,-211,-400,-553,-656,-709,-715,-666,-566,-413,-231,-33,166,347,500,612,681,692,652,563,435,269,85,-103,-282,-437,-567,-650,-679,-656,-585,-460,-310,-136,56,234,401,522,620,671,658,598,499,344,171,-20,-203,-369,-38,-616,-660,-650,-604,-501,-353,-180,4,195,364,509,606,653,657,607,491,352,182,-7,-187,-361,-496,-595,-653,-642,-587,-483,-338,-165,19,203,368,499,592,623,611,546,439,305,138,-37,-212,-352,-465,-548,-577,-563,-499,-396,-266,-114,31,186,310,412,487,513,498,446,364,255,126,-16,-147,-266,-373,-441,-469,-468,-430,-355,-254,-123,7,139,257,361,435,464,455,409,329,215,93,-53,-181,-282,-371,-417,-424,-391,-330,-239,-127,-10,116,229,307,360,380,365,315,231,133,16,-98,-194,-272,-325,-339,-319,-261,-176,-68,46,149,230,277,283,247,178,80,-25,-106,-154,532,742,0,93,-245,-61,-121,-180,-208,-206,-167,-106,-27,59,143,209,246,252,231,184,118,39,-43,-118,-182,-227,-251,-249,-222,-175,-110,-40,39,114,177,212,228,231,203,165,119,55,-4,-59,-100,-136,-159,-167,-175,-163,-139,-109,-85,-53,-8,25,59,99,127,160,182,198,197,180,143,86,24,-39,-107,-161,-208,-237,-243,-232,-208,-161,-102,-36,30,88,151,203,230,243,248,232,208,162,98,24,-37,-117,-190,-245,-284,-308,-311,-287,-240,-164,-73,22,119,210,290,345,371,370,332,272,187,85,-14,-125,-227,-312,-369,-395,-394,-368,-309,-224,-119,-3,110,219,312,382,416,418,-48,350,260,156,43,-84,-204,-321,-407,-462,-490,-473,-414,-333,-219,-80,70,209,340,452,517,544,531,472,374,248,97,-67,-217,-354,-460,-535,-567,-552,-499,-414,-289,-144,7,168,308,431,517,574,589,557,481,372,231,74,-95,-256,-398,-518,-599,-636,-626,-564,-463,-320,-155,17,208,372,512,629,696,704,661,563,424,238,36,-175,-371,-539,-674,-746,-764,-722,-620,-473,-270,-50,169,376,552,683,765,773,724,621,469,285,71,-144,-347,-526,-653,-729,-747,-713,-628,-492,-314,-116,97,302,473,612,706,745,722,643,512,342,147,-55,-258,-438,-586,-682,-726,-713,-639,-524,729,635,9,-5,-302,455,275,85,-119,-308,-473,-593,-661,-682,-651,-560,-435,-281,-101,78,249,400,512,579,603,583,527,434,305,156,5,-136,-272,-391,-485,-540,-557,-546,-490,-400,-290,-148,-6,146,285,407,502,567,596,579,518,418,291,125,-41,-208,-368,-507,-607,-661,-664,-623,-528,-384,-216,-27,167,349,513,635,698,715,683,584,447,266,61,-136,-325,-497,-623,-708,-736,-705,-618,-475,-302,-111,90,282,455,585,671,709,690,614,496,338,161,-35,-222,-390,-536,-637,-683,-679,-619,-523,-379,-204,-14,169,337,488,588,657,663,625,534,401,251,64,-124,-292,-449,-572,-642,-669,-636,-557,634,-270,-77,103,284,447,568,643,668,642,558,429,267,90,-92,-279,-437,-551,-637,-659,-629,-554,-422,-272,-83,110,286,441,559,628,648,616,527,399,237,52,-124,-296,-430,-537,-595,-604,-561,-471,-358,-207,-43,119,270,393,488,536,544,509,421,320,187,43,-102,-233,-343,-424,-478,-490,-459,-404,-317,-198,-72,62,194,308,398,455,468,449,391,303,180,41,-90,-214,-323,-396,-442,-451,-408,-339,-236,-104,22,144,249,334,386,403,385,323,234,136,21,-90,-200,-284,-335,-356,-337,-290,-217,-114,-2,107,200,271,309,307,268,194,97,-14,-114,-193,-235,-227,-178,-115,726,534,0,721,683,-160,-143,-86,-7,76,152,206,234,232,196,136,57,-24,-105,-173,-224,-254,-251,-224,-175,-112,-36,44,116,183,226,246,244,215,171,111,51,-25,-97,-146,-184,-207,-205,-190,-163,-128,-84,-41,6,46,80,104,126,151,166,160,163,135,118,84,46,-9,-66,-122,-170,-206,-223,-228,-211,-177,-129,-63,9,72,133,188,230,250,250,234,206,155,93,37,-36,-105,-168,-219,-258,-271,-272,-265,-216,-161,-93,-20,66,151,236,299,332,338,325,284,222,125,25,-79,-176,-263,-337,-376,-386,-369,-320,-247,-149,-40,69,176,276,350,398,411,398,355,284,187,72,-43,-1135,-269,-357,-413,-449,-447,-414,-346,-246,-128,6,146,270,376,469,518,516,473,406,293,152,8,-147,-288,-407,-492,-551,-558,-522,-439,-327,-191,-39,118,258,388,494,548,570,546,481,385,255,112,-49,-207,-353,-472,-556,-602,-604,-555,-476,-354,-202,-31,145,311,453,573,641,672,649,565,450,295,106,-88,-280,-458,-597,-692,-730,-718,-649,-526,-358,-152,57,275,461,618,728,777,761,686,555,384,177,-52,-269,-458,-612,-716,-768,-752,-686,-560,-386,-188,20,220,407,563,675,732,739,679,569,420,236,30,-173,-366,-530,-653,-720,-735,-690,-589,-439,-259,-61,147,335,494,32,359
61380,mtk,MTK 7916,861867950,rx1-tx0,512,0,-106,-260,532,474,375,242,82,-82,-248,-404,-535,-621,-662,-669,-619,-510,-369,-195,8,210,398,573,701,777,796,743,636,476,269,38,-213,-442,-646,-808,-894,-915,-862,-733,-547,-310,-42,227,491,719,890,979,990,924,787,575,307,20,-260,-524,-744,-904,-991,-991,-924,-783,-576,-337,-68,216,466,695,858,950,976,925,802,626,390,124,-143,-396,-632,-810,-931,-980,-952,-837,-661,-435,-164,103,363,605,784,909,953,925,831,663,442,193,-67,-323,-563,-746,-866,-917,-890,-798,-643,-429,-185,72,319,528,692,804,842,813,722,570,388,169,-61,-270,-453,-600,-684,-722,-700,-617,-490,-277,-170,15,183,338,472,559,599,604,567,478,363,236,88,-66,-213,-347,-447,-510,-550,-546,-502,-430,-318,-197,-54,100,239,369,469,525,562,547,494,403,287,144,-10,-158,-306,-429,-525,-576,-594,-579,-522,-409,-270,-91,85,265,437,577,669,717,717,643,517,354,140,-96,-319,-519,-696,-810,-851,-821,-715,-527,-298,-41,227,474,675,813,885,868,763,598,366,109,-144,-388,-587,-730,-790,-778,-703,-568,-387,-172,48,252,428,571,648,664,627,528,391,217,34,-148,-318,-446,-532,-557,-539,-473,-352,-209,-45,121,270,394,464,481,437,339,203,52,-112,-248,-324,-341,-295,348,237,0,-461,-139,-71,-70,-64,-51,-27,5,37,59,83,99,99,95,83,55,33,-5,-45,-72,-101,-130,-134,-134,-119,-89,-67,-20,18,43,91,135,159,179,184,171,143,101,47,-18,-71,-131,-192,-233,-272,-270,-253,-212,-152,-73,23,126,224,309,369,414,410,355,269,151,20,-117,-258,-377,-471,-511,-502,-448,-352,-214,-55,106,261,399,493,544,551,503,408,275,121,-53,-217,-357,-456,-514,-526,-495,-425,-309,-171,-28,110,242,345,423,455,447,398,326,231,120,7,-98,-192,-260,-314,-339,-339,-327,-288,-231,-174,-99,-18,59,134,213,276,313,343,349,323,285,211,116,14,489,-201,-295,-374,-424,-446,-424,-371,-293,-192,-59,87,207,327,423,488,509,495,441,344,223,72,-75,-216,-347,-456,-524,-549,-537,-478,-384,-257,-98,57,212,355,452,531,580,554,507,416,290,144,-17,-167,-311,-429,-517,-563,-569,-533,-454,-348,-216,-64,94,241,366,480,562,593,585,526,442,324,183,16,-156,-316,-460,-570,-642,-666,-641,-560,-433,-258,-72,141,345,510,636,716,742,702,593,442,253,40,-178,-368,-521,-640,-692,-697,-638,-529,-383,-216,-37,136,289,430,532,583,594,560,491,391,259,110,-43,-186,-306,-410,-483,-532,-547,-515,-455,-352,-232,-96,61,204,-654,-758,0,363,279,-203,-342,-469,-557,-605,-610,-578,-499,-376,-217,-46,135,317,477,603,692,730,703,632,507,330,132,-91,-316,-514,-687,-803,-856,-840,-752,-616,-409,-167,90,350,590,787,917,966,940,842,676,447,179,-107,-386,-633,-836,-965,-1008,-978,-868,-681,-445,-169,109,376,622,808,933,994,963,861,696,474,226,-43,-308,-542,-737,-887,-964,-957,-891,-743,-539,-290,-29,247,501,711,877,959,964,905,762,562,318,47,-216,-473,-692,-842,-929,-938,-881,-747,-548,-322,-59,197,440,645,796,874,880,816,692,514,297,50,-180,-399,-574,-701,-781,-784,-720,-608,-449,-265,-69,137,324,476,315,647,651,612,538,418,265,112,-42,-205,-347,-448,-518,-557,-555,-524,-445,-331,-208,-67,80,219,344,444,508,548,538,490,415,290,162,18,-136,-271,-389,-483,-549,-569,-556,-500,-405,-273,-123,27,179,342,480,585,646,651,620,527,392,221,42,-167,-377,-545,-682,-773,-790,-738,-627,-458,-230,16,268,505,694,821,881,858,748,568,345,86,-190,-438,-642,-793,-856,-839,-744,-590,-380,-139,102,325,506,638,716,718,662,546,386,191,-10,-204,-374,-504,-589,-612,-589,-503,-378,-221,-45,121,286,410,488,523,501,433,315,163,-6,-173,-309,-398,-432,-411,-314,-182,-29,99,147,290,0,-600,-747,-19,14,35,58,78,89,83,72,57,24,-11,-36,-73,-95,-110,-124,-111,-98,-77,-37,7,37,77,100,129,151,144,143,134,94,53,14,-38,-88,-139,-178,-207,-216,-212,-201,-158,-106,-33,51,127,211,278,323,340,323,282,213,118,9,-129,-246,-347,-427,-458,-455,-399,-311,-188,-36,120,270,401,493,533,525,475,369,232,81,-87,-251,-384,-481,-537,-545,-492,-410,-291,-145,14,161,301,411,478,494,474,413,325,205,69,-62,-177,-275,-349,-392,-397,-372,-322,-254,-176,-85,2,89,171,229,272,306,318,314,301,260,194,120,44,-52,-140,-230,-313,-363,-384,-571,-369,-307,-218,-108,18,146,258,352,425,478,472,437,369,260,135,2,-144,-281,-395,-479,-529,-527,-493,-418,-312,-166,-19,143,285,413,506,559,555,530,445,334,209,44,-121,-263,-402,-505,-574,-587,-557,-488,-380,-248,-92,62,217,351,457,534,574,570,523,442,335,189,38,-129,-275,-404,-514,-591,-628,-609,-549,-454,-313,-142,45,228,401,550,654,713,719,649,522,354,160,-45,-259,-448,-595,-698,-739,-716,-627,-498,-324,-126,72,269,428,550,621,648,617,557,452,307,151,-16,-174,-314,-428,-511,-556,-566,-523,-455,-357,-237,-113,36,172,302,413,485,541,545,508,371,31
61381,mtk,MTK 7916,861867950,rx1-tx1,512,0,0,0,-401,-635,-722,-638,-387,-37,325,606,738,690,475,147,-219,-528,-695,-690,-522,-227,120,425,620,662,529,257,-71,-373,-571,-621,-509,-262,54,351,542,601,506,265,-54,-351,-552,-607,-502,-269,46,348,556,618,529,296,-22,-343,-582,-669,-596,-369,-30,312,572,699,655,439,113,-244,-548,-707,-688,-504,-196,165,487,677,697,541,249,-99,-421,-631,-678,-553,-288,59,388,612,684,586,332,-9,-347,-595,-689,-620,-396,-68,280,562,697,656,466,166,-183,-483,-663,-676,-526,-248,83,388,594,661,564,329,24,-290,-529,-619,-569,-381,-112,178,420,542,532,405,183,-80,-307,0,-459,-363,-181,29,223,353,370,281,131,-55,-225,-313,-310,-223,-72,102,249,332,317,202,29,-155,-312,-392,-365,-230,-27,198,386,481,457,310,75,-191,-418,-553,-557,-421,-178,127,417,605,646,543,303,-25,-352,-610,-719,-657,-440,-112,254,565,749,756,584,269,-120,-479,-738,-836,-728,-444,-55,346,675,858,846,634,277,-146,-534,-798,-889,-777,-499,-113,305,649,845,847,659,335,-58,-431,-693,-801,-734,-497,-168,185,487,676,714,590,348,41,-259,-494,-613,-596,-452,-223,42,289,464,528,483,346,142,-80,-275,-407,-450,-412,-303,-146,21,169,275,323,318,267,177,0,0,0,0,0,102,-40,-192,-346,-465,-523,-488,-365,-162,92,347,561,673,650,505,254,-59,-373,-629,-765,-737,-557,-252,119,474,717,818,751,502,134,-256,-597,-817,-848,-679,-351,64,469,768,891,803,522,109,-342,-706,-915,-917,-699,-302,170,611,915,1009,866,509,26,-465,-849,-1035,-979,-687,-234,281,728,1005,1043,829,409,-104,-593,-939,-1056,-924,-556,-49,460,865,1065,991,666,179,-341,-776,-1033,-1034,-778,-317,230,724,1035,1094,888,457,-91,-629,-1023,-1167,-1015,-608,-49,537,990,1207,1139,804,255,-370,-913,-1248,-1283,-1015,-510,131,754,1202,1364,1202,758,138,-514,-1050,-1338,-1298,-946,-369,0,857,1224,1298,1063,565,-78,-686,-1118,-1279,-1128,-695,-91,530,1022,1257,1179,807,225,-417,-946,-1244,-1245,-935,-394,239,828,1221,1305,1067,572,-62,-692,-1154,-1324,-1174,-742,-132,515,1037,1298,1246,895,332,-309,-867,-1197,-1230,-960,-463,140,703,1071,1166,969,529,-31,-570,-970,-1106,-952,-561,-29,508,908,1076,975,613,85,-465,-896,-1095,-1023,-697,-190,361,824,1087,1087,816,344,-209,-710,-1032,-1105,-908,-490,46,553,926,1071,950,607,128,-375,-775,-971,-927,-663,-253,207,602,833,848,658,316,-96,-470,-706,-746,-590,-295,71,408,626,679,548,276,-70,-392,-606,-657,-535,-265,73,388,0,0,0,0,0,606,340,-25,-377,-631,-739,-668,-433,-92,273,573,729,705,513,197,-166,-477,-667,-686,-534,-251,91,396,593,636,516,268,-55,-360,-556,-599,-495,-263,47,341,540,601,502,262,-49,-348,-548,-616,-521,-283,33,345,570,652,563,328,11,-323,-578,-688,-626,-407,-72,284,564,703,669,472,154,-215,-524,-698,-698,-530,-228,130,445,647,685,555,272,-75,-395,-618,-684,-568,-310,31,368,606,682,588,349,19,-322,-584,-696,-640,-434,-115,241,529,690,681,506,212,-134,-438,-628,-671,-547,-293,32,339,560,644,568,352,58,-238,-466,-590,-559,-401,-153,121,356,497,510,392,0,-52,-256,-388,-416,-332,-169,35,217,325,337,252,101,-75,-226,-313,-300,-205,-45,132,277,355,328,207,24,-184,-357,-441,-409,-267,-45,200,408,513,498,354,120,-157,-421,-588,-607,-481,-234,80,391,613,688,598,360,36,-309,-596,-742,-713,-517,-189,190,532,754,795,654,352,-43,-430,-721,-856,-787,-530,-160,254,619,841,872,709,384,-30,-434,-743,-883,-828,-590,-224,187,557,794,839,706,425,63,-297,-591,-747,-737,-560,-263,64,365,582,664,601,407,138,-151,-391,-537,-570,-482,-290,-45,197,379,474,480,392,231,33,-160,-310,-389,-398,-346,-239,-110,16,119,187,0,0,0,0,0,344,388,381,310,166,-34,-247,-441,-574,-612,-530,-345,-80,219,483,668,732,642,416,97,-258,-562,-759,-797,-660,-385,-20,359,661,820,801,600,255,-160,-540,-796,-870,-747,-444,-28,400,739,904,856,611,211,-255,-667,-924,-968,-777,-411,71,541,885,1034,930,602,134,-376,-796,-1019,-1016,-770,-329,197,666,981,1064,878,484,-25,-532,-905,-1060,-948,-607,-132,391,830,1052,1015,725,255,-280,-743,-1028,-1064,-830,-380,165,672,1024,1121,948,531,-30,-592,-1013,-1184,-1075,-703,-150,449,953,1232,1222,916,383,-251,-840,-1236,-1338,-1119,-641,-2,641,1130,1351,1253,857,262,-392,-959,-1291,0,-1001,-474,157,760,1178,1291,1095,635,23,-593,-1067,-1274,-1155,-754,-168,462,978,1257,1221,873,309,-329,-886,-1235,-1285,-1010,-477,175,774,1186,1320,1126,656,27,-605,-1082,-1306,-1217,-823,-231,413,950,1253,1241,932,399,-227,-784,-1139,-1207,-976,-512,70,624,1012,1129,952,550,16,-532,-936,-1094,-959,-586,-62,478,896,1090,1000,645,139,-409,-862,-1102,-1060,-753,-265,288,780,1071,1096,868,420,-135,-642,-993,-1101,-942,-558,-49,457,849,1032,957,655,211,-275,-677,-899,-886,-661,-290,145,525,761,794,628,304,-76,-423,-653,-709,-568,-277,66,378,598,654,529,257,-79,-395,-608,-659,-535,0,0
61382,mtk,MTK 7916,861867950,rx2-tx0,512,0,0,0,-792,-1100,-1151,-909,-423,178,746,1144,1269,1081,618,-2,-636,-1115,-1320,-1217,-807,-194,467,1022,1330,1309,954,366,-301,-903,-1284,-1340,-1063,-522,149,783,1217,1344,1134,638,-19,-671,-1144,-1322,-1177,-737,-97,560,1073,1313,1222,819,208,-449,-1003,-1299,-1259,-911,-334,328,900,1242,1264,964,430,-213,-796,-1166,-1236,-991,-494,119,690,1083,1190,980,523,-66,-630,-1023,-1152,-974,-532,44,605,1007,1135,970,548,-22,-588,-1008,-1163,-1012,-594,-21,565,1018,1211,1089,688,105,-520,-1022,-1264,-1185,-812,-227,431,985,1292,1281,952,384,-288,-894,-1280,-1348,-1090,-556,120,762,1216,1374,1187,711,62,-608,-1125,0,-1268,-854,-235,437,1009,1324,1305,964,388,-288,-894,-1270,-1325,-1059,-526,148,788,1230,1362,1163,672,7,-676,-1187,-1400,-1276,-836,-181,522,1105,1423,1392,1021,390,-336,-985,-1400,-1478,-1191,-611,119,821,1324,1511,1340,839,138,-601,-1196,-1507,-1454,-1055,-398,350,1017,1432,1495,1207,635,-88,-785,-1294,-1488,-1321,-843,-166,542,1114,1418,1383,1025,428,-271,-903,-1314,-1409,-1181,-687,-33,621,1118,1352,1283,921,356,-274,-822,-1179,-1260,-1053,-616,-66,482,909,1121,1076,797,355,-142,-589,-887,-988,-869,-561,-153,266,614,817,839,687,397,39,-302,-563,-706,-709,-585,-365,-101,158,359,476,506,460,345,0,0,0,0,0,411,388,294,120,-105,-345,-548,-668,-669,-546,-311,12,354,635,801,813,649,344,-49,-453,-773,-933,-887,-644,-252,210,644,945,1037,901,545,49,-476,-905,-1139,-1115,-827,-339,238,776,1140,1247,1077,641,43,-576,-1065,-1315,-1264,-913,-340,316,900,1285,1380,1140,627,-30,-693,-1203,-1424,-1308,-881,-248,438,1018,1364,1389,1078,507,-167,-791,-1229,-1369,-1176,-700,-72,570,1058,1283,1195,818,242,-383,-896,-1180,-1165,-863,-349,248,766,1084,1126,879,414,-152,-672,-1013,-1089,-891,-460,92,623,995,1110,933,525,-25,-580,-989,-1152,-1025,-634,-72,513,983,1208,1133,780,228,-395,-931,-1227,-1221,-916,0,256,828,1196,1277,1043,540,-103,-722,-1154,-1301,-1133,-674,-39,611,1108,1331,1219,794,170,-501,-1057,-1349,-1303,-933,-329,368,989,1362,1395,1086,502,-211,-875,-1321,-1443,-1215,-682,24,729,1243,1445,1300,839,168,-541,-1111,-1398,-1337,-945,-324,371,964,1303,1311,989,425,-234,-832,-1206,-1274,-1022,-503,129,711,1114,1225,1019,557,-43,-626,-1036,-1178,-1022,-609,-42,525,951,1128,1016,649,124,-423,-851,-1052,-982,-663,-180,338,753,967,927,645,206,-277,-685,-900,-866,-602,-193,261,638,838,811,565,166,-281,-649,-843,-808,-551,-140,310,682,876,835,574,154,-317,-719,-940,-912,-645,-198,316,760,0,0,0,0,0,821,338,-248,-786,-1134,-1214,-995,-518,97,699,1139,1304,1150,712,91,-556,-1076,-1340,-1271,-892,-294,385,966,1305,1324,1017,453,-227,-846,-1246,-1339,-1104,-591,78,717,1174,1338,1157,685,45,-610,-1110,-1331,-1215,-783,-153,511,1039,1309,1247,866,274,-391,-955,-1267,-1261,-941,-381,273,848,1202,1248,981,466,-169,-748,-1120,-1207,-990,-517,89,660,1053,1164,971,527,-47,-608,-1008,-1138,-968,-545,29,596,999,1137,979,562,-10,-587,-1013,-1184,-1049,-643,-55,559,1033,1245,1139,743,155,-481,-1000,-1279,-1237,-879,-300,362,942,1288,1318,1026,470,-207,-832,-1252,-1371,-1148,-640,26,685,1179,1374,1232,788,0,-521,-1065,-1346,-1291,-914,-308,366,950,1299,1317,1010,455,-215,-835,-1247,-1350,-1108,-591,75,726,1208,1389,1218,749,87,-605,-1150,-1420,-1339,-922,-282,434,1053,1421,1438,1102,499,-233,-917,-1377,-1505,-1272,-730,-8,714,1271,1519,1402,955,268,-481,-1101,-1462,-1480,-1135,-520,217,899,1358,1488,1263,740,36,-670,-1205,-1448,-1352,-931,-296,413,1023,1376,1405,1106,547,-134,-778,-1231,-1401,-1246,-810,-195,451,980,1280,1288,1003,502,-94,-651,-1047,-1198,-1078,-727,-231,303,752,1015,1045,846,474,15,-428,-760,-913,-862,-634,-281,116,469,707,789,715,509,216,-98,-376,-567,-642,-600,-464,-274,-70,110,245,0,0,0,0,0,81,256,413,529,575,519,349,99,-190,-470,-677,-764,-705,-498,-176,201,554,804,886,777,496,97,-342,-725,-957,-980,-783,-403,78,559,929,1101,1011,685,193,-361,-845,-1147,-1193,-952,-498,90,680,1116,1296,1176,779,195,-444,-991,-1320,-1336,-1043,-496,172,809,1256,1413,1241,772,104,-581,-1124,-1405,-1363,-992,-390,304,911,1302,1387,1134,621,-37,-681,-1157,-1337,-1192,-765,-158,475,985,1238,1183,841,307,-303,-829,-1128,-1144,-883,-397,182,706,1039,1100,876,432,-122,-636,-992,-1097,-918,-491,64,604,996,1133,984,576,16,-551,-992,-1188,-1090,-712,-153,459,957,1220,1183,853,304,-324,-873,0,-1250,-980,-464,174,773,1176,1296,1092,609,-27,-663,-1132,-1317,-1174,-732,-104,555,1092,1350,1263,862,241,-443,-1023,-1360,-1357,-1008,-404,301,931,1342,1427,1150,592,-112,-795,-1286,-1460,-1267,-763,-70,638,1177,1426,1326,895,251,-448,-1032,-1355,-1333,-978,-386,294,891,1255,1291,1005,475,-175,-771,-1163,-1253,-1022,-530,86,664,1074,1206,1024,584,5,-565,-985,-1152,-1019,-625,-83,472,897,1092,1010,662,155,-376,-805,-1016,-960,-666,-205,301,714,930,896,632,211,-262,-653,-863,-838,-582,-172,269,636,832,805,560,155,-296,-663,-853,-812,-552,-140,319,703,910,870,596,164,-326,-743,-978,-963,-688,0,0
61383,mtk,MTK 7916,861867950,rx2-tx1,512,0,0,0,1152,1044,677,146,-431,-917,-1174,-1141,-833,-320,280,811,1141,1196,949,477,-105,-664,-1050,-1178,-1017,-607,-50,516,946,1128,1030,679,168,-377,-825,-1060,-1018,-717,-241,292,739,987,975,700,253,-252,-703,-958,-953,-697,-255,257,704,970,982,734,299,-228,-707,-1002,-1035,-806,-360,189,690,1019,1095,876,429,-123,-655,-1016,-1124,-954,-531,41,602,1014,1171,1022,618,44,-562,-1025,-1229,-1131,-735,-152,485,1010,1294,1265,913,321,-346,-928,-1301,-1370,-1103,-558,120,767,1232,1401,1227,770,132,-552,-1095,-1362,-1315,-948,-351,314,890,1256,1320,1057,552,-61,-658,-1094,-1257,-1105,-701,-155,419,871,1095,0,771,301,-216,-654,-915,-937,-726,-346,105,513,767,814,652,334,-69,-445,-687,-736,-588,-294,78,430,667,712,559,256,-116,-458,-679,-714,-544,-224,160,520,761,798,618,268,-174,-595,-881,-953,-780,-394,111,605,978,1128,1012,641,104,-474,-958,-1236,-1218,-912,-384,251,836,1238,1361,1166,688,49,-612,-1143,-1408,-1359,-997,-386,301,916,1337,1456,1250,764,104,-574,-1114,-1395,-1370,-1059,-521,123,716,1140,1302,1184,820,290,-280,-765,-1057,-1110,-932,-550,-65,407,756,928,901,679,311,-96,-461,-712,-800,-708,-483,-171,170,459,634,675,589,398,144,-116,-331,-466,-510,-468,-363,-224,-73,0,0,0,0,0,-225,-86,93,293,461,565,583,503,324,74,-201,-453,-615,-653,-563,-356,-71,235,497,649,660,523,258,-60,-366,-590,-682,-613,-400,-93,244,536,710,711,540,234,-139,-486,-723,-788,-674,-394,-10,391,697,840,786,551,174,-251,-615,-836,-860,-675,-326,107,522,814,910,781,462,37,-403,-752,-920,-873,-609,-192,266,664,906,920,720,346,-117,-557,-856,-942,-794,-454,-8,442,774,916,829,545,122,-334,-705,-896,-866,-624,-219,247,652,893,911,700,321,-136,-567,-858,-945,-797,-451,2,450,791,945,859,560,127,-335,-711,-906,-878,-637,-243,213,614,863,893,696,331,-114,0,-817,-896,-751,-427,1,430,752,876,785,505,93,-334,-666,-820,-765,-518,-134,285,620,784,748,517,140,-268,-602,-787,-772,-543,-159,264,625,837,832,611,221,-223,-615,-865,-899,-699,-325,132,567,849,924,766,410,-53,-500,-814,-928,-804,-460,-3,448,787,926,823,503,44,-426,-781,-935,-850,-537,-71,408,786,971,908,601,133,-369,-791,-1011,-970,-684,-218,315,772,1044,1057,798,329,-225,-731,-1062,-1126,-912,-466,95,638,1025,1167,1026,622,60,-510,-949,-1151,-1069,-726,-205,361,835,1097,1079,790,311,-238,-733,-1036,-1072,-834,-395,150,667,1001,1076,885,467,-68,-594,-969,-1094,0,0,0,0,0,-73,493,942,1169,1107,763,231,-359,-864,-1163,-1177,-898,-395,201,734,1093,1187,988,544,-31,-596,-1003,-1154,-1028,-654,-117,443,880,1093,1022,700,213,-327,-778,-1015,-989,-712,-251,268,710,963,954,694,254,-254,-696,-953,-959,-712,-273,248,709,988,1014,768,318,-218,-705,-1012,-1060,-837,-397,150,665,1016,1111,912,481,-74,-617,-1015,-1149,-983,-561,7,582,1021,1205,1073,660,76,-537,-1019,-1264,-1193,-814,-221,434,983,1303,1318,1006,442,-230,-861,-1285,-1396,-1171,-664,3,663,1163,1391,1283,859,233,-438,-997,-1322,-1329,-1008,-452,188,776,1178,1291,1096,647,52,-536,-981,-1185,-1099,-750,-238,0,756,1007,1007,761,329,-158,-575,-835,-875,-692,-343,85,473,721,775,627,310,-84,-444,-671,-719,-576,-277,96,443,661,692,539,240,-137,-488,-707,-738,-568,-236,175,557,814,863,687,316,-161,-620,-935,-1039,-891,-516,10,552,985,1197,1129,780,236,-374,-914,-1249,-1298,-1041,-531,113,743,1203,1390,1266,848,224,-465,-1046,-1396,-1426,-1134,-588,93,753,1241,1456,1348,944,328,-342,-920,-1289,-1374,-1158,-697,-97,504,966,1198,1168,894,437,-95,-581,-917,-1037,-928,-626,-202,240,610,828,856,701,404,42,-316,-596,-731,-704,-538,-278,17,294,498,602,590,475,286,79,-111,-259,-343,-362,0,0,0,0,0,-365,-467,-497,-452,-322,-116,121,351,534,628,601,459,224,-67,-348,-560,-659,-619,-449,-178,144,436,625,679,576,338,22,-307,-569,-697,-669,-481,-165,205,528,720,747,608,316,-68,-438,-712,-824,-733,-469,-88,317,659,851,838,621,254,-170,-566,-834,-897,-739,-412,19,459,798,930,836,544,116,-340,-717,-935,-921,-677,-272,196,619,885,938,766,407,-53,-487,-809,-933,-821,-503,-70,376,734,907,857,585,161,-297,-676,-890,-889,-661,-264,193,603,873,926,749,397,-54,-504,-833,-952,-833,-505,-65,382,745,924,877,613,193,-276,-662,-881,-888,-677,-292,169,580,842,894,0,382,-57,-484,-790,-888,-760,-464,-56,371,700,848,773,505,119,-300,-634,-799,-751,-509,-137,269,601,773,749,524,146,-275,-624,-816,-800,-575,-190,248,626,854,865,649,270,-191,-599,-866,-914,-739,-370,98,533,828,914,775,437,-18,-466,-794,-919,-805,-475,-19,440,783,924,827,511,58,-419,-794,-964,-877,-559,-100,396,793,991,934,640,175,-348,-793,-1036,-1011,-730,-269,278,768,1066,1094,852,391,-175,-700,-1056,-1157,-971,-543,19,577,1000,1173,1055,675,134,-432,-895,-1128,-1077,-765,-269,296,786,1070,1077,813,345,-202,-693,-1018,-1076,-858,-424,121,639,987,1089,917,514,-15,0,0
61384,mtk,MTK 7916,861903941,rx0-tx0,512,-330,688,527,908,856,734,557,331,82,-178,-414,-608,-773,-861,-885,-831,-720,-556,-344,-106,136,373,570,727,826,871,846,749,598,394,159,-90,-327,-543,-721,-837,-897,-874,-782,-635,-433,-197,64,314,546,724,847,889,871,788,638,444,206,-40,-292,-519,-681,-810,-871,-859,-781,-635,-457,-241,-8,237,451,630,759,835,846,789,664,495,278,49,-183,-408,-607,-748,-830,-846,-793,-677,-500,-289,-56,181,397,586,716,788,798,754,627,457,265,49,-168,-360,-523,-647,-707,-712,-665,-561,-431,-263,-81,105,278,431,553,622,642,619,555,447,302,133,-34,-205,-354,-489,-574,-619,-620,-568,-26,-352,-185,-10,167,330,465,568,623,647,610,513,380,211,29,-152,-334,-493,-604,-667,-678,-632,-537,-399,-214,-11,190,373,527,628,688,691,628,509,362,177,-22,-221,-396,-544,-649,-695,-680,-613,-498,-336,-152,53,259,431,573,671,713,693,613,476,288,91,-119,-336,-508,-643,-721,-713,-658,-541,-359,-146,71,275,449,592,665,667,604,488,328,141,-39,-226,-366,-462,-509,-512,-465,-374,-260,-131,4,116,207,280,325,340,323,280,225,154,72,-3,-81,-142,-189,-217,-235,-238,-213,-172,-127,-67,2,67,127,179,209,225,210,176,121,40,-44,-118,-169,-191,-179,-140,834,845,510,774,946,156,147,104,37,-37,-112,-177,-224,-241,-230,-192,-137,-70,13,94,173,229,271,294,291,267,209,135,50,-58,-160,-262,-362,-423,-440,-425,-373,-276,-153,9,185,348,483,592,641,636,567,438,260,41,-197,-423,-613,-762,-835,-835,-749,-584,-358,-88,191,475,713,888,984,996,903,715,469,164,-159,-467,-743,-934,-1044,-1069,-989,-819,-566,-267,60,381,658,873,1018,1079,1035,892,680,409,105,-204,-494,-744,-933,-1034,-1038,-964,-808,-575,-303,-1,294,550,777,932,1000,990,897,734,509,228,-62,-345,-596,-801,-925,-984,-970,-854,-673,-440,-174,112,376,619,801,915,951,924,301,633,403,141,-115,-361,-581,-761,-882,-929,-903,-804,-649,-434,-195,69,340,576,770,903,960,947,861,705,481,212,-71,-343,-585,-807,-939,-996,-970,-872,-710,-489,-228,40,317,566,784,940,1003,1011,928,775,569,308,13,-276,-557,-792,-964,-1064,-1082,-1009,-859,-634,-352,-43,280,568,829,1022,1119,1136,1060,884,643,350,20,-305,-623,-879,-1046,-1131,-1142,-1036,-857,-595,-293,25,344,614,850,1011,1083,1069,968,783,548,263,-37,-323,-579,-794,-942,-1004,-995,-906,-744,-526,-280,-10,265,520,722,864,937,941,860,725,527,284,33,-237,-473,-671,-817,-899,-910,-857,-728,-541,-313,-55,-6,277,-82,-517,-681,-44,-300,-522,-699,-825,-886,-878,-780,-642,-442,-203,42,285,493,673,805,862,861,787,654,468,256,18,-226,-450,-641,-784,-862,-874,-814,-700,-520,-302,-59,201,431,634,789,885,901,851,725,546,325,72,-174,-417,-622,-778,-870,-889,-843,-713,-545,-346,-99,142,382,583,730,830,863,828,720,565,374,158,-84,-324,-530,-695,-801,-846,-828,-753,-601,-409,-182,59,296,507,679,786,833,806,721,574,381,162,-60,-286,-487,-625,-716,-754,-733,-651,-527,-353,-155,38,229,398,532,634,675,667,600,498,353,188,18,-149,-312,-455,-563,-617,-626,-588,-515,-398,-237,-75,97,254,628,530,599,627,610,544,436,288,119,-56,-243,-403,-529,-618,-648,-641,-578,-461,-301,-125,67,259,418,563,651,686,660,582,451,283,98,-111,-308,-465,-591,-667,-692,-656,-565,-431,-258,-63,135,315,487,609,686,709,655,550,405,232,29,-180,-375,-546,-659,-715,-723,-652,-511,-345,-126,91,292,487,631,702,710,642,528,362,156,-55,-255,-418,-539,-589,-591,-537,-424,-287,-136,18,171,293,378,425,422,381,318,239,143,45,-55,-140,-206,-253,-270,-270,-257,-220,-165,-102,-40,26,93,142,187,217,227,212,184,133,71,-2,-79,-140,-195,-223,-216,-180,-114,-39,41,102,117,-105,-82,752,520,-35,-97,-158,-200,-208,-189,-145,-77,4,88,161,214,250,263,248,210,156,91,6,-78,-168,-250,-306,-353,-360,-332,-288,-204,-90,38,168,302,416,499,545,529,465,357,201,6,-185,-376,-543,-677,-745,-742,-656,-510,-305,-61,196,453,673,840,916,918,835,651,417,132,-168,-475,-732,-922,-1030,-1036,-952,-770,-509,-213,114,425,703,909,1036,1078,1014,854,623,344,31,-295,-579,-818,-985,-1062,-1037,-926,-744,-498,-200,106,398,659,861,984,1033,975,855,662,401,115,-179,-453,-686,-871,-975,-997,-939,-808,-595,-331,-66,227,492,711,869,961,962,885,738,526,280,18,-250,-176,-707,-844,-918,-915,-853,-715,-524,-288,-40,219,458,671,826,916,942,893,776,591,345,68,-206,-470,-696,-879,-972,-992,-924,-795,-604,-341,-67,218,474,695,865,965,992,953,831,650,397,128,-150,-433,-671,-862,-998,-1044,-1019,-908,-725,-473,-188,123,422,689,914,1052,1117,1079,958,769,497,194,-125,-451,-740,-952,-1100,-1147,-1114,-984,-761,-471,-169,169,484,759,971,1088,1125,1063,915,704,427,123,-188,-486,-729,-910,-1021,-1042,-985,-857,-660,-404,-131,151,420,658,830,938,975,940,817,633,405,150,-121,-377,-596,-776,-882,-934,-906,-800,-639,-426,-180,79,326,555,731,857,905,1067,1041
61385,mtk,MTK 7916,861903941,rx0-tx1,512,-686,-76,179,502,321,121,-76,-276,-447,-583,-660,-675,-650,-570,-441,-276,-93,88,258,408,514,586,609,582,511,413,287,138,-15,-173,-309,-421,-506,-556,-567,-527,-458,-358,-227,-77,65,216,354,465,553,587,583,532,455,330,175,17,-162,-332,-474,-590,-656,-660,-629,-543,-414,-247,-57,151,337,509,627,702,720,677,581,433,248,54,-157,-347,-510,-646,-715,-732,-684,-582,-431,-250,-46,161,347,510,629,699,706,658,571,424,248,56,-146,-326,-484,-606,-667,-688,-649,-553,-418,-249,-64,120,301,457,579,645,674,635,547,423,260,79,-117,-301,-450,-563,-643,-672,-640,-549,-419,-253,-38,133,311,476,586,654,659,624,525,391,222,30,-155,-337,-495,-594,-649,-657,-606,-498,-351,-186,16,197,365,506,605,649,637,570,459,296,114,-73,-249,-399,-522,-599,-617,-582,-505,-377,-219,-59,110,273,395,497,549,554,515,438,305,176,23,-134,-269,-379,-463,-495,-490,-457,-383,-279,-152,-10,121,242,344,424,469,471,440,365,255,130,-7,-142,-263,-365,-434,-461,-444,-386,-299,-182,-48,87,218,316,380,415,406,363,287,186,66,-56,-164,-256,-332,-367,-362,-323,-256,-161,-47,61,160,252,304,321,308,260,177,73,-43,-148,-224,-272,-275,-231,-147,-54,40,116,-714,-544,0,-717,-645,-70,-139,-189,-202,-187,-140,-66,19,112,185,233,252,236,204,140,62,-20,-102,-174,-217,-248,-262,-234,-184,-120,-41,40,106,165,209,233,238,208,165,118,55,-19,-70,-110,-150,-172,-177,-174,-157,-132,-96,-59,-22,6,50,84,117,149,174,186,184,174,145,99,51,-3,-69,-148,-195,-226,-239,-242,-220,-168,-112,-52,17,88,142,201,235,256,248,230,189,146,86,10,-55,-128,-195,-246,-277,-290,-295,-266,-211,-137,-50,44,138,228,291,342,362,341,303,228,144,45,-68,-182,-268,-335,-383,-395,-369,-329,-253,-151,-37,81,191,288,359,410,421,404,349,265,-48,43,-74,-196,-311,-398,-454,-471,-451,-404,-313,-190,-61,85,221,343,450,515,536,515,445,342,208,56,-106,-257,-395,-495,-546,-561,-528,-454,-341,-204,-53,102,254,380,488,550,577,557,487,394,252,99,-63,-231,-371,-489,-576,-618,-604,-550,-456,-318,-150,22,203,366,504,606,664,672,624,524,377,200,0,-200,-385,-548,-669,-736,-735,-678,-577,-409,-215,7,233,431,604,710,776,765,691,567,387,182,-50,-271,-461,-620,-719,-768,-752,-664,-537,-362,-160,54,261,438,589,697,743,722,646,522,357,159,-51,-266,-449,-596,-699,-738,-714,-635,-507,-342,-142,62,271,451,-5,-353,9,933,922,-514,-640,-696,-702,-647,-534,-382,-200,-12,176,358,502,596,644,633,582,478,342,188,20,-153,-296,-426,-517,-564,-572,-540,-469,-371,-244,-104,49,195,323,437,525,562,561,530,448,348,209,50,-105,-257,-395,-518,-595,-631,-623,-551,-443,-302,-127,58,242,415,553,647,693,682,620,504,339,152,-57,-256,-441,-587,-682,-729,-717,-636,-515,-350,-153,56,262,442,587,679,723,701,629,507,341,147,-59,-245,-421,-568,-657,-699,-682,-610,-500,-343,-162,28,229,404,538,635,673,663,603,493,340,169,-15,-211,-376,-514,-614,-663,-663,-601,-485,-345,-173,18,209,378,519,620,634,649,587,474,320,142,-53,-237,-406,-532,-623,-659,-640,-577,-448,-287,-114,74,264,437,555,634,654,614,541,412,245,59,-133,-304,-457,-572,-630,-639,-587,-488,-351,-177,1,176,333,472,550,579,576,509,406,280,119,-37,-194,-337,-441,-503,-535,-509,-440,-356,-231,-87,53,189,306,400,462,478,458,406,327,215,81,-61,-189,-308,-393,-445,-469,-446,-383,-288,-162,-26,112,231,338,413,446,436,382,292,185,59,-67,-184,-281,-354,-393,-390,-348,-278,-180,-63,50,156,249,315,345,330,301,230,128,21,-87,-189,-265,-305,-303,-256,-182,-86,25,127,194,219,208,155,560,739,0,29,-325,-149,-122,-56,23,107,182,225,238,215,162,93,10,-74,-151,-214,-247,-255,-237,-188,-124,-59,25,112,176,227,250,245,219,178,117,49,-29,-100,-153,-192,-223,-216,-184,-158,-116,-60,-12,34,67,102,129,148,155,164,160,138,118,84,49,4,-47,-92,-147,-179,-205,-214,-221,-184,-129,-75,-13,51,125,182,217,241,249,226,191,149,90,27,-40,-109,-167,-205,-245,-257,-259,-245,-199,-135,-66,6,85,172,239,291,318,321,305,259,187,99,-16,-116,-209,-288,-341,-376,-378,-336,-270,-193,-99,20,125,224,317,379,408,407,371,299,210,97,-19,-136,-244,-333,-1135,-444,-438,-408,-334,-238,-116,14,142,264,376,448,489,499,458,386,276,136,-11,-172,-318,-435,-511,-551,-545,-498,-408,-276,-123,34,196,337,454,526,562,551,499,411,297,146,-6,-173,-311,-433,-535,-580,-595,-552,-468,-360,-215,-48,127,289,435,555,616,644,624,543,423,265,88,-101,-291,-459,-589,-676,-717,-689,-616,-484,-308,-104,116,311,504,651,739,779,733,642,490,301,85,-153,-357,-540,-676,-760,-781,-721,-616,-460,-272,-62,164,365,533,662,739,752,699,592,453,267,52,-161,-356,-521,-649,-722,-739,-693,-589,-443,-258,-46,162,359,522,648,715,723,674,555,718,628
61386,mtk,MTK 7916,861903941,rx1-tx0,512,0,-349,-240,-156,-314,-435,-532,-593,-608,-577,-490,-393,-240,-55,121,303,461,595,681,714,696,625,488,308,96,-131,-345,-549,-707,-811,-851,-820,-712,-549,-332,-85,173,438,656,824,929,948,894,757,551,304,17,-261,-520,-749,-904,-994,-994,-903,-741,-517,-248,29,320,569,769,908,982,961,861,699,483,237,-32,-300,-546,-749,-881,-955,-944,-860,-713,-510,-252,26,299,546,755,897,966,944,856,695,481,222,-46,-319,-561,-760,-887,-938,-913,-805,-642,-426,-184,80,336,558,737,840,884,852,739,578,359,121,-125,-358,-547,-697,-786,-800,-746,-632,-472,-285,-74,138,342,497,609,677,-277,633,533,398,242,64,-93,-260,-394,-494,-558,-576,-550,-494,-395,-272,-136,11,160,294,399,490,542,552,517,448,337,208,60,-87,-236,-368,-466,-534,-570,-549,-492,-398,-279,-131,25,192,331,448,560,609,614,585,491,372,206,23,-174,-352,-531,-657,-730,-751,-703,-583,-417,-199,46,286,506,691,811,862,833,724,536,292,23,-247,-491,-688,-826,-881,-846,-725,-538,-307,-52,201,432,605,719,772,743,642,496,304,93,-128,-324,-484,-592,-644,-631,-562,-450,-284,-109,66,245,391,489,531,535,477,376,237,76,-94,-256,-383,-457,-467,-424,-328,-187,-26,130,248,311,307,-134,-292,0,634,750,-51,-70,-58,-40,-14,19,48,68,86,103,101,89,64,34,2,-40,-72,-96,-123,-131,-129,-121,-93,-63,-20,18,53,102,128,152,174,168,147,128,89,35,-13,-74,-139,-191,-230,-256,-263,-247,-193,-123,-42,57,147,238,308,364,385,368,300,217,101,-36,-172,-305,-416,-487,-494,-465,-393,-278,-122,44,200,345,456,527,540,508,419,303,153,-18,-185,-331,-443,-516,-536,-501,-427,-315,-177,-26,133,273,373,437,474,463,404,317,211,95,-37,-156,-243,-311,-356,-363,-351,-317,-262,-191,-109,-25,62,131,201,267,302,329,334,313,268,220,125,28,-67,-175,-268,489,-400,-418,-404,-362,-286,-182,-57,75,204,325,410,471,490,470,405,317,187,45,-107,-247,-364,-459,-516,-536,-508,-431,-332,-199,-44,123,273,394,492,550,562,533,457,345,202,42,-129,-274,-399,-497,-556,-575,-540,-466,-361,-222,-73,88,238,379,478,533,565,562,504,410,285,131,-28,-186,-332,-456,-563,-624,-632,-591,-506,-374,-207,-15,170,353,517,641,706,710,662,542,386,189,-32,-243,-438,-598,-691,-724,-703,-611,-473,-297,-104,98,276,434,548,620,641,598,528,413,262,100,-53,-208,-343,-446,-522,-556,-541,-498,-416,-304,-181,-37,108,241,362,457,520,545,521,-391,-31,0,-130,-289,-554,-494,-392,-265,-107,63,231,377,499,611,651,652,602,503,359,178,-17,-211,-412,-583,-706,-780,-778,-725,-611,-438,-225,22,273,503,694,833,896,900,816,655,451,194,-81,-355,-609,-803,-935,-992,-947,-839,-645,-406,-131,162,440,673,861,966,993,938,805,616,371,95,-196,-447,-669,-831,-936,-962,-914,-790,-607,-374,-117,160,417,638,821,934,974,922,803,617,382,107,-174,-435,-660,-831,-931,-953,-905,-779,-589,-340,-80,196,449,663,821,903,915,844,709,516,278,31,-236,-459,-647,-781,-840,-840,-756,-616,-433,-209,28,254,457,604,698,741,724,643,503,344,155,315,-221,-382,-502,-589,-619,-603,-554,-448,-329,-180,-21,134,271,399,483,540,556,527,456,357,242,102,-48,-194,-328,-437,-511,-549,-553,-505,-417,-297,-168,-18,136,279,400,498,559,583,563,492,396,256,75,-82,-257,-410,-542,-638,-684,-666,-604,-485,-311,-116,96,313,512,669,783,816,774,669,491,258,-4,-265,-504,-706,-831,-884,-848,-733,-550,-311,-40,230,474,664,789,834,802,690,514,305,70,-177,-383,-545,-655,-704,-689,-604,-465,-297,-104,93,268,425,533,578,580,525,411,260,97,-74,-238,-365,-457,-501,-496,-433,-318,-161,6,165,302,389,416,370,270,134,-3,352,239,0,-405,-40,2,22,51,67,82,87,79,61,40,5,-31,-67,-93,-106,-116,-111,-93,-77,-48,-10,27,67,107,129,147,137,136,117,84,54,7,-47,-90,-132,-173,-193,-203,-206,-180,-132,-83,-20,55,146,221,269,300,309,288,244,174,77,-39,-173,-279,-363,-425,-443,-429,-368,-265,-111,48,193,330,440,514,524,485,400,276,127,-39,-202,-349,-453,-527,-546,-510,-429,-310,-165,-1,160,298,412,482,516,495,423,315,194,60,-87,-216,-317,-386,-420,-422,-377,-308,-232,-130,-30,64,152,226,281,317,332,320,290,258,195,117,37,-53,-139,-211,-287,-349,-366,-367,-344,-278,-571,-109,12,132,242,338,406,446,448,421,345,244,115,-25,-163,-284,-397,-484,-519,-514,-457,-375,-260,-124,34,187,324,428,512,557,548,488,400,280,125,-41,-200,-342,-458,-534,-574,-565,-506,-412,-280,-130,30,192,326,445,522,564,559,513,428,305,165,26,-135,-287,-411,-511,-570,-587,-563,-496,-399,-265,-102,75,245,408,544,638,674,657,596,480,314,116,-95,-305,-491,-622,-716,-734,-694,-596,-441,-244,-39,176,366,522,629,689,684,619,509,357,189,-1,-170,-323,-458,-551,-581,-577,-532,-449,-340,-215,-62,86,227,356,447,509,540,522,474,401,292,164,13,-139,-639,-753
61387,mtk,MTK 7916,861903941,rx1-tx1,512,0,0,0,507,263,-48,-355,-578,-661,-588,-372,-63,254,512,649,633,467,186,-140,-420,-583,-605,-487,-253,44,321,512,573,483,265,-15,-284,-471,-538,-471,-282,-22,248,458,542,480,301,42,-234,-455,-553,-504,-329,-74,207,445,566,549,389,119,-179,-432,-585,-597,-460,-206,102,392,589,640,530,292,-10,-316,-544,-639,-573,-371,-81,232,480,604,573,411,142,-176,-439,-586,-592,-450,-190,121,394,560,597,497,269,-35,-329,-549,-632,-554,-347,-63,238,480,603,580,428,169,-130,-395,-555,-590,-481,-259,22,296,495,565,507,339,87,-180,-391,-505,-501,-383,-173,72,283,418,445,0,199,-5,-193,-314,-350,-297,-168,0,158,261,286,229,117,-21,-167,-268,-287,-222,-82,79,228,326,329,249,94,-93,-271,-389,-409,-324,-154,72,294,444,493,430,256,5,-263,-468,-561,-530,-377,-121,171,432,602,625,507,266,-48,-350,-585,-689,-626,-415,-113,230,525,706,730,582,294,-65,-415,-663,-765,-706,-484,-145,223,545,751,790,654,378,20,-342,-623,-763,-745,-563,-255,99,422,647,730,660,448,143,-183,-458,-628,-651,-542,-325,-51,224,441,558,547,424,222,-16,-245,-418,-484,-451,-337,-154,43,222,360,416,390,303,164,3,-141,-249,-305,-310,-264,-189,-108,0,0,0,0,0,129,19,-116,-263,-388,-466,-474,-391,-231,-23,208,424,573,613,537,363,102,-195,-450,-633,-692,-604,-393,-90,242,526,701,729,603,340,-3,-350,-618,-753,-720,-525,-209,164,507,734,791,661,382,14,-372,-687,-842,-803,-578,-209,211,589,844,899,738,405,-19,-442,-776,-935,-869,-602,-192,267,663,899,932,744,379,-76,-513,-828,-946,-836,-524,-88,369,735,929,898,644,237,-234,-650,-907,-946,-752,-372,101,551,871,982,863,524,52,-444,-840,-1036,-975,-694,-244,284,757,1059,1106,890,456,-91,-630,-1025,-1183,-1069,-715,-186,394,880,1159,1183,938,467,-113,-663,-1056,-1200,-1056,0,-134,429,892,1147,1118,826,337,-228,-736,-1064,-1133,-925,-491,58,598,988,1129,1004,634,107,-455,-900,-1136,-1100,-796,-295,286,795,1108,1166,939,485,-75,-622,-1028,-1190,-1062,-688,-156,419,893,1141,1112,821,337,-212,-708,-1031,-1090,-887,-473,42,542,909,1031,897,547,68,-422,-802,-962,-883,-589,-144,351,754,964,929,666,235,-254,-683,-949,-977,-767,-376,107,568,889,997,865,529,68,-408,-790,-977,-921,-657,-249,223,629,872,915,740,390,-40,-444,-729,-837,-736,-457,-86,287,577,716,676,470,152,-193,-474,-622,-605,-437,-159,146,414,572,579,427,161,-139,-398,-564,-584,-455,0,0,0,0,0,380,582,643,554,327,13,-310,-553,-660,-609,-420,-135,185,460,618,625,483,220,-91,-374,-554,-589,-485,-259,24,293,483,546,468,269,4,-259,-459,-538,-471,-281,-24,243,460,549,485,304,52,-222,-449,-559,-522,-359,-100,195,439,581,574,425,162,-145,-423,-596,-626,-499,-251,59,353,568,638,555,335,37,-271,-518,-629,-582,-393,-108,205,459,590,583,426,164,-133,-407,-573,-595,-476,-228,79,359,555,615,522,305,10,-298,-523,-621,-580,-398,-118,194,450,593,596,459,209,-82,-348,-530,-585,-500,-303,-30,245,445,534,508,355,124,-125,-340,-466,-475,-374,-187,32,0,362,399,333,188,3,-167,-278,-318,-272,-151,9,162,261,279,218,96,-60,-198,-293,-308,-225,-86,95,262,359,362,270,112,-82,-277,-415,-451,-373,-193,45,278,456,537,482,304,52,-218,-452,-587,-590,-440,-183,114,397,595,655,564,338,28,-294,-560,-705,-683,-497,-192,158,476,697,761,650,388,34,-324,-610,-769,-759,-580,-268,109,458,702,793,716,480,139,-226,-536,-728,-754,-618,-362,-33,296,550,685,668,503,239,-64,-339,-533,-615,-559,-389,-140,125,345,485,525,453,290,77,-146,-322,-429,-450,-372,-233,-60,117,267,353,371,331,244,122,-1,-102,-172,-213,0,0,0,0,0,284,347,364,315,208,47,-147,-331,-473,-544,-526,-406,-195,66,324,533,640,628,499,257,-46,-356,-595,-716,-686,-514,-226,117,433,664,750,666,433,103,-248,-559,-748,-757,-593,-297,79,449,714,816,741,483,98,-311,-649,-846,-857,-661,-307,118,531,817,920,820,515,87,-356,-720,-920,-909,-683,-294,173,595,860,929,793,461,7,-445,-788,-941,-868,-587,-167,299,699,919,917,696,304,-161,-589,-891,-978,-816,-452,18,491,847,1003,925,614,149,-366,-805,-1049,-1054,-802,-349,193,698,1044,1151,989,592,47,-511,-956,-1186,-1141,-827,-330,249,778,1129,1203,1006,587,23,-547,0,-1190,-1101,-755,-236,334,819,1103,1125,874,418,-137,-660,-1025,-1132,-962,-559,-18,525,942,1137,1063,726,201,-370,-850,-1127,-1134,-868,-402,167,702,1069,1179,1016,599,40,-524,-965,-1167,-1085,-753,-247,314,795,1084,1113,867,409,-131,-622,-955,-1056,-890,-517,-22,481,849,997,893,571,112,-379,-773,-959,-900,-627,-181,312,721,954,952,710,304,-179,-628,-931,-1000,-827,-455,26,502,848,989,897,593,157,-322,-718,-937,-935,-711,-320,128,535,806,877,742,441,38,-366,-662,-777,-707,-474,-132,233,523,667,636,446,153,-166,-432,-587,-587,-430,-167,131,398,561,568,425,178,-118,-385,0,0
61388,mtk,MTK 7916,861903941,rx2-tx0,512,0,0,0,763,273,-308,-832,-1155,-1205,-973,-491,132,726,1157,1319,1161,724,107,-544,-1065,-1331,-1279,-923,-343,325,915,1286,1341,1068,537,-126,-761,-1206,-1354,-1169,-705,-69,589,1095,1334,1241,839,230,-435,-992,-1297,-1275,-944,-385,274,872,1251,1310,1048,521,-127,-744,-1175,-1312,-1121,-657,-37,587,1060,1270,1157,756,178,-438,-941,-1196,-1147,-809,-271,329,841,1136,1129,832,330,-254,-770,-1087,-1120,-860,-382,195,729,1074,1138,913,451,-135,-695,-1084,-1198,-1002,-555,39,640,1079,1248,1118,705,109,-519,-1040,-1302,-1245,-884,-298,363,939,1292,1335,1050,509,-160,-791,-1224,-1375,-1197,-720,-72,594,1121,1373,1288,0,293,-386,-971,-1312,-1338,-1036,-477,189,806,1224,1344,1141,654,1,-651,-1145,-1356,-1243,-825,-195,483,1045,1363,1352,1008,412,-290,-921,-1339,-1445,-1193,-652,46,741,1261,1482,1354,905,242,-489,-1115,-1471,-1470,-1124,-518,214,911,1384,1527,1312,791,82,-653,-1217,-1496,-1430,-1035,-394,352,1002,1404,1475,1204,656,-36,-723,-1238,-1457,-1330,-901,-271,415,1014,1370,1402,1123,595,-66,-707,-1183,-1386,-1266,-866,-291,335,872,1210,1278,1065,621,54,-506,-935,-1149,-1107,-824,-382,123,585,904,1009,900,610,202,-234,-604,-827,-868,-731,-456,-108,246,541,713,740,630,418,155,-117,-348,-498,-544,-500,-399,-266,0,0,0,0,0,417,422,354,203,-8,-248,-478,-640,-696,-628,-439,-146,192,510,743,838,763,522,157,-261,-628,-877,-951,-820,-502,-60,406,797,1030,1038,805,379,-139,-643,-1015,-1166,-1060,-709,-186,396,900,1205,1243,1004,522,-86,-684,-1137,-1336,-1227,-838,-242,419,974,1317,1376,1106,575,-93,-747,-1231,-1427,-1295,-865,-238,445,1028,1365,1383,1090,541,-125,-759,-1208,-1369,-1204,-750,-141,491,1003,1269,1221,874,327,-281,-805,-1126,-1175,-937,-468,109,646,1021,1132,955,543,0,-533,-933,-1102,-986,-616,-93,453,893,1115,1052,719,202,-371,-858,-1137,-1138,-860,-361,235,785,1138,1226,1025,559,-48,-645,-1091,-1274,0,-750,-157,472,995,1277,1244,901,340,-307,-881,-1249,-1306,-1040,-517,144,766,1198,1343,1165,694,42,-621,-1142,-1387,-1286,-873,-246,447,1043,1395,1407,1072,474,-243,-898,-1339,-1459,-1231,-695,7,696,1212,1442,1322,881,230,-473,-1055,-1370,-1347,-996,-412,269,877,1253,1319,1067,549,-102,-715,-1134,-1267,-1084,-633,-28,572,1024,1217,1102,709,150,-435,-912,-1150,-1096,-772,-266,306,792,1070,1077,816,358,-178,-668,-981,-1034,-822,-418,80,550,870,960,806,447,-24,-472,-780,-882,-755,-430,5,432,747,861,733,414,-11,-435,-753,-877,-767,-445,-4,439,779,917,822,511,53,-431,-809,-990,-921,-612,0,0,0,0,0,841,1123,1134,866,376,-226,-790,-1163,-1266,-1067,-610,6,637,1123,1338,1224,824,228,-434,-999,-1317,-1322,-1011,-446,228,840,1250,1350,1124,625,-26,-673,-1159,-1350,-1208,-775,-152,505,1046,1324,1267,896,306,-364,-937,-1276,-1298,-1000,-463,199,806,1206,1307,1083,589,-49,-671,-1116,-1285,-1145,-717,-107,520,1006,1230,1148,787,228,-383,-893,-1167,-1135,-820,-302,290,803,1102,1121,845,348,-224,-738,-1071,-1123,-881,-407,173,711,1070,1157,948,493,-96,-670,-1082,-1223,-1061,-632,-31,589,1067,1284,1185,793,197,-450,-998,-1310,-1297,-970,-409,260,871,1270,1361,1126,614,-48,-696,-1181,-1384,-1248,-812,-179,495,0,1342,1316,968,389,-282,-885,-1276,-1345,-1088,-568,89,721,1179,1357,1196,737,99,-563,-1097,-1367,-1294,-909,-308,387,990,1354,1391,1097,535,-166,-843,-1311,-1464,-1272,-777,-96,619,1195,1482,1420,1025,379,-364,-1019,-1433,-1506,-1223,-658,68,776,1304,1522,1382,915,241,-486,-1107,-1461,-1465,-1129,-530,183,850,1325,1480,1272,780,116,-575,-1133,-1424,-1383,-1019,-429,250,870,1294,1416,1211,740,112,-526,-1045,-1322,-1293,-983,-470,133,690,1080,1222,1094,735,227,-311,-762,-1032,-1068,-872,-499,-36,412,753,926,897,681,334,-64,-431,-695,-809,-755,-558,-268,56,352,562,659,638,518,325,106,-97,-248,-340,0,0,0,0,0,15,197,368,511,587,567,445,223,-66,-359,-602,-751,-761,-616,-344,14,388,697,872,870,677,327,-97,-522,-852,-1007,-939,-657,-226,279,735,1035,1111,933,544,15,-532,-972,-1197,-1158,-856,-346,257,808,1187,1304,1126,689,88,-548,-1072,-1347,-1313,-981,-412,262,881,1286,1411,1216,730,76,-595,-1138,-1410,-1353,-991,-405,284,900,1295,1387,1155,658,6,-631,-1112,-1325,-1216,-828,-245,383,905,1200,1202,919,411,-187,-725,-1074,-1159,-956,-516,45,582,967,1110,967,578,46,-496,-914,-1104,-1013,-661,-142,418,880,1131,1097,787,281,-303,-822,-1148,-1189,-936,-455,144,714,1117,1257,1091,656,57,0,-1051,-1277,-1194,-825,-252,390,940,1266,1278,969,430,-216,-817,-1214,-1322,-1103,-600,50,696,1180,1377,1235,784,142,-540,-1100,-1398,-1354,-979,-361,346,972,1367,1441,1160,596,-117,-803,-1292,-1463,-1284,-799,-124,581,1144,1416,1342,942,322,-358,-949,-1306,-1338,-1039,-484,181,788,1196,1300,1078,588,-38,-647,-1082,-1241,-1099,-679,-92,502,964,1186,1101,747,217,-368,-855,-1114,-1093,-803,-311,251,731,1020,1053,824,389,-137,-611,-920,-995,-812,-431,44,504,816,910,775,437,-11,-449,-763,-861,-741,-432,-2,433,748,859,737,424,-6,-444,-766,-896,-792,-468,-18,439,794,958,872,554,92,-409,-818,0,0
61389,mtk,MTK 7916,861903941,rx2-tx1,512,0,0,0,14,562,988,1178,1077,711,177,-396,-886,-1166,-1165,-887,-393,195,733,1089,1184,998,569,3,-555,-970,-1148,-1049,-694,-182,371,826,1072,1045,769,305,-232,-704,-985,-1011,-785,-369,146,614,912,975,785,388,-99,-559,-888,-984,-823,-444,54,548,908,1032,881,514,14,-499,-894,-1071,-979,-632,-120,431,867,1098,1054,742,242,-331,-828,-1107,-1112,-847,-363,230,771,1131,1201,969,501,-100,-696,-1133,-1291,-1132,-698,-90,551,1075,1347,1304,942,346,-331,-930,-1323,-1397,-1136,-607,59,703,1185,1397,1271,845,229,-437,-992,-1311,-1331,-1033,-491,147,735,1140,1273,1117,709,141,-444,-907,-1149,-1106,-810,0,194,656,949,1005,807,426,-37,-465,-762,-856,-738,-433,-31,361,651,765,671,414,56,-319,-599,-714,-642,-395,-43,321,597,711,637,392,23,-355,-646,-771,-692,-433,-42,388,734,905,852,587,162,-341,-782,-1040,-1066,-836,-398,151,693,1096,1244,1101,705,136,-487,-1009,-1302,-1310,-1016,-481,170,797,1251,1424,1277,834,201,-473,-1045,-1395,-1442,-1162,-639,23,684,1183,1420,1358,1005,448,-202,-796,-1194,-1327,-1178,-781,-243,325,807,1096,1140,943,555,61,-414,-774,-956,-930,-708,-350,65,450,716,816,744,522,204,-137,-434,-628,-689,-617,-439,-192,74,311,470,534,510,409,262,105,-39,0,0,0,0,0,-278,-150,21,215,402,543,605,558,403,180,-85,-349,-550,-650,-620,-462,-215,89,379,593,676,609,407,122,-202,-488,-660,-681,-549,-286,43,369,620,741,679,447,111,-261,-575,-759,-781,-617,-295,94,468,745,847,755,484,94,-318,-664,-865,-866,-653,-275,168,558,832,916,781,452,14,-426,-766,-934,-880,-617,-208,256,661,906,941,746,368,-90,-525,-829,-933,-823,-515,-74,380,733,906,864,609,205,-251,-641,-879,-902,-703,-331,122,547,839,926,790,470,25,-432,-782,-942,-878,-608,-195,266,663,897,916,712,340,-114,-537,-825,-914,-777,-452,-17,415,744,897,833,562,0,-290,-654,-863,-860,-650,-293,146,555,805,853,703,383,-23,-421,-716,-821,-710,-429,-34,368,665,790,711,438,49,-355,-674,-821,-756,-504,-112,311,665,871,847,610,223,-225,-619,-868,-908,-719,-349,114,546,835,920,782,445,-6,-459,-797,-924,-816,-506,-67,391,752,925,856,564,134,-338,-730,-934,-906,-646,-206,289,707,958,968,730,306,-199,-669,-975,-1042,-850,-434,99,608,974,1104,966,584,47,-505,-931,-1144,-1077,-747,-245,328,821,1115,1148,893,429,-136,-671,-1033,-1139,-976,-571,-24,521,925,1099,1012,674,174,-369,-824,-1065,-1037,-753,-283,261,737,1032,1072,843,399,-147,0,0,0,0,0,-1150,-1006,-620,-79,486,945,1180,1125,795,284,-298,-813,-1138,-1187,-946,-483,95,640,1028,1183,1040,643,104,-462,-909,-1121,-1057,-733,-239,300,754,1023,1040,790,341,-184,-652,-944,-993,-786,-377,121,587,898,975,804,416,-82,-554,-893,-1000,-844,-475,26,531,906,1052,931,573,63,-469,-892,-1092,-1019,-688,-178,385,849,1103,1087,799,296,-289,-805,-1118,-1163,-913,-426,173,737,1128,1241,1045,591,-16,-640,-1113,-1327,-1221,-812,-201,465,1028,1353,1364,1044,478,-190,-822,-1271,-1411,-1213,-740,-94,571,1100,1361,1300,946,372,-288,-869,-1235,-1310,-1082,-609,-1,593,1033,1221,1127,764,244,-309,-775,0,-1062,-823,-397,103,554,850,928,771,434,13,-392,-692,-805,-704,-425,-46,331,615,732,651,399,39,-325,-593,-706,-637,-389,-34,333,615,732,650,392,18,-380,-690,-833,-762,-499,-85,388,776,981,961,706,255,-276,-756,-1080,-1164,-972,-546,28,611,1062,1283,1216,866,297,-355,-929,-1294,-1376,-1148,-656,-15,637,1157,1415,1352,996,416,-261,-885,-1317,-1459,-1286,-839,-218,444,1006,1334,1379,1136,644,30,-560,-1010,-1237,-1195,-894,-411,122,603,941,1064,954,649,223,-234,-615,-837,-879,-741,-452,-78,288,572,736,739,586,331,32,-261,-489,-611,-614,-512,-336,-123,94,268,370,397,370,0,0,0,0,0,-332,-450,-508,-489,-393,-220,13,251,457,596,630,539,340,69,-219,-468,-625,-658,-552,-324,-29,284,537,670,651,487,210,-115,-431,-653,-719,-616,-366,-28,314,601,757,733,534,206,-176,-522,-763,-825,-689,-391,0,401,713,864,812,571,188,-235,-615,-859,-898,-714,-373,63,498,809,928,834,543,116,-343,-718,-923,-919,-694,-296,172,592,877,950,785,434,-9,-446,-786,-939,-849,-552,-137,309,684,892,879,654,262,-188,-592,-852,-904,-743,-399,44,485,818,947,841,540,110,-346,-723,-930,-906,-663,-264,195,599,857,915,755,400,-47,-475,-792,-915,-804,-506,-91,347,705,0,857,616,228,-217,-611,-853,-877,-688,-335,90,488,758,841,715,404,6,-388,-680,-793,-701,-431,-48,352,658,796,724,457,73,-336,-672,-837,-799,-553,-160,278,650,869,877,662,284,-169,-587,-865,-923,-751,-397,61,505,813,916,791,474,34,-419,-766,-920,-835,-536,-97,369,745,926,872,597,160,-327,-725,-942,-927,-679,-250,255,697,961,994,779,364,-153,-641,-971,-1065,-904,-510,22,555,960,1134,1029,675,149,-416,-881,-1144,-1128,-832,-335,232,743,1076,1149,938,500,-41,-573,-977,-1130,-1000,-624,-98,436,867,1084,1021,710,228,-319,-781,-1048,-1052,-795,-342,196,689,1012,1089,0,0
61390,mtk,MTK 7916,861906438,rx0-tx0,512,0,0,0,0,0,0,0,0,0,0,0,0,0,0,0,0,0,0,0,0,0,0,0,0,0,0,0,0,0,0,0,0,0,0,0,0,0,0,0,0,0,0,0,0,0,0,0,0,0,0,0,0,0,0,0,0,0,0,0,0,0,0,0,0,0,0,0,0,0,0,0,0,0,0,0,0,0,0,0,0,0,0,0,0,0,0,0,0,0,0,0,0,0,0,0,0,0,0,0,0,0,0,0,0,0,0,0,0,0,0,0,0,0,0,0,0,0,0,0,0,0,0,0,0,0,0,0,0,0,0,0,0,0,0,0,0,0,0,0,0,0,0,0,0,0,0,0,0,0,0,0,0,0,0,0,0,0,0,0,0,0,0,0,0,0,0,0,0,0,0,0,0,0,0,0,0,0,0,0,0,0,0,0,0,0,0,0,0,0,0,0,0,0,0,0,0,0,0,0,0,0,0,0,0,0,0,0,0,0,0,0,0,0,0,0,0,0,0,0,0,0,0,0,0,0,0,0,0,0,0,0,0,0,0,0,0,0,0,0,0,0,0,0,0,0,0,0,0,0,0,0,0,0,0,0,0,-26,-352,-185,-10,167,330,-1,-1,0,-2,0,2,2,2,2,2,1,0,-2,-1,1,-2,0,4,1,-4,-3,-2,-1,2,1,-2,-1,5,5,0,-2,-3,2,2,-3,-1,1,3,0,-1,1,-2,3,2,-5,-2,2,-2,-2,2,-2,-1,0,-336,-508,-643,-721,-713,-658,-541,-359,-146,71,275,0,-1,1,-2,2,4,3,1,-2,1,2,-1,0,0,-1,-1,0,1,0,0,0,1,1,3,2,0,5,2,1,2,2,3,0,-2,0,-1,-4,-4,-4,-3,-1,2,0,-4,-4,0,3,1,1,5,7,4,3,-191,-179,-140,834,845,-330,688,-719,-701,-499,-225,64,331,551,711,793,786,702,550,352,121,-117,-345,-545,-700,-803,-835,-810,-719,-563,-368,-137,106,341,550,719,833,355,881,799,657,463,229,-32,-291,-527,-730,-871,-932,-920,-837,-682,-471,-214,68,348,600,797,918,947,871,697,440,109,-249,-600,-861,-894,-241,-8,237,451,630,759,835,-2,1,0,0,2,0,-1,1,-1,0,2,2,1,2,1,0,0,-1,0,2,2,-1,-5,-3,1,1,0,-1,1,1,-1,2,2,1,0,1,0,1,2,-3,0,2,-2,1,1,-5,-3,-2,0,1,1,1,0,-489,-574,-619,-620,-568,0,0,0,0,0,0,0,0,0,0,0,0,0,0,0,0,0,0,0,0,0,0,0,0,0,0,0,0,0,0,0,0,0,0,0,0,0,0,0,0,0,0,0,0,0,0,0,0,0,0,0,0,0,0,0,0,0,0,0,0,0,0,0,0,0,0,0,0,0,0,0,0,0,0,0,0,0,0,0,0,0,0,0,0,0,0,0,0,0,0,0,0,0,0,0,0,0,0,0,0,0,0,0,0,0,0,0,0,0,0,0,0,0,0,0,0,0,0,0,0,0,0,0,0,0,0,0,0,0,0,0,0,0,0,0,0,0,0,0,0,0,0,0,0,0,0,0,0,0,0,0,0,0,0,0,0,0,0,0,0,0,0,0,0,0,0,0,0,0,0,0,0,0,0,0,0,0,0,0,0,0,0,0,0,0,0,0,0,0,0,0,0,0,0,0,0,0,0,0,0,0,0,0,0,0,0,0,0,0,0,0,0,0,0,0,0,0,0,0,0,0,0,0,0,0,0,0,0,0,0,0,0,0,0,0,0,0,0,0,0,0,0,0,0,0,0,0,0,0,0,0,0,0,0,0,0,628,530,599,627,610,544,-3,0,-1,-1,-1,-1,0,0,-1,-1,-1,0,1,1,-1,-2,3,2,-2,2,2,-1,1,2,-1,-1,2,3,-2,-5,-3,1,2,-2,-2,2,2,0,2,4,1,-1,1,-2,2,8,1,-4,1,1,1,2,-1,-652,-511,-345,-126,91,292,487,631,702,710,642,-4,-1,-3,-3,-3,-2,1,1,2,0,-3,-3,-1,-3,-3,1,4,2,1,0,0,1,0,2,3,3,3,-3,0,1,1,-2,-4,-1,2,2,0,-1,-2,-1,2,1,-3,-2,2,3,0,-3,0,4,1,1,2,-39,41,102,117,-105,-82,-517,-58,307,594,741,775,705,558,347,97,-158,-392,-588,-730,-805,-807,-741,-613,-441,-226,5,235,461,646,781,855,865,807,689,514,299,-366,-187,-423,-630,-794,-897,-932,-884,-772,-597,-361,-100,165,422,642,810,914,934,877,734,515,242,-65,-372,-638,-842,-947,-922,-747,-389,62,830,863,828,720,565,374,158,0,-2,0,2,-2,-4,-1,0,-2,-3,-1,0,1,2,1,1,-3,-1,4,3,0,-2,-2,2,0,-1,1,1,1,-3,-1,0,-2,-1,0,0,0,1,-3,-2,2,1,2,4,-2,-2,-1,-2,0,-1,-2,-3,0,-398,-237,-75,97,254
61391,mtk,MTK 7916,861906438,rx0-tx1,512,0,0,0,0,0,0,0,0,0,0,0,0,0,0,0,0,0,0,0,0,0,0,0,0,0,0,0,0,0,0,0,0,0,0,0,0,0,0,0,0,0,0,0,0,0,0,0,0,0,0,0,0,0,0,0,0,0,0,0,0,0,0,0,0,0,0,0,0,0,0,0,0,0,0,0,0,0,0,0,0,0,0,0,0,0,0,0,0,0,0,0,0,0,0,0,0,0,0,0,0,0,0,0,0,0,0,0,0,0,0,0,0,0,0,0,0,0,0,0,0,0,0,0,0,0,0,0,0,0,0,0,0,0,0,0,0,0,0,0,0,0,0,0,0,0,0,0,0,0,0,0,0,0,0,0,0,0,0,0,0,0,0,0,0,0,0,0,0,0,0,0,0,0,0,0,0,0,0,0,0,0,0,0,0,0,0,0,0,0,0,0,0,0,0,0,0,0,0,0,0,0,0,0,0,0,0,0,0,0,0,0,0,0,0,0,0,0,0,0,0,0,0,0,0,0,0,0,0,0,0,0,0,0,0,0,0,0,0,0,0,0,0,0,0,0,0,0,0,0,0,0,0,0,0,0,0,301,633,403,141,-115,-361,5,2,3,3,0,-1,1,-1,-2,2,0,-5,0,2,0,2,2,-1,1,1,0,-3,1,6,-1,-3,1,5,6,3,-2,-1,3,3,3,2,-1,2,4,3,-2,-3,-2,3,6,2,2,1,-2,0,2,-3,-1,-43,280,568,829,1022,1119,1136,1060,884,643,350,1,0,3,0,3,4,4,2,-2,1,3,1,2,0,-2,1,3,1,0,-2,-3,-4,-3,1,-1,2,7,6,4,3,1,3,2,2,6,0,-2,2,-1,-3,0,3,2,2,2,1,0,-2,-2,-2,2,2,1,-541,-313,-55,-6,277,510,774,-162,-566,-821,-888,-819,-634,-381,-90,216,482,690,828,882,846,733,563,343,100,-158,-396,-599,-759,-845,-866,-814,-693,-528,-315,-76,160,206,566,712,797,819,785,681,518,318,95,-136,-350,-528,-666,-746,-767,-716,-605,-435,-219,19,251,464,626,714,717,620,436,166,-163,-438,996,903,715,469,164,-159,-467,6,2,2,5,2,-1,-2,3,0,-4,1,3,3,4,1,-1,0,5,-1,-2,3,5,4,2,3,2,4,5,4,0,-1,3,0,-2,1,3,3,1,-1,1,1,-4,-4,-3,1,2,-2,-3,-2,-1,4,4,0,619,801,915,951,924,0,0,0,0,0,0,0,0,0,0,0,0,0,0,0,0,0,0,0,0,0,0,0,0,0,0,0,0,0,0,0,0,0,0,0,0,0,0,0,0,0,0,0,0,0,0,0,0,0,0,0,0,0,0,0,0,0,0,0,0,0,0,0,0,0,0,0,0,0,0,0,0,0,0,0,0,0,0,0,0,0,0,0,0,0,0,0,0,0,0,0,0,0,0,0,0,0,0,0,0,0,0,0,0,0,0,0,0,0,0,0,0,0,0,0,0,0,0,0,0,0,0,0,0,0,0,0,0,0,0,0,0,0,0,0,0,0,0,0,0,0,0,0,0,0,0,0,0,0,0,0,0,0,0,0,0,0,0,0,0,0,0,0,0,0,0,0,0,0,0,0,0,0,0,0,0,0,0,0,0,0,0,0,0,0,0,0,0,0,0,0,0,0,0,0,0,0,0,0,0,0,0,0,0,0,0,0,0,0,0,0,0,0,0,0,0,0,0,0,0,0,0,0,0,0,0,0,0,0,0,0,0,0,0,0,0,0,0,0,0,0,0,0,0,0,0,0,0,0,0,0,0,0,0,0,0,-176,-707,-844,-918,-915,-853,-2,-1,-1,-3,-5,-3,-1,-1,3,3,-3,0,3,-2,0,1,1,4,4,2,-3,-3,4,1,0,5,3,1,-2,-7,-5,0,1,0,3,3,2,2,-1,-1,-1,1,0,1,-1,-3,0,-5,-4,1,-3,-1,5,1117,1079,958,769,497,194,-125,-451,-740,-952,-1100,-2,4,3,0,0,-1,2,1,1,1,-5,-3,1,0,5,3,-1,-2,1,1,-3,-5,-1,3,6,12,9,3,-1,-2,0,-1,-2,2,-1,-3,1,2,-3,0,3,4,3,1,0,-1,1,2,0,1,0,1,5,731,857,905,1067,1041,-82,752,-818,-674,-346,13,347,621,801,889,869,744,550,307,37,-232,-471,-664,-794,-860,-853,-771,-634,-434,-197,49,294,505,676,797,847,828,1095,607,425,205,-20,-246,-456,-622,-736,-794,-785,-706,-573,-392,-184,41,262,462,624,726,750,698,574,383,148,-109,-359,-563,-686,-668,-474,-168,-475,-732,-922,-1030,-1036,-952,-8,-5,4,5,1,4,4,1,-4,0,5,0,-3,-2,-4,-2,2,-1,0,6,7,3,-2,2,1,-1,0,0,0,-1,1,3,3,8,6,1,1,0,3,2,0,0,-2,-1,2,4,4,2,1,2,3,-2,2,738,526,280,18,-250
61392,mtk,MTK 7916,861906438,rx1-tx0,512,0,0,0,0,0,0,0,0,0,0,0,0,0,0,0,0,0,0,0,0,0,0,0,0,0,0,0,0,0,0,0,0,0,0,0,0,0,0,0,0,0,0,0,0,0,0,0,0,0,0,0,0,0,0,0,0,0,0,0,0,0,0,0,0,0,0,0,0,0,0,0,0,0,0,0,0,0,0,0,0,0,0,0,0,0,0,0,0,0,0,0,0,0,0,0,0,0,0,0,0,0,0,0,0,0,0,0,0,0,0,0,0,0,0,0,0,0,0,0,0,0,0,0,0,0,0,0,0,0,0,0,0,0,0,0,0,0,0,0,0,0,0,0,0,0,0,0,0,0,0,0,0,0,0,0,0,0,0,0,0,0,0,0,0,0,0,0,0,0,0,0,0,0,0,0,0,0,0,0,0,0,0,0,0,0,0,0,0,0,0,0,0,0,0,0,0,0,0,0,0,0,0,0,0,0,0,0,0,0,0,0,0,0,0,0,0,0,0,0,0,0,0,0,0,0,0,0,0,0,0,0,0,0,0,0,0,0,0,0,0,0,0,0,0,0,0,0,0,0,0,0,0,0,0,0,0,-38,133,311,476,586,654,-1,0,1,2,1,-3,-4,-2,3,4,2,0,1,0,-5,-1,-1,-1,-1,-2,1,2,4,5,6,7,-1,-4,3,-2,-4,3,3,2,1,5,7,3,4,5,-1,-4,1,2,-3,-1,0,-3,1,5,3,4,11,-495,-490,-457,-383,-279,-152,-10,121,242,344,424,9,2,-5,4,0,-3,0,6,0,-4,2,0,-1,-2,0,1,1,2,0,3,-2,-6,-2,0,1,-4,-8,-1,2,2,5,0,0,7,6,-1,-3,-1,4,4,4,-2,-4,7,4,1,-1,3,6,-1,2,4,2,-54,40,116,-714,-544,-686,-76,-268,-666,-887,-906,-797,-594,-335,-51,234,477,658,776,818,787,695,544,357,154,-64,-263,-442,-589,-690,-739,-732,-668,-571,-438,-275,-98,479,270,431,562,662,720,727,683,593,456,287,87,-120,-320,-504,-649,-750,-794,-767,-678,-512,-290,-34,244,488,686,820,851,744,461,64,151,337,509,627,702,720,677,-4,-2,6,11,2,6,3,-4,-4,0,0,-1,1,3,-1,-11,-4,-2,-9,-2,3,1,-1,-4,-1,3,3,6,3,-3,-2,6,6,3,2,2,0,-1,1,1,1,-1,-5,-4,-1,2,5,3,0,2,1,-3,-6,-672,-640,-549,-419,-253,0,0,0,0,0,0,0,0,0,0,0,0,0,0,0,0,0,0,0,0,0,0,0,0,0,0,0,0,0,0,0,0,0,0,0,0,0,0,0,0,0,0,0,0,0,0,0,0,0,0,0,0,0,0,0,0,0,0,0,0,0,0,0,0,0,0,0,0,0,0,0,0,0,0,0,0,0,0,0,0,0,0,0,0,0,0,0,0,0,0,0,0,0,0,0,0,0,0,0,0,0,0,0,0,0,0,0,0,0,0,0,0,0,0,0,0,0,0,0,0,0,0,0,0,0,0,0,0,0,0,0,0,0,0,0,0,0,0,0,0,0,0,0,0,0,0,0,0,0,0,0,0,0,0,0,0,0,0,0,0,0,0,0,0,0,0,0,0,0,0,0,0,0,0,0,0,0,0,0,0,0,0,0,0,0,0,0,0,0,0,0,0,0,0,0,0,0,0,0,0,0,0,0,0,0,0,0,0,0,0,0,0,0,0,0,0,0,0,0,0,0,0,0,0,0,0,0,0,0,0,0,0,0,0,0,0,0,0,0,0,0,0,0,0,0,0,0,0,0,0,0,0,0,0,0,0,634,649,587,474,320,142,2,0,-1,1,1,2,2,0,2,0,0,-1,-3,-4,0,3,1,3,1,0,-1,0,2,-1,0,-1,-3,-1,-3,-7,1,0,-6,-3,-1,2,-1,-1,4,2,0,-1,-3,-6,-2,2,-5,-6,1,4,3,3,2,-87,53,189,306,400,462,478,458,406,327,215,2,-6,2,4,-7,-4,0,-4,-8,-1,1,-5,-7,-4,-1,3,3,-2,-2,0,-1,6,7,6,5,3,7,9,7,7,5,-2,5,3,-3,1,2,1,-6,-7,-3,-5,4,-1,-7,-5,-3,3,-1,3,8,1,-5,219,208,155,560,739,9,933,-851,-651,-283,95,415,661,813,872,834,703,519,293,47,-189,-403,-577,-695,-764,-774,-721,-622,-474,-296,-100,102,284,443,574,662,712,448,667,571,442,289,111,-80,-269,-442,-587,-692,-752,-750,-697,-587,-426,-230,-1,231,451,642,770,832,800,672,479,213,-104,-442,-723,-816,682,620,504,339,152,-57,-256,-4,0,5,-1,1,3,-2,0,4,2,-1,-2,4,1,-7,-1,2,-7,-5,1,2,1,1,1,1,-2,0,1,-3,-4,2,3,0,3,3,-1,-3,0,2,0,-3,-3,-1,2,1,-1,-1,-3,-2,2,2,3,2,18,209,378,519,620
61393,mtk,MTK 7916,861906438,rx1-tx1,512,0,0,0,0,0,0,0,0,0,0,0,0,0,0,0,0,0,0,0,0,0,0,0,0,0,0,0,0,0,0,0,0,0,0,0,0,0,0,0,0,0,0,0,0,0,0,0,0,0,0,0,0,0,0,0,0,0,0,0,0,0,0,0,0,0,0,0,0,0,0,0,0,0,0,0,0,0,0,0,0,0,0,0,0,0,0,0,0,0,0,0,0,0,0,0,0,0,0,0,0,0,0,0,0,0,0,0,0,0,0,0,0,0,0,0,0,0,0,0,0,0,0,0,0,0,0,0,0,0,0,0,0,0,0,0,0,0,0,0,0,0,0,0,0,0,0,0,0,0,0,0,0,0,0,0,0,0,0,0,0,0,0,0,0,0,0,0,0,0,0,0,0,0,0,0,0,0,0,0,0,0,0,0,0,0,0,0,0,0,0,0,0,0,0,0,0,0,0,0,0,0,0,0,0,0,0,0,0,0,0,0,0,0,0,0,0,0,0,0,0,0,0,0,0,0,0,0,0,0,0,0,0,0,0,0,0,0,0,0,0,0,0,0,0,0,0,0,0,0,0,0,0,0,0,0,0,-48,43,-74,-196,-311,-398,0,0,0,0,0,0,0,0,0,0,0,0,0,0,0,0,0,0,0,0,0,0,0,0,0,0,0,0,0,0,0,0,0,0,0,0,0,0,0,0,0,0,0,0,0,0,0,0,0,0,0,0,0,366,504,606,664,672,624,524,377,200,0,-200,0,0,0,0,0,0,0,0,0,0,0,0,0,0,0,0,0,0,0,0,0,0,0,0,0,0,0,0,0,0,0,0,0,0,0,0,0,0,0,0,0,0,0,0,0,0,0,0,0,0,0,0,0,62,271,451,-5,-353,0,-717,-526,-670,-742,-719,-585,-356,-57,260,529,698,725,594,333,3,-329,-589,-708,-657,-449,-131,221,517,685,686,519,218,-133,-451,-657,-697,0,-286,65,401,633,711,613,362,20,-323,-585,-706,-659,-451,-136,206,496,672,695,563,311,-3,-312,-550,-678,-681,-566,-364,-125,90,256,-3,-69,-148,-195,-226,-239,-242,0,0,0,0,0,0,0,0,0,0,0,0,0,0,0,0,0,0,0,0,0,0,0,0,0,0,0,0,0,0,0,0,0,0,0,0,0,0,0,0,0,0,0,0,0,0,0,0,0,0,0,0,0,410,421,404,349,265,0,0,0,0,0,0,0,0,0,0,0,0,0,0,0,0,0,0,0,0,0,0,0,0,0,0,0,0,0,0,0,0,0,0,0,0,0,0,0,0,0,0,0,0,0,0,0,0,0,0,0,0,0,0,0,0,0,0,0,0,0,0,0,0,0,0,0,0,0,0,0,0,0,0,0,0,0,0,0,0,0,0,0,0,0,0,0,0,0,0,0,0,0,0,0,0,0,0,0,0,0,0,0,0,0,0,0,0,0,0,0,0,0,0,0,0,0,0,0,0,0,0,0,0,0,0,0,0,0,0,0,0,0,0,0,0,0,0,0,0,0,0,0,0,0,0,0,0,0,0,0,0,0,0,0,0,0,0,0,0,0,0,0,0,0,0,0,0,0,0,0,0,0,0,0,0,0,0,0,0,0,0,0,0,0,0,0,0,0,0,0,0,0,0,0,0,0,0,0,0,0,0,0,0,0,0,0,0,0,0,0,0,0,0,0,0,0,0,0,0,0,0,0,0,0,0,0,0,0,0,0,0,0,0,0,0,0,0,0,0,0,0,0,0,0,0,0,0,0,0,0,0,0,0,0,0,-1135,-444,-438,-408,-334,-238,0,0,0,0,0,0,0,0,0,0,0,0,0,0,0,0,0,0,0,0,0,0,0,0,0,0,0,0,0,0,0,0,0,0,0,0,0,0,0,0,0,0,0,0,0,0,0,0,0,0,0,0,0,543,423,265,88,-101,-291,-459,-589,-676,-717,-689,0,0,0,0,0,0,0,0,0,0,0,0,0,0,0,0,0,0,0,0,0,0,0,0,0,0,0,0,0,0,0,0,0,0,0,0,0,0,0,0,0,0,0,0,0,0,0,0,0,0,0,0,0,723,674,555,718,628,0,29,460,310,90,-181,-440,-638,-732,-691,-509,-223,109,417,637,717,632,402,75,-273,-551,-694,-672,-485,-176,175,485,674,694,542,252,-102,0,-645,-702,-585,-322,24,365,616,715,636,405,78,-267,-545,-689,-672,-503,-213,123,429,636,707,635,433,151,-146,-408,-595,-684,-679,-592,-214,-221,-184,-129,-75,-13,51,0,0,0,0,0,0,0,0,0,0,0,0,0,0,0,0,0,0,0,0,0,0,0,0,0,0,0,0,0,0,0,0,0,0,0,0,0,0,0,0,0,0,0,0,0,0,0,0,0,0,0,0,0,97,-19,-136,-244,-333
61394,mtk,MTK 7916,861906438,rx2-tx0,512,0,0,0,0,0,0,0,0,0,0,0,0,0,0,0,0,0,0,0,0,0,0,0,0,0,0,0,0,0,0,0,0,0,0,0,0,0,0,0,0,0,0,0,0,0,0,0,0,0,0,0,0,0,0,0,0,0,0,0,0,0,0,0,0,0,0,0,0,0,0,0,0,0,0,0,0,0,0,0,0,0,0,0,0,0,0,0,0,0,0,0,0,0,0,0,0,0,0,0,0,0,0,0,0,0,0,0,0,0,0,0,0,0,0,0,0,0,0,0,0,0,0,0,0,0,0,0,0,0,0,0,0,0,0,0,0,0,0,0,0,0,0,0,0,0,0,0,0,0,0,0,0,0,0,0,0,0,0,0,0,0,0,0,0,0,0,0,0,0,0,0,0,0,0,0,0,0,0,0,0,0,0,0,0,0,0,0,0,0,0,0,0,0,0,0,0,0,0,0,0,0,0,0,0,0,0,0,0,0,0,0,0,0,0,0,0,0,0,0,0,0,0,0,0,0,0,0,0,0,0,0,0,0,0,0,0,0,0,0,0,0,0,0,0,0,0,0,0,0,0,0,0,0,0,0,0,-277,633,533,398,242,64,0,0,0,0,0,0,0,0,0,0,0,0,0,0,0,0,0,0,0,0,0,0,0,0,0,0,0,0,0,0,0,0,0,0,0,0,0,0,0,0,0,0,0,0,0,0,0,0,0,0,0,0,0,-583,-417,-199,46,286,506,691,811,862,833,724,0,0,0,0,0,0,0,0,0,0,0,0,0,0,0,0,0,0,0,0,0,0,0,0,0,0,0,0,0,0,0,0,0,0,0,0,0,0,0,0,0,0,0,0,0,0,0,0,0,0,0,0,0,248,311,307,-134,-292,0,-349,178,158,116,47,-44,-135,-204,-237,-224,-157,-53,66,168,236,253,210,115,-17,-151,-251,-286,-249,-142,8,161,279,328,291,173,5,0,-326,-398,-368,-243,-45,175,367,478,478,357,153,-99,-342,-518,-581,-514,-326,-63,224,472,629,663,573,374,111,-169,-420,-602,-689,-685,961,861,699,483,237,-32,-300,0,0,0,0,0,0,0,0,0,0,0,0,0,0,0,0,0,0,0,0,0,0,0,0,0,0,0,0,0,0,0,0,0,0,0,0,0,0,0,0,0,0,0,0,0,0,0,0,0,0,0,0,0,138,342,497,609,677,0,0,0,0,0,0,0,0,0,0,0,0,0,0,0,0,0,0,0,0,0,0,0,0,0,0,0,0,0,0,0,0,0,0,0,0,0,0,0,0,0,0,0,0,0,0,0,0,0,0,0,0,0,0,0,0,0,0,0,0,0,0,0,0,0,0,0,0,0,0,0,0,0,0,0,0,0,0,0,0,0,0,0,0,0,0,0,0,0,0,0,0,0,0,0,0,0,0,0,0,0,0,0,0,0,0,0,0,0,0,0,0,0,0,0,0,0,0,0,0,0,0,0,0,0,0,0,0,0,0,0,0,0,0,0,0,0,0,0,0,0,0,0,0,0,0,0,0,0,0,0,0,0,0,0,0,0,0,0,0,0,0,0,0,0,0,0,0,0,0,0,0,0,0,0,0,0,0,0,0,0,0,0,0,0,0,0,0,0,0,0,0,0,0,0,0,0,0,0,0,0,0,0,0,0,0,0,0,0,0,0,0,0,0,0,0,0,0,0,0,0,0,0,0,0,0,0,0,0,0,0,0,0,0,0,0,0,0,0,0,0,0,0,0,0,0,0,0,0,0,0,0,0,0,0,0,315,-221,-382,-502,-589,-619,0,0,0,0,0,0,0,0,0,0,0,0,0,0,0,0,0,0,0,0,0,0,0,0,0,0,0,0,0,0,0,0,0,0,0,0,0,0,0,0,0,0,0,0,0,0,0,0,0,0,0,0,0,512,669,783,816,774,669,491,258,-4,-265,-504,0,0,0,0,0,0,0,0,0,0,0,0,0,0,0,0,0,0,0,0,0,0,0,0,0,0,0,0,0,0,0,0,0,0,0,0,0,0,0,0,0,0,0,0,0,0,0,0,0,0,0,0,0,270,134,-3,352,239,0,-130,64,123,173,209,216,179,103,7,-93,-181,-238,-244,-190,-87,40,161,244,269,228,129,-8,-152,-259,-299,-261,-156,1,170,301,356,0,201,17,-183,-346,-435,-420,-296,-91,145,362,503,528,430,228,-39,-309,-513,-614,-593,-449,-205,86,358,569,680,672,560,388,195,1,-196,-447,-669,-831,-936,-962,-914,0,0,0,0,0,0,0,0,0,0,0,0,0,0,0,0,0,0,0,0,0,0,0,0,0,0,0,0,0,0,0,0,0,0,0,0,0,0,0,0,0,0,0,0,0,0,0,0,0,0,0,0,0,724,643,503,344,155
61395,mtk,MTK 7916,861906438,rx2-tx1,512,0,0,0,0,0,0,0,0,0,0,0,0,0,0,0,0,0,0,0,0,0,0,0,0,0,0,0,0,0,0,0,0,0,0,0,0,0,0,0,0,0,0,0,0,0,0,0,0,0,0,0,0,0,0,0,0,0,0,0,0,0,0,0,0,0,0,0,0,0,0,0,0,0,0,0,0,0,0,0,0,0,0,0,0,0,0,0,0,0,0,0,0,0,0,0,0,0,0,0,0,0,0,0,0,0,0,0,0,0,0,0,0,0,0,0,0,0,0,0,0,0,0,0,0,0,0,0,0,0,0,0,0,0,0,0,0,0,0,0,0,0,0,0,0,0,0,0,0,0,0,0,0,0,0,0,0,0,0,0,0,0,0,0,0,0,0,0,0,0,0,0,0,0,0,0,0,0,0,0,0,0,0,0,0,0,0,0,0,0,0,0,0,0,0,0,0,0,0,0,0,0,0,0,0,0,0,0,0,0,0,0,0,0,0,0,0,0,0,0,0,0,0,0,0,0,0,0,0,0,0,0,0,0,0,0,0,0,0,0,0,0,0,0,0,0,0,0,0,0,0,0,0,0,0,0,0,489,-400,-418,-404,-362,-286,0,0,0,0,0,0,0,0,0,0,0,0,0,0,0,0,0,0,0,0,0,0,0,0,0,0,0,0,0,0,0,0,0,0,0,0,0,0,0,0,0,0,0,0,0,0,0,0,0,0,0,0,0,504,410,285,131,-28,-186,-332,-456,-563,-624,-632,0,0,0,0,0,0,0,0,0,0,0,0,0,0,0,0,0,0,0,0,0,0,0,0,0,0,0,0,0,0,0,0,0,0,0,0,0,0,0,0,0,0,0,0,0,0,0,0,0,0,0,0,0,520,545,521,-391,-31,0,634,-378,-259,-93,117,322,481,555,522,381,166,-85,-311,-470,-520,-448,-268,-25,225,410,490,447,290,60,-186,-388,-483,-447,-293,-58,197,0,483,454,303,63,-202,-420,-528,-503,-347,-98,184,421,553,553,422,185,-107,-371,-555,-623,-555,-370,-108,178,418,581,652,621,519,369,-416,-487,-494,-465,-393,-278,-122,0,0,0,0,0,0,0,0,0,0,0,0,0,0,0,0,0,0,0,0,0,0,0,0,0,0,0,0,0,0,0,0,0,0,0,0,0,0,0,0,0,0,0,0,0,0,0,0,0,0,0,0,0,125,28,-67,-175,-268,0,0,0,0,0,0,0,0,0,0,0,0,0,0,0,0,0,0,0,0,0,0,0,0,0,0,0,0,0,0,0,0,0,0,0,0,0,0,0,0,0,0,0,0,0,0,0,0,0,0,0,0,0,0,0,0,0,0,0,0,0,0,0,0,0,0,0,0,0,0,0,0,0,0,0,0,0,0,0,0,0,0,0,0,0,0,0,0,0,0,0,0,0,0,0,0,0,0,0,0,0,0,0,0,0,0,0,0,0,0,0,0,0,0,0,0,0,0,0,0,0,0,0,0,0,0,0,0,0,0,0,0,0,0,0,0,0,0,0,0,0,0,0,0,0,0,0,0,0,0,0,0,0,0,0,0,0,0,0,0,0,0,0,0,0,0,0,0,0,0,0,0,0,0,0,0,0,0,0,0,0,0,0,0,0,0,0,0,0,0,0,0,0,0,0,0,0,0,0,0,0,0,0,0,0,0,0,0,0,0,0,0,0,0,0,0,0,0,0,0,0,0,0,0,0,0,0,0,0,0,0,0,0,0,0,0,0,0,0,0,0,0,0,0,0,0,0,0,0,0,0,0,0,0,0,0,-571,-109,12,132,242,338,0,0,0,0,0,0,0,0,0,0,0,0,0,0,0,0,0,0,0,0,0,0,0,0,0,0,0,0,0,0,0,0,0,0,0,0,0,0,0,0,0,0,0,0,0,0,0,0,0,0,0,0,0,-287,-411,-511,-570,-587,-563,-496,-399,-265,-102,75,0,0,0,0,0,0,0,0,0,0,0,0,0,0,0,0,0,0,0,0,0,0,0,0,0,0,0,0,0,0,0,0,0,0,0,0,0,0,0,0,0,0,0,0,0,0,0,0,0,0,0,0,0,164,13,-139,-639,-753,0,-405,-390,-505,-568,-559,-461,-285,-55,188,395,521,537,432,237,-8,-254,-437,-508,-450,-282,-47,199,392,482,451,298,64,-182,-380,-485,-452,0,-55,195,395,497,473,321,75,-198,-423,-542,-522,-373,-129,154,406,562,589,479,256,-20,-299,-522,-634,-617,-489,-278,-29,207,389,494,-265,-111,48,193,330,440,514,0,0,0,0,0,0,0,0,0,0,0,0,0,0,0,0,0,0,0,0,0,0,0,0,0,0,0,0,0,0,0,0,0,0,0,0,0,0,0,0,0,0,0,0,0,0,0,0,0,0,0,0,0,-349,-366,-367,-344,-278
61396,mtk,MTK 7916,861955096,rx0-tx0,512,-330,688,-719,420,567,675,733,727,683,584,444,290,105,-93,-271,-432,-568,-661,-711,-709,-656,-565,-439,-267,-93,88,271,437,571,657,712,715,670,574,442,283,97,-93,-286,-455,-589,-681,-735,-728,-677,-577,-428,-254,-69,120,312,478,604,690,722,708,646,542,398,236,48,-130,-301,-454,-579,-659,-698,-682,-633,-538,-402,-234,-61,113,286,438,563,654,692,685,627,522,386,212,35,-144,-319,-464,-569,-640,-666,-637,-566,-460,-317,-155,8,166,319,440,522,572,580,558,496,400,279,142,-1,-143,-267,-374,-455,-509,-519,-506,-460,-378,-277,-157,-26,105,226,343,424,479,510,498,-26,393,285,173,43,-89,-217,-334,-433,-495,-522,-512,-474,-402,-292,-157,-22,123,257,383,480,538,556,536,482,388,264,122,-30,-181,-314,-427,-509,-563,-559,-523,-449,-341,-211,-58,97,241,363,471,536,565,552,508,424,297,152,-1,-155,-307,-436,-521,-570,-581,-543,-461,-350,-205,-38,132,289,430,522,567,571,531,433,307,157,-10,-157,-285,-394,-458,-477,-459,-405,-314,-213,-97,14,120,213,275,310,321,306,270,226,161,90,22,-50,-109,-153,-191,-209,-209,-203,-183,-149,-112,-65,-13,39,85,128,159,177,180,175,150,108,46,-15,-74,-123,-156,-166,-152,-112,-63,834,845,510,774,-162,-81,-38,17,80,128,163,185,179,159,117,61,1,-56,-111,-164,-201,-223,-231,-220,-193,-152,-92,-24,51,132,211,269,320,346,343,314,260,170,69,-57,-182,-303,-406,-478,-516,-519,-472,-381,-248,-86,87,265,432,562,653,689,675,596,458,274,66,-152,-367,-560,-705,-796,-822,-771,-661,-494,-281,-43,207,434,625,777,860,875,811,688,512,305,62,-184,-414,-613,-761,-835,-861,-812,-706,-560,-357,-128,109,336,534,690,796,838,822,736,601,425,219,-3,-221,-424,-595,-729,-795,-812,-766,-674,-528,-334,-125,89,302,489,642,742,784,765,696,587,431,243,39,-173,301,-523,-646,-724,-759,-741,-666,-550,-393,-216,-20,176,362,525,660,740,772,753,689,569,405,212,-7,-216,-414,-579,-712,-798,-820,-778,-686,-545,-366,-170,42,257,442,607,728,803,823,787,698,564,385,184,-34,-256,-464,-634,-766,-847,-877,-846,-742,-593,-407,-172,64,299,517,700,839,901,916,863,752,575,361,123,-128,-380,-592,-775,-884,-932,-918,-835,-692,-493,-259,-27,215,440,632,779,865,884,851,747,592,407,196,-33,-248,-445,-614,-735,-797,-813,-770,-675,-543,-369,-164,48,248,425,577,692,752,766,730,631,502,333,148,-53,-252,-422,-569,-679,-734,-743,-695,-604,-6,277,-82,-517,-58,609,470,308,115,-83,-269,-446,-571,-664,-721,-715,-664,-571,-435,-271,-91,95,275,430,568,662,699,706,660,570,429,272,94,-94,-281,-443,-577,-675,-727,-728,-680,-580,-438,-271,-83,115,293,465,602,689,732,725,672,558,418,243,57,-137,-318,-475,-592,-672,-705,-686,-628,-534,-399,-237,-57,122,287,443,568,647,683,683,632,531,402,237,58,-129,-307,-456,-582,-658,-682,-665,-602,-489,-354,-190,-14,163,319,457,556,610,621,601,533,421,291,144,-10,-159,-295,-403,-484,-534,-551,-525,-469,-384,-280,-148,-12,117,243,349,428,485,509,493,455,384,277,166,34,-100,628,-341,-423,-480,-509,-507,-467,-396,-291,-165,-32,103,233,357,460,516,539,529,483,401,280,145,3,-143,-285,-412,-503,-550,-565,-532,-468,-366,-236,-86,72,207,339,444,522,558,556,512,436,328,182,31,-122,-260,-391,-491,-555,-583,-565,-509,-398,-261,-109,56,219,363,477,560,594,577,522,416,269,106,-57,-225,-365,-466,-533,-549,-509,-443,-329,-193,-48,86,212,309,370,400,398,369,304,218,126,35,-51,-124,-186,-236,-256,-261,-246,-213,-173,-127,-67,-16,37,88,129,159,181,188,178,163,135,95,41,-11,-66,-120,-160,-184,-181,-163,-127,-72,-13,51,100,126,117,-105,-82,752,-818,95,136,151,140,107,66,8,-54,-107,-161,-190,-205,-199,-183,-148,-96,-36,29,97,154,209,246,267,274,266,221,166,91,-1,-102,-198,-294,-367,-418,-435,-412,-359,-267,-146,-6,144,300,432,539,595,606,568,480,344,175,-19,-222,-416,-576,-694,-749,-752,-693,-568,-389,-176,67,301,508,679,795,853,841,750,603,403,171,-73,-315,-533,-707,-825,-877,-854,-768,-624,-425,-204,25,270,472,647,779,843,848,788,659,488,282,60,-169,-388,-571,-712,-798,-827,-795,-704,-564,-375,-166,54,268,461,627,741,792,793,732,628,472,288,78,-133,-331,-507,-646,-736,-776,-757,-176,-559,-404,-220,-28,174,355,519,641,721,753,734,665,553,395,211,10,-186,-378,-554,-686,-775,-802,-772,-688,-562,-390,-192,27,240,437,610,731,793,815,771,679,543,368,172,-45,-256,-443,-614,-739,-820,-848,-817,-721,-572,-392,-185,36,270,484,659,802,886,893,853,747,592,379,148,-94,-329,-557,-741,-869,-932,-937,-858,-727,-544,-318,-83,172,413,620,786,875,908,884,789,641,452,225,-4,-239,-455,-630,-754,-832,-849,-799,-706,-564,-382,-180,35,252,433,590,708,779,784,739,647,516,343,149,-47,-247,-425,-571,-681,-740,-752,-707,-619,-496,-328,-138,61,255,423,1067,1041
61397,mtk,MTK 7916,861955096,rx0-tx1,512,-686,-76,-268,696,699,657,568,427,271,87,-97,-265,-420,-538,-612,-647,-645,-587,-487,-362,-213,-60,91,247,371,472,544,577,570,523,458,360,243,111,-35,-168,-296,-407,-491,-546,-570,-559,-517,-435,-324,-194,-50,106,253,381,502,582,631,642,600,520,399,247,79,-98,-274,-433,-563,-657,-699,-701,-647,-550,-410,-245,-57,136,323,483,610,699,727,710,645,535,379,200,5,-186,-365,-513,-628,-689,-706,-678,-602,-492,-341,-162,26,201,371,512,615,673,686,646,568,461,306,129,-43,-209,-374,-511,-605,-659,-669,-628,-540,-428,-285,-110,64,230,391,522,614,661,660,611,519,385,-38,62,-125,-292,-436,-553,-626,-667,-647,-584,-477,-331,-168,7,194,350,492,591,646,655,620,536,409,253,85,-97,-273,-418,-531,-605,-638,-624,-561,-450,-308,-155,19,188,332,459,549,590,591,546,455,338,205,58,-96,-238,-366,-452,-509,-535,-509,-451,-368,-259,-138,0,128,241,344,418,466,475,453,399,317,216,94,-28,-157,-277,-365,-433,-464,-455,-414,-344,-244,-124,-14,114,229,320,391,428,428,385,316,231,126,9,-111,-213,-293,-350,-379,-370,-330,-268,-181,-78,28,127,214,279,324,333,306,250,176,76,-28,-129,-213,-269,-289,-267,-209,-125,-31,62,133,166,-714,-544,0,-717,-526,164,183,174,138,74,-4,-86,-157,-212,-245,-247,-219,-165,-97,-18,62,132,192,233,257,251,224,177,116,41,-36,-108,-166,-209,-236,-242,-225,-201,-152,-91,-30,33,82,125,160,175,179,177,152,127,103,74,43,7,-22,-57,-92,-123,-153,-183,-192,-187,-177,-154,-113,-66,-9,53,112,158,197,229,245,234,208,171,123,59,-8,-67,-124,-178,-220,-241,-256,-251,-230,-192,-149,-92,-26,44,119,184,249,292,311,316,300,265,201,115,22,-72,-163,-245,-311,-354,-373,-366,-326,-267,-186,-92,8,112,204,287,352,390,405,395,347,273,181,81,-23,-139,-244,-335,-48,-437,-443,-420,-370,-297,-191,-87,43,175,278,372,451,497,504,474,411,318,204,56,-92,-231,-362,-457,-520,-557,-547,-496,-409,-299,-164,-5,141,272,391,484,545,566,547,490,408,299,170,29,-125,-271,-397,-505,-581,-602,-595,-546,-457,-348,-204,-40,124,279,426,545,624,664,658,598,510,388,221,37,-138,-321,-487,-617,-703,-743,-720,-655,-544,-384,-195,15,215,406,569,690,758,772,733,643,503,320,121,-91,-291,-471,-607,-704,-763,-751,-683,-583,-438,-260,-65,127,312,481,605,690,734,723,655,549,399,215,25,-174,-355,-516,-633,-705,-731,-707,-625,-494,-337,-159,-5,-353,9,933,-851,138,-56,-237,-408,-545,-638,-692,-681,-624,-529,-388,-237,-72,100,269,406,511,579,605,601,548,458,351,223,78,-73,-208,-332,-437,-511,-555,-564,-539,-483,-395,-281,-153,-10,132,268,394,487,554,589,587,545,473,369,228,79,-86,-254,-407,-536,-627,-676,-679,-633,-538,-409,-251,-72,114,298,458,588,676,718,706,645,541,402,226,31,-162,-341,-502,-622,-700,-728,-702,-626,-506,-359,-177,7,198,367,508,622,687,693,664,590,468,316,147,-32,-207,-364,-505,-616,-665,-670,-640,-565,-440,-292,-127,47,225,376,501,602,656,651,617,537,414,267,97,-82,-260,-417,-542,634,-661,-653,-590,-495,-361,-204,-30,151,314,459,572,634,664,633,559,449,298,130,-48,-223,-381,-510,-591,-640,-645,-594,-498,-366,-211,-37,145,312,455,551,611,631,591,512,396,249,96,-59,-218,-358,-464,-530,-565,-557,-506,-417,-298,-168,-27,119,242,359,443,488,501,474,426,346,232,112,-17,-136,-258,-348,-422,-453,-460,-442,-378,-292,-190,-67,59,187,298,392,436,446,429,370,296,195,74,-56,-174,-268,-343,-394,-411,-389,-331,-255,-161,-49,64,168,253,317,348,348,322,264,188,90,-19,-119,-204,-269,-308,-309,-278,-214,-126,-23,81,168,223,240,217,157,80,560,739,0,29,460,60,-10,-85,-155,-205,-225,-214,-175,-114,-37,48,126,188,234,255,246,217,165,106,32,-47,-118,-180,-223,-248,-246,-227,-186,-130,-63,13,74,128,181,208,221,207,185,156,114,63,24,-27,-62,-87,-113,-138,-157,-165,-162,-156,-138,-113,-88,-50,3,42,88,136,181,210,229,225,201,163,117,63,-1,-62,-121,-177,-220,-243,-239,-231,-211,-180,-127,-69,-8,55,118,171,215,251,268,273,256,226,182,113,39,-48,-131,-211,-280,-328,-348,-348,-320,-265,-192,-103,-12,91,185,266,336,379,393,378,331,268,181,85,-16,-121,-224,-308,-373,-407,-420,-405,-356,-286,-1135,-76,35,150,250,344,409,457,478,449,388,313,200,68,-70,-200,-323,-419,-493,-536,-532,-497,-414,-296,-173,-32,123,258,376,467,537,564,540,492,409,293,157,11,-131,-268,-392,-496,-556,-582,-569,-521,-438,-329,-180,-27,122,275,406,518,596,627,618,575,493,364,213,47,-132,-296,-443,-573,-673,-705,-692,-639,-532,-383,-214,-17,178,358,528,653,736,763,737,656,525,353,154,-53,-258,-442,-600,-707,-768,-771,-718,-612,-460,-290,-88,122,304,469,611,701,739,723,669,563,414,245,50,-150,-331,-490,-623,-701,-737,-716,-645,-525,-364,-189,2,198,379,528,633,699,718,628
61398,mtk,MTK 7916,861955096,rx1-tx0,512,0,-349,178,310,216,105,-21,-139,-262,-376,-450,-501,-525,-506,-464,-379,-274,-136,13,163,304,431,543,602,627,612,550,447,301,141,-46,-237,-412,-558,-659,-722,-736,-691,-590,-442,-264,-59,156,353,529,670,762,800,775,698,558,376,175,-39,-257,-454,-611,-734,-791,-796,-742,-641,-495,-309,-108,105,304,479,623,722,774,767,713,608,456,281,86,-128,-321,-501,-648,-737,-779,-764,-692,-579,-419,-220,-20,180,380,547,672,749,766,730,645,511,335,142,-54,-251,-423,-573,-670,-714,-717,-669,-564,-419,-247,-52,136,307,448,558,634,650,623,554,436,296,151,-16,-172,-303,-422,-502,-277,-546,-505,-440,-347,-237,-110,27,145,250,340,407,447,460,439,394,326,236,129,23,-87,-195,-287,-361,-415,-442,-441,-416,-358,-283,-178,-64,49,167,270,356,426,459,462,446,390,317,220,103,-31,-153,-266,-384,-475,-524,-548,-528,-467,-383,-262,-119,42,211,364,496,590,656,661,599,504,358,170,-20,-218,-409,-555,-666,-721,-700,-630,-506,-342,-147,58,253,430,556,636,669,633,550,427,270,87,-84,-242,-379,-483,-544,-555,-524,-449,-339,-206,-60,85,216,329,409,453,455,426,356,255,135,8,-120,-230,-323,-379,-393,-369,-300,-204,-81,45,159,244,282,272,215,-134,-292,0,634,-378,43,27,8,-15,-36,-53,-69,-79,-74,-64,-52,-30,-14,15,45,65,89,98,103,106,90,67,40,12,-15,-40,-75,-100,-123,-134,-128,-129,-116,-94,-56,-15,29,68,110,154,192,205,209,192,166,125,66,-3,-77,-153,-220,-281,-308,-314,-298,-250,-184,-93,15,127,230,317,393,416,407,371,288,189,73,-60,-178,-294,-379,-430,-451,-427,-373,-274,-163,-40,75,198,304,382,425,423,399,339,255,147,34,-67,-158,-256,-320,-354,-361,-332,-289,-231,-155,-72,13,83,147,201,238,258,266,267,241,208,170,121,58,-3,-64,-131,-192,-240,-279,-303,-302,-287,-247,489,-111,-38,60,143,235,303,350,375,364,333,285,213,113,1,-104,-210,-301,-370,-411,-420,-411,-363,-289,-196,-88,29,146,256,348,411,451,458,422,365,281,170,55,-63,-185,-292,-374,-431,-465,-456,-421,-358,-271,-158,-47,69,190,287,370,426,454,456,425,368,293,191,76,-49,-156,-265,-361,-440,-487,-498,-486,-438,-356,-244,-109,34,174,311,429,518,565,574,541,476,351,208,43,-115,-263,-405,-506,-567,-579,-555,-487,-380,-256,-101,44,177,303,400,466,498,493,457,399,311,200,91,-29,-136,-235,-327,-393,-425,-436,-424,-378,-313,-234,-142,-37,77,183,271,354,-391,-31,0,-130,64,-341,-417,-469,-480,-459,-423,-341,-234,-121,13,144,271,389,486,553,575,559,500,419,298,146,-13,-187,-351,-498,-606,-667,-696,-661,-581,-453,-290,-106,96,294,477,618,718,774,763,693,582,420,224,9,-210,-410,-587,-710,-792,-814,-775,-664,-521,-337,-127,82,288,466,617,726,779,783,724,619,473,292,95,-114,-311,-496,-631,-726,-778,-774,-710,-600,-440,-252,-52,160,354,526,665,744,760,741,672,545,386,188,-21,-224,-406,-562,-672,-731,-740,-699,-605,-468,-287,-93,95,281,446,572,663,700,681,611,493,356,191,13,-156,-317,-449,-536,-592,-607,-562,-488,-385,-252,315,35,168,283,383,453,496,493,454,399,321,225,115,-4,-120,-222,-311,-383,-423,-440,-440,-407,-343,-259,-160,-47,69,181,278,356,418,442,451,427,368,289,191,79,-27,-148,-263,-354,-433,-482,-498,-472,-433,-367,-251,-125,16,166,303,428,524,578,592,568,502,390,247,76,-118,-294,-457,-596,-676,-698,-679,-588,-446,-271,-61,149,338,507,628,698,700,649,538,384,215,22,-175,-336,-475,-572,-616,-604,-545,-447,-312,-157,1,159,300,408,475,501,490,444,357,243,107,-25,-156,-270,-358,-410,-427,-401,-343,-253,-133,-10,118,228,308,352,344,294,204,89,-28,-119,352,239,0,-405,-390,-34,-48,-61,-65,-60,-48,-30,-1,26,45,64,76,85,94,84,66,46,15,-4,-35,-62,-80,-99,-112,-115,-111,-98,-77,-53,-13,20,52,90,121,146,154,160,149,136,106,61,9,-45,-105,-154,-204,-236,-253,-253,-235,-199,-128,-40,51,146,229,301,354,374,359,311,244,145,16,-98,-218,-321,-389,-434,-434,-401,-339,-236,-120,15,139,256,352,408,435,429,389,314,216,94,-23,-140,-243,-325,-380,-397,-374,-344,-278,-191,-101,3,98,177,246,287,313,308,285,254,205,142,77,15,-50,-110,-150,-195,-233,-263,-270,-266,-243,-202,-154,-95,-23,53,127,204,-571,302,336,344,317,274,199,118,16,-90,-180,-267,-340,-391,-402,-389,-354,-286,-203,-94,15,126,234,320,385,426,437,419,370,287,180,67,-59,-174,-271,-365,-425,-451,-453,-422,-352,-265,-162,-43,80,194,293,378,432,451,455,424,358,270,166,57,-61,-178,-276,-362,-428,-467,-473,-445,-401,-320,-218,-97,25,152,278,388,471,520,538,518,463,367,238,86,-67,-214,-361,-478,-554,-590,-572,-529,-437,-303,-150,8,159,300,412,499,546,540,504,430,330,212,85,-44,-164,-270,-368,-425,-454,-458,-426,-378,-308,-211,-106,-5,105,208,296,363,409,433,430,394,339,259,-639,-753
61399,mtk,MTK 7916,861955096,rx1-tx1,512,0,0,0,-38,-301,-489,-548,-464,-261,16,290,487,558,488,291,23,-244,-447,-535,-480,-304,-48,220,416,496,443,277,39,-211,-393,-464,-409,-241,-9,227,397,450,377,199,-31,-256,-412,-453,-368,-181,59,284,434,465,368,169,-79,-315,-464,-489,-387,-173,90,332,493,520,412,194,-77,-331,-500,-538,-436,-216,61,319,492,533,429,215,-53,-304,-469,-513,-415,-202,62,301,463,505,408,201,-65,-313,-478,-514,-411,-202,61,308,478,526,432,232,-26,-282,-463,-523,-449,-257,-2,251,431,496,441,271,35,-204,-393,-473,-432,-285,-66,165,349,436,408,279,88,-121,-289,-373,-359,0,-95,75,220,296,285,198,58,-92,-207,-249,-220,-130,9,141,223,235,180,70,-72,-198,-265,-260,-177,-32,129,257,325,307,198,25,-164,-319,-392,-362,-230,-38,175,357,460,440,301,87,-153,-366,-494,-502,-377,-147,123,363,520,551,438,213,-67,-339,-539,-605,-511,-293,0,297,523,627,586,397,99,-225,-493,-645,-646,-491,-215,114,408,605,661,561,330,21,-287,-525,-634,-599,-425,-154,143,396,557,580,466,252,-8,-263,-450,-522,-476,-325,-102,133,326,437,445,355,196,-5,-197,-333,-389,-360,-256,-104,64,213,310,337,296,204,86,-36,-143,-209,-231,-217,-171,0,0,0,0,0,-233,-188,-98,33,176,308,397,418,360,230,45,-167,-359,-483,-517,-446,-269,-25,231,444,564,561,433,206,-74,-342,-542,-613,-539,-345,-66,235,488,630,608,435,159,-166,-459,-634,-659,-520,-243,94,417,648,713,597,329,-27,-377,-640,-749,-682,-438,-76,310,615,772,737,515,161,-239,-579,-765,-761,-570,-232,159,520,749,783,611,285,-109,-481,-731,-790,-641,-330,62,449,726,803,666,354,-47,-436,-722,-817,-696,-395,13,426,737,862,758,456,26,-417,-761,-915,-835,-537,-96,376,764,963,917,640,200,-292,-722,-975,-984,-751,-333,172,645,954,1015,820,428,-72,-553,0,-995,-856,-498,-15,466,826,971,862,533,70,-412,-790,-961,-874,-556,-94,385,768,948,886,590,139,-359,-766,-967,-918,-639,-191,312,733,965,950,690,255,-250,-688,-949,-966,-734,-316,181,627,903,947,755,369,-106,-552,-845,-908,-736,-381,77,503,779,847,694,356,-76,-480,-744,-812,-659,-322,101,499,763,814,642,303,-113,-506,-775,-837,-672,-333,85,485,765,846,705,391,-22,-435,-729,-824,-715,-427,-34,364,661,784,705,448,87,-279,-571,-710,-658,-434,-114,218,485,619,585,396,109,-195,-431,-540,-499,-324,-67,205,411,497,447,267,12,-244,-424,-489,-427,-242,16,0,0,0,0,0,537,449,234,-36,-298,-493,-563,-484,-282,-6,270,474,549,484,302,49,-220,-433,-519,-463,-287,-43,206,399,478,428,260,20,-217,-391,-458,-388,-218,9,238,402,446,369,197,-35,-268,-416,-451,-367,-175,71,299,451,477,368,162,-93,-331,-484,-508,-395,-178,90,340,505,535,415,197,-69,-323,-496,-530,-423,-212,55,307,475,514,416,207,-54,-303,-469,-503,-407,-203,58,305,472,514,415,205,-58,-311,-476,-516,-424,-218,44,295,468,520,437,241,-15,-264,-450,-517,-448,-266,-22,226,414,493,440,280,54,-182,-364,-451,-421,-284,-81,138,308,398,385,275,97,-97,0,-331,-324,-230,-82,78,213,274,249,160,27,-111,-213,-246,-205,-97,39,164,239,242,174,44,-107,-231,-294,-276,-178,-27,145,286,352,326,215,34,-170,-336,-421,-399,-273,-67,162,356,469,466,335,114,-145,-373,-512,-523,-405,-179,95,355,531,571,478,258,-36,-324,-541,-625,-552,-338,-43,266,509,637,613,437,151,-172,-459,-635,-660,-531,-275,44,351,567,652,586,384,94,-216,-466,-602,-598,-458,-209,74,334,513,564,478,292,51,-192,-384,-483,-470,-342,-147,65,258,381,412,358,226,46,-135,-277,-356,-357,-282,-159,-15,127,235,290,288,237,151,55,-31,-100,0,0,0,0,0,-128,-223,-302,-343,-325,-241,-101,71,249,397,474,460,350,162,-69,-297,-476,-553,-510,-359,-123,150,402,566,598,494,276,-6,-297,-520,-622,-578,-391,-109,205,474,627,627,475,202,-129,-438,-639,-686,-556,-287,56,391,636,733,642,378,21,-339,-626,-769,-714,-475,-116,272,599,780,763,554,200,-206,-546,-757,-779,-596,-265,136,495,731,790,639,315,-89,-461,-718,-793,-659,-343,59,447,722,807,686,383,-29,-436,-736,-841,-723,-417,-2,429,748,880,789,490,63,-397,-766,-937,-870,-586,-149,337,746,967,952,697,269,-235,-691,-969,-1003,-795,-389,118,594,915,1003,841,0,-26,-499,-851,-990,-862,-513,-41,435,797,956,864,544,85,-398,-774,-947,-872,-570,-120,371,763,957,905,611,160,-332,-748,-976,-945,-666,-223,273,708,964,962,719,296,-206,-656,-928,-963,-749,-345,142,586,873,934,755,382,-85,-517,-809,-880,-719,-378,58,475,760,832,674,333,-96,-492,-749,-809,-655,-313,113,508,770,824,663,329,-97,-500,-772,-838,-695,-371,58,469,754,839,709,403,-1,-401,-693,-806,-715,-446,-67,323,616,749,689,453,113,-244,-530,-669,-625,-422,-120,201,456,578,536,357,88,-194,-416,-516,-469,-295,-43,221,418,487,421,241,-4,-255,-439,-496,0,0
61400,mtk,MTK 7916,861955096,rx2-tx0,512,0,0,0,-305,-835,-1163,-1189,-895,-359,285,873,1244,1293,1007,460,-214,-842,-1260,-1362,-1106,-554,137,801,1259,1386,1157,628,-68,-751,-1236,-1389,-1177,-657,31,711,1209,1382,1187,680,-6,-681,-1181,-1368,-1187,-691,-16,665,1176,1369,1186,691,19,-660,-1152,-1341,-1179,-698,-31,646,1142,1321,1149,686,40,-623,-1105,-1284,-1115,-652,-26,604,1060,1226,1057,599,-18,-622,-1049,-1188,-994,-523,83,664,1055,1154,931,449,-159,-728,-1096,-1163,-911,-403,226,804,1154,1197,923,385,-272,-852,-1217,-1265,-975,-419,260,880,1266,1322,1033,459,-237,-873,-1290,-1378,-1101,-536,178,842,1284,1405,1157,600,-114,-795,-1265,-1411,-1193,0,35,725,1223,1396,1203,698,17,-670,-1178,-1375,-1208,-728,-58,630,1161,1387,1244,773,89,-620,-1163,-1407,-1284,-828,-147,577,1164,1450,1362,911,223,-521,-1145,-1478,-1429,-1013,-334,438,1097,1485,1493,1114,452,-328,-1030,-1471,-1538,-1206,-576,197,921,1411,1547,1286,703,-50,-797,-1340,-1534,-1342,-808,-82,662,1238,1493,1379,919,216,-519,-1120,-1452,-1408,-1015,-372,352,982,1369,1422,1124,551,-142,-783,-1236,-1387,-1194,-722,-99,529,1019,1253,1181,838,313,-269,-765,-1067,-1112,-898,-483,30,508,850,981,886,599,183,-253,-609,-821,-841,-680,-383,-23,326,594,721,698,551,315,42,-208,-391,-483,-484,-408,0,0,0,0,0,-341,-463,-513,-470,-334,-111,167,437,643,737,687,491,170,-204,-549,-795,-873,-753,-454,-34,408,768,962,937,691,275,-224,-687,-997,-1085,-903,-493,53,605,1020,1195,1084,706,138,-472,-981,-1260,-1234,-901,-344,307,892,1278,1349,1076,543,-133,-794,-1257,-1419,-1239,-731,-38,666,1214,1454,1336,893,217,-508,-1097,-1422,-1387,-1006,-373,344,967,1341,1369,1058,484,-213,-840,-1239,-1317,-1057,-536,120,731,1137,1242,1019,533,-82,-665,-1066,-1172,-964,-503,88,646,1029,1129,921,471,-109,-658,-1037,-1131,-908,-441,146,699,1073,1161,939,465,-144,-733,-1136,-1229,-1010,-521,116,730,1155,1284,1078,589,-59,0,-1159,-1315,-1129,-647,6,659,1147,1338,1167,690,32,-644,-1159,-1359,-1203,-731,-58,639,1168,1393,1253,777,84,-627,-1184,-1440,-1320,-844,-145,592,1182,1467,1370,916,219,-534,-1154,-1478,-1411,-977,-292,471,1103,1443,1409,1011,353,-398,-1025,-1372,-1366,-1002,-374,345,959,1311,1313,964,358,-330,-918,-1254,-1254,-912,-330,326,890,1203,1190,860,306,-323,-859,-1161,-1143,-824,-290,315,828,1113,1089,774,261,-315,-799,-1050,-1014,-708,-220,313,753,975,929,626,157,-339,-728,-909,-834,-524,-76,391,746,885,765,422,-32,-479,-791,-879,-720,-358,119,571,862,916,711,306,-199,-662,-948,-978,-736,-285,252,0,0,0,0,0,1113,836,314,-308,-855,-1199,-1246,-953,-396,265,870,1263,1331,1061,515,-173,-824,-1262,-1375,-1134,-594,101,771,1241,1391,1177,652,-47,-731,-1221,-1387,-1182,-670,10,691,1191,1369,1182,687,10,-676,-1177,-1357,-1179,-687,-13,661,1163,1353,1180,694,17,-660,-1156,-1338,-1167,-687,-26,637,1122,1309,1151,677,28,-615,-1083,-1255,-1089,-634,-7,612,1052,1196,1019,565,-50,-642,-1049,-1163,-959,-488,122,693,1071,1155,917,421,-191,-758,-1125,-1188,-921,-391,245,822,1189,1235,944,398,-269,-874,-1245,-1297,-1005,-430,262,887,1286,1350,1061,492,-205,-858,-1297,-1389,-1125,-566,143,815,1277,1408,1172,630,-78,-760,0,-1405,-1201,-682,7,695,1206,1389,1208,724,38,-656,-1170,-1380,-1229,-751,-76,623,1154,1386,1269,803,122,-601,-1170,-1435,-1325,-864,-181,554,1154,1465,1394,968,279,-488,-1131,-1487,-1470,-1067,-388,387,1066,1477,1514,1163,515,-265,-979,-1448,-1547,-1258,-651,129,867,1382,1546,1315,759,12,-737,-1291,-1511,-1345,-857,-155,600,1198,1476,1383,945,288,-438,-1060,-1412,-1414,-1066,-463,246,889,1308,1406,1166,644,-22,-668,-1136,-1323,-1197,-792,-212,393,894,1172,1157,878,407,-145,-637,-957,-1050,-893,-539,-82,378,734,903,866,641,284,-121,-483,-722,-798,-704,-475,-168,152,420,587,633,567,411,213,16,-158,0,0,0,0,0,252,110,-83,-300,-496,-622,-643,-536,-310,-6,329,620,786,791,631,326,-76,-475,-782,-926,-854,-577,-154,322,734,988,1012,798,387,-138,-649,-1012,-1135,-994,-602,-43,538,997,1228,1164,814,241,-400,-945,-1274,-1301,-1000,-451,216,844,1281,1394,1166,647,-52,-744,-1251,-1447,-1282,-807,-127,591,1161,1443,1368,948,290,-434,-1046,-1393,-1390,-1041,-436,272,898,1293,1355,1067,512,-161,-779,-1187,-1281,-1044,-539,97,692,1099,1209,996,529,-72,-647,-1037,-1140,-937,-481,90,640,1024,1123,911,455,-128,-681,-1050,-1142,-928,-458,149,722,1103,1197,974,492,-139,-735,-1137,-1259,-1051,-558,88,712,1154,1305,0,614,-37,-685,-1162,-1333,-1159,-678,-11,658,1150,1340,1184,712,44,-645,-1161,-1369,-1221,-745,-64,642,1175,1415,1286,810,111,-621,-1198,-1467,-1351,-880,-181,567,1177,1477,1394,948,259,-502,-1133,-1467,-1413,-994,-323,427,1064,1416,1396,1015,367,-360,-986,-1353,-1351,-987,-370,331,934,1281,1283,939,351,-326,-896,-1223,-1221,-889,-323,318,873,1186,1173,847,303,-318,-848,-1136,-1121,-807,-276,322,817,1078,1050,747,245,-317,-774,-1009,-968,-663,-186,326,736,939,877,577,124,-354,-728,-892,-797,-474,-21,428,757,876,741,389,-78,-527,-828,-893,-710,-325,162,618,910,946,719,289,-231,-704,-995,-1010,0,0
61401,mtk,MTK 7916,861955096,rx2-tx1,512,0,0,0,818,968,864,534,60,-436,-823,-994,-909,-588,-120,382,789,993,940,648,188,-316,-734,-958,-927,-659,-227,265,680,913,904,655,232,-242,-638,-859,-852,-621,-219,243,617,814,800,565,168,-269,-627,-806,-762,-506,-113,322,666,826,756,472,46,-391,-725,-878,-795,-480,-32,426,772,920,819,491,27,-446,-798,-942,-836,-490,-10,472,834,977,854,500,1,-509,-882,-1027,-907,-537,-4,535,929,1091,968,593,56,-507,-953,-1159,-1059,-693,-152,436,916,1165,1122,788,254,-335,-842,-1137,-1140,-853,-358,228,745,1063,1119,905,454,-106,-622,-976,-1079,-905,-512,-7,490,855,982,865,539,0,-362,-711,-857,-777,-508,-117,288,596,733,669,425,79,-267,-531,-650,-580,-343,-27,287,524,606,508,265,-45,-347,-543,-578,-453,-195,128,422,601,608,437,138,-214,-522,-704,-695,-485,-126,283,633,834,829,595,201,-266,-685,-947,-976,-759,-340,178,663,995,1086,911,505,-40,-582,-982,-1151,-1047,-683,-149,434,915,1176,1153,857,350,-234,-771,-1130,-1212,-1011,-585,-22,543,969,1174,1096,765,275,-263,-729,-1003,-1042,-850,-463,14,457,782,916,831,565,185,-223,-557,-740,-743,-578,-297,35,354,579,656,585,391,123,-156,-381,-521,-551,-463,-291,-82,122,291,389,403,352,256,138,0,0,0,0,0,361,325,233,85,-98,-283,-432,-510,-488,-372,-177,64,296,466,542,506,351,114,-152,-384,-533,-558,-444,-224,55,320,506,574,503,309,28,-264,-501,-620,-572,-372,-82,231,502,647,628,457,167,-177,-483,-674,-699,-546,-259,108,447,672,733,615,328,-49,-406,-659,-752,-653,-384,-23,350,643,781,714,455,73,-320,-633,-786,-737,-508,-147,254,587,760,743,536,193,-199,-543,-742,-740,-546,-220,170,520,728,743,564,240,-149,-504,-724,-752,-583,-264,121,488,732,787,636,316,-79,-453,-715,-788,-651,-351,32,405,678,773,667,380,-1,-377,-658,-767,-668,-397,-35,339,634,0,673,418,56,-322,-614,-741,-673,-433,-76,286,565,695,644,417,77,-272,-543,-667,-607,-376,-40,306,565,667,582,337,-6,-359,-615,-705,-600,-330,34,391,654,745,632,348,-26,-398,-675,-771,-659,-376,7,387,672,774,663,376,-10,-399,-683,-772,-650,-341,48,421,695,776,636,328,-72,-463,-723,-787,-637,-306,108,499,764,819,648,303,-131,-544,-811,-863,-686,-319,145,577,848,907,732,353,-129,-577,-877,-949,-778,-409,81,552,874,967,816,451,-27,-494,-834,-954,-822,-482,-13,457,804,935,809,474,27,-431,-772,-906,-800,-472,-21,429,770,910,795,467,19,-438,-780,0,0,0,0,0,-496,-29,452,819,979,892,565,83,-416,-806,-993,-928,-623,-159,352,771,978,931,650,204,-294,-710,-941,-922,-670,-246,242,657,886,877,636,229,-231,-622,-838,-823,-591,-198,249,615,804,769,519,135,-295,-654,-818,-751,-485,-78,356,699,856,779,476,41,-407,-752,-902,-806,-483,-19,442,791,934,825,489,15,-461,-815,-958,-843,-495,-9,493,864,1003,879,511,-3,-520,-911,-1063,-933,-555,-16,534,941,1114,1013,647,102,-480,-943,-1163,-1091,-741,-203,392,891,1157,1132,826,306,-281,-794,-1107,-1135,-876,-405,165,686,1025,1104,905,486,-48,-557,-911,-1033,-896,-538,-54,424,773,0,836,533,108,-311,-641,-792,-720,-466,-106,275,561,682,618,387,52,-286,-535,-625,-539,-312,11,319,528,588,478,229,-86,-375,-559,-584,-445,-163,173,470,644,639,451,126,-253,-581,-768,-755,-534,-150,287,666,898,904,671,262,-221,-673,-979,-1042,-839,-426,104,621,992,1132,988,597,54,-511,-956,-1176,-1109,-763,-240,349,859,1164,1200,944,470,-111,-669,-1069,-1204,-1064,-687,-154,404,858,1108,1091,820,387,-122,-590,-897,-987,-851,-529,-103,330,670,833,797,583,244,-128,-449,-656,-708,-590,-348,-41,256,477,591,577,438,212,-41,-269,-426,-496,-467,-353,-198,-28,124,229,284,0,0,0,0,0,77,227,355,439,455,393,253,53,-170,-370,-504,-533,-453,-277,-36,217,428,540,528,400,175,-97,-350,-519,-563,-472,-267,10,287,497,588,537,335,50,-250,-493,-626,-603,-415,-124,204,495,667,670,502,206,-135,-453,-668,-709,-579,-294,69,420,668,747,632,360,-11,-389,-663,-774,-691,-424,-53,330,635,776,717,472,111,-279,-596,-760,-738,-533,-179,227,560,746,738,547,204,-191,-525,-723,-738,-562,-233,163,514,728,747,570,249,-143,-500,-726,-764,-607,-290,101,473,726,782,639,337,-52,-428,-695,-778,-661,-373,13,389,665,764,658,387,21,-356,-639,-755,-670,-407,0,335,618,737,666,420,65,-306,-594,-719,-652,-417,-79,280,556,681,619,390,61,-287,-551,-659,-585,-346,-12,325,584,680,581,325,-26,-381,-638,-723,-618,-339,29,405,670,753,648,371,-19,-405,-678,-776,-668,-378,9,391,670,767,655,364,-29,-414,-686,-765,-638,-338,62,446,713,785,641,323,-93,-489,-748,-802,-637,-302,125,528,789,836,661,308,-139,-557,-836,-889,-706,-334,136,579,872,937,758,374,-108,-566,-885,-975,-809,-431,52,522,854,966,823,468,-6,-476,-819,-943,-818,-482,-20,442,782,913,804,481,24,-431,-772,-905,-799,-474,-25,429,770,910,803,471,0,0
61402,mtk,MTK 7916,862004265,rx0-tx0,512,-330,688,-719,636,383,99,-211,-487,-716,-897,-1009,-1042,-980,-841,-649,-404,-126,154,428,679,858,979,1021,979,859,686,463,192,-92,-369,-620,-829,-971,-1036,-1014,-911,-742,-508,-241,53,335,605,825,967,1050,1036,940,774,544,270,-26,-312,-581,-789,-946,-1023,-1008,-923,-775,-555,-306,-24,248,497,714,876,968,982,926,803,616,392,121,-155,-420,-660,-835,-956,-986,-949,-832,-651,-415,-153,131,404,634,807,913,948,901,778,597,375,124,-118,-350,-566,-723,-814,-839,-805,-714,-561,-372,-166,54,265,461,606,701,755,741,675,557,403,216,32,-165,-354,-503,-630,-710,-719,-684,-600,-467,-303,-26,103,295,469,606,689,723,721,636,508,340,147,-62,-272,-464,-610,-723,-765,-751,-669,-537,-364,-144,70,295,498,651,751,799,774,682,528,347,124,-100,-325,-519,-666,-773,-809,-764,-674,-522,-320,-104,124,342,544,695,782,807,765,659,494,280,52,-191,-424,-618,-756,-826,-830,-748,-600,-402,-161,103,337,543,701,777,789,720,573,387,167,-64,-262,-439,-571,-635,-622,-558,-454,-314,-158,3,147,278,361,406,415,404,338,267,180,84,-10,-100,-171,-231,-271,-288,-283,-256,-214,-156,-82,0,75,142,205,236,262,256,220,166,81,-12,-102,-180,-226,-241,-215,-147,-70,834,845,510,774,-162,41,-33,-114,-187,-238,-252,-234,-182,-105,-19,65,154,227,278,301,297,274,221,146,56,-45,-148,-250,-333,-393,-417,-412,-379,-297,-176,-37,121,281,433,555,634,654,606,504,346,137,-94,-345,-562,-736,-850,-876,-843,-706,-501,-234,66,368,655,880,1026,1087,1037,888,653,353,2,-347,-677,-939,-1118,-1194,-1167,-1025,-791,-469,-117,251,604,897,1103,1216,1222,1115,910,630,289,-75,-426,-737,-982,-1147,-1204,-1168,-1030,-799,-500,-146,191,512,793,1004,1133,1166,1097,935,710,417,97,-241,-555,-827,-1015,-1136,-1143,-1052,-886,-657,-353,-24,275,578,831,1003,1102,1095,1017,846,596,315,301,-292,-572,-800,-963,-1057,-1066,-987,-839,-625,-358,-68,224,520,768,948,1068,1105,1055,917,699,420,109,-220,-532,-801,-995,-1132,-1165,-1095,-949,-718,-433,-125,197,507,778,974,1102,1150,1116,998,796,530,215,-113,-442,-738,-976,-1136,-1220,-1206,-1097,-888,-615,-286,73,421,743,1007,1195,1287,1272,1166,951,662,306,-67,-432,-774,-1047,-1239,-1339,-1310,-1170,-937,-634,-279,96,461,783,1035,1212,1270,1236,1101,877,593,257,-102,-441,-737,-965,-1118,-1177,-1163,-1044,-846,-589,-274,57,368,646,877,1035,1106,1100,1000,829,588,302,6,-303,-572,-795,-965,-1052,-1060,-988,-829,-613,-347,-48,245,521,758,-6,277,-82,-517,-58,-825,-971,-1049,-1028,-918,-747,-525,-252,46,337,579,786,934,1006,997,922,762,544,296,20,-263,-522,-742,-908,-998,-1008,-946,-812,-607,-354,-76,213,483,720,904,1011,1045,986,860,648,404,117,-190,-470,-711,-894,-1004,-1033,-982,-857,-666,-430,-147,141,406,647,837,957,1016,976,864,690,467,212,-57,-323,-565,-768,-909,-987,-970,-893,-742,-530,-274,13,279,535,743,893,968,969,878,722,509,263,1,-268,-502,-697,-829,-892,-873,-805,-668,-474,-246,-17,211,419,596,714,779,786,732,626,468,284,84,-129,-317,-481,-611,-688,-717,-705,-625,-506,-358,-164,39,227,405,550,655,628,710,665,567,416,226,37,-177,-379,-539,-660,-736,-752,-710,-596,-444,-252,-42,173,380,552,695,767,776,735,620,451,252,23,-208,-422,-592,-716,-791,-790,-737,-606,-435,-227,11,238,434,613,729,787,787,726,597,416,190,-37,-272,-478,-653,-772,-821,-806,-716,-556,-350,-114,138,379,584,738,827,817,736,601,401,170,-74,-309,-504,-636,-719,-714,-644,-526,-352,-151,49,218,366,466,516,512,471,395,285,166,46,-77,-186,-263,-322,-342,-332,-300,-252,-193,-119,-43,40,120,181,227,255,263,251,224,165,96,20,-71,-142,-207,-248,-255,-235,-183,-101,-11,85,152,174,117,-105,-82,752,-818,-179,-199,-184,-136,-56,33,120,196,249,271,271,242,182,102,12,-75,-161,-247,-307,-345,-355,-338,-293,-211,-110,16,139,267,390,475,521,527,488,397,259,86,-111,-308,-486,-641,-741,-780,-736,-609,-424,-182,79,352,611,806,947,992,950,805,571,292,-26,-362,-670,-925,-1101,-1164,-1118,-967,-723,-412,-59,301,638,920,1123,1211,1199,1065,831,535,198,-170,-523,-826,-1047,-1181,-1211,-1135,-958,-702,-386,-41,306,635,900,1089,1179,1157,1069,877,620,298,-42,-386,-673,-913,-1074,-1150,-1128,-1008,-800,-533,-225,116,426,700,921,1069,1108,1076,970,744,475,169,-137,-438,-720,-923,-1034,-176,-1045,-916,-720,-475,-199,110,397,662,870,1012,1066,1050,958,772,536,250,-64,-368,-646,-881,-1046,-1133,-1122,-1018,-828,-584,-287,54,369,659,906,1072,1147,1141,1039,858,609,324,2,-317,-616,-863,-1051,-1154,-1181,-1113,-950,-708,-414,-87,252,582,867,1085,1227,1260,1191,1031,790,482,119,-241,-597,-903,-1144,-1298,-1329,-1257,-1080,-812,-495,-118,268,630,931,1161,1286,1310,1218,1030,768,431,72,-283,-610,-886,-1093,-1218,-1230,-1146,-969,-722,-420,-92,240,561,807,1004,1120,1146,1080,938,714,431,128,-181,-475,-734,-938,-1048,-1088,-1049,-918,-725,-475,-186,107,409,666,866,1004,1060,1024,913,720,1067,1041
61403,mtk,MTK 7916,862004265,rx0-tx1,512,-686,-76,-268,-81,-275,-446,-588,-677,-702,-678,-585,-454,-282,-100,85,264,424,537,612,637,604,535,425,278,119,-38,-189,-335,-446,-522,-567,-567,-527,-451,-348,-213,-66,79,228,360,463,546,577,574,535,445,328,183,21,-146,-314,-455,-569,-639,-658,-629,-547,-417,-266,-81,117,308,481,606,687,722,694,604,466,291,97,-107,-306,-488,-620,-708,-739,-705,-613,-472,-304,-110,107,300,472,609,695,724,696,603,475,302,115,-91,-284,-452,-580,-668,-703,-684,-606,-472,-314,-130,67,249,411,545,639,678,659,594,477,330,155,-34,-223,-391,-527,-625,-672,-664,-591,-488,-341,-155,33,225,-38,542,633,664,655,589,474,323,133,-59,-248,-409,-540,-628,-669,-643,-564,-446,-281,-98,94,273,435,561,636,664,625,535,413,237,47,-134,-314,-459,-568,-624,-630,-578,-474,-340,-179,-6,171,339,462,541,579,567,508,409,273,116,-35,-188,-316,-420,-496,-515,-496,-446,-361,-244,-107,39,165,277,370,444,469,457,416,333,221,93,-41,-173,-295,-382,-438,-457,-438,-374,-287,-170,-30,103,227,324,391,421,413,367,282,182,63,-59,-167,-265,-337,-371,-369,-333,-260,-177,-64,52,156,242,302,333,321,281,204,110,0,-107,-201,-265,-292,-270,-209,-117,-18,78,152,177,-714,-544,0,-717,-526,-169,-165,-126,-64,21,110,180,224,243,229,175,107,31,-52,-128,-194,-240,-257,-247,-209,-152,-77,4,84,153,198,234,251,238,198,142,73,2,-71,-126,-165,-191,-198,-194,-164,-136,-104,-56,-6,44,75,104,129,144,156,159,156,146,118,86,48,-2,-63,-116,-160,-202,-220,-231,-217,-181,-124,-61,10,72,141,195,228,250,246,225,186,141,86,17,-56,-116,-171,-221,-263,-273,-270,-250,-198,-146,-72,23,104,182,260,315,341,339,312,250,173,80,-27,-129,-233,-310,-359,-384,-381,-346,-272,-183,-86,27,143,236,316,387,413,408,369,299,209,92,-29,-145,-48,-352,-411,-450,-451,-416,-350,-253,-124,10,146,269,374,461,512,512,475,398,281,142,-16,-174,-318,-441,-521,-557,-550,-499,-410,-287,-140,23,178,317,435,522,565,564,524,444,321,184,20,-146,-296,-427,-530,-591,-605,-573,-500,-387,-248,-74,93,263,419,540,624,657,637,574,460,312,131,-56,-248,-418,-567,-675,-728,-716,-650,-527,-356,-161,57,272,462,621,725,773,761,670,525,346,141,-78,-301,-492,-647,-742,-780,-751,-658,-518,-333,-130,88,295,483,621,711,749,727,641,510,338,141,-77,-276,-460,-613,-707,-742,-719,-638,-503,-335,-132,80,273,462,607,693,725,-5,-353,9,933,-851,-712,-655,-551,-402,-206,-11,188,370,517,621,662,657,605,503,359,196,17,-159,-314,-447,-538,-579,-587,-558,-484,-366,-238,-89,65,214,343,452,530,558,559,520,440,337,201,46,-103,-258,-398,-503,-582,-611,-601,-544,-442,-313,-144,35,215,384,523,626,691,689,635,522,367,190,-11,-218,-401,-553,-659,-716,-716,-662,-545,-389,-206,5,217,407,560,666,730,730,664,554,394,203,1,-201,-383,-535,-648,-707,-715,-650,-544,-393,-221,-27,166,350,499,605,676,684,638,546,406,233,37,-151,-327,-477,-587,-660,-674,-634,-541,-413,-251,-66,129,311,455,583,653,669,638,634,416,237,53,-139,-323,-475,-594,-661,-670,-623,-524,-391,-220,-24,176,347,495,602,657,659,601,500,350,175,-15,-214,-375,-516,-615,-644,-632,-561,-445,-292,-122,59,243,400,515,589,607,583,503,376,230,66,-103,-256,-387,-488,-537,-540,-506,-423,-320,-177,-28,107,233,347,431,484,489,451,387,291,171,33,-94,-215,-332,-411,-460,-463,-436,-364,-260,-135,1,142,260,357,427,450,431,376,286,176,51,-73,-195,-294,-360,-395,-387,-349,-281,-181,-65,46,156,242,307,350,347,314,244,153,43,-67,-166,-248,-297,-315,-290,-229,-135,-27,80,171,227,241,216,148,64,560,739,0,29,460,8,80,151,199,223,205,150,75,-6,-99,-173,-224,-250,-248,-218,-164,-89,-8,72,145,206,246,259,247,202,141,75,-5,-82,-148,-196,-229,-234,-218,-178,-134,-80,-26,38,90,127,157,174,178,163,141,119,93,60,25,-16,-53,-93,-129,-154,-181,-199,-198,-170,-141,-91,-36,29,98,157,203,235,241,230,209,155,99,31,-40,-102,-161,-203,-240,-258,-251,-230,-196,-147,-80,-7,61,140,205,256,299,310,287,263,206,124,30,-65,-163,-249,-314,-358,-368,-352,-303,-220,-128,-20,91,199,290,346,386,399,366,310,244,144,21,-93,-205,-298,-372,-423,-430,-412,-1135,-272,-172,-54,77,200,312,406,466,488,467,409,318,206,62,-86,-224,-356,-454,-516,-540,-520,-458,-358,-214,-64,100,255,388,488,549,565,534,467,365,231,81,-79,-228,-375,-481,-553,-587,-567,-513,-423,-295,-137,35,200,352,473,569,617,617,584,493,361,198,19,-160,-336,-492,-606,-680,-699,-668,-573,-431,-251,-51,158,354,533,658,735,763,719,616,458,257,47,-184,-399,-570,-699,-773,-787,-733,-611,-442,-235,-17,204,402,571,689,752,753,695,583,421,237,29,-188,-386,-547,-666,-736,-745,-686,-587,-427,-234,-33,173,365,533,657,730,728,678,580,416,224,20,718,628
61404,mtk,MTK 7916,862004265,rx1-tx0,512,0,-349,178,-521,-571,-586,-544,-461,-349,-201,-42,130,298,445,561,637,677,654,586,462,298,106,-106,-305,-497,-656,-763,-811,-789,-703,-551,-349,-113,135,386,603,773,888,920,879,768,588,353,90,-202,-465,-696,-864,-956,-984,-917,-768,-562,-309,-30,259,514,726,883,970,975,898,739,535,291,17,-246,-495,-697,-839,-929,-946,-884,-746,-565,-331,-66,220,477,688,849,942,955,897,764,568,325,55,-213,-466,-686,-848,-935,-949,-870,-731,-536,-294,-33,228,482,679,821,898,893,811,675,475,231,-15,-261,-486,-651,-778,-832,-803,-722,-573,-396,-182,53,261,438,578,673,715,694,616,-277,323,152,-27,-204,-362,-476,-560,-595,-586,-540,-446,-333,-195,-43,101,247,370,458,511,539,525,475,392,273,133,-11,-166,-303,-413,-501,-551,-558,-521,-447,-336,-212,-65,89,239,377,494,572,603,596,535,434,306,134,-50,-234,-401,-539,-646,-709,-719,-666,-523,-347,-152,79,307,520,697,804,844,807,688,509,268,8,-263,-519,-716,-834,-888,-839,-722,-536,-294,-38,206,450,641,748,787,764,667,506,303,78,-137,-336,-497,-609,-664,-656,-581,-461,-301,-125,65,237,393,494,546,552,501,400,261,103,-61,-220,-350,-440,-479,-462,-387,-265,-103,59,200,309,354,331,249,-134,-292,0,634,-378,-20,-8,19,49,68,82,88,80,62,40,13,-18,-51,-79,-98,-111,-110,-107,-92,-60,-22,12,46,80,111,133,152,154,138,116,79,39,-3,-52,-111,-152,-196,-216,-221,-213,-179,-124,-63,17,106,174,244,304,338,337,297,230,142,13,-107,-213,-326,-411,-466,-465,-411,-322,-190,-51,98,255,388,487,528,526,473,369,227,69,-98,-261,-399,-498,-544,-536,-483,-387,-259,-108,58,213,351,443,496,506,468,389,284,154,13,-116,-225,-322,-381,-409,-398,-346,-282,-206,-119,-26,67,145,211,264,298,314,320,291,252,205,132,37,-46,-134,-219,-296,-349,-382,-383,489,-299,-216,-109,6,124,246,347,425,464,461,423,355,236,115,-13,-157,-302,-408,-481,-522,-519,-475,-383,-261,-121,22,186,324,429,503,550,549,496,410,286,137,-25,-184,-325,-446,-534,-572,-567,-505,-413,-294,-149,7,167,312,418,501,556,564,528,447,328,200,56,-95,-240,-382,-492,-561,-599,-591,-531,-435,-307,-146,34,212,379,524,627,686,678,628,512,352,159,-67,-270,-455,-603,-696,-726,-700,-603,-458,-280,-85,115,302,469,597,656,662,614,518,390,241,73,-102,-254,-387,-482,-547,-560,-531,-475,-386,-273,-136,7,140,268,382,464,516,529,507,445,353,235,-391,-31,0,-130,64,-224,-85,74,238,376,495,583,621,624,570,475,333,167,-19,-210,-382,-542,-655,-730,-742,-694,-593,-424,-223,1,228,448,639,780,853,859,794,653,467,226,-38,-302,-542,-747,-882,-956,-944,-851,-687,-457,-196,82,372,619,815,937,987,954,837,662,433,159,-121,-397,-628,-800,-922,-964,-931,-828,-647,-429,-185,82,354,583,769,895,956,942,834,675,456,201,-72,-335,-581,-775,-908,-954,-930,-830,-667,-443,-183,90,356,581,767,890,930,900,792,612,397,142,-124,-370,-582,-758,-846,-868,-825,-708,-541,-337,-88,144,361,545,677,771,776,709,597,447,265,64,-144,-329,315,-584,-638,-645,-602,-514,-387,-242,-79,76,230,363,463,535,559,546,498,412,291,162,17,-130,-263,-381,-476,-533,-550,-527,-461,-367,-241,-88,64,213,343,451,522,565,563,522,442,323,172,19,-149,-314,-448,-564,-634,-656,-626,-542,-415,-252,-63,142,359,548,670,761,788,738,628,451,227,-20,-277,-516,-708,-837,-878,-846,-730,-531,-294,-23,246,485,677,800,836,805,704,515,289,61,-177,-400,-573,-688,-730,-709,-623,-484,-300,-100,105,292,445,551,605,598,544,438,286,122,-53,-218,-358,-458,-507,-509,-456,-357,-214,-51,114,262,374,434,422,357,240,90,-59,-165,352,239,0,-405,-390,53,64,74,65,45,21,-11,-42,-66,-84,-96,-102,-95,-74,-48,-16,17,51,88,116,128,125,121,105,83,49,9,-42,-82,-119,-147,-166,-178,-184,-162,-121,-79,-15,38,103,170,224,255,274,255,221,174,98,-1,-108,-204,-280,-350,-394,-384,-355,-280,-173,-47,104,242,370,463,498,505,449,351,216,54,-105,-269,-404,-497,-534,-531,-479,-392,-254,-86,88,240,374,470,528,529,485,395,275,133,-21,-173,-294,-385,-441,-458,-432,-374,-283,-173,-56,60,163,240,299,335,348,333,299,249,179,104,34,-40,-115,-181,-249,-311,-335,-341,-330,-291,-221,-132,-32,81,-571,282,358,410,429,421,372,287,170,41,-91,-214,-336,-432,-473,-496,-482,-417,-311,-190,-42,103,249,377,473,526,545,520,440,334,202,51,-119,-267,-394,-495,-554,-570,-534,-457,-348,-207,-49,109,264,386,488,550,570,546,478,370,247,93,-62,-218,-353,-460,-529,-570,-561,-520,-440,-318,-180,-25,145,302,433,548,619,642,613,540,415,251,63,-127,-314,-492,-620,-708,-718,-664,-563,-411,-222,-16,203,404,555,654,696,688,619,507,345,161,-28,-212,-375,-494,-574,-610,-594,-532,-439,-313,-172,-12,133,266,379,467,521,533,509,455,366,253,120,-20,-160,-291,-397,-482,-639,-753
61405,mtk,MTK 7916,862004265,rx1-tx1,512,0,0,0,708,700,529,214,-164,-498,-718,-766,-631,-342,27,385,650,755,673,439,102,-252,-543,-695,-665,-477,-168,173,460,630,629,466,193,-123,-415,-600,-617,-472,-208,113,401,583,621,486,229,-92,-389,-588,-638,-526,-268,61,375,605,682,586,345,2,-345,-599,-719,-667,-441,-106,258,563,732,717,519,198,-169,-494,-691,-713,-571,-281,76,410,642,711,603,337,-12,-351,-602,-704,-626,-401,-66,297,579,712,675,469,155,-203,-508,-688,-707,-551,-261,89,426,645,711,613,366,34,-300,-564,-687,-638,-443,-142,178,457,627,635,493,240,-68,-348,-540,-585,-496,-308,-55,213,410,0,455,307,98,-128,-304,-378,-355,-245,-66,120,258,327,299,182,16,-163,-301,-353,-298,-157,28,214,351,402,343,188,-31,-253,-421,-489,-439,-275,-20,245,461,582,559,385,114,-185,-461,-639,-671,-540,-270,74,408,649,742,666,432,92,-286,-603,-779,-775,-589,-262,132,510,773,857,741,458,74,-338,-685,-879,-880,-679,-322,103,509,804,925,840,565,165,-258,-616,-840,-884,-733,-428,-29,365,666,815,789,595,281,-87,-411,-637,-734,-666,-449,-153,164,429,597,633,530,322,61,-204,-413,-529,-533,-428,-244,-22,191,355,446,454,380,240,73,-87,-218,-299,-324,-299,-230,0,0,0,0,0,354,371,324,208,38,-170,-372,-533,-611,-581,-444,-217,68,356,591,726,717,560,291,-56,-401,-670,-810,-781,-582,-259,122,489,761,861,768,510,132,-284,-638,-852,-871,-688,-339,87,501,813,946,849,552,119,-342,-733,-966,-973,-748,-347,141,598,933,1063,930,577,93,-419,-841,-1068,-1035,-760,-312,209,689,1010,1088,909,507,-13,-531,-921,-1093,-1004,-666,-175,359,807,1066,1067,800,339,-209,-709,-1040,-1108,-905,-482,62,598,1002,1169,1057,668,110,-473,-951,-1213,-1189,-877,-347,279,854,1235,1319,1091,607,-30,-663,-1144,-1374,-1282,-886,-282,387,967,1334,1389,1109,578,-84,-725,-1195,0,-1239,-802,-191,467,1018,1311,1287,954,391,-262,-844,-1223,-1302,-1061,-561,71,693,1151,1320,1166,731,114,-536,-1059,-1330,-1282,-917,-327,337,924,1289,1347,1095,566,-100,-737,-1197,-1365,-1199,-755,-129,526,1044,1307,1262,908,345,-293,-844,-1178,-1225,-975,-483,118,676,1055,1158,976,556,-9,-566,-967,-1122,-989,-604,-85,469,918,1130,1049,717,208,-361,-845,-1120,-1119,-845,-369,199,718,1056,1146,970,550,-6,-545,-944,-1121,-1022,-684,-194,334,769,1008,1007,770,354,-135,-577,-859,-922,-772,-439,-18,395,695,813,720,443,60,-317,-590,-706,-643,-415,-81,263,543,675,623,410,83,-260,-540,-682,0,0,0,0,0,-151,200,523,723,744,588,289,-83,-449,-691,-765,-661,-396,-45,316,595,719,672,458,137,-213,-499,-653,-648,-468,-173,151,439,608,617,469,200,-130,-422,-588,-610,-479,-215,106,396,587,632,511,252,-73,-383,-599,-664,-558,-304,24,357,606,709,634,394,53,-302,-581,-718,-687,-482,-146,218,528,708,719,551,251,-116,-451,-667,-716,-585,-313,38,371,618,710,612,365,29,-320,-584,-700,-643,-428,-106,252,552,709,693,516,209,-145,-457,-671,-720,-589,-318,21,354,597,693,624,404,89,-246,-514,-653,-635,-463,-187,124,396,573,606,498,282,-3,-277,-463,-534,-483,-319,0,163,350,434,406,283,96,-113,-282,-361,-335,-216,-46,133,273,327,287,167,-6,-188,-325,-368,-305,-156,35,230,387,442,380,218,-8,-256,-444,-537,-501,-321,-58,224,478,620,617,465,194,-136,-438,-644,-699,-600,-349,-4,343,626,770,724,507,175,-206,-557,-787,-830,-675,-364,36,431,736,878,826,581,193,-233,-606,-852,-914,-768,-446,-28,388,719,890,874,659,303,-109,-498,-770,-860,-770,-525,-169,218,543,741,776,643,378,45,-286,-546,-670,-651,-498,-245,47,319,510,583,540,390,164,-89,-310,-454,-503,-459,-328,-138,57,230,356,409,384,303,190,66,-48,-144,0,0,0,0,0,-2,147,290,418,496,503,422,252,18,-239,-469,-634,-682,-597,-405,-121,211,517,725,787,691,452,114,-262,-595,-790,-827,-695,-401,-13,377,690,850,825,613,246,-182,-570,-831,-899,-763,-447,-13,425,774,954,924,666,236,-243,-672,-961,-1027,-848,-468,21,515,894,1071,999,687,213,-303,-766,-1051,-1078,-854,-429,109,610,963,1089,955,598,86,-449,-866,-1071,-1024,-728,-254,283,760,1053,1086,857,413,-134,-656,-1019,-1135,-974,-571,-21,539,977,1184,1112,761,221,-384,-902,-1218,-1254,-979,-458,168,768,1203,1364,1200,755,129,-534,-1083,-1382,-1361,-1014,-436,229,842,1272,1391,1184,706,0,-610,-1104,-1342,-1264,-875,-280,365,924,1266,1296,1009,473,-170,-769,-1187,-1316,-1120,-641,-16,621,1115,1335,1225,818,217,-436,-1001,-1320,-1308,-990,-446,223,844,1257,1371,1151,659,15,-635,-1136,-1350,-1245,-845,-245,402,944,1256,1250,940,413,-200,-755,-1115,-1195,-970,-518,54,609,1004,1136,984,582,26,-524,-932,-1116,-1023,-669,-133,442,888,1112,1082,776,268,-299,-788,-1096,-1145,-910,-457,98,630,1006,1136,996,621,108,-431,-866,-1082,-1034,-741,-280,231,663,932,971,782,415,-47,-481,-773,-860,-732,-442,-46,344,638,761,682,431,85,-280,-560,-687,-636,-406,-76,268,541,673,635,431,116,0,0
61406,mtk,MTK 7916,862004265,rx2-tx0,512,0,0,0,1127,1021,663,123,-469,-963,-1230,-1197,-876,-334,301,879,1247,1313,1067,562,-86,-715,-1179,-1357,-1204,-766,-139,531,1062,1337,1291,919,323,-347,-931,-1287,-1324,-1036,-487,178,797,1217,1340,1122,622,-27,-671,-1139,-1325,-1182,-742,-116,535,1047,1306,1243,864,270,-383,-939,-1260,-1264,-951,-408,234,814,1178,1245,1003,506,-111,-686,-1084,-1202,-1018,-573,16,590,1008,1160,1014,610,50,-518,-956,-1140,-1024,-645,-95,489,940,1143,1063,705,159,-436,-935,-1192,-1146,-815,-269,358,899,1219,1238,955,429,-217,-819,-1224,-1333,-1108,-611,35,675,1161,1367,1231,802,172,-506,-1058,-1355,-1320,-965,-380,300,906,1295,0,1100,576,-85,-730,-1195,-1362,-1198,-750,-115,556,1083,1340,1270,889,287,-389,-977,-1323,-1336,-1026,-471,209,850,1287,1410,1186,669,-3,-684,-1213,-1450,-1338,-901,-243,483,1097,1448,1456,1120,515,-225,-908,-1374,-1519,-1296,-764,-59,669,1240,1514,1428,1009,349,-394,-1037,-1437,-1493,-1195,-624,88,776,1279,1477,1325,859,199,-511,-1095,-1411,-1399,-1064,-485,198,845,1287,1424,1236,775,143,-515,-1050,-1332,-1313,-1008,-475,147,710,1108,1262,1129,752,221,-338,-806,-1082,-1116,-909,-511,-19,458,806,978,938,695,317,-107,-492,-759,-852,-773,-546,-221,134,443,649,724,664,494,256,-3,-233,-395,-475,-475,-402,0,0,0,0,0,188,349,477,547,527,414,210,-60,-342,-583,-731,-747,-615,-350,0,368,677,857,863,681,343,-77,-500,-828,-986,-928,-658,-237,251,705,1012,1097,940,567,45,-503,-944,-1185,-1166,-871,-366,232,790,1173,1296,1129,695,96,-532,-1051,-1341,-1315,-978,-413,254,871,1289,1411,1210,720,59,-607,-1138,-1408,-1351,-985,-383,313,912,1301,1394,1156,649,-6,-648,-1131,-1339,-1228,-824,-230,409,930,1220,1212,916,398,-213,-751,-1093,-1173,-957,-506,65,609,989,1117,964,563,23,-513,-927,-1108,-1003,-645,-115,453,900,1122,1071,744,228,-349,-850,-1151,-1171,-901,-402,211,772,1148,1245,1043,585,-28,-638,0,-1292,-1169,-764,-169,478,1008,1291,1252,911,349,-307,-895,-1261,-1313,-1042,-511,152,785,1226,1368,1172,688,21,-660,-1180,-1417,-1307,-874,-226,480,1073,1404,1406,1063,450,-268,-923,-1361,-1461,-1205,-666,37,731,1237,1439,1289,832,180,-519,-1083,-1372,-1320,-945,-347,328,911,1260,1294,1006,459,-189,-774,-1160,-1256,-1031,-552,58,646,1063,1201,1040,626,65,-515,-960,-1151,-1050,-688,-158,400,847,1075,1033,729,248,-285,-733,-988,-984,-735,-309,188,622,889,924,714,320,-140,-553,-820,-861,-670,-308,130,540,803,846,664,311,-135,-551,-821,-875,-699,-333,129,561,855,933,763,391,-92,-565,-909,-1025,0,0,0,0,0,-29,521,968,1189,1116,761,222,-386,-925,-1244,-1262,-973,-450,191,799,1223,1346,1142,668,29,-629,-1130,-1349,-1249,-850,-233,442,1006,1319,1311,982,410,-265,-871,-1256,-1338,-1087,-557,109,736,1180,1327,1150,688,48,-606,-1103,-1321,-1212,-807,-199,457,999,1287,1257,915,341,-314,-880,-1225,-1265,-991,-472,161,750,1136,1232,1010,544,-47,-632,-1045,-1181,-1014,-591,-24,545,979,1147,1008,622,79,-499,-945,-1141,-1037,-666,-119,466,937,1174,1112,761,214,-396,-915,-1201,-1191,-876,-339,296,861,1216,1279,1027,511,-136,-758,-1203,-1355,-1176,-705,-58,601,1116,1358,1283,893,278,-403,-989,-1332,-1348,-1039,-482,0,826,1247,1369,1159,665,12,-642,-1137,-1350,-1235,-816,-194,472,1026,1331,1310,963,375,-306,-918,-1306,-1377,-1113,-572,120,784,1262,1438,1268,787,112,-593,-1163,-1455,-1395,-1006,-370,359,1008,1419,1487,1200,631,-94,-798,-1319,-1526,-1362,-882,-202,530,1143,1484,1469,1103,491,-240,-913,-1362,-1496,-1281,-755,-49,659,1196,1448,1363,956,340,-351,-962,-1346,-1416,-1156,-635,28,690,1185,1396,1296,908,322,-325,-889,-1244,-1315,-1093,-638,-55,523,969,1184,1140,851,386,-150,-629,-953,-1058,-931,-611,-174,277,654,875,904,747,444,61,-322,-619,-773,-769,-626,-371,-63,235,470,604,628,546,392,200,15,-139,0,0,0,0,0,-378,-306,-171,25,247,458,616,678,612,425,147,-181,-498,-734,-830,-762,-533,-178,231,599,855,940,818,509,82,-374,-770,-1006,-1024,-810,-397,118,616,991,1153,1051,712,202,-379,-886,-1196,-1244,-1005,-532,71,665,1128,1340,1230,836,252,-402,-972,-1326,-1379,-1109,-575,89,737,1216,1423,1302,870,228,-461,-1037,-1372,-1393,-1084,-517,159,789,1228,1378,1205,749,119,-524,-1025,-1283,-1225,-878,-321,299,836,1160,1193,935,457,-127,-669,-1037,-1145,-961,-537,17,560,957,1109,978,597,74,-473,-910,-1118,-1038,-693,-167,405,886,1147,1118,816,306,-289,-823,-1156,-1211,-974,-494,113,705,1125,1270,1110,0,70,-550,-1042,-1284,-1210,-832,-253,388,944,1268,1279,973,424,-234,-838,-1240,-1340,-1108,-597,71,722,1202,1390,1242,786,128,-571,-1130,-1415,-1363,-980,-346,379,1008,1393,1443,1143,558,-162,-834,-1303,-1457,-1265,-760,-74,621,1159,1408,1310,900,270,-417,-994,-1314,-1303,-970,-405,252,836,1205,1268,1012,503,-124,-706,-1113,-1232,-1037,-591,-1,583,1009,1180,1049,657,110,-455,-898,-1112,-1038,-713,-218,327,782,1028,1008,738,292,-224,-676,-933,-947,-725,-321,159,585,848,886,694,323,-131,-544,-808,-854,-667,-303,136,543,811,858,676,312,-141,-566,-843,-902,-729,-359,116,575,890,974,816,447,-46,0,0
61407,mtk,MTK 7916,862004265,rx2-tx1,512,0,0,0,-844,-388,182,714,1074,1175,1001,584,19,-553,-985,-1188,-1110,-755,-218,359,854,1138,1147,880,391,-180,-698,-1047,-1134,-942,-523,17,536,921,1068,949,595,98,-416,-818,-1007,-933,-619,-151,352,754,964,919,629,176,-322,-739,-971,-946,-674,-221,291,740,1001,1005,759,313,-226,-706,-1017,-1088,-871,-420,135,651,1015,1122,948,526,-33,-586,-994,-1159,-1035,-644,-79,520,987,1218,1153,790,215,-412,-947,-1270,-1283,-976,-427,235,850,1263,1379,1179,692,22,-650,-1161,-1395,-1306,-915,-317,363,959,1331,1375,1094,561,-98,-727,-1173,-1342,-1199,-772,-187,434,957,1244,1223,915,409,-174,-698,-1041,-1135,0,-553,-45,452,820,973,886,587,157,-295,-650,-825,-786,-546,-178,216,549,737,713,497,168,-201,-514,-681,-667,-477,-157,206,521,698,685,479,142,-243,-576,-767,-758,-545,-174,260,654,904,932,725,324,-181,-662,-1005,-1119,-966,-580,-33,533,989,1233,1193,887,349,-291,-861,-1241,-1348,-1145,-675,-45,605,1124,1395,1358,1014,431,-245,-865,-1303,-1459,-1282,-833,-203,471,1030,1361,1392,1128,631,7,-602,-1064,-1290,-1233,-903,-403,150,660,1006,1116,986,664,214,-265,-661,-896,-927,-756,-435,-46,335,627,775,751,574,293,-33,-340,-561,-666,-639,-495,-272,-22,207,383,477,485,416,301,160,0,0,0,0,0,-410,-467,-450,-355,-193,23,255,455,590,621,537,346,84,-194,-449,-612,-646,-555,-343,-43,260,510,652,645,498,237,-87,-399,-619,-700,-612,-384,-66,284,579,732,722,542,219,-155,-496,-732,-804,-685,-396,-15,380,694,849,807,570,194,-226,-600,-834,-877,-706,-363,67,486,792,909,811,518,98,-345,-709,-917,-903,-666,-270,186,597,863,918,767,430,-19,-460,-785,-917,-827,-538,-119,322,688,889,865,624,233,-208,-600,-856,-904,-720,-358,95,519,820,925,808,488,51,-388,-745,-930,-888,-628,-216,242,643,879,899,711,348,-102,-525,-809,-899,-774,-461,-36,398,735,895,0,561,158,-281,-649,-865,-863,-650,-283,149,536,785,841,678,347,-60,-440,-714,-806,-684,-377,16,395,683,793,690,409,13,-393,-700,-836,-762,-488,-84,352,708,883,838,583,181,-270,-658,-889,-897,-684,-301,156,570,849,914,741,384,-70,-508,-816,-914,-782,-450,3,453,786,922,815,494,46,-421,-784,-950,-881,-583,-115,378,766,980,948,670,213,-308,-756,-1022,-1028,-779,-344,188,689,1024,1108,923,506,-48,-594,-993,-1157,-1043,-676,-146,419,889,1141,1106,798,302,-262,-750,-1059,-1115,-890,-452,96,615,970,1091,942,549,19,-502,-903,-1086,-977,-622,-122,404,835,1068,1033,740,0,0,0,0,0,-746,-1073,-1147,-933,-488,85,642,1039,1192,1063,672,118,-464,-934,-1174,-1135,-821,-315,266,777,1092,1146,913,461,-88,-611,-983,-1110,-957,-568,-47,480,877,1051,950,612,129,-376,-786,-982,-915,-617,-167,326,736,956,922,642,196,-308,-739,-987,-979,-709,-262,254,725,1023,1052,808,352,-191,-691,-1024,-1104,-904,-476,81,619,1008,1148,988,575,15,-554,-996,-1189,-1089,-710,-144,465,975,1249,1213,871,311,-333,-906,-1271,-1340,-1089,-565,99,745,1219,1400,1253,811,168,-508,-1069,-1382,-1356,-1007,-432,242,855,1263,1372,1154,679,47,-594,-1080,-1303,-1222,-861,-314,299,829,1146,1180,952,514,-48,0,-930,-1053,-923,-588,-127,350,726,899,834,569,173,-249,-588,-765,-745,-527,-175,207,521,700,689,491,165,-207,-514,-685,-671,-478,-149,233,555,724,711,506,152,-255,-617,-830,-837,-632,-238,243,672,950,1019,838,432,-97,-623,-1024,-1191,-1087,-722,-180,418,941,1257,1289,1020,508,-137,-752,-1204,-1396,-1262,-838,-229,442,1018,1373,1421,1158,632,-37,-690,-1192,-1440,-1369,-1001,-422,237,819,1220,1364,1202,790,222,-369,-858,-1153,-1188,-970,-563,-57,446,835,1014,974,728,333,-108,-501,-769,-853,-757,-514,-173,189,492,681,726,622,399,118,-169,-406,-552,-595,-535,-393,-201,-3,166,278,336,0,0,0,0,0,113,-46,-222,-391,-521,-579,-540,-400,-179,78,333,539,643,613,462,228,-61,-358,-578,-664,-611,-429,-147,169,453,641,671,552,314,-8,-339,-594,-716,-669,-464,-142,220,537,734,768,619,320,-69,-442,-718,-832,-754,-492,-103,304,641,838,845,642,282,-155,-559,-829,-906,-768,-439,-16,412,758,919,856,586,180,-264,-656,-897,-921,-720,-349,100,521,823,935,814,490,62,-379,-732,-902,-850,-584,-182,262,642,869,884,674,286,-161,-564,-837,-918,-776,-433,11,455,787,928,850,567,134,-328,-699,-903,-896,-672,-288,170,582,853,913,748,407,-32,-463,-777,-895,-797,-508,-92,0,700,878,843,601,209,-227,-601,-822,-851,-673,-317,104,484,745,817,680,370,-30,-419,-692,-788,-683,-390,3,394,677,799,719,440,33,-380,-699,-854,-800,-535,-120,328,691,886,875,646,249,-213,-624,-873,-908,-722,-342,117,546,833,912,764,423,-36,-489,-807,-918,-803,-478,-23,436,788,935,835,523,77,-397,-783,-970,-910,-613,-163,343,766,999,988,726,269,-258,-730,-1026,-1075,-850,-410,131,651,1023,1134,974,579,41,-512,-945,-1150,-1081,-746,-223,341,826,1107,1115,854,386,-173,-678,-1019,-1111,-924,-499,36,554,934,1081,950,581,76,-449,-869,-1068,-1002,-686,-199,345,807,0,0
61408,mtk,MTK 7916,862049163,rx0-tx0,512,-330,688,-719,-810,-898,-898,-804,-625,-384,-99,182,447,668,819,890,862,750,566,330,50,-241,-491,-698,-828,-882,-846,-723,-531,-274,-3,278,531,732,865,899,846,707,501,230,-60,-345,-595,-791,-894,-900,-828,-662,-430,-146,142,427,652,816,899,878,773,599,351,74,-194,-456,-652,-798,-861,-834,-728,-548,-316,-54,221,463,667,803,853,813,697,517,271,1,-273,-516,-713,-829,-854,-794,-644,-430,-181,91,349,562,712,788,788,697,528,325,91,-154,-369,-549,-660,-715,-699,-609,-452,-269,-52,151,351,502,601,648,634,546,410,241,44,-151,-338,-479,-585,-630,-606,-524,-391,-220,-38,-26,340,486,587,630,612,538,396,208,6,-201,-394,-538,-633,-662,-626,-516,-352,-158,63,283,475,606,682,686,607,475,282,61,-168,-376,-552,-662,-698,-662,-553,-400,-188,36,260,453,601,682,695,630,504,319,99,-123,-350,-531,-667,-722,-700,-586,-414,-196,47,283,493,643,720,718,628,474,252,10,-238,-452,-610,-682,-679,-596,-438,-234,1,219,401,507,569,547,464,338,187,13,-149,-277,-368,-407,-398,-350,-267,-157,-54,48,153,221,264,282,273,241,174,99,17,-64,-128,-179,-219,-228,-215,-189,-133,-59,20,102,167,214,226,209,157,76,-13,-99,-162,-183,-161,834,845,510,774,-162,119,173,190,173,120,41,-47,-128,-194,-237,-242,-220,-169,-92,-9,81,159,231,278,296,285,237,162,60,-58,-180,-282,-369,-416,-414,-369,-279,-141,24,199,366,502,590,597,541,415,221,4,-243,-473,-643,-753,-778,-707,-543,-304,-16,280,562,782,905,929,846,653,374,40,-307,-622,-856,-1001,-1030,-933,-718,-428,-76,288,608,864,1026,1068,990,796,501,149,-204,-545,-813,-987,-1057,-1007,-842,-593,-266,75,402,687,908,1009,1018,911,701,419,88,-245,-550,-806,-955,-1002,-953,-796,-562,-254,80,396,666,856,968,973,869,682,412,103,-216,-502,-737,-893,-963,-920,-781,-554,301,9,306,563,761,897,930,873,721,497,222,-76,-363,-626,-819,-932,-952,-876,-711,-461,-160,145,458,714,897,989,979,861,656,387,71,-252,-548,-793,-947,-1002,-960,-830,-600,-325,-12,301,595,830,971,1033,983,830,592,281,-37,-373,-678,-904,-1054,-1083,-1018,-831,-552,-233,134,480,789,1014,1131,1121,1006,794,471,100,-269,-626,-904,-1091,-1154,-1096,-925,-654,-315,50,408,715,953,1079,1089,991,801,512,180,-164,-499,-766,-949,-1038,-1023,-901,-681,-403,-84,225,526,765,914,983,941,805,594,316,14,-293,-553,-773,-913,-952,-893,-745,-521,-248,46,337,595,788,905,918,842,682,-6,277,-82,-517,-58,-436,-152,142,419,656,820,897,879,783,601,355,76,-209,-469,-676,-822,-889,-855,-730,-543,-295,-27,257,507,710,842,886,848,712,512,257,-34,-315,-573,-767,-887,-911,-840,-695,-472,-192,93,382,626,814,906,906,807,619,388,101,-181,-443,-660,-819,-875,-855,-742,-558,-334,-65,203,458,663,801,859,829,716,537,301,27,-239,-483,-680,-816,-860,-817,-685,-489,-234,39,308,549,720,817,830,752,597,385,138,-122,-364,-558,-687,-758,-737,-644,-485,-286,-61,161,373,528,633,675,651,567,420,246,53,-154,-346,-489,-588,-628,-612,-533,-406,-240,-47,150,327,481,577,620,628,516,390,220,25,-172,-361,-517,-614,-648,-623,-522,-372,-186,17,230,427,571,661,680,628,497,322,113,-113,-331,-511,-642,-696,-680,-591,-440,-231,-11,214,407,570,672,693,644,531,360,146,-84,-299,-482,-623,-691,-699,-617,-469,-272,-41,197,417,585,695,722,669,538,343,112,-137,-369,-561,-686,-724,-681,-554,-361,-122,113,339,506,609,637,590,461,291,99,-108,-273,-399,-474,-495,-448,-359,-232,-87,46,160,257,314,331,327,280,206,127,35,-55,-141,-204,-236,-254,-237,-203,-157,-90,-8,63,131,191,219,229,205,156,83,-1,-85,-160,-209,-216,-186,-116,-32,47,117,-105,-82,752,-818,103,51,-28,-105,-173,-215,-222,-195,-140,-56,31,111,189,237,264,256,219,162,72,-19,-123,-215,-288,-337,-350,-322,-258,-161,-28,116,254,379,468,503,492,414,285,95,-115,-318,-510,-637,-696,-679,-559,-377,-143,126,393,625,788,861,836,701,466,172,-142,-456,-723,-914,-1000,-964,-807,-555,-232,123,474,767,967,1064,1017,864,611,289,-72,-423,-729,-950,-1050,-1041,-919,-681,-381,-32,322,631,880,1021,1040,949,770,498,171,-160,-492,-756,-940,-1019,-984,-856,-626,-328,-7,317,609,831,969,996,921,741,491,185,-143,-451,-705,-889,-972,-950,-824,-610,-342,-35,272,554,766,-176,946,889,739,528,253,-46,-340,-598,-789,-905,-927,-866,-709,-478,-200,99,393,652,857,956,967,873,683,422,121,-210,-510,-754,-925,-1002,-968,-844,-624,-341,-22,284,576,803,947,1004,962,830,594,312,-4,-340,-634,-871,-1012,-1050,-1001,-829,-577,-259,90,424,739,952,1087,1111,1013,817,520,162,-213,-549,-851,-1064,-1149,-1125,-979,-723,-398,-23,349,682,945,1098,1140,1050,860,576,235,-118,-451,-745,-958,-1063,-1060,-945,-727,-447,-130,204,513,766,934,1006,974,859,630,357,48,-271,-547,-774,-917,-969,-919,-776,-568,-288,15,311,571,773,895,925,865,710,483,210,-85,-363,-611,1067,1041
61409,mtk,MTK 7916,862049163,rx0-tx1,512,-686,-76,-268,-694,-581,-413,-202,22,245,452,585,665,679,613,494,320,119,-87,-286,-444,-557,-611,-605,-535,-422,-271,-95,87,255,399,506,559,563,519,415,285,121,-58,-223,-370,-488,-559,-579,-551,-456,-318,-159,23,209,379,518,606,638,610,512,364,164,-46,-255,-442,-596,-683,-703,-645,-519,-346,-131,101,326,527,663,736,718,633,487,291,48,-186,-402,-582,-691,-735,-706,-595,-423,-217,19,254,449,605,700,713,655,537,358,146,-76,-294,-473,-609,-681,-676,-617,-482,-297,-96,127,330,497,623,672,657,579,434,247,35,-174,-374,-534,-636,-674,-641,-541,-381,-187,32,255,431,-38,658,672,601,478,302,97,-126,-332,-506,-616,-670,-653,-557,-409,-216,5,219,412,558,646,666,604,475,304,102,-119,-319,-491,-605,-655,-625,-541,-386,-193,21,223,407,536,598,607,540,423,256,70,-126,-304,-442,-533,-568,-528,-451,-314,-155,23,191,326,443,499,505,458,361,232,73,-77,-216,-337,-423,-464,-461,-398,-305,-186,-20,122,269,378,437,453,423,343,214,81,-70,-219,-325,-401,-421,-405,-337,-222,-95,43,174,285,362,389,370,307,207,86,-46,-165,-265,-333,-351,-322,-257,-161,-46,80,196,272,318,310,253,162,49,-73,-177,-246,-255,-219,-142,-37,57,-714,-544,0,-717,-526,83,8,-84,-161,-209,-229,-193,-135,-46,57,147,215,246,248,209,146,64,-35,-118,-190,-239,-256,-238,-194,-125,-35,52,131,198,236,248,220,171,109,33,-40,-113,-151,-186,-198,-183,-157,-115,-74,-27,24,63,101,129,147,162,157,143,120,70,19,-28,-89,-136,-194,-222,-220,-203,-159,-89,-22,61,136,189,237,245,232,191,141,71,0,-71,-148,-206,-239,-253,-251,-216,-162,-96,-15,69,159,231,283,307,303,269,203,112,5,-103,-216,-291,-346,-365,-346,-286,-190,-77,47,171,273,353,391,392,348,264,159,41,-92,-217,-318,-384,-419,-412,-353,-252,-127,8,-48,253,361,427,445,431,365,256,120,-36,-187,-326,-429,-490,-512,-463,-376,-245,-78,102,272,411,517,556,537,468,345,185,10,-177,-340,-464,-546,-567,-531,-437,-312,-153,33,213,364,493,569,587,546,453,313,135,-54,-243,-405,-537,-611,-625,-578,-472,-323,-133,70,273,460,590,666,677,615,486,310,98,-132,-355,-532,-666,-739,-732,-643,-481,-266,-20,227,458,640,743,778,722,595,406,172,-81,-325,-536,-689,-763,-762,-678,-527,-320,-77,166,398,576,704,757,725,618,448,238,-4,-242,-456,-623,-718,-744,-691,-568,-381,-156,81,313,514,648,729,724,649,496,291,66,-5,-353,9,933,-851,209,419,578,675,703,662,544,360,167,-59,-272,-452,-582,-642,-640,-574,-446,-282,-89,101,281,420,527,579,572,522,418,273,100,-71,-241,-387,-492,-565,-567,-524,-435,-303,-136,39,215,379,500,578,608,575,491,354,172,-26,-228,-408,-553,-652,-676,-638,-532,-363,-151,74,298,485,629,709,714,653,515,324,95,-149,-365,-545,-678,-736,-710,-623,-460,-252,-25,217,435,599,699,733,681,560,392,179,-56,-273,-467,-610,-685,-702,-639,-514,-332,-114,103,310,498,612,678,669,591,459,274,60,-149,-354,-520,-629,-672,-650,-561,-407,-218,1,210,406,555,644,679,626,505,634,146,-82,-294,-468,-594,-662,-658,-582,-441,-256,-46,178,376,530,634,665,629,522,358,158,-60,-279,-452,-579,-654,-651,-577,-435,-253,-37,170,368,528,618,637,587,483,312,121,-81,-271,-425,-539,-586,-576,-496,-370,-208,-21,159,314,444,513,532,483,401,276,113,-52,-212,-342,-438,-480,-475,-426,-336,-205,-64,96,239,347,435,462,435,377,265,130,-21,-172,-308,-398,-434,-445,-386,-285,-155,-7,132,259,351,397,406,360,275,156,26,-106,-225,-313,-365,-364,-320,-243,-134,-9,112,218,292,331,324,266,169,57,-74,-179,-254,-292,-278,-218,-116,0,99,177,205,186,560,739,0,29,460,-150,-184,-182,-133,-62,33,129,193,240,238,200,130,41,-51,-139,-204,-248,-254,-221,-170,-96,-8,85,165,226,259,245,213,151,82,-4,-89,-152,-205,-224,-222,-186,-133,-79,-12,47,94,134,153,164,157,142,123,88,52,6,-46,-93,-139,-173,-180,-190,-179,-151,-105,-30,43,112,179,216,234,237,204,158,86,2,-74,-143,-196,-237,-244,-242,-212,-151,-82,-13,69,144,207,251,275,277,250,188,106,12,-83,-179,-262,-317,-336,-328,-276,-192,-94,30,145,251,327,369,374,338,264,167,46,-74,-196,-297,-365,-399,-395,-344,-260,-151,-23,114,250,349,414,429,-1135,357,260,124,-17,-159,-294,-399,-463,-481,-449,-373,-250,-106,63,229,362,477,532,536,474,369,210,27,-147,-309,-444,-529,-563,-540,-452,-322,-157,21,198,353,471,553,575,530,443,315,148,-39,-217,-379,-507,-585,-602,-559,-464,-317,-136,60,258,425,558,634,644,600,481,315,117,-100,-312,-498,-639,-714,-716,-632,-487,-297,-66,175,400,584,711,763,735,629,446,218,-29,-283,-496,-663,-761,-777,-716,-573,-360,-118,137,372,570,703,763,745,650,483,280,34,-207,-429,-601,-716,-757,-710,-601,-418,-201,38,275,483,639,723,733,672,531,343,117,-125,-350,-544,-665,-725,718,628
61410,mtk,MTK 7916,862049163,rx1-tx0,512,0,-349,178,-145,30,216,372,496,579,610,573,492,345,164,-51,-251,-437,-588,-679,-705,-651,-545,-365,-138,99,353,560,714,806,808,716,552,322,45,-242,-508,-730,-862,-917,-873,-729,-507,-230,95,400,669,863,959,958,853,651,384,69,-263,-554,-777,-925,-976,-926,-775,-544,-260,48,361,619,816,937,947,869,702,467,175,-129,-421,-658,-836,-934,-948,-851,-656,-395,-89,220,503,744,896,960,918,786,567,280,-27,-329,-602,-798,-909,-927,-844,-673,-432,-141,151,432,669,820,886,866,734,540,287,10,-268,-513,-692,-803,-818,-754,-598,-387,-142,108,346,532,661,715,699,605,455,-277,43,-164,-340,-481,-582,-612,-585,-506,-374,-214,-34,139,294,421,516,551,534,471,363,217,52,-115,-281,-408,-501,-545,-540,-479,-378,-234,-62,111,279,421,516,560,561,495,393,241,74,-111,-288,-446,-567,-619,-627,-564,-438,-277,-65,156,372,556,683,749,710,611,436,199,-60,-337,-573,-742,-836,-837,-724,-530,-267,10,312,582,770,874,871,743,538,270,-37,-327,-556,-727,-805,-780,-684,-487,-251,7,268,476,629,706,687,590,435,232,19,-199,-388,-526,-587,-588,-507,-374,-201,-7,178,343,460,510,504,432,288,114,-68,-246,-370,-436,-434,-355,-218,-55,110,231,293,-134,-292,0,634,-378,-34,-58,-71,-75,-69,-48,-22,15,49,78,96,103,96,76,42,6,-35,-75,-108,-131,-129,-124,-101,-68,-21,22,63,104,130,164,162,150,125,77,23,-43,-106,-159,-204,-233,-234,-202,-161,-83,7,96,191,273,319,344,315,243,156,21,-116,-244,-365,-425,-453,-419,-329,-190,-21,152,310,433,501,526,480,353,194,9,-176,-339,-470,-533,-547,-482,-364,-215,-31,159,320,443,509,522,474,359,208,46,-116,-262,-380,-447,-465,-420,-347,-237,-99,41,167,263,331,356,354,326,250,174,78,-23,-110,-188,-258,-304,-324,-323,-288,-234,-149,-49,60,173,266,336,382,489,366,288,183,55,-95,-231,-348,-434,-467,-456,-396,-291,-147,14,174,312,425,501,520,485,401,252,99,-75,-235,-387,-490,-546,-539,-482,-370,-216,-37,141,307,447,536,565,540,456,334,168,-14,-190,-351,-475,-552,-568,-530,-437,-306,-137,37,201,360,481,548,564,529,440,319,154,-25,-204,-369,-501,-577,-608,-575,-489,-347,-161,48,248,438,588,676,689,628,499,313,79,-163,-381,-560,-678,-727,-689,-572,-396,-174,58,282,461,596,662,656,580,449,274,74,-129,-309,-451,-541,-581,-563,-487,-366,-222,-61,108,267,391,478,518,515,464,376,246,93,-66,-229,-357,-459,-391,-31,0,-130,64,542,568,538,446,318,154,-43,-230,-404,-538,-627,-652,-610,-518,-361,-159,69,290,489,654,736,760,701,556,356,108,-164,-424,-637,-802,-877,-853,-742,-535,-277,14,313,588,790,923,957,874,702,444,137,-175,-485,-733,-909,-992,-956,-814,-598,-321,-7,312,591,803,923,962,888,723,497,213,-94,-386,-641,-834,-940,-947,-854,-675,-438,-150,159,463,703,871,955,933,824,611,332,29,-272,-540,-771,-911,-952,-896,-736,-505,-222,87,386,638,816,909,897,803,613,357,83,-210,-483,-686,-829,-863,-816,-671,-468,-218,50,314,539,689,765,757,673,518,317,90,-142,-352,-525,315,-675,-637,-544,-410,-231,-28,159,331,457,542,575,551,479,361,212,38,-125,-277,-409,-501,-544,-540,-478,-366,-226,-56,111,273,403,504,545,543,484,379,227,68,-110,-278,-425,-533,-586,-590,-531,-428,-265,-79,120,327,491,619,679,661,589,444,254,13,-243,-455,-646,-759,-803,-754,-602,-380,-117,185,461,686,825,872,831,671,429,143,-179,-461,-679,-819,-860,-782,-622,-394,-118,156,405,613,724,767,702,554,360,125,-116,-332,-510,-620,-644,-601,-482,-314,-115,92,285,430,525,554,516,417,263,84,-99,-274,-409,-474,-480,-410,-278,-114,69,230,340,381,347,239,106,352,239,0,-405,-390,-55,-36,-11,15,47,74,89,91,77,55,22,-12,-49,-81,-103,-115,-114,-100,-76,-34,11,48,87,119,144,145,137,100,68,21,-34,-74,-126,-161,-190,-195,-181,-148,-95,-19,66,140,202,256,279,272,239,160,64,-45,-168,-261,-346,-397,-384,-342,-236,-101,47,212,351,454,497,479,403,269,106,-74,-265,-416,-508,-547,-513,-426,-284,-109,79,268,408,504,552,521,429,292,129,-46,-223,-367,-456,-493,-472,-408,-295,-151,7,160,274,367,411,406,357,284,184,73,-31,-141,-227,-284,-331,-331,-314,-267,-203,-113,-25,76,170,248,312,341,355,320,254,165,56,-571,-199,-305,-381,-427,-430,-380,-298,-172,-22,129,271,393,473,499,471,394,282,129,-41,-204,-358,-462,-514,-529,-489,-394,-248,-71,109,275,418,522,563,546,473,350,188,6,-175,-336,-462,-545,-563,-533,-443,-314,-149,28,199,352,471,550,560,526,435,291,131,-36,-204,-355,-479,-559,-577,-544,-462,-327,-162,25,222,394,537,626,653,613,510,340,128,-95,-314,-500,-640,-714,-703,-616,-459,-250,-13,232,435,601,690,705,638,507,332,112,-105,-307,-462,-578,-625,-613,-527,-396,-241,-62,123,293,421,501,546,536,474,365,230,74,-83,-233,-365,-464,-517,-532,-489,-391,-261,-639,-753
61411,mtk,MTK 7916,862049163,rx1-tx1,512,0,0,0,-244,50,330,549,659,637,476,219,-79,-368,-577,-663,-620,-446,-184,110,380,567,625,553,369,111,-160,-397,-550,-572,-466,-257,0,253,444,536,510,375,153,-106,-342,-506,-557,-482,-291,-42,215,431,558,560,432,215,-48,-317,-517,-609,-566,-401,-151,134,396,585,649,568,366,87,-205,-458,-618,-652,-541,-318,-38,248,489,616,610,483,252,-35,-309,-516,-614,-576,-420,-165,124,381,559,621,549,360,93,-187,-434,-593,-625,-531,-330,-55,230,469,611,625,508,288,16,-257,-474,-591,-583,-466,-254,13,263,457,558,548,420,215,-31,-255,-424,-507,-485,-361,-170,44,238,0,408,372,260,95,-81,-230,-315,-322,-259,-132,21,159,255,286,251,152,7,-135,-249,-309,-297,-209,-63,100,251,355,386,323,179,-6,-196,-365,-463,-459,-361,-183,40,272,457,553,535,406,190,-72,-330,-533,-625,-597,-451,-210,71,353,576,684,653,493,232,-79,-383,-623,-738,-709,-538,-269,63,390,642,766,757,605,327,-16,-337,-606,-774,-790,-653,-404,-84,253,538,720,768,676,462,170,-145,-417,-612,-698,-651,-485,-238,41,306,504,598,583,469,283,43,-194,-379,-491,-512,-446,-307,-120,78,254,375,429,416,336,205,53,-93,-213,-296,-337,-328,-277,-201,-111,-18,0,0,0,0,0,-145,-261,-353,-413,-426,-376,-260,-94,98,288,454,567,594,525,369,142,-122,-370,-570,-678,-671,-551,-327,-45,254,514,684,734,653,450,161,-167,-477,-690,-773,-707,-500,-203,143,476,704,805,752,539,210,-158,-498,-758,-875,-805,-584,-249,152,528,801,920,855,625,272,-144,-533,-822,-952,-883,-638,-274,148,551,836,950,879,627,244,-189,-584,-863,-951,-847,-579,-192,251,636,890,960,830,535,126,-327,-713,-937,-971,-810,-479,-32,430,803,1011,1019,816,437,-34,-507,-892,-1098,-1089,-862,-455,52,555,957,1171,1158,915,484,-50,-571,-977,-1200,-1196,-952,-511,31,558,970,1186,0,903,476,-50,-565,-956,-1157,-1126,-853,-406,117,608,969,1138,1078,783,316,-209,-695,-1039,-1165,-1049,-717,-243,284,770,1094,1193,1041,676,180,-363,-834,-1125,-1193,-1016,-637,-131,407,861,1126,1160,967,578,73,-436,-851,-1092,-1108,-884,-478,5,478,853,1044,998,743,347,-126,-565,-865,-982,-894,-601,-181,277,677,926,977,823,494,55,-401,-763,-969,-978,-782,-415,27,459,814,995,964,736,369,-71,-495,-812,-958,-911,-682,-323,98,492,776,891,830,602,256,-130,-473,-703,-778,-691,-473,-162,171,461,648,671,546,314,24,-267,-487,-597,-575,-418,-170,110,367,533,585,508,316,41,0,0,0,0,0,-601,-652,-562,-357,-83,214,470,635,666,558,345,62,-236,-485,-626,-630,-509,-285,-8,268,483,592,571,424,194,-71,-318,-486,-546,-492,-321,-74,182,396,519,533,430,226,-26,-274,-465,-556,-517,-362,-127,134,375,539,584,504,312,42,-244,-481,-610,-614,-488,-258,28,315,534,643,617,459,207,-86,-366,-558,-636,-589,-417,-153,148,411,579,625,538,336,66,-216,-454,-587,-603,-493,-270,11,294,513,626,603,457,216,-73,-351,-550,-634,-587,-419,-173,112,370,550,622,565,389,138,-134,-375,-533,-584,-517,-346,-112,139,362,498,529,461,301,88,-139,-330,-443,-458,-378,0,-32,155,293,364,358,269,125,-44,-186,-268,-295,-248,-133,5,139,239,286,263,170,26,-129,-258,-341,-345,-267,-119,70,245,371,426,395,272,83,-140,-335,-470,-515,-459,-300,-73,179,405,557,602,519,327,67,-219,-464,-626,-657,-557,-351,-77,228,497,667,718,617,389,86,-238,-529,-718,-770,-675,-453,-138,204,512,717,794,730,520,207,-135,-446,-675,-784,-749,-570,-285,39,354,597,721,717,582,343,55,-239,-480,-619,-647,-563,-379,-132,121,349,509,561,516,384,186,-29,-229,-385,-465,-459,-382,-248,-71,105,249,348,389,371,303,199,75,-47,-145,-206,-236,-229,0,0,0,0,0,277,229,146,24,-126,-282,-415,-502,-521,-468,-339,-145,84,315,506,623,645,554,362,109,-179,-440,-626,-713,-675,-523,-266,45,354,606,744,738,590,343,15,-320,-594,-763,-782,-644,-373,-22,334,632,803,821,694,416,41,-345,-665,-857,-887,-749,-458,-65,346,687,895,928,772,466,72,-345,-702,-917,-950,-783,-454,-37,378,723,926,936,754,421,-2,-428,-755,-933,-919,-719,-370,58,486,810,958,914,679,292,-157,-579,-890,-1016,-937,-662,-237,240,664,968,1089,977,652,199,-305,-761,-1069,-1166,-1034,-693,-212,320,797,1120,1220,1083,733,232,-311,-784,-1110,-1226,-1094,-739,-231,0,779,1095,1190,1044,690,195,-338,-795,-1086,-1155,-988,-610,-104,411,839,1101,1128,919,525,12,-505,-911,-1137,-1136,-900,-470,62,578,980,1177,1126,854,408,-115,-621,-1009,-1183,-1118,-832,-375,167,665,1013,1150,1056,745,293,-211,-667,-990,-1091,-960,-630,-179,296,703,956,1000,827,477,28,-420,-774,-960,-937,-717,-337,118,545,856,986,914,651,245,-220,-634,-913,-1013,-900,-591,-173,270,667,928,990,848,541,130,-298,-665,-899,-936,-785,-490,-94,309,623,801,819,670,385,33,-310,-574,-716,-697,-526,-254,64,360,563,638,571,378,102,-184,-424,-567,-581,-466,-239,36,300,504,592,0,0
61412,mtk,MTK 7916,862049163,rx2-tx0,512,0,0,0,-232,295,776,1109,1209,1060,688,160,-411,-908,-1226,-1298,-1109,-686,-115,483,986,1289,1327,1094,634,40,-568,-1051,-1324,-1326,-1043,-544,62,660,1119,1339,1281,948,416,-193,-768,-1175,-1333,-1209,-821,-267,337,877,1230,1326,1135,696,116,-492,-986,-1271,-1287,-1036,-558,43,623,1061,1281,1224,903,397,-192,-732,-1100,-1235,-1110,-748,-232,336,824,1126,1173,964,549,13,-518,-934,-1135,-1083,-789,-325,211,704,1043,1145,994,622,108,-431,-879,-1145,-1163,-926,-486,68,621,1045,1248,1187,872,368,-227,-781,-1177,-1324,-1196,-812,-259,347,892,1260,1364,1187,761,177,-445,-979,-1311,-1378,-1159,-694,-92,531,1038,0,1349,1092,605,-4,-608,-1088,-1342,-1309,-1002,-494,119,710,1152,1349,1263,919,378,-244,-817,-1230,-1388,-1249,-844,-271,361,935,1322,1434,1248,803,197,-467,-1036,-1389,-1464,-1247,-774,-138,533,1099,1439,1493,1249,748,87,-586,-1145,-1473,-1507,-1242,-729,-62,620,1162,1467,1478,1199,687,32,-632,-1151,-1446,-1447,-1155,-645,-7,633,1135,1407,1403,1125,628,8,-612,-1109,-1387,-1388,-1123,-653,-61,541,1018,1304,1344,1124,698,162,-395,-862,-1159,-1234,-1070,-721,-251,254,691,986,1082,985,721,330,-101,-494,-777,-913,-881,-701,-407,-54,290,568,739,785,700,510,255,-17,-267,-462,-572,-594,-539,-421,-279,-123,0,0,0,0,0,226,104,-56,-241,-422,-566,-648,-639,-524,-324,-55,248,527,733,826,781,593,297,-62,-434,-738,-917,-933,-779,-482,-87,347,732,991,1067,938,625,179,-313,-754,-1070,-1191,-1079,-747,-270,265,768,1137,1286,1184,857,354,-228,-772,-1173,-1358,-1278,-943,-422,194,778,1205,1407,1337,999,451,-180,-771,-1214,-1428,-1357,-1020,-478,153,749,1184,1386,1316,978,453,-153,-734,-1147,-1308,-1211,-872,-363,215,738,1096,1225,1103,750,244,-297,-769,-1068,-1139,-966,-588,-79,437,847,1078,1076,837,418,-95,-588,-959,-1126,-1048,-748,-284,252,742,1078,1188,1046,682,169,-387,-868,-1176,-1239,-1046,-635,-87,487,966,0,1268,1026,563,-16,-592,-1050,-1289,-1262,-970,-473,123,697,1131,1324,1243,897,352,-269,-836,-1238,-1388,-1235,-826,-247,401,968,1336,1425,1222,766,143,-519,-1071,-1408,-1450,-1192,-691,-48,607,1131,1426,1427,1127,597,-43,-679,-1164,-1401,-1345,-1013,-474,157,748,1175,1340,1222,855,310,-299,-835,-1180,-1271,-1088,-675,-121,443,909,1177,1194,949,507,-40,-564,-963,-1155,-1095,-795,-339,182,662,988,1094,970,640,178,-306,-716,-965,-999,-815,-461,-5,437,769,922,874,628,245,-181,-553,-799,-856,-722,-428,-31,372,690,849,812,590,232,-184,-562,-824,-896,-764,-463,-52,385,752,952,943,723,340,-122,0,0,0,0,0,-1112,-1116,-880,-453,77,613,1034,1245,1202,907,425,-157,-717,-1141,-1328,-1238,-901,-380,227,793,1199,1358,1236,855,298,-320,-872,-1245,-1355,-1181,-763,-185,432,952,1271,1324,1101,643,44,-560,-1035,-1296,-1281,-996,-489,121,702,1133,1319,1226,876,337,-269,-826,-1194,-1308,-1147,-749,-192,396,905,1213,1252,1023,584,20,-537,-972,-1194,-1158,-871,-393,161,678,1030,1158,1031,675,171,-365,-819,-1089,-1120,-902,-479,47,568,973,1164,1092,776,290,-263,-771,-1122,-1227,-1067,-675,-138,438,937,1236,1274,1046,600,14,-583,-1061,-1317,-1300,-1017,-526,87,688,1141,1365,1305,972,446,-177,-767,-1203,-1385,-1277,-906,0,263,838,1233,1374,1229,819,246,-370,-908,-1261,-1353,-1155,-715,-131,481,1000,1310,1345,1100,624,9,-609,-1101,-1371,-1359,-1069,-545,97,722,1201,1439,1385,1055,492,-174,-808,-1275,-1493,-1409,-1038,-451,232,869,1331,1525,1412,1017,415,-270,-899,-1348,-1523,-1397,-997,-390,297,917,1348,1502,1361,949,350,-310,-908,-1321,-1465,-1321,-911,-322,319,893,1294,1438,1290,901,345,-288,-855,-1248,-1400,-1281,-919,-395,191,731,1116,1284,1212,922,472,-60,-569,-951,-1139,-1120,-892,-514,-59,394,752,962,993,838,546,172,-214,-550,-775,-857,-786,-590,-305,7,305,543,679,705,626,469,260,41,-154,-302,-386,-407,0,0,0,0,0,352,455,506,492,405,243,20,-228,-469,-653,-745,-724,-583,-338,-23,315,617,824,887,795,559,206,-195,-576,-865,-1002,-952,-726,-353,107,554,909,1099,1090,875,479,-27,-542,-963,-1209,-1215,-982,-569,-40,517,982,1269,1317,1095,660,88,-509,-1021,-1334,-1386,-1173,-720,-128,492,1031,1363,1424,1208,755,160,-471,-1011,-1349,-1411,-1190,-749,-161,457,973,1289,1343,1128,694,121,-473,-956,-1229,-1243,-1014,-583,-36,511,941,1166,1132,867,424,-101,-607,-974,-1122,-1024,-715,-254,260,728,1031,1105,942,583,87,-432,-860,-1115,-1130,-899,-480,53,583,993,1201,1164,877,404,-157,-689,-1086,-1265,-1183,-850,0,264,792,1168,1305,1169,791,241,-363,-886,-1233,-1328,-1133,-699,-118,493,1002,1305,1334,1076,593,-18,-629,-1122,-1376,-1354,-1044,-508,139,762,1230,1438,1357,998,422,-238,-848,-1291,-1472,-1346,-938,-331,335,922,1323,1448,1263,821,220,-414,-966,-1312,-1374,-1145,-683,-89,524,1014,1276,1269,996,507,-79,-638,-1053,-1241,-1158,-828,-325,239,742,1077,1182,1030,658,151,-379,-819,-1080,-1108,-900,-504,-7,490,871,1055,1006,745,331,-146,-580,-878,-972,-857,-559,-139,294,653,862,871,685,345,-69,-462,-741,-854,-769,-509,-132,278,630,836,858,683,348,-70,-485,-798,-928,-854,-597,-191,271,681,950,1009,0,0
61413,mtk,MTK 7916,862049163,rx2-tx1,512,0,0,0,-597,-976,-1154,-1096,-802,-341,192,693,1054,1188,1087,773,301,-241,-734,-1069,-1179,-1060,-723,-231,300,758,1055,1129,984,627,129,-380,-785,-1032,-1062,-859,-473,-7,460,827,1003,953,698,290,-181,-599,-877,-966,-835,-516,-74,381,753,966,965,748,356,-120,-569,-899,-1046,-967,-676,-223,292,737,1028,1099,933,570,77,-436,-858,-1108,-1121,-885,-457,72,601,1004,1182,1120,819,326,-247,-773,-1142,-1286,-1158,-786,-241,366,904,1261,1363,1183,765,198,-428,-970,-1319,-1405,-1210,-770,-170,456,987,1321,1392,1184,740,148,-462,-972,-1291,-1345,-1126,-699,-144,432,915,1204,1240,1042,644,119,-411,-835,-1074,0,-890,-530,-70,380,734,925,912,707,369,-39,-421,-690,-797,-729,-505,-172,192,497,689,722,578,315,-9,-340,-589,-693,-638,-436,-125,218,514,699,730,591,305,-64,-437,-732,-871,-824,-591,-220,221,640,943,1068,980,677,232,-279,-766,-1098,-1222,-1117,-779,-285,274,805,1181,1336,1232,880,358,-238,-800,-1224,-1415,-1329,-986,-455,154,739,1197,1431,1397,1108,615,6,-587,-1070,-1356,-1387,-1164,-753,-216,349,830,1144,1242,1118,802,348,-149,-589,-906,-1046,-993,-765,-408,6,389,682,840,847,704,434,101,-225,-498,-672,-721,-647,-477,-244,20,263,447,549,568,510,392,239,75,-70,-178,0,0,0,0,0,104,254,392,504,559,541,442,276,58,-179,-401,-565,-639,-615,-489,-274,-2,269,493,636,661,563,360,92,-194,-444,-623,-684,-603,-402,-118,196,476,671,733,644,422,122,-219,-523,-724,-789,-696,-458,-131,237,565,780,842,733,476,128,-250,-591,-820,-873,-752,-487,-120,283,632,849,891,760,478,88,-326,-673,-887,-914,-757,-453,-56,357,692,887,901,730,419,17,-389,-711,-887,-875,-676,-344,66,459,751,886,840,618,262,-147,-529,-808,-911,-824,-573,-205,215,592,845,930,822,545,162,-253,-621,-861,-923,-796,-503,-107,309,659,866,901,746,425,28,-372,-697,-875,-875,0,-358,43,435,740,890,846,627,288,-103,-471,-741,-840,-769,-537,-195,192,532,749,794,657,379,26,-334,-627,-790,-771,-575,-254,130,498,757,860,785,531,156,-255,-617,-854,-912,-776,-464,-61,350,695,902,908,714,374,-40,-455,-772,-914,-860,-620,-244,182,569,838,924,804,502,89,-348,-711,-920,-923,-722,-367,69,502,830,982,923,660,246,-226,-653,-951,-1055,-930,-598,-142,351,776,1045,1094,915,542,47,-465,-886,-1121,-1126,-901,-487,27,528,925,1132,1103,842,417,-98,-582,-942,-1103,-1037,-749,-299,209,658,973,1085,965,628,161,-331,-756,-1027,-1075,-887,-515,-32,466,865,0,0,0,0,0,971,607,111,-414,-860,-1132,-1170,-976,-575,-50,476,907,1158,1175,945,522,-1,-526,-933,-1145,-1119,-864,-439,69,569,942,1107,1044,766,318,-184,-631,-941,-1038,-913,-606,-161,313,710,940,955,758,399,-47,-493,-826,-969,-898,-629,-213,255,670,945,1022,867,510,42,-438,-839,-1055,-1046,-806,-388,113,602,965,1122,1041,740,271,-263,-749,-1075,-1168,-1003,-633,-118,438,904,1182,1215,996,554,-20,-595,-1056,-1309,-1290,-995,-489,111,689,1143,1378,1333,1015,484,-139,-732,-1181,-1404,-1339,-999,-462,157,743,1176,1375,1294,956,438,-152,-717,-1130,-1302,-1221,-900,-409,144,660,1038,1194,1101,797,348,0,-606,-915,-1028,-936,-653,-241,194,565,801,856,727,444,79,-294,-585,-739,-724,-548,-253,91,408,629,704,616,377,59,-274,-544,-690,-677,-508,-209,145,481,707,791,691,435,63,-351,-705,-920,-955,-787,-437,22,493,884,1117,1134,923,517,-17,-554,-993,-1251,-1262,-1023,-587,-27,555,1042,1322,1351,1136,698,109,-511,-1028,-1354,-1436,-1243,-817,-238,389,941,1308,1434,1302,940,406,-193,-745,-1152,-1339,-1278,-990,-542,-24,485,898,1122,1136,948,596,148,-290,-653,-890,-955,-837,-580,-239,125,454,683,781,738,570,308,13,-265,-491,-623,-651,-581,-425,-219,-7,190,341,422,439,404,322,0,0,0,0,0,-418,-391,-314,-176,6,206,393,538,613,600,489,299,56,-205,-443,-600,-650,-592,-432,-192,84,356,570,672,644,499,252,-42,-331,-566,-693,-680,-526,-272,40,356,608,742,728,571,292,-58,-402,-666,-803,-792,-622,-315,59,421,700,841,815,626,310,-76,-451,-735,-883,-853,-639,-294,113,496,782,914,858,624,272,-140,-531,-814,-932,-853,-609,-246,173,556,814,912,820,559,180,-233,-596,-838,-893,-771,-494,-106,305,646,852,888,736,424,20,-384,-712,-901,-902,-715,-382,32,442,760,920,898,696,346,-75,-478,-776,-910,-861,-637,-276,142,523,796,903,821,568,195,-224,0,-833,-894,-773,-500,-132,269,624,834,861,714,426,47,-336,-634,-796,-784,-601,-285,85,433,686,785,714,478,128,-247,-577,-785,-824,-684,-389,-2,394,712,871,850,653,306,-105,-489,-788,-926,-857,-608,-225,206,591,847,919,800,512,110,-318,-675,-880,-893,-713,-376,42,456,775,923,866,616,222,-222,-620,-888,-963,-836,-524,-87,369,750,980,995,796,424,-52,-526,-883,-1064,-1025,-765,-338,163,637,987,1136,1048,736,268,-259,-725,-1043,-1154,-1024,-684,-202,320,773,1057,1122,962,594,108,-398,-813,-1057,-1077,-870,-482,5,499,879,1065,1023,764,350,-150,-623,-952,-1077,-988,-682,0,0
61414,mtk,MTK 7916,862087683,rx0-tx0,512,-330,688,-719,750,530,265,-22,-311,-570,-786,-928,-998,-992,-894,-739,-525,-267,6,276,534,744,899,978,976,906,757,559,315,36,-241,-504,-720,-885,-982,-1000,-936,-796,-603,-346,-70,217,489,722,904,999,1014,955,810,603,356,77,-211,-484,-713,-883,-985,-1001,-937,-811,-607,-366,-100,170,418,642,817,923,949,915,810,638,423,151,-109,-369,-605,-790,-906,-958,-933,-821,-657,-431,-164,107,365,593,772,878,919,880,763,593,386,137,-112,-347,-550,-689,-785,-822,-790,-689,-539,-368,-154,61,261,454,590,690,736,719,654,532,381,204,12,-190,-364,-512,-614,-679,-694,-644,-553,-422,-255,-26,114,308,472,599,675,704,672,600,468,299,110,-106,-301,-479,-617,-712,-740,-714,-624,-484,-307,-88,126,338,522,658,741,780,727,619,464,268,54,-167,-386,-569,-696,-763,-780,-710,-588,-438,-225,-15,211,423,596,724,776,770,698,570,396,178,-64,-292,-500,-659,-764,-798,-769,-662,-492,-278,-42,203,421,606,730,767,734,636,473,277,45,-177,-356,-500,-585,-613,-582,-501,-370,-221,-60,93,222,317,388,415,402,365,300,212,119,21,-69,-143,-214,-264,-282,-281,-262,-220,-161,-96,-24,47,118,170,223,252,250,229,174,107,24,-71,-146,-211,-239,-226,-181,-106,-24,834,845,510,774,-162,128,79,-4,-90,-165,-222,-248,-248,-220,-163,-85,4,90,173,237,282,303,299,273,213,142,49,-57,-163,-260,-347,-413,-442,-434,-387,-287,-158,2,170,329,472,593,655,652,591,463,289,79,-168,-410,-616,-778,-877,-875,-796,-646,-419,-135,177,471,725,931,1036,1059,974,796,538,207,-135,-471,-767,-993,-1131,-1169,-1093,-906,-637,-314,34,390,713,964,1124,1176,1142,998,758,462,123,-224,-550,-831,-1031,-1142,-1152,-1063,-886,-638,-332,6,329,620,877,1034,1111,1097,990,791,540,228,-92,-412,-684,-908,-1035,-1087,-1055,-939,-730,-453,-161,148,445,706,917,1033,1065,1010,878,674,301,127,-166,-450,-686,-874,-991,-1033,-995,-871,-681,-431,-160,134,430,680,877,1019,1076,1038,918,727,484,179,-148,-442,-709,-924,-1066,-1111,-1073,-951,-736,-484,-182,133,435,707,928,1058,1114,1097,992,804,544,257,-76,-394,-685,-916,-1090,-1178,-1171,-1068,-875,-622,-300,41,389,710,967,1155,1258,1246,1132,928,640,298,-68,-435,-758,-1020,-1212,-1295,-1259,-1113,-884,-580,-241,122,467,780,1035,1178,1230,1186,1040,815,533,209,-135,-455,-743,-968,-1102,-1160,-1120,-990,-778,-507,-206,107,410,676,885,1038,1084,1048,935,742,502,227,-78,-371,-627,-836,-979,-1038,-1017,-925,-751,-521,-247,46,334,586,-6,277,-82,-517,-58,-659,-858,-980,-1016,-966,-839,-645,-399,-125,168,442,664,845,954,985,948,834,651,417,146,-131,-396,-633,-809,-937,-990,-964,-862,-689,-466,-199,83,368,609,817,960,1017,998,897,731,499,215,-73,-364,-620,-816,-946,-1006,-988,-886,-711,-486,-225,56,322,575,775,907,969,953,868,723,518,263,-2,-262,-510,-717,-871,-950,-942,-886,-747,-545,-301,-39,234,486,694,857,938,935,862,725,520,282,23,-244,-476,-664,-801,-872,-861,-791,-651,-468,-256,-29,200,409,569,698,770,765,714,607,454,274,72,-127,-313,-474,-598,-677,-708,-675,-595,-477,-326,-144,55,248,410,550,644,628,688,630,513,365,183,-10,-209,-385,-547,-648,-721,-725,-667,-554,-398,-204,5,212,415,571,696,753,750,684,558,383,192,-33,-263,-456,-616,-727,-773,-763,-683,-535,-343,-139,83,307,485,639,736,764,749,655,512,318,99,-124,-341,-535,-680,-783,-801,-754,-636,-455,-240,1,237,464,632,746,795,767,662,495,275,39,-187,-401,-562,-667,-712,-662,-569,-421,-238,-47,135,294,415,492,523,504,426,327,214,81,-34,-142,-233,-299,-331,-337,-309,-273,-217,-138,-57,18,90,158,207,241,252,253,223,181,123,43,-36,-114,-185,-230,-261,-247,-206,-141,-48,43,125,173,185,117,-105,-82,752,-818,-129,-180,-214,-203,-168,-102,-22,63,146,216,263,282,271,232,171,95,9,-82,-174,-250,-307,-349,-359,-337,-284,-208,-100,30,163,302,415,493,544,533,476,375,230,39,-161,-368,-552,-680,-768,-777,-699,-549,-350,-91,179,437,672,860,965,978,892,733,481,167,-165,-487,-759,-977,-1108,-1125,-1036,-846,-577,-259,95,447,751,985,1125,1179,1116,954,694,377,27,-318,-646,-902,-1078,-1167,-1145,-1029,-815,-537,-213,123,450,733,956,1104,1150,1092,955,724,428,111,-217,-527,-782,-971,-1083,-1099,-1026,-868,-637,-350,-51,265,566,822,987,1070,1073,982,810,566,277,-24,-321,-592,-810,-176,-1032,-1027,-931,-765,-542,-276,3,289,552,779,940,1027,1045,968,810,600,338,36,-273,-562,-805,-987,-1099,-1100,-1015,-860,-624,-331,-17,290,587,832,1000,1103,1099,1019,868,636,355,61,-252,-547,-807,-993,-1113,-1152,-1084,-942,-721,-444,-115,223,539,812,1034,1173,1218,1168,1017,782,481,131,-237,-572,-872,-1108,-1246,-1281,-1205,-1036,-788,-466,-92,287,632,919,1130,1241,1256,1156,983,712,384,41,-308,-630,-889,-1082,-1181,-1183,-1084,-912,-650,-354,-38,287,578,827,999,1096,1100,1025,860,643,369,57,-241,-525,-767,-929,-1036,-1057,-987,-843,-638,-377,-90,205,480,719,893,998,1025,965,830,1067,1041
61415,mtk,MTK 7916,862087683,rx0-tx1,512,-686,-76,-268,41,-158,-351,-512,-626,-680,-678,-618,-520,-374,-194,-10,166,336,468,558,612,612,561,466,347,205,48,-114,-263,-391,-488,-546,-565,-548,-484,-387,-270,-133,16,167,307,428,508,559,572,537,468,365,230,68,-97,-257,-400,-522,-608,-650,-637,-566,-451,-304,-134,66,258,423,567,659,705,691,606,482,323,134,-62,-262,-452,-589,-680,-720,-702,-623,-498,-326,-133,76,280,448,581,678,713,687,605,479,316,123,-78,-267,-432,-556,-652,-683,-660,-591,-472,-317,-133,56,231,401,537,628,665,653,587,477,324,144,-46,-226,-390,-526,-620,-660,-651,-584,-465,-311,-133,56,247,-38,539,627,659,639,563,439,285,102,-94,-275,-432,-552,-633,-667,-643,-551,-418,-242,-52,137,313,464,576,637,642,588,493,364,185,-5,-186,-365,-498,-581,-623,-606,-540,-426,-274,-107,66,226,376,490,552,570,543,466,354,207,53,-102,-251,-370,-452,-497,-504,-465,-389,-283,-164,-33,106,230,323,404,447,456,429,357,272,154,24,-106,-235,-337,-400,-441,-440,-393,-317,-214,-82,54,174,278,351,400,410,375,306,217,113,-11,-120,-223,-303,-350,-357,-335,-283,-200,-103,3,117,207,278,318,325,297,235,145,40,-70,-168,-239,-283,-280,-232,-159,-59,38,121,175,184,-714,-544,0,-717,-526,-139,-179,-189,-161,-101,-21,65,141,201,241,238,209,158,81,-1,-83,-151,-210,-245,-250,-234,-197,-135,-58,25,99,168,207,236,243,221,176,119,54,-14,-78,-134,-166,-186,-188,-178,-149,-124,-90,-50,-4,40,74,98,122,148,167,164,158,147,123,86,41,-19,-82,-136,-187,-212,-224,-226,-192,-157,-107,-46,21,91,150,202,227,238,230,213,178,126,63,-4,-68,-134,-196,-236,-261,-276,-267,-230,-177,-114,-35,52,143,225,282,329,348,330,286,215,127,26,-81,-187,-274,-340,-377,-384,-354,-312,-228,-119,-18,97,200,283,359,390,400,375,322,245,137,18,-48,-216,-308,-381,-433,-450,-434,-370,-283,-168,-38,100,233,348,442,504,511,488,423,309,169,25,-130,-273,-403,-487,-542,-548,-511,-428,-309,-171,-11,142,287,415,503,553,563,524,444,340,212,50,-113,-258,-404,-509,-574,-593,-571,-509,-401,-259,-92,71,247,409,531,613,647,642,577,465,323,138,-60,-248,-428,-576,-673,-717,-710,-642,-514,-334,-139,76,290,479,625,730,769,729,645,508,321,109,-112,-325,-508,-647,-735,-762,-724,-627,-479,-296,-88,127,331,501,632,717,737,698,607,464,288,76,-134,-333,-503,-637,-711,-727,-686,-594,-439,-263,-63,141,336,509,624,694,-5,-353,9,933,-851,-693,-679,-609,-481,-312,-119,80,259,418,554,638,660,635,548,421,272,107,-73,-238,-378,-482,-550,-579,-560,-503,-412,-294,-154,-7,140,277,391,486,545,563,538,479,378,247,106,-47,-202,-344,-467,-556,-604,-601,-559,-469,-347,-192,-19,163,333,479,590,665,680,627,533,400,232,42,-167,-361,-516,-632,-699,-711,-677,-572,-421,-235,-32,183,373,530,647,709,717,659,547,402,225,24,-177,-360,-516,-628,-690,-691,-642,-534,-400,-230,-36,154,334,491,602,667,665,623,528,387,217,36,-149,-320,-468,-580,-639,-654,-616,-530,-397,-230,-52,135,319,474,583,646,660,623,634,386,211,21,-168,-345,-490,-598,-658,-655,-595,-488,-348,-179,11,203,374,511,608,647,638,572,464,309,127,-68,-250,-402,-533,-617,-638,-609,-530,-391,-240,-59,129,296,442,541,594,591,539,448,312,156,-8,-172,-313,-420,-497,-530,-528,-477,-376,-256,-118,26,171,294,391,447,480,464,405,326,222,94,-35,-174,-283,-372,-432,-453,-432,-383,-286,-181,-61,75,200,303,381,426,425,388,319,219,110,-21,-145,-253,-328,-380,-386,-358,-305,-216,-110,3,109,213,290,335,348,319,259,181,78,-29,-130,-215,-278,-307,-299,-247,-170,-72,41,135,208,245,233,185,102,18,560,739,0,29,460,-91,-26,51,131,189,221,220,185,126,43,-48,-122,-191,-237,-252,-237,-197,-141,-64,15,91,162,215,247,249,235,186,127,62,-14,-93,-156,-199,-226,-226,-212,-171,-118,-61,-8,45,85,116,141,159,160,158,139,116,95,68,30,-11,-48,-95,-137,-168,-189,-208,-198,-175,-128,-67,-14,61,125,173,215,236,245,225,190,136,67,3,-61,-114,-172,-219,-244,-253,-240,-220,-177,-127,-66,6,96,174,235,282,315,317,294,238,171,85,-16,-123,-214,-292,-344,-370,-364,-324,-254,-169,-67,44,146,235,320,369,392,392,338,274,184,74,-35,-153,-255,-341,-399,-421,-1135,-371,-300,-210,-97,26,158,276,373,441,476,474,432,352,248,111,-32,-174,-313,-430,-499,-537,-527,-471,-367,-242,-96,62,222,360,462,529,558,533,479,373,243,100,-57,-219,-351,-457,-534,-578,-563,-524,-440,-306,-153,11,169,323,458,559,607,618,585,492,359,204,30,-151,-339,-482,-597,-670,-682,-646,-562,-417,-244,-46,162,364,539,664,730,749,701,588,431,239,15,-201,-399,-575,-703,-762,-763,-694,-569,-401,-202,15,233,425,584,691,745,732,663,539,381,186,-29,-231,-420,-573,-683,-741,-725,-653,-532,-366,-174,35,233,425,578,675,725,709,641,508,335,143,718,628
61416,mtk,MTK 7916,862087683,rx1-tx0,512,0,-349,178,-449,-532,-567,-560,-510,-414,-295,-149,18,191,352,490,593,652,665,619,517,371,197,2,-211,-407,-578,-703,-777,-785,-727,-606,-426,-202,31,271,499,682,822,891,884,794,639,426,170,-96,-358,-598,-794,-917,-951,-913,-792,-609,-379,-107,168,425,645,820,913,939,883,759,574,342,93,-166,-416,-633,-793,-891,-935,-895,-766,-588,-372,-111,159,402,632,806,902,929,889,764,582,347,88,-179,-437,-642,-809,-902,-922,-868,-741,-549,-309,-61,208,454,654,801,875,873,805,668,455,224,-13,-264,-482,-653,-765,-806,-782,-699,-550,-366,-157,58,266,448,580,663,690,663,590,-277,314,133,-45,-218,-368,-483,-556,-588,-571,-510,-416,-302,-165,-5,137,262,387,468,512,525,511,450,351,228,98,-50,-204,-337,-432,-507,-543,-536,-489,-407,-295,-155,-2,150,291,416,511,569,589,552,485,376,225,65,-107,-283,-445,-574,-657,-699,-667,-583,-444,-259,-50,177,403,599,731,817,824,742,592,391,134,-125,-376,-598,-758,-841,-850,-770,-611,-405,-167,95,338,529,694,772,778,704,572,386,168,-48,-255,-429,-566,-639,-658,-615,-507,-360,-191,-7,167,324,455,530,553,517,425,306,152,-10,-168,-302,-409,-461,-465,-417,-311,-165,-4,148,276,349,357,301,210,-134,-292,0,634,-378,-60,-40,-26,7,34,61,72,86,92,81,60,34,5,-27,-59,-91,-108,-117,-112,-102,-96,-60,-27,15,47,86,121,143,155,156,138,116,82,38,-12,-70,-131,-172,-205,-234,-224,-210,-177,-110,-32,46,135,221,285,343,359,337,292,213,97,-24,-146,-279,-377,-452,-472,-451,-379,-268,-133,23,185,333,453,518,536,505,425,308,151,-20,-177,-326,-439,-518,-537,-509,-436,-319,-172,-18,132,278,387,451,479,466,416,331,207,74,-45,-167,-273,-337,-373,-381,-356,-307,-235,-158,-66,17,96,167,226,270,306,324,310,280,234,169,83,-8,-96,-189,-264,-332,-362,489,-370,-325,-250,-146,-26,90,212,320,397,456,467,432,371,272,150,12,-135,-265,-380,-466,-516,-526,-479,-398,-283,-151,3,157,302,413,510,555,543,503,404,275,143,-12,-166,-306,-425,-514,-552,-544,-507,-413,-301,-169,-6,142,287,411,493,536,541,512,443,339,205,53,-95,-245,-377,-479,-549,-586,-576,-518,-425,-284,-129,41,226,390,523,619,669,665,596,477,307,114,-85,-286,-464,-602,-681,-708,-667,-570,-415,-239,-49,157,337,485,583,629,620,576,471,344,190,27,-128,-275,-395,-482,-532,-542,-510,-432,-337,-226,-94,40,171,300,397,474,513,509,474,409,309,-391,-31,0,-130,64,-316,-173,-26,131,285,418,515,588,610,586,510,398,246,85,-101,-284,-455,-593,-684,-729,-711,-634,-502,-324,-110,121,348,547,710,812,843,816,705,539,324,74,-192,-445,-660,-826,-918,-927,-864,-729,-527,-275,-3,265,523,730,882,956,941,855,699,481,224,-42,-309,-539,-735,-863,-927,-913,-828,-672,-466,-236,19,287,527,709,847,927,916,839,698,484,237,-19,-288,-534,-733,-873,-933,-922,-825,-662,-455,-198,69,327,557,744,854,899,879,772,610,389,136,-118,-358,-572,-738,-817,-853,-808,-696,-522,-317,-81,145,365,546,673,750,756,696,575,413,233,35,-155,-333,315,-586,-636,-630,-581,-487,-364,-219,-57,103,252,369,462,535,554,525,476,387,262,125,-14,-158,-297,-407,-480,-525,-538,-504,-421,-321,-200,-50,103,249,373,471,539,561,543,485,390,262,123,-43,-208,-354,-488,-581,-623,-633,-584,-486,-339,-167,33,239,430,589,698,747,739,671,523,332,107,-146,-383,-590,-752,-845,-847,-778,-632,-414,-164,108,366,583,729,816,826,741,603,410,165,-73,-302,-487,-637,-706,-707,-644,-532,-372,-177,21,218,381,500,573,592,549,473,341,180,7,-168,-309,-420,-495,-510,-475,-387,-266,-113,46,203,333,410,429,390,294,156,5,-129,-217,352,239,0,-405,-390,32,49,70,80,74,56,31,12,-23,-54,-82,-99,-111,-107,-94,-68,-41,-10,24,49,87,116,125,132,122,110,80,46,7,-43,-85,-120,-157,-181,-190,-183,-158,-118,-78,-10,59,118,193,248,272,278,268,225,160,73,-39,-140,-240,-330,-394,-406,-400,-343,-249,-124,22,170,307,414,479,509,482,408,282,132,-30,-184,-328,-441,-521,-539,-510,-435,-311,-167,-1,154,300,414,487,508,493,430,317,187,45,-97,-218,-329,-409,-435,-427,-394,-313,-216,-111,-6,100,187,254,303,329,326,312,276,221,156,82,-4,-84,-154,-226,-291,-332,-339,-334,-303,-253,-173,-75,-571,133,236,325,398,426,421,387,309,212,92,-48,-175,-294,-399,-470,-507,-495,-440,-347,-220,-81,71,213,339,442,513,539,515,448,350,226,59,-93,-245,-384,-473,-532,-557,-527,-462,-362,-229,-70,83,237,370,462,538,558,530,474,372,245,100,-52,-200,-334,-438,-517,-550,-553,-514,-427,-312,-172,-21,147,298,438,543,599,630,606,518,389,224,37,-162,-344,-502,-625,-687,-693,-639,-531,-375,-183,22,225,404,551,635,682,667,587,459,297,113,-61,-233,-383,-494,-568,-588,-564,-500,-396,-268,-127,13,154,280,385,463,512,511,485,422,323,207,66,-71,-201,-320,-421,-639,-753
61417,mtk,MTK 7916,862087683,rx1-tx1,512,0,0,0,730,658,424,92,-273,-582,-744,-730,-536,-222,137,472,695,748,617,342,-11,-353,-600,-694,-620,-398,-76,259,525,645,600,418,123,-205,-471,-605,-584,-419,-141,170,445,604,602,441,166,-152,-428,-606,-630,-491,-220,102,408,624,679,564,306,-46,-389,-637,-721,-631,-395,-67,295,588,728,683,476,160,-192,-510,-698,-705,-545,-259,95,434,648,691,572,312,-21,-357,-607,-697,-610,-376,-41,302,572,705,661,448,136,-207,-511,-688,-703,-544,-248,98,414,628,698,607,362,36,-300,-557,-671,-624,-436,-150,173,453,611,623,500,255,-45,-317,-512,-585,-507,-306,-59,188,391,0,446,309,105,-110,-288,-377,-367,-262,-89,97,241,326,317,210,47,-136,-286,-350,-310,-186,-6,191,334,398,356,217,11,-206,-386,-482,-460,-307,-70,196,423,554,558,424,178,-117,-403,-603,-663,-565,-336,-22,313,582,723,699,501,184,-184,-521,-735,-776,-643,-364,18,401,698,846,795,558,198,-221,-589,-828,-895,-755,-442,-45,373,712,887,864,657,309,-98,-478,-756,-866,-793,-556,-186,213,544,748,799,671,403,60,-281,-551,-696,-695,-541,-275,35,313,518,611,573,419,183,-88,-319,-474,-532,-477,-331,-131,85,273,398,448,414,312,166,10,-133,-236,-293,-296,-248,0,0,0,0,0,296,227,106,-60,-245,-413,-532,-571,-508,-348,-116,158,418,607,695,659,485,200,-131,-449,-684,-785,-725,-517,-188,191,533,764,836,724,456,80,-316,-650,-839,-841,-651,-305,120,520,811,925,814,512,90,-361,-744,-956,-946,-715,-321,154,606,923,1031,902,561,83,-427,-839,-1051,-1024,-760,-324,192,666,987,1066,893,518,20,-497,-899,-1084,-1004,-683,-207,317,771,1032,1042,809,376,-156,-654,-991,-1092,-926,-535,-10,527,942,1135,1046,703,188,-394,-880,-1159,-1169,-901,-408,192,758,1160,1291,1114,681,87,-550,-1070,-1342,-1294,-952,-391,275,882,1273,1380,1172,687,46,-603,-1110,-1350,0,-916,-326,329,902,1264,1317,1052,545,-88,-709,-1153,-1307,-1145,-709,-100,529,1033,1287,1226,874,309,-340,-913,-1264,-1307,-1040,-522,126,744,1192,1352,1191,751,123,-531,-1046,-1324,-1291,-944,-364,289,865,1233,1302,1056,562,-55,-656,-1085,-1241,-1108,-714,-150,453,927,1153,1083,751,241,-323,-800,-1076,-1085,-814,-329,228,719,1046,1109,889,456,-91,-617,-1000,-1141,-1007,-617,-76,466,903,1121,1070,768,283,-271,-758,-1053,-1090,-874,-467,54,547,901,1037,920,595,138,-339,-714,-907,-874,-635,-260,165,535,754,777,609,292,-91,-433,-655,-706,-575,-290,62,381,601,666,553,295,-38,-362,-603,-687,0,0,0,0,0,-38,311,599,748,712,497,160,-208,-535,-732,-742,-593,-299,68,407,643,725,630,383,47,-294,-551,-666,-615,-405,-100,225,486,611,577,404,129,-195,-458,-601,-600,-437,-155,162,435,600,618,478,202,-139,-435,-614,-647,-520,-254,79,398,621,700,601,330,-18,-350,-608,-726,-664,-443,-112,252,551,720,714,530,219,-144,-466,-669,-707,-571,-293,64,390,619,698,603,351,14,-328,-585,-699,-643,-424,-94,261,550,701,676,498,200,-157,-474,-670,-709,-587,-315,40,364,594,693,624,406,99,-230,-493,-630,-618,-473,-207,110,382,562,604,501,286,6,-260,-453,-535,-486,-330,0,148,335,430,416,297,106,-99,-262,-352,-339,-225,-66,103,256,326,294,185,20,-171,-314,-366,-327,-190,10,209,366,434,396,248,36,-206,-415,-528,-508,-365,-125,155,416,580,608,503,266,-60,-373,-604,-695,-627,-415,-94,256,555,729,741,578,274,-98,-454,-723,-834,-734,-461,-89,308,642,841,850,661,315,-94,-485,-776,-899,-817,-550,-170,240,611,843,886,734,430,43,-351,-666,-828,-811,-624,-306,67,409,659,764,698,487,187,-142,-432,-619,-666,-571,-353,-79,194,418,551,560,453,260,31,-200,-384,-477,-475,-390,-235,-42,146,290,373,386,338,250,136,23,-71,0,0,0,0,0,196,321,415,457,431,328,150,-78,-311,-510,-629,-635,-523,-308,-21,286,552,722,751,625,368,30,-324,-622,-799,-803,-631,-330,48,429,712,837,786,557,201,-213,-591,-835,-882,-727,-406,13,443,781,943,887,623,208,-262,-674,-944,-999,-821,-449,39,519,882,1047,975,674,209,-303,-750,-1025,-1049,-832,-430,90,594,947,1076,952,604,114,-402,-829,-1061,-1029,-751,-296,232,701,1010,1076,871,457,-80,-601,-973,-1113,-988,-623,-100,461,919,1149,1102,799,296,-296,-836,-1169,-1227,-1003,-533,75,671,1123,1328,1217,811,220,-427,-983,-1322,-1357,-1078,-548,110,743,1199,1378,1240,806,178,0,-1021,-1308,-1296,-989,-436,217,799,1195,1309,1098,621,5,-612,-1087,-1295,-1187,-786,-188,451,980,1275,1270,964,422,-232,-838,-1238,-1336,-1118,-640,-3,646,1133,1349,1249,852,249,-416,-976,-1292,-1304,-1002,-468,165,758,1162,1284,1094,655,56,-543,-996,-1203,-1108,-742,-199,375,848,1108,1085,777,281,-278,-761,-1051,-1084,-844,-387,173,693,1028,1106,932,535,-2,-552,-961,-1138,-1040,-692,-179,379,836,1093,1092,830,375,-160,-656,-987,-1075,-911,-535,-46,435,803,973,896,611,195,-249,-620,-824,-829,-632,-285,121,480,700,734,593,299,-63,-398,-621,-681,-563,-298,44,373,597,665,564,312,-27,0,0
61418,mtk,MTK 7916,862087683,rx2-tx0,512,0,0,0,1113,920,495,-75,-645,-1069,-1234,-1110,-718,-139,488,1003,1285,1261,928,374,-277,-868,-1245,-1332,-1100,-603,46,688,1165,1357,1214,780,161,-507,-1046,-1319,-1274,-923,-342,321,901,1261,1312,1033,492,-168,-776,-1193,-1321,-1119,-631,6,634,1112,1314,1190,775,160,-492,-1015,-1281,-1225,-876,-314,323,881,1207,1224,945,437,-185,-748,-1117,-1194,-969,-503,82,642,1030,1147,976,552,-10,-564,-975,-1133,-994,-603,-53,516,959,1156,1049,672,129,-461,-941,-1187,-1134,-794,-243,374,907,1219,1237,945,412,-230,-822,-1212,-1317,-1096,-608,35,673,1162,1367,1232,807,188,-482,-1033,-1343,-1327,-989,-414,262,878,1281,0,1132,619,-41,-687,-1166,-1363,-1226,-787,-163,496,1034,1324,1289,937,353,-323,-925,-1297,-1350,-1085,-555,120,770,1236,1409,1239,762,107,-586,-1147,-1433,-1374,-986,-359,358,999,1407,1483,1205,637,-88,-792,-1305,-1518,-1381,-908,-219,515,1124,1482,1483,1131,516,-214,-889,-1353,-1499,-1297,-791,-99,612,1173,1457,1397,1002,382,-318,-941,-1346,-1441,-1195,-673,-7,660,1169,1409,1336,958,362,-302,-888,-1269,-1361,-1146,-687,-92,513,989,1235,1203,914,442,-117,-636,-990,-1118,-1005,-679,-220,266,676,932,975,811,480,64,-341,-655,-824,-824,-665,-378,-34,293,550,694,702,590,390,143,-103,-302,-423,-462,-433,0,0,0,0,0,361,464,494,442,304,92,-165,-420,-622,-728,-695,-527,-246,96,441,712,850,816,603,249,-164,-558,-857,-972,-875,-588,-154,326,741,1012,1064,875,485,-27,-552,-968,-1176,-1123,-819,-312,278,822,1181,1281,1088,647,45,-573,-1069,-1335,-1291,-942,-377,275,878,1296,1409,1195,705,52,-620,-1149,-1413,-1356,-984,-385,296,915,1313,1405,1171,663,12,-632,-1120,-1347,-1252,-858,-278,358,900,1218,1240,960,451,-147,-702,-1081,-1186,-997,-571,-12,541,952,1121,1007,637,113,-436,-874,-1093,-1032,-712,-210,354,832,1099,1096,819,327,-250,-769,-1107,-1183,-962,-502,84,660,1083,1244,1106,696,109,-506,-1000,0,-1227,-879,-316,327,894,1244,1289,1019,508,-136,-759,-1190,-1327,-1143,-670,-37,610,1118,1357,1266,855,236,-453,-1037,-1362,-1366,-1040,-451,254,898,1333,1444,1211,679,-21,-710,-1231,-1464,-1344,-889,-221,497,1089,1410,1396,1045,437,-264,-887,-1294,-1385,-1132,-606,57,693,1152,1322,1164,721,104,-532,-1027,-1256,-1177,-799,-227,387,901,1179,1160,855,342,-248,-772,-1096,-1147,-903,-435,123,640,991,1091,920,523,0,-510,-882,-1027,-904,-560,-85,404,775,942,860,560,119,-342,-705,-876,-815,-540,-129,304,654,838,797,533,132,-309,-673,-861,-822,-566,-160,298,686,900,892,650,227,-267,-701,-968,-995,0,0,0,0,0,163,686,1062,1184,1019,605,24,-581,-1054,-1278,-1196,-830,-257,382,944,1283,1313,1029,494,-162,-781,-1220,-1355,-1164,-697,-66,588,1098,1334,1246,856,254,-410,-972,-1291,-1300,-986,-420,243,839,1227,1316,1080,566,-87,-710,-1160,-1318,-1152,-701,-77,563,1061,1298,1214,825,228,-413,-949,-1251,-1238,-918,-380,251,811,1158,1213,964,482,-120,-685,-1066,-1174,-982,-542,34,596,998,1138,986,576,20,-540,-959,-1135,-1020,-639,-84,494,954,1171,1084,724,178,-422,-928,-1209,-1188,-865,-326,303,863,1219,1280,1021,505,-138,-758,-1197,-1345,-1171,-714,-76,584,1106,1356,1283,900,301,-374,-965,-1320,-1356,-1061,-511,0,793,1225,1366,1183,712,72,-590,-1108,-1350,-1259,-866,-266,397,973,1304,1311,998,444,-225,-847,-1263,-1373,-1159,-655,24,691,1198,1426,1310,878,224,-490,-1088,-1432,-1438,-1104,-499,230,900,1360,1505,1294,768,60,-658,-1231,-1513,-1431,-1015,-364,375,1023,1428,1500,1225,665,-50,-754,-1276,-1498,-1364,-910,-244,464,1062,1406,1425,1114,545,-156,-809,-1268,-1431,-1269,-823,-187,486,1037,1350,1355,1058,530,-119,-721,-1148,-1319,-1199,-821,-272,315,821,1130,1181,979,572,52,-457,-840,-1033,-1005,-761,-362,93,507,798,910,830,582,231,-153,-488,-712,-782,-704,-503,-224,80,347,531,613,588,474,307,127,-49,0,0,0,0,0,-207,-60,122,322,500,615,627,529,321,39,-272,-555,-747,-796,-690,-439,-79,313,647,860,906,755,427,-3,-451,-814,-1001,-975,-737,-325,176,656,1008,1137,1009,646,126,-430,-902,-1185,-1211,-958,-478,125,708,1140,1317,1200,805,216,-431,-986,-1318,-1359,-1082,-550,114,753,1228,1423,1294,865,227,-462,-1033,-1370,-1393,-1093,-541,131,767,1231,1393,1224,779,162,-487,-1014,-1290,-1257,-922,-375,254,801,1147,1224,993,522,-58,-616,-1012,-1150,-1001,-606,-61,492,917,1102,1015,672,158,-394,-849,-1096,-1062,-757,-262,304,802,1100,1132,885,412,-169,-721,-1109,-1219,-1031,-599,-11,591,1050,1261,1163,782,0,-424,-954,-1256,-1256,-951,-412,228,818,1213,1305,1082,596,-48,-686,-1153,-1342,-1195,-750,-125,537,1080,1366,1317,948,339,-356,-972,-1353,-1411,-1129,-568,134,812,1296,1463,1277,783,96,-605,-1158,-1441,-1376,-975,-339,374,988,1362,1400,1104,539,-153,-790,-1225,-1357,-1152,-667,-29,611,1090,1292,1166,756,167,-452,-953,-1219,-1170,-829,-285,326,838,1131,1151,883,394,-188,-708,-1047,-1121,-909,-476,62,579,942,1063,922,548,43,-458,-826,-979,-884,-566,-112,357,726,897,828,545,132,-316,-673,-844,-797,-540,-135,305,664,846,801,545,139,-304,-673,-874,-851,-605,-189,288,696,933,935,695,267,-236,0,0
61419,mtk,MTK 7916,862087683,rx2-tx1,512,0,0,0,-701,-195,369,854,1131,1134,871,398,-186,-725,-1080,-1187,-1017,-598,-31,534,961,1158,1083,747,233,-326,-808,-1092,-1104,-847,-390,147,639,972,1060,877,476,-32,-521,-871,-997,-872,-522,-38,449,817,970,871,545,75,-415,-793,-975,-904,-593,-128,373,792,1023,983,683,213,-313,-767,-1043,-1057,-798,-336,215,716,1046,1123,912,462,-103,-650,-1038,-1170,-1005,-579,-9,573,1029,1227,1115,734,162,-461,-981,-1283,-1275,-947,-391,270,878,1278,1378,1155,656,4,-662,-1174,-1408,-1307,-901,-287,390,978,1329,1362,1091,566,-94,-715,-1160,-1343,-1210,-789,-198,423,942,1227,1223,938,434,-151,-675,-1026,-1129,0,-582,-80,423,799,971,899,611,191,-256,-622,-814,-795,-577,-221,174,512,708,712,529,216,-144,-470,-671,-688,-510,-201,154,476,674,690,517,193,-188,-530,-745,-767,-590,-249,181,585,862,938,773,402,-69,-566,-948,-1112,-1019,-671,-150,413,894,1197,1234,976,487,-124,-718,-1173,-1355,-1226,-826,-230,439,1007,1348,1399,1138,610,-53,-692,-1181,-1420,-1362,-999,-411,257,855,1262,1402,1237,807,227,-393,-915,-1212,-1255,-1029,-589,-52,472,884,1086,1038,779,377,-85,-515,-815,-921,-825,-568,-208,186,516,721,769,660,418,109,-204,-465,-623,-654,-564,-382,-146,92,294,423,468,440,356,224,0,0,0,0,0,-420,-363,-253,-85,121,329,498,595,586,475,271,4,-273,-495,-622,-629,-509,-279,12,303,535,654,628,463,185,-135,-424,-618,-685,-590,-354,-33,300,570,714,685,492,189,-170,-502,-724,-785,-663,-377,7,384,679,824,768,535,177,-229,-595,-810,-842,-683,-360,61,476,775,892,805,518,110,-330,-696,-895,-878,-646,-277,154,561,845,922,768,435,7,-421,-752,-894,-822,-559,-161,281,650,850,846,644,279,-157,-552,-816,-887,-729,-388,42,464,782,911,819,528,112,-335,-704,-900,-894,-671,-275,175,582,848,907,750,414,-16,-442,-765,-899,-800,-509,-102,325,676,866,843,0,249,-184,-569,-819,-874,-704,-364,61,462,742,845,740,453,60,-347,-660,-796,-722,-468,-102,288,610,778,735,502,144,-258,-607,-803,-791,-580,-219,208,594,837,873,689,332,-110,-529,-822,-920,-788,-451,-10,432,769,920,839,541,111,-334,-703,-901,-857,-597,-193,268,668,890,881,652,248,-213,-624,-893,-927,-727,-338,146,591,889,973,817,444,-56,-545,-900,-1033,-913,-565,-76,446,873,1091,1038,724,228,-326,-800,-1086,-1109,-872,-422,131,655,1027,1145,989,599,63,-489,-915,-1110,-1030,-706,-215,331,793,1050,1047,788,337,-198,-686,-996,-1060,-863,-446,87,590,947,1076,943,575,0,0,0,0,0,-891,-1131,-1097,-794,-296,274,782,1109,1167,951,506,-64,-619,-1023,-1180,-1058,-685,-147,424,890,1132,1099,803,320,-240,-730,-1045,-1095,-874,-443,86,581,928,1040,880,507,17,-476,-843,-984,-865,-529,-61,426,803,964,874,563,94,-406,-795,-988,-934,-628,-152,359,785,1026,1020,751,276,-275,-750,-1045,-1086,-849,-393,164,680,1035,1132,938,502,-59,-617,-1035,-1194,-1049,-654,-96,509,1012,1256,1190,839,276,-378,-944,-1280,-1324,-1056,-525,139,775,1235,1402,1231,783,146,-525,-1078,-1374,-1352,-1009,-432,247,863,1266,1370,1150,672,46,-577,-1060,-1298,-1224,-866,-320,286,804,1133,1191,970,527,-21,0,-901,-1043,-934,-611,-153,324,702,889,843,589,213,-200,-555,-755,-749,-552,-215,165,490,690,703,529,215,-153,-472,-660,-674,-512,-208,169,505,705,717,542,211,-194,-565,-799,-835,-659,-306,153,601,925,1040,896,529,21,-501,-934,-1169,-1132,-831,-324,273,818,1182,1293,1097,650,55,-575,-1088,-1353,-1314,-973,-414,242,858,1285,1425,1252,802,173,-492,-1049,-1387,-1420,-1142,-625,13,641,1121,1342,1278,958,438,-153,-682,-1050,-1187,-1069,-725,-240,271,696,952,991,821,492,77,-336,-664,-830,-802,-614,-316,32,360,603,714,670,507,255,-36,-302,-490,-578,-565,-464,-297,-105,70,203,284,0,0,0,0,0,-133,-294,-426,-519,-537,-470,-315,-84,171,399,568,638,578,404,155,-132,-404,-591,-653,-583,-381,-95,208,474,647,665,526,269,-48,-357,-595,-702,-645,-429,-113,238,548,728,736,581,288,-84,-447,-706,-803,-720,-463,-96,303,640,819,805,613,277,-143,-535,-798,-871,-741,-433,-22,395,727,892,833,583,193,-251,-634,-868,-903,-718,-356,88,509,804,909,806,510,90,-352,-700,-874,-838,-600,-217,221,600,836,865,687,340,-98,-513,-798,-893,-773,-459,-31,407,744,913,863,605,196,-261,-655,-890,-912,-708,-341,99,514,803,898,785,480,47,-389,-717,-880,-834,-577,-178,267,0,839,860,667,302,-132,-526,-793,-865,-732,-419,-3,398,693,815,733,469,85,-320,-628,-776,-727,-492,-127,270,605,789,772,545,174,-246,-608,-824,-833,-634,-278,156,572,846,909,746,400,-48,-481,-800,-918,-808,-500,-65,383,734,906,848,573,154,-305,-691,-895,-868,-624,-223,242,648,889,907,682,291,-175,-612,-898,-954,-769,-381,105,569,900,1013,865,495,1,-505,-900,-1077,-982,-647,-150,393,847,1094,1072,797,324,-230,-733,-1069,-1141,-934,-508,40,581,978,1135,1015,649,137,-407,-849,-1088,-1049,-751,-275,261,730,1013,1043,822,394,-142,-635,-973,-1073,-899,-497,21,537,927,0,0
61420,mtk,MTK 7916,862128501,rx0-tx0,512,-330,688,-719,-836,-911,-916,-843,-706,-521,-298,-53,189,433,629,776,877,899,858,760,595,393,159,-77,-316,-532,-701,-830,-887,-896,-828,-697,-512,-288,-43,212,436,643,800,894,923,878,767,601,385,146,-110,-359,-581,-759,-866,-919,-897,-814,-667,-475,-235,7,249,474,660,789,854,867,820,711,552,349,127,-106,-332,-541,-705,-811,-868,-856,-768,-637,-452,-237,4,236,445,628,758,831,844,785,671,498,292,67,-159,-367,-546,-676,-751,-768,-733,-638,-504,-334,-141,58,244,415,544,630,677,666,603,519,384,227,62,-101,-269,-413,-525,-591,-624,-614,-564,-466,-331,-183,-11,157,307,-26,545,608,629,606,529,423,278,108,-74,-241,-395,-526,-617,-658,-658,-597,-493,-342,-169,8,201,372,529,633,682,685,634,532,393,210,13,-186,-366,-522,-631,-692,-698,-649,-551,-409,-243,-50,139,338,503,621,687,704,667,576,439,267,61,-137,-347,-516,-641,-715,-727,-680,-569,-415,-225,-7,199,402,557,662,711,685,594,459,282,75,-119,-295,-441,-523,-566,-560,-495,-394,-276,-129,21,148,248,329,376,376,361,313,247,166,85,-7,-84,-146,-202,-235,-260,-255,-231,-198,-149,-93,-27,39,90,151,200,221,229,213,181,122,48,-29,-105,-167,-206,-208,-182,-128,-44,834,845,510,774,-162,38,111,165,196,205,183,140,67,-7,-88,-156,-204,-251,-261,-248,-222,-167,-112,-34,52,136,210,281,323,347,349,316,251,159,39,-84,-217,-337,-446,-522,-548,-527,-458,-334,-183,2,214,401,569,682,742,740,672,533,344,103,-151,-409,-626,-803,-915,-935,-886,-741,-516,-261,39,328,592,824,978,1042,1021,896,696,439,138,-180,-483,-734,-939,-1044,-1067,-1001,-841,-624,-355,-53,244,520,761,934,1022,1030,957,804,586,330,37,-255,-523,-744,-907,-1004,-1011,-933,-797,-597,-340,-60,222,492,716,882,978,993,928,793,601,355,87,-192,-447,-664,-835,-925,-957,-905,-793,-622,301,-150,110,364,583,752,871,923,916,837,680,484,260,4,-260,-500,-700,-854,-953,-974,-922,-803,-615,-381,-105,170,434,671,845,969,1008,966,860,689,466,204,-67,-329,-572,-774,-926,-1013,-1026,-950,-809,-611,-370,-86,197,475,721,897,1029,1080,1055,941,759,510,220,-78,-381,-660,-897,-1053,-1125,-1127,-1034,-858,-617,-316,-1,321,616,864,1047,1143,1153,1049,883,654,366,57,-253,-547,-789,-963,-1066,-1091,-1026,-887,-684,-432,-149,137,414,655,843,969,1017,989,881,714,503,254,-22,-281,-523,-728,-867,-956,-961,-892,-766,-582,-348,-97,158,403,616,785,896,929,906,805,640,439,-6,277,-82,-517,-58,-376,-135,116,364,581,749,864,909,894,811,652,461,225,-26,-255,-478,-666,-804,-879,-889,-839,-716,-554,-342,-112,132,371,578,749,860,911,889,796,658,454,226,-24,-279,-507,-699,-835,-912,-925,-859,-731,-538,-313,-66,191,421,621,774,872,895,863,765,604,398,167,-64,-295,-499,-675,-793,-858,-857,-801,-676,-497,-298,-76,162,388,578,737,827,864,823,735,585,381,154,-83,-311,-513,-673,-775,-822,-804,-725,-583,-411,-207,-2,211,398,543,656,712,716,666,569,433,277,96,-98,-265,-413,-539,-613,-644,-635,-586,-488,-350,-199,-39,122,279,421,526,597,634,609,541,628,303,146,-17,-191,-347,-479,-579,-638,-644,-602,-517,-391,-232,-63,121,302,460,583,652,683,655,577,454,284,96,-98,-285,-449,-580,-673,-704,-682,-602,-476,-306,-121,82,271,441,569,660,700,688,628,504,342,155,-39,-232,-413,-562,-672,-718,-706,-639,-516,-352,-155,61,269,456,594,700,726,691,600,448,266,56,-164,-348,-498,-610,-654,-631,-562,-427,-270,-106,68,229,342,433,481,473,424,351,265,145,39,-68,-165,-237,-281,-302,-307,-275,-242,-188,-130,-61,19,81,138,183,215,232,219,197,170,113,51,-15,-86,-150,-203,-229,-227,-205,-150,-77,9,80,142,166,117,-105,-82,752,-818,153,138,91,32,-44,-119,-182,-221,-228,-218,-181,-139,-72,10,82,158,215,261,292,295,270,231,167,88,-2,-105,-214,-306,-387,-434,-442,-410,-337,-240,-103,50,210,373,505,595,651,642,567,435,247,42,-183,-412,-600,-748,-835,-853,-788,-638,-440,-182,95,370,639,832,964,1009,954,825,618,334,38,-271,-563,-796,-963,-1051,-1048,-947,-771,-533,-240,59,366,635,849,999,1060,1020,907,723,469,186,-108,-399,-653,-851,-978,-1035,-1002,-885,-695,-457,-180,108,377,619,827,959,1002,974,865,689,461,203,-76,-345,-578,-773,-913,-975,-960,-858,-704,-489,-243,28,293,531,730,-176,928,931,865,732,548,327,74,-178,-428,-636,-789,-897,-950,-920,-814,-647,-440,-193,74,334,576,780,924,1003,988,908,750,540,292,12,-265,-517,-734,-895,-985,-1000,-948,-829,-648,-416,-151,129,399,635,833,976,1043,1029,948,775,558,301,14,-280,-558,-796,-983,-1084,-1112,-1056,-916,-700,-422,-124,192,506,765,977,1107,1156,1113,975,769,501,197,-130,-448,-714,-937,-1076,-1125,-1099,-979,-783,-529,-247,55,351,611,827,978,1050,1045,957,797,584,330,57,-224,-488,-698,-859,-958,-986,-932,-823,-642,-427,-174,95,349,570,763,883,939,921,841,703,512,275,20,-230,-477,-671,-821,1067,1041
61421,mtk,MTK 7916,862128501,rx0-tx1,512,-686,-76,-268,-663,-574,-434,-258,-59,143,317,475,591,656,676,636,556,432,277,112,-65,-223,-376,-488,-559,-592,-585,-541,-457,-341,-207,-61,83,233,360,459,531,561,561,522,449,352,215,67,-86,-242,-374,-490,-570,-611,-619,-574,-480,-360,-212,-46,142,310,460,592,664,691,676,598,471,316,128,-74,-263,-444,-581,-685,-729,-722,-657,-540,-377,-190,9,209,402,550,658,724,727,674,572,427,247,52,-143,-337,-489,-606,-675,-698,-667,-588,-463,-305,-127,65,248,410,542,629,672,659,613,509,363,196,12,-162,-335,-474,-585,-655,-665,-633,-558,-425,-269,-85,100,279,439,564,651,-38,655,581,465,303,107,-81,-260,-423,-557,-644,-675,-657,-585,-464,-312,-133,56,246,405,536,626,666,647,580,465,315,143,-49,-239,-405,-525,-604,-651,-634,-560,-442,-292,-124,47,223,382,494,563,589,569,505,403,271,123,-48,-196,-321,-430,-493,-521,-501,-454,-372,-255,-126,16,143,264,363,432,474,475,438,363,272,158,30,-104,-227,-330,-413,-453,-450,-423,-348,-254,-147,-12,115,239,330,387,418,404,361,289,186,78,-48,-154,-244,-322,-366,-372,-341,-289,-208,-108,-2,106,203,276,322,327,313,253,168,62,-42,-139,-223,-275,-289,-262,-191,-101,1,91,154,183,-714,-544,0,-717,-526,146,117,50,-32,-115,-183,-223,-235,-218,-169,-101,-18,65,142,208,243,265,252,208,143,74,-2,-82,-153,-207,-237,-249,-238,-206,-155,-88,-17,58,123,169,203,209,205,192,149,105,67,12,-24,-59,-97,-120,-144,-156,-156,-153,-148,-134,-103,-69,-27,18,74,125,168,203,225,222,203,172,108,55,-10,-77,-133,-184,-222,-244,-245,-224,-197,-159,-100,-34,33,91,155,206,245,270,269,256,227,177,117,29,-55,-142,-219,-283,-326,-347,-338,-305,-240,-153,-63,32,142,233,304,359,378,377,341,285,198,93,-19,-124,-222,-311,-364,-398,-408,-379,-331,-242,-140,-23,-48,204,299,383,441,455,446,394,315,223,87,-43,-168,-306,-412,-485,-521,-520,-473,-390,-273,-134,10,172,314,422,511,560,562,520,437,326,183,34,-129,-270,-400,-496,-555,-574,-554,-496,-401,-272,-123,28,189,342,469,558,602,611,580,494,382,234,72,-105,-280,-431,-552,-637,-679,-667,-602,-491,-339,-167,29,222,408,562,673,738,745,691,586,428,234,18,-189,-391,-568,-694,-771,-780,-731,-626,-471,-277,-57,169,369,535,670,746,773,730,639,496,313,117,-90,-294,-471,-610,-704,-752,-735,-656,-534,-371,-181,27,229,420,571,678,736,738,670,556,404,216,18,-185,-5,-353,9,933,-851,254,430,574,667,713,684,613,501,344,174,-13,-194,-354,-487,-579,-634,-635,-589,-501,-371,-227,-70,84,234,368,473,543,570,565,525,438,334,199,63,-83,-226,-356,-466,-546,-576,-582,-545,-470,-358,-217,-67,94,264,408,524,606,656,650,586,491,350,174,-1,-197,-380,-529,-634,-706,-711,-672,-571,-429,-257,-62,135,328,500,632,711,737,709,622,485,326,131,-81,-278,-450,-588,-681,-720,-707,-638,-512,-361,-180,6,198,372,520,618,678,690,647,557,419,254,68,-117,-287,-451,-567,-647,-673,-650,-579,-464,-323,-146,41,213,385,522,617,671,663,616,512,373,200,634,-181,-356,-502,-615,-671,-668,-624,-532,-393,-219,-33,158,336,485,593,655,668,624,533,403,237,46,-142,-320,-469,-580,-648,-668,-626,-527,-386,-230,-46,147,322,456,558,612,619,580,485,354,200,34,-135,-288,-417,-503,-555,-563,-510,-437,-326,-192,-44,102,230,347,431,483,498,470,413,316,207,77,-54,-184,-292,-378,-443,-469,-453,-403,-328,-224,-93,39,170,287,363,421,444,420,362,272,166,46,-82,-189,-290,-357,-390,-389,-342,-287,-202,-96,18,125,220,295,338,350,328,273,193,90,-13,-112,-206,-275,-311,-305,-270,-202,-108,-5,102,184,233,242,206,139,53,560,739,0,29,460,-88,-148,-194,-208,-190,-137,-60,22,109,180,230,250,241,208,147,74,-2,-88,-157,-209,-242,-256,-243,-205,-144,-73,3,80,143,203,232,245,232,196,149,92,26,-25,-83,-127,-149,-168,-174,-166,-161,-133,-104,-75,-36,1,38,71,111,144,169,183,194,184,158,121,81,23,-43,-101,-168,-213,-233,-242,-230,-203,-157,-101,-36,30,94,145,199,234,254,252,237,206,160,109,41,-35,-104,-179,-234,-284,-309,-308,-293,-247,-184,-99,-7,92,187,271,328,356,371,351,290,213,116,13,-89,-183,-273,-348,-391,-399,-379,-335,-259,-164,-67,50,156,263,349,405,431,-1135,382,317,233,116,-4,-129,-253,-347,-428,-481,-478,-463,-407,-304,-181,-40,104,247,370,471,526,555,533,457,353,228,75,-81,-234,-360,-464,-531,-560,-552,-497,-410,-285,-144,10,165,308,434,520,570,586,569,499,387,243,89,-66,-234,-382,-502,-591,-637,-643,-595,-498,-368,-207,-27,161,338,495,613,688,715,688,610,474,300,105,-106,-305,-488,-637,-736,-774,-747,-673,-535,-359,-152,70,282,471,627,732,780,762,681,564,393,192,-24,-234,-418,-580,-687,-743,-749,-693,-583,-430,-251,-48,165,360,522,648,727,746,709,614,473,300,103,-109,-313,-476,-615,-698,-731,-712,718,628
61422,mtk,MTK 7916,862128501,rx1-tx0,512,0,-349,178,-103,50,196,336,463,539,593,606,577,503,383,234,63,-117,-286,-447,-576,-673,-727,-719,-656,-534,-366,-164,55,274,495,667,788,851,847,778,638,452,228,-25,-283,-519,-718,-861,-936,-937,-859,-720,-511,-260,6,275,527,737,878,960,966,892,745,542,304,35,-227,-463,-673,-819,-916,-937,-896,-780,-607,-392,-143,115,366,589,768,892,948,930,837,678,478,231,-27,-295,-530,-731,-882,-940,-931,-859,-716,-522,-285,-25,238,471,680,828,898,911,847,714,529,301,64,-197,-431,-627,-762,-839,-851,-792,-666,-505,-292,-73,147,355,534,660,731,745,699,606,462,292,100,-277,-262,-415,-528,-604,-616,-604,-533,-443,-323,-180,-32,122,265,374,463,516,542,534,481,400,287,157,17,-129,-270,-384,-471,-530,-556,-536,-476,-382,-264,-128,31,166,306,424,515,572,588,556,500,389,248,89,-79,-239,-401,-534,-623,-691,-679,-634,-533,-377,-186,32,254,453,635,757,821,810,733,590,391,145,-115,-370,-592,-761,-865,-881,-827,-687,-488,-252,14,266,481,653,769,812,765,648,494,305,88,-128,-330,-496,-612,-669,-660,-601,-490,-339,-158,24,199,344,467,536,551,521,449,327,185,22,-141,-275,-392,-458,-474,-446,-363,-228,-66,89,228,318,354,326,247,-134,-292,0,634,-378,2,-27,-49,-66,-80,-80,-74,-58,-36,-4,28,52,83,100,113,117,100,82,56,17,-13,-48,-91,-118,-129,-139,-139,-129,-109,-78,-35,11,52,95,143,177,201,223,209,181,137,79,12,-61,-138,-214,-273,-323,-333,-308,-267,-199,-99,16,140,253,357,430,466,450,400,313,174,27,-134,-283,-399,-491,-530,-529,-486,-376,-244,-84,78,232,375,479,538,549,513,431,301,156,1,-153,-284,-399,-466,-491,-477,-433,-348,-225,-100,35,151,252,334,381,401,379,337,279,193,107,25,-57,-139,-209,-260,-294,-319,-325,-312,-275,-220,-158,-86,3,93,186,277,340,379,489,390,342,270,168,49,-71,-192,-306,-388,-439,-472,-463,-421,-336,-231,-97,50,189,313,412,491,531,530,480,396,282,134,-17,-168,-316,-430,-513,-559,-560,-523,-441,-322,-180,-34,122,276,403,500,552,565,550,473,369,247,91,-52,-202,-337,-448,-521,-562,-575,-526,-452,-350,-219,-69,83,235,365,478,559,608,603,567,474,349,189,6,-166,-344,-500,-619,-690,-707,-672,-570,-412,-230,-26,182,372,530,636,698,699,644,535,387,209,15,-158,-322,-466,-558,-607,-610,-576,-488,-372,-243,-94,56,202,332,424,495,534,528,497,423,326,214,82,-50,-182,-304,-415,-482,-520,-391,-31,0,-130,64,557,566,534,475,366,234,94,-71,-235,-393,-517,-608,-657,-664,-613,-520,-377,-216,-20,180,376,548,680,769,792,760,666,503,310,78,-158,-402,-606,-771,-869,-908,-869,-765,-601,-379,-121,152,409,635,820,930,968,931,821,642,410,153,-127,-391,-621,-797,-914,-966,-924,-834,-669,-464,-217,39,296,526,711,851,928,934,869,740,552,327,64,-200,-454,-661,-825,-922,-952,-910,-790,-622,-387,-125,132,392,616,789,900,941,903,799,641,415,168,-88,-339,-556,-731,-839,-889,-869,-774,-613,-411,-181,64,300,497,654,768,801,785,709,571,390,188,-27,-218,-400,-543,-637,-678,315,-609,-511,-384,-220,-49,120,277,395,497,555,579,562,499,406,298,162,29,-122,-256,-369,-458,-516,-543,-529,-477,-386,-279,-149,-4,149,285,401,485,547,560,535,483,388,263,118,-43,-192,-333,-468,-556,-615,-627,-601,-528,-398,-251,-66,142,321,504,643,737,775,734,643,492,297,68,-177,-408,-617,-770,-859,-864,-796,-647,-453,-199,65,325,557,723,831,862,805,680,506,285,42,-210,-414,-574,-688,-733,-716,-640,-505,-327,-127,71,250,407,524,591,602,559,470,344,187,17,-147,-299,-422,-490,-524,-489,-417,-304,-150,7,159,297,397,436,417,339,214,70,-72,-170,352,239,0,-405,-390,-57,-62,-48,-33,-9,20,45,65,85,101,97,89,69,38,11,-28,-60,-85,-115,-127,-122,-121,-106,-75,-45,-9,36,75,112,140,164,169,165,161,130,79,32,-29,-91,-143,-200,-244,-267,-264,-245,-202,-141,-61,42,134,222,314,381,409,396,345,263,145,5,-141,-270,-395,-476,-506,-505,-442,-346,-216,-50,103,265,397,488,540,544,506,412,275,119,-43,-197,-340,-448,-510,-530,-498,-432,-328,-189,-48,92,220,338,411,447,448,406,345,253,149,34,-73,-156,-238,-297,-329,-337,-332,-306,-261,-195,-132,-59,21,102,180,243,293,332,346,339,314,255,170,78,-571,-136,-238,-328,-396,-431,-443,-417,-350,-246,-136,-16,120,247,364,443,501,508,479,411,312,191,43,-109,-253,-369,-467,-534,-553,-535,-464,-356,-231,-83,74,228,359,468,534,563,559,501,411,284,135,-14,-174,-321,-426,-513,-553,-546,-524,-455,-355,-223,-86,68,217,342,455,536,577,579,536,459,350,212,52,-119,-277,-425,-537,-630,-659,-644,-588,-474,-315,-126,67,260,444,589,682,722,700,621,484,316,126,-76,-273,-443,-571,-654,-678,-643,-576,-453,-305,-137,29,196,346,448,525,567,563,525,444,341,224,83,-56,-187,-309,-400,-476,-517,-516,-487,-431,-340,-215,-88,-639,-753
61423,mtk,MTK 7916,862128501,rx1-tx1,512,0,0,0,-296,29,353,589,680,605,374,50,-285,-550,-679,-645,-448,-139,199,473,628,627,464,180,-136,-406,-572,-586,-450,-205,96,364,527,555,435,189,-105,-361,-523,-552,-426,-182,105,363,527,562,442,205,-95,-376,-555,-584,-467,-228,79,374,580,636,521,266,-52,-362,-588,-662,-573,-341,-19,311,562,663,589,379,70,-259,-518,-646,-601,-410,-117,203,468,614,598,428,146,-172,-444,-609,-617,-456,-185,132,423,605,625,496,241,-75,-372,-577,-639,-536,-304,1,298,516,616,564,368,78,-225,-462,-590,-570,-409,-147,136,381,532,551,432,209,-53,-292,-453,-498,-421,-245,-8,0,353,410,359,216,27,-154,-280,-329,-284,-161,7,165,270,290,221,89,-72,-216,-302,-304,-219,-66,119,282,372,359,244,65,-141,-333,-447,-443,-328,-120,125,360,511,525,410,202,-64,-340,-543,-609,-523,-307,-17,290,542,668,634,436,132,-205,-502,-690,-711,-555,-264,87,429,683,770,671,410,55,-310,-614,-788,-776,-576,-247,130,487,733,809,705,435,70,-301,-603,-767,-762,-584,-281,75,403,639,726,641,420,118,-197,-462,-622,-633,-505,-277,0,271,472,556,519,373,152,-86,-293,-437,-482,-420,-276,-83,112,280,384,409,357,242,99,-48,-172,-253,-285,-268,-211,0,0,0,0,0,-283,-354,-373,-333,-222,-50,149,334,486,564,531,394,173,-97,-358,-563,-665,-632,-458,-188,131,438,658,736,650,423,103,-249,-553,-736,-745,-593,-304,67,425,685,794,717,456,84,-309,-641,-819,-805,-605,-251,177,569,827,893,751,419,-25,-469,-798,-938,-868,-583,-148,316,713,939,935,710,323,-149,-595,-895,-968,-804,-443,22,485,829,967,869,548,87,-384,-770,-963,-910,-635,-196,300,717,958,967,720,282,-217,-668,-966,-1023,-824,-406,124,619,969,1086,943,557,28,-521,-960,-1160,-1078,-738,-215,372,877,1179,1201,931,437,-166,-735,-1133,-1261,-1085,-651,-56,543,1003,1222,0,800,247,-357,-865,-1160,-1169,-885,-388,208,747,1093,1165,955,505,-79,-638,-1041,-1186,-1024,-604,-42,535,988,1196,1099,726,173,-430,-926,-1190,-1167,-859,-333,275,815,1151,1199,958,479,-114,-671,-1066,-1199,-1032,-608,-45,523,945,1128,1029,672,160,-379,-825,-1052,-997,-691,-215,310,751,985,962,691,239,-277,-716,-971,-978,-729,-290,226,683,960,1003,797,383,-125,-598,-923,-1016,-862,-496,-4,483,851,1012,913,591,135,-345,-735,-943,-914,-661,-253,195,580,824,853,667,322,-89,-459,-695,-749,-610,-322,34,367,597,661,547,294,-32,-338,-549,-609,-499,-258,56,348,539,598,504,264,0,0,0,0,0,-593,-672,-573,-334,-11,317,572,680,625,416,96,-241,-515,-663,-645,-464,-172,155,435,601,609,467,206,-108,-384,-551,-573,-445,-193,100,357,530,562,428,181,-100,-358,-527,-557,-437,-193,95,363,546,575,453,206,-101,-375,-559,-602,-492,-244,73,369,570,632,536,296,-26,-344,-576,-660,-579,-358,-54,268,533,654,603,399,97,-228,-495,-623,-596,-427,-139,188,456,603,596,437,165,-150,-436,-612,-618,-469,-210,106,398,595,651,534,278,-32,-335,-561,-639,-561,-346,-46,263,500,611,572,387,122,-178,-427,-566,-567,-424,-178,99,342,495,525,427,232,-19,-254,-413,-466,0,-238,-29,176,317,363,313,191,18,-154,-270,-307,-253,-125,34,185,284,302,227,76,-101,-252,-341,-337,-238,-64,132,303,399,391,281,87,-151,-349,-472,-486,-376,-160,109,358,524,564,473,256,-38,-324,-545,-643,-583,-368,-63,258,520,668,667,501,203,-156,-478,-683,-733,-609,-338,25,387,661,783,721,494,153,-231,-565,-769,-800,-645,-344,35,405,683,805,747,521,179,-194,-516,-715,-754,-628,-365,-32,303,567,687,650,472,204,-98,-371,-552,-604,-518,-332,-82,180,393,504,505,404,221,4,-206,-368,-444,-424,-327,-171,8,170,291,353,349,291,192,79,-27,-116,0,0,0,0,0,152,35,-107,-257,-388,-472,-478,-398,-233,-15,225,445,587,617,523,321,45,-254,-516,-676,-693,-566,-314,11,343,602,730,705,522,214,-151,-492,-721,-779,-653,-383,-19,363,666,807,756,528,173,-245,-608,-827,-854,-675,-330,100,518,812,920,812,506,69,-389,-757,-948,-913,-653,-233,241,660,921,956,764,393,-89,-548,-868,-974,-841,-498,-36,437,800,970,894,586,137,-343,-740,-961,-940,-677,-244,261,699,958,983,767,354,-162,-647,-974,-1055,-885,-489,47,581,964,1121,1009,647,112,-461,-928,-1176,-1148,-843,-329,275,817,1172,1246,1021,550,-49,-636,-1073,-1251,-1129,-733,-152,0,938,1196,1163,844,319,-269,-796,-1128,-1165,-918,-444,142,688,1057,1168,987,550,-29,-596,-1017,-1186,-1056,-668,-109,488,961,1195,1138,794,256,-346,-866,-1177,-1198,-918,-411,198,751,1110,1201,1002,553,-36,-600,-1015,-1171,-1031,-651,-116,450,887,1093,1021,693,196,-344,-784,-1013,-976,-687,-219,304,738,978,967,701,254,-258,-705,-972,-993,-762,-339,175,644,956,1025,840,442,-62,-549,-901,-1024,-894,-546,-70,414,797,980,914,627,202,-264,-659,-878,-882,-669,-297,133,513,756,797,638,332,-53,-406,-637,-703,-580,-305,33,349,564,624,514,275,-35,-339,-550,-601,-492,-256,50,351,552,0,0
61424,mtk,MTK 7916,862128501,rx2-tx0,512,0,0,0,-312,269,798,1142,1200,955,462,-166,-766,-1180,-1312,-1121,-644,0,645,1138,1363,1242,806,170,-510,-1064,-1353,-1305,-932,-321,376,967,1313,1336,1018,440,-246,-862,-1265,-1344,-1075,-534,137,771,1209,1343,1129,618,-46,-697,-1171,-1338,-1160,-691,-45,616,1117,1331,1207,769,138,-516,-1037,-1289,-1208,-816,-220,432,958,1233,1182,829,269,-356,-883,-1171,-1142,-817,-285,318,834,1127,1119,814,286,-317,-827,-1124,-1118,-810,-291,314,841,1148,1149,852,330,-294,-854,-1188,-1220,-938,-406,238,829,1217,1295,1041,519,-141,-770,-1216,-1363,-1167,-667,5,673,1179,1387,1255,811,157,-537,-1101,-1386,-1324,-935,-317,388,0,1348,1359,1038,455,-241,-870,-1278,-1365,-1116,-580,105,759,1214,1372,1184,691,17,-657,-1169,-1392,-1265,-816,-155,550,1123,1424,1366,961,314,-417,-1048,-1425,-1459,-1126,-511,234,928,1397,1521,1275,716,-17,-752,-1311,-1550,-1402,-915,-206,558,1183,1521,1491,1094,438,-315,-988,-1425,-1517,-1234,-651,81,792,1308,1502,1330,831,142,-569,-1144,-1445,-1396,-1015,-394,323,956,1350,1425,1168,644,-26,-679,-1166,-1377,-1272,-870,-282,350,889,1214,1259,1015,544,-26,-566,-967,-1138,-1052,-734,-266,238,674,942,985,817,478,51,-365,-686,-852,-827,-628,-318,32,365,614,729,701,550,316,48,-198,-383,-480,-487,-421,0,0,0,0,0,2,-181,-361,-510,-593,-575,-451,-224,71,378,631,769,762,592,295,-75,-455,-760,-902,-849,-609,-222,225,643,931,1013,868,517,32,-471,-880,-1101,-1071,-785,-308,256,780,1137,1229,1036,600,2,-614,-1083,-1306,-1227,-857,-283,375,958,1320,1369,1091,549,-130,-788,-1262,-1438,-1275,-804,-133,566,1132,1433,1397,1025,401,-311,-938,-1335,-1417,-1157,-615,60,712,1182,1366,1207,749,125,-525,-1032,-1270,-1193,-819,-249,376,894,1172,1149,838,323,-267,-788,-1097,-1115,-841,-359,216,734,1059,1108,861,392,-180,-714,-1071,-1145,-932,-466,128,692,1092,1211,1030,584,-21,-628,-1085,-1272,-1139,-716,-116,521,1038,0,1233,851,256,-409,-968,-1288,-1289,-961,-385,289,893,1271,1333,1057,504,-178,-822,-1260,-1376,-1147,-628,59,744,1242,1432,1265,775,77,-642,-1202,-1462,-1366,-930,-252,491,1115,1460,1437,1056,414,-331,-994,-1399,-1450,-1145,-565,160,843,1297,1423,1188,658,-25,-693,-1182,-1361,-1192,-717,-70,588,1088,1299,1170,746,130,-501,-990,-1230,-1150,-767,-199,411,908,1169,1116,778,248,-341,-833,-1103,-1088,-793,-296,265,747,1026,1033,769,317,-202,-657,-935,-958,-728,-308,176,605,862,883,663,270,-191,-596,-837,-843,-615,-217,238,624,845,837,598,193,-276,-669,-887,-877,-627,-196,301,721,963,954,683,230,0,0,0,0,0,-1101,-1129,-872,-379,228,793,1169,1259,1038,547,-92,-712,-1168,-1346,-1189,-725,-82,586,1112,1357,1273,879,255,-440,-1024,-1344,-1319,-966,-379,302,911,1291,1344,1052,494,-178,-810,-1236,-1349,-1107,-578,95,735,1188,1339,1148,659,-1,-659,-1147,-1336,-1183,-725,-84,572,1077,1312,1208,787,174,-476,-999,-1264,-1201,-829,-252,379,916,1210,1176,830,279,-333,-851,-1141,-1135,-824,-287,316,828,1117,1109,807,289,-311,-831,-1130,-1125,-823,-299,309,848,1168,1184,894,360,-280,-847,-1208,-1262,-990,-459,188,804,1226,1334,1100,588,-75,-729,-1206,-1381,-1213,-741,-74,615,1140,1388,1292,876,241,-464,-1051,-1378,-1364,0,-390,306,926,1311,1367,1075,516,-168,-812,-1252,-1368,-1142,-629,48,711,1200,1390,1231,754,88,-605,-1152,-1408,-1314,-892,-231,494,1094,1424,1404,1040,412,-328,-996,-1416,-1486,-1200,-613,135,850,1360,1542,1347,817,89,-658,-1247,-1533,-1452,-1015,-323,438,1090,1476,1505,1164,544,-198,-894,-1371,-1512,-1284,-743,-27,685,1236,1484,1370,922,257,-459,-1059,-1406,-1409,-1088,-518,176,821,1269,1419,1228,757,128,-524,-1038,-1307,-1275,-952,-429,181,739,1106,1209,1037,644,125,-406,-823,-1044,-1028,-786,-379,91,521,816,924,832,567,195,-201,-536,-746,-793,-685,-453,-145,172,432,596,643,575,425,235,44,-120,0,0,0,0,0,425,436,369,216,1,-246,-483,-652,-709,-636,-429,-120,233,560,783,847,732,464,84,-344,-707,-922,-940,-747,-378,91,560,915,1065,974,653,169,-369,-841,-1129,-1156,-911,-447,137,698,1116,1285,1149,735,137,-499,-1026,-1321,-1306,-978,-413,259,883,1300,1408,1186,680,2,-680,-1206,-1449,-1343,-911,-266,441,1037,1389,1418,1096,510,-191,-833,-1267,-1394,-1188,-701,-36,621,1104,1313,1202,798,196,-440,-950,-1217,-1178,-840,-292,321,834,1123,1131,848,346,-244,-759,-1069,-1100,-848,-371,202,724,1058,1122,892,428,-151,-699,-1070,-1173,-971,-514,78,665,1091,1249,1087,650,45,-574,-1065,-1290,-1187,-789,0,461,1000,1285,1254,911,333,-338,-927,-1277,-1305,-1007,-448,231,853,1266,1354,1095,559,-122,-785,-1260,-1414,-1209,-693,2,699,1224,1450,1315,849,167,-571,-1170,-1478,-1416,-1000,-332,419,1063,1437,1453,1112,495,-242,-919,-1359,-1447,-1175,-619,93,774,1244,1394,1195,698,29,-638,-1134,-1331,-1179,-729,-104,546,1045,1260,1151,751,160,-469,-970,-1210,-1135,-774,-221,378,874,1138,1105,781,268,-298,-781,-1058,-1057,-781,-316,223,695,974,993,751,327,-176,-628,-899,-916,-691,-293,177,592,844,854,632,247,-211,-609,-835,-833,-602,-201,258,654,870,848,602,191,-284,-697,-929,-918,-654,-203,308,748,993,0,0
61425,mtk,MTK 7916,862128501,rx2-tx1,512,0,0,0,-551,-981,-1168,-1067,-695,-140,450,931,1192,1155,835,308,-299,-833,-1156,-1189,-929,-444,145,697,1068,1170,980,550,-18,-568,-965,-1112,-979,-597,-71,466,874,1044,943,607,115,-406,-813,-995,-910,-587,-104,403,798,981,897,566,82,-428,-828,-1012,-930,-595,-100,426,850,1061,995,660,150,-411,-871,-1108,-1058,-738,-221,361,854,1122,1109,806,284,-314,-845,-1167,-1182,-888,-369,258,841,1213,1273,1013,488,-170,-794,-1229,-1372,-1173,-678,-5,683,1202,1429,1307,879,234,-475,-1066,-1396,-1388,-1040,-437,263,894,1312,1405,1159,642,-20,-672,-1153,-1351,-1218,-799,-201,443,951,1212,1189,886,373,-214,-735,0,-1101,-882,-459,52,531,850,945,800,454,1,-420,-715,-818,-699,-395,1,382,655,754,642,358,-18,-380,-636,-717,-594,-302,71,424,666,729,583,266,-134,-509,-764,-820,-651,-295,155,583,891,981,820,444,-63,-586,-989,-1157,-1042,-677,-134,472,972,1249,1229,920,388,-248,-843,-1254,-1370,-1156,-674,-30,641,1171,1425,1345,958,358,-333,-955,-1361,-1458,-1220,-711,-49,614,1138,1403,1352,999,441,-197,-772,-1160,-1287,-1129,-730,-182,382,833,1078,1077,839,433,-43,-496,-810,-921,-837,-577,-197,208,539,739,775,645,388,63,-260,-513,-655,-659,-535,-326,-70,174,361,473,491,427,315,169,0,0,0,0,0,319,441,507,498,403,226,-5,-250,-467,-609,-633,-533,-328,-53,239,486,639,656,521,271,-41,-344,-577,-679,-619,-417,-113,218,501,679,692,535,241,-113,-442,-676,-749,-642,-379,-16,360,653,800,749,521,160,-249,-607,-818,-830,-647,-298,127,522,798,879,744,434,7,-431,-761,-897,-821,-541,-124,325,691,895,894,664,268,-189,-607,-868,-911,-732,-371,83,516,816,912,782,457,19,-421,-753,-895,-810,-518,-92,350,704,884,837,582,176,-286,-675,-892,-893,-675,-283,182,599,865,924,758,395,-62,-500,-808,-920,-801,-478,-37,402,744,903,828,543,133,-319,-685,-875,-850,0,-221,227,616,850,873,675,299,-144,-547,-805,-856,-692,-363,58,458,730,809,671,352,-57,-445,-718,-808,-671,-353,50,448,737,837,713,393,-33,-466,-787,-899,-785,-466,-26,420,775,933,852,550,114,-359,-743,-934,-882,-601,-171,303,699,911,883,624,201,-270,-680,-913,-892,-636,-218,265,681,924,920,673,240,-262,-699,-957,-968,-725,-293,223,689,980,1024,802,362,-170,-665,-996,-1085,-904,-479,85,622,1003,1145,1000,604,45,-526,-961,-1161,-1070,-716,-189,386,863,1118,1086,786,284,-284,-771,-1064,-1091,-831,-362,193,695,1021,1077,859,421,-128,-644,-988,-1082,-900,-487,51,576,0,0,0,0,0,1024,631,76,-504,-963,-1190,-1124,-772,-220,382,884,1173,1176,886,380,-219,-762,-1109,-1178,-955,-501,71,627,1021,1145,979,568,28,-509,-913,-1081,-966,-605,-100,425,835,1013,917,594,115,-394,-795,-979,-896,-570,-95,407,802,985,906,574,84,-435,-850,-1040,-959,-632,-123,428,870,1098,1031,698,188,-384,-870,-1123,-1089,-779,-263,340,855,1142,1135,837,322,-293,-848,-1190,-1225,-943,-420,219,828,1234,1328,1088,574,-89,-739,-1220,-1405,-1256,-781,-108,580,1135,1423,1362,961,330,-374,-983,-1356,-1399,-1102,-540,148,795,1238,1385,1195,719,82,-563,-1067,-1303,-1222,-855,-288,326,843,1147,1167,900,0,-120,-619,-947,-1025,-844,-466,11,469,786,885,752,425,11,-390,-684,-785,-679,-389,4,384,648,720,601,330,-39,-404,-646,-709,-578,-279,106,471,720,771,604,274,-144,-551,-823,-892,-729,-360,128,613,958,1067,923,544,14,-542,-989,-1212,-1147,-800,-244,378,920,1262,1312,1050,531,-129,-772,-1235,-1420,-1275,-824,-178,504,1082,1414,1419,1108,539,-150,-799,-1264,-1452,-1319,-882,-256,403,960,1303,1343,1088,605,12,-565,-1001,-1197,-1121,-806,-330,197,658,949,1016,856,522,86,-342,-676,-841,-814,-618,-299,73,411,642,726,662,468,192,-107,-368,-539,-603,-557,-421,-230,-27,152,275,333,0,0,0,0,0,-296,-176,-6,194,386,534,597,559,414,181,-95,-361,-562,-649,-607,-442,-173,133,416,604,655,575,358,48,-280,-540,-674,-654,-479,-190,159,474,670,719,592,313,-46,-403,-667,-769,-693,-448,-94,306,636,808,793,587,223,-194,-569,-803,-849,-686,-354,63,474,776,891,784,481,58,-383,-729,-904,-856,-600,-191,270,655,886,911,705,317,-139,-553,-842,-919,-761,-416,28,463,780,895,787,480,56,-387,-731,-888,-819,-545,-138,314,693,890,864,625,237,-224,-634,-888,-921,-717,-339,122,547,840,930,787,444,-8,-457,-781,-908,-815,-516,-84,359,717,894,843,582,177,-275,0,-868,-866,-646,-252,201,587,825,859,675,330,-101,-508,-773,-831,-680,-357,56,452,727,804,662,345,-58,-452,-735,-814,-677,-367,48,458,766,879,750,431,-2,-447,-785,-921,-816,-506,-75,386,753,935,873,583,139,-331,-722,-925,-877,-606,-186,289,686,901,886,631,206,-272,-678,-908,-899,-648,-220,267,689,939,940,687,257,-240,-678,-954,-993,-763,-334,191,674,992,1060,851,416,-131,-654,-1018,-1125,-947,-532,15,573,996,1164,1042,661,118,-451,-909,-1142,-1091,-763,-239,333,817,1094,1088,808,332,-229,-732,-1046,-1080,-838,-389,155,663,1002,1083,877,447,-97,-622,-983,-1091,-936,0,0
61426,mtk,MTK 7916,862163086,rx0-tx0,512,-330,688,-719,-524,-232,100,419,688,900,1013,1010,920,733,470,173,-142,-448,-703,-889,-985,-993,-899,-708,-456,-171,147,448,710,900,1002,1012,912,710,455,150,-178,-484,-741,-930,-1026,-1013,-910,-705,-443,-110,222,526,780,956,1025,996,872,656,378,68,-257,-548,-782,-933,-994,-963,-834,-626,-361,-65,243,522,741,905,967,936,827,627,358,66,-243,-523,-749,-906,-972,-931,-804,-589,-324,-16,295,562,771,899,931,867,718,496,236,-49,-321,-548,-718,-815,-831,-766,-627,-425,-190,44,284,484,637,731,743,694,576,405,191,-27,-240,-434,-582,-679,-702,-667,-566,-419,-228,-10,212,399,553,-26,692,677,573,424,226,11,-211,-418,-584,-686,-739,-706,-600,-428,-216,18,258,473,635,734,767,709,585,402,169,-80,-326,-545,-698,-783,-773,-696,-545,-334,-83,163,398,596,740,803,757,654,479,270,16,-245,-469,-650,-768,-792,-735,-607,-411,-172,94,351,580,733,801,792,699,514,273,12,-264,-518,-679,-775,-780,-682,-519,-299,-33,214,441,593,670,660,580,431,245,56,-150,-312,-431,-489,-483,-431,-345,-227,-92,38,153,248,305,322,325,288,230,156,59,-38,-120,-185,-239,-262,-260,-235,-185,-113,-34,54,134,203,244,253,228,170,83,-21,-117,-189,-214,-200,-149,834,845,510,774,-162,-81,-144,-202,-220,-209,-154,-67,29,127,201,254,279,262,220,157,63,-38,-131,-214,-292,-335,-346,-324,-255,-160,-38,103,241,366,455,504,489,428,312,137,-68,-260,-449,-602,-693,-700,-628,-485,-253,20,298,551,766,886,907,822,625,355,38,-315,-633,-880,-1034,-1082,-980,-782,-479,-113,270,629,928,1106,1169,1091,889,583,214,-186,-557,-873,-1091,-1185,-1151,-983,-712,-367,37,412,751,1007,1143,1160,1056,834,518,158,-220,-574,-853,-1052,-1146,-1110,-950,-697,-379,-9,349,664,919,1070,1110,1031,854,589,252,-105,-446,-735,-957,-1076,-1076,-969,-760,-480,-147,200,521,792,973,1053,301,898,684,404,73,-245,-555,-804,-966,-1038,-1011,-881,-669,-384,-65,270,585,842,1011,1086,1052,903,679,367,11,-332,-658,-917,-1074,-1116,-1050,-890,-636,-312,38,381,700,938,1090,1128,1068,890,628,316,-42,-394,-716,-968,-1137,-1181,-1113,-935,-659,-310,66,449,800,1050,1202,1254,1170,957,654,285,-129,-523,-865,-1132,-1270,-1280,-1165,-918,-571,-178,245,624,949,1179,1270,1232,1072,814,455,66,-318,-684,-974,-1153,-1210,-1151,-981,-708,-371,-3,362,681,938,1100,1143,1070,896,633,313,-28,-373,-678,-907,-1051,-1081,-1010,-833,-588,-288,45,377,667,889,1006,1047,973,804,552,246,-84,-399,-672,-6,277,-82,-517,-58,884,1007,1033,933,753,497,187,-130,-435,-705,-896,-996,-1004,-908,-718,-463,-166,140,451,704,886,988,994,898,717,461,164,-155,-468,-717,-904,-1015,-1019,-908,-713,-447,-129,193,504,763,951,1048,1017,893,686,405,90,-233,-538,-791,-949,-1020,-986,-853,-637,-363,-56,253,540,764,911,972,947,819,631,373,72,-230,-510,-751,-900,-965,-942,-821,-620,-353,-45,261,531,757,904,965,907,763,549,277,-17,-306,-558,-749,-863,-890,-813,-661,-454,-210,53,303,520,681,762,786,732,595,415,183,-41,-264,-456,-615,-701,-714,-668,-559,-404,-207,9,219,407,553,657,699,668,567,432,628,11,-210,-413,-563,-672,-710,-684,-586,-422,-227,-4,233,438,607,710,753,713,597,409,194,-49,-292,-495,-664,-755,-765,-704,-564,-363,-127,132,363,569,711,780,763,677,514,308,43,-207,-432,-614,-729,-787,-751,-634,-460,-226,37,285,515,686,788,807,738,588,357,99,-167,-426,-637,-760,-807,-773,-629,-411,-167,118,372,574,705,746,701,574,379,153,-82,-295,-469,-558,-593,-556,-455,-322,-151,13,157,278,361,399,396,349,275,166,65,-36,-137,-204,-260,-289,-283,-247,-198,-131,-48,32,111,179,223,250,249,220,159,76,-18,-111,-187,-236,-245,-213,-141,-49,46,127,117,-105,-82,752,-818,-163,-138,-67,18,112,195,244,257,231,173,95,-1,-96,-174,-244,-291,-298,-272,-227,-150,-51,54,170,274,354,405,415,375,293,164,4,-164,-317,-467,-578,-608,-571,-476,-310,-93,157,391,603,749,804,771,653,448,162,-145,-459,-722,-904,-1004,-986,-825,-564,-237,133,490,785,1012,1120,1100,951,688,339,-38,-431,-774,-1025,-1165,-1161,-1033,-789,-460,-86,304,668,943,1128,1179,1099,914,610,246,-136,-500,-812,-1032,-1140,-1134,-998,-763,-465,-103,271,618,881,1064,1136,1075,918,649,312,-50,-401,-703,-946,-1083,-1096,-999,-806,-534,-195,155,493,772,966,1068,1050,934,715,426,99,-176,-539,-791,-969,-1042,-1010,-889,-664,-389,-78,253,561,815,986,1057,1036,905,678,382,51,-302,-620,-884,-1064,-1115,-1066,-916,-666,-332,27,380,690,941,1087,1120,1048,878,618,299,-53,-394,-711,-949,-1106,-1152,-1082,-904,-646,-319,49,411,739,1007,1168,1213,1149,944,645,304,-81,-475,-825,-1080,-1243,-1272,-1168,-951,-629,-239,170,575,928,1173,1292,1276,1125,870,513,106,-299,-667,-974,-1181,-1244,-1199,-1030,-752,-401,-25,344,685,956,1117,1173,1106,936,678,343,-17,-370,-678,-925,-1069,-1107,-1043,-862,-612,-294,44,378,668,882,1023,1065,994,824,563,264,-58,-387,-668,-887,-1013,-1039,-957,-785,1067,1041
61427,mtk,MTK 7916,862163086,rx0-tx1,512,-686,-76,-268,181,378,551,660,701,675,565,408,208,-5,-217,-407,-546,-628,-644,-590,-490,-344,-167,29,207,356,475,550,574,541,459,335,191,18,-143,-295,-428,-519,-562,-558,-490,-392,-256,-85,94,261,406,521,588,604,559,457,310,132,-64,-259,-436,-572,-657,-670,-618,-499,-343,-136,82,299,494,626,697,706,639,506,315,102,-125,-343,-528,-660,-727,-713,-630,-481,-285,-69,159,378,550,666,716,689,597,445,247,26,-188,-390,-552,-651,-682,-656,-560,-406,-216,-5,203,388,535,630,657,634,534,384,191,-15,-220,-400,-548,-634,-664,-625,-516,-356,-169,45,253,429,572,647,657,-38,485,308,107,-97,-308,-491,-612,-661,-653,-574,-434,-254,-41,171,368,525,632,670,630,528,367,169,-47,-249,-427,-564,-645,-653,-583,-457,-286,-87,120,319,475,578,621,589,497,360,179,-15,-206,-365,-491,-566,-569,-524,-424,-272,-94,77,245,375,469,510,500,437,335,208,50,-112,-249,-350,-434,-472,-445,-386,-292,-163,-21,130,263,358,430,445,422,341,231,96,-52,-192,-310,-389,-426,-419,-356,-253,-130,5,134,252,341,385,376,329,251,140,15,-103,-214,-297,-338,-340,-299,-222,-114,0,118,215,280,313,297,239,144,33,-83,-183,-250,-264,-232,-153,-51,47,121,-714,-544,0,-717,-526,-140,-93,-12,79,157,212,232,210,148,60,-34,-127,-198,-242,-249,-228,-177,-97,-15,76,155,212,244,250,224,162,90,11,-76,-152,-199,-229,-231,-212,-163,-100,-23,44,95,141,168,178,167,145,113,75,33,-3,-40,-85,-114,-144,-163,-167,-165,-137,-99,-53,15,74,135,188,214,226,213,170,112,42,-30,-107,-171,-212,-241,-245,-219,-177,-119,-51,27,95,163,215,254,261,251,220,163,82,-6,-100,-186,-263,-309,-324,-313,-264,-184,-90,28,144,239,309,358,363,321,264,169,53,-64,-177,-279,-343,-375,-385,-348,-263,-163,-44,82,202,308,377,419,412,367,-48,163,32,-103,-235,-345,-427,-462,-454,-405,-308,-172,-18,138,290,409,489,519,501,421,306,144,-30,-201,-353,-467,-535,-552,-507,-410,-276,-107,64,228,382,486,549,557,518,422,280,116,-59,-234,-392,-511,-582,-594,-552,-447,-305,-131,56,247,411,545,630,639,595,496,340,146,-64,-268,-457,-594,-683,-706,-652,-532,-360,-140,94,321,518,655,729,734,665,521,320,87,-160,-395,-586,-718,-780,-753,-639,-474,-258,-12,233,449,615,729,757,712,594,427,205,-34,-262,-468,-627,-721,-746,-688,-564,-382,-165,75,300,498,647,723,727,651,519,337,111,-128,-345,-532,-658,-717,-5,-353,9,933,-851,692,602,452,250,29,-202,-404,-556,-650,-675,-633,-528,-370,-186,23,219,385,512,590,609,561,467,334,170,-7,-182,-334,-449,-529,-559,-535,-470,-364,-216,-57,119,281,409,516,572,575,526,428,285,113,-74,-254,-416,-538,-613,-631,-591,-488,-334,-145,68,276,454,592,677,687,638,515,337,129,-97,-319,-509,-644,-714,-715,-641,-497,-310,-83,147,363,542,661,716,704,618,464,270,44,-183,-388,-550,-659,-695,-667,-576,-423,-231,-20,190,389,542,639,673,643,547,400,205,-3,-212,-400,-546,-636,-663,-624,-527,-373,-184,20,230,416,553,636,664,608,502,344,141,-66,634,-465,-596,-655,-661,-602,-469,-278,-70,135,339,501,618,665,644,552,405,214,-1,-214,-403,-552,-641,-665,-612,-501,-334,-139,83,288,460,581,635,626,543,405,229,26,-178,-353,-492,-579,-601,-560,-457,-315,-132,51,219,372,490,538,534,478,370,233,74,-89,-242,-362,-453,-496,-477,-403,-308,-184,-30,123,247,353,423,457,442,370,266,133,-15,-158,-287,-383,-440,-445,-399,-309,-192,-51,96,235,330,390,405,372,304,199,70,-59,-173,-276,-343,-367,-345,-293,-194,-81,43,156,250,307,326,304,236,146,36,-82,-188,-263,-294,-278,-216,-115,-3,105,184,214,196,144,560,739,0,29,460,100,160,198,194,149,76,-18,-113,-194,-239,-247,-221,-159,-78,16,101,182,232,252,245,201,138,60,-27,-121,-189,-227,-242,-234,-189,-130,-54,26,102,165,203,218,198,166,123,72,18,-31,-71,-110,-140,-154,-158,-150,-127,-98,-72,-28,16,63,117,157,191,205,195,170,115,47,-21,-98,-166,-211,-239,-244,-226,-175,-114,-47,35,108,170,212,239,244,227,189,141,68,-10,-90,-164,-232,-273,-289,-277,-242,-176,-86,11,113,209,279,331,351,327,267,182,77,-51,-160,-254,-335,-372,-374,-343,-272,-167,-55,67,197,298,365,402,394,350,270,160,33,-104,-226,-1135,-403,-435,-428,-379,-289,-170,-26,115,247,371,454,487,479,420,311,168,5,-164,-314,-437,-524,-542,-514,-425,-297,-133,45,223,368,485,550,557,515,414,272,108,-68,-242,-402,-505,-562,-572,-532,-436,-293,-119,62,242,398,521,592,613,570,468,325,138,-63,-245,-424,-561,-644,-661,-620,-510,-345,-149,72,288,477,627,715,725,666,530,340,117,-125,-359,-559,-699,-765,-761,-667,-504,-292,-50,208,431,608,729,772,730,616,447,227,-15,-252,-457,-619,-723,-744,-696,-580,-398,-182,53,282,478,633,720,740,676,549,357,136,-99,-321,-507,-650,-729,-719,-643,-497,-306,-82,718,628
61428,mtk,MTK 7916,862163086,rx1-tx0,512,0,-349,178,584,625,602,519,378,202,-3,-211,-397,-562,-677,-717,-701,-603,-452,-247,-7,238,473,665,792,846,813,691,492,247,-39,-333,-606,-807,-933,-971,-887,-720,-470,-162,156,472,741,940,1039,1028,915,687,398,57,-285,-602,-858,-1020,-1088,-1021,-858,-602,-294,49,381,664,895,1034,1054,979,803,547,249,-83,-412,-691,-908,-1028,-1049,-958,-778,-519,-209,129,460,734,933,1041,1054,946,742,464,138,-203,-517,-785,-957,-1039,-1013,-885,-661,-361,-42,279,572,810,966,1014,949,783,554,255,-50,-373,-639,-829,-927,-933,-838,-662,-406,-125,155,429,640,779,836,810,697,515,295,59,-192,-277,-579,-683,-725,-681,-580,-423,-239,-39,166,347,481,579,621,600,530,418,262,84,-101,-269,-419,-531,-599,-610,-554,-446,-297,-131,58,241,398,523,598,613,578,481,341,165,-25,-219,-402,-545,-638,-674,-643,-538,-398,-221,4,245,453,635,747,785,751,627,423,186,-90,-384,-630,-807,-899,-906,-803,-594,-311,7,324,610,840,960,960,864,650,377,43,-287,-577,-797,-900,-903,-804,-619,-371,-73,230,475,667,775,786,716,564,354,118,-126,-354,-534,-645,-679,-628,-507,-336,-137,73,275,437,540,574,540,436,279,89,-114,-289,-430,-499,-487,-396,-246,-63,125,263,337,330,-134,-292,0,634,-378,7,39,68,81,89,82,58,27,-7,-41,-75,-103,-111,-114,-100,-67,-31,10,53,87,123,146,154,135,114,72,26,-30,-84,-132,-177,-192,-201,-180,-148,-103,-32,44,120,196,251,276,282,256,192,102,1,-114,-230,-326,-383,-416,-388,-323,-196,-39,125,282,420,510,540,499,397,248,60,-143,-338,-486,-571,-608,-562,-446,-277,-77,132,327,486,577,608,568,463,292,109,-94,-285,-416,-528,-575,-541,-453,-322,-146,21,186,327,425,476,472,421,324,212,87,-53,-170,-259,-334,-369,-370,-346,-292,-212,-115,-27,79,180,268,337,363,375,346,289,204,83,-42,-179,489,-384,-450,-469,-434,-361,-239,-96,69,224,368,475,533,531,484,374,229,60,-123,-303,-441,-543,-594,-581,-500,-378,-219,-23,172,355,501,593,626,594,509,357,176,-28,-239,-408,-529,-618,-636,-594,-484,-328,-147,49,244,412,542,614,625,582,485,344,163,-33,-231,-398,-527,-616,-639,-618,-534,-390,-218,-17,185,389,557,667,727,701,605,439,231,-15,-259,-486,-656,-769,-801,-739,-608,-389,-137,129,370,571,715,788,762,662,499,272,37,-200,-406,-573,-674,-703,-662,-553,-393,-211,-10,190,355,489,570,606,583,507,387,229,61,-99,-270,-427,-527,-576,-582,-526,-434,-297,-391,-31,0,-130,64,160,-13,-206,-383,-530,-625,-673,-641,-563,-425,-228,-6,223,435,609,734,784,759,655,481,257,2,-269,-522,-724,-858,-914,-870,-725,-494,-218,102,413,675,887,998,1009,916,723,451,119,-219,-542,-808,-988,-1073,-1036,-895,-650,-347,3,355,653,891,1034,1072,993,826,581,263,-78,-405,-688,-887,-1006,-1041,-959,-792,-539,-225,106,432,704,909,1027,1051,957,767,499,187,-156,-486,-759,-954,-1051,-1032,-915,-704,-412,-90,246,548,801,966,1026,984,837,609,310,-16,-340,-611,-818,-944,-969,-906,-722,-480,-188,115,404,647,810,875,868,769,584,355,88,-181,-430,-621,-734,-779,-747,315,-446,-254,-36,190,384,538,628,661,634,540,406,242,50,-139,-302,-442,-545,-597,-587,-529,-425,-281,-107,81,259,412,521,590,607,555,459,317,146,-45,-234,-403,-527,-609,-636,-608,-509,-364,-187,12,228,426,569,683,736,699,596,430,205,-35,-293,-538,-716,-823,-858,-793,-623,-390,-113,190,494,746,904,961,905,750,497,180,-148,-459,-722,-891,-965,-899,-750,-502,-203,107,405,639,796,864,818,679,480,221,-45,-295,-513,-660,-731,-716,-616,-449,-239,-8,215,404,541,608,608,539,398,224,18,-180,-358,-480,-540,-525,-444,-299,-105,97,272,392,445,408,296,141,-24,352,239,0,-405,-390,68,66,42,16,-17,-51,-80,-95,-98,-93,-77,-45,-7,30,78,106,124,130,121,104,76,34,-16,-63,-104,-144,-163,-169,-151,-120,-75,-23,29,97,150,197,229,231,222,177,99,22,-66,-162,-252,-312,-341,-338,-299,-208,-96,41,185,318,424,467,456,401,291,139,-39,-222,-382,-511,-574,-573,-489,-339,-161,37,246,414,543,605,594,521,379,196,-7,-211,-399,-526,-586,-601,-520,-400,-239,-36,158,314,448,522,531,489,394,261,104,-55,-202,-317,-392,-434,-427,-366,-289,-196,-83,25,125,218,290,327,342,344,309,249,160,59,-40,-157,-259,-354,-405,-419,-401,-571,-247,-109,47,198,333,440,498,509,467,377,239,79,-94,-258,-404,-503,-559,-558,-494,-374,-222,-41,158,339,475,576,610,582,500,359,188,-9,-196,-374,-518,-606,-639,-599,-486,-348,-167,39,239,418,542,617,632,590,485,334,152,-42,-229,-400,-531,-617,-638,-596,-496,-362,-184,3,194,383,538,640,685,661,579,419,232,11,-224,-435,-604,-709,-753,-723,-618,-441,-216,50,300,530,706,792,796,702,542,330,81,-179,-405,-598,-716,-750,-716,-609,-447,-234,-8,205,395,535,624,655,608,510,374,207,31,-153,-310,-449,-542,-578,-568,-519,-408,-254,-93,84,251,394,517,-639,-753
61429,mtk,MTK 7916,862163086,rx1-tx1,512,0,0,0,-697,-740,-632,-388,-59,285,568,733,752,621,354,4,-338,-599,-731,-715,-552,-273,56,365,591,689,628,429,144,-161,-435,-611,-636,-524,-298,-4,296,523,620,577,413,160,-138,-410,-581,-620,-529,-316,-23,283,524,652,637,475,210,-109,-408,-629,-716,-642,-427,-118,210,493,676,724,612,368,44,-293,-563,-716,-714,-556,-280,52,371,604,703,653,467,171,-157,-448,-641,-693,-598,-375,-63,263,537,692,691,545,283,-45,-352,-581,-708,-684,-500,-220,97,395,616,707,641,439,156,-158,-429,-610,-670,-590,-387,-103,195,437,583,615,524,323,60,-200,-408,-526,-535,-432,-249,0,207,365,437,413,295,120,-74,-237,-336,-352,-279,-141,34,197,301,335,287,164,-2,-177,-311,-377,-352,-244,-72,133,312,431,463,383,213,-10,-249,-437,-540,-540,-426,-202,78,339,541,646,618,460,201,-118,-419,-626,-723,-678,-488,-196,147,471,699,785,723,515,200,-172,-520,-761,-853,-778,-552,-211,170,528,784,885,821,601,261,-130,-498,-777,-895,-850,-649,-323,54,414,704,851,833,658,373,29,-308,-584,-746,-768,-649,-409,-102,202,457,622,663,588,408,164,-98,-337,-504,-569,-533,-408,-219,1,210,370,464,479,412,291,140,-25,-176,-285,-343,-351,-315,-247,-155,0,0,0,0,0,306,386,422,402,314,169,-19,-222,-417,-569,-642,-618,-487,-272,-2,285,534,701,754,677,485,192,-146,-463,-703,-818,-786,-611,-317,42,402,688,844,836,671,364,-18,-406,-718,-886,-880,-700,-368,38,441,767,950,944,743,391,-50,-492,-836,-1022,-1010,-786,-402,61,521,885,1066,1028,790,389,-95,-556,-905,-1078,-1025,-750,-328,154,609,945,1076,982,697,249,-254,-691,-987,-1085,-952,-607,-131,372,798,1059,1100,905,513,12,-502,-912,-1137,-1128,-878,-436,103,629,1045,1237,1174,872,389,-198,-747,-1151,-1337,-1247,-893,-370,238,805,1218,1389,1287,921,365,-257,-826,-1236,-1395,-1270,-883,0,303,849,1222,1350,1196,797,236,-379,-906,-1241,-1318,-1112,-670,-93,503,992,1268,1279,1022,549,-50,-646,-1104,-1325,-1268,-953,-443,173,758,1185,1365,1264,902,341,-288,-846,-1231,-1368,-1225,-824,-256,354,885,1232,1316,1122,695,134,-443,-917,-1195,-1210,-967,-519,25,551,956,1147,1089,792,319,-225,-707,-1028,-1115,-963,-605,-115,411,848,1105,1126,903,488,-31,-543,-937,-1138,-1099,-827,-392,127,621,980,1134,1052,762,313,-198,-651,-966,-1079,-962,-659,-230,236,633,892,962,824,512,108,-292,-615,-808,-812,-636,-335,29,372,622,729,666,455,144,-192,-481,-648,-671,-546,-289,40,354,588,686,0,0,0,0,0,265,-66,-400,-652,-756,-704,-515,-211,138,457,685,767,689,467,147,-198,-489,-675,-717,-607,-366,-49,265,511,641,629,476,226,-70,-357,-557,-628,-563,-368,-82,213,455,598,609,477,230,-66,-347,-556,-641,-582,-388,-103,203,468,647,686,570,321,5,-318,-576,-720,-697,-525,-251,86,412,645,740,684,473,156,-175,-464,-666,-718,-610,-377,-73,256,530,685,683,523,263,-52,-366,-600,-703,-654,-465,-163,168,454,646,709,619,392,86,-229,-507,-686,-713,-588,-349,-41,277,528,667,666,528,282,-9,-301,-527,-645,-622,-467,-225,59,322,506,593,551,392,168,-82,-305,-445,0,-429,-277,-80,122,284,369,374,293,135,-43,-196,-299,-327,-272,-150,19,182,302,351,317,199,23,-164,-323,-410,-407,-307,-127,83,284,442,508,459,315,83,-179,-410,-563,-604,-523,-335,-62,240,500,659,685,574,338,30,-295,-572,-732,-742,-602,-346,-14,341,628,797,808,656,376,16,-363,-669,-850,-864,-706,-419,-46,349,678,867,892,749,464,93,-294,-622,-836,-893,-772,-503,-159,195,513,743,829,754,536,231,-106,-404,-619,-718,-684,-523,-279,13,289,497,614,610,496,306,66,-172,-368,-496,-528,-465,-336,-158,40,222,356,427,426,367,271,148,18,-97,-177,-213,0,0,0,0,0,-166,-59,79,232,378,494,552,531,429,258,20,-238,-465,-630,-707,-665,-507,-256,51,361,614,765,783,659,416,98,-254,-569,-781,-852,-759,-512,-169,212,557,791,884,801,553,190,-221,-596,-852,-935,-836,-569,-173,269,652,917,1015,910,609,179,-286,-699,-973,-1056,-938,-626,-177,315,738,1012,1084,931,592,131,-365,-780,-1032,-1074,-892,-525,-53,432,827,1043,1045,831,432,-62,-537,-899,-1084,-1031,-758,-325,178,656,1003,1136,1022,691,216,-314,-795,-1120,-1216,-1049,-663,-139,428,914,1227,1295,1092,654,88,-510,-1018,-1318,-1359,-1140,-673,-72,544,1053,1343,1370,1130,654,43,-569,-1062,0,-1339,-1065,-579,28,626,1093,1321,1269,969,465,-140,-710,-1125,-1303,-1205,-856,-320,281,822,1201,1331,1170,756,194,-413,-946,-1283,-1345,-1130,-675,-85,527,1034,1325,1338,1079,592,-16,-615,-1082,-1325,-1293,-992,-487,106,675,1096,1278,1189,857,351,-224,-737,-1080,-1190,-1035,-667,-159,382,832,1089,1115,889,464,-57,-565,-945,-1122,-1062,-765,-300,222,703,1042,1159,1028,677,186,-339,-801,-1086,-1141,-966,-589,-96,407,826,1066,1083,884,512,28,-456,-823,-1005,-982,-762,-393,45,457,764,900,835,594,240,-149,-497,-721,-775,-655,-402,-72,271,541,680,665,500,218,-111,-410,-612,-674,-591,-364,-55,0,0
61430,mtk,MTK 7916,862163086,rx2-tx0,512,0,0,0,-1116,-1089,-835,-394,145,668,1064,1245,1166,836,323,-266,-811,-1193,-1329,-1188,-800,-238,377,914,1262,1354,1155,704,114,-496,-1010,-1308,-1321,-1057,-569,40,642,1106,1325,1264,935,400,-222,-787,-1182,-1326,-1184,-775,-199,413,929,1250,1301,1073,609,17,-576,-1045,-1291,-1255,-941,-429,159,719,1119,1271,1143,770,233,-352,-847,-1146,-1201,-986,-553,-9,536,954,1151,1092,795,313,-233,-720,-1048,-1138,-969,-585,-65,474,905,1134,1107,826,359,-192,-715,-1081,-1216,-1081,-704,-168,410,908,1218,1270,1044,589,6,-588,-1061,-1312,-1293,-994,-478,139,738,1184,1375,1278,922,365,-268,-843,-1241,-1380,-1234,-831,-253,0,942,1288,1361,1148,697,103,-517,-1025,-1318,-1325,-1050,-549,66,669,1130,1352,1287,943,400,-229,-817,-1238,-1401,-1263,-855,-270,377,961,1344,1444,1241,784,157,-515,-1076,-1423,-1479,-1229,-722,-61,613,1159,1471,1487,1197,660,-16,-695,-1227,-1508,-1479,-1142,-577,98,754,1255,1497,1437,1081,502,-168,-794,-1270,-1476,-1375,-1003,-431,221,824,1264,1446,1332,957,390,-249,-827,-1239,-1409,-1302,-937,-401,204,771,1175,1333,1237,913,425,-127,-640,-1023,-1206,-1147,-876,-457,29,494,854,1037,1024,822,480,65,-343,-669,-863,-893,-765,-509,-180,166,469,675,762,727,584,354,85,-165,-365,-499,-549,-522,-436,-307,0,0,0,0,0,-10,152,316,465,575,613,553,399,172,-102,-383,-621,-767,-792,-686,-447,-115,246,580,824,923,852,622,263,-163,-565,-875,-1031,-993,-759,-370,101,570,939,1145,1124,882,459,-66,-591,-1006,-1241,-1230,-980,-526,45,615,1073,1323,1309,1041,561,-46,-647,-1126,-1384,-1370,-1084,-575,52,674,1159,1416,1397,1091,565,-60,-680,-1163,-1401,-1353,-1038,-513,106,694,1136,1336,1257,925,417,-174,-721,-1104,-1250,-1136,-786,-268,297,780,1090,1161,979,590,80,-444,-863,-1091,-1075,-825,-395,118,607,967,1113,1008,681,204,-322,-788,-1092,-1157,-972,-575,-49,499,953,1202,1199,937,476,-89,-646,-1068,-1266,-1203,0,-372,215,769,1165,1309,1174,793,234,-374,-901,-1246,-1319,-1116,-672,-76,545,1051,1330,1323,1041,535,-96,-714,-1185,-1406,-1331,-974,-404,258,863,1293,1456,1314,888,267,-400,-983,-1377,-1471,-1250,-774,-138,523,1069,1394,1421,1150,643,-2,-639,-1129,-1373,-1320,-981,-443,181,757,1165,1319,1178,786,239,-361,-879,-1191,-1242,-1016,-575,-26,519,955,1181,1144,856,381,-166,-663,-1005,-1130,-1005,-664,-189,320,750,1013,1046,849,469,-2,-463,-805,-968,-909,-649,-252,191,579,831,887,734,417,12,-386,-693,-842,-791,-549,-181,232,592,820,858,698,371,-48,-457,-768,-911,-854,-596,-191,264,675,944,1002,0,0,0,0,0,189,-327,-804,-1123,-1198,-1019,-623,-86,486,968,1255,1274,1033,573,-17,-611,-1076,-1322,-1297,-992,-477,137,719,1154,1345,1254,898,359,-265,-835,-1223,-1347,-1181,-768,-192,421,946,1266,1314,1074,594,-13,-610,-1071,-1306,-1259,-942,-413,200,763,1165,1316,1181,786,221,-379,-893,-1228,-1287,-1064,-623,-40,548,999,1227,1193,894,403,-163,-688,-1060,-1188,-1048,-680,-169,376,835,1106,1123,878,445,-83,-597,-981,-1143,-1045,-712,-212,340,821,1122,1167,956,535,-21,-578,-1013,-1236,-1191,-883,-380,207,757,1155,1311,1180,802,242,-370,-911,-1265,-1355,-1155,-711,-116,506,1027,1331,1357,1096,607,-11,-633,-1122,-1369,0,-1012,-480,147,738,1173,1355,1252,888,337,-291,-855,-1226,-1342,-1175,-761,-177,453,987,1307,1358,1126,646,13,-619,-1118,-1388,-1371,-1070,-538,118,754,1235,1460,1390,1022,440,-232,-869,-1325,-1504,-1379,-973,-361,323,939,1377,1531,1366,919,285,-403,-1011,-1411,-1520,-1322,-855,-214,470,1044,1405,1485,1255,773,137,-521,-1061,-1389,-1437,-1192,-708,-81,555,1066,1370,1407,1158,681,80,-532,-1037,-1331,-1358,-1130,-693,-124,449,923,1218,1265,1073,685,183,-333,-775,-1053,-1124,-984,-675,-246,214,611,880,974,890,653,309,-76,-433,-697,-830,-808,-656,-405,-101,202,452,614,678,645,522,336,133,-55,-203,-299,0,0,0,0,0,-428,-441,-396,-280,-106,110,347,549,678,717,642,453,178,-147,-461,-708,-854,-847,-677,-378,-3,387,727,936,976,829,521,107,-344,-749,-1020,-1098,-966,-637,-175,332,792,1108,1218,1087,725,218,-336,-844,-1193,-1314,-1173,-803,-267,336,884,1254,1374,1230,835,265,-358,-913,-1301,-1432,-1272,-851,-262,377,938,1316,1431,1263,830,227,-403,-945,-1297,-1381,-1184,-754,-175,434,935,1241,1280,1049,610,55,-506,-951,-1187,-1168,-899,-443,94,603,974,1129,1034,712,237,-279,-737,-1033,-1106,-926,-539,-36,475,889,1107,1086,829,381,-161,-666,-1039,-1199,-1092,-755,-255,313,814,1152,1256,1092,694,144,-446,0,-1240,-1276,-1047,-594,-7,589,1057,1293,1266,970,462,-146,-730,-1162,-1342,-1235,-866,-304,328,896,1278,1387,1197,754,147,-502,-1056,-1388,-1426,-1164,-655,-4,653,1176,1444,1416,1094,539,-135,-773,-1251,-1468,-1371,-989,-406,263,875,1283,1418,1257,837,235,-412,-950,-1281,-1337,-1100,-622,-33,557,1030,1267,1222,920,419,-169,-701,-1081,-1227,-1092,-720,-208,344,817,1107,1150,940,536,22,-496,-896,-1085,-1043,-772,-340,154,605,915,1013,892,578,138,-319,-692,-902,-902,-701,-345,82,481,762,864,764,482,92,-312,-651,-840,-831,-627,-276,140,528,798,883,771,482,68,-377,-738,-937,-931,-718,-332,139,0,0
61431,mtk,MTK 7916,862163086,rx2-tx1,512,0,0,0,1053,624,43,-548,-1024,-1290,-1289,-1023,-547,47,635,1099,1331,1285,973,458,-144,-724,-1150,-1312,-1202,-862,-336,270,791,1133,1244,1090,697,165,-393,-856,-1132,-1156,-919,-491,40,554,940,1110,1017,699,231,-302,-759,-1037,-1080,-875,-471,42,552,949,1131,1059,760,281,-279,-785,-1115,-1208,-1038,-633,-83,490,966,1228,1223,953,467,-127,-695,-1124,-1303,-1202,-845,-291,341,911,1285,1377,1174,716,94,-564,-1114,-1446,-1471,-1177,-630,51,734,1266,1543,1515,1164,576,-136,-829,-1348,-1582,-1503,-1125,-512,201,871,1360,1573,1459,1058,445,-252,-883,-1333,-1512,-1369,-963,-378,277,852,1246,1375,1224,836,299,-279,0,-1118,-1201,-1030,-653,-156,347,752,976,991,789,418,-20,-430,-742,-878,-810,-559,-181,225,563,770,801,641,327,-57,-422,-684,-781,-696,-451,-88,306,642,841,836,640,289,-157,-585,-893,-1024,-945,-647,-184,337,812,1149,1252,1091,705,166,-436,-968,-1313,-1403,-1212,-771,-173,474,1042,1417,1513,1316,851,200,-487,-1083,-1479,-1603,-1403,-923,-292,397,1037,1473,1623,1467,1047,445,-244,-881,-1333,-1534,-1452,-1114,-583,48,647,1102,1328,1308,1052,615,91,-425,-847,-1084,-1113,-948,-612,-171,271,627,856,926,822,575,245,-119,-444,-675,-783,-753,-596,-359,-82,189,410,555,607,567,459,310,150,-4,0,0,0,0,0,-351,-475,-559,-577,-516,-378,-172,75,323,538,681,707,624,430,159,-144,-423,-634,-733,-695,-531,-266,58,372,616,743,721,561,289,-46,-376,-644,-781,-759,-587,-281,85,436,714,856,812,615,284,-121,-505,-786,-917,-867,-640,-281,149,554,839,957,885,631,241,-205,-616,-905,-1004,-894,-603,-187,272,677,944,1024,885,560,121,-344,-732,-971,-1013,-841,-493,-46,413,774,974,976,768,402,-47,-490,-831,-983,-930,-679,-279,175,589,884,999,896,598,178,-288,-694,-956,-1017,-868,-536,-86,377,760,981,1001,811,455,2,-453,-808,-986,-965,-754,-373,96,537,859,992,916,654,251,0,-619,-899,-987,-861,-559,-143,299,683,914,949,782,443,15,-402,-731,-895,-856,-630,-263,164,549,800,877,761,469,61,-365,-717,-915,-913,-710,-345,110,550,867,999,923,641,216,-254,-675,-963,-1042,-896,-558,-96,390,780,1005,1011,791,396,-81,-534,-872,-1019,-935,-640,-209,274,700,977,1036,859,483,-2,-487,-872,-1073,-1027,-754,-315,201,684,1018,1138,1000,646,151,-399,-867,-1149,-1189,-964,-532,13,571,1015,1239,1210,934,443,-149,-698,-1105,-1283,-1186,-847,-331,251,783,1145,1261,1108,720,181,-387,-873,-1170,-1210,-989,-558,-5,541,967,1187,1149,860,380,-178,-701,-1075,-1216,-1097,-743,0,0,0,0,0,734,1134,1298,1196,839,300,-302,-848,-1225,-1351,-1191,-776,-214,402,936,1265,1325,1108,669,93,-498,-977,-1242,-1251,-1000,-538,41,597,1009,1203,1136,824,331,-219,-715,-1041,-1130,-968,-594,-96,420,843,1071,1050,789,348,-171,-659,-1002,-1116,-975,-617,-115,433,890,1140,1140,903,461,-94,-641,-1052,-1235,-1139,-791,-272,318,848,1194,1285,1088,650,64,-546,-1037,-1305,-1304,-1011,-489,147,762,1227,1439,1343,955,354,-329,-949,-1380,-1539,-1372,-910,-261,453,1085,1483,1586,1376,879,198,-521,-1126,-1504,-1575,-1323,-800,-124,565,1134,1468,1509,1251,726,67,-589,-1129,-1415,-1410,-1137,-640,-29,568,1038,1283,1254,0,490,-48,-552,-925,-1088,-1021,-737,-306,169,585,856,932,802,491,89,-323,-662,-821,-791,-595,-265,130,487,728,790,664,378,9,-362,-657,-805,-768,-537,-174,242,620,870,936,785,441,-12,-481,-879,-1113,-1110,-862,-431,111,666,1097,1318,1277,970,464,-151,-759,-1227,-1466,-1415,-1067,-508,151,801,1301,1543,1483,1143,579,-111,-781,-1310,-1594,-1570,-1246,-690,-1,676,1218,1531,1562,1311,819,179,-476,-1024,-1368,-1456,-1271,-865,-319,267,776,1113,1236,1138,835,389,-106,-556,-876,-1017,-969,-742,-394,1,377,670,830,837,698,447,133,-190,-461,-642,-713,-669,-528,-327,-106,108,281,394,435,410,0,0,0,0,0,337,219,56,-141,-342,-519,-635,-663,-599,-442,-203,80,356,581,707,708,593,368,69,-250,-523,-697,-742,-647,-426,-121,212,505,706,771,675,437,114,-248,-564,-767,-827,-719,-464,-107,284,623,838,896,762,474,80,-338,-690,-901,-937,-790,-466,-47,382,737,937,948,768,427,-8,-449,-799,-988,-970,-753,-379,75,516,858,1022,970,722,327,-143,-574,-889,-1018,-928,-643,-227,233,631,899,987,855,539,120,-332,-713,-941,-967,-789,-438,13,453,799,991,980,751,359,-107,-555,-876,-1023,-962,-695,-286,176,605,912,1012,903,613,180,-290,-687,-941,-1000,-844,-524,-84,379,746,957,0,777,412,-34,-476,-816,-972,-925,-687,-308,143,553,828,928,833,556,155,-275,-636,-851,-879,-704,-366,51,457,760,897,834,579,190,-246,-638,-903,-976,-829,-494,-47,410,786,1009,1005,776,394,-74,-539,-888,-1046,-976,-689,-251,227,665,953,1024,865,523,58,-416,-798,-1013,-1001,-751,-337,148,609,939,1063,944,612,146,-361,-789,-1047,-1090,-890,-481,41,554,963,1155,1101,809,336,-222,-741,-1109,-1240,-1112,-747,-211,370,876,1207,1284,1082,654,100,-477,-957,-1242,-1263,-1005,-536,26,580,1024,1239,1180,871,382,-184,-712,-1079,-1210,-1081,-717,-195,374,850,1144,1199,985,560,6,-551,-975,0,0
61432,mtk,MTK 7916,862194000,rx0-tx0,512,-330,688,-719,-949,-756,-480,-167,171,487,749,934,1041,1048,939,752,496,195,-118,-432,-709,-912,-1023,-1035,-951,-772,-528,-237,74,390,677,895,1027,1061,989,830,593,300,-33,-374,-662,-891,-1035,-1088,-1025,-849,-611,-308,28,352,640,870,1015,1059,1007,850,617,324,6,-314,-590,-826,-977,-1022,-976,-851,-639,-377,-73,233,521,765,937,1012,986,873,681,425,123,-178,-474,-729,-906,-992,-981,-876,-679,-428,-126,182,459,693,855,929,911,802,626,390,121,-147,-398,-610,-757,-826,-818,-725,-575,-383,-154,83,310,509,649,728,745,699,585,419,217,-4,-218,-416,-567,-660,-713,-701,-608,-464,-279,-26,155,371,541,669,729,726,650,513,333,111,-131,-356,-541,-685,-769,-764,-692,-554,-349,-117,139,372,569,723,797,793,711,545,335,84,-169,-405,-604,-748,-814,-789,-692,-529,-305,-58,199,432,624,755,808,780,678,508,282,28,-240,-469,-659,-789,-844,-801,-662,-466,-212,70,342,576,755,826,822,736,556,315,46,-227,-466,-654,-748,-760,-678,-528,-326,-92,135,334,483,565,578,526,436,294,142,-25,-173,-281,-359,-402,-395,-351,-279,-182,-77,26,115,199,254,279,288,268,216,154,80,-6,-88,-160,-223,-258,-265,-243,-193,-108,-14,82,173,235,251,220,153,63,-29,834,845,510,774,-162,-183,-201,-168,-106,-17,86,177,242,274,274,232,163,80,-22,-121,-211,-280,-317,-330,-308,-256,-171,-62,57,185,299,391,453,464,430,347,208,38,-148,-331,-496,-603,-684,-664,-561,-392,-165,83,346,594,767,869,880,773,586,326,6,-329,-642,-888,-1032,-1077,-981,-788,-499,-145,244,606,914,1109,1191,1139,965,675,310,-107,-490,-832,-1079,-1207,-1214,-1090,-844,-509,-119,276,650,940,1134,1219,1166,991,715,373,-10,-393,-727,-978,-1135,-1188,-1105,-912,-627,-285,81,447,768,1003,1135,1152,1058,857,567,225,-137,-487,-779,-1003,-1124,-1122,-1011,-793,-507,-178,181,513,789,991,1085,1078,301,768,487,163,-176,-490,-758,-941,-1058,-1077,-983,-788,-534,-214,112,443,742,961,1103,1131,1045,858,580,239,-115,-465,-776,-1009,-1139,-1154,-1061,-867,-590,-268,98,448,754,988,1129,1158,1091,919,653,330,-22,-381,-711,-975,-1159,-1232,-1179,-1011,-752,-411,-25,369,721,1011,1213,1293,1253,1085,814,458,52,-377,-749,-1059,-1258,-1333,-1287,-1110,-812,-429,-15,396,770,1075,1257,1318,1249,1060,761,392,-9,-398,-739,-1018,-1197,-1247,-1182,-999,-717,-399,-22,362,691,950,1104,1171,1117,959,713,397,45,-304,-624,-880,-1036,-1114,-1083,-949,-723,-426,-91,241,552,812,997,1076,1056,933,726,450,125,-219,-6,277,-82,-517,-58,492,765,961,1059,1059,940,741,481,183,-152,-465,-725,-921,-1025,-1031,-948,-764,-512,-209,106,414,687,887,1016,1041,978,805,560,262,-60,-381,-658,-883,-1028,-1078,-1011,-847,-611,-320,15,364,658,883,1032,1082,1013,860,616,315,-7,-334,-623,-855,-1000,-1045,-994,-841,-631,-332,-19,284,559,787,935,1007,979,873,675,418,107,-202,-489,-736,-912,-1001,-988,-893,-698,-437,-135,176,469,709,883,973,951,843,651,399,115,-175,-442,-660,-818,-885,-871,-773,-607,-382,-132,125,366,556,698,779,777,713,572,391,183,-38,-259,-457,-609,-712,-737,-696,-597,-438,-255,-47,187,390,548,660,628,706,629,486,305,87,-138,-357,-532,-668,-743,-748,-668,-535,-349,-117,128,353,559,704,783,787,697,558,345,100,-153,-399,-600,-737,-805,-787,-700,-536,-325,-66,184,418,613,750,807,786,686,519,300,44,-206,-441,-637,-774,-834,-797,-675,-498,-265,7,285,518,697,816,845,776,631,407,137,-134,-409,-633,-770,-819,-774,-646,-437,-190,61,300,491,629,679,651,556,406,219,11,-173,-328,-431,-478,-487,-429,-340,-228,-99,29,136,228,293,324,322,295,245,164,82,-1,-92,-169,-221,-254,-265,-246,-213,-150,-66,23,111,192,245,260,248,197,109,1,-96,-167,-200,-191,117,-105,-82,752,-818,-29,57,143,207,249,246,200,123,33,-65,-161,-231,-279,-299,-279,-233,-155,-66,38,143,242,321,366,385,364,296,199,67,-86,-238,-387,-501,-561,-558,-502,-375,-213,-8,235,448,630,746,778,734,592,375,114,-194,-495,-738,-921,-996,-957,-809,-554,-245,117,473,773,1006,1129,1122,990,740,402,20,-379,-736,-1013,-1183,-1220,-1118,-903,-581,-205,197,577,898,1122,1225,1199,1042,766,437,51,-343,-689,-967,-1141,-1200,-1129,-943,-670,-339,44,422,743,987,1124,1160,1080,878,588,242,-119,-461,-770,-1002,-1129,-1144,-1030,-815,-534,-197,160,498,793,996,1109,1110,982,777,490,159,-183,-176,-772,-969,-1075,-1071,-970,-763,-502,-194,143,474,744,953,1067,1080,1006,825,563,246,-115,-457,-757,-991,-1122,-1144,-1060,-866,-592,-253,104,459,771,994,1130,1162,1071,886,618,293,-57,-408,-731,-983,-1134,-1188,-1137,-967,-709,-378,-3,379,723,1003,1194,1272,1222,1055,793,444,50,-353,-727,-1029,-1234,-1328,-1276,-1098,-821,-455,-48,375,762,1080,1274,1338,1268,1087,786,415,9,-399,-770,-1060,-1235,-1285,-1209,-1025,-746,-391,-2,384,730,987,1144,1216,1145,970,703,387,31,-333,-649,-907,-1076,-1140,-1096,-950,-708,-411,-83,259,575,835,1016,1095,1065,935,720,435,112,-219,-534,-794,-982,-1076,-1057,1067,1041
61433,mtk,MTK 7916,862194000,rx0-tx1,512,-686,-76,-268,-220,4,232,425,586,679,703,660,551,391,193,-22,-227,-401,-532,-620,-647,-594,-506,-369,-197,-20,160,318,450,537,580,567,505,401,264,105,-66,-225,-364,-479,-556,-574,-551,-476,-363,-208,-31,154,325,463,565,623,620,565,451,297,103,-102,-304,-481,-610,-681,-696,-641,-510,-339,-128,95,300,488,641,723,722,661,533,357,136,-94,-318,-508,-646,-723,-734,-667,-539,-359,-140,80,295,485,620,703,715,651,524,359,152,-69,-277,-456,-592,-669,-685,-635,-521,-359,-160,46,245,425,565,650,671,634,532,370,188,-11,-219,-406,-558,-649,-675,-639,-538,-388,-186,21,227,-38,573,663,685,638,526,371,169,-49,-258,-447,-585,-666,-678,-627,-509,-333,-133,90,291,465,599,664,656,593,463,290,90,-124,-319,-485,-605,-650,-636,-551,-406,-234,-37,170,349,497,586,606,577,485,338,171,-13,-192,-345,-462,-531,-554,-510,-420,-289,-132,24,181,321,431,481,491,454,372,256,121,-33,-175,-297,-397,-455,-465,-427,-343,-228,-98,49,194,311,401,446,436,389,304,169,28,-105,-236,-331,-390,-404,-374,-300,-199,-77,46,171,271,338,369,354,293,212,98,-29,-137,-231,-300,-330,-310,-258,-163,-60,58,167,253,295,284,225,132,24,-86,-162,-196,-186,-714,-544,0,-717,-526,14,90,164,206,216,182,113,23,-75,-161,-224,-256,-249,-208,-138,-57,41,127,194,240,259,245,195,137,52,-38,-116,-186,-230,-243,-228,-192,-132,-60,10,86,149,183,195,192,174,144,97,51,2,-39,-81,-111,-134,-161,-164,-158,-146,-122,-89,-34,26,79,141,192,214,224,213,175,121,48,-25,-106,-170,-215,-244,-245,-224,-184,-131,-60,14,88,145,196,240,257,254,227,176,106,30,-56,-144,-217,-274,-309,-314,-285,-233,-146,-47,59,169,267,335,370,367,325,257,158,41,-81,-186,-290,-359,-394,-394,-349,-273,-165,-38,89,199,306,383,418,418,373,290,-48,67,-73,-205,-325,-405,-457,-469,-424,-345,-221,-80,64,218,348,451,520,530,482,385,247,79,-91,-255,-402,-505,-560,-554,-497,-393,-251,-81,93,259,406,511,563,567,517,409,278,117,-62,-234,-395,-511,-577,-604,-574,-482,-343,-177,14,198,381,530,616,656,635,547,404,228,27,-187,-392,-544,-658,-721,-693,-607,-467,-271,-46,194,411,587,710,762,739,646,482,271,25,-216,-448,-627,-746,-783,-751,-642,-467,-251,-6,232,445,617,727,765,728,630,461,247,13,-220,-434,-605,-717,-755,-720,-619,-455,-244,-17,218,431,599,709,752,719,605,434,227,1,-234,-430,-586,-5,-353,9,933,-851,691,727,682,573,411,202,-17,-232,-417,-561,-654,-673,-626,-516,-372,-192,15,206,362,498,577,606,576,501,377,225,57,-115,-273,-409,-511,-566,-572,-525,-435,-308,-146,21,187,343,472,565,603,587,517,402,254,71,-122,-306,-463,-583,-655,-662,-605,-486,-317,-124,87,307,494,630,712,713,653,536,361,134,-94,-313,-503,-646,-727,-733,-672,-538,-356,-143,85,310,496,644,716,723,662,532,352,144,-81,-294,-471,-603,-688,-700,-643,-525,-358,-160,51,261,440,577,661,674,635,528,375,181,-25,-230,-423,-564,-646,-680,-641,-537,-377,-187,14,223,406,563,655,677,640,634,376,180,-33,-243,-427,-569,-666,-681,-633,-517,-352,-156,57,269,453,587,662,670,606,491,319,108,-103,-308,-481,-604,-666,-655,-582,-451,-265,-55,158,353,505,598,638,608,515,379,193,2,-188,-361,-486,-556,-582,-540,-446,-307,-147,24,194,334,448,505,512,474,390,266,118,-30,-180,-305,-399,-459,-474,-437,-364,-255,-114,34,182,301,389,439,450,407,323,205,60,-85,-215,-328,-403,-422,-409,-351,-246,-122,14,145,255,337,378,382,339,257,149,30,-94,-200,-281,-340,-341,-305,-243,-148,-28,86,193,266,302,303,257,172,56,-64,-167,-231,-256,-227,-154,-61,33,560,739,0,29,460,163,164,113,38,-53,-144,-210,-246,-240,-195,-121,-28,68,152,214,252,260,226,172,95,7,-85,-158,-212,-252,-247,-219,-165,-92,-12,68,138,193,219,228,211,163,98,38,-18,-67,-114,-145,-162,-165,-155,-135,-106,-80,-41,6,44,87,128,168,196,196,187,160,108,43,-22,-98,-158,-212,-237,-248,-227,-180,-121,-51,26,98,160,212,245,253,235,196,152,88,11,-65,-142,-207,-252,-274,-285,-261,-210,-140,-46,55,152,242,311,343,345,317,250,155,42,-79,-190,-281,-347,-379,-368,-330,-262,-155,-43,83,197,299,369,407,396,358,285,172,45,-84,-213,-316,-1135,-439,-440,-403,-323,-210,-85,68,208,336,433,482,495,455,366,247,88,-83,-245,-383,-486,-546,-545,-502,-394,-246,-72,104,269,411,515,564,560,506,403,257,91,-80,-254,-396,-500,-571,-586,-547,-451,-304,-144,33,218,387,515,600,628,596,521,375,201,9,-197,-390,-534,-636,-679,-670,-576,-432,-261,-43,186,389,567,685,740,719,628,475,275,39,-197,-425,-607,-734,-783,-757,-655,-484,-267,-21,224,448,628,744,786,746,635,460,241,2,-232,-446,-624,-726,-757,-720,-618,-457,-247,-15,215,427,600,710,748,718,614,450,244,12,-224,-437,-600,-704,-747,-708,-594,-438,718,628
61434,mtk,MTK 7916,862194000,rx1-tx0,512,0,-349,178,440,561,642,675,633,534,380,190,-19,-234,-443,-603,-714,-770,-750,-663,-506,-290,-37,224,481,684,826,909,896,785,579,337,40,-273,-562,-803,-961,-1021,-994,-851,-622,-324,18,347,668,906,1051,1100,1029,858,599,274,-76,-415,-720,-957,-1093,-1109,-1033,-841,-570,-252,93,423,710,926,1051,1076,1007,836,582,275,-63,-381,-673,-908,-1050,-1087,-1030,-865,-610,-302,42,374,667,918,1052,1093,1039,855,598,277,-65,-387,-674,-917,-1049,-1068,-987,-804,-552,-241,91,428,707,905,1009,1009,919,731,486,185,-129,-433,-672,-844,-928,-919,-826,-635,-390,-122,154,414,621,757,815,803,702,-277,321,91,-140,-347,-511,-628,-689,-682,-612,-495,-337,-154,40,229,391,519,605,624,592,522,395,237,50,-136,-310,-468,-570,-629,-623,-561,-461,-305,-123,65,254,414,543,635,667,630,528,395,221,14,-208,-408,-577,-694,-743,-740,-662,-497,-287,-49,225,462,668,822,893,873,750,537,261,-58,-369,-641,-855,-978,-988,-891,-679,-392,-68,272,575,828,966,983,903,723,454,149,-167,-467,-693,-831,-876,-826,-683,-470,-219,37,295,521,670,738,723,629,473,261,34,-185,-383,-529,-615,-629,-568,-440,-270,-79,127,311,458,546,547,481,344,158,-49,-234,-374,-428,-409,-309,-160,-134,-292,0,634,-378,70,79,73,62,39,4,-36,-70,-93,-114,-113,-100,-81,-39,-4,41,85,114,131,143,149,117,78,40,-16,-70,-114,-153,-178,-193,-184,-150,-106,-53,12,89,154,215,255,274,264,231,166,64,-37,-140,-235,-338,-381,-384,-362,-300,-177,-34,126,275,407,496,533,502,418,282,90,-115,-308,-464,-574,-622,-583,-495,-340,-141,78,283,454,570,629,616,533,390,208,-5,-213,-385,-517,-589,-595,-545,-436,-275,-89,95,263,396,483,517,487,417,317,172,33,-99,-230,-313,-377,-404,-399,-353,-281,-193,-95,-5,107,204,280,339,377,383,360,304,210,102,-28,-159,-282,489,-447,-478,-460,-385,-277,-153,16,179,330,449,528,562,526,440,318,150,-30,-212,-376,-511,-593,-608,-573,-480,-332,-151,37,231,413,543,633,652,604,510,353,166,-37,-251,-426,-561,-640,-659,-618,-511,-353,-177,30,230,413,559,638,658,623,539,396,228,30,-168,-360,-509,-607,-664,-665,-605,-474,-316,-120,91,300,492,639,726,740,687,581,395,161,-93,-339,-540,-716,-817,-828,-748,-587,-371,-114,154,409,614,759,808,789,682,517,289,43,-190,-401,-576,-673,-706,-681,-598,-454,-268,-66,121,296,454,561,610,610,551,468,330,158,-15,-189,-351,-477,-568,-607,-592,-516,-391,-31,0,-130,64,486,331,157,-39,-246,-426,-577,-670,-708,-687,-594,-439,-250,-23,216,437,630,768,836,822,723,540,320,49,-242,-527,-743,-892,-976,-946,-818,-608,-324,-16,308,616,853,1015,1068,1022,873,612,307,-42,-388,-697,-938,-1084,-1114,-1033,-854,-585,-249,94,432,737,949,1077,1096,1010,826,559,250,-76,-401,-692,-914,-1044,-1076,-1004,-855,-600,-289,42,372,675,910,1051,1096,1019,867,612,283,-49,-390,-686,-905,-1050,-1076,-1006,-844,-590,-253,83,415,690,901,1021,1043,961,770,511,203,-117,-425,-682,-878,-981,-982,-872,-676,-429,-139,147,420,652,803,875,864,760,582,350,106,-149,-385,315,-700,-749,-731,-644,-506,-330,-122,86,284,445,572,634,646,591,498,366,197,2,-172,-340,-484,-577,-623,-606,-543,-429,-269,-92,100,277,437,559,625,638,593,489,353,180,-15,-227,-410,-548,-651,-700,-684,-597,-453,-253,-34,198,432,630,759,833,814,701,541,303,21,-281,-559,-771,-915,-961,-894,-729,-485,-175,152,473,746,926,1007,978,834,596,269,-62,-384,-659,-851,-933,-927,-806,-601,-334,-47,247,497,687,783,795,735,580,368,125,-122,-348,-535,-657,-689,-648,-542,-379,-180,40,249,417,530,582,563,473,335,144,-63,-256,-411,-497,-502,-428,-285,-105,72,227,307,352,239,0,-405,-390,34,-1,-35,-61,-82,-96,-94,-75,-50,-17,27,59,95,115,120,124,105,69,33,-3,-53,-105,-131,-160,-170,-155,-127,-93,-48,5,74,128,172,201,222,212,185,139,71,-11,-106,-193,-271,-318,-324,-308,-263,-175,-45,69,186,317,416,467,459,401,300,148,-29,-217,-367,-498,-575,-577,-515,-382,-213,-7,201,376,531,614,627,566,442,269,75,-141,-335,-491,-594,-634,-593,-490,-338,-147,53,245,409,523,567,552,482,361,214,46,-115,-255,-373,-449,-457,-442,-373,-278,-173,-52,68,176,255,317,353,369,357,307,245,166,59,-60,-170,-279,-355,-410,-432,-409,-351,-571,-136,5,161,304,409,484,523,495,420,297,153,-21,-202,-355,-478,-562,-583,-557,-469,-334,-150,40,226,396,524,603,621,586,483,338,160,-43,-240,-415,-555,-633,-663,-622,-505,-345,-153,51,250,430,552,627,650,610,517,369,182,-11,-200,-375,-517,-615,-659,-640,-563,-426,-268,-81,120,318,482,608,691,699,646,529,360,152,-83,-301,-509,-680,-772,-796,-724,-591,-398,-148,121,376,590,748,825,821,719,548,318,66,-182,-414,-593,-723,-759,-727,-634,-470,-265,-52,156,353,514,622,660,638,572,455,292,113,-78,-250,-400,-522,-587,-603,-580,-494,-366,-210,-38,143,319,-639,-753
61435,mtk,MTK 7916,862194000,rx1-tx1,512,0,0,0,-734,-598,-330,25,370,639,775,746,557,256,-106,-451,-686,-768,-687,-466,-136,211,497,675,708,577,318,-1,-314,-550,-656,-613,-429,-148,161,431,606,635,511,270,-30,-320,-542,-639,-583,-393,-113,205,474,634,650,517,260,-63,-370,-604,-707,-654,-449,-136,211,511,695,732,617,351,13,-329,-598,-732,-703,-531,-241,111,428,644,723,647,419,92,-244,-527,-684,-688,-546,-287,47,372,608,711,655,448,146,-190,-487,-680,-727,-617,-367,-36,297,554,702,702,547,277,-46,-359,-596,-692,-640,-458,-183,127,405,595,657,575,370,100,-179,-422,-566,-589,-479,-274,-23,219,399,0,478,347,155,-55,-244,-358,-389,-328,-184,-9,165,299,340,293,176,13,-156,-287,-352,-325,-207,-33,152,316,416,416,308,140,-71,-289,-454,-518,-470,-303,-63,202,441,588,607,499,289,4,-297,-542,-681,-674,-527,-265,63,388,642,759,724,537,228,-133,-473,-723,-831,-774,-547,-204,177,538,799,899,804,550,197,-207,-579,-827,-916,-817,-570,-214,192,558,812,903,815,582,243,-137,-488,-739,-837,-780,-578,-271,85,410,641,744,711,546,280,-21,-311,-529,-634,-624,-492,-266,-20,216,416,534,546,458,297,92,-114,-289,-414,-463,-433,-343,-209,-58,80,191,262,288,274,0,0,0,0,0,-12,114,255,390,489,527,491,373,180,-60,-304,-517,-655,-697,-621,-433,-157,160,455,677,787,762,589,305,-37,-391,-675,-831,-834,-668,-368,5,381,692,867,870,695,367,-40,-440,-763,-927,-908,-703,-338,104,516,844,1009,956,701,305,-167,-618,-946,-1075,-989,-700,-266,226,687,1002,1108,980,643,178,-319,-764,-1041,-1088,-922,-558,-58,443,836,1059,1065,831,406,-95,-574,-939,-1102,-1026,-723,-255,267,737,1048,1135,972,593,89,-447,-897,-1153,-1162,-924,-479,78,632,1059,1264,1208,901,389,-217,-794,-1215,-1382,-1256,-868,-300,334,913,1293,1418,1256,831,230,-418,-982,-1328,-1402,-1184,0,-118,501,1022,1327,1341,1068,564,-55,-647,-1104,-1331,-1267,-917,-379,239,812,1203,1336,1180,761,168,-461,-989,-1310,-1356,-1109,-613,17,638,1120,1367,1328,1002,461,-178,-778,-1213,-1390,-1261,-867,-296,337,886,1241,1338,1142,703,130,-469,-967,-1233,-1218,-952,-487,86,639,1033,1187,1075,726,221,-335,-808,-1091,-1124,-909,-491,39,573,980,1167,1095,793,308,-249,-745,-1084,-1192,-1033,-649,-136,398,844,1117,1148,925,513,3,-495,-891,-1090,-1049,-796,-380,108,559,874,991,900,630,221,-222,-588,-816,-862,-717,-414,-27,340,618,755,715,499,179,-166,-472,-661,-684,-551,-291,40,362,600,702,646,0,0,0,0,0,-149,-464,-689,-778,-688,-437,-102,251,561,751,777,642,369,18,-332,-598,-731,-708,-526,-238,95,403,614,684,595,380,77,-237,-490,-632,-627,-471,-204,90,372,575,643,552,331,34,-262,-506,-635,-615,-452,-180,140,437,629,679,582,354,35,-297,-565,-713,-700,-534,-251,94,421,665,763,679,452,130,-221,-525,-699,-718,-589,-333,-12,318,579,712,678,489,194,-145,-449,-650,-701,-602,-370,-51,290,562,708,695,535,263,-66,-390,-639,-738,-672,-469,-166,170,465,658,709,611,375,70,-245,-506,-659,-670,-536,-294,12,305,515,620,592,443,199,-79,-322,-491,-551,-493,-336,0,120,312,422,429,341,182,-10,-191,-321,-364,-306,-179,-16,158,282,334,300,192,22,-151,-288,-366,-355,-258,-91,113,304,435,464,385,223,-11,-258,-454,-563,-547,-410,-168,116,380,576,656,600,413,132,-192,-491,-680,-729,-640,-414,-86,271,574,760,789,655,386,32,-337,-645,-832,-846,-680,-379,2,385,697,876,880,710,397,2,-398,-715,-888,-896,-732,-418,-21,360,658,838,863,715,430,69,-296,-589,-764,-783,-665,-427,-110,214,480,652,697,609,413,144,-145,-383,-539,-597,-540,-386,-174,60,275,432,499,481,389,233,56,-121,-271,-362,-394,-376,-307,-204,-100,-4,0,0,0,0,0,-361,-381,-353,-263,-113,79,278,458,582,629,578,427,193,-85,-362,-589,-725,-747,-629,-389,-68,275,563,763,831,740,502,162,-210,-551,-787,-875,-790,-546,-190,209,576,831,910,801,536,149,-277,-649,-910,-986,-842,-518,-92,358,759,1002,1037,859,507,47,-436,-833,-1066,-1077,-854,-457,31,513,892,1082,1051,799,373,-131,-606,-948,-1091,-1009,-706,-245,269,709,1001,1090,938,580,86,-430,-842,-1084,-1092,-851,-428,95,602,979,1155,1079,767,280,-288,-796,-1140,-1248,-1085,-683,-139,447,955,1270,1314,1087,633,32,-580,-1079,-1370,-1369,-1084,-575,58,676,1163,1414,1368,1035,491,-152,-758,0,-1399,-1291,-922,-356,286,854,1238,1357,1184,762,171,-458,-974,-1283,-1312,-1053,-567,43,641,1107,1340,1281,934,392,-232,-821,-1239,-1382,-1236,-827,-230,413,971,1318,1382,1155,679,56,-574,-1071,-1336,-1325,-1039,-524,97,686,1115,1302,1201,850,325,-268,-790,-1127,-1212,-1032,-618,-74,470,906,1131,1107,826,352,-195,-694,-1044,-1152,-1002,-631,-127,417,869,1132,1150,915,479,-61,-585,-987,-1171,-1106,-817,-353,190,685,1023,1143,1023,685,206,-301,-731,-1001,-1050,-879,-528,-77,371,722,907,890,682,331,-79,-451,-708,-805,-716,-463,-111,251,539,699,694,524,236,-102,-415,-629,-689,-594,-363,-38,299,0,0
61436,mtk,MTK 7916,862194000,rx2-tx0,512,0,0,0,-1039,-739,-273,276,780,1123,1229,1072,678,125,-469,-969,-1265,-1296,-1049,-573,37,640,1100,1328,1278,952,410,-221,-799,-1207,-1354,-1205,-798,-213,419,957,1279,1322,1073,591,-24,-632,-1104,-1324,-1245,-889,-338,284,844,1217,1313,1120,685,88,-523,-1010,-1279,-1264,-962,-451,160,727,1123,1276,1148,760,208,-386,-890,-1180,-1206,-960,-502,66,614,1009,1171,1065,722,212,-342,-814,-1094,-1115,-881,-445,99,623,1001,1144,1022,665,150,-410,-882,-1150,-1157,-907,-449,123,677,1085,1252,1143,775,224,-377,-908,-1245,-1305,-1083,-627,-30,582,1075,1339,1308,988,456,-179,-775,-1206,-1382,-1261,-866,-284,357,926,1283,0,1160,696,86,-544,-1055,-1325,-1311,-1017,-497,133,728,1170,1351,1242,863,285,-358,-918,-1283,-1373,-1161,-689,-64,582,1105,1393,1378,1066,532,-126,-773,-1255,-1467,-1365,-971,-365,321,947,1380,1511,1319,862,216,-479,-1074,-1438,-1507,-1255,-729,-61,614,1170,1477,1477,1164,609,-71,-738,-1239,-1471,-1400,-1040,-468,204,838,1288,1461,1327,925,336,-324,-907,-1300,-1432,-1263,-839,-250,382,930,1287,1384,1199,778,217,-377,-881,-1204,-1284,-1113,-735,-221,316,773,1071,1154,1006,679,234,-239,-647,-914,-996,-886,-614,-247,150,508,757,859,801,604,314,-18,-324,-557,-691,-712,-617,-438,-216,11,209,349,422,429,0,0,0,0,0,-384,-328,-216,-45,165,382,562,666,676,580,376,90,-232,-526,-740,-838,-790,-591,-269,119,499,800,952,919,722,371,-74,-512,-862,-1057,-1041,-815,-419,74,564,958,1173,1148,891,450,-96,-635,-1067,-1288,-1238,-940,-449,142,715,1157,1363,1287,945,413,-219,-815,-1240,-1418,-1315,-928,-348,298,885,1298,1441,1283,864,269,-381,-948,-1307,-1396,-1195,-747,-149,470,982,1278,1300,1052,585,-1,-575,-1017,-1230,-1168,-854,-366,195,702,1044,1150,1001,634,127,-407,-840,-1076,-1072,-826,-392,131,628,982,1117,995,646,150,-383,-842,-1123,-1151,-919,-486,66,606,1027,1230,1161,842,333,-256,-789,-1160,-1284,0,-716,-154,438,947,1260,1288,1034,550,-50,-642,-1104,-1325,-1248,-900,-349,282,852,1243,1367,1182,734,124,-527,-1067,-1372,-1386,-1102,-562,98,739,1224,1451,1368,984,380,-306,-929,-1353,-1478,-1284,-820,-180,491,1054,1394,1425,1139,618,-31,-674,-1156,-1375,-1297,-937,-370,273,844,1214,1316,1124,678,98,-490,-970,-1226,-1205,-916,-424,160,698,1069,1198,1065,693,167,-386,-840,-1101,-1113,-870,-445,66,556,921,1066,967,651,201,-280,-692,-939,-966,-770,-402,42,464,777,894,800,524,124,-303,-648,-834,-817,-610,-258,162,537,786,856,719,405,-13,-427,-752,-901,-839,-586,-178,282,683,937,983,807,0,0,0,0,0,-431,-869,-1127,-1146,-917,-465,97,642,1067,1272,1203,868,339,-267,-822,-1208,-1337,-1184,-771,-189,436,967,1286,1334,1100,621,-1,-618,-1091,-1329,-1277,-946,-403,226,802,1201,1337,1170,743,160,-455,-973,-1274,-1285,-1013,-518,101,697,1128,1311,1212,838,282,-342,-887,-1221,-1283,-1070,-619,-38,555,1023,1249,1189,874,360,-228,-751,-1103,-1195,-1020,-624,-87,469,908,1133,1097,803,324,-229,-724,-1049,-1131,-958,-559,-17,525,941,1153,1099,788,291,-272,-782,-1125,-1220,-1033,-608,-45,538,1015,1269,1238,932,423,-187,-762,-1179,-1342,-1215,-822,-245,396,950,1296,1366,1144,670,50,-584,-1088,-1360,-1334,-1021,-495,0,740,1186,1372,1259,872,294,-342,-895,-1259,-1351,-1142,-684,-76,548,1051,1330,1320,1019,492,-146,-755,-1207,-1395,-1279,-885,-297,364,953,1340,1441,1237,760,114,-561,-1120,-1441,-1459,-1172,-625,55,723,1239,1501,1448,1076,478,-219,-869,-1334,-1523,-1400,-978,-344,354,969,1380,1503,1311,848,207,-475,-1059,-1408,-1459,-1209,-704,-58,584,1103,1398,1409,1122,600,-39,-662,-1148,-1395,-1352,-1045,-536,77,663,1108,1330,1287,987,500,-65,-602,-1012,-1213,-1168,-908,-477,30,514,874,1049,1028,817,450,13,-407,-734,-908,-904,-739,-452,-93,269,565,747,790,701,502,235,-53,-307,-498,-600,-604,-524,-388,-230,-68,0,0,0,0,0,-168,-328,-461,-547,-563,-490,-327,-98,170,437,646,760,755,614,352,15,-344,-655,-854,-900,-780,-503,-120,302,683,942,1018,898,605,179,-302,-742,-1039,-1134,-1011,-675,-186,355,835,1146,1238,1091,708,175,-405,-920,-1251,-1333,-1138,-708,-128,476,1002,1332,1383,1152,685,69,-564,-1089,-1394,-1406,-1127,-615,13,642,1139,1408,1374,1057,529,-104,-707,-1157,-1356,-1275,-927,-393,223,782,1160,1284,1127,738,196,-382,-867,-1141,-1167,-941,-510,20,543,944,1124,1046,735,260,-271,-738,-1035,-1091,-906,-519,-8,515,921,1123,1080,788,313,-232,-739,-1087,-1200,-1052,-663,-130,439,931,1218,1238,992,529,-55,0,-1078,-1287,-1218,-881,-353,260,818,1198,1319,1151,727,139,-478,-994,-1295,-1319,-1052,-545,81,695,1164,1387,1301,928,349,-311,-914,-1320,-1441,-1247,-785,-145,538,1102,1423,1442,1151,610,-69,-727,-1224,-1457,-1382,-1004,-410,270,882,1291,1415,1240,797,184,-459,-998,-1313,-1328,-1043,-539,69,659,1097,1281,1170,810,269,-321,-829,-1152,-1219,-1000,-563,-13,531,953,1155,1091,786,309,-229,-705,-1015,-1095,-934,-566,-79,415,807,1012,978,727,318,-154,-574,-855,-936,-796,-474,-48,372,696,857,809,563,189,-225,-582,-804,-833,-664,-323,94,493,775,880,777,487,79,-359,-723,-928,-919,-684,-296,169,610,0,0
61437,mtk,MTK 7916,862194000,rx2-tx1,512,0,0,0,517,-82,-669,-1127,-1342,-1262,-921,-380,260,843,1234,1372,1214,795,209,-424,-959,-1292,-1343,-1100,-631,-35,564,1037,1275,1232,917,405,-176,-712,-1092,-1212,-1065,-679,-150,399,858,1113,1100,831,379,-157,-651,-998,-1111,-959,-576,-58,475,902,1123,1099,818,324,-244,-755,-1104,-1207,-1031,-624,-67,522,1003,1254,1226,920,404,-203,-767,-1169,-1324,-1171,-744,-150,488,1025,1342,1363,1073,539,-124,-768,-1254,-1486,-1388,-965,-333,376,1026,1465,1582,1368,865,170,-561,-1182,-1557,-1608,-1321,-763,-33,702,1278,1582,1565,1224,621,-107,-797,-1317,-1559,-1477,-1082,-466,222,849,1298,1467,1323,918,339,-307,-863,-1210,-1295,0,-718,-176,379,831,1086,1085,851,456,-23,-481,-805,-940,-853,-568,-171,253,612,817,822,634,303,-101,-477,-733,-811,-694,-405,-11,377,676,825,770,524,146,-290,-673,-908,-949,-760,-376,108,589,961,1146,1086,776,284,-288,-823,-1204,-1352,-1221,-825,-243,410,980,1372,1499,1308,837,191,-501,-1094,-1485,-1586,-1364,-856,-177,545,1159,1561,1651,1413,902,225,-506,-1132,-1531,-1633,-1428,-958,-311,374,977,1378,1506,1347,953,388,-228,-777,-1158,-1299,-1189,-858,-387,126,596,928,1061,994,748,367,-62,-458,-743,-879,-849,-670,-371,-27,306,569,724,749,650,457,215,-42,-269,-428,-506,-509,-448,-339,0,0,0,0,0,165,-9,-200,-391,-550,-648,-660,-572,-385,-128,161,433,638,735,704,550,291,-22,-334,-592,-740,-745,-604,-339,-6,332,604,754,754,603,323,-30,-381,-670,-821,-794,-611,-284,115,486,768,896,832,593,234,-180,-564,-844,-952,-852,-584,-184,266,659,924,991,837,515,82,-379,-759,-983,-1001,-796,-432,22,479,840,1020,990,754,348,-139,-594,-910,-1036,-945,-648,-209,268,685,951,1009,853,507,50,-413,-780,-979,-968,-744,-350,122,570,894,1021,924,629,190,-284,-699,-976,-1045,-877,-534,-76,412,803,1016,1011,789,398,-78,-536,-880,-1027,-949,-670,-245,227,643,928,1010,871,542,0,-377,-762,-974,-971,-766,-394,63,505,836,975,900,631,224,-221,-607,-859,-918,-757,-426,-4,420,748,899,838,579,192,-255,-661,-913,-951,-782,-432,28,488,841,1018,974,708,278,-216,-668,-974,-1063,-912,-570,-104,392,797,1024,1028,799,378,-125,-592,-922,-1051,-932,-592,-125,367,782,1023,1021,786,366,-142,-626,-970,-1100,-970,-621,-132,394,852,1116,1123,879,439,-108,-648,-1053,-1219,-1118,-773,-246,344,862,1202,1283,1082,641,60,-534,-1023,-1291,-1280,-990,-488,110,673,1101,1289,1185,828,294,-305,-827,-1165,-1240,-1037,-613,-55,516,972,1211,1172,877,389,-197,-740,-1114,-1236,-1092,-702,-153,0,0,0,0,0,1206,1319,1147,722,137,-488,-1007,-1310,-1345,-1089,-591,28,641,1121,1360,1303,966,429,-187,-770,-1177,-1323,-1184,-793,-243,358,883,1193,1238,1011,563,-2,-559,-970,-1165,-1097,-776,-276,281,764,1052,1098,902,490,-42,-568,-954,-1123,-1027,-692,-193,359,839,1134,1163,920,468,-90,-643,-1056,-1238,-1146,-796,-251,364,895,1219,1281,1054,583,-26,-629,-1095,-1323,-1260,-906,-339,316,907,1305,1427,1229,748,100,-593,-1171,-1495,-1499,-1181,-599,118,817,1343,1593,1511,1112,467,-278,-961,-1452,-1630,-1462,-1001,-330,416,1053,1472,1593,1377,877,204,-516,-1116,-1460,-1496,-1232,-724,-76,576,1100,1372,1356,1064,557,-38,0,-1021,-1198,-1123,-815,-335,198,657,947,1016,866,530,88,-358,-716,-886,-844,-616,-247,177,542,766,810,661,349,-43,-418,-700,-815,-728,-457,-71,336,669,855,837,622,239,-218,-647,-951,-1059,-922,-565,-72,458,920,1204,1236,1005,547,-38,-635,-1123,-1391,-1378,-1086,-546,120,763,1262,1510,1465,1118,521,-181,-843,-1359,-1610,-1531,-1144,-541,173,860,1389,1637,1578,1212,605,-111,-791,-1303,-1561,-1525,-1213,-679,-27,610,1102,1370,1375,1113,657,106,-442,-889,-1148,-1168,-975,-612,-150,322,698,925,972,833,545,175,-209,-539,-758,-826,-745,-553,-269,49,331,529,640,655,568,406,214,28,-132,-251,0,0,0,0,0,459,536,543,464,307,94,-151,-386,-579,-694,-698,-586,-368,-80,227,500,689,758,677,464,166,-165,-467,-689,-775,-702,-486,-166,188,505,725,803,712,467,132,-243,-589,-814,-863,-728,-450,-63,353,689,887,916,748,412,-7,-434,-782,-961,-943,-720,-343,98,527,864,1017,939,660,254,-208,-637,-934,-1029,-915,-604,-152,335,742,990,1033,859,504,41,-439,-816,-1004,-986,-759,-367,99,543,871,1008,921,626,196,-274,-679,-934,-996,-838,-493,-39,436,816,1012,996,764,361,-125,-576,-903,-1046,-969,-683,-258,226,666,954,1029,882,541,90,-378,-768,-994,-1003,-786,-399,71,521,854,0,942,668,252,-220,-636,-905,-982,-847,-532,-97,362,727,924,920,704,333,-103,-511,-803,-901,-790,-499,-90,344,710,912,894,672,297,-158,-591,-896,-998,-878,-566,-120,367,772,1009,1028,827,442,-52,-542,-911,-1063,-979,-691,-251,258,705,984,1037,863,494,9,-482,-861,-1041,-979,-689,-248,255,709,996,1061,885,496,-12,-524,-924,-1117,-1069,-768,-280,272,763,1095,1186,1001,592,53,-505,-974,-1229,-1209,-925,-439,142,703,1130,1309,1195,826,281,-327,-862,-1211,-1305,-1118,-672,-87,499,975,1239,1239,958,460,-126,-674,-1080,-1240,-1118,-750,-223,352,853,1161,1214,987,541,-25,-598,-1035,-1240,0,0
61438,mtk,MTK 7916,862229067,rx0-tx0,512,-330,688,-719,844,720,567,369,161,-64,-282,-481,-641,-779,-872,-913,-902,-845,-742,-595,-419,-220,-3,199,406,577,725,837,897,911,871,789,661,494,294,84,-134,-341,-539,-706,-832,-915,-943,-913,-839,-712,-551,-356,-132,96,309,511,685,807,880,918,906,831,724,561,383,194,-20,-225,-420,-588,-718,-809,-869,-875,-825,-745,-625,-458,-271,-70,131,329,513,674,785,850,871,843,766,641,481,290,96,-107,-303,-477,-612,-715,-779,-792,-768,-702,-589,-452,-290,-119,52,222,375,503,593,650,680,672,627,557,452,322,181,38,-105,-244,-367,-480,-561,-619,-631,-610,-570,-494,-396,-273,-133,-26,145,287,411,519,587,630,639,614,555,463,346,199,40,-113,-266,-405,-523,-614,-666,-690,-669,-592,-501,-364,-220,-49,127,289,437,564,652,702,705,668,593,480,350,196,23,-155,-305,-449,-572,-657,-705,-715,-673,-598,-482,-344,-177,-3,175,344,505,624,694,732,726,664,567,421,250,66,-122,-297,-463,-593,-664,-709,-693,-619,-508,-370,-213,-43,124,276,392,478,523,527,503,442,356,265,152,41,-56,-147,-221,-277,-310,-323,-312,-293,-257,-209,-150,-87,-32,36,92,135,175,209,227,231,231,211,179,126,71,8,-58,-118,-172,-206,-222,-216,-186,-136,-70,2,68,834,845,510,774,-162,168,173,151,112,54,-21,-86,-151,-205,-234,-254,-250,-222,-187,-132,-70,-8,66,137,198,255,299,329,336,329,290,245,176,81,-22,-134,-249,-348,-432,-512,-545,-552,-513,-422,-312,-170,-5,178,360,516,641,738,793,784,710,601,433,228,-6,-235,-451,-666,-826,-931,-982,-962,-867,-721,-510,-276,-10,264,517,732,905,1019,1063,1046,944,786,579,335,68,-207,-459,-682,-864,-985,-1046,-1044,-982,-845,-672,-452,-197,55,300,535,721,881,985,1022,992,910,782,594,373,135,-114,-356,-554,-739,-876,-965,-992,-960,-875,-729,-550,-334,-107,136,366,574,742,874,943,963,918,828,301,531,324,104,-117,-327,-524,-686,-819,-911,-942,-921,-857,-745,-592,-401,-187,36,272,499,682,838,941,991,992,925,814,652,453,220,-24,-257,-479,-670,-824,-933,-999,-998,-951,-846,-699,-524,-313,-80,162,390,607,789,936,1027,1060,1043,962,827,646,418,173,-87,-351,-598,-815,-970,-1089,-1136,-1124,-1052,-909,-715,-474,-212,71,346,612,837,999,1115,1160,1142,1052,889,676,454,186,-93,-350,-589,-790,-943,-1034,-1073,-1060,-975,-837,-665,-449,-218,29,266,487,688,845,946,999,990,934,815,661,481,275,40,-184,-397,-590,-745,-862,-930,-949,-917,-828,-694,-519,-326,-103,121,336,529,-6,277,-82,-517,-58,-399,-583,-741,-855,-917,-926,-886,-789,-655,-487,-283,-73,140,345,536,692,805,884,903,883,811,693,543,356,154,-60,-265,-465,-643,-784,-874,-920,-916,-863,-759,-606,-430,-224,3,226,434,621,768,874,932,928,880,784,632,447,252,50,-171,-369,-555,-709,-808,-880,-902,-866,-784,-657,-505,-330,-137,78,276,455,623,753,833,869,861,809,712,569,391,197,-9,-214,-412,-576,-718,-805,-842,-836,-778,-678,-539,-380,-191,0,177,354,497,613,690,728,735,702,622,509,367,224,69,-95,-241,-374,-490,-571,-623,-640,-632,-588,-517,-411,-299,-162,-13,127,265,386,488,565,607,628,616,562,481,375,242,102,-56,-203,-344,-466,-572,-643,-669,-656,-616,-535,-429,-288,-137,26,201,351,481,592,667,707,695,643,556,437,287,121,-54,-220,-382,-512,-610,-679,-707,-689,-630,-549,-424,-273,-105,78,249,402,532,635,701,720,700,643,545,396,233,60,-131,-309,-476,-608,-698,-736,-723,-664,-565,-413,-248,-71,125,294,436,545,614,632,606,535,429,307,161,27,-105,-223,-311,-376,-418,-423,-401,-359,-297,-225,-147,-61,19,84,150,200,237,254,262,258,234,206,168,123,61,10,-47,-104,-156,-200,-224,-239,-230,-205,-162,-101,-32,44,113,162,186,186,160,117,-105,-82,752,-818,-1,-56,-116,-167,-209,-225,-211,-182,-130,-71,-11,67,127,183,234,262,282,283,261,225,176,109,31,-51,-138,-221,-286,-356,-402,-430,-432,-405,-335,-253,-134,1,139,294,428,536,620,672,673,623,521,380,206,4,-212,-402,-582,-743,-848,-898,-874,-808,-671,-476,-255,-11,252,495,710,879,984,1031,1005,913,754,546,292,31,-236,-495,-716,-901,-1016,-1064,-1044,-964,-826,-627,-388,-129,133,385,610,799,950,1027,1031,986,874,714,525,292,47,-208,-434,-651,-822,-932,-995,-1001,-935,-825,-668,-466,-240,2,235,465,663,818,925,977,968,905,781,621,420,200,-30,-259,-461,-176,-777,-881,-934,-935,-885,-777,-629,-456,-250,-28,190,397,590,747,866,942,965,942,848,709,537,327,97,-144,-380,-590,-769,-904,-990,-1006,-975,-892,-761,-579,-373,-136,100,328,546,728,872,975,1024,1017,956,846,686,487,253,8,-242,-492,-700,-879,-1008,-1079,-1105,-1058,-956,-781,-570,-330,-57,205,470,708,913,1061,1145,1166,1115,1000,817,595,343,60,-223,-496,-730,-900,-1030,-1114,-1116,-1058,-945,-775,-558,-321,-74,187,434,640,812,944,1015,1035,987,898,753,564,353,124,-112,-341,-549,-718,-847,-943,-977,-946,-875,-752,-593,-403,-189,37,255,464,643,780,879,937,932,871,769,1067,1041
61439,mtk,MTK 7916,862229067,rx0-tx1,512,-686,-76,-268,248,78,-100,-269,-414,-534,-635,-682,-683,-660,-596,-498,-368,-222,-73,78,224,353,457,538,585,602,589,548,473,379,270,153,23,-103,-231,-338,-427,-495,-542,-575,-572,-536,-478,-393,-283,-167,-34,105,239,363,469,552,615,644,635,594,523,413,282,134,-30,-189,-343,-478,-591,-680,-722,-720,-674,-592,-477,-337,-180,1,174,334,478,596,680,735,733,690,618,503,357,192,26,-145,-313,-454,-568,-656,-707,-712,-665,-601,-503,-373,-221,-62,102,259,401,517,610,666,682,665,600,511,395,252,97,-63,-215,-361,-483,-581,-641,-669,-659,-613,-531,-418,-279,-130,39,204,347,-38,577,647,672,662,616,528,409,275,113,-58,-218,-364,-491,-587,-650,-679,-658,-601,-509,-380,-241,-74,95,252,388,507,596,647,656,628,560,465,333,174,14,-138,-285,-415,-508,-586,-612,-601,-559,-481,-379,-257,-122,17,155,279,395,476,515,534,521,476,410,315,203,82,-27,-140,-256,-342,-401,-452,-471,-454,-427,-369,-287,-199,-87,24,129,233,323,392,437,450,436,394,323,237,128,22,-91,-189,-276,-342,-382,-394,-381,-344,-294,-220,-121,-21,77,167,237,298,336,345,327,292,237,156,60,-28,-112,-195,-257,-291,-300,-281,-227,-152,-65,31,120,178,208,205,171,-714,-544,0,-717,-526,-29,-100,-161,-204,-223,-210,-170,-111,-43,35,113,178,223,250,254,238,205,152,87,16,-52,-113,-171,-222,-247,-261,-246,-213,-170,-118,-58,6,73,124,160,189,203,206,196,174,152,116,74,38,7,-27,-59,-87,-110,-129,-145,-158,-178,-174,-169,-165,-132,-103,-60,-17,40,92,137,181,215,233,241,234,218,178,135,76,24,-32,-87,-146,-175,-208,-243,-254,-255,-246,-223,-180,-139,-88,-21,37,113,175,224,272,305,330,331,305,263,201,130,45,-44,-127,-211,-287,-338,-374,-387,-373,-343,-291,-221,-141,-52,41,135,219,299,361,393,403,404,379,333,261,173,-48,-26,-121,-221,-317,-391,-438,-463,-469,-445,-400,-324,-231,-120,-3,119,236,343,439,507,540,541,512,458,365,260,127,-9,-138,-263,-377,-464,-530,-568,-564,-531,-481,-400,-297,-175,-34,95,220,342,452,524,583,606,598,553,475,380,264,127,-24,-174,-313,-435,-536,-616,-658,-663,-634,-576,-481,-343,-193,-37,138,301,444,570,672,737,746,718,654,554,405,233,45,-138,-322,-488,-614,-720,-779,-780,-742,-664,-550,-394,-219,-43,141,316,473,602,698,750,763,730,656,541,397,235,63,-119,-290,-450,-583,-673,-733,-748,-722,-650,-552,-415,-249,-67,111,277,435,566,662,717,-5,-353,9,933,-851,-664,-712,-708,-661,-567,-454,-308,-139,19,179,332,458,555,617,645,637,593,517,424,310,174,33,-105,-236,-351,-442,-510,-557,-579,-568,-535,-460,-377,-270,-162,-34,96,220,331,436,514,571,603,597,560,495,404,293,160,12,-136,-277,-409,-522,-607,-665,-684,-663,-607,-511,-389,-237,-73,97,263,414,546,645,712,738,712,654,556,426,273,101,-84,-248,-404,-541,-644,-702,-723,-712,-654,-553,-431,-285,-120,56,215,360,493,595,659,689,682,638,557,448,313,158,3,-157,-308,-438,-547,-625,-668,-670,-637,-568,-470,-342,-192,-38,123,272,412,528,612,667,684,651,580,634,352,198,37,-124,-287,-432,-543,-623,-671,-673,-637,-569,-463,-326,-178,-14,154,310,451,556,629,673,666,616,536,429,292,132,-36,-198,-345,-470,-571,-625,-642,-621,-571,-472,-357,-221,-63,83,231,356,457,527,567,573,542,484,399,281,159,36,-97,-215,-312,-404,-463,-489,-490,-477,-425,-340,-248,-152,-29,81,187,284,356,418,460,458,435,390,318,224,109,-3,-114,-212,-298,-371,-419,-429,-415,-374,-314,-229,-130,-24,79,173,248,317,359,372,362,322,264,194,108,14,-80,-163,-236,-294,-321,-320,-298,-249,-171,-86,6,103,184,241,266,264,225,158,79,-7,-78,560,739,0,29,460,-174,-161,-119,-58,18,96,163,214,245,251,226,179,123,55,-18,-91,-157,-207,-244,-258,-250,-226,-191,-140,-80,-17,59,116,170,210,238,244,231,195,156,108,54,5,-43,-83,-116,-148,-162,-163,-161,-154,-143,-134,-120,-97,-66,-41,-10,32,57,101,140,171,200,216,221,205,184,151,101,46,-15,-70,-131,-176,-212,-233,-241,-247,-239,-207,-164,-129,-76,-18,32,85,147,197,229,267,285,288,277,241,205,150,87,10,-78,-150,-220,-282,-331,-362,-361,-342,-308,-246,-170,-91,3,96,182,256,316,361,390,392,375,333,281,197,103,10,-87,-183,-266,-337,-387,-1135,-436,-423,-392,-332,-248,-151,-50,60,171,274,368,437,490,514,505,463,398,309,194,63,-65,-192,-313,-417,-497,-555,-568,-548,-502,-424,-321,-209,-76,61,185,306,411,494,554,583,574,540,480,387,277,157,11,-128,-267,-387,-485,-566,-616,-636,-620,-567,-480,-367,-236,-87,62,218,363,502,605,667,707,710,658,578,460,311,135,-46,-218,-384,-540,-659,-738,-774,-770,-721,-615,-481,-323,-134,59,238,406,558,673,743,773,763,702,604,473,315,143,-42,-218,-383,-525,-638,-711,-750,-741,-693,-608,-483,-328,-162,20,198,357,500,621,706,743,734,682,596,470,320,152,718,628
61440,mtk,MTK 7916,862229067,rx1-tx0,512,0,-349,178,-359,-456,-529,-570,-586,-572,-519,-454,-356,-230,-87,62,212,346,475,585,668,712,713,678,609,489,336,168,-21,-220,-394,-563,-703,-800,-858,-858,-809,-708,-573,-391,-174,43,268,484,667,821,918,951,946,867,741,571,362,137,-94,-328,-543,-712,-849,-927,-958,-932,-856,-725,-554,-361,-147,76,290,489,659,799,899,938,928,882,766,610,423,201,-22,-242,-456,-638,-792,-896,-947,-950,-893,-779,-617,-424,-204,14,244,458,643,786,880,920,906,850,739,581,393,175,-34,-255,-455,-616,-741,-828,-858,-833,-759,-652,-500,-316,-128,64,261,421,554,648,700,725,698,631,541,-277,279,110,-38,-180,-311,-426,-512,-566,-583,-572,-535,-473,-393,-298,-181,-57,57,173,284,379,460,510,546,542,511,461,377,279,171,44,-75,-201,-325,-412,-489,-544,-565,-556,-533,-465,-377,-286,-155,-21,125,269,399,514,598,654,679,662,612,515,382,223,54,-134,-317,-494,-658,-766,-819,-824,-774,-680,-528,-343,-122,113,332,542,707,814,883,873,796,679,512,314,89,-125,-330,-513,-656,-739,-760,-740,-675,-559,-421,-253,-79,102,264,399,516,589,613,602,547,458,344,206,69,-81,-224,-338,-427,-488,-506,-484,-422,-333,-212,-71,72,204,314,385,403,372,294,184,73,-134,-292,0,634,-378,-56,-70,-69,-59,-41,-22,3,32,52,71,88,99,106,106,90,73,51,12,-13,-37,-70,-97,-113,-131,-142,-142,-135,-119,-90,-64,-29,15,55,94,142,179,200,214,219,212,185,153,111,48,-29,-98,-177,-248,-299,-341,-362,-361,-328,-276,-186,-88,15,137,249,350,437,487,496,485,427,336,210,79,-65,-211,-343,-436,-510,-550,-554,-513,-435,-339,-216,-77,62,214,340,420,488,524,518,495,425,323,202,77,-45,-160,-258,-341,-395,-421,-424,-403,-354,-296,-223,-131,-52,21,98,152,217,252,289,314,320,321,302,280,234,176,106,36,-44,-126,-199,-273,-327,489,-401,-407,-394,-354,-294,-207,-97,6,117,228,323,404,466,501,503,473,412,326,226,112,-14,-145,-263,-369,-450,-514,-548,-547,-514,-448,-358,-253,-123,15,144,273,386,478,540,571,574,537,475,387,274,145,26,-110,-243,-355,-442,-518,-564,-570,-550,-497,-432,-341,-230,-99,30,156,284,387,477,547,589,602,591,544,461,354,217,71,-93,-253,-406,-536,-633,-685,-715,-689,-623,-522,-373,-208,-26,151,320,473,577,650,696,692,645,557,436,299,150,-6,-155,-279,-395,-485,-544,-576,-574,-541,-479,-406,-308,-196,-82,42,154,259,352,426,479,513,517,498,459,400,314,-391,-31,0,-130,64,-433,-338,-229,-100,26,167,291,401,506,587,632,646,619,563,479,365,220,55,-118,-282,-443,-591,-693,-766,-803,-782,-715,-616,-460,-283,-73,140,347,535,691,822,897,918,893,800,661,483,266,45,-189,-420,-614,-780,-893,-953,-959,-911,-800,-653,-463,-246,-19,204,423,617,764,863,929,939,900,804,664,494,289,67,-140,-361,-560,-717,-847,-932,-952,-925,-837,-707,-540,-327,-104,124,349,551,720,845,919,938,915,822,691,515,311,89,-134,-345,-543,-700,-816,-879,-891,-862,-762,-623,-457,-263,-50,163,353,522,660,746,783,787,735,640,514,357,191,16,-164,-316,-445,315,-619,-650,-638,-604,-542,-452,-335,-207,-69,62,189,297,388,464,522,546,538,512,459,386,291,179,62,-70,-185,-299,-396,-472,-528,-550,-539,-516,-453,-375,-280,-162,-23,104,230,356,441,525,583,602,603,566,500,400,271,128,-31,-198,-359,-505,-624,-701,-750,-752,-707,-624,-484,-296,-96,112,322,518,683,805,877,876,815,705,526,336,113,-130,-348,-534,-690,-795,-837,-817,-749,-630,-468,-273,-73,116,301,456,572,648,674,662,597,509,386,232,73,-86,-240,-364,-463,-521,-546,-545,-490,-400,-293,-162,-21,120,248,356,431,464,450,399,308,177,35,-99,-210,-275,-290,352,239,0,-405,-390,-18,2,26,51,67,83,92,85,73,58,42,15,-10,-40,-64,-85,-109,-118,-113,-117,-112,-89,-62,-33,4,34,67,102,129,146,166,173,172,165,148,105,62,11,-43,-106,-161,-204,-242,-271,-284,-275,-260,-209,-147,-73,15,113,206,299,380,420,441,426,376,309,217,90,-37,-172,-294,-405,-489,-536,-543,-505,-431,-331,-217,-77,71,222,341,437,513,551,557,522,434,323,207,66,-57,-183,-304,-393,-452,-482,-480,-444,-383,-303,-205,-102,4,103,190,257,315,347,349,350,325,298,262,205,153,78,14,-51,-112,-176,-240,-294,-328,-352,-363,-350,-321,-273,-205,-571,-32,61,161,254,338,408,447,456,454,415,354,272,168,48,-72,-194,-302,-398,-468,-514,-534,-519,-472,-392,-295,-179,-51,79,214,333,428,504,553,562,542,501,427,326,202,65,-71,-206,-322,-425,-505,-544,-566,-560,-516,-440,-354,-250,-119,18,147,259,357,447,524,560,569,559,512,437,345,230,102,-40,-176,-316,-437,-545,-621,-660,-664,-627,-559,-450,-308,-149,21,203,359,507,621,692,722,701,641,537,400,255,83,-87,-248,-390,-503,-582,-626,-641,-607,-549,-464,-346,-224,-92,39,168,277,372,452,503,535,538,505,457,390,305,200,82,-36,-143,-252,-350,-450,-639,-753
61441,mtk,MTK 7916,862229067,rx1-tx1,512,0,0,0,644,481,174,-187,-499,-668,-647,-442,-115,253,543,677,613,375,37,-304,-559,-642,-539,-293,40,361,558,580,437,166,-156,-422,-550,-512,-321,-35,270,482,548,451,214,-93,-377,-541,-535,-369,-91,226,468,569,506,282,-34,-342,-549,-598,-465,-190,144,440,611,601,414,113,-226,-510,-645,-583,-351,-23,310,558,642,534,271,-69,-386,-584,-606,-452,-167,173,454,600,567,364,53,-276,-525,-617,-528,-284,51,369,577,622,484,205,-132,-432,-607,-612,-439,-145,185,461,608,575,372,69,-241,-482,-583,-522,-317,-20,285,499,558,466,249,-33,-295,-475,-510,-390,-180,68,286,0,416,293,92,-114,-280,-350,-306,-172,8,174,272,281,200,43,-127,-260,-303,-246,-106,75,232,319,306,195,15,-193,-355,-400,-323,-157,72,299,444,456,339,118,-153,-394,-527,-514,-358,-90,217,477,603,554,345,38,-294,-551,-663,-596,-350,2,355,609,707,606,332,-38,-403,-662,-743,-624,-334,54,433,699,778,645,342,-58,-441,-712,-792,-662,-355,37,414,685,776,665,380,2,-367,-633,-725,-634,-382,-33,313,562,663,590,368,63,-243,-479,-582,-528,-354,-95,185,396,503,484,342,125,-113,-314,-427,-435,-339,-173,24,200,322,371,346,251,113,-27,-139,-212,-241,0,0,0,0,0,52,-83,-231,-361,-434,-428,-329,-148,86,321,501,576,525,345,77,-223,-485,-644,-647,-488,-206,138,459,671,715,577,287,-82,-434,-684,-755,-623,-325,70,446,703,775,636,312,-97,-490,-759,-818,-644,-286,154,566,823,857,656,262,-210,-627,-877,-899,-666,-234,261,680,921,908,639,197,-301,-721,-937,-891,-598,-128,382,779,944,845,512,34,-465,-836,-955,-803,-425,78,556,882,951,737,306,-212,-672,-945,-946,-666,-188,351,791,1017,948,600,77,-483,-913,-1084,-943,-536,33,608,1020,1148,959,494,-117,-704,-1099,-1194,-961,-458,173,763,1148,1212,943,418,-237,-821,-1166,-1190,0,-320,309,852,1162,1135,775,199,-426,-921,-1147,-1052,-657,-73,537,995,1163,991,518,-99,-682,-1076,-1160,-917,-405,233,803,1147,1158,831,279,-352,-900,-1186,-1127,-753,-172,462,971,1193,1071,653,59,-548,-998,-1163,-987,-520,71,628,1011,1098,850,363,-213,-721,-1018,-1003,-684,-181,370,803,995,890,514,-19,-540,-900,-993,-793,-355,189,676,968,983,709,228,-317,-777,-1007,-947,-622,-126,403,819,1000,890,529,25,-478,-844,-964,-807,-429,62,516,818,884,693,310,-144,-539,-764,-758,-539,-171,227,544,690,623,369,17,-330,-569,-628,-489,-210,127,424,590,565,368,53,-277,-521,-611,0,0,0,0,0,139,458,644,643,462,142,-228,-525,-670,-628,-408,-69,292,559,662,581,331,-10,-335,-561,-623,-497,-227,97,377,543,552,385,102,-205,-446,-549,-483,-268,30,318,510,538,405,154,-151,-420,-553,-520,-329,-31,278,511,589,486,236,-93,-390,-583,-605,-439,-139,196,473,615,584,383,62,-280,-543,-647,-560,-315,24,354,576,627,496,220,-115,-419,-591,-587,-411,-114,222,496,614,550,326,-1,-326,-554,-622,-511,-251,92,407,595,618,467,176,-166,-454,-604,-590,-413,-110,225,476,588,540,339,37,-262,-480,-566,-498,-282,11,292,473,528,436,219,-52,-297,-449,-462,-344,0,83,278,376,354,229,41,-146,-275,-319,-253,-106,64,211,291,267,150,-17,-184,-298,-316,-221,-52,134,286,357,323,176,-34,-248,-398,-429,-328,-132,115,345,481,486,350,105,-185,-433,-563,-536,-356,-68,254,510,626,566,351,25,-317,-579,-674,-586,-329,27,377,636,729,619,334,-44,-422,-689,-765,-633,-333,63,451,710,778,653,353,-47,-440,-707,-786,-659,-362,25,396,661,752,653,385,26,-337,-600,-699,-616,-375,-44,284,529,629,571,370,85,-210,-430,-535,-509,-353,-106,149,353,464,463,349,153,-72,-264,-383,-415,-353,-212,-42,116,245,316,315,253,158,52,0,0,0,0,0,305,334,300,197,29,-172,-360,-485,-518,-444,-259,9,285,500,615,596,428,145,-182,-474,-657,-683,-541,-251,106,442,674,734,601,310,-67,-436,-687,-758,-624,-312,90,469,725,786,634,301,-131,-532,-788,-829,-649,-282,182,592,854,884,665,261,-226,-651,-895,-904,-666,-225,283,713,937,904,619,160,-339,-750,-959,-890,-562,-86,420,801,948,832,476,-13,-500,-855,-957,-769,-365,146,618,911,939,693,247,-279,-734,-983,-947,-631,-128,415,853,1045,936,561,18,-538,-958,-1118,-956,-516,77,658,1073,1192,974,482,-152,-742,-1132,-1215,-957,-435,208,793,1159,1207,917,374,-265,0,-1172,-1160,-829,-266,374,900,1162,1097,725,138,-478,-957,-1162,-1022,-591,7,604,1031,1159,943,458,-154,-736,-1108,-1159,-880,-346,295,853,1172,1152,803,227,-420,-941,-1190,-1106,-711,-110,521,991,1176,1032,590,-18,-610,-1017,-1134,-928,-455,144,681,1012,1038,762,265,-296,-762,-997,-932,-591,-84,456,858,994,840,429,-113,-615,-944,-1000,-748,-289,250,723,988,970,668,172,-370,-804,-1007,-923,-580,-67,460,848,993,857,478,-21,-501,-832,-924,-750,-372,98,528,792,819,611,235,-197,-544,-723,-690,-456,-97,275,556,659,558,290,-57,-377,-578,-595,-425,-128,209,483,595,539,316,-18,0,0
61442,mtk,MTK 7916,862229067,rx2-tx0,512,0,0,0,1016,635,58,-552,-1023,-1209,-1048,-572,80,722,1166,1279,1027,476,-215,-858,-1260,-1303,-970,-359,362,983,1315,1269,860,206,-513,-1079,-1330,-1196,-716,-25,676,1176,1326,1092,536,-179,-840,-1249,-1285,-948,-332,388,988,1287,1210,778,115,-580,-1103,-1302,-1115,-593,94,748,1185,1269,976,405,-285,-882,-1215,-1182,-798,-184,475,984,1195,1045,584,-44,-659,-1069,-1146,-871,-341,294,833,1109,1047,665,80,-532,-989,-1139,-942,-461,175,769,1123,1141,819,238,-422,-962,-1228,-1129,-685,-40,626,1118,1287,1076,545,-150,-808,-1236,-1313,-1009,-406,318,960,1327,1312,914,255,-477,-1080,-1372,-1267,-799,-101,629,1171,0,1182,655,-62,-754,-1227,-1348,-1077,-495,231,889,1283,1300,942,306,-419,-1028,-1343,-1263,-815,-130,597,1156,1390,1217,682,-52,-779,-1281,-1420,-1162,-559,210,918,1377,1442,1100,443,-356,-1059,-1451,-1433,-1023,-318,489,1151,1488,1405,928,189,-606,-1227,-1500,-1358,-839,-75,702,1272,1491,1292,728,-39,-790,-1308,-1462,-1204,-604,156,862,1319,1421,1125,515,-229,-904,-1327,-1387,-1067,-463,261,909,1303,1339,1019,435,-253,-855,-1221,-1258,-963,-422,218,776,1107,1141,883,403,-158,-662,-974,-1024,-804,-390,105,550,840,912,753,410,-18,-419,-698,-804,-711,-459,-122,225,498,647,653,526,309,60,-164,-318,-396,0,0,0,0,0,398,342,202,-12,-262,-487,-634,-656,-525,-263,74,421,689,801,727,468,78,-350,-704,-893,-860,-595,-169,315,739,979,961,689,223,-323,-798,-1068,-1063,-769,-253,349,870,1167,1152,827,260,-402,-954,-1256,-1223,-857,-246,442,1019,1320,1261,860,210,-509,-1095,-1393,-1305,-850,-165,568,1161,1429,1297,807,96,-637,-1190,-1424,-1249,-731,-23,687,1201,1370,1154,630,-79,-750,-1186,-1289,-1027,-477,201,808,1171,1190,863,297,-342,-872,-1137,-1071,-680,-92,506,948,1106,925,471,-121,-678,-1029,-1084,-807,-275,340,852,1117,1056,674,87,-529,-1000,-1188,-1025,-557,79,701,1132,1238,983,444,-230,-850,-1227,0,-905,-301,392,981,1281,1201,784,140,-553,-1095,-1319,-1150,-643,47,734,1215,1339,1067,479,-253,-923,-1321,-1337,-972,-319,442,1083,1409,1326,862,146,-621,-1214,-1456,-1283,-740,24,784,1310,1461,1193,587,-185,-904,-1359,-1408,-1053,-406,352,1002,1359,1312,880,203,-520,-1085,-1324,-1169,-679,9,686,1147,1258,997,443,-228,-822,-1171,-1166,-814,-229,408,924,1161,1049,622,21,-576,-992,-1110,-897,-428,157,690,1014,1023,722,219,-330,-770,-972,-874,-511,-7,483,818,897,695,286,-204,-617,-831,-788,-498,-47,413,742,837,673,288,-192,-612,-847,-821,-536,-73,416,788,925,778,386,-138,-626,-938,-982,0,0,0,0,0,463,936,1152,1033,604,-17,-648,-1103,-1251,-1038,-525,152,795,1219,1300,1008,422,-289,-920,-1293,-1292,-919,-285,431,1026,1327,1243,789,113,-592,-1128,-1337,-1153,-630,74,750,1210,1310,1018,430,-279,-904,-1262,-1251,-867,-224,486,1055,1308,1171,698,18,-668,-1149,-1290,-1054,-503,190,817,1204,1234,894,294,-385,-943,-1207,-1116,-698,-71,572,1031,1175,969,465,-175,-749,-1096,-1103,-768,-206,416,916,1128,996,560,-51,-648,-1052,-1139,-875,-340,304,863,1172,1135,752,130,-538,-1050,-1256,-1096,-615,58,727,1188,1308,1052,478,-239,-886,-1289,-1324,-965,-325,403,1019,1347,1288,862,181,-554,-1128,-1381,-1235,-729,0,686,1198,1362,1135,575,-152,-831,-1262,-1327,-1008,-406,320,957,1312,1284,882,217,-515,-1098,-1368,-1241,-747,-39,688,1227,1407,1179,617,-131,-849,-1334,-1438,-1126,-490,286,983,1412,1447,1065,375,-423,-1104,-1471,-1427,-978,-250,548,1193,1499,1388,888,136,-656,-1254,-1499,-1320,-777,-24,738,1299,1486,1243,665,-90,-828,-1329,-1450,-1163,-556,194,883,1331,1405,1092,482,-255,-920,-1325,-1365,-1042,-437,276,894,1264,1301,992,429,-237,-819,-1165,-1206,-927,-408,191,715,1039,1085,850,404,-135,-611,-909,-961,-773,-397,66,488,770,855,727,428,43,-328,-609,-736,-697,-505,-218,89,349,512,558,494,355,178,0,0,0,0,0,121,312,464,544,518,376,132,-169,-461,-672,-737,-633,-375,-12,372,690,850,796,535,125,-331,-721,-938,-913,-645,-198,313,763,1020,1007,725,239,-330,-829,-1118,-1107,-795,-257,368,905,1211,1193,840,260,-408,-988,-1301,-1257,-867,-237,469,1054,1352,1289,865,186,-544,-1124,-1401,-1297,-837,-134,614,1183,1420,1270,772,69,-657,-1201,-1400,-1216,-694,19,716,1202,1340,1101,557,-130,-774,-1186,-1244,-948,-391,270,845,1158,1130,777,200,-424,-914,-1125,-999,-577,12,586,988,1093,867,373,-234,-767,-1072,-1064,-741,-185,433,926,1153,1041,614,3,-623,-1079,-1217,-1007,-502,154,777,1179,1243,945,376,0,-915,-1249,-1226,-844,-211,483,1040,1303,1187,720,42,-653,-1161,-1329,-1111,-571,146,825,1268,1339,1020,400,-347,-1002,-1370,-1342,-919,-228,537,1158,1441,1307,799,55,-704,-1261,-1462,-1244,-661,112,849,1339,1445,1136,499,-274,-961,-1363,-1369,-979,-308,435,1040,1333,1238,779,97,-603,-1118,-1298,-1089,-558,127,764,1163,1219,910,340,-322,-885,-1178,-1110,-724,-133,497,973,1148,978,520,-77,-640,-1004,-1059,-804,-319,258,744,994,951,630,118,-413,-801,-944,-795,-402,96,550,831,848,598,164,-315,-685,-838,-728,-391,70,514,799,834,603,185,-300,-696,-886,-803,-459,33,528,868,946,745,306,-241,0,0
61443,mtk,MTK 7916,862229067,rx2-tx1,512,0,0,0,-409,195,758,1103,1137,845,308,-320,-860,-1156,-1126,-772,-195,436,941,1178,1072,657,66,-537,-987,-1150,-976,-526,63,632,1017,1085,838,356,-220,-728,-1008,-978,-656,-154,386,807,978,853,464,-67,-572,-900,-943,-696,-231,311,755,975,893,532,11,-524,-911,-1023,-829,-381,190,710,1027,1037,730,203,-391,-882,-1112,-1013,-615,-15,590,1015,1151,945,445,-190,-781,-1159,-1181,-849,-271,402,974,1270,1194,765,112,-588,-1134,-1361,-1201,-694,15,725,1241,1407,1177,616,-124,-824,-1293,-1403,-1120,-519,220,889,1312,1365,1034,425,-293,-926,-1293,-1289,-930,-327,352,921,1221,1183,811,226,-398,-891,-1116,0,-651,-115,438,837,976,837,460,-34,-492,-785,-836,-635,-250,196,562,749,708,443,49,-349,-625,-709,-573,-249,149,491,675,649,414,36,-356,-642,-726,-579,-247,184,583,820,810,550,109,-389,-799,-1000,-912,-541,-5,549,984,1154,993,543,-68,-675,-1124,-1268,-1062,-560,111,767,1219,1345,1101,553,-154,-840,-1300,-1398,-1135,-579,140,831,1305,1434,1180,614,-108,-788,-1263,-1412,-1192,-671,10,674,1146,1307,1132,679,77,-522,-974,-1159,-1029,-649,-128,403,802,975,890,582,146,-307,-664,-831,-778,-532,-164,221,531,703,697,524,236,-93,-378,-561,-607,-524,-344,-107,128,303,391,400,343,0,0,0,0,0,-187,-17,183,377,520,569,500,320,63,-224,-470,-608,-614,-479,-225,96,399,600,650,533,276,-55,-374,-602,-673,-557,-290,61,394,620,678,550,271,-101,-457,-679,-719,-562,-240,159,516,735,757,567,203,-220,-591,-798,-781,-549,-159,279,647,839,793,520,95,-357,-715,-874,-785,-468,-14,442,774,892,763,417,-59,-523,-832,-905,-720,-332,139,576,851,870,644,246,-229,-634,-852,-824,-550,-117,343,705,863,771,452,0,-453,-774,-873,-715,-350,120,559,845,888,668,257,-222,-642,-889,-872,-599,-171,307,701,883,811,515,66,-404,-757,-883,-754,-414,46,497,802,869,687,0,-167,-588,-834,-839,-600,-186,276,652,844,790,509,79,-367,-694,-815,-690,-359,82,494,741,754,547,172,-262,-625,-801,-729,-435,-4,439,765,858,686,317,-153,-595,-865,-884,-640,-204,282,694,910,856,539,70,-412,-781,-923,-789,-414,85,549,850,893,661,235,-254,-671,-890,-841,-529,-49,448,807,928,765,362,-145,-622,-921,-937,-675,-206,332,782,1001,928,578,41,-516,-921,-1059,-890,-458,116,665,1031,1098,843,341,-261,-792,-1095,-1085,-764,-219,387,878,1107,1018,642,80,-505,-942,-1095,-934,-500,76,621,985,1059,811,329,-245,-746,-1026,-1003,-684,-160,413,866,1072,954,541,0,0,0,0,0,-1054,-1117,-865,-364,259,817,1139,1134,809,250,-388,-917,-1179,-1099,-718,-133,491,969,1169,1032,597,-2,-588,-997,-1121,-923,-453,141,676,1005,1033,753,254,-299,-758,-996,-922,-564,-45,478,851,963,772,342,-188,-660,-935,-919,-614,-123,412,836,1000,860,459,-96,-633,-981,-1037,-787,-297,293,808,1082,1031,672,116,-485,-950,-1138,-983,-527,91,684,1084,1168,904,354,-310,-887,-1212,-1187,-809,-187,504,1062,1317,1204,732,44,-663,-1200,-1397,-1191,-655,66,783,1277,1405,1143,570,-162,-851,-1305,-1390,-1081,-474,260,908,1300,1330,990,368,-335,-930,-1271,-1244,-877,-284,374,906,1178,1117,747,184,0,-852,-1049,-935,-561,-45,465,812,906,736,355,-108,-524,-769,-768,-533,-149,270,595,726,636,348,-50,-424,-656,-677,-488,-140,253,567,711,628,326,-85,-475,-728,-774,-575,-176,294,694,906,854,534,44,-474,-884,-1067,-948,-547,27,627,1064,1210,1023,543,-102,-732,-1178,-1314,-1084,-553,134,797,1260,1377,1109,554,-151,-837,-1303,-1412,-1156,-592,129,821,1301,1435,1196,650,-59,-742,-1217,-1369,-1172,-691,-43,596,1058,1235,1092,676,104,-468,-892,-1068,-967,-626,-150,348,731,897,828,555,159,-263,-597,-764,-735,-523,-190,163,457,628,650,528,287,-3,-270,-454,-534,-498,-373,-199,-20,136,0,0,0,0,0,-381,-463,-463,-367,-187,52,306,499,592,572,419,154,-150,-423,-600,-635,-511,-256,69,379,595,658,546,286,-51,-381,-610,-672,-547,-274,78,421,655,702,559,249,-133,-485,-706,-736,-558,-220,192,555,774,771,556,190,-245,-621,-821,-787,-538,-136,313,680,862,796,491,49,-402,-742,-877,-767,-431,30,486,809,903,745,379,-101,-548,-840,-889,-686,-287,185,601,845,844,605,191,-282,-674,-865,-795,-499,-61,392,736,865,734,389,-64,-517,-822,-881,-687,-301,171,607,870,880,649,223,-272,-679,-886,-849,-570,-122,358,726,891,795,457,-3,-454,-783,-882,-716,-351,113,550,0,865,649,252,-224,-635,-850,-816,-554,-140,321,677,826,735,429,-4,-419,-704,-783,-624,-265,170,549,772,752,492,86,-350,-687,-816,-704,-379,76,520,815,876,677,271,-224,-660,-900,-878,-605,-153,347,745,922,824,487,7,-471,-811,-909,-727,-329,162,610,870,867,602,148,-348,-741,-912,-799,-447,41,534,867,938,724,291,-241,-705,-962,-936,-626,-122,420,845,1032,911,515,-36,-588,-980,-1086,-873,-399,188,730,1072,1101,808,284,-322,-839,-1116,-1067,-711,-154,448,911,1103,985,582,7,-569,-964,-1078,-876,-413,166,689,1014,1037,748,239,-333,-816,-1057,-979,-614,-70,506,939,0,0
61444,mtk,MTK 7916,862265263,rx0-tx0,512,-330,-719,-840,-658,-436,-176,96,353,579,764,869,913,876,756,582,366,115,-149,-391,-605,-771,-866,-895,-848,-732,-556,-340,-80,181,422,636,802,896,915,864,725,534,301,28,-232,-483,-691,-838,-926,-920,-847,-692,-474,-222,36,300,538,727,854,905,881,790,627,417,169,-81,-329,-552,-719,-838,-877,-839,-749,-600,-394,-155,95,336,541,714,822,859,837,726,554,341,98,-150,-389,-592,-729,-819,-838,-774,-650,-467,-250,-17,213,424,588,703,761,745,661,536,372,175,-28,-214,-391,-531,-621,-662,-654,-586,-478,-333,-162,20,195,353,486,581,616,609,559,459,336,174,-2,-172,-330,-26,-563,-619,-622,-577,-470,-332,-170,12,195,360,507,606,649,645,577,460,305,123,-71,-260,-435,-574,-660,-681,-653,-564,-422,-239,-42,161,354,515,630,694,692,622,500,349,156,-54,-254,-429,-572,-668,-701,-676,-586,-448,-260,-59,158,357,531,651,709,717,648,514,334,127,-106,-326,-505,-641,-706,-706,-641,-506,-325,-110,116,310,469,580,631,616,538,405,242,58,-114,-257,-368,-436,-464,-439,-377,-289,-187,-66,44,146,227,282,303,305,278,234,172,106,28,-57,-116,-169,-211,-234,-233,-222,-187,-128,-64,8,86,152,195,227,229,195,147,70,-18,-95,-155,-180,-165,-40,-301,510,487,162,-86,-149,-189,-195,-175,-128,-52,22,100,169,221,249,254,228,176,115,24,-60,-140,-212,-275,-314,-323,-309,-264,-189,-98,13,139,255,368,447,482,471,422,313,177,13,-177,-370,-517,-622,-681,-665,-587,-433,-229,13,255,477,671,802,869,837,707,514,257,-36,-326,-599,-817,-952,-996,-945,-787,-566,-285,43,367,641,868,1006,1043,984,828,595,308,-6,-321,-611,-839,-984,-1042,-1000,-864,-648,-382,-86,229,521,751,921,1004,1006,902,721,497,213,-82,-372,-637,-839,-955,-991,-940,-803,-596,-337,-59,230,493,717,881,961,952,873,706,474,213,-61,-342,-590,-779,-901,-926,301,-780,-610,-380,-124,139,403,617,791,895,924,875,755,579,348,83,-188,-450,-678,-849,-956,-974,-909,-771,-548,-287,-2,287,548,768,922,989,977,886,719,485,219,-64,-336,-599,-802,-946,-1003,-988,-887,-717,-481,-209,88,386,648,865,1009,1067,1042,922,728,462,159,-166,-474,-742,-961,-1091,-1132,-1078,-926,-689,-390,-55,284,594,862,1042,1134,1126,1026,815,558,247,-87,-411,-687,-900,-1043,-1092,-1044,-910,-709,-436,-134,173,462,703,891,1002,1028,962,813,612,353,64,-214,-480,-705,-863,-952,-951,-884,-747,-540,-289,-14,257,503,705,847,931,922,838,690,479,237,-29,-293,-532,1057,952,-82,-500,-259,648,815,905,914,846,713,513,271,21,-246,-484,-678,-817,-897,-890,-810,-670,-463,-223,30,288,512,700,832,897,879,795,645,435,185,-70,-326,-565,-740,-871,-924,-892,-797,-617,-398,-138,136,394,630,802,898,920,870,743,558,330,67,-193,-439,-644,-794,-877,-885,-822,-687,-502,-286,-34,206,430,629,772,852,861,792,665,486,255,12,-239,-474,-657,-792,-859,-850,-772,-612,-415,-195,54,297,505,669,763,795,760,664,510,317,99,-123,-321,-483,-619,-698,-700,-654,-563,-425,-261,-75,118,297,442,554,620,636,601,526,407,246,71,-95,-259,-404,-514,-594,-611,-587,-517,628,-261,-93,88,266,424,536,615,646,615,533,409,237,60,-135,-315,-467,-588,-658,-667,-620,-520,-368,-182,18,210,398,548,650,687,677,596,465,293,99,-117,-315,-479,-605,-686,-698,-646,-551,-402,-216,-6,208,397,551,650,701,693,619,486,302,100,-118,-334,-511,-637,-716,-730,-658,-525,-347,-128,92,311,492,621,692,677,592,461,287,88,-117,-301,-440,-527,-559,-529,-453,-344,-202,-56,91,207,297,357,375,359,315,252,167,76,-12,-94,-162,-211,-244,-265,-253,-219,-178,-119,-48,20,82,148,191,217,229,216,176,120,51,-38,-109,-170,-216,-218,-188,-128,-48,27,-866,-814,-82,-969,-1070,-138,-100,-32,40,111,179,218,224,209,164,103,27,-53,-134,-197,-250,-281,-273,-254,-207,-145,-51,41,136,229,304,359,395,385,342,258,136,-10,-154,-306,-441,-529,-582,-579,-508,-371,-209,-1,220,431,611,731,783,749,648,473,254,-8,-293,-548,-751,-886,-931,-893,-764,-547,-265,40,351,626,841,991,1039,964,809,583,287,-36,-355,-631,-856,-995,-1049,-999,-857,-627,-347,-40,274,564,799,951,1026,1005,882,689,441,157,-146,-445,-687,-872,-980,-985,-917,-766,-546,-276,7,301,563,778,916,978,951,835,653,412,137,-149,-426,-671,-844,-931,-954,-885,-741,-537,-288,-14,-176,491,700,847,910,909,824,673,473,228,-38,-302,-539,-736,-877,-941,-927,-842,-683,-460,-195,98,376,633,830,950,996,953,829,640,386,103,-187,-449,-685,-855,-965,-989,-940,-801,-597,-350,-70,210,489,721,910,1011,1046,974,829,611,341,43,-269,-555,-808,-985,-1085,-1091,-999,-829,-579,-274,51,379,674,916,1070,1141,1105,981,766,479,155,-179,-507,-781,-979,-1104,-1124,-1042,-869,-636,-348,-25,293,577,813,983,1053,1039,933,756,522,244,-49,-339,-588,-794,-938,-986,-958,-860,-684,-452,-181,98,360,603,788,904,947,911,802,616,392,131,-148,-400,-629,-795,-899,-928,-879,-753,-184,-495
61445,mtk,MTK 7916,862265263,rx0-tx1,512,-686,926,828,6,209,404,555,658,702,679,603,479,305,111,-88,-268,-423,-541,-615,-634,-585,-513,-399,-247,-82,87,246,385,484,548,571,553,494,397,266,113,-47,-195,-338,-449,-529,-573,-570,-524,-439,-314,-166,3,170,324,459,560,628,640,597,501,364,195,-1,-193,-372,-526,-639,-695,-695,-642,-513,-355,-162,46,253,441,587,684,721,701,618,480,304,100,-118,-321,-491,-626,-700,-715,-676,-574,-424,-240,-36,172,363,517,627,689,687,628,519,371,193,-7,-202,-376,-515,-615,-662,-650,-588,-480,-324,-150,41,222,395,536,623,659,640,565,449,291,103,-96,-283,-446,-575,-655,-38,-628,-528,-389,-214,-16,185,367,511,618,662,655,594,471,311,122,-82,-268,-439,-565,-645,-660,-625,-528,-385,-202,-8,181,368,507,602,652,629,555,426,258,78,-117,-287,-432,-550,-600,-592,-537,-433,-305,-140,33,184,337,448,518,544,520,447,339,205,57,-86,-229,-351,-431,-472,-479,-438,-367,-268,-143,-11,124,257,350,425,458,446,398,315,201,67,-69,-205,-310,-382,-428,-425,-384,-308,-203,-79,46,165,265,342,384,385,343,280,183,70,-48,-163,-248,-314,-345,-337,-292,-223,-132,-23,81,181,256,300,307,268,210,111,-3,-109,-192,-244,-249,-213,-140,-47,36,675,848,0,251,-79,-120,-62,16,99,173,220,234,208,154,77,-11,-103,-176,-226,-247,-246,-218,-160,-85,-3,75,150,208,241,252,234,187,132,60,-22,-92,-157,-205,-223,-226,-201,-163,-114,-55,1,55,108,135,153,161,161,150,125,97,72,37,-2,-42,-81,-119,-157,-184,-201,-191,-176,-141,-87,-24,44,109,161,207,241,249,237,198,136,72,-3,-61,-127,-184,-224,-245,-251,-236,-206,-165,-97,-24,51,125,188,245,285,295,288,261,200,116,15,-80,-173,-264,-323,-361,-356,-326,-270,-184,-83,30,142,242,315,369,388,376,334,261,160,55,-65,-180,-273,-348,-402,-420,-391,-330,-48,-156,-36,90,215,316,403,456,468,436,373,273,143,3,-141,-278,-399,-485,-528,-526,-468,-378,-249,-99,64,215,353,467,537,557,537,464,353,214,59,-108,-256,-390,-496,-565,-580,-549,-468,-350,-216,-49,124,280,421,528,588,612,579,499,375,221,42,-142,-312,-462,-577,-651,-664,-634,-539,-395,-215,-18,184,371,542,658,721,732,660,546,377,168,-49,-274,-471,-625,-730,-763,-736,-647,-494,-297,-80,145,367,548,679,753,762,699,580,415,219,0,-221,-415,-578,-689,-744,-733,-660,-534,-364,-156,65,275,465,612,704,740,707,617,467,282,74,-146,-339,-514,-639,-712,704,695,9,-185,-472,710,678,585,437,257,50,-155,-337,-497,-607,-663,-661,-603,-499,-356,-186,8,184,333,464,552,590,582,530,434,307,166,12,-143,-291,-414,-500,-554,-559,-532,-461,-351,-219,-68,96,250,389,496,572,601,583,518,413,271,105,-82,-259,-422,-548,-638,-675,-652,-574,-445,-273,-78,117,316,487,612,697,715,676,571,420,229,22,-188,-381,-543,-659,-725,-725,-654,-533,-371,-172,35,241,427,575,669,706,682,599,469,309,116,-84,-277,-440,-567,-651,-678,-644,-558,-427,-264,-72,120,298,458,580,647,664,621,530,387,214,29,-166,-344,-493,-602,-659,-662,-605,-497,-346,-159,634,231,401,538,633,670,642,558,431,262,67,-126,-313,-474,-589,-662,-663,-609,-499,-346,-161,39,230,403,537,625,653,631,547,405,241,45,-150,-325,-475,-569,-620,-612,-540,-438,-288,-111,65,236,381,496,576,576,536,448,315,171,14,-143,-286,-396,-474,-499,-487,-441,-351,-232,-106,40,175,292,387,440,459,445,384,290,180,44,-91,-219,-327,-405,-444,-445,-405,-314,-209,-80,59,183,289,368,408,406,366,292,192,75,-49,-156,-249,-325,-356,-358,-313,-245,-162,-56,54,158,239,301,322,309,261,180,85,-28,-126,-214,-279,-292,-261,-193,-101,5,100,171,194,180,625,385,0,672,714,122,174,198,187,137,61,-29,-116,-186,-237,-251,-232,-181,-111,-32,50,132,200,238,251,238,204,140,63,-16,-95,-158,-203,-239,-242,-219,-176,-108,-47,22,87,136,174,187,188,178,150,112,76,32,-12,-54,-86,-104,-131,-156,-166,-168,-153,-139,-104,-56,5,63,110,161,201,224,225,202,163,111,46,-23,-92,-157,-205,-236,-243,-229,-207,-163,-105,-44,23,90,149,201,248,268,274,249,208,150,70,-16,-100,-184,-259,-311,-332,-320,-296,-233,-147,-46,62,157,243,320,362,378,354,297,218,124,11,-99,-203,-302,-365,-402,-408,-367,-297,-206,-103,24,147,250,-1135,404,433,431,389,314,212,87,-46,-175,-296,-407,-472,-497,-480,-428,-336,-210,-65,98,253,388,488,544,546,506,426,308,152,-10,-170,-321,-439,-519,-561,-546,-497,-407,-282,-125,37,199,347,460,549,592,584,526,435,291,138,-33,-206,-364,-498,-589,-634,-625,-565,-457,-313,-133,57,243,423,563,660,701,681,605,478,295,103,-119,-329,-503,-649,-731,-754,-715,-603,-445,-239,-10,212,422,595,711,768,762,684,542,359,150,-77,-295,-484,-630,-722,-753,-712,-615,-469,-287,-80,137,343,517,647,731,739,690,581,419,227,5,-210,-407,-567,-673,-738,-725,-647,-516,-338,-148,-136,190
61446,mtk,MTK 7916,862265263,rx1-tx0,512,0,-37,-215,476,533,556,538,467,359,228,67,-104,-268,-420,-538,-614,-657,-638,-562,-426,-260,-68,139,346,533,662,743,779,734,617,437,225,-17,-265,-499,-688,-821,-879,-859,-771,-613,-393,-126,143,415,642,821,920,939,874,733,517,264,-17,-303,-549,-745,-883,-935,-910,-814,-636,-423,-161,106,361,594,765,874,919,881,773,595,368,118,-153,-416,-643,-808,-908,-933,-874,-744,-553,-296,-18,248,498,704,855,922,903,813,656,450,182,-91,-346,-576,-745,-857,-895,-845,-718,-539,-313,-58,195,425,623,761,834,824,740,597,394,173,-64,-290,-478,-630,-717,-735,-694,-591,-433,-257,-67,-277,292,449,550,600,604,554,472,353,197,49,-104,-257,-375,-464,-523,-535,-508,-441,-348,-218,-79,61,207,333,438,508,540,523,468,380,257,102,-49,-197,-331,-438,-514,-555,-562,-511,-416,-288,-142,22,205,360,495,596,644,642,587,475,326,126,-83,-294,-492,-652,-745,-777,-741,-631,-442,-220,29,293,528,703,834,868,809,666,469,219,-54,-317,-554,-731,-831,-843,-759,-607,-407,-162,85,322,507,638,711,710,636,512,336,127,-75,-266,-428,-537,-595,-592,-525,-412,-267,-96,77,238,372,467,503,491,427,318,169,7,-152,-291,-394,-438,-416,-338,-213,-59,92,211,265,379,295,0,-576,-293,22,42,61,77,81,67,50,26,-3,-30,-61,-87,-105,-101,-97,-82,-52,-19,19,52,83,113,132,132,127,111,81,50,7,-41,-80,-125,-157,-179,-192,-183,-151,-112,-67,1,74,138,199,249,280,281,256,205,127,36,-79,-191,-296,-376,-415,-410,-371,-287,-176,-27,122,267,399,475,512,494,422,307,154,-16,-180,-330,-447,-527,-549,-508,-429,-301,-142,29,190,338,443,513,528,495,405,283,141,-21,-164,-294,-392,-446,-468,-435,-360,-256,-147,-27,81,190,275,328,351,344,306,262,202,131,55,-31,-106,-182,-249,-299,-331,-330,-315,-279,-208,-129,-25,85,174,489,354,403,417,396,342,243,128,5,-131,-264,-368,-441,-484,-485,-433,-353,-237,-98,57,202,325,432,506,529,513,452,344,199,44,-117,-266,-402,-495,-541,-550,-513,-420,-305,-153,11,174,326,440,521,559,548,500,414,280,127,-27,-180,-319,-438,-522,-554,-543,-502,-408,-290,-152,8,170,315,449,536,588,596,553,475,337,178,-9,-195,-369,-523,-623,-678,-676,-600,-480,-309,-104,106,319,488,624,690,704,647,526,365,178,-30,-223,-387,-524,-609,-630,-599,-526,-413,-270,-106,65,226,354,458,520,541,520,457,363,252,115,-27,-168,-290,-390,-471,-511,-515,-472,-394,-289,-559,-723,0,392,333,269,130,-24,-181,-334,-452,-545,-597,-597,-549,-458,-318,-165,13,206,389,540,643,701,703,645,520,346,154,-67,-302,-517,-682,-791,-838,-808,-701,-527,-308,-54,205,455,666,831,907,911,831,674,457,189,-89,-359,-601,-790,-906,-955,-903,-776,-584,-338,-63,205,462,673,825,916,918,851,705,499,265,3,-261,-502,-708,-842,-911,-908,-826,-673,-458,-210,63,328,564,768,898,932,897,787,616,382,105,-169,-422,-634,-803,-905,-912,-846,-702,-499,-259,10,280,508,690,818,871,841,737,569,354,114,-134,-358,-554,-695,-773,-783,-715,-589,-422,-213,-3,203,395,540,631,669,315,573,460,302,138,-40,-208,-354,-474,-541,-556,-547,-491,-392,-275,-133,13,162,289,402,485,521,529,492,417,302,164,15,-133,-266,-384,-485,-537,-544,-515,-442,-335,-199,-48,118,278,410,513,573,597,568,490,382,230,53,-132,-316,-478,-607,-692,-708,-673,-571,-403,-186,48,284,507,682,792,833,796,658,475,235,-42,-312,-543,-727,-839,-860,-791,-643,-435,-187,79,333,537,695,772,775,693,550,368,150,-83,-293,-460,-591,-653,-648,-585,-463,-302,-122,70,250,394,494,548,543,483,376,228,62,-97,-252,-378,-459,-478,-442,-357,-226,-65,100,239,339,377,344,249,132,83,251,0,-495,-700,55,48,33,12,-25,-50,-67,-83,-88,-87,-76,-52,-18,14,41,78,106,122,121,107,94,70,36,-5,-45,-87,-116,-138,-158,-153,-143,-117,-76,-32,21,80,129,168,207,234,235,212,169,97,8,-82,-166,-244,-301,-341,-351,-326,-266,-162,-30,101,226,339,422,474,464,419,309,171,15,-153,-305,-436,-517,-545,-515,-432,-304,-151,32,195,342,457,527,537,508,419,296,140,-26,-193,-328,-423,-481,-486,-451,-385,-273,-143,2,140,256,333,384,401,387,344,266,174,74,-24,-112,-187,-255,-297,-319,-316,-291,-260,-207,-140,-54,38,120,206,275,334,374,370,334,-571,204,90,-33,-156,-273,-366,-419,-451,-455,-402,-307,-187,-53,96,234,353,448,506,514,468,389,285,143,-11,-164,-309,-431,-506,-541,-533,-484,-390,-250,-97,62,224,361,467,542,564,541,471,357,222,56,-107,-257,-395,-499,-550,-556,-524,-449,-341,-201,-51,95,243,381,474,541,571,545,479,376,238,90,-81,-246,-399,-524,-603,-642,-618,-547,-418,-247,-60,155,351,512,637,696,701,629,506,333,141,-59,-272,-451,-583,-656,-674,-630,-541,-399,-214,-26,151,310,446,538,585,581,522,429,312,170,22,-130,-267,-380,-460,-508,-512,-482,-417,-329,-207,-71,66,203,320,427,488,177
61447,mtk,MTK 7916,862265263,rx1-tx1,512,0,0,0,-654,-624,-442,-152,168,454,639,677,552,307,-10,-332,-569,-667,-617,-420,-125,186,444,594,601,457,209,-81,-347,-532,-580,-474,-253,17,287,483,550,483,294,36,-237,-451,-552,-509,-345,-88,195,430,554,541,389,146,-144,-408,-570,-586,-474,-242,59,349,561,638,561,355,59,-263,-513,-637,-619,-455,-179,133,406,592,636,515,277,-28,-321,-535,-615,-546,-346,-59,236,476,604,583,419,150,-159,-434,-602,-626,-502,-256,41,329,549,635,573,381,100,-207,-464,-602,-599,-462,-218,69,339,531,594,519,331,65,-214,-436,-547,-529,-394,-181,67,297,453,496,422,259,47,0,-327,-402,-373,-255,-89,85,234,316,311,218,68,-87,-217,-291,-281,-186,-35,129,249,309,292,197,44,-134,-283,-369,-365,-263,-84,124,314,429,449,363,176,-58,-288,-463,-536,-481,-317,-69,212,447,587,598,471,223,-74,-364,-589,-672,-594,-391,-104,216,500,687,713,565,292,-40,-370,-636,-769,-727,-522,-202,165,494,719,794,695,445,108,-254,-563,-753,-780,-642,-371,-29,313,589,738,726,562,288,-37,-348,-577,-677,-635,-470,-211,83,347,527,593,535,378,148,-103,-317,-463,-508,-449,-307,-107,101,278,396,434,388,277,128,-32,-182,-289,-339,-331,-278,-195,-98,3,0,0,0,0,0,216,314,376,387,336,219,50,-148,-343,-490,-556,-536,-419,-212,53,316,532,654,653,522,282,-21,-324,-574,-718,-707,-550,-281,52,383,634,751,705,514,207,-165,-496,-716,-786,-681,-422,-64,332,660,827,811,622,291,-119,-514,-799,-909,-818,-537,-135,298,670,895,928,746,384,-65,-497,-821,-963,-885,-610,-193,276,678,913,942,756,396,-60,-496,-825,-953,-855,-565,-145,320,715,938,936,714,320,-156,-596,-904,-998,-854,-510,-43,453,841,1031,988,717,268,-248,-720,-1041,-1117,-936,-539,-10,534,958,1175,1130,830,331,-245,-766,-1130,-1245,-1064,-654,-100,481,952,1210,1186,897,0,-167,-696,-1074,-1205,-1045,-639,-101,455,906,1146,1119,830,336,-230,-738,-1073,-1149,-955,-541,4,553,977,1180,1097,757,238,-344,-848,-1150,-1184,-951,-494,76,628,1038,1211,1103,741,205,-375,-858,-1141,-1160,-906,-446,110,630,1001,1134,996,622,114,-409,-828,-1037,-993,-714,-270,236,686,958,989,785,396,-102,-572,-899,-1009,-881,-532,-57,432,821,1007,964,698,261,-235,-676,-964,-1022,-840,-466,16,487,840,997,920,634,205,-261,-653,-889,-917,-730,-386,32,435,724,831,746,491,129,-245,-552,-711,-694,-512,-212,128,429,613,632,496,245,-70,-362,-553,-604,-505,-272,30,322,532,618,0,0,0,0,0,86,-231,-503,-662,-661,-505,-239,86,397,610,676,593,377,66,-260,-509,-638,-620,-451,-177,128,397,561,590,472,241,-46,-310,-492,-553,-476,-281,-9,255,456,549,501,317,54,-218,-435,-548,-524,-368,-115,171,420,565,570,435,193,-106,-382,-562,-615,-514,-283,3,297,537,640,584,401,117,-203,-475,-619,-622,-488,-229,83,370,566,633,549,318,17,-285,-508,-606,-564,-382,-111,191,448,596,599,460,205,-103,-383,-568,-625,-533,-320,-29,272,512,631,590,418,160,-138,-401,-567,-604,-500,-284,-3,277,477,572,541,376,129,-141,-372,-500,-522,-433,-238,0,223,389,455,0,274,78,-128,-286,-364,-345,-239,-83,82,221,295,286,198,56,-101,-233,-300,-281,-186,-35,128,272,345,330,225,53,-141,-301,-397,-401,-311,-132,99,306,448,500,429,246,-1,-254,-461,-564,-541,-394,-150,145,411,584,632,540,321,23,-299,-553,-681,-665,-493,-205,132,444,663,739,655,415,75,-283,-581,-757,-768,-614,-331,26,380,653,783,754,562,248,-118,-452,-689,-769,-693,-483,-175,170,474,667,711,608,386,87,-218,-467,-608,-623,-512,-300,-33,233,434,531,528,424,237,10,-214,-380,-459,-449,-355,-203,-19,163,306,388,393,334,232,96,-37,-146,-220,-250,-247,0,0,0,0,0,-214,-139,-20,126,275,406,484,484,404,251,36,-206,-427,-568,-617,-555,-379,-115,179,448,627,694,626,428,136,-192,-485,-683,-749,-650,-407,-82,263,559,742,762,605,308,-60,-418,-691,-818,-764,-537,-170,241,593,822,869,718,409,1,-418,-742,-912,-889,-654,-262,191,598,871,952,822,501,70,-377,-749,-945,-918,-686,-298,160,589,877,960,819,481,44,-403,-767,-960,-913,-641,-229,232,651,924,972,786,416,-59,-528,-873,-1013,-927,-614,-142,361,785,1042,1056,820,395,-133,-642,-1016,-1168,-1046,-681,-157,414,892,1176,1199,956,499,-76,-633,-1042,-1225,-1141,-793,-269,316,832,0,1209,980,531,-30,-578,-992,-1173,-1082,-734,-219,343,824,1114,1141,895,440,-122,-656,-1036,-1172,-1034,-650,-106,460,917,1164,1151,863,369,-211,-740,-1099,-1209,-1037,-625,-70,499,958,1189,1140,831,325,-245,-749,-1085,-1159,-956,-542,-12,519,922,1098,1010,685,197,-323,-748,-992,-997,-759,-332,173,628,925,996,831,460,-24,-501,-863,-1017,-917,-608,-155,346,760,994,1002,772,349,-150,-598,-904,-1015,-894,-557,-96,378,752,953,938,705,312,-138,-540,-808,-888,-755,-451,-58,336,633,771,726,514,185,-184,-489,-655,-661,-507,-226,97,380,573,616,499,262,-42,-333,-537,-603,-522,-308,-16,0,0
61448,mtk,MTK 7916,862265263,rx2-tx0,512,0,0,0,-1130,-964,-570,-23,543,998,1225,1162,830,296,-321,-875,-1227,-1298,-1073,-591,41,664,1128,1336,1235,842,247,-405,-962,-1293,-1315,-1035,-507,150,763,1189,1335,1166,714,89,-553,-1051,-1307,-1250,-885,-307,338,902,1251,1294,1021,501,-134,-740,-1168,-1309,-1139,-694,-81,543,1035,1279,1212,852,293,-330,-872,-1198,-1230,-958,-455,143,697,1073,1184,1000,574,8,-558,-976,-1145,-1031,-659,-117,446,890,1122,1075,749,230,-344,-840,-1128,-1133,-859,-366,224,771,1135,1220,1005,553,-42,-643,-1096,-1282,-1159,-759,-177,459,1000,1303,1297,989,446,-210,-826,-1249,-1375,-1179,-705,-69,581,1105,1367,1309,947,363,-303,0,-1284,-1369,-1130,-630,20,667,1148,1354,1241,835,237,-420,-982,-1308,-1322,-1019,-473,182,801,1244,1391,1198,727,80,-597,-1132,-1405,-1354,-980,-374,321,951,1364,1469,1227,701,15,-685,-1228,-1488,-1407,-1002,-361,359,1000,1421,1511,1250,705,1,-704,-1241,-1495,-1412,-1010,-379,337,978,1389,1476,1230,705,21,-662,-1191,-1441,-1368,-985,-379,307,919,1324,1422,1208,732,98,-553,-1080,-1366,-1347,-1033,-503,126,716,1139,1309,1196,838,309,-270,-780,-1107,-1188,-1016,-644,-143,369,782,1015,1029,830,477,36,-393,-722,-896,-880,-691,-377,0,358,627,767,760,615,373,83,-200,-428,-568,-598,-537,-414,-253,-79,0,0,0,0,0,-128,39,218,401,544,617,590,449,215,-70,-368,-624,-777,-783,-639,-358,5,382,702,892,900,721,381,-57,-494,-830,-1008,-981,-734,-317,177,655,1000,1129,1020,683,181,-372,-857,-1171,-1228,-1014,-573,2,590,1064,1309,1265,933,393,-241,-835,-1248,-1390,-1226,-781,-156,504,1069,1389,1395,1091,541,-135,-772,-1237,-1429,-1311,-885,-259,406,977,1327,1366,1095,593,-51,-675,-1116,-1302,-1191,-799,-224,385,890,1177,1183,914,432,-145,-675,-1037,-1140,-965,-563,-29,511,918,1102,1010,671,169,-382,-834,-1081,-1072,-799,-324,237,746,1084,1160,959,532,-40,-616,-1046,-1229,-1128,-760,-206,407,926,1228,1249,0,459,-163,-752,-1162,-1298,-1127,-695,-88,545,1050,1309,1252,898,330,-328,-909,-1274,-1340,-1083,-567,92,730,1203,1404,1264,817,178,-514,-1091,-1411,-1405,-1068,-476,234,886,1331,1471,1267,759,77,-620,-1172,-1448,-1381,-992,-367,330,938,1328,1399,1142,614,-58,-701,-1163,-1345,-1201,-774,-167,474,986,1253,1219,892,345,-273,-812,-1152,-1215,-974,-501,83,638,1030,1168,1028,637,99,-450,-883,-1097,-1037,-728,-250,276,723,992,1016,781,360,-133,-576,-871,-944,-779,-421,33,469,771,874,753,443,22,-401,-717,-844,-758,-474,-61,366,700,863,802,528,117,-331,-707,-907,-877,-629,-214,273,695,955,984,0,0,0,0,0,-81,-613,-1014,-1185,-1074,-701,-156,441,950,1244,1248,958,444,-180,-777,-1200,-1342,-1169,-720,-103,539,1061,1331,1290,950,389,-276,-874,-1255,-1339,-1109,-613,28,652,1120,1328,1213,800,199,-447,-983,-1278,-1281,-965,-407,238,820,1210,1309,1087,608,-18,-640,-1106,-1306,-1188,-779,-189,437,956,1233,1216,910,384,-234,-784,-1135,-1201,-983,-524,64,626,1030,1177,1025,615,61,-505,-934,-1125,-1044,-701,-176,391,867,1127,1097,793,298,-281,-799,-1124,-1173,-933,-459,141,718,1123,1256,1088,653,52,-570,-1057,-1300,-1241,-889,-310,345,923,1284,1351,1097,584,-71,-713,-1189,-1383,-1256,-836,-222,444,1006,1334,1343,0,495,-166,-790,-1223,-1362,-1187,-735,-106,544,1068,1337,1285,932,356,-309,-904,-1288,-1363,-1113,-601,53,702,1191,1395,1274,853,225,-463,-1047,-1392,-1416,-1112,-543,164,830,1308,1489,1328,859,187,-533,-1133,-1463,-1471,-1145,-551,172,857,1342,1522,1357,874,189,-530,-1123,-1459,-1461,-1134,-549,154,822,1297,1467,1308,852,198,-484,-1053,-1391,-1414,-1113,-560,108,743,1208,1411,1302,909,315,-346,-914,-1271,-1351,-1142,-691,-104,494,969,1225,1215,949,487,-61,-574,-949,-1119,-1049,-761,-326,159,587,878,979,878,600,212,-195,-548,-776,-841,-743,-512,-195,144,436,633,705,654,507,295,53,-164,-322,-411,-424,0,0,0,0,0,-400,-468,-458,-371,-208,18,271,499,662,721,647,447,149,-194,-521,-760,-861,-785,-544,-186,225,607,876,973,864,557,128,-341,-755,-1023,-1073,-886,-503,2,525,945,1170,1145,868,388,-194,-742,-1134,-1290,-1154,-758,-196,418,956,1292,1342,1088,585,-43,-679,-1178,-1411,-1328,-950,-351,327,935,1337,1438,1215,721,72,-593,-1116,-1393,-1354,-1004,-430,228,826,1231,1347,1161,704,93,-521,-1004,-1245,-1192,-867,-344,254,778,1109,1167,943,502,-50,-588,-979,-1121,-987,-619,-102,438,870,1090,1038,731,241,-315,-797,-1088,-1119,-873,-411,149,689,1070,1198,1044,634,68,-519,-991,-1240,-1201,-877,-338,287,0,1207,1277,1054,578,-40,-653,-1111,-1307,-1197,-805,-212,437,978,1291,1296,990,445,-212,-829,-1254,-1378,-1180,-694,-40,628,1155,1418,1342,948,331,-367,-990,-1389,-1453,-1176,-625,74,758,1265,1470,1330,884,235,-472,-1067,-1396,-1392,-1072,-505,185,821,1245,1373,1181,701,59,-582,-1076,-1308,-1216,-834,-260,371,903,1208,1221,937,431,-170,-720,-1094,-1193,-1001,-570,-8,546,958,1141,1043,686,175,-366,-809,-1051,-1031,-763,-316,198,649,934,983,786,401,-74,-522,-826,-911,-763,-431,-2,420,730,850,751,456,43,-383,-711,-849,-767,-491,-85,353,705,875,830,576,161,-304,-708,-938,-933,-695,-277,216,0,0
61449,mtk,MTK 7916,862265263,rx2-tx1,512,0,0,0,746,265,-296,-797,-1101,-1156,-950,-510,52,593,1006,1195,1095,744,220,-352,-834,-1117,-1144,-902,-452,92,612,988,1123,991,627,116,-415,-828,-1036,-997,-712,-262,245,679,941,967,753,353,-133,-581,-875,-946,-776,-413,53,517,856,976,856,519,42,-459,-853,-1029,-952,-647,-176,347,786,1050,1056,794,337,-209,-706,-1035,-1111,-922,-505,51,604,1013,1180,1061,687,127,-470,-951,-1216,-1200,-891,-359,267,847,1240,1342,1129,652,19,-631,-1139,-1390,-1334,-962,-355,321,920,1315,1417,1190,690,40,-614,-1128,-1381,-1314,-959,-389,265,851,1238,1339,1139,692,100,-499,-975,-1221,-1185,-881,-393,167,665,0,1081,927,556,75,-394,-758,-923,-860,-596,-205,214,571,770,766,582,254,-132,-474,-687,-722,-569,-273,82,415,641,695,567,292,-70,-414,-647,-716,-603,-329,48,436,725,833,731,449,34,-423,-789,-986,-957,-694,-263,253,736,1076,1179,1002,594,51,-519,-989,-1251,-1243,-944,-435,185,782,1208,1378,1244,826,236,-412,-983,-1342,-1416,-1188,-695,-55,583,1105,1403,1397,1101,580,-56,-663,-1121,-1344,-1284,-966,-462,124,664,1034,1181,1084,771,310,-187,-626,-909,-990,-869,-574,-177,235,578,787,823,690,427,91,-247,-514,-670,-697,-582,-366,-103,164,384,522,566,518,390,221,51,-96,-201,0,0,0,0,0,-206,-356,-467,-524,-503,-397,-217,15,256,465,598,624,539,352,83,-206,-450,-610,-651,-551,-341,-57,243,494,638,642,513,268,-45,-358,-591,-693,-635,-433,-136,207,516,708,737,607,335,-23,-384,-661,-792,-742,-533,-201,196,553,782,833,699,405,10,-397,-710,-857,-822,-593,-213,212,592,835,883,734,415,-1,-419,-745,-892,-830,-587,-207,227,600,846,890,716,379,-40,-451,-755,-880,-799,-530,-136,290,644,840,838,644,294,-132,-530,-800,-879,-761,-457,-34,389,726,900,853,612,230,-211,-597,-840,-889,-730,-406,10,425,746,882,804,540,154,-272,-633,-847,-863,-667,-311,0,510,787,873,757,466,65,-343,-670,-838,-803,-584,-225,183,537,761,794,620,299,-86,-454,-710,-789,-669,-373,18,401,696,819,738,471,87,-331,-683,-873,-842,-613,-240,200,597,851,907,742,405,-36,-476,-799,-923,-819,-529,-111,337,696,885,863,621,221,-225,-620,-870,-895,-689,-323,126,546,841,930,783,437,-19,-481,-825,-964,-874,-569,-113,376,778,995,972,710,272,-236,-700,-1004,-1066,-877,-474,48,568,960,1128,1029,689,181,-367,-826,-1092,-1106,-855,-410,131,634,982,1102,964,589,81,-445,-855,-1060,-1016,-723,-248,275,727,1004,1040,827,410,-108,-600,-954,-1075,-933,-568,0,0,0,0,0,852,1113,1111,850,385,-173,-690,-1055,-1184,-1033,-635,-86,471,920,1168,1136,832,345,-220,-729,-1060,-1141,-948,-549,-25,509,915,1088,997,672,201,-315,-750,-989,-980,-742,-319,177,624,908,955,766,391,-83,-541,-858,-955,-811,-458,17,491,848,999,898,570,95,-415,-832,-1045,-1007,-716,-243,290,759,1048,1085,858,417,-132,-662,-1032,-1150,-991,-589,-41,531,980,1198,1123,771,233,-379,-918,-1242,-1280,-1014,-494,151,753,1204,1385,1234,795,172,-497,-1052,-1377,-1391,-1086,-528,146,781,1238,1404,1254,832,223,-445,-995,-1312,-1336,-1060,-547,83,683,1115,1287,1174,801,257,-330,-824,-1117,-1150,-923,0,29,519,867,1004,905,596,164,-295,-656,-838,-817,-591,-229,168,510,720,743,576,269,-96,-431,-649,-694,-557,-276,75,408,631,690,567,284,-80,-429,-678,-761,-659,-376,27,439,753,902,837,556,123,-362,-788,-1043,-1065,-848,-418,126,660,1055,1227,1128,776,237,-368,-906,-1254,-1322,-1097,-628,-13,617,1124,1384,1345,1021,471,-182,-802,-1256,-1445,-1324,-919,-322,326,900,1285,1400,1217,786,206,-398,-900,-1209,-1267,-1060,-640,-112,418,839,1066,1061,844,466,4,-432,-746,-898,-863,-655,-319,68,415,653,758,711,522,242,-69,-347,-548,-642,-614,-477,-279,-53,166,329,421,442,397,297,0,0,0,0,0,373,295,162,-18,-217,-405,-542,-595,-550,-412,-188,82,334,529,634,615,473,229,-64,-344,-555,-656,-616,-442,-171,147,431,620,672,579,360,44,-281,-549,-705,-702,-535,-236,126,461,694,775,686,443,89,-288,-607,-791,-795,-619,-299,93,473,745,855,772,502,112,-312,-654,-844,-849,-655,-300,118,508,795,903,789,500,103,-325,-682,-877,-872,-665,-299,134,530,797,876,749,448,46,-359,-687,-857,-823,-584,-209,212,579,817,859,698,366,-61,-470,-770,-901,-815,-531,-119,310,666,872,886,685,325,-101,-506,-799,-895,-782,-489,-78,351,691,866,841,612,230,-198,-569,-813,0,-715,-395,19,428,734,867,787,521,145,-263,-608,-801,-802,-609,-270,128,493,735,788,638,330,-42,-419,-703,-804,-697,-416,-24,379,693,843,789,542,152,-277,-648,-864,-879,-684,-323,118,535,826,919,798,475,39,-402,-743,-908,-854,-586,-173,282,659,872,871,653,272,-176,-585,-853,-908,-732,-372,71,508,830,945,821,499,44,-431,-808,-989,-931,-642,-193,307,748,1010,1023,790,371,-143,-639,-988,-1103,-958,-584,-66,473,900,1117,1076,781,299,-251,-739,-1046,-1108,-916,-508,22,544,926,1087,992,657,164,-362,-798,-1034,-1024,-772,-331,190,669,988,1066,885,491,-23,-536,-913,0,0
61450,mtk,MTK 7916,862319984,rx0-tx0,512,-330,57,-57,-861,-730,-519,-276,-3,270,522,717,847,902,875,771,597,369,109,-166,-415,-635,-793,-876,-888,-815,-676,-470,-216,43,308,552,743,868,915,875,762,583,332,58,-220,-477,-695,-844,-927,-916,-823,-645,-422,-158,125,382,611,792,889,909,845,698,497,246,-14,-273,-515,-700,-817,-869,-844,-732,-580,-361,-117,134,385,597,750,839,854,797,651,461,225,-41,-288,-514,-692,-807,-846,-797,-678,-504,-282,-30,208,424,611,727,777,750,655,504,317,106,-110,-317,-478,-606,-674,-677,-624,-516,-371,-195,-12,175,349,481,573,611,603,545,438,294,124,-47,-224,-388,-507,-584,-616,-26,-517,-386,-228,-51,133,311,462,569,628,634,576,467,314,122,-72,-268,-438,-569,-656,-669,-630,-525,-382,-190,23,230,420,571,662,689,650,551,395,214,-3,-208,-405,-556,-656,-696,-663,-590,-441,-254,-28,181,372,536,657,708,679,606,460,260,50,-167,-387,-555,-674,-722,-703,-602,-439,-225,3,239,441,590,680,695,629,502,318,113,-102,-299,-443,-537,-583,-545,-456,-328,-171,-7,138,259,349,390,397,363,304,221,116,19,-74,-167,-228,-268,-275,-271,-238,-181,-109,-37,32,106,166,204,229,230,211,168,104,30,-49,-130,-190,-224,-227,-200,-141,-57,29,106,148,623,270,510,-463,-512,60,121,177,202,198,160,93,14,-75,-146,-202,-246,-254,-232,-192,-125,-45,39,123,202,265,302,317,292,244,175,71,-43,-169,-289,-383,-450,-474,-442,-368,-242,-80,93,276,451,573,646,653,587,440,248,24,-235,-472,-662,-794,-849,-797,-673,-458,-192,108,404,664,854,968,968,851,669,398,78,-248,-549,-798,-960,-1029,-993,-844,-609,-312,19,331,628,855,995,1038,964,808,568,271,-49,-363,-634,-839,-973,-999,-949,-787,-546,-273,34,342,605,822,950,994,941,784,565,297,-6,-300,-571,-790,-912,-958,-920,-798,-588,-332,-42,258,531,747,891,933,907,795,614,368,301,-190,-444,-667,-824,-905,-900,-821,-673,-462,-205,67,333,579,772,905,940,903,777,576,328,42,-258,-533,-756,-915,-990,-969,-856,-658,-401,-118,174,452,697,866,972,986,912,758,524,258,-39,-339,-604,-807,-957,-1026,-1001,-884,-669,-411,-104,215,513,772,969,1073,1073,985,790,535,216,-125,-448,-743,-969,-1098,-1132,-1064,-882,-624,-310,42,381,690,932,1077,1123,1069,907,666,367,39,-301,-596,-829,-993,-1058,-1030,-903,-697,-434,-134,187,471,718,895,986,989,905,743,522,240,-62,-340,-596,-797,-914,-957,-903,-779,-595,-348,-68,215,472,695,849,918,917,819,657,436,174,-95,-70,-319,-82,-682,-678,303,562,754,868,916,870,750,557,320,50,-220,-472,-673,-819,-893,-880,-788,-632,-410,-164,105,362,587,768,866,896,853,724,524,283,16,-258,-503,-716,-858,-918,-898,-797,-620,-384,-112,177,443,667,825,920,919,831,686,465,204,-69,-344,-573,-751,-858,-885,-845,-720,-528,-301,-48,222,449,643,784,853,855,781,625,418,173,-80,-340,-559,-720,-835,-856,-799,-673,-485,-259,-2,254,477,654,777,814,774,672,506,291,64,-169,-377,-548,-665,-726,-719,-642,-511,-344,-145,53,246,414,544,623,644,621,538,410,251,71,-107,-280,-431,-541,-596,-599,-569,-473,-340,-178,-3,628,346,483,577,623,610,543,425,269,94,-98,-284,-442,-570,-638,-654,-607,-500,-352,-162,43,244,421,559,656,683,644,547,390,197,-11,-217,-412,-558,-663,-696,-661,-568,-417,-231,-15,188,382,545,657,700,669,590,451,267,42,-164,-365,-549,-666,-712,-704,-611,-458,-259,-34,195,411,578,684,712,673,553,387,173,-60,-269,-446,-571,-633,-630,-553,-412,-246,-52,139,289,410,482,490,444,365,252,128,0,-118,-209,-286,-322,-327,-313,-263,-193,-111,-32,44,125,185,220,233,232,217,170,116,45,-30,-101,-166,-206,-229,-227,-198,-138,-60,25,107,173,203,197,153,86,-738,-606,-82,-324,-240,147,135,77,3,-79,-153,-203,-230,-223,-184,-127,-53,31,105,175,231,265,273,259,216,143,56,-45,-146,-230,-309,-363,-384,-369,-309,-216,-91,61,214,355,475,545,557,527,419,257,62,-161,-384,-564,-685,-748,-739,-631,-459,-230,45,316,562,769,886,918,839,670,427,141,-194,-485,-738,-922,-1008,-984,-869,-644,-352,-24,303,606,837,998,1040,984,831,586,294,-36,-364,-644,-864,-993,-1024,-959,-790,-557,-262,46,349,637,836,964,1004,948,791,567,280,-14,-325,-596,-799,-935,-974,-923,-795,-577,-304,-16,274,545,762,899,960,925,800,600,338,52,-230,-494,-712,-862,-176,-903,-809,-643,-412,-144,140,399,625,800,900,921,864,727,524,262,-24,-300,-562,-769,-913,-982,-950,-819,-620,-375,-82,217,504,740,900,979,975,886,707,468,192,-110,-393,-650,-844,-960,-1004,-955,-808,-598,-341,-40,270,561,799,959,1049,1036,935,748,483,163,-164,-485,-760,-964,-1094,-1107,-1036,-858,-594,-273,67,412,716,946,1099,1146,1076,905,647,326,-7,-346,-647,-886,-1042,-1103,-1055,-899,-676,-392,-82,237,535,772,936,1022,1012,906,728,478,186,-112,-400,-644,-835,-957,-974,-903,-763,-544,-290,-10,273,521,733,880,939,908,800,627,389,129,-148,-418,-639,-812,-902,-918,-506,-422
61451,mtk,MTK 7916,862319984,rx0-tx1,512,-686,332,482,-299,-89,129,338,502,626,686,681,614,489,318,125,-82,-271,-422,-540,-608,-621,-582,-490,-349,-185,-19,153,303,429,517,564,563,517,429,294,145,-12,-174,-319,-437,-525,-570,-565,-515,-423,-294,-136,43,212,370,497,588,635,616,550,429,264,71,-128,-321,-489,-619,-693,-691,-632,-516,-347,-151,64,275,461,609,704,719,679,577,418,211,0,-217,-419,-574,-684,-724,-703,-608,-462,-274,-69,141,348,516,636,691,684,621,493,329,137,-79,-270,-439,-573,-650,-669,-633,-538,-392,-210,-11,190,371,516,617,654,640,564,438,271,84,-121,-305,-468,-590,-663,-662,-600,-491,-38,-133,82,275,451,581,653,671,614,508,348,154,-50,-250,-428,-566,-641,-663,-614,-509,-359,-170,32,231,404,549,632,652,613,510,354,170,-33,-224,-393,-521,-605,-627,-580,-481,-336,-162,19,205,365,486,552,573,535,449,312,151,-12,-173,-316,-426,-479,-507,-483,-406,-304,-174,-24,126,256,361,436,457,449,399,311,194,55,-89,-210,-326,-399,-435,-439,-399,-303,-182,-46,89,219,324,388,413,395,337,240,127,6,-119,-236,-308,-355,-363,-336,-276,-180,-69,45,159,245,304,331,312,263,182,75,-36,-135,-223,-276,-293,-271,-196,-98,7,109,188,227,214,165,83,-526,18,0,-498,-476,144,101,30,-56,-144,-208,-235,-225,-183,-115,-22,70,151,208,245,247,223,168,89,9,-75,-150,-210,-255,-255,-231,-180,-116,-37,41,121,183,215,228,216,177,127,67,9,-42,-96,-133,-156,-169,-163,-157,-131,-95,-70,-33,11,55,100,132,155,174,184,182,148,91,48,-12,-77,-144,-198,-219,-230,-221,-185,-137,-70,4,71,133,183,220,239,239,220,188,131,59,-21,-89,-155,-212,-258,-279,-280,-252,-199,-125,-38,52,142,229,299,336,339,317,263,170,66,-44,-160,-252,-323,-365,-377,-349,-289,-203,-104,11,131,234,325,380,399,387,331,246,150,29,-100,-48,-321,-397,-442,-438,-396,-327,-214,-86,49,193,323,414,481,499,468,391,285,140,-20,-180,-332,-448,-529,-549,-520,-447,-334,-175,-9,162,313,431,515,562,542,484,378,245,83,-85,-246,-384,-498,-565,-578,-554,-477,-346,-188,-9,163,327,473,578,620,623,561,445,296,109,-87,-281,-454,-585,-666,-685,-650,-545,-395,-205,6,228,430,591,700,746,713,630,471,268,44,-192,-401,-582,-709,-762,-746,-657,-506,-306,-81,153,370,554,683,750,740,670,539,353,142,-78,-302,-492,-633,-725,-741,-690,-579,-409,-207,5,230,436,596,699,733,705,608,454,247,36,-188,-393,-559,265,-33,9,923,851,655,704,697,618,487,311,101,-111,-307,-473,-589,-654,-657,-591,-480,-333,-155,27,210,371,495,562,590,565,492,382,243,86,-81,-234,-379,-484,-544,-564,-538,-463,-358,-223,-67,103,261,405,512,587,604,569,487,357,202,19,-171,-344,-496,-605,-658,-651,-590,-476,-317,-115,102,300,481,616,693,709,662,553,389,181,-37,-246,-439,-602,-693,-723,-697,-595,-440,-245,-27,186,389,548,662,705,694,612,474,295,91,-112,-313,-483,-602,-678,-684,-621,-518,-359,-172,31,228,409,543,633,666,638,545,409,236,45,-148,-334,-486,-595,-654,-655,-587,-469,-307,-113,96,287,459,634,664,666,606,496,328,142,-63,-263,-431,-568,-644,-662,-618,-512,-352,-164,42,243,415,552,636,660,619,517,366,171,-29,-225,-405,-536,-623,-639,-597,-499,-350,-167,41,228,386,510,578,597,555,460,318,157,-15,-190,-337,-457,-517,-537,-504,-427,-295,-153,-8,150,286,387,459,481,456,392,298,169,31,-99,-228,-334,-408,-451,-436,-393,-309,-186,-54,78,217,328,401,432,422,368,271,153,22,-108,-228,-318,-371,-389,-373,-306,-215,-107,19,134,237,307,341,343,303,228,134,24,-92,-187,-267,-309,-313,-280,-210,-108,1,117,206,254,265,233,161,61,-36,-118,-163,1091,977,0,130,228,-94,-156,-193,-202,-171,-101,-7,85,164,225,255,248,204,136,49,-38,-119,-191,-239,-256,-246,-207,-150,-66,26,108,174,219,241,240,212,154,84,16,-62,-123,-167,-192,-190,-184,-164,-124,-83,-31,9,49,94,115,133,149,159,154,138,104,69,25,-25,-89,-156,-190,-204,-216,-205,-176,-118,-49,12,86,150,199,234,239,226,198,152,93,24,-45,-107,-163,-210,-247,-256,-243,-213,-165,-101,-20,63,150,223,280,312,309,287,233,152,49,-54,-157,-255,-327,-360,-367,-338,-270,-186,-80,35,149,251,324,370,385,362,313,234,124,5,-117,-230,-316,-382,-422,-414,-1135,-287,-182,-60,83,204,322,409,458,469,443,357,246,116,-37,-188,-320,-432,-508,-530,-507,-434,-316,-169,7,175,322,449,525,552,533,457,346,205,43,-124,-277,-413,-508,-562,-560,-511,-422,-296,-131,37,206,366,494,571,602,577,514,400,236,58,-129,-312,-462,-577,-644,-655,-610,-499,-347,-157,48,251,441,585,684,718,688,591,436,243,15,-209,-419,-599,-709,-758,-740,-648,-500,-290,-56,178,395,572,700,760,747,661,518,330,112,-116,-329,-517,-656,-726,-739,-681,-555,-387,-183,46,262,461,616,705,738,702,594,433,233,15,-212,-415,-581,-683,-726,-708,-614,-466,368,534
61452,mtk,MTK 7916,862319984,rx1-tx0,512,0,1569,868,318,438,519,558,548,498,413,263,97,-75,-256,-421,-551,-624,-655,-622,-536,-400,-214,-4,211,412,589,716,766,749,665,518,303,61,-191,-434,-635,-790,-863,-856,-769,-606,-378,-106,177,443,674,848,920,917,829,656,421,142,-146,-420,-653,-830,-922,-927,-849,-694,-463,-198,78,342,581,758,877,907,861,744,550,305,35,-236,-490,-696,-844,-917,-901,-801,-630,-395,-121,162,429,656,831,918,908,821,663,433,178,-92,-371,-602,-774,-879,-885,-817,-677,-466,-223,55,316,546,724,816,835,786,644,458,224,-24,-267,-476,-634,-728,-757,-709,-601,-442,-242,-19,198,388,526,-277,648,622,539,415,265,86,-94,-254,-388,-483,-539,-554,-513,-434,-327,-190,-34,119,259,379,464,517,526,484,399,287,153,1,-158,-293,-413,-501,-544,-535,-484,-390,-260,-112,57,218,353,482,563,587,577,504,386,233,56,-145,-333,-501,-625,-704,-704,-638,-507,-333,-96,148,386,592,744,815,802,706,536,309,37,-253,-506,-716,-829,-858,-811,-650,-433,-176,105,365,575,727,800,774,665,500,279,45,-190,-393,-549,-645,-666,-623,-517,-357,-175,31,226,393,505,558,561,500,389,225,47,-112,-273,-395,-469,-492,-457,-352,-213,-50,115,263,372,410,380,294,158,5,-118,130,1072,0,372,789,-14,-31,-56,-69,-77,-74,-59,-40,-14,23,56,74,96,105,103,86,65,34,-8,-46,-81,-112,-131,-131,-124,-107,-77,-35,5,48,90,128,164,179,183,170,131,86,20,-55,-116,-187,-233,-263,-270,-258,-207,-123,-28,81,185,277,342,383,384,334,255,128,-31,-183,-316,-423,-480,-489,-453,-360,-221,-55,117,284,416,501,546,522,434,306,155,-34,-207,-357,-465,-526,-534,-484,-382,-237,-79,86,234,360,452,478,462,405,311,189,50,-90,-213,-302,-357,-375,-364,-319,-252,-173,-77,13,98,171,234,281,306,308,293,255,193,119,26,-75,-171,-255,-323,-367,-384,489,-302,-224,-102,30,156,269,369,437,466,446,380,281,146,8,-145,-281,-393,-478,-510,-493,-434,-330,-197,-41,122,274,397,493,542,532,473,381,239,77,-86,-239,-382,-495,-545,-550,-511,-416,-292,-133,27,193,329,455,529,546,521,456,355,224,65,-106,-254,-380,-478,-530,-554,-523,-438,-341,-183,-22,147,310,448,548,615,620,562,455,301,111,-87,-286,-474,-602,-683,-700,-645,-523,-343,-129,87,291,475,606,673,671,606,494,324,128,-67,-249,-414,-527,-595,-605,-547,-460,-341,-170,-10,146,290,403,480,524,519,473,381,268,131,-12,-150,-286,-390,-472,-504,-500,-454,-531,-563,0,605,1509,432,327,191,35,-131,-279,-425,-534,-585,-605,-565,-471,-327,-159,29,227,415,566,672,712,689,608,468,269,38,-201,-424,-622,-763,-823,-811,-717,-560,-344,-86,181,438,657,822,901,894,794,629,387,109,-163,-432,-663,-835,-928,-928,-841,-674,-445,-170,116,388,628,803,897,913,844,704,496,251,-25,-288,-530,-726,-855,-902,-876,-769,-588,-354,-84,195,454,678,839,919,911,817,652,423,148,-128,-393,-624,-798,-883,-907,-836,-674,-459,-196,82,333,570,740,849,873,809,677,467,214,-40,-300,-522,-682,-782,-803,-748,-621,-445,-229,2,235,431,579,678,710,670,565,409,315,47,-150,-321,-455,-551,-594,-581,-518,-421,-287,-139,26,183,316,425,498,531,516,464,369,243,102,-54,-207,-339,-442,-507,-534,-509,-444,-341,-211,-49,105,260,391,489,547,567,524,445,332,170,3,-171,-349,-483,-585,-641,-639,-576,-458,-294,-88,133,344,528,678,767,765,689,539,323,70,-186,-433,-641,-791,-861,-838,-715,-516,-243,28,311,554,718,817,825,739,584,366,110,-163,-387,-569,-688,-728,-693,-582,-423,-216,0,210,393,520,593,606,557,451,291,117,-68,-243,-386,-489,-513,-498,-433,-309,-158,6,175,321,412,454,429,346,214,51,-104,-238,-321,-327,-269,-1603,-1270,0,-736,-345,-59,-60,-49,-25,3,36,59,75,88,91,76,56,32,-3,-39,-69,-91,-113,-119,-113,-95,-71,-33,9,47,88,123,143,149,146,129,102,65,13,-36,-101,-157,-197,-229,-220,-207,-168,-105,-29,56,140,231,294,331,335,300,232,139,21,-116,-241,-342,-427,-457,-431,-367,-247,-94,68,227,373,476,530,521,460,330,183,4,-175,-330,-442,-521,-547,-499,-410,-270,-107,68,230,371,466,510,500,441,344,203,47,-97,-229,-337,-414,-441,-422,-359,-270,-170,-49,65,170,243,299,329,329,307,265,208,136,54,-27,-112,-194,-261,-312,-346,-350,-313,-248,-162,-67,42,-571,261,353,417,421,402,340,250,125,-15,-156,-283,-387,-458,-483,-475,-408,-309,-175,-16,137,285,407,490,526,512,448,354,221,56,-119,-266,-400,-498,-544,-542,-498,-408,-271,-103,55,224,363,478,540,559,518,439,326,169,8,-148,-294,-414,-502,-551,-536,-482,-391,-265,-120,34,209,342,464,552,575,567,501,396,251,81,-117,-296,-450,-576,-646,-652,-609,-495,-332,-138,83,291,474,615,690,692,632,506,328,124,-90,-281,-455,-585,-644,-636,-578,-468,-321,-153,35,212,353,479,548,551,525,456,350,223,76,-78,-220,-342,-436,-498,-508,-489,-421,-327,-201,-58,86,232,-315,-582
61453,mtk,MTK 7916,862319984,rx1-tx1,512,0,0,0,-633,-474,-207,108,399,610,684,599,381,86,-225,-498,-655,-657,-518,-273,37,333,544,628,566,379,107,-181,-420,-556,-562,-430,-194,76,321,495,553,469,272,17,-240,-444,-544,-508,-352,-114,158,402,541,554,435,209,-75,-345,-530,-593,-524,-333,-64,233,482,618,609,462,213,-92,-374,-576,-648,-567,-359,-75,225,481,621,611,467,218,-80,-357,-544,-614,-543,-340,-58,238,479,605,591,439,184,-116,-387,-575,-630,-546,-339,-55,243,487,621,606,463,225,-64,-336,-540,-618,-551,-370,-112,172,413,559,577,471,268,2,-254,-451,-543,-513,-374,-166,70,282,424,470,405,0,62,-140,-298,-374,-355,-253,-100,66,213,295,296,220,88,-64,-197,-286,-296,-225,-84,72,209,311,337,270,130,-47,-218,-354,-410,-369,-239,-38,187,369,478,488,380,181,-69,-310,-493,-569,-524,-360,-115,162,418,589,636,545,332,37,-271,-524,-670,-680,-537,-276,47,371,622,742,699,509,213,-134,-454,-681,-780,-716,-496,-182,173,504,725,788,697,475,157,-194,-507,-713,-770,-674,-450,-138,188,466,650,703,615,407,122,-174,-420,-577,-621,-543,-360,-114,144,360,499,534,469,318,115,-98,-283,-408,-454,-411,-300,-146,27,188,304,365,366,314,222,110,-4,-91,-145,0,0,0,0,0,-268,-338,-370,-351,-271,-136,36,221,395,519,558,506,365,145,-107,-354,-550,-647,-632,-504,-274,22,323,569,706,707,575,323,1,-324,-592,-747,-737,-574,-297,43,383,655,791,752,554,237,-145,-498,-750,-846,-754,-501,-144,259,623,859,913,769,456,47,-373,-722,-923,-932,-729,-363,75,495,814,955,891,635,240,-211,-616,-884,-955,-815,-496,-68,372,729,930,917,695,322,-133,-559,-849,-958,-856,-558,-119,350,738,971,985,775,381,-96,-566,-919,-1062,-974,-677,-218,301,761,1063,1136,963,575,55,-483,-933,-1188,-1182,-921,-475,84,633,1045,1233,1157,829,323,-240,-758,-1120,0,-1070,-672,-133,424,880,1148,1163,915,467,-81,-603,-994,-1164,-1063,-722,-226,329,812,1106,1157,948,525,-16,-555,-979,-1182,-1127,-823,-327,240,750,1109,1215,1045,645,109,-448,-916,-1176,-1167,-906,-451,97,622,1005,1159,1055,722,232,-311,-768,-1041,-1076,-868,-464,39,523,878,1031,933,619,174,-317,-729,-960,-977,-769,-376,113,565,889,1015,914,599,150,-332,-741,-993,-1015,-809,-435,37,500,848,1006,933,663,256,-208,-619,-883,-952,-813,-498,-79,339,669,845,827,629,304,-81,-435,-676,-755,-659,-412,-87,243,512,651,626,450,178,-129,-404,-575,-605,-482,-247,41,328,538,614,542,0,0,0,0,0,-185,-463,-636,-664,-542,-301,13,329,566,681,639,457,184,-130,-414,-591,-643,-554,-332,-42,250,474,587,564,411,166,-117,-369,-524,-551,-447,-243,18,283,471,545,495,316,57,-208,-428,-556,-540,-389,-154,118,375,544,580,481,270,-13,-296,-512,-612,-569,-395,-131,161,429,609,642,522,283,-10,-307,-532,-640,-606,-427,-150,154,415,583,616,503,281,-14,-303,-512,-602,-559,-381,-110,182,434,591,611,489,257,-34,-318,-533,-626,-578,-405,-141,157,418,580,619,521,307,26,-258,-479,-593,-577,-426,-187,80,333,509,567,498,330,93,-165,-373,-495,-501,-395,-213,3,206,0,421,386,263,88,-93,-238,-324,-320,-232,-97,58,195,282,289,216,93,-63,-211,-302,-317,-249,-108,65,231,341,373,314,181,-5,-205,-365,-448,-430,-307,-106,129,346,491,530,453,272,21,-245,-461,-585,-582,-460,-223,73,353,569,665,623,443,157,-169,-468,-665,-718,-631,-407,-85,256,551,734,764,631,363,19,-327,-611,-773,-773,-622,-336,20,366,633,777,760,593,309,-27,-351,-608,-738,-714,-551,-290,24,327,558,663,640,492,249,-26,-281,-478,-577,-556,-425,-226,8,232,399,487,473,374,215,25,-158,-307,-402,-416,-358,-250,-111,33,156,251,295,290,250,185,0,0,0,0,0,158,61,-61,-200,-337,-441,-486,-459,-352,-177,46,276,470,591,612,524,347,93,-197,-454,-630,-697,-630,-439,-164,158,455,661,744,683,469,157,-182,-496,-707,-772,-676,-435,-91,269,581,777,806,658,372,4,-381,-703,-867,-848,-648,-303,112,498,795,930,863,604,217,-229,-620,-880,-957,-823,-515,-92,351,714,929,943,738,371,-71,-499,-814,-953,-884,-609,-194,253,648,899,943,781,441,-2,-459,-814,-975,-926,-667,-252,222,652,944,1030,877,525,50,-451,-857,-1078,-1067,-820,-391,139,650,1022,1185,1090,751,252,-305,-807,-1141,-1232,-1061,-669,-127,448,915,1189,1207,964,520,0,-586,-1001,-1197,-1130,-811,-314,245,746,1074,1165,999,606,80,-461,-907,-1146,-1120,-840,-375,184,700,1051,1186,1059,677,148,-413,-884,-1159,-1185,-945,-493,64,615,1028,1210,1121,788,283,-278,-777,-1104,-1177,-995,-601,-73,460,881,1100,1067,796,349,-173,-647,-959,-1048,-900,-548,-75,407,800,1000,954,691,266,-215,-648,-939,-1019,-855,-486,-17,455,827,1015,973,708,287,-192,-630,-929,-1020,-889,-558,-109,365,753,959,960,752,382,-67,-488,-787,-907,-839,-583,-206,207,553,765,800,654,371,13,-333,-587,-696,-638,-433,-136,178,442,599,608,469,214,-93,-370,-550,-601,-509,-292,0,286,0,0
61454,mtk,MTK 7916,862319984,rx2-tx0,512,0,0,0,-985,-622,-113,443,907,1177,1193,938,464,-126,-698,-1127,-1310,-1203,-819,-250,374,921,1268,1332,1098,619,-4,-621,-1097,-1336,-1277,-926,-363,280,852,1227,1328,1130,662,50,-568,-1056,-1304,-1250,-912,-358,272,839,1215,1307,1095,632,26,-588,-1063,-1289,-1224,-877,-329,293,846,1202,1278,1063,602,8,-581,-1027,-1226,-1147,-797,-258,321,821,1129,1162,924,468,-91,-626,-1007,-1144,-1009,-623,-90,453,895,1124,1078,772,280,-284,-788,-1108,-1169,-952,-509,58,624,1048,1233,1134,763,212,-398,-920,-1244,-1291,-1039,-543,80,686,1145,1357,1254,869,287,-370,-937,-1294,-1369,-1139,-652,-21,615,1117,1367,1315,967,0,-244,-840,-1249,-1375,-1181,-726,-118,520,1047,1331,1310,988,453,-181,-778,-1209,-1368,-1211,-779,-172,485,1034,1353,1365,1075,534,-130,-767,-1239,-1437,-1323,-913,-287,404,1009,1401,1477,1224,708,32,-661,-1206,-1483,-1445,-1092,-498,210,872,1342,1520,1365,915,265,-431,-1033,-1409,-1480,-1232,-709,-32,643,1168,1443,1401,1053,480,-194,-816,-1254,-1432,-1303,-894,-291,366,939,1311,1401,1198,749,152,-474,-994,-1299,-1332,-1090,-636,-63,506,957,1204,1203,955,529,7,-493,-872,-1071,-1054,-825,-439,10,442,772,937,914,717,396,14,-354,-641,-795,-797,-657,-410,-106,189,437,603,661,612,481,296,98,-73,-207,0,0,0,0,0,27,-143,-312,-467,-571,-600,-529,-359,-114,170,451,674,785,754,589,304,-53,-418,-718,-888,-882,-706,-386,29,455,798,990,994,788,410,-65,-547,-925,-1122,-1096,-834,-382,157,674,1067,1242,1154,820,312,-275,-815,-1188,-1327,-1182,-780,-207,419,966,1308,1380,1164,690,64,-585,-1111,-1399,-1391,-1085,-549,105,733,1201,1415,1320,947,374,-275,-860,-1252,-1367,-1189,-753,-162,459,968,1246,1245,972,489,-95,-645,-1042,-1198,-1078,-717,-199,356,825,1090,1097,853,415,-119,-625,-979,-1101,-966,-611,-103,434,870,1112,1095,820,347,-209,-718,-1073,-1185,-1032,-641,-91,486,959,1226,1213,921,426,-172,-740,0,-1292,-1144,-745,-169,443,959,1261,1280,1011,507,-118,-718,-1159,-1336,-1204,-804,-214,431,983,1317,1357,1082,552,-98,-733,-1212,-1425,-1314,-897,-283,387,993,1380,1452,1195,674,3,-678,-1202,-1454,-1387,-1009,-405,285,903,1314,1436,1227,740,100,-554,-1079,-1355,-1308,-972,-427,216,799,1187,1291,1099,662,71,-524,-990,-1227,-1171,-847,-332,252,772,1104,1182,981,550,6,-522,-932,-1124,-1049,-737,-260,268,725,997,1031,830,444,-39,-505,-842,-973,-874,-569,-130,324,683,873,854,620,240,-193,-574,-809,-838,-662,-325,91,486,767,857,733,427,8,-420,-749,-899,-831,-562,-154,306,706,946,968,758,0,0,0,0,0,-552,-954,-1151,-1088,-779,-281,297,819,1172,1271,1081,643,60,-544,-1034,-1304,-1284,-975,-451,177,772,1193,1347,1199,781,190,-446,-983,-1295,-1314,-1034,-526,103,718,1160,1327,1196,792,204,-427,-960,-1274,-1299,-1006,-487,126,717,1147,1308,1171,764,176,-448,-967,-1260,-1269,-983,-473,137,709,1118,1263,1111,705,141,-449,-925,-1178,-1162,-870,-373,202,720,1066,1157,967,553,6,-543,-955,-1128,-1035,-699,-193,369,838,1109,1121,859,386,-182,-713,-1082,-1203,-1047,-636,-62,524,994,1249,1216,899,372,-253,-828,-1213,-1335,-1157,-707,-97,530,1051,1343,1334,1020,475,-174,-794,-1239,-1399,-1245,-819,-212,438,991,0,1357,1085,576,-62,-683,-1147,-1353,-1256,-880,-297,351,918,1276,1345,1110,617,-16,-644,-1131,-1371,-1296,-919,-339,321,917,1310,1411,1206,728,78,-597,-1138,-1433,-1416,-1080,-501,194,854,1329,1506,1353,912,265,-441,-1046,-1422,-1493,-1242,-714,-30,666,1213,1499,1455,1091,503,-195,-851,-1312,-1485,-1336,-893,-262,418,1006,1372,1437,1194,696,52,-607,-1126,-1394,-1377,-1070,-531,117,724,1170,1372,1291,945,406,-208,-768,-1148,-1292,-1177,-825,-306,252,742,1070,1169,1033,697,241,-244,-667,-947,-1019,-893,-604,-209,209,568,807,878,781,547,224,-128,-438,-654,-747,-712,-560,-330,-72,170,364,484,519,477,379,0,0,0,0,0,411,442,401,280,93,-138,-371,-568,-691,-704,-592,-368,-64,271,571,779,852,759,519,166,-235,-606,-871,-973,-878,-600,-192,269,700,996,1079,948,626,154,-368,-824,-1117,-1186,-1008,-609,-78,477,956,1248,1270,1019,549,-40,-622,-1093,-1342,-1298,-976,-458,177,798,1241,1415,1298,902,311,-346,-941,-1330,-1427,-1227,-766,-145,509,1048,1356,1370,1091,584,-45,-660,-1118,-1326,-1235,-878,-333,273,806,1150,1231,1036,602,45,-506,-928,-1144,-1101,-801,-319,231,720,1034,1103,913,507,-8,-519,-921,-1106,-1031,-705,-212,328,805,1097,1141,925,486,-67,-620,-1031,-1211,-1125,-782,-256,331,857,1194,1263,1048,0,3,-596,-1056,-1285,-1230,-885,-342,281,838,1211,1316,1118,657,50,-576,-1069,-1326,-1282,-944,-385,271,867,1273,1400,1204,729,86,-578,-1124,-1425,-1399,-1057,-482,213,860,1313,1473,1306,845,201,-488,-1070,-1404,-1426,-1134,-585,86,724,1200,1402,1281,871,271,-379,-939,-1277,-1318,-1056,-560,60,661,1094,1268,1150,764,210,-386,-888,-1175,-1184,-924,-457,115,649,1019,1148,1017,650,141,-396,-836,-1074,-1058,-797,-361,155,623,929,1016,862,509,47,-412,-760,-916,-856,-592,-188,249,620,835,836,638,289,-138,-523,-776,-841,-695,-368,47,456,754,871,779,496,81,-364,-731,-925,-895,-656,-258,219,655,0,0
61455,mtk,MTK 7916,862319984,rx2-tx1,512,0,0,0,322,-221,-713,-1047,-1162,-1013,-634,-108,443,898,1149,1153,906,453,-101,-619,-1004,-1169,-1066,-725,-233,308,776,1060,1105,909,501,-14,-512,-881,-1038,-960,-664,-214,278,694,938,951,742,362,-106,-546,-847,-942,-812,-486,-35,434,802,967,901,622,185,-301,-718,-983,-1018,-802,-399,105,599,955,1082,966,624,132,-396,-845,-1102,-1096,-837,-377,175,698,1059,1181,1032,636,81,-502,-976,-1234,-1215,-920,-410,208,795,1216,1366,1215,788,189,-460,-1021,-1362,-1396,-1133,-627,24,673,1167,1400,1343,995,432,-220,-820,-1241,-1389,-1235,-816,-231,398,938,1267,1312,1078,618,45,-512,-950,-1181,-1148,-867,-411,0,592,922,1032,915,594,156,-293,-652,-850,-844,-651,-315,90,460,692,760,650,378,22,-329,-589,-698,-636,-417,-91,258,534,678,656,467,157,-199,-518,-718,-745,-584,-269,133,528,806,899,799,500,66,-402,-800,-1044,-1066,-848,-430,99,625,1030,1223,1164,855,347,-245,-788,-1187,-1347,-1213,-814,-244,378,936,1301,1400,1217,781,177,-470,-1021,-1362,-1436,-1216,-751,-150,478,1004,1328,1387,1170,730,163,-422,-902,-1188,-1241,-1045,-653,-150,361,771,1006,1039,870,544,128,-294,-636,-835,-863,-724,-450,-102,248,531,701,733,628,413,135,-147,-393,-549,-601,-559,-438,-262,-66,113,252,331,356,0,0,0,0,0,297,416,495,510,449,316,123,-106,-329,-511,-613,-611,-500,-298,-36,235,467,613,644,546,337,59,-232,-481,-636,-656,-538,-313,-12,297,544,675,666,513,244,-89,-404,-643,-749,-689,-477,-165,195,517,731,789,676,412,58,-315,-627,-804,-806,-628,-315,68,450,731,847,790,553,187,-225,-588,-823,-881,-740,-440,-42,374,702,872,858,659,308,-112,-502,-774,-877,-783,-516,-138,266,621,830,852,677,344,-63,-456,-742,-859,-787,-537,-160,259,628,846,873,714,396,-15,-427,-749,-902,-851,-612,-237,186,567,825,896,760,462,58,-355,-682,-863,-850,-638,-282,134,512,776,873,0,495,99,-309,-647,-845,-845,-657,-324,82,467,741,838,740,483,116,-277,-596,-769,-758,-569,-244,131,490,731,789,658,373,-7,-398,-702,-841,-791,-548,-169,253,623,851,895,734,394,-38,-459,-779,-917,-850,-591,-196,243,619,862,901,725,376,-63,-475,-776,-905,-808,-522,-113,329,688,887,877,655,278,-172,-588,-870,-947,-794,-452,-9,450,819,994,930,663,233,-264,-710,-1000,-1054,-862,-478,22,527,915,1100,1039,738,278,-244,-723,-1042,-1121,-954,-574,-64,459,876,1089,1062,798,352,-164,-641,-971,-1068,-923,-568,-86,421,831,1041,1017,761,321,-194,-658,-974,-1067,-915,-546,-53,0,0,0,0,0,1094,1119,897,474,-55,-581,-985,-1172,-1104,-787,-289,271,770,1096,1177,1004,604,69,-471,-898,-1121,-1100,-831,-370,159,634,971,1089,945,585,110,-377,-782,-1002,-970,-716,-300,183,615,891,945,779,430,-31,-486,-814,-950,-857,-548,-99,369,754,974,967,715,283,-211,-665,-974,-1058,-896,-521,-17,496,896,1099,1038,731,261,-287,-781,-1091,-1142,-935,-505,51,599,1030,1222,1124,769,231,-381,-912,-1239,-1302,-1067,-580,35,645,1134,1386,1323,969,408,-242,-856,-1285,-1428,-1256,-825,-220,437,1009,1353,1393,1137,641,7,-616,-1094,-1341,-1296,-960,-434,170,727,1119,1271,1140,768,248,-306,-784,-1075,0,-910,-527,-47,428,785,945,882,634,248,-181,-546,-772,-807,-647,-349,30,393,642,728,642,395,55,-292,-561,-685,-645,-443,-128,222,523,697,692,508,200,-174,-535,-769,-819,-677,-368,51,483,823,993,942,669,235,-273,-742,-1068,-1171,-1021,-643,-118,445,927,1226,1271,1038,589,2,-603,-1087,-1350,-1335,-1034,-522,105,720,1192,1421,1361,1027,478,-169,-774,-1219,-1420,-1339,-991,-453,153,726,1148,1326,1236,921,436,-118,-629,-994,-1153,-1082,-799,-377,96,530,839,964,897,659,304,-87,-443,-697,-803,-746,-550,-267,51,351,567,660,645,524,313,61,-173,-354,-468,-505,-464,-363,-239,-106,0,0,0,0,0,-306,-205,-58,126,316,474,574,595,514,342,109,-144,-382,-558,-633,-598,-449,-204,80,350,554,648,611,453,199,-106,-391,-594,-675,-613,-413,-122,195,480,672,715,603,360,30,-315,-595,-750,-746,-584,-292,73,427,696,820,757,523,179,-208,-549,-776,-843,-725,-443,-47,354,664,845,845,651,312,-88,-477,-767,-882,-809,-567,-188,241,611,842,887,734,418,17,-383,-707,-874,-828,-598,-241,168,539,794,864,735,442,53,-351,-677,-860,-840,-626,-275,144,530,802,899,789,501,106,-312,-664,-866,-881,-701,-362,62,465,760,889,814,555,177,-241,-605,-827,-861,-704,-390,21,0,725,874,821,576,208,-200,-561,-793,-843,-709,-417,-25,369,667,801,750,528,179,-210,-544,-749,-770,-603,-302,83,459,725,821,725,457,72,-340,-678,-861,-843,-638,-282,152,550,823,919,805,502,85,-350,-707,-898,-888,-667,-285,156,561,831,902,766,452,29,-409,-755,-908,-843,-589,-193,256,642,876,910,725,357,-101,-532,-848,-976,-873,-560,-112,371,769,987,989,765,356,-141,-619,-963,-1085,-960,-615,-130,389,828,1094,1108,868,441,-88,-603,-975,-1123,-1025,-702,-218,316,764,1040,1084,876,471,-34,-526,-904,-1066,-971,-663,-206,306,737,999,1039,838,434,-68,-555,-923,-1076,0,0
61456,mtk,MTK 7916,862366778,rx0-tx0,512,-330,-741,-832,639,806,896,911,840,688,474,218,-56,-316,-558,-738,-858,-910,-866,-745,-565,-333,-77,189,443,654,804,887,892,820,666,461,205,-60,-334,-573,-760,-884,-927,-881,-753,-568,-320,-50,228,482,696,847,928,913,811,639,411,154,-123,-383,-602,-777,-885,-892,-836,-701,-504,-272,-8,243,475,664,787,852,843,757,606,398,153,-100,-353,-563,-725,-835,-858,-799,-664,-474,-242,15,265,484,668,785,816,785,680,511,300,65,-161,-376,-559,-673,-727,-715,-645,-519,-356,-155,40,240,411,539,620,645,624,545,419,262,85,-93,-266,-416,-527,-591,-606,-571,-486,-363,-206,-19,150,-26,449,554,602,605,554,451,305,130,-58,-242,-411,-539,-627,-653,-621,-526,-387,-212,-10,192,379,530,636,671,658,574,441,265,57,-160,-353,-513,-636,-691,-677,-603,-469,-300,-106,106,314,488,616,687,686,625,515,348,138,-77,-288,-469,-615,-699,-713,-661,-534,-367,-149,90,314,504,649,715,715,632,483,295,68,-160,-365,-526,-621,-643,-608,-503,-344,-160,22,207,355,450,492,486,433,327,207,80,-47,-158,-243,-305,-337,-329,-289,-231,-156,-79,-3,78,151,195,230,241,232,208,159,100,22,-50,-118,-181,-214,-225,-222,-187,-128,-45,40,124,188,212,195,146,77,-238,-432,510,449,177,68,10,-71,-142,-191,-218,-212,-173,-110,-31,49,132,198,239,260,251,219,173,101,8,-81,-169,-249,-308,-340,-347,-321,-254,-153,-28,110,248,373,461,513,518,453,347,197,15,-196,-397,-552,-662,-714,-682,-568,-394,-174,75,344,580,758,862,874,798,628,375,80,-218,-513,-751,-921,-999,-953,-820,-600,-308,21,344,633,860,993,1035,971,804,561,251,-78,-395,-665,-878,-1000,-1022,-940,-775,-540,-237,83,390,653,854,979,1018,940,777,549,261,-50,-349,-614,-817,-949,-985,-915,-776,-562,-302,1,292,551,769,912,965,925,793,591,338,52,-230,-494,-707,-862,-931,-911,301,-643,-417,-153,124,384,613,791,897,917,857,724,528,277,-4,-278,-533,-737,-892,-952,-922,-830,-646,-396,-109,183,467,700,875,971,976,896,733,496,221,-70,-372,-625,-826,-965,-1010,-958,-835,-646,-391,-90,217,509,755,922,1029,1040,960,781,534,239,-80,-402,-682,-911,-1055,-1107,-1057,-901,-672,-368,-38,303,625,887,1060,1138,1114,982,752,457,123,-226,-554,-825,-1006,-1107,-1095,-976,-780,-516,-201,119,429,694,897,1010,1030,963,819,597,312,12,-276,-547,-764,-911,-975,-949,-842,-658,-421,-144,139,415,654,819,919,935,867,721,522,266,-14,-287,-537,-732,-868,-918,-885,-772,1009,872,-82,-457,-258,663,434,169,-104,-374,-600,-774,-881,-901,-846,-714,-514,-280,-9,264,499,696,828,891,876,784,615,396,142,-125,-388,-612,-782,-880,-904,-856,-717,-525,-266,2,283,527,732,875,927,897,787,607,369,97,-195,-449,-663,-817,-903,-906,-821,-666,-462,-204,66,313,545,715,834,876,833,721,545,329,94,-166,-408,-616,-768,-846,-854,-778,-637,-443,-210,55,303,529,705,825,857,805,682,504,269,27,-213,-439,-619,-737,-785,-756,-675,-520,-326,-112,108,314,478,601,669,676,634,529,383,203,18,-168,-340,-473,-575,-620,-619,-559,-454,-307,-143,34,204,357,484,578,612,585,628,412,257,85,-95,-276,-435,-552,-622,-633,-592,-494,-351,-175,20,217,393,536,632,669,638,551,420,235,36,-173,-363,-520,-633,-690,-677,-597,-464,-286,-72,134,335,501,616,678,681,617,497,332,130,-96,-300,-479,-622,-694,-699,-649,-534,-369,-154,70,290,477,618,710,716,649,522,337,123,-108,-334,-514,-641,-698,-669,-573,-415,-217,-10,190,372,502,562,574,520,408,266,109,-44,-195,-306,-370,-403,-397,-347,-270,-177,-73,31,122,197,248,271,278,268,218,158,89,15,-52,-118,-173,-213,-233,-224,-202,-152,-82,-14,65,145,203,231,223,189,123,38,-48,-116,-152,-821,-742,-82,-1019,-1096,-141,-177,-178,-138,-79,-4,78,152,204,231,234,212,159,89,10,-78,-153,-216,-267,-292,-286,-266,-213,-131,-33,75,192,296,377,425,430,394,309,182,32,-145,-314,-454,-556,-620,-618,-529,-380,-193,28,266,485,658,765,799,751,604,395,127,-155,-434,-676,-853,-935,-928,-819,-614,-355,-35,284,575,818,983,1034,978,815,570,276,-49,-373,-661,-881,-1017,-1037,-956,-787,-544,-243,86,401,663,871,990,1010,931,763,529,256,-59,-369,-629,-831,-964,-990,-929,-778,-557,-286,26,325,584,792,932,981,924,794,585,324,27,-264,-530,-741,-889,-937,-907,-791,-609,-366,-80,202,-176,657,818,905,904,822,672,459,208,-63,-332,-574,-761,-891,-931,-893,-777,-595,-354,-63,224,496,739,901,978,969,874,698,455,164,-142,-428,-675,-858,-958,-985,-925,-771,-560,-291,8,293,546,772,940,1018,999,898,705,463,180,-134,-445,-718,-928,-1049,-1081,-1012,-847,-615,-312,16,356,654,899,1063,1129,1098,956,712,416,76,-265,-590,-857,-1038,-1121,-1099,-976,-760,-486,-166,180,498,762,959,1063,1059,973,800,554,259,-54,-352,-619,-836,-970,-1004,-960,-834,-629,-373,-83,209,481,707,866,948,946,860,692,463,205,-77,-350,-587,-769,-891,-926,-879,-758,-566,-326,-47,225,475,-428,-671
61457,mtk,MTK 7916,862366778,rx0-tx1,512,-686,898,812,715,680,580,425,235,25,-187,-375,-521,-621,-666,-646,-566,-450,-281,-88,94,282,428,532,591,596,556,466,341,191,27,-133,-290,-420,-516,-569,-570,-530,-442,-323,-174,-14,147,307,434,529,581,583,544,454,327,160,-17,-201,-376,-516,-618,-660,-651,-575,-448,-283,-78,127,332,502,630,702,704,648,534,361,162,-55,-272,-459,-608,-703,-728,-693,-589,-430,-240,-18,204,401,555,669,714,698,616,478,299,96,-112,-317,-483,-606,-677,-686,-630,-526,-372,-184,27,227,402,539,626,668,639,556,425,251,56,-133,-315,-473,-588,-650,-650,-596,-481,-324,-135,63,265,436,564,-38,658,622,516,360,177,-30,-228,-400,-548,-637,-670,-636,-539,-392,-216,-14,190,375,524,621,656,632,550,404,232,38,-168,-353,-507,-610,-645,-624,-539,-407,-231,-37,152,335,476,570,602,588,514,380,221,48,-124,-288,-410,-499,-548,-541,-466,-356,-220,-71,89,232,351,435,483,477,428,348,237,104,-31,-165,-291,-382,-435,-460,-427,-355,-262,-131,11,149,266,362,422,428,391,329,223,99,-33,-157,-272,-346,-385,-390,-346,-276,-175,-55,68,170,266,325,343,333,286,204,97,-7,-116,-213,-277,-313,-307,-261,-178,-78,34,137,212,263,267,224,146,50,-46,-130,-165,792,888,0,288,-88,-165,-181,-159,-101,-21,70,152,214,240,229,190,119,36,-54,-134,-203,-245,-249,-231,-189,-123,-41,44,126,190,235,252,237,197,148,70,-7,-75,-141,-188,-217,-216,-193,-158,-110,-51,1,45,91,123,139,151,155,143,126,116,84,42,-9,-53,-91,-136,-166,-189,-203,-192,-152,-114,-46,30,95,162,204,232,242,225,187,133,69,-5,-70,-137,-189,-225,-238,-236,-224,-189,-130,-69,6,81,162,221,269,298,296,271,219,138,40,-60,-165,-249,-317,-350,-360,-333,-263,-170,-70,43,154,255,328,370,375,354,306,218,115,-6,-129,-234,-321,-381,-413,-397,-355,-285,-48,-58,72,192,300,393,441,452,424,357,256,125,-25,-176,-314,-423,-493,-522,-501,-428,-315,-173,-9,161,309,436,524,554,542,470,364,231,66,-102,-255,-396,-499,-549,-565,-521,-438,-314,-160,5,177,332,466,561,597,586,530,420,275,96,-98,-270,-433,-551,-615,-645,-608,-516,-378,-203,-7,195,374,532,654,709,699,623,491,307,90,-130,-343,-532,-670,-749,-753,-690,-559,-381,-161,80,310,511,660,744,766,709,590,419,208,-21,-247,-445,-601,-700,-743,-709,-619,-473,-278,-66,158,366,542,670,730,726,663,524,341,130,-97,-304,-491,-636,-719,-730,-674,-549,-378,-171,668,724,9,-230,-453,16,-205,-404,-559,-660,-695,-666,-572,-432,-258,-60,145,326,477,589,628,621,566,446,305,131,-44,-212,-358,-466,-546,-572,-553,-490,-384,-256,-100,62,225,362,473,544,570,560,494,387,245,81,-90,-257,-409,-527,-602,-623,-600,-524,-396,-231,-38,158,350,506,627,688,683,622,496,330,121,-96,-298,-483,-623,-705,-726,-675,-560,-395,-194,23,236,432,583,686,729,698,604,457,269,52,-158,-359,-520,-635,-691,-692,-626,-497,-330,-133,71,267,435,568,652,671,628,529,388,217,25,-176,-357,-509,-613,-657,-642,-580,-458,-294,-101,98,290,456,577,646,660,610,497,345,634,-38,-237,-419,-555,-639,-669,-625,-533,-386,-199,4,206,389,531,627,666,638,553,409,225,21,-177,-364,-514,-611,-654,-629,-543,-409,-232,-34,163,346,490,587,621,601,525,391,223,40,-137,-311,-446,-533,-574,-563,-489,-369,-229,-65,108,266,390,473,515,501,443,347,228,87,-66,-197,-311,-401,-452,-459,-433,-356,-250,-128,11,156,263,357,423,446,414,350,249,122,-19,-148,-261,-356,-406,-412,-379,-304,-196,-83,47,166,262,335,369,354,314,243,137,26,-86,-188,-270,-313,-320,-303,-242,-151,-48,64,165,244,286,294,252,181,86,-27,-127,-200,-228,-215,-155,-70,454,237,0,668,718,-42,40,125,188,220,215,174,104,14,-75,-160,-222,-252,-249,-213,-157,-74,12,97,172,229,253,250,218,167,97,16,-70,-137,-198,-236,-236,-216,-176,-121,-57,13,71,120,161,179,173,161,140,104,72,40,-3,-45,-79,-115,-147,-164,-173,-165,-154,-125,-81,-32,31,105,153,188,224,225,211,172,116,55,-12,-89,-151,-197,-231,-237,-230,-205,-159,-100,-30,37,104,172,218,251,267,262,230,175,112,21,-71,-160,-239,-300,-328,-333,-300,-237,-151,-50,56,161,258,314,357,365,344,283,199,92,-23,-134,-242,-324,-374,-398,-382,-328,-248,-147,-21,106,219,319,-1135,428,424,385,315,212,79,-55,-189,-307,-406,-471,-487,-463,-393,-287,-151,5,162,306,423,506,551,528,457,350,200,41,-130,-293,-418,-514,-564,-553,-499,-400,-252,-97,67,228,366,482,551,580,552,478,361,208,36,-135,-300,-440,-546,-608,-608,-559,-468,-320,-155,33,229,404,546,640,678,650,567,444,265,54,-164,-368,-541,-670,-732,-726,-655,-520,-336,-118,109,331,521,666,755,763,702,573,394,181,-50,-280,-479,-638,-733,-759,-714,-608,-444,-245,-20,205,406,571,685,735,726,641,504,311,95,-122,-337,-523,-652,-729,-733,-666,-545,-367,-156,64,279,467,605,687,-291,88
61458,mtk,MTK 7916,862366778,rx1-tx0,512,0,-9,-217,273,125,-28,-191,-348,-468,-552,-582,-573,-518,-417,-274,-94,94,292,456,587,669,696,651,552,397,198,-23,-261,-478,-644,-767,-810,-779,-670,-500,-286,-18,244,486,690,836,898,873,764,590,345,69,-219,-491,-717,-857,-925,-910,-812,-638,-393,-132,161,429,653,815,894,906,832,677,464,214,-53,-311,-542,-739,-859,-909,-869,-760,-571,-336,-59,218,468,679,840,918,906,813,648,417,145,-134,-404,-637,-796,-886,-903,-832,-685,-465,-210,67,326,559,745,853,880,809,689,492,242,-16,-274,-495,-671,-782,-808,-773,-654,-478,-264,-24,212,415,569,674,714,685,585,440,267,-277,-122,-306,-444,-545,-596,-588,-535,-449,-316,-160,-6,161,300,417,485,524,514,471,386,269,130,-22,-166,-308,-415,-492,-529,-519,-466,-366,-244,-99,68,214,344,454,527,564,540,476,366,229,62,-113,-280,-423,-547,-617,-631,-601,-502,-353,-171,35,254,454,610,717,762,735,620,435,212,-47,-310,-538,-728,-826,-836,-772,-620,-389,-118,160,421,649,794,841,803,681,484,250,-9,-260,-478,-637,-727,-731,-665,-534,-351,-135,86,289,448,563,618,605,526,401,240,59,-126,-289,-418,-495,-521,-496,-398,-265,-106,58,219,345,428,459,426,325,175,11,-144,-261,-328,-322,-257,392,341,0,-607,-295,-37,-21,5,35,59,76,85,83,69,50,22,-13,-49,-76,-98,-113,-111,-104,-86,-47,-13,30,63,94,122,140,136,130,113,67,31,-15,-65,-107,-155,-186,-200,-194,-174,-136,-72,-1,80,163,221,275,310,307,265,194,103,-12,-133,-255,-345,-403,-437,-416,-339,-226,-75,84,245,379,464,511,503,437,322,169,-5,-179,-332,-448,-522,-540,-503,-397,-259,-96,71,239,372,472,522,506,449,331,190,44,-116,-257,-367,-440,-460,-440,-376,-277,-154,-35,86,191,265,319,341,338,307,257,188,111,23,-63,-142,-211,-275,-310,-325,-316,-286,-229,-158,-63,49,159,256,489,388,413,395,338,242,125,0,-143,-269,-376,-453,-480,-463,-408,-307,-173,-34,112,258,377,467,519,510,459,368,235,81,-83,-244,-379,-472,-539,-542,-500,-407,-274,-124,45,204,347,463,526,544,528,456,333,197,37,-127,-268,-392,-491,-534,-530,-489,-414,-289,-145,4,163,316,433,512,555,556,512,423,280,122,-51,-232,-393,-526,-608,-641,-619,-529,-381,-202,-3,209,400,555,657,700,665,563,411,217,13,-193,-382,-539,-632,-661,-633,-543,-406,-236,-47,128,294,439,526,566,557,503,414,283,129,-26,-169,-302,-411,-481,-503,-496,-449,-366,-252,-121,27,167,290,392,-433,-692,0,389,333,-468,-531,-545,-527,-453,-344,-196,-24,141,307,455,572,632,639,588,479,334,150,-59,-270,-459,-616,-717,-755,-728,-616,-458,-247,2,257,490,675,809,865,835,727,556,317,49,-228,-486,-704,-853,-922,-905,-803,-612,-363,-92,191,459,690,848,925,924,822,655,423,163,-112,-381,-609,-777,-878,-904,-847,-724,-529,-282,-15,256,502,707,845,906,883,785,617,382,101,-179,-440,-661,-827,-908,-909,-826,-665,-441,-190,91,362,596,767,870,888,822,687,484,238,-39,-298,-521,-714,-819,-850,-800,-671,-489,-246,5,247,464,625,728,763,718,611,455,268,52,-167,-364,-509,-615,315,-636,-565,-440,-291,-108,71,229,371,482,538,559,529,457,347,212,65,-90,-228,-354,-453,-516,-524,-495,-422,-318,-197,-48,108,257,381,466,532,542,497,421,302,163,-1,-162,-314,-438,-531,-584,-584,-533,-435,-301,-119,64,264,446,580,660,697,666,561,400,200,-30,-270,-499,-665,-780,-818,-767,-639,-437,-172,101,365,603,773,853,842,750,570,320,51,-219,-466,-649,-757,-793,-737,-605,-412,-185,55,279,466,601,668,668,594,464,297,98,-107,-290,-429,-523,-564,-542,-466,-341,-182,-13,166,318,425,479,478,421,311,170,11,-154,-299,-387,-410,-366,-270,-134,17,141,-9,196,0,-457,-704,41,60,69,63,48,26,1,-27,-55,-74,-95,-98,-88,-70,-44,-13,21,51,92,114,124,123,107,92,63,16,-26,-62,-110,-142,-156,-172,-158,-140,-102,-48,12,72,129,184,224,246,250,214,160,95,2,-101,-194,-268,-326,-359,-357,-304,-209,-105,25,177,306,411,464,474,434,330,196,34,-142,-302,-433,-514,-542,-515,-426,-292,-128,47,219,368,471,531,530,476,367,230,59,-107,-261,-391,-461,-495,-479,-407,-307,-171,-33,108,230,330,388,406,393,334,258,164,62,-35,-127,-206,-265,-306,-321,-314,-282,-237,-168,-86,-1,85,171,250,312,356,363,338,287,-571,99,-18,-145,-263,-359,-417,-446,-433,-374,-284,-158,-10,134,270,386,462,493,492,429,325,203,45,-114,-263,-389,-481,-526,-529,-482,-387,-264,-108,64,227,368,474,536,551,509,430,302,154,0,-158,-322,-435,-513,-550,-531,-475,-386,-250,-82,84,227,360,461,515,533,515,448,341,208,60,-105,-260,-406,-511,-570,-597,-568,-485,-349,-179,5,199,394,545,641,682,657,564,417,228,9,-214,-412,-565,-658,-685,-654,-560,-413,-220,-21,178,353,489,578,609,581,521,398,247,79,-88,-236,-366,-466,-527,-532,-499,-427,-326,-192,-53,90,230,350,439,493,511,479,410,300,620,308
61459,mtk,MTK 7916,862366778,rx1-tx1,512,0,0,0,82,-226,-495,-652,-664,-530,-269,52,355,583,684,631,436,148,-163,-439,-609,-637,-524,-284,8,287,497,593,546,360,100,-172,-404,-534,-535,-408,-187,78,326,498,544,453,254,-5,-271,-468,-551,-512,-342,-88,186,423,566,567,430,194,-94,-363,-553,-614,-535,-327,-42,258,501,629,618,468,206,-103,-387,-575,-631,-551,-349,-58,250,486,610,600,439,178,-114,-379,-560,-607,-511,-297,-13,280,510,618,581,413,151,-144,-407,-586,-635,-529,-312,-25,270,502,618,594,444,197,-100,-366,-542,-598,-524,-337,-78,191,414,545,556,435,216,-31,-264,-437,-510,-469,-331,-122,107,0,392,411,332,179,-4,-179,-296,-335,-287,-167,-13,142,255,288,247,147,2,-153,-267,-318,-290,-185,-13,165,303,372,351,249,82,-124,-312,-430,-447,-368,-199,28,258,439,536,509,360,125,-141,-386,-551,-614,-537,-330,-45,255,501,645,657,525,271,-53,-363,-600,-718,-677,-491,-202,142,464,688,761,685,458,134,-218,-528,-737,-796,-686,-436,-96,259,563,750,786,664,406,75,-264,-544,-712,-737,-612,-371,-65,241,492,634,648,533,321,47,-227,-441,-559,-564,-463,-279,-48,179,366,476,486,407,263,77,-119,-277,-384,-421,-377,-277,-147,-2,132,232,287,293,262,197,0,0,0,0,0,306,280,219,107,-44,-214,-371,-482,-522,-478,-355,-160,77,313,506,618,621,508,292,16,-273,-516,-672,-704,-591,-359,-58,261,540,710,739,614,361,23,-319,-597,-751,-742,-587,-303,65,429,697,827,773,553,212,-185,-553,-806,-887,-781,-503,-105,315,677,893,915,750,417,-14,-439,-774,-943,-913,-683,-295,160,568,855,953,843,537,118,-320,-697,-918,-934,-743,-380,71,508,829,954,872,599,176,-297,-700,-947,-982,-802,-435,47,524,874,1042,981,693,237,-279,-733,-1039,-1117,-948,-563,-55,477,919,1162,1152,902,452,-99,-643,-1056,-1227,-1141,-818,-315,256,780,1127,1221,1057,0,125,-443,-915,-1172,-1166,-908,-452,90,616,1008,1170,1063,722,209,-354,-821,-1106,-1146,-921,-483,52,584,1000,1185,1094,758,257,-303,-805,-1124,-1195,-1003,-580,-33,523,965,1189,1153,872,391,-186,-713,-1073,-1190,-1044,-668,-152,390,832,1086,1090,843,404,-106,-583,-928,-1042,-907,-572,-115,368,774,993,967,714,286,-199,-631,-926,-1019,-873,-523,-51,427,811,1017,988,738,322,-167,-615,-927,-1031,-898,-576,-127,345,729,946,957,758,394,-49,-471,-776,-904,-821,-562,-187,217,558,757,784,637,342,-20,-359,-598,-691,-629,-418,-114,213,472,607,594,446,191,-117,-389,-562,-600,-496,-269,26,0,0,0,0,0,648,630,459,184,-136,-431,-629,-680,-583,-361,-55,264,518,658,647,486,225,-90,-373,-564,-627,-540,-330,-58,219,452,574,542,379,136,-127,-373,-528,-541,-427,-218,49,298,479,546,476,296,36,-227,-441,-558,-545,-394,-139,152,409,570,599,491,265,-26,-318,-531,-629,-583,-404,-132,177,445,608,632,510,277,-22,-317,-529,-622,-572,-389,-113,183,436,583,594,468,231,-59,-338,-540,-611,-542,-354,-70,226,462,600,607,472,232,-65,-349,-552,-626,-569,-382,-114,180,435,584,600,492,271,-10,-279,-483,-580,-547,-389,-151,112,342,494,537,460,289,56,-180,-359,-457,-458,0,-152,45,220,342,380,322,183,9,-153,-264,-303,-260,-154,-13,145,254,289,255,150,-3,-160,-286,-349,-321,-203,-36,146,307,398,399,305,129,-86,-295,-443,-498,-444,-283,-49,207,424,553,558,446,229,-51,-322,-535,-634,-597,-424,-149,164,448,637,690,609,390,69,-269,-552,-716,-731,-593,-329,17,365,627,769,762,595,296,-61,-408,-673,-795,-753,-566,-264,90,417,660,769,717,529,235,-101,-400,-609,-698,-648,-467,-200,94,361,550,618,564,405,172,-84,-310,-472,-538,-492,-351,-163,50,245,388,453,432,333,184,14,-149,-277,-356,-372,-332,-245,-137,-28,67,140,0,0,0,0,0,85,193,300,385,428,404,310,156,-38,-249,-427,-547,-590,-520,-345,-106,165,414,591,670,621,456,195,-116,-412,-623,-719,-679,-499,-208,125,426,654,753,691,482,164,-199,-528,-741,-794,-685,-427,-63,321,641,827,838,668,346,-39,-433,-749,-906,-862,-631,-270,164,575,855,947,841,555,141,-301,-673,-913,-960,-778,-435,6,455,791,950,899,649,255,-198,-611,-886,-956,-809,-485,-46,412,773,957,931,693,296,-174,-613,-915,-1009,-884,-547,-77,408,815,1051,1059,824,396,-120,-623,-1006,-1163,-1062,-738,-247,317,812,1132,1222,1055,648,97,-474,-936,-1200,-1203,-955,-503,58,597,0,1204,1127,796,300,-262,-762,-1093,-1173,-986,-585,-58,484,919,1139,1105,820,347,-216,-733,-1075,-1177,-1018,-628,-101,453,913,1175,1169,894,429,-141,-679,-1063,-1215,-1101,-745,-219,355,842,1141,1188,958,524,-11,-550,-957,-1141,-1069,-757,-283,252,726,1017,1072,888,505,9,-486,-857,-1020,-943,-648,-204,286,712,968,998,795,406,-72,-534,-877,-1017,-934,-633,-183,302,718,974,1015,829,453,-22,-489,-842,-1005,-945,-674,-258,204,612,873,938,806,492,80,-339,-668,-838,-820,-620,-288,95,436,669,741,639,390,59,-270,-524,-644,-602,-422,-141,165,426,584,599,467,222,-72,-356,-560,-624,0,0
61460,mtk,MTK 7916,862366778,rx2-tx0,512,0,0,0,-94,-610,-1001,-1175,-1090,-748,-222,363,880,1210,1271,1044,583,-15,-619,-1093,-1322,-1253,-905,-348,283,853,1238,1339,1141,683,70,-557,-1058,-1324,-1282,-944,-405,229,821,1210,1318,1122,672,73,-549,-1047,-1291,-1239,-899,-353,269,834,1207,1302,1092,623,8,-603,-1057,-1276,-1209,-854,-303,313,850,1180,1234,1005,545,-50,-615,-1026,-1192,-1084,-717,-180,389,857,1114,1111,843,373,-182,-695,-1038,-1122,-933,-521,12,552,966,1149,1054,704,178,-393,-879,-1166,-1178,-903,-414,172,736,1138,1279,1124,707,123,-496,-1005,-1293,-1287,-989,-462,177,776,1209,1374,1224,802,195,-459,-1013,-1335,-1353,-1074,-557,85,695,0,1367,1262,865,280,-367,-933,-1285,-1341,-1092,-600,23,647,1125,1342,1254,879,304,-348,-917,-1288,-1370,-1137,-636,3,651,1156,1401,1333,971,390,-290,-915,-1336,-1463,-1258,-776,-124,568,1138,1454,1448,1123,547,-151,-818,-1306,-1509,-1371,-945,-308,401,1016,1405,1489,1251,735,64,-623,-1169,-1453,-1411,-1067,-494,184,819,1273,1442,1297,880,273,-390,-966,-1329,-1407,-1184,-707,-89,538,1047,1335,1343,1067,573,-29,-607,-1052,-1273,-1225,-931,-460,94,607,979,1149,1082,801,363,-125,-568,-889,-1014,-932,-678,-304,116,498,761,869,813,610,299,-48,-367,-607,-731,-724,-594,-383,-133,117,323,452,505,483,396,0,0,0,0,0,282,411,503,528,471,326,111,-147,-409,-623,-735,-724,-585,-331,0,350,650,836,864,731,444,51,-368,-725,-953,-987,-816,-476,-29,445,835,1063,1078,867,466,-51,-573,-982,-1193,-1165,-890,-412,171,725,1128,1298,1201,854,311,-315,-879,-1259,-1376,-1196,-757,-156,484,1028,1366,1409,1136,625,-16,-661,-1162,-1407,-1353,-1014,-457,198,805,1230,1385,1235,821,242,-387,-927,-1245,-1279,-1036,-568,20,592,1023,1216,1131,793,281,-289,-779,-1075,-1124,-909,-487,44,567,944,1097,996,661,166,-367,-820,-1078,-1078,-828,-385,156,671,1038,1167,1025,646,103,-474,-938,-1195,-1197,-923,-429,169,728,1123,1270,0,741,171,-446,-965,-1257,-1268,-989,-488,123,721,1154,1320,1191,784,191,-450,-991,-1306,-1324,-1041,-517,133,761,1219,1404,1269,848,228,-455,-1033,-1385,-1434,-1144,-601,70,733,1237,1465,1364,947,313,-383,-985,-1369,-1445,-1196,-674,-8,642,1147,1388,1299,911,337,-308,-888,-1245,-1300,-1065,-595,11,608,1061,1253,1151,777,231,-353,-855,-1158,-1183,-932,-471,89,620,1008,1151,1024,662,151,-381,-818,-1054,-1042,-793,-361,149,607,914,998,848,502,37,-417,-757,-911,-836,-563,-162,272,631,829,823,611,243,-182,-560,-797,-835,-674,-343,78,486,782,887,771,464,43,-404,-764,-935,-889,-631,-210,273,0,0,0,0,0,1111,958,578,46,-507,-959,-1207,-1188,-898,-396,201,765,1165,1311,1167,756,170,-461,-988,-1296,-1321,-1045,-534,96,715,1170,1351,1222,815,234,-396,-945,-1283,-1309,-1038,-540,86,688,1130,1315,1186,791,211,-422,-952,-1262,-1286,-1005,-493,134,720,1139,1297,1161,751,161,-457,-963,-1245,-1229,-938,-437,171,736,1111,1223,1052,638,78,-498,-938,-1162,-1105,-779,-275,284,770,1076,1118,887,447,-101,-625,-1004,-1139,-992,-606,-78,480,932,1161,1110,795,291,-290,-807,-1153,-1230,-1009,-554,33,621,1080,1301,1216,847,287,-349,-911,-1267,-1347,-1124,-638,-2,630,1123,1363,1301,953,398,-259,-868,-1275,-1387,-1188,0,-101,551,1070,1345,1323,995,442,-207,-801,-1216,-1354,-1181,-747,-139,508,1035,1326,1320,1020,478,-180,-797,-1239,-1403,-1236,-799,-181,484,1049,1385,1419,1127,577,-105,-760,-1254,-1476,-1371,-957,-330,369,992,1400,1502,1271,755,81,-615,-1178,-1476,-1452,-1110,-528,169,827,1305,1491,1346,913,286,-401,-998,-1372,-1448,-1205,-697,-44,608,1130,1408,1378,1043,494,-156,-768,-1221,-1406,-1290,-909,-345,290,851,1224,1342,1180,778,234,-349,-846,-1154,-1222,-1042,-657,-157,361,789,1040,1075,890,536,100,-338,-700,-909,-927,-766,-470,-99,273,583,767,802,691,470,179,-124,-389,-570,-649,-621,-507,-334,-144,31,180,0,0,0,0,0,-313,-211,-64,131,340,521,639,659,568,370,94,-220,-513,-726,-816,-756,-550,-227,158,534,804,932,879,642,264,-175,-596,-909,-1048,-970,-686,-246,257,721,1047,1163,1033,683,177,-374,-861,-1182,-1254,-1052,-629,-67,529,1021,1294,1300,1032,537,-79,-687,-1158,-1387,-1323,-966,-399,257,861,1281,1427,1272,841,228,-433,-998,-1344,-1400,-1156,-656,-28,598,1092,1334,1281,950,415,-203,-762,-1138,-1259,-1103,-701,-138,435,890,1140,1128,856,388,-162,-665,-1008,-1115,-961,-577,-60,459,875,1085,1036,745,280,-268,-756,-1061,-1123,-923,-502,36,582,997,1189,1112,781,261,-324,-841,-1170,-1241,-1032,-587,-4,0,1050,1275,1211,876,338,-282,-840,-1213,-1303,-1093,-644,-38,582,1070,1319,1256,902,341,-308,-894,-1275,-1371,-1164,-686,-40,624,1152,1413,1358,1008,412,-279,-901,-1333,-1464,-1269,-792,-127,568,1125,1425,1411,1075,505,-179,-819,-1268,-1426,-1265,-812,-182,479,1025,1325,1312,1011,484,-158,-758,-1160,-1288,-1123,-704,-121,484,960,1210,1178,871,364,-223,-742,-1081,-1171,-988,-574,-39,496,909,1113,1047,734,257,-267,-715,-989,-1027,-821,-427,52,513,840,960,856,542,108,-338,-693,-876,-840,-597,-217,213,583,808,827,644,301,-122,-517,-785,-864,-720,-399,27,456,774,913,830,549,124,-349,-748,-974,-965,0,0
61461,mtk,MTK 7916,862366778,rx2-tx1,512,0,0,0,852,1107,1112,869,424,-126,-646,-1026,-1178,-1061,-716,-209,336,815,1115,1157,942,520,-19,-553,-949,-1126,-1054,-748,-269,265,717,1001,1056,873,496,5,-477,-834,-994,-916,-618,-184,288,691,916,915,696,306,-167,-595,-877,-945,-783,-429,35,497,846,1004,914,600,148,-351,-781,-1028,-1035,-794,-358,160,651,993,1097,953,587,71,-471,-907,-1138,-1108,-809,-317,256,777,1122,1214,1027,602,26,-582,-1065,-1301,-1247,-926,-387,260,861,1268,1394,1223,782,165,-488,-1035,-1365,-1395,-1113,-593,55,690,1174,1398,1316,943,372,-264,-834,-1226,-1348,-1176,-754,-187,419,923,1207,1228,982,536,-8,-532,-913,0,-1021,-734,-288,198,619,880,929,767,440,27,-367,-664,-794,-725,-487,-143,227,538,703,697,519,210,-147,-453,-638,-669,-533,-261,80,412,642,709,596,335,-24,-400,-692,-824,-768,-515,-122,322,711,961,995,798,417,-72,-573,-969,-1161,-1100,-802,-315,250,775,1150,1288,1157,773,212,-403,-937,-1285,-1373,-1165,-708,-102,526,1054,1371,1405,1152,665,42,-596,-1098,-1376,-1389,-1128,-637,-29,563,1034,1296,1291,1036,583,34,-495,-909,-1132,-1115,-888,-499,-29,423,764,944,919,712,394,19,-357,-645,-784,-766,-599,-333,-20,281,515,646,660,555,361,121,-112,-312,-446,-499,-474,-388,-264,-122,0,0,0,0,0,-419,-439,-390,-273,-103,107,313,483,586,594,505,322,74,-190,-420,-577,-636,-573,-392,-126,166,423,595,653,566,358,78,-226,-483,-642,-664,-543,-300,12,330,584,712,690,515,221,-122,-448,-686,-784,-703,-459,-111,253,567,777,810,663,376,-2,-380,-676,-834,-811,-602,-252,164,531,781,869,765,484,99,-313,-651,-852,-865,-671,-339,57,446,750,882,814,567,198,-221,-587,-819,-867,-714,-388,15,410,718,862,809,570,202,-216,-585,-823,-874,-734,-424,-9,407,720,888,855,625,255,-171,-558,-819,-891,-765,-479,-82,334,671,858,849,649,309,-109,-506,-778,-870,-770,-497,0,307,646,841,848,658,319,-88,-466,-733,-831,-742,-484,-116,276,596,772,763,566,236,-139,-480,-712,-767,-640,-359,20,402,683,808,753,515,138,-279,-629,-837,-861,-681,-343,80,488,790,909,816,540,144,-287,-661,-881,-892,-687,-328,104,519,802,893,775,470,57,-374,-723,-897,-854,-610,-222,230,623,862,911,738,380,-72,-511,-839,-977,-880,-577,-132,347,751,992,1000,770,357,-147,-622,-965,-1087,-961,-620,-129,401,831,1082,1096,853,426,-102,-607,-976,-1122,-1018,-682,-194,324,771,1047,1072,851,435,-74,-559,-915,-1059,-957,-632,-161,343,772,1018,1029,805,388,-126,-612,-952,0,0,0,0,0,-731,-259,283,763,1078,1161,981,568,32,-513,-942,-1173,-1137,-846,-379,168,679,1033,1157,1016,649,140,-389,-826,-1073,-1073,-824,-391,118,588,914,1027,906,563,92,-380,-757,-950,-914,-663,-245,223,628,894,935,737,360,-101,-539,-856,-965,-838,-506,-45,429,813,1016,977,703,254,-264,-726,-1023,-1081,-878,-473,50,565,955,1128,1037,700,187,-374,-853,-1140,-1167,-923,-455,125,688,1104,1271,1149,767,196,-438,-976,-1298,-1337,-1081,-584,54,691,1175,1399,1325,957,374,-287,-884,-1287,-1415,-1238,-779,-161,482,1015,1328,1349,1072,575,-38,-634,-1082,-1293,-1221,-892,-374,201,715,1073,1186,1034,667,0,-341,-765,-995,-992,-776,-395,58,479,770,862,751,471,97,-283,-585,-736,-707,-508,-188,173,479,667,683,528,238,-110,-428,-638,-684,-562,-294,62,410,666,761,668,405,25,-375,-703,-888,-870,-641,-251,217,663,978,1082,959,611,115,-427,-894,-1184,-1225,-1001,-554,23,609,1079,1318,1283,982,461,-169,-770,-1210,-1395,-1304,-950,-392,256,846,1268,1439,1309,916,347,-287,-858,-1244,-1374,-1240,-872,-339,247,767,1121,1239,1107,765,287,-221,-661,-957,-1048,-925,-631,-227,202,571,803,868,763,518,182,-173,-474,-670,-731,-651,-460,-199,83,337,519,601,582,473,303,114,-70,-216,-307,-346,0,0,0,0,0,16,-145,-304,-445,-538,-557,-492,-338,-126,120,351,530,619,598,469,248,-28,-303,-522,-638,-626,-490,-248,42,329,551,653,622,463,192,-125,-416,-622,-698,-621,-412,-101,236,521,705,737,612,349,-6,-363,-644,-785,-757,-568,-251,121,480,739,835,743,486,127,-262,-610,-830,-856,-686,-371,25,418,724,876,835,602,230,-187,-569,-821,-892,-766,-471,-70,343,670,856,851,647,290,-122,-502,-774,-864,-758,-487,-97,313,647,839,838,647,305,-110,-495,-777,-887,-795,-522,-127,295,650,856,876,705,375,-46,-450,-745,-876,-815,-566,-191,229,596,825,865,714,393,-13,-406,-717,0,-809,-571,-207,204,561,784,838,704,406,16,-369,-662,-806,-756,-526,-185,202,540,745,770,608,304,-70,-439,-700,-791,-696,-429,-54,339,668,839,810,593,240,-179,-569,-831,-907,-771,-449,-26,400,731,901,861,623,239,-199,-592,-846,-897,-737,-404,26,448,750,884,814,541,137,-302,-680,-888,-874,-662,-294,160,581,860,947,815,481,30,-433,-804,-987,-938,-670,-244,255,707,988,1048,877,500,-1,-513,-913,-1101,-1048,-755,-284,253,728,1040,1114,945,561,52,-465,-870,-1085,-1057,-773,-311,204,667,976,1067,913,545,47,-456,-849,-1046,-1001,-726,-281,231,692,995,1066,889,508,0,0
61462,mtk,MTK 7916,862407502,rx0-tx0,512,-330,-741,-832,-592,-770,-907,-996,-1031,-1009,-946,-828,-666,-463,-233,-4,225,438,641,798,918,992,1010,989,907,777,623,418,197,-30,-261,-484,-676,-834,-957,-1020,-1040,-1005,-913,-772,-596,-381,-147,93,334,548,739,893,998,1044,1036,973,863,709,510,295,55,-173,-390,-587,-755,-874,-950,-993,-982,-910,-797,-647,-466,-265,-40,178,393,587,750,868,940,974,964,893,767,609,424,208,-20,-241,-445,-626,-764,-862,-919,-922,-873,-784,-646,-482,-300,-99,104,285,456,597,695,759,791,793,732,635,524,391,237,74,-88,-248,-381,-504,-599,-660,-694,-698,-658,-593,-509,-394,-264,-110,48,198,338,-26,561,636,675,693,679,623,528,401,264,110,-53,-218,-377,-519,-621,-698,-747,-743,-710,-636,-505,-368,-209,-27,155,331,490,608,708,766,783,755,677,561,424,267,94,-96,-271,-424,-571,-675,-760,-787,-766,-719,-625,-486,-336,-148,41,224,404,569,687,769,812,810,745,651,508,323,132,-69,-268,-451,-606,-719,-771,-779,-741,-646,-510,-348,-178,2,188,339,460,544,587,586,557,499,390,281,174,50,-46,-148,-235,-292,-341,-355,-356,-344,-307,-265,-208,-147,-82,-13,56,112,168,209,240,260,265,262,233,194,143,80,2,-75,-140,-196,-241,-259,-244,-203,-133,-56,8,-238,-432,510,449,177,-142,-105,-44,27,104,166,219,253,266,252,214,170,109,45,-23,-100,-168,-220,-269,-308,-336,-342,-331,-300,-243,-176,-92,12,126,242,348,437,511,558,572,546,491,392,258,92,-82,-267,-441,-601,-728,-814,-841,-817,-752,-608,-442,-231,6,260,501,711,889,1008,1054,1046,963,819,615,364,96,-192,-466,-720,-913,-1066,-1161,-1165,-1098,-967,-784,-543,-265,17,291,555,793,982,1103,1165,1142,1066,937,742,515,243,-21,-291,-543,-763,-945,-1063,-1122,-1127,-1063,-937,-765,-545,-295,-42,210,466,697,880,1003,1077,1095,1046,946,792,595,362,111,-145,-375,-597,-781,-923,-1017,-1058,-1048,301,-837,-668,-464,-246,-9,229,447,641,810,938,1020,1051,1026,947,822,644,436,207,-45,-296,-532,-740,-910,-1034,-1100,-1125,-1063,-956,-798,-595,-351,-103,144,400,617,814,968,1076,1123,1113,1057,938,773,570,335,85,-175,-432,-670,-874,-1036,-1143,-1206,-1204,-1119,-989,-814,-574,-305,-21,265,548,791,1001,1168,1261,1284,1238,1118,956,730,460,162,-144,-427,-697,-927,-1107,-1219,-1259,-1245,-1150,-993,-790,-555,-288,-6,273,524,753,935,1065,1150,1166,1122,1017,858,670,445,188,-60,-312,-545,-749,-911,-1019,-1079,-1080,-1029,-926,-775,-585,-366,-133,108,340,551,742,889,995,1038,1040,969,860,699,1009,872,-82,-457,-258,-844,-693,-498,-275,-34,200,420,627,795,925,997,1023,992,917,796,629,440,210,-14,-243,-461,-648,-811,-934,-999,-1021,-995,-914,-779,-611,-405,-178,53,291,515,703,860,977,1041,1050,996,890,742,553,330,93,-146,-380,-594,-779,-907,-989,-1025,-1003,-943,-829,-675,-472,-265,-41,184,394,580,742,863,945,980,961,897,783,629,446,239,29,-201,-413,-602,-753,-871,-947,-962,-925,-847,-716,-543,-350,-139,75,279,464,626,744,820,866,847,792,702,571,417,249,75,-100,-277,-415,-539,-640,-707,-735,-733,-685,-611,-509,-381,-243,-91,65,221,345,468,567,634,678,682,661,599,628,407,260,116,-37,-194,-351,-490,-591,-666,-710,-718,-691,-624,-525,-389,-249,-73,101,266,438,571,665,740,769,757,710,609,479,321,142,-36,-218,-384,-531,-649,-733,-782,-782,-732,-657,-539,-391,-225,-28,148,323,487,618,715,784,791,764,697,583,431,264,72,-134,-328,-495,-650,-752,-800,-812,-764,-674,-539,-361,-165,30,229,410,553,644,695,707,669,575,460,316,165,16,-117,-255,-359,-413,-457,-466,-439,-406,-340,-273,-192,-96,-18,66,134,189,234,266,285,292,277,251,216,164,116,59,4,-62,-127,-177,-220,-255,-268,-251,-220,-173,-107,-24,61,135,189,204,204,-821,-742,-82,-1019,-1096,115,168,206,221,210,175,124,56,-16,-97,-157,-213,-254,-276,-289,-284,-253,-214,-161,-94,-16,63,144,226,302,360,406,438,441,414,355,271,160,35,-107,-246,-386,-513,-617,-679,-707,-687,-622,-510,-352,-159,61,267,479,663,804,917,968,958,871,731,532,286,31,-227,-490,-723,-925,-1055,-1123,-1119,-1042,-894,-700,-468,-184,116,401,660,882,1052,1147,1166,1122,1020,863,648,393,112,-175,-426,-671,-869,-1024,-1114,-1137,-1102,-998,-844,-641,-396,-145,123,384,619,823,981,1075,1100,1084,1003,863,668,454,215,-45,-305,-537,-748,-908,-1019,-1071,-1058,-989,-880,-715,-524,-296,-51,190,-176,629,795,927,1008,1041,1014,933,812,648,445,226,-10,-247,-474,-680,-852,-976,-1057,-1081,-1048,-958,-809,-629,-401,-170,99,355,582,789,958,1072,1114,1113,1047,922,767,567,338,85,-162,-416,-643,-834,-987,-1093,-1151,-1151,-1092,-965,-792,-574,-330,-70,214,482,714,936,1103,1204,1242,1228,1141,985,791,540,247,-41,-346,-622,-865,-1074,-1209,-1286,-1283,-1216,-1082,-884,-645,-368,-86,213,495,739,934,1085,1186,1218,1180,1075,919,715,489,234,-34,-296,-545,-749,-915,-1040,-1108,-1116,-1073,-964,-811,-621,-401,-163,83,319,544,745,899,1004,1052,1053,996,892,742,556,338,101,-138,-372,-577,-769,-428,-671
61463,mtk,MTK 7916,862407502,rx0-tx1,512,-686,898,812,-705,-712,-676,-602,-506,-374,-231,-73,81,245,380,488,574,624,646,640,585,502,408,298,164,35,-94,-220,-338,-429,-505,-551,-575,-574,-544,-486,-414,-322,-208,-94,31,153,275,382,474,536,582,592,583,551,492,397,287,160,13,-129,-279,-408,-511,-606,-662,-691,-674,-626,-542,-431,-303,-137,24,183,346,484,599,681,725,728,693,623,526,393,243,77,-93,-255,-403,-530,-629,-690,-716,-700,-646,-567,-459,-324,-173,-12,150,297,436,542,617,662,676,660,606,519,399,267,123,-30,-175,-319,-442,-546,-618,-651,-655,-624,-566,-479,-363,-225,-79,71,219,362,483,578,633,-38,649,611,528,422,293,155,-15,-174,-312,-444,-554,-622,-664,-669,-633,-557,-457,-334,-183,-27,130,278,403,519,605,655,654,620,562,466,342,193,39,-113,-255,-383,-484,-563,-606,-612,-583,-523,-433,-318,-188,-52,83,210,318,413,486,526,537,516,467,389,296,201,84,-35,-145,-244,-329,-396,-439,-459,-458,-425,-375,-314,-228,-126,-17,84,185,272,347,403,434,435,409,359,292,207,108,2,-94,-189,-273,-332,-367,-382,-383,-345,-290,-223,-144,-52,41,129,202,264,305,331,331,303,253,193,116,30,-57,-137,-211,-261,-290,-288,-255,-201,-124,-37,49,125,174,194,179,792,888,0,288,-88,138,177,201,192,159,102,31,-44,-114,-180,-222,-245,-248,-228,-197,-151,-82,-7,61,122,173,220,244,250,247,221,181,133,67,8,-52,-110,-152,-190,-211,-223,-210,-192,-165,-128,-91,-50,-12,24,50,73,94,117,133,148,164,160,158,159,137,107,88,53,9,-29,-78,-130,-169,-201,-225,-237,-237,-218,-178,-147,-98,-46,6,63,113,158,193,220,238,242,251,240,212,173,132,78,20,-38,-101,-160,-218,-263,-299,-319,-322,-306,-270,-214,-158,-84,-3,81,171,240,289,341,368,375,363,330,281,210,125,40,-50,-135,-220,-291,-343,-382,-404,-406,-386,-338,-272,-48,-125,-26,80,176,261,348,407,445,468,471,447,394,319,219,108,-13,-127,-241,-357,-445,-506,-539,-543,-520,-467,-388,-277,-163,-41,89,212,325,419,497,537,558,554,520,453,371,269,155,30,-103,-223,-346,-452,-534,-581,-606,-604,-564,-503,-416,-293,-164,-34,108,256,387,495,589,645,675,674,635,551,446,313,163,-6,-171,-337,-479,-592,-688,-735,-747,-725,-651,-552,-412,-251,-78,106,283,435,568,670,735,758,741,697,596,470,319,155,-11,-184,-350,-486,-600,-690,-732,-736,-705,-638,-539,-407,-252,-88,85,253,403,538,642,710,737,716,675,584,469,318,159,-5,668,724,9,-230,-453,-113,48,215,358,489,588,653,678,679,641,557,451,319,176,41,-108,-248,-367,-461,-546,-590,-599,-585,-550,-477,-390,-291,-175,-54,68,193,299,392,475,532,564,575,555,513,438,348,243,124,-8,-137,-262,-381,-487,-565,-623,-645,-639,-606,-525,-431,-304,-163,-9,153,303,447,550,645,702,712,697,642,542,423,271,110,-62,-231,-380,-517,-623,-695,-730,-722,-678,-605,-499,-360,-202,-36,131,280,419,538,627,680,700,678,628,546,433,293,142,-13,-160,-306,-432,-533,-606,-651,-662,-640,-587,-502,-391,-254,-107,48,198,336,459,557,621,655,655,625,559,462,340,198,634,-111,-266,-402,-515,-593,-655,-681,-646,-589,-501,-378,-240,-91,70,223,365,480,576,638,661,653,593,512,403,270,116,-47,-195,-336,-460,-556,-622,-647,-631,-579,-493,-388,-265,-126,18,167,295,408,496,550,576,568,526,455,365,253,131,3,-124,-242,-343,-407,-456,-486,-483,-456,-407,-341,-261,-164,-59,54,158,245,325,396,437,447,432,402,348,275,182,75,-33,-136,-228,-306,-369,-405,-412,-393,-366,-307,-226,-129,-38,63,158,234,295,337,355,350,322,273,211,137,52,-37,-125,-195,-250,-294,-309,-304,-275,-217,-143,-59,34,118,189,237,254,243,198,131,50,-22,454,237,0,668,718,99,56,-13,-85,-151,-205,-233,-235,-218,-177,-114,-42,35,103,161,214,245,251,242,224,190,136,68,5,-59,-120,-172,-218,-243,-242,-235,-211,-178,-134,-80,-22,32,78,121,148,162,169,174,167,152,137,120,97,68,47,17,-14,-35,-71,-112,-135,-156,-181,-191,-197,-202,-177,-142,-106,-60,-9,46,110,151,186,220,231,243,232,211,186,153,111,53,3,-42,-97,-146,-196,-230,-262,-270,-275,-264,-244,-204,-156,-92,-21,55,130,201,256,301,342,357,358,325,270,211,145,55,-29,-110,-187,-256,-324,-366,-393,-395,-378,-338,-274,-198,-114,-26,63,153,237,299,-1135,413,434,429,398,361,295,205,114,14,-91,-203,-304,-389,-455,-499,-518,-504,-470,-401,-304,-194,-70,57,185,298,405,482,526,560,556,524,459,377,267,146,26,-101,-223,-335,-429,-507,-552,-577,-563,-529,-477,-394,-285,-160,-33,106,240,360,474,556,602,631,634,597,524,430,310,168,21,-132,-291,-425,-538,-629,-690,-715,-701,-652,-558,-443,-294,-122,46,224,388,529,644,713,751,756,712,631,520,369,200,21,-147,-319,-475,-590,-683,-733,-747,-726,-663,-561,-442,-287,-119,47,214,369,502,615,690,731,732,689,615,507,366,211,37,-129,-294,-443,-561,-655,-706,-728,-291,88
61464,mtk,MTK 7916,862407502,rx1-tx0,512,0,-9,-217,-354,-242,-136,-19,106,225,339,442,525,584,613,612,582,526,431,310,183,32,-128,-289,-435,-564,-666,-737,-766,-765,-709,-604,-475,-316,-130,62,260,448,613,746,838,885,879,819,720,587,411,203,-12,-227,-436,-618,-766,-872,-921,-922,-878,-781,-651,-471,-285,-76,136,343,530,680,802,865,896,885,832,725,578,423,225,20,-186,-382,-569,-721,-828,-890,-909,-884,-812,-693,-533,-344,-137,83,286,477,654,771,860,896,886,830,730,587,394,208,1,-204,-389,-559,-693,-791,-842,-841,-798,-704,-579,-428,-241,-56,134,303,461,594,675,728,734,702,634,534,409,266,111,-277,-187,-318,-423,-516,-566,-600,-597,-565,-498,-417,-325,-216,-108,8,132,238,332,416,481,511,525,519,487,430,350,257,150,37,-89,-206,-308,-404,-472,-513,-541,-539,-523,-473,-401,-307,-203,-77,51,184,312,428,522,596,641,652,623,567,478,352,200,43,-130,-306,-465,-608,-717,-777,-803,-785,-699,-577,-409,-206,1,224,430,611,734,823,861,828,744,621,454,254,45,-156,-343,-515,-639,-707,-744,-723,-655,-562,-420,-277,-105,68,220,354,466,541,587,584,546,474,383,271,132,-5,-129,-256,-363,-433,-474,-487,-453,-390,-291,-174,-45,93,213,314,365,374,333,253,152,392,341,0,-607,-295,48,41,30,12,-8,-28,-52,-75,-84,-93,-94,-89,-77,-53,-31,-12,20,45,66,90,113,125,126,128,115,90,73,49,20,-21,-57,-91,-115,-136,-170,-194,-203,-202,-187,-157,-123,-65,-14,49,109,178,232,286,312,324,331,302,254,183,86,-19,-123,-233,-326,-407,-469,-490,-476,-434,-357,-249,-131,4,136,267,379,476,536,554,529,478,408,294,168,38,-99,-233,-336,-437,-493,-515,-513,-467,-406,-322,-220,-98,23,128,225,302,368,402,412,395,362,318,256,183,108,28,-38,-101,-162,-213,-250,-282,-308,-321,-319,-304,-280,-250,-189,-123,-53,20,100,183,263,489,376,407,414,401,373,321,246,154,56,-58,-165,-269,-352,-425,-469,-496,-493,-465,-403,-316,-220,-108,7,133,246,364,433,493,537,538,514,468,394,294,175,54,-71,-191,-311,-407,-484,-528,-545,-536,-512,-451,-361,-257,-141,-17,101,210,315,406,477,516,548,542,515,455,382,295,182,65,-60,-192,-303,-405,-487,-553,-604,-620,-595,-544,-461,-343,-202,-62,104,256,398,530,611,670,697,667,606,510,382,237,71,-82,-244,-389,-490,-572,-617,-627,-611,-560,-483,-384,-260,-131,-5,124,242,334,421,480,517,526,503,470,418,345,254,158,62,-46,-150,-251,-339,-410,-473,-433,-692,0,389,333,419,484,530,560,556,524,469,386,286,162,30,-107,-242,-374,-495,-579,-647,-690,-695,-658,-582,-472,-334,-173,2,182,366,519,651,762,820,834,807,731,611,454,271,68,-147,-352,-533,-689,-818,-895,-919,-898,-820,-695,-531,-341,-128,83,296,491,660,790,871,910,899,846,736,603,429,239,45,-161,-358,-544,-684,-796,-884,-908,-889,-821,-712,-565,-385,-190,25,234,437,610,750,844,895,902,853,774,635,465,281,66,-141,-345,-525,-689,-794,-855,-881,-855,-780,-666,-511,-334,-141,59,256,439,582,701,775,800,783,717,628,487,334,168,-9,-170,-324,-456,-562,-635,-669,315,-627,-553,-465,-351,-224,-94,45,173,288,371,454,506,535,546,521,468,405,331,231,122,13,-103,-213,-314,-399,-463,-508,-528,-531,-495,-445,-364,-264,-161,-52,63,181,300,403,481,538,575,582,567,519,439,347,228,93,-70,-219,-362,-495,-611,-683,-722,-727,-687,-599,-484,-322,-141,53,262,452,609,748,826,854,825,740,611,437,247,19,-205,-403,-570,-704,-782,-807,-777,-712,-594,-438,-259,-76,123,281,430,541,616,667,659,609,519,401,274,127,-23,-163,-289,-390,-477,-523,-522,-497,-448,-355,-244,-123,8,143,262,360,415,439,420,364,269,147,17,-107,-199,-242,-9,196,0,-457,-704,-24,-44,-62,-73,-77,-70,-65,-48,-34,-15,15,42,69,86,96,107,113,103,95,83,57,24,-9,-37,-74,-95,-113,-135,-151,-157,-150,-140,-117,-95,-65,-19,25,66,116,157,202,235,256,262,253,223,182,125,46,-28,-113,-207,-280,-352,-400,-412,-405,-376,-309,-229,-113,9,137,255,365,448,504,526,511,456,385,281,148,4,-134,-253,-372,-464,-513,-536,-533,-487,-411,-315,-185,-66,63,184,286,374,436,481,479,451,393,319,231,136,40,-57,-145,-218,-276,-311,-338,-346,-332,-317,-288,-247,-199,-150,-90,-19,46,113,168,231,281,315,339,361,357,334,295,-571,162,74,-21,-118,-214,-303,-376,-428,-462,-471,-448,-400,-324,-232,-129,-23,90,200,314,401,464,502,518,504,468,399,303,209,84,-45,-166,-282,-389,-472,-520,-548,-543,-520,-459,-376,-273,-154,-27,93,205,319,410,481,528,543,527,496,438,361,263,163,51,-74,-190,-301,-388,-476,-533,-559,-567,-542,-493,-415,-318,-209,-86,53,193,329,450,554,619,663,674,628,560,441,303,161,-7,-179,-331,-474,-571,-644,-673,-669,-636,-548,-439,-318,-170,-22,123,261,371,468,533,566,575,554,499,431,343,241,133,20,-101,-195,-290,-372,-439,-482,-504,-509,-484,-441,-370,-291,-198,620,308
61465,mtk,MTK 7916,862407502,rx1-tx1,512,0,0,0,7,406,690,769,623,295,-121,-509,-746,-758,-557,-200,222,575,745,700,452,72,-315,-600,-709,-602,-314,58,409,623,636,458,146,-208,-490,-624,-569,-325,28,356,577,619,461,164,-176,-465,-615,-580,-358,-10,338,582,653,523,220,-146,-476,-669,-655,-437,-90,298,598,719,627,352,-26,-404,-664,-725,-562,-242,151,493,687,678,464,112,-271,-569,-695,-614,-343,29,403,645,684,523,206,-180,-513,-690,-660,-432,-79,303,607,723,622,346,-25,-393,-648,-709,-564,-254,124,462,664,668,481,158,-207,-510,-667,-621,-392,-69,263,515,618,544,311,-3,-303,-506,-554,-443,-212,0,310,444,446,317,95,-138,-308,-377,-315,-149,53,229,325,308,184,0,-195,-327,-350,-251,-65,145,324,409,354,185,-54,-295,-450,-466,-340,-103,178,424,553,526,336,34,-289,-539,-635,-558,-308,44,387,632,697,569,282,-108,-480,-713,-745,-571,-223,203,580,790,781,563,182,-267,-653,-842,-803,-552,-140,327,703,881,824,542,116,-349,-717,-894,-828,-544,-114,347,713,877,801,525,119,-315,-653,-809,-752,-497,-122,271,587,737,691,468,132,-230,-512,-649,-614,-425,-137,175,424,553,541,397,158,-116,-344,-481,-494,-390,-207,13,222,367,421,386,280,136,-14,-138,-217,0,0,0,0,0,-44,114,276,413,487,463,331,113,-152,-409,-597,-654,-553,-319,-3,334,608,735,682,457,107,-279,-604,-786,-767,-538,-168,245,605,810,797,569,179,-275,-656,-851,-815,-555,-127,349,729,908,838,526,56,-439,-816,-973,-858,-489,23,528,899,1030,866,449,-98,-628,-995,-1077,-848,-377,201,722,1034,1056,775,273,-309,-808,-1067,-1020,-677,-142,427,878,1070,953,556,-3,-567,-975,-1085,-865,-406,185,732,1061,1080,775,238,-372,-886,-1145,-1065,-664,-54,572,1041,1220,1052,568,-100,-741,-1182,-1295,-1026,-455,245,890,1295,1336,1005,389,-355,-1003,-1361,-1335,-946,-289,460,1077,1387,1299,837,0,-597,-1151,-1363,-1197,-690,17,719,1209,1335,1066,500,-216,-863,-1259,-1282,-920,-277,441,1033,1325,1230,776,92,-628,-1165,-1357,-1159,-620,105,795,1256,1363,1066,456,-277,-931,-1318,-1328,-948,-291,444,1043,1336,1239,783,108,-588,-1108,-1295,-1094,-576,92,732,1142,1197,897,335,-321,-870,-1144,-1072,-680,-79,540,996,1149,954,466,-170,-750,-1102,-1129,-825,-273,362,894,1158,1085,692,93,-527,-988,-1162,-997,-547,53,629,1017,1114,886,404,-185,-710,-1015,-1022,-744,-257,295,737,945,870,547,84,-390,-740,-849,-696,-346,92,493,727,734,511,134,-270,-584,-708,-613,-330,60,431,661,686,497,144,0,0,0,0,0,-746,-640,-327,81,461,722,776,596,246,-178,-545,-760,-750,-520,-142,268,581,724,658,392,12,-354,-603,-672,-535,-230,136,458,629,596,388,66,-276,-538,-628,-515,-244,98,408,595,599,414,95,-260,-533,-635,-547,-289,66,406,625,665,490,159,-219,-537,-698,-648,-403,-37,348,632,722,601,300,-90,-451,-680,-715,-535,-178,221,540,701,649,408,41,-337,-604,-685,-562,-270,107,454,673,687,488,146,-238,-557,-706,-638,-390,-29,345,622,719,593,299,-75,-428,-659,-695,-524,-204,165,484,658,639,435,110,-247,-524,-642,-575,-356,-32,288,518,593,494,253,-43,-310,-475,0,-370,-149,104,310,411,376,224,14,-184,-318,-349,-258,-72,126,281,338,276,123,-81,-266,-364,-349,-216,-12,218,389,438,349,143,-118,-352,-506,-499,-340,-81,217,472,596,544,322,-2,-340,-588,-670,-562,-292,74,432,671,729,580,250,-163,-535,-760,-773,-559,-191,236,608,818,801,556,148,-307,-682,-872,-822,-546,-119,341,715,894,828,547,114,-361,-735,-894,-822,-541,-115,332,683,852,792,521,123,-295,-618,-776,-730,-493,-128,252,548,691,653,449,134,-201,-474,-606,-578,-407,-139,147,384,519,520,392,174,-72,-290,-430,-466,-394,-245,-63,119,264,333,333,275,173,0,0,0,0,0,-350,-368,-315,-186,5,229,430,555,570,459,232,-67,-377,-605,-703,-632,-396,-60,305,610,767,737,514,151,-264,-613,-803,-781,-560,-182,252,624,829,813,572,161,-300,-680,-880,-831,-543,-92,394,778,948,859,518,20,-487,-863,-1001,-861,-478,49,585,955,1048,852,421,-140,-670,-1016,-1065,-806,-330,247,759,1065,1062,743,215,-369,-839,-1068,-991,-629,-75,500,927,1085,920,481,-100,-652,-1018,-1082,-823,-325,278,802,1095,1075,729,149,-473,-959,-1180,-1060,-623,3,651,1116,1259,1039,511,-179,-824,-1246,-1332,-1032,-425,304,954,1340,1349,973,326,-408,-1038,-1384,-1333,-905,-229,520,1125,0,1255,765,63,-648,-1175,-1360,-1140,-594,115,789,1232,1307,1004,398,-326,-953,-1291,-1253,-841,-183,527,1090,1347,1192,689,-6,-709,-1215,-1365,-1119,-537,201,873,1305,1361,1011,379,-360,-999,-1338,-1279,-861,-197,529,1090,1315,1160,682,7,-664,-1122,-1238,-993,-462,206,801,1134,1126,792,213,-433,-936,-1145,-999,-553,50,648,1054,1145,886,358,-280,-832,-1135,-1104,-759,-184,450,951,1165,1043,626,27,-586,-1017,-1149,-953,-480,122,675,1027,1076,818,331,-243,-727,-984,-953,-650,-165,353,744,898,784,452,-4,-444,-730,-789,-610,-253,173,527,712,669,422,43,-347,-621,-695,-552,-236,162,513,699,0,0
61466,mtk,MTK 7916,862407502,rx2-tx0,512,0,0,0,260,810,1135,1126,782,195,-469,-1014,-1264,-1139,-683,-25,652,1152,1322,1101,560,-155,-834,-1266,-1327,-1009,-389,353,985,1323,1272,846,169,-555,-1114,-1342,-1173,-655,62,757,1218,1309,1015,422,-304,-939,-1289,-1252,-837,-174,536,1090,1317,1138,614,-86,-762,-1211,-1285,-972,-382,324,932,1242,1182,772,122,-558,-1051,-1226,-1032,-529,127,739,1116,1146,817,243,-394,-907,-1143,-1022,-574,48,646,1046,1120,844,301,-339,-874,-1142,-1053,-632,-13,616,1075,1207,964,420,-260,-868,-1223,-1208,-836,-211,493,1060,1312,1174,685,-11,-712,-1218,-1366,-1110,-524,220,897,1316,1344,987,343,-409,-1049,-1383,-1302,-841,-139,0,1166,1383,1191,655,-74,-782,-1251,-1345,-1053,-447,293,943,1310,1295,894,214,-528,-1111,-1375,-1231,-721,-2,724,1250,1403,1144,541,-224,-929,-1370,-1419,-1048,-370,425,1095,1452,1395,931,196,-597,-1227,-1503,-1339,-785,-11,771,1331,1507,1255,639,-158,-907,-1401,-1490,-1153,-491,311,1022,1426,1428,1018,319,-471,-1115,-1437,-1344,-872,-161,595,1178,1429,1270,756,38,-684,-1216,-1406,-1206,-670,47,734,1201,1342,1117,590,-87,-721,-1151,-1257,-1023,-521,98,670,1053,1145,926,478,-84,-606,-945,-1020,-828,-433,57,511,812,896,745,418,3,-399,-684,-787,-705,-464,-132,206,476,622,623,508,305,71,-135,-284,0,0,0,0,0,-400,-326,-179,38,291,514,649,646,489,204,-142,-480,-722,-793,-675,-382,25,452,771,901,799,483,23,-464,-842,-997,-887,-543,-34,506,923,1102,972,569,1,-589,-1035,-1199,-1029,-570,58,689,1141,1282,1070,555,-123,-778,-1224,-1334,-1076,-506,219,884,1307,1371,1042,423,-324,-993,-1387,-1381,-983,-316,438,1068,1401,1342,904,209,-534,-1122,-1392,-1251,-753,-60,639,1147,1317,1105,574,-113,-750,-1155,-1220,-928,-364,295,849,1146,1098,717,131,-488,-956,-1119,-934,-480,117,681,1038,1080,792,253,-365,-873,-1117,-1022,-618,-17,600,1040,1176,960,453,-198,-804,-1177,-1204,-875,-290,394,970,1254,1169,0,90,-592,-1110,-1306,-1105,-579,119,787,1221,1293,988,382,-336,-964,-1316,-1262,-825,-142,590,1151,1380,1198,660,-77,-806,-1301,-1415,-1109,-474,308,1001,1406,1401,982,273,-516,-1161,-1469,-1344,-821,-58,721,1281,1461,1216,618,-162,-884,-1336,-1388,-1029,-372,384,1014,1338,1258,802,116,-593,-1114,-1289,-1080,-551,136,780,1178,1212,882,294,-385,-935,-1186,-1078,-653,-38,583,1019,1146,925,424,-196,-740,-1049,-1038,-718,-186,392,842,1022,884,486,-50,-553,-881,-931,-688,-235,278,692,880,784,439,-33,-490,-794,-837,-609,-191,291,691,867,765,417,-66,-536,-848,-890,-652,-209,312,756,970,880,517,-15,0,0,0,0,0,-1088,-802,-264,374,911,1193,1135,731,95,-577,-1095,-1305,-1137,-634,64,748,1217,1333,1058,471,-249,-907,-1299,-1304,-930,-284,451,1051,1334,1221,751,53,-660,-1167,-1330,-1100,-538,184,848,1254,1279,923,289,-430,-1021,-1307,-1202,-727,-39,658,1162,1315,1063,497,-210,-850,-1230,-1243,-879,-253,440,996,1247,1119,654,-2,-650,-1094,-1195,-935,-392,267,835,1136,1084,702,108,-523,-982,-1134,-931,-438,192,764,1101,1098,746,157,-480,-974,-1176,-1013,-535,116,742,1145,1206,899,318,-375,-971,-1275,-1204,-765,-85,622,1144,1341,1144,608,-112,-812,-1281,-1367,-1051,-436,317,983,1354,1333,924,241,-510,-1115,-1388,0,-741,-24,694,1209,1368,1124,550,-183,-859,-1278,-1319,-968,-331,404,1023,1349,1274,812,108,-625,-1174,-1387,-1182,-630,110,830,1309,1409,1095,452,-326,-1012,-1411,-1403,-985,-276,517,1163,1480,1369,861,100,-698,-1295,-1515,-1301,-719,71,843,1377,1512,1208,559,-242,-968,-1412,-1454,-1089,-407,395,1068,1436,1389,945,237,-533,-1146,-1429,-1309,-808,-82,653,1208,1417,1232,706,-18,-729,-1225,-1381,-1157,-623,73,738,1192,1309,1073,559,-89,-700,-1104,-1201,-976,-496,97,645,1002,1080,874,451,-71,-560,-881,-955,-786,-421,31,454,754,847,720,433,59,-316,-595,-725,-685,-497,-223,71,322,478,523,466,337,0,0,0,0,0,-150,-329,-475,-544,-505,-346,-87,220,505,694,734,595,304,-80,-461,-744,-853,-753,-443,-1,453,806,952,850,515,29,-481,-875,-1049,-939,-560,-19,541,979,1150,1004,577,-26,-636,-1081,-1239,-1052,-565,90,732,1181,1307,1071,530,-172,-839,-1274,-1363,-1069,-464,272,939,1351,1390,1030,368,-394,-1044,-1404,-1370,-951,-269,487,1105,1396,1294,830,139,-590,-1139,-1349,-1179,-676,23,696,1153,1272,1018,475,-200,-800,-1152,-1164,-827,-247,384,893,1137,1025,601,2,-595,-1003,-1103,-870,-373,240,776,1074,1050,697,130,-483,-966,-1156,-994,-535,97,704,1109,1190,921,368,-300,-885,-1217,-1195,-820,-196,493,0,1281,1143,666,-11,-682,-1158,-1294,-1048,-488,222,873,1266,1286,913,264,-465,-1061,-1351,-1233,-749,-40,689,1231,1398,1155,566,-196,-913,-1366,-1421,-1052,-373,422,1100,1450,1380,910,170,-620,-1225,-1471,-1287,-722,54,803,1311,1427,1126,502,-275,-957,-1336,-1322,-922,-249,491,1068,1322,1179,684,-16,-700,-1159,-1254,-974,-411,270,861,1192,1156,773,165,-486,-976,-1169,-1005,-540,78,664,1044,1100,822,298,-304,-794,-1041,-969,-599,-66,478,868,982,791,360,-164,-627,-881,-852,-560,-98,392,747,858,701,320,-168,-598,-831,-800,-519,-69,410,760,875,708,313,-193,-646,-902,-885,-581,-89,442,855,1013,0,0
61467,mtk,MTK 7916,862407502,rx2-tx1,512,0,0,0,-958,-1127,-970,-528,83,677,1074,1158,906,391,-240,-813,-1139,-1130,-807,-250,378,890,1146,1060,662,83,-515,-963,-1119,-938,-486,102,645,979,1020,750,265,-288,-751,-977,-897,-540,-24,495,852,931,717,286,-236,-695,-932,-873,-539,-29,499,882,999,798,345,-216,-717,-1011,-988,-656,-132,445,903,1090,939,503,-94,-675,-1061,-1120,-831,-290,345,879,1153,1087,691,71,-581,-1070,-1248,-1055,-532,163,820,1244,1310,999,380,-363,-1000,-1355,-1332,-920,-240,512,1128,1414,1298,812,89,-655,-1211,-1413,-1211,-674,48,756,1247,1374,1111,539,-177,-838,-1246,-1296,-985,-414,263,857,1183,1165,823,261,-352,0,-1072,-995,-629,-96,429,801,927,778,404,-84,-518,-770,-783,-554,-163,269,605,736,634,342,-55,-424,-653,-671,-470,-117,272,577,699,580,270,-127,-498,-724,-715,-477,-77,374,732,876,752,394,-118,-625,-958,-1024,-795,-312,271,804,1136,1149,830,267,-393,-963,-1274,-1231,-835,-211,488,1073,1358,1263,823,147,-577,-1146,-1412,-1292,-830,-134,607,1181,1437,1315,833,141,-575,-1141,-1397,-1275,-826,-174,503,1031,1277,1182,788,203,-414,-893,-1117,-1040,-707,-201,337,748,949,903,615,177,-276,-631,-809,-772,-542,-184,205,521,693,688,516,234,-81,-363,-550,-598,-515,-337,-109,108,270,355,364,0,0,0,0,0,170,-7,-204,-395,-530,-562,-472,-277,-13,269,501,617,588,422,149,-171,-454,-617,-623,-467,-182,157,454,631,636,463,163,-181,-478,-644,-642,-453,-116,255,554,705,662,421,51,-331,-628,-750,-663,-389,10,418,708,804,665,330,-96,-500,-770,-821,-632,-256,198,597,828,825,584,162,-303,-679,-867,-803,-505,-56,412,760,891,759,417,-45,-499,-810,-879,-692,-310,158,584,841,835,589,175,-292,-676,-860,-782,-470,-26,432,766,872,718,349,-129,-570,-846,-872,-641,-227,259,669,879,844,562,109,-369,-737,-888,-779,-446,15,472,789,872,692,318,-151,-583,-839,-845,-594,-169,0,687,870,793,487,42,-409,-740,-847,-700,-351,101,520,777,787,567,181,-261,-620,-777,-695,-400,21,435,720,783,596,219,-235,-624,-822,-771,-481,-42,420,757,876,733,366,-110,-564,-853,-889,-657,-225,273,687,896,838,525,51,-433,-783,-893,-734,-350,146,600,861,857,588,131,-367,-755,-912,-782,-412,82,558,874,921,678,221,-305,-741,-958,-893,-543,-20,507,902,1034,841,389,-175,-695,-1029,-1056,-763,-240,362,859,1105,1035,658,82,-513,-954,-1116,-960,-524,71,648,1023,1086,830,332,-258,-770,-1051,-1018,-679,-137,441,879,1053,908,486,-84,-627,-981,-1041,-793,-299,292,796,0,0,0,0,0,591,5,-593,-1027,-1158,-952,-468,161,749,1113,1158,873,333,-303,-847,-1141,-1102,-738,-161,455,937,1138,999,576,-5,-579,-972,-1070,-848,-374,195,694,983,965,650,141,-396,-803,-957,-816,-419,110,601,902,915,642,172,-359,-785,-966,-831,-435,98,611,944,993,731,224,-352,-830,-1062,-974,-584,-15,567,984,1102,890,409,-205,-769,-1106,-1103,-763,-186,452,976,1213,1070,609,-51,-712,-1160,-1276,-1025,-465,254,908,1296,1315,953,307,-446,-1076,-1395,-1313,-853,-153,597,1179,1423,1268,754,28,-710,-1238,-1406,-1173,-617,113,802,1255,1348,1061,480,-227,-847,-1216,-1244,-923,-344,313,850,1129,1078,0,174,-396,-830,-1012,-894,-517,-8,474,793,860,674,288,-171,-568,-768,-714,-440,-53,341,633,714,561,230,-166,-500,-676,-632,-376,12,393,653,708,537,178,-248,-612,-796,-731,-434,17,500,853,952,774,357,-197,-716,-1049,-1096,-827,-305,330,894,1210,1188,832,231,-443,-1006,-1314,-1249,-830,-170,541,1116,1392,1288,824,129,-609,-1184,-1438,-1311,-836,-132,611,1176,1437,1313,840,160,-548,-1100,-1347,-1245,-823,-198,456,958,1193,1115,749,205,-373,-824,-1032,-965,-664,-197,302,693,879,828,570,184,-234,-577,-751,-729,-525,-205,146,444,626,648,522,293,15,-244,-428,-502,-471,-359,-197,-22,0,0,0,0,0,387,460,449,346,154,-90,-336,-530,-610,-547,-362,-92,214,471,618,613,450,171,-155,-441,-617,-632,-472,-185,166,470,637,631,459,151,-205,-513,-678,-652,-437,-88,293,590,731,669,410,21,-381,-679,-786,-673,-368,57,467,742,813,653,301,-143,-558,-807,-827,-615,-214,252,640,852,823,545,108,-363,-722,-882,-797,-468,3,460,787,885,735,369,-105,-546,-821,-865,-653,-246,230,632,847,820,541,99,-367,-719,-858,-746,-406,63,512,809,870,683,292,-190,-616,-868,-873,-613,-173,319,711,892,823,513,44,-431,-770,-885,-747,-390,85,538,829,867,650,242,-229,-630,-853,0,-542,-103,370,727,862,755,426,-30,-467,-758,-826,-646,-275,177,569,780,752,487,75,-351,-669,-782,-652,-313,128,529,766,771,536,130,-321,-691,-859,-757,-424,34,495,817,899,706,295,-197,-630,-886,-875,-596,-141,350,742,910,792,433,-50,-513,-828,-892,-670,-244,249,673,888,825,504,26,-464,-815,-916,-736,-330,193,660,920,906,613,125,-416,-838,-1013,-879,-474,78,609,965,1048,809,320,-267,-781,-1071,-1047,-713,-163,439,916,1122,999,586,3,-578,-992,-1113,-899,-424,165,704,1031,1046,750,234,-353,-830,-1055,-958,-573,-21,537,935,1052,853,393,-186,-711,-1030,-1043,-732,0,0
61468,mtk,MTK 7916,862445442,rx0-tx0,512,-330,355,140,-851,-707,-502,-241,38,310,562,748,861,909,867,743,560,319,51,-215,-466,-674,-818,-891,-884,-792,-633,-418,-158,110,375,605,790,891,912,851,708,513,260,-24,-303,-553,-752,-885,-940,-897,-777,-579,-341,-58,223,482,694,840,912,892,795,628,402,149,-119,-371,-601,-769,-854,-863,-812,-683,-491,-256,4,251,485,680,801,856,841,741,577,349,94,-174,-417,-621,-768,-837,-833,-751,-600,-390,-151,106,338,536,689,769,781,713,579,397,188,-29,-238,-426,-571,-658,-688,-657,-565,-426,-256,-67,122,300,447,552,610,622,584,477,344,184,-2,-175,-342,-480,-564,-605,-601,-26,-428,-277,-92,91,262,420,543,612,622,588,491,342,171,-19,-220,-398,-538,-631,-667,-635,-545,-405,-226,-14,194,385,535,644,686,661,572,430,242,37,-184,-378,-536,-642,-692,-668,-593,-453,-273,-72,146,356,522,643,701,693,620,479,288,66,-166,-377,-540,-662,-718,-706,-620,-454,-242,-18,211,429,582,678,695,636,509,337,123,-93,-294,-449,-548,-587,-560,-461,-330,-184,-14,141,271,369,408,413,376,306,211,107,4,-89,-176,-235,-269,-285,-271,-242,-172,-107,-34,40,112,169,209,229,228,205,160,98,27,-53,-126,-195,-232,-233,-205,-145,-61,25,107,162,169,785,681,510,1037,1113,13,72,140,187,206,192,147,84,2,-84,-158,-214,-240,-248,-229,-187,-127,-44,39,125,206,269,309,321,303,255,178,72,-55,-185,-304,-404,-467,-487,-455,-365,-234,-60,128,319,475,609,677,667,577,430,219,-37,-279,-513,-710,-823,-849,-783,-629,-398,-121,178,470,712,891,971,944,813,601,314,-11,-335,-621,-856,-993,-1030,-963,-782,-524,-213,117,437,713,911,1016,1034,931,736,476,173,-154,-465,-721,-900,-999,-997,-892,-702,-449,-157,147,450,694,863,971,980,890,712,462,170,-131,-418,-669,-853,-947,-959,-878,-707,-468,-202,96,392,638,820,916,930,864,715,504,301,-53,-316,-565,-753,-871,-909,-873,-753,-570,-326,-54,211,486,705,861,945,936,849,676,431,159,-141,-428,-684,-864,-973,-978,-910,-750,-509,-231,70,362,624,828,954,987,941,813,611,346,55,-245,-530,-765,-929,-1016,-1017,-921,-739,-492,-193,131,447,725,929,1061,1094,1023,857,603,294,-48,-388,-696,-938,-1092,-1141,-1090,-922,-682,-365,-13,332,643,898,1063,1128,1082,926,698,400,66,-258,-567,-820,-978,-1052,-1029,-915,-716,-455,-156,155,448,699,887,983,988,920,757,521,250,-47,-339,-601,-791,-905,-947,-909,-785,-586,-337,-59,231,490,715,854,917,908,816,640,422,157,-121,416,680,-82,-759,-829,352,588,773,888,918,861,726,511,274,5,-267,-509,-705,-843,-893,-868,-770,-598,-370,-115,158,418,637,807,894,898,823,676,464,205,-67,-340,-577,-765,-891,-929,-879,-750,-551,-300,-15,263,520,722,866,933,899,789,607,374,107,-176,-435,-653,-802,-882,-882,-813,-661,-442,-192,62,314,546,717,833,865,826,717,533,303,57,-204,-446,-649,-790,-858,-846,-754,-594,-372,-125,130,373,588,738,818,808,728,590,399,165,-73,-305,-493,-636,-713,-729,-681,-575,-418,-224,-19,182,362,507,603,645,630,562,444,293,121,-57,-239,-392,-501,-587,-613,-575,-500,-373,-221,-52,129,628,437,552,614,614,564,469,316,136,-53,-234,-413,-538,-618,-647,-621,-521,-382,-205,-4,199,383,531,638,680,654,559,419,234,25,-187,-377,-535,-637,-691,-672,-582,-442,-258,-49,162,354,526,635,693,687,606,463,285,72,-139,-342,-518,-648,-708,-704,-615,-473,-287,-60,171,399,573,676,707,686,578,407,197,-40,-264,-444,-577,-648,-639,-560,-425,-259,-68,134,304,414,488,509,462,381,256,123,-5,-126,-228,-297,-333,-337,-311,-261,-185,-105,-17,63,141,200,232,252,244,217,165,109,39,-32,-103,-168,-213,-232,-228,-199,-149,-66,22,108,176,213,211,178,106,29,-257,-462,-82,398,96,161,158,121,57,-19,-99,-164,-211,-234,-220,-182,-121,-50,31,113,181,238,267,275,255,211,140,51,-48,-151,-244,-324,-378,-396,-375,-310,-210,-72,83,244,388,507,573,576,510,397,238,27,-200,-408,-584,-723,-771,-728,-617,-416,-173,99,370,621,805,909,913,817,634,377,67,-260,-554,-793,-960,-1012,-966,-812,-581,-271,57,390,677,892,1018,1040,951,759,490,191,-135,-450,-708,-902,-1011,-1017,-914,-715,-461,-160,157,464,708,895,986,992,896,698,454,171,-145,-436,-686,-864,-957,-956,-876,-705,-462,-174,120,406,652,826,930,955,872,710,479,206,-83,-364,-604,-785,-176,-922,-861,-735,-528,-284,-14,263,517,717,859,909,894,797,613,382,107,-177,-450,-696,-865,-955,-964,-886,-720,-473,-184,118,400,663,856,968,994,925,777,553,278,-17,-304,-566,-792,-939,-1002,-981,-866,-675,-424,-129,190,488,745,932,1048,1060,981,797,544,245,-91,-420,-709,-936,-1078,-1121,-1062,-896,-650,-336,8,361,674,916,1083,1138,1084,929,684,378,37,-307,-613,-862,-1035,-1087,-1045,-917,-700,-423,-116,208,509,760,935,1019,1013,912,734,488,196,-99,-392,-648,-834,-941,-973,-910,-764,-542,-290,-7,280,537,744,880,944,916,805,617,369,105,-171,-443,-664,-823,-914,-922,1028,865
61469,mtk,MTK 7916,862445442,rx0-tx1,512,-686,336,557,-272,-59,162,364,526,642,693,672,589,468,291,84,-120,-308,-456,-564,-628,-621,-572,-463,-322,-150,24,192,355,470,545,578,562,503,393,255,94,-69,-225,-368,-479,-552,-579,-557,-493,-390,-243,-68,109,275,430,549,614,638,593,499,362,189,-10,-215,-404,-553,-653,-698,-675,-587,-454,-270,-57,164,371,543,665,718,717,646,508,324,107,-117,-329,-507,-648,-718,-719,-662,-537,-356,-157,63,280,457,590,678,699,653,551,401,212,1,-196,-378,-530,-625,-667,-647,-570,-446,-269,-76,122,310,471,587,651,652,593,486,325,136,-58,-256,-432,-560,-642,-664,-618,-513,-372,-38,30,231,403,542,637,667,629,534,385,204,3,-202,-385,-531,-633,-662,-632,-535,-388,-202,-6,204,391,531,625,663,639,540,390,202,-7,-205,-378,-517,-607,-633,-598,-497,-353,-179,6,200,359,475,554,572,536,458,328,162,-4,-165,-308,-420,-489,-512,-479,-412,-306,-168,-21,126,264,370,447,476,456,396,297,179,45,-99,-233,-339,-415,-448,-433,-374,-291,-168,-32,98,226,330,391,415,391,328,232,105,-13,-125,-233,-317,-362,-367,-332,-265,-167,-61,58,168,252,305,334,316,262,176,72,-44,-152,-233,-283,-298,-271,-209,-108,5,106,191,234,229,183,104,14,-406,-170,0,-655,-727,167,146,89,5,-88,-167,-220,-237,-221,-173,-93,2,88,165,224,252,251,219,161,82,-3,-89,-165,-221,-255,-252,-221,-170,-98,-20,65,125,182,214,223,209,170,120,59,0,-51,-101,-133,-150,-157,-157,-146,-126,-102,-65,-28,12,54,98,135,167,188,188,169,144,97,31,-30,-100,-162,-208,-234,-237,-217,-171,-113,-57,13,79,145,197,236,241,232,206,171,113,36,-42,-114,-181,-240,-272,-289,-283,-246,-181,-99,-5,92,186,262,327,340,334,298,229,132,15,-98,-204,-293,-348,-371,-366,-326,-258,-164,-48,75,177,284,356,395,403,368,305,210,85,-35,-48,-277,-367,-422,-442,-429,-368,-271,-148,-9,137,268,387,465,498,493,435,336,198,43,-125,-276,-407,-502,-545,-539,-476,-373,-233,-73,99,260,399,492,549,554,505,414,290,135,-32,-202,-358,-477,-561,-590,-563,-496,-379,-221,-52,120,293,446,559,619,617,570,472,326,143,-53,-246,-421,-559,-652,-688,-666,-574,-424,-238,-27,198,399,564,683,744,725,636,490,287,66,-167,-389,-571,-702,-766,-751,-665,-516,-323,-96,145,361,544,673,746,741,673,544,365,153,-77,-295,-487,-630,-724,-742,-693,-580,-407,-206,16,241,442,597,704,742,705,609,440,239,18,-208,-407,-573,260,-95,9,839,724,660,711,694,608,469,286,73,-146,-334,-495,-616,-667,-653,-579,-452,-297,-115,75,252,405,517,583,593,568,484,354,209,38,-129,-288,-420,-514,-571,-571,-530,-441,-319,-171,-3,163,317,451,550,598,592,545,447,298,131,-54,-245,-411,-548,-637,-676,-648,-560,-418,-234,-26,193,384,547,665,717,703,618,480,287,76,-141,-354,-533,-662,-729,-724,-651,-525,-341,-124,91,299,489,622,697,719,660,536,378,184,-31,-237,-420,-565,-659,-688,-654,-566,-420,-238,-42,158,340,499,608,655,648,583,461,295,102,-98,-282,-450,-577,-641,-649,-608,-501,-352,-170,36,239,412,549,634,672,626,529,384,200,-9,-215,-400,-545,-633,-672,-641,-543,-394,-203,3,207,391,536,628,659,631,531,385,208,8,-200,-384,-526,-624,-652,-610,-513,-374,-195,2,200,371,497,578,606,574,472,339,171,-13,-186,-340,-465,-534,-552,-517,-438,-311,-160,5,161,287,396,462,487,473,400,301,173,28,-113,-245,-347,-416,-452,-443,-386,-300,-187,-49,95,224,327,401,426,418,368,270,145,12,-123,-237,-331,-380,-381,-358,-302,-203,-91,31,147,249,315,349,345,299,222,126,14,-104,-202,-271,-307,-307,-267,-197,-101,8,117,207,268,273,242,169,71,-32,-116,-170,-177,779,870,0,305,-40,-45,-117,-179,-212,-208,-162,-84,11,101,180,236,250,233,192,120,37,-51,-134,-200,-242,-253,-242,-197,-132,-50,40,115,183,228,247,230,193,143,74,5,-68,-123,-165,-188,-191,-178,-149,-105,-62,-20,19,55,90,116,143,154,158,151,134,107,72,21,-41,-97,-146,-191,-208,-213,-203,-167,-109,-46,27,99,166,203,229,242,227,193,142,76,3,-64,-130,-181,-233,-257,-257,-238,-207,-148,-75,8,96,182,245,295,315,311,271,210,112,-1,-99,-199,-278,-340,-368,-357,-316,-238,-134,-26,86,195,285,351,389,380,345,282,178,67,-57,-178,-278,-364,-408,-415,-1135,-333,-239,-122,5,143,270,372,441,472,456,399,302,170,28,-124,-274,-398,-488,-531,-519,-459,-359,-219,-59,114,273,409,503,550,548,493,390,254,102,-71,-231,-370,-478,-544,-563,-538,-454,-336,-185,-6,162,321,465,557,598,594,539,431,282,101,-87,-267,-433,-562,-641,-658,-618,-522,-378,-197,5,213,406,564,673,719,694,596,454,266,46,-188,-395,-577,-698,-753,-747,-657,-509,-310,-80,154,375,558,690,762,752,671,528,340,116,-114,-327,-516,-654,-735,-743,-681,-555,-384,-177,48,262,460,614,704,740,697,588,426,226,-3,-223,-427,-591,-690,-733,-703,-606,-458,673,707
61470,mtk,MTK 7916,862445442,rx1-tx0,512,0,-389,-360,332,445,518,556,544,479,376,223,63,-107,-280,-431,-549,-628,-644,-609,-510,-359,-171,36,255,457,613,721,765,733,629,473,247,3,-247,-492,-684,-814,-868,-832,-714,-536,-295,-17,258,517,729,861,920,894,768,572,324,36,-261,-510,-726,-869,-927,-899,-787,-603,-363,-95,187,439,658,812,889,886,810,652,441,187,-97,-360,-594,-769,-877,-899,-851,-718,-510,-260,16,292,538,732,863,908,871,742,544,303,24,-249,-503,-697,-831,-892,-854,-754,-573,-334,-76,192,453,653,784,842,814,718,540,321,75,-177,-411,-580,-714,-765,-732,-645,-493,-300,-91,132,335,494,596,-277,633,577,456,304,130,-51,-219,-362,-473,-537,-557,-531,-463,-353,-218,-60,91,233,364,456,515,523,493,424,321,177,22,-133,-276,-407,-492,-536,-535,-488,-408,-281,-116,41,190,344,464,557,599,578,511,393,234,59,-143,-322,-483,-612,-682,-691,-631,-500,-314,-103,130,370,575,719,793,792,709,539,305,36,-244,-491,-688,-829,-853,-800,-660,-436,-171,101,368,585,731,798,778,665,487,268,28,-213,-428,-566,-647,-677,-625,-511,-345,-151,50,243,407,519,569,561,480,367,207,33,-144,-297,-408,-478,-489,-442,-348,-209,-36,133,281,381,420,397,309,174,26,-118,-211,30,-163,0,425,682,15,-11,-37,-60,-73,-79,-71,-58,-34,-5,28,58,80,95,103,102,87,58,25,-11,-44,-76,-107,-123,-133,-120,-104,-79,-48,2,48,92,136,169,191,190,174,134,81,14,-64,-132,-197,-240,-274,-283,-251,-193,-115,-12,97,203,310,371,397,395,335,234,113,-50,-206,-350,-444,-498,-498,-442,-329,-176,-5,170,334,460,531,541,497,403,257,88,-96,-257,-395,-496,-531,-519,-451,-334,-182,-12,151,298,400,458,468,434,363,250,128,-12,-136,-244,-325,-369,-377,-351,-302,-220,-133,-46,51,127,199,258,295,316,303,282,238,162,71,-28,-126,-228,-306,-359,-389,489,-341,-259,-150,-34,94,226,342,414,455,463,406,325,204,54,-88,-235,-362,-455,-510,-507,-463,-372,-237,-92,64,228,356,459,532,536,493,416,285,134,-33,-197,-345,-461,-524,-544,-514,-431,-322,-171,-12,138,289,419,504,541,533,472,375,248,100,-64,-214,-350,-459,-530,-545,-527,-461,-350,-211,-45,133,286,425,532,598,611,558,459,323,141,-60,-268,-449,-583,-665,-691,-642,-527,-357,-149,74,274,465,594,662,671,607,491,328,141,-64,-242,-401,-533,-591,-596,-544,-451,-325,-167,-10,145,291,403,482,515,506,461,374,264,123,-24,-163,-282,-393,-467,-501,-493,-443,-624,-330,0,46,-150,420,303,171,18,-150,-306,-445,-537,-580,-585,-542,-441,-306,-129,60,257,442,583,675,706,681,577,421,219,-14,-255,-463,-645,-774,-814,-794,-681,-500,-274,-12,263,509,712,851,896,864,755,559,306,27,-265,-525,-731,-873,-942,-897,-777,-589,-339,-55,231,487,695,837,908,891,786,621,398,141,-128,-392,-617,-775,-881,-896,-834,-693,-485,-224,50,318,562,752,877,917,873,744,546,294,10,-267,-523,-716,-850,-903,-868,-748,-551,-316,-38,226,466,672,808,864,848,740,551,326,67,-190,-432,-627,-750,-801,-786,-683,-522,-325,-76,153,363,545,658,711,697,609,472,295,315,-95,-284,-436,-537,-596,-594,-543,-444,-314,-157,-1,158,299,413,497,538,522,477,382,262,125,-30,-174,-312,-432,-507,-540,-516,-456,-350,-221,-72,88,242,375,491,555,557,528,448,325,184,10,-165,-323,-472,-573,-638,-635,-566,-463,-300,-101,117,334,525,665,746,760,694,541,335,88,-172,-430,-639,-784,-849,-824,-702,-515,-255,39,311,567,744,830,829,750,575,346,88,-173,-403,-584,-699,-740,-703,-580,-398,-207,15,229,408,541,605,611,554,438,278,94,-97,-265,-389,-487,-525,-511,-423,-292,-138,32,185,319,421,465,440,356,220,60,-99,-238,-321,-345,-303,-208,387,353,0,-649,-374,-59,-63,-57,-38,-17,11,39,62,82,90,92,80,61,32,-2,-36,-67,-92,-111,-116,-113,-97,-71,-34,13,55,88,115,141,154,147,136,106,63,10,-47,-108,-164,-203,-236,-238,-217,-171,-104,-32,67,159,241,300,338,330,298,222,110,-8,-141,-280,-378,-449,-470,-432,-342,-212,-57,112,276,410,500,525,503,421,292,125,-54,-223,-378,-487,-547,-543,-478,-374,-214,-42,130,291,416,493,513,485,407,291,149,-6,-150,-277,-364,-418,-433,-395,-329,-228,-119,-5,99,195,268,300,327,320,289,248,183,109,21,-76,-157,-242,-302,-336,-344,-335,-295,-217,-125,-14,-571,229,326,392,419,420,378,292,178,56,-92,-231,-344,-443,-486,-482,-442,-349,-226,-75,84,229,367,456,504,515,477,385,268,108,-71,-215,-354,-466,-535,-554,-516,-433,-306,-152,16,186,327,443,527,544,522,453,345,203,45,-112,-265,-387,-478,-532,-539,-495,-417,-299,-148,8,163,316,440,526,580,568,507,406,272,110,-74,-265,-422,-555,-633,-654,-613,-503,-345,-152,61,273,462,603,688,691,631,511,335,141,-71,-273,-444,-566,-635,-639,-574,-483,-331,-152,30,204,355,472,540,551,530,452,343,208,65,-83,-228,-349,-439,-497,-505,-472,-405,-310,-179,-42,105,237,-447,-688
61471,mtk,MTK 7916,862445442,rx1-tx1,512,0,0,0,-641,-504,-252,66,374,599,695,631,426,134,-179,-461,-644,-680,-563,-319,-14,281,514,629,594,424,163,-127,-383,-544,-569,-466,-253,15,272,468,559,507,328,81,-188,-415,-537,-532,-401,-170,97,351,521,566,476,270,1,-272,-485,-591,-555,-391,-141,155,423,589,626,515,286,-10,-301,-523,-629,-598,-425,-158,141,411,584,622,517,299,14,-275,-498,-609,-570,-399,-147,145,408,577,609,504,281,-8,-294,-514,-626,-594,-421,-152,146,407,577,620,530,322,42,-239,-474,-603,-591,-451,-214,70,327,506,580,533,365,118,-141,-368,-510,-539,-449,-264,-31,197,374,463,449,0,138,-60,-238,-345,-364,-296,-168,-8,152,265,299,260,155,5,-142,-249,-300,-271,-165,-13,154,286,342,328,226,51,-132,-294,-406,-420,-333,-160,58,268,435,505,463,314,82,-171,-394,-544,-582,-483,-276,-8,271,502,630,625,484,234,-72,-380,-610,-709,-650,-454,-162,170,475,685,751,662,435,105,-261,-555,-732,-782,-680,-425,-85,273,578,765,792,658,395,55,-289,-571,-743,-759,-623,-375,-59,263,524,681,694,572,342,57,-229,-464,-601,-614,-511,-313,-64,186,388,505,526,450,284,73,-133,-311,-425,-456,-408,-290,-129,37,190,304,359,355,306,219,110,12,-67,0,0,0,0,0,-301,-335,-328,-265,-149,7,188,362,485,536,505,388,197,-42,-286,-495,-625,-640,-540,-337,-62,230,480,659,719,630,410,112,-213,-500,-693,-749,-648,-408,-88,259,556,741,773,641,367,9,-366,-666,-821,-808,-628,-304,90,474,770,903,842,603,234,-194,-581,-850,-953,-850,-551,-138,307,688,921,953,782,437,2,-436,-776,-944,-920,-686,-293,156,568,860,960,840,538,118,-332,-713,-937,-958,-757,-379,83,527,865,1012,925,628,186,-303,-734,-1010,-1068,-888,-508,-10,502,911,1126,1101,837,384,-153,-675,-1059,-1220,-1118,-781,-272,301,814,1154,1253,1084,678,132,-433,-909,-1200,0,-968,-516,38,584,997,1193,1125,811,325,-236,-745,-1080,-1171,-999,-610,-85,463,910,1152,1136,867,404,-156,-688,-1065,-1206,-1084,-718,-192,379,858,1157,1208,993,552,-9,-561,-991,-1200,-1146,-838,-346,209,710,1060,1168,1008,642,138,-401,-835,-1068,-1061,-814,-389,116,585,910,1034,914,574,107,-376,-768,-987,-985,-745,-328,162,614,925,1024,898,570,107,-382,-780,-1008,-1014,-797,-404,75,531,861,1009,940,654,224,-238,-645,-910,-967,-809,-484,-66,357,691,859,839,641,303,-92,-448,-690,-764,-663,-418,-90,248,521,659,639,472,191,-126,-403,-581,-614,-502,-273,27,319,531,626,577,0,0,0,0,0,-161,-446,-632,-677,-576,-345,-36,286,546,682,669,506,237,-78,-372,-588,-664,-583,-377,-95,204,451,584,581,448,221,-64,-330,-507,-561,-479,-292,-35,228,441,547,520,362,122,-145,-380,-530,-550,-436,-225,49,319,510,577,509,328,62,-227,-466,-595,-590,-451,-206,90,364,564,638,561,352,74,-226,-477,-617,-618,-483,-232,65,338,541,619,552,365,85,-208,-450,-589,-587,-446,-200,85,353,548,616,541,347,75,-219,-464,-612,-626,-488,-247,40,325,532,623,580,401,139,-149,-406,-561,-590,-497,-293,-32,235,447,557,536,406,199,-57,-294,-455,-508,-454,-308,-95,125,0,412,415,326,164,-22,-179,-294,-335,-289,-169,-13,143,258,296,256,156,10,-146,-267,-321,-290,-182,-23,148,290,372,367,269,94,-115,-299,-424,-466,-395,-228,-3,230,426,539,530,399,181,-84,-347,-541,-613,-564,-388,-120,177,443,618,668,573,348,37,-283,-551,-707,-719,-568,-295,38,367,634,771,747,565,265,-94,-437,-689,-798,-751,-554,-240,117,449,690,795,735,533,233,-111,-430,-656,-752,-692,-494,-210,102,384,586,665,608,438,196,-75,-323,-502,-571,-530,-394,-185,53,263,414,484,464,361,194,-4,-187,-325,-403,-413,-351,-242,-110,30,153,236,280,277,234,0,0,0,0,0,56,-50,-178,-306,-408,-457,-437,-352,-199,5,220,414,549,597,547,397,161,-120,-382,-578,-679,-659,-502,-244,57,355,601,728,708,550,277,-55,-378,-630,-754,-726,-536,-225,134,466,716,813,732,496,155,-234,-585,-810,-865,-744,-462,-73,342,695,901,912,735,399,-25,-456,-794,-956,-910,-675,-296,149,566,860,968,859,570,154,-293,-673,-910,-954,-779,-418,26,453,789,952,899,642,243,-217,-625,-908,-991,-840,-502,-58,420,806,1012,991,754,348,-155,-630,-977,-1118,-1008,-675,-189,346,809,1118,1192,997,587,51,-503,-954,-1213,-1212,-949,-482,85,633,1042,1229,1156,831,328,0,-743,-1093,-1200,-1051,-678,-152,409,869,1131,1153,916,470,-73,-601,-1004,-1173,-1076,-732,-235,321,813,1121,1180,980,560,17,-535,-975,-1197,-1160,-863,-369,203,724,1090,1219,1078,704,180,-386,-865,-1145,-1172,-948,-512,32,565,965,1135,1057,755,285,-248,-710,-994,-1053,-880,-500,-4,474,840,1012,947,664,222,-275,-708,-969,-1005,-818,-452,20,497,859,1026,968,694,261,-232,-674,-960,-1034,-875,-535,-79,395,778,982,969,748,374,-78,-507,-813,-927,-845,-577,-190,216,565,781,809,657,368,4,-339,-594,-715,-658,-455,-154,182,457,621,633,483,229,-78,-367,-560,-618,-534,-315,-20,272,0,0
61472,mtk,MTK 7916,862445442,rx2-tx0,512,0,0,0,-1001,-667,-172,378,863,1165,1209,979,525,-58,-642,-1090,-1305,-1241,-892,-343,281,847,1233,1344,1156,714,112,-517,-1032,-1320,-1308,-1003,-471,164,756,1178,1341,1192,772,184,-446,-973,-1278,-1292,-1008,-495,130,725,1156,1317,1170,757,180,-446,-967,-1261,-1276,-991,-479,132,715,1134,1280,1134,741,178,-430,-927,-1201,-1198,-916,-424,155,686,1057,1180,1024,622,81,-474,-910,-1125,-1075,-768,-279,279,772,1077,1125,907,468,-84,-619,-1013,-1173,-1057,-689,-151,432,921,1205,1211,934,441,-164,-736,-1146,-1306,-1171,-764,-183,452,989,1304,1332,1067,557,-87,-705,-1170,-1379,-1283,-911,-327,333,913,1294,1391,1174,0,73,-572,-1089,-1357,-1317,-984,-435,206,804,1221,1357,1190,757,154,-480,-1017,-1330,-1335,-1038,-513,133,760,1213,1393,1269,859,255,-411,-995,-1370,-1439,-1185,-671,-7,664,1192,1461,1413,1053,454,-249,-889,-1336,-1502,-1339,-887,-235,468,1065,1436,1491,1223,698,18,-658,-1190,-1468,-1419,-1058,-479,201,833,1286,1453,1306,874,267,-392,-970,-1338,-1413,-1199,-726,-103,536,1059,1353,1360,1088,599,-12,-614,-1079,-1315,-1279,-987,-501,73,617,1024,1213,1153,863,419,-89,-571,-920,-1075,-1007,-746,-357,84,495,795,927,875,660,328,-50,-396,-652,-786,-773,-625,-382,-91,199,439,583,626,579,460,294,119,-44,0,0,0,0,0,-107,-275,-421,-528,-574,-531,-392,-170,105,380,610,748,762,638,392,55,-306,-626,-846,-902,-783,-503,-114,312,686,931,1004,878,560,114,-366,-785,-1061,-1120,-950,-571,-61,470,918,1188,1212,988,546,-13,-584,-1044,-1294,-1276,-982,-478,137,736,1185,1387,1295,929,364,-284,-877,-1289,-1431,-1265,-831,-223,431,999,1344,1410,1176,692,61,-575,-1075,-1345,-1322,-1016,-488,133,711,1119,1279,1164,789,244,-339,-837,-1141,-1179,-952,-519,26,563,959,1130,1033,699,212,-323,-780,-1053,-1081,-852,-423,95,603,981,1126,1007,659,152,-398,-868,-1141,-1159,-916,-463,107,660,1071,1246,1138,771,236,-358,-883,0,-1277,-1043,-580,24,620,1076,1294,1223,880,337,-297,-863,-1233,-1333,-1127,-662,-48,586,1096,1358,1314,971,398,-263,-864,-1283,-1424,-1241,-777,-130,543,1103,1420,1417,1103,542,-147,-802,-1281,-1473,-1338,-909,-284,408,1006,1371,1426,1167,650,-10,-660,-1151,-1376,-1284,-904,-322,318,871,1228,1299,1066,596,-3,-594,-1041,-1247,-1161,-808,-283,306,822,1135,1180,958,521,-34,-569,-964,-1132,-1037,-704,-221,303,751,1018,1045,829,427,-64,-531,-861,-987,-875,-556,-121,329,697,888,861,628,242,-196,-576,-812,-849,-673,-336,86,483,766,868,753,451,40,-388,-737,-906,-854,-601,-195,273,686,941,980,800,0,0,0,0,0,-505,-923,-1148,-1117,-833,-352,225,766,1151,1279,1122,716,143,-469,-983,-1291,-1313,-1042,-535,86,695,1149,1345,1247,870,295,-347,-909,-1264,-1332,-1103,-630,-15,608,1090,1319,1249,895,341,-289,-856,-1229,-1314,-1091,-625,-24,588,1067,1298,1232,891,336,-293,-849,-1212,-1294,-1076,-617,-25,565,1032,1256,1180,832,307,-287,-808,-1136,-1201,-979,-535,23,572,979,1153,1049,702,177,-381,-836,-1092,-1100,-838,-373,179,698,1051,1152,979,572,25,-538,-983,-1196,-1135,-807,-283,308,838,1181,1266,1066,610,0,-609,-1084,-1320,-1263,-925,-376,265,849,1248,1371,1192,740,123,-530,-1061,-1358,-1356,-1052,-518,134,756,0,1389,1251,844,257,-393,-947,-1286,-1343,-1098,-602,26,649,1122,1347,1272,903,327,-321,-901,-1284,-1372,-1158,-683,-47,599,1121,1399,1369,1032,460,-219,-852,-1301,-1472,-1316,-866,-230,461,1056,1425,1477,1210,674,-9,-687,-1217,-1490,-1447,-1079,-475,229,878,1336,1504,1343,891,255,-430,-1024,-1395,-1461,-1205,-699,-44,622,1145,1422,1387,1049,501,-153,-774,-1216,-1406,-1307,-925,-349,283,855,1247,1371,1217,814,247,-356,-861,-1187,-1277,-1103,-708,-188,352,808,1089,1136,965,611,146,-332,-725,-955,-995,-844,-531,-134,267,601,808,858,748,502,177,-158,-448,-646,-727,-684,-538,-323,-79,153,331,436,467,431,0,0,0,0,0,404,375,280,118,-91,-314,-518,-655,-691,-614,-426,-149,180,488,716,832,802,604,279,-108,-484,-785,-946,-918,-703,-340,107,541,883,1058,1019,763,351,-156,-650,-1019,-1183,-1100,-788,-314,251,778,1143,1280,1147,775,230,-371,-908,-1265,-1359,-1159,-710,-117,508,1048,1359,1377,1114,611,-33,-669,-1166,-1420,-1367,-1025,-468,185,794,1233,1398,1274,876,290,-349,-900,-1251,-1325,-1106,-653,-62,528,990,1223,1184,887,397,-176,-695,-1046,-1158,-1009,-621,-97,438,866,1092,1059,781,318,-213,-691,-1015,-1103,-929,-534,-19,509,932,1144,1086,781,299,-259,-776,-1125,-1215,-1033,-623,-65,517,990,1239,1215,918,0,-192,-760,-1151,-1293,-1145,-735,-164,451,969,1270,1286,1013,501,-123,-724,-1165,-1348,-1222,-815,-217,434,988,1333,1382,1112,589,-70,-723,-1218,-1443,-1347,-950,-339,352,969,1371,1471,1241,735,66,-615,-1155,-1440,-1404,-1058,-481,209,838,1267,1413,1242,793,171,-483,-1014,-1304,-1299,-999,-480,147,730,1137,1277,1126,716,149,-444,-932,-1194,-1176,-889,-405,166,687,1047,1166,1012,618,91,-442,-864,-1087,-1057,-781,-333,178,641,946,1021,866,514,40,-427,-777,-929,-865,-598,-187,253,620,835,848,651,293,-135,-526,-786,-851,-709,-387,30,446,753,879,796,516,110,-338,-716,-928,-918,-689,-294,188,634,0,0
61473,mtk,MTK 7916,862445442,rx2-tx1,512,0,0,0,345,-176,-669,-1019,-1148,-1025,-669,-162,383,847,1122,1154,935,507,-32,-560,-963,-1150,-1077,-770,-301,230,708,1022,1099,927,554,60,-442,-830,-1019,-978,-713,-291,194,621,894,954,788,436,-20,-462,-790,-928,-839,-549,-123,344,722,933,931,697,288,-193,-637,-935,-1019,-861,-496,-11,490,883,1072,1018,722,245,-283,-740,-1052,-1122,-925,-509,25,564,977,1171,1095,759,245,-335,-858,-1196,-1263,-1040,-589,2,611,1098,1340,1289,959,410,-244,-851,-1271,-1410,-1253,-839,-234,434,1001,1337,1392,1161,669,29,-598,-1096,-1363,-1332,-1015,-486,131,717,1141,1307,1192,839,310,-272,-775,-1107,-1192,-1014,-630,0,380,786,1006,991,755,366,-84,-489,-770,-866,-756,-472,-89,297,591,736,705,511,199,-160,-472,-666,-692,-544,-261,81,400,629,702,583,314,-26,-372,-644,-763,-697,-454,-82,327,674,884,898,693,320,-140,-597,-947,-1102,-1022,-710,-232,315,820,1148,1238,1085,693,142,-455,-969,-1287,-1336,-1107,-642,-36,591,1098,1375,1378,1105,599,-21,-644,-1141,-1415,-1401,-1108,-596,26,634,1112,1364,1345,1069,587,9,-546,-983,-1212,-1189,-945,-540,-37,450,826,1024,1012,809,459,27,-378,-685,-851,-839,-670,-389,-46,296,566,718,722,598,378,110,-166,-393,-540,-592,-551,-433,-267,-83,88,210,281,0,0,0,0,0,374,454,479,435,327,153,-63,-279,-466,-585,-613,-536,-359,-114,155,405,583,646,583,405,152,-127,-387,-578,-656,-601,-405,-123,182,458,633,675,578,346,42,-283,-553,-704,-712,-569,-293,47,388,658,786,736,533,216,-156,-502,-748,-829,-731,-472,-112,275,608,820,846,694,389,-19,-424,-730,-881,-840,-610,-254,157,535,810,895,782,505,116,-294,-642,-850,-867,-692,-358,41,434,733,865,804,552,177,-227,-582,-809,-853,-710,-402,4,410,723,883,836,606,237,-194,-572,-817,-893,-777,-484,-86,328,670,862,866,675,332,-76,-463,-754,-873,-796,-544,-167,253,609,822,858,0,378,-20,-413,-722,-865,-807,-571,-215,188,549,779,818,682,392,7,-367,-648,-777,-724,-496,-152,224,551,742,767,608,297,-97,-472,-735,-829,-738,-466,-80,323,663,859,861,665,313,-110,-513,-802,-912,-814,-523,-111,306,659,878,878,664,304,-122,-523,-809,-896,-764,-469,-59,379,717,888,855,616,229,-216,-611,-868,-928,-763,-417,34,478,821,977,907,624,189,-301,-729,-993,-1029,-829,-445,47,545,925,1096,1025,723,259,-264,-734,-1035,-1108,-936,-556,-59,452,863,1081,1052,785,344,-168,-640,-965,-1067,-928,-577,-94,406,814,1036,1007,755,334,-167,-630,-946,-1052,-921,-568,-83,0,0,0,0,0,1062,1111,914,512,-12,-539,-955,-1163,-1110,-811,-338,211,717,1064,1169,1020,654,147,-390,-832,-1090,-1105,-867,-435,80,563,916,1072,977,653,187,-305,-724,-962,-974,-763,-372,99,539,841,937,810,491,51,-405,-764,-936,-883,-616,-195,269,682,940,977,781,391,-99,-573,-911,-1043,-939,-615,-135,384,819,1067,1077,833,388,-148,-659,-1021,-1150,-1011,-634,-105,456,927,1192,1184,908,410,-191,-755,-1163,-1317,-1174,-776,-199,443,1000,1341,1383,1132,631,-12,-654,-1156,-1403,-1351,-1005,-449,204,816,1245,1403,1265,853,268,-370,-924,-1270,-1345,-1134,-683,-96,494,974,1233,1221,943,478,-62,-573,-954,0,-1015,-714,-266,216,622,878,928,766,433,18,-381,-672,-800,-730,-493,-147,218,525,693,698,529,233,-121,-438,-641,-681,-548,-286,48,383,629,716,624,371,16,-361,-670,-825,-782,-556,-184,258,663,934,1006,854,509,37,-475,-911,-1156,-1154,-906,-456,110,662,1082,1289,1233,909,390,-219,-795,-1222,-1399,-1280,-897,-324,319,898,1306,1451,1295,886,295,-353,-920,-1301,-1431,-1277,-869,-307,308,847,1207,1324,1181,815,308,-244,-731,-1041,-1134,-1020,-713,-276,190,590,852,946,853,592,224,-166,-496,-714,-799,-721,-506,-218,96,381,577,658,630,501,296,63,-159,-337,-445,-476,-441,-355,-229,0,0,0,0,0,-197,-62,100,278,436,544,579,521,377,169,-82,-321,-510,-618,-613,-494,-281,-7,274,497,624,634,510,280,1,-286,-523,-650,-640,-492,-232,80,368,597,706,658,464,162,-177,-480,-696,-766,-670,-427,-84,285,592,765,777,639,351,-26,-403,-690,-834,-798,-589,-245,157,531,787,871,763,498,118,-290,-641,-853,-874,-702,-378,27,432,740,889,843,608,242,-167,-537,-793,-868,-748,-462,-62,345,664,840,831,632,292,-112,-498,-777,-877,-778,-508,-121,293,648,860,880,697,364,-46,-446,-751,-892,-836,-593,-220,209,586,820,876,746,444,38,-369,-689,-857,-834,-616,-262,146,0,787,874,758,476,96,-299,-628,-817,-817,-629,-316,73,448,706,802,708,453,92,-290,-597,-758,-735,-536,-214,164,511,745,802,668,373,-13,-407,-717,-870,-815,-567,-199,218,604,846,895,745,424,9,-415,-746,-900,-850,-605,-226,208,596,848,892,726,398,-22,-445,-764,-894,-817,-541,-128,300,668,880,884,681,317,-130,-553,-856,-958,-840,-520,-69,401,780,983,963,722,316,-174,-632,-954,-1071,-940,-591,-107,409,837,1080,1087,850,413,-114,-605,-963,-1109,-1013,-690,-217,305,753,1029,1072,869,470,-32,-526,-892,-1050,-967,-664,-209,294,729,997,1041,844,452,-44,-541,-909,-1059,0,0
61474,mtk,MTK 7916,862476614,rx0-tx0,512,-330,-932,-1045,-724,-937,-1057,-1069,-970,-775,-504,-188,138,464,736,939,1036,1046,946,746,496,178,-148,-453,-729,-930,-1039,-1044,-947,-758,-500,-186,140,463,751,949,1065,1064,962,776,498,174,-167,-497,-770,-964,-1079,-1070,-959,-751,-464,-138,197,516,783,957,1045,1033,913,714,444,125,-189,-483,-740,-925,-1016,-999,-886,-696,-445,-147,175,465,722,899,1001,1001,899,702,432,133,-192,-486,-719,-892,-974,-963,-851,-645,-377,-93,219,493,697,845,909,868,752,564,323,52,-212,-450,-634,-753,-796,-769,-667,-500,-298,-74,156,367,538,671,726,712,639,508,322,115,-106,-319,-488,-619,-696,-707,-646,-26,-359,-157,64,285,483,625,708,727,681,557,373,162,-76,-305,-515,-667,-762,-762,-696,-567,-369,-128,123,361,561,707,792,781,692,522,312,67,-186,-421,-613,-747,-808,-773,-664,-485,-259,-9,239,472,662,776,815,769,638,448,206,-66,-334,-563,-733,-825,-830,-749,-562,-326,-64,219,472,673,797,838,770,607,390,123,-145,-398,-591,-709,-742,-687,-559,-366,-136,94,289,439,542,565,527,434,307,158,9,-140,-252,-330,-378,-380,-342,-279,-196,-90,10,108,190,246,283,289,266,217,165,82,-13,-105,-178,-234,-270,-268,-235,-169,-78,30,134,212,248,244,190,102,9,-175,-484,510,643,624,159,111,32,-58,-149,-221,-262,-260,-220,-147,-55,37,127,211,275,300,297,265,197,116,9,-105,-214,-311,-378,-414,-404,-349,-254,-113,50,218,378,505,595,609,551,433,251,17,-230,-464,-658,-794,-821,-760,-607,-380,-89,225,519,766,942,1012,952,789,520,180,-175,-533,-844,-1049,-1130,-1104,-939,-659,-310,96,492,822,1062,1185,1183,1042,790,442,51,-351,-708,-979,-1154,-1194,-1117,-926,-621,-256,130,502,817,1044,1151,1140,1017,790,474,109,-258,-603,-891,-1084,-1155,-1093,-924,-684,-351,3,358,687,939,1083,1123,1053,869,599,261,-105,-449,-741,-956,-1076,-1093,-990,-786,-500,-168,301,471,756,952,1053,1059,942,754,478,158,-169,-494,-780,-972,-1077,-1079,-978,-776,-485,-149,196,532,831,1037,1138,1128,999,771,467,112,-253,-595,-867,-1062,-1159,-1134,-1004,-766,-460,-110,257,600,876,1079,1177,1171,1043,802,498,133,-247,-605,-917,-1134,-1243,-1235,-1093,-837,-509,-135,278,661,985,1207,1304,1265,1112,835,480,65,-366,-756,-1058,-1265,-1333,-1260,-1064,-764,-384,37,442,797,1082,1228,1261,1175,976,671,301,-86,-463,-782,-1031,-1173,-1195,-1109,-903,-608,-265,87,437,755,987,1122,1138,1041,850,567,244,-110,-439,-730,-947,-1069,-1097,-1009,-821,-556,-235,107,438,720,933,1055,1066,983,390,533,-82,-489,-184,-789,-533,-214,127,460,737,941,1040,1055,957,765,495,178,-145,-475,-736,-931,-1037,-1030,-938,-761,-497,-188,143,458,727,929,1044,1050,967,768,499,186,-159,-468,-754,-964,-1075,-1085,-979,-766,-495,-164,188,514,789,978,1064,1055,943,728,452,134,-201,-514,-767,-943,-1024,-1001,-902,-708,-444,-130,185,475,715,900,1008,1002,899,706,446,150,-167,-467,-724,-902,-995,-989,-874,-678,-417,-112,198,489,729,875,947,928,790,594,346,52,-229,-472,-673,-806,-855,-814,-694,-514,-295,-60,179,404,585,698,756,731,642,499,313,88,-129,-338,-515,-641,-703,-714,-643,-512,-340,-135,85,301,628,609,690,713,667,551,369,161,-62,-286,-495,-641,-729,-740,-684,-556,-373,-147,104,331,534,695,779,778,705,544,350,105,-157,-398,-601,-731,-796,-779,-679,-515,-292,-37,221,448,639,760,805,773,661,472,230,-25,-288,-508,-683,-797,-828,-768,-620,-402,-145,124,397,625,765,835,819,704,511,254,-27,-311,-543,-712,-796,-781,-669,-488,-253,-2,237,438,582,656,645,555,416,234,35,-140,-289,-397,-453,-459,-419,-331,-231,-110,18,128,217,284,318,322,300,245,173,87,-4,-100,-168,-225,-267,-279,-257,-207,-138,-47,50,143,219,267,272,238,160,64,-42,-139,-194,-202,-1043,-942,-82,100,-92,-97,-174,-214,-221,-191,-122,-33,69,161,233,278,279,254,197,116,20,-74,-175,-253,-312,-346,-343,-297,-223,-119,3,146,280,396,476,502,479,396,268,90,-122,-321,-503,-643,-709,-691,-595,-430,-187,91,360,604,797,906,902,794,591,315,-29,-372,-673,-921,-1057,-1083,-984,-760,-425,-60,328,691,967,1140,1192,1088,868,548,167,-235,-609,-909,-1122,-1202,-1158,-975,-703,-352,46,420,764,1022,1160,1183,1070,849,540,179,-206,-560,-861,-1068,-1157,-1128,-986,-742,-414,-48,325,643,917,1090,1138,1083,910,637,296,-53,-408,-712,-953,-1090,-1114,-1015,-818,-542,-217,136,472,753,958,1064,-176,962,760,472,165,-178,-492,-756,-963,-1054,-1055,-963,-756,-482,-162,172,503,793,1007,1106,1100,1000,786,488,142,-223,-573,-857,-1061,-1152,-1134,-991,-759,-454,-102,271,601,878,1061,1158,1136,1003,767,467,124,-239,-590,-880,-1086,-1207,-1188,-1061,-823,-498,-132,263,637,947,1161,1285,1271,1118,852,498,90,-321,-710,-1027,-1238,-1330,-1287,-1096,-804,-431,-6,413,785,1076,1260,1308,1217,1022,715,333,-64,-456,-803,-1057,-1202,-1225,-1130,-926,-640,-283,88,455,774,1006,1133,1157,1081,882,600,263,-105,-448,-750,-969,-1095,-1113,-1020,-833,-558,-237,110,448,730,943,1067,1085,995,804,544,221,-118,-449,628,474
61475,mtk,MTK 7916,862476614,rx0-tx1,512,-686,-758,-786,-722,-698,-598,-429,-230,-4,224,419,568,667,684,640,526,371,183,-25,-221,-400,-527,-602,-620,-581,-481,-354,-183,-1,176,333,462,549,587,567,498,377,237,70,-107,-270,-410,-526,-593,-595,-553,-458,-309,-137,53,249,413,541,633,664,624,522,369,177,-32,-249,-448,-602,-695,-718,-668,-554,-382,-162,70,289,487,637,724,737,670,546,363,135,-98,-327,-511,-652,-727,-724,-648,-519,-335,-115,117,332,516,638,694,698,620,483,301,90,-128,-328,-499,-623,-679,-663,-597,-471,-290,-81,127,322,487,610,664,653,577,447,272,66,-143,-335,-507,-607,-663,-653,-576,-431,-243,-38,173,375,531,637,681,646,548,396,196,-15,-233,-433,-572,-648,-670,-617,-505,-334,-126,86,302,474,598,670,661,580,447,256,45,-168,-357,-512,-616,-648,-609,-505,-358,-168,34,227,399,522,588,594,539,418,261,88,-99,-266,-403,-498,-535,-525,-457,-345,-201,-37,126,274,389,453,482,460,392,282,152,1,-137,-268,-375,-439,-459,-432,-354,-242,-109,41,181,305,396,432,423,373,277,159,19,-117,-237,-334,-383,-392,-359,-281,-175,-56,67,187,277,328,356,327,264,177,65,-60,-166,-250,-308,-319,-286,-220,-118,-10,107,205,268,285,249,173,63,-40,-132,-181,-178,-324,-522,0,-237,-223,-125,-179,-204,-182,-124,-38,60,148,217,252,246,200,122,34,-56,-143,-211,-248,-254,-232,-178,-100,-16,75,154,214,243,245,222,176,99,25,-60,-130,-179,-208,-208,-189,-158,-111,-50,2,57,93,126,153,155,152,144,125,98,62,14,-38,-89,-129,-168,-192,-198,-193,-160,-101,-37,35,104,162,204,238,240,207,160,98,29,-45,-115,-173,-214,-242,-237,-223,-191,-135,-62,14,90,168,228,273,289,282,240,178,89,-12,-113,-209,-284,-345,-361,-337,-275,-183,-73,46,159,262,332,378,381,337,270,177,58,-59,-178,-286,-361,-400,-405,-363,-288,-182,-56,77,206,-48,396,437,438,397,317,202,66,-90,-230,-352,-443,-495,-491,-442,-341,-204,-48,131,288,418,511,550,533,460,339,185,6,-167,-331,-457,-543,-570,-536,-460,-334,-178,-6,170,327,461,549,585,556,480,366,201,23,-168,-339,-483,-582,-626,-606,-533,-403,-233,-36,167,356,512,613,671,656,580,440,247,39,-171,-384,-557,-677,-730,-712,-620,-464,-255,-14,220,441,622,730,776,732,614,440,218,-36,-280,-493,-659,-757,-772,-711,-578,-388,-162,87,315,513,662,742,750,684,550,359,131,-104,-327,-529,-663,-735,-735,-659,-524,-328,-97,139,369,554,687,736,720,632,480,279,-54,-145,9,-225,-1,-32,197,415,579,679,715,673,559,401,195,-25,-236,-423,-553,-634,-648,-606,-501,-349,-172,15,205,365,492,577,598,569,485,362,208,35,-142,-306,-439,-528,-584,-580,-520,-425,-285,-104,77,251,408,530,603,629,587,485,346,166,-39,-247,-427,-574,-664,-693,-654,-542,-380,-174,47,270,467,621,714,724,671,550,372,156,-85,-306,-498,-649,-729,-738,-666,-526,-342,-122,114,330,516,651,718,709,636,501,308,103,-125,-338,-509,-632,-690,-678,-606,-473,-295,-87,121,311,489,613,669,656,584,459,283,76,-131,-323,-486,-604,-664,-655,-585,-450,-264,-65,154,355,523,619,634,652,560,412,228,12,-210,-404,-560,-649,-673,-640,-528,-355,-161,48,261,444,590,661,668,606,474,303,97,-126,-324,-494,-615,-662,-640,-551,-410,-220,-6,206,384,519,605,616,574,463,302,118,-68,-252,-411,-514,-572,-561,-490,-382,-229,-59,114,276,401,482,514,493,420,303,166,22,-128,-267,-376,-444,-467,-439,-379,-267,-138,11,156,290,379,433,439,399,326,202,61,-77,-213,-318,-387,-416,-394,-333,-229,-103,27,154,259,330,363,361,317,229,130,10,-120,-216,-287,-331,-324,-281,-208,-107,16,126,218,279,300,280,208,108,-7,-111,-198,-238,-230,-178,-90,-2,-731,-604,0,-23,-131,-121,-66,21,113,187,230,228,191,122,31,-67,-162,-226,-257,-254,-219,-154,-69,20,112,187,237,258,253,210,144,63,-26,-106,-178,-217,-232,-227,-188,-137,-68,1,68,122,167,186,182,168,139,110,65,13,-26,-66,-101,-126,-151,-165,-165,-152,-120,-83,-33,18,76,141,188,217,226,204,163,107,43,-46,-120,-180,-222,-240,-244,-216,-170,-113,-42,37,103,170,220,253,259,252,209,150,70,-15,-105,-188,-253,-302,-320,-312,-260,-192,-95,23,134,241,314,361,368,340,273,179,70,-59,-174,-265,-343,-383,-389,-356,-286,-176,-56,73,199,299,380,421,421,374,-1135,187,56,-85,-217,-333,-417,-467,-466,-413,-326,-206,-58,101,254,385,472,524,520,454,348,200,25,-150,-313,-441,-530,-560,-536,-460,-335,-177,6,175,327,462,546,579,547,464,338,184,4,-177,-335,-469,-557,-591,-573,-501,-377,-213,-24,166,343,491,589,637,626,557,421,246,43,-171,-363,-531,-646,-696,-691,-611,-456,-261,-33,195,410,588,715,758,724,623,448,234,-9,-261,-478,-642,-751,-777,-721,-595,-409,-179,65,297,505,656,748,760,692,564,376,154,-84,-313,-518,-666,-745,-744,-681,-545,-346,-123,120,349,537,678,743,738,656,505,299,65,-166,-384,-564,-693,197,156
61476,mtk,MTK 7916,862476614,rx1-tx0,512,0,-220,-428,-288,-137,39,210,364,485,562,593,571,494,361,182,-4,-203,-393,-539,-647,-700,-667,-577,-432,-223,3,255,481,659,772,807,770,639,448,194,-76,-354,-594,-767,-875,-891,-821,-645,-400,-130,170,453,691,861,946,917,792,599,338,56,-250,-535,-746,-892,-945,-890,-758,-548,-289,3,289,545,739,867,909,866,736,527,270,-7,-299,-558,-759,-885,-928,-878,-729,-525,-255,42,329,582,782,906,919,846,693,466,201,-100,-385,-621,-802,-883,-886,-806,-638,-392,-119,166,419,643,793,854,827,722,530,293,35,-230,-449,-639,-747,-771,-729,-614,-422,-201,30,254,441,586,662,-277,621,503,341,154,-41,-228,-387,-499,-565,-579,-539,-450,-325,-178,-10,157,305,420,494,526,515,461,354,217,64,-99,-263,-396,-497,-546,-543,-493,-407,-268,-105,60,228,382,491,564,581,546,454,324,154,-37,-239,-413,-547,-643,-680,-639,-528,-372,-158,76,312,522,689,783,791,716,545,310,35,-244,-504,-710,-836,-871,-797,-631,-395,-109,196,467,678,812,843,781,624,404,147,-124,-377,-575,-703,-740,-692,-570,-391,-171,59,276,445,569,617,606,521,377,200,8,-180,-348,-465,-522,-520,-454,-340,-184,-6,162,310,419,466,445,362,221,49,-122,-260,-343,-353,-291,-189,555,339,0,-503,-868,-59,-48,-30,-5,25,54,71,87,82,69,50,21,-7,-34,-65,-93,-113,-123,-103,-76,-55,-13,32,74,108,132,145,148,129,91,54,11,-45,-101,-148,-184,-198,-202,-183,-139,-74,-2,80,163,224,278,301,291,244,167,62,-62,-181,-298,-380,-421,-415,-355,-255,-111,59,230,364,474,526,498,433,306,143,-50,-241,-392,-507,-566,-541,-463,-333,-161,27,201,361,484,542,543,474,350,192,28,-141,-295,-403,-466,-480,-446,-352,-230,-89,52,185,292,364,388,367,336,267,174,76,-27,-121,-197,-260,-301,-316,-322,-282,-230,-158,-58,43,139,235,313,365,382,367,489,213,108,-31,-170,-292,-390,-452,-471,-425,-352,-235,-88,59,218,354,454,500,502,451,352,219,52,-106,-261,-397,-493,-541,-526,-459,-351,-210,-40,137,299,441,526,561,543,463,340,187,12,-158,-319,-453,-525,-549,-533,-454,-343,-196,-27,133,292,420,506,551,533,480,376,234,74,-98,-254,-405,-518,-565,-584,-547,-447,-301,-119,74,277,448,582,664,664,602,471,296,85,-142,-356,-534,-661,-706,-678,-576,-414,-214,8,225,420,562,641,651,593,481,330,143,-45,-217,-375,-495,-558,-560,-522,-434,-299,-156,-1,163,304,415,484,517,494,431,340,198,56,-98,-246,-374,803,431,0,561,389,462,538,563,530,449,319,160,-18,-197,-368,-511,-603,-635,-624,-536,-394,-219,1,229,419,598,708,757,732,612,437,206,-38,-299,-532,-719,-834,-860,-800,-647,-433,-168,123,411,656,816,906,908,811,629,382,86,-229,-502,-732,-877,-936,-913,-774,-565,-306,-11,274,532,737,870,920,872,745,539,282,-3,-286,-543,-747,-865,-911,-874,-739,-529,-267,23,311,562,757,889,919,856,712,499,225,-77,-355,-612,-790,-895,-911,-828,-670,-437,-156,123,393,632,798,878,858,759,589,348,76,-196,-449,-648,-769,-819,-776,-658,-484,-240,3,244,462,629,716,738,678,552,374,173,315,-247,-418,-542,-609,-620,-568,-465,-320,-158,20,193,339,452,524,551,520,447,332,194,43,-117,-271,-406,-492,-537,-534,-479,-371,-238,-74,89,247,387,497,552,558,521,421,284,123,-56,-232,-387,-515,-599,-628,-593,-491,-356,-172,36,262,449,614,717,740,685,557,366,120,-142,-398,-618,-770,-844,-818,-697,-484,-223,66,355,601,776,866,850,729,536,273,-23,-310,-552,-712,-792,-779,-685,-508,-283,-31,211,423,582,667,677,600,471,289,82,-124,-316,-459,-544,-568,-530,-431,-281,-109,74,245,381,474,498,464,371,228,53,-121,-274,-383,-427,-395,-304,-161,3,149,238,345,538,0,925,612,13,41,62,74,73,57,37,9,-29,-51,-76,-87,-93,-90,-75,-45,-12,28,67,85,109,129,124,111,81,48,7,-34,-88,-122,-147,-161,-166,-148,-119,-70,-10,50,118,177,223,246,247,217,161,83,-18,-122,-220,-298,-357,-365,-338,-266,-150,-15,135,277,391,465,483,433,342,207,25,-156,-315,-448,-523,-542,-491,-377,-232,-42,146,311,448,534,549,509,417,265,88,-91,-265,-401,-489,-519,-501,-411,-285,-132,21,181,309,393,436,433,389,303,188,57,-61,-160,-254,-306,-337,-341,-315,-264,-194,-103,-18,78,168,234,298,337,342,321,271,190,87,-27,-144,-571,-346,-407,-437,-409,-335,-232,-102,47,193,316,426,476,485,449,355,227,75,-84,-242,-376,-476,-515,-508,-456,-355,-213,-40,128,285,414,509,556,539,475,353,194,23,-155,-317,-443,-531,-560,-542,-467,-346,-183,-22,156,310,431,517,550,532,465,340,202,39,-120,-267,-405,-501,-557,-558,-509,-418,-266,-100,69,258,423,541,614,630,588,473,320,116,-100,-313,-493,-621,-694,-690,-611,-473,-271,-41,190,396,554,655,689,648,537,371,170,-46,-249,-411,-530,-597,-600,-549,-450,-299,-132,42,195,351,448,508,528,500,422,312,175,23,-134,-266,-388,-471,-506,-508,-453,-360,639,939
61477,mtk,MTK 7916,862476614,rx1-tx1,512,0,0,0,-81,273,577,756,779,636,353,-11,-371,-644,-777,-745,-564,-265,87,421,657,746,673,448,135,-192,-473,-653,-674,-542,-293,17,320,536,632,588,412,130,-177,-443,-606,-625,-502,-260,49,333,542,634,577,382,97,-210,-478,-643,-667,-536,-281,39,351,591,703,662,475,178,-158,-470,-680,-734,-624,-386,-65,270,547,704,707,549,265,-69,-382,-606,-699,-640,-444,-151,187,481,655,686,564,317,2,-328,-590,-714,-683,-506,-216,118,425,641,727,658,442,135,-190,-472,-659,-702,-597,-361,-57,252,509,652,657,526,288,-4,-295,-509,-611,-590,-444,-216,66,314,476,537,489,0,111,-116,-301,-407,-420,-335,-177,11,185,306,348,305,183,16,-159,-282,-333,-302,-202,-37,144,293,389,387,282,107,-103,-299,-434,-489,-426,-251,-20,224,425,553,570,455,243,-37,-329,-551,-658,-638,-482,-214,111,424,646,745,693,489,175,-171,-493,-726,-816,-727,-488,-151,225,557,784,864,760,503,145,-253,-610,-839,-900,-800,-544,-163,251,601,835,918,818,560,203,-184,-525,-774,-876,-796,-565,-246,114,451,694,789,735,545,259,-60,-353,-575,-678,-651,-506,-282,-13,247,450,568,579,476,298,78,-144,-329,-451,-495,-457,-347,-191,-18,146,277,347,362,335,270,177,0,0,0,0,0,345,335,281,165,5,-180,-363,-507,-589,-589,-491,-306,-61,217,465,642,725,682,518,248,-76,-388,-647,-795,-788,-641,-370,-26,330,633,811,837,702,421,43,-344,-670,-857,-870,-724,-417,-2,413,754,944,939,751,403,-44,-492,-846,-1027,-998,-768,-382,86,549,912,1088,1028,758,337,-158,-623,-962,-1112,-1019,-716,-265,245,700,1007,1100,965,630,161,-344,-777,-1047,-1095,-897,-503,-2,494,889,1099,1068,805,360,-160,-646,-1009,-1162,-1054,-728,-234,335,832,1152,1231,1057,657,97,-497,-988,-1287,-1320,-1071,-609,-7,612,1096,1358,1366,1088,565,-69,-675,-1158,-1416,-1369,-1041,-518,121,738,0,1396,1306,941,386,-238,-807,-1219,-1362,-1201,-790,-217,402,946,1282,1337,1105,638,26,-589,-1081,-1343,-1314,-1009,-478,159,767,1208,1387,1276,903,326,-320,-904,-1292,-1400,-1221,-783,-181,446,983,1313,1364,1121,642,26,-580,-1060,-1306,-1263,-954,-447,148,696,1086,1233,1108,741,218,-341,-828,-1123,-1158,-937,-505,35,561,972,1165,1092,786,299,-258,-754,-1091,-1196,-1038,-655,-142,395,860,1138,1169,951,530,6,-511,-920,-1134,-1100,-835,-412,89,571,919,1064,989,702,272,-196,-596,-861,-942,-812,-503,-101,291,615,801,786,601,290,-76,-419,-657,-736,-646,-406,-80,269,551,700,694,528,231,-112,0,0,0,0,0,-762,-722,-522,-201,158,483,718,800,708,465,126,-235,-536,-725,-767,-638,-372,-27,308,562,698,681,515,234,-95,-398,-598,-656,-565,-354,-58,252,489,615,601,447,195,-105,-386,-568,-619,-534,-323,-39,258,504,644,626,457,189,-125,-424,-631,-695,-602,-380,-67,272,549,709,715,567,294,-48,-383,-623,-731,-683,-476,-171,166,464,666,719,605,358,40,-285,-537,-678,-671,-508,-229,94,396,618,706,637,423,113,-226,-508,-680,-715,-595,-335,-7,320,577,710,693,529,264,-58,-378,-607,-696,-642,-456,-182,131,413,597,651,571,370,96,-173,-407,-550,-578,-488,-287,-31,206,0,482,465,348,163,-41,-223,-346,-385,-324,-183,-5,162,291,337,297,184,17,-152,-285,-359,-347,-231,-55,142,314,421,439,351,179,-48,-278,-456,-531,-498,-351,-123,141,391,572,630,557,367,89,-224,-497,-675,-705,-583,-347,-34,308,590,750,766,622,343,-13,-376,-673,-827,-810,-636,-335,43,429,728,879,857,672,348,-62,-455,-737,-893,-890,-703,-367,26,404,716,881,874,705,406,39,-327,-626,-803,-823,-683,-416,-87,244,526,697,737,635,415,128,-165,-417,-587,-635,-566,-398,-167,84,304,466,538,509,398,227,21,-173,-326,-419,-444,-407,-317,-193,-56,71,165,223,0,0,0,0,0,51,191,321,429,492,492,414,266,64,-171,-399,-577,-670,-655,-531,-306,-20,285,551,725,781,690,461,155,-189,-514,-743,-828,-755,-546,-232,137,500,762,870,805,575,228,-175,-548,-812,-924,-841,-572,-188,246,642,919,1004,887,595,165,-308,-718,-992,-1071,-926,-589,-133,361,797,1053,1081,905,540,60,-434,-848,-1080,-1081,-860,-463,37,532,907,1094,1048,774,332,-179,-647,-978,-1114,-994,-660,-196,326,784,1067,1129,941,543,24,-506,-938,-1173,-1166,-898,-431,128,677,1095,1287,1211,868,343,-262,-830,-1231,-1379,-1251,-867,-300,336,915,1316,1437,1258,836,241,-403,-969,-1331,-1411,-1198,0,-131,499,1021,1327,1350,1088,601,-11,-624,-1093,-1323,-1273,-959,-436,193,778,1191,1348,1218,822,250,-385,-938,-1288,-1370,-1158,-692,-79,556,1071,1365,1371,1084,567,-72,-686,-1157,-1381,-1312,-963,-416,211,790,1204,1350,1209,813,246,-360,-880,-1204,-1258,-1045,-613,-53,517,961,1184,1144,841,361,-195,-709,-1061,-1167,-1023,-650,-125,429,881,1142,1169,934,485,-60,-585,-990,-1183,-1120,-826,-351,192,695,1047,1173,1048,707,221,-296,-750,-1044,-1107,-931,-572,-99,381,769,984,979,766,407,-27,-445,-749,-874,-810,-572,-226,169,514,727,766,634,360,1,-345,-600,-716,-663,-459,-149,192,487,676,710,0,0
61478,mtk,MTK 7916,862476614,rx2-tx0,512,0,0,0,125,622,1002,1170,1085,762,261,-306,-823,-1174,-1280,-1111,-703,-136,465,973,1281,1311,1066,587,-20,-625,-1096,-1333,-1285,-959,-424,200,775,1181,1333,1196,805,226,-402,-929,-1253,-1301,-1069,-602,1,601,1062,1291,1233,903,368,-247,-804,-1187,-1307,-1134,-711,-138,462,956,1239,1248,983,495,-92,-649,-1064,-1236,-1128,-780,-259,318,814,1121,1171,958,525,-27,-557,-953,-1131,-1058,-741,-251,293,764,1063,1113,905,491,-40,-571,-975,-1160,-1076,-750,-247,323,824,1147,1220,1013,579,18,-561,-1029,-1275,-1243,-932,-417,192,772,1190,1354,1229,837,261,-371,-930,-1288,-1368,-1163,-704,-98,536,1057,1344,1350,1067,0,-80,-683,-1145,-1362,-1277,-917,-367,258,827,1220,1352,1185,757,171,-452,-983,-1302,-1336,-1083,-596,27,652,1141,1378,1324,992,425,-226,-827,-1264,-1440,-1307,-895,-281,395,983,1367,1469,1254,778,139,-529,-1099,-1443,-1477,-1196,-671,1,668,1188,1466,1434,1102,545,-123,-756,-1240,-1468,-1384,-1004,-425,235,844,1277,1432,1302,897,302,-345,-917,-1298,-1408,-1234,-804,-218,404,945,1289,1372,1184,767,206,-395,-904,-1224,-1294,-1117,-732,-210,340,805,1099,1177,1025,683,227,-252,-672,-947,-1028,-912,-637,-250,169,530,780,886,825,614,306,-45,-367,-606,-737,-743,-627,-426,-178,78,303,458,529,521,451,333,0,0,0,0,0,245,381,489,540,517,406,218,-22,-288,-529,-696,-762,-702,-506,-213,126,462,730,872,855,678,368,-30,-444,-779,-969,-981,-806,-466,-15,455,846,1073,1097,903,515,19,-492,-928,-1192,-1215,-988,-562,-16,552,1014,1275,1283,1029,564,-24,-617,-1095,-1353,-1337,-1049,-543,80,693,1171,1412,1367,1040,495,-143,-742,-1195,-1414,-1336,-977,-424,205,791,1202,1355,1227,847,296,-312,-840,-1178,-1263,-1083,-675,-127,437,898,1155,1152,902,467,-64,-578,-958,-1116,-1017,-694,-230,293,747,1030,1079,885,494,-15,-527,-918,-1115,-1068,-781,-313,234,735,1075,1185,1034,661,137,-429,-912,-1198,-1224,-991,-543,29,0,1045,1268,1213,898,389,-206,-768,-1165,-1301,-1161,-771,-202,411,938,1266,1317,1082,599,-18,-639,-1124,-1366,-1319,-979,-422,226,832,1269,1438,1296,869,258,-418,-1012,-1381,-1454,-1218,-721,-77,589,1131,1426,1409,1102,553,-115,-749,-1222,-1415,-1302,-915,-329,316,879,1246,1348,1149,691,92,-515,-996,-1255,-1240,-943,-436,151,693,1079,1228,1101,723,193,-364,-834,-1114,-1142,-922,-496,35,555,934,1102,1024,716,262,-236,-677,-957,-1016,-847,-494,-40,414,762,922,874,627,238,-196,-575,-816,-861,-696,-372,38,434,728,852,768,508,123,-297,-649,-853,-859,-660,-300,138,553,846,950,838,536,96,-386,0,0,0,0,0,-1115,-948,-564,-54,484,940,1201,1201,945,479,-96,-663,-1096,-1298,-1231,-898,-369,247,813,1203,1339,1196,792,208,-410,-943,-1275,-1327,-1094,-625,-20,591,1067,1307,1267,954,428,-189,-763,-1166,-1308,-1166,-761,-187,425,938,1250,1286,1035,551,-49,-636,-1081,-1286,-1208,-862,-326,273,811,1164,1262,1076,652,91,-486,-949,-1187,-1165,-882,-408,158,680,1039,1159,1014,642,128,-418,-861,-1102,-1091,-824,-367,178,677,1025,1140,995,616,94,-455,-910,-1160,-1152,-883,-406,169,707,1102,1265,1140,759,209,-395,-922,-1256,-1316,-1095,-638,-42,578,1077,1341,1315,1009,496,-135,-741,-1184,-1378,-1277,-900,-326,311,875,0,1373,1194,754,150,-481,-1003,-1313,-1331,-1064,-569,45,648,1118,1342,1271,932,387,-244,-821,-1230,-1376,-1215,-791,-195,458,1006,1342,1400,1155,655,14,-635,-1152,-1423,-1401,-1089,-538,136,779,1256,1480,1394,1009,412,-273,-901,-1341,-1491,-1335,-905,-283,398,998,1380,1477,1265,790,161,-504,-1064,-1397,-1431,-1162,-669,-44,604,1114,1392,1386,1084,559,-67,-674,-1150,-1386,-1337,-1021,-505,106,689,1126,1329,1277,973,478,-91,-629,-1037,-1234,-1185,-907,-469,40,529,903,1092,1065,833,454,9,-420,-758,-934,-935,-760,-452,-79,286,592,779,816,714,501,210,-99,-370,-568,-665,-656,-555,-391,-192,-1,155,270,0,0,0,0,0,-332,-257,-124,63,272,462,608,669,625,484,249,-53,-361,-622,-789,-824,-708,-459,-115,266,615,859,940,851,599,214,-229,-641,-941,-1062,-977,-695,-263,236,694,1029,1173,1080,765,294,-252,-763,-1132,-1269,-1153,-809,-290,299,830,1202,1350,1214,821,263,-357,-913,-1283,-1402,-1239,-807,-210,426,978,1335,1418,1211,755,148,-487,-1010,-1323,-1368,-1131,-657,-53,544,1031,1294,1274,987,502,-76,-636,-1050,-1224,-1135,-808,-315,240,738,1061,1138,969,585,78,-436,-854,-1075,-1049,-799,-363,158,642,979,1102,977,627,136,-390,-836,-1105,-1137,-915,-488,55,599,1015,1211,1149,836,342,-238,-773,-1142,-1270,0,-736,-181,416,924,1232,1282,1050,590,4,-593,-1067,-1304,-1258,-927,-399,217,796,1209,1358,1204,792,200,-440,-989,-1335,-1395,-1150,-648,-5,644,1158,1431,1393,1058,495,-177,-816,-1280,-1469,-1342,-930,-323,356,957,1339,1434,1222,750,125,-526,-1057,-1345,-1340,-1044,-528,97,694,1130,1311,1201,828,273,-331,-855,-1179,-1242,-1028,-588,-23,538,971,1182,1130,832,353,-199,-697,-1032,-1135,-983,-616,-122,389,804,1033,1029,803,398,-86,-534,-859,-980,-869,-568,-148,298,666,871,868,664,304,-120,-508,-773,-849,-731,-443,-47,368,696,854,814,587,212,-220,-608,-862,-912,-747,-416,25,472,823,992,928,0,0
61479,mtk,MTK 7916,862476614,rx2-tx1,512,0,0,0,-876,-1102,-1098,-850,-415,103,607,996,1168,1091,784,311,-222,-713,-1049,-1160,-1024,-666,-174,351,797,1066,1108,909,520,22,-468,-853,-1043,-995,-732,-317,156,588,888,978,845,523,88,-364,-730,-919,-892,-664,-271,182,595,873,950,799,461,18,-443,-817,-995,-945,-691,-271,219,664,974,1073,928,564,66,-450,-861,-1094,-1085,-826,-376,155,663,1028,1166,1055,707,184,-383,-873,-1187,-1242,-1018,-563,15,600,1074,1325,1291,983,462,-163,-760,-1204,-1410,-1311,-942,-376,283,878,1279,1423,1267,849,261,-372,-920,-1284,-1387,-1197,-762,-175,439,942,1253,1310,1082,648,93,-465,-913,-1164,-1164,-924,-508,0,495,850,1015,959,708,317,-130,-524,-785,-865,-748,-470,-101,271,575,736,722,539,235,-115,-428,-639,-687,-570,-317,8,334,582,685,624,409,89,-261,-562,-736,-745,-583,-264,139,520,797,926,850,571,151,-321,-751,-1038,-1110,-954,-592,-99,435,897,1193,1246,1043,627,70,-518,-1016,-1309,-1339,-1110,-655,-60,553,1068,1377,1417,1173,705,103,-530,-1062,-1384,-1437,-1210,-767,-185,425,936,1267,1356,1196,817,294,-263,-744,-1068,-1193,-1085,-777,-336,147,580,882,1001,920,685,335,-69,-430,-691,-815,-790,-613,-340,-23,289,536,676,688,593,408,160,-92,-298,-447,-531,-525,-444,-324,-185,-39,0,0,0,0,0,-421,-452,-424,-328,-175,16,224,417,558,610,562,427,220,-35,-290,-492,-611,-622,-523,-319,-46,240,470,618,647,540,321,45,-248,-502,-654,-674,-554,-315,-6,307,565,715,719,565,292,-48,-383,-644,-781,-754,-571,-273,91,450,715,826,765,548,213,-169,-522,-769,-862,-769,-512,-141,254,598,830,878,742,455,61,-350,-675,-862,-870,-692,-365,37,426,731,883,842,621,267,-140,-508,-764,-862,-778,-518,-139,269,607,814,847,696,399,10,-385,-699,-866,-846,-645,-306,105,495,772,890,818,567,202,-207,-570,-811,-877,-756,-472,-89,314,649,840,851,683,356,-43,-427,-724,0,-813,-597,-245,166,526,761,847,745,477,116,-264,-589,-773,-785,-631,-328,47,404,663,776,704,470,128,-250,-572,-763,-783,-622,-317,68,445,729,856,789,539,172,-235,-601,-833,-894,-767,-462,-50,364,700,886,879,677,316,-104,-496,-788,-899,-798,-524,-134,290,645,857,867,674,329,-91,-496,-782,-904,-822,-542,-132,305,682,909,933,743,389,-58,-505,-845,-997,-929,-653,-231,253,691,980,1063,915,556,73,-424,-839,-1076,-1080,-853,-439,71,565,933,1096,1029,739,295,-203,-664,-977,-1072,-939,-601,-128,372,784,1023,1032,814,419,-69,-537,-886,-1039,-971,-681,-234,266,704,986,0,0,0,0,0,690,223,-299,-767,-1076,-1154,-988,-615,-111,423,865,1123,1137,921,519,-10,-537,-935,-1126,-1077,-807,-368,151,633,968,1088,972,647,187,-308,-727,-971,-997,-798,-426,36,477,800,954,880,587,173,-274,-656,-885,-909,-718,-356,98,528,847,976,879,574,135,-344,-749,-992,-1022,-813,-414,79,563,930,1088,1009,703,225,-307,-768,-1072,-1141,-945,-538,-6,534,964,1189,1153,858,370,-209,-758,-1158,-1305,-1168,-780,-217,403,949,1293,1370,1169,710,96,-539,-1069,-1371,-1385,-1128,-632,-1,631,1129,1385,1353,1045,527,-93,-686,-1138,-1350,-1278,-947,-425,166,715,1104,1257,1159,826,325,-222,-698,-1012,0,-968,-643,-194,284,680,902,917,738,407,0,-382,-670,-795,-731,-510,-186,181,494,678,704,562,278,-61,-378,-603,-681,-587,-351,-41,293,571,704,666,475,165,-208,-553,-785,-843,-709,-394,17,449,808,1003,988,763,359,-141,-628,-1008,-1191,-1132,-835,-356,210,746,1143,1315,1222,890,369,-238,-811,-1229,-1401,-1283,-924,-388,240,833,1260,1446,1352,998,448,-187,-770,-1197,-1416,-1358,-1037,-541,47,610,1039,1269,1247,995,572,58,-442,-844,-1062,-1073,-885,-542,-126,299,652,858,899,768,501,160,-194,-499,-699,-756,-683,-488,-223,65,327,516,611,611,519,355,159,-39,-208,-316,-369,-372,0,0,0,0,0,53,-95,-254,-404,-513,-561,-532,-419,-236,-6,238,451,586,621,562,399,151,-125,-378,-565,-647,-609,-448,-193,90,357,573,665,607,440,183,-125,-416,-629,-714,-646,-447,-150,185,488,694,761,672,435,107,-251,-564,-762,-807,-683,-411,-62,313,633,818,833,672,365,-15,-397,-706,-864,-840,-633,-298,97,480,765,882,818,583,226,-183,-553,-804,-886,-782,-506,-128,278,617,821,854,696,395,10,-385,-696,-850,-820,-619,-281,128,511,775,867,774,515,149,-250,-607,-840,-888,-742,-447,-52,352,680,865,863,676,345,-59,-443,-728,-866,-816,-579,-223,178,543,791,868,757,474,0,-302,-629,-826,-849,-687,-376,17,401,694,830,777,562,232,-152,-492,-718,-779,-664,-410,-52,324,615,760,736,541,212,-163,-512,-750,-826,-720,-441,-51,354,683,864,854,661,325,-87,-488,-785,-905,-826,-565,-186,239,616,858,903,742,420,9,-401,-717,-879,-844,-610,-232,196,580,832,896,755,437,19,-400,-736,-916,-883,-641,-259,187,600,884,972,841,522,80,-398,-791,-1005,-1003,-783,-389,102,584,940,1090,1007,710,262,-253,-719,-1025,-1113,-961,-607,-121,381,802,1052,1066,853,462,-30,-515,-884,-1053,-990,-712,-276,215,659,956,1044,892,547,83,-402,-811,-1035,-1025,-794,-388,0,0
61480,mtk,MTK 7916,862511847,rx0-tx0,512,-330,-932,-1045,-636,-809,-917,-926,-852,-688,-469,-218,64,340,575,761,872,909,867,743,548,298,33,-234,-486,-685,-837,-905,-896,-799,-626,-410,-137,135,406,639,812,910,918,852,705,494,236,-59,-327,-570,-770,-892,-935,-880,-754,-559,-307,-27,252,505,700,840,905,874,774,607,387,136,-130,-378,-597,-759,-849,-860,-798,-670,-476,-240,22,275,507,695,821,863,826,715,544,316,60,-194,-440,-645,-776,-828,-816,-715,-555,-347,-98,147,361,546,675,738,739,666,539,357,157,-47,-247,-418,-553,-631,-654,-624,-542,-410,-243,-70,110,294,438,534,599,611,560,465,331,174,-6,-183,-350,-26,-576,-610,-597,-530,-416,-265,-88,108,289,450,561,620,634,587,475,335,147,-66,-258,-433,-573,-653,-675,-637,-531,-371,-178,31,241,429,576,665,693,645,549,402,204,-4,-215,-398,-557,-660,-699,-664,-571,-423,-238,-14,204,408,564,678,721,686,594,434,239,-2,-237,-436,-596,-704,-732,-680,-552,-374,-159,81,304,495,616,672,651,560,419,222,20,-171,-329,-462,-523,-523,-474,-375,-250,-109,34,164,266,323,355,353,311,251,170,77,-12,-96,-167,-212,-249,-262,-242,-205,-156,-85,-16,58,125,179,218,237,228,193,127,53,-35,-114,-181,-220,-224,-188,-117,-28,46,-175,-484,510,643,624,-153,-123,-68,4,89,162,213,229,218,175,115,40,-45,-119,-182,-234,-264,-266,-242,-194,-126,-36,54,150,249,315,360,381,352,286,178,54,-92,-247,-383,-493,-550,-555,-494,-374,-204,0,212,416,579,701,744,714,592,389,158,-119,-387,-619,-798,-894,-889,-792,-604,-330,-28,272,565,801,954,1002,950,791,547,237,-99,-425,-705,-918,-1025,-1021,-931,-744,-469,-158,175,493,746,935,1022,1006,898,697,428,112,-205,-502,-750,-919,-996,-985,-876,-684,-423,-122,188,471,714,886,975,968,858,678,431,135,-168,-439,-687,-860,-948,-951,-852,-684,-449,-169,132,407,640,822,916,301,851,696,481,229,-48,-316,-570,-763,-880,-919,-878,-767,-576,-332,-61,233,492,720,882,957,961,860,676,421,135,-171,-463,-711,-880,-975,-986,-902,-733,-500,-222,81,369,631,833,961,1003,961,824,610,357,56,-255,-540,-786,-956,-1055,-1042,-934,-753,-487,-176,150,473,752,957,1091,1118,1030,851,592,268,-90,-424,-730,-973,-1109,-1147,-1076,-898,-648,-319,34,370,671,912,1063,1107,1050,892,658,363,45,-282,-576,-813,-975,-1036,-1007,-891,-695,-432,-134,169,452,695,866,971,979,881,720,498,227,-59,-341,-593,-789,-914,-947,-898,-764,-567,-323,-43,238,503,717,861,930,916,807,390,533,-82,-489,-184,-662,-447,-181,105,380,617,787,894,928,855,708,502,255,-9,-282,-532,-728,-856,-898,-873,-762,-583,-357,-88,183,455,661,822,905,907,830,666,448,185,-89,-359,-607,-793,-915,-939,-870,-736,-526,-267,21,297,541,740,878,928,889,768,576,349,75,-201,-443,-648,-792,-867,-862,-785,-639,-428,-179,80,328,545,723,831,864,816,695,513,282,24,-240,-473,-668,-798,-845,-823,-728,-553,-325,-77,170,406,593,735,800,776,686,544,347,131,-94,-305,-485,-613,-680,-697,-645,-537,-384,-200,-9,180,354,494,580,617,619,558,435,290,123,-63,-241,-394,-504,-580,-608,-584,-509,628,-212,-41,137,315,461,565,622,622,565,454,297,122,-67,-264,-432,-558,-652,-666,-617,-520,-358,-167,42,247,433,574,661,683,645,536,380,181,-26,-229,-403,-561,-663,-694,-649,-558,-417,-227,-10,207,396,547,655,699,669,573,430,237,13,-205,-404,-566,-679,-735,-692,-579,-415,-205,25,258,463,605,695,704,634,499,304,90,-134,-330,-494,-588,-603,-559,-474,-337,-153,25,190,319,403,444,439,388,296,190,86,-30,-130,-211,-275,-303,-300,-274,-220,-160,-92,-7,71,133,188,223,236,231,200,149,87,12,-66,-142,-196,-229,-234,-206,-150,-70,23,110,170,186,164,-1043,-942,-82,100,-92,56,126,177,201,191,147,80,3,-79,-155,-211,-245,-247,-218,-177,-114,-29,56,140,208,267,300,306,292,238,150,52,-68,-191,-304,-391,-448,-467,-436,-344,-209,-38,141,321,479,594,647,634,544,395,193,-43,-287,-526,-695,-803,-832,-757,-603,-377,-95,203,487,737,902,958,927,797,573,278,-44,-367,-656,-876,-1000,-1019,-934,-762,-502,-182,149,458,733,926,1023,1025,909,706,439,125,-190,-485,-741,-923,-1010,-990,-873,-679,-405,-111,197,491,732,905,988,971,866,681,425,131,-180,-464,-704,-883,-969,-951,-856,-688,-429,-150,154,431,666,846,940,940,848,689,462,184,-176,-374,-600,-779,-892,-922,-865,-730,-520,-272,5,276,527,738,873,940,917,804,627,375,101,-190,-480,-717,-890,-982,-983,-892,-706,-459,-178,130,425,673,859,970,992,926,788,566,290,-13,-311,-586,-800,-956,-1036,-1000,-881,-680,-423,-124,203,498,765,964,1065,1077,989,800,540,229,-119,-454,-739,-965,-1107,-1137,-1058,-891,-625,-297,51,406,712,949,1101,1128,1061,895,650,336,1,-331,-632,-866,-1019,-1072,-1029,-885,-666,-388,-81,227,514,755,925,1003,992,889,704,466,193,-116,-402,-641,-831,-941,-961,-901,-759,-542,-279,7,282,538,736,876,934,910,802,609,363,86,-201,-473,628,474
61481,mtk,MTK 7916,862511847,rx0-tx1,512,-686,-758,-786,-722,-688,-596,-440,-246,-27,187,385,543,648,678,657,575,436,268,71,-130,-312,-462,-551,-606,-607,-555,-462,-319,-151,21,186,335,455,542,576,563,506,406,272,115,-50,-210,-367,-492,-573,-605,-593,-519,-398,-254,-74,109,290,452,581,652,664,620,516,362,169,-47,-251,-441,-584,-683,-717,-688,-586,-428,-235,-9,211,406,572,682,733,716,618,478,290,75,-152,-358,-534,-658,-721,-710,-638,-512,-330,-127,86,294,470,598,676,685,638,533,375,190,-15,-219,-399,-541,-633,-670,-638,-552,-422,-250,-55,146,330,479,596,658,645,583,469,301,108,-90,-283,-456,-580,-646,-38,-608,-494,-334,-143,71,273,445,583,649,665,618,503,347,151,-52,-249,-432,-575,-652,-665,-622,-512,-352,-159,49,254,427,566,640,655,602,494,333,145,-60,-250,-425,-544,-610,-613,-562,-456,-300,-120,60,234,383,496,561,560,500,405,271,114,-42,-200,-334,-430,-491,-498,-458,-376,-266,-130,13,147,272,380,443,458,430,366,261,143,4,-140,-266,-353,-423,-436,-404,-343,-243,-106,28,152,263,343,392,392,361,284,174,60,-60,-176,-270,-330,-352,-342,-285,-205,-105,13,122,211,281,319,315,274,191,93,-17,-124,-213,-267,-283,-254,-183,-86,23,117,181,199,166,-324,-522,0,-237,-223,83,160,201,200,164,93,4,-87,-166,-236,-258,-241,-196,-125,-37,47,137,205,251,260,235,190,124,44,-45,-123,-182,-228,-240,-236,-200,-138,-73,7,78,139,180,193,200,185,150,114,68,22,-30,-75,-102,-133,-147,-153,-154,-143,-121,-92,-55,-6,48,105,152,190,205,208,191,151,96,22,-40,-103,-168,-219,-238,-236,-224,-186,-126,-66,-1,78,148,195,226,239,247,227,185,120,50,-25,-114,-193,-252,-293,-308,-299,-263,-187,-96,7,111,208,287,344,366,347,298,219,118,16,-98,-212,-300,-357,-388,-379,-335,-267,-163,-42,75,199,297,368,410,415,379,-48,213,91,-46,-172,-288,-375,-438,-462,-439,-379,-282,-159,3,157,295,411,491,524,505,438,339,195,25,-148,-299,-432,-524,-554,-545,-475,-364,-223,-66,101,256,402,504,560,558,516,439,301,138,-34,-196,-354,-492,-571,-596,-579,-515,-396,-238,-63,121,296,447,573,642,643,595,491,335,147,-61,-264,-444,-590,-686,-720,-676,-576,-421,-222,-5,230,427,591,719,755,728,635,478,269,31,-195,-411,-591,-707,-760,-742,-652,-499,-304,-83,155,372,548,681,742,734,670,535,347,131,-97,-311,-498,-651,-732,-743,-688,-562,-393,-181,42,262,469,621,716,740,694,581,418,218,-54,-145,9,-225,-1,-8,206,404,568,674,709,677,580,437,246,37,-165,-354,-501,-594,-648,-629,-561,-437,-286,-116,71,245,397,508,576,587,556,475,364,215,49,-122,-279,-415,-514,-571,-578,-545,-464,-335,-177,-13,159,333,465,568,622,622,573,469,316,128,-69,-267,-447,-587,-683,-704,-665,-557,-402,-211,5,224,425,583,695,739,704,611,457,261,45,-183,-384,-551,-672,-729,-711,-629,-490,-309,-95,127,328,502,628,694,701,641,513,346,147,-61,-255,-432,-567,-654,-679,-639,-541,-397,-220,-16,189,365,516,616,660,640,561,441,283,86,-120,-305,-474,-595,-654,-655,-599,-484,-318,-136,634,279,448,573,654,671,614,507,343,146,-50,-256,-433,-569,-653,-664,-618,-515,-351,-152,49,248,431,564,645,662,610,505,349,155,-52,-253,-428,-555,-626,-633,-583,-477,-319,-139,55,239,402,519,574,584,534,432,289,118,-64,-219,-355,-458,-512,-521,-487,-393,-275,-126,33,184,311,404,459,469,434,375,274,142,3,-136,-264,-361,-423,-454,-433,-357,-258,-138,5,135,257,364,421,420,385,312,214,91,-40,-162,-272,-338,-372,-371,-333,-250,-144,-29,92,201,274,325,332,303,244,161,53,-60,-163,-246,-287,-297,-267,-201,-106,6,116,199,244,244,198,123,26,-54,-731,-604,0,-23,-131,143,99,18,-70,-154,-215,-236,-220,-177,-103,-5,84,161,222,247,251,223,160,83,-13,-97,-168,-220,-252,-252,-222,-169,-96,-13,64,140,190,219,226,204,167,107,52,-2,-64,-112,-141,-162,-162,-162,-135,-116,-84,-48,-15,21,63,102,135,164,186,189,170,132,80,24,-34,-107,-166,-212,-234,-231,-216,-174,-107,-33,31,98,162,205,223,239,232,193,144,86,25,-47,-125,-194,-241,-264,-278,-270,-226,-162,-82,9,103,199,276,322,343,331,281,208,113,1,-109,-213,-298,-349,-372,-371,-320,-236,-138,-26,95,204,302,373,402,402,362,281,182,62,-64,-189,-1135,-374,-426,-438,-406,-341,-241,-123,17,159,288,392,470,503,477,413,308,172,16,-153,-301,-427,-516,-551,-526,-459,-351,-200,-39,128,290,420,511,556,549,496,401,261,107,-62,-218,-376,-501,-568,-578,-547,-478,-353,-185,-12,165,334,481,571,617,611,543,439,285,101,-93,-278,-454,-584,-666,-681,-637,-538,-385,-197,25,243,436,595,698,742,713,603,459,249,14,-210,-428,-601,-725,-767,-742,-651,-489,-278,-50,184,399,574,695,755,746,655,512,322,99,-120,-330,-518,-654,-730,-741,-681,-563,-387,-165,63,290,481,629,720,736,694,578,408,203,-21,-249,-449,-604,-701,197,156
61482,mtk,MTK 7916,862511847,rx1-tx0,512,0,-220,-428,-276,-127,32,198,344,464,554,581,574,504,392,244,66,-125,-303,-476,-598,-671,-690,-634,-525,-368,-161,76,304,514,671,766,802,753,631,444,204,-58,-314,-552,-739,-861,-893,-835,-696,-497,-250,38,320,573,768,890,926,877,740,530,267,-11,-289,-540,-735,-869,-920,-884,-750,-568,-327,-63,202,460,666,818,894,874,785,634,420,154,-123,-377,-611,-789,-895,-904,-833,-690,-479,-216,59,339,571,752,866,904,842,708,509,256,-11,-284,-525,-705,-844,-878,-835,-708,-516,-275,-16,249,479,668,779,816,779,663,491,264,27,-205,-419,-589,-691,-733,-689,-595,-448,-255,-59,-277,331,472,561,611,600,538,429,281,119,-43,-205,-345,-450,-513,-542,-524,-460,-356,-223,-65,85,227,360,459,518,526,493,425,308,171,24,-142,-298,-419,-505,-551,-548,-505,-413,-289,-131,51,224,378,503,587,637,609,528,403,227,29,-177,-385,-554,-687,-741,-735,-646,-483,-270,-27,236,486,674,802,854,813,678,460,204,-91,-364,-600,-769,-860,-840,-723,-535,-301,-35,230,469,649,738,757,704,568,370,155,-67,-283,-459,-579,-643,-625,-541,-413,-240,-51,138,300,429,516,534,489,403,273,114,-58,-211,-344,-438,-465,-432,-352,-220,-53,109,249,340,367,327,230,109,555,339,0,-503,-868,51,50,41,19,-8,-35,-60,-73,-87,-85,-72,-52,-27,5,34,72,98,110,112,108,88,62,26,-20,-55,-82,-119,-138,-144,-143,-123,-96,-52,0,54,106,152,193,219,219,190,151,95,8,-74,-158,-237,-290,-324,-323,-283,-215,-116,8,143,274,366,438,471,425,337,208,41,-121,-287,-406,-490,-544,-515,-415,-293,-121,66,233,388,491,545,543,478,364,213,33,-132,-305,-432,-506,-524,-492,-407,-283,-129,24,168,298,391,439,441,404,324,214,100,-20,-133,-218,-294,-326,-344,-336,-298,-238,-162,-70,26,100,177,246,300,333,342,321,271,192,91,-18,-137,489,-326,-386,-417,-405,-360,-272,-148,-16,122,259,365,450,488,471,413,320,194,45,-112,-261,-388,-473,-515,-511,-461,-363,-229,-78,86,240,377,480,542,549,498,402,271,116,-59,-219,-350,-469,-530,-546,-518,-438,-316,-168,-6,148,294,420,498,534,534,477,378,254,108,-46,-198,-346,-454,-528,-563,-548,-478,-379,-235,-54,116,289,456,568,641,647,580,469,315,122,-93,-304,-483,-617,-689,-687,-625,-489,-311,-104,114,313,482,597,655,648,579,456,282,106,-69,-239,-387,-496,-553,-563,-521,-443,-321,-175,-21,135,266,380,453,503,504,462,381,276,139,-10,-156,-285,-390,803,431,0,561,389,470,531,550,521,443,339,187,20,-154,-328,-466,-572,-627,-624,-575,-468,-304,-120,96,301,479,621,724,750,703,587,401,186,-58,-308,-526,-706,-823,-851,-798,-666,-476,-235,41,313,557,745,876,921,861,723,516,261,-22,-306,-562,-764,-883,-918,-873,-744,-545,-302,-30,254,505,703,845,894,873,768,590,371,105,-165,-411,-624,-798,-893,-895,-816,-669,-458,-195,82,347,581,769,879,911,850,701,492,241,-37,-313,-552,-746,-862,-889,-841,-703,-520,-277,0,263,501,689,806,847,806,687,503,271,24,-224,-443,-621,-732,-760,-726,-632,-470,-270,-41,186,380,546,642,671,315,565,428,271,92,-96,-272,-420,-516,-564,-568,-528,-442,-315,-168,-16,141,283,399,488,531,522,480,395,271,122,-37,-189,-332,-449,-514,-547,-533,-464,-356,-227,-65,98,256,396,495,564,581,546,468,343,185,2,-202,-372,-525,-636,-677,-667,-591,-454,-270,-44,191,425,612,739,800,786,672,483,249,-27,-299,-548,-734,-840,-863,-772,-611,-385,-121,164,420,633,765,818,768,648,449,214,-25,-263,-473,-611,-676,-683,-617,-483,-305,-99,114,293,446,543,581,550,470,345,185,-3,-171,-318,-430,-491,-492,-434,-340,-194,-27,133,276,388,434,408,323,190,34,-114,-226,-269,345,538,0,925,612,-9,-31,-54,-72,-75,-70,-53,-28,-1,33,60,78,96,99,94,82,53,20,-10,-46,-78,-103,-123,-130,-116,-107,-77,-34,6,52,94,131,161,177,172,151,118,75,16,-54,-125,-182,-243,-273,-264,-245,-185,-107,-8,101,204,292,366,396,383,314,214,95,-65,-229,-350,-451,-490,-486,-420,-305,-178,-9,186,338,455,534,537,497,395,245,73,-113,-280,-416,-512,-539,-521,-454,-322,-168,6,167,313,420,481,485,447,361,242,106,-33,-164,-279,-349,-382,-384,-351,-297,-216,-115,-22,82,166,233,281,318,319,297,268,208,139,48,-44,-142,-233,-313,-360,-383,-366,-571,-230,-131,-6,123,248,357,424,446,441,390,301,181,26,-125,-263,-381,-464,-504,-495,-440,-344,-207,-61,103,254,389,481,529,528,477,382,254,99,-73,-235,-373,-475,-537,-550,-501,-425,-300,-136,21,181,326,442,516,534,510,451,350,209,62,-97,-254,-379,-476,-531,-541,-509,-428,-308,-169,-8,169,323,447,559,603,586,537,425,279,103,-106,-299,-461,-592,-669,-677,-619,-495,-327,-116,102,316,496,614,681,674,606,474,298,100,-102,-291,-453,-561,-604,-602,-546,-440,-296,-134,36,197,333,445,502,529,506,443,345,218,83,-69,-208,-332,-428,-490,-504,-483,-421,-320,639,939
61483,mtk,MTK 7916,862511847,rx1-tx1,512,0,0,0,-89,215,487,646,656,528,284,-33,-339,-570,-674,-629,-453,-180,133,412,599,642,537,322,38,-249,-473,-579,-552,-392,-148,121,364,518,545,436,233,-23,-273,-463,-542,-482,-309,-63,203,415,532,523,382,155,-118,-362,-518,-562,-473,-265,6,279,494,599,569,411,153,-146,-406,-577,-629,-527,-303,-20,272,501,613,589,423,169,-127,-391,-559,-605,-507,-292,-10,268,487,592,568,414,157,-142,-403,-573,-614,-512,-297,-22,267,498,611,582,432,189,-98,-369,-546,-604,-543,-359,-84,202,432,571,585,463,244,-22,-273,-464,-556,-521,-372,-154,95,310,447,491,426,263,55,0,-310,-396,-390,-292,-127,54,203,301,319,248,124,-24,-174,-269,-286,-226,-111,36,177,283,323,271,145,-14,-185,-320,-386,-356,-244,-68,141,326,437,460,373,193,-36,-264,-447,-547,-519,-373,-138,134,381,552,608,536,345,71,-229,-485,-633,-656,-538,-292,17,331,581,705,690,533,252,-90,-415,-655,-760,-707,-516,-214,145,471,694,785,720,509,192,-160,-481,-703,-776,-695,-483,-177,158,449,652,718,644,450,167,-135,-395,-576,-638,-572,-396,-153,104,335,501,561,506,360,155,-72,-274,-417,-474,-440,-327,-167,13,184,317,392,395,336,234,106,-26,-135,-208,-244,-243,0,0,0,0,0,-159,-63,55,189,320,423,474,448,342,177,-31,-251,-448,-572,-601,-527,-354,-104,172,421,604,678,626,448,183,-119,-405,-619,-719,-677,-487,-200,132,447,674,758,683,463,145,-210,-535,-755,-811,-691,-426,-57,331,655,843,861,690,360,-44,-436,-743,-908,-881,-662,-309,119,543,845,959,870,598,192,-247,-637,-890,-948,-796,-474,-52,384,735,928,908,685,318,-122,-546,-844,-956,-852,-550,-127,323,708,939,959,766,399,-70,-523,-868,-1027,-954,-670,-226,275,718,1009,1093,936,569,66,-454,-883,-1141,-1154,-911,-473,74,610,1020,1216,1155,851,368,-199,-725,-1096,-1227,-1092,-728,0,349,829,1127,1174,966,551,15,-520,-941,-1143,-1092,-809,-343,209,713,1056,1157,1003,628,104,-438,-888,-1145,-1148,-893,-440,115,648,1034,1192,1096,762,248,-321,-812,-1123,-1193,-1002,-582,-40,500,929,1153,1125,850,392,-155,-658,-1006,-1129,-988,-631,-145,361,780,1008,1006,785,381,-107,-568,-901,-1011,-879,-560,-109,372,772,993,986,751,346,-134,-588,-910,-1029,-916,-602,-155,330,741,986,1014,817,443,-21,-476,-825,-983,-924,-668,-272,167,561,828,910,786,496,110,-292,-609,-777,-761,-581,-286,66,395,626,697,604,378,69,-243,-492,-621,-599,-427,-161,140,405,578,608,490,260,-35,0,0,0,0,0,-646,-624,-458,-190,125,421,623,684,598,378,79,-235,-495,-642,-651,-520,-264,49,332,530,608,544,366,104,-176,-412,-552,-552,-416,-190,68,314,489,544,463,271,23,-231,-438,-536,-499,-348,-113,149,381,525,545,432,209,-62,-320,-511,-587,-525,-343,-72,218,459,599,599,465,227,-66,-351,-559,-635,-564,-372,-95,198,445,593,602,475,238,-45,-323,-526,-606,-544,-354,-82,206,446,584,590,460,223,-66,-338,-536,-616,-548,-362,-100,187,440,595,611,497,277,-8,-284,-499,-602,-570,-414,-169,113,361,522,567,494,316,69,-183,-395,-511,-512,-402,-213,16,231,386,445,0,277,101,-91,-251,-343,-357,-277,-131,30,175,275,299,245,126,-33,-177,-276,-300,-244,-121,29,180,304,352,308,188,12,-169,-323,-418,-412,-300,-118,97,307,457,505,441,275,41,-212,-431,-558,-568,-456,-242,33,315,528,633,603,443,182,-130,-414,-617,-696,-621,-416,-116,220,507,692,737,626,370,46,-285,-569,-744,-766,-630,-356,-14,332,617,773,767,613,346,13,-325,-601,-743,-728,-582,-329,-18,290,531,668,674,537,296,15,-257,-471,-585,-580,-467,-278,-44,200,396,501,508,422,251,46,-155,-313,-413,-443,-392,-275,-119,44,187,285,339,337,288,207,116,20,0,0,0,0,0,-252,-325,-358,-339,-266,-141,24,206,376,499,548,504,371,165,-84,-330,-522,-628,-629,-508,-290,-12,283,529,683,701,579,344,43,-276,-543,-707,-727,-594,-331,1,334,609,766,760,578,272,-93,-445,-708,-835,-787,-564,-212,190,554,813,902,796,522,136,-288,-658,-897,-937,-775,-453,-45,390,738,925,919,708,345,-98,-525,-826,-941,-868,-599,-195,251,643,887,934,783,445,0,-444,-781,-950,-906,-662,-262,194,618,910,995,854,531,76,-416,-815,-1034,-1034,-805,-397,114,611,974,1132,1053,744,270,-280,-773,-1097,-1200,-1051,-675,-144,414,885,1179,1223,995,557,9,-541,-980,0,-1155,-875,-398,166,681,1036,1172,1050,686,189,-352,-821,-1102,-1140,-921,-493,48,584,979,1158,1087,768,277,-284,-777,-1103,-1182,-999,-599,-64,492,941,1183,1159,879,418,-140,-667,-1040,-1189,-1077,-722,-215,325,799,1094,1139,936,526,9,-499,-887,-1069,-1010,-719,-275,232,681,963,1013,830,458,-11,-484,-841,-1005,-939,-653,-214,271,697,970,1020,837,467,-3,-465,-832,-1013,-965,-710,-301,183,616,906,1000,878,564,135,-323,-696,-915,-931,-740,-394,20,422,722,850,783,551,207,-170,-500,-703,-733,-597,-334,-7,312,551,656,598,404,120,-190,-449,-597,-598,-461,-214,94,378,566,624,0,0
61484,mtk,MTK 7916,862511847,rx2-tx0,512,0,0,0,93,597,979,1152,1073,743,234,-337,-846,-1174,-1249,-1048,-604,-23,568,1044,1292,1253,942,415,-204,-781,-1187,-1323,-1171,-751,-163,458,980,1278,1288,1011,508,-113,-707,-1131,-1297,-1171,-784,-212,411,932,1239,1267,998,500,-113,-694,-1114,-1284,-1155,-765,-206,403,916,1219,1240,975,494,-95,-664,-1075,-1231,-1102,-722,-176,397,867,1132,1139,874,408,-147,-666,-1020,-1130,-974,-582,-56,478,901,1108,1044,733,250,-294,-780,-1080,-1121,-895,-456,95,635,1032,1193,1076,706,169,-416,-914,-1207,-1230,-973,-487,116,698,1129,1313,1203,819,251,-375,-932,-1285,-1347,-1108,-624,-7,620,1108,1350,1293,950,397,-244,0,-1221,-1350,-1177,-741,-144,487,1010,1299,1299,1011,491,-139,-735,-1165,-1328,-1201,-798,-208,427,966,1296,1332,1064,568,-62,-690,-1170,-1393,-1311,-931,-346,319,923,1327,1437,1233,757,114,-560,-1114,-1428,-1430,-1119,-565,112,767,1253,1467,1371,975,367,-325,-944,-1342,-1450,-1255,-790,-157,516,1068,1385,1400,1107,580,-64,-692,-1168,-1386,-1308,-954,-394,246,826,1231,1380,1233,823,253,-360,-895,-1243,-1321,-1137,-725,-167,409,885,1176,1224,1024,621,107,-405,-815,-1055,-1081,-893,-540,-86,372,726,926,941,774,469,87,-293,-600,-787,-817,-699,-458,-151,165,438,623,695,649,507,306,83,-125,-285,-376,-402,0,0,0,0,0,-409,-439,-407,-295,-116,105,338,542,672,699,605,397,101,-228,-528,-748,-835,-767,-548,-212,179,553,824,940,883,646,258,-194,-615,-929,-1061,-973,-677,-232,266,734,1064,1172,1039,688,185,-372,-867,-1184,-1257,-1068,-647,-89,496,992,1291,1314,1060,581,-34,-644,-1122,-1372,-1337,-1008,-458,185,785,1220,1399,1281,890,312,-334,-898,-1267,-1365,-1175,-734,-139,475,981,1261,1260,991,512,-76,-642,-1044,-1208,-1104,-753,-242,309,785,1077,1114,895,483,-38,-547,-922,-1082,-984,-661,-180,340,779,1042,1066,838,410,-113,-617,-989,-1134,-1024,-673,-158,392,859,1147,1177,946,497,-78,-643,-1059,-1241,-1153,0,-278,322,852,1194,1264,1053,601,13,-580,-1047,-1281,-1223,-888,-352,267,834,1220,1328,1129,671,63,-563,-1078,-1352,-1323,-995,-434,226,837,1275,1429,1265,812,178,-497,-1062,-1393,-1419,-1128,-583,88,742,1225,1427,1313,916,317,-352,-933,-1299,-1370,-1137,-645,-14,606,1081,1309,1229,872,328,-292,-833,-1180,-1243,-1020,-579,-7,565,996,1186,1100,767,266,-291,-777,-1078,-1127,-914,-493,35,539,918,1073,977,667,212,-289,-713,-959,-977,-767,-386,79,512,810,915,801,490,76,-344,-682,-850,-800,-557,-182,233,592,808,823,633,289,-127,-515,-788,-870,-739,-424,0,432,773,935,877,611,188,-291,0,0,0,0,0,-1098,-951,-578,-58,484,934,1188,1176,899,420,-160,-720,-1128,-1290,-1170,-789,-221,398,927,1251,1304,1066,595,-16,-626,-1096,-1316,-1237,-887,-337,288,847,1215,1305,1103,655,55,-558,-1041,-1282,-1229,-901,-363,259,812,1180,1278,1085,640,52,-550,-1026,-1260,-1207,-881,-351,259,803,1154,1236,1044,616,51,-525,-974,-1195,-1131,-808,-304,270,771,1082,1136,927,501,-40,-562,-949,-1110,-1002,-657,-156,387,839,1087,1075,810,347,-209,-715,-1063,-1164,-986,-578,-31,535,991,1219,1163,838,317,-274,-819,-1193,-1296,-1102,-658,-61,560,1052,1307,1287,985,448,-192,-782,-1202,-1361,-1218,-806,-204,439,978,1305,1339,0,580,-46,-661,-1125,-1338,-1247,-882,-319,310,870,1234,1321,1109,646,34,-583,-1072,-1321,-1276,-946,-398,244,838,1249,1383,1207,749,128,-517,-1056,-1381,-1394,-1096,-556,111,755,1232,1452,1352,955,348,-341,-957,-1358,-1465,-1253,-775,-125,553,1110,1430,1440,1135,577,-100,-738,-1220,-1444,-1351,-962,-367,293,888,1297,1415,1225,781,179,-466,-1007,-1336,-1377,-1120,-623,-3,613,1095,1340,1304,1000,501,-92,-666,-1091,-1281,-1211,-897,-416,135,651,1020,1167,1083,787,346,-147,-599,-919,-1037,-950,-683,-298,126,515,790,892,824,608,284,-78,-401,-642,-757,-733,-593,-364,-83,187,398,533,584,542,430,283,125,0,0,0,0,0,38,-124,-291,-446,-559,-595,-538,-387,-152,130,412,637,760,752,605,339,-8,-371,-671,-852,-876,-731,-432,-32,385,738,957,986,814,472,19,-455,-847,-1084,-1099,-872,-467,46,571,987,1202,1166,892,423,-150,-698,-1110,-1306,-1219,-868,-334,272,836,1222,1355,1209,803,223,-416,-976,-1327,-1393,-1170,-692,-73,549,1064,1357,1352,1054,536,-85,-685,-1127,-1330,-1242,-885,-344,268,810,1159,1251,1066,654,98,-466,-915,-1152,-1123,-838,-374,165,661,998,1100,949,572,70,-443,-852,-1062,-1025,-748,-298,225,703,1020,1105,933,536,15,-512,-939,-1153,-1110,-808,-319,243,762,1120,1225,1059,655,96,-484,0,-1226,-1222,-937,-438,158,724,1136,1292,1148,750,186,-430,-953,-1262,-1287,-1018,-515,114,716,1158,1352,1236,837,247,-407,-974,-1329,-1391,-1141,-634,20,673,1179,1428,1354,980,385,-295,-912,-1325,-1442,-1237,-758,-113,556,1089,1375,1362,1044,495,-162,-775,-1198,-1346,-1191,-770,-179,446,958,1240,1238,953,449,-143,-696,-1089,-1226,-1073,-676,-133,433,897,1148,1124,848,385,-159,-661,-999,-1106,-962,-597,-97,413,815,1020,985,731,313,-176,-611,-887,-949,-789,-449,-10,421,734,870,799,528,131,-290,-637,-822,-801,-588,-233,181,552,795,844,684,354,-69,-484,-788,-900,-796,-504,-82,375,750,958,947,0,0
61485,mtk,MTK 7916,862511847,rx2-tx1,512,0,0,0,-842,-1074,-1071,-828,-400,124,624,996,1152,1050,714,223,-315,-779,-1069,-1124,-934,-537,-22,492,888,1078,1034,755,317,-185,-644,-950,-1035,-885,-536,-72,398,766,955,916,661,257,-205,-611,-861,-910,-737,-378,64,493,805,917,811,512,84,-376,-761,-964,-934,-691,-276,214,654,953,1036,869,505,20,-482,-883,-1080,-1028,-730,-263,272,742,1056,1139,949,529,-18,-563,-985,-1195,-1141,-811,-283,311,842,1204,1298,1102,659,67,-552,-1060,-1341,-1333,-1040,-510,139,755,1202,1388,1286,904,329,-314,-879,-1262,-1372,-1178,-734,-145,460,966,1269,1295,1041,570,-14,-578,-1001,-1198,-1139,-845,-375,159,635,0,1061,940,615,169,-289,-663,-869,-867,-679,-343,62,433,684,759,661,410,65,-291,-562,-690,-647,-448,-138,197,487,656,647,485,202,-143,-455,-659,-704,-567,-283,79,445,726,837,756,492,99,-337,-721,-961,-993,-807,-426,66,561,959,1169,1123,837,371,-200,-744,-1135,-1297,-1189,-827,-293,317,877,1263,1384,1224,813,234,-402,-956,-1323,-1430,-1240,-800,-208,429,971,1314,1404,1214,786,220,-370,-875,-1195,-1276,-1111,-737,-236,298,748,1028,1097,949,629,207,-242,-620,-849,-907,-788,-519,-165,199,505,706,761,674,471,188,-117,-373,-558,-645,-611,-477,-281,-62,143,303,399,431,400,322,0,0,0,0,0,308,214,75,-101,-288,-449,-553,-574,-503,-355,-142,111,352,530,615,592,456,232,-40,-311,-517,-624,-608,-467,-226,62,342,553,648,606,433,165,-145,-431,-628,-689,-612,-398,-86,248,538,721,754,618,345,1,-352,-641,-783,-760,-578,-263,111,463,724,833,752,508,153,-237,-588,-804,-842,-698,-408,-23,367,682,850,834,634,289,-114,-495,-768,-867,-778,-518,-143,259,603,813,839,672,359,-32,-418,-700,-830,-779,-545,-188,208,560,792,839,702,405,14,-382,-699,-859,-828,-622,-273,137,515,778,872,768,487,108,-293,-630,-827,-838,-667,-340,65,452,735,854,782,533,163,0,-585,-799,-841,-686,-381,-5,382,684,824,775,554,215,-172,-514,-731,-779,-646,-354,16,372,649,767,694,462,118,-264,-582,-762,-774,-603,-285,112,492,763,858,760,485,96,-318,-665,-867,-873,-680,-337,87,487,778,892,796,515,119,-296,-649,-845,-843,-649,-300,127,524,790,873,756,452,33,-384,-715,-885,-842,-599,-211,232,628,882,934,770,415,-36,-483,-826,-981,-918,-641,-199,286,709,980,1036,855,479,-8,-494,-879,-1076,-1027,-749,-304,208,672,982,1074,921,565,83,-408,-802,-1018,-1006,-762,-342,145,598,919,1021,889,558,95,-396,-787,-998,-984,-743,-322,168,619,935,0,0,0,0,0,694,237,-283,-751,-1050,-1116,-942,-562,-53,472,891,1122,1103,838,394,-135,-639,-993,-1122,-1001,-663,-185,330,769,1033,1054,836,436,-53,-519,-860,-999,-908,-610,-175,286,679,904,909,700,321,-135,-551,-828,-907,-769,-443,-6,441,789,951,879,594,163,-306,-712,-968,-994,-777,-385,97,573,927,1064,951,620,139,-379,-817,-1075,-1081,-842,-393,156,674,1034,1163,1031,659,124,-448,-934,-1222,-1231,-958,-463,142,717,1147,1341,1240,859,286,-355,-926,-1292,-1383,-1183,-725,-102,536,1050,1351,1355,1061,545,-75,-684,-1138,-1340,-1257,-908,-373,238,784,1149,1265,1115,725,190,-368,-825,-1098,-1128,-917,0,-32,453,815,970,908,653,270,-161,-534,-766,-819,-673,-374,-7,347,612,723,651,428,106,-239,-518,-664,-645,-460,-170,163,456,635,657,519,242,-110,-447,-686,-763,-650,-379,2,410,741,914,881,638,245,-228,-675,-986,-1097,-977,-631,-141,393,877,1183,1232,1026,600,34,-549,-1035,-1303,-1301,-1045,-559,56,659,1135,1390,1354,1047,530,-93,-706,-1182,-1413,-1359,-1039,-514,103,680,1118,1341,1299,998,511,-56,-588,-990,-1183,-1133,-873,-464,20,483,825,988,955,737,387,-19,-397,-680,-825,-796,-615,-335,-8,312,552,682,686,568,360,104,-163,-386,-517,-558,-517,-410,-256,-93,51,167,0,0,0,0,0,279,395,475,497,444,323,142,-79,-300,-482,-587,-598,-502,-311,-69,190,429,585,625,547,355,96,-184,-438,-605,-637,-540,-331,-49,248,499,650,663,533,284,-32,-351,-590,-718,-695,-517,-222,123,454,689,773,688,466,133,-242,-563,-766,-808,-673,-389,-22,359,664,824,802,606,286,-105,-484,-753,-854,-779,-534,-167,244,600,824,861,710,412,18,-377,-684,-843,-813,-604,-265,145,515,759,835,729,460,76,-322,-647,-819,-809,-621,-292,103,482,754,859,773,518,148,-266,-622,-830,-862,-704,-386,15,411,716,855,810,592,234,-179,-542,-780,-849,-727,-437,-48,344,663,840,0,620,281,-126,-497,-750,-839,-745,-482,-114,272,595,778,777,600,289,-85,-438,-686,-771,-667,-406,-49,320,608,764,740,530,188,-195,-542,-772,-825,-683,-380,14,415,727,877,830,590,209,-216,-587,-827,-890,-749,-430,-21,391,710,872,833,592,211,-214,-586,-820,-861,-704,-377,46,455,757,883,799,524,125,-314,-686,-893,-894,-689,-322,129,555,847,956,846,530,83,-389,-779,-991,-975,-745,-340,155,624,950,1066,948,611,142,-363,-795,-1052,-1068,-847,-444,60,547,907,1062,981,676,226,-273,-705,-971,-1018,-835,-456,24,498,858,1019,942,650,208,-282,-710,-975,-1024,-836,-452,0,0
61486,mtk,MTK 7916,862520632,rx0-tx0,512,0,0,0,0,0,0,0,0,0,0,0,0,0,0,0,0,0,0,0,0,0,0,0,0,0,0,0,0,0,0,0,0,0,0,0,0,0,0,0,0,0,0,0,0,0,0,0,0,0,0,0,0,0,0,0,0,0,0,0,0,0,0,0,0,0,0,0,0,0,0,0,0,0,0,0,0,0,0,0,0,0,0,0,0,0,0,0,0,0,0,0,0,0,0,0,0,0,0,0,0,0,0,0,0,0,0,0,0,0,0,0,0,0,0,0,0,0,0,0,0,0,0,0,0,0,0,0,0,0,0,0,0,0,0,0,0,0,0,0,0,0,0,0,0,0,0,0,0,0,0,0,0,0,0,0,0,0,0,0,0,0,0,0,0,0,0,0,0,0,0,0,0,0,0,0,0,0,0,0,0,0,0,0,0,0,0,0,0,0,0,0,0,0,0,0,0,0,0,0,0,0,0,0,0,0,0,0,0,0,0,0,0,0,0,0,0,0,0,0,0,0,0,0,0,0,0,0,0,0,0,0,0,0,0,0,0,0,0,0,0,0,0,0,0,0,0,0,0,0,0,0,0,0,0,0,0,-26,-421,-312,71,221,353,410,376,270,109,-71,-245,-385,-483,-520,-500,-426,-295,-129,60,267,438,590,683,701,647,526,335,88,-176,-441,-669,-840,-916,-904,-813,-629,-371,-72,237,546,802,977,1064,1045,935,729,461,156,-183,-501,-772,-976,-1095,-1115,-1045,-879,-645,-354,-38,284,584,829,1011,1103,1117,1044,880,637,348,36,-286,-586,-832,-1020,-1125,-1159,-1081,-927,-696,-401,-77,269,576,849,1061,1175,1196,1118,957,716,408,78,-268,-588,-851,-1036,-1146,-1162,-1083,-924,-683,-405,-90,222,508,761,937,1034,1060,999,884,697,459,194,-86,-353,-596,-786,-920,-988,-985,-914,-780,-586,-340,-80,184,-330,675,858,979,1027,1000,914,746,518,253,-39,-335,-611,-841,-1001,-1097,-1109,-1038,-886,-663,-376,-60,254,563,834,1037,1170,1214,1157,1007,773,477,135,-224,-576,-888,-1127,-1264,-1304,-1248,-1077,-815,-481,-113,270,617,918,1148,1282,1304,1223,1039,770,450,83,-280,-613,-896,-1110,-1231,-1253,-1168,-989,-736,-414,-56,294,611,886,1072,1172,1185,1092,908,644,329,-17,-348,-649,-895,-1060,-1132,-1104,-974,-767,-509,-193,143,446,718,931,1043,1063,981,805,558,265,-49,-357,-624,-822,-941,-961,-896,-745,-517,-249,39,329,574,761,870,892,813,644,411,121,-206,-514,-756,-902,-913,-748,-450,-74,248,-481,-513,0,0,0,0,0,0,0,0,0,0,0,0,0,0,0,0,0,0,0,0,0,0,0,0,0,0,0,0,0,0,0,0,0,0,0,0,0,0,0,0,0,0,0,0,0,0,0,0,0,0,0,0,0,0,0,0,0,0,0,0,0,0,0,0,0,0,0,0,0,0,0,0,0,0,0,0,0,0,0,0,0,0,0,0,0,0,0,0,0,0,0,0,0,0,0,0,0,0,0,0,0,0,0,0,0,0,0,0,0,0,0,0,0,0,0,0,0,0,0,0,0,0,0,0,0,0,0,0,0,0,0,0,0,0,0,0,0,0,0,0,0,0,0,0,0,0,0,0,0,0,0,0,0,0,0,0,0,0,0,0,0,0,0,0,0,0,0,0,0,0,0,0,0,0,0,0,0,0,0,0,0,0,0,0,0,0,0,0,0,0,0,0,0,0,0,0,0,0,0,0,0,0,0,0,0,0,0,0,0,0,0,0,0,0,0,0,0,0,0,0,0,0,0,0,0,0,0,0,0,0,0,0,0,0,0,0,0,0,0,0,0,0,0,0,0,0,0,0,0,0,0,0,0,0,0,0,628,292,411,290,263,148,-27,-208,-360,-448,-466,-414,-311,-167,10,184,347,482,560,601,561,462,316,106,-122,-345,-548,-714,-806,-819,-745,-586,-357,-73,212,494,741,918,998,992,891,676,405,88,-239,-545,-808,-988,-1095,-1098,-994,-806,-550,-237,90,407,698,920,1069,1126,1086,956,754,488,187,-127,-439,-721,-937,-1079,-1136,-1107,-986,-783,-521,-224,107,428,710,946,1100,1183,1158,1039,843,565,244,-97,-431,-727,-971,-1126,-1191,-1172,-1050,-844,-568,-255,88,400,684,907,1049,1122,1096,988,807,555,278,-21,-314,-569,-785,-929,-1008,-1018,-956,-818,-623,-390,-129,134,392,619,810,940,996,996,-82,769,552,303,26,-248,-515,-753,-927,-1040,-1074,-1029,-899,-700,-449,-158,153,451,717,935,1092,1159,1141,1038,839,577,279,-58,-397,-712,-981,-1168,-1263,-1257,-1152,-952,-660,-308,61,429,769,1039,1228,1321,1299,1163,942,640,286,-83,-450,-773,-1026,-1205,-1286,-1250,-1111,-890,-600,-267,92,446,753,1002,1167,1235,1180,1046,827,529,208,-138,-474,-761,-987,-1125,-1167,-1104,-950,-717,-422,-102,230,541,792,982,1089,1089,984,810,547,237,-85,-398,-667,-869,-986,-1019,-949,-783,-548,-266,35,321,585,782,894,922,855,695,474,202,-88,-375,-616,-795,-900,-895,-762,-522,-201,164,514,750,829,738,-170,-11
61487,mtk,MTK 7916,862520632,rx0-tx1,512,0,0,0,0,0,0,0,0,0,0,0,0,0,0,0,0,0,0,0,0,0,0,0,0,0,0,0,0,0,0,0,0,0,0,0,0,0,0,0,0,0,0,0,0,0,0,0,0,0,0,0,0,0,0,0,0,0,0,0,0,0,0,0,0,0,0,0,0,0,0,0,0,0,0,0,0,0,0,0,0,0,0,0,0,0,0,0,0,0,0,0,0,0,0,0,0,0,0,0,0,0,0,0,0,0,0,0,0,0,0,0,0,0,0,0,0,0,0,0,0,0,0,0,0,0,0,0,0,0,0,0,0,0,0,0,0,0,0,0,0,0,0,0,0,0,0,0,0,0,0,0,0,0,0,0,0,0,0,0,0,0,0,0,0,0,0,0,0,0,0,0,0,0,0,0,0,0,0,0,0,0,0,0,0,0,0,0,0,0,0,0,0,0,0,0,0,0,0,0,0,0,0,0,0,0,0,0,0,0,0,0,0,0,0,0,0,0,0,0,0,0,0,0,0,0,0,0,0,0,0,0,0,0,0,0,0,0,0,0,0,0,0,0,0,0,0,0,0,0,0,0,0,0,0,0,0,301,-755,-769,-331,-358,-270,-92,132,337,481,549,532,432,274,69,-146,-367,-549,-660,-718,-676,-548,-350,-96,177,453,680,820,882,848,713,505,224,-96,-392,-649,-834,-935,-928,-832,-668,-430,-166,104,372,600,758,856,887,830,716,546,332,85,-169,-410,-618,-777,-877,-900,-846,-726,-555,-311,-51,206,455,662,816,903,913,852,724,529,303,36,-233,-467,-675,-820,-897,-902,-832,-686,-504,-268,-25,229,460,636,774,847,856,791,670,499,307,75,-166,-379,-563,-702,-783,-799,-765,-676,-535,-343,-144,78,306,493,643,734,780,769,700,586,419,218,0,-222,-428,-600,-736,-805,-814,-768,510,-483,-264,-41,193,422,614,748,832,846,792,669,489,283,44,-201,-423,-615,-751,-821,-838,-784,-656,-484,-282,-51,203,427,609,743,818,824,765,631,460,258,14,-218,-425,-595,-721,-771,-766,-699,-573,-406,-207,-1,207,391,553,672,708,696,626,506,342,141,-56,-233,-397,-535,-599,-620,-594,-503,-384,-233,-67,90,244,369,445,492,497,452,371,266,144,9,-112,-224,-317,-378,-401,-388,-343,-274,-179,-70,48,138,220,285,311,312,275,206,139,64,-22,-95,-152,-192,-221,-219,-194,-167,-115,-53,1,50,99,125,145,154,130,104,82,30,-11,-55,-90,-109,-107,-97,-318,-534,0,0,0,0,0,0,0,0,0,0,0,0,0,0,0,0,0,0,0,0,0,0,0,0,0,0,0,0,0,0,0,0,0,0,0,0,0,0,0,0,0,0,0,0,0,0,0,0,0,0,0,0,0,0,0,0,0,0,0,0,0,0,0,0,0,0,0,0,0,0,0,0,0,0,0,0,0,0,0,0,0,0,0,0,0,0,0,0,0,0,0,0,0,0,0,0,0,0,0,0,0,0,0,0,0,0,0,0,0,0,0,0,0,0,0,0,0,0,0,0,0,0,0,0,0,0,0,0,0,0,0,0,0,0,0,0,0,0,0,0,0,0,0,0,0,0,0,0,0,0,0,0,0,0,0,0,0,0,0,0,0,0,0,0,0,0,0,0,0,0,0,0,0,0,0,0,0,0,0,0,0,0,0,0,0,0,0,0,0,0,0,0,0,0,0,0,0,0,0,0,0,0,0,0,0,0,0,0,0,0,0,0,0,0,0,0,0,0,0,0,0,0,0,0,0,0,0,0,0,0,0,0,0,0,0,0,0,0,0,0,0,0,0,0,0,0,0,0,0,0,0,0,0,0,0,0,-176,-138,107,-23,156,341,462,482,393,233,26,-197,-390,-537,-608,-617,-545,-390,-191,45,300,520,696,789,802,716,530,281,-6,-306,-580,-782,-915,-932,-851,-682,-447,-164,139,414,649,818,904,911,837,676,460,227,-34,-294,-511,-698,-819,-873,-863,-779,-628,-434,-187,66,316,538,725,858,910,885,795,635,429,178,-90,-352,-584,-752,-868,-922,-885,-782,-618,-399,-157,98,356,573,745,856,889,863,747,587,385,156,-81,-313,-524,-678,-779,-831,-798,-718,-597,-424,-215,10,221,419,591,713,774,789,732,623,469,284,76,-144,-348,-529,-674,-761,-792,-768,-682,-549,-360,-135,90,309,-82,683,785,831,825,738,578,385,160,-79,-314,-522,-682,-795,-845,-824,-732,-584,-382,-156,76,313,520,675,787,842,820,718,563,370,149,-84,-317,-515,-663,-777,-816,-778,-673,-525,-334,-118,91,312,492,629,710,733,702,607,461,275,63,-123,-310,-467,-595,-662,-660,-612,-519,-374,-194,-22,167,333,453,538,565,542,483,376,247,110,-42,-178,-292,-376,-430,-443,-416,-362,-276,-168,-50,65,166,251,319,360,353,313,255,164,69,-26,-117,-181,-221,-259,-265,-241,-191,-132,-64,12,64,116,162,180,176,164,127,82,44,-4,-51,-70,-110,-133,-130,-120,-86,-48,-7,18,-722,-579
61488,mtk,MTK 7916,862520632,rx1-tx0,512,0,0,0,0,0,0,0,0,0,0,0,0,0,0,0,0,0,0,0,0,0,0,0,0,0,0,0,0,0,0,0,0,0,0,0,0,0,0,0,0,0,0,0,0,0,0,0,0,0,0,0,0,0,0,0,0,0,0,0,0,0,0,0,0,0,0,0,0,0,0,0,0,0,0,0,0,0,0,0,0,0,0,0,0,0,0,0,0,0,0,0,0,0,0,0,0,0,0,0,0,0,0,0,0,0,0,0,0,0,0,0,0,0,0,0,0,0,0,0,0,0,0,0,0,0,0,0,0,0,0,0,0,0,0,0,0,0,0,0,0,0,0,0,0,0,0,0,0,0,0,0,0,0,0,0,0,0,0,0,0,0,0,0,0,0,0,0,0,0,0,0,0,0,0,0,0,0,0,0,0,0,0,0,0,0,0,0,0,0,0,0,0,0,0,0,0,0,0,0,0,0,0,0,0,0,0,0,0,0,0,0,0,0,0,0,0,0,0,0,0,0,0,0,0,0,0,0,0,0,0,0,0,0,0,0,0,0,0,0,0,0,0,0,0,0,0,0,0,0,0,0,0,0,0,0,0,-38,-116,106,-155,-105,-10,106,208,273,291,264,200,109,-4,-116,-213,-298,-356,-370,-349,-295,-199,-69,63,197,327,418,477,492,456,360,239,99,-69,-229,-373,-492,-562,-584,-559,-481,-361,-192,-5,180,357,511,627,693,688,636,532,373,181,-37,-258,-451,-618,-751,-818,-809,-740,-596,-401,-172,73,322,550,737,864,928,920,809,635,414,150,-133,-410,-646,-836,-960,-996,-957,-834,-645,-388,-115,167,447,671,862,971,992,962,838,646,409,132,-162,-432,-655,-842,-955,-988,-943,-818,-640,-407,-133,147,416,650,826,920,956,913,800,616,381,120,-138,-378,-589,-751,-853,-890,-853,-742,-686,-385,-154,74,295,487,642,757,803,787,704,580,417,221,18,-181,-363,-519,-639,-707,-715,-684,-599,-467,-313,-132,60,241,394,529,622,670,676,629,539,417,262,83,-91,-267,-435,-563,-650,-695,-698,-634,-527,-390,-205,-7,181,375,537,661,721,741,702,599,452,262,54,-157,-355,-522,-655,-743,-764,-716,-621,-478,-285,-74,144,357,536,673,765,780,733,622,462,265,38,-189,-405,-590,-720,-789,-789,-713,-568,-371,-143,107,351,559,716,800,791,710,548,343,104,-140,-365,-548,-661,-708,-679,-583,-428,-237,-14,202,388,536,616,638,575,431,222,-19,-261,-451,-534,-512,-617,-492,0,0,0,0,0,0,0,0,0,0,0,0,0,0,0,0,0,0,0,0,0,0,0,0,0,0,0,0,0,0,0,0,0,0,0,0,0,0,0,0,0,0,0,0,0,0,0,0,0,0,0,0,0,0,0,0,0,0,0,0,0,0,0,0,0,0,0,0,0,0,0,0,0,0,0,0,0,0,0,0,0,0,0,0,0,0,0,0,0,0,0,0,0,0,0,0,0,0,0,0,0,0,0,0,0,0,0,0,0,0,0,0,0,0,0,0,0,0,0,0,0,0,0,0,0,0,0,0,0,0,0,0,0,0,0,0,0,0,0,0,0,0,0,0,0,0,0,0,0,0,0,0,0,0,0,0,0,0,0,0,0,0,0,0,0,0,0,0,0,0,0,0,0,0,0,0,0,0,0,0,0,0,0,0,0,0,0,0,0,0,0,0,0,0,0,0,0,0,0,0,0,0,0,0,0,0,0,0,0,0,0,0,0,0,0,0,0,0,0,0,0,0,0,0,0,0,0,0,0,0,0,0,0,0,0,0,0,0,0,0,0,0,0,0,0,0,0,0,0,0,0,0,0,0,0,0,634,659,665,112,188,239,235,178,81,-32,-142,-231,-292,-323,-304,-261,-187,-80,37,152,260,362,416,422,396,322,209,78,-72,-231,-371,-467,-531,-549,-503,-420,-294,-130,40,225,382,512,607,637,628,555,433,276,85,-112,-309,-491,-634,-725,-760,-724,-629,-493,-298,-68,166,387,589,752,846,868,823,706,522,299,43,-233,-492,-698,-862,-957,-972,-893,-742,-535,-269,12,290,542,766,925,991,995,899,736,526,255,-20,-291,-561,-767,-906,-989,-988,-895,-747,-528,-268,7,283,532,742,896,973,966,880,723,508,261,5,-259,-510,-712,-857,-926,-912,-833,-687,-495,-263,-17,233,452,9,755,825,827,768,650,492,293,73,-143,-340,-506,-645,-733,-761,-730,-650,-526,-362,-166,33,218,390,523,625,692,697,640,551,429,266,103,-77,-249,-402,-534,-635,-673,-667,-622,-532,-403,-238,-57,132,314,464,599,696,717,699,633,505,337,140,-63,-275,-462,-612,-710,-756,-747,-673,-553,-387,-182,47,260,446,606,727,772,762,687,548,385,172,-54,-271,-473,-630,-743,-786,-762,-678,-528,-327,-96,140,374,570,715,798,804,731,581,374,127,-128,-361,-562,-689,-761,-747,-661,-502,-293,-63,165,368,529,630,667,623,520,358,163,-61,-285,-470,-592,-620,-557,-386,-152,54,267,448
61489,mtk,MTK 7916,862520632,rx1-tx1,512,0,0,0,0,0,0,0,0,0,0,0,0,0,0,0,0,0,0,0,0,0,0,0,0,0,0,0,0,0,0,0,0,0,0,0,0,0,0,0,0,0,0,0,0,0,0,0,0,0,0,0,0,0,0,0,0,0,0,0,0,0,0,0,0,0,0,0,0,0,0,0,0,0,0,0,0,0,0,0,0,0,0,0,0,0,0,0,0,0,0,0,0,0,0,0,0,0,0,0,0,0,0,0,0,0,0,0,0,0,0,0,0,0,0,0,0,0,0,0,0,0,0,0,0,0,0,0,0,0,0,0,0,0,0,0,0,0,0,0,0,0,0,0,0,0,0,0,0,0,0,0,0,0,0,0,0,0,0,0,0,0,0,0,0,0,0,0,0,0,0,0,0,0,0,0,0,0,0,0,0,0,0,0,0,0,0,0,0,0,0,0,0,0,0,0,0,0,0,0,0,0,0,0,0,0,0,0,0,0,0,0,0,0,0,0,0,0,0,0,0,0,0,0,0,0,0,0,0,0,0,0,0,0,0,0,0,0,0,0,0,0,0,0,0,0,0,0,0,0,0,0,0,0,0,0,0,-48,-379,-305,-58,-106,-146,-174,-184,-161,-110,-40,45,134,202,234,227,175,84,-39,-163,-258,-305,-298,-221,-88,68,220,340,389,360,249,76,-116,-292,-422,-466,-395,-248,-28,206,395,497,491,365,158,-87,-315,-483,-551,-478,-285,-22,246,461,574,551,396,142,-154,-424,-599,-628,-499,-255,52,365,596,684,605,379,59,-285,-570,-722,-707,-512,-194,171,506,719,766,637,342,-42,-414,-686,-796,-721,-473,-112,282,609,789,780,582,236,-155,-511,-745,-794,-652,-359,37,423,695,788,704,448,75,-324,-639,-799,-758,-534,-175,220,572,788,805,615,285,-119,-503,-768,-841,-708,-406,-5,0,714,853,789,533,143,-280,-643,-850,-839,-628,-270,154,538,792,859,716,393,-27,-442,-744,-864,-776,-495,-91,339,677,855,831,610,229,-207,-589,-828,-879,-721,-376,52,460,762,885,787,498,94,-328,-672,-849,-831,-615,-248,168,534,781,839,693,393,6,-383,-675,-805,-740,-507,-170,202,533,723,732,576,297,-44,-368,-596,-677,-603,-396,-94,214,457,593,594,449,206,-69,-321,-496,-551,-473,-290,-42,197,381,482,470,344,151,-72,-273,-407,-447,-387,-239,-48,144,305,397,397,310,157,-26,-193,-310,-365,-352,-266,-128,37,190,301,355,351,297,194,64,-60,-159,-240,-377,-418,0,0,0,0,0,0,0,0,0,0,0,0,0,0,0,0,0,0,0,0,0,0,0,0,0,0,0,0,0,0,0,0,0,0,0,0,0,0,0,0,0,0,0,0,0,0,0,0,0,0,0,0,0,0,0,0,0,0,0,0,0,0,0,0,0,0,0,0,0,0,0,0,0,0,0,0,0,0,0,0,0,0,0,0,0,0,0,0,0,0,0,0,0,0,0,0,0,0,0,0,0,0,0,0,0,0,0,0,0,0,0,0,0,0,0,0,0,0,0,0,0,0,0,0,0,0,0,0,0,0,0,0,0,0,0,0,0,0,0,0,0,0,0,0,0,0,0,0,0,0,0,0,0,0,0,0,0,0,0,0,0,0,0,0,0,0,0,0,0,0,0,0,0,0,0,0,0,0,0,0,0,0,0,0,0,0,0,0,0,0,0,0,0,0,0,0,0,0,0,0,0,0,0,0,0,0,0,0,0,0,0,0,0,0,0,0,0,0,0,0,0,0,0,0,0,0,0,0,0,0,0,0,0,0,0,0,0,0,0,0,0,0,0,0,0,0,0,0,0,0,0,0,0,0,0,0,-1135,204,306,112,97,69,22,-41,-106,-167,-208,-214,-181,-117,-23,87,187,252,273,240,148,19,-120,-246,-329,-347,-291,-170,0,184,331,419,423,334,159,-57,-263,-417,-484,-446,-307,-91,144,357,498,523,420,225,-28,-280,-472,-561,-517,-337,-80,194,433,582,587,451,205,-111,-403,-598,-650,-547,-312,1,326,584,699,650,450,124,-245,-552,-725,-735,-578,-276,106,471,713,783,683,422,44,-352,-656,-799,-750,-532,-183,210,554,758,780,616,298,-100,-472,-724,-806,-690,-401,-20,366,667,805,739,496,129,-274,-609,-799,-788,-575,-228,173,535,775,826,673,348,-57,-453,-742,-852,0,-466,-79,339,679,854,824,585,200,-231,-595,-821,-860,-677,-324,96,490,773,872,751,444,29,-390,-719,-865,-806,-548,-158,276,637,854,864,666,305,-134,-546,-816,-889,-758,-449,-31,399,725,870,815,569,185,-239,-602,-817,-836,-660,-334,79,466,728,816,717,450,82,-299,-602,-767,-744,-551,-231,128,450,667,725,606,346,34,-277,-519,-641,-612,-439,-163,144,400,549,566,461,257,-6,-261,-447,-516,-468,-317,-101,131,331,454,462,365,195,-13,-215,-358,-423,-398,-285,-115,79,252,360,386,336,217,55,-120,-263,-347,-360,-318,-213,-69,85,211,304,348,333,276,185,-195,-62
61490,mtk,MTK 7916,862520632,rx2-tx0,512,0,0,0,0,0,0,0,0,0,0,0,0,0,0,0,0,0,0,0,0,0,0,0,0,0,0,0,0,0,0,0,0,0,0,0,0,0,0,0,0,0,0,0,0,0,0,0,0,0,0,0,0,0,0,0,0,0,0,0,0,0,0,0,0,0,0,0,0,0,0,0,0,0,0,0,0,0,0,0,0,0,0,0,0,0,0,0,0,0,0,0,0,0,0,0,0,0,0,0,0,0,0,0,0,0,0,0,0,0,0,0,0,0,0,0,0,0,0,0,0,0,0,0,0,0,0,0,0,0,0,0,0,0,0,0,0,0,0,0,0,0,0,0,0,0,0,0,0,0,0,0,0,0,0,0,0,0,0,0,0,0,0,0,0,0,0,0,0,0,0,0,0,0,0,0,0,0,0,0,0,0,0,0,0,0,0,0,0,0,0,0,0,0,0,0,0,0,0,0,0,0,0,0,0,0,0,0,0,0,0,0,0,0,0,0,0,0,0,0,0,0,0,0,0,0,0,0,0,0,0,0,0,0,0,0,0,0,0,0,0,0,0,0,0,0,0,0,0,0,0,0,0,0,0,0,0,-277,539,515,-25,-18,-14,-10,-1,4,6,2,3,10,11,10,17,24,27,26,24,11,-8,-26,-46,-63,-70,-68,-49,-24,8,57,97,115,109,79,38,-11,-72,-123,-144,-139,-111,-58,13,90,152,176,167,119,43,-47,-125,-168,-183,-164,-97,4,92,162,203,185,133,61,-36,-136,-200,-219,-190,-105,-7,93,176,213,197,138,39,-66,-153,-204,-206,-154,-68,43,143,206,224,199,118,-3,-123,-207,-245,-224,-144,-27,98,195,247,244,186,73,-48,-148,-216,-243,-203,-112,13,130,216,242,203,112,0,-113,-198,-236,-207,-125,-1,114,199,239,231,156,32,-108,-219,0,-256,-177,-49,97,216,291,295,229,99,-54,-206,-311,-342,-286,-156,12,173,297,349,312,195,20,-162,-297,-358,-342,-231,-52,147,321,422,404,284,105,-118,-319,-455,-490,-400,-203,51,294,479,560,507,338,78,-212,-459,-595,-605,-475,-245,49,350,569,653,597,403,106,-215,-490,-646,-661,-525,-262,56,365,600,700,639,433,125,-210,-494,-664,-694,-570,-323,-5,313,559,687,664,494,223,-89,-389,-600,-680,-618,-426,-145,154,416,582,633,551,354,92,-175,-399,-534,-562,-477,-290,-45,195,383,493,502,406,232,22,-186,-363,-476,-506,-452,-322,-149,37,207,328,408,293,431,0,0,0,0,0,0,0,0,0,0,0,0,0,0,0,0,0,0,0,0,0,0,0,0,0,0,0,0,0,0,0,0,0,0,0,0,0,0,0,0,0,0,0,0,0,0,0,0,0,0,0,0,0,0,0,0,0,0,0,0,0,0,0,0,0,0,0,0,0,0,0,0,0,0,0,0,0,0,0,0,0,0,0,0,0,0,0,0,0,0,0,0,0,0,0,0,0,0,0,0,0,0,0,0,0,0,0,0,0,0,0,0,0,0,0,0,0,0,0,0,0,0,0,0,0,0,0,0,0,0,0,0,0,0,0,0,0,0,0,0,0,0,0,0,0,0,0,0,0,0,0,0,0,0,0,0,0,0,0,0,0,0,0,0,0,0,0,0,0,0,0,0,0,0,0,0,0,0,0,0,0,0,0,0,0,0,0,0,0,0,0,0,0,0,0,0,0,0,0,0,0,0,0,0,0,0,0,0,0,0,0,0,0,0,0,0,0,0,0,0,0,0,0,0,0,0,0,0,0,0,0,0,0,0,0,0,0,0,0,0,0,0,0,0,0,0,0,0,0,0,0,0,0,0,0,0,315,28,-139,-16,-21,-27,-26,-21,-19,-16,-15,-10,-9,-11,-12,-13,-8,0,8,15,34,49,50,40,26,-5,-37,-55,-78,-94,-87,-56,-14,32,77,118,139,120,76,20,-45,-103,-141,-167,-152,-96,-23,59,130,167,174,144,69,-15,-100,-169,-197,-175,-114,-24,70,142,193,199,159,84,-20,-122,-195,-212,-180,-117,-29,73,160,212,209,159,69,-48,-152,-212,-222,-179,-83,25,128,204,241,208,117,2,-111,-205,-249,-236,-168,-58,62,170,236,241,188,90,-33,-147,-221,-236,-200,-112,6,125,210,235,198,114,7,-109,-202,-243,-223,-145,-23,103,213,270,250,160,0,-105,-216,-282,-278,-197,-67,80,218,306,321,254,123,-39,-195,-306,-341,-295,-174,-7,158,283,345,319,207,42,-147,-309,-386,-365,-258,-71,136,319,427,441,344,154,-79,-306,-471,-526,-453,-268,-11,259,471,575,560,410,156,-140,-412,-593,-642,-540,-314,-19,278,514,647,634,466,183,-145,-439,-638,-690,-585,-336,-22,288,544,682,660,496,218,-105,-404,-623,-703,-620,-405,-108,208,492,664,688,562,331,22,-283,-518,-634,-622,-485,-252,26,294,502,595,561,416,201,-50,-284,-466,-538,-487,-340,-134,88,288,433,492,454,334,149,-56,-252,-410,-507,-517,-458,-353,-198,493,369
61491,mtk,MTK 7916,862520632,rx2-tx1,512,0,0,0,0,0,0,0,0,0,0,0,0,0,0,0,0,0,0,0,0,0,0,0,0,0,0,0,0,0,0,0,0,0,0,0,0,0,0,0,0,0,0,0,0,0,0,0,0,0,0,0,0,0,0,0,0,0,0,0,0,0,0,0,0,0,0,0,0,0,0,0,0,0,0,0,0,0,0,0,0,0,0,0,0,0,0,0,0,0,0,0,0,0,0,0,0,0,0,0,0,0,0,0,0,0,0,0,0,0,0,0,0,0,0,0,0,0,0,0,0,0,0,0,0,0,0,0,0,0,0,0,0,0,0,0,0,0,0,0,0,0,0,0,0,0,0,0,0,0,0,0,0,0,0,0,0,0,0,0,0,0,0,0,0,0,0,0,0,0,0,0,0,0,0,0,0,0,0,0,0,0,0,0,0,0,0,0,0,0,0,0,0,0,0,0,0,0,0,0,0,0,0,0,0,0,0,0,0,0,0,0,0,0,0,0,0,0,0,0,0,0,0,0,0,0,0,0,0,0,0,0,0,0,0,0,0,0,0,0,0,0,0,0,0,0,0,0,0,0,0,0,0,0,0,0,0,489,114,216,-3,13,21,28,41,54,68,76,66,38,1,-33,-64,-91,-113,-114,-89,-45,13,72,127,169,172,145,83,-5,-95,-165,-214,-220,-187,-112,-11,100,196,249,251,198,95,-24,-140,-234,-270,-251,-181,-57,82,193,259,272,218,112,-23,-158,-256,-281,-238,-143,-8,133,243,292,267,170,28,-122,-247,-317,-299,-204,-61,105,259,354,367,283,131,-68,-250,-378,-418,-365,-219,-15,199,357,432,418,309,119,-113,-317,-443,-447,-349,-172,53,267,414,465,406,238,18,-207,-391,-480,-434,-290,-78,157,362,473,473,363,163,-81,-307,-463,-501,-418,-239,-4,239,421,503,0,306,89,-163,-368,-476,-465,-346,-139,98,304,430,453,369,194,-26,-236,-387,-434,-371,-208,-1,193,343,411,364,212,15,-181,-339,-403,-356,-221,-25,181,340,415,378,243,47,-179,-361,-451,-427,-303,-95,138,346,476,496,392,182,-81,-324,-485,-528,-449,-270,-23,233,430,520,494,349,115,-153,-371,-492,-509,-406,-198,60,296,455,505,441,273,38,-209,-408,-502,-475,-347,-133,115,342,490,522,427,246,4,-242,-425,-519,-506,-381,-169,79,305,463,523,469,323,115,-118,-327,-458,-487,-420,-275,-74,139,315,429,465,401,265,85,-107,-279,-397,-454,-439,-363,-252,-113,-185,-85,0,0,0,0,0,0,0,0,0,0,0,0,0,0,0,0,0,0,0,0,0,0,0,0,0,0,0,0,0,0,0,0,0,0,0,0,0,0,0,0,0,0,0,0,0,0,0,0,0,0,0,0,0,0,0,0,0,0,0,0,0,0,0,0,0,0,0,0,0,0,0,0,0,0,0,0,0,0,0,0,0,0,0,0,0,0,0,0,0,0,0,0,0,0,0,0,0,0,0,0,0,0,0,0,0,0,0,0,0,0,0,0,0,0,0,0,0,0,0,0,0,0,0,0,0,0,0,0,0,0,0,0,0,0,0,0,0,0,0,0,0,0,0,0,0,0,0,0,0,0,0,0,0,0,0,0,0,0,0,0,0,0,0,0,0,0,0,0,0,0,0,0,0,0,0,0,0,0,0,0,0,0,0,0,0,0,0,0,0,0,0,0,0,0,0,0,0,0,0,0,0,0,0,0,0,0,0,0,0,0,0,0,0,0,0,0,0,0,0,0,0,0,0,0,0,0,0,0,0,0,0,0,0,0,0,0,0,0,0,0,0,0,0,0,0,0,0,0,0,0,0,0,0,0,0,0,-571,312,272,-29,-34,-36,-35,-26,-11,6,27,56,77,89,89,70,36,4,-44,-96,-131,-140,-131,-92,-27,43,116,170,192,187,149,64,-38,-133,-215,-253,-225,-153,-49,60,171,247,265,221,138,17,-109,-211,-270,-268,-188,-67,56,168,254,277,227,119,-16,-144,-237,-277,-257,-173,-28,130,243,294,283,199,57,-108,-251,-340,-348,-251,-92,86,256,366,382,313,166,-23,-215,-372,-440,-397,-263,-71,146,336,438,438,348,154,-75,-283,-423,-463,-378,-209,10,228,399,468,421,272,50,-186,-382,-482,-464,-328,-115,121,329,462,488,395,201,-48,-282,-447,-511,-451,-279,-43,0,394,488,464,325,107,-122,-325,-455,-468,-364,-171,54,262,398,437,366,208,-8,-223,-374,-430,-372,-218,-16,190,339,400,356,225,24,-181,-336,-405,-371,-233,-33,178,350,435,407,271,62,-163,-352,-464,-458,-339,-128,119,336,471,506,417,226,-22,-264,-451,-531,-478,-301,-62,185,398,511,492,359,142,-106,-329,-474,-512,-430,-235,15,254,430,510,464,308,83,-167,-379,-502,-502,-390,-188,70,303,461,518,470,317,85,-171,-378,-500,-517,-426,-244,-10,224,405,503,490,374,196,-25,-241,-395,-468,-446,-334,-160,42,234,374,449,451,368,226,60,-108,-249,-329,-375,263,315
61492,mtk,MTK 7916,862559440,rx0-tx0,512,-330,675,858,-1092,-1013,-841,-600,-303,26,359,646,872,1021,1073,1029,887,661,375,55,-275,-569,-812,-986,-1054,-1038,-931,-734,-474,-167,170,479,754,956,1064,1078,1001,825,559,254,-91,-412,-696,-914,-1054,-1095,-1020,-863,-620,-322,17,342,632,866,1024,1080,1040,891,665,385,76,-236,-535,-773,-941,-1019,-1007,-913,-731,-475,-189,116,419,664,854,984,1011,949,792,556,273,-32,-328,-604,-817,-949,-986,-942,-802,-588,-313,-15,267,523,738,870,905,882,757,562,336,88,-174,-414,-602,-738,-799,-785,-706,-569,-383,-168,55,270,468,616,701,740,707,606,455,267,58,-154,-352,-530,-648,-702,-713,-26,-534,-362,-158,51,272,460,615,707,740,705,598,442,238,12,-225,-437,-613,-737,-785,-760,-660,-495,-280,-34,203,435,625,756,805,780,689,521,300,47,-208,-434,-622,-745,-807,-786,-694,-533,-312,-71,184,422,622,756,824,811,713,547,329,59,-213,-457,-654,-795,-847,-819,-704,-503,-253,26,289,524,713,807,817,738,569,352,101,-161,-388,-568,-668,-693,-643,-526,-367,-176,30,212,363,459,491,485,428,338,215,89,-35,-148,-246,-311,-343,-338,-304,-262,-182,-95,7,91,171,232,270,286,269,231,167,78,-14,-107,-185,-251,-280,-267,-218,-136,-33,80,161,209,205,-80,184,510,-483,-264,-137,-82,8,96,175,232,262,245,189,118,24,-68,-152,-227,-279,-307,-302,-262,-197,-111,-5,103,218,311,368,404,411,371,286,157,-2,-163,-333,-468,-575,-615,-588,-505,-349,-150,83,328,546,719,818,823,743,566,321,34,-283,-567,-813,-981,-1029,-975,-806,-547,-221,144,502,809,1035,1143,1133,1004,761,431,58,-326,-681,-968,-1142,-1207,-1148,-950,-666,-317,78,453,780,1030,1169,1193,1095,880,585,232,-136,-506,-812,-1036,-1166,-1169,-1059,-848,-562,-216,149,494,794,1026,1147,1153,1038,835,548,204,-153,-488,-778,-997,-1121,-1125,-1024,-827,-543,-214,138,475,756,963,1083,1095,994,301,557,246,-88,-396,-684,-901,-1038,-1075,-1019,-858,-635,-358,-30,299,620,871,1049,1125,1090,962,753,447,101,-260,-588,-872,-1071,-1162,-1151,-1031,-815,-503,-160,183,520,811,1019,1140,1158,1064,894,628,287,-68,-405,-733,-990,-1162,-1220,-1170,-1017,-766,-435,-70,315,684,978,1187,1287,1260,1134,882,537,152,-256,-643,-980,-1207,-1331,-1333,-1194,-929,-594,-196,219,614,945,1182,1301,1290,1172,923,595,220,-171,-536,-854,-1088,-1214,-1231,-1130,-931,-643,-293,73,427,738,986,1124,1171,1111,944,686,377,30,-316,-634,-891,-1056,-1128,-1094,-960,-734,-453,-135,208,533,794,986,1092,1085,985,789,520,210,-814,-768,-82,769,552,54,393,681,903,1047,1088,1022,857,622,335,10,-308,-602,-837,-997,-1063,-1030,-897,-692,-414,-97,221,521,777,955,1066,1063,964,783,518,208,-118,-435,-726,-935,-1067,-1094,-1012,-848,-593,-291,60,387,672,900,1048,1095,1028,872,646,352,34,-294,-590,-823,-985,-1053,-1030,-901,-695,-430,-130,181,467,723,895,993,1009,928,755,531,244,-69,-364,-639,-840,-978,-1005,-957,-806,-584,-301,-6,298,572,783,918,955,906,781,583,319,52,-219,-482,-673,-796,-858,-834,-727,-564,-354,-117,127,348,538,679,749,756,701,585,415,219,10,-212,-408,-567,-672,-721,-700,-624,-491,-303,-112,92,628,483,623,696,722,682,572,408,206,-15,-239,-443,-610,-719,-759,-732,-628,-477,-267,-28,214,444,622,753,792,770,675,504,285,36,-208,-435,-622,-744,-801,-776,-682,-519,-299,-49,200,422,616,749,812,799,701,531,317,74,-183,-424,-624,-775,-842,-816,-706,-534,-307,-30,238,493,682,808,842,789,657,439,179,-93,-351,-570,-705,-774,-743,-636,-465,-243,-18,205,390,519,598,600,534,426,267,114,-44,-188,-306,-379,-407,-399,-358,-290,-196,-92,21,112,192,255,289,298,276,239,171,93,0,-84,-161,-222,-269,-279,-258,-207,-132,-30,73,166,231,264,244,180,92,-8,996,996,-82,683,785,130,192,221,209,164,92,-2,-104,-185,-243,-280,-276,-248,-188,-103,-6,95,188,261,316,342,341,308,231,134,20,-117,-259,-378,-476,-507,-501,-440,-326,-167,38,234,427,582,688,729,688,557,361,99,-174,-442,-686,-849,-943,-924,-802,-588,-283,60,396,701,936,1081,1106,1006,792,491,128,-239,-599,-902,-1107,-1188,-1151,-984,-712,-363,15,405,751,1006,1169,1208,1117,920,627,268,-115,-487,-803,-1032,-1162,-1180,-1086,-865,-580,-220,154,510,806,1027,1149,1156,1051,846,550,199,-166,-502,-781,-1008,-1132,-1145,-1036,-830,-543,-208,144,476,768,986,1101,1112,1014,821,549,227,-122,-443,-176,-928,-1055,-1074,-1000,-843,-592,-291,34,360,647,867,1032,1098,1070,928,695,406,63,-282,-589,-861,-1064,-1151,-1132,-1002,-781,-474,-126,229,563,852,1057,1145,1146,1043,838,557,239,-119,-454,-764,-1007,-1154,-1175,-1119,-956,-702,-372,-3,364,701,986,1176,1255,1231,1076,822,493,103,-287,-659,-985,-1198,-1310,-1295,-1168,-918,-578,-188,236,644,971,1204,1331,1321,1184,928,594,199,-195,-583,-911,-1135,-1256,-1255,-1148,-928,-617,-254,126,485,797,1040,1180,1201,1117,938,662,330,-18,-360,-673,-920,-1087,-1149,-1102,-955,-714,-410,-79,257,572,836,1011,1102,1093,968,762,494,170,-170,-484,-765,-955,-1062,90,309
61493,mtk,MTK 7916,862559440,rx0-tx1,512,-686,-385,-154,-494,-296,-75,153,359,534,648,702,693,614,478,299,94,-118,-308,-468,-592,-650,-643,-586,-471,-318,-144,32,205,366,490,571,602,578,506,391,246,85,-86,-255,-404,-512,-573,-600,-575,-499,-370,-211,-24,162,334,481,583,652,660,596,489,324,128,-78,-290,-468,-612,-698,-722,-674,-563,-397,-187,36,255,453,612,714,740,702,606,448,237,5,-219,-423,-588,-707,-746,-719,-619,-463,-274,-54,171,380,542,661,713,696,612,482,301,89,-117,-313,-482,-612,-679,-686,-620,-502,-350,-151,55,248,425,564,651,672,642,539,390,201,0,-205,-386,-543,-638,-676,-651,-559,-421,-38,-26,191,382,526,638,675,658,569,423,246,38,-180,-371,-531,-643,-678,-657,-570,-420,-235,-31,188,374,531,639,674,643,557,399,221,17,-202,-391,-535,-625,-652,-608,-510,-366,-179,16,208,385,505,578,596,550,450,317,148,-34,-203,-340,-452,-513,-524,-491,-405,-282,-145,8,160,294,402,462,479,447,380,278,154,6,-130,-262,-364,-428,-454,-433,-359,-260,-132,9,150,271,371,421,424,382,308,197,69,-54,-174,-282,-348,-381,-370,-319,-233,-123,-5,106,207,282,331,337,299,228,140,25,-86,-188,-264,-303,-304,-251,-170,-66,52,149,222,254,226,163,78,-8,-853,-742,0,714,853,138,186,198,162,96,2,-96,-172,-234,-256,-240,-190,-115,-25,69,155,218,260,264,236,182,112,30,-61,-148,-210,-243,-258,-236,-191,-120,-46,34,106,165,203,224,214,185,138,84,28,-26,-67,-105,-131,-151,-162,-156,-153,-142,-107,-61,-13,31,85,130,175,208,211,200,172,116,56,-22,-92,-154,-207,-234,-243,-221,-186,-131,-74,-3,73,131,187,227,250,255,224,187,131,59,-18,-99,-175,-236,-285,-306,-298,-262,-205,-113,-10,88,191,269,328,351,346,307,234,126,20,-94,-202,-293,-356,-380,-376,-331,-262,-162,-50,74,191,291,367,408,414,379,306,200,-48,-40,-170,-286,-383,-447,-462,-435,-372,-270,-129,21,159,298,413,493,520,504,440,320,171,7,-171,-330,-451,-534,-565,-546,-470,-352,-209,-31,152,309,440,524,570,566,507,398,249,89,-87,-261,-405,-520,-592,-607,-568,-470,-341,-182,7,204,377,517,612,646,636,557,425,257,54,-148,-345,-510,-641,-714,-707,-637,-514,-330,-117,111,333,522,677,751,761,698,562,379,150,-90,-315,-525,-674,-758,-778,-713,-582,-396,-170,69,292,493,652,739,762,710,592,420,210,-18,-248,-450,-614,-722,-756,-721,-620,-458,-254,-20,211,415,588,701,752,722,630,473,274,44,-188,-391,-406,-5,9,755,825,554,677,728,712,627,481,288,77,-142,-342,-509,-621,-677,-664,-588,-475,-309,-117,79,260,423,539,603,614,574,483,352,198,24,-149,-312,-440,-535,-584,-588,-539,-443,-300,-143,27,200,363,491,578,625,608,544,423,268,90,-113,-302,-467,-602,-674,-694,-642,-527,-363,-161,61,279,469,620,713,735,689,582,418,210,-20,-236,-435,-605,-714,-747,-711,-609,-455,-253,-24,199,409,567,676,727,707,617,472,289,74,-141,-342,-509,-637,-693,-688,-626,-506,-331,-127,91,297,459,590,667,674,629,527,370,176,-25,-226,-410,-550,-637,-664,-635,-549,-411,-222,-20,195,381,534,634,680,653,557,424,242,27,-185,-382,-535,-639,-689,-662,-570,-431,-247,-34,175,377,538,638,685,656,558,418,231,18,-186,-383,-540,-626,-675,-637,-536,-386,-198,9,210,377,517,598,618,585,486,339,168,-21,-211,-362,-481,-553,-567,-518,-431,-300,-137,30,191,327,424,483,502,466,390,277,139,-9,-149,-267,-365,-436,-463,-441,-381,-275,-151,-11,136,260,358,423,441,413,346,240,104,-36,-162,-275,-355,-396,-396,-362,-280,-167,-48,75,192,282,337,354,334,277,188,84,-33,-145,-231,-297,-326,-307,-259,-170,-63,58,164,240,285,278,225,144,35,-73,-149,-191,-183,233,452,0,-466,-79,99,33,-56,-141,-205,-238,-221,-173,-98,-2,91,169,226,254,251,213,150,67,-27,-113,-188,-235,-262,-259,-222,-156,-80,5,89,163,211,235,232,208,158,100,26,-40,-97,-142,-174,-191,-186,-163,-131,-93,-57,-12,27,60,100,136,159,172,178,167,138,96,37,-28,-80,-144,-193,-222,-237,-218,-189,-130,-58,17,89,149,197,227,251,235,208,161,100,29,-51,-121,-172,-225,-262,-275,-259,-221,-163,-92,-1,93,172,251,311,335,330,288,218,124,16,-92,-201,-291,-349,-368,-365,-323,-253,-145,-32,86,199,290,361,392,396,356,284,180,61,-64,-184,-293,-377,-1135,-428,-403,-339,-244,-116,28,165,287,397,470,490,469,413,303,164,3,-156,-313,-437,-514,-555,-541,-466,-339,-185,-7,163,324,446,533,573,553,483,372,221,54,-121,-283,-428,-524,-578,-584,-531,-430,-299,-133,46,232,391,514,602,639,609,517,378,200,11,-177,-364,-513,-625,-680,-674,-602,-476,-309,-95,128,332,519,658,730,738,670,547,360,132,-94,-325,-525,-678,-768,-771,-707,-576,-380,-161,79,313,515,666,756,766,709,589,406,190,-43,-272,-474,-631,-728,-757,-716,-601,-439,-232,-5,220,430,599,712,757,722,624,470,266,37,-198,-409,-587,-703,-755,-726,-637,-742,-852
61494,mtk,MTK 7916,862559440,rx1-tx0,512,0,-256,-177,198,372,514,609,662,647,571,461,286,79,-124,-330,-513,-662,-757,-763,-708,-587,-410,-187,65,322,558,745,867,891,848,719,508,257,-43,-348,-620,-824,-964,-1011,-950,-806,-573,-279,46,364,652,882,1030,1066,1011,844,597,297,-46,-374,-665,-886,-1030,-1070,-1010,-852,-602,-316,-2,308,602,831,976,1040,1010,883,674,408,95,-223,-523,-777,-962,-1052,-1038,-933,-746,-470,-162,161,471,738,942,1049,1052,948,757,495,203,-129,-439,-701,-908,-1017,-1026,-938,-764,-505,-212,108,413,670,866,969,976,895,718,482,201,-100,-384,-622,-794,-880,-883,-804,-643,-438,-195,74,325,530,671,-277,770,696,570,408,207,-6,-210,-395,-537,-629,-656,-637,-561,-438,-288,-105,84,257,411,528,604,629,601,515,388,224,41,-156,-332,-469,-578,-636,-640,-585,-479,-329,-142,54,248,421,547,650,688,666,589,444,255,53,-179,-394,-588,-726,-806,-811,-731,-572,-355,-90,204,469,701,866,940,915,800,583,300,-16,-343,-637,-862,-993,-1011,-915,-718,-452,-125,198,505,738,897,954,904,745,510,233,-41,-319,-556,-716,-797,-790,-702,-536,-320,-80,144,369,540,638,673,634,522,356,163,-50,-242,-402,-522,-570,-561,-477,-338,-163,27,224,386,479,496,433,302,140,-42,-195,-273,-108,-219,0,306,89,54,44,21,-12,-44,-70,-86,-95,-97,-84,-55,-26,4,50,81,108,127,121,108,85,48,13,-35,-76,-116,-140,-155,-167,-152,-129,-82,-33,36,92,146,184,225,234,229,198,140,65,-38,-130,-223,-294,-350,-361,-336,-267,-177,-57,90,225,351,449,496,491,435,298,144,-35,-228,-398,-529,-597,-606,-548,-413,-238,-36,173,371,525,623,660,605,481,318,129,-93,-296,-446,-564,-617,-598,-525,-389,-220,-23,159,323,440,521,541,504,423,293,144,-5,-154,-272,-360,-409,-415,-405,-346,-267,-177,-72,29,126,220,296,350,374,378,351,287,198,94,-32,-155,-277,-374,489,-463,-458,-403,-301,-171,-17,152,297,423,509,547,535,473,364,213,42,-143,-310,-453,-552,-601,-593,-524,-397,-236,-47,137,318,471,575,633,632,554,437,275,80,-109,-292,-465,-568,-627,-635,-575,-465,-321,-137,57,239,404,530,609,626,599,509,371,216,31,-152,-320,-469,-581,-644,-650,-595,-493,-348,-158,34,233,427,577,685,733,701,612,458,252,23,-230,-450,-635,-760,-804,-770,-659,-483,-250,3,255,484,654,748,787,727,608,424,220,-9,-227,-421,-570,-662,-680,-647,-554,-407,-239,-54,128,297,445,539,590,597,549,469,338,184,16,-158,-317,-444,-544,-589,-587,421,503,0,-105,-216,608,517,388,221,33,-171,-348,-512,-642,-701,-698,-645,-531,-364,-143,95,324,531,698,805,836,786,657,469,223,-56,-329,-598,-787,-914,-961,-910,-759,-542,-271,49,359,641,866,1010,1051,987,834,595,285,-43,-374,-673,-894,-1042,-1087,-1019,-858,-610,-303,32,360,651,868,998,1046,1004,865,632,353,46,-269,-562,-794,-953,-1035,-1017,-903,-710,-442,-131,189,490,756,952,1045,1050,947,762,495,184,-143,-452,-720,-915,-1030,-1051,-943,-770,-512,-204,115,417,682,879,988,1009,916,745,498,202,-97,-394,-648,-827,-932,-937,-856,-695,-462,-190,92,357,577,729,831,838,756,605,410,315,-47,-277,-460,-603,-690,-702,-662,-562,-416,-233,-42,141,322,466,576,630,623,568,472,327,161,-16,-192,-357,-494,-587,-634,-618,-546,-427,-277,-96,96,286,447,573,640,656,622,523,381,205,-6,-201,-397,-566,-676,-736,-735,-657,-517,-312,-81,172,415,624,787,882,873,779,603,358,53,-252,-544,-787,-933,-991,-937,-790,-537,-230,112,437,709,905,996,968,838,613,337,23,-288,-557,-752,-856,-873,-808,-637,-399,-138,126,357,550,681,732,709,620,445,244,26,-189,-381,-516,-599,-609,-546,-439,-276,-84,116,305,443,521,537,486,357,184,-12,-199,-336,-410,-406,-319,-188,250,160,0,394,488,-34,-53,-73,-80,-72,-55,-27,2,37,70,96,101,111,101,73,47,11,-34,-66,-105,-128,-143,-145,-129,-100,-56,-17,32,80,131,165,184,188,171,150,109,46,-32,-96,-178,-238,-287,-298,-279,-235,-167,-66,51,174,279,363,425,435,389,305,172,16,-146,-314,-445,-522,-558,-527,-428,-276,-93,100,305,471,584,630,605,512,363,179,-35,-254,-424,-549,-626,-638,-560,-437,-272,-66,130,314,460,560,587,554,468,336,176,-4,-164,-304,-418,-475,-489,-449,-371,-270,-145,-24,93,203,283,346,375,372,345,304,233,144,41,-65,-184,-282,-360,-408,-424,-404,-351,-251,-571,10,147,287,395,478,520,505,440,335,189,21,-154,-313,-450,-539,-581,-565,-492,-375,-223,-45,143,322,464,566,613,605,543,420,259,70,-139,-320,-465,-576,-633,-625,-579,-455,-283,-106,89,278,434,555,628,632,582,481,340,169,-17,-197,-374,-500,-588,-627,-603,-543,-432,-283,-102,87,273,434,578,657,681,656,560,407,217,-8,-230,-431,-611,-723,-780,-752,-641,-479,-251,-8,244,466,651,768,806,757,636,443,232,-12,-256,-457,-618,-706,-735,-686,-583,-424,-231,-19,178,367,509,600,638,617,551,430,272,107,-67,-231,-374,-491,-558,-588,-569,-491,-382,-235,-73,97,-279,-43
61495,mtk,MTK 7916,862559440,rx1-tx1,512,0,0,0,-651,-396,-51,309,608,780,776,601,298,-71,-425,-681,-782,-722,-505,-175,191,494,690,726,593,338,14,-315,-563,-667,-613,-423,-142,172,449,608,622,489,243,-60,-356,-563,-629,-547,-334,-46,258,507,630,612,449,173,-147,-442,-630,-675,-560,-316,3,325,588,714,680,492,193,-157,-473,-683,-740,-637,-387,-53,290,573,717,703,532,241,-105,-427,-641,-707,-623,-394,-61,277,546,695,684,524,242,-108,-426,-647,-727,-648,-422,-104,237,532,703,711,569,298,-31,-338,-583,-709,-662,-472,-187,140,430,613,671,590,376,80,-219,-468,-599,-604,-479,-260,12,274,458,533,497,0,142,-85,-284,-405,-419,-326,-173,8,181,311,351,294,156,-18,-178,-294,-343,-299,-171,-3,176,329,400,373,247,60,-156,-346,-459,-479,-381,-180,68,308,487,571,532,356,93,-189,-437,-609,-660,-560,-330,-13,303,562,713,712,559,283,-66,-414,-674,-799,-760,-556,-231,154,517,770,866,776,531,174,-231,-587,-820,-895,-788,-516,-143,266,616,845,908,789,511,136,-262,-599,-818,-877,-763,-502,-153,223,547,751,805,702,466,153,-186,-477,-656,-699,-621,-430,-154,138,393,560,606,539,386,164,-76,-299,-454,-513,-496,-394,-224,-29,156,304,392,417,379,296,185,70,-31,0,0,0,0,0,-287,-215,-101,51,224,390,518,576,538,417,223,-38,-310,-531,-678,-715,-623,-418,-127,199,505,725,807,743,536,220,-145,-487,-741,-853,-789,-563,-224,170,536,791,885,797,544,163,-262,-639,-888,-952,-813,-508,-88,376,754,975,1009,821,458,-7,-489,-866,-1068,-1051,-815,-395,123,602,947,1109,1034,726,276,-240,-706,-1020,-1118,-965,-605,-120,388,818,1075,1082,854,440,-76,-573,-947,-1110,-1026,-718,-244,293,757,1058,1129,957,560,23,-522,-958,-1193,-1163,-877,-395,189,736,1146,1313,1182,791,236,-385,-936,-1289,-1388,-1195,-732,-113,527,1073,1389,1403,1137,626,-22,-664,-1163,-1422,-1373,0,-458,191,793,1226,1393,1246,826,238,-393,-949,-1289,-1332,-1089,-605,27,637,1113,1343,1272,922,368,-270,-863,-1261,-1380,-1203,-760,-139,512,1051,1356,1379,1096,570,-66,-698,-1193,-1417,-1315,-938,-369,284,865,1259,1372,1182,739,138,-486,-990,-1264,-1254,-966,-472,125,681,1071,1219,1090,704,153,-420,-890,-1159,-1153,-886,-424,140,680,1056,1195,1077,720,195,-377,-864,-1157,-1196,-977,-538,19,568,985,1191,1132,830,352,-191,-686,-1029,-1137,-996,-648,-171,336,752,991,1016,818,450,-3,-440,-767,-906,-837,-584,-216,187,538,748,782,632,336,-32,-377,-619,-718,-652,-419,-91,255,540,697,689,519,0,0,0,0,0,-406,-663,-776,-719,-497,-167,201,532,752,796,659,393,46,-305,-594,-750,-733,-553,-256,88,409,627,694,611,390,81,-246,-503,-632,-615,-460,-191,118,391,578,633,525,291,-6,-301,-528,-635,-585,-386,-100,201,467,633,647,504,242,-89,-404,-621,-698,-624,-409,-88,255,533,703,714,564,295,-44,-387,-637,-745,-681,-462,-145,199,496,686,712,581,320,-16,-348,-598,-706,-651,-453,-154,194,498,678,714,588,322,-12,-340,-600,-730,-693,-500,-200,135,446,655,714,626,401,86,-242,-509,-663,-673,-536,-280,30,323,547,654,606,435,180,-105,-362,-533,-585,-503,-315,-72,178,0,476,462,346,171,-39,-234,-358,-376,-311,-178,3,180,295,338,287,161,-1,-171,-302,-364,-324,-198,-13,172,333,427,409,289,98,-130,-337,-481,-528,-450,-264,-7,259,482,607,596,451,213,-84,-391,-618,-705,-651,-449,-151,187,495,707,766,657,409,77,-285,-602,-798,-822,-669,-370,7,390,700,867,857,674,351,-59,-456,-754,-905,-877,-675,-336,69,456,747,895,864,661,330,-63,-434,-707,-842,-813,-622,-317,40,376,625,745,722,560,297,-15,-313,-542,-658,-640,-504,-282,-27,228,428,542,558,461,281,68,-143,-318,-439,-481,-437,-330,-187,-30,115,230,297,313,292,0,0,0,0,0,-201,-324,-416,-457,-435,-346,-191,20,248,458,601,653,603,442,202,-92,-391,-621,-746,-747,-602,-336,1,346,628,794,811,673,402,44,-338,-657,-842,-859,-700,-392,-2,396,728,901,883,686,338,-95,-516,-845,-994,-931,-677,-271,205,634,939,1064,966,648,190,-302,-747,-1044,-1116,-948,-575,-79,422,839,1082,1090,864,452,-55,-548,-926,-1106,-1048,-750,-287,234,701,1017,1104,945,577,78,-445,-864,-1093,-1092,-846,-398,143,654,1026,1170,1066,718,186,-386,-872,-1182,-1248,-1038,-595,-17,577,1063,1327,1301,1006,489,-144,-752,-1212,-1411,-1322,-952,-372,291,885,1293,1431,1274,842,222,-434,0,-1340,-1390,-1143,-654,-24,611,1104,1354,1304,971,431,-207,-798,-1208,-1356,-1199,-769,-173,462,990,1313,1343,1075,577,-65,-705,-1181,-1399,-1311,-934,-355,301,900,1308,1419,1219,767,149,-511,-1052,-1351,-1364,-1074,-550,79,685,1134,1331,1234,871,319,-296,-840,-1181,-1255,-1054,-607,-30,544,986,1192,1126,802,299,-280,-793,-1120,-1189,-992,-565,-20,533,978,1201,1144,835,352,-209,-725,-1091,-1218,-1070,-694,-170,389,855,1126,1156,934,519,-3,-515,-899,-1077,-1020,-750,-326,157,593,881,970,837,525,119,-304,-645,-827,-817,-620,-278,108,449,684,751,638,375,33,-309,-582,-709,-658,-463,-157,196,492,0,0
61496,mtk,MTK 7916,862559440,rx2-tx0,512,0,0,0,-786,-341,198,714,1082,1216,1078,700,159,-429,-929,-1239,-1283,-1046,-569,42,644,1099,1325,1265,919,368,-266,-837,-1224,-1346,-1165,-723,-124,505,1021,1308,1300,1000,482,-140,-742,-1164,-1320,-1176,-768,-185,436,960,1264,1283,1013,506,-117,-706,-1127,-1295,-1176,-786,-219,397,916,1220,1247,1000,520,-79,-646,-1054,-1225,-1113,-746,-209,367,850,1128,1136,889,437,-117,-644,-1009,-1128,-984,-610,-88,451,884,1110,1070,774,295,-263,-765,-1092,-1165,-965,-540,22,586,1018,1224,1152,811,283,-320,-857,-1207,-1290,-1082,-626,-28,586,1076,1334,1301,976,432,-215,-815,-1234,-1385,-1232,-806,-205,440,996,1328,1369,1106,0,-35,-658,-1136,-1365,-1287,-920,-361,278,856,1242,1347,1148,696,89,-541,-1055,-1329,-1314,-1003,-467,177,793,1235,1396,1253,835,219,-449,-1012,-1359,-1421,-1169,-653,10,668,1188,1449,1401,1056,474,-223,-866,-1326,-1500,-1343,-894,-259,433,1032,1412,1486,1243,731,62,-616,-1151,-1441,-1426,-1098,-535,130,770,1241,1437,1333,943,353,-309,-897,-1293,-1413,-1238,-801,-198,444,979,1308,1367,1143,690,96,-509,-1001,-1282,-1292,-1052,-610,-53,502,940,1177,1171,938,531,31,-458,-840,-1039,-1028,-822,-468,-38,384,716,890,888,727,437,71,-286,-572,-744,-781,-679,-467,-195,88,342,522,605,592,505,357,194,36,0,0,0,0,0,-370,-464,-492,-450,-329,-136,104,357,576,713,731,627,409,101,-244,-557,-777,-864,-792,-564,-216,191,572,857,983,909,647,247,-215,-646,-958,-1090,-1003,-697,-245,274,754,1083,1195,1066,712,200,-374,-870,-1197,-1288,-1111,-695,-123,484,998,1303,1346,1110,625,4,-613,-1108,-1386,-1366,-1052,-523,119,734,1200,1416,1329,959,386,-258,-837,-1244,-1380,-1217,-798,-217,410,932,1232,1274,1041,581,3,-565,-999,-1203,-1137,-822,-334,229,732,1050,1125,949,562,38,-487,-892,-1085,-1033,-748,-278,256,721,1032,1106,922,521,-6,-536,-950,-1150,-1097,-801,-311,256,775,1123,1224,1053,648,100,-482,-971,-1249,0,-960,-465,135,718,1137,1303,1181,793,225,-398,-934,-1263,-1308,-1060,-568,48,663,1137,1357,1275,908,325,-344,-926,-1306,-1411,-1198,-712,-65,601,1130,1427,1411,1074,499,-188,-833,-1300,-1481,-1324,-874,-241,440,1022,1379,1428,1159,638,-12,-660,-1153,-1378,-1291,-920,-343,302,861,1217,1303,1091,626,26,-570,-1026,-1239,-1175,-843,-322,271,795,1125,1188,993,579,29,-522,-936,-1132,-1071,-762,-291,235,702,1005,1067,888,508,21,-460,-821,-985,-919,-640,-220,238,632,867,885,696,345,-92,-497,-771,-855,-735,-437,-30,383,700,853,801,550,165,-270,-646,-867,-884,-691,-324,131,563,877,979,852,529,0,0,0,0,0,-784,-1078,-1142,-938,-517,29,581,1021,1246,1199,885,371,-243,-807,-1194,-1327,-1171,-752,-166,459,987,1298,1324,1057,553,-74,-683,-1138,-1336,-1244,-875,-307,331,884,1237,1317,1101,634,23,-594,-1068,-1294,-1238,-895,-349,279,840,1205,1298,1095,644,48,-551,-1030,-1274,-1228,-901,-374,238,781,1142,1249,1072,645,77,-501,-954,-1184,-1145,-830,-331,231,738,1069,1142,940,527,-11,-546,-947,-1114,-1021,-691,-192,361,831,1107,1126,874,407,-152,-676,-1055,-1197,-1065,-675,-118,465,950,1232,1236,955,455,-156,-738,-1161,-1333,-1205,-808,-226,408,955,1303,1360,1114,622,-6,-639,-1130,-1376,-1319,-964,-403,245,841,0,1380,1207,773,166,-476,-1006,-1316,-1331,-1051,-533,95,707,1156,1353,1245,860,280,-366,-931,-1296,-1365,-1131,-649,-17,629,1139,1397,1354,1013,445,-227,-857,-1308,-1468,-1301,-853,-227,462,1052,1411,1465,1212,692,18,-662,-1199,-1483,-1442,-1085,-502,183,830,1302,1494,1359,936,314,-369,-966,-1357,-1455,-1237,-754,-110,548,1087,1389,1390,1103,584,-57,-678,-1155,-1389,-1331,-993,-450,179,757,1175,1354,1253,893,370,-223,-761,-1129,-1265,-1142,-800,-311,229,703,1023,1134,1012,695,260,-213,-627,-900,-986,-884,-622,-253,150,511,754,846,785,580,285,-41,-348,-581,-705,-707,-595,-406,-178,52,246,381,439,422,0,0,0,0,0,196,56,-119,-312,-485,-604,-641,-577,-410,-155,146,437,671,794,784,628,339,-25,-393,-702,-887,-907,-750,-438,-30,402,770,990,1015,833,473,11,-469,-879,-1115,-1122,-899,-480,50,579,1002,1230,1203,923,446,-130,-690,-1119,-1312,-1234,-903,-375,249,826,1235,1387,1250,850,264,-387,-963,-1331,-1414,-1210,-755,-134,512,1049,1357,1378,1106,608,-11,-627,-1103,-1337,-1275,-937,-405,199,750,1132,1254,1106,713,170,-397,-866,-1134,-1143,-899,-457,87,605,973,1109,994,653,164,-368,-806,-1059,-1072,-835,-404,125,633,997,1139,1015,654,148,-405,-874,-1153,-1177,-935,-481,85,640,1060,1255,1170,821,287,0,-861,-1198,-1278,-1078,-637,-46,565,1057,1295,1249,932,402,-221,-797,-1206,-1341,-1165,-728,-129,505,1042,1349,1354,1057,513,-143,-772,-1243,-1440,-1317,-901,-283,402,1008,1383,1453,1203,690,25,-644,-1176,-1442,-1393,-1036,-453,227,852,1278,1416,1244,795,173,-480,-1018,-1315,-1313,-1019,-501,123,712,1129,1287,1148,748,176,-417,-907,-1188,-1198,-929,-456,113,650,1032,1168,1037,672,159,-378,-827,-1079,-1077,-837,-411,108,589,920,1036,910,587,131,-348,-727,-922,-900,-672,-287,156,551,810,871,718,391,-21,-427,-729,-851,-765,-491,-91,332,674,856,836,614,238,-205,-610,-876,-937,-768,-418,33,500,851,0,0
61497,mtk,MTK 7916,862559440,rx2-tx1,512,0,0,0,-26,-610,-1072,-1303,-1244,-907,-373,247,820,1216,1345,1189,771,185,-442,-968,-1270,-1294,-1043,-564,42,627,1065,1266,1182,840,320,-271,-781,-1105,-1184,-990,-568,-28,499,908,1110,1038,720,240,-300,-759,-1024,-1049,-826,-403,123,627,980,1109,965,589,75,-474,-919,-1158,-1120,-823,-336,242,776,1132,1234,1061,637,58,-542,-1024,-1270,-1224,-902,-361,272,848,1237,1345,1146,687,50,-608,-1137,-1418,-1387,-1039,-447,244,901,1378,1549,1386,921,236,-506,-1144,-1542,-1592,-1309,-754,-33,704,1287,1587,1557,1190,569,-158,-846,-1359,-1575,-1449,-1027,-393,322,957,1378,1492,1290,828,212,-443,-985,-1303,-1328,-1078,-612,0,533,957,1164,1105,799,340,-168,-622,-912,-976,-816,-483,-45,393,715,864,801,546,172,-233,-571,-766,-774,-594,-262,135,495,734,786,644,345,-55,-453,-756,-882,-786,-503,-79,394,788,1017,1037,819,386,-150,-679,-1084,-1270,-1180,-832,-282,333,909,1310,1441,1272,832,213,-464,-1079,-1471,-1553,-1320,-809,-114,604,1208,1570,1614,1329,786,89,-647,-1255,-1603,-1634,-1342,-789,-92,608,1183,1527,1572,1309,795,152,-493,-1029,-1349,-1400,-1175,-730,-175,387,859,1138,1180,993,625,162,-308,-699,-933,-979,-837,-541,-159,227,554,770,835,741,533,242,-76,-355,-561,-662,-651,-551,-384,-182,15,168,267,0,0,0,0,0,470,412,296,114,-104,-328,-523,-655,-686,-606,-418,-155,140,411,622,720,678,517,256,-62,-375,-613,-732,-709,-533,-243,97,411,657,763,699,492,174,-192,-519,-742,-821,-722,-458,-98,287,620,833,870,723,417,11,-416,-750,-906,-883,-680,-328,95,516,837,967,884,620,222,-247,-652,-907,-978,-843,-512,-66,393,771,980,971,759,386,-76,-525,-856,-998,-914,-636,-227,235,648,911,967,803,458,24,-416,-774,-953,-914,-672,-277,183,607,898,986,859,541,104,-361,-750,-983,-1001,-786,-400,60,512,856,1017,950,670,246,-230,-651,-922,-992,-841,-497,-52,406,784,984,954,718,0,-142,-572,-877,-1000,-896,-583,-147,316,697,919,937,743,385,-50,-473,-787,-915,-816,-522,-121,308,672,878,875,661,291,-158,-573,-859,-952,-818,-500,-59,403,783,998,984,748,338,-151,-610,-943,-1062,-937,-602,-135,362,771,1001,1010,781,379,-122,-596,-913,-1024,-904,-574,-107,388,795,1008,988,733,295,-206,-665,-969,-1054,-897,-527,-26,489,899,1094,1039,754,291,-251,-751,-1083,-1167,-981,-574,-31,527,968,1202,1162,873,382,-208,-750,-1119,-1253,-1108,-709,-158,420,906,1191,1208,957,508,-58,-618,-1034,-1207,-1113,-758,-237,332,817,1121,1166,935,499,-49,-597,-1015,-1190,-1096,-760,-247,329,0,0,0,0,0,1274,1133,734,164,-444,-961,-1268,-1310,-1067,-579,28,629,1099,1330,1267,924,382,-234,-801,-1187,-1299,-1129,-717,-152,445,927,1194,1196,933,456,-109,-638,-1023,-1152,-1011,-650,-138,391,830,1062,1035,769,320,-213,-689,-999,-1077,-899,-497,32,554,956,1126,1048,714,196,-370,-851,-1142,-1181,-944,-482,95,658,1075,1252,1141,760,193,-421,-943,-1257,-1291,-1025,-517,112,734,1204,1394,1266,855,242,-448,-1050,-1426,-1483,-1215,-680,19,731,1292,1571,1516,1140,517,-237,-939,-1429,-1620,-1472,-999,-314,433,1081,1497,1593,1346,813,117,-599,-1180,-1495,-1501,-1190,-628,55,705,1195,1428,1348,982,426,-189,-756,-1150,0,-1117,-735,-208,335,786,1039,1051,837,438,-49,-490,-801,-908,-804,-521,-121,301,636,809,789,571,212,-188,-528,-740,-779,-616,-298,93,475,740,827,709,406,-2,-428,-768,-951,-918,-654,-208,303,761,1085,1179,994,588,45,-538,-1034,-1326,-1340,-1065,-559,77,714,1217,1481,1440,1093,511,-194,-868,-1372,-1606,-1510,-1100,-468,268,964,1460,1656,1533,1111,449,-293,-963,-1446,-1645,-1514,-1095,-478,223,865,1328,1527,1417,1043,483,-148,-718,-1120,-1299,-1214,-896,-427,94,568,914,1076,1018,763,378,-60,-457,-754,-900,-863,-666,-363,-11,331,591,732,747,637,434,178,-83,-303,-455,-528,-516,-440,-320,0,0,0,0,0,164,334,483,589,617,555,402,178,-90,-356,-571,-697,-707,-592,-361,-65,242,508,686,738,632,403,102,-230,-523,-702,-745,-629,-374,-46,296,591,766,779,620,322,-45,-409,-703,-844,-807,-595,-250,150,527,801,909,825,558,167,-268,-638,-887,-955,-803,-477,-45,391,757,962,955,738,365,-93,-528,-852,-1001,-926,-636,-226,229,646,927,998,854,526,79,-383,-752,-956,-947,-729,-356,110,541,835,961,882,585,156,-302,-695,-939,-965,-774,-409,51,502,839,1002,945,673,252,-220,-643,-937,-1023,-875,-543,-90,381,762,974,973,757,382,-82,-528,-858,-996,-904,-614,-194,280,695,0,975,808,457,-2,-452,-799,-977,-929,-670,-274,180,594,860,929,794,470,36,-392,-720,-888,-848,-598,-205,226,612,862,902,742,402,-47,-499,-838,-986,-912,-624,-191,294,722,990,1040,858,477,-16,-494,-859,-1043,-985,-703,-263,242,683,957,1017,848,475,-2,-484,-856,-1020,-943,-644,-202,296,734,997,1021,814,415,-92,-585,-938,-1079,-978,-643,-146,382,825,1089,1102,865,427,-124,-651,-1043,-1192,-1080,-724,-201,375,876,1188,1232,1001,554,-17,-586,-1026,-1238,-1172,-849,-335,250,777,1128,1226,1045,634,86,-471,-922,-1170,-1148,-855,-370,187,704,1068,1188,1030,633,92,-471,-925,-1185,-1168,0,0
61498,mtk,MTK 7916,862594096,rx0-tx0,512,-330,675,858,780,478,130,-230,-557,-826,-1014,-1081,-1038,-882,-625,-316,24,362,672,907,1040,1067,975,788,514,185,-167,-495,-762,-968,-1081,-1067,-927,-699,-394,-49,303,627,884,1044,1108,1035,858,589,252,-105,-450,-752,-967,-1083,-1065,-948,-737,-437,-92,254,574,831,994,1065,1004,853,618,315,-26,-347,-643,-872,-995,-1015,-936,-761,-524,-201,128,443,704,905,1012,998,881,663,388,54,-277,-579,-809,-950,-981,-917,-746,-502,-204,111,389,644,810,897,883,770,583,346,71,-192,-448,-640,-766,-811,-771,-652,-475,-244,9,250,450,617,721,743,702,574,406,190,-41,-265,-460,-617,-700,-715,-667,-26,-356,-135,103,314,512,656,724,730,645,499,296,53,-189,-418,-597,-719,-774,-738,-612,-426,-185,78,323,545,707,792,795,693,529,301,32,-232,-475,-659,-777,-803,-746,-604,-395,-148,128,379,593,752,822,791,687,493,244,-16,-290,-537,-720,-826,-826,-751,-573,-327,-46,247,510,710,821,831,749,580,328,34,-262,-498,-675,-777,-767,-656,-475,-237,20,249,438,566,619,590,495,345,180,-4,-170,-306,-405,-442,-429,-380,-286,-170,-39,78,167,250,302,323,301,254,184,93,0,-93,-169,-237,-278,-280,-249,-186,-107,-5,97,186,249,268,256,191,96,-14,-120,-187,-206,-80,184,510,-483,-264,-114,-179,-223,-207,-159,-83,31,140,215,253,277,259,204,128,27,-62,-168,-255,-301,-346,-333,-267,-192,-88,50,183,301,405,459,478,431,319,161,-13,-219,-414,-571,-660,-675,-612,-450,-231,26,305,569,767,874,876,741,553,248,-104,-427,-729,-933,-1030,-1025,-864,-598,-257,139,526,851,1078,1166,1112,923,620,240,-173,-564,-888,-1109,-1197,-1149,-969,-658,-276,134,527,867,1099,1187,1153,997,714,351,-48,-436,-782,-1040,-1173,-1170,-1032,-792,-453,-76,318,665,931,1112,1161,1082,878,566,214,-182,-547,-857,-1056,-1140,-1108,-939,-681,-338,34,398,728,977,1112,1103,1004,786,469,118,301,-561,-833,-1009,-1073,-1041,-890,-638,-327,27,356,671,923,1065,1110,1022,832,554,209,-155,-517,-812,-1044,-1149,-1132,-1006,-740,-404,-18,358,698,964,1129,1159,1087,883,592,246,-136,-490,-803,-1041,-1175,-1174,-1046,-833,-518,-136,250,618,932,1150,1240,1207,1030,755,386,-26,-429,-809,-1092,-1264,-1315,-1200,-968,-633,-211,229,650,1000,1235,1344,1315,1113,809,401,-41,-476,-846,-1135,-1285,-1295,-1178,-912,-569,-168,262,641,960,1172,1244,1185,1015,724,369,-23,-414,-747,-1006,-1158,-1181,-1068,-859,-555,-198,173,527,824,1033,1126,1097,966,722,413,50,-308,-633,-885,-1045,-1101,-1041,-865,-601,-273,95,442,-814,-768,-82,769,552,-774,-985,-1086,-1062,-925,-692,-382,-38,306,635,881,1031,1068,1010,836,567,244,-101,-430,-715,-934,-1052,-1058,-949,-747,-472,-135,232,561,828,1016,1086,1052,902,653,342,-15,-378,-687,-936,-1078,-1100,-1008,-801,-511,-165,190,513,798,998,1083,1048,912,667,373,30,-316,-603,-846,-1000,-1039,-970,-817,-560,-256,73,389,666,883,1015,1016,920,731,472,145,-189,-503,-758,-930,-1010,-968,-828,-591,-299,26,336,617,821,938,934,848,672,424,141,-162,-435,-650,-796,-847,-818,-703,-518,-293,-31,226,453,629,737,769,712,596,428,207,-22,-254,-458,-605,-698,-714,-658,-552,-381,-165,63,289,628,637,714,714,653,528,330,106,-135,-365,-550,-695,-759,-739,-632,-461,-246,-4,257,479,657,766,777,716,574,365,115,-158,-404,-601,-754,-811,-783,-657,-471,-228,42,303,541,706,799,802,714,558,338,67,-201,-455,-664,-786,-823,-780,-636,-425,-154,124,395,631,783,849,815,679,463,193,-98,-365,-604,-765,-831,-776,-632,-422,-161,132,381,578,694,711,638,498,306,83,-136,-325,-453,-520,-526,-464,-368,-239,-86,53,189,289,354,376,352,301,235,132,27,-81,-169,-243,-282,-293,-270,-224,-160,-64,34,126,201,251,277,261,212,121,19,-95,-190,-243,-255,-214,-128,-26,996,996,-82,683,785,-150,-91,5,108,184,244,268,237,170,89,-4,-117,-196,-261,-290,-294,-274,-192,-102,7,143,244,308,369,394,372,310,199,52,-113,-280,-430,-521,-572,-562,-465,-298,-84,138,382,588,731,783,754,613,383,98,-233,-522,-761,-939,-973,-902,-708,-402,-74,297,643,909,1083,1125,1021,782,446,44,-355,-722,-1002,-1162,-1185,-1056,-807,-459,-60,355,734,1024,1181,1201,1092,852,497,102,-291,-663,-966,-1140,-1184,-1097,-895,-585,-202,199,567,876,1081,1166,1118,944,680,336,-52,-430,-764,-998,-1123,-1134,-1004,-775,-450,-99,289,638,910,1086,1125,1054,863,572,216,-147,-480,-793,-996,-1090,-176,-946,-707,-392,-48,292,614,869,1036,1083,1018,863,600,275,-86,-443,-745,-976,-1105,-1121,-1016,-801,-495,-112,261,625,918,1097,1166,1108,934,659,305,-64,-431,-756,-994,-1136,-1159,-1051,-848,-557,-201,187,541,845,1081,1191,1180,1051,809,465,75,-336,-707,-1011,-1210,-1277,-1216,-1026,-701,-320,119,543,893,1175,1329,1323,1170,883,511,91,-358,-766,-1077,-1281,-1331,-1235,-1010,-682,-266,158,572,918,1140,1267,1244,1084,827,464,56,-344,-702,-990,-1156,-1211,-1132,-939,-646,-285,109,475,785,1018,1137,1143,1030,801,489,122,-238,-578,-853,-1040,-1113,-1069,-914,-659,-338,17,376,687,923,1067,1089,984,90,309
61499,mtk,MTK 7916,862594096,rx0-tx1,512,-686,-385,-154,-9,-246,-457,-615,-709,-719,-651,-508,-327,-96,134,348,518,625,671,646,548,393,205,0,-199,-378,-515,-600,-622,-579,-476,-329,-155,26,221,377,503,575,600,552,459,320,149,-36,-224,-388,-518,-594,-619,-580,-475,-329,-138,66,272,455,593,679,683,615,491,312,91,-148,-375,-563,-685,-744,-705,-603,-434,-210,30,272,480,641,733,741,677,534,329,93,-153,-382,-567,-696,-741,-711,-598,-427,-214,21,250,447,606,696,705,651,518,331,123,-109,-323,-501,-627,-683,-678,-588,-438,-247,-29,195,391,545,646,680,640,533,364,153,-67,-284,-466,-604,-673,-664,-590,-448,-264,-38,189,395,550,645,678,632,518,344,119,-102,-310,-495,-614,-677,-669,-566,-414,-214,18,248,428,582,667,673,600,462,273,56,-178,-386,-542,-645,-664,-613,-489,-311,-107,120,325,482,587,619,586,484,331,142,-54,-249,-412,-509,-564,-547,-474,-344,-182,-18,160,311,419,485,496,457,359,224,89,-63,-217,-335,-426,-459,-441,-388,-285,-152,-4,149,276,374,424,434,393,300,172,13,-124,-252,-347,-395,-406,-360,-274,-164,-25,113,221,318,367,364,322,234,122,2,-118,-223,-297,-329,-315,-263,-176,-64,55,172,255,299,290,242,151,35,-80,-174,-233,-238,-192,-108,-11,-853,-742,0,714,853,-110,-36,57,148,211,242,221,154,68,-36,-138,-212,-248,-257,-230,-162,-78,18,118,197,252,269,243,201,123,37,-54,-135,-197,-237,-253,-221,-162,-95,-20,43,119,169,184,199,193,151,107,64,-5,-53,-86,-119,-142,-160,-163,-158,-137,-97,-48,-4,60,122,172,213,224,212,172,114,38,-43,-114,-180,-232,-255,-237,-200,-151,-87,-7,77,140,197,240,256,247,207,157,90,8,-78,-162,-228,-278,-294,-292,-249,-184,-94,18,127,223,302,345,351,316,243,144,27,-97,-202,-297,-362,-390,-361,-304,-216,-100,22,158,271,347,396,406,372,285,183,51,-98,-224,-48,-404,-436,-429,-375,-280,-150,0,154,297,399,481,501,460,383,255,94,-80,-252,-392,-492,-549,-537,-465,-337,-180,5,188,356,485,558,576,521,412,269,86,-101,-272,-422,-527,-584,-578,-513,-393,-225,-36,158,339,497,583,624,603,505,370,175,-23,-236,-427,-563,-651,-667,-619,-508,-331,-122,98,325,515,652,717,712,628,477,269,28,-222,-449,-629,-737,-770,-718,-584,-385,-134,124,363,576,718,787,763,653,470,238,-13,-263,-484,-655,-749,-765,-697,-562,-354,-116,129,367,560,689,754,735,625,455,248,2,-249,-461,-634,-735,-752,-686,-550,-351,-118,128,365,551,680,-406,-5,9,755,825,-725,-688,-567,-382,-152,87,316,499,636,706,686,598,441,249,42,-178,-376,-530,-620,-645,-606,-505,-357,-177,22,217,383,508,578,605,561,458,320,156,-33,-218,-377,-504,-581,-611,-572,-476,-329,-148,46,248,417,551,637,657,613,498,334,121,-107,-319,-499,-636,-709,-702,-617,-462,-266,-33,207,419,601,712,744,698,572,392,161,-77,-318,-523,-671,-742,-734,-646,-491,-280,-38,200,420,586,698,730,678,562,390,168,-64,-289,-488,-618,-692,-697,-618,-478,-285,-71,152,365,523,632,678,650,554,398,205,-16,-238,-424,-575,-655,-670,-615,-488,-311,-97,126,333,507,623,634,663,558,394,198,-24,-247,-447,-599,-678,-675,-610,-473,-278,-60,176,387,546,654,688,634,516,346,125,-107,-324,-502,-622,-674,-653,-548,-387,-177,48,257,443,570,642,633,540,398,218,17,-188,-366,-500,-575,-586,-534,-411,-251,-69,122,287,423,498,526,503,413,289,136,-26,-187,-328,-415,-459,-473,-418,-323,-195,-45,100,238,361,427,455,430,350,229,80,-64,-211,-323,-408,-428,-401,-338,-221,-94,45,181,284,358,391,360,296,208,75,-51,-176,-274,-328,-349,-327,-260,-162,-37,82,189,272,313,311,263,172,61,-61,-167,-249,-279,-259,-193,-98,16,112,176,185,233,452,0,-466,-79,137,188,197,161,87,-5,-111,-192,-242,-254,-220,-147,-60,28,125,200,246,266,242,183,102,3,-82,-158,-228,-256,-256,-214,-151,-79,12,103,167,210,223,220,195,130,64,5,-66,-118,-136,-169,-171,-148,-129,-104,-71,-22,25,75,115,151,161,181,181,158,110,58,-14,-81,-152,-199,-233,-229,-205,-165,-104,-23,60,126,185,224,247,230,199,150,83,7,-75,-144,-200,-245,-267,-263,-228,-171,-93,1,96,192,260,314,332,315,261,177,62,-54,-172,-272,-343,-377,-359,-306,-228,-123,1,127,231,320,373,388,367,290,193,74,-58,-190,-295,-368,-420,-417,-367,-1135,-168,-32,111,245,359,437,466,452,375,269,130,-43,-197,-340,-457,-520,-530,-476,-363,-217,-44,147,318,454,541,567,531,439,297,125,-66,-253,-397,-513,-571,-566,-506,-397,-245,-64,121,294,448,552,602,584,514,376,200,18,-192,-371,-522,-616,-647,-618,-511,-356,-162,55,267,462,608,679,696,639,503,308,73,-160,-385,-572,-703,-757,-722,-606,-424,-200,48,298,514,679,769,763,688,532,310,63,-194,-430,-620,-738,-777,-730,-606,-417,-185,66,304,513,670,746,748,670,510,305,69,-184,-415,-588,-707,-757,-709,-593,-410,-181,70,309,513,665,735,734,647,490,275,-742,-852
61500,mtk,MTK 7916,862594096,rx1-tx0,512,0,-256,-177,-556,-627,-639,-580,-467,-301,-102,111,326,504,646,713,711,642,497,288,45,-217,-453,-662,-792,-841,-811,-685,-471,-204,84,381,648,844,948,945,836,636,354,35,-311,-621,-848,-1001,-1052,-972,-782,-501,-164,197,520,804,997,1081,1039,884,638,310,-46,-398,-691,-924,-1048,-1049,-940,-737,-466,-136,207,512,784,964,1049,1022,873,639,345,16,-334,-639,-875,-1011,-1051,-976,-787,-508,-184,164,493,767,966,1053,1025,880,644,341,0,-356,-646,-881,-1008,-1031,-926,-724,-450,-129,218,528,768,927,980,929,771,519,224,-98,-396,-633,-820,-884,-870,-757,-555,-298,-17,244,484,664,767,-277,719,574,386,179,-65,-285,-468,-600,-666,-657,-592,-474,-303,-113,101,287,438,553,616,613,556,436,273,89,-103,-297,-450,-568,-629,-629,-557,-423,-249,-55,149,341,509,608,655,638,569,435,241,29,-199,-413,-589,-710,-756,-720,-606,-422,-192,80,341,578,773,865,874,773,586,311,-9,-338,-617,-854,-980,-973,-851,-623,-325,28,380,680,900,993,962,811,564,257,-99,-412,-686,-842,-907,-854,-694,-474,-185,117,389,594,729,758,717,573,373,141,-106,-330,-502,-613,-641,-596,-480,-293,-83,134,327,471,554,559,482,344,159,-51,-248,-395,-472,-464,-383,-225,-43,128,254,-108,-219,0,306,89,20,46,67,70,58,50,0,-29,-51,-68,-106,-96,-102,-87,-56,-31,12,67,106,130,139,114,116,82,22,-30,-76,-101,-123,-183,-184,-182,-138,-92,-30,31,130,186,230,269,262,221,210,86,-26,-115,-222,-333,-378,-375,-356,-254,-130,32,170,311,462,509,508,446,308,134,-62,-268,-443,-552,-596,-576,-476,-312,-97,121,325,491,602,635,588,467,290,71,-151,-350,-506,-600,-622,-566,-439,-263,-60,145,321,467,545,556,511,394,248,84,-84,-247,-353,-419,-447,-422,-356,-256,-134,-24,97,203,280,341,364,372,337,263,185,80,-45,-174,-285,-370,-425,-432,-406,489,-221,-78,82,229,371,463,523,517,433,326,171,-17,-192,-362,-492,-565,-583,-538,-420,-258,-78,126,314,468,575,620,595,500,357,169,-32,-246,-421,-554,-632,-644,-574,-455,-280,-65,135,328,498,601,651,611,526,395,204,8,-196,-375,-521,-605,-637,-604,-491,-353,-183,31,231,408,543,623,653,611,517,358,150,-67,-281,-484,-637,-721,-733,-667,-510,-301,-56,205,435,632,758,801,751,605,395,146,-133,-380,-587,-725,-772,-733,-624,-441,-214,32,257,458,604,668,674,605,479,305,106,-93,-289,-437,-544,-598,-586,-528,-408,-260,-88,92,262,416,521,584,585,522,418,421,503,0,-105,-216,-303,-115,87,277,448,584,659,676,610,485,301,83,-142,-367,-574,-716,-788,-765,-670,-498,-262,5,286,553,755,873,899,841,673,431,132,-190,-498,-752,-930,-1005,-980,-817,-576,-280,75,417,716,931,1051,1049,925,711,401,53,-310,-624,-874,-1030,-1073,-993,-816,-556,-216,134,466,741,944,1047,1023,905,691,396,75,-268,-578,-827,-991,-1055,-1004,-833,-577,-264,76,415,719,926,1036,1039,923,715,417,79,-266,-580,-827,-992,-1050,-985,-805,-557,-235,102,443,715,911,1010,991,852,640,349,23,-307,-602,-806,-923,-937,-845,-679,-423,-123,167,446,662,802,840,790,660,461,217,315,-277,-490,-626,-712,-727,-643,-514,-333,-117,96,288,455,568,630,632,557,444,289,99,-97,-282,-450,-563,-616,-615,-554,-438,-279,-80,128,323,476,586,641,635,570,436,257,52,-158,-351,-526,-643,-695,-684,-589,-434,-233,9,252,482,661,776,813,753,622,396,119,-184,-478,-717,-891,-956,-898,-740,-489,-150,194,519,781,956,1014,931,741,452,104,-243,-555,-784,-935,-952,-849,-640,-353,-52,267,522,723,827,824,716,538,293,25,-236,-467,-618,-701,-693,-600,-432,-224,5,219,411,544,597,582,490,339,147,-69,-261,-415,-510,-533,-462,-319,-126,73,253,372,399,351,230,250,160,0,394,488,64,40,11,-25,-45,-72,-86,-68,-68,-72,-40,3,47,84,103,112,130,121,77,30,-30,-60,-71,-119,-132,-128,-125,-104,-103,-50,31,93,164,190,208,220,193,145,111,17,-99,-164,-240,-323,-317,-300,-251,-162,-27,65,206,339,420,439,397,360,227,55,-122,-311,-453,-547,-576,-536,-408,-226,-18,197,395,548,625,616,537,393,192,-27,-258,-444,-585,-646,-621,-523,-370,-173,46,255,429,550,599,570,485,348,167,-24,-213,-369,-450,-496,-492,-427,-302,-175,-33,98,218,316,368,386,379,327,261,163,53,-55,-174,-266,-337,-391,-399,-371,-304,-215,-82,57,197,-571,414,473,481,435,341,197,43,-147,-302,-427,-530,-556,-527,-445,-292,-116,74,260,418,529,589,594,522,397,224,26,-185,-369,-518,-606,-637,-591,-481,-328,-138,81,288,459,590,643,623,561,421,242,33,-175,-352,-513,-612,-635,-605,-510,-368,-180,19,232,409,517,610,635,591,496,343,162,-43,-248,-425,-582,-672,-692,-645,-533,-353,-136,103,348,560,698,771,750,648,479,240,-18,-291,-525,-699,-797,-795,-693,-528,-298,-37,220,445,625,723,740,673,552,350,136,-83,-294,-462,-576,-624,-618,-556,-426,-271,-79,104,276,425,522,579,571,521,413,268,98,-90,-257,-405,-279,-43
61501,mtk,MTK 7916,862594096,rx1-tx1,512,0,0,0,756,742,578,302,-43,-392,-651,-781,-759,-591,-298,51,385,645,770,736,551,267,-63,-376,-615,-717,-662,-476,-196,109,381,576,640,561,362,86,-205,-444,-591,-615,-501,-274,7,293,513,623,595,435,179,-123,-402,-592,-656,-579,-383,-97,217,496,672,704,590,360,49,-281,-553,-720,-737,-589,-330,-11,308,584,733,723,572,305,-31,-351,-595,-717,-688,-513,-240,89,395,619,714,658,466,185,-142,-440,-644,-713,-645,-439,-147,183,474,662,721,637,418,120,-205,-486,-662,-701,-610,-402,-115,197,458,624,667,581,377,105,-177,-423,-573,-607,-528,-346,-106,138,354,498,530,0,279,69,-148,-311,-396,-392,-309,-164,16,192,309,340,282,175,24,-149,-282,-345,-331,-239,-80,104,267,383,417,359,207,7,-203,-385,-497,-503,-403,-213,29,279,480,593,592,473,251,-32,-317,-555,-684,-678,-544,-295,17,334,598,747,747,609,350,17,-321,-616,-797,-823,-681,-413,-69,310,631,823,877,771,502,136,-239,-571,-819,-921,-843,-616,-273,117,473,745,892,869,687,395,31,-329,-616,-793,-831,-717,-477,-165,174,464,657,733,684,515,260,-30,-294,-503,-616,-617,-517,-331,-99,134,338,479,531,498,394,234,40,-143,-291,-395,-437,-413,-343,-238,-117,-9,76,0,0,0,0,0,217,331,417,459,455,382,234,31,-187,-391,-556,-645,-640,-551,-363,-99,190,457,668,762,727,576,336,-3,-355,-623,-793,-836,-735,-488,-150,213,547,782,876,813,588,243,-144,-511,-794,-921,-880,-661,-311,117,522,836,991,960,758,401,-57,-504,-864,-1074,-1062,-842,-465,-6,470,856,1075,1090,895,526,56,-426,-827,-1068,-1096,-890,-518,-58,428,838,1067,1082,884,514,34,-448,-850,-1088,-1091,-873,-477,18,519,911,1126,1119,881,450,-72,-586,-990,-1203,-1171,-905,-456,100,650,1067,1290,1271,992,515,-69,-656,-1124,-1376,-1361,-1083,-607,-7,611,1100,1383,1405,1154,676,72,-540,-1047,0,-1388,-1155,-692,-93,515,1015,1316,1353,1106,646,66,-531,-1020,-1311,-1330,-1074,-599,-2,590,1067,1340,1340,1062,580,-28,-636,-1117,-1379,-1369,-1079,-574,52,663,1133,1387,1370,1077,559,-72,-668,-1131,-1364,-1339,-1051,-551,58,642,1091,1315,1271,976,479,-113,-664,-1058,-1233,-1162,-847,-351,204,705,1055,1196,1077,724,229,-319,-799,-1113,-1202,-1049,-666,-153,389,852,1145,1211,1032,640,118,-421,-869,-1144,-1196,-1010,-620,-118,397,829,1091,1137,955,588,121,-359,-755,-991,-1017,-849,-519,-95,333,680,873,873,698,389,12,-350,-633,-782,-752,-559,-257,90,417,636,712,641,418,111,-217,-501,-684,-715,0,0,0,0,0,-142,208,515,722,786,697,463,127,-237,-540,-731,-788,-689,-456,-127,219,506,690,734,630,393,82,-240,-500,-648,-662,-540,-298,2,300,525,627,592,440,186,-108,-377,-565,-624,-542,-340,-73,210,461,621,640,515,284,-14,-319,-550,-670,-655,-492,-223,98,403,631,727,676,485,190,-143,-447,-662,-748,-685,-470,-165,167,471,674,730,636,419,109,-213,-492,-673,-710,-601,-362,-42,285,549,709,720,576,308,-13,-323,-576,-717,-707,-560,-299,35,347,587,703,683,529,270,-38,-334,-571,-691,-662,-508,-248,52,329,543,644,607,460,238,-37,-300,-493,-570,-539,-414,-211,27,0,405,464,424,310,132,-68,-235,-336,-359,-298,-165,1,161,285,333,303,199,39,-136,-278,-360,-365,-284,-140,52,250,387,451,419,295,108,-124,-347,-492,-547,-497,-347,-110,170,421,595,660,589,399,129,-178,-461,-655,-722,-670,-480,-172,172,484,707,799,734,529,214,-156,-490,-742,-862,-814,-605,-282,89,447,735,890,883,703,394,19,-370,-690,-874,-907,-783,-512,-145,233,563,790,871,791,584,282,-74,-403,-646,-765,-755,-621,-374,-62,244,489,640,678,600,422,183,-80,-321,-494,-575,-559,-447,-270,-59,155,338,448,488,460,362,218,66,-82,-209,-289,-322,-316,-275,0,0,0,0,0,-275,-206,-105,46,214,375,507,576,569,473,303,82,-169,-414,-606,-714,-700,-572,-365,-79,236,516,734,820,771,572,267,-87,-424,-696,-847,-837,-674,-380,-3,366,662,845,879,732,459,74,-340,-685,-909,-963,-835,-544,-137,311,705,962,1065,964,645,198,-266,-695,-1004,-1123,-1013,-714,-278,214,666,983,1110,1030,745,306,-190,-644,-977,-1111,-1025,-737,-299,203,658,982,1108,1018,710,259,-243,-692,-1014,-1128,-1004,-682,-219,297,763,1082,1191,1046,684,190,-354,-844,-1172,-1267,-1119,-743,-199,392,907,1247,1354,1194,798,257,-346,-892,-1284,-1424,-1294,-915,-361,262,845,1259,1420,1309,941,0,-231,-797,-1210,-1384,-1285,-925,-384,220,773,1186,1359,1257,890,344,-269,-817,-1195,-1347,-1228,-852,-302,308,872,1255,1371,1225,844,271,-358,-911,-1286,-1408,-1253,-842,-271,359,922,1292,1409,1247,823,245,-371,-912,-1272,-1365,-1187,-783,-234,369,895,1217,1282,1092,690,146,-420,-890,-1170,-1203,-977,-555,-19,514,937,1168,1159,902,453,-93,-614,-1007,-1198,-1152,-872,-402,141,647,1020,1195,1137,852,386,-153,-656,-1022,-1175,-1092,-806,-370,132,596,941,1097,1029,756,341,-127,-552,-853,-970,-892,-644,-276,142,510,756,835,738,491,155,-206,-516,-703,-725,-594,-344,-16,307,568,701,670,505,229,-104,0,0
61502,mtk,MTK 7916,862594096,rx2-tx0,512,0,0,0,1122,994,665,182,-350,-827,-1148,-1245,-1086,-709,-180,393,900,1233,1314,1139,736,177,-421,-933,-1261,-1342,-1143,-719,-148,456,967,1281,1334,1115,675,92,-510,-1002,-1289,-1308,-1059,-592,-9,572,1040,1287,1268,981,490,-97,-664,-1093,-1294,-1224,-899,-390,192,738,1132,1288,1173,820,297,-280,-795,-1144,-1241,-1072,-692,-170,384,846,1130,1163,955,549,27,-492,-903,-1123,-1091,-820,-377,143,628,981,1124,1013,683,207,-318,-783,-1079,-1143,-965,-576,-62,480,935,1191,1190,948,505,-57,-616,-1058,-1284,-1242,-947,-453,134,704,1140,1343,1273,954,437,-175,-753,-1186,-1382,-1291,-954,-423,196,780,1205,1383,1279,0,388,-230,-800,-1208,-1375,-1257,-881,-339,269,828,1214,1353,1211,819,268,-346,-896,-1260,-1363,-1201,-793,-220,401,944,1307,1407,1216,772,172,-459,-1009,-1370,-1451,-1239,-785,-170,480,1035,1396,1475,1256,799,183,-483,-1054,-1413,-1493,-1286,-829,-204,461,1030,1389,1484,1294,850,242,-414,-982,-1354,-1455,-1268,-839,-250,390,951,1322,1423,1253,851,291,-328,-883,-1263,-1401,-1276,-909,-373,222,774,1173,1346,1264,950,478,-71,-597,-1009,-1224,-1204,-973,-579,-90,396,794,1040,1090,946,635,227,-198,-579,-839,-939,-880,-671,-359,-1,344,616,770,799,703,501,229,-58,-314,-508,-613,-629,-566,-436,-272,-108,40,0,0,0,0,0,-174,-38,126,305,470,595,651,612,475,250,-28,-315,-576,-757,-822,-750,-546,-239,116,475,758,911,911,761,468,57,-364,-730,-977,-1054,-936,-636,-208,276,724,1034,1166,1082,787,337,-179,-690,-1072,-1262,-1214,-934,-471,78,629,1077,1320,1310,1054,600,12,-592,-1075,-1351,-1373,-1138,-676,-82,531,1039,1346,1398,1188,749,171,-443,-966,-1295,-1369,-1177,-753,-193,398,905,1216,1291,1108,705,169,-391,-857,-1143,-1198,-1009,-614,-105,420,854,1097,1110,892,483,-25,-511,-888,-1081,-1052,-793,-360,141,620,974,1126,1040,732,261,-267,-738,-1063,-1184,-1064,-712,-212,330,815,1146,1246,1091,715,188,-386,0,-1221,-1288,-1102,-694,-141,441,937,1247,1301,1092,653,78,-513,-1006,-1296,-1324,-1071,-593,2,604,1094,1364,1352,1065,559,-64,-684,-1166,-1419,-1384,-1072,-538,109,735,1217,1459,1404,1058,507,-141,-768,-1230,-1452,-1378,-1025,-466,183,780,1211,1396,1297,933,381,-236,-798,-1192,-1331,-1191,-806,-258,325,831,1169,1261,1077,676,143,-416,-882,-1156,-1188,-967,-549,-30,495,913,1131,1112,857,424,-84,-559,-916,-1075,-1006,-733,-312,174,603,899,1000,882,581,171,-266,-638,-863,-891,-721,-400,3,400,703,846,798,568,216,-179,-542,-787,-858,-737,-449,-52,357,696,886,881,691,340,-102,-528,-847,-995,-930,0,0,0,0,0,44,548,948,1161,1148,893,444,-101,-638,-1058,-1274,-1234,-944,-470,110,683,1114,1320,1265,961,462,-131,-704,-1137,-1337,-1269,-945,-424,181,751,1166,1339,1237,881,348,-250,-800,-1181,-1323,-1183,-801,-254,338,864,1216,1313,1132,716,156,-429,-927,-1235,-1283,-1059,-618,-53,522,980,1228,1228,979,523,-43,-590,-1006,-1205,-1151,-851,-379,164,672,1026,1157,1038,700,212,-316,-774,-1057,-1111,-925,-536,-30,485,896,1112,1087,828,387,-143,-649,-1020,-1184,-1099,-776,-276,285,791,1136,1257,1115,737,200,-388,-905,-1239,-1324,-1136,-722,-155,453,977,1299,1360,1154,710,119,-495,-1009,-1324,-1372,-1148,-696,-101,511,0,1328,1354,1112,649,54,-544,-1036,-1319,-1320,-1061,-594,0,595,1071,1324,1303,1026,537,-72,-673,-1129,-1357,-1318,-1014,-496,129,731,1189,1416,1358,1023,486,-148,-763,-1234,-1460,-1396,-1055,-507,147,780,1259,1480,1416,1080,524,-141,-774,-1245,-1486,-1428,-1080,-527,119,735,1209,1448,1405,1084,551,-86,-702,-1180,-1421,-1383,-1076,-567,51,651,1131,1389,1374,1096,616,21,-577,-1062,-1346,-1367,-1135,-698,-133,445,922,1226,1300,1131,761,269,-259,-729,-1046,-1170,-1088,-805,-387,71,503,835,1007,991,806,491,102,-290,-616,-820,-875,-781,-566,-268,58,356,580,709,726,631,457,242,14,-196,-353,-443,-465,-428,0,0,0,0,0,-387,-467,-496,-458,-349,-175,53,304,524,678,746,705,541,279,-43,-372,-654,-836,-877,-768,-521,-171,216,591,865,986,934,712,350,-88,-531,-887,-1094,-1087,-885,-510,-21,486,899,1161,1211,1035,655,136,-415,-895,-1218,-1319,-1162,-790,-257,336,866,1232,1379,1268,897,354,-264,-838,-1250,-1421,-1320,-967,-428,188,764,1201,1392,1317,997,481,-128,-701,-1123,-1330,-1272,-965,-477,99,646,1054,1242,1174,878,411,-137,-643,-1004,-1158,-1076,-771,-306,214,678,999,1110,978,640,176,-328,-761,-1035,-1092,-919,-546,-54,453,877,1116,1124,903,491,-32,-558,-978,-1197,-1174,-919,-475,77,624,1047,1257,1214,0,449,-127,-684,-1101,-1298,-1225,-907,-404,180,734,1148,1331,1225,869,334,-267,-823,-1224,-1369,-1236,-852,-288,350,911,1289,1421,1260,833,237,-405,-971,-1350,-1462,-1265,-822,-214,443,1012,1380,1462,1247,785,168,-481,-1028,-1358,-1421,-1194,-730,-121,508,1021,1321,1346,1086,612,24,-565,-1033,-1277,-1248,-963,-480,89,640,1048,1222,1151,844,354,-202,-697,-1049,-1183,-1064,-723,-237,288,740,1034,1112,959,609,130,-370,-772,-999,-1023,-830,-462,-9,431,775,943,899,661,286,-138,-523,-790,-881,-779,-501,-115,291,623,821,830,653,330,-64,-458,-759,-887,-816,-564,-188,234,616,880,951,808,495,65,-396,0,0
61503,mtk,MTK 7916,862594096,rx2-tx1,512,0,0,0,-841,-332,246,788,1174,1332,1221,860,334,-262,-817,-1201,-1342,-1227,-865,-328,265,801,1178,1319,1189,823,292,-286,-788,-1134,-1247,-1101,-731,-216,332,792,1092,1148,955,574,73,-437,-845,-1066,-1049,-803,-395,108,595,946,1086,998,694,228,-306,-774,-1076,-1150,-978,-598,-83,457,908,1170,1193,958,520,-38,-598,-1041,-1263,-1223,-930,-435,156,724,1147,1325,1232,876,327,-302,-872,-1266,-1413,-1270,-858,-250,417,998,1394,1526,1338,879,236,-458,-1066,-1479,-1608,-1411,-936,-292,421,1054,1474,1614,1435,971,323,-380,-1006,-1419,-1562,-1406,-978,-364,307,903,1332,1500,1356,951,402,-212,-784,-1190,-1347,-1231,-878,0,178,664,1009,1142,1034,723,282,-186,-599,-878,-956,-828,-531,-121,292,626,814,824,652,334,-49,-414,-685,-792,-725,-501,-155,225,554,765,806,663,362,-37,-441,-763,-922,-888,-671,-282,205,660,990,1142,1069,759,281,-260,-772,-1177,-1366,-1269,-920,-400,214,817,1268,1493,1435,1107,561,-110,-771,-1275,-1562,-1570,-1271,-738,-66,637,1217,1573,1645,1421,953,307,-393,-1022,-1458,-1632,-1516,-1140,-564,91,710,1182,1433,1431,1184,734,180,-379,-855,-1157,-1240,-1105,-789,-348,132,565,874,1020,980,771,439,47,-325,-620,-799,-848,-751,-531,-241,61,340,551,667,685,603,452,261,62,-115,-244,-313,0,0,0,0,0,-192,-349,-486,-589,-632,-601,-466,-239,13,276,516,663,712,666,529,275,-31,-326,-566,-701,-702,-599,-414,-86,245,492,672,737,672,472,142,-206,-510,-708,-780,-729,-514,-170,189,517,761,866,806,563,188,-200,-557,-830,-943,-871,-632,-277,158,550,823,949,905,669,294,-131,-538,-847,-984,-921,-680,-313,126,549,853,983,924,681,301,-136,-549,-855,-984,-918,-676,-293,149,555,855,975,884,623,239,-204,-598,-866,-966,-876,-596,-192,258,660,921,995,866,563,154,-296,-693,-946,-1007,-869,-561,-141,308,700,947,1004,861,539,112,-334,-719,-946,-990,-835,-505,-69,378,750,969,0,811,468,30,-411,-766,-961,-968,-783,-438,-3,424,758,922,898,685,325,-97,-494,-779,-900,-831,-588,-211,207,590,847,924,792,484,77,-353,-722,-948,-976,-801,-456,-9,443,814,1022,1016,795,408,-55,-504,-859,-1038,-999,-751,-343,130,565,883,1015,937,657,235,-241,-667,-945,-1010,-866,-536,-95,383,781,1005,1025,828,442,-42,-515,-891,-1084,-1041,-785,-358,150,628,992,1152,1066,750,279,-263,-761,-1097,-1215,-1091,-739,-240,314,813,1153,1248,1097,729,200,-363,-834,-1139,-1219,-1055,-675,-155,395,860,1137,1175,970,572,53,-482,-911,-1150,-1146,-906,-472,58,579,982,1185,1145,866,394,0,0,0,0,0,-977,-1251,-1283,-1057,-607,-33,539,1020,1309,1324,1068,609,39,-541,-1021,-1301,-1316,-1061,-597,-22,548,1001,1251,1254,997,544,-11,-559,-977,-1191,-1156,-869,-414,106,606,973,1117,1022,715,246,-271,-722,-1007,-1074,-907,-540,-53,449,858,1083,1079,836,401,-130,-636,-1009,-1174,-1097,-781,-296,256,770,1130,1243,1095,717,186,-395,-897,-1222,-1291,-1073,-644,-77,527,1034,1320,1341,1086,586,-47,-674,-1170,-1436,-1425,-1126,-580,97,757,1272,1545,1514,1176,601,-96,-774,-1309,-1581,-1548,-1224,-650,51,735,1268,1557,1538,1223,672,-6,-670,-1203,-1502,-1499,-1203,-693,-60,572,1083,1380,1404,1151,682,104,-469,-934,0,-1215,-994,-588,-85,415,810,1019,1015,796,424,-17,-440,-750,-888,-831,-593,-237,160,517,759,824,697,418,59,-313,-618,-784,-771,-572,-245,142,512,776,864,764,491,102,-342,-738,-985,-1029,-864,-500,-14,503,935,1200,1243,1043,618,53,-537,-1044,-1369,-1430,-1217,-773,-172,488,1071,1445,1552,1377,941,314,-378,-1015,-1461,-1633,-1515,-1126,-521,181,849,1361,1640,1617,1303,774,103,-583,-1138,-1480,-1560,-1373,-962,-392,237,796,1189,1365,1287,990,545,22,-488,-882,-1095,-1112,-938,-603,-182,246,607,844,923,845,631,320,-33,-362,-612,-752,-775,-676,-482,-229,33,259,433,526,545,494,398,265,0,0,0,0,0,454,397,288,118,-79,-293,-504,-651,-697,-637,-499,-289,-16,267,520,689,732,651,463,191,-110,-389,-610,-748,-762,-577,-289,24,341,599,741,737,589,332,-7,-363,-643,-809,-809,-641,-384,-21,361,670,854,881,727,430,47,-346,-697,-918,-962,-830,-493,-67,335,688,921,970,820,501,76,-347,-703,-931,-974,-829,-523,-98,356,724,952,987,819,503,91,-352,-718,-930,-965,-806,-471,-45,388,740,932,936,751,406,-21,-435,-771,-960,-948,-736,-370,65,484,818,996,967,744,372,-76,-519,-855,-1015,-969,-731,-348,100,520,844,1003,945,697,319,-134,-561,-869,-997,-922,-660,-266,0,591,875,987,906,642,247,-204,-608,-869,-966,-866,-586,-192,238,624,864,904,762,464,63,-356,-689,-873,-870,-680,-342,79,492,805,949,896,650,261,-193,-609,-906,-1032,-941,-644,-216,259,678,962,1051,920,603,162,-313,-710,-968,-1028,-860,-510,-56,409,791,993,985,768,391,-72,-525,-872,-1027,-955,-690,-266,223,663,959,1064,940,614,161,-337,-784,-1065,-1122,-936,-546,-41,470,891,1145,1160,935,514,-22,-558,-987,-1222,-1206,-946,-494,55,598,1020,1227,1184,908,453,-97,-625,-1011,-1196,-1136,-841,-376,163,672,1032,1174,1075,750,262,-279,-761,-1081,-1187,-1042,-672,-166,378,856,1148,0,0
61504,mtk,MTK 7916,862627730,rx0-tx0,512,-330,675,858,-680,-448,-171,134,411,661,824,907,900,807,624,376,96,-195,-458,-681,-839,-908,-882,-770,-583,-336,-49,233,504,721,867,925,888,760,557,287,-5,-295,-562,-765,-895,-935,-879,-728,-511,-232,68,360,621,806,908,919,834,668,434,156,-136,-403,-643,-798,-881,-875,-788,-614,-382,-123,156,429,644,792,859,849,762,586,359,85,-193,-452,-655,-795,-857,-836,-722,-532,-290,-21,252,496,678,794,815,762,624,425,199,-58,-300,-515,-658,-735,-738,-661,-532,-350,-137,87,296,466,587,654,655,592,467,312,119,-83,-274,-432,-552,-612,-615,-566,-458,-300,-116,76,262,415,531,-26,614,561,448,301,118,-85,-280,-442,-563,-623,-635,-570,-450,-278,-74,132,332,499,613,666,654,552,415,232,7,-216,-411,-574,-671,-689,-634,-523,-341,-140,84,297,483,624,689,676,604,464,277,57,-176,-393,-550,-658,-700,-671,-557,-398,-185,56,286,489,640,720,713,630,474,259,23,-223,-444,-611,-696,-703,-620,-470,-267,-37,191,393,540,607,602,523,392,220,25,-148,-298,-400,-455,-458,-402,-312,-195,-69,55,161,251,301,315,301,257,187,108,22,-59,-134,-196,-235,-249,-245,-209,-149,-78,3,82,157,214,237,233,203,141,54,-45,-130,-189,-212,-196,-138,-57,-80,184,510,-483,-264,108,55,-22,-105,-174,-216,-219,-190,-131,-58,27,111,180,233,253,246,217,151,78,-4,-103,-191,-266,-320,-337,-320,-269,-173,-61,83,225,345,442,491,489,419,303,142,-61,-274,-448,-587,-672,-669,-579,-418,-194,60,320,557,737,831,832,725,529,266,-47,-363,-641,-846,-951,-953,-838,-620,-322,15,350,659,875,997,1006,899,695,399,57,-291,-601,-845,-991,-1021,-947,-763,-491,-173,164,490,743,928,1012,978,843,612,323,6,-330,-612,-828,-964,-979,-907,-730,-474,-174,155,451,701,884,974,950,823,615,347,31,-280,-558,-782,-921,-961,-898,-738,-499,-215,92,388,634,301,904,916,824,649,418,131,-151,-433,-670,-842,-918,-914,-817,-635,-379,-99,216,502,736,895,971,948,820,610,326,10,-312,-596,-819,-950,-1006,-937,-771,-538,-248,63,368,640,833,964,997,927,763,519,227,-95,-402,-692,-907,-1027,-1045,-958,-772,-509,-178,169,495,780,983,1088,1083,967,744,451,94,-261,-594,-879,-1070,-1147,-1093,-931,-662,-329,38,404,712,953,1094,1115,1012,816,528,194,-154,-483,-762,-962,-1054,-1040,-921,-713,-427,-110,208,521,768,937,1012,982,837,627,355,39,-265,-542,-777,-922,-966,-914,-775,-568,-292,13,308,571,778,914,946,877,725,498,217,-72,-358,-814,-768,-82,769,552,637,814,917,920,833,657,404,125,-167,-438,-673,-835,-911,-892,-783,-603,-357,-75,215,477,693,844,905,878,763,564,315,33,-259,-523,-749,-888,-929,-884,-743,-530,-265,29,320,582,787,910,932,860,700,464,190,-107,-389,-633,-807,-903,-898,-813,-639,-395,-127,155,422,645,793,865,865,775,597,369,105,-163,-424,-639,-792,-868,-855,-751,-566,-331,-58,218,473,676,808,855,815,680,484,241,-26,-280,-511,-668,-767,-781,-716,-571,-378,-159,82,308,493,626,692,691,621,494,328,124,-85,-286,-445,-561,-628,-633,-573,-456,-303,-113,72,261,421,541,600,608,552,444,299,628,-64,-264,-423,-541,-611,-626,-567,-457,-291,-103,102,304,469,590,648,640,568,435,253,53,-170,-375,-526,-646,-688,-643,-545,-385,-177,44,254,450,597,679,689,625,499,313,89,-130,-346,-522,-646,-700,-684,-586,-427,-228,-3,226,424,580,690,715,655,530,339,110,-138,-369,-557,-681,-721,-691,-572,-382,-153,89,321,502,626,666,625,516,349,142,-69,-265,-415,-514,-540,-498,-414,-285,-138,21,165,275,351,383,366,317,240,138,38,-64,-155,-223,-265,-278,-271,-237,-179,-101,-18,61,139,195,233,247,231,186,119,34,-49,-131,-195,-237,-232,-190,-117,-28,65,137,170,996,996,-82,683,785,-117,-165,-188,-172,-120,-43,45,125,188,224,235,213,165,94,8,-71,-151,-220,-259,-287,-281,-236,-170,-79,31,139,248,331,389,413,374,288,166,14,-155,-322,-458,-559,-599,-553,-432,-275,-58,182,406,596,716,761,713,575,356,90,-201,-482,-708,-859,-917,-854,-691,-436,-133,194,517,778,943,993,939,777,510,195,-157,-477,-758,-948,-1028,-988,-837,-598,-283,55,385,680,893,997,1006,893,683,416,86,-249,-551,-794,-945,-1000,-953,-784,-553,-244,81,392,671,867,972,975,865,676,408,98,-227,-518,-749,-907,-965,-917,-781,-561,-277,29,338,604,806,918,941,859,687,-176,174,-125,-419,-654,-832,-920,-913,-820,-641,-394,-114,172,456,700,858,946,939,819,622,358,57,-260,-553,-788,-940,-996,-946,-798,-565,-280,36,359,624,832,962,988,925,754,515,230,-88,-395,-667,-871,-993,-1011,-941,-770,-518,-205,118,446,727,942,1061,1060,961,764,480,146,-214,-553,-835,-1037,-1130,-1101,-969,-727,-400,-27,340,671,935,1092,1142,1063,878,607,268,-97,-446,-743,-961,-1071,-1074,-966,-765,-480,-144,194,508,769,949,1026,1010,890,672,396,83,-247,-539,-767,-927,-982,-928,-807,-594,-316,-11,290,552,771,915,954,895,746,533,257,-46,-339,-591,-793,-907,-927,-870,90,309
61505,mtk,MTK 7916,862627730,rx0-tx1,512,-686,-385,-154,-30,195,405,576,674,706,661,544,379,171,-50,-262,-451,-579,-644,-647,-590,-469,-303,-118,85,265,424,538,596,597,537,436,289,115,-63,-240,-387,-502,-571,-582,-543,-460,-320,-151,29,209,379,508,585,616,591,505,360,186,-13,-220,-401,-553,-655,-682,-645,-536,-381,-174,51,273,473,628,709,724,661,532,343,121,-116,-343,-532,-664,-731,-722,-636,-486,-282,-49,183,397,562,679,715,685,581,423,218,-5,-227,-424,-579,-673,-695,-641,-536,-376,-171,46,260,449,584,665,669,613,494,327,116,-95,-300,-475,-593,-656,-651,-583,-448,-272,-70,137,340,511,624,665,640,-38,404,207,0,-216,-416,-565,-650,-670,-617,-501,-335,-132,88,303,481,609,667,657,577,429,237,16,-201,-398,-549,-641,-662,-618,-494,-321,-120,96,310,473,589,644,621,522,373,190,-16,-208,-381,-502,-575,-582,-526,-417,-260,-84,94,264,397,491,522,504,433,317,170,6,-149,-283,-389,-452,-468,-439,-365,-258,-115,33,178,296,389,440,433,383,305,178,38,-110,-246,-347,-418,-430,-387,-308,-198,-69,69,199,292,354,381,358,295,199,75,-49,-161,-264,-315,-337,-324,-259,-174,-64,60,160,246,298,307,273,202,97,-16,-124,-213,-265,-264,-221,-132,-27,71,145,171,-853,-742,0,714,853,-149,-187,-188,-141,-61,29,125,200,240,242,202,133,48,-50,-140,-204,-247,-254,-231,-177,-103,-13,79,158,221,250,246,214,159,91,3,-79,-149,-194,-220,-217,-188,-142,-89,-25,35,89,126,156,163,167,152,129,94,51,15,-34,-83,-129,-157,-177,-187,-185,-146,-99,-45,20,88,154,200,226,225,210,165,95,18,-56,-125,-182,-222,-240,-237,-210,-161,-101,-30,45,113,183,234,269,274,252,205,130,48,-47,-139,-227,-297,-326,-327,-289,-219,-132,-19,98,200,290,345,366,348,292,208,97,-20,-138,-241,-322,-377,-384,-356,-291,-192,-73,48,168,278,361,407,-48,375,307,199,67,-77,-209,-327,-413,-456,-466,-415,-322,-194,-40,125,276,405,495,531,502,434,306,150,-25,-194,-352,-470,-542,-552,-509,-413,-268,-99,70,244,396,504,567,569,517,407,264,87,-97,-271,-422,-539,-601,-594,-539,-419,-268,-81,119,310,478,590,643,641,560,437,261,54,-159,-362,-532,-650,-708,-685,-594,-442,-239,-4,230,437,612,721,757,710,583,392,171,-83,-322,-528,-684,-760,-761,-677,-521,-314,-71,174,403,586,709,753,721,625,456,245,16,-225,-443,-604,-706,-738,-695,-577,-403,-183,53,285,490,638,724,731,658,518,334,104,-129,-360,-539,-670,-406,-5,9,755,825,726,692,595,427,214,-12,-242,-438,-585,-674,-681,-631,-508,-334,-131,78,275,446,559,621,619,551,445,289,114,-75,-250,-398,-516,-576,-589,-536,-438,-302,-138,42,212,372,501,575,599,573,484,339,172,-17,-208,-389,-528,-615,-655,-624,-532,-386,-186,29,245,432,581,680,701,654,535,362,150,-79,-302,-500,-642,-720,-727,-655,-509,-315,-91,147,369,553,678,731,710,613,457,252,19,-209,-416,-580,-682,-710,-668,-557,-396,-193,31,247,431,583,667,679,627,508,340,141,-72,-274,-451,-583,-652,-653,-602,-476,-299,-99,113,311,484,603,657,650,576,434,247,31,-174,634,-543,-641,-669,-636,-531,-367,-167,50,262,445,581,658,667,599,468,282,66,-154,-358,-520,-622,-666,-637,-541,-376,-175,38,254,445,573,642,648,577,443,270,60,-157,-351,-491,-586,-616,-576,-476,-321,-143,55,235,398,503,553,546,483,366,209,35,-127,-277,-396,-476,-502,-471,-394,-278,-137,15,160,289,383,441,445,409,327,217,73,-74,-197,-307,-392,-427,-418,-354,-257,-132,13,148,261,346,393,397,348,256,147,19,-110,-222,-312,-358,-354,-323,-243,-131,-24,98,201,278,326,322,275,200,94,-22,-133,-226,-285,-294,-263,-192,-84,31,135,210,233,207,138,51,233,452,0,-466,-79,-82,-12,78,162,213,228,201,134,44,-56,-147,-211,-251,-255,-212,-151,-66,28,117,188,236,254,241,198,130,42,-42,-124,-185,-231,-243,-224,-176,-122,-47,30,102,146,178,189,185,156,120,77,29,-15,-63,-100,-131,-143,-155,-161,-151,-122,-82,-36,12,76,142,180,211,215,203,163,102,31,-42,-117,-186,-228,-241,-235,-207,-154,-87,-16,52,122,179,221,248,244,230,187,122,48,-40,-117,-197,-258,-293,-300,-276,-223,-139,-39,64,171,256,322,353,337,289,214,112,-2,-125,-225,-306,-357,-371,-353,-291,-204,-88,35,156,262,348,391,396,365,296,195,71,-1135,-183,-296,-383,-436,-439,-400,-317,-194,-60,93,242,363,455,502,491,429,323,181,7,-165,-325,-452,-530,-550,-514,-424,-288,-123,58,229,383,499,550,558,511,403,258,85,-93,-265,-407,-515,-578,-577,-518,-415,-268,-83,104,292,446,557,620,618,557,432,262,75,-135,-331,-497,-621,-678,-666,-583,-447,-262,-40,194,404,576,690,737,696,594,424,206,-30,-272,-487,-648,-749,-765,-692,-555,-356,-123,120,363,559,699,759,741,649,487,275,36,-196,-416,-598,-703,-747,-712,-601,-425,-213,24,258,464,620,715,735,682,552,366,146,-94,-324,-511,-655,-726,-723,-644,-490,-302,-742,-852
61506,mtk,MTK 7916,862627730,rx1-tx0,512,0,-256,-177,452,527,553,513,431,305,138,-42,-222,-385,-513,-594,-619,-588,-490,-339,-148,68,282,470,616,702,720,657,526,328,99,-150,-388,-597,-749,-821,-800,-699,-520,-278,-5,275,528,728,852,885,825,678,446,167,-118,-411,-653,-825,-906,-885,-779,-597,-340,-55,241,498,709,841,892,842,709,515,265,-14,-290,-533,-725,-848,-886,-834,-688,-481,-213,69,339,588,768,872,886,810,657,420,136,-147,-422,-655,-812,-889,-867,-750,-558,-306,-25,256,502,702,831,869,812,660,442,185,-93,-354,-567,-735,-802,-791,-696,-531,-303,-52,186,416,587,699,731,691,568,398,188,-28,-237,-277,-546,-618,-627,-574,-460,-308,-141,44,223,370,484,541,546,503,421,297,141,-19,-178,-317,-433,-515,-535,-507,-426,-306,-163,9,174,318,437,516,546,521,452,324,173,3,-167,-330,-457,-559,-585,-561,-498,-364,-195,-12,201,396,542,645,682,652,549,386,161,-82,-325,-542,-709,-798,-784,-688,-505,-265,11,308,568,750,851,849,748,549,287,-3,-289,-544,-731,-814,-794,-689,-504,-269,-2,260,470,621,700,697,614,461,245,18,-205,-385,-515,-589,-596,-531,-393,-228,-36,148,314,438,509,507,441,335,184,4,-171,-315,-409,-454,-421,-325,-186,-12,152,274,331,314,235,-108,-219,0,306,89,-47,-30,-8,20,45,60,77,82,59,44,25,-10,-44,-66,-88,-100,-102,-88,-69,-35,-1,40,75,109,133,135,131,107,74,29,-20,-70,-116,-152,-179,-190,-179,-147,-100,-42,42,110,179,232,271,275,247,174,86,-9,-126,-224,-319,-382,-390,-362,-274,-142,2,168,307,417,486,494,441,326,173,-10,-189,-348,-465,-531,-532,-462,-334,-173,16,198,356,475,540,530,468,346,183,11,-170,-316,-426,-499,-499,-441,-334,-205,-46,105,239,336,394,406,379,306,219,109,2,-112,-205,-271,-312,-327,-315,-274,-209,-137,-57,36,131,216,282,329,351,337,284,202,92,489,-145,-261,-356,-410,-434,-405,-328,-217,-84,70,211,336,428,478,481,424,315,179,27,-136,-286,-406,-489,-515,-494,-420,-298,-138,30,196,343,459,513,531,485,390,260,99,-75,-241,-384,-483,-539,-528,-476,-366,-231,-66,113,261,388,485,529,518,462,363,227,74,-97,-252,-386,-493,-539,-546,-493,-393,-257,-91,89,266,413,534,609,610,553,436,266,68,-151,-355,-518,-634,-668,-639,-541,-371,-172,51,269,456,585,651,642,574,442,263,60,-135,-321,-467,-553,-584,-560,-476,-348,-197,-25,137,293,405,482,509,498,436,326,197,48,-99,-232,-357,-437,-482,-487,-442,-361,421,503,0,-105,-216,283,136,-36,-202,-343,-470,-553,-579,-548,-461,-325,-146,44,243,419,557,646,670,625,516,351,145,-94,-326,-535,-684,-765,-767,-687,-532,-315,-60,207,458,670,806,854,817,694,489,227,-64,-345,-593,-789,-884,-901,-818,-640,-395,-108,197,463,687,839,901,872,748,551,297,15,-268,-520,-720,-851,-889,-835,-699,-496,-239,36,314,556,745,866,887,825,671,441,175,-110,-383,-622,-803,-882,-874,-782,-603,-359,-80,211,465,679,825,881,840,709,510,259,-22,-304,-552,-728,-828,-841,-759,-606,-388,-119,140,391,592,727,774,749,640,466,251,18,-220,-427,-580,-666,-679,-637,315,-348,-151,45,233,396,505,566,580,526,425,289,123,-36,-195,-332,-450,-516,-534,-507,-428,-309,-152,14,170,314,426,508,538,509,434,315,164,-14,-179,-336,-452,-527,-554,-540,-464,-344,-187,1,170,344,494,580,626,614,517,377,191,-21,-244,-446,-613,-716,-736,-680,-544,-347,-90,176,436,646,783,835,795,637,413,138,-149,-432,-663,-812,-858,-806,-650,-410,-131,155,412,623,743,779,713,571,372,132,-113,-334,-514,-623,-656,-615,-497,-337,-138,68,270,421,517,550,518,428,291,117,-68,-230,-360,-456,-483,-444,-343,-204,-34,143,285,381,414,362,251,101,-51,-167,250,160,0,394,488,33,54,65,69,53,40,19,-20,-50,-66,-86,-101,-85,-68,-42,-10,26,57,84,101,113,113,102,70,29,-19,-57,-98,-125,-149,-154,-147,-123,-86,-39,21,82,142,185,226,228,204,161,98,20,-74,-167,-251,-300,-334,-318,-264,-181,-59,71,201,331,405,443,422,347,237,84,-87,-255,-398,-491,-529,-491,-400,-257,-85,104,281,419,514,549,513,411,268,90,-92,-260,-407,-494,-526,-493,-400,-273,-109,74,228,343,424,466,440,370,257,129,2,-127,-228,-309,-354,-364,-339,-274,-198,-110,-18,76,164,230,272,307,319,298,252,175,90,-20,-130,-231,-318,-370,-571,-367,-311,-211,-95,37,176,296,389,446,458,415,332,207,63,-97,-257,-381,-460,-497,-490,-421,-313,-168,-2,158,313,434,502,522,490,413,275,116,-51,-221,-363,-468,-534,-531,-484,-386,-248,-77,100,255,389,476,538,529,462,370,227,60,-108,-261,-392,-484,-535,-531,-468,-375,-238,-79,85,256,393,499,557,571,519,422,278,92,-108,-289,-458,-577,-648,-641,-561,-418,-230,-11,202,412,563,653,671,619,492,315,104,-112,-312,-478,-585,-623,-602,-527,-388,-221,-40,144,309,432,513,538,516,443,330,196,43,-110,-263,-374,-453,-491,-479,-434,-342,-214,-79,73,217,344,-279,-43
61507,mtk,MTK 7916,862627730,rx1-tx1,512,0,0,0,-640,-618,-465,-207,94,382,596,674,617,443,177,-132,-409,-599,-663,-585,-395,-132,159,410,569,607,508,303,38,-229,-438,-544,-526,-401,-189,66,303,464,519,464,308,74,-173,-381,-513,-523,-411,-203,51,294,465,544,508,350,111,-155,-393,-556,-593,-504,-303,-37,242,472,616,624,492,264,-15,-302,-523,-635,-614,-460,-209,76,349,552,630,573,397,125,-164,-410,-575,-613,-521,-310,-38,237,465,601,607,483,259,-21,-296,-512,-622,-599,-452,-213,70,330,523,613,571,413,174,-98,-347,-524,-587,-528,-369,-139,122,350,498,551,479,311,102,-125,-326,-446,-466,-399,-262,0,134,284,368,367,283,145,-15,-160,-263,-296,-260,-159,-19,130,237,288,264,173,42,-107,-244,-318,-317,-254,-121,57,221,344,403,368,254,73,-125,-311,-446,-487,-427,-273,-48,189,396,527,567,481,281,32,-227,-458,-611,-629,-520,-308,-31,257,501,653,672,561,342,42,-276,-548,-711,-739,-623,-382,-60,268,552,731,769,672,443,117,-221,-519,-723,-791,-707,-495,-197,129,429,652,747,703,530,266,-37,-327,-552,-665,-657,-534,-312,-43,220,434,557,580,501,333,111,-112,-307,-448,-503,-466,-352,-178,12,184,321,404,421,371,269,133,-8,-133,-226,-282,-295,-269,-222,0,0,0,0,0,255,212,133,10,-137,-280,-403,-482,-498,-436,-301,-109,112,325,500,603,614,513,319,69,-203,-459,-634,-693,-641,-470,-206,99,391,618,728,701,540,271,-54,-376,-623,-752,-736,-575,-298,45,396,672,817,799,631,335,-40,-419,-718,-878,-869,-689,-367,33,436,759,930,919,725,390,-32,-449,-773,-935,-926,-734,-382,46,458,781,943,912,694,331,-100,-503,-797,-940,-890,-646,-258,177,572,849,956,858,577,173,-270,-662,-927,-996,-850,-525,-87,373,766,1010,1058,883,518,43,-449,-855,-1106,-1134,-933,-532,-18,494,918,1169,1192,979,561,37,-490,-924,-1175,-1190,-971,-556,-27,0,929,1157,1149,923,506,-23,-535,-936,-1143,-1112,-857,-413,115,607,977,1142,1072,780,324,-207,-701,-1043,-1172,-1060,-725,-242,303,784,1099,1196,1047,680,169,-378,-845,-1142,-1207,-1016,-620,-105,433,885,1144,1165,960,554,37,-476,-883,-1102,-1087,-849,-439,53,529,887,1052,990,716,279,-208,-637,-925,-1013,-885,-572,-128,344,738,979,1009,828,478,26,-440,-814,-1015,-1004,-781,-407,52,504,850,1025,982,736,350,-103,-525,-835,-974,-907,-660,-292,127,510,782,883,798,556,210,-165,-491,-704,-763,-655,-417,-99,229,494,641,642,504,254,-45,-325,-528,-609,-560,-376,-105,176,418,575,602,0,0,0,0,0,81,-212,-473,-634,-660,-554,-335,-44,260,504,649,661,532,296,5,-281,-504,-622,-606,-467,-230,50,316,504,574,528,364,122,-139,-366,-504,-529,-439,-249,1,244,433,524,498,356,134,-121,-342,-491,-534,-459,-273,-25,224,436,559,558,431,205,-72,-332,-520,-614,-573,-398,-148,135,403,583,633,562,371,99,-188,-440,-602,-626,-519,-300,-26,259,488,606,600,462,225,-55,-325,-527,-615,-569,-404,-154,129,389,564,619,551,366,101,-179,-426,-583,-619,-521,-317,-58,215,446,575,586,484,282,22,-236,-440,-553,-549,-435,-235,10,238,418,508,492,373,191,-17,-218,-371,0,-399,-285,-121,56,209,307,332,272,153,7,-131,-231,-271,-247,-162,-26,117,231,297,287,208,71,-90,-239,-331,-363,-316,-181,3,189,349,442,446,343,163,-53,-269,-442,-524,-505,-384,-176,82,324,514,598,567,418,179,-93,-361,-568,-660,-616,-451,-192,118,409,612,704,664,476,198,-118,-424,-656,-761,-712,-526,-247,83,401,646,774,754,590,316,-13,-345,-605,-748,-757,-628,-384,-71,248,507,670,707,617,414,142,-141,-390,-565,-633,-583,-430,-209,39,270,450,538,528,428,259,46,-165,-332,-434,-465,-413,-296,-139,30,184,301,365,371,331,257,155,46,-48,-121,0,0,0,0,0,154,255,339,388,392,345,238,78,-110,-301,-455,-545,-560,-488,-330,-105,148,384,566,656,639,510,283,-3,-297,-542,-686,-711,-608,-385,-91,231,507,694,751,656,435,128,-209,-522,-737,-800,-703,-466,-131,240,568,793,871,778,527,162,-248,-597,-838,-934,-836,-564,-186,236,617,869,947,846,576,186,-249,-631,-890,-964,-836,-547,-156,273,654,897,947,802,492,77,-350,-704,-918,-943,-764,-422,2,434,785,968,949,736,361,-91,-528,-860,-1021,-975,-721,-310,173,627,970,1109,1022,729,284,-229,-707,-1047,-1185,-1083,-759,-292,243,730,1079,1222,1115,789,312,-233,-735,-1081,-1205,0,-767,-283,259,747,1074,1178,1042,691,205,-319,-785,-1085,-1153,-978,-606,-107,415,850,1114,1151,944,534,11,-512,-929,-1159,-1162,-912,-462,74,586,996,1197,1151,868,409,-132,-651,-1040,-1198,-1114,-809,-343,194,687,1033,1159,1048,727,256,-265,-715,-1004,-1083,-938,-591,-120,363,761,996,1009,808,433,-35,-493,-841,-1008,-963,-713,-309,170,611,918,1037,940,642,212,-262,-678,-954,-1036,-912,-595,-160,302,701,950,997,841,518,101,-325,-682,-899,-925,-758,-442,-51,332,639,802,792,623,331,-23,-359,-605,-707,-659,-472,-186,129,398,575,627,524,314,42,-242,-473,-593,-577,-428,-187,89,0,0
61508,mtk,MTK 7916,862627730,rx2-tx0,512,0,0,0,-1085,-938,-593,-99,432,883,1162,1200,988,567,20,-544,-1005,-1264,-1262,-999,-531,53,632,1079,1300,1262,963,457,-147,-716,-1137,-1321,-1228,-878,-345,262,807,1185,1314,1156,751,195,-399,-910,-1226,-1276,-1054,-605,-29,550,1008,1250,1225,946,463,-122,-681,-1091,-1265,-1165,-822,-306,268,789,1134,1229,1063,672,134,-428,-879,-1129,-1146,-914,-478,58,571,952,1120,1035,726,249,-280,-741,-1037,-1102,-917,-524,-15,499,901,1111,1073,792,335,-198,-702,-1062,-1189,-1058,-698,-182,384,877,1187,1246,1040,609,48,-534,-1009,-1279,-1286,-1019,-542,53,649,1116,1347,1294,982,463,-154,-742,-1175,-1363,-1269,-913,-370,0,807,1207,1351,1213,825,271,-344,-887,-1239,-1324,-1136,-712,-137,469,979,1283,1314,1071,607,13,-589,-1074,-1336,-1316,-1024,-518,100,709,1173,1396,1334,995,443,-198,-798,-1247,-1444,-1341,-966,-393,269,875,1294,1459,1332,929,335,-329,-922,-1323,-1456,-1304,-888,-289,361,935,1324,1445,1268,840,247,-395,-954,-1317,-1418,-1226,-787,-201,420,962,1305,1389,1199,774,194,-418,-937,-1268,-1354,-1184,-787,-243,334,832,1175,1288,1149,798,314,-217,-689,-1020,-1160,-1076,-791,-375,91,524,840,992,961,761,427,33,-347,-653,-834,-858,-730,-487,-176,153,434,635,729,705,571,364,129,-99,-293,-424,-480,-469,-409,0,0,0,0,0,354,449,497,479,388,229,9,-239,-475,-652,-734,-709,-564,-315,-1,334,623,814,868,766,522,170,-226,-591,-864,-975,-909,-675,-303,149,581,910,1081,1047,805,397,-93,-579,-966,-1178,-1166,-923,-485,52,582,1018,1262,1261,1011,560,-10,-588,-1057,-1319,-1324,-1075,-609,-11,592,1075,1354,1365,1105,623,25,-578,-1074,-1354,-1350,-1087,-614,-16,573,1043,1294,1287,1016,545,-25,-584,-1016,-1227,-1182,-895,-434,109,623,996,1150,1065,752,285,-235,-703,-1008,-1083,-932,-583,-102,402,819,1047,1053,836,431,-75,-572,-947,-1117,-1047,-757,-304,228,720,1065,1193,1061,706,204,-351,-841,-1163,-1242,-1060,-656,0,462,935,1221,1257,1025,575,7,-570,-1034,-1277,-1251,-959,-464,128,702,1130,1322,1243,899,355,-275,-847,-1241,-1384,-1239,-829,-236,409,972,1338,1428,1219,756,133,-520,-1065,-1389,-1427,-1166,-669,-33,613,1124,1394,1379,1077,555,-79,-686,-1143,-1360,-1288,-945,-406,201,759,1155,1296,1157,765,216,-360,-854,-1164,-1214,-1008,-585,-41,502,928,1156,1131,861,412,-124,-624,-978,-1117,-1015,-699,-237,265,699,984,1049,886,535,74,-387,-753,-949,-932,-716,-347,90,496,782,886,791,518,130,-281,-622,-814,-820,-642,-315,89,472,743,848,759,495,110,-304,-654,-859,-875,-695,-347,85,507,829,980,910,0,0,0,0,0,-115,-597,-976,-1158,-1099,-802,-335,211,735,1112,1258,1147,801,283,-303,-832,-1192,-1309,-1157,-765,-211,387,909,1243,1317,1115,683,108,-493,-997,-1277,-1286,-1033,-564,27,609,1062,1286,1238,921,409,-184,-734,-1129,-1285,-1161,-789,-252,341,860,1190,1266,1075,654,92,-485,-952,-1219,-1220,-958,-504,60,610,1019,1198,1120,798,309,-241,-728,-1054,-1144,-982,-601,-97,423,843,1079,1074,824,387,-133,-624,-978,-1114,-999,-663,-176,358,820,1102,1142,933,521,-14,-557,-988,-1209,-1168,-877,-395,182,725,1126,1298,1188,827,288,-313,-854,-1217,-1335,-1177,-768,-203,413,951,1288,1356,1147,699,113,-494,-1011,-1313,0,-1089,-616,-14,586,1058,1312,1293,1001,504,-100,-680,-1118,-1324,-1250,-915,-383,237,801,1199,1355,1220,818,254,-366,-921,-1285,-1381,-1194,-760,-168,462,1008,1352,1416,1185,715,97,-550,-1087,-1405,-1431,-1169,-672,-29,620,1148,1438,1433,1139,621,-24,-662,-1166,-1436,-1409,-1105,-581,60,686,1167,1410,1368,1056,536,-93,-705,-1174,-1395,-1332,-1008,-488,122,706,1155,1369,1315,1008,508,-89,-653,-1083,-1302,-1276,-1007,-546,10,544,961,1188,1191,975,582,95,-389,-788,-1029,-1073,-924,-608,-189,245,616,860,935,845,614,283,-86,-418,-664,-785,-774,-639,-409,-121,167,404,567,637,614,510,353,177,11,-136,0,0,0,0,0,-220,-97,58,241,420,565,642,623,505,303,35,-265,-535,-729,-809,-758,-568,-261,99,449,739,902,912,747,436,37,-384,-744,-977,-1034,-889,-567,-128,358,785,1058,1144,1015,680,200,-323,-807,-1141,-1252,-1119,-771,-259,312,824,1187,1324,1195,824,298,-297,-856,-1238,-1374,-1254,-880,-321,295,856,1248,1388,1256,879,329,-284,-842,-1224,-1362,-1225,-842,-301,292,821,1177,1278,1125,749,220,-341,-826,-1130,-1190,-1002,-612,-99,427,851,1087,1083,851,441,-69,-556,-912,-1071,-998,-715,-274,236,690,1002,1094,943,589,105,-411,-850,-1110,-1131,-917,-507,17,551,976,1199,1179,906,436,-126,-672,-1081,0,-1181,-859,-356,231,775,1161,1299,1160,785,248,-355,-891,-1232,-1309,-1119,-692,-111,498,1011,1313,1334,1076,590,-23,-637,-1130,-1392,-1355,-1037,-503,135,759,1226,1435,1342,977,414,-244,-856,-1285,-1446,-1306,-899,-306,344,922,1299,1396,1209,774,179,-443,-970,-1283,-1312,-1062,-601,-21,558,1012,1244,1205,902,411,-162,-684,-1055,-1200,-1085,-734,-225,316,782,1082,1144,957,572,65,-447,-848,-1066,-1058,-815,-403,88,555,880,1006,922,643,224,-236,-629,-872,-920,-760,-438,-31,379,698,850,803,574,216,-190,-550,-781,-835,-703,-407,-9,393,704,858,821,591,229,-197,-590,-855,-931,-805,-494,-58,396,0,0
61509,mtk,MTK 7916,862627730,rx2-tx1,512,0,0,0,663,213,-288,-732,-1034,-1127,-987,-648,-167,351,794,1075,1142,974,601,105,-400,-821,-1073,-1098,-902,-520,-33,451,839,1050,1030,792,396,-82,-535,-860,-989,-907,-638,-233,223,622,878,925,771,444,15,-412,-747,-918,-880,-644,-264,191,603,881,968,847,531,92,-370,-760,-995,-1014,-812,-433,50,532,901,1073,1014,735,293,-220,-690,-1017,-1127,-991,-642,-147,385,848,1139,1194,983,553,4,-554,-1007,-1261,-1250,-978,-500,86,661,1115,1346,1303,997,483,-129,-709,-1155,-1368,-1305,-980,-460,153,741,1167,1349,1261,933,420,-174,-725,-1122,-1285,-1199,-873,-374,179,676,1036,1183,1091,789,331,-184,0,-918,-1028,-925,-636,-227,215,585,807,857,721,435,63,-306,-600,-747,-714,-532,-240,104,418,631,701,602,362,39,-286,-539,-677,-656,-477,-178,167,470,688,754,641,379,23,-359,-690,-880,-884,-692,-348,91,539,894,1077,1055,809,383,-129,-633,-1024,-1218,-1175,-902,-447,111,657,1087,1311,1284,999,525,-57,-638,-1105,-1361,-1368,-1116,-650,-53,551,1045,1353,1407,1194,772,219,-371,-877,-1219,-1339,-1210,-858,-368,160,640,991,1153,1100,848,462,3,-435,-763,-938,-939,-775,-482,-110,266,564,746,795,702,484,192,-115,-378,-573,-673,-650,-526,-332,-101,122,304,434,486,469,399,290,158,0,0,0,0,0,-405,-377,-298,-165,10,201,381,518,586,570,467,280,43,-204,-418,-569,-625,-569,-409,-174,91,343,536,628,603,457,220,-60,-333,-541,-650,-637,-491,-244,64,362,589,702,677,516,245,-91,-409,-641,-756,-722,-543,-255,84,419,685,806,763,567,252,-120,-462,-711,-824,-763,-547,-228,145,493,738,833,757,527,188,-196,-539,-774,-845,-752,-500,-143,242,567,770,810,689,429,67,-304,-599,-784,-803,-635,-341,22,392,675,814,783,583,258,-117,-473,-738,-853,-794,-559,-210,174,533,781,871,786,532,170,-225,-571,-793,-854,-739,-468,-96,290,612,812,843,693,401,20,-368,0,-833,-821,-648,-332,50,420,703,833,785,573,251,-117,-465,-714,-799,-702,-464,-126,239,551,740,759,604,323,-30,-381,-666,-806,-756,-543,-214,177,531,782,866,763,501,128,-277,-629,-848,-893,-750,-445,-42,365,691,874,871,670,334,-68,-463,-760,-875,-804,-563,-194,217,584,817,866,724,418,14,-380,-700,-881,-866,-652,-287,133,529,824,938,846,577,171,-283,-677,-929,-989,-834,-500,-58,411,791,1003,1012,808,428,-44,-511,-869,-1047,-1009,-762,-354,129,581,905,1036,952,676,259,-218,-646,-925,-1007,-877,-561,-122,347,729,958,980,793,436,-19,-473,-828,-1007,-967,-725,-331,0,0,0,0,0,865,1079,1071,845,438,-70,-564,-936,-1124,-1086,-821,-380,130,613,973,1136,1063,771,325,-184,-651,-983,-1101,-985,-673,-230,262,690,959,1023,868,528,83,-370,-734,-930,-926,-716,-353,89,508,813,928,825,537,135,-302,-678,-903,-929,-747,-386,59,504,841,996,938,673,251,-231,-669,-963,-1060,-927,-590,-117,384,805,1060,1092,889,480,-38,-548,-948,-1150,-1102,-818,-348,208,723,1093,1237,1122,770,247,-339,-863,-1217,-1325,-1163,-762,-199,415,943,1279,1362,1175,744,160,-454,-974,-1303,-1366,-1156,-718,-139,467,968,1268,1314,1100,669,112,-453,-921,-1200,-1228,-1019,-619,-99,428,846,1078,1089,0,513,53,-397,-746,-927,-907,-704,-355,54,425,685,791,719,490,163,-197,-501,-682,-706,-569,-302,22,337,586,692,630,423,121,-212,-506,-688,-706,-555,-278,77,433,699,819,764,534,164,-259,-649,-915,-1000,-882,-572,-122,365,789,1079,1165,1012,648,150,-388,-876,-1201,-1289,-1123,-738,-205,378,897,1257,1380,1229,837,289,-324,-872,-1259,-1417,-1318,-962,-430,173,743,1171,1376,1334,1053,586,19,-537,-972,-1220,-1241,-1037,-659,-182,311,728,988,1056,943,661,269,-145,-505,-759,-868,-816,-621,-326,17,345,588,708,712,599,387,126,-140,-373,-526,-587,-566,-465,-311,-136,37,178,268,314,0,0,0,0,0,-105,-249,-382,-489,-537,-518,-426,-263,-51,178,387,540,613,588,461,254,3,-255,-477,-607,-620,-527,-337,-77,198,439,598,637,559,371,98,-207,-470,-640,-685,-595,-377,-82,233,509,688,735,636,401,89,-247,-549,-744,-781,-662,-414,-75,284,585,769,808,686,413,54,-316,-635,-810,-813,-668,-380,-9,366,665,821,816,644,338,-33,-399,-683,-828,-804,-606,-289,82,442,707,820,766,545,211,-160,-504,-740,-813,-721,-477,-127,258,592,793,830,698,413,41,-336,-651,-845,-851,-682,-380,3,386,692,854,834,646,327,-55,-427,-715,-855,-809,-594,-261,129,495,754,850,768,0,171,-212,-556,-786,-852,-738,-471,-109,273,592,785,807,657,370,15,-336,-619,-767,-739,-548,-231,131,463,693,779,684,426,74,-294,-612,-804,-825,-662,-351,31,417,721,878,854,641,286,-131,-513,-784,-892,-819,-567,-196,213,586,829,882,746,452,63,-339,-669,-853,-842,-642,-305,93,476,756,872,793,533,162,-254,-624,-861,-908,-756,-439,-10,420,753,937,926,706,329,-120,-556,-885,-1015,-935,-660,-240,239,670,964,1056,930,613,161,-323,-735,-994,-1046,-877,-526,-68,401,783,998,999,791,420,-39,-490,-836,-996,-942,-686,-277,184,605,898,1007,891,579,140,-327,-734,-991,0,0
61510,mtk,MTK 7916,862657491,rx0-tx0,512,-330,429,544,-817,-783,-704,-575,-404,-205,7,218,408,576,700,771,794,765,686,557,387,192,-17,-217,-405,-570,-692,-772,-797,-777,-698,-571,-401,-199,10,222,414,579,709,789,812,780,703,563,385,180,-41,-248,-439,-602,-720,-791,-801,-761,-671,-536,-362,-162,41,246,422,568,683,760,771,734,649,525,363,175,-18,-213,-391,-548,-670,-735,-762,-733,-651,-527,-363,-174,25,215,393,552,664,731,733,692,613,477,306,127,-56,-236,-394,-520,-604,-654,-651,-606,-518,-398,-267,-113,43,193,336,443,517,560,571,535,472,387,275,138,-10,-149,-274,-375,-462,-511,-532,-521,-473,-396,-290,-26,-34,107,239,357,451,513,546,547,501,421,316,186,45,-103,-254,-382,-477,-550,-576,-572,-519,-432,-319,-168,-14,150,298,429,529,581,603,582,511,403,266,108,-47,-202,-348,-467,-551,-598,-599,-564,-480,-364,-216,-64,100,266,403,521,601,625,605,550,450,302,139,-38,-214,-368,-506,-588,-627,-609,-541,-435,-293,-128,46,206,352,461,525,544,517,440,334,211,78,-52,-169,-266,-331,-370,-384,-357,-308,-240,-165,-88,-9,70,135,196,234,247,251,241,210,171,116,56,2,-55,-110,-159,-192,-214,-215,-202,-175,-126,-61,13,76,131,176,201,195,165,111,41,-18,58,194,510,-780,-686,-95,-139,-165,-168,-147,-101,-45,21,78,130,171,205,213,200,176,137,91,33,-32,-99,-163,-218,-254,-283,-292,-273,-236,-176,-101,-2,104,206,303,382,439,463,451,389,294,167,15,-143,-294,-437,-561,-628,-650,-614,-519,-384,-205,-2,206,412,584,708,785,790,727,614,445,223,-16,-250,-486,-680,-803,-877,-879,-806,-664,-468,-244,3,253,481,668,801,871,889,829,702,523,298,65,-167,-401,-598,-749,-842,-879,-844,-747,-605,-398,-183,49,276,478,652,788,846,856,802,672,510,309,80,-155,-367,-550,-698,-796,-839,-819,-742,-600,-431,-226,-2,213,417,588,719,793,301,792,691,551,374,177,-29,-238,-439,-598,-721,-790,-812,-782,-698,-559,-381,-186,37,258,463,628,760,843,870,823,717,564,370,158,-71,-296,-502,-664,-785,-853,-858,-812,-706,-563,-369,-153,72,302,498,668,803,884,907,864,760,608,408,187,-51,-298,-526,-715,-857,-943,-964,-908,-803,-627,-419,-169,104,361,588,781,921,984,985,916,776,581,348,92,-169,-424,-631,-801,-916,-957,-930,-849,-708,-511,-284,-39,204,428,618,767,864,904,866,779,647,464,251,30,-197,-406,-593,-733,-823,-844,-822,-744,-610,-441,-243,-28,191,398,569,705,793,821,795,709,585,416,218,15,-929,-898,-82,726,655,-8,202,398,570,703,776,804,775,697,569,391,197,-7,-211,-400,-571,-692,-769,-786,-758,-683,-558,-393,-198,7,214,405,572,701,780,805,780,693,569,399,197,-18,-228,-425,-596,-716,-792,-811,-773,-688,-553,-376,-171,46,244,429,585,705,768,785,743,648,522,360,164,-39,-232,-409,-555,-673,-739,-764,-734,-653,-535,-372,-185,7,209,389,545,665,731,750,716,636,506,337,151,-46,-223,-394,-546,-645,-692,-700,-657,-564,-435,-282,-121,53,216,369,482,562,610,607,571,491,380,255,118,-34,-174,-294,-401,-484,-535,-548,-521,-468,-387,-280,-147,-14,124,249,360,447,628,539,533,484,411,307,181,44,-104,-245,-360,-458,-526,-560,-557,-515,-423,-315,-181,-31,123,280,401,508,574,600,580,512,417,282,136,-18,-178,-329,-450,-542,-593,-599,-571,-494,-381,-244,-88,69,230,371,494,571,604,603,551,467,349,190,18,-147,-303,-453,-564,-622,-642,-598,-514,-386,-228,-59,122,287,432,534,589,593,550,461,332,182,27,-125,-264,-368,-441,-468,-452,-402,-325,-228,-128,-22,80,169,241,283,301,302,283,251,198,131,62,1,-65,-119,-166,-203,-221,-225,-216,-189,-151,-103,-49,18,75,131,175,204,211,196,164,110,37,-34,-95,-145,-165,-156,833,821,-82,540,663,-95,-67,-14,49,111,156,187,194,178,148,110,55,-11,-72,-128,-177,-214,-238,-245,-229,-199,-150,-93,-26,60,146,220,281,330,366,364,335,273,188,81,-44,-184,-314,-419,-501,-547,-548,-501,-415,-276,-107,76,272,440,587,685,732,716,640,500,324,117,-118,-345,-545,-714,-821,-848,-819,-725,-549,-342,-106,144,382,590,752,858,902,866,761,599,381,146,-102,-343,-550,-726,-839,-878,-875,-793,-648,-457,-232,3,240,445,630,771,846,868,816,709,555,348,122,-101,-333,-527,-679,-792,-850,-837,-760,-641,-470,-267,-43,185,402,581,713,806,832,800,710,575,398,194,-176,-231,-428,-589,-711,-784,-803,-777,-686,-552,-381,-179,27,237,439,611,733,813,845,807,710,565,385,174,-57,-284,-489,-663,-781,-853,-862,-818,-708,-554,-365,-149,77,298,498,663,791,861,881,836,728,588,396,175,-58,-289,-505,-692,-832,-909,-937,-895,-781,-617,-412,-180,76,325,551,746,881,974,990,927,798,619,385,130,-137,-398,-627,-803,-927,-979,-970,-884,-739,-551,-317,-58,191,422,631,790,890,928,901,812,667,483,271,33,-206,-415,-605,-751,-841,-876,-848,-763,-624,-445,-234,-14,195,402,574,710,799,834,813,729,594,424,223,16,-194,-395,-565,-704,-781,-819,110,264
61511,mtk,MTK 7916,862657491,rx0-tx1,512,-686,-909,-921,-538,-372,-191,4,201,380,534,649,703,721,679,593,472,315,144,-40,-217,-375,-503,-589,-638,-645,-614,-545,-434,-306,-158,3,160,298,422,514,587,609,600,554,477,368,235,84,-70,-233,-373,-493,-590,-639,-651,-626,-556,-458,-318,-156,19,202,371,521,633,702,727,709,635,507,348,165,-29,-228,-408,-565,-680,-749,-764,-727,-631,-498,-328,-135,66,262,440,593,692,749,752,704,609,468,295,103,-89,-284,-450,-583,-679,-724,-723,-665,-567,-434,-274,-95,91,272,434,558,652,699,694,644,546,419,257,79,-97,-274,-435,-562,-643,-688,-691,-636,-537,-397,-232,-51,130,-38,467,589,669,704,687,616,507,362,187,-10,-194,-368,-515,-627,-694,-700,-661,-576,-447,-283,-102,87,269,437,570,657,694,678,613,505,354,183,-8,-190,-355,-495,-606,-652,-653,-617,-523,-393,-237,-65,103,265,397,498,568,584,567,506,398,278,144,-2,-151,-278,-380,-463,-505,-517,-486,-423,-323,-219,-98,32,157,268,357,427,464,458,427,367,280,174,38,-93,-205,-304,-380,-425,-433,-408,-358,-269,-166,-55,66,174,263,328,369,380,359,312,232,139,41,-68,-161,-246,-308,-337,-339,-304,-244,-162,-70,32,135,218,276,301,285,235,162,68,-38,-123,-179,-203,-187,-725,-811,0,85,486,-100,-36,46,126,193,236,245,221,170,95,4,-78,-155,-215,-253,-268,-253,-225,-167,-89,-13,67,136,199,241,257,258,230,181,124,54,-17,-83,-139,-185,-210,-222,-213,-186,-151,-113,-71,-26,14,55,91,120,143,155,162,164,163,147,123,97,61,18,-31,-89,-139,-178,-219,-236,-235,-214,-178,-128,-75,-13,58,121,174,216,246,253,247,228,191,142,94,35,-34,-95,-152,-219,-260,-276,-287,-285,-255,-212,-145,-68,14,115,189,259,316,347,361,342,291,230,147,43,-53,-153,-241,-316,-367,-390,-385,-357,-309,-232,-141,-40,65,171,263,340,395,426,423,391,-48,264,160,46,-74,-189,-300,-387,-450,-487,-487,-446,-385,-295,-173,-33,110,244,373,469,532,567,554,500,406,288,145,-8,-162,-301,-423,-511,-569,-581,-567,-504,-411,-286,-143,9,164,303,432,536,597,616,602,552,460,328,178,20,-155,-307,-448,-564,-636,-670,-658,-605,-511,-374,-208,-24,151,330,491,620,707,741,725,665,553,396,218,14,-193,-384,-555,-691,-767,-797,-770,-682,-547,-369,-163,49,258,453,609,722,780,791,740,639,493,315,117,-89,-294,-474,-612,-714,-768,-769,-719,-610,-463,-285,-91,110,308,485,628,723,764,753,695,579,427,243,47,-159,-351,-512,-725,-650,9,-104,52,530,647,717,748,719,637,512,343,161,-28,-220,-385,-521,-620,-672,-686,-644,-561,-439,-296,-137,26,190,337,462,546,605,623,600,539,442,322,186,34,-112,-259,-394,-502,-579,-615,-625,-591,-518,-413,-277,-120,40,211,365,499,604,667,691,669,602,493,340,165,-23,-214,-399,-553,-667,-738,-757,-723,-639,-511,-347,-153,51,254,436,582,695,755,764,719,627,485,308,119,-82,-272,-445,-589,-687,-732,-734,-684,-583,-449,-280,-99,94,275,436,566,661,705,703,653,557,427,274,90,-94,-274,-429,-554,-645,-686,-682,-634,-538,-406,-251,-83,102,277,434,565,655,697,688,634,523,379,207,23,-168,-342,-488,-606,-682,-706,-676,-601,-476,-320,-137,55,236,404,544,645,694,694,642,547,404,234,50,-146,-321,-479,-597,-667,-692,-654,-575,-457,-298,-116,51,224,381,504,588,623,614,558,463,346,196,29,-128,-287,-403,-481,-530,-547,-521,-452,-363,-244,-110,23,156,279,371,432,474,477,452,391,308,206,74,-52,-173,-280,-359,-423,-459,-445,-401,-328,-226,-106,16,133,241,325,379,407,403,360,292,204,103,-7,-115,-212,-290,-335,-361,-353,-313,-249,-159,-64,37,136,221,281,311,315,286,225,138,33,-75,-164,-226,-263,-255,-205,-134,-46,35,-517,-395,0,-719,-538,152,198,209,184,129,53,-38,-121,-194,-244,-261,-249,-213,-157,-83,0,77,151,218,252,265,257,229,182,110,37,-41,-118,-177,-218,-242,-247,-229,-195,-144,-89,-32,31,84,128,159,177,178,171,159,140,112,86,54,23,-17,-57,-97,-129,-156,-184,-198,-201,-186,-160,-130,-86,-20,43,108,165,209,237,259,248,222,180,131,73,6,-52,-113,-166,-203,-234,-258,-260,-242,-220,-179,-115,-51,9,88,163,232,290,318,337,323,281,233,155,66,-31,-133,-221,-292,-353,-379,-376,-354,-301,-230,-139,-40,65,160,254,329,377,403,401,373,317,243,147,38,-74,-178,-1135,-368,-421,-451,-448,-422,-365,-277,-173,-56,81,211,322,424,495,531,523,485,407,289,161,16,-135,-279,-406,-501,-559,-578,-555,-498,-405,-281,-135,16,164,308,424,522,576,599,575,521,433,307,155,2,-147,-299,-439,-544,-607,-645,-638,-579,-488,-354,-196,-22,153,316,465,584,670,702,691,639,534,395,224,30,-164,-357,-526,-653,-737,-773,-757,-681,-563,-393,-196,8,223,418,588,714,787,801,762,664,518,337,137,-73,-282,-464,-611,-716,-772,-776,-727,-618,-473,-299,-99,100,299,479,619,720,768,764,708,600,451,266,65,-134,-330,-503,-637,-730,-768,-752,-678,-566,103,-326
61512,mtk,MTK 7916,862657491,rx1-tx0,512,0,370,487,115,219,317,398,452,489,486,438,376,284,161,33,-99,-238,-360,-466,-540,-578,-571,-529,-453,-340,-195,-33,134,304,449,565,644,679,660,600,491,341,165,-25,-228,-405,-558,-665,-741,-752,-708,-616,-480,-302,-104,112,309,481,628,731,773,757,699,584,421,238,43,-159,-348,-510,-639,-721,-751,-734,-669,-562,-415,-235,-39,166,348,508,638,719,754,737,673,553,397,218,10,-199,-379,-541,-668,-737,-763,-730,-640,-515,-348,-154,47,236,414,563,666,731,735,682,580,441,277,82,-107,-286,-453,-580,-652,-685,-665,-585,-477,-337,-176,-8,164,309,432,525,572,575,548,-277,374,258,124,-11,-146,-258,-358,-434,-479,-479,-460,-410,-336,-249,-143,-30,90,194,288,364,417,448,451,429,370,287,189,76,-39,-151,-257,-353,-417,-461,-475,-456,-404,-332,-242,-122,3,119,241,353,442,503,532,532,480,402,287,154,14,-142,-300,-441,-547,-624,-657,-633,-556,-436,-279,-93,108,303,479,620,702,731,702,606,461,276,73,-141,-337,-506,-627,-689,-698,-648,-540,-385,-208,-28,153,322,453,546,594,576,533,434,312,174,16,-136,-267,-372,-449,-482,-474,-425,-344,-240,-116,13,139,248,335,385,402,382,315,224,109,-16,-140,-237,-299,-315,-282,-209,-110,-394,-172,0,218,-199,27,40,53,59,57,46,32,18,-5,-25,-44,-61,-72,-85,-82,-72,-66,-41,-18,3,33,54,78,92,106,115,106,97,79,52,19,-10,-49,-81,-115,-143,-163,-170,-173,-159,-123,-78,-30,36,95,155,211,249,269,277,255,213,149,57,-31,-125,-225,-315,-368,-395,-391,-350,-274,-166,-53,80,196,306,393,448,458,426,364,273,156,21,-117,-237,-341,-421,-461,-465,-431,-355,-258,-148,-17,114,231,326,390,418,419,380,314,233,141,36,-71,-158,-229,-281,-313,-328,-313,-275,-230,-169,-112,-52,20,84,139,196,236,260,277,276,262,237,185,122,51,-32,-111,489,-267,-315,-341,-353,-342,-297,-238,-153,-64,38,144,234,318,382,406,407,377,325,242,138,33,-79,-197,-295,-362,-417,-442,-436,-397,-328,-240,-125,-8,108,223,325,399,439,458,447,403,332,233,120,1,-122,-228,-321,-391,-433,-452,-438,-395,-332,-246,-145,-37,83,194,295,366,428,465,469,437,380,306,208,82,-50,-170,-295,-400,-471,-519,-538,-513,-451,-345,-217,-71,88,239,373,478,549,577,562,498,403,272,130,-19,-164,-293,-400,-478,-516,-518,-484,-414,-328,-219,-91,31,150,256,338,399,425,434,416,373,310,224,129,25,-79,-175,-262,-329,-393,-423,-424,-404,545,674,0,-321,-46,442,393,332,241,137,22,-115,-232,-335,-427,-489,-516,-524,-489,-417,-318,-189,-44,113,259,392,509,590,624,622,575,482,349,186,2,-177,-348,-502,-621,-692,-722,-696,-615,-493,-332,-145,66,263,443,599,711,768,771,706,607,460,275,64,-140,-333,-509,-640,-721,-759,-745,-673,-561,-411,-233,-38,158,342,503,630,713,749,734,666,559,404,222,27,-167,-355,-523,-642,-724,-763,-738,-659,-546,-381,-194,9,219,403,552,673,736,745,704,617,479,313,127,-77,-266,-432,-566,-661,-707,-690,-638,-540,-391,-222,-40,145,308,444,550,620,636,604,530,429,294,136,-15,-162,315,-407,-481,-521,-527,-496,-433,-348,-248,-124,0,117,231,317,391,441,462,452,410,350,264,168,61,-48,-164,-271,-357,-424,-454,-456,-434,-386,-309,-206,-101,19,138,249,340,422,479,493,483,443,370,268,146,20,-123,-259,-387,-492,-554,-583,-581,-533,-434,-304,-149,21,205,374,526,634,697,696,647,539,385,191,-14,-226,-419,-575,-683,-731,-722,-646,-517,-342,-145,49,246,415,544,618,642,621,544,420,270,94,-68,-217,-354,-452,-513,-534,-503,-435,-337,-214,-77,57,186,298,382,427,432,407,347,252,136,12,-116,-229,-316,-368,-375,-336,-251,-146,-25,85,178,226,-259,-445,0,643,654,37,32,16,-5,-25,-42,-54,-66,-73,-68,-62,-47,-31,-10,19,36,60,82,87,95,93,82,63,42,23,-8,-38,-65,-92,-117,-130,-137,-130,-115,-98,-67,-27,13,57,109,160,193,216,220,204,181,142,83,16,-63,-150,-220,-282,-321,-331,-325,-287,-212,-114,-12,101,217,317,388,426,429,392,331,228,102,-36,-163,-273,-370,-436,-469,-456,-403,-324,-213,-79,53,185,295,372,431,452,431,377,293,185,71,-46,-157,-246,-312,-356,-375,-359,-316,-259,-188,-112,-26,61,129,189,231,255,276,276,257,231,193,139,87,27,-40,-101,-173,-235,-278,-312,-323,-308,-571,-223,-143,-63,28,123,212,290,350,377,386,362,317,255,152,41,-70,-174,-268,-351,-402,-423,-426,-395,-326,-242,-137,-20,96,207,300,384,441,456,444,407,331,231,118,6,-118,-231,-329,-401,-441,-460,-445,-398,-331,-232,-122,-7,110,214,310,387,432,453,445,410,347,261,165,54,-64,-181,-283,-371,-447,-494,-497,-474,-422,-328,-215,-92,50,194,329,444,519,563,567,525,441,326,183,27,-131,-278,-403,-492,-539,-553,-525,-461,-364,-243,-103,33,170,281,373,444,474,471,446,386,305,205,99,-2,-112,-208,-294,-357,-397,-420,-413,-383,-322,-253,-166,-59,43,150,-391,-5
61513,mtk,MTK 7916,862657491,rx1-tx1,512,0,0,0,-455,-242,47,332,526,587,491,265,-27,-308,-509,-583,-509,-301,-18,262,474,552,483,290,23,-239,-429,-504,-440,-258,-10,238,415,468,394,211,-33,-258,-408,-449,-368,-173,71,292,428,449,341,132,-117,-335,-461,-458,-329,-106,150,371,491,478,336,96,-176,-403,-527,-511,-358,-108,171,410,542,530,374,122,-162,-408,-538,-523,-372,-126,148,390,525,515,365,119,-159,-394,-524,-513,-361,-113,165,397,526,518,367,120,-161,-398,-527,-523,-384,-144,131,361,502,518,396,167,-99,-341,-486,-504,-393,-183,68,295,448,484,387,195,-31,-246,-395,-439,-364,-200,3,198,337,0,318,179,4,-158,-272,-299,-238,-118,26,156,236,243,173,46,-96,-208,-249,-219,-122,17,160,260,284,229,97,-64,-222,-324,-339,-261,-104,93,275,390,403,311,134,-89,-305,-446,-472,-377,-189,66,313,484,528,440,244,-25,-300,-503,-577,-504,-309,-30,270,505,609,566,382,93,-224,-483,-635,-634,-468,-187,140,440,633,676,553,297,-27,-347,-587,-684,-620,-409,-103,225,496,644,636,483,223,-82,-359,-549,-607,-520,-316,-46,225,433,535,510,372,157,-91,-306,-438,-466,-390,-236,-33,176,330,398,384,290,138,-36,-194,-301,-344,-319,-239,-123,2,111,186,218,214,0,0,0,0,0,153,249,317,329,288,191,38,-139,-304,-424,-472,-423,-282,-77,160,375,514,552,463,269,7,-265,-481,-600,-581,-420,-163,130,406,593,631,518,279,-33,-342,-570,-663,-591,-365,-43,295,565,704,663,452,128,-240,-561,-741,-732,-546,-216,173,526,757,802,640,314,-90,-471,-743,-832,-705,-399,10,408,708,834,745,455,53,-356,-676,-822,-762,-504,-109,310,646,817,769,521,129,-298,-646,-828,-789,-542,-147,282,641,837,817,581,180,-269,-656,-879,-867,-633,-227,249,671,925,943,719,310,-191,-651,-947,-1014,-825,-419,97,592,945,1072,919,530,22,-490,-891,-1058,-951,-613,0,412,824,1025,963,654,180,-343,-769,-991,-952,-665,-205,306,735,977,962,694,241,-279,-722,-981,-983,-720,-268,250,707,987,1006,760,315,-210,-684,-994,-1041,-812,-381,152,645,967,1045,847,428,-88,-581,-924,-1024,-850,-461,40,522,860,961,810,451,-22,-487,-811,-910,-769,-423,36,487,796,884,733,395,-60,-504,-806,-892,-748,-400,57,496,807,904,764,430,-21,-465,-786,-901,-780,-460,-25,412,741,874,779,491,83,-339,-665,-811,-747,-502,-135,257,573,723,686,465,131,-219,-494,-635,-597,-402,-109,208,454,567,527,338,59,-227,-447,-532,-464,-274,-8,265,467,530,445,0,0,0,0,0,-322,-511,-568,-479,-258,38,319,517,585,502,290,2,-285,-494,-568,-491,-289,-21,248,445,528,465,270,16,-233,-421,-490,-415,-232,11,247,415,468,383,192,-50,-278,-420,-447,-348,-147,95,310,448,456,331,113,-138,-353,-475,-468,-329,-98,164,390,515,503,352,103,-174,-407,-536,-526,-374,-118,166,400,540,532,379,129,-151,-392,-527,-515,-367,-122,155,386,517,508,360,117,-161,-398,-526,-514,-360,-109,167,400,529,519,374,133,-141,-383,-520,-520,-384,-154,120,357,497,510,392,176,-88,-326,-473,-493,-393,-197,52,276,425,460,382,212,-10,-222,-367,-411,-349,-202,0,170,294,329,275,150,-11,-154,-246,-268,-207,-78,63,179,237,226,145,13,-129,-235,-267,-220,-108,49,188,282,311,244,95,-82,-250,-358,-372,-288,-116,98,290,411,438,351,159,-78,-301,-457,-500,-407,-210,48,306,491,553,477,277,1,-282,-504,-602,-540,-335,-53,249,502,630,597,429,151,-178,-470,-643,-654,-511,-252,75,393,617,684,589,361,43,-287,-543,-664,-631,-449,-164,152,431,599,617,500,277,-13,-292,-495,-573,-517,-346,-98,160,367,482,481,379,192,-35,-240,-379,-433,-391,-260,-79,110,267,361,378,314,190,42,-105,-220,-285,-295,-253,-177,-88,3,0,0,0,0,0,-209,-153,-53,80,221,338,408,404,317,164,-37,-249,-421,-512,-498,-383,-177,80,327,509,584,530,349,86,-200,-444,-591,-609,-481,-227,83,374,581,650,553,322,9,-315,-570,-682,-624,-404,-82,268,563,722,696,502,171,-215,-552,-752,-767,-595,-270,127,496,750,825,686,362,-46,-441,-725,-833,-720,-429,-35,370,690,836,754,478,87,-331,-665,-825,-764,-507,-125,298,641,817,783,532,142,-285,-643,-825,-798,-558,-164,280,645,849,840,599,198,-264,-662,-897,-906,-676,-263,228,670,944,984,779,366,-145,-619,-947,-1041,-875,-481,30,537,916,1066,938,572,66,-452,-851,0,-965,-636,-150,372,795,1008,958,661,199,-315,-748,-984,-956,-675,-217,297,728,972,969,703,251,-266,-720,-989,-1000,-743,-297,224,701,992,1019,789,353,-179,-667,-982,-1037,-827,-407,122,620,947,1027,849,447,-68,-554,-891,-988,-826,-459,20,495,831,941,790,427,-31,-478,-802,-899,-754,-410,46,490,797,887,741,389,-76,-510,-811,-904,-753,-405,45,487,804,906,768,442,7,-438,-764,-888,-781,-478,-55,372,701,842,767,496,100,-308,-618,-770,-722,-487,-136,235,530,677,642,440,131,-200,-469,-597,-560,-379,-93,213,442,540,488,302,29,-245,-447,-529,-452,-249,15,281,0,0
61514,mtk,MTK 7916,862657491,rx2-tx0,512,0,0,0,-753,-224,375,899,1203,1181,851,294,-360,-930,-1263,-1275,-956,-377,313,924,1295,1332,1026,451,-247,-884,-1287,-1357,-1070,-498,204,847,1271,1356,1082,524,-177,-832,-1259,-1351,-1081,-523,172,819,1244,1330,1066,508,-187,-822,-1234,-1320,-1054,-501,185,818,1227,1307,1041,490,-188,-808,-1205,-1277,-1006,-465,196,797,1174,1225,947,418,-225,-797,-1139,-1165,-877,-347,270,810,1120,1108,783,242,-364,-865,-1127,-1079,-729,-164,453,939,1167,1087,699,107,-519,-1009,-1233,-1122,-700,-79,575,1079,1301,1178,731,82,-596,-1125,-1358,-1238,-793,-129,571,1125,1391,1294,850,181,-531,-1111,-1408,-1336,-907,-249,469,1070,1389,0,956,311,-415,-1025,-1359,-1335,-960,-338,370,984,1335,1327,970,356,-349,-972,-1340,-1350,-998,-386,332,969,1355,1383,1049,443,-294,-960,-1373,-1427,-1117,-510,241,926,1374,1481,1204,604,-158,-878,-1371,-1513,-1271,-696,57,796,1335,1531,1331,791,49,-698,-1266,-1511,-1375,-893,-169,591,1185,1478,1399,959,273,-478,-1101,-1437,-1410,-1023,-382,349,988,1377,1416,1102,511,-198,-849,-1286,-1409,-1188,-674,-7,654,1143,1348,1225,816,222,-406,-923,-1207,-1191,-895,-405,166,686,1021,1096,920,542,44,-444,-804,-966,-904,-641,-241,192,557,785,837,707,428,79,-269,-539,-690,-701,-577,-361,-109,128,314,417,439,0,0,0,0,0,-207,-41,156,363,540,637,616,463,203,-112,-431,-689,-813,-756,-532,-188,218,598,856,921,774,435,-12,-475,-842,-1021,-954,-658,-192,338,798,1081,1101,849,385,-189,-739,-1118,-1225,-1030,-576,30,648,1114,1309,1187,769,153,-514,-1063,-1360,-1315,-941,-331,380,1004,1373,1402,1084,484,-242,-908,-1339,-1432,-1173,-627,83,774,1258,1432,1247,741,58,-622,-1147,-1375,-1237,-792,-152,521,1041,1276,1180,783,183,-452,-956,-1197,-1112,-741,-182,421,905,1135,1055,690,138,-445,-903,-1115,-1020,-643,-94,481,936,1137,1026,631,57,-540,-995,-1184,-1064,-661,-67,557,1042,1253,1137,722,101,-552,-1060,-1293,-1191,0,-147,520,1051,1315,1241,827,187,-503,-1052,-1331,-1264,-859,-211,490,1069,1367,1302,888,238,-483,-1093,-1410,-1348,-939,-276,469,1097,1439,1405,1000,329,-438,-1093,-1459,-1449,-1061,-389,387,1065,1457,1462,1093,447,-315,-999,-1413,-1448,-1104,-481,259,924,1331,1379,1062,466,-243,-875,-1260,-1314,-1010,-429,253,860,1224,1249,952,395,-272,-847,-1182,-1206,-899,-354,276,823,1140,1142,835,310,-291,-806,-1092,-1082,-780,-270,300,776,1029,1001,706,227,-311,-741,-953,-906,-606,-142,346,726,893,809,497,43,-421,-757,-870,-739,-391,67,508,806,874,694,309,-166,-605,-881,-909,-681,-256,250,703,972,971,702,0,0,0,0,0,-855,-1134,-1121,-801,-254,375,919,1233,1237,907,332,-338,-931,-1290,-1315,-996,-416,274,903,1295,1345,1046,469,-229,-866,-1281,-1364,-1084,-515,195,848,1268,1356,1085,527,-170,-819,-1245,-1342,-1075,-521,173,820,1238,1323,1049,498,-184,-824,-1239,-1318,-1046,-501,186,816,1219,1295,1026,479,-188,-798,-1191,-1256,-975,-442,203,789,1153,1198,915,385,-244,-794,-1119,-1134,-828,-299,313,835,1122,1089,752,208,-396,-897,-1151,-1080,-706,-130,489,978,1199,1093,689,89,-553,-1056,-1274,-1146,-713,-80,589,1105,1332,1214,766,101,-594,-1133,-1378,-1265,-819,-154,558,1122,1401,1315,880,220,-503,-1098,-1401,-1338,-932,-283,0,1044,1375,1343,956,319,-397,-1005,-1347,-1338,-972,-344,366,974,1334,1345,990,372,-339,-963,-1344,-1366,-1027,-413,319,972,1369,1407,1083,474,-273,-952,-1382,-1459,-1157,-550,205,908,1376,1498,1237,646,-106,-843,-1362,-1523,-1298,-743,5,752,1309,1533,1356,832,106,-644,-1230,-1499,-1386,-916,-213,539,1148,1457,1390,985,325,-418,-1044,-1403,-1408,-1062,-452,275,929,1342,1420,1146,598,-96,-761,-1229,-1385,-1209,-749,-111,536,1033,1280,1218,863,318,-289,-809,-1121,-1155,-915,-476,57,560,914,1034,917,596,146,-313,-679,-883,-878,-676,-338,58,423,680,781,721,521,229,-80,-351,-533,-605,-563,-432,-260,-73,0,0,0,0,0,-377,-476,-497,-424,-260,-18,264,516,685,736,635,385,38,-334,-653,-843,-850,-664,-317,123,544,854,972,865,557,98,-407,-824,-1051,-1033,-756,-287,263,775,1108,1166,944,484,-113,-699,-1121,-1277,-1120,-678,-60,580,1099,1352,1258,853,239,-449,-1039,-1371,-1358,-1010,-403,314,957,1359,1427,1143,566,-157,-833,-1300,-1444,-1227,-695,9,701,1201,1395,1238,764,107,-571,-1095,-1325,-1210,-789,-172,483,997,1236,1151,766,189,-431,-925,-1162,-1085,-712,-156,431,899,1120,1031,654,107,-461,-908,-1115,-1015,-630,-67,517,966,1165,1047,643,60,-552,-1022,-1232,-1112,-687,-81,552,1050,1278,1171,752,130,-531,0,-1311,-1216,-805,-173,508,1058,1332,1248,835,204,-494,-1066,-1356,-1288,-866,-217,488,1071,1383,1323,908,254,-480,-1092,-1421,-1379,-970,-299,457,1097,1449,1430,1034,358,-414,-1074,-1454,-1461,-1078,-414,357,1026,1427,1455,1102,461,-296,-964,-1372,-1412,-1087,-483,245,898,1302,1349,1035,452,-246,-868,-1247,-1278,-969,-416,251,846,1201,1224,918,363,-276,-830,-1160,-1168,-856,-322,292,815,1113,1106,803,290,-291,-785,-1066,-1045,-742,-250,299,756,995,953,656,186,-325,-732,-926,-854,-550,-103,369,734,881,772,443,-12,-461,-783,-882,-718,-350,123,568,850,890,683,285,-212,-660,-932,-943,-684,-238,289,753,0,0
61515,mtk,MTK 7916,862657491,rx2-tx1,512,0,0,0,-100,-540,-854,-947,-794,-435,44,520,866,982,841,490,8,-477,-833,-972,-859,-526,-57,421,781,936,837,526,91,-367,-730,-888,-806,-515,-89,352,692,836,750,463,54,-361,-671,-794,-688,-388,16,421,702,785,647,323,-96,-491,-755,-819,-651,-293,148,553,814,854,666,286,-183,-605,-863,-888,-674,-273,206,638,901,924,692,267,-230,-671,-944,-963,-712,-262,264,727,1002,1015,756,282,-271,-758,-1063,-1095,-830,-348,228,752,1093,1157,925,447,-144,-692,-1064,-1169,-977,-539,37,608,1017,1167,1022,614,61,-501,-930,-1117,-1024,-675,-161,386,818,1040,996,705,245,-265,-689,-921,-917,0,-280,174,565,790,803,605,261,-134,-476,-673,-681,-503,-197,155,449,610,597,416,118,-209,-466,-588,-535,-335,-37,271,499,583,499,265,-49,-356,-571,-629,-502,-220,137,469,688,720,549,230,-176,-564,-808,-857,-686,-317,145,590,905,992,832,453,-51,-552,-932,-1086,-971,-614,-90,466,910,1136,1091,771,256,-327,-835,-1142,-1177,-936,-469,114,669,1070,1218,1072,677,135,-432,-885,-1127,-1099,-820,-362,158,631,940,1018,863,516,64,-378,-708,-872,-824,-580,-220,168,500,706,732,589,324,0,-307,-535,-630,-575,-401,-154,117,345,489,523,456,312,121,-77,-238,-336,-365,-335,-255,0,0,0,0,0,-117,-260,-371,-434,-430,-342,-184,12,225,403,504,505,398,203,-41,-279,-456,-538,-496,-336,-93,176,396,530,536,408,175,-94,-342,-516,-562,-464,-243,49,328,527,599,520,303,11,-291,-532,-646,-589,-383,-75,257,526,663,631,439,138,-203,-500,-674,-675,-496,-198,155,483,681,695,537,241,-115,-441,-659,-712,-571,-275,89,416,639,702,583,310,-44,-382,-620,-695,-583,-321,24,361,606,688,586,327,-18,-358,-606,-689,-586,-331,23,372,627,721,617,357,6,-350,-631,-740,-648,-387,-28,339,616,731,658,421,72,-304,-594,-722,-667,-433,-88,277,571,715,671,451,106,0,-577,-716,-669,-460,-125,246,548,705,676,466,137,-220,-518,-674,-646,-438,-117,227,507,646,605,399,74,-273,-545,-671,-610,-378,-31,330,603,721,646,395,33,-343,-639,-763,-681,-422,-47,342,641,772,691,433,60,-330,-632,-761,-681,-419,-42,345,637,745,649,382,6,-375,-658,-754,-638,-350,38,416,683,762,624,315,-80,-460,-721,-790,-641,-313,107,496,758,826,665,311,-130,-534,-808,-873,-696,-335,114,536,822,895,731,371,-85,-516,-810,-894,-741,-396,46,483,790,874,729,397,-43,-471,-765,-855,-715,-380,53,471,762,843,696,358,-79,-500,-786,-858,-703,-360,82,0,0,0,0,0,924,760,398,-75,-535,-859,-968,-820,-458,16,492,846,979,861,516,42,-436,-797,-947,-855,-539,-78,395,749,914,837,530,90,-359,-706,-862,-780,-491,-76,353,679,813,719,425,14,-391,-685,-791,-668,-353,56,455,733,805,645,303,-127,-528,-792,-837,-648,-283,164,578,839,876,671,277,-196,-619,-881,-906,-685,-275,211,652,921,934,691,262,-247,-697,-966,-980,-725,-267,272,754,1043,1055,788,311,-253,-762,-1089,-1133,-880,-397,185,728,1088,1173,954,489,-96,-654,-1047,-1171,-998,-579,-12,557,980,1147,1022,640,108,-442,-876,-1083,-1016,-698,-208,325,760,990,962,699,272,-217,0,-863,-863,-647,-279,148,515,727,736,551,230,-140,-464,-648,-638,-456,-155,185,461,597,568,376,79,-238,-482,-582,-516,-297,8,312,531,601,499,245,-90,-410,-620,-662,-521,-220,162,518,754,794,618,266,-173,-588,-863,-923,-751,-380,107,576,915,1036,895,525,16,-508,-919,-1122,-1042,-688,-164,398,873,1140,1137,853,357,-226,-760,-1113,-1206,-1008,-571,-3,558,985,1182,1101,761,248,-303,-765,-1039,-1068,-850,-456,37,501,834,955,851,557,146,-272,-602,-786,-776,-584,-272,84,400,613,679,587,361,66,-217,-444,-570,-568,-445,-240,0,224,385,463,455,365,224,66,-69,-171,0,0,0,0,0,331,286,184,31,-149,-322,-452,-499,-450,-317,-114,127,348,491,529,457,276,34,-216,-425,-536,-514,-370,-139,130,367,517,549,435,210,-69,-335,-519,-578,-491,-275,15,313,530,616,555,349,42,-278,-531,-653,-611,-411,-104,233,515,671,662,483,170,-185,-490,-676,-690,-526,-214,147,464,665,699,552,264,-101,-437,-660,-712,-582,-299,55,396,634,706,591,321,-32,-380,-624,-695,-580,-318,29,368,608,684,585,329,-17,-361,-608,-695,-595,-337,9,369,633,723,628,373,13,-351,-618,-732,-657,-410,-56,312,596,725,666,432,79,-288,-582,-727,-675,-444,-96,276,573,727,0,464,122,-249,-557,-717,-681,-470,-141,226,526,686,660,458,140,-214,-513,-662,-625,-420,-98,254,523,654,607,385,47,-307,-577,-692,-627,-384,-26,345,620,735,667,411,36,-353,-647,-769,-691,-433,-53,341,640,766,685,425,55,-330,-627,-754,-669,-395,-17,362,640,746,650,372,-14,-393,-663,-757,-636,-332,60,437,701,776,638,319,-92,-481,-744,-808,-656,-319,111,518,787,848,676,320,-121,-537,-816,-879,-714,-358,95,527,826,901,738,389,-61,-494,-798,-889,-741,-403,37,467,767,860,722,389,-49,-471,-761,-850,-704,-368,68,488,771,846,701,362,-86,-509,-796,-874,0,0
61516,mtk,MTK 7916,862703775,rx0-tx0,512,-330,429,544,-283,-400,-509,-613,-708,-780,-847,-892,-925,-927,-918,-896,-856,-809,-741,-661,-577,-472,-364,-249,-135,-7,106,223,339,458,554,657,739,796,860,904,932,942,925,899,858,801,731,637,529,422,301,176,49,-82,-205,-319,-435,-539,-635,-715,-778,-832,-881,-893,-900,-888,-863,-821,-778,-713,-631,-550,-457,-354,-251,-144,-14,98,208,320,429,520,612,692,760,808,842,863,865,847,818,765,701,629,545,448,343,244,132,19,-84,-186,-281,-375,-445,-513,-573,-622,-654,-682,-695,-690,-677,-653,-619,-583,-536,-478,-415,-342,-273,-193,-112,-39,43,117,196,270,337,400,453,500,541,-26,609,617,620,623,603,566,530,492,434,366,300,220,143,57,-34,-122,-217,-308,-393,-460,-516,-575,-624,-657,-683,-692,-683,-665,-631,-577,-523,-452,-369,-288,-195,-96,6,104,191,277,364,445,523,578,627,670,695,703,704,692,664,621,562,480,401,307,205,95,-21,-121,-229,-331,-427,-519,-589,-638,-672,-680,-695,-685,-642,-600,-527,-444,-357,-258,-161,-60,33,126,202,265,325,368,399,418,419,418,407,381,352,327,297,258,221,179,137,91,55,19,-21,-54,-92,-122,-138,-171,-199,-217,-228,-238,-246,-243,-237,-223,-203,-177,-139,-93,-42,14,66,112,147,170,174,58,194,510,-780,-686,-136,-168,-188,-195,-194,-181,-155,-119,-81,-45,-2,39,75,111,149,182,213,243,266,276,293,311,318,309,301,282,258,241,194,141,87,29,-53,-121,-205,-285,-360,-436,-500,-559,-610,-644,-670,-676,-653,-607,-551,-482,-392,-287,-169,-31,106,238,373,503,626,734,834,900,948,964,965,950,893,816,714,602,474,331,180,26,-131,-280,-440,-593,-695,-797,-893,-952,-1002,-1020,-1024,-1005,-957,-887,-810,-701,-594,-470,-331,-184,-47,99,247,376,497,613,720,807,883,929,968,986,986,962,917,855,782,679,573,452,318,198,65,-78,-216,-352,-475,-585,-672,-758,-834,-884,-917,301,-936,-915,-882,-838,-779,-699,-605,-512,-401,-287,-175,-46,71,192,318,440,553,658,751,827,894,942,975,993,976,952,912,851,771,677,562,449,331,199,67,-58,-190,-312,-432,-559,-659,-749,-839,-906,-969,-1009,-1027,-1039,-1023,-992,-945,-885,-793,-695,-581,-457,-328,-189,-40,106,254,404,546,680,793,906,1001,1062,1114,1142,1147,1128,1088,1023,939,846,724,588,438,292,146,-11,-163,-305,-444,-572,-685,-789,-876,-946,-1002,-1036,-1044,-1035,-1014,-970,-910,-837,-751,-652,-539,-418,-292,-154,-29,107,239,354,480,580,674,767,838,888,928,944,953,940,903,873,810,735,643,550,441,-929,-898,-82,726,655,-893,-847,-785,-708,-609,-510,-397,-281,-160,-34,92,215,330,437,544,629,710,781,833,872,904,914,904,886,856,804,738,665,558,454,346,224,110,-19,-144,-269,-390,-500,-609,-709,-784,-839,-890,-923,-943,-941,-914,-874,-822,-753,-676,-581,-473,-372,-250,-129,-16,100,215,322,422,525,609,683,751,796,829,864,878,865,848,813,754,694,627,543,440,332,211,89,-31,-140,-253,-370,-467,-550,-629,-695,-739,-769,-789,-783,-770,-748,-712,-661,-603,-537,-453,-362,-278,-195,-104,-12,79,165,241,308,384,448,503,541,574,603,612,623,621,610,587,555,510,461,409,354,288,628,138,52,-18,-100,-185,-263,-330,-405,-473,-527,-575,-613,-635,-655,-656,-651,-633,-599,-549,-491,-427,-355,-265,-181,-87,13,114,210,304,380,457,536,595,638,669,686,698,680,653,625,587,534,464,378,300,212,118,19,-83,-181,-278,-371,-463,-539,-607,-665,-697,-722,-725,-718,-692,-642,-583,-514,-423,-319,-207,-103,-1,122,225,320,415,480,535,572,591,586,571,548,504,454,398,333,268,187,111,57,-5,-61,-111,-151,-191,-221,-244,-263,-276,-281,-281,-286,-279,-267,-253,-227,-210,-190,-157,-126,-94,-65,-24,17,58,99,138,179,210,228,236,236,220,188,146,98,42,833,821,-82,540,663,-88,-61,-17,28,72,118,159,194,214,233,244,238,226,214,200,182,161,136,97,61,25,-16,-66,-111,-155,-206,-247,-306,-360,-392,-418,-455,-473,-474,-470,-444,-414,-371,-308,-231,-137,-37,60,170,280,392,489,596,682,750,807,845,850,835,803,744,655,557,440,308,168,11,-138,-300,-448,-582,-703,-809,-897,-965,-1006,-1026,-1014,-987,-948,-862,-756,-653,-516,-380,-237,-87,55,204,355,491,623,737,818,898,954,988,1004,1006,977,924,862,788,686,574,447,312,187,43,-97,-241,-375,-490,-608,-712,-794,-873,-913,-946,-969,-965,-941,-896,-837,-754,-667,-570,-455,-335,-223,-176,35,160,283,398,510,611,692,767,837,879,921,940,935,922,890,847,784,705,608,505,396,266,141,-1,-133,-270,-402,-530,-638,-736,-820,-885,-944,-977,-985,-987,-979,-945,-906,-840,-756,-672,-565,-452,-340,-210,-85,53,202,337,466,592,710,810,907,981,1040,1083,1101,1099,1083,1045,986,900,803,695,556,415,269,109,-57,-213,-369,-519,-655,-781,-887,-966,-1032,-1073,-1107,-1116,-1094,-1057,-998,-922,-836,-734,-612,-488,-355,-213,-67,66,204,337,457,577,679,774,850,910,953,975,985,984,947,907,854,777,695,593,477,369,250,127,2,-135,-254,-373,-489,-591,-681,-760,-828,110,264
61517,mtk,MTK 7916,862703775,rx0-tx1,512,-686,-909,-921,-638,-685,-710,-722,-719,-696,-661,-618,-567,-500,-417,-333,-250,-166,-70,21,100,189,266,332,395,453,505,542,569,598,610,611,593,575,559,528,491,441,384,328,266,206,136,60,-18,-91,-161,-240,-309,-374,-435,-494,-547,-592,-631,-664,-677,-670,-667,-651,-610,-567,-506,-440,-365,-279,-191,-95,8,107,203,297,383,471,543,611,664,700,728,738,731,719,685,648,596,526,454,368,281,187,86,-8,-104,-200,-281,-368,-447,-511,-570,-614,-649,-671,-690,-687,-671,-648,-611,-574,-520,-451,-374,-298,-221,-127,-33,53,142,223,305,383,453,520,574,618,649,662,677,664,636,-38,570,513,445,371,292,206,104,6,-91,-186,-274,-361,-433,-501,-569,-611,-643,-670,-681,-672,-657,-623,-573,-509,-440,-362,-279,-190,-90,11,109,204,292,373,449,508,554,591,623,628,616,603,580,536,486,418,354,286,201,120,42,-47,-123,-191,-259,-314,-369,-413,-446,-471,-488,-490,-485,-466,-438,-415,-380,-346,-298,-239,-185,-124,-57,3,74,132,190,244,298,347,373,396,415,417,416,399,371,345,307,257,206,150,97,31,-25,-77,-138,-185,-232,-273,-303,-326,-332,-333,-327,-314,-285,-249,-211,-162,-105,-48,14,72,126,178,219,251,264,258,236,198,150,89,26,-725,-811,0,85,486,-58,-16,36,93,146,189,222,244,245,238,224,196,165,122,78,32,-13,-60,-100,-140,-173,-205,-231,-247,-251,-253,-249,-230,-209,-191,-161,-129,-98,-56,-24,13,44,67,93,117,127,137,143,145,156,162,152,148,154,156,162,161,151,151,145,140,135,124,103,74,49,22,-4,-38,-71,-101,-130,-156,-179,-207,-221,-229,-235,-243,-247,-238,-222,-213,-197,-187,-172,-152,-127,-99,-69,-41,-8,33,65,106,142,176,210,244,281,309,327,338,345,343,339,326,302,272,239,198,153,107,56,4,-44,-100,-154,-193,-239,-276,-310,-348,-379,-396,-405,-414,-408,-394,-377,-48,-323,-289,-249,-201,-154,-94,-35,25,91,150,213,276,333,389,436,469,503,518,534,533,519,501,462,413,364,303,237,167,92,16,-55,-129,-201,-276,-333,-390,-446,-484,-513,-548,-577,-588,-582,-570,-551,-518,-487,-442,-385,-319,-251,-174,-96,-17,66,156,236,316,393,466,523,572,620,657,679,694,700,683,654,614,566,504,432,347,256,166,60,-44,-143,-247,-346,-444,-531,-601,-664,-713,-742,-767,-772,-759,-731,-692,-644,-579,-501,-407,-316,-223,-118,-22,76,175,272,365,447,531,598,651,698,724,738,742,732,709,672,617,554,481,392,306,211,112,6,-92,-193,-725,-650,9,-104,52,-326,-238,-143,-41,65,163,253,338,417,492,555,597,627,657,673,661,648,632,589,542,485,431,369,297,226,156,80,0,-81,-145,-215,-284,-349,-406,-449,-491,-526,-553,-582,-603,-611,-599,-592,-570,-536,-501,-454,-402,-341,-271,-197,-114,-22,65,150,249,333,412,491,555,615,661,697,720,727,718,703,669,626,570,502,426,335,242,149,48,-54,-159,-256,-343,-433,-507,-567,-623,-664,-698,-711,-711,-710,-683,-649,-606,-544,-477,-407,-328,-241,-156,-65,32,122,207,288,367,447,512,562,598,632,662,670,669,657,631,594,542,484,416,343,267,176,88,-6,-102,-185,634,-367,-442,-506,-565,-612,-651,-672,-673,-672,-652,-625,-578,-517,-454,-379,-289,-202,-111,-11,84,177,278,363,441,504,562,606,642,665,668,656,634,591,543,478,407,326,242,140,41,-45,-122,-210,-287,-359,-424,-467,-512,-550,-563,-572,-560,-531,-506,-470,-424,-375,-309,-241,-177,-110,-40,26,92,146,207,265,314,358,386,409,435,444,447,441,420,401,365,327,270,212,161,96,29,-37,-101,-155,-203,-255,-299,-334,-357,-376,-385,-372,-357,-330,-301,-272,-228,-180,-125,-69,-11,45,101,153,193,234,266,286,300,300,288,264,228,180,120,53,-10,-71,-120,-155,-177,-175,-517,-395,0,-719,-538,165,186,198,195,172,136,92,39,-16,-67,-118,-162,-196,-225,-244,-258,-262,-253,-238,-215,-184,-154,-121,-81,-37,2,44,86,123,160,191,204,218,226,225,220,206,192,181,159,136,114,92,77,60,35,18,13,-1,-17,-24,-42,-58,-80,-98,-112,-134,-159,-182,-196,-206,-215,-222,-226,-219,-208,-194,-180,-166,-142,-107,-77,-45,-16,16,46,73,106,138,160,181,205,223,235,250,259,276,278,282,281,271,251,224,197,166,126,84,38,-9,-55,-105,-157,-205,-245,-283,-318,-339,-356,-372,-375,-379,-373,-352,-330,-306,-271,-233,-191,-140,-89,-44,12,72,124,169,-1135,270,316,362,393,421,442,456,463,459,448,434,405,368,325,267,213,146,79,5,-80,-154,-230,-303,-360,-413,-465,-502,-533,-551,-557,-552,-544,-529,-494,-453,-412,-358,-291,-228,-164,-93,-11,66,138,216,282,347,412,473,525,570,604,619,625,629,621,599,572,534,483,418,351,275,183,92,4,-88,-183,-274,-360,-444,-524,-593,-653,-695,-731,-754,-752,-742,-718,-676,-623,-553,-479,-393,-294,-192,-91,21,129,232,331,422,503,575,638,679,716,734,742,742,725,692,643,594,530,448,366,273,174,74,-34,-132,-228,-322,-410,-484,-558,-619,-671,-710,-733,-738,-725,-709,103,-326
61518,mtk,MTK 7916,862703775,rx1-tx0,512,0,370,487,-444,-405,-364,-310,-254,-192,-129,-64,11,89,171,247,317,392,460,525,581,625,663,690,706,711,696,666,620,562,495,417,316,215,108,-5,-119,-232,-346,-451,-552,-646,-724,-792,-842,-873,-887,-883,-853,-809,-763,-696,-606,-498,-388,-276,-148,-27,100,226,339,449,542,629,711,774,822,856,867,872,865,836,792,741,678,590,492,393,294,180,61,-68,-192,-303,-415,-514,-608,-698,-769,-829,-853,-867,-888,-867,-846,-800,-727,-654,-567,-465,-359,-257,-132,-6,109,231,337,439,550,632,696,741,778,801,806,792,756,709,646,577,506,419,321,226,124,25,-67,-163,-244,-277,-391,-453,-496,-531,-562,-579,-582,-584,-572,-553,-529,-489,-455,-406,-355,-305,-241,-183,-121,-57,3,77,146,202,255,324,381,423,460,496,525,536,550,551,545,529,492,459,420,368,330,278,200,122,42,-39,-107,-194,-281,-366,-442,-516,-574,-627,-681,-722,-743,-747,-736,-711,-663,-593,-512,-423,-314,-181,-58,72,220,341,463,579,669,752,815,847,853,840,801,739,655,560,469,350,223,102,-17,-134,-243,-337,-428,-503,-556,-598,-621,-629,-615,-590,-565,-519,-454,-383,-304,-222,-130,-47,37,119,199,269,331,381,422,451,456,448,420,366,300,217,127,33,-60,-132,-176,-394,-172,0,218,-199,40,56,66,67,69,70,68,64,55,47,35,23,8,-12,-23,-41,-62,-76,-92,-109,-109,-108,-121,-125,-124,-123,-129,-120,-111,-106,-86,-73,-56,-46,-27,-4,27,59,85,109,139,172,209,238,253,279,293,301,305,297,281,255,222,177,124,66,3,-78,-150,-222,-283,-350,-412,-460,-495,-515,-525,-510,-486,-452,-408,-345,-274,-200,-101,-13,71,159,248,324,384,440,488,514,528,533,526,498,456,408,356,293,230,165,90,21,-55,-111,-164,-215,-255,-284,-313,-336,-340,-352,-354,-348,-343,-324,-310,-292,-279,-262,-234,-209,-185,-155,-120,-81,-51,-9,39,86,130,489,233,283,320,359,391,412,429,443,438,440,429,393,358,322,269,219,155,83,16,-54,-123,-197,-251,-312,-368,-416,-458,-496,-515,-519,-523,-516,-498,-474,-439,-400,-343,-281,-214,-144,-83,-19,57,130,198,262,316,367,414,461,494,508,517,532,537,522,501,467,431,391,360,315,253,187,127,60,-14,-80,-149,-226,-298,-370,-445,-498,-550,-593,-622,-644,-652,-639,-617,-581,-531,-476,-414,-326,-231,-139,-37,58,151,243,331,403,456,517,555,579,591,596,583,576,545,499,459,416,354,300,237,178,121,52,-18,-71,-120,-178,-232,-285,-320,-363,-408,-438,-459,-476,-489,545,674,0,-321,-46,295,345,400,450,487,524,549,578,598,594,576,550,525,492,449,390,314,237,158,66,-28,-133,-229,-323,-415,-506,-586,-657,-713,-760,-798,-821,-823,-806,-770,-716,-652,-570,-474,-366,-248,-132,-13,116,252,372,483,590,681,755,817,868,899,903,906,879,833,773,700,618,525,420,315,200,84,-25,-146,-261,-368,-462,-560,-648,-723,-781,-830,-865,-885,-887,-863,-831,-783,-717,-641,-553,-458,-340,-214,-104,23,145,251,375,478,574,665,737,783,826,856,853,844,819,772,720,643,551,457,357,247,128,9,-110,-219,-312,-405,-479,-551,-617,-657,-685,-701,-697,-685,-658,-619,315,-515,-451,-385,-319,-244,-164,-87,-10,66,130,202,262,312,359,398,443,481,503,519,523,528,529,516,491,466,430,380,333,284,230,157,91,23,-49,-120,-188,-257,-313,-381,-427,-470,-525,-564,-588,-612,-616,-617,-615,-592,-559,-511,-454,-373,-294,-205,-116,-7,103,216,328,436,535,615,694,769,816,834,855,833,787,727,630,526,422,294,157,19,-119,-254,-374,-478,-567,-650,-716,-744,-749,-746,-720,-680,-619,-553,-464,-375,-281,-180,-81,22,114,205,295,361,416,463,501,519,524,514,495,461,411,349,279,206,121,30,-57,-152,-229,-293,-341,-369,-371,-340,-285,-218,-259,-445,0,643,654,36,33,19,4,-9,-23,-37,-54,-67,-76,-85,-92,-99,-94,-90,-92,-83,-77,-71,-58,-41,-33,-19,4,21,33,48,72,84,103,119,132,146,158,174,183,188,190,184,175,168,155,143,106,77,45,-2,-43,-98,-150,-199,-248,-298,-340,-376,-399,-424,-433,-427,-410,-378,-336,-275,-204,-132,-48,37,125,204,286,357,425,476,525,552,551,551,535,496,442,389,325,245,162,83,1,-90,-172,-241,-301,-354,-400,-426,-456,-466,-463,-445,-416,-398,-365,-318,-275,-232,-178,-127,-87,-42,-9,31,68,106,139,164,196,221,243,270,294,313,323,337,356,364,364,348,-571,328,298,257,220,172,119,65,-6,-65,-123,-196,-262,-309,-354,-401,-432,-467,-481,-486,-491,-490,-467,-435,-406,-362,-308,-251,-186,-112,-45,24,102,171,240,303,360,414,452,487,511,520,530,532,521,503,472,430,380,327,273,202,139,79,21,-54,-120,-182,-239,-295,-349,-397,-445,-482,-509,-535,-562,-572,-562,-556,-533,-501,-471,-420,-365,-297,-220,-135,-52,44,136,226,313,394,467,541,598,625,651,669,668,658,622,574,508,447,373,288,208,127,44,-29,-104,-187,-250,-302,-360,-413,-447,-477,-486,-499,-508,-503,-495,-490,-468,-439,-405,-365,-333,-282,-233,-182,-128,-69,-391,-5
61519,mtk,MTK 7916,862703775,rx1-tx1,512,0,0,0,176,525,663,528,180,-244,-576,-677,-505,-135,285,596,664,464,88,-316,-584,-608,-393,-25,352,566,549,310,-56,-392,-551,-472,-203,145,434,530,398,102,-228,-462,-505,-325,-6,316,502,478,241,-104,-401,-530,-442,-159,200,478,562,406,70,-296,-543,-575,-361,8,376,601,575,314,-66,-432,-625,-562,-266,133,474,625,525,206,-200,-522,-624,-473,-128,269,549,603,411,46,-340,-583,-582,-350,25,394,603,567,299,-95,-453,-625,-547,-247,149,479,617,508,195,-192,-495,-602,-471,-148,224,508,585,426,102,-254,-503,-552,-385,-74,261,479,503,332,41,-259,-441,-429,-249,0,250,386,361,187,-55,-257,-331,-257,-89,110,259,283,161,-27,-196,-271,-230,-78,118,271,307,198,-2,-208,-344,-334,-171,75,302,413,354,142,-146,-395,-480,-372,-108,214,462,535,394,90,-260,-522,-587,-413,-70,308,573,623,423,41,-360,-623,-654,-427,-23,400,671,682,426,-3,-432,-704,-709,-430,13,449,734,741,452,-4,-455,-747,-758,-475,-19,439,724,752,502,62,-392,-691,-735,-506,-96,333,637,694,492,120,-288,-578,-647,-480,-146,223,494,584,458,170,-166,-428,-526,-436,-198,101,354,472,418,229,-26,-259,-400,-400,-273,-73,133,290,345,294,173,30,-91,0,0,0,0,0,111,259,355,361,257,50,-195,-404,-506,-447,-229,80,380,565,571,381,49,-314,-586,-658,-493,-146,263,585,705,564,208,-222,-582,-738,-609,-245,210,586,748,624,255,-224,-624,-784,-642,-242,264,677,835,663,225,-311,-742,-885,-694,-226,344,780,924,713,219,-362,-814,-947,-707,-191,401,844,958,696,162,-442,-869,-949,-652,-98,492,890,928,596,29,-546,-904,-903,-535,58,627,934,862,448,-154,-693,-952,-833,-369,255,789,1005,813,289,-364,-879,-1044,-791,-215,464,966,1089,788,160,-541,-1041,-1141,-785,-117,601,1096,1167,789,95,-645,-1137,-1185,-765,-52,685,1154,1167,719,0,-723,-1146,-1115,-642,88,772,1142,1063,560,-174,-835,-1149,-1003,-460,278,911,1158,930,333,-402,-982,-1176,-897,-240,509,1045,1173,836,157,-586,-1100,-1176,-773,-64,670,1146,1163,711,-22,-735,-1154,-1109,-620,109,790,1145,1035,527,-186,-830,-1132,-957,-403,294,864,1070,837,261,-413,-907,-1024,-725,-120,535,964,994,609,-23,-645,-1002,-957,-517,141,735,1032,913,425,-237,-804,-1044,-860,-349,295,826,1020,805,279,-357,-839,-986,-745,-204,404,829,917,643,125,-425,-788,-838,-553,-55,447,742,730,426,-45,-472,-688,-615,-292,136,495,641,511,154,-254,-544,-606,-406,-34,341,579,578,313,0,0,0,0,0,-633,-405,-7,403,648,627,357,-61,-454,-665,-608,-312,102,470,650,568,254,-150,-483,-620,-502,-179,202,489,570,408,78,-277,-507,-520,-315,19,339,510,464,217,-125,-406,-513,-409,-124,213,457,514,348,24,-319,-527,-512,-287,67,401,571,499,213,-162,-478,-607,-485,-157,236,536,628,463,96,-305,-576,-618,-408,-42,349,597,594,351,-38,-408,-603,-555,-278,111,454,612,515,210,-189,-503,-609,-471,-138,258,550,611,427,79,-305,-576,-612,-395,-22,357,592,590,352,-22,-381,-575,-540,-301,59,392,562,507,253,-91,-399,-544,-469,-219,111,384,496,412,165,-138,-360,0,-316,-97,153,329,360,230,17,-178,-288,-268,-127,71,237,287,197,19,-167,-278,-266,-132,71,252,328,264,75,-161,-341,-388,-267,-20,242,420,436,266,-21,-316,-495,-477,-267,61,381,557,511,263,-103,-438,-602,-530,-246,142,484,642,545,229,-183,-536,-691,-573,-229,209,584,734,593,220,-240,-614,-760,-619,-239,238,628,777,635,243,-235,-623,-785,-654,-277,201,596,763,647,302,-155,-541,-722,-638,-319,110,485,671,606,322,-65,-410,-604,-570,-324,24,348,535,521,322,19,-277,-466,-484,-329,-67,204,390,443,346,140,-104,-300,-388,-352,-218,-38,134,243,272,228,0,0,0,0,0,-275,-201,-51,146,332,439,421,269,9,-277,-494,-562,-442,-161,189,483,624,554,283,-96,-454,-663,-635,-375,31,430,678,685,436,12,-423,-696,-713,-462,-21,432,723,732,457,0,-470,-766,-766,-470,19,517,821,804,475,-47,-562,-875,-847,-486,70,613,924,878,496,-88,-650,-955,-880,-462,125,665,948,863,435,-175,-707,-952,-820,-361,241,752,963,788,305,-302,-786,-945,-726,-206,402,848,956,675,114,-493,-899,-945,-606,-8,609,980,955,550,-86,-705,-1057,-989,-518,163,795,1123,1006,495,-227,-872,-1179,-1031,-469,281,919,1208,1027,442,-314,-947,-1214,-1004,-397,369,983,0,959,334,-417,-993,-1168,-877,-240,488,1024,1154,815,146,-570,-1058,-1125,-729,-31,679,1106,1094,635,-89,-780,-1158,-1066,-546,189,856,1183,1045,484,-278,-919,-1199,-1011,-412,359,978,1207,950,312,-439,-1010,-1182,-875,-225,502,1026,1131,783,123,-576,-1022,-1052,-650,18,653,1011,960,507,-152,-742,-1023,-880,-362,301,833,1023,801,244,-417,-911,-1041,-744,-143,504,947,1016,673,54,-583,-986,-997,-610,18,627,976,936,533,-77,-658,-963,-876,-455,134,650,894,780,357,-191,-637,-819,-664,-248,246,619,730,537,136,-307,-612,-648,-416,-18,383,610,565,291,-101,-454,-608,-496,-172,222,530,0,0
61520,mtk,MTK 7916,862703775,rx2-tx0,512,0,0,0,553,1030,1102,722,27,-696,-1149,-1149,-680,82,823,1242,1170,633,-170,-915,-1293,-1151,-548,278,996,1313,1102,442,-396,-1077,-1328,-1035,-322,516,1145,1312,945,192,-637,-1200,-1270,-816,-31,761,1238,1209,677,-128,-875,-1269,-1139,-536,281,981,1276,1044,382,-435,-1070,-1261,-932,-225,569,1115,1207,810,75,-689,-1148,-1124,-636,108,798,1152,1020,464,-277,-890,-1123,-888,-280,449,978,1089,743,77,-625,-1063,-1047,-587,121,786,1118,974,417,-325,-943,-1180,-929,-276,501,1070,1215,856,130,-660,-1189,-1240,-781,4,794,1275,1237,698,-126,-907,-1332,-1217,-614,235,992,1353,1174,521,-343,-1079,-1372,-1104,-401,0,1128,1350,1027,293,-561,-1180,-1318,-925,-163,666,1227,1286,814,16,-787,-1270,-1245,-710,120,911,1332,1206,588,-266,-1020,-1373,-1170,-498,381,1118,1412,1139,408,-499,-1209,-1434,-1094,-314,603,1275,1437,1034,226,-684,-1329,-1436,-974,-127,769,1369,1429,911,40,-839,-1387,-1384,-835,39,893,1388,1332,758,-111,-936,-1383,-1281,-683,182,977,1378,1238,619,-242,-1004,-1371,-1207,-580,257,987,1343,1181,568,-246,-954,-1291,-1134,-554,209,873,1197,1071,547,-157,-783,-1101,-1002,-531,111,690,997,928,522,-53,-583,-883,-851,-523,-25,466,772,797,546,128,-311,-629,-723,-581,-271,98,407,564,542,380,144,-91,0,0,0,0,0,-271,-83,165,414,575,569,373,38,-342,-638,-737,-586,-224,230,626,821,733,372,-142,-626,-894,-843,-469,93,636,954,923,541,-58,-658,-1022,-1012,-610,47,696,1092,1083,652,-46,-740,-1170,-1156,-691,48,788,1232,1201,707,-66,-830,-1290,-1248,-716,102,885,1334,1268,709,-130,-928,-1371,-1276,-682,176,964,1375,1249,640,-213,-974,-1349,-1194,-577,263,992,1317,1116,479,-332,-1000,-1259,-1013,-362,419,1014,1184,881,234,-502,-1016,-1106,-747,-83,611,1040,1031,592,-83,-718,-1054,-945,-443,249,846,1097,888,310,-403,-961,-1122,-817,-173,553,1060,1144,756,49,-687,-1157,-1158,-690,67,806,1223,1151,0,-177,-903,-1264,-1114,-510,306,999,1294,1062,396,-434,-1094,-1312,-993,-263,577,1191,1321,905,114,-732,-1289,-1331,-827,15,859,1365,1321,739,-146,-978,-1425,-1295,-643,266,1073,1446,1239,527,-397,-1160,-1456,-1161,-409,503,1208,1412,1051,275,-608,-1239,-1346,-910,-117,718,1250,1260,753,-50,-820,-1242,-1149,-584,211,911,1224,1030,417,-362,-984,-1190,-908,-257,486,1025,1131,764,90,-610,-1049,-1048,-621,50,691,1035,943,462,-196,-753,-994,-816,-303,318,793,926,656,117,-453,-820,-832,-489,58,571,830,730,313,-241,-689,-836,-625,-140,412,789,829,509,-35,-580,-883,-810,-391,203,729,958,783,269,0,0,0,0,0,-950,-434,284,911,1177,966,356,-412,-1028,-1245,-961,-279,522,1122,1283,928,194,-626,-1198,-1291,-862,-86,727,1247,1269,772,-37,-832,-1285,-1212,-652,166,917,1291,1140,527,-304,-1009,-1300,-1052,-373,456,1092,1281,946,220,-599,-1168,-1253,-823,-57,728,1213,1201,690,-103,-849,-1239,-1115,-535,258,933,1225,1011,379,-402,-1000,-1178,-861,-191,541,1046,1107,698,1,-691,-1086,-1026,-530,190,823,1105,915,333,-391,-952,-1116,-809,-149,582,1074,1118,692,-28,-751,-1171,-1108,-581,196,907,1256,1085,465,-350,-1035,-1304,-1041,-353,486,1136,1330,996,250,-601,-1207,-1337,-930,-146,695,1263,1324,848,30,-799,-1304,0,-752,83,883,1318,1219,627,-209,-956,-1321,-1149,-511,335,1043,1325,1065,370,-479,-1137,-1340,-996,-240,618,1227,1342,919,122,-738,-1300,-1339,-836,-1,842,1367,1339,771,-106,-945,-1415,-1327,-703,204,1020,1440,1295,628,-297,-1094,-1455,-1244,-543,377,1146,1458,1198,466,-451,-1187,-1448,-1142,-385,522,1211,1415,1063,294,-594,-1242,-1390,-1001,-225,639,1245,1369,961,186,-660,-1245,-1341,-925,-169,646,1207,1303,905,174,-599,-1135,-1237,-871,-189,544,1050,1146,824,210,-465,-943,-1060,-786,-236,375,825,957,739,263,-288,-715,-864,-705,-310,175,574,764,692,393,-22,-397,-620,-645,-479,-189,121,351,451,425,0,0,0,0,0,-313,-452,-472,-345,-86,238,526,669,600,328,-73,-480,-747,-760,-508,-69,417,776,863,637,167,-386,-811,-949,-737,-239,370,857,1033,818,280,-384,-917,-1110,-880,-309,396,975,1190,944,331,-422,-1034,-1260,-998,-337,455,1087,1309,1019,330,-492,-1142,-1355,-1042,-320,534,1186,1384,1043,280,-585,-1218,-1384,-1011,-248,612,1230,1368,969,195,-644,-1222,-1306,-883,-124,682,1205,1241,782,23,-730,-1177,-1149,-651,94,782,1143,1035,504,-219,-841,-1117,-928,-358,351,903,1072,797,191,-503,-987,-1054,-681,-24,647,1058,1033,576,-130,-795,-1136,-1006,-469,264,911,1201,997,385,-391,-1016,-1236,-952,-279,510,0,1256,894,164,-630,-1172,-1247,-813,-45,744,1239,1233,720,-93,-868,-1296,-1198,-603,252,1007,1352,1159,489,-392,-1119,-1398,-1107,-367,529,1216,1422,1051,254,-654,-1308,-1433,-982,-134,769,1365,1404,873,0,-861,-1383,-1348,-767,114,934,1370,1253,620,-254,-1006,-1344,-1132,-459,384,1062,1295,989,285,-521,-1108,-1228,-839,-112,652,1135,1148,687,-53,-764,-1150,-1059,-531,204,845,1128,943,375,-336,-896,-1075,-811,-221,450,921,996,662,65,-551,-917,-889,-501,89,633,890,762,315,-259,-709,-847,-623,-134,408,773,801,474,-59,-564,-831,-746,-332,231,703,879,673,173,-410,-832,-909,-595,-22,579,953,0,0
61521,mtk,MTK 7916,862703775,rx2-tx1,512,0,0,0,-1063,-997,-528,163,792,1112,996,477,-235,-856,-1142,-968,-406,312,905,1136,906,318,-391,-937,-1103,-826,-218,473,960,1047,709,92,-554,-961,-971,-588,25,619,949,870,434,-178,-710,-927,-748,-254,347,799,909,621,66,-516,-890,-889,-504,102,688,987,863,383,-266,-826,-1042,-825,-268,408,930,1070,764,129,-567,-1033,-1071,-671,9,704,1115,1063,563,-177,-843,-1181,-1035,-453,323,983,1248,1006,348,-467,-1109,-1317,-990,-254,586,1204,1353,964,191,-666,-1265,-1357,-921,-122,732,1282,1331,868,56,-775,-1294,-1300,-798,4,791,1266,1244,729,-60,-804,-1224,-1163,-654,95,787,1160,1058,546,-145,0,-1047,-919,-432,200,716,924,762,293,-273,-699,-814,-591,-135,362,696,722,438,-31,-471,-697,-619,-272,188,558,680,510,126,-318,-628,-662,-403,46,486,728,657,291,-213,-656,-841,-669,-202,374,826,960,701,137,-504,-969,-1071,-748,-109,598,1082,1161,789,97,-659,-1180,-1247,-830,-80,713,1244,1300,851,68,-744,-1285,-1345,-889,-89,743,1296,1377,948,161,-687,-1270,-1379,-978,-232,584,1176,1327,997,313,-464,-1041,-1214,-950,-351,354,891,1080,878,364,-259,-755,-950,-799,-363,186,636,830,717,353,-120,-525,-728,-672,-385,25,396,620,628,427,113,-213,-454,-536,-453,-258,-20,183,304,0,0,0,0,0,-41,-261,-436,-509,-435,-222,76,369,557,573,401,83,-276,-544,-626,-488,-178,198,509,636,530,226,-167,-499,-651,-557,-239,176,518,666,560,231,-196,-547,-695,-571,-215,238,602,739,586,194,-275,-654,-777,-589,-173,316,690,791,583,145,-356,-723,-811,-576,-112,395,760,810,534,50,-460,-787,-804,-498,8,507,802,777,443,-63,-544,-816,-754,-390,119,577,808,707,310,-203,-627,-800,-648,-224,279,666,790,584,131,-376,-740,-799,-526,-37,467,783,790,473,-47,-545,-819,-772,-425,101,587,842,754,361,-173,-639,-851,-720,-297,247,684,843,664,215,-321,-728,-842,-611,-137,0,778,832,545,39,-482,-799,-793,-480,22,519,802,748,389,-117,-573,-788,-665,-264,242,642,773,576,135,-367,-719,-773,-502,-7,497,797,773,423,-119,-617,-870,-769,-352,216,709,915,744,266,-315,-767,-914,-677,-167,399,806,890,594,51,-505,-845,-838,-476,80,597,869,775,351,-222,-703,-891,-701,-212,367,791,890,616,84,-495,-877,-891,-529,52,623,946,875,440,-185,-748,-1006,-849,-344,312,844,1035,808,252,-417,-913,-1043,-752,-159,502,964,1033,680,59,-582,-981,-981,-584,46,652,988,919,468,-178,-744,-994,-841,-343,301,814,990,754,199,-441,-899,-990,-674,-81,550,0,0,0,0,0,238,-454,-969,-1101,-791,-159,539,1027,1114,756,87,-620,-1066,-1094,-693,-11,671,1079,1050,606,-75,-716,-1064,-977,-495,180,775,1039,871,349,-303,-815,-990,-755,-214,404,841,918,606,38,-540,-886,-849,-450,144,684,927,772,289,-326,-812,-963,-706,-146,484,926,980,618,-6,-635,-1018,-977,-525,149,769,1081,942,407,-297,-893,-1130,-896,-279,456,1004,1146,815,141,-611,-1123,-1177,-748,3,771,1235,1209,695,-109,-889,-1315,-1217,-638,210,980,1370,1219,575,-291,-1046,-1390,-1184,-513,349,1066,1371,1140,458,-402,-1094,-1344,-1071,-389,441,1085,1298,999,316,-465,-1045,-1208,-903,-255,471,988,1104,0,176,-480,-919,-967,-628,-61,499,841,826,471,-60,-544,-779,-682,-301,193,586,722,543,132,-319,-631,-669,-414,28,445,667,606,277,-178,-561,-705,-542,-127,365,716,766,482,-24,-544,-860,-832,-450,142,709,1015,923,443,-229,-836,-1136,-998,-457,282,935,1236,1056,462,-320,-1000,-1304,-1107,-483,343,1059,1378,1164,500,-356,-1083,-1400,-1194,-547,313,1056,1405,1232,607,-234,-982,-1361,-1233,-662,140,870,1257,1174,683,-37,-722,-1111,-1080,-666,-33,589,973,978,626,70,-479,-830,-863,-581,-105,384,712,775,549,146,-290,-602,-686,-545,-234,145,453,590,539,332,45,-226,-399,-439,-360,-198,0,0,0,0,0,412,369,207,-42,-309,-510,-564,-448,-184,157,457,607,556,316,-42,-391,-600,-598,-383,-24,353,603,622,407,38,-346,-600,-628,-416,-30,379,637,646,407,1,-415,-684,-684,-414,29,464,723,702,406,-57,-512,-771,-734,-401,92,546,791,724,377,-125,-581,-810,-721,-344,176,629,826,696,295,-225,-660,-835,-670,-233,301,704,834,637,179,-343,-717,-813,-582,-112,405,750,778,497,23,-466,-769,-752,-431,66,541,784,705,334,-183,-627,-814,-669,-259,262,689,841,646,190,-340,-739,-849,-617,-138,400,777,834,561,64,-463,-803,-815,-495,26,528,815,778,427,-99,-591,-845,0,-355,184,646,847,706,281,-255,-689,-843,-650,-194,331,710,794,557,82,-421,-735,-748,-445,51,520,761,682,315,-193,-632,-812,-644,-207,324,735,847,617,128,-438,-821,-864,-560,-27,527,868,857,497,-72,-607,-883,-809,-405,171,676,890,733,281,-289,-748,-887,-646,-142,420,807,855,542,-3,-552,-869,-826,-432,151,670,914,778,315,-286,-774,-945,-720,-195,420,872,966,666,81,-551,-958,-971,-592,36,660,1019,969,526,-139,-748,-1049,-931,-439,231,804,1049,873,344,-322,-850,-1023,-773,-218,423,886,985,679,89,-536,-934,-946,-568,45,640,975,904,456,-184,-759,-1024,-865,0,0
61522,mtk,MTK 7916,862748284,rx0-tx0,512,-330,429,544,708,418,106,-216,-516,-766,-962,-1067,-1086,-1003,-850,-615,-331,-31,281,564,803,971,1065,1060,972,802,570,291,-13,-328,-616,-844,-1007,-1080,-1070,-972,-780,-536,-232,91,396,678,904,1044,1108,1077,951,727,456,148,-173,-482,-732,-932,-1055,-1087,-1021,-870,-649,-374,-71,223,505,742,918,1010,1032,961,819,606,345,62,-228,-521,-744,-910,-1001,-1019,-942,-778,-563,-292,3,305,571,790,932,993,964,856,678,445,184,-100,-366,-596,-761,-866,-897,-848,-728,-561,-348,-111,132,354,546,696,774,792,743,641,487,301,89,-119,-315,-486,-627,-706,-728,-703,-609,-474,-309,-113,96,292,461,-26,691,725,701,619,488,313,102,-117,-325,-501,-646,-735,-758,-719,-615,-460,-266,-43,177,392,585,707,775,791,725,592,409,188,-55,-294,-506,-665,-774,-816,-797,-691,-521,-313,-97,148,384,577,716,798,818,764,624,441,226,-22,-265,-486,-668,-788,-845,-824,-709,-540,-306,-52,203,453,655,792,847,817,701,526,307,61,-208,-432,-617,-724,-757,-712,-593,-424,-233,-23,183,348,489,552,554,513,424,316,174,36,-92,-209,-294,-346,-375,-368,-328,-267,-193,-100,1,90,168,233,276,293,283,257,205,133,51,-43,-136,-213,-267,-293,-278,-231,-150,-53,52,147,206,226,198,58,194,510,-780,-686,113,176,216,221,190,124,40,-53,-145,-215,-263,-285,-271,-235,-181,-102,-12,83,165,253,322,357,364,335,273,188,82,-51,-193,-320,-433,-508,-538,-526,-445,-319,-155,50,240,445,614,727,780,749,631,455,212,-66,-357,-613,-823,-951,-996,-938,-779,-536,-241,106,436,734,972,1109,1132,1050,853,581,239,-135,-490,-801,-1036,-1174,-1190,-1102,-897,-613,-284,89,453,761,999,1157,1196,1128,956,702,388,32,-337,-648,-910,-1090,-1163,-1138,-1020,-800,-519,-185,179,508,797,1012,1132,1164,1080,907,635,326,-16,-350,-645,-883,-1062,-1139,-1114,-989,-769,-493,-175,158,479,752,960,1085,1108,301,876,654,375,64,-254,-547,-795,-978,-1078,-1090,-1014,-852,-600,-319,-7,314,625,871,1051,1134,1128,1037,838,565,247,-104,-440,-730,-961,-1110,-1173,-1124,-988,-772,-472,-157,182,502,782,1004,1135,1186,1129,979,768,470,144,-214,-556,-846,-1057,-1205,-1250,-1176,-1014,-761,-436,-77,298,655,955,1169,1302,1313,1219,1013,708,349,-42,-436,-796,-1083,-1262,-1338,-1299,-1147,-880,-553,-186,212,571,899,1127,1247,1291,1209,1010,753,417,54,-304,-623,-895,-1091,-1201,-1205,-1110,-902,-635,-319,21,352,659,911,1075,1153,1129,1013,830,556,244,-77,-402,-688,-914,-1056,-1118,-1075,-947,-746,-484,-169,141,456,726,-929,-898,-82,726,655,-845,-1014,-1090,-1080,-963,-775,-515,-215,98,403,666,889,1020,1076,1039,913,708,452,152,-159,-454,-710,-911,-1032,-1076,-1032,-894,-685,-414,-104,207,509,762,952,1078,1093,1023,872,632,343,30,-288,-590,-830,-996,-1087,-1085,-981,-795,-556,-261,57,357,625,838,986,1045,1027,924,739,489,206,-83,-374,-624,-839,-969,-1025,-1004,-899,-705,-468,-188,109,406,657,849,974,1014,968,839,639,381,98,-194,-458,-690,-849,-942,-942,-864,-715,-507,-270,-2,254,478,657,787,844,829,743,613,423,209,-19,-237,-434,-594,-703,-751,-737,-670,-559,-403,-202,-3,209,389,536,648,716,718,658,554,628,215,7,-196,-384,-545,-668,-729,-731,-670,-555,-396,-191,26,247,448,609,724,776,758,684,540,340,136,-107,-344,-545,-691,-780,-805,-764,-645,-469,-257,-22,217,447,629,745,807,812,725,579,380,161,-85,-329,-540,-693,-794,-833,-788,-676,-496,-269,-27,237,467,663,797,853,830,726,546,316,62,-202,-443,-634,-758,-814,-780,-668,-495,-264,-26,213,415,561,645,674,615,512,366,182,16,-149,-275,-377,-439,-449,-425,-365,-273,-178,-73,39,141,220,282,320,326,298,261,199,121,34,-53,-130,-202,-252,-282,-285,-255,-200,-121,-25,77,169,236,269,264,214,129,30,-65,833,821,-82,540,663,149,102,24,-66,-153,-220,-253,-259,-230,-176,-98,-5,92,170,238,287,309,296,267,218,137,40,-62,-177,-276,-362,-414,-441,-416,-355,-260,-122,33,210,378,511,618,656,638,554,393,190,-47,-306,-533,-719,-846,-892,-847,-709,-495,-220,88,401,687,898,1042,1081,1001,831,564,231,-119,-468,-768,-1003,-1150,-1178,-1087,-891,-610,-262,105,464,789,1024,1173,1213,1118,930,666,338,-30,-386,-713,-964,-1129,-1193,-1137,-979,-752,-440,-91,253,583,854,1044,1151,1147,1043,854,573,257,-89,-422,-722,-960,-1101,-1153,-1089,-940,-721,-430,-89,251,568,830,1016,1112,1110,1008,820,568,262,-64,-176,-663,-880,-1030,-1090,-1058,-943,-751,-490,-195,124,425,708,924,1055,1116,1082,950,728,450,118,-212,-532,-817,-1020,-1142,-1165,-1079,-910,-658,-353,-18,318,611,885,1065,1149,1153,1048,874,615,313,-23,-363,-664,-915,-1101,-1188,-1197,-1088,-884,-617,-294,72,427,741,1018,1197,1278,1254,1119,878,582,217,-171,-552,-890,-1142,-1293,-1341,-1277,-1097,-806,-451,-66,323,693,998,1200,1308,1290,1171,956,642,307,-60,-442,-757,-1006,-1181,-1241,-1197,-1051,-826,-536,-201,156,497,791,1002,1139,1174,1112,968,734,440,118,-220,-526,-797,-1006,-1103,-1124,-1056,-893,-657,-374,-55,269,567,815,1005,1096,1096,1010,819,110,264
61523,mtk,MTK 7916,862748284,rx0-tx1,512,-686,-909,-921,-65,-287,-475,-616,-704,-725,-694,-592,-442,-257,-56,152,346,498,601,659,665,606,504,368,202,19,-161,-327,-467,-561,-608,-613,-564,-480,-360,-205,-40,129,282,413,521,589,613,586,510,406,253,82,-90,-259,-414,-547,-627,-658,-647,-577,-457,-290,-96,98,298,480,611,699,727,692,594,446,259,52,-168,-368,-544,-680,-745,-748,-691,-571,-400,-201,13,230,428,584,691,742,724,646,514,339,137,-77,-281,-455,-593,-683,-712,-682,-591,-454,-286,-89,116,304,465,594,668,689,652,557,415,242,52,-147,-332,-489,-598,-662,-676,-625,-517,-375,-196,0,197,378,528,637,684,-38,600,473,311,119,-95,-294,-458,-593,-672,-688,-646,-549,-401,-221,-17,186,377,540,645,692,679,605,475,304,107,-107,-301,-468,-597,-664,-675,-622,-515,-366,-174,31,224,393,516,611,643,608,520,386,223,41,-135,-301,-436,-525,-569,-560,-502,-396,-261,-110,50,202,331,428,486,495,469,406,305,185,46,-88,-216,-328,-408,-456,-463,-423,-348,-244,-118,21,157,274,364,417,439,414,340,247,129,-3,-127,-237,-321,-374,-387,-365,-314,-225,-116,-5,111,218,288,330,347,321,262,177,75,-34,-143,-230,-286,-307,-297,-246,-164,-59,51,154,225,256,242,191,111,13,-69,-725,-811,0,85,486,109,53,-33,-123,-196,-238,-238,-207,-143,-54,38,127,195,240,263,249,209,140,60,-29,-110,-179,-231,-257,-264,-237,-182,-113,-40,45,125,184,216,234,232,194,142,87,31,-23,-81,-116,-141,-155,-154,-158,-145,-124,-99,-62,-27,14,51,93,139,162,180,198,190,165,117,58,2,-70,-133,-186,-218,-243,-245,-222,-177,-111,-46,18,86,150,196,234,252,245,232,195,134,69,-8,-82,-149,-211,-261,-294,-304,-284,-243,-176,-82,13,115,208,288,341,357,353,312,242,153,46,-68,-179,-269,-338,-377,-393,-364,-306,-228,-124,-16,107,218,303,369,407,414,378,319,-48,107,-9,-125,-243,-350,-431,-465,-467,-423,-351,-241,-105,42,186,318,429,508,539,519,452,354,213,55,-115,-268,-400,-497,-559,-562,-526,-442,-310,-163,2,166,310,441,527,580,584,535,440,314,162,-11,-188,-343,-476,-564,-617,-620,-561,-457,-319,-158,24,212,379,521,612,665,666,605,492,344,161,-52,-254,-443,-598,-701,-745,-721,-637,-500,-312,-93,128,351,537,671,761,776,725,612,438,225,6,-225,-434,-600,-721,-774,-756,-680,-543,-358,-151,73,295,481,625,724,761,731,640,488,305,82,-141,-346,-528,-662,-740,-760,-712,-596,-424,-228,-1,215,418,581,692,750,-725,-650,9,-104,52,-732,-681,-559,-396,-197,11,219,412,560,663,703,687,606,475,314,129,-70,-259,-414,-538,-616,-642,-616,-543,-425,-272,-111,61,233,375,494,572,608,595,530,432,304,150,-19,-193,-350,-476,-578,-621,-626,-585,-498,-360,-184,-6,182,362,516,630,689,693,649,532,374,186,-21,-232,-427,-584,-690,-742,-728,-647,-516,-333,-119,87,299,488,633,720,748,717,616,462,273,59,-155,-354,-526,-652,-720,-727,-670,-559,-404,-213,-6,199,384,532,640,700,686,618,506,357,176,-22,-222,-399,-539,-631,-674,-664,-598,-475,-313,-128,68,268,433,563,644,674,645,561,431,260,60,634,-341,-502,-610,-675,-682,-619,-517,-366,-174,34,233,415,558,654,686,658,578,442,264,64,-141,-339,-503,-616,-679,-676,-613,-502,-339,-140,66,264,428,561,646,662,617,514,373,203,3,-185,-351,-482,-572,-602,-585,-516,-400,-246,-77,97,254,390,482,533,535,488,401,283,144,-2,-142,-272,-375,-444,-476,-461,-418,-333,-224,-96,43,181,300,388,438,449,420,355,256,133,0,-144,-258,-342,-398,-413,-388,-331,-241,-132,-4,115,223,305,352,363,349,287,197,99,-12,-120,-212,-279,-318,-323,-290,-222,-130,-29,80,176,250,285,282,237,155,52,-51,-136,-191,-201,-171,-517,-395,0,-719,-538,-135,-187,-206,-184,-127,-41,53,140,212,250,254,227,166,95,8,-81,-160,-223,-256,-265,-239,-193,-124,-42,41,124,185,225,252,253,221,164,92,28,-47,-109,-155,-188,-199,-197,-174,-139,-105,-57,-20,19,63,95,124,146,155,160,156,149,119,75,34,-16,-78,-135,-185,-213,-227,-227,-201,-151,-91,-21,54,125,181,221,235,243,229,192,142,86,14,-51,-111,-176,-222,-254,-272,-263,-239,-191,-124,-48,42,126,203,275,318,333,321,279,205,107,3,-99,-201,-283,-343,-372,-375,-340,-275,-185,-86,18,133,230,321,375,403,395,345,271,177,66,-60,-178,-280,-1135,-416,-434,-422,-377,-293,-178,-46,88,220,330,427,483,500,474,410,302,166,10,-151,-297,-424,-516,-562,-553,-496,-392,-261,-104,67,222,369,480,548,582,551,483,372,234,83,-89,-254,-396,-503,-577,-603,-576,-501,-390,-241,-79,107,283,433,548,622,657,626,543,413,248,69,-128,-321,-484,-612,-698,-713,-667,-569,-418,-232,-23,197,395,566,691,750,752,689,555,381,166,-67,-289,-488,-654,-744,-782,-751,-644,-489,-295,-72,151,364,545,674,744,759,700,583,420,225,7,-211,-412,-574,-695,-762,-747,-676,-543,-364,-160,60,279,475,624,723,759,720,629,476,285,63,103,-326
61524,mtk,MTK 7916,862748284,rx1-tx0,512,0,370,487,-501,-537,-542,-506,-426,-310,-167,3,170,333,469,572,627,638,599,504,357,178,-12,-230,-423,-580,-691,-754,-747,-673,-547,-352,-125,119,352,558,721,826,857,812,693,516,285,13,-241,-496,-703,-840,-914,-902,-801,-642,-415,-159,115,378,611,783,885,914,864,738,545,313,58,-199,-438,-640,-787,-873,-882,-823,-688,-496,-266,-22,242,476,677,817,891,891,808,656,454,210,-64,-321,-551,-740,-855,-900,-874,-766,-591,-361,-101,169,411,617,776,866,877,816,675,482,255,-16,-268,-499,-672,-781,-830,-800,-705,-540,-332,-101,125,347,525,656,720,729,679,561,392,201,11,-277,-348,-491,-580,-621,-601,-541,-450,-312,-158,5,163,306,425,499,538,536,503,425,310,180,35,-117,-270,-382,-482,-535,-551,-525,-446,-339,-201,-46,114,273,395,495,561,583,561,490,368,227,61,-108,-283,-447,-567,-640,-669,-641,-541,-417,-237,-26,186,398,569,703,787,774,702,560,358,113,-143,-413,-632,-784,-870,-864,-775,-605,-364,-102,179,441,644,793,847,817,713,534,303,42,-195,-418,-594,-697,-741,-702,-591,-442,-241,-36,177,359,493,579,602,570,491,353,182,13,-153,-306,-421,-490,-511,-476,-380,-254,-100,67,220,345,421,441,396,299,159,5,-138,-240,-279,-394,-172,0,218,-199,-28,-49,-64,-71,-69,-56,-36,-9,21,44,68,88,94,91,82,61,39,6,-25,-60,-86,-103,-125,-127,-112,-95,-68,-29,4,46,84,120,150,169,171,175,148,101,49,-11,-76,-135,-202,-256,-273,-275,-251,-196,-115,-19,94,198,289,364,402,399,361,273,150,5,-147,-298,-409,-483,-518,-492,-414,-297,-141,34,209,366,477,541,565,511,418,273,109,-72,-241,-390,-489,-549,-547,-495,-405,-266,-108,66,221,338,428,484,484,431,347,244,109,-20,-140,-252,-312,-351,-370,-358,-318,-256,-179,-97,-11,78,158,229,283,323,337,328,302,244,165,77,-34,-134,-228,489,-383,-407,-406,-365,-298,-190,-68,67,191,309,397,452,475,445,389,295,168,17,-124,-259,-380,-464,-510,-515,-468,-380,-264,-125,24,185,317,419,503,535,517,454,360,231,78,-73,-228,-353,-463,-528,-544,-515,-438,-336,-209,-54,93,232,356,451,514,534,508,445,348,222,74,-72,-218,-352,-461,-541,-576,-558,-504,-401,-272,-95,74,251,415,537,634,667,628,547,407,219,16,-191,-365,-529,-629,-686,-668,-591,-464,-303,-101,99,288,444,547,607,616,563,467,354,195,30,-128,-273,-389,-471,-521,-527,-491,-412,-316,-190,-56,80,211,341,423,481,507,497,447,357,243,545,674,0,-321,-46,-222,-69,81,237,377,485,561,594,578,514,406,260,87,-90,-272,-439,-577,-662,-703,-684,-581,-444,-262,-57,171,380,575,716,795,805,743,618,431,203,-51,-302,-533,-715,-849,-887,-859,-763,-581,-355,-93,186,441,660,819,905,913,846,700,484,236,-38,-301,-541,-723,-842,-897,-873,-781,-619,-415,-163,94,347,567,737,843,889,857,751,588,366,118,-149,-403,-617,-785,-895,-915,-852,-722,-525,-284,-32,229,472,675,821,893,881,790,638,431,182,-82,-336,-562,-721,-834,-869,-816,-698,-510,-297,-49,201,423,605,723,780,773,694,553,368,155,-54,-265,-447,-584,-659,-685,315,-561,-424,-261,-83,98,257,399,510,564,578,543,471,363,229,88,-65,-214,-352,-445,-508,-540,-538,-479,-385,-265,-112,36,194,326,439,516,561,558,504,404,284,131,-30,-190,-342,-463,-555,-609,-608,-567,-465,-323,-151,29,238,406,552,670,721,714,640,500,322,85,-165,-391,-594,-752,-836,-846,-770,-597,-378,-116,162,430,654,809,879,871,759,580,338,68,-196,-439,-634,-770,-808,-762,-657,-477,-267,-41,199,395,547,641,664,640,537,398,218,23,-160,-327,-459,-534,-550,-522,-439,-313,-163,0,169,313,415,477,477,415,308,163,0,-157,-284,-360,-373,-323,-222,-93,-259,-445,0,643,654,-54,-41,-20,5,33,56,78,87,87,75,59,30,2,-25,-48,-74,-94,-108,-106,-97,-74,-53,-27,13,48,79,112,130,142,145,131,106,70,22,-24,-72,-131,-171,-206,-223,-214,-192,-153,-86,-9,68,161,245,301,337,333,299,232,140,14,-108,-240,-354,-435,-467,-464,-398,-288,-154,5,173,326,448,527,550,514,421,281,129,-56,-231,-382,-499,-562,-574,-521,-410,-266,-100,77,233,374,469,520,517,459,364,252,108,-48,-193,-300,-387,-430,-422,-393,-320,-224,-134,-32,65,159,239,295,328,339,325,292,236,165,86,-5,-91,-179,-257,-312,-352,-371,-348,-305,-571,-137,-23,93,207,306,393,441,450,412,347,239,119,-24,-163,-284,-389,-473,-500,-483,-427,-335,-214,-75,83,230,353,449,508,529,499,416,316,182,21,-131,-273,-388,-481,-523,-529,-492,-410,-298,-147,7,168,299,409,494,540,529,479,393,279,143,-14,-163,-298,-410,-492,-536,-541,-508,-431,-315,-183,-21,139,297,431,545,606,614,583,481,346,172,-27,-221,-389,-544,-641,-685,-655,-582,-445,-269,-66,146,338,491,606,663,657,598,476,319,147,-32,-215,-356,-472,-553,-573,-551,-490,-380,-258,-112,39,186,303,398,470,503,498,459,378,265,150,18,-118,-249,-363,-456,-391,-5
61525,mtk,MTK 7916,862748284,rx1-tx1,512,0,0,0,727,752,601,309,-65,-431,-699,-799,-708,-463,-119,259,575,753,751,579,272,-90,-420,-647,-719,-615,-362,-28,294,535,643,591,395,104,-211,-471,-604,-588,-416,-142,165,431,588,587,442,185,-116,-398,-584,-619,-495,-245,74,373,586,657,565,332,13,-320,-576,-697,-660,-456,-137,218,526,709,722,563,274,-83,-419,-653,-733,-632,-383,-46,298,572,713,679,476,155,-198,-494,-675,-700,-552,-266,84,404,640,731,641,396,61,-289,-574,-721,-699,-519,-215,139,455,660,709,597,354,25,-307,-550,-674,-654,-465,-167,153,429,599,631,527,301,15,-268,-475,-559,-518,-365,-137,0,329,441,443,344,165,-38,-222,-338,-354,-286,-144,41,202,299,312,235,94,-84,-249,-344,-342,-255,-99,103,290,408,423,329,144,-82,-310,-469,-523,-452,-269,-14,258,487,602,577,423,167,-150,-443,-638,-689,-592,-352,-15,325,607,746,716,530,218,-153,-495,-734,-817,-710,-442,-78,318,662,855,852,663,340,-68,-471,-780,-913,-848,-606,-237,185,572,833,907,788,516,137,-276,-614,-824,-860,-715,-426,-60,316,611,772,769,611,329,-11,-332,-571,-682,-659,-504,-255,38,312,509,591,554,412,193,-53,-273,-439,-511,-483,-376,-211,-19,163,305,384,398,355,263,154,41,0,0,0,0,0,-224,-338,-415,-439,-399,-274,-82,135,352,532,630,617,492,270,-11,-312,-568,-725,-750,-622,-368,-26,324,619,798,808,652,365,-10,-391,-697,-859,-835,-622,-280,141,534,810,911,809,520,110,-335,-712,-939,-964,-772,-401,83,555,910,1062,986,690,233,-287,-747,-1043,-1116,-932,-536,-26,487,901,1120,1072,778,316,-224,-709,-1033,-1124,-951,-561,-41,493,910,1100,1047,747,268,-267,-741,-1051,-1108,-899,-471,65,594,990,1152,1041,689,169,-404,-889,-1168,-1185,-927,-433,173,741,1150,1301,1151,727,128,-503,-1031,-1341,-1346,-1047,-507,152,786,1248,1433,1293,866,247,-430,-1012,-1363,-1404,-1131,0,59,706,1185,1389,1270,850,247,-413,-979,-1312,-1335,-1046,-514,141,758,1204,1357,1189,751,126,-538,-1077,-1360,-1324,-980,-410,267,880,1288,1404,1193,701,42,-635,-1163,-1417,-1346,-964,-360,321,925,1305,1390,1145,639,-9,-637,-1115,-1333,-1236,-837,-257,376,903,1207,1224,948,446,-158,-716,-1090,-1206,-1025,-587,-12,562,1001,1204,1117,756,213,-376,-879,-1173,-1190,-929,-461,122,688,1081,1215,1076,695,144,-448,-920,-1168,-1147,-873,-404,156,670,1011,1111,958,598,109,-397,-793,-989,-949,-692,-283,171,565,813,857,692,369,-33,-409,-675,-772,-661,-397,-46,311,587,712,655,427,89,-267,-555,-703,0,0,0,0,0,-230,144,495,721,778,665,390,21,-351,-641,-784,-743,-531,-202,168,496,702,733,596,326,-22,-350,-587,-682,-603,-378,-71,246,493,618,582,399,117,-190,-445,-588,-581,-428,-165,142,410,567,583,459,213,-99,-392,-586,-633,-527,-285,33,348,589,687,606,387,74,-271,-551,-705,-693,-513,-210,148,477,684,725,610,344,-14,-360,-614,-727,-665,-443,-120,241,543,703,688,507,205,-141,-463,-671,-718,-603,-332,18,352,610,732,672,462,138,-221,-525,-701,-714,-564,-287,53,377,610,697,623,406,98,-229,-495,-645,-644,-500,-249,63,344,539,613,540,338,78,-183,-396,-512,0,-366,-164,65,259,372,387,308,162,-32,-212,-311,-325,-253,-111,61,229,333,333,249,99,-95,-269,-368,-377,-294,-119,98,296,433,473,391,208,-39,-292,-485,-564,-516,-345,-82,214,471,631,648,510,245,-83,-396,-627,-726,-662,-445,-117,255,561,749,773,625,333,-40,-414,-709,-847,-787,-559,-204,212,578,824,890,760,461,68,-343,-692,-897,-896,-707,-376,26,417,729,890,852,636,298,-92,-457,-722,-825,-751,-527,-202,149,466,676,743,647,424,126,-185,-439,-603,-640,-548,-349,-86,183,396,526,551,469,299,83,-135,-318,-435,-470,-424,-317,-170,-9,130,230,283,286,0,0,0,0,0,262,178,53,-108,-284,-442,-543,-554,-473,-310,-75,198,452,632,705,651,464,178,-150,-464,-697,-796,-746,-531,-202,165,507,759,853,763,508,134,-266,-620,-840,-872,-725,-403,25,444,764,926,891,650,255,-207,-646,-941,-1024,-887,-543,-72,426,830,1061,1060,824,395,-132,-625,-986,-1125,-1007,-663,-170,362,816,1089,1113,880,442,-90,-605,-976,-1121,-1008,-661,-158,381,827,1082,1082,824,383,-153,-670,-1025,-1135,-974,-586,-57,492,937,1164,1123,806,287,-294,-810,-1155,-1238,-1022,-567,29,639,1117,1342,1259,894,325,-333,-925,-1311,-1401,-1177,-692,-49,611,1134,1405,1361,1008,438,-239,-875,0,-1405,-1207,-737,-88,569,1082,1353,1308,956,381,-271,-860,-1252,-1354,-1127,-625,13,645,1133,1360,1269,872,265,-405,-977,-1331,-1376,-1099,-556,114,763,1237,1425,1280,852,215,-478,-1052,-1378,-1375,-1054,-504,152,782,1228,1388,1220,764,138,-501,-1014,-1284,-1242,-911,-369,254,796,1139,1210,983,515,-69,-638,-1062,-1216,-1074,-672,-110,474,951,1202,1161,850,340,-257,-792,-1139,-1218,-1017,-568,8,568,996,1200,1130,793,277,-291,-781,-1092,-1151,-933,-500,25,526,901,1057,958,648,199,-277,-675,-905,-910,-702,-337,91,485,747,818,686,385,9,-352,-623,-731,-653,-410,-70,292,579,711,667,458,128,0,0
61526,mtk,MTK 7916,862748284,rx2-tx0,512,0,0,0,1118,1025,688,168,-405,-894,-1189,-1206,-933,-445,161,750,1174,1317,1149,719,122,-517,-1043,-1324,-1293,-968,-415,243,842,1244,1345,1131,655,21,-617,-1106,-1332,-1238,-850,-261,385,943,1275,1289,1002,476,-170,-769,-1184,-1314,-1123,-659,-44,579,1066,1293,1211,831,251,-374,-913,-1233,-1245,-959,-452,162,733,1117,1230,1039,594,20,-557,-991,-1176,-1067,-701,-162,420,881,1121,1082,769,265,-305,-798,-1093,-1113,-845,-368,199,726,1080,1160,952,514,-64,-632,-1055,-1226,-1096,-692,-115,500,996,1263,1233,903,354,-291,-874,-1252,-1339,-1108,-621,20,667,1157,1374,1274,882,277,-396,-977,-1332,-1370,-1087,-552,107,0,1200,1376,1232,793,174,-475,-1023,-1326,-1311,-983,-427,230,833,1242,1348,1137,657,25,-620,-1126,-1363,-1277,-890,-289,387,974,1334,1388,1117,579,-96,-759,-1252,-1457,-1318,-873,-228,473,1071,1420,1443,1140,570,-141,-814,-1293,-1482,-1341,-885,-216,497,1084,1430,1449,1138,580,-119,-794,-1273,-1458,-1315,-871,-224,467,1048,1384,1402,1106,568,-93,-738,-1215,-1409,-1290,-895,-295,368,937,1297,1367,1140,674,61,-549,-1030,-1281,-1256,-966,-477,99,635,1022,1181,1084,763,298,-210,-662,-956,-1046,-914,-597,-173,262,624,850,895,757,476,118,-245,-547,-728,-770,-678,-467,-184,104,348,517,589,564,459,309,142,0,0,0,0,0,160,1,-182,-370,-529,-621,-616,-503,-281,9,315,587,765,804,685,426,74,-310,-645,-864,-916,-770,-458,-40,409,778,991,1003,795,407,-80,-569,-949,-1123,-1060,-768,-294,257,771,1127,1230,1068,672,113,-484,-985,-1284,-1298,-1016,-505,125,736,1188,1381,1270,879,288,-384,-968,-1332,-1405,-1165,-660,-11,645,1154,1401,1342,975,389,-273,-872,-1261,-1356,-1147,-685,-70,556,1045,1281,1213,875,335,-272,-795,-1126,-1187,-965,-519,39,582,977,1127,1007,647,124,-426,-860,-1081,-1037,-739,-264,281,763,1058,1096,860,409,-141,-663,-1040,-1169,-1014,-613,-61,517,978,1214,1169,843,306,-307,-847,-1195,-1268,0,-564,48,650,1107,1307,1187,789,198,-441,-978,-1295,-1300,-989,-452,204,821,1236,1364,1172,693,40,-625,-1142,-1403,-1333,-940,-323,379,993,1378,1451,1176,615,-85,-768,-1274,-1486,-1343,-887,-229,486,1083,1432,1437,1098,510,-185,-825,-1277,-1429,-1236,-749,-92,571,1084,1332,1262,892,314,-333,-899,-1238,-1267,-988,-482,128,703,1110,1239,1058,626,60,-510,-952,-1166,-1095,-747,-225,336,804,1080,1090,831,376,-156,-636,-953,-1031,-856,-477,7,477,819,950,838,520,80,-367,-713,-871,-802,-532,-133,298,649,833,798,557,169,-271,-635,-832,-828,-614,-230,220,622,870,907,709,322,-150,-595,-911,-1004,0,0,0,0,0,-50,494,934,1161,1122,810,299,-298,-843,-1194,-1269,-1055,-589,21,635,1113,1327,1235,853,268,-379,-938,-1283,-1327,-1065,-552,102,731,1178,1342,1191,765,150,-505,-1027,-1307,-1276,-934,-371,277,859,1227,1306,1068,568,-66,-682,-1134,-1310,-1172,-750,-149,488,995,1266,1234,902,358,-267,-826,-1177,-1241,-1011,-536,71,648,1057,1206,1067,667,97,-483,-933,-1147,-1073,-733,-216,358,840,1095,1081,802,315,-260,-767,-1077,-1126,-894,-435,140,693,1075,1195,1028,601,13,-586,-1044,-1249,-1164,-800,-232,394,939,1273,1302,1016,483,-164,-780,-1218,-1367,-1198,-751,-128,535,1075,1362,1336,985,406,-258,-863,-1275,-1386,0,-677,-37,614,1116,1356,1273,889,299,-355,-928,-1281,-1327,-1060,-547,103,736,1194,1362,1205,776,158,-506,-1055,-1357,-1338,-1002,-430,251,876,1305,1431,1224,732,64,-625,-1169,-1450,-1398,-1022,-404,313,951,1361,1470,1250,734,38,-661,-1201,-1475,-1412,-1020,-392,313,942,1357,1466,1241,721,44,-635,-1167,-1434,-1364,-992,-395,285,894,1300,1416,1208,734,95,-566,-1095,-1370,-1343,-1026,-485,153,755,1183,1343,1216,830,279,-322,-839,-1160,-1231,-1044,-638,-115,420,848,1080,1077,853,463,-7,-456,-799,-965,-924,-694,-337,71,445,714,837,790,595,302,-36,-349,-577,-693,-687,-568,-372,-141,80,261,371,404,0,0,0,0,0,394,470,476,405,252,33,-222,-466,-652,-730,-678,-502,-219,127,464,722,852,816,613,270,-142,-536,-839,-976,-902,-629,-222,247,685,986,1080,940,595,108,-423,-873,-1147,-1170,-933,-488,71,637,1076,1283,1202,851,312,-306,-870,-1247,-1351,-1152,-694,-76,564,1093,1381,1362,1037,475,-201,-821,-1261,-1423,-1267,-829,-205,467,1020,1349,1370,1073,540,-102,-710,-1155,-1331,-1199,-794,-216,406,918,1196,1198,924,437,-145,-686,-1058,-1168,-991,-585,-48,497,919,1102,1017,686,189,-355,-808,-1066,-1065,-800,-329,227,724,1047,1125,934,512,-45,-601,-1021,-1198,-1091,-725,-182,409,914,1212,1228,944,433,-179,0,-1158,-1296,-1125,-678,-72,547,1049,1305,1250,899,333,-321,-904,-1273,-1330,-1082,-572,86,726,1203,1398,1257,814,177,-504,-1079,-1401,-1394,-1059,-472,230,884,1347,1486,1271,764,80,-622,-1187,-1470,-1400,-1004,-382,325,962,1363,1442,1188,650,-37,-704,-1188,-1385,-1254,-830,-210,453,993,1293,1276,951,403,-238,-813,-1177,-1253,-1027,-558,41,625,1054,1213,1079,695,148,-425,-888,-1131,-1095,-792,-308,238,721,1027,1072,852,433,-75,-551,-887,-998,-860,-512,-46,418,758,905,827,537,115,-326,-671,-847,-804,-550,-156,279,643,833,808,577,194,-248,-625,-847,-865,-661,-284,183,614,892,949,775,397,-89,0,0
61527,mtk,MTK 7916,862748284,rx2-tx1,512,0,0,0,-786,-342,199,700,1045,1145,981,589,51,-488,-917,-1147,-1105,-807,-323,237,734,1057,1141,946,530,5,-514,-912,-1085,-1003,-680,-206,306,741,987,997,758,341,-148,-601,-896,-954,-781,-415,60,504,818,928,806,471,10,-458,-819,-977,-885,-565,-100,391,795,1014,985,715,262,-268,-739,-1033,-1081,-859,-427,122,646,1007,1139,994,603,58,-504,-954,-1173,-1110,-785,-248,359,881,1203,1247,986,477,-153,-755,-1193,-1358,-1207,-783,-162,504,1053,1373,1386,1072,508,-170,-806,-1259,-1424,-1271,-828,-196,474,1038,1360,1367,1069,542,-98,-714,-1166,-1342,-1216,-814,-242,364,880,1184,1212,968,524,-28,-561,0,-1087,-988,-661,-205,276,673,900,897,681,312,-118,-497,-737,-795,-646,-337,43,395,639,726,619,352,1,-344,-600,-701,-615,-365,-22,333,599,717,655,408,40,-349,-661,-819,-779,-534,-140,309,706,958,991,784,387,-116,-622,-1007,-1163,-1061,-710,-195,377,885,1211,1280,1052,580,-23,-638,-1121,-1362,-1315,-971,-406,248,847,1272,1435,1290,864,247,-419,-985,-1348,-1426,-1210,-744,-131,492,1006,1299,1323,1075,607,38,-517,-946,-1155,-1122,-870,-453,43,513,853,992,923,673,294,-120,-492,-751,-832,-742,-516,-197,145,442,642,704,634,458,208,-69,-318,-488,-563,-549,-446,-290,-120,35,154,0,0,0,0,0,187,324,446,525,520,431,262,39,-203,-422,-574,-623,-563,-395,-140,142,395,583,651,573,387,122,-180,-452,-626,-657,-542,-317,-13,305,553,680,663,488,200,-137,-458,-679,-744,-643,-397,-58,307,605,771,766,592,280,-101,-465,-728,-831,-743,-482,-110,295,632,828,838,648,300,-109,-492,-758,-849,-755,-480,-99,306,646,832,817,622,285,-123,-497,-758,-844,-725,-437,-52,340,656,806,758,545,197,-202,-556,-771,-797,-636,-320,74,459,737,834,738,471,87,-324,-659,-845,-833,-621,-259,158,536,795,871,736,433,34,-376,-704,-858,-810,-578,-208,217,591,822,857,692,367,0,-451,-751,-872,-778,-506,-118,298,641,833,824,621,275,-136,-508,-746,-805,-667,-359,27,406,691,798,699,429,54,-345,-667,-830,-781,-535,-165,258,636,864,880,684,321,-129,-548,-836,-930,-809,-502,-64,393,754,928,877,621,216,-240,-635,-872,-898,-701,-330,115,525,809,898,763,433,-6,-447,-777,-915,-824,-526,-103,352,730,928,892,639,227,-247,-676,-945,-985,-785,-401,94,581,921,1034,905,560,85,-419,-832,-1052,-1024,-751,-303,220,690,999,1074,894,498,-18,-514,-879,-1047,-961,-647,-178,337,756,990,991,749,325,-173,-623,-929,-1015,-851,-472,24,519,885,1035,948,638,0,0,0,0,0,-769,-1054,-1106,-894,-464,72,600,992,1161,1064,716,196,-371,-842,-1111,-1129,-886,-435,110,628,995,1122,985,622,122,-411,-835,-1047,-1004,-733,-283,225,661,932,967,770,388,-91,-551,-852,-933,-784,-437,26,482,820,950,834,506,43,-438,-816,-999,-940,-645,-179,341,784,1034,1024,776,338,-199,-695,-1027,-1109,-924,-515,24,575,992,1157,1051,689,151,-440,-933,-1204,-1184,-879,-363,257,819,1201,1305,1095,628,7,-638,-1143,-1380,-1305,-936,-346,336,945,1337,1422,1186,683,14,-654,-1154,-1397,-1333,-965,-380,288,885,1267,1366,1159,691,66,-551,-1036,-1290,-1246,-919,-403,194,727,1068,1163,1000,0,97,-408,-803,-987,-939,-683,-268,194,582,814,835,656,324,-77,-442,-688,-754,-624,-341,13,358,614,707,612,360,15,-334,-599,-699,-618,-377,-21,356,644,769,703,457,82,-332,-687,-893,-886,-655,-251,231,686,997,1088,931,547,23,-516,-962,-1211,-1184,-890,-393,210,782,1185,1333,1193,776,175,-460,-1010,-1346,-1392,-1141,-635,12,657,1164,1423,1388,1058,509,-143,-762,-1207,-1396,-1297,-937,-397,225,776,1148,1272,1126,763,262,-273,-729,-1014,-1081,-923,-581,-136,311,672,871,890,726,421,49,-314,-599,-751,-744,-592,-337,-29,270,497,623,636,536,355,132,-91,-276,-393,-437,-412,-328,0,0,0,0,0,-380,-320,-198,-23,180,375,522,590,568,448,239,-26,-291,-502,-624,-624,-501,-277,11,298,516,633,623,477,222,-80,-368,-579,-668,-609,-410,-111,216,501,683,706,569,303,-42,-390,-651,-767,-716,-505,-173,200,541,761,804,674,385,-4,-397,-695,-829,-788,-570,-209,205,565,793,844,708,404,-1,-401,-709,-855,-798,-560,-198,213,577,804,844,686,363,-29,-408,-708,-825,-741,-491,-122,280,606,786,777,585,252,-150,-509,-749,-819,-690,-390,8,401,701,843,785,547,181,-239,-606,-824,-850,-680,-353,57,451,744,865,779,511,123,-299,-644,-835,-835,-628,-272,138,522,793,0,747,435,33,-371,-700,-862,-810,-569,-202,211,571,789,816,647,327,-71,-446,-712,-805,-686,-394,-14,372,672,800,732,477,96,-311,-657,-852,-837,-617,-236,206,603,860,917,751,406,-29,-462,-791,-933,-856,-568,-140,314,687,901,887,663,282,-171,-579,-844,-899,-724,-378,60,488,799,909,794,483,42,-407,-756,-924,-865,-588,-164,302,705,936,936,705,299,-175,-616,-922,-1017,-864,-479,22,512,892,1059,969,652,180,-334,-777,-1035,-1050,-820,-396,119,609,948,1056,924,580,98,-407,-817,-1023,-976,-698,-253,254,694,957,994,791,395,-98,-569,-909,-1028,-894,-545,-61,444,837,0,0
61528,mtk,MTK 7916,862783388,rx0-tx0,512,-330,-854,-824,-950,-900,-773,-567,-323,-45,233,488,690,848,934,940,870,721,512,265,-3,-276,-523,-716,-858,-924,-919,-845,-686,-480,-228,44,311,554,752,896,954,938,844,672,445,185,-94,-369,-618,-805,-920,-960,-930,-810,-614,-374,-101,166,434,655,811,899,925,865,736,544,312,60,-198,-436,-642,-800,-878,-886,-834,-713,-535,-299,-50,201,446,652,802,886,887,807,672,475,241,-15,-273,-503,-683,-796,-848,-828,-729,-573,-382,-150,85,310,500,634,725,750,717,614,474,303,102,-102,-292,-449,-565,-644,-670,-636,-555,-435,-280,-108,77,255,404,525,604,640,621,540,420,277,114,-26,-236,-394,-517,-598,-638,-625,-548,-437,-285,-113,81,266,422,550,640,672,644,561,422,252,52,-151,-339,-503,-627,-689,-689,-640,-533,-369,-176,36,233,423,567,668,706,677,610,471,291,95,-119,-312,-490,-623,-696,-726,-678,-569,-406,-209,8,230,432,596,697,738,711,619,463,272,40,-194,-404,-575,-691,-720,-688,-592,-431,-238,-9,196,369,513,601,604,563,471,329,162,9,-142,-276,-370,-421,-427,-398,-332,-260,-152,-43,55,144,213,268,296,296,276,232,171,98,29,-54,-125,-180,-222,-247,-249,-230,-185,-120,-40,48,127,199,240,250,218,159,79,-17,-96,-148,-676,-769,510,-159,-412,15,-61,-132,-184,-213,-211,-171,-111,-40,39,116,183,231,254,249,222,184,125,43,-34,-121,-204,-270,-325,-347,-335,-301,-226,-124,-3,124,255,375,459,519,522,466,357,213,27,-164,-357,-531,-661,-725,-721,-637,-487,-274,-24,232,474,687,832,902,874,764,574,313,18,-290,-569,-792,-951,-1005,-968,-834,-620,-341,-27,298,587,826,986,1052,1010,873,671,391,77,-239,-535,-770,-948,-1028,-1014,-915,-730,-484,-179,123,422,673,868,993,1016,953,803,585,319,17,-277,-549,-784,-932,-1002,-985,-881,-704,-451,-166,131,412,656,848,963,987,932,792,581,317,34,-251,-512,-727,301,-946,-946,-858,-710,-502,-238,28,305,546,748,893,958,940,859,704,472,194,-95,-377,-628,-828,-964,-1019,-982,-859,-661,-403,-113,186,467,718,896,995,1018,951,813,607,348,74,-222,-504,-734,-922,-1020,-1046,-973,-836,-621,-346,-45,262,551,804,989,1084,1098,1018,846,603,305,-17,-348,-656,-901,-1074,-1166,-1147,-1013,-806,-534,-212,142,477,763,987,1124,1164,1094,936,692,407,75,-268,-563,-817,-996,-1087,-1095,-1002,-826,-585,-293,11,312,589,815,968,1030,1015,914,737,506,229,-65,-349,-616,-815,-937,-999,-970,-863,-682,-445,-173,110,383,624,809,929,972,930,810,614,374,110,582,355,-82,40,234,55,322,577,773,900,955,926,817,639,412,144,-122,-382,-609,-784,-897,-937,-900,-778,-595,-368,-113,149,414,642,812,919,943,890,766,579,342,68,-207,-470,-699,-862,-949,-963,-893,-748,-532,-274,-1,272,533,736,883,948,935,843,673,454,214,-51,-319,-556,-740,-851,-904,-883,-789,-635,-421,-175,72,320,545,729,849,888,865,772,607,401,155,-112,-355,-577,-746,-850,-880,-828,-710,-531,-314,-77,171,402,584,728,802,797,732,599,430,223,5,-210,-399,-541,-653,-704,-700,-637,-517,-365,-188,5,187,350,485,582,633,641,586,490,358,201,31,-156,-330,-464,-559,-613,628,-596,-498,-367,-205,-34,161,329,476,584,642,655,596,497,357,183,-14,-203,-386,-533,-638,-691,-676,-609,-488,-316,-112,94,288,466,602,689,708,662,559,405,226,16,-185,-375,-546,-646,-707,-698,-636,-521,-348,-157,56,272,460,609,697,733,697,597,435,234,16,-212,-413,-578,-692,-749,-719,-617,-466,-260,-33,179,395,552,654,684,630,529,385,190,-4,-176,-337,-458,-514,-519,-484,-402,-286,-150,-14,116,211,289,345,358,346,306,241,162,73,-11,-92,-165,-219,-249,-263,-260,-225,-177,-116,-45,34,108,178,228,256,247,217,159,78,-16,-105,-170,-215,-219,-182,-116,-505,-344,-82,-1094,-1031,-169,-171,-141,-84,-12,69,143,198,235,240,216,172,106,27,-59,-129,-191,-245,-277,-280,-275,-230,-170,-91,16,118,223,315,386,422,420,379,286,172,25,-145,-309,-444,-553,-611,-609,-554,-431,-253,-32,201,423,613,752,815,797,704,527,293,21,-262,-524,-750,-904,-968,-937,-803,-599,-323,-12,299,582,819,972,1040,1000,858,645,362,45,-287,-572,-810,-977,-1048,-1025,-900,-700,-436,-128,184,476,721,909,1013,1018,943,773,546,250,-59,-356,-622,-831,-967,-1014,-970,-857,-653,-388,-100,200,482,722,898,981,985,903,748,528,248,-44,-329,-585,-788,-918,-970,-938,-823,-633,-176,-142,144,414,634,815,918,949,909,782,599,356,82,-194,-453,-684,-863,-960,-986,-922,-781,-568,-307,-15,283,553,786,944,1014,1004,911,742,500,232,-62,-347,-602,-814,-953,-1019,-1007,-894,-716,-483,-202,92,387,641,867,1014,1075,1047,932,737,476,176,-136,-453,-733,-952,-1090,-1131,-1088,-941,-717,-429,-101,252,567,834,1035,1155,1166,1068,884,623,306,-38,-373,-670,-905,-1060,-1142,-1099,-965,-762,-491,-186,130,438,704,908,1030,1063,1016,884,676,405,111,-191,-475,-709,-887,-992,-1010,-947,-804,-582,-340,-58,232,499,719,880,967,972,894,743,534,283,2,-278,-535,-746,-887,-966,-924,-1032
61529,mtk,MTK 7916,862783388,rx0-tx1,512,-686,673,469,-495,-314,-111,112,318,494,627,703,718,670,557,408,224,33,-167,-352,-496,-602,-650,-645,-591,-492,-350,-187,-12,159,321,452,550,597,606,563,484,364,221,58,-116,-273,-414,-523,-599,-621,-590,-527,-415,-270,-101,86,264,428,562,649,682,664,590,462,290,89,-117,-322,-498,-636,-722,-740,-698,-597,-447,-253,-45,181,385,553,681,745,744,682,565,395,196,-16,-239,-434,-593,-696,-733,-711,-637,-505,-331,-131,73,275,450,589,674,697,671,585,458,289,92,-112,-294,-459,-583,-663,-689,-646,-553,-419,-248,-53,141,324,479,598,661,678,628,525,382,201,-2,-202,-379,-38,-633,-683,-669,-603,-483,-313,-120,85,285,451,587,671,689,644,549,400,220,15,-185,-372,-528,-637,-686,-672,-607,-466,-297,-105,110,301,466,592,661,666,614,505,350,166,-20,-216,-386,-506,-596,-621,-586,-503,-382,-223,-48,126,292,416,505,543,539,489,392,262,127,-37,-180,-304,-402,-454,-481,-468,-409,-314,-192,-69,66,202,318,398,452,450,424,345,243,118,-23,-154,-268,-359,-405,-426,-399,-337,-236,-113,4,121,229,309,357,374,347,289,210,104,-7,-114,-211,-285,-324,-325,-297,-238,-148,-43,64,159,238,288,294,260,198,103,-5,-109,-186,-222,-219,-174,-100,993,940,0,534,252,-179,-162,-111,-31,59,144,215,248,245,209,138,58,-35,-124,-197,-246,-262,-261,-213,-153,-76,6,83,163,225,259,258,234,198,127,54,-23,-97,-156,-202,-223,-216,-197,-152,-114,-61,1,40,88,118,142,157,155,149,138,121,92,63,21,-26,-76,-121,-161,-186,-215,-207,-184,-149,-100,-33,30,102,163,209,236,244,227,191,145,87,16,-43,-107,-166,-212,-243,-252,-243,-218,-178,-130,-56,22,104,184,251,299,323,321,291,223,150,44,-62,-163,-258,-318,-359,-371,-342,-289,-209,-113,-3,113,206,301,360,389,392,351,287,199,93,-21,-140,-243,-336,-395,-427,-48,-371,-300,-207,-94,44,172,288,390,456,486,467,416,325,209,64,-88,-243,-380,-477,-535,-547,-513,-434,-316,-168,3,173,326,447,530,577,565,508,409,275,122,-44,-205,-357,-469,-547,-585,-575,-518,-421,-277,-120,50,216,368,500,592,634,622,565,452,302,130,-70,-255,-422,-557,-659,-699,-679,-604,-477,-299,-100,108,310,486,636,727,747,716,616,458,260,35,-189,-398,-584,-712,-779,-777,-701,-571,-398,-177,49,274,477,633,733,775,745,652,512,317,102,-116,-333,-518,-653,-742,-759,-712,-612,-458,-268,-50,176,382,555,681,752,753,693,568,390,186,-39,-258,-450,352,594,9,-796,-941,548,666,730,730,658,537,366,168,-40,-247,-427,-568,-656,-684,-662,-576,-450,-291,-106,79,256,409,529,599,624,601,532,422,275,114,-56,-218,-366,-485,-565,-607,-602,-547,-454,-320,-164,17,183,344,484,582,640,649,602,509,368,195,3,-190,-377,-537,-655,-713,-713,-656,-537,-379,-178,39,253,440,595,702,750,736,643,511,334,122,-100,-314,-501,-644,-723,-749,-707,-609,-456,-264,-51,161,358,524,641,702,712,663,553,401,209,15,-190,-375,-527,-634,-690,-677,-615,-508,-354,-180,20,217,387,530,628,670,655,587,475,309,125,-70,-263,-422,-558,-651,-683,-650,-565,634,-258,-59,142,328,491,612,674,682,627,516,368,178,-35,-231,-412,-553,-652,-694,-666,-580,-437,-261,-62,133,331,499,605,676,677,609,496,334,138,-66,-257,-428,-558,-630,-648,-612,-505,-373,-206,-14,174,338,468,555,584,568,499,384,238,78,-80,-230,-362,-446,-503,-519,-473,-404,-290,-161,-26,118,248,355,425,453,458,415,335,231,93,-43,-177,-297,-379,-436,-449,-413,-349,-239,-119,10,138,244,338,388,399,381,315,224,117,2,-120,-214,-295,-341,-352,-331,-276,-188,-80,29,132,220,282,309,300,258,190,91,-22,-121,-207,-261,-273,-238,-164,-71,24,108,157,-141,-371,0,396,607,32,106,176,217,221,190,120,29,-63,-155,-219,-254,-260,-228,-174,-93,-16,72,153,211,252,260,247,208,141,62,-21,-91,-166,-220,-239,-242,-217,-175,-115,-46,18,78,123,152,183,181,171,151,116,85,41,0,-36,-66,-101,-127,-154,-173,-182,-170,-148,-107,-68,-10,52,109,155,203,225,233,219,177,123,59,-9,-80,-141,-190,-229,-242,-236,-223,-185,-136,-74,-2,68,138,195,246,278,280,267,232,173,99,9,-80,-175,-251,-305,-346,-342,-319,-257,-174,-82,27,133,230,309,363,388,367,323,253,154,48,-70,-183,-278,-355,-399,-417,-391,-338,-254,-144,-31,-1135,212,310,389,443,453,418,359,265,145,9,-132,-261,-382,-471,-520,-517,-475,-383,-262,-115,48,208,351,466,542,572,544,469,351,213,51,-118,-267,-405,-501,-560,-571,-540,-461,-343,-201,-44,121,281,427,540,596,614,576,499,379,218,37,-147,-319,-470,-575,-650,-669,-622,-527,-389,-215,-20,178,362,531,651,715,725,668,553,392,185,-32,-250,-459,-619,-724,-770,-747,-669,-527,-328,-104,129,350,526,672,759,778,730,616,450,250,31,-198,-398,-573,-698,-755,-757,-693,-563,-394,-187,38,250,447,601,711,761,740,651,511,328,119,-101,-314,-505,-649,-733,-753,-706,-606,-561,-301
61530,mtk,MTK 7916,862783388,rx1-tx0,512,0,207,-68,199,342,487,591,643,655,603,504,362,181,-11,-212,-394,-560,-693,-755,-765,-704,-584,-407,-186,52,288,527,709,844,905,884,784,614,386,114,-174,-449,-690,-881,-989,-1013,-950,-783,-553,-275,22,324,613,839,995,1060,1026,918,708,439,130,-170,-462,-714,-902,-1006,-1025,-971,-825,-614,-359,-70,231,505,738,902,1000,1017,940,788,574,308,12,-295,-574,-794,-951,-1033,-1031,-931,-751,-506,-230,69,372,634,834,964,1025,1000,871,665,406,119,-187,-477,-720,-890,-988,-993,-907,-750,-529,-261,36,314,556,769,891,931,884,772,587,349,111,-153,-393,-574,-721,-807,-804,-730,-612,-277,-244,-23,182,369,527,625,679,672,618,527,385,208,35,-139,-302,-443,-553,-620,-630,-588,-510,-385,-246,-81,105,282,427,532,608,642,616,538,414,264,97,-97,-280,-433,-564,-649,-681,-670,-594,-475,-302,-102,94,309,495,653,763,812,775,677,529,299,46,-216,-478,-696,-852,-938,-934,-838,-660,-404,-106,209,498,747,933,1010,994,871,660,387,67,-242,-532,-759,-896,-954,-904,-752,-558,-313,-33,236,472,656,773,802,752,636,463,249,24,-187,-395,-551,-628,-661,-629,-527,-374,-190,1,189,362,478,548,563,508,395,231,55,-130,-296,-418,-467,-439,-347,-212,-48,100,449,515,0,-796,-617,-11,14,41,63,85,92,81,73,49,15,-9,-48,-80,-95,-108,-116,-110,-92,-64,-27,17,53,85,104,129,140,147,135,104,65,17,-27,-81,-127,-170,-201,-224,-220,-202,-159,-104,-30,60,138,227,295,332,348,324,273,190,80,-54,-197,-323,-422,-496,-510,-479,-383,-243,-80,97,284,442,561,613,617,548,405,232,37,-171,-359,-505,-599,-648,-632,-531,-393,-214,-4,190,370,510,594,632,598,497,363,204,13,-161,-314,-443,-510,-535,-509,-437,-336,-195,-59,68,193,285,353,393,409,385,341,279,194,98,-2,-98,-196,-281,-350,-385,-405,-394,-349,-279,-181,-55,489,202,314,407,469,491,467,407,315,182,31,-122,-274,-403,-504,-558,-562,-510,-415,-282,-133,33,202,349,477,557,593,572,508,399,257,97,-91,-260,-411,-520,-593,-627,-587,-496,-371,-217,-51,131,288,444,543,605,623,573,491,369,209,51,-118,-290,-429,-532,-597,-614,-583,-507,-394,-249,-79,103,277,436,565,654,694,668,591,456,284,83,-137,-352,-544,-682,-752,-774,-720,-599,-415,-206,40,281,481,647,746,782,746,645,481,286,63,-152,-347,-516,-624,-667,-681,-623,-514,-367,-197,-15,150,311,439,536,585,589,552,465,356,232,62,-94,-241,-371,-478,-551,-575,-560,-27,-441,0,482,520,593,517,413,253,83,-106,-292,-455,-591,-677,-711,-691,-606,-482,-297,-92,129,347,547,705,810,837,803,692,507,288,25,-241,-495,-708,-868,-957,-959,-877,-715,-479,-189,100,399,658,864,996,1037,997,853,633,369,54,-248,-542,-792,-964,-1044,-1035,-944,-767,-526,-242,57,353,620,823,961,1028,998,887,701,462,193,-101,-386,-641,-848,-982,-1036,-996,-868,-675,-425,-138,173,466,720,908,1012,1036,970,812,589,318,24,-282,-562,-791,-944,-1019,-1003,-900,-714,-470,-191,108,384,628,820,940,971,901,776,571,311,43,-227,-474,-687,-811,-869,-861,-757,-609,-418,-182,69,287,472,315,715,746,703,623,482,312,122,-76,-258,-414,-547,-618,-639,-624,-558,-448,-300,-137,40,204,354,478,567,630,634,578,473,336,179,-12,-193,-359,-498,-588,-652,-656,-600,-503,-366,-195,-9,181,371,532,663,724,739,696,580,420,215,-16,-256,-465,-668,-813,-868,-859,-766,-593,-371,-96,199,478,720,901,993,989,875,691,416,102,-219,-522,-761,-931,-1003,-969,-841,-617,-346,-49,263,511,705,838,878,826,698,504,271,16,-225,-435,-602,-697,-719,-682,-584,-415,-221,-21,191,373,508,583,599,563,461,313,148,-40,-223,-379,-477,-514,-492,-406,-261,-80,102,250,344,370,314,-251,25,0,-101,-510,67,73,66,53,28,-9,-37,-60,-90,-96,-100,-97,-72,-43,-12,19,56,84,111,127,128,117,100,75,42,-1,-38,-81,-116,-150,-165,-171,-163,-138,-105,-59,-2,63,125,189,236,274,274,261,224,150,60,-45,-154,-258,-354,-411,-435,-403,-332,-233,-89,70,237,394,494,553,565,524,414,251,62,-139,-341,-496,-592,-643,-630,-543,-399,-222,-32,189,375,513,616,651,617,524,375,203,16,-185,-352,-475,-562,-598,-559,-484,-348,-192,-36,130,268,381,449,465,455,403,322,223,122,10,-101,-191,-270,-332,-364,-372,-363,-327,-269,-185,-87,15,131,237,326,398,443,-571,415,347,248,123,-19,-164,-298,-413,-501,-532,-520,-465,-370,-242,-91,79,244,389,495,558,577,540,461,348,199,31,-146,-311,-449,-546,-605,-612,-556,-454,-313,-163,17,202,358,492,577,623,604,545,446,290,134,-54,-223,-366,-495,-572,-607,-601,-541,-428,-297,-140,33,203,356,487,589,645,640,586,492,355,186,-5,-200,-385,-554,-669,-731,-733,-668,-548,-361,-154,73,307,515,673,769,802,736,617,445,232,5,-223,-432,-594,-700,-741,-715,-632,-497,-314,-123,72,273,424,543,613,632,598,529,417,286,125,-38,-198,-342,-444,-531,-577,-565,-521,-434,-323,-180,-24,126,783,659
61531,mtk,MTK 7916,862783388,rx1-tx1,512,0,0,0,-575,-355,-40,287,545,686,661,478,194,-141,-444,-637,-683,-575,-336,-16,295,528,644,594,400,124,-173,-423,-562,-567,-430,-186,101,355,513,536,430,218,-45,-296,-474,-526,-447,-248,17,270,452,529,475,292,26,-244,-463,-567,-524,-353,-94,198,434,579,584,442,191,-105,-387,-581,-636,-541,-314,-10,296,533,638,594,411,123,-193,-458,-603,-613,-479,-223,80,362,565,618,522,303,6,-294,-515,-619,-575,-393,-121,181,448,614,630,495,248,-53,-346,-555,-630,-556,-357,-80,210,451,587,585,442,206,-75,-338,-518,-577,-493,-307,-59,199,399,503,482,352,155,-63,-263,0,-416,-344,-198,-18,160,291,334,287,172,17,-139,-247,-287,-251,-136,19,167,266,289,238,122,-41,-208,-323,-355,-303,-166,29,217,362,430,386,250,46,-183,-379,-497,-495,-375,-165,95,348,526,588,510,312,40,-253,-493,-626,-626,-480,-214,112,407,607,694,624,401,87,-254,-545,-721,-744,-594,-310,44,397,668,786,741,538,213,-162,-499,-721,-792,-704,-463,-122,241,545,730,764,636,383,49,-284,-546,-694,-692,-540,-289,11,302,527,631,595,447,215,-58,-302,-473,-544,-505,-370,-160,72,277,414,472,437,321,153,-34,-203,-332,-397,-386,-315,-209,-86,28,120,188,0,0,0,0,0,302,327,307,228,96,-69,-251,-411,-505,-522,-453,-294,-63,193,419,583,645,579,396,134,-166,-448,-640,-712,-643,-441,-136,200,495,692,745,628,370,30,-319,-608,-774,-767,-584,-262,117,473,746,857,761,492,121,-295,-658,-866,-886,-720,-387,52,488,813,964,905,638,222,-249,-658,-914,-969,-809,-466,-15,450,812,983,931,667,255,-225,-653,-917,-971,-795,-433,25,478,819,974,897,603,161,-316,-719,-961,-975,-765,-364,134,598,929,1042,911,567,75,-443,-869,-1106,-1074,-800,-341,213,721,1075,1195,1034,643,100,-483,-951,-1212,-1213,-932,-436,151,705,1104,1252,1116,721,161,0,-906,-1180,-1187,-927,-448,137,681,1059,1193,1048,658,116,-453,-921,-1168,-1135,-830,-330,244,764,1117,1202,1005,577,10,-568,-1018,-1223,-1138,-798,-270,329,855,1180,1224,986,522,-55,-627,-1048,-1224,-1127,-762,-219,372,864,1139,1151,897,438,-118,-641,-1006,-1121,-970,-589,-72,455,864,1059,989,684,219,-301,-742,-1006,-1030,-800,-364,157,629,955,1066,921,553,58,-441,-851,-1063,-1016,-729,-280,227,682,979,1041,867,501,25,-452,-823,-992,-926,-653,-237,211,601,848,884,715,387,-24,-411,-681,-778,-692,-450,-101,258,538,681,653,459,160,-170,-449,-613,-622,-466,-198,116,400,580,618,504,0,0,0,0,0,-332,-571,-677,-622,-420,-112,222,499,661,676,533,266,-65,-373,-590,-665,-588,-375,-79,227,478,604,579,423,159,-137,-384,-539,-554,-420,-197,70,321,484,527,437,237,-22,-275,-458,-524,-455,-267,-6,259,456,537,490,314,54,-219,-448,-571,-560,-404,-143,153,419,583,609,494,253,-50,-336,-549,-640,-571,-369,-75,245,491,613,597,438,170,-136,-408,-587,-622,-497,-258,41,339,553,624,546,344,54,-251,-497,-622,-604,-446,-178,130,401,588,636,531,301,13,-279,-511,-616,-573,-402,-142,144,396,556,581,474,258,-11,-264,-458,-544,-505,-345,-120,125,331,451,461,369,0,-16,-204,-328,-369,-318,-185,-19,141,260,300,252,138,-6,-148,-253,-287,-234,-117,32,181,286,315,256,129,-41,-210,-342,-389,-338,-196,-5,204,377,466,446,312,104,-145,-377,-521,-543,-440,-230,36,306,515,611,570,398,126,-179,-456,-640,-672,-553,-305,20,340,591,720,688,498,189,-160,-477,-701,-771,-666,-415,-75,290,593,767,780,627,340,-21,-376,-648,-781,-753,-562,-261,93,427,657,742,682,475,171,-159,-437,-614,-662,-581,-383,-114,174,420,564,579,478,295,62,-181,-379,-489,-500,-415,-245,-38,161,320,413,437,380,255,98,-56,-187,-276,-315,-306,-257,-178,0,0,0,0,0,-38,79,204,328,418,449,406,285,99,-110,-316,-489,-585,-575,-453,-238,28,304,534,662,662,536,291,-19,-325,-582,-728,-707,-537,-266,76,412,656,761,704,489,165,-214,-551,-760,-805,-673,-382,10,401,706,868,838,617,252,-179,-584,-862,-943,-823,-513,-80,375,750,960,953,735,349,-114,-551,-868,-993,-884,-577,-135,332,722,949,958,739,349,-120,-559,-872,-981,-852,-523,-73,398,779,975,938,679,260,-232,-671,-947,-1017,-843,-458,29,525,904,1072,995,678,205,-329,-803,-1098,-1144,-930,-492,66,610,1025,1220,1131,789,270,-324,-845,-1175,-1242,-1030,-587,-11,566,1015,1239,0,848,317,-276,-800,-1129,-1197,-996,-563,3,569,999,1185,1096,753,232,-347,-839,-1133,-1166,-928,-459,125,677,1067,1217,1076,682,125,-464,-940,-1196,-1191,-904,-399,195,748,1130,1244,1066,646,78,-502,-959,-1189,-1144,-840,-339,234,737,1066,1146,944,519,-18,-539,-927,-1085,-973,-632,-141,380,801,1034,1011,737,293,-225,-697,-997,-1057,-858,-456,42,539,912,1062,963,644,174,-339,-774,-1033,-1042,-806,-389,108,578,908,1020,901,579,135,-333,-719,-932,-921,-698,-330,111,509,766,844,724,438,58,-326,-611,-737,-682,-467,-141,207,492,641,629,468,186,-136,-422,-600,-613,-476,-224,91,384,0,0
61532,mtk,MTK 7916,862783388,rx2-tx0,512,0,0,0,-788,-323,232,753,1111,1212,1022,585,-2,-597,-1058,-1292,-1226,-860,-293,348,913,1264,1327,1078,574,-58,-686,-1158,-1350,-1221,-811,-206,451,1001,1308,1296,988,450,-205,-810,-1214,-1321,-1118,-641,-15,614,1097,1305,1201,814,225,-424,-963,-1267,-1270,-962,-425,212,790,1175,1276,1064,599,-1,-596,-1048,-1240,-1128,-745,-180,420,909,1172,1141,830,319,-267,-777,-1084,-1129,-894,-425,145,672,1033,1130,943,518,-37,-591,-998,-1157,-1022,-633,-82,495,961,1198,1137,790,244,-358,-888,-1213,-1248,-981,-475,153,757,1189,1333,1165,720,105,-544,-1074,-1353,-1312,-963,-386,278,886,1290,1390,1161,663,12,-644,-1143,0,-1290,-895,-293,371,953,1305,1340,1063,544,-113,-736,-1182,-1353,-1205,-766,-141,519,1049,1336,1310,969,390,-279,-893,-1301,-1401,-1170,-673,-19,661,1191,1434,1346,944,321,-376,-994,-1383,-1456,-1192,-650,39,731,1256,1487,1373,945,302,-411,-1032,-1418,-1477,-1189,-633,56,728,1237,1468,1358,928,297,-393,-996,-1367,-1422,-1154,-625,43,690,1180,1414,1323,919,324,-329,-913,-1299,-1388,-1169,-701,-86,537,1029,1298,1282,985,489,-98,-646,-1046,-1219,-1123,-792,-303,232,691,992,1082,939,613,176,-287,-673,-895,-927,-774,-473,-89,297,610,780,799,672,427,117,-190,-448,-611,-660,-598,-454,-262,-58,119,254,0,0,0,0,0,143,310,454,546,565,486,309,60,-223,-492,-691,-769,-707,-506,-199,169,518,778,892,827,585,209,-223,-627,-911,-1000,-880,-571,-128,364,784,1050,1097,898,501,-20,-560,-984,-1197,-1158,-859,-357,241,781,1162,1302,1150,738,157,-468,-1003,-1320,-1342,-1068,-546,107,736,1205,1419,1309,898,289,-384,-974,-1340,-1407,-1157,-654,4,652,1141,1374,1295,923,345,-298,-866,-1230,-1299,-1068,-596,8,601,1037,1221,1114,750,221,-357,-839,-1109,-1111,-847,-377,181,681,1014,1104,916,502,-30,-557,-950,-1106,-991,-638,-117,445,897,1134,1100,800,300,-275,-799,-1139,-1212,-993,-539,52,640,1080,1265,1157,778,0,-417,-944,-1253,-1269,-981,-449,179,769,1181,1317,1143,684,59,-579,-1087,-1345,-1278,-899,-304,370,964,1337,1391,1114,572,-109,-777,-1264,-1456,-1307,-849,-183,526,1119,1449,1434,1089,487,-238,-903,-1350,-1480,-1263,-755,-71,624,1166,1430,1359,964,346,-340,-940,-1305,-1356,-1081,-551,102,719,1158,1309,1142,701,96,-522,-1000,-1232,-1170,-826,-279,325,835,1141,1171,913,437,-140,-672,-1034,-1140,-968,-572,-44,491,893,1070,982,655,181,-322,-735,-956,-935,-680,-265,200,607,857,882,682,313,-131,-534,-794,-845,-679,-342,90,498,774,855,714,384,-52,-476,-790,-914,-799,-473,-25,438,805,977,908,607,0,0,0,0,0,-795,-1091,-1138,-906,-451,128,688,1096,1257,1125,724,148,-473,-995,-1289,-1284,-978,-438,209,805,1218,1351,1167,701,70,-571,-1079,-1333,-1272,-907,-328,325,904,1261,1319,1063,550,-95,-716,-1155,-1320,-1170,-737,-123,521,1035,1295,1240,890,328,-312,-872,-1221,-1280,-1028,-523,105,699,1113,1260,1112,691,100,-503,-976,-1207,-1137,-793,-262,336,840,1122,1128,856,375,-197,-713,-1054,-1129,-907,-467,85,623,1009,1131,969,566,15,-551,-987,-1170,-1070,-708,-162,434,926,1209,1199,887,356,-267,-828,-1199,-1295,-1079,-596,30,656,1136,1353,1252,853,242,-427,-990,-1332,-1363,-1072,-534,130,770,1225,1386,1227,784,0,-511,-1048,-1339,-1318,-986,-420,240,841,1243,1351,1135,648,11,-632,-1126,-1354,-1260,-864,-267,397,973,1327,1364,1073,527,-145,-782,-1249,-1426,-1263,-811,-164,535,1107,1416,1402,1070,490,-211,-874,-1334,-1480,-1286,-800,-126,577,1155,1464,1429,1076,477,-237,-894,-1342,-1483,-1291,-802,-131,568,1133,1432,1402,1055,463,-227,-863,-1294,-1430,-1246,-783,-137,526,1066,1370,1369,1057,514,-132,-739,-1178,-1358,-1240,-855,-291,320,844,1183,1265,1075,652,104,-438,-876,-1122,-1126,-888,-472,17,486,839,997,950,715,340,-94,-488,-759,-869,-809,-593,-263,94,410,643,748,706,553,321,49,-200,-394,-503,-524,-470,-355,0,0,0,0,0,-402,-350,-236,-57,165,386,571,677,669,539,297,-19,-347,-625,-801,-824,-683,-397,-19,383,719,917,931,748,403,-42,-499,-859,-1038,-1001,-748,-312,200,686,1035,1161,1036,679,159,-403,-896,-1201,-1242,-1015,-552,40,637,1100,1324,1261,912,349,-306,-888,-1278,-1394,-1202,-730,-90,568,1107,1398,1369,1042,484,-186,-812,-1260,-1418,-1254,-806,-186,471,1011,1308,1308,1007,485,-140,-727,-1139,-1274,-1110,-688,-115,470,936,1165,1111,799,304,-257,-756,-1063,-1103,-876,-439,102,614,979,1097,946,563,37,-507,-928,-1118,-1044,-715,-202,362,846,1139,1159,899,417,-176,-724,-1111,-1245,-1081,-654,-72,534,1021,0,1224,880,333,-300,-868,-1234,-1302,-1064,-578,56,679,1141,1337,1216,796,186,-475,-1033,-1344,-1332,-1006,-441,242,876,1304,1424,1210,707,30,-663,-1195,-1454,-1379,-972,-335,383,1014,1409,1473,1191,626,-81,-761,-1259,-1467,-1326,-869,-221,468,1044,1375,1366,1032,461,-215,-828,-1227,-1328,-1114,-632,-6,617,1083,1274,1152,761,188,-422,-928,-1202,-1181,-877,-371,216,754,1094,1159,944,509,-47,-578,-958,-1098,-973,-617,-113,404,809,1011,958,678,238,-253,-667,-901,-906,-684,-292,165,567,816,857,676,330,-104,-511,-780,-850,-699,-357,78,495,786,881,750,422,-13,-458,-799,-942,-844,-533,-81,405,799,0,0
61533,mtk,MTK 7916,862783388,rx2-tx1,512,0,0,0,-58,-648,-1102,-1304,-1204,-818,-237,401,950,1280,1313,1041,525,-108,-715,-1159,-1326,-1180,-770,-180,448,960,1239,1230,931,408,-201,-747,-1106,-1184,-983,-555,4,549,956,1126,1008,630,105,-427,-849,-1067,-1013,-694,-190,360,819,1075,1055,766,283,-281,-791,-1113,-1162,-915,-436,153,712,1105,1238,1070,632,30,-589,-1070,-1292,-1207,-829,-233,420,976,1303,1320,1013,442,-236,-869,-1309,-1434,-1214,-705,-1,721,1266,1527,1440,1003,327,-439,-1112,-1533,-1603,-1308,-718,43,813,1385,1636,1522,1063,363,-424,-1113,-1533,-1613,-1332,-737,17,743,1300,1569,1472,1042,399,-322,-967,-1373,-1464,-1231,-712,-52,584,1064,1298,0,879,347,-238,-750,-1063,-1108,-890,-480,34,511,836,949,829,502,58,-382,-713,-853,-775,-502,-107,314,646,805,750,499,128,-277,-623,-809,-771,-530,-150,288,667,885,891,665,256,-237,-700,-1007,-1084,-910,-503,58,635,1080,1285,1206,849,278,-378,-963,-1353,-1454,-1221,-710,-30,670,1237,1538,1499,1128,512,-237,-947,-1446,-1636,-1474,-991,-310,449,1119,1549,1649,1403,864,150,-581,-1183,-1531,-1550,-1258,-713,-31,629,1139,1401,1359,1041,534,-68,-632,-1031,-1197,-1111,-801,-339,168,607,904,1008,896,601,207,-205,-561,-799,-861,-739,-490,-177,160,457,642,705,655,501,280,38,-173,-329,-406,-410,0,0,0,0,0,-439,-526,-537,-462,-307,-84,182,429,606,695,666,511,252,-61,-357,-593,-723,-701,-537,-266,70,402,650,757,699,492,174,-190,-511,-724,-782,-656,-378,-15,363,670,830,803,589,238,-176,-549,-816,-907,-784,-486,-76,363,728,930,918,701,323,-130,-568,-878,-983,-863,-547,-104,370,755,963,951,727,329,-151,-597,-902,-995,-855,-523,-71,398,768,954,929,687,277,-196,-618,-883,-936,-779,-427,32,470,792,933,843,549,127,-337,-723,-933,-921,-689,-300,169,609,910,991,837,492,35,-437,-804,-985,-945,-671,-242,233,662,934,981,794,422,-43,-507,-850,-989,-887,-584,-138,349,0,967,962,729,330,-143,-586,-887,-977,-832,-496,-45,414,773,938,866,585,162,-296,-677,-883,-882,-657,-257,211,617,868,920,744,368,-110,-566,-892,-1005,-876,-536,-54,454,856,1065,1019,722,260,-265,-729,-1024,-1073,-860,-442,70,570,940,1061,922,563,76,-432,-834,-1026,-971,-676,-200,317,757,1018,1019,751,305,-206,-691,-1014,-1077,-876,-462,65,587,971,1119,994,627,94,-470,-924,-1159,-1114,-802,-293,297,824,1155,1213,986,518,-72,-638,-1062,-1241,-1124,-737,-188,403,902,1189,1177,896,406,-186,-732,-1096,-1192,-987,-550,12,568,985,1165,1064,704,170,-410,-895,-1157,-1137,-850,-352,244,0,0,0,0,0,1265,1107,689,92,-537,-1046,-1311,-1270,-940,-388,256,842,1227,1336,1134,669,48,-582,-1068,-1298,-1227,-868,-301,317,844,1175,1223,970,498,-86,-639,-1023,-1159,-1009,-605,-65,480,893,1083,993,654,149,-389,-831,-1066,-1031,-726,-232,329,813,1089,1098,829,350,-227,-768,-1121,-1200,-989,-528,75,660,1093,1274,1141,722,125,-500,-1017,-1303,-1269,-915,-330,348,936,1310,1383,1117,565,-135,-812,-1305,-1488,-1322,-844,-148,600,1211,1544,1533,1163,516,-255,-978,-1481,-1639,-1426,-897,-156,627,1266,1607,1587,1209,551,-230,-947,-1441,-1599,-1402,-901,-194,558,1154,1478,1478,1150,570,-124,-770,-1226,-1394,-1243,-816,-224,0,894,1172,1165,898,426,-129,-622,-942,-1023,-856,-487,-17,441,770,899,803,506,85,-336,-662,-817,-761,-503,-114,293,616,787,756,523,139,-282,-642,-835,-812,-581,-187,285,704,956,980,763,349,-180,-695,-1064,-1200,-1062,-658,-87,521,1035,1339,1349,1040,489,-179,-828,-1307,-1507,-1376,-925,-264,464,1106,1503,1572,1305,752,26,-708,-1312,-1627,-1582,-1211,-587,169,893,1405,1621,1520,1101,447,-282,-927,-1369,-1514,-1347,-910,-302,345,890,1222,1299,1110,692,158,-379,-814,-1060,-1076,-869,-485,-27,406,732,902,881,682,358,-20,-379,-649,-780,-755,-603,-366,-72,214,435,568,597,533,405,242,75,0,0,0,0,0,187,18,-177,-381,-553,-646,-640,-531,-330,-56,243,507,679,728,635,418,118,-208,-499,-699,-749,-631,-385,-60,285,570,738,743,575,273,-85,-438,-699,-808,-735,-493,-128,272,620,830,860,691,360,-54,-463,-774,-920,-860,-596,-200,254,659,911,959,791,432,-24,-466,-817,-982,-918,-639,-217,256,675,935,977,795,424,-39,-490,-837,-987,-901,-618,-191,290,690,925,945,731,344,-111,-537,-833,-927,-800,-483,-50,404,760,929,874,614,206,-257,-672,-924,-954,-766,-392,74,526,868,1004,896,587,142,-341,-740,-964,-963,-737,-342,138,590,901,994,855,514,46,-430,-798,-982,-939,0,-238,244,671,941,977,783,412,-59,-506,-830,-959,-853,-539,-111,345,716,899,854,603,214,-239,-633,-872,-893,-689,-296,174,601,887,965,810,449,-26,-510,-882,-1040,-950,-635,-158,365,798,1050,1056,795,350,-169,-653,-979,-1067,-899,-512,3,506,882,1047,947,617,142,-370,-798,-1028,-997,-715,-260,260,722,1011,1046,818,387,-145,-648,-998,-1107,-941,-537,2,550,961,1142,1051,707,181,-401,-887,-1165,-1178,-899,-401,189,741,1119,1233,1065,645,65,-530,-997,-1225,-1164,-824,-294,298,818,1132,1173,946,483,-97,-644,-1034,-1175,-1025,-621,-76,487,942,1165,1098,772,259,-317,-828,-1142,-1172,0,0
61534,mtk,MTK 7916,862819304,rx0-tx0,512,-330,-854,-824,-184,-425,-638,-801,-904,-936,-905,-814,-662,-453,-216,36,279,500,689,834,906,915,865,745,582,373,140,-112,-362,-576,-748,-864,-922,-924,-855,-713,-522,-297,-51,200,445,655,820,924,955,915,811,647,429,185,-75,-317,-547,-730,-853,-918,-917,-848,-724,-539,-320,-93,140,366,568,738,837,881,859,785,652,481,264,37,-199,-422,-606,-748,-844,-880,-844,-742,-588,-391,-172,59,287,486,651,774,833,818,740,626,459,266,54,-156,-352,-512,-637,-710,-734,-698,-621,-499,-348,-180,5,181,340,477,576,638,642,606,544,444,310,158,-12,-173,-325,-449,-548,-601,-613,-591,-526,-26,-289,-134,25,184,342,465,565,626,633,598,526,412,262,89,-90,-265,-423,-544,-627,-670,-664,-605,-496,-355,-171,14,197,371,521,626,691,693,640,540,407,242,62,-128,-308,-468,-595,-675,-711,-673,-592,-469,-315,-124,71,268,436,579,679,718,699,633,518,351,147,-64,-269,-445,-587,-696,-733,-698,-607,-472,-292,-91,110,303,468,579,631,629,572,468,327,166,1,-156,-280,-376,-436,-453,-437,-386,-305,-215,-110,-10,91,179,239,278,298,300,274,233,181,118,54,-23,-96,-145,-196,-230,-247,-235,-212,-174,-120,-53,30,105,174,224,242,231,182,116,36,-48,-114,-676,-769,510,-159,-412,98,150,182,193,177,138,73,-3,-74,-144,-200,-228,-239,-236,-211,-169,-106,-39,36,109,184,245,289,332,338,306,253,184,87,-24,-149,-267,-371,-453,-507,-515,-480,-394,-272,-117,68,253,427,572,668,718,707,635,482,294,68,-183,-419,-622,-786,-889,-901,-851,-710,-503,-255,22,306,566,778,933,1000,996,892,710,462,183,-110,-399,-648,-849,-985,-1031,-995,-881,-703,-463,-187,102,384,630,829,957,1016,987,889,702,479,224,-73,-336,-580,-785,-923,-996,-991,-903,-750,-532,-281,-20,255,515,725,876,965,978,924,801,596,357,99,-173,-432,-640,-816,-921,-964,-928,-819,301,-449,-205,53,297,526,718,852,930,934,874,758,581,368,118,-141,-400,-626,-807,-935,-982,-975,-881,-720,-512,-263,14,290,535,750,906,986,1012,955,826,633,402,152,-117,-375,-619,-809,-945,-1020,-1021,-942,-806,-614,-362,-85,188,460,698,904,1038,1088,1054,951,782,552,275,-18,-321,-607,-849,-1020,-1129,-1148,-1069,-918,-706,-425,-131,194,495,749,963,1089,1133,1094,969,769,524,248,-50,-341,-606,-824,-975,-1061,-1063,-982,-836,-626,-383,-115,169,433,654,837,958,1002,984,895,735,523,268,3,-257,-503,-700,-855,-947,-973,-922,-810,-640,-422,-172,86,341,560,754,874,937,935,582,355,-82,40,234,-919,-845,-702,-509,-269,-14,234,468,675,828,914,933,882,771,613,407,171,-73,-318,-537,-714,-838,-909,-918,-861,-734,-561,-341,-101,151,399,615,785,893,940,915,834,685,489,247,-15,-266,-497,-697,-844,-931,-942,-888,-773,-591,-372,-133,119,357,569,739,847,899,892,813,685,503,295,71,-165,-385,-581,-730,-828,-869,-854,-774,-635,-456,-238,-1,240,456,639,774,843,855,801,693,533,334,104,-124,-331,-515,-661,-751,-780,-755,-675,-554,-400,-213,-15,180,351,501,600,666,686,653,575,460,316,156,-18,-174,-325,-454,-546,-609,-622,-595,-525,-425,-299,-145,12,169,319,628,548,606,618,597,527,417,283,119,-56,-220,-372,-506,-599,-648,-645,-599,-506,-377,-221,-46,138,315,459,585,663,687,659,579,451,291,109,-83,-265,-425,-559,-651,-692,-679,-613,-509,-359,-188,6,201,369,514,627,693,701,653,554,422,243,45,-151,-336,-510,-643,-720,-733,-685,-578,-434,-244,-23,193,380,535,642,686,680,608,481,313,130,-52,-226,-371,-480,-540,-551,-507,-426,-324,-197,-61,67,185,274,333,366,366,352,298,230,153,75,-9,-91,-158,-214,-243,-256,-261,-236,-203,-160,-96,-25,48,109,168,211,244,247,224,179,107,24,-64,-140,-187,-210,-195,-144,-505,-344,-82,-1094,-1031,132,95,37,-32,-104,-170,-216,-233,-220,-191,-133,-67,-3,68,136,197,240,262,271,258,227,164,106,23,-81,-178,-258,-330,-384,-413,-408,-363,-286,-174,-36,117,264,406,520,599,625,591,509,373,197,-7,-224,-439,-619,-741,-821,-819,-740,-596,-406,-153,115,385,637,815,926,961,923,799,613,359,77,-215,-500,-734,-908,-1000,-1023,-945,-796,-590,-330,-40,255,524,750,925,1010,1022,949,806,593,339,58,-226,-495,-722,-873,-984,-1005,-942,-824,-630,-393,-125,160,427,657,837,946,992,965,854,672,446,187,-89,-340,-586,-784,-906,-972,-963,-869,-720,-520,-279,-18,248,486,-176,839,929,945,890,780,609,391,153,-103,-343,-574,-757,-891,-957,-953,-886,-749,-563,-319,-56,210,468,684,858,971,1010,968,852,687,449,192,-76,-347,-588,-788,-920,-1000,-1006,-943,-803,-604,-375,-116,154,416,644,842,983,1037,1034,952,807,596,329,40,-256,-533,-770,-960,-1074,-1115,-1077,-958,-755,-500,-205,106,408,681,913,1067,1143,1140,1033,859,620,329,31,-277,-569,-809,-978,-1077,-1103,-1043,-910,-702,-450,-176,118,392,645,840,970,1032,1024,931,782,582,326,61,-205,-459,-684,-852,-955,-984,-955,-845,-677,-462,-218,47,299,530,716,864,942,952,889,765,586,356,117,-145,-924,-1032
61535,mtk,MTK 7916,862819304,rx0-tx1,512,-686,673,469,-590,-687,-730,-703,-630,-511,-351,-167,15,210,380,521,614,671,675,630,537,407,252,85,-89,-244,-381,-504,-581,-616,-603,-554,-474,-358,-224,-72,78,226,361,471,552,593,609,572,495,388,258,114,-52,-216,-367,-506,-600,-653,-666,-634,-553,-424,-272,-86,103,284,450,591,679,729,724,656,544,391,212,12,-193,-388,-545,-664,-731,-747,-713,-613,-473,-303,-110,93,285,455,587,677,720,711,644,530,389,214,29,-164,-349,-502,-611,-675,-697,-665,-586,-465,-306,-127,54,230,392,522,614,664,663,618,524,398,243,74,-115,-286,-441,-560,-631,-667,-658,-590,-479,-329,-157,-38,217,384,515,618,672,672,617,520,378,210,36,-149,-326,-476,-591,-654,-675,-644,-553,-433,-271,-81,107,294,449,571,648,669,646,564,439,285,107,-84,-257,-408,-530,-599,-621,-608,-542,-429,-282,-122,48,209,354,467,533,571,561,501,401,277,138,-13,-152,-290,-387,-457,-494,-490,-450,-382,-281,-161,-45,76,195,295,376,430,449,435,387,313,204,87,-36,-166,-278,-362,-414,-429,-413,-366,-274,-171,-54,57,167,261,330,372,366,343,293,215,123,20,-88,-183,-255,-311,-327,-315,-281,-211,-127,-32,70,156,229,280,298,276,212,130,36,-63,-150,-202,-214,-191,-128,993,940,0,534,252,114,69,-11,-100,-172,-224,-242,-223,-180,-115,-35,51,136,197,244,259,251,212,163,93,15,-63,-137,-197,-240,-263,-251,-216,-168,-109,-40,36,98,152,191,217,214,190,169,130,83,44,-13,-51,-88,-116,-131,-147,-151,-147,-143,-134,-111,-85,-51,-10,35,76,127,171,194,209,214,197,158,105,63,-3,-77,-135,-185,-218,-233,-231,-223,-196,-153,-106,-43,12,74,135,183,226,248,263,264,236,201,147,70,-10,-89,-174,-242,-294,-334,-342,-326,-276,-203,-118,-22,76,165,247,314,361,375,364,319,246,169,73,-30,-132,-225,-305,-359,-398,-411,-378,-328,-249,-148,-48,77,183,284,360,421,452,443,408,344,248,139,4,-134,-260,-365,-455,-514,-533,-500,-428,-338,-207,-61,92,239,373,474,537,566,544,490,402,282,140,-13,-161,-299,-413,-498,-564,-574,-549,-489,-389,-262,-120,45,211,349,465,557,616,619,588,509,397,254,82,-93,-259,-414,-545,-634,-684,-682,-628,-530,-385,-216,-27,169,350,520,639,720,752,713,627,492,325,124,-91,-292,-475,-622,-729,-774,-760,-687,-556,-393,-207,4,206,397,561,672,738,748,702,609,476,304,109,-99,-295,-463,-603,-704,-744,-733,-669,-544,-395,-207,-1,195,380,540,656,720,741,692,597,452,352,594,9,-796,-941,-419,-250,-46,158,343,499,626,686,711,680,592,459,296,118,-68,-243,-396,-518,-595,-636,-626,-574,-499,-379,-230,-72,86,232,370,481,560,602,601,560,480,368,237,92,-60,-221,-357,-470,-555,-610,-625,-591,-523,-418,-271,-111,62,236,401,535,638,698,697,649,558,417,242,58,-147,-334,-498,-625,-709,-744,-723,-641,-512,-346,-158,38,244,426,575,676,737,739,688,582,431,256,62,-138,-330,-485,-604,-680,-707,-690,-616,-493,-338,-168,12,197,360,501,605,663,672,638,553,427,275,103,-81,-257,-416,-540,-626,-669,-662,-601,-505,-361,-200,-29,155,331,478,588,652,634,645,557,435,282,103,-83,-265,-427,-560,-642,-680,-669,-593,-476,-320,-146,34,223,388,521,629,670,667,606,501,360,185,1,-181,-357,-492,-596,-656,-659,-604,-512,-373,-203,-27,150,320,461,553,603,601,557,472,346,202,48,-114,-260,-380,-466,-521,-528,-504,-438,-339,-222,-89,49,176,292,388,440,460,460,421,347,248,133,5,-123,-241,-339,-406,-433,-440,-406,-335,-235,-125,-6,104,217,306,365,397,390,355,290,207,94,-18,-117,-215,-291,-340,-362,-347,-301,-228,-135,-23,68,159,238,289,315,304,257,189,100,-1,-103,-187,-238,-261,-250,-196,-112,-25,59,118,-141,-371,0,396,607,-136,-182,-210,-194,-150,-82,5,91,163,219,248,254,220,169,96,11,-74,-149,-204,-247,-257,-252,-224,-171,-106,-26,54,122,180,223,248,245,217,176,121,57,-10,-61,-105,-149,-168,-180,-178,-157,-139,-109,-86,-58,-22,12,47,83,115,141,166,178,179,170,155,115,65,11,-50,-115,-167,-196,-221,-245,-226,-198,-152,-100,-38,23,80,136,179,212,232,238,238,212,177,125,64,2,-76,-144,-201,-255,-292,-304,-300,-270,-209,-144,-59,32,131,216,289,337,361,356,322,266,191,96,-7,-108,-208,-282,-337,-381,-391,-370,-322,-252,-163,-68,48,157,253,338,393,-1135,420,389,332,247,148,23,-100,-215,-321,-405,-464,-493,-478,-428,-343,-236,-100,48,196,323,427,510,541,543,499,419,300,166,17,-134,-271,-399,-496,-555,-573,-549,-491,-391,-270,-119,41,185,327,445,531,583,603,567,493,389,260,100,-63,-224,-375,-501,-598,-647,-644,-601,-519,-395,-238,-63,123,300,459,591,681,724,702,637,520,360,185,-25,-229,-414,-575,-688,-763,-763,-709,-602,-452,-265,-57,154,355,526,650,737,765,733,653,513,343,153,-53,-255,-433,-577,-682,-739,-744,-687,-582,-438,-259,-61,138,336,508,632,723,741,715,638,513,337,145,-61,-261,-436,-585,-561,-301
61536,mtk,MTK 7916,862819304,rx1-tx0,512,0,207,-68,-477,-405,-302,-181,-42,108,253,379,487,571,610,591,544,463,338,185,12,-170,-351,-491,-613,-698,-726,-700,-626,-495,-325,-129,84,304,506,666,774,832,824,745,610,437,219,-36,-272,-489,-680,-809,-878,-891,-825,-692,-511,-295,-51,205,431,631,777,866,881,845,745,587,393,161,-74,-303,-505,-678,-797,-867,-863,-816,-690,-511,-315,-93,146,373,578,731,836,885,868,776,628,439,210,-39,-280,-494,-679,-800,-869,-875,-811,-682,-506,-298,-55,182,402,592,738,824,847,806,703,546,353,129,-99,-321,-504,-649,-741,-779,-749,-667,-537,-369,-177,24,215,389,518,612,658,-277,606,513,383,241,82,-79,-225,-352,-457,-520,-556,-548,-509,-436,-336,-212,-83,67,203,313,422,495,528,532,508,430,338,220,69,-71,-205,-332,-443,-517,-564,-563,-535,-472,-361,-237,-84,85,236,373,485,571,638,634,590,506,383,216,29,-165,-359,-509,-651,-747,-775,-736,-643,-493,-290,-62,175,407,609,764,851,855,804,669,469,223,-37,-296,-519,-687,-797,-830,-789,-682,-524,-326,-104,132,337,512,632,696,694,637,528,373,194,16,-163,-329,-463,-546,-578,-559,-500,-390,-253,-105,55,206,334,424,469,481,435,346,223,78,-69,-211,-321,-379,-392,-337,-234,-110,14,449,515,0,-796,-617,-23,-43,-58,-69,-68,-63,-51,-30,-6,20,50,73,85,91,95,86,66,47,22,-12,-39,-59,-93,-116,-122,-122,-117,-105,-76,-45,-17,29,58,100,134,162,180,182,180,152,108,65,4,-72,-139,-208,-259,-303,-319,-302,-261,-191,-105,5,120,231,335,420,456,453,398,317,204,59,-91,-246,-371,-472,-525,-538,-503,-414,-286,-134,35,202,340,454,530,555,541,484,367,227,73,-91,-236,-369,-455,-502,-521,-475,-402,-299,-172,-43,96,210,305,372,408,405,379,331,258,167,83,-5,-94,-172,-230,-275,-308,-333,-338,-301,-254,-206,-129,-46,39,124,218,291,348,489,388,373,330,250,157,41,-81,-185,-286,-376,-433,-451,-441,-404,-329,-223,-105,26,161,277,375,449,494,496,465,401,297,165,37,-96,-230,-352,-440,-503,-519,-510,-454,-366,-252,-117,15,152,290,390,464,514,518,492,425,339,221,84,-49,-174,-297,-402,-475,-511,-522,-491,-434,-354,-239,-106,41,182,317,430,522,575,583,562,496,384,248,81,-100,-273,-429,-551,-637,-671,-651,-583,-464,-308,-125,66,253,417,545,624,655,636,565,451,314,148,-21,-180,-319,-430,-513,-555,-556,-519,-440,-349,-229,-103,32,162,274,371,445,483,486,467,423,343,239,127,6,-122,-245,-27,-441,0,482,520,234,350,447,512,550,553,513,431,325,184,25,-133,-269,-417,-540,-629,-669,-660,-590,-479,-346,-170,29,221,416,583,704,767,778,734,631,470,272,51,-187,-410,-599,-741,-848,-876,-836,-744,-581,-362,-133,116,361,573,742,855,911,884,788,640,440,209,-30,-262,-485,-657,-792,-865,-873,-820,-710,-556,-358,-132,99,326,540,699,814,878,876,802,665,481,266,29,-215,-445,-629,-771,-857,-882,-836,-736,-576,-372,-151,94,332,545,705,824,878,854,772,633,445,217,-17,-251,-458,-627,-751,-813,-805,-738,-610,-448,-255,-42,174,366,525,642,708,724,687,587,451,291,114,315,-232,-390,-501,-580,-621,-603,-546,-460,-343,-211,-69,71,207,333,433,497,534,542,498,437,340,211,76,-55,-198,-323,-420,-507,-550,-541,-513,-447,-346,-215,-71,77,209,341,444,524,581,595,554,482,365,237,73,-110,-267,-422,-558,-663,-708,-704,-633,-520,-371,-170,51,268,468,647,765,826,812,733,590,393,149,-100,-340,-563,-735,-837,-867,-818,-690,-514,-289,-35,211,432,607,722,780,764,674,538,352,151,-59,-257,-423,-548,-615,-631,-596,-514,-379,-230,-59,102,255,381,463,511,514,466,375,251,117,-32,-183,-306,-394,-443,-438,-386,-275,-140,8,150,248,297,295,-251,25,0,-101,-510,-53,-46,-29,-6,24,44,66,79,86,88,78,58,30,5,-23,-54,-73,-87,-105,-112,-98,-93,-74,-40,-2,29,58,85,116,129,147,149,137,128,97,64,16,-34,-91,-147,-184,-212,-241,-245,-227,-186,-124,-50,45,132,220,292,352,382,378,332,261,149,17,-118,-249,-359,-452,-495,-500,-455,-372,-254,-108,54,217,367,475,538,562,523,446,329,176,19,-134,-293,-423,-505,-546,-530,-479,-387,-260,-130,26,177,289,390,443,473,450,396,313,213,95,-17,-117,-207,-278,-324,-345,-357,-338,-289,-232,-170,-104,-32,58,141,201,263,315,342,348,339,298,230,145,-571,-53,-148,-247,-331,-393,-430,-429,-393,-336,-244,-126,-5,111,233,338,423,474,488,459,396,312,207,73,-70,-199,-317,-417,-479,-507,-504,-463,-382,-274,-145,-6,134,273,380,465,512,522,508,441,344,233,101,-40,-176,-298,-401,-478,-517,-511,-489,-435,-338,-216,-88,44,180,296,406,490,542,557,531,474,376,258,107,-51,-209,-366,-487,-575,-631,-633,-584,-495,-361,-203,-14,173,352,502,612,665,670,619,524,384,215,38,-143,-308,-441,-540,-599,-603,-567,-492,-390,-261,-109,39,187,306,402,474,506,509,474,413,335,224,105,-21,-136,-248,-350,-421,-468,-485,-474,-432,783,659
61537,mtk,MTK 7916,862819304,rx1-tx1,512,0,0,0,252,530,677,647,457,151,-191,-492,-671,-681,-523,-238,105,419,623,668,551,293,-34,-340,-551,-623,-534,-306,-7,280,495,571,492,283,3,-276,-467,-533,-461,-258,11,272,464,527,446,243,-30,-292,-482,-539,-445,-234,37,307,511,574,483,266,-32,-325,-531,-608,-528,-306,-5,304,539,635,564,353,55,-260,-515,-639,-599,-401,-104,208,471,610,594,423,135,-179,-448,-599,-590,-434,-163,157,436,599,609,473,209,-111,-404,-596,-633,-516,-274,38,335,556,625,539,323,28,-266,-488,-595,-553,-369,-98,193,429,554,542,398,158,-106,-337,-488,-505,-405,-210,32,252,397,0,369,211,12,-176,-303,-340,-280,-147,14,166,258,273,211,77,-83,-209,-276,-266,-181,-33,135,265,330,301,183,2,-187,-341,-407,-364,-222,-20,205,387,470,439,300,73,-194,-426,-553,-547,-396,-151,138,410,586,622,506,264,-59,-368,-587,-672,-601,-387,-67,289,569,712,694,501,189,-170,-508,-728,-773,-635,-345,23,389,672,802,741,512,171,-218,-551,-752,-785,-648,-363,-1,355,627,748,700,494,184,-160,-458,-638,-675,-565,-330,-33,263,483,590,571,429,190,-81,-316,-470,-515,-458,-308,-89,134,315,428,451,382,236,59,-115,-260,-344,-363,-328,-245,-129,-16,76,0,0,0,0,0,-313,-313,-271,-177,-30,149,324,458,518,487,357,145,-112,-353,-537,-626,-587,-418,-152,154,440,637,699,613,393,69,-267,-542,-712,-725,-566,-276,92,441,688,781,687,420,49,-337,-649,-813,-779,-554,-188,235,608,838,878,706,361,-78,-516,-836,-959,-854,-534,-87,390,775,972,939,680,255,-232,-665,-937,-981,-787,-402,92,560,884,984,836,499,33,-448,-808,-974,-901,-584,-110,376,761,968,938,663,209,-299,-730,-980,-990,-745,-306,216,693,1006,1063,854,432,-114,-645,-1017,-1138,-986,-597,-44,538,992,1208,1135,784,250,-350,-886,-1211,-1232,-952,-456,149,733,1126,1238,1061,0,23,-567,-1015,-1219,-1112,-729,-174,427,908,1163,1133,809,280,-309,-830,-1137,-1157,-887,-394,211,766,1130,1203,976,507,-91,-676,-1089,-1232,-1070,-642,-51,558,1025,1232,1139,769,196,-421,-924,-1207,-1181,-862,-335,278,805,1131,1172,908,434,-143,-681,-1028,-1111,-915,-482,67,586,954,1068,897,501,-27,-549,-912,-1052,-924,-543,-22,497,891,1065,973,625,113,-424,-848,-1059,-1009,-703,-229,296,755,1026,1031,772,337,-169,-626,-934,-1006,-820,-441,37,492,813,926,810,496,70,-358,-678,-815,-746,-496,-126,266,569,712,661,444,123,-225,-505,-644,-606,-405,-98,233,490,615,573,377,82,-238,0,0,0,0,0,-617,-422,-109,234,521,685,683,506,200,-149,-456,-647,-680,-540,-273,58,367,582,651,547,306,-8,-307,-519,-593,-505,-289,-8,280,485,552,472,272,-6,-275,-464,-531,-453,-254,13,280,467,534,448,233,-35,-301,-496,-553,-458,-238,48,326,519,585,506,288,-18,-317,-543,-632,-554,-330,-28,288,530,636,580,378,79,-242,-494,-625,-596,-412,-122,200,464,600,589,432,159,-164,-446,-608,-609,-451,-181,139,416,590,621,496,246,-70,-372,-574,-630,-526,-298,4,307,523,614,552,349,66,-218,-452,-578,-550,-385,-132,148,388,519,530,413,192,-65,-292,-440,-470,-385,-218,0,211,348,388,330,187,5,-163,-278,-303,-241,-116,47,184,258,260,185,51,-104,-234,-295,-274,-164,-5,162,307,373,330,191,-2,-210,-373,-445,-405,-257,-31,202,402,514,500,360,111,-170,-412,-572,-589,-455,-199,106,396,601,658,557,322,0,-327,-581,-700,-652,-442,-115,251,557,730,733,569,265,-106,-461,-708,-793,-691,-427,-66,308,620,794,782,591,270,-108,-458,-694,-772,-677,-431,-93,253,539,701,698,543,266,-62,-356,-569,-647,-578,-385,-117,166,399,535,553,448,252,7,-235,-406,-482,-459,-339,-162,36,221,357,416,393,301,165,13,-126,-230,-287,-287,-238,0,0,0,0,0,10,-117,-244,-356,-421,-425,-350,-196,15,238,433,557,576,485,291,25,-262,-502,-648,-661,-529,-280,35,353,600,715,672,476,171,-180,-502,-711,-754,-625,-340,32,393,664,795,733,483,118,-289,-641,-835,-830,-627,-274,155,567,853,931,782,451,2,-450,-804,-972,-903,-614,-174,312,723,958,967,742,326,-168,-612,-909,-987,-822,-448,27,500,847,983,874,544,78,-407,-790,-972,-910,-616,-163,335,751,979,955,697,261,-256,-715,-990,-1018,-793,-361,172,669,1008,1104,919,495,-51,-601,-1010,-1183,-1082,-709,-139,460,951,1213,1187,882,360,-260,-811,-1168,-1243,-1013,-543,61,656,0,1229,1086,679,108,-485,-958,-1195,-1131,-780,-240,361,866,1158,1151,848,336,-264,-802,-1129,-1171,-924,-447,158,724,1107,1219,1021,567,-28,-623,-1062,-1233,-1104,-703,-115,500,987,1224,1159,811,267,-341,-866,-1163,-1171,-894,-392,203,734,1080,1144,916,460,-100,-631,-990,-1083,-898,-492,45,569,939,1056,905,510,-18,-530,-908,-1060,-935,-572,-63,465,873,1059,980,654,172,-361,-814,-1058,-1029,-742,-281,239,699,985,1029,817,405,-91,-563,-884,-965,-811,-479,-29,417,744,875,782,496,101,-301,-616,-765,-708,-473,-127,234,526,666,626,419,106,-225,-496,-629,-587,-388,-82,235,497,627,584,0,0
61538,mtk,MTK 7916,862819304,rx2-tx0,512,0,0,0,668,1036,1156,981,540,-53,-644,-1083,-1258,-1122,-701,-96,545,1058,1308,1235,855,255,-423,-991,-1306,-1306,-973,-386,293,899,1281,1335,1048,500,-174,-804,-1229,-1338,-1103,-586,71,708,1163,1317,1131,653,2,-645,-1123,-1309,-1157,-705,-79,567,1071,1296,1186,772,153,-499,-1010,-1262,-1191,-807,-220,419,942,1214,1159,808,252,-362,-881,-1161,-1131,-805,-266,336,843,1117,1088,770,246,-337,-834,-1103,-1074,-760,-242,349,853,1130,1105,777,238,-369,-888,-1185,-1168,-841,-295,340,893,1225,1243,943,399,-264,-870,-1256,-1321,-1051,-518,157,798,1236,1366,1159,655,-18,-694,-1191,-1385,-1241,-791,-138,557,1110,1377,0,904,285,-409,-997,-1332,-1328,-989,-395,289,893,1272,1331,1054,506,-179,-815,-1244,-1358,-1125,-608,72,739,1219,1392,1219,738,61,-645,-1182,-1425,-1320,-885,-225,497,1100,1431,1408,1032,397,-332,-982,-1389,-1457,-1165,-584,154,855,1337,1491,1288,769,59,-672,-1228,-1478,-1370,-924,-256,466,1068,1408,1409,1060,447,-267,-911,-1329,-1417,-1167,-631,47,705,1199,1401,1264,825,185,-482,-1026,-1334,-1325,-1003,-451,196,783,1165,1281,1113,684,109,-465,-924,-1152,-1107,-826,-366,165,633,946,1038,887,550,108,-339,-691,-879,-870,-678,-349,40,406,665,775,734,549,271,-38,-320,-525,-618,-599,-483,-309,-121,56,0,0,0,0,0,-186,-344,-478,-549,-527,-406,-194,78,368,612,745,736,578,287,-78,-440,-726,-868,-821,-591,-212,220,621,900,977,832,493,33,-456,-859,-1072,-1034,-748,-286,259,766,1108,1184,977,542,-28,-617,-1073,-1275,-1172,-789,-218,420,969,1295,1318,1019,476,-188,-827,-1272,-1405,-1207,-719,-56,631,1164,1415,1324,921,293,-404,-1005,-1356,-1370,-1063,-509,168,797,1212,1335,1133,642,3,-628,-1091,-1268,-1128,-712,-127,479,954,1179,1100,742,197,-388,-860,-1104,-1060,-740,-224,340,814,1073,1050,748,246,-319,-804,-1087,-1092,-803,-305,280,802,1121,1157,891,396,-215,-777,-1146,-1232,-1013,-519,115,713,1138,1284,0,648,19,-615,-1102,-1309,-1182,-751,-132,529,1059,1317,1240,848,237,-450,-1024,-1335,-1310,-948,-336,369,981,1350,1383,1065,471,-244,-916,-1355,-1454,-1189,-621,109,808,1305,1483,1286,761,43,-687,-1238,-1479,-1350,-888,-200,533,1129,1422,1353,946,303,-403,-1000,-1337,-1325,-976,-386,300,898,1250,1274,973,423,-230,-814,-1183,-1244,-980,-466,165,743,1117,1203,973,490,-107,-662,-1044,-1153,-961,-522,41,585,966,1086,922,525,0,-509,-874,-1004,-867,-505,-17,462,807,928,791,447,-11,-457,-765,-865,-733,-390,56,483,778,859,701,345,-104,-535,-824,-887,-711,-338,133,578,878,950,758,361,-142,-630,0,0,0,0,0,-899,-464,110,668,1074,1219,1055,619,19,-597,-1075,-1296,-1189,-776,-168,481,1022,1313,1276,912,317,-357,-942,-1294,-1319,-1010,-446,229,850,1254,1338,1078,549,-123,-760,-1203,-1338,-1118,-617,30,671,1141,1316,1141,672,38,-608,-1102,-1310,-1178,-741,-117,538,1048,1282,1188,786,182,-462,-979,-1245,-1187,-813,-238,390,910,1189,1152,815,269,-344,-850,-1126,-1102,-779,-260,329,833,1099,1073,761,239,-353,-843,-1110,-1085,-766,-234,364,871,1151,1128,805,265,-356,-888,-1200,-1205,-890,-336,310,883,1236,1282,998,453,-218,-845,-1260,-1360,-1118,-587,91,744,1222,1395,1215,735,65,-625,-1153,-1384,-1273,-850,-205,0,1046,1351,1315,946,341,-355,-960,-1310,-1331,-1016,-444,237,861,1262,1342,1091,559,-121,-768,-1225,-1375,-1174,-671,4,685,1200,1407,1263,803,135,-570,-1143,-1440,-1368,-950,-303,423,1053,1433,1457,1110,492,-241,-919,-1373,-1488,-1242,-682,42,753,1277,1485,1327,844,161,-555,-1152,-1461,-1391,-993,-357,370,997,1376,1414,1108,542,-162,-817,-1271,-1419,-1217,-728,-66,608,1132,1380,1295,911,320,-343,-914,-1268,-1322,-1068,-577,38,626,1051,1234,1125,762,246,-310,-780,-1056,-1087,-868,-464,24,487,824,962,892,632,236,-197,-560,-785,-837,-715,-454,-107,239,518,682,709,607,410,160,-95,-297,-425,-466,-424,0,0,0,0,0,382,314,179,-21,-253,-471,-625,-674,-597,-402,-106,235,542,756,823,716,446,74,-334,-689,-898,-914,-719,-358,98,544,883,1027,935,626,153,-372,-820,-1092,-1110,-866,-414,150,694,1092,1241,1085,675,93,-525,-1025,-1289,-1255,-913,-340,315,904,1290,1367,1120,608,-64,-728,-1219,-1422,-1281,-831,-179,520,1083,1383,1358,1001,407,-287,-906,-1288,-1355,-1099,-580,81,713,1154,1304,1132,686,76,-547,-1020,-1218,-1111,-724,-165,425,899,1140,1082,745,217,-364,-841,-1088,-1051,-741,-245,319,799,1074,1062,768,269,-304,-803,-1108,-1126,-843,-336,262,798,1137,1193,947,450,-167,-749,-1151,-1267,-1062,-586,43,0,1123,1293,1139,700,75,-569,-1080,-1319,-1214,-804,-189,484,1040,1328,1278,902,289,-409,-1007,-1348,-1351,-1010,-409,303,943,1356,1420,1123,546,-180,-869,-1339,-1469,-1233,-685,33,748,1280,1489,1324,825,120,-612,-1181,-1451,-1359,-921,-256,463,1058,1380,1345,966,351,-347,-948,-1295,-1307,-980,-410,259,855,1220,1262,979,447,-196,-783,-1155,-1221,-976,-481,131,695,1071,1170,967,513,-68,-620,-1004,-1121,-942,-527,14,546,927,1054,904,523,20,-482,-837,-960,-830,-485,-11,455,781,887,754,418,-27,-459,-763,-855,-709,-368,78,504,793,865,701,342,-123,-561,-850,-917,-734,-349,144,609,925,993,790,0,0
61539,mtk,MTK 7916,862819304,rx2-tx1,512,0,0,0,-1097,-1024,-686,-173,391,866,1128,1105,815,327,-256,-779,-1100,-1146,-917,-457,115,653,1022,1129,947,538,-1,-540,-928,-1075,-953,-589,-77,443,840,1011,917,581,98,-395,-781,-953,-867,-555,-101,384,768,928,835,521,58,-433,-809,-965,-868,-537,-48,466,861,1032,932,582,74,-462,-890,-1091,-1006,-660,-134,437,898,1128,1070,733,190,-401,-897,-1167,-1135,-802,-258,357,896,1216,1223,910,349,-309,-898,-1269,-1325,-1050,-509,167,813,1266,1411,1213,719,35,-663,-1192,-1432,-1319,-881,-234,470,1057,1383,1372,1032,439,-256,-882,-1280,-1366,-1127,-620,30,658,1113,1291,1153,748,175,-421,-907,-1153,-1107,0,-306,235,702,967,974,744,340,-131,-549,-807,-839,-655,-310,105,486,721,753,581,256,-128,-470,-678,-697,-526,-203,172,495,684,681,484,150,-235,-569,-751,-721,-501,-132,306,680,882,858,603,180,-310,-745,-1011,-1043,-815,-369,199,737,1103,1210,1029,586,0,-603,-1083,-1313,-1224,-841,-253,409,985,1329,1370,1094,547,-130,-776,-1244,-1434,-1296,-856,-222,460,1036,1370,1397,1108,578,-67,-693,-1144,-1326,-1214,-842,-296,295,800,1111,1158,942,534,32,-460,-825,-980,-921,-659,-262,170,541,781,835,697,416,71,-277,-553,-702,-696,-546,-302,-18,260,468,573,576,479,308,112,-74,-213,-295,0,0,0,0,0,398,458,447,355,190,-30,-263,-458,-583,-605,-503,-306,-40,246,483,617,618,491,255,-43,-333,-552,-649,-598,-404,-109,205,473,641,656,507,235,-102,-428,-654,-718,-612,-361,-8,359,639,767,715,491,134,-258,-590,-793,-804,-617,-276,132,509,769,844,709,401,-9,-415,-717,-857,-783,-500,-90,327,667,846,813,577,195,-233,-603,-825,-839,-644,-299,122,521,773,828,676,358,-52,-452,-728,-816,-700,-405,2,404,699,822,731,443,44,-363,-689,-840,-770,-510,-126,294,655,851,824,595,224,-216,-609,-836,-851,-663,-309,126,522,791,861,710,371,-61,-466,-754,-860,-751,-444,0,411,721,852,776,506,109,-320,-658,-828,-794,-557,-172,251,597,787,772,549,184,-227,-578,-774,-759,-538,-169,243,600,799,788,575,197,-238,-617,-854,-862,-635,-254,195,610,873,917,725,343,-132,-567,-856,-928,-769,-415,51,504,819,919,780,432,-23,-463,-790,-910,-782,-448,8,460,793,919,793,457,-1,-460,-802,-930,-819,-490,-25,451,810,957,861,539,63,-439,-835,-1013,-924,-604,-129,397,824,1043,1001,706,229,-320,-782,-1043,-1043,-782,-316,226,698,997,1049,824,389,-128,-616,-950,-1032,-847,-449,68,563,898,1006,854,476,-24,-516,-880,-1015,-888,-521,-9,503,885,1043,0,0,0,0,0,127,-433,-892,-1125,-1074,-757,-251,322,826,1122,1136,866,385,-190,-717,-1066,-1143,-935,-500,53,589,983,1111,957,572,49,-481,-878,-1040,-932,-589,-101,398,790,980,892,569,107,-383,-767,-937,-846,-528,-71,412,781,940,847,526,51,-453,-839,-1002,-902,-558,-60,462,875,1060,963,619,103,-454,-895,-1112,-1046,-694,-157,425,904,1151,1099,754,215,-386,-899,-1192,-1171,-844,-298,344,909,1249,1279,984,427,-248,-864,-1272,-1383,-1147,-615,76,751,1247,1441,1281,805,135,-567,-1131,-1416,-1358,-962,-334,364,968,1334,1374,1084,532,-143,-771,-1203,-1337,-1152,-697,-81,542,1011,1229,1141,777,246,-332,0,-1056,-1053,-785,-339,172,614,885,915,705,330,-108,-505,-759,-798,-618,-281,118,471,693,715,538,223,-150,-475,-674,-691,-502,-176,195,523,707,693,492,137,-271,-625,-813,-784,-540,-137,323,718,949,945,698,261,-274,-762,-1078,-1144,-921,-464,118,686,1109,1273,1127,711,123,-513,-1042,-1324,-1297,-963,-399,271,888,1305,1416,1198,703,42,-636,-1164,-1423,-1368,-998,-399,275,879,1279,1386,1190,735,127,-490,-978,-1229,-1202,-913,-431,124,620,953,1070,942,608,162,-294,-668,-876,-879,-685,-350,42,406,664,769,701,489,186,-138,-424,-612,-663,-587,-412,-173,75,288,431,483,452,362,234,0,0,0,0,0,-129,35,214,383,506,560,517,375,151,-107,-353,-543,-627,-586,-426,-168,136,404,588,641,553,342,43,-270,-516,-647,-628,-458,-174,156,453,649,684,551,290,-58,-401,-648,-744,-669,-423,-65,319,626,783,758,553,208,-192,-560,-794,-830,-660,-338,68,470,756,849,737,447,40,-376,-698,-846,-789,-537,-152,276,631,834,833,616,250,-173,-550,-795,-835,-663,-320,95,473,740,825,687,376,-27,-423,-704,-809,-705,-415,-19,384,692,828,747,472,88,-330,-673,-848,-808,-558,-169,261,632,843,841,633,258,-176,-555,-802,-852,-688,-343,88,496,777,862,721,393,-22,-439,-757,0,-767,-474,-63,363,701,853,790,534,145,-276,-628,-809,-781,-562,-194,225,577,774,757,534,179,-233,-589,-778,-756,-548,-185,250,620,825,828,613,223,-220,-617,-866,-895,-692,-301,171,591,863,926,749,376,-92,-537,-835,-924,-780,-428,38,492,812,917,778,434,-12,-458,-789,-903,-781,-451,-2,452,791,924,806,470,11,-455,-807,-959,-850,-508,-35,441,816,987,897,571,95,-415,-827,-1025,-957,-647,-169,358,800,1046,1027,738,264,-275,-753,-1032,-1046,-803,-362,170,660,975,1037,837,428,-93,-589,-928,-1014,-841,-462,43,537,886,1009,872,502,-1,-507,-888,-1034,-910,-548,-40,0,0
61540,mtk,MTK 7916,862828574,rx0-tx0,512,0,0,0,0,0,0,0,0,0,0,0,0,0,0,0,0,0,0,0,0,0,0,0,0,0,0,0,0,0,0,0,0,0,0,0,0,0,0,0,0,0,0,0,0,0,0,0,0,0,0,0,0,0,0,0,0,0,0,0,0,0,0,0,0,0,0,0,0,0,0,0,0,0,0,0,0,0,0,0,0,0,0,0,0,0,0,0,0,0,0,0,0,0,0,0,0,0,0,0,0,0,0,0,0,0,0,0,0,0,0,0,0,0,0,0,0,0,0,0,0,0,0,0,0,0,0,0,0,0,0,0,0,0,0,0,0,0,0,0,0,0,0,0,0,0,0,0,0,0,0,0,0,0,0,0,0,0,0,0,0,0,0,0,0,0,0,0,0,0,0,0,0,0,0,0,0,0,0,0,0,0,0,0,0,0,0,0,0,0,0,0,0,0,0,0,0,0,0,0,0,0,0,0,0,0,0,0,0,0,0,0,0,0,0,0,0,0,0,0,0,0,0,0,0,0,0,0,0,0,0,0,0,0,0,0,0,0,0,0,0,0,0,0,0,0,0,0,0,0,0,0,0,0,0,0,0,-26,-289,-134,-200,-323,-395,-390,-316,-187,-23,140,286,410,502,540,536,493,401,272,120,-56,-235,-411,-566,-689,-763,-781,-742,-635,-482,-272,-38,209,447,662,846,969,1024,998,904,753,544,289,0,-280,-544,-773,-959,-1091,-1143,-1118,-1039,-891,-682,-425,-154,120,385,643,854,1014,1117,1147,1126,1053,911,704,475,212,-60,-317,-574,-805,-989,-1119,-1190,-1194,-1137,-1012,-832,-607,-347,-61,219,499,750,957,1118,1218,1239,1203,1091,922,706,434,157,-135,-408,-657,-863,-1026,-1133,-1172,-1142,-1054,-926,-745,-521,-282,-31,212,445,651,816,943,1030,1055,1023,953,837,676,494,289,61,-166,-384,-591,-775,-330,-1015,-1056,-1053,-992,-890,-741,-555,-329,-95,157,404,629,829,984,1098,1151,1136,1082,965,784,567,324,58,-225,-502,-761,-983,-1136,-1244,-1293,-1262,-1158,-1000,-774,-506,-202,126,432,724,979,1177,1313,1361,1329,1236,1074,845,568,258,-64,-376,-669,-922,-1110,-1239,-1305,-1303,-1221,-1074,-853,-594,-308,-13,291,580,820,1014,1147,1224,1232,1149,1025,829,579,303,14,-273,-546,-785,-970,-1092,-1154,-1140,-1056,-912,-708,-465,-203,86,361,608,816,966,1051,1061,1004,886,700,476,223,-46,-302,-530,-720,-855,-931,-932,-875,-758,-581,-364,-125,134,378,602,785,892,928,866,699,447,121,-223,-518,-671,-591,-526,0,0,0,0,0,0,0,0,0,0,0,0,0,0,0,0,0,0,0,0,0,0,0,0,0,0,0,0,0,0,0,0,0,0,0,0,0,0,0,0,0,0,0,0,0,0,0,0,0,0,0,0,0,0,0,0,0,0,0,0,0,0,0,0,0,0,0,0,0,0,0,0,0,0,0,0,0,0,0,0,0,0,0,0,0,0,0,0,0,0,0,0,0,0,0,0,0,0,0,0,0,0,0,0,0,0,0,0,0,0,0,0,0,0,0,0,0,0,0,0,0,0,0,0,0,0,0,0,0,0,0,0,0,0,0,0,0,0,0,0,0,0,0,0,0,0,0,0,0,0,0,0,0,0,0,0,0,0,0,0,0,0,0,0,0,0,0,0,0,0,0,0,0,0,0,0,0,0,0,0,0,0,0,0,0,0,0,0,0,0,0,0,0,0,0,0,0,0,0,0,0,0,0,0,0,0,0,0,0,0,0,0,0,0,0,0,0,0,0,0,0,0,0,0,0,0,0,0,0,0,0,0,0,0,0,0,0,0,0,0,0,0,0,0,0,0,0,0,0,0,0,0,0,0,0,0,628,548,606,-239,-155,-4,165,315,426,478,472,413,311,177,16,-134,-291,-437,-541,-619,-650,-630,-563,-440,-282,-83,124,343,548,719,852,908,907,834,701,516,276,11,-260,-526,-754,-935,-1064,-1105,-1075,-976,-804,-594,-338,-51,229,489,736,934,1070,1137,1136,1084,964,781,556,291,22,-240,-493,-737,-928,-1063,-1157,-1173,-1137,-1041,-876,-660,-414,-148,138,412,667,877,1043,1165,1220,1204,1128,974,774,538,257,-34,-314,-587,-816,-1018,-1150,-1217,-1213,-1142,-1016,-830,-609,-350,-70,206,452,668,857,992,1074,1101,1072,988,858,685,491,268,24,-201,-418,-617,-779,-906,-993,-1035,-1019,-960,-854,-708,-82,-313,-82,154,386,596,780,936,1043,1098,1104,1042,930,773,573,334,72,-189,-439,-683,-896,-1055,-1161,-1222,-1211,-1138,-1005,-795,-555,-282,16,322,601,857,1082,1241,1340,1344,1278,1141,940,688,384,61,-255,-550,-828,-1059,-1235,-1325,-1343,-1286,-1159,-963,-712,-435,-133,177,474,742,968,1138,1238,1271,1230,1114,940,721,461,175,-133,-417,-668,-899,-1071,-1169,-1200,-1161,-1053,-880,-656,-403,-124,165,434,680,883,1021,1105,1116,1048,915,726,491,228,-48,-312,-561,-765,-906,-993,-1008,-950,-829,-655,-434,-185,70,311,526,706,831,904,906,827,689,477,223,-59,-358,-621,-819,-918,-872,-682,-427,169,319
61541,mtk,MTK 7916,862828574,rx0-tx1,512,0,0,0,0,0,0,0,0,0,0,0,0,0,0,0,0,0,0,0,0,0,0,0,0,0,0,0,0,0,0,0,0,0,0,0,0,0,0,0,0,0,0,0,0,0,0,0,0,0,0,0,0,0,0,0,0,0,0,0,0,0,0,0,0,0,0,0,0,0,0,0,0,0,0,0,0,0,0,0,0,0,0,0,0,0,0,0,0,0,0,0,0,0,0,0,0,0,0,0,0,0,0,0,0,0,0,0,0,0,0,0,0,0,0,0,0,0,0,0,0,0,0,0,0,0,0,0,0,0,0,0,0,0,0,0,0,0,0,0,0,0,0,0,0,0,0,0,0,0,0,0,0,0,0,0,0,0,0,0,0,0,0,0,0,0,0,0,0,0,0,0,0,0,0,0,0,0,0,0,0,0,0,0,0,0,0,0,0,0,0,0,0,0,0,0,0,0,0,0,0,0,0,0,0,0,0,0,0,0,0,0,0,0,0,0,0,0,0,0,0,0,0,0,0,0,0,0,0,0,0,0,0,0,0,0,0,0,0,0,0,0,0,0,0,0,0,0,0,0,0,0,0,0,0,0,0,301,-449,-205,299,251,119,-70,-254,-412,-511,-541,-499,-407,-274,-105,79,270,446,586,690,732,701,617,473,286,53,-197,-439,-647,-799,-897,-915,-861,-731,-557,-330,-84,167,405,606,764,869,924,905,828,708,534,345,143,-85,-280,-468,-639,-764,-848,-890,-870,-810,-706,-552,-377,-166,66,279,471,642,783,885,931,913,858,753,595,407,198,-16,-250,-462,-643,-779,-862,-910,-915,-866,-756,-603,-427,-232,-20,176,366,536,670,784,841,845,809,744,633,480,313,130,-53,-231,-388,-528,-637,-725,-777,-785,-750,-679,-565,-432,-280,-110,65,241,408,535,645,733,778,791,755,674,561,414,510,64,-126,-309,-475,-619,-725,-788,-826,-818,-747,-636,-499,-325,-142,51,240,417,563,689,771,815,816,774,681,546,394,195,-5,-192,-372,-527,-655,-746,-797,-792,-760,-671,-540,-390,-231,-47,138,317,458,572,670,721,746,718,643,524,376,218,53,-108,-269,-421,-530,-605,-643,-636,-599,-536,-430,-299,-153,-13,127,262,362,433,493,509,487,451,384,303,211,103,-2,-105,-202,-277,-331,-364,-372,-368,-329,-271,-200,-125,-38,51,116,189,235,259,268,254,232,190,143,89,44,-12,-63,-105,-138,-164,-173,-175,-170,-152,-117,-79,-37,6,37,63,99,124,128,116,98,75,-928,-819,0,0,0,0,0,0,0,0,0,0,0,0,0,0,0,0,0,0,0,0,0,0,0,0,0,0,0,0,0,0,0,0,0,0,0,0,0,0,0,0,0,0,0,0,0,0,0,0,0,0,0,0,0,0,0,0,0,0,0,0,0,0,0,0,0,0,0,0,0,0,0,0,0,0,0,0,0,0,0,0,0,0,0,0,0,0,0,0,0,0,0,0,0,0,0,0,0,0,0,0,0,0,0,0,0,0,0,0,0,0,0,0,0,0,0,0,0,0,0,0,0,0,0,0,0,0,0,0,0,0,0,0,0,0,0,0,0,0,0,0,0,0,0,0,0,0,0,0,0,0,0,0,0,0,0,0,0,0,0,0,0,0,0,0,0,0,0,0,0,0,0,0,0,0,0,0,0,0,0,0,0,0,0,0,0,0,0,0,0,0,0,0,0,0,0,0,0,0,0,0,0,0,0,0,0,0,0,0,0,0,0,0,0,0,0,0,0,0,0,0,0,0,0,0,0,0,0,0,0,0,0,0,0,0,0,0,0,0,0,0,0,0,0,0,0,0,0,0,0,0,0,0,0,0,0,0,-176,839,929,-131,-289,-414,-460,-416,-304,-139,52,239,395,523,593,621,584,494,352,176,-41,-262,-465,-635,-763,-837,-831,-757,-602,-404,-168,94,350,567,742,867,926,925,833,690,508,298,69,-162,-376,-567,-717,-817,-877,-883,-831,-753,-616,-438,-249,-40,167,363,558,710,820,897,917,879,799,669,493,293,70,-147,-353,-560,-728,-837,-904,-931,-911,-827,-692,-516,-322,-118,97,314,508,668,789,871,893,862,795,679,540,367,171,-16,-203,-377,-546,-671,-747,-806,-808,-770,-697,-584,-451,-290,-117,63,237,396,535,640,721,762,775,751,671,558,424,270,94,-79,-254,-413,-559,-684,-82,-820,-809,-753,-668,-543,-381,-206,-14,182,371,524,655,758,809,825,794,712,595,441,263,80,-111,-299,-483,-620,-728,-805,-824,-802,-733,-622,-475,-308,-117,71,252,429,569,668,740,774,758,695,586,467,314,139,-36,-210,-370,-508,-615,-679,-694,-677,-628,-541,-413,-276,-117,51,195,335,450,532,576,586,563,499,402,300,183,49,-68,-173,-266,-339,-402,-434,-432,-408,-363,-296,-213,-120,-33,51,146,221,284,318,335,317,289,246,180,108,27,-33,-92,-137,-178,-199,-214,-213,-188,-156,-121,-82,-35,8,42,83,112,128,144,134,117,103,83,48,10,-27,-59,-83,248,486
61542,mtk,MTK 7916,862828574,rx1-tx0,512,0,0,0,0,0,0,0,0,0,0,0,0,0,0,0,0,0,0,0,0,0,0,0,0,0,0,0,0,0,0,0,0,0,0,0,0,0,0,0,0,0,0,0,0,0,0,0,0,0,0,0,0,0,0,0,0,0,0,0,0,0,0,0,0,0,0,0,0,0,0,0,0,0,0,0,0,0,0,0,0,0,0,0,0,0,0,0,0,0,0,0,0,0,0,0,0,0,0,0,0,0,0,0,0,0,0,0,0,0,0,0,0,0,0,0,0,0,0,0,0,0,0,0,0,0,0,0,0,0,0,0,0,0,0,0,0,0,0,0,0,0,0,0,0,0,0,0,0,0,0,0,0,0,0,0,0,0,0,0,0,0,0,0,0,0,0,0,0,0,0,0,0,0,0,0,0,0,0,0,0,0,0,0,0,0,0,0,0,0,0,0,0,0,0,0,0,0,0,0,0,0,0,0,0,0,0,0,0,0,0,0,0,0,0,0,0,0,0,0,0,0,0,0,0,0,0,0,0,0,0,0,0,0,0,0,0,0,0,0,0,0,0,0,0,0,0,0,0,0,0,0,0,0,0,0,0,-38,217,384,95,22,-81,-175,-253,-302,-298,-261,-198,-110,-7,90,188,272,339,386,404,383,336,261,170,52,-78,-201,-320,-427,-497,-534,-540,-504,-424,-333,-214,-65,90,239,380,503,584,636,657,642,578,475,356,207,33,-144,-318,-477,-604,-710,-774,-792,-772,-694,-587,-430,-252,-55,154,361,553,710,842,928,954,926,841,715,540,323,85,-172,-407,-606,-785,-920,-996,-1019,-997,-901,-752,-567,-357,-126,125,356,562,746,899,987,1017,994,927,798,638,439,205,-35,-266,-478,-668,-823,-924,-992,-981,-926,-823,-675,-494,-292,-64,179,401,588,732,838,908,927,885,805,682,529,351,-686,-55,-259,-434,-579,-693,-775,-820,-810,-759,-678,-566,-426,-268,-102,82,243,390,517,621,690,730,725,683,620,525,404,262,117,-35,-190,-332,-448,-550,-619,-664,-673,-662,-627,-550,-442,-314,-181,-31,131,280,409,524,623,694,731,717,674,597,482,351,186,6,-162,-327,-491,-618,-704,-751,-768,-742,-680,-586,-441,-268,-92,93,272,441,595,705,769,784,765,698,599,467,294,100,-91,-285,-465,-625,-737,-800,-815,-777,-694,-560,-383,-176,44,259,453,613,731,782,780,716,598,444,255,59,-131,-307,-454,-574,-648,-667,-638,-546,-418,-252,-58,146,345,506,605,608,513,374,-329,-157,0,0,0,0,0,0,0,0,0,0,0,0,0,0,0,0,0,0,0,0,0,0,0,0,0,0,0,0,0,0,0,0,0,0,0,0,0,0,0,0,0,0,0,0,0,0,0,0,0,0,0,0,0,0,0,0,0,0,0,0,0,0,0,0,0,0,0,0,0,0,0,0,0,0,0,0,0,0,0,0,0,0,0,0,0,0,0,0,0,0,0,0,0,0,0,0,0,0,0,0,0,0,0,0,0,0,0,0,0,0,0,0,0,0,0,0,0,0,0,0,0,0,0,0,0,0,0,0,0,0,0,0,0,0,0,0,0,0,0,0,0,0,0,0,0,0,0,0,0,0,0,0,0,0,0,0,0,0,0,0,0,0,0,0,0,0,0,0,0,0,0,0,0,0,0,0,0,0,0,0,0,0,0,0,0,0,0,0,0,0,0,0,0,0,0,0,0,0,0,0,0,0,0,0,0,0,0,0,0,0,0,0,0,0,0,0,0,0,0,0,0,0,0,0,0,0,0,0,0,0,0,0,0,0,0,0,0,0,0,0,0,0,0,0,0,0,0,0,0,0,0,0,0,0,0,0,634,645,557,-168,-222,-233,-195,-126,-22,86,176,253,310,334,329,299,239,163,70,-37,-150,-258,-348,-415,-460,-466,-437,-377,-288,-172,-43,95,248,366,464,551,590,598,563,501,398,260,117,-39,-205,-361,-496,-608,-695,-734,-728,-691,-599,-470,-316,-133,54,244,422,588,723,818,865,864,816,712,573,398,180,-46,-272,-485,-682,-840,-943,-991,-984,-918,-804,-657,-451,-221,14,261,501,697,854,962,1024,1020,954,836,693,496,268,40,-199,-422,-627,-786,-912,-993,-999,-959,-874,-747,-571,-357,-125,116,336,541,716,845,932,967,948,871,756,602,410,210,-17,-223,-415,-587,-725,-832,9,-881,-833,-745,-622,-474,-296,-111,82,254,414,550,658,730,772,766,717,642,537,405,253,98,-66,-216,-358,-494,-598,-664,-687,-691,-669,-608,-527,-415,-283,-142,6,140,282,409,524,605,666,698,695,644,565,468,339,196,31,-135,-293,-442,-560,-655,-728,-754,-740,-691,-598,-467,-314,-151,21,203,366,526,659,736,773,767,729,651,532,377,201,19,-167,-352,-510,-645,-739,-783,-787,-749,-661,-525,-354,-159,45,252,441,602,726,806,820,770,660,514,327,112,-90,-294,-464,-605,-692,-721,-701,-628,-515,-361,-180,7,198,367,504,600,644,631,545,396,194,-36,-242,-370,588,652
61543,mtk,MTK 7916,862828574,rx1-tx1,512,0,0,0,0,0,0,0,0,0,0,0,0,0,0,0,0,0,0,0,0,0,0,0,0,0,0,0,0,0,0,0,0,0,0,0,0,0,0,0,0,0,0,0,0,0,0,0,0,0,0,0,0,0,0,0,0,0,0,0,0,0,0,0,0,0,0,0,0,0,0,0,0,0,0,0,0,0,0,0,0,0,0,0,0,0,0,0,0,0,0,0,0,0,0,0,0,0,0,0,0,0,0,0,0,0,0,0,0,0,0,0,0,0,0,0,0,0,0,0,0,0,0,0,0,0,0,0,0,0,0,0,0,0,0,0,0,0,0,0,0,0,0,0,0,0,0,0,0,0,0,0,0,0,0,0,0,0,0,0,0,0,0,0,0,0,0,0,0,0,0,0,0,0,0,0,0,0,0,0,0,0,0,0,0,0,0,0,0,0,0,0,0,0,0,0,0,0,0,0,0,0,0,0,0,0,0,0,0,0,0,0,0,0,0,0,0,0,0,0,0,0,0,0,0,0,0,0,0,0,0,0,0,0,0,0,0,0,0,0,0,0,0,0,0,0,0,0,0,0,0,0,0,0,0,0,0,-48,77,183,10,63,114,155,174,163,118,48,-44,-136,-201,-222,-192,-117,-5,121,227,277,257,170,35,-121,-262,-346,-339,-240,-76,119,296,397,398,302,124,-100,-312,-439,-445,-330,-126,114,341,482,483,347,118,-153,-389,-516,-501,-339,-66,236,459,557,503,300,2,-298,-520,-597,-502,-254,71,388,606,640,487,199,-155,-478,-675,-682,-488,-138,250,569,723,681,444,70,-332,-637,-763,-668,-384,15,407,686,770,628,303,-107,-496,-739,-758,-559,-199,216,566,750,716,465,76,-333,-645,-773,-661,-364,28,424,706,773,604,254,-167,-531,-756,-755,-536,-152,281,633,795,733,453,0,-392,-705,-817,-687,-353,79,494,763,805,617,250,-191,-580,-805,-794,-545,-135,307,650,811,732,436,17,-413,-734,-837,-687,-338,103,522,790,827,621,239,-214,-603,-826,-815,-564,-150,301,657,822,752,471,44,-386,-697,-815,-705,-387,32,441,716,781,619,292,-113,-487,-711,-727,-545,-221,164,501,686,667,468,146,-211,-492,-632,-596,-392,-80,239,483,585,517,311,31,-258,-472,-533,-447,-251,10,265,434,476,389,199,-43,-270,-417,-441,-344,-167,44,246,379,402,317,152,-47,-225,-346,-372,-299,-149,27,194,312,356,308,187,32,-124,-264,-339,-339,-285,-191,-72,64,-249,-148,0,0,0,0,0,0,0,0,0,0,0,0,0,0,0,0,0,0,0,0,0,0,0,0,0,0,0,0,0,0,0,0,0,0,0,0,0,0,0,0,0,0,0,0,0,0,0,0,0,0,0,0,0,0,0,0,0,0,0,0,0,0,0,0,0,0,0,0,0,0,0,0,0,0,0,0,0,0,0,0,0,0,0,0,0,0,0,0,0,0,0,0,0,0,0,0,0,0,0,0,0,0,0,0,0,0,0,0,0,0,0,0,0,0,0,0,0,0,0,0,0,0,0,0,0,0,0,0,0,0,0,0,0,0,0,0,0,0,0,0,0,0,0,0,0,0,0,0,0,0,0,0,0,0,0,0,0,0,0,0,0,0,0,0,0,0,0,0,0,0,0,0,0,0,0,0,0,0,0,0,0,0,0,0,0,0,0,0,0,0,0,0,0,0,0,0,0,0,0,0,0,0,0,0,0,0,0,0,0,0,0,0,0,0,0,0,0,0,0,0,0,0,0,0,0,0,0,0,0,0,0,0,0,0,0,0,0,0,0,0,0,0,0,0,0,0,0,0,0,0,0,0,0,0,0,0,-1135,420,389,-121,-123,-104,-58,8,79,147,193,202,164,82,-21,-126,-215,-248,-219,-143,-21,126,245,308,297,209,60,-113,-267,-362,-366,-276,-112,99,299,419,429,327,132,-106,-324,-456,-458,-337,-128,129,352,482,476,337,95,-187,-423,-536,-495,-314,-41,255,478,568,495,275,-39,-347,-561,-617,-501,-230,115,430,632,658,480,160,-206,-524,-699,-679,-461,-106,292,617,755,673,404,26,-370,-665,-767,-651,-345,60,449,708,762,593,250,-169,-543,-751,-738,-517,-150,265,605,763,700,428,22,-383,-672,-770,-636,-312,106,486,727,761,577,216,-215,-583,-780,-747,-491,-94,334,674,0,704,403,-18,-440,-737,-813,-651,-304,136,540,782,801,583,194,-249,-623,-812,-757,-492,-85,362,700,823,712,395,-47,-477,-772,-837,-656,-290,163,566,809,822,597,193,-259,-630,-831,-786,-510,-85,357,690,821,716,417,3,-411,-715,-804,-665,-341,74,460,712,761,597,262,-142,-493,-691,-703,-516,-181,198,506,664,635,433,122,-221,-490,-606,-559,-363,-69,238,460,549,475,271,1,-253,-437,-502,-420,-214,38,269,412,442,361,176,-60,-268,-394,-417,-327,-153,53,237,355,378,306,157,-38,-216,-324,-355,-300,-168,6,178,303,353,327,233,99,-46,-176,-266,-301,-281,338,393
61544,mtk,MTK 7916,862828574,rx2-tx0,512,0,0,0,0,0,0,0,0,0,0,0,0,0,0,0,0,0,0,0,0,0,0,0,0,0,0,0,0,0,0,0,0,0,0,0,0,0,0,0,0,0,0,0,0,0,0,0,0,0,0,0,0,0,0,0,0,0,0,0,0,0,0,0,0,0,0,0,0,0,0,0,0,0,0,0,0,0,0,0,0,0,0,0,0,0,0,0,0,0,0,0,0,0,0,0,0,0,0,0,0,0,0,0,0,0,0,0,0,0,0,0,0,0,0,0,0,0,0,0,0,0,0,0,0,0,0,0,0,0,0,0,0,0,0,0,0,0,0,0,0,0,0,0,0,0,0,0,0,0,0,0,0,0,0,0,0,0,0,0,0,0,0,0,0,0,0,0,0,0,0,0,0,0,0,0,0,0,0,0,0,0,0,0,0,0,0,0,0,0,0,0,0,0,0,0,0,0,0,0,0,0,0,0,0,0,0,0,0,0,0,0,0,0,0,0,0,0,0,0,0,0,0,0,0,0,0,0,0,0,0,0,0,0,0,0,0,0,0,0,0,0,0,0,0,0,0,0,0,0,0,0,0,0,0,0,0,-277,606,513,23,17,15,9,3,6,9,9,2,-2,-3,-9,-11,-21,-32,-33,-15,6,25,44,58,65,56,26,-19,-68,-99,-113,-101,-70,-16,48,103,132,136,108,48,-31,-108,-159,-168,-131,-61,19,107,174,190,143,63,-28,-115,-173,-190,-155,-70,45,135,192,197,153,62,-50,-149,-212,-215,-151,-36,85,180,232,210,138,26,-103,-198,-220,-188,-111,6,130,220,241,188,78,-54,-168,-237,-242,-181,-67,72,203,265,237,152,29,-112,-221,-264,-232,-128,17,151,232,239,190,85,-57,-186,-258,-244,-152,-22,111,213,249,207,110,-26,-165,-255,-266,-195,-64,83,0,314,292,182,17,-155,-283,-328,-279,-150,27,211,323,345,256,91,-100,-262,-353,-336,-223,-42,160,322,379,321,174,-35,-241,-373,-401,-308,-110,129,329,443,435,290,49,-212,-422,-521,-467,-277,1,286,490,567,502,285,-30,-333,-549,-620,-516,-256,69,376,581,633,503,235,-96,-408,-616,-651,-501,-220,134,449,644,658,493,189,-160,-467,-644,-651,-479,-184,155,459,645,654,487,195,-150,-444,-617,-644,-504,-238,90,387,578,611,496,260,-36,-321,-513,-577,-490,-281,-18,241,440,522,469,300,64,-177,-370,-479,-467,-336,-143,80,291,444,506,470,349,176,-2,-176,612,658,0,0,0,0,0,0,0,0,0,0,0,0,0,0,0,0,0,0,0,0,0,0,0,0,0,0,0,0,0,0,0,0,0,0,0,0,0,0,0,0,0,0,0,0,0,0,0,0,0,0,0,0,0,0,0,0,0,0,0,0,0,0,0,0,0,0,0,0,0,0,0,0,0,0,0,0,0,0,0,0,0,0,0,0,0,0,0,0,0,0,0,0,0,0,0,0,0,0,0,0,0,0,0,0,0,0,0,0,0,0,0,0,0,0,0,0,0,0,0,0,0,0,0,0,0,0,0,0,0,0,0,0,0,0,0,0,0,0,0,0,0,0,0,0,0,0,0,0,0,0,0,0,0,0,0,0,0,0,0,0,0,0,0,0,0,0,0,0,0,0,0,0,0,0,0,0,0,0,0,0,0,0,0,0,0,0,0,0,0,0,0,0,0,0,0,0,0,0,0,0,0,0,0,0,0,0,0,0,0,0,0,0,0,0,0,0,0,0,0,0,0,0,0,0,0,0,0,0,0,0,0,0,0,0,0,0,0,0,0,0,0,0,0,0,0,0,0,0,0,0,0,0,0,0,0,0,315,-232,-390,5,4,7,7,8,13,14,7,8,14,23,27,20,4,-9,-23,-34,-48,-56,-44,-19,14,50,75,85,79,48,6,-42,-93,-130,-130,-97,-33,34,100,149,166,140,64,-22,-100,-157,-184,-155,-77,24,118,175,176,147,84,-16,-127,-192,-198,-154,-66,45,152,215,213,154,58,-53,-147,-208,-212,-145,-44,70,164,225,215,124,-3,-120,-201,-230,-183,-87,38,153,232,242,184,71,-69,-193,-260,-249,-166,-38,100,206,263,250,152,16,-129,-233,-262,-215,-106,30,161,247,257,186,58,-88,-203,-245,-223,-131,17,154,238,264,213,91,-64,-203,-274,-268,0,-39,125,250,305,281,171,-5,-185,-308,-337,-268,-123,61,233,338,343,245,76,-114,-282,-368,-325,-187,4,201,344,389,315,140,-85,-291,-421,-420,-294,-83,154,363,476,445,281,23,-255,-473,-560,-490,-278,17,313,535,611,513,274,-42,-357,-574,-627,-511,-261,74,400,608,644,499,217,-120,-422,-620,-645,-487,-196,154,470,654,658,487,188,-165,-474,-654,-656,-491,-203,146,455,637,650,500,213,-123,-422,-602,-632,-506,-255,64,357,551,602,495,273,-7,-275,-474,-547,-478,-294,-55,199,395,482,453,315,105,-134,-339,-465,-480,-396,-233,-17,194,358,458,472,406,291,114
61545,mtk,MTK 7916,862828574,rx2-tx1,512,0,0,0,0,0,0,0,0,0,0,0,0,0,0,0,0,0,0,0,0,0,0,0,0,0,0,0,0,0,0,0,0,0,0,0,0,0,0,0,0,0,0,0,0,0,0,0,0,0,0,0,0,0,0,0,0,0,0,0,0,0,0,0,0,0,0,0,0,0,0,0,0,0,0,0,0,0,0,0,0,0,0,0,0,0,0,0,0,0,0,0,0,0,0,0,0,0,0,0,0,0,0,0,0,0,0,0,0,0,0,0,0,0,0,0,0,0,0,0,0,0,0,0,0,0,0,0,0,0,0,0,0,0,0,0,0,0,0,0,0,0,0,0,0,0,0,0,0,0,0,0,0,0,0,0,0,0,0,0,0,0,0,0,0,0,0,0,0,0,0,0,0,0,0,0,0,0,0,0,0,0,0,0,0,0,0,0,0,0,0,0,0,0,0,0,0,0,0,0,0,0,0,0,0,0,0,0,0,0,0,0,0,0,0,0,0,0,0,0,0,0,0,0,0,0,0,0,0,0,0,0,0,0,0,0,0,0,0,0,0,0,0,0,0,0,0,0,0,0,0,0,0,0,0,0,0,489,388,373,21,0,-10,-20,-37,-56,-67,-68,-56,-35,-3,38,80,105,111,92,48,-8,-67,-119,-152,-151,-106,-22,59,131,187,203,164,78,-32,-132,-207,-234,-203,-118,0,124,215,242,202,117,-3,-131,-231,-257,-212,-114,25,159,243,256,194,68,-80,-204,-275,-263,-172,-30,121,245,297,251,124,-40,-190,-296,-307,-221,-70,105,272,356,346,235,45,-179,-355,-418,-367,-222,-8,225,403,460,391,203,-38,-270,-430,-468,-365,-159,88,309,449,461,334,99,-161,-370,-469,-438,-274,-26,233,421,496,421,217,-49,-295,-459,-496,-389,-172,108,354,484,474,333,104,-161,-384,0,-457,-289,-40,215,404,480,420,236,-19,-257,-415,-456,-360,-154,89,296,410,402,275,64,-163,-331,-395,-329,-173,28,233,366,363,242,57,-146,-306,-368,-311,-161,48,254,379,387,282,88,-144,-334,-435,-411,-254,-17,228,416,481,396,200,-54,-292,-442,-473,-368,-155,108,349,486,478,337,96,-171,-392,-491,-447,-278,-31,226,416,490,415,219,-33,-277,-446,-486,-389,-173,89,320,467,488,372,148,-110,-339,-481,-493,-377,-155,106,340,486,505,390,175,-78,-310,-453,-483,-392,-204,27,246,405,457,395,244,34,-181,-352,-438,-420,-316,-149,46,227,354,408,388,298,291,348,0,0,0,0,0,0,0,0,0,0,0,0,0,0,0,0,0,0,0,0,0,0,0,0,0,0,0,0,0,0,0,0,0,0,0,0,0,0,0,0,0,0,0,0,0,0,0,0,0,0,0,0,0,0,0,0,0,0,0,0,0,0,0,0,0,0,0,0,0,0,0,0,0,0,0,0,0,0,0,0,0,0,0,0,0,0,0,0,0,0,0,0,0,0,0,0,0,0,0,0,0,0,0,0,0,0,0,0,0,0,0,0,0,0,0,0,0,0,0,0,0,0,0,0,0,0,0,0,0,0,0,0,0,0,0,0,0,0,0,0,0,0,0,0,0,0,0,0,0,0,0,0,0,0,0,0,0,0,0,0,0,0,0,0,0,0,0,0,0,0,0,0,0,0,0,0,0,0,0,0,0,0,0,0,0,0,0,0,0,0,0,0,0,0,0,0,0,0,0,0,0,0,0,0,0,0,0,0,0,0,0,0,0,0,0,0,0,0,0,0,0,0,0,0,0,0,0,0,0,0,0,0,0,0,0,0,0,0,0,0,0,0,0,0,0,0,0,0,0,0,0,0,0,0,0,0,-571,-53,-148,31,38,42,44,40,26,6,-17,-48,-75,-90,-89,-68,-20,32,78,113,129,114,69,4,-66,-136,-177,-175,-130,-58,37,136,197,217,178,85,-29,-136,-221,-243,-210,-120,11,142,228,258,215,115,-24,-147,-227,-259,-209,-88,51,175,256,257,182,58,-90,-215,-273,-250,-150,-1,165,280,305,232,95,-76,-232,-330,-340,-241,-65,133,303,391,356,222,17,-202,-373,-443,-379,-203,30,250,413,467,375,174,-79,-304,-446,-463,-350,-131,124,342,463,449,303,63,-196,-399,-482,-427,-253,5,265,445,491,395,184,-72,-313,-477,-496,-372,-146,122,359,486,470,320,0,-193,-397,-489,-436,-263,-17,236,421,470,385,186,-58,-276,-412,-430,-317,-105,138,324,405,364,214,12,-197,-351,-382,-298,-121,95,281,375,349,209,10,-202,-357,-394,-304,-126,102,309,422,402,265,43,-194,-380,-459,-407,-224,30,269,432,477,376,165,-90,-323,-463,-476,-357,-130,147,371,483,465,308,51,-204,-400,-485,-428,-252,-5,257,440,491,398,198,-55,-297,-454,-485,-382,-175,89,329,475,491,370,150,-111,-350,-492,-500,-382,-171,95,332,474,495,396,194,-48,-275,-430,-470,-392,-223,1,223,383,451,410,266,70,-134,-306,-413,-436,-375,-245,-83,74,219,230,145
61546,mtk,MTK 7916,862862999,rx0-tx0,512,-330,-1332,-1229,578,306,3,-302,-584,-818,-997,-1078,-1081,-1010,-858,-638,-384,-89,212,488,737,921,1039,1079,1038,915,733,492,207,-95,-389,-650,-867,-1020,-1090,-1083,-982,-820,-594,-303,0,305,590,820,998,1103,1109,1028,873,653,377,78,-216,-512,-753,-935,-1043,-1068,-1017,-889,-702,-461,-191,97,376,613,809,948,1018,1015,930,781,574,321,42,-248,-504,-725,-894,-994,-1015,-956,-823,-624,-388,-116,161,425,652,813,927,956,914,799,620,407,154,-95,-332,-537,-702,-806,-852,-824,-742,-616,-434,-234,-17,201,385,544,659,731,751,704,616,478,334,146,-56,-242,-412,-551,-649,-701,-707,-665,-575,-26,-259,-64,125,311,475,604,693,734,713,644,523,360,167,-55,-263,-452,-610,-709,-765,-756,-697,-584,-427,-218,11,227,437,618,736,800,801,734,609,443,239,14,-216,-430,-613,-747,-805,-816,-748,-630,-465,-258,-24,203,420,605,745,827,836,776,647,452,233,-2,-252,-478,-665,-790,-850,-829,-727,-571,-359,-126,121,354,560,698,769,757,692,560,372,176,-32,-230,-399,-507,-568,-575,-536,-447,-327,-197,-54,70,183,281,335,371,379,362,305,235,156,61,-24,-111,-181,-230,-274,-298,-287,-257,-215,-150,-68,16,108,186,244,289,287,254,190,103,1,-97,-175,-217,-214,-1406,-1415,510,-560,-708,-179,-207,-201,-156,-88,-7,86,168,233,271,271,259,219,149,72,-9,-100,-176,-250,-307,-343,-344,-323,-272,-198,-105,8,136,265,379,472,520,535,502,406,276,99,-90,-285,-474,-622,-717,-778,-750,-641,-480,-267,0,273,534,756,914,994,975,864,679,430,117,-206,-530,-800,-1002,-1117,-1135,-1053,-863,-601,-284,71,405,719,964,1116,1186,1151,1008,792,497,161,-185,-513,-794,-1015,-1157,-1176,-1115,-965,-722,-434,-110,234,542,804,1004,1133,1162,1097,934,698,421,89,-232,-550,-810,-1001,-1117,-1139,-1081,-934,-701,-429,-110,218,536,804,1000,1119,1132,1076,927,697,427,112,-210,-501,301,-941,-1064,-1104,-1059,-934,-742,-490,-200,100,404,670,880,1048,1120,1106,1020,856,609,312,-13,-332,-624,-886,-1071,-1165,-1171,-1086,-913,-673,-369,-60,273,576,833,1025,1141,1174,1114,978,774,506,196,-133,-445,-730,-977,-1135,-1226,-1218,-1114,-926,-663,-345,-5,349,672,951,1166,1274,1282,1209,1037,780,473,112,-270,-619,-920,-1152,-1305,-1343,-1277,-1095,-844,-529,-163,214,560,869,1102,1245,1297,1235,1083,850,548,224,-124,-464,-759,-988,-1146,-1216,-1200,-1092,-891,-620,-322,2,336,632,873,1045,1150,1164,1074,923,694,409,99,-218,-516,-775,-961,-1092,-1132,-1082,-943,-740,-485,-205,107,407,670,889,-16,-201,-82,510,737,-916,-1054,-1103,-1060,-929,-733,-478,-178,113,405,668,874,1012,1080,1054,966,797,567,291,1,-304,-569,-799,-970,-1068,-1082,-1018,-874,-669,-396,-106,198,490,731,940,1070,1112,1072,943,741,499,196,-116,-418,-681,-892,-1035,-1087,-1071,-974,-788,-558,-277,21,309,573,788,947,1031,1039,964,819,626,381,113,-168,-433,-669,-850,-972,-1019,-995,-888,-726,-501,-233,55,339,589,787,923,995,982,899,731,525,278,6,-252,-499,-692,-829,-901,-889,-826,-696,-520,-310,-74,155,362,549,684,767,795,762,672,546,378,188,-22,-224,-400,-541,-638,-710,-714,-672,-590,-457,-293,-111,80,261,429,628,669,713,709,655,549,402,226,24,-181,-370,-537,-661,-740,-756,-716,-627,-481,-287,-76,144,342,524,667,771,794,763,673,522,322,111,-120,-340,-535,-689,-789,-819,-785,-691,-546,-352,-132,103,332,521,676,781,816,784,703,556,368,138,-97,-330,-549,-714,-815,-857,-819,-703,-531,-318,-82,184,417,616,750,815,811,737,586,384,148,-90,-301,-492,-610,-664,-670,-614,-503,-356,-196,-17,149,289,382,447,469,452,410,321,218,112,4,-100,-190,-251,-302,-329,-324,-300,-241,-182,-114,-27,61,131,196,249,277,284,266,214,152,62,-37,-129,-210,-258,-272,-238,-176,-85,0,-230,21,-82,-910,-798,-57,16,101,172,222,253,247,207,141,51,-35,-112,-192,-251,-277,-293,-280,-248,-199,-124,-33,66,160,256,329,391,423,421,376,299,187,50,-104,-273,-428,-551,-634,-654,-625,-532,-369,-183,44,293,509,684,824,892,866,760,578,339,57,-253,-539,-781,-961,-1057,-1065,-973,-780,-518,-200,129,464,760,993,1142,1180,1111,955,696,382,47,-315,-638,-908,-1100,-1186,-1176,-1069,-872,-618,-293,49,369,677,922,1081,1169,1156,1035,837,580,272,-60,-390,-691,-919,-1086,-1153,-1132,-1024,-831,-578,-270,64,385,688,914,1069,1142,1123,1018,816,573,261,-60,-367,-659,-878,-1040,-1127,-1109,-1001,-176,-591,-311,-6,297,581,818,998,1087,1100,1034,873,666,408,94,-208,-505,-773,-978,-1106,-1156,-1109,-986,-784,-503,-192,141,463,745,975,1119,1179,1161,1035,844,582,278,-47,-370,-653,-901,-1078,-1183,-1185,-1100,-945,-714,-433,-118,227,553,831,1056,1204,1262,1225,1080,869,584,244,-106,-466,-803,-1059,-1235,-1333,-1310,-1178,-958,-664,-321,59,435,764,1027,1222,1323,1302,1187,982,696,364,3,-351,-671,-951,-1148,-1253,-1267,-1173,-986,-735,-426,-96,239,553,835,1029,1151,1189,1136,991,777,513,207,-123,-430,-698,-923,-1070,-1135,-1116,-1018,-833,-591,-311,5,313,600,829,995,1091,1109,1027,871,645,-1077,-1059
61547,mtk,MTK 7916,862862999,rx0-tx1,512,-686,372,301,-160,-348,-515,-641,-712,-719,-681,-579,-437,-263,-71,122,305,463,574,647,674,647,564,447,302,131,-47,-209,-359,-483,-567,-608,-612,-571,-492,-378,-239,-85,77,232,378,495,577,617,615,579,492,367,218,52,-122,-298,-450,-571,-658,-692,-679,-608,-490,-334,-161,40,232,412,575,688,745,745,681,568,412,217,13,-193,-397,-562,-681,-747,-764,-710,-607,-448,-262,-55,155,353,519,652,725,733,696,605,475,310,115,-89,-284,-452,-590,-674,-711,-687,-617,-501,-342,-164,31,207,379,528,625,678,679,622,525,384,226,35,-147,-313,-470,-586,-655,-682,-648,-558,-430,-275,-97,-38,290,458,580,657,686,651,576,451,282,101,-97,-284,-445,-583,-665,-685,-659,-581,-454,-293,-105,91,278,448,581,658,680,650,566,435,263,73,-126,-303,-452,-568,-639,-651,-598,-511,-380,-216,-38,139,302,436,525,579,588,542,462,336,188,27,-121,-266,-386,-464,-516,-513,-470,-393,-301,-175,-38,98,222,325,397,446,462,440,385,289,183,61,-74,-196,-306,-383,-433,-440,-408,-346,-246,-129,-9,112,219,303,366,396,386,340,264,166,60,-53,-159,-247,-310,-342,-340,-305,-251,-171,-67,41,139,223,285,305,302,259,184,89,-21,-119,-197,-243,-245,-213,-147,-54,30,483,453,0,59,158,-16,59,142,202,229,227,184,111,24,-66,-149,-210,-252,-261,-245,-204,-136,-62,19,105,178,227,262,264,239,198,134,64,-20,-97,-157,-206,-231,-235,-227,-190,-140,-86,-23,41,90,133,154,176,175,161,146,125,98,73,43,2,-42,-82,-116,-159,-177,-185,-196,-189,-160,-119,-59,-1,66,125,173,217,246,246,226,186,135,80,14,-51,-116,-168,-209,-238,-243,-238,-228,-193,-142,-89,-22,55,124,199,259,299,312,311,278,219,146,55,-45,-147,-234,-304,-353,-372,-358,-316,-249,-161,-65,40,141,231,316,365,395,390,357,296,210,110,-6,-117,-231,-333,-400,-48,-440,-412,-350,-270,-163,-47,80,213,323,411,474,498,490,430,340,230,89,-67,-223,-348,-461,-538,-564,-549,-487,-389,-256,-98,63,217,352,466,538,583,567,519,426,308,161,5,-152,-298,-427,-522,-586,-614,-589,-518,-400,-257,-94,78,252,401,528,614,658,652,591,490,353,174,-8,-189,-369,-525,-642,-709,-717,-680,-577,-441,-256,-52,150,350,527,659,749,771,735,642,487,296,85,-138,-344,-532,-667,-749,-771,-741,-650,-506,-329,-117,94,297,476,622,717,753,734,666,539,369,171,-31,-244,-435,-587,-693,-745,-742,-684,-563,-394,-207,-2,205,389,550,667,725,726,69,-118,9,-314,-378,-716,-644,-526,-358,-156,50,244,421,556,654,700,689,626,509,360,192,8,-181,-345,-476,-576,-633,-637,-599,-523,-407,-257,-101,61,217,360,480,564,609,609,569,490,370,222,68,-90,-245,-395,-512,-597,-642,-644,-595,-496,-374,-207,-27,166,351,509,629,704,727,683,600,467,293,94,-116,-316,-487,-631,-729,-756,-737,-655,-521,-346,-146,69,279,467,621,711,754,734,663,542,378,176,-30,-228,-412,-557,-662,-718,-716,-656,-552,-408,-233,-41,157,333,489,605,676,696,655,579,447,286,111,-81,-263,-423,-551,-641,-686,-659,-599,-487,-336,-164,24,212,385,523,623,675,634,625,507,356,189,-3,-194,-369,-522,-627,-678,-682,-620,-524,-379,-195,1,193,376,522,624,675,677,621,519,365,184,-5,-198,-373,-523,-620,-668,-657,-591,-487,-339,-162,34,218,371,505,588,620,601,537,422,279,118,-59,-219,-353,-465,-531,-547,-524,-466,-364,-249,-109,40,177,296,393,466,487,469,421,342,240,124,-15,-139,-264,-354,-418,-455,-449,-402,-321,-215,-98,34,149,260,351,399,415,395,336,258,155,41,-75,-186,-277,-341,-368,-369,-333,-270,-174,-71,37,133,216,288,327,325,292,229,137,39,-63,-165,-235,-283,-289,-255,-189,-92,8,96,168,195,181,-103,-183,0,-135,-53,177,191,160,94,15,-75,-161,-222,-253,-250,-215,-156,-77,10,94,174,229,258,268,248,200,136,60,-27,-104,-172,-222,-253,-262,-233,-191,-134,-61,4,75,135,173,198,211,197,169,134,96,60,13,-25,-62,-97,-122,-143,-161,-173,-166,-150,-133,-103,-56,-12,37,103,151,190,215,224,222,193,150,99,33,-37,-97,-153,-194,-222,-243,-241,-223,-185,-137,-74,-12,48,109,175,219,249,276,269,250,216,155,77,-4,-89,-178,-245,-300,-334,-347,-326,-271,-198,-103,-3,101,195,282,345,384,388,358,309,232,131,29,-82,-179,-280,-352,-402,-413,-399,-359,-283,-178,-1135,35,157,267,359,428,459,467,431,357,262,134,-5,-151,-289,-395,-479,-533,-536,-490,-409,-307,-162,-10,151,293,417,512,559,568,529,457,344,207,53,-111,-260,-393,-499,-573,-593,-575,-507,-404,-272,-126,32,201,352,478,563,613,623,586,499,379,221,51,-130,-301,-451,-583,-667,-687,-671,-604,-482,-321,-127,75,274,454,595,702,744,735,670,544,382,184,-37,-247,-448,-609,-716,-775,-772,-710,-588,-412,-207,11,229,431,592,706,767,762,702,587,432,239,36,-169,-366,-535,-658,-727,-749,-719,-621,-476,-294,-90,118,319,502,636,722,755,720,631,498,321,118,-94,-109,-122
61548,mtk,MTK 7916,862862999,rx1-tx0,512,0,521,860,-522,-547,-535,-488,-396,-276,-140,18,171,319,452,554,618,631,604,533,413,256,73,-123,-310,-483,-619,-722,-763,-737,-659,-518,-341,-119,114,333,535,704,818,866,839,743,592,381,145,-112,-364,-579,-757,-860,-908,-877,-786,-622,-403,-163,96,345,566,742,852,899,879,798,644,440,207,-34,-269,-489,-673,-797,-866,-876,-812,-695,-521,-310,-69,183,422,626,779,879,901,855,736,569,350,116,-144,-382,-590,-762,-859,-889,-852,-742,-576,-375,-131,107,346,557,715,817,865,831,730,577,373,144,-96,-320,-509,-656,-756,-792,-755,-660,-527,-338,-133,76,272,437,571,650,682,-277,583,468,325,160,-8,-164,-318,-440,-521,-563,-571,-533,-471,-365,-241,-106,38,187,321,419,496,542,548,515,439,333,203,63,-88,-235,-364,-466,-539,-569,-562,-514,-420,-300,-165,-5,155,302,438,550,618,632,609,539,418,268,91,-100,-297,-464,-607,-719,-762,-748,-660,-516,-325,-98,146,375,591,752,848,874,811,672,470,230,-58,-306,-540,-729,-829,-859,-816,-687,-502,-279,-32,217,427,604,705,746,721,627,486,312,105,-103,-282,-439,-548,-605,-605,-554,-454,-319,-152,8,175,319,421,487,504,465,394,280,130,-14,-167,-300,-392,-435,-420,-343,-225,-81,62,184,251,-960,-545,0,-1134,-1498,61,67,71,65,48,21,-5,-32,-60,-75,-90,-94,-92,-75,-55,-34,6,39,62,90,109,120,114,108,89,61,35,-4,-45,-77,-105,-130,-146,-159,-161,-145,-122,-78,-35,21,78,136,185,233,256,260,243,203,137,57,-35,-146,-251,-325,-385,-403,-385,-338,-243,-118,19,160,288,402,489,520,498,429,319,188,17,-150,-305,-435,-528,-558,-551,-483,-381,-232,-68,106,261,395,496,545,542,499,402,278,130,-24,-166,-295,-395,-447,-465,-439,-391,-309,-195,-81,43,137,221,287,336,358,358,324,288,221,146,63,-17,-101,-189,-257,-310,-351,-366,-352,-323,-261,-184,489,30,144,247,334,404,439,443,406,337,241,127,-1,-137,-261,-362,-441,-489,-491,-453,-375,-280,-158,-17,119,250,367,453,495,511,483,423,322,199,65,-81,-227,-351,-445,-510,-525,-516,-462,-365,-237,-107,33,169,293,399,475,514,520,483,413,320,195,64,-79,-213,-334,-443,-509,-545,-541,-497,-425,-306,-170,-26,133,289,422,534,608,635,606,523,415,254,69,-120,-301,-463,-589,-663,-681,-649,-562,-411,-237,-51,147,325,477,577,632,632,587,500,361,207,55,-100,-244,-372,-459,-513,-542,-525,-466,-382,-273,-146,-13,116,242,336,416,475,500,485,434,360,253,132,1279,518,0,-760,-340,-156,-9,132,271,393,489,555,583,564,510,411,278,117,-53,-222,-385,-530,-633,-694,-691,-637,-530,-384,-204,9,221,423,594,726,809,810,747,632,463,253,9,-233,-456,-650,-795,-870,-891,-820,-694,-502,-267,-21,238,474,687,820,899,903,840,713,526,302,56,-185,-419,-628,-772,-858,-878,-842,-747,-580,-365,-141,107,342,556,725,835,895,880,793,638,446,210,-39,-288,-514,-699,-823,-892,-884,-804,-676,-490,-258,-15,239,467,656,793,869,866,807,671,482,269,24,-222,-436,-622,-756,-828,-827,-752,-624,-456,-258,-28,198,392,558,684,730,730,666,567,418,240,47,315,-312,-452,-550,-607,-615,-588,-518,-399,-258,-113,40,187,321,438,508,545,552,520,449,345,227,86,-57,-202,-333,-440,-516,-552,-557,-512,-429,-314,-178,-33,116,261,389,489,560,600,581,522,429,295,132,-34,-204,-370,-513,-616,-683,-690,-644,-538,-409,-220,-3,214,424,600,738,815,814,747,611,404,167,-90,-346,-571,-741,-858,-883,-820,-706,-501,-254,2,263,489,664,775,821,775,664,498,284,66,-157,-358,-514,-631,-683,-664,-588,-474,-315,-137,46,224,369,484,539,552,517,428,302,159,-5,-158,-288,-400,-455,-465,-437,-342,-214,-65,88,224,321,361,344,271,154,-433,-721,0,936,118,28,5,-19,-43,-67,-82,-83,-80,-61,-40,-16,9,39,66,84,104,116,101,88,67,43,9,-19,-54,-88,-107,-119,-127,-124,-110,-94,-71,-40,-8,41,87,140,176,198,209,202,178,137,84,11,-64,-143,-216,-274,-313,-335,-325,-267,-192,-94,29,145,271,374,445,478,455,389,293,155,0,-161,-309,-425,-517,-562,-542,-474,-362,-199,-33,135,291,420,518,559,550,486,387,251,97,-58,-213,-347,-451,-508,-516,-475,-407,-295,-168,-31,104,217,323,380,411,406,375,320,244,148,57,-42,-117,-191,-260,-305,-326,-330,-323,-291,-234,-173,-91,5,101,196,283,344,-571,403,388,338,262,158,43,-81,-202,-302,-385,-437,-465,-449,-394,-310,-208,-79,56,192,308,405,479,506,492,446,362,245,110,-30,-177,-309,-420,-484,-520,-513,-474,-391,-284,-145,-2,132,268,382,462,507,526,499,436,340,221,91,-54,-198,-318,-422,-488,-523,-521,-483,-413,-305,-178,-47,105,240,375,477,536,571,580,525,436,305,149,-24,-208,-365,-506,-615,-661,-656,-601,-500,-343,-154,45,231,411,546,630,666,645,576,461,310,130,-49,-210,-358,-479,-546,-580,-570,-519,-422,-295,-161,-21,125,249,359,438,488,499,489,432,349,258,143,16,-118,-236,-341,-426,-487,905,1385
61549,mtk,MTK 7916,862862999,rx1-tx1,512,0,0,0,690,771,655,377,-1,-389,-679,-797,-720,-467,-105,280,599,773,752,549,209,-169,-490,-687,-707,-548,-259,86,399,604,652,525,262,-58,-361,-566,-613,-495,-247,63,352,545,597,485,247,-65,-355,-551,-607,-502,-249,76,375,580,647,535,273,-65,-390,-618,-689,-585,-331,7,351,612,718,650,416,66,-298,-581,-714,-675,-477,-144,220,525,699,690,508,202,-157,-481,-672,-690,-530,-242,107,436,658,713,580,305,-44,-386,-636,-732,-641,-387,-42,303,574,714,670,456,145,-199,-495,-671,-679,-511,-229,103,405,600,649,540,313,5,-289,-502,-596,-538,-355,-99,171,389,503,0,343,139,-85,-279,-383,-374,-266,-104,82,243,321,300,187,28,-135,-262,-310,-264,-130,48,214,334,365,294,137,-74,-275,-407,-439,-359,-178,68,314,484,538,463,276,-7,-300,-521,-630,-595,-399,-102,229,512,681,694,537,238,-124,-460,-702,-784,-672,-401,-20,373,675,825,787,558,198,-223,-600,-834,-878,-718,-384,38,451,772,916,852,593,208,-225,-611,-853,-904,-754,-433,-26,377,696,849,810,604,272,-115,-468,-705,-779,-682,-439,-114,226,507,664,671,533,285,-8,-292,-503,-588,-548,-406,-185,68,298,454,516,472,343,152,-53,-229,-353,-409,-391,-319,-206,-82,31,0,0,0,0,0,36,182,317,427,480,453,339,150,-89,-334,-532,-636,-631,-503,-263,50,360,610,745,725,553,260,-97,-452,-716,-819,-747,-516,-160,243,598,816,856,697,366,-57,-469,-781,-911,-823,-544,-121,332,718,943,946,723,324,-168,-635,-958,-1056,-911,-544,-42,476,892,1104,1054,747,267,-277,-765,-1073,-1117,-892,-460,75,603,993,1140,1003,618,97,-456,-893,-1107,-1052,-737,-243,324,806,1085,1098,831,363,-197,-714,-1056,-1137,-936,-495,71,634,1048,1205,1065,656,71,-537,-1019,-1261,-1197,-837,-259,395,960,1311,1349,1055,502,-175,-819,-1261,-1418,-1239,-765,-105,584,1139,1415,1354,983,375,-332,0,-1334,-1386,-1111,-573,108,759,1216,1366,1186,715,57,-609,-1112,-1348,-1247,-839,-219,466,1037,1345,1317,972,383,-304,-926,-1316,-1388,-1115,-563,128,785,1253,1417,1231,749,81,-614,-1154,-1409,-1316,-895,-262,424,1004,1340,1334,995,430,-226,-837,-1225,-1298,-1052,-545,101,702,1110,1240,1053,597,-10,-608,-1050,-1211,-1049,-645,-79,531,1010,1224,1120,737,181,-421,-931,-1203,-1174,-860,-334,275,819,1159,1209,967,495,-95,-655,-1042,-1170,-1023,-617,-73,461,879,1080,1007,695,230,-285,-716,-955,-952,-713,-310,147,547,800,842,658,311,-91,-462,-707,-754,-599,-289,86,428,657,711,564,271,-86,-433,-664,0,0,0,0,0,-317,57,421,691,796,702,434,56,-335,-642,-789,-742,-513,-169,213,540,728,732,550,236,-124,-445,-642,-680,-544,-269,70,377,586,639,515,254,-62,-357,-558,-609,-506,-257,62,355,553,603,488,238,-72,-369,-571,-623,-506,-255,64,379,602,666,562,302,-38,-371,-618,-720,-630,-370,-26,324,603,730,667,440,110,-254,-555,-708,-684,-490,-172,195,500,678,685,513,219,-141,-466,-675,-711,-562,-273,80,420,655,721,610,350,6,-346,-613,-725,-666,-436,-101,254,541,684,667,492,189,-158,-467,-649,-662,-532,-272,50,347,557,636,551,333,51,-227,-440,-543,-514,-356,-119,0,332,438,423,310,128,-81,-251,-339,-327,-222,-65,100,239,303,271,158,-4,-172,-287,-324,-276,-130,68,245,365,403,321,144,-75,-292,-451,-494,-408,-212,45,298,501,595,539,339,39,-269,-528,-673,-649,-460,-167,185,504,695,724,590,311,-55,-421,-684,-798,-726,-466,-89,304,643,844,848,643,278,-147,-537,-818,-908,-787,-490,-84,342,696,891,883,693,343,-93,-500,-779,-885,-803,-544,-158,253,586,784,804,646,361,0,-350,-610,-729,-688,-499,-203,123,403,582,636,558,363,92,-177,-394,-526,-546,-454,-268,-35,185,355,454,468,394,258,92,-75,-205,-281,-311,-292,0,0,0,0,0,-337,-335,-271,-140,39,238,422,548,581,511,342,90,-197,-459,-644,-715,-638,-418,-107,239,542,739,791,670,393,23,-355,-654,-823,-817,-621,-278,141,534,799,881,765,464,45,-398,-752,-925,-888,-633,-214,256,681,961,1007,816,436,-64,-562,-931,-1080,-980,-653,-163,375,836,1102,1097,824,360,-186,-689,-1038,-1141,-955,-542,-8,526,939,1130,1045,699,175,-376,-845,-1102,-1086,-799,-304,258,749,1057,1112,889,435,-138,-682,-1065,-1182,-997,-568,11,601,1043,1226,1124,746,166,-471,-1006,-1295,-1270,-940,-380,281,891,1295,1387,1160,657,-21,-698,-1204,-1421,-1316,-890,-246,456,1041,1376,1374,0,473,-211,-849,-1280,-1394,-1161,-650,15,672,1165,1365,1229,779,148,-526,-1067,-1331,-1272,-895,-290,392,977,1328,1354,1039,471,-223,-871,-1314,-1412,-1173,-654,30,714,1228,1437,1294,831,167,-524,-1089,-1385,-1336,-955,-347,330,924,1286,1319,1037,498,-161,-765,-1168,-1275,-1053,-568,52,648,1080,1229,1059,629,45,-567,-1035,-1222,-1090,-690,-121,481,967,1217,1160,803,250,-350,-870,-1180,-1195,-913,-408,199,755,1117,1198,991,551,-22,-571,-969,-1144,-1032,-674,-167,368,798,1010,982,719,281,-208,-621,-863,-884,-677,-313,119,513,756,799,632,302,-90,-445,-679,-728,-582,-287,78,422,661,716,577,287,0,0
61550,mtk,MTK 7916,862862999,rx2-tx0,512,0,0,0,1102,1084,787,280,-310,-841,-1175,-1221,-960,-454,170,769,1185,1306,1109,644,9,-640,-1129,-1339,-1216,-795,-178,488,1032,1324,1285,915,326,-343,-930,-1279,-1305,-1006,-458,211,823,1218,1305,1062,551,-105,-731,-1163,-1306,-1117,-640,-3,627,1101,1295,1155,721,107,-536,-1044,-1277,-1175,-782,-196,428,942,1217,1171,823,270,-346,-859,-1146,-1139,-836,-316,284,801,1098,1108,829,329,-260,-771,-1077,-1102,-826,-335,241,765,1089,1123,855,360,-236,-783,-1131,-1187,-943,-444,181,763,1154,1265,1049,565,-66,-697,-1160,-1332,-1175,-711,-69,590,1113,1363,1271,863,242,-439,-1019,-1350,-1351,-1014,-428,262,887,1295,1380,0,595,-88,-743,-1205,-1364,-1190,-722,-73,589,1106,1347,1252,842,217,-460,-1018,-1327,-1300,-946,-356,327,930,1319,1373,1073,507,-181,-830,-1285,-1433,-1225,-708,-13,689,1216,1455,1344,893,230,-491,-1105,-1450,-1425,-1062,-450,282,950,1384,1480,1216,658,-54,-760,-1275,-1477,-1331,-867,-192,526,1106,1420,1394,1031,418,-298,-932,-1334,-1409,-1155,-635,41,705,1189,1395,1278,848,224,-438,-994,-1315,-1327,-1038,-511,123,713,1130,1276,1138,749,197,-377,-848,-1122,-1140,-898,-459,57,537,881,1022,935,647,230,-219,-599,-830,-878,-744,-454,-85,290,586,744,756,626,379,80,-207,-432,-569,-599,-527,-382,-208,-31,0,0,0,0,0,-350,-259,-105,100,324,522,642,655,541,316,18,-311,-604,-782,-808,-669,-380,4,405,732,904,884,670,292,-165,-596,-912,-1032,-907,-575,-104,408,849,1103,1101,841,380,-181,-715,-1096,-1227,-1075,-669,-93,518,1019,1283,1257,931,375,-271,-866,-1263,-1371,-1153,-657,-1,657,1165,1401,1310,902,273,-412,-998,-1350,-1377,-1086,-538,140,777,1221,1364,1180,720,87,-552,-1051,-1286,-1208,-830,-255,372,891,1180,1179,880,366,-228,-754,-1081,-1130,-882,-411,149,667,1016,1099,899,463,-89,-616,-994,-1114,-937,-516,36,585,999,1160,1018,623,59,-531,-987,-1209,-1132,-763,-197,422,941,1236,1224,905,354,0,-867,-1223,-1288,-1027,-502,146,760,1192,1327,1125,634,-16,-659,-1141,-1341,-1209,-768,-122,566,1113,1377,1307,907,274,-434,-1044,-1396,-1399,-1061,-455,271,936,1372,1464,1189,625,-92,-801,-1308,-1483,-1292,-783,-83,632,1183,1434,1334,905,253,-456,-1038,-1354,-1325,-964,-369,310,902,1260,1295,994,446,-210,-804,-1179,-1246,-1001,-506,117,705,1103,1208,1009,557,-34,-605,-1016,-1165,-1016,-608,-47,516,935,1107,997,633,118,-416,-833,-1023,-945,-631,-160,345,748,942,882,591,155,-314,-693,-877,-822,-548,-131,320,681,858,804,528,106,-345,-709,-881,-811,-524,-90,376,749,930,867,569,109,-389,-795,-1007,0,0,0,0,0,-198,360,852,1147,1160,877,366,-248,-816,-1189,-1271,-1040,-549,80,700,1163,1336,1174,723,96,-559,-1083,-1336,-1255,-865,-256,420,984,1305,1303,968,388,-280,-878,-1254,-1312,-1041,-505,148,765,1191,1302,1087,594,-53,-681,-1132,-1295,-1135,-689,-62,587,1084,1292,1171,755,153,-482,-989,-1245,-1184,-816,-243,380,898,1182,1158,838,304,-303,-826,-1125,-1120,-825,-318,263,775,1077,1094,822,333,-250,-767,-1082,-1106,-842,-354,233,768,1105,1150,893,400,-202,-763,-1139,-1224,-992,-494,136,735,1153,1290,1108,634,-8,-655,-1145,-1352,-1222,-795,-161,525,1075,1360,1316,946,343,-348,-952,-1325,-1376,-1076,-506,179,0,1249,1378,1162,662,1,-664,-1158,-1361,-1222,-780,-146,526,1065,1332,1272,892,281,-399,-978,-1321,-1340,-1021,-441,253,892,1306,1397,1149,621,-75,-765,-1265,-1445,-1279,-806,-126,588,1161,1456,1392,981,330,-394,-1030,-1413,-1457,-1149,-561,170,861,1335,1482,1272,764,72,-633,-1187,-1454,-1360,-937,-296,409,1017,1376,1401,1087,516,-170,-816,-1266,-1410,-1217,-740,-88,574,1093,1364,1314,949,372,-282,-859,-1234,-1323,-1101,-639,-48,541,991,1207,1150,836,345,-202,-692,-1012,-1093,-927,-565,-92,372,738,934,919,705,347,-66,-449,-725,-835,-765,-550,-240,108,416,624,698,650,496,267,16,-201,-357,-435,-435,0,0,0,0,0,-239,-392,-498,-539,-490,-346,-111,170,446,655,752,709,513,201,-165,-518,-779,-879,-787,-524,-138,292,674,921,967,795,440,-28,-505,-883,-1069,-1009,-713,-242,306,798,1109,1171,967,530,-42,-632,-1073,-1274,-1182,-810,-242,388,943,1292,1328,1043,515,-140,-768,-1224,-1395,-1233,-780,-139,549,1102,1390,1355,996,405,-274,-892,-1288,-1382,-1145,-630,26,665,1142,1342,1203,781,185,-449,-964,-1235,-1195,-858,-311,295,813,1127,1154,885,402,-181,-710,-1045,-1112,-891,-439,116,642,1000,1102,915,489,-65,-608,-1001,-1135,-977,-565,-2,565,991,1180,1076,690,120,-479,-972,-1233,-1187,-835,-272,355,899,1229,0,958,429,-212,-810,-1209,-1300,-1074,-572,77,709,1168,1338,1166,703,56,-612,-1130,-1370,-1263,-834,-199,492,1072,1389,1356,981,361,-354,-992,-1387,-1441,-1127,-532,190,867,1337,1474,1242,706,-2,-717,-1248,-1463,-1312,-850,-182,535,1117,1402,1333,935,309,-383,-969,-1304,-1307,-982,-408,266,855,1214,1267,997,472,-167,-758,-1146,-1232,-1005,-528,79,661,1064,1195,1016,574,0,-558,-967,-1133,-1007,-623,-84,466,885,1067,973,628,135,-381,-789,-988,-921,-620,-163,320,708,897,845,566,145,-311,-679,-855,-802,-531,-113,334,695,868,803,520,90,-363,-729,-908,-844,-552,-104,383,774,965,910,607,133,0,0
61551,mtk,MTK 7916,862862999,rx2-tx1,512,0,0,0,-878,-457,91,626,1010,1151,1001,608,69,-496,-936,-1147,-1080,-753,-240,335,817,1092,1104,846,373,-186,-685,-1014,-1090,-882,-457,68,572,919,1024,869,502,12,-480,-836,-969,-840,-491,-14,462,807,936,814,475,6,-468,-821,-961,-842,-494,-11,485,868,1029,916,561,58,-475,-890,-1082,-998,-653,-131,425,877,1113,1069,745,220,-361,-856,-1136,-1129,-836,-316,299,846,1189,1231,962,442,-200,-807,-1216,-1336,-1122,-620,40,699,1197,1413,1279,830,184,-511,-1090,-1402,-1376,-1026,-431,273,908,1318,1408,1163,636,-42,-696,-1177,-1381,-1254,-828,-209,443,974,1270,1264,953,425,-181,-735,-1092,-1173,-981,0,-19,500,870,1016,901,569,112,-350,-698,-852,-788,-527,-132,282,609,768,721,478,111,-272,-574,-715,-660,-432,-86,286,574,704,647,401,29,-349,-634,-755,-684,-424,-31,390,726,889,824,533,83,-400,-808,-1038,-1015,-742,-275,294,800,1129,1204,990,538,-50,-656,-1118,-1313,-1198,-811,-225,420,980,1330,1370,1081,540,-131,-767,-1234,-1430,-1303,-878,-260,419,1005,1358,1405,1147,636,2,-623,-1095,-1322,-1246,-894,-375,203,720,1059,1155,994,620,132,-359,-744,-953,-947,-726,-363,61,452,726,824,742,512,184,-173,-479,-673,-715,-612,-404,-131,153,384,535,580,525,384,200,19,-132,-240,0,0,0,0,0,68,-103,-272,-424,-529,-553,-477,-310,-80,179,412,573,624,552,364,96,-197,-451,-612,-634,-515,-287,11,312,543,650,606,424,135,-195,-487,-660,-677,-538,-267,82,422,661,752,664,407,49,-324,-626,-787,-765,-559,-215,184,546,782,831,679,368,-36,-438,-736,-855,-769,-491,-91,324,662,837,809,586,222,-200,-575,-812,-841,-680,-347,78,477,753,847,729,424,27,-370,-681,-812,-738,-488,-107,306,629,793,761,538,173,-249,-606,-801,-800,-603,-252,167,550,805,849,689,360,-64,-477,-771,-879,-766,-460,-49,369,703,863,808,553,157,-277,-638,-842,-826,-608,-248,181,566,0,852,674,336,-86,-485,-774,-865,-728,-416,-8,404,702,823,739,460,71,-327,-647,-788,-714,-459,-82,328,645,788,732,485,104,-320,-669,-846,-806,-562,-164,283,669,889,883,656,263,-205,-622,-877,-922,-738,-363,101,542,841,920,765,418,-30,-472,-796,-910,-782,-451,-3,448,781,916,811,493,39,-429,-783,-936,-844,-531,-82,399,783,964,894,594,144,-352,-769,-988,-952,-678,-222,304,755,1008,1012,774,331,-204,-685,-999,-1066,-865,-446,77,583,941,1067,924,552,46,-462,-856,-1033,-940,-609,-132,377,786,995,946,655,197,-312,-747,-988,-975,-707,-261,259,715,991,1015,778,0,0,0,0,0,-668,-1014,-1113,-947,-543,12,563,974,1152,1047,683,151,-421,-883,-1128,-1102,-800,-304,256,748,1056,1101,867,419,-118,-614,-958,-1053,-878,-485,23,513,864,992,858,502,18,-457,-804,-933,-821,-486,-25,458,816,939,815,477,2,-485,-846,-989,-873,-524,-35,481,885,1055,949,602,95,-450,-887,-1100,-1032,-695,-179,391,867,1125,1104,789,263,-338,-857,-1165,-1183,-900,-373,257,830,1206,1277,1029,526,-126,-761,-1217,-1369,-1195,-724,-58,617,1151,1422,1343,941,311,-404,-1018,-1379,-1407,-1100,-532,161,808,1258,1409,1222,739,95,-558,-1078,-1334,-1262,-890,-319,308,850,1181,1224,979,498,-83,-606,0,-1110,-947,-564,-70,410,775,936,852,556,136,-300,-643,-802,-745,-498,-132,260,577,730,682,451,98,-278,-569,-700,-641,-406,-61,301,593,726,657,405,34,-365,-682,-823,-745,-468,-49,408,785,969,914,629,168,-357,-816,-1094,-1121,-867,-385,197,739,1131,1266,1104,673,66,-570,-1069,-1337,-1302,-947,-358,316,911,1298,1401,1192,703,48,-621,-1148,-1416,-1371,-1031,-459,216,822,1243,1384,1211,781,195,-420,-922,-1200,-1216,-971,-520,18,529,905,1065,984,694,266,-195,-597,-842,-888,-747,-448,-65,306,601,756,737,567,292,-28,-328,-547,-648,-623,-488,-273,-31,193,358,449,454,395,289,0,0,0,0,0,414,445,403,286,104,-115,-332,-502,-589,-575,-456,-235,37,306,518,625,607,456,196,-106,-383,-575,-643,-568,-354,-55,258,515,654,643,481,198,-141,-457,-666,-715,-602,-343,9,368,646,772,719,489,133,-254,-586,-790,-805,-625,-296,107,498,768,847,725,436,38,-380,-709,-862,-796,-542,-163,261,626,837,842,639,293,-137,-536,-788,-855,-714,-401,8,418,721,834,733,450,64,-343,-660,-805,-751,-511,-136,272,616,807,786,568,211,-206,-576,-804,-830,-654,-312,119,523,794,874,737,421,-6,-425,-738,-868,-784,-500,-99,329,675,850,815,581,204,-227,-606,-835,-848,-644,0,154,535,792,863,714,383,-32,-437,-732,-836,-726,-439,-49,350,663,803,729,463,80,-323,-639,-787,-728,-471,-81,331,662,821,767,519,132,-304,-671,-872,-849,-610,-214,244,652,892,905,698,315,-157,-586,-867,-931,-758,-395,71,517,819,915,779,442,-14,-461,-782,-898,-788,-472,-25,426,771,911,815,508,59,-415,-784,-946,-867,-567,-111,377,772,974,923,633,182,-328,-760,-995,-981,-719,-275,251,720,1007,1044,822,393,-134,-633,-977,-1073,-905,-509,15,525,898,1044,935,588,93,-421,-828,-1015,-938,-633,-175,341,763,980,954,678,217,-289,-719,-979,-986,-736,-295,233,701,0,0
61552,mtk,MTK 7916,862909455,rx0-tx0,512,-330,-1332,-1229,120,-175,-460,-703,-863,-931,-910,-787,-585,-324,-25,273,536,743,877,924,874,738,521,256,-35,-319,-575,-771,-895,-924,-863,-699,-471,-198,107,391,648,831,936,939,847,661,408,113,-192,-480,-718,-871,-938,-909,-785,-590,-325,-22,276,535,740,873,904,854,717,512,255,-27,-306,-554,-743,-848,-867,-812,-666,-452,-204,74,335,569,751,851,854,783,627,407,138,-136,-405,-613,-761,-836,-811,-701,-524,-295,-42,212,444,618,726,765,706,592,421,209,-11,-236,-433,-575,-657,-669,-626,-511,-357,-171,37,227,401,530,605,612,572,483,334,151,-30,-211,-364,-504,-581,-597,-564,-26,-326,-156,29,218,391,525,602,614,577,473,325,133,-72,-279,-455,-574,-642,-644,-574,-448,-273,-66,143,352,523,637,679,645,558,398,190,-37,-262,-456,-597,-685,-689,-622,-494,-305,-93,132,350,523,645,697,673,579,425,225,-8,-250,-449,-615,-709,-718,-655,-512,-311,-67,178,405,579,684,718,662,530,330,90,-142,-364,-532,-641,-652,-592,-463,-285,-84,130,306,428,504,517,468,359,225,84,-65,-188,-287,-349,-365,-342,-290,-207,-115,-18,78,150,218,256,268,248,208,154,79,-6,-87,-156,-206,-242,-246,-215,-157,-85,8,99,172,221,236,201,137,50,-44,-109,-1406,-1415,510,-560,-708,-59,7,86,157,202,208,185,134,52,-31,-113,-184,-228,-250,-237,-200,-140,-62,21,110,186,255,302,316,299,237,151,38,-90,-222,-334,-418,-469,-455,-386,-269,-99,89,277,447,579,632,620,532,374,155,-97,-348,-575,-732,-814,-785,-674,-470,-197,108,395,664,838,926,914,781,540,233,-90,-414,-696,-900,-998,-980,-843,-613,-306,33,367,662,886,1005,999,892,680,398,72,-268,-576,-809,-966,-1005,-932,-773,-514,-211,108,419,695,889,989,972,852,640,356,40,-282,-564,-798,-934,-977,-918,-760,-518,-212,106,417,683,875,965,957,847,635,361,64,-248,-530,-765,-911,301,-896,-760,-538,-264,36,331,586,789,911,942,887,711,482,200,-103,-410,-674,-870,-969,-974,-876,-683,-418,-106,224,533,778,949,1018,985,836,612,318,-2,-322,-609,-828,-967,-1012,-952,-803,-564,-261,62,374,654,876,1009,1045,969,798,541,225,-122,-448,-747,-964,-1086,-1085,-979,-767,-481,-132,224,568,850,1053,1137,1094,947,694,366,-7,-373,-691,-950,-1099,-1126,-1038,-834,-557,-215,141,487,766,962,1068,1053,933,719,438,119,-215,-526,-780,-948,-1022,-982,-853,-630,-347,-37,284,570,798,940,978,925,773,552,265,-41,-347,-612,-809,-928,-950,-880,-711,-480,-193,113,405,657,835,-16,-201,-82,510,737,-923,-920,-818,-623,-357,-65,234,509,730,878,935,885,754,546,289,-3,-296,-551,-759,-882,-918,-866,-720,-506,-231,63,359,619,802,915,932,850,686,445,159,-145,-434,-679,-854,-943,-928,-825,-623,-360,-63,239,511,730,884,939,895,754,547,272,-20,-297,-546,-737,-857,-884,-826,-684,-474,-222,42,309,552,728,837,861,797,659,445,180,-96,-361,-588,-759,-839,-841,-752,-579,-361,-96,175,419,617,750,802,770,657,472,256,2,-240,-442,-608,-696,-717,-674,-553,-382,-178,31,234,417,546,629,641,593,493,343,160,-32,-210,-381,-517,-590,-600,-558,-469,-338,-155,28,208,628,500,581,610,569,473,323,139,-48,-241,-415,-549,-624,-635,-587,-462,-295,-101,112,314,488,609,667,651,576,428,235,12,-202,-404,-571,-669,-695,-650,-529,-360,-148,86,296,481,613,678,684,605,461,269,43,-190,-395,-566,-669,-716,-668,-555,-385,-159,77,309,511,656,726,703,609,436,222,-26,-269,-480,-633,-693,-675,-583,-417,-201,35,245,423,538,590,571,472,333,164,-10,-177,-307,-389,-429,-417,-360,-277,-166,-44,69,167,243,285,303,282,237,178,96,12,-75,-143,-201,-241,-248,-226,-181,-128,-52,32,118,182,231,250,227,165,87,-14,-105,-172,-207,-197,-144,-230,21,-82,-910,-798,151,172,163,120,46,-34,-109,-182,-223,-228,-209,-157,-89,-8,77,152,217,258,270,258,213,149,58,-43,-149,-248,-324,-374,-383,-348,-264,-150,4,175,326,453,537,550,504,399,224,19,-198,-409,-584,-704,-736,-683,-535,-316,-44,242,507,727,861,881,810,626,362,68,-256,-561,-803,-940,-976,-893,-703,-426,-99,240,555,804,969,1010,944,765,508,179,-156,-477,-744,-926,-1009,-976,-828,-602,-306,35,355,644,861,975,985,901,710,439,130,-204,-501,-757,-926,-992,-947,-807,-579,-283,38,353,629,844,961,975,887,702,436,126,-191,-484,-731,-882,-953,-924,-796,-581,-301,-176,299,570,782,906,938,874,719,503,222,-68,-373,-639,-824,-936,-952,-872,-695,-445,-153,160,473,736,913,1000,982,856,644,364,45,-287,-583,-813,-955,-1003,-952,-802,-569,-287,34,347,630,864,990,1019,947,791,552,247,-84,-415,-691,-915,-1045,-1070,-979,-791,-511,-183,171,507,791,1002,1106,1097,973,744,433,69,-296,-632,-905,-1085,-1145,-1075,-898,-632,-286,79,440,742,963,1090,1094,987,772,497,167,-182,-507,-777,-954,-1040,-1017,-897,-677,-397,-72,253,550,796,945,1005,960,815,595,305,-9,-321,-592,-804,-931,-964,-902,-743,-513,-231,73,378,635,825,928,933,847,670,427,-1077,-1059
61553,mtk,MTK 7916,862909455,rx0-tx1,512,-686,372,301,-432,-593,-694,-716,-664,-540,-359,-141,85,305,487,609,670,670,590,448,273,67,-137,-325,-474,-577,-622,-601,-525,-398,-242,-55,131,300,452,556,604,594,531,415,257,77,-116,-291,-445,-559,-625,-618,-558,-451,-290,-105,111,311,490,605,676,677,613,477,291,65,-162,-383,-565,-684,-737,-717,-608,-440,-228,7,243,456,630,724,743,698,574,381,157,-86,-316,-513,-656,-733,-728,-649,-499,-304,-77,160,377,552,665,708,685,588,432,236,15,-204,-399,-552,-654,-681,-643,-542,-377,-177,37,243,428,571,650,669,620,496,323,127,-86,-289,-468,-596,-655,-656,-584,-450,-260,-38,174,369,528,636,676,640,543,378,169,-46,-253,-438,-585,-663,-663,-597,-464,-277,-68,150,361,521,625,667,641,536,373,172,-51,-259,-451,-586,-648,-641,-568,-429,-237,-24,185,365,507,605,621,565,446,295,108,-92,-266,-418,-520,-560,-538,-454,-332,-180,-13,150,301,413,479,488,446,357,247,111,-51,-190,-310,-402,-444,-448,-398,-297,-175,-42,102,239,354,415,435,408,327,213,76,-64,-198,-305,-375,-401,-377,-316,-211,-92,35,164,264,331,354,342,283,187,79,-42,-158,-245,-303,-318,-296,-231,-134,-23,97,197,261,290,268,203,100,-19,-119,-189,-214,-189,-124,483,453,0,59,158,175,186,153,83,-13,-109,-194,-240,-246,-214,-141,-57,43,135,208,254,265,232,179,99,2,-85,-164,-226,-253,-250,-218,-154,-77,14,97,165,213,235,224,181,135,73,-4,-59,-107,-154,-164,-172,-160,-138,-101,-61,-25,16,64,109,131,158,179,173,155,115,60,5,-52,-113,-172,-208,-218,-210,-185,-132,-66,1,84,146,190,223,229,213,183,129,69,0,-78,-137,-201,-239,-252,-248,-229,-174,-107,-13,79,166,237,295,328,309,262,183,83,-31,-142,-243,-313,-354,-355,-321,-255,-157,-43,82,197,282,350,383,379,327,239,136,8,-122,-231,-328,-393,-420,-396,-48,-241,-116,23,155,281,382,435,460,425,354,250,94,-58,-225,-359,-459,-516,-519,-459,-354,-201,-23,140,314,447,533,562,540,445,315,142,-37,-212,-368,-485,-555,-565,-524,-435,-298,-133,75,257,405,511,576,590,541,434,292,109,-97,-284,-446,-566,-636,-638,-584,-462,-280,-80,131,337,511,637,693,677,595,449,259,33,-207,-425,-595,-707,-746,-707,-590,-411,-183,64,305,521,677,754,760,683,530,323,79,-165,-393,-585,-710,-761,-729,-624,-449,-231,5,239,444,614,717,737,688,565,387,165,-68,-300,-497,-644,-728,-726,-650,-513,-314,-86,151,372,555,674,722,700,69,-118,9,-314,-378,-573,-408,-198,39,271,466,612,687,698,634,493,308,103,-116,-323,-488,-600,-650,-630,-548,-415,-248,-55,136,319,464,563,608,587,523,408,244,62,-123,-291,-441,-543,-601,-602,-541,-434,-283,-93,109,293,458,573,641,653,594,468,290,92,-129,-340,-527,-653,-711,-695,-619,-468,-266,-35,206,425,593,708,747,704,591,416,192,-38,-273,-491,-646,-735,-750,-679,-541,-347,-117,121,346,534,662,727,717,626,472,269,45,-181,-389,-547,-657,-699,-666,-567,-410,-211,11,225,418,565,644,666,623,516,349,148,-59,-271,-454,-581,-652,-662,-600,-474,-294,-93,117,325,502,624,634,651,566,420,226,0,-214,-405,-563,-651,-667,-619,-504,-335,-121,101,310,492,613,664,657,570,420,227,17,-210,-414,-561,-651,-661,-609,-494,-311,-101,115,314,483,596,638,607,515,374,181,-32,-234,-397,-519,-592,-580,-516,-400,-239,-56,129,293,417,499,516,486,404,282,132,-25,-178,-303,-395,-458,-468,-421,-345,-221,-83,64,211,327,402,442,432,375,268,131,-9,-155,-276,-364,-412,-409,-363,-269,-145,-12,117,230,319,358,372,332,255,142,22,-101,-213,-288,-327,-331,-290,-211,-109,7,116,214,281,307,291,224,133,20,-96,-193,-254,-260,-217,-137,-36,58,125,-103,-183,0,-135,-53,31,-53,-138,-204,-227,-208,-149,-57,38,137,210,251,259,221,157,67,-29,-120,-192,-248,-267,-246,-202,-128,-41,44,133,201,241,253,226,176,109,32,-49,-113,-160,-202,-206,-185,-158,-108,-54,-10,42,84,124,139,154,161,157,127,92,59,8,-49,-103,-156,-185,-195,-193,-176,-136,-70,-4,62,131,192,218,237,223,178,130,63,-14,-83,-144,-194,-220,-242,-228,-198,-151,-81,-7,63,143,209,257,284,275,244,181,105,-4,-110,-201,-280,-332,-349,-324,-263,-171,-67,52,165,268,340,372,372,322,250,152,29,-95,-218,-307,-370,-403,-383,-329,-242,-125,12,145,-1135,351,415,432,409,344,238,107,-35,-187,-308,-421,-483,-496,-459,-355,-223,-67,105,266,406,514,546,526,461,332,173,-3,-189,-352,-473,-553,-563,-527,-430,-295,-122,60,229,385,501,577,594,527,424,285,112,-76,-270,-425,-541,-609,-609,-554,-442,-287,-92,111,305,486,606,660,655,581,452,271,56,-168,-373,-544,-661,-720,-702,-603,-440,-228,13,255,473,642,743,760,704,572,365,127,-119,-360,-555,-697,-762,-745,-658,-490,-279,-36,203,423,599,707,746,708,597,424,197,-41,-266,-471,-624,-719,-735,-676,-540,-354,-131,112,330,525,668,731,718,624,469,262,37,-202,-109,-122
61554,mtk,MTK 7916,862909455,rx1-tx0,512,0,521,860,-593,-534,-438,-288,-110,85,278,446,576,655,666,617,497,322,108,-126,-348,-540,-685,-766,-758,-686,-529,-310,-46,216,468,691,837,887,842,715,497,226,-75,-379,-648,-844,-958,-955,-863,-678,-408,-92,229,531,781,948,1008,964,816,577,278,-50,-375,-654,-856,-968,-989,-900,-712,-465,-166,154,452,697,878,966,961,856,667,406,112,-208,-509,-757,-917,-991,-961,-827,-602,-315,-7,315,596,816,953,985,912,746,505,211,-115,-423,-695,-883,-958,-954,-844,-643,-369,-60,247,522,747,883,928,870,718,481,208,-86,-373,-604,-760,-834,-828,-728,-554,-317,-69,180,411,590,705,-277,705,598,428,222,4,-211,-402,-535,-622,-638,-599,-512,-376,-198,-11,171,350,494,567,600,579,497,370,215,22,-170,-341,-490,-585,-618,-601,-515,-388,-215,-21,175,352,500,604,656,627,555,405,219,7,-208,-412,-593,-708,-732,-704,-604,-423,-195,61,319,553,742,855,870,777,593,335,39,-278,-582,-796,-932,-963,-864,-678,-388,-48,275,582,816,939,951,846,638,352,41,-282,-552,-726,-826,-833,-732,-549,-309,-40,220,452,623,703,702,627,478,281,56,-161,-359,-509,-586,-600,-538,-408,-227,-34,162,331,456,522,508,426,290,102,-94,-266,-391,-426,-392,-281,-131,30,-960,-545,0,-1134,-1498,32,6,-26,-55,-79,-91,-88,-72,-47,-15,15,56,85,98,112,101,82,53,20,-24,-58,-92,-114,-126,-128,-115,-88,-50,-10,25,75,121,153,173,173,157,126,73,24,-42,-124,-185,-237,-269,-269,-237,-177,-94,23,137,244,334,381,402,358,276,154,-16,-180,-334,-451,-520,-526,-454,-333,-149,51,240,408,527,595,584,506,347,153,-58,-264,-440,-562,-612,-593,-505,-351,-160,45,242,409,529,576,561,479,340,167,-12,-190,-345,-444,-495,-486,-437,-326,-196,-56,86,202,293,361,388,388,344,276,186,80,-29,-140,-229,-308,-368,-376,-364,-321,-247,-123,1,128,489,364,437,461,438,373,262,124,-38,-189,-337,-446,-497,-514,-470,-368,-225,-63,114,276,410,488,540,547,464,347,191,12,-167,-333,-463,-545,-567,-535,-456,-321,-146,42,232,387,507,580,574,519,408,277,112,-74,-263,-404,-499,-568,-566,-511,-425,-269,-103,77,251,409,513,581,588,534,445,290,120,-73,-258,-426,-560,-644,-666,-614,-491,-313,-98,129,352,549,675,733,717,610,439,214,-29,-270,-479,-639,-721,-723,-662,-512,-309,-77,155,365,524,616,662,629,535,388,200,7,-176,-343,-467,-550,-576,-550,-470,-343,-195,-32,132,282,414,500,545,525,479,375,233,79,1279,518,0,-760,-340,84,258,415,539,604,620,574,463,305,110,-96,-301,-490,-630,-715,-719,-654,-515,-326,-88,161,396,615,762,833,808,716,532,276,-14,-299,-563,-780,-902,-938,-872,-706,-462,-162,157,456,723,910,998,968,849,629,342,7,-315,-612,-834,-966,-1010,-937,-766,-512,-220,98,415,681,867,967,966,868,684,437,140,-168,-467,-717,-891,-976,-969,-857,-646,-372,-63,256,553,792,937,994,945,792,565,275,-49,-368,-643,-850,-968,-982,-888,-703,-427,-130,177,474,724,892,956,916,784,573,291,-14,-312,-572,-764,-868,-894,-809,-630,-393,-136,140,396,609,746,793,768,661,482,264,315,-197,-410,-567,-657,-679,-646,-542,-388,-199,5,192,360,502,591,610,585,507,363,192,20,-171,-338,-470,-566,-612,-589,-514,-386,-210,-26,170,349,500,604,641,612,523,386,215,13,-192,-383,-548,-644,-686,-658,-581,-431,-217,14,241,473,658,773,804,751,613,415,149,-150,-440,-678,-839,-910,-890,-747,-507,-227,110,429,703,910,975,934,783,528,211,-121,-444,-701,-859,-919,-873,-699,-464,-187,111,379,596,735,789,748,617,413,173,-74,-305,-492,-611,-659,-624,-525,-354,-161,45,244,413,519,558,532,426,280,85,-109,-282,-414,-486,-469,-387,-232,-52,123,260,330,324,-433,-721,0,936,118,-64,-76,-76,-63,-41,-7,28,63,87,100,102,97,64,37,-6,-51,-83,-107,-124,-124,-111,-88,-55,-19,24,66,103,130,138,149,139,103,63,11,-39,-95,-147,-187,-206,-222,-197,-151,-91,-8,83,175,247,311,333,316,267,177,55,-82,-224,-330,-433,-475,-454,-379,-243,-76,117,296,445,544,566,537,428,265,62,-146,-342,-499,-587,-608,-558,-434,-263,-53,156,353,505,588,599,544,431,264,69,-127,-305,-440,-519,-536,-503,-397,-262,-95,66,218,340,407,438,423,357,278,166,56,-61,-171,-259,-325,-359,-367,-341,-286,-214,-106,8,113,222,327,398,414,404,-571,260,132,-12,-157,-293,-400,-472,-487,-462,-382,-245,-101,61,226,363,465,517,530,464,347,188,38,-151,-315,-440,-534,-568,-542,-457,-331,-172,11,186,355,481,553,571,528,427,295,120,-70,-244,-397,-500,-562,-570,-520,-410,-275,-103,89,252,403,521,569,579,528,424,277,114,-75,-246,-408,-533,-601,-615,-569,-473,-322,-129,94,307,492,623,696,691,626,481,277,48,-200,-423,-598,-709,-741,-697,-572,-377,-134,100,328,524,651,709,689,596,434,246,37,-176,-356,-504,-590,-610,-582,-492,-360,-193,-13,164,317,442,517,552,532,465,355,212,48,-115,-265,-407,-494,-545,905,1385
61555,mtk,MTK 7916,862909455,rx1-tx1,512,0,0,0,427,609,672,593,393,108,-204,-468,-638,-688,-595,-370,-72,230,474,625,650,544,322,41,-242,-469,-592,-586,-454,-231,38,292,469,539,493,344,115,-141,-356,-497,-527,-433,-239,8,246,416,503,477,343,128,-125,-350,-494,-532,-457,-286,-37,234,453,576,575,457,239,-38,-310,-523,-634,-599,-439,-189,99,371,563,630,572,394,131,-155,-406,-571,-621,-530,-328,-54,223,456,597,610,485,261,-20,-293,-509,-620,-600,-456,-221,67,335,532,624,587,422,179,-100,-352,-535,-610,-558,-394,-159,108,352,521,578,512,348,123,-119,-339,-490,-526,-459,-312,-111,110,296,414,446,0,228,63,-112,-258,-331,-331,-253,-124,25,159,245,263,220,122,-13,-143,-236,-274,-235,-139,-9,135,255,322,322,240,96,-78,-243,-363,-415,-379,-252,-64,148,340,467,501,441,277,39,-199,-407,-550,-585,-495,-301,-48,226,471,625,646,540,332,50,-249,-508,-676,-710,-601,-375,-71,256,536,714,757,660,436,119,-221,-533,-744,-806,-716,-496,-193,144,456,688,786,736,559,281,-48,-354,-590,-728,-722,-585,-351,-58,235,478,631,660,570,382,130,-132,-353,-501,-563,-525,-391,-192,27,231,382,468,474,394,255,84,-88,-243,-350,-398,-382,-320,-226,-106,15,111,176,218,0,0,0,0,0,-288,-291,-242,-146,-17,137,291,423,505,524,454,306,103,-132,-357,-531,-630,-626,-515,-303,-42,234,482,654,709,633,447,180,-130,-431,-654,-751,-708,-535,-252,91,417,665,785,750,568,263,-96,-436,-706,-852,-825,-633,-309,85,468,767,928,903,706,374,-52,-465,-783,-962,-952,-742,-391,38,470,800,967,951,740,382,-53,-478,-812,-978,-946,-723,-352,87,516,833,975,923,675,284,-166,-581,-877,-996,-911,-630,-211,250,669,956,1040,914,598,145,-340,-759,-1036,-1104,-946,-592,-116,395,839,1125,1186,1004,624,118,-427,-885,-1170,-1227,-1040,-651,-137,405,878,1180,1237,1048,661,0,-410,-871,-1154,-1199,-1003,-605,-84,460,902,1152,1166,942,529,-8,-537,-945,-1163,-1143,-893,-458,88,618,1028,1222,1155,853,379,-163,-677,-1061,-1230,-1146,-828,-336,230,738,1091,1236,1129,780,275,-274,-762,-1099,-1211,-1063,-705,-217,327,788,1075,1136,965,590,98,-404,-812,-1043,-1057,-838,-435,42,514,880,1042,987,722,298,-185,-629,-948,-1071,-964,-657,-216,268,695,989,1075,939,611,161,-316,-725,-987,-1047,-889,-556,-116,340,718,943,972,810,486,79,-331,-668,-855,-860,-693,-390,-22,340,617,752,725,544,256,-81,-388,-593,-666,-599,-400,-108,198,441,590,608,485,257,-28,-311,-519,0,0,0,0,0,-508,-268,32,328,564,685,664,512,252,-59,-354,-573,-676,-649,-482,-215,86,356,548,625,570,399,147,-129,-371,-532,-567,-479,-293,-45,203,408,523,515,385,175,-71,-302,-462,-510,-454,-293,-61,177,384,511,519,404,199,-49,-296,-483,-564,-529,-367,-122,144,392,567,615,535,338,68,-217,-456,-594,-615,-513,-303,-24,264,492,615,604,464,232,-49,-324,-527,-612,-576,-414,-158,126,383,564,625,556,367,101,-191,-440,-599,-629,-535,-333,-60,225,451,587,613,512,303,34,-238,-454,-579,-589,-472,-264,-13,243,446,547,540,426,235,-2,-238,-409,-485,-466,-357,-180,22,0,337,394,366,262,109,-59,-193,-278,-291,-238,-132,2,138,229,257,223,129,-2,-134,-240,-285,-259,-177,-39,120,263,347,356,298,168,-26,-216,-362,-449,-443,-338,-159,60,281,454,541,516,384,179,-82,-337,-526,-613,-585,-437,-191,100,377,587,687,648,476,221,-91,-399,-632,-740,-701,-531,-258,79,400,636,763,751,589,319,-14,-348,-624,-776,-782,-651,-403,-80,261,544,715,763,675,453,165,-144,-426,-621,-698,-646,-480,-238,37,297,499,603,596,477,275,41,-188,-380,-500,-522,-451,-308,-123,75,254,378,435,426,353,228,77,-70,-198,-292,-335,-330,-285,-215,-133,0,0,0,0,0,-54,-162,-271,-368,-424,-424,-368,-252,-78,125,317,480,578,584,497,322,88,-174,-418,-596,-675,-644,-504,-259,35,322,557,704,728,605,366,61,-263,-549,-723,-762,-656,-416,-95,258,568,768,820,714,457,111,-269,-610,-840,-899,-786,-517,-142,265,633,884,966,855,562,153,-276,-644,-903,-990,-875,-581,-178,261,654,913,989,872,582,164,-293,-673,-923,-979,-829,-516,-93,351,724,942,969,803,464,25,-421,-784,-994,-993,-780,-408,51,515,879,1060,1023,771,366,-117,-594,-971,-1148,-1087,-812,-367,158,661,1040,1213,1151,869,403,-149,-673,-1065,-1243,-1178,-878,-412,135,660,1047,0,1158,854,390,-162,-673,-1029,-1184,-1098,-790,-321,230,722,1054,1176,1064,724,230,-319,-798,-1107,-1197,-1036,-654,-140,398,863,1158,1214,1012,597,71,-468,-923,-1198,-1228,-1003,-567,-26,519,957,1195,1192,949,508,-23,-547,-960,-1159,-1118,-856,-419,97,588,946,1105,1028,729,280,-215,-655,-959,-1057,-919,-589,-126,359,763,1013,1053,857,482,14,-459,-843,-1051,-1034,-802,-416,56,526,882,1052,1009,766,369,-98,-539,-867,-1017,-962,-705,-309,125,525,824,950,865,611,244,-151,-495,-738,-829,-731,-479,-148,204,500,676,698,577,338,28,-278,-509,-626,-606,-446,-182,109,373,560,625,545,344,0,0
61556,mtk,MTK 7916,862909455,rx2-tx0,512,0,0,0,924,1134,1113,850,406,-133,-663,-1063,-1255,-1192,-872,-365,217,762,1160,1321,1215,856,316,-293,-845,-1222,-1346,-1192,-796,-238,382,924,1266,1339,1135,701,121,-488,-991,-1289,-1314,-1050,-573,25,621,1072,1298,1252,940,429,-172,-734,-1141,-1303,-1184,-813,-269,321,844,1186,1273,1095,685,123,-458,-926,-1195,-1210,-964,-515,39,581,992,1179,1106,797,312,-234,-721,-1044,-1139,-978,-599,-92,433,864,1107,1098,844,404,-131,-640,-1013,-1163,-1061,-725,-217,340,828,1149,1229,1044,630,72,-505,-990,-1267,-1280,-1030,-557,43,640,1109,1352,1313,1003,486,-135,-737,-1179,-1388,-1316,-967,-417,218,804,1223,1395,1274,0,330,-293,-857,-1247,-1377,-1223,-813,-233,389,929,1273,1352,1148,706,113,-501,-1016,-1318,-1343,-1093,-613,4,626,1119,1380,1357,1051,536,-88,-709,-1195,-1432,-1376,-1040,-493,163,792,1259,1472,1388,1011,433,-222,-841,-1295,-1489,-1385,-995,-406,261,879,1317,1481,1352,958,371,-296,-892,-1305,-1455,-1319,-919,-333,316,893,1292,1430,1284,883,304,-329,-882,-1261,-1397,-1260,-876,-321,284,822,1204,1357,1236,893,386,-187,-704,-1080,-1253,-1185,-900,-453,63,542,912,1103,1081,871,510,60,-381,-727,-935,-970,-827,-541,-171,204,529,750,834,779,595,316,7,-282,-510,-649,-684,-620,-480,-295,-91,96,234,323,0,0,0,0,0,-259,-394,-494,-541,-519,-416,-235,1,267,512,687,771,731,562,291,-40,-384,-675,-856,-891,-770,-502,-130,280,652,909,1009,924,660,259,-202,-643,-977,-1132,-1060,-786,-356,153,648,1031,1224,1176,908,456,-94,-635,-1068,-1308,-1283,-1002,-532,56,640,1102,1358,1351,1075,586,-20,-624,-1117,-1389,-1380,-1107,-615,0,605,1092,1361,1358,1092,604,2,-587,-1052,-1309,-1298,-1017,-533,40,593,1016,1226,1184,895,422,-132,-637,-1004,-1161,-1069,-750,-280,247,713,1020,1106,956,594,103,-409,-827,-1074,-1093,-872,-451,64,568,962,1154,1097,812,349,-195,-706,-1081,-1232,-1124,-781,-269,307,824,1173,1283,1128,0,194,-396,-908,-1238,-1308,-1096,-657,-78,516,1008,1295,1312,1053,565,-39,-640,-1116,-1358,-1323,-1011,-471,176,782,1237,1437,1337,963,393,-261,-872,-1311,-1478,-1332,-910,-303,365,960,1363,1482,1291,830,202,-454,-1016,-1382,-1449,-1202,-727,-99,541,1059,1340,1342,1066,570,-46,-641,-1085,-1303,-1243,-907,-385,203,744,1120,1255,1116,737,214,-354,-846,-1143,-1192,-985,-574,-50,476,898,1125,1102,845,422,-89,-577,-926,-1069,-981,-689,-254,226,643,916,976,824,498,71,-363,-710,-892,-868,-651,-285,133,517,783,875,754,459,71,-335,-679,-866,-853,-646,-294,135,546,833,938,841,554,138,-324,-722,-966,0,0,0,0,0,-641,-175,354,829,1131,1201,1035,646,101,-464,-944,-1244,-1286,-1068,-629,-51,546,1033,1308,1308,1046,575,-21,-621,-1089,-1335,-1298,-992,-480,126,702,1138,1338,1251,892,351,-256,-808,-1193,-1317,-1164,-765,-203,391,908,1236,1294,1072,632,55,-537,-1013,-1272,-1258,-971,-491,93,659,1076,1260,1181,843,330,-241,-762,-1113,-1209,-1051,-672,-153,398,857,1123,1134,892,463,-64,-572,-957,-1123,-1042,-728,-244,291,759,1062,1132,954,562,39,-502,-930,-1172,-1167,-896,-426,142,694,1097,1269,1174,831,311,-289,-837,-1212,-1334,-1186,-790,-222,398,940,1292,1379,1181,738,138,-487,-1022,-1338,-1380,-1146,-673,-56,562,0,1339,1354,1089,595,-21,-631,-1105,-1349,-1309,-997,-477,134,720,1159,1352,1270,918,369,-252,-821,-1230,-1384,-1253,-854,-267,373,936,1316,1425,1240,800,193,-456,-1020,-1376,-1454,-1233,-765,-141,513,1072,1418,1467,1222,733,86,-573,-1112,-1440,-1475,-1199,-693,-48,605,1135,1439,1454,1176,664,26,-618,-1129,-1407,-1405,-1124,-622,1,623,1120,1389,1382,1102,610,3,-604,-1086,-1353,-1355,-1098,-632,-54,520,987,1262,1298,1086,679,160,-380,-836,-1121,-1194,-1042,-698,-248,235,658,942,1046,957,691,320,-87,-474,-754,-889,-862,-684,-406,-68,273,549,715,764,695,520,281,24,-218,-408,-521,-557,-517,-419,-289,0,0,0,0,0,335,248,115,-67,-271,-464,-610,-678,-650,-522,-297,-2,309,581,769,837,764,554,235,-139,-504,-790,-942,-923,-733,-406,14,443,801,1021,1053,883,530,66,-422,-843,-1115,-1178,-1019,-658,-159,389,870,1191,1289,1129,743,215,-357,-880,-1240,-1355,-1210,-827,-275,341,897,1278,1412,1272,875,310,-318,-886,-1276,-1408,-1268,-883,-326,301,858,1235,1368,1228,840,294,-307,-837,-1186,-1286,-1127,-746,-209,354,833,1134,1190,999,604,85,-441,-865,-1104,-1100,-862,-442,73,562,933,1096,1024,730,278,-239,-709,-1030,-1133,-992,-637,-139,396,852,1137,1185,981,565,27,-525,-977,-1231,-1226,-969,-511,60,624,0,1285,1236,937,432,-163,-714,-1135,-1325,-1231,-880,-336,283,834,1223,1356,1206,800,216,-416,-963,-1316,-1397,-1183,-719,-114,528,1078,1402,1427,1162,655,11,-640,-1168,-1454,-1437,-1124,-581,75,716,1220,1464,1399,1047,483,-174,-797,-1238,-1415,-1308,-924,-352,283,843,1228,1350,1182,762,190,-419,-929,-1233,-1263,-1026,-573,-2,553,989,1213,1174,878,398,-158,-667,-1034,-1173,-1060,-729,-248,284,746,1036,1101,937,574,90,-401,-790,-1001,-1003,-782,-391,72,502,817,942,854,580,186,-245,-608,-833,-869,-707,-380,28,432,738,874,805,557,182,-243,-615,-852,-899,-746,-424,7,441,788,964,938,703,303,0,0
61557,mtk,MTK 7916,862909455,rx2-tx1,512,0,0,0,-1208,-974,-534,25,588,1037,1282,1260,980,504,-75,-640,-1071,-1293,-1246,-943,-451,136,688,1089,1266,1185,858,355,-209,-721,-1068,-1189,-1061,-712,-216,319,767,1045,1094,903,512,13,-482,-860,-1049,-995,-720,-286,217,674,983,1079,932,569,73,-450,-880,-1122,-1122,-872,-426,112,646,1055,1226,1141,819,300,-289,-817,-1183,-1292,-1125,-716,-146,465,979,1294,1341,1091,605,-19,-647,-1142,-1417,-1394,-1065,-508,161,807,1300,1539,1466,1082,468,-237,-913,-1408,-1619,-1510,-1095,-459,259,925,1418,1629,1498,1071,447,-266,-920,-1391,-1585,-1456,-1041,-433,258,891,1334,1503,1373,981,399,-243,-814,-1206,-1351,-1223,-863,0,211,717,1055,1150,1004,673,219,-269,-678,-929,-967,-793,-451,-28,386,701,852,811,589,241,-158,-510,-741,-804,-681,-403,-31,361,660,804,778,562,205,-210,-589,-840,-916,-794,-485,-47,430,835,1072,1090,883,480,-42,-578,-1022,-1275,-1276,-1017,-550,37,645,1146,1429,1430,1152,647,0,-649,-1181,-1500,-1536,-1272,-760,-98,591,1170,1530,1603,1386,913,263,-431,-1039,-1456,-1604,-1456,-1043,-451,208,810,1250,1457,1402,1089,599,29,-531,-974,-1215,-1228,-1025,-650,-177,308,710,961,1025,910,639,262,-148,-507,-756,-862,-814,-631,-354,-31,279,532,688,728,655,495,279,47,-159,-319,-417,-451,-422,0,0,0,0,0,463,498,464,356,182,-30,-253,-462,-615,-676,-639,-509,-283,-2,277,520,672,707,619,422,146,-167,-452,-653,-738,-676,-478,-193,128,441,669,766,712,514,215,-143,-483,-728,-840,-782,-559,-232,151,514,791,905,834,613,266,-142,-531,-821,-940,-878,-637,-271,156,551,837,955,884,629,248,-187,-581,-858,-965,-876,-595,-203,228,617,876,955,839,559,159,-271,-641,-873,-921,-779,-474,-77,333,679,884,896,723,392,-24,-434,-754,-912,-883,-668,-296,138,529,826,965,901,651,266,-183,-592,-874,-983,-895,-612,-200,243,630,893,981,859,553,137,-303,-688,-928,-967,-809,-481,-50,0,754,942,952,768,417,-18,-447,-775,-942,-919,-691,-326,101,506,798,902,807,552,181,-237,-609,-851,-892,-739,-422,-6,413,754,931,904,690,320,-138,-576,-889,-1020,-949,-678,-248,245,680,970,1062,933,613,159,-330,-746,-1000,-1043,-863,-496,-14,457,830,1027,1005,755,350,-129,-586,-912,-1031,-929,-624,-187,296,728,1009,1063,879,502,19,-470,-867,-1082,-1066,-823,-396,124,627,997,1154,1072,766,284,-265,-749,-1083,-1208,-1075,-715,-210,346,828,1137,1198,1018,637,123,-413,-872,-1143,-1164,-939,-523,6,529,925,1122,1090,816,367,-156,-644,-997,-1139,-1038,-703,-223,313,784,1088,1167,993,0,0,0,0,0,-271,-785,-1155,-1285,-1140,-764,-234,354,876,1215,1308,1147,747,191,-396,-895,-1210,-1282,-1089,-664,-109,452,916,1191,1211,985,554,12,-519,-925,-1133,-1105,-835,-379,144,624,956,1073,961,630,158,-343,-774,-1024,-1040,-836,-429,81,571,937,1101,1027,724,239,-309,-788,-1105,-1193,-1018,-621,-86,485,959,1230,1240,981,508,-78,-655,-1096,-1311,-1249,-915,-373,243,820,1245,1400,1246,830,236,-420,-1012,-1400,-1495,-1278,-793,-138,550,1141,1515,1579,1323,799,108,-602,-1202,-1566,-1610,-1331,-795,-105,606,1203,1546,1582,1303,762,82,-609,-1173,-1501,-1525,-1252,-734,-84,567,1097,1393,1399,1139,672,78,-516,-983,0,-1223,-989,-556,-28,477,864,1049,1008,757,360,-95,-518,-806,-900,-799,-528,-143,260,592,792,805,626,315,-66,-436,-695,-792,-717,-477,-111,282,615,825,847,659,310,-113,-522,-843,-1001,-943,-673,-246,268,758,1090,1207,1090,753,249,-337,-872,-1249,-1387,-1254,-867,-292,349,929,1343,1508,1381,988,395,-286,-922,-1391,-1582,-1476,-1095,-496,191,840,1344,1602,1556,1225,688,25,-639,-1177,-1486,-1528,-1295,-835,-240,375,905,1250,1356,1213,857,367,-164,-642,-988,-1137,-1073,-820,-442,-1,420,744,913,913,757,471,112,-245,-547,-742,-798,-724,-545,-294,-10,254,459,585,628,578,452,295,135,-8,0,0,0,0,0,-37,128,296,454,575,629,596,470,271,24,-237,-478,-643,-704,-650,-486,-233,66,356,585,712,704,563,322,24,-290,-555,-716,-737,-602,-357,-35,303,593,764,786,663,388,29,-331,-638,-832,-868,-728,-443,-62,341,680,887,923,768,457,52,-351,-700,-917,-946,-783,-460,-42,388,737,934,950,775,440,14,-412,-753,-939,-936,-748,-403,29,449,764,936,915,690,333,-84,-490,-796,-922,-850,-611,-245,183,571,830,921,811,529,136,-289,-660,-896,-950,-801,-477,-60,363,722,943,969,785,442,3,-432,-772,-955,-954,-752,-396,43,475,811,971,922,683,316,-123,-540,-841,-970,0,-645,-253,199,608,881,965,865,586,174,-268,-646,-881,-921,-768,-451,-50,360,695,878,862,656,309,-112,-515,-793,-906,-830,-563,-167,280,666,928,1000,842,488,34,-425,-801,-1021,-1028,-808,-418,36,490,866,1057,1011,758,347,-134,-594,-914,-1035,-937,-640,-195,293,712,975,1034,854,497,30,-452,-837,-1033,-1009,-759,-338,155,618,948,1083,984,666,203,-307,-762,-1060,-1130,-963,-589,-80,454,894,1145,1155,931,507,-30,-563,-986,-1195,-1165,-891,-434,111,637,1020,1189,1114,798,326,-205,-694,-1042,-1160,-1028,-682,-190,342,790,1071,1125,933,538,26,-486,-901,-1131,-1112,-854,-409,118,625,0,0
61558,mtk,MTK 7916,862953094,rx0-tx0,512,-330,-1332,-1229,-875,-942,-920,-803,-608,-348,-55,226,497,718,869,927,908,806,625,385,103,-189,-457,-675,-838,-921,-911,-826,-660,-431,-153,137,418,657,833,925,937,862,690,465,185,-109,-392,-639,-832,-926,-943,-870,-706,-470,-198,91,380,617,805,905,911,845,704,484,234,-54,-319,-549,-732,-842,-882,-837,-705,-519,-294,-25,236,476,670,807,860,836,732,560,323,61,-190,-437,-648,-783,-844,-815,-706,-544,-324,-72,180,405,589,720,775,746,656,503,311,88,-127,-335,-501,-616,-668,-666,-606,-485,-320,-136,64,246,404,534,605,628,590,496,365,205,20,-166,-318,-453,-555,-597,-590,-26,-421,-262,-87,97,281,438,549,619,628,575,468,321,131,-70,-269,-437,-570,-647,-656,-611,-498,-334,-134,71,287,471,604,675,689,613,497,332,127,-95,-310,-487,-619,-685,-680,-623,-496,-317,-116,109,324,502,636,705,693,624,492,303,87,-142,-366,-546,-666,-717,-698,-607,-442,-234,4,245,457,624,722,712,638,488,290,68,-158,-355,-511,-604,-617,-563,-448,-283,-114,56,216,343,421,442,428,372,278,161,46,-70,-165,-246,-296,-318,-301,-262,-207,-129,-42,43,120,184,228,244,249,220,171,107,32,-49,-128,-193,-235,-246,-229,-172,-88,2,93,164,199,196,147,-1406,-1415,510,-560,-708,-124,-169,-185,-166,-118,-51,26,104,171,221,229,213,182,120,44,-31,-111,-184,-240,-271,-286,-270,-222,-151,-56,48,160,267,357,408,416,386,300,190,30,-145,-306,-450,-554,-603,-590,-493,-338,-142,92,328,529,685,773,773,684,507,265,-13,-301,-563,-769,-898,-938,-857,-675,-425,-118,214,512,761,927,990,951,803,570,275,-58,-388,-670,-881,-1007,-1015,-916,-732,-462,-146,179,483,742,916,997,980,858,646,381,69,-256,-538,-771,-935,-1000,-966,-830,-616,-333,-25,286,574,798,950,984,934,803,572,297,-15,-326,-593,-814,-950,-974,-915,-755,-525,-254,49,350,610,795,301,951,893,738,523,262,-24,-324,-578,-779,-906,-956,-919,-776,-569,-314,-16,287,560,789,934,996,958,833,612,335,26,-294,-583,-809,-953,-1015,-961,-833,-632,-353,-46,256,537,773,940,1017,1006,878,684,435,131,-185,-497,-752,-944,-1044,-1052,-960,-768,-505,-192,149,477,764,972,1100,1116,1017,821,545,215,-142,-479,-774,-1003,-1129,-1136,-1032,-832,-551,-209,154,493,781,977,1097,1107,991,792,521,206,-126,-444,-722,-922,-1034,-1045,-954,-778,-525,-227,85,388,657,863,976,999,931,772,540,264,-46,-338,-605,-806,-938,-969,-917,-776,-557,-298,4,296,559,760,895,957,908,775,577,-16,-201,-82,510,737,-350,-63,230,499,723,877,931,910,806,615,363,78,-199,-471,-691,-852,-929,-916,-803,-632,-406,-124,155,428,654,830,921,925,838,671,441,167,-114,-405,-644,-827,-934,-944,-869,-713,-478,-194,100,390,638,821,920,945,863,703,480,207,-74,-340,-592,-776,-884,-908,-826,-691,-492,-251,10,276,513,690,822,867,825,713,533,311,46,-209,-456,-654,-796,-846,-825,-737,-559,-330,-74,191,419,614,754,815,790,684,525,319,80,-157,-373,-552,-672,-724,-708,-629,-492,-314,-111,90,289,450,565,628,638,584,490,341,167,-13,-204,-360,-490,-574,-613,-583,-503,-391,-233,-57,122,628,442,547,596,608,561,449,297,114,-87,-272,-430,-554,-630,-645,-599,-488,-332,-134,67,268,448,582,661,676,627,503,332,138,-80,-296,-469,-610,-684,-690,-619,-491,-317,-110,101,310,493,623,686,692,619,493,318,96,-126,-335,-520,-652,-713,-707,-629,-476,-275,-40,192,407,576,685,726,684,568,397,164,-78,-302,-500,-627,-680,-651,-550,-402,-204,3,203,372,484,527,522,461,352,208,66,-75,-199,-300,-353,-373,-359,-310,-236,-139,-41,55,133,204,256,273,270,235,184,113,40,-36,-117,-173,-222,-245,-247,-213,-155,-76,9,96,175,221,235,211,147,65,-27,-99,-230,21,-82,-910,-798,-106,-51,23,100,161,200,215,195,149,74,-11,-84,-154,-217,-243,-252,-234,-190,-120,-43,42,134,219,283,325,334,321,263,176,47,-85,-229,-348,-446,-514,-509,-446,-333,-171,16,229,428,572,669,695,641,506,315,75,-190,-442,-654,-794,-855,-820,-694,-476,-209,104,418,673,861,969,951,834,622,341,22,-305,-600,-831,-975,-1017,-941,-766,-514,-214,123,438,712,919,1015,1003,889,687,417,105,-211,-520,-758,-925,-1004,-969,-830,-630,-361,-54,266,556,786,935,985,952,815,600,313,-5,-302,-591,-813,-945,-989,-927,-779,-561,-271,35,335,611,812,939,974,910,746,520,-176,-31,-326,-591,-783,-915,-957,-903,-755,-540,-284,1,302,572,778,917,978,941,813,598,322,21,-293,-571,-810,-951,-1016,-981,-842,-619,-344,-26,293,565,799,953,1005,975,858,657,389,85,-225,-528,-755,-946,-1036,-1032,-925,-728,-468,-161,166,489,766,964,1076,1087,989,792,523,206,-148,-483,-775,-995,-1128,-1139,-1030,-833,-555,-217,144,491,784,1005,1120,1119,1014,808,533,212,-145,-476,-748,-956,-1067,-1069,-975,-790,-528,-223,110,423,694,900,1010,1026,945,777,534,244,-60,-356,-628,-826,-954,-991,-929,-781,-558,-282,18,307,582,782,915,960,906,772,567,311,22,-281,-538,-757,-1077,-1059
61559,mtk,MTK 7916,862953094,rx0-tx1,512,-686,372,301,-663,-547,-379,-158,65,286,476,604,683,697,634,513,342,145,-54,-257,-429,-554,-631,-644,-599,-501,-349,-181,2,186,353,483,569,609,596,525,405,262,86,-94,-265,-420,-529,-598,-622,-581,-494,-356,-183,10,199,370,524,629,674,664,577,437,260,46,-174,-374,-554,-679,-728,-714,-642,-496,-301,-74,157,374,562,694,752,742,653,508,310,81,-158,-378,-558,-691,-750,-738,-650,-509,-306,-80,142,354,534,651,705,698,621,487,311,104,-112,-309,-473,-611,-679,-674,-619,-498,-327,-128,75,279,453,579,654,671,618,505,344,147,-53,-253,-431,-569,-651,-673,-623,-510,-349,-38,48,267,445,577,653,675,625,508,334,138,-70,-271,-451,-584,-662,-665,-606,-485,-318,-123,96,300,467,600,664,652,587,454,278,69,-148,-347,-503,-604,-655,-634,-541,-393,-210,-8,191,360,502,578,602,559,461,324,150,-32,-201,-360,-460,-521,-529,-481,-391,-259,-107,44,187,321,412,461,466,433,357,241,110,-32,-174,-299,-385,-433,-445,-412,-335,-216,-85,65,201,304,389,422,406,356,263,145,11,-113,-227,-317,-368,-375,-345,-276,-173,-61,58,168,264,318,335,316,260,180,74,-38,-146,-234,-287,-304,-277,-215,-117,-11,97,190,244,251,220,144,45,-52,-115,483,453,0,59,158,-89,-15,76,159,214,236,210,148,71,-32,-124,-198,-245,-265,-243,-188,-117,-25,67,153,216,252,261,237,178,106,24,-64,-139,-199,-239,-241,-222,-184,-124,-52,22,93,143,174,192,185,161,132,85,45,3,-39,-76,-109,-133,-158,-168,-163,-144,-113,-76,-24,32,96,148,182,206,213,195,159,105,36,-38,-103,-158,-203,-225,-225,-211,-174,-127,-65,7,78,139,188,219,245,244,221,187,125,45,-37,-128,-199,-261,-306,-316,-299,-247,-165,-65,42,149,237,308,353,354,325,260,172,62,-59,-165,-265,-343,-382,-392,-356,-296,-206,-79,45,166,272,362,409,414,-48,331,228,104,-28,-158,-285,-382,-450,-472,-443,-383,-279,-140,18,172,319,438,517,533,502,424,307,145,-32,-201,-357,-478,-550,-571,-526,-440,-311,-149,19,197,355,469,548,571,544,479,354,197,21,-159,-331,-469,-565,-606,-596,-531,-417,-255,-66,125,306,465,581,649,650,592,483,319,119,-90,-300,-483,-618,-702,-716,-659,-537,-365,-149,80,313,509,658,743,752,694,564,376,146,-96,-325,-530,-672,-755,-758,-687,-553,-367,-139,98,327,515,654,734,740,672,545,367,150,-77,-304,-498,-639,-725,-736,-680,-551,-368,-150,73,287,484,639,715,726,669,551,366,159,-65,69,-118,9,-314,-378,268,458,613,701,712,656,525,355,159,-63,-274,-449,-583,-653,-668,-621,-504,-352,-165,34,225,392,520,591,625,594,510,377,217,42,-142,-310,-446,-546,-603,-598,-551,-446,-298,-133,51,231,390,522,610,643,612,532,403,227,37,-174,-377,-537,-653,-712,-694,-621,-484,-288,-60,163,380,563,687,743,730,649,505,302,72,-166,-388,-565,-691,-749,-738,-650,-509,-307,-84,150,362,547,677,729,713,636,494,302,91,-129,-338,-509,-634,-701,-694,-617,-498,-324,-109,101,296,473,599,662,667,615,497,336,146,-66,-269,-441,-574,-648,-659,-614,-511,-356,-164,43,249,422,559,634,668,623,507,348,162,-48,-265,-450,-587,-655,-671,-622,-507,-336,-134,83,284,461,588,660,663,590,473,301,89,-124,-320,-491,-605,-661,-644,-557,-418,-243,-48,164,352,503,592,623,591,503,362,181,-10,-201,-365,-492,-565,-566,-523,-430,-293,-138,40,199,341,441,492,495,457,374,248,107,-40,-176,-303,-395,-442,-455,-422,-342,-229,-101,38,170,293,374,422,433,382,303,188,46,-83,-204,-305,-374,-395,-372,-317,-225,-108,17,137,247,322,358,354,315,230,122,12,-102,-198,-276,-320,-321,-282,-210,-110,3,114,209,270,284,263,192,93,-14,-110,-185,-212,-194,-138,-103,-183,0,-135,-53,150,193,193,149,74,-21,-123,-193,-243,-260,-228,-166,-82,14,110,184,235,263,253,215,148,65,-26,-119,-193,-236,-258,-250,-211,-157,-77,7,80,148,198,221,220,192,145,99,38,-25,-78,-119,-145,-155,-165,-157,-141,-111,-82,-49,4,50,97,130,164,186,192,182,145,101,41,-32,-101,-157,-202,-229,-228,-208,-168,-115,-43,20,89,149,191,224,235,223,192,147,92,26,-55,-121,-190,-241,-276,-281,-266,-216,-154,-65,33,132,227,298,339,341,311,250,172,66,-50,-154,-250,-321,-372,-377,-341,-276,-178,-72,50,165,259,350,392,400,369,307,214,90,-32,-1135,-271,-369,-425,-439,-422,-355,-253,-127,23,163,297,412,488,507,486,412,298,146,-24,-187,-338,-462,-543,-557,-520,-434,-303,-144,33,206,355,479,545,564,535,444,323,172,-6,-173,-337,-473,-560,-590,-573,-499,-380,-223,-45,139,314,465,575,626,618,557,445,288,99,-107,-299,-473,-602,-675,-688,-640,-516,-344,-136,84,301,492,640,725,741,679,546,368,146,-86,-318,-521,-672,-755,-759,-698,-560,-370,-143,103,329,526,671,749,753,683,549,366,141,-97,-315,-501,-643,-723,-736,-678,-548,-372,-159,67,287,486,636,717,729,674,561,375,156,-70,-289,-485,-630,-707,-734,-109,-122
61560,mtk,MTK 7916,862953094,rx1-tx0,512,0,521,860,-67,90,243,388,484,544,547,518,429,295,141,-38,-223,-397,-533,-621,-658,-625,-532,-385,-197,14,230,442,612,723,764,725,623,440,207,-46,-287,-514,-698,-815,-845,-783,-660,-455,-204,65,341,578,764,874,883,815,671,451,190,-95,-366,-597,-772,-868,-887,-809,-653,-446,-187,79,341,572,742,836,864,806,671,475,222,-36,-297,-538,-723,-839,-881,-834,-703,-503,-248,28,292,539,737,849,878,829,703,501,248,-26,-292,-534,-723,-838,-867,-808,-678,-475,-225,41,301,539,711,809,828,756,613,409,174,-76,-323,-522,-663,-736,-742,-672,-536,-351,-142,76,287,459,574,-277,643,577,465,322,147,-38,-216,-372,-477,-535,-560,-533,-457,-334,-187,-35,124,273,395,491,533,540,493,383,259,109,-53,-214,-360,-465,-530,-555,-523,-445,-324,-179,-2,175,329,453,536,588,580,525,416,255,73,-126,-314,-484,-616,-684,-686,-627,-494,-306,-85,150,392,601,737,802,780,675,497,262,-18,-300,-552,-737,-849,-870,-772,-600,-367,-72,228,474,681,797,818,750,602,394,137,-120,-359,-553,-666,-709,-678,-569,-404,-191,23,220,397,522,585,584,515,398,236,56,-131,-294,-411,-489,-504,-460,-354,-216,-52,115,264,378,437,423,349,222,62,-94,-220,-291,-288,-960,-545,0,-1134,-1498,43,58,76,76,59,36,8,-16,-50,-78,-91,-95,-92,-67,-42,-14,24,60,86,102,117,112,99,73,42,10,-25,-64,-96,-124,-134,-139,-132,-115,-79,-39,5,67,114,159,199,220,215,189,146,71,-14,-103,-195,-265,-323,-339,-316,-256,-156,-42,96,226,351,421,445,428,356,238,80,-89,-245,-393,-494,-537,-511,-434,-300,-144,53,229,380,494,537,525,460,345,198,12,-166,-310,-428,-504,-515,-458,-369,-243,-90,65,211,324,411,446,421,367,280,168,50,-79,-180,-262,-321,-339,-346,-310,-255,-183,-100,-10,86,165,244,303,326,336,316,273,193,84,-22,489,-243,-335,-389,-405,-397,-329,-239,-125,13,147,275,374,433,461,437,377,270,130,-10,-166,-297,-401,-468,-480,-459,-389,-284,-152,9,158,303,419,484,505,479,413,303,163,7,-148,-285,-400,-485,-513,-499,-440,-335,-188,-35,107,256,382,464,505,498,458,367,243,104,-45,-201,-333,-442,-509,-539,-517,-445,-336,-185,-19,156,321,466,571,612,603,530,396,224,23,-184,-374,-526,-625,-662,-631,-528,-381,-191,24,221,403,533,612,631,569,461,319,150,-45,-214,-360,-464,-524,-545,-509,-420,-302,-165,-14,127,268,376,443,478,474,423,340,237,103,-31,-174,-298,-394,-461,1279,518,0,-760,-340,511,507,478,381,250,95,-69,-231,-392,-506,-582,-610,-578,-484,-344,-171,23,234,416,570,664,700,671,576,415,211,-23,-258,-478,-662,-765,-801,-754,-644,-456,-216,55,309,543,737,849,881,819,669,458,196,-86,-348,-593,-773,-877,-891,-810,-659,-439,-181,96,370,583,759,849,860,797,651,445,205,-54,-319,-551,-731,-833,-861,-821,-698,-494,-248,27,295,542,733,861,890,835,710,503,244,-31,-295,-543,-730,-851,-883,-826,-693,-485,-235,35,298,530,715,821,843,788,646,441,200,-61,-312,-533,-691,-779,-789,-723,-577,-381,-157,79,302,491,624,689,694,631,500,327,315,-62,-259,-407,-528,-598,-610,-561,-461,-312,-163,7,173,326,438,510,535,527,465,368,230,74,-82,-244,-371,-462,-526,-543,-514,-428,-300,-149,15,188,337,462,543,577,551,470,352,206,42,-143,-310,-465,-571,-630,-631,-571,-457,-291,-89,116,332,522,662,729,735,666,510,299,47,-216,-459,-657,-800,-853,-806,-661,-446,-182,116,402,625,801,876,835,704,505,243,-34,-298,-522,-689,-766,-754,-664,-497,-287,-54,183,392,550,640,647,594,479,310,120,-78,-255,-399,-497,-537,-519,-429,-308,-154,17,186,325,420,467,449,374,249,85,-82,-230,-334,-379,-354,-267,-135,1,-433,-721,0,936,118,46,29,8,-28,-52,-71,-79,-84,-77,-55,-24,1,36,67,85,101,105,89,68,45,10,-25,-61,-91,-112,-118,-117,-109,-88,-54,-14,22,61,102,139,156,173,168,142,110,60,-8,-79,-142,-204,-249,-268,-270,-230,-162,-69,46,152,257,337,388,397,360,270,132,-14,-166,-307,-422,-492,-495,-445,-346,-198,-23,151,321,448,527,545,485,396,248,68,-110,-280,-408,-500,-540,-501,-414,-298,-135,44,206,335,437,486,477,419,320,201,48,-91,-208,-305,-364,-394,-377,-325,-258,-162,-65,40,140,209,270,307,330,315,279,228,140,50,-47,-140,-231,-315,-364,-381,-571,-312,-219,-101,11,139,256,344,409,437,416,360,255,135,-9,-157,-283,-399,-453,-475,-454,-377,-271,-133,16,159,299,403,478,499,475,407,290,150,0,-151,-295,-412,-489,-513,-487,-415,-319,-177,-25,131,276,403,485,508,498,448,347,217,65,-84,-229,-358,-446,-498,-514,-478,-398,-289,-145,12,179,322,443,534,570,556,487,375,213,27,-161,-349,-499,-602,-650,-631,-544,-395,-206,0,210,393,539,633,654,608,502,344,164,-43,-239,-398,-511,-583,-593,-538,-445,-302,-147,18,186,323,423,488,503,479,418,309,185,53,-88,-224,-329,-421,-468,-476,-450,-377,-281,-146,905,1385
61561,mtk,MTK 7916,862953094,rx1-tx1,512,0,0,0,-398,-111,212,486,657,696,577,331,18,-297,-543,-680,-674,-520,-247,63,353,559,636,576,394,130,-161,-403,-557,-578,-463,-249,13,276,467,540,494,335,93,-161,-376,-503,-508,-402,-197,58,295,471,532,462,280,38,-222,-441,-551,-536,-394,-160,112,367,547,600,517,319,55,-231,-469,-606,-611,-482,-244,47,332,541,625,575,398,129,-164,-417,-574,-608,-508,-288,-1,282,496,603,580,421,169,-115,-376,-557,-616,-542,-352,-77,218,456,598,611,494,268,-10,-282,-490,-590,-564,-423,-189,82,330,504,572,518,348,110,-145,-349,-485,-527,-451,-275,-49,171,340,432,430,0,170,-10,-182,-300,-337,-295,-190,-51,95,212,269,250,166,45,-91,-205,-261,-245,-162,-33,113,242,321,316,232,97,-76,-239,-352,-389,-342,-205,-15,192,362,468,472,364,181,-49,-292,-476,-562,-526,-376,-144,119,382,566,632,570,384,110,-192,-469,-646,-690,-597,-380,-74,253,534,723,750,624,378,50,-283,-572,-761,-793,-659,-395,-52,292,586,768,794,669,411,79,-264,-548,-722,-758,-639,-400,-100,205,471,643,688,598,398,137,-145,-390,-551,-603,-545,-377,-150,89,304,450,507,475,352,173,-30,-218,-362,-432,-423,-356,-236,-84,68,200,294,334,323,272,197,113,0,0,0,0,0,146,256,341,393,398,338,214,46,-144,-335,-489,-570,-555,-447,-261,-21,240,473,623,660,580,398,135,-162,-445,-642,-717,-664,-480,-201,125,439,665,760,700,498,179,-174,-492,-722,-803,-719,-485,-136,251,593,817,877,748,466,91,-316,-676,-898,-939,-794,-479,-53,384,737,950,963,769,423,-15,-453,-801,-983,-949,-715,-332,117,544,854,987,896,616,207,-249,-650,-909,-976,-828,-496,-49,409,775,971,964,743,358,-108,-560,-899,-1049,-966,-666,-221,271,721,1031,1117,954,594,97,-427,-868,-1142,-1178,-958,-534,-2,544,978,1214,1206,938,473,-83,-634,-1050,-1238,-1173,-865,-382,0,715,1085,1223,1100,740,227,-331,-816,-1123,-1188,-999,-595,-68,486,931,1165,1139,868,412,-142,-673,-1051,-1215,-1117,-764,-248,319,821,1148,1228,1047,648,96,-479,-939,-1201,-1211,-957,-500,52,600,1019,1213,1148,833,339,-218,-721,-1057,-1167,-1020,-653,-148,380,811,1056,1063,830,425,-74,-559,-910,-1061,-967,-647,-194,295,731,1009,1058,868,481,-2,-485,-864,-1057,-1015,-760,-338,156,617,942,1061,952,641,198,-280,-695,-957,-1007,-849,-521,-86,358,715,909,896,694,365,-37,-422,-695,-812,-752,-528,-189,177,480,664,706,582,321,0,-308,-536,-633,-578,-391,-114,184,440,598,613,481,239,0,0,0,0,0,-538,-665,-644,-482,-209,106,401,617,698,627,424,138,-177,-452,-632,-669,-563,-332,-37,254,486,607,596,446,197,-77,-330,-506,-555,-476,-291,-42,211,415,527,504,361,146,-101,-330,-480,-516,-422,-231,20,273,460,540,490,326,82,-177,-402,-544,-568,-461,-244,36,310,517,613,574,411,158,-132,-402,-572,-618,-536,-333,-49,248,488,612,593,450,214,-71,-343,-537,-603,-536,-350,-83,199,442,598,609,485,261,-25,-308,-517,-617,-596,-435,-177,110,368,551,610,539,357,93,-189,-414,-554,-578,-478,-279,-21,232,431,540,528,402,197,-36,-259,-420,-485,-445,-315,-132,74,0,369,390,325,192,28,-129,-242,-290,-272,-185,-49,84,193,250,237,157,32,-98,-213,-280,-269,-187,-50,103,245,329,342,274,143,-37,-222,-370,-441,-412,-284,-85,139,345,485,521,454,281,41,-218,-444,-582,-597,-486,-272,9,289,524,659,651,497,238,-68,-362,-602,-720,-683,-510,-233,105,436,667,767,719,527,217,-135,-457,-686,-786,-737,-545,-242,110,439,679,780,729,547,256,-79,-387,-608,-714,-688,-534,-275,24,313,535,639,613,484,268,9,-244,-439,-543,-539,-443,-273,-54,168,345,451,473,411,278,108,-69,-227,-338,-394,-385,-318,-212,-89,30,126,191,222,0,0,0,0,0,-259,-216,-132,-6,143,294,417,490,489,410,261,53,-180,-393,-556,-627,-586,-446,-220,59,338,562,690,691,561,325,15,-297,-551,-711,-730,-606,-354,-28,312,591,749,760,616,333,-21,-382,-677,-834,-808,-624,-306,88,469,758,904,862,649,289,-148,-558,-844,-957,-888,-633,-232,207,616,901,993,874,582,162,-295,-688,-932,-982,-834,-495,-47,401,770,970,957,739,357,-104,-536,-850,-980,-899,-625,-209,258,670,942,1017,871,513,43,-436,-831,-1044,-1037,-816,-404,104,601,976,1147,1079,781,314,-226,-723,-1079,-1221,-1106,-752,-243,327,828,1156,1258,1098,699,156,-413,-893,-1187,0,-1023,-587,-32,528,967,1181,1152,889,427,-132,-653,-1028,-1181,-1082,-749,-244,318,807,1123,1193,1007,598,54,-500,-948,-1196,-1188,-914,-446,110,654,1063,1241,1158,822,303,-280,-792,-1131,-1233,-1074,-688,-155,412,881,1146,1162,940,518,-21,-548,-940,-1121,-1054,-755,-296,217,681,985,1060,898,541,61,-430,-824,-1028,-1006,-761,-342,158,623,947,1061,949,627,167,-329,-757,-1014,-1053,-864,-501,-21,460,836,1033,1003,765,374,-95,-536,-842,-972,-897,-628,-233,194,567,807,868,740,448,78,-288,-589,-747,-730,-560,-269,77,384,601,670,577,354,58,-248,-487,-616,-599,-439,-183,117,398,582,0,0
61562,mtk,MTK 7916,862953094,rx2-tx0,512,0,0,0,-407,124,642,1026,1199,1116,779,259,-325,-848,-1203,-1299,-1109,-683,-103,505,1011,1298,1305,1038,541,-80,-687,-1140,-1345,-1260,-897,-337,291,856,1238,1336,1146,712,107,-518,-1020,-1295,-1286,-988,-468,150,728,1152,1317,1180,782,215,-403,-933,-1243,-1274,-1025,-552,41,628,1074,1270,1179,835,306,-296,-818,-1152,-1221,-1013,-581,-20,531,957,1157,1090,775,286,-264,-754,-1067,-1128,-926,-502,32,559,958,1135,1044,710,212,-347,-829,-1119,-1153,-928,-483,82,631,1047,1237,1141,789,259,-347,-881,-1224,-1301,-1087,-631,-34,582,1078,1340,1311,1000,470,-172,-779,-1215,-1389,-1275,-888,-297,356,930,1303,1388,1169,0,98,-541,-1065,-1349,-1333,-1034,-511,125,727,1169,1359,1247,858,284,-349,-912,-1279,-1363,-1151,-686,-64,576,1091,1374,1357,1047,506,-151,-782,-1242,-1438,-1327,-930,-326,351,958,1355,1470,1270,805,156,-527,-1093,-1436,-1469,-1176,-642,16,674,1196,1470,1425,1075,502,-169,-802,-1262,-1458,-1347,-950,-349,321,915,1314,1437,1255,816,209,-442,-996,-1341,-1401,-1169,-699,-92,533,1044,1338,1352,1096,630,45,-547,-1016,-1271,-1267,-1018,-582,-41,497,920,1150,1153,930,534,55,-419,-790,-1002,-1018,-830,-491,-77,331,659,852,882,747,484,145,-205,-500,-694,-759,-699,-534,-294,-19,229,418,532,560,506,399,261,0,0,0,0,0,-225,-97,67,260,447,585,649,617,474,245,-42,-347,-611,-775,-807,-700,-461,-123,253,601,844,929,834,579,207,-217,-624,-922,-1042,-956,-670,-239,246,702,1031,1153,1042,723,243,-299,-798,-1142,-1259,-1126,-754,-221,367,892,1233,1324,1150,737,161,-451,-977,-1321,-1389,-1160,-697,-87,552,1073,1370,1391,1124,628,-1,-632,-1124,-1372,-1337,-1027,-506,119,709,1136,1319,1222,866,325,-273,-799,-1141,-1235,-1063,-660,-114,444,889,1130,1119,861,417,-117,-621,-981,-1114,-993,-652,-169,361,811,1072,1084,858,435,-96,-611,-992,-1156,-1065,-729,-222,335,827,1144,1218,1015,588,32,-539,-1002,-1249,-1225,-937,0,166,730,1140,1311,1189,801,239,-378,-909,-1254,-1323,-1093,-620,-4,617,1099,1346,1299,962,414,-233,-836,-1264,-1416,-1257,-820,-197,469,1045,1394,1436,1174,649,-19,-678,-1198,-1461,-1408,-1054,-469,228,869,1305,1459,1298,850,229,-439,-1001,-1342,-1382,-1124,-615,18,633,1107,1326,1243,896,346,-277,-824,-1183,-1267,-1067,-639,-67,516,975,1210,1168,864,374,-197,-714,-1065,-1172,-1016,-631,-118,417,850,1082,1066,816,384,-124,-593,-916,-1025,-900,-579,-132,335,712,913,895,670,298,-137,-539,-803,-872,-736,-424,-11,407,726,868,809,556,159,-273,-640,-867,-892,-697,-335,112,547,854,974,875,568,119,0,0,0,0,0,-1054,-1146,-978,-585,-62,494,956,1215,1211,949,473,-115,-693,-1125,-1316,-1224,-869,-325,299,859,1235,1348,1171,730,127,-493,-1007,-1306,-1316,-1042,-540,78,686,1135,1333,1231,856,292,-331,-875,-1223,-1307,-1095,-633,-35,572,1053,1288,1234,910,382,-233,-789,-1179,-1297,-1123,-702,-130,464,952,1223,1216,939,452,-124,-667,-1058,-1208,-1070,-696,-173,392,860,1121,1116,851,401,-146,-658,-1011,-1123,-976,-606,-86,453,896,1133,1102,813,338,-218,-739,-1095,-1206,-1044,-635,-76,505,982,1245,1234,945,445,-163,-750,-1171,-1340,-1220,-833,-253,384,943,1299,1372,1152,680,53,-584,-1092,-1365,-1347,-1038,-504,143,750,0,1389,1274,886,309,-340,-905,-1266,-1357,-1158,-702,-88,540,1050,1334,1319,1014,486,-149,-751,-1194,-1374,-1259,-865,-282,365,946,1327,1417,1197,720,85,-571,-1115,-1422,-1414,-1104,-564,105,756,1242,1469,1395,1010,401,-282,-901,-1335,-1490,-1325,-880,-250,432,1024,1402,1478,1242,744,98,-566,-1114,-1418,-1420,-1129,-600,56,700,1186,1411,1350,1007,457,-177,-774,-1210,-1393,-1288,-916,-364,254,809,1199,1343,1211,845,326,-250,-763,-1124,-1248,-1121,-784,-306,221,682,997,1105,1003,711,294,-162,-573,-860,-963,-884,-646,-298,87,437,694,819,794,624,359,53,-257,-504,-648,-685,-623,-472,-272,-61,127,263,342,0,0,0,0,0,-355,-458,-504,-480,-381,-204,34,290,516,679,746,681,493,214,-123,-456,-720,-866,-848,-669,-358,37,438,764,956,973,788,442,1,-462,-842,-1064,-1073,-870,-487,11,524,942,1178,1176,941,504,-56,-603,-1038,-1270,-1245,-971,-487,113,692,1132,1355,1299,971,442,-185,-786,-1229,-1419,-1308,-930,-358,284,871,1271,1410,1262,847,256,-373,-918,-1273,-1356,-1153,-708,-113,491,978,1245,1243,979,505,-70,-615,-1018,-1195,-1106,-776,-275,273,749,1057,1123,937,537,19,-490,-890,-1099,-1048,-753,-287,240,716,1042,1135,970,581,55,-492,-934,-1173,-1149,-885,-411,160,696,1093,1250,1132,769,235,-360,-882,0,-1290,-1075,-623,-33,565,1045,1294,1270,960,434,-182,-763,-1183,-1341,-1203,-799,-211,433,989,1323,1372,1124,626,-20,-667,-1168,-1426,-1367,-1002,-427,250,883,1317,1478,1322,867,224,-466,-1059,-1408,-1451,-1191,-672,-2,661,1174,1421,1360,1010,442,-220,-819,-1230,-1369,-1198,-763,-172,456,973,1260,1264,988,492,-108,-675,-1084,-1248,-1129,-754,-214,360,841,1135,1178,945,503,-41,-571,-967,-1138,-1051,-736,-261,269,726,1012,1062,872,492,16,-455,-812,-976,-912,-639,-224,232,618,855,887,704,357,-71,-473,-766,-874,-768,-481,-81,347,691,877,854,626,246,-198,-599,-872,-945,-789,-448,2,459,825,1012,0,0
61563,mtk,MTK 7916,862953094,rx2-tx1,512,0,0,0,-502,-899,-1105,-1081,-823,-376,152,652,1022,1174,1067,735,250,-287,-767,-1083,-1157,-978,-598,-96,435,853,1083,1081,839,423,-81,-561,-905,-1045,-952,-637,-191,281,689,929,960,759,384,-69,-504,-825,-938,-832,-527,-89,368,733,937,929,693,296,-183,-632,-944,-1042,-899,-546,-65,438,851,1085,1078,822,371,-164,-669,-1022,-1144,-1023,-666,-147,417,894,1173,1189,933,472,-101,-668,-1099,-1299,-1209,-841,-286,341,912,1287,1388,1195,743,124,-523,-1065,-1393,-1424,-1149,-641,0,654,1169,1430,1399,1073,516,-143,-764,-1215,-1410,-1307,-937,-384,248,822,1210,1343,1189,798,260,-323,-823,-1144,-1208,-1019,-633,0,391,800,1021,1015,789,410,-42,-473,-773,-892,-801,-531,-160,236,570,757,760,588,295,-68,-413,-643,-720,-628,-382,-39,314,586,712,673,470,146,-227,-556,-759,-784,-627,-308,98,497,802,950,878,600,184,-299,-738,-1040,-1127,-972,-606,-104,443,916,1200,1245,1036,607,39,-546,-1029,-1314,-1332,-1071,-591,11,614,1098,1378,1384,1116,620,-5,-627,-1120,-1395,-1401,-1133,-648,-49,546,1026,1304,1333,1112,682,134,-417,-868,-1140,-1180,-995,-632,-172,302,692,938,995,859,567,182,-221,-562,-777,-829,-730,-504,-197,132,423,625,709,661,507,280,21,-222,-415,-532,-557,-500,-391,-240,-87,42,0,0,0,0,0,-109,-258,-392,-493,-539,-502,-387,-208,12,239,441,578,616,548,382,135,-134,-378,-554,-632,-589,-431,-183,106,370,566,647,605,434,156,-155,-434,-627,-705,-627,-413,-110,221,515,704,755,648,400,60,-294,-590,-776,-809,-664,-374,-7,362,666,835,830,644,318,-64,-435,-731,-867,-810,-579,-233,159,524,783,872,776,513,137,-262,-595,-807,-855,-708,-405,-17,378,677,826,802,598,260,-118,-477,-735,-818,-719,-467,-108,285,617,802,821,658,343,-45,-430,-722,-861,-812,-584,-232,163,532,799,880,767,494,120,-289,-636,-842,-866,-696,-377,19,408,711,860,812,585,239,-158,0,-794,-870,-758,-487,-107,292,628,828,836,665,355,-31,-406,-686,-808,-746,-522,-170,225,559,754,775,628,330,-59,-429,-709,-831,-761,-513,-138,274,627,848,884,727,405,-20,-442,-762,-923,-885,-648,-257,187,576,843,933,813,506,91,-347,-710,-905,-892,-674,-310,128,542,827,922,804,506,89,-356,-715,-913,-907,-693,-311,139,555,858,976,862,549,108,-361,-755,-980,-992,-790,-397,93,562,917,1065,979,678,227,-278,-722,-1008,-1077,-916,-556,-66,432,831,1048,1034,788,369,-119,-576,-906,-1035,-925,-615,-166,318,731,981,1003,799,418,-56,-521,-864,-1015,-943,-658,-219,275,710,0,0,0,0,0,992,668,196,-336,-801,-1091,-1143,-956,-566,-49,480,906,1139,1132,879,437,-95,-602,-976,-1135,-1048,-734,-263,250,708,1006,1070,899,537,57,-424,-796,-994,-956,-698,-294,173,601,879,944,789,453,15,-433,-785,-945,-878,-618,-194,286,697,953,990,802,421,-66,-542,-906,-1067,-991,-691,-217,317,771,1060,1119,925,519,-10,-543,-961,-1172,-1113,-801,-302,273,794,1154,1257,1070,649,79,-526,-1029,-1305,-1298,-1017,-512,121,735,1204,1424,1341,961,379,-276,-882,-1300,-1448,-1299,-865,-250,410,980,1343,1419,1202,737,128,-515,-1043,-1343,-1362,-1099,-610,-11,579,1040,1276,1244,951,472,-81,-605,-991,0,-1044,-735,-290,196,624,896,952,809,495,69,-341,-652,-809,-779,-572,-235,144,480,697,741,610,332,-28,-367,-609,-713,-656,-430,-85,273,571,739,728,542,216,-181,-545,-795,-876,-747,-435,-20,420,802,1011,1003,787,379,-126,-617,-1003,-1195,-1133,-833,-351,220,755,1141,1308,1216,847,303,-298,-854,-1251,-1402,-1269,-867,-289,342,902,1290,1437,1302,911,336,-301,-869,-1258,-1403,-1290,-926,-382,214,748,1127,1284,1199,888,424,-100,-578,-927,-1081,-1028,-784,-401,35,448,761,903,859,661,358,-1,-343,-609,-749,-746,-612,-370,-74,216,454,605,652,588,439,246,35,-159,-307,-391,-413,-371,0,0,0,0,0,395,371,286,138,-46,-243,-421,-547,-589,-542,-411,-202,53,302,496,611,616,511,303,36,-244,-480,-617,-641,-536,-319,-34,266,505,653,671,537,283,-22,-327,-582,-722,-709,-541,-264,79,424,676,790,747,543,215,-154,-492,-732,-833,-762,-525,-167,226,564,789,853,737,469,86,-317,-643,-840,-856,-695,-382,23,414,704,855,828,619,275,-120,-484,-750,-852,-766,-512,-152,246,581,782,814,665,369,-7,-392,-679,-817,-776,-565,-227,167,529,774,854,747,475,95,-301,-642,-843,-860,-691,-379,19,419,724,870,829,614,259,-153,-525,-784,-876,-775,-502,-118,287,630,834,858,0,375,-23,-416,-711,-857,-824,-599,-246,152,518,762,828,711,441,70,-314,-614,-778,-768,-577,-255,130,491,735,803,686,413,32,-363,-675,-844,-829,-617,-265,150,552,828,921,821,532,121,-313,-686,-910,-926,-734,-390,45,473,792,928,859,605,208,-243,-638,-881,-910,-746,-413,17,447,777,924,857,599,203,-252,-654,-901,-946,-780,-438,9,462,821,992,938,666,247,-236,-675,-966,-1039,-879,-533,-67,433,836,1052,1046,811,396,-105,-588,-942,-1084,-989,-686,-236,267,704,983,1050,881,510,28,-448,-814,-1004,-976,-719,-301,181,623,929,1020,877,540,72,-408,-801,-1018,-1005,-766,0,0
61564,mtk,MTK 7916,863010094,rx0-tx0,512,-330,-1332,-1229,-559,-755,-889,-950,-926,-824,-658,-438,-180,98,353,586,778,902,945,906,801,622,407,157,-116,-376,-597,-780,-887,-934,-904,-792,-621,-390,-132,137,398,621,794,922,960,913,797,598,353,92,-186,-450,-668,-832,-924,-945,-879,-751,-551,-311,-51,216,462,661,811,890,882,825,697,503,284,51,-200,-424,-631,-772,-853,-862,-808,-682,-502,-291,-47,199,431,629,767,837,847,777,646,459,233,-10,-240,-457,-618,-739,-789,-766,-693,-552,-373,-179,30,238,416,552,648,686,671,603,485,346,173,-14,-187,-351,-480,-575,-624,-620,-562,-468,-345,-196,-20,145,301,434,537,597,618,-26,485,366,227,48,-131,-302,-445,-553,-618,-635,-597,-519,-389,-213,-28,157,331,485,602,668,673,618,510,363,182,-21,-218,-402,-548,-649,-699,-685,-604,-474,-308,-109,97,300,462,599,680,696,665,566,426,242,48,-162,-359,-527,-648,-709,-712,-651,-531,-361,-150,77,290,467,618,715,727,678,569,398,186,-30,-251,-444,-586,-660,-671,-621,-501,-334,-150,43,222,372,477,522,530,465,365,252,127,-9,-128,-233,-305,-349,-346,-330,-288,-219,-141,-50,29,104,164,220,252,259,249,219,175,116,34,-37,-106,-171,-222,-249,-245,-216,-159,-81,6,96,165,208,215,179,115,-1406,-1415,510,-560,-708,64,5,-65,-134,-185,-213,-215,-177,-122,-54,20,91,158,204,234,250,241,209,159,88,6,-82,-168,-244,-312,-355,-365,-337,-278,-191,-72,54,194,325,433,508,542,519,443,317,143,-65,-267,-454,-600,-702,-732,-694,-595,-414,-191,63,326,566,755,877,910,850,716,500,231,-66,-358,-633,-836,-960,-1005,-941,-798,-561,-274,38,339,616,841,980,1034,980,844,634,364,53,-251,-532,-766,-925,-1010,-1002,-913,-735,-480,-196,92,399,664,850,961,1007,955,822,615,354,64,-233,-507,-735,-898,-980,-987,-897,-738,-503,-236,52,341,596,795,937,981,944,830,654,418,141,-144,301,-645,-821,-918,-952,-909,-775,-595,-358,-86,183,444,669,843,951,965,917,784,589,340,59,-232,-507,-727,-898,-1000,-1007,-936,-779,-553,-284,7,297,571,779,929,1010,1008,916,765,545,271,-12,-304,-569,-793,-964,-1051,-1043,-954,-798,-564,-285,22,326,615,846,1020,1100,1090,994,818,560,247,-77,-398,-694,-934,-1088,-1156,-1124,-982,-772,-495,-165,172,487,760,969,1095,1117,1054,914,674,389,79,-242,-532,-778,-960,-1050,-1061,-985,-814,-595,-334,-31,266,529,749,910,994,1000,920,763,545,282,4,-278,-542,-741,-889,-970,-959,-880,-727,-517,-257,18,286,542,742,886,945,929,860,-16,-201,-82,510,737,-771,-577,-333,-64,215,463,672,830,924,937,865,740,542,301,28,-233,-487,-689,-830,-914,-923,-846,-712,-514,-276,-19,253,496,703,851,930,935,866,712,512,256,-27,-295,-549,-755,-884,-942,-939,-847,-680,-461,-203,70,337,574,758,869,917,898,796,634,420,161,-86,-328,-555,-730,-830,-876,-844,-759,-604,-401,-164,77,314,529,696,811,863,838,743,589,374,142,-105,-338,-543,-702,-803,-825,-786,-676,-510,-316,-83,132,348,532,653,721,735,687,579,435,262,63,-126,-309,-453,-560,-635,-645,-612,-532,-411,-259,-86,87,249,386,503,583,609,590,530,427,287,129,-37,628,-368,-485,-576,-621,-605,-547,-441,-301,-134,50,220,382,525,617,649,634,568,448,292,108,-89,-282,-452,-578,-668,-689,-657,-562,-423,-244,-43,166,356,507,623,684,688,632,523,377,178,-28,-235,-417,-560,-656,-704,-692,-609,-475,-298,-100,113,320,495,630,712,729,675,557,387,174,-53,-260,-457,-616,-700,-714,-670,-551,-377,-172,33,236,419,539,600,599,549,448,296,132,-35,-191,-296,-377,-423,-433,-396,-325,-230,-124,-23,66,162,233,277,296,288,268,222,168,91,18,-57,-125,-178,-224,-247,-238,-218,-178,-117,-39,44,121,189,229,244,220,164,87,-5,-85,-134,-230,21,-82,-910,-798,-146,-177,-175,-143,-85,-17,66,141,191,225,232,221,180,121,54,-18,-97,-165,-224,-270,-288,-290,-254,-205,-134,-41,66,180,280,369,422,443,427,362,253,105,-58,-229,-382,-517,-614,-645,-612,-517,-364,-164,68,295,510,687,791,827,782,656,458,212,-77,-358,-619,-814,-934,-956,-900,-752,-519,-252,57,358,633,852,984,1018,959,816,596,318,11,-305,-584,-808,-966,-1027,-993,-882,-677,-422,-125,175,458,719,903,994,1015,949,776,544,283,-7,-306,-569,-788,-928,-995,-971,-865,-682,-435,-160,139,415,658,846,951,986,930,786,584,322,31,-246,-507,-721,-884,-962,-952,-176,-717,-497,-243,16,297,537,737,886,951,938,848,694,485,218,-58,-336,-593,-790,-933,-995,-980,-868,-688,-453,-171,129,408,665,851,976,1015,988,856,654,407,133,-165,-439,-678,-877,-993,-1028,-984,-861,-677,-436,-138,169,451,704,909,1037,1085,1043,913,702,429,113,-203,-504,-771,-989,-1106,-1135,-1071,-923,-679,-378,-46,292,598,845,1038,1141,1134,1036,857,599,282,-48,-354,-648,-888,-1033,-1100,-1071,-951,-757,-498,-198,99,402,663,853,994,1050,1004,878,686,439,163,-121,-400,-648,-841,-958,-995,-961,-832,-643,-409,-137,145,405,641,819,934,961,915,796,601,368,93,-165,-430,-1077,-1059
61565,mtk,MTK 7916,863010094,rx0-tx1,512,-686,372,301,-719,-714,-661,-544,-376,-190,16,216,400,552,642,687,671,598,481,324,139,-49,-230,-387,-505,-585,-628,-626,-548,-446,-309,-152,19,180,338,460,544,594,598,561,480,363,213,42,-131,-285,-431,-549,-614,-639,-619,-546,-422,-273,-90,106,298,462,596,678,717,688,594,460,275,69,-135,-341,-521,-647,-733,-755,-708,-607,-447,-249,-29,187,395,562,678,747,746,687,566,389,196,-15,-231,-414,-572,-675,-726,-711,-638,-505,-342,-156,53,245,420,558,651,689,673,598,477,319,134,-68,-255,-418,-546,-636,-666,-643,-574,-456,-298,-107,81,266,439,558,642,664,634,556,432,-38,61,-139,-327,-481,-596,-666,-678,-629,-517,-363,-193,1,198,388,529,624,673,654,581,461,295,106,-91,-281,-452,-584,-659,-666,-621,-521,-377,-205,1,192,360,506,600,634,625,556,427,267,85,-101,-270,-413,-510,-578,-581,-527,-441,-310,-155,8,148,285,412,477,504,484,428,342,225,94,-38,-167,-283,-373,-435,-454,-432,-379,-296,-190,-58,68,191,301,377,423,420,393,329,215,87,-32,-159,-269,-347,-383,-389,-363,-298,-202,-101,19,133,229,299,337,341,318,260,178,71,-39,-136,-221,-290,-310,-302,-259,-185,-98,19,124,207,260,268,234,166,74,-24,-105,-156,483,453,0,59,158,-172,-189,-169,-113,-32,57,146,214,250,253,220,162,79,-16,-107,-179,-233,-265,-258,-231,-182,-106,-24,64,137,196,231,249,249,216,153,80,12,-59,-127,-178,-204,-215,-212,-184,-135,-96,-51,3,60,105,129,152,165,168,156,144,123,84,45,15,-34,-84,-129,-175,-197,-202,-196,-178,-130,-76,-14,48,109,167,213,228,230,212,185,130,85,25,-45,-106,-154,-192,-230,-243,-237,-218,-176,-132,-74,6,92,164,229,291,315,309,286,240,158,68,-38,-144,-236,-307,-356,-374,-352,-305,-235,-143,-41,79,188,278,343,382,391,380,329,247,134,22,-90,-203,-303,-48,-429,-435,-406,-347,-260,-138,-12,127,250,356,439,490,503,463,383,269,129,-20,-182,-324,-439,-525,-554,-532,-476,-374,-244,-89,70,227,370,485,550,566,545,481,374,232,83,-88,-250,-384,-506,-571,-598,-578,-513,-397,-248,-91,86,255,407,519,602,646,621,546,435,280,108,-83,-269,-439,-580,-672,-708,-685,-605,-471,-290,-89,129,333,511,652,730,752,712,607,455,257,26,-199,-404,-573,-698,-764,-762,-691,-558,-387,-180,38,249,455,601,702,744,732,646,521,345,137,-74,-281,-466,-612,-711,-743,-714,-628,-487,-303,-98,110,319,502,632,719,734,695,595,434,248,69,-118,9,-314,-378,-117,89,291,477,606,682,708,669,582,436,257,68,-135,-318,-473,-587,-650,-657,-611,-517,-377,-223,-57,126,292,420,525,590,609,583,512,392,259,101,-65,-233,-378,-498,-580,-617,-601,-544,-456,-319,-153,17,195,368,511,615,675,677,622,521,375,192,-8,-228,-413,-569,-682,-733,-729,-669,-534,-367,-167,55,269,462,617,716,757,734,654,502,323,116,-105,-313,-499,-635,-710,-747,-701,-604,-455,-275,-73,137,333,502,618,695,701,653,559,420,242,44,-160,-337,-488,-601,-667,-674,-620,-525,-389,-217,-23,166,337,484,597,656,661,616,510,361,190,-8,-200,-373,-512,634,-676,-660,-588,-469,-320,-134,68,264,436,557,640,675,646,551,412,243,56,-147,-326,-487,-604,-664,-660,-604,-498,-343,-160,44,233,415,546,633,657,615,539,406,231,45,-141,-323,-463,-561,-607,-600,-541,-430,-291,-128,57,215,357,466,525,533,497,442,330,196,53,-99,-235,-348,-426,-461,-463,-435,-365,-268,-146,-13,121,238,339,407,445,436,396,310,200,70,-60,-174,-293,-378,-408,-414,-383,-315,-211,-89,29,145,246,315,358,374,341,280,192,87,-20,-128,-221,-293,-332,-328,-292,-235,-144,-34,69,168,241,288,301,262,196,99,-9,-107,-181,-221,-216,-172,-100,-103,-183,0,-135,-53,-38,34,116,186,225,233,201,131,42,-53,-140,-208,-256,-265,-243,-195,-133,-45,44,120,192,239,267,262,223,163,89,15,-66,-142,-199,-228,-239,-229,-194,-144,-85,-24,44,106,139,155,175,181,165,137,104,80,40,3,-38,-68,-106,-142,-158,-178,-192,-176,-154,-106,-48,11,67,134,184,213,229,221,197,159,95,34,-27,-81,-138,-179,-206,-229,-226,-208,-181,-141,-86,-15,48,116,178,228,271,290,277,234,189,113,19,-70,-155,-239,-300,-332,-346,-323,-271,-196,-103,4,110,202,288,347,382,379,341,276,191,85,-25,-137,-245,-333,-391,-410,-407,-371,-298,-1135,-78,50,173,274,369,427,457,452,394,313,205,79,-67,-215,-346,-449,-511,-531,-506,-432,-331,-193,-27,133,286,419,509,558,560,515,426,301,148,-6,-168,-314,-445,-523,-567,-576,-526,-443,-321,-160,-1,164,318,460,549,604,618,571,482,346,196,14,-179,-350,-495,-599,-651,-665,-617,-526,-378,-201,-2,200,392,554,664,724,727,664,548,383,179,-37,-262,-460,-617,-731,-778,-746,-657,-513,-328,-108,120,338,518,657,744,757,718,612,451,265,54,-163,-365,-528,-662,-731,-741,-689,-578,-424,-230,-14,200,397,564,677,731,730,670,547,378,178,-44,-248,-442,-587,-681,-109,-122
61566,mtk,MTK 7916,863010094,rx1-tx0,512,0,521,860,-340,-221,-79,69,220,356,468,547,587,572,511,411,278,118,-68,-252,-421,-555,-647,-695,-676,-609,-480,-301,-95,125,338,528,678,771,806,762,653,479,274,32,-231,-457,-653,-799,-862,-864,-791,-631,-427,-190,73,335,567,747,861,900,860,755,581,359,110,-161,-409,-613,-762,-846,-880,-836,-708,-544,-324,-74,178,411,623,776,861,881,830,706,528,299,37,-219,-455,-654,-807,-897,-889,-806,-663,-470,-227,29,285,508,691,832,875,845,757,607,397,147,-115,-356,-571,-731,-821,-838,-783,-665,-490,-273,-41,199,403,578,698,740,743,670,541,373,176,-25,-224,-403,-549,-277,-656,-625,-551,-440,-291,-128,43,205,347,451,525,561,553,502,408,291,156,6,-141,-276,-399,-482,-533,-545,-512,-439,-330,-197,-48,111,261,391,489,548,570,546,478,362,225,66,-95,-251,-403,-524,-600,-629,-613,-541,-421,-271,-84,116,314,483,627,730,754,714,608,445,234,-20,-268,-491,-680,-811,-871,-837,-713,-518,-277,-3,273,524,720,834,872,821,691,493,246,-20,-276,-491,-640,-737,-753,-700,-581,-405,-205,8,224,396,524,609,631,589,479,341,180,-5,-179,-324,-437,-507,-528,-492,-398,-272,-119,36,191,325,412,450,430,348,228,80,-73,-211,-296,-316,-276,-960,-545,0,-1134,-1498,-36,-15,6,36,64,76,83,80,68,48,21,-10,-43,-67,-85,-101,-110,-93,-80,-60,-27,-1,37,69,98,123,126,126,116,97,65,36,1,-41,-86,-128,-157,-176,-183,-176,-155,-119,-65,7,82,149,215,272,301,310,280,229,141,31,-83,-206,-316,-400,-444,-438,-394,-307,-173,-11,144,287,418,502,528,503,429,303,152,-3,-182,-339,-453,-526,-538,-507,-432,-313,-160,19,177,316,432,495,518,489,406,282,156,15,-130,-249,-344,-406,-426,-401,-352,-272,-177,-75,41,131,209,269,307,326,320,297,252,192,119,47,-39,-136,-215,-282,-340,-356,-353,-333,-279,489,-93,17,141,233,330,397,424,423,368,298,202,74,-57,-187,-297,-388,-451,-475,-454,-397,-301,-179,-45,90,229,351,439,490,500,474,397,292,160,22,-129,-265,-379,-456,-508,-518,-470,-394,-282,-150,-17,134,272,385,463,508,513,472,405,301,172,35,-111,-242,-358,-446,-503,-528,-513,-444,-344,-218,-66,85,237,378,487,568,603,592,520,409,246,72,-123,-302,-460,-593,-665,-667,-610,-503,-358,-173,34,232,398,532,610,640,612,532,400,244,78,-91,-250,-383,-483,-541,-542,-511,-439,-346,-211,-74,56,187,302,391,454,487,472,430,354,256,139,17,-111,-234,-359,1279,518,0,-760,-340,394,478,527,534,502,427,318,179,19,-155,-309,-447,-550,-624,-644,-605,-509,-372,-209,-14,182,376,549,677,743,750,688,564,389,180,-48,-285,-502,-674,-787,-850,-827,-725,-569,-353,-105,142,404,619,771,867,896,836,700,511,275,13,-251,-492,-691,-822,-892,-884,-798,-646,-441,-211,35,294,507,681,813,874,856,778,633,432,198,-51,-305,-532,-720,-845,-894,-866,-771,-606,-393,-138,128,371,582,757,865,897,849,719,549,322,61,-191,-428,-629,-778,-855,-852,-780,-644,-445,-216,31,272,486,659,764,806,772,671,526,314,103,-114,-326,-499,-628,-698,-702,-654,-562,-418,315,-44,146,309,445,543,589,595,552,465,344,211,57,-90,-238,-368,-463,-526,-542,-518,-466,-371,-245,-107,47,193,333,443,515,557,545,491,397,276,138,-19,-171,-320,-443,-532,-584,-586,-550,-462,-333,-174,-3,184,361,506,607,674,682,633,523,372,164,-63,-278,-482,-642,-765,-816,-777,-677,-499,-278,-14,263,514,708,830,879,835,715,510,268,-1,-263,-499,-686,-802,-837,-785,-643,-447,-217,25,254,451,595,670,692,642,525,375,191,-7,-205,-368,-481,-556,-579,-533,-440,-311,-158,5,172,319,419,474,477,434,338,201,48,-117,-258,-357,-402,-388,-310,-182,-46,65,-433,-721,0,936,118,51,60,68,69,51,27,-1,-32,-61,-82,-91,-94,-84,-67,-46,-26,15,51,74,101,111,114,108,92,74,43,12,-18,-56,-91,-121,-138,-152,-154,-136,-109,-71,-28,18,75,131,184,224,244,233,208,168,97,10,-90,-186,-268,-339,-368,-374,-343,-264,-155,-25,113,243,367,451,491,471,420,313,167,-2,-169,-330,-452,-517,-543,-526,-437,-311,-151,21,180,330,444,527,541,500,426,304,153,-3,-162,-301,-395,-452,-481,-452,-384,-287,-168,-35,87,190,280,330,363,360,328,283,212,127,39,-44,-121,-196,-255,-295,-315,-330,-310,-259,-204,-119,-26,70,166,260,-571,380,401,379,328,260,144,25,-107,-225,-315,-397,-447,-447,-417,-347,-250,-130,6,143,270,384,460,484,476,434,349,241,105,-32,-178,-309,-420,-486,-514,-499,-442,-352,-236,-98,64,209,335,436,492,514,502,441,344,222,85,-65,-197,-316,-416,-484,-516,-505,-452,-368,-257,-133,12,163,306,409,500,549,553,523,440,317,170,0,-176,-343,-490,-594,-642,-637,-574,-471,-314,-119,86,270,432,564,652,666,612,515,375,201,16,-168,-335,-467,-552,-588,-581,-525,-433,-301,-144,18,166,290,399,479,500,495,456,379,282,166,33,-98,-216,-318,-402,-455,-480,-468,-430,-349,905,1385
61567,mtk,MTK 7916,863010094,rx1-tx1,512,0,0,0,-46,273,543,686,654,472,187,-146,-453,-653,-693,-572,-323,0,316,557,662,603,410,124,-182,-436,-584,-583,-434,-188,97,353,517,545,435,223,-49,-306,-474,-522,-442,-252,8,266,450,515,458,282,28,-239,-445,-535,-493,-320,-67,210,449,567,539,390,141,-153,-418,-579,-599,-476,-240,50,337,548,622,546,334,48,-253,-492,-612,-581,-404,-148,150,416,568,581,461,218,-85,-363,-546,-604,-521,-306,-17,275,500,605,571,400,126,-177,-426,-582,-605,-480,-239,47,317,517,591,527,344,78,-206,-428,-553,-541,-407,-193,65,305,470,522,450,281,54,-182,-359,-440,-419,0,-123,67,231,326,338,269,130,-32,-170,-255,-271,-205,-72,68,180,244,243,170,43,-102,-227,-293,-283,-194,-41,136,282,358,349,254,86,-111,-295,-418,-444,-369,-195,36,278,467,535,485,323,82,-185,-425,-580,-596,-467,-230,69,360,573,659,600,403,104,-227,-510,-687,-714,-576,-311,31,374,641,772,727,517,199,-165,-501,-721,-788,-689,-441,-102,259,564,750,773,625,349,12,-320,-587,-719,-703,-549,-279,48,347,558,643,603,437,181,-102,-354,-523,-575,-511,-339,-110,129,334,457,490,425,275,83,-112,-276,-388,-424,-379,-272,-127,28,164,258,307,302,256,184,0,0,0,0,0,279,252,178,56,-97,-263,-407,-491,-494,-412,-253,-31,212,427,575,618,546,366,94,-207,-470,-643,-695,-608,-385,-79,245,524,702,730,601,337,-1,-343,-619,-758,-730,-538,-216,161,501,744,822,712,436,44,-362,-689,-868,-855,-650,-286,147,554,844,949,840,534,104,-350,-737,-952,-957,-736,-350,112,554,880,984,867,561,118,-349,-741,-960,-947,-709,-312,156,596,894,970,818,481,22,-452,-821,-997,-931,-642,-202,291,727,998,1033,820,406,-106,-601,-962,-1104,-994,-645,-133,416,880,1143,1148,893,417,-160,-696,-1092,-1246,-1112,-725,-174,419,913,1216,1229,951,473,-114,-675,0,-1243,-1106,-727,-171,419,903,1175,1167,884,402,-174,-708,-1078,-1185,-1014,-603,-41,532,973,1191,1123,784,260,-329,-840,-1159,-1208,-971,-499,83,650,1064,1242,1125,738,183,-412,-906,-1196,-1207,-923,-426,155,692,1068,1192,1031,630,88,-470,-908,-1122,-1062,-742,-263,269,736,1013,1039,813,390,-124,-611,-940,-1030,-882,-517,-9,500,876,1041,962,654,182,-328,-761,-1013,-1028,-801,-385,120,592,932,1053,915,566,92,-392,-778,-989,-972,-720,-304,160,572,853,920,766,443,30,-375,-674,-806,-742,-503,-158,215,525,692,678,498,209,-122,-418,-600,-621,-485,-231,87,380,579,633,522,277,-29,0,0,0,0,0,-669,-613,-413,-107,231,514,676,684,535,258,-72,-387,-609,-689,-609,-385,-73,250,500,625,606,435,165,-132,-391,-549,-566,-440,-209,67,322,492,533,435,227,-37,-288,-460,-515,-442,-261,-12,249,444,522,466,293,41,-225,-442,-547,-518,-356,-102,180,426,574,575,430,184,-107,-381,-565,-615,-514,-293,0,289,511,615,566,381,100,-204,-455,-590,-583,-433,-182,110,377,555,595,490,266,-26,-310,-523,-609,-547,-349,-69,226,469,601,593,449,199,-103,-386,-565,-602,-505,-294,-19,259,475,576,543,386,140,-136,-374,-514,-537,-442,-244,1,237,416,489,443,299,92,-118,0,-389,-392,-300,-140,39,198,290,297,231,105,-48,-178,-252,-251,-175,-51,85,198,260,256,178,41,-118,-248,-325,-319,-219,-53,132,292,386,400,312,129,-86,-287,-439,-495,-434,-260,-15,244,448,562,544,398,153,-135,-407,-589,-637,-542,-320,-15,293,546,679,653,489,212,-128,-449,-673,-745,-646,-411,-76,283,580,752,760,606,331,-29,-388,-660,-785,-749,-549,-236,116,445,674,759,682,464,153,-179,-474,-662,-701,-587,-362,-73,220,463,599,600,478,271,17,-233,-435,-534,-509,-389,-207,20,234,384,450,438,345,183,6,-166,-300,-370,-373,-323,-228,-107,12,105,164,0,0,0,0,0,89,213,317,391,411,362,245,74,-135,-335,-487,-566,-544,-412,-199,57,327,541,649,636,496,252,-56,-365,-599,-709,-678,-502,-219,118,438,664,752,672,444,114,-254,-569,-763,-790,-629,-317,69,447,724,849,790,541,160,-266,-636,-873,-914,-755,-427,13,464,800,960,897,631,231,-233,-655,-923,-973,-809,-463,-7,459,814,974,908,637,224,-248,-670,-930,-965,-774,-401,69,534,871,993,882,567,118,-371,-778,-997,-976,-735,-309,202,672,992,1072,898,513,2,-516,-929,-1143,-1084,-759,-261,299,810,1144,1211,1002,571,4,-567,-1020,-1246,-1189,-866,-347,251,805,1162,1253,1061,0,34,-546,-991,-1207,-1146,-814,-290,299,806,1125,1183,957,511,-64,-634,-1040,-1197,-1074,-692,-148,431,914,1187,1173,879,385,-207,-752,-1129,-1237,-1050,-617,-44,539,997,1227,1170,844,318,-281,-810,-1146,-1211,-988,-530,35,590,1004,1170,1056,698,184,-367,-822,-1067,-1063,-800,-336,196,677,984,1035,836,448,-53,-552,-918,-1044,-916,-569,-87,422,833,1045,1004,728,282,-231,-687,-984,-1051,-873,-486,20,506,862,1023,950,655,213,-271,-687,-924,-941,-747,-388,57,470,756,857,756,479,100,-290,-598,-747,-719,-513,-181,172,466,639,649,502,229,-112,-412,-588,-614,-494,-246,65,359,563,634,0,0
61568,mtk,MTK 7916,863010094,rx2-tx0,512,0,0,0,242,747,1091,1180,983,551,-25,-610,-1069,-1285,-1192,-812,-243,394,945,1279,1310,1029,511,-137,-754,-1190,-1350,-1190,-745,-126,530,1058,1331,1282,931,353,-307,-886,-1249,-1315,-1068,-557,90,704,1143,1308,1163,727,111,-526,-1035,-1288,-1227,-866,-294,351,907,1240,1264,985,477,-147,-737,-1132,-1253,-1068,-627,-31,568,1019,1209,1099,719,170,-419,-898,-1143,-1098,-777,-272,298,797,1085,1099,839,358,-216,-736,-1064,-1120,-900,-454,117,672,1064,1189,1017,591,17,-575,-1043,-1251,-1151,-769,-194,431,970,1285,1279,974,437,-221,-829,-1240,-1368,-1168,-688,-45,618,1134,1381,1310,922,316,-358,-955,-1327,-1385,-1115,0,73,724,1203,1390,1241,797,173,-490,-1031,-1331,-1313,-977,-406,254,858,1263,1360,1131,635,-20,-677,-1169,-1389,-1281,-864,-247,440,1029,1377,1399,1092,526,-160,-824,-1293,-1464,-1296,-820,-145,564,1133,1445,1428,1075,471,-250,-914,-1357,-1492,-1287,-780,-91,616,1176,1460,1412,1042,430,-279,-917,-1340,-1449,-1215,-711,-54,618,1150,1407,1341,977,390,-284,-885,-1283,-1393,-1185,-722,-105,535,1054,1332,1304,998,485,-127,-698,-1103,-1261,-1142,-792,-276,289,765,1061,1129,956,582,101,-377,-761,-968,-967,-766,-418,2,403,705,850,819,629,322,-30,-354,-601,-728,-714,-578,-351,-88,167,365,482,514,469,360,0,0,0,0,0,308,433,507,506,420,243,2,-262,-506,-685,-741,-659,-446,-136,212,539,776,866,776,515,138,-278,-653,-901,-962,-824,-497,-47,423,823,1052,1054,819,400,-121,-634,-1021,-1187,-1088,-753,-242,348,872,1204,1272,1057,605,8,-601,-1090,-1343,-1290,-951,-391,269,873,1284,1412,1215,745,99,-567,-1104,-1392,-1373,-1037,-463,212,824,1251,1399,1219,766,143,-505,-1025,-1301,-1267,-946,-411,213,770,1143,1243,1040,597,26,-547,-983,-1169,-1069,-717,-195,372,838,1089,1070,795,318,-234,-732,-1044,-1095,-880,-451,104,636,1010,1146,1004,612,64,-509,-964,-1192,-1138,-810,-281,318,858,1189,1239,1002,519,-95,0,-1129,-1301,-1162,-735,-138,487,1009,1292,1252,917,369,-276,-869,-1255,-1330,-1094,-590,68,715,1190,1385,1246,809,169,-519,-1088,-1400,-1379,-1034,-444,262,910,1344,1465,1233,709,19,-682,-1233,-1486,-1377,-935,-287,413,1019,1389,1418,1109,543,-144,-790,-1241,-1387,-1193,-719,-76,572,1073,1310,1225,837,254,-384,-917,-1221,-1229,-936,-415,204,771,1125,1202,1001,556,-26,-598,-1007,-1165,-1039,-662,-137,413,858,1080,1035,740,265,-260,-707,-971,-994,-769,-353,139,578,865,923,744,389,-62,-492,-783,-876,-741,-406,31,456,761,868,753,445,13,-425,-762,-904,-808,-508,-76,390,770,961,910,629,177,-328,0,0,0,0,0,-1111,-878,-428,140,683,1079,1233,1094,682,98,-508,-1012,-1282,-1258,-934,-379,268,857,1247,1337,1119,639,4,-637,-1130,-1353,-1247,-845,-247,414,977,1293,1304,1006,463,-193,-799,-1197,-1315,-1115,-642,-8,628,1100,1298,1190,792,206,-432,-972,-1267,-1249,-931,-385,244,814,1189,1267,1032,551,-59,-651,-1078,-1233,-1086,-675,-104,487,944,1168,1098,748,215,-361,-840,-1111,-1104,-811,-315,256,762,1073,1110,868,409,-162,-702,-1066,-1161,-964,-519,63,633,1059,1226,1082,679,103,-519,-1017,-1271,-1223,-881,-316,338,915,1274,1334,1081,565,-98,-733,-1201,-1393,-1253,-811,-178,489,1051,1375,1360,1020,449,-226,-841,0,-1387,-1186,-701,-53,605,1121,1362,1277,895,301,-368,-949,-1303,-1344,-1061,-525,140,771,1216,1381,1214,751,94,-569,-1099,-1392,-1354,-986,-389,306,935,1344,1449,1208,677,-14,-700,-1233,-1481,-1376,-952,-302,413,1027,1408,1467,1187,621,-84,-768,-1278,-1491,-1359,-913,-258,448,1050,1405,1431,1137,573,-121,-774,-1248,-1441,-1297,-851,-215,451,1019,1363,1387,1094,556,-96,-724,-1186,-1380,-1269,-877,-303,336,897,1243,1302,1083,644,86,-487,-948,-1188,-1162,-892,-442,78,565,918,1063,975,692,273,-184,-584,-850,-925,-808,-538,-169,220,542,738,790,699,472,170,-146,-412,-588,-652,-610,-478,-285,-82,98,238,0,0,0,0,0,-281,-166,-2,201,403,566,649,621,476,236,-63,-378,-639,-787,-787,-635,-336,42,421,733,898,883,679,322,-119,-552,-877,-1022,-949,-669,-229,276,736,1051,1136,967,580,53,-506,-959,-1209,-1191,-913,-421,175,744,1155,1320,1184,775,194,-443,-994,-1322,-1357,-1095,-573,84,724,1212,1425,1309,901,288,-384,-961,-1328,-1395,-1142,-630,19,661,1145,1355,1255,871,287,-355,-901,-1229,-1269,-1007,-511,89,654,1055,1198,1060,663,110,-453,-899,-1128,-1074,-756,-258,298,778,1062,1083,833,382,-166,-683,-1030,-1118,-934,-521,24,576,992,1168,1070,710,174,-420,-922,-1203,-1203,-915,-405,213,782,1168,1278,0,628,23,-595,-1073,-1295,-1218,-843,-257,392,947,1275,1299,1016,480,-185,-802,-1224,-1359,-1172,-699,-49,617,1147,1400,1319,924,301,-397,-1007,-1385,-1430,-1139,-578,126,794,1281,1474,1317,838,161,-547,-1128,-1436,-1395,-1026,-426,277,909,1311,1405,1159,639,-32,-681,-1157,-1356,-1222,-786,-171,473,1000,1270,1229,892,330,-306,-851,-1175,-1220,-972,-484,119,680,1066,1181,1020,617,60,-506,-935,-1133,-1046,-709,-206,335,785,1036,1028,760,318,-191,-643,-920,-959,-761,-383,88,530,824,895,735,393,-44,-471,-770,-863,-740,-420,16,448,761,884,787,479,38,-418,-770,-930,-855,-565,-116,379,777,991,971,0,0
61569,mtk,MTK 7916,863010094,rx2-tx1,512,0,0,0,-960,-1128,-1031,-691,-183,376,853,1128,1142,889,424,-137,-660,-1039,-1173,-1026,-634,-97,451,891,1113,1069,781,311,-234,-713,-1014,-1063,-857,-446,58,536,883,1006,872,521,49,-421,-788,-950,-862,-553,-105,362,737,930,880,593,159,-315,-730,-976,-970,-708,-270,237,707,1010,1051,833,414,-121,-630,-989,-1119,-976,-583,-36,525,967,1175,1091,742,202,-394,-905,-1207,-1212,-925,-399,229,813,1213,1336,1141,657,9,-645,-1157,-1411,-1339,-944,-327,370,982,1375,1459,1202,658,-24,-702,-1219,-1456,-1364,-953,-328,357,967,1348,1413,1158,644,-10,-646,-1131,-1348,-1254,-889,-328,297,825,1153,1219,1002,559,0,-512,-902,-1070,-979,-669,-211,275,671,878,880,663,287,-148,-520,-750,-795,-637,-312,78,440,680,733,596,316,-56,-404,-640,-712,-601,-324,43,410,678,774,664,374,-24,-431,-752,-907,-822,-521,-90,382,786,1023,1030,790,355,-186,-711,-1086,-1216,-1075,-687,-121,484,988,1281,1301,1023,512,-123,-744,-1209,-1406,-1296,-896,-300,359,945,1334,1433,1216,743,114,-542,-1082,-1383,-1398,-1120,-605,29,625,1071,1295,1243,941,447,-120,-636,-996,-1132,-1030,-722,-282,203,620,883,947,808,514,134,-260,-586,-771,-795,-653,-384,-56,263,520,669,685,575,362,106,-142,-346,-484,-528,-485,-380,-242,-90,0,0,0,0,0,-412,-408,-336,-198,-12,202,398,536,591,547,394,159,-108,-353,-535,-620,-586,-431,-180,117,384,573,644,576,378,95,-219,-488,-640,-653,-526,-269,63,379,616,718,659,443,116,-243,-549,-743,-778,-631,-336,42,427,714,835,767,536,174,-229,-588,-819,-864,-705,-380,35,434,741,883,814,547,163,-258,-622,-844,-861,-682,-353,72,475,769,882,788,509,109,-309,-650,-835,-818,-601,-252,152,526,776,838,698,383,-23,-425,-728,-858,-773,-501,-111,303,655,851,842,638,287,-139,-533,-803,-890,-764,-451,-27,397,715,872,829,588,201,-229,-604,-832,-863,-684,-337,81,479,771,0,768,482,84,-338,-678,-849,-825,-603,-228,192,548,781,829,669,347,-54,-442,-715,-802,-682,-396,-9,381,683,812,733,467,79,-344,-684,-858,-825,-592,-210,232,625,875,925,740,370,-89,-527,-840,-947,-830,-514,-73,384,749,933,888,627,206,-261,-657,-895,-912,-697,-306,159,581,863,931,769,409,-61,-509,-834,-962,-849,-515,-56,419,803,984,922,636,191,-309,-741,-998,-1012,-779,-352,170,656,990,1089,915,529,19,-499,-898,-1094,-1027,-713,-229,311,764,1030,1055,829,409,-111,-600,-939,-1056,-912,-546,-54,448,842,1028,957,649,181,-327,-756,-1000,-1009,-765,-328,190,665,978,0,0,0,0,0,586,61,-479,-916,-1137,-1097,-798,-309,266,776,1100,1168,966,538,-17,-564,-964,-1140,-1055,-715,-211,329,792,1065,1083,837,387,-143,-627,-945,-1030,-867,-497,-5,471,825,970,863,540,89,-383,-757,-940,-869,-565,-127,342,735,950,918,650,212,-294,-735,-990,-1002,-763,-333,198,690,1013,1093,919,507,-45,-596,-997,-1157,-1038,-667,-122,467,946,1192,1152,831,301,-317,-860,-1204,-1271,-1023,-518,120,738,1197,1377,1230,786,155,-524,-1091,-1404,-1399,-1075,-501,197,853,1308,1467,1295,824,160,-538,-1103,-1415,-1402,-1068,-494,182,811,1249,1398,1227,783,172,-476,-997,-1272,-1261,-968,-453,141,675,1034,0,988,626,131,-373,-773,-981,-934,-660,-256,198,586,816,832,645,296,-111,-473,-709,-757,-605,-311,53,413,650,713,590,312,-46,-399,-659,-737,-621,-348,32,416,705,818,722,434,19,-421,-787,-973,-932,-656,-211,299,768,1077,1143,942,516,-41,-608,-1047,-1268,-1205,-857,-312,303,869,1260,1363,1164,696,74,-575,-1097,-1388,-1378,-1068,-525,126,768,1233,1430,1330,953,373,-283,-860,-1246,-1372,-1211,-797,-232,364,865,1164,1216,1008,600,93,-407,-804,-1012,-1002,-782,-410,24,437,740,876,822,595,262,-100,-432,-665,-748,-682,-491,-225,75,348,540,618,591,473,287,78,-119,-269,-351,-372,0,0,0,0,0,-41,-200,-348,-474,-540,-519,-409,-224,13,255,454,590,615,516,315,51,-229,-468,-612,-629,-511,-282,10,297,526,647,615,443,173,-138,-428,-632,-700,-602,-356,-26,316,586,738,728,548,228,-149,-496,-737,-815,-711,-445,-68,332,656,828,816,622,282,-132,-522,-788,-878,-769,-467,-67,344,688,873,843,620,262,-152,-551,-817,-881,-742,-432,-26,388,707,856,810,569,193,-223,-583,-810,-833,-658,-324,88,477,743,839,730,442,38,-373,-690,-852,-811,-566,-192,231,603,837,876,709,370,-54,-465,-765,-887,-792,-513,-120,302,653,848,846,639,278,-151,-535,-799,-877,-736,-413,0,422,729,873,804,543,164,-256,-616,-818,-827,-635,-293,114,491,745,815,679,372,-24,-411,-692,-796,-704,-429,-43,358,680,828,772,527,139,-296,-666,-874,-875,-665,-283,166,584,877,949,781,436,-4,-455,-802,-947,-865,-581,-154,320,710,917,897,658,258,-202,-614,-882,-928,-736,-361,107,545,850,956,821,465,-7,-469,-822,-976,-884,-580,-125,371,776,995,972,711,277,-234,-709,-1010,-1054,-839,-427,81,575,947,1097,981,623,122,-408,-849,-1084,-1052,-777,-323,210,684,993,1068,883,480,-30,-525,-888,-1031,-929,-598,-123,381,787,1008,984,712,255,-261,-708,-991,-1035,-816,-396,0,0
61570,mtk,MTK 7916,863066014,rx0-tx0,512,-330,-1332,-1229,-372,-569,-740,-867,-937,-952,-904,-802,-662,-480,-269,-39,180,395,584,732,848,906,924,886,794,650,475,267,44,-179,-390,-569,-732,-854,-925,-932,-899,-807,-652,-466,-261,-32,201,417,604,763,886,945,953,892,787,628,430,214,-13,-234,-436,-603,-760,-848,-896,-885,-833,-739,-595,-419,-224,-12,183,375,556,698,786,845,854,812,728,602,423,238,29,-175,-375,-548,-680,-774,-824,-824,-777,-679,-543,-377,-192,8,199,372,516,626,714,733,724,672,581,459,321,160,1,-158,-303,-430,-529,-595,-627,-631,-598,-533,-445,-329,-200,-61,93,224,354,459,534,588,603,589,548,-26,369,233,100,-41,-192,-328,-452,-542,-603,-631,-623,-588,-506,-396,-257,-110,54,215,359,493,588,657,677,663,604,499,377,220,46,-122,-289,-439,-564,-645,-688,-694,-654,-569,-459,-324,-157,13,178,339,494,604,673,710,697,639,554,426,254,81,-99,-275,-441,-571,-676,-723,-723,-679,-584,-447,-272,-90,95,283,446,571,650,682,662,590,484,347,181,13,-142,-292,-399,-472,-506,-500,-463,-403,-317,-217,-112,-16,84,167,234,279,301,315,308,269,234,180,125,64,2,-54,-111,-163,-199,-221,-241,-246,-221,-190,-144,-78,-17,53,126,184,223,237,221,177,112,37,-32,-1406,-1415,510,-560,-708,162,159,131,84,25,-44,-113,-169,-204,-235,-236,-213,-191,-151,-91,-24,46,105,169,223,274,299,308,309,290,238,172,88,-12,-118,-222,-317,-405,-471,-508,-510,-472,-395,-282,-138,27,196,357,506,626,712,742,726,641,506,345,140,-78,-314,-529,-700,-836,-912,-921,-857,-749,-574,-349,-101,163,421,651,841,954,1008,1014,933,792,592,353,85,-185,-435,-659,-828,-952,-1023,-1012,-940,-805,-633,-403,-150,99,346,582,774,909,984,1007,962,856,701,490,260,15,-236,-475,-679,-841,-950,-1000,-987,-916,-786,-594,-378,-155,92,347,560,739,872,950,973,928,834,690,497,274,301,-178,-395,-594,-752,-868,-932,-948,-905,-803,-667,-486,-268,-34,198,419,625,789,906,974,988,949,840,687,483,257,5,-248,-487,-687,-848,-963,-1022,-1014,-936,-828,-662,-453,-232,13,248,478,677,849,974,1029,1038,985,871,710,510,277,10,-251,-495,-718,-892,-1039,-1109,-1107,-1043,-912,-738,-511,-245,20,300,563,790,972,1090,1151,1133,1052,894,692,448,163,-118,-388,-632,-828,-981,-1077,-1102,-1066,-959,-800,-601,-365,-114,141,400,619,802,936,1017,1039,992,885,735,552,330,100,-141,-380,-584,-756,-888,-964,-985,-948,-850,-705,-524,-308,-84,147,370,575,741,856,930,946,906,833,-16,-201,-82,510,737,-857,-746,-586,-387,-163,62,289,491,667,808,902,931,907,841,717,560,369,153,-63,-287,-491,-664,-798,-892,-933,-923,-846,-730,-572,-380,-161,69,290,510,691,824,914,958,936,855,727,569,357,134,-102,-325,-526,-701,-831,-906,-929,-902,-813,-694,-523,-318,-112,105,301,498,661,776,853,878,844,781,665,510,328,137,-78,-273,-454,-618,-746,-822,-859,-838,-773,-659,-503,-319,-116,83,282,458,604,711,779,798,764,683,557,421,251,73,-94,-269,-419,-533,-622,-674,-687,-663,-596,-502,-382,-243,-99,49,197,328,440,529,583,616,610,570,506,402,285,153,7,-128,-260,628,-489,-565,-600,-615,-590,-527,-438,-319,-188,-35,116,266,405,522,602,649,657,624,561,462,325,168,-5,-167,-331,-468,-570,-656,-692,-684,-632,-544,-420,-269,-109,65,237,386,512,619,687,698,666,611,507,363,213,43,-137,-306,-455,-589,-673,-715,-718,-678,-587,-450,-284,-94,93,273,442,578,673,712,710,651,543,402,236,55,-132,-297,-431,-535,-595,-596,-571,-500,-391,-268,-134,1,124,234,320,369,387,392,377,328,266,189,116,44,-39,-102,-156,-211,-245,-265,-260,-244,-225,-188,-138,-84,-28,38,98,147,202,231,238,234,205,158,92,15,-64,-129,-176,-193,-185,-230,21,-82,-910,-798,-9,-75,-133,-177,-202,-210,-195,-155,-105,-43,34,97,149,203,238,255,256,243,218,176,121,49,-24,-105,-187,-267,-323,-377,-406,-405,-378,-319,-237,-122,4,144,284,415,517,591,630,623,571,468,330,151,-50,-261,-455,-605,-731,-823,-854,-822,-704,-548,-348,-116,139,379,593,780,906,975,977,908,774,577,335,87,-180,-440,-664,-844,-967,-1026,-1014,-934,-798,-600,-381,-112,154,411,631,809,945,1007,1009,956,838,656,437,199,-49,-297,-519,-717,-869,-960,-1003,-983,-893,-744,-549,-321,-76,174,405,623,796,910,975,991,937,816,658,442,211,-35,-271,-485,-679,-830,-925,-176,-935,-866,-742,-579,-380,-159,75,310,507,681,829,927,961,940,869,750,583,383,154,-83,-327,-556,-755,-903,-985,-1013,-981,-891,-749,-570,-346,-105,149,383,590,781,906,989,1021,988,905,766,588,364,126,-119,-371,-597,-789,-936,-1042,-1084,-1048,-961,-818,-631,-404,-130,139,402,638,848,1015,1108,1136,1105,998,829,610,361,77,-207,-482,-722,-907,-1049,-1128,-1128,-1068,-932,-748,-526,-265,5,270,515,721,892,1005,1055,1052,984,850,681,461,227,-25,-267,-493,-689,-842,-949,-989,-994,-922,-802,-636,-436,-207,24,262,481,667,813,910,953,943,879,763,599,402,187,-49,-266,-479,-1077,-1059
61571,mtk,MTK 7916,863066014,rx0-tx1,512,-686,372,301,-659,-703,-709,-664,-580,-472,-326,-153,6,173,336,466,566,632,665,657,605,522,412,280,133,-9,-147,-284,-409,-500,-564,-598,-594,-570,-511,-425,-318,-202,-64,79,216,331,442,531,591,619,615,576,508,410,286,143,-11,-169,-322,-456,-569,-649,-697,-703,-660,-585,-473,-324,-161,11,192,359,508,625,710,754,748,698,602,467,308,133,-52,-236,-403,-545,-652,-718,-752,-736,-664,-567,-430,-269,-88,84,254,406,529,629,683,697,675,614,512,383,236,78,-85,-248,-393,-508,-603,-655,-668,-646,-585,-493,-370,-229,-77,80,242,389,502,589,646,662,640,576,470,342,199,-38,-132,-287,-421,-534,-619,-660,-662,-625,-548,-433,-300,-143,25,187,346,472,574,642,662,647,590,496,368,222,62,-109,-269,-414,-526,-606,-649,-649,-601,-521,-406,-262,-101,58,208,351,469,549,584,596,570,500,401,282,145,2,-131,-258,-368,-443,-498,-525,-502,-456,-390,-302,-194,-77,31,148,246,328,397,438,443,437,403,338,256,159,43,-64,-172,-275,-352,-409,-434,-430,-395,-336,-261,-162,-49,58,155,241,316,366,385,374,338,287,210,118,34,-62,-154,-234,-289,-321,-340,-320,-271,-205,-129,-38,50,137,212,264,291,287,246,189,105,11,-78,-151,-193,-203,-174,483,453,0,59,158,-51,-117,-179,-213,-226,-205,-155,-82,-3,81,155,214,247,262,248,219,177,108,35,-39,-109,-165,-216,-249,-261,-251,-225,-182,-129,-63,8,72,131,177,210,223,221,207,180,145,94,53,5,-31,-62,-92,-119,-134,-146,-158,-164,-157,-146,-135,-115,-83,-45,-4,40,81,130,170,198,217,218,208,188,159,111,58,6,-50,-91,-143,-184,-207,-224,-221,-214,-200,-180,-146,-103,-50,15,66,118,171,223,262,283,294,280,259,216,151,80,8,-78,-163,-236,-299,-338,-360,-355,-325,-283,-225,-146,-67,28,127,203,280,342,376,397,389,358,308,234,153,55,-48,-150,-48,-321,-384,-429,-442,-434,-400,-347,-271,-171,-59,55,171,291,388,465,517,531,512,466,384,280,152,14,-121,-244,-363,-456,-518,-560,-561,-531,-468,-378,-260,-134,2,148,265,374,473,542,575,581,547,489,403,294,166,21,-125,-261,-393,-498,-576,-622,-639,-620,-558,-463,-337,-194,-45,117,276,422,548,638,692,712,685,615,513,378,207,27,-157,-336,-493,-625,-713,-754,-762,-710,-619,-495,-330,-150,36,224,393,536,656,730,758,746,680,576,449,283,107,-75,-249,-409,-546,-650,-711,-738,-715,-654,-551,-414,-258,-81,94,269,428,554,655,711,730,697,627,508,369,210,69,-118,9,-314,-378,-270,-100,78,252,399,525,628,678,682,668,596,490,361,219,65,-97,-249,-380,-491,-575,-615,-619,-601,-552,-463,-347,-224,-87,48,181,312,423,510,570,599,594,557,499,424,305,170,27,-117,-254,-383,-495,-580,-635,-658,-649,-597,-513,-394,-251,-87,87,255,405,548,652,714,739,716,648,541,406,244,61,-125,-302,-463,-592,-683,-735,-754,-720,-642,-522,-373,-206,-28,168,336,485,605,690,727,718,674,585,473,333,166,-7,-175,-332,-464,-565,-638,-676,-680,-640,-554,-442,-305,-148,9,166,315,447,549,620,650,649,615,531,422,291,141,-21,-181,-336,-464,-561,-626,634,-651,-602,-514,-401,-252,-90,74,232,380,499,593,652,667,643,578,471,343,183,16,-148,-306,-441,-552,-623,-660,-653,-603,-511,-388,-244,-86,83,246,383,504,585,626,622,587,518,408,271,122,-25,-176,-309,-414,-498,-550,-559,-535,-487,-400,-291,-174,-38,90,201,305,391,451,471,478,451,393,321,229,115,11,-93,-201,-293,-363,-417,-439,-436,-412,-353,-268,-169,-57,56,157,246,322,387,413,406,372,315,241,143,44,-61,-148,-230,-297,-332,-350,-351,-317,-259,-176,-95,-2,98,179,239,288,310,303,272,215,141,50,-50,-138,-202,-248,-255,-232,-177,-104,-21,58,-103,-183,0,-135,-53,-161,-154,-103,-33,46,122,186,231,250,242,206,152,84,10,-72,-138,-201,-244,-262,-261,-242,-202,-150,-76,-1,69,128,178,218,246,247,230,199,156,105,43,-16,-70,-110,-148,-171,-185,-189,-174,-157,-136,-110,-83,-57,-30,7,43,71,100,129,157,182,192,188,180,162,130,90,38,-16,-75,-124,-170,-201,-216,-228,-220,-202,-179,-134,-89,-38,14,55,101,141,184,212,240,249,239,229,204,168,111,45,-30,-103,-166,-234,-282,-316,-328,-331,-297,-253,-189,-110,-25,65,149,221,292,342,371,385,357,313,268,189,104,12,-94,-182,-268,-332,-382,-413,-417,-399,-1135,-295,-212,-107,-1,104,207,303,386,447,478,483,467,414,330,229,106,-27,-154,-277,-387,-471,-531,-558,-546,-502,-427,-317,-198,-63,76,207,330,433,506,548,574,553,498,430,334,211,78,-64,-201,-323,-433,-520,-585,-614,-598,-554,-483,-374,-249,-107,41,195,337,462,563,627,663,666,627,550,433,287,125,-47,-222,-379,-516,-633,-709,-739,-728,-675,-573,-436,-267,-94,93,282,445,590,698,753,772,734,651,535,387,214,33,-153,-332,-474,-598,-690,-736,-740,-699,-615,-495,-345,-182,-7,174,340,490,606,692,733,725,678,583,460,312,147,-31,-212,-379,-520,-621,-697,-109,-122
61572,mtk,MTK 7916,863066014,rx1-tx0,512,0,521,860,-418,-337,-243,-121,5,136,260,367,466,560,603,607,580,531,444,320,188,33,-140,-305,-451,-579,-678,-735,-750,-718,-638,-514,-365,-178,20,223,415,579,714,807,855,848,781,658,502,319,97,-122,-344,-544,-709,-828,-884,-908,-862,-765,-617,-435,-238,-14,202,403,583,730,833,879,877,826,727,589,413,213,0,-215,-411,-584,-725,-830,-887,-887,-837,-729,-579,-397,-187,33,253,464,634,771,852,890,873,805,692,532,334,124,-102,-308,-495,-650,-775,-853,-867,-815,-724,-599,-435,-237,-24,175,367,534,664,751,791,782,708,598,466,302,121,-58,-225,-380,-503,-595,-641,-277,-629,-563,-481,-365,-230,-101,46,179,297,404,482,533,554,551,506,451,377,268,157,34,-95,-218,-336,-423,-489,-539,-550,-523,-478,-418,-326,-208,-76,55,178,311,416,496,558,595,588,561,492,395,257,116,-19,-182,-329,-458,-575,-655,-703,-708,-668,-578,-453,-295,-111,93,302,473,636,769,834,849,805,687,523,323,97,-138,-361,-562,-718,-822,-861,-829,-757,-609,-426,-223,1,211,398,566,675,729,742,687,594,463,297,128,-44,-218,-359,-472,-550,-589,-586,-535,-447,-336,-202,-57,83,212,322,411,465,485,461,397,296,170,26,-111,-236,-329,-373,-372,-322,-225,-115,-960,-545,0,-1134,-1498,-52,-62,-60,-46,-27,-5,22,46,68,85,91,97,86,80,65,36,10,-17,-44,-69,-95,-105,-113,-118,-110,-103,-91,-67,-39,-8,20,53,84,116,149,161,172,180,173,157,123,72,29,-32,-91,-152,-220,-260,-297,-313,-305,-282,-222,-148,-56,40,154,266,356,419,456,458,426,356,255,139,7,-140,-268,-377,-462,-518,-538,-514,-447,-345,-229,-85,60,197,318,419,477,527,534,487,410,308,183,58,-75,-203,-313,-382,-423,-453,-444,-398,-338,-251,-164,-75,23,111,184,244,277,308,327,324,305,276,237,188,130,67,-7,-89,-151,-216,-287,-335,-355,-366,-364,489,-277,-208,-125,-34,66,166,264,343,406,443,454,427,378,313,220,116,3,-111,-227,-329,-401,-455,-489,-488,-453,-402,-318,-214,-95,35,150,260,364,444,492,521,512,475,405,316,211,88,-38,-155,-267,-372,-454,-504,-524,-507,-472,-412,-329,-223,-108,7,124,240,339,426,484,512,528,519,470,399,302,179,52,-83,-229,-354,-465,-544,-601,-632,-607,-549,-463,-327,-184,-22,151,294,440,565,641,671,654,598,510,386,239,82,-82,-226,-351,-452,-532,-574,-578,-551,-485,-403,-301,-181,-52,62,176,281,368,432,468,486,478,449,391,323,232,132,23,-78,-194,-287,-369,1279,518,0,-760,-340,325,402,476,524,549,542,500,435,353,233,84,-60,-197,-334,-470,-566,-632,-672,-671,-622,-543,-429,-276,-101,81,263,434,581,699,779,801,782,714,598,440,249,40,-182,-394,-574,-718,-830,-889,-885,-837,-729,-576,-375,-161,60,293,492,666,784,868,905,874,794,668,503,312,106,-110,-315,-500,-651,-772,-853,-884,-859,-779,-660,-501,-312,-93,122,338,528,689,806,876,892,866,778,640,462,255,43,-178,-384,-571,-726,-823,-877,-876,-821,-724,-574,-400,-188,35,251,436,602,728,808,829,802,733,612,458,277,88,-116,-306,-456,-593,-686,-730,-720,-678,-594,-479,-334,-177,315,141,282,398,501,558,588,591,553,498,409,297,177,54,-76,-203,-306,-409,-475,-512,-538,-531,-497,-432,-340,-243,-123,10,139,254,363,459,523,559,560,543,487,395,297,180,42,-102,-235,-365,-485,-573,-615,-642,-634,-577,-490,-372,-219,-58,119,297,469,607,708,768,791,744,647,519,331,119,-97,-326,-531,-698,-816,-878,-873,-802,-682,-504,-291,-50,180,398,593,716,791,807,765,683,548,356,172,-29,-223,-388,-527,-616,-657,-665,-615,-517,-399,-257,-105,58,211,340,438,503,529,511,460,375,274,145,8,-131,-256,-355,-424,-446,-420,-353,-247,-119,13,138,227,267,-433,-721,0,936,118,-14,14,37,58,70,80,81,75,65,41,17,-13,-40,-55,-83,-98,-107,-108,-103,-96,-78,-47,-23,11,37,63,93,120,130,136,134,131,118,103,70,32,-2,-45,-88,-128,-179,-203,-229,-243,-233,-216,-170,-110,-51,32,109,195,275,335,376,390,382,335,251,148,34,-90,-208,-327,-419,-483,-515,-503,-437,-353,-242,-116,25,169,304,410,492,536,536,496,430,323,202,73,-80,-212,-321,-412,-472,-495,-489,-452,-372,-270,-167,-57,66,171,259,322,358,387,382,358,311,250,180,118,48,-24,-92,-155,-214,-260,-294,-311,-329,-313,-291,-269,-218,-142,-61,14,107,-571,266,333,380,406,408,382,331,262,180,78,-39,-153,-251,-342,-415,-458,-473,-458,-421,-347,-260,-161,-47,76,185,286,383,448,496,500,477,434,364,263,153,30,-99,-218,-329,-410,-479,-517,-517,-493,-439,-365,-265,-153,-30,90,201,309,398,466,501,515,508,463,392,304,192,83,-31,-155,-276,-379,-470,-529,-559,-572,-546,-486,-401,-284,-145,18,187,323,460,564,622,659,636,583,499,373,212,51,-117,-275,-418,-535,-604,-640,-625,-581,-499,-405,-275,-126,15,151,275,381,464,514,525,510,482,426,344,248,142,36,-75,-181,-276,-351,-412,-455,-473,-478,-451,-392,-332,905,1385
61573,mtk,MTK 7916,863066014,rx1-tx1,512,0,0,0,112,438,647,669,504,196,-168,-494,-687,-682,-486,-167,199,505,665,638,433,109,-236,-509,-627,-567,-348,-29,285,507,577,475,237,-72,-354,-516,-526,-379,-120,171,413,522,472,285,8,-271,-471,-529,-424,-187,104,370,529,531,377,104,-206,-454,-579,-534,-328,-23,289,528,611,519,277,-46,-356,-568,-617,-492,-226,103,403,585,595,435,143,-179,-445,-583,-555,-363,-60,261,500,600,532,296,-28,-335,-544,-599,-493,-241,88,388,573,600,462,194,-127,-417,-584,-587,-426,-148,161,421,566,547,378,108,-189,-432,-549,-509,-338,-81,197,413,501,452,289,51,-192,-364,-435,0,-215,-12,185,316,340,264,122,-47,-189,-261,-251,-159,-5,138,234,241,158,21,-121,-233,-281,-232,-109,58,229,334,337,233,57,-147,-326,-422,-390,-238,-15,224,414,501,448,257,-17,-290,-494,-570,-487,-266,40,346,552,621,526,275,-60,-389,-620,-687,-563,-284,77,426,669,731,595,306,-79,-450,-700,-771,-644,-346,42,429,704,790,664,379,-5,-392,-675,-787,-700,-436,-60,319,602,736,681,451,119,-241,-526,-667,-646,-456,-155,165,431,581,585,440,189,-88,-335,-494,-523,-425,-227,15,240,402,461,411,269,74,-125,-287,-377,-383,-317,-198,-47,95,195,243,236,0,0,0,0,0,86,-44,-181,-317,-413,-440,-367,-203,11,242,443,559,552,416,182,-108,-391,-588,-654,-567,-330,-8,323,583,703,648,428,99,-264,-575,-740,-704,-486,-141,252,585,756,726,508,145,-269,-621,-807,-775,-528,-129,318,689,876,832,565,133,-343,-732,-934,-878,-583,-133,361,767,968,899,582,107,-392,-790,-983,-905,-574,-85,428,819,981,871,513,13,-496,-857,-979,-835,-453,63,565,900,986,795,374,-154,-646,-963,-1001,-759,-298,258,740,1018,1023,731,227,-352,-854,-1117,-1065,-718,-168,442,942,1180,1106,731,144,-489,-1001,-1240,-1137,-732,-130,517,1024,1252,1150,728,106,-537,-1032,0,-1100,-669,-53,581,1047,1217,1047,592,-33,-641,-1062,-1181,-972,-492,140,728,1102,1169,909,374,-263,-825,-1161,-1172,-856,-296,358,908,1202,1159,799,213,-437,-968,-1227,-1153,-755,-140,505,1001,1214,1088,657,57,-562,-1019,-1176,-1006,-559,40,617,1013,1115,895,427,-157,-686,-1002,-1025,-752,-258,307,775,1015,965,630,107,-447,-870,-1038,-915,-530,12,550,934,1052,872,447,-95,-612,-963,-1042,-816,-371,166,658,968,994,750,307,-217,-670,-930,-924,-658,-221,259,651,852,808,544,142,-290,-624,-763,-681,-403,-22,345,606,679,542,250,-102,-414,-601,-608,-426,-118,221,494,618,560,330,0,0,0,0,0,0,-667,-511,-213,149,477,674,682,494,172,-192,-501,-671,-656,-464,-143,220,510,651,608,394,76,-255,-503,-602,-523,-289,18,313,511,549,428,184,-111,-371,-515,-504,-339,-67,223,441,528,453,241,-42,-313,-496,-528,-396,-151,147,412,549,531,350,57,-256,-496,-596,-526,-305,9,330,553,620,507,255,-74,-383,-583,-613,-466,-188,137,427,584,565,392,103,-221,-470,-589,-537,-323,-20,290,516,602,509,265,-54,-353,-557,-608,-479,-216,101,393,580,596,443,172,-142,-418,-569,-559,-401,-133,173,427,559,530,352,85,-195,-421,-528,-488,-315,-65,193,391,472,422,263,42,0,-337,-384,-319,-173,17,193,280,280,201,57,-98,-213,-250,-202,-91,53,188,258,237,135,-13,-159,-271,-302,-230,-80,103,276,370,355,237,39,-187,-376,-456,-410,-247,4,262,450,524,453,250,-32,-323,-540,-604,-503,-266,55,365,578,645,544,282,-73,-417,-654,-712,-583,-297,76,434,678,747,624,325,-63,-438,-702,-783,-660,-371,19,412,698,792,690,414,32,-359,-646,-765,-688,-441,-87,277,564,706,666,458,135,-203,-476,-630,-618,-456,-190,113,384,542,554,433,219,-41,-284,-449,-490,-417,-251,-29,186,345,426,408,298,135,-41,-198,-303,-340,-307,-224,-120,-12,0,0,0,0,0,293,335,322,233,81,-105,-294,-444,-514,-475,-324,-89,178,425,586,613,499,261,-52,-358,-585,-680,-610,-383,-52,290,573,720,679,462,124,-250,-568,-743,-717,-494,-145,254,600,786,755,511,131,-290,-648,-841,-805,-542,-122,329,710,906,853,573,132,-361,-751,-940,-892,-598,-128,381,788,976,899,576,102,-404,-806,-977,-885,-556,-58,452,831,985,862,491,-18,-519,-877,-984,-820,-421,103,604,932,995,779,342,-201,-696,-995,-1012,-742,-251,314,793,1064,1037,717,195,-397,-891,-1143,-1083,-726,-164,462,970,1211,1131,736,132,-507,-1019,-1259,-1148,-733,-130,518,1035,1261,1130,691,0,-554,-1033,-1229,-1083,-631,-16,597,1052,1203,1009,533,-90,-686,-1091,-1190,-944,-435,198,777,1138,1176,882,335,-306,-861,-1184,-1178,-839,-260,397,941,1221,1158,772,176,-476,-992,-1226,-1123,-710,-94,534,1018,1208,1058,621,6,-597,-1017,-1155,-962,-498,96,650,1010,1069,820,340,-230,-724,-1008,-998,-692,-182,372,813,1024,937,573,47,-493,-897,-1049,-898,-489,61,591,946,1039,844,411,-139,-642,-965,-1020,-788,-333,203,665,941,964,715,268,-233,-655,-889,-868,-606,-187,269,633,804,747,486,93,-320,-623,-725,-614,-337,30,378,598,638,486,188,-165,-458,-613,-582,-371,-49,287,537,627,0,0
61574,mtk,MTK 7916,863066014,rx2-tx0,512,0,0,0,470,945,1162,1053,637,19,-617,-1087,-1263,-1083,-595,70,725,1187,1321,1081,532,-175,-829,-1248,-1325,-1032,-440,281,916,1288,1301,948,313,-412,-1007,-1312,-1254,-831,-168,531,1081,1314,1170,695,15,-668,-1151,-1303,-1073,-534,160,806,1217,1273,953,361,-332,-926,-1257,-1220,-823,-200,472,1008,1249,1119,667,32,-605,-1067,-1205,-989,-483,155,738,1100,1129,823,272,-356,-867,-1117,-1032,-639,-53,553,992,1136,936,445,-175,-745,-1105,-1143,-832,-265,383,930,1215,1141,728,100,-566,-1077,-1292,-1128,-634,44,725,1208,1346,1099,541,-171,-848,-1292,-1364,-1057,-450,289,949,1346,1362,1001,352,-397,-1025,-1368,-1328,0,-242,491,1090,1376,1267,802,111,-607,-1144,-1361,-1198,-688,22,717,1210,1361,1123,567,-152,-834,-1286,-1378,-1068,-457,288,956,1364,1391,1022,358,-401,-1056,-1423,-1383,-958,-269,501,1141,1462,1370,898,184,-588,-1205,-1480,-1347,-847,-101,672,1253,1486,1314,781,37,-719,-1272,-1470,-1263,-713,28,763,1279,1435,1202,639,-98,-811,-1291,-1408,-1142,-577,140,816,1278,1392,1125,559,-143,-797,-1240,-1345,-1091,-562,107,737,1155,1266,1052,569,-47,-635,-1040,-1164,-987,-568,-19,518,899,1039,915,566,94,-385,-749,-910,-841,-569,-167,251,592,783,777,591,282,-70,-385,-598,-681,-615,-430,-185,66,267,385,417,0,0,0,0,0,412,371,253,51,-197,-433,-606,-665,-585,-368,-47,311,613,782,778,584,232,-185,-575,-843,-900,-732,-365,105,561,887,998,850,465,-57,-574,-955,-1096,-954,-549,17,594,1030,1195,1048,613,-8,-628,-1090,-1283,-1126,-663,-17,650,1156,1355,1183,700,19,-684,-1208,-1401,-1222,-721,-13,714,1245,1429,1230,707,0,-713,-1232,-1413,-1202,-677,27,719,1207,1360,1133,592,-107,-757,-1188,-1283,-1015,-473,188,784,1154,1193,882,329,-305,-841,-1122,-1082,-732,-170,440,916,1112,978,572,-11,-589,-996,-1111,-903,-427,180,737,1087,1123,829,294,-335,-878,-1179,-1142,-778,-186,466,995,1247,1142,712,78,-583,0,-1285,-1118,-623,48,703,1165,1296,1057,512,-179,-826,-1242,-1302,-987,-390,324,954,1316,1304,908,253,-476,-1077,-1379,-1285,-826,-124,622,1193,1429,1256,731,-6,-749,-1285,-1461,-1218,-633,127,849,1331,1441,1141,520,-246,-937,-1357,-1386,-1020,-367,377,1004,1341,1294,873,204,-510,-1064,-1307,-1169,-692,-18,652,1117,1255,1034,511,-155,-767,-1151,-1195,-890,-335,311,863,1160,1114,746,173,-442,-924,-1128,-994,-579,-8,559,951,1056,859,416,-143,-648,-943,-953,-679,-212,305,718,912,826,488,11,-462,-787,-874,-694,-291,200,622,858,831,553,100,-394,-769,-913,-783,-416,86,574,904,965,738,282,-270,0,0,0,0,0,-1029,-654,-72,544,1014,1213,1065,611,-24,-675,-1143,-1290,-1077,-559,123,783,1223,1323,1059,487,-224,-869,-1272,-1317,-989,-379,340,960,1303,1282,893,244,-466,-1042,-1317,-1213,-763,-93,605,1124,1312,1123,613,-72,-738,-1187,-1289,-1022,-460,240,866,1231,1239,895,287,-404,-970,-1248,-1168,-748,-116,544,1042,1231,1055,579,-60,-673,-1083,-1170,-906,-379,245,795,1108,1083,731,166,-446,-923,-1123,-983,-543,62,650,1050,1140,886,359,-281,-845,-1166,-1140,-775,-180,479,1012,1247,1125,681,22,-648,-1139,-1311,-1110,-589,110,793,1251,1356,1080,499,-232,-903,-1321,-1369,-1024,-402,335,987,1362,1345,950,295,-444,0,-1368,-1303,-867,-184,546,1120,1371,1231,752,58,-656,-1176,-1366,-1172,-633,83,776,1246,1363,1094,512,-222,-902,-1330,-1382,-1041,-403,346,1005,1387,1378,985,318,-461,-1109,-1450,-1386,-932,-219,553,1174,1472,1362,872,143,-633,-1239,-1490,-1331,-811,-66,693,1267,1488,1291,743,-10,-745,-1274,-1459,-1236,-678,63,785,1285,1429,1182,612,-114,-811,-1279,-1391,-1134,-569,147,817,1262,1365,1110,563,-130,-763,-1191,-1309,-1077,-566,72,677,1094,1219,1024,570,-16,-576,-967,-1103,-954,-567,-56,450,824,975,880,570,126,-322,-674,-848,-807,-572,-215,174,503,706,741,611,361,54,-239,-458,-569,-561,-451,-281,-92,0,0,0,0,0,86,274,436,535,544,436,219,-72,-373,-616,-736,-692,-480,-140,247,595,814,840,659,307,-140,-571,-867,-947,-786,-419,71,564,927,1057,903,507,-33,-584,-994,-1150,-1004,-586,9,610,1064,1241,1095,648,14,-641,-1132,-1323,-1165,-688,-21,660,1182,1386,1213,717,19,-689,-1220,-1428,-1239,-713,-3,713,1231,1420,1230,698,-23,-722,-1216,-1382,-1177,-642,64,735,1195,1315,1074,535,-145,-769,-1163,-1231,-955,-411,237,808,1136,1129,810,257,-366,-875,-1121,-1039,-651,-81,507,944,1108,945,499,-93,-660,-1039,-1120,-871,-364,257,811,1135,1133,805,240,-406,-942,-1217,-1148,-749,-132,532,1044,1264,1132,0,24,-642,-1126,-1294,-1089,-576,107,764,1205,1305,1034,463,-247,-886,-1272,-1295,-946,-317,409,1028,1363,1299,863,184,-559,-1152,-1419,-1287,-788,-63,689,1254,1454,1245,689,-58,-801,-1316,-1452,-1182,-575,192,905,1356,1420,1090,449,-312,-968,-1344,-1337,-950,-296,439,1035,1325,1234,782,111,-579,-1094,-1287,-1103,-598,80,719,1141,1235,968,417,-245,-820,-1155,-1156,-820,-256,373,889,1140,1059,669,93,-500,-938,-1096,-933,-503,67,603,950,1013,778,319,-219,-679,-927,-888,-584,-114,383,757,890,754,392,-90,-541,-826,-859,-625,-197,295,700,893,817,488,2,-490,-838,-938,-764,-349,186,675,971,985,0,0
61575,mtk,MTK 7916,863066014,rx2-tx1,512,0,0,0,-1070,-1112,-832,-317,288,831,1144,1132,807,254,-367,-882,-1156,-1111,-750,-177,432,915,1144,1049,658,88,-494,-936,-1104,-950,-533,24,575,951,1041,825,387,-161,-655,-944,-953,-677,-198,327,745,941,848,491,-19,-520,-866,-952,-751,-316,230,707,984,973,665,153,-413,-869,-1082,-975,-572,4,581,998,1125,928,452,-157,-732,-1095,-1145,-859,-321,322,890,1204,1160,784,170,-505,-1052,-1300,-1176,-720,-48,657,1185,1382,1194,667,-61,-779,-1295,-1459,-1214,-634,120,835,1324,1459,1185,585,-168,-873,-1336,-1431,-1139,-527,223,892,1311,1382,1078,477,-241,-871,-1257,-1302,-993,-430,241,829,1163,1173,866,0,-273,-774,-1042,-1009,-694,-198,326,729,908,825,511,54,-405,-728,-820,-663,-314,115,498,727,727,503,132,-270,-593,-727,-636,-353,44,432,687,734,548,182,-248,-630,-833,-782,-497,-45,448,827,981,853,469,-66,-609,-1004,-1128,-947,-496,112,710,1129,1249,1037,534,-126,-762,-1206,-1338,-1112,-577,119,786,1259,1409,1181,639,-80,-776,-1269,-1434,-1231,-717,-12,696,1213,1405,1259,798,131,-549,-1080,-1324,-1216,-823,-244,385,889,1155,1121,803,293,-256,-708,-966,-973,-736,-326,150,560,806,843,673,339,-66,-430,-670,-745,-642,-391,-66,260,511,633,612,467,245,-7,-231,-385,-445,-423,-326,0,0,0,0,0,-211,-52,136,329,483,552,511,360,124,-146,-395,-567,-612,-510,-287,6,304,528,623,564,361,60,-267,-524,-639,-585,-377,-64,278,558,680,617,393,51,-320,-610,-742,-670,-407,-30,365,672,804,719,437,25,-398,-718,-848,-752,-445,-14,426,765,890,763,435,-16,-468,-788,-899,-763,-410,56,504,816,906,744,370,-107,-549,-842,-895,-695,-307,155,575,841,866,646,239,-230,-623,-843,-823,-565,-145,310,674,844,774,481,48,-402,-744,-876,-753,-416,39,483,801,894,727,359,-107,-546,-838,-886,-687,-297,174,596,846,857,629,217,-251,-643,-857,-832,-560,-128,332,697,869,0,486,48,-411,-750,-866,-744,-407,43,473,756,829,666,306,-146,-536,-767,-774,-554,-172,268,627,793,721,429,8,-423,-737,-835,-680,-324,137,568,839,867,649,244,-252,-684,-920,-889,-600,-144,354,757,943,859,524,45,-451,-819,-946,-799,-420,84,559,860,912,699,274,-236,-679,-922,-895,-600,-118,399,800,968,852,483,-33,-541,-896,-988,-792,-365,180,680,978,1001,736,249,-323,-807,-1057,-1005,-671,-138,440,898,1105,994,602,40,-538,-957,-1100,-936,-508,64,611,982,1080,860,402,-166,-687,-1004,-1021,-742,-255,303,776,1021,963,630,110,-445,-871,-1047,-916,-524,23,574,961,0,0,0,0,0,358,-243,-781,-1105,-1121,-822,-288,329,861,1154,1122,778,222,-393,-899,-1160,-1087,-707,-140,466,932,1127,1005,600,31,-535,-943,-1078,-898,-459,98,617,944,989,749,293,-247,-703,-946,-903,-589,-98,423,808,941,788,396,-123,-616,-935,-968,-704,-224,324,788,1028,967,617,74,-505,-936,-1102,-953,-515,86,662,1053,1144,905,394,-244,-814,-1146,-1150,-824,-251,412,966,1246,1168,747,105,-584,-1129,-1353,-1191,-695,12,729,1243,1424,1208,651,-92,-815,-1318,-1462,-1200,-605,148,865,1342,1445,1160,557,-195,-883,-1326,-1411,-1112,-507,231,884,1290,1348,1040,451,-250,-861,-1223,-1250,-932,-381,252,799,0,1090,786,276,-288,-749,-977,-915,-593,-127,362,725,861,743,411,-30,-447,-719,-770,-583,-228,192,542,716,672,429,48,-358,-648,-733,-597,-271,150,529,755,751,516,108,-355,-729,-901,-809,-473,18,529,923,1067,907,484,-90,-664,-1066,-1196,-1000,-509,128,736,1169,1300,1073,547,-134,-785,-1241,-1374,-1138,-599,104,793,1276,1420,1198,666,-39,-742,-1245,-1438,-1258,-753,-66,632,1157,1378,1250,807,176,-473,-990,-1243,-1172,-815,-268,320,806,1059,1031,754,306,-199,-633,-889,-909,-702,-331,103,493,738,792,651,361,-8,-350,-594,-694,-632,-439,-159,141,387,532,561,481,315,118,-58,-197,0,0,0,0,0,-362,-449,-462,-386,-223,-3,238,446,567,574,458,227,-64,-347,-551,-622,-540,-333,-34,279,522,632,582,375,62,-263,-523,-650,-608,-393,-62,288,568,701,639,397,42,-345,-646,-770,-691,-418,-27,376,694,831,740,445,21,-420,-747,-871,-764,-445,0,446,773,892,766,427,-42,-497,-810,-907,-762,-391,84,534,831,899,723,346,-124,-556,-837,-890,-682,-285,188,605,840,838,606,200,-262,-642,-836,-793,-522,-101,356,716,866,766,452,-3,-454,-774,-881,-739,-383,76,520,822,889,711,336,-135,-571,-844,-872,-659,-258,213,618,850,845,598,173,-293,-668,-861,-816,-529,-86,0,728,870,765,444,2,-436,-757,-858,-712,-360,85,506,772,810,612,244,-187,-570,-785,-750,-485,-88,336,670,804,693,372,-66,-496,-786,-849,-673,-286,196,624,877,888,641,204,-300,-724,-934,-878,-574,-98,403,791,947,824,472,-13,-505,-847,-941,-752,-335,172,619,895,913,652,194,-314,-732,-943,-875,-538,-40,470,846,980,826,424,-109,-612,-943,-999,-764,-307,247,746,1031,1007,693,183,-386,-853,-1078,-1006,-641,-89,490,929,1109,971,554,-18,-581,-980,-1097,-904,-454,116,649,997,1051,805,334,-230,-727,-1003,-994,-699,-194,366,812,1028,946,579,38,-515,-919,-1061,-891,-461,0,0
61576,mtk,MTK 7916,863114715,rx0-tx0,512,-330,-1332,-1229,19,242,461,656,792,897,945,932,866,748,588,394,181,-46,-266,-470,-654,-798,-887,-922,-915,-848,-734,-581,-394,-183,43,266,474,659,809,896,946,936,870,753,588,388,165,-56,-283,-510,-693,-826,-910,-946,-932,-846,-712,-551,-353,-139,92,313,509,670,796,872,889,867,792,673,517,341,148,-64,-265,-455,-610,-745,-827,-859,-837,-781,-678,-538,-358,-155,52,262,444,609,729,804,837,817,728,612,471,296,114,-81,-263,-423,-564,-663,-724,-732,-701,-638,-539,-410,-262,-107,46,200,341,467,551,610,639,623,577,501,407,289,151,6,-138,-279,-395,-487,-559,-602,-616,-26,-534,-443,-338,-199,-51,98,244,383,492,569,627,647,616,562,471,344,200,45,-127,-287,-424,-551,-631,-678,-695,-656,-573,-458,-313,-152,28,199,364,502,600,670,692,672,623,533,404,247,80,-97,-258,-407,-542,-646,-701,-703,-676,-603,-493,-342,-165,8,182,368,507,626,701,733,707,631,518,343,159,-28,-218,-370,-513,-609,-660,-653,-605,-518,-390,-244,-76,78,219,327,402,448,472,456,403,336,253,156,65,-23,-114,-191,-243,-275,-293,-294,-275,-244,-206,-157,-104,-41,18,76,131,178,208,230,234,229,199,156,99,33,-39,-112,-167,-212,-229,-217,-175,-107,-34,-1406,-1415,510,-560,-708,-151,-171,-171,-145,-99,-37,33,89,152,207,227,232,233,206,169,121,61,-7,-74,-141,-206,-259,-305,-328,-335,-325,-290,-230,-141,-41,69,188,299,402,487,533,549,520,463,362,215,46,-120,-304,-474,-611,-715,-774,-775,-714,-606,-441,-231,-1,233,458,658,813,922,953,918,824,662,450,203,-57,-313,-557,-767,-912,-1010,-1033,-980,-863,-690,-470,-221,50,315,565,760,916,1003,1031,990,898,733,527,285,17,-239,-480,-683,-842,-963,-1012,-1002,-926,-789,-610,-390,-145,112,352,571,748,899,973,1000,962,854,701,506,278,27,-224,-447,-658,-815,-926,-975,-967,-907,-778,-611,301,-179,57,281,489,670,805,909,956,934,870,756,594,403,180,-53,-293,-513,-706,-863,-960,-1007,-991,-912,-773,-593,-378,-134,115,364,587,765,905,985,1032,996,903,764,586,373,130,-117,-357,-582,-771,-913,-1014,-1064,-1041,-954,-816,-636,-419,-162,105,363,600,805,973,1083,1124,1098,1008,856,646,398,127,-150,-428,-683,-887,-1042,-1133,-1161,-1108,-990,-810,-581,-321,-33,234,485,723,901,1019,1086,1083,1017,898,720,495,249,-1,-257,-495,-695,-863,-975,-1016,-1014,-948,-829,-669,-460,-230,9,252,477,659,811,921,967,969,909,792,633,443,223,-21,-247,-459,-649,-794,-903,-949,-935,-16,-201,-82,510,737,949,921,840,692,508,306,75,-151,-368,-568,-728,-847,-917,-934,-891,-805,-674,-496,-289,-72,155,375,566,723,842,913,937,903,817,684,499,286,63,-171,-390,-584,-751,-874,-942,-949,-913,-813,-656,-470,-256,-29,205,429,606,754,855,917,920,864,756,612,441,235,29,-179,-387,-564,-704,-801,-856,-864,-822,-740,-618,-457,-260,-54,148,341,522,672,781,837,853,815,727,594,425,242,43,-172,-366,-516,-650,-739,-781,-779,-717,-630,-506,-355,-185,-8,160,316,455,563,633,669,669,631,561,457,330,201,50,-102,-242,-366,-464,-544,-593,-611,-600,-554,-470,-370,-243,-104,47,628,317,429,526,593,615,611,581,512,402,275,138,-27,-182,-329,-465,-569,-635,-669,-665,-610,-526,-407,-254,-105,65,241,398,533,628,689,704,671,608,497,364,204,24,-145,-304,-451,-575,-653,-697,-696,-651,-573,-456,-309,-128,44,217,382,528,642,706,716,703,628,510,365,186,-4,-200,-364,-519,-637,-695,-724,-678,-586,-463,-304,-131,49,216,365,474,550,583,567,509,413,299,180,59,-66,-170,-257,-323,-363,-365,-362,-336,-285,-216,-146,-77,-6,62,115,168,208,236,249,245,230,206,161,112,55,-5,-67,-130,-178,-217,-240,-244,-212,-165,-102,-26,50,118,162,169,-230,21,-82,-910,-798,-52,2,67,131,182,215,215,200,175,119,52,-5,-70,-134,-182,-229,-261,-276,-268,-251,-208,-155,-91,-12,63,148,234,316,380,417,436,420,371,299,191,64,-86,-236,-372,-496,-597,-647,-664,-630,-534,-397,-232,-35,178,383,568,724,822,872,853,781,640,452,217,-35,-284,-520,-732,-887,-977,-996,-958,-852,-679,-454,-210,68,330,573,778,928,1017,1029,985,871,705,492,246,-20,-287,-530,-733,-875,-981,-1024,-993,-898,-741,-552,-323,-77,164,409,623,806,935,1001,993,932,814,659,452,210,-35,-285,-514,-705,-859,-960,-1003,-965,-883,-746,-554,-336,-94,144,382,589,753,-176,944,957,913,823,677,502,294,55,-178,-396,-597,-760,-885,-955,-973,-933,-840,-703,-513,-286,-45,207,442,659,828,955,1021,1024,969,844,681,468,244,-1,-255,-481,-681,-839,-959,-1023,-1022,-972,-866,-705,-506,-275,-24,239,475,690,865,1000,1079,1086,1032,916,751,536,286,16,-259,-523,-758,-946,-1073,-1141,-1143,-1080,-937,-740,-501,-229,57,348,605,825,985,1096,1133,1099,1016,864,645,405,150,-119,-370,-602,-802,-948,-1032,-1061,-1030,-931,-787,-596,-358,-115,131,374,584,761,893,971,1000,969,866,722,547,335,104,-123,-358,-562,-734,-862,-941,-960,-915,-839,-701,-529,-325,-90,135,-1077,-1059
61577,mtk,MTK 7916,863114715,rx0-tx1,512,-686,372,301,517,616,686,710,692,631,531,402,254,83,-85,-239,-384,-508,-588,-639,-651,-623,-565,-479,-358,-226,-79,69,208,332,433,514,572,603,593,545,487,400,279,160,22,-125,-259,-371,-471,-552,-608,-630,-618,-563,-483,-382,-247,-103,60,226,376,508,611,685,719,711,646,548,423,271,96,-85,-261,-425,-563,-673,-736,-753,-727,-661,-550,-402,-235,-51,129,307,463,600,687,736,745,712,628,507,364,198,24,-151,-320,-461,-576,-656,-697,-695,-654,-577,-466,-332,-171,-8,155,306,434,540,623,666,664,625,548,444,317,164,10,-154,-305,-435,-544,-616,-649,-648,-616,-538,-432,-38,-132,34,190,339,470,573,646,665,642,592,503,379,230,70,-96,-255,-395,-520,-604,-648,-661,-630,-552,-447,-304,-145,25,184,332,464,570,635,649,629,567,466,338,194,35,-115,-264,-395,-498,-561,-585,-581,-538,-459,-347,-222,-86,51,179,297,398,462,494,504,476,427,354,259,151,38,-71,-175,-270,-354,-414,-443,-457,-431,-380,-310,-217,-123,-12,104,210,305,372,413,429,411,367,298,213,114,2,-103,-194,-277,-338,-373,-382,-361,-317,-250,-169,-76,16,114,197,267,311,326,324,288,232,158,69,-20,-116,-195,-251,-284,-289,-256,-195,-114,-21,66,137,180,183,483,453,0,59,158,-12,52,123,186,224,229,208,165,96,17,-66,-141,-201,-246,-264,-262,-238,-191,-133,-61,11,87,153,203,240,259,257,231,197,153,82,14,-48,-109,-153,-186,-214,-217,-209,-183,-151,-116,-74,-37,6,45,70,100,116,140,155,160,169,161,152,139,108,75,43,-3,-57,-109,-154,-187,-218,-228,-218,-205,-173,-131,-82,-34,17,74,121,156,187,219,232,223,214,203,181,145,87,28,-30,-90,-146,-207,-254,-283,-306,-308,-281,-242,-193,-125,-48,38,123,207,277,322,351,369,359,329,268,187,110,17,-76,-166,-246,-313,-365,-396,-404,-388,-343,-289,-210,-115,-13,-48,188,285,359,413,448,451,442,402,331,237,129,9,-120,-245,-343,-434,-505,-540,-539,-501,-438,-346,-226,-91,42,189,313,419,510,554,573,562,516,439,338,208,75,-54,-187,-313,-431,-517,-574,-591,-584,-549,-476,-369,-247,-107,38,185,321,440,536,602,639,635,599,526,422,297,142,-21,-185,-343,-483,-597,-676,-716,-716,-669,-580,-458,-311,-131,53,231,410,555,666,746,766,749,679,572,428,260,71,-132,-307,-463,-597,-691,-743,-756,-721,-637,-525,-380,-207,-32,150,324,473,599,683,725,732,693,613,492,344,176,-8,-176,-342,-494,-608,-687,-726,-715,-673,-580,-452,69,-118,9,-314,-378,511,366,205,29,-147,-311,-451,-562,-639,-682,-675,-633,-558,-439,-301,-154,2,161,299,422,517,579,616,615,580,513,424,310,187,47,-99,-229,-341,-450,-524,-573,-605,-600,-556,-480,-385,-268,-134,7,159,307,429,541,618,666,676,641,576,474,346,190,21,-158,-328,-473,-597,-687,-741,-739,-697,-613,-494,-341,-168,15,198,371,525,639,722,756,747,688,594,461,300,130,-54,-235,-402,-540,-634,-701,-723,-709,-646,-544,-415,-263,-98,72,236,381,502,598,660,681,663,603,506,388,247,89,-71,-223,-366,-486,-589,-646,-666,-645,-586,-496,-372,-228,-75,76,238,385,502,634,652,657,626,565,467,344,191,22,-135,-292,-434,-546,-622,-661,-660,-610,-532,-417,-270,-116,46,211,358,489,587,646,660,632,568,467,335,175,12,-152,-304,-433,-529,-598,-623,-609,-558,-469,-347,-206,-59,85,227,351,445,505,545,544,508,440,346,235,118,-11,-133,-238,-333,-404,-452,-467,-458,-420,-368,-292,-194,-91,24,139,231,319,385,431,451,430,388,316,228,123,11,-105,-204,-293,-353,-396,-408,-389,-345,-277,-191,-96,3,103,196,266,320,346,352,332,279,213,123,40,-53,-147,-220,-275,-302,-312,-294,-235,-154,-68,27,118,187,236,248,227,176,97,19,-103,-183,0,-135,-53,174,181,160,111,39,-43,-116,-183,-230,-254,-250,-223,-171,-101,-23,47,116,176,222,253,264,255,220,170,109,41,-36,-103,-159,-212,-246,-254,-246,-218,-171,-127,-70,-13,41,90,119,146,160,167,172,159,150,131,110,90,51,22,-16,-54,-81,-116,-149,-168,-184,-195,-193,-176,-147,-111,-67,-9,38,87,138,182,210,225,233,221,191,157,126,84,24,-33,-73,-118,-160,-204,-235,-248,-253,-248,-231,-200,-144,-84,-17,63,141,207,266,309,334,341,322,287,225,155,80,-8,-97,-184,-267,-325,-364,-385,-375,-348,-304,-238,-160,-64,33,136,222,298,364,405,420,-1135,392,339,260,174,66,-38,-147,-259,-353,-428,-474,-499,-497,-455,-385,-299,-183,-52,86,218,336,437,510,548,556,534,469,393,281,147,15,-128,-261,-379,-474,-542,-568,-572,-547,-492,-403,-290,-159,-23,111,247,377,483,557,602,613,597,545,457,337,197,46,-111,-258,-397,-514,-612,-670,-685,-661,-603,-506,-384,-231,-63,114,290,449,581,686,747,751,717,644,519,376,195,5,-184,-362,-516,-640,-723,-771,-761,-699,-609,-478,-314,-138,48,235,400,533,644,708,734,725,665,567,435,273,104,-74,-245,-409,-542,-647,-713,-736,-711,-651,-541,-399,-240,-64,110,278,435,549,-109,-122
61578,mtk,MTK 7916,863114715,rx1-tx0,512,0,521,860,511,472,420,328,214,89,-46,-184,-308,-426,-513,-581,-626,-625,-592,-519,-413,-288,-130,47,221,378,533,646,726,762,758,709,603,461,289,93,-118,-320,-509,-666,-795,-863,-878,-837,-752,-618,-443,-227,-4,221,450,642,778,883,921,907,836,726,565,360,140,-77,-285,-494,-666,-783,-867,-896,-870,-808,-686,-522,-343,-130,86,289,491,658,792,875,917,891,808,675,510,313,94,-124,-343,-553,-707,-818,-887,-909,-866,-771,-618,-435,-235,-23,197,395,574,719,819,859,855,793,684,527,341,125,-75,-271,-448,-594,-704,-763,-780,-747,-665,-551,-398,-227,-55,115,285,429,535,-277,645,635,594,528,437,324,184,44,-86,-213,-334,-428,-501,-538,-554,-546,-500,-435,-339,-238,-109,7,128,258,367,454,519,563,566,527,477,394,288,165,30,-113,-229,-347,-453,-533,-592,-610,-592,-543,-465,-366,-226,-80,78,240,391,529,641,716,731,699,655,540,389,215,13,-203,-400,-586,-734,-824,-863,-843,-758,-620,-430,-215,28,268,488,666,792,857,863,801,686,524,310,97,-106,-309,-484,-629,-697,-722,-705,-643,-528,-375,-218,-38,130,287,422,513,568,576,547,484,384,267,132,-16,-154,-276,-377,-451,-481,-467,-414,-324,-198,-59,83,209,304,354,349,299,214,-960,-545,0,-1134,-1498,58,65,69,63,50,32,10,-12,-41,-60,-79,-94,-101,-95,-86,-75,-47,-31,1,34,60,86,104,114,127,127,118,106,84,57,24,-9,-42,-74,-111,-139,-162,-184,-192,-182,-170,-144,-104,-58,8,72,136,207,261,304,325,329,309,261,200,99,-8,-115,-229,-325,-403,-458,-474,-461,-399,-308,-198,-68,78,212,337,436,509,539,525,473,393,282,143,-3,-135,-261,-371,-456,-502,-521,-496,-436,-355,-237,-104,25,135,243,335,390,426,435,408,367,294,215,124,32,-43,-126,-192,-243,-288,-308,-316,-318,-307,-274,-233,-182,-117,-46,26,99,168,249,310,343,370,489,363,320,262,184,86,-12,-114,-220,-314,-383,-423,-451,-452,-418,-357,-275,-181,-71,50,164,270,362,438,481,498,487,448,376,280,173,49,-84,-202,-314,-404,-472,-519,-524,-502,-452,-375,-282,-168,-48,80,198,319,413,468,515,530,514,466,395,303,192,70,-43,-169,-272,-376,-460,-513,-546,-546,-521,-461,-378,-276,-153,-9,133,282,417,515,598,640,638,601,532,428,275,115,-57,-232,-380,-511,-611,-662,-668,-626,-555,-456,-319,-170,-10,145,279,399,491,546,567,563,523,460,369,255,134,18,-100,-202,-293,-386,-440,-475,-492,-474,-437,-379,-306,-219,-110,-6,109,217,1279,518,0,-760,-340,-141,-247,-356,-454,-516,-562,-580,-561,-506,-421,-307,-184,-38,117,265,409,525,620,686,702,670,608,508,364,201,25,-160,-350,-526,-665,-769,-827,-829,-781,-684,-546,-367,-157,60,274,478,655,796,881,906,886,811,666,495,288,61,-164,-374,-565,-732,-849,-900,-897,-855,-761,-607,-435,-240,-19,188,391,578,718,826,888,882,842,750,610,431,228,14,-214,-421,-607,-749,-863,-910,-901,-845,-729,-571,-384,-176,49,267,470,648,777,855,887,864,788,666,502,299,91,-123,-325,-510,-658,-772,-828,-824,-780,-680,-539,-369,-186,-1,194,374,525,634,696,715,701,641,533,410,315,111,-45,-190,-324,-436,-520,-578,-593,-583,-542,-469,-372,-265,-141,-17,118,241,343,423,493,539,547,537,489,413,319,203,76,-62,-182,-300,-413,-492,-548,-581,-567,-525,-467,-373,-265,-132,19,160,299,417,526,607,647,663,635,566,459,323,161,-25,-193,-378,-560,-679,-764,-807,-795,-730,-613,-437,-231,-6,227,444,630,772,858,890,843,736,580,386,162,-74,-300,-495,-658,-768,-798,-785,-715,-598,-440,-246,-61,133,305,459,559,628,647,623,562,452,318,167,13,-137,-276,-386,-464,-517,-522,-484,-415,-317,-191,-44,94,219,328,403,431,416,352,255,125,-9,-126,-209,-433,-721,0,936,118,30,14,-10,-36,-53,-71,-81,-90,-81,-66,-47,-25,0,29,48,81,99,107,119,108,98,80,53,30,2,-32,-57,-81,-108,-130,-135,-139,-134,-135,-125,-99,-65,-27,23,68,116,168,205,230,247,247,241,203,147,75,-3,-85,-179,-261,-333,-386,-398,-396,-363,-297,-207,-89,40,172,300,398,476,517,511,467,399,297,174,27,-119,-251,-362,-456,-521,-535,-517,-468,-378,-261,-129,9,147,264,366,446,488,482,454,404,313,211,109,-2,-103,-200,-283,-334,-369,-371,-363,-339,-289,-237,-166,-92,-28,36,103,165,218,264,307,328,335,322,298,260,196,124,35,-571,-150,-229,-302,-369,-409,-422,-414,-380,-317,-230,-134,-28,89,201,298,374,433,475,478,454,404,330,233,117,-1,-126,-245,-350,-426,-482,-517,-513,-480,-419,-330,-228,-109,17,143,262,367,449,503,528,515,483,426,333,233,118,-10,-131,-247,-344,-429,-487,-513,-521,-498,-450,-383,-285,-174,-52,76,201,319,420,504,566,594,587,548,460,349,224,71,-93,-247,-389,-522,-620,-664,-682,-638,-553,-446,-307,-141,32,206,347,469,562,622,641,605,538,450,337,206,72,-64,-194,-309,-410,-475,-507,-518,-505,-459,-406,-319,-212,-112,-5,108,205,293,367,438,481,496,486,446,905,1385
61579,mtk,MTK 7916,863114715,rx1-tx1,512,0,0,0,-356,-599,-684,-579,-304,60,404,634,692,564,278,-90,-427,-637,-668,-524,-245,106,422,606,617,462,172,-160,-430,-570,-549,-359,-72,223,450,547,476,263,-30,-312,-496,-531,-400,-158,127,376,520,497,326,66,-223,-447,-545,-482,-268,26,316,523,582,467,216,-105,-407,-591,-603,-448,-172,162,451,613,596,408,115,-209,-482,-605,-564,-364,-52,268,509,602,515,283,-27,-331,-544,-603,-488,-239,82,380,570,600,458,185,-144,-429,-600,-604,-434,-143,176,443,586,573,395,113,-196,-451,-583,-546,-362,-84,206,440,545,500,325,65,-207,-413,-501,-449,-278,-45,184,353,419,0,217,20,-169,-297,-326,-255,-113,49,183,252,239,150,4,-140,-227,-230,-168,-46,106,229,276,237,119,-51,-210,-314,-330,-244,-77,126,311,413,399,277,58,-188,-389,-494,-464,-288,-29,242,464,568,515,319,27,-284,-527,-637,-570,-354,-38,305,572,679,614,386,37,-334,-620,-741,-669,-421,-58,324,629,772,718,477,109,-290,-613,-783,-756,-532,-172,228,561,748,752,570,245,-134,-480,-696,-731,-578,-287,63,384,602,670,564,322,17,-278,-500,-582,-521,-344,-85,192,403,507,483,350,142,-92,-300,-423,-445,-369,-209,-11,171,309,376,359,279,153,16,-101,-184,-219,0,0,0,0,0,227,318,361,344,255,97,-104,-305,-464,-533,-489,-333,-93,180,427,589,625,511,271,-43,-357,-592,-691,-625,-399,-66,286,571,720,690,477,138,-243,-559,-739,-723,-511,-159,241,586,778,760,531,167,-256,-624,-835,-821,-578,-176,285,682,902,888,637,206,-285,-704,-947,-932,-662,-213,295,728,962,938,664,214,-318,-759,-971,-926,-638,-178,336,758,972,912,596,115,-402,-809,-986,-886,-541,-49,472,861,1007,874,491,-36,-562,-934,-1043,-866,-445,106,646,1014,1108,893,430,-160,-719,-1088,-1168,-922,-425,192,772,1150,1213,959,439,-208,-800,-1171,-1232,-971,-443,205,793,1164,1221,0,428,-216,-796,-1155,-1192,-892,-352,276,828,1144,1142,819,271,-356,-887,-1164,-1114,-749,-172,454,961,1202,1108,708,112,-522,-1016,-1220,-1085,-658,-44,583,1052,1236,1074,610,-24,-644,-1081,-1221,-1030,-551,73,663,1072,1183,961,473,-138,-689,-1049,-1114,-857,-360,223,732,1024,1020,725,228,-337,-800,-1026,-955,-601,-87,447,869,1038,898,502,-29,-561,-940,-1049,-865,-442,103,622,962,1037,836,399,-156,-656,-964,-1005,-773,-339,178,642,920,938,700,277,-206,-617,-852,-840,-598,-203,228,592,776,726,477,107,-281,-571,-686,-595,-332,18,351,573,622,485,205,-140,-435,-599,-581,-398,-93,241,0,0,0,0,0,567,315,-39,-386,-626,-693,-575,-295,71,414,642,688,547,261,-95,-420,-621,-649,-499,-206,129,422,587,580,411,123,-202,-453,-564,-510,-311,-20,272,478,541,446,214,-77,-337,-497,-511,-369,-108,175,410,530,492,307,26,-265,-484,-562,-474,-237,69,355,550,594,463,194,-133,-424,-597,-602,-429,-132,197,473,622,589,388,88,-238,-496,-610,-550,-331,-14,300,522,597,502,267,-50,-362,-564,-602,-473,-206,119,415,586,592,439,164,-160,-437,-595,-584,-417,-140,179,441,582,556,374,97,-202,-450,-563,-519,-343,-74,211,432,523,474,302,62,-193,-394,-475,-417,-255,-33,0,315,379,323,171,-9,-167,-264,-279,-199,-59,84,191,238,198,89,-50,-175,-248,-240,-143,9,161,273,303,236,93,-86,-259,-366,-367,-253,-60,162,350,449,426,279,41,-223,-431,-525,-485,-304,-26,269,500,601,544,337,28,-301,-554,-661,-594,-374,-44,313,591,712,650,410,49,-324,-618,-757,-689,-443,-82,311,627,783,734,495,134,-262,-593,-777,-762,-552,-209,184,531,739,751,581,274,-100,-435,-650,-697,-573,-307,24,334,556,632,552,338,47,-245,-461,-554,-512,-352,-112,148,356,467,466,359,171,-45,-241,-371,-414,-373,-252,-84,83,216,297,317,275,194,97,0,0,0,0,0,-207,-105,30,187,333,434,458,388,227,-4,-251,-457,-577,-570,-430,-187,108,395,601,665,570,336,17,-314,-583,-714,-665,-446,-105,262,564,723,705,499,154,-240,-575,-762,-744,-524,-160,251,601,806,793,561,174,-266,-645,-863,-857,-606,-179,289,692,924,912,652,209,-298,-729,-963,-934,-668,-217,305,743,979,941,649,190,-323,-752,-971,-922,-620,-147,362,774,975,894,557,69,-441,-836,-995,-878,-521,-7,512,889,1028,874,469,-74,-603,-971,-1068,-870,-426,140,676,1047,1137,907,414,-194,-751,-1119,-1185,-936,-431,210,794,1164,1230,966,444,-199,-786,-1165,-1236,-965,-432,205,0,1170,1211,924,382,-262,-813,-1148,-1168,-862,-323,308,849,1147,1127,792,232,-399,-920,-1180,-1111,-728,-139,491,987,1207,1094,678,69,-566,-1040,-1231,-1085,-629,-8,612,1067,1231,1057,588,-48,-666,-1090,-1211,-1000,-514,102,689,1074,1155,916,428,-173,-717,-1039,-1069,-811,-314,271,764,1024,979,659,146,-404,-829,-1025,-922,-550,-18,515,910,1047,889,480,-69,-592,-946,-1047,-856,-419,133,641,970,1015,787,354,-177,-659,-951,-980,-740,-308,189,634,894,901,661,252,-221,-607,-803,-780,-543,-157,258,582,726,658,407,44,-313,-565,-647,-537,-270,72,391,585,605,435,133,-196,-475,-616,-567,0,0
61580,mtk,MTK 7916,863114715,rx2-tx0,512,0,0,0,-807,-1113,-1111,-786,-226,412,951,1230,1167,779,167,-503,-1046,-1302,-1196,-758,-106,583,1117,1342,1191,709,23,-671,-1177,-1352,-1146,-615,90,766,1218,1334,1079,504,-200,-843,-1255,-1304,-971,-371,330,938,1276,1245,853,228,-466,-1025,-1284,-1179,-734,-76,601,1097,1277,1096,596,-70,-710,-1143,-1243,-984,-450,207,803,1161,1172,845,278,-357,-883,-1151,-1073,-675,-82,523,974,1137,956,495,-116,-693,-1060,-1114,-840,-315,313,858,1149,1099,726,136,-510,-1016,-1226,-1081,-629,11,665,1140,1289,1071,543,-150,-811,-1252,-1345,-1055,-469,255,912,1315,1356,1022,397,-338,-983,-1361,-1354,-969,-321,424,1053,1380,1327,0,239,-499,-1094,-1383,-1286,-826,-134,591,1144,1370,1211,721,25,-681,-1192,-1370,-1162,-624,89,784,1264,1386,1115,535,-203,-889,-1329,-1410,-1095,-462,295,975,1392,1428,1059,398,-366,-1040,-1433,-1425,-1020,-339,432,1091,1453,1420,998,296,-486,-1135,-1476,-1408,-958,-256,513,1137,1456,1379,921,209,-554,-1155,-1437,-1334,-869,-166,577,1155,1415,1291,828,146,-573,-1133,-1389,-1272,-818,-163,533,1082,1343,1247,829,205,-459,-991,-1258,-1196,-832,-267,344,850,1126,1108,814,323,-232,-701,-980,-1005,-771,-362,117,554,835,897,744,417,4,-393,-671,-785,-722,-497,-171,174,457,620,651,555,363,129,-96,-266,-360,0,0,0,0,0,-93,89,287,464,576,586,466,229,-78,-393,-645,-767,-713,-489,-142,255,616,833,851,666,301,-156,-584,-885,-972,-802,-423,78,571,934,1066,925,526,-23,-579,-999,-1171,-1035,-619,-23,585,1061,1267,1131,695,69,-587,-1104,-1333,-1207,-759,-102,591,1141,1390,1265,801,121,-604,-1171,-1423,-1301,-832,-137,587,1153,1418,1304,836,140,-579,-1131,-1382,-1249,-776,-108,579,1106,1320,1165,693,39,-612,-1079,-1239,-1056,-580,47,654,1067,1160,924,429,-188,-738,-1067,-1088,-800,-270,325,824,1088,1038,685,127,-476,-940,-1141,-1019,-592,13,615,1051,1196,1002,515,-121,-731,-1143,-1234,-976,-444,215,823,1209,0,949,376,-308,-915,-1267,-1253,-884,-270,422,1000,1296,1226,808,156,-546,-1101,-1342,-1200,-719,-29,679,1203,1391,1186,640,-93,-803,-1296,-1425,-1150,-558,189,895,1354,1430,1110,475,-291,-979,-1391,-1411,-1038,-380,379,1032,1391,1350,936,265,-477,-1077,-1361,-1259,-796,-119,575,1104,1316,1145,645,-38,-698,-1146,-1260,-1008,-473,189,794,1165,1196,882,320,-332,-876,-1161,-1117,-752,-175,446,925,1138,1025,612,30,-545,-952,-1077,-891,-458,99,611,933,979,736,280,-242,-682,-911,-863,-563,-95,396,760,892,747,378,-96,-544,-831,-869,-638,-211,279,692,904,840,523,43,-461,-836,-972,-820,-423,113,632,0,0,0,0,0,781,261,-352,-881,-1182,-1150,-789,-200,465,1008,1272,1189,776,144,-540,-1084,-1329,-1202,-735,-59,626,1143,1346,1171,664,-35,-722,-1200,-1343,-1111,-564,144,801,1234,1319,1025,444,-256,-883,-1259,-1267,-915,-299,399,985,1284,1209,794,155,-531,-1064,-1292,-1138,-659,-3,654,1128,1272,1050,527,-137,-750,-1144,-1211,-923,-367,287,845,1157,1129,762,180,-448,-936,-1143,-1011,-584,13,607,1017,1125,900,404,-216,-777,-1107,-1111,-786,-222,416,938,1190,1095,681,61,-585,-1075,-1266,-1088,-586,87,736,1189,1321,1071,505,-205,-864,-1289,-1354,-1044,-438,295,949,1341,1363,1000,357,-384,-1012,-1371,-1348,-941,-281,453,0,1387,1312,867,187,-544,-1123,-1381,-1249,-775,-79,635,1168,1373,1191,672,-39,-740,-1234,-1378,-1139,-579,147,838,1293,1392,1104,498,-254,-939,-1369,-1421,-1079,-435,339,1018,1415,1426,1050,383,-396,-1067,-1450,-1431,-1012,-319,463,1118,1462,1413,974,272,-495,-1142,-1471,-1388,-935,-234,531,1148,1447,1355,897,193,-563,-1157,-1424,-1312,-851,-161,576,1143,1392,1271,817,152,-554,-1118,-1368,-1255,-823,-178,505,1047,1301,1218,828,237,-400,-917,-1189,-1151,-817,-290,287,776,1055,1061,802,340,-184,-628,-908,-953,-758,-389,58,473,758,847,726,449,84,-285,-575,-726,-713,-545,-275,25,290,471,541,509,398,233,0,0,0,0,0,-405,-455,-416,-276,-60,200,450,632,693,604,370,32,-331,-632,-801,-786,-579,-223,203,600,862,918,744,375,-103,-578,-913,-1015,-861,-478,45,574,968,1121,982,577,6,-582,-1033,-1217,-1087,-654,-45,588,1082,1297,1167,729,87,-592,-1123,-1361,-1241,-792,-120,599,1159,1410,1293,828,132,-599,-1166,-1421,-1306,-839,-145,590,1156,1404,1277,807,124,-583,-1124,-1349,-1208,-735,-71,601,1098,1286,1108,630,-12,-638,-1075,-1208,-992,-500,115,694,1067,1125,864,357,-259,-788,-1086,-1068,-742,-200,402,886,1115,1021,632,57,-545,-999,-1167,-1002,-543,72,672,1092,1209,984,479,-162,-771,-1181,-1252,-962,-410,0,872,1232,1255,920,321,-365,-955,-1280,-1246,-855,-220,480,1049,1320,1219,771,93,-622,-1155,-1364,-1192,-680,30,739,1246,1406,1172,602,-143,-851,-1330,-1437,-1136,-527,236,939,1376,1426,1084,435,-350,-1021,-1394,-1386,-992,-325,434,1056,1378,1312,871,190,-536,-1097,-1343,-1207,-728,-41,644,1132,1291,1078,556,-119,-751,-1158,-1232,-948,-393,267,846,1173,1164,827,243,-397,-903,-1153,-1074,-683,-100,494,941,1110,955,535,-31,-582,-945,-1031,-822,-372,171,652,928,927,657,192,-323,-717,-894,-807,-470,3,470,797,880,689,292,-189,-621,-870,-855,-581,-125,377,771,940,834,475,-38,-549,-906,-1003,-806,0,0
61581,mtk,MTK 7916,863114715,rx2-tx1,512,0,0,0,1128,948,499,-91,-668,-1065,-1168,-947,-462,153,726,1102,1172,919,413,-208,-764,-1103,-1140,-855,-336,268,793,1092,1076,758,235,-341,-814,-1056,-985,-633,-114,436,853,1005,858,464,-58,-563,-903,-961,-727,-281,252,711,953,908,599,101,-445,-863,-1022,-887,-491,60,611,995,1085,864,406,-186,-739,-1084,-1112,-816,-276,350,877,1159,1106,730,136,-498,-999,-1223,-1103,-651,1,659,1147,1315,1104,574,-129,-806,-1261,-1382,-1120,-537,199,881,1335,1426,1131,523,-237,-937,-1375,-1439,-1115,-496,259,948,1372,1414,1075,458,-283,-949,-1345,-1370,-1029,-422,290,908,1273,1293,965,382,-283,-852,-1176,-1172,-855,0,288,779,1044,1019,710,213,-317,-725,-915,-843,-531,-70,390,712,825,691,352,-76,-478,-729,-748,-545,-185,230,571,735,671,398,7,-390,-674,-760,-618,-272,172,574,813,822,581,156,-342,-767,-984,-929,-607,-97,460,918,1140,1044,660,81,-541,-1029,-1249,-1148,-732,-108,559,1091,1340,1238,802,141,-554,-1110,-1394,-1312,-870,-206,505,1093,1406,1357,961,323,-405,-1016,-1361,-1362,-1029,-445,236,841,1222,1293,1045,545,-75,-649,-1040,-1154,-982,-578,-45,472,840,985,882,567,123,-325,-664,-840,-799,-551,-185,204,527,712,725,565,284,-44,-342,-553,-631,-570,-407,-181,57,248,371,410,369,0,0,0,0,0,-241,-384,-476,-489,-413,-246,-6,245,455,580,581,454,215,-80,-354,-555,-629,-542,-316,-17,287,530,640,583,374,61,-277,-547,-668,-611,-393,-56,310,590,713,651,409,50,-331,-640,-787,-714,-446,-57,364,693,838,774,492,61,-386,-736,-888,-799,-496,-55,404,752,912,815,494,39,-431,-776,-906,-801,-476,-16,446,792,925,796,442,-25,-479,-801,-899,-752,-398,68,514,812,880,693,314,-154,-575,-828,-854,-640,-247,219,628,852,835,584,168,-304,-697,-885,-831,-548,-110,359,732,901,824,519,65,-403,-754,-895,-786,-459,6,466,786,885,740,393,-71,-516,-810,-869,-686,0,142,568,831,856,645,257,-207,-611,-841,-823,-570,-166,273,639,810,748,464,44,-384,-692,-798,-672,-333,106,506,768,810,608,219,-239,-642,-864,-840,-572,-129,354,742,934,857,529,45,-442,-814,-960,-832,-463,38,518,858,954,771,364,-147,-612,-896,-920,-680,-243,271,708,939,893,573,93,-412,-810,-972,-845,-477,39,553,899,996,813,380,-175,-682,-989,-1019,-763,-276,294,786,1056,1020,700,181,-403,-875,-1098,-1020,-656,-107,476,928,1122,996,593,21,-545,-951,-1095,-930,-498,73,614,972,1052,837,386,-181,-694,-995,-1007,-735,-249,317,783,1027,974,634,111,-450,-887,-1071,0,0,0,0,0,60,632,1035,1156,956,483,-123,-700,-1092,-1180,-942,-445,180,752,1107,1165,902,373,-247,-783,-1105,-1121,-822,-288,314,813,1076,1037,704,175,-390,-834,-1032,-925,-552,-26,499,863,969,791,376,-147,-631,-917,-927,-665,-195,345,776,978,897,547,20,-529,-923,-1058,-892,-446,139,683,1037,1102,841,333,-271,-807,-1116,-1102,-771,-210,418,935,1189,1096,687,75,-578,-1073,-1265,-1092,-602,66,724,1195,1346,1117,558,-161,-845,-1304,-1413,-1130,-523,222,916,1367,1438,1120,500,-259,-941,-1376,-1437,-1106,-473,287,958,1357,1391,1063,451,-285,-930,-1315,-1340,-1005,-408,285,881,1219,1229,911,355,-274,-808,0,-1090,-788,-276,287,748,980,923,610,140,-346,-714,-867,-761,-437,5,437,721,781,615,269,-159,-521,-725,-707,-467,-86,320,633,751,639,337,-76,-476,-747,-790,-588,-207,260,676,903,873,591,115,-418,-849,-1064,-989,-627,-74,511,978,1201,1103,695,88,-553,-1061,-1305,-1194,-763,-118,565,1108,1371,1273,827,165,-539,-1111,-1400,-1331,-920,-261,461,1064,1396,1375,1009,383,-325,-937,-1311,-1347,-1046,-503,151,744,1132,1231,1024,559,-16,-554,-934,-1069,-926,-569,-91,390,751,910,839,557,151,-273,-605,-768,-744,-550,-226,130,441,641,686,577,351,70,-204,-420,-532,-528,-427,-266,-95,67,0,0,0,0,0,335,234,72,-133,-338,-496,-566,-525,-366,-119,158,406,575,614,505,275,-22,-319,-544,-633,-562,-352,-45,283,537,651,594,378,52,-294,-566,-691,-632,-396,-52,317,616,751,682,426,50,-354,-666,-808,-741,-469,-58,376,710,858,783,486,54,-395,-749,-904,-814,-504,-51,416,777,928,819,490,31,-446,-798,-933,-809,-457,19,479,808,920,775,420,-44,-493,-807,-895,-722,-353,111,539,819,866,667,279,-188,-599,-835,-842,-608,-196,273,665,873,834,560,131,-337,-713,-898,-836,-539,-86,387,750,903,806,487,33,-439,-781,-891,-760,-416,42,483,792,880,715,351,-113,-546,0,-872,-678,-290,182,599,843,851,616,210,-241,-625,-830,-787,-515,-105,330,665,807,707,397,-28,-448,-741,-809,-637,-277,168,570,815,827,591,172,-306,-703,-904,-849,-551,-93,402,790,956,848,500,11,-487,-844,-961,-809,-423,79,564,883,937,722,303,-205,-655,-914,-907,-633,-162,355,766,957,865,523,30,-487,-866,-986,-827,-427,104,613,944,1010,780,327,-233,-736,-1028,-1027,-737,-232,347,840,1093,1030,678,136,-443,-899,-1106,-1005,-619,-62,514,941,1103,961,549,-19,-576,-964,-1074,-879,-441,123,650,980,1031,791,315,-247,-733,-1005,-989,-688,-189,372,828,1048,967,603,59,0,0
61582,mtk,MTK 7916,863168070,rx0-tx0,512,-330,-1332,-1229,-598,-345,-63,228,493,723,903,1019,1050,1008,897,720,490,222,-55,-327,-583,-791,-943,-1027,-1037,-966,-834,-651,-409,-135,141,416,660,854,995,1062,1045,953,792,572,305,24,-261,-534,-761,-941,-1043,-1070,-1010,-883,-694,-449,-177,108,386,620,818,949,1019,1000,928,780,585,358,89,-173,-422,-645,-810,-930,-968,-949,-867,-714,-516,-285,-44,217,467,670,830,920,947,907,796,637,414,173,-81,-329,-538,-708,-826,-881,-871,-800,-664,-483,-279,-65,156,358,535,667,748,773,752,671,552,390,210,27,-160,-339,-489,-605,-680,-708,-686,-620,-508,-359,-191,-23,151,323,474,591,668,-26,673,609,504,347,180,-8,-198,-376,-529,-630,-703,-735,-691,-605,-472,-298,-107,98,292,477,617,719,771,759,691,563,401,201,-28,-236,-429,-594,-717,-775,-785,-731,-620,-471,-284,-60,168,367,549,683,759,792,764,673,519,330,128,-95,-308,-502,-665,-770,-813,-794,-712,-557,-371,-139,104,334,536,680,765,796,743,637,476,270,39,-182,-376,-529,-625,-662,-645,-566,-440,-296,-131,31,179,306,391,436,448,423,371,301,211,107,0,-92,-168,-233,-276,-303,-307,-277,-242,-186,-125,-59,21,94,156,208,246,269,256,224,178,109,18,-71,-152,-217,-248,-238,-197,-129,-41,-1406,-1415,510,-560,-708,32,-42,-119,-183,-225,-235,-219,-178,-110,-36,42,118,189,247,283,291,283,246,184,116,38,-61,-166,-257,-326,-377,-413,-414,-377,-313,-201,-71,85,245,392,518,612,646,626,562,435,262,42,-183,-401,-609,-766,-857,-875,-822,-691,-490,-244,46,344,613,837,986,1045,1025,930,732,467,156,-170,-481,-767,-984,-1114,-1153,-1094,-941,-724,-435,-101,227,541,809,1013,1135,1160,1093,947,714,427,125,-207,-513,-781,-986,-1115,-1144,-1089,-951,-749,-485,-180,148,451,724,935,1081,1138,1102,983,806,556,257,-56,-361,-631,-875,-1036,-1115,-1118,-1017,-852,-624,-339,-37,259,539,781,963,1070,301,1037,910,714,456,183,-107,-390,-648,-855,-999,-1077,-1081,-999,-849,-646,-383,-90,223,501,749,962,1090,1146,1114,996,802,543,244,-68,-383,-666,-890,-1044,-1144,-1148,-1069,-914,-697,-428,-137,160,468,736,937,1086,1172,1166,1075,907,674,384,57,-279,-585,-847,-1064,-1195,-1258,-1230,-1083,-867,-573,-246,89,431,746,1006,1193,1289,1288,1187,1004,737,402,58,-285,-620,-903,-1117,-1226,-1259,-1210,-1049,-824,-546,-227,109,431,723,949,1110,1181,1167,1086,916,674,392,88,-224,-520,-769,-956,-1076,-1129,-1096,-977,-792,-548,-266,28,305,581,801,964,1060,1082,1031,887,684,439,165,-118,-405,-656,-854,-16,-201,-82,510,737,873,1005,1069,1043,936,765,544,281,-4,-282,-542,-761,-927,-1020,-1042,-990,-871,-680,-445,-177,108,373,614,815,970,1042,1045,975,829,621,370,86,-203,-470,-711,-903,-1028,-1064,-1037,-929,-760,-526,-249,45,332,580,797,955,1035,1049,974,838,646,400,126,-153,-409,-639,-809,-936,-991,-966,-891,-742,-556,-317,-66,184,432,650,811,913,958,944,850,691,488,242,-14,-270,-500,-696,-847,-920,-933,-861,-735,-557,-343,-106,128,351,548,697,791,831,810,731,600,434,236,32,-168,-359,-510,-638,-703,-732,-707,-634,-517,-371,-198,-13,161,330,480,599,662,682,670,610,501,358,192,628,-172,-341,-498,-614,-679,-713,-688,-616,-489,-329,-159,43,241,417,573,680,739,745,698,595,443,263,57,-159,-366,-539,-668,-762,-786,-741,-647,-516,-329,-127,86,302,489,633,743,790,765,689,568,400,202,-7,-229,-430,-596,-710,-784,-800,-742,-633,-466,-260,-32,196,418,598,728,812,807,746,618,434,222,-19,-252,-450,-613,-716,-746,-714,-622,-476,-296,-101,98,279,421,511,561,551,504,414,295,167,35,-86,-192,-272,-334,-366,-365,-339,-291,-233,-160,-83,8,90,156,213,245,266,268,245,213,159,97,14,-69,-135,-192,-242,-265,-254,-214,-144,-54,40,118,177,194,-230,21,-82,-910,-798,-166,-190,-174,-128,-57,26,103,178,232,259,262,240,198,132,56,-23,-99,-189,-254,-300,-331,-342,-319,-266,-192,-102,2,127,247,366,457,511,537,501,429,311,159,-28,-214,-398,-569,-702,-771,-756,-691,-565,-375,-134,131,387,626,809,933,994,951,817,607,333,32,-267,-565,-825,-1013,-1114,-1109,-1017,-841,-586,-285,43,376,672,913,1088,1162,1141,1035,837,571,260,-72,-383,-675,-913,-1065,-1146,-1138,-1030,-850,-596,-291,30,345,625,866,1044,1138,1136,1047,881,652,373,54,-263,-546,-789,-984,-1100,-1134,-1075,-931,-719,-446,-158,160,459,719,929,1059,1103,1072,961,777,531,255,-176,-331,-594,-821,-975,-1053,-1070,-1004,-865,-661,-416,-142,154,445,694,898,1041,1112,1094,992,837,606,322,18,-293,-587,-835,-1027,-1130,-1156,-1096,-949,-731,-485,-188,136,435,699,909,1065,1139,1153,1076,903,671,413,104,-215,-522,-785,-1004,-1151,-1218,-1192,-1075,-894,-634,-326,-11,335,656,930,1141,1246,1277,1217,1061,822,516,171,-187,-527,-828,-1075,-1233,-1292,-1265,-1140,-921,-631,-307,22,372,682,928,1109,1216,1227,1146,971,733,452,134,-175,-477,-754,-967,-1101,-1151,-1131,-1027,-848,-609,-331,-29,276,550,785,961,1072,1095,1050,927,728,490,218,-66,-352,-620,-825,-978,-1055,-1064,-988,-837,-635,-1077,-1059
61583,mtk,MTK 7916,863168070,rx0-tx1,512,-686,372,301,121,300,457,587,667,698,675,597,482,332,152,-22,-202,-370,-495,-587,-637,-642,-597,-510,-392,-245,-86,67,217,353,464,546,582,590,558,482,382,252,108,-43,-191,-333,-453,-548,-597,-615,-591,-524,-421,-289,-136,33,199,361,505,604,673,688,654,576,451,285,104,-90,-292,-459,-600,-699,-736,-733,-668,-551,-390,-201,-2,197,392,549,669,736,748,703,606,470,293,97,-94,-293,-463,-598,-688,-722,-704,-636,-526,-372,-202,-15,178,348,495,602,661,677,650,566,449,300,130,-49,-226,-385,-514,-607,-653,-653,-610,-520,-392,-235,-58,118,285,430,550,624,655,638,570,-38,314,143,-35,-211,-371,-511,-604,-657,-658,-602,-504,-376,-218,-34,154,326,472,576,642,658,622,542,409,258,79,-115,-284,-444,-561,-623,-642,-617,-538,-423,-277,-97,80,246,390,510,586,602,577,504,397,265,112,-44,-204,-339,-440,-510,-537,-518,-461,-378,-267,-142,-12,127,248,342,413,455,464,438,380,298,192,73,-47,-167,-279,-364,-418,-447,-434,-385,-307,-205,-93,32,153,268,347,396,414,398,353,270,171,58,-60,-168,-251,-326,-370,-364,-335,-282,-201,-105,0,101,195,269,317,325,306,257,183,93,-10,-110,-194,-260,-289,-276,-225,-143,-48,48,124,174,187,483,453,0,59,158,-166,-171,-133,-67,23,107,180,232,249,239,195,132,54,-24,-103,-181,-232,-258,-263,-236,-189,-124,-48,27,105,167,215,248,259,242,202,142,74,5,-66,-122,-168,-196,-211,-205,-178,-148,-108,-69,-31,10,55,88,112,136,144,159,169,158,153,127,96,53,-9,-59,-107,-154,-190,-216,-227,-208,-184,-143,-90,-34,33,85,139,176,208,221,231,217,186,146,94,45,-14,-80,-134,-177,-221,-249,-270,-269,-246,-197,-142,-60,16,101,191,259,305,345,342,314,269,202,115,19,-89,-187,-272,-333,-371,-388,-371,-324,-261,-169,-73,36,148,247,323,379,412,414,386,-48,256,153,39,-79,-203,-306,-395,-459,-482,-471,-429,-357,-249,-112,22,162,296,410,491,535,541,507,434,318,186,36,-121,-273,-393,-493,-556,-570,-546,-485,-385,-258,-115,35,180,322,436,522,575,581,554,491,389,255,101,-61,-219,-364,-490,-579,-627,-626,-589,-513,-398,-246,-74,113,288,441,564,653,698,692,631,528,376,197,1,-202,-388,-547,-668,-744,-763,-715,-620,-478,-284,-84,126,332,507,648,738,763,737,660,529,363,173,-37,-233,-416,-561,-670,-725,-736,-686,-584,-442,-268,-75,122,315,481,610,691,727,708,631,511,359,169,-24,-209,-397,-540,-650,-709,-708,69,-118,9,-314,-378,706,639,533,388,209,23,-174,-350,-491,-606,-662,-669,-642,-554,-433,-282,-118,59,225,366,477,560,605,607,569,484,377,242,96,-52,-212,-346,-455,-538,-580,-589,-565,-497,-399,-270,-124,28,193,341,468,567,628,647,625,562,443,293,126,-61,-240,-414,-561,-656,-704,-717,-672,-571,-434,-251,-57,140,336,511,644,728,750,725,641,509,347,154,-47,-247,-428,-580,-691,-734,-735,-683,-571,-427,-242,-50,145,323,482,601,674,708,681,603,486,334,163,-14,-198,-363,-498,-600,-654,-664,-626,-541,-419,-265,-92,80,253,401,523,605,649,640,586,490,357,192,20,-162,-320,634,-573,-643,-657,-619,-543,-418,-264,-91,94,273,420,540,622,661,640,573,459,316,149,-37,-214,-379,-508,-596,-656,-650,-591,-493,-340,-171,6,186,351,480,584,635,629,573,474,341,179,11,-150,-307,-427,-518,-561,-569,-530,-447,-333,-197,-46,97,228,337,427,478,494,475,413,326,222,101,-24,-144,-253,-342,-409,-440,-441,-413,-351,-257,-152,-35,90,206,310,383,426,435,407,343,246,139,15,-101,-218,-306,-369,-396,-395,-351,-288,-206,-89,24,122,218,291,334,346,328,281,206,109,6,-93,-187,-252,-295,-304,-280,-226,-147,-41,65,156,219,245,229,178,102,14,-103,-183,0,-135,-53,9,83,157,207,224,202,159,88,5,-81,-162,-223,-255,-253,-236,-191,-120,-46,37,115,181,230,255,260,240,195,136,70,-8,-84,-151,-201,-226,-241,-228,-195,-152,-95,-40,22,72,113,144,157,162,166,157,136,118,85,56,29,-17,-55,-90,-134,-161,-192,-201,-192,-176,-144,-95,-46,20,80,128,176,203,224,226,213,184,139,86,31,-22,-82,-133,-179,-206,-220,-233,-231,-207,-177,-130,-75,-8,72,152,215,269,301,310,311,273,207,134,43,-59,-149,-230,-303,-346,-368,-359,-324,-269,-189,-94,9,118,210,295,356,388,402,378,327,254,166,59,-59,-169,-1135,-352,-406,-435,-441,-412,-347,-256,-137,-9,118,240,353,449,499,513,497,440,344,217,71,-76,-221,-352,-459,-524,-563,-557,-500,-404,-284,-131,18,162,296,422,511,568,575,547,479,379,254,102,-53,-201,-342,-464,-554,-600,-606,-574,-504,-393,-249,-89,82,245,395,521,609,657,660,608,521,395,231,46,-150,-330,-491,-623,-703,-737,-713,-635,-509,-344,-149,61,265,446,606,713,758,759,697,583,424,227,16,-189,-383,-548,-665,-742,-756,-716,-620,-478,-306,-116,79,276,451,589,688,730,722,659,546,399,220,27,-172,-355,-504,-627,-705,-718,-692,-607,-474,-314,-125,68,-109,-122
61584,mtk,MTK 7916,863168070,rx1-tx0,512,0,521,860,490,533,540,509,436,344,218,69,-92,-246,-386,-507,-599,-649,-651,-610,-512,-373,-213,-25,164,347,516,649,744,779,755,664,524,348,130,-107,-333,-528,-697,-814,-867,-854,-779,-639,-447,-218,29,277,507,700,836,902,916,859,725,532,304,55,-194,-431,-638,-784,-876,-901,-865,-774,-626,-410,-189,50,289,502,687,810,874,895,838,718,554,338,95,-149,-382,-597,-764,-867,-919,-893,-799,-645,-443,-211,38,279,499,686,814,888,882,816,686,515,295,57,-181,-409,-599,-739,-828,-850,-806,-699,-539,-346,-118,107,321,497,640,726,756,731,646,515,367,180,-20,-200,-359,-277,-585,-635,-632,-586,-513,-396,-255,-104,54,191,318,434,513,544,549,512,461,365,237,106,-35,-169,-300,-407,-494,-545,-561,-541,-477,-376,-258,-111,40,179,322,435,527,579,588,561,493,394,268,109,-56,-212,-361,-510,-615,-671,-677,-642,-557,-426,-249,-41,167,365,550,696,794,817,773,672,504,284,41,-220,-451,-657,-804,-873,-873,-794,-647,-431,-195,62,321,542,704,800,829,778,663,497,285,67,-162,-358,-519,-632,-684,-677,-616,-500,-350,-171,11,184,339,452,529,556,534,465,363,223,65,-86,-229,-346,-432,-470,-454,-398,-284,-147,6,158,266,340,354,308,217,-960,-545,0,-1134,-1498,-18,1,27,51,68,82,81,79,69,45,17,-18,-53,-73,-97,-110,-103,-100,-88,-64,-33,0,34,62,85,111,129,134,132,121,103,76,41,5,-38,-84,-121,-153,-179,-197,-199,-192,-160,-106,-45,27,98,168,253,310,321,322,301,248,169,59,-62,-190,-296,-386,-451,-460,-436,-372,-266,-136,15,161,296,415,497,526,506,450,348,220,71,-94,-246,-374,-468,-516,-528,-490,-399,-295,-165,-15,132,258,364,429,463,454,420,348,242,128,4,-110,-202,-280,-331,-357,-352,-339,-292,-233,-172,-94,-17,61,137,200,256,295,318,330,316,283,226,148,68,-31,-130,489,-307,-359,-395,-408,-384,-333,-259,-151,-33,88,209,306,388,445,463,449,405,329,222,102,-30,-162,-287,-387,-454,-494,-505,-463,-394,-292,-168,-33,97,230,344,439,498,516,499,445,366,256,124,-16,-153,-280,-383,-466,-515,-535,-498,-438,-351,-235,-102,28,155,286,403,475,520,532,511,465,374,264,127,-22,-178,-320,-447,-550,-606,-621,-587,-512,-396,-246,-72,112,287,455,583,647,679,653,570,447,281,95,-98,-275,-423,-534,-614,-639,-610,-536,-425,-296,-145,9,161,290,403,488,523,528,502,436,352,242,125,1,-125,-228,-339,-424,-467,-483,-472,-442,-379,-281,-168,1279,518,0,-760,-340,210,69,-70,-216,-342,-449,-538,-586,-592,-552,-479,-369,-227,-60,112,281,445,570,663,706,694,634,519,366,184,-20,-236,-438,-599,-731,-816,-828,-769,-659,-500,-295,-60,180,410,620,778,883,912,869,760,590,373,131,-111,-360,-580,-758,-873,-923,-897,-815,-665,-470,-239,7,248,468,666,810,881,904,854,749,585,374,153,-88,-335,-547,-726,-854,-912,-901,-824,-689,-494,-280,-41,211,446,648,795,884,903,853,747,576,373,133,-114,-351,-558,-722,-833,-871,-852,-771,-626,-436,-216,26,252,466,628,749,805,794,726,609,454,255,47,-161,-355,-503,-615,-687,-702,-658,-580,315,-300,-130,45,200,348,468,544,575,574,531,477,380,243,100,-42,-173,-300,-421,-498,-536,-544,-523,-470,-375,-261,-116,30,182,313,418,495,555,563,545,486,382,256,113,-32,-182,-331,-458,-557,-612,-624,-589,-532,-421,-263,-85,95,275,441,592,697,748,734,672,560,393,183,-57,-290,-507,-688,-806,-860,-843,-752,-606,-380,-124,149,397,620,774,853,870,806,666,471,239,-4,-243,-444,-611,-713,-758,-733,-640,-499,-320,-123,77,264,422,531,601,609,578,485,358,203,41,-121,-267,-386,-477,-507,-495,-440,-345,-215,-58,94,235,347,410,434,385,291,165,17,-116,-207,-433,-721,0,936,118,53,64,67,55,38,10,-16,-39,-68,-87,-97,-95,-81,-66,-51,-16,15,39,70,99,116,122,115,102,87,65,28,-9,-45,-72,-97,-122,-140,-155,-162,-149,-128,-93,-46,4,55,107,167,212,246,259,250,227,177,93,7,-77,-182,-272,-345,-389,-401,-372,-299,-211,-91,43,179,315,414,478,503,478,422,317,175,20,-132,-268,-394,-478,-534,-535,-479,-386,-261,-116,31,194,318,415,487,512,482,421,325,200,67,-64,-183,-296,-374,-415,-425,-395,-347,-270,-181,-85,5,90,178,235,281,313,319,313,287,248,193,124,43,-38,-120,-191,-263,-315,-354,-370,-349,-571,-251,-163,-68,51,169,268,351,411,438,437,403,334,244,126,-5,-133,-249,-355,-427,-471,-485,-461,-404,-307,-197,-77,61,200,315,413,480,505,503,461,384,281,149,14,-128,-256,-368,-458,-512,-524,-505,-440,-354,-236,-112,29,170,286,394,474,516,521,500,451,350,231,102,-37,-170,-298,-409,-491,-551,-572,-552,-488,-397,-268,-112,53,223,374,509,604,654,647,599,503,349,176,-5,-202,-374,-518,-617,-661,-656,-596,-500,-364,-209,-21,144,297,419,515,572,582,546,475,382,258,117,-15,-154,-271,-366,-439,-478,-496,-475,-432,-365,-256,-137,-23,92,211,326,411,461,905,1385
61585,mtk,MTK 7916,863168070,rx1-tx1,512,0,0,0,-693,-743,-601,-303,77,448,705,777,666,388,8,-366,-647,-766,-695,-446,-91,278,570,705,658,454,124,-230,-504,-646,-617,-416,-111,218,481,605,563,378,87,-229,-478,-594,-550,-355,-62,247,488,596,540,327,31,-277,-517,-618,-552,-337,-26,305,558,660,590,375,54,-293,-569,-698,-649,-426,-97,263,553,706,672,459,135,-213,-513,-681,-668,-475,-164,188,492,658,653,477,176,-167,-470,-654,-669,-506,-208,143,454,647,682,545,263,-83,-415,-632,-687,-572,-311,14,336,577,663,568,349,52,-266,-518,-624,-577,-391,-109,191,438,570,556,418,187,-81,-320,-468,-492,-396,0,46,240,362,387,304,149,-32,-192,-285,-287,-205,-62,96,213,255,219,119,-20,-170,-276,-287,-222,-88,95,264,364,363,261,81,-136,-337,-456,-454,-342,-126,135,369,523,554,450,215,-90,-379,-579,-640,-544,-317,-3,334,598,715,663,449,114,-262,-580,-757,-760,-574,-241,160,527,769,833,706,406,7,-406,-732,-876,-814,-569,-188,239,608,834,867,702,376,-36,-434,-736,-866,-791,-538,-173,221,557,757,778,630,347,-9,-349,-597,-710,-650,-449,-164,142,409,573,604,502,292,25,-232,-421,-516,-500,-378,-185,35,237,385,446,421,324,176,12,-138,-242,-297,-299,-248,0,0,0,0,0,334,361,325,217,47,-155,-355,-504,-566,-536,-400,-161,123,391,600,701,654,458,159,-182,-488,-706,-778,-674,-415,-51,326,632,805,798,597,249,-158,-533,-788,-857,-712,-396,26,453,781,918,830,543,116,-352,-742,-956,-939,-695,-271,242,694,984,1045,857,452,-71,-580,-945,-1088,-962,-590,-78,457,881,1094,1041,723,226,-328,-802,-1074,-1078,-807,-333,224,715,1025,1083,865,413,-145,-661,-1018,-1115,-918,-494,48,590,1000,1155,1012,610,40,-550,-998,-1196,-1094,-714,-146,466,979,1261,1224,866,294,-364,-949,-1300,-1336,-1051,-495,180,816,1262,1397,1193,702,35,-641,-1158,-1393,-1283,-850,0,476,1027,1329,1303,944,348,-336,-926,-1279,-1306,-1001,-448,216,822,1228,1322,1057,533,-131,-765,-1202,-1337,-1129,-635,11,672,1171,1376,1228,759,106,-569,-1111,-1373,-1279,-874,-246,447,1021,1331,1313,963,375,-305,-897,-1251,-1288,-1011,-486,168,774,1157,1240,1003,512,-101,-678,-1069,-1177,-976,-516,80,645,1028,1144,964,523,-56,-624,-1038,-1175,-998,-571,-12,563,999,1171,1048,660,101,-473,-928,-1153,-1084,-742,-222,351,831,1087,1073,796,325,-210,-685,-980,-1016,-796,-388,105,548,839,912,752,400,-37,-443,-724,-806,-669,-362,29,404,654,717,584,298,-58,-400,-632,-681,-549,-263,95,426,644,0,0,0,0,0,272,-103,-465,-711,-777,-635,-338,32,400,680,780,681,416,48,-323,-611,-736,-671,-448,-108,250,528,669,635,427,112,-223,-489,-629,-599,-403,-98,228,476,591,553,361,75,-235,-480,-592,-538,-338,-41,262,503,621,556,335,32,-283,-533,-646,-583,-353,-27,302,566,685,622,394,62,-286,-564,-701,-652,-440,-116,235,531,690,663,463,149,-202,-502,-669,-658,-485,-177,178,480,659,663,488,185,-166,-473,-657,-678,-528,-236,115,431,641,687,553,289,-54,-377,-607,-682,-579,-338,-15,307,541,642,583,374,80,-226,-476,-598,-574,-405,-146,148,391,528,533,408,190,-61,-286,0,-441,-355,-181,30,203,306,327,253,109,-55,-194,-264,-248,-154,-16,124,233,273,222,99,-64,-217,-304,-315,-243,-83,114,298,406,403,297,108,-132,-352,-487,-504,-391,-170,111,371,551,609,510,269,-43,-350,-589,-691,-610,-378,-46,311,598,754,722,502,160,-216,-558,-774,-806,-648,-329,83,476,763,866,762,479,84,-334,-678,-866,-850,-634,-277,147,528,790,877,756,457,65,-338,-661,-820,-785,-582,-259,115,451,681,744,643,410,91,-245,-508,-645,-635,-482,-234,57,322,502,565,507,345,111,-137,-338,-458,-482,-410,-258,-68,124,278,370,387,339,245,124,7,-95,0,0,0,0,0,-27,109,255,389,471,477,396,230,1,-248,-469,-611,-637,-529,-312,-18,293,559,718,728,576,291,-65,-415,-681,-800,-737,-506,-157,238,585,800,827,653,324,-88,-491,-778,-878,-768,-460,-34,409,758,933,877,612,197,-291,-722,-976,-996,-772,-362,150,644,982,1076,907,522,7,-522,-926,-1100,-1000,-660,-152,392,840,1085,1057,764,284,-266,-756,-1051,-1084,-846,-384,173,679,1021,1108,901,464,-90,-626,-1007,-1129,-962,-549,4,570,1000,1169,1046,653,83,-517,-996,-1235,-1165,-796,-212,425,973,1291,1280,960,400,-276,-881,-1273,-1371,-1142,-614,72,723,1201,1404,1248,784,137,-546,-1098,0,-1293,-903,-291,394,980,1312,1308,981,410,-260,-867,-1255,-1310,-1033,-494,168,798,1223,1326,1097,587,-77,-722,-1187,-1355,-1181,-704,-43,634,1146,1373,1263,825,181,-504,-1060,-1346,-1305,-931,-311,377,960,1305,1323,999,422,-243,-833,-1206,-1271,-1014,-505,127,717,1109,1206,990,516,-84,-656,-1042,-1146,-956,-523,54,630,1033,1156,981,548,-31,-594,-1010,-1173,-1026,-622,-61,526,976,1168,1068,708,169,-417,-887,-1121,-1080,-774,-272,290,762,1047,1061,801,354,-155,-616,-909,-965,-779,-406,59,491,774,851,706,385,-18,-413,-687,-753,-624,-333,42,392,632,695,563,283,-81,-419,-628,-680,-546,-254,0,0
61586,mtk,MTK 7916,863168070,rx2-tx0,512,0,0,0,-1120,-1056,-726,-192,410,917,1202,1183,857,304,-335,-901,-1242,-1277,-988,-443,223,835,1237,1327,1080,557,-112,-759,-1204,-1344,-1143,-649,15,678,1160,1339,1177,714,62,-605,-1111,-1318,-1187,-750,-119,542,1059,1295,1191,779,164,-491,-1018,-1274,-1195,-799,-204,443,980,1253,1192,825,246,-401,-936,-1216,-1178,-828,-265,360,887,1168,1137,807,263,-350,-865,-1131,-1088,-763,-235,362,861,1119,1073,737,196,-403,-885,-1129,-1073,-724,-176,429,930,1184,1124,765,196,-443,-976,-1250,-1192,-830,-243,417,975,1294,1283,931,336,-353,-958,-1319,-1347,-1033,-448,256,896,1309,1393,1124,575,-120,-791,-1260,-1406,-1196,-683,0,678,1183,1388,1246,780,107,-586,-1120,-1364,-1259,-836,-200,493,1057,1346,1292,907,286,-415,-1016,-1354,-1342,-990,-384,329,962,1351,1402,1094,508,-205,-877,-1331,-1454,-1211,-658,69,777,1293,1485,1306,799,91,-645,-1214,-1481,-1384,-937,-257,484,1103,1447,1431,1064,428,-312,-972,-1382,-1446,-1159,-586,129,811,1283,1436,1233,729,45,-643,-1170,-1407,-1298,-875,-247,442,1019,1342,1339,1020,461,-204,-810,-1210,-1318,-1118,-672,-72,531,986,1203,1137,809,309,-246,-725,-1025,-1078,-881,-493,-14,448,797,950,886,628,236,-185,-541,-769,-826,-704,-439,-97,247,521,677,697,587,382,131,-119,-319,-435,-469,-428,0,0,0,0,0,168,339,472,541,524,403,186,-87,-374,-606,-728,-717,-552,-260,103,465,744,864,792,544,168,-268,-663,-914,-959,-781,-412,62,534,901,1068,983,657,163,-390,-860,-1137,-1148,-884,-400,191,754,1146,1272,1090,640,29,-598,-1093,-1339,-1255,-858,-252,422,1004,1353,1370,1058,481,-217,-866,-1308,-1424,-1195,-686,-9,673,1195,1412,1285,850,207,-484,-1042,-1339,-1305,-942,-345,317,886,1229,1258,963,429,-197,-759,-1123,-1198,-960,-479,122,674,1041,1139,936,486,-93,-634,-1002,-1105,-919,-490,83,627,1001,1122,948,510,-65,-629,-1036,-1173,-1009,-585,3,602,1046,1224,1092,684,87,-543,-1035,-1261,-1165,0,-171,467,995,1271,1221,851,260,-392,-953,-1275,-1263,-923,-341,330,919,1277,1304,995,418,-271,-898,-1294,-1356,-1082,-523,184,849,1298,1417,1173,631,-84,-781,-1273,-1446,-1253,-734,-23,687,1221,1447,1305,829,139,-581,-1134,-1399,-1308,-881,-230,473,1040,1338,1284,893,277,-400,-966,-1279,-1245,-883,-294,355,905,1213,1204,874,318,-313,-859,-1177,-1176,-866,-344,265,801,1117,1139,861,359,-224,-734,-1052,-1088,-831,-360,187,677,977,1017,784,350,-165,-624,-906,-938,-712,-300,183,605,852,861,634,238,-224,-630,-860,-841,-589,-176,291,680,885,847,578,139,-342,-733,-934,-879,-580,-117,390,805,1010,0,0,0,0,0,137,-435,-911,-1165,-1130,-796,-245,380,922,1233,1231,922,373,-276,-869,-1251,-1311,-1038,-501,166,791,1220,1337,1115,609,-59,-716,-1181,-1344,-1166,-683,-25,633,1129,1331,1186,734,96,-570,-1081,-1304,-1187,-767,-143,520,1035,1282,1197,798,185,-467,-997,-1272,-1205,-818,-222,424,959,1242,1195,834,254,-381,-909,-1194,-1158,-820,-270,348,866,1147,1109,774,241,-355,-854,-1123,-1080,-745,-209,385,877,1125,1070,728,185,-412,-907,-1162,-1101,-742,-179,445,954,1213,1151,787,211,-431,-974,-1274,-1241,-885,-287,392,974,1313,1318,982,391,-302,-926,-1312,-1371,-1083,-514,190,842,1279,1397,1161,632,-61,-739,-1224,0,-1213,-729,-58,626,1150,1379,1252,808,159,-534,-1083,-1354,-1280,-870,-238,456,1034,1341,1308,948,333,-372,-985,-1350,-1375,-1047,-451,270,928,1348,1433,1155,578,-144,-828,-1310,-1470,-1260,-727,-12,711,1261,1489,1347,870,173,-566,-1167,-1476,-1415,-1003,-345,406,1050,1424,1442,1111,512,-219,-898,-1346,-1447,-1204,-672,37,736,1235,1425,1269,805,146,-541,-1094,-1376,-1321,-946,-344,332,926,1294,1347,1073,553,-77,-674,-1105,-1268,-1136,-741,-185,392,863,1121,1119,862,412,-113,-589,-911,-1019,-890,-570,-136,314,671,862,861,669,339,-48,-403,-654,-763,-720,-531,-247,63,340,530,610,583,463,282,91,-80,0,0,0,0,0,-380,-315,-180,18,245,461,616,666,585,384,90,-245,-549,-756,-812,-690,-412,-34,372,712,899,887,671,292,-167,-604,-913,-1017,-882,-533,-46,469,887,1104,1070,776,281,-293,-813,-1153,-1219,-990,-518,90,682,1122,1307,1185,766,141,-519,-1057,-1348,-1323,-971,-366,324,935,1332,1414,1144,597,-99,-774,-1249,-1418,-1250,-776,-110,580,1115,1380,1306,902,287,-391,-968,-1291,-1278,-952,-392,251,823,1181,1227,964,459,-156,-719,-1082,-1164,-948,-482,106,653,1024,1124,927,483,-79,-627,-1006,-1114,-929,-495,78,629,1021,1151,973,537,-38,-618,-1052,-1208,-1055,-631,-37,573,1044,1246,1136,732,131,-506,0,-1268,-1195,-817,-224,438,987,1277,1237,887,309,-363,-942,-1272,-1282,-958,-386,296,909,1291,1341,1040,467,-234,-879,-1297,-1391,-1128,-566,149,824,1298,1444,1217,682,-27,-728,-1247,-1450,-1283,-785,-78,638,1187,1429,1308,857,186,-516,-1083,-1371,-1302,-893,-260,427,994,1294,1254,890,294,-377,-933,-1236,-1217,-879,-309,340,885,1188,1184,870,329,-293,-837,-1148,-1152,-865,-353,244,769,1087,1117,856,372,-201,-708,-1017,-1048,-808,-362,173,648,943,976,750,329,-170,-616,-878,-897,-676,-273,202,615,854,853,609,203,-260,-651,-862,-835,-578,-157,317,707,902,859,580,131,-370,-774,-972,-917,-612,-135,0,0
61587,mtk,MTK 7916,863168070,rx2-tx1,512,0,0,0,873,418,-156,-699,-1069,-1163,-969,-530,52,618,1029,1191,1047,641,77,-505,-956,-1161,-1071,-713,-182,393,866,1118,1065,742,239,-319,-794,-1045,-1016,-735,-273,256,714,975,965,690,238,-273,-708,-952,-934,-647,-188,325,750,969,924,622,151,-370,-804,-1031,-977,-663,-170,384,855,1094,1043,716,195,-386,-876,-1137,-1099,-778,-247,363,876,1155,1139,834,289,-353,-901,-1218,-1227,-903,-337,325,912,1278,1313,1004,436,-246,-874,-1295,-1404,-1157,-616,83,766,1261,1448,1275,779,94,-620,-1186,-1443,-1340,-916,-269,436,1033,1376,1371,1028,437,-256,-869,-1263,-1345,-1090,-581,54,667,1103,1245,1084,670,101,0,-890,-1093,-1010,-676,-186,336,741,937,890,609,182,-276,-645,-822,-771,-523,-139,277,603,763,708,456,86,-303,-615,-751,-669,-404,-25,369,664,777,669,372,-34,-445,-750,-860,-739,-409,55,526,880,1016,894,532,23,-513,-950,-1163,-1077,-725,-197,408,935,1233,1240,952,407,-242,-837,-1239,-1345,-1128,-641,15,672,1166,1389,1289,890,280,-399,-993,-1359,-1400,-1114,-588,68,713,1177,1366,1252,852,271,-343,-869,-1187,-1216,-973,-528,25,543,916,1064,970,667,223,-248,-630,-857,-889,-710,-377,18,386,659,773,713,501,197,-134,-416,-611,-675,-596,-414,-169,84,297,439,490,455,360,224,0,0,0,0,0,-386,-447,-431,-336,-176,43,279,468,575,584,475,266,-7,-278,-492,-614,-603,-455,-199,104,381,576,645,557,334,28,-285,-539,-670,-634,-439,-129,217,521,707,714,544,240,-132,-492,-739,-798,-662,-372,19,424,730,860,779,511,118,-317,-687,-888,-869,-638,-246,210,621,875,910,715,343,-111,-542,-836,-918,-792,-459,2,449,777,919,831,528,98,-355,-712,-882,-835,-579,-173,275,649,858,850,614,221,-222,-610,-842,-854,-647,-265,185,588,849,885,691,325,-129,-549,-834,-904,-750,-407,42,478,797,911,787,471,32,-413,-755,-902,-810,-514,-99,348,704,873,820,559,145,0,-684,-869,-840,-602,-211,232,615,836,834,619,242,-191,-573,-793,-801,-610,-249,175,543,767,779,584,230,-191,-566,-792,-807,-600,-221,223,615,856,870,659,268,-211,-637,-897,-929,-721,-324,162,611,902,959,770,383,-103,-565,-876,-959,-787,-401,83,542,864,958,794,418,-71,-537,-867,-962,-798,-421,80,562,889,986,822,437,-69,-557,-906,-1021,-867,-477,39,549,926,1062,925,540,5,-539,-945,-1101,-978,-602,-67,481,914,1120,1029,676,161,-406,-865,-1095,-1047,-734,-234,315,783,1044,1032,750,274,-273,-737,-1003,-1011,-753,-296,238,710,996,1017,762,304,-234,-704,-1000,-1046,-808,0,0,0,0,0,716,1057,1135,927,477,-104,-665,-1054,-1184,-1024,-596,-15,568,1007,1188,1068,682,128,-456,-923,-1147,-1084,-744,-216,357,827,1079,1052,747,257,-285,-745,-1007,-993,-718,-259,266,712,954,935,666,214,-296,-723,-954,-918,-631,-168,344,772,999,953,644,148,-394,-832,-1057,-1010,-692,-181,395,870,1114,1075,750,218,-380,-881,-1153,-1123,-802,-261,365,892,1182,1172,858,301,-345,-914,-1254,-1260,-942,-383,285,899,1295,1364,1090,530,-172,-837,-1306,-1449,-1227,-697,8,701,1227,1454,1313,851,177,-542,-1115,-1409,-1363,-977,-351,355,961,1322,1357,1063,513,-154,-767,-1184,-1307,-1104,-632,-25,562,1002,1184,0,683,158,-390,-818,-1016,-947,-645,-192,293,684,872,821,564,166,-269,-622,-792,-742,-491,-114,286,606,753,685,428,58,-335,-635,-756,-660,-383,5,407,702,808,694,375,-61,-499,-821,-932,-803,-457,34,532,912,1078,977,630,108,-475,-960,-1214,-1168,-839,-303,328,887,1244,1304,1042,521,-132,-765,-1218,-1382,-1225,-769,-126,547,1094,1392,1369,1023,439,-242,-865,-1280,-1407,-1209,-735,-101,535,1037,1298,1255,926,409,-173,-699,-1050,-1148,-988,-608,-113,390,779,962,923,689,308,-129,-513,-760,-832,-719,-452,-99,258,548,704,705,563,314,17,-268,-481,-590,-586,-476,-301,-105,82,228,314,0,0,0,0,0,131,-38,-210,-377,-505,-550,-499,-352,-129,131,370,544,610,555,374,107,-185,-440,-600,-625,-504,-267,33,334,563,657,597,385,74,-258,-531,-677,-667,-493,-187,182,514,725,757,604,297,-89,-464,-740,-837,-726,-441,-50,370,710,879,826,569,183,-259,-657,-885,-881,-674,-299,158,576,854,920,751,406,-46,-496,-812,-926,-811,-496,-58,395,750,913,838,553,131,-324,-684,-866,-836,-588,-195,249,630,851,846,618,242,-199,-604,-852,-864,-651,-280,161,570,843,899,726,373,-82,-525,-826,-916,-773,-443,0,448,776,897,792,487,55,-387,-726,-882,-815,-535,-116,329,689,876,0,575,170,-276,-652,-857,-838,-611,-234,205,585,813,829,621,260,-168,-547,-772,-788,-594,-239,187,555,773,788,581,216,-217,-601,-828,-841,-629,-230,226,624,876,905,686,293,-181,-617,-895,-946,-756,-361,131,582,883,956,783,402,-88,-549,-870,-958,-794,-415,70,542,872,954,780,409,-72,-545,-873,-974,-809,-423,78,562,898,997,834,452,-59,-562,-914,-1035,-890,-500,24,544,936,1084,946,568,36,-516,-934,-1115,-1010,-645,-113,447,891,1107,1041,705,192,-359,-821,-1073,-1039,-744,-261,288,760,1025,1016,742,284,-247,-724,-1004,-1011,-756,-300,234,705,995,1026,783,335,-210,-707,0,0
61588,mtk,MTK 7916,863226264,rx0-tx0,512,-330,-1332,-1229,-54,247,522,739,881,932,868,720,495,223,-76,-371,-623,-797,-902,-915,-820,-639,-400,-126,175,445,681,838,907,886,780,582,317,24,-283,-551,-766,-895,-935,-873,-715,-484,-192,116,402,658,842,932,918,802,620,360,60,-239,-513,-723,-856,-899,-849,-711,-498,-244,30,313,566,733,840,858,777,629,414,163,-106,-367,-594,-748,-837,-829,-737,-571,-332,-70,197,452,649,780,820,775,647,445,211,-51,-296,-512,-660,-749,-741,-666,-522,-322,-104,130,340,511,634,678,658,572,429,240,37,-164,-352,-502,-591,-623,-601,-517,-379,-202,-3,188,359,500,586,610,581,491,341,-26,-31,-225,-398,-531,-603,-625,-577,-465,-299,-112,92,297,467,592,649,639,558,419,224,12,-201,-405,-564,-661,-677,-634,-499,-332,-115,121,335,514,633,686,672,576,408,206,-14,-238,-442,-589,-675,-681,-617,-488,-298,-79,154,368,542,661,709,673,556,382,158,-91,-318,-515,-653,-721,-702,-580,-399,-170,82,319,513,629,682,653,523,331,119,-109,-307,-457,-540,-555,-509,-397,-251,-81,88,233,329,391,398,363,294,200,87,-20,-122,-198,-252,-279,-273,-240,-184,-116,-39,39,115,175,211,230,227,188,131,61,-18,-98,-169,-216,-228,-210,-160,-77,20,104,163,186,161,-1406,-1415,510,-560,-708,160,155,113,42,-41,-126,-186,-217,-223,-193,-134,-60,26,109,182,236,257,257,229,173,95,-9,-107,-207,-286,-339,-368,-344,-274,-177,-35,123,269,402,496,531,510,406,258,71,-151,-366,-547,-668,-704,-661,-531,-312,-52,229,488,699,835,874,793,610,356,36,-297,-590,-822,-957,-973,-878,-662,-380,-40,319,624,875,1004,1022,924,701,400,60,-289,-621,-860,-1010,-1042,-947,-747,-467,-126,218,532,794,957,1021,973,805,549,241,-107,-440,-710,-910,-1002,-983,-860,-637,-348,-26,314,602,841,976,1003,917,725,461,153,-189,-504,-749,-924,-986,-940,-792,-554,-264,47,369,643,301,935,945,855,673,422,125,-187,-472,-715,-873,-940,-922,-812,-594,-328,-16,306,577,807,945,987,918,761,503,195,-139,-450,-717,-915,-1014,-994,-880,-666,-384,-65,270,570,804,957,1017,978,827,587,297,-44,-369,-670,-902,-1032,-1056,-974,-796,-529,-191,164,504,800,994,1100,1091,970,727,407,51,-322,-667,-929,-1096,-1141,-1064,-878,-589,-227,153,513,816,1029,1120,1096,952,706,386,32,-320,-644,-889,-1035,-1077,-999,-816,-540,-217,122,441,716,913,1009,1005,891,677,398,93,-224,-522,-762,-920,-971,-931,-787,-561,-285,25,338,600,805,924,943,865,692,457,167,-136,-426,-670,-842,-16,-201,-82,510,737,933,904,772,558,292,-12,-312,-575,-785,-898,-921,-843,-674,-444,-177,125,414,649,815,901,893,788,610,358,74,-218,-490,-719,-866,-920,-882,-740,-529,-256,40,343,605,810,921,933,847,684,430,134,-186,-467,-698,-860,-921,-892,-764,-555,-290,2,283,537,731,838,877,827,671,453,203,-82,-340,-571,-737,-833,-834,-760,-597,-379,-123,152,401,617,768,826,809,702,519,290,16,-246,-492,-664,-768,-790,-722,-581,-386,-157,94,321,527,655,720,702,611,470,279,64,-154,-349,-505,-605,-641,-624,-545,-401,-221,-24,168,350,487,583,610,580,493,359,183,-5,-191,-370,-506,628,-616,-575,-483,-330,-149,50,257,432,560,626,636,572,449,272,68,-148,-347,-519,-633,-672,-643,-545,-388,-180,44,274,469,603,689,683,602,456,262,52,-174,-394,-559,-656,-688,-645,-525,-355,-144,82,300,492,629,688,677,584,431,234,1,-232,-443,-606,-709,-713,-638,-492,-292,-56,199,427,589,692,704,632,473,272,41,-205,-426,-561,-629,-615,-525,-377,-192,-3,187,340,441,483,457,380,276,145,5,-118,-223,-298,-333,-329,-290,-225,-149,-59,32,115,179,225,244,240,212,155,88,16,-60,-133,-181,-216,-225,-205,-157,-83,1,85,161,210,217,181,118,29,-57,-230,21,-82,-910,-798,-9,-79,-147,-189,-202,-177,-114,-39,48,130,192,228,241,221,177,105,24,-65,-151,-226,-284,-309,-297,-259,-178,-81,41,181,289,386,445,440,386,286,135,-39,-227,-407,-532,-611,-613,-534,-386,-177,68,308,537,703,786,772,657,460,197,-106,-409,-657,-837,-925,-894,-752,-520,-207,133,464,739,922,1017,970,807,550,217,-125,-475,-767,-959,-1037,-1005,-842,-583,-266,91,432,717,921,1023,1006,880,657,354,22,-329,-635,-858,-989,-1018,-921,-727,-451,-116,220,528,775,935,1005,954,795,557,243,-87,-412,-680,-870,-980,-985,-862,-657,-366,-40,285,571,796,926,970,906,731,-176,197,-111,-411,-666,-849,-943,-931,-825,-628,-362,-68,233,530,759,905,970,926,793,569,273,-56,-371,-656,-871,-987,-999,-904,-711,-441,-114,213,517,770,939,1008,977,837,614,331,13,-313,-613,-834,-990,-1026,-963,-804,-556,-247,88,412,706,940,1071,1076,975,760,468,126,-237,-582,-868,-1053,-1127,-1090,-920,-656,-328,49,418,746,998,1129,1140,1025,795,477,113,-254,-600,-872,-1042,-1093,-1039,-873,-612,-300,47,384,687,905,1025,1034,939,748,470,160,-172,-489,-747,-912,-988,-966,-843,-626,-341,-32,277,559,781,913,963,894,739,515,231,-72,-373,-629,-826,-931,-936,-838,-652,-393,-1077,-1059
61589,mtk,MTK 7916,863226264,rx0-tx1,512,-686,372,301,454,608,692,698,630,496,297,80,-145,-353,-517,-621,-665,-631,-532,-379,-192,16,214,388,523,599,611,562,457,312,141,-46,-224,-378,-501,-568,-588,-542,-453,-315,-143,45,232,387,512,589,616,574,472,326,139,-65,-265,-448,-586,-663,-678,-616,-484,-304,-91,138,351,539,671,725,707,607,440,225,-18,-256,-472,-632,-722,-743,-677,-537,-346,-110,138,366,554,686,746,710,609,448,229,-7,-232,-436,-597,-682,-704,-648,-520,-341,-132,85,304,484,602,665,664,580,445,265,54,-158,-359,-524,-620,-662,-624,-528,-381,-183,27,235,423,559,634,656,598,470,291,90,-124,-38,-490,-608,-656,-631,-535,-380,-188,30,244,432,566,641,651,585,451,269,60,-156,-363,-524,-625,-653,-614,-507,-341,-135,89,292,465,593,646,624,531,381,193,-18,-234,-407,-538,-603,-599,-531,-403,-229,-35,152,332,464,543,551,505,403,264,96,-80,-243,-372,-452,-483,-474,-413,-297,-161,-12,137,265,375,436,457,422,347,234,86,-60,-203,-320,-404,-436,-430,-367,-256,-125,22,171,307,385,412,405,342,240,107,-33,-164,-277,-345,-376,-361,-303,-205,-87,39,164,249,312,335,315,246,147,35,-88,-196,-272,-310,-295,-237,-142,-27,91,189,248,249,203,120,15,-74,483,453,0,59,158,-51,-128,-188,-214,-193,-130,-38,58,149,218,253,245,203,127,31,-67,-149,-213,-250,-255,-227,-163,-84,11,105,178,225,254,243,206,134,54,-26,-108,-174,-201,-213,-204,-170,-121,-57,-4,55,105,137,152,158,153,139,118,78,34,-3,-60,-106,-140,-177,-194,-194,-168,-119,-56,13,87,155,202,227,232,206,160,103,28,-48,-116,-178,-216,-233,-231,-210,-159,-100,-30,39,122,187,225,256,260,238,189,116,35,-61,-159,-244,-309,-341,-323,-274,-204,-96,27,140,239,314,364,370,332,261,155,34,-89,-209,-301,-365,-396,-380,-326,-235,-123,14,152,271,367,424,-48,399,321,206,67,-78,-218,-344,-429,-477,-475,-412,-310,-174,-1,159,313,439,515,538,495,397,249,89,-96,-267,-416,-513,-555,-549,-477,-349,-183,-1,174,339,472,548,573,536,447,320,140,-51,-230,-391,-516,-593,-606,-548,-436,-286,-98,107,303,464,582,641,637,562,424,252,43,-178,-375,-545,-660,-696,-668,-566,-404,-188,55,292,494,647,743,743,664,516,308,68,-190,-424,-609,-731,-770,-727,-610,-417,-179,75,317,524,668,746,741,654,503,291,54,-184,-404,-577,-692,-733,-696,-580,-407,-188,49,280,479,635,723,723,649,506,310,82,-155,-377,-554,-672,-716,-681,69,-118,9,-314,-378,548,365,144,-91,-313,-502,-635,-688,-678,-586,-432,-242,-26,192,380,529,618,642,596,496,342,155,-40,-226,-385,-504,-580,-597,-548,-452,-313,-147,38,221,376,501,574,598,554,459,318,148,-44,-238,-409,-544,-627,-641,-595,-490,-323,-126,95,308,491,626,700,693,611,468,265,38,-202,-418,-589,-700,-739,-698,-581,-396,-173,67,311,511,664,742,736,648,498,297,55,-189,-400,-580,-690,-720,-676,-573,-395,-178,50,272,464,603,676,682,621,483,301,100,-130,-334,-499,-613,-661,-638,-562,-410,-224,-12,200,380,534,629,651,607,497,332,141,-67,-283,-456,-584,-646,-650,634,-422,-243,-29,186,382,534,629,657,610,496,323,123,-90,-303,-478,-602,-659,-645,-557,-404,-209,10,221,417,559,644,646,579,456,278,60,-165,-364,-513,-599,-634,-583,-469,-304,-109,95,285,443,546,579,559,473,332,156,-29,-205,-357,-467,-520,-514,-456,-346,-202,-47,110,257,365,431,465,444,378,268,128,-17,-165,-293,-399,-448,-445,-399,-311,-183,-34,116,262,363,421,437,404,310,177,43,-95,-233,-331,-389,-397,-363,-284,-165,-38,94,211,305,350,362,314,230,128,2,-120,-227,-290,-318,-308,-250,-160,-41,83,189,261,287,264,194,90,-25,-120,-185,-203,-170,-103,-183,0,-135,-53,-163,-139,-75,16,113,192,231,232,191,123,27,-68,-154,-219,-253,-246,-209,-145,-54,38,134,204,251,263,237,176,105,20,-68,-148,-206,-230,-237,-218,-158,-88,-17,53,113,163,183,184,169,139,100,54,11,-37,-73,-113,-149,-158,-167,-167,-136,-105,-57,5,68,132,179,204,212,200,165,104,37,-40,-114,-166,-207,-229,-220,-198,-152,-90,-25,47,117,176,214,233,235,214,163,109,46,-40,-125,-203,-260,-294,-300,-271,-205,-120,-7,108,201,286,343,356,328,270,179,66,-64,-183,-283,-353,-384,-379,-332,-242,-133,-2,126,243,332,392,413,387,321,221,90,-1135,-187,-301,-392,-439,-440,-401,-315,-194,-46,115,267,387,480,509,484,417,297,140,-44,-224,-377,-482,-539,-550,-492,-382,-223,-47,138,315,452,539,564,538,454,320,150,-29,-213,-365,-493,-570,-578,-534,-434,-291,-113,82,269,420,537,608,613,553,433,270,72,-133,-340,-497,-611,-671,-647,-560,-421,-221,2,227,435,599,708,736,679,549,369,137,-121,-358,-559,-702,-766,-745,-638,-467,-246,5,251,476,646,743,755,692,551,350,116,-141,-364,-555,-685,-742,-719,-620,-452,-244,-10,232,442,607,704,731,673,549,365,140,-102,-328,-522,-654,-716,-708,-621,-464,-252,-17,218,-109,-122
61590,mtk,MTK 7916,863226264,rx1-tx0,512,0,521,860,535,481,388,253,81,-99,-281,-434,-549,-613,-612,-543,-424,-254,-52,164,368,540,661,720,687,585,419,193,-47,-301,-536,-703,-799,-814,-733,-563,-331,-60,221,485,704,852,898,838,692,473,192,-126,-423,-677,-853,-925,-911,-791,-575,-302,5,312,580,786,899,920,848,690,449,155,-143,-426,-653,-817,-908,-883,-779,-594,-345,-59,242,508,737,883,921,869,724,492,222,-85,-382,-631,-817,-893,-897,-800,-601,-350,-58,240,510,722,861,896,837,682,459,186,-111,-391,-616,-783,-849,-825,-721,-518,-284,-4,262,494,670,765,782,706,548,345,109,-127,-346,-525,-637,-688,-662,-277,-422,-219,-15,180,363,498,574,594,557,452,318,156,-19,-188,-343,-457,-527,-552,-521,-426,-309,-151,20,193,345,464,534,559,529,431,295,131,-49,-228,-384,-513,-577,-585,-534,-434,-293,-104,89,277,456,583,643,650,579,451,273,48,-192,-418,-589,-716,-773,-728,-601,-401,-148,137,404,633,800,859,820,678,454,165,-153,-456,-695,-842,-904,-831,-654,-405,-113,200,475,682,802,824,726,560,335,63,-210,-426,-594,-696,-699,-612,-465,-264,-41,176,364,505,583,578,517,385,203,11,-174,-336,-450,-501,-493,-417,-280,-111,73,239,365,432,421,338,200,34,-124,-238,-291,-960,-545,0,-1134,-1498,-60,-67,-51,-31,-4,23,51,78,92,93,74,54,18,-12,-46,-77,-94,-107,-104,-91,-61,-25,16,56,86,106,121,133,117,96,69,23,-26,-77,-122,-158,-182,-178,-169,-134,-78,-16,63,135,200,254,274,270,218,146,50,-73,-185,-296,-369,-389,-380,-311,-193,-38,117,270,398,471,491,436,335,181,5,-180,-345,-465,-523,-521,-455,-338,-171,23,204,364,473,525,521,447,315,160,-17,-194,-336,-433,-484,-467,-397,-289,-154,2,156,269,354,407,399,351,271,166,60,-42,-152,-233,-289,-317,-322,-294,-246,-177,-91,4,96,190,268,321,343,334,294,217,111,489,-128,-244,-336,-396,-415,-394,-320,-219,-79,78,212,331,429,462,448,392,290,154,1,-158,-294,-398,-476,-493,-465,-377,-252,-95,76,238,373,475,519,513,451,334,178,13,-156,-309,-433,-508,-530,-492,-416,-289,-125,45,208,351,458,516,526,482,383,256,104,-68,-232,-368,-465,-532,-547,-493,-407,-271,-93,91,269,427,542,606,602,542,414,233,23,-186,-393,-554,-662,-683,-628,-499,-311,-97,129,351,518,628,669,635,527,357,159,-56,-253,-418,-531,-591,-588,-517,-394,-242,-61,117,271,398,481,509,500,439,332,205,58,-91,-231,-364,-448,-491,-491,-441,-339,-215,-74,1279,518,0,-760,-340,-75,-247,-387,-496,-559,-565,-515,-407,-259,-75,126,316,479,603,666,654,569,423,232,4,-232,-444,-622,-731,-755,-715,-579,-376,-136,133,402,626,783,858,841,729,534,271,-32,-326,-588,-789,-911,-920,-827,-652,-397,-100,206,507,738,887,941,886,736,506,223,-71,-359,-617,-813,-904,-898,-806,-631,-405,-114,187,458,688,842,909,871,755,560,288,-19,-315,-591,-788,-903,-923,-840,-669,-419,-130,158,457,683,837,903,876,737,532,266,-23,-311,-562,-752,-860,-869,-779,-608,-378,-97,175,447,653,782,826,770,639,435,189,-64,-315,-517,-661,-737,-719,-630,-471,-275,-56,164,315,519,616,633,600,501,348,173,-7,-197,-353,-467,-545,-562,-526,-440,-305,-151,17,191,337,448,528,545,513,430,300,142,-28,-208,-371,-488,-554,-568,-524,-435,-298,-119,65,246,404,528,605,603,558,447,277,83,-123,-336,-503,-635,-704,-700,-606,-446,-233,28,289,516,698,810,826,726,560,309,12,-288,-559,-759,-880,-882,-777,-565,-299,15,331,589,769,864,846,714,498,235,-62,-336,-554,-709,-770,-722,-591,-410,-176,79,303,480,601,644,604,496,331,131,-69,-252,-419,-512,-536,-498,-403,-259,-84,103,274,398,463,463,392,264,98,-80,-237,-341,-377,-329,-222,-85,-433,-721,0,936,118,-10,18,45,62,77,74,65,42,13,-25,-54,-78,-93,-98,-95,-69,-37,-1,34,69,99,114,123,113,87,56,23,-24,-70,-100,-128,-147,-145,-136,-108,-72,-19,36,94,157,200,224,224,194,150,81,-4,-105,-208,-275,-334,-342,-308,-243,-119,12,152,290,392,448,442,392,271,118,-63,-234,-380,-475,-519,-496,-415,-274,-93,95,277,417,520,539,502,403,246,73,-112,-284,-417,-492,-517,-469,-368,-232,-73,104,248,360,427,452,406,325,219,92,-48,-163,-268,-327,-349,-346,-310,-242,-163,-75,24,116,197,260,305,317,306,269,204,113,6,-106,-207,-297,-355,-571,-373,-316,-223,-106,30,170,292,381,443,443,392,313,185,31,-116,-257,-379,-451,-479,-455,-381,-275,-130,36,195,337,436,498,507,453,360,220,59,-107,-268,-409,-495,-527,-503,-433,-314,-160,13,179,324,448,519,527,486,394,266,110,-48,-218,-355,-456,-519,-532,-483,-387,-256,-102,80,245,387,502,563,565,521,416,265,73,-122,-321,-483,-598,-640,-625,-539,-386,-182,48,273,469,610,679,680,590,432,235,16,-208,-402,-543,-623,-641,-582,-464,-291,-104,94,275,410,510,554,537,469,363,209,50,-108,-260,-381,-458,-498,-483,-433,-337,-205,-63,87,238,363,439,493,905,1385
61591,mtk,MTK 7916,863226264,rx1-tx1,512,0,0,0,-405,-596,-669,-604,-415,-143,162,433,623,688,610,416,142,-161,-421,-591,-641,-561,-375,-115,169,412,560,592,496,294,45,-213,-421,-528,-524,-410,-198,54,284,451,520,483,334,104,-142,-355,-496,-523,-437,-264,-25,225,425,537,537,413,201,-56,-315,-508,-596,-567,-416,-172,110,375,558,621,560,386,139,-147,-402,-566,-618,-546,-357,-101,175,412,563,593,504,302,39,-235,-454,-579,-586,-472,-261,8,279,488,597,587,460,229,-46,-301,-498,-601,-578,-444,-225,43,301,491,582,556,425,209,-39,-283,-464,-544,-512,-386,-194,39,256,412,488,464,354,176,-24,-207,-341,0,-371,-277,-131,31,177,277,294,247,150,25,-96,-184,-224,-208,-139,-31,91,186,242,241,176,55,-85,-207,-291,-316,-267,-152,-2,163,310,395,392,318,168,-29,-234,-403,-491,-487,-388,-208,30,267,456,562,566,456,246,-14,-281,-510,-641,-648,-527,-305,-22,284,534,683,712,602,377,77,-247,-536,-718,-760,-669,-452,-152,177,473,685,776,722,538,259,-59,-363,-610,-745,-737,-603,-369,-71,235,493,650,688,608,416,165,-107,-359,-531,-598,-565,-435,-239,-6,220,390,483,500,429,288,99,-97,-258,-371,-426,-409,-329,-201,-58,83,207,289,325,318,270,196,114,33,0,0,0,0,0,86,-13,-128,-247,-355,-437,-467,-424,-315,-156,45,258,443,563,603,553,411,183,-80,-334,-545,-669,-682,-574,-367,-89,215,487,669,735,671,481,198,-126,-427,-654,-765,-730,-549,-257,92,429,688,824,801,619,312,-60,-434,-733,-891,-876,-688,-380,15,419,742,926,941,770,441,28,-397,-739,-938,-955,-791,-480,-69,368,727,937,960,789,467,50,-382,-734,-937,-951,-773,-444,-23,411,760,958,962,770,420,-20,-455,-807,-1002,-984,-765,-393,68,530,888,1064,1041,808,397,-100,-580,-959,-1153,-1122,-876,-450,70,576,980,1200,1189,947,518,-6,-529,-955,-1198,-1205,-983,-570,-42,0,928,1162,1177,964,549,32,-483,-898,-1135,-1138,-915,-506,-2,507,921,1142,1125,886,458,-66,-571,-971,-1175,-1136,-870,-431,104,615,1000,1185,1141,870,415,-123,-633,-1018,-1199,-1143,-856,-400,130,634,1005,1171,1100,813,371,-137,-616,-970,-1120,-1028,-729,-297,189,638,935,1030,922,622,181,-287,-687,-944,-998,-841,-507,-67,392,765,979,994,806,451,6,-446,-807,-1004,-997,-790,-422,27,465,809,991,975,764,401,-29,-449,-774,-939,-917,-717,-371,29,402,690,841,810,617,305,-57,-381,-621,-728,-683,-490,-203,111,392,585,635,548,348,69,-213,-445,-582,-588,-465,-238,41,308,510,0,0,0,0,0,510,286,-4,-294,-534,-666,-660,-526,-286,9,305,536,653,646,510,272,-18,-299,-508,-612,-594,-456,-220,59,313,495,567,514,353,124,-127,-351,-497,-533,-449,-272,-36,209,402,515,513,391,185,-61,-296,-464,-537,-493,-334,-98,157,379,520,566,496,305,37,-230,-447,-583,-601,-491,-282,-6,267,489,614,607,478,251,-23,-288,-495,-596,-580,-441,-208,71,326,517,604,554,393,149,-133,-381,-548,-599,-528,-358,-112,163,411,568,609,528,342,93,-173,-409,-561,-589,-503,-319,-81,173,391,529,565,483,303,71,-168,-370,-500,-525,-449,-282,-81,127,318,435,447,375,240,0,-115,-253,-329,-336,-267,-150,-7,123,218,263,231,143,30,-86,-177,-223,-211,-141,-30,88,188,252,269,213,103,-46,-194,-308,-363,-337,-236,-82,103,280,406,454,412,279,84,-140,-350,-505,-560,-497,-327,-105,149,393,560,620,562,392,146,-138,-405,-602,-683,-632,-464,-196,118,413,632,733,702,537,270,-52,-362,-611,-757,-755,-615,-356,-35,285,555,730,773,676,459,163,-158,-445,-642,-722,-675,-507,-255,34,304,519,635,630,513,318,73,-169,-372,-509,-551,-497,-361,-165,50,242,388,463,454,370,230,64,-102,-244,-343,-386,-368,-303,-197,-79,34,131,200,230,230,0,0,0,0,0,288,335,344,305,220,87,-80,-252,-406,-512,-550,-505,-374,-179,49,283,484,616,653,575,401,150,-132,-400,-607,-715,-691,-544,-294,12,313,560,719,742,623,376,55,-274,-563,-757,-792,-678,-437,-104,264,581,794,861,758,511,158,-238,-600,-848,-930,-840,-583,-215,196,581,859,970,893,633,256,-163,-568,-862,-973,-895,-641,-259,166,560,850,969,894,637,249,-182,-581,-873,-981,-886,-618,-221,220,625,902,999,890,600,189,-273,-687,-957,-1046,-925,-609,-158,329,752,1037,1122,982,652,185,-334,-791,-1095,-1196,-1064,-723,-240,295,778,1116,1232,1110,780,297,-252,-748,-1087,-1220,0,-782,-307,228,716,1059,1190,1083,757,279,-248,-723,-1052,-1163,-1038,-701,-228,291,764,1084,1178,1029,671,177,-351,-805,-1107,-1194,-1033,-651,-155,370,830,1134,1208,1034,653,149,-387,-845,-1123,-1177,-1007,-635,-131,392,830,1088,1130,947,573,89,-394,-800,-1041,-1050,-837,-461,-1,459,822,1005,971,735,345,-122,-565,-881,-1017,-941,-666,-258,198,618,920,1030,920,624,209,-247,-657,-931,-1023,-914,-618,-199,253,643,900,979,869,589,194,-229,-595,-823,-888,-785,-519,-153,224,543,737,776,655,406,87,-238,-505,-655,-659,-527,-286,9,294,511,615,579,412,159,-130,-385,-550,-605,-529,-337,0,0
61592,mtk,MTK 7916,863226264,rx2-tx0,512,0,0,0,-904,-1122,-1122,-889,-468,59,593,1023,1245,1217,947,479,-95,-656,-1093,-1318,-1276,-971,-469,125,696,1139,1344,1277,956,439,-174,-744,-1160,-1342,-1246,-895,-360,250,807,1190,1327,1192,813,266,-343,-879,-1227,-1309,-1126,-711,-144,450,943,1242,1282,1049,602,35,-545,-1010,-1254,-1232,-958,-487,81,632,1043,1227,1150,842,360,-204,-721,-1070,-1186,-1049,-687,-186,355,813,1089,1130,922,514,-5,-525,-930,-1133,-1097,-818,-357,184,690,1051,1191,1074,724,219,-344,-842,-1171,-1262,-1078,-665,-113,469,966,1270,1316,1097,648,54,-553,-1047,-1341,-1364,-1100,-616,-5,607,1102,1375,1373,1092,591,-32,-644,-1124,-1373,0,-1055,-548,73,672,1135,1371,1315,997,483,-137,-728,-1161,-1360,-1285,-941,-407,211,786,1200,1384,1288,914,349,-285,-866,-1274,-1429,-1292,-897,-319,333,921,1325,1475,1327,907,308,-353,-943,-1348,-1490,-1340,-913,-306,360,958,1362,1501,1346,925,323,-344,-947,-1361,-1502,-1341,-924,-330,323,917,1326,1468,1321,918,336,-309,-883,-1279,-1424,-1292,-917,-369,251,822,1229,1396,1298,958,440,-153,-708,-1117,-1322,-1280,-999,-538,12,537,949,1179,1193,987,607,136,-342,-743,-999,-1069,-945,-660,-265,157,532,797,912,862,666,371,27,-312,-580,-744,-783,-693,-501,-253,14,265,456,568,592,537,426,287,139,0,0,0,0,0,412,395,322,183,-2,-216,-426,-599,-695,-692,-584,-368,-84,224,520,749,854,814,626,323,-43,-419,-737,-927,-958,-818,-513,-109,323,717,989,1087,984,690,251,-247,-714,-1059,-1217,-1144,-840,-374,165,690,1095,1297,1258,982,509,-75,-649,-1101,-1356,-1360,-1089,-603,-14,587,1091,1385,1410,1171,699,86,-537,-1048,-1361,-1422,-1206,-747,-152,456,977,1301,1361,1164,735,160,-431,-923,-1227,-1282,-1070,-655,-122,430,890,1159,1180,958,548,30,-485,-899,-1119,-1094,-838,-423,87,583,950,1107,1034,747,295,-230,-699,-1024,-1145,-1020,-677,-199,335,809,1114,1204,1046,658,143,-408,-881,-1183,-1250,-1056,-641,0,481,948,1235,1273,1048,599,25,-546,-1014,-1278,-1272,-1002,-534,48,632,1090,1323,1282,977,460,-149,-735,-1174,-1379,-1304,-950,-401,227,820,1248,1426,1314,929,356,-292,-885,-1300,-1453,-1310,-904,-311,338,920,1317,1439,1269,841,252,-386,-942,-1302,-1380,-1177,-740,-152,457,961,1262,1297,1059,602,24,-553,-1006,-1245,-1219,-939,-469,93,626,1026,1205,1127,822,344,-203,-692,-1040,-1159,-1030,-694,-220,295,738,1010,1069,907,555,92,-376,-750,-962,-964,-762,-394,52,466,769,905,835,584,210,-207,-568,-807,-866,-726,-420,-19,382,698,869,844,624,264,-160,-561,-837,-936,-839,-549,-126,327,717,959,0,0,0,0,0,680,218,-300,-772,-1103,-1214,-1077,-713,-193,372,870,1205,1305,1141,735,182,-407,-923,-1258,-1338,-1149,-730,-160,451,966,1283,1343,1127,677,90,-511,-1008,-1299,-1318,-1066,-600,-7,581,1047,1296,1271,984,496,-95,-673,-1104,-1300,-1224,-894,-380,207,751,1141,1292,1168,796,264,-317,-829,-1163,-1256,-1081,-677,-140,419,892,1168,1190,960,531,-4,-535,-947,-1144,-1093,-818,-361,179,670,1015,1141,1018,672,177,-359,-817,-1105,-1155,-955,-543,-5,531,968,1210,1192,915,435,-136,-676,-1099,-1298,-1219,-888,-374,225,787,1194,1356,1246,880,327,-290,-852,-1250,-1399,-1262,-868,-299,325,886,1279,1414,1254,841,266,0,-910,-1283,-1398,-1227,-799,-219,406,952,1289,1363,1173,734,136,-476,-995,-1317,-1364,-1137,-682,-74,552,1062,1359,1378,1122,630,9,-615,-1125,-1415,-1415,-1136,-630,15,655,1170,1454,1449,1151,622,-27,-671,-1185,-1468,-1456,-1158,-631,28,677,1190,1470,1462,1163,640,-2,-649,-1162,-1441,-1439,-1152,-643,-6,624,1125,1403,1410,1140,644,34,-584,-1082,-1367,-1390,-1146,-683,-91,510,1005,1310,1367,1164,746,208,-359,-857,-1179,-1274,-1142,-803,-324,203,671,1005,1148,1076,819,430,-19,-454,-792,-974,-970,-799,-504,-127,253,574,785,850,771,572,288,-19,-313,-548,-681,-701,-626,-471,-267,-54,144,293,377,409,0,0,0,0,0,88,246,390,512,582,576,482,308,70,-201,-461,-666,-777,-761,-619,-368,-42,305,618,843,922,836,595,246,-167,-560,-855,-1011,-988,-776,-405,54,520,900,1115,1127,934,558,54,-466,-905,-1191,-1257,-1084,-699,-170,399,906,1244,1349,1199,811,266,-334,-882,-1274,-1419,-1291,-913,-362,266,844,1265,1443,1340,979,433,-189,-772,-1207,-1401,-1318,-985,-467,136,710,1135,1326,1247,926,425,-147,-686,-1077,-1242,-1158,-836,-345,200,690,1031,1161,1045,706,230,-289,-750,-1041,-1108,-949,-589,-102,413,839,1083,1103,898,495,-15,-533,-944,-1156,-1132,-883,-437,114,632,1031,1226,1172,876,396,-164,-697,-1096,0,-1179,-859,-353,231,765,1146,1300,1178,815,286,-309,-844,-1201,-1317,-1161,-760,-201,404,932,1275,1359,1152,708,118,-497,-1025,-1354,-1400,-1155,-680,-61,572,1089,1396,1419,1149,649,20,-621,-1131,-1415,-1410,-1114,-598,38,659,1145,1391,1350,1033,509,-114,-705,-1145,-1343,-1260,-915,-386,217,766,1147,1284,1156,782,247,-331,-832,-1153,-1225,-1042,-650,-128,423,878,1139,1160,937,531,19,-497,-899,-1110,-1078,-825,-410,82,551,892,1035,959,683,265,-201,-608,-867,-938,-809,-498,-88,330,674,860,848,650,311,-101,-496,-767,-866,-778,-520,-141,277,637,863,900,736,412,-15,-448,-788,-966,-939,-701,-309,0,0
61593,mtk,MTK 7916,863226264,rx2-tx1,512,0,0,0,1124,945,572,84,-429,-867,-1128,-1166,-972,-573,-61,465,899,1156,1175,966,562,46,-473,-896,-1130,-1134,-916,-512,-8,487,875,1078,1055,817,415,-75,-537,-877,-1022,-948,-675,-263,205,616,891,976,844,522,88,-372,-750,-961,-965,-757,-382,83,543,895,1057,990,706,273,-226,-693,-1020,-1127,-1001,-661,-176,355,821,1117,1181,992,596,68,-488,-935,-1191,-1212,-969,-512,48,614,1061,1291,1267,985,486,-132,-726,-1173,-1394,-1340,-1015,-478,159,770,1234,1451,1381,1056,519,-137,-760,-1220,-1443,-1388,-1065,-538,86,694,1162,1399,1363,1060,555,-50,-635,-1082,-1311,-1287,-1022,-564,1,549,967,1180,1161,0,511,14,-470,-835,-1010,-986,-761,-385,48,450,745,870,804,570,221,-165,-499,-716,-778,-668,-407,-60,291,569,728,716,540,247,-103,-433,-671,-765,-679,-443,-91,288,620,831,865,699,380,-30,-462,-817,-1019,-1020,-807,-425,52,548,950,1170,1171,946,527,-7,-554,-1004,-1269,-1300,-1078,-642,-80,497,1004,1320,1383,1188,779,218,-384,-927,-1296,-1425,-1297,-933,-403,190,746,1171,1378,1326,1045,595,49,-493,-926,-1185,-1234,-1062,-711,-243,250,669,946,1052,969,713,349,-60,-445,-731,-863,-842,-678,-407,-78,248,518,692,744,669,492,252,-12,-258,-456,-574,-595,-539,-429,-271,-104,40,157,0,0,0,0,0,-207,-85,63,229,388,510,572,553,451,283,61,-182,-401,-559,-628,-591,-457,-244,17,281,497,625,643,541,331,55,-238,-489,-651,-697,-604,-386,-87,234,518,708,771,674,448,134,-217,-540,-759,-843,-760,-529,-194,190,538,791,890,814,583,246,-156,-543,-814,-929,-867,-631,-262,157,547,828,944,880,638,282,-130,-526,-811,-928,-871,-644,-279,136,520,805,919,847,604,247,-164,-532,-797,-889,-802,-552,-184,219,574,814,881,774,502,130,-273,-625,-847,-900,-776,-492,-99,316,657,876,917,764,463,76,-334,-669,-864,-887,-736,-434,-34,369,688,871,878,698,378,-13,-402,0,-882,-857,-664,-346,50,448,742,873,832,623,289,-103,-467,-729,-833,-765,-527,-180,203,539,757,814,698,423,42,-342,-656,-840,-846,-669,-344,65,464,771,930,891,661,290,-141,-547,-852,-981,-907,-642,-245,201,598,877,985,885,593,176,-282,-671,-916,-970,-817,-491,-61,389,756,966,967,759,393,-52,-497,-848,-1005,-938,-685,-290,176,611,927,1050,940,641,205,-284,-721,-1010,-1089,-938,-597,-130,376,806,1065,1119,943,570,82,-425,-843,-1089,-1115,-915,-531,-37,459,856,1075,1068,843,448,-37,-505,-867,-1052,-1014,-764,-350,140,596,922,1055,967,674,239,-248,-684,-977,-1066,-933,0,0,0,0,0,166,641,996,1159,1090,798,334,-196,-688,-1051,-1204,-1112,-796,-326,206,696,1044,1184,1080,757,292,-233,-703,-1025,-1139,-1015,-687,-223,279,713,988,1059,902,557,106,-355,-746,-972,-980,-768,-396,53,498,831,976,909,642,229,-239,-665,-953,-1028,-883,-542,-74,416,821,1054,1073,870,475,-28,-537,-940,-1144,-1107,-836,-386,155,662,1038,1207,1121,786,284,-280,-796,-1153,-1273,-1130,-749,-203,390,914,1269,1369,1187,759,173,-458,-1005,-1351,-1436,-1238,-796,-190,463,1020,1368,1462,1273,817,201,-441,-990,-1350,-1445,-1252,-831,-248,382,932,1286,1382,1214,824,274,-318,-832,-1173,-1289,-1143,-780,-283,249,0,1019,1114,981,667,231,-235,-633,-887,-943,-800,-499,-104,290,611,788,792,622,326,-37,-389,-646,-750,-692,-477,-162,185,501,703,735,603,331,-13,-369,-658,-799,-761,-555,-220,178,561,845,957,864,595,184,-288,-717,-1016,-1125,-1006,-692,-235,297,794,1137,1264,1149,815,314,-263,-794,-1182,-1355,-1271,-942,-429,168,736,1169,1392,1359,1083,604,-2,-595,-1074,-1367,-1405,-1186,-769,-223,361,871,1214,1330,1215,888,417,-111,-601,-966,-1139,-1104,-883,-517,-74,359,702,909,948,814,552,198,-176,-495,-713,-799,-748,-574,-309,-12,279,507,646,683,614,454,247,28,-175,-330,-421,-452,-425,-348,0,0,0,0,0,-359,-445,-480,-453,-367,-220,-25,187,388,536,608,590,478,288,44,-215,-437,-585,-638,-580,-411,-162,116,378,571,662,625,473,226,-75,-371,-597,-722,-700,-537,-271,56,391,654,789,770,616,336,-25,-387,-676,-843,-859,-702,-396,-12,378,699,891,908,750,446,61,-346,-692,-900,-930,-775,-462,-65,343,691,908,944,793,474,72,-336,-686,-898,-930,-765,-451,-51,348,675,870,887,720,407,17,-380,-695,-863,-858,-673,-350,47,433,738,891,862,650,307,-100,-484,-773,-909,-867,-643,-286,116,498,785,910,847,615,261,-145,-526,-793,-894,-818,-576,-218,190,563,816,899,805,0,161,-235,-584,-823,-887,-768,-495,-121,270,597,810,850,705,415,42,-334,-642,-809,-795,-613,-300,79,445,716,829,770,539,184,-218,-580,-823,-895,-784,-501,-109,315,680,913,962,808,488,57,-388,-744,-952,-969,-782,-435,6,444,789,963,939,712,336,-110,-532,-847,-983,-902,-632,-229,230,640,909,998,870,550,110,-352,-743,-975,-1012,-836,-466,1,462,837,1045,1030,797,401,-84,-566,-932,-1103,-1054,-791,-355,156,628,978,1129,1052,757,312,-190,-657,-991,-1120,-1021,-712,-264,234,681,983,1079,948,620,169,-316,-730,-987,-1033,-864,-515,-50,423,809,1029,1029,817,426,-59,-521,0,0
61594,mtk,MTK 7916,863274188,rx0-tx0,512,-330,-706,-562,-944,-898,-804,-650,-466,-256,-26,197,403,596,750,858,915,927,890,802,672,504,303,90,-125,-342,-533,-693,-822,-900,-937,-918,-847,-720,-561,-366,-150,72,295,497,687,828,916,951,947,874,757,589,391,173,-54,-266,-482,-661,-801,-888,-925,-910,-854,-741,-584,-412,-209,-1,206,398,569,710,803,859,876,831,750,627,460,288,94,-113,-314,-492,-636,-750,-825,-846,-822,-756,-645,-489,-306,-111,80,267,436,577,690,752,764,744,682,588,454,302,138,-34,-189,-328,-458,-559,-634,-669,-663,-630,-564,-462,-344,-214,-60,83,226,359,465,543,596,623,623,569,502,416,295,-26,4,-150,-291,-415,-518,-597,-636,-646,-617,-559,-460,-338,-206,-46,120,276,415,538,626,670,691,657,590,491,357,206,32,-141,-304,-450,-566,-652,-695,-705,-659,-582,-472,-335,-174,1,168,328,470,585,664,703,701,662,574,458,316,155,-26,-202,-372,-524,-639,-709,-735,-718,-659,-543,-392,-216,-30,157,341,499,612,684,696,666,587,472,327,158,-11,-171,-306,-416,-480,-517,-514,-470,-413,-324,-218,-111,-7,93,170,239,285,309,321,307,278,241,189,139,74,8,-48,-98,-142,-182,-211,-232,-231,-217,-196,-159,-106,-51,14,79,139,185,212,218,205,163,100,27,-37,-876,-860,510,-687,-840,-136,-177,-190,-182,-151,-98,-36,33,100,158,208,244,255,247,224,190,144,89,23,-41,-119,-193,-257,-311,-350,-367,-361,-330,-285,-213,-113,3,133,251,367,467,549,584,585,550,465,350,186,11,-181,-372,-541,-681,-780,-832,-815,-737,-618,-449,-233,3,256,484,683,847,953,995,967,878,719,509,263,3,-257,-512,-733,-902,-1013,-1062,-1043,-948,-798,-587,-338,-74,195,450,673,859,994,1049,1049,982,864,682,457,206,-48,-296,-536,-737,-896,-1002,-1038,-1021,-938,-801,-619,-397,-151,99,347,572,765,913,997,1021,988,897,745,558,330,92,-161,-410,-609,-779,-905,-970,-979,301,-845,-702,-524,-313,-88,149,365,569,740,864,944,975,957,878,749,581,376,150,-89,-329,-556,-747,-891,-990,-1034,-1018,-937,-802,-615,-400,-168,78,316,538,725,881,980,1032,1026,958,852,685,481,259,19,-235,-475,-690,-867,-1001,-1073,-1097,-1051,-951,-789,-584,-344,-89,181,444,681,895,1048,1132,1163,1124,1014,850,624,369,96,-199,-478,-718,-910,-1055,-1139,-1155,-1106,-984,-814,-593,-345,-85,192,445,670,852,990,1060,1068,1035,934,770,575,351,114,-133,-371,-591,-766,-898,-981,-1012,-975,-895,-764,-594,-388,-167,55,288,498,673,816,911,958,943,884,781,619,421,211,-11,-241,-60,-284,-82,535,687,93,304,511,688,825,913,944,915,844,730,566,372,165,-47,-263,-468,-646,-788,-881,-925,-919,-862,-752,-618,-441,-235,-17,210,420,607,758,874,938,953,907,816,675,490,276,57,-174,-401,-594,-755,-869,-941,-945,-906,-823,-677,-500,-292,-73,143,354,546,691,805,882,897,864,785,671,517,339,151,-52,-253,-431,-599,-721,-800,-853,-851,-807,-705,-567,-403,-210,-10,193,377,545,676,769,812,811,762,670,545,391,206,27,-154,-321,-468,-582,-659,-709,-719,-680,-609,-514,-388,-247,-84,64,205,342,461,545,612,638,625,593,524,432,314,182,43,-112,-254,-368,-479,-566,628,-632,-615,-567,-487,-385,-256,-108,47,202,344,472,565,635,674,665,611,533,430,290,137,-35,-206,-354,-489,-599,-669,-703,-688,-638,-540,-411,-261,-100,70,244,395,524,621,682,705,684,630,533,403,247,75,-96,-265,-417,-541,-633,-691,-716,-693,-630,-515,-363,-198,-20,160,344,503,622,702,732,715,648,527,374,196,7,-174,-341,-469,-570,-620,-627,-579,-505,-389,-263,-127,16,138,241,327,381,404,402,376,329,269,192,117,38,-37,-100,-159,-203,-234,-254,-258,-243,-221,-191,-151,-102,-42,18,70,121,173,205,223,233,225,191,137,67,-2,-76,-138,-176,-186,-170,-22,181,-82,-741,-557,-93,-40,24,89,148,195,221,230,213,180,132,69,2,-61,-125,-183,-234,-271,-287,-294,-284,-247,-200,-140,-67,19,118,214,300,377,431,464,470,439,379,281,158,12,-139,-301,-449,-579,-666,-707,-711,-657,-556,-404,-218,-2,219,429,612,775,879,925,908,823,689,495,262,-3,-262,-509,-729,-899,-1005,-1044,-1013,-919,-752,-544,-298,-39,240,497,721,901,1013,1063,1044,962,824,635,393,136,-123,-375,-606,-803,-942,-1016,-1034,-995,-904,-746,-552,-305,-49,204,449,656,831,955,1022,1026,968,853,690,479,235,-12,-251,-485,-688,-854,-965,-1010,-1008,-926,-791,-623,-416,-188,39,-176,490,680,830,924,971,957,893,787,630,444,235,11,-221,-445,-638,-804,-921,-984,-997,-958,-863,-704,-503,-278,-38,212,444,658,828,945,1017,1027,979,873,732,544,319,81,-170,-398,-607,-793,-928,-1015,-1058,-1040,-959,-825,-641,-418,-179,73,332,576,792,957,1073,1126,1121,1045,914,730,486,232,-40,-324,-582,-807,-989,-1104,-1173,-1166,-1075,-924,-726,-489,-216,64,337,588,801,975,1069,1116,1094,1014,877,695,470,214,-36,-286,-528,-724,-874,-981,-1036,-1032,-967,-849,-677,-480,-258,-17,220,441,641,794,905,956,973,937,838,690,507,298,73,-155,-365,-563,-734,-857,-928,-953,-921,-989,-953
61595,mtk,MTK 7916,863274188,rx0-tx1,512,-686,74,-145,-478,-337,-167,18,188,348,488,588,654,693,683,634,551,438,308,156,-3,-156,-287,-409,-507,-571,-614,-618,-590,-531,-447,-344,-222,-96,45,170,295,400,484,555,594,604,581,531,457,353,227,87,-62,-207,-344,-462,-562,-638,-682,-676,-639,-565,-462,-332,-178,-11,167,338,483,603,698,746,749,710,632,514,362,194,9,-165,-332,-490,-616,-704,-754,-756,-716,-635,-508,-363,-200,-20,159,325,464,585,665,706,713,675,603,499,362,219,56,-112,-267,-410,-525,-616,-663,-673,-656,-603,-506,-385,-252,-90,66,219,360,480,571,632,652,645,603,520,409,273,118,-42,-207,-38,-489,-583,-643,-670,-653,-596,-513,-394,-252,-98,63,223,363,486,589,650,672,647,595,505,374,224,69,-103,-259,-408,-524,-603,-654,-657,-618,-550,-446,-310,-162,-2,158,308,427,522,586,616,608,551,461,359,234,94,-50,-191,-315,-407,-478,-512,-531,-509,-457,-389,-298,-185,-67,53,167,263,345,415,458,470,461,419,361,277,172,73,-47,-163,-268,-352,-413,-452,-458,-437,-384,-303,-210,-98,18,128,231,313,369,407,417,393,334,267,181,78,-25,-119,-213,-280,-327,-353,-350,-326,-273,-197,-110,-14,84,172,239,292,309,299,256,182,96,3,-94,-165,-207,-208,-178,633,462,0,711,587,-62,1,78,147,205,235,238,211,158,94,19,-61,-133,-191,-235,-261,-263,-240,-200,-151,-88,-15,57,121,182,229,244,254,244,216,178,118,53,-2,-67,-118,-149,-168,-189,-197,-189,-173,-153,-120,-80,-57,-18,9,41,68,106,134,151,168,182,183,183,165,143,104,69,17,-35,-86,-142,-189,-217,-239,-245,-234,-204,-167,-128,-78,-22,28,76,130,170,202,226,238,248,247,230,200,154,104,42,-25,-93,-167,-226,-275,-322,-338,-335,-312,-263,-208,-138,-52,38,126,208,284,338,374,397,385,355,301,232,148,49,-45,-147,-233,-316,-378,-414,-435,-426,-388,-335,-48,-171,-74,27,133,238,335,411,462,494,491,461,409,328,227,109,-18,-149,-274,-385,-477,-541,-567,-563,-521,-453,-353,-234,-99,33,174,298,405,495,552,577,571,534,474,385,271,153,16,-126,-258,-380,-486,-566,-606,-619,-604,-548,-467,-358,-230,-85,75,228,360,484,582,654,689,685,639,564,453,300,140,-33,-209,-374,-517,-641,-723,-763,-759,-711,-622,-490,-328,-157,34,232,405,556,681,755,792,770,712,617,472,314,132,-59,-233,-400,-541,-652,-734,-761,-744,-687,-593,-467,-318,-148,28,205,369,506,625,702,738,734,684,603,478,323,161,-20,-194,-358,-500,-619,-16,358,9,-920,-923,552,645,706,717,684,623,516,381,234,71,-100,-259,-397,-507,-585,-642,-660,-634,-573,-489,-369,-245,-109,29,162,290,403,498,559,595,597,567,519,434,343,224,92,-43,-177,-299,-423,-526,-595,-630,-636,-612,-554,-467,-355,-219,-62,100,254,400,530,631,697,727,718,659,558,429,273,97,-81,-253,-413,-556,-663,-739,-763,-737,-683,-587,-449,-292,-112,71,246,415,552,654,721,745,722,655,564,439,285,117,-59,-226,-372,-503,-598,-667,-704,-690,-641,-553,-444,-306,-150,8,163,314,445,543,622,668,666,631,559,452,323,180,26,-125,-280,-419,-528,-612,-657,-665,-635,634,-460,-327,-185,-26,135,285,424,543,623,663,667,630,552,452,320,163,-7,-167,-313,-448,-553,-624,-666,-667,-619,-536,-416,-281,-122,52,211,355,483,576,630,645,627,561,459,338,195,49,-104,-249,-369,-463,-538,-575,-574,-538,-463,-368,-258,-139,-11,126,240,333,409,466,494,496,459,397,327,232,125,16,-94,-198,-293,-385,-435,-462,-470,-439,-384,-297,-202,-92,26,141,246,331,392,430,434,417,365,288,194,94,-14,-127,-213,-284,-345,-382,-384,-363,-313,-237,-154,-57,41,131,216,279,320,333,318,274,211,127,28,-67,-158,-226,-262,-272,-243,-184,-104,-16,62,-631,-767,0,35,398,167,195,191,160,103,27,-52,-129,-192,-234,-256,-253,-224,-175,-113,-43,32,106,166,214,247,266,261,237,196,131,65,3,-71,-127,-181,-219,-230,-235,-226,-196,-151,-108,-61,-10,33,66,98,129,141,157,164,162,155,139,131,102,76,50,15,-20,-64,-110,-154,-184,-206,-219,-220,-210,-185,-140,-94,-42,16,76,125,162,198,225,237,235,225,205,168,132,85,35,-17,-78,-138,-186,-229,-260,-285,-290,-290,-263,-219,-166,-96,-14,64,149,227,291,342,370,372,354,319,258,172,92,-2,-92,-181,-261,-323,-376,-402,-410,-394,-350,-289,-205,-112,-16,95,193,277,-1135,412,443,453,442,404,340,251,149,39,-83,-193,-304,-401,-470,-516,-529,-517,-473,-398,-295,-169,-34,104,234,353,456,534,573,576,551,490,419,313,186,46,-93,-225,-343,-451,-525,-578,-604,-585,-536,-466,-375,-254,-118,23,171,310,429,534,604,646,653,621,565,471,343,197,35,-131,-290,-432,-565,-655,-711,-732,-712,-643,-544,-409,-244,-64,123,303,469,610,711,768,796,759,676,561,408,232,43,-151,-323,-489,-620,-710,-771,-772,-734,-658,-540,-397,-229,-45,131,300,455,583,683,739,751,721,644,538,404,242,72,-109,-280,-433,-567,-660,-721,-744,-716,-644,-540,-406,-716,-622
61596,mtk,MTK 7916,863274188,rx1-tx0,512,0,486,272,164,289,396,484,555,594,598,574,521,439,323,183,35,-122,-287,-433,-551,-653,-722,-750,-733,-666,-566,-430,-258,-67,127,325,516,669,784,867,885,859,789,646,466,268,39,-187,-409,-615,-782,-892,-958,-963,-913,-813,-657,-455,-226,12,238,456,650,806,912,962,959,895,775,623,444,234,6,-217,-434,-611,-762,-873,-930,-939,-898,-807,-674,-485,-268,-45,184,400,589,754,876,934,949,899,799,663,487,267,38,-190,-402,-588,-738,-849,-906,-909,-865,-770,-619,-437,-238,-16,200,403,575,697,798,838,832,773,664,524,356,173,-18,-210,-382,-512,-626,-688,-715,-702,-651,-277,-434,-301,-157,-1,147,269,388,482,544,584,592,562,512,430,333,221,101,-27,-146,-261,-377,-467,-528,-553,-564,-542,-496,-425,-329,-212,-76,61,196,324,432,515,585,615,607,574,511,422,308,167,13,-139,-298,-439,-554,-644,-701,-733,-712,-650,-542,-389,-218,-36,170,377,565,716,819,876,875,804,682,519,317,82,-171,-403,-610,-771,-880,-923,-898,-807,-662,-471,-263,-29,205,410,583,707,770,781,754,666,533,378,195,7,-168,-327,-466,-565,-614,-637,-601,-519,-425,-286,-143,1,155,292,394,465,507,506,465,381,272,144,-3,-143,-268,-355,-395,-388,-331,-227,-109,212,451,0,-625,-701,40,57,69,73,69,57,39,20,-5,-34,-57,-78,-96,-106,-99,-94,-84,-68,-41,-20,8,45,74,93,120,127,130,133,129,119,96,62,30,-1,-40,-81,-117,-164,-194,-220,-221,-220,-202,-167,-124,-58,12,79,148,232,299,343,378,371,348,298,216,117,-2,-129,-254,-360,-440,-498,-515,-491,-434,-348,-228,-84,63,203,332,431,514,559,558,519,440,344,214,69,-75,-217,-338,-431,-490,-512,-509,-467,-405,-301,-199,-83,38,148,248,335,377,397,406,383,335,287,212,139,66,-9,-81,-145,-199,-248,-283,-307,-321,-325,-316,-284,-238,-181,-112,-40,46,136,213,489,362,397,418,413,387,339,271,177,73,-38,-140,-243,-345,-415,-466,-481,-475,-443,-379,-292,-200,-79,50,162,269,368,451,504,525,508,474,412,331,228,108,-17,-150,-277,-384,-460,-514,-549,-547,-514,-452,-366,-263,-131,-9,115,231,345,439,500,538,558,544,502,438,331,221,97,-36,-164,-281,-389,-485,-562,-609,-615,-595,-543,-450,-325,-184,-29,138,301,448,569,655,707,714,669,585,461,312,144,-42,-207,-360,-502,-600,-655,-674,-660,-586,-489,-379,-247,-90,50,183,307,410,493,532,557,552,511,451,371,274,171,58,-64,-181,-281,-364,-431,-486,-522,-521,-500,-447,371,17,0,265,478,542,493,419,323,199,60,-79,-214,-348,-469,-568,-632,-666,-668,-630,-543,-438,-307,-147,24,203,374,531,665,756,809,813,775,677,533,372,170,-49,-250,-459,-647,-785,-888,-939,-920,-855,-735,-565,-360,-133,105,330,542,733,872,954,976,948,859,717,540,334,110,-123,-351,-547,-708,-836,-920,-946,-925,-851,-724,-558,-358,-141,77,297,496,678,827,919,960,942,866,740,585,380,168,-62,-296,-500,-670,-814,-904,-941,-921,-845,-720,-555,-357,-143,77,289,493,665,785,864,892,859,777,646,493,310,94,-111,-306,-475,-611,-714,-767,-776,-745,-657,-545,-400,-232,-71,96,254,315,509,585,635,648,618,561,485,369,244,116,-18,-143,-264,-374,-458,-518,-556,-565,-541,-501,-432,-336,-215,-90,36,168,285,395,483,549,584,580,559,506,415,310,187,47,-88,-223,-354,-468,-561,-632,-659,-660,-620,-531,-419,-276,-125,42,220,384,551,678,760,805,801,746,635,480,291,80,-151,-382,-582,-746,-861,-927,-914,-839,-703,-514,-296,-54,185,414,610,751,839,873,839,743,604,421,216,10,-184,-377,-518,-627,-697,-708,-670,-591,-473,-326,-172,-17,155,295,418,510,548,558,529,456,353,237,100,-47,-188,-310,-399,-458,-474,-434,-355,-238,-101,38,165,253,288,-494,-312,0,316,-58,44,31,10,-16,-39,-61,-75,-88,-95,-89,-74,-55,-35,-8,18,41,68,93,107,112,121,116,101,85,59,24,3,-23,-58,-89,-122,-140,-151,-161,-171,-160,-143,-116,-81,-34,19,72,135,188,239,280,292,289,270,235,170,97,-2,-108,-201,-288,-365,-429,-464,-456,-413,-330,-229,-107,35,176,304,415,496,538,535,504,442,346,223,71,-69,-212,-335,-441,-524,-554,-552,-509,-430,-332,-206,-79,57,188,304,395,444,475,471,434,385,303,200,107,7,-94,-174,-242,-300,-322,-341,-341,-324,-298,-264,-216,-156,-90,-19,45,113,187,250,307,339,359,372,352,323,-571,196,109,15,-82,-181,-272,-352,-413,-446,-452,-435,-400,-331,-241,-133,-18,93,208,315,397,457,498,496,475,434,365,269,158,29,-95,-215,-323,-415,-490,-532,-544,-527,-474,-395,-294,-183,-55,76,201,316,409,490,540,547,534,488,431,342,235,118,-13,-143,-255,-367,-456,-509,-555,-565,-555,-508,-436,-337,-221,-83,62,208,344,470,564,633,670,669,622,539,416,267,98,-87,-262,-424,-554,-645,-707,-709,-668,-595,-485,-339,-180,-27,142,294,414,506,587,613,606,574,504,414,299,179,65,-66,-187,-293,-385,-451,-491,-517,-517,-487,-432,-363,-277,-181,-66,49,162,273,580,696
61597,mtk,MTK 7916,863274188,rx1-tx1,512,0,0,0,-569,-327,19,374,624,689,559,278,-87,-432,-646,-672,-516,-215,143,453,632,620,435,131,-210,-481,-600,-543,-328,-22,287,501,558,445,205,-88,-363,-521,-515,-353,-82,217,444,531,454,240,-42,-313,-498,-531,-392,-135,171,431,562,527,329,28,-282,-518,-605,-510,-263,68,383,586,623,473,185,-152,-451,-623,-608,-419,-116,226,492,615,559,333,8,-317,-541,-608,-490,-233,95,399,587,594,430,154,-169,-461,-616,-584,-386,-78,259,513,622,550,322,18,-291,-526,-609,-515,-272,38,329,534,582,455,211,-82,-349,-517,-530,-395,-161,113,347,478,467,325,108,-127,-317,0,-379,-245,-49,142,272,313,260,127,-35,-168,-235,-224,-136,7,136,213,219,156,25,-124,-232,-271,-215,-82,81,234,327,321,204,11,-190,-347,-420,-363,-188,43,274,446,499,408,197,-83,-355,-533,-564,-431,-184,128,424,600,615,461,172,-179,-490,-669,-664,-477,-161,214,539,721,702,494,158,-238,-574,-748,-730,-520,-170,225,570,768,756,539,189,-206,-549,-748,-749,-550,-213,167,492,686,705,546,247,-106,-420,-614,-654,-528,-267,52,345,536,585,489,270,-10,-266,-445,-507,-438,-263,-37,187,356,434,408,283,100,-89,-250,-350,-369,-308,-191,-53,78,178,231,235,0,0,0,0,0,100,235,344,402,385,284,108,-117,-336,-496,-560,-501,-324,-57,236,484,629,631,473,192,-146,-461,-663,-705,-576,-291,75,428,681,755,617,320,-63,-440,-707,-791,-657,-333,90,483,753,822,656,308,-128,-546,-824,-876,-684,-293,188,623,895,929,702,281,-216,-667,-941,-958,-700,-246,276,720,968,945,659,188,-337,-768,-978,-919,-601,-114,406,814,986,874,516,7,-504,-875,-993,-826,-413,118,623,948,997,766,315,-237,-727,-1007,-1007,-714,-200,371,844,1087,1025,661,96,-494,-956,-1163,-1048,-630,-27,596,1055,1227,1058,587,-41,-658,-1103,-1246,-1047,-556,97,716,1128,1232,994,0,-182,-764,-1134,-1190,-908,-368,275,837,1146,1130,789,227,-396,-907,-1163,-1081,-684,-86,540,1015,1194,1026,569,-53,-673,-1100,-1211,-970,-461,184,776,1153,1200,901,356,-290,-863,-1183,-1162,-821,-246,396,921,1177,1089,696,118,-490,-949,-1131,-979,-549,29,584,959,1054,838,370,-195,-697,-985,-978,-677,-176,379,817,1009,908,538,2,-533,-917,-1034,-854,-424,129,643,976,1027,783,316,-234,-714,-994,-991,-704,-225,308,750,973,910,604,131,-374,-754,-905,-811,-493,-41,407,724,820,674,347,-63,-439,-674,-703,-523,-191,186,496,641,585,355,29,-303,-542,-604,-478,-208,125,420,593,590,0,0,0,0,0,-324,-582,-680,-577,-305,55,398,630,689,545,245,-120,-447,-647,-659,-478,-171,177,467,620,589,389,73,-251,-491,-586,-504,-267,37,323,518,540,397,145,-152,-401,-536,-499,-299,-19,260,473,540,433,189,-114,-380,-530,-522,-357,-78,231,478,590,522,296,-20,-335,-551,-610,-493,-223,120,419,600,615,452,152,-186,-472,-621,-584,-379,-64,264,515,616,532,280,-51,-356,-562,-604,-463,-179,151,435,596,589,414,112,-230,-496,-618,-568,-360,-46,278,524,614,535,307,-15,-329,-542,-594,-482,-238,64,347,523,554,436,189,-98,-351,-499,-506,-377,-150,114,336,447,421,289,0,-125,-290,-360,-323,-197,-12,161,256,265,193,58,-89,-194,-237,-192,-75,66,186,246,222,116,-38,-187,-290,-297,-210,-50,138,299,372,339,203,-8,-233,-399,-456,-387,-189,72,320,490,530,422,180,-122,-396,-568,-590,-449,-172,161,458,639,640,466,157,-201,-507,-688,-688,-488,-150,231,555,735,722,514,163,-241,-582,-763,-748,-541,-184,220,563,755,751,551,206,-188,-525,-722,-729,-557,-241,137,462,656,682,533,253,-84,-387,-577,-617,-502,-262,32,304,486,541,462,261,8,-226,-404,-479,-426,-276,-67,146,312,400,394,303,152,-24,-177,-277,-316,-293,-215,-114,-16,0,0,0,0,0,-289,-251,-149,8,191,359,473,493,403,223,-19,-282,-496,-602,-571,-401,-131,187,473,654,673,522,236,-114,-446,-677,-739,-611,-321,60,423,684,766,638,335,-71,-455,-720,-795,-650,-319,107,512,785,849,675,303,-157,-580,-853,-902,-695,-296,194,637,911,933,699,274,-238,-696,-956,-953,-680,-221,295,735,968,928,628,153,-363,-780,-982,-902,-566,-71,452,844,991,850,468,-52,-559,-901,-991,-799,-371,180,675,977,998,736,257,-303,-787,-1048,-1009,-680,-157,426,901,1131,1033,635,56,-547,-1014,-1206,-1052,-612,1,631,1089,1246,1057,571,-69,-691,-1125,-1242,-1012,-515,128,748,0,1224,959,427,-225,-797,-1136,-1161,-853,-300,332,871,1159,1105,732,149,-472,-959,-1174,-1047,-619,-13,603,1049,1195,996,508,-130,-735,-1129,-1200,-933,-403,235,818,1170,1192,864,292,-357,-901,-1187,-1130,-761,-181,448,942,1162,1040,621,43,-535,-959,-1098,-908,-458,113,642,980,1022,752,270,-285,-763,-999,-937,-607,-89,456,870,1039,894,482,-64,-599,-955,-1030,-813,-366,187,685,983,1006,744,275,-273,-744,-997,-967,-663,-180,346,760,945,868,550,87,-381,-732,-868,-747,-419,16,427,698,756,599,276,-123,-470,-656,-644,-445,-113,248,517,620,530,277,-58,-370,-569,-597,-439,-141,195,0,0
61598,mtk,MTK 7916,863274188,rx2-tx0,512,0,0,0,-827,-294,340,897,1210,1173,796,180,-508,-1059,-1313,-1195,-732,-54,644,1165,1358,1164,633,-86,-787,-1265,-1376,-1090,-498,236,913,1321,1341,973,326,-410,-1035,-1359,-1278,-826,-138,581,1136,1359,1177,643,-73,-764,-1229,-1331,-1035,-435,289,927,1289,1272,881,226,-490,-1052,-1301,-1169,-693,-24,655,1140,1276,1024,484,-195,-817,-1185,-1198,-853,-255,417,949,1187,1068,624,-9,-634,-1061,-1162,-909,-379,275,846,1158,1123,744,132,-523,-1032,-1233,-1061,-567,101,750,1183,1272,984,394,-319,-946,-1306,-1285,-885,-227,510,1112,1393,1275,787,66,-675,-1231,-1436,-1225,-667,87,825,1324,1441,1145,521,-247,-946,-1369,0,-1033,-374,394,1047,1399,1342,898,201,-552,-1143,-1405,-1259,-743,-13,718,1246,1413,1170,581,-178,-886,-1347,-1423,-1084,-433,351,1036,1425,1412,991,279,-512,-1161,-1484,-1392,-899,-142,655,1266,1528,1359,801,14,-777,-1352,-1548,-1303,-697,109,889,1412,1534,1229,588,-219,-965,-1438,-1504,-1145,-470,330,1029,1437,1440,1038,343,-441,-1085,-1428,-1381,-948,-262,492,1116,1429,1340,887,209,-518,-1099,-1384,-1292,-854,-199,499,1042,1296,1213,809,196,-443,-941,-1187,-1116,-759,-218,360,820,1050,1010,703,227,-280,-692,-916,-898,-655,-263,171,546,776,810,652,348,-15,-350,-595,-697,-640,-462,-215,41,254,387,433,0,0,0,0,0,-282,-138,63,294,503,628,626,486,223,-115,-452,-706,-804,-709,-442,-54,371,720,894,851,586,150,-337,-751,-989,-969,-690,-220,327,810,1085,1071,772,252,-353,-876,-1182,-1178,-844,-266,390,961,1286,1265,890,266,-438,-1033,-1355,-1311,-910,-255,492,1113,1425,1350,901,204,-555,-1176,-1476,-1360,-873,-153,612,1204,1468,1333,819,81,-666,-1216,-1428,-1246,-715,6,721,1216,1358,1121,568,-143,-795,-1205,-1264,-970,-398,280,862,1182,1158,794,194,-449,-940,-1155,-1028,-595,12,613,1027,1134,904,405,-219,-784,-1122,-1130,-802,-225,420,946,1198,1105,685,56,-602,-1089,-1260,-1073,-569,104,746,1180,1280,0,440,-254,-880,-1260,-1274,-911,-280,433,1017,1311,1226,781,104,-610,-1153,-1361,-1162,-624,97,797,1273,1380,1082,472,-291,-977,-1387,-1392,-991,-306,466,1118,1451,1360,878,145,-640,-1243,-1481,-1297,-743,31,789,1316,1459,1178,570,-197,-910,-1350,-1386,-1021,-364,387,1014,1341,1276,829,151,-563,-1106,-1316,-1130,-616,73,731,1167,1257,975,400,-279,-868,-1198,-1174,-799,-194,454,959,1176,1043,605,1,-590,-1002,-1112,-886,-405,181,705,1010,1004,698,184,-365,-784,-959,-843,-471,35,521,838,884,653,232,-262,-678,-882,-805,-475,7,489,825,900,696,277,-239,-688,-932,-891,-577,-81,460,870,1022,866,0,0,0,0,0,-797,-1132,-1142,-814,-243,419,976,1261,1186,765,115,-583,-1123,-1345,-1185,-687,12,712,1214,1374,1137,572,-166,-854,-1295,-1366,-1042,-416,324,973,1338,1312,909,241,-497,-1084,-1358,-1231,-738,-33,675,1188,1350,1104,538,-185,-853,-1272,-1305,-954,-332,388,995,1309,1229,791,123,-579,-1104,-1297,-1109,-596,92,745,1162,1231,941,370,-302,-883,-1195,-1137,-741,-120,529,1009,1180,991,503,-139,-740,-1119,-1154,-833,-254,401,942,1202,1096,654,15,-641,-1118,-1261,-1029,-486,217,862,1258,1289,944,310,-424,-1041,-1359,-1286,-845,-145,607,1182,1418,1251,721,-18,-750,-1278,-1443,-1189,-597,164,876,1346,1427,1089,438,0,-998,-1388,-1375,-968,-286,477,1108,1408,1294,815,110,-632,-1195,-1412,-1215,-665,78,799,1298,1423,1124,495,-278,-970,-1392,-1420,-1037,-355,430,1106,1471,1415,952,218,-582,-1223,-1519,-1382,-860,-86,720,1316,1535,1323,745,-45,-833,-1384,-1537,-1266,-641,168,928,1417,1509,1186,530,-274,-998,-1439,-1473,-1095,-415,370,1054,1440,1414,991,303,-467,-1107,-1430,-1355,-916,-231,515,1113,1406,1318,874,196,-518,-1080,-1340,-1245,-828,-197,472,999,1249,1164,777,199,-404,-882,-1117,-1057,-728,-225,318,754,979,947,679,247,-224,-621,-848,-854,-651,-302,101,459,695,761,648,402,92,-213,-447,-575,-576,-468,-299,-103,0,0,0,0,0,-319,-454,-515,-476,-325,-80,210,490,684,733,616,347,-26,-411,-714,-854,-787,-516,-104,355,740,945,914,644,195,-326,-775,-1033,-1022,-738,-243,336,840,1136,1133,808,255,-379,-923,-1230,-1217,-870,-264,419,998,1318,1290,904,255,-465,-1068,-1393,-1332,-913,-235,529,1144,1447,1369,906,177,-590,-1194,-1475,-1346,-854,-126,638,1220,1461,1290,776,52,-685,-1220,-1406,-1189,-641,70,748,1208,1320,1049,484,-205,-820,-1192,-1213,-880,-302,352,896,1167,1088,694,97,-525,-982,-1145,-970,-506,111,697,1074,1131,852,314,-323,-870,-1167,-1119,-739,-137,512,1021,1238,1091,627,-20,-675,-1138,-1279,-1050,-512,182,0,1229,1281,963,360,-353,-962,-1288,-1249,-850,-196,523,1089,1337,1197,702,-1,-710,-1215,-1371,-1133,-558,193,893,1332,1387,1046,387,-393,-1057,-1421,-1383,-939,-223,561,1191,1480,1336,807,50,-718,-1284,-1477,-1244,-655,118,853,1339,1434,1116,478,-290,-964,-1346,-1333,-927,-254,483,1063,1329,1205,727,40,-651,-1139,-1290,-1059,-510,181,808,1194,1217,886,307,-365,-922,-1195,-1108,-698,-90,536,994,1153,972,508,-96,-658,-1011,-1064,-800,-304,268,743,980,918,584,82,-435,-808,-927,-754,-353,153,608,864,846,570,113,-383,-754,-890,-754,-379,122,592,876,895,640,173,-359,-789,-980,-878,-509,23,559,0,0
61599,mtk,MTK 7916,863274188,rx2-tx1,512,0,0,0,17,-579,-1031,-1200,-1019,-538,90,704,1131,1223,961,435,-211,-806,-1172,-1196,-878,-322,321,879,1183,1131,751,177,-441,-928,-1142,-1019,-598,-13,564,966,1079,873,408,-177,-698,-991,-984,-680,-173,386,821,1007,884,476,-87,-618,-963,-1019,-760,-260,332,828,1082,1018,642,64,-545,-993,-1157,-977,-500,132,730,1120,1177,891,336,-336,-903,-1206,-1168,-777,-143,544,1081,1313,1149,638,-65,-754,-1239,-1371,-1103,-512,240,941,1378,1430,1076,406,-387,-1075,-1464,-1445,-1017,-308,495,1159,1494,1407,929,198,-583,-1192,-1470,-1339,-838,-107,643,1210,1436,1255,736,21,-690,-1193,-1358,-1147,-626,51,691,1113,1210,0,478,-133,-686,-1022,-1044,-765,-290,238,684,922,870,557,94,-375,-712,-829,-691,-346,97,504,742,746,513,128,-283,-617,-760,-654,-344,75,477,737,765,552,157,-302,-684,-866,-786,-463,22,530,895,1018,840,409,-162,-715,-1082,-1160,-905,-382,256,843,1221,1258,947,374,-325,-951,-1318,-1328,-981,-362,370,1011,1378,1374,1008,370,-381,-1026,-1404,-1420,-1061,-418,337,994,1387,1413,1078,475,-247,-890,-1276,-1330,-1048,-511,137,719,1104,1190,963,503,-64,-593,-937,-1028,-854,-475,2,461,784,888,762,451,39,-362,-654,-773,-705,-475,-144,203,485,647,654,520,294,32,-207,-378,-459,-446,-353,0,0,0,0,0,-60,-244,-407,-514,-535,-445,-249,14,286,510,624,594,429,149,-172,-449,-625,-651,-505,-226,110,429,641,684,540,248,-117,-458,-677,-713,-549,-226,164,515,735,756,566,210,-225,-601,-819,-827,-595,-184,281,664,873,855,595,159,-341,-746,-945,-890,-592,-130,371,777,969,885,547,60,-443,-830,-982,-851,-489,2,502,862,974,820,430,-85,-574,-888,-950,-741,-324,178,629,896,896,643,205,-294,-705,-908,-841,-532,-75,401,777,927,802,431,-71,-541,-852,-936,-752,-341,164,616,897,922,687,247,-266,-692,-920,-888,-595,-136,362,762,933,829,495,18,-464,-803,-909,-757,-385,0,575,863,904,681,269,-215,-644,-880,-859,-588,-147,332,705,868,769,440,-16,-457,-765,-844,-665,-273,206,618,843,812,539,102,-388,-773,-926,-805,-442,61,554,899,980,772,331,-207,-688,-978,-989,-709,-216,340,795,1017,938,581,60,-483,-888,-1025,-854,-434,112,633,965,998,730,255,-302,-770,-1014,-958,-607,-68,499,923,1061,883,451,-119,-663,-1021,-1071,-807,-305,299,823,1111,1065,704,133,-477,-948,-1156,-1034,-604,4,610,1045,1174,967,486,-143,-726,-1086,-1135,-862,-339,282,812,1100,1066,724,173,-422,-885,-1086,-964,-559,14,582,978,1077,854,383,-206,-731,-1040,-1047,-742,-213,0,0,0,0,0,1162,1023,587,-30,-648,-1087,-1215,-996,-491,166,772,1152,1207,932,388,-271,-846,-1172,-1164,-825,-247,396,918,1166,1083,692,102,-505,-953,-1117,-944,-507,76,627,977,1032,780,287,-285,-760,-998,-930,-575,-43,503,903,1021,820,361,-207,-716,-1021,-1019,-700,-162,430,906,1119,994,572,-37,-641,-1063,-1181,-946,-421,236,826,1166,1175,843,247,-433,-996,-1262,-1155,-710,-42,649,1162,1337,1124,575,-153,-853,-1316,-1400,-1089,-460,322,1020,1428,1440,1051,358,-439,-1116,-1481,-1429,-980,-261,534,1179,1482,1374,883,149,-619,-1214,-1463,-1302,-796,-69,675,1210,1397,1203,676,-19,-681,-1147,-1288,-1061,-546,100,0,1066,1136,884,399,-185,-691,-970,-956,-669,-208,298,704,875,777,450,-1,-437,-725,-786,-612,-248,199,567,748,701,437,38,-377,-674,-758,-595,-238,200,579,795,774,499,49,-416,-780,-936,-809,-430,93,614,990,1093,884,401,-215,-787,-1156,-1210,-931,-380,294,900,1266,1296,976,368,-354,-978,-1341,-1358,-1004,-359,383,1022,1399,1408,1034,387,-365,-1020,-1402,-1413,-1065,-444,289,942,1340,1381,1067,500,-180,-802,-1196,-1268,-1009,-506,95,645,1021,1118,920,495,-34,-523,-847,-949,-802,-449,-8,411,711,823,725,452,81,-292,-578,-719,-690,-504,-216,101,368,538,583,513,355,155,-37,-197,0,0,0,0,0,421,397,288,101,-130,-363,-535,-600,-541,-357,-79,222,477,621,622,472,198,-132,-428,-624,-661,-520,-237,113,441,652,683,534,240,-136,-488,-712,-736,-556,-219,193,562,781,789,580,195,-257,-651,-868,-850,-602,-180,301,701,912,881,602,157,-338,-759,-957,-881,-570,-103,412,812,982,874,523,29,-468,-841,-980,-839,-459,46,542,882,962,777,386,-123,-596,-891,-933,-708,-274,241,674,895,865,585,137,-356,-744,-914,-815,-481,-4,478,823,929,763,377,-113,-577,-880,-931,-712,-295,208,658,918,912,641,191,-312,-719,-917,-852,-536,-68,411,782,930,798,434,-44,-509,-831,0,-728,-332,162,610,881,899,650,210,-277,-681,-884,-819,-522,-74,399,742,854,712,361,-108,-540,-805,-830,-601,-180,295,689,886,811,489,12,-485,-842,-954,-790,-391,134,630,943,983,741,283,-268,-750,-1006,-966,-654,-145,407,838,1019,907,522,-25,-553,-921,-1015,-800,-342,212,705,989,981,671,157,-402,-847,-1039,-920,-528,22,575,959,1072,856,378,-208,-746,-1070,-1067,-751,-218,391,892,1134,1050,650,64,-544,-1006,-1176,-1006,-543,82,676,1073,1169,922,412,-208,-766,-1095,-1108,-807,-267,349,853,1102,1019,636,82,-495,-923,-1076,-909,-460,123,665,1007,1059,801,299,-295,-813,-1087,0,0
61600,mtk,MTK 7916,863325912,rx0-tx0,512,-330,-706,-562,481,215,-72,-357,-603,-788,-907,-939,-881,-744,-537,-287,-7,267,513,722,861,919,896,783,607,389,109,-173,-437,-659,-824,-918,-925,-845,-692,-480,-209,76,359,605,802,919,951,892,756,540,276,-14,-306,-562,-763,-889,-937,-897,-781,-585,-343,-69,214,463,669,820,893,876,789,629,422,168,-92,-337,-555,-724,-823,-853,-808,-691,-509,-280,-20,234,465,661,791,844,823,724,554,338,83,-167,-401,-590,-720,-787,-777,-694,-550,-358,-133,81,301,488,619,695,713,658,547,402,221,21,-178,-359,-504,-601,-650,-636,-565,-446,-298,-120,69,252,407,524,602,634,597,508,379,-26,27,-158,-336,-485,-586,-642,-639,-574,-450,-287,-99,99,296,475,594,663,681,621,505,337,144,-69,-269,-450,-594,-685,-696,-656,-537,-365,-163,55,273,459,598,687,705,651,540,374,178,-32,-246,-435,-587,-676,-715,-667,-565,-403,-204,23,245,444,597,708,739,690,565,393,173,-67,-292,-498,-637,-719,-715,-633,-479,-281,-58,175,382,528,618,642,583,464,297,112,-74,-236,-367,-449,-468,-445,-380,-279,-159,-37,73,172,245,291,308,298,264,200,123,48,-28,-96,-154,-197,-226,-229,-211,-175,-124,-63,5,78,145,192,216,218,192,136,65,-20,-102,-160,-186,-176,-138,-876,-860,510,-687,-840,-72,-141,-187,-202,-185,-141,-61,19,105,180,230,260,252,217,165,84,1,-85,-169,-247,-306,-327,-318,-273,-204,-110,-4,134,257,360,437,470,466,399,286,135,-48,-238,-419,-549,-651,-673,-621,-491,-309,-77,181,425,635,783,852,823,708,507,237,-63,-359,-626,-823,-956,-988,-897,-711,-442,-128,213,527,784,964,1042,1026,892,649,353,10,-324,-620,-857,-1016,-1067,-1016,-843,-589,-286,47,371,653,878,1016,1060,976,799,575,274,-56,-376,-655,-872,-996,-1029,-969,-814,-565,-271,49,357,643,859,999,1027,962,818,581,272,-38,-350,-632,-838,-979,-1022,-949,-798,-576,-302,13,301,571,784,921,965,935,812,621,361,73,-214,-488,-710,-876,-974,-972,-885,-707,-472,-186,129,438,694,887,999,1020,956,781,539,248,-64,-375,-646,-854,-987,-1022,-974,-831,-611,-330,-45,253,546,792,962,1046,1039,936,742,483,181,-140,-449,-744,-959,-1080,-1106,-1031,-857,-595,-284,59,409,714,943,1106,1169,1102,932,677,362,7,-345,-670,-923,-1095,-1163,-1107,-953,-705,-401,-64,286,599,856,1022,1096,1079,948,729,449,127,-190,-490,-742,-929,-1031,-1030,-935,-759,-515,-224,72,367,632,825,943,975,925,796,580,312,22,-269,-530,-751,-896,-949,-922,-818,-636,-396,-116,177,440,680,-60,-284,-82,535,687,-803,-917,-939,-869,-714,-502,-248,43,322,567,756,878,924,878,760,571,326,57,-222,-479,-677,-834,-916,-906,-815,-651,-424,-158,124,396,630,816,929,947,878,725,512,245,-40,-329,-582,-789,-911,-954,-901,-765,-557,-304,-24,258,513,724,854,917,883,773,601,381,114,-148,-397,-607,-765,-855,-861,-799,-668,-471,-233,27,283,512,688,808,851,814,709,536,307,52,-201,-440,-628,-763,-818,-796,-704,-547,-346,-113,125,347,529,671,737,740,680,546,369,171,-38,-244,-415,-554,-645,-674,-644,-556,-426,-262,-79,120,299,451,558,625,626,577,473,333,169,-13,-205,-368,-503,628,-633,-615,-545,-417,-254,-76,125,312,471,584,646,655,604,488,323,132,-83,-291,-468,-599,-676,-686,-632,-522,-366,-155,60,274,473,608,690,705,653,538,374,174,-53,-265,-454,-596,-677,-704,-654,-551,-385,-201,19,238,436,584,683,715,676,570,408,200,-40,-266,-466,-618,-719,-734,-671,-539,-353,-127,119,341,529,639,695,671,558,392,196,-18,-219,-382,-501,-555,-547,-480,-369,-220,-70,76,208,316,372,388,361,309,230,137,37,-53,-137,-202,-240,-257,-252,-230,-187,-132,-66,11,77,137,182,212,222,210,169,111,42,-35,-114,-173,-208,-217,-186,-125,-48,33,96,-22,181,-82,-741,-557,-150,-116,-52,27,106,180,225,233,217,169,102,20,-72,-152,-219,-263,-276,-267,-233,-176,-93,2,102,203,284,341,380,386,336,252,131,-8,-162,-315,-443,-539,-576,-555,-454,-311,-123,105,327,521,664,754,752,671,512,287,19,-262,-520,-742,-883,-929,-877,-717,-485,-199,133,446,722,911,1013,1005,884,681,395,68,-269,-588,-832,-991,-1063,-1012,-866,-630,-321,18,354,659,878,1018,1051,979,812,573,279,-54,-395,-660,-877,-1019,-1045,-977,-814,-569,-266,56,370,658,868,993,1022,962,806,568,274,-46,-347,-624,-860,-985,-1015,-962,-803,-572,-287,30,337,604,817,953,989,-176,795,591,325,32,-261,-532,-754,-907,-967,-945,-840,-651,-418,-131,169,455,707,879,985,993,912,741,508,216,-87,-398,-673,-876,-1003,-1032,-965,-802,-571,-290,19,327,606,830,971,1024,1015,896,685,411,111,-207,-508,-768,-954,-1063,-1069,-989,-815,-543,-234,98,426,714,945,1088,1135,1070,893,643,340,-17,-372,-683,-937,-1106,-1166,-1117,-959,-708,-397,-35,322,643,898,1057,1130,1090,949,721,420,94,-240,-558,-802,-983,-1058,-1038,-931,-745,-489,-184,135,427,678,873,978,996,930,772,542,272,-26,-314,-581,-789,-917,-961,-925,-804,-610,-353,-66,216,478,704,854,941,924,832,664,-989,-953
61601,mtk,MTK 7916,863325912,rx0-tx1,512,-686,74,-145,-161,-362,-527,-639,-693,-685,-608,-468,-305,-91,123,314,473,592,648,645,586,470,317,146,-47,-224,-379,-502,-572,-593,-561,-491,-385,-242,-77,97,259,399,505,569,589,556,479,359,207,35,-151,-321,-463,-561,-628,-648,-590,-498,-338,-153,46,255,441,589,684,707,674,582,425,224,4,-219,-419,-579,-696,-740,-713,-621,-475,-277,-50,171,384,560,683,744,730,650,509,317,100,-123,-338,-509,-637,-714,-714,-652,-529,-351,-155,55,266,440,580,664,681,638,544,392,210,15,-194,-371,-519,-628,-662,-638,-566,-437,-274,-75,127,309,464,584,652,655,595,473,312,124,-84,-38,-447,-574,-638,-654,-608,-492,-338,-153,53,252,423,550,632,660,611,506,356,174,-36,-244,-414,-545,-626,-658,-618,-512,-358,-173,25,230,408,552,629,637,592,491,334,150,-51,-244,-408,-525,-587,-594,-543,-443,-301,-133,52,214,361,469,523,523,482,396,274,125,-31,-181,-307,-405,-470,-485,-452,-395,-291,-160,-24,120,251,363,443,465,452,393,289,166,7,-146,-271,-375,-439,-456,-420,-345,-237,-97,48,182,293,373,413,403,356,266,151,17,-106,-215,-297,-349,-356,-330,-264,-161,-49,70,181,267,312,319,289,213,110,-5,-122,-212,-267,-274,-228,-148,-49,55,122,633,462,0,711,587,-123,-74,8,95,174,223,236,210,151,70,-26,-118,-191,-236,-252,-242,-202,-131,-51,36,127,203,248,262,247,210,139,64,-13,-95,-159,-206,-233,-232,-200,-152,-97,-31,34,91,135,172,174,167,154,127,101,64,27,-11,-52,-99,-127,-161,-171,-178,-170,-148,-101,-47,13,71,128,188,227,234,224,192,141,73,0,-73,-139,-183,-222,-239,-242,-218,-170,-114,-47,23,90,158,214,247,266,264,241,202,123,33,-60,-156,-232,-304,-332,-337,-307,-254,-161,-55,60,172,274,341,384,384,352,283,191,88,-42,-170,-274,-354,-404,-416,-392,-330,-236,-114,18,143,267,-48,418,449,427,374,291,172,31,-118,-255,-367,-454,-494,-507,-453,-359,-228,-73,87,256,395,500,549,557,506,409,261,94,-81,-251,-398,-509,-569,-574,-529,-439,-310,-145,24,202,355,481,561,590,567,496,391,240,57,-125,-296,-447,-558,-624,-633,-587,-483,-329,-146,50,240,424,574,660,691,671,577,428,240,20,-203,-415,-582,-702,-752,-737,-654,-498,-303,-63,177,399,592,716,776,772,681,527,318,91,-153,-382,-565,-696,-765,-760,-682,-538,-351,-130,107,317,501,644,721,738,679,554,384,181,-42,-257,-451,-607,-702,-734,-689,-586,-423,-226,-3,211,409,573,673,711,-16,358,9,-920,-923,-689,-604,-462,-281,-70,144,356,507,621,683,663,593,472,304,108,-90,-273,-430,-539,-605,-617,-563,-474,-343,-185,-11,161,314,439,531,579,580,530,433,298,139,-25,-197,-351,-480,-567,-610,-602,-536,-421,-268,-104,97,281,446,582,655,677,638,532,382,188,-23,-225,-427,-591,-694,-732,-704,-598,-452,-256,-34,194,402,580,700,746,723,643,492,301,77,-155,-370,-548,-671,-729,-724,-644,-504,-330,-123,99,301,483,607,674,694,640,528,371,178,-27,-225,-410,-551,-638,-673,-645,-548,-420,-244,-42,149,331,484,596,655,638,570,449,292,99,-100,-293,-453,-571,-644,-654,634,-491,-323,-133,61,260,431,555,637,654,607,495,342,162,-46,-245,-412,-546,-631,-665,-616,-510,-358,-179,29,237,420,554,628,648,602,499,347,148,-50,-237,-408,-535,-604,-619,-568,-462,-309,-131,54,227,375,486,554,563,511,421,279,128,-35,-193,-338,-444,-499,-502,-466,-387,-284,-148,8,147,272,387,445,474,451,384,293,162,17,-124,-263,-363,-437,-474,-440,-373,-270,-137,9,155,276,373,432,435,390,308,197,65,-71,-199,-304,-372,-393,-365,-309,-214,-102,21,135,241,310,341,334,286,201,92,-19,-135,-231,-293,-310,-281,-205,-102,19,124,194,226,206,140,-631,-767,0,35,398,121,177,203,192,141,61,-32,-125,-193,-240,-249,-226,-167,-92,-5,80,164,227,258,262,235,176,96,10,-75,-156,-222,-250,-256,-229,-178,-119,-43,39,118,165,194,205,197,168,134,85,30,-9,-53,-93,-121,-145,-155,-158,-161,-141,-111,-73,-26,21,75,136,182,205,213,201,177,131,58,-14,-86,-148,-198,-227,-240,-230,-196,-143,-87,-17,48,120,173,214,238,244,235,205,151,85,12,-70,-148,-224,-288,-311,-315,-284,-231,-151,-46,58,162,258,333,365,368,335,265,171,62,-60,-174,-278,-348,-392,-406,-366,-303,-209,-96,29,154,264,354,411,430,414,362,-1135,142,7,-135,-254,-363,-443,-478,-474,-419,-329,-202,-55,103,262,389,488,535,539,485,377,240,75,-86,-258,-400,-509,-562,-566,-518,-418,-277,-113,61,225,369,487,559,579,549,466,346,191,15,-164,-326,-464,-571,-612,-601,-543,-436,-285,-107,86,270,438,569,643,657,618,530,380,192,-8,-219,-421,-572,-678,-724,-710,-619,-478,-278,-52,182,406,587,714,778,758,674,515,303,75,-170,-403,-591,-722,-775,-768,-675,-523,-329,-102,132,357,538,670,739,742,666,548,364,156,-66,-293,-480,-624,-714,-734,-683,-575,-406,-210,20,235,438,591,693,726,689,596,439,242,27,-716,-622
61602,mtk,MTK 7916,863325912,rx1-tx0,512,0,486,272,-545,-582,-572,-511,-399,-253,-72,110,295,463,579,659,678,632,523,365,175,-47,-267,-475,-634,-744,-787,-756,-648,-484,-265,-2,267,509,699,842,908,867,744,555,298,14,-269,-539,-768,-912,-965,-935,-808,-596,-333,-25,280,565,796,929,988,954,824,618,352,62,-240,-518,-738,-890,-964,-941,-841,-665,-432,-153,139,417,662,843,939,956,882,720,499,217,-81,-367,-615,-811,-926,-959,-889,-739,-535,-268,20,310,579,770,895,939,882,754,544,300,23,-264,-516,-712,-850,-889,-844,-719,-532,-293,-28,232,471,651,768,813,772,664,496,286,55,-180,-389,-548,-662,-708,-681,-277,-465,-289,-104,88,274,429,529,586,600,553,467,346,198,25,-151,-294,-418,-509,-562,-548,-510,-434,-299,-140,31,201,354,473,550,585,574,498,382,243,72,-109,-277,-426,-542,-609,-630,-589,-491,-352,-187,13,222,405,570,677,726,701,622,472,267,21,-225,-448,-647,-779,-851,-826,-705,-510,-265,24,325,584,781,903,930,846,660,403,123,-185,-470,-699,-846,-895,-849,-705,-505,-239,41,310,530,692,772,763,672,521,313,83,-148,-362,-518,-619,-647,-617,-502,-351,-172,21,210,373,479,537,533,460,343,187,12,-161,-317,-426,-469,-447,-359,-213,-51,112,244,314,312,212,451,0,-625,-701,13,37,56,76,75,65,47,24,-12,-40,-68,-87,-103,-100,-92,-68,-36,4,35,68,100,114,124,126,103,77,51,13,-34,-78,-109,-140,-164,-170,-164,-139,-101,-43,19,78,146,194,236,261,256,221,158,63,-39,-140,-235,-318,-370,-395,-362,-287,-186,-30,115,252,387,470,509,470,392,266,99,-73,-244,-390,-498,-546,-531,-470,-335,-182,-9,170,337,460,535,552,505,406,265,93,-74,-237,-369,-466,-509,-492,-431,-335,-197,-51,92,229,326,385,410,398,334,257,161,63,-41,-136,-209,-273,-312,-330,-324,-285,-233,-166,-77,20,119,211,286,337,373,366,322,489,170,56,-72,-196,-307,-389,-430,-440,-402,-328,-230,-93,61,197,314,423,484,488,457,385,271,134,-12,-180,-313,-428,-506,-522,-498,-429,-325,-175,-20,139,294,420,506,545,532,478,377,229,69,-93,-248,-387,-497,-551,-556,-513,-424,-301,-151,23,185,334,457,530,556,545,495,389,247,87,-89,-272,-420,-527,-613,-629,-595,-513,-370,-181,27,234,421,581,672,705,682,572,399,197,-35,-253,-458,-621,-709,-720,-667,-556,-379,-170,42,252,416,544,612,631,592,500,366,200,17,-157,-302,-415,-516,-551,-538,-492,-393,-272,-126,26,175,307,410,487,529,526,472,377,262,371,17,0,265,478,-178,-21,146,309,452,563,621,621,579,463,306,121,-86,-287,-461,-595,-696,-735,-703,-601,-426,-221,21,272,493,671,797,853,820,704,519,290,8,-277,-527,-742,-886,-935,-903,-792,-587,-312,-19,275,551,776,931,994,952,831,608,336,44,-261,-539,-768,-916,-977,-957,-837,-639,-390,-99,192,459,690,860,950,944,858,694,464,192,-95,-391,-631,-824,-935,-955,-887,-742,-518,-248,48,337,578,782,912,949,904,760,553,295,-2,-287,-546,-750,-873,-927,-880,-740,-549,-294,-19,248,490,680,811,861,825,705,515,293,39,-210,-431,-603,-716,-761,-738,-632,-480,-287,-70,142,315,497,596,646,641,579,461,303,144,-42,-217,-362,-470,-543,-577,-555,-488,-386,-250,-86,81,226,379,496,562,580,547,466,341,193,30,-151,-323,-456,-555,-603,-597,-540,-445,-302,-134,59,247,415,542,629,678,644,556,414,228,12,-205,-417,-593,-724,-785,-760,-675,-501,-279,-16,264,516,713,847,901,846,703,479,219,-88,-391,-657,-826,-914,-913,-798,-603,-335,-46,253,510,712,827,837,762,612,399,150,-115,-341,-531,-658,-709,-688,-587,-432,-237,-28,182,366,489,563,579,537,424,274,103,-83,-252,-383,-469,-497,-468,-376,-228,-54,118,274,375,408,374,276,134,-9,-494,-312,0,316,-58,66,53,39,14,-21,-48,-70,-87,-94,-85,-68,-44,-11,23,52,82,102,114,112,100,69,34,2,-39,-74,-93,-114,-133,-140,-124,-97,-69,-22,26,72,125,164,199,202,202,172,119,58,-19,-100,-183,-255,-304,-319,-308,-259,-178,-70,58,194,301,391,441,426,385,297,160,-7,-184,-330,-458,-524,-527,-477,-373,-228,-53,125,293,439,517,558,532,441,304,139,-44,-219,-364,-473,-521,-519,-472,-371,-231,-63,101,245,362,442,462,448,385,286,168,44,-90,-203,-275,-331,-353,-358,-319,-263,-188,-103,-18,74,157,225,283,327,341,325,279,208,126,27,-88,-192,-571,-354,-403,-411,-373,-301,-189,-66,69,200,307,392,454,462,425,356,252,104,-36,-175,-310,-424,-488,-519,-491,-413,-307,-158,1,153,292,416,503,532,525,458,351,203,45,-127,-275,-417,-507,-550,-544,-493,-396,-260,-99,60,218,360,467,541,564,532,462,343,190,26,-131,-289,-428,-523,-584,-601,-559,-448,-318,-146,48,234,411,561,651,677,644,552,397,193,-13,-233,-445,-598,-697,-726,-683,-579,-402,-183,42,253,446,592,668,686,636,524,365,172,-16,-204,-365,-491,-572,-597,-561,-480,-374,-231,-57,91,241,364,456,510,522,497,426,324,198,47,-107,-258,-379,-482,580,696
61603,mtk,MTK 7916,863325912,rx1-tx1,512,0,0,0,597,657,567,350,51,-262,-516,-666,-668,-522,-265,49,350,574,667,610,424,145,-161,-422,-580,-611,-498,-275,2,268,480,566,515,347,107,-164,-390,-523,-526,-405,-189,65,314,480,533,454,260,10,-240,-436,-534,-510,-360,-116,154,396,553,577,468,248,-35,-319,-533,-627,-576,-399,-133,166,426,594,641,531,305,12,-285,-515,-621,-589,-434,-164,134,393,566,613,521,303,9,-278,-497,-613,-587,-434,-183,120,394,572,627,546,344,68,-229,-470,-600,-608,-482,-251,28,304,507,592,556,393,145,-117,-355,-516,-552,-470,-307,-68,181,377,493,492,381,202,0,-200,-350,0,-371,-259,-97,70,209,288,291,225,108,-29,-144,-213,-218,-166,-69,53,160,223,227,169,56,-82,-206,-288,-298,-233,-100,67,226,342,388,345,220,37,-170,-355,-467,-476,-378,-191,47,283,469,562,535,388,156,-127,-392,-575,-639,-571,-377,-102,199,466,644,691,588,361,47,-285,-556,-719,-736,-589,-332,-6,325,599,756,751,595,326,-8,-351,-614,-764,-755,-591,-315,14,341,590,710,704,566,314,-1,-301,-526,-641,-628,-500,-286,-18,246,447,556,553,442,257,33,-189,-368,-466,-471,-388,-243,-62,122,275,375,404,366,267,130,-15,-144,-241,-292,-295,-260,-198,-115,0,0,0,0,0,248,332,378,376,312,189,23,-162,-343,-492,-561,-537,-428,-234,22,285,503,633,658,568,358,79,-224,-498,-683,-726,-632,-421,-120,211,503,710,767,658,421,94,-271,-579,-768,-802,-660,-361,12,370,668,845,843,658,331,-81,-489,-788,-930,-882,-640,-253,182,578,869,984,883,588,166,-292,-689,-935,-983,-830,-500,-52,409,783,979,949,724,357,-99,-547,-863,-987,-894,-597,-162,301,697,950,989,806,447,-14,-482,-846,-1021,-973,-703,-275,225,680,988,1090,950,591,104,-417,-859,-1123,-1135,-906,-483,59,586,1001,1219,1161,861,385,-180,-714,-1098,-1242,-1113,-752,-244,321,819,0,1196,1006,604,69,-478,-920,-1157,-1139,-870,-414,131,659,1029,1162,1038,686,182,-365,-838,-1125,-1157,-938,-503,45,577,986,1191,1127,804,318,-238,-753,-1103,-1206,-1049,-659,-127,426,893,1160,1173,925,472,-75,-598,-986,-1153,-1065,-737,-251,273,723,1020,1083,888,502,13,-483,-851,-1016,-944,-662,-227,251,679,964,1014,818,445,-36,-500,-852,-1024,-955,-674,-251,227,665,954,1037,891,540,70,-403,-779,-989,-985,-771,-394,64,501,814,947,876,609,225,-194,-560,-798,-844,-706,-419,-52,310,586,713,684,500,203,-130,-417,-595,-633,-517,-282,22,312,520,598,537,348,69,-224,-461,-588,0,0,0,0,0,-257,42,343,574,677,633,449,158,-167,-450,-629,-677,-585,-359,-52,258,501,627,610,466,218,-75,-347,-533,-593,-513,-315,-47,222,432,536,514,372,152,-109,-346,-502,-531,-431,-229,27,278,468,540,481,310,65,-193,-413,-541,-546,-411,-179,102,365,551,612,529,329,60,-236,-489,-627,-620,-474,-218,80,360,559,638,576,367,82,-207,-448,-598,-612,-475,-237,57,337,535,615,557,367,89,-205,-453,-601,-616,-497,-254,36,314,529,628,589,422,157,-131,-392,-565,-607,-517,-320,-53,219,435,562,566,441,227,-28,-275,-454,-528,-497,-356,-144,88,285,420,458,397,258,0,-125,-268,-340,-330,-244,-112,40,169,245,252,192,84,-39,-146,-209,-213,-156,-58,67,187,257,254,184,68,-81,-226,-316,-334,-279,-151,25,205,351,432,410,293,105,-125,-336,-478,-529,-466,-289,-42,214,435,578,598,482,263,-13,-296,-529,-656,-648,-491,-226,82,383,616,717,669,481,184,-150,-456,-680,-768,-698,-478,-163,184,489,697,772,693,473,158,-182,-486,-697,-758,-667,-454,-159,160,449,641,691,611,422,154,-139,-391,-559,-611,-555,-385,-145,106,322,467,520,477,346,149,-63,-244,-381,-442,-411,-314,-171,-4,151,276,351,364,320,231,118,6,-88,-156,-193,0,0,0,0,0,-197,-104,17,160,307,424,487,476,385,229,24,-206,-418,-564,-619,-573,-419,-177,108,380,591,694,674,527,269,-48,-363,-609,-739,-724,-558,-283,51,390,655,782,745,547,230,-135,-487,-739,-838,-764,-520,-161,238,592,832,895,771,483,92,-332,-699,-932,-958,-770,-429,-1,448,805,984,943,717,338,-125,-557,-859,-986,-900,-613,-195,264,673,931,984,818,471,30,-418,-781,-974,-952,-712,-309,165,605,912,1016,893,568,119,-365,-770,-1008,-1023,-822,-431,67,557,931,1115,1047,747,292,-238,-745,-1088,-1193,-1053,-680,-159,396,878,1180,1222,1004,587,43,-518,-970,-1209,-1184,-904,0,124,652,1035,1194,1099,760,257,-315,-797,-1095,-1157,-965,-552,-20,520,940,1153,1114,815,337,-219,-721,-1069,-1183,-1035,-664,-130,428,890,1166,1184,936,490,-72,-615,-1016,-1202,-1129,-809,-309,260,761,1084,1171,1005,620,112,-424,-856,-1088,-1077,-834,-398,124,609,944,1044,911,582,121,-369,-770,-987,-969,-728,-333,145,601,920,1027,898,561,105,-376,-773,-1004,-1014,-800,-405,83,536,882,1033,948,658,234,-238,-651,-916,-978,-834,-512,-82,348,694,884,878,674,333,-66,-436,-693,-796,-716,-479,-147,211,501,661,661,512,248,-64,-359,-556,-611,-521,-311,-32,259,488,595,565,396,128,0,0
61604,mtk,MTK 7916,863325912,rx2-tx0,512,0,0,0,1136,1109,836,357,-211,-747,-1131,-1271,-1125,-728,-164,455,980,1295,1323,1069,571,-61,-679,-1150,-1370,-1293,-920,-340,316,894,1285,1382,1166,695,68,-575,-1084,-1353,-1308,-970,-418,228,829,1227,1348,1160,713,100,-531,-1037,-1305,-1273,-958,-419,216,805,1207,1326,1140,700,101,-523,-1014,-1273,-1244,-927,-394,220,771,1138,1250,1063,630,59,-520,-977,-1201,-1131,-794,-278,293,804,1123,1172,949,491,-90,-643,-1039,-1205,-1084,-707,-162,431,936,1222,1225,942,433,-186,-769,-1180,-1326,-1179,-751,-148,493,1035,1351,1361,1069,525,-137,-764,-1232,-1439,-1322,-898,-285,389,985,1364,1448,1203,692,37,-634,-1172,-1438,0,-1037,-462,218,850,1287,1432,1258,806,179,-491,-1047,-1371,-1386,-1092,-550,115,757,1228,1418,1306,899,284,-404,-1006,-1388,-1459,-1205,-688,-16,668,1214,1493,1441,1071,477,-231,-889,-1366,-1551,-1385,-913,-241,482,1097,1469,1534,1265,717,19,-689,-1243,-1528,-1479,-1115,-518,189,859,1344,1528,1381,937,298,-396,-1003,-1394,-1482,-1251,-752,-101,567,1111,1416,1418,1121,603,-48,-685,-1170,-1405,-1352,-1020,-481,150,732,1147,1331,1238,903,390,-178,-694,-1057,-1205,-1106,-791,-329,176,628,937,1047,952,678,287,-145,-535,-803,-909,-834,-610,-283,76,401,643,761,749,608,377,107,-159,-377,-511,-561,-530,-431,-291,0,0,0,0,0,-52,115,291,464,592,636,579,419,178,-110,-404,-655,-799,-806,-665,-397,-38,347,678,892,936,799,498,91,-356,-746,-992,-1047,-891,-547,-80,421,852,1119,1164,970,564,29,-533,-996,-1258,-1260,-1002,-534,54,645,1119,1368,1327,1002,469,-172,-786,-1249,-1446,-1344,-955,-358,318,928,1350,1487,1305,847,217,-452,-1031,-1396,-1461,-1216,-709,-53,595,1107,1376,1356,1039,493,-140,-734,-1157,-1323,-1192,-806,-248,354,863,1176,1229,996,537,-34,-581,-991,-1166,-1075,-741,-240,321,797,1094,1136,914,478,-72,-607,-1004,-1173,-1082,-731,-206,369,867,1166,1208,982,529,-54,-623,-1067,-1265,-1184,-851,-313,303,0,1212,1296,1100,654,54,-558,-1041,-1296,-1264,-945,-404,229,809,1209,1336,1171,729,118,-526,-1059,-1357,-1350,-1028,-485,172,804,1267,1436,1286,856,231,-456,-1045,-1403,-1446,-1170,-634,44,711,1221,1466,1373,970,360,-323,-935,-1332,-1432,-1212,-722,-72,582,1099,1362,1305,954,399,-244,-826,-1209,-1302,-1109,-666,-72,539,1023,1263,1206,877,349,-248,-781,-1135,-1219,-1022,-603,-57,502,939,1153,1097,794,310,-231,-708,-1020,-1090,-908,-524,-26,463,831,1002,934,643,209,-258,-656,-890,-901,-697,-333,115,524,801,890,762,437,10,-421,-757,-901,-829,-556,-151,304,700,930,938,718,327,-155,-607,-928,-1034,0,0,0,0,0,-184,363,851,1156,1207,994,552,-32,-624,-1086,-1311,-1250,-910,-369,262,842,1246,1372,1192,752,141,-498,-1033,-1345,-1351,-1055,-517,133,745,1196,1377,1245,834,245,-406,-963,-1303,-1341,-1075,-569,59,676,1142,1340,1235,845,260,-373,-918,-1261,-1313,-1056,-566,56,666,1120,1311,1203,821,257,-361,-895,-1220,-1257,-1000,-516,76,641,1061,1229,1103,717,171,-408,-894,-1167,-1159,-874,-390,189,718,1080,1182,1006,594,34,-541,-997,-1221,-1153,-818,-282,326,864,1204,1282,1060,585,-27,-638,-1118,-1353,-1285,-919,-332,327,918,1315,1420,1203,725,83,-594,-1136,-1427,-1398,-1072,-503,177,816,1272,1459,1316,876,247,0,-1014,-1371,-1423,-1165,-648,17,671,1178,1417,1336,959,366,-312,-910,-1309,-1420,-1207,-729,-85,590,1131,1415,1395,1063,486,-198,-845,-1307,-1493,-1346,-895,-249,455,1077,1454,1510,1245,705,8,-696,-1244,-1525,-1472,-1103,-495,230,903,1384,1549,1388,936,271,-453,-1068,-1452,-1531,-1278,-746,-63,632,1191,1486,1449,1111,540,-147,-802,-1273,-1464,-1349,-956,-357,314,918,1317,1440,1266,831,226,-420,-965,-1300,-1363,-1153,-712,-137,455,937,1217,1246,1027,612,95,-428,-853,-1090,-1109,-903,-527,-63,387,743,949,960,786,470,82,-307,-622,-810,-839,-713,-475,-166,157,437,622,695,659,527,332,117,-77,-230,-330,0,0,0,0,0,-428,-467,-435,-322,-141,87,331,548,696,738,653,448,147,-200,-522,-769,-884,-827,-607,-270,138,537,844,993,950,711,317,-151,-600,-953,-1115,-1049,-764,-319,213,721,1090,1239,1139,795,276,-318,-853,-1223,-1345,-1189,-779,-205,424,981,1335,1401,1185,730,98,-571,-1116,-1426,-1437,-1147,-610,50,707,1221,1468,1404,1050,476,-193,-825,-1273,-1444,-1306,-891,-292,363,924,1287,1360,1137,669,61,-552,-1023,-1262,-1227,-918,-411,181,718,1083,1196,1034,643,111,-448,-902,-1133,-1100,-819,-351,195,707,1052,1148,982,594,54,-499,-938,-1175,-1152,-865,-368,211,752,1131,1256,1096,696,137,-469,-966,-1249,-1260,0,-478,125,701,1131,1313,1190,796,223,-395,-928,-1258,-1311,-1063,-574,60,679,1143,1360,1266,883,296,-355,-943,-1326,-1401,-1170,-671,-22,643,1166,1436,1382,1021,430,-256,-893,-1330,-1470,-1287,-814,-159,529,1098,1417,1423,1110,557,-119,-755,-1218,-1403,-1272,-853,-251,402,958,1281,1319,1053,540,-90,-686,-1116,-1290,-1169,-787,-220,394,909,1202,1217,955,482,-98,-646,-1038,-1188,-1073,-715,-194,363,828,1098,1107,862,428,-96,-586,-927,-1052,-925,-586,-125,351,737,937,917,669,269,-181,-585,-843,-892,-731,-391,50,482,783,893,785,494,74,-370,-727,-915,-882,-639,-236,235,664,934,987,818,438,-56,0,0
61605,mtk,MTK 7916,863325912,rx2-tx1,512,0,0,0,-968,-559,-20,531,971,1202,1173,886,389,-196,-726,-1107,-1242,-1110,-731,-196,382,875,1167,1207,970,529,-25,-575,-988,-1171,-1092,-761,-270,269,734,1029,1085,895,494,-14,-513,-878,-1039,-949,-638,-163,339,755,994,998,764,345,-164,-647,-973,-1072,-925,-549,-34,502,926,1133,1085,799,311,-262,-779,-1118,-1194,-996,-575,-6,568,1021,1242,1180,845,307,-304,-855,-1214,-1301,-1095,-628,-15,615,1115,1377,1332,980,407,-254,-876,-1317,-1472,-1302,-843,-197,487,1072,1439,1491,1209,675,-4,-685,-1219,-1480,-1424,-1071,-493,204,837,1276,1452,1314,886,283,-366,-929,-1282,-1357,-1143,-694,-116,477,953,1206,1192,0,471,-57,-555,-921,-1067,-963,-652,-209,255,643,867,884,700,363,-62,-455,-725,-820,-718,-445,-68,311,605,755,723,513,169,-206,-535,-741,-774,-603,-279,126,503,767,854,735,444,29,-420,-792,-985,-969,-739,-320,198,686,1026,1168,1061,714,203,-367,-880,-1220,-1306,-1104,-661,-79,526,1038,1345,1368,1103,611,-9,-636,-1140,-1410,-1395,-1094,-572,69,694,1183,1435,1407,1096,569,-54,-668,-1138,-1357,-1313,-1029,-547,28,574,979,1187,1157,909,493,0,-471,-832,-1005,-974,-756,-405,4,396,698,854,833,658,361,17,-315,-574,-718,-731,-620,-414,-145,127,359,512,576,553,456,312,152,-5,0,0,0,0,0,-289,-414,-493,-518,-464,-331,-139,96,331,520,626,629,523,325,58,-229,-472,-628,-666,-575,-367,-80,231,496,668,705,590,355,33,-306,-577,-732,-742,-588,-304,51,407,692,837,802,591,249,-157,-532,-797,-915,-846,-584,-193,240,631,893,963,837,522,90,-359,-734,-957,-978,-784,-425,23,475,828,999,951,703,299,-170,-598,-892,-993,-878,-574,-152,296,687,915,951,766,409,-42,-473,-789,-927,-856,-605,-217,223,610,862,917,765,433,8,-426,-765,-934,-892,-656,-272,179,587,865,959,840,525,105,-334,-700,-912,-928,-737,-378,67,492,801,932,855,585,184,-262,-643,-879,0,-747,-416,5,431,763,919,866,616,232,-200,-584,-833,-887,-737,-413,-8,400,715,862,803,546,169,-259,-620,-843,-873,-693,-345,95,518,829,956,869,573,142,-330,-737,-984,-1014,-809,-415,74,545,893,1043,963,659,207,-288,-721,-982,-1026,-838,-452,44,533,885,1031,941,637,186,-313,-754,-1008,-1025,-819,-410,105,594,954,1092,972,637,150,-371,-814,-1079,-1096,-855,-415,120,641,1010,1158,1048,688,178,-363,-843,-1140,-1173,-945,-505,45,587,992,1182,1107,790,292,-262,-746,-1067,-1144,-960,-558,-39,479,884,1090,1049,756,294,-233,-705,-1013,-1084,-911,-524,-9,501,904,1103,1041,732,0,0,0,0,0,-663,-1043,-1198,-1079,-722,-201,367,864,1173,1227,1010,570,2,-561,-994,-1220,-1180,-865,-364,206,721,1082,1201,1052,666,132,-427,-870,-1111,-1102,-849,-399,135,618,951,1061,925,573,88,-413,-813,-1015,-973,-690,-253,252,704,988,1035,832,434,-79,-582,-960,-1118,-1014,-667,-160,393,859,1129,1143,893,434,-124,-676,-1080,-1230,-1106,-722,-163,438,931,1221,1239,968,476,-144,-744,-1176,-1344,-1214,-794,-190,456,1022,1375,1422,1152,629,-42,-717,-1232,-1480,-1413,-1045,-445,255,904,1348,1497,1332,888,242,-449,-1033,-1401,-1464,-1212,-697,-49,602,1127,1393,1359,1040,512,-121,-716,-1140,-1302,-1198,-847,-313,268,0,1076,1145,962,583,95,-400,-783,-972,-942,-691,-290,148,535,790,855,715,404,11,-369,-665,-789,-708,-471,-127,253,567,746,741,548,219,-162,-507,-747,-807,-657,-343,54,465,792,929,846,569,147,-334,-759,-1029,-1086,-907,-515,18,554,987,1217,1194,911,433,-147,-720,-1157,-1349,-1256,-902,-347,288,868,1271,1425,1279,869,275,-371,-953,-1344,-1457,-1281,-854,-254,394,953,1320,1425,1248,822,250,-344,-867,-1208,-1300,-1135,-759,-251,281,737,1027,1108,971,655,221,-236,-617,-863,-934,-822,-556,-195,186,514,722,792,719,513,220,-88,-368,-573,-674,-656,-533,-343,-124,88,265,375,419,401,0,0,0,0,0,315,217,69,-114,-304,-469,-577,-599,-523,-359,-126,136,384,570,656,622,468,220,-76,-364,-580,-679,-650,-494,-220,102,406,629,721,672,479,172,-177,-505,-733,-808,-711,-450,-86,293,621,833,869,725,422,15,-405,-741,-921,-914,-712,-356,85,507,827,984,924,660,263,-192,-616,-908,-1004,-878,-572,-142,319,715,957,981,787,434,-7,-451,-804,-972,-920,-675,-285,166,578,869,945,818,511,93,-344,-703,-904,-903,-690,-318,120,533,825,937,837,555,139,-310,-692,-921,-944,-759,-412,29,468,804,956,888,638,248,-208,-606,-870,-941,-797,-480,-62,372,719,913,902,674,296,0,-552,-829,-929,-828,-533,-110,323,682,884,890,695,344,-80,-473,-765,-873,-767,-488,-89,327,669,857,836,619,249,-178,-573,-836,-914,-777,-453,-10,439,798,982,949,697,286,-205,-646,-944,-1034,-890,-542,-73,417,812,1019,991,746,326,-166,-625,-949,-1040,-895,-550,-70,432,828,1025,991,725,292,-216,-679,-986,-1067,-898,-512,-16,489,892,1092,1039,747,286,-250,-734,-1055,-1137,-957,-558,-27,516,944,1161,1120,822,343,-210,-722,-1082,-1196,-1038,-655,-131,421,879,1137,1141,886,435,-100,-607,-981,-1136,-1019,-673,-175,360,800,1049,1065,841,410,-117,-605,-956,-1092,-968,-627,-144,391,830,0,0
61606,mtk,MTK 7916,863375862,rx0-tx0,512,-330,1257,1514,925,845,691,457,191,-96,-370,-598,-786,-900,-920,-859,-722,-517,-261,9,281,528,728,856,906,883,767,595,365,86,-194,-458,-680,-843,-924,-919,-834,-674,-442,-176,110,383,632,819,928,940,873,721,500,226,-52,-332,-580,-766,-890,-917,-868,-731,-544,-292,-22,240,480,678,807,871,855,757,590,374,131,-126,-375,-582,-737,-830,-847,-789,-658,-460,-225,31,296,513,684,801,837,789,675,497,272,30,-214,-436,-608,-722,-769,-741,-646,-494,-301,-87,136,327,503,620,677,684,623,503,353,170,-23,-214,-382,-524,-613,-646,-629,-540,-413,-258,-73,107,288,447,560,616,625,-26,476,327,157,-31,-214,-386,-525,-626,-652,-631,-543,-401,-224,-25,187,368,523,644,684,665,580,441,262,50,-170,-370,-537,-650,-706,-684,-608,-466,-268,-56,162,360,534,650,699,687,611,474,282,74,-150,-353,-523,-647,-712,-699,-625,-486,-300,-77,149,370,549,670,727,720,627,452,247,13,-216,-429,-606,-693,-705,-642,-507,-327,-99,118,319,476,576,600,559,461,310,146,-33,-192,-305,-386,-418,-405,-363,-282,-183,-79,35,125,200,258,277,276,247,208,146,84,1,-70,-125,-171,-203,-211,-206,-181,-134,-74,-9,64,128,175,204,207,181,121,44,-38,-104,-150,-158,802,948,510,508,577,97,39,-40,-120,-182,-221,-224,-193,-140,-66,21,109,176,237,273,276,247,193,127,37,-71,-165,-254,-319,-358,-367,-342,-272,-175,-48,107,251,385,476,536,538,482,364,195,-13,-222,-423,-596,-706,-743,-690,-562,-365,-117,152,420,651,813,900,873,770,563,290,-7,-327,-616,-840,-977,-1023,-942,-756,-500,-178,162,490,773,964,1060,1048,923,703,412,72,-262,-579,-834,-1002,-1061,-1021,-883,-655,-349,-20,305,604,833,987,1048,1003,858,628,345,19,-296,-588,-831,-981,-1044,-999,-846,-623,-336,-27,299,583,819,968,1024,991,850,627,338,20,-298,-583,-806,-958,-1006,-959,-823,301,-354,-51,252,517,740,908,968,953,846,663,421,145,-155,-444,-685,-865,-972,-997,-917,-748,-526,-235,78,383,650,873,1003,1037,972,810,581,296,-14,-323,-602,-820,-967,-1028,-987,-867,-674,-408,-97,210,508,766,944,1053,1050,962,794,532,221,-114,-434,-716,-945,-1081,-1122,-1058,-891,-638,-317,26,379,693,944,1105,1159,1109,940,683,372,21,-331,-657,-909,-1067,-1134,-1083,-936,-706,-392,-61,263,575,819,978,1062,1040,918,712,447,139,-176,-477,-716,-898,-997,-1003,-915,-741,-513,-228,64,356,612,817,930,967,917,777,566,304,20,-255,-513,-733,-877,-941,-922,-809,-628,-389,-96,-42,51,-82,373,103,-123,-395,-640,-818,-913,-927,-848,-700,-495,-225,55,326,562,757,874,911,867,742,550,305,41,-235,-487,-696,-854,-928,-907,-807,-632,-404,-136,151,419,666,838,930,939,862,706,478,198,-91,-367,-614,-814,-920,-937,-875,-726,-518,-260,18,290,532,727,857,895,856,740,557,326,82,-179,-422,-629,-768,-846,-848,-775,-623,-423,-183,77,324,548,713,816,849,799,665,486,258,3,-252,-474,-661,-768,-806,-771,-663,-496,-289,-57,177,387,561,675,730,706,628,504,321,130,-71,-275,-440,-568,-647,-663,-620,-527,-392,-216,-36,159,337,478,578,630,616,559,443,288,117,-68,628,-421,-545,-619,-647,-610,-520,-381,-201,-1,193,386,533,631,677,653,561,429,250,38,-172,-373,-533,-646,-697,-683,-600,-455,-269,-55,166,361,546,652,703,680,604,461,265,56,-155,-352,-526,-643,-697,-685,-606,-474,-300,-86,133,341,523,656,719,707,626,477,285,66,-172,-403,-580,-689,-727,-693,-594,-417,-186,53,281,465,604,664,647,561,415,230,22,-166,-340,-453,-509,-511,-443,-349,-235,-97,34,153,252,309,337,328,290,238,155,61,-26,-93,-154,-198,-230,-244,-223,-190,-145,-80,-12,51,114,164,193,208,203,168,115,44,-33,-109,-170,-201,-193,-155,-90,-16,1280,901,-82,876,437,-135,-181,-194,-170,-114,-38,54,133,200,242,256,230,181,120,34,-55,-144,-211,-267,-309,-313,-282,-229,-140,-39,74,192,303,381,441,448,403,317,185,28,-150,-325,-477,-592,-644,-627,-541,-389,-176,65,318,541,721,820,834,749,581,340,52,-255,-529,-769,-912,-976,-938,-785,-540,-240,92,427,702,918,1040,1041,939,733,451,120,-220,-540,-796,-982,-1055,-1021,-893,-667,-373,-45,275,576,833,999,1052,1011,863,634,349,23,-309,-607,-836,-984,-1040,-988,-855,-620,-331,-19,307,594,825,971,1025,986,844,626,332,19,-301,-587,-814,-959,-1012,-965,-826,-610,-334,-28,271,543,-176,927,984,947,824,642,380,88,-197,-474,-709,-877,-967,-971,-880,-712,-481,-199,113,421,670,870,1002,1024,946,786,549,257,-55,-361,-634,-844,-991,-1034,-983,-837,-623,-355,-50,257,541,785,964,1041,1025,928,729,471,163,-167,-469,-752,-960,-1074,-1090,-1007,-838,-584,-272,64,405,709,957,1103,1148,1088,915,669,352,4,-346,-678,-931,-1101,-1161,-1112,-952,-696,-385,-39,309,619,877,1044,1096,1066,940,704,426,110,-221,-521,-772,-949,-1037,-1026,-917,-726,-478,-179,125,420,665,851,964,980,915,766,540,270,-7,-298,-560,-770,-904,-952,-907,-792,-595,-348,-77,212,481,693,849,922,733,1024
61607,mtk,MTK 7916,863375862,rx0-tx1,512,-686,-481,-587,443,255,41,-178,-376,-535,-640,-683,-669,-584,-441,-263,-68,132,315,469,572,621,618,557,444,298,135,-43,-211,-357,-477,-553,-580,-562,-492,-375,-234,-82,82,244,390,499,570,591,560,481,364,210,34,-151,-327,-480,-590,-650,-647,-596,-490,-322,-127,79,289,465,606,696,718,670,561,395,184,-31,-251,-457,-611,-712,-744,-708,-598,-441,-243,-11,220,423,582,685,734,708,610,464,272,51,-163,-370,-530,-645,-699,-688,-614,-488,-314,-110,97,293,464,579,654,659,617,512,354,170,-30,-233,-403,-537,-623,-659,-621,-528,-395,-216,-19,173,354,505,602,644,632,547,422,-38,63,-147,-332,-483,-602,-644,-632,-562,-435,-276,-86,123,309,465,584,643,640,572,449,281,90,-112,-306,-469,-586,-651,-641,-570,-447,-277,-79,124,316,463,578,624,614,528,402,243,59,-127,-298,-440,-537,-579,-562,-492,-377,-225,-55,113,263,399,481,505,494,440,342,214,69,-81,-221,-331,-420,-472,-475,-430,-353,-241,-101,51,195,310,405,465,470,423,340,215,71,-74,-221,-346,-418,-450,-437,-374,-276,-144,-6,132,262,347,395,401,366,293,182,60,-75,-193,-286,-339,-356,-335,-270,-178,-61,58,167,255,309,323,287,211,106,-21,-132,-212,-253,-243,-187,-99,-1,-550,-380,0,-1012,-534,-156,-186,-175,-122,-46,49,142,208,245,244,208,145,57,-39,-125,-192,-241,-258,-245,-204,-146,-59,27,114,190,240,252,242,206,149,78,-3,-71,-136,-186,-210,-215,-190,-151,-106,-51,-2,55,89,115,144,163,161,148,136,113,77,38,-16,-68,-116,-162,-196,-207,-202,-179,-141,-81,-8,70,126,182,226,249,237,210,157,95,31,-42,-110,-162,-207,-234,-245,-233,-207,-160,-89,-20,58,140,201,258,296,301,283,233,165,69,-33,-137,-232,-301,-347,-365,-342,-284,-193,-81,29,148,245,334,378,393,371,312,228,114,-13,-138,-250,-343,-415,-431,-415,-360,-265,-145,-48,113,242,351,426,466,456,406,328,204,65,-93,-244,-363,-457,-516,-524,-483,-389,-256,-88,77,237,387,499,555,567,522,423,286,120,-53,-225,-374,-496,-562,-581,-540,-457,-336,-178,-13,156,325,462,559,603,590,529,413,269,96,-90,-272,-431,-548,-622,-648,-604,-512,-371,-195,11,221,413,568,668,719,690,600,465,259,37,-187,-398,-580,-709,-762,-749,-660,-502,-301,-69,176,398,586,717,770,756,666,513,313,83,-153,-370,-553,-684,-747,-739,-666,-532,-349,-134,92,311,498,642,723,730,670,558,382,177,-51,-269,-456,-604,-700,-724,-678,-575,-413,-218,-7,209,406,-32,-435,9,-93,230,-545,-654,-699,-672,-583,-438,-255,-53,154,355,513,612,650,633,563,441,274,94,-95,-267,-418,-520,-584,-593,-548,-464,-339,-186,-20,145,305,432,522,565,571,523,435,302,143,-30,-198,-349,-479,-576,-620,-611,-543,-426,-269,-84,108,292,465,600,673,690,635,518,363,163,-60,-274,-458,-612,-701,-728,-694,-586,-418,-215,11,239,440,591,699,742,707,605,447,251,32,-196,-396,-557,-670,-710,-690,-611,-470,-294,-78,134,330,494,615,675,672,613,492,329,135,-69,-258,-433,-561,-636,-660,-620,-521,-374,-196,5,204,367,509,614,648,626,548,412,236,46,-158,-341,-486,634,-653,-635,-553,-436,-269,-67,128,318,472,581,648,644,565,441,280,85,-112,-301,-465,-585,-644,-640,-572,-442,-279,-83,119,310,470,587,638,631,555,434,264,70,-131,-318,-458,-562,-605,-581,-505,-387,-230,-51,129,289,416,500,540,519,466,356,207,52,-94,-239,-365,-453,-491,-486,-430,-344,-232,-91,64,197,317,405,464,474,436,351,240,97,-60,-201,-328,-426,-468,-466,-419,-313,-182,-45,103,234,340,408,424,404,330,222,102,-31,-154,-267,-343,-383,-378,-329,-242,-131,-11,112,220,297,338,328,284,203,101,-20,-136,-226,-288,-297,-254,-175,-71,42,132,186,191,-344,-307,0,50,-489,-60,14,98,170,215,229,194,129,44,-53,-138,-210,-248,-254,-222,-169,-96,-9,79,155,219,257,252,233,182,109,22,-61,-141,-198,-236,-243,-223,-189,-124,-56,14,81,127,163,177,181,166,133,107,71,28,-20,-53,-89,-124,-148,-158,-172,-161,-150,-118,-65,-4,58,117,170,213,241,231,202,162,96,20,-56,-127,-187,-224,-241,-242,-211,-173,-119,-56,19,90,155,211,245,259,266,240,193,137,51,-38,-125,-210,-280,-331,-343,-322,-265,-177,-82,34,150,251,329,369,376,352,293,211,94,-23,-152,-260,-345,-401,-412,-388,-329,-244,-125,6,129,252,348,410,-1135,433,384,292,176,43,-100,-230,-349,-441,-488,-499,-450,-360,-240,-90,76,241,380,492,546,551,508,417,266,101,-75,-247,-396,-503,-564,-566,-522,-433,-306,-143,29,201,341,462,544,575,568,503,382,228,49,-127,-298,-442,-550,-615,-625,-571,-460,-311,-142,51,245,415,554,646,683,654,563,415,230,18,-204,-397,-567,-688,-735,-720,-638,-490,-286,-57,174,398,582,713,780,768,675,523,316,78,-164,-394,-579,-711,-773,-757,-671,-523,-323,-101,131,347,529,660,731,733,669,538,367,153,-69,-281,-470,-614,-700,-727,-676,-568,-404,-204,24,237,434,584,678,708,675,575,829,938
61608,mtk,MTK 7916,863375862,rx1-tx0,512,0,267,-704,-193,-351,-488,-575,-620,-605,-532,-419,-267,-71,134,325,492,627,705,713,656,543,367,154,-77,-311,-527,-699,-800,-841,-794,-660,-463,-229,55,333,583,779,897,933,887,753,536,252,-48,-347,-617,-822,-958,-999,-939,-783,-550,-259,45,357,621,828,969,1001,941,781,571,297,-8,-297,-558,-778,-912,-961,-944,-819,-625,-379,-79,210,490,718,886,964,960,857,673,437,145,-164,-435,-677,-856,-954,-953,-867,-699,-455,-181,111,399,646,816,920,932,853,697,467,196,-86,-356,-588,-764,-858,-876,-797,-654,-445,-198,62,318,527,688,766,774,715,589,408,195,-23,-248,-440,-572,-277,-678,-639,-532,-402,-232,-42,144,310,435,523,576,580,532,435,310,152,-10,-182,-333,-444,-527,-569,-554,-493,-398,-253,-89,85,251,395,513,581,597,571,473,341,184,3,-177,-344,-489,-584,-638,-646,-576,-454,-298,-100,118,323,503,637,737,756,689,564,382,151,-113,-368,-590,-773,-864,-870,-789,-616,-372,-77,230,503,735,886,937,886,726,495,209,-93,-378,-628,-796,-882,-856,-731,-547,-310,-43,227,459,620,719,744,680,551,364,151,-78,-296,-458,-575,-624,-606,-520,-378,-203,-20,162,331,448,515,521,465,353,195,16,-160,-307,-410,-453,-421,-314,-171,-7,142,236,1817,1590,0,1079,1102,-40,-32,-9,22,53,72,82,91,77,53,25,-4,-32,-66,-93,-106,-113,-105,-85,-55,-18,28,54,91,113,124,134,123,101,75,37,-1,-50,-104,-147,-179,-198,-193,-172,-134,-74,-8,67,142,214,265,285,294,269,198,105,-6,-132,-249,-343,-407,-428,-406,-331,-207,-55,105,265,401,482,521,506,422,297,139,-44,-234,-396,-501,-556,-548,-485,-375,-206,-22,160,316,445,523,540,498,412,284,124,-45,-195,-338,-429,-473,-479,-424,-334,-208,-80,55,186,277,333,366,367,341,285,205,115,21,-67,-159,-236,-291,-333,-340,-329,-290,-223,-133,-32,80,179,276,345,489,402,368,306,218,98,-37,-172,-285,-381,-443,-459,-443,-371,-258,-129,10,162,293,406,475,510,487,420,313,164,12,-142,-285,-410,-497,-527,-523,-464,-358,-222,-59,105,261,391,490,549,556,504,407,291,112,-49,-217,-368,-470,-547,-570,-540,-463,-348,-209,-33,145,297,434,535,587,590,542,440,302,132,-53,-236,-410,-550,-636,-679,-645,-548,-399,-202,17,242,443,598,711,742,693,592,418,201,-22,-259,-457,-610,-700,-721,-660,-539,-370,-175,37,231,404,529,601,621,583,487,362,208,43,-129,-270,-402,-488,-532,-538,-499,-414,-295,-160,-8,149,293,410,491,546,550,-810,76,0,1666,1785,-557,-478,-355,-200,-26,164,338,483,604,667,662,597,485,320,115,-107,-317,-510,-664,-754,-773,-726,-607,-425,-198,56,324,557,733,854,900,844,707,498,241,-45,-328,-593,-801,-933,-964,-914,-763,-537,-258,52,364,632,846,966,1001,942,781,561,276,-38,-339,-599,-799,-944,-980,-933,-802,-597,-323,-45,252,532,742,901,965,942,831,644,396,115,-181,-464,-697,-870,-973,-958,-856,-684,-441,-157,138,414,660,834,928,945,867,694,459,192,-96,-371,-611,-792,-884,-896,-825,-681,-461,-203,78,344,565,728,815,828,760,623,425,186,-58,-292,-495,-637,-713,-729,-684,-563,-397,315,-2,204,373,503,598,628,603,527,404,261,96,-76,-243,-380,-490,-546,-565,-538,-457,-345,-210,-43,130,287,422,525,575,579,530,438,304,134,-37,-218,-380,-499,-580,-614,-587,-519,-398,-246,-70,131,333,488,611,688,694,632,511,345,142,-100,-330,-529,-694,-793,-818,-752,-616,-400,-130,147,415,647,823,916,895,781,576,304,-2,-307,-582,-780,-904,-911,-826,-643,-403,-122,171,431,635,771,817,777,647,457,227,-30,-265,-461,-600,-673,-680,-603,-464,-290,-84,122,308,449,537,565,537,443,294,128,-52,-225,-371,-467,-499,-461,-362,-218,-46,136,276,358,372,311,199,-429,465,0,-435,-244,32,55,71,74,63,36,11,-22,-59,-78,-95,-94,-92,-79,-52,-21,17,54,85,107,127,120,109,92,55,23,-18,-66,-96,-125,-145,-155,-160,-145,-113,-67,-1,67,120,176,214,234,234,213,173,90,6,-89,-187,-276,-330,-368,-352,-298,-211,-93,46,190,330,431,484,481,427,312,167,12,-170,-343,-460,-532,-548,-507,-402,-256,-81,106,268,414,513,549,531,457,332,167,-13,-180,-328,-446,-514,-517,-475,-388,-243,-96,65,202,319,393,427,427,376,291,195,85,-29,-131,-219,-284,-326,-334,-322,-289,-230,-164,-81,13,103,199,276,336,364,365,332,271,175,-571,-62,-184,-279,-365,-426,-443,-412,-341,-236,-103,38,173,300,396,456,483,459,389,280,148,-1,-156,-288,-406,-483,-515,-505,-439,-339,-191,-40,122,284,416,507,551,545,487,385,248,90,-79,-257,-386,-506,-562,-554,-522,-428,-305,-155,23,190,338,450,538,587,559,492,388,247,81,-97,-274,-427,-539,-617,-633,-601,-512,-359,-178,24,233,419,570,678,717,687,578,415,206,-33,-255,-456,-621,-710,-734,-683,-556,-387,-180,43,262,446,575,656,668,616,513,362,191,4,-187,-344,-468,-550,-586,-564,-496,-393,-249,-96,61,215,348,448,511,538,519,454,352,225,77,-100,-579,-1160
61609,mtk,MTK 7916,863375862,rx1-tx1,512,0,0,0,542,346,69,-234,-489,-640,-647,-517,-277,26,321,545,650,612,433,167,-126,-391,-563,-603,-508,-299,-31,238,449,550,521,364,130,-124,-351,-491,-516,-420,-224,28,274,446,510,455,295,60,-188,-399,-511,-496,-364,-150,112,358,516,558,465,268,3,-271,-482,-583,-559,-405,-162,128,395,571,617,535,324,40,-251,-494,-612,-587,-439,-196,88,358,548,611,527,331,60,-226,-464,-597,-591,-459,-214,78,352,545,614,552,370,103,-186,-436,-590,-601,-493,-283,-3,271,480,580,556,414,183,-85,-329,-498,-556,-496,-334,-103,138,352,476,496,410,245,34,-181,-343,-415,-397,0,-144,36,194,287,311,265,161,27,-105,-199,-232,-197,-113,-3,105,185,212,178,88,-32,-155,-244,-264,-223,-122,18,170,292,343,317,218,53,-129,-297,-411,-435,-363,-202,12,231,412,518,514,390,176,-77,-322,-512,-594,-555,-395,-143,143,409,602,657,570,367,91,-217,-492,-665,-703,-593,-360,-54,272,543,706,726,603,351,26,-302,-570,-733,-739,-593,-336,-19,296,548,694,703,568,323,31,-260,-494,-625,-635,-521,-311,-44,215,420,545,559,463,281,56,-162,-348,-459,-478,-402,-257,-74,113,271,374,405,363,257,116,-35,-171,-268,-316,-315,-270,-194,-104,-17,61,0,0,0,0,0,288,259,188,69,-77,-234,-378,-476,-505,-458,-323,-121,110,339,517,611,609,492,271,-2,-281,-523,-671,-688,-583,-359,-56,256,528,700,726,609,364,41,-293,-578,-739,-751,-616,-334,29,380,662,816,796,598,265,-123,-490,-765,-888,-828,-588,-216,202,591,856,938,825,540,129,-311,-681,-910,-944,-778,-450,-17,418,760,940,918,698,325,-117,-541,-844,-955,-856,-571,-162,278,661,908,948,772,418,-24,-459,-799,-961,-916,-672,-261,217,642,932,1021,885,552,86,-407,-818,-1050,-1057,-846,-441,75,576,959,1140,1083,796,337,-201,-703,-1056,-1186,-1069,-720,-221,327,798,1091,1156,0,576,57,-467,-892,-1117,-1091,-826,-390,119,617,976,1110,1000,662,170,-352,-793,-1063,-1097,-884,-479,32,554,951,1136,1071,770,296,-240,-728,-1057,-1160,-1007,-636,-123,416,867,1125,1132,895,460,-73,-576,-956,-1122,-1039,-725,-263,247,700,983,1050,882,509,30,-450,-808,-976,-930,-668,-254,215,637,902,951,785,438,-9,-461,-815,-991,-935,-662,-253,213,639,920,999,855,526,82,-378,-750,-968,-965,-748,-374,73,491,799,937,870,614,229,-190,-560,-794,-848,-720,-440,-74,292,582,732,707,529,244,-90,-389,-583,-641,-550,-325,-32,253,474,576,536,365,107,-177,-418,-558,-567,-440,0,0,0,0,0,304,525,639,611,436,160,-142,-417,-608,-666,-572,-360,-70,228,470,614,615,476,248,-38,-317,-509,-584,-522,-341,-93,172,395,518,519,402,184,-77,-307,-465,-512,-438,-262,-23,224,417,509,477,332,103,-156,-383,-516,-523,-414,-198,64,320,509,582,518,333,67,-216,-454,-594,-593,-467,-238,50,332,534,625,570,388,126,-168,-423,-581,-605,-493,-270,9,291,507,600,561,390,133,-159,-409,-574,-616,-506,-283,-14,264,486,609,593,434,182,-96,-359,-537,-604,-540,-349,-90,179,412,547,558,456,252,2,-240,-432,-535,-507,-381,-184,48,264,418,468,414,288,105,-93,0,-353,-370,-296,-165,-8,134,231,264,229,138,23,-99,-187,-216,-183,-100,15,130,214,232,188,96,-34,-166,-257,-304,-275,-162,-10,155,297,383,391,295,121,-88,-282,-428,-480,-431,-299,-87,168,392,535,566,476,280,29,-236,-469,-607,-617,-492,-257,41,332,554,675,657,492,220,-96,-398,-624,-724,-677,-487,-197,130,433,654,748,692,488,180,-153,-443,-650,-736,-673,-475,-182,136,413,607,686,625,443,183,-109,-365,-543,-613,-563,-404,-178,72,299,456,521,481,355,168,-42,-233,-374,-438,-417,-317,-173,-6,160,288,354,361,313,218,96,-24,-127,-204,-245,-240,-201,0,0,0,0,0,99,211,316,390,414,378,277,125,-66,-268,-442,-550,-572,-490,-321,-89,174,422,597,662,604,437,182,-122,-405,-610,-710,-673,-499,-219,109,416,640,748,696,496,191,-162,-494,-717,-797,-710,-472,-122,259,592,807,858,723,424,33,-363,-699,-905,-910,-719,-384,38,455,779,942,906,674,299,-146,-554,-843,-955,-860,-580,-178,263,645,895,948,792,458,17,-420,-760,-936,-904,-674,-292,158,568,862,974,851,537,120,-337,-731,-956,-982,-789,-398,73,531,885,1049,985,698,256,-248,-712,-1026,-1119,-972,-609,-117,406,852,1119,1156,951,534,9,-515,-935,-1156,-1125,-858,-410,125,0,1000,1144,1039,711,230,-303,-761,-1055,-1108,-921,-540,-35,484,898,1103,1055,776,327,-202,-690,-1027,-1136,-998,-634,-129,401,852,1113,1124,893,466,-67,-590,-980,-1149,-1078,-765,-285,253,736,1052,1139,983,610,97,-425,-833,-1063,-1059,-822,-403,100,563,892,1022,909,595,147,-326,-718,-939,-947,-727,-340,121,546,855,973,864,554,119,-348,-734,-956,-970,-769,-386,82,527,859,1007,936,652,237,-218,-632,-901,-971,-831,-518,-97,336,686,883,879,687,353,-46,-423,-689,-796,-724,-491,-168,179,478,657,675,534,279,-27,-322,-525,-600,-537,-344,-69,220,451,574,553,400,159,-122,-388,0,0
61610,mtk,MTK 7916,863375862,rx2-tx0,512,0,0,0,833,388,-150,-668,-1049,-1207,-1099,-740,-204,388,901,1223,1282,1065,603,-3,-612,-1082,-1313,-1259,-928,-389,244,823,1217,1343,1168,731,134,-495,-1016,-1304,-1301,-1005,-476,145,731,1153,1317,1179,769,190,-428,-955,-1261,-1271,-991,-489,126,710,1126,1290,1154,758,195,-420,-935,-1223,-1231,-965,-481,115,681,1077,1220,1089,707,157,-416,-891,-1152,-1139,-865,-389,180,707,1056,1153,979,575,33,-518,-949,-1158,-1096,-774,-262,319,829,1148,1202,974,516,-72,-650,-1082,-1271,-1169,-803,-249,379,923,1263,1323,1088,606,-22,-654,-1142,-1377,-1313,-961,-385,278,875,1285,1412,1228,773,140,-519,-1063,-1371,-1380,-1082,0,104,735,1206,1407,1289,884,290,-364,-935,-1300,-1370,-1133,-644,-11,622,1121,1370,1315,966,398,-266,-880,-1294,-1414,-1235,-784,-142,535,1089,1410,1429,1131,582,-98,-760,-1262,-1485,-1384,-982,-363,341,969,1386,1504,1299,809,145,-546,-1128,-1469,-1484,-1178,-620,64,732,1242,1477,1398,1019,422,-257,-880,-1311,-1456,-1286,-838,-222,434,998,1352,1408,1169,682,56,-573,-1086,-1366,-1345,-1055,-562,48,637,1088,1314,1265,955,472,-97,-634,-1024,-1202,-1134,-844,-397,109,577,915,1061,988,725,336,-96,-497,-790,-914,-860,-649,-323,49,392,646,774,758,614,377,88,-203,-434,-577,-624,-579,-454,-284,-115,42,0,0,0,0,0,321,439,511,512,430,268,40,-218,-465,-657,-748,-710,-545,-268,70,412,693,860,866,695,388,-5,-416,-752,-958,-981,-799,-450,2,470,856,1081,1086,863,457,-55,-573,-987,-1208,-1182,-906,-437,136,690,1111,1311,1241,913,385,-235,-817,-1231,-1392,-1269,-876,-290,362,942,1330,1435,1232,775,155,-501,-1053,-1379,-1411,-1149,-646,-8,625,1117,1369,1329,1000,460,-177,-752,-1148,-1304,-1177,-792,-232,366,865,1170,1211,973,532,-22,-563,-965,-1143,-1065,-742,-245,303,764,1049,1098,891,477,-54,-566,-947,-1121,-1033,-701,-209,336,814,1107,1151,941,507,-45,-594,-1011,-1205,-1134,-813,-300,281,802,1155,0,1055,629,62,-525,-996,-1247,-1219,-916,-412,195,765,1156,1285,1126,713,134,-485,-998,-1288,-1287,-996,-480,160,763,1199,1378,1249,831,220,-431,-987,-1340,-1402,-1140,-624,30,679,1185,1423,1340,959,367,-299,-895,-1294,-1401,-1192,-724,-107,533,1052,1320,1285,966,431,-196,-767,-1158,-1281,-1105,-682,-110,487,963,1210,1181,878,378,-204,-732,-1084,-1193,-1030,-626,-86,468,904,1126,1095,814,350,-182,-665,-990,-1079,-918,-554,-72,418,799,989,944,678,260,-207,-612,-863,-906,-731,-386,48,466,765,873,765,478,75,-351,-693,-866,-830,-591,-207,228,616,865,906,727,371,-77,-517,-848,-985,-887,-570,0,0,0,0,0,764,1076,1149,970,567,20,-540,-988,-1231,-1206,-909,-403,200,763,1165,1312,1165,763,192,-430,-963,-1287,-1322,-1056,-561,54,659,1117,1328,1241,876,318,-317,-875,-1235,-1319,-1100,-632,-22,587,1059,1294,1233,894,344,-287,-843,-1206,-1295,-1084,-631,-35,568,1047,1277,1209,867,336,-270,-808,-1160,-1243,-1039,-597,-25,550,988,1197,1125,792,282,-299,-804,-1104,-1144,-925,-489,74,616,1005,1158,1038,666,138,-427,-889,-1151,-1147,-865,-372,203,740,1118,1241,1083,664,78,-524,-1015,-1283,-1263,-954,-422,217,810,1220,1365,1214,786,178,-474,-1024,-1354,-1388,-1109,-580,77,715,1194,1412,1322,942,352,-314,-898,0,-1411,-1207,-729,-97,553,1077,1363,1340,1020,474,-173,-781,-1216,-1380,-1234,-811,-204,452,1010,1345,1380,1106,589,-68,-718,-1211,-1437,-1347,-958,-355,332,948,1362,1478,1267,784,132,-559,-1128,-1455,-1463,-1154,-589,104,767,1268,1506,1408,1001,389,-311,-948,-1380,-1508,-1312,-835,-179,509,1081,1423,1450,1169,645,-18,-674,-1182,-1428,-1366,-1022,-464,195,808,1239,1412,1282,880,302,-329,-880,-1250,-1361,-1188,-772,-212,372,870,1193,1265,1074,672,160,-367,-811,-1080,-1125,-943,-588,-134,332,716,942,975,816,512,124,-275,-606,-798,-839,-733,-493,-171,158,448,644,718,674,529,313,72,-153,-328,-434,-464,-426,0,0,0,0,0,-276,-157,6,202,399,556,646,642,525,307,22,-288,-564,-754,-819,-732,-501,-164,217,572,831,939,862,607,226,-214,-630,-935,-1056,-962,-668,-226,270,733,1060,1167,1034,687,191,-356,-854,-1189,-1276,-1101,-691,-124,475,989,1301,1339,1101,635,18,-606,-1100,-1383,-1372,-1067,-544,103,743,1218,1429,1343,979,413,-248,-855,-1269,-1417,-1266,-848,-255,390,945,1282,1340,1109,637,41,-554,-1019,-1252,-1209,-902,-400,183,717,1078,1186,1034,652,124,-423,-868,-1107,-1086,-815,-361,173,662,999,1111,969,589,74,-455,-891,-1127,-1099,-821,-357,195,707,1074,1201,1052,667,133,-439,-920,-1194,-1204,-946,-476,0,670,1081,1252,1142,783,236,-370,-891,-1205,-1258,-1030,-566,32,629,1084,1294,1218,860,300,-330,-892,-1263,-1349,-1131,-659,-41,606,1117,1380,1338,997,427,-235,-848,-1277,-1425,-1256,-804,-168,499,1043,1361,1381,1090,557,-101,-732,-1183,-1370,-1257,-860,-279,356,914,1253,1296,1045,559,-42,-625,-1064,-1254,-1148,-783,-243,341,844,1151,1194,961,507,-57,-594,-999,-1173,-1072,-721,-215,324,787,1072,1101,878,461,-55,-548,-899,-1037,-938,-631,-179,305,702,928,931,715,328,-122,-526,-797,-876,-749,-432,-15,404,720,862,794,528,136,-294,-661,-869,-867,-653,-280,166,582,868,956,812,471,14,-460,-827,0,0
61611,mtk,MTK 7916,863375862,rx2-tx1,512,0,0,0,-75,454,897,1151,1154,892,427,-130,-662,-1056,-1212,-1105,-763,-256,311,808,1128,1198,996,579,39,-503,-927,-1143,-1101,-816,-353,190,677,990,1088,939,573,85,-420,-819,-1024,-984,-718,-284,218,666,943,1002,816,431,-64,-542,-892,-1040,-941,-614,-141,378,810,1062,1066,826,390,-147,-662,-1022,-1158,-1034,-660,-131,429,901,1164,1161,896,419,-169,-718,-1095,-1244,-1112,-718,-148,465,985,1279,1284,1003,500,-127,-750,-1219,-1407,-1280,-885,-298,367,963,1358,1447,1235,752,98,-566,-1114,-1419,-1410,-1102,-564,90,718,1201,1418,1316,939,375,-258,-833,-1225,-1354,-1181,-767,-202,388,884,1185,1218,985,562,0,-495,-889,-1069,-1009,-742,-324,157,575,840,921,782,461,52,-356,-664,-809,-756,-531,-176,211,529,725,749,579,275,-93,-436,-675,-746,-629,-371,-8,368,659,793,741,505,134,-287,-660,-885,-917,-743,-387,78,547,920,1091,1033,754,284,-254,-750,-1103,-1230,-1103,-738,-197,400,916,1238,1311,1110,668,85,-521,-1035,-1335,-1357,-1113,-636,-20,595,1098,1374,1374,1102,615,9,-594,-1067,-1326,-1328,-1074,-613,-42,514,948,1191,1189,960,557,63,-423,-805,-1007,-1007,-818,-472,-53,356,680,857,865,698,402,50,-290,-562,-725,-744,-629,-418,-142,147,389,553,619,585,471,299,110,-65,-200,-287,0,0,0,0,0,-416,-401,-321,-182,2,210,403,543,611,581,440,220,-41,-304,-518,-644,-641,-518,-305,-19,280,522,660,669,540,296,-11,-323,-581,-720,-708,-548,-264,86,429,686,801,752,540,203,-190,-555,-808,-894,-792,-522,-135,290,660,895,945,795,476,59,-383,-747,-948,-955,-762,-403,52,492,826,979,928,680,278,-185,-602,-887,-986,-874,-573,-141,314,698,925,947,755,404,-29,-450,-767,-906,-845,-601,-218,224,604,839,893,748,429,14,-412,-743,-907,-873,-634,-262,170,565,835,930,808,512,111,-319,-687,-896,-902,-715,-370,63,480,787,911,832,578,196,-236,-620,-860,-902,-745,0,2,424,742,900,863,620,238,-189,-567,-823,-892,-748,-440,-26,381,692,849,804,560,195,-215,-579,-814,-856,-695,-369,54,473,787,925,849,571,155,-299,-691,-935,-974,-795,-429,41,506,862,1024,958,671,241,-246,-681,-958,-1020,-851,-478,7,486,853,1017,948,660,222,-270,-702,-974,-1023,-832,-440,41,519,890,1056,970,662,199,-315,-761,-1034,-1072,-861,-457,56,571,959,1126,1034,714,236,-308,-788,-1094,-1157,-960,-553,-19,525,945,1152,1112,812,336,-203,-694,-1033,-1132,-980,-615,-114,410,833,1060,1043,789,354,-157,-627,-950,-1053,-917,-563,-77,425,836,1051,1022,772,339,-176,0,0,0,0,0,-1153,-1062,-740,-259,292,794,1121,1202,1015,611,70,-497,-949,-1190,-1178,-908,-429,140,667,1038,1180,1065,711,206,-343,-809,-1082,-1107,-892,-478,39,537,910,1060,968,661,196,-312,-744,-986,-989,-769,-368,136,598,916,1019,882,527,34,-462,-859,-1055,-1011,-725,-260,270,743,1054,1124,935,528,-10,-546,-964,-1175,-1109,-782,-283,290,805,1140,1214,1012,561,-25,-600,-1041,-1260,-1203,-860,-311,319,887,1262,1355,1153,695,68,-585,-1111,-1395,-1382,-1070,-531,137,785,1255,1455,1341,940,340,-340,-929,-1313,-1430,-1235,-767,-142,505,1033,1333,1347,1082,592,-18,-619,-1076,-1294,-1227,-904,-403,168,690,1041,0,1024,687,198,-311,-727,-961,-962,-762,-406,41,450,741,848,760,494,117,-279,-601,-766,-746,-550,-225,151,481,696,743,609,318,-50,-406,-667,-768,-686,-433,-62,336,663,846,822,608,246,-204,-630,-920,-1014,-888,-562,-89,426,862,1134,1166,937,495,-52,-591,-1029,-1261,-1226,-941,-437,167,738,1167,1360,1260,899,361,-257,-843,-1253,-1408,-1272,-886,-322,315,882,1261,1394,1262,877,332,-273,-820,-1178,-1295,-1181,-830,-322,219,697,1022,1133,1018,713,291,-174,-580,-857,-952,-859,-609,-245,148,487,721,810,739,535,241,-76,-365,-581,-688,-671,-537,-324,-91,138,332,456,500,468,387,270,0,0,0,0,0,-66,-227,-371,-485,-543,-521,-418,-245,-15,231,445,589,632,564,395,150,-130,-398,-593,-669,-611,-431,-161,146,425,622,699,628,422,119,-216,-521,-713,-757,-647,-401,-54,319,632,819,835,672,361,-24,-420,-741,-911,-883,-667,-309,123,533,842,972,900,641,241,-215,-629,-915,-995,-857,-543,-125,329,719,954,976,784,429,-17,-457,-796,-957,-913,-672,-283,166,577,855,939,818,508,83,-343,-686,-884,-882,-678,-328,92,501,797,907,814,534,126,-298,-664,-894,-919,-736,-392,30,449,779,933,880,628,237,-198,-594,-858,-927,-784,-474,-63,363,709,896,882,667,300,-131,-529,0,-911,-804,-512,-108,308,661,870,881,698,355,-64,-463,-754,-865,-777,-514,-128,289,632,825,822,626,282,-137,-525,-799,-895,-772,-457,-38,394,752,949,923,679,287,-169,-607,-919,-1012,-880,-558,-102,385,779,1000,993,764,367,-120,-587,-907,-1018,-899,-575,-118,368,776,999,988,747,330,-163,-622,-940,-1038,-900,-555,-80,423,832,1054,1031,772,335,-193,-674,-1005,-1114,-962,-592,-89,440,883,1122,1100,839,398,-140,-662,-1035,-1166,-1043,-687,-172,369,823,1100,1130,909,482,-47,-566,-946,-1105,-1015,-710,-243,284,740,1013,1058,861,471,-25,-523,-898,-1060,-974,-667,-208,303,748,1026,1068,0,0
61612,mtk,MTK 7916,863412597,rx0-tx0,512,-330,-150,-276,-162,-408,-628,-804,-944,-1023,-1040,-1001,-907,-755,-563,-333,-101,143,385,598,782,913,995,1026,997,911,775,600,382,143,-100,-341,-559,-757,-906,-1010,-1061,-1036,-958,-822,-635,-411,-164,95,343,572,775,928,1028,1064,1036,948,802,620,396,159,-89,-332,-554,-733,-866,-952,-995,-973,-905,-789,-621,-421,-203,20,246,461,639,790,896,958,955,900,798,652,463,251,21,-202,-414,-598,-755,-864,-917,-923,-869,-762,-616,-434,-233,-31,181,373,542,673,773,812,808,768,689,568,412,238,67,-112,-284,-439,-571,-666,-721,-734,-706,-654,-564,-438,-283,-134,37,202,344,479,596,674,708,-26,681,602,492,351,193,16,-155,-321,-477,-599,-689,-746,-755,-719,-646,-526,-370,-191,-8,177,360,532,657,746,790,783,735,647,510,334,147,-51,-239,-413,-572,-690,-766,-791,-767,-703,-602,-454,-286,-95,91,281,457,591,705,779,803,768,694,567,408,222,25,-188,-389,-563,-696,-797,-817,-795,-718,-587,-422,-221,-4,197,388,558,663,721,732,678,569,444,288,108,-62,-206,-331,-433,-484,-504,-476,-432,-363,-277,-177,-80,13,100,166,222,272,292,293,279,254,220,172,119,67,8,-47,-100,-151,-181,-211,-230,-235,-220,-184,-134,-69,-1,76,140,190,211,202,168,119,203,133,510,-707,-731,175,149,97,25,-53,-130,-198,-251,-279,-282,-258,-215,-159,-84,-4,74,157,228,287,327,358,370,354,310,241,159,60,-56,-176,-294,-403,-491,-557,-588,-581,-522,-426,-294,-123,71,261,448,613,748,828,855,828,733,567,366,139,-131,-385,-630,-837,-983,-1061,-1077,-1010,-873,-673,-417,-123,185,476,744,962,1116,1193,1184,1100,934,710,428,135,-172,-474,-737,-960,-1107,-1201,-1210,-1130,-986,-771,-520,-251,53,352,626,852,1029,1147,1190,1155,1049,878,662,402,107,-181,-453,-703,-914,-1073,-1153,-1171,-1107,-984,-792,-560,-290,-13,274,545,780,967,1081,1145,1138,1049,899,702,462,192,301,-340,-580,-782,-947,-1054,-1091,-1070,-1001,-867,-683,-459,-221,49,313,554,771,942,1059,1117,1113,1051,920,739,494,236,-34,-319,-579,-806,-978,-1103,-1167,-1152,-1078,-932,-739,-514,-259,22,303,555,777,963,1102,1176,1187,1133,1003,823,596,333,54,-252,-539,-790,-1002,-1161,-1248,-1270,-1204,-1088,-895,-646,-366,-59,254,562,824,1047,1212,1295,1297,1226,1083,873,608,316,-2,-314,-606,-851,-1054,-1173,-1239,-1229,-1145,-1004,-798,-538,-262,17,294,557,780,968,1094,1146,1135,1062,922,753,537,275,15,-240,-486,-705,-882,-1005,-1073,-1085,-1028,-909,-743,-543,-316,-62,203,436,659,838,970,1042,1053,1006,-160,-626,-82,-590,-530,-1028,-971,-838,-666,-449,-211,37,280,513,713,870,977,1018,1023,958,841,675,466,244,1,-244,-475,-671,-833,-963,-1031,-1042,-983,-875,-717,-524,-296,-45,214,456,673,850,975,1054,1070,1018,907,738,528,294,30,-227,-471,-677,-846,-960,-1023,-1025,-972,-859,-696,-505,-296,-67,171,395,597,762,877,947,968,941,847,716,553,358,134,-104,-322,-524,-707,-846,-933,-957,-926,-850,-726,-565,-355,-130,94,309,505,668,792,855,877,850,772,650,500,324,130,-55,-242,-415,-565,-677,-743,-768,-758,-702,-617,-491,-349,-184,-11,157,314,458,578,655,702,714,684,620,535,403,246,76,628,-242,-398,-529,-626,-698,-728,-714,-664,-569,-445,-295,-125,65,245,410,558,671,747,774,765,702,596,442,278,79,-114,-302,-475,-627,-727,-789,-799,-760,-677,-554,-395,-217,-22,175,353,515,641,732,778,776,740,647,516,354,163,-37,-230,-411,-571,-697,-778,-818,-804,-724,-596,-440,-246,-29,175,386,554,687,771,793,759,685,539,355,165,-32,-227,-383,-503,-596,-627,-606,-550,-473,-355,-220,-82,48,159,253,320,361,381,375,346,295,245,174,90,18,-48,-100,-148,-193,-221,-236,-242,-230,-216,-178,-137,-93,-35,28,90,145,192,219,230,217,179,126,52,-23,-89,-134,-455,-605,-82,-161,-1,-73,-145,-202,-237,-242,-220,-173,-107,-25,59,139,202,257,298,312,307,283,242,182,110,26,-66,-161,-258,-339,-406,-444,-460,-446,-410,-332,-226,-95,53,214,370,500,615,697,728,711,642,517,343,134,-78,-311,-540,-734,-870,-968,-986,-925,-814,-630,-396,-124,163,457,705,909,1057,1148,1146,1063,906,690,425,121,-195,-494,-766,-979,-1130,-1193,-1197,-1113,-961,-741,-474,-178,135,427,688,919,1067,1163,1188,1137,1014,826,589,313,20,-271,-551,-787,-977,-1117,-1182,-1160,-1076,-930,-731,-480,-204,86,366,630,853,1017,1128,1168,1137,1029,860,635,378,110,-180,-456,-696,-892,-1035,-1107,-176,-1063,-942,-776,-572,-326,-65,188,440,668,859,993,1080,1114,1062,962,806,608,371,107,-165,-433,-682,-896,-1050,-1129,-1160,-1117,-1008,-836,-616,-369,-86,188,454,697,895,1044,1140,1169,1126,1027,884,682,431,154,-127,-404,-659,-873,-1054,-1165,-1225,-1215,-1119,-967,-760,-499,-212,102,398,669,917,1108,1236,1293,1276,1175,1006,782,508,193,-128,-440,-721,-964,-1149,-1264,-1299,-1250,-1121,-937,-705,-432,-145,170,458,710,930,1081,1166,1189,1148,1041,879,668,411,138,-125,-394,-630,-823,-984,-1074,-1103,-1078,-994,-845,-651,-416,-166,93,345,573,768,920,1025,1076,1055,968,842,653,438,189,-65,-318,-641,-455
61613,mtk,MTK 7916,863412597,rx0-tx1,512,-686,752,902,-558,-641,-692,-693,-663,-588,-480,-340,-180,-11,152,299,421,522,601,638,630,588,519,424,304,179,48,-95,-223,-343,-434,-506,-550,-566,-561,-520,-459,-375,-269,-148,-23,103,231,350,455,534,582,609,601,557,488,389,262,121,-32,-183,-336,-470,-574,-654,-693,-694,-649,-572,-458,-316,-155,20,195,356,502,619,692,730,731,677,584,466,308,143,-36,-209,-371,-511,-622,-695,-722,-711,-654,-569,-441,-294,-133,37,205,356,482,584,660,682,669,623,544,432,292,139,-19,-171,-319,-448,-551,-619,-655,-656,-605,-532,-426,-301,-150,5,156,302,425,537,616,646,647,606,532,-38,295,135,-25,-177,-324,-446,-547,-613,-648,-636,-585,-506,-394,-257,-107,56,208,349,471,566,628,655,627,563,471,348,208,49,-113,-268,-408,-517,-590,-633,-626,-586,-508,-396,-255,-114,34,181,315,422,512,559,575,553,492,415,309,189,57,-66,-186,-293,-383,-452,-490,-501,-483,-435,-359,-272,-165,-55,60,173,279,361,429,469,479,466,415,338,237,120,-1,-124,-239,-336,-409,-445,-469,-450,-389,-318,-220,-105,10,122,226,312,369,399,406,379,330,258,166,64,-47,-143,-227,-294,-333,-352,-336,-293,-237,-147,-47,51,150,226,273,293,280,232,152,60,-29,-111,-156,31,397,0,-508,-390,-113,-163,-197,-205,-186,-140,-74,6,81,149,207,244,249,238,210,158,92,24,-48,-120,-178,-219,-249,-261,-250,-215,-171,-120,-53,16,83,137,181,212,222,218,197,171,137,90,54,16,-25,-60,-93,-116,-129,-143,-156,-157,-159,-154,-144,-120,-95,-67,-24,22,73,119,162,193,219,235,224,207,174,127,80,23,-34,-93,-139,-187,-209,-228,-241,-231,-220,-196,-159,-122,-65,-11,46,105,162,215,261,291,300,302,284,248,188,115,38,-50,-132,-220,-286,-341,-378,-387,-368,-331,-271,-199,-116,-18,84,176,256,329,375,413,415,391,353,283,205,115,15,-89,-195,-48,-358,-413,-453,-459,-443,-400,-334,-246,-145,-24,90,208,318,410,475,522,531,513,458,372,266,140,1,-139,-262,-382,-473,-539,-575,-565,-541,-473,-381,-263,-132,2,133,259,374,473,539,577,589,569,518,435,325,192,53,-83,-222,-361,-475,-559,-623,-645,-635,-587,-509,-402,-267,-109,52,207,369,509,617,694,731,718,671,579,456,296,122,-63,-251,-421,-567,-676,-749,-782,-763,-700,-583,-435,-263,-73,118,300,464,595,696,754,765,725,658,540,395,226,50,-115,-295,-452,-571,-665,-719,-736,-702,-630,-524,-390,-226,-54,119,289,436,558,651,708,715,689,612,499,362,304,-222,9,805,609,-425,-278,-114,54,215,366,498,597,656,678,653,595,497,386,247,96,-56,-200,-333,-444,-523,-568,-591,-585,-544,-472,-379,-271,-149,-23,107,230,337,435,507,557,575,569,536,469,382,266,140,8,-137,-269,-390,-503,-587,-640,-652,-632,-581,-488,-371,-226,-66,100,266,421,550,643,702,720,694,629,528,393,233,65,-116,-294,-440,-572,-668,-724,-742,-706,-636,-527,-392,-225,-50,127,294,442,565,646,696,704,673,594,491,368,218,50,-112,-267,-403,-519,-603,-653,-668,-646,-584,-484,-366,-226,-74,89,243,375,493,579,634,643,632,573,486,375,227,76,-81,-234,-371,634,-587,-636,-640,-620,-562,-468,-352,-207,-54,116,265,394,509,595,647,653,611,545,442,316,170,5,-164,-310,-444,-545,-616,-647,-636,-592,-507,-381,-243,-85,76,225,366,481,558,594,603,574,503,406,287,147,15,-125,-249,-361,-450,-508,-530,-519,-486,-423,-339,-230,-109,8,123,235,327,399,453,476,471,442,383,303,210,96,-17,-134,-247,-343,-418,-463,-475,-459,-411,-340,-238,-129,-10,127,232,320,391,428,436,418,370,292,193,87,-22,-129,-214,-295,-345,-375,-372,-338,-287,-209,-116,-20,86,169,248,302,321,317,286,216,127,29,-69,-157,-221,-242,-231,-186,-110,1259,1063,0,-76,-306,-134,-95,-28,44,116,182,227,240,224,193,143,74,-4,-75,-146,-203,-239,-255,-256,-230,-184,-134,-74,-3,70,135,176,218,240,246,229,195,155,96,39,-17,-68,-108,-147,-167,-169,-176,-168,-153,-134,-108,-81,-59,-29,3,31,60,90,121,148,174,193,200,196,179,149,106,63,-2,-63,-116,-169,-199,-226,-242,-244,-228,-201,-162,-111,-67,-8,48,96,150,186,220,247,258,260,251,227,187,135,67,-1,-73,-147,-213,-277,-317,-346,-350,-332,-292,-228,-158,-74,21,113,204,281,336,375,402,396,363,315,244,162,67,-44,-138,-231,-317,-373,-416,-432,-429,-398,-1135,-261,-178,-73,37,142,245,340,414,472,496,492,462,401,312,209,86,-44,-171,-295,-403,-486,-545,-565,-548,-499,-427,-323,-205,-62,76,207,337,433,511,555,578,564,520,445,345,228,99,-41,-181,-307,-417,-508,-574,-604,-606,-580,-517,-411,-294,-157,-6,142,291,422,536,623,671,678,659,601,498,365,210,36,-139,-308,-465,-599,-697,-748,-763,-727,-641,-519,-365,-194,-7,181,362,522,651,736,778,763,712,617,488,331,151,-35,-213,-380,-525,-632,-711,-736,-732,-682,-579,-455,-312,-146,30,207,365,503,616,691,719,711,659,566,446,299,126,-45,-211,-374,-509,-611,652,397
61614,mtk,MTK 7916,863412597,rx1-tx0,512,0,1613,1210,-563,-505,-413,-302,-167,-19,126,276,404,526,626,686,698,687,628,543,412,249,71,-117,-292,-469,-629,-741,-822,-851,-834,-762,-643,-470,-273,-52,179,392,593,766,889,952,968,922,818,662,459,232,-29,-275,-508,-711,-869,-977,-1020,-1008,-920,-789,-618,-392,-153,85,328,546,732,871,953,989,963,882,756,587,391,154,-80,-306,-515,-700,-854,-949,-987,-974,-889,-757,-591,-374,-142,91,325,542,717,852,939,970,937,851,712,532,322,102,-131,-351,-553,-714,-825,-901,-917,-870,-769,-628,-458,-252,-31,186,381,541,674,767,799,788,737,639,509,348,176,0,-174,-334,-469,-277,-633,-663,-652,-608,-534,-436,-308,-176,-38,101,230,346,439,519,560,575,573,533,454,377,262,127,-9,-128,-263,-378,-465,-545,-585,-595,-575,-512,-437,-330,-209,-67,77,216,345,454,553,613,648,650,609,529,435,298,138,-34,-206,-376,-529,-656,-749,-791,-789,-743,-627,-491,-318,-100,119,336,547,734,851,918,917,857,739,544,325,80,-179,-414,-624,-780,-872,-913,-881,-786,-639,-447,-234,-4,205,410,567,678,743,750,707,623,486,335,154,-28,-194,-358,-466,-542,-593,-590,-552,-470,-362,-227,-79,63,207,333,423,481,498,467,387,274,138,-12,-155,-263,-333,-339,-306,286,920,0,201,404,-51,-60,-49,-31,-13,18,48,66,83,95,102,98,82,64,44,12,-15,-42,-76,-100,-113,-132,-133,-121,-113,-94,-69,-40,-6,23,60,100,122,149,172,191,195,186,163,126,87,35,-31,-113,-167,-227,-279,-314,-331,-319,-285,-237,-161,-61,43,147,257,355,429,476,478,454,398,289,162,31,-112,-252,-370,-475,-535,-552,-535,-482,-397,-284,-146,2,138,276,399,487,540,551,524,460,378,265,130,-10,-144,-258,-357,-424,-467,-469,-448,-397,-326,-237,-144,-44,45,130,211,272,308,338,345,338,319,278,243,189,117,59,-23,-98,-172,-238,-296,-343,-378,-392,-369,489,-294,-214,-129,-32,71,173,272,347,412,452,464,448,408,340,246,136,26,-95,-210,-308,-409,-473,-499,-515,-498,-447,-376,-274,-146,-21,98,225,344,433,497,548,555,534,478,390,293,175,42,-96,-231,-346,-443,-520,-565,-586,-558,-514,-437,-332,-220,-87,54,178,308,417,512,573,606,624,592,527,433,311,169,21,-143,-294,-448,-569,-652,-711,-727,-686,-608,-496,-332,-151,30,215,401,553,661,725,739,719,651,541,397,236,59,-117,-277,-412,-527,-602,-633,-645,-612,-541,-442,-333,-206,-68,67,192,309,399,476,523,550,545,508,458,393,292,177,54,-64,-188,-307,-615,-48,0,315,1104,221,343,453,539,613,639,638,597,523,424,287,126,-31,-197,-361,-501,-628,-712,-763,-766,-727,-654,-523,-362,-179,29,230,422,607,755,860,912,903,839,732,571,366,139,-96,-337,-556,-746,-885,-983,-1011,-973,-881,-734,-537,-304,-61,192,426,626,807,936,997,1008,959,847,683,481,259,30,-210,-425,-624,-783,-909,-978,-978,-932,-832,-687,-499,-275,-43,196,431,627,793,912,970,973,923,809,646,457,239,8,-227,-439,-634,-788,-892,-938,-932,-870,-756,-587,-397,-189,33,257,459,627,757,841,868,847,762,640,484,298,101,-89,-278,-439,-575,-671,-730,-741,-707,-632,-524,315,-239,-80,74,218,354,466,546,591,614,594,551,478,389,271,142,19,-108,-243,-346,-438,-523,-567,-573,-563,-526,-444,-350,-235,-98,36,178,303,411,502,568,609,607,583,518,435,318,178,36,-120,-277,-417,-536,-639,-695,-711,-694,-642,-545,-409,-236,-41,149,349,525,668,797,866,866,815,716,549,339,109,-144,-371,-594,-767,-877,-937,-922,-840,-703,-506,-284,-45,204,421,612,750,832,842,802,707,556,382,186,-15,-207,-384,-521,-611,-668,-662,-630,-550,-419,-287,-125,38,188,318,422,505,538,530,488,398,281,146,0,-145,-272,-373,-430,-441,-392,-301,-175,-35,81,-1391,-1325,0,-466,-312,13,33,55,66,77,86,77,64,49,22,-8,-43,-66,-82,-102,-110,-106,-108,-100,-77,-53,-28,9,41,70,102,124,142,148,148,149,133,107,81,44,4,-46,-92,-144,-184,-221,-247,-265,-249,-220,-189,-128,-56,29,123,205,278,352,394,405,398,358,277,174,50,-73,-191,-321,-427,-489,-521,-529,-482,-410,-300,-159,-9,141,276,386,478,542,556,535,482,389,268,132,-14,-159,-280,-385,-471,-516,-520,-492,-437,-358,-251,-130,-9,102,205,295,356,390,398,385,363,318,244,177,104,30,-41,-114,-181,-228,-289,-311,-332,-345,-335,-307,-261,-204,-138,-68,25,114,-571,295,362,400,423,425,411,357,281,193,85,-31,-142,-248,-340,-420,-470,-498,-490,-451,-390,-315,-199,-86,32,162,276,376,467,516,532,529,500,431,328,222,95,-37,-165,-290,-400,-480,-543,-567,-566,-530,-459,-370,-251,-122,18,153,267,386,479,547,592,590,563,510,424,318,191,67,-73,-226,-355,-468,-566,-633,-672,-661,-616,-535,-411,-267,-99,87,268,421,567,673,732,746,730,662,537,379,194,5,-177,-350,-494,-605,-677,-715,-695,-637,-539,-420,-269,-126,26,182,320,423,502,562,583,575,541,480,397,297,179,58,-68,-182,-284,-385,-474,-529,-556,-551,-528,-466,-850,-384
61615,mtk,MTK 7916,863412597,rx1-tx1,512,0,0,0,348,613,710,618,343,-39,-410,-666,-735,-596,-293,90,450,679,706,533,216,-157,-473,-650,-639,-446,-126,225,501,621,556,323,0,-312,-536,-595,-467,-197,127,406,568,553,366,74,-245,-496,-587,-494,-256,62,362,563,597,440,157,-180,-478,-640,-607,-392,-57,303,574,689,612,347,-26,-384,-637,-706,-575,-284,88,438,665,689,518,198,-177,-496,-678,-650,-429,-91,269,556,681,613,365,-2,-361,-613,-691,-565,-283,72,423,652,685,532,237,-129,-460,-662,-668,-486,-177,181,477,632,619,430,120,-209,-470,-604,-571,-372,-76,229,465,561,497,307,48,-214,-405,-475,-412,0,-6,199,339,372,298,141,-46,-198,-271,-252,-151,-6,138,229,232,148,8,-130,-225,-256,-198,-61,108,250,328,295,163,-25,-216,-368,-422,-348,-156,86,320,483,511,393,169,-122,-402,-574,-586,-430,-146,188,481,648,637,452,137,-229,-540,-710,-693,-485,-130,268,590,764,734,495,123,-284,-627,-803,-765,-521,-146,275,630,821,787,556,188,-243,-614,-807,-793,-587,-228,190,553,764,766,582,263,-110,-459,-681,-717,-569,-288,53,368,579,641,533,288,-13,-289,-486,-558,-488,-297,-44,205,392,475,442,307,110,-100,-277,-390,-407,-330,-189,-26,128,243,295,287,235,155,0,0,0,0,0,224,108,-48,-230,-393,-502,-514,-414,-212,52,323,537,643,606,425,139,-201,-508,-700,-731,-580,-281,102,465,719,799,677,374,-28,-426,-722,-834,-726,-415,12,438,750,869,756,428,-24,-478,-808,-925,-787,-425,58,538,876,985,830,434,-89,-594,-944,-1040,-856,-431,116,633,987,1070,849,401,-150,-663,-998,-1063,-831,-355,213,718,1031,1051,771,283,-288,-780,-1041,-1006,-686,-166,396,849,1067,975,599,52,-507,-930,-1088,-939,-506,73,624,1022,1132,906,426,-186,-759,-1115,-1168,-897,-355,301,878,1211,1217,887,313,-364,-950,-1279,-1255,-895,-286,413,994,1298,1241,847,226,-454,-1014,0,-1193,-771,-139,533,1054,1265,1121,664,23,-620,-1092,-1247,-1041,-535,129,749,1150,1226,959,410,-260,-861,-1219,-1227,-887,-294,388,963,1269,1210,813,197,-493,-1048,-1298,-1183,-738,-92,581,1087,1292,1125,640,-12,-661,-1108,-1233,-1011,-512,129,725,1102,1155,866,338,-267,-783,-1075,-1042,-689,-140,440,894,1085,944,532,-37,-608,-997,-1092,-873,-403,192,736,1060,1084,804,289,-308,-814,-1096,-1066,-736,-206,381,858,1088,1011,656,123,-436,-861,-1034,-918,-558,-51,453,811,930,792,428,-43,-482,-758,-802,-624,-275,143,499,692,675,459,114,-255,-545,-653,-557,-299,57,395,606,628,461,153,-200,0,0,0,0,0,-624,-360,12,387,653,738,615,311,-77,-439,-683,-734,-575,-262,118,468,674,676,492,176,-180,-481,-637,-601,-381,-53,279,519,608,519,267,-61,-363,-555,-583,-424,-138,181,442,570,529,321,10,-297,-516,-581,-475,-209,122,418,598,599,417,107,-242,-533,-669,-603,-368,-23,339,608,698,591,316,-59,-424,-650,-691,-541,-238,137,477,670,667,476,145,-227,-523,-667,-623,-401,-48,318,582,685,593,321,-40,-395,-641,-695,-554,-264,110,448,653,682,519,210,-155,-470,-652,-649,-462,-149,194,478,627,600,413,110,-219,-471,-585,-533,-343,-67,218,431,520,459,283,42,-205,0,-432,-360,-192,16,202,308,305,218,69,-88,-207,-249,-204,-87,63,188,243,207,95,-51,-187,-278,-285,-185,-14,168,311,373,315,156,-58,-271,-427,-468,-365,-149,121,370,528,542,406,142,-170,-446,-610,-615,-445,-140,212,511,670,650,456,128,-253,-570,-735,-700,-477,-128,266,601,779,747,506,126,-285,-628,-813,-786,-547,-157,274,624,812,797,572,198,-219,-580,-791,-790,-585,-240,156,504,723,752,582,274,-98,-429,-639,-681,-552,-291,29,329,532,591,502,297,24,-244,-443,-520,-463,-303,-75,154,337,436,426,315,139,-51,-218,-331,-368,-332,-234,-105,24,126,190,0,0,0,0,0,266,370,411,378,265,79,-149,-373,-534,-596,-528,-331,-48,258,520,675,681,513,204,-158,-490,-714,-769,-639,-336,56,436,715,814,699,398,-9,-429,-742,-859,-735,-423,9,454,783,897,763,416,-54,-513,-841,-953,-809,-432,76,564,903,1010,847,448,-88,-602,-953,-1050,-857,-428,127,653,998,1069,839,385,-177,-685,-1003,-1045,-795,-315,249,744,1033,1028,722,219,-343,-806,-1042,-978,-637,-111,453,885,1071,956,563,-5,-574,-974,-1109,-922,-467,129,696,1075,1149,895,387,-249,-816,-1161,-1195,-902,-334,339,921,1256,1246,889,294,-379,-973,-1296,-1251,-876,-261,431,1003,1293,1223,815,0,-499,-1029,-1276,-1167,-723,-87,569,1063,1251,1078,599,-51,-678,-1117,-1241,-1003,-471,195,809,1195,1239,924,354,-318,-910,-1256,-1230,-849,-234,443,1009,1284,1195,774,136,-542,-1067,-1287,-1156,-697,-28,626,1103,1270,1076,578,-75,-695,-1109,-1192,-944,-429,203,763,1089,1091,777,242,-358,-846,-1078,-985,-605,-41,528,935,1078,904,455,-135,-680,-1030,-1096,-846,-345,252,775,1088,1091,775,253,-334,-833,-1089,-1039,-695,-156,413,855,1060,968,604,81,-449,-837,-986,-860,-493,-7,464,788,878,710,357,-82,-490,-737,-749,-545,-195,200,518,679,625,377,27,-327,-575,-646,-515,-222,130,449,633,619,0,0
61616,mtk,MTK 7916,863412597,rx2-tx0,512,0,0,0,748,1083,1119,830,288,-355,-909,-1215,-1178,-800,-189,481,1028,1294,1184,737,80,-613,-1131,-1329,-1151,-645,51,735,1207,1333,1079,518,-198,-859,-1270,-1309,-977,-364,357,973,1307,1251,838,186,-518,-1068,-1309,-1166,-674,7,678,1155,1293,1052,502,-199,-841,-1230,-1257,-920,-313,384,961,1244,1169,755,123,-546,-1045,-1227,-1047,-566,83,704,1104,1170,883,334,-314,-865,-1147,-1085,-699,-100,531,1001,1166,981,501,-137,-736,-1119,-1169,-874,-306,365,937,1239,1172,752,108,-573,-1094,-1307,-1143,-646,49,746,1230,1360,1100,516,-221,-897,-1320,-1372,-1037,-402,351,1012,1383,1356,953,281,-480,-1106,-1408,-1313,-846,0,600,1171,1403,1235,720,-5,-723,-1226,-1382,-1141,-570,164,851,1294,1369,1045,414,-332,-984,-1361,-1351,-954,-275,483,1112,1421,1327,861,144,-623,-1210,-1464,-1309,-769,-15,745,1301,1496,1271,686,-97,-858,-1372,-1507,-1225,-591,211,942,1411,1493,1161,502,-299,-1010,-1436,-1466,-1087,-412,378,1058,1432,1412,998,310,-457,-1090,-1421,-1355,-918,-225,520,1114,1402,1310,865,182,-540,-1103,-1373,-1274,-827,-173,513,1054,1306,1212,801,199,-439,-953,-1199,-1127,-772,-224,359,826,1070,1025,716,242,-268,-691,-927,-921,-680,-287,163,553,791,824,661,349,-32,-386,-631,-723,-657,-457,-180,108,344,486,519,456,323,0,0,0,0,0,413,451,400,248,20,-248,-495,-659,-689,-567,-305,52,417,697,823,755,501,111,-329,-700,-905,-889,-638,-214,281,718,979,989,740,282,-268,-767,-1078,-1110,-837,-327,285,838,1181,1204,913,361,-303,-898,-1261,-1288,-973,-390,309,941,1325,1343,1002,388,-348,-1000,-1380,-1383,-1014,-366,390,1042,1407,1386,997,333,-424,-1057,-1397,-1350,-941,-272,464,1059,1352,1276,842,174,-523,-1067,-1299,-1162,-701,-55,599,1065,1222,1033,547,-90,-689,-1075,-1142,-878,-364,258,795,1085,1056,726,175,-429,-903,-1111,-988,-567,23,609,1022,1138,923,438,-189,-770,-1125,-1166,-874,-316,334,890,1194,1161,794,194,-466,0,-1240,-1127,-689,-49,611,1093,1266,1075,572,-103,-753,-1184,-1267,-982,-411,284,905,1269,1266,897,266,-455,-1053,-1347,-1253,-795,-106,619,1177,1398,1214,693,-36,-765,-1275,-1423,-1164,-574,182,883,1330,1389,1054,427,-320,-975,-1345,-1325,-927,-267,470,1053,1322,1211,752,74,-614,-1116,-1286,-1077,-554,122,752,1155,1214,923,360,-313,-879,-1178,-1131,-757,-164,467,950,1154,1021,591,-7,-595,-1004,-1109,-883,-401,179,692,1002,1012,716,217,-331,-766,-963,-873,-521,-21,475,815,897,708,306,-183,-612,-847,-812,-529,-85,390,747,870,724,355,-129,-577,-856,-877,-626,-184,329,753,953,867,515,-9,-538,0,0,0,0,0,-835,-339,286,839,1155,1151,820,236,-430,-988,-1267,-1190,-778,-142,548,1091,1325,1176,692,13,-667,-1170,-1341,-1124,-586,123,803,1244,1325,1034,447,-271,-911,-1283,-1280,-909,-277,435,1019,1305,1207,756,88,-598,-1114,-1306,-1112,-585,109,765,1194,1275,982,409,-285,-895,-1241,-1214,-833,-217,460,1000,1240,1116,659,13,-626,-1073,-1205,-974,-448,207,793,1129,1125,796,226,-420,-927,-1154,-1039,-601,28,642,1066,1175,925,399,-250,-836,-1181,-1177,-812,-204,470,1016,1274,1156,695,24,-661,-1163,-1336,-1122,-576,141,824,1283,1375,1068,459,-287,-958,-1350,-1363,-999,-339,420,1052,1393,1341,900,204,-546,-1140,0,-1273,-782,-68,663,1201,1393,1189,641,-86,-790,-1265,-1375,-1096,-500,249,921,1328,1352,994,348,-405,-1048,-1397,-1343,-900,-201,560,1163,1439,1311,817,82,-684,-1266,-1485,-1286,-730,37,801,1339,1500,1239,631,-159,-901,-1395,-1502,-1189,-543,254,975,1427,1480,1117,448,-343,-1041,-1438,-1435,-1041,-359,414,1074,1433,1382,952,267,-492,-1106,-1406,-1330,-888,-203,532,1118,1395,1291,847,181,-529,-1088,-1341,-1237,-814,-186,478,1001,1252,1169,786,209,-404,-893,-1133,-1075,-740,-233,315,768,1009,971,699,267,-214,-622,-855,-867,-665,-308,109,478,720,783,663,402,65,-264,-509,-630,-620,-493,-285,-54,144,285,0,0,0,0,0,-74,116,316,488,585,567,424,172,-147,-461,-687,-769,-676,-414,-37,367,698,868,830,573,157,-308,-712,-949,-943,-691,-249,282,749,1034,1057,794,300,-282,-800,-1125,-1160,-873,-345,286,862,1217,1254,945,378,-301,-910,-1285,-1317,-987,-389,331,974,1353,1370,1017,381,-357,-1006,-1393,-1395,-1011,-347,409,1050,1400,1370,965,306,-442,-1059,-1376,-1315,-891,-228,490,1065,1331,1217,769,118,-560,-1066,-1262,-1095,-627,17,640,1068,1183,954,452,-166,-729,-1078,-1106,-799,-262,344,846,1100,1026,646,78,-517,-967,-1131,-955,-503,106,688,1077,1153,897,381,-260,-830,-1169,-1171,-832,-249,408,947,1219,1148,0,123,-540,-1057,-1265,-1103,-630,25,679,1139,1272,1035,493,-193,-829,-1230,-1273,-944,-332,379,981,1310,1266,854,185,-542,-1119,-1379,-1245,-745,-35,691,1224,1411,1192,628,-113,-823,-1304,-1416,-1118,-494,260,936,1343,1364,999,347,-395,-1014,-1336,-1272,-839,-165,544,1082,1303,1144,651,-28,-687,-1137,-1255,-1002,-453,221,818,1167,1173,838,258,-393,-922,-1181,-1091,-672,-70,535,975,1132,958,501,-94,-649,-1010,-1066,-809,-323,247,729,985,947,623,119,-404,-790,-934,-789,-411,84,545,827,854,621,197,-291,-683,-861,-774,-443,29,492,803,871,672,265,-231,-671,-915,-883,-575,-83,440,842,1004,864,0,0
61617,mtk,MTK 7916,863412597,rx2-tx1,512,0,0,0,-1140,-1050,-646,-52,554,1020,1207,1040,575,-48,-657,-1086,-1213,-1000,-498,144,742,1129,1188,913,384,-250,-809,-1130,-1121,-789,-237,369,864,1105,1016,636,81,-494,-914,-1057,-884,-451,119,637,959,990,718,228,-332,-791,-1014,-918,-550,-9,545,940,1053,853,392,-198,-738,-1072,-1096,-788,-242,380,896,1151,1067,668,68,-559,-1038,-1209,-1018,-529,121,738,1150,1230,952,379,-314,-914,-1255,-1237,-864,-228,489,1074,1359,1262,796,100,-640,-1203,-1430,-1270,-743,0,737,1272,1451,1227,668,-69,-788,-1297,-1434,-1166,-578,167,856,1297,1381,1084,489,-226,-865,-1265,-1311,-994,-414,263,853,1193,1193,864,312,0,-818,-1080,-1028,-691,-180,358,772,953,850,503,30,-436,-757,-846,-677,-307,143,532,759,752,514,119,-301,-625,-755,-643,-336,67,459,714,739,531,156,-285,-644,-813,-738,-432,26,490,827,934,760,351,-176,-673,-1013,-1071,-819,-324,273,818,1148,1173,876,327,-330,-908,-1249,-1251,-909,-315,374,969,1310,1306,950,324,-394,-1008,-1356,-1349,-988,-365,351,974,1346,1366,1029,437,-261,-882,-1269,-1331,-1050,-510,142,729,1109,1201,990,531,-40,-586,-954,-1059,-897,-512,-14,455,781,906,795,486,67,-342,-647,-786,-730,-500,-152,210,500,667,678,537,292,7,-256,-446,-531,-502,-390,-230,-55,0,0,0,0,0,-327,-205,-32,182,392,543,588,509,313,41,-248,-496,-635,-624,-460,-180,145,442,633,661,516,236,-114,-435,-654,-707,-559,-255,125,473,705,750,582,254,-150,-528,-775,-812,-631,-257,192,599,849,883,672,265,-223,-655,-915,-932,-698,-258,250,689,949,954,693,240,-280,-729,-978,-955,-658,-186,332,765,986,934,621,131,-384,-794,-981,-885,-544,-62,442,819,954,816,456,-32,-513,-838,-915,-740,-350,148,599,864,886,646,216,-272,-685,-909,-874,-577,-113,376,760,931,840,506,24,-470,-826,-946,-796,-420,70,533,846,916,716,315,-170,-613,-876,-885,-647,-223,274,692,900,0,560,102,-383,-754,-912,-806,-467,5,469,799,900,736,356,-125,-557,-823,-847,-613,-194,285,680,869,790,476,16,-459,-798,-900,-743,-367,142,617,916,959,709,246,-280,-744,-1006,-976,-652,-134,412,843,1036,925,548,18,-519,-915,-1043,-857,-419,145,660,976,1005,742,255,-312,-783,-1018,-957,-614,-80,485,907,1063,907,480,-93,-643,-1014,-1082,-827,-336,261,780,1079,1067,740,194,-411,-914,-1149,-1050,-644,-52,558,1012,1178,1004,538,-80,-663,-1066,-1167,-924,-423,195,755,1090,1107,815,290,-325,-831,-1079,-1017,-661,-117,454,893,1070,928,511,-54,-605,-977,-1060,-828,-351,238,761,1057,0,0,0,0,0,110,-494,-969,-1173,-1046,-617,-7,611,1063,1215,1023,544,-90,-696,-1104,-1204,-960,-441,206,786,1133,1159,853,311,-307,-829,-1118,-1078,-714,-160,432,889,1079,953,543,-21,-569,-942,-1028,-804,-338,229,721,983,952,636,122,-437,-868,-1035,-890,-465,104,650,1011,1082,825,314,-290,-821,-1121,-1089,-732,-155,485,980,1191,1047,598,-25,-654,-1096,-1218,-985,-452,218,822,1201,1237,898,297,-403,-1004,-1319,-1262,-839,-165,566,1138,1400,1264,769,43,-697,-1245,-1442,-1247,-709,35,776,1295,1453,1203,621,-129,-833,-1309,-1416,-1134,-534,203,871,1295,1353,1041,460,-243,-865,-1232,-1251,-933,-363,289,834,1131,0,777,254,-329,-800,-1019,-939,-602,-107,399,775,902,761,403,-57,-484,-756,-798,-594,-216,219,574,748,691,418,19,-383,-668,-747,-589,-242,181,552,753,725,477,67,-385,-731,-874,-760,-392,113,597,921,997,788,336,-228,-745,-1082,-1127,-844,-316,311,871,1211,1215,887,316,-365,-956,-1285,-1275,-929,-323,375,986,1343,1332,959,340,-375,-998,-1364,-1365,-1012,-403,307,936,1318,1355,1044,479,-198,-812,-1199,-1271,-1027,-533,83,654,1035,1135,943,530,-3,-511,-866,-983,-849,-505,-47,402,720,838,751,487,109,-282,-583,-737,-713,-520,-219,116,401,582,624,538,358,127,-100,-273,-368,-390,0,0,0,0,0,-274,-415,-496,-491,-386,-190,67,327,527,620,580,403,124,-187,-462,-636,-651,-501,-227,112,434,646,684,548,260,-102,-447,-676,-719,-573,-263,128,495,734,774,599,259,-168,-562,-811,-845,-647,-269,202,628,892,911,676,256,-240,-675,-932,-940,-695,-259,265,715,964,956,681,208,-316,-753,-987,-947,-639,-151,374,787,990,915,581,89,-422,-801,-967,-862,-504,-15,479,834,939,773,398,-98,-566,-858,-897,-689,-283,213,642,881,871,611,165,-328,-724,-916,-843,-537,-72,419,787,939,825,464,-26,-501,-837,-930,-762,-376,123,574,858,906,688,267,-223,-644,-887,-874,-603,-162,0,718,906,835,520,52,-425,-781,-907,-771,-413,60,510,808,863,663,276,-196,-610,-841,-818,-550,-109,369,735,882,767,414,-63,-533,-860,-933,-727,-301,218,685,963,967,690,204,-347,-806,-1033,-964,-611,-77,473,886,1049,897,488,-59,-589,-954,-1031,-803,-343,221,723,1008,995,684,167,-394,-844,-1047,-935,-546,4,557,955,1078,880,414,-176,-719,-1050,-1077,-788,-264,341,851,1119,1067,693,113,-496,-963,-1161,-1023,-595,3,605,1036,1171,970,487,-132,-706,-1079,-1147,-878,-354,260,784,1081,1068,745,204,-389,-857,-1066,-965,-584,-29,534,938,1063,875,427,-147,-681,-1018,-1054,-776,-264,0,0
61618,mtk,MTK 7916,863482325,rx0-tx0,512,-330,-698,-538,-458,-710,-903,-1005,-1017,-941,-778,-544,-268,32,326,589,797,944,999,964,859,668,426,152,-141,-421,-665,-848,-959,-998,-945,-801,-591,-333,-40,261,545,784,942,1035,1022,918,740,489,191,-106,-418,-685,-887,-1015,-1034,-967,-811,-605,-323,-25,268,543,766,910,987,966,865,691,461,198,-79,-345,-594,-773,-888,-941,-901,-789,-608,-379,-118,153,418,642,810,906,923,859,713,512,260,-16,-279,-528,-715,-843,-893,-864,-757,-583,-351,-119,138,370,570,709,787,798,741,623,457,239,18,-197,-399,-561,-677,-737,-726,-656,-537,-369,-178,30,236,419,570,670,709,690,616,486,310,-26,-101,-300,-469,-609,-700,-731,-694,-588,-444,-243,-30,187,398,577,700,760,740,663,525,333,116,-124,-356,-538,-681,-764,-777,-712,-583,-396,-176,55,286,493,648,737,765,717,620,466,254,23,-206,-415,-589,-698,-774,-757,-670,-523,-327,-91,141,366,561,707,779,777,693,558,343,103,-157,-394,-590,-725,-778,-756,-652,-471,-255,-10,228,428,589,661,662,605,474,303,119,-65,-240,-365,-449,-484,-465,-401,-305,-179,-57,49,156,231,274,301,301,256,210,155,79,5,-61,-115,-168,-209,-218,-206,-193,-158,-106,-43,21,87,143,193,217,208,172,113,32,-46,-115,-158,-161,-793,-834,510,-725,-958,8,94,174,226,254,238,184,103,5,-98,-186,-254,-297,-316,-286,-231,-156,-63,40,150,248,324,384,404,385,330,231,110,-38,-194,-339,-463,-543,-588,-565,-485,-341,-156,49,291,513,677,770,804,749,607,394,123,-161,-454,-713,-896,-996,-996,-887,-681,-391,-54,293,621,898,1071,1145,1109,946,678,352,-26,-408,-738,-995,-1154,-1218,-1142,-952,-676,-328,60,419,753,1013,1165,1207,1129,944,679,349,-18,-390,-713,-964,-1124,-1182,-1135,-975,-720,-413,-63,302,629,896,1085,1175,1137,1005,781,473,127,-223,-556,-832,-1033,-1138,-1138,-1031,-831,-550,-220,130,468,746,956,1092,1103,1028,301,614,314,2,-317,-606,-833,-994,-1071,-1040,-933,-741,-490,-196,136,444,709,923,1055,1096,1041,899,662,366,34,-292,-611,-872,-1054,-1131,-1114,-992,-788,-515,-195,152,476,747,958,1100,1129,1081,940,708,420,91,-251,-571,-852,-1058,-1162,-1175,-1097,-904,-626,-307,56,414,732,999,1175,1245,1208,1051,803,486,128,-257,-620,-918,-1143,-1261,-1268,-1151,-930,-623,-262,121,488,808,1048,1186,1229,1145,975,718,395,41,-315,-632,-886,-1062,-1150,-1128,-1014,-806,-535,-219,115,424,701,918,1056,1085,1032,889,670,391,84,-236,-527,-780,-947,-1035,-1041,-952,-778,-536,-255,53,360,619,840,977,1029,985,228,-106,-82,467,654,-905,-731,-484,-192,110,403,662,857,977,1014,954,813,608,346,45,-242,-510,-734,-891,-980,-986,-902,-744,-512,-246,48,343,603,810,956,1016,983,875,670,419,119,-196,-479,-734,-925,-1021,-1035,-961,-784,-548,-253,59,365,623,836,974,1012,977,852,645,392,111,-184,-452,-680,-837,-934,-953,-896,-746,-530,-290,-24,250,498,704,854,922,920,826,669,446,191,-86,-353,-585,-766,-885,-915,-868,-739,-547,-310,-45,217,449,648,768,833,833,747,604,401,181,-55,-282,-477,-637,-737,-764,-737,-638,-492,-308,-103,115,312,494,623,695,717,673,580,434,245,44,-160,-350,-516,-638,628,-718,-652,-541,-379,-184,29,248,431,588,695,735,720,636,488,297,74,-152,-366,-558,-692,-762,-770,-693,-558,-376,-154,89,319,513,666,753,772,723,598,423,211,-15,-242,-432,-611,-727,-765,-733,-634,-482,-289,-72,177,384,567,707,774,763,683,546,343,112,-146,-370,-572,-721,-789,-786,-694,-532,-313,-66,181,419,599,709,742,695,575,397,173,-35,-240,-418,-536,-588,-575,-492,-368,-230,-77,77,203,302,362,373,367,321,242,156,72,-25,-107,-162,-218,-248,-248,-225,-193,-154,-98,-31,26,83,140,184,205,211,192,154,97,19,-60,-129,-182,-205,-193,-154,-81,-3,-252,-4,-82,-865,-609,195,194,147,72,-18,-121,-204,-262,-286,-273,-227,-157,-74,32,138,219,286,326,345,324,269,189,84,-41,-165,-289,-387,-456,-491,-474,-403,-283,-130,41,232,410,567,660,704,677,555,371,147,-111,-379,-613,-792,-889,-900,-830,-658,-407,-107,222,541,806,997,1079,1055,933,694,376,27,-347,-697,-962,-1136,-1203,-1131,-948,-671,-335,41,423,751,1008,1176,1208,1129,950,666,323,-46,-418,-739,-989,-1147,-1200,-1133,-957,-693,-368,-17,343,678,938,1104,1176,1132,982,743,441,85,-271,-594,-869,-1069,-1159,-1146,-1025,-804,-514,-180,170,506,798,1009,1121,1128,1025,833,575,263,-79,-386,-176,-915,-1043,-1084,-1036,-891,-672,-396,-78,233,518,772,955,1070,1079,988,822,581,283,-40,-365,-657,-896,-1051,-1111,-1082,-956,-732,-433,-101,228,542,809,1005,1123,1130,1040,858,615,301,-34,-353,-663,-913,-1080,-1157,-1135,-1018,-810,-519,-189,145,488,793,1026,1167,1211,1141,975,724,395,37,-339,-684,-965,-1158,-1252,-1249,-1110,-880,-567,-201,187,559,877,1111,1239,1258,1158,959,668,334,-42,-408,-724,-980,-1138,-1194,-1148,-994,-757,-461,-129,208,524,794,989,1099,1099,1013,840,604,306,-14,-327,-616,-846,-996,-1061,-1031,-921,-723,-460,-166,142,440,695,882,1000,1038,973,825,609,331,29,-283,-1089,-1108
61619,mtk,MTK 7916,863482325,rx0-tx1,512,-686,98,-216,-650,-685,-672,-582,-437,-260,-61,131,313,473,583,639,635,577,465,322,149,-36,-209,-360,-473,-547,-578,-559,-496,-398,-261,-111,43,190,333,447,518,563,552,492,405,279,138,-25,-192,-339,-470,-559,-600,-595,-538,-437,-293,-127,56,250,416,547,641,678,654,563,422,248,41,-166,-362,-532,-653,-708,-706,-640,-516,-343,-145,72,282,461,599,689,720,675,573,429,240,31,-177,-376,-534,-645,-702,-692,-623,-496,-319,-129,69,260,437,567,647,671,633,542,405,232,36,-155,-332,-484,-590,-646,-644,-588,-476,-318,-136,46,233,399,526,612,641,610,523,399,235,40,-143,-38,-467,-579,-630,-632,-569,-461,-305,-116,73,255,427,551,620,638,598,503,364,179,-15,-204,-379,-519,-613,-648,-617,-536,-407,-228,-30,164,340,493,594,628,606,531,405,240,60,-134,-302,-434,-528,-578,-569,-502,-404,-255,-92,76,231,366,461,514,524,483,402,289,153,13,-144,-280,-389,-457,-494,-485,-426,-330,-206,-67,87,227,347,448,497,491,450,356,222,71,-84,-236,-359,-441,-481,-470,-404,-303,-172,-28,114,244,347,405,420,403,334,229,104,-27,-150,-254,-334,-372,-368,-319,-244,-139,-16,106,208,288,326,319,268,186,76,-45,-149,-227,-264,-248,-187,-92,6,830,642,0,728,620,158,136,75,-7,-88,-164,-215,-234,-217,-168,-95,-2,83,157,219,241,247,223,171,98,13,-72,-145,-206,-241,-241,-226,-184,-124,-55,25,101,159,195,213,207,181,145,93,43,-6,-55,-97,-122,-140,-155,-160,-148,-135,-103,-75,-41,3,50,99,138,182,208,212,200,160,109,49,-24,-100,-157,-204,-236,-248,-232,-194,-145,-82,-7,65,124,181,225,240,250,235,201,152,84,9,-66,-136,-216,-273,-302,-311,-293,-242,-178,-88,12,118,223,303,346,369,362,309,223,131,14,-111,-214,-313,-374,-404,-398,-358,-282,-183,-60,65,186,293,379,421,434,409,336,243,-48,-3,-137,-261,-359,-434,-464,-461,-414,-331,-213,-74,72,216,348,452,518,530,497,412,285,146,-21,-191,-336,-449,-534,-565,-548,-475,-363,-220,-49,119,273,408,505,557,559,524,439,319,169,-4,-174,-325,-445,-544,-601,-591,-538,-438,-297,-136,46,230,393,522,609,652,637,566,444,274,83,-126,-319,-496,-627,-706,-722,-664,-550,-394,-180,37,255,458,619,728,761,730,634,470,264,40,-200,-416,-585,-706,-760,-738,-663,-522,-336,-122,100,311,494,633,706,717,677,569,413,217,8,-208,-396,-559,-664,-716,-700,-620,-486,-313,-96,113,309,481,621,690,704,651,538,378,178,482,9,-1002,-1000,-219,-27,177,373,519,618,664,649,585,458,289,102,-91,-275,-427,-533,-600,-609,-570,-482,-352,-198,-35,134,278,412,501,541,548,517,443,326,192,47,-117,-263,-392,-490,-550,-572,-543,-473,-364,-213,-45,130,296,446,558,625,645,605,503,366,192,-4,-209,-396,-548,-653,-702,-686,-614,-483,-299,-91,118,324,501,631,705,718,662,549,391,198,-24,-243,-427,-578,-679,-713,-688,-603,-464,-284,-75,134,326,489,607,666,674,625,519,365,190,-7,-204,-381,-522,-619,-660,-639,-568,-443,-279,-91,102,281,439,557,623,638,600,496,357,190,2,-190,-357,-494,-596,-636,-615,634,-437,-268,-85,109,293,447,573,630,632,587,489,335,157,-41,-234,-401,-533,-620,-638,-607,-518,-381,-206,-5,193,365,515,610,640,612,536,409,234,37,-149,-321,-465,-559,-608,-592,-519,-403,-254,-82,107,266,403,505,546,547,494,399,262,117,-41,-191,-319,-419,-474,-496,-476,-407,-304,-178,-44,107,242,360,439,486,484,432,348,228,72,-76,-218,-351,-443,-487,-487,-434,-336,-207,-57,100,242,349,424,449,431,371,266,139,6,-129,-253,-340,-389,-396,-361,-289,-186,-63,65,176,262,327,352,332,270,176,62,-59,-167,-254,-305,-300,-249,-161,-52,58,146,195,194,-505,-743,0,71,398,-53,-122,-182,-205,-194,-151,-76,12,101,175,228,247,229,194,126,46,-31,-117,-184,-233,-252,-243,-206,-147,-66,12,84,157,208,239,240,214,166,110,40,-31,-88,-133,-166,-179,-180,-164,-131,-104,-70,-34,14,49,84,118,140,163,171,168,153,128,87,26,-38,-96,-152,-192,-224,-236,-217,-177,-128,-62,15,90,151,200,237,249,234,209,172,111,42,-25,-98,-156,-215,-251,-272,-263,-245,-201,-126,-49,36,129,211,278,327,345,337,290,205,108,4,-118,-234,-314,-363,-395,-376,-330,-255,-150,-36,86,200,301,378,419,415,376,304,200,80,-38,-171,-285,-369,-1135,-439,-430,-376,-289,-171,-38,103,238,349,438,484,494,459,378,261,114,-46,-200,-349,-459,-531,-561,-526,-443,-330,-182,-13,161,315,437,526,566,551,495,395,260,99,-60,-217,-363,-478,-560,-586,-560,-490,-378,-243,-61,112,274,421,535,601,624,586,498,364,200,15,-177,-354,-515,-622,-679,-678,-615,-503,-335,-136,81,295,476,631,726,741,702,593,432,226,-4,-225,-439,-610,-723,-772,-754,-654,-505,-306,-74,154,365,544,672,736,734,668,541,367,159,-46,-256,-444,-591,-686,-722,-694,-602,-458,-272,-63,156,357,518,642,702,697,634,518,346,140,-64,-266,-447,-589,-723,-556
61620,mtk,MTK 7916,863482325,rx1-tx0,512,0,522,263,-461,-337,-181,-5,174,359,508,620,679,683,619,506,353,151,-63,-281,-483,-639,-746,-792,-769,-680,-514,-299,-58,206,451,670,819,908,906,827,663,429,158,-140,-429,-681,-871,-984,-1002,-932,-776,-535,-249,70,379,660,871,1006,1048,986,835,617,335,27,-281,-566,-796,-943,-1011,-991,-880,-693,-449,-165,138,423,666,860,965,994,938,786,576,316,19,-291,-558,-773,-924,-984,-968,-858,-672,-426,-133,174,455,680,852,949,961,883,722,496,230,-52,-335,-587,-773,-882,-921,-867,-735,-541,-292,-33,233,473,665,794,830,807,717,551,338,105,-134,-349,-517,-656,-724,-718,-656,-277,-371,-191,-3,194,365,493,573,613,609,544,435,299,140,-28,-184,-329,-458,-546,-580,-568,-511,-411,-282,-131,37,206,361,480,558,596,583,514,408,263,102,-78,-243,-403,-525,-610,-641,-620,-543,-420,-251,-70,126,330,504,635,720,744,686,578,400,181,-52,-296,-529,-717,-835,-865,-820,-697,-487,-211,65,357,620,812,920,937,858,675,427,128,-172,-448,-682,-846,-915,-875,-747,-546,-290,-13,247,481,657,749,762,711,579,397,181,-50,-264,-446,-568,-625,-628,-568,-443,-270,-84,110,268,407,506,538,508,424,290,128,-51,-223,-361,-444,-459,-402,-293,-136,28,173,255,500,656,0,-747,-799,22,-5,-36,-63,-79,-84,-88,-69,-47,-18,21,60,84,106,114,111,99,70,28,-6,-57,-87,-111,-130,-140,-139,-119,-102,-71,-19,25,80,123,167,193,206,197,170,126,70,-5,-86,-157,-228,-275,-295,-300,-270,-201,-115,-5,128,244,343,411,442,423,349,251,96,-70,-220,-360,-464,-526,-526,-472,-367,-213,-37,150,312,447,541,575,542,465,327,163,-15,-196,-354,-465,-531,-541,-493,-403,-276,-126,45,205,327,425,477,488,440,351,245,107,-30,-146,-245,-328,-371,-378,-357,-307,-244,-165,-71,11,104,182,243,302,332,343,324,284,216,125,21,-101,-193,-284,489,-408,-421,-391,-323,-232,-114,20,163,282,389,456,477,463,407,308,178,43,-115,-252,-370,-464,-512,-519,-476,-391,-273,-119,48,212,342,455,538,563,542,468,359,213,46,-137,-302,-435,-537,-587,-590,-539,-443,-311,-144,35,201,354,482,561,603,588,533,422,280,105,-74,-256,-415,-531,-611,-649,-624,-557,-427,-259,-70,142,341,517,650,726,740,686,565,380,153,-74,-311,-530,-682,-767,-790,-719,-595,-411,-181,52,283,480,623,709,729,680,566,406,222,23,-173,-345,-487,-575,-619,-612,-559,-450,-313,-155,17,174,313,431,513,558,555,512,428,309,169,10,-158,-305,179,-198,0,443,652,398,520,604,631,616,544,418,260,77,-121,-318,-486,-625,-712,-731,-700,-597,-432,-229,1,234,463,655,782,847,838,752,593,370,112,-168,-441,-682,-858,-954,-963,-885,-721,-488,-207,100,395,670,879,1005,1033,966,808,571,290,-26,-342,-616,-836,-987,-1038,-1000,-868,-647,-380,-85,217,503,729,900,988,995,905,745,511,237,-55,-355,-612,-812,-946,-1002,-959,-821,-630,-370,-79,219,499,724,889,977,967,872,698,468,198,-96,-382,-634,-819,-925,-945,-886,-736,-521,-269,5,290,532,725,838,878,840,725,546,317,67,-172,-406,-597,-721,-780,-766,-674,-541,-366,-148,69,268,315,577,647,669,636,538,403,239,74,-105,-273,-413,-517,-577,-582,-549,-480,-371,-216,-53,114,267,398,495,561,586,556,472,350,206,45,-138,-301,-443,-542,-602,-607,-563,-475,-337,-176,10,192,367,512,615,662,675,617,500,323,133,-95,-308,-505,-668,-765,-793,-759,-645,-462,-224,43,305,558,765,882,912,865,709,472,188,-116,-418,-674,-850,-942,-917,-807,-620,-365,-72,225,482,687,814,849,796,669,462,221,-22,-255,-463,-605,-691,-702,-639,-512,-326,-130,71,261,425,529,580,563,492,378,214,26,-150,-306,-422,-490,-497,-442,-324,-166,14,176,305,378,374,300,181,-460,-179,0,265,-109,-64,-73,-68,-50,-24,2,35,64,82,95,99,85,68,38,2,-37,-72,-105,-117,-128,-125,-103,-80,-45,-2,49,86,112,144,159,162,158,130,94,38,-17,-80,-135,-186,-217,-247,-243,-221,-168,-84,1,90,189,275,335,380,373,318,235,116,-22,-170,-297,-407,-492,-492,-453,-366,-236,-68,112,274,411,509,561,547,474,353,192,2,-177,-335,-466,-540,-561,-531,-433,-296,-138,42,203,342,453,518,532,476,386,257,108,-46,-188,-288,-378,-426,-430,-390,-329,-236,-125,-19,81,172,244,301,325,331,323,282,226,148,54,-38,-130,-211,-291,-340,-377,-370,-332,-277,-571,-62,58,186,294,381,438,460,431,365,266,140,3,-133,-272,-392,-466,-506,-501,-436,-345,-219,-74,74,231,359,467,534,550,511,427,322,173,5,-165,-327,-450,-537,-578,-574,-506,-404,-258,-90,87,255,399,507,584,598,561,478,354,208,36,-140,-302,-446,-543,-609,-615,-582,-482,-350,-188,-4,186,359,519,629,690,692,624,503,328,123,-103,-318,-519,-671,-752,-767,-727,-588,-394,-174,69,308,502,661,744,754,704,576,404,201,-22,-234,-418,-556,-640,-671,-638,-558,-429,-264,-88,97,265,411,505,571,580,542,474,367,227,71,-90,-237,-372,-476,-547,-576,-553,-482,767,765
61621,mtk,MTK 7916,863482325,rx1-tx1,512,0,0,0,157,449,655,708,593,346,22,-311,-579,-717,-694,-508,-206,128,429,631,691,587,344,37,-268,-510,-631,-596,-423,-153,155,414,567,582,456,218,-62,-332,-517,-577,-500,-296,-13,266,480,581,538,359,88,-212,-464,-599,-592,-444,-183,123,410,608,652,546,314,-1,-315,-569,-698,-662,-473,-176,162,459,656,701,587,334,2,-315,-562,-687,-641,-446,-148,181,462,636,656,523,264,-58,-364,-584,-672,-607,-401,-106,220,491,656,678,543,272,-54,-359,-581,-680,-616,-418,-136,177,445,602,628,516,284,-2,-268,-481,-583,-548,-393,-156,111,334,478,511,433,264,49,-159,-332,0,-392,-288,-129,47,196,285,295,233,115,-27,-150,-220,-226,-158,-42,76,181,242,230,145,14,-127,-243,-310,-303,-205,-53,124,289,396,413,337,166,-54,-280,-453,-519,-472,-331,-100,173,407,556,596,501,291,4,-294,-536,-668,-655,-490,-217,107,411,635,728,674,462,141,-218,-534,-737,-779,-659,-391,-47,304,609,803,816,647,353,-9,-375,-661,-813,-794,-615,-317,48,391,644,763,732,559,264,-77,-388,-604,-696,-653,-484,-228,76,354,536,609,558,399,173,-77,-300,-460,-520,-470,-338,-150,63,253,380,429,404,309,161,-2,-150,-269,-331,-339,-298,-218,-119,-22,64,0,0,0,0,0,-327,-376,-381,-327,-204,-32,165,354,508,596,581,455,242,-24,-295,-532,-684,-710,-598,-372,-67,266,563,749,785,666,408,73,-276,-585,-785,-823,-680,-394,-25,358,677,849,838,644,299,-110,-500,-798,-922,-848,-585,-190,253,650,915,979,826,510,69,-410,-792,-996,-987,-758,-367,107,566,900,1040,957,660,210,-285,-714,-974,-1015,-830,-467,2,477,841,1011,956,682,248,-242,-671,-954,-1019,-855,-479,12,494,866,1044,982,699,245,-276,-736,-1031,-1097,-917,-515,10,533,956,1158,1109,807,308,-255,-771,-1129,-1245,-1089,-680,-121,470,970,1243,1244,987,521,-69,-655,-1083,-1261,-1173,0,-289,299,820,1156,1228,1012,577,26,-545,-990,-1196,-1130,-814,-301,282,794,1128,1210,1005,578,12,-565,-1011,-1232,-1176,-841,-311,284,814,1167,1259,1072,629,48,-531,-991,-1240,-1207,-895,-385,210,758,1125,1228,1065,661,105,-451,-892,-1131,-1108,-832,-366,177,664,979,1063,893,517,21,-487,-877,-1044,-960,-647,-187,314,750,1010,1038,818,402,-109,-603,-953,-1083,-973,-641,-161,357,795,1044,1058,841,434,-64,-545,-899,-1043,-960,-672,-232,244,647,902,953,773,430,19,-383,-688,-830,-769,-538,-193,185,503,685,699,549,278,-55,-366,-576,-635,-533,-309,-7,296,524,622,562,364,68,-247,0,0,0,0,0,-661,-526,-258,84,403,625,714,652,437,118,-224,-508,-685,-700,-559,-291,35,353,575,662,599,393,101,-207,-465,-603,-586,-434,-185,108,374,549,578,470,258,-24,-303,-505,-586,-524,-323,-45,243,467,581,563,400,135,-168,-430,-592,-622,-498,-247,63,363,589,682,615,399,93,-238,-518,-680,-688,-541,-254,83,398,619,697,615,387,76,-250,-519,-670,-666,-499,-212,117,417,618,676,576,339,17,-304,-548,-671,-646,-480,-191,142,438,634,684,576,341,40,-264,-511,-639,-627,-472,-210,91,366,557,621,542,343,83,-189,-417,-540,-543,-432,-229,16,246,410,473,430,296,0,-104,-257,-346,-348,-269,-128,30,167,245,254,193,78,-50,-162,-232,-224,-147,-31,99,209,272,258,173,26,-144,-278,-355,-359,-267,-104,94,292,428,472,402,235,2,-243,-444,-553,-545,-419,-190,88,355,553,642,597,399,107,-209,-488,-662,-697,-585,-344,-15,330,605,752,742,566,271,-76,-424,-689,-805,-743,-527,-208,166,509,739,817,730,490,152,-217,-536,-748,-810,-697,-436,-108,235,525,705,739,620,384,85,-221,-476,-632,-651,-545,-332,-60,206,413,535,555,453,268,48,-176,-362,-459,-460,-384,-239,-53,128,276,369,394,353,257,131,-7,-130,-215,-254,-253,-224,0,0,0,0,0,113,-17,-159,-305,-430,-505,-504,-420,-252,-29,215,441,602,665,614,442,178,-128,-420,-644,-752,-718,-542,-255,89,418,671,799,762,569,250,-124,-480,-738,-841,-767,-527,-167,243,602,821,879,746,451,45,-391,-744,-936,-930,-720,-346,109,550,870,1002,928,648,218,-260,-684,-966,-1037,-877,-529,-62,425,811,1022,998,745,337,-144,-609,-934,-1030,-908,-586,-123,365,763,995,1003,774,361,-125,-579,-912,-1041,-927,-592,-115,387,808,1050,1055,811,372,-154,-653,-1006,-1141,-1019,-659,-150,403,875,1160,1191,960,503,-70,-630,-1058,-1261,-1183,-853,-331,272,808,1173,1276,1094,680,117,-475,0,-1223,-1207,-928,-441,143,681,1070,1225,1097,719,170,-410,-884,-1162,-1184,-921,-437,144,691,1087,1229,1094,709,162,-429,-933,-1222,-1227,-960,-479,119,692,1105,1270,1148,770,222,-376,-888,-1192,-1226,-987,-532,46,607,1011,1182,1096,758,254,-301,-772,-1061,-1098,-872,-449,70,569,922,1047,920,576,95,-406,-816,-1038,-998,-723,-284,220,675,985,1066,900,524,24,-485,-882,-1072,-1016,-745,-314,203,668,979,1068,911,559,97,-391,-784,-987,-963,-728,-343,110,523,805,900,791,507,117,-285,-599,-762,-748,-555,-237,119,435,628,664,545,294,-22,-329,-545,-616,-545,-330,-29,271,509,626,579,0,0
61622,mtk,MTK 7916,863482325,rx2-tx0,512,0,0,0,479,905,1142,1117,832,347,-235,-776,-1147,-1268,-1104,-672,-79,530,1023,1295,1278,965,428,-213,-806,-1215,-1348,-1172,-729,-117,525,1048,1329,1302,981,427,-221,-816,-1222,-1338,-1147,-687,-71,559,1060,1314,1253,899,333,-307,-871,-1230,-1300,-1060,-569,47,657,1112,1298,1178,780,204,-407,-925,-1232,-1236,-945,-430,178,731,1107,1225,1046,618,39,-540,-982,-1186,-1097,-750,-221,359,847,1132,1145,874,384,-206,-740,-1092,-1191,-1000,-563,19,608,1048,1246,1157,784,208,-417,-948,-1266,-1289,-1011,-493,151,766,1206,1375,1225,795,180,-485,-1048,-1373,-1384,-1076,-520,150,789,1253,1423,1277,843,216,-465,-1040,-1376,0,-1100,-555,115,758,1224,1406,1268,839,222,-445,-1015,-1346,-1359,-1063,-529,131,766,1227,1407,1261,820,186,-493,-1061,-1391,-1408,-1104,-545,149,808,1285,1485,1346,900,245,-470,-1079,-1447,-1493,-1205,-643,62,751,1279,1520,1414,996,351,-371,-1005,-1422,-1519,-1276,-761,-77,626,1184,1479,1446,1092,490,-211,-856,-1310,-1464,-1301,-854,-219,459,1031,1378,1422,1150,628,-17,-662,-1155,-1388,-1329,-994,-449,181,762,1168,1331,1219,848,304,-275,-781,-1112,-1209,-1051,-688,-205,311,744,1004,1054,891,554,120,-320,-673,-881,-907,-751,-459,-94,274,572,746,781,674,455,172,-124,-378,-546,-616,-591,-481,-318,-141,29,0,0,0,0,0,-91,-261,-414,-528,-579,-544,-405,-178,98,380,617,759,768,631,370,26,-342,-662,-862,-898,-751,-448,-41,392,754,970,993,817,458,-18,-505,-901,-1115,-1104,-855,-411,136,667,1060,1242,1167,831,311,-283,-832,-1215,-1340,-1182,-767,-174,471,1013,1339,1382,1131,628,-13,-664,-1183,-1444,-1378,-1019,-437,236,852,1284,1442,1285,849,219,-446,-999,-1334,-1374,-1112,-609,24,647,1110,1318,1225,856,301,-303,-831,-1162,-1217,-999,-556,11,560,974,1157,1064,725,215,-346,-811,-1075,-1085,-839,-395,144,647,1001,1117,970,592,67,-478,-913,-1139,-1097,-798,-313,262,775,1108,1199,1009,578,13,-555,-997,-1215,0,-835,-308,292,823,1165,1243,1029,576,-12,-604,-1056,-1260,-1178,-815,-257,364,904,1241,1284,1031,538,-93,-705,-1161,-1352,-1226,-817,-213,441,998,1337,1369,1074,539,-120,-757,-1226,-1416,-1279,-848,-221,452,1017,1345,1369,1077,530,-120,-739,-1191,-1357,-1206,-780,-180,454,983,1267,1247,944,418,-200,-761,-1143,-1249,-1053,-617,-40,536,986,1201,1125,784,268,-302,-798,-1101,-1143,-913,-469,74,591,959,1088,963,621,136,-371,-784,-995,-964,-717,-299,187,609,872,919,733,370,-73,-491,-776,-867,-742,-436,-19,399,718,859,781,509,106,-330,-684,-872,-848,-610,-212,244,647,900,939,748,367,-113,-583,0,0,0,0,0,-1010,-687,-188,371,863,1168,1204,964,498,-89,-666,-1108,-1306,-1204,-830,-259,374,934,1278,1325,1075,579,-51,-669,-1139,-1353,-1254,-864,-278,371,932,1279,1335,1070,562,-71,-692,-1146,-1329,-1203,-795,-206,434,967,1269,1274,980,456,-175,-763,-1172,-1303,-1119,-673,-77,535,1020,1269,1216,866,326,-288,-832,-1172,-1227,-992,-522,64,636,1053,1210,1075,678,126,-451,-920,-1164,-1125,-811,-296,291,801,1116,1164,933,477,-108,-680,-1084,-1219,-1066,-664,-91,514,1005,1259,1224,896,345,-290,-860,-1241,-1336,-1118,-639,-9,632,1140,1388,1314,946,351,-327,-928,-1325,-1418,-1186,-692,-38,626,1150,1415,1352,983,395,0,-903,-1310,-1410,-1185,-698,-52,606,1125,1385,1324,960,376,-291,-893,-1290,-1392,-1173,-675,-19,640,1159,1409,1333,961,366,-324,-952,-1364,-1462,-1229,-720,-43,647,1192,1475,1429,1057,443,-273,-928,-1376,-1519,-1321,-822,-150,569,1160,1487,1489,1155,564,-146,-829,-1323,-1512,-1374,-936,-290,420,1028,1401,1468,1204,676,2,-666,-1184,-1435,-1369,-1003,-425,235,846,1283,1433,1257,819,214,-432,-975,-1299,-1349,-1123,-663,-67,526,994,1245,1231,971,514,-36,-552,-940,-1127,-1077,-814,-395,90,534,850,989,918,665,299,-104,-475,-742,-850,-786,-585,-284,55,362,591,709,699,571,366,126,-108,-295,-414,-458,-428,0,0,0,0,0,418,391,301,137,-75,-304,-513,-659,-703,-623,-425,-137,192,506,741,840,787,580,243,-158,-543,-834,-958,-894,-647,-258,202,641,959,1077,969,658,193,-335,-804,-1114,-1191,-1017,-620,-77,490,964,1249,1276,1026,537,-72,-670,-1135,-1364,-1306,-958,-404,242,851,1288,1435,1274,842,217,-463,-1037,-1387,-1438,-1175,-661,-6,655,1160,1408,1357,1001,427,-228,-822,-1233,-1365,-1188,-742,-147,462,967,1247,1233,937,440,-153,-701,-1076,-1195,-1037,-641,-103,447,887,1116,1071,778,302,-240,-724,-1032,-1097,-898,-488,45,573,962,1137,1039,685,177,-374,-849,-1133,-1155,-910,-447,122,670,1070,1223,1094,712,166,0,-910,-1199,-1206,-930,-441,149,719,1123,1261,1110,701,121,-488,-988,-1262,-1234,-920,-385,243,822,1212,1322,1132,677,55,-585,-1098,-1363,-1311,-952,-372,290,891,1295,1403,1188,699,44,-620,-1137,-1396,-1339,-972,-384,286,884,1279,1374,1147,667,35,-602,-1089,-1317,-1234,-865,-304,328,874,1203,1249,1000,517,-79,-659,-1070,-1223,-1091,-706,-160,421,899,1153,1132,851,372,-188,-697,-1033,-1119,-951,-560,-40,478,869,1048,974,676,225,-275,-698,-941,-949,-730,-342,122,539,820,891,737,409,-17,-435,-740,-859,-761,-469,-58,369,706,863,809,553,156,-286,-671,-894,-894,-673,-286,188,626,921,1001,829,0,0
61623,mtk,MTK 7916,863482325,rx2-tx1,512,0,0,0,-1044,-1170,-1021,-632,-101,459,928,1184,1170,890,412,-163,-707,-1086,-1222,-1077,-690,-142,430,893,1155,1153,883,425,-133,-658,-1019,-1143,-1003,-626,-112,416,841,1058,1028,751,300,-219,-677,-957,-1004,-813,-418,76,550,895,1015,877,539,62,-446,-847,-1050,-995,-695,-220,316,789,1073,1097,872,427,-121,-643,-1028,-1173,-1028,-641,-112,452,929,1179,1146,843,342,-245,-797,-1166,-1259,-1052,-597,2,618,1101,1326,1245,879,312,-340,-929,-1312,-1399,-1173,-688,-37,623,1150,1419,1370,1024,444,-235,-855,-1282,-1430,-1261,-802,-173,486,1031,1346,1365,1076,553,-79,-679,-1116,-1308,-1213,-860,-316,282,789,1107,1177,0,593,73,-443,-830,-1015,-967,-698,-281,177,580,833,876,712,375,-29,-414,-695,-792,-693,-436,-73,304,595,736,695,475,136,-227,-534,-715,-713,-520,-193,187,535,761,803,648,319,-112,-530,-833,-949,-850,-544,-92,397,816,1068,1089,868,438,-111,-640,-1039,-1221,-1144,-814,-302,302,848,1211,1322,1145,716,132,-483,-1004,-1319,-1360,-1114,-635,-14,612,1109,1372,1356,1066,554,-73,-670,-1114,-1344,-1295,-983,-483,95,636,1024,1196,1129,841,394,-112,-569,-899,-1030,-947,-683,-298,136,521,778,870,783,552,228,-136,-457,-672,-750,-685,-504,-247,40,307,507,600,595,507,349,158,-24,-165,-266,0,0,0,0,0,378,466,492,447,327,136,-94,-319,-506,-621,-630,-523,-321,-52,239,484,640,676,573,351,54,-259,-527,-689,-707,-576,-316,17,349,615,753,736,551,237,-137,-493,-752,-847,-765,-519,-144,282,644,877,934,774,441,9,-429,-784,-976,-954,-724,-341,121,575,897,1011,915,617,175,-299,-712,-979,-1020,-837,-471,6,476,840,1012,959,688,271,-204,-635,-913,-986,-840,-507,-60,398,761,944,912,664,265,-187,-599,-876,-937,-778,-447,-15,425,768,929,880,630,236,-217,-625,-888,-947,-798,-456,-12,425,777,946,890,642,252,-196,-605,-874,-930,-773,-437,2,434,763,925,864,605,0,-242,-629,-880,-924,-745,-402,37,460,773,914,836,559,157,-272,-638,-846,-853,-652,-290,134,525,797,875,736,422,4,-434,-778,-922,-850,-585,-169,306,716,957,975,769,384,-98,-567,-910,-1050,-945,-612,-130,368,781,1016,1018,780,352,-152,-622,-954,-1052,-898,-536,-37,462,848,1041,993,694,229,-290,-740,-1018,-1055,-833,-412,108,611,965,1096,980,634,123,-428,-876,-1113,-1096,-824,-352,209,723,1071,1175,1009,611,63,-500,-948,-1172,-1137,-841,-355,214,734,1074,1164,992,593,55,-483,-902,-1110,-1066,-772,-298,246,719,1027,1084,882,475,-38,-545,-923,-1080,-983,-650,-162,364,810,1055,0,0,0,0,0,490,-50,-590,-999,-1195,-1112,-766,-250,325,826,1150,1213,998,557,-7,-572,-1003,-1199,-1124,-799,-296,275,779,1098,1163,961,537,-3,-538,-937,-1114,-1029,-701,-213,309,749,1012,1026,790,370,-142,-613,-927,-1008,-842,-471,20,509,872,1023,929,607,139,-383,-821,-1056,-1046,-779,-321,225,726,1056,1141,957,538,-8,-559,-979,-1176,-1102,-756,-226,361,868,1176,1203,946,465,-140,-720,-1138,-1296,-1150,-736,-146,491,1032,1342,1342,1038,492,-165,-800,-1265,-1445,-1296,-857,-240,435,1018,1372,1426,1157,627,-29,-676,-1175,-1407,-1326,-952,-375,276,857,1240,1345,1159,723,136,-471,-964,-1226,-1211,-939,-475,82,0,979,1115,990,658,191,-302,-704,-929,-931,-716,-346,98,495,756,835,712,416,22,-361,-632,-753,-689,-447,-98,263,564,721,696,496,164,-210,-533,-728,-740,-563,-244,149,533,804,877,729,406,-25,-479,-836,-1019,-973,-700,-264,260,749,1081,1175,1015,626,87,-490,-972,-1250,-1259,-996,-511,96,691,1137,1345,1274,928,380,-258,-849,-1257,-1406,-1270,-866,-278,357,909,1280,1385,1212,795,220,-384,-898,-1224,-1293,-1091,-686,-164,366,807,1071,1105,916,561,110,-346,-705,-904,-920,-748,-426,-41,328,623,786,791,639,373,53,-261,-513,-656,-682,-593,-410,-176,66,276,425,488,475,405,289,0,0,0,0,0,-205,-65,104,290,456,563,586,518,363,131,-139,-390,-573,-656,-620,-467,-217,86,376,595,696,652,470,192,-128,-429,-652,-735,-655,-434,-107,248,564,770,809,666,369,-16,-400,-710,-880,-863,-650,-286,143,551,847,968,877,588,175,-279,-690,-955,-1006,-831,-484,-24,442,808,1000,978,731,322,-164,-609,-916,-1030,-909,-583,-142,329,734,970,982,781,402,-71,-517,-843,-977,-879,-580,-158,291,670,901,929,734,363,-78,-511,-825,-939,-837,-544,-120,329,711,925,928,728,350,-112,-534,-835,-954,-852,-556,-142,311,700,917,917,712,347,-98,-518,-823,-936,-826,-522,-105,336,706,0,892,681,307,-139,-550,-829,-926,-805,-495,-76,360,698,874,850,622,246,-192,-580,-817,-858,-697,-360,72,483,784,898,794,495,67,-384,-752,-951,-926,-677,-273,200,643,946,1025,869,510,27,-466,-854,-1042,-983,-693,-250,252,698,985,1035,846,454,-53,-546,-898,-1045,-944,-613,-129,386,808,1040,1025,767,329,-202,-685,-1001,-1089,-923,-525,3,527,925,1118,1050,728,226,-324,-801,-1098,-1142,-919,-478,77,621,1017,1184,1088,739,207,-368,-846,-1137,-1167,-924,-477,74,602,989,1148,1042,691,183,-361,-811,-1070,-1078,-832,-395,136,630,969,1081,933,564,68,-451,-871,-1082,-1031,-738,-269,0,0
61624,mtk,MTK 7916,863517272,rx0-tx0,512,-330,-605,-703,440,654,829,946,1006,999,931,818,650,447,216,-30,-271,-498,-689,-833,-935,-974,-964,-909,-781,-621,-420,-184,49,285,498,696,846,958,1008,987,920,790,613,398,156,-97,-346,-574,-765,-915,-1012,-1036,-993,-897,-747,-544,-316,-75,186,421,629,803,922,981,981,922,819,660,473,261,38,-180,-408,-589,-750,-867,-910,-919,-880,-788,-645,-463,-256,-32,199,402,599,756,854,908,901,847,736,587,398,183,-42,-253,-456,-628,-743,-823,-852,-827,-747,-630,-488,-326,-132,74,253,418,557,655,730,753,730,667,571,436,292,123,-58,-225,-382,-518,-611,-684,-708,-699,-646,-557,-434,-26,-120,54,220,383,518,622,696,735,712,652,561,430,255,84,-92,-277,-450,-595,-695,-757,-754,-723,-643,-512,-351,-176,21,214,387,539,660,735,766,747,674,563,414,247,58,-128,-311,-468,-603,-693,-743,-743,-710,-620,-482,-328,-161,51,242,408,559,677,754,774,745,661,525,353,157,-43,-248,-446,-603,-699,-755,-746,-683,-566,-413,-220,-30,157,320,448,540,585,590,537,446,336,211,80,-45,-153,-238,-295,-333,-353,-345,-313,-265,-205,-142,-78,-9,53,102,142,178,200,210,208,193,174,141,104,60,9,-45,-97,-143,-184,-210,-206,-188,-148,-91,-24,47,104,136,-223,-365,510,665,512,-141,-198,-228,-233,-209,-153,-79,-1,97,180,242,283,307,307,284,250,183,97,10,-72,-169,-262,-332,-389,-423,-435,-420,-363,-284,-182,-47,100,238,384,516,611,664,677,634,541,407,238,33,-193,-415,-616,-778,-895,-936,-909,-823,-662,-446,-191,84,370,633,846,1018,1107,1132,1051,894,681,410,106,-207,-519,-777,-994,-1141,-1203,-1191,-1086,-900,-659,-373,-71,242,544,803,1005,1140,1206,1175,1071,904,673,399,93,-196,-487,-742,-967,-1108,-1176,-1170,-1087,-938,-728,-466,-193,100,401,662,877,1044,1139,1164,1108,980,789,567,287,-3,-284,-553,-786,-962,-1076,-1115,-1087,-999,-840,-631,301,-110,153,408,627,829,960,1040,1064,1010,914,764,567,332,75,-176,-434,-671,-858,-992,-1079,-1104,-1043,-926,-756,-528,-275,-5,275,538,766,952,1077,1123,1114,1034,891,716,480,216,-52,-314,-564,-788,-956,-1086,-1149,-1140,-1074,-911,-717,-492,-219,72,355,629,858,1046,1168,1219,1200,1111,948,713,435,143,-162,-467,-759,-987,-1147,-1244,-1255,-1204,-1074,-869,-613,-304,-3,309,597,840,1032,1150,1195,1176,1087,917,716,464,183,-95,-374,-618,-831,-989,-1083,-1110,-1082,-983,-825,-618,-380,-128,133,388,613,806,954,1029,1053,1014,910,763,562,326,89,-163,-407,-633,-809,-932,-1001,-1015,-964,-851,959,886,-82,-606,-489,920,778,589,371,129,-120,-360,-582,-764,-893,-967,-990,-954,-863,-711,-525,-312,-76,152,386,591,752,892,968,985,945,853,711,523,309,59,-187,-420,-641,-818,-944,-1019,-1023,-973,-856,-690,-487,-240,20,275,505,713,872,968,1021,1003,919,785,609,391,160,-79,-309,-522,-707,-838,-922,-945,-929,-853,-730,-576,-370,-145,66,287,488,663,800,891,934,911,833,714,539,340,121,-110,-330,-528,-692,-814,-880,-892,-852,-767,-621,-444,-252,-39,174,358,520,644,735,794,786,739,659,528,379,212,27,-148,-315,-466,-585,-670,-721,-717,-678,-607,-496,-355,-203,-30,131,295,439,564,628,703,704,674,606,498,356,198,21,-157,-317,-473,-610,-692,-729,-734,-695,-605,-478,-320,-134,65,244,425,574,677,749,771,737,659,537,392,210,24,-175,-356,-506,-621,-702,-736,-732,-679,-587,-459,-301,-116,74,257,434,574,673,751,773,719,636,513,358,172,-28,-231,-424,-580,-699,-762,-772,-735,-641,-488,-310,-108,101,298,466,599,675,693,662,578,452,297,129,-40,-189,-306,-391,-448,-465,-446,-401,-332,-248,-163,-66,26,100,165,214,247,262,257,241,213,181,137,92,47,-7,-57,-105,-139,-169,-196,-205,-201,-177,-142,-97,-36,28,88,141,177,190,179,140,84,-818,-766,-82,-779,-886,-139,-87,-11,69,150,217,258,287,285,242,180,106,27,-64,-144,-222,-293,-338,-352,-352,-337,-291,-223,-140,-39,67,192,307,405,487,541,547,518,462,349,210,51,-126,-317,-490,-638,-742,-808,-803,-739,-613,-440,-217,38,281,523,743,903,1007,1039,1005,873,683,429,153,-142,-448,-712,-934,-1092,-1165,-1171,-1081,-916,-685,-389,-72,242,552,812,1015,1149,1205,1187,1084,898,663,382,72,-243,-522,-776,-981,-1129,-1187,-1162,-1075,-922,-709,-432,-146,158,446,706,921,1063,1138,1162,1100,954,760,520,245,-49,-339,-611,-827,-1004,-1121,-1152,-1111,-997,-818,-585,-323,-42,237,494,723,895,-176,1075,1068,996,875,695,460,215,-48,-301,-532,-746,-909,-1020,-1067,-1060,-995,-854,-659,-434,-183,81,353,582,809,973,1080,1126,1090,989,828,616,361,89,-174,-446,-674,-871,-1029,-1109,-1124,-1083,-979,-810,-598,-362,-86,185,463,714,906,1066,1170,1184,1138,1022,842,610,333,38,-261,-545,-815,-1023,-1166,-1235,-1239,-1172,-1029,-801,-549,-237,82,396,689,934,1116,1221,1247,1204,1073,889,656,378,85,-203,-491,-732,-928,-1071,-1146,-1155,-1088,-951,-770,-544,-288,-26,236,495,721,903,1016,1071,1068,1000,867,692,469,225,-18,-276,-506,-717,-888,-991,-1036,-1025,-952,-818,-637,-418,-181,74,317,541,-329,-497
61625,mtk,MTK 7916,863517272,rx0-tx1,512,-686,852,826,644,673,670,625,540,433,284,127,-28,-195,-345,-460,-551,-607,-621,-601,-549,-461,-342,-219,-77,52,182,303,394,472,527,551,542,515,456,366,270,150,15,-105,-232,-344,-439,-509,-565,-582,-571,-525,-448,-345,-218,-78,74,213,353,473,580,645,668,660,602,509,382,234,67,-108,-272,-428,-555,-647,-703,-713,-684,-605,-494,-347,-180,-4,173,340,489,600,675,714,710,656,564,441,282,117,-52,-220,-375,-507,-599,-662,-677,-664,-609,-509,-379,-239,-85,81,246,383,503,591,638,644,626,568,473,345,200,43,-111,-252,-390,-505,-583,-631,-637,-612,-539,-438,-307,-151,4,-38,308,437,535,603,639,628,582,496,372,239,91,-72,-227,-373,-487,-572,-631,-647,-619,-543,-436,-311,-161,10,168,326,461,558,619,638,623,561,459,335,189,30,-129,-279,-414,-505,-566,-595,-587,-533,-453,-340,-221,-79,70,200,321,416,482,522,527,504,440,360,257,142,25,-109,-230,-328,-406,-472,-503,-496,-465,-403,-317,-200,-78,47,184,298,396,460,493,506,471,397,295,180,63,-72,-201,-301,-386,-437,-453,-444,-397,-314,-221,-106,17,121,216,297,356,385,377,343,287,207,105,3,-102,-192,-269,-314,-337,-322,-275,-201,-105,2,101,185,240,255,232,171,97,752,812,0,84,-345,-82,-25,49,119,177,216,224,205,167,108,35,-40,-104,-175,-219,-240,-252,-236,-194,-147,-85,-13,57,120,179,213,231,246,226,197,155,95,44,-29,-84,-123,-160,-177,-189,-188,-169,-151,-123,-91,-61,-32,-2,25,55,86,111,133,158,172,182,180,173,146,111,66,10,-52,-102,-158,-197,-223,-247,-245,-228,-203,-158,-98,-47,11,82,133,171,207,239,248,251,243,229,185,136,83,16,-57,-124,-191,-252,-297,-323,-340,-324,-293,-246,-168,-85,8,102,189,275,340,374,396,392,361,311,230,138,36,-68,-169,-258,-331,-380,-418,-426,-410,-365,-298,-213,-110,-1,-48,211,306,379,429,465,461,435,386,306,209,106,-15,-143,-270,-373,-450,-513,-543,-530,-480,-410,-309,-180,-40,99,233,351,452,526,563,569,540,471,383,269,141,13,-128,-261,-368,-458,-529,-569,-571,-552,-493,-407,-296,-161,-23,120,262,391,498,568,615,632,600,545,452,334,184,20,-141,-307,-448,-572,-668,-712,-710,-673,-592,-470,-323,-146,41,231,397,549,666,739,766,747,678,557,409,234,47,-145,-328,-479,-613,-698,-737,-739,-686,-599,-475,-322,-149,34,199,353,501,617,687,714,703,647,549,427,275,104,-76,-252,-398,-534,-629,-688,-699,-672,-607,-500,-359,-202,710,726,9,-94,-253,259,92,-76,-248,-394,-513,-604,-644,-657,-626,-549,-444,-322,-173,-21,130,268,395,480,544,573,568,541,479,387,290,171,42,-83,-204,-322,-411,-478,-538,-554,-545,-515,-448,-359,-250,-125,15,147,279,395,497,570,616,624,600,541,436,310,154,-1,-167,-327,-464,-576,-655,-699,-696,-652,-567,-440,-293,-128,45,220,379,520,632,700,725,703,636,531,392,237,65,-116,-286,-431,-559,-648,-690,-695,-662,-591,-478,-337,-184,-17,145,309,450,550,621,661,663,615,535,432,298,137,-16,-167,-315,-445,-547,-612,-640,-629,-584,-508,-390,-257,-106,50,202,346,466,566,621,631,634,556,461,335,200,44,-114,-267,-407,-516,-585,-633,-636,-597,-519,-412,-281,-132,36,199,355,468,561,622,643,623,569,464,328,173,12,-151,-313,-442,-540,-601,-625,-605,-553,-456,-330,-196,-51,101,238,361,456,521,563,551,511,447,350,237,107,-27,-162,-282,-371,-445,-486,-506,-498,-450,-378,-292,-185,-56,63,188,297,393,464,500,511,484,414,320,197,75,-58,-191,-304,-396,-452,-484,-483,-429,-359,-269,-149,-28,99,217,307,370,414,419,393,346,270,171,58,-54,-152,-242,-315,-353,-358,-339,-289,-218,-124,-24,83,176,251,297,303,273,216,128,30,-65,-140,-177,352,206,0,735,650,148,175,185,161,116,51,-25,-95,-161,-211,-236,-234,-218,-181,-115,-51,18,95,154,200,233,249,242,217,171,109,56,-11,-78,-128,-181,-210,-230,-234,-200,-170,-128,-79,-36,15,47,76,107,129,141,150,151,150,147,133,115,95,61,25,-22,-59,-102,-143,-176,-204,-223,-216,-206,-183,-135,-88,-29,40,90,141,192,225,235,247,236,210,180,146,87,27,-29,-84,-144,-199,-232,-262,-286,-284,-271,-241,-194,-133,-61,19,110,186,260,320,351,366,355,322,271,192,109,19,-88,-182,-271,-339,-387,-410,-412,-387,-333,-256,-168,-71,35,144,240,321,387,430,439,-1135,399,332,249,157,49,-65,-170,-276,-369,-439,-483,-507,-494,-444,-362,-263,-149,-12,128,257,365,464,520,551,546,511,441,343,219,87,-50,-192,-318,-422,-500,-545,-566,-557,-505,-428,-337,-218,-80,55,185,319,423,514,573,596,594,556,481,373,242,106,-53,-203,-348,-475,-573,-647,-667,-660,-609,-522,-414,-264,-91,81,256,426,565,672,738,755,718,643,532,372,191,-2,-188,-371,-523,-644,-723,-762,-749,-685,-585,-449,-278,-96,86,268,422,557,652,711,719,683,620,518,377,214,44,-130,-306,-450,-568,-653,-704,-710,-664,-581,-468,-317,-154,24,193,350,489,592,659,-253,185
61626,mtk,MTK 7916,863517272,rx1-tx0,512,0,-225,-484,479,379,257,109,-39,-188,-339,-480,-597,-667,-702,-704,-664,-579,-452,-310,-135,52,240,424,589,713,804,854,852,780,662,502,302,73,-174,-398,-606,-783,-906,-987,-1001,-939,-820,-644,-426,-177,92,351,597,804,948,1036,1055,1022,914,741,524,276,12,-249,-498,-701,-868,-982,-1028,-1011,-942,-806,-623,-414,-179,74,317,539,737,875,974,1010,989,901,753,565,345,98,-150,-380,-599,-777,-901,-966,-986,-943,-830,-668,-468,-243,-2,253,482,672,809,907,945,932,841,698,527,325,100,-127,-343,-536,-699,-799,-857,-860,-796,-696,-551,-370,-174,30,217,389,532,639,704,724,700,-277,547,407,258,111,-52,-193,-331,-449,-532,-582,-605,-593,-542,-478,-377,-267,-137,-2,129,259,377,475,541,583,588,560,503,419,300,172,35,-110,-246,-376,-477,-560,-602,-624,-602,-536,-463,-357,-215,-68,95,257,398,538,631,701,729,712,652,546,396,210,20,-185,-406,-589,-735,-844,-879,-868,-797,-661,-466,-247,7,261,491,690,844,925,939,890,767,573,358,113,-141,-374,-578,-720,-818,-847,-806,-726,-576,-401,-213,-2,203,378,526,614,672,674,625,534,410,265,99,-72,-226,-354,-458,-535,-552,-527,-465,-364,-238,-92,60,205,332,414,455,437,367,251,114,-23,-126,548,411,0,-367,47,28,51,65,80,86,81,71,48,15,-19,-46,-75,-101,-112,-117,-116,-102,-89,-58,-33,2,36,70,101,122,146,152,153,147,131,101,71,32,-19,-71,-114,-162,-200,-227,-244,-245,-233,-200,-139,-80,-1,84,168,252,312,369,395,388,360,298,210,90,-42,-178,-301,-403,-478,-523,-523,-483,-413,-303,-167,-26,124,276,410,506,566,569,541,483,375,249,103,-48,-195,-334,-439,-508,-543,-545,-505,-426,-320,-201,-71,57,187,303,377,425,442,444,405,344,271,180,89,-5,-83,-162,-235,-279,-316,-335,-341,-336,-307,-279,-230,-160,-82,-10,72,150,240,311,361,391,489,406,362,299,228,125,26,-91,-202,-300,-384,-451,-489,-493,-463,-410,-329,-220,-99,24,150,268,371,457,519,546,532,498,423,324,202,71,-71,-212,-344,-450,-519,-576,-591,-562,-515,-438,-318,-169,-33,105,251,383,489,559,604,616,592,522,426,311,177,34,-107,-262,-390,-493,-586,-635,-660,-640,-579,-507,-381,-226,-62,112,290,452,592,692,754,769,739,651,509,345,153,-57,-258,-440,-600,-716,-784,-796,-747,-661,-536,-364,-182,8,199,362,504,601,664,684,668,608,513,392,254,108,-39,-175,-295,-397,-494,-556,-579,-572,-542,-485,-393,-294,-170,-37,94,230,339,445,-494,-691,0,524,306,-388,-493,-583,-632,-646,-631,-576,-483,-357,-205,-46,129,297,459,589,693,761,776,749,684,563,407,225,24,-198,-415,-596,-752,-865,-933,-929,-860,-743,-571,-365,-136,122,367,600,789,933,1016,1041,987,872,687,470,220,-43,-306,-560,-765,-925,-1023,-1049,-1021,-923,-772,-577,-339,-78,173,411,627,796,922,1000,1012,960,862,696,494,267,19,-230,-466,-672,-829,-947,-1008,-996,-930,-808,-628,-412,-175,64,318,542,726,862,950,978,952,846,693,502,284,52,-185,-416,-600,-757,-862,-909,-899,-833,-718,-549,-346,-143,85,287,466,621,725,784,794,745,667,538,388,212,35,-134,315,-432,-545,-610,-652,-649,-601,-538,-438,-317,-188,-46,100,234,354,453,519,567,580,564,520,447,348,227,95,-46,-186,-313,-435,-525,-575,-606,-597,-559,-486,-384,-259,-120,18,177,310,430,549,622,659,666,626,561,453,307,150,-36,-220,-394,-550,-675,-762,-799,-807,-736,-605,-448,-245,-21,198,424,635,799,895,936,895,798,645,426,179,-77,-325,-559,-734,-844,-909,-893,-817,-672,-488,-279,-39,177,392,567,682,751,771,718,625,490,323,144,-48,-219,-367,-477,-561,-603,-596,-541,-446,-338,-195,-34,112,256,373,458,499,493,444,348,218,71,-81,-215,-311,-354,-344,-283,75,382,0,-606,-717,64,51,34,15,-15,-38,-66,-94,-113,-115,-105,-88,-61,-30,1,39,67,95,114,126,133,130,122,99,75,39,-1,-39,-77,-113,-145,-167,-187,-195,-187,-176,-151,-110,-54,0,69,128,199,246,284,311,311,288,245,183,106,2,-106,-211,-312,-394,-455,-479,-461,-399,-311,-201,-63,87,226,353,463,530,556,549,496,403,283,134,-26,-168,-313,-432,-516,-559,-560,-526,-460,-346,-223,-79,66,208,329,421,485,516,505,468,385,288,177,64,-52,-159,-239,-304,-352,-378,-376,-357,-329,-276,-212,-144,-68,4,77,139,201,265,317,346,361,353,337,302,240,162,68,-571,-131,-227,-301,-375,-424,-447,-455,-420,-354,-270,-170,-60,64,185,287,382,460,506,517,500,451,377,279,153,14,-121,-244,-367,-460,-530,-564,-571,-534,-473,-371,-257,-130,22,161,288,417,524,583,602,601,562,480,375,240,101,-48,-194,-330,-441,-531,-593,-621,-617,-580,-501,-406,-280,-134,21,187,329,463,585,663,703,707,667,580,451,290,118,-76,-264,-451,-595,-706,-780,-797,-757,-668,-534,-358,-166,40,246,417,577,686,741,760,714,636,517,369,208,41,-120,-275,-408,-511,-585,-627,-623,-583,-513,-432,-330,-193,-59,74,192,316,413,490,546,567,571,533,469,375,500,136
61627,mtk,MTK 7916,863517272,rx1-tx1,512,0,0,0,-195,-498,-678,-673,-468,-132,233,543,713,677,449,107,-261,-556,-695,-638,-403,-60,295,556,652,568,331,-1,-327,-553,-613,-482,-219,102,395,570,571,406,117,-204,-458,-581,-537,-327,-17,294,516,586,485,238,-90,-394,-595,-615,-446,-148,193,492,658,640,437,100,-267,-559,-695,-640,-400,-48,310,592,711,618,347,-11,-354,-600,-689,-580,-298,61,395,619,666,520,221,-138,-457,-649,-651,-465,-154,203,510,661,631,434,113,-246,-543,-677,-617,-397,-74,270,532,645,584,361,51,-272,-522,-621,-546,-323,-19,278,491,569,493,284,0,-262,-452,-520,-430,-232,4,228,380,0,325,170,-23,-198,-294,-302,-216,-66,82,191,235,205,91,-54,-170,-223,-200,-104,39,173,267,281,194,37,-145,-299,-363,-326,-196,5,229,399,458,396,215,-44,-299,-489,-566,-471,-232,65,354,567,629,522,273,-58,-381,-617,-695,-577,-297,67,419,660,727,607,315,-60,-430,-700,-786,-660,-366,21,414,707,817,707,412,17,-380,-688,-816,-737,-474,-86,316,632,784,744,511,155,-227,-544,-724,-713,-529,-225,132,442,627,655,524,268,-40,-326,-519,-579,-492,-289,-27,227,415,495,456,307,89,-133,-312,-416,-415,-320,-167,17,185,297,342,321,240,126,9,-89,-159,0,0,0,0,0,170,293,395,442,403,275,74,-164,-391,-556,-610,-526,-329,-44,268,535,688,687,524,230,-131,-471,-709,-774,-652,-370,22,417,699,811,726,451,47,-368,-690,-834,-769,-490,-74,366,706,868,804,512,79,-385,-757,-938,-861,-545,-90,402,798,989,914,586,102,-411,-824,-1011,-935,-604,-97,433,831,1006,929,595,91,-440,-842,-1011,-902,-547,-41,482,872,1013,879,493,-31,-540,-903,-1015,-843,-433,106,609,950,1024,803,349,-198,-701,-1024,-1060,-789,-299,280,787,1088,1091,789,259,-349,-875,-1165,-1140,-807,-241,395,923,1214,1184,837,256,-394,-948,-1248,-1209,-840,-245,408,950,1230,0,807,216,-436,-956,-1204,-1117,-728,-144,483,980,1199,1077,653,54,-563,-1023,-1195,-1040,-588,38,653,1094,1223,1009,519,-122,-732,-1146,-1242,-985,-460,188,786,1175,1237,956,416,-234,-833,-1191,-1204,-898,-357,278,833,1152,1140,814,276,-332,-844,-1101,-1040,-692,-147,429,861,1039,926,541,-8,-541,-914,-1020,-824,-395,151,660,981,1022,770,301,-254,-749,-1033,-1025,-723,-218,341,808,1055,1012,692,191,-361,-814,-1031,-967,-639,-145,374,785,975,882,555,99,-374,-734,-883,-780,-465,-34,387,670,760,635,335,-50,-406,-628,-658,-498,-196,161,458,612,579,365,36,-293,-536,-621,-514,-255,78,0,0,0,0,0,654,477,155,-218,-537,-706,-673,-463,-132,244,551,707,663,438,97,-274,-557,-672,-611,-373,-28,309,546,626,529,282,-46,-359,-559,-582,-441,-175,138,417,575,551,364,65,-252,-491,-593,-518,-280,38,353,563,599,460,189,-139,-444,-623,-626,-438,-121,231,517,669,633,416,78,-294,-581,-701,-632,-390,-34,332,596,698,604,327,-37,-377,-610,-671,-544,-267,92,426,633,656,490,182,-173,-478,-658,-646,-449,-129,233,528,676,636,426,94,-259,-532,-658,-606,-384,-59,273,526,637,576,353,31,-284,-513,-602,-522,-305,-20,271,477,544,464,264,0,-251,-422,-467,-386,-206,0,212,338,361,281,128,-51,-193,-264,-240,-141,-7,124,210,218,148,26,-112,-217,-249,-194,-69,92,244,323,305,193,16,-183,-346,-413,-362,-207,24,269,439,501,428,222,-54,-329,-531,-592,-490,-248,67,378,595,653,538,278,-69,-408,-640,-713,-597,-317,59,422,681,762,640,345,-46,-428,-700,-792,-678,-382,8,407,705,820,727,446,54,-356,-672,-813,-751,-503,-127,277,594,759,732,524,193,-170,-490,-679,-690,-522,-238,87,379,572,625,508,272,-7,-279,-473,-531,-470,-299,-58,184,365,451,428,309,124,-75,-250,-364,-390,-328,-206,-59,91,207,269,277,237,156,0,0,0,0,0,-301,-236,-112,65,256,426,526,525,417,212,-62,-343,-559,-664,-619,-430,-136,199,507,709,745,597,300,-78,-446,-705,-795,-679,-402,-22,378,685,819,752,479,61,-376,-709,-852,-773,-498,-76,377,738,909,841,540,79,-403,-781,-952,-870,-565,-100,402,805,996,917,594,109,-425,-835,-1023,-939,-597,-99,421,850,1028,921,577,72,-455,-851,-1012,-898,-524,-8,505,886,1013,858,464,-65,-582,-935,-1027,-814,-383,152,656,986,1034,792,328,-233,-746,-1052,-1065,-785,-279,312,835,1134,1121,804,261,-372,-910,-1203,-1176,-826,-240,403,937,1242,1207,837,254,-400,-947,-1237,-1191,-820,-226,0,943,1217,1155,772,177,-454,-962,-1207,-1106,-702,-107,519,992,1185,1044,610,3,-614,-1060,-1206,-1020,-554,83,709,1121,1228,1001,490,-160,-766,-1164,-1244,-978,-450,204,800,1173,1230,936,384,-261,-831,-1168,-1179,-866,-310,314,839,1127,1096,760,234,-358,-849,-1074,-981,-618,-82,475,878,1020,864,453,-82,-595,-948,-1024,-790,-331,221,719,1015,1024,751,259,-305,-783,-1049,-1024,-714,-207,356,808,1047,999,666,157,-383,-810,-1006,-929,-604,-128,379,774,937,841,523,75,-372,-705,-832,-715,-406,-2,386,657,723,574,265,-104,-433,-624,-616,-425,-118,220,486,607,545,307,-24,-339,-560,-614,0,0
61628,mtk,MTK 7916,863517272,rx2-tx0,512,0,0,0,-505,-964,-1167,-1043,-613,3,627,1086,1254,1076,589,-77,-727,-1181,-1312,-1084,-548,152,807,1242,1337,1058,478,-237,-884,-1283,-1328,-995,-377,345,963,1316,1300,907,260,-451,-1039,-1322,-1232,-796,-130,575,1110,1324,1157,661,-21,-699,-1175,-1314,-1067,-517,173,812,1221,1275,962,379,-313,-907,-1239,-1212,-833,-217,452,983,1230,1114,668,33,-593,-1051,-1204,-1001,-498,143,738,1115,1161,867,310,-339,-885,-1178,-1120,-724,-115,533,1030,1231,1072,595,-59,-701,-1153,-1280,-1031,-483,212,856,1263,1314,992,381,-342,-977,-1343,-1333,-952,-299,455,1078,1400,1338,904,215,-541,-1146,-1423,-1317,-842,-129,616,1197,1436,0,762,42,-691,-1226,-1415,-1205,-662,66,769,1262,1401,1138,553,-179,-862,-1308,-1388,-1083,-466,289,965,1368,1389,1031,370,-400,-1060,-1427,-1404,-985,-294,489,1140,1481,1409,944,222,-566,-1211,-1517,-1402,-915,-180,618,1245,1532,1401,878,126,-660,-1272,-1535,-1376,-837,-78,690,1267,1507,1332,798,49,-715,-1271,-1472,-1279,-753,-18,731,1269,1453,1253,722,-2,-726,-1239,-1422,-1229,-714,-20,673,1184,1374,1203,733,86,-576,-1072,-1283,-1165,-756,-161,454,931,1154,1087,748,236,-316,-764,-1002,-985,-727,-295,190,604,851,887,702,358,-55,-433,-696,-788,-700,-462,-141,185,453,608,630,535,349,127,-75,-235,0,0,0,0,0,-213,-57,144,359,536,625,590,425,148,-185,-502,-724,-790,-675,-393,-4,400,729,890,840,574,151,-327,-736,-973,-972,-717,-267,265,753,1054,1089,837,361,-225,-773,-1139,-1209,-955,-448,184,790,1205,1298,1059,532,-150,-803,-1247,-1369,-1134,-592,119,807,1283,1424,1189,639,-93,-807,-1316,-1465,-1209,-638,89,794,1297,1449,1208,636,-87,-776,-1257,-1398,-1153,-598,108,774,1217,1316,1054,511,-161,-776,-1173,-1233,-942,-397,246,808,1131,1129,810,260,-353,-861,-1114,-1045,-670,-116,471,925,1108,966,545,-35,-604,-1009,-1125,-909,-429,174,737,1099,1150,868,345,-287,-843,-1169,-1164,-828,-256,387,917,0,1141,761,158,-495,-1008,-1241,-1121,-684,-49,599,1076,1259,1082,585,-81,-724,-1167,-1288,-1039,-488,207,847,1249,1305,993,391,-333,-964,-1327,-1321,-940,-297,440,1063,1376,1309,878,198,-546,-1129,-1391,-1276,-801,-97,625,1169,1381,1206,698,-2,-697,-1185,-1331,-1099,-555,142,781,1193,1261,967,397,-282,-874,-1204,-1185,-830,-243,417,953,1205,1108,697,97,-524,-987,-1161,-997,-550,42,616,1008,1106,874,405,-165,-686,-998,-1010,-735,-256,289,731,946,880,560,80,-414,-770,-895,-752,-384,100,548,820,843,609,193,-281,-676,-864,-790,-480,-13,462,801,909,741,345,-161,-630,-924,-948,-687,-214,329,0,0,0,0,0,1009,615,35,-571,-1037,-1222,-1059,-596,45,690,1151,1301,1089,569,-114,-773,-1221,-1336,-1079,-517,191,853,1271,1328,1026,442,-278,-923,-1304,-1316,-958,-326,391,997,1326,1272,852,198,-506,-1066,-1322,-1197,-730,-54,639,1144,1310,1106,593,-94,-760,-1198,-1290,-1022,-455,246,869,1233,1243,897,300,-381,-947,-1231,-1163,-759,-134,522,1016,1214,1055,588,-47,-664,-1082,-1182,-928,-402,242,811,1138,1130,788,213,-434,-958,-1203,-1096,-665,-25,626,1100,1254,1049,541,-139,-792,-1220,-1303,-1019,-437,280,926,1312,1331,978,344,-399,-1040,-1384,-1341,-932,-259,497,1114,1425,1338,876,170,-585,-1168,-1431,-1295,-800,-84,0,1211,1431,1245,715,-15,-740,-1254,-1413,-1179,-614,116,818,1285,1387,1093,500,-241,-913,-1342,-1397,-1049,-408,355,1021,1400,1394,1007,332,-448,-1107,-1462,-1411,-971,-255,529,1174,1495,1411,934,201,-592,-1222,-1523,-1402,-894,-133,652,1259,1531,1387,866,111,-677,-1278,-1525,-1354,-815,-63,703,1277,1495,1316,776,29,-718,-1264,-1465,-1264,-729,6,733,1252,1438,1239,707,-7,-711,-1227,-1408,-1223,-732,-55,628,1137,1339,1193,748,131,-503,-993,-1220,-1132,-752,-195,382,848,1089,1043,738,264,-254,-686,-933,-941,-714,-323,120,513,775,840,702,410,44,-316,-590,-715,-683,-515,-258,28,275,442,508,475,363,0,0,0,0,0,-365,-466,-493,-417,-243,5,289,539,691,712,567,275,-92,-455,-730,-850,-763,-489,-87,357,729,936,909,649,216,-287,-731,-1003,-1025,-778,-317,246,765,1096,1148,901,407,-211,-788,-1166,-1254,-1003,-486,172,800,1229,1341,1095,558,-136,-807,-1270,-1410,-1175,-613,110,806,1297,1445,1206,637,-96,-807,-1306,-1464,-1217,-651,83,790,1281,1425,1186,637,-82,-768,-1237,-1363,-1111,-561,134,776,1194,1278,1006,460,-205,-802,-1159,-1178,-870,-335,295,831,1121,1085,736,180,-412,-886,-1108,-1004,-606,-31,546,961,1108,941,488,-114,-682,-1061,-1139,-886,-386,222,791,1137,1155,852,299,-343,-893,-1193,-1154,-793,0,434,967,1229,1143,728,107,-546,-1050,-1248,-1099,-643,4,654,1119,1267,1051,532,-145,-786,-1209,-1298,-1017,-436,273,907,1292,1316,967,339,-391,-1017,-1359,-1321,-918,-249,490,1092,1395,1305,850,151,-588,-1154,-1395,-1244,-750,-51,659,1176,1360,1153,623,-68,-740,-1197,-1306,-1041,-485,207,828,1197,1220,897,318,-351,-915,-1205,-1145,-762,-158,481,968,1176,1052,619,16,-579,-1006,-1138,-946,-487,103,649,1006,1066,815,333,-231,-713,-977,-952,-649,-167,352,760,927,820,476,-7,-479,-794,-864,-673,-282,191,612,847,818,540,103,-375,-742,-888,-766,-409,74,545,863,930,716,272,-257,-716,-980,-960,0,0
61629,mtk,MTK 7916,863517272,rx2-tx1,512,0,0,0,1064,1157,936,453,-168,-758,-1132,-1196,-938,-415,233,820,1173,1200,891,338,-297,-851,-1171,-1157,-825,-266,364,887,1155,1097,737,171,-440,-907,-1114,-1003,-610,-47,524,929,1058,867,433,-115,-633,-968,-1004,-734,-251,303,768,1006,946,603,73,-488,-911,-1067,-909,-482,90,643,1024,1110,872,366,-249,-789,-1117,-1128,-809,-249,389,913,1169,1101,717,113,-530,-1031,-1240,-1091,-618,32,684,1154,1294,1074,546,-158,-829,-1272,-1363,-1076,-486,243,915,1343,1411,1086,455,-288,-951,-1367,-1407,-1058,-424,326,976,1359,1379,1019,388,-342,-978,-1341,-1333,-971,-352,348,941,1272,1252,902,317,-342,-881,-1174,-1144,0,-255,326,798,1038,988,656,152,-366,-744,-909,-814,-485,-28,416,723,812,664,324,-115,-504,-726,-731,-515,-151,247,571,730,659,381,-17,-414,-686,-747,-586,-237,199,591,813,798,548,121,-374,-781,-971,-892,-551,-46,499,925,1110,1002,609,36,-559,-1031,-1235,-1094,-660,-40,605,1096,1313,1183,727,79,-593,-1130,-1375,-1251,-793,-136,547,1104,1391,1312,895,248,-455,-1042,-1362,-1330,-972,-385,295,886,1240,1272,992,475,-129,-681,-1048,-1136,-939,-524,-2,506,863,987,869,543,89,-357,-695,-850,-784,-533,-170,226,546,721,730,574,300,-27,-325,-533,-621,-580,-429,-213,13,200,322,374,0,0,0,0,0,-135,-312,-452,-532,-519,-395,-174,92,357,563,650,592,396,101,-221,-496,-659,-664,-501,-210,139,465,676,715,568,269,-101,-452,-698,-762,-612,-297,107,500,765,828,664,319,-120,-544,-837,-908,-737,-371,103,567,886,974,795,402,-95,-579,-916,-1016,-845,-441,89,593,945,1044,846,434,-93,-602,-949,-1042,-852,-417,123,631,963,1025,814,385,-150,-639,-950,-998,-762,-324,194,661,935,943,689,243,-270,-700,-928,-892,-609,-153,348,752,946,871,547,71,-430,-805,-963,-855,-500,-9,485,844,959,814,450,-45,-531,-862,-945,-765,-376,123,586,876,916,702,292,-210,-650,-900,-896,0,-201,284,695,915,865,571,124,-360,-742,-907,-813,-491,-41,421,760,878,728,367,-96,-530,-809,-853,-642,-240,236,659,890,852,567,107,-399,-794,-970,-865,-513,-14,503,890,1027,869,466,-74,-601,-961,-1048,-838,-389,177,690,999,1031,773,292,-280,-769,-1039,-1000,-667,-140,422,861,1060,949,563,9,-554,-954,-1080,-893,-445,139,680,1033,1101,837,328,-277,-810,-1113,-1101,-775,-223,394,913,1168,1092,707,126,-498,-987,-1198,-1075,-649,-43,580,1033,1202,1032,572,-39,-632,-1040,-1150,-942,-477,134,705,1052,1102,841,337,-258,-772,-1063,-1047,-731,-198,384,851,1082,997,621,70,-509,-943,0,0,0,0,0,-474,133,709,1099,1189,944,434,-207,-795,-1157,-1195,-913,-378,263,834,1175,1185,866,312,-325,-869,-1171,-1138,-784,-225,392,898,1136,1054,673,102,-489,-926,-1084,-934,-529,31,578,945,1025,808,348,-214,-703,-978,-960,-656,-157,395,835,1034,923,538,-13,-567,-964,-1088,-891,-428,160,715,1072,1116,834,310,-311,-855,-1155,-1112,-756,-189,455,979,1209,1096,669,40,-612,-1086,-1259,-1078,-580,96,760,1219,1337,1077,510,-205,-873,-1310,-1391,-1088,-475,273,943,1360,1407,1069,448,-298,-961,-1366,-1391,-1032,-401,327,977,1360,1367,1000,374,-339,-953,-1300,-1300,-950,-349,335,911,1223,1203,857,285,-339,0,-1099,-1069,-739,-215,336,775,982,902,572,94,-386,-736,-857,-734,-396,53,462,722,772,592,235,-184,-540,-729,-694,-443,-65,330,628,737,617,303,-109,-499,-743,-767,-554,-158,300,681,884,843,549,71,-444,-859,-1051,-948,-584,-38,542,991,1176,1055,645,42,-588,-1063,-1268,-1137,-694,-59,603,1113,1335,1208,764,110,-586,-1130,-1384,-1287,-858,-197,516,1093,1389,1327,933,316,-377,-968,-1299,-1315,-1001,-432,219,784,1135,1202,968,508,-60,-587,-954,-1072,-913,-533,-46,432,776,910,818,533,129,-289,-618,-784,-756,-546,-221,133,443,642,686,583,366,88,-184,-401,-513,-517,-434,-291,-126,0,0,0,0,0,413,357,220,14,-221,-435,-578,-610,-514,-304,-16,287,532,660,640,465,169,-166,-467,-664,-698,-545,-242,115,448,678,731,584,284,-101,-477,-732,-788,-640,-320,105,519,802,875,707,353,-105,-551,-873,-957,-777,-392,95,571,907,1002,832,438,-86,-590,-931,-1027,-850,-435,96,614,965,1038,835,419,-113,-619,-966,-1047,-832,-398,136,635,957,1010,795,364,-169,-644,-940,-966,-723,-287,227,686,941,919,643,194,-307,-719,-937,-891,-587,-106,394,780,961,866,526,38,-461,-834,-966,-832,-474,11,504,856,963,801,409,-90,-553,-864,-937,-737,-331,157,607,883,905,672,245,-246,0,-901,-888,-626,-177,326,721,908,842,537,83,-390,-750,-888,-774,-442,20,478,790,863,689,308,-170,-596,-851,-864,-617,-174,327,739,937,864,543,53,-463,-854,-1006,-876,-490,38,559,931,1048,870,436,-127,-649,-980,-1036,-801,-335,234,734,1026,1020,717,209,-356,-821,-1047,-976,-617,-71,495,923,1078,923,501,-68,-627,-1004,-1096,-878,-397,197,741,1082,1105,806,277,-337,-857,-1142,-1094,-741,-178,458,962,1186,1083,679,75,-543,-1009,-1198,-1052,-609,2,602,1036,1180,994,521,-94,-671,-1050,-1129,-895,-405,199,737,1056,1080,794,277,-317,-819,-1075,-1018,-670,-131,446,900,1089,973,586,0,0
61630,mtk,MTK 7916,863567205,rx0-tx0,512,-330,-208,-482,-834,-658,-421,-155,115,382,619,794,915,974,940,848,687,474,226,-35,-295,-526,-732,-863,-932,-946,-884,-748,-560,-333,-73,192,448,675,839,943,978,938,827,656,425,160,-120,-395,-642,-842,-964,-1009,-972,-860,-682,-465,-202,79,344,585,780,901,961,944,857,713,507,270,16,-235,-478,-669,-817,-906,-916,-864,-751,-577,-369,-131,113,356,583,742,856,905,878,796,643,446,198,-58,-294,-513,-687,-808,-865,-848,-766,-634,-445,-228,4,225,436,594,719,780,773,714,602,457,270,69,-120,-316,-485,-607,-688,-720,-693,-614,-499,-341,-166,28,214,379,518,629,680,683,629,-26,405,244,53,-141,-323,-479,-601,-682,-708,-685,-607,-474,-303,-105,95,292,469,615,694,733,707,627,494,305,114,-102,-304,-483,-621,-709,-746,-716,-622,-488,-301,-99,113,308,484,620,689,723,683,615,490,315,114,-83,-282,-466,-601,-695,-737,-705,-615,-484,-295,-81,132,347,526,659,736,742,681,567,387,169,-53,-265,-453,-588,-665,-674,-619,-494,-334,-162,22,200,343,435,485,483,451,369,260,141,28,-82,-175,-245,-278,-297,-293,-262,-216,-157,-95,-37,31,81,121,166,185,188,183,167,139,96,44,-1,-55,-103,-151,-184,-189,-175,-148,-95,-27,36,100,136,143,-254,-153,510,-162,-160,67,144,212,244,243,204,137,48,-49,-142,-219,-283,-318,-311,-280,-222,-149,-54,53,150,239,318,379,411,402,368,296,189,54,-93,-244,-387,-501,-578,-609,-580,-498,-366,-198,18,242,446,631,771,835,822,737,567,343,84,-209,-491,-740,-927,-1021,-1022,-942,-753,-499,-200,124,453,742,975,1108,1145,1079,927,680,376,30,-326,-650,-908,-1087,-1164,-1157,-1045,-841,-572,-236,111,439,728,959,1094,1153,1127,998,779,492,178,-162,-485,-753,-954,-1095,-1139,-1089,-946,-731,-453,-135,186,488,758,970,1087,1129,1074,927,701,427,127,-194,-497,-765,-954,-1072,-1110,-1037,-884,-676,-411,-105,301,471,712,895,1014,1054,1005,874,685,460,186,-95,-376,-627,-832,-977,-1046,-1033,-949,-792,-550,-279,8,309,601,821,993,1085,1090,1003,833,614,345,45,-262,-537,-770,-952,-1067,-1082,-1026,-904,-703,-459,-163,141,429,701,921,1065,1120,1116,1012,830,592,288,-27,-356,-657,-913,-1092,-1181,-1194,-1100,-922,-673,-376,-36,313,617,888,1082,1206,1221,1129,952,703,391,68,-277,-592,-844,-1047,-1143,-1167,-1083,-917,-696,-411,-103,201,496,740,929,1043,1094,1052,911,722,478,188,-97,-379,-625,-832,-962,-1026,-1013,-919,-751,-536,-275,-1,274,530,743,896,986,990,919,794,592,347,80,-193,-454,-558,-629,-82,-788,-809,517,737,893,970,973,901,758,563,335,63,-214,-459,-677,-837,-930,-950,-897,-790,-619,-391,-149,109,367,594,772,902,961,942,861,706,492,253,-16,-284,-537,-748,-905,-985,-997,-922,-782,-566,-313,-33,247,507,720,877,974,989,927,798,598,360,100,-169,-416,-632,-802,-897,-923,-890,-792,-629,-437,-198,43,280,512,700,830,896,895,841,705,517,300,49,-196,-431,-636,-791,-881,-891,-837,-723,-542,-329,-95,148,369,570,719,806,823,784,681,533,352,135,-78,-285,-459,-605,-709,-744,-734,-672,-550,-393,-219,-21,174,350,498,612,675,694,651,573,453,295,108,-78,-259,628,-556,-649,-692,-679,-618,-510,-360,-188,11,203,393,546,656,711,716,660,558,399,213,15,-195,-387,-558,-674,-729,-735,-676,-569,-405,-215,-4,208,396,556,672,725,724,662,558,392,204,3,-194,-372,-539,-660,-718,-719,-673,-560,-403,-223,-12,207,400,564,690,733,738,672,541,363,148,-91,-303,-489,-636,-715,-726,-669,-548,-380,-181,31,241,410,526,586,599,546,438,301,150,1,-139,-264,-345,-384,-386,-361,-308,-230,-147,-69,21,97,160,205,225,235,224,188,161,122,66,19,-32,-79,-125,-158,-174,-177,-177,-152,-114,-55,5,60,114,164,178,173,138,80,24,-649,-737,-82,49,202,184,157,94,9,-82,-170,-241,-282,-290,-260,-206,-132,-32,68,159,239,305,347,358,331,287,215,119,-6,-130,-247,-355,-440,-490,-503,-472,-392,-273,-123,53,247,427,572,678,726,701,612,472,267,24,-227,-471,-693,-839,-931,-934,-845,-669,-425,-123,177,484,764,956,1069,1099,1022,857,601,280,-62,-404,-711,-955,-1110,-1173,-1133,-990,-763,-457,-123,219,550,825,1035,1156,1167,1082,913,664,364,47,-296,-612,-862,-1032,-1125,-1141,-1049,-871,-629,-331,9,335,637,874,1047,1133,1120,1021,848,586,287,-30,-351,-640,-872,-1032,-1112,-1101,-999,-812,-558,-269,47,361,630,848,1004,1065,-176,950,780,553,285,-6,-296,-564,-771,-930,-1017,-1024,-963,-818,-621,-375,-98,193,466,725,920,1033,1079,1042,904,698,455,166,-143,-444,-704,-903,-1042,-1099,-1064,-942,-762,-533,-252,55,340,615,834,1001,1095,1103,1026,876,650,371,77,-229,-539,-790,-999,-1127,-1167,-1120,-982,-767,-485,-179,153,484,769,1003,1159,1237,1188,1054,840,555,228,-134,-462,-753,-987,-1136,-1203,-1178,-1031,-830,-558,-249,77,406,679,907,1066,1121,1105,999,814,578,305,12,-302,-570,-786,-952,-1044,-1046,-981,-832,-624,-368,-94,195,461,689,860,979,1008,973,856,673,445,181,-98,-359,-604,-806,-927,-984,-966,-879,-289,-190
61631,mtk,MTK 7916,863567205,rx0-tx1,512,-686,801,883,-177,4,182,347,494,597,644,641,581,484,351,193,15,-153,-305,-427,-520,-572,-582,-541,-465,-364,-240,-98,49,185,313,411,488,522,522,495,429,330,218,79,-62,-201,-326,-429,-514,-570,-566,-529,-452,-343,-208,-49,114,276,420,538,617,648,628,560,446,293,117,-71,-264,-428,-561,-651,-690,-680,-612,-502,-343,-161,35,231,407,549,649,702,700,631,521,368,193,-7,-207,-377,-523,-622,-672,-683,-630,-526,-387,-223,-37,152,320,461,570,639,661,620,537,415,266,92,-90,-260,-411,-530,-603,-636,-620,-543,-432,-295,-136,38,208,358,479,575,621,617,570,471,332,-38,-1,-175,-337,-471,-574,-624,-627,-571,-481,-345,-191,-16,159,328,468,562,619,624,583,487,353,193,13,-172,-342,-480,-583,-637,-628,-571,-474,-334,-163,18,188,346,483,563,610,597,531,427,294,145,-21,-184,-334,-444,-519,-553,-541,-489,-395,-276,-139,1,148,290,389,473,510,507,468,389,282,162,13,-132,-261,-379,-461,-506,-505,-470,-384,-270,-127,25,170,315,423,482,509,477,406,298,164,24,-114,-250,-349,-409,-447,-440,-388,-300,-182,-55,72,189,285,359,386,380,330,258,159,40,-77,-186,-270,-323,-341,-314,-248,-161,-42,69,167,237,269,249,190,102,7,547,539,0,-427,-344,127,92,26,-52,-125,-187,-220,-217,-189,-139,-62,12,90,158,209,235,239,218,171,108,38,-36,-110,-171,-214,-234,-233,-206,-164,-112,-35,29,92,142,183,201,192,175,148,112,77,18,-21,-53,-84,-102,-118,-134,-150,-146,-146,-142,-112,-81,-35,11,65,123,169,204,222,227,210,173,122,57,-8,-79,-145,-197,-236,-249,-246,-223,-190,-133,-84,-18,50,115,169,217,246,263,265,244,212,157,89,8,-74,-161,-236,-294,-333,-341,-325,-279,-205,-108,-3,101,200,285,349,381,389,359,307,223,122,9,-102,-208,-305,-369,-407,-412,-391,-345,-254,-147,-31,95,210,-48,390,429,450,434,388,308,191,70,-57,-194,-310,-402,-474,-510,-507,-453,-366,-248,-98,51,201,336,444,517,549,538,484,385,260,104,-53,-195,-331,-440,-511,-546,-544,-508,-417,-303,-174,-25,123,264,389,490,552,576,555,484,394,267,115,-44,-206,-359,-485,-572,-627,-634,-593,-494,-360,-194,-17,164,346,501,617,687,695,667,576,432,260,59,-157,-343,-524,-649,-723,-746,-696,-603,-456,-265,-58,149,351,516,641,716,731,688,589,448,279,87,-117,-306,-468,-587,-668,-701,-670,-591,-473,-314,-124,67,248,415,557,647,688,675,607,489,334,162,-30,-216,-387,-523,-615,266,-340,9,390,237,648,664,630,555,435,273,92,-88,-256,-401,-516,-595,-619,-588,-516,-407,-273,-125,34,185,317,420,497,537,535,498,429,331,216,76,-56,-192,-317,-414,-487,-534,-543,-510,-440,-339,-225,-72,90,233,372,479,564,606,599,554,460,335,175,0,-187,-354,-499,-604,-663,-677,-633,-536,-401,-227,-38,155,336,492,612,684,707,670,575,438,266,79,-124,-311,-470,-592,-674,-705,-668,-589,-461,-294,-115,78,266,427,553,637,670,652,578,470,326,158,-27,-212,-367,-497,-590,-636,-633,-584,-491,-354,-196,-29,148,311,444,547,606,626,587,510,396,249,74,-99,-270,-421,-531,634,-627,-602,-526,-414,-267,-96,88,258,406,524,597,626,605,540,428,277,109,-70,-247,-407,-525,-608,-636,-612,-535,-423,-278,-96,94,269,417,533,608,624,589,514,385,231,61,-121,-275,-401,-496,-560,-581,-547,-467,-346,-210,-53,102,244,368,455,508,520,503,430,328,211,66,-69,-203,-327,-424,-489,-513,-483,-428,-343,-220,-78,72,214,342,434,499,508,483,411,292,161,14,-142,-278,-385,-453,-479,-459,-396,-289,-177,-51,87,210,312,385,417,408,358,279,174,56,-65,-177,-265,-333,-358,-346,-299,-222,-123,-9,109,203,279,314,298,245,157,48,-61,-144,-194,-196,832,720,0,680,470,-95,-149,-186,-187,-163,-107,-33,47,118,189,227,234,217,176,112,41,-36,-114,-176,-218,-239,-243,-218,-171,-100,-31,39,106,159,211,231,218,194,157,108,42,-13,-56,-96,-128,-154,-171,-156,-154,-129,-103,-74,-51,-16,20,57,98,133,157,179,189,186,168,132,85,25,-42,-107,-162,-210,-235,-246,-240,-208,-160,-95,-21,46,105,164,204,235,254,248,224,188,139,75,11,-62,-128,-189,-246,-287,-304,-300,-274,-219,-151,-62,32,132,227,306,358,374,360,319,255,162,61,-53,-161,-259,-339,-386,-406,-390,-352,-279,-180,-73,40,149,259,352,401,429,421,379,-1135,221,110,-8,-138,-248,-354,-424,-461,-471,-444,-372,-277,-158,-18,125,262,374,467,523,533,508,431,323,179,27,-129,-274,-396,-494,-550,-552,-518,-443,-337,-200,-56,90,237,373,463,537,560,544,493,411,289,145,-7,-165,-307,-426,-531,-587,-601,-571,-499,-378,-240,-76,93,267,422,545,630,663,657,597,481,324,136,-58,-250,-437,-578,-675,-732,-713,-648,-534,-356,-169,48,253,436,597,701,741,729,654,520,360,169,-32,-236,-418,-565,-662,-711,-696,-630,-518,-372,-203,-3,190,364,504,620,685,689,642,548,402,233,45,-140,-322,-479,-591,-660,-678,-641,-557,-424,-266,462,680
61632,mtk,MTK 7916,863567205,rx1-tx0,512,0,1472,514,444,550,619,652,621,544,425,280,121,-79,-275,-451,-590,-691,-746,-744,-681,-567,-401,-202,16,237,457,646,784,874,894,822,696,501,264,-6,-273,-519,-741,-896,-978,-991,-919,-769,-552,-275,13,310,586,811,979,1056,1050,960,782,553,264,-33,-331,-598,-811,-966,-1031,-1020,-928,-774,-548,-284,-9,265,525,746,907,986,1000,933,789,589,349,77,-202,-464,-694,-856,-964,-1000,-936,-813,-627,-396,-121,162,422,661,833,936,964,921,796,618,397,138,-144,-395,-614,-781,-882,-908,-859,-742,-574,-360,-123,130,363,552,696,775,807,767,663,520,331,126,-87,-294,-460,-593,-663,-277,-666,-591,-473,-316,-152,9,187,328,455,540,583,590,548,477,371,244,94,-52,-201,-336,-453,-531,-565,-572,-529,-453,-341,-198,-43,129,276,396,509,574,597,593,527,425,294,138,-33,-196,-351,-492,-602,-662,-671,-636,-549,-407,-241,-56,160,360,534,685,778,794,760,659,490,274,28,-241,-489,-703,-840,-911,-900,-806,-637,-407,-132,155,420,647,817,900,909,824,658,448,196,-76,-332,-532,-690,-781,-794,-724,-601,-434,-225,-8,204,384,537,627,652,620,538,406,244,63,-118,-277,-413,-503,-534,-524,-460,-343,-205,-38,131,275,383,446,451,384,275,126,-30,-161,-246,313,1062,0,317,347,8,-25,-54,-77,-93,-95,-83,-59,-31,4,40,73,100,123,123,119,103,81,36,-5,-35,-77,-115,-133,-144,-146,-136,-125,-94,-54,-7,34,90,144,175,199,213,212,188,156,98,35,-46,-134,-203,-264,-306,-334,-334,-289,-219,-117,6,127,250,343,421,463,457,409,318,201,48,-116,-272,-394,-489,-540,-533,-492,-386,-243,-84,86,249,391,495,563,565,516,433,307,143,-25,-182,-323,-428,-508,-528,-506,-446,-346,-212,-68,68,191,300,389,437,435,402,345,264,176,72,-26,-121,-199,-267,-303,-336,-342,-324,-294,-241,-170,-87,-6,86,186,264,325,370,391,382,489,273,183,75,-48,-179,-292,-376,-432,-473,-472,-424,-343,-236,-103,39,177,301,410,493,525,520,487,395,279,149,-4,-153,-300,-431,-519,-563,-578,-536,-451,-337,-195,-27,135,285,426,535,595,610,577,504,390,243,73,-91,-253,-398,-522,-598,-627,-616,-562,-457,-319,-170,2,175,346,488,593,661,681,655,557,429,265,81,-120,-327,-515,-641,-740,-777,-739,-650,-514,-320,-89,144,373,570,706,776,796,755,630,465,263,41,-177,-375,-547,-651,-715,-709,-656,-550,-409,-242,-55,123,283,422,527,591,611,586,529,426,304,158,5,-143,-288,-410,-496,-558,-579,-560,-503,-411,-612,-210,0,1081,1828,427,287,138,-34,-211,-370,-512,-612,-679,-696,-649,-558,-426,-257,-61,148,349,536,682,780,815,799,709,553,358,132,-130,-378,-597,-781,-898,-950,-910,-813,-641,-399,-134,143,419,667,872,996,1036,999,874,681,421,125,-177,-474,-719,-912,-1027,-1053,-1001,-867,-671,-411,-119,174,444,678,867,969,1010,976,866,684,447,191,-84,-363,-609,-804,-935,-1000,-979,-890,-720,-501,-246,40,323,569,768,910,989,973,890,731,509,258,-11,-282,-526,-715,-857,-941,-935,-848,-702,-496,-256,2,258,485,673,802,867,864,779,641,447,232,8,-225,-423,-585,-700,-749,-752,-685,-567,-409,-223,315,148,323,466,569,616,632,593,513,409,263,117,-44,-197,-339,-451,-528,-574,-573,-541,-466,-365,-220,-75,84,235,373,487,558,596,581,521,438,319,162,11,-156,-315,-441,-540,-608,-633,-606,-537,-426,-282,-105,78,262,436,578,674,733,735,662,545,381,163,-64,-288,-511,-688,-808,-867,-849,-749,-579,-348,-94,186,440,668,832,926,921,829,671,437,167,-116,-390,-610,-768,-865,-870,-779,-629,-437,-205,34,266,456,609,699,729,683,580,424,229,35,-153,-328,-467,-556,-594,-569,-499,-384,-233,-64,98,263,385,467,507,480,400,274,122,-50,-199,-315,-376,-371,-303,-194,-1595,-1134,0,-731,-594,-71,-70,-61,-45,-18,18,54,81,102,111,108,91,70,33,-4,-40,-74,-109,-134,-131,-133,-128,-98,-57,-20,22,57,96,130,161,172,174,170,136,97,55,-2,-65,-128,-186,-236,-263,-276,-256,-212,-157,-74,12,121,223,305,372,396,394,354,274,167,20,-125,-259,-374,-468,-523,-518,-455,-354,-223,-64,102,257,406,499,556,561,509,409,280,119,-58,-215,-350,-466,-537,-553,-526,-445,-330,-185,-20,125,264,379,457,487,475,427,350,240,113,-19,-130,-228,-304,-353,-371,-371,-342,-296,-223,-145,-70,18,103,177,246,300,335,351,357,325,262,186,93,-10,-121,-571,-317,-380,-425,-435,-411,-349,-260,-157,-39,104,232,340,431,488,503,478,416,327,199,52,-87,-234,-367,-460,-526,-554,-533,-474,-373,-234,-92,69,234,369,475,561,602,585,528,424,287,134,-31,-198,-350,-480,-571,-618,-614,-569,-483,-360,-198,-32,141,304,452,549,618,656,634,564,441,302,129,-52,-243,-414,-555,-660,-716,-723,-679,-564,-399,-207,24,243,438,606,742,801,795,729,586,395,178,-48,-285,-490,-641,-742,-773,-744,-660,-512,-334,-138,67,256,421,548,633,665,641,574,478,340,185,23,-136,-283,-417,-509,-567,-582,-563,-507,-413,-291,-155,2,152,290,420,-132,-429
61633,mtk,MTK 7916,863567205,rx1-tx1,512,0,0,0,-657,-514,-240,102,423,642,707,601,353,13,-327,-590,-702,-646,-434,-115,224,496,647,638,466,186,-134,-417,-589,-600,-457,-199,99,376,556,587,457,218,-88,-367,-545,-581,-466,-226,76,357,544,587,475,236,-67,-358,-561,-630,-536,-291,30,355,588,675,594,363,43,-295,-570,-697,-651,-448,-131,216,514,691,686,509,217,-134,-446,-644,-676,-546,-278,61,381,603,671,567,324,-6,-330,-571,-674,-600,-370,-61,257,525,669,633,447,163,-165,-452,-624,-643,-510,-252,67,359,554,618,539,325,42,-245,-470,-572,-537,-379,-134,138,357,483,495,391,193,-44,-253,-388,-421,0,-207,-23,153,274,314,265,155,12,-129,-223,-232,-161,-57,63,167,224,212,127,-5,-148,-258,-295,-244,-131,32,212,342,382,336,201,3,-218,-402,-484,-441,-295,-69,195,416,553,570,440,199,-98,-384,-583,-652,-562,-337,-35,293,556,690,671,492,194,-163,-487,-697,-754,-639,-363,2,367,654,796,749,526,186,-199,-539,-758,-810,-676,-396,-36,334,631,789,756,558,250,-109,-445,-675,-749,-657,-426,-118,211,481,634,642,511,285,0,-280,-479,-574,-544,-390,-172,72,295,438,487,434,284,81,-118,-281,-379,-405,-348,-224,-69,84,222,306,325,292,218,122,26,-58,0,0,0,0,0,-285,-368,-405,-379,-277,-105,103,309,483,586,586,473,261,-20,-306,-543,-685,-696,-561,-300,24,355,625,761,739,560,253,-118,-471,-725,-813,-725,-467,-99,290,624,824,818,619,277,-134,-525,-804,-888,-761,-457,-36,398,752,932,899,653,248,-220,-651,-933,-985,-807,-444,32,501,856,1007,916,609,160,-328,-746,-981,-977,-735,-313,174,620,920,990,816,442,-46,-517,-859,-990,-882,-552,-78,414,800,995,946,657,199,-308,-749,-1011,-1019,-771,-337,185,672,1004,1093,909,498,-39,-574,-984,-1164,-1067,-711,-172,413,906,1191,1195,913,407,-189,-739,-1118,-1230,-1052,-627,-57,534,1000,0,1125,776,250,-345,-854,-1150,-1159,-886,-401,183,723,1080,1166,965,526,-42,-605,-1018,-1179,-1052,-657,-110,481,956,1198,1149,811,281,-323,-859,-1180,-1216,-957,-456,143,711,1105,1230,1056,628,55,-527,-974,-1183,-1100,-748,-218,355,822,1082,1075,798,330,-212,-690,-976,-1011,-796,-379,134,607,921,991,801,404,-91,-572,-914,-1011,-842,-486,5,511,895,1050,951,624,143,-383,-818,-1046,-1021,-743,-289,212,669,963,1009,816,441,-46,-514,-831,-947,-838,-528,-107,325,665,818,775,545,188,-197,-525,-704,-701,-518,-204,145,433,595,606,455,183,-139,-414,-568,-566,-419,-155,158,428,591,596,0,0,0,0,0,-139,-442,-647,-689,-562,-297,41,376,615,706,628,397,69,-275,-547,-677,-644,-454,-156,177,456,615,612,458,192,-117,-392,-561,-587,-458,-205,98,375,550,580,466,217,-83,-361,-547,-580,-464,-238,62,352,550,606,498,257,-57,-356,-570,-645,-561,-325,0,328,582,689,620,404,80,-272,-551,-690,-668,-483,-172,176,478,660,673,518,249,-83,-402,-608,-660,-552,-297,39,362,590,675,588,341,16,-303,-553,-670,-617,-416,-124,214,509,657,640,483,207,-113,-406,-594,-638,-527,-284,19,302,513,602,542,352,85,-194,-418,-536,-527,-393,-164,91,302,432,464,387,212,-7,0,-326,-364,-312,-183,-22,129,240,268,223,114,-22,-140,-210,-217,-145,-19,108,204,249,217,110,-34,-177,-292,-334,-286,-155,29,223,376,441,389,242,25,-218,-415,-522,-508,-363,-127,144,402,574,612,501,260,-46,-347,-572,-675,-629,-429,-106,239,527,704,718,561,267,-87,-426,-688,-781,-684,-436,-87,286,597,781,773,590,295,-71,-434,-702,-806,-728,-489,-143,229,546,731,754,620,350,4,-330,-584,-698,-656,-480,-206,104,380,567,621,539,349,90,-178,-390,-509,-517,-419,-235,-8,200,360,447,428,317,154,-24,-190,-314,-373,-360,-283,-164,-31,89,185,239,242,205,0,0,0,0,0,188,71,-74,-239,-390,-493,-523,-461,-304,-86,168,415,593,660,600,416,144,-168,-462,-676,-749,-663,-438,-110,252,552,745,782,649,364,-8,-382,-669,-819,-776,-549,-191,214,572,802,853,694,361,-52,-463,-776,-912,-835,-551,-135,313,703,940,944,729,351,-124,-578,-905,-1016,-870,-525,-68,410,798,993,946,668,228,-264,-689,-946,-977,-777,-390,97,566,893,993,852,495,16,-469,-839,-995,-911,-601,-141,354,773,1005,978,714,264,-253,-719,-1013,-1055,-835,-419,112,632,1003,1128,987,600,63,-504,-953,-1186,-1136,-809,-282,311,839,1179,1235,993,526,-64,-642,-1068,-1234,-1102,-703,0,445,922,1173,1143,842,332,-261,-789,-1112,-1167,-939,-465,121,661,1045,1176,1014,594,24,-545,-990,-1196,-1102,-741,-188,403,907,1189,1175,881,375,-239,-792,-1151,-1235,-1017,-559,35,623,1049,1210,1085,698,139,-444,-910,-1142,-1092,-783,-291,269,751,1028,1047,801,353,-170,-635,-939,-1000,-795,-377,129,589,910,1000,827,445,-55,-554,-909,-1036,-919,-566,-70,457,859,1051,986,678,201,-307,-740,-999,-1012,-780,-369,130,589,897,985,840,494,37,-410,-748,-893,-815,-551,-168,244,584,769,740,532,212,-151,-467,-645,-637,-475,-192,136,415,573,581,432,168,-136,-410,-570,-569,-423,-161,157,0,0
61634,mtk,MTK 7916,863567205,rx2-tx0,512,0,0,0,-1063,-746,-241,343,857,1169,1198,930,421,-205,-788,-1186,-1294,-1086,-611,18,654,1133,1335,1211,783,164,-501,-1044,-1325,-1285,-926,-332,343,932,1285,1320,1027,482,-188,-806,-1225,-1329,-1100,-593,61,695,1152,1311,1136,673,46,-597,-1085,-1300,-1187,-769,-165,486,1017,1280,1215,847,266,-381,-929,-1235,-1223,-895,-345,289,843,1172,1203,916,397,-215,-769,-1127,-1185,-929,-438,172,735,1105,1189,961,474,-135,-708,-1100,-1208,-1007,-537,86,691,1122,1273,1098,639,12,-631,-1123,-1332,-1211,-776,-145,529,1085,1375,1315,932,313,-386,-996,-1365,-1400,-1088,-502,207,863,1313,1440,1217,691,-4,-698,-1221,-1451,-1320,0,-199,510,1094,1404,1364,990,370,-342,-959,-1344,-1394,-1096,-527,173,827,1282,1419,1199,681,-5,-696,-1215,-1440,-1311,-855,-187,537,1131,1456,1421,1037,397,-340,-1006,-1423,-1493,-1208,-626,109,822,1335,1532,1355,848,137,-610,-1207,-1514,-1460,-1053,-391,356,1020,1442,1511,1220,640,-92,-800,-1314,-1503,-1326,-847,-168,554,1134,1439,1396,1026,413,-291,-924,-1334,-1430,-1192,-683,-13,653,1153,1385,1300,915,329,-322,-884,-1232,-1298,-1077,-615,-34,539,967,1173,1114,810,336,-190,-652,-953,-1034,-887,-559,-118,328,686,880,880,692,367,-18,-372,-640,-774,-747,-578,-314,-8,279,493,604,600,501,346,167,-5,0,0,0,0,0,3,-174,-354,-508,-591,-579,-463,-247,42,350,608,761,773,626,347,-21,-403,-713,-885,-878,-674,-307,144,572,889,1019,923,612,153,-356,-802,-1080,-1119,-896,-457,100,651,1062,1244,1143,764,201,-414,-953,-1280,-1316,-1047,-530,119,752,1219,1406,1265,833,201,-491,-1072,-1404,-1412,-1082,-491,208,861,1316,1457,1264,773,94,-595,-1144,-1415,-1344,-960,-356,327,925,1288,1341,1071,547,-101,-708,-1133,-1278,-1107,-670,-76,524,982,1192,1089,720,182,-394,-862,-1107,-1073,-761,-255,306,789,1066,1072,803,322,-246,-747,-1058,-1107,-875,-415,154,691,1059,1162,973,538,-37,-605,-1026,-1196,-1073,-681,-109,493,0,1202,1146,806,245,-376,-899,-1201,-1203,-904,-380,241,811,1170,1240,997,504,-127,-731,-1153,-1289,-1103,-638,3,641,1123,1339,1216,784,160,-511,-1062,-1350,-1309,-938,-329,358,958,1325,1362,1065,507,-179,-813,-1244,-1371,-1149,-645,12,655,1139,1333,1184,743,122,-523,-1024,-1261,-1186,-808,-223,409,934,1211,1176,842,304,-308,-838,-1155,-1167,-884,-380,209,740,1079,1142,911,454,-114,-651,-1012,-1108,-922,-511,24,543,909,1036,895,536,43,-451,-815,-956,-846,-520,-67,401,746,892,805,500,59,-389,-725,-862,-774,-474,-42,406,750,891,794,485,47,-417,-779,-934,-845,-528,-71,425,822,1011,936,0,0,0,0,0,-384,-862,-1141,-1133,-837,-319,283,824,1181,1256,1017,524,-113,-729,-1167,-1327,-1156,-704,-77,575,1088,1337,1256,862,251,-417,-988,-1312,-1306,-980,-412,261,874,1262,1326,1068,543,-122,-755,-1191,-1326,-1120,-641,1,645,1124,1312,1163,727,104,-544,-1053,-1294,-1203,-807,-211,444,975,1253,1220,876,303,-342,-890,-1205,-1206,-899,-365,250,803,1147,1187,922,418,-192,-750,-1109,-1178,-935,-448,153,718,1098,1199,978,493,-121,-706,-1117,-1242,-1046,-579,38,660,1123,1303,1149,704,72,-584,-1105,-1355,-1268,-854,-218,469,1047,1370,1358,1015,412,-300,-941,-1351,-1429,-1153,-600,110,792,1282,1455,1269,776,99,-602,0,-1427,-1345,-929,-286,425,1030,1375,1381,1049,452,-252,-893,-1314,-1405,-1147,-607,88,762,1251,1435,1261,770,85,-626,-1187,-1458,-1372,-950,-297,435,1073,1445,1467,1130,515,-225,-908,-1384,-1525,-1289,-740,-14,720,1284,1534,1409,948,258,-489,-1129,-1492,-1494,-1139,-516,230,914,1378,1511,1280,743,35,-676,-1224,-1475,-1371,-944,-295,423,1028,1385,1412,1110,550,-145,-796,-1258,-1422,-1254,-797,-168,490,1025,1321,1313,1010,486,-139,-710,-1106,-1242,-1107,-725,-191,357,812,1075,1089,864,458,-31,-490,-826,-972,-900,-638,-254,163,533,775,842,735,481,149,-196,-481,-661,-710,-629,-446,-207,40,250,390,448,433,0,0,0,0,0,417,436,373,230,20,-230,-469,-642,-706,-643,-455,-161,186,519,758,853,772,514,139,-278,-649,-895,-956,-804,-460,-4,466,849,1049,1021,760,305,-235,-731,-1081,-1191,-1027,-622,-58,535,1010,1268,1231,912,375,-264,-861,-1259,-1370,-1168,-691,-42,627,1158,1415,1346,962,345,-360,-984,-1380,-1455,-1187,-639,54,728,1232,1456,1322,874,236,-456,-1032,-1353,-1349,-1031,-466,208,810,1209,1314,1098,614,-9,-612,-1053,-1226,-1100,-700,-131,453,913,1142,1077,740,223,-351,-826,-1085,-1063,-775,-291,274,760,1052,1079,831,365,-200,-718,-1059,-1135,-922,-475,101,660,1053,1183,1021,606,39,-552,-1004,-1207,-1111,0,-181,426,925,1198,1173,847,312,-308,-849,-1181,-1220,-949,-438,184,769,1162,1261,1044,561,-69,-690,-1142,-1308,-1158,-711,-81,578,1095,1344,1263,869,243,-439,-1018,-1347,-1341,-1003,-418,274,897,1291,1373,1120,578,-102,-749,-1200,-1354,-1181,-712,-69,582,1079,1301,1188,774,169,-466,-975,-1238,-1176,-817,-257,359,882,1179,1168,860,336,-273,-802,-1117,-1157,-904,-421,162,695,1042,1116,910,483,-57,-582,-956,-1072,-912,-520,-12,484,853,994,874,534,58,-422,-780,-925,-826,-506,-63,382,725,872,779,477,49,-394,-732,-875,-776,-471,-34,418,765,905,804,500,57,-419,-798,-974,-887,-574,-96,422,0,0
61635,mtk,MTK 7916,863567205,rx2-tx1,512,0,0,0,611,65,-519,-978,-1189,-1113,-771,-230,379,891,1185,1201,920,415,-189,-748,-1122,-1218,-1008,-557,26,594,1016,1190,1057,672,128,-448,-902,-1120,-1055,-727,-219,335,787,1032,1019,742,268,-266,-715,-975,-987,-731,-281,243,702,978,995,748,301,-231,-708,-1007,-1047,-810,-356,198,705,1031,1105,887,439,-117,-648,-1028,-1147,-966,-543,30,598,1015,1183,1052,641,55,-547,-1013,-1231,-1142,-753,-170,469,1003,1286,1245,895,320,-346,-938,-1308,-1365,-1100,-558,131,791,1258,1429,1249,772,109,-582,-1132,-1400,-1336,-959,-359,327,931,1309,1364,1098,576,-83,-707,-1151,-1319,-1170,-752,-161,450,939,1191,1156,850,0,-212,-703,-1004,-1051,-844,-437,56,513,826,923,783,447,11,-417,-723,-827,-716,-428,-32,364,653,766,671,398,25,-350,-628,-731,-638,-382,-7,381,656,764,664,380,-17,-428,-736,-863,-768,-474,-35,438,817,1006,959,667,194,-351,-817,-1097,-1125,-893,-431,146,707,1120,1260,1104,684,102,-512,-1021,-1303,-1277,-963,-423,225,827,1241,1377,1206,755,134,-521,-1057,-1354,-1342,-1039,-519,109,700,1129,1305,1188,814,284,-295,-789,-1099,-1154,-957,-567,-73,423,794,975,943,704,329,-102,-491,-752,-841,-752,-510,-167,198,501,686,726,627,412,127,-165,-404,-557,-599,-540,-398,-213,-25,135,247,0,0,0,0,0,327,451,513,495,395,220,-13,-266,-482,-620,-642,-538,-326,-37,265,514,660,677,548,287,-44,-369,-614,-727,-672,-465,-146,214,530,736,773,619,310,-77,-458,-739,-860,-777,-501,-100,327,690,905,915,704,315,-154,-590,-897,-1005,-879,-541,-60,427,823,1035,996,723,272,-248,-706,-996,-1057,-862,-463,41,543,914,1061,956,626,142,-377,-792,-1010,-985,-729,-297,206,653,936,984,793,408,-72,-534,-861,-973,-844,-497,-29,434,794,958,882,576,128,-346,-737,-952,-932,-679,-259,216,640,916,963,768,385,-91,-539,-849,-954,-824,-489,-25,436,780,930,852,556,122,-329,-710,-918,0,-625,-224,234,647,891,909,701,312,-140,-554,-836,-895,-729,-385,60,484,780,872,739,408,-31,-465,-778,-885,-764,-451,0,454,791,939,851,535,73,-427,-819,-1002,-933,-636,-175,339,774,1018,1010,754,305,-232,-707,-1001,-1047,-834,-408,131,630,977,1062,872,464,-65,-579,-943,-1066,-916,-535,-17,523,928,1089,977,614,84,-464,-899,-1116,-1050,-717,-194,386,867,1119,1096,802,304,-280,-805,-1134,-1174,-913,-434,156,713,1097,1204,1013,572,-10,-588,-1023,-1197,-1073,-696,-152,434,903,1142,1100,778,269,-299,-796,-1084,-1090,-825,-356,209,706,1027,1097,872,426,-126,-647,-1000,-1103,-928,-516,0,0,0,0,0,994,1172,1063,690,143,-449,-939,-1198,-1162,-845,-321,287,824,1159,1203,960,484,-107,-669,-1076,-1208,-1041,-622,-59,517,958,1155,1066,711,174,-392,-844,-1084,-1049,-739,-252,292,752,1006,997,737,281,-243,-698,-968,-980,-724,-274,245,713,994,1012,777,331,-221,-712,-1019,-1069,-844,-399,155,677,1038,1125,927,497,-76,-640,-1030,-1159,-1004,-585,-12,570,1011,1203,1087,682,97,-518,-1012,-1263,-1196,-831,-241,423,983,1312,1321,1000,430,-250,-872,-1294,-1403,-1179,-659,16,686,1198,1424,1301,870,227,-462,-1031,-1359,-1360,-1032,-464,205,826,1248,1360,1146,664,48,-575,-1053,-1271,-1182,-813,-264,329,816,0,1105,857,406,-128,-608,-924,-996,-813,-444,17,456,761,863,744,435,22,-385,-680,-790,-689,-404,-19,357,636,742,655,389,17,-357,-638,-743,-645,-373,6,394,692,807,712,422,0,-446,-788,-935,-855,-552,-94,406,830,1070,1058,780,301,-263,-778,-1119,-1214,-1007,-561,25,619,1079,1287,1199,827,263,-370,-925,-1279,-1340,-1086,-583,53,684,1165,1378,1287,908,330,-316,-890,-1261,-1346,-1140,-690,-105,489,969,1220,1189,903,437,-105,-598,-946,-1074,-969,-659,-212,249,635,869,897,736,427,32,-347,-637,-782,-758,-577,-289,38,338,567,683,656,504,281,41,-188,-364,-460,-470,-411,-291,0,0,0,0,0,-296,-165,7,210,402,547,606,563,415,177,-105,-374,-580,-672,-627,-453,-175,149,444,651,713,614,381,54,-287,-568,-726,-719,-539,-227,149,502,744,815,696,407,10,-402,-729,-890,-848,-606,-210,251,658,912,965,797,437,-43,-526,-878,-1024,-940,-626,-170,332,762,1020,1034,790,363,-147,-626,-962,-1069,-917,-548,-49,457,852,1041,981,683,224,-285,-721,-976,-988,-761,-354,135,589,899,975,806,439,-26,-482,-827,-967,-854,-528,-71,396,769,959,911,625,192,-286,-693,-935,-950,-726,-318,164,600,883,954,792,435,-31,-484,-816,-946,-840,-523,-76,392,752,923,867,593,171,0,-688,-899,-897,-666,-270,190,601,866,909,724,360,-91,-515,-803,-883,-738,-404,40,472,776,878,751,422,-10,-450,-779,-907,-801,-476,-22,447,815,978,898,586,121,-384,-802,-1028,-986,-701,-244,279,743,1020,1039,795,349,-180,-670,-985,-1052,-855,-434,100,607,956,1069,903,504,-31,-554,-932,-1080,-950,-584,-57,489,916,1105,1013,664,142,-426,-877,-1113,-1073,-767,-247,350,844,1130,1140,863,365,-224,-765,-1122,-1200,-980,-510,86,659,1067,1209,1062,660,83,-509,-966,-1181,-1100,-746,-219,360,843,1114,1097,803,316,-249,-752,-1052,-1087,-851,-388,165,666,1007,1090,895,466,-89,-615,-983,0,0
61636,mtk,MTK 7916,863602475,rx0-tx0,512,-330,224,-18,889,955,951,875,736,547,318,56,-194,-430,-639,-796,-900,-934,-910,-813,-655,-459,-231,9,256,483,681,832,921,939,895,791,617,406,169,-99,-347,-575,-765,-899,-966,-963,-899,-758,-552,-307,-51,223,479,695,843,950,984,937,821,644,422,177,-85,-330,-538,-723,-844,-915,-910,-846,-728,-551,-346,-111,134,352,558,722,832,892,880,810,677,496,288,49,-190,-430,-629,-771,-859,-888,-850,-742,-581,-382,-162,70,301,498,651,754,818,809,744,621,454,262,57,-152,-339,-493,-621,-703,-732,-706,-639,-514,-360,-200,-13,177,338,482,595,654,683,653,584,465,315,155,-26,-26,-356,-507,-604,-664,-678,-640,-565,-439,-281,-103,94,278,442,578,678,709,685,626,512,362,181,-17,-218,-402,-553,-669,-726,-729,-669,-563,-414,-225,-35,178,359,506,622,689,702,676,597,455,292,102,-96,-280,-450,-590,-673,-707,-692,-626,-504,-346,-154,59,250,446,593,686,738,715,630,495,306,95,-113,-317,-490,-612,-682,-676,-617,-503,-344,-156,31,198,348,455,510,519,477,403,297,172,45,-70,-175,-254,-299,-312,-306,-285,-231,-173,-109,-42,14,69,116,153,169,181,188,168,147,126,87,42,-6,-50,-103,-139,-160,-172,-175,-148,-105,-45,19,77,124,146,133,-315,-284,510,736,188,-189,-213,-192,-141,-65,28,118,203,264,301,296,266,220,141,51,-53,-150,-229,-304,-350,-372,-361,-322,-260,-177,-67,60,188,318,428,501,545,539,489,399,260,80,-118,-307,-491,-644,-756,-790,-765,-656,-487,-272,-22,250,501,716,885,964,979,910,741,503,222,-93,-400,-683,-911,-1066,-1121,-1097,-959,-737,-462,-140,198,524,798,1002,1139,1168,1105,945,717,428,101,-229,-545,-802,-997,-1123,-1154,-1083,-929,-711,-436,-129,191,483,748,956,1082,1134,1086,955,749,487,191,-117,-421,-679,-908,-1054,-1115,-1092,-979,-800,-546,-257,47,350,614,840,998,1079,1067,973,810,588,323,32,301,-511,-738,-905,-996,-1025,-977,-871,-687,-465,-196,74,334,580,781,935,1025,1024,961,825,630,386,107,-181,-467,-706,-899,-1027,-1073,-1047,-945,-766,-523,-261,24,316,571,787,956,1051,1073,1022,888,714,462,192,-102,-384,-652,-873,-1028,-1096,-1107,-1032,-883,-664,-403,-96,214,512,774,985,1122,1170,1143,1022,835,565,254,-68,-389,-687,-929,-1099,-1182,-1176,-1093,-919,-673,-369,-67,242,554,796,991,1097,1126,1080,949,744,490,213,-84,-364,-602,-823,-972,-1045,-1038,-963,-809,-607,-379,-114,163,432,660,831,948,1001,980,883,732,523,270,3,-255,-504,-702,-852,-956,-979,-926,-811,-633,-412,89,452,-82,686,820,384,127,-132,-384,-601,-779,-904,-954,-928,-838,-692,-498,-272,-29,218,461,659,807,898,928,893,791,636,431,196,-53,-295,-522,-716,-852,-944,-963,-900,-783,-598,-370,-109,148,409,637,825,936,988,965,865,697,489,250,-22,-285,-524,-719,-856,-933,-951,-883,-766,-599,-385,-146,109,338,548,712,827,895,887,822,705,522,316,86,-157,-382,-586,-732,-843,-891,-878,-795,-642,-446,-228,12,249,474,650,780,845,850,793,676,514,321,101,-126,-329,-512,-643,-733,-767,-746,-663,-548,-405,-228,-34,156,336,493,598,676,710,673,596,495,340,173,-7,-185,-350,-496,-598,-663,-688,628,-575,-451,-293,-129,55,233,394,539,631,687,687,636,545,411,236,33,-152,-335,-507,-629,-712,-728,-695,-602,-472,-303,-104,99,295,458,599,686,730,712,619,496,334,149,-45,-231,-412,-560,-649,-704,-700,-646,-552,-397,-222,-29,160,351,512,629,708,718,677,588,432,254,43,-180,-377,-543,-670,-725,-718,-651,-520,-352,-151,66,260,425,549,614,614,562,463,321,168,8,-138,-261,-351,-400,-407,-383,-334,-263,-172,-80,3,88,155,196,227,237,231,212,175,129,81,40,-11,-55,-81,-117,-148,-165,-168,-163,-147,-106,-58,-12,44,100,141,170,170,149,106,45,-12,529,457,-82,303,-22,-38,41,127,197,250,267,252,203,127,34,-69,-151,-232,-289,-325,-332,-303,-255,-186,-97,10,118,223,309,386,445,457,437,378,278,156,5,-162,-322,-467,-580,-653,-660,-620,-517,-362,-166,58,283,507,689,821,890,871,774,613,381,105,-178,-468,-720,-911,-1037,-1069,-1009,-852,-627,-332,-11,314,622,871,1051,1149,1146,1042,844,592,279,-59,-396,-687,-923,-1086,-1163,-1145,-1036,-833,-581,-264,66,381,654,886,1049,1128,1112,1016,844,599,312,12,-305,-591,-834,-1012,-1103,-1115,-1036,-886,-670,-382,-75,237,520,769,964,1068,1102,1042,901,702,439,138,-165,-451,-697,-892,-1020,-1066,-176,-907,-740,-509,-250,28,296,546,749,902,995,1004,957,841,660,438,159,-119,-389,-640,-843,-989,-1055,-1047,-962,-801,-590,-326,-38,250,522,769,941,1041,1074,1020,895,719,484,214,-66,-358,-609,-827,-991,-1073,-1087,-1024,-890,-690,-425,-148,148,444,709,918,1066,1145,1132,1039,862,624,329,23,-298,-591,-849,-1054,-1165,-1197,-1139,-987,-755,-475,-157,166,475,754,978,1114,1157,1141,1022,824,576,279,-17,-312,-591,-816,-972,-1059,-1076,-1006,-879,-687,-431,-156,121,392,638,820,956,1021,1010,920,758,558,326,66,-205,-454,-664,-841,-953,-983,-950,-847,-676,-478,-232,35,294,531,728,861,682,634
61637,mtk,MTK 7916,863602475,rx0-tx1,512,-686,-802,-884,619,536,414,267,94,-82,-249,-396,-502,-574,-608,-587,-529,-439,-312,-168,-14,138,270,379,464,513,530,513,460,381,280,163,30,-110,-228,-345,-431,-483,-513,-510,-474,-414,-315,-196,-75,74,212,338,452,535,579,586,553,478,367,223,58,-115,-279,-432,-548,-631,-659,-646,-582,-472,-323,-154,20,205,372,517,624,683,683,644,550,421,256,75,-111,-299,-453,-575,-659,-690,-662,-595,-482,-331,-160,22,199,355,489,588,648,654,614,535,411,262,91,-89,-251,-401,-524,-600,-637,-627,-565,-464,-329,-180,-11,156,304,439,535,593,606,578,511,407,275,116,-60,-215,-366,-38,-576,-611,-612,-560,-461,-338,-181,-15,152,307,439,538,598,612,583,506,392,245,72,-98,-267,-410,-521,-602,-622,-606,-549,-435,-295,-117,64,235,389,515,592,616,595,529,428,289,133,-32,-190,-326,-443,-519,-552,-545,-501,-423,-303,-169,-29,104,243,363,456,510,520,495,431,338,222,89,-55,-190,-307,-412,-483,-515,-504,-454,-373,-248,-122,24,173,304,415,478,512,508,438,338,209,67,-71,-212,-329,-411,-454,-454,-423,-351,-243,-121,11,138,242,327,384,396,374,315,235,134,22,-94,-190,-275,-324,-336,-314,-259,-175,-70,45,149,227,271,273,223,146,52,-31,100,-298,0,332,379,11,74,138,181,199,184,141,83,4,-76,-138,-191,-222,-231,-216,-176,-121,-49,21,93,152,203,232,235,220,180,131,70,2,-65,-129,-175,-198,-208,-197,-175,-130,-88,-50,1,44,79,110,126,134,138,139,135,131,114,89,62,20,-22,-67,-118,-157,-184,-207,-213,-196,-174,-127,-66,0,67,129,188,221,229,242,229,195,155,100,38,-23,-75,-137,-190,-229,-253,-260,-255,-226,-182,-133,-57,17,97,174,232,293,325,332,316,268,197,117,19,-81,-178,-269,-333,-369,-386,-370,-326,-254,-161,-55,60,163,258,328,383,406,398,364,302,213,105,-3,-119,-226,-48,-378,-420,-436,-420,-370,-292,-191,-69,46,178,285,384,460,488,491,459,379,274,143,-1,-151,-271,-390,-479,-523,-541,-512,-432,-333,-209,-60,82,218,343,435,506,528,522,481,403,296,164,29,-112,-244,-365,-461,-529,-558,-548,-509,-428,-310,-174,-16,142,294,422,529,601,621,603,541,440,307,138,-37,-213,-379,-522,-633,-685,-695,-644,-548,-415,-237,-45,157,340,500,631,703,731,688,604,476,305,113,-89,-281,-443,-576,-659,-699,-687,-617,-507,-364,-194,-9,173,341,483,593,654,672,640,558,439,284,114,-76,-250,-407,-536,-625,-665,-650,-593,-495,-356,-194,-19,162,-530,281,9,-982,-652,-196,-358,-480,-575,-623,-625,-578,-484,-357,-211,-46,121,264,394,492,549,570,543,480,387,271,142,5,-128,-254,-359,-441,-488,-512,-490,-451,-386,-286,-173,-51,82,208,329,433,497,545,555,518,449,348,216,70,-85,-239,-381,-499,-583,-627,-622,-578,-488,-359,-203,-25,149,324,473,590,652,676,651,575,453,296,106,-77,-257,-421,-552,-644,-683,-681,-624,-516,-381,-215,-25,155,324,472,587,654,675,643,560,442,290,121,-63,-231,-387,-514,-600,-644,-634,-579,-498,-367,-214,-52,119,272,407,512,584,620,599,542,441,310,149,-18,-182,-329,-456,-549,-612,-608,-570,-495,634,-222,-58,104,266,399,512,588,613,595,531,424,290,137,-26,-196,-357,-483,-581,-623,-621,-573,-472,-347,-182,-7,160,325,455,555,613,618,578,491,365,203,39,-131,-287,-423,-523,-579,-594,-550,-474,-365,-222,-72,87,229,362,461,517,531,511,460,370,261,127,-13,-150,-276,-376,-453,-501,-509,-470,-404,-310,-187,-47,103,239,367,455,501,521,485,412,300,165,30,-132,-273,-379,-454,-484,-479,-434,-340,-226,-96,33,157,274,362,412,429,401,340,255,139,14,-104,-209,-292,-347,-366,-347,-298,-222,-113,-1,108,204,277,315,309,260,182,83,-28,-125,-186,-212,-191,-1277,-1031,0,-211,-547,151,150,116,59,-15,-93,-154,-201,-225,-213,-178,-128,-57,16,90,156,204,231,234,218,181,123,54,-13,-81,-140,-187,-220,-229,-219,-182,-130,-74,-19,34,88,132,151,168,171,161,142,118,83,51,19,-14,-42,-76,-106,-133,-154,-172,-176,-177,-153,-115,-73,-22,37,86,134,189,225,242,228,211,164,103,44,-12,-88,-144,-192,-227,-245,-238,-227,-200,-160,-111,-50,14,79,152,200,248,278,292,288,252,203,140,50,-36,-139,-223,-289,-336,-363,-356,-328,-264,-177,-87,17,126,221,301,355,385,389,364,307,226,130,19,-85,-188,-282,-356,-404,-422,-414,-363,-1135,-197,-90,28,141,251,341,418,450,462,439,378,294,172,47,-77,-218,-339,-435,-498,-530,-512,-457,-375,-246,-107,39,194,326,423,502,540,531,492,409,303,172,28,-105,-241,-357,-456,-516,-542,-533,-486,-406,-300,-170,-27,119,262,395,494,559,595,577,524,431,316,164,-1,-167,-330,-467,-578,-643,-656,-630,-555,-441,-284,-104,85,276,440,581,673,717,707,636,526,363,179,-21,-223,-397,-548,-655,-710,-712,-655,-554,-412,-240,-55,141,320,464,582,660,687,661,584,470,320,149,-27,-209,-372,-510,-607,-661,-668,-617,-531,-405,-244,-61,119,291,435,553,623,653,631,-718,-1010
61638,mtk,MTK 7916,863602475,rx1-tx0,512,0,-1704,-1304,93,-73,-233,-380,-507,-607,-662,-660,-622,-539,-424,-266,-75,116,300,473,620,726,775,775,713,598,429,221,-3,-244,-472,-661,-806,-894,-916,-864,-751,-572,-347,-86,187,450,682,864,983,1029,982,865,683,431,149,-139,-417,-664,-869,-993,-1042,-1016,-909,-726,-502,-241,45,319,567,773,912,982,994,925,796,606,369,99,-168,-422,-643,-811,-939,-986,-962,-861,-699,-487,-239,29,286,522,729,881,959,960,896,772,584,356,85,-176,-419,-635,-802,-897,-921,-881,-779,-614,-394,-158,77,322,520,683,795,842,821,734,594,417,214,-1,-211,-396,-552,-669,-726,-732,-676,-578,-436,-277,-85,93,246,394,510,583,615,594,544,455,348,221,75,-71,-214,-349,-455,-531,-563,-568,-529,-451,-349,-223,-82,77,233,361,474,545,578,576,537,455,355,222,61,-92,-254,-390,-507,-593,-634,-634,-583,-504,-381,-217,-45,144,321,482,621,711,739,725,652,524,341,127,-100,-325,-551,-719,-831,-876,-853,-747,-587,-361,-99,183,449,661,816,908,906,824,665,463,221,-50,-306,-530,-677,-772,-809,-765,-648,-492,-290,-87,133,325,483,595,653,644,595,495,350,179,3,-164,-323,-440,-512,-537,-518,-451,-334,-198,-35,121,268,386,442,454,414,312,171,20,-119,-229,-282,-28,-578,0,-207,-391,62,74,78,77,64,35,-1,-42,-70,-96,-112,-118,-117,-102,-73,-43,3,38,74,107,137,147,140,132,106,74,51,7,-41,-76,-115,-153,-175,-185,-197,-182,-152,-113,-54,3,75,155,214,262,292,298,282,245,172,81,-6,-116,-225,-313,-394,-444,-433,-399,-328,-211,-81,65,220,349,446,511,526,490,423,306,168,-1,-162,-315,-434,-521,-553,-544,-485,-393,-261,-102,63,212,344,438,497,523,498,424,325,207,65,-72,-198,-303,-382,-434,-446,-415,-363,-279,-188,-89,8,101,184,252,301,335,338,331,308,257,199,128,48,-33,-128,-209,-288,-347,-381,-397,-376,489,-249,-164,-61,53,167,289,374,439,477,470,428,362,259,134,4,-137,-263,-375,-458,-516,-525,-510,-444,-354,-228,-81,68,216,348,460,537,575,571,521,438,312,170,11,-151,-301,-440,-528,-589,-604,-583,-519,-404,-269,-115,45,218,363,483,581,628,632,593,518,399,252,91,-79,-251,-415,-543,-640,-692,-697,-650,-552,-405,-238,-43,167,356,531,670,757,792,754,660,505,310,91,-145,-352,-535,-674,-758,-784,-743,-647,-497,-317,-115,94,277,444,573,650,679,659,598,485,342,184,26,-136,-283,-412,-511,-568,-589,-573,-525,-440,-329,-195,-54,91,233,364,467,542,585,754,16,0,-247,-1351,-615,-626,-590,-514,-400,-255,-84,94,264,424,553,660,719,721,674,574,427,246,45,-161,-370,-557,-711,-812,-859,-841,-753,-605,-412,-173,89,344,574,766,900,970,963,882,733,520,263,-22,-308,-562,-789,-950,-1026,-1026,-955,-816,-603,-337,-51,238,508,730,894,1003,1021,961,834,655,417,165,-107,-367,-603,-795,-934,-988,-972,-890,-739,-542,-310,-45,215,467,682,850,951,979,931,820,648,421,164,-104,-359,-580,-760,-885,-949,-921,-837,-691,-490,-251,-5,243,467,664,807,871,889,823,693,522,305,72,-164,-379,-554,-687,-768,-791,-749,-650,-513,-336,-138,61,250,415,549,315,667,649,598,513,381,234,74,-91,-238,-369,-469,-546,-582,-578,-536,-456,-346,-209,-74,70,217,347,456,531,577,584,539,466,356,216,64,-85,-236,-373,-477,-564,-595,-595,-556,-474,-361,-219,-59,107,268,412,545,630,679,679,625,525,385,194,-2,-204,-410,-590,-732,-810,-820,-776,-659,-474,-252,-2,258,493,690,839,910,903,799,627,418,162,-112,-374,-596,-754,-853,-868,-808,-670,-478,-264,-24,218,418,581,686,732,723,639,504,331,131,-61,-237,-400,-515,-582,-593,-558,-475,-348,-197,-33,126,277,392,472,503,477,406,288,142,-9,-167,-301,-373,-390,-346,-253,-138,1439,1324,0,487,842,41,15,-13,-40,-69,-92,-105,-99,-83,-63,-31,2,37,76,102,126,134,128,117,98,64,17,-18,-53,-100,-124,-147,-165,-161,-150,-136,-103,-51,-8,50,106,151,194,222,233,236,210,171,116,41,-49,-133,-216,-289,-330,-356,-364,-318,-248,-156,-24,107,220,341,433,481,492,452,369,262,120,-53,-209,-352,-457,-524,-554,-534,-467,-352,-206,-46,113,263,395,494,549,551,506,415,292,156,7,-152,-284,-383,-459,-497,-480,-431,-350,-255,-141,-13,105,206,288,342,376,373,352,310,251,182,99,14,-63,-141,-215,-270,-318,-338,-348,-335,-298,-239,-154,-64,39,150,-571,329,385,424,429,413,356,259,159,36,-95,-218,-332,-428,-483,-506,-489,-438,-352,-243,-105,36,177,306,408,500,541,553,516,446,336,192,39,-118,-255,-389,-501,-572,-604,-587,-531,-425,-289,-140,20,171,331,462,554,603,613,581,502,402,258,90,-75,-232,-378,-510,-597,-642,-647,-610,-527,-404,-251,-79,104,291,463,602,695,747,736,665,553,381,185,-36,-254,-452,-621,-735,-800,-794,-719,-598,-419,-215,10,228,422,584,690,744,734,669,562,403,226,43,-129,-293,-438,-544,-608,-631,-608,-544,-449,-321,-183,-35,113,255,380,473,540,570,569,524,445,340,213,74,703,795
61639,mtk,MTK 7916,863602475,rx1-tx1,512,0,0,0,232,-99,-420,-640,-705,-592,-322,26,368,625,724,634,387,52,-300,-565,-678,-618,-411,-100,232,500,628,592,403,103,-220,-470,-598,-565,-378,-94,208,454,579,545,362,84,-222,-471,-590,-541,-342,-63,240,491,615,566,370,68,-259,-520,-649,-609,-407,-91,253,530,680,666,468,141,-213,-510,-679,-675,-498,-204,150,473,670,691,531,237,-116,-431,-636,-675,-546,-271,84,402,611,668,552,292,-45,-373,-598,-677,-586,-341,1,326,564,671,611,385,75,-250,-514,-643,-606,-422,-136,171,428,582,593,448,190,-101,-358,-521,-544,-446,-233,26,261,421,477,402,245,42,-167,0,-377,-345,-219,-45,118,233,274,229,121,-6,-128,-209,-209,-138,-25,92,186,234,207,98,-49,-199,-306,-332,-261,-107,87,268,391,421,337,154,-74,-298,-460,-513,-446,-259,8,284,500,596,555,369,83,-236,-501,-654,-655,-488,-197,147,459,669,723,609,339,-26,-387,-650,-765,-704,-470,-118,267,589,766,759,588,270,-122,-477,-720,-799,-697,-428,-63,312,609,769,754,565,246,-117,-441,-662,-726,-628,-387,-72,251,509,641,621,470,223,-62,-329,-504,-553,-485,-318,-87,157,353,454,455,365,197,-9,-200,-334,-393,-373,-282,-138,19,159,261,310,300,238,147,55,-23,0,0,0,0,0,-39,103,250,384,474,485,408,249,25,-226,-452,-606,-649,-557,-342,-50,263,533,695,723,597,326,-28,-374,-646,-781,-739,-529,-205,175,521,753,815,684,378,-20,-411,-703,-831,-766,-513,-116,316,667,866,864,647,263,-194,-614,-885,-935,-770,-424,45,505,844,985,874,550,86,-398,-782,-978,-942,-662,-227,263,694,950,967,741,331,-159,-612,-919,-991,-801,-409,79,543,869,983,846,483,-4,-483,-852,-1001,-889,-547,-56,452,844,1026,955,633,139,-399,-840,-1080,-1046,-747,-261,309,810,1111,1143,896,417,-170,-722,-1102,-1212,-1041,-603,-8,580,1027,1236,1130,743,184,-417,-911,0,-1163,-847,-318,288,810,1118,1154,899,407,-180,-716,-1080,-1162,-935,-476,105,662,1051,1174,1006,580,4,-583,-1025,-1206,-1083,-677,-105,500,984,1216,1148,792,234,-376,-897,-1188,-1182,-883,-364,238,775,1118,1174,934,460,-126,-663,-1019,-1114,-916,-487,49,565,923,1032,866,486,-23,-527,-875,-991,-847,-468,32,524,880,1007,866,496,-6,-512,-889,-1044,-928,-579,-86,430,841,1032,970,672,198,-329,-765,-1004,-983,-726,-306,190,639,912,945,745,370,-84,-502,-780,-850,-705,-401,-8,376,648,741,642,379,14,-331,-564,-634,-540,-306,14,318,527,589,480,237,-69,-360,-553,-594,-477,-225,0,0,0,0,0,616,662,538,276,-60,-388,-633,-712,-607,-357,-11,332,592,703,634,403,80,-256,-522,-653,-613,-412,-113,207,471,603,572,389,101,-212,-462,-583,-554,-377,-93,220,471,585,546,366,79,-234,-483,-603,-554,-361,-71,246,507,630,581,381,81,-257,-529,-669,-632,-428,-112,238,532,689,677,491,174,-184,-498,-684,-696,-525,-226,128,445,649,672,531,261,-86,-414,-614,-664,-544,-273,60,369,601,682,576,312,-30,-359,-597,-674,-593,-364,-45,281,538,658,600,406,119,-202,-469,-608,-588,-424,-165,136,402,560,572,444,218,-62,-311,-468,-515,-436,-254,-19,214,386,444,392,0,58,-137,-274,-322,-281,-169,-27,111,209,230,171,66,-61,-167,-216,-202,-120,13,144,240,274,221,87,-71,-220,-333,-363,-287,-132,79,286,430,467,384,201,-44,-300,-495,-576,-505,-308,-34,264,506,629,606,437,142,-183,-472,-653,-676,-536,-256,88,419,654,740,646,390,39,-327,-624,-778,-742,-523,-186,193,531,755,804,652,355,-22,-390,-668,-794,-731,-504,-159,223,536,725,751,602,325,-18,-346,-576,-681,-635,-437,-151,153,413,578,600,486,282,22,-236,-424,-506,-478,-345,-143,83,277,401,432,372,239,66,-112,-256,-343,-363,-309,-204,-78,46,149,212,229,213,0,0,0,0,0,-336,-367,-330,-225,-64,137,340,495,573,550,411,180,-94,-368,-583,-685,-649,-479,-193,145,457,685,764,677,443,106,-271,-587,-768,-781,-614,-295,101,478,740,834,732,445,47,-365,-692,-858,-817,-572,-193,246,635,879,909,709,341,-124,-567,-874,-968,-832,-495,-32,452,821,989,913,615,158,-328,-733,-962,-952,-706,-277,215,652,921,961,763,370,-125,-586,-890,-972,-809,-432,63,530,860,987,865,516,26,-467,-843,-1010,-912,-575,-95,421,844,1053,981,670,191,-345,-811,-1093,-1098,-816,-326,253,773,1111,1186,968,504,-92,-665,-1075,-1226,-1080,-672,-102,496,978,1212,1146,801,0,-344,-865,-1160,-1153,-867,-367,228,762,1102,1157,912,440,-140,-685,-1059,-1163,-966,-524,52,629,1050,1198,1047,628,49,-547,-1016,-1219,-1111,-732,-167,443,945,1212,1168,839,304,-309,-839,-1152,-1180,-913,-419,181,729,1080,1146,927,489,-68,-604,-968,-1074,-903,-498,24,523,881,1001,850,466,-32,-517,-869,-988,-842,-475,30,523,881,1023,902,540,36,-484,-872,-1038,-949,-622,-135,387,809,1027,989,703,250,-262,-706,-952,-967,-754,-345,134,561,848,915,746,396,-30,-431,-713,-802,-685,-403,-27,341,597,684,591,341,9,-317,-540,-607,-503,-263,43,336,532,577,462,224,-87,-381,-570,0,0
61640,mtk,MTK 7916,863602475,rx2-tx0,512,0,0,0,267,-306,-823,-1138,-1167,-898,-385,237,805,1177,1258,1022,521,-121,-743,-1182,-1317,-1115,-633,12,660,1146,1344,1199,739,90,-581,-1101,-1340,-1238,-821,-195,487,1034,1310,1256,874,261,-415,-979,-1283,-1252,-900,-312,360,935,1261,1257,931,356,-316,-900,-1241,-1263,-949,-389,269,849,1208,1249,959,423,-216,-805,-1171,-1219,-952,-433,203,778,1139,1191,925,417,-204,-768,-1123,-1178,-912,-399,221,784,1137,1185,916,405,-228,-810,-1173,-1230,-954,-421,228,828,1216,1287,1021,479,-196,-828,-1253,-1348,-1101,-569,117,784,1255,1406,1202,691,0,-700,-1228,-1439,-1288,-812,-127,592,1164,1439,1345,912,250,-473,-1073,0,-1391,-1012,-378,350,980,1349,1387,1066,476,-234,-894,-1324,-1400,-1121,-565,143,819,1278,1416,1202,671,-40,-745,-1265,-1461,-1287,-787,-90,637,1212,1491,1384,922,225,-525,-1142,-1480,-1453,-1070,-412,362,1036,1451,1508,1191,570,-192,-903,-1395,-1535,-1290,-728,10,744,1284,1506,1363,888,185,-565,-1164,-1465,-1407,-1009,-362,371,1001,1383,1431,1118,534,-166,-829,-1289,-1428,-1223,-730,-72,596,1113,1361,1284,903,315,-331,-882,-1218,-1273,-1025,-548,39,603,1008,1165,1058,712,215,-305,-733,-983,-995,-789,-417,34,455,757,879,803,560,209,-175,-500,-708,-763,-663,-442,-153,144,391,548,595,538,404,234,51,0,0,0,0,0,-373,-309,-170,36,271,487,636,676,585,374,72,-270,-574,-774,-821,-689,-404,-20,383,725,914,903,683,293,-178,-626,-944,-1048,-909,-556,-59,476,910,1147,1112,805,301,-288,-821,-1172,-1257,-1036,-558,55,672,1148,1353,1236,821,201,-485,-1057,-1375,-1369,-1032,-442,258,904,1346,1458,1202,664,-29,-721,-1242,-1455,-1313,-861,-196,514,1087,1388,1346,972,374,-306,-916,-1279,-1311,-1028,-492,159,758,1154,1251,1025,556,-47,-635,-1046,-1182,-1010,-579,-10,552,964,1118,974,576,31,-520,-929,-1097,-970,-583,-46,506,931,1118,1002,623,77,-488,-932,-1149,-1063,-703,-159,433,920,1170,1122,786,243,-367,0,-1175,-1166,-854,-317,299,841,1167,1189,905,384,-240,-805,-1169,-1223,-962,-457,176,774,1175,1276,1041,536,-113,-743,-1185,-1320,-1117,-624,32,689,1172,1358,1197,724,70,-602,-1131,-1374,-1261,-825,-181,513,1071,1348,1287,896,277,-403,-973,-1287,-1257,-910,-341,315,883,1217,1226,914,366,-271,-831,-1171,-1195,-902,-377,234,786,1127,1165,893,394,-203,-739,-1080,-1135,-895,-429,149,688,1036,1100,879,437,-111,-618,-957,-1037,-841,-427,90,571,889,962,776,386,-95,-539,-827,-887,-705,-330,133,552,816,856,658,270,-191,-593,-841,-858,-631,-230,234,646,889,892,646,216,-277,-705,-954,-949,-687,-237,0,0,0,0,0,1087,1092,820,328,-269,-816,-1160,-1211,-953,-445,186,783,1182,1291,1077,581,-67,-703,-1164,-1332,-1166,-702,-54,607,1115,1336,1211,778,145,-526,-1066,-1329,-1249,-850,-230,449,1009,1297,1253,885,283,-389,-959,-1279,-1260,-919,-337,331,907,1249,1259,936,368,-293,-876,-1231,-1259,-955,-402,249,831,1190,1234,958,431,-215,-794,-1159,-1216,-945,-427,199,766,1124,1179,916,412,-206,-771,-1126,-1174,-908,-392,229,792,1151,1202,931,401,-242,-828,-1196,-1252,-983,-451,208,828,1233,1315,1055,520,-154,-800,-1251,-1379,-1150,-625,69,751,1241,1422,1248,750,51,-656,-1193,-1434,-1318,-870,-193,542,1130,1424,1365,962,0,-406,-1033,-1390,-1387,-1040,-427,294,930,1332,1391,1090,517,-193,-858,-1299,-1415,-1163,-613,94,783,1276,1446,1243,725,22,-692,-1236,-1472,-1341,-859,-154,583,1182,1485,1416,991,317,-445,-1093,-1471,-1488,-1127,-478,282,974,1427,1535,1248,652,-102,-827,-1346,-1533,-1336,-815,-104,641,1223,1491,1389,944,272,-464,-1081,-1422,-1408,-1051,-440,279,923,1346,1433,1172,623,-61,-723,-1218,-1415,-1267,-826,-194,471,1015,1306,1286,976,440,-180,-731,-1112,-1226,-1044,-632,-93,455,876,1081,1036,755,320,-165,-601,-881,-952,-809,-495,-86,317,636,810,803,624,330,-13,-339,-579,-689,-665,-531,-315,-64,166,332,418,430,0,0,0,0,0,-190,-355,-487,-552,-527,-394,-170,108,393,628,750,723,549,248,-123,-487,-761,-882,-809,-553,-161,292,687,938,982,800,422,-64,-554,-934,-1094,-1008,-683,-176,386,878,1169,1189,923,431,-179,-763,-1183,-1317,-1138,-688,-69,577,1099,1366,1304,926,315,-372,-979,-1360,-1411,-1119,-556,154,829,1298,1458,1265,764,82,-621,-1166,-1427,-1343,-930,-289,414,998,1336,1340,1013,445,-232,-833,-1216,-1284,-1027,-525,100,691,1091,1210,1022,573,-18,-588,-1002,-1151,-994,-573,-15,535,939,1102,978,588,41,-510,-931,-1101,-982,-598,-55,501,933,1129,1028,655,112,-469,-939,-1161,-1094,-748,-199,405,904,1175,1145,0,289,-326,-860,-1176,-1186,-886,-359,263,821,1166,1209,940,425,-206,-789,-1166,-1242,-997,-489,157,769,1179,1290,1073,572,-81,-721,-1189,-1350,-1161,-678,-16,654,1163,1373,1235,782,126,-560,-1099,-1360,-1275,-866,-236,453,1017,1316,1281,915,311,-363,-926,-1246,-1241,-915,-357,289,856,1193,1211,909,373,-259,-812,-1141,-1171,-899,-388,221,765,1105,1152,898,414,-177,-715,-1056,-1117,-887,-424,140,654,991,1068,863,437,-94,-589,-916,-997,-811,-409,91,549,851,922,739,358,-108,-539,-823,-873,-678,-299,162,575,828,855,642,248,-210,-620,-863,-865,-632,-224,259,679,919,916,659,215,-295,-737,-990,0,0
61641,mtk,MTK 7916,863602475,rx2-tx1,512,0,0,0,451,921,1164,1110,769,225,-379,-889,-1183,-1181,-878,-350,262,808,1152,1204,947,454,-148,-717,-1090,-1183,-989,-539,49,609,1009,1147,980,570,21,-528,-935,-1085,-950,-570,-45,477,869,1030,903,530,20,-490,-864,-1003,-866,-491,14,520,891,1024,879,494,-33,-558,-941,-1078,-924,-520,21,562,967,1124,977,566,6,-559,-990,-1166,-1025,-619,-53,545,1002,1195,1075,668,76,-538,-1022,-1246,-1144,-736,-141,500,1035,1322,1267,878,262,-419,-1007,-1351,-1352,-1020,-437,259,890,1302,1399,1143,597,-91,-753,-1223,-1382,-1209,-744,-94,572,1092,1337,1247,850,260,-384,-929,-1235,-1232,-927,-402,197,725,1064,0,914,485,-52,-555,-901,-998,-850,-492,-13,444,764,882,753,425,3,-404,-695,-791,-681,-386,8,399,677,760,629,330,-55,-421,-666,-731,-592,-284,112,486,725,770,603,261,-174,-575,-833,-885,-702,-320,165,628,949,1040,872,476,-59,-596,-1000,-1165,-1054,-678,-123,470,963,1230,1187,860,323,-298,-865,-1231,-1310,-1068,-557,82,702,1169,1365,1239,830,231,-429,-979,-1302,-1333,-1061,-544,89,689,1109,1274,1151,774,244,-326,-802,-1085,-1115,-888,-474,26,500,835,963,874,592,195,-225,-580,-796,-820,-672,-381,-18,326,582,706,685,529,270,-22,-285,-475,-573,-563,-455,-291,-102,68,195,0,0,0,0,0,117,-55,-239,-414,-539,-580,-518,-354,-111,166,422,609,670,590,385,96,-225,-504,-669,-691,-560,-291,59,395,634,734,659,421,78,-298,-612,-785,-770,-569,-220,204,584,819,868,711,372,-73,-514,-832,-959,-857,-540,-86,394,791,997,960,699,268,-248,-707,-997,-1051,-844,-429,91,590,947,1068,927,552,44,-474,-879,-1065,-981,-662,-184,338,772,1001,990,724,287,-221,-674,-949,-969,-754,-357,143,594,884,954,777,387,-91,-543,-860,-956,-800,-439,36,498,837,968,846,509,45,-433,-798,-963,-882,-579,-126,352,734,934,895,624,192,-283,-683,-913,-906,-666,-253,228,642,888,0,696,302,-168,-597,-872,-920,-732,-352,116,542,829,902,729,367,-84,-507,-795,-873,-712,-360,88,515,804,875,708,353,-107,-555,-867,-948,-775,-394,98,572,903,1004,850,472,-41,-551,-921,-1057,-920,-548,-26,499,898,1065,950,593,69,-473,-882,-1056,-956,-613,-106,441,871,1063,979,642,129,-427,-875,-1086,-1014,-667,-150,409,878,1111,1053,724,196,-386,-867,-1139,-1106,-779,-252,340,857,1151,1151,855,333,-274,-806,-1142,-1185,-919,-418,186,742,1109,1195,967,501,-86,-648,-1038,-1163,-994,-563,7,568,976,1132,989,590,38,-512,-927,-1100,-973,-592,-69,476,904,1088,983,623,99,-450,0,0,0,0,0,-1064,-714,-175,420,914,1176,1148,821,283,-322,-853,-1175,-1190,-910,-409,199,759,1118,1189,958,494,-98,-663,-1049,-1161,-983,-550,18,574,975,1118,970,581,40,-497,-890,-1050,-929,-560,-43,475,852,999,874,504,8,-495,-870,-1008,-869,-488,33,550,922,1057,909,507,-31,-569,-970,-1112,-954,-551,4,563,978,1140,1003,592,25,-551,-992,-1166,-1040,-635,-54,549,1010,1214,1108,709,103,-539,-1041,-1285,-1204,-814,-204,470,1035,1337,1305,948,349,-342,-953,-1339,-1384,-1076,-510,181,830,1270,1398,1181,661,-6,-663,-1171,-1383,-1240,-804,-179,488,1018,1294,1247,902,346,-287,-843,-1169,-1198,-936,-455,0,633,984,1079,900,500,-13,-495,-828,-943,-806,-471,-23,418,728,830,719,415,3,-394,-674,-767,-651,-364,21,400,655,728,603,307,-78,-451,-699,-745,-587,-267,144,528,780,822,645,282,-173,-607,-897,-966,-789,-397,116,627,990,1104,950,561,10,-556,-993,-1210,-1138,-774,-206,413,931,1241,1258,964,432,-213,-808,-1221,-1348,-1157,-695,-71,580,1093,1349,1298,952,387,-262,-843,-1219,-1318,-1122,-678,-90,505,972,1189,1139,849,366,-181,-648,-957,-1047,-900,-555,-102,351,703,879,851,636,295,-95,-452,-695,-771,-681,-455,-140,186,453,620,658,571,387,153,-83,-286,-414,-460,-427,-331,0,0,0,0,0,420,471,448,341,158,-73,-316,-513,-619,-615,-486,-258,26,325,558,672,646,482,197,-140,-449,-660,-714,-613,-371,-28,336,623,762,718,493,142,-255,-601,-807,-827,-645,-296,139,548,829,919,786,452,5,-456,-819,-988,-922,-633,-186,316,751,1005,1010,773,346,-169,-645,-973,-1067,-891,-492,25,533,908,1064,957,610,113,-409,-822,-1030,-987,-698,-235,280,718,977,983,743,315,-185,-628,-908,-962,-766,-368,115,568,875,951,785,419,-61,-532,-860,-960,-817,-474,-2,470,818,961,869,545,80,-402,-778,-951,-889,-611,-172,314,717,932,904,640,221,-253,-663,-901,-905,-674,-278,0,615,873,910,709,317,-145,-568,-849,-909,-729,-361,97,523,807,886,720,360,-87,-510,-801,-877,-718,-365,100,538,830,908,742,365,-110,-563,-880,-972,-812,-432,72,566,915,1031,888,506,-11,-529,-911,-1064,-945,-577,-59,474,885,1058,955,602,93,-443,-869,-1063,-974,-618,-101,436,864,1073,990,651,148,-407,-868,-1097,-1031,-695,-177,389,869,1125,1075,747,232,-359,-864,-1140,-1127,-809,-283,307,832,1149,1168,887,375,-241,-789,-1128,-1190,-949,-463,138,705,1086,1184,989,543,-42,-611,-1015,-1150,-990,-576,-19,541,950,1109,979,593,55,-494,-915,-1088,-978,-614,-88,464,901,1099,1007,0,0
61642,mtk,MTK 7916,863635634,rx0-tx0,512,-330,-827,-772,-513,-735,-887,-969,-961,-876,-725,-509,-262,9,287,528,739,877,946,943,860,706,500,253,-10,-274,-515,-723,-864,-944,-952,-874,-727,-522,-276,10,284,541,758,917,995,993,914,744,512,253,-40,-325,-588,-804,-937,-1000,-984,-876,-701,-469,-194,78,345,586,779,903,944,921,820,657,450,199,-58,-304,-539,-728,-849,-908,-900,-815,-656,-465,-226,43,303,533,723,850,912,881,794,637,421,179,-75,-327,-548,-726,-834,-866,-828,-729,-564,-355,-131,102,326,522,651,753,783,746,655,509,335,123,-89,-290,-470,-596,-683,-724,-679,-603,-484,-321,-130,58,250,418,559,649,689,-26,615,488,327,146,-50,-250,-429,-571,-669,-713,-693,-618,-497,-332,-122,89,289,465,615,701,735,710,607,471,275,59,-151,-355,-533,-652,-725,-721,-671,-554,-391,-200,12,228,409,558,671,706,695,630,508,346,148,-72,-278,-457,-596,-692,-730,-711,-603,-451,-265,-44,185,397,567,682,736,726,636,481,277,44,-180,-382,-539,-640,-681,-639,-534,-381,-206,-7,175,330,438,496,504,454,368,254,129,0,-105,-203,-262,-303,-303,-279,-232,-183,-125,-51,19,72,115,147,167,179,178,155,128,99,58,14,-29,-75,-117,-150,-173,-176,-154,-113,-59,8,68,114,144,150,128,-617,-745,510,-245,-524,68,-16,-110,-195,-258,-279,-260,-211,-127,-30,76,174,251,304,332,330,279,221,128,30,-80,-201,-295,-381,-440,-455,-424,-359,-255,-123,41,209,374,507,605,654,631,557,415,214,-18,-256,-476,-684,-811,-872,-855,-739,-551,-292,-2,302,587,827,989,1058,1020,887,656,367,38,-322,-645,-911,-1093,-1170,-1124,-989,-750,-444,-97,266,611,893,1098,1189,1172,1059,834,539,206,-159,-498,-790,-1015,-1135,-1165,-1099,-943,-681,-367,-26,310,616,885,1059,1149,1144,1014,810,541,219,-118,-438,-725,-949,-1096,-1143,-1096,-948,-709,-411,-88,251,555,812,1002,1101,1108,1012,827,577,286,-30,-342,301,-833,-986,-1049,-1030,-931,-752,-514,-232,61,341,607,818,963,1040,1031,927,769,535,244,-61,-366,-649,-866,-1027,-1090,-1071,-962,-763,-513,-210,101,414,687,896,1035,1087,1058,953,759,511,203,-109,-404,-682,-903,-1055,-1122,-1096,-982,-792,-531,-224,104,428,715,942,1103,1183,1145,1016,816,537,205,-138,-470,-774,-1011,-1162,-1222,-1176,-1027,-787,-482,-136,211,547,837,1046,1165,1173,1107,934,681,385,51,-274,-572,-821,-1006,-1098,-1097,-1014,-852,-624,-338,-37,266,541,766,938,1015,1034,956,803,586,320,34,-255,-526,-748,-909,-990,-994,-924,-765,-557,-302,-17,260,527,743,890,974,971,884,627,358,-82,89,311,-830,-644,-403,-134,150,409,638,816,921,957,912,795,616,376,122,-147,-410,-635,-808,-913,-949,-904,-800,-620,-395,-138,138,406,632,811,935,978,944,828,646,401,123,-162,-444,-688,-857,-967,-1005,-953,-822,-612,-354,-77,219,485,708,870,953,955,898,762,564,319,62,-198,-449,-654,-814,-908,-915,-867,-748,-562,-331,-80,177,425,625,779,888,919,864,751,563,338,77,-188,-425,-645,-800,-882,-893,-830,-704,-515,-278,-25,222,445,629,751,815,811,749,609,442,247,15,-200,-402,-559,-674,-740,-736,-678,-563,-402,-230,-25,181,349,508,624,681,690,650,553,415,237,55,628,-331,-490,-604,-671,-692,-655,-562,-419,-242,-41,163,352,516,650,723,722,666,560,402,206,-2,-225,-419,-576,-694,-738,-719,-649,-512,-335,-130,88,286,471,604,689,720,683,585,453,271,57,-144,-343,-509,-627,-705,-715,-664,-550,-396,-207,0,219,425,578,691,739,717,625,477,282,63,-165,-383,-554,-675,-722,-697,-601,-446,-253,-40,177,362,500,579,598,549,455,323,164,-5,-160,-275,-353,-393,-392,-359,-295,-207,-116,-17,67,130,173,211,230,222,198,167,119,75,26,-18,-63,-94,-129,-150,-164,-157,-145,-115,-76,-24,37,94,132,161,170,153,114,59,-6,-65,-537,-347,-82,-1067,-961,-192,-221,-211,-163,-82,20,120,205,272,304,310,268,208,117,21,-95,-194,-280,-347,-372,-385,-347,-282,-192,-70,68,201,327,433,511,542,522,449,324,158,-40,-239,-423,-590,-712,-762,-737,-652,-486,-256,0,276,544,755,911,970,946,819,606,331,10,-317,-630,-889,-1052,-1136,-1098,-945,-709,-402,-44,311,638,911,1096,1187,1166,1030,798,495,132,-223,-569,-856,-1057,-1171,-1182,-1075,-888,-611,-283,68,410,712,949,1098,1160,1118,982,752,462,143,-208,-548,-815,-1020,-1130,-1137,-1052,-878,-632,-327,15,351,653,894,1051,1126,1099,973,775,506,194,-137,-457,-725,-932,-1056,-1094,-1026,-176,-664,-400,-92,202,491,722,905,1011,1031,977,846,633,384,97,-212,-491,-732,-920,-1033,-1056,-1010,-862,-656,-383,-81,230,534,785,971,1075,1087,1018,854,632,354,40,-261,-552,-792,-977,-1086,-1085,-1010,-866,-649,-380,-64,259,554,806,1002,1111,1140,1072,914,675,392,57,-285,-592,-862,-1075,-1180,-1188,-1106,-935,-673,-358,-6,343,668,940,1125,1213,1190,1083,872,593,260,-78,-403,-716,-940,-1095,-1151,-1108,-980,-771,-500,-195,114,414,686,904,1034,1075,1032,910,718,464,179,-111,-403,-653,-852,-977,-1024,-990,-875,-693,-447,-170,117,397,640,824,950,995,958,850,653,419,145,-142,-412,-883,-1042
61643,mtk,MTK 7916,863635634,rx0-tx1,512,-686,548,302,-623,-656,-630,-549,-416,-248,-70,119,286,435,539,594,607,570,479,356,205,45,-115,-256,-375,-468,-517,-536,-509,-441,-349,-234,-105,31,175,303,408,479,520,527,498,427,322,190,45,-114,-261,-397,-509,-567,-598,-588,-524,-407,-257,-89,102,279,436,569,648,678,640,559,429,259,62,-132,-321,-492,-612,-691,-713,-662,-565,-422,-238,-38,162,351,520,635,701,708,652,542,383,205,17,-182,-372,-521,-629,-684,-680,-621,-509,-354,-180,8,203,372,514,613,657,652,589,476,338,162,-19,-202,-370,-509,-594,-633,-632,-568,-458,-320,-151,29,214,381,504,597,637,623,561,-38,293,118,-66,-245,-404,-518,-603,-643,-620,-541,-416,-259,-84,107,285,436,556,629,647,600,518,385,212,13,-179,-355,-495,-606,-648,-640,-573,-452,-302,-118,79,255,408,527,595,610,579,489,360,199,28,-138,-294,-424,-516,-567,-568,-510,-422,-297,-157,11,168,303,416,494,531,523,474,379,256,108,-45,-194,-344,-450,-521,-540,-515,-445,-335,-197,-33,132,296,417,498,536,511,441,333,187,35,-121,-269,-382,-449,-475,-456,-392,-286,-165,-25,114,231,326,386,410,386,325,225,108,-17,-137,-246,-318,-357,-346,-296,-217,-108,17,135,229,284,293,255,173,70,-34,-112,905,852,0,609,349,-158,-166,-136,-78,1,80,149,198,222,216,185,120,45,-32,-103,-169,-218,-239,-233,-204,-161,-83,-5,64,136,194,230,239,221,191,135,68,-7,-74,-122,-165,-191,-188,-181,-155,-122,-90,-45,-6,33,69,101,127,143,166,173,169,148,118,81,32,-27,-89,-139,-191,-224,-244,-243,-207,-153,-94,-24,56,131,182,228,255,251,237,200,151,87,17,-50,-120,-171,-223,-259,-276,-275,-237,-197,-136,-59,32,122,201,273,320,350,345,308,234,146,43,-68,-177,-277,-345,-382,-391,-367,-311,-223,-118,-4,113,222,313,381,418,414,381,319,215,100,-18,-146,-250,-344,-48,-431,-436,-393,-330,-232,-112,19,153,275,382,455,495,496,446,363,245,109,-42,-207,-343,-452,-531,-556,-534,-463,-358,-217,-64,98,254,386,485,540,549,513,443,342,213,54,-99,-250,-371,-474,-533,-554,-541,-480,-377,-244,-91,65,230,374,490,573,604,601,541,430,287,129,-56,-241,-406,-542,-637,-679,-665,-601,-483,-310,-123,83,293,466,611,709,737,708,605,461,270,56,-161,-367,-538,-660,-734,-733,-668,-554,-400,-208,3,212,397,545,645,694,685,621,514,355,173,-18,-221,-387,-533,-641,-682,-672,-610,-487,-333,-151,56,247,417,546,640,671,652,576,451,285,457,670,9,-778,-901,-187,0,190,363,503,589,632,620,555,450,304,140,-30,-204,-351,-465,-540,-574,-561,-502,-409,-278,-132,8,155,282,390,471,510,523,493,429,331,211,76,-66,-204,-334,-441,-514,-553,-549,-503,-425,-295,-144,10,180,342,484,577,638,645,590,493,348,172,-19,-214,-382,-532,-637,-690,-681,-624,-503,-345,-159,52,256,424,567,664,706,693,621,491,318,128,-83,-276,-449,-586,-664,-694,-670,-584,-457,-295,-106,98,287,454,570,643,669,642,556,435,266,82,-109,-296,-443,-559,-631,-645,-617,-536,-406,-237,-66,116,295,437,549,616,631,599,511,385,226,42,-137,-313,634,-565,-624,-630,-587,-493,-353,-199,-8,179,345,483,580,635,636,577,468,327,148,-49,-236,-399,-534,-621,-653,-630,-547,-424,-257,-66,127,311,463,571,639,637,582,479,333,158,-19,-198,-357,-477,-560,-586,-570,-508,-397,-258,-100,69,227,362,461,527,548,518,448,343,202,52,-101,-248,-375,-465,-519,-522,-495,-419,-303,-159,2,162,312,427,511,543,520,450,329,198,37,-130,-277,-402,-477,-506,-489,-421,-309,-173,-30,116,253,352,417,442,420,354,259,139,10,-120,-232,-319,-367,-377,-349,-280,-181,-63,65,174,264,323,330,292,213,108,-8,-117,-197,-234,-223,-172,-100,-358,0,401,643,-11,52,124,177,202,192,155,91,11,-72,-149,-208,-235,-235,-212,-168,-99,-21,57,124,186,230,235,225,195,139,68,-9,-75,-134,-182,-209,-217,-199,-169,-132,-71,-15,32,81,108,136,153,155,153,139,119,88,62,32,-14,-59,-103,-142,-175,-200,-211,-195,-170,-131,-70,-7,73,146,191,229,250,254,221,176,120,45,-29,-97,-163,-209,-248,-259,-256,-229,-193,-144,-72,-1,77,148,203,266,304,314,291,251,189,109,14,-89,-193,-279,-340,-373,-374,-346,-282,-188,-80,37,152,258,340,387,403,392,346,269,170,51,-71,-186,-295,-378,-419,-432,-406,-350,-272,-1135,-54,78,203,309,400,447,468,445,390,298,176,39,-112,-251,-370,-464,-519,-532,-495,-407,-298,-154,4,164,302,425,509,550,549,498,405,276,128,-31,-180,-320,-430,-512,-546,-543,-496,-410,-291,-141,7,158,307,428,522,566,582,545,460,344,196,30,-140,-314,-456,-554,-621,-645,-607,-521,-389,-223,-33,165,350,518,635,698,713,656,543,402,207,-8,-229,-423,-577,-690,-738,-728,-651,-512,-340,-139,82,288,463,605,696,730,697,604,461,282,80,-123,-302,-465,-594,-670,-699,-660,-566,-437,-256,-60,131,320,481,592,664,678,631,536,401,227,30,-166,-351,-504,-614,-578,-295
61644,mtk,MTK 7916,863635634,rx1-tx0,512,0,112,-218,-436,-290,-124,70,253,413,557,654,698,696,633,523,364,167,-48,-273,-472,-631,-763,-821,-816,-744,-604,-411,-169,86,340,580,773,906,956,923,816,627,385,94,-203,-495,-741,-930,-1034,-1047,-977,-820,-578,-289,24,338,622,861,1015,1090,1054,937,744,476,177,-140,-419,-674,-877,-995,-1047,-996,-861,-665,-416,-123,168,436,670,862,979,1008,965,824,626,381,93,-192,-459,-697,-873,-975,-1001,-933,-787,-576,-317,-40,244,501,734,889,963,956,871,710,486,223,-40,-305,-550,-739,-859,-904,-870,-763,-593,-373,-125,115,348,557,699,782,799,747,629,465,271,59,-160,-349,-506,-277,-671,-676,-631,-534,-398,-238,-67,104,270,411,518,580,596,570,504,395,267,114,-50,-206,-349,-469,-548,-585,-591,-537,-438,-309,-149,19,178,328,460,550,602,610,567,485,359,197,27,-146,-323,-471,-584,-659,-679,-644,-554,-419,-247,-43,166,378,568,697,786,809,744,616,436,195,-70,-331,-568,-751,-871,-921,-872,-726,-520,-259,37,324,582,791,903,926,853,695,496,232,-56,-324,-547,-712,-804,-812,-751,-601,-421,-201,47,258,444,586,662,672,617,507,347,169,-21,-206,-367,-480,-547,-557,-504,-410,-280,-110,69,231,367,457,486,450,352,208,44,-118,-248,-318,-318,638,604,0,-762,-613,-50,-30,6,36,70,95,106,111,91,61,26,-11,-51,-87,-121,-136,-129,-125,-101,-72,-39,14,57,100,132,154,162,161,150,123,84,36,-18,-68,-125,-180,-215,-239,-242,-221,-180,-100,-25,53,140,214,279,331,357,333,287,205,86,-38,-169,-292,-393,-461,-489,-457,-379,-268,-114,53,216,368,476,539,555,513,420,287,122,-65,-242,-387,-489,-566,-575,-518,-435,-300,-130,40,208,355,454,515,541,507,411,297,167,7,-133,-262,-367,-426,-447,-425,-372,-304,-202,-98,13,113,198,277,328,353,350,328,291,227,153,73,-24,-120,-225,-297,-363,-400,-393,-377,-321,489,-135,-11,113,236,346,421,479,482,448,369,265,133,-18,-162,-300,-414,-492,-541,-537,-488,-402,-278,-131,36,199,343,459,541,592,583,509,418,286,115,-66,-241,-395,-514,-599,-631,-606,-540,-424,-269,-96,78,262,421,536,619,652,626,558,443,285,107,-75,-260,-426,-555,-642,-687,-668,-604,-497,-340,-139,66,270,458,611,719,778,759,679,540,342,116,-123,-352,-559,-720,-809,-840,-784,-651,-469,-238,5,247,466,637,747,792,776,676,520,341,132,-78,-277,-445,-566,-646,-680,-656,-570,-450,-291,-130,37,203,358,471,551,592,592,541,462,343,195,43,-122,-281,-414,-156,-501,0,670,647,468,576,648,671,625,540,410,237,53,-144,-345,-514,-649,-727,-760,-733,-630,-482,-284,-52,180,408,608,774,870,888,839,717,531,282,6,-279,-544,-769,-922,-1005,-998,-906,-728,-488,-190,117,422,696,909,1037,1084,1031,888,665,387,73,-247,-530,-781,-962,-1059,-1061,-967,-813,-572,-298,1,302,562,776,935,1020,1004,919,757,538,260,-23,-313,-576,-786,-941,-1008,-985,-890,-716,-480,-217,68,352,607,812,944,993,950,840,652,409,138,-143,-416,-645,-822,-911,-929,-877,-740,-545,-307,-49,212,457,658,798,851,833,767,624,428,205,-34,-258,-453,-606,-707,-752,-722,-636,-508,315,-152,43,229,394,521,598,631,615,559,455,319,165,2,-157,-305,-427,-522,-581,-589,-552,-472,-358,-210,-61,104,267,404,511,580,594,569,501,395,250,92,-82,-243,-382,-510,-600,-637,-629,-568,-447,-307,-130,58,247,422,571,683,730,718,655,522,342,132,-110,-347,-550,-726,-844,-869,-820,-692,-498,-249,36,333,593,780,911,942,883,742,522,243,-47,-339,-573,-756,-873,-886,-810,-663,-459,-215,41,291,502,637,740,748,681,565,389,181,-28,-224,-399,-526,-599,-615,-571,-466,-326,-153,35,209,350,460,522,515,451,345,193,23,-151,-295,-391,-422,-389,-289,-148,-7,-59,259,0,-120,-480,51,77,89,83,72,39,8,-31,-70,-94,-116,-123,-121,-103,-72,-24,17,55,98,118,142,150,138,120,92,49,4,-44,-90,-136,-166,-189,-192,-184,-168,-127,-69,-11,58,123,201,259,276,288,270,223,157,69,-38,-155,-252,-352,-403,-417,-401,-339,-245,-112,40,206,336,448,513,522,488,401,271,114,-58,-232,-379,-494,-561,-578,-524,-426,-292,-134,55,220,362,488,548,553,516,420,292,146,-17,-179,-316,-406,-485,-505,-475,-411,-304,-176,-42,91,196,288,354,387,393,364,316,244,154,68,-25,-109,-192,-267,-314,-353,-363,-351,-307,-238,-166,-53,50,160,273,-571,411,440,426,392,312,213,80,-62,-203,-325,-422,-491,-513,-494,-431,-326,-204,-63,100,250,382,482,550,572,546,467,346,200,40,-144,-297,-428,-543,-610,-615,-576,-486,-359,-201,-11,168,336,480,583,631,641,596,494,357,197,5,-181,-346,-498,-605,-652,-666,-617,-523,-380,-220,-26,167,349,505,639,713,725,687,595,443,257,38,-190,-399,-592,-734,-808,-812,-744,-610,-413,-187,59,312,523,692,797,827,787,670,496,283,59,-174,-393,-552,-660,-717,-717,-658,-544,-386,-210,-26,165,331,469,566,613,623,589,496,372,231,79,-84,-240,-378,-492,-567,-598,-590,-533,-435,744,582
61645,mtk,MTK 7916,863635634,rx1-tx1,512,0,0,0,177,465,649,681,559,298,-44,-369,-615,-720,-648,-426,-112,226,512,668,665,504,225,-100,-396,-597,-647,-534,-292,16,316,530,614,539,335,45,-257,-485,-586,-544,-366,-92,214,460,589,565,398,136,-164,-430,-591,-601,-462,-201,115,417,625,665,537,284,-39,-352,-593,-703,-643,-419,-101,246,539,699,697,520,216,-124,-429,-636,-691,-577,-322,10,333,572,664,604,400,89,-249,-518,-652,-634,-468,-186,143,436,628,667,554,314,-3,-319,-557,-660,-603,-410,-126,184,451,616,626,487,240,-53,-329,-516,-583,-512,-326,-73,190,396,512,505,380,171,-67,-268,-399,-430,-361,0,-18,148,270,320,283,177,38,-107,-204,-230,-188,-94,26,133,204,216,154,31,-105,-215,-283,-275,-191,-43,135,287,372,375,278,105,-108,-312,-451,-489,-412,-235,16,270,472,576,556,402,142,-160,-437,-611,-646,-549,-319,3,327,574,696,669,489,194,-152,-473,-692,-753,-645,-397,-58,307,609,759,751,588,291,-79,-439,-698,-797,-726,-507,-173,191,516,733,787,670,410,72,-264,-545,-706,-711,-564,-301,8,306,531,642,612,451,208,-69,-315,-487,-550,-500,-349,-137,99,298,421,460,404,266,85,-104,-262,-356,-382,-339,-238,-96,50,169,249,289,281,228,153,68,0,0,0,0,0,343,335,276,152,-16,-202,-383,-517,-568,-524,-386,-161,112,371,575,685,664,513,251,-73,-393,-638,-761,-734,-552,-249,109,446,688,797,731,498,162,-222,-566,-778,-816,-675,-387,-4,394,711,871,819,586,216,-209,-590,-841,-918,-784,-454,-15,420,769,954,919,667,262,-205,-626,-899,-981,-830,-479,-26,430,793,962,910,651,238,-232,-648,-912,-955,-772,-413,43,509,850,963,858,555,118,-355,-747,-959,-942,-705,-291,200,642,923,996,834,459,-31,-522,-900,-1064,-978,-664,-185,359,829,1100,1120,889,454,-108,-646,-1042,-1208,-1088,-719,-194,375,870,1175,1199,943,479,-91,-638,0,-1189,-1062,-678,-144,411,875,1137,1122,833,351,-214,-728,-1070,-1149,-956,-543,10,571,984,1175,1089,734,201,-376,-866,-1164,-1190,-928,-452,131,691,1085,1215,1067,677,132,-451,-934,-1186,-1155,-859,-360,213,728,1074,1160,960,546,17,-510,-907,-1076,-975,-653,-176,339,762,983,960,696,261,-242,-679,-941,-959,-751,-356,142,608,926,1021,867,506,19,-482,-861,-1031,-968,-674,-215,288,725,997,1035,822,432,-55,-522,-859,-993,-894,-596,-173,284,658,864,869,671,318,-92,-458,-704,-774,-650,-375,-25,320,570,665,591,376,70,-247,-484,-585,-538,-353,-67,235,467,582,549,379,96,-224,0,0,0,0,0,-654,-498,-220,112,426,641,714,619,375,37,-307,-567,-690,-665,-479,-180,160,452,627,654,526,267,-51,-353,-561,-624,-531,-304,-5,280,495,592,535,338,60,-239,-476,-585,-558,-389,-112,187,445,586,576,426,163,-147,-424,-605,-627,-498,-250,71,386,610,687,594,359,27,-316,-579,-706,-668,-470,-158,193,492,676,702,562,281,-64,-387,-610,-687,-594,-360,-48,279,538,661,615,427,140,-185,-473,-643,-658,-511,-243,78,383,596,664,580,359,52,-261,-510,-632,-610,-451,-194,113,387,558,601,504,289,9,-254,-453,-549,-521,-365,-126,121,331,454,462,369,203,-4,-198,0,-377,-328,-204,-42,115,226,269,233,128,-6,-122,-199,-219,-161,-51,73,180,241,233,161,37,-120,-255,-326,-322,-229,-63,131,306,415,426,337,154,-75,-297,-468,-536,-482,-311,-63,217,458,605,611,474,226,-78,-383,-603,-691,-616,-397,-92,236,525,702,724,579,297,-50,-394,-651,-767,-715,-493,-161,207,534,741,787,662,389,34,-331,-629,-786,-772,-599,-307,56,401,652,761,700,495,200,-132,-435,-636,-684,-593,-391,-115,177,428,576,596,489,288,38,-203,-392,-501,-498,-391,-208,4,201,350,425,405,316,169,-5,-164,-281,-342,-342,-283,-187,-74,33,122,180,202,0,0,0,0,0,38,177,309,418,475,461,365,189,-30,-263,-475,-608,-630,-544,-347,-70,235,501,677,731,637,404,83,-254,-546,-737,-777,-658,-389,-27,333,630,802,796,604,278,-108,-474,-749,-855,-766,-483,-95,311,652,857,874,691,345,-89,-512,-824,-945,-854,-565,-143,323,709,938,953,758,389,-79,-534,-862,-989,-897,-597,-148,333,724,942,939,726,335,-142,-578,-871,-956,-818,-491,-37,434,796,968,906,630,200,-284,-705,-960,-984,-769,-374,122,597,936,1053,911,558,72,-442,-867,-1099,-1068,-780,-303,244,741,1080,1171,999,587,39,-517,-966,-1198,-1151,-846,-354,227,761,1111,1194,1011,0,39,-515,-950,-1156,-1090,-771,-256,317,805,1099,1128,896,450,-110,-651,-1027,-1153,-1020,-639,-93,476,935,1168,1126,817,313,-265,-787,-1135,-1213,-1007,-567,5,582,1020,1225,1133,776,242,-345,-846,-1144,-1162,-911,-457,89,614,991,1119,975,602,100,-415,-819,-1023,-970,-672,-216,287,716,952,948,715,302,-189,-643,-936,-996,-811,-422,68,550,905,1043,925,589,115,-388,-792,-1012,-1003,-761,-330,179,631,937,1027,864,511,57,-405,-768,-945,-900,-643,-248,187,562,791,827,676,368,-20,-382,-630,-708,-621,-380,-55,265,506,611,554,356,68,-233,-474,-580,-530,-351,-76,231,476,599,565,0,0
61646,mtk,MTK 7916,863635634,rx2-tx0,512,0,0,0,408,868,1137,1143,864,365,-233,-783,-1159,-1268,-1073,-616,-5,608,1085,1320,1235,847,258,-391,-947,-1283,-1323,-1042,-505,156,778,1209,1354,1179,719,82,-573,-1085,-1333,-1258,-878,-290,362,932,1276,1303,1010,471,-177,-782,-1198,-1313,-1108,-632,-2,634,1111,1304,1173,766,177,-460,-984,-1260,-1230,-892,-332,300,850,1187,1228,967,465,-152,-724,-1113,-1214,-1008,-549,37,611,1040,1206,1064,656,72,-538,-1004,-1214,-1133,-764,-193,427,945,1235,1220,896,352,-284,-864,-1248,-1318,-1061,-539,115,746,1210,1393,1229,765,115,-567,-1119,-1403,-1360,-994,-382,316,945,1358,1443,1185,649,-36,-719,-1235,-1452,-1326,-883,0,466,1059,1395,1403,1080,493,-210,-855,-1296,-1419,-1205,-710,-37,640,1167,1419,1326,912,277,-421,-1027,-1389,-1423,-1115,-541,171,850,1322,1490,1311,824,133,-592,-1185,-1495,-1454,-1079,-447,299,978,1422,1535,1289,741,24,-696,-1263,-1538,-1454,-1034,-372,380,1039,1447,1525,1250,691,-26,-735,-1270,-1498,-1375,-951,-312,411,1032,1404,1446,1161,616,-62,-728,-1224,-1435,-1326,-919,-308,359,942,1308,1380,1146,670,51,-568,-1047,-1285,-1245,-934,-431,144,671,1039,1173,1053,712,235,-264,-691,-962,-1014,-852,-521,-96,330,672,863,864,695,397,34,-317,-591,-742,-747,-615,-384,-108,161,383,520,560,510,399,247,0,0,0,0,0,270,415,513,538,476,317,85,-188,-454,-660,-759,-720,-541,-241,123,477,752,888,839,616,252,-178,-584,-891,-1009,-911,-615,-179,315,761,1048,1116,932,534,7,-535,-975,-1208,-1185,-897,-394,221,792,1194,1336,1182,763,172,-469,-1023,-1355,-1375,-1087,-562,104,762,1247,1448,1330,902,264,-427,-1022,-1392,-1443,-1162,-628,44,702,1199,1422,1313,904,297,-366,-937,-1291,-1334,-1066,-552,80,680,1113,1268,1125,725,161,-438,-920,-1168,-1133,-828,-327,244,743,1052,1102,882,434,-103,-608,-969,-1094,-938,-544,-21,512,925,1113,1023,680,173,-386,-856,-1124,-1115,-843,-363,212,741,1092,1185,993,559,-6,0,-1022,-1208,-1098,-730,-187,407,911,1195,1184,885,372,-236,-792,-1153,-1240,-1023,-550,64,662,1107,1291,1160,747,143,-503,-1028,-1310,-1277,-946,-387,279,880,1265,1356,1123,621,-37,-683,-1168,-1371,-1248,-824,-207,457,1012,1320,1305,987,434,-225,-820,-1204,-1292,-1077,-593,32,634,1074,1247,1108,699,127,-475,-954,-1190,-1137,-805,-268,330,837,1131,1144,882,407,-168,-690,-1033,-1126,-944,-525,22,548,924,1070,962,620,123,-393,-797,-989,-937,-659,-220,265,670,901,897,655,253,-199,-598,-838,-858,-665,-289,162,565,822,866,686,329,-121,-545,-831,-911,-746,-391,68,518,847,972,855,507,17,-483,0,0,0,0,0,-1055,-746,-253,321,838,1165,1216,970,484,-123,-705,-1135,-1299,-1162,-744,-139,499,1022,1311,1288,954,393,-265,-863,-1256,-1348,-1118,-615,40,681,1148,1344,1225,802,185,-475,-1013,-1301,-1285,-954,-382,281,868,1239,1310,1062,556,-89,-712,-1157,-1311,-1144,-699,-88,552,1059,1291,1202,832,259,-382,-918,-1222,-1228,-923,-391,224,783,1148,1229,997,513,-101,-679,-1076,-1212,-1037,-600,-18,574,1025,1211,1089,699,130,-478,-974,-1225,-1173,-831,-270,370,922,1247,1266,975,447,-203,-818,-1236,-1357,-1147,-654,0,662,1174,1407,1301,883,253,-443,-1032,-1382,-1413,-1103,-526,178,838,1304,1458,1265,773,103,-598,-1159,0,-1378,-988,-366,339,961,1354,1420,1146,608,-77,-754,-1242,-1423,-1270,-817,-169,531,1099,1400,1380,1026,411,-312,-952,-1369,-1467,-1218,-683,17,727,1267,1503,1391,948,286,-446,-1083,-1470,-1502,-1188,-601,136,843,1353,1548,1377,892,202,-539,-1157,-1508,-1500,-1149,-541,192,876,1358,1520,1325,825,143,-567,-1142,-1452,-1426,-1067,-467,235,876,1312,1450,1254,776,121,-555,-1098,-1391,-1375,-1058,-503,165,773,1196,1354,1215,818,254,-350,-863,-1174,-1219,-1011,-594,-62,461,871,1079,1043,790,386,-80,-517,-830,-955,-875,-620,-253,145,501,739,822,738,518,215,-111,-400,-601,-685,-645,-503,-305,-83,118,266,360,0,0,0,0,0,-331,-225,-68,136,352,543,659,663,552,327,26,-305,-599,-790,-832,-714,-442,-68,335,686,902,936,771,442,1,-460,-834,-1041,-1024,-777,-347,162,653,1029,1184,1075,722,195,-393,-899,-1219,-1275,-1048,-587,17,634,1120,1358,1292,935,363,-301,-910,-1322,-1431,-1222,-738,-78,605,1155,1441,1401,1047,461,-228,-870,-1317,-1456,-1260,-784,-138,534,1080,1373,1343,1001,437,-218,-809,-1210,-1323,-1114,-646,-46,547,1002,1212,1128,780,255,-327,-823,-1105,-1114,-855,-388,178,678,1004,1096,911,498,-39,-566,-950,-1098,-972,-610,-95,454,895,1113,1066,757,265,-304,-806,-1111,-1157,-924,-461,116,664,1054,1195,0,651,91,-499,-970,-1201,-1146,-813,-280,319,848,1172,1211,950,458,-147,-723,-1131,-1261,-1085,-642,-40,576,1067,1302,1219,836,253,-392,-950,-1292,-1326,-1041,-496,169,788,1224,1374,1192,725,83,-582,-1105,-1354,-1281,-907,-324,342,925,1263,1298,1022,500,-142,-731,-1136,-1266,-1093,-646,-40,564,1023,1227,1124,746,192,-401,-897,-1169,-1145,-839,-337,249,767,1084,1134,907,470,-79,-610,-985,-1107,-957,-576,-58,464,857,1036,955,639,173,-324,-726,-944,-926,-667,-244,231,630,859,871,662,276,-180,-582,-826,-854,-664,-304,143,554,823,881,712,358,-96,-534,-840,-936,-792,-446,25,509,868,1014,912,0,0
61647,mtk,MTK 7916,863635634,rx2-tx1,512,0,0,0,-973,-1164,-1080,-733,-203,379,878,1171,1190,924,445,-144,-699,-1091,-1218,-1062,-657,-96,489,955,1182,1127,818,311,-270,-779,-1096,-1142,-911,-470,77,597,965,1090,940,560,62,-447,-844,-1024,-947,-626,-148,358,769,988,955,675,211,-303,-737,-994,-1011,-763,-306,233,707,1010,1069,862,441,-99,-620,-991,-1118,-970,-583,-47,513,952,1156,1070,709,175,-398,-884,-1161,-1151,-855,-342,263,815,1183,1268,1040,563,-57,-682,-1155,-1355,-1226,-810,-198,456,1009,1340,1367,1071,510,-162,-789,-1231,-1398,-1242,-791,-157,507,1049,1343,1328,1006,454,-191,-781,-1191,-1324,-1145,-711,-123,475,952,1204,1175,879,391,0,-670,-996,-1076,-904,-528,-41,434,787,939,853,562,159,-276,-628,-809,-787,-572,-211,197,539,730,732,553,235,-146,-479,-688,-720,-561,-250,127,475,698,739,590,276,-122,-502,-773,-853,-718,-400,37,491,840,995,923,626,164,-357,-808,-1083,-1117,-892,-453,97,647,1062,1240,1138,778,235,-374,-911,-1244,-1291,-1058,-596,15,634,1112,1346,1286,943,402,-234,-823,-1223,-1363,-1225,-816,-239,369,885,1211,1276,1068,644,106,-431,-861,-1098,-1103,-871,-470,11,476,809,957,903,667,300,-113,-479,-729,-818,-745,-524,-197,150,443,641,708,641,463,213,-63,-305,-473,-545,-532,-443,-297,-134,19,0,0,0,0,0,-442,-453,-399,-264,-72,156,383,558,640,614,469,229,-59,-345,-567,-683,-668,-510,-243,77,396,636,735,682,476,155,-210,-519,-718,-771,-652,-370,6,392,698,846,808,590,229,-199,-595,-867,-947,-811,-490,-45,423,796,991,978,743,324,-176,-632,-955,-1060,-924,-573,-84,419,829,1055,1042,787,353,-160,-635,-975,-1076,-926,-576,-94,417,825,1031,997,741,309,-191,-639,-934,-1000,-821,-453,9,461,805,963,883,584,140,-335,-721,-932,-921,-690,-286,172,597,889,968,809,453,-3,-458,-816,-976,-895,-608,-178,291,684,918,934,721,335,-127,-560,-855,-939,-792,-465,-25,429,780,0,856,580,168,-286,-667,-889,-898,-686,-307,147,554,823,889,740,407,-28,-454,-767,-883,-779,-479,-56,391,732,892,831,559,140,-318,-717,-948,-937,-691,-273,217,667,969,1037,842,440,-68,-566,-926,-1067,-963,-622,-118,414,839,1057,1019,737,267,-273,-737,-1016,-1049,-829,-400,134,639,990,1099,926,524,-7,-546,-946,-1115,-1011,-660,-140,418,872,1119,1102,814,317,-264,-780,-1102,-1171,-953,-492,88,647,1061,1215,1073,683,124,-469,-941,-1194,-1167,-854,-336,248,770,1107,1181,965,526,-36,-586,-984,-1149,-1031,-658,-133,415,864,1091,1053,758,271,-281,-755,-1042,-1078,-848,-406,133,646,1008,0,0,0,0,0,624,93,-471,-932,-1173,-1137,-833,-324,272,800,1141,1217,1003,558,-20,-597,-1026,-1206,-1108,-743,-209,373,862,1144,1153,883,398,-169,-684,-1030,-1124,-935,-527,-7,507,901,1058,946,600,104,-411,-812,-1007,-942,-642,-183,324,748,989,975,702,244,-281,-729,-999,-1035,-808,-365,174,672,1007,1097,916,505,-34,-571,-976,-1140,-1023,-652,-116,454,918,1157,1107,787,260,-338,-858,-1179,-1218,-945,-436,180,760,1182,1317,1130,675,62,-588,-1106,-1364,-1310,-943,-357,320,923,1305,1396,1159,651,-8,-657,-1152,-1384,-1289,-900,-308,354,929,1282,1342,1096,603,-23,-635,-1092,-1285,-1183,-812,-271,314,805,1098,0,907,472,-51,-540,-883,-1003,-883,-551,-108,337,693,870,820,574,188,-235,-578,-764,-760,-563,-225,157,501,706,727,556,241,-127,-465,-683,-723,-571,-264,117,474,726,793,650,335,-84,-504,-813,-922,-810,-499,-52,432,839,1061,1034,757,293,-246,-743,-1089,-1192,-1020,-610,-51,528,996,1243,1222,917,391,-220,-788,-1194,-1339,-1186,-772,-179,454,985,1303,1348,1106,619,1,-606,-1080,-1329,-1291,-970,-462,120,673,1066,1220,1106,774,301,-216,-671,-969,-1048,-905,-583,-154,286,643,847,877,717,413,47,-313,-593,-747,-748,-595,-334,-28,268,504,628,632,534,365,149,-72,-250,-365,-405,-381,0,0,0,0,0,16,-156,-329,-476,-566,-573,-478,-299,-51,220,460,626,674,592,393,106,-207,-487,-669,-714,-608,-367,-40,298,580,734,726,567,270,-102,-458,-716,-819,-736,-479,-101,307,654,870,895,709,343,-101,-527,-845,-990,-915,-625,-188,295,721,982,1023,843,462,-31,-519,-894,-1072,-1001,-690,-233,287,739,1008,1052,866,471,-29,-530,-902,-1057,-967,-660,-200,305,730,978,1000,790,388,-100,-556,-879,-987,-851,-515,-69,390,766,953,904,643,226,-256,-673,-925,-961,-754,-367,101,541,860,977,856,537,91,-377,-749,-944,-921,-676,-266,202,613,883,937,760,405,-44,-485,-804,-933,-839,-529,0,362,727,913,876,633,244,-210,-621,-870,-906,-721,-364,72,491,789,884,752,431,9,-422,-747,-886,-804,-515,-89,363,732,916,880,627,204,-282,-696,-954,-987,-774,-364,140,620,953,1061,910,539,34,-485,-887,-1072,-1003,-685,-196,335,783,1047,1044,780,340,-190,-685,-1007,-1074,-878,-466,65,585,962,1108,977,596,63,-482,-911,-1124,-1067,-742,-225,344,821,1116,1136,869,390,-184,-723,-1086,-1185,-1013,-588,-12,565,1004,1207,1128,774,236,-357,-866,-1171,-1186,-921,-442,133,672,1054,1173,1006,598,52,-502,-923,-1113,-1035,-707,-205,345,804,1067,1063,798,342,-202,-701,-1027,-1108,-907,-471,0,0
61648,mtk,MTK 7916,863666087,rx0-tx0,512,-330,-733,-596,-867,-959,-952,-830,-629,-362,-54,264,539,759,903,947,895,748,521,251,-48,-341,-603,-800,-912,-935,-855,-687,-451,-166,141,436,687,867,960,940,839,637,358,45,-269,-569,-802,-943,-997,-941,-778,-535,-222,107,420,693,876,970,969,859,657,388,82,-222,-498,-731,-880,-933,-889,-757,-553,-300,-6,288,540,740,871,902,849,703,478,208,-87,-372,-624,-802,-899,-898,-796,-621,-373,-82,221,487,703,841,884,828,693,483,216,-64,-325,-558,-715,-805,-804,-716,-564,-346,-99,144,379,573,699,749,721,617,463,256,28,-206,-413,-568,-677,-706,-666,-552,-386,-188,33,251,443,-26,677,689,629,511,330,116,-103,-321,-508,-639,-699,-688,-600,-440,-251,-16,215,445,619,710,733,670,537,346,104,-142,-360,-549,-664,-715,-694,-590,-418,-194,42,268,470,609,684,692,627,491,298,69,-163,-382,-557,-667,-700,-670,-556,-380,-165,75,310,504,653,714,707,609,431,204,-47,-296,-503,-652,-719,-683,-560,-376,-153,97,332,493,602,630,564,426,251,51,-136,-296,-404,-456,-446,-381,-282,-159,-35,80,174,239,271,268,242,192,124,51,-17,-77,-124,-155,-168,-165,-151,-120,-88,-41,0,46,88,133,159,161,148,115,61,-7,-69,-122,-155,-155,-128,-76,-13,-794,-836,510,-587,-793,-98,-11,88,183,248,276,263,192,93,-26,-145,-235,-310,-333,-316,-269,-172,-65,53,185,294,370,412,417,358,262,123,-41,-210,-365,-485,-561,-563,-512,-398,-207,17,254,475,651,759,770,686,514,250,-40,-349,-623,-827,-945,-940,-830,-606,-281,72,433,748,977,1097,1087,928,649,294,-95,-489,-833,-1065,-1174,-1140,-965,-680,-307,85,484,820,1064,1181,1151,998,727,372,-24,-419,-764,-1016,-1152,-1163,-1032,-789,-456,-71,306,653,921,1094,1151,1074,865,568,206,-182,-542,-844,-1045,-1140,-1103,-945,-679,-337,48,413,733,967,1097,1108,990,750,439,81,-295,-612,-872,-1036,-1080,-1007,301,-563,-242,113,426,711,914,1016,1018,913,711,435,123,-212,-525,-776,-960,-1043,-1011,-880,-641,-341,7,351,668,899,1049,1078,989,806,522,183,-165,-496,-786,-979,-1073,-1053,-931,-711,-405,-70,275,595,849,1027,1103,1058,901,643,325,-33,-395,-724,-977,-1121,-1149,-1061,-855,-561,-205,185,550,858,1085,1187,1170,1021,746,403,13,-380,-726,-1015,-1173,-1195,-1110,-876,-571,-188,203,569,863,1052,1146,1116,948,691,378,25,-345,-650,-893,-1045,-1077,-995,-810,-556,-239,107,437,708,912,1016,1010,913,708,432,117,-219,-519,-765,-932,-997,-952,-821,-593,-311,6,326,610,817,947,970,890,717,189,-79,-82,414,600,-434,-127,193,485,721,889,962,922,785,572,293,-13,-313,-581,-781,-908,-940,-874,-716,-483,-204,96,391,641,829,934,941,849,670,419,117,-201,-490,-747,-914,-987,-962,-829,-593,-304,20,346,632,848,976,988,909,720,452,154,-170,-469,-721,-889,-964,-926,-805,-600,-328,-34,263,526,737,870,919,862,724,516,246,-40,-326,-579,-771,-881,-904,-834,-672,-431,-149,152,426,656,825,902,868,746,548,292,2,-275,-523,-714,-832,-845,-778,-619,-410,-158,106,357,558,705,765,755,675,509,294,60,-179,-393,-564,-682,-721,-689,-578,-424,-222,2,225,425,570,660,690,647,532,628,151,-74,-283,-472,-608,-678,-683,-627,-489,-300,-70,156,386,555,679,728,694,593,400,180,-63,-299,-496,-647,-730,-718,-637,-483,-272,-39,199,426,598,699,712,656,527,341,130,-97,-321,-511,-638,-695,-679,-595,-443,-234,-10,227,440,600,693,713,650,514,310,67,-180,-413,-595,-701,-730,-663,-515,-304,-54,203,415,575,669,681,579,413,215,-10,-223,-387,-498,-542,-512,-423,-287,-126,41,185,295,349,359,326,262,177,82,-10,-87,-154,-198,-217,-212,-190,-148,-98,-42,10,55,92,124,146,152,146,127,94,34,-23,-79,-125,-161,-169,-150,-110,-48,21,78,118,122,-252,-26,-82,-805,-606,178,224,223,175,87,-17,-134,-235,-292,-314,-279,-215,-121,1,111,219,307,349,368,340,262,154,25,-125,-265,-373,-453,-485,-463,-383,-252,-72,122,310,495,624,673,647,532,346,102,-173,-423,-658,-806,-855,-808,-649,-411,-103,227,544,815,985,1034,965,768,467,108,-283,-648,-933,-1102,-1146,-1055,-821,-490,-97,309,684,975,1150,1184,1090,855,528,133,-268,-643,-939,-1126,-1182,-1105,-897,-589,-216,177,555,866,1084,1166,1121,947,675,334,-45,-422,-752,-994,-1135,-1135,-1008,-765,-445,-77,304,653,920,1094,1131,1052,854,559,204,-164,-523,-815,-1008,-1101,-1055,-892,-649,-323,32,382,-176,891,1026,1035,942,758,487,165,-161,-475,-738,-915,-1001,-996,-879,-675,-398,-65,269,586,845,1011,1074,1019,846,588,267,-87,-426,-729,-957,-1067,-1064,-963,-752,-453,-118,227,545,821,1005,1089,1064,916,676,368,24,-330,-650,-909,-1073,-1129,-1064,-883,-606,-266,99,468,788,1027,1159,1163,1039,814,489,116,-276,-648,-941,-1134,-1208,-1150,-966,-678,-296,86,475,813,1050,1180,1164,1034,780,464,104,-278,-624,-879,-1053,-1119,-1053,-866,-617,-298,51,392,682,897,1025,1039,951,760,497,171,-162,-475,-744,-920,-1006,-986,-859,-648,-369,-41,271,562,789,933,984,926,765,528,241,-80,-386,-655,-965,-982
61649,mtk,MTK 7916,863666087,rx0-tx1,512,-686,205,-77,-630,-544,-394,-200,6,215,398,537,610,619,557,444,285,92,-89,-270,-419,-513,-562,-552,-481,-364,-217,-62,104,258,387,477,515,509,456,359,224,77,-84,-243,-381,-488,-538,-535,-498,-396,-257,-85,102,275,430,546,606,611,544,418,241,41,-172,-374,-530,-634,-681,-651,-539,-376,-172,59,278,478,621,698,698,624,487,290,71,-161,-379,-556,-676,-709,-676,-565,-399,-191,44,263,449,594,674,683,618,489,311,101,-132,-338,-502,-621,-675,-645,-560,-413,-219,-6,211,400,544,633,655,607,487,331,138,-75,-279,-453,-569,-630,-627,-555,-426,-247,-46,163,358,507,599,-38,610,506,345,149,-63,-257,-441,-570,-631,-630,-564,-432,-252,-44,167,373,520,626,655,613,510,334,136,-96,-317,-481,-604,-657,-634,-546,-382,-186,23,244,429,571,634,626,557,425,245,47,-157,-343,-484,-562,-589,-548,-449,-302,-121,73,250,393,499,547,539,473,356,204,16,-166,-320,-451,-526,-543,-511,-412,-268,-99,94,276,416,505,548,530,437,292,109,-88,-264,-404,-497,-528,-495,-392,-257,-86,89,250,382,455,471,434,339,206,45,-114,-248,-353,-406,-407,-357,-270,-140,7,140,266,337,360,341,273,157,24,-108,-227,-299,-320,-278,-186,-67,57,153,207,203,800,654,0,720,569,152,169,145,89,6,-78,-155,-210,-227,-203,-148,-68,19,108,174,220,239,219,174,103,16,-69,-149,-204,-235,-236,-205,-147,-74,8,87,141,190,217,202,177,129,72,10,-48,-91,-126,-151,-157,-159,-139,-114,-83,-47,-2,55,100,141,177,195,198,171,126,71,-3,-87,-148,-206,-242,-253,-236,-183,-113,-29,55,136,206,246,257,242,209,158,87,3,-76,-143,-214,-262,-280,-273,-234,-185,-102,-10,100,201,274,327,339,330,267,177,70,-56,-177,-277,-348,-391,-379,-323,-233,-113,11,149,262,358,403,410,374,289,184,46,-88,-211,-334,-399,-429,-418,-361,-267,-48,4,149,274,378,447,455,425,352,237,96,-64,-214,-356,-461,-509,-507,-445,-337,-184,-13,168,332,456,533,545,506,402,257,93,-91,-264,-401,-503,-550,-535,-468,-347,-204,-36,138,302,434,515,544,525,459,343,187,10,-177,-345,-478,-571,-600,-567,-479,-343,-158,44,242,423,554,638,652,598,479,302,93,-127,-346,-531,-648,-710,-688,-594,-435,-212,23,274,484,641,733,734,663,517,307,75,-169,-391,-574,-683,-721,-690,-577,-396,-178,48,274,462,611,684,684,621,482,303,83,-136,-343,-516,-630,-679,-661,-561,-402,-207,11,226,420,570,660,670,614,480,300,90,194,513,9,-931,-960,162,362,521,612,642,602,495,334,140,-62,-255,-414,-536,-586,-574,-514,-391,-241,-72,106,269,398,484,527,523,464,363,222,67,-94,-248,-380,-471,-516,-520,-474,-380,-247,-81,84,256,412,518,573,569,512,410,253,70,-129,-321,-489,-601,-653,-637,-554,-399,-215,1,227,428,575,676,696,643,520,335,117,-118,-334,-520,-651,-707,-692,-601,-448,-241,-11,213,423,579,686,708,653,528,350,135,-90,-300,-478,-611,-679,-672,-585,-449,-267,-41,176,367,525,628,661,629,525,373,176,-37,-251,-426,-547,-629,-638,-580,-453,-287,-91,119,316,478,588,632,616,528,385,203,634,-214,-401,-537,-618,-629,-580,-469,-295,-96,110,312,477,596,646,634,538,387,198,-22,-235,-430,-570,-644,-660,-581,-449,-275,-53,164,376,534,621,651,603,488,318,105,-106,-312,-473,-577,-613,-589,-496,-345,-168,20,211,375,502,568,571,509,401,250,70,-115,-286,-423,-513,-554,-517,-438,-313,-147,29,206,367,476,536,543,480,360,205,28,-166,-343,-465,-545,-544,-481,-359,-197,-9,179,335,444,503,493,428,308,148,-14,-175,-316,-411,-453,-427,-356,-244,-102,50,186,297,373,386,358,276,149,19,-113,-233,-316,-344,-325,-248,-130,3,133,227,274,256,190,90,-12,-448,-657,0,133,457,39,-29,-108,-170,-201,-190,-151,-75,16,106,176,222,233,208,150,84,-4,-90,-162,-221,-241,-231,-193,-126,-50,34,115,178,215,228,201,161,112,34,-42,-103,-155,-178,-184,-171,-145,-111,-61,-16,30,72,102,133,154,171,164,147,117,71,13,-49,-116,-164,-205,-230,-216,-177,-132,-55,22,116,194,245,263,251,219,165,92,10,-74,-146,-207,-248,-264,-249,-220,-166,-92,-8,77,160,231,283,304,301,252,187,91,-15,-129,-238,-310,-356,-367,-333,-256,-154,-29,110,226,322,379,402,380,315,216,81,-48,-189,-297,-376,-420,-409,-372,-284,-152,-19,126,255,358,-1135,449,417,352,253,112,-40,-181,-308,-408,-473,-481,-442,-357,-222,-64,104,267,399,495,536,519,437,303,133,-45,-221,-369,-473,-533,-542,-487,-376,-236,-58,117,286,418,506,545,531,468,348,193,20,-151,-313,-452,-541,-578,-552,-468,-344,-174,16,204,368,508,602,629,593,485,325,134,-79,-287,-475,-610,-674,-672,-606,-455,-262,-41,199,407,593,697,735,691,557,378,146,-99,-328,-537,-673,-737,-722,-625,-456,-237,-8,224,440,601,690,709,651,522,348,128,-90,-305,-491,-619,-688,-677,-598,-449,-257,-43,179,390,544,644,675,633,526,360,151,-71,-283,-467,-592,-666,-719,-539
61650,mtk,MTK 7916,863666087,rx1-tx0,512,0,322,46,-121,83,287,461,592,669,682,620,492,307,80,-156,-388,-573,-706,-773,-757,-668,-503,-269,3,274,522,729,859,904,842,683,450,159,-166,-480,-736,-919,-1001,-975,-842,-604,-298,55,397,692,930,1061,1063,948,733,423,69,-294,-623,-877,-1038,-1081,-1009,-818,-537,-203,145,471,753,943,1035,1018,889,668,383,48,-287,-584,-827,-983,-1022,-961,-791,-554,-246,95,413,681,889,993,989,891,687,408,80,-240,-540,-782,-937,-984,-921,-756,-525,-224,97,397,652,834,924,920,801,605,345,33,-271,-527,-720,-843,-869,-795,-637,-402,-151,119,373,574,711,758,736,633,459,240,10,-277,-400,-547,-637,-660,-606,-505,-346,-161,36,213,385,500,577,594,555,458,320,142,-43,-220,-380,-504,-589,-597,-536,-437,-294,-120,68,258,408,532,594,598,540,430,268,80,-117,-301,-469,-578,-639,-634,-557,-434,-262,-47,179,390,568,681,738,714,608,430,193,-80,-347,-588,-763,-851,-842,-736,-544,-272,48,368,634,840,941,921,781,554,256,-76,-408,-668,-837,-912,-870,-714,-478,-194,116,403,626,768,805,747,598,376,125,-133,-362,-543,-648,-680,-612,-486,-298,-87,127,319,474,561,574,508,382,222,28,-173,-334,-445,-503,-478,-376,-222,-28,158,307,383,380,299,163,499,578,0,-748,-769,64,41,5,-28,-70,-100,-110,-103,-86,-48,-7,45,86,113,136,137,113,83,43,-7,-64,-105,-136,-162,-159,-145,-111,-71,-19,37,87,145,174,194,210,180,128,73,-10,-81,-177,-253,-296,-303,-276,-211,-130,-18,99,215,309,384,413,383,301,173,32,-137,-298,-417,-496,-512,-467,-360,-198,-4,191,360,490,556,555,487,352,185,-20,-221,-399,-506,-564,-550,-483,-345,-159,23,210,369,480,538,522,447,324,186,-2,-175,-315,-408,-453,-451,-402,-307,-183,-49,87,200,293,348,367,358,319,252,161,61,-45,-153,-232,-310,-348,-368,-351,-293,-205,-93,39,162,274,489,422,439,404,327,208,65,-92,-246,-371,-469,-511,-490,-430,-323,-178,-1,183,340,467,545,562,512,415,275,96,-93,-280,-431,-540,-600,-588,-519,-388,-208,-3,196,386,535,626,645,600,493,331,135,-80,-281,-467,-598,-665,-661,-585,-455,-270,-58,160,353,521,643,689,663,573,425,231,0,-211,-429,-614,-711,-747,-710,-592,-401,-168,98,347,578,734,820,812,707,526,277,2,-278,-535,-717,-819,-830,-743,-579,-336,-74,201,442,628,735,772,707,576,389,171,-71,-287,-472,-597,-658,-660,-584,-462,-294,-101,89,281,429,536,590,599,546,438,287,105,-83,-267,-421,-537,158,-226,0,497,607,626,645,596,480,310,107,-115,-328,-510,-649,-723,-723,-643,-488,-293,-54,199,437,643,787,841,804,689,493,227,-69,-374,-629,-825,-943,-958,-851,-652,-382,-57,278,595,846,1005,1053,972,800,530,187,-180,-516,-803,-1006,-1087,-1051,-894,-641,-316,44,397,705,927,1040,1039,943,741,459,127,-216,-528,-780,-960,-1036,-987,-845,-615,-316,16,339,626,842,992,1017,921,739,484,162,-158,-474,-739,-915,-985,-953,-831,-611,-326,-5,320,598,816,945,957,862,683,427,136,-178,-475,-703,-861,-915,-861,-714,-505,-248,45,321,565,730,806,806,708,544,316,70,-172,-399,-574,-681,-706,315,-561,-401,-205,20,221,394,530,608,617,575,473,322,149,-41,-221,-377,-501,-577,-584,-542,-449,-316,-143,57,242,396,515,584,594,537,433,289,104,-88,-281,-440,-556,-611,-612,-558,-435,-269,-78,131,331,499,627,692,671,590,442,242,14,-235,-470,-651,-770,-800,-741,-596,-369,-92,200,475,705,860,912,842,676,424,112,-221,-522,-755,-903,-939,-853,-652,-376,-59,270,548,747,852,850,739,543,288,10,-262,-497,-660,-742,-724,-620,-444,-229,7,236,427,562,622,607,514,368,168,-37,-235,-386,-492,-538,-504,-392,-242,-57,141,307,423,464,416,301,134,-38,-190,-270,-285,-9,0,194,-193,-50,-80,-88,-89,-77,-41,1,42,81,112,124,125,101,71,27,-30,-81,-111,-143,-153,-146,-113,-77,-24,33,81,128,160,181,178,162,127,64,16,-56,-135,-183,-228,-239,-232,-207,-140,-54,40,139,226,299,346,344,299,215,100,-44,-185,-317,-403,-452,-460,-387,-269,-111,70,245,409,514,550,517,420,274,83,-114,-310,-453,-547,-574,-532,-420,-261,-78,118,301,459,540,554,514,398,254,70,-114,-283,-396,-484,-514,-468,-376,-243,-98,56,199,315,386,410,396,340,262,148,43,-70,-166,-251,-311,-343,-352,-320,-262,-180,-81,24,142,251,335,387,402,375,317,-571,88,-53,-198,-320,-417,-463,-468,-420,-325,-201,-33,129,279,409,500,540,512,427,300,132,-51,-233,-386,-513,-579,-581,-522,-401,-247,-54,146,331,484,591,620,596,502,357,167,-40,-243,-432,-566,-639,-642,-585,-471,-299,-95,125,330,502,622,679,663,577,438,246,29,-186,-385,-551,-670,-710,-681,-604,-434,-214,28,273,495,660,762,783,721,575,353,95,-191,-446,-658,-800,-848,-808,-657,-432,-168,116,372,599,746,811,782,664,471,243,-13,-263,-467,-621,-705,-713,-634,-505,-321,-122,92,287,446,561,617,621,557,436,277,99,-87,-272,-424,-535,-598,-598,-541,-433,-282,760,741
61651,mtk,MTK 7916,863666087,rx1-tx1,512,0,0,0,-179,124,408,615,699,645,463,181,-139,-423,-625,-708,-650,-463,-183,131,410,597,664,594,403,127,-165,-416,-578,-616,-518,-306,-37,235,451,571,575,453,234,-40,-303,-501,-593,-554,-389,-146,138,393,561,616,539,335,63,-226,-483,-642,-653,-534,-308,-12,293,540,683,684,542,292,-22,-337,-575,-696,-678,-531,-271,38,340,582,692,657,485,226,-85,-377,-579,-665,-619,-442,-175,133,412,601,666,600,411,132,-172,-437,-610,-666,-584,-384,-115,173,425,595,647,563,366,104,-172,-409,-559,-593,-512,-332,-88,165,375,501,529,460,301,89,-129,-308,-422,-453,-396,-258,-68,0,243,324,332,271,152,8,-115,-209,-245,-212,-126,-9,110,191,217,194,119,-2,-126,-233,-293,-289,-209,-80,82,242,355,401,363,233,50,-152,-335,-469,-513,-458,-309,-87,170,398,549,606,544,372,120,-162,-422,-600,-673,-620,-437,-170,127,417,648,746,695,506,226,-94,-400,-648,-770,-743,-576,-301,35,365,622,768,778,645,396,62,-278,-557,-736,-790,-705,-490,-181,150,439,648,740,695,525,274,-13,-296,-522,-640,-638,-527,-334,-88,159,369,506,545,493,360,168,-45,-242,-377,-439,-432,-354,-215,-48,112,242,330,373,350,274,169,52,-65,-158,-219,-242,-235,-200,0,0,0,0,0,-333,-328,-276,-168,-17,155,327,472,566,583,516,363,139,-115,-360,-568,-687,-699,-598,-389,-110,190,471,675,771,730,565,296,-36,-372,-629,-775,-798,-666,-388,-49,298,605,798,834,711,457,113,-272,-602,-818,-891,-788,-516,-148,247,604,852,939,844,576,198,-211,-592,-865,-969,-880,-623,-243,183,566,842,965,887,624,253,-175,-565,-832,-941,-866,-605,-225,204,599,865,954,847,571,185,-250,-646,-905,-971,-843,-543,-129,317,709,954,1001,856,533,88,-377,-774,-1020,-1068,-909,-561,-89,408,831,1100,1149,971,615,127,-390,-830,-1119,-1199,-1038,-676,-191,329,797,1103,1176,1020,0,186,-331,-779,-1076,-1154,-998,-645,-169,343,797,1078,1133,962,596,109,-400,-841,-1114,-1153,-962,-581,-75,454,891,1159,1184,976,579,64,-469,-908,-1166,-1190,-985,-588,-67,470,904,1157,1172,961,564,50,-465,-871,-1103,-1115,-894,-495,-4,469,829,1023,1007,774,388,-73,-517,-840,-976,-904,-643,-241,210,627,911,992,867,564,136,-322,-719,-974,-1030,-876,-544,-108,355,742,977,1016,862,536,100,-353,-728,-956,-995,-837,-524,-110,319,669,879,907,762,472,100,-272,-579,-762,-779,-637,-367,-37,283,525,651,636,479,226,-63,-327,-520,-591,-523,-335,-72,202,426,558,568,449,234,-37,0,0,0,0,0,-650,-658,-540,-319,-22,281,534,682,697,570,326,22,-278,-529,-674,-674,-547,-305,-5,288,514,630,614,472,229,-58,-323,-519,-608,-557,-394,-145,132,379,542,587,510,323,57,-222,-448,-582,-587,-465,-242,36,315,529,628,597,435,185,-120,-405,-603,-685,-625,-433,-147,179,463,641,707,637,427,129,-195,-471,-648,-704,-616,-404,-103,218,485,643,665,559,334,47,-250,-508,-647,-651,-529,-292,4,303,538,653,631,497,263,-34,-319,-536,-651,-629,-484,-242,38,306,512,615,583,443,228,-33,-290,-478,-565,-545,-417,-209,31,250,414,491,465,355,187,-18,-208,-343,-396,0,-272,-123,39,172,253,281,242,143,21,-100,-190,-220,-190,-111,4,121,214,258,231,145,22,-119,-251,-333,-335,-270,-147,26,207,360,445,444,357,181,-49,-277,-451,-551,-557,-441,-229,32,296,512,630,634,514,286,5,-288,-532,-671,-689,-577,-348,-44,271,538,704,742,643,418,104,-230,-523,-724,-785,-703,-489,-180,155,463,689,794,755,570,283,-44,-370,-621,-751,-751,-614,-374,-80,220,484,658,697,609,429,178,-98,-343,-517,-599,-573,-442,-242,-8,209,379,475,488,422,285,96,-97,-251,-360,-408,-387,-307,-183,-36,101,217,298,329,309,250,168,81,2,-65,0,0,0,0,0,-62,-190,-307,-411,-479,-488,-423,-286,-96,121,336,514,623,646,568,394,146,-133,-400,-617,-739,-737,-603,-357,-53,263,546,737,796,707,489,193,-149,-476,-721,-822,-768,-574,-262,108,450,719,846,819,640,320,-74,-452,-745,-902,-887,-704,-378,30,438,757,936,941,765,429,12,-397,-737,-932,-942,-767,-443,-31,384,730,926,933,761,439,21,-398,-731,-928,-929,-739,-406,13,433,765,939,922,719,374,-56,-484,-814,-979,-938,-719,-344,126,565,882,1029,975,719,313,-165,-614,-956,-1112,-1051,-776,-346,154,633,1000,1179,1127,853,408,-118,-620,-995,-1182,-1151,-889,-454,67,570,0,1154,1126,860,433,-73,-569,-952,-1144,-1098,-834,-399,116,605,972,1141,1072,789,339,-180,-666,-1022,-1180,-1097,-786,-325,204,706,1061,1205,1113,799,326,-213,-714,-1070,-1208,-1113,-802,-327,207,700,1051,1185,1081,754,292,-217,-675,-986,-1093,-974,-656,-210,265,673,934,996,844,517,81,-370,-736,-945,-948,-756,-404,39,486,831,1004,962,726,346,-115,-559,-892,-1041,-978,-719,-330,128,572,890,1030,975,723,324,-122,-535,-841,-978,-912,-666,-311,92,478,751,859,795,569,247,-109,-427,-642,-727,-653,-439,-145,161,426,584,608,496,280,10,-270,-482,-573,-537,-386,-147,128,373,546,611,0,0
61652,mtk,MTK 7916,863666087,rx2-tx0,512,0,0,0,-193,318,786,1107,1201,1054,692,171,-398,-890,-1213,-1294,-1115,-716,-161,437,947,1263,1328,1131,705,128,-479,-986,-1297,-1346,-1113,-654,-67,540,1035,1317,1337,1074,590,-11,-611,-1072,-1322,-1295,-991,-490,107,687,1117,1314,1237,903,381,-221,-776,-1170,-1313,-1183,-805,-258,337,857,1205,1285,1099,692,135,-449,-928,-1208,-1230,-991,-553,6,560,993,1204,1156,859,387,-169,-699,-1068,-1201,-1084,-736,-219,353,843,1157,1231,1040,618,61,-512,-985,-1254,-1262,-999,-523,66,648,1103,1332,1293,983,462,-159,-751,-1201,-1405,-1320,-967,-413,230,833,1270,1451,1332,960,388,-266,-864,-1292,-1459,-1338,-942,-350,298,0,1303,1450,1301,889,301,-345,-919,-1307,-1433,-1265,-837,-241,404,968,1331,1426,1228,777,170,-476,-1027,-1375,-1448,-1230,-757,-130,532,1086,1426,1477,1238,750,103,-573,-1128,-1467,-1522,-1265,-754,-97,580,1146,1478,1523,1280,775,109,-580,-1142,-1484,-1540,-1286,-780,-125,549,1105,1442,1508,1272,779,142,-517,-1069,-1404,-1470,-1248,-780,-164,470,1010,1359,1442,1246,813,231,-397,-944,-1300,-1411,-1261,-874,-328,263,798,1179,1328,1225,912,447,-92,-597,-975,-1165,-1146,-920,-533,-74,379,758,982,1015,872,586,215,-180,-527,-766,-868,-817,-630,-352,-32,280,531,690,730,659,505,295,63,-153,-320,-422,-457,-438,0,0,0,0,0,-300,-426,-513,-540,-498,-378,-182,60,318,554,720,783,725,545,263,-73,-412,-703,-878,-905,-777,-505,-126,284,658,922,1033,961,703,306,-165,-620,-968,-1152,-1127,-886,-468,50,572,998,1248,1260,1040,629,86,-494,-992,-1301,-1370,-1180,-764,-192,427,957,1318,1437,1273,868,296,-345,-920,-1313,-1456,-1322,-937,-373,262,846,1267,1435,1324,961,420,-197,-774,-1188,-1357,-1266,-928,-406,180,721,1112,1269,1166,832,339,-202,-697,-1044,-1173,-1060,-722,-241,279,733,1031,1103,942,593,117,-380,-800,-1051,-1078,-870,-481,9,503,894,1097,1076,826,405,-99,-593,-974,-1154,-1104,-822,-367,167,667,1028,1182,0,793,307,-239,-736,-1078,-1212,-1093,-743,-239,317,809,1131,1226,1066,675,144,-422,-905,-1202,-1255,-1052,-634,-73,508,992,1275,1298,1055,590,3,-592,-1074,-1329,-1319,-1051,-564,46,646,1116,1352,1314,1014,502,-108,-688,-1130,-1334,-1268,-943,-424,175,725,1122,1288,1183,829,312,-269,-785,-1126,-1235,-1086,-706,-178,381,850,1136,1179,978,574,53,-472,-892,-1129,-1127,-888,-465,47,539,914,1096,1048,774,341,-149,-594,-909,-1028,-930,-635,-210,248,640,891,937,783,469,54,-368,-698,-868,-847,-638,-290,117,508,787,878,770,503,120,-297,-653,-875,-896,-717,-384,39,467,801,963,925,685,288,-181,0,0,0,0,0,-1117,-1108,-866,-440,87,616,1030,1236,1200,917,447,-121,-677,-1105,-1312,-1259,-947,-437,160,729,1155,1344,1266,934,406,-209,-782,-1197,-1360,-1247,-881,-337,274,828,1214,1344,1201,811,253,-356,-890,-1235,-1322,-1136,-715,-140,462,964,1266,1305,1064,601,15,-573,-1033,-1279,-1262,-975,-482,100,659,1074,1266,1193,855,341,-228,-752,-1116,-1240,-1096,-715,-189,370,852,1151,1200,995,578,29,-525,-966,-1198,-1168,-891,-419,148,685,1081,1258,1159,809,288,-300,-838,-1208,-1328,-1165,-757,-188,427,958,1300,1381,1166,708,115,-515,-1046,-1366,-1416,-1184,-710,-89,560,1094,1403,1439,1185,686,43,-608,-1122,-1411,-1414,0,-639,-7,630,1136,1410,1398,1102,582,-49,-672,-1159,-1410,-1367,-1054,-524,120,738,1206,1430,1371,1029,469,-194,-813,-1263,-1472,-1389,-1024,-447,221,848,1311,1517,1412,1026,432,-244,-875,-1338,-1533,-1429,-1038,-440,250,889,1349,1546,1439,1052,454,-231,-867,-1326,-1527,-1439,-1062,-472,203,829,1291,1496,1408,1045,480,-174,-796,-1250,-1454,-1381,-1038,-499,130,729,1192,1420,1375,1074,572,-32,-621,-1083,-1338,-1347,-1105,-658,-112,440,909,1192,1250,1088,737,254,-254,-691,-996,-1112,-1017,-742,-356,73,474,780,927,912,746,453,93,-262,-556,-745,-802,-731,-554,-301,-17,251,461,595,633,583,466,312,148,-3,0,0,0,0,0,301,207,65,-121,-321,-502,-637,-689,-638,-489,-256,39,349,613,792,852,771,551,220,-162,-527,-812,-964,-951,-765,-428,2,438,813,1052,1093,936,605,143,-362,-816,-1127,-1235,-1116,-779,-288,269,790,1166,1334,1247,925,429,-158,-731,-1179,-1395,-1353,-1056,-539,80,681,1159,1424,1423,1136,633,17,-609,-1118,-1410,-1431,-1177,-698,-86,532,1040,1346,1385,1149,702,118,-477,-964,-1257,-1301,-1081,-644,-92,465,917,1174,1193,969,553,29,-487,-900,-1119,-1093,-840,-420,69,549,918,1092,1023,737,304,-195,-663,-987,-1100,-988,-666,-199,312,763,1060,1139,979,623,134,-390,-839,-1118,-1165,-979,-590,-74,0,907,1158,1170,953,546,16,-525,-963,-1192,-1177,-919,-472,81,620,1036,1233,1177,872,385,-183,-724,-1126,-1293,-1193,-849,-325,272,816,1198,1344,1210,832,277,-342,-882,-1250,-1374,-1219,-809,-235,389,927,1264,1351,1171,752,172,-438,-938,-1247,-1303,-1084,-646,-77,499,967,1223,1226,973,512,-47,-587,-1002,-1199,-1147,-855,-389,155,665,1035,1180,1070,743,272,-254,-734,-1041,-1127,-982,-632,-154,345,761,1016,1055,870,504,44,-415,-778,-971,-947,-720,-353,85,499,792,905,819,555,175,-245,-603,-825,-861,-703,-393,5,413,727,875,842,618,248,-178,-575,-850,-946,-837,-537,-112,339,725,971,1014,0,0
61653,mtk,MTK 7916,863666087,rx2-tx1,512,0,0,0,-501,-908,-1146,-1155,-923,-497,24,551,969,1189,1179,939,501,-34,-565,-988,-1202,-1169,-906,-467,68,583,978,1175,1126,841,395,-118,-601,-964,-1118,-1030,-744,-313,183,632,944,1049,927,610,167,-313,-719,-960,-992,-815,-458,0,458,817,1006,976,721,311,-169,-625,-952,-1070,-961,-653,-198,304,746,1037,1108,944,581,95,-413,-847,-1103,-1123,-901,-490,29,550,965,1191,1153,868,407,-150,-684,-1085,-1274,-1202,-884,-384,208,778,1190,1361,1270,925,388,-232,-805,-1218,-1391,-1295,-944,-402,214,787,1203,1384,1294,943,414,-184,-744,-1165,-1348,-1259,-936,-442,142,682,1068,1239,1178,894,442,-89,-579,0,-1106,-1059,-800,-390,82,516,828,957,886,635,264,-143,-502,-752,-834,-731,-474,-127,239,544,717,737,596,321,-23,-351,-597,-722,-674,-471,-169,178,493,704,759,637,376,21,-356,-673,-855,-858,-674,-344,77,513,841,1014,1002,783,395,-83,-561,-946,-1151,-1145,-909,-488,33,567,1001,1242,1250,1019,592,47,-520,-993,-1278,-1328,-1128,-725,-197,385,901,1248,1372,1247,892,387,-177,-709,-1104,-1290,-1249,-1003,-581,-57,450,856,1102,1142,983,660,234,-213,-603,-866,-965,-891,-666,-337,34,387,659,799,796,657,416,122,-178,-437,-611,-689,-657,-523,-328,-107,118,301,420,477,471,408,310,0,0,0,0,0,445,444,392,278,107,-96,-303,-488,-615,-653,-592,-439,-208,60,328,547,683,699,591,375,87,-218,-490,-682,-750,-677,-478,-188,151,473,706,811,760,558,240,-139,-495,-759,-897,-871,-662,-317,94,495,806,972,961,763,420,-18,-458,-813,-1017,-1032,-841,-481,-29,419,804,1035,1062,882,529,73,-389,-785,-1027,-1068,-897,-549,-106,361,757,995,1037,886,549,101,-353,-722,-952,-994,-829,-497,-69,369,730,939,951,770,437,10,-420,-768,-957,-942,-732,-380,52,470,802,962,930,722,363,-74,-495,-818,-970,-921,-686,-323,106,515,812,942,873,627,261,-160,-547,-827,-935,-844,-584,0,219,590,845,930,824,549,151,-277,-634,-858,-909,-764,-462,-73,333,677,864,857,676,352,-50,-448,-749,-892,-846,-610,-236,188,585,864,963,860,567,154,-293,-699,-967,-1036,-896,-571,-116,372,780,1028,1066,887,521,49,-431,-833,-1057,-1054,-829,-433,43,516,887,1073,1033,777,351,-153,-625,-968,-1112,-1020,-707,-241,275,731,1039,1136,989,633,146,-372,-814,-1099,-1152,-967,-577,-63,469,907,1161,1176,950,528,-4,-536,-967,-1195,-1178,-934,-491,54,574,979,1189,1144,874,434,-89,-591,-974,-1148,-1086,-799,-345,171,642,974,1105,1005,696,235,-269,-717,-1012,-1096,-949,-601,-130,377,799,0,0,0,0,0,1044,729,253,-281,-755,-1091,-1211,-1078,-733,-236,309,793,1121,1227,1085,727,226,-313,-791,-1117,-1210,-1049,-677,-183,347,802,1087,1148,972,597,109,-391,-808,-1048,-1062,-857,-479,-3,473,835,1007,969,722,313,-152,-583,-893,-1004,-895,-588,-146,326,735,998,1035,849,484,10,-475,-863,-1073,-1053,-810,-397,110,605,961,1127,1061,760,301,-226,-712,-1047,-1166,-1046,-693,-189,357,838,1153,1232,1056,650,108,-471,-971,-1273,-1311,-1092,-651,-71,534,1033,1334,1372,1136,677,86,-529,-1040,-1340,-1376,-1149,-699,-112,492,1002,1310,1354,1135,702,137,-449,-937,-1237,-1299,-1106,-701,-175,379,850,1128,1179,1008,0,167,-324,-724,-973,-1027,-868,-535,-111,312,658,852,865,702,396,8,-372,-656,-786,-745,-546,-238,111,439,669,732,641,406,82,-256,-541,-704,-706,-555,-262,89,431,691,804,735,506,157,-249,-622,-880,-968,-857,-552,-126,323,741,1025,1108,974,649,187,-317,-781,-1113,-1230,-1105,-770,-283,271,784,1158,1308,1209,882,394,-177,-722,-1140,-1347,-1302,-1025,-558,3,563,1025,1298,1333,1130,735,218,-330,-798,-1107,-1223,-1132,-844,-398,101,547,874,1038,1018,824,493,88,-314,-637,-831,-879,-772,-537,-219,120,423,647,749,721,582,355,85,-181,-399,-545,-609,-584,-483,-336,-163,3,138,232,0,0,0,0,0,23,179,330,465,558,583,531,398,188,-54,-293,-505,-651,-686,-607,-429,-171,124,398,605,716,703,548,292,-18,-329,-589,-746,-765,-633,-373,-33,322,620,804,840,724,458,84,-304,-645,-881,-952,-837,-558,-160,278,654,911,1015,923,636,233,-224,-653,-951,-1065,-979,-710,-301,177,619,939,1077,1009,737,327,-147,-588,-918,-1064,-1004,-749,-350,118,557,884,1032,967,710,315,-138,-562,-866,-985,-904,-647,-262,177,575,858,967,870,591,200,-240,-636,-889,-967,-849,-557,-161,280,667,907,967,835,531,126,-305,-676,-905,-947,-801,-492,-78,343,693,906,931,759,426,24,-386,-724,0,-908,-717,-379,38,445,759,914,879,669,324,-89,-485,-773,-894,-833,-587,-214,197,560,810,887,771,483,88,-331,-687,-898,-917,-742,-407,27,457,794,989,974,749,371,-96,-551,-892,-1054,-1006,-740,-321,162,611,947,1093,997,687,252,-238,-682,-987,-1079,-947,-617,-156,348,779,1038,1087,910,532,38,-462,-865,-1085,-1082,-856,-446,60,558,943,1132,1088,813,367,-161,-661,-1024,-1181,-1092,-775,-300,236,738,1088,1207,1083,745,247,-307,-790,-1109,-1213,-1070,-707,-210,325,799,1102,1178,1013,637,131,-386,-816,-1084,-1126,-926,-534,-42,452,845,1072,1073,836,426,-74,-548,-911,-1086,-1037,-773,0,0
61654,mtk,MTK 7916,863704385,rx0-tx0,512,-330,-733,-596,210,477,705,864,950,934,836,666,436,162,-124,-405,-637,-808,-899,-915,-860,-720,-515,-268,2,285,522,726,872,928,906,804,625,389,106,-190,-464,-699,-863,-966,-971,-883,-722,-478,-195,111,406,647,848,970,989,914,758,537,255,-30,-326,-585,-778,-897,-953,-907,-768,-583,-339,-67,204,460,667,803,884,890,807,658,448,205,-63,-332,-573,-759,-870,-909,-849,-731,-526,-284,-14,261,509,710,834,888,850,731,548,319,47,-204,-445,-630,-756,-803,-796,-705,-551,-350,-120,110,321,506,645,728,735,677,566,393,198,-16,-216,-400,-560,-648,-692,-669,-578,-454,-281,-74,126,-26,490,613,678,678,618,515,356,155,-62,-264,-446,-594,-681,-702,-665,-556,-394,-201,19,239,440,594,688,713,672,565,413,210,-17,-235,-419,-570,-668,-706,-674,-574,-415,-222,-15,201,387,540,643,676,654,575,432,245,36,-175,-370,-536,-647,-695,-680,-590,-439,-245,-18,209,411,577,679,701,656,534,354,140,-83,-293,-480,-595,-641,-619,-530,-364,-179,15,207,347,443,480,468,390,282,168,37,-79,-178,-248,-287,-294,-271,-226,-166,-92,-27,43,98,136,159,161,158,147,123,96,60,14,-19,-61,-101,-132,-148,-149,-138,-107,-63,-11,46,102,140,154,136,94,40,-794,-836,510,-587,-793,196,227,216,168,83,-25,-134,-227,-286,-315,-301,-247,-164,-54,55,166,256,326,373,376,337,265,167,44,-96,-237,-360,-450,-502,-506,-459,-358,-204,-24,175,362,537,664,709,694,598,409,205,-49,-331,-577,-767,-893,-921,-835,-670,-411,-95,234,547,817,997,1084,1058,892,646,315,-64,-418,-741,-989,-1133,-1163,-1073,-857,-550,-191,194,546,860,1071,1179,1173,1035,792,478,111,-265,-609,-900,-1091,-1176,-1139,-993,-751,-424,-64,284,618,884,1070,1146,1106,955,726,421,73,-283,-608,-868,-1052,-1135,-1100,-962,-728,-420,-79,263,583,837,1027,1106,1062,925,695,410,95,-235,-551,-804,301,-1038,-1010,-899,-711,-452,-151,158,442,691,866,982,1007,936,778,554,276,-25,-330,-611,-832,-993,-1049,-1021,-880,-656,-383,-53,273,570,821,984,1057,1037,928,723,464,154,-161,-475,-735,-926,-1047,-1076,-994,-838,-600,-303,23,353,647,881,1050,1126,1088,948,722,427,97,-255,-574,-849,-1062,-1166,-1158,-1045,-830,-543,-191,177,527,828,1049,1174,1183,1075,863,575,247,-121,-467,-767,-985,-1109,-1131,-1046,-861,-607,-298,32,366,653,871,1012,1066,1021,868,656,392,75,-246,-519,-757,-925,-999,-986,-889,-708,-466,-181,121,406,652,842,951,975,905,757,544,278,-19,-314,-564,-771,-906,-959,189,-79,-82,414,600,933,830,645,403,118,-177,-448,-671,-839,-920,-923,-842,-687,-467,-206,63,331,573,766,880,929,878,756,576,329,51,-219,-483,-699,-862,-946,-935,-850,-673,-446,-166,141,422,677,865,968,995,908,743,513,220,-81,-372,-622,-825,-940,-969,-912,-761,-547,-299,-20,278,522,717,860,914,892,793,611,387,140,-132,-387,-608,-782,-886,-908,-845,-701,-497,-248,29,295,539,735,855,902,861,730,537,299,38,-233,-476,-667,-799,-846,-811,-713,-543,-330,-91,150,387,569,703,762,754,689,560,384,162,-62,-270,-458,-603,-686,-707,-659,-578,-426,-242,-42,175,360,509,627,676,666,628,485,323,126,-88,-285,-456,-598,-682,-698,-646,-541,-386,-184,26,241,441,584,684,717,683,573,411,206,-14,-234,-431,-582,-686,-718,-670,-566,-414,-219,-3,211,407,563,655,689,657,561,419,234,27,-173,-368,-531,-637,-683,-663,-578,-438,-250,-42,176,382,543,662,714,681,574,420,204,-17,-250,-456,-604,-682,-680,-610,-468,-268,-55,153,348,489,555,575,517,401,253,90,-71,-215,-306,-364,-381,-356,-296,-214,-114,-18,67,137,190,212,216,203,175,139,87,39,-11,-56,-88,-109,-135,-142,-142,-133,-108,-77,-35,13,65,114,144,154,149,119,70,6,-57,-101,-119,-252,-26,-82,-805,-606,76,-10,-109,-196,-261,-282,-257,-193,-103,1,115,208,286,327,332,303,237,153,48,-77,-189,-293,-375,-427,-432,-394,-308,-189,-37,130,289,438,546,608,606,539,410,211,-7,-230,-464,-649,-762,-827,-777,-633,-425,-165,141,431,693,892,993,978,871,658,367,32,-333,-655,-905,-1084,-1129,-1056,-877,-596,-247,125,498,821,1053,1176,1173,1051,823,497,142,-241,-597,-883,-1079,-1174,-1147,-1007,-766,-448,-83,283,619,894,1080,1150,1116,979,732,425,77,-286,-610,-879,-1062,-1137,-1099,-958,-723,-428,-76,279,604,868,1050,1121,1091,946,720,429,75,-265,-582,-827,-995,-1066,-1045,-917,-703,-176,-101,216,498,739,917,1010,1003,910,730,490,211,-94,-384,-638,-845,-979,-1029,-983,-837,-616,-341,-30,285,595,829,998,1072,1027,898,684,404,97,-220,-528,-779,-961,-1056,-1056,-957,-762,-518,-230,95,406,683,910,1051,1098,1039,887,665,378,42,-306,-611,-869,-1049,-1141,-1122,-991,-786,-493,-146,212,553,840,1054,1175,1177,1075,856,560,209,-164,-513,-817,-1030,-1154,-1163,-1059,-866,-592,-267,81,421,714,932,1067,1097,1029,861,625,338,25,-300,-586,-805,-968,-1042,-1003,-879,-689,-427,-131,175,464,707,880,977,986,899,731,502,229,-63,-352,-601,-803,-933,-981,-922,-782,-577,-312,-24,-965,-982
61655,mtk,MTK 7916,863704385,rx0-tx1,512,-686,205,-77,523,610,641,617,522,393,220,24,-161,-335,-468,-562,-598,-580,-504,-392,-243,-72,88,238,368,458,510,525,496,424,315,184,38,-110,-249,-367,-453,-517,-523,-491,-428,-322,-186,-30,132,284,418,515,575,586,539,442,307,135,-56,-245,-414,-547,-633,-665,-630,-545,-401,-206,2,205,401,555,660,702,680,594,446,263,56,-156,-365,-534,-657,-703,-696,-622,-489,-317,-113,108,317,487,616,689,698,636,519,357,160,-48,-253,-435,-569,-654,-681,-638,-542,-391,-210,-11,192,371,511,610,652,639,561,429,262,73,-122,-300,-460,-571,-638,-638,-580,-474,-313,-136,69,263,423,-38,630,646,597,502,349,158,-40,-230,-400,-545,-636,-656,-623,-523,-383,-194,6,211,394,541,641,666,634,546,392,200,-5,-216,-402,-550,-640,-664,-621,-523,-372,-194,10,212,389,526,610,630,590,492,350,180,-6,-191,-349,-486,-567,-584,-557,-477,-350,-191,-21,158,316,434,519,552,540,473,357,212,41,-133,-297,-435,-520,-558,-539,-470,-353,-189,-12,167,330,454,529,548,503,411,272,95,-76,-237,-375,-461,-496,-478,-407,-293,-154,1,149,282,372,423,430,380,289,163,26,-111,-225,-313,-363,-367,-329,-249,-135,-2,125,232,295,313,285,202,95,-27,-131,-194,-207,800,654,0,720,569,24,-37,-115,-169,-199,-194,-156,-92,-5,81,160,212,234,230,193,137,55,-27,-106,-175,-212,-234,-236,-204,-143,-67,10,79,147,200,224,214,198,148,93,39,-27,-84,-128,-156,-164,-173,-157,-133,-100,-69,-34,11,54,91,136,166,186,186,180,168,116,57,-9,-84,-145,-205,-248,-258,-248,-201,-142,-72,19,100,171,223,254,261,247,215,164,97,22,-61,-127,-198,-244,-281,-292,-271,-238,-172,-90,14,106,193,270,324,356,344,295,222,124,7,-112,-224,-320,-381,-403,-395,-340,-252,-143,-14,108,225,327,385,416,419,365,278,168,38,-88,-208,-323,-404,-439,-48,-394,-321,-215,-88,47,182,309,400,456,477,452,385,280,142,-9,-166,-308,-422,-503,-533,-514,-433,-321,-172,-4,165,313,434,512,545,522,454,352,216,52,-112,-260,-385,-485,-533,-544,-504,-418,-290,-140,17,187,334,457,542,582,568,508,396,243,72,-107,-289,-440,-555,-621,-643,-596,-490,-341,-157,46,246,434,587,679,708,668,565,411,206,-15,-231,-432,-597,-703,-743,-703,-598,-442,-239,-10,220,417,579,687,724,693,599,450,258,46,-165,-364,-526,-637,-693,-676,-608,-477,-307,-107,94,298,465,595,664,674,618,507,346,150,-50,-252,-430,-564,-644,-663,-619,-518,194,513,9,-931,-960,398,214,19,-182,-360,-494,-593,-626,-601,-519,-389,-228,-51,131,295,425,520,562,548,497,399,268,126,-24,-173,-307,-410,-481,-514,-503,-453,-365,-256,-120,40,184,322,438,518,552,544,488,389,252,89,-90,-266,-414,-535,-611,-633,-589,-493,-349,-173,27,224,404,558,657,683,659,572,425,239,30,-180,-383,-550,-664,-712,-695,-613,-478,-290,-79,135,342,508,630,696,701,632,507,339,138,-79,-284,-458,-592,-668,-682,-634,-527,-373,-189,23,221,400,540,633,669,644,554,421,246,49,-150,-334,-485,-594,-653,-640,-571,-449,-291,-105,91,274,441,561,630,647,587,480,634,142,-56,-244,-411,-549,-626,-643,-604,-511,-374,-179,16,214,388,533,634,669,639,544,401,208,3,-199,-391,-555,-644,-676,-638,-539,-392,-196,15,224,401,540,622,650,605,504,356,176,-16,-204,-372,-498,-582,-609,-571,-483,-356,-184,-8,164,326,458,536,568,551,469,354,203,36,-135,-299,-435,-529,-569,-550,-482,-364,-203,-30,153,307,446,528,560,533,450,313,148,-34,-204,-348,-466,-524,-516,-460,-353,-209,-49,109,256,368,442,461,431,349,237,106,-42,-185,-298,-370,-399,-383,-321,-225,-98,33,157,259,327,348,319,246,131,5,-121,-219,-268,-269,-214,-123,-23,-448,-657,0,133,457,-159,-165,-138,-80,-7,75,145,201,224,211,168,95,19,-65,-139,-197,-234,-234,-219,-165,-98,-25,56,135,192,223,227,215,180,121,43,-23,-90,-148,-178,-197,-197,-167,-134,-85,-44,0,50,89,122,144,160,164,153,143,119,78,23,-32,-79,-135,-192,-215,-235,-219,-184,-136,-60,19,100,173,215,258,268,243,202,142,78,0,-81,-153,-213,-248,-270,-262,-240,-194,-128,-56,34,110,188,249,297,315,299,271,204,117,9,-103,-202,-288,-352,-382,-369,-322,-240,-131,-16,107,227,321,389,413,397,349,262,149,32,-100,-227,-323,-395,-427,-418,-379,-298,-184,-57,-1135,197,310,397,442,451,420,347,238,111,-32,-174,-304,-409,-477,-502,-483,-415,-305,-159,4,166,316,428,515,547,521,450,335,185,24,-145,-289,-411,-500,-541,-527,-467,-381,-253,-95,67,228,365,468,529,554,532,452,337,190,27,-141,-304,-448,-551,-599,-601,-545,-439,-293,-121,72,266,434,562,648,673,635,543,387,188,-30,-247,-435,-593,-698,-730,-695,-595,-432,-224,3,237,436,598,705,739,701,595,440,242,21,-195,-394,-555,-663,-703,-685,-601,-461,-285,-75,135,333,500,619,678,675,611,489,330,133,-75,-278,-449,-581,-655,-666,-629,-521,-368,-178,28,226,402,-719,-539
61656,mtk,MTK 7916,863704385,rx1-tx0,512,0,322,46,556,451,296,111,-89,-287,-459,-601,-695,-722,-683,-584,-436,-244,-16,225,444,626,762,832,812,728,571,347,80,-190,-453,-690,-857,-949,-948,-848,-675,-418,-126,193,497,753,945,1046,1033,934,738,461,133,-211,-530,-794,-985,-1085,-1069,-952,-751,-474,-144,190,502,765,960,1049,1037,935,750,501,203,-112,-407,-677,-871,-993,-1019,-952,-801,-568,-285,25,326,596,811,953,1008,966,827,614,346,50,-260,-537,-761,-918,-977,-951,-828,-632,-382,-91,215,491,718,866,929,908,804,624,394,118,-164,-428,-645,-784,-851,-844,-751,-579,-363,-133,136,362,549,680,745,736,669,540,361,-277,-49,-252,-421,-552,-627,-643,-603,-514,-393,-226,-61,119,290,421,524,572,582,546,452,328,164,6,-172,-331,-457,-551,-601,-584,-520,-408,-264,-96,79,256,406,513,595,613,573,490,369,209,24,-162,-347,-499,-624,-677,-670,-605,-481,-323,-108,115,347,544,693,790,808,744,593,380,119,-155,-434,-665,-831,-917,-894,-788,-587,-304,0,303,583,785,901,923,838,654,412,129,-160,-436,-655,-777,-820,-784,-660,-459,-235,15,261,462,609,679,687,617,478,295,84,-109,-299,-447,-547,-581,-548,-461,-317,-139,42,217,366,468,500,475,374,232,53,-123,-271,-364,-380,-323,-204,499,578,0,-748,-769,-56,-84,-92,-88,-78,-42,-5,36,80,109,130,128,116,87,49,-2,-52,-91,-130,-150,-155,-148,-122,-84,-38,9,56,102,145,181,195,195,171,139,86,6,-57,-127,-194,-249,-277,-271,-239,-186,-108,-12,100,194,288,355,391,377,327,243,117,-28,-174,-318,-429,-491,-501,-456,-351,-217,-41,123,297,452,546,570,537,446,304,144,-45,-227,-378,-500,-558,-560,-504,-391,-239,-60,123,280,413,499,535,518,436,315,173,14,-139,-269,-371,-435,-445,-416,-353,-261,-161,-34,78,184,260,312,339,344,328,294,232,144,54,-59,-155,-239,-315,-364,-389,-383,-345,-266,-152,489,106,225,329,416,470,479,430,342,228,78,-71,-223,-359,-461,-521,-536,-498,-412,-283,-125,48,208,367,490,568,592,563,479,342,173,-13,-201,-372,-512,-601,-638,-615,-545,-408,-236,-35,163,342,499,612,673,662,589,465,295,110,-93,-305,-473,-599,-672,-687,-644,-548,-397,-207,8,219,413,570,690,745,724,652,514,312,84,-161,-395,-597,-747,-815,-820,-741,-573,-359,-100,171,424,635,785,852,827,723,550,327,69,-183,-414,-605,-725,-773,-748,-644,-494,-315,-96,122,320,486,600,656,660,596,501,364,183,-3,-177,-331,-466,-560,-603,-601,-547,-446,-309,-147,33,216,158,-226,0,497,607,-322,-476,-598,-660,-672,-620,-512,-364,-176,41,256,460,616,722,771,746,649,495,292,47,-206,-446,-657,-818,-895,-886,-802,-628,-388,-108,196,478,729,915,1009,1009,901,709,451,132,-203,-515,-788,-980,-1078,-1067,-952,-741,-462,-132,218,526,788,979,1074,1063,953,757,488,167,-161,-471,-730,-917,-1021,-1028,-945,-777,-531,-249,65,361,629,842,976,1016,960,815,593,319,11,-293,-574,-793,-939,-1002,-968,-837,-637,-365,-69,231,505,733,893,971,945,827,635,383,101,-190,-460,-680,-831,-910,-891,-791,-609,-377,-120,146,398,602,729,804,794,701,555,361,134,-95,-311,-497,-619,315,-675,-621,-516,-365,-185,3,190,348,482,567,593,590,522,415,275,107,-61,-234,-379,-495,-564,-587,-568,-484,-363,-216,-40,135,295,430,529,586,592,548,444,313,149,-39,-213,-369,-501,-604,-642,-628,-554,-433,-269,-68,136,344,513,648,733,745,690,552,363,133,-126,-378,-597,-765,-855,-865,-777,-598,-366,-75,229,510,744,887,928,885,739,505,224,-81,-383,-621,-797,-881,-871,-764,-559,-308,-45,217,457,633,734,763,699,565,375,160,-70,-291,-469,-589,-633,-610,-529,-389,-217,-24,161,323,452,522,531,481,370,208,31,-152,-313,-416,-463,-425,-333,-180,-14,139,233,-285,-9,0,194,-193,-57,-36,4,32,72,100,112,115,94,60,15,-28,-69,-107,-132,-146,-134,-118,-87,-40,5,53,101,143,166,170,155,134,103,58,2,-63,-120,-168,-213,-228,-221,-209,-167,-98,-8,87,167,242,295,333,323,287,227,125,4,-131,-247,-355,-428,-452,-429,-359,-238,-88,72,239,383,484,532,518,471,348,173,-9,-186,-352,-478,-553,-574,-522,-420,-278,-99,87,266,413,509,553,538,473,364,212,46,-129,-286,-400,-470,-497,-465,-396,-293,-161,-19,110,227,314,374,396,377,332,262,174,77,-16,-104,-187,-266,-319,-354,-360,-327,-279,-211,-116,-9,112,221,324,389,-571,423,381,309,201,72,-74,-222,-344,-444,-499,-502,-464,-378,-254,-103,62,228,365,479,545,565,530,451,314,154,-27,-207,-375,-511,-591,-619,-590,-510,-381,-210,-9,183,370,522,622,669,647,572,444,277,76,-137,-326,-493,-609,-665,-687,-625,-504,-342,-145,62,266,443,584,683,712,683,587,447,263,37,-185,-393,-587,-720,-790,-779,-700,-555,-352,-104,151,411,618,764,844,834,741,574,355,87,-184,-426,-630,-768,-826,-793,-693,-519,-304,-68,165,380,540,657,716,695,620,494,324,136,-61,-250,-401,-532,-605,-619,-590,-517,-400,-238,-67,109,274,416,523,591,609,569,760,741
61657,mtk,MTK 7916,863704385,rx1-tx1,512,0,0,0,-398,-603,-680,-604,-386,-78,245,521,686,699,558,300,-19,-330,-566,-681,-638,-452,-172,143,421,602,641,534,306,3,-292,-510,-616,-572,-385,-113,176,429,576,590,466,233,-67,-346,-540,-608,-534,-328,-44,255,504,632,611,450,180,-131,-414,-618,-694,-594,-353,-39,292,562,704,696,540,252,-87,-399,-632,-721,-643,-426,-116,219,496,664,680,538,282,-37,-351,-569,-659,-613,-414,-120,202,473,636,653,527,285,-22,-321,-553,-662,-622,-453,-178,132,407,591,636,543,339,66,-213,-442,-574,-581,-459,-238,32,288,467,535,500,352,133,-102,-308,-434,-463,-396,-240,-43,146,0,358,335,242,102,-56,-182,-246,-241,-183,-74,55,169,229,209,126,19,-108,-221,-282,-264,-177,-43,116,272,365,365,289,140,-64,-263,-416,-485,-441,-296,-75,175,391,533,579,491,287,21,-264,-501,-630,-626,-497,-256,53,345,578,700,667,488,206,-120,-432,-660,-746,-678,-469,-157,198,514,721,779,680,443,115,-247,-556,-749,-791,-680,-427,-88,265,564,750,777,655,411,87,-244,-521,-685,-713,-599,-364,-77,212,454,598,621,532,339,83,-176,-385,-512,-534,-457,-292,-77,139,312,420,443,386,263,97,-80,-229,-329,-372,-345,-265,-151,-22,96,184,242,252,227,180,0,0,0,0,0,-30,-164,-295,-405,-476,-482,-411,-270,-65,170,393,561,647,628,497,262,-27,-316,-562,-716,-737,-615,-378,-67,267,557,744,784,669,428,98,-265,-577,-770,-810,-677,-403,-43,330,634,807,821,651,341,-45,-427,-730,-882,-836,-612,-260,150,546,828,932,834,564,180,-255,-644,-895,-951,-801,-485,-66,370,736,932,917,711,349,-88,-504,-810,-929,-842,-575,-190,252,639,884,924,759,425,-5,-437,-777,-944,-890,-639,-240,222,636,915,993,841,494,40,-426,-817,-1040,-1024,-772,-357,136,618,975,1127,1035,712,231,-297,-771,-1086,-1175,-1009,-631,-116,436,892,1147,1160,926,493,-43,0,-968,-1157,-1084,-774,-299,239,721,1036,1136,982,592,76,-449,-880,-1117,-1109,-849,-392,149,658,1035,1176,1047,700,199,-358,-842,-1142,-1188,-976,-554,-11,539,978,1201,1153,853,378,-183,-697,-1046,-1168,-1047,-694,-175,363,801,1053,1073,858,447,-53,-523,-866,-1002,-902,-603,-164,315,713,935,948,733,344,-122,-561,-872,-985,-873,-560,-114,365,764,995,1004,786,394,-83,-542,-890,-1035,-962,-682,-248,229,646,923,996,845,519,95,-346,-697,-892,-894,-697,-358,43,416,683,782,705,483,161,-186,-473,-639,-652,-503,-240,64,345,530,581,492,287,7,-268,-477,-569,-516,-341,-81,207,447,0,0,0,0,0,531,291,-23,-340,-589,-707,-662,-482,-197,135,434,639,701,614,391,83,-237,-502,-644,-641,-495,-240,63,347,544,622,555,348,65,-234,-470,-593,-578,-428,-177,116,382,552,597,500,282,-5,-297,-516,-617,-574,-388,-115,194,467,630,648,529,278,-57,-371,-593,-699,-656,-456,-150,194,499,685,720,596,344,16,-311,-567,-700,-673,-495,-205,125,421,617,674,578,352,42,-280,-531,-663,-642,-470,-194,121,410,603,670,590,376,86,-224,-484,-628,-634,-506,-274,31,321,524,616,570,407,158,-122,-367,-520,-563,-486,-298,-55,189,384,488,479,379,195,-21,-221,-367,-421,-373,0,-77,92,221,290,290,221,93,-46,-154,-218,-219,-153,-44,84,192,247,236,156,24,-121,-244,-318,-313,-223,-75,107,279,386,415,355,206,-4,-229,-417,-518,-512,-392,-178,77,332,531,615,570,408,140,-169,-442,-616,-670,-596,-385,-82,248,534,698,716,592,338,9,-330,-605,-752,-746,-578,-294,50,390,658,792,767,572,268,-82,-419,-675,-791,-744,-553,-256,94,419,649,755,711,526,240,-84,-369,-579,-677,-636,-472,-223,59,316,504,589,549,404,199,-34,-255,-410,-483,-463,-355,-185,11,198,336,401,392,322,188,28,-107,-221,-305,-328,-294,-225,-136,-41,43,107,0,0,0,0,0,338,340,291,187,28,-157,-338,-482,-566,-571,-476,-287,-40,226,471,639,702,638,457,182,-135,-441,-666,-766,-728,-546,-255,84,412,672,797,754,562,256,-109,-456,-720,-833,-757,-524,-191,192,549,791,860,758,492,106,-307,-654,-871,-904,-738,-422,-7,413,749,922,902,692,330,-96,-513,-824,-956,-875,-601,-205,234,629,884,937,785,465,40,-389,-732,-914,-894,-673,-305,129,549,838,935,833,532,103,-341,-714,-933,-948,-740,-358,98,538,871,1015,934,639,199,-283,-721,-1013,-1074,-898,-531,-42,468,891,1127,1119,865,431,-99,-618,-1006,-1179,-1101,-783,-305,244,743,1075,1170,0,652,130,-406,-851,-1111,-1120,-889,-462,72,581,966,1133,1043,727,238,-305,-782,-1091,-1160,-959,-548,-18,527,958,1167,1132,853,378,-185,-699,-1068,-1211,-1084,-718,-198,364,847,1141,1173,961,544,4,-530,-929,-1131,-1080,-785,-325,189,653,966,1047,880,536,78,-411,-785,-963,-925,-667,-248,218,631,903,964,798,445,-19,-484,-837,-1007,-948,-674,-252,230,661,948,1032,886,539,83,-392,-780,-1000,-994,-771,-395,59,502,829,966,890,623,234,-188,-559,-795,-850,-717,-432,-66,297,574,713,685,499,210,-117,-404,-582,-607,-491,-263,19,292,494,571,503,307,34,-253,-473,-584,-559,-398,0,0
61658,mtk,MTK 7916,863704385,rx2-tx0,512,0,0,0,-749,-1070,-1170,-1003,-593,-40,533,995,1245,1229,933,419,-194,-765,-1179,-1337,-1191,-787,-212,422,970,1304,1342,1087,587,-56,-680,-1145,-1364,-1278,-902,-324,318,895,1263,1349,1142,658,23,-604,-1092,-1334,-1269,-911,-347,293,864,1233,1319,1105,636,28,-591,-1078,-1307,-1232,-885,-341,290,853,1211,1281,1064,603,5,-587,-1040,-1250,-1160,-803,-266,330,851,1168,1202,959,494,-92,-657,-1065,-1218,-1080,-692,-140,448,938,1214,1196,901,401,-215,-786,-1170,-1296,-1125,-679,-79,541,1048,1328,1306,979,428,-226,-839,-1262,-1403,-1238,-799,-170,502,1064,1392,1415,1123,578,-100,-755,-1240,-1451,-1342,-938,-324,364,967,0,1444,1209,714,66,-609,-1146,-1416,-1366,-1019,-446,226,851,1288,1437,1257,802,169,-509,-1078,-1404,-1422,-1117,-556,130,789,1276,1484,1367,943,310,-393,-1020,-1425,-1515,-1271,-748,-71,637,1223,1527,1493,1146,554,-169,-856,-1351,-1553,-1417,-983,-334,384,1020,1440,1545,1307,787,108,-582,-1148,-1471,-1473,-1159,-590,100,762,1249,1467,1374,985,379,-289,-892,-1309,-1446,-1278,-845,-233,422,976,1322,1397,1186,741,154,-461,-965,-1253,-1287,-1061,-632,-87,455,879,1120,1143,929,540,66,-401,-774,-978,-984,-795,-462,-57,338,654,836,855,710,442,107,-223,-497,-676,-729,-660,-493,-266,-21,201,368,459,474,420,0,0,0,0,0,340,248,102,-93,-306,-504,-640,-685,-620,-448,-181,141,456,702,832,814,644,345,-40,-434,-755,-939,-948,-772,-430,12,465,835,1050,1060,848,454,-50,-559,-964,-1181,-1166,-906,-448,116,663,1090,1305,1248,929,403,-218,-796,-1211,-1378,-1272,-897,-325,328,918,1318,1439,1260,815,193,-477,-1043,-1387,-1435,-1191,-695,-50,609,1128,1403,1380,1060,524,-118,-725,-1171,-1368,-1257,-876,-310,307,842,1185,1261,1056,626,60,-505,-941,-1161,-1121,-825,-348,199,690,1022,1111,945,561,57,-460,-860,-1060,-1018,-743,-291,231,703,1017,1093,917,534,15,-510,-921,-1133,-1092,-791,-312,236,734,1075,1177,1009,612,0,-474,-921,-1173,-1158,-875,-396,174,708,1086,1216,1067,677,130,-447,-927,-1206,-1209,-931,-437,161,725,1128,1281,1147,752,176,-448,-975,-1282,-1305,-1039,-540,96,709,1157,1357,1259,874,293,-355,-925,-1283,-1356,-1125,-640,-22,599,1084,1318,1258,908,360,-261,-814,-1179,-1272,-1072,-628,-51,534,991,1221,1161,833,320,-259,-773,-1105,-1182,-991,-564,-14,524,943,1140,1070,754,278,-254,-726,-1022,-1084,-893,-500,-8,479,849,1012,933,647,219,-260,-664,-902,-923,-731,-364,89,504,785,879,760,454,45,-380,-715,-866,-802,-551,-165,276,650,865,874,670,306,-147,-572,-869,-964,-826,-494,-38,442,828,0,0,0,0,0,856,419,-129,-662,-1060,-1225,-1120,-767,-227,376,899,1232,1294,1073,612,11,-604,-1092,-1335,-1288,-952,-405,233,825,1231,1364,1193,752,144,-499,-1028,-1329,-1328,-1025,-498,142,746,1179,1351,1206,786,191,-452,-978,-1285,-1306,-1021,-498,132,732,1163,1322,1183,775,184,-440,-961,-1263,-1269,-986,-478,140,716,1122,1267,1116,706,142,-456,-949,-1213,-1187,-886,-383,212,751,1113,1215,1025,588,22,-552,-1004,-1221,-1144,-797,-263,336,864,1197,1251,1018,543,-69,-675,-1125,-1318,-1211,-826,-250,389,948,1305,1366,1112,609,-35,-683,-1181,-1418,-1344,-967,-371,306,919,1332,1453,1248,761,114,-558,-1117,-1423,-1413,-1087,0,148,793,1262,1448,1307,871,250,-424,-999,-1354,-1407,-1144,-619,34,683,1194,1440,1352,964,364,-326,-953,-1363,-1464,-1240,-749,-87,599,1163,1476,1469,1129,541,-169,-838,-1336,-1539,-1403,-959,-311,403,1039,1457,1553,1306,771,81,-627,-1205,-1523,-1506,-1158,-570,137,821,1320,1529,1406,987,362,-345,-970,-1378,-1494,-1280,-797,-149,533,1095,1416,1438,1153,626,-32,-676,-1170,-1410,-1359,-1037,-500,137,729,1165,1355,1265,926,408,-171,-709,-1095,-1233,-1127,-810,-337,187,653,973,1089,983,698,284,-172,-568,-834,-931,-849,-611,-267,109,448,691,796,754,580,325,33,-254,-476,-604,-634,-568,-425,-247,-72,86,0,0,0,0,0,262,403,509,554,513,382,173,-86,-355,-589,-738,-769,-663,-434,-107,254,582,818,906,818,565,193,-232,-627,-911,-1023,-930,-641,-219,264,715,1037,1147,1026,692,203,-348,-843,-1177,-1266,-1103,-702,-143,459,966,1285,1346,1125,662,52,-581,-1092,-1382,-1388,-1096,-570,76,709,1200,1441,1382,1031,457,-216,-837,-1276,-1449,-1316,-903,-296,357,928,1296,1389,1184,717,107,-514,-1017,-1289,-1278,-990,-484,114,671,1067,1222,1102,736,216,-339,-814,-1093,-1117,-889,-459,75,573,935,1088,988,657,170,-355,-795,-1048,-1064,-834,-408,119,622,978,1121,1013,666,164,-376,-844,-1121,-1142,-906,-464,79,610,1012,0,1086,749,244,-328,-835,-1141,-1194,-975,-530,24,580,1015,1217,1144,803,278,-313,-844,-1184,-1255,-1045,-593,2,601,1069,1303,1243,900,352,-276,-849,-1244,-1354,-1164,-714,-102,534,1055,1345,1327,1010,473,-172,-772,-1198,-1352,-1200,-789,-202,425,949,1256,1270,996,500,-104,-675,-1084,-1244,-1119,-737,-193,393,890,1174,1180,916,449,-118,-657,-1037,-1173,-1040,-675,-153,392,833,1087,1086,833,400,-115,-601,-945,-1062,-929,-582,-116,369,764,961,935,692,289,-170,-575,-836,-898,-743,-404,30,446,745,870,780,496,94,-330,-681,-863,-834,-608,-228,211,609,872,922,748,393,-58,-510,-852,-1001,-913,-605,0,0
61659,mtk,MTK 7916,863704385,rx2-tx1,512,0,0,0,1117,1129,888,448,-96,-626,-1025,-1199,-1109,-767,-257,305,809,1143,1222,1026,603,51,-507,-955,-1183,-1147,-858,-387,164,677,1032,1145,1002,639,140,-387,-821,-1055,-1043,-804,-383,128,602,923,1022,878,522,49,-437,-806,-986,-932,-659,-223,273,709,978,1012,801,405,-86,-576,-941,-1084,-972,-631,-150,369,809,1065,1071,822,393,-145,-664,-1018,-1140,-1004,-637,-112,443,901,1162,1154,881,402,-180,-734,-1132,-1284,-1139,-729,-159,456,990,1305,1330,1078,588,-43,-672,-1148,-1374,-1313,-966,-405,241,828,1236,1379,1223,803,220,-404,-942,-1277,-1329,-1092,-630,-46,541,1005,1248,1211,913,442,-110,-636,-1010,0,-1025,-706,-252,242,673,938,978,798,457,28,-399,-716,-846,-783,-541,-179,211,539,729,744,586,285,-84,-419,-639,-713,-612,-355,-13,334,598,714,662,440,98,-275,-593,-776,-782,-598,-252,165,560,844,945,839,538,93,-389,-800,-1048,-1077,-872,-472,41,561,985,1203,1168,872,390,-173,-718,-1129,-1298,-1197,-850,-324,278,831,1214,1352,1216,832,282,-324,-864,-1235,-1359,-1218,-830,-286,295,807,1157,1279,1147,796,302,-235,-707,-1018,-1121,-1003,-702,-283,177,581,851,945,849,592,239,-143,-486,-710,-797,-732,-532,-240,74,363,571,670,657,531,329,92,-133,-319,-439,-485,-460,-375,-251,0,0,0,0,0,-28,134,302,457,562,589,530,384,160,-102,-356,-559,-669,-659,-531,-302,-3,300,550,703,720,589,330,11,-321,-601,-755,-750,-589,-303,53,410,693,842,806,589,258,-142,-534,-815,-931,-856,-594,-201,247,647,920,1013,884,560,119,-353,-755,-1002,-1042,-855,-478,-9,467,854,1066,1042,796,380,-112,-577,-929,-1088,-997,-691,-245,252,687,970,1046,887,546,88,-397,-784,-992,-980,-744,-352,109,549,862,974,865,561,138,-315,-698,-922,-936,-738,-372,70,505,832,972,895,623,209,-248,-644,-904,-964,-802,-462,-21,423,772,942,907,672,283,-161,-570,-855,-936,-806,-501,-74,366,0,901,892,685,314,-132,-534,-824,-927,-811,-518,-112,321,677,878,869,660,296,-136,-532,-799,-888,-764,-445,-25,393,741,921,878,622,223,-237,-654,-932,-999,-833,-472,-7,482,868,1049,1000,736,299,-216,-686,-1003,-1088,-928,-561,-69,453,866,1076,1038,767,312,-208,-682,-1001,-1092,-925,-552,-51,474,883,1093,1055,760,290,-245,-730,-1048,-1131,-957,-559,-29,512,938,1151,1100,796,321,-236,-751,-1095,-1189,-1014,-613,-66,498,950,1194,1168,884,412,-154,-691,-1069,-1199,-1063,-692,-169,387,847,1113,1129,893,458,-81,-596,-965,-1111,-1004,-669,-183,345,793,1050,1064,837,418,-98,-598,-959,-1095,0,0,0,0,0,-301,246,754,1091,1182,1010,620,83,-484,-942,-1188,-1177,-906,-445,120,663,1051,1205,1099,746,224,-337,-819,-1112,-1166,-959,-532,7,536,940,1115,1039,737,268,-260,-717,-994,-1034,-844,-455,32,508,863,998,896,589,134,-356,-752,-973,-973,-740,-321,185,647,946,1035,890,520,16,-489,-883,-1078,-1022,-740,-272,272,749,1054,1119,926,520,-8,-546,-966,-1162,-1089,-763,-252,328,837,1160,1224,1011,564,-26,-608,-1062,-1294,-1247,-910,-368,259,835,1240,1379,1212,784,179,-468,-1009,-1324,-1359,-1105,-613,12,630,1108,1351,1299,966,430,-193,-766,-1162,-1314,-1187,-801,-258,317,821,1140,1203,1005,598,0,-429,-832,-1043,-1021,-774,-363,106,529,812,898,784,495,95,-304,-611,-780,-769,-571,-245,132,462,678,725,595,318,-30,-360,-603,-704,-624,-396,-56,303,592,736,702,493,160,-234,-588,-816,-860,-700,-370,63,506,846,1015,969,702,276,-226,-705,-1044,-1162,-1033,-679,-176,378,866,1187,1251,1053,635,67,-522,-1000,-1280,-1304,-1056,-585,8,599,1075,1332,1322,1047,569,-23,-610,-1070,-1309,-1295,-1029,-571,-10,529,951,1183,1173,938,531,41,-438,-810,-1001,-998,-808,-465,-47,362,680,844,848,688,406,60,-287,-558,-715,-740,-629,-412,-138,136,377,541,602,576,464,295,110,-61,-198,-297,0,0,0,0,0,-442,-461,-421,-307,-125,94,317,505,620,647,567,374,107,-180,-441,-629,-705,-652,-463,-175,149,441,658,750,685,473,168,-179,-504,-729,-799,-708,-458,-102,287,627,840,876,734,424,19,-402,-747,-942,-947,-753,-385,71,520,863,1025,968,716,316,-173,-631,-947,-1060,-957,-648,-193,305,736,1013,1076,908,542,68,-418,-827,-1044,-1027,-803,-404,84,547,893,1039,957,658,223,-248,-667,-933,-983,-814,-466,-16,433,787,963,913,659,263,-198,-616,-896,-979,-841,-510,-65,389,755,955,948,727,348,-105,-536,-851,-972,-872,-577,-154,289,667,903,931,751,400,-46,-477,-790,-926,-856,0,-198,242,629,872,918,763,429,2,-429,-758,-907,-851,-597,-211,219,597,835,880,713,370,-53,-465,-772,-902,-815,-534,-115,331,706,932,945,734,348,-129,-581,-907,-1039,-934,-616,-152,358,783,1036,1060,837,422,-86,-570,-937,-1090,-990,-670,-194,330,775,1043,1077,857,433,-90,-585,-956,-1101,-1001,-669,-175,357,809,1083,1103,867,430,-102,-622,-1000,-1148,-1030,-674,-165,384,852,1123,1151,923,471,-99,-643,-1036,-1196,-1104,-757,-235,334,832,1148,1199,984,558,15,-536,-966,-1173,-1117,-816,-331,222,721,1052,1138,960,566,55,-469,-887,-1094,-1048,-759,-303,223,697,1002,1081,921,538,29,0,0
61660,mtk,MTK 7916,863739449,rx0-tx0,512,-330,-897,-954,-256,-533,-759,-889,-941,-884,-740,-518,-238,47,336,591,782,887,909,843,686,457,197,-90,-371,-608,-794,-897,-905,-827,-676,-443,-163,132,424,669,857,942,945,850,655,398,92,-224,-523,-767,-921,-982,-947,-802,-579,-294,24,335,605,802,919,954,878,720,489,206,-72,-353,-613,-800,-897,-906,-825,-673,-451,-170,106,382,621,785,885,891,805,650,407,135,-167,-460,-678,-832,-900,-875,-756,-549,-292,-20,264,514,712,827,846,788,648,448,198,-65,-318,-530,-685,-769,-763,-694,-555,-359,-125,113,334,512,640,710,703,622,486,307,87,-144,-342,-507,-620,-676,-663,-587,-446,-26,-66,155,357,514,635,677,657,562,425,224,3,-210,-415,-573,-670,-690,-650,-537,-363,-146,86,309,498,639,695,686,610,456,259,32,-202,-403,-565,-657,-681,-642,-526,-358,-155,71,278,451,587,656,652,590,468,288,69,-154,-355,-525,-636,-681,-650,-552,-393,-176,68,295,491,633,693,675,584,413,184,-53,-277,-468,-603,-648,-612,-496,-321,-124,87,264,404,492,496,442,352,218,71,-71,-189,-269,-319,-312,-278,-221,-149,-63,14,75,128,163,181,175,159,124,92,56,11,-29,-67,-100,-125,-133,-135,-123,-92,-60,-13,45,101,136,155,150,112,58,-4,-60,-100,-444,-639,510,890,884,-12,86,179,240,273,246,175,73,-41,-150,-247,-306,-332,-313,-245,-154,-44,80,197,289,364,397,385,334,237,109,-38,-196,-349,-474,-538,-553,-502,-389,-208,-9,215,427,599,715,744,684,544,320,41,-248,-531,-751,-887,-926,-861,-677,-412,-72,280,603,869,1028,1081,1001,788,487,112,-278,-625,-915,-1105,-1159,-1081,-871,-551,-171,223,591,901,1103,1178,1116,932,649,286,-110,-481,-803,-1033,-1149,-1137,-999,-749,-422,-47,335,658,927,1106,1144,1067,869,576,224,-147,-508,-805,-1012,-1109,-1093,-958,-710,-390,-21,338,654,904,1059,1102,1023,821,535,198,-156,-487,-758,-952,-1038,-1023,301,-679,-387,-74,249,549,779,935,999,960,817,603,332,24,-294,-584,-806,-960,-1028,-969,-824,-581,-270,46,385,672,898,1035,1049,964,767,494,175,-164,-478,-748,-947,-1037,-1039,-929,-718,-443,-126,215,533,798,987,1076,1064,935,701,412,78,-276,-609,-879,-1053,-1128,-1082,-930,-674,-350,17,387,708,962,1127,1175,1096,890,589,230,-143,-516,-832,-1050,-1160,-1139,-1007,-767,-446,-86,285,616,875,1044,1103,1048,889,637,315,-12,-353,-649,-876,-1000,-1037,-966,-799,-546,-246,75,390,655,867,980,987,902,721,461,166,-147,-441,-691,-865,-952,-944,-844,-657,-388,-93,209,499,726,877,944,550,727,-82,-311,-81,-903,-772,-554,-285,11,310,566,774,891,920,855,700,474,209,-72,-352,-603,-780,-886,-907,-830,-669,-452,-177,111,384,635,820,915,922,838,667,423,129,-166,-469,-714,-889,-976,-962,-846,-637,-350,-43,285,575,799,939,981,924,763,530,251,-57,-360,-610,-805,-905,-911,-849,-688,-458,-185,101,372,602,784,884,888,822,646,424,157,-133,-402,-641,-813,-894,-897,-790,-603,-362,-79,215,482,704,829,876,837,705,502,249,-26,-290,-529,-702,-809,-818,-749,-599,-399,-148,99,327,521,668,736,736,657,516,329,110,-123,-336,-501,-629,-692,-680,-595,-462,-284,-75,142,343,509,628,674,664,577,439,254,37,-185,-379,-545,-658,-685,-655,-554,-393,-187,34,255,453,607,695,701,634,495,306,83,-136,-352,-531,-651,-698,-671,-563,-407,-197,20,239,429,567,654,671,610,494,325,119,-101,-305,-487,-608,-668,-643,-564,-421,-231,-13,210,408,571,664,683,621,493,296,69,-164,-380,-561,-661,-672,-604,-469,-265,-40,177,371,508,580,574,487,358,180,-8,-163,-295,-379,-413,-394,-324,-234,-119,-4,88,170,224,245,234,203,166,109,49,-9,-55,-92,-115,-141,-150,-139,-120,-98,-62,-19,23,74,107,131,148,145,115,69,18,-46,-100,-132,-137,-117,-74,-830,-691,-82,158,-85,205,210,161,80,-25,-143,-234,-294,-305,-275,-199,-99,15,134,234,308,353,358,314,238,131,1,-128,-252,-364,-438,-469,-444,-367,-239,-80,100,291,465,585,640,630,534,375,151,-108,-364,-590,-755,-829,-813,-698,-484,-209,99,416,696,899,1005,977,843,596,268,-89,-464,-776,-1008,-1126,-1103,-954,-700,-348,48,442,782,1034,1158,1150,1016,766,421,32,-366,-714,-985,-1148,-1168,-1067,-847,-528,-155,228,587,873,1070,1151,1099,931,679,326,-52,-415,-737,-975,-1105,-1120,-1012,-791,-484,-126,240,585,860,1048,1118,1062,895,629,290,-69,-418,-719,-938,-1060,-1073,-956,-750,-454,-121,221,-176,779,939,1001,978,839,620,347,39,-280,-566,-787,-940,-1003,-964,-822,-596,-323,2,325,613,860,992,1033,966,794,550,232,-110,-441,-736,-933,-1048,-1043,-939,-741,-461,-143,188,512,774,957,1053,1048,928,711,426,98,-235,-565,-826,-1005,-1095,-1077,-941,-702,-389,-29,325,654,914,1085,1145,1082,907,652,314,-63,-447,-779,-1024,-1149,-1167,-1064,-836,-528,-157,222,575,865,1059,1139,1104,944,695,372,15,-329,-634,-881,-1027,-1068,-1011,-840,-585,-279,47,372,655,872,988,1014,929,751,506,197,-114,-411,-678,-866,-966,-965,-869,-684,-430,-134,171,457,707,875,946,933,815,612,350,59,796,605
61661,mtk,MTK 7916,863739449,rx0-tx1,512,-686,-880,-884,-546,-628,-646,-583,-470,-300,-105,91,277,438,544,597,583,513,386,232,55,-128,-280,-409,-497,-532,-521,-459,-353,-220,-68,87,235,363,462,509,517,483,396,277,124,-42,-210,-354,-472,-546,-571,-536,-446,-315,-152,45,234,407,551,635,652,608,498,330,136,-89,-303,-475,-619,-690,-689,-616,-476,-283,-68,169,381,554,669,710,688,590,429,226,-8,-238,-448,-607,-695,-713,-660,-543,-368,-150,77,292,484,613,689,686,615,490,309,91,-127,-336,-511,-620,-679,-662,-575,-433,-243,-28,178,374,530,630,661,630,537,378,182,-27,-236,-415,-554,-634,-659,-602,-489,-331,-130,-38,290,462,577,649,639,559,431,258,53,-159,-358,-513,-627,-676,-641,-535,-383,-184,31,257,450,585,664,685,610,471,288,71,-158,-373,-539,-647,-686,-637,-525,-358,-158,61,271,449,573,633,624,546,413,242,46,-155,-338,-478,-566,-599,-571,-471,-327,-149,34,211,373,499,560,569,511,406,258,89,-107,-295,-438,-534,-578,-560,-468,-327,-141,50,239,399,518,571,549,467,323,149,-47,-228,-371,-480,-526,-494,-417,-293,-127,44,200,333,420,453,428,352,232,93,-53,-198,-313,-379,-397,-361,-272,-161,-21,114,233,312,342,322,252,130,-3,-128,-222,-266,-247,-178,-80,-602,-746,0,268,263,150,138,87,14,-71,-150,-198,-217,-203,-150,-75,14,103,173,215,236,223,173,109,32,-56,-142,-204,-235,-235,-208,-160,-93,-13,61,129,181,209,217,197,151,88,29,-25,-86,-123,-155,-167,-161,-153,-128,-109,-61,-11,29,83,127,171,197,206,199,169,113,37,-45,-123,-186,-240,-265,-258,-223,-165,-86,0,95,174,232,263,270,248,199,138,63,-19,-101,-167,-232,-269,-293,-275,-229,-175,-84,12,110,206,288,333,347,327,271,184,65,-53,-178,-289,-359,-396,-394,-341,-258,-137,-8,125,247,340,401,417,386,327,226,88,-46,-177,-291,-375,-429,-428,-389,-306,-48,-57,81,217,327,414,452,450,402,313,179,37,-121,-268,-397,-480,-508,-494,-427,-300,-144,26,203,348,470,533,544,491,391,250,77,-96,-267,-399,-497,-545,-539,-475,-373,-222,-55,114,271,413,504,546,541,491,378,222,56,-120,-295,-440,-542,-589,-582,-521,-396,-237,-46,153,345,502,605,659,643,556,414,219,-2,-228,-433,-597,-695,-726,-677,-544,-360,-138,104,327,525,672,734,717,629,472,268,35,-207,-411,-585,-689,-720,-671,-561,-388,-184,38,259,447,590,675,681,623,505,327,120,-101,-308,-485,-611,-672,-670,-589,-446,-267,-52,169,364,521,634,668,627,535,-68,81,9,-117,104,-341,-155,60,265,436,557,615,611,557,435,261,71,-124,-296,-432,-522,-567,-545,-472,-365,-217,-53,111,263,380,464,512,508,459,371,247,94,-55,-213,-348,-456,-522,-544,-510,-424,-299,-143,35,215,380,504,592,617,574,488,342,151,-59,-262,-454,-591,-670,-683,-608,-488,-313,-93,132,345,523,642,706,697,603,453,249,29,-196,-409,-577,-682,-720,-680,-574,-394,-179,51,270,463,610,695,698,641,512,331,120,-106,-315,-498,-633,-690,-679,-602,-453,-266,-56,167,363,522,628,666,639,555,403,212,-1,-205,-395,-544,-625,-651,-610,-509,-353,-163,46,257,430,570,644,634,587,456,292,92,-131,-325,-491,-604,-661,-649,-562,-419,-231,-7,215,402,552,645,674,626,504,330,132,-99,-324,-496,-618,-677,-667,-577,-417,-221,8,225,415,561,642,649,589,465,298,96,-114,-306,-462,-568,-617,-594,-506,-367,-201,-11,183,356,486,561,574,534,442,291,114,-76,-258,-407,-512,-567,-573,-497,-371,-212,-23,174,350,484,562,574,525,404,242,45,-146,-320,-457,-529,-548,-490,-384,-236,-48,131,280,409,476,480,429,334,194,40,-120,-259,-358,-407,-413,-368,-270,-139,2,149,262,342,371,351,276,161,26,-107,-226,-300,-311,-270,-181,-62,57,151,195,-677,-503,0,-78,50,-20,-95,-155,-189,-190,-148,-76,5,93,164,217,235,217,157,84,1,-85,-156,-204,-236,-240,-204,-139,-59,24,100,168,217,234,218,181,124,57,-15,-88,-142,-175,-185,-189,-166,-123,-86,-31,10,56,93,127,167,172,177,165,132,89,30,-27,-90,-154,-207,-238,-239,-214,-168,-103,-16,69,147,211,252,270,257,213,149,71,-15,-100,-172,-222,-263,-273,-253,-215,-155,-83,2,101,175,246,297,307,296,258,187,85,-26,-140,-242,-325,-368,-375,-346,-265,-157,-40,91,213,316,387,407,396,332,241,117,-24,-157,-270,-368,-418,-423,-388,-311,-208,-79,65,200,325,-1135,442,440,393,307,187,44,-103,-239,-360,-442,-478,-471,-420,-316,-173,-9,155,312,436,505,533,494,408,278,110,-68,-239,-379,-486,-539,-535,-474,-369,-232,-66,112,270,401,496,538,530,472,365,220,57,-110,-280,-423,-517,-558,-561,-504,-390,-239,-56,134,320,465,568,620,613,540,404,231,33,-187,-383,-547,-655,-694,-665,-561,-397,-187,41,279,482,629,716,724,652,518,314,79,-156,-378,-561,-682,-736,-703,-596,-430,-218,13,236,434,588,671,695,647,528,361,148,-73,-276,-462,-598,-669,-671,-606,-478,-301,-91,129,344,505,618,671,649,557,416,227,4,-205,-397,-315,-291
61662,mtk,MTK 7916,863739449,rx1-tx0,512,0,-853,-952,-538,-401,-218,-16,190,390,556,661,715,693,592,441,236,-6,-249,-474,-656,-773,-816,-784,-656,-460,-208,76,349,602,803,918,935,853,675,406,96,-227,-543,-800,-971,-1039,-1004,-843,-593,-277,76,423,727,953,1079,1072,966,760,448,92,-261,-594,-845,-1018,-1082,-1014,-845,-607,-291,45,387,670,872,997,1024,943,754,500,190,-128,-438,-707,-906,-1005,-991,-885,-685,-413,-103,218,511,762,930,981,946,819,588,297,-24,-332,-605,-819,-943,-957,-879,-710,-457,-164,141,428,672,830,896,876,767,562,313,24,-254,-503,-699,-798,-805,-752,-607,-409,-165,78,305,501,631,709,706,-277,485,303,99,-108,-297,-451,-562,-614,-608,-541,-427,-273,-94,93,271,409,517,573,580,531,420,275,107,-75,-248,-408,-524,-593,-587,-528,-427,-276,-97,90,261,420,534,596,606,555,445,298,110,-91,-295,-467,-597,-669,-679,-616,-494,-309,-88,152,392,584,718,794,776,667,484,230,-59,-350,-600,-794,-904,-902,-785,-587,-298,30,350,630,831,929,911,779,554,270,-46,-345,-599,-772,-846,-821,-699,-498,-240,33,292,508,652,720,702,604,436,223,-13,-230,-413,-542,-602,-591,-504,-361,-179,25,210,382,483,526,504,406,254,61,-129,-292,-408,-446,-408,-291,-127,38,167,383,-95,0,-445,-666,38,2,-34,-62,-91,-109,-106,-89,-48,1,44,94,122,133,130,118,81,36,-9,-58,-102,-139,-157,-160,-143,-111,-70,-18,46,100,143,183,205,207,176,135,72,-9,-90,-166,-232,-277,-308,-288,-231,-148,-42,76,182,289,377,410,390,336,232,96,-61,-226,-369,-469,-506,-490,-416,-276,-100,84,266,416,523,572,544,444,292,108,-82,-275,-433,-534,-573,-545,-463,-318,-144,60,245,388,496,540,524,440,321,166,-6,-165,-312,-414,-460,-459,-404,-308,-193,-63,71,180,266,332,365,361,333,270,188,94,-4,-104,-194,-278,-334,-364,-363,-322,-254,-157,-30,96,225,489,417,454,443,395,306,174,16,-146,-297,-420,-494,-526,-504,-412,-292,-135,44,222,375,495,567,569,534,423,266,86,-109,-299,-462,-576,-630,-618,-538,-399,-218,-12,200,385,538,643,673,638,531,367,173,-48,-265,-459,-595,-670,-685,-631,-516,-338,-127,90,307,495,633,706,718,642,519,337,116,-122,-356,-556,-700,-772,-768,-687,-534,-313,-49,224,476,686,816,852,809,667,444,181,-108,-388,-620,-780,-848,-833,-722,-519,-270,-10,252,474,645,736,753,692,561,376,155,-73,-276,-455,-584,-646,-652,-596,-485,-333,-142,51,230,393,515,590,607,565,477,350,177,-12,-197,499,222,0,411,-48,372,522,627,661,642,561,415,230,16,-216,-427,-595,-718,-762,-730,-626,-449,-223,33,292,534,718,844,877,818,673,445,164,-140,-442,-711,-901,-987,-981,-864,-647,-358,-26,323,642,882,1037,1074,991,799,520,180,-184,-510,-810,-1011,-1091,-1062,-918,-673,-370,-14,327,619,856,1014,1057,989,802,552,250,-82,-411,-688,-891,-1000,-1004,-915,-726,-468,-153,171,477,741,919,998,976,859,655,360,34,-274,-565,-800,-940,-986,-925,-766,-528,-229,83,380,640,827,919,918,822,633,374,94,-191,-471,-688,-821,-868,-817,-694,-493,-228,27,285,511,665,754,748,688,544,350,130,-108,315,-480,-603,-656,-647,-568,-441,-273,-88,107,285,434,535,590,584,525,414,278,107,-71,-249,-403,-509,-574,-577,-530,-431,-283,-102,95,264,420,529,596,590,532,424,274,96,-89,-273,-432,-547,-621,-631,-579,-465,-304,-107,114,323,512,652,732,735,652,494,292,42,-232,-478,-687,-818,-857,-793,-646,-425,-135,192,486,726,889,939,867,691,434,127,-197,-497,-728,-865,-893,-813,-642,-391,-101,197,456,655,766,786,714,558,349,103,-143,-368,-537,-645,-668,-607,-478,-301,-94,118,310,455,541,559,513,406,228,41,-160,-324,-444,-494,-468,-377,-225,-41,143,290,359,346,271,886,954,0,533,251,-65,-86,-85,-67,-42,1,43,84,117,126,122,102,60,13,-31,-79,-118,-139,-147,-143,-115,-75,-25,25,76,122,161,184,181,156,126,80,16,-61,-128,-184,-229,-247,-242,-209,-153,-77,15,123,212,289,340,345,315,252,141,4,-138,-268,-384,-446,-466,-427,-332,-184,-11,163,327,461,527,538,481,365,211,23,-180,-358,-489,-558,-569,-513,-383,-209,-21,166,340,473,547,559,491,388,234,52,-134,-291,-406,-483,-499,-466,-384,-253,-108,49,193,305,370,404,393,351,286,190,72,-37,-145,-234,-296,-334,-348,-337,-299,-232,-134,-24,90,201,294,375,412,405,363,-571,170,23,-116,-251,-369,-459,-494,-479,-413,-299,-146,14,196,343,454,531,561,519,425,289,110,-73,-259,-428,-543,-603,-603,-543,-413,-247,-54,152,346,506,603,651,621,527,384,191,-22,-233,-427,-570,-655,-684,-642,-528,-351,-149,71,283,473,618,685,693,637,512,335,122,-104,-326,-511,-661,-739,-745,-672,-531,-330,-94,158,396,609,761,835,811,701,512,248,-28,-303,-556,-744,-849,-868,-786,-612,-369,-91,193,455,663,774,816,762,640,445,215,-34,-269,-471,-617,-697,-699,-636,-517,-344,-150,56,256,424,550,618,617,571,475,329,156,-33,-216,-377,-507,-595,-608,-577,436,628
61663,mtk,MTK 7916,863739449,rx1-tx1,512,0,0,0,387,594,687,637,454,182,-141,-447,-653,-717,-654,-452,-158,162,441,633,691,601,393,110,-195,-456,-617,-643,-528,-299,-5,278,493,607,590,434,185,-101,-361,-556,-622,-545,-352,-88,208,460,607,620,496,267,-30,-321,-542,-658,-626,-453,-185,120,415,628,712,646,442,147,-179,-473,-674,-733,-639,-410,-100,228,514,690,714,590,345,39,-271,-526,-668,-664,-523,-269,39,339,569,675,633,460,196,-113,-393,-588,-665,-598,-413,-143,153,418,592,647,569,375,110,-168,-412,-577,-614,-514,-325,-73,190,404,526,545,452,274,45,-189,-379,-472,-471,-379,-225,-25,168,312,380,0,261,139,-16,-164,-256,-288,-242,-140,-21,101,196,231,202,114,-14,-134,-236,-280,-247,-159,-25,128,267,357,364,286,146,-43,-240,-391,-474,-462,-347,-160,71,308,486,581,560,421,191,-85,-351,-557,-648,-618,-467,-214,82,374,596,702,676,513,245,-72,-380,-627,-755,-730,-565,-285,57,382,644,789,768,598,329,-5,-343,-617,-772,-786,-653,-396,-73,260,547,728,777,675,450,157,-157,-443,-633,-701,-650,-481,-223,58,319,512,609,589,461,262,27,-205,-387,-492,-508,-433,-287,-89,106,264,377,421,388,299,163,8,-141,-255,-325,-347,-312,-238,-142,-40,50,120,178,0,0,0,0,0,-330,-382,-379,-321,-215,-62,130,320,476,583,608,533,375,147,-116,-375,-582,-695,-694,-578,-359,-70,246,514,702,773,705,510,216,-129,-447,-685,-800,-756,-567,-269,84,419,684,820,790,603,294,-77,-432,-712,-858,-836,-650,-330,62,444,750,912,893,694,343,-64,-453,-764,-930,-901,-695,-354,59,468,780,932,889,672,319,-101,-498,-786,-905,-857,-627,-252,167,542,819,921,833,571,182,-242,-619,-870,-942,-811,-507,-102,338,719,944,966,804,476,28,-433,-807,-1013,-1021,-828,-451,31,506,890,1103,1097,866,474,-26,-536,-940,-1155,-1138,-898,-489,18,519,928,1147,1127,887,0,-53,-540,-922,-1127,-1089,-825,-399,115,598,953,1120,1049,756,319,-198,-685,-1029,-1156,-1039,-709,-236,294,765,1078,1184,1040,673,183,-347,-812,-1114,-1194,-1026,-651,-148,390,844,1118,1165,990,606,101,-408,-831,-1080,-1098,-901,-519,-36,444,826,1023,996,764,365,-105,-527,-828,-959,-881,-602,-187,273,668,911,967,815,481,48,-402,-778,-983,-989,-798,-429,40,488,839,1021,990,768,388,-77,-521,-847,-999,-948,-712,-342,89,501,805,933,869,633,293,-100,-471,-727,-813,-729,-505,-184,157,441,630,678,565,335,45,-244,-468,-581,-559,-404,-158,110,354,525,572,482,279,15,-258,-481,0,0,0,0,0,-559,-331,-26,280,532,690,707,573,326,7,-316,-561,-688,-685,-547,-287,27,326,554,664,625,462,209,-85,-366,-568,-636,-558,-367,-94,193,442,587,608,493,270,-8,-283,-504,-617,-588,-432,-176,120,394,583,639,562,365,74,-235,-489,-653,-684,-557,-315,-12,306,572,718,704,548,282,-45,-364,-604,-722,-692,-516,-233,97,399,610,700,647,449,156,-166,-440,-620,-671,-577,-362,-77,230,491,645,657,537,311,16,-281,-520,-656,-649,-504,-274,9,292,519,630,604,460,224,-50,-299,-489,-577,-547,-402,-182,62,291,461,531,490,352,143,-85,-273,-405,-448,-394,-260,-89,0,232,321,332,272,147,-2,-128,-212,-246,-219,-131,-12,109,194,236,217,131,1,-147,-263,-317,-301,-222,-80,99,271,388,425,376,238,37,-176,-367,-499,-527,-448,-280,-57,197,431,579,617,529,337,71,-226,-480,-640,-679,-586,-375,-86,234,503,679,731,638,407,93,-239,-526,-717,-776,-687,-461,-136,210,511,722,801,725,513,206,-143,-460,-692,-799,-753,-568,-283,47,359,610,745,728,580,344,52,-247,-484,-630,-652,-557,-370,-118,145,369,514,558,505,370,172,-50,-241,-381,-455,-449,-357,-203,-34,134,272,355,377,339,257,136,6,-113,-207,-260,-273,-251,-204,-131,0,0,0,0,0,95,-34,-166,-307,-428,-506,-520,-454,-314,-120,107,337,530,649,668,577,390,122,-174,-444,-655,-756,-725,-567,-304,15,335,596,748,778,660,408,84,-261,-570,-765,-813,-701,-448,-111,247,566,782,844,732,479,134,-252,-598,-826,-884,-771,-507,-148,254,619,857,926,823,545,149,-273,-631,-873,-932,-809,-528,-139,279,645,881,929,785,485,84,-345,-692,-884,-903,-739,-420,-20,400,744,926,910,703,351,-70,-481,-801,-954,-901,-661,-286,158,588,890,1006,932,661,244,-240,-682,-993,-1104,-993,-680,-220,292,744,1048,1150,1033,705,238,-285,-756,-1076,-1179,-1045,-707,-236,289,753,0,1151,1015,666,183,-331,-788,-1069,-1129,-962,-597,-108,407,839,1087,1115,914,517,14,-503,-922,-1149,-1138,-893,-465,57,567,975,1189,1146,875,432,-95,-614,-1010,-1195,-1136,-848,-390,149,644,997,1150,1075,778,329,-183,-646,-961,-1076,-973,-662,-218,262,680,932,984,822,487,48,-401,-760,-947,-923,-704,-336,118,544,860,994,907,631,226,-235,-661,-936,-1027,-912,-607,-172,294,698,961,1022,889,578,146,-306,-684,-923,-974,-825,-516,-117,294,637,835,856,709,424,63,-294,-574,-722,-716,-553,-271,49,334,534,620,562,378,121,-159,-402,-542,-557,-446,-225,50,308,506,591,538,365,0,0
61664,mtk,MTK 7916,863739449,rx2-tx0,512,0,0,0,683,1032,1179,1071,734,244,-314,-827,-1175,-1280,-1125,-736,-187,405,921,1260,1337,1131,697,114,-492,-1005,-1315,-1346,-1101,-634,-28,587,1078,1351,1338,1036,525,-91,-686,-1135,-1351,-1275,-931,-398,226,803,1202,1340,1195,803,236,-380,-913,-1250,-1315,-1097,-650,-70,526,1013,1278,1260,978,489,-100,-664,-1087,-1279,-1187,-841,-316,270,794,1148,1243,1068,661,119,-449,-920,-1187,-1192,-935,-470,98,640,1051,1236,1139,783,264,-312,-827,-1164,-1259,-1086,-665,-89,503,993,1280,1291,1028,547,-62,-667,-1138,-1375,-1317,-987,-451,186,794,1236,1428,1327,940,357,-299,-894,-1307,-1451,-1299,-884,-284,386,965,1349,1448,0,800,192,-462,-1023,-1368,-1429,-1194,-715,-96,550,1080,1383,1397,1119,601,-37,-670,-1170,-1420,-1384,-1062,-509,153,777,1254,1476,1389,1016,431,-240,-865,-1329,-1528,-1405,-997,-386,304,934,1386,1553,1395,957,332,-367,-992,-1420,-1559,-1384,-937,-301,391,1003,1421,1554,1364,904,272,-409,-1005,-1401,-1509,-1315,-857,-230,436,1007,1373,1462,1261,809,212,-425,-985,-1346,-1437,-1246,-822,-244,377,922,1279,1386,1229,848,321,-261,-776,-1128,-1269,-1172,-853,-393,123,595,942,1105,1067,836,454,6,-414,-745,-934,-948,-785,-492,-128,241,549,747,816,746,558,288,-9,-287,-506,-633,-656,-589,-454,-276,-90,72,204,0,0,0,0,0,-135,-292,-435,-543,-593,-561,-439,-234,29,305,556,735,806,747,554,258,-101,-452,-736,-903,-915,-758,-455,-61,360,734,983,1054,928,620,178,-310,-753,-1069,-1182,-1073,-758,-290,250,757,1134,1300,1219,896,402,-181,-745,-1175,-1376,-1312,-996,-479,135,721,1183,1421,1375,1064,545,-87,-717,-1197,-1434,-1396,-1091,-569,62,682,1163,1409,1379,1069,556,-56,-653,-1116,-1345,-1298,-996,-500,90,654,1070,1255,1184,874,381,-171,-673,-1028,-1166,-1052,-715,-241,275,731,1022,1087,925,571,89,-408,-817,-1052,-1051,-818,-415,81,559,923,1095,1037,749,297,-214,-693,-1025,-1142,-1025,-691,-209,325,794,1097,1167,0,613,104,-436,-887,-1150,-1172,-947,-522,16,553,974,1191,1160,877,402,-163,-693,-1085,-1251,-1154,-812,-286,301,828,1189,1310,1151,744,178,-421,-945,-1275,-1338,-1128,-685,-97,520,1029,1328,1342,1072,591,-13,-615,-1080,-1321,-1286,-984,-480,119,695,1115,1296,1203,854,328,-255,-780,-1139,-1248,-1087,-694,-157,409,876,1152,1185,961,531,1,-530,-943,-1148,-1111,-831,-373,148,629,976,1111,1005,691,230,-271,-699,-972,-1034,-862,-515,-69,387,747,938,921,695,327,-109,-515,-793,-890,-789,-509,-112,299,643,845,851,657,312,-94,-487,-783,-897,-811,-539,-141,302,678,908,947,771,420,-29,-489,-845,0,0,0,0,0,-917,-522,0,527,953,1199,1200,943,482,-87,-645,-1077,-1298,-1260,-960,-449,154,727,1153,1351,1270,923,380,-242,-812,-1221,-1377,-1240,-844,-277,341,894,1264,1359,1173,739,149,-464,-983,-1293,-1327,-1084,-605,-5,595,1070,1317,1274,961,445,-159,-733,-1155,-1325,-1208,-834,-295,309,854,1203,1291,1103,681,122,-468,-960,-1232,-1234,-964,-499,71,629,1044,1223,1135,806,297,-278,-787,-1120,-1214,-1036,-624,-79,484,945,1205,1202,940,466,-120,-683,-1105,-1293,-1204,-850,-312,292,842,1233,1361,1193,770,185,-444,-991,-1334,-1394,-1166,-697,-80,554,1084,1395,1413,1145,636,-10,-647,-1149,-1422,-1404,-1087,-548,90,0,1200,1431,1371,1030,469,-192,-808,-1252,-1430,-1313,-932,-354,299,885,1293,1435,1272,846,239,-422,-992,-1363,-1462,-1249,-771,-136,537,1095,1433,1484,1229,722,72,-606,-1163,-1488,-1508,-1221,-686,-19,660,1214,1513,1511,1207,651,-34,-713,-1245,-1525,-1506,-1181,-618,62,731,1250,1508,1464,1133,582,-84,-738,-1234,-1475,-1423,-1082,-534,115,740,1210,1440,1384,1055,527,-99,-705,-1172,-1401,-1364,-1069,-573,24,607,1068,1313,1306,1057,617,71,-464,-900,-1157,-1190,-1001,-645,-186,297,700,954,1035,926,651,271,-136,-499,-764,-885,-839,-650,-359,-27,292,552,710,747,664,489,262,16,-214,-387,-486,-509,-470,-385,0,0,0,0,0,408,371,284,130,-77,-298,-500,-650,-716,-675,-525,-278,34,354,633,818,866,764,521,177,-215,-587,-866,-993,-938,-718,-349,102,545,906,1100,1089,870,483,-14,-528,-955,-1203,-1230,-1027,-617,-70,499,973,1273,1336,1138,719,152,-460,-984,-1315,-1406,-1228,-803,-212,422,975,1347,1457,1273,845,246,-402,-960,-1326,-1444,-1278,-860,-264,377,927,1282,1386,1217,808,242,-368,-889,-1223,-1303,-1117,-710,-169,404,880,1160,1200,986,575,55,-470,-889,-1104,-1086,-838,-408,92,565,925,1087,1001,691,242,-251,-700,-1002,-1084,-936,-582,-99,400,817,1077,1111,902,500,-15,-528,-934,-1143,-1120,-865,-417,117,0,1009,1180,1106,796,316,-225,-726,-1083,-1207,-1074,-717,-201,359,839,1145,1215,1026,613,61,-509,-975,-1239,-1247,-987,-518,68,642,1085,1308,1260,948,438,-174,-751,-1175,-1359,-1257,-892,-344,273,836,1228,1360,1208,809,248,-371,-906,-1238,-1311,-1118,-686,-111,478,956,1228,1237,985,523,-49,-596,-1017,-1227,-1154,-834,-354,199,708,1060,1183,1053,699,198,-335,-790,-1074,-1122,-933,-550,-53,453,851,1052,1034,799,389,-93,-541,-868,-1000,-912,-625,-207,239,627,868,907,746,424,9,-402,-714,-866,-825,-591,-211,210,575,814,874,728,424,22,-395,-729,-906,-886,-659,-275,169,589,890,996,884,574,0,0
61665,mtk,MTK 7916,863739449,rx2-tx1,512,0,0,0,-1068,-1138,-969,-597,-100,435,886,1151,1180,962,556,27,-517,-944,-1173,-1171,-932,-498,40,567,964,1168,1135,868,419,-118,-621,-978,-1128,-1049,-757,-298,210,653,959,1056,925,599,142,-341,-738,-961,-974,-776,-400,58,503,837,975,892,623,211,-262,-685,-953,-1014,-850,-502,-40,443,832,1040,1026,797,385,-119,-600,-953,-1109,-1023,-712,-241,292,753,1059,1144,982,605,91,-452,-904,-1173,-1201,-975,-525,39,600,1052,1291,1265,981,485,-112,-694,-1134,-1351,-1299,-988,-469,154,734,1161,1365,1298,966,444,-161,-736,-1159,-1341,-1257,-934,-423,169,715,1117,1286,1195,886,403,-160,-664,-1017,-1173,-1093,0,-337,154,598,905,1015,910,625,228,-198,-569,-803,-858,-728,-437,-72,297,590,742,732,567,276,-79,-409,-625,-696,-617,-393,-83,249,524,670,672,525,241,-111,-445,-678,-773,-696,-450,-88,303,644,867,921,780,458,20,-428,-816,-1053,-1074,-884,-516,-32,481,906,1152,1186,988,587,54,-497,-958,-1235,-1273,-1073,-667,-129,449,946,1259,1340,1178,790,247,-330,-850,-1216,-1358,-1245,-912,-419,140,656,1036,1226,1192,941,537,50,-426,-807,-1026,-1052,-893,-582,-185,231,592,828,895,806,578,255,-99,-409,-632,-748,-734,-594,-366,-91,184,414,566,624,591,476,310,123,-59,-203,-296,-338,0,0,0,0,0,408,480,501,456,341,166,-53,-283,-481,-619,-668,-612,-448,-209,72,346,569,699,705,577,347,45,-274,-540,-720,-766,-658,-423,-103,251,566,771,830,728,479,121,-269,-611,-842,-917,-812,-547,-167,253,636,907,1010,912,625,216,-236,-651,-948,-1063,-962,-673,-251,218,657,969,1082,978,675,241,-234,-662,-976,-1094,-972,-666,-239,241,667,957,1048,936,638,194,-274,-675,-937,-1005,-873,-558,-131,313,699,931,955,789,461,27,-409,-756,-950,-935,-722,-376,58,488,809,962,923,683,302,-135,-544,-833,-961,-890,-625,-241,190,585,857,946,829,543,155,-267,-635,-874,-925,-782,-478,0,362,702,900,913,729,394,-26,-438,-758,-912,-875,-655,-295,131,516,784,880,785,517,135,-277,-633,-851,-886,-720,-393,27,448,781,945,913,686,294,-164,-587,-906,-1042,-950,-655,-222,265,702,1000,1086,944,603,130,-366,-784,-1038,-1075,-889,-509,-10,481,875,1079,1052,806,382,-128,-614,-966,-1107,-1012,-708,-246,282,739,1034,1119,963,603,110,-414,-857,-1112,-1131,-910,-493,35,551,954,1169,1130,851,395,-149,-668,-1050,-1213,-1119,-786,-297,244,734,1076,1201,1076,720,222,-312,-789,-1098,-1162,-976,-602,-112,404,832,1071,1090,882,480,-23,-513,-897,-1086,-1039,-773,-338,174,641,970,1101,0,0,0,0,0,371,-138,-629,-1000,-1165,-1098,-802,-329,209,714,1079,1208,1093,764,276,-272,-770,-1101,-1205,-1069,-704,-197,338,797,1094,1164,987,602,101,-412,-831,-1064,-1074,-856,-459,27,503,856,1017,961,692,277,-203,-624,-899,-982,-847,-514,-72,392,768,973,967,741,352,-116,-570,-907,-1046,-961,-661,-205,289,725,1014,1084,920,557,55,-462,-875,-1097,-1095,-862,-431,100,615,1000,1182,1103,784,299,-264,-786,-1148,-1271,-1132,-760,-226,369,901,1251,1345,1168,765,190,-434,-959,-1289,-1377,-1183,-738,-143,470,976,1293,1358,1140,697,126,-468,-960,-1248,-1299,-1099,-673,-122,443,904,1167,1209,1013,612,103,-405,0,-1056,-1079,-879,-517,-67,388,737,916,905,700,354,-47,-417,-690,-802,-732,-508,-179,180,490,684,722,598,342,2,-334,-580,-689,-645,-459,-163,174,476,675,723,600,334,-18,-387,-682,-829,-808,-615,-258,167,567,862,997,930,672,258,-222,-674,-1010,-1149,-1058,-760,-298,231,726,1094,1246,1162,854,366,-212,-745,-1136,-1318,-1247,-951,-465,118,670,1096,1327,1316,1056,609,54,-507,-971,-1249,-1301,-1116,-737,-229,300,751,1059,1164,1050,761,353,-107,-524,-830,-974,-937,-735,-415,-29,345,632,789,808,687,456,156,-163,-433,-617,-694,-659,-527,-320,-76,155,336,466,514,487,406,294,172,0,0,0,0,0,-186,-39,128,308,464,575,616,567,426,216,-37,-297,-525,-665,-691,-608,-419,-142,160,438,641,730,688,515,244,-85,-406,-654,-778,-755,-581,-286,78,430,706,857,840,658,335,-55,-441,-765,-951,-935,-741,-407,28,461,799,1001,1007,807,448,3,-457,-837,-1050,-1048,-835,-469,-4,458,840,1066,1067,846,466,5,-459,-847,-1055,-1046,-828,-448,17,477,835,1020,999,772,389,-65,-505,-836,-983,-927,-683,-298,148,559,851,961,870,598,205,-240,-638,-888,-957,-834,-535,-120,322,694,924,961,801,476,60,-367,-723,-926,-931,-741,-402,14,426,756,926,896,677,314,-114,-510,-800,0,-856,-606,-232,196,579,831,922,815,529,139,-273,-634,-851,-885,-725,-408,-3,401,716,870,832,616,256,-166,-546,-816,-920,-817,-529,-131,311,705,956,997,831,483,22,-448,-830,-1041,-1035,-816,-418,74,545,902,1080,1031,760,327,-180,-646,-967,-1097,-989,-665,-204,305,753,1040,1099,920,546,52,-457,-870,-1092,-1084,-845,-422,91,588,968,1142,1063,757,298,-231,-721,-1049,-1158,-1032,-677,-176,360,827,1129,1190,1006,605,73,-469,-917,-1178,-1187,-956,-530,4,530,944,1162,1132,866,433,-90,-602,-982,-1138,-1050,-754,-311,207,670,987,1099,965,622,154,-350,-778,-1031,-1069,-887,-509,-15,0,0
61666,mtk,MTK 7916,863770123,rx0-tx0,512,-330,501,249,-900,-820,-670,-465,-229,19,261,480,666,810,886,903,847,739,577,369,137,-105,-338,-530,-701,-824,-893,-888,-823,-705,-545,-322,-83,166,399,615,784,897,946,927,836,683,486,231,-34,-308,-551,-741,-883,-956,-964,-901,-766,-575,-347,-87,174,412,627,791,886,929,903,807,656,466,238,5,-232,-460,-635,-786,-875,-900,-852,-759,-608,-410,-180,64,303,520,703,830,891,894,813,690,508,294,48,-197,-421,-615,-764,-836,-848,-805,-696,-547,-357,-142,79,284,470,616,707,756,750,677,566,415,232,41,-144,-318,-466,-590,-664,-682,-661,-595,-487,-348,-176,13,191,340,467,-26,644,671,634,559,444,302,106,-64,-232,-396,-539,-634,-674,-671,-623,-512,-370,-208,-14,162,346,489,603,674,691,641,548,425,258,73,-126,-309,-461,-587,-658,-675,-641,-568,-450,-293,-120,68,239,389,528,612,655,651,597,500,356,184,2,-185,-362,-520,-622,-673,-680,-617,-503,-343,-164,35,234,408,540,628,651,622,530,387,213,26,-155,-296,-420,-495,-521,-492,-412,-310,-185,-66,57,167,239,287,314,302,273,222,161,102,31,-28,-79,-116,-143,-149,-153,-145,-140,-123,-95,-65,-38,-9,17,56,89,109,121,130,130,123,100,52,-1,-50,-95,-126,-136,-127,-84,941,860,510,-356,-76,197,179,118,32,-69,-166,-239,-291,-309,-291,-245,-169,-75,32,128,214,289,341,368,364,333,273,186,77,-51,-165,-278,-390,-476,-523,-514,-470,-386,-258,-103,75,260,442,588,687,734,730,646,500,298,65,-183,-434,-656,-832,-932,-962,-896,-746,-527,-255,52,342,631,871,1028,1106,1080,974,762,491,182,-158,-481,-767,-993,-1122,-1161,-1108,-953,-733,-447,-118,221,526,795,991,1123,1149,1085,947,728,438,132,-197,-493,-747,-959,-1087,-1123,-1077,-954,-741,-479,-178,134,437,703,909,1051,1110,1073,966,778,531,241,-64,-366,-643,-841,-1000,-1070,-1052,-960,-782,-546,-284,5,287,544,301,896,979,998,938,806,625,403,142,-118,-370,-591,-772,-907,-974,-971,-908,-772,-575,-339,-75,206,469,709,884,992,1040,1002,880,711,474,204,-79,-353,-612,-805,-952,-1024,-1027,-959,-817,-616,-389,-122,172,425,669,870,999,1073,1054,961,809,585,319,26,-271,-553,-794,-980,-1091,-1125,-1077,-944,-745,-496,-192,128,429,704,926,1083,1155,1149,1039,841,606,313,-2,-317,-602,-832,-1008,-1096,-1100,-1022,-882,-673,-421,-135,156,424,667,857,982,1026,1006,903,751,538,288,30,-237,-489,-698,-852,-950,-977,-929,-826,-655,-433,-194,72,319,543,732,866,936,934,865,729,547,322,77,-175,-956,-808,-82,-825,-935,211,445,653,803,892,913,871,768,613,406,174,-68,-301,-513,-688,-812,-882,-893,-825,-709,-547,-345,-108,136,361,557,734,857,913,898,829,700,510,280,28,-227,-463,-669,-837,-939,-972,-939,-818,-641,-411,-156,109,370,596,771,894,955,931,846,704,508,281,43,-212,-444,-638,-787,-880,-902,-876,-772,-628,-443,-219,25,258,474,666,807,887,904,855,741,570,349,115,-138,-371,-578,-741,-847,-886,-852,-763,-623,-430,-208,22,252,461,624,745,806,802,738,628,467,285,86,-124,-323,-479,-613,-687,-715,-696,-632,-527,-378,-202,-17,156,327,465,577,649,672,637,563,457,628,158,-25,-207,-365,-497,-610,-667,-660,-630,-549,-426,-257,-77,104,288,450,567,658,690,664,597,469,332,147,-48,-250,-411,-551,-643,-690,-677,-609,-501,-359,-181,-1,180,347,498,599,654,662,609,535,405,243,65,-120,-296,-450,-566,-642,-665,-639,-568,-445,-276,-100,95,289,458,585,660,681,640,529,384,203,9,-181,-358,-495,-575,-607,-568,-484,-363,-202,-42,117,244,337,397,416,405,345,260,177,76,-17,-95,-157,-191,-215,-221,-205,-182,-146,-108,-63,-25,11,36,68,96,112,120,123,126,127,106,77,43,4,-37,-74,-115,-140,-148,-140,-111,-64,-14,40,82,-167,-434,-82,877,928,-68,-147,-216,-257,-266,-235,-170,-82,23,122,215,283,325,330,305,260,193,106,4,-102,-204,-296,-367,-418,-426,-396,-353,-275,-160,-15,137,280,424,538,608,629,603,516,379,195,-14,-238,-457,-639,-773,-840,-843,-770,-626,-412,-155,121,405,655,860,992,1034,990,875,655,381,60,-257,-565,-837,-1024,-1130,-1146,-1047,-879,-619,-309,21,358,661,903,1080,1164,1136,1032,841,587,285,-48,-359,-642,-892,-1055,-1134,-1127,-1018,-849,-610,-307,8,312,604,846,1012,1098,1098,1023,859,635,365,57,-245,-534,-789,-978,-1078,-1096,-1036,-877,-667,-415,-106,188,477,721,897,1010,1044,991,867,-176,455,203,-70,-341,-579,-765,-907,-973,-967,-899,-773,-592,-359,-102,146,397,627,820,951,1016,998,913,756,533,277,-6,-294,-545,-763,-932,-1019,-1032,-981,-847,-651,-418,-153,119,400,655,842,968,1048,1036,956,817,600,353,79,-218,-482,-730,-927,-1053,-1098,-1069,-963,-784,-546,-266,35,341,624,852,1030,1144,1150,1073,913,688,407,97,-219,-534,-785,-983,-1115,-1153,-1101,-957,-754,-502,-208,94,381,636,843,987,1062,1049,967,815,604,351,81,-195,-452,-671,-849,-954,-988,-964,-860,-695,-479,-236,28,281,516,721,858,939,957,895,777,603,382,137,-119,-366,-581,-753,-876,-928,-913,299,553
61667,mtk,MTK 7916,863770123,rx0-tx1,512,-686,300,53,-372,-221,-47,126,292,432,533,597,616,588,505,399,266,113,-44,-192,-324,-426,-497,-527,-530,-498,-435,-341,-230,-109,14,150,267,369,447,497,519,508,470,392,278,153,17,-126,-258,-391,-492,-555,-591,-579,-536,-448,-324,-170,-9,158,330,477,587,661,674,649,566,442,288,104,-92,-280,-443,-583,-667,-710,-688,-631,-524,-379,-207,-12,187,371,523,637,707,717,680,588,449,289,98,-99,-275,-443,-577,-663,-703,-688,-620,-513,-364,-196,-9,173,336,486,595,659,673,642,565,440,286,116,-70,-248,-405,-523,-610,-653,-644,-594,-496,-363,-206,-32,145,308,464,563,627,-38,618,548,441,293,106,-72,-245,-396,-523,-621,-661,-654,-599,-491,-346,-182,3,191,367,507,616,676,676,628,530,392,221,31,-158,-341,-494,-599,-670,-682,-624,-537,-402,-227,-43,141,308,451,556,614,628,595,510,391,250,83,-84,-238,-374,-486,-569,-593,-578,-521,-415,-294,-142,21,178,325,444,539,581,578,528,442,312,159,-1,-173,-326,-453,-541,-579,-571,-514,-405,-266,-109,53,220,360,456,509,520,486,412,303,169,16,-126,-252,-351,-422,-456,-438,-379,-290,-178,-55,78,197,281,350,383,373,322,238,133,14,-109,-207,-287,-321,-309,-256,-161,-55,51,136,184,825,693,0,19,-111,-69,-128,-172,-188,-178,-141,-74,1,79,150,200,224,232,206,161,102,26,-44,-114,-176,-212,-236,-235,-219,-177,-114,-48,26,94,150,192,215,219,212,172,127,80,33,-22,-69,-106,-136,-158,-168,-165,-158,-149,-128,-106,-69,-28,16,68,118,166,192,216,230,225,194,158,90,12,-54,-128,-194,-236,-269,-273,-260,-225,-172,-112,-40,36,102,168,217,253,265,267,262,227,180,117,52,-19,-106,-185,-254,-303,-335,-343,-318,-275,-214,-125,-16,89,195,278,345,386,398,386,322,241,153,42,-69,-181,-278,-350,-400,-420,-404,-365,-295,-203,-89,29,138,245,335,403,-48,428,407,359,273,166,51,-78,-198,-305,-398,-459,-483,-477,-438,-366,-259,-136,18,163,286,400,483,529,527,493,423,309,182,37,-112,-252,-371,-456,-517,-532,-511,-455,-375,-256,-131,11,149,272,390,476,535,561,544,485,390,278,143,-11,-163,-309,-436,-537,-599,-616,-593,-522,-414,-274,-111,64,242,408,541,630,691,686,629,532,384,204,14,-184,-365,-532,-652,-717,-735,-692,-594,-441,-267,-74,130,319,489,616,691,717,692,611,487,325,150,-40,-228,-388,-521,-616,-668,-674,-632,-544,-404,-241,-66,118,292,445,568,640,668,652,582,467,315,144,-29,-222,-377,-504,343,279,9,-846,-890,529,608,642,623,560,450,315,159,-4,-170,-315,-432,-524,-574,-573,-534,-460,-362,-237,-99,43,173,296,397,468,503,515,492,438,355,249,126,-5,-134,-255,-369,-455,-508,-541,-530,-495,-426,-308,-177,-25,133,287,430,539,608,631,623,561,448,308,139,-40,-216,-388,-521,-626,-687,-696,-648,-557,-419,-250,-59,138,322,486,613,691,726,700,620,490,333,147,-47,-236,-416,-552,-649,-704,-694,-641,-552,-413,-244,-56,136,314,471,593,670,699,667,593,473,316,140,-42,-218,-378,-515,-601,-656,-658,-612,-516,-393,-243,-68,103,273,423,545,623,655,636,577,469,320,164,634,-198,-356,-489,-598,-654,-651,-611,-518,-396,-236,-54,126,299,453,569,647,682,660,581,453,295,106,-82,-267,-435,-569,-659,-687,-667,-600,-472,-313,-130,73,250,404,541,627,662,640,571,463,320,157,-14,-193,-352,-474,-563,-616,-606,-557,-467,-347,-192,-24,131,287,420,513,576,582,553,480,374,239,79,-82,-242,-385,-496,-561,-584,-564,-492,-381,-235,-67,107,272,412,501,553,557,517,419,290,141,-19,-170,-301,-402,-472,-492,-463,-395,-296,-184,-46,89,210,308,376,409,407,352,274,174,53,-67,-181,-273,-331,-358,-334,-274,-180,-60,57,166,239,264,246,188,106,-370,-576,0,292,257,-129,-107,-51,19,90,155,199,216,208,171,105,39,-39,-112,-174,-218,-241,-236,-214,-160,-101,-34,38,108,174,214,231,234,209,171,111,52,-5,-66,-122,-156,-179,-191,-187,-166,-141,-110,-75,-34,3,36,72,101,130,163,183,195,186,170,134,90,40,-23,-94,-150,-199,-245,-257,-252,-237,-191,-133,-65,13,83,155,209,249,274,271,255,222,170,106,34,-25,-99,-168,-222,-267,-286,-297,-286,-253,-202,-130,-47,51,144,226,299,354,376,372,336,271,190,86,-23,-140,-249,-316,-376,-406,-408,-375,-308,-221,-119,-6,107,214,305,375,418,425,411,358,278,174,-1135,-44,-158,-266,-360,-418,-454,-455,-417,-358,-268,-150,-24,112,239,352,438,498,527,497,439,348,225,83,-65,-208,-341,-446,-511,-543,-536,-485,-395,-278,-147,-3,138,266,378,470,521,544,517,467,386,274,141,-6,-154,-289,-405,-493,-560,-583,-564,-503,-409,-281,-132,33,196,353,485,587,642,653,620,542,412,258,74,-125,-305,-468,-602,-683,-722,-702,-629,-505,-330,-141,60,260,439,586,677,727,715,652,544,385,203,7,-191,-365,-511,-616,-674,-695,-652,-563,-439,-281,-103,79,255,419,547,627,669,663,607,504,361,190,18,-162,-334,-479,-586,-639,-660,-629,-541,-427,36,179
61668,mtk,MTK 7916,863770123,rx1-tx0,512,0,-195,261,358,487,591,659,676,650,573,454,315,140,-54,-243,-424,-581,-704,-768,-788,-753,-648,-503,-313,-91,146,383,594,767,884,934,921,824,655,433,179,-88,-364,-620,-829,-972,-1051,-1026,-937,-778,-542,-276,44,341,614,846,1011,1086,1087,1002,828,595,324,19,-277,-539,-775,-943,-1034,-1049,-985,-846,-665,-426,-160,118,385,625,820,949,1007,995,913,749,543,300,30,-248,-496,-719,-882,-968,-990,-945,-818,-633,-404,-144,128,372,600,794,913,958,932,836,678,473,229,-35,-278,-509,-699,-823,-883,-885,-790,-661,-479,-271,-44,195,396,566,701,767,770,721,621,479,297,115,-75,-277,-401,-525,-610,-650,-633,-576,-486,-371,-227,-63,92,241,371,470,548,580,583,538,456,353,216,67,-79,-234,-366,-472,-552,-577,-575,-530,-455,-347,-206,-49,105,253,389,497,577,613,605,565,479,357,206,47,-126,-303,-456,-578,-674,-720,-702,-641,-527,-358,-161,56,285,487,657,780,850,859,765,608,408,172,-98,-366,-592,-774,-886,-925,-881,-748,-555,-308,-33,239,471,667,804,855,841,735,575,378,145,-85,-306,-492,-625,-697,-711,-661,-550,-406,-226,-42,148,310,445,551,587,573,512,400,257,99,-60,-220,-363,-456,-502,-490,-418,-297,-152,17,170,287,349,349,285,-968,-891,0,-397,-107,-83,-88,-82,-63,-28,10,50,98,122,126,121,115,85,54,19,-33,-72,-109,-145,-154,-159,-146,-135,-97,-55,-24,31,83,118,153,180,199,196,186,151,108,53,-12,-82,-151,-211,-252,-287,-303,-274,-246,-179,-97,11,118,218,310,386,422,427,393,329,223,99,-56,-200,-340,-441,-510,-540,-511,-442,-324,-171,-17,142,302,432,530,572,574,513,410,273,121,-34,-202,-344,-449,-527,-548,-529,-456,-356,-229,-88,55,200,322,403,442,468,439,386,300,199,91,-11,-114,-203,-271,-315,-353,-362,-345,-308,-257,-199,-125,-44,43,135,214,290,345,383,398,387,338,263,489,80,-50,-178,-292,-383,-457,-491,-483,-450,-373,-282,-155,-7,142,277,398,489,546,559,534,475,370,243,85,-86,-247,-391,-504,-589,-628,-625,-563,-461,-326,-166,5,187,353,491,590,655,677,649,550,423,266,84,-110,-289,-444,-568,-658,-700,-689,-630,-529,-383,-207,-16,169,355,520,640,721,745,734,662,524,359,165,-47,-259,-464,-634,-761,-835,-840,-780,-653,-474,-245,2,241,472,655,780,851,853,786,655,468,248,22,-210,-411,-578,-695,-755,-763,-704,-608,-468,-291,-111,80,255,411,532,601,647,639,596,503,387,247,90,-67,-214,-349,-468,-555,-607,-616,-588,-505,-555,-640,0,-940,-922,546,441,311,145,-33,-210,-382,-519,-632,-713,-730,-697,-618,-493,-323,-122,85,308,498,654,778,847,856,792,670,491,266,19,-243,-495,-713,-877,-973,-997,-953,-823,-626,-374,-92,211,483,743,927,1050,1090,1032,904,701,434,140,-159,-454,-709,-898,-1027,-1079,-1038,-929,-744,-499,-222,59,343,585,791,944,1018,1018,936,798,593,355,94,-169,-431,-658,-832,-952,-1002,-968,-864,-706,-477,-225,36,296,540,743,893,969,961,888,764,564,312,53,-206,-450,-658,-809,-907,-912,-864,-753,-578,-358,-130,128,359,551,706,795,834,800,705,570,389,176,-32,-235,-416,-561,-657,-700,-696,315,-529,-398,-248,-77,93,247,377,482,566,598,597,552,465,353,216,68,-84,-240,-361,-464,-542,-576,-581,-538,-454,-347,-206,-58,93,237,364,473,555,593,588,550,467,348,201,40,-113,-266,-413,-533,-613,-650,-650,-595,-490,-361,-208,-14,180,362,533,668,749,783,748,648,495,297,76,-181,-430,-640,-790,-883,-906,-840,-701,-504,-244,28,315,559,747,870,915,870,753,579,341,93,-163,-401,-581,-716,-780,-776,-709,-573,-397,-192,17,221,392,529,621,652,620,532,416,257,76,-95,-257,-391,-482,-528,-526,-483,-378,-233,-74,96,253,371,441,452,393,284,144,-8,-139,51,-392,0,-533,-669,-15,18,52,82,105,111,110,90,48,9,-27,-71,-109,-125,-145,-147,-131,-111,-70,-26,14,55,97,139,152,169,179,158,134,100,60,2,-58,-110,-165,-202,-236,-245,-240,-214,-170,-108,-39,57,137,212,284,336,365,354,323,259,159,38,-89,-211,-326,-418,-481,-503,-467,-391,-266,-136,24,180,324,459,534,567,552,489,374,233,67,-95,-265,-397,-500,-547,-561,-530,-437,-321,-178,-24,130,276,391,476,507,511,466,384,262,143,11,-120,-227,-317,-371,-399,-398,-375,-322,-251,-178,-94,3,86,162,224,281,328,352,361,338,304,244,163,67,-35,-137,-239,-327,-571,-444,-451,-428,-364,-271,-163,-31,92,225,343,434,507,531,518,465,378,262,119,-40,-190,-332,-456,-541,-594,-589,-550,-469,-351,-208,-40,136,309,447,558,624,655,635,560,435,288,122,-48,-238,-408,-537,-632,-687,-686,-632,-533,-398,-233,-36,149,320,472,596,681,714,697,636,513,364,184,-9,-206,-406,-568,-686,-774,-799,-766,-674,-519,-328,-105,128,356,561,719,826,859,838,745,576,371,141,-104,-341,-551,-710,-801,-830,-796,-695,-552,-365,-164,52,250,420,563,651,695,691,634,543,405,255,92,-78,-238,-379,-481,-563,-609,-610,-576,-502,-392,-260,-109,48,207,362,303,21
61669,mtk,MTK 7916,863770123,rx1-tx1,512,0,0,0,-526,-247,94,418,650,720,603,337,-14,-364,-620,-721,-643,-403,-63,289,558,674,629,426,113,-227,-509,-648,-609,-414,-118,207,477,616,585,405,119,-200,-466,-612,-595,-412,-117,208,475,616,593,410,113,-216,-495,-647,-625,-439,-129,224,522,695,676,477,168,-188,-515,-703,-724,-558,-245,133,470,687,727,589,306,-52,-398,-643,-710,-594,-330,20,356,610,692,594,353,21,-318,-572,-674,-599,-374,-54,290,552,665,609,407,108,-222,-498,-644,-617,-445,-160,161,425,590,607,460,205,-84,-355,-537,-576,-467,-255,12,278,456,516,447,269,39,-193,-362,-435,-394,-263,-80,0,266,331,308,201,43,-114,-230,-259,-211,-105,37,162,228,233,158,23,-129,-251,-294,-257,-149,18,202,342,391,340,191,-17,-239,-415,-491,-445,-284,-35,237,454,565,549,383,114,-181,-445,-616,-627,-497,-240,88,405,627,701,602,357,16,-335,-617,-758,-704,-479,-143,234,557,743,755,592,284,-89,-451,-709,-805,-701,-430,-62,315,624,787,768,576,250,-135,-478,-704,-767,-662,-404,-58,285,547,682,668,500,216,-102,-374,-558,-615,-528,-331,-75,197,415,522,508,381,182,-43,-254,-402,-452,-401,-268,-85,104,260,348,369,323,214,72,-70,-183,-253,-274,-246,-185,-102,0,0,0,0,0,193,75,-76,-245,-393,-492,-514,-445,-285,-51,212,451,609,653,566,359,72,-247,-527,-702,-733,-605,-334,15,355,625,772,739,533,209,-169,-514,-737,-792,-663,-373,13,395,696,820,738,489,120,-292,-635,-827,-823,-609,-241,185,582,837,897,741,391,-57,-488,-808,-930,-821,-516,-92,367,740,918,867,610,191,-268,-661,-891,-889,-666,-279,174,586,857,908,722,350,-111,-540,-839,-921,-761,-404,48,495,821,948,827,486,13,-462,-819,-976,-887,-572,-102,403,813,1013,964,676,207,-328,-793,-1071,-1094,-848,-380,181,705,1059,1154,960,537,-20,-571,-990,-1160,-1046,-676,-142,425,0,1115,1070,765,259,-317,-804,-1086,-1100,-836,-356,216,734,1061,1117,887,435,-128,-676,-1051,-1154,-971,-545,29,597,1017,1180,1054,658,96,-491,-954,-1184,-1117,-773,-236,359,866,1154,1153,863,358,-227,-743,-1065,-1114,-880,-440,107,619,956,1044,868,463,-47,-529,-873,-975,-810,-436,51,528,862,961,802,434,-48,-527,-875,-993,-847,-483,7,498,875,1027,918,578,89,-417,-818,-1019,-978,-686,-218,294,724,967,969,738,329,-153,-590,-862,-909,-737,-390,44,436,706,797,685,401,21,-343,-598,-684,-588,-347,-23,306,529,594,497,269,-37,-330,-514,-563,-461,-214,88,369,559,595,458,0,0,0,0,0,-429,-635,-683,-560,-293,59,396,635,721,629,376,29,-325,-590,-704,-638,-419,-91,252,525,666,631,427,124,-208,-485,-628,-598,-403,-115,197,468,616,588,400,109,-208,-471,-615,-590,-403,-115,206,485,632,614,429,124,-215,-505,-668,-647,-453,-151,196,512,700,690,506,198,-171,-499,-696,-727,-572,-268,99,438,654,719,604,325,-34,-379,-613,-694,-606,-348,-4,333,580,679,597,352,26,-309,-568,-673,-602,-389,-77,258,524,658,628,437,136,-190,-463,-609,-614,-460,-193,119,393,559,583,470,238,-55,-320,-495,-547,-462,-266,-2,239,414,484,431,269,47,-164,-323,-400,0,-228,-65,108,233,280,248,149,6,-131,-218,-234,-175,-57,84,209,274,246,140,-12,-163,-284,-342,-297,-167,20,220,375,439,379,223,5,-242,-437,-520,-490,-336,-76,210,460,609,604,447,183,-139,-437,-633,-679,-559,-307,29,365,615,725,656,416,84,-275,-591,-762,-740,-545,-217,169,510,731,783,650,363,-12,-390,-679,-808,-747,-504,-154,227,558,755,774,616,322,-40,-381,-630,-737,-678,-467,-154,180,466,635,652,525,286,-2,-277,-483,-575,-530,-367,-131,120,329,453,470,394,233,30,-172,-326,-402,-384,-293,-151,21,182,287,330,319,255,151,38,-67,-144,-187,0,0,0,0,0,289,368,403,374,266,93,-120,-330,-502,-593,-566,-432,-206,79,360,578,688,660,489,201,-136,-448,-674,-762,-679,-441,-103,255,567,760,767,598,296,-84,-454,-712,-808,-704,-421,-40,354,668,824,779,547,178,-243,-617,-838,-859,-677,-319,123,533,821,914,783,454,15,-432,-783,-936,-860,-567,-138,317,703,915,887,636,240,-213,-617,-867,-892,-695,-330,134,567,852,919,744,379,-77,-513,-832,-933,-788,-437,14,469,823,966,861,525,45,-445,-822,-997,-930,-625,-161,360,800,1042,1032,763,287,-267,-758,-1071,-1121,-901,-456,107,650,1029,1163,1019,621,70,-499,-942,-1154,-1080,0,-195,362,833,1102,1089,799,303,-264,-756,-1060,-1098,-852,-393,170,701,1050,1125,922,484,-87,-644,-1039,-1169,-1005,-591,-29,549,987,1186,1093,717,159,-423,-913,-1182,-1144,-815,-302,287,805,1108,1129,875,396,-171,-677,-1009,-1083,-883,-459,71,573,903,996,835,452,-46,-523,-861,-963,-806,-435,55,527,862,976,822,446,-46,-530,-883,-1018,-893,-535,-37,470,860,1036,947,623,153,-357,-775,-998,-974,-709,-275,225,660,916,949,754,378,-80,-507,-790,-857,-715,-402,0,384,651,749,645,372,25,-310,-552,-633,-540,-308,4,308,513,561,459,238,-62,-352,-539,-568,-449,-209,108,394,0,0
61670,mtk,MTK 7916,863770123,rx2-tx0,512,0,0,0,-873,-409,172,729,1109,1215,1012,542,-77,-690,-1133,-1297,-1138,-687,-54,605,1114,1340,1227,803,177,-497,-1054,-1343,-1286,-900,-289,397,986,1324,1323,981,390,-299,-910,-1285,-1329,-1027,-461,220,843,1250,1331,1057,507,-170,-794,-1214,-1321,-1079,-558,109,743,1185,1311,1097,598,-57,-694,-1143,-1299,-1110,-630,8,633,1096,1266,1096,637,11,-607,-1059,-1229,-1071,-626,-9,600,1052,1222,1060,618,12,-603,-1060,-1237,-1075,-622,-5,622,1091,1269,1115,665,40,-607,-1108,-1321,-1186,-733,-86,589,1110,1359,1264,832,178,-523,-1100,-1403,-1347,-945,-307,415,1036,1395,1404,1055,435,-293,-951,-1366,-1435,-1144,-567,154,0,1307,1447,1221,679,-32,-726,-1243,-1442,-1264,-772,-86,627,1179,1433,1315,865,196,-531,-1123,-1431,-1372,-965,-317,422,1066,1432,1433,1084,464,-290,-983,-1417,-1494,-1212,-618,139,857,1366,1545,1335,782,39,-712,-1295,-1550,-1422,-945,-230,537,1170,1509,1474,1076,416,-343,-1011,-1430,-1499,-1194,-597,146,847,1332,1484,1274,746,38,-663,-1200,-1445,-1336,-909,-259,456,1045,1376,1387,1064,483,-191,-813,-1244,-1373,-1170,-709,-95,528,1010,1248,1194,869,352,-233,-737,-1048,-1116,-932,-542,-46,442,808,976,920,669,282,-156,-543,-787,-848,-730,-465,-112,244,527,697,722,606,389,120,-142,-354,-486,-518,-460,-338,0,0,0,0,0,425,439,376,225,5,-252,-492,-663,-718,-633,-417,-104,254,577,790,850,726,433,33,-393,-743,-937,-936,-712,-316,171,630,959,1076,946,588,76,-473,-925,-1174,-1144,-840,-330,271,822,1196,1294,1075,605,-14,-651,-1144,-1365,-1264,-860,-239,446,1032,1376,1387,1065,489,-218,-880,-1323,-1447,-1226,-711,-25,666,1199,1433,1324,885,243,-448,-1032,-1357,-1340,-993,-415,260,863,1233,1295,1041,534,-104,-695,-1095,-1217,-1035,-591,3,582,996,1147,997,599,58,-498,-920,-1091,-965,-591,-71,460,876,1060,957,602,88,-457,-888,-1089,-996,-641,-118,436,890,1117,1052,721,200,-385,-867,-1127,-1107,-806,-295,0,828,1129,1141,860,358,-245,-786,-1126,-1173,-917,-423,189,751,1120,1200,977,491,-139,-728,-1137,-1262,-1062,-575,61,683,1139,1313,1138,668,27,-623,-1124,-1338,-1211,-778,-142,538,1079,1345,1265,872,251,-428,-997,-1310,-1284,-931,-340,324,899,1247,1268,955,403,-246,-830,-1192,-1231,-955,-430,200,771,1138,1199,942,447,-160,-721,-1085,-1164,-942,-476,111,666,1041,1141,941,498,-68,-605,-975,-1092,-928,-515,29,548,904,1022,871,494,-5,-492,-835,-946,-804,-451,25,482,791,884,740,387,-71,-498,-787,-858,-700,-344,116,550,826,876,689,306,-167,-602,-874,-920,-717,-307,192,658,952,996,774,0,0,0,0,0,-724,-1073,-1155,-937,-470,134,714,1124,1264,1080,614,-18,-651,-1130,-1321,-1185,-749,-121,545,1085,1350,1270,866,241,-444,-1016,-1339,-1309,-942,-342,347,944,1303,1331,1014,437,-254,-876,-1275,-1336,-1048,-487,194,819,1234,1326,1070,537,-129,-764,-1202,-1318,-1089,-576,78,715,1165,1302,1096,610,-33,-668,-1121,-1275,-1095,-629,2,626,1075,1245,1081,625,9,-604,-1055,-1225,-1073,-620,-6,606,1057,1229,1066,616,5,-614,-1077,-1254,-1092,-643,-19,620,1103,1296,1152,698,54,-604,-1112,-1340,-1227,-784,-136,550,1104,1378,1300,884,238,-473,-1064,-1395,-1379,-1003,-370,358,990,1381,1429,1109,500,-233,-899,-1338,-1440,0,-640,83,775,1269,1439,1237,726,35,-667,-1202,-1421,-1284,-817,-138,578,1150,1427,1336,905,246,-478,-1086,-1427,-1411,-1033,-389,359,1016,1422,1472,1153,541,-214,-917,-1394,-1529,-1273,-699,52,789,1332,1551,1376,853,126,-627,-1236,-1543,-1458,-1015,-326,442,1100,1481,1495,1152,517,-245,-940,-1391,-1498,-1239,-678,45,753,1271,1468,1302,821,149,-556,-1128,-1420,-1365,-990,-373,325,939,1321,1388,1124,599,-50,-675,-1138,-1325,-1199,-803,-235,373,874,1152,1167,916,459,-85,-584,-932,-1052,-938,-615,-167,298,671,881,892,705,373,-23,-401,-670,-785,-740,-551,-256,69,356,555,639,606,477,285,71,-116,-247,0,0,0,0,0,-11,175,357,512,595,575,449,223,-75,-386,-638,-779,-760,-584,-283,104,489,777,910,840,579,173,-284,-693,-960,-1012,-828,-447,49,557,945,1121,1045,714,199,-376,-886,-1189,-1219,-963,-473,149,747,1182,1338,1175,735,114,-548,-1090,-1371,-1326,-961,-363,329,959,1356,1421,1151,596,-110,-780,-1270,-1459,-1281,-802,-132,568,1118,1404,1346,958,337,-356,-949,-1303,-1330,-1034,-486,174,778,1166,1262,1043,566,-49,-642,-1051,-1182,-1020,-598,-27,535,948,1108,975,589,58,-482,-900,-1077,-956,-592,-81,462,889,1077,976,620,97,-454,-888,-1099,-1024,-678,-156,413,880,1120,1077,755,236,-346,-847,-1128,0,-830,-322,272,804,1131,1162,897,389,-212,-758,-1115,-1191,-945,-457,155,729,1116,1218,1008,530,-98,-709,-1141,-1281,-1089,-619,22,658,1132,1321,1179,730,88,-582,-1106,-1353,-1247,-820,-189,489,1044,1330,1281,902,298,-382,-959,-1283,-1282,-949,-373,285,862,1215,1248,953,416,-222,-797,-1155,-1210,-947,-438,176,740,1112,1185,945,463,-144,-707,-1072,-1152,-938,-483,88,635,1009,1113,925,501,-44,-568,-940,-1060,-902,-509,10,517,869,982,843,475,-13,-480,-812,-919,-768,-418,41,488,794,875,717,360,-95,-523,-808,-873,-693,-322,148,574,852,900,695,303,-178,-621,-911,-951,-737,-323,196,669,0,0
61671,mtk,MTK 7916,863770123,rx2-tx1,512,0,0,0,327,-244,-760,-1089,-1155,-917,-440,148,708,1090,1195,1004,562,-30,-605,-1035,-1211,-1066,-654,-85,500,954,1169,1090,732,188,-393,-863,-1108,-1063,-744,-248,306,773,1022,1005,736,274,-262,-718,-967,-951,-686,-235,272,705,947,929,659,207,-308,-738,-970,-950,-673,-201,323,767,1010,985,701,222,-322,-790,-1045,-1021,-728,-241,306,791,1066,1058,771,272,-303,-810,-1114,-1121,-826,-320,284,828,1161,1198,928,414,-229,-824,-1206,-1292,-1059,-554,94,731,1197,1359,1180,713,69,-599,-1131,-1361,-1255,-852,-242,424,984,1313,1307,967,406,-242,-833,-1213,-1294,-1055,-564,50,643,1073,1220,1068,667,117,-444,0,-1080,-1015,-705,-233,279,701,931,914,663,258,-204,-595,-804,-796,-588,-230,184,527,714,719,527,189,-193,-513,-679,-657,-463,-142,225,530,682,640,417,66,-313,-616,-752,-682,-426,-38,380,710,867,807,524,94,-384,-796,-1021,-988,-703,-230,323,801,1087,1128,895,437,-141,-705,-1105,-1241,-1076,-650,-55,554,1040,1283,1227,887,328,-316,-890,-1254,-1331,-1101,-622,4,624,1102,1315,1232,885,340,-270,-799,-1133,-1217,-1030,-613,-73,459,864,1059,1010,742,319,-150,-557,-825,-903,-777,-479,-88,300,610,774,756,580,296,-38,-347,-574,-673,-635,-478,-240,22,256,425,506,494,405,275,126,0,0,0,0,0,-299,-169,4,206,408,561,620,563,399,148,-145,-424,-621,-685,-612,-413,-113,219,507,690,723,582,302,-50,-395,-661,-767,-693,-457,-100,296,620,805,806,611,250,-183,-584,-848,-901,-750,-419,40,498,838,987,905,595,131,-366,-781,-1013,-1006,-765,-320,215,684,986,1065,875,470,-47,-560,-938,-1076,-959,-605,-101,423,844,1064,1010,708,236,-289,-740,-1000,-1008,-765,-332,181,633,920,982,791,389,-101,-559,-870,-960,-804,-439,46,510,840,956,827,492,25,-448,-806,-961,-882,-573,-108,373,757,952,902,628,191,-289,-693,-913,-908,-664,-259,216,636,888,906,693,300,-168,-596,0,-924,-734,-355,115,548,846,927,766,410,-50,-495,-803,-895,-760,-418,29,462,774,877,742,415,-24,-475,-798,-905,-767,-430,29,505,849,970,841,489,-10,-511,-884,-1038,-928,-568,-51,481,887,1070,986,647,137,-420,-868,-1080,-1021,-704,-202,354,817,1067,1048,747,246,-319,-797,-1070,-1061,-771,-280,288,782,1071,1083,810,318,-266,-780,-1084,-1107,-848,-367,210,733,1078,1144,903,429,-164,-722,-1086,-1177,-964,-503,91,661,1065,1203,1033,597,12,-575,-1015,-1187,-1068,-677,-109,481,941,1156,1068,712,185,-394,-862,-1097,-1050,-733,-228,333,803,1057,1036,740,249,-304,-769,-1045,-1047,-769,-293,0,0,0,0,0,1083,1114,861,380,-209,-752,-1103,-1183,-969,-503,90,652,1057,1204,1044,614,29,-553,-993,-1185,-1077,-699,-145,441,911,1134,1069,741,224,-349,-815,-1065,-1043,-756,-274,270,733,991,983,714,261,-269,-711,-947,-931,-669,-221,287,716,952,930,650,195,-319,-752,-997,-970,-673,-197,338,793,1042,1013,716,229,-322,-792,-1060,-1051,-761,-264,305,790,1080,1083,794,292,-297,-825,-1147,-1160,-869,-353,264,828,1190,1252,990,472,-167,-777,-1208,-1337,-1133,-640,14,674,1165,1358,1217,787,160,-511,-1056,-1337,-1284,-920,-334,334,914,1259,1302,1026,492,-149,-740,-1140,-1259,-1071,-631,-45,549,980,1158,1055,0,192,-352,-779,-1001,-963,-685,-250,229,628,853,845,621,249,-181,-545,-750,-757,-551,-204,178,513,704,692,490,165,-201,-513,-681,-656,-445,-106,256,553,702,654,411,41,-348,-657,-809,-744,-470,-54,391,757,939,888,603,149,-361,-800,-1055,-1052,-788,-323,228,744,1098,1188,985,538,-52,-644,-1084,-1270,-1164,-774,-199,440,978,1286,1292,1002,470,-166,-759,-1191,-1351,-1185,-758,-173,452,961,1246,1244,969,483,-97,-637,-1009,-1145,-1025,-687,-207,301,715,950,971,768,400,-35,-434,-721,-845,-778,-538,-191,168,480,686,730,619,394,99,-203,-436,-573,-602,-523,-363,-156,52,216,318,367,0,0,0,0,0,-318,-450,-516,-500,-396,-209,35,291,512,643,646,526,295,-7,-314,-561,-692,-678,-510,-216,133,455,676,749,646,383,25,-346,-648,-801,-760,-531,-164,250,611,835,868,678,315,-119,-541,-856,-963,-830,-498,-41,433,813,1003,959,681,226,-290,-734,-1003,-1043,-822,-392,132,629,977,1081,918,533,23,-497,-898,-1077,-992,-667,-177,359,798,1032,1011,753,300,-225,-680,-962,-997,-781,-369,138,585,886,972,795,408,-69,-528,-851,-952,-817,-471,5,483,828,961,857,525,67,-404,-778,-957,-889,-594,-152,331,730,937,907,648,223,-257,-670,-912,-913,-687,-284,189,616,884,920,716,0,-140,-570,-852,-917,-750,-394,67,517,820,906,753,408,-41,-477,-782,-884,-757,-419,29,469,786,890,756,416,-46,-499,-828,-929,-789,-448,29,518,872,1003,886,527,16,-507,-902,-1063,-958,-611,-101,443,872,1086,1018,686,177,-382,-838,-1078,-1037,-728,-226,338,808,1066,1046,754,262,-305,-796,-1070,-1061,-779,-296,268,771,1074,1091,824,343,-239,-761,-1085,-1131,-883,-395,200,741,1089,1156,920,449,-135,-690,-1077,-1191,-993,-543,42,624,1048,1204,1056,636,61,-523,-974,-1180,-1073,-703,-161,426,897,1127,1062,725,206,-359,-828,-1083,-1048,-740,-240,318,783,1045,1036,749,275,-275,-762,-1044,0,0
61672,mtk,MTK 7916,863809526,rx0-tx0,512,-330,-884,-759,612,754,846,890,854,770,633,459,256,25,-197,-405,-580,-727,-816,-856,-846,-775,-652,-499,-314,-107,112,339,526,695,803,865,879,836,734,571,386,160,-75,-313,-521,-708,-847,-923,-933,-884,-778,-616,-403,-170,72,316,528,701,838,903,916,872,756,598,406,184,-39,-271,-474,-642,-770,-849,-874,-842,-767,-631,-451,-252,-31,188,399,582,740,832,877,864,796,660,491,278,54,-178,-399,-587,-723,-823,-858,-826,-743,-609,-429,-247,-39,181,364,529,654,742,767,744,667,548,398,228,55,-132,-296,-439,-562,-645,-683,-675,-612,-522,-397,-255,-91,71,222,362,476,564,615,-26,598,528,433,303,157,-12,-169,-323,-458,-566,-621,-640,-627,-559,-454,-326,-163,10,189,352,479,584,652,666,631,551,442,297,122,-45,-211,-370,-496,-589,-638,-648,-602,-516,-397,-260,-107,56,225,376,497,575,619,618,580,498,383,241,73,-97,-268,-414,-524,-609,-649,-641,-566,-460,-305,-126,53,233,403,509,586,619,591,510,380,237,77,-79,-229,-346,-425,-466,-455,-417,-338,-238,-134,-25,80,143,205,243,251,244,218,180,136,101,46,-1,-29,-58,-83,-98,-109,-118,-119,-120,-109,-96,-82,-59,-32,-7,30,63,98,128,135,135,121,89,39,-9,-51,-90,-103,-925,-966,510,831,652,160,213,238,219,174,104,11,-85,-177,-251,-298,-325,-314,-282,-216,-136,-56,38,138,233,310,361,401,412,387,328,242,132,3,-128,-267,-394,-495,-565,-594,-582,-521,-411,-256,-83,113,333,515,662,767,810,793,712,570,369,131,-132,-402,-634,-816,-956,-1007,-981,-879,-701,-469,-182,122,408,676,892,1036,1120,1089,969,792,542,266,-40,-358,-629,-860,-1029,-1100,-1097,-1028,-870,-656,-386,-98,193,477,726,926,1036,1090,1069,961,777,551,290,6,-283,-550,-787,-951,-1044,-1066,-1016,-898,-711,-466,-198,78,358,608,821,957,1039,1040,965,827,632,391,127,-140,-403,-630,-810,-920,301,-972,-890,-748,-571,-357,-116,137,365,561,729,850,927,930,881,778,621,421,191,-63,-304,-530,-738,-887,-977,-991,-959,-849,-674,-463,-211,59,309,545,744,889,977,999,969,871,708,506,268,3,-251,-488,-698,-866,-976,-1033,-1010,-926,-784,-585,-349,-84,181,450,685,880,1009,1069,1065,987,840,642,389,110,-167,-455,-704,-909,-1043,-1109,-1092,-992,-847,-624,-356,-80,195,462,697,884,1004,1054,1033,935,787,584,345,97,-157,-411,-622,-792,-917,-966,-954,-889,-756,-581,-370,-137,102,338,549,715,847,919,925,872,766,608,409,180,-48,-280,-488,-665,-799,-880,-898,-857,-765,-612,1023,1027,-82,413,615,634,452,247,15,-220,-425,-611,-745,-838,-875,-850,-769,-644,-478,-277,-65,162,379,555,695,801,853,861,797,692,537,343,136,-91,-316,-528,-698,-824,-905,-916,-862,-757,-608,-410,-180,69,307,530,722,857,926,938,886,767,613,406,174,-60,-297,-515,-685,-814,-881,-889,-848,-749,-608,-427,-211,14,225,426,607,743,836,880,860,775,653,475,272,51,-177,-402,-590,-737,-831,-871,-861,-784,-645,-468,-269,-38,180,386,560,693,774,820,786,705,585,424,234,36,-155,-339,-490,-608,-671,-709,-693,-630,-537,-403,-241,-70,99,263,404,520,598,642,640,605,527,416,284,129,628,-200,-342,-465,-555,-619,-634,-609,-547,-450,-315,-156,0,168,330,464,572,646,662,644,565,455,321,151,-27,-204,-366,-493,-591,-644,-646,-621,-536,-417,-267,-112,59,221,367,485,574,626,629,592,509,392,247,91,-78,-235,-389,-506,-600,-645,-636,-586,-484,-361,-207,-33,152,322,463,581,635,650,612,509,357,205,26,-151,-318,-441,-521,-557,-538,-479,-369,-248,-105,25,146,250,317,348,363,323,278,222,144,68,-7,-63,-115,-137,-164,-178,-162,-150,-141,-117,-87,-61,-36,-9,22,49,68,86,106,116,120,122,109,91,50,6,-32,-72,-111,-136,-134,-119,-85,-39,-273,-38,-82,-542,-731,115,60,-27,-119,-194,-256,-287,-284,-248,-182,-107,-13,88,182,267,309,340,352,335,288,215,130,32,-83,-199,-304,-386,-451,-483,-485,-451,-370,-260,-121,32,201,366,520,629,689,710,662,549,402,205,-12,-246,-463,-663,-811,-899,-929,-865,-723,-533,-291,-4,277,545,770,938,1046,1058,994,862,633,367,67,-255,-533,-789,-983,-1090,-1129,-1065,-924,-728,-458,-161,128,420,684,895,1038,1095,1083,990,827,594,325,48,-255,-538,-766,-937,-1043,-1079,-1034,-927,-745,-510,-242,40,319,581,802,960,1038,1061,1000,870,665,424,160,-127,-394,-632,-826,-959,-1016,-1000,-918,-774,-579,-344,-176,152,399,610,764,888,940,936,861,746,583,383,154,-87,-320,-536,-723,-857,-941,-964,-918,-824,-665,-455,-206,42,299,544,740,889,985,1003,959,854,681,466,226,-21,-272,-517,-721,-876,-980,-1010,-975,-887,-746,-541,-308,-49,216,464,686,866,995,1050,1041,965,817,622,374,104,-175,-448,-690,-892,-1041,-1101,-1095,-1016,-855,-641,-381,-102,194,464,705,913,1038,1081,1061,968,816,604,350,79,-190,-443,-662,-839,-952,-999,-994,-914,-768,-586,-359,-111,127,360,578,748,872,933,939,883,759,597,397,166,-71,-306,-504,-680,-807,-881,-896,-858,-759,-613,-424,-202,29,254,465,648,191,-71
61673,mtk,MTK 7916,863809526,rx0-tx1,512,-686,-704,-561,619,604,558,464,334,196,40,-116,-258,-384,-481,-549,-566,-551,-504,-429,-322,-199,-68,58,185,295,385,455,491,503,478,431,362,273,164,49,-64,-180,-298,-394,-466,-510,-532,-516,-481,-395,-288,-165,-25,120,268,393,501,577,616,619,582,501,382,233,68,-104,-275,-432,-557,-638,-690,-681,-634,-547,-424,-262,-84,101,278,437,567,654,702,699,649,548,417,256,86,-95,-274,-430,-555,-652,-694,-685,-639,-545,-421,-270,-94,86,249,402,530,611,661,666,619,537,417,273,112,-58,-231,-378,-497,-591,-643,-647,-606,-532,-429,-285,-126,37,202,348,470,572,628,636,604,-38,427,290,133,-33,-194,-353,-485,-578,-633,-648,-620,-545,-434,-293,-122,51,222,374,508,608,658,662,627,542,409,252,77,-108,-278,-437,-562,-637,-672,-659,-588,-485,-354,-193,-13,161,329,461,551,604,622,592,526,417,291,138,-25,-184,-320,-437,-529,-583,-586,-556,-488,-383,-254,-111,42,198,331,440,526,572,576,542,463,345,202,44,-113,-258,-399,-497,-551,-570,-539,-464,-350,-219,-62,99,244,360,448,503,509,469,392,291,169,31,-105,-225,-316,-387,-422,-423,-384,-315,-223,-110,12,123,220,297,342,352,329,274,187,86,-34,-142,-224,-274,-277,-238,-166,-79,10,-910,-884,0,150,260,69,12,-56,-120,-170,-201,-204,-179,-133,-72,-1,67,134,187,220,231,222,188,139,79,20,-50,-117,-168,-207,-230,-231,-214,-178,-124,-64,-8,48,106,147,184,198,189,180,158,125,95,53,17,-18,-46,-78,-115,-145,-162,-177,-185,-187,-168,-136,-102,-52,0,60,132,181,217,247,257,242,215,174,117,42,-32,-106,-168,-213,-246,-263,-264,-254,-224,-179,-133,-78,-2,73,135,191,247,280,302,309,291,248,187,110,29,-58,-148,-233,-299,-347,-371,-372,-350,-294,-214,-119,-17,85,190,273,344,392,407,392,355,286,205,107,8,-97,-205,-292,-359,-405,-422,-410,-48,-315,-230,-130,-23,82,196,294,371,426,460,459,425,364,274,164,43,-90,-215,-327,-422,-485,-524,-520,-468,-390,-288,-163,-29,108,241,350,433,495,520,504,465,398,300,182,65,-74,-198,-307,-410,-476,-518,-531,-510,-462,-381,-276,-142,-2,131,275,398,495,565,603,589,543,464,346,201,50,-112,-284,-420,-537,-624,-670,-672,-625,-523,-394,-236,-49,136,313,461,587,672,706,699,627,520,376,204,18,-165,-329,-474,-584,-659,-683,-663,-593,-488,-350,-188,-26,145,310,450,554,624,654,641,587,491,353,204,41,-126,-291,-426,-535,-603,-639,-628,-574,-480,-356,-203,-45,-311,-167,9,548,690,53,-112,-264,-402,-503,-568,-602,-585,-530,-443,-330,-190,-36,104,234,352,445,505,526,520,483,415,330,227,110,-9,-132,-242,-341,-423,-475,-502,-498,-475,-415,-331,-232,-118,13,144,274,396,482,547,577,577,530,451,343,206,53,-104,-263,-409,-530,-620,-655,-659,-615,-528,-393,-244,-74,108,277,432,560,652,694,693,646,556,423,264,83,-102,-280,-440,-566,-653,-696,-698,-648,-552,-426,-268,-85,89,258,412,535,632,683,681,635,554,425,267,105,-77,-242,-390,-515,-601,-649,-657,-616,-531,-419,-282,-117,56,220,358,483,576,629,636,605,528,427,289,127,-37,-196,634,-480,-573,-631,-643,-616,-547,-432,-292,-136,32,202,360,487,591,651,658,619,541,434,281,109,-65,-237,-403,-536,-622,-672,-662,-615,-522,-384,-219,-43,142,309,449,552,624,643,626,559,449,308,160,-5,-169,-320,-444,-537,-594,-611,-576,-506,-402,-273,-123,29,169,316,438,521,564,575,544,469,368,238,88,-65,-215,-356,-468,-547,-580,-568,-523,-428,-291,-138,25,185,327,434,509,551,540,477,382,265,123,-24,-162,-280,-377,-446,-471,-449,-391,-309,-210,-88,40,164,260,335,379,387,357,304,215,110,-1,-108,-205,-279,-321,-327,-280,-205,-105,5,102,171,209,202,-31,186,0,-275,-159,-130,-160,-166,-142,-96,-32,42,111,166,211,225,219,189,136,70,-3,-70,-135,-185,-221,-238,-235,-206,-164,-110,-44,27,89,144,185,214,221,213,180,141,97,41,-1,-44,-86,-116,-142,-162,-168,-162,-151,-139,-123,-94,-62,-22,18,63,115,155,190,215,226,232,210,160,112,51,-19,-92,-151,-210,-250,-274,-272,-255,-217,-170,-111,-44,28,94,154,201,232,265,278,269,245,211,157,92,25,-50,-130,-204,-264,-312,-338,-346,-325,-278,-210,-125,-32,68,168,261,329,373,393,388,349,287,210,112,3,-98,-195,-284,-353,-395,-408,-399,-361,-296,-215,-120,-10,96,-1135,291,359,409,430,430,397,331,251,157,42,-81,-197,-305,-397,-461,-496,-494,-455,-387,-287,-166,-38,109,240,347,438,500,522,516,465,386,284,167,27,-104,-222,-333,-423,-479,-514,-524,-485,-425,-335,-221,-100,35,166,286,393,481,541,557,551,507,421,309,178,29,-123,-265,-400,-520,-594,-632,-643,-593,-496,-379,-230,-56,122,298,444,561,657,698,686,625,528,395,221,38,-155,-336,-481,-601,-678,-704,-677,-608,-500,-357,-189,-10,166,329,462,570,637,662,651,589,490,358,206,37,-134,-293,-439,-547,-613,-647,-639,-580,-478,-350,-204,-44,124,282,419,528,600,627,-199,-310
61674,mtk,MTK 7916,863809526,rx1-tx0,512,0,-387,-770,265,113,-46,-206,-356,-487,-596,-665,-696,-682,-624,-526,-379,-206,-21,171,359,526,671,773,823,820,760,641,475,264,35,-198,-429,-634,-798,-913,-963,-947,-855,-704,-504,-258,16,281,539,755,924,1028,1057,1002,875,692,452,187,-97,-373,-621,-823,-971,-1044,-1039,-960,-819,-632,-391,-136,127,374,595,778,912,984,977,918,788,614,401,173,-84,-326,-553,-743,-873,-948,-964,-907,-786,-623,-411,-183,72,311,528,713,851,932,932,874,753,590,379,151,-91,-324,-525,-699,-818,-880,-874,-799,-678,-506,-310,-99,124,328,507,647,731,770,755,687,573,418,252,69,-115,-285,-427,-277,-609,-640,-623,-578,-501,-384,-243,-108,43,183,306,416,491,540,567,555,500,418,320,185,44,-91,-229,-345,-448,-522,-564,-568,-535,-464,-362,-247,-115,30,175,296,415,502,555,591,582,535,457,346,205,49,-108,-264,-403,-533,-630,-686,-697,-655,-572,-440,-276,-84,129,334,523,672,780,831,815,735,590,405,176,-73,-319,-548,-734,-846,-893,-879,-772,-608,-404,-172,80,313,519,683,781,813,775,674,524,334,132,-69,-265,-436,-556,-635,-659,-631,-560,-450,-292,-120,50,213,352,462,527,549,527,460,344,208,60,-99,-243,-358,-437,-467,-433,-343,-217,-72,66,187,259,873,552,0,-2,-310,-36,-67,-90,-98,-103,-89,-57,-24,13,56,94,122,135,134,130,107,83,53,6,-40,-80,-114,-140,-164,-172,-159,-139,-118,-87,-47,2,51,100,142,185,208,222,233,214,182,138,69,-6,-86,-157,-225,-292,-333,-350,-345,-304,-242,-151,-52,66,185,300,392,457,487,470,423,333,208,66,-88,-236,-367,-468,-540,-553,-525,-463,-357,-219,-69,89,239,365,458,520,555,520,454,371,243,102,-37,-180,-304,-398,-460,-489,-474,-441,-364,-255,-154,-36,75,173,264,330,365,377,369,336,287,226,157,84,4,-70,-143,-215,-281,-331,-356,-371,-362,-332,-281,-207,-112,-13,489,197,295,367,425,466,458,420,360,273,154,32,-103,-233,-352,-444,-512,-534,-534,-498,-417,-316,-185,-42,124,259,392,506,579,614,599,552,472,348,199,30,-128,-284,-429,-543,-617,-647,-645,-592,-496,-377,-218,-38,132,297,448,567,650,692,689,632,545,419,259,85,-93,-259,-425,-564,-666,-724,-750,-715,-630,-505,-336,-143,56,261,458,618,736,818,834,784,683,529,330,102,-129,-355,-546,-702,-805,-831,-808,-728,-594,-423,-225,-12,195,377,523,637,708,722,697,613,500,354,198,33,-128,-276,-403,-505,-576,-609,-603,-557,-492,-396,-278,-143,5,155,285,403,497,556,590,523,0,871,562,-578,-628,-644,-621,-558,-454,-319,-159,12,192,353,505,628,711,751,749,689,585,434,249,43,-171,-381,-573,-732,-848,-898,-891,-819,-685,-499,-271,-26,229,476,701,875,990,1025,989,886,710,486,226,-55,-338,-590,-805,-961,-1044,-1054,-990,-858,-668,-426,-148,122,386,611,807,946,1006,999,924,799,624,403,154,-108,-350,-580,-751,-879,-950,-966,-904,-797,-621,-412,-181,66,322,542,731,862,936,952,889,779,613,409,165,-88,-327,-537,-712,-839,-901,-907,-837,-729,-561,-354,-125,114,332,529,680,773,824,817,752,635,466,274,78,-128,-313,-477,-596,-671,-707,-692,-633,-529,315,-248,-72,84,226,360,479,547,582,589,551,494,400,278,149,11,-133,-267,-374,-468,-539,-561,-559,-520,-447,-344,-219,-81,59,199,328,435,509,560,572,547,495,422,299,172,26,-134,-276,-405,-511,-589,-626,-628,-587,-512,-398,-248,-76,104,286,458,598,702,763,766,717,606,450,247,19,-215,-435,-627,-771,-868,-884,-841,-718,-530,-294,-57,199,439,633,773,855,859,792,670,486,262,32,-190,-390,-559,-674,-728,-723,-667,-550,-398,-222,-34,145,308,450,549,590,586,539,451,325,179,23,-129,-274,-389,-462,-499,-491,-428,-326,-191,-29,133,264,352,386,363,288,171,437,799,0,618,552,-68,-60,-31,1,34,76,103,115,123,118,96,64,22,-13,-58,-96,-121,-141,-150,-144,-132,-112,-80,-43,8,50,85,119,154,181,190,187,174,148,108,50,2,-57,-118,-169,-229,-267,-288,-280,-257,-218,-156,-68,19,117,213,301,370,406,420,395,339,246,132,-7,-139,-272,-397,-482,-525,-519,-476,-394,-288,-145,22,172,305,421,506,553,558,507,420,302,174,17,-147,-271,-390,-476,-514,-521,-492,-414,-314,-188,-54,77,193,306,375,418,436,414,375,317,235,139,43,-53,-138,-206,-270,-305,-337,-344,-337,-310,-271,-216,-148,-71,16,110,195,272,338,386,407,-571,389,323,237,146,25,-105,-221,-323,-417,-477,-505,-506,-470,-393,-293,-165,-31,105,246,367,469,542,589,576,523,450,336,198,38,-126,-273,-412,-523,-598,-628,-619,-578,-490,-365,-204,-36,131,300,443,562,649,678,666,614,522,385,229,63,-117,-287,-441,-576,-662,-704,-700,-655,-577,-448,-294,-118,68,263,429,583,702,767,781,749,664,519,346,144,-84,-301,-503,-671,-792,-846,-843,-774,-650,-480,-269,-48,168,378,554,687,765,787,749,667,539,383,192,10,-173,-336,-475,-578,-639,-661,-637,-580,-488,-375,-239,-87,66,214,338,455,534,587,602,577,517,434,320,194,2,299
61675,mtk,MTK 7916,863809526,rx1-tx1,512,0,0,0,-114,-440,-659,-707,-569,-283,89,437,671,734,607,321,-60,-414,-649,-713,-589,-318,39,387,619,677,554,281,-63,-388,-602,-644,-503,-226,111,406,590,616,465,181,-149,-442,-611,-607,-433,-137,207,494,639,603,396,80,-260,-540,-672,-622,-407,-69,303,592,724,662,420,53,-322,-607,-740,-677,-432,-77,298,591,724,665,437,89,-288,-577,-701,-639,-404,-69,289,567,679,611,377,37,-313,-571,-677,-598,-360,-30,311,566,672,601,373,39,-299,-552,-648,-580,-369,-56,259,499,611,556,351,66,-231,-457,-564,-521,-341,-79,198,408,503,465,305,77,-160,-344,-424,-390,-259,0,137,277,326,283,162,-7,-154,-244,-255,-180,-49,97,214,262,223,114,-44,-201,-301,-312,-229,-76,116,296,402,393,271,69,-164,-369,-493,-487,-346,-102,183,433,575,569,420,160,-161,-453,-628,-652,-512,-231,114,437,650,704,581,300,-65,-416,-664,-752,-645,-366,8,378,660,778,701,449,76,-311,-632,-795,-755,-530,-176,223,566,777,799,625,295,-100,-466,-713,-784,-664,-398,-41,324,598,720,669,454,146,-179,-452,-617,-634,-494,-243,50,313,493,546,464,288,58,-187,-374,-460,-435,-314,-129,82,264,374,397,334,214,59,-104,-240,-312,-319,-270,-177,-70,29,107,0,0,0,0,0,-123,-261,-377,-446,-439,-345,-178,39,278,483,600,599,473,234,-65,-366,-590,-697,-654,-460,-155,195,510,706,748,624,340,-35,-391,-658,-780,-711,-455,-86,306,622,790,756,520,155,-246,-598,-801,-799,-592,-227,213,601,824,848,664,301,-148,-562,-833,-897,-728,-370,80,518,835,937,789,435,-24,-476,-802,-927,-807,-465,-6,452,788,922,807,480,18,-445,-787,-922,-809,-476,-18,436,781,921,813,488,21,-453,-807,-949,-837,-493,-12,481,855,1003,880,530,35,-484,-892,-1065,-950,-581,-63,480,915,1115,1032,678,143,-427,-894,-1137,-1086,-756,-232,354,850,1127,1107,796,284,0,-797,-1089,-1096,-813,-318,253,759,1067,1085,812,322,-259,-771,-1079,-1101,-823,-326,263,793,1110,1135,859,359,-246,-790,-1124,-1161,-900,-398,215,772,1125,1188,938,441,-168,-725,-1090,-1170,-943,-469,122,665,1023,1112,908,470,-89,-610,-960,-1042,-842,-413,119,598,908,965,747,324,-187,-643,-918,-941,-695,-249,259,703,961,952,685,230,-294,-741,-996,-988,-721,-263,268,731,1004,1010,753,295,-239,-699,-963,-987,-756,-334,165,611,885,926,721,340,-109,-513,-775,-819,-649,-311,93,451,669,691,525,232,-118,-423,-592,-584,-410,-117,204,455,569,517,312,11,-295,-517,-592,-498,-258,56,0,0,0,0,0,692,548,255,-107,-443,-674,-731,-592,-301,70,423,663,726,596,315,-46,-394,-629,-689,-568,-301,44,381,604,651,522,255,-84,-398,-596,-624,-485,-214,129,430,609,619,451,152,-188,-471,-617,-597,-418,-107,247,524,658,612,397,69,-288,-582,-709,-643,-412,-58,320,608,738,677,433,69,-308,-597,-728,-668,-439,-86,291,583,723,659,416,66,-289,-570,-698,-623,-385,-49,299,563,675,601,357,27,-312,-573,-676,-597,-365,-35,303,559,667,601,362,38,-286,-524,-632,-573,-358,-60,243,482,583,533,351,77,-208,-433,-534,-493,-323,-78,168,367,460,424,284,78,-136,-303,0,-335,-210,-42,125,254,290,230,111,-36,-171,-246,-234,-142,1,151,251,280,220,85,-89,-252,-357,-369,-259,-61,152,339,444,435,308,81,-181,-409,-542,-527,-379,-131,170,439,604,617,466,184,-146,-444,-642,-679,-544,-267,90,429,667,733,612,334,-29,-397,-669,-771,-674,-412,-41,355,658,794,734,487,123,-273,-605,-786,-768,-566,-237,158,520,747,791,651,354,-28,-392,-653,-751,-668,-428,-96,245,522,668,647,476,195,-113,-379,-553,-585,-482,-272,-3,255,437,509,459,302,86,-133,-316,-418,-417,-326,-169,14,190,312,357,336,252,121,-19,-136,-218,-246,-234,-194,0,0,0,0,0,317,269,167,8,-182,-365,-501,-550,-494,-337,-100,179,437,611,665,574,356,46,-283,-563,-721,-710,-540,-252,106,447,688,770,669,401,27,-348,-648,-792,-730,-485,-119,273,605,788,772,553,189,-229,-592,-812,-826,-627,-260,179,579,837,883,705,343,-114,-542,-833,-919,-773,-415,51,498,818,925,786,445,-6,-455,-795,-923,-802,-474,-23,431,778,916,807,478,21,-440,-785,-921,-808,-481,-21,453,807,953,833,489,20,-458,-826,-977,-865,-506,-12,487,862,1023,915,555,42,-494,-903,-1080,-988,-639,-115,446,913,1143,1066,719,188,-393,-872,-1135,-1108,-789,-267,314,813,1102,0,816,308,-277,-790,-1092,-1096,-808,-312,272,776,1062,1082,819,316,-269,-778,-1088,-1118,-840,-326,272,795,1114,1143,875,370,-239,-784,-1129,-1176,-913,-422,188,751,1110,1185,943,451,-145,-698,-1067,-1145,-922,-471,100,640,1000,1089,884,444,-109,-610,-931,-1000,-794,-374,140,612,900,931,714,289,-224,-681,-950,-958,-697,-241,283,733,984,974,705,239,-294,-757,-1018,-1011,-738,-272,261,723,993,1000,755,320,-197,-652,-933,-972,-755,-345,137,568,835,883,696,330,-100,-477,-714,-754,-589,-271,106,434,625,639,473,177,-153,-425,-562,-541,-360,-65,243,475,571,499,276,-34,-342,-554,-614,0,0
61676,mtk,MTK 7916,863809526,rx2-tx0,512,0,0,0,-147,-705,-1087,-1180,-955,-468,155,755,1165,1267,1037,525,-137,-775,-1209,-1324,-1090,-561,115,767,1225,1356,1127,588,-108,-768,-1232,-1364,-1126,-587,104,765,1228,1359,1118,580,-110,-769,-1226,-1345,-1091,-543,152,802,1228,1321,1050,487,-199,-834,-1241,-1306,-1010,-439,244,859,1245,1284,959,378,-294,-885,-1236,-1241,-903,-320,349,913,1217,1192,835,240,-417,-951,-1213,-1140,-750,-147,494,993,1216,1099,667,45,-590,-1067,-1250,-1085,-615,32,683,1145,1287,1078,573,-98,-759,-1213,-1333,-1097,-563,135,804,1265,1382,1127,566,-152,-835,-1299,-1426,-1169,-593,139,838,1322,1449,1197,622,-123,-831,-1318,-1454,-1206,-647,0,793,1297,1451,1215,652,-84,-785,-1277,-1439,-1214,-657,75,783,1276,1430,1214,672,-61,-783,-1298,-1463,-1239,-679,65,788,1307,1488,1270,719,-28,-775,-1323,-1525,-1318,-770,-20,741,1312,1536,1362,838,90,-685,-1279,-1546,-1405,-896,-147,635,1241,1535,1436,956,229,-541,-1171,-1498,-1434,-1004,-311,454,1094,1444,1422,1030,379,-371,-1020,-1400,-1418,-1071,-459,260,921,1342,1416,1131,566,-130,-788,-1236,-1366,-1174,-696,-53,586,1069,1276,1167,791,228,-373,-858,-1125,-1119,-837,-369,164,635,936,1001,827,468,13,-421,-738,-875,-807,-561,-195,200,528,722,759,634,386,82,-215,-454,-586,-597,-498,-335,-147,36,0,0,0,0,0,253,113,-78,-295,-494,-624,-643,-531,-302,10,344,629,793,789,608,280,-128,-524,-816,-929,-823,-515,-74,402,795,1010,985,721,266,-276,-759,-1072,-1129,-909,-453,136,704,1106,1247,1077,634,21,-619,-1108,-1326,-1219,-805,-183,492,1057,1372,1333,960,343,-375,-1006,-1376,-1400,-1081,-476,258,915,1345,1440,1160,585,-132,-812,-1284,-1421,-1197,-670,22,693,1185,1367,1187,705,47,-610,-1092,-1282,-1132,-694,-82,542,1008,1194,1058,647,75,-512,-955,-1122,-976,-568,-10,535,932,1073,911,494,-53,-586,-960,-1061,-872,-448,105,637,996,1080,868,417,-155,-693,-1046,-1114,-889,-419,171,721,1073,1140,903,0,-179,-733,-1095,-1162,-909,-413,199,766,1117,1166,904,388,-237,-799,-1150,-1189,-905,-368,281,857,1204,1229,924,355,-314,-903,-1258,-1272,-947,-364,321,929,1287,1302,971,386,-311,-937,-1309,-1320,-984,-393,302,916,1278,1302,972,385,-299,-898,-1247,-1251,-920,-342,319,888,1211,1200,855,278,-360,-895,-1186,-1141,-781,-221,407,921,1168,1099,731,165,-434,-916,-1146,-1053,-674,-117,461,908,1099,990,609,65,-490,-889,-1040,-909,-531,-14,500,858,967,809,429,-64,-528,-836,-900,-704,-308,173,598,848,848,606,191,-282,-674,-877,-827,-533,-85,393,768,928,824,485,-5,-509,-872,-992,-845,-454,80,0,0,0,0,0,1128,914,447,-154,-730,-1130,-1232,-1002,-493,154,762,1190,1310,1073,545,-132,-776,-1217,-1343,-1109,-579,108,769,1228,1359,1129,592,-102,-772,-1232,-1364,-1131,-599,100,772,1225,1350,1106,558,-137,-786,-1220,-1325,-1076,-522,176,824,1240,1307,1026,469,-229,-859,-1246,-1292,-995,-424,268,879,1235,1261,944,365,-313,-895,-1226,-1212,-866,-284,374,922,1211,1155,778,185,-456,-974,-1222,-1120,-701,-90,545,1031,1232,1091,637,1,-636,-1100,-1271,-1084,-591,66,714,1174,1313,1092,561,-128,-783,-1236,-1358,-1111,-560,149,827,1288,1407,1146,582,-147,-839,-1310,-1438,-1181,-612,121,827,1316,1455,1205,633,-108,-814,-1298,0,-1222,-656,80,794,1293,1442,1207,656,-66,-771,-1270,-1433,-1208,-661,64,779,1286,1441,1217,671,-63,-788,-1304,-1475,-1252,-702,42,777,1312,1504,1299,750,-1,-763,-1317,-1525,-1343,-805,-42,730,1302,1537,1378,864,124,-662,-1277,-1551,-1427,-937,-201,584,1212,1518,1435,986,280,-498,-1138,-1473,-1424,-1015,-345,421,1066,1430,1420,1049,415,-322,-973,-1365,-1409,-1106,-521,200,861,1289,1396,1158,635,-34,-682,-1150,-1330,-1181,-747,-144,474,959,1200,1147,823,308,-265,-746,-1031,-1058,-835,-423,77,533,841,942,820,516,112,-311,-644,-809,-787,-596,-289,61,384,611,702,648,476,231,-30,-249,-397,-454,-429,0,0,0,0,0,334,454,513,475,332,104,-172,-442,-649,-741,-677,-463,-136,239,577,809,868,726,407,-25,-465,-812,-975,-909,-625,-178,333,777,1047,1069,817,357,-206,-740,-1094,-1200,-1006,-546,58,660,1120,1295,1156,730,106,-560,-1092,-1360,-1290,-889,-262,434,1035,1381,1375,1018,406,-309,-955,-1368,-1431,-1121,-529,192,863,1314,1430,1180,634,-72,-758,-1237,-1403,-1203,-697,-25,652,1140,1319,1159,701,70,-571,-1047,-1233,-1089,-660,-70,528,981,1161,1017,606,40,-527,-942,-1093,-942,-533,12,553,939,1066,891,470,-79,-609,-970,-1071,-876,-434,129,663,1022,1105,878,420,-154,-700,-1061,-1130,-898,-422,176,728,0,1155,907,417,-190,-746,-1105,-1164,-908,-401,221,779,1127,1180,903,372,-256,-824,-1178,-1211,-912,-362,288,872,1225,1251,929,353,-322,-915,-1272,-1289,-963,-376,317,926,1296,1318,987,388,-316,-928,-1295,-1313,-983,-391,302,907,1261,1271,947,369,-308,-892,-1230,-1225,-886,-316,338,888,1196,1173,819,245,-389,-915,-1183,-1125,-760,-192,425,915,1145,1071,702,135,-461,-921,-1126,-1018,-634,-89,466,887,1070,957,572,36,-491,-872,-1006,-865,-482,29,516,846,936,761,370,-117,-559,-834,-869,-652,-251,223,633,861,841,570,132,-345,-726,-899,-820,-504,-34,450,817,956,834,469,-47,-557,-921,-1030,0,0
61677,mtk,MTK 7916,863809526,rx2-tx1,512,0,0,0,734,1075,1127,876,393,-204,-758,-1117,-1175,-921,-426,189,752,1118,1188,945,455,-147,-709,-1085,-1169,-943,-471,124,678,1046,1130,906,450,-114,-646,-994,-1072,-854,-406,141,645,956,994,756,312,-207,-664,-930,-929,-665,-203,316,736,953,909,598,111,-410,-813,-995,-898,-537,-23,505,898,1041,894,506,-29,-563,-944,-1068,-893,-472,83,628,997,1094,891,437,-158,-717,-1072,-1144,-908,-411,211,784,1151,1216,957,427,-224,-823,-1221,-1310,-1048,-496,184,815,1245,1349,1087,557,-115,-768,-1219,-1354,-1134,-629,34,689,1160,1332,1161,689,37,-604,-1077,-1271,-1137,-722,-128,494,970,1181,1091,733,196,0,-826,-1060,-1004,-685,-202,301,706,913,866,584,162,-293,-650,-810,-736,-470,-84,313,616,740,647,370,-2,-370,-627,-692,-552,-268,100,445,657,669,488,153,-231,-556,-730,-703,-465,-80,347,693,864,802,513,70,-414,-812,-1011,-944,-616,-119,422,866,1105,1072,757,232,-358,-871,-1173,-1176,-870,-350,268,835,1201,1265,1020,518,-120,-733,-1166,-1323,-1158,-701,-80,556,1062,1307,1241,880,312,-318,-854,-1176,-1223,-986,-517,48,577,951,1089,966,625,148,-341,-729,-929,-904,-664,-279,142,512,745,799,672,395,34,-315,-574,-692,-667,-502,-241,53,311,495,573,535,408,231,39,-126,-239,0,0,0,0,0,80,261,423,536,561,482,297,42,-234,-477,-637,-668,-550,-314,1,331,590,708,666,466,156,-203,-531,-729,-743,-579,-272,114,479,735,805,673,366,-48,-463,-774,-891,-779,-465,-31,431,800,969,890,587,126,-376,-792,-1010,-976,-702,-238,289,751,1021,1042,790,334,-203,-695,-1026,-1081,-854,-413,129,642,989,1086,895,471,-68,-578,-939,-1059,-905,-509,18,528,890,1014,874,512,13,-492,-849,-972,-833,-471,14,497,840,946,808,451,-37,-513,-852,-963,-809,-452,32,512,848,960,824,463,-18,-491,-842,-963,-822,-464,16,490,822,931,803,457,-13,-484,-811,-923,-787,-432,35,0,821,921,771,419,-50,-507,-824,-911,-756,-402,59,503,808,890,723,349,-121,-547,-825,-877,-674,-285,184,611,869,878,649,229,-270,-705,-949,-939,-660,-200,320,773,1021,991,689,202,-340,-809,-1067,-1031,-719,-214,353,832,1080,1035,707,194,-378,-849,-1082,-1022,-690,-154,417,867,1091,1013,654,110,-471,-921,-1111,-1002,-620,-64,517,950,1126,997,587,15,-558,-987,-1151,-1000,-573,14,599,1025,1177,1011,570,-27,-619,-1051,-1208,-1036,-584,20,617,1053,1195,1020,582,-8,-595,-1012,-1155,-1001,-572,10,585,989,1120,948,528,-39,-591,-973,-1083,-893,-466,86,621,983,1068,860,420,-140,-667,0,0,0,0,0,-853,-380,207,751,1091,1147,902,413,-194,-754,-1111,-1183,-939,-441,170,727,1095,1175,948,463,-145,-701,-1070,-1160,-941,-471,120,669,1026,1100,880,431,-125,-637,-969,-1037,-813,-367,169,648,937,960,716,264,-257,-699,-946,-917,-618,-146,363,778,979,902,562,61,-465,-864,-1016,-885,-522,-1,533,921,1053,901,493,-56,-592,-968,-1085,-893,-441,131,670,1042,1123,892,418,-178,-747,-1121,-1184,-927,-420,217,812,1199,1267,1005,465,-212,-827,-1235,-1334,-1074,-530,141,780,1229,1352,1117,598,-77,-724,-1184,-1336,-1146,-659,-6,646,1119,1307,1155,707,84,-549,-1029,-1230,-1126,-741,-161,435,892,1114,0,705,205,-330,-760,-978,-926,-636,-189,289,675,857,796,520,119,-303,-625,-770,-699,-422,-34,346,615,708,602,315,-50,-403,-639,-676,-519,-209,172,506,683,666,469,119,-292,-627,-794,-744,-479,-65,387,754,939,868,553,90,-416,-842,-1061,-1012,-689,-171,400,882,1144,1126,814,284,-327,-861,-1188,-1223,-957,-435,205,794,1191,1298,1090,614,-29,-662,-1133,-1333,-1205,-796,-196,440,960,1249,1243,949,436,-170,-709,-1060,-1162,-992,-587,-58,455,840,1013,945,654,221,-232,-611,-833,-843,-660,-337,49,406,655,748,676,453,137,-191,-458,-616,-640,-537,-343,-101,142,328,432,453,394,285,0,0,0,0,0,-438,-399,-292,-112,119,358,544,632,599,450,198,-112,-406,-616,-695,-621,-400,-91,254,554,722,713,529,213,-157,-499,-723,-770,-628,-319,79,470,754,852,725,417,-14,-455,-786,-926,-838,-526,-71,405,783,982,934,640,180,-336,-773,-1019,-1015,-747,-282,258,733,1020,1055,828,375,-177,-678,-1007,-1082,-874,-436,106,615,969,1077,895,488,-33,-545,-921,-1043,-881,-500,1,504,866,988,848,491,0,-487,-841,-967,-836,-476,12,493,835,959,821,453,-34,-508,-850,-965,-817,-448,30,497,839,960,824,471,-10,-485,-825,-944,-811,-467,10,479,808,925,799,445,-37,-492,-814,-925,0,-427,45,507,828,927,778,419,-55,-509,-821,-910,-743,-378,82,519,815,880,691,308,-155,-576,-837,-870,-658,-249,239,663,906,902,653,211,-301,-745,-991,-962,-682,-205,345,799,1040,1009,709,216,-346,-824,-1081,-1045,-725,-212,358,834,1081,1030,699,179,-395,-854,-1082,-1016,-659,-132,432,887,1098,1002,636,89,-494,-936,-1117,-993,-602,-44,535,973,1142,997,584,10,-575,-1008,-1170,-1007,-570,20,614,1039,1182,1016,579,-25,-625,-1057,-1206,-1029,-585,11,602,1026,1177,1011,574,-10,-584,-1004,-1145,-973,-544,25,578,971,1098,923,492,-67,-604,-971,-1072,-879,-440,116,641,993,1072,855,0,0
61678,mtk,MTK 7916,863882837,rx0-tx0,512,-330,-692,-752,875,818,699,519,296,55,-200,-425,-606,-768,-844,-852,-803,-686,-519,-303,-67,160,398,589,729,827,853,816,723,557,348,114,-136,-372,-586,-762,-868,-923,-884,-774,-602,-382,-127,141,414,644,806,907,945,897,767,586,348,84,-182,-437,-637,-782,-878,-907,-848,-730,-554,-335,-86,143,381,587,741,838,873,838,732,570,371,138,-114,-361,-573,-734,-843,-883,-848,-740,-572,-361,-118,134,363,571,734,831,849,803,684,514,305,61,-165,-378,-555,-689,-763,-762,-706,-605,-444,-256,-52,154,335,492,605,678,688,638,542,406,244,70,-107,-278,-418,-535,-605,-623,-598,-527,-411,-26,-111,67,236,384,507,585,613,605,546,430,294,120,-64,-245,-399,-533,-620,-650,-628,-551,-424,-268,-89,106,289,446,569,637,646,614,515,377,206,23,-168,-322,-468,-577,-624,-621,-563,-463,-338,-175,4,182,355,480,569,614,618,560,445,298,127,-72,-257,-409,-544,-619,-638,-595,-494,-356,-165,32,228,392,509,586,589,540,436,293,123,-52,-215,-333,-424,-456,-434,-376,-284,-181,-68,43,135,207,238,252,256,220,170,126,65,23,-27,-77,-94,-116,-126,-118,-121,-113,-90,-73,-46,-24,0,27,58,91,115,124,127,117,95,53,1,-52,-98,-126,-129,-115,-80,-459,-550,510,518,372,189,219,204,155,70,-35,-134,-225,-280,-303,-295,-252,-185,-92,4,113,218,292,345,368,364,326,258,153,34,-92,-218,-336,-431,-497,-509,-484,-411,-299,-136,50,241,419,565,672,721,690,595,439,224,-27,-266,-510,-703,-844,-911,-884,-765,-572,-324,-27,275,558,808,979,1049,1025,895,689,412,90,-235,-555,-812,-1004,-1103,-1086,-982,-790,-512,-196,133,458,725,938,1065,1092,1033,875,641,348,35,-282,-590,-839,-990,-1068,-1058,-957,-765,-528,-238,86,384,659,878,1013,1061,1014,890,689,417,117,-186,-475,-726,-904,-1016,-1039,-959,-815,-591,-318,-26,281,543,750,908,988,968,301,709,501,246,-16,-283,-523,-717,-846,-911,-917,-840,-707,-517,-282,-29,232,483,710,872,945,960,908,761,553,301,18,-279,-528,-753,-912,-996,-994,-915,-753,-537,-281,-4,263,522,741,909,987,1000,917,776,583,327,49,-231,-508,-735,-915,-1020,-1038,-976,-845,-627,-358,-69,232,513,768,950,1059,1084,1022,862,634,368,59,-267,-564,-809,-989,-1071,-1080,-989,-825,-582,-296,-2,305,573,795,950,1020,1006,925,754,524,270,-6,-281,-532,-739,-878,-941,-939,-867,-710,-509,-269,-8,248,489,682,829,905,906,843,706,521,290,40,-218,-452,-650,-788,-868,-888,-830,-695,-510,-282,-46,828,732,-82,-462,-362,-58,-313,-530,-700,-814,-867,-852,-750,-611,-416,-168,66,300,511,679,800,846,841,768,619,439,223,-25,-262,-488,-675,-805,-879,-878,-807,-676,-478,-253,0,263,501,702,846,924,925,850,681,474,235,-26,-301,-537,-732,-872,-925,-914,-816,-656,-454,-219,44,299,519,702,835,879,863,793,650,457,238,-5,-244,-476,-653,-786,-858,-872,-803,-674,-480,-263,-12,243,475,666,795,867,864,788,652,452,214,-34,-272,-491,-652,-772,-816,-789,-705,-562,-381,-167,61,261,450,593,678,721,699,621,497,341,162,-35,-219,-379,-510,-600,-645,-638,-574,-474,-342,-175,-1,173,334,470,628,609,618,571,490,365,198,27,-147,-321,-457,-564,-627,-636,-586,-496,-365,-197,-10,173,346,486,588,646,642,582,471,322,134,-44,-224,-389,-519,-605,-649,-620,-545,-436,-272,-94,83,259,400,512,590,609,590,511,384,238,69,-106,-284,-435,-547,-615,-636,-576,-481,-337,-159,34,230,393,528,611,629,590,482,334,151,-43,-221,-374,-481,-534,-533,-470,-370,-242,-85,52,183,276,332,353,335,292,221,138,66,-16,-93,-131,-163,-178,-176,-176,-142,-107,-86,-45,-18,7,43,64,82,99,108,110,105,103,85,55,16,-26,-68,-104,-132,-141,-128,-98,-51,-1,45,89,-686,-615,-82,-952,-1018,58,-32,-127,-204,-263,-278,-259,-199,-108,-10,96,192,272,320,334,325,273,196,103,6,-103,-203,-304,-378,-417,-423,-394,-326,-222,-85,75,229,372,495,582,608,586,499,368,188,-33,-257,-461,-639,-768,-812,-786,-691,-511,-280,-3,278,541,757,916,984,953,842,651,374,62,-270,-569,-811,-990,-1077,-1073,-953,-731,-458,-129,199,507,784,986,1089,1103,1007,823,575,265,-58,-375,-664,-887,-1034,-1085,-1046,-919,-699,-431,-132,183,490,743,929,1052,1069,992,845,610,328,12,-294,-574,-804,-965,-1040,-1036,-937,-753,-505,-226,91,385,637,846,971,1025,982,838,647,403,122,-163,-176,-645,-822,-924,-945,-903,-775,-604,-381,-135,131,386,598,773,892,938,920,824,658,419,158,-104,-382,-629,-815,-937,-996,-957,-838,-667,-425,-151,137,411,655,835,960,991,959,844,677,436,171,-111,-389,-622,-825,-960,-1009,-990,-888,-713,-486,-203,88,367,629,848,991,1064,1042,937,753,504,219,-96,-407,-682,-885,-1036,-1105,-1077,-941,-744,-478,-180,138,444,706,910,1021,1060,1005,868,674,421,137,-153,-432,-679,-847,-951,-986,-941,-820,-635,-395,-133,125,387,616,783,899,931,894,782,611,399,146,-106,-352,-574,-744,-859,-901,-873,-774,-610,-397,-167,86,337,552,721,826,870,-658,-773
61679,mtk,MTK 7916,863882837,rx0-tx1,512,-686,935,899,430,282,112,-61,-233,-373,-493,-568,-582,-566,-495,-381,-248,-90,58,215,342,436,498,518,503,450,361,262,134,0,-127,-246,-348,-430,-480,-505,-488,-433,-357,-234,-105,34,175,301,421,513,557,566,533,447,330,180,18,-164,-327,-467,-572,-631,-647,-610,-508,-376,-210,-16,180,353,519,625,681,698,644,538,380,192,-8,-201,-383,-546,-652,-706,-705,-639,-524,-366,-178,17,221,401,547,647,691,686,623,509,348,177,-20,-221,-397,-532,-634,-677,-666,-599,-488,-340,-160,41,223,386,514,609,648,642,577,463,322,148,-32,-213,-379,-511,-599,-633,-620,-577,-455,-309,-144,-38,220,386,514,611,649,626,568,453,300,117,-67,-247,-415,-548,-631,-668,-648,-563,-436,-260,-76,122,302,477,601,668,685,633,530,378,192,-6,-205,-385,-526,-621,-660,-641,-568,-450,-292,-112,72,254,410,530,605,607,587,508,386,232,61,-109,-270,-414,-523,-586,-599,-556,-470,-341,-187,-23,156,316,445,537,588,585,524,419,268,103,-74,-242,-391,-497,-577,-578,-535,-438,-297,-123,47,215,349,456,509,509,468,379,256,110,-43,-186,-301,-384,-432,-436,-393,-316,-203,-75,56,179,275,347,376,365,304,214,113,-17,-138,-237,-297,-311,-286,-213,-113,3,104,173,197,925,946,0,186,-259,18,-50,-118,-164,-195,-191,-158,-101,-24,56,130,185,222,232,211,170,105,33,-40,-115,-172,-215,-238,-235,-211,-164,-93,-22,49,121,174,205,217,210,185,144,97,42,-12,-62,-105,-135,-151,-169,-170,-154,-142,-123,-91,-43,2,45,98,146,189,221,231,218,192,147,85,14,-69,-136,-201,-241,-273,-274,-247,-199,-133,-58,18,92,160,212,254,270,268,246,208,159,87,8,-63,-144,-201,-257,-294,-310,-295,-269,-212,-130,-37,66,172,257,320,361,368,352,297,219,117,5,-106,-209,-302,-360,-393,-394,-361,-295,-203,-101,16,135,231,324,380,408,405,365,291,-48,98,-16,-134,-247,-335,-402,-446,-438,-406,-337,-234,-123,14,151,269,370,450,498,499,449,367,257,115,-44,-186,-321,-435,-492,-520,-509,-449,-357,-241,-90,53,187,313,413,480,513,515,464,391,272,134,-7,-154,-288,-405,-489,-541,-556,-519,-444,-338,-201,-51,118,286,420,526,599,623,586,510,391,235,54,-130,-316,-473,-586,-658,-674,-633,-557,-401,-223,-29,178,368,530,637,697,699,634,526,370,176,-22,-220,-394,-532,-634,-678,-661,-596,-481,-329,-154,29,217,381,514,610,653,642,576,465,329,152,-30,-209,-371,-510,-600,-640,-625,-563,-451,-304,-127,52,224,385,586,715,9,-254,-386,-435,-548,-602,-608,-561,-466,-344,-181,-16,147,306,425,510,549,547,510,420,313,179,36,-107,-236,-346,-429,-489,-501,-481,-427,-347,-239,-120,10,147,263,375,462,510,525,499,438,351,215,66,-82,-242,-381,-493,-578,-613,-606,-535,-427,-282,-110,70,262,428,558,650,688,655,584,458,286,107,-91,-289,-464,-599,-676,-701,-671,-594,-461,-285,-90,112,309,473,602,682,706,673,582,447,269,79,-123,-311,-480,-597,-667,-690,-655,-560,-427,-255,-62,124,302,453,570,648,663,625,536,406,238,60,-131,-309,-451,-556,-625,-636,-604,-518,-391,-237,-53,119,300,457,558,628,634,600,512,385,230,36,-145,-318,-465,-576,-639,-647,-611,-515,-366,-196,-10,184,363,515,619,666,665,606,495,319,135,-64,-261,-435,-575,-655,-678,-646,-559,-417,-248,-55,137,322,472,581,628,632,585,481,347,171,-9,-181,-355,-479,-559,-596,-587,-529,-428,-287,-130,45,209,358,473,545,584,569,496,386,244,75,-101,-272,-415,-524,-578,-584,-535,-433,-297,-125,63,224,374,489,547,552,502,404,277,113,-49,-199,-329,-423,-473,-478,-430,-340,-226,-93,46,177,286,364,397,396,351,272,162,35,-88,-200,-277,-333,-348,-308,-233,-125,-11,105,199,255,264,220,142,53,151,8,0,682,664,-145,-157,-131,-81,-15,64,134,191,218,214,182,128,62,-18,-92,-159,-212,-236,-237,-210,-162,-105,-28,49,122,184,222,234,228,201,144,85,16,-44,-104,-147,-175,-186,-185,-175,-157,-117,-83,-41,11,51,88,124,160,181,185,185,170,142,103,48,-19,-87,-141,-198,-239,-262,-249,-218,-170,-112,-40,49,133,195,245,263,271,256,222,167,107,33,-38,-109,-172,-225,-267,-278,-280,-255,-213,-153,-75,18,98,179,260,315,347,354,322,254,172,69,-35,-140,-241,-313,-368,-385,-373,-331,-253,-155,-48,65,178,278,348,390,407,380,333,256,150,38,-82,-198,-294,-1135,-406,-420,-403,-355,-272,-173,-53,74,187,304,388,445,472,452,399,316,200,56,-103,-241,-353,-443,-509,-520,-486,-423,-305,-166,-27,124,263,377,469,515,505,475,406,304,175,48,-98,-230,-347,-450,-503,-531,-515,-457,-361,-238,-101,52,209,343,457,537,575,582,526,426,296,140,-40,-212,-372,-509,-605,-645,-642,-590,-476,-320,-144,60,241,425,575,661,705,684,603,466,296,106,-105,-301,-466,-604,-678,-691,-653,-553,-419,-252,-61,129,306,460,574,640,654,619,526,402,240,59,-126,-304,-452,-565,-631,-639,-605,-525,-395,-232,-48,132,300,446,552,616,622,582,493,-406,17
61680,mtk,MTK 7916,863882837,rx1-tx0,512,0,-411,-674,-294,-441,-559,-648,-671,-648,-587,-459,-312,-126,86,287,465,613,721,765,754,690,558,376,157,-79,-316,-549,-733,-853,-905,-886,-790,-614,-399,-124,164,428,678,860,983,1015,969,828,608,333,33,-265,-560,-799,-961,-1050,-1054,-951,-764,-526,-238,66,363,636,840,978,1036,1001,886,698,450,180,-112,-382,-616,-806,-933,-977,-941,-824,-655,-440,-179,89,361,595,785,906,954,934,820,644,435,178,-98,-368,-601,-787,-896,-933,-898,-776,-594,-374,-115,149,399,616,767,858,875,813,696,515,292,38,-203,-423,-606,-722,-787,-784,-713,-585,-410,-206,3,209,383,547,639,688,680,-277,499,350,180,9,-154,-310,-446,-527,-580,-582,-543,-466,-346,-213,-63,92,244,384,479,543,569,543,490,394,262,106,-51,-205,-350,-455,-529,-561,-559,-509,-423,-306,-160,-12,150,300,430,535,590,609,576,506,387,230,59,-129,-319,-477,-597,-676,-714,-679,-588,-451,-248,-28,207,427,612,761,832,829,748,585,378,122,-155,-425,-652,-806,-888,-880,-781,-620,-384,-113,158,409,619,760,812,797,710,544,337,117,-117,-324,-503,-628,-680,-677,-598,-466,-301,-113,77,252,399,511,558,560,502,395,254,85,-80,-235,-378,-460,-492,-465,-371,-246,-83,82,231,325,361,335,241,637,416,0,-481,-28,-65,-90,-100,-95,-74,-39,-3,52,90,114,130,136,132,98,66,17,-32,-71,-114,-143,-155,-156,-151,-118,-75,-35,15,58,103,146,170,191,196,187,159,110,57,-9,-77,-150,-206,-249,-281,-282,-258,-219,-142,-47,55,162,252,334,395,408,388,332,232,109,-34,-180,-310,-424,-490,-508,-484,-414,-295,-132,28,184,337,460,529,557,528,441,319,176,5,-169,-312,-432,-510,-543,-524,-446,-334,-196,-39,121,255,374,457,485,472,428,339,221,103,-19,-128,-237,-314,-362,-383,-369,-342,-275,-206,-137,-44,41,129,217,290,333,354,363,348,299,227,142,30,-83,-188,489,-382,-431,-451,-442,-386,-296,-175,-44,97,240,352,451,512,529,505,436,321,186,39,-131,-290,-416,-525,-586,-590,-562,-472,-347,-190,-16,172,342,479,580,629,641,597,503,352,181,-9,-195,-375,-530,-624,-680,-685,-626,-522,-368,-190,13,214,389,530,640,709,713,660,549,390,209,4,-198,-397,-564,-686,-746,-759,-721,-603,-436,-236,-10,221,448,636,763,839,843,763,610,418,178,-86,-328,-546,-719,-811,-834,-785,-668,-506,-299,-68,167,367,535,657,715,720,669,559,415,232,47,-138,-306,-444,-557,-617,-625,-601,-531,-417,-274,-126,41,202,341,460,554,598,603,565,-363,-689,0,565,217,-573,-481,-352,-185,8,180,364,517,627,707,720,672,575,434,248,32,-186,-399,-588,-728,-812,-836,-791,-677,-492,-269,-18,242,496,707,863,965,956,886,731,507,238,-55,-347,-622,-849,-993,-1050,-1022,-902,-692,-433,-138,176,483,735,922,1040,1055,995,840,615,347,54,-243,-511,-742,-901,-982,-991,-910,-767,-562,-308,-35,239,491,696,858,945,952,889,747,553,300,35,-238,-498,-698,-846,-939,-946,-871,-727,-527,-276,-14,262,509,701,839,905,895,812,653,441,204,-56,-297,-520,-695,-811,-856,-824,-725,-560,-357,-138,96,315,501,643,720,741,693,603,459,274,92,-106,315,-435,-554,-615,-631,-599,-530,-406,-268,-113,53,212,351,460,525,568,562,520,427,303,167,8,-145,-283,-407,-502,-558,-567,-535,-453,-338,-205,-56,100,254,384,491,552,574,559,495,404,265,111,-60,-222,-376,-508,-594,-641,-648,-594,-485,-337,-163,40,258,449,615,726,777,767,680,536,327,85,-177,-433,-648,-799,-889,-887,-794,-621,-390,-128,156,422,643,802,867,853,754,587,352,101,-141,-380,-572,-683,-740,-730,-652,-515,-319,-112,98,298,458,571,625,610,543,437,283,109,-66,-236,-372,-479,-525,-514,-460,-349,-196,-35,138,282,389,445,429,348,214,67,-83,-195,173,529,0,-591,-769,-66,-30,7,43,82,107,121,117,86,59,24,-16,-67,-105,-131,-154,-146,-129,-107,-68,-27,11,62,113,143,166,171,165,145,110,67,17,-40,-95,-155,-191,-224,-238,-235,-206,-156,-92,-18,69,146,227,300,338,348,323,270,197,85,-46,-164,-284,-380,-444,-474,-447,-379,-267,-125,31,187,334,456,524,528,504,428,303,149,-16,-191,-341,-460,-533,-562,-522,-445,-331,-181,-19,148,297,411,483,520,498,434,339,207,65,-67,-197,-316,-392,-431,-431,-403,-345,-253,-159,-48,50,147,229,273,318,341,336,320,280,214,132,51,-40,-140,-236,-304,-363,-397,-400,-366,-571,-218,-103,14,150,276,375,449,485,491,450,365,254,110,-42,-188,-334,-447,-516,-554,-554,-494,-396,-269,-104,60,226,393,509,596,627,614,537,426,266,94,-91,-268,-433,-563,-642,-671,-645,-575,-437,-269,-87,114,306,469,594,673,710,676,588,456,301,104,-102,-305,-477,-611,-699,-734,-710,-631,-496,-325,-121,85,305,503,655,763,808,784,690,532,334,105,-149,-402,-603,-751,-846,-851,-785,-659,-468,-235,7,254,469,638,750,794,762,672,537,355,144,-56,-256,-423,-557,-645,-669,-655,-578,-473,-333,-168,-5,162,320,454,539,592,606,568,496,387,247,81,-77,-246,647,303
61681,mtk,MTK 7916,863882837,rx1-tx1,512,0,0,0,457,149,-205,-500,-682,-721,-590,-314,51,399,643,745,666,430,103,-244,-537,-687,-673,-496,-199,141,439,629,664,524,251,-75,-373,-571,-628,-533,-303,7,316,548,646,563,340,34,-283,-525,-634,-588,-386,-79,250,520,661,639,459,160,-199,-504,-681,-703,-545,-253,99,432,667,744,644,388,42,-320,-595,-734,-693,-481,-159,189,493,678,690,534,254,-91,-409,-629,-688,-565,-315,3,327,567,663,603,392,87,-242,-508,-648,-638,-479,-204,120,409,597,637,528,290,-10,-301,-510,-598,-549,-370,-108,181,412,535,532,409,191,-62,-289,-447,-484,-408,-241,-27,176,328,393,0,228,56,-115,-238,-297,-273,-163,-16,121,224,258,212,98,-45,-177,-268,-292,-229,-89,90,259,363,376,293,133,-79,-287,-429,-476,-406,-236,14,269,465,572,549,380,119,-177,-442,-616,-652,-533,-292,24,351,596,699,652,455,145,-206,-517,-707,-743,-612,-324,42,395,662,781,725,499,170,-205,-550,-762,-800,-672,-381,-6,360,648,800,776,579,257,-115,-463,-704,-789,-702,-470,-147,207,509,683,711,587,345,40,-270,-504,-619,-608,-469,-234,42,291,471,539,492,341,127,-100,-291,-417,-456,-395,-260,-82,107,265,358,378,336,234,92,-49,-166,-248,-282,-265,-211,-139,0,0,0,0,0,-4,-136,-277,-399,-473,-476,-402,-250,-29,207,422,582,636,571,390,128,-166,-444,-641,-718,-648,-445,-150,189,495,704,767,662,417,81,-281,-585,-754,-765,-607,-298,82,440,700,798,728,480,106,-284,-605,-808,-831,-647,-315,95,502,788,894,801,518,110,-332,-693,-897,-898,-691,-321,124,541,834,923,801,489,62,-379,-731,-909,-875,-631,-241,206,613,865,900,723,371,-72,-501,-808,-921,-816,-508,-81,380,755,937,893,635,222,-255,-676,-934,-972,-779,-392,99,570,910,1047,935,592,107,-419,-851,-1084,-1063,-793,-342,190,687,1030,1141,989,595,66,-470,-904,-1119,-1072,-778,0,238,736,1048,1101,898,481,-54,-579,-960,-1106,-988,-632,-124,416,859,1104,1082,793,308,-252,-762,-1090,-1160,-953,-519,44,601,1016,1192,1086,725,191,-379,-869,-1152,-1160,-889,-413,152,669,1028,1143,981,589,61,-473,-874,-1065,-1004,-691,-214,291,721,970,961,716,300,-192,-633,-909,-952,-753,-358,131,586,893,988,842,477,-15,-504,-876,-1041,-956,-640,-177,328,767,1022,1030,792,382,-122,-603,-930,-1030,-887,-555,-104,363,746,945,906,662,278,-165,-549,-781,-824,-670,-363,17,384,631,709,610,366,42,-277,-508,-600,-534,-318,-29,255,478,567,504,312,29,-267,-495,-602,-558,-364,0,0,0,0,0,529,690,692,529,228,-129,-454,-676,-740,-628,-373,-37,318,594,719,672,470,155,-196,-492,-663,-669,-514,-235,96,404,598,639,524,272,-45,-342,-566,-647,-552,-316,-9,298,531,633,566,360,62,-259,-513,-647,-615,-413,-106,226,511,675,672,504,205,-148,-464,-687,-745,-613,-330,29,369,623,737,690,456,104,-252,-543,-708,-702,-516,-212,134,453,659,695,551,282,-47,-363,-594,-678,-598,-361,-36,284,541,674,631,437,141,-187,-464,-626,-641,-507,-248,66,356,558,623,541,333,45,-235,-458,-573,-548,-395,-152,117,356,491,514,418,220,-14,-228,-383,-437,-381,-243,-51,0,282,343,317,207,47,-115,-232,-270,-228,-126,16,151,245,270,210,83,-74,-217,-320,-334,-247,-93,96,275,392,421,348,174,-56,-279,-453,-522,-468,-300,-51,231,462,594,595,455,202,-104,-399,-613,-688,-600,-372,-50,286,562,714,702,527,227,-130,-461,-690,-760,-660,-413,-56,312,604,778,779,588,260,-119,-471,-726,-825,-737,-484,-124,257,575,771,805,656,365,7,-342,-617,-752,-718,-531,-248,76,384,605,683,612,416,140,-153,-399,-552,-586,-487,-290,-51,195,383,477,470,373,199,-12,-207,-345,-403,-385,-301,-165,5,168,280,337,336,276,179,68,-37,-115,-164,0,0,0,0,0,348,353,308,200,38,-158,-348,-491,-562,-547,-432,-229,43,318,533,665,669,541,301,-9,-327,-592,-732,-723,-570,-294,55,397,655,775,725,521,197,-177,-511,-731,-794,-669,-383,-14,356,641,807,787,566,206,-202,-566,-808,-864,-722,-413,-1,421,750,903,848,606,228,-215,-620,-871,-917,-753,-410,32,458,780,921,833,558,154,-287,-665,-886,-896,-681,-303,147,563,841,913,766,442,9,-436,-785,-941,-858,-570,-150,304,699,935,934,700,292,-185,-624,-923,-1016,-854,-486,6,502,897,1073,1007,708,232,-313,-785,-1078,-1123,-914,-488,56,586,976,1145,1042,700,195,-356,-812,0,-1093,-852,-399,153,661,1005,1108,937,546,37,-494,-911,-1104,-1026,-700,-211,332,816,1104,1109,864,418,-141,-673,-1057,-1180,-1022,-617,-68,497,946,1176,1129,813,309,-263,-768,-1093,-1161,-950,-511,37,566,953,1110,995,643,145,-372,-794,-1017,-981,-697,-260,242,681,930,946,726,320,-167,-613,-906,-968,-786,-408,75,557,911,1033,903,562,78,-432,-839,-1042,-999,-730,-276,240,697,987,1041,853,471,-16,-487,-844,-999,-913,-617,-195,259,646,869,874,674,319,-90,-449,-694,-766,-645,-376,-25,315,553,647,581,353,40,-261,-481,-575,-513,-317,-34,259,483,582,527,334,44,-271,-518,0,0
61682,mtk,MTK 7916,863882837,rx2-tx0,512,0,0,0,788,300,-282,-807,-1145,-1220,-998,-523,96,691,1129,1312,1174,749,147,-494,-1026,-1321,-1301,-962,-388,281,885,1275,1363,1122,608,-53,-705,-1186,-1379,-1236,-789,-161,506,1057,1349,1295,928,341,-324,-911,-1281,-1326,-1036,-497,164,787,1206,1325,1127,649,14,-630,-1119,-1321,-1188,-769,-164,474,1002,1278,1233,872,304,-335,-890,-1218,-1230,-936,-417,204,770,1141,1222,986,503,-100,-686,-1098,-1226,-1040,-592,6,604,1056,1243,1109,695,101,-522,-1021,-1272,-1212,-841,-256,403,973,1301,1309,996,440,-226,-853,-1276,-1387,-1164,-657,22,701,1208,1429,1312,875,225,-483,-1076,-1413,-1406,-1065,-473,235,897,1340,1456,0,712,16,-675,-1203,-1444,-1333,-904,-262,446,1046,1397,1407,1069,484,-216,-874,-1325,-1446,-1222,-706,-15,691,1234,1477,1369,933,263,-470,-1086,-1450,-1485,-1161,-554,189,889,1375,1539,1343,832,122,-622,-1215,-1528,-1483,-1082,-430,325,1011,1454,1551,1290,731,-6,-726,-1272,-1527,-1422,-987,-323,405,1037,1425,1470,1175,615,-92,-770,-1266,-1463,-1317,-871,-233,453,1032,1377,1404,1108,573,-87,-721,-1182,-1370,-1252,-867,-301,315,851,1188,1255,1043,616,69,-474,-896,-1114,-1086,-825,-398,100,554,866,979,888,617,226,-198,-558,-785,-847,-734,-473,-134,209,498,678,720,638,450,200,-54,-272,-422,-492,-476,-387,0,0,0,0,0,363,288,141,-64,-288,-492,-643,-694,-615,-419,-129,207,523,755,841,765,532,175,-230,-610,-876,-957,-835,-528,-98,368,771,1018,1052,858,458,-61,-576,-982,-1178,-1111,-796,-286,297,828,1188,1286,1097,666,66,-562,-1072,-1341,-1307,-977,-426,230,849,1276,1418,1244,773,124,-554,-1109,-1413,-1395,-1060,-474,214,844,1285,1437,1240,767,128,-536,-1071,-1349,-1315,-986,-418,231,811,1191,1294,1077,604,14,-567,-1014,-1204,-1096,-725,-193,366,830,1092,1081,790,313,-231,-712,-1007,-1055,-840,-408,122,620,962,1060,888,500,-11,-537,-933,-1089,-976,-628,-125,418,873,1111,1073,775,289,-276,-779,-1091,-1141,0,-466,100,641,1031,1179,1029,619,56,-518,-965,-1185,-1115,-762,-224,378,888,1183,1194,905,387,-237,-804,-1179,-1274,-1063,-587,44,666,1128,1324,1203,785,172,-481,-1024,-1328,-1308,-968,-397,266,863,1254,1342,1102,599,-46,-676,-1135,-1316,-1176,-747,-143,488,995,1255,1202,847,290,-330,-858,-1170,-1192,-912,-408,190,734,1098,1183,973,514,-59,-609,-1012,-1160,-1015,-629,-91,469,903,1108,1036,712,216,-327,-782,-1030,-1017,-759,-318,195,651,929,958,752,369,-109,-551,-839,-911,-740,-377,75,509,809,882,729,399,-45,-485,-793,-899,-774,-439,15,466,804,945,838,511,47,-442,-828,-1015,-949,-638,0,0,0,0,0,840,1122,1150,897,410,-191,-757,-1144,-1266,-1090,-639,-28,600,1096,1330,1249,866,268,-393,-965,-1309,-1339,-1047,-502,165,795,1235,1376,1187,709,51,-615,-1129,-1368,-1269,-864,-255,417,995,1320,1317,987,423,-245,-853,-1249,-1333,-1088,-578,79,713,1166,1333,1165,707,83,-558,-1061,-1296,-1213,-829,-236,403,938,1243,1228,904,357,-267,-826,-1180,-1228,-964,-461,153,731,1124,1223,1011,544,-60,-643,-1074,-1242,-1083,-639,-41,570,1047,1265,1165,768,175,-465,-1001,-1296,-1264,-922,-341,326,920,1294,1349,1077,541,-136,-786,-1249,-1413,-1241,-768,-100,601,1158,1427,1361,974,351,-369,-1000,-1380,-1433,-1146,-587,107,0,1271,1457,1289,811,139,-562,-1131,-1427,-1378,-996,-368,343,967,1359,1426,1160,606,-106,-786,-1277,-1466,-1299,-816,-128,591,1170,1473,1426,1044,408,-332,-995,-1428,-1525,-1256,-689,39,759,1303,1542,1418,958,267,-482,-1122,-1501,-1531,-1197,-583,162,874,1375,1551,1368,865,172,-565,-1170,-1487,-1456,-1095,-477,245,908,1358,1480,1259,755,74,-618,-1159,-1432,-1376,-1004,-407,278,889,1286,1397,1202,731,112,-527,-1041,-1305,-1275,-979,-485,110,667,1054,1194,1084,740,245,-280,-724,-1000,-1049,-871,-517,-70,369,713,892,878,684,356,-32,-392,-652,-780,-755,-583,-310,1,290,506,621,622,529,363,167,-21,-177,0,0,0,0,0,223,378,500,558,524,394,177,-93,-377,-616,-755,-757,-611,-337,20,387,692,875,879,693,356,-75,-503,-838,-1005,-960,-698,-277,222,687,1010,1126,994,628,109,-453,-925,-1198,-1211,-950,-479,114,708,1146,1325,1214,830,251,-400,-964,-1322,-1381,-1124,-612,49,702,1196,1427,1333,921,300,-387,-981,-1355,-1423,-1166,-633,37,695,1189,1402,1299,888,283,-376,-940,-1287,-1324,-1041,-525,100,682,1097,1247,1093,681,114,-463,-918,-1146,-1090,-772,-263,298,766,1045,1063,810,359,-169,-657,-982,-1051,-854,-450,70,577,944,1072,932,562,50,-488,-907,-1106,-1034,-708,-209,350,824,1101,1116,858,383,-191,0,-1073,-1160,-973,-543,24,590,1011,1183,1069,691,133,-455,-933,-1188,-1148,-831,-307,306,847,1182,1237,990,485,-141,-736,-1161,-1308,-1134,-683,-65,570,1080,1335,1262,882,288,-381,-954,-1297,-1332,-1042,-498,156,770,1204,1341,1150,684,58,-578,-1064,-1277,-1181,-804,-223,410,933,1212,1199,889,354,-258,-804,-1143,-1188,-949,-473,129,689,1065,1180,1002,581,22,-538,-957,-1135,-1037,-678,-153,399,838,1065,1033,742,271,-256,-706,-972,-988,-757,-349,144,594,879,933,749,373,-90,-520,-811,-888,-736,-394,59,496,799,894,755,413,-40,-485,-807,-926,-804,-473,-15,452,816,982,892,566,93,-417,-833,0,0
61683,mtk,MTK 7916,863882837,rx2-tx1,512,0,0,0,-207,344,822,1113,1126,869,407,-156,-699,-1080,-1192,-1026,-616,-52,518,968,1181,1111,783,268,-311,-811,-1109,-1145,-911,-461,96,625,995,1107,956,580,59,-466,-859,-1041,-963,-637,-169,336,744,957,932,664,215,-276,-690,-930,-928,-683,-266,228,668,939,969,747,330,-172,-638,-947,-1025,-839,-453,59,560,925,1059,930,561,46,-485,-896,-1084,-997,-662,-158,396,862,1116,1093,800,304,-286,-819,-1159,-1219,-984,-507,101,701,1136,1300,1156,749,158,-482,-1018,-1313,-1292,-974,-432,206,793,1201,1333,1142,676,63,-554,-1045,-1296,-1231,-887,-355,251,803,1155,1232,1022,584,23,-531,-944,-1126,-1049,0,-262,256,692,952,973,766,384,-73,-494,-779,-859,-724,-419,-20,366,652,776,683,420,69,-295,-571,-685,-630,-412,-78,270,542,671,616,396,72,-274,-558,-701,-651,-427,-86,292,613,803,785,557,181,-262,-664,-923,-959,-772,-401,86,578,947,1104,1005,676,170,-387,-856,-1144,-1184,-943,-467,107,664,1093,1271,1163,800,255,-362,-904,-1243,-1307,-1094,-638,-42,556,1032,1289,1270,975,482,-106,-658,-1045,-1212,-1129,-803,-319,211,675,980,1066,927,602,166,-284,-654,-874,-896,-726,-414,-36,334,621,769,749,580,303,-19,-317,-544,-664,-649,-513,-300,-61,170,354,466,488,430,326,193,0,0,0,0,0,-89,84,271,444,562,600,545,381,134,-142,-405,-608,-698,-655,-481,-205,121,433,657,741,669,450,132,-221,-542,-753,-786,-647,-366,12,394,704,854,805,570,198,-225,-614,-868,-929,-788,-453,5,457,815,999,960,704,279,-223,-678,-978,-1062,-906,-537,-42,468,871,1075,1032,752,299,-227,-701,-1010,-1087,-913,-517,-11,497,884,1061,996,700,235,-275,-718,-982,-1004,-794,-406,80,547,868,975,857,517,57,-405,-769,-945,-893,-617,-188,286,683,917,933,718,327,-136,-575,-877,-963,-818,-481,-31,432,789,957,889,607,183,-284,-680,-901,-916,-707,-317,143,566,860,929,774,449,0,-451,-779,-919,-838,-546,-123,323,690,893,872,637,240,-215,-611,-849,-878,-685,-323,125,546,824,894,736,393,-58,-513,-843,-952,-822,-490,-30,454,836,1018,941,633,169,-342,-784,-1047,-1053,-804,-356,183,686,1022,1098,913,515,-22,-555,-944,-1105,-1000,-642,-125,418,861,1094,1049,740,254,-299,-778,-1060,-1086,-838,-376,178,689,1038,1127,936,509,-51,-593,-987,-1154,-1033,-647,-103,470,932,1160,1111,792,272,-309,-817,-1134,-1175,-931,-458,119,664,1056,1188,1027,630,84,-482,-931,-1146,-1085,-760,-257,298,782,1068,1081,830,374,-163,-656,-985,-1072,-898,-497,35,554,935,1067,940,594,96,0,0,0,0,0,-1108,-1084,-791,-302,262,770,1099,1172,953,508,-51,-612,-1024,-1189,-1081,-710,-167,407,886,1151,1132,851,368,-200,-716,-1053,-1132,-937,-523,9,533,920,1076,965,614,122,-390,-793,-996,-947,-660,-203,301,717,940,926,670,240,-250,-676,-929,-942,-715,-302,194,645,940,991,783,381,-113,-591,-935,-1043,-895,-508,13,527,906,1070,968,619,104,-444,-877,-1099,-1054,-739,-227,350,841,1127,1151,896,406,-198,-766,-1152,-1261,-1081,-635,-27,598,1083,1318,1244,860,285,-355,-920,-1271,-1322,-1066,-562,75,692,1134,1315,1199,803,223,-410,-942,-1238,-1244,-968,-471,118,668,1060,1195,1051,672,148,-395,0,-1046,-1026,-766,-338,151,584,855,916,753,413,-20,-429,-713,-804,-703,-429,-54,319,605,729,655,411,65,-291,-556,-674,-617,-402,-83,263,545,672,627,417,82,-293,-594,-743,-708,-490,-127,286,645,863,876,668,279,-198,-643,-946,-1042,-892,-528,-29,500,924,1140,1104,810,326,-253,-785,-1133,-1235,-1059,-642,-67,534,1014,1264,1245,958,450,-169,-750,-1165,-1327,-1203,-822,-263,339,856,1196,1277,1088,676,126,-428,-867,-1111,-1118,-895,-492,3,474,828,994,933,683,304,-122,-497,-755,-844,-749,-505,-175,177,481,667,718,629,425,147,-137,-372,-535,-598,-553,-424,-240,-46,126,250,319,0,0,0,0,0,-429,-477,-447,-337,-155,72,316,523,646,658,546,324,34,-271,-529,-693,-715,-588,-336,-8,332,606,749,732,562,262,-112,-466,-717,-817,-733,-469,-91,314,658,875,885,681,325,-116,-542,-851,-985,-890,-581,-137,340,747,998,1021,809,407,-85,-562,-926,-1078,-971,-645,-169,355,797,1056,1070,838,419,-103,-606,-962,-1091,-966,-615,-132,381,807,1033,1014,765,335,-174,-630,-928,-1001,-824,-463,-2,459,818,969,869,567,131,-333,-721,-935,-911,-662,-251,218,627,893,947,768,411,-47,-507,-841,-963,-859,-554,-111,356,737,937,905,665,262,-209,-621,-876,-920,-739,-374,76,508,820,0,826,495,50,-401,-750,-915,-853,-585,-185,258,656,888,880,659,280,-168,-565,-824,-877,-702,-346,102,529,830,924,775,428,-27,-489,-837,-976,-878,-559,-95,407,821,1039,1007,725,263,-271,-746,-1042,-1089,-868,-436,105,619,976,1107,964,582,58,-480,-901,-1097,-1024,-693,-191,353,813,1073,1066,788,308,-248,-739,-1058,-1115,-889,-439,116,638,1011,1138,973,568,27,-523,-955,-1153,-1066,-713,-187,396,883,1150,1143,861,369,-217,-749,-1097,-1185,-988,-551,21,581,998,1168,1058,697,169,-398,-855,-1103,-1087,-796,-319,228,717,1027,1074,863,450,-81,-600,-953,-1066,-920,-540,-20,501,895,1073,0,0
61684,mtk,MTK 7916,863925668,rx0-tx0,512,-330,-708,-797,694,614,485,304,96,-122,-330,-496,-621,-684,-673,-603,-477,-301,-96,116,314,480,611,677,675,606,479,316,113,-105,-309,-491,-628,-703,-709,-647,-520,-345,-130,108,325,523,665,738,740,657,520,331,100,-146,-370,-558,-682,-737,-728,-645,-487,-290,-71,157,361,540,657,710,693,610,475,296,76,-137,-337,-510,-635,-698,-689,-620,-485,-304,-99,133,347,518,640,699,687,611,465,273,58,-159,-364,-530,-630,-671,-646,-555,-403,-212,-16,189,365,503,587,608,578,489,353,185,-2,-185,-343,-466,-538,-555,-523,-444,-318,-172,-6,159,298,409,484,512,482,417,313,173,29,-26,-273,-387,-466,-501,-478,-417,-319,-186,-33,122,273,390,474,506,492,424,310,165,7,-157,-312,-425,-511,-525,-481,-400,-272,-122,43,203,338,441,495,503,454,361,237,81,-80,-229,-349,-441,-486,-481,-431,-333,-203,-55,98,248,368,459,491,475,414,303,159,-7,-168,-324,-442,-501,-505,-448,-352,-203,-36,133,289,403,462,466,403,302,170,27,-119,-245,-321,-359,-350,-296,-215,-115,-10,83,153,197,218,209,181,136,89,43,-6,-49,-80,-97,-109,-112,-102,-84,-68,-53,-29,-4,20,45,64,77,92,94,89,72,43,4,-40,-78,-105,-113,-104,-78,-36,14,54,-315,-468,510,513,339,-4,70,145,198,216,191,139,63,-30,-118,-193,-242,-258,-246,-202,-134,-54,42,140,214,276,317,318,287,218,122,11,-106,-225,-331,-392,-427,-409,-344,-242,-91,71,236,391,510,571,576,512,378,186,-28,-236,-456,-611,-700,-713,-646,-505,-283,-31,232,479,665,791,826,768,616,388,117,-173,-450,-679,-829,-885,-849,-710,-495,-224,71,367,607,789,884,876,776,599,348,63,-224,-488,-704,-841,-881,-830,-700,-492,-237,43,321,557,730,839,851,777,625,401,137,-137,-394,-615,-769,-839,-824,-727,-548,-311,-52,216,462,653,781,817,777,650,452,213,-32,-278,-494,-653,301,-769,-709,-580,-401,-181,50,271,468,620,710,732,689,578,412,205,-30,-256,-467,-641,-740,-775,-744,-622,-433,-204,47,289,508,669,774,802,734,608,417,185,-64,-305,-508,-668,-769,-795,-743,-616,-427,-197,52,290,512,689,785,814,771,643,452,215,-39,-300,-534,-712,-819,-850,-802,-670,-467,-215,61,333,561,748,860,881,803,645,426,163,-114,-376,-603,-765,-837,-837,-749,-579,-362,-109,151,385,587,726,793,772,689,545,337,107,-134,-355,-539,-679,-748,-736,-661,-521,-327,-103,128,347,523,656,722,713,639,503,314,104,-120,-340,-514,-639,-700,-695,-618,-495,-316,-97,886,790,-82,-497,-353,-120,-327,-502,-631,-693,-689,-608,-472,-296,-86,130,329,496,619,677,672,599,476,306,102,-111,-315,-483,-612,-682,-684,-623,-505,-329,-121,98,313,500,643,725,729,661,531,340,113,-128,-353,-535,-672,-743,-734,-651,-502,-301,-77,153,374,555,668,724,707,624,481,283,70,-152,-356,-523,-647,-703,-682,-614,-480,-304,-90,123,328,506,626,695,694,616,475,298,83,-141,-355,-533,-645,-692,-672,-589,-437,-247,-38,176,371,530,618,650,615,514,374,193,6,-181,-350,-482,-561,-583,-546,-463,-332,-169,1,167,318,433,506,535,496,421,307,167,12,-142,-277,-396,-468,-497,628,-418,-313,-180,-26,128,266,383,467,501,486,426,318,183,23,-136,-286,-408,-485,-514,-495,-416,-300,-158,19,177,324,434,500,514,472,386,258,101,-61,-219,-346,-439,-490,-489,-438,-350,-227,-72,86,237,363,446,486,483,427,329,191,25,-129,-279,-403,-479,-504,-475,-401,-270,-109,62,221,359,457,491,471,395,265,113,-55,-210,-322,-396,-414,-389,-311,-201,-77,49,154,231,276,284,256,203,134,59,-13,-74,-118,-140,-153,-146,-128,-98,-69,-40,-11,24,46,63,76,86,84,86,77,61,40,15,-15,-44,-76,-101,-116,-108,-86,-50,-5,38,78,102,99,77,-804,-723,-82,-833,-924,161,164,129,61,-25,-112,-179,-226,-240,-219,-166,-90,-2,87,171,234,274,284,257,200,130,37,-70,-174,-264,-327,-362,-357,-321,-234,-119,15,164,298,417,490,501,466,371,220,42,-147,-340,-503,-616,-643,-618,-518,-339,-121,124,354,561,711,774,760,644,449,209,-65,-339,-583,-763,-859,-856,-755,-567,-310,-28,268,537,740,863,898,820,651,424,140,-153,-425,-659,-822,-882,-856,-743,-553,-298,-4,275,529,722,838,873,812,663,448,192,-95,-358,-593,-757,-838,-835,-752,-588,-362,-91,177,432,640,772,826,803,690,506,266,-2,-259,-498,-675,-770,-796,-744,-611,-416,-176,51,283,484,634,724,737,688,572,399,187,-42,-262,-462,-620,-723,-756,-711,-604,-428,-211,22,265,488,657,759,789,739,607,418,195,-60,-299,-508,-679,-772,-797,-732,-603,-420,-192,53,295,509,673,777,797,746,626,437,205,-41,-293,-519,-695,-799,-831,-786,-654,-461,-223,46,312,551,732,838,868,801,656,456,196,-85,-358,-589,-757,-852,-860,-779,-623,-394,-137,127,388,601,748,822,807,714,560,350,105,-144,-372,-567,-705,-766,-760,-676,-530,-335,-103,132,347,539,673,735,730,649,507,322,99,-122,-333,-515,-645,-708,-707,-631,-492,-317,-104,122,333,504,638,692,-402,-569
61685,mtk,MTK 7916,863925668,rx0-tx1,512,-686,966,904,382,205,21,-162,-334,-465,-550,-572,-537,-463,-331,-173,-7,170,316,425,497,516,494,419,308,176,34,-111,-249,-358,-433,-471,-474,-434,-357,-244,-106,36,185,323,425,496,524,496,437,327,185,22,-153,-317,-453,-554,-593,-583,-515,-392,-220,-29,165,349,503,614,663,636,548,406,221,14,-191,-388,-544,-646,-685,-648,-552,-399,-202,8,223,410,559,656,697,653,544,385,182,-30,-239,-428,-568,-654,-672,-622,-516,-359,-162,51,250,430,566,635,655,599,491,333,139,-59,-257,-430,-555,-630,-633,-576,-467,-316,-125,72,254,418,543,606,617,566,456,301,115,-82,-272,-38,-561,-621,-620,-562,-441,-282,-93,107,295,462,577,635,631,555,425,249,51,-158,-353,-507,-617,-664,-634,-544,-383,-186,24,240,427,565,647,665,596,478,308,106,-100,-301,-465,-567,-621,-610,-526,-395,-227,-40,157,334,469,561,590,565,483,345,175,-9,-192,-354,-481,-554,-576,-536,-443,-305,-122,64,239,400,517,573,567,502,385,224,39,-148,-325,-465,-543,-559,-516,-405,-257,-76,114,279,405,484,508,466,374,245,87,-75,-220,-337,-416,-431,-406,-332,-218,-79,68,196,299,357,371,338,269,161,33,-88,-203,-288,-323,-311,-247,-142,-21,97,189,238,232,176,95,915,971,0,173,-242,143,131,87,18,-62,-135,-184,-206,-196,-149,-79,0,77,149,202,223,217,190,135,57,-25,-102,-166,-217,-238,-226,-187,-130,-61,16,92,152,192,206,198,175,128,77,22,-34,-84,-120,-149,-164,-165,-156,-134,-108,-64,-16,36,89,144,184,205,214,196,161,107,32,-47,-116,-182,-239,-265,-254,-225,-174,-98,-5,77,150,210,252,261,249,220,169,101,16,-61,-137,-203,-249,-282,-281,-251,-201,-130,-40,51,139,227,297,335,334,305,240,147,35,-80,-192,-283,-344,-372,-360,-316,-237,-129,-7,117,225,316,378,394,377,314,222,115,-13,-138,-250,-337,-393,-403,-48,-326,-230,-114,11,142,257,354,420,441,415,347,247,127,-13,-163,-300,-395,-461,-490,-455,-375,-259,-113,54,208,340,442,497,502,457,363,235,92,-65,-214,-346,-439,-487,-492,-453,-376,-261,-119,40,189,321,438,502,519,488,416,310,162,-2,-173,-325,-453,-543,-577,-557,-477,-353,-193,-5,185,356,503,601,634,617,521,364,188,-19,-231,-417,-567,-655,-677,-629,-521,-355,-149,71,290,469,596,667,670,603,474,295,96,-115,-313,-473,-588,-640,-630,-562,-438,-276,-85,115,302,459,570,628,619,554,432,258,67,-130,-316,-467,-568,-619,-604,-526,-403,-233,-45,148,330,678,723,9,-268,-466,-468,-558,-586,-563,-482,-348,-183,0,173,330,454,523,552,523,436,313,163,7,-146,-284,-392,-460,-489,-480,-424,-326,-204,-68,74,208,327,421,476,492,469,396,288,160,-3,-160,-306,-433,-517,-556,-546,-478,-366,-210,-28,157,332,481,581,622,610,538,409,234,24,-187,-376,-528,-634,-670,-645,-555,-407,-219,0,216,406,559,649,685,652,548,394,203,-13,-238,-421,-572,-661,-682,-637,-525,-367,-170,41,247,428,566,651,663,612,507,338,146,-58,-258,-423,-557,-628,-640,-588,-477,-324,-133,68,260,424,546,619,619,565,464,307,123,-65,-259,-422,-546,-612,-619,-562,634,-296,-100,97,288,445,554,619,618,560,439,270,79,-128,-324,-486,-598,-646,-632,-549,-412,-235,-17,192,386,539,632,666,628,513,345,151,-70,-279,-450,-579,-645,-642,-571,-433,-259,-68,140,324,469,571,609,591,499,367,198,9,-172,-343,-476,-556,-585,-550,-460,-324,-154,26,211,369,492,559,557,517,421,271,90,-99,-276,-427,-533,-574,-553,-471,-330,-155,31,216,376,490,546,528,446,320,166,-4,-178,-315,-420,-471,-461,-399,-299,-158,-10,131,262,353,403,395,342,245,124,-4,-129,-240,-321,-348,-329,-270,-166,-47,76,187,262,288,264,193,85,-27,-120,-169,326,136,0,705,694,-25,-87,-144,-178,-180,-142,-78,-2,82,155,203,219,206,165,98,18,-60,-132,-193,-229,-233,-208,-161,-97,-11,70,135,186,214,226,202,157,95,24,-41,-98,-144,-168,-179,-173,-151,-115,-77,-33,8,54,93,132,164,176,181,166,138,88,36,-27,-96,-161,-215,-246,-243,-220,-178,-107,-17,73,146,213,263,275,257,218,160,81,-2,-76,-148,-207,-254,-273,-260,-231,-175,-110,-29,58,140,210,269,304,303,284,233,151,47,-61,-165,-257,-324,-359,-354,-313,-238,-136,-19,102,217,310,372,389,367,310,230,116,-6,-127,-243,-323,-383,-402,-374,-313,-223,-106,21,-1135,252,342,393,412,393,333,245,121,-15,-151,-275,-368,-435,-463,-446,-371,-260,-127,31,188,324,424,490,501,455,373,248,96,-64,-222,-350,-440,-485,-492,-450,-365,-239,-98,57,199,327,428,489,502,466,394,282,133,-21,-178,-316,-434,-515,-545,-522,-447,-333,-176,-3,173,341,475,569,609,583,504,374,191,-3,-203,-396,-533,-625,-665,-624,-525,-365,-169,42,255,441,588,669,681,620,492,323,125,-93,-300,-475,-596,-653,-653,-579,-452,-282,-84,116,309,465,577,634,622,554,430,267,75,-125,-303,-463,-571,-619,-612,-537,-410,-245,-58,139,317,468,572,609,594,509,-285,130
61686,mtk,MTK 7916,863925668,rx1-tx0,512,0,-312,-569,-274,-392,-477,-521,-513,-465,-363,-224,-67,117,282,429,539,593,600,542,429,269,78,-123,-324,-496,-621,-695,-685,-611,-475,-279,-49,188,408,602,725,782,754,647,472,248,-17,-280,-517,-711,-812,-842,-782,-632,-418,-155,118,384,609,764,836,820,734,562,336,80,-193,-422,-614,-746,-800,-775,-672,-505,-293,-52,189,411,592,713,769,746,644,486,282,46,-190,-419,-589,-712,-762,-731,-628,-459,-258,-21,217,430,600,709,747,703,592,416,200,-27,-257,-457,-603,-692,-707,-646,-521,-346,-136,85,289,465,587,642,634,561,437,270,78,-109,-285,-430,-521,-569,-555,-477,-362,-277,-64,104,252,373,447,489,476,427,341,214,77,-67,-201,-318,-404,-446,-449,-410,-337,-236,-107,33,169,283,379,435,452,429,355,257,133,-6,-143,-266,-372,-439,-462,-444,-394,-303,-178,-31,121,259,378,461,501,501,442,341,209,51,-124,-291,-437,-542,-593,-581,-512,-383,-205,4,215,411,563,654,679,629,505,306,74,-162,-388,-568,-681,-714,-664,-535,-337,-108,129,349,518,627,654,608,497,335,132,-79,-267,-420,-516,-557,-535,-440,-305,-150,18,186,327,427,465,452,387,283,144,-3,-152,-283,-365,-405,-391,-326,-221,-84,60,194,295,340,327,253,138,9,-101,562,355,0,-464,-47,25,1,-31,-58,-82,-93,-85,-67,-35,3,36,73,100,112,112,101,72,34,-1,-42,-83,-108,-123,-133,-124,-101,-69,-30,10,60,108,142,156,160,155,124,91,36,-26,-88,-147,-193,-225,-235,-217,-174,-109,-22,73,157,237,295,322,310,262,185,70,-50,-177,-290,-365,-401,-394,-329,-227,-102,41,186,306,399,435,426,371,266,132,-14,-157,-290,-381,-430,-434,-390,-297,-177,-41,105,236,335,398,416,384,311,211,97,-33,-143,-239,-316,-347,-347,-306,-237,-157,-65,25,118,192,241,271,279,262,228,181,112,41,-43,-126,-198,-261,-299,-310,-294,-240,-171,-86,489,123,226,310,356,372,349,298,209,94,-39,-160,-270,-362,-419,-430,-395,-330,-223,-87,57,202,327,423,476,476,435,340,221,75,-88,-238,-378,-464,-513,-514,-459,-356,-218,-51,113,273,415,505,544,535,471,356,206,30,-143,-302,-441,-524,-567,-551,-482,-369,-206,-41,137,306,452,551,595,578,510,399,238,55,-144,-343,-486,-595,-652,-632,-554,-413,-228,-7,207,403,567,660,686,642,520,350,142,-89,-299,-469,-588,-646,-637,-559,-425,-253,-68,123,302,439,531,563,545,477,360,214,56,-102,-249,-371,-445,-492,-490,-441,-363,-246,-105,37,182,311,412,469,482,454,-509,-739,0,544,280,-436,-335,-206,-49,120,274,412,502,556,559,500,400,252,79,-111,-295,-455,-573,-639,-643,-584,-458,-286,-74,153,359,542,676,741,725,640,478,260,22,-233,-467,-654,-776,-820,-769,-651,-452,-204,59,336,569,743,833,839,762,599,374,108,-156,-407,-622,-760,-830,-799,-694,-529,-307,-59,191,415,598,726,780,752,649,488,283,50,-195,-416,-587,-713,-764,-748,-646,-477,-276,-32,203,424,594,708,753,717,611,442,229,-9,-244,-451,-611,-702,-729,-683,-559,-386,-177,52,270,457,600,676,677,610,485,306,107,-102,-296,-452,-562,-607,-592,-527,-404,-245,-69,118,281,401,315,525,507,442,334,205,60,-91,-219,-338,-419,-459,-460,-417,-332,-218,-89,43,174,290,384,439,452,416,348,248,118,-15,-155,-278,-367,-433,-456,-431,-375,-278,-152,-13,130,257,368,440,472,461,408,316,188,45,-113,-262,-391,-487,-547,-546,-486,-371,-216,-37,154,336,492,601,647,619,521,356,151,-72,-295,-496,-642,-704,-691,-599,-430,-214,21,263,474,620,685,676,586,433,229,2,-213,-397,-536,-610,-602,-529,-398,-229,-44,148,313,428,496,511,467,370,230,67,-90,-231,-343,-414,-433,-405,-320,-199,-60,91,222,326,377,371,313,203,67,-75,-192,-262,-271,-230,208,491,0,-621,-780,-59,-74,-73,-60,-35,4,42,70,95,101,99,83,50,11,-27,-68,-100,-115,-121,-119,-99,-66,-30,11,59,95,123,139,144,142,116,71,25,-18,-76,-124,-160,-192,-196,-188,-155,-101,-35,46,122,187,244,276,268,237,180,94,-8,-120,-219,-306,-357,-364,-337,-259,-150,-22,119,249,345,405,428,392,314,192,43,-103,-247,-359,-427,-446,-419,-344,-228,-89,57,199,318,393,432,417,354,253,135,-5,-142,-252,-333,-377,-384,-339,-277,-175,-64,46,151,226,277,300,301,275,219,153,75,-4,-83,-154,-211,-252,-273,-279,-260,-217,-151,-66,25,125,210,277,323,-571,329,279,192,87,-29,-140,-249,-332,-392,-405,-373,-314,-213,-87,51,180,293,388,444,456,419,337,219,74,-74,-220,-346,-433,-494,-498,-455,-355,-217,-67,98,263,393,487,528,524,475,367,213,44,-129,-291,-426,-518,-560,-540,-478,-359,-205,-39,140,298,441,533,575,567,497,380,220,44,-143,-313,-458,-561,-610,-613,-538,-402,-238,-37,171,358,519,634,680,646,552,390,185,-34,-259,-453,-592,-679,-679,-605,-470,-295,-97,111,305,460,562,600,589,511,385,226,50,-119,-278,-406,-487,-520,-508,-454,-353,-227,-92,68,208,331,430,475,483,452,377,265,130,-14,-155,562,183
61687,mtk,MTK 7916,863925668,rx1-tx1,512,0,0,0,404,190,-70,-321,-507,-595,-557,-407,-173,96,344,523,596,545,375,132,-133,-371,-522,-559,-484,-308,-64,192,400,512,511,402,204,-41,-278,-445,-515,-475,-327,-105,138,349,482,516,430,243,2,-241,-430,-529,-511,-375,-154,102,341,512,574,513,338,89,-184,-421,-574,-600,-506,-307,-41,239,461,588,596,477,251,-22,-285,-482,-577,-546,-402,-176,81,320,486,548,493,328,89,-164,-378,-513,-540,-452,-270,-30,215,413,520,521,416,218,-20,-251,-426,-507,-483,-364,-164,68,270,411,470,431,304,116,-91,-274,-399,-432,-370,-244,-75,110,272,356,360,293,173,23,-126,0,-283,-266,-192,-81,39,150,211,211,158,71,-38,-138,-200,-217,-170,-78,42,154,244,279,245,151,10,-138,-265,-345,-354,-280,-139,41,218,360,439,426,325,147,-73,-283,-440,-518,-494,-365,-156,88,314,487,564,528,389,164,-101,-349,-534,-612,-555,-400,-166,112,367,555,633,584,415,166,-117,-378,-569,-653,-613,-452,-201,89,360,564,658,624,479,247,-32,-306,-518,-622,-608,-490,-283,-25,231,429,540,558,470,298,75,-152,-342,-462,-492,-431,-295,-110,87,253,365,403,369,273,133,-25,-171,-277,-333,-329,-273,-171,-52,70,175,244,273,260,209,138,66,-4,-61,0,0,0,0,0,-241,-201,-126,-15,117,250,365,434,444,393,277,105,-94,-287,-445,-533,-536,-449,-285,-64,180,403,549,605,552,397,165,-94,-340,-532,-622,-591,-444,-213,56,321,530,636,606,456,216,-74,-359,-568,-666,-635,-479,-221,85,380,603,711,674,496,215,-106,-409,-636,-739,-693,-500,-213,121,432,661,744,676,471,168,-169,-471,-676,-738,-644,-422,-111,227,511,694,732,614,365,40,-290,-565,-722,-720,-570,-299,44,382,645,765,722,526,217,-139,-468,-710,-808,-730,-501,-159,223,564,794,866,761,500,129,-272,-618,-847,-910,-788,-505,-117,291,643,869,912,773,477,81,-332,0,-867,-885,-721,-406,-6,390,708,877,858,661,325,-81,-474,-770,-902,-846,-607,-237,185,568,836,932,845,572,175,-261,-642,-887,-956,-837,-532,-118,310,676,901,942,793,482,58,-369,-704,-896,-901,-713,-385,12,404,703,851,817,605,269,-115,-465,-712,-792,-692,-450,-112,259,569,748,766,614,315,-50,-405,-679,-818,-771,-558,-232,143,503,753,851,767,525,177,-204,-550,-778,-841,-734,-484,-138,232,548,744,789,678,434,103,-237,-519,-682,-694,-567,-328,-34,259,475,582,566,424,196,-62,-297,-452,-496,-434,-269,-41,189,365,454,439,316,119,-102,-310,-454,-490,-413,-246,0,0,0,0,0,387,535,574,497,310,57,-211,-439,-577,-594,-489,-286,-22,241,453,569,559,433,222,-31,-276,-461,-545,-510,-360,-135,112,331,478,520,441,265,36,-201,-396,-502,-500,-381,-174,73,299,460,520,468,305,75,-177,-397,-525,-544,-443,-242,16,272,474,580,568,433,197,-81,-339,-528,-611,-564,-391,-142,126,370,539,594,522,338,91,-173,-405,-547,-559,-457,-261,-11,241,435,536,519,387,177,-72,-306,-475,-545,-494,-342,-124,121,338,485,528,455,292,74,-158,-350,-467,-487,-398,-235,-31,178,346,443,444,348,185,-10,-199,-339,-399,-382,-290,-138,39,188,289,327,294,0,68,-72,-183,-243,-237,-175,-73,41,135,192,201,152,65,-45,-153,-227,-241,-201,-108,24,164,270,317,296,205,69,-96,-250,-364,-404,-359,-230,-46,161,343,463,491,413,248,38,-186,-384,-512,-543,-461,-275,-32,219,430,558,580,483,287,25,-245,-464,-593,-612,-507,-297,-29,252,486,625,637,528,315,36,-252,-485,-631,-658,-559,-355,-85,199,449,610,657,571,385,133,-142,-386,-550,-608,-549,-397,-176,70,290,455,530,501,383,203,-5,-203,-359,-446,-440,-350,-205,-35,134,271,352,368,317,211,82,-57,-182,-270,-307,-295,-240,-150,-47,52,132,186,205,197,169,0,0,0,0,0,-136,-231,-311,-359,-365,-320,-218,-75,91,260,403,487,504,437,297,101,-124,-341,-498,-577,-556,-439,-239,8,256,465,600,617,517,321,64,-204,-434,-590,-628,-545,-358,-94,197,451,618,653,563,360,77,-223,-484,-656,-693,-588,-369,-67,254,528,695,722,606,365,59,-272,-553,-714,-728,-603,-354,-31,300,570,721,721,579,313,-19,-341,-591,-722,-700,-525,-238,97,411,643,736,675,473,166,-178,-485,-690,-756,-654,-417,-91,257,558,742,776,645,365,7,-356,-652,-819,-815,-642,-334,48,426,723,875,850,653,317,-83,-470,-767,-911,-869,-654,-303,109,497,777,902,845,0,252,-160,-539,-806,-899,-809,-546,-173,236,596,831,890,758,469,80,-328,-678,-885,-903,-734,-410,9,428,756,931,913,708,356,-71,-488,-800,-952,-907,-675,-301,126,521,817,945,872,616,231,-186,-555,-813,-894,-777,-505,-135,255,586,781,808,662,369,2,-363,-645,-778,-729,-525,-210,157,496,729,800,698,443,87,-291,-609,-800,-823,-682,-393,-14,364,665,830,827,655,346,-36,-402,-683,-821,-789,-597,-293,59,393,644,757,709,514,224,-98,-385,-582,-652,-579,-383,-120,149,374,516,535,433,234,-4,-231,-401,-477,-435,-292,-86,142,337,454,461,357,170,-56,-278,-449,0,0
61688,mtk,MTK 7916,863925668,rx2-tx0,512,0,0,0,838,427,-87,-596,-998,-1192,-1138,-843,-363,203,739,1130,1282,1170,813,281,-317,-853,-1212,-1319,-1154,-743,-172,435,951,1267,1318,1094,636,41,-567,-1046,-1307,-1292,-997,-491,114,695,1125,1311,1217,859,320,-289,-837,-1199,-1295,-1115,-699,-126,469,962,1247,1259,994,519,-67,-636,-1067,-1261,-1183,-848,-331,258,780,1129,1229,1061,659,109,-455,-914,-1168,-1163,-895,-434,114,640,1031,1186,1076,726,215,-348,-836,-1140,-1187,-974,-543,18,578,1012,1227,1179,872,367,-226,-772,-1154,-1294,-1159,-768,-209,404,940,1277,1346,1126,666,61,-561,-1072,-1359,-1355,-1067,-563,61,681,1163,1398,1334,989,444,-194,-792,0,-1404,-1293,-908,-331,314,891,1283,1400,1227,790,185,-452,-992,-1327,-1387,-1155,-677,-52,587,1103,1385,1378,1085,557,-90,-718,-1203,-1439,-1374,-1026,-458,210,836,1292,1483,1367,970,367,-311,-929,-1355,-1506,-1347,-911,-290,393,998,1397,1512,1321,857,229,-448,-1033,-1400,-1480,-1261,-790,-157,502,1055,1391,1439,1192,707,84,-547,-1067,-1370,-1395,-1137,-651,-41,566,1060,1345,1359,1108,645,61,-526,-997,-1267,-1298,-1078,-658,-119,419,865,1136,1187,1012,653,188,-299,-713,-970,-1041,-921,-630,-237,176,537,794,893,823,610,303,-52,-376,-617,-745,-745,-624,-408,-143,129,361,519,588,572,483,344,189,40,0,0,0,0,0,-351,-451,-499,-479,-383,-216,7,254,485,659,739,699,540,284,-35,-368,-650,-833,-871,-750,-485,-117,281,645,905,999,902,635,238,-226,-654,-967,-1106,-1037,-764,-326,184,667,1038,1220,1160,870,404,-146,-683,-1093,-1300,-1255,-955,-469,120,698,1148,1358,1301,994,491,-115,-712,-1166,-1388,-1332,-1005,-484,125,713,1163,1376,1309,984,465,-147,-718,-1134,-1318,-1241,-905,-395,190,723,1093,1231,1117,769,275,-263,-745,-1061,-1142,-977,-610,-123,379,789,1019,1030,817,427,-54,-519,-866,-1014,-946,-671,-243,240,663,945,1028,883,543,82,-408,-806,-1039,-1051,-833,-433,62,546,921,1102,1044,764,323,0,-670,-1000,-1122,-1008,-680,-195,333,795,1083,1138,950,559,38,-490,-920,-1156,-1141,-879,-427,126,661,1054,1226,1142,810,298,-285,-812,-1168,-1282,-1126,-734,-178,424,934,1246,1300,1079,633,51,-543,-1025,-1286,-1268,-989,-506,84,650,1075,1266,1188,857,348,-237,-763,-1111,-1216,-1066,-686,-156,404,872,1147,1168,925,493,-37,-561,-962,-1150,-1088,-787,-323,204,685,1012,1118,978,629,147,-358,-773,-1012,-1035,-834,-452,21,474,814,972,911,653,257,-191,-587,-839,-898,-754,-449,-43,370,691,848,813,586,227,-185,-559,-803,-861,-725,-417,-7,413,739,898,858,628,251,-200,-617,-893,-979,-854,-532,0,0,0,0,0,727,1044,1147,1004,644,137,-413,-888,-1187,-1239,-1025,-594,-36,541,1011,1273,1265,996,520,-69,-650,-1102,-1323,-1261,-936,-415,199,773,1184,1344,1212,826,269,-342,-880,-1236,-1327,-1125,-680,-98,500,992,1270,1269,998,514,-83,-662,-1090,-1287,-1204,-856,-331,266,806,1166,1278,1109,695,136,-448,-933,-1210,-1222,-965,-501,68,620,1028,1211,1128,789,277,-288,-781,-1101,-1185,-999,-586,-43,503,940,1171,1142,851,369,-199,-722,-1085,-1220,-1087,-708,-169,406,905,1210,1256,1026,572,-13,-604,-1069,-1307,-1268,-956,-432,181,766,1194,1374,1262,885,311,-330,-900,-1286,-1405,-1233,-802,-200,443,995,1336,1398,1166,0,82,-557,-1073,-1361,-1366,-1084,-569,63,678,1151,1382,1322,980,434,-201,-798,-1232,-1408,-1283,-891,-306,351,935,1321,1435,1251,801,180,-481,-1040,-1393,-1464,-1228,-729,-81,589,1136,1450,1468,1187,659,0,-668,-1201,-1485,-1458,-1135,-583,88,741,1248,1494,1433,1085,517,-147,-777,-1251,-1464,-1375,-1014,-444,210,814,1254,1439,1322,941,374,-266,-847,-1246,-1401,-1283,-910,-356,262,816,1204,1353,1242,893,373,-207,-729,-1102,-1257,-1177,-881,-421,106,588,948,1113,1063,820,442,-8,-443,-775,-945,-935,-759,-451,-74,298,601,780,818,713,490,192,-120,-397,-593,-687,-670,-554,-371,-151,65,242,363,420,412,0,0,0,0,0,219,92,-71,-257,-436,-575,-644,-620,-497,-283,-9,289,557,739,810,743,538,227,-135,-491,-775,-925,-906,-715,-388,25,451,804,1018,1041,859,506,49,-441,-862,-1119,-1168,-986,-610,-106,430,895,1199,1275,1093,691,152,-423,-924,-1253,-1342,-1162,-745,-181,420,952,1295,1379,1198,773,182,-442,-968,-1304,-1390,-1194,-758,-180,437,967,1292,1350,1140,705,135,-449,-944,-1235,-1267,-1039,-601,-51,494,925,1159,1142,888,451,-66,-556,-926,-1091,-1018,-733,-294,212,656,948,1031,892,558,102,-377,-772,-996,-998,-782,-393,83,545,889,1041,969,690,253,-237,-688,-995,-1089,-949,-607,-135,370,806,1071,0,903,505,-1,-513,-916,-1128,-1099,-829,-383,149,658,1020,1163,1057,721,231,-316,-803,-1122,-1206,-1027,-619,-70,489,950,1219,1237,984,519,-59,-624,-1069,-1288,-1236,-922,-412,196,765,1168,1324,1202,827,285,-320,-858,-1204,-1293,-1111,-697,-135,449,931,1210,1230,980,523,-38,-584,-1005,-1197,-1125,-817,-329,226,724,1060,1167,1024,656,144,-388,-830,-1092,-1115,-896,-485,26,526,906,1084,1022,743,310,-181,-625,-929,-1021,-888,-565,-127,327,699,909,911,710,357,-69,-474,-763,-872,-782,-512,-125,283,625,826,835,651,315,-99,-490,-775,-886,-797,-524,-126,305,679,911,932,741,380,-70,-518,-860,0,0
61689,mtk,MTK 7916,863925668,rx2-tx1,512,0,0,0,-254,158,547,819,920,830,569,183,-249,-630,-880,-949,-821,-526,-119,317,685,903,936,773,453,38,-382,-718,-896,-890,-702,-365,49,445,737,867,811,587,240,-152,-506,-742,-811,-702,-441,-80,292,587,748,743,567,256,-112,-452,-688,-773,-685,-441,-95,276,589,779,799,636,326,-57,-428,-708,-833,-777,-553,-206,196,562,802,865,736,446,59,-352,-692,-883,-882,-684,-335,92,513,834,978,912,655,253,-210,-636,-933,-1042,-933,-633,-198,281,707,988,1073,932,602,157,-322,-743,-1007,-1060,-900,-563,-119,352,751,989,1023,850,508,77,-361,-726,-946,-965,-783,-451,-47,357,681,0,849,676,373,4,-349,-615,-743,-712,-532,-245,86,381,577,640,570,379,106,-184,-420,-553,-553,-432,-217,45,292,465,533,470,296,58,-195,-414,-532,-513,-378,-154,120,377,557,623,546,339,50,-268,-541,-711,-740,-614,-344,11,376,677,849,853,682,372,-26,-429,-756,-937,-935,-747,-408,22,457,810,1003,1003,811,460,20,-429,-802,-1022,-1048,-878,-541,-105,350,733,982,1043,915,627,226,-209,-592,-855,-954,-874,-645,-310,70,421,679,806,783,619,349,24,-286,-527,-660,-672,-561,-354,-91,169,389,535,582,526,391,200,-9,-203,-356,-446,-464,-417,-320,-196,-65,52,150,0,0,0,0,0,346,311,230,103,-55,-221,-374,-487,-531,-492,-373,-190,36,261,441,551,573,490,315,78,-174,-409,-570,-618,-556,-385,-132,157,415,596,663,606,421,146,-167,-457,-660,-733,-665,-463,-163,180,498,720,808,735,510,181,-181,-513,-751,-847,-777,-544,-194,193,542,786,876,786,535,178,-209,-559,-795,-871,-774,-518,-158,231,571,793,851,735,474,127,-252,-574,-773,-804,-672,-402,-48,311,596,755,750,583,295,-54,-394,-645,-760,-708,-509,-199,153,476,696,772,683,448,123,-234,-536,-721,-759,-644,-393,-60,287,568,731,736,585,305,-28,-355,-613,-736,-693,-510,-221,123,441,0,743,667,445,130,-210,-508,-693,-728,-611,-365,-39,294,561,703,688,527,245,-92,-402,-627,-716,-637,-417,-102,241,536,720,749,608,327,-34,-393,-675,-815,-782,-578,-248,144,513,779,875,787,537,172,-236,-596,-827,-885,-758,-467,-70,334,666,864,873,690,360,-52,-447,-741,-872,-821,-592,-232,184,552,807,889,771,482,88,-328,-675,-879,-888,-708,-375,39,452,765,915,869,638,262,-176,-571,-845,-946,-844,-563,-164,279,659,896,944,801,488,74,-353,-704,-904,-906,-719,-384,30,435,738,883,839,618,267,-143,-520,-775,-860,-759,-498,-124,276,610,809,831,678,381,-5,0,0,0,0,0,-857,-884,-730,-417,-4,412,743,918,908,717,366,-68,-485,-801,-954,-906,-665,-291,139,538,822,936,855,596,214,-206,-580,-829,-898,-772,-488,-105,294,623,808,820,656,347,-37,-402,-666,-779,-726,-503,-166,201,517,725,766,629,350,-8,-365,-646,-784,-748,-542,-212,169,515,757,823,711,441,68,-326,-645,-827,-833,-654,-326,79,468,756,880,815,572,197,-229,-612,-868,-940,-805,-496,-75,373,753,978,992,802,449,-5,-468,-837,-1039,-1029,-807,-413,65,529,887,1062,1025,777,369,-105,-553,-896,-1049,-989,-732,-328,143,575,878,1004,937,677,284,-154,-544,-820,-930,-844,-588,0,166,512,737,807,712,469,139,-201,-481,-650,-672,-549,-311,-19,272,496,602,570,410,168,-104,-349,-508,-548,-457,-260,-6,239,429,522,493,344,109,-158,-390,-536,-563,-457,-232,51,333,556,674,641,469,183,-158,-485,-720,-817,-745,-520,-179,211,572,825,919,826,569,196,-240,-630,-895,-992,-902,-622,-219,232,646,935,1052,968,692,282,-179,-611,-926,-1060,-1002,-766,-387,58,486,822,995,978,785,464,71,-323,-646,-844,-881,-751,-490,-155,190,483,678,742,668,478,206,-93,-353,-541,-625,-594,-462,-263,-26,208,393,503,530,472,346,182,11,-145,-269,-342,-358,-329,-268,0,0,0,0,0,115,240,352,433,466,436,338,179,-18,-224,-402,-523,-560,-500,-357,-151,88,321,499,588,568,443,231,-34,-293,-501,-625,-626,-503,-277,10,300,539,676,683,552,310,-7,-331,-596,-748,-750,-609,-340,3,352,639,810,819,666,379,9,-368,-665,-838,-848,-681,-379,1,381,691,861,855,671,360,-24,-402,-701,-859,-842,-657,-335,53,420,696,835,798,592,267,-105,-452,-695,-789,-722,-498,-171,186,500,708,768,664,410,76,-270,-563,-740,-754,-610,-331,17,356,618,757,743,561,261,-85,-413,-659,-763,-711,-507,-191,159,470,676,746,655,423,96,-251,-538,-712,-736,-601,0,-7,324,586,727,713,541,250,-90,-401,-627,-721,-657,-451,-152,183,477,665,707,586,333,9,-322,-588,-720,-692,-506,-203,152,477,708,790,705,456,102,-277,-600,-808,-847,-701,-398,-11,380,691,861,854,664,325,-82,-470,-760,-889,-827,-589,-228,186,564,813,886,770,481,87,-328,-667,-861,-869,-690,-360,49,450,755,892,838,601,230,-194,-576,-832,-913,-801,-509,-106,320,678,892,916,743,413,-5,-428,-765,-936,-909,-696,-335,101,514,815,943,873,618,235,-191,-577,-834,-907,-798,-519,-122,291,633,838,860,698,389,-1,-392,-699,-847,-808,-592,-248,146,505,767,868,0,0
61690,mtk,MTK 7916,863961838,rx0-tx0,512,-330,-892,-835,-870,-844,-756,-613,-451,-256,-43,171,366,548,698,796,860,875,835,759,640,483,292,97,-109,-313,-488,-644,-774,-861,-895,-885,-825,-717,-568,-378,-167,51,272,481,670,815,912,960,947,882,762,597,398,171,-67,-288,-491,-682,-825,-904,-944,-931,-860,-741,-578,-386,-186,33,248,443,615,752,844,887,892,850,762,620,445,247,36,-177,-383,-575,-722,-826,-893,-901,-858,-768,-629,-448,-249,-28,191,391,563,699,804,847,853,799,696,559,384,205,12,-180,-353,-499,-618,-700,-745,-741,-693,-609,-498,-361,-210,-49,113,270,409,517,599,644,656,631,568,486,375,244,100,-26,-188,-337,-455,-555,-609,-635,-637,-594,-515,-414,-283,-126,22,175,331,460,560,638,668,661,611,515,404,263,108,-59,-221,-373,-491,-576,-631,-659,-632,-575,-482,-350,-206,-56,99,245,372,485,564,623,637,602,548,458,329,194,48,-110,-270,-409,-513,-609,-647,-647,-603,-523,-401,-251,-89,82,245,391,511,595,630,616,554,453,323,171,16,-141,-274,-373,-442,-471,-451,-404,-335,-250,-152,-62,28,103,165,209,235,242,220,202,170,136,99,61,28,-2,-25,-47,-68,-82,-95,-109,-110,-113,-116,-117,-105,-80,-56,-32,8,48,84,122,141,142,131,102,57,5,-34,-586,-758,510,-104,-400,-107,-179,-237,-261,-254,-220,-161,-79,23,113,190,262,315,330,330,324,269,208,123,30,-67,-164,-253,-361,-419,-444,-452,-433,-406,-324,-217,-96,18,155,312,444,562,650,673,663,601,502,330,155,-38,-246,-456,-627,-780,-878,-925,-898,-804,-656,-438,-193,64,325,572,788,952,1057,1089,1051,934,736,502,230,-79,-362,-627,-852,-1021,-1126,-1140,-1090,-978,-792,-551,-283,5,300,564,785,957,1080,1134,1104,1012,854,647,406,136,-137,-414,-653,-850,-990,-1075,-1103,-1053,-930,-751,-537,-296,-37,241,488,712,883,1004,1056,1051,984,848,667,438,184,-65,-323,-548,-739,-889,-971,-998,301,-882,-747,-577,-381,-157,65,276,482,659,798,893,943,939,881,782,637,451,239,8,-225,-448,-642,-819,-939,-996,-1012,-964,-848,-686,-485,-256,-13,224,455,657,828,946,1002,1006,965,862,718,533,318,84,-156,-392,-614,-792,-933,-1025,-1056,-1025,-934,-792,-616,-397,-148,110,365,601,797,956,1061,1109,1091,998,854,664,419,149,-124,-388,-632,-837,-991,-1074,-1103,-1065,-953,-801,-600,-357,-113,148,383,600,782,907,987,1013,985,899,756,581,367,133,-96,-319,-522,-681,-815,-910,-948,-926,-861,-749,-588,-406,-195,32,248,454,628,763,856,905,898,845,750,595,417,221,4,-214,726,491,-82,55,316,75,277,479,639,770,858,894,869,801,691,538,355,163,-44,-245,-428,-595,-731,-825,-868,-872,-821,-727,-607,-444,-246,-38,171,383,564,725,843,907,936,898,810,678,501,301,72,-167,-395,-596,-759,-883,-955,-962,-907,-814,-672,-483,-274,-60,165,381,569,726,834,896,919,878,796,673,512,321,115,-96,-307,-502,-664,-781,-858,-897,-883,-823,-709,-545,-360,-151,69,278,473,648,780,861,897,869,791,666,506,318,114,-82,-282,-456,-606,-716,-778,-804,-775,-695,-584,-448,-288,-119,63,235,384,512,608,668,699,683,631,545,433,301,147,-7,-165,-302,-423,-528,-596,-632,628,-611,-547,-449,-327,-186,-48,107,259,384,493,588,640,654,641,581,478,351,206,44,-117,-279,-415,-524,-607,-654,-662,-629,-546,-437,-306,-167,-5,159,299,440,544,606,634,627,585,507,404,278,138,-31,-181,-313,-441,-533,-594,-628,-625,-584,-490,-384,-244,-81,78,236,382,515,604,647,648,602,511,385,230,53,-117,-274,-405,-498,-555,-567,-532,-452,-355,-232,-97,35,146,236,305,336,342,331,292,242,176,111,43,-8,-52,-89,-117,-138,-147,-146,-137,-123,-113,-98,-83,-70,-47,-20,4,26,50,78,104,117,132,141,129,114,82,34,-12,-57,-99,-127,-127,-112,-656,-453,-82,-1008,-929,-175,-147,-80,10,98,184,250,299,313,300,263,201,111,13,-58,-160,-244,-299,-350,-378,-389,-360,-329,-271,-174,-83,31,145,250,353,440,495,532,551,520,418,300,143,-25,-213,-400,-576,-701,-757,-791,-774,-699,-579,-418,-203,35,286,504,716,896,992,1024,982,877,705,482,216,-62,-343,-616,-837,-998,-1111,-1138,-1078,-961,-772,-535,-248,54,332,604,833,1003,1111,1147,1109,994,814,598,334,49,-235,-499,-733,-917,-1049,-1100,-1096,-1034,-895,-708,-471,-221,51,327,579,788,946,1044,1092,1058,959,811,610,374,117,-146,-405,-635,-823,-956,-1024,-1033,-983,-864,-708,-503,-269,-32,-176,424,619,773,883,949,944,902,811,672,501,302,95,-131,-344,-540,-718,-855,-944,-982,-960,-885,-763,-587,-361,-133,105,350,570,754,893,986,1013,986,906,772,598,385,154,-78,-313,-533,-716,-873,-980,-1027,-1016,-957,-833,-667,-471,-238,6,259,497,697,863,992,1066,1081,1027,906,737,525,284,20,-248,-503,-716,-905,-1045,-1116,-1119,-1054,-926,-742,-511,-255,8,282,524,727,899,1003,1053,1045,975,856,678,470,242,6,-234,-461,-651,-803,-915,-966,-967,-919,-811,-663,-492,-284,-52,173,389,580,729,841,908,926,889,803,669,501,315,106,-112,-316,-515,-683,-800,-876,-903,-877,-684,-872
61691,mtk,MTK 7916,863961838,rx0-tx1,512,-686,517,267,-433,-303,-157,-7,139,280,402,500,566,594,592,554,487,388,281,166,31,-103,-223,-328,-410,-470,-509,-522,-506,-470,-408,-328,-236,-137,-22,95,204,307,400,469,523,550,545,515,460,375,266,137,4,-136,-275,-403,-506,-594,-644,-658,-639,-573,-479,-353,-198,-38,131,294,435,563,661,714,719,691,629,516,372,219,42,-131,-300,-456,-582,-673,-728,-736,-702,-628,-519,-377,-211,-38,138,312,458,580,660,704,715,686,617,513,368,211,52,-123,-284,-429,-553,-637,-683,-691,-665,-595,-490,-360,-214,-62,96,254,388,508,599,649,669,646,583,490,366,226,72,-90,-248,-38,-506,-597,-648,-669,-649,-588,-498,-377,-233,-69,98,255,404,535,628,679,699,670,599,494,359,201,25,-155,-320,-462,-586,-669,-705,-696,-647,-561,-436,-284,-112,66,236,383,503,594,653,668,641,578,479,353,209,55,-104,-257,-397,-505,-582,-623,-622,-598,-533,-433,-302,-158,-18,136,285,406,504,579,612,603,559,486,379,240,89,-64,-217,-360,-473,-552,-603,-601,-555,-474,-356,-219,-71,85,227,350,447,499,520,506,457,377,274,150,19,-110,-220,-312,-383,-419,-424,-401,-348,-263,-163,-52,57,161,253,316,352,355,316,251,165,62,-49,-147,-220,-252,-248,-210,-143,854,816,0,585,313,-117,-84,-27,39,104,164,202,222,212,182,140,74,2,-68,-133,-183,-215,-245,-255,-230,-191,-142,-83,-8,61,120,166,201,226,234,223,193,154,116,66,4,-45,-80,-119,-142,-167,-176,-179,-179,-166,-147,-124,-95,-65,-27,12,49,109,153,183,216,234,245,240,215,177,112,44,-20,-86,-151,-205,-252,-283,-295,-282,-253,-213,-164,-101,-36,19,82,146,198,238,276,288,288,280,257,221,171,106,26,-49,-119,-196,-264,-314,-350,-367,-360,-336,-278,-206,-124,-26,72,166,251,321,373,411,411,384,342,282,207,110,8,-96,-190,-276,-348,-394,-426,-439,-412,-365,-48,-219,-118,-19,84,180,273,356,415,456,468,456,418,353,263,159,44,-79,-203,-312,-409,-482,-521,-535,-503,-454,-380,-275,-151,-24,109,228,332,416,485,517,531,513,463,385,287,189,75,-49,-168,-282,-386,-465,-525,-555,-552,-531,-471,-384,-278,-153,-15,125,258,384,491,570,621,645,619,562,479,356,205,52,-117,-283,-423,-554,-650,-702,-719,-676,-606,-503,-360,-199,-17,157,323,475,592,675,717,713,667,583,467,327,166,-4,-173,-325,-458,-567,-638,-672,-674,-635,-559,-457,-327,-180,-19,140,293,425,537,621,659,664,634,556,453,329,180,15,-138,-287,-420,-530,549,722,9,-727,-857,471,559,615,635,618,560,470,357,225,81,-64,-203,-324,-422,-485,-538,-561,-542,-502,-434,-343,-241,-128,-11,100,211,310,391,452,496,519,511,483,431,352,253,144,24,-98,-216,-332,-440,-526,-579,-603,-599,-561,-481,-374,-247,-98,53,209,357,485,591,663,692,690,642,557,445,295,124,-48,-214,-381,-530,-631,-700,-734,-716,-666,-574,-443,-297,-125,51,223,384,521,632,702,733,724,669,569,440,288,125,-43,-212,-368,-506,-612,-669,-702,-694,-644,-560,-437,-290,-131,28,186,341,472,575,645,675,672,622,535,432,298,149,-8,-170,-312,-443,-547,-622,-661,-663,-624,634,-449,-309,-155,5,172,320,451,556,632,673,668,629,557,443,301,142,-28,-206,-365,-499,-609,-683,-716,-700,-633,-534,-409,-242,-67,109,276,426,549,640,686,691,648,570,456,320,160,-7,-169,-318,-452,-555,-623,-651,-638,-589,-504,-387,-252,-95,50,189,325,441,534,587,612,603,546,457,350,215,59,-97,-239,-370,-486,-568,-606,-606,-571,-498,-382,-249,-94,72,220,357,466,536,574,568,517,436,316,183,43,-100,-226,-332,-413,-463,-477,-455,-399,-325,-221,-102,11,121,226,310,365,392,382,349,279,188,85,-33,-142,-228,-292,-323,-313,-263,-187,-88,6,96,157,-28,-292,0,461,675,100,148,176,182,170,128,72,2,-71,-134,-189,-224,-233,-222,-197,-152,-103,-48,28,102,160,201,240,260,255,230,183,126,67,5,-59,-116,-155,-183,-205,-207,-196,-179,-156,-122,-86,-40,-8,30,66,101,130,156,173,187,188,196,186,152,118,79,25,-31,-93,-150,-203,-246,-267,-272,-270,-244,-198,-136,-72,-5,62,126,182,226,262,273,274,266,240,203,162,103,33,-27,-91,-153,-208,-261,-307,-329,-326,-314,-283,-230,-160,-82,4,95,184,266,322,367,393,390,366,319,250,169,73,-39,-136,-226,-302,-363,-408,-423,-414,-380,-323,-244,-158,-67,42,149,233,-1135,380,423,442,435,403,354,283,196,92,-22,-133,-241,-337,-414,-469,-501,-506,-474,-415,-331,-219,-100,31,162,276,381,465,512,535,528,485,419,330,217,93,-27,-151,-263,-365,-438,-492,-532,-540,-516,-465,-387,-288,-177,-48,74,203,325,428,508,569,597,588,550,482,382,255,118,-33,-188,-326,-456,-570,-638,-673,-679,-627,-546,-438,-290,-131,46,225,376,519,624,696,728,710,655,554,420,263,90,-87,-256,-407,-532,-627,-681,-696,-672,-606,-515,-398,-251,-90,74,236,375,495,589,650,670,652,600,510,399,254,98,-56,-217,-364,-482,-576,-643,-664,-644,-591,-504,-388,-519,-213
61692,mtk,MTK 7916,863961838,rx1-tx0,512,0,164,-113,307,437,544,626,678,695,672,611,519,386,234,64,-110,-287,-455,-601,-717,-792,-825,-811,-751,-649,-498,-313,-107,118,332,542,726,869,961,989,953,871,727,533,293,42,-211,-461,-693,-876,-1008,-1078,-1088,-1030,-895,-699,-475,-219,57,330,573,767,928,1032,1066,1045,955,802,620,408,161,-85,-332,-542,-724,-872,-962,-995,-975,-900,-778,-617,-413,-186,49,276,495,670,825,928,976,971,904,780,608,403,177,-46,-278,-499,-677,-810,-902,-938,-919,-849,-719,-553,-352,-138,80,295,490,664,783,847,864,826,746,620,451,270,79,-117,-299,-458,-584,-670,-717,-728,-690,-609,-511,-277,-238,-70,83,232,367,465,542,597,610,591,543,471,382,268,136,4,-124,-249,-359,-449,-526,-569,-581,-561,-509,-430,-334,-215,-81,51,177,301,413,491,547,585,590,557,498,411,303,181,37,-109,-253,-380,-497,-594,-656,-673,-669,-620,-524,-404,-260,-89,93,285,467,619,739,822,840,805,726,575,386,176,-58,-301,-528,-702,-831,-911,-923,-865,-739,-566,-349,-109,128,349,550,697,793,830,812,737,604,438,261,63,-140,-319,-463,-567,-643,-672,-638,-571,-472,-336,-177,-17,131,278,395,485,537,547,517,437,324,194,49,-97,-238,-357,-429,-452,-417,-333,-215,-75,40,562,551,0,-675,-515,9,41,69,95,113,116,106,85,43,7,-15,-56,-104,-130,-135,-181,-158,-127,-125,-96,-63,8,16,60,106,117,133,143,147,133,123,95,67,54,29,-43,-102,-136,-192,-229,-251,-260,-242,-246,-214,-149,-69,-1,102,191,293,338,391,442,428,389,332,224,102,-28,-155,-284,-401,-482,-537,-553,-524,-460,-359,-236,-80,72,212,336,450,538,572,569,530,452,348,225,90,-53,-196,-320,-421,-488,-522,-528,-490,-424,-334,-217,-103,19,126,225,316,374,403,417,396,362,317,257,188,111,37,-34,-107,-177,-240,-292,-323,-350,-370,-363,-336,-292,-238,-162,-72,22,124,489,314,382,442,480,489,457,403,327,223,109,-20,-150,-270,-375,-467,-533,-569,-565,-533,-474,-384,-265,-117,28,170,314,441,535,607,644,640,610,531,411,278,127,-33,-198,-344,-482,-597,-665,-701,-703,-660,-569,-447,-297,-131,36,210,377,512,624,697,727,731,684,597,490,348,182,2,-176,-352,-512,-638,-730,-793,-803,-769,-698,-566,-407,-225,-14,201,400,577,725,833,884,871,811,698,546,357,139,-80,-294,-482,-638,-756,-814,-824,-780,-687,-565,-412,-244,-68,108,275,426,537,623,677,686,657,591,508,401,273,136,-7,-152,-280,-393,-489,-561,-603,-623,-602,-556,-490,-273,-533,0,570,586,577,492,387,254,102,-56,-216,-367,-504,-619,-699,-743,-747,-717,-641,-526,-374,-194,4,202,396,575,728,834,899,905,858,767,618,431,208,-42,-281,-511,-714,-880,-998,-1043,-1037,-965,-823,-621,-387,-131,137,404,649,846,983,1075,1098,1052,929,760,550,299,49,-206,-457,-670,-835,-968,-1029,-1029,-967,-847,-701,-507,-283,-51,186,413,608,772,894,965,977,943,850,711,530,303,69,-170,-388,-599,-762,-886,-946,-951,-924,-824,-670,-490,-280,-56,167,390,589,744,855,905,906,849,747,597,413,207,-3,-213,-397,-559,-685,-763,-801,-792,-726,-623,-488,-325,-156,22,200,346,464,315,635,661,650,613,528,420,307,175,32,-105,-237,-346,-446,-527,-573,-584,-568,-521,-449,-356,-245,-114,17,150,273,379,470,540,571,569,546,500,414,303,188,63,-74,-209,-333,-442,-523,-584,-612,-618,-579,-512,-420,-300,-148,5,162,327,474,595,696,752,759,724,633,504,350,147,-74,-280,-485,-669,-795,-876,-897,-863,-754,-593,-394,-162,89,337,551,727,848,901,883,812,683,503,296,69,-150,-349,-515,-629,-712,-751,-727,-653,-530,-386,-221,-38,135,282,417,524,584,598,578,508,404,275,136,-12,-164,-300,-404,-471,-500,-487,-427,-321,-182,-27,117,234,315,342,313,-88,188,0,-178,-478,83,83,73,49,10,-25,-63,-99,-128,-139,-134,-134,-106,-59,-49,-4,63,59,91,130,154,153,156,194,162,117,67,26,3,-55,-106,-154,-165,-180,-198,-206,-195,-183,-162,-97,-33,45,95,154,224,283,313,357,364,336,276,184,130,-7,-147,-243,-346,-433,-489,-502,-481,-433,-348,-237,-104,48,193,326,431,515,564,560,526,461,363,231,80,-63,-209,-346,-448,-522,-555,-554,-515,-443,-342,-218,-94,41,168,278,372,436,469,474,446,403,331,230,133,32,-66,-139,-217,-280,-323,-349,-353,-346,-330,-295,-255,-199,-133,-65,14,98,176,246,317,376,408,421,412,-571,324,247,157,49,-72,-191,-298,-392,-461,-506,-531,-519,-468,-396,-301,-185,-52,92,227,356,465,550,599,606,592,545,453,336,205,46,-108,-260,-408,-522,-604,-661,-680,-657,-588,-496,-361,-210,-46,122,288,438,556,652,704,720,699,631,525,394,230,63,-107,-283,-435,-560,-666,-737,-758,-746,-692,-597,-461,-309,-131,66,255,450,610,725,812,859,840,774,657,497,304,79,-139,-350,-546,-694,-809,-864,-864,-814,-710,-570,-388,-185,18,224,396,540,654,719,745,729,676,579,454,317,161,3,-154,-291,-406,-504,-575,-615,-632,-613,-560,-481,-380,-260,-125,16,162,283,399,628,434
61693,mtk,MTK 7916,863961838,rx1-tx1,512,0,0,0,-469,-133,255,578,736,690,449,76,-322,-628,-753,-671,-404,-30,358,638,730,615,327,-54,-413,-643,-675,-511,-205,154,474,648,621,409,71,-276,-547,-657,-571,-310,44,378,598,646,489,179,-177,-485,-659,-635,-413,-62,307,596,714,621,342,-44,-419,-674,-743,-602,-276,128,498,729,754,561,208,-206,-556,-745,-713,-483,-125,271,586,731,655,392,23,-350,-612,-693,-575,-286,83,421,636,675,510,194,-177,-497,-671,-644,-431,-112,238,526,662,602,375,44,-292,-531,-626,-541,-307,14,321,528,577,470,236,-64,-332,-500,-522,-397,-169,96,326,459,452,309,90,-135,-301,0,-328,-186,-4,167,282,294,203,52,-108,-223,-258,-208,-83,81,228,304,279,158,-22,-207,-337,-370,-284,-108,116,325,446,440,300,62,-204,-433,-549,-509,-327,-45,269,519,624,558,335,17,-323,-592,-701,-604,-346,13,382,654,751,632,336,-52,-425,-686,-770,-641,-330,70,456,735,802,648,319,-89,-485,-759,-822,-665,-343,78,484,759,827,685,370,-41,-446,-731,-816,-685,-382,7,383,643,734,645,391,40,-307,-560,-662,-595,-379,-77,232,464,568,528,355,98,-170,-380,-489,-468,-327,-118,106,296,411,416,319,160,-27,-198,-314,-355,-321,-224,-98,32,138,203,224,0,0,0,0,0,237,357,416,399,305,130,-102,-337,-515,-590,-546,-378,-116,199,473,641,678,551,286,-66,-411,-671,-753,-664,-383,6,381,662,785,687,425,65,-308,-621,-790,-729,-468,-71,358,683,809,707,429,21,-396,-727,-872,-758,-419,43,486,801,909,775,417,-57,-502,-814,-919,-766,-388,93,547,850,915,727,338,-151,-600,-878,-901,-673,-258,232,658,901,887,614,174,-322,-729,-925,-849,-534,-59,426,790,937,816,451,-45,-536,-869,-954,-774,-360,170,653,952,987,733,262,-292,-767,-1038,-1017,-713,-202,378,862,1103,1041,689,151,-449,-932,-1148,-1044,-667,-105,489,951,1142,1013,594,0,-574,-980,-1113,-940,-500,95,657,1027,1105,868,381,-223,-757,-1070,-1080,-786,-259,347,863,1136,1085,719,147,-462,-950,-1182,-1075,-656,-47,571,1025,1202,1036,572,-42,-638,-1056,-1177,-967,-480,138,704,1065,1115,855,357,-240,-757,-1032,-1012,-701,-190,363,802,995,890,519,0,-515,-870,-964,-777,-348,195,684,965,963,684,204,-356,-821,-1044,-977,-635,-101,468,899,1080,957,562,13,-535,-920,-1048,-893,-486,53,560,901,991,803,396,-109,-564,-847,-887,-677,-290,162,547,758,742,510,142,-252,-547,-668,-591,-341,16,351,567,597,443,149,-183,-455,-584,-537,-316,15,342,564,626,500,0,0,0,0,0,-536,-709,-688,-464,-99,290,597,744,688,429,46,-338,-624,-742,-653,-370,18,384,634,705,567,264,-113,-449,-647,-653,-467,-143,218,511,647,586,352,15,-334,-582,-653,-526,-242,119,443,636,639,457,130,-240,-546,-688,-628,-382,-21,355,632,729,605,305,-89,-466,-710,-744,-573,-243,171,538,745,744,530,167,-234,-570,-736,-680,-437,-73,310,598,707,619,345,-30,-386,-628,-686,-544,-247,124,459,654,657,474,156,-205,-504,-660,-630,-420,-84,266,532,640,572,335,15,-308,-535,-611,-510,-266,39,324,518,559,440,200,-88,-341,-482,-485,-355,-136,113,321,421,396,267,0,-150,-289,-331,-271,-125,50,199,272,250,142,-10,-166,-266,-276,-177,-17,152,284,333,277,129,-77,-278,-402,-414,-302,-85,170,385,505,486,316,55,-239,-480,-598,-540,-327,-19,312,568,666,579,338,-2,-355,-629,-721,-615,-342,30,408,677,760,630,326,-65,-445,-715,-793,-650,-323,90,480,746,822,667,333,-88,-490,-761,-834,-683,-348,73,465,736,821,691,376,-28,-414,-692,-784,-668,-388,-22,342,609,708,622,381,50,-273,-512,-622,-572,-372,-88,207,429,534,495,337,104,-142,-341,-448,-443,-332,-140,71,255,367,390,326,194,31,-124,-240,-300,-295,-233,-141,-38,0,0,0,0,0,-245,-137,18,199,370,496,531,455,266,9,-271,-509,-641,-631,-479,-207,123,442,654,714,612,366,-5,-388,-657,-746,-673,-439,-72,323,614,753,708,456,68,-342,-661,-808,-735,-454,-44,390,704,831,755,461,10,-460,-775,-890,-768,-435,22,480,807,907,766,418,-56,-519,-841,-929,-755,-366,119,562,854,917,720,307,-187,-614,-875,-887,-643,-218,269,685,904,864,578,117,-374,-756,-925,-836,-497,-17,473,829,947,779,394,-111,-598,-913,-967,-751,-306,238,717,996,990,709,230,-329,-814,-1078,-1042,-711,-177,414,894,1125,1046,678,117,-479,-938,-1137,-1024,-632,-64,529,981,0,991,547,-40,-614,-1013,-1121,-898,-428,154,700,1051,1093,820,314,-286,-811,-1104,-1083,-746,-196,418,922,1167,1081,691,98,-534,-1003,-1190,-1051,-616,-3,609,1053,1197,1004,536,-73,-675,-1076,-1159,-915,-427,184,730,1056,1074,787,285,-287,-760,-1004,-950,-616,-103,430,825,975,830,426,-103,-598,-925,-977,-726,-265,278,748,1003,968,653,141,-418,-859,-1055,-958,-593,-58,500,924,1078,924,520,-18,-546,-919,-1028,-851,-446,76,560,882,942,743,347,-134,-561,-806,-810,-591,-216,209,556,720,665,424,72,-291,-554,-633,-520,-247,94,398,572,563,368,65,-261,-510,-605,-507,-256,80,400,0,0
61694,mtk,MTK 7916,863961838,rx2-tx0,512,0,0,0,-798,-261,363,907,1204,1155,767,148,-522,-1057,-1305,-1179,-704,-31,659,1170,1354,1155,623,-97,-794,-1263,-1368,-1085,-494,242,911,1324,1350,990,344,-400,-1026,-1357,-1294,-857,-175,553,1122,1360,1197,685,-16,-716,-1211,-1340,-1073,-497,218,876,1271,1287,928,298,-418,-1010,-1301,-1216,-770,-105,589,1113,1298,1095,578,-112,-763,-1178,-1243,-934,-353,327,905,1212,1149,745,122,-540,-1039,-1212,-1031,-538,119,748,1152,1214,904,322,-362,-939,-1238,-1171,-760,-115,575,1102,1307,1130,617,-86,-771,-1230,-1330,-1052,-469,269,940,1338,1354,980,319,-439,-1076,-1411,-1344,-886,-179,584,1186,1448,1296,777,34,-720,-1259,0,-1224,-648,108,833,1325,1434,1126,500,-264,-955,-1370,-1390,-1012,-343,423,1075,1423,1361,904,190,-582,-1199,-1474,-1322,-795,-39,738,1303,1493,1270,684,-104,-869,-1395,-1529,-1233,-589,223,979,1460,1528,1167,471,-353,-1074,-1497,-1509,-1097,-374,446,1144,1523,1472,1018,285,-525,-1189,-1518,-1418,-919,-176,610,1221,1483,1338,816,79,-672,-1235,-1462,-1284,-751,-13,721,1249,1437,1236,704,-11,-708,-1203,-1376,-1184,-684,-13,646,1117,1283,1106,647,41,-554,-992,-1162,-1022,-624,-87,449,855,1023,919,587,122,-354,-716,-886,-827,-566,-178,236,573,757,757,585,286,-61,-369,-574,-648,-589,-418,-190,41,224,334,0,0,0,0,0,-117,72,282,472,590,598,477,235,-86,-413,-667,-783,-725,-488,-119,299,657,866,866,645,251,-215,-652,-936,-996,-781,-350,176,674,1019,1094,872,421,-167,-731,-1105,-1196,-971,-467,171,770,1186,1293,1049,508,-174,-818,-1255,-1351,-1080,-511,203,874,1317,1406,1106,513,-220,-909,-1351,-1424,-1100,-475,271,940,1354,1397,1064,433,-314,-968,-1343,-1343,-975,-349,362,968,1296,1252,858,236,-441,-979,-1230,-1127,-712,-99,524,988,1156,989,540,-57,-629,-1003,-1077,-839,-356,233,748,1032,1002,675,156,-412,-862,-1050,-927,-534,26,586,974,1075,871,402,-195,-734,-1057,-1088,-809,-279,336,854,1129,1082,0,133,-478,-955,-1163,-1034,-596,15,630,1057,1178,962,461,-183,-773,-1145,-1184,-870,-294,370,934,1234,1177,768,139,-534,-1070,-1306,-1163,-668,18,696,1190,1350,1112,553,-161,-833,-1271,-1349,-1032,-418,307,941,1309,1301,907,257,-458,-1036,-1314,-1207,-752,-86,596,1099,1276,1078,561,-106,-738,-1150,-1223,-929,-375,288,865,1178,1141,772,176,-469,-964,-1175,-1042,-603,3,601,1018,1128,905,429,-168,-706,-1022,-1042,-756,-246,323,781,1007,920,563,46,-469,-829,-936,-753,-343,156,602,863,848,575,127,-364,-738,-882,-751,-391,98,563,854,882,644,200,-316,-738,-948,-872,-522,-7,518,904,1025,836,0,0,0,0,0,-839,-1140,-1125,-788,-210,449,996,1255,1153,729,95,-590,-1122,-1337,-1167,-664,33,726,1216,1358,1117,558,-166,-848,-1288,-1358,-1043,-424,318,969,1335,1324,932,271,-471,-1074,-1363,-1249,-775,-82,633,1168,1359,1144,599,-118,-800,-1244,-1320,-1008,-404,317,945,1296,1261,850,198,-508,-1060,-1296,-1153,-673,6,676,1141,1269,1024,473,-215,-832,-1197,-1200,-843,-237,436,969,1214,1092,643,-3,-641,-1092,-1216,-975,-435,241,847,1205,1202,835,218,-464,-1015,-1274,-1159,-690,-5,677,1165,1321,1095,540,-182,-860,-1295,-1354,-1020,-384,363,1009,1377,1357,943,253,-509,-1131,-1430,-1322,-836,-110,644,1224,1461,1269,714,0,-787,-1301,-1445,-1179,-582,183,897,1347,1407,1067,424,-342,-1015,-1392,-1369,-954,-264,511,1142,1449,1339,842,103,-670,-1258,-1491,-1299,-738,34,802,1355,1521,1254,633,-171,-931,-1430,-1531,-1202,-535,290,1034,1484,1522,1135,426,-404,-1114,-1512,-1497,-1060,-325,501,1171,1520,1446,973,233,-568,-1205,-1500,-1374,-873,-127,651,1233,1474,1307,788,50,-696,-1251,-1450,-1252,-716,6,717,1227,1408,1213,693,-4,-687,-1174,-1344,-1158,-671,-26,605,1059,1224,1068,643,70,-500,-923,-1090,-972,-608,-97,404,783,953,875,575,148,-301,-653,-828,-793,-571,-227,156,485,683,717,598,363,71,-210,-419,-525,-517,-421,-265,0,0,0,0,0,-403,-468,-439,-305,-80,189,450,645,715,623,379,28,-358,-666,-828,-801,-572,-185,264,666,902,911,704,305,-202,-678,-981,-1037,-825,-381,180,708,1061,1144,934,448,-169,-754,-1147,-1245,-1021,-514,165,802,1224,1321,1065,529,-169,-827,-1265,-1372,-1109,-535,202,892,1337,1408,1104,497,-253,-927,-1352,-1408,-1084,-467,287,959,1352,1375,1023,392,-344,-972,-1323,-1307,-926,-299,396,976,1269,1195,785,167,-485,-981,-1196,-1066,-634,-30,568,989,1116,915,449,-147,-690,-1015,-1036,-757,-256,321,799,1034,961,603,65,-501,-927,-1074,-903,-468,113,663,1027,1096,835,335,-261,-792,-1103,-1094,-767,-215,404,0,1160,1063,660,59,-558,-1014,-1175,-997,-529,94,702,1107,1188,920,375,-278,-856,-1194,-1183,-827,-223,454,1008,1273,1168,724,60,-628,-1137,-1324,-1137,-614,90,774,1236,1346,1067,488,-242,-901,-1299,-1320,-971,-340,387,1000,1317,1257,840,182,-525,-1069,-1296,-1146,-665,13,674,1129,1252,1005,464,-203,-803,-1171,-1189,-864,-281,382,925,1189,1101,691,91,-529,-993,-1159,-981,-516,94,663,1030,1088,827,336,-248,-754,-1023,-983,-659,-146,398,811,966,832,454,-51,-534,-843,-890,-668,-237,267,683,876,800,484,17,-466,-799,-884,-698,-293,206,649,900,876,578,98,-419,-823,-988,-855,-462,85,618,0,0
61695,mtk,MTK 7916,863961838,rx2-tx1,512,0,0,0,219,-375,-876,-1128,-1061,-686,-110,497,972,1175,1047,616,3,-604,-1037,-1187,-992,-511,105,689,1076,1156,909,405,-214,-763,-1088,-1097,-789,-266,324,813,1060,994,640,105,-447,-855,-1006,-854,-445,91,584,899,942,687,225,-298,-732,-944,-867,-525,-16,505,870,978,798,369,-186,-683,-972,-977,-699,-202,363,822,1037,948,573,21,-544,-959,-1091,-892,-422,172,719,1073,1115,818,270,-368,-908,-1188,-1130,-748,-132,538,1063,1290,1155,691,30,-647,-1152,-1337,-1145,-635,55,732,1202,1332,1087,544,-146,-793,-1219,-1303,-1028,-470,209,831,1222,1262,957,397,-259,-840,-1177,-1180,-862,-318,302,820,1091,0,724,230,-322,-768,-973,-895,-569,-100,376,723,847,725,392,-44,-445,-695,-735,-551,-204,187,508,678,634,393,32,-332,-588,-649,-501,-200,167,486,658,614,369,2,-374,-650,-740,-604,-270,165,581,842,863,630,203,-306,-756,-1014,-988,-679,-167,397,873,1123,1072,720,158,-463,-971,-1221,-1143,-751,-145,512,1042,1288,1198,796,178,-500,-1049,-1321,-1251,-857,-238,443,1004,1301,1260,906,322,-333,-885,-1200,-1204,-907,-397,200,736,1054,1094,862,426,-105,-577,-880,-953,-788,-424,30,448,732,824,710,422,43,-324,-599,-720,-661,-453,-160,155,420,576,602,505,317,88,-129,-289,-370,-372,0,0,0,0,0,-238,-410,-521,-538,-448,-261,-3,274,516,649,646,498,231,-118,-431,-629,-709,-622,-365,14,404,709,786,651,360,-6,-412,-728,-830,-708,-421,-5,443,774,886,751,416,-58,-511,-827,-943,-795,-411,77,545,897,1044,860,422,-137,-660,-1003,-1044,-829,-427,112,642,1001,1078,849,383,-180,-693,-1019,-1059,-817,-350,221,732,1035,1046,767,276,-285,-761,-1020,-989,-682,-192,346,782,986,904,565,70,-444,-827,-964,-822,-448,52,537,861,932,738,328,-180,-642,-916,-931,-676,-221,292,721,949,898,592,121,-384,-783,-952,-847,-499,-15,477,822,923,761,383,-109,-571,-861,-905,-690,-269,0,674,899,872,599,150,-344,-736,-914,-825,-503,-31,448,784,886,734,363,-122,-571,-840,-854,-614,-189,304,714,906,828,497,5,-496,-860,-981,-814,-394,149,654,979,1029,777,288,-290,-790,-1075,-1053,-716,-176,417,887,1107,1009,619,48,-537,-957,-1100,-920,-476,112,675,1035,1089,824,323,-280,-802,-1088,-1052,-702,-141,460,926,1119,982,564,-24,-620,-1033,-1135,-906,-409,210,767,1101,1112,803,261,-363,-894,-1168,-1097,-712,-128,495,978,1181,1040,600,-10,-612,-1034,-1156,-954,-479,136,703,1058,1111,842,330,-270,-789,-1073,-1037,-698,-160,415,866,1058,935,538,-20,-573,-952,-1058,-849,-384,0,0,0,0,0,1090,1055,716,165,-438,-927,-1157,-1053,-647,-58,559,1019,1187,1016,563,-48,-648,-1061,-1173,-952,-460,156,723,1088,1131,849,331,-274,-795,-1074,-1041,-711,-184,378,825,1032,930,549,14,-515,-873,-966,-775,-342,192,663,921,900,604,124,-403,-811,-970,-832,-440,89,595,929,990,750,284,-278,-759,-1016,-973,-638,-115,455,895,1067,927,515,-61,-632,-1016,-1094,-849,-352,266,815,1135,1123,776,198,-442,-969,-1233,-1144,-714,-72,597,1104,1309,1146,660,-16,-692,-1172,-1333,-1125,-591,102,761,1214,1327,1068,516,-178,-814,-1223,-1293,-1004,-435,241,834,1189,1219,921,366,-283,-834,-1141,-1122,-804,-276,0,784,1024,973,658,170,-349,-744,-903,-802,-475,-23,417,716,793,634,289,-127,-488,-696,-692,-473,-118,257,545,659,562,287,-64,-401,-617,-632,-441,-111,267,571,701,613,322,-84,-481,-753,-807,-615,-232,239,668,928,928,656,182,-363,-820,-1069,-1029,-700,-162,436,927,1175,1110,739,156,-475,-989,-1250,-1169,-771,-157,507,1044,1307,1225,822,198,-486,-1047,-1331,-1265,-876,-275,393,950,1262,1251,922,370,-261,-804,-1129,-1155,-886,-410,148,647,968,1026,818,415,-61,-507,-804,-886,-739,-415,-4,388,672,774,685,439,102,-247,-518,-662,-645,-487,-238,40,286,449,508,471,352,192,22,0,0,0,0,0,380,265,90,-130,-365,-550,-631,-577,-397,-126,203,493,663,688,570,305,-59,-415,-665,-732,-631,-358,28,425,653,718,632,371,-29,-412,-691,-821,-747,-425,53,492,808,929,797,441,-59,-551,-892,-1000,-849,-456,78,613,953,1057,890,468,-111,-635,-967,-1063,-860,-420,144,674,1013,1071,837,370,-198,-708,-1026,-1060,-794,-309,260,745,1026,1020,725,236,-313,-764,-1000,-953,-630,-132,387,794,969,857,502,4,-492,-843,-946,-777,-386,121,598,900,937,707,274,-239,-684,-930,-905,-626,-169,341,748,942,874,549,63,-435,-809,-948,-815,-449,45,519,846,924,732,328,-165,-610,-880,0,-641,-207,283,697,913,860,553,92,-392,-766,-914,-790,-433,43,508,814,873,674,273,-216,-641,-877,-848,-558,-99,397,791,949,820,448,-70,-586,-933,-1015,-800,-344,217,722,1034,1046,752,233,-346,-839,-1092,-1034,-669,-114,469,925,1113,976,554,-32,-610,-1002,-1099,-875,-407,188,734,1063,1074,770,236,-368,-857,-1099,-1022,-640,-53,546,975,1129,953,488,-119,-693,-1067,-1128,-857,-334,288,826,1130,1111,763,188,-443,-950,-1182,-1071,-650,-50,562,1015,1180,1006,547,-68,-655,-1050,-1138,-901,-410,198,744,1065,1076,771,243,-347,-824,-1059,-984,-616,-65,496,907,1058,893,464,-103,-639,-985,0,0
61696,mtk,MTK 7916,864026321,rx0-tx0,512,-330,592,529,-896,-854,-764,-580,-368,-130,132,380,582,745,846,866,828,714,546,334,87,-160,-394,-602,-754,-858,-882,-836,-729,-552,-337,-88,181,427,640,812,906,933,884,749,553,300,20,-258,-521,-736,-896,-974,-959,-870,-705,-482,-214,68,346,593,782,900,946,911,794,626,392,139,-117,-368,-593,-766,-878,-913,-878,-767,-595,-377,-128,138,396,609,779,886,915,871,747,557,314,49,-217,-467,-676,-820,-894,-878,-799,-652,-446,-196,55,307,512,673,772,813,786,683,522,329,117,-104,-315,-496,-633,-706,-718,-677,-589,-449,-272,-81,114,305,461,575,645,663,621,527,393,244,59,-26,-298,-448,-556,-622,-643,-609,-518,-397,-226,-38,152,326,480,593,656,654,602,499,350,173,-25,-219,-394,-532,-624,-671,-654,-570,-442,-273,-73,121,306,466,578,633,644,593,494,354,180,0,-184,-356,-498,-592,-626,-618,-557,-448,-290,-109,83,264,439,562,628,656,604,500,345,144,-65,-260,-439,-571,-631,-640,-570,-440,-278,-84,109,276,414,511,531,496,410,296,155,15,-117,-236,-306,-334,-335,-291,-235,-158,-88,-13,55,104,135,156,167,161,144,120,87,62,33,-1,-31,-57,-74,-96,-116,-116,-122,-119,-96,-65,-21,27,77,120,140,150,129,87,34,-26,-60,575,707,510,166,41,59,-24,-120,-205,-261,-280,-254,-194,-103,1,102,205,278,334,335,311,271,193,89,-24,-148,-243,-334,-405,-439,-432,-387,-290,-169,-17,136,292,441,545,608,609,545,437,269,56,-177,-401,-595,-730,-813,-813,-716,-565,-331,-64,210,494,736,904,991,972,864,666,386,64,-270,-586,-845,-1025,-1112,-1070,-944,-718,-411,-68,288,610,869,1057,1131,1110,979,755,472,136,-210,-534,-804,-1007,-1115,-1123,-1021,-822,-561,-241,89,409,709,933,1068,1110,1052,909,672,378,50,-279,-581,-822,-998,-1081,-1063,-952,-765,-496,-202,119,433,695,897,1019,1047,985,830,597,323,29,-275,-547,-759,301,-977,-971,-877,-708,-484,-232,41,310,545,745,876,938,926,841,680,475,215,-65,-340,-589,-795,-943,-1003,-975,-866,-675,-438,-163,139,430,676,871,984,1016,957,837,636,376,99,-201,-480,-717,-900,-997,-1027,-974,-833,-615,-353,-61,235,522,767,955,1048,1062,998,834,605,321,13,-305,-607,-844,-1023,-1108,-1094,-993,-807,-543,-234,102,427,715,920,1068,1120,1051,899,681,419,106,-214,-501,-751,-931,-1021,-1032,-945,-793,-572,-317,-32,256,510,733,884,954,954,874,723,514,264,-9,-276,-520,-719,-859,-921,-908,-832,-670,-459,-214,46,303,538,727,847,903,878,786,621,405,165,633,427,-82,-342,-457,-8,229,471,675,805,879,879,794,650,462,220,-32,-276,-500,-673,-803,-864,-850,-774,-636,-443,-213,49,293,518,703,829,895,884,797,657,448,196,-71,-342,-583,-777,-912,-966,-932,-823,-633,-398,-112,174,443,672,847,947,963,898,754,551,302,39,-240,-477,-689,-838,-911,-906,-833,-695,-500,-262,-6,250,488,690,832,910,907,833,678,483,229,-35,-301,-544,-740,-868,-915,-890,-789,-613,-386,-120,141,380,589,754,838,852,795,664,490,272,45,-193,-412,-587,-697,-759,-755,-689,-563,-395,-193,14,214,399,545,644,682,678,604,486,330,161,-28,-212,-378,-504,-597,-651,628,-571,-462,-316,-148,29,215,370,507,606,645,634,564,451,293,107,-84,-272,-440,-569,-643,-669,-625,-535,-388,-215,-25,174,352,493,608,654,646,584,465,301,123,-62,-251,-413,-542,-616,-637,-609,-525,-398,-230,-58,127,305,462,573,629,632,582,478,309,138,-60,-258,-430,-572,-651,-655,-604,-495,-324,-130,75,279,440,552,606,581,499,378,213,37,-127,-268,-373,-427,-431,-399,-323,-216,-111,-5,93,165,217,239,244,216,181,133,88,34,-11,-43,-76,-96,-108,-120,-120,-115,-102,-84,-72,-37,-9,21,63,96,123,142,147,134,92,42,-13,-74,-114,-139,-132,-102,212,-58,-82,-648,-689,-202,-227,-215,-159,-71,37,143,231,294,313,304,256,185,83,-35,-132,-227,-307,-357,-383,-360,-306,-225,-121,10,135,273,383,470,518,512,464,368,218,52,-150,-334,-500,-641,-718,-718,-646,-498,-311,-80,196,445,664,831,903,905,813,613,356,57,-255,-547,-802,-982,-1066,-1041,-910,-686,-407,-69,274,593,875,1060,1147,1119,968,742,437,93,-259,-591,-851,-1039,-1132,-1125,-1004,-800,-519,-191,151,482,756,964,1090,1107,1040,866,610,315,-8,-334,-635,-883,-1034,-1095,-1060,-923,-715,-439,-130,194,493,759,952,1051,1070,977,804,564,270,-49,-357,-634,-841,-970,-1024,-989,-853,-650,-176,-125,162,437,660,824,916,948,890,769,583,349,89,-182,-441,-657,-826,-939,-967,-915,-786,-587,-331,-39,253,524,756,915,1007,1013,925,761,534,258,-41,-337,-593,-814,-941,-1002,-995,-897,-727,-493,-217,65,358,624,840,982,1047,1025,919,740,492,201,-97,-401,-683,-900,-1044,-1092,-1060,-923,-718,-449,-130,196,508,779,979,1100,1122,1052,870,625,335,-4,-334,-615,-840,-1002,-1088,-1054,-942,-759,-504,-217,85,376,627,828,952,1003,959,849,670,423,153,-128,-400,-633,-808,-917,-947,-900,-782,-600,-370,-104,152,409,629,790,883,906,853,735,546,322,63,-200,-443,-650,-797,-880,-185,-586
61697,mtk,MTK 7916,864026321,rx0-tx1,512,-686,-835,-660,-483,-342,-165,36,217,377,503,585,610,593,515,406,261,92,-70,-221,-353,-457,-520,-541,-515,-458,-371,-249,-116,26,158,284,393,469,519,523,486,425,323,190,42,-111,-265,-396,-501,-570,-599,-572,-495,-384,-240,-60,121,302,454,576,661,679,643,550,406,226,23,-183,-375,-542,-662,-723,-720,-665,-544,-375,-175,46,260,448,603,701,746,722,635,500,317,104,-109,-314,-499,-637,-716,-735,-698,-596,-444,-255,-48,161,359,530,646,707,706,652,540,382,189,-12,-206,-391,-539,-636,-682,-665,-598,-481,-324,-140,47,235,409,547,625,661,646,569,448,286,98,-98,-286,-38,-579,-653,-671,-630,-540,-412,-235,-39,165,349,502,619,685,683,623,505,345,157,-44,-259,-442,-587,-688,-721,-682,-594,-446,-248,-36,178,378,539,647,701,687,611,487,310,122,-91,-292,-454,-576,-647,-660,-609,-520,-370,-200,-14,181,343,480,581,633,620,547,438,290,121,-69,-254,-412,-534,-597,-626,-584,-497,-357,-194,-7,190,365,494,583,622,591,507,366,192,-2,-179,-355,-495,-568,-579,-540,-448,-308,-150,30,189,331,431,481,490,442,342,226,89,-61,-198,-305,-388,-419,-401,-345,-254,-132,3,131,240,314,359,343,290,201,72,-56,-165,-243,-269,-243,-171,-87,-1264,-1129,0,68,467,-160,-162,-136,-87,-13,68,142,193,222,223,192,130,57,-39,-108,-179,-225,-250,-243,-207,-149,-93,-5,86,154,209,246,251,233,183,128,61,-6,-71,-135,-170,-197,-214,-201,-161,-129,-101,-61,6,64,106,131,155,186,198,198,176,153,109,40,-21,-86,-159,-210,-252,-268,-259,-225,-177,-97,-7,77,160,226,272,295,283,253,202,144,67,-6,-90,-172,-227,-266,-292,-298,-274,-223,-170,-89,-5,88,176,250,307,347,350,319,268,187,85,-25,-145,-250,-330,-389,-416,-387,-335,-254,-151,-31,92,208,306,375,421,422,383,315,223,115,-11,-133,-244,-344,-403,-429,-48,-388,-314,-213,-98,32,166,280,377,444,482,468,418,338,215,82,-68,-216,-350,-447,-510,-531,-501,-433,-312,-177,-25,148,285,403,489,531,532,489,400,280,138,-18,-167,-298,-413,-496,-537,-543,-491,-406,-296,-159,-3,156,303,427,521,578,590,545,455,329,177,8,-172,-339,-481,-591,-649,-661,-606,-502,-352,-165,41,239,423,576,675,714,692,611,474,292,83,-129,-336,-515,-647,-723,-738,-676,-567,-400,-200,12,217,403,556,650,696,685,610,486,328,139,-59,-252,-424,-556,-644,-677,-652,-568,-437,-275,-88,107,292,453,571,652,663,623,530,387,223,36,-160,-333,-807,-318,9,868,1016,438,549,623,634,587,500,373,211,35,-142,-305,-434,-534,-577,-567,-517,-431,-313,-170,-21,131,259,381,468,517,526,497,432,331,211,76,-70,-205,-328,-434,-509,-548,-549,-503,-411,-293,-146,19,196,351,478,582,637,634,587,475,334,150,-53,-245,-430,-575,-676,-714,-693,-611,-480,-300,-94,116,317,498,637,725,749,699,594,444,251,42,-182,-381,-550,-677,-743,-743,-682,-560,-386,-182,33,249,440,585,683,728,709,632,494,322,125,-85,-281,-458,-588,-673,-695,-668,-582,-438,-262,-68,132,315,475,593,654,664,626,534,383,211,29,-166,-347,-497,-605,-663,-661,-608,634,-349,-164,32,222,392,536,639,679,660,579,456,298,102,-101,-298,-470,-603,-681,-701,-657,-548,-396,-208,12,218,410,575,680,715,693,602,457,278,74,-142,-334,-503,-613,-673,-683,-620,-502,-345,-161,39,222,398,536,613,648,622,533,413,246,68,-126,-298,-446,-550,-607,-618,-567,-471,-327,-159,20,209,378,510,590,630,599,508,366,202,10,-177,-349,-491,-584,-609,-573,-492,-345,-174,10,183,349,462,532,539,493,401,267,116,-38,-198,-320,-401,-450,-443,-389,-303,-186,-45,89,211,308,372,381,349,278,184,60,-74,-184,-274,-318,-307,-250,-159,-44,68,150,187,88,526,0,-384,-293,-21,48,117,174,207,201,158,90,11,-63,-139,-195,-239,-237,-213,-177,-115,-37,54,134,189,233,255,239,195,149,67,-19,-102,-165,-205,-220,-223,-209,-171,-127,-81,-19,57,109,136,154,168,171,160,151,127,101,56,1,-51,-111,-152,-206,-230,-237,-231,-200,-142,-75,5,82,153,221,273,283,276,244,186,116,24,-63,-142,-203,-251,-277,-286,-279,-238,-177,-114,-37,49,138,205,257,298,313,310,274,218,145,52,-58,-159,-249,-324,-371,-388,-368,-303,-223,-122,1,126,228,320,382,417,410,370,288,189,73,-59,-176,-284,-358,-409,-424,-403,-355,-272,-156,-37,-1135,212,317,391,434,450,425,365,276,161,30,-114,-239,-363,-448,-497,-505,-470,-391,-271,-129,28,180,323,440,505,554,531,457,359,224,77,-83,-234,-361,-452,-513,-537,-506,-438,-341,-214,-75,79,233,354,461,531,563,542,477,381,248,97,-75,-238,-386,-502,-586,-625,-609,-534,-421,-266,-90,103,292,453,587,672,695,653,562,419,234,29,-184,-382,-550,-670,-729,-725,-657,-526,-352,-150,73,285,465,611,697,716,683,590,444,262,67,-139,-334,-492,-606,-672,-681,-636,-533,-386,-213,-16,177,356,499,602,658,656,600,489,345,167,-35,-224,-403,-536,-620,-657,-636,-566,270,-76
61698,mtk,MTK 7916,864026321,rx1-tx0,512,0,-727,-1426,247,420,550,640,680,671,607,487,328,134,-76,-286,-475,-638,-742,-788,-774,-689,-555,-357,-126,130,380,603,780,902,944,889,758,564,307,19,-269,-559,-793,-953,-1032,-1023,-919,-734,-478,-171,152,479,743,937,1066,1093,1010,850,608,310,-10,-327,-618,-851,-994,-1066,-1031,-912,-709,-463,-175,126,416,659,853,965,1012,950,810,626,386,111,-178,-452,-678,-854,-958,-973,-922,-778,-568,-325,-39,250,510,726,884,950,944,852,686,463,202,-77,-335,-571,-764,-872,-904,-864,-744,-561,-334,-81,183,424,617,754,825,820,748,613,413,192,-32,-255,-446,-592,-688,-714,-687,-601,-462,-277,-123,71,250,404,514,586,607,580,521,412,276,110,-47,-208,-347,-458,-537,-572,-563,-507,-413,-287,-134,27,180,339,456,531,574,564,515,421,290,151,-14,-175,-325,-449,-541,-586,-596,-552,-461,-331,-171,-7,173,349,497,615,682,691,643,536,375,180,-44,-274,-484,-655,-773,-826,-798,-685,-511,-282,-11,259,517,719,860,926,876,736,531,265,-18,-305,-563,-757,-863,-875,-812,-665,-444,-199,57,310,523,663,734,734,669,534,344,139,-80,-275,-441,-570,-616,-617,-551,-429,-273,-91,85,259,402,484,528,515,439,314,153,-30,-200,-338,-432,-448,-394,-285,-137,18,140,1346,1091,0,597,235,-56,-26,13,50,87,113,121,118,91,57,17,-30,-79,-110,-136,-154,-160,-145,-111,-57,-5,37,90,130,149,170,170,161,126,79,35,-3,-57,-119,-150,-202,-228,-233,-214,-162,-116,-47,35,119,203,274,320,336,326,272,208,103,-36,-176,-284,-384,-455,-471,-448,-380,-264,-114,60,224,360,476,541,549,512,412,266,99,-82,-253,-398,-511,-567,-565,-513,-406,-267,-97,83,247,386,492,539,535,492,393,260,117,-40,-188,-314,-400,-453,-460,-423,-354,-255,-151,-41,77,180,260,318,352,360,340,305,244,175,99,10,-90,-191,-264,-331,-380,-397,-386,-337,-260,-152,489,91,214,327,414,470,487,464,396,290,153,4,-152,-294,-416,-511,-556,-549,-500,-410,-278,-124,58,237,390,506,602,633,612,538,413,254,63,-127,-302,-470,-598,-670,-681,-633,-538,-398,-206,-4,195,380,540,656,715,706,643,529,367,176,-43,-253,-436,-593,-705,-747,-730,-661,-538,-350,-155,69,292,485,645,764,813,793,704,549,341,110,-149,-398,-614,-775,-867,-887,-818,-669,-470,-220,45,303,544,720,822,854,814,689,508,295,54,-185,-396,-568,-687,-742,-733,-664,-548,-381,-190,4,195,365,493,585,638,643,581,485,368,213,40,-123,-285,-427,-539,-603,-618,-597,845,387,0,1530,992,600,509,377,216,34,-161,-352,-514,-639,-718,-740,-691,-592,-434,-239,-25,213,428,616,763,843,858,789,652,455,216,-60,-329,-573,-783,-930,-986,-962,-854,-650,-392,-98,213,514,769,965,1062,1076,981,786,540,243,-98,-413,-693,-910,-1041,-1080,-1022,-877,-649,-374,-69,248,534,764,926,1018,1016,931,773,555,286,-8,-312,-556,-756,-908,-977,-970,-872,-708,-491,-217,65,345,602,786,916,973,934,816,636,397,124,-151,-425,-658,-831,-929,-933,-863,-735,-530,-270,0,265,503,694,819,876,855,753,587,379,139,-103,-334,-537,-685,-755,-774,-722,-610,-448,-250,-41,162,355,501,315,652,654,598,498,356,197,15,-149,-304,-434,-528,-578,-584,-546,-465,-344,-203,-42,119,270,399,498,559,566,541,468,342,209,61,-100,-257,-397,-494,-552,-581,-553,-483,-378,-237,-76,94,254,398,515,593,623,617,546,437,282,96,-104,-303,-488,-628,-718,-752,-723,-621,-457,-243,-2,252,489,683,829,885,861,739,532,282,-4,-298,-539,-747,-874,-911,-856,-712,-491,-225,56,318,560,723,802,815,743,594,387,158,-73,-291,-483,-613,-678,-675,-599,-488,-317,-121,71,259,406,514,562,551,498,381,230,61,-120,-285,-408,-487,-501,-442,-334,-180,-2,159,288,354,349,282,461,1251,0,168,297,69,90,100,95,75,35,-6,-52,-97,-124,-139,-134,-121,-82,-53,-7,41,87,131,157,160,160,143,100,63,18,-32,-83,-137,-167,-191,-193,-202,-167,-132,-82,-13,55,131,189,243,286,284,248,193,146,66,-33,-157,-259,-323,-387,-426,-393,-329,-238,-109,43,184,322,437,508,531,487,404,268,94,-76,-243,-396,-502,-563,-567,-513,-407,-266,-96,80,251,402,509,565,557,501,403,267,96,-65,-224,-358,-451,-498,-504,-462,-377,-265,-130,15,145,258,343,392,413,396,343,273,190,102,8,-80,-172,-248,-306,-343,-358,-357,-317,-253,-177,-77,27,138,240,333,393,-571,437,406,337,231,98,-39,-186,-315,-425,-498,-528,-514,-451,-355,-218,-54,116,272,413,516,579,598,558,469,352,192,2,-177,-350,-490,-597,-654,-643,-589,-485,-330,-142,61,254,427,576,675,706,679,597,463,293,81,-131,-331,-504,-635,-716,-739,-692,-589,-452,-256,-47,164,357,547,674,753,774,723,608,459,257,25,-217,-442,-637,-769,-843,-848,-768,-618,-410,-166,97,362,581,754,861,885,825,693,484,253,-1,-256,-481,-650,-764,-812,-783,-680,-527,-331,-117,99,297,469,600,668,686,653,565,434,281,113,-77,-252,-394,-513,-595,-622,-604,-550,-451,-316,-151,17,192,-511,-240
61699,mtk,MTK 7916,864026321,rx1-tx1,512,0,0,0,-413,-88,271,574,745,750,581,276,-98,-447,-691,-783,-691,-434,-82,277,569,726,707,520,219,-137,-459,-652,-687,-557,-295,38,364,597,677,595,370,51,-285,-550,-676,-634,-441,-129,207,497,665,671,504,218,-127,-447,-657,-711,-594,-325,32,378,642,758,689,450,101,-273,-584,-764,-762,-591,-281,103,453,690,773,675,412,60,-301,-589,-727,-691,-493,-176,174,474,666,697,554,274,-64,-382,-614,-700,-613,-382,-70,264,534,675,661,491,199,-131,-418,-606,-656,-553,-319,-16,274,497,605,574,404,144,-135,-375,-530,-551,-434,-233,12,253,419,484,433,279,74,-134,-298,0,-362,-254,-97,74,222,294,282,196,54,-103,-219,-276,-253,-155,-4,160,284,337,300,179,-6,-197,-355,-433,-401,-274,-77,164,379,511,522,410,200,-73,-343,-542,-629,-570,-377,-91,225,496,663,688,557,289,-49,-379,-633,-740,-687,-486,-166,204,533,741,791,659,372,4,-372,-662,-806,-782,-582,-250,133,494,754,842,750,498,140,-252,-596,-794,-817,-675,-399,-39,325,613,768,762,588,300,-37,-356,-594,-703,-655,-473,-206,97,366,552,619,552,372,129,-127,-348,-484,-512,-438,-281,-70,140,311,415,431,364,237,65,-105,-247,-341,-366,-325,-237,-126,-11,92,162,195,0,0,0,0,0,347,354,311,195,28,-160,-355,-507,-573,-556,-450,-249,18,302,540,678,690,576,348,37,-290,-564,-724,-744,-615,-365,-31,315,599,764,768,603,304,-57,-419,-693,-807,-738,-511,-170,221,570,787,837,703,399,-8,-408,-725,-878,-843,-618,-245,189,591,858,928,801,486,60,-399,-764,-946,-910,-672,-287,157,574,866,950,809,478,41,-403,-753,-926,-894,-654,-247,217,623,881,934,771,426,-26,-482,-824,-965,-880,-596,-159,324,731,967,974,747,354,-134,-598,-935,-1046,-913,-570,-91,424,847,1084,1079,824,372,-167,-668,-1026,-1160,-1031,-660,-135,402,855,1115,1118,858,402,-140,0,-1015,-1135,-990,-618,-104,434,865,1096,1068,786,322,-221,-718,-1048,-1128,-944,-532,13,559,977,1165,1083,754,249,-328,-829,-1132,-1188,-964,-517,46,608,1037,1216,1110,755,229,-348,-837,-1132,-1162,-919,-475,71,609,991,1116,988,635,132,-393,-800,-1016,-980,-699,-258,243,673,937,971,756,354,-139,-599,-920,-1019,-869,-510,-17,487,872,1062,1004,704,235,-280,-735,-1023,-1073,-874,-474,22,521,902,1055,965,677,234,-269,-693,-938,-969,-781,-422,15,434,742,862,773,510,145,-241,-560,-727,-703,-516,-213,137,435,609,626,483,218,-100,-387,-572,-599,-472,-231,78,378,581,642,538,290,0,0,0,0,0,-598,-728,-697,-503,-186,181,515,735,781,645,360,-1,-361,-637,-765,-709,-487,-154,207,508,690,705,548,258,-85,-395,-611,-687,-581,-326,-1,321,564,661,605,399,87,-250,-519,-674,-653,-465,-165,174,478,674,694,542,266,-84,-424,-660,-742,-652,-397,-37,331,624,773,732,526,199,-184,-520,-728,-772,-632,-345,22,382,645,753,683,458,126,-237,-541,-708,-699,-527,-235,111,434,651,711,594,335,-3,-333,-585,-694,-641,-439,-136,198,482,645,654,516,259,-54,-350,-553,-625,-559,-363,-82,207,440,569,559,423,199,-66,-309,-477,-519,-444,-278,-48,186,356,430,400,280,0,-91,-247,-330,-318,-219,-66,87,210,276,264,171,19,-130,-241,-298,-275,-153,11,173,306,369,342,222,33,-184,-365,-469,-459,-337,-127,122,360,528,572,489,294,9,-291,-534,-661,-646,-473,-195,132,450,671,733,624,377,51,-292,-578,-741,-730,-562,-268,100,446,697,802,721,475,119,-254,-582,-791,-829,-678,-376,9,387,681,826,792,600,275,-113,-465,-715,-816,-742,-510,-176,182,493,696,752,648,411,97,-221,-482,-633,-647,-530,-308,-30,243,452,557,541,419,216,-19,-239,-406,-477,-442,-328,-164,27,211,337,397,386,299,167,13,-131,-234,-291,-300,-261,-191,-108,0,0,0,0,0,12,153,291,414,492,494,410,249,34,-197,-421,-588,-653,-592,-421,-170,132,425,635,728,681,503,209,-136,-449,-670,-764,-708,-499,-174,191,520,741,801,676,406,49,-327,-635,-801,-799,-610,-280,113,505,776,862,778,510,117,-306,-673,-890,-898,-711,-371,69,494,811,939,858,592,177,-281,-676,-905,-927,-744,-394,53,497,818,943,858,572,148,-305,-685,-908,-923,-712,-330,128,555,857,957,826,507,63,-402,-777,-960,-917,-665,-249,232,665,950,1010,831,461,-27,-525,-902,-1077,-1009,-699,-219,311,772,1068,1130,934,519,-16,-552,-961,-1148,-1078,-773,-285,277,764,1074,1145,0,522,-5,-534,-942,-1126,-1042,-716,-225,324,798,1078,1108,875,432,-115,-642,-1021,-1163,-1029,-648,-115,442,902,1162,1151,872,381,-202,-735,-1095,-1208,-1048,-640,-86,477,929,1173,1148,853,355,-218,-732,-1060,-1137,-960,-562,-25,502,894,1064,982,673,208,-303,-736,-978,-975,-730,-305,185,631,930,995,801,415,-70,-552,-910,-1047,-932,-598,-120,392,813,1052,1052,800,362,-157,-641,-975,-1077,-928,-577,-102,388,791,1008,985,742,345,-124,-555,-836,-915,-795,-487,-70,338,644,793,747,521,189,-171,-475,-655,-661,-498,-218,112,406,580,608,473,209,-101,-379,-569,-613,-500,-258,62,369,583,0,0
61700,mtk,MTK 7916,864026321,rx2-tx0,512,0,0,0,-723,-222,345,854,1171,1211,970,493,-117,-703,-1137,-1311,-1178,-769,-176,464,1006,1317,1318,1009,459,-201,-815,-1234,-1362,-1173,-706,-72,579,1095,1357,1295,927,335,-337,-923,-1287,-1339,-1076,-558,93,725,1178,1338,1180,740,122,-523,-1042,-1305,-1249,-894,-327,321,893,1237,1280,1018,512,-119,-720,-1141,-1279,-1104,-662,-63,545,1019,1240,1152,789,229,-390,-900,-1178,-1173,-886,-366,244,781,1128,1198,967,496,-103,-681,-1094,-1235,-1069,-643,-54,552,1032,1272,1198,821,238,-404,-950,-1273,-1300,-1012,-473,189,807,1239,1377,1186,719,77,-593,-1129,-1403,-1350,-976,-367,329,947,1352,1442,1185,654,-24,-699,-1214,0,-1338,-914,-278,414,1012,1375,1415,1116,556,-130,-783,-1260,-1436,-1266,-806,-152,541,1107,1413,1391,1045,439,-273,-918,-1355,-1478,-1251,-737,-51,659,1222,1502,1438,1032,384,-350,-1001,-1426,-1534,-1292,-734,-13,706,1265,1541,1459,1042,387,-364,-1025,-1441,-1528,-1277,-735,-23,683,1230,1499,1424,1021,389,-320,-950,-1366,-1470,-1228,-714,-47,626,1154,1421,1370,1007,425,-248,-862,-1277,-1403,-1225,-790,-182,451,973,1278,1300,1044,573,-6,-566,-993,-1196,-1133,-837,-380,136,612,940,1057,949,652,233,-221,-609,-845,-901,-776,-495,-126,248,554,740,780,671,444,146,-156,-415,-583,-643,-592,-458,-274,-75,100,230,0,0,0,0,0,223,378,500,558,531,405,193,-74,-360,-605,-734,-744,-631,-394,-58,321,651,850,890,751,454,37,-401,-761,-983,-1009,-806,-410,70,529,900,1103,1067,791,333,-226,-751,-1116,-1242,-1108,-714,-150,443,956,1270,1319,1077,591,-34,-660,-1144,-1382,-1319,-964,-385,289,897,1308,1435,1234,754,109,-561,-1109,-1411,-1393,-1063,-507,176,804,1233,1391,1239,810,202,-438,-976,-1280,-1279,-996,-484,128,698,1090,1223,1072,672,122,-445,-897,-1124,-1077,-772,-290,253,724,1009,1047,831,418,-94,-586,-934,-1042,-899,-537,-38,470,869,1057,986,679,201,-330,-790,-1067,-1088,-844,-398,142,655,1018,1134,982,598,0,-491,-929,-1144,-1092,-779,-273,300,803,1116,1158,933,476,-102,-660,-1065,-1212,-1067,-662,-95,502,992,1247,1204,871,323,-301,-866,-1234,-1307,-1072,-584,53,679,1146,1343,1227,816,215,-440,-993,-1309,-1320,-1022,-477,176,779,1195,1325,1144,694,75,-550,-1034,-1270,-1199,-837,-282,334,871,1186,1206,942,449,-150,-707,-1089,-1201,-1021,-598,-33,534,968,1169,1082,733,214,-350,-825,-1099,-1101,-834,-378,159,655,981,1059,883,498,0,-493,-853,-989,-876,-555,-109,358,730,910,856,589,171,-289,-664,-867,-848,-610,-225,227,624,857,878,677,295,-165,-589,-874,-938,-766,-400,79,551,890,1014,891,537,0,0,0,0,0,-885,-1138,-1133,-852,-354,239,785,1158,1267,1077,629,28,-594,-1083,-1324,-1254,-888,-315,342,922,1285,1352,1098,584,-65,-700,-1172,-1368,-1243,-823,-212,453,1014,1328,1321,1010,453,-222,-832,-1236,-1342,-1130,-656,-20,626,1113,1327,1217,817,221,-428,-972,-1272,-1271,-969,-427,223,808,1194,1284,1069,597,-26,-639,-1084,-1263,-1133,-722,-147,462,959,1217,1168,832,301,-305,-838,-1161,-1192,-930,-434,171,735,1112,1223,1034,580,-22,-623,-1073,-1253,-1128,-726,-142,483,1002,1281,1248,911,348,-300,-885,-1264,-1341,-1102,-592,65,710,1191,1400,1277,852,225,-463,-1043,-1381,-1398,-1085,-516,167,823,1283,1442,1270,795,0,-559,-1120,-1418,-1377,-1016,-425,266,897,1315,1424,1195,684,15,-664,-1185,-1432,-1342,-929,-297,401,1013,1391,1438,1149,592,-111,-791,-1297,-1502,-1345,-887,-222,510,1120,1468,1483,1158,562,-171,-867,-1361,-1543,-1375,-888,-197,541,1159,1500,1503,1172,567,-166,-858,-1344,-1522,-1364,-891,-219,498,1094,1439,1451,1131,561,-133,-800,-1273,-1452,-1311,-872,-233,444,1015,1354,1401,1137,615,-31,-660,-1144,-1365,-1284,-931,-389,233,779,1144,1268,1117,722,195,-353,-809,-1083,-1117,-915,-525,-46,422,781,964,946,732,379,-33,-422,-712,-844,-802,-602,-295,48,365,602,716,695,555,331,73,-171,-367,-479,-504,-457,-355,0,0,0,0,0,-360,-287,-144,57,280,481,628,686,622,434,150,-176,-476,-710,-823,-775,-585,-258,148,538,827,955,887,634,232,-245,-679,-964,-1062,-946,-619,-128,400,855,1128,1168,966,532,-31,-601,-1039,-1267,-1233,-927,-377,245,811,1235,1369,1197,774,172,-483,-1032,-1363,-1389,-1106,-572,99,747,1222,1432,1325,924,312,-366,-959,-1340,-1407,-1164,-671,-36,616,1118,1349,1277,916,356,-280,-837,-1191,-1264,-1046,-592,-10,561,993,1180,1082,731,213,-337,-797,-1059,-1067,-813,-360,169,649,969,1046,865,474,-30,-525,-895,-1048,-942,-607,-121,404,834,1061,1035,765,303,-245,-728,-1040,-1111,-913,-500,38,578,984,0,1051,695,172,-399,-873,-1140,-1136,-855,-370,201,731,1092,1200,1004,563,-11,-593,-1038,-1232,-1134,-767,-211,410,933,1244,1260,973,451,-183,-778,-1192,-1332,-1158,-701,-80,559,1073,1339,1289,935,353,-307,-886,-1257,-1338,-1098,-594,42,658,1114,1301,1175,767,183,-437,-948,-1227,-1205,-898,-373,250,799,1145,1213,980,519,-60,-622,-1034,-1197,-1064,-673,-131,440,899,1133,1096,795,302,-260,-745,-1041,-1077,-857,-443,76,574,919,1025,891,537,58,-420,-786,-948,-870,-576,-138,321,687,882,849,593,195,-253,-636,-856,-860,-646,-253,203,614,867,905,717,344,-133,-578,-880,-977,-828,-463,22,515,885,0,0
61701,mtk,MTK 7916,864026321,rx2-tx1,512,0,0,0,113,-424,-861,-1103,-1097,-828,-355,209,724,1068,1169,997,597,56,-503,-941,-1161,-1117,-802,-303,257,756,1075,1138,935,520,-16,-541,-928,-1085,-993,-666,-184,334,764,1001,989,732,300,-185,-611,-889,-947,-765,-385,87,532,842,943,796,445,-19,-476,-819,-967,-870,-545,-91,396,786,990,954,682,235,-281,-736,-997,-1020,-800,-380,146,637,963,1064,913,526,3,-535,-946,-1127,-1041,-705,-178,402,895,1189,1202,928,434,-166,-740,-1149,-1291,-1141,-730,-146,482,999,1288,1279,979,453,-171,-753,-1166,-1313,-1156,-740,-162,451,956,1240,1244,963,466,-124,-677,-1067,-1215,-1089,-714,-193,346,796,1060,0,836,430,-66,-526,-845,-949,-828,-527,-111,314,635,801,768,541,193,-180,-499,-690,-707,-540,-244,109,431,628,658,523,254,-75,-381,-599,-654,-532,-267,73,401,629,708,607,328,-47,-420,-710,-851,-783,-513,-114,346,734,961,986,781,376,-124,-611,-987,-1142,-1030,-697,-197,361,849,1160,1208,994,565,-15,-593,-1045,-1285,-1237,-917,-409,197,769,1175,1328,1202,834,288,-314,-845,-1192,-1289,-1121,-729,-187,376,842,1117,1156,967,580,86,-402,-781,-983,-978,-771,-422,-5,398,705,848,809,608,299,-56,-386,-628,-732,-693,-532,-276,18,290,492,604,602,503,339,138,-55,-213,-310,-343,0,0,0,0,0,-440,-475,-444,-334,-151,70,301,498,625,647,552,353,84,-218,-487,-659,-712,-623,-391,-71,264,547,724,756,614,323,-25,-366,-651,-807,-781,-571,-224,182,539,792,893,788,490,81,-352,-716,-945,-963,-741,-359,93,563,893,1032,956,647,207,-277,-728,-1017,-1059,-871,-491,-2,495,889,1075,1020,744,289,-232,-688,-996,-1074,-903,-534,-51,439,829,1023,985,715,277,-212,-636,-911,-970,-800,-441,11,467,812,952,860,572,147,-314,-696,-922,-926,-692,-305,147,572,863,950,821,494,52,-408,-767,-933,-892,-646,-239,221,623,875,921,749,399,-42,-472,-787,-913,-821,-540,-124,327,0,889,876,657,278,-170,-576,-845,-897,-745,-423,7,434,751,881,798,514,106,-325,-671,-851,-828,-595,-202,240,630,868,891,692,322,-141,-586,-898,-995,-859,-506,-22,473,866,1064,1005,698,234,-289,-748,-1040,-1088,-861,-433,86,592,962,1094,968,614,107,-427,-853,-1064,-1027,-747,-271,276,746,1034,1072,854,430,-104,-627,-994,-1106,-957,-587,-69,484,911,1112,1051,735,242,-321,-803,-1090,-1127,-895,-441,126,658,1032,1169,1033,651,111,-460,-913,-1147,-1117,-824,-341,217,723,1061,1134,937,529,2,-520,-916,-1094,-996,-657,-177,341,782,1030,1018,762,329,-190,-662,-968,-1037,-856,-464,45,0,0,0,0,0,1101,1033,719,220,-326,-797,-1103,-1148,-920,-476,80,615,1013,1183,1073,711,184,-382,-859,-1131,-1139,-877,-415,135,644,1002,1121,970,591,88,-429,-844,-1055,-997,-695,-246,258,686,941,962,746,350,-126,-570,-868,-941,-776,-409,55,501,827,946,821,500,43,-434,-806,-976,-905,-607,-156,343,758,997,988,737,299,-217,-684,-990,-1056,-859,-444,75,577,955,1106,984,613,92,-466,-924,-1157,-1116,-818,-318,283,821,1166,1254,1047,587,-21,-623,-1088,-1306,-1227,-865,-302,332,883,1245,1319,1077,601,-7,-611,-1064,-1280,-1208,-859,-319,281,810,1160,1240,1037,605,40,-519,-942,-1144,-1084,-785,-324,0,654,949,1018,849,488,39,-402,-734,-876,-802,-547,-166,241,564,739,732,544,226,-139,-456,-648,-672,-525,-245,92,402,604,646,507,241,-85,-399,-617,-669,-550,-283,66,416,677,771,673,407,18,-388,-734,-921,-886,-632,-225,250,692,996,1082,912,527,29,-497,-930,-1157,-1131,-853,-378,198,744,1125,1267,1128,731,185,-409,-928,-1249,-1303,-1081,-630,-37,562,1038,1301,1287,999,518,-65,-619,-1037,-1232,-1176,-877,-409,123,605,955,1092,997,703,275,-188,-587,-851,-926,-811,-538,-160,223,543,748,786,662,419,113,-206,-476,-646,-684,-597,-415,-177,72,292,444,511,492,409,283,137,0,0,0,0,0,81,-92,-269,-438,-563,-604,-547,-388,-152,117,369,566,681,670,518,252,-73,-377,-607,-723,-693,-514,-220,129,459,698,785,686,445,119,-253,-589,-800,-849,-688,-360,52,455,771,926,874,609,213,-243,-649,-929,-1014,-865,-523,-57,429,831,1044,1028,787,368,-135,-621,-963,-1074,-951,-629,-150,362,790,1043,1055,826,409,-97,-575,-911,-1052,-960,-640,-170,334,744,974,989,775,371,-117,-567,-873,-964,-834,-516,-66,398,755,929,889,634,222,-235,-635,-896,-939,-757,-405,43,490,820,950,859,571,147,-311,-695,-915,-916,-704,-325,132,550,836,924,795,474,39,-400,-742,-903,-851,0,-203,245,633,868,896,712,358,-87,-506,-791,-898,-787,-486,-61,374,707,868,814,555,158,-280,-648,-867,-864,-640,-258,194,615,891,946,765,405,-68,-542,-888,-1030,-923,-595,-127,379,814,1058,1047,787,341,-185,-673,-1006,-1096,-924,-528,-10,509,905,1091,1008,682,187,-354,-803,-1056,-1057,-802,-350,188,682,1014,1091,910,512,-27,-554,-941,-1109,-1011,-663,-143,404,856,1109,1098,823,334,-232,-738,-1071,-1153,-961,-538,11,556,979,1173,1080,742,230,-338,-823,-1110,-1138,-900,-444,106,619,987,1114,974,608,96,-436,-854,-1060,-1012,-725,-261,270,729,996,1023,812,394,-120,-604,-942,-1046,0,0
61702,mtk,MTK 7916,864065408,rx0-tx0,512,-330,611,667,652,791,865,875,839,744,587,386,177,-54,-273,-481,-654,-766,-845,-869,-825,-729,-590,-416,-215,6,234,439,631,769,857,896,871,782,644,457,248,11,-241,-471,-676,-831,-930,-961,-922,-820,-657,-452,-216,45,293,522,711,851,932,944,898,784,622,413,187,-57,-289,-510,-679,-800,-889,-905,-865,-769,-622,-430,-212,29,260,475,651,788,887,919,879,780,626,430,197,-51,-295,-505,-679,-812,-877,-878,-821,-714,-551,-344,-130,93,306,502,644,748,790,779,716,612,468,288,94,-102,-280,-445,-576,-656,-701,-687,-635,-546,-418,-263,-106,63,231,372,494,582,629,632,603,-26,422,279,128,-33,-194,-341,-471,-574,-629,-642,-608,-540,-440,-298,-127,39,216,378,503,597,646,659,625,535,417,260,83,-98,-273,-422,-544,-622,-644,-638,-579,-479,-343,-187,-16,146,305,446,548,612,643,619,555,440,313,155,-31,-202,-362,-485,-582,-642,-651,-614,-510,-374,-208,-28,160,342,485,584,636,635,573,463,316,139,-38,-204,-346,-448,-509,-511,-480,-398,-287,-172,-46,72,172,245,283,303,292,257,209,163,101,47,-6,-55,-85,-117,-125,-129,-129,-125,-120,-106,-84,-62,-46,-20,8,36,71,93,110,125,132,127,104,69,24,-27,-84,-120,-132,-129,-102,217,488,510,625,602,15,106,185,240,267,263,223,154,64,-34,-135,-219,-291,-331,-338,-322,-275,-210,-123,-36,74,174,265,350,408,435,445,409,334,230,109,-44,-197,-342,-475,-587,-645,-654,-599,-510,-361,-164,43,259,468,645,792,858,853,790,657,457,211,-62,-338,-601,-816,-960,-1040,-1033,-938,-761,-526,-247,65,380,655,884,1048,1119,1101,998,814,570,282,-27,-339,-621,-847,-1021,-1098,-1113,-1033,-877,-657,-384,-79,225,505,751,939,1055,1091,1046,936,755,515,226,-72,-353,-618,-827,-978,-1065,-1074,-995,-849,-641,-382,-98,186,464,697,883,1007,1050,1015,903,737,496,249,-20,-287,-531,-729,301,-959,-967,-916,-811,-644,-450,-217,31,261,491,676,817,916,956,924,822,688,494,245,-3,-257,-501,-709,-880,-971,-1002,-968,-868,-704,-480,-224,35,298,540,737,898,991,1011,970,875,706,483,235,-14,-271,-521,-730,-896,-1002,-1034,-1006,-913,-748,-533,-278,-8,272,535,751,930,1054,1095,1060,947,776,535,273,-16,-323,-584,-816,-990,-1092,-1115,-1050,-918,-712,-470,-195,91,368,621,814,954,1038,1041,971,830,632,407,152,-106,-356,-573,-758,-891,-958,-951,-894,-775,-602,-401,-174,77,319,529,709,834,900,909,864,756,595,396,173,-64,-294,-503,-680,-802,-876,-893,-847,-740,-583,561,719,-82,292,202,600,406,180,-49,-271,-485,-660,-779,-847,-869,-823,-732,-579,-399,-195,40,259,457,621,758,841,876,843,760,622,432,225,-3,-236,-448,-635,-790,-889,-940,-905,-813,-665,-467,-235,17,268,501,704,848,943,961,914,807,642,438,194,-53,-302,-525,-704,-839,-915,-935,-879,-769,-598,-424,-204,32,268,478,663,794,882,908,874,772,616,433,220,-22,-268,-488,-674,-808,-891,-910,-861,-752,-597,-391,-155,80,299,497,672,785,840,842,780,656,493,305,97,-110,-304,-471,-612,-706,-743,-725,-664,-571,-434,-278,-97,91,256,408,532,616,657,659,612,527,417,273,111,-50,-203,628,-479,-568,-618,-635,-612,-541,-443,-297,-134,33,201,349,482,587,641,656,630,546,424,276,104,-61,-244,-395,-524,-618,-655,-652,-598,-503,-382,-210,-45,129,293,432,538,619,642,623,564,461,328,172,6,-165,-324,-462,-556,-631,-648,-613,-539,-419,-277,-98,76,262,427,546,632,661,648,573,444,281,97,-96,-273,-423,-538,-596,-594,-542,-446,-324,-172,-16,136,268,348,398,411,388,333,252,167,85,-7,-81,-138,-180,-204,-204,-198,-175,-151,-112,-72,-42,-14,10,36,59,78,89,104,114,116,111,102,78,57,26,-15,-61,-102,-133,-151,-153,-132,-85,-35,20,73,569,506,-82,-222,-321,204,197,156,84,-4,-102,-193,-259,-296,-311,-287,-238,-167,-69,25,124,210,291,344,375,380,347,297,219,114,8,-110,-243,-358,-447,-509,-540,-520,-461,-368,-225,-54,135,316,481,636,733,767,746,652,510,314,66,-178,-420,-640,-819,-931,-973,-929,-809,-607,-355,-73,226,511,757,946,1068,1102,1033,879,674,406,94,-225,-528,-784,-975,-1099,-1134,-1089,-937,-737,-468,-180,129,440,698,905,1049,1119,1091,984,803,569,296,0,-295,-567,-803,-972,-1074,-1081,-1024,-894,-691,-445,-169,128,408,656,857,1001,1060,1052,961,799,584,322,38,-247,-504,-729,-895,-979,-1013,-962,-848,-669,-176,-214,46,290,513,702,834,929,936,895,798,645,465,243,-4,-258,-480,-668,-836,-940,-973,-957,-861,-708,-493,-246,12,273,520,732,887,984,1011,978,864,692,483,229,-33,-286,-526,-740,-893,-986,-1013,-995,-895,-720,-507,-257,4,263,521,745,918,1028,1067,1043,927,756,545,286,0,-287,-552,-783,-960,-1064,-1115,-1072,-945,-761,-516,-238,61,352,624,843,991,1077,1077,1013,868,666,436,172,-104,-365,-609,-790,-918,-986,-990,-927,-799,-628,-408,-162,88,324,553,728,854,925,939,878,761,598,391,164,-65,-300,-513,-691,-817,-890,-902,-847,-743,-588,-394,-178,54,283,494,659,343,-49
61703,mtk,MTK 7916,864065408,rx0-tx1,512,-686,-982,-1005,626,611,540,426,280,127,-31,-195,-335,-455,-542,-581,-590,-551,-477,-375,-248,-113,28,163,277,368,442,497,513,496,455,393,305,199,77,-54,-179,-291,-396,-475,-532,-557,-545,-494,-418,-295,-166,-24,129,276,409,524,607,646,639,591,508,372,219,41,-142,-321,-483,-599,-681,-712,-701,-633,-527,-377,-206,-14,177,359,516,638,716,739,713,640,517,363,185,-16,-205,-386,-544,-655,-716,-727,-691,-609,-488,-332,-147,44,225,392,526,629,690,701,666,585,457,306,133,-55,-226,-387,-518,-615,-677,-676,-633,-547,-430,-276,-111,57,226,373,498,597,646,661,618,534,424,-38,107,-68,-239,-394,-522,-606,-662,-661,-620,-532,-401,-250,-79,105,278,441,558,644,691,679,619,511,365,192,3,-189,-367,-519,-625,-694,-709,-657,-566,-437,-269,-84,101,280,444,561,633,659,643,581,478,341,181,10,-158,-310,-446,-546,-614,-629,-596,-528,-423,-280,-127,41,203,349,472,557,604,604,561,486,366,217,45,-127,-292,-426,-538,-601,-617,-579,-496,-370,-218,-51,118,285,416,514,556,564,517,418,295,156,4,-140,-270,-371,-444,-468,-454,-402,-315,-212,-89,39,161,263,338,379,388,359,289,193,87,-32,-152,-246,-304,-329,-306,-239,-146,-35,68,150,186,-756,-923,0,350,492,148,133,93,30,-47,-118,-177,-213,-228,-212,-173,-112,-41,43,109,174,219,238,244,219,185,130,57,-11,-83,-150,-200,-232,-242,-233,-199,-159,-110,-49,10,72,122,147,174,183,182,177,161,128,97,64,26,-23,-63,-100,-148,-178,-206,-221,-223,-212,-178,-128,-74,-2,64,131,198,251,275,280,270,234,185,115,45,-31,-105,-168,-221,-258,-284,-282,-273,-233,-191,-134,-58,11,88,146,206,265,301,324,323,298,249,182,101,7,-86,-179,-270,-337,-379,-391,-379,-339,-271,-179,-81,31,144,244,321,376,415,416,381,334,263,160,51,-62,-162,-264,-341,-399,-433,-48,-399,-342,-269,-166,-52,50,165,274,358,429,469,481,458,399,311,190,67,-71,-210,-332,-433,-505,-538,-525,-477,-404,-295,-168,-27,115,246,362,456,511,527,519,471,401,302,184,42,-91,-224,-341,-436,-507,-546,-554,-523,-453,-360,-243,-101,45,197,335,454,542,596,618,596,531,428,297,143,-36,-212,-372,-516,-619,-677,-701,-665,-573,-455,-297,-112,79,278,439,578,684,721,722,663,557,416,238,46,-146,-326,-477,-593,-670,-698,-685,-616,-502,-359,-193,-18,149,318,464,570,637,666,649,587,488,349,189,17,-158,-322,-458,-563,-636,-659,-628,-572,-459,-318,-158,17,-738,-150,9,-166,-22,-6,-177,-335,-463,-558,-604,-620,-583,-500,-395,-254,-111,38,187,316,421,495,539,551,521,458,374,270,152,19,-108,-228,-333,-421,-480,-510,-518,-488,-440,-355,-254,-135,-3,141,272,399,497,563,602,599,550,470,354,205,38,-132,-294,-446,-569,-643,-689,-676,-631,-522,-377,-206,-27,161,338,496,622,698,731,713,641,530,374,191,-8,-196,-372,-527,-645,-720,-739,-700,-624,-502,-346,-167,26,216,391,531,639,702,713,676,598,471,318,135,-49,-224,-389,-525,-618,-681,-683,-643,-561,-441,-298,-128,52,222,375,506,605,650,660,626,543,433,281,113,-60,-239,-380,-505,634,-649,-653,-612,-531,-411,-263,-99,82,250,409,535,621,670,668,626,531,394,233,44,-145,-319,-474,-592,-673,-702,-678,-601,-477,-316,-145,52,241,399,538,635,684,681,634,534,392,231,48,-136,-313,-450,-556,-623,-646,-622,-553,-449,-313,-162,11,172,320,457,554,605,612,579,515,404,266,105,-67,-225,-373,-496,-582,-623,-614,-547,-445,-307,-144,31,205,363,485,562,587,572,511,409,275,117,-45,-212,-346,-443,-503,-517,-485,-415,-322,-195,-57,79,205,305,379,424,424,381,308,210,95,-24,-146,-247,-312,-351,-354,-318,-238,-137,-22,94,186,244,264,239,174,87,-712,-426,0,-152,246,-47,-103,-157,-191,-196,-172,-127,-62,15,94,161,212,241,238,211,170,106,41,-30,-103,-162,-219,-241,-247,-237,-202,-144,-76,-4,63,122,165,201,215,215,205,166,127,85,33,-12,-53,-96,-123,-142,-161,-179,-187,-176,-167,-140,-98,-55,1,54,112,171,214,250,267,259,236,192,127,54,-16,-93,-157,-216,-257,-283,-293,-273,-232,-176,-120,-49,20,90,157,205,258,285,299,285,256,222,165,96,19,-69,-155,-235,-298,-346,-368,-360,-330,-273,-190,-94,9,114,212,301,359,395,406,388,336,260,171,67,-50,-152,-243,-336,-397,-422,-418,-390,-338,-255,-162,-52,-1135,174,266,353,417,438,441,426,367,287,184,68,-51,-180,-293,-397,-467,-503,-510,-476,-407,-313,-192,-45,102,237,358,452,512,536,525,477,397,286,155,27,-114,-242,-348,-435,-502,-535,-527,-490,-415,-319,-204,-75,63,204,332,438,525,576,587,560,492,393,263,125,-30,-194,-350,-479,-577,-644,-669,-638,-566,-452,-302,-135,50,244,407,544,656,710,722,675,573,448,268,76,-115,-308,-467,-597,-688,-721,-703,-634,-522,-386,-214,-35,153,327,473,583,656,673,657,597,493,355,195,24,-153,-314,-454,-568,-636,-665,-644,-579,-473,-340,-181,-3,162,319,464,558,622,632,-410,-290
61704,mtk,MTK 7916,864065408,rx1-tx0,512,0,-1685,-1614,203,35,-132,-296,-439,-563,-665,-697,-689,-661,-558,-433,-272,-85,105,312,490,644,757,828,836,786,676,516,317,87,-159,-400,-632,-800,-915,-980,-963,-886,-723,-504,-255,18,294,551,780,946,1048,1070,1011,874,669,416,139,-162,-439,-685,-881,-1007,-1064,-1042,-948,-780,-555,-309,-41,221,473,690,853,952,989,960,864,710,511,281,35,-215,-460,-667,-830,-927,-963,-943,-845,-692,-495,-262,-19,232,467,658,812,907,933,896,799,644,438,209,-36,-271,-502,-677,-806,-884,-897,-837,-713,-546,-340,-115,114,326,519,655,749,790,777,705,585,431,250,51,-133,-310,-465,-574,-650,-277,-657,-586,-495,-363,-216,-54,106,242,368,471,540,578,581,533,465,367,249,113,-31,-168,-295,-414,-507,-556,-570,-541,-484,-395,-292,-159,-4,132,263,385,475,543,573,567,531,460,357,223,75,-91,-237,-374,-501,-596,-646,-659,-631,-558,-436,-286,-113,83,282,475,626,739,792,800,735,615,441,221,-20,-267,-496,-698,-832,-899,-885,-799,-648,-438,-194,73,324,547,714,824,860,816,713,551,350,129,-98,-307,-484,-611,-693,-712,-673,-580,-443,-270,-88,93,265,402,511,570,572,536,454,340,191,35,-122,-269,-387,-469,-496,-476,-398,-277,-131,32,175,290,352,350,294,598,-265,0,178,-99,31,-7,-45,-77,-100,-119,-123,-107,-78,-42,3,41,87,118,140,151,145,132,109,75,31,-12,-53,-94,-128,-158,-172,-171,-170,-153,-123,-77,-32,15,81,134,172,217,243,250,250,214,168,122,33,-49,-137,-225,-296,-352,-378,-380,-353,-281,-188,-81,49,184,311,417,482,509,493,439,349,216,67,-86,-236,-368,-482,-551,-567,-536,-459,-352,-222,-64,100,243,389,485,537,556,521,450,346,220,79,-76,-201,-319,-411,-463,-487,-467,-412,-326,-221,-110,-5,113,209,275,341,370,371,359,331,282,222,153,79,-1,-85,-166,-247,-308,-353,-378,-386,-375,-328,-262,-164,489,61,164,274,365,428,478,486,463,406,314,202,64,-77,-211,-341,-444,-526,-565,-560,-523,-447,-337,-202,-40,112,273,410,514,594,627,619,573,486,355,200,23,-151,-315,-452,-565,-656,-690,-668,-603,-500,-358,-186,-1,185,354,504,622,696,726,696,616,502,365,197,8,-177,-365,-528,-651,-739,-774,-756,-696,-574,-414,-229,-19,206,411,588,740,826,864,823,728,586,382,155,-84,-321,-523,-696,-812,-856,-838,-760,-625,-448,-248,-28,194,389,544,657,727,745,713,622,504,343,178,2,-166,-312,-446,-543,-601,-635,-617,-564,-486,-375,-236,-92,59,210,343,462,551,610,786,358,0,278,-679,-620,-652,-648,-600,-512,-398,-242,-57,104,292,465,595,707,754,770,727,626,482,297,94,-131,-345,-549,-719,-837,-902,-899,-841,-713,-518,-300,-42,221,473,704,883,1000,1040,1000,890,709,471,195,-89,-374,-628,-844,-993,-1075,-1075,-983,-831,-619,-363,-86,204,472,709,878,984,1026,997,907,744,532,290,30,-231,-475,-677,-835,-935,-970,-941,-850,-701,-508,-275,-39,216,456,657,815,914,952,927,825,670,476,241,-8,-256,-485,-692,-828,-905,-917,-875,-767,-598,-401,-180,67,304,514,677,793,848,840,771,648,476,288,72,-135,-332,-496,-623,-708,-727,-700,-640,-527,-388,-227,315,134,285,417,525,593,622,601,550,470,362,227,87,-66,-207,-325,-432,-508,-554,-564,-534,-479,-392,-269,-133,16,156,289,401,484,554,569,548,502,418,307,184,37,-105,-245,-373,-476,-548,-596,-600,-568,-503,-401,-253,-96,70,232,395,540,642,714,729,698,600,454,270,62,-159,-379,-568,-729,-834,-871,-834,-740,-573,-346,-88,178,423,639,801,891,906,839,705,513,285,29,-222,-435,-612,-730,-794,-781,-707,-569,-404,-209,-3,190,359,506,600,634,623,552,451,316,149,-20,-178,-318,-433,-510,-531,-512,-443,-339,-201,-40,126,273,381,442,444,388,283,142,-6,-133,1332,1664,0,477,294,-77,-91,-88,-68,-41,-7,36,79,107,132,138,133,118,85,49,5,-39,-75,-113,-142,-160,-162,-153,-132,-105,-73,-29,11,62,103,142,170,192,213,211,180,147,107,45,-18,-94,-171,-216,-271,-304,-300,-289,-244,-187,-108,-13,92,203,306,372,426,449,428,373,273,149,9,-136,-273,-404,-494,-537,-540,-498,-415,-299,-146,15,176,317,433,524,573,556,509,419,282,137,-17,-169,-301,-412,-486,-532,-522,-472,-401,-288,-167,-35,98,216,314,382,416,425,407,343,284,204,108,18,-67,-155,-228,-283,-321,-345,-350,-340,-313,-268,-208,-138,-45,49,161,252,331,394,-571,425,406,360,281,182,68,-66,-186,-305,-400,-478,-524,-527,-497,-428,-326,-207,-60,91,239,373,479,558,597,592,551,456,343,196,31,-137,-292,-435,-552,-627,-667,-651,-591,-483,-354,-191,-6,175,340,483,598,673,707,691,622,513,362,192,9,-184,-359,-508,-625,-709,-738,-716,-656,-541,-398,-221,-16,186,378,552,677,770,815,803,719,594,417,205,-27,-265,-467,-650,-787,-859,-878,-815,-700,-532,-317,-82,157,377,565,702,789,817,780,684,545,379,189,-4,-196,-360,-500,-605,-657,-677,-640,-581,-482,-349,-210,-53,111,256,386,494,569,610,614,578,511,413,287,139,211,108
61705,mtk,MTK 7916,864065408,rx1-tx1,512,0,0,0,-73,-434,-688,-765,-642,-349,33,411,681,775,667,388,2,-382,-659,-767,-667,-386,-11,351,617,721,626,355,-3,-362,-618,-694,-576,-305,50,387,615,676,546,255,-99,-429,-643,-671,-513,-215,151,465,658,677,498,181,-187,-517,-713,-711,-510,-167,228,567,758,743,535,181,-221,-568,-763,-759,-552,-193,209,546,743,748,551,207,-192,-526,-715,-720,-527,-193,188,512,694,683,487,160,-206,-517,-691,-674,-473,-150,210,513,682,667,478,170,-189,-494,-650,-643,-475,-180,156,442,604,608,452,184,-133,-401,-553,-567,-434,-182,107,352,497,497,375,164,-85,-302,-429,-433,-320,0,75,242,336,321,209,51,-107,-233,-280,-232,-106,56,203,282,270,170,10,-164,-304,-361,-317,-180,19,237,404,456,386,206,-45,-304,-493,-554,-470,-253,30,320,550,645,569,338,16,-319,-577,-703,-647,-419,-73,297,589,737,707,489,144,-235,-562,-754,-763,-571,-225,175,539,772,808,641,311,-100,-485,-752,-833,-709,-409,-4,395,696,827,763,511,134,-263,-595,-786,-776,-581,-259,121,452,675,738,618,359,24,-306,-550,-661,-607,-406,-127,164,402,536,543,422,200,-54,-277,-426,-478,-421,-263,-51,156,318,395,384,305,163,-8,-158,-269,-326,-310,-244,-152,-50,44,0,0,0,0,0,-184,-321,-417,-453,-408,-281,-85,147,377,549,619,565,389,119,-185,-463,-656,-710,-598,-354,-22,325,604,754,734,540,212,-166,-511,-734,-786,-644,-333,51,429,716,815,708,419,18,-383,-694,-837,-768,-499,-98,343,704,882,835,583,175,-295,-687,-904,-904,-680,-267,222,651,914,936,726,331,-148,-591,-885,-948,-755,-364,105,557,868,944,770,400,-84,-542,-860,-957,-787,-402,82,545,871,961,794,423,-64,-545,-876,-968,-810,-443,55,555,901,1014,848,455,-54,-559,-941,-1070,-916,-514,20,558,961,1126,1000,614,58,-510,-945,-1151,-1068,-694,-144,435,900,1139,1082,738,204,0,-856,-1106,-1066,-747,-231,345,837,1104,1067,751,235,-336,-828,-1110,-1091,-773,-252,343,844,1133,1123,807,272,-332,-853,-1156,-1156,-854,-326,288,835,1164,1189,904,378,-237,-779,-1125,-1173,-911,-416,181,723,1061,1123,890,418,-152,-667,-997,-1041,-811,-372,164,657,960,979,723,284,-241,-703,-972,-967,-694,-219,309,764,1014,986,695,213,-338,-800,-1049,-1031,-739,-250,301,778,1050,1044,773,305,-242,-724,-1006,-1026,-785,-344,167,627,915,956,751,359,-109,-532,-801,-852,-671,-320,101,473,702,728,555,235,-139,-455,-617,-612,-438,-134,205,478,607,552,334,22,-302,-551,-642,-556,-310,36,0,0,0,0,0,731,609,321,-62,-437,-700,-781,-658,-365,18,401,681,778,675,400,15,-370,-644,-740,-644,-380,-7,357,614,702,599,325,-34,-376,-614,-680,-559,-290,61,403,631,680,532,236,-125,-447,-643,-665,-508,-199,167,494,687,689,500,166,-212,-543,-727,-717,-516,-175,230,575,769,761,552,200,-210,-561,-763,-762,-553,-202,188,533,732,730,537,203,-185,-521,-705,-693,-505,-179,195,511,692,683,480,154,-212,-528,-696,-669,-473,-156,201,497,662,656,472,169,-178,-473,-631,-627,-468,-172,151,422,581,580,436,182,-121,-382,-529,-536,-409,-175,92,327,466,473,358,163,-65,-264,0,-364,-266,-99,88,240,306,275,157,-4,-154,-251,-275,-205,-60,118,262,321,291,173,-15,-215,-360,-419,-346,-169,53,274,445,506,428,223,-46,-313,-531,-608,-522,-304,7,329,569,664,600,375,46,-298,-584,-721,-676,-457,-118,259,580,756,734,527,181,-210,-556,-767,-787,-599,-263,135,515,769,824,680,363,-40,-440,-735,-848,-747,-470,-77,329,649,814,780,553,201,-192,-533,-736,-760,-607,-316,44,375,604,691,608,378,71,-229,-468,-595,-571,-420,-174,107,344,483,506,412,232,7,-210,-370,-438,-405,-282,-105,83,241,343,367,320,218,84,-54,-164,-230,-247,-221,0,0,0,0,0,307,227,99,-78,-270,-430,-532,-541,-439,-247,12,292,524,658,657,512,251,-71,-396,-643,-749,-690,-463,-130,238,556,752,759,587,275,-111,-469,-723,-808,-674,-374,15,406,705,831,743,462,61,-363,-696,-857,-805,-546,-137,320,697,898,879,642,229,-253,-669,-909,-925,-701,-288,191,623,899,941,749,359,-126,-581,-889,-953,-763,-377,106,557,868,953,785,410,-80,-542,-845,-939,-790,-419,76,548,866,961,807,428,-61,-544,-890,-992,-831,-449,61,560,913,1025,878,499,-29,-560,-953,-1098,-952,-562,-25,530,960,1141,1032,655,100,-472,-923,-1145,-1074,-723,-179,402,868,1113,0,755,230,-352,-833,-1092,-1065,-755,-243,341,832,1093,1066,758,246,-346,-843,-1111,-1089,-785,-262,339,852,1147,1139,832,301,-312,-844,-1158,-1177,-884,-364,256,810,1143,1183,918,414,-191,-744,-1105,-1161,-906,-416,170,697,1040,1096,855,402,-154,-656,-969,-1020,-785,-333,205,678,953,967,707,246,-286,-743,-990,-970,-685,-209,330,785,1046,1018,725,236,-331,-806,-1062,-1051,-768,-287,269,750,1028,1034,779,332,-204,-684,-972,-998,-770,-357,138,578,863,910,713,344,-98,-494,-741,-785,-614,-278,112,445,650,665,484,176,-172,-462,-605,-571,-376,-71,258,506,610,542,315,-8,-343,-588,-663,0,0
61706,mtk,MTK 7916,864065408,rx2-tx0,512,0,0,0,-17,-595,-1034,-1204,-1043,-603,6,624,1094,1284,1125,669,27,-632,-1131,-1339,-1191,-724,-64,614,1134,1361,1223,756,87,-608,-1143,-1367,-1227,-759,-94,595,1129,1365,1229,762,98,-591,-1125,-1346,-1195,-725,-66,611,1117,1323,1160,682,28,-638,-1134,-1315,-1132,-644,16,672,1140,1296,1098,599,-60,-699,-1141,-1271,-1048,-534,115,727,1144,1241,985,459,-186,-775,-1144,-1198,-917,-379,264,834,1166,1170,845,291,-352,-904,-1199,-1165,-807,-216,439,978,1253,1183,785,166,-506,-1042,-1305,-1214,-785,-141,545,1102,1359,1250,808,143,-569,-1135,-1399,-1298,-847,-166,560,1141,1425,1335,886,199,-543,-1135,-1425,-1351,-914,0,497,1104,1414,1351,932,262,-475,-1085,-1408,-1354,-936,-275,458,1075,1407,1365,954,291,-453,-1080,-1422,-1390,-984,-313,438,1081,1446,1434,1038,365,-400,-1066,-1466,-1473,-1091,-428,347,1039,1455,1491,1149,505,-282,-996,-1452,-1532,-1217,-582,200,922,1408,1530,1260,662,-100,-823,-1339,-1515,-1293,-740,3,738,1271,1473,1292,779,74,-642,-1189,-1426,-1303,-853,-184,527,1094,1387,1329,944,332,-368,-966,-1302,-1317,-1019,-472,170,749,1139,1239,1034,589,20,-532,-944,-1117,-1010,-676,-194,317,731,950,937,704,322,-117,-514,-777,-853,-729,-442,-74,286,569,723,715,554,300,12,-261,-462,-558,-546,-444,-287,-108,0,0,0,0,0,205,50,-150,-362,-533,-627,-610,-467,-206,116,435,685,800,744,519,170,-239,-612,-850,-903,-746,-400,49,508,862,1017,931,616,137,-399,-845,-1094,-1080,-804,-317,270,805,1151,1220,989,503,-122,-738,-1172,-1325,-1152,-686,-43,619,1136,1375,1272,848,200,-509,-1092,-1394,-1351,-971,-332,388,1011,1380,1399,1070,470,-245,-898,-1323,-1404,-1126,-566,130,782,1229,1357,1127,610,-52,-685,-1128,-1267,-1068,-602,9,610,1034,1175,1005,568,-9,-572,-975,-1102,-926,-502,50,578,943,1052,864,438,-107,-621,-962,-1038,-823,-379,169,675,1004,1057,815,355,-209,-723,-1049,-1088,-840,-364,219,754,1084,1121,860,0,-226,-761,-1095,-1138,-875,-375,237,793,1119,1150,872,357,-265,-823,-1161,-1179,-874,-332,305,872,1213,1230,912,336,-335,-917,-1260,-1267,-938,-358,326,934,1291,1309,978,383,-314,-929,-1292,-1315,-989,-395,301,912,1279,1304,981,394,-284,-882,-1240,-1257,-934,-361,303,878,1208,1205,876,305,-344,-886,-1184,-1159,-813,-252,377,898,1168,1119,761,195,-409,-896,-1143,-1079,-716,-167,414,879,1098,1018,655,119,-438,-864,-1044,-941,-583,-77,446,838,980,843,482,-6,-490,-824,-913,-742,-369,106,554,839,875,663,260,-227,-644,-871,-858,-601,-165,323,729,933,875,564,88,-424,-829,-1002,-896,-542,-25,0,0,0,0,0,1149,995,572,-15,-620,-1071,-1243,-1088,-634,-6,631,1116,1315,1166,702,50,-624,-1138,-1350,-1203,-743,-82,607,1137,1364,1226,758,90,-599,-1135,-1367,-1229,-768,-104,583,1121,1354,1209,744,84,-600,-1119,-1330,-1179,-707,-47,630,1133,1318,1151,669,-1,-664,-1144,-1311,-1120,-623,39,682,1141,1290,1082,575,-87,-713,-1140,-1252,-1021,-510,144,750,1137,1209,949,421,-223,-798,-1151,-1181,-881,-336,302,864,1186,1170,827,249,-400,-940,-1225,-1170,-791,-189,471,1006,1274,1197,788,156,-529,-1073,-1329,-1234,-806,-143,566,1122,1384,1276,826,155,-562,-1140,-1415,-1312,-867,-189,541,1136,1433,1341,896,217,-524,-1124,0,-1356,-927,-251,490,1096,1409,1356,938,271,-469,-1079,-1401,-1355,-949,-280,462,1079,1408,1367,975,311,-445,-1081,-1442,-1414,-1009,-338,422,1078,1455,1460,1071,401,-377,-1053,-1459,-1487,-1125,-463,319,1022,1462,1525,1188,542,-246,-967,-1434,-1535,-1240,-622,154,888,1390,1527,1273,694,-55,-785,-1312,-1495,-1295,-759,-30,701,1243,1460,1305,821,128,-586,-1142,-1408,-1321,-906,-261,442,1025,1342,1326,976,392,-274,-862,-1226,-1282,-1039,-550,63,645,1043,1176,1028,641,118,-419,-840,-1036,-974,-691,-259,216,619,862,889,712,384,-19,-401,-678,-793,-723,-503,-189,150,437,617,663,585,403,170,-62,-250,-368,-412,0,0,0,0,0,377,468,492,423,255,12,-263,-514,-681,-727,-624,-376,-28,346,656,838,838,650,295,-146,-559,-866,-973,-846,-513,-43,455,856,1063,1018,718,228,-333,-834,-1135,-1164,-907,-412,201,767,1164,1282,1079,598,-38,-674,-1154,-1356,-1224,-772,-115,572,1125,1396,1319,914,273,-445,-1053,-1397,-1382,-1018,-401,317,957,1350,1404,1105,520,-196,-846,-1271,-1377,-1125,-590,85,734,1179,1306,1100,614,-20,-635,-1074,-1222,-1045,-592,3,584,1000,1142,969,539,-26,-573,-953,-1070,-896,-473,75,595,950,1041,840,411,-133,-645,-981,-1046,-821,-369,183,700,1024,1072,829,362,-214,-738,-1067,-1108,-848,-361,229,761,0,1137,868,367,-234,-776,-1117,-1154,-879,-363,259,807,1137,1164,872,340,-284,-843,-1180,-1199,-888,-334,314,896,1243,1251,921,342,-334,-927,-1275,-1286,-957,-368,330,937,1297,1315,986,393,-309,-926,-1293,-1312,-984,-401,292,906,1268,1281,954,376,-300,-885,-1227,-1233,-909,-348,311,884,1200,1183,849,282,-359,-896,-1182,-1141,-789,-226,396,898,1154,1096,744,190,-415,-895,-1124,-1043,-686,-151,420,866,1070,976,621,98,-443,-850,-1016,-898,-539,-34,468,825,943,793,422,-57,-514,-823,-892,-703,-315,164,594,852,866,631,210,-279,-686,-901,-865,-581,-126,378,777,963,887,555,58,-464,-871,-1039,0,0
61707,mtk,MTK 7916,864065408,rx2-tx1,512,0,0,0,641,1003,1110,933,500,-80,-645,-1036,-1160,-980,-543,41,619,1038,1183,1013,575,-6,-584,-1011,-1167,-1007,-587,-22,544,965,1124,975,573,31,-513,-914,-1058,-918,-539,-9,509,869,984,829,445,-61,-541,-854,-931,-746,-338,158,605,887,915,682,259,-250,-695,-943,-929,-657,-193,329,771,1003,957,646,154,-391,-826,-1037,-971,-628,-101,450,881,1074,967,594,58,-508,-951,-1134,-999,-594,-12,585,1035,1205,1052,628,27,-602,-1077,-1266,-1137,-711,-83,575,1082,1310,1203,784,160,-506,-1039,-1301,-1215,-819,-229,421,971,1258,1220,875,305,-334,-876,-1194,-1197,-895,-374,225,756,1080,1118,879,426,0,-625,-945,-1002,-803,-403,85,529,817,877,694,332,-95,-483,-729,-759,-586,-255,145,484,682,679,482,150,-221,-516,-658,-609,-386,-53,304,576,676,578,300,-70,-429,-669,-732,-588,-261,169,565,821,868,674,280,-200,-644,-938,-1002,-801,-389,144,664,1019,1129,960,537,-46,-628,-1055,-1224,-1083,-670,-79,540,1029,1273,1204,835,254,-395,-952,-1284,-1307,-1006,-465,176,768,1180,1307,1125,677,75,-534,-989,-1205,-1149,-819,-308,253,735,1027,1067,856,449,-35,-481,-801,-925,-827,-540,-137,279,602,768,761,583,277,-78,-397,-616,-696,-622,-429,-162,121,357,508,553,499,364,189,17,-127,0,0,0,0,0,147,324,467,546,533,418,214,-45,-316,-541,-658,-646,-487,-218,105,418,640,717,629,391,57,-302,-598,-745,-713,-510,-174,211,553,769,797,622,278,-154,-552,-820,-887,-723,-372,71,508,845,976,849,503,25,-469,-847,-1016,-941,-624,-139,381,812,1047,1016,717,242,-293,-767,-1050,-1054,-790,-329,214,699,1003,1055,831,389,-144,-639,-967,-1038,-845,-433,90,578,909,1005,830,441,-61,-538,-863,-954,-790,-421,63,539,856,938,774,401,-80,-538,-856,-944,-774,-400,79,541,864,955,797,422,-65,-523,-847,-948,-792,-431,43,506,828,924,776,412,-55,-508,-820,-915,-766,-407,60,0,828,920,756,391,-67,-510,-820,-906,-743,-384,70,510,810,878,705,339,-117,-543,-818,-869,-677,-283,197,610,855,874,646,220,-272,-697,-945,-939,-672,-212,316,763,1010,994,710,225,-328,-796,-1057,-1033,-736,-237,333,801,1056,1043,740,227,-338,-810,-1059,-1028,-714,-192,372,831,1062,1006,679,162,-414,-867,-1079,-1007,-658,-119,452,898,1108,1014,638,86,-485,-927,-1118,-1015,-627,-65,515,962,1148,1031,628,51,-536,-985,-1178,-1054,-638,-55,534,980,1161,1034,644,88,-497,-943,-1133,-1019,-629,-80,487,919,1091,960,583,49,-498,-897,-1055,-927,-543,-10,524,903,1033,881,494,-39,-575,0,0,0,0,0,-915,-476,93,642,1024,1138,957,521,-67,-642,-1047,-1175,-995,-562,20,598,1018,1169,1013,587,19,-554,-986,-1143,-991,-578,-23,530,935,1089,950,556,21,-509,-887,-1022,-881,-492,21,513,860,965,790,398,-107,-572,-869,-923,-715,-296,213,658,923,929,667,221,-297,-741,-977,-946,-652,-170,365,810,1022,950,627,127,-429,-867,-1060,-962,-601,-73,482,917,1098,975,583,32,-549,-994,-1171,-1035,-612,-17,595,1063,1251,1105,670,51,-598,-1091,-1298,-1174,-750,-125,539,1056,1303,1213,808,189,-470,-1004,-1281,-1233,-858,-267,382,925,1236,1221,890,352,-265,-814,-1140,-1164,-884,-397,180,693,1007,0,845,417,-97,-567,-878,-946,-762,-378,89,505,759,804,631,297,-115,-489,-704,-715,-530,-205,174,492,665,642,425,99,-253,-536,-659,-583,-342,9,364,619,692,565,268,-119,-492,-740,-794,-627,-262,196,615,886,929,731,334,-178,-664,-991,-1076,-884,-454,99,645,1045,1180,1026,596,5,-588,-1046,-1251,-1145,-746,-152,478,994,1278,1247,913,354,-291,-866,-1241,-1320,-1070,-560,62,656,1094,1275,1147,759,204,-378,-855,-1119,-1114,-842,-388,133,600,912,993,840,499,55,-378,-705,-853,-798,-562,-206,181,504,704,738,606,351,33,-273,-503,-624,-621,-492,-282,-48,169,333,418,420,358,0,0,0,0,0,-422,-359,-229,-27,203,419,581,634,559,373,97,-215,-490,-667,-698,-574,-313,21,353,609,730,676,458,123,-249,-563,-752,-761,-571,-229,179,550,788,839,677,324,-112,-528,-832,-932,-788,-437,25,489,843,1004,900,558,80,-422,-828,-1029,-978,-683,-196,348,796,1043,1030,752,278,-264,-743,-1033,-1052,-806,-363,179,683,1000,1053,833,408,-115,-604,-940,-1030,-842,-442,69,552,885,977,808,427,-56,-527,-856,-948,-780,-409,76,536,854,937,773,405,-75,-542,-860,-950,-784,-412,67,529,846,948,797,427,-56,-519,-835,-932,-779,-420,54,506,812,907,766,416,-48,-494,-817,-913,0,-403,60,504,822,910,751,390,-81,-519,-815,-896,-730,-366,93,529,816,870,678,305,-156,-579,-838,-868,-652,-248,235,660,902,902,656,212,-298,-735,-987,-969,-696,-221,326,789,1044,1023,724,235,-316,-791,-1062,-1049,-745,-241,323,799,1059,1028,722,223,-342,-813,-1061,-1026,-705,-184,391,846,1069,1006,672,137,-433,-882,-1090,-1004,-641,-102,469,917,1115,1007,630,78,-508,-955,-1143,-1014,-614,-44,543,983,1161,1033,633,59,-535,-988,-1177,-1046,-648,-81,510,956,1143,1030,642,84,-488,-922,-1111,-998,-609,-68,478,897,1065,947,566,32,-508,-901,-1038,-901,-515,23,541,916,1048,884,0,0
61708,mtk,MTK 7916,864125771,rx0-tx0,512,-330,-616,-756,876,780,632,449,233,-4,-237,-460,-630,-770,-860,-872,-840,-749,-617,-438,-221,-5,230,435,611,761,849,884,869,788,650,468,254,19,-213,-448,-645,-802,-908,-942,-924,-840,-682,-474,-232,18,266,507,711,867,948,966,917,807,638,424,184,-75,-299,-526,-710,-833,-901,-925,-873,-760,-609,-406,-175,53,284,496,681,812,895,917,875,768,608,401,176,-62,-300,-515,-699,-838,-908,-911,-842,-722,-545,-332,-104,130,353,549,701,803,838,818,743,623,448,257,48,-160,-338,-508,-638,-714,-741,-729,-658,-540,-395,-222,-44,133,301,445,556,631,669,653,597,509,384,224,57,-26,-268,-418,-540,-614,-654,-655,-598,-509,-385,-236,-62,112,274,434,556,635,669,656,601,500,358,189,16,-171,-346,-485,-604,-667,-677,-648,-563,-448,-287,-117,62,236,395,525,615,657,659,601,516,385,236,60,-120,-282,-436,-546,-626,-656,-647,-576,-464,-322,-143,46,231,402,541,634,672,654,587,464,306,120,-76,-260,-416,-518,-586,-596,-557,-458,-324,-171,-14,134,250,340,397,406,381,337,255,171,81,-2,-79,-134,-176,-199,-203,-195,-177,-148,-120,-89,-51,-15,20,42,65,84,100,113,126,124,113,103,78,52,11,-32,-77,-117,-140,-146,-135,-104,-57,-8,36,-37,-251,510,647,444,134,206,244,249,214,153,64,-40,-139,-218,-286,-326,-337,-307,-252,-183,-94,8,110,203,294,361,406,418,396,347,274,163,41,-98,-238,-371,-489,-567,-614,-591,-531,-432,-279,-84,128,326,533,687,783,834,812,713,559,344,93,-182,-441,-680,-869,-992,-1023,-971,-846,-655,-394,-73,233,529,779,972,1098,1132,1059,916,684,404,95,-224,-532,-802,-992,-1101,-1140,-1086,-947,-737,-471,-172,147,448,719,920,1058,1127,1096,999,822,585,293,-8,-300,-581,-813,-977,-1079,-1103,-1045,-907,-688,-432,-141,156,443,691,884,1015,1071,1061,944,775,549,278,2,-276,-539,-747,-911,-1000,-1001,301,-830,-663,-442,-188,66,312,534,719,859,937,947,899,800,643,440,211,-45,-301,-546,-742,-886,-987,-1012,-965,-841,-674,-456,-194,77,350,604,808,934,1013,1017,964,832,646,421,171,-103,-362,-609,-803,-949,-1031,-1046,-991,-869,-676,-447,-185,98,368,618,825,991,1086,1094,1028,899,699,455,164,-137,-420,-689,-900,-1056,-1136,-1124,-1034,-887,-651,-385,-86,221,507,751,934,1054,1100,1061,945,763,538,277,3,-258,-497,-711,-864,-971,-1011,-963,-860,-707,-490,-254,2,243,472,668,824,921,946,915,821,665,481,254,10,-229,-456,-650,-794,-893,-925,-886,-795,-651,-458,-238,1,230,930,888,-82,-611,-430,-216,-446,-628,-769,-861,-888,-855,-759,-610,-439,-216,14,234,444,624,768,849,876,851,758,628,453,238,23,-205,-428,-623,-776,-878,-912,-891,-811,-666,-484,-258,-12,229,477,687,845,942,962,930,827,663,451,204,-47,-300,-527,-721,-852,-939,-937,-884,-788,-613,-407,-177,63,311,514,688,820,889,905,866,770,618,416,192,-52,-292,-509,-696,-825,-896,-911,-867,-756,-598,-387,-149,103,338,541,710,820,874,865,797,668,500,286,63,-155,-352,-531,-670,-753,-790,-760,-684,-573,-413,-233,-49,140,326,474,597,672,698,682,623,519,378,221,49,-126,-284,-425,-545,-620,-650,628,-594,-507,-373,-222,-69,103,269,410,529,615,663,648,601,509,378,224,45,-132,-307,-462,-581,-650,-678,-662,-586,-480,-337,-156,28,211,369,508,611,661,667,618,531,406,247,82,-101,-265,-407,-527,-603,-648,-636,-587,-493,-356,-200,-28,153,329,471,583,651,666,635,549,415,241,50,-139,-321,-474,-586,-648,-647,-595,-477,-334,-167,17,193,348,445,500,508,474,403,303,180,49,-59,-162,-238,-275,-293,-283,-256,-211,-160,-106,-50,0,47,83,102,121,129,131,126,116,103,83,60,41,14,-21,-48,-81,-105,-127,-143,-142,-130,-97,-47,2,53,99,125,130,113,-858,-821,-82,-690,-841,151,101,18,-76,-169,-242,-289,-302,-276,-226,-149,-53,50,150,232,297,344,367,352,318,256,172,73,-42,-164,-271,-375,-450,-490,-501,-466,-397,-285,-150,16,199,360,517,633,711,714,679,577,404,201,-26,-277,-502,-699,-844,-930,-934,-861,-711,-498,-227,69,356,622,842,1017,1092,1071,972,783,534,245,-80,-392,-675,-918,-1068,-1139,-1119,-1014,-829,-575,-291,22,347,633,874,1037,1129,1132,1049,881,642,382,71,-235,-520,-766,-960,-1079,-1105,-1066,-944,-744,-499,-226,78,366,634,852,1003,1084,1078,996,837,622,355,79,-224,-503,-728,-911,-1015,-1046,-1011,-884,-707,-487,-213,63,-176,545,742,892,967,974,916,805,638,432,191,-58,-289,-515,-708,-852,-946,-979,-942,-834,-657,-454,-214,55,329,569,766,923,1010,1021,963,837,639,418,165,-100,-369,-610,-797,-929,-1011,-1026,-970,-848,-658,-439,-179,96,362,607,817,962,1061,1074,1013,882,697,464,181,-114,-390,-650,-866,-1023,-1115,-1112,-1048,-906,-690,-431,-128,179,466,731,938,1064,1126,1101,1000,830,599,332,35,-251,-520,-742,-909,-1012,-1040,-997,-896,-726,-507,-271,-4,261,487,690,840,930,972,936,846,683,485,244,-1,-242,-470,-657,-800,-902,-928,-895,-804,-656,-473,-257,-8,231,445,636,780,873,905,876,-58,-289
61709,mtk,MTK 7916,864125771,rx0-tx1,512,-686,1039,995,348,189,22,-144,-307,-440,-543,-593,-606,-591,-523,-414,-285,-142,14,159,289,393,473,519,537,515,468,393,295,183,55,-72,-196,-309,-402,-474,-515,-527,-511,-459,-381,-279,-150,-12,130,275,398,502,582,608,603,559,475,364,217,49,-130,-301,-453,-577,-659,-701,-690,-629,-515,-372,-203,-6,183,360,513,631,701,730,705,628,512,353,170,-21,-223,-402,-551,-666,-722,-735,-695,-604,-472,-313,-128,71,256,426,559,651,698,707,654,562,439,278,105,-79,-266,-425,-555,-638,-678,-670,-619,-529,-399,-243,-74,108,274,416,533,612,654,649,601,504,381,233,54,-119,-284,-38,-549,-626,-657,-649,-592,-483,-347,-186,-13,168,330,471,577,648,671,649,579,461,307,136,-47,-229,-401,-548,-646,-697,-695,-639,-536,-390,-214,-27,159,338,482,591,660,671,640,560,435,281,115,-61,-232,-386,-508,-587,-630,-620,-574,-482,-359,-206,-47,120,269,409,518,591,608,585,520,419,293,144,-22,-190,-335,-457,-553,-606,-607,-560,-472,-344,-182,-7,168,334,458,550,594,582,521,422,279,129,-32,-187,-318,-423,-490,-508,-479,-415,-319,-192,-58,76,202,294,372,415,415,377,305,207,94,-26,-146,-247,-319,-354,-351,-309,-225,-119,2,115,203,253,253,214,140,760,921,0,52,-312,98,47,-24,-94,-160,-202,-219,-208,-170,-111,-42,42,116,170,219,243,241,219,176,111,47,-26,-107,-170,-217,-234,-242,-227,-193,-141,-76,-15,50,105,146,183,199,200,188,164,129,97,58,22,-22,-56,-91,-126,-159,-177,-191,-193,-186,-171,-133,-91,-31,38,105,165,213,254,268,269,253,201,138,71,-9,-80,-156,-210,-252,-275,-281,-273,-241,-199,-141,-78,-7,62,133,198,252,287,311,307,287,244,183,117,26,-70,-154,-239,-311,-358,-380,-377,-338,-280,-196,-98,13,126,228,309,375,413,418,393,343,268,165,63,-51,-163,-256,-345,-405,-427,-431,-393,-340,-48,-166,-61,56,180,287,374,434,460,464,436,371,286,177,52,-78,-216,-335,-432,-498,-528,-524,-486,-413,-288,-151,-10,138,273,383,473,526,541,521,466,372,261,134,-1,-144,-268,-380,-463,-523,-556,-540,-497,-420,-313,-183,-46,99,239,371,481,559,602,605,569,492,374,230,68,-100,-266,-421,-544,-636,-677,-675,-629,-533,-396,-229,-36,154,339,496,627,713,729,708,637,511,349,160,-43,-236,-406,-546,-649,-710,-707,-665,-580,-443,-278,-103,83,258,412,539,629,671,668,629,538,411,258,80,-89,-260,-419,-538,-623,-666,-661,-606,-510,-378,-227,-54,127,285,427,538,709,640,9,-52,-332,-535,-610,-634,-614,-551,-448,-310,-153,-2,154,310,430,514,568,579,546,486,395,280,149,9,-125,-249,-357,-439,-497,-522,-511,-479,-416,-333,-221,-102,25,153,279,388,479,541,565,559,517,436,328,184,24,-133,-287,-419,-534,-619,-662,-658,-599,-504,-371,-209,-35,148,326,488,608,695,725,701,633,520,368,192,-3,-208,-388,-538,-654,-718,-738,-701,-614,-493,-332,-147,45,239,415,555,655,713,716,671,581,449,291,113,-78,-265,-418,-554,-644,-686,-687,-637,-543,-415,-255,-83,99,266,418,543,622,666,657,600,509,383,230,62,-113,-283,-428,-537,-621,-658,-639,-588,634,-359,-202,-37,135,307,448,560,632,666,646,581,477,342,167,-15,-197,-364,-508,-614,-678,-689,-650,-567,-433,-263,-83,104,286,451,582,667,695,680,611,488,340,160,-25,-206,-372,-510,-597,-645,-652,-602,-517,-391,-240,-73,101,259,396,506,575,606,594,539,450,323,174,12,-147,-302,-431,-524,-584,-607,-578,-504,-397,-255,-86,88,254,400,519,589,607,583,505,388,247,73,-99,-257,-394,-491,-542,-548,-507,-426,-313,-174,-21,124,253,359,433,462,457,401,314,210,83,-48,-169,-268,-339,-376,-385,-352,-282,-185,-70,49,164,251,304,315,280,207,107,2,-93,-159,664,444,0,709,639,-115,-162,-177,-166,-129,-69,5,83,152,201,230,238,208,169,106,31,-45,-112,-178,-217,-237,-247,-230,-190,-129,-60,6,76,141,190,219,228,220,193,153,104,48,-1,-44,-92,-124,-151,-167,-176,-174,-161,-150,-135,-103,-63,-15,36,84,138,180,211,238,242,230,199,155,92,17,-55,-135,-205,-250,-284,-290,-275,-244,-190,-132,-57,13,86,150,202,246,274,285,280,259,217,160,99,26,-57,-135,-213,-270,-320,-354,-347,-326,-282,-211,-113,-12,99,194,280,349,389,405,388,341,271,182,76,-35,-146,-244,-333,-391,-418,-428,-394,-341,-266,-157,-53,64,174,267,-1135,411,439,446,420,360,276,170,57,-64,-189,-298,-384,-455,-492,-501,-470,-398,-300,-174,-34,108,240,367,467,518,541,525,468,383,272,136,-6,-145,-275,-384,-465,-516,-539,-522,-472,-394,-283,-163,-21,119,248,369,473,539,573,566,526,452,342,210,59,-97,-251,-394,-510,-590,-637,-641,-600,-510,-388,-240,-65,112,292,454,585,675,716,699,638,524,384,198,1,-186,-375,-533,-647,-723,-743,-702,-612,-480,-317,-128,70,247,417,555,642,688,692,642,552,423,267,91,-86,-256,-412,-533,-622,-668,-664,-626,-529,-394,-243,-69,106,277,427,542,621,660,645,584,490,356,-50,306
61710,mtk,MTK 7916,864125771,rx1-tx0,512,0,-445,-605,-405,-519,-612,-668,-676,-649,-574,-448,-316,-141,65,253,430,585,705,782,801,770,689,554,365,143,-90,-318,-537,-727,-871,-939,-947,-881,-759,-568,-327,-70,205,468,699,891,1014,1053,1019,914,731,494,209,-84,-378,-634,-845,-1003,-1089,-1077,-986,-827,-615,-350,-79,210,474,694,875,976,1023,990,899,736,532,291,32,-233,-479,-686,-846,-948,-977,-952,-854,-704,-500,-257,-5,249,480,691,846,943,973,920,811,646,432,200,-51,-304,-524,-708,-850,-913,-921,-861,-725,-552,-337,-96,140,368,558,709,807,836,813,734,601,429,233,16,-187,-375,-534,-644,-712,-730,-692,-602,-477,-277,-158,20,184,335,456,541,594,606,585,517,427,311,181,34,-108,-247,-371,-475,-542,-568,-564,-527,-454,-340,-209,-79,72,218,347,455,527,571,580,548,477,384,265,127,-39,-193,-322,-450,-549,-602,-629,-606,-554,-458,-326,-169,0,184,356,509,628,706,751,733,658,523,343,127,-101,-336,-540,-714,-836,-888,-858,-774,-610,-378,-128,140,405,619,775,873,894,836,708,533,303,46,-190,-414,-589,-713,-771,-759,-702,-584,-412,-211,-14,177,357,498,587,630,614,558,451,312,150,-21,-182,-322,-427,-507,-535,-503,-426,-315,-174,-13,146,289,387,428,420,346,231,90,-37,396,130,0,-310,71,-30,-58,-83,-103,-107,-96,-73,-38,3,38,77,102,125,144,141,127,95,61,26,-21,-67,-100,-135,-151,-166,-168,-156,-131,-95,-52,-10,39,90,143,188,215,230,228,216,175,133,73,-7,-79,-165,-234,-294,-336,-346,-328,-291,-233,-139,-19,91,220,333,417,481,489,461,392,285,155,10,-145,-290,-416,-504,-562,-554,-506,-413,-287,-142,27,193,337,446,530,568,558,497,411,278,128,-25,-174,-303,-407,-486,-512,-496,-448,-369,-269,-150,-21,98,205,294,352,399,409,382,346,277,206,135,48,-39,-120,-184,-254,-304,-345,-369,-359,-339,-299,-226,-147,-50,49,163,489,346,424,461,464,439,379,289,185,55,-87,-217,-340,-440,-504,-538,-544,-502,-423,-307,-170,-25,133,278,415,517,586,615,595,540,438,312,156,-7,-177,-335,-475,-583,-654,-663,-640,-569,-459,-315,-137,42,220,387,532,633,690,703,670,585,465,301,129,-57,-250,-421,-559,-667,-727,-748,-719,-629,-502,-339,-149,46,252,449,624,749,819,828,787,675,514,315,92,-145,-378,-574,-733,-843,-872,-847,-754,-595,-406,-170,63,278,476,632,732,778,774,710,602,453,283,96,-98,-275,-417,-534,-617,-652,-645,-607,-525,-420,-285,-130,32,179,326,437,530,588,621,608,552,465,-634,-717,0,417,142,-524,-411,-273,-106,69,233,404,542,643,727,740,701,624,501,339,147,-68,-275,-470,-646,-776,-857,-871,-832,-731,-570,-356,-117,140,392,621,816,943,1006,1004,908,765,555,290,-6,-293,-564,-796,-968,-1065,-1078,-1018,-877,-681,-429,-141,159,434,675,875,1007,1065,1049,936,778,559,308,40,-232,-484,-701,-854,-955,-994,-969,-875,-716,-516,-271,-24,224,464,672,844,948,981,939,838,683,474,238,-28,-287,-511,-711,-846,-927,-948,-891,-770,-611,-392,-150,92,336,543,707,835,892,883,808,670,494,280,51,-168,-380,-557,-691,-775,-795,-754,-665,-528,-362,-179,9,198,363,497,315,645,660,629,560,446,312,159,7,-150,-289,-410,-498,-559,-577,-561,-521,-442,-333,-189,-51,88,220,354,463,528,567,576,532,467,360,237,97,-52,-202,-333,-443,-522,-573,-592,-558,-504,-422,-285,-142,14,177,326,468,575,646,683,671,610,499,350,175,-21,-232,-433,-605,-736,-811,-830,-779,-661,-493,-270,-20,226,463,680,831,905,913,833,678,477,234,-37,-298,-520,-696,-819,-850,-818,-718,-554,-361,-134,77,288,471,613,686,702,671,581,438,271,90,-88,-250,-395,-499,-562,-569,-533,-450,-335,-196,-25,135,281,395,472,494,462,375,242,92,-66,-206,-300,-341,-323,412,556,0,-676,-747,-72,-71,-51,-20,23,60,92,120,127,127,111,78,46,0,-45,-84,-120,-135,-149,-155,-141,-126,-95,-54,-13,35,78,124,155,177,188,188,174,150,110,64,4,-56,-122,-181,-222,-273,-285,-288,-256,-202,-134,-53,37,133,229,318,388,412,407,386,309,218,91,-55,-199,-328,-431,-496,-532,-514,-455,-352,-225,-68,101,250,391,488,557,578,548,469,356,218,57,-109,-255,-384,-490,-539,-547,-512,-437,-341,-212,-66,74,208,322,405,454,463,442,397,312,223,121,7,-92,-180,-253,-300,-345,-363,-355,-326,-295,-248,-178,-107,-15,76,157,247,319,371,405,414,396,-571,267,169,58,-60,-187,-309,-396,-462,-502,-503,-471,-409,-304,-178,-41,105,254,382,486,548,577,564,514,433,305,166,6,-150,-304,-436,-544,-614,-638,-616,-550,-450,-318,-149,31,205,372,505,613,675,689,657,585,463,308,127,-57,-244,-407,-548,-648,-700,-725,-691,-599,-472,-309,-136,44,238,425,578,702,761,777,744,661,529,352,141,-78,-304,-509,-679,-796,-861,-864,-794,-660,-484,-254,-8,222,453,624,754,833,833,784,675,514,323,119,-93,-296,-464,-592,-679,-722,-712,-646,-545,-419,-266,-96,64,225,369,485,570,621,628,601,532,430,312,169,18,-144,-287,-418,311,-48
61711,mtk,MTK 7916,864125771,rx1-tx1,512,0,0,0,575,291,-83,-442,-692,-764,-641,-354,30,406,674,769,658,392,24,-352,-625,-733,-647,-397,-39,331,596,694,607,353,13,-326,-579,-673,-582,-332,8,343,585,671,569,304,-46,-382,-612,-677,-554,-279,73,407,643,697,558,265,-105,-451,-678,-730,-587,-279,104,458,702,776,641,326,-68,-444,-707,-783,-655,-355,31,405,672,764,646,359,-13,-373,-639,-736,-629,-353,8,362,619,712,607,343,-1,-355,-620,-715,-621,-366,-19,332,599,702,618,388,56,-284,-540,-654,-598,-400,-101,232,486,601,567,385,104,-186,-420,-543,-522,-375,-138,129,358,478,457,332,137,-83,-271,0,-372,-263,-89,91,229,286,256,158,6,-144,-235,-250,-185,-54,104,236,302,274,163,-5,-191,-333,-382,-334,-187,36,266,426,479,411,235,-22,-295,-497,-580,-515,-315,-22,288,533,654,610,413,104,-242,-537,-698,-688,-513,-200,182,512,712,746,589,279,-100,-465,-721,-799,-675,-380,11,398,688,810,739,487,110,-297,-630,-812,-798,-593,-250,154,523,758,811,672,382,4,-372,-650,-759,-692,-473,-152,197,491,658,669,532,278,-41,-330,-527,-591,-521,-336,-78,187,390,489,479,363,168,-56,-253,-385,-426,-371,-243,-76,102,253,340,352,302,202,74,-50,-145,-201,-215,0,0,0,0,0,-192,-320,-416,-452,-407,-277,-81,153,380,549,624,581,408,139,-165,-455,-657,-721,-630,-396,-62,298,585,749,757,588,272,-105,-461,-720,-806,-701,-420,-35,352,662,825,772,516,140,-280,-641,-845,-832,-611,-239,199,599,850,898,722,356,-111,-545,-847,-944,-811,-462,11,478,823,964,860,545,102,-379,-769,-955,-896,-603,-161,325,735,951,914,642,206,-288,-709,-934,-914,-665,-248,252,694,936,935,691,261,-238,-674,-940,-964,-732,-305,211,682,969,999,781,354,-171,-661,-992,-1064,-861,-440,116,651,1015,1130,957,544,-8,-566,-979,-1148,-1029,-644,-91,474,923,1141,1060,700,0,-397,-861,-1100,-1057,-737,-222,346,826,1086,1057,754,254,-319,-811,-1088,-1081,-785,-283,298,816,1121,1126,843,347,-249,-786,-1128,-1183,-926,-430,179,744,1105,1190,976,504,-95,-662,-1064,-1180,-996,-559,19,583,981,1121,965,561,19,-507,-894,-1041,-901,-516,2,516,876,991,834,442,-62,-543,-883,-988,-824,-430,95,597,940,1044,874,461,-69,-584,-952,-1078,-928,-528,5,530,923,1079,949,592,94,-439,-849,-1028,-947,-632,-159,336,731,939,890,618,207,-244,-616,-806,-783,-551,-185,204,534,702,666,454,123,-228,-496,-623,-568,-347,-41,284,527,615,522,274,-50,-362,-582,-646,-533,0,0,0,0,0,445,676,739,611,318,-61,-427,-683,-765,-653,-373,-2,374,652,751,660,396,30,-332,-607,-719,-636,-380,-33,317,578,678,583,336,2,-333,-580,-673,-569,-305,32,361,594,664,559,291,-64,-388,-616,-683,-550,-259,94,428,656,713,572,271,-103,-459,-699,-753,-606,-301,90,460,714,783,649,346,-52,-433,-691,-772,-663,-368,18,385,651,741,637,367,-11,-378,-633,-718,-614,-343,13,368,628,719,622,360,0,-351,-604,-702,-624,-382,-40,311,570,681,616,397,84,-250,-511,-631,-583,-390,-105,203,453,582,554,385,124,-156,-389,-514,-505,-370,-149,107,313,418,408,297,0,-86,-252,-333,-312,-204,-49,112,231,272,228,105,-53,-184,-260,-258,-172,-21,148,286,344,296,159,-41,-237,-378,-430,-367,-196,46,288,467,531,463,269,-2,-294,-521,-621,-565,-358,-60,264,539,679,660,458,142,-218,-530,-712,-715,-547,-236,145,495,720,767,626,324,-66,-442,-710,-805,-701,-435,-57,344,666,825,778,544,181,-224,-577,-794,-815,-639,-313,86,451,701,789,695,434,76,-286,-565,-711,-693,-511,-209,127,413,599,642,523,294,20,-255,-457,-537,-494,-351,-130,117,323,441,454,369,204,1,-186,-321,-384,-368,-275,-135,20,160,258,299,283,225,144,50,0,0,0,0,0,295,218,92,-84,-270,-434,-537,-546,-445,-255,4,280,513,650,658,524,277,-47,-371,-626,-741,-697,-495,-179,186,520,741,787,648,358,-23,-410,-695,-807,-728,-473,-90,314,655,836,804,566,185,-250,-625,-840,-854,-662,-290,165,582,856,930,771,411,-55,-512,-843,-965,-843,-497,-32,437,813,970,871,566,120,-368,-761,-954,-905,-630,-191,299,712,936,908,653,226,-267,-687,-930,-925,-672,-249,235,671,931,942,712,279,-229,-674,-946,-976,-749,-333,177,665,984,1034,815,384,-152,-662,-1012,-1103,-915,-482,73,607,1000,1144,1003,598,41,-524,-961,-1153,-1047,-675,-137,425,885,0,1074,729,201,-370,-841,-1092,-1056,-742,-238,332,817,1089,1074,777,271,-308,-811,-1105,-1106,-822,-318,276,802,1126,1161,890,387,-215,-763,-1118,-1187,-954,-467,142,701,1083,1192,992,533,-51,-622,-1032,-1160,-983,-566,-1,548,944,1095,944,535,11,-505,-881,-1010,-860,-483,24,515,868,980,817,432,-81,-577,-916,-1017,-840,-436,92,602,959,1069,896,493,-41,-567,-945,-1086,-943,-559,-39,485,888,1057,961,617,122,-395,-797,-991,-930,-634,-187,291,672,862,830,592,209,-219,-573,-753,-723,-504,-161,214,506,646,604,404,87,-246,-502,-614,-543,-308,6,315,545,620,517,267,-65,-388,0,0
61712,mtk,MTK 7916,864125771,rx2-tx0,512,0,0,0,940,499,-88,-674,-1095,-1227,-1045,-587,45,673,1132,1308,1142,674,28,-633,-1140,-1351,-1202,-743,-88,594,1120,1361,1246,802,146,-548,-1104,-1363,-1264,-838,-187,515,1078,1351,1269,846,201,-492,-1048,-1320,-1244,-835,-202,483,1042,1313,1234,820,184,-496,-1038,-1298,-1212,-808,-178,495,1025,1285,1197,781,160,-500,-1019,-1256,-1149,-732,-131,510,1015,1233,1104,672,64,-555,-1025,-1217,-1073,-627,-13,607,1062,1218,1040,579,-47,-665,-1109,-1246,-1038,-548,93,721,1163,1291,1066,555,-114,-762,-1210,-1336,-1114,-594,94,767,1239,1385,1175,645,-63,-758,-1256,-1426,-1228,-706,1,709,1241,1448,1268,765,65,-656,-1201,0,-1302,-822,-132,592,1164,1430,1324,865,179,-543,-1119,-1406,-1327,-900,-231,503,1110,1419,1361,948,283,-464,-1096,-1441,-1410,-1020,-362,397,1063,1448,1467,1113,455,-328,-1015,-1436,-1503,-1181,-548,228,953,1433,1540,1259,653,-117,-861,-1387,-1556,-1331,-767,-19,740,1311,1538,1374,866,149,-606,-1205,-1495,-1401,-948,-265,474,1091,1429,1397,1018,386,-343,-981,-1359,-1408,-1115,-540,167,817,1262,1392,1181,690,39,-604,-1087,-1307,-1202,-817,-252,355,857,1140,1150,894,434,-114,-611,-944,-1040,-889,-543,-87,368,719,893,858,623,263,-136,-494,-722,-782,-676,-434,-114,204,464,618,645,552,371,151,-62,-227,-329,0,0,0,0,0,199,40,-157,-369,-542,-634,-615,-469,-208,114,432,685,807,761,543,193,-215,-588,-844,-918,-783,-458,-12,455,832,1020,966,684,226,-306,-779,-1079,-1126,-896,-448,131,695,1103,1255,1095,656,56,-574,-1079,-1325,-1245,-862,-264,415,1003,1346,1356,1031,457,-242,-897,-1330,-1432,-1175,-617,94,770,1263,1448,1267,764,75,-619,-1155,-1403,-1300,-875,-230,468,1035,1335,1286,919,320,-346,-905,-1225,-1225,-908,-363,258,805,1131,1147,862,359,-227,-746,-1056,-1071,-801,-322,232,723,1019,1030,755,279,-270,-749,-1028,-1028,-742,-253,306,792,1062,1047,761,258,-323,-814,-1091,-1086,-796,-285,305,820,1114,1116,0,314,-292,-817,-1134,-1154,-865,-342,281,826,1147,1170,882,351,-277,-836,-1174,-1197,-905,-367,280,862,1217,1254,961,410,-252,-867,-1259,-1310,-1017,-462,222,858,1271,1348,1071,514,-180,-832,-1255,-1354,-1099,-559,131,779,1214,1335,1103,577,-89,-730,-1169,-1282,-1059,-557,91,709,1134,1248,1020,521,-108,-700,-1101,-1207,-986,-496,117,696,1083,1176,948,475,-124,-685,-1053,-1137,-911,-443,130,660,1013,1085,865,413,-141,-639,-957,-1010,-794,-364,155,619,904,935,703,280,-212,-633,-872,-864,-611,-188,285,676,874,824,537,94,-379,-745,-906,-815,-493,-26,458,819,956,825,459,-41,-539,-900,-1023,-873,0,0,0,0,0,654,1045,1177,999,546,-67,-674,-1109,-1262,-1089,-625,8,657,1146,1329,1169,705,55,-611,-1130,-1362,-1233,-776,-118,570,1111,1363,1254,816,169,-529,-1085,-1356,-1271,-842,-196,502,1065,1344,1257,846,206,-483,-1043,-1323,-1241,-824,-195,486,1041,1307,1218,811,186,-495,-1039,-1299,-1206,-796,-172,500,1025,1271,1176,764,140,-511,-1009,-1239,-1131,-712,-100,530,1013,1217,1088,661,44,-583,-1040,-1208,-1045,-593,21,633,1077,1227,1035,558,-76,-697,-1133,-1266,-1055,-553,110,748,1182,1309,1095,578,-110,-771,-1233,-1370,-1142,-615,82,761,1244,1413,1207,678,-35,-741,-1250,-1432,-1249,-746,-39,683,1221,1442,1291,797,0,-619,-1181,-1435,-1312,-839,-156,569,1147,1425,1327,883,209,-520,-1113,-1416,-1349,-924,-255,482,1098,1429,1380,972,313,-431,-1074,-1447,-1441,-1055,-398,370,1045,1456,1492,1141,495,-280,-980,-1435,-1528,-1222,-600,180,911,1413,1551,1292,713,-50,-803,-1353,-1559,-1361,-817,-79,672,1253,1516,1387,908,207,-542,-1155,-1466,-1404,-982,-319,418,1038,1397,1408,1073,462,-262,-910,-1326,-1412,-1149,-609,60,710,1181,1349,1197,768,162,-470,-974,-1229,-1182,-855,-343,230,732,1045,1096,890,493,-6,-495,-833,-962,-876,-596,-185,255,611,811,824,654,341,-24,-359,-606,-721,-684,-510,-254,26,275,448,524,508,414,264,0,0,0,0,0,379,475,499,425,253,14,-260,-515,-688,-737,-638,-394,-49,326,640,830,847,672,334,-99,-528,-852,-984,-885,-579,-121,385,813,1059,1054,790,329,-219,-741,-1105,-1198,-995,-543,44,636,1096,1302,1181,766,161,-493,-1045,-1344,-1307,-948,-355,331,953,1342,1394,1108,540,-171,-847,-1307,-1436,-1215,-695,0,692,1208,1426,1293,827,156,-543,-1105,-1379,-1299,-893,-278,404,975,1282,1256,909,341,-305,-856,-1173,-1188,-888,-365,240,768,1085,1108,830,343,-227,-733,-1031,-1046,-779,-302,250,726,1010,1019,744,264,-287,-765,-1041,-1031,-737,-246,314,795,1076,1066,769,271,-308,-812,-1101,-1103,-814,-304,295,0,1135,1138,844,325,-285,-817,-1138,-1160,-867,-349,272,831,1163,1185,892,360,-276,-850,-1200,-1232,-936,-388,278,869,1231,1284,992,431,-248,-870,-1267,-1327,-1040,-483,208,846,1262,1351,1088,537,-153,-805,-1242,-1345,-1104,-574,109,754,1194,1314,1085,573,-87,-713,-1141,-1264,-1048,-554,89,702,1119,1228,1000,510,-109,-696,-1091,-1189,-967,-477,128,689,1069,1160,937,465,-124,-679,-1037,-1106,-886,-433,133,651,984,1052,834,389,-149,-634,-934,-973,-747,-320,185,620,878,891,651,231,-244,-651,-872,-845,-577,-145,325,708,888,813,508,53,-423,-780,-927,-819,-473,11,502,863,989,845,468,-53,-567,0,0
61713,mtk,MTK 7916,864125771,rx2-tx1,512,0,0,0,-395,172,702,1050,1134,921,464,-124,-687,-1069,-1169,-976,-525,64,633,1046,1183,1011,583,1,-578,-995,-1153,-1022,-623,-57,518,940,1112,992,608,72,-470,-881,-1049,-933,-563,-49,458,834,981,851,492,-3,-502,-847,-959,-805,-425,80,563,888,962,769,368,-139,-618,-939,-998,-782,-354,184,680,987,1028,795,341,-209,-708,-1022,-1055,-800,-328,243,750,1066,1095,814,308,-283,-813,-1129,-1148,-860,-335,290,849,1193,1224,940,406,-250,-842,-1220,-1301,-1041,-501,150,772,1207,1325,1100,609,-42,-677,-1136,-1306,-1140,-690,-66,574,1065,1272,1159,765,175,-449,-940,-1185,-1131,-800,-276,305,794,1067,0,788,330,-190,-641,-911,-933,-717,-324,137,542,786,807,609,257,-159,-524,-723,-718,-520,-188,188,509,673,646,444,108,-256,-544,-671,-601,-361,-10,352,612,706,597,300,-92,-470,-739,-819,-674,-327,124,558,867,958,799,428,-81,-594,-968,-1106,-968,-577,-31,536,989,1205,1119,747,184,-425,-941,-1242,-1235,-926,-387,259,844,1236,1339,1109,608,-34,-669,-1135,-1338,-1234,-840,-250,379,915,1237,1262,989,493,-91,-641,-1024,-1152,-1016,-661,-163,348,753,969,956,727,335,-115,-513,-780,-850,-722,-446,-80,291,583,735,719,547,278,-34,-326,-537,-622,-587,-453,-252,-27,173,314,383,398,0,0,0,0,0,161,332,470,548,535,419,213,-51,-321,-539,-666,-659,-502,-234,87,399,628,722,651,425,92,-267,-571,-745,-737,-557,-229,161,518,757,810,669,356,-64,-475,-782,-894,-779,-470,-42,412,781,964,911,632,185,-320,-748,-996,-995,-752,-321,205,678,983,1052,860,446,-87,-596,-962,-1077,-920,-529,-10,505,897,1064,961,621,113,-421,-833,-1031,-966,-662,-189,327,757,989,958,676,218,-284,-705,-940,-917,-657,-222,266,678,916,907,658,238,-251,-676,-913,-916,-682,-266,223,659,918,932,709,304,-184,-619,-896,-937,-727,-329,149,586,869,922,728,351,-118,-563,-855,-921,-732,-344,0,567,847,907,733,366,-101,-543,-839,-905,-732,-366,99,529,817,883,706,341,-124,-548,-816,-874,-689,-307,167,603,873,904,685,281,-217,-676,-948,-966,-733,-301,228,709,1008,1047,802,337,-218,-702,-1020,-1087,-851,-372,188,696,1032,1084,847,386,-178,-691,-1027,-1081,-840,-373,193,702,1022,1067,825,357,-207,-716,-1037,-1079,-830,-349,224,735,1060,1103,833,344,-238,-760,-1079,-1120,-857,-361,230,771,1111,1145,879,384,-207,-750,-1104,-1166,-921,-432,165,714,1076,1154,931,464,-123,-668,-1026,-1122,-919,-466,103,630,979,1071,875,442,-102,-609,-959,-1046,-846,-420,119,624,956,1033,829,402,0,0,0,0,0,-1025,-1100,-886,-421,160,696,1061,1160,955,494,-97,-664,-1059,-1185,-1000,-555,34,601,1009,1165,1018,603,31,-547,-971,-1133,-998,-609,-63,487,901,1080,966,592,71,-461,-861,-1014,-894,-535,-42,461,836,968,826,458,-39,-523,-858,-959,-796,-395,119,596,920,995,784,360,-160,-653,-972,-1020,-789,-343,201,695,1003,1040,803,341,-226,-729,-1030,-1059,-799,-316,264,785,1098,1116,835,324,-286,-833,-1164,-1191,-900,-362,280,848,1203,1258,993,461,-201,-817,-1223,-1312,-1069,-556,100,731,1178,1329,1133,650,17,-625,-1103,-1295,-1163,-740,-130,502,995,1227,1150,791,239,-365,-860,-1127,-1106,-806,-309,0,708,985,1006,767,334,-161,-585,-843,-867,-666,-300,139,515,739,762,568,223,-171,-511,-697,-680,-475,-144,223,518,670,630,399,54,-301,-573,-682,-597,-332,36,400,668,751,614,291,-128,-530,-808,-887,-736,-373,111,586,926,1045,892,508,-20,-562,-979,-1159,-1044,-667,-114,480,971,1222,1180,842,289,-353,-916,-1249,-1282,-1010,-488,152,764,1200,1348,1174,724,102,-541,-1043,-1305,-1267,-926,-382,234,787,1140,1221,1027,602,50,-490,-890,-1065,-997,-710,-264,224,628,863,894,720,390,-11,-393,-673,-796,-732,-498,-169,173,461,643,683,584,376,105,-160,-371,-501,-534,-471,-339,-182,-21,0,0,0,0,0,-419,-355,-218,-14,217,432,589,640,565,374,104,-195,-473,-653,-692,-583,-338,-10,328,603,738,703,493,165,-205,-540,-751,-778,-609,-294,102,490,760,845,725,413,-14,-445,-779,-929,-844,-544,-107,369,771,984,952,691,252,-266,-723,-1004,-1037,-810,-381,139,637,982,1084,903,489,-35,-550,-932,-1077,-947,-576,-62,462,862,1053,979,649,159,-369,-795,-1009,-972,-679,-212,305,733,962,942,668,225,-273,-695,-922,-907,-653,-228,255,675,918,917,667,240,-245,-667,-924,-932,-694,-280,203,633,903,933,722,323,-165,-606,-879,-921,-726,-335,136,565,855,914,724,348,-130,-570,-856,0,-729,-357,110,554,844,909,736,364,-97,-534,-827,-898,-726,-359,98,527,813,872,700,327,-143,-570,-845,-884,-677,-278,212,650,910,932,708,284,-229,-693,-985,-1017,-772,-320,222,716,1026,1061,811,347,-200,-698,-1019,-1078,-845,-383,177,691,1021,1085,843,374,-183,-692,-1020,-1068,-828,-368,195,709,1030,1076,832,356,-222,-736,-1054,-1096,-840,-353,233,763,1077,1104,846,355,-239,-769,-1095,-1131,-873,-376,228,770,1113,1165,898,408,-189,-742,-1099,-1165,-926,-445,144,691,1055,1140,923,471,-99,-640,-1011,-1101,-894,-454,95,619,972,1055,857,435,-104,-614,-956,-1037,-835,-407,133,634,966,0,0
61714,mtk,MTK 7916,864174887,rx0-tx0,512,-330,-457,-670,837,909,886,756,558,304,14,-267,-517,-712,-848,-888,-837,-719,-516,-257,16,290,535,731,854,888,833,696,500,238,-32,-310,-569,-771,-891,-929,-873,-720,-490,-203,98,395,654,853,954,961,867,683,425,118,-190,-479,-719,-885,-958,-925,-802,-599,-340,-46,249,516,733,876,922,887,755,553,301,9,-272,-528,-744,-867,-913,-871,-736,-526,-264,34,321,577,771,892,920,841,682,446,171,-120,-388,-628,-793,-869,-853,-752,-566,-336,-74,200,447,634,757,801,763,655,480,246,-1,-228,-440,-601,-694,-730,-687,-574,-398,-200,18,236,433,565,645,674,629,519,365,172,-39,-26,-425,-563,-638,-656,-612,-507,-336,-133,70,275,453,585,669,669,613,474,292,81,-141,-353,-533,-648,-696,-658,-567,-417,-215,11,229,431,579,665,680,624,495,324,118,-102,-305,-486,-602,-664,-649,-572,-436,-242,-43,186,380,531,645,679,637,523,360,161,-64,-300,-492,-627,-693,-663,-564,-408,-200,38,270,473,598,653,626,509,341,141,-69,-268,-419,-508,-528,-477,-386,-243,-83,69,204,296,337,338,303,238,160,73,-15,-95,-149,-178,-192,-184,-162,-135,-95,-46,-2,34,71,95,109,125,128,123,105,72,27,-22,-64,-109,-142,-146,-137,-99,-39,22,73,113,121,309,57,510,874,681,-188,-223,-220,-164,-72,40,151,246,300,313,283,205,107,-4,-118,-229,-312,-348,-364,-324,-256,-159,-25,110,239,351,433,482,461,392,277,110,-82,-263,-439,-575,-641,-646,-568,-412,-202,54,312,545,723,832,840,747,549,282,-23,-352,-635,-869,-996,-1004,-899,-669,-361,-9,358,695,949,1093,1117,996,768,439,50,-334,-675,-946,-1122,-1161,-1063,-847,-537,-161,216,589,889,1078,1149,1098,921,648,304,-71,-436,-750,-979,-1111,-1109,-990,-774,-469,-114,252,596,867,1047,1106,1049,877,614,288,-70,-421,-726,-949,-1075,-1079,-964,-752,-455,-112,239,568,820,989,1046,991,835,586,288,301,-348,-634,-839,-948,-980,-897,-731,-502,-217,86,383,643,827,941,968,898,731,488,194,-123,-423,-700,-894,-1003,-1012,-909,-720,-438,-113,215,521,780,955,1034,1001,876,653,372,58,-279,-571,-806,-985,-1048,-1013,-871,-642,-353,-21,323,618,871,1025,1085,1029,867,625,309,-49,-403,-708,-954,-1102,-1139,-1045,-851,-566,-220,158,510,824,1032,1142,1132,992,755,441,77,-292,-621,-875,-1043,-1096,-1043,-878,-630,-315,25,349,649,876,999,1019,948,772,527,240,-80,-387,-651,-847,-949,-958,-872,-708,-474,-185,121,406,642,823,923,922,824,655,418,136,-158,-436,-669,-832,-904,-894,-782,-604,935,1003,-82,-777,-608,352,67,-232,-497,-706,-848,-905,-857,-729,-529,-280,10,277,524,724,849,883,836,705,505,257,-18,-295,-539,-742,-866,-901,-852,-714,-497,-234,55,348,608,809,929,951,880,715,467,167,-148,-447,-700,-883,-969,-955,-845,-646,-382,-71,234,510,729,879,938,903,781,576,312,25,-265,-530,-727,-865,-910,-866,-749,-540,-278,1,279,545,742,885,925,865,717,490,221,-78,-360,-606,-794,-891,-894,-802,-637,-390,-117,160,412,629,766,837,815,701,515,287,30,-215,-440,-619,-738,-759,-720,-611,-431,-220,7,234,437,590,676,704,660,544,373,181,-30,-244,-423,-562,-644,-662,628,-510,-349,-156,52,251,439,580,650,663,615,496,335,118,-98,-313,-499,-623,-685,-677,-599,-452,-254,-30,187,383,551,662,691,648,533,367,157,-57,-277,-458,-587,-662,-654,-591,-459,-285,-82,134,331,503,612,660,644,544,409,217,-8,-232,-423,-569,-658,-683,-623,-482,-295,-61,174,389,550,664,685,632,486,286,61,-173,-374,-516,-588,-590,-520,-376,-203,-14,159,300,404,438,423,356,250,125,6,-104,-186,-237,-261,-256,-223,-166,-106,-50,7,57,100,136,143,140,128,115,86,60,22,-17,-54,-87,-116,-135,-132,-119,-95,-46,7,63,116,144,137,113,65,13,-836,-890,-82,-506,-752,-90,2,106,200,260,279,252,180,72,-44,-161,-254,-306,-328,-309,-260,-162,-62,59,180,281,365,411,399,348,258,142,-11,-175,-320,-451,-539,-562,-518,-419,-247,-45,172,389,566,697,755,716,586,377,113,-181,-466,-702,-853,-928,-890,-735,-484,-155,187,521,805,997,1071,1027,849,568,225,-159,-527,-832,-1059,-1146,-1102,-933,-668,-312,85,467,795,1031,1147,1129,1004,742,411,38,-342,-682,-939,-1095,-1129,-1049,-846,-562,-205,172,517,815,1023,1113,1083,938,694,378,13,-343,-669,-919,-1074,-1101,-1016,-815,-543,-206,163,502,787,985,1073,1046,900,659,360,21,-308,-605,-838,-972,-176,-940,-781,-530,-249,66,372,628,825,939,960,888,721,491,218,-85,-387,-657,-857,-975,-988,-908,-723,-458,-159,167,478,747,942,1025,1009,890,679,395,78,-247,-546,-801,-956,-1031,-995,-858,-654,-368,-34,295,595,835,995,1068,1017,871,636,333,-3,-356,-660,-909,-1068,-1120,-1042,-871,-607,-278,94,458,771,1008,1140,1149,1037,809,496,148,-227,-573,-857,-1056,-1140,-1102,-939,-689,-375,-24,320,639,883,1027,1055,979,815,562,256,-59,-371,-648,-848,-968,-991,-905,-739,-495,-209,98,391,644,832,939,942,853,684,443,157,-145,-421,-657,-830,-914,-904,-810,-633,-383,-102,195,463,683,365,74
61715,mtk,MTK 7916,864174887,rx0-tx1,512,-686,1034,1054,606,494,331,139,-66,-260,-433,-555,-611,-602,-541,-419,-257,-81,107,275,411,506,553,543,472,371,234,78,-71,-230,-358,-456,-512,-514,-479,-400,-280,-137,22,188,337,451,526,562,545,464,345,180,-1,-187,-363,-508,-598,-641,-618,-527,-377,-182,35,248,439,584,676,698,651,530,350,135,-90,-313,-508,-651,-725,-723,-640,-504,-310,-80,153,374,560,685,727,697,606,446,239,4,-220,-423,-581,-682,-712,-662,-548,-387,-176,52,267,457,596,672,685,629,500,328,121,-99,-298,-472,-601,-664,-656,-589,-458,-279,-70,139,338,499,607,652,633,550,409,224,17,-191,-377,-38,-622,-652,-612,-516,-362,-167,47,254,429,562,650,665,603,483,315,101,-121,-332,-508,-631,-688,-661,-574,-421,-225,2,231,434,589,678,692,626,494,312,92,-135,-339,-510,-614,-660,-628,-535,-387,-200,17,226,389,533,601,614,570,449,292,108,-93,-271,-422,-536,-589,-575,-507,-383,-216,-23,168,345,479,570,594,549,455,302,111,-84,-279,-444,-558,-597,-567,-479,-319,-138,59,245,405,511,552,523,425,294,120,-62,-230,-362,-452,-485,-452,-370,-245,-96,64,216,328,394,416,379,297,179,36,-105,-226,-311,-356,-349,-281,-175,-39,95,209,280,290,238,145,35,-70,488,745,0,-131,-447,-29,38,114,171,196,194,146,72,-13,-101,-166,-219,-232,-211,-165,-93,-9,78,153,208,239,241,203,147,70,-14,-95,-166,-212,-233,-223,-190,-139,-69,1,70,127,164,180,185,171,143,111,64,22,-29,-82,-120,-149,-183,-195,-187,-165,-120,-65,3,73,147,204,247,256,243,190,118,35,-52,-133,-212,-260,-282,-278,-234,-176,-101,-8,86,165,222,255,273,270,244,188,105,22,-68,-162,-238,-295,-325,-324,-288,-225,-132,-14,100,211,306,363,385,364,301,206,86,-49,-173,-283,-367,-411,-410,-367,-277,-164,-39,98,227,337,401,427,415,353,259,135,-10,-138,-48,-367,-426,-453,-429,-359,-246,-115,28,170,312,414,477,489,463,382,251,99,-69,-241,-382,-479,-532,-528,-462,-351,-204,-32,154,300,428,512,544,519,443,315,162,-1,-159,-311,-444,-520,-545,-528,-448,-326,-179,-11,172,325,457,543,587,561,479,356,188,-1,-188,-375,-517,-611,-648,-619,-528,-376,-187,33,247,442,592,682,707,652,522,339,118,-120,-343,-543,-670,-735,-719,-627,-472,-257,-20,218,430,597,700,727,676,560,380,165,-60,-277,-463,-598,-678,-696,-624,-498,-322,-123,100,312,479,607,668,659,589,454,268,58,-157,-355,-513,-620,-667,-640,-549,-395,-207,2,706,518,9,184,-142,-222,-413,-550,-621,-627,-572,-464,-298,-103,95,276,434,528,582,567,501,384,240,73,-102,-255,-377,-478,-519,-520,-472,-376,-254,-104,50,200,334,444,507,529,506,430,315,174,4,-178,-344,-478,-567,-596,-579,-501,-364,-187,6,212,397,548,643,679,640,533,370,166,-58,-280,-477,-624,-699,-709,-650,-520,-332,-112,128,347,528,665,724,710,622,469,264,35,-190,-400,-575,-686,-726,-690,-583,-414,-209,20,249,440,595,689,701,648,527,354,146,-71,-286,-465,-597,-674,-672,-606,-482,-307,-95,117,318,492,609,659,642,565,428,251,50,-152,-346,-508,-614,-655,-630,-539,634,-201,10,218,394,542,635,658,612,498,341,142,-79,-286,-459,-597,-670,-666,-596,-457,-270,-50,173,376,544,654,694,656,544,371,156,-75,-294,-477,-609,-673,-659,-580,-437,-247,-36,181,366,516,609,642,589,492,338,142,-48,-245,-414,-529,-598,-597,-534,-424,-267,-74,121,300,451,553,594,567,479,344,177,-19,-206,-381,-520,-589,-592,-530,-403,-232,-27,171,362,498,569,577,522,401,230,35,-162,-320,-444,-514,-519,-454,-338,-190,-19,144,282,384,441,444,385,275,142,-5,-150,-267,-353,-387,-367,-293,-187,-59,82,204,294,335,311,239,122,-8,-128,-204,-228,-196,902,713,0,721,582,153,165,138,76,3,-83,-163,-210,-226,-205,-157,-83,13,95,172,226,248,235,185,118,38,-51,-129,-191,-235,-243,-222,-173,-104,-29,48,114,172,208,215,199,163,109,58,-1,-61,-104,-140,-160,-167,-168,-147,-118,-89,-49,11,66,125,175,210,223,218,189,136,63,-24,-114,-197,-248,-276,-271,-243,-186,-103,-21,73,155,214,263,283,270,230,168,94,10,-74,-158,-232,-276,-294,-300,-265,-206,-121,-25,81,182,263,330,360,348,308,222,111,-11,-141,-256,-342,-399,-407,-371,-301,-193,-60,77,211,321,388,423,413,363,268,145,15,-126,-257,-356,-424,-438,-409,-1135,-256,-128,10,155,284,383,445,465,444,370,252,111,-43,-193,-340,-445,-505,-521,-475,-369,-230,-68,115,278,414,507,555,529,451,340,178,7,-163,-314,-440,-518,-544,-513,-439,-317,-164,-5,166,325,446,524,564,542,460,345,193,15,-174,-339,-481,-580,-613,-595,-514,-372,-197,5,212,405,559,656,689,643,536,366,162,-71,-302,-498,-640,-719,-718,-648,-504,-303,-75,173,389,570,688,736,703,597,424,207,-26,-251,-453,-608,-690,-703,-647,-525,-348,-144,82,295,469,598,667,677,602,474,304,92,-123,-326,-500,-613,-666,-653,-568,-425,-245,-32,179,373,522,612,643,224,523
61716,mtk,MTK 7916,864174887,rx1-tx0,512,0,-401,-538,9,-191,-380,-533,-641,-685,-663,-573,-435,-236,-4,235,437,620,741,791,755,649,470,233,-33,-307,-558,-749,-871,-912,-844,-687,-449,-158,159,474,736,926,1012,985,864,644,350,6,-355,-660,-903,-1052,-1080,-994,-798,-524,-176,177,524,801,992,1080,1047,895,667,362,24,-301,-607,-844,-985,-1023,-963,-800,-561,-271,53,362,632,842,972,985,907,734,488,194,-116,-423,-681,-877,-975,-959,-854,-668,-406,-102,208,493,721,885,946,907,786,563,294,-9,-301,-564,-766,-877,-910,-821,-668,-445,-169,115,388,614,769,824,799,694,522,290,43,-201,-406,-582,-693,-727,-678,-563,-409,-277,4,215,389,530,611,620,583,479,336,176,-19,-196,-351,-482,-552,-575,-552,-466,-341,-180,-4,168,331,450,545,587,557,473,349,185,1,-177,-345,-475,-551,-585,-562,-486,-356,-203,-16,168,335,494,598,639,625,550,407,224,10,-209,-423,-593,-704,-757,-708,-594,-424,-170,89,357,598,766,861,842,727,530,261,-44,-359,-623,-808,-911,-900,-767,-543,-258,49,347,607,785,867,835,711,492,227,-48,-301,-520,-670,-742,-707,-598,-426,-220,17,236,421,557,615,602,518,372,187,-10,-199,-359,-472,-530,-514,-429,-297,-121,71,245,378,458,456,367,227,58,-108,-241,-296,326,96,0,-158,228,55,81,89,83,68,35,-12,-55,-88,-117,-130,-118,-95,-63,-9,35,84,122,145,150,144,124,74,32,-25,-82,-130,-168,-191,-189,-166,-137,-85,-22,41,116,182,227,251,248,214,157,84,-3,-101,-204,-285,-332,-351,-334,-260,-163,-38,104,244,362,441,471,443,362,224,55,-124,-305,-441,-528,-548,-511,-406,-245,-62,134,312,455,551,572,524,413,264,82,-110,-288,-434,-523,-551,-520,-418,-276,-107,66,231,368,451,486,466,401,293,157,9,-139,-255,-335,-382,-383,-360,-304,-223,-125,-19,85,177,258,312,342,354,325,266,188,81,-22,-135,-249,-339,-400,-422,489,-342,-245,-115,31,184,307,411,478,491,455,367,234,83,-82,-258,-410,-507,-554,-550,-476,-365,-208,-24,159,325,482,578,610,576,498,358,172,-27,-231,-414,-551,-641,-653,-608,-486,-320,-125,100,307,483,614,683,679,607,478,298,76,-142,-349,-523,-646,-707,-696,-616,-460,-276,-59,171,399,575,705,765,748,656,490,268,18,-246,-486,-686,-800,-837,-801,-650,-440,-179,109,382,616,782,864,843,739,542,285,3,-271,-505,-685,-783,-792,-732,-588,-381,-148,83,302,481,611,680,680,609,479,315,121,-78,-271,-427,-532,-599,-604,-564,-466,-328,-148,38,215,384,505,594,-783,-735,0,382,157,-647,-627,-547,-402,-220,-8,208,398,571,688,739,703,609,455,245,-5,-256,-487,-683,-801,-844,-799,-670,-463,-211,87,380,637,839,949,965,866,676,408,83,-253,-560,-817,-987,-1061,-1008,-838,-593,-266,88,439,736,958,1072,1071,955,729,436,96,-262,-581,-834,-1003,-1050,-998,-852,-605,-303,18,334,619,836,981,1013,935,766,527,226,-86,-386,-653,-854,-964,-974,-885,-704,-456,-148,167,457,704,880,959,938,824,624,359,47,-253,-538,-758,-886,-924,-865,-726,-500,-237,65,350,584,769,858,856,766,598,360,91,-170,-411,-611,-740,-779,-742,-630,-466,-244,-8,225,417,572,315,665,618,511,369,179,-16,-206,-377,-491,-571,-596,-555,-479,-347,-183,-11,171,337,466,551,577,548,461,341,193,8,-180,-339,-463,-550,-580,-557,-481,-348,-183,-3,178,344,470,563,607,579,510,382,212,17,-175,-374,-530,-638,-684,-669,-581,-418,-214,31,281,486,668,781,797,743,585,361,82,-222,-492,-721,-860,-911,-840,-662,-416,-123,202,499,732,864,891,823,651,399,98,-199,-465,-669,-781,-794,-723,-565,-352,-95,157,377,542,648,677,618,497,315,104,-113,-311,-459,-544,-564,-520,-415,-262,-78,117,286,417,495,494,420,291,123,-73,-242,-354,-395,-362,-255,-123,427,538,0,-794,-780,58,31,-4,-38,-74,-107,-119,-105,-82,-45,3,54,85,124,136,135,119,85,36,-10,-56,-109,-146,-163,-172,-151,-121,-78,-24,40,95,144,194,209,212,193,145,84,14,-69,-149,-225,-273,-298,-296,-254,-174,-68,42,173,282,358,403,405,357,262,121,-38,-203,-347,-455,-506,-511,-438,-308,-143,41,225,390,506,560,555,480,349,167,-40,-227,-383,-493,-557,-548,-480,-353,-185,-4,183,344,454,518,515,469,362,220,64,-105,-246,-364,-425,-447,-419,-345,-247,-125,2,117,223,295,339,346,332,294,230,150,57,-44,-154,-240,-314,-360,-371,-364,-309,-218,-104,24,-571,272,374,441,467,432,350,244,96,-61,-220,-361,-461,-515,-527,-487,-375,-226,-58,128,300,439,540,578,552,489,365,186,-12,-199,-370,-517,-606,-631,-601,-492,-347,-157,49,260,450,577,659,672,612,490,312,102,-122,-331,-505,-639,-701,-688,-612,-472,-284,-69,153,372,548,664,728,720,632,481,286,48,-191,-425,-618,-742,-799,-775,-667,-480,-228,27,302,551,731,845,859,777,612,371,84,-202,-457,-664,-794,-838,-784,-650,-450,-199,51,293,506,656,729,729,655,512,330,121,-93,-295,-456,-571,-632,-632,-572,-454,-305,-132,51,231,391,514,592,601,570,476,337,162,68,-308
61717,mtk,MTK 7916,864174887,rx1-tx1,512,0,0,0,214,-122,-435,-658,-755,-701,-494,-186,161,477,690,758,672,453,145,-193,-482,-671,-713,-604,-375,-63,259,515,652,647,507,251,-67,-358,-565,-658,-613,-429,-142,178,452,621,659,554,324,21,-287,-530,-664,-654,-504,-238,89,403,632,731,674,461,151,-193,-504,-708,-761,-664,-436,-102,258,555,743,782,648,377,38,-296,-575,-740,-745,-587,-307,21,343,600,720,682,509,232,-106,-420,-633,-708,-643,-438,-138,182,465,660,712,614,389,87,-222,-482,-647,-676,-562,-342,-63,229,475,612,616,501,286,19,-248,-456,-560,-543,-424,-233,9,241,402,471,451,344,165,-38,-213,0,-364,-328,-217,-66,87,212,271,261,196,71,-75,-184,-248,-252,-178,-58,85,215,299,317,258,128,-43,-210,-350,-416,-391,-285,-108,116,323,474,525,473,326,106,-149,-401,-582,-637,-566,-385,-123,174,446,633,692,624,434,141,-185,-476,-676,-751,-676,-460,-152,187,496,719,804,718,498,180,-177,-502,-730,-817,-746,-536,-219,138,463,711,823,774,583,288,-55,-387,-643,-778,-769,-606,-340,-31,274,534,683,699,588,373,97,-179,-409,-559,-604,-541,-379,-152,84,292,440,501,471,364,196,-1,-183,-325,-407,-415,-356,-240,-95,54,186,283,327,323,277,200,110,25,-46,0,0,0,0,0,53,182,311,419,486,494,437,309,110,-120,-340,-530,-654,-667,-576,-389,-126,168,445,658,760,725,563,305,-22,-344,-610,-774,-797,-677,-428,-87,273,578,777,827,710,460,120,-262,-591,-799,-864,-759,-498,-125,270,615,852,925,812,529,146,-273,-645,-890,-959,-840,-555,-155,285,667,910,971,837,541,141,-295,-674,-919,-968,-804,-493,-85,345,708,917,934,764,438,11,-414,-747,-932,-925,-721,-365,74,499,817,969,919,676,286,-168,-595,-910,-1032,-930,-639,-213,258,688,978,1081,965,642,182,-319,-766,-1067,-1151,-998,-649,-170,346,793,1092,1165,1004,645,154,-363,-801,-1078,0,-971,-597,-97,415,836,1077,1096,896,500,1,-494,-893,-1100,-1077,-839,-416,102,601,978,1157,1089,790,339,-192,-690,-1050,-1193,-1089,-773,-298,253,755,1089,1213,1085,736,237,-304,-785,-1099,-1178,-1018,-655,-167,347,788,1054,1093,904,536,62,-422,-803,-998,-975,-742,-355,106,548,864,983,891,599,167,-300,-699,-956,-1009,-846,-504,-40,441,829,1045,1048,835,455,-18,-488,-867,-1064,-1040,-809,-417,51,506,849,1008,973,746,366,-73,-491,-794,-923,-863,-638,-292,104,467,712,793,703,476,160,-176,-463,-635,-658,-533,-294,9,308,519,613,566,383,114,-174,-432,-598,-620,-508,-277,19,0,0,0,0,0,688,727,600,345,24,-313,-593,-743,-742,-599,-335,-1,339,603,731,709,547,262,-64,-368,-593,-695,-642,-448,-164,151,435,623,667,562,340,45,-257,-505,-644,-639,-494,-243,71,369,584,662,601,417,133,-196,-482,-657,-699,-592,-350,-24,313,584,734,728,570,292,-52,-396,-654,-777,-742,-549,-245,104,439,681,765,701,506,192,-163,-472,-679,-746,-647,-414,-103,228,522,699,715,586,337,17,-305,-561,-700,-690,-540,-281,49,361,584,690,662,490,225,-82,-368,-571,-659,-614,-437,-179,105,360,538,602,543,374,135,-124,-351,-494,-526,-463,-307,-94,135,317,412,424,357,0,29,-135,-263,-318,-294,-210,-79,64,182,250,250,182,60,-71,-192,-270,-276,-211,-90,69,228,338,376,324,201,22,-177,-349,-454,-477,-384,-200,23,257,456,573,572,458,251,-21,-301,-522,-649,-656,-526,-278,24,329,571,711,711,556,287,-31,-348,-612,-758,-752,-601,-327,16,363,639,786,789,639,360,13,-335,-618,-786,-812,-684,-420,-82,272,580,771,814,707,472,158,-176,-469,-680,-761,-695,-502,-227,74,355,559,647,624,486,262,9,-238,-434,-535,-538,-453,-282,-68,140,313,428,459,407,289,138,-37,-201,-317,-376,-379,-319,-214,-91,32,134,209,246,243,216,0,0,0,0,0,-352,-347,-294,-182,-28,148,334,483,572,596,531,369,139,-126,-389,-595,-703,-698,-583,-360,-63,249,526,718,785,714,510,211,-129,-456,-700,-813,-772,-587,-287,76,428,700,840,817,635,320,-59,-438,-736,-881,-856,-663,-337,65,464,778,938,913,708,359,-63,-480,-806,-961,-924,-723,-369,61,474,797,961,926,702,337,-105,-522,-825,-957,-896,-644,-265,172,573,859,962,866,589,194,-252,-648,-899,-966,-834,-519,-101,342,715,941,982,807,454,17,-436,-810,-1026,-1021,-796,-419,47,520,893,1097,1082,837,417,-82,-581,-963,-1152,-1116,-854,-423,82,584,969,1154,1107,827,382,0,-621,-971,-1123,-1048,-760,-313,201,671,995,1124,1008,674,206,-308,-764,-1059,-1135,-976,-614,-112,415,847,1118,1165,965,563,51,-482,-916,-1170,-1178,-944,-519,8,535,954,1175,1156,906,474,-59,-564,-950,-1138,-1081,-803,-368,136,601,934,1069,963,653,220,-259,-673,-928,-982,-822,-475,-25,425,785,974,955,724,328,-136,-580,-913,-1052,-966,-682,-255,232,676,979,1085,969,652,204,-278,-700,-984,-1072,-928,-602,-171,288,682,927,979,836,530,123,-300,-636,-826,-840,-689,-405,-36,324,588,718,691,515,233,-91,-378,-574,-635,-552,-346,-60,242,479,599,586,437,184,-114,-387,-585,-653,0,0
61718,mtk,MTK 7916,864174887,rx2-tx0,512,0,0,0,354,-180,-684,-1057,-1216,-1127,-794,-283,296,818,1180,1309,1171,788,233,-378,-917,-1266,-1355,-1164,-729,-142,479,1001,1313,1355,1115,643,30,-586,-1082,-1346,-1334,-1040,-526,92,694,1140,1344,1267,918,369,-253,-818,-1208,-1337,-1179,-771,-202,413,941,1259,1300,1070,616,27,-567,-1037,-1278,-1241,-943,-442,153,715,1110,1264,1146,782,250,-332,-840,-1157,-1216,-1013,-588,-35,518,963,1194,1165,875,388,-183,-709,-1081,-1220,-1088,-715,-178,405,900,1206,1251,1019,572,-8,-600,-1064,-1299,-1261,-956,-441,181,766,1191,1375,1264,887,328,-307,-885,-1287,-1421,-1257,-825,-225,417,987,1351,1430,1213,747,126,-520,-1052,0,-1418,-1151,-646,-16,615,1123,1393,1375,1072,539,-98,-717,-1189,-1409,-1338,-993,-435,215,828,1277,1451,1316,916,328,-343,-949,-1357,-1489,-1317,-875,-244,444,1036,1423,1514,1302,828,169,-527,-1109,-1473,-1536,-1289,-783,-119,572,1148,1495,1539,1268,750,77,-616,-1171,-1485,-1506,-1224,-700,-35,636,1172,1465,1467,1175,652,-1,-650,-1162,-1431,-1421,-1138,-624,12,632,1128,1402,1396,1124,641,43,-557,-1046,-1327,-1340,-1103,-677,-135,423,883,1166,1224,1050,686,216,-280,-707,-986,-1072,-953,-670,-284,138,521,792,910,857,656,353,0,-335,-596,-743,-762,-660,-462,-203,68,311,487,581,585,508,379,232,84,0,0,0,0,0,-339,-260,-121,67,274,472,630,700,666,532,301,3,-316,-596,-790,-864,-782,-562,-233,155,530,821,974,948,750,404,-38,-483,-853,-1076,-1095,-903,-534,-52,451,889,1166,1225,1046,667,145,-416,-912,-1233,-1327,-1165,-774,-218,389,922,1282,1397,1248,851,274,-361,-921,-1309,-1447,-1297,-886,-297,349,912,1306,1445,1292,895,313,-325,-890,-1269,-1395,-1240,-840,-287,324,861,1210,1306,1137,742,204,-360,-844,-1142,-1195,-1000,-595,-77,440,858,1090,1082,850,427,-75,-553,-909,-1063,-984,-694,-250,242,681,978,1063,915,569,93,-410,-827,-1067,-1081,-867,-460,48,549,933,1127,1090,817,374,-152,-656,0,-1181,-1083,-750,-263,279,771,1099,1199,1041,661,141,-414,-890,-1175,-1217,-996,-559,3,568,1014,1254,1232,948,457,-136,-701,-1129,-1325,-1245,-900,-358,263,823,1222,1369,1233,834,258,-370,-922,-1277,-1370,-1176,-734,-144,475,987,1292,1315,1067,605,14,-580,-1041,-1267,-1223,-927,-432,152,692,1083,1238,1126,769,248,-309,-799,-1113,-1189,-1006,-608,-87,444,882,1129,1127,885,458,-63,-561,-930,-1094,-1016,-727,-292,201,642,930,1010,875,552,114,-346,-715,-909,-905,-702,-343,85,490,771,874,780,512,120,-294,-642,-846,-858,-671,-334,90,500,798,920,838,558,151,-294,-689,-939,-978,-804,-456,5,0,0,0,0,0,1091,1152,970,573,43,-512,-970,-1226,-1237,-996,-539,41,622,1077,1317,1288,991,480,-135,-716,-1154,-1362,-1288,-944,-397,228,806,1220,1379,1247,859,291,-341,-896,-1264,-1359,-1169,-733,-140,476,987,1290,1313,1056,578,-25,-625,-1088,-1315,-1262,-937,-410,198,770,1170,1310,1174,792,237,-368,-887,-1217,-1287,-1071,-619,-48,521,980,1227,1203,920,431,-149,-685,-1067,-1220,-1099,-731,-208,362,852,1153,1197,978,549,-5,-567,-1008,-1227,-1181,-872,-371,215,766,1149,1284,1148,768,213,-403,-936,-1270,-1343,-1128,-666,-64,553,1063,1353,1368,1093,583,-50,-673,-1158,-1410,-1361,-1032,-497,144,764,1230,1437,1343,973,0,-244,-847,-1272,-1432,-1290,-875,-288,362,935,1314,1420,1231,783,170,-477,-1025,-1359,-1414,-1176,-686,-50,602,1137,1436,1433,1139,604,-52,-705,-1225,-1493,-1455,-1115,-542,138,796,1287,1520,1447,1077,482,-208,-858,-1338,-1555,-1451,-1050,-435,263,906,1370,1554,1428,1014,398,-287,-912,-1361,-1531,-1383,-966,-360,314,919,1336,1483,1327,910,320,-328,-913,-1311,-1450,-1301,-902,-331,308,873,1255,1398,1276,914,378,-218,-754,-1130,-1290,-1208,-907,-443,94,595,967,1140,1100,869,484,28,-411,-761,-958,-973,-804,-496,-122,253,575,780,837,750,543,255,-64,-355,-571,-687,-689,-589,-418,-206,13,202,335,400,412,0,0,0,0,0,-264,-405,-510,-559,-536,-431,-239,1,268,518,703,785,741,570,294,-48,-400,-698,-884,-920,-783,-496,-116,301,681,942,1042,949,665,245,-230,-680,-1014,-1167,-1102,-821,-370,172,686,1083,1284,1233,940,462,-114,-674,-1117,-1356,-1329,-1039,-545,63,670,1142,1393,1387,1100,591,-29,-655,-1152,-1415,-1403,-1120,-616,6,632,1128,1393,1382,1098,599,-18,-613,-1084,-1335,-1314,-1021,-532,52,618,1044,1241,1192,893,417,-138,-647,-1008,-1156,-1061,-742,-273,250,706,1001,1074,918,567,88,-405,-801,-1032,-1033,-806,-408,82,556,916,1082,1006,714,268,-236,-698,-1019,-1126,-992,-653,-166,360,815,1103,1156,969,0,53,-478,-911,-1162,-1167,-920,-472,73,597,1004,1208,1150,841,347,-220,-736,-1106,-1249,-1128,-757,-219,359,873,1212,1298,1106,679,105,-499,-1006,-1300,-1329,-1080,-608,-7,605,1092,1353,1334,1027,505,-114,-702,-1150,-1356,-1276,-926,-386,222,786,1181,1319,1166,775,227,-367,-874,-1187,-1252,-1044,-612,-60,500,947,1187,1178,913,447,-111,-637,-1022,-1178,-1086,-770,-285,255,730,1040,1122,964,600,123,-372,-783,-1022,-1038,-821,-429,42,488,822,971,903,636,232,-214,-599,-845,-897,-745,-428,-16,399,715,863,817,586,222,-197,-577,-830,-897,-759,-447,-29,403,753,941,915,683,297,-164,-602,-918,-1039,0,0
61719,mtk,MTK 7916,864174887,rx2-tx1,512,0,0,0,311,761,1060,1133,973,606,108,-426,-875,-1141,-1172,-966,-562,-46,488,917,1156,1150,908,487,-31,-544,-946,-1139,-1091,-829,-392,124,602,949,1096,1003,703,266,-229,-668,-952,-1021,-872,-539,-91,371,741,953,944,720,337,-122,-556,-867,-980,-880,-579,-144,324,720,964,1005,815,441,-23,-496,-866,-1045,-999,-745,-322,173,641,977,1101,977,639,166,-345,-791,-1072,-1126,-929,-534,-8,533,950,1174,1163,899,442,-116,-658,-1078,-1278,-1222,-910,-405,184,742,1156,1329,1230,885,368,-222,-771,-1165,-1314,-1204,-854,-327,261,793,1161,1288,1162,815,301,-265,-759,-1100,-1224,-1096,-746,-263,252,707,1010,0,951,638,205,-254,-638,-878,-922,-773,-475,-85,310,617,777,762,588,297,-59,-388,-621,-715,-640,-417,-110,220,494,645,653,510,245,-78,-387,-611,-695,-605,-374,-48,298,591,768,775,611,304,-90,-491,-800,-946,-904,-676,-293,172,621,956,1113,1052,773,333,-184,-678,-1053,-1222,-1164,-871,-392,169,698,1105,1311,1254,953,479,-101,-669,-1103,-1337,-1336,-1073,-607,-42,530,1007,1286,1337,1148,742,214,-324,-794,-1114,-1217,-1098,-795,-352,134,567,888,1038,993,771,414,1,-386,-684,-842,-846,-703,-446,-118,209,488,681,747,679,509,270,0,-249,-444,-562,-591,-534,-418,-265,-97,51,154,0,0,0,0,0,32,-128,-290,-442,-557,-604,-568,-441,-235,13,266,494,650,697,627,451,191,-111,-398,-614,-729,-712,-552,-289,32,357,619,767,769,620,346,-8,-366,-666,-839,-852,-697,-396,-4,394,719,917,940,771,443,26,-403,-769,-988,-1010,-837,-502,-60,405,791,1019,1050,871,524,63,-408,-794,-1030,-1057,-870,-515,-50,427,805,1023,1039,832,472,26,-436,-800,-996,-982,-772,-408,34,473,803,961,914,678,306,-128,-536,-831,-946,-862,-597,-207,226,613,876,952,823,522,116,-311,-673,-900,-955,-798,-462,-41,376,717,919,925,732,392,-22,-442,-766,-925,-889,-665,-299,132,530,805,911,0,594,212,-219,-604,-854,-926,-798,-507,-111,313,671,873,886,712,396,-11,-423,-742,-889,-836,-607,-248,177,572,835,915,805,510,95,-353,-733,-961,-978,-793,-430,31,492,860,1053,1025,783,372,-122,-594,-948,-1098,-1012,-720,-276,231,689,997,1086,949,606,137,-357,-783,-1041,-1065,-865,-485,10,507,895,1087,1045,774,339,-168,-641,-983,-1113,-1008,-681,-203,320,778,1066,1131,951,575,72,-459,-887,-1132,-1138,-899,-475,50,565,968,1170,1126,845,391,-147,-647,-1001,-1152,-1070,-756,-290,225,691,1007,1113,978,634,157,-349,-766,-1017,-1054,-862,-484,-10,467,842,1033,1002,750,339,-149,-617,0,0,0,0,0,-1072,-817,-395,116,615,990,1156,1086,793,335,-198,-696,-1050,-1186,-1079,-754,-277,259,742,1072,1173,1031,675,189,-334,-779,-1064,-1121,-932,-559,-80,415,822,1038,1029,809,418,-59,-523,-858,-989,-911,-636,-219,244,650,902,955,798,457,9,-449,-806,-988,-952,-703,-297,181,619,925,1041,929,606,151,-344,-773,-1029,-1067,-875,-495,2,506,899,1099,1062,792,346,-176,-670,-1036,-1178,-1067,-725,-218,337,832,1162,1249,1077,684,135,-448,-942,-1255,-1311,-1093,-658,-91,498,994,1291,1320,1083,629,52,-529,-1002,-1272,-1287,-1043,-591,-28,538,988,1229,1230,983,547,13,-508,-923,-1139,-1121,-881,-480,0,470,823,1000,973,746,368,-68,-468,-744,-860,-790,-554,-208,167,491,698,745,624,367,39,-290,-547,-669,-640,-468,-185,136,425,615,656,549,307,-14,-337,-596,-721,-684,-480,-155,214,558,800,879,766,486,83,-360,-743,-985,-1039,-884,-536,-59,434,857,1130,1179,990,603,87,-454,-908,-1205,-1270,-1091,-685,-142,428,917,1243,1342,1187,805,258,-338,-861,-1230,-1372,-1266,-923,-412,154,687,1089,1286,1246,986,554,42,-462,-859,-1088,-1116,-936,-598,-171,269,635,870,943,844,601,255,-122,-451,-685,-794,-761,-589,-328,-33,255,493,639,683,616,456,251,33,-175,-337,-429,-454,-422,-344,0,0,0,0,0,439,468,428,320,156,-48,-265,-464,-609,-666,-618,-469,-241,38,314,542,681,708,604,387,91,-223,-503,-696,-763,-676,-456,-147,190,509,733,824,753,529,194,-195,-549,-801,-907,-839,-599,-231,187,587,880,996,913,658,273,-183,-609,-910,-1047,-977,-701,-294,165,601,928,1064,988,708,289,-185,-623,-942,-1071,-976,-687,-265,200,625,932,1037,931,646,227,-244,-651,-918,-990,-868,-569,-144,295,661,896,948,789,457,37,-393,-744,-929,-921,-724,-362,67,477,799,957,907,671,305,-131,-542,-833,-949,-876,-620,-229,208,594,853,940,828,535,129,-287,-648,-879,-917,-762,-453,-44,0,726,907,892,696,352,-65,-467,-775,-913,-859,-633,-266,158,541,812,894,775,496,114,-299,-652,-863,-888,-709,-375,48,465,787,947,899,647,252,-210,-634,-923,-1030,-924,-614,-169,320,750,1020,1080,917,555,75,-423,-827,-1051,-1062,-851,-454,51,537,898,1081,1033,750,311,-191,-657,-980,-1086,-959,-625,-157,344,771,1038,1084,892,512,18,-489,-894,-1106,-1082,-827,-387,137,628,991,1148,1063,747,265,-264,-744,-1072,-1180,-1037,-676,-172,365,826,1120,1172,982,594,82,-445,-865,-1099,-1110,-893,-484,24,518,894,1074,1030,764,331,-162,-616,-934,-1052,-946,-631,-169,321,734,994,1045,871,0,0
61720,mtk,MTK 7916,864224930,rx0-tx0,512,-330,504,798,469,215,-50,-319,-564,-736,-859,-897,-865,-758,-583,-355,-107,148,391,607,770,861,890,832,710,529,300,55,-206,-454,-660,-825,-905,-912,-844,-699,-492,-243,40,314,565,770,909,967,945,831,638,394,102,-189,-464,-697,-868,-966,-960,-886,-729,-506,-246,24,290,539,738,872,928,902,803,636,428,175,-89,-360,-576,-764,-884,-916,-884,-771,-582,-348,-82,191,449,679,833,911,914,833,663,453,198,-73,-321,-552,-727,-838,-871,-816,-694,-523,-308,-71,167,386,579,708,775,775,702,581,409,206,-20,-232,-423,-570,-673,-719,-699,-622,-488,-313,-115,89,273,447,579,662,682,-26,559,425,257,73,-135,-322,-486,-604,-670,-673,-631,-516,-364,-167,32,230,417,562,660,697,678,576,436,261,55,-156,-348,-513,-641,-700,-691,-619,-497,-326,-126,77,279,448,572,656,671,632,537,384,200,3,-198,-388,-536,-633,-681,-669,-587,-451,-269,-55,165,359,521,647,708,686,591,451,258,37,-196,-389,-550,-638,-657,-612,-485,-320,-139,69,249,385,489,522,488,414,303,170,35,-96,-206,-281,-327,-320,-287,-243,-180,-100,-23,41,96,136,161,169,168,149,129,101,73,35,-6,-38,-71,-103,-129,-142,-149,-130,-94,-58,-9,44,93,131,147,141,109,54,0,405,479,510,473,319,-117,-41,55,148,229,278,283,247,179,82,-31,-132,-221,-294,-334,-338,-318,-250,-157,-53,68,177,280,368,421,434,409,344,240,103,-51,-215,-372,-503,-583,-618,-590,-494,-350,-144,82,318,535,705,805,828,763,617,393,125,-170,-463,-712,-913,-1005,-993,-888,-686,-405,-83,270,592,861,1051,1117,1079,935,694,376,32,-329,-658,-921,-1096,-1164,-1112,-951,-699,-386,-20,339,667,911,1084,1151,1114,965,726,424,75,-280,-594,-865,-1053,-1143,-1119,-983,-765,-474,-158,182,506,786,987,1092,1099,1007,820,559,251,-85,-414,-694,-922,-1047,-1077,-1010,-855,-616,-318,-7,300,599,825,960,301,979,864,677,427,145,-142,-414,-658,-828,-941,-979,-918,-796,-601,-354,-77,211,482,720,902,990,1000,936,771,544,262,-44,-352,-629,-854,-991,-1050,-1007,-880,-675,-414,-117,187,476,720,906,1028,1051,979,837,625,349,35,-270,-561,-814,-997,-1095,-1094,-995,-815,-553,-256,76,417,705,937,1094,1154,1115,974,739,427,89,-260,-589,-866,-1068,-1163,-1149,-1046,-829,-546,-217,122,440,734,943,1064,1095,1031,884,657,373,55,-245,-532,-768,-929,-1010,-1007,-913,-736,-513,-237,48,327,578,773,908,965,939,822,641,407,137,-150,-402,-624,-806,-909,-940,-883,-736,-539,-305,-38,224,476,683,541,543,-82,155,-35,-771,-882,-909,-861,-719,-521,-286,-21,230,475,675,815,877,872,791,650,443,211,-47,-300,-527,-717,-840,-893,-875,-780,-627,-410,-145,120,388,618,802,918,954,899,779,578,318,29,-256,-528,-741,-898,-978,-959,-859,-682,-453,-172,112,383,625,808,918,947,903,776,582,349,77,-192,-450,-657,-816,-904,-924,-850,-708,-515,-254,7,262,504,711,851,920,898,808,635,409,148,-122,-395,-617,-778,-882,-893,-829,-697,-493,-254,11,262,482,655,779,828,799,710,554,348,130,-105,-313,-498,-636,-723,-747,-701,-600,-444,-261,-48,160,349,505,617,680,679,629,529,377,193,-2,628,-378,-522,-622,-674,-668,-594,-479,-316,-123,75,271,448,581,667,680,649,552,404,218,15,-196,-397,-541,-653,-700,-680,-600,-478,-298,-94,120,312,484,610,679,684,629,507,354,164,-41,-235,-419,-556,-640,-666,-650,-562,-416,-239,-40,165,360,520,634,698,678,594,460,279,69,-154,-362,-540,-659,-708,-670,-569,-411,-206,13,228,416,529,600,602,525,406,251,68,-97,-235,-350,-408,-418,-385,-313,-229,-124,-16,70,141,198,231,229,215,185,146,97,50,3,-39,-75,-107,-129,-143,-143,-137,-125,-100,-58,-17,27,75,106,133,154,153,125,77,15,-43,-95,-122,-124,483,423,-82,-445,-636,165,219,234,208,143,45,-65,-163,-244,-299,-315,-292,-241,-156,-48,58,162,263,324,367,378,347,289,195,75,-55,-187,-316,-425,-498,-526,-503,-422,-290,-119,63,272,452,604,700,722,680,558,366,130,-131,-391,-629,-806,-905,-920,-833,-661,-408,-93,222,523,790,974,1065,1052,915,700,402,47,-304,-639,-914,-1091,-1160,-1124,-960,-708,-379,-10,351,678,929,1107,1172,1121,951,707,396,42,-315,-642,-894,-1064,-1144,-1109,-967,-742,-445,-113,239,556,827,1010,1101,1104,1001,800,521,190,-147,-473,-752,-957,-1070,-1097,-1009,-842,-590,-276,48,370,649,878,1009,1040,995,858,632,360,-176,-243,-508,-730,-892,-968,-969,-890,-730,-512,-263,29,309,568,781,921,985,972,868,694,443,154,-131,-426,-687,-880,-1004,-1038,-978,-833,-613,-336,-31,276,552,777,947,1029,1025,931,760,536,250,-65,-368,-635,-860,-1015,-1075,-1041,-932,-733,-461,-150,185,492,766,975,1093,1138,1063,894,653,345,6,-331,-641,-903,-1076,-1159,-1144,-1015,-794,-499,-157,184,518,813,1019,1134,1132,1045,860,592,292,-35,-354,-641,-865,-1010,-1056,-1013,-896,-694,-435,-145,154,437,671,852,962,977,921,782,585,337,60,-232,-494,-709,-861,-942,-939,-847,-702,-486,-232,38,323,561,744,868,916,883,778,587,-11,-98
61721,mtk,MTK 7916,864224930,rx0-tx1,512,-686,-768,-812,-141,-315,-470,-580,-634,-628,-568,-454,-312,-139,54,225,370,487,558,579,551,476,366,228,75,-82,-224,-344,-441,-500,-521,-507,-448,-356,-243,-104,45,191,319,429,505,543,545,500,414,294,141,-30,-207,-360,-498,-589,-630,-633,-565,-445,-284,-99,111,299,467,596,676,695,654,551,404,219,5,-197,-396,-562,-668,-720,-706,-637,-510,-334,-120,92,314,497,629,710,728,677,574,413,217,3,-203,-398,-546,-653,-695,-684,-609,-483,-318,-121,84,275,445,579,652,675,644,550,416,238,45,-146,-332,-490,-592,-657,-659,-597,-485,-336,-152,39,234,399,532,624,652,628,545,-38,245,57,-132,-304,-461,-574,-646,-644,-596,-487,-338,-157,39,235,411,549,643,670,637,560,417,230,28,-177,-370,-535,-641,-689,-670,-587,-447,-267,-65,142,334,488,605,658,642,576,457,299,118,-81,-260,-411,-534,-603,-616,-579,-493,-353,-183,-3,177,342,474,557,596,576,498,390,236,61,-110,-272,-426,-523,-576,-586,-522,-422,-274,-100,89,269,416,518,576,574,509,396,248,65,-116,-284,-417,-510,-538,-504,-430,-310,-162,-2,167,300,395,452,464,414,327,207,75,-66,-199,-311,-375,-393,-369,-302,-197,-72,54,179,276,330,335,288,204,84,-36,-143,-215,-236,-203,-923,-966,0,415,602,136,170,162,122,56,-24,-101,-167,-216,-228,-205,-160,-98,-14,69,142,197,234,245,223,179,117,40,-42,-122,-179,-222,-238,-237,-197,-142,-80,-3,60,119,158,186,196,181,158,129,90,53,10,-37,-78,-115,-148,-164,-179,-184,-178,-146,-110,-57,12,77,140,202,238,262,251,218,169,90,0,-84,-162,-228,-268,-279,-278,-245,-189,-121,-45,37,112,178,229,263,286,282,253,204,139,60,-32,-128,-217,-277,-332,-355,-346,-296,-225,-128,-12,109,216,306,376,408,396,353,273,166,51,-78,-199,-299,-376,-415,-424,-396,-326,-230,-110,18,142,251,346,416,445,428,-48,303,190,63,-68,-200,-314,-408,-464,-477,-456,-390,-281,-158,-16,136,275,395,482,525,518,467,365,241,82,-78,-234,-372,-469,-538,-555,-511,-424,-312,-170,-10,147,290,413,499,539,543,497,409,287,142,-20,-181,-324,-446,-536,-580,-579,-526,-423,-293,-134,41,221,390,520,611,654,637,563,439,270,75,-134,-327,-499,-628,-705,-724,-661,-545,-377,-171,49,272,465,613,711,744,704,601,445,248,33,-186,-389,-545,-662,-723,-710,-634,-502,-336,-133,73,267,449,580,662,688,654,560,421,242,42,-157,-344,-499,-612,-673,-666,-606,-492,-335,-145,55,241,417,553,634,656,-536,-970,9,317,434,-635,-564,-445,-278,-88,106,285,434,538,607,610,555,462,331,170,1,-158,-302,-418,-495,-537,-527,-480,-399,-291,-160,-21,127,266,375,458,514,534,503,433,329,196,47,-110,-262,-396,-504,-572,-593,-557,-482,-366,-202,-36,151,331,484,592,661,667,611,507,354,165,-43,-251,-438,-584,-688,-718,-695,-614,-465,-275,-57,160,361,529,652,718,720,665,531,361,164,-49,-255,-440,-592,-686,-715,-682,-592,-449,-274,-70,131,333,497,622,690,692,635,528,367,176,-17,-217,-392,-533,-625,-658,-640,-574,-441,-282,-99,97,283,435,560,634,654,611,508,379,205,16,-175,-353,634,-604,-650,-635,-571,-458,-301,-112,89,273,440,565,644,664,620,520,374,196,-7,-198,-382,-541,-638,-676,-654,-578,-441,-259,-60,151,347,515,623,678,666,590,463,292,87,-115,-302,-464,-577,-637,-637,-571,-470,-321,-141,47,225,383,510,575,595,563,487,358,205,31,-146,-299,-430,-532,-574,-569,-517,-417,-265,-102,85,266,412,524,582,594,536,425,268,89,-107,-287,-429,-533,-571,-546,-466,-349,-194,-16,153,296,414,475,501,464,376,257,119,-37,-180,-295,-376,-418,-414,-366,-271,-150,-16,114,229,316,357,357,313,220,102,-30,-147,-242,-291,-286,-233,-141,-29,65,-346,-193,0,-1145,-214,64,-4,-82,-150,-193,-206,-186,-143,-75,17,101,168,215,237,224,191,134,62,-23,-105,-169,-213,-234,-237,-206,-157,-87,-18,57,125,169,205,218,206,178,137,87,26,-32,-80,-122,-148,-158,-169,-164,-149,-126,-92,-50,-4,46,100,145,179,212,222,207,185,136,72,-1,-80,-150,-217,-268,-277,-263,-231,-180,-109,-31,57,141,204,251,280,286,259,217,154,89,16,-66,-148,-222,-274,-311,-317,-299,-249,-176,-95,8,115,214,292,355,382,372,325,252,152,30,-89,-205,-309,-380,-416,-421,-374,-302,-200,-80,48,177,287,370,423,433,403,347,260,146,7,-122,-1135,-335,-408,-442,-444,-407,-338,-236,-111,26,162,300,400,470,507,496,435,341,208,53,-109,-265,-390,-485,-541,-541,-497,-398,-271,-123,46,206,340,442,518,543,523,461,362,221,71,-86,-232,-363,-464,-533,-565,-539,-476,-368,-227,-66,106,279,426,532,602,621,590,501,367,206,17,-181,-364,-518,-628,-686,-678,-613,-500,-331,-136,85,302,483,632,714,737,692,580,421,219,-9,-229,-431,-595,-704,-744,-717,-620,-472,-291,-79,142,340,505,622,689,687,639,531,374,191,-10,-210,-390,-536,-640,-684,-669,-595,-467,-298,-98,108,297,461,583,656,666,625,527,371,186,-16,-744,-743
61722,mtk,MTK 7916,864224930,rx1-tx0,512,0,-849,-1532,-623,-640,-599,-518,-383,-210,-17,178,365,537,660,728,730,677,562,399,183,-51,-286,-502,-682,-811,-865,-845,-738,-568,-346,-81,205,479,714,886,979,990,901,720,467,182,-137,-453,-723,-931,-1045,-1067,-985,-809,-560,-254,71,393,672,897,1023,1061,1011,862,637,363,57,-254,-544,-772,-934,-1013,-998,-904,-734,-488,-221,80,370,627,816,946,1000,944,810,613,362,82,-208,-478,-709,-882,-959,-956,-863,-702,-489,-213,69,344,599,798,911,939,884,763,571,321,52,-223,-480,-679,-822,-881,-861,-762,-592,-373,-130,124,361,555,686,763,768,704,576,406,208,-9,-220,-393,-528,-277,-667,-637,-562,-452,-298,-130,50,214,370,482,554,582,560,500,387,259,103,-53,-208,-348,-467,-539,-578,-556,-494,-393,-250,-91,71,236,376,483,558,585,569,497,384,241,68,-103,-275,-423,-539,-605,-629,-612,-525,-392,-226,-39,166,352,520,654,724,740,679,543,360,147,-98,-350,-575,-748,-854,-871,-788,-641,-418,-151,147,432,663,830,911,893,783,590,330,48,-235,-487,-690,-812,-843,-784,-651,-448,-219,27,266,472,620,693,696,625,500,333,139,-63,-262,-411,-524,-573,-576,-501,-382,-233,-53,126,281,406,488,502,457,356,209,35,-139,-281,-374,-400,-354,-245,-109,1641,771,0,120,87,59,47,18,-19,-57,-91,-113,-114,-105,-78,-46,-8,40,84,113,129,131,131,106,78,35,-6,-46,-99,-132,-153,-169,-162,-141,-114,-70,-24,43,97,146,201,222,238,225,196,145,74,-14,-109,-200,-264,-320,-345,-336,-293,-214,-104,17,149,275,373,447,465,437,375,261,102,-68,-231,-372,-485,-541,-550,-490,-382,-238,-61,118,298,440,533,578,550,477,359,206,28,-154,-311,-444,-520,-540,-513,-440,-314,-178,-16,142,282,391,446,455,434,372,276,167,47,-67,-169,-255,-318,-347,-351,-341,-293,-237,-159,-73,22,111,192,273,333,357,365,352,303,226,126,14,489,-228,-332,-413,-456,-459,-420,-342,-232,-94,60,203,336,442,505,527,505,429,324,186,23,-146,-303,-438,-537,-584,-586,-524,-423,-278,-110,76,255,405,534,612,635,599,508,378,212,30,-164,-341,-497,-612,-669,-658,-603,-488,-335,-148,51,252,432,570,661,689,674,600,469,301,92,-120,-319,-508,-646,-732,-749,-713,-620,-457,-256,-16,230,452,642,772,834,823,729,565,342,90,-167,-423,-625,-775,-850,-832,-739,-586,-368,-119,126,355,545,684,750,750,685,559,392,201,0,-199,-378,-513,-598,-644,-631,-565,-463,-322,-155,16,184,337,464,546,591,593,550,449,324,163,481,798,0,1136,587,-122,71,251,415,551,640,682,663,605,475,302,100,-113,-325,-517,-673,-777,-805,-769,-659,-490,-268,-18,242,494,701,854,933,922,825,650,406,123,-180,-475,-728,-912,-1016,-1039,-947,-768,-514,-218,103,424,701,917,1044,1075,1005,845,605,302,-13,-333,-619,-843,-988,-1043,-1008,-881,-680,-421,-124,179,454,702,875,973,997,924,773,562,310,13,-287,-550,-766,-910,-982,-966,-864,-689,-436,-152,143,422,650,827,934,939,888,744,525,258,-24,-296,-536,-740,-862,-908,-877,-764,-584,-358,-93,169,415,618,754,822,814,735,586,397,171,-67,-289,-476,-614,-701,-724,-677,-575,-439,315,-48,147,311,457,558,608,606,559,474,340,192,29,-134,-290,-415,-503,-556,-564,-525,-446,-331,-189,-36,138,293,428,522,568,572,532,437,316,164,-2,-172,-335,-455,-547,-589,-586,-544,-458,-325,-160,22,209,385,524,631,686,677,604,489,321,113,-114,-349,-546,-693,-788,-816,-760,-620,-420,-169,113,385,616,798,897,903,806,630,396,106,-192,-465,-691,-832,-884,-847,-723,-527,-273,-1,257,479,649,739,764,709,581,392,175,-51,-259,-429,-560,-628,-639,-566,-440,-279,-101,84,265,400,495,537,509,432,314,154,-23,-189,-332,-428,-466,-430,-333,-194,-27,130,247,301,137,1075,0,808,353,-40,-71,-90,-95,-89,-71,-33,8,54,93,117,130,130,110,78,38,-4,-51,-96,-127,-151,-154,-157,-135,-93,-58,-6,54,100,148,176,197,200,174,150,101,41,-26,-97,-165,-227,-263,-280,-276,-236,-175,-95,4,107,213,311,376,404,396,343,251,127,-27,-173,-313,-438,-504,-516,-476,-385,-250,-79,97,277,414,521,568,565,500,368,213,25,-157,-312,-441,-525,-565,-538,-464,-339,-183,-13,146,302,414,478,513,486,421,305,163,24,-111,-237,-332,-392,-411,-396,-345,-279,-188,-88,4,97,178,242,297,328,337,317,286,232,148,51,-41,-146,-248,-330,-389,-416,-571,-366,-286,-181,-51,87,223,342,440,491,498,460,390,275,135,-17,-178,-327,-440,-521,-552,-538,-474,-370,-227,-68,109,280,427,538,600,612,565,473,337,160,-29,-220,-384,-523,-619,-664,-646,-563,-437,-272,-74,120,308,472,597,668,686,644,540,393,204,10,-186,-372,-526,-646,-714,-712,-661,-547,-373,-170,52,264,473,641,755,811,778,682,515,300,54,-201,-442,-643,-784,-846,-837,-743,-572,-365,-107,148,387,583,734,800,794,714,573,380,158,-70,-289,-469,-599,-674,-699,-661,-569,-419,-261,-75,116,283,425,532,588,602,570,499,381,242,83,-83,-251,-393,-499,-572,-335,183
61723,mtk,MTK 7916,864224930,rx1-tx1,512,0,0,0,708,681,495,190,-165,-488,-700,-759,-649,-391,-45,314,597,742,711,514,214,-129,-446,-654,-703,-586,-340,-21,309,554,664,606,402,110,-218,-489,-629,-633,-482,-203,128,427,616,658,551,303,-28,-354,-594,-698,-633,-414,-93,263,558,719,706,531,225,-136,-464,-693,-767,-663,-398,-39,330,626,770,740,545,217,-149,-478,-712,-766,-638,-367,-26,327,607,734,690,487,173,-178,-487,-687,-723,-589,-312,33,363,614,728,663,446,136,-198,-490,-668,-689,-555,-307,20,328,552,658,614,426,150,-153,-418,-580,-599,-491,-283,-13,253,454,545,507,362,137,-95,-292,-417,-436,-347,0,5,180,292,321,285,176,13,-135,-232,-261,-214,-112,27,167,254,273,213,88,-63,-210,-313,-340,-277,-133,50,240,386,445,393,245,30,-200,-406,-532,-533,-403,-183,85,351,540,626,573,389,109,-207,-484,-660,-695,-579,-334,-9,328,605,742,715,539,240,-116,-452,-699,-793,-704,-474,-141,234,565,770,811,681,402,40,-327,-629,-799,-803,-634,-338,19,378,653,789,758,562,268,-66,-387,-622,-722,-670,-486,-215,100,380,566,635,575,404,158,-104,-336,-490,-534,-472,-323,-117,101,284,402,444,394,268,101,-77,-234,-340,-374,-343,-261,-143,-17,98,184,234,243,214,0,0,0,0,0,-335,-303,-217,-75,108,294,456,568,592,515,342,96,-181,-436,-622,-705,-665,-494,-220,110,421,661,775,741,564,263,-92,-435,-695,-821,-773,-560,-227,161,514,759,847,751,484,114,-286,-629,-847,-880,-711,-387,25,442,766,924,880,647,272,-174,-592,-881,-970,-849,-550,-122,346,729,945,947,741,382,-68,-507,-837,-975,-881,-591,-179,279,689,928,946,750,391,-61,-510,-835,-968,-882,-585,-158,311,714,945,956,761,384,-101,-554,-887,-1017,-914,-598,-141,355,789,1043,1047,820,405,-112,-609,-973,-1135,-1040,-703,-213,328,809,1120,1175,970,548,14,-523,-952,-1171,-1121,-815,-338,0,719,1051,1145,980,590,68,-470,-900,-1112,-1071,-794,-321,232,723,1052,1137,951,545,6,-532,-954,-1166,-1118,-804,-300,266,780,1124,1209,1014,604,57,-515,-965,-1193,-1158,-855,-361,202,715,1063,1164,1006,620,94,-442,-860,-1080,-1045,-768,-314,205,654,941,1004,823,445,-38,-502,-847,-984,-883,-562,-105,381,785,991,971,726,300,-201,-658,-965,-1057,-906,-543,-51,452,850,1050,1017,763,333,-169,-626,-942,-1039,-901,-566,-111,364,741,936,917,702,347,-84,-478,-750,-838,-728,-454,-88,276,557,694,660,473,177,-155,-438,-606,-619,-469,-205,110,397,574,605,488,244,-70,-363,-578,-656,0,0,0,0,0,-109,234,533,719,742,591,304,-54,-405,-661,-755,-682,-464,-143,214,513,695,714,558,278,-58,-380,-605,-679,-599,-379,-63,264,528,656,620,441,155,-169,-451,-630,-656,-516,-250,81,387,600,673,581,345,23,-307,-568,-692,-654,-465,-147,212,519,709,736,590,306,-57,-411,-670,-781,-712,-474,-136,233,549,747,780,618,315,-52,-402,-652,-748,-673,-441,-98,259,545,709,705,535,237,-115,-443,-667,-734,-629,-380,-46,297,561,699,688,516,222,-108,-411,-625,-693,-602,-373,-68,241,486,623,611,462,217,-74,-336,-508,-567,-505,-324,-83,173,378,486,477,361,180,-41,-241,0,-390,-335,-199,-26,138,251,297,256,141,-1,-133,-225,-253,-212,-104,51,190,278,297,232,101,-70,-231,-354,-394,-336,-189,16,237,408,490,468,331,111,-144,-388,-547,-585,-497,-292,-19,271,532,662,638,479,210,-107,-406,-631,-726,-656,-433,-115,227,524,715,763,632,351,4,-343,-632,-788,-778,-590,-272,111,469,716,823,758,535,196,-181,-517,-742,-817,-719,-473,-133,223,529,723,757,633,391,82,-232,-497,-653,-667,-548,-326,-45,232,450,568,572,455,251,7,-218,-390,-481,-472,-377,-213,-6,185,328,406,402,322,191,39,-110,-228,-304,-326,-296,-226,-132,-38,44,0,0,0,0,0,-110,-256,-375,-459,-485,-431,-302,-114,119,353,540,642,641,525,305,21,-279,-547,-720,-751,-641,-405,-85,265,571,764,801,677,419,72,-294,-615,-805,-818,-663,-365,13,397,705,854,814,614,257,-163,-542,-813,-912,-804,-523,-124,323,696,915,941,760,407,-43,-484,-818,-978,-923,-668,-254,218,639,903,969,828,491,51,-398,-764,-958,-925,-679,-289,174,592,870,953,819,495,44,-414,-768,-952,-921,-672,-261,208,632,910,992,836,479,11,-467,-846,-1034,-987,-709,-271,242,712,1021,1104,947,561,43,-488,-919,-1147,-1123,-848,-388,156,673,1042,1181,1061,700,180,-373,-832,-1103,0,-901,-468,75,603,988,1143,1032,691,196,-346,-808,-1086,-1110,-870,-434,103,630,1010,1154,1033,684,172,-396,-872,-1140,-1159,-912,-455,106,651,1047,1203,1090,730,204,-362,-847,-1147,-1182,-943,-495,59,590,978,1136,1036,707,222,-313,-764,-1016,-1034,-814,-398,105,576,891,990,851,509,37,-445,-817,-991,-924,-640,-198,307,735,993,1029,817,415,-84,-566,-921,-1070,-979,-658,-190,316,749,1010,1043,843,456,-29,-489,-839,-999,-931,-659,-240,213,602,844,884,725,414,18,-368,-647,-766,-694,-461,-134,211,500,652,638,466,186,-133,-414,-589,-609,-473,-219,88,381,581,635,533,297,-10,0,0
61724,mtk,MTK 7916,864224930,rx2-tx0,512,0,0,0,1142,1094,800,309,-268,-795,-1155,-1258,-1071,-625,-27,578,1063,1316,1269,925,363,-284,-867,-1256,-1366,-1168,-689,-50,595,1099,1355,1301,940,363,-300,-890,-1269,-1362,-1131,-634,6,638,1120,1334,1239,850,266,-384,-945,-1274,-1302,-1022,-499,135,737,1163,1316,1154,719,119,-508,-1015,-1274,-1233,-897,-346,281,837,1193,1256,1019,543,-57,-641,-1066,-1225,-1086,-686,-128,459,939,1187,1149,828,299,-295,-823,-1157,-1203,-955,-477,119,685,1096,1245,1089,665,86,-525,-1022,-1278,-1233,-893,-341,302,883,1259,1347,1117,618,-30,-675,-1164,-1391,-1298,-908,-306,377,974,1346,1415,1152,627,-38,-700,-1206,-1425,-1321,-921,0,383,978,1344,1402,1143,621,-50,-710,-1200,-1414,-1303,-892,-267,420,1005,1363,1404,1122,578,-99,-754,-1250,-1466,-1333,-894,-250,458,1063,1423,1467,1174,614,-84,-776,-1295,-1522,-1409,-974,-313,414,1053,1464,1540,1265,712,1,-711,-1269,-1540,-1471,-1065,-418,317,972,1410,1540,1325,816,131,-583,-1156,-1464,-1451,-1117,-527,176,826,1283,1459,1321,891,261,-415,-997,-1360,-1425,-1181,-687,-52,582,1085,1344,1315,1012,508,-93,-660,-1076,-1254,-1174,-856,-362,185,673,999,1109,996,683,240,-230,-630,-894,-967,-841,-552,-168,227,562,770,822,712,481,178,-148,-427,-615,-688,-642,-496,-289,-56,153,307,394,407,0,0,0,0,0,-321,-450,-527,-526,-439,-268,-23,251,504,688,765,712,518,220,-136,-487,-759,-891,-851,-639,-285,140,551,859,1009,954,689,269,-216,-679,-1014,-1138,-1027,-692,-197,350,845,1173,1255,1063,639,72,-524,-1025,-1307,-1322,-1049,-543,86,705,1176,1394,1315,958,377,-297,-902,-1318,-1449,-1258,-795,-160,514,1078,1401,1411,1122,593,-67,-718,-1197,-1403,-1299,-916,-329,322,884,1242,1314,1094,627,34,-551,-1002,-1223,-1163,-828,-310,262,765,1076,1130,917,495,-35,-548,-927,-1079,-972,-627,-138,377,806,1037,1015,747,306,-211,-693,-1012,-1081,-899,-508,7,539,948,1130,1050,732,240,-320,-814,-1116,-1154,-928,0,85,625,1026,1191,1081,712,178,-406,-896,-1175,-1184,-916,-427,172,732,1118,1249,1088,662,76,-530,-1013,-1270,-1239,-911,-366,272,853,1234,1335,1133,664,35,-608,-1111,-1359,-1297,-937,-355,309,900,1282,1372,1138,646,10,-625,-1105,-1333,-1249,-867,-288,348,891,1221,1266,1011,516,-94,-673,-1084,-1240,-1103,-705,-139,458,932,1178,1148,840,340,-236,-755,-1081,-1152,-957,-535,6,536,930,1092,1002,672,186,-334,-764,-1000,-994,-748,-334,150,593,879,942,777,431,-16,-458,-776,-887,-779,-478,-56,374,707,864,805,543,143,-300,-669,-871,-859,-631,-246,210,630,891,939,759,383,-98,-560,-899,-1030,0,0,0,0,0,-172,381,863,1156,1188,943,469,-125,-703,-1128,-1302,-1180,-784,-205,434,975,1297,1323,1046,529,-112,-733,-1190,-1374,-1238,-822,-209,454,1010,1333,1347,1051,515,-141,-767,-1209,-1361,-1197,-761,-143,508,1037,1322,1273,934,388,-252,-836,-1217,-1306,-1085,-608,9,628,1099,1309,1202,808,226,-399,-932,-1241,-1253,-962,-450,167,744,1133,1249,1061,622,37,-553,-1006,-1213,-1124,-764,-218,376,872,1161,1171,889,386,-214,-761,-1125,-1224,-1025,-571,26,613,1061,1268,1171,786,205,-428,-969,-1286,-1301,-1010,-480,175,794,1225,1371,1203,759,137,-529,-1083,-1385,-1361,-1039,-479,210,849,1287,1436,1254,781,129,-553,-1098,0,-1387,-1043,-466,208,840,1280,1421,1232,758,107,-569,-1110,-1396,-1365,-1015,-426,262,889,1306,1436,1237,743,70,-615,-1168,-1460,-1410,-1041,-440,276,935,1385,1516,1310,800,111,-608,-1190,-1507,-1488,-1128,-513,221,905,1383,1560,1388,892,208,-517,-1128,-1486,-1515,-1209,-631,80,771,1293,1512,1393,969,331,-378,-996,-1390,-1469,-1222,-708,-48,624,1155,1425,1382,1047,487,-183,-806,-1247,-1410,-1277,-875,-292,340,893,1240,1317,1123,703,156,-411,-881,-1151,-1169,-948,-550,-46,447,823,1017,996,773,409,-19,-421,-724,-876,-845,-650,-338,30,366,617,749,740,594,351,70,-200,-415,-547,-583,-528,-406,-253,-91,0,0,0,0,0,285,167,0,-205,-414,-583,-668,-650,-520,-291,18,343,618,794,834,711,439,72,-326,-675,-903,-953,-807,-491,-59,398,786,1023,1057,866,485,-12,-529,-946,-1174,-1157,-888,-419,151,701,1113,1302,1210,852,311,-311,-880,-1272,-1382,-1196,-748,-136,509,1058,1387,1410,1122,590,-70,-718,-1219,-1449,-1361,-978,-382,295,899,1315,1433,1231,764,136,-514,-1043,-1332,-1322,-1020,-496,131,719,1125,1272,1128,735,184,-398,-882,-1154,-1147,-876,-412,138,646,999,1109,952,570,60,-461,-865,-1058,-993,-687,-220,297,749,1024,1052,831,403,-128,-622,-981,-1114,-983,-623,-106,440,886,1134,1113,833,362,-202,-722,0,-1189,-1008,-606,-53,520,967,1192,1132,814,304,-290,-820,-1156,-1225,-1001,-538,54,640,1080,1269,1170,794,222,-403,-944,-1274,-1302,-1030,-518,118,736,1189,1367,1225,798,190,-460,-1012,-1330,-1342,-1043,-500,152,767,1208,1362,1205,770,159,-485,-1005,-1280,-1256,-944,-417,210,779,1155,1262,1067,610,20,-564,-1010,-1214,-1124,-770,-236,348,840,1133,1152,901,440,-119,-642,-1007,-1131,-987,-612,-95,433,846,1053,1004,722,271,-240,-676,-941,-973,-773,-394,71,511,816,908,775,457,25,-408,-732,-872,-789,-507,-98,337,685,864,823,578,190,-256,-649,-886,-900,-693,-306,168,606,896,981,836,476,-14,0,0
61725,mtk,MTK 7916,864224930,rx2-tx1,512,0,0,0,-1004,-658,-159,385,850,1118,1131,886,431,-120,-644,-1031,-1188,-1073,-710,-180,381,859,1139,1152,906,455,-98,-622,-1000,-1146,-1018,-665,-164,373,816,1054,1048,799,364,-149,-620,-931,-1017,-854,-485,-7,467,819,970,885,580,118,-363,-749,-955,-932,-680,-248,245,681,964,1012,808,416,-92,-586,-936,-1059,-939,-595,-102,425,859,1087,1061,767,284,-260,-746,-1066,-1136,-925,-494,52,600,1023,1208,1114,746,194,-406,-921,-1228,-1260,-1002,-507,103,698,1144,1332,1224,839,256,-373,-923,-1272,-1331,-1089,-611,-1,609,1078,1308,1240,895,358,-247,-793,-1160,-1260,-1087,-679,-128,436,885,1128,1118,863,426,0,-563,-899,-1018,-909,-595,-153,297,659,857,844,633,286,-109,-470,-710,-762,-621,-335,15,355,606,696,604,366,40,-289,-547,-668,-612,-395,-69,271,543,690,664,458,133,-242,-577,-782,-806,-626,-285,138,558,876,993,880,571,117,-395,-834,-1097,-1117,-892,-473,63,614,1033,1231,1164,849,345,-253,-814,-1201,-1330,-1173,-767,-191,421,949,1289,1365,1147,693,97,-521,-1029,-1313,-1326,-1085,-626,-42,530,981,1229,1220,965,529,11,-496,-883,-1076,-1042,-803,-412,35,452,764,907,866,660,320,-68,-417,-667,-785,-742,-554,-276,35,328,545,660,653,534,338,115,-109,-292,-407,-452,-428,-349,0,0,0,0,0,436,429,348,197,1,-221,-433,-583,-640,-598,-446,-204,83,362,577,687,667,515,259,-64,-376,-619,-733,-691,-509,-213,137,468,703,793,713,473,123,-278,-623,-830,-861,-707,-400,9,426,762,943,921,682,295,-153,-583,-898,-1018,-914,-608,-167,310,731,995,1031,845,476,-13,-500,-866,-1043,-1001,-737,-300,202,651,949,1046,906,563,98,-393,-788,-1006,-992,-755,-350,120,565,877,980,860,546,104,-362,-734,-927,-898,-670,-294,164,589,867,942,806,473,29,-414,-762,-934,-899,-650,-254,202,610,879,946,789,446,10,-422,-756,-922,-875,-617,-217,226,625,875,914,745,405,-30,0,-794,-922,-846,-570,-159,283,657,877,891,699,344,-100,-522,-807,-892,-778,-475,-54,379,718,882,839,587,188,-264,-654,-898,-925,-722,-339,125,568,892,1012,888,552,81,-421,-832,-1049,-1027,-765,-324,202,681,988,1077,926,557,40,-488,-894,-1084,-1021,-720,-256,275,746,1034,1074,856,433,-90,-591,-955,-1095,-970,-610,-104,427,863,1087,1059,778,309,-234,-720,-1050,-1128,-929,-512,22,559,966,1152,1075,738,228,-335,-830,-1130,-1164,-935,-496,63,606,1005,1170,1065,715,205,-344,-814,-1090,-1103,-860,-434,102,611,958,1079,954,599,110,-407,-826,-1045,-1010,-730,-278,242,696,990,1050,853,0,0,0,0,0,-491,-912,-1117,-1063,-775,-306,246,754,1092,1174,992,583,33,-525,-957,-1180,-1129,-809,-317,239,743,1076,1151,971,574,44,-501,-914,-1108,-1046,-745,-276,249,710,991,1028,827,428,-62,-524,-861,-987,-866,-523,-57,414,781,965,906,615,177,-312,-729,-973,-983,-750,-337,166,635,953,1043,885,506,2,-506,-898,-1078,-996,-686,-200,345,803,1068,1084,842,387,-160,-683,-1052,-1165,-1005,-613,-62,522,983,1228,1189,873,354,-258,-827,-1211,-1319,-1128,-684,-83,541,1041,1314,1297,981,443,-190,-780,-1190,-1330,-1171,-755,-180,431,943,1242,1264,998,522,-55,-622,-1040,-1216,-1124,-795,-299,249,731,1031,0,904,536,54,-418,-774,-944,-884,-621,-234,192,554,770,800,636,321,-63,-416,-650,-711,-608,-365,-24,320,571,677,607,387,71,-267,-534,-669,-628,-420,-95,261,562,727,715,527,198,-207,-595,-844,-897,-739,-411,27,493,874,1061,1010,732,280,-254,-746,-1085,-1196,-1047,-664,-127,452,943,1237,1265,1023,547,-49,-640,-1103,-1341,-1292,-976,-458,161,750,1182,1362,1266,912,371,-243,-795,-1172,-1310,-1189,-831,-308,256,745,1068,1173,1034,694,233,-249,-668,-935,-999,-855,-551,-157,255,598,807,847,707,441,111,-233,-516,-685,-727,-639,-435,-167,109,351,518,587,561,456,299,123,-39,-168,0,0,0,0,0,51,222,385,513,575,552,440,247,-4,-269,-495,-639,-673,-585,-386,-101,212,486,671,727,629,392,80,-261,-556,-732,-756,-620,-347,15,379,671,817,784,583,250,-147,-534,-812,-909,-812,-546,-146,300,679,928,983,813,459,8,-454,-818,-1010,-996,-751,-333,150,609,945,1059,943,621,153,-353,-773,-1016,-1034,-840,-447,49,521,870,1027,960,670,229,-255,-675,-939,-986,-800,-441,20,471,804,949,880,607,190,-270,-664,-900,-924,-731,-371,75,506,820,948,857,569,147,-310,-694,-921,-937,-734,-364,87,522,828,935,836,542,122,-321,-689,-897,-895,-686,-314,138,552,832,922,0,482,56,-381,-735,-919,-885,-642,-247,198,584,844,905,745,415,-12,-440,-754,-887,-803,-527,-119,317,675,882,874,646,247,-211,-621,-899,-972,-804,-437,38,510,874,1042,963,659,204,-311,-763,-1041,-1069,-850,-437,76,571,940,1094,984,643,151,-378,-810,-1053,-1042,-779,-337,185,670,995,1084,914,520,1,-515,-917,-1101,-1014,-688,-199,338,802,1080,1103,865,417,-130,-640,-1007,-1145,-1003,-625,-105,451,907,1153,1125,839,355,-213,-726,-1077,-1183,-1008,-601,-65,485,918,1143,1095,798,328,-218,-713,-1035,-1105,-919,-521,-4,502,888,1062,980,663,191,-321,-756,-1011,-1021,-791,-371,145,630,0,0
61726,mtk,MTK 7916,864274134,rx0-tx0,512,-330,-519,-541,-548,-732,-863,-929,-902,-802,-647,-430,-182,72,330,558,739,851,896,869,782,628,431,185,-63,-313,-545,-721,-847,-906,-899,-820,-668,-458,-211,64,329,572,772,904,963,948,853,670,444,174,-120,-390,-635,-813,-930,-981,-942,-827,-633,-390,-125,149,419,646,814,922,936,893,771,594,371,111,-145,-395,-619,-795,-894,-929,-892,-772,-599,-378,-118,149,422,638,806,900,926,883,743,553,317,54,-203,-455,-659,-803,-872,-873,-799,-647,-466,-241,7,244,458,625,739,795,777,709,578,409,208,-10,-230,-413,-559,-667,-729,-711,-647,-535,-379,-191,12,205,382,522,631,681,680,-26,524,375,191,-5,-197,-370,-517,-630,-690,-689,-626,-507,-354,-174,36,231,422,574,670,716,695,619,482,313,108,-108,-308,-484,-619,-697,-719,-669,-566,-422,-238,-21,181,365,510,630,692,691,644,514,353,164,-27,-234,-423,-575,-664,-704,-688,-609,-469,-279,-76,143,361,533,655,717,711,634,506,310,88,-137,-347,-519,-626,-668,-639,-542,-404,-224,-26,161,321,427,495,494,456,381,259,124,2,-110,-200,-256,-290,-294,-272,-232,-174,-109,-42,17,73,111,136,155,159,156,143,116,87,58,15,-22,-60,-98,-129,-147,-151,-141,-116,-74,-14,45,100,129,146,133,96,-623,-472,510,-528,-45,106,22,-73,-167,-241,-275,-276,-241,-171,-73,31,135,224,297,335,340,314,258,181,79,-32,-151,-256,-344,-412,-444,-433,-387,-296,-172,-28,136,304,451,563,637,637,580,457,289,82,-158,-390,-597,-736,-826,-842,-774,-610,-386,-119,183,466,732,921,1020,1019,929,753,485,148,-186,-515,-800,-1002,-1118,-1125,-1030,-837,-551,-203,155,493,789,1012,1145,1166,1076,896,630,308,-43,-384,-695,-939,-1101,-1166,-1111,-972,-742,-446,-110,224,542,816,1010,1121,1127,1039,858,592,288,-48,-375,-670,-903,-1054,-1112,-1083,-948,-732,-450,-148,189,502,765,953,1061,1077,994,828,599,314,4,-305,301,-793,-932,-1008,-1004,-906,-741,-523,-259,25,303,556,765,915,984,987,905,751,538,271,-34,-321,-592,-815,-968,-1040,-1035,-931,-756,-515,-224,88,385,646,856,999,1054,1018,920,740,494,208,-82,-376,-646,-860,-1016,-1087,-1069,-966,-778,-524,-228,92,410,694,917,1084,1152,1111,991,792,515,200,-146,-471,-767,-997,-1135,-1187,-1140,-980,-740,-441,-98,242,575,845,1039,1148,1150,1052,884,632,331,1,-310,-595,-837,-993,-1068,-1054,-953,-784,-548,-270,23,319,571,778,922,987,981,889,735,517,252,-27,-302,-553,-757,-894,-959,-951,-860,-696,-493,-239,35,298,543,741,867,929,918,825,-609,-680,-82,-91,-379,-748,-561,-332,-68,206,444,653,810,892,907,846,715,527,303,56,-194,-436,-634,-789,-876,-892,-847,-724,-546,-327,-77,180,432,645,810,912,940,889,769,575,328,60,-215,-491,-714,-874,-975,-984,-912,-758,-539,-287,-6,278,534,750,896,961,953,868,703,500,244,-21,-279,-526,-711,-858,-924,-916,-841,-698,-494,-250,5,276,519,706,850,919,923,840,682,470,214,-38,-308,-552,-736,-865,-906,-882,-785,-613,-398,-151,100,360,564,715,811,843,796,688,519,323,101,-121,-339,-518,-649,-727,-749,-710,-611,-471,-297,-84,126,307,471,603,685,704,671,579,450,281,93,-99,628,-445,-572,-652,-676,-654,-574,-451,-280,-89,110,302,470,596,684,708,672,581,427,245,41,-168,-363,-531,-651,-721,-719,-649,-534,-369,-175,34,250,424,569,672,704,676,593,464,298,95,-96,-296,-474,-597,-667,-686,-662,-569,-415,-233,-33,174,373,545,659,714,718,636,494,310,102,-132,-343,-527,-658,-703,-691,-614,-467,-272,-58,156,336,485,580,605,559,458,321,162,-5,-145,-266,-355,-387,-384,-350,-283,-201,-111,-19,61,129,181,214,218,212,188,148,108,65,21,-19,-60,-95,-116,-135,-140,-136,-131,-113,-82,-36,13,62,107,144,159,153,118,71,18,-43,-87,-507,-281,-82,410,128,-180,-222,-226,-191,-119,-25,72,176,260,308,317,293,238,157,53,-52,-157,-244,-321,-368,-384,-367,-307,-233,-125,7,146,275,391,472,521,525,475,371,229,50,-151,-341,-518,-645,-733,-746,-686,-539,-336,-93,179,442,666,825,932,939,856,686,433,130,-190,-498,-775,-997,-1094,-1084,-987,-783,-503,-171,178,511,803,1033,1152,1156,1055,858,587,251,-104,-445,-746,-989,-1133,-1169,-1103,-935,-686,-381,-28,317,628,884,1055,1135,1118,1009,796,518,201,-134,-455,-744,-954,-1085,-1126,-1068,-913,-672,-374,-55,278,587,841,1006,1087,1085,978,788,530,225,-99,-411,-675,-881,-1010,-1047,-997,-176,-656,-405,-127,168,451,676,854,967,998,948,821,635,392,122,-156,-434,-671,-857,-987,-1023,-977,-855,-657,-389,-107,205,492,746,934,1048,1061,991,838,623,350,55,-238,-516,-762,-945,-1051,-1062,-1003,-846,-629,-372,-71,235,529,785,970,1084,1116,1048,887,659,382,50,-278,-580,-848,-1042,-1149,-1162,-1082,-910,-641,-326,14,358,677,926,1099,1176,1159,1043,823,544,219,-128,-443,-723,-942,-1078,-1120,-1063,-934,-716,-442,-140,170,456,699,891,1002,1037,982,847,650,395,120,-166,-432,-667,-852,-958,-978,-926,-800,-608,-367,-107,167,430,651,819,927,949,895,770,577,344,89,-181,-442,5,265
61727,mtk,MTK 7916,864274134,rx0-tx1,512,-686,982,826,-645,-658,-606,-500,-356,-183,-5,182,352,482,577,616,598,536,438,299,140,-19,-172,-308,-418,-497,-535,-532,-498,-420,-309,-189,-52,88,228,357,451,510,538,530,481,397,272,124,-28,-188,-334,-464,-556,-609,-607,-571,-477,-348,-181,8,198,374,522,634,685,680,628,519,349,165,-46,-250,-430,-585,-685,-730,-706,-627,-501,-329,-124,90,291,471,614,710,738,697,611,466,291,87,-128,-323,-489,-620,-698,-713,-673,-574,-428,-250,-57,147,329,481,602,668,682,634,532,387,214,34,-157,-339,-486,-590,-647,-649,-608,-497,-355,-191,-6,179,354,493,594,648,642,587,476,-38,162,-22,-213,-381,-516,-608,-650,-633,-569,-453,-296,-117,67,255,416,551,644,672,643,549,419,255,60,-146,-338,-501,-612,-667,-672,-612,-504,-344,-157,47,242,414,548,628,649,623,538,399,236,55,-126,-296,-440,-544,-608,-611,-559,-457,-335,-178,-5,167,326,452,544,577,569,518,413,267,114,-52,-217,-373,-492,-565,-583,-558,-472,-346,-193,-13,167,333,463,552,581,555,471,346,186,6,-151,-316,-427,-490,-520,-487,-411,-293,-151,6,153,282,379,430,437,403,325,217,84,-57,-180,-277,-346,-379,-365,-313,-223,-101,26,147,244,307,317,275,193,84,-30,-129,-188,1043,1018,0,-326,-322,-155,-171,-155,-107,-40,38,121,183,223,228,205,160,91,14,-74,-144,-197,-228,-240,-227,-190,-127,-51,26,101,169,208,231,235,210,168,110,41,-28,-85,-133,-171,-189,-188,-171,-145,-119,-90,-49,-1,46,84,118,148,171,185,190,174,155,113,61,1,-65,-132,-189,-233,-257,-263,-236,-190,-127,-49,39,117,189,241,273,285,263,230,175,117,34,-41,-113,-182,-238,-278,-289,-295,-267,-215,-145,-66,20,118,207,284,332,358,358,323,255,165,57,-62,-177,-282,-361,-402,-419,-394,-326,-245,-133,-6,113,229,331,392,426,431,392,325,225,102,-18,-146,-267,-357,-48,-455,-446,-402,-327,-231,-110,25,161,287,394,466,500,499,448,362,241,99,-55,-214,-351,-460,-530,-553,-533,-461,-344,-201,-54,106,266,393,486,540,557,525,446,333,201,43,-111,-262,-387,-489,-550,-564,-546,-482,-371,-234,-77,87,254,398,518,594,610,602,543,430,280,106,-82,-268,-432,-572,-672,-697,-669,-593,-458,-282,-84,135,337,508,648,727,743,700,584,427,228,1,-214,-421,-582,-693,-748,-732,-658,-522,-350,-149,61,264,445,584,675,708,681,605,480,310,115,-81,-279,-449,-580,-660,-687,-666,-582,-446,-280,-87,120,304,457,588,660,676,642,540,404,229,253,198,9,-131,-337,-124,68,260,418,544,618,642,614,526,403,245,67,-110,-264,-401,-505,-559,-567,-537,-470,-363,-231,-80,62,202,332,427,491,525,522,485,404,287,158,17,-130,-270,-396,-499,-554,-573,-546,-483,-379,-240,-74,97,266,423,545,626,656,637,564,438,265,69,-124,-309,-482,-610,-685,-718,-673,-581,-434,-250,-43,168,360,529,656,724,728,673,563,404,212,-6,-213,-401,-559,-667,-726,-712,-635,-515,-358,-164,41,239,419,562,655,698,678,601,487,326,142,-56,-252,-422,-555,-631,-665,-655,-580,-454,-294,-108,75,263,427,543,626,654,629,549,420,266,85,-101,-282,-444,634,-630,-648,-615,-524,-397,-233,-44,144,321,471,583,640,649,599,501,367,192,-4,-202,-382,-525,-628,-680,-666,-594,-466,-294,-104,93,289,457,580,655,670,625,523,372,191,1,-188,-367,-505,-591,-631,-614,-554,-437,-294,-119,66,241,384,498,572,592,559,489,380,231,61,-105,-265,-412,-513,-566,-581,-536,-453,-321,-165,14,187,349,468,555,596,570,486,357,192,13,-163,-329,-450,-540,-555,-527,-452,-314,-172,-7,156,296,404,467,485,446,369,254,117,-23,-163,-277,-363,-412,-410,-359,-278,-172,-44,89,201,297,349,356,316,231,115,-16,-131,-217,-262,-255,-200,-113,564,156,0,122,278,-40,24,98,161,197,210,185,130,59,-29,-104,-178,-223,-242,-233,-195,-140,-66,12,90,159,211,242,240,222,175,108,43,-35,-103,-160,-199,-220,-213,-190,-159,-112,-57,-1,48,89,119,146,166,171,163,145,131,101,64,15,-38,-83,-126,-174,-209,-230,-228,-206,-161,-99,-28,56,134,196,245,278,280,252,209,144,77,-10,-90,-158,-213,-255,-284,-276,-260,-221,-166,-93,-20,63,150,222,279,311,334,321,279,208,118,18,-92,-196,-278,-340,-384,-392,-366,-302,-206,-93,27,155,260,342,405,423,404,364,281,175,63,-67,-192,-298,-384,-425,-436,-422,-358,-260,-1135,-35,90,215,321,405,460,476,453,391,296,173,34,-116,-259,-377,-466,-517,-532,-496,-412,-297,-152,7,171,319,440,513,549,549,493,393,263,115,-43,-195,-335,-438,-521,-553,-543,-495,-406,-288,-135,19,171,320,443,533,583,588,538,456,340,182,11,-160,-334,-481,-583,-645,-654,-607,-514,-381,-193,13,202,388,547,659,722,719,645,523,360,152,-63,-284,-473,-620,-726,-762,-732,-635,-477,-290,-74,143,349,519,648,719,727,676,568,417,233,24,-178,-358,-512,-623,-686,-691,-644,-537,-387,-203,-7,194,380,526,627,685,679,608,503,352,162,-30,-228,-406,-540,-637,93,246
61728,mtk,MTK 7916,864274134,rx1-tx0,512,0,1720,1839,-359,-204,-28,155,331,486,605,677,698,672,577,440,259,53,-166,-374,-560,-705,-803,-832,-783,-666,-493,-279,-26,239,488,703,861,947,955,874,709,488,212,-79,-377,-655,-865,-1002,-1049,-1015,-880,-671,-389,-83,228,531,783,975,1075,1068,973,804,555,261,-41,-346,-607,-824,-967,-1025,-1003,-895,-713,-472,-194,93,370,616,819,950,994,962,850,673,436,157,-137,-407,-640,-827,-939,-975,-931,-804,-613,-366,-89,196,459,674,847,934,945,878,732,531,283,5,-260,-501,-696,-826,-888,-872,-782,-619,-408,-170,80,311,516,674,767,799,748,639,481,289,80,-129,-320,-486,-603,-277,-667,-624,-532,-405,-249,-75,94,261,403,506,562,588,564,499,400,269,111,-43,-197,-340,-452,-541,-577,-569,-513,-419,-294,-149,14,171,317,448,534,583,583,540,452,335,188,18,-158,-318,-448,-564,-623,-638,-611,-535,-397,-228,-30,167,362,533,668,739,760,717,596,400,182,-56,-310,-536,-717,-852,-883,-837,-720,-512,-252,26,311,565,767,892,919,854,707,489,226,-48,-318,-547,-698,-798,-813,-739,-601,-419,-185,45,264,456,594,670,673,616,501,343,155,-38,-220,-375,-491,-544,-541,-497,-405,-269,-108,67,239,366,459,488,459,373,230,67,-102,-241,-333,-350,-306,-947,-10,0,-226,100,-61,-40,-5,30,62,92,113,111,102,80,39,-2,-37,-83,-115,-137,-149,-140,-118,-82,-46,1,49,81,123,152,170,176,158,131,94,45,-14,-66,-124,-171,-208,-235,-238,-224,-181,-121,-56,26,105,196,275,328,357,338,297,225,122,1,-133,-255,-363,-448,-487,-479,-407,-297,-150,18,181,337,461,534,558,530,451,315,152,-27,-207,-368,-476,-553,-570,-535,-452,-327,-165,15,182,335,449,514,536,509,425,318,174,25,-112,-253,-357,-410,-442,-432,-387,-306,-216,-104,0,105,198,259,312,339,336,324,290,229,165,77,-22,-110,-204,-280,-336,-381,-393,-371,-311,489,-146,-28,110,220,327,423,464,472,456,380,273,144,-5,-151,-297,-406,-484,-535,-538,-491,-395,-279,-129,40,202,349,459,545,596,586,521,416,284,113,-75,-248,-406,-539,-614,-643,-626,-553,-427,-268,-87,102,287,444,572,646,671,642,568,436,260,76,-115,-308,-470,-593,-685,-717,-681,-606,-484,-307,-100,113,323,513,662,756,798,756,657,502,288,43,-202,-427,-628,-779,-843,-849,-763,-607,-408,-160,85,331,539,686,780,802,753,635,467,267,51,-158,-355,-513,-616,-675,-686,-634,-526,-390,-226,-49,124,280,420,524,592,608,583,509,402,272,122,-43,-210,-348,-473,-430,-446,0,-592,606,519,599,648,635,576,463,318,136,-52,-250,-436,-583,-696,-750,-750,-685,-562,-390,-175,68,310,526,703,833,896,879,785,622,399,132,-155,-447,-686,-874,-984,-1008,-962,-804,-577,-298,4,313,604,840,1001,1064,1047,935,736,481,168,-155,-451,-711,-916,-1026,-1061,-995,-845,-633,-364,-82,219,493,727,895,995,1005,933,782,577,321,38,-243,-513,-729,-896,-981,-980,-893,-754,-539,-277,6,292,544,749,894,958,946,846,681,458,187,-83,-353,-589,-769,-889,-929,-879,-763,-574,-349,-99,161,406,612,754,837,838,768,635,450,238,7,-227,-426,-584,-688,-732,-712,-642,-516,-345,315,27,208,365,492,578,611,601,548,450,317,170,12,-151,-295,-418,-514,-563,-571,-544,-465,-354,-215,-56,107,263,392,495,564,585,554,492,382,241,83,-83,-244,-385,-497,-576,-607,-598,-529,-432,-288,-114,59,231,406,552,656,704,690,628,508,333,124,-99,-325,-543,-699,-795,-835,-791,-663,-484,-246,32,301,553,767,880,924,870,730,513,246,-43,-322,-571,-754,-861,-878,-817,-654,-447,-210,55,306,501,652,733,734,680,550,374,169,-41,-239,-409,-535,-606,-615,-561,-456,-305,-130,40,206,351,456,508,518,454,344,200,29,-132,-287,-392,-434,-411,-320,-186,-28,100,-1375,-1729,0,-422,-419,47,77,93,91,79,54,19,-22,-55,-94,-123,-128,-130,-114,-79,-42,0,42,87,122,145,161,147,135,108,64,16,-36,-81,-119,-156,-187,-197,-192,-171,-128,-76,-15,49,118,184,236,276,287,276,241,174,90,-16,-129,-222,-317,-384,-418,-408,-352,-268,-142,4,161,300,412,492,520,503,434,307,150,-20,-194,-353,-477,-547,-569,-546,-450,-325,-161,21,195,349,468,544,556,519,442,318,167,6,-160,-294,-402,-476,-493,-473,-409,-301,-186,-68,62,187,283,350,386,384,368,305,239,161,70,-19,-98,-184,-248,-302,-344,-351,-336,-304,-240,-165,-71,42,154,252,-571,406,437,429,382,324,216,77,-49,-190,-322,-421,-483,-508,-490,-435,-331,-210,-64,97,255,385,482,555,571,542,458,337,201,36,-141,-305,-438,-541,-613,-622,-577,-492,-352,-182,-6,177,350,493,599,654,660,605,503,355,177,-10,-199,-378,-534,-629,-672,-682,-631,-516,-372,-201,8,209,388,552,672,733,744,692,581,405,208,-22,-257,-465,-653,-777,-829,-810,-723,-580,-361,-115,138,393,591,750,829,833,769,618,428,211,-24,-254,-462,-618,-714,-744,-716,-635,-499,-327,-141,59,249,409,523,609,634,615,554,451,317,156,-7,-170,-323,-446,-536,-587,-600,-561,-487,-385,125,-135
61729,mtk,MTK 7916,864274134,rx1-tx1,512,0,0,0,169,483,683,726,607,345,-11,-364,-628,-752,-706,-493,-171,188,496,687,714,561,278,-59,-373,-600,-681,-596,-368,-51,280,534,655,615,419,119,-207,-479,-631,-634,-478,-198,130,420,610,648,526,272,-60,-374,-606,-686,-603,-371,-37,310,590,734,695,491,166,-208,-539,-741,-760,-602,-317,49,417,672,766,690,450,109,-263,-573,-739,-730,-554,-244,125,460,673,733,622,347,-9,-348,-604,-725,-670,-449,-131,213,510,686,705,560,283,-50,-377,-619,-700,-617,-411,-111,215,488,639,641,495,239,-60,-341,-539,-600,-524,-335,-75,188,404,521,507,379,173,-66,-266,-391,-422,0,-211,-26,151,277,322,280,164,12,-128,-226,-253,-203,-95,34,164,259,275,202,67,-98,-241,-328,-337,-255,-101,85,278,414,446,378,206,-20,-256,-453,-541,-509,-367,-128,163,426,593,631,532,300,-8,-319,-565,-694,-668,-489,-200,142,459,676,743,649,402,68,-289,-591,-765,-769,-600,-295,80,447,710,808,744,523,184,-201,-528,-750,-823,-713,-446,-88,282,583,759,776,629,348,3,-318,-577,-712,-689,-527,-260,47,335,539,627,581,414,174,-93,-326,-480,-532,-473,-322,-112,112,297,413,446,391,256,83,-88,-239,-343,-381,-340,-244,-126,2,123,207,246,243,209,0,0,0,0,0,205,84,-56,-221,-381,-501,-553,-511,-375,-166,87,346,555,669,665,540,306,-3,-326,-594,-747,-758,-627,-360,-6,353,631,789,796,631,321,-56,-424,-707,-838,-782,-555,-207,194,573,822,877,748,445,38,-381,-723,-915,-906,-680,-296,153,567,863,970,861,550,114,-353,-745,-967,-975,-756,-367,100,543,869,994,878,570,137,-337,-729,-948,-940,-727,-344,127,570,875,968,843,522,66,-409,-781,-965,-933,-686,-266,224,661,946,1015,833,453,-39,-521,-886,-1053,-986,-675,-197,328,785,1070,1116,897,468,-71,-595,-985,-1164,-1084,-746,-240,314,816,1130,1183,962,528,-21,-555,-968,0,-1074,-745,-243,315,789,1080,1123,899,460,-82,-601,-989,-1139,-1014,-648,-139,411,879,1134,1116,840,361,-203,-731,-1094,-1196,-1020,-608,-50,517,971,1199,1154,849,339,-244,-773,-1117,-1201,-1004,-584,-34,512,930,1135,1073,754,266,-270,-733,-1015,-1046,-823,-417,84,564,893,988,840,491,18,-464,-824,-980,-903,-606,-147,351,766,997,1000,759,331,-176,-641,-965,-1071,-928,-562,-72,435,836,1029,1000,743,315,-179,-623,-916,-1000,-852,-506,-64,374,722,904,859,610,230,-177,-524,-732,-761,-609,-315,37,367,600,668,562,320,8,-296,-522,-618,-543,-319,-19,273,503,616,567,366,77,-240,0,0,0,0,0,-696,-539,-258,91,427,662,750,660,419,81,-276,-574,-734,-717,-533,-237,115,436,645,701,590,333,10,-310,-555,-653,-588,-387,-84,237,495,634,617,442,157,-169,-457,-623,-636,-496,-230,97,402,606,672,564,311,-17,-342,-594,-705,-641,-421,-100,261,564,733,729,543,229,-130,-471,-709,-778,-664,-392,-26,336,621,759,726,525,187,-198,-520,-709,-730,-581,-297,60,401,642,730,641,401,74,-275,-564,-715,-693,-511,-213,139,449,659,713,596,351,31,-306,-556,-671,-636,-456,-174,137,409,585,622,517,299,12,-268,-475,-573,-535,-362,-127,116,321,451,475,384,207,-2,0,-325,-374,-321,-191,-35,122,232,274,232,120,-9,-138,-233,-249,-190,-79,68,204,285,299,232,87,-93,-262,-382,-399,-310,-146,65,276,437,503,443,274,43,-220,-445,-575,-579,-453,-204,94,377,591,677,606,392,93,-234,-531,-706,-720,-570,-299,45,386,642,767,716,505,177,-193,-519,-734,-800,-685,-422,-61,315,625,797,799,622,314,-52,-405,-675,-805,-752,-544,-220,143,464,679,762,676,443,137,-189,-466,-639,-676,-567,-346,-65,214,440,562,572,464,263,22,-216,-401,-487,-470,-367,-199,12,202,336,410,396,308,177,17,-134,-247,-312,-324,-286,-205,-108,-18,62,0,0,0,0,0,297,382,423,404,318,162,-44,-259,-458,-597,-632,-556,-379,-121,180,452,650,726,667,473,182,-158,-483,-715,-801,-725,-506,-176,205,540,758,826,721,449,72,-321,-645,-831,-838,-650,-319,89,482,781,910,827,557,160,-278,-655,-893,-940,-782,-438,19,478,819,978,922,671,261,-217,-645,-922,-985,-826,-482,-30,429,793,978,929,654,241,-227,-653,-920,-967,-788,-432,34,497,838,983,892,592,153,-321,-728,-970,-983,-763,-355,139,598,923,1038,914,563,68,-439,-841,-1069,-1054,-784,-320,221,715,1056,1160,1001,615,86,-463,-920,-1172,-1145,-863,-398,167,695,1062,1178,1036,656,0,-439,-887,-1127,-1107,-828,-360,188,699,1036,1125,946,548,20,-518,-945,-1146,-1073,-748,-239,329,811,1112,1163,938,486,-78,-635,-1044,-1208,-1098,-732,-194,390,885,1175,1181,921,467,-99,-647,-1036,-1179,-1046,-674,-150,390,831,1078,1063,796,351,-173,-648,-953,-1015,-830,-454,33,514,859,984,875,542,75,-418,-810,-1003,-953,-675,-230,269,716,1001,1042,842,445,-53,-537,-902,-1057,-967,-662,-195,317,740,997,1017,807,422,-54,-507,-832,-952,-859,-570,-159,271,619,812,803,610,288,-96,-445,-661,-708,-583,-323,6,320,551,636,549,319,18,-284,-514,-616,-547,-337,-46,260,512,640,605,0,0
61730,mtk,MTK 7916,864274134,rx2-tx0,512,0,0,0,264,763,1090,1170,972,536,-43,-626,-1068,-1270,-1178,-807,-241,386,933,1273,1314,1038,517,-126,-734,-1181,-1357,-1211,-772,-148,509,1044,1337,1313,979,412,-242,-841,-1242,-1343,-1125,-636,-2,630,1108,1315,1204,807,220,-421,-963,-1268,-1267,-960,-417,233,823,1203,1284,1065,594,-25,-631,-1080,-1267,-1146,-752,-173,451,953,1217,1187,863,327,-282,-818,-1148,-1190,-930,-453,137,696,1076,1190,1009,573,-8,-591,-1026,-1204,-1086,-704,-141,464,960,1229,1197,866,324,-307,-878,-1235,-1293,-1039,-537,96,718,1182,1367,1215,770,145,-516,-1063,-1367,-1351,-1023,-450,243,873,1292,1423,1219,723,58,-624,-1160,-1421,-1341,0,-356,331,948,1340,1408,1148,619,-49,-708,-1206,-1411,-1283,-853,-222,468,1053,1385,1383,1062,496,-193,-842,-1303,-1460,-1268,-781,-104,590,1159,1470,1442,1063,443,-284,-940,-1389,-1521,-1300,-782,-76,656,1232,1518,1458,1073,434,-305,-970,-1420,-1546,-1315,-782,-75,641,1208,1499,1450,1076,454,-274,-927,-1358,-1484,-1277,-776,-97,593,1132,1418,1385,1046,468,-205,-831,-1273,-1419,-1257,-824,-205,441,973,1294,1338,1086,602,9,-569,-1017,-1237,-1186,-884,-403,141,633,977,1107,1004,690,244,-229,-628,-887,-955,-820,-526,-145,251,579,776,812,691,442,124,-205,-476,-644,-689,-618,-453,-228,7,209,352,421,418,0,0,0,0,0,433,457,414,287,90,-154,-403,-607,-717,-709,-575,-320,14,362,657,834,857,715,409,5,-406,-752,-956,-965,-767,-399,69,537,903,1093,1046,774,323,-224,-731,-1096,-1233,-1099,-718,-174,426,944,1260,1307,1072,594,-20,-640,-1130,-1380,-1325,-968,-395,264,877,1307,1441,1251,784,140,-539,-1095,-1412,-1415,-1101,-539,140,778,1236,1420,1290,861,240,-424,-983,-1305,-1324,-1042,-536,86,685,1112,1267,1130,732,180,-404,-884,-1146,-1129,-844,-367,186,687,1015,1094,904,496,-32,-545,-915,-1063,-955,-614,-118,413,844,1060,1022,738,264,-278,-757,-1054,-1109,-893,-464,86,618,1008,1158,1035,666,136,-432,0,-1159,-1136,-844,-350,226,757,1120,1214,1008,561,-13,-592,-1037,-1234,-1132,-759,-200,418,944,1245,1250,955,435,-197,-797,-1204,-1324,-1135,-675,-55,592,1103,1350,1289,923,334,-335,-922,-1293,-1359,-1103,-589,58,690,1160,1353,1221,808,205,-448,-983,-1273,-1257,-945,-411,224,787,1155,1248,1033,566,-26,-608,-1032,-1207,-1090,-703,-147,430,903,1153,1116,815,325,-241,-742,-1056,-1118,-902,-471,64,577,937,1063,930,580,91,-412,-798,-981,-923,-642,-206,274,672,896,890,655,260,-192,-584,-822,-854,-666,-306,133,537,807,871,711,366,-70,-495,-801,-911,-790,-454,2,456,804,964,891,592,129,-378,0,0,0,0,0,-1111,-860,-398,168,704,1094,1236,1080,662,84,-517,-1017,-1288,-1259,-928,-375,265,845,1233,1343,1133,655,22,-619,-1112,-1348,-1265,-879,-282,379,944,1286,1336,1061,528,-125,-742,-1180,-1337,-1174,-724,-104,530,1042,1302,1238,876,313,-321,-889,-1237,-1280,-1010,-500,126,722,1142,1281,1110,663,66,-543,-1025,-1257,-1172,-804,-245,360,873,1179,1189,899,387,-212,-758,-1112,-1187,-973,-514,68,634,1047,1194,1043,635,65,-527,-994,-1217,-1147,-785,-226,392,926,1236,1244,959,430,-216,-815,-1219,-1327,-1126,-664,-28,628,1137,1379,1291,904,301,-380,-979,-1344,-1400,-1126,-581,99,751,1233,1431,1291,847,209,-474,0,-1370,-1381,-1061,-488,195,828,1269,1420,1231,743,87,-589,-1129,-1399,-1341,-966,-357,334,946,1344,1427,1172,637,-47,-731,-1240,-1468,-1362,-930,-276,443,1061,1444,1487,1185,608,-109,-807,-1319,-1524,-1387,-931,-254,481,1104,1473,1512,1203,615,-115,-814,-1324,-1533,-1393,-939,-274,449,1065,1435,1480,1184,622,-77,-751,-1252,-1464,-1343,-921,-294,399,993,1352,1413,1156,646,-2,-643,-1132,-1378,-1320,-968,-420,203,786,1187,1312,1155,767,230,-346,-835,-1124,-1165,-963,-567,-66,429,812,1012,991,767,398,-35,-441,-740,-877,-831,-623,-297,72,404,646,753,716,557,301,10,-255,-459,-573,-585,-508,-369,-205,-31,0,0,0,0,0,-36,140,320,484,597,620,538,350,81,-226,-508,-722,-810,-740,-526,-204,179,543,815,935,855,595,205,-241,-661,-956,-1053,-925,-592,-123,385,829,1099,1145,940,516,-32,-589,-1032,-1259,-1221,-903,-379,237,810,1215,1363,1217,798,193,-462,-1023,-1369,-1405,-1122,-596,65,721,1219,1454,1363,964,349,-343,-949,-1336,-1433,-1208,-711,-55,605,1114,1374,1318,962,400,-241,-824,-1206,-1303,-1102,-652,-55,543,995,1208,1135,801,288,-290,-791,-1084,-1114,-877,-434,107,614,958,1071,925,550,47,-468,-875,-1062,-984,-666,-182,350,799,1063,1070,817,363,-187,-698,-1042,-1144,-972,-563,-22,534,962,1165,1095,0,246,-333,-843,-1151,-1180,-933,-465,117,676,1081,1228,1078,667,92,-512,-995,-1244,-1192,-850,-304,314,867,1229,1293,1048,552,-80,-700,-1157,-1349,-1218,-804,-196,469,1021,1329,1329,1018,473,-189,-815,-1243,-1365,-1172,-706,-76,568,1073,1316,1243,875,306,-334,-886,-1213,-1256,-1000,-494,125,704,1102,1226,1057,633,51,-525,-968,-1179,-1105,-764,-241,339,826,1107,1117,864,406,-146,-652,-998,-1094,-925,-534,-18,494,873,1026,932,614,151,-333,-727,-934,-907,-651,-237,230,624,857,864,654,285,-158,-559,-817,-859,-681,-334,103,521,808,891,746,410,-36,-486,-817,-949,-839,-518,-59,422,809,1004,954,0,0
61731,mtk,MTK 7916,864274134,rx2-tx1,512,0,0,0,-859,-1102,-1100,-832,-355,200,710,1062,1176,1011,603,52,-507,-949,-1171,-1126,-818,-314,252,763,1092,1156,957,531,-16,-549,-949,-1118,-1022,-695,-205,334,782,1030,1029,771,332,-175,-635,-932,-989,-804,-422,67,534,856,971,850,507,34,-450,-828,-1005,-918,-598,-132,381,799,1018,991,733,283,-242,-716,-1016,-1070,-858,-448,78,591,974,1115,972,589,60,-486,-920,-1137,-1078,-758,-247,333,847,1165,1209,962,478,-120,-705,-1138,-1300,-1166,-763,-172,459,988,1298,1313,1019,484,-150,-735,-1172,-1346,-1200,-775,-180,452,972,1274,1279,992,499,-104,-681,-1086,-1234,-1114,-746,-214,355,829,1103,1121,881,0,-58,-538,-877,-1002,-891,-574,-136,307,661,847,820,594,232,-174,-521,-726,-747,-581,-282,79,417,647,704,578,304,-37,-371,-604,-681,-577,-321,23,368,623,720,636,382,10,-375,-683,-838,-787,-535,-143,310,717,962,993,796,401,-106,-608,-974,-1128,-1042,-715,-217,351,850,1166,1225,1021,581,-3,-598,-1067,-1298,-1255,-946,-414,210,786,1200,1357,1225,830,267,-355,-901,-1244,-1326,-1144,-725,-148,442,913,1195,1224,998,583,66,-446,-847,-1057,-1036,-800,-418,27,453,764,905,858,634,290,-95,-446,-690,-781,-725,-530,-239,85,373,582,675,645,504,288,50,-166,-338,-441,-464,-417,-322,0,0,0,0,0,-310,-201,-47,150,350,510,604,600,489,284,21,-257,-498,-653,-681,-574,-357,-59,265,534,688,705,579,328,-9,-355,-621,-754,-730,-545,-230,148,506,759,842,734,453,71,-341,-692,-890,-898,-710,-355,93,530,847,991,911,625,202,-278,-705,-976,-1024,-845,-480,-3,481,867,1052,989,705,270,-230,-681,-971,-1046,-882,-512,-33,447,824,1009,958,693,270,-218,-647,-919,-967,-802,-452,11,461,792,932,860,587,164,-297,-683,-910,-914,-694,-318,137,562,854,945,815,496,53,-398,-750,-930,-897,-653,-251,211,615,870,926,762,407,-36,-456,-778,-920,-834,-541,-123,313,680,895,0,667,290,-156,-570,-848,-918,-772,-443,-9,427,754,897,824,557,154,-283,-651,-860,-854,-642,-266,179,585,847,898,729,372,-89,-532,-852,-974,-857,-524,-62,426,822,1027,987,707,264,-248,-710,-1004,-1062,-873,-471,53,555,932,1089,977,623,128,-387,-806,-1044,-1029,-757,-295,244,709,1004,1070,860,433,-86,-585,-955,-1096,-960,-588,-76,454,880,1094,1051,758,270,-285,-774,-1080,-1134,-907,-456,105,639,1024,1172,1043,664,130,-444,-910,-1155,-1132,-840,-351,209,721,1062,1145,962,555,15,-515,-915,-1097,-1017,-695,-211,326,775,1029,1034,788,350,-166,-643,-965,-1048,-871,-489,11,523,905,0,0,0,0,0,726,240,-312,-794,-1091,-1140,-928,-489,80,625,1022,1188,1080,722,191,-387,-867,-1139,-1149,-890,-432,127,658,1029,1150,993,611,93,-452,-881,-1080,-1026,-745,-282,248,708,981,1005,789,388,-107,-571,-895,-988,-823,-460,16,495,850,986,869,535,68,-421,-814,-1013,-968,-670,-200,312,752,1018,1041,800,357,-165,-659,-995,-1091,-928,-531,6,544,955,1136,1038,682,155,-414,-889,-1156,-1148,-852,-349,241,783,1153,1258,1067,623,15,-600,-1077,-1312,-1244,-889,-328,309,877,1247,1333,1114,644,20,-596,-1071,-1312,-1242,-890,-343,274,832,1194,1277,1070,626,52,-520,-960,-1180,-1130,-828,-351,194,676,0,1068,903,532,56,-412,-763,-922,-855,-595,-199,224,580,780,778,589,257,-131,-467,-680,-724,-581,-291,67,396,620,681,569,314,-30,-369,-611,-696,-597,-335,14,374,660,780,699,441,64,-359,-712,-904,-891,-659,-256,228,681,998,1088,925,552,39,-499,-938,-1176,-1153,-872,-388,191,739,1134,1277,1134,738,183,-413,-935,-1269,-1328,-1090,-621,-18,587,1078,1343,1317,1021,507,-101,-677,-1106,-1301,-1226,-893,-390,164,673,1034,1168,1048,719,262,-227,-652,-926,-995,-853,-543,-137,267,600,799,830,691,415,67,-275,-548,-703,-714,-602,-384,-110,167,399,547,592,544,414,239,59,-95,-214,0,0,0,0,0,-299,-431,-510,-514,-445,-292,-73,174,408,585,659,616,452,199,-96,-385,-603,-697,-655,-478,-196,134,445,668,741,649,423,106,-257,-577,-769,-788,-633,-335,50,440,736,871,815,586,219,-231,-630,-890,-959,-819,-495,-54,412,799,990,971,743,337,-143,-599,-929,-1047,-920,-584,-130,359,775,1020,1030,797,394,-93,-565,-907,-1041,-935,-612,-154,332,737,967,975,758,374,-99,-549,-857,-963,-837,-518,-84,375,740,920,885,640,234,-229,-626,-877,-925,-750,-390,53,487,813,948,860,579,157,-311,-696,-907,-912,-706,-337,116,535,827,922,791,475,51,-387,-735,-907,-862,-608,-212,0,634,867,899,721,372,-61,-490,-801,-907,-802,-507,-86,351,697,879,845,597,204,-239,-619,-851,-875,-680,-312,139,561,844,931,790,451,-19,-492,-846,-1000,-924,-616,-159,340,776,1031,1032,789,366,-147,-640,-973,-1076,-924,-550,-48,472,876,1064,1003,702,226,-298,-760,-1034,-1046,-807,-374,154,649,986,1080,913,517,-3,-523,-925,-1105,-1011,-670,-170,374,827,1091,1091,824,354,-202,-713,-1058,-1146,-968,-555,-2,549,970,1172,1097,761,248,-333,-834,-1123,-1142,-907,-464,87,617,993,1129,998,634,118,-421,-844,-1068,-1036,-758,-296,235,706,999,1042,831,418,-92,-582,-929,-1049,-917,-556,0,0
61732,mtk,MTK 7916,864326451,rx0-tx0,512,-330,-519,-541,-318,-103,121,343,541,699,819,899,919,889,812,684,513,313,113,-100,-310,-498,-668,-786,-872,-902,-888,-818,-709,-562,-375,-171,47,272,484,672,822,907,961,950,885,764,593,395,179,-67,-309,-513,-708,-857,-943,-984,-954,-873,-740,-572,-361,-136,91,318,518,675,809,903,937,911,839,728,572,388,186,-51,-259,-456,-633,-779,-872,-917,-920,-853,-733,-586,-394,-181,39,263,473,650,782,857,892,876,798,680,523,336,127,-76,-277,-460,-608,-714,-782,-810,-781,-707,-595,-464,-303,-120,57,232,392,519,626,696,714,698,645,556,436,299,142,-27,-179,-328,-465,-568,-629,-26,-678,-642,-568,-459,-327,-164,-11,152,318,452,562,660,695,695,654,581,464,315,146,-22,-195,-362,-500,-621,-697,-727,-705,-647,-555,-428,-268,-94,83,265,427,540,641,695,716,685,605,502,362,198,28,-142,-312,-456,-581,-671,-713,-712,-664,-580,-448,-297,-127,72,261,429,567,670,734,740,692,583,440,257,72,-111,-298,-454,-575,-625,-634,-598,-520,-408,-267,-115,34,164,274,363,405,418,394,352,291,212,134,56,-18,-78,-128,-167,-199,-208,-206,-192,-173,-151,-117,-89,-53,-14,19,43,75,109,133,146,152,155,143,119,81,32,-25,-69,-113,-144,-150,-134,-106,-623,-472,510,-528,-45,-168,-211,-234,-218,-171,-103,-16,77,158,231,287,313,319,291,250,188,115,32,-60,-142,-225,-304,-363,-403,-417,-407,-362,-299,-213,-97,32,170,301,431,537,607,642,626,573,459,325,144,-57,-261,-459,-630,-772,-870,-890,-852,-753,-594,-375,-130,136,386,621,829,987,1065,1072,1001,861,652,391,98,-187,-472,-737,-940,-1084,-1153,-1143,-1051,-896,-668,-411,-129,166,449,699,908,1057,1146,1150,1078,941,738,491,213,-77,-355,-608,-823,-986,-1087,-1127,-1092,-982,-816,-595,-349,-79,203,475,709,893,1026,1101,1105,1037,898,714,482,209,-64,-327,-573,-781,-942,-1035,-1067,-1031,-928,-782,301,-349,-104,136,376,589,761,892,979,999,969,874,744,572,357,138,-103,-339,-557,-753,-898,-1002,-1042,-1017,-936,-799,-616,-385,-131,129,382,596,794,940,1034,1053,1023,932,790,603,383,150,-97,-346,-589,-789,-940,-1048,-1095,-1079,-1000,-862,-681,-454,-202,82,350,604,807,984,1107,1153,1135,1062,906,707,461,181,-117,-398,-663,-892,-1062,-1161,-1189,-1137,-1037,-862,-636,-368,-84,194,458,679,879,1033,1102,1100,1045,925,754,550,312,62,-187,-432,-644,-807,-923,-995,-1011,-965,-866,-714,-518,-297,-70,161,377,576,747,865,937,957,914,833,697,522,323,107,-136,-359,-553,-725,-848,-928,-609,-680,-82,-91,-379,879,927,924,872,756,599,413,205,-16,-228,-431,-612,-755,-841,-888,-893,-846,-757,-617,-443,-243,-28,183,384,565,728,847,909,928,893,810,676,490,285,64,-174,-395,-601,-771,-887,-967,-990,-934,-836,-693,-490,-271,-33,205,426,617,779,888,941,945,902,793,643,472,269,46,-179,-382,-570,-720,-832,-900,-918,-869,-796,-670,-502,-298,-92,133,356,549,713,840,908,917,880,786,650,471,266,54,-173,-376,-550,-698,-798,-845,-837,-792,-695,-563,-404,-227,-29,169,348,497,617,708,750,747,713,629,515,379,214,40,-125,-290,-433,-549,-631,-685,-691,-663,-609,-512,-377,-232,628,90,244,389,502,605,660,679,671,616,517,411,258,83,-91,-248,-401,-535,-636,-700,-715,-696,-625,-520,-381,-218,-36,142,312,466,588,676,716,720,677,577,457,315,138,-32,-211,-365,-499,-610,-685,-711,-701,-642,-546,-425,-264,-87,97,271,434,568,658,724,737,687,600,464,304,111,-85,-270,-439,-573,-672,-705,-697,-632,-518,-363,-187,-16,155,305,428,505,540,525,476,405,302,182,61,-50,-141,-216,-268,-294,-305,-292,-259,-223,-178,-126,-68,-17,27,65,102,126,140,157,163,154,144,131,108,77,40,7,-30,-73,-113,-143,-167,-165,-150,-117,-64,-9,40,77,-507,-281,-82,410,128,-96,-43,37,125,197,254,283,282,249,203,127,44,-48,-134,-208,-278,-324,-351,-349,-327,-294,-234,-153,-60,46,158,267,357,440,497,518,505,461,389,274,128,-43,-212,-381,-522,-644,-740,-771,-747,-667,-536,-370,-148,93,325,547,748,897,981,987,931,812,631,391,118,-161,-438,-695,-907,-1051,-1107,-1101,-1038,-885,-662,-394,-102,194,467,730,942,1081,1152,1145,1063,910,698,446,165,-136,-413,-667,-872,-1026,-1113,-1130,-1070,-948,-767,-541,-285,-11,275,534,765,945,1062,1114,1098,1010,862,660,420,145,-133,-411,-652,-843,-998,-1081,-1091,-1038,-919,-744,-526,-272,-12,256,494,698,-176,966,1015,1013,952,827,654,456,223,-5,-244,-463,-658,-823,-929,-983,-996,-952,-857,-699,-494,-262,-7,232,468,675,858,986,1047,1048,979,866,710,493,250,-4,-248,-484,-699,-873,-991,-1057,-1065,-1015,-907,-738,-541,-305,-41,216,470,689,884,1023,1115,1130,1078,966,796,596,332,48,-222,-498,-745,-942,-1088,-1171,-1177,-1121,-1001,-811,-560,-283,10,293,559,810,993,1114,1151,1129,1036,890,703,457,191,-68,-326,-568,-773,-930,-1029,-1062,-1038,-956,-816,-638,-427,-198,54,292,511,698,848,941,985,966,891,778,619,421,207,-29,-257,-466,-650,-787,-884,-942,-946,-873,-766,-607,-415,-197,5,265
61733,mtk,MTK 7916,864326451,rx0-tx1,512,-686,982,826,263,396,518,601,643,652,620,549,438,319,178,27,-125,-263,-382,-478,-545,-571,-575,-547,-488,-409,-304,-193,-74,52,172,275,371,450,507,539,545,514,467,397,296,189,63,-66,-194,-321,-434,-512,-582,-610,-617,-580,-500,-408,-279,-129,33,188,339,486,588,655,699,696,646,561,440,292,123,-48,-219,-391,-527,-632,-705,-736,-719,-666,-563,-427,-273,-102,73,248,408,540,640,699,720,695,633,535,403,252,83,-87,-255,-404,-526,-618,-670,-684,-665,-602,-508,-380,-228,-75,79,236,385,501,587,646,659,631,573,488,369,227,69,-88,-234,-376,-494,-581,-636,-646,-616,-38,-463,-344,-211,-55,99,254,392,499,588,641,645,619,551,452,330,176,16,-143,-300,-435,-552,-633,-678,-671,-620,-535,-411,-267,-109,60,228,376,499,594,639,653,632,557,451,315,164,15,-142,-291,-410,-506,-573,-597,-596,-560,-483,-380,-255,-128,24,175,297,409,495,553,567,553,512,433,336,220,75,-71,-202,-332,-449,-526,-569,-575,-544,-476,-371,-240,-94,62,212,338,444,520,552,546,495,409,303,176,42,-97,-217,-331,-407,-453,-474,-453,-397,-314,-209,-88,29,143,248,324,374,393,377,332,256,170,60,-54,-160,-248,-302,-329,-316,-256,-169,-68,36,123,171,1043,1018,0,-326,-322,-47,6,73,133,185,213,212,191,143,78,10,-65,-132,-185,-220,-238,-236,-218,-178,-126,-65,4,70,130,183,217,242,234,221,195,142,90,34,-24,-75,-119,-160,-174,-182,-181,-166,-157,-137,-110,-81,-50,-18,17,51,88,121,146,183,200,208,212,198,172,141,86,20,-40,-108,-171,-214,-248,-264,-271,-262,-225,-181,-127,-63,2,69,132,184,229,256,268,277,277,248,217,170,105,43,-27,-108,-177,-241,-294,-335,-357,-358,-332,-283,-215,-133,-42,59,167,251,324,377,410,414,394,356,289,205,108,4,-99,-201,-291,-358,-406,-438,-440,-406,-360,-283,-191,-96,-48,122,217,307,382,439,464,470,449,398,325,227,114,-13,-136,-248,-364,-446,-503,-543,-537,-501,-434,-336,-220,-88,50,182,310,415,496,542,564,551,506,427,325,216,91,-45,-172,-296,-401,-482,-544,-570,-568,-541,-481,-386,-274,-150,-11,132,268,401,494,579,627,635,611,555,464,337,194,32,-130,-290,-441,-564,-656,-713,-728,-689,-613,-502,-358,-184,0,190,357,505,631,707,752,752,694,594,460,296,118,-63,-244,-399,-529,-640,-704,-723,-704,-637,-541,-420,-265,-101,75,238,389,516,608,673,698,673,614,528,396,249,80,-87,-244,-395,-518,-614,-667,-681,-649,-587,253,198,9,-131,-337,619,536,420,273,120,-42,-203,-351,-464,-548,-608,-628,-604,-549,-469,-363,-231,-95,34,165,280,385,464,514,544,543,509,453,381,294,183,65,-63,-179,-280,-388,-471,-527,-565,-563,-540,-490,-401,-297,-173,-32,108,263,389,496,586,643,661,640,590,497,365,218,54,-128,-293,-439,-569,-660,-713,-720,-695,-623,-503,-364,-202,-25,153,317,471,587,676,728,732,693,605,485,340,178,6,-173,-331,-475,-583,-659,-697,-694,-651,-569,-459,-322,-166,-4,161,316,451,562,635,668,667,631,549,431,302,151,-15,-168,-308,-433,-538,-609,-649,-644,-606,-537,-425,-295,-145,14,175,634,452,544,611,643,634,592,506,397,272,114,-46,-198,-345,-464,-566,-634,-657,-643,-592,-505,-387,-238,-74,102,263,413,532,613,661,668,629,546,437,297,137,-20,-186,-336,-459,-560,-614,-635,-614,-553,-460,-345,-202,-56,82,227,353,460,526,569,588,550,488,402,291,164,26,-109,-250,-369,-457,-534,-573,-563,-526,-470,-369,-244,-100,47,197,331,445,526,567,572,531,460,365,227,76,-74,-215,-334,-432,-495,-520,-502,-455,-374,-257,-142,-13,116,230,321,389,423,422,394,331,243,144,34,-75,-181,-268,-330,-367,-359,-320,-245,-150,-45,72,173,241,268,257,202,132,564,156,0,122,278,152,174,168,140,87,16,-58,-125,-183,-217,-234,-233,-203,-155,-94,-26,41,107,165,207,237,243,232,205,163,107,43,-25,-75,-140,-185,-208,-219,-217,-200,-176,-132,-82,-40,7,39,71,105,129,143,153,159,165,163,154,128,110,82,39,-2,-52,-107,-152,-198,-237,-252,-251,-248,-213,-166,-103,-37,27,90,155,204,251,270,276,265,245,213,166,106,46,-9,-78,-142,-196,-250,-284,-303,-318,-305,-273,-225,-166,-92,-11,78,162,240,304,356,387,397,372,319,253,167,68,-36,-134,-227,-311,-370,-413,-423,-410,-375,-315,-238,-150,-50,65,167,260,347,403,439,-1135,433,394,336,256,159,52,-60,-178,-279,-371,-444,-492,-513,-495,-457,-389,-287,-182,-49,95,221,344,443,518,554,557,533,471,382,266,141,8,-130,-252,-364,-447,-512,-558,-567,-538,-487,-402,-304,-184,-45,82,216,342,446,523,575,601,588,552,474,373,254,99,-53,-201,-339,-472,-575,-648,-685,-678,-636,-549,-423,-285,-120,63,242,398,536,651,726,757,733,662,558,415,242,63,-129,-310,-465,-596,-688,-735,-741,-701,-615,-502,-356,-184,-15,156,315,454,572,658,699,702,660,586,470,333,177,9,-161,-308,-454,-570,-647,-684,-674,-639,-563,-455,-314,-158,11,174,318,93,246
61734,mtk,MTK 7916,864326451,rx1-tx0,512,0,1720,1839,623,622,580,507,405,283,137,-24,-189,-347,-486,-601,-688,-745,-752,-718,-635,-518,-368,-193,-3,202,416,594,742,858,903,911,856,743,583,380,149,-91,-333,-561,-755,-910,-1003,-1029,-999,-902,-747,-546,-300,-42,221,472,696,881,1000,1054,1043,974,845,661,444,206,-56,-302,-527,-719,-874,-969,-1002,-981,-906,-777,-606,-402,-174,64,296,508,689,830,934,977,961,883,744,581,374,147,-86,-314,-525,-713,-835,-928,-959,-930,-833,-691,-526,-311,-85,139,356,557,711,830,893,893,849,746,606,421,211,2,-211,-395,-547,-668,-756,-795,-774,-706,-604,-467,-309,-132,40,207,349,-277,569,630,646,633,587,507,396,275,140,8,-118,-248,-373,-455,-520,-560,-569,-551,-505,-436,-335,-216,-89,51,182,308,412,494,559,578,571,547,472,386,274,140,0,-134,-267,-393,-491,-568,-620,-636,-608,-557,-465,-355,-214,-43,118,290,442,579,684,745,773,746,666,544,373,192,-19,-248,-462,-647,-786,-873,-905,-871,-758,-612,-396,-171,67,314,530,703,832,875,866,798,669,498,297,73,-145,-336,-502,-639,-710,-733,-709,-630,-511,-366,-199,-26,145,302,425,522,577,588,551,478,376,251,109,-40,-189,-310,-409,-476,-490,-469,-402,-291,-157,-11,143,256,327,345,311,-947,-10,0,-226,100,37,72,89,93,88,70,50,14,-19,-55,-86,-108,-130,-137,-135,-116,-98,-70,-35,0,42,84,116,135,155,159,154,149,130,102,77,30,-22,-65,-108,-156,-188,-223,-237,-239,-229,-205,-165,-110,-49,34,109,195,265,321,360,377,373,331,263,180,62,-56,-174,-303,-398,-472,-513,-519,-480,-397,-295,-173,-27,122,263,390,484,552,570,547,489,402,285,139,-11,-159,-292,-404,-491,-537,-547,-524,-467,-366,-250,-117,11,133,255,339,405,443,448,432,383,320,235,149,60,-28,-106,-177,-232,-285,-322,-334,-344,-333,-302,-269,-223,-162,-83,0,79,167,241,311,370,489,423,413,374,317,249,154,34,-84,-185,-295,-387,-457,-490,-500,-486,-445,-369,-275,-157,-26,107,229,347,445,524,565,566,539,484,390,275,152,15,-138,-278,-403,-506,-571,-611,-623,-600,-521,-422,-303,-162,-13,139,293,419,527,605,654,656,629,553,449,325,192,41,-126,-290,-417,-534,-639,-696,-722,-700,-635,-534,-402,-247,-68,125,309,479,625,743,806,814,773,694,551,371,173,-42,-244,-431,-597,-714,-790,-813,-776,-698,-571,-414,-244,-60,127,291,442,567,642,683,683,640,572,474,355,205,59,-81,-214,-332,-434,-519,-569,-583,-587,-553,-482,-387,-285,-161,-41,93,-430,-446,0,-592,606,23,-125,-270,-400,-512,-598,-655,-678,-668,-618,-528,-405,-258,-87,98,279,449,592,713,790,825,815,756,633,488,291,77,-139,-369,-574,-750,-884,-960,-980,-942,-832,-678,-471,-228,22,278,524,733,906,1018,1061,1039,950,806,611,367,101,-164,-412,-631,-816,-945,-1027,-1039,-980,-870,-720,-522,-294,-53,187,415,619,781,901,971,984,939,841,691,503,287,44,-190,-419,-612,-775,-903,-964,-965,-909,-810,-648,-457,-247,-8,225,451,628,785,892,929,917,855,736,568,370,144,-69,-275,-470,-636,-765,-832,-856,-819,-728,-603,-443,-264,-67,131,302,458,579,669,715,718,673,587,315,350,199,51,-93,-233,-363,-464,-533,-578,-587,-572,-533,-448,-349,-248,-121,14,150,271,381,469,528,567,570,546,491,405,304,178,40,-87,-226,-347,-441,-527,-582,-601,-586,-547,-465,-362,-250,-116,40,190,327,457,559,657,696,695,648,565,451,296,122,-58,-249,-428,-599,-728,-810,-855,-827,-739,-597,-422,-206,27,281,490,682,826,896,910,859,734,575,357,116,-116,-347,-544,-694,-789,-824,-795,-710,-589,-420,-226,-41,150,324,470,575,637,651,626,548,439,306,155,-5,-160,-294,-407,-483,-527,-534,-493,-413,-306,-165,-16,125,259,360,421,441,402,310,189,50,-71,-1375,-1729,0,-422,-419,58,43,15,-11,-45,-72,-99,-117,-119,-113,-90,-66,-34,2,36,71,98,129,139,144,146,136,105,76,41,-2,-31,-71,-108,-137,-162,-193,-191,-183,-171,-147,-116,-75,-17,40,107,161,220,257,298,310,297,272,209,143,58,-32,-136,-245,-325,-391,-442,-455,-453,-401,-305,-188,-53,91,231,351,447,520,554,542,495,405,288,151,-5,-152,-294,-409,-505,-559,-574,-550,-480,-386,-266,-132,11,148,281,380,457,503,505,484,423,335,240,120,14,-102,-201,-283,-337,-369,-383,-373,-350,-311,-260,-203,-130,-66,2,85,157,216,273,318,347,359,365,348,306,246,165,-571,-19,-121,-222,-306,-378,-438,-469,-462,-438,-389,-308,-202,-81,32,155,275,378,458,517,540,535,490,427,330,226,91,-47,-182,-318,-434,-515,-568,-592,-583,-534,-460,-350,-219,-80,60,213,358,471,564,618,640,627,571,487,376,244,91,-65,-215,-361,-484,-579,-637,-673,-672,-624,-540,-439,-300,-138,29,205,368,514,631,714,764,766,719,628,496,327,127,-77,-272,-463,-628,-740,-817,-837,-796,-710,-574,-400,-205,6,204,385,545,656,724,755,737,675,583,451,292,127,-52,-206,-341,-452,-543,-603,-626,-621,-576,-504,-414,-307,-175,-48,78,215,339,436,518,567,586,589,125,-135
61735,mtk,MTK 7916,864326451,rx1-tx1,512,0,0,0,-654,-705,-557,-245,144,501,715,732,549,217,-172,-515,-706,-701,-501,-166,206,517,682,648,423,85,-267,-544,-647,-560,-320,17,350,570,624,496,217,-128,-423,-605,-610,-427,-110,230,507,644,588,344,-2,-344,-593,-675,-553,-265,104,443,666,707,541,213,-182,-528,-731,-731,-523,-159,253,589,760,721,485,108,-302,-621,-767,-692,-422,-40,348,633,741,627,344,-30,-404,-664,-729,-594,-285,114,479,703,726,551,222,-162,-503,-703,-707,-513,-178,196,511,690,665,462,145,-215,-501,-644,-614,-415,-102,224,484,611,559,356,72,-224,-445,-539,-485,-302,-49,205,386,448,379,0,-3,-200,-324,-343,-258,-106,67,207,272,240,127,-20,-157,-244,-242,-146,-4,146,258,297,235,82,-103,-270,-367,-365,-247,-39,194,379,470,429,261,5,-263,-473,-566,-506,-293,5,313,550,648,569,323,-16,-359,-617,-713,-622,-356,9,372,647,745,651,382,-8,-395,-673,-776,-678,-399,-13,385,689,816,721,433,33,-371,-687,-829,-758,-487,-88,322,640,796,744,504,149,-243,-566,-738,-723,-532,-211,162,474,646,662,519,243,-82,-372,-553,-591,-487,-265,13,273,450,509,445,274,43,-182,-353,-435,-404,-286,-111,80,245,346,369,310,194,56,-84,-188,-239,-241,-207,0,0,0,0,0,302,389,412,353,212,8,-224,-431,-567,-599,-497,-280,14,319,566,702,674,477,163,-197,-518,-727,-774,-620,-304,90,462,728,821,696,391,-8,-416,-726,-846,-740,-441,-20,413,744,879,779,467,25,-432,-782,-924,-820,-491,-23,461,825,976,866,519,30,-468,-847,-1003,-891,-527,-12,495,861,1000,873,504,-5,-518,-884,-1001,-850,-466,54,560,904,991,802,394,-130,-621,-926,-974,-758,-323,212,696,978,979,713,251,-278,-749,-1013,-982,-669,-174,378,843,1076,998,645,120,-460,-922,-1126,-1028,-649,-78,525,991,1183,1054,649,59,-552,-1014,-1200,-1055,-635,-44,563,1017,1179,1012,0,-7,-599,-1019,-1153,-964,-506,89,657,1038,1126,898,417,-182,-721,-1069,-1116,-840,-326,286,828,1138,1129,792,241,-379,-902,-1180,-1127,-758,-178,453,966,1215,1120,710,119,-498,-988,-1202,-1074,-656,-76,528,985,1150,989,564,-9,-580,-975,-1083,-882,-440,123,640,957,991,732,268,-270,-737,-986,-933,-611,-112,427,848,1028,914,523,-24,-554,-934,-1065,-889,-466,78,608,974,1061,852,422,-124,-638,-973,-1036,-817,-377,163,643,931,964,733,312,-184,-606,-849,-846,-613,-225,213,573,757,716,476,107,-280,-573,-677,-573,-305,41,367,575,606,453,165,-174,-465,-604,-564,-352,-24,316,565,0,0,0,0,0,255,-116,-463,-690,-724,-558,-233,162,509,716,718,526,194,-195,-519,-692,-672,-469,-135,234,529,667,610,379,39,-303,-556,-642,-533,-265,73,386,589,618,460,176,-169,-471,-628,-600,-393,-63,286,549,650,562,306,-48,-398,-635,-688,-545,-243,137,491,703,719,533,187,-216,-566,-761,-737,-509,-144,264,605,769,711,453,70,-327,-618,-741,-664,-394,-9,374,650,740,614,310,-75,-441,-678,-726,-568,-247,139,489,700,709,530,205,-175,-499,-689,-691,-498,-169,201,506,661,646,449,127,-214,-485,-621,-584,-388,-87,232,470,578,529,338,52,-216,-415,-504,-441,-259,-23,207,0,384,321,172,-19,-191,-289,-283,-199,-50,113,223,248,187,57,-89,-210,-268,-239,-121,55,214,314,321,231,59,-150,-333,-423,-391,-244,-23,221,428,517,454,268,1,-292,-517,-604,-531,-312,8,340,584,669,583,341,-10,-373,-633,-732,-634,-370,4,387,667,773,671,385,-3,-398,-683,-789,-701,-418,-17,382,684,814,733,462,65,-355,-669,-814,-752,-492,-113,282,602,771,745,523,172,-209,-525,-696,-693,-522,-228,120,420,602,632,507,260,-38,-317,-507,-555,-467,-269,-22,217,397,469,424,278,73,-134,-304,-398,-395,-301,-155,14,172,279,321,302,225,116,12,-77,0,0,0,0,0,-183,-51,110,287,441,524,501,373,156,-119,-389,-581,-660,-597,-387,-80,253,542,718,723,558,245,-139,-490,-725,-789,-661,-364,33,431,720,826,720,420,10,-409,-731,-854,-758,-453,-19,417,750,900,798,478,21,-454,-806,-949,-839,-496,-18,467,842,999,884,525,23,-491,-876,-1025,-889,-518,-16,487,864,1007,868,486,-26,-529,-882,-991,-826,-439,79,573,905,987,783,360,-160,-641,-940,-969,-729,-277,256,716,985,984,698,212,-340,-799,-1035,-984,-658,-137,431,875,1085,1009,647,90,-500,-964,-1169,-1052,-643,-64,545,1010,1201,1074,656,55,-554,-1010,-1198,-1052,-619,-20,583,0,1167,996,555,-48,-632,-1033,-1144,-933,-460,133,691,1053,1121,874,376,-234,-781,-1110,-1128,-824,-283,334,864,1155,1119,777,209,-422,-939,-1195,-1126,-740,-148,481,981,1211,1102,688,90,-528,-1000,-1186,-1047,-627,-29,561,986,1130,943,496,-66,-600,-958,-1035,-810,-356,204,697,972,955,669,187,-360,-805,-1007,-921,-566,-45,495,898,1045,898,497,-48,-576,-947,-1060,-880,-454,105,630,973,1053,841,400,-141,-637,-952,-1001,-778,-345,164,620,888,901,673,267,-196,-592,-808,-786,-543,-160,245,565,714,645,392,37,-316,-563,-630,-506,-232,106,404,577,578,401,91,-250,-517,-640,-567,-317,0,0
61736,mtk,MTK 7916,864326451,rx2-tx0,512,0,0,0,-1070,-1128,-874,-360,277,848,1191,1206,878,299,-372,-957,-1281,-1246,-862,-232,461,1034,1325,1248,816,150,-556,-1107,-1347,-1209,-734,-47,662,1182,1362,1154,629,-72,-751,-1217,-1336,-1069,-495,214,858,1253,1292,958,341,-364,-957,-1273,-1228,-833,-188,507,1054,1292,1154,692,26,-644,-1121,-1275,-1064,-538,137,760,1154,1220,929,362,-308,-871,-1179,-1145,-771,-168,479,977,1187,1048,601,-29,-654,-1079,-1188,-949,-420,238,826,1170,1175,841,254,-419,-979,-1256,-1170,-743,-93,588,1107,1321,1151,644,-47,-733,-1219,-1365,-1123,-559,167,852,1300,1389,1087,475,-276,-950,-1364,-1397,-1037,-386,371,1022,1391,1370,971,0,-461,-1088,-1407,-1331,-877,-175,570,1152,1412,1268,772,58,-677,-1213,-1415,-1224,-685,50,776,1291,1439,1180,591,-166,-887,-1363,-1458,-1148,-515,267,974,1421,1480,1121,448,-347,-1047,-1466,-1481,-1084,-394,410,1104,1498,1477,1048,332,-475,-1149,-1512,-1465,-1012,-284,516,1168,1501,1426,963,244,-540,-1168,-1475,-1379,-909,-194,567,1175,1454,1333,852,154,-578,-1152,-1419,-1302,-837,-152,563,1117,1373,1272,840,194,-489,-1026,-1286,-1216,-839,-254,377,894,1164,1129,808,300,-265,-741,-1014,-1025,-777,-342,154,587,859,905,728,383,-40,-437,-709,-800,-703,-455,-115,233,506,657,663,532,308,52,-179,-346,-426,-425,0,0,0,0,0,-18,181,374,526,598,556,381,104,-219,-518,-724,-778,-654,-369,17,420,743,895,832,560,133,-343,-752,-985,-967,-702,-255,279,760,1058,1089,835,351,-241,-791,-1144,-1205,-948,-437,205,811,1225,1317,1062,522,-169,-826,-1278,-1385,-1129,-579,136,823,1304,1439,1187,611,-122,-828,-1326,-1470,-1215,-629,118,825,1314,1448,1197,624,-120,-816,-1276,-1398,-1141,-578,134,804,1237,1321,1049,494,-189,-807,-1182,-1225,-924,-369,277,826,1131,1109,781,236,-372,-864,-1093,-1005,-631,-71,500,925,1074,908,478,-91,-635,-994,-1075,-844,-359,240,767,1080,1088,784,243,-368,-879,-1143,-1093,-725,-140,480,971,1193,0,653,42,-589,-1054,-1220,-1036,-558,81,702,1124,1228,984,456,-204,-813,-1197,-1239,-925,-342,347,946,1278,1241,859,231,-479,-1058,-1334,-1241,-800,-129,584,1144,1377,1223,726,16,-694,-1204,-1380,-1172,-636,82,772,1232,1347,1089,523,-193,-844,-1246,-1285,-963,-375,316,911,1234,1197,821,206,-456,-978,-1216,-1097,-661,-41,590,1042,1185,989,510,-109,-687,-1065,-1134,-870,-365,240,767,1062,1051,741,217,-360,-820,-1034,-948,-587,-61,467,847,973,812,413,-101,-568,-857,-888,-655,-228,265,665,862,801,489,31,-438,-775,-875,-707,-320,168,612,878,885,621,165,-341,-756,-958,-878,-532,-18,517,913,0,0,0,0,0,380,-217,-775,-1124,-1168,-884,-334,323,906,1245,1231,869,262,-422,-997,-1304,-1246,-837,-194,510,1076,1346,1233,773,93,-612,-1147,-1358,-1188,-681,14,709,1198,1346,1112,569,-133,-798,-1231,-1312,-1017,-429,278,902,1265,1256,885,266,-431,-1006,-1285,-1192,-761,-111,580,1090,1282,1107,613,-59,-706,-1147,-1256,-997,-451,213,816,1172,1187,862,275,-387,-921,-1186,-1103,-692,-77,555,1018,1183,997,511,-129,-737,-1125,-1174,-882,-329,327,900,1220,1177,792,176,-503,-1043,-1285,-1157,-692,-20,677,1178,1342,1133,603,-107,-799,-1275,-1388,-1113,-524,222,910,1341,1397,1062,429,-328,-992,-1378,-1389,-1004,-335,420,1054,0,1354,921,235,-514,-1116,-1408,-1301,-827,-125,611,1176,1411,1245,730,11,-724,-1257,-1430,-1202,-631,119,837,1325,1443,1160,557,-214,-931,-1394,-1468,-1137,-484,303,1010,1443,1485,1112,420,-385,-1087,-1485,-1476,-1064,-358,445,1131,1512,1475,1034,310,-496,-1162,-1512,-1450,-992,-264,532,1171,1485,1403,937,218,-553,-1164,-1454,-1349,-877,-168,579,1165,1438,1315,845,153,-567,-1142,-1407,-1286,-829,-164,527,1067,1329,1241,833,226,-430,-958,-1222,-1173,-828,-280,314,812,1090,1079,798,327,-209,-670,-934,-957,-748,-365,94,510,785,854,717,420,33,-344,-620,-740,-690,-494,-211,101,367,532,578,515,369,186,6,0,0,0,0,0,-429,-444,-364,-187,55,322,553,688,687,534,249,-117,-480,-741,-843,-756,-479,-69,373,744,942,903,633,193,-307,-744,-1015,-1032,-770,-298,264,772,1100,1157,900,395,-226,-801,-1178,-1260,-1011,-480,188,820,1244,1346,1092,550,-147,-829,-1290,-1410,-1166,-606,129,834,1312,1451,1203,628,-125,-839,-1331,-1467,-1203,-626,109,821,1303,1432,1173,596,-128,-806,-1257,-1367,-1100,-535,164,808,1213,1269,985,434,-231,-816,-1162,-1175,-853,-300,322,843,1112,1055,700,149,-443,-891,-1078,-955,-555,3,560,957,1071,866,411,-167,-708,-1050,-1084,-807,-293,308,828,1124,1096,752,195,-427,-929,-1173,-1086,-686,-87,0,1004,1203,1063,612,-16,-637,-1090,-1226,-1014,-512,142,760,1165,1238,953,398,-271,-878,-1246,-1254,-901,-281,420,1007,1311,1250,832,176,-537,-1101,-1361,-1241,-766,-74,643,1176,1381,1194,670,-41,-734,-1223,-1375,-1137,-574,143,818,1250,1322,1031,446,-261,-884,-1245,-1243,-886,-285,393,953,1228,1144,736,122,-526,-1013,-1202,-1043,-586,36,641,1056,1160,933,441,-175,-737,-1069,-1088,-803,-287,307,799,1049,995,662,141,-417,-837,-1001,-876,-504,12,518,855,929,733,322,-183,-624,-869,-847,-566,-118,357,722,873,755,405,-68,-522,-824,-875,-665,-250,253,683,916,878,574,92,-431,-836,-1002,-873,-486,0,0
61737,mtk,MTK 7916,864326451,rx2-tx1,512,0,0,0,1067,753,221,-378,-883,-1150,-1096,-725,-153,467,954,1177,1082,682,85,-535,-997,-1181,-1038,-604,-12,586,1018,1161,967,511,-78,-642,-1021,-1106,-874,-389,187,697,1003,1016,727,226,-325,-774,-991,-915,-577,-63,468,851,974,806,402,-129,-633,-950,-985,-727,-248,309,780,1033,985,640,105,-472,-913,-1088,-960,-557,27,605,1010,1120,904,423,-180,-737,-1092,-1126,-826,-293,331,879,1183,1143,766,163,-494,-1021,-1271,-1165,-724,-77,594,1118,1346,1185,696,23,-663,-1170,-1359,-1175,-666,22,700,1186,1342,1129,614,-65,-721,-1179,-1314,-1088,-568,97,726,1146,1248,1015,520,-115,-701,-1080,-1160,-928,-449,0,654,976,1024,789,343,-181,-631,-882,-873,-619,-203,256,627,803,740,458,58,-350,-650,-747,-613,-297,99,456,675,687,488,137,-250,-564,-698,-616,-345,41,425,694,754,585,228,-223,-624,-862,-860,-604,-162,344,778,1022,978,655,139,-429,-907,-1152,-1084,-716,-146,473,978,1233,1162,778,173,-487,-1023,-1300,-1237,-845,-223,463,1031,1335,1302,924,313,-378,-975,-1322,-1319,-995,-429,243,841,1219,1278,1022,526,-91,-663,-1049,-1169,-994,-577,-31,487,859,1009,905,576,115,-352,-704,-870,-816,-560,-183,221,550,737,746,576,280,-62,-375,-591,-663,-591,-410,-163,94,307,437,468,418,308,0,0,0,0,0,-317,-450,-507,-473,-346,-136,126,378,563,643,579,374,77,-234,-502,-666,-664,-497,-209,146,474,677,714,567,270,-103,-460,-708,-764,-617,-308,98,494,760,826,670,329,-114,-537,-827,-905,-745,-375,106,568,882,971,801,404,-101,-581,-926,-1021,-842,-442,84,595,940,1036,841,421,-105,-614,-966,-1036,-836,-415,125,630,959,1026,807,372,-152,-646,-956,-988,-750,-310,212,664,925,926,668,225,-283,-700,-912,-865,-575,-123,372,764,926,827,500,28,-451,-805,-938,-800,-440,42,520,847,936,762,378,-111,-569,-866,-915,-709,-304,185,627,882,884,643,220,-272,-684,-896,-851,-562,0,361,735,909,824,501,34,-443,-791,-907,-768,-411,64,515,814,884,692,303,-175,-608,-862,-849,-589,-158,325,718,907,828,509,27,-472,-840,-974,-827,-432,93,598,943,1026,811,365,-189,-691,-1009,-1046,-777,-283,290,780,1043,1012,697,182,-397,-857,-1057,-951,-575,-30,525,919,1061,898,459,-116,-650,-1005,-1075,-823,-331,259,777,1071,1058,743,210,-401,-884,-1114,-1026,-642,-75,523,981,1157,1005,574,-28,-628,-1046,-1171,-974,-504,116,706,1088,1166,914,405,-211,-764,-1098,-1121,-824,-305,293,801,1079,1052,717,177,-399,-858,-1063,-954,-577,-37,518,920,1046,874,452,-102,-635,-984,-1050,0,0,0,0,0,331,843,1117,1077,738,186,-431,-928,-1167,-1090,-707,-120,505,990,1192,1062,647,54,-559,-1015,-1177,-1012,-571,29,608,1009,1130,929,461,-130,-674,-1016,-1058,-800,-323,245,733,994,962,653,158,-385,-810,-986,-857,-475,39,551,902,982,763,318,-225,-717,-1008,-991,-678,-175,377,844,1071,975,589,37,-531,-951,-1104,-935,-485,105,669,1046,1117,867,358,-264,-814,-1130,-1121,-787,-226,418,959,1228,1152,744,111,-556,-1073,-1306,-1182,-720,-42,643,1157,1357,1183,686,-1,-684,-1184,-1360,-1157,-641,41,713,1186,1332,1117,600,-80,-728,-1170,-1295,-1063,-542,110,719,1120,1208,976,487,-119,-677,-1039,0,-872,-407,150,637,920,941,704,276,-217,-622,-827,-796,-542,-134,304,635,770,669,375,-25,-406,-657,-711,-546,-212,171,499,677,653,420,51,-339,-627,-725,-601,-288,127,526,780,810,593,190,-281,-698,-936,-909,-617,-142,389,838,1080,1034,691,147,-448,-941,-1192,-1126,-749,-161,482,1007,1269,1191,795,188,-482,-1033,-1314,-1252,-870,-256,425,1005,1331,1316,958,357,-323,-922,-1280,-1311,-1015,-474,169,755,1139,1231,1024,566,-23,-574,-961,-1092,-939,-570,-79,415,782,942,864,577,155,-283,-629,-807,-780,-567,-231,145,472,672,713,594,349,47,-248,-471,-577,-565,-450,-265,-61,116,236,0,0,0,0,0,299,160,-25,-242,-440,-568,-587,-488,-275,12,301,534,665,634,446,156,-182,-485,-668,-694,-540,-242,120,456,679,731,592,294,-90,-474,-735,-793,-646,-324,106,519,795,869,709,346,-114,-558,-865,-948,-774,-389,105,583,906,995,828,428,-100,-603,-941,-1029,-849,-446,86,599,951,1041,846,429,-111,-624,-958,-1037,-832,-398,139,629,951,1007,785,355,-179,-655,-936,-956,-713,-274,239,676,915,897,615,171,-319,-728,-919,-846,-538,-76,415,784,933,817,466,-5,-477,-824,-938,-790,-417,78,543,857,939,747,340,-145,-586,-869,-904,-682,-263,233,654,886,865,599,165,-315,-710,0,-842,-532,-78,398,758,898,795,460,-17,-482,-808,-904,-742,-368,113,550,822,865,654,235,-246,-655,-878,-843,-552,-95,405,790,943,822,468,-35,-551,-909,-1000,-821,-396,150,657,986,1043,802,340,-224,-730,-1028,-1033,-740,-233,334,809,1050,995,646,102,-460,-886,-1055,-929,-527,34,587,975,1079,859,393,-185,-715,-1034,-1054,-770,-262,322,825,1089,1043,697,142,-454,-925,-1139,-1030,-614,-24,572,1008,1170,1002,536,-80,-669,-1074,-1180,-948,-446,172,738,1098,1149,883,364,-254,-785,-1088,-1081,-772,-244,345,832,1073,1001,645,109,-457,-887,-1051,-909,-515,36,580,953,1051,843,389,-182,0,0
61738,mtk,MTK 7916,864376020,rx0-tx0,512,-330,-166,-383,423,140,-152,-424,-655,-819,-915,-911,-820,-658,-429,-165,108,372,605,777,882,905,833,685,485,225,-47,-316,-561,-751,-873,-915,-884,-756,-555,-307,-16,270,537,752,897,965,933,800,614,344,38,-267,-544,-767,-913,-962,-932,-807,-603,-342,-56,234,498,720,864,928,904,797,620,385,107,-170,-419,-641,-795,-889,-891,-807,-660,-445,-181,91,359,597,778,881,898,827,677,470,204,-69,-340,-577,-748,-847,-860,-785,-646,-442,-192,67,320,538,697,776,790,737,613,429,213,-17,-246,-457,-607,-698,-725,-691,-584,-433,-241,-31,171,370,525,628,677,667,591,463,285,88,-105,-26,-469,-593,-668,-671,-615,-498,-336,-139,84,289,467,605,695,702,650,521,349,139,-85,-294,-490,-636,-706,-727,-667,-527,-338,-120,112,331,507,650,717,715,643,505,311,97,-125,-341,-518,-641,-702,-699,-615,-483,-297,-78,143,357,536,656,712,708,618,474,250,8,-220,-437,-604,-704,-733,-679,-544,-349,-117,124,351,540,656,685,635,516,335,130,-79,-269,-424,-516,-543,-503,-421,-289,-128,22,156,259,329,347,330,288,217,137,52,-31,-102,-147,-186,-202,-192,-179,-151,-107,-55,-5,43,84,115,137,160,159,143,106,62,9,-51,-111,-151,-165,-153,-122,-65,3,62,477,283,510,902,817,158,98,13,-81,-174,-243,-273,-262,-208,-132,-30,73,165,251,299,315,317,265,179,79,-33,-150,-255,-345,-396,-421,-405,-329,-222,-86,83,248,395,519,586,598,531,406,224,10,-225,-450,-630,-750,-796,-749,-610,-388,-124,174,464,710,888,973,938,812,584,269,-81,-408,-700,-935,-1062,-1078,-967,-750,-446,-89,284,625,900,1078,1148,1084,893,627,284,-78,-435,-747,-979,-1115,-1135,-1029,-810,-523,-182,187,528,818,1022,1114,1096,970,737,440,111,-246,-567,-843,-1028,-1105,-1065,-926,-696,-386,-30,303,623,881,1034,1092,1040,881,635,324,-21,-358,-661,-888,-1024,-1053,-980,-805,-569,301,54,354,615,837,966,998,935,792,569,298,-5,-294,-568,-777,-938,-998,-959,-848,-638,-372,-67,246,546,791,962,1035,1010,886,678,387,78,-238,-548,-785,-948,-1036,-1018,-914,-717,-448,-149,171,482,749,943,1056,1071,982,810,543,237,-100,-438,-731,-962,-1104,-1130,-1052,-883,-617,-285,62,428,746,987,1140,1185,1112,924,647,300,-87,-446,-767,-1008,-1149,-1173,-1083,-884,-594,-266,101,447,735,962,1084,1100,1014,832,563,255,-76,-387,-659,-871,-997,-1031,-966,-815,-583,-297,14,314,578,800,931,981,939,805,591,329,43,-244,-519,-743,-890,-953,-928,-807,-623,-373,-89,200,474,688,755,860,-82,-858,-787,-830,-927,-915,-822,-645,-420,-151,140,405,636,804,891,895,823,668,456,203,-75,-347,-574,-760,-872,-899,-856,-723,-521,-268,7,285,545,744,882,943,908,789,585,329,37,-269,-536,-759,-928,-978,-936,-806,-606,-342,-45,251,532,748,894,947,914,796,604,358,85,-202,-461,-677,-835,-914,-895,-805,-639,-414,-157,122,385,612,793,889,900,829,681,461,200,-81,-357,-588,-774,-879,-894,-825,-672,-453,-200,71,332,554,728,819,832,769,628,422,192,-44,-281,-491,-645,-734,-751,-714,-599,-432,-230,-12,205,407,558,666,702,682,594,441,259,59,-144,-338,-502,-622,-673,-670,628,-481,-317,-118,91,292,466,595,674,687,625,520,362,152,-76,-290,-482,-616,-703,-705,-650,-537,-346,-138,83,312,503,642,715,720,646,514,331,106,-122,-342,-522,-651,-710,-711,-637,-494,-310,-90,137,348,515,649,711,700,622,471,279,59,-169,-384,-570,-707,-738,-705,-596,-423,-203,39,285,496,650,724,716,623,467,248,12,-216,-410,-554,-612,-609,-531,-397,-223,-36,131,269,382,432,430,381,300,194,74,-35,-135,-206,-243,-257,-249,-215,-174,-119,-47,10,56,105,141,159,166,160,143,108,72,23,-30,-80,-121,-150,-167,-166,-136,-80,-15,47,102,140,145,109,-715,-810,-82,-200,-428,-115,-187,-223,-224,-185,-107,-9,95,188,258,298,292,256,184,84,-8,-109,-219,-295,-341,-356,-337,-288,-202,-89,37,185,314,406,481,500,461,375,239,62,-135,-337,-510,-639,-694,-678,-577,-408,-195,63,326,574,761,868,881,788,608,350,36,-288,-583,-833,-995,-1035,-961,-797,-530,-190,167,523,812,1021,1121,1093,943,687,361,-6,-381,-703,-955,-1106,-1136,-1056,-865,-583,-236,134,493,792,1006,1121,1112,991,780,481,136,-215,-551,-829,-1015,-1110,-1084,-947,-716,-413,-69,283,597,863,1041,1106,1055,915,659,346,12,-333,-641,-886,-1034,-1077,-1013,-849,-600,-290,40,365,649,862,-176,1017,937,788,563,276,-26,-323,-597,-806,-943,-985,-941,-811,-603,-347,-36,261,551,786,946,1019,996,873,658,378,68,-250,-543,-795,-962,-1026,-1018,-899,-686,-420,-103,214,510,769,949,1038,1040,942,756,496,194,-137,-452,-730,-954,-1070,-1108,-1025,-838,-578,-257,90,425,729,978,1116,1157,1086,894,626,292,-75,-434,-749,-997,-1156,-1188,-1097,-900,-618,-276,87,445,763,990,1117,1143,1042,859,588,258,-85,-413,-706,-919,-1041,-1066,-985,-820,-576,-282,30,342,617,836,972,1010,945,807,585,316,25,-275,-548,-767,-903,-961,-930,-814,-611,-360,-78,220,486,708,861,933,919,809,612,495,291
61739,mtk,MTK 7916,864376020,rx0-tx1,512,-686,798,921,-190,-370,-523,-611,-653,-619,-532,-386,-207,-14,181,356,485,566,596,563,484,366,211,39,-133,-288,-409,-494,-537,-532,-477,-392,-273,-126,32,187,326,428,503,539,521,469,371,227,70,-93,-262,-405,-524,-591,-602,-561,-462,-332,-153,44,243,414,563,653,680,641,531,375,182,-28,-243,-439,-585,-679,-709,-671,-561,-398,-195,20,245,436,591,688,718,675,570,408,207,-7,-225,-421,-570,-668,-700,-665,-561,-412,-223,-11,202,392,540,635,669,645,550,405,232,31,-173,-359,-504,-604,-653,-637,-551,-414,-241,-53,139,326,475,582,631,619,550,425,261,79,-125,-309,-460,-38,-634,-618,-551,-433,-262,-81,124,306,460,578,633,630,560,438,268,72,-125,-313,-475,-591,-645,-631,-560,-425,-247,-45,156,347,508,612,648,620,536,390,207,4,-199,-373,-512,-592,-620,-579,-480,-336,-160,24,212,377,490,563,573,534,439,304,139,-35,-210,-360,-470,-537,-542,-505,-421,-290,-137,45,218,351,466,534,548,499,395,263,95,-82,-252,-404,-506,-546,-535,-458,-332,-175,12,190,335,442,498,492,435,331,192,28,-129,-267,-376,-434,-438,-396,-313,-191,-56,86,220,322,377,380,341,256,140,13,-119,-229,-307,-337,-314,-247,-129,0,120,203,236,223,158,180,422,0,-354,-594,-120,-166,-183,-156,-103,-25,59,133,202,227,225,184,121,41,-44,-121,-188,-223,-240,-224,-177,-119,-34,43,120,179,217,230,218,174,116,56,-20,-85,-136,-177,-195,-187,-171,-131,-92,-54,-3,40,76,112,140,157,164,160,143,112,67,16,-40,-101,-155,-200,-227,-234,-214,-175,-105,-20,57,136,197,246,263,258,231,181,110,20,-59,-138,-200,-237,-263,-266,-244,-206,-149,-78,8,93,179,245,290,316,315,276,203,108,3,-111,-211,-296,-364,-389,-367,-306,-220,-107,14,147,262,350,407,413,384,323,224,107,-19,-151,-273,-360,-420,-437,-400,-331,-238,-115,23,-48,272,369,433,452,438,385,276,145,1,-153,-288,-401,-479,-501,-486,-426,-313,-171,-8,162,317,440,521,550,520,434,316,173,-1,-177,-330,-442,-521,-552,-526,-445,-333,-194,-33,135,291,421,508,558,553,503,405,257,98,-79,-243,-398,-523,-587,-602,-567,-475,-327,-152,32,225,401,545,637,665,636,546,394,195,-13,-234,-435,-592,-692,-728,-693,-582,-418,-205,24,248,461,620,711,745,695,572,394,182,-46,-276,-464,-612,-701,-711,-655,-544,-383,-180,37,247,427,567,656,687,648,549,395,204,-11,-220,-407,-557,-648,-681,-644,-547,-403,-210,0,210,394,537,632,661,585,324,9,508,279,-616,-543,-396,-210,-6,199,376,517,604,632,596,504,362,197,14,-166,-315,-443,-530,-566,-548,-477,-368,-233,-80,84,232,355,455,515,529,499,427,317,186,21,-136,-284,-418,-514,-560,-574,-524,-423,-284,-111,64,250,408,536,620,639,599,504,359,171,-34,-241,-427,-570,-663,-692,-661,-556,-390,-193,24,245,434,590,680,715,676,567,404,206,-20,-237,-434,-592,-682,-708,-671,-563,-406,-210,2,218,404,552,651,681,649,553,408,222,21,-186,-374,-519,-617,-662,-642,-554,-415,-247,-48,157,348,496,599,639,628,553,427,261,63,-133,-319,-472,-573,-627,-621,-546,-432,634,-73,125,299,462,570,627,622,545,432,269,78,-121,-305,-460,-576,-631,-626,-566,-438,-270,-67,136,330,497,606,654,637,555,410,221,20,-180,-367,-523,-614,-644,-604,-506,-355,-177,18,210,376,504,579,594,556,454,317,151,-27,-200,-356,-470,-539,-557,-522,-430,-300,-136,31,189,341,456,532,556,505,420,294,128,-57,-241,-381,-486,-548,-546,-495,-382,-221,-46,136,306,427,512,539,495,392,256,90,-76,-232,-360,-443,-473,-445,-374,-260,-113,32,172,291,374,407,395,334,234,107,-24,-155,-268,-342,-367,-340,-267,-159,-32,95,208,281,297,260,171,64,-44,-121,899,831,0,587,344,-94,-46,34,113,172,211,202,172,106,19,-65,-142,-194,-230,-232,-206,-146,-73,4,91,158,212,236,230,202,146,73,-3,-82,-145,-188,-215,-220,-191,-150,-102,-36,18,74,123,147,171,169,149,126,99,67,30,-10,-60,-104,-144,-177,-193,-199,-188,-151,-100,-32,39,114,179,241,258,256,222,174,99,17,-63,-139,-205,-253,-274,-262,-236,-178,-113,-43,43,117,187,242,281,289,277,236,168,89,0,-97,-194,-272,-328,-357,-347,-298,-224,-120,8,131,240,327,382,401,382,315,222,102,-30,-149,-263,-352,-403,-426,-404,-333,-229,-110,32,163,273,365,429,446,-1135,348,258,128,-10,-146,-279,-384,-448,-478,-459,-395,-295,-163,-10,141,296,418,501,536,517,444,323,171,-4,-180,-332,-447,-528,-558,-526,-440,-319,-173,-7,164,313,430,513,555,540,475,365,222,64,-109,-267,-414,-517,-572,-578,-526,-438,-295,-122,54,235,402,535,611,637,606,511,368,179,-22,-229,-419,-577,-671,-701,-670,-565,-408,-210,10,240,445,607,709,735,695,589,404,195,-37,-273,-470,-623,-709,-732,-676,-558,-392,-182,46,260,446,593,678,701,656,545,383,192,-23,-232,-419,-565,-660,-692,-653,-558,-400,-210,-3,201,387,542,644,674,637,540,396,210,-5,374,613
61740,mtk,MTK 7916,864376020,rx1-tx0,512,0,-580,-569,-590,-608,-559,-457,-308,-125,64,257,432,578,668,697,664,565,412,213,-17,-251,-471,-643,-756,-806,-781,-675,-493,-259,11,284,535,749,885,929,882,744,540,262,-55,-358,-632,-844,-977,-1011,-939,-766,-516,-220,114,424,692,898,1006,1012,913,725,471,162,-153,-439,-685,-876,-974,-973,-890,-705,-466,-191,111,404,647,829,931,951,881,721,493,216,-89,-370,-619,-824,-934,-962,-892,-733,-509,-229,63,363,614,796,902,924,852,694,478,198,-81,-358,-601,-773,-868,-883,-801,-643,-441,-171,101,353,572,725,799,799,719,561,360,133,-110,-327,-508,-646,-712,-705,-623,-485,-325,-277,77,271,420,537,597,607,567,460,332,167,-2,-167,-314,-434,-519,-551,-541,-477,-382,-239,-81,87,243,383,490,554,559,523,427,294,141,-25,-196,-356,-473,-551,-580,-565,-496,-367,-215,-43,148,319,464,572,633,637,582,461,298,101,-125,-347,-529,-668,-749,-753,-678,-531,-320,-70,210,458,669,819,869,824,692,480,202,-93,-380,-627,-808,-892,-855,-747,-538,-269,24,302,547,728,808,793,703,531,312,64,-178,-392,-562,-655,-670,-621,-503,-329,-136,68,259,419,520,564,540,456,325,159,-20,-188,-334,-446,-491,-472,-394,-264,-103,72,242,354,401,376,285,149,7,69,-216,0,110,425,-76,-58,-38,-6,34,68,96,108,106,89,65,23,-25,-63,-100,-125,-135,-132,-110,-82,-45,11,55,94,126,152,155,149,130,97,52,0,-57,-107,-156,-190,-211,-215,-188,-143,-77,3,78,157,228,275,320,310,261,202,93,-28,-153,-273,-362,-416,-431,-389,-303,-176,-19,142,299,431,504,523,489,394,255,79,-108,-290,-431,-520,-555,-532,-438,-306,-140,55,225,373,486,549,535,477,365,204,34,-136,-289,-392,-461,-483,-449,-375,-262,-122,21,159,269,342,375,394,358,294,214,120,21,-76,-161,-231,-285,-323,-328,-314,-274,-202,-118,-24,75,179,267,332,370,489,353,292,208,77,-54,-191,-304,-393,-443,-464,-428,-349,-236,-97,56,213,336,442,503,514,473,389,263,102,-58,-218,-362,-467,-545,-554,-507,-421,-299,-135,45,227,372,497,571,582,551,469,329,159,-19,-203,-372,-511,-592,-618,-588,-511,-377,-207,-17,169,343,495,595,639,630,567,435,271,83,-123,-332,-504,-628,-705,-716,-650,-520,-337,-118,124,354,560,705,779,775,696,530,324,70,-188,-421,-610,-738,-785,-744,-631,-471,-250,-8,221,422,578,675,695,647,549,395,214,11,-178,-345,-470,-556,-601,-586,-512,-402,-259,-97,72,228,371,473,545,563,539,458,340,196,-652,-515,0,94,-211,-98,93,275,431,556,628,646,606,511,363,174,-34,-240,-434,-589,-704,-748,-725,-625,-461,-248,-5,259,501,697,822,873,833,716,516,254,-39,-329,-588,-792,-935,-974,-913,-763,-526,-241,80,396,674,876,1005,1021,929,749,498,191,-128,-441,-700,-894,-998,-989,-895,-726,-481,-179,131,427,677,845,948,963,879,707,470,194,-98,-384,-633,-820,-934,-951,-873,-730,-505,-226,69,360,607,798,917,945,884,716,488,216,-72,-355,-596,-787,-890,-906,-841,-682,-450,-187,99,368,587,754,855,848,772,612,388,140,-114,-355,-549,-681,-754,-746,-665,-529,-347,-123,100,312,468,586,315,649,582,471,320,142,-36,-218,-371,-484,-556,-569,-537,-465,-357,-206,-40,126,279,404,504,550,548,499,400,264,102,-55,-215,-364,-480,-549,-569,-541,-453,-327,-175,-7,163,332,468,554,607,599,533,415,258,68,-128,-322,-493,-611,-689,-697,-629,-499,-324,-98,153,393,595,732,811,803,694,520,268,-15,-295,-547,-748,-866,-880,-803,-636,-392,-95,197,465,694,826,858,798,652,432,163,-103,-351,-559,-690,-742,-706,-606,-440,-223,6,220,413,542,612,609,552,423,255,64,-128,-295,-426,-508,-526,-478,-383,-237,-65,115,270,389,445,446,372,235,70,-96,-230,-307,-305,556,526,0,-656,-521,22,47,73,88,87,72,44,5,-36,-71,-97,-121,-121,-114,-89,-52,-8,43,85,106,137,142,134,111,86,44,-5,-55,-99,-140,-165,-182,-178,-160,-123,-66,-11,63,129,192,242,267,259,235,171,101,6,-116,-206,-292,-356,-370,-356,-298,-194,-69,78,225,346,437,481,468,407,287,119,-54,-227,-374,-479,-542,-541,-471,-343,-185,-5,181,343,464,544,561,504,406,258,75,-107,-258,-398,-488,-520,-499,-418,-298,-163,2,153,290,385,436,439,402,322,219,117,-1,-125,-216,-284,-327,-343,-331,-296,-239,-169,-84,14,102,199,271,314,342,346,325,256,167,57,-571,-182,-279,-370,-426,-434,-401,-324,-216,-90,55,206,328,421,476,487,450,366,256,103,-59,-217,-355,-464,-522,-530,-494,-403,-278,-125,54,217,364,483,558,570,529,440,317,140,-43,-211,-373,-501,-579,-601,-573,-486,-350,-181,5,188,362,500,593,626,607,535,405,235,51,-138,-327,-494,-602,-666,-669,-610,-479,-313,-109,115,334,519,665,752,760,683,541,333,99,-146,-393,-592,-734,-803,-780,-678,-509,-287,-31,221,437,608,723,744,696,588,423,218,-3,-207,-391,-531,-619,-645,-609,-519,-388,-232,-57,133,299,426,519,570,570,523,428,298,147,-25,-191,-340,-451,-533,-113,-429
61741,mtk,MTK 7916,864376020,rx1-tx1,512,0,0,0,681,692,563,312,-16,-343,-598,-732,-709,-525,-234,105,417,635,714,634,424,132,-193,-473,-636,-653,-517,-273,22,310,527,617,564,382,108,-188,-447,-604,-612,-478,-239,66,359,566,636,565,374,80,-234,-494,-647,-653,-508,-238,90,400,630,725,660,443,122,-229,-527,-717,-754,-629,-357,-6,342,622,767,743,566,255,-110,-445,-681,-764,-689,-456,-125,243,542,714,735,600,325,-16,-353,-617,-747,-706,-510,-210,131,451,674,747,663,433,109,-229,-508,-678,-701,-576,-338,-28,285,525,647,632,488,243,-47,-322,-522,-600,-548,-392,-162,96,326,469,504,438,282,79,-123,0,-394,-393,-301,-152,23,168,264,290,237,125,-10,-135,-224,-246,-195,-93,43,182,276,298,247,119,-46,-210,-337,-392,-353,-238,-53,159,347,471,497,405,219,-13,-260,-474,-592,-580,-445,-210,75,349,567,672,633,468,199,-120,-422,-645,-742,-683,-476,-174,174,494,708,790,708,471,135,-225,-547,-758,-820,-722,-476,-128,241,560,768,834,735,487,137,-235,-549,-756,-819,-721,-481,-163,181,486,680,741,669,464,178,-128,-395,-578,-649,-596,-431,-194,69,307,475,548,515,387,195,-27,-227,-377,-453,-440,-354,-211,-39,128,265,353,377,339,252,141,24,-86,-170,-211,-212,0,0,0,0,0,272,208,96,-62,-238,-401,-527,-580,-545,-426,-226,27,287,513,662,707,633,442,157,-163,-460,-689,-794,-745,-563,-269,83,422,694,834,802,615,311,-71,-438,-720,-859,-828,-630,-289,118,498,786,915,850,616,246,-191,-589,-865,-978,-892,-616,-203,252,655,930,1019,896,583,148,-320,-727,-981,-1029,-860,-510,-46,417,777,985,996,791,402,-81,-527,-865,-1018,-939,-660,-241,230,653,931,1009,869,543,92,-388,-783,-1008,-1016,-804,-411,85,569,924,1082,1013,724,274,-244,-711,-1033,-1148,-1013,-658,-155,383,854,1155,1214,1014,603,65,-482,-935,-1196,-1201,-958,-516,34,574,993,1202,0,854,375,-169,-679,-1044,-1174,-1047,-696,-196,340,805,1101,1152,943,531,3,-528,-953,-1168,-1122,-834,-364,191,710,1073,1207,1090,734,213,-357,-847,-1163,-1240,-1039,-616,-66,495,952,1203,1193,924,464,-78,-601,-996,-1167,-1080,-762,-283,245,707,1002,1077,910,532,49,-439,-822,-1014,-963,-697,-267,225,656,945,1024,862,517,58,-428,-829,-1045,-1030,-797,-383,118,589,938,1088,997,705,262,-247,-685,-962,-1047,-914,-584,-133,330,718,951,968,779,435,17,-391,-703,-851,-812,-596,-258,112,443,666,734,627,381,65,-256,-507,-630,-599,-426,-158,151,424,583,601,480,252,-42,-336,-552,-636,0,0,0,0,0,-188,132,440,655,723,646,431,110,-234,-517,-694,-725,-593,-335,-14,300,551,681,654,488,214,-105,-391,-587,-641,-547,-333,-49,255,495,615,595,428,166,-125,-393,-578,-624,-522,-298,-7,294,534,644,613,441,159,-169,-452,-637,-693,-585,-341,-15,326,593,732,718,537,236,-122,-459,-697,-781,-706,-471,-136,228,539,727,763,632,367,13,-333,-604,-742,-717,-535,-228,126,448,668,747,661,421,87,-256,-547,-724,-738,-589,-323,12,345,602,726,695,517,233,-92,-392,-607,-685,-619,-426,-152,155,425,591,630,545,341,60,-215,-426,-548,-546,-429,-239,-6,217,382,458,431,0,129,-58,-221,-319,-335,-273,-142,11,145,235,253,197,96,-28,-153,-245,-269,-213,-95,49,199,301,331,284,167,-4,-192,-349,-425,-419,-317,-126,103,319,485,551,498,334,92,-182,-431,-596,-647,-557,-346,-59,253,523,689,717,600,351,21,-318,-592,-741,-743,-603,-323,29,375,658,801,783,612,307,-64,-419,-687,-821,-797,-622,-319,48,407,682,811,792,619,319,-35,-372,-635,-770,-759,-606,-334,0,311,555,688,683,554,330,48,-232,-450,-574,-590,-491,-303,-73,166,357,471,498,435,283,95,-95,-261,-372,-414,-387,-293,-161,-12,132,244,307,316,282,218,140,56,0,0,0,0,0,223,336,422,462,435,341,180,-23,-243,-442,-589,-653,-611,-456,-213,77,360,598,735,742,620,375,53,-285,-578,-766,-817,-712,-460,-116,251,580,796,853,735,473,115,-286,-630,-847,-888,-748,-449,-60,350,693,910,935,754,425,6,-422,-775,-979,-979,-772,-405,48,496,852,1031,987,735,334,-138,-581,-902,-1029,-946,-649,-218,248,667,946,1012,869,538,91,-376,-765,-986,-989,-775,-399,67,525,875,1024,959,687,252,-241,-680,-974,-1061,-914,-570,-96,406,829,1074,1090,878,464,-54,-570,-969,-1165,-1129,-851,-383,170,695,1065,1219,1133,802,292,-271,-772,-1110,-1222,-1075,-701,-176,0,858,1136,1178,965,548,14,-524,-938,-1148,-1115,-837,-370,173,676,1034,1169,1051,696,186,-366,-841,-1145,-1194,-980,-553,-3,557,990,1211,1180,900,421,-148,-690,-1083,-1240,-1135,-791,-275,292,788,1118,1204,1027,629,104,-423,-844,-1093,-1097,-855,-428,89,566,907,1041,946,632,177,-315,-737,-983,-1001,-790,-391,88,553,899,1048,966,668,217,-282,-721,-1012,-1081,-915,-554,-76,422,826,1049,1055,834,435,-47,-507,-854,-1018,-968,-704,-300,149,551,832,936,826,542,162,-238,-569,-766,-780,-618,-331,17,339,576,680,615,408,116,-194,-452,-601,-597,-450,-197,101,379,567,619,529,312,20,0,0
61742,mtk,MTK 7916,864376020,rx2-tx0,512,0,0,0,1104,1116,879,439,-105,-636,-1046,-1240,-1161,-827,-307,289,832,1201,1315,1146,728,146,-475,-990,-1295,-1329,-1066,-569,50,660,1129,1355,1279,919,363,-268,-844,-1233,-1346,-1166,-729,-129,496,1000,1285,1287,1004,487,-139,-718,-1136,-1306,-1181,-790,-224,391,920,1238,1278,1027,552,-46,-631,-1065,-1259,-1167,-812,-283,311,833,1159,1218,1004,561,-9,-567,-991,-1186,-1108,-777,-264,309,806,1115,1172,954,512,-46,-606,-1025,-1201,-1106,-759,-226,360,866,1188,1252,1023,557,-39,-637,-1093,-1310,-1237,-892,-349,287,870,1259,1373,1196,755,138,-512,-1057,-1375,-1387,-1096,-572,79,717,1201,1425,1340,968,386,-284,-888,0,-1428,-1246,-793,-178,478,1033,1358,1382,1110,594,-48,-682,-1172,-1401,-1323,-959,-386,278,884,1306,1440,1256,801,174,-503,-1074,-1415,-1456,-1176,-641,34,711,1233,1498,1444,1078,480,-222,-876,-1342,-1530,-1397,-960,-316,394,1018,1429,1540,1323,829,166,-538,-1130,-1480,-1511,-1224,-682,-10,658,1190,1475,1446,1105,541,-129,-771,-1246,-1456,-1354,-967,-402,242,844,1268,1423,1287,887,311,-318,-878,-1254,-1366,-1212,-818,-262,314,819,1164,1270,1116,751,258,-265,-723,-1022,-1112,-991,-689,-259,208,610,876,966,865,613,263,-122,-470,-714,-821,-771,-590,-323,-12,283,514,650,671,592,436,233,25,-154,-281,-347,0,0,0,0,0,396,479,500,447,318,115,-137,-390,-601,-730,-749,-643,-418,-103,245,566,805,898,825,593,242,-172,-571,-876,-1018,-963,-715,-322,148,612,967,1131,1077,801,355,-176,-690,-1083,-1266,-1200,-885,-379,214,776,1187,1367,1273,924,373,-261,-847,-1265,-1425,-1305,-910,-321,336,928,1339,1472,1302,865,251,-416,-989,-1362,-1447,-1236,-769,-141,503,1037,1350,1376,1110,626,15,-594,-1060,-1296,-1250,-938,-437,147,695,1076,1217,1096,737,218,-333,-800,-1083,-1117,-904,-491,32,530,904,1075,1000,699,235,-281,-738,-1027,-1082,-895,-507,7,521,921,1121,1069,778,310,-230,-729,-1070,-1180,-1031,-653,-131,429,898,0,1191,945,491,-78,-635,-1047,-1231,-1142,-806,-289,301,828,1169,1258,1068,641,67,-536,-1025,-1280,-1254,-953,-432,177,754,1180,1351,1226,825,245,-394,-953,-1309,-1382,-1144,-657,-34,602,1109,1369,1335,1015,472,-179,-784,-1204,-1361,-1219,-815,-248,380,920,1243,1285,1044,570,-25,-605,-1043,-1239,-1155,-820,-299,288,798,1117,1192,999,583,35,-509,-934,-1144,-1098,-807,-342,197,686,1009,1099,951,596,100,-407,-809,-1017,-993,-748,-340,135,566,862,950,818,500,72,-365,-705,-872,-836,-598,-221,199,570,811,858,692,362,-58,-469,-767,-888,-801,-522,-119,323,697,911,912,702,320,-149,-594,-907,-1020,0,0,0,0,0,-263,267,761,1100,1201,1037,643,99,-480,-962,-1245,-1263,-1005,-529,72,667,1119,1335,1262,907,355,-268,-837,-1237,-1361,-1184,-752,-163,464,997,1309,1329,1059,558,-69,-675,-1128,-1333,-1240,-871,-310,315,870,1224,1309,1098,641,44,-561,-1039,-1285,-1237,-921,-397,222,782,1159,1282,1113,690,122,-470,-958,-1224,-1211,-924,-432,149,700,1081,1212,1066,675,133,-435,-899,-1161,-1153,-867,-381,186,711,1076,1196,1031,625,77,-488,-951,-1206,-1184,-888,-391,200,760,1156,1284,1135,730,151,-475,-992,-1293,-1315,-1048,-544,83,705,1175,1388,1304,936,356,-305,-899,-1299,-1426,-1238,-779,-155,506,1061,1376,1403,1130,0,-48,-683,-1178,-1415,-1338,-971,-392,267,864,1275,1411,1232,783,161,-495,-1045,-1372,-1403,-1127,-598,59,703,1201,1440,1368,999,404,-282,-908,-1344,-1490,-1324,-876,-223,476,1075,1446,1511,1256,735,49,-644,-1196,-1505,-1498,-1168,-585,121,798,1310,1544,1447,1049,437,-268,-909,-1358,-1524,-1360,-907,-279,397,993,1383,1477,1254,775,137,-521,-1072,-1392,-1419,-1158,-661,-29,604,1106,1373,1363,1084,583,-24,-612,-1065,-1304,-1278,-1002,-539,17,551,962,1175,1153,904,498,6,-464,-822,-1015,-1006,-800,-456,-43,364,685,858,862,715,448,105,-239,-521,-697,-752,-679,-497,-251,17,257,435,534,547,487,376,234,0,0,0,0,0,-172,-24,152,344,516,629,657,578,399,144,-162,-466,-701,-826,-811,-645,-360,4,394,723,925,956,796,484,67,-379,-771,-1021,-1069,-909,-568,-95,415,853,1134,1198,1019,626,96,-472,-953,-1251,-1304,-1102,-662,-74,535,1042,1342,1379,1136,653,33,-600,-1121,-1416,-1419,-1131,-605,45,689,1196,1451,1407,1077,526,-126,-764,-1233,-1434,-1337,-967,-405,233,813,1221,1369,1224,811,237,-366,-881,-1199,-1251,-1038,-599,-36,511,944,1167,1117,826,361,-175,-667,-1001,-1109,-961,-597,-106,404,820,1054,1046,796,363,-151,-636,-980,-1106,-984,-635,-141,384,830,1106,1138,916,491,-52,-584,-997,-1190,-1119,-802,0,261,770,1120,1224,1052,644,97,-475,-948,-1215,-1216,-944,-467,117,686,1110,1281,1172,804,252,-367,-908,-1252,-1327,-1108,-642,-25,595,1085,1344,1317,1000,452,-194,-797,-1224,-1391,-1258,-847,-255,394,953,1304,1369,1136,653,33,-584,-1070,-1318,-1276,-952,-419,202,763,1140,1265,1112,712,148,-444,-926,-1191,-1193,-928,-454,117,652,1041,1184,1060,704,197,-352,-816,-1091,-1115,-895,-476,49,555,922,1079,988,676,225,-264,-685,-943,-985,-799,-432,26,465,783,917,835,562,162,-277,-635,-834,-838,-642,-288,131,518,786,867,738,431,17,-404,-734,-895,-856,-611,-214,240,648,912,971,807,445,-24,0,0
61743,mtk,MTK 7916,864376020,rx2-tx1,512,0,0,0,-1015,-699,-216,316,782,1086,1165,986,587,68,-470,-911,-1159,-1159,-906,-462,78,603,1002,1174,1086,767,283,-258,-733,-1038,-1120,-963,-585,-84,419,831,1054,1035,779,359,-136,-596,-912,-1011,-881,-549,-90,386,770,968,934,688,285,-198,-639,-923,-1013,-867,-508,-26,462,854,1056,1015,748,308,-210,-691,-1017,-1109,-958,-593,-91,434,874,1117,1099,838,385,-163,-689,-1067,-1203,-1056,-679,-148,424,922,1230,1252,1001,542,-49,-647,-1110,-1338,-1285,-954,-411,219,804,1220,1372,1235,846,283,-348,-907,-1263,-1350,-1158,-721,-134,473,974,1271,1298,1050,591,21,-553,-1003,-1224,-1186,-902,-445,91,597,967,0,1018,726,293,-189,-609,-878,-950,-807,-494,-86,319,641,809,781,573,247,-130,-466,-678,-735,-623,-355,-14,322,581,697,646,444,130,-218,-514,-689,-692,-530,-236,132,481,726,816,716,435,41,-379,-730,-938,-950,-752,-371,101,569,938,1114,1066,789,337,-195,-707,-1081,-1238,-1139,-809,-302,280,822,1189,1316,1189,822,276,-335,-871,-1240,-1377,-1243,-854,-301,312,862,1240,1374,1241,874,354,-223,-752,-1122,-1265,-1170,-860,-400,120,601,944,1088,1022,773,386,-58,-467,-768,-910,-874,-679,-364,4,354,624,771,771,626,383,88,-209,-456,-614,-669,-614,-462,-259,-43,153,308,399,417,382,0,0,0,0,0,-385,-332,-219,-51,145,341,507,603,607,517,336,84,-183,-426,-605,-673,-621,-449,-189,112,397,613,711,667,492,215,-117,-430,-665,-768,-714,-512,-199,175,516,754,850,774,521,159,-239,-608,-857,-938,-825,-544,-139,299,680,932,993,849,527,97,-362,-752,-991,-1017,-831,-472,-15,448,813,1016,1003,774,384,-76,-521,-865,-1017,-949,-694,-289,176,598,890,992,867,562,144,-300,-681,-908,-926,-735,-396,27,446,763,921,865,611,226,-207,-592,-846,-920,-801,-502,-88,341,702,909,916,726,377,-57,-471,-773,-913,-860,-617,-237,195,578,835,905,780,489,73,-361,-698,-881,-878,0,-321,102,500,790,908,823,559,177,-250,-619,-848,-884,-727,-415,3,416,726,873,825,575,201,-217,-598,-843,-891,-740,-404,27,450,786,949,900,640,235,-234,-665,-948,-1021,-876,-530,-65,412,807,1027,1024,794,384,-104,-573,-921,-1058,-956,-647,-185,319,743,1000,1038,847,450,-53,-535,-898,-1072,-1001,-694,-231,289,744,1022,1078,903,516,8,-511,-915,-1110,-1065,-784,-317,226,718,1051,1160,1006,627,117,-424,-875,-1142,-1159,-913,-476,62,594,996,1175,1099,784,300,-237,-720,-1034,-1119,-964,-603,-106,413,824,1044,1042,803,380,-125,-600,-936,-1059,-942,-612,-142,351,763,1015,1040,830,0,0,0,0,0,-466,-882,-1115,-1107,-849,-409,126,640,1019,1181,1087,755,261,-290,-779,-1098,-1186,-1016,-630,-108,436,882,1122,1121,881,451,-75,-576,-946,-1103,-1012,-701,-238,276,712,979,1028,843,465,-14,-480,-834,-995,-913,-619,-188,291,705,950,973,780,401,-86,-565,-914,-1046,-942,-627,-163,337,776,1048,1075,859,453,-64,-567,-949,-1132,-1041,-714,-233,312,788,1087,1154,957,532,-18,-569,-1001,-1216,-1166,-850,-336,260,811,1185,1311,1157,744,167,-442,-969,-1309,-1363,-1111,-635,-31,585,1083,1343,1317,1019,512,-99,-693,-1141,-1340,-1251,-909,-375,231,772,1145,1277,1146,779,257,-306,-790,-1099,-1174,-996,-613,0,377,783,1004,1001,788,411,-38,-455,-754,-877,-799,-545,-182,207,543,749,769,609,317,-46,-389,-630,-712,-627,-400,-79,268,550,695,669,479,172,-181,-503,-706,-746,-614,-325,56,439,743,892,837,584,192,-263,-683,-961,-1052,-924,-588,-105,410,850,1132,1180,985,582,50,-512,-983,-1248,-1258,-1023,-577,7,592,1063,1312,1307,1047,569,-29,-621,-1097,-1362,-1350,-1076,-607,-23,558,1023,1290,1305,1070,646,103,-443,-878,-1137,-1177,-987,-619,-152,319,709,948,998,852,555,172,-231,-574,-787,-845,-744,-517,-203,136,438,642,727,686,531,293,31,-214,-415,-543,-573,-519,-405,-257,-103,37,0,0,0,0,0,-175,-335,-457,-530,-538,-463,-314,-105,135,367,551,651,634,502,291,15,-272,-514,-668,-691,-576,-355,-59,262,534,696,734,620,362,24,-318,-605,-780,-798,-648,-358,14,395,700,874,872,692,355,-57,-467,-799,-970,-942,-710,-331,114,537,863,1014,957,692,282,-183,-610,-921,-1034,-932,-638,-209,265,684,951,1018,873,545,109,-357,-746,-965,-979,-793,-432,20,456,789,948,906,669,283,-160,-564,-841,-925,-809,-517,-110,322,679,883,894,712,366,-60,-478,-792,-932,-867,-623,-238,204,599,857,926,803,505,98,-332,-687,-882,-885,-707,-363,59,466,765,894,836,588,200,-234,0,-851,-901,-755,-446,-41,383,719,889,867,657,299,-120,-512,-789,-886,-784,-500,-101,317,654,850,852,652,301,-128,-525,-807,-926,-819,-513,-96,350,730,963,976,766,394,-79,-549,-890,-1035,-961,-680,-240,265,704,979,1039,882,537,56,-443,-839,-1041,-1009,-750,-329,173,638,948,1054,921,564,79,-420,-825,-1050,-1039,-798,-371,146,630,975,1108,984,640,158,-370,-825,-1097,-1124,-905,-479,59,578,975,1165,1094,779,292,-249,-744,-1083,-1187,-1027,-651,-133,411,859,1113,1118,888,463,-63,-569,-943,-1102,-1018,-715,-248,268,713,999,1060,877,496,13,-473,-855,-1039,-990,-715,-277,223,672,0,0
61744,mtk,MTK 7916,864406502,rx0-tx0,512,-330,-166,-383,-917,-934,-891,-790,-632,-421,-191,45,277,501,680,808,886,916,873,783,646,459,249,24,-200,-421,-610,-765,-870,-922,-909,-834,-706,-539,-325,-91,150,396,605,776,899,959,964,897,765,576,360,113,-149,-390,-607,-795,-912,-969,-962,-883,-758,-578,-361,-120,110,341,549,716,840,899,912,854,758,605,416,204,-24,-265,-472,-636,-784,-881,-911,-879,-780,-642,-459,-239,-2,235,443,632,773,854,879,855,758,612,439,227,18,-202,-404,-571,-688,-767,-791,-755,-683,-566,-401,-232,-36,157,327,470,590,678,713,698,642,556,430,268,100,-72,-241,-391,-523,-622,-675,-679,-642,-26,-468,-313,-158,22,196,362,496,603,672,697,680,608,497,362,187,-6,-189,-370,-532,-641,-715,-734,-703,-624,-501,-336,-156,39,229,406,552,663,722,729,676,592,462,298,113,-81,-259,-423,-558,-663,-715,-719,-665,-571,-442,-275,-94,95,294,464,606,707,742,726,655,538,377,179,-35,-248,-433,-585,-689,-728,-717,-642,-504,-338,-133,60,243,389,501,574,585,546,462,353,226,77,-62,-176,-269,-326,-357,-360,-332,-284,-231,-153,-80,-16,57,114,151,176,190,199,193,167,144,108,73,31,-8,-48,-92,-127,-149,-169,-175,-160,-134,-95,-37,22,81,127,151,152,118,477,283,510,902,817,-187,-196,-175,-117,-39,45,133,205,256,289,288,260,208,138,53,-40,-128,-211,-275,-323,-357,-364,-339,-298,-228,-132,-22,100,218,339,439,513,550,536,496,397,265,109,-82,-278,-451,-609,-724,-786,-777,-703,-569,-390,-156,97,344,576,769,914,987,974,884,714,489,220,-73,-374,-649,-876,-1027,-1110,-1104,-1009,-827,-583,-290,23,332,629,865,1033,1129,1144,1062,908,685,408,115,-196,-496,-751,-946,-1084,-1143,-1090,-979,-803,-556,-292,6,302,581,818,986,1088,1114,1060,927,733,489,204,-91,-372,-642,-860,-1008,-1079,-1083,-1019,-863,-650,-392,-115,178,455,682,874,995,1043,1014,301,779,577,335,81,-174,-413,-630,-803,-920,-979,-972,-909,-779,-608,-397,-143,116,372,605,795,929,1017,1033,975,847,667,439,183,-87,-357,-602,-799,-945,-1034,-1050,-987,-876,-709,-495,-237,30,296,547,764,924,1025,1079,1055,952,791,587,333,46,-246,-520,-751,-951,-1080,-1147,-1129,-1033,-878,-647,-377,-74,236,537,792,1004,1138,1197,1164,1054,869,641,358,45,-271,-561,-798,-988,-1107,-1142,-1102,-983,-815,-583,-315,-28,250,516,736,904,1013,1056,1029,926,774,567,331,73,-178,-425,-652,-816,-934,-981,-970,-904,-769,-595,-375,-126,124,357,572,748,872,945,953,883,774,599,391,155,755,860,-82,-858,-787,-187,53,290,509,705,837,909,922,886,785,627,435,226,-10,-246,-452,-642,-786,-870,-909,-886,-809,-671,-498,-296,-69,172,398,598,758,877,932,936,874,744,567,346,106,-142,-390,-614,-781,-899,-968,-966,-896,-769,-581,-353,-121,133,367,583,755,872,929,926,875,745,581,374,153,-80,-294,-497,-672,-807,-888,-914,-879,-767,-625,-446,-224,4,238,457,632,783,872,912,876,786,647,452,232,5,-227,-438,-605,-735,-819,-837,-810,-713,-583,-418,-236,-24,179,356,524,643,715,756,725,655,550,420,257,70,-113,-281,-427,-560,-641,-684,-689,-647,-568,-446,-298,-134,33,201,628,515,599,655,685,663,595,477,339,173,0,-188,-362,-503,-618,-700,-719,-696,-635,-510,-354,-178,14,212,389,545,652,718,733,700,611,483,316,128,-76,-259,-424,-566,-664,-722,-723,-675,-579,-453,-293,-108,89,274,428,564,671,721,731,677,568,424,244,36,-164,-359,-521,-656,-733,-755,-707,-609,-466,-277,-72,134,337,496,616,675,670,606,492,355,188,6,-160,-293,-388,-456,-483,-457,-403,-323,-228,-124,-19,80,151,213,255,256,257,243,210,169,121,73,26,-29,-66,-100,-134,-155,-169,-169,-164,-145,-116,-82,-42,13,67,111,153,174,176,153,110,57,-8,-62,-715,-810,-82,-200,-428,-5,64,142,207,243,254,235,181,111,22,-70,-151,-220,-276,-314,-318,-303,-258,-195,-121,-38,66,167,258,340,397,430,433,406,346,252,129,-24,-174,-326,-468,-572,-647,-677,-640,-554,-419,-236,-19,207,424,607,764,864,891,851,739,553,318,50,-224,-499,-741,-926,-1038,-1067,-1008,-867,-654,-395,-99,217,518,777,976,1098,1130,1085,956,749,492,196,-123,-431,-702,-923,-1072,-1137,-1132,-1030,-851,-620,-351,-38,270,539,796,977,1087,1128,1080,962,766,524,245,-45,-348,-618,-842,-1005,-1096,-1097,-1037,-902,-696,-437,-152,134,421,673,871,1003,1070,1064,969,813,606,347,73,-200,-176,-663,-840,-955,-1000,-985,-907,-772,-581,-359,-112,141,384,609,787,917,992,996,945,825,643,422,174,-93,-356,-592,-803,-949,-1025,-1046,-990,-864,-676,-455,-202,72,333,564,768,927,1030,1061,1021,914,744,531,292,23,-263,-527,-745,-930,-1068,-1124,-1108,-1007,-844,-621,-354,-64,237,516,772,973,1109,1169,1159,1063,893,664,381,73,-248,-550,-804,-1000,-1134,-1186,-1149,-1030,-848,-613,-329,-27,269,535,765,949,1064,1093,1055,956,785,572,321,60,-217,-467,-683,-851,-967,-1016,-992,-917,-763,-570,-336,-84,151,389,594,770,901,967,955,887,765,594,386,154,-103,-343,-554,-735,-860,-942,495,291
61745,mtk,MTK 7916,864406502,rx0-tx1,512,-686,798,921,-569,-457,-308,-151,24,198,351,480,566,628,633,593,515,412,282,135,-21,-168,-300,-407,-489,-535,-555,-545,-491,-418,-323,-210,-81,52,183,299,402,480,528,546,535,495,423,319,203,57,-86,-228,-361,-474,-554,-609,-622,-602,-535,-426,-295,-131,38,211,376,509,621,683,694,660,590,477,327,160,-28,-213,-379,-526,-632,-701,-714,-688,-614,-485,-332,-156,33,210,373,523,624,689,707,671,592,476,332,168,-8,-179,-345,-487,-587,-656,-673,-654,-591,-481,-341,-185,-16,156,315,450,555,620,650,630,568,472,345,198,37,-132,-288,-418,-524,-597,-635,-626,-571,-477,-355,-38,-37,131,284,420,535,607,633,620,564,474,347,198,37,-134,-286,-430,-544,-618,-649,-636,-573,-465,-338,-183,-8,176,346,478,577,640,653,616,540,419,272,106,-69,-231,-368,-497,-568,-606,-605,-563,-472,-353,-215,-67,86,233,361,458,530,567,553,502,427,320,193,51,-90,-223,-346,-444,-513,-541,-532,-491,-408,-305,-176,-24,127,264,386,471,531,543,515,442,331,208,71,-84,-234,-355,-447,-495,-503,-472,-408,-308,-181,-51,82,214,318,391,432,434,403,332,237,132,6,-113,-219,-298,-351,-373,-357,-308,-225,-117,-1,106,206,274,304,293,240,152,51,-48,-121,180,422,0,-354,-594,31,93,148,187,198,182,141,80,6,-69,-137,-189,-222,-238,-230,-191,-139,-72,-6,67,133,182,222,240,237,209,168,122,55,-13,-74,-125,-172,-204,-203,-197,-181,-146,-108,-69,-25,15,50,83,105,126,139,155,168,159,154,144,113,72,28,-26,-78,-129,-184,-222,-238,-253,-236,-201,-150,-88,-31,40,114,171,216,247,269,263,245,211,166,105,44,-22,-93,-156,-210,-253,-282,-293,-291,-270,-229,-170,-102,-17,73,150,234,302,351,373,368,337,279,200,101,-3,-102,-204,-298,-363,-400,-418,-400,-352,-285,-202,-94,12,122,228,313,387,429,439,423,376,312,-48,113,-3,-129,-238,-329,-410,-450,-471,-468,-427,-351,-256,-136,-12,124,256,365,454,520,544,525,484,396,278,145,-6,-158,-291,-399,-493,-537,-552,-536,-480,-385,-280,-154,-20,121,255,375,464,528,566,554,515,453,351,225,86,-59,-204,-344,-465,-551,-612,-628,-601,-539,-441,-308,-157,16,185,349,492,608,672,698,686,615,505,355,174,-15,-205,-387,-541,-654,-729,-746,-712,-632,-508,-340,-148,49,237,409,560,664,720,729,692,601,466,307,136,-46,-228,-388,-518,-613,-676,-693,-663,-586,-470,-324,-157,25,204,366,502,610,671,684,653,577,463,314,147,-32,-202,-355,585,324,9,508,279,354,495,588,642,657,620,545,431,297,142,-34,-189,-330,-443,-532,-586,-602,-570,-503,-410,-292,-159,-25,114,240,344,433,496,531,529,502,445,366,260,142,12,-120,-251,-373,-465,-542,-583,-578,-546,-477,-375,-245,-101,55,211,362,485,584,648,663,643,569,463,323,154,-29,-205,-368,-516,-625,-695,-722,-684,-604,-481,-333,-158,28,208,381,526,634,701,716,683,610,489,332,169,-14,-196,-365,-505,-606,-666,-684,-659,-589,-472,-331,-173,-2,163,324,461,564,634,665,647,583,481,346,193,27,-143,-300,-433,-537,-606,-639,-626,-566,-475,-353,-211,-46,125,285,419,526,634,631,616,564,480,357,203,37,-125,-283,-422,-541,-611,-644,-622,-565,-476,-344,-191,-24,149,314,454,556,625,650,630,560,447,309,148,-30,-201,-360,-488,-581,-633,-639,-592,-514,-393,-237,-84,80,233,374,479,549,581,576,530,447,341,211,60,-98,-228,-349,-447,-518,-549,-539,-498,-427,-318,-186,-40,102,237,354,444,514,546,525,474,381,261,127,-27,-174,-315,-422,-493,-530,-528,-473,-385,-264,-121,20,157,280,383,448,467,456,405,320,215,94,-32,-152,-256,-332,-382,-401,-379,-325,-239,-139,-25,89,191,278,329,338,317,256,165,56,-53,-154,-220,-247,-230,-172,899,831,0,587,344,155,144,106,45,-32,-103,-164,-207,-225,-220,-192,-137,-70,4,81,148,198,230,237,233,200,153,95,25,-44,-109,-156,-200,-226,-227,-206,-179,-139,-80,-18,26,77,114,141,161,174,168,160,146,122,91,57,28,-10,-52,-83,-117,-153,-177,-200,-210,-198,-179,-147,-97,-44,26,105,161,213,242,262,263,241,202,154,96,23,-46,-105,-159,-212,-244,-261,-272,-262,-237,-194,-140,-72,-1,71,144,214,268,309,338,337,315,269,197,115,15,-85,-186,-271,-339,-381,-394,-386,-355,-287,-192,-97,8,118,221,305,375,414,426,417,370,295,201,89,-18,-131,-230,-315,-1135,-430,-454,-445,-395,-329,-234,-123,-11,113,239,345,432,485,511,502,456,376,273,142,-5,-144,-273,-398,-482,-535,-556,-535,-471,-388,-269,-132,4,145,282,390,472,529,552,538,493,415,306,186,45,-98,-225,-348,-460,-536,-577,-585,-563,-501,-397,-267,-121,38,193,344,475,575,641,667,641,573,470,332,167,-3,-192,-363,-510,-632,-709,-730,-704,-628,-506,-351,-166,32,223,403,559,677,740,743,701,611,484,316,138,-49,-234,-407,-547,-644,-696,-710,-672,-583,-459,-312,-148,35,214,380,511,612,674,693,660,583,476,327,158,-19,-193,-357,-499,-607,-671,-683,-651,-584,374,613
61746,mtk,MTK 7916,864406502,rx1-tx0,512,0,-580,-569,67,202,340,459,551,618,639,601,555,470,333,181,15,-165,-345,-497,-625,-726,-769,-769,-705,-600,-449,-246,-34,185,405,594,755,859,900,891,807,671,472,237,-7,-265,-510,-728,-885,-972,-1000,-956,-838,-668,-439,-177,96,362,590,778,920,991,997,930,788,615,382,126,-120,-363,-584,-754,-885,-953,-956,-897,-779,-605,-403,-168,80,323,541,724,858,937,951,897,793,629,412,175,-74,-312,-535,-717,-841,-909,-916,-872,-757,-590,-386,-155,94,327,532,699,815,877,877,803,680,520,320,101,-118,-339,-516,-653,-749,-787,-770,-695,-570,-424,-254,-62,135,307,450,563,640,-277,634,580,488,367,226,75,-73,-205,-333,-438,-505,-549,-555,-533,-477,-387,-283,-162,-30,102,222,347,450,513,552,556,528,455,359,238,108,-29,-177,-310,-419,-496,-559,-587,-573,-528,-438,-320,-181,-32,125,270,424,539,612,668,679,634,554,435,256,72,-131,-326,-511,-658,-773,-822,-799,-720,-599,-412,-180,52,301,524,704,834,890,877,784,631,427,183,-67,-306,-515,-676,-787,-832,-799,-693,-547,-359,-160,61,266,435,567,650,676,642,570,455,302,147,-32,-201,-337,-451,-523,-540,-520,-464,-365,-240,-98,56,200,322,415,465,460,405,304,164,11,-128,-239,-298,-307,69,-216,0,110,425,61,76,79,68,48,20,-11,-48,-74,-98,-115,-116,-109,-90,-67,-35,-1,37,78,107,133,136,141,133,117,99,59,31,-9,-56,-97,-133,-161,-178,-192,-195,-177,-148,-99,-48,10,80,137,205,263,292,305,305,267,210,140,42,-64,-174,-276,-371,-427,-445,-445,-401,-313,-195,-51,96,245,376,473,528,542,516,449,344,201,50,-111,-262,-389,-491,-539,-552,-524,-450,-339,-216,-71,82,223,352,440,487,506,481,422,336,225,98,-31,-147,-248,-324,-375,-389,-387,-366,-313,-250,-179,-96,-12,72,138,201,252,293,322,332,321,294,259,207,127,39,-52,-135,-220,489,-361,-404,-421,-400,-360,-295,-194,-79,24,149,268,358,429,478,486,467,407,332,215,91,-37,-181,-298,-396,-469,-517,-532,-501,-448,-364,-256,-120,25,170,307,425,508,563,583,569,496,401,285,138,-15,-163,-299,-426,-513,-572,-602,-593,-536,-460,-335,-194,-45,118,273,409,511,599,657,653,599,528,415,271,112,-66,-244,-414,-562,-669,-735,-751,-703,-612,-478,-301,-99,117,318,502,653,748,791,772,698,572,401,212,9,-200,-375,-519,-630,-687,-699,-663,-580,-462,-327,-169,4,166,307,425,508,562,587,576,524,447,342,223,95,-30,-165,-298,-400,-480,-532,-564,-551,-652,-515,0,94,-211,582,557,503,405,287,144,-26,-188,-328,-481,-594,-663,-702,-697,-633,-522,-393,-222,-29,171,368,538,689,795,834,830,759,634,466,249,17,-232,-466,-665,-832,-924,-966,-933,-839,-674,-459,-213,50,319,562,763,918,997,1013,951,821,637,405,148,-117,-381,-602,-780,-921,-975,-969,-908,-782,-602,-391,-144,98,338,557,739,867,941,945,890,781,619,413,175,-79,-319,-532,-726,-863,-938,-945,-889,-774,-602,-397,-164,77,315,534,700,824,896,904,845,731,557,349,122,-116,-339,-527,-679,-789,-838,-831,-762,-631,-473,-277,-65,139,331,493,610,696,727,702,629,521,386,224,315,-100,-258,-396,-505,-571,-596,-581,-544,-475,-374,-252,-121,17,149,278,382,462,517,549,543,508,444,335,212,76,-71,-212,-333,-432,-510,-556,-572,-552,-487,-387,-273,-145,5,145,289,412,516,586,626,617,579,501,368,230,68,-110,-285,-438,-586,-685,-736,-746,-693,-587,-436,-253,-28,202,413,608,766,848,867,827,711,545,328,77,-179,-426,-624,-783,-859,-868,-804,-676,-504,-295,-54,188,400,564,684,741,746,680,574,423,243,48,-133,-300,-444,-538,-593,-608,-559,-470,-349,-197,-37,114,259,375,451,491,492,445,360,234,90,-63,-202,-318,-392,-404,-364,-272,-149,-20,556,526,0,-656,-521,24,0,-28,-56,-80,-95,-101,-97,-80,-58,-21,19,53,83,105,120,128,132,120,96,58,23,-11,-53,-87,-126,-144,-156,-168,-166,-149,-117,-78,-36,8,60,114,159,201,223,244,239,221,190,130,53,-22,-115,-207,-275,-339,-379,-385,-359,-307,-228,-113,7,138,270,374,454,500,507,471,387,270,130,-27,-185,-325,-447,-522,-557,-552,-496,-409,-277,-126,27,183,326,430,502,543,535,488,400,273,142,6,-132,-247,-347,-423,-461,-460,-427,-366,-281,-180,-74,18,120,200,263,307,337,342,327,295,254,197,137,71,-1,-81,-152,-218,-288,-344,-373,-372,-349,-309,-571,-175,-75,40,144,238,329,405,436,450,441,384,308,216,96,-34,-168,-282,-377,-455,-493,-513,-489,-422,-344,-241,-112,33,174,296,404,492,544,560,534,476,379,261,125,-12,-171,-312,-421,-519,-578,-598,-575,-522,-426,-297,-163,-17,144,288,417,528,583,619,610,561,477,365,242,78,-97,-254,-397,-533,-623,-683,-702,-671,-586,-458,-301,-125,77,277,451,606,719,779,779,718,608,444,255,51,-157,-354,-532,-658,-728,-758,-724,-638,-516,-353,-171,15,187,345,467,565,629,643,602,541,446,326,190,44,-102,-236,-353,-452,-516,-546,-554,-539,-474,-378,-268,-150,-17,123,-113,-429
61747,mtk,MTK 7916,864406502,rx1-tx1,512,0,0,0,-355,-11,340,609,721,648,401,41,-322,-599,-731,-663,-417,-65,295,573,692,618,384,49,-298,-550,-642,-563,-332,-12,307,541,623,519,270,-52,-360,-564,-609,-486,-227,109,416,599,613,453,164,-177,-481,-652,-639,-449,-136,230,539,700,665,452,108,-277,-593,-745,-702,-473,-115,269,595,766,721,488,126,-270,-589,-758,-725,-489,-121,270,589,748,706,478,121,-271,-582,-738,-689,-465,-109,284,593,739,685,455,104,-271,-581,-745,-711,-474,-121,246,545,704,679,475,155,-198,-495,-661,-646,-458,-163,156,435,601,604,448,183,-118,-370,-522,-539,-419,-187,83,314,447,453,0,150,-64,-246,-344,-337,-235,-79,95,223,268,230,121,-35,-176,-252,-254,-172,-23,147,269,311,267,127,-54,-238,-363,-393,-308,-134,93,317,470,494,381,163,-108,-367,-534,-572,-469,-229,89,391,601,665,557,302,-43,-376,-624,-716,-626,-372,-21,344,631,766,703,457,99,-300,-632,-799,-774,-555,-191,221,581,798,822,642,304,-112,-503,-760,-837,-713,-406,-17,364,662,794,737,515,163,-223,-543,-717,-721,-564,-270,82,389,592,661,570,345,50,-239,-457,-562,-535,-385,-149,109,319,448,472,390,223,13,-188,-336,-400,-381,-291,-145,18,164,269,310,295,233,144,53,0,0,0,0,0,-67,79,239,391,496,516,437,264,22,-244,-483,-641,-668,-551,-313,1,330,602,742,720,537,222,-156,-503,-741,-810,-691,-411,-21,380,695,845,780,523,132,-297,-658,-860,-842,-609,-225,235,645,897,921,708,313,-162,-606,-912,-980,-796,-417,72,560,916,1025,870,498,-6,-510,-883,-1025,-912,-574,-84,434,849,1033,931,601,122,-394,-813,-1010,-936,-619,-137,383,805,1006,928,612,145,-381,-817,-1025,-959,-632,-136,394,829,1056,990,656,150,-406,-852,-1082,-1033,-701,-178,404,892,1142,1106,783,242,-369,-884,-1183,-1181,-871,-333,292,852,1193,1223,948,430,-204,-783,-1152,-1216,-970,0,119,709,1105,1199,973,496,-106,-679,-1070,-1176,-962,-480,121,680,1069,1182,976,499,-116,-697,-1093,-1201,-991,-511,106,698,1116,1235,1024,546,-83,-693,-1113,-1252,-1065,-595,28,638,1086,1239,1065,617,13,-589,-1023,-1183,-1028,-615,-41,538,949,1098,955,553,4,-536,-915,-1038,-869,-460,70,581,937,1023,820,397,-146,-657,-990,-1050,-825,-385,163,678,1002,1062,851,416,-134,-649,-992,-1078,-873,-443,95,605,949,1039,861,461,-43,-521,-856,-955,-805,-456,5,440,743,849,721,398,-7,-386,-653,-728,-602,-312,55,391,603,636,489,202,-140,-433,-594,-584,-406,-111,218,487,623,579,362,0,0,0,0,0,-609,-705,-621,-375,-29,339,622,735,660,411,55,-307,-591,-723,-653,-398,-55,285,550,670,602,365,39,-289,-537,-627,-533,-304,23,351,568,612,493,240,-88,-391,-588,-617,-474,-191,149,443,619,625,453,151,-195,-496,-660,-648,-451,-114,261,562,715,681,461,111,-277,-595,-763,-726,-492,-124,273,597,762,725,501,145,-258,-594,-755,-715,-485,-126,269,592,745,693,460,109,-277,-598,-748,-696,-459,-101,286,593,746,708,479,122,-259,-563,-726,-691,-468,-135,224,520,685,670,465,147,-186,-469,-625,-624,-461,-177,141,415,565,564,427,188,-96,-341,-486,-502,-382,-168,76,0,383,390,289,115,-80,-233,-306,-280,-175,-22,129,231,249,187,64,-79,-213,-282,-254,-140,20,184,314,354,278,122,-82,-280,-418,-436,-336,-141,104,346,513,546,429,190,-114,-393,-576,-620,-514,-267,64,392,615,687,589,338,-3,-354,-632,-752,-674,-421,-56,329,633,782,730,500,140,-264,-606,-800,-802,-598,-239,176,541,781,830,676,360,-52,-447,-724,-827,-734,-469,-101,286,600,767,740,538,213,-145,-457,-655,-696,-570,-313,9,305,526,619,557,359,96,-171,-395,-518,-512,-390,-188,45,257,401,450,394,259,80,-105,-259,-350,-368,-314,-207,-76,50,154,216,224,0,0,0,0,0,-352,-391,-362,-257,-83,128,345,516,588,562,423,174,-131,-419,-636,-724,-654,-440,-115,247,560,753,774,620,324,-56,-436,-727,-847,-755,-473,-81,337,675,848,815,575,184,-259,-646,-871,-874,-666,-271,203,631,904,951,754,363,-122,-583,-910,-1012,-851,-470,37,529,895,1036,912,550,42,-471,-851,-1020,-930,-600,-111,418,819,1002,935,616,131,-388,-802,-1003,-940,-623,-138,382,799,1008,953,640,143,-397,-819,-1024,-969,-649,-146,396,845,1072,1008,678,166,-406,-884,-1123,-1071,-738,-203,394,886,1160,1149,832,287,-338,-882,-1195,-1213,-921,-393,234,809,1175,1231,970,461,-166,-741,0,-1216,-984,-490,129,701,1084,1186,969,498,-98,-674,-1072,-1180,-965,-494,110,695,1088,1184,974,504,-113,-711,-1115,-1229,-1014,-532,96,701,1118,1239,1052,583,-47,-660,-1095,-1247,-1075,-620,1,613,1054,1216,1060,622,27,-562,-996,-1151,-995,-577,-28,528,934,1063,901,499,-38,-559,-917,-1016,-841,-423,113,627,967,1034,819,380,-166,-669,-996,-1060,-845,-398,162,674,1008,1084,871,430,-114,-624,-973,-1064,-878,-463,70,569,904,1003,838,463,-13,-474,-805,-911,-767,-431,-1,412,697,789,661,358,-25,-391,-623,-671,-542,-261,92,402,591,598,432,146,-186,-462,-609,-580,-379,-69,265,524,0,0
61748,mtk,MTK 7916,864406502,rx2-tx0,512,0,0,0,-516,48,621,1046,1198,1028,580,-33,-662,-1125,-1288,-1115,-645,0,654,1145,1334,1168,691,27,-647,-1153,-1352,-1187,-703,-40,638,1155,1362,1197,714,41,-641,-1142,-1341,-1180,-701,-26,656,1144,1324,1145,656,-18,-679,-1152,-1309,-1107,-607,63,711,1163,1292,1068,555,-114,-751,-1169,-1264,-1022,-502,161,766,1155,1226,958,425,-223,-800,-1152,-1178,-878,-341,296,843,1149,1133,796,228,-398,-908,-1165,-1100,-724,-143,485,987,1214,1090,658,43,-591,-1067,-1256,-1103,-633,18,664,1139,1315,1136,642,-35,-708,-1192,-1359,-1165,-654,37,720,1223,1409,1206,680,-26,-736,-1243,-1427,-1235,-713,-3,707,1230,1427,1243,0,37,-683,-1214,-1414,-1235,-729,-27,679,1198,1398,1228,727,30,-676,-1205,-1418,-1245,-735,-27,694,1229,1437,1266,751,31,-696,-1247,-1472,-1310,-797,-70,677,1253,1506,1357,857,127,-642,-1243,-1519,-1400,-924,-197,586,1218,1525,1440,982,267,-514,-1165,-1508,-1462,-1045,-361,419,1085,1465,1466,1080,418,-337,-1002,-1411,-1451,-1109,-486,255,926,1353,1433,1151,579,-141,-820,-1281,-1417,-1199,-687,-9,662,1156,1347,1217,800,187,-454,-965,-1233,-1191,-864,-339,247,752,1062,1106,888,471,-44,-531,-866,-985,-870,-556,-126,313,662,839,819,620,291,-82,-417,-651,-734,-659,-461,-188,98,338,494,545,494,373,220,0,0,0,0,0,-406,-364,-240,-39,206,445,622,689,622,423,116,-243,-569,-780,-832,-702,-400,15,439,776,943,891,620,189,-302,-737,-1004,-1043,-832,-389,161,682,1045,1167,1006,582,-7,-608,-1064,-1269,-1171,-769,-159,502,1051,1342,1301,937,330,-368,-988,-1363,-1398,-1085,-485,243,907,1350,1460,1192,616,-105,-807,-1306,-1463,-1251,-731,-25,689,1221,1429,1273,791,120,-577,-1121,-1362,-1245,-809,-175,494,1020,1265,1172,774,185,-447,-952,-1185,-1093,-716,-156,444,912,1117,1015,635,90,-475,-909,-1088,-962,-569,-19,535,943,1093,940,527,-36,-593,-996,-1129,-952,-516,73,650,1050,1174,980,519,-87,-668,-1077,-1205,0,-536,87,683,1107,1239,1023,528,-109,-711,-1124,-1246,-1024,-524,120,742,1161,1267,1032,517,-150,-790,-1217,-1322,-1066,-517,168,822,1257,1357,1096,542,-166,-832,-1279,-1383,-1124,-560,157,836,1282,1383,1121,569,-142,-809,-1255,-1364,-1104,-550,138,784,1213,1306,1050,511,-165,-780,-1174,-1250,-981,-438,215,800,1154,1187,903,375,-255,-810,-1135,-1152,-846,-317,290,809,1103,1094,784,262,-322,-802,-1055,-1015,-704,-203,351,791,998,935,615,130,-378,-770,-933,-828,-497,-34,432,761,866,725,373,-88,-516,-795,-841,-639,-247,213,616,850,843,585,153,-323,-718,-913,-850,-541,-67,436,825,988,882,522,0,0,0,0,0,-1002,-1145,-985,-550,40,642,1083,1243,1073,610,-25,-658,-1134,-1314,-1140,-664,-10,656,1150,1342,1182,704,36,-642,-1149,-1348,-1193,-720,-48,643,1156,1350,1184,704,37,-640,-1150,-1338,-1159,-672,-6,665,1147,1320,1131,630,-41,-700,-1154,-1294,-1084,-572,86,729,1171,1284,1044,521,-138,-750,-1160,-1250,-993,-462,190,782,1146,1199,918,378,-253,-812,-1144,-1151,-836,-289,334,869,1159,1116,756,189,-432,-938,-1187,-1096,-689,-92,539,1027,1231,1090,647,21,-628,-1108,-1285,-1112,-631,25,687,1170,1339,1148,641,-40,-718,-1219,-1390,-1185,-668,33,731,1234,1406,1212,693,-10,-716,-1236,-1422,-1231,-717,-8,699,0,1428,1248,733,23,-684,-1199,-1403,-1230,-726,-32,672,1198,1403,1231,727,26,-683,-1214,-1423,-1253,-743,-31,697,1240,1454,1286,774,48,-690,-1250,-1495,-1345,-832,-97,666,1257,1517,1383,885,160,-613,-1229,-1524,-1422,-952,-226,564,1195,1517,1455,1014,309,-480,-1138,-1493,-1467,-1064,-383,391,1058,1441,1453,1097,461,-298,-972,-1386,-1439,-1125,-524,202,871,1315,1421,1171,623,-78,-745,-1221,-1388,-1209,-736,-92,563,1063,1296,1216,840,271,-353,-868,-1151,-1158,-892,-414,142,637,962,1047,877,509,42,-421,-770,-916,-845,-588,-213,203,551,752,782,646,379,44,-279,-525,-648,-641,-519,-317,-85,128,280,365,0,0,0,0,0,-125,-308,-464,-560,-564,-455,-239,50,359,615,762,756,578,259,-124,-499,-785,-900,-802,-513,-91,373,754,976,970,722,290,-225,-706,-1035,-1111,-912,-476,98,649,1056,1226,1093,679,82,-557,-1069,-1319,-1245,-859,-249,434,1014,1350,1354,1007,403,-310,-947,-1357,-1437,-1141,-552,177,865,1342,1475,1233,681,-40,-743,-1261,-1456,-1267,-765,-78,626,1167,1399,1266,812,155,-528,-1060,-1308,-1210,-798,-183,468,979,1223,1137,751,170,-445,-926,-1147,-1052,-677,-120,460,903,1093,983,604,55,-509,-928,-1083,-946,-543,17,570,975,1114,944,514,-62,-624,-1027,-1159,-974,-519,83,666,1072,1195,998,528,-78,0,-1096,-1217,-1008,-526,95,694,1114,1239,1026,533,-108,-729,-1151,-1256,-1027,-517,135,756,1184,1295,1052,519,-161,-802,-1234,-1335,-1079,-524,174,828,1265,1373,1110,547,-163,-832,-1286,-1396,-1126,-561,146,818,1266,1378,1125,560,-142,-797,-1234,-1333,-1082,-540,144,777,1189,1277,1015,471,-189,-785,-1160,-1215,-933,-408,226,797,1143,1168,873,342,-269,-806,-1119,-1120,-812,-284,310,810,1084,1059,745,235,-322,-791,-1034,-984,-661,-165,358,766,958,879,553,78,-405,-762,-902,-779,-434,29,479,781,854,683,313,-150,-569,-821,-831,-602,-200,269,668,878,836,557,110,-379,-767,-948,-863,-525,-34,483,879,0,0
61749,mtk,MTK 7916,864406502,rx2-tx1,512,0,0,0,-211,-731,-1068,-1125,-883,-392,205,748,1101,1163,921,439,-171,-735,-1095,-1173,-947,-465,138,700,1079,1157,926,458,-129,-669,-1029,-1108,-888,-432,137,656,991,1051,820,368,-183,-667,-957,-979,-723,-266,259,714,962,932,641,167,-358,-794,-1006,-926,-589,-80,457,874,1054,937,549,12,-533,-943,-1099,-954,-539,32,593,1004,1132,953,508,-79,-647,-1051,-1167,-956,-481,134,734,1127,1209,973,465,-181,-786,-1195,-1290,-1038,-500,185,828,1255,1356,1103,559,-128,-788,-1243,-1374,-1151,-636,52,734,1210,1368,1179,687,19,-638,-1128,-1333,-1191,-739,-97,557,1054,1270,1169,771,184,-432,-922,-1159,-1100,-765,0,328,791,1026,984,687,224,-275,-679,-882,-839,-573,-158,282,627,789,726,457,64,-333,-620,-726,-631,-352,24,393,636,690,540,238,-135,-480,-688,-689,-484,-125,273,609,788,738,469,58,-386,-751,-931,-863,-545,-67,442,867,1083,1012,671,143,-437,-920,-1187,-1152,-817,-273,357,908,1243,1268,964,415,-239,-848,-1252,-1347,-1102,-592,66,714,1202,1394,1243,799,165,-506,-1052,-1331,-1293,-964,-417,232,816,1185,1256,1037,579,2,-541,-936,-1099,-1001,-669,-199,291,694,914,907,688,321,-98,-486,-748,-818,-696,-423,-74,277,552,695,686,535,286,-3,-269,-467,-559,-538,-433,-272,-94,66,0,0,0,0,0,183,18,-166,-356,-508,-575,-537,-387,-148,131,392,583,653,577,373,77,-245,-512,-660,-666,-508,-217,122,440,657,716,591,315,-48,-408,-670,-773,-675,-402,-14,387,708,854,774,500,103,-346,-724,-913,-873,-615,-195,281,696,946,957,726,302,-206,-656,-946,-1002,-800,-383,138,616,932,1013,833,442,-60,-549,-899,-1011,-857,-494,-1,494,861,994,859,504,26,-461,-823,-953,-831,-496,-35,438,789,917,804,474,12,-449,-786,-914,-791,-453,8,469,801,919,798,457,-9,-472,-802,-924,-806,-472,-18,443,786,918,801,466,12,-446,-778,-899,-785,-450,4,454,783,900,771,433,0,-478,-791,-896,-770,-429,34,477,790,895,762,418,-48,-488,-786,-877,-726,-371,83,511,795,860,679,298,-163,-587,-855,-883,-659,-256,229,666,934,940,693,249,-273,-728,-989,-985,-716,-247,290,753,1015,1011,728,244,-306,-771,-1019,-997,-703,-212,341,799,1035,985,662,163,-380,-825,-1048,-977,-629,-108,442,873,1069,968,597,55,-507,-925,-1101,-975,-572,-20,542,966,1129,983,575,10,-569,-1006,-1167,-1003,-571,13,595,1021,1181,1026,586,-2,-591,-1021,-1170,-1014,-592,-13,565,987,1131,969,559,-2,-559,-956,-1089,-927,-510,41,569,938,1051,871,449,-91,-612,-963,-1045,-836,-400,153,0,0,0,0,0,1094,856,382,-205,-741,-1090,-1153,-909,-421,193,751,1106,1184,944,448,-159,-719,-1084,-1164,-939,-461,137,688,1049,1131,904,438,-127,-657,-1012,-1086,-863,-408,148,655,972,1017,774,321,-206,-682,-965,-967,-684,-211,315,750,979,925,605,112,-417,-837,-1033,-933,-565,-36,507,919,1084,949,543,-12,-568,-974,-1122,-951,-520,59,626,1020,1142,941,481,-119,-702,-1091,-1181,-953,-462,167,760,1158,1253,1010,484,-184,-817,-1234,-1325,-1067,-523,157,805,1260,1371,1118,593,-89,-759,-1236,-1380,-1167,-657,18,686,1175,1363,1194,720,72,-595,-1105,-1313,-1182,-757,-141,499,991,1226,1143,768,208,-384,-856,0,-1044,-723,-229,297,728,950,909,628,197,-278,-657,-836,-773,-502,-110,297,623,760,669,398,20,-361,-628,-710,-583,-292,78,425,656,689,518,188,-204,-538,-719,-700,-474,-96,332,680,848,795,513,67,-424,-827,-1023,-946,-616,-108,448,898,1133,1086,752,210,-398,-914,-1214,-1210,-892,-339,301,888,1254,1306,1036,498,-173,-801,-1239,-1378,-1181,-691,-38,629,1145,1381,1283,886,289,-368,-933,-1264,-1287,-1006,-501,108,669,1048,1176,1028,638,108,-419,-818,-1009,-959,-690,-266,197,588,832,870,700,378,-19,-391,-656,-763,-699,-486,-180,144,422,598,645,564,384,154,-79,-273,-391,-421,-384,0,0,0,0,0,388,466,469,382,219,-8,-254,-467,-601,-616,-499,-275,14,312,553,670,631,446,156,-174,-471,-665,-693,-551,-273,79,423,674,751,642,368,-11,-396,-695,-821,-735,-457,-56,366,709,884,836,571,151,-319,-713,-927,-917,-676,-259,233,674,949,982,761,343,-157,-622,-937,-1011,-820,-423,89,588,921,1012,852,466,-35,-529,-878,-996,-858,-500,-14,475,837,970,847,504,34,-440,-788,-933,-826,-489,-22,441,782,912,797,461,2,-452,-795,-917,-786,-454,-4,461,805,929,800,466,12,-448,-791,-922,-812,-483,-14,451,782,904,790,460,5,-444,-769,-890,-772,-438,14,451,773,0,772,433,-21,-476,-798,-903,-773,-433,29,475,789,890,743,394,-57,-490,-791,-873,-702,-334,121,542,824,875,670,276,-200,-634,-901,-911,-673,-251,253,703,956,957,698,242,-288,-740,-1004,-1003,-725,-248,297,764,1022,1009,724,235,-317,-777,-1027,-1001,-689,-193,349,803,1035,974,646,137,-415,-852,-1052,-968,-613,-86,469,911,1100,974,586,40,-519,-950,-1122,-982,-572,-6,563,987,1149,993,568,-11,-595,-1028,-1180,-1012,-578,12,599,1021,1172,1018,591,9,-564,-995,-1155,-996,-573,-10,551,961,1103,944,535,-16,-562,-946,-1058,-888,-481,63,592,951,1049,857,428,-119,-637,-983,-1052,0,0
61750,mtk,MTK 7916,864457775,rx0-tx0,512,-330,652,445,-810,-623,-386,-109,164,426,664,824,918,952,892,765,590,353,95,-172,-422,-638,-813,-905,-930,-889,-779,-611,-382,-120,154,419,642,809,925,971,927,820,634,400,129,-158,-430,-671,-861,-983,-1010,-949,-815,-614,-365,-77,204,471,696,866,964,981,917,779,575,342,71,-206,-458,-668,-825,-905,-939,-893,-765,-584,-357,-96,158,415,634,794,906,928,882,753,575,341,87,-179,-437,-656,-814,-882,-892,-836,-699,-518,-292,-28,207,432,626,750,818,813,747,627,443,239,21,-193,-390,-549,-671,-730,-734,-685,-574,-427,-252,-46,144,338,501,612,686,702,661,564,436,270,71,-26,-303,-468,-597,-684,-706,-670,-583,-455,-282,-84,128,327,498,633,717,728,693,598,441,253,38,-191,-389,-556,-674,-741,-744,-683,-561,-390,-184,43,253,446,612,702,749,725,638,504,320,117,-106,-306,-490,-629,-716,-746,-706,-612,-462,-260,-44,188,400,573,706,767,773,694,555,346,108,-135,-357,-546,-686,-755,-746,-660,-496,-309,-82,143,345,502,600,631,596,503,366,213,41,-115,-257,-350,-404,-419,-391,-335,-248,-156,-60,35,122,181,220,244,243,228,192,159,101,39,-8,-51,-100,-140,-169,-183,-179,-165,-133,-88,-31,34,95,143,175,184,164,125,63,-8,-63,889,883,510,720,912,-189,-210,-189,-132,-49,43,137,220,272,290,276,235,162,70,-29,-128,-214,-280,-329,-353,-345,-303,-239,-144,-23,106,228,332,430,494,501,471,401,273,109,-82,-269,-449,-588,-681,-722,-688,-586,-413,-183,68,322,571,760,873,924,879,739,536,263,-51,-362,-648,-880,-1037,-1087,-1032,-877,-637,-330,17,373,676,932,1088,1157,1114,963,714,408,65,-287,-611,-886,-1068,-1157,-1152,-1032,-828,-537,-206,131,476,759,983,1119,1149,1068,915,687,377,44,-287,-593,-848,-1041,-1141,-1127,-1017,-813,-560,-244,88,409,697,928,1072,1117,1067,924,711,426,115,-215,-520,-765,-958,-1054,-1061,-986,301,-606,-335,-38,263,522,750,918,1007,1007,940,782,575,323,36,-249,-523,-763,-930,-1025,-1038,-969,-822,-589,-318,-22,287,572,796,963,1063,1062,978,823,586,301,-8,-307,-580,-810,-983,-1080,-1082,-1003,-847,-611,-338,-35,291,577,825,1013,1126,1143,1060,894,647,347,27,-311,-614,-891,-1084,-1184,-1198,-1108,-918,-654,-325,26,377,696,959,1147,1233,1202,1070,844,561,219,-130,-457,-757,-971,-1119,-1171,-1120,-977,-753,-471,-162,161,470,730,922,1048,1090,1030,906,696,422,131,-162,-447,-685,-876,-994,-1023,-973,-840,-651,-410,-131,158,429,668,848,967,994,931,816,639,399,117,-161,-426,-112,189,-82,-624,-786,534,743,894,962,952,867,707,478,239,-39,-312,-539,-733,-867,-931,-924,-837,-689,-482,-234,21,280,514,717,861,943,942,866,709,514,275,-1,-284,-537,-754,-899,-982,-981,-902,-743,-525,-250,44,324,581,787,932,996,974,877,708,476,209,-73,-341,-586,-775,-897,-960,-936,-836,-677,-450,-206,46,314,547,730,862,916,906,835,680,482,236,-36,-301,-541,-729,-863,-925,-916,-818,-654,-423,-174,75,332,554,721,841,877,826,735,571,370,145,-86,-309,-508,-659,-746,-778,-748,-661,-520,-345,-135,70,271,450,583,682,717,697,627,497,338,165,-34,-232,-406,-540,-645,-695,628,-628,-512,-364,-182,20,214,396,547,658,715,717,649,527,357,158,-48,-244,-439,-596,-699,-752,-722,-636,-497,-324,-107,119,327,513,645,733,751,703,611,442,246,43,-184,-384,-562,-680,-738,-737,-674,-559,-392,-198,15,238,435,602,709,756,742,654,509,313,91,-141,-363,-557,-704,-774,-772,-692,-545,-345,-108,131,361,537,652,714,685,594,447,261,56,-146,-321,-445,-510,-522,-482,-409,-294,-175,-41,81,184,264,307,324,313,274,213,154,84,11,-56,-110,-154,-191,-200,-191,-182,-156,-117,-72,-22,31,80,127,162,188,187,167,123,65,-7,-71,-122,-156,-153,-129,94,-163,-82,749,500,-43,39,127,198,242,253,230,174,84,-11,-109,-191,-255,-294,-307,-291,-246,-177,-91,11,117,215,300,376,413,416,372,307,206,70,-86,-235,-384,-507,-583,-609,-584,-497,-348,-166,59,283,499,672,780,817,789,673,464,216,-55,-347,-607,-826,-975,-1017,-960,-809,-591,-298,37,367,668,909,1071,1134,1074,920,674,360,16,-336,-653,-912,-1088,-1168,-1135,-999,-769,-468,-138,220,553,830,1039,1138,1156,1060,867,610,291,-54,-387,-674,-922,-1082,-1135,-1101,-966,-760,-477,-144,198,511,779,977,1109,1123,1051,886,644,337,12,-316,-609,-854,-1024,-1095,-1080,-953,-762,-509,-207,101,401,-176,859,988,1041,995,877,698,446,170,-119,-394,-642,-823,-963,-1014,-993,-896,-720,-477,-194,111,403,672,883,1005,1062,1033,905,703,451,150,-164,-454,-706,-912,-1026,-1072,-1031,-916,-723,-469,-173,135,428,697,908,1046,1119,1086,951,755,500,199,-130,-450,-732,-967,-1111,-1179,-1142,-1017,-804,-511,-179,165,513,808,1042,1188,1233,1177,1013,768,457,101,-254,-588,-863,-1066,-1188,-1186,-1106,-921,-655,-353,-11,321,626,871,1039,1117,1110,1007,820,576,297,-17,-312,-580,-814,-970,-1034,-1035,-938,-771,-548,-274,15,298,561,764,918,994,991,905,746,532,274,-22,-297,-543,-755,-909,-980,-962,-884,1023,1014
61751,mtk,MTK 7916,864457775,rx0-tx1,512,-686,0,292,-151,51,243,418,555,631,670,642,567,443,272,93,-85,-263,-408,-521,-590,-603,-575,-507,-393,-254,-102,47,197,328,442,521,548,545,506,422,315,176,24,-131,-272,-399,-498,-563,-589,-566,-497,-393,-258,-89,78,249,408,538,624,661,652,585,464,304,121,-79,-277,-449,-594,-682,-718,-696,-617,-481,-305,-95,116,312,495,632,700,726,694,597,456,269,60,-151,-349,-511,-629,-711,-715,-662,-558,-412,-237,-44,159,342,492,616,682,684,635,535,393,219,31,-164,-345,-489,-597,-656,-666,-616,-517,-379,-206,-17,170,346,485,587,645,646,599,494,354,187,-4,-187,-353,-38,-600,-646,-633,-578,-473,-319,-148,38,230,390,523,609,651,633,564,447,297,109,-96,-277,-436,-558,-639,-665,-619,-537,-391,-218,-31,167,348,497,601,651,645,582,459,305,132,-57,-241,-387,-506,-574,-602,-575,-503,-382,-229,-56,109,267,397,499,546,554,526,440,328,185,25,-132,-277,-397,-486,-539,-540,-494,-406,-282,-135,25,187,328,440,519,541,515,443,315,170,18,-152,-304,-424,-497,-515,-492,-427,-303,-160,-14,136,269,364,439,450,428,362,256,126,-1,-127,-252,-338,-382,-392,-360,-283,-180,-52,75,190,283,337,342,302,217,104,-21,-136,-211,-245,-231,-174,-716,-520,0,-689,-627,2,76,143,190,204,191,139,68,-15,-97,-169,-216,-240,-232,-197,-146,-72,2,85,154,212,240,244,224,177,115,45,-27,-98,-154,-198,-222,-219,-196,-160,-115,-65,-4,58,99,129,156,162,162,150,132,111,81,52,12,-34,-76,-119,-158,-192,-212,-206,-196,-154,-107,-47,25,98,164,220,254,269,259,218,162,97,20,-52,-122,-191,-237,-269,-275,-264,-226,-183,-123,-47,32,113,186,246,294,320,322,292,245,167,75,-31,-141,-236,-309,-369,-397,-384,-339,-258,-155,-36,81,201,302,376,423,433,400,334,245,130,0,-124,-235,-339,-412,-449,-443,-410,-337,-236,-48,3,140,255,364,440,480,483,441,371,265,123,-14,-166,-313,-424,-499,-538,-533,-480,-384,-257,-105,48,218,363,473,544,564,543,477,367,229,78,-88,-244,-377,-475,-547,-575,-555,-487,-387,-253,-98,62,219,363,477,558,591,590,535,441,302,137,-42,-218,-374,-511,-602,-657,-655,-601,-499,-352,-163,30,238,428,577,674,724,718,648,522,346,136,-80,-303,-496,-645,-738,-758,-726,-636,-480,-289,-74,152,356,532,663,736,742,687,584,423,237,33,-187,-371,-524,-636,-701,-712,-665,-554,-404,-218,-19,185,373,535,646,701,708,652,528,372,187,-22,-225,-399,-541,-648,-47,-370,9,948,913,672,683,635,541,386,210,20,-171,-336,-485,-591,-635,-634,-574,-468,-334,-175,-6,153,310,436,523,564,568,521,446,340,208,59,-83,-234,-358,-462,-529,-562,-550,-503,-418,-294,-151,14,179,330,453,551,606,616,584,498,370,209,29,-161,-348,-502,-618,-684,-698,-648,-548,-395,-207,-4,197,383,544,664,726,713,650,544,376,184,-16,-234,-422,-579,-686,-732,-716,-642,-512,-354,-157,57,259,438,580,666,706,688,607,483,326,127,-66,-258,-421,-555,-635,-669,-653,-577,-461,-306,-126,71,259,417,542,627,654,635,557,435,278,97,-90,-267,-431,-547,-628,-652,-621,-538,634,-265,-78,111,284,447,559,628,648,607,513,383,220,36,-160,-337,-480,-584,-649,-649,-597,-498,-349,-178,32,216,393,536,623,663,642,560,432,269,88,-106,-293,-446,-548,-610,-630,-579,-482,-344,-177,-2,171,326,450,544,578,573,512,420,281,122,-40,-198,-337,-441,-521,-547,-532,-468,-374,-246,-90,78,233,365,463,523,542,511,427,316,167,4,-158,-315,-439,-505,-533,-513,-430,-313,-169,-15,132,282,397,455,479,461,386,284,154,5,-124,-260,-358,-408,-413,-388,-325,-217,-97,26,151,253,326,366,355,308,220,103,-26,-147,-242,-296,-303,-258,-170,-68,43,126,576,771,0,33,-288,155,157,122,55,-23,-105,-174,-216,-231,-213,-167,-97,-19,67,137,200,235,245,233,191,131,52,-25,-99,-160,-207,-228,-235,-214,-176,-119,-53,22,85,140,174,196,201,179,147,116,70,29,-12,-51,-85,-116,-141,-152,-169,-170,-163,-147,-114,-68,-10,43,102,164,209,243,250,235,196,140,64,-11,-93,-163,-213,-252,-267,-259,-238,-197,-135,-67,12,87,152,197,247,277,288,272,235,178,107,21,-74,-162,-243,-305,-344,-359,-347,-289,-216,-116,0,115,224,319,382,409,403,367,289,197,86,-40,-165,-274,-356,-424,-444,-424,-372,-292,-181,-55,74,195,310,390,-1135,466,439,385,306,187,58,-88,-216,-331,-430,-485,-505,-498,-429,-323,-194,-51,105,263,397,500,547,558,522,435,311,161,-4,-160,-312,-432,-517,-563,-567,-510,-419,-300,-163,-2,158,303,419,512,559,570,541,464,351,197,40,-126,-284,-428,-537,-606,-628,-602,-530,-407,-248,-64,126,306,470,599,677,702,679,584,438,253,56,-156,-359,-534,-668,-735,-747,-701,-584,-421,-215,7,218,429,597,708,765,749,670,539,360,152,-67,-270,-456,-602,-689,-732,-708,-616,-492,-325,-131,72,280,456,590,677,706,682,607,474,296,99,-102,-305,-473,-596,-683,-709,-666,-567,-432,-258,692,592
61752,mtk,MTK 7916,864457775,rx1-tx0,512,0,-499,-336,460,547,600,604,552,475,348,186,18,-170,-352,-501,-624,-687,-703,-672,-573,-430,-239,-21,201,416,607,748,828,844,785,654,465,227,-37,-303,-556,-755,-893,-956,-941,-835,-652,-419,-138,168,444,695,881,984,1010,947,796,580,318,26,-272,-542,-756,-910,-988,-986,-889,-729,-511,-244,37,304,555,755,894,955,943,852,700,474,229,-37,-318,-557,-767,-896,-956,-936,-839,-676,-457,-184,96,352,589,784,900,944,909,790,603,381,117,-155,-412,-616,-786,-884,-900,-841,-707,-515,-283,-25,227,452,639,771,823,810,730,575,390,179,-48,-263,-453,-589,-681,-721,-690,-602,-463,-277,-125,66,231,380,502,577,603,585,518,419,276,140,-12,-166,-301,-402,-496,-544,-540,-508,-446,-338,-205,-63,89,243,375,478,536,561,537,481,374,247,96,-69,-223,-366,-480,-567,-604,-595,-538,-441,-308,-149,30,217,400,544,648,705,715,643,520,344,130,-105,-326,-529,-700,-807,-840,-793,-673,-481,-239,37,303,549,742,868,908,856,723,502,253,-26,-307,-545,-723,-826,-842,-785,-640,-443,-218,28,259,453,603,685,705,652,543,381,193,0,-205,-371,-494,-566,-580,-547,-457,-323,-160,2,168,314,422,489,500,447,347,205,45,-125,-268,-362,-407,-378,-288,-162,-25,-256,-446,0,628,729,61,77,78,69,52,21,-16,-53,-89,-106,-116,-119,-107,-70,-33,7,45,78,114,130,138,133,125,100,62,26,-23,-64,-104,-151,-166,-179,-180,-162,-133,-86,-34,29,89,156,213,241,266,267,238,186,104,12,-86,-190,-287,-358,-401,-411,-369,-291,-183,-43,101,246,386,482,520,511,448,344,193,32,-147,-309,-445,-529,-566,-555,-480,-357,-210,-29,143,300,436,522,562,549,485,366,216,47,-113,-270,-396,-471,-496,-482,-435,-350,-222,-87,47,166,265,341,384,389,365,317,250,169,84,-5,-94,-165,-230,-283,-314,-327,-318,-292,-241,-164,-86,14,120,207,291,489,400,404,375,314,224,117,-6,-133,-257,-361,-427,-471,-473,-421,-345,-240,-116,21,164,299,419,488,523,512,459,369,247,105,-47,-197,-332,-445,-532,-566,-542,-482,-385,-265,-106,61,224,364,479,559,588,567,508,410,269,120,-52,-224,-374,-490,-570,-612,-597,-551,-447,-309,-146,36,204,364,513,621,672,670,619,519,369,185,-18,-232,-421,-594,-704,-760,-753,-669,-537,-343,-115,117,350,545,688,775,782,719,597,423,212,-14,-227,-415,-559,-656,-698,-678,-592,-477,-323,-145,36,211,358,483,568,590,575,524,429,309,172,17,-133,-276,-393,-475,-534,-549,-531,-468,-361,-284,50,0,-226,-434,364,226,75,-94,-256,-402,-540,-618,-655,-642,-570,-459,-311,-121,73,278,464,611,723,771,755,679,540,346,122,-124,-371,-591,-760,-875,-911,-867,-748,-558,-322,-46,244,516,733,894,993,984,892,728,491,216,-77,-372,-632,-835,-965,-1015,-978,-851,-657,-412,-134,158,440,666,843,950,971,923,798,601,363,94,-180,-432,-661,-832,-924,-965,-908,-780,-589,-334,-71,207,460,675,842,938,933,864,733,537,292,24,-254,-508,-702,-846,-925,-921,-825,-670,-458,-206,61,315,548,723,834,867,824,717,559,346,107,-130,-364,-554,-680,-757,-767,-711,-593,-428,-245,-39,161,343,486,315,651,643,586,498,369,209,43,-118,-266,-401,-497,-544,-566,-538,-469,-379,-265,-107,47,188,326,440,515,541,540,492,411,293,151,-5,-159,-303,-426,-512,-568,-577,-540,-467,-351,-205,-32,134,297,439,554,627,656,634,551,413,248,60,-154,-359,-529,-665,-751,-772,-720,-612,-429,-199,52,308,538,726,847,887,838,720,514,264,-22,-300,-553,-743,-849,-886,-823,-680,-481,-233,26,283,507,664,760,777,718,590,419,203,-13,-227,-411,-551,-625,-645,-601,-495,-355,-182,-5,175,331,451,519,534,505,416,286,129,-43,-205,-337,-428,-460,-441,-348,-220,-65,97,218,298,309,452,281,0,-357,-19,40,7,-25,-53,-79,-100,-103,-101,-77,-42,-6,33,73,102,117,127,121,110,80,44,3,-37,-77,-115,-136,-152,-156,-136,-122,-88,-42,-5,53,102,150,183,205,214,204,183,129,67,-1,-89,-172,-243,-297,-322,-319,-296,-233,-142,-38,92,221,327,414,463,461,422,335,193,35,-127,-279,-413,-506,-550,-544,-470,-353,-197,-29,149,324,450,544,579,551,483,364,207,39,-137,-293,-422,-510,-546,-530,-470,-356,-215,-65,82,217,338,420,450,441,398,325,233,121,13,-93,-185,-260,-308,-336,-343,-324,-285,-236,-164,-83,1,91,170,256,305,346,369,351,307,245,-571,55,-59,-174,-280,-365,-417,-441,-429,-379,-291,-179,-58,93,221,335,423,480,496,470,406,304,174,39,-114,-256,-382,-466,-522,-540,-506,-431,-323,-189,-22,138,286,407,508,568,575,535,452,339,189,28,-141,-292,-430,-525,-580,-604,-566,-480,-354,-210,-40,129,286,434,535,610,633,598,533,415,255,71,-118,-299,-463,-598,-685,-725,-690,-607,-464,-272,-56,178,392,573,706,771,777,709,570,383,165,-69,-291,-487,-639,-733,-749,-701,-599,-455,-277,-72,146,326,469,573,629,637,589,503,380,224,64,-91,-242,-379,-477,-543,-565,-544,-484,-387,-271,-139,11,159,301,411,-632,-705
61753,mtk,MTK 7916,864457775,rx1-tx1,512,0,0,0,-690,-543,-267,77,412,652,741,652,404,59,-284,-562,-711,-687,-502,-196,147,442,619,653,530,274,-49,-350,-561,-625,-527,-303,-1,296,520,605,539,337,43,-262,-500,-610,-568,-377,-89,229,492,634,620,443,142,-187,-475,-657,-678,-524,-239,119,442,660,731,619,345,-11,-368,-644,-764,-707,-486,-148,238,564,737,744,585,266,-114,-453,-684,-759,-635,-358,-8,348,621,748,686,452,116,-249,-555,-727,-727,-549,-245,125,456,680,745,636,381,39,-315,-581,-717,-687,-482,-177,154,454,635,659,539,299,-9,-306,-526,-619,-566,-382,-117,164,399,534,526,400,203,-37,-254,0,-435,-363,-207,-21,151,275,322,275,157,5,-146,-246,-262,-208,-92,59,192,272,278,197,61,-108,-260,-352,-354,-258,-85,120,312,435,461,368,176,-68,-307,-480,-554,-503,-321,-46,249,493,633,625,480,209,-116,-421,-631,-711,-631,-401,-68,286,585,751,748,577,265,-104,-459,-719,-813,-731,-485,-116,277,606,801,821,674,378,-11,-394,-692,-843,-807,-599,-265,127,485,726,810,724,485,147,-212,-513,-701,-737,-607,-361,-59,253,503,634,636,504,268,-15,-275,-463,-552,-521,-382,-172,56,257,405,467,431,309,145,-33,-209,-337,-385,-364,-289,-174,-47,73,165,219,229,0,0,0,0,0,-19,128,277,409,497,516,441,282,60,-191,-428,-606,-680,-623,-445,-182,137,443,668,768,720,526,215,-154,-496,-736,-823,-742,-505,-156,238,588,810,856,714,401,1,-406,-731,-886,-848,-627,-247,198,607,887,968,822,487,32,-432,-809,-1013,-980,-714,-298,184,636,953,1047,897,546,66,-431,-827,-1026,-993,-730,-291,209,660,961,1034,853,474,-13,-490,-864,-1029,-938,-633,-179,333,756,999,1014,781,354,-167,-649,-981,-1073,-911,-532,-21,506,929,1125,1049,736,243,-329,-831,-1136,-1181,-952,-494,88,649,1065,1246,1143,774,223,-384,-903,-1216,-1255,-1013,-539,69,664,1092,1260,1144,0,204,-397,-909,-1204,-1207,-919,-421,174,717,1093,1211,1037,605,37,-546,-999,-1206,-1128,-775,-233,365,875,1184,1212,951,461,-151,-722,-1129,-1275,-1116,-696,-116,505,1002,1248,1214,901,370,-241,-793,-1155,-1233,-1024,-576,2,560,981,1163,1066,713,198,-354,-809,-1049,-1029,-768,-314,225,699,981,1019,812,395,-133,-621,-951,-1056,-907,-524,-19,495,898,1081,1008,696,214,-316,-769,-1040,-1076,-862,-433,97,583,923,1053,937,596,120,-365,-751,-957,-938,-694,-304,144,537,790,849,705,399,8,-369,-639,-735,-644,-398,-71,260,527,655,600,383,83,-235,-495,-626,-578,-385,-100,218,484,634,626,0,0,0,0,0,-143,-460,-668,-721,-606,-341,4,347,618,738,679,460,137,-209,-498,-666,-675,-524,-250,87,397,594,636,528,290,-17,-322,-543,-622,-539,-321,-27,278,506,606,553,362,68,-244,-492,-621,-593,-408,-114,213,492,652,641,467,182,-156,-466,-664,-710,-576,-287,65,404,658,756,669,419,71,-297,-593,-750,-724,-536,-209,175,503,714,754,604,311,-50,-391,-653,-756,-663,-409,-60,303,595,740,705,497,175,-191,-515,-712,-740,-603,-319,37,384,637,732,662,439,114,-233,-521,-684,-680,-522,-245,86,383,581,645,563,349,55,-237,-463,-570,-548,-403,-167,99,324,453,476,399,0,5,-195,-323,-373,-330,-197,-21,142,254,289,234,119,-27,-166,-250,-260,-193,-69,81,225,309,311,220,62,-119,-290,-393,-395,-303,-123,108,323,469,502,422,239,-19,-294,-505,-599,-569,-400,-122,192,469,637,669,550,298,-26,-354,-614,-740,-700,-491,-168,193,524,741,794,660,379,10,-370,-672,-823,-796,-586,-250,152,517,764,852,754,487,120,-269,-603,-800,-818,-674,-389,-21,341,630,772,742,559,263,-73,-383,-610,-698,-633,-442,-165,128,381,554,599,519,339,94,-152,-356,-484,-505,-415,-252,-51,157,326,414,418,353,227,66,-88,-213,-295,-325,-302,-235,-147,-43,0,0,0,0,0,-352,-377,-336,-226,-60,140,345,512,597,587,477,265,-14,-294,-540,-699,-724,-608,-369,-44,298,593,770,796,665,381,6,-372,-670,-834,-817,-616,-279,122,500,764,872,781,508,122,-307,-675,-888,-906,-722,-360,89,517,844,983,893,608,175,-309,-731,-987,-1019,-824,-440,58,540,898,1052,954,648,198,-318,-757,-1010,-1022,-795,-389,105,573,910,1036,904,554,77,-418,-811,-1015,-976,-709,-263,248,698,984,1043,848,444,-68,-568,-941,-1087,-963,-616,-120,417,873,1128,1112,836,371,-202,-746,-1117,-1231,-1060,-635,-63,523,1000,1254,1219,906,388,-225,-796,-1174,-1273,-1090,-653,-65,533,0,1241,1180,834,301,-286,-815,-1148,-1205,-973,-509,71,635,1043,1196,1064,686,131,-463,-943,-1201,-1176,-870,-348,252,803,1161,1245,1044,590,-13,-614,-1068,-1270,-1172,-806,-249,368,897,1213,1233,968,483,-119,-681,-1071,-1209,-1049,-648,-111,449,889,1109,1059,747,252,-288,-740,-1007,-1022,-783,-343,184,659,958,1025,843,448,-64,-570,-936,-1079,-957,-605,-112,415,843,1069,1043,769,318,-209,-693,-1002,-1077,-905,-518,-18,468,841,1011,939,657,229,-241,-640,-881,-909,-713,-357,57,442,705,791,687,414,48,-309,-574,-686,-620,-404,-84,241,499,626,585,392,99,-226,-491,-617,-587,-416,-127,195,0,0
61754,mtk,MTK 7916,864457775,rx2-tx0,512,0,0,0,-1078,-806,-339,229,765,1127,1218,1023,576,-22,-619,-1081,-1299,-1204,-816,-237,402,954,1280,1304,1017,494,-157,-775,-1202,-1351,-1169,-705,-74,576,1085,1331,1257,881,289,-374,-940,-1266,-1291,-998,-468,175,779,1186,1300,1100,627,0,-622,-1092,-1292,-1165,-766,-174,467,982,1253,1218,885,334,-297,-848,-1184,-1223,-958,-460,148,710,1088,1193,1006,556,-29,-600,-1020,-1180,-1039,-634,-70,510,961,1168,1080,717,170,-422,-911,-1173,-1142,-816,-283,328,864,1190,1232,965,446,-178,-772,-1189,-1318,-1121,-648,-15,629,1128,1364,1269,866,251,-424,-1005,-1349,-1372,-1072,-512,173,817,1269,1415,1224,749,97,-590,-1131,0,-1346,-950,-336,341,943,1323,1381,1111,571,-108,-758,-1226,-1398,-1234,-773,-127,556,1104,1396,1356,985,370,-333,-957,-1363,-1444,-1178,-631,67,754,1274,1496,1359,903,236,-492,-1103,-1466,-1489,-1154,-543,191,877,1361,1533,1349,842,136,-590,-1182,-1501,-1466,-1088,-473,253,921,1369,1502,1291,781,79,-622,-1169,-1444,-1391,-1004,-395,294,912,1323,1426,1204,707,51,-612,-1132,-1391,-1335,-986,-424,225,815,1211,1340,1173,751,179,-420,-912,-1182,-1196,-963,-528,11,521,898,1081,1020,742,326,-139,-561,-847,-942,-844,-570,-193,195,532,754,813,712,475,167,-154,-428,-611,-673,-621,-474,-266,-40,156,291,364,0,0,0,0,0,-382,-323,-194,0,228,449,615,690,646,476,204,-124,-448,-702,-831,-802,-606,-271,134,524,823,957,893,635,229,-245,-682,-983,-1074,-941,-592,-90,444,892,1165,1175,927,467,-111,-678,-1109,-1312,-1213,-836,-276,360,932,1300,1379,1148,654,6,-653,-1174,-1436,-1376,-1005,-406,297,938,1360,1477,1253,745,78,-603,-1152,-1439,-1386,-1014,-426,253,871,1280,1392,1182,694,53,-574,-1064,-1297,-1220,-856,-307,309,844,1164,1196,944,476,-105,-647,-1015,-1137,-976,-573,-35,506,914,1091,1001,654,140,-392,-832,-1077,-1049,-754,-274,279,767,1072,1118,893,441,-125,-660,-1046,-1189,-1041,-633,-75,503,966,1201,0,809,281,-319,-856,-1188,-1223,-962,-466,137,712,1120,1258,1084,646,50,-564,-1049,-1285,-1204,-833,-252,395,957,1288,1314,1020,471,-197,-823,-1252,-1390,-1188,-695,-42,617,1138,1394,1316,915,296,-388,-976,-1336,-1367,-1075,-525,144,776,1210,1350,1165,701,73,-561,-1054,-1290,-1206,-825,-246,385,907,1203,1204,910,385,-225,-767,-1117,-1195,-969,-512,60,616,1009,1154,1013,622,86,-460,-878,-1082,-1018,-697,-216,306,746,991,984,733,304,-185,-614,-883,-923,-731,-356,102,522,799,864,705,357,-77,-481,-763,-844,-702,-377,47,470,774,873,744,424,-14,-460,-792,-924,-824,-506,-51,426,804,988,934,0,0,0,0,0,-317,-800,-1107,-1155,-924,-456,127,695,1110,1266,1121,703,109,-508,-1023,-1304,-1264,-926,-372,283,876,1258,1335,1100,602,-43,-677,-1149,-1342,-1220,-797,-182,475,1011,1304,1287,954,382,-275,-854,-1227,-1299,-1055,-548,93,703,1136,1292,1134,694,86,-547,-1047,-1279,-1197,-822,-244,386,912,1219,1229,931,398,-227,-783,-1134,-1207,-979,-512,83,648,1049,1189,1020,598,28,-549,-984,-1165,-1052,-681,-129,462,936,1177,1114,767,225,-379,-894,-1191,-1190,-892,-369,259,829,1203,1279,1040,552,-80,-710,-1174,-1349,-1199,-761,-130,534,1075,1362,1321,969,383,-307,-922,-1317,-1408,-1160,-636,38,706,1211,1418,1285,847,0,-469,-1040,-1361,-1367,-1044,-463,227,859,1276,1392,1175,677,12,-659,-1172,-1401,-1292,-879,-248,451,1035,1368,1392,1081,497,-210,-871,-1328,-1476,-1273,-769,-83,628,1201,1483,1424,1029,397,-335,-991,-1424,-1520,-1249,-688,25,737,1280,1529,1412,975,315,-422,-1065,-1453,-1495,-1194,-629,81,775,1286,1489,1347,895,247,-462,-1060,-1406,-1414,-1108,-556,120,777,1241,1416,1276,849,239,-416,-978,-1319,-1356,-1091,-593,20,619,1074,1279,1202,870,355,-216,-719,-1060,-1162,-1010,-651,-171,325,736,974,998,809,464,40,-375,-699,-866,-843,-654,-346,15,350,607,739,725,580,339,63,-198,-407,-530,-557,-494,-373,-222,0,0,0,0,0,-184,-349,-483,-560,-551,-449,-249,20,310,564,732,778,669,422,81,-296,-635,-854,-899,-762,-461,-45,397,768,991,998,788,409,-78,-571,-947,-1124,-1065,-760,-271,297,812,1157,1257,1081,655,69,-542,-1052,-1332,-1316,-1008,-474,176,804,1255,1427,1276,841,210,-486,-1067,-1410,-1447,-1147,-573,118,782,1271,1470,1333,895,265,-424,-1024,-1372,-1402,-1118,-575,91,724,1179,1356,1213,793,190,-441,-951,-1228,-1213,-914,-398,203,736,1080,1162,963,526,-35,-571,-957,-1105,-982,-612,-92,442,867,1084,1023,704,209,-339,-806,-1076,-1078,-815,-350,207,718,1058,1154,963,534,-32,-593,-1014,-1198,-1096,-725,-176,0,921,1195,1184,888,374,-238,-787,-1154,-1245,-1029,-562,46,644,1089,1270,1146,736,145,-486,-1006,-1292,-1265,-921,-361,297,888,1267,1347,1109,592,-72,-716,-1196,-1396,-1261,-821,-181,503,1062,1363,1347,1007,419,-267,-883,-1278,-1367,-1128,-626,24,663,1134,1322,1191,769,167,-468,-985,-1256,-1216,-869,-322,295,828,1156,1201,941,449,-142,-690,-1069,-1174,-992,-573,-16,540,952,1119,1013,662,156,-376,-809,-1036,-1002,-721,-268,242,678,933,948,730,330,-141,-570,-842,-893,-710,-354,88,498,775,848,701,368,-67,-481,-762,-849,-719,-400,30,464,779,891,777,463,19,-441,-798,-956,-873,-569,-109,390,0,0
61755,mtk,MTK 7916,864457775,rx2-tx1,512,0,0,0,623,113,-434,-887,-1136,-1108,-820,-338,232,757,1096,1176,980,556,-3,-557,-972,-1158,-1075,-735,-218,344,816,1089,1106,852,394,-148,-647,-979,-1073,-895,-503,-2,498,870,1024,910,572,106,-391,-791,-977,-911,-612,-156,334,742,963,934,660,215,-284,-729,-1001,-1011,-763,-323,200,686,1009,1082,887,475,-67,-597,-980,-1130,-999,-618,-87,491,944,1158,1090,756,235,-362,-882,-1181,-1201,-933,-415,214,799,1197,1305,1121,664,32,-616,-1122,-1364,-1289,-914,-325,347,935,1311,1386,1139,627,-35,-685,-1171,-1381,-1267,-859,-264,388,936,1270,1314,1048,554,-54,-649,-1083,-1254,-1135,-764,-227,345,821,1089,0,859,434,-79,-552,-870,-973,-840,-512,-73,366,694,836,765,510,140,-256,-579,-744,-708,-499,-169,195,503,676,673,490,170,-187,-492,-670,-665,-488,-179,192,518,713,730,561,224,-189,-573,-841,-903,-740,-400,70,551,913,1064,976,650,158,-382,-856,-1146,-1171,-931,-482,94,669,1096,1287,1193,817,242,-377,-915,-1266,-1354,-1127,-646,-28,602,1105,1367,1335,1018,487,-149,-743,-1171,-1351,-1244,-876,-340,264,787,1127,1224,1055,678,179,-340,-764,-1015,-1046,-855,-490,-43,395,726,889,857,656,325,-63,-418,-658,-760,-715,-529,-251,63,351,564,662,632,498,300,73,-140,-309,-404,-425,-387,0,0,0,0,0,120,-37,-208,-374,-508,-567,-531,-406,-196,65,318,520,631,622,489,252,-42,-333,-561,-675,-646,-478,-195,130,429,651,719,627,400,72,-287,-583,-752,-757,-584,-267,113,484,754,857,773,505,105,-319,-674,-892,-915,-729,-371,79,516,845,985,898,602,170,-307,-716,-963,-990,-785,-405,71,535,870,999,906,604,157,-330,-734,-965,-966,-748,-358,109,554,864,957,831,508,64,-388,-735,-898,-861,-611,-209,235,621,852,877,691,334,-106,-519,-811,-907,-779,-467,-47,387,737,909,861,606,205,-243,-628,-861,-889,-708,-353,82,495,786,887,776,477,58,-375,-716,-873,-815,-569,0,253,624,845,865,679,325,-107,-521,-794,-876,-752,-440,-17,401,719,857,783,509,101,-324,-667,-850,-819,-576,-175,264,642,869,886,679,293,-169,-596,-894,-969,-801,-443,27,501,856,1016,930,616,148,-368,-791,-1010,-988,-731,-293,219,677,966,1021,818,409,-89,-573,-924,-1039,-885,-518,-28,473,867,1051,964,638,148,-387,-826,-1055,-1032,-764,-299,250,738,1046,1098,881,452,-95,-629,-1016,-1153,-1013,-627,-92,475,927,1151,1104,799,296,-276,-781,-1104,-1154,-925,-479,70,593,982,1126,993,624,107,-428,-846,-1061,-1022,-728,-258,271,733,1013,1035,800,369,-151,-638,-968,-1051,-877,-489,0,0,0,0,0,926,1120,1050,723,223,-340,-832,-1125,-1147,-899,-442,120,657,1042,1180,1039,653,115,-447,-898,-1136,-1103,-802,-311,243,734,1047,1096,882,457,-70,-565,-929,-1054,-909,-544,-55,443,824,978,889,580,122,-371,-760,-960,-919,-641,-190,321,743,981,971,712,269,-249,-718,-1008,-1039,-824,-405,133,652,1006,1104,940,540,-1,-531,-951,-1152,-1052,-683,-152,422,913,1175,1143,829,306,-301,-844,-1192,-1264,-1028,-538,93,712,1169,1348,1210,777,162,-493,-1045,-1358,-1349,-1033,-476,191,818,1256,1394,1208,748,125,-528,-1064,-1341,-1295,-963,-419,216,805,1200,1308,1114,674,96,-487,-950,-1188,-1141,-829,-349,0,687,988,1050,871,492,12,-446,-778,-904,-806,-516,-116,296,624,782,738,505,156,-221,-537,-699,-679,-490,-176,183,490,667,670,490,175,-188,-502,-687,-693,-508,-176,206,557,777,803,626,289,-152,-578,-877,-978,-853,-512,-33,480,897,1113,1078,798,322,-243,-765,-1130,-1244,-1076,-649,-68,535,1030,1308,1287,982,453,-186,-784,-1211,-1380,-1250,-845,-259,386,946,1302,1376,1157,696,97,-509,-1001,-1271,-1271,-1002,-522,39,565,952,1132,1078,788,342,-144,-576,-869,-967,-859,-575,-186,227,572,779,818,701,443,99,-244,-523,-686,-712,-605,-395,-125,151,378,521,571,522,402,246,81,-69,0,0,0,0,0,408,455,441,354,195,-11,-238,-445,-578,-618,-547,-362,-108,172,429,608,663,581,375,83,-235,-505,-666,-687,-563,-310,24,359,617,738,696,493,172,-198,-538,-765,-818,-685,-393,0,407,730,894,853,625,251,-192,-598,-872,-954,-814,-498,-53,411,783,981,956,713,300,-185,-622,-918,-1003,-849,-502,-45,430,802,987,947,688,265,-214,-637,-912,-971,-795,-442,19,462,785,928,846,561,143,-302,-668,-877,-869,-647,-276,167,575,838,900,745,396,-41,-457,-781,-919,-823,-536,-132,312,687,896,888,663,282,-161,-557,-821,-887,-741,-418,11,435,749,880,794,524,130,-310,-679,0,-857,-634,-257,186,577,831,885,719,382,-44,-455,-754,-865,-768,-478,-69,357,687,843,796,540,146,-289,-653,-860,-844,-610,-231,219,630,884,930,741,361,-111,-560,-887,-1005,-874,-526,-48,449,840,1029,968,674,220,-287,-730,-1000,-1014,-775,-354,153,625,945,1031,855,466,-33,-523,-890,-1038,-931,-578,-86,428,847,1058,1002,703,217,-324,-778,-1051,-1076,-832,-376,175,682,1034,1136,954,538,-13,-563,-971,-1151,-1061,-714,-188,384,863,1136,1139,870,395,-170,-696,-1049,-1145,-967,-568,-37,509,919,1101,1013,680,183,-346,-792,-1037,-1026,-762,-310,219,679,977,1041,842,420,-103,-594,-938,0,0
61756,mtk,MTK 7916,864497160,rx0-tx0,512,-330,-278,-95,-354,-627,-833,-960,-983,-914,-755,-528,-254,48,344,611,807,924,954,898,754,542,280,-7,-290,-566,-776,-913,-962,-924,-800,-592,-337,-38,282,555,783,940,997,968,842,627,361,49,-268,-566,-801,-961,-1033,-974,-841,-624,-341,-38,275,559,779,929,988,946,824,610,356,70,-231,-507,-726,-879,-943,-924,-817,-637,-389,-111,186,464,686,844,934,934,840,660,404,122,-177,-451,-678,-847,-925,-915,-807,-612,-375,-98,178,436,652,794,857,827,729,561,351,94,-153,-383,-581,-706,-757,-758,-680,-535,-340,-130,97,317,489,627,698,707,651,530,374,172,-45,-248,-433,-584,-673,-26,-667,-558,-406,-210,18,237,427,583,691,724,685,589,428,214,-4,-240,-455,-614,-724,-750,-708,-596,-417,-196,46,285,499,660,746,761,701,559,378,155,-91,-328,-531,-678,-750,-750,-675,-537,-341,-118,127,356,555,698,767,752,672,511,295,56,-194,-428,-629,-758,-800,-759,-633,-430,-181,82,341,561,710,781,757,634,451,223,-41,-276,-475,-602,-654,-625,-531,-372,-182,16,186,329,428,464,445,389,297,175,51,-69,-171,-239,-284,-293,-275,-236,-180,-112,-41,30,96,149,180,201,206,189,148,95,40,-21,-80,-140,-180,-198,-193,-157,-102,-28,53,118,161,163,135,-784,-531,510,350,518,131,71,-23,-118,-199,-255,-268,-239,-176,-89,21,122,210,280,307,317,284,216,118,16,-100,-208,-299,-371,-409,-404,-362,-272,-137,19,182,346,467,556,594,552,448,281,74,-152,-391,-591,-725,-792,-769,-647,-443,-188,105,400,663,862,968,960,847,631,333,-9,-359,-670,-925,-1074,-1103,-1010,-796,-494,-132,248,607,897,1094,1162,1118,935,644,291,-88,-462,-788,-1029,-1152,-1157,-1050,-817,-502,-140,230,580,863,1074,1163,1114,978,735,400,34,-328,-658,-922,-1100,-1150,-1081,-903,-637,-301,60,403,730,974,1103,1119,1027,835,546,212,-154,-490,-773,-978,-1085,-1079,-956,-750,-460,-126,301,529,779,954,1040,1026,913,708,440,138,-174,-477,-739,-922,-1010,-1025,-930,-741,-492,-179,150,465,751,961,1064,1071,980,774,491,177,-167,-493,-763,-958,-1074,-1079,-974,-775,-517,-202,143,461,743,958,1089,1111,1034,851,591,264,-81,-419,-738,-990,-1136,-1174,-1100,-924,-641,-294,64,433,773,1034,1184,1228,1148,948,663,298,-95,-489,-818,-1076,-1221,-1236,-1134,-913,-601,-236,154,525,838,1068,1176,1180,1053,843,550,203,-160,-500,-793,-993,-1103,-1108,-991,-798,-527,-206,127,445,722,926,1039,1050,958,771,526,213,-97,-418,-675,-876,-993,-1012,-938,-762,-532,-239,77,380,641,838,964,990,-153,203,-82,649,875,-925,-772,-538,-253,60,356,624,817,940,964,897,749,522,255,-35,-321,-578,-775,-913,-945,-907,-773,-563,-308,-21,270,542,763,907,981,943,807,614,345,49,-259,-553,-780,-940,-1010,-978,-852,-630,-359,-26,291,571,806,958,1007,966,824,605,339,28,-265,-541,-757,-892,-959,-934,-816,-622,-371,-83,204,474,702,858,938,924,823,635,407,130,-165,-448,-688,-856,-936,-930,-824,-645,-399,-115,176,452,672,824,894,867,764,579,350,88,-174,-416,-606,-745,-803,-783,-700,-549,-334,-114,122,350,540,664,724,731,656,521,357,145,-66,-280,-462,-600,-691,-701,-647,-545,-386,-190,628,232,421,571,675,711,666,570,423,225,-6,-224,-424,-596,-700,-738,-715,-597,-427,-212,26,261,476,634,734,758,714,592,399,171,-70,-319,-519,-662,-749,-752,-687,-550,-358,-129,115,341,536,678,753,756,677,532,330,89,-156,-388,-590,-718,-773,-764,-669,-499,-258,8,260,489,667,765,782,716,561,342,83,-192,-426,-597,-714,-736,-665,-513,-312,-85,132,329,476,556,565,511,410,264,96,-58,-184,-287,-352,-371,-359,-299,-224,-133,-38,48,127,183,222,233,227,203,156,103,46,-18,-78,-135,-171,-193,-197,-185,-148,-88,-23,51,116,164,193,183,143,77,0,-61,616,376,-82,663,501,-142,-199,-227,-206,-150,-64,41,138,221,280,301,275,223,136,40,-66,-173,-264,-321,-355,-355,-314,-239,-136,-4,130,258,374,455,488,476,409,280,123,-76,-280,-461,-598,-672,-685,-623,-466,-261,-6,266,528,723,852,885,822,667,417,108,-225,-539,-805,-985,-1056,-998,-841,-581,-242,128,497,806,1023,1132,1121,978,727,382,9,-369,-718,-977,-1133,-1168,-1082,-880,-585,-226,154,523,836,1047,1153,1138,1000,765,458,86,-282,-617,-910,-1087,-1150,-1095,-941,-685,-354,18,376,697,948,1106,1136,1062,881,591,252,-104,-447,-757,-980,-1105,-1110,-1000,-795,-509,-175,182,511,786,982,1066,-176,930,714,435,125,-197,-496,-756,-935,-1020,-1009,-910,-718,-457,-158,148,466,731,934,1046,1047,961,779,507,178,-151,-483,-764,-962,-1070,-1090,-981,-777,-507,-197,153,481,751,952,1078,1092,999,817,552,231,-105,-440,-738,-969,-1110,-1132,-1070,-902,-629,-292,70,427,753,1012,1154,1195,1133,941,656,301,-76,-461,-793,-1041,-1207,-1250,-1158,-950,-646,-273,119,504,841,1081,1208,1216,1098,877,560,209,-167,-517,-806,-1030,-1139,-1140,-1030,-818,-532,-202,150,481,750,963,1065,1072,974,785,521,211,-112,-433,-696,-904,-1010,-1026,-941,-764,-529,-229,88,397,654,853,979,1003,924,757,523,238,-85,592,644
61757,mtk,MTK 7916,864497160,rx0-tx1,512,-686,32,-152,-628,-685,-677,-598,-465,-281,-67,146,341,501,602,650,634,544,417,254,56,-136,-300,-439,-537,-586,-575,-521,-414,-273,-117,49,220,364,475,548,568,544,468,348,202,37,-137,-302,-446,-539,-599,-609,-550,-439,-286,-101,93,280,453,584,663,675,622,508,346,138,-82,-291,-486,-630,-711,-721,-661,-534,-354,-138,96,315,507,649,723,732,665,527,348,125,-104,-323,-513,-648,-720,-719,-650,-525,-338,-119,106,312,487,620,690,696,627,502,328,124,-95,-298,-470,-589,-662,-675,-614,-487,-327,-131,84,279,442,576,644,653,601,479,321,130,-64,-265,-439,-570,-646,-649,-583,-38,-313,-114,86,280,453,577,644,645,579,464,292,96,-102,-306,-471,-585,-651,-652,-579,-448,-274,-67,142,344,502,623,669,646,550,403,217,6,-203,-393,-535,-616,-638,-601,-499,-339,-146,43,242,401,528,596,587,530,431,280,104,-78,-253,-394,-497,-556,-549,-493,-394,-254,-87,83,243,373,482,537,532,475,365,232,56,-116,-282,-416,-509,-539,-515,-441,-310,-141,45,212,355,458,516,508,439,333,188,16,-147,-285,-391,-454,-458,-417,-322,-190,-49,103,231,334,395,402,364,277,167,31,-108,-224,-312,-356,-358,-297,-203,-77,65,184,268,301,275,197,91,-27,-116,964,446,0,326,-79,-143,-175,-182,-141,-70,16,106,175,220,238,214,154,79,-14,-94,-170,-223,-240,-235,-197,-140,-62,29,109,173,220,236,224,190,141,67,-6,-84,-148,-177,-195,-201,-178,-138,-87,-42,8,57,91,123,137,150,159,147,130,107,64,19,-41,-95,-145,-190,-224,-225,-209,-166,-104,-32,56,131,194,240,260,264,230,162,101,24,-60,-138,-201,-245,-271,-267,-251,-207,-138,-59,27,111,194,266,309,317,306,258,190,92,-21,-135,-232,-317,-373,-389,-359,-295,-196,-77,57,184,287,369,412,418,369,301,190,54,-83,-207,-320,-398,-438,-443,-393,-302,-190,-51,96,234,-48,423,466,458,411,332,212,58,-90,-237,-366,-463,-510,-511,-462,-366,-229,-67,114,276,412,511,563,554,482,366,213,39,-142,-313,-446,-536,-571,-552,-487,-367,-219,-46,125,289,432,529,580,574,506,410,266,94,-79,-255,-416,-529,-602,-611,-570,-474,-329,-149,49,246,421,557,653,680,638,535,378,184,-38,-260,-461,-620,-709,-746,-696,-577,-399,-179,58,304,512,671,763,768,699,564,369,146,-104,-338,-536,-677,-752,-745,-676,-531,-330,-111,119,333,515,643,715,717,644,508,328,114,-108,-324,-506,-640,-707,-709,-641,-506,-324,-115,118,330,504,632,701,697,623,490,510,665,9,-1233,-1208,-287,-83,133,337,510,626,677,654,576,435,255,61,-147,-331,-471,-575,-620,-594,-520,-403,-251,-78,97,262,405,504,554,562,520,432,308,154,-12,-178,-328,-452,-539,-581,-569,-510,-394,-244,-78,113,293,445,564,628,634,584,485,327,133,-80,-284,-466,-612,-696,-702,-648,-528,-352,-143,80,303,494,638,719,730,661,537,347,131,-94,-325,-510,-647,-724,-725,-661,-529,-341,-126,107,324,507,641,703,698,629,502,326,118,-103,-308,-480,-607,-681,-684,-616,-491,-321,-134,79,290,456,580,653,659,593,482,324,127,-69,-271,-446,-570,-644,-651,-604,-482,-319,-124,82,273,634,574,644,643,590,471,301,105,-98,-287,-454,-581,-636,-639,-581,-457,-289,-92,128,329,484,596,653,650,569,436,255,45,-174,-373,-528,-630,-661,-622,-526,-363,-178,22,226,404,538,605,617,569,453,305,115,-77,-242,-396,-509,-569,-572,-512,-400,-261,-92,83,239,376,478,531,527,474,376,246,71,-99,-259,-390,-488,-539,-525,-466,-356,-201,-25,151,315,447,523,539,487,397,257,89,-95,-248,-375,-462,-497,-464,-382,-264,-110,44,191,318,399,437,421,352,249,113,-31,-166,-276,-348,-387,-365,-303,-197,-70,68,195,279,335,328,265,164,38,-88,-184,-236,-233,-171,-1043,-1000,0,224,223,-80,-21,62,144,196,217,199,141,66,-21,-114,-181,-230,-243,-223,-180,-106,-24,61,145,205,246,247,219,173,104,23,-60,-132,-189,-224,-224,-209,-161,-102,-45,19,80,128,152,168,178,163,138,106,63,28,-21,-68,-104,-136,-165,-179,-190,-176,-149,-100,-36,35,105,176,221,251,248,220,169,100,21,-60,-152,-211,-249,-270,-263,-228,-176,-110,-28,45,120,194,253,284,291,273,233,167,74,-21,-121,-211,-287,-341,-361,-345,-294,-208,-92,36,158,265,350,401,408,369,298,197,69,-74,-201,-306,-392,-429,-421,-379,-302,-186,-54,87,228,331,409,451,448,393,-1135,202,59,-93,-223,-344,-438,-486,-482,-438,-350,-219,-68,91,254,389,487,544,541,479,371,224,49,-134,-302,-434,-530,-568,-555,-483,-364,-211,-34,137,298,432,521,567,560,498,385,232,69,-113,-274,-416,-530,-585,-584,-540,-433,-292,-124,63,244,413,545,625,644,605,504,357,170,-40,-246,-437,-590,-684,-713,-668,-569,-394,-186,46,278,478,638,738,763,707,575,389,156,-91,-325,-528,-677,-760,-767,-686,-545,-351,-120,117,340,533,663,729,729,654,511,325,115,-114,-331,-512,-643,-713,-707,-641,-509,-330,-115,109,328,510,634,701,704,628,498,319,103,-124,-336,-518,-384,-93
61758,mtk,MTK 7916,864497160,rx1-tx0,512,0,-391,423,-458,-329,-170,11,189,356,497,594,642,624,551,427,239,45,-167,-379,-552,-680,-751,-748,-662,-512,-312,-62,201,449,654,803,869,852,737,553,302,16,-281,-555,-775,-921,-976,-928,-777,-544,-251,61,377,658,854,980,996,917,744,495,184,-133,-436,-700,-876,-965,-968,-868,-691,-449,-162,137,424,666,840,937,941,854,686,458,175,-114,-404,-653,-849,-941,-951,-856,-688,-453,-169,137,426,670,844,938,928,831,647,412,133,-168,-453,-676,-837,-913,-897,-791,-597,-353,-73,215,468,678,806,855,812,688,506,269,2,-246,-462,-627,-727,-758,-708,-595,-425,-209,15,230,415,-277,623,641,596,508,362,193,16,-157,-326,-455,-532,-559,-553,-489,-380,-244,-90,85,239,362,469,528,541,511,432,301,152,-21,-189,-338,-465,-539,-571,-553,-478,-358,-203,-29,146,308,455,553,615,607,546,433,276,87,-126,-327,-502,-637,-704,-700,-640,-508,-310,-68,192,431,629,772,825,802,681,477,218,-75,-357,-613,-801,-890,-881,-768,-563,-297,4,299,553,739,842,839,751,576,331,54,-198,-433,-611,-716,-733,-665,-526,-339,-112,103,307,469,578,621,586,491,343,156,-36,-214,-368,-480,-522,-507,-433,-304,-135,44,216,356,444,456,401,279,117,-46,-196,-287,-305,-1181,-1542,0,-521,-435,-63,-48,-19,17,53,84,105,108,105,71,34,-3,-50,-86,-108,-128,-129,-114,-85,-50,-8,39,76,117,136,151,153,130,100,56,6,-45,-96,-139,-176,-195,-201,-192,-159,-97,-16,65,134,210,269,302,313,275,203,109,3,-129,-250,-352,-425,-430,-399,-319,-191,-28,141,295,427,511,534,484,397,254,73,-124,-307,-451,-548,-567,-540,-450,-301,-116,74,252,411,523,577,556,471,342,172,-11,-197,-345,-449,-512,-513,-469,-362,-228,-77,87,226,330,389,414,401,344,264,162,50,-46,-155,-232,-289,-325,-332,-311,-283,-223,-136,-47,50,151,243,308,351,369,350,489,203,96,-27,-152,-275,-365,-427,-445,-415,-352,-249,-115,29,177,309,408,482,493,455,379,264,126,-32,-196,-331,-443,-514,-523,-493,-413,-290,-133,33,204,353,466,541,563,523,441,314,146,-29,-203,-363,-484,-556,-588,-554,-465,-342,-189,-6,176,342,474,569,606,587,512,397,232,48,-137,-332,-481,-595,-656,-656,-602,-473,-309,-94,143,357,547,682,747,740,652,487,275,30,-219,-458,-630,-736,-778,-731,-601,-421,-189,56,286,483,624,699,694,630,498,328,136,-71,-261,-421,-536,-603,-609,-546,-445,-311,-158,14,188,329,445,515,542,535,473,367,226,71,-88,-252,122,-167,0,-1627,-1684,369,485,572,598,573,499,374,209,20,-177,-355,-526,-635,-682,-684,-607,-470,-286,-69,173,409,602,744,821,804,713,546,319,46,-239,-502,-714,-867,-926,-897,-765,-554,-286,20,329,608,825,954,991,929,756,512,216,-107,-409,-680,-877,-982,-981,-897,-714,-456,-170,135,427,673,862,958,956,863,689,454,174,-128,-416,-652,-838,-935,-945,-863,-703,-463,-175,126,422,661,839,939,944,853,677,438,145,-154,-441,-672,-843,-927,-929,-818,-630,-384,-98,188,459,681,828,897,858,739,549,309,42,-229,-464,-652,-779,-810,-760,-638,-458,-240,1,232,433,589,683,701,658,539,315,199,-9,-197,-370,-500,-565,-588,-568,-494,-363,-207,-51,112,272,402,487,543,548,488,404,281,120,-48,-209,-362,-471,-534,-559,-529,-460,-333,-173,-6,166,327,460,552,586,567,501,388,241,66,-131,-317,-473,-589,-655,-657,-591,-470,-299,-82,140,357,554,699,775,771,678,515,283,17,-252,-519,-724,-848,-877,-807,-655,-410,-119,188,472,699,844,895,834,678,447,167,-119,-385,-606,-756,-795,-752,-639,-453,-215,33,272,461,605,671,652,576,432,249,36,-169,-344,-479,-552,-556,-505,-407,-251,-67,113,275,408,483,491,436,315,151,-27,-195,-327,-392,-389,-312,-181,-34,935,74,0,-19,81,30,60,82,87,77,52,16,-18,-57,-93,-109,-123,-119,-90,-57,-19,30,71,105,124,137,130,114,88,49,11,-43,-91,-129,-154,-164,-165,-148,-119,-72,-15,44,104,166,216,247,244,223,179,106,24,-77,-185,-268,-323,-367,-367,-311,-219,-88,59,198,335,437,488,472,411,292,132,-53,-231,-378,-503,-563,-560,-484,-356,-184,8,192,373,505,574,573,508,397,235,52,-144,-311,-447,-529,-552,-511,-403,-271,-115,56,216,352,428,470,457,393,296,180,53,-80,-190,-276,-334,-355,-352,-314,-246,-176,-91,5,90,173,257,311,339,345,319,258,173,78,-33,-150,-571,-348,-399,-413,-394,-332,-237,-113,29,166,290,393,450,467,440,370,261,120,-39,-185,-316,-423,-490,-515,-475,-392,-278,-125,34,192,345,460,528,543,516,423,299,138,-35,-206,-349,-475,-547,-566,-537,-455,-327,-163,10,199,349,473,562,593,563,481,359,203,22,-158,-326,-467,-581,-624,-623,-554,-425,-270,-76,128,330,504,624,709,704,636,497,294,62,-180,-415,-600,-724,-776,-754,-640,-450,-231,11,258,473,632,735,746,690,554,367,144,-80,-287,-467,-584,-650,-648,-585,-466,-314,-139,47,229,375,490,552,578,537,454,330,181,31,-129,-284,-417,-501,-543,-547,-513,420,458
61759,mtk,MTK 7916,864497160,rx1-tx1,512,0,0,0,274,549,711,713,562,296,-34,-360,-607,-730,-700,-535,-252,90,401,613,699,635,436,151,-166,-444,-610,-637,-534,-306,-8,285,508,615,580,412,149,-151,-404,-571,-613,-504,-290,-5,299,526,634,605,434,159,-154,-435,-621,-673,-582,-362,-47,294,566,711,708,551,282,-56,-397,-647,-761,-719,-522,-209,151,473,691,766,679,444,110,-243,-545,-721,-742,-610,-339,8,345,609,743,723,544,239,-119,-443,-673,-765,-694,-483,-176,174,490,698,753,656,422,97,-228,-504,-672,-696,-579,-347,-49,257,504,640,643,512,278,-7,-287,-489,-581,-556,-425,-208,40,267,434,497,453,0,123,-76,-252,-358,-372,-302,-165,4,151,264,299,245,140,-4,-151,-256,-294,-255,-145,5,158,286,358,333,227,62,-128,-305,-420,-454,-382,-214,8,237,432,549,549,429,219,-45,-317,-543,-649,-630,-488,-226,94,395,620,732,697,516,230,-111,-438,-681,-788,-740,-536,-226,132,474,727,831,778,566,246,-124,-480,-746,-861,-813,-605,-280,100,451,712,840,809,626,328,-31,-370,-638,-787,-779,-621,-358,-40,274,537,688,705,598,376,92,-188,-423,-574,-612,-539,-375,-149,95,306,454,512,475,360,189,-8,-194,-330,-412,-421,-363,-250,-107,35,157,244,289,291,256,192,0,0,0,0,0,105,-18,-160,-313,-448,-531,-542,-473,-324,-117,125,369,570,685,693,586,375,83,-234,-511,-714,-798,-736,-542,-240,109,443,700,826,805,626,310,-65,-423,-706,-859,-844,-662,-334,75,465,761,920,904,693,338,-89,-506,-833,-997,-959,-724,-336,122,556,888,1051,999,737,316,-160,-599,-926,-1057,-968,-695,-279,206,649,960,1063,943,633,192,-287,-711,-986,-1047,-886,-545,-71,407,794,1024,1038,823,426,-63,-535,-904,-1080,-1034,-776,-335,181,656,1003,1150,1050,713,223,-305,-788,-1119,-1225,-1067,-682,-146,418,897,1208,1282,1092,676,120,-466,-956,-1258,-1305,-1085,-639,-60,513,972,1238,0,1001,544,-24,-582,-1011,-1222,-1190,-907,-431,149,691,1070,1220,1131,789,269,-308,-821,-1162,-1255,-1081,-677,-124,454,937,1224,1269,1041,577,5,-572,-1041,-1283,-1250,-970,-483,106,662,1078,1273,1198,873,373,-197,-727,-1091,-1220,-1094,-735,-231,314,787,1067,1112,925,538,36,-464,-854,-1051,-1012,-747,-311,190,651,967,1075,946,613,142,-365,-794,-1053,-1093,-892,-497,-4,487,872,1073,1057,826,419,-81,-553,-898,-1058,-1002,-740,-324,150,577,868,972,877,607,212,-208,-568,-794,-845,-714,-434,-78,278,560,707,686,517,243,-78,-377,-586,-648,-549,-331,-42,258,497,617,593,438,173,-142,-417,0,0,0,0,0,-642,-460,-168,161,467,679,737,647,427,115,-225,-514,-689,-716,-589,-344,-38,277,532,657,643,492,232,-77,-363,-559,-625,-546,-351,-76,219,461,589,588,459,223,-77,-354,-551,-625,-552,-351,-71,224,480,631,637,504,259,-62,-375,-605,-709,-655,-454,-157,182,487,690,760,659,396,58,-281,-575,-749,-757,-603,-327,20,358,624,762,723,527,233,-114,-447,-674,-752,-672,-447,-120,234,534,727,758,623,360,24,-318,-589,-740,-740,-578,-298,42,375,620,731,695,517,237,-93,-397,-609,-694,-636,-442,-162,137,400,574,622,552,366,106,-165,-389,-518,-538,-449,-274,-57,151,0,419,414,318,163,-21,-190,-287,-318,-275,-154,-5,139,250,282,236,130,-8,-160,-269,-317,-291,-185,-21,155,301,386,386,294,126,-72,-281,-446,-509,-466,-322,-95,164,402,565,616,539,351,84,-211,-464,-641,-697,-600,-376,-73,254,545,727,763,642,384,52,-293,-590,-784,-819,-677,-401,-57,312,635,828,847,710,443,89,-293,-614,-816,-861,-740,-474,-120,245,559,771,839,740,504,185,-163,-476,-687,-764,-695,-501,-225,81,361,566,660,631,485,253,-16,-264,-452,-553,-551,-443,-266,-57,151,329,444,469,413,296,136,-41,-203,-314,-369,-368,-318,-229,-123,-18,73,136,0,0,0,0,0,344,399,405,349,236,75,-130,-335,-505,-617,-639,-555,-376,-125,161,433,644,747,721,573,322,0,-337,-614,-789,-823,-700,-450,-112,253,578,794,861,756,499,143,-246,-599,-833,-901,-788,-522,-133,289,648,884,966,842,536,119,-330,-725,-975,-1031,-883,-554,-106,367,767,1017,1068,892,532,70,-414,-805,-1026,-1047,-850,-464,3,477,846,1035,1012,775,364,-112,-565,-903,-1051,-969,-683,-252,236,671,970,1075,941,607,143,-369,-798,-1058,-1105,-912,-517,-12,498,915,1155,1149,897,455,-87,-624,-1049,-1252,-1196,-903,-425,147,708,1125,1308,1228,912,401,-189,-743,-1142,-1307,-1205,-854,-321,0,791,1146,1266,1123,743,206,-371,-863,-1165,-1226,-1035,-615,-61,508,964,1207,1191,932,470,-97,-649,-1064,-1257,-1188,-865,-353,237,772,1152,1291,1164,793,252,-352,-870,-1205,-1292,-1111,-700,-149,434,913,1199,1230,1005,574,26,-514,-935,-1158,-1126,-855,-405,122,612,966,1097,972,643,181,-325,-757,-1020,-1052,-840,-452,30,522,909,1077,1019,750,314,-200,-664,-991,-1104,-995,-682,-212,305,742,1012,1086,935,585,128,-350,-753,-991,-1017,-831,-479,-47,386,729,900,874,675,340,-52,-417,-683,-788,-712,-494,-181,167,467,646,667,534,282,-21,-315,-540,-628,-565,-377,-99,208,467,615,630,507,0,0
61760,mtk,MTK 7916,864497160,rx2-tx0,512,0,0,0,524,924,1141,1115,842,381,-174,-706,-1094,-1263,-1168,-821,-288,315,850,1206,1318,1152,740,167,-439,-960,-1275,-1318,-1084,-619,-12,591,1067,1324,1295,980,467,-153,-739,-1155,-1321,-1202,-829,-278,343,878,1218,1297,1089,644,59,-535,-1011,-1263,-1243,-949,-439,161,716,1113,1268,1143,762,220,-365,-865,-1174,-1223,-998,-558,6,562,982,1185,1124,809,311,-248,-748,-1080,-1163,-987,-587,-53,496,930,1153,1114,825,350,-216,-740,-1095,-1210,-1057,-667,-123,458,946,1232,1248,991,514,-88,-675,-1113,-1324,-1254,-905,-351,274,850,1258,1396,1230,809,213,-432,-993,-1342,-1403,-1174,-701,-78,566,1098,1386,1383,1089,0,-72,-704,-1181,-1402,-1330,-971,-405,242,826,1238,1394,1249,828,235,-408,-970,-1325,-1396,-1174,-699,-66,588,1119,1399,1395,1106,570,-91,-730,-1223,-1462,-1399,-1046,-453,230,864,1323,1509,1385,965,344,-344,-961,-1385,-1527,-1349,-885,-231,452,1043,1428,1519,1290,799,149,-526,-1090,-1434,-1478,-1218,-711,-64,592,1120,1416,1416,1129,609,-29,-660,-1147,-1396,-1371,-1062,-541,77,674,1130,1364,1328,1027,532,-50,-620,-1058,-1279,-1250,-988,-543,-11,517,926,1143,1135,916,535,68,-393,-765,-979,-995,-835,-528,-135,265,597,810,859,759,540,230,-106,-400,-617,-724,-707,-586,-382,-144,91,289,423,480,471,403,0,0,0,0,0,422,405,330,183,-21,-246,-463,-632,-715,-696,-561,-315,-6,322,611,804,869,782,534,180,-222,-599,-871,-993,-930,-685,-298,156,596,940,1106,1063,812,391,-124,-631,-1033,-1238,-1199,-924,-464,109,677,1113,1339,1306,1008,510,-99,-700,-1172,-1410,-1372,-1064,-536,111,732,1210,1455,1410,1072,521,-132,-758,-1233,-1458,-1391,-1045,-494,157,769,1216,1410,1317,958,400,-228,-800,-1193,-1333,-1195,-812,-266,325,839,1154,1223,1041,632,93,-448,-879,-1119,-1115,-866,-425,105,592,944,1091,998,681,207,-308,-758,-1039,-1088,-903,-514,-7,508,921,1140,1104,828,370,-168,-682,-1055,-1204,-1096,-745,-237,328,828,0,1225,1036,624,76,-486,-945,-1214,-1226,-969,-492,85,645,1074,1275,1192,849,319,-289,-837,-1208,-1328,-1159,-740,-158,464,997,1316,1352,1102,617,-6,-628,-1125,-1381,-1340,-1022,-480,169,774,1215,1402,1290,901,321,-325,-889,-1265,-1372,-1176,-735,-141,476,978,1267,1282,1022,540,-59,-639,-1063,-1246,-1157,-816,-300,279,781,1109,1196,1019,626,91,-455,-892,-1129,-1112,-853,-421,104,596,952,1093,995,679,217,-279,-706,-963,-1005,-830,-474,-18,429,769,928,872,620,227,-208,-580,-811,-857,-707,-387,15,413,715,849,780,527,152,-260,-617,-837,-871,-696,-356,77,496,807,942,862,585,173,-297,-713,0,0,0,0,0,-991,-658,-173,364,838,1142,1205,1011,596,48,-519,-994,-1262,-1263,-997,-520,66,650,1107,1323,1255,929,404,-214,-791,-1194,-1340,-1206,-816,-245,371,907,1249,1321,1109,661,65,-537,-1025,-1290,-1266,-971,-463,140,708,1121,1292,1175,802,259,-347,-879,-1211,-1274,-1059,-617,-39,544,997,1233,1205,904,401,-180,-716,-1089,-1218,-1076,-695,-164,396,867,1140,1151,897,453,-93,-624,-1007,-1163,-1053,-704,-196,358,840,1137,1174,949,508,-57,-612,-1036,-1237,-1169,-837,-309,291,832,1197,1302,1126,704,125,-489,-1011,-1321,-1347,-1081,-584,34,652,1144,1389,1338,1006,466,-187,-804,-1246,-1430,-1302,-901,-324,329,910,0,1408,1226,777,169,-473,-1016,-1341,-1376,-1125,-625,5,630,1119,1375,1337,1015,468,-181,-788,-1235,-1419,-1301,-905,-314,349,935,1334,1452,1264,805,184,-487,-1069,-1429,-1482,-1227,-722,-57,623,1165,1473,1479,1176,624,-47,-722,-1245,-1507,-1460,-1112,-538,146,802,1289,1506,1417,1037,445,-236,-862,-1306,-1477,-1339,-934,-341,325,913,1308,1440,1273,856,265,-374,-932,-1296,-1406,-1227,-806,-239,370,904,1243,1337,1173,790,258,-316,-810,-1131,-1235,-1103,-768,-295,216,668,971,1081,994,724,322,-117,-515,-807,-934,-883,-676,-360,6,358,631,779,790,666,437,152,-138,-384,-555,-636,-618,-513,-357,-181,-11,135,0,0,0,0,0,81,242,395,527,601,588,477,280,23,-255,-519,-721,-804,-748,-567,-273,85,442,738,912,918,751,434,32,-398,-766,-995,-1049,-902,-564,-102,394,824,1108,1181,1029,666,153,-401,-884,-1212,-1309,-1147,-746,-195,402,936,1295,1392,1215,802,223,-414,-979,-1351,-1454,-1266,-826,-218,442,1022,1391,1475,1259,803,190,-464,-1032,-1378,-1434,-1208,-742,-129,504,1018,1327,1359,1101,621,25,-564,-1019,-1259,-1235,-948,-466,107,642,1026,1183,1090,761,271,-271,-738,-1036,-1113,-946,-561,-59,452,858,1075,1054,795,357,-164,-649,-991,-1118,-1000,-667,-179,355,819,1110,1165,970,567,28,-522,-963,-1201,-1178,-902,0,123,663,1059,1239,1154,812,292,-292,-809,-1161,-1268,-1095,-679,-116,475,961,1252,1278,1016,534,-64,-661,-1121,-1335,-1270,-931,-385,246,829,1238,1390,1244,830,235,-411,-964,-1319,-1399,-1182,-707,-80,555,1064,1353,1356,1064,540,-82,-679,-1132,-1337,-1247,-887,-342,266,809,1165,1269,1101,690,126,-458,-930,-1193,-1193,-936,-471,89,626,1019,1177,1078,750,262,-279,-754,-1052,-1120,-946,-564,-64,442,838,1044,1018,772,359,-121,-561,-873,-983,-862,-554,-135,305,668,868,865,670,319,-107,-497,-764,-855,-743,-452,-62,338,671,851,824,610,252,-172,-563,-834,-913,-782,-468,-46,401,765,966,953,712,0,0
61761,mtk,MTK 7916,864497160,rx2-tx1,512,0,0,0,-1040,-1121,-967,-610,-113,413,854,1126,1161,943,528,-1,-533,-948,-1166,-1135,-872,-427,113,620,985,1145,1064,752,284,-237,-703,-1007,-1095,-947,-596,-117,370,767,992,999,777,386,-82,-531,-853,-977,-876,-572,-142,316,708,937,952,745,361,-114,-567,-892,-1022,-928,-621,-166,331,756,1021,1067,879,492,-15,-525,-926,-1123,-1076,-794,-332,211,716,1069,1185,1038,662,130,-431,-902,-1188,-1229,-997,-539,39,624,1086,1314,1269,959,438,-173,-764,-1212,-1410,-1301,-923,-360,273,845,1244,1388,1253,851,274,-350,-902,-1267,-1369,-1189,-767,-201,404,923,1240,1295,1091,678,139,-414,-870,-1145,-1175,-960,-564,0,427,820,1024,1007,774,390,-53,-464,-761,-883,-807,-559,-204,193,533,742,772,622,335,-12,-347,-606,-723,-657,-442,-129,215,505,675,683,537,259,-89,-424,-664,-762,-682,-433,-76,317,662,869,892,722,385,-61,-509,-864,-1054,-1030,-787,-367,142,642,1018,1203,1140,847,381,-181,-715,-1112,-1293,-1218,-901,-392,198,751,1168,1363,1296,966,454,-144,-714,-1154,-1364,-1319,-1029,-550,31,593,1031,1278,1284,1043,619,111,-412,-845,-1107,-1147,-975,-629,-179,281,661,900,966,854,591,227,-162,-499,-730,-818,-756,-565,-276,46,340,567,682,683,580,390,153,-91,-294,-438,-509,-507,-440,-325,-193,0,0,0,0,0,-215,-94,57,233,400,524,577,553,438,247,9,-238,-455,-601,-645,-573,-399,-155,134,399,593,679,635,463,196,-102,-398,-625,-724,-685,-505,-209,135,454,689,795,750,536,204,-171,-522,-783,-889,-817,-583,-224,190,578,847,943,865,605,221,-216,-611,-889,-983,-883,-603,-195,261,658,917,988,857,551,134,-315,-695,-928,-972,-814,-494,-69,358,713,921,933,747,394,-26,-430,-744,-903,-871,-647,-280,137,522,797,897,797,528,146,-268,-628,-854,-896,-741,-426,-34,366,706,887,876,685,347,-67,-462,-758,-892,-840,-606,-244,163,537,794,883,779,500,120,-292,-640,-847,-864,0,-392,5,406,719,869,832,624,280,-119,-499,-775,-872,-773,-509,-141,260,601,805,832,671,360,-37,-430,-728,-865,-801,-556,-190,234,616,865,924,782,461,35,-404,-763,-969,-966,-745,-370,83,527,869,1024,944,660,240,-225,-652,-937,-1015,-867,-530,-74,401,782,988,982,759,359,-123,-578,-899,-1032,-938,-623,-173,315,738,1003,1050,863,485,3,-495,-887,-1093,-1060,-785,-336,180,664,1019,1146,1024,686,205,-328,-799,-1101,-1167,-981,-588,-77,451,891,1127,1120,878,459,-54,-557,-933,-1107,-1039,-748,-297,210,664,970,1070,932,580,107,-385,-786,-1022,-1032,-809,-405,82,546,899,1052,0,0,0,0,0,416,-95,-591,-973,-1147,-1075,-779,-310,227,718,1059,1183,1058,710,209,-327,-792,-1092,-1162,-982,-598,-95,421,850,1095,1095,862,452,-51,-535,-896,-1053,-984,-699,-261,225,650,920,988,828,480,38,-418,-785,-956,-909,-655,-242,216,626,917,995,840,490,24,-449,-828,-1034,-1014,-767,-336,173,649,986,1108,983,642,155,-375,-828,-1100,-1128,-911,-489,50,575,993,1206,1139,819,327,-253,-787,-1159,-1291,-1150,-752,-188,420,947,1283,1352,1148,702,92,-540,-1057,-1357,-1375,-1113,-628,-13,612,1099,1357,1337,1045,534,-79,-659,-1106,-1329,-1269,-957,-460,124,677,1087,1265,1174,843,364,-169,-660,-1000,0,-1007,-700,-252,234,642,896,954,811,501,92,-324,-651,-810,-786,-590,-275,91,431,664,743,644,396,59,-278,-546,-692,-677,-492,-196,148,457,657,711,598,334,-27,-390,-675,-821,-776,-553,-201,211,610,894,990,878,575,137,-355,-794,-1077,-1139,-982,-614,-105,427,895,1190,1245,1053,647,103,-474,-972,-1277,-1331,-1122,-693,-121,471,979,1305,1380,1189,777,206,-396,-907,-1254,-1366,-1217,-849,-318,251,744,1095,1245,1146,843,399,-101,-567,-902,-1056,-1010,-785,-422,5,408,713,870,865,703,415,67,-273,-549,-719,-759,-663,-457,-189,96,348,533,620,609,519,360,167,-20,-172,-276,-331,0,0,0,0,0,-357,-446,-484,-459,-365,-209,-1,215,407,557,627,591,447,222,-44,-303,-515,-638,-651,-540,-319,-38,261,505,659,689,582,353,48,-274,-550,-722,-753,-632,-374,-32,324,631,817,833,682,391,13,-376,-697,-891,-911,-739,-418,-9,407,750,943,955,776,421,-18,-444,-787,-975,-964,-745,-373,62,479,813,980,947,714,330,-114,-538,-846,-968,-892,-641,-257,184,575,848,942,823,539,135,-289,-638,-856,-888,-722,-410,-8,400,713,880,859,639,282,-123,-504,-787,-912,-831,-571,-202,217,595,838,903,776,486,94,-311,-653,-859,-873,-702,-382,21,414,725,879,837,616,262,-148,0,-792,-875,-774,-516,-141,262,608,827,869,711,403,15,-373,-688,-846,-810,-602,-257,153,524,773,848,735,457,76,-336,-682,-869,-861,-671,-332,99,520,829,960,879,605,202,-250,-663,-940,-1009,-864,-528,-82,383,773,997,996,776,389,-79,-532,-867,-1010,-931,-646,-215,270,687,951,1016,858,498,22,-452,-828,-1024,-999,-752,-329,170,637,965,1080,961,635,168,-343,-783,-1065,-1124,-918,-511,-8,507,914,1131,1110,847,395,-141,-645,-1010,-1166,-1075,-750,-277,257,735,1051,1142,986,620,133,-379,-804,-1048,-1059,-843,-451,36,513,877,1045,984,703,270,-224,-672,-966,-1053,-909,-556,-80,0,0
61762,mtk,MTK 7916,864534225,rx0-tx0,512,-330,-278,-95,360,635,845,970,992,915,757,526,242,-59,-356,-619,-812,-937,-968,-903,-759,-541,-278,15,296,572,783,916,971,931,799,600,332,39,-268,-552,-782,-945,-1015,-977,-844,-643,-368,-46,273,557,798,954,1023,989,848,633,346,44,-275,-547,-769,-927,-988,-950,-824,-627,-387,-92,208,489,715,866,944,932,826,653,412,130,-163,-437,-678,-844,-924,-944,-852,-667,-439,-143,151,423,658,831,919,907,809,629,396,133,-154,-419,-628,-772,-845,-832,-749,-581,-367,-133,115,349,534,682,747,754,684,554,374,170,-65,-273,-461,-610,-683,-709,-661,-557,-399,-203,4,204,394,549,657,-26,675,582,450,259,48,-164,-375,-544,-667,-721,-708,-626,-475,-283,-54,173,395,579,701,762,735,643,478,261,19,-220,-444,-622,-735,-772,-732,-623,-445,-223,17,270,479,638,728,762,712,597,414,198,-56,-298,-499,-663,-758,-776,-710,-576,-382,-138,117,366,580,730,808,788,677,499,269,5,-261,-501,-672,-768,-780,-688,-513,-293,-40,207,421,573,649,647,576,437,254,57,-131,-288,-403,-460,-462,-416,-340,-235,-112,14,131,211,264,294,294,265,209,143,71,-1,-69,-135,-175,-197,-213,-198,-173,-127,-69,-5,55,121,176,206,210,180,130,53,-28,-105,-157,-174,-155,-784,-531,510,350,518,-105,-35,60,152,219,257,258,209,128,34,-72,-163,-244,-291,-308,-297,-249,-171,-72,38,145,249,331,381,398,372,315,203,61,-88,-249,-395,-503,-560,-571,-508,-374,-197,9,245,464,642,750,776,715,576,354,81,-221,-497,-747,-915,-970,-914,-764,-514,-196,160,491,775,979,1093,1080,927,686,345,-18,-394,-729,-983,-1129,-1155,-1054,-839,-529,-163,212,583,877,1075,1171,1133,968,719,382,20,-347,-683,-937,-1106,-1156,-1074,-888,-621,-293,71,429,750,979,1108,1129,1035,835,545,199,-159,-514,-799,-1019,-1115,-1106,-990,-761,-470,-120,232,570,842,1018,1089,1060,918,694,390,40,301,-587,-827,-985,-1053,-1012,-868,-656,-381,-66,251,551,794,965,1040,1028,896,696,423,99,-224,-552,-820,-1002,-1087,-1062,-936,-721,-431,-98,244,550,812,997,1088,1075,953,747,460,131,-198,-510,-779,-988,-1095,-1112,-1010,-800,-531,-202,155,490,801,1018,1151,1177,1073,875,588,247,-130,-495,-822,-1068,-1211,-1243,-1140,-925,-604,-240,151,542,863,1104,1242,1237,1123,894,568,188,-196,-559,-877,-1081,-1183,-1174,-1049,-818,-512,-161,197,532,823,1014,1115,1105,991,782,506,170,-166,-476,-755,-949,-1049,-1043,-953,-759,-501,-188,122,435,702,901,1005,1011,925,752,509,207,-100,-392,-671,-866,-971,-994,-153,203,-82,649,875,924,771,538,251,-66,-367,-633,-832,-952,-979,-914,-755,-529,-256,41,332,589,789,919,954,915,783,565,307,19,-279,-547,-772,-923,-982,-957,-824,-622,-350,-47,271,549,788,955,1026,983,856,645,362,47,-281,-569,-802,-952,-1013,-970,-833,-624,-357,-46,256,531,739,884,957,932,823,625,386,110,-184,-459,-693,-859,-938,-930,-847,-673,-428,-151,141,444,675,849,944,927,833,660,420,138,-157,-427,-657,-808,-886,-880,-780,-606,-385,-123,142,390,593,725,792,792,709,567,369,139,-92,-320,-510,-642,-723,-732,-665,-559,-389,-191,22,241,423,576,668,698,667,573,423,232,628,-194,-376,-537,-652,-700,-691,-611,-463,-272,-53,170,383,559,684,744,722,635,473,273,38,-201,-420,-605,-729,-769,-736,-632,-460,-243,-2,239,458,636,733,774,722,600,420,199,-40,-280,-488,-649,-748,-778,-706,-580,-392,-166,87,323,527,688,773,778,708,554,343,83,-192,-441,-635,-763,-804,-758,-617,-412,-169,98,349,552,681,739,698,579,391,172,-58,-262,-431,-532,-569,-536,-449,-325,-167,-12,134,248,331,373,370,320,242,160,75,-16,-98,-166,-209,-234,-236,-225,-184,-126,-75,-8,55,112,160,190,201,196,173,118,48,-31,-102,-161,-197,-197,-165,-101,-22,52,616,376,-82,663,501,169,209,221,184,114,23,-82,-179,-241,-282,-284,-250,-184,-86,8,113,207,282,330,343,330,278,187,72,-58,-182,-300,-405,-457,-474,-442,-347,-207,-40,150,352,517,628,680,660,551,383,154,-109,-370,-601,-771,-870,-861,-759,-572,-289,25,345,639,875,1014,1035,935,735,449,102,-281,-615,-893,-1068,-1134,-1076,-894,-611,-264,118,490,809,1044,1154,1155,1025,781,461,93,-298,-637,-911,-1100,-1166,-1117,-942,-670,-344,34,395,714,952,1118,1148,1063,865,572,241,-123,-474,-779,-1002,-1118,-1121,-1008,-799,-506,-151,204,556,834,1026,1119,1095,970,731,424,85,-268,-586,-841,-1023,-1082,-176,-889,-663,-375,-55,282,573,810,975,1040,1008,879,664,388,81,-238,-540,-781,-974,-1054,-1044,-938,-718,-435,-104,232,550,817,1006,1089,1061,939,735,448,116,-232,-547,-809,-995,-1080,-1076,-970,-778,-496,-176,163,503,785,990,1117,1126,1038,847,561,234,-138,-491,-802,-1039,-1176,-1201,-1102,-900,-600,-248,134,515,849,1093,1223,1245,1128,899,593,214,-181,-551,-881,-1112,-1222,-1211,-1092,-850,-524,-164,202,551,843,1050,1150,1134,1017,792,495,161,-187,-508,-783,-979,-1081,-1064,-966,-777,-497,-174,152,465,727,919,1022,1028,945,760,506,203,-113,-413,-677,-882,-995,-1004,-927,-762,-507,-225,80,592,644
61763,mtk,MTK 7916,864534225,rx0-tx1,512,-686,32,-152,635,686,680,601,460,275,60,-148,-350,-510,-613,-660,-638,-553,-419,-251,-65,135,308,446,542,588,584,524,418,277,111,-60,-225,-367,-484,-551,-574,-547,-466,-354,-200,-37,134,306,452,551,611,602,545,445,294,108,-94,-285,-456,-589,-668,-677,-621,-513,-352,-144,76,297,481,629,712,724,669,546,370,155,-75,-298,-492,-641,-729,-740,-673,-548,-370,-149,83,311,503,645,716,723,659,531,348,141,-76,-292,-481,-611,-685,-692,-640,-523,-354,-152,62,267,452,585,668,683,626,505,346,157,-58,-254,-432,-573,-648,-666,-614,-505,-348,-162,44,244,421,555,632,650,606,-38,344,151,-59,-250,-427,-570,-642,-652,-594,-484,-330,-140,70,266,448,577,648,655,590,475,309,103,-100,-302,-484,-608,-666,-652,-574,-432,-246,-53,159,353,503,609,642,608,514,366,185,-13,-194,-364,-499,-576,-592,-545,-452,-313,-148,24,203,357,468,536,548,509,415,290,133,-35,-202,-353,-457,-519,-529,-493,-402,-269,-102,72,239,380,485,528,527,457,345,190,15,-152,-310,-428,-494,-508,-461,-364,-228,-66,94,246,360,432,458,430,348,234,98,-55,-194,-302,-376,-409,-384,-310,-208,-74,62,184,286,347,356,319,238,114,-25,-146,-246,-292,-284,-222,-120,-5,91,964,446,0,326,-79,163,179,164,116,37,-55,-137,-198,-235,-236,-196,-126,-38,48,134,199,238,245,226,179,100,18,-61,-141,-200,-241,-241,-221,-174,-106,-30,44,112,167,202,207,193,163,119,71,9,-35,-84,-112,-139,-149,-153,-151,-134,-110,-79,-43,9,61,111,160,195,213,214,183,134,79,10,-74,-150,-214,-245,-260,-246,-209,-148,-78,5,86,162,216,252,272,263,227,175,104,28,-54,-142,-215,-273,-307,-312,-292,-239,-160,-55,51,167,262,334,373,379,336,259,156,35,-96,-217,-314,-384,-422,-414,-351,-265,-155,-15,116,239,344,418,442,427,366,272,147,13,-127,-259,-48,-441,-468,-454,-400,-308,-172,-21,130,271,393,476,520,512,447,342,193,27,-154,-312,-444,-536,-570,-545,-467,-338,-173,2,180,345,467,549,579,550,466,343,178,2,-159,-321,-460,-540,-580,-569,-494,-381,-233,-58,129,298,438,541,610,608,552,444,293,113,-84,-278,-450,-576,-662,-681,-630,-516,-354,-152,69,290,487,635,725,743,685,556,368,144,-91,-326,-530,-680,-767,-763,-689,-549,-350,-117,127,367,561,697,759,746,664,513,312,87,-140,-354,-537,-662,-726,-722,-643,-495,-314,-99,128,343,514,646,713,712,636,496,315,97,-132,-346,-517,-645,-708,-694,-613,-467,510,665,9,-1233,-1208,297,79,-137,-342,-509,-626,-680,-668,-588,-438,-258,-59,147,336,486,581,626,607,527,410,252,77,-102,-273,-407,-511,-564,-568,-525,-436,-312,-151,9,184,330,459,542,583,573,515,395,253,77,-108,-282,-441,-566,-636,-643,-591,-489,-332,-135,81,288,466,613,691,705,649,531,362,147,-79,-300,-496,-640,-722,-734,-675,-550,-372,-152,84,307,498,648,728,737,671,539,355,140,-85,-303,-497,-631,-702,-710,-650,-524,-345,-144,76,281,466,599,674,678,627,508,344,154,-62,-267,-445,-569,-653,-662,-613,-508,-352,-158,45,249,421,561,639,660,608,503,345,157,-44,-240,634,-556,-637,-648,-598,-503,-340,-142,68,270,438,567,645,649,594,483,315,120,-93,-292,-455,-588,-650,-647,-587,-458,-283,-81,132,331,501,605,652,639,546,404,223,16,-182,-366,-507,-599,-623,-584,-495,-346,-167,23,209,365,490,554,571,533,431,297,138,-36,-208,-351,-457,-518,-529,-496,-401,-272,-116,49,211,358,465,519,523,471,379,233,71,-99,-269,-400,-495,-524,-498,-424,-294,-141,28,195,333,433,481,473,413,299,160,6,-145,-279,-372,-426,-429,-373,-283,-166,-24,118,233,321,375,371,323,230,107,-25,-151,-257,-326,-333,-288,-201,-77,48,159,224,234,194,-1043,-1000,0,224,223,62,-15,-98,-165,-211,-212,-177,-113,-30,66,149,212,241,241,212,148,69,-19,-99,-173,-225,-243,-241,-205,-146,-67,15,94,166,212,229,221,193,139,72,6,-51,-103,-141,-171,-175,-166,-147,-113,-78,-36,3,42,85,119,144,165,178,174,156,121,65,8,-61,-131,-189,-225,-250,-244,-206,-146,-71,3,86,160,221,255,267,250,207,148,83,6,-81,-153,-216,-260,-281,-284,-259,-207,-135,-43,52,148,238,307,347,353,325,252,158,48,-75,-198,-296,-371,-404,-401,-348,-266,-155,-33,111,235,329,403,432,413,365,275,157,16,-119,-250,-352,-426,-452,-438,-373,-1135,-158,-21,124,257,379,462,490,477,419,322,191,34,-134,-292,-419,-508,-549,-536,-459,-346,-188,-9,171,334,461,542,570,548,464,332,173,-3,-178,-334,-463,-549,-570,-547,-483,-356,-203,-34,148,312,442,535,588,583,521,409,268,88,-105,-286,-443,-560,-627,-639,-591,-479,-321,-134,78,282,467,609,700,713,663,539,364,148,-81,-311,-510,-666,-748,-757,-696,-562,-370,-134,118,350,548,694,764,762,680,528,328,91,-142,-368,-556,-683,-742,-725,-644,-500,-310,-96,132,356,530,654,717,710,630,495,315,96,-128,-344,-517,-645,-714,-706,-630,-493,-309,-87,137,344,511,-384,-93
61764,mtk,MTK 7916,864534225,rx1-tx0,512,0,-391,423,447,319,163,-2,-181,-353,-494,-589,-636,-623,-543,-410,-249,-49,170,376,545,667,733,733,655,507,301,62,-193,-432,-642,-790,-857,-849,-744,-555,-310,-14,267,531,748,897,955,904,760,546,267,-47,-358,-623,-840,-965,-984,-915,-743,-499,-211,101,406,663,848,952,962,867,705,461,180,-100,-392,-636,-817,-923,-933,-860,-697,-485,-219,79,363,620,818,924,941,873,710,476,212,-82,-376,-629,-811,-923,-935,-860,-683,-457,-180,114,405,637,811,900,892,802,631,388,110,-163,-420,-640,-786,-854,-821,-724,-545,-311,-60,188,418,596,711,755,718,624,454,255,34,-183,-367,-277,-611,-644,-622,-536,-402,-236,-61,120,283,409,500,555,550,500,405,276,119,-49,-200,-343,-457,-523,-550,-517,-450,-337,-183,-14,147,298,422,517,568,558,495,382,248,80,-89,-265,-416,-538,-607,-617,-568,-462,-325,-141,64,273,453,600,690,719,664,550,373,137,-107,-345,-574,-736,-823,-815,-716,-542,-293,-5,285,536,738,858,878,803,627,381,93,-202,-470,-691,-811,-844,-774,-621,-419,-160,107,349,550,676,724,683,574,398,194,-23,-236,-410,-542,-604,-596,-525,-397,-224,-39,144,311,442,509,512,462,350,201,18,-155,-310,-415,-450,-415,-317,-170,-5,148,257,295,-1181,-1542,0,-521,-435,54,33,2,-32,-61,-94,-109,-104,-90,-54,-15,29,67,104,118,128,120,102,68,21,-19,-60,-101,-127,-135,-147,-137,-109,-73,-29,8,64,115,152,180,197,187,171,126,61,-15,-99,-165,-229,-275,-299,-293,-241,-164,-68,49,169,287,367,420,423,371,269,128,-23,-186,-343,-459,-517,-527,-462,-345,-189,-14,187,360,489,566,567,513,401,235,50,-140,-317,-462,-552,-575,-535,-436,-295,-119,69,249,396,489,522,496,439,318,168,17,-133,-267,-359,-407,-420,-397,-328,-238,-134,-21,88,185,262,312,331,328,298,257,187,107,6,-96,-187,-271,-330,-368,-373,-339,489,-176,-57,65,192,308,386,427,438,398,317,205,71,-74,-215,-349,-429,-476,-473,-429,-346,-224,-69,89,240,357,450,506,516,465,372,246,87,-81,-237,-379,-487,-541,-548,-493,-403,-266,-107,65,231,378,492,549,563,523,427,303,144,-39,-208,-365,-491,-557,-582,-567,-487,-367,-198,-13,171,351,493,598,650,635,568,424,251,59,-167,-382,-557,-687,-738,-721,-626,-463,-236,8,251,465,638,740,766,702,568,388,158,-80,-308,-498,-627,-686,-686,-611,-479,-312,-118,85,283,433,529,593,595,534,434,301,135,-34,-183,-328,-444,-519,-539,-517,-455,-352,-212,-67,92,242,122,-167,0,-1627,-1684,-347,-479,-563,-592,-575,-492,-365,-208,-25,178,366,516,619,680,671,592,458,275,64,-167,-392,-589,-729,-799,-790,-698,-539,-311,-52,224,492,700,855,914,877,757,555,295,-7,-312,-580,-798,-942,-984,-914,-757,-533,-235,76,386,655,853,963,974,887,710,473,197,-109,-396,-642,-832,-918,-935,-865,-700,-478,-206,84,367,614,797,918,939,868,719,488,217,-70,-360,-627,-815,-926,-953,-872,-701,-471,-197,98,385,635,808,915,926,839,656,424,145,-139,-409,-633,-802,-875,-858,-768,-587,-352,-84,181,420,630,765,812,782,673,497,284,40,-194,-408,-575,-672,-704,-663,-567,315,-239,-46,152,330,471,559,598,576,500,379,248,88,-84,-239,-377,-475,-539,-544,-504,-429,-299,-150,14,170,309,436,527,557,536,464,356,218,54,-122,-289,-427,-524,-578,-576,-531,-424,-282,-101,77,265,423,556,644,668,618,509,351,152,-77,-304,-501,-665,-755,-765,-712,-574,-354,-98,184,439,659,814,873,833,702,495,218,-81,-377,-628,-794,-878,-849,-734,-526,-260,25,304,523,688,776,765,674,506,293,49,-184,-389,-548,-632,-657,-596,-478,-307,-109,94,274,424,518,552,526,444,307,132,-46,-216,-360,-453,-484,-446,-355,-205,-35,136,275,367,387,334,218,77,935,74,0,-19,81,-43,-74,-86,-84,-71,-47,-5,31,69,99,115,114,107,75,37,-6,-52,-86,-116,-129,-130,-125,-100,-59,-20,19,67,101,132,148,157,161,127,95,49,-8,-70,-128,-189,-223,-244,-231,-199,-142,-66,16,115,211,286,339,361,339,270,162,38,-110,-250,-373,-448,-480,-459,-378,-237,-77,100,277,424,520,564,540,442,301,118,-79,-261,-422,-535,-579,-566,-487,-356,-173,17,208,371,487,550,553,495,378,227,50,-113,-266,-395,-454,-472,-446,-377,-263,-136,-4,124,227,299,347,372,356,306,235,143,58,-40,-130,-217,-289,-327,-346,-332,-298,-236,-146,-41,76,191,-571,363,404,406,377,298,189,65,-70,-207,-325,-407,-456,-453,-420,-333,-206,-68,86,224,351,450,497,497,443,353,232,83,-79,-241,-371,-471,-535,-536,-485,-388,-248,-93,72,231,375,487,549,558,512,422,281,121,-51,-225,-378,-482,-563,-575,-541,-462,-326,-160,8,187,347,481,578,609,597,521,401,235,38,-163,-358,-525,-630,-696,-698,-609,-464,-262,-31,201,421,605,727,762,724,609,432,208,-39,-285,-487,-643,-732,-735,-664,-523,-332,-122,91,296,463,578,646,643,573,442,286,117,-70,-243,-381,-490,-553,-553,-518,-443,-322,-170,-8,146,287,408,493,532,531,470,420,458
61765,mtk,MTK 7916,864534225,rx1-tx1,512,0,0,0,-260,-533,-703,-713,-575,-320,4,335,593,726,708,535,253,-72,-384,-613,-699,-631,-445,-165,155,436,601,634,531,304,14,-271,-497,-608,-566,-396,-152,140,399,566,608,503,277,2,-282,-506,-617,-584,-420,-151,158,435,618,667,566,336,25,-295,-566,-715,-701,-539,-264,79,406,651,760,703,496,181,-171,-487,-711,-780,-672,-425,-90,269,565,732,746,598,316,-27,-367,-635,-760,-721,-525,-217,141,463,681,761,679,455,139,-206,-514,-708,-750,-634,-388,-65,259,530,695,712,567,312,6,-300,-537,-657,-644,-494,-243,44,315,512,597,552,408,186,-74,-310,-458,-493,-433,0,-92,112,281,375,369,280,141,-20,-168,-268,-289,-236,-128,15,158,260,294,241,131,-15,-171,-299,-358,-317,-210,-42,149,321,427,443,360,193,-40,-273,-450,-557,-547,-411,-184,93,368,571,658,620,447,175,-145,-435,-645,-742,-680,-467,-160,182,493,711,791,718,494,161,-203,-531,-766,-855,-772,-520,-166,214,550,791,874,785,550,216,-172,-528,-773,-866,-796,-575,-254,107,447,703,810,764,584,303,-24,-347,-602,-719,-706,-566,-320,-32,246,477,604,608,508,326,86,-156,-356,-482,-518,-457,-324,-142,62,241,366,433,427,349,221,75,-71,-193,-273,-308,-296,-250,-183,0,0,0,0,0,-157,-44,96,247,391,508,558,527,415,222,-24,-282,-508,-659,-711,-640,-462,-197,119,419,657,780,772,621,348,5,-346,-627,-802,-837,-703,-422,-62,319,640,833,865,727,443,55,-348,-688,-896,-928,-766,-450,-36,403,768,978,998,816,459,17,-439,-821,-1035,-1033,-827,-458,19,497,872,1066,1040,805,410,-76,-547,-909,-1067,-1003,-736,-315,179,631,950,1063,949,643,193,-297,-722,-998,-1066,-912,-553,-72,429,839,1071,1078,855,443,-65,-573,-967,-1151,-1104,-826,-366,182,708,1084,1233,1133,802,286,-298,-813,-1167,-1306,-1173,-798,-260,336,870,1228,1329,1161,755,192,-404,-907,-1230,0,-1096,-665,-103,477,956,1228,1241,987,528,-35,-593,-1031,-1243,-1182,-872,-374,204,746,1128,1269,1138,776,246,-348,-869,-1212,-1301,-1110,-687,-113,483,970,1264,1293,1042,587,3,-587,-1044,-1278,-1244,-949,-464,110,658,1062,1229,1135,808,318,-238,-729,-1050,-1137,-975,-599,-106,403,824,1053,1053,824,404,-112,-593,-939,-1081,-985,-672,-204,315,762,1047,1111,936,560,61,-450,-852,-1077,-1086,-867,-468,22,502,873,1060,1023,774,373,-91,-526,-853,-989,-908,-644,-259,169,550,792,856,739,468,111,-248,-544,-705,-703,-539,-266,57,362,575,645,565,355,65,-234,-484,-614,-605,-458,-198,111,393,0,0,0,0,0,653,472,181,-146,-451,-671,-740,-652,-441,-135,200,490,675,716,606,367,57,-263,-522,-655,-641,-493,-238,73,344,536,615,553,353,77,-210,-454,-589,-588,-459,-219,72,340,534,615,552,357,73,-226,-480,-623,-631,-491,-238,66,368,603,708,646,439,140,-197,-502,-695,-747,-639,-387,-52,296,584,747,751,591,316,-24,-377,-641,-758,-709,-519,-212,146,468,679,747,653,413,88,-262,-559,-734,-745,-600,-332,4,346,618,760,733,555,272,-65,-393,-639,-747,-692,-492,-196,130,420,624,697,618,410,125,-171,-428,-591,-627,-541,-336,-70,196,418,543,548,439,251,24,-196,0,-429,-413,-310,-141,41,202,304,328,262,140,-8,-161,-269,-288,-229,-112,29,167,277,316,275,157,1,-174,-323,-401,-389,-280,-101,114,321,467,508,453,291,60,-197,-426,-582,-614,-522,-314,-23,279,515,670,694,570,319,4,-321,-598,-753,-753,-606,-339,5,364,646,792,796,639,346,-18,-389,-685,-836,-835,-671,-369,2,378,679,849,856,694,406,45,-320,-632,-818,-844,-703,-431,-99,244,536,722,771,676,460,156,-162,-422,-603,-682,-614,-434,-198,68,314,492,576,548,410,214,-2,-207,-379,-471,-469,-398,-259,-83,90,239,341,385,371,308,204,88,-20,-105,-170,0,0,0,0,0,-316,-398,-423,-394,-302,-150,43,255,449,588,640,598,456,226,-51,-333,-578,-728,-759,-654,-428,-117,223,524,737,818,754,550,228,-146,-492,-745,-858,-804,-593,-259,136,514,790,909,845,608,243,-174,-564,-855,-977,-900,-638,-237,215,627,924,1039,948,666,238,-232,-663,-962,-1067,-953,-642,-199,289,717,987,1066,927,584,125,-358,-767,-1018,-1057,-871,-493,-16,457,834,1038,1022,781,369,-118,-585,-934,-1084,-1003,-707,-254,258,723,1034,1131,984,632,136,-392,-845,-1138,-1184,-985,-581,-38,520,976,1242,1261,1014,550,-31,-599,-1054,-1299,-1288,-1004,-517,68,641,1080,1301,1257,953,453,0,-703,-1103,-1279,-1191,-848,-327,256,782,1136,1247,1090,705,176,-396,-888,-1194,-1239,-1016,-573,-7,555,1009,1253,1234,956,468,-124,-695,-1119,-1304,-1220,-882,-351,243,788,1170,1306,1167,785,240,-360,-871,-1199,-1268,-1069,-651,-108,446,904,1162,1162,915,479,-52,-559,-932,-1092,-1012,-714,-262,251,712,1007,1063,890,527,35,-473,-873,-1081,-1063,-815,-391,128,614,967,1118,1038,734,277,-232,-691,-1010,-1103,-968,-637,-179,309,719,969,1021,863,530,93,-345,-697,-892,-899,-713,-381,12,385,657,776,722,521,207,-142,-444,-634,-671,-558,-318,-6,298,523,632,584,395,122,-180,-440,-612,-639,-522,0,0
61766,mtk,MTK 7916,864534225,rx2-tx0,512,0,0,0,-496,-906,-1136,-1118,-855,-405,144,678,1075,1253,1163,823,307,-283,-824,-1196,-1307,-1148,-752,-184,428,947,1264,1311,1087,624,23,-578,-1055,-1311,-1282,-975,-461,155,737,1146,1310,1191,815,263,-342,-874,-1211,-1284,-1072,-622,-36,554,1016,1260,1228,926,423,-176,-727,-1120,-1270,-1133,-741,-198,379,873,1177,1210,972,530,-24,-575,-993,-1186,-1108,-787,-287,277,769,1083,1154,964,554,16,-525,-951,-1155,-1098,-798,-309,256,766,1110,1207,1029,619,68,-503,-979,-1239,-1231,-949,-457,144,721,1151,1337,1230,858,296,-332,-900,-1278,-1386,-1199,-755,-147,497,1041,1362,1390,1127,631,-3,-641,-1147,-1407,-1365,-1033,0,161,769,1211,1399,1291,906,329,-317,-888,-1269,-1381,-1193,-753,-148,491,1027,1348,1375,1103,603,-34,-672,-1168,-1409,-1362,-1032,-469,195,816,1278,1475,1355,953,344,-342,-956,-1370,-1505,-1324,-862,-223,462,1060,1435,1509,1265,769,114,-567,-1132,-1460,-1489,-1211,-678,-10,649,1172,1457,1436,1120,575,-81,-719,-1204,-1442,-1378,-1031,-479,165,773,1216,1412,1321,958,409,-217,-797,-1211,-1376,-1268,-922,-403,192,743,1132,1291,1201,887,412,-135,-640,-1004,-1164,-1098,-828,-413,60,505,840,1005,974,764,421,21,-370,-673,-843,-856,-719,-460,-133,204,482,665,737,684,529,311,65,-170,-355,-469,-504,-471,-384,0,0,0,0,0,-423,-438,-388,-265,-82,145,379,574,698,720,626,419,123,-211,-524,-758,-871,-837,-643,-318,81,476,797,977,978,789,441,-5,-460,-846,-1081,-1113,-920,-538,-36,483,924,1205,1246,1038,627,69,-512,-993,-1288,-1342,-1128,-680,-87,531,1053,1370,1417,1181,709,88,-557,-1099,-1417,-1453,-1198,-699,-59,589,1119,1420,1437,1163,656,12,-631,-1124,-1382,-1364,-1070,-552,69,660,1107,1319,1253,928,411,-186,-729,-1099,-1230,-1105,-738,-217,332,801,1093,1136,938,534,15,-494,-889,-1088,-1046,-771,-322,199,674,1001,1105,964,616,118,-412,-853,-1112,-1132,-911,-479,60,591,997,1199,1138,827,343,-220,-746,0,-1242,-1109,-731,-194,385,884,1198,1257,1038,593,26,-554,-1022,-1268,-1242,-939,-429,177,747,1165,1339,1221,837,269,-360,-917,-1279,-1378,-1176,-724,-111,526,1055,1363,1376,1101,586,-55,-683,-1164,-1398,-1335,-988,-436,214,809,1219,1370,1224,821,240,-388,-915,-1240,-1293,-1065,-607,-20,562,1014,1232,1177,869,375,-202,-727,-1085,-1200,-1053,-678,-159,389,851,1112,1126,891,464,-53,-555,-930,-1094,-1019,-723,-271,230,673,954,1016,858,508,59,-392,-749,-924,-884,-653,-274,166,552,806,867,724,414,12,-390,-698,-846,-796,-558,-184,233,594,828,876,716,388,-40,-467,-795,-944,-876,-607,-196,268,678,0,0,0,0,0,992,671,194,-336,-815,-1131,-1208,-1025,-619,-74,497,975,1245,1254,1006,538,-55,-644,-1094,-1311,-1253,-935,-413,202,769,1178,1338,1206,812,243,-375,-910,-1247,-1313,-1101,-653,-61,537,1018,1274,1253,963,456,-154,-723,-1130,-1288,-1163,-786,-236,364,879,1204,1266,1048,598,20,-558,-1005,-1231,-1192,-883,-377,201,733,1102,1213,1057,670,133,-426,-883,-1140,-1135,-873,-418,131,654,1021,1154,1027,671,159,-402,-872,-1145,-1160,-914,-463,98,648,1058,1239,1144,794,259,-336,-868,-1217,-1303,-1109,-661,-65,544,1048,1335,1333,1039,529,-103,-716,-1180,-1399,-1321,-954,-391,254,849,1265,1414,1265,841,242,-404,-966,0,-1407,-1184,-713,-90,550,1073,1363,1359,1069,548,-82,-700,-1169,-1384,-1304,-940,-370,267,852,1272,1421,1256,820,217,-440,-1008,-1372,-1445,-1201,-702,-67,590,1135,1445,1449,1153,609,-64,-727,-1243,-1504,-1447,-1092,-510,179,838,1322,1521,1412,1018,412,-285,-912,-1347,-1502,-1354,-928,-312,361,953,1359,1475,1275,827,211,-447,-1000,-1349,-1421,-1196,-735,-130,497,1029,1345,1379,1137,679,90,-512,-1005,-1289,-1324,-1104,-673,-116,442,898,1175,1220,1025,647,160,-349,-767,-1026,-1088,-944,-624,-208,228,612,865,942,843,604,260,-118,-456,-696,-805,-769,-606,-358,-63,221,457,604,652,602,478,305,118,-48,-181,0,0,0,0,0,-18,-177,-341,-489,-590,-614,-542,-379,-141,142,428,659,789,790,658,398,51,-318,-645,-868,-936,-830,-561,-185,244,650,941,1053,974,696,267,-229,-698,-1044,-1189,-1107,-808,-335,222,747,1137,1309,1220,892,378,-229,-792,-1212,-1396,-1298,-943,-399,227,824,1270,1460,1352,978,411,-256,-875,-1306,-1471,-1351,-965,-375,284,887,1306,1445,1296,899,316,-332,-899,-1270,-1372,-1188,-763,-190,416,919,1220,1260,1033,590,27,-525,-953,-1176,-1139,-854,-392,142,641,994,1121,999,659,178,-342,-781,-1046,-1079,-867,-462,47,556,941,1117,1051,757,290,-248,-734,-1071,-1185,-1041,-666,-146,411,893,1179,1205,981,0,-16,-570,-1016,-1241,-1194,-896,-402,182,732,1127,1277,1154,782,231,-371,-895,-1236,-1307,-1087,-637,-44,566,1055,1322,1316,1024,504,-133,-741,-1193,-1400,-1310,-922,-351,294,885,1286,1415,1242,802,184,-462,-1004,-1332,-1377,-1126,-632,-20,586,1073,1318,1278,960,434,-175,-734,-1124,-1272,-1143,-752,-208,374,876,1168,1197,972,533,-26,-567,-976,-1169,-1108,-805,-326,224,711,1033,1125,962,597,117,-382,-798,-1031,-1029,-799,-402,76,528,851,975,881,594,173,-274,-647,-861,-879,-693,-348,66,459,744,851,758,491,104,-315,-656,-843,-835,-635,-278,143,537,816,914,796,488,66,-381,-749,-961,-962,-743,0,0
61767,mtk,MTK 7916,864534225,rx2-tx1,512,0,0,0,1036,1118,959,599,106,-428,-869,-1123,-1145,-929,-516,4,524,943,1164,1127,858,414,-115,-611,-981,-1140,-1047,-740,-283,235,699,1001,1083,924,570,97,-384,-776,-994,-986,-753,-357,108,542,854,972,854,541,112,-344,-725,-940,-941,-723,-329,141,583,903,1021,915,603,135,-363,-778,-1031,-1062,-856,-452,59,562,938,1113,1060,761,277,-263,-745,-1073,-1172,-1002,-609,-86,468,935,1205,1217,956,474,-116,-686,-1121,-1322,-1245,-909,-379,243,827,1232,1388,1261,860,287,-342,-908,-1287,-1395,-1219,-790,-200,429,956,1289,1359,1138,692,122,-468,-964,-1254,-1278,-1045,-607,-57,495,936,1170,1154,911,491,0,-506,-868,-1040,-987,-721,-326,113,522,807,892,776,496,119,-266,-576,-754,-755,-586,-285,71,409,644,732,638,393,66,-275,-548,-688,-668,-495,-195,154,480,700,763,647,370,-9,-399,-722,-900,-878,-666,-299,156,589,920,1071,1002,717,261,-257,-731,-1077,-1211,-1101,-768,-265,295,812,1172,1302,1166,804,277,-316,-856,-1220,-1356,-1225,-849,-314,290,840,1231,1378,1260,916,398,-185,-722,-1120,-1302,-1239,-951,-492,39,547,937,1138,1118,899,521,57,-396,-745,-941,-960,-801,-497,-120,259,576,766,818,712,485,181,-140,-422,-618,-697,-664,-530,-317,-67,172,358,480,528,494,399,277,141,0,0,0,0,0,272,169,22,-155,-327,-476,-566,-575,-497,-336,-111,137,377,555,635,606,471,248,-28,-306,-529,-653,-656,-532,-301,-10,296,547,686,696,563,306,-23,-356,-622,-767,-766,-613,-323,46,417,705,858,848,657,326,-69,-458,-768,-915,-890,-688,-339,88,497,813,958,907,676,308,-128,-537,-841,-972,-896,-640,-253,193,587,863,971,869,582,181,-249,-632,-880,-940,-798,-489,-76,342,676,859,866,696,365,-43,-439,-743,-883,-826,-588,-224,177,548,817,902,781,499,119,-284,-645,-862,-893,-746,-436,-24,377,694,866,855,661,323,-85,-474,-756,-873,-807,-572,-205,215,578,813,869,0,450,71,-329,-660,-846,-849,-674,-349,51,438,726,849,791,569,220,-192,-551,-777,-835,-701,-409,-23,366,676,840,816,606,253,-167,-551,-824,-915,-806,-516,-109,331,707,930,955,780,427,-21,-468,-817,-988,-937,-683,-290,166,595,892,987,864,552,118,-342,-729,-961,-974,-762,-384,77,531,869,1016,934,640,202,-283,-711,-990,-1048,-878,-516,-22,475,864,1073,1049,788,363,-137,-623,-987,-1129,-1034,-713,-226,308,771,1070,1153,986,604,106,-415,-856,-1109,-1122,-896,-480,35,533,911,1094,1039,759,316,-188,-654,-968,-1065,-925,-590,-131,360,777,1010,1018,802,414,-63,-534,-894,-1053,0,0,0,0,0,-417,92,591,971,1145,1083,791,319,-223,-716,-1055,-1176,-1048,-698,-211,323,797,1097,1160,978,590,86,-430,-852,-1081,-1075,-846,-436,66,543,891,1042,968,675,240,-237,-656,-925,-983,-811,-454,-2,441,788,956,900,626,212,-249,-656,-917,-987,-825,-459,8,481,857,1047,995,720,288,-215,-681,-1001,-1102,-961,-611,-120,409,854,1109,1121,884,441,-104,-628,-1024,-1195,-1113,-781,-270,310,827,1175,1281,1112,699,123,-490,-1000,-1310,-1351,-1109,-634,-18,597,1097,1370,1355,1061,553,-72,-677,-1141,-1362,-1306,-988,-461,153,732,1153,1337,1239,895,376,-211,-744,-1118,-1263,-1139,-784,-288,251,722,1032,0,976,639,177,-297,-688,-922,-952,-772,-432,-16,386,685,815,763,547,211,-167,-490,-695,-740,-613,-345,0,339,600,716,659,451,134,-220,-514,-686,-711,-559,-263,97,451,718,833,759,501,126,-298,-685,-936,-991,-831,-495,-43,446,859,1107,1131,924,517,-8,-538,-971,-1223,-1230,-986,-540,23,590,1053,1305,1292,1039,581,-15,-604,-1067,-1334,-1347,-1095,-635,-55,536,1016,1296,1339,1134,716,174,-386,-854,-1150,-1236,-1089,-737,-262,231,661,952,1058,961,691,309,-117,-503,-772,-890,-834,-629,-317,33,361,617,748,740,606,376,98,-184,-425,-581,-632,-589,-473,-298,-99,84,231,322,358,0,0,0,0,0,306,423,486,489,423,287,100,-116,-331,-506,-600,-604,-507,-315,-63,200,441,608,657,584,407,142,-157,-426,-617,-692,-632,-442,-157,160,463,675,753,676,454,141,-209,-535,-757,-834,-739,-487,-130,256,609,845,912,790,512,126,-290,-646,-882,-954,-826,-520,-114,321,686,919,967,814,480,53,-375,-726,-940,-962,-780,-429,4,428,762,938,922,708,345,-79,-479,-780,-910,-848,-602,-223,197,567,818,889,763,480,95,-313,-656,-857,-871,-691,-360,40,435,737,886,846,630,280,-132,-518,-793,-895,-813,-554,-173,232,591,827,877,743,452,63,-337,-669,-848,-846,-660,-326,76,0,746,868,807,575,215,-194,-555,-798,-870,-747,-464,-85,312,642,817,812,641,322,-81,-459,-732,-839,-757,-501,-141,269,629,842,869,705,381,-31,-449,-770,-930,-891,-646,-257,192,602,886,988,875,564,134,-327,-712,-938,-969,-793,-433,23,472,822,989,930,665,250,-219,-639,-925,-1008,-858,-515,-55,414,792,1008,1001,758,356,-127,-599,-936,-1069,-969,-656,-194,316,758,1045,1107,928,547,44,-483,-901,-1128,-1114,-864,-426,105,611,986,1148,1070,766,299,-229,-699,-1017,-1127,-982,-624,-144,362,791,1042,1055,844,458,-29,-507,-869,-1039,-984,-716,-276,222,668,965,1050,909,562,92,0,0
61768,mtk,MTK 7916,864572791,rx0-tx0,512,-330,-278,-95,780,638,469,276,58,-155,-367,-545,-689,-802,-849,-855,-809,-705,-571,-405,-198,4,209,403,569,699,790,839,845,791,685,544,369,166,-42,-255,-462,-631,-769,-851,-887,-874,-791,-665,-502,-299,-83,144,359,552,705,808,871,883,833,732,585,398,198,-20,-222,-413,-578,-700,-786,-826,-821,-767,-661,-518,-351,-162,38,237,420,582,712,790,817,804,751,628,475,296,99,-105,-299,-479,-630,-725,-784,-790,-740,-643,-517,-356,-166,16,193,364,503,604,670,698,672,619,526,405,269,114,-40,-202,-338,-455,-540,-590,-616,-601,-554,-476,-376,-249,-110,36,176,315,432,516,579,-26,593,547,469,369,239,86,-67,-212,-354,-475,-572,-630,-647,-615,-560,-466,-337,-186,-19,136,305,445,550,632,675,664,604,523,391,240,71,-98,-271,-422,-538,-628,-669,-668,-622,-545,-432,-291,-128,48,220,368,501,606,658,680,652,585,476,333,165,-16,-198,-368,-519,-631,-697,-707,-669,-576,-449,-281,-98,95,275,433,557,622,637,618,540,418,280,117,-47,-191,-315,-394,-446,-471,-445,-393,-320,-228,-128,-38,52,133,194,234,264,270,258,236,205,156,105,57,1,-44,-93,-127,-156,-177,-182,-184,-173,-149,-113,-57,-9,48,104,142,169,183,175,143,93,35,-27,-784,-531,510,350,518,-165,-155,-114,-63,4,81,150,204,236,250,237,207,155,91,26,-50,-122,-188,-241,-283,-309,-309,-298,-260,-205,-127,-45,48,158,256,349,427,476,489,463,408,320,197,52,-116,-280,-436,-566,-655,-700,-690,-630,-519,-360,-167,43,255,467,654,792,862,887,832,725,550,328,83,-185,-422,-638,-823,-942,-998,-955,-864,-716,-499,-252,6,269,515,717,874,981,1014,972,865,693,479,245,-28,-280,-526,-731,-873,-965,-990,-950,-857,-710,-505,-272,-16,234,469,674,846,941,988,970,873,722,536,302,61,-192,-434,-635,-805,-915,-967,-948,-872,-746,-556,-347,-121,119,341,547,301,840,910,925,869,771,622,438,233,9,-216,-420,-597,-745,-853,-907,-903,-851,-746,-586,-393,-172,58,294,513,688,840,934,953,920,834,695,506,294,65,-164,-387,-580,-751,-866,-928,-948,-919,-835,-681,-496,-279,-35,215,437,645,814,947,1018,1016,961,845,671,457,222,-43,-307,-547,-765,-928,-1035,-1087,-1059,-967,-813,-605,-349,-74,205,476,699,891,1023,1082,1072,989,853,659,425,171,-90,-342,-563,-750,-892,-978,-997,-963,-865,-719,-527,-301,-64,170,395,588,746,860,925,930,869,771,615,430,228,-5,-232,-430,-611,-755,-857,-903,-890,-825,-704,-542,-354,-146,75,294,498,-153,203,-82,649,875,-404,-597,-733,-828,-864,-848,-786,-668,-521,-332,-124,82,291,476,625,746,822,843,824,744,619,464,285,91,-121,-329,-512,-666,-786,-854,-868,-839,-748,-608,-435,-230,-26,205,415,595,744,848,892,884,818,703,537,348,138,-80,-293,-483,-648,-765,-835,-854,-819,-742,-617,-456,-270,-68,130,321,499,643,746,814,832,796,712,588,428,241,46,-156,-366,-547,-677,-768,-818,-818,-762,-659,-503,-321,-134,70,260,428,569,683,744,743,716,641,526,385,225,45,-123,-279,-422,-528,-606,-641,-650,-615,-545,-445,-314,-180,-34,114,251,372,477,549,594,602,580,524,425,309,182,628,-114,-259,-388,-486,-563,-607,-611,-586,-518,-417,-292,-143,15,172,313,454,562,636,656,644,597,486,363,209,45,-137,-290,-432,-550,-631,-667,-667,-621,-530,-409,-262,-92,74,238,389,519,615,664,674,634,559,453,304,144,-25,-199,-359,-498,-604,-676,-700,-673,-600,-480,-327,-147,40,229,399,538,639,684,679,624,525,375,197,24,-150,-317,-437,-526,-569,-556,-504,-418,-305,-190,-56,64,170,258,324,348,346,333,297,238,178,107,35,-30,-88,-139,-178,-199,-217,-215,-201,-181,-147,-113,-62,-18,24,68,113,156,178,185,189,168,126,74,13,-47,-101,-135,-150,-138,616,376,-82,663,501,34,99,154,188,212,209,178,125,61,-12,-85,-152,-206,-239,-260,-264,-248,-216,-167,-107,-29,46,128,211,285,334,362,378,370,329,267,169,54,-77,-202,-329,-442,-533,-585,-594,-554,-483,-356,-197,-11,188,378,555,691,774,798,770,688,546,349,128,-107,-355,-569,-757,-877,-945,-943,-862,-730,-534,-296,-32,238,478,705,876,970,1008,970,865,700,498,249,-20,-286,-528,-734,-874,-974,-1001,-957,-858,-692,-491,-251,8,261,488,702,861,963,994,960,869,720,514,278,42,-215,-455,-652,-815,-923,-967,-956,-873,-734,-556,-333,-94,159,391,610,777,884,947,941,870,746,-176,378,161,-68,-288,-486,-658,-785,-869,-909,-881,-799,-672,-514,-321,-107,124,346,558,729,848,923,937,900,783,633,462,233,-1,-233,-454,-651,-803,-896,-939,-926,-864,-753,-592,-385,-162,70,298,519,706,844,942,988,966,890,762,589,379,127,-123,-368,-599,-800,-940,-1032,-1060,-1015,-915,-753,-539,-286,-12,261,517,737,921,1041,1090,1073,977,830,634,388,118,-154,-413,-642,-837,-964,-1032,-1039,-979,-860,-689,-476,-235,11,258,485,679,829,927,962,945,869,740,572,371,148,-94,-310,-511,-682,-805,-886,-917,-873,-784,-657,-485,-286,-69,147,359,548,698,802,865,879,831,727,592,644
61769,mtk,MTK 7916,864572791,rx0-tx1,512,-686,32,-152,220,41,-145,-304,-454,-571,-657,-688,-677,-630,-535,-409,-262,-105,51,209,354,463,546,593,605,590,534,451,347,227,94,-47,-179,-309,-411,-497,-560,-579,-572,-545,-474,-386,-269,-138,-7,141,281,402,511,589,638,645,615,556,450,319,167,-1,-170,-343,-487,-597,-682,-717,-709,-658,-571,-442,-282,-100,82,264,436,569,669,736,740,706,632,516,363,195,16,-174,-345,-487,-607,-685,-723,-719,-662,-569,-439,-283,-109,61,231,390,524,618,682,695,665,607,500,364,209,45,-119,-288,-421,-538,-618,-661,-663,-626,-551,-436,-294,-144,14,184,325,455,559,634,665,643,583,-38,365,223,62,-107,-267,-406,-519,-603,-654,-656,-617,-543,-430,-284,-122,40,203,354,494,583,646,660,643,576,462,326,166,2,-169,-329,-470,-579,-647,-657,-629,-562,-466,-334,-174,-17,152,297,418,515,573,594,579,529,444,318,194,53,-90,-214,-338,-436,-506,-546,-537,-507,-436,-343,-241,-117,19,161,277,376,456,506,530,504,452,373,265,141,-1,-135,-271,-386,-464,-502,-511,-490,-422,-320,-199,-76,60,190,303,376,425,453,442,400,326,225,110,-10,-125,-225,-305,-362,-389,-381,-342,-273,-184,-82,33,137,231,304,342,338,297,229,133,22,-84,-174,-222,-231,-199,964,446,0,326,-79,61,126,180,204,204,173,119,49,-29,-104,-172,-217,-245,-249,-229,-191,-126,-58,11,80,143,200,233,252,245,226,181,125,66,-2,-67,-125,-167,-187,-200,-208,-187,-158,-123,-81,-49,-8,21,44,77,106,134,150,156,167,159,153,140,115,89,43,-6,-58,-113,-151,-186,-223,-242,-236,-222,-196,-152,-97,-22,44,104,165,208,246,258,267,256,227,189,141,82,23,-40,-104,-162,-220,-271,-303,-321,-319,-301,-258,-190,-111,-19,77,170,256,319,370,393,393,361,310,235,148,48,-62,-162,-263,-341,-398,-427,-430,-408,-361,-286,-195,-94,18,137,233,318,391,437,-48,455,416,362,278,178,67,-64,-183,-293,-395,-474,-520,-532,-507,-460,-371,-264,-138,10,143,278,394,485,549,570,566,521,437,325,192,48,-103,-239,-362,-461,-536,-574,-582,-548,-488,-402,-291,-171,-35,110,247,375,473,545,595,605,589,534,439,318,176,19,-138,-284,-422,-542,-617,-673,-680,-644,-582,-476,-329,-164,25,212,381,532,646,728,769,747,679,565,415,238,42,-148,-329,-503,-633,-724,-770,-762,-709,-609,-467,-304,-126,64,255,427,555,659,726,737,710,637,517,375,212,38,-139,-311,-468,-591,-675,-722,-724,-678,-590,-461,-309,-136,51,229,389,529,634,695,510,665,9,-1233,-1208,-666,-709,-690,-630,-530,-396,-238,-67,95,258,411,526,605,644,652,612,533,420,302,158,11,-137,-276,-391,-478,-542,-581,-583,-558,-497,-412,-308,-180,-39,83,218,343,444,531,577,604,600,549,475,368,231,83,-76,-222,-369,-501,-599,-666,-687,-677,-621,-517,-386,-231,-51,129,303,461,592,683,732,728,693,600,471,323,147,-42,-215,-386,-532,-648,-715,-743,-723,-648,-544,-409,-246,-71,117,295,448,570,658,703,703,668,588,473,327,169,-12,-170,-333,-472,-582,-654,-681,-674,-618,-524,-409,-258,-100,69,225,376,499,585,636,667,641,567,471,344,196,23,-143,-289,634,-541,-620,-660,-655,-605,-514,-402,-260,-102,72,227,375,502,594,643,656,628,565,451,311,153,-13,-176,-338,-477,-580,-648,-668,-649,-579,-472,-335,-175,-1,161,315,441,550,606,627,611,546,454,334,186,32,-122,-265,-387,-479,-534,-571,-554,-508,-434,-330,-216,-77,56,186,307,393,467,511,526,501,444,365,255,130,-2,-142,-261,-374,-454,-510,-525,-502,-451,-362,-247,-117,16,154,284,382,445,478,483,448,370,268,164,43,-86,-198,-300,-370,-414,-422,-394,-336,-257,-159,-49,63,167,261,324,363,364,329,270,183,75,-38,-140,-226,-284,-300,-275,-210,-119,-23,60,-1043,-1000,0,224,223,152,132,76,8,-68,-139,-194,-230,-234,-218,-173,-112,-39,40,112,172,221,238,248,233,204,151,89,22,-46,-110,-166,-202,-229,-240,-228,-198,-146,-93,-46,6,68,107,143,155,169,166,158,148,128,102,78,53,37,6,-32,-67,-108,-137,-173,-201,-211,-216,-198,-166,-127,-74,-6,60,118,170,210,242,260,252,239,208,166,107,48,-10,-77,-130,-184,-230,-265,-282,-285,-270,-240,-200,-139,-67,9,81,157,232,294,336,364,365,347,294,223,134,30,-79,-184,-271,-345,-391,-418,-410,-383,-333,-255,-163,-62,42,142,241,330,387,427,445,432,390,329,235,120,-1135,-112,-215,-310,-398,-453,-489,-487,-453,-403,-326,-222,-102,31,156,277,392,476,545,564,545,501,409,297,155,8,-129,-272,-392,-487,-548,-574,-566,-522,-449,-352,-235,-104,37,181,306,422,508,562,596,586,544,465,356,238,96,-51,-190,-325,-442,-538,-608,-639,-631,-593,-519,-401,-255,-99,74,235,387,531,641,711,741,709,635,520,372,207,16,-180,-357,-518,-647,-739,-779,-762,-705,-601,-447,-276,-80,118,304,475,611,698,751,749,711,614,489,346,168,-15,-192,-367,-516,-624,-702,-730,-717,-662,-567,-427,-263,-85,96,270,429,558,651,705,719,685,612,493,337,159,-384,-93
61770,mtk,MTK 7916,864572791,rx1-tx0,512,0,-391,423,-412,-503,-555,-588,-588,-546,-471,-365,-249,-108,51,205,350,480,594,674,708,698,648,555,419,256,75,-123,-319,-495,-649,-762,-833,-847,-813,-713,-560,-375,-165,66,304,521,697,841,929,962,917,817,661,453,223,-26,-273,-501,-696,-849,-943,-975,-936,-844,-698,-515,-289,-66,165,397,590,743,854,913,920,867,760,612,441,228,-9,-233,-448,-642,-790,-884,-933,-915,-844,-723,-548,-340,-119,120,347,553,724,841,902,918,870,764,612,413,190,-44,-266,-475,-643,-770,-850,-878,-840,-751,-616,-429,-233,-22,196,385,550,677,747,770,752,680,577,422,257,76,-105,-270,-418,-277,-593,-635,-630,-593,-519,-419,-305,-178,-37,106,232,344,433,499,537,537,519,477,402,315,195,72,-58,-193,-311,-410,-490,-541,-562,-548,-497,-423,-326,-203,-71,65,195,318,430,511,569,602,594,556,479,376,236,80,-85,-241,-386,-529,-627,-697,-722,-700,-636,-519,-366,-183,27,235,441,615,750,825,847,812,706,548,341,106,-140,-368,-572,-732,-836,-866,-837,-733,-582,-393,-182,37,252,442,585,684,722,712,654,550,406,239,61,-114,-279,-412,-514,-584,-598,-565,-492,-385,-263,-118,32,175,301,405,466,490,479,419,320,185,42,-101,-239,-336,-385,-388,-331,-234,-112,-1181,-1542,0,-521,-435,79,79,70,55,26,-7,-35,-71,-94,-113,-118,-121,-105,-78,-51,-14,22,52,80,107,128,132,130,127,112,91,62,20,-15,-51,-78,-112,-138,-163,-178,-181,-183,-161,-138,-93,-39,21,90,151,205,248,291,317,313,282,233,167,76,-32,-152,-254,-345,-416,-469,-475,-440,-374,-271,-134,7,152,288,414,504,552,558,523,446,345,201,46,-115,-263,-396,-495,-555,-573,-557,-489,-396,-269,-126,24,179,293,389,473,512,504,464,405,312,194,73,-40,-147,-241,-313,-361,-387,-383,-366,-329,-267,-202,-134,-61,19,85,153,212,271,308,341,348,348,323,284,209,126,489,-62,-157,-252,-326,-391,-432,-436,-422,-375,-305,-218,-111,-2,113,225,324,403,456,478,485,461,398,312,193,64,-55,-187,-298,-393,-465,-503,-516,-503,-455,-377,-285,-162,-31,107,222,345,440,504,543,551,522,459,372,265,136,2,-129,-255,-357,-452,-522,-558,-568,-552,-491,-398,-292,-151,-13,136,283,409,517,601,643,648,615,546,442,300,134,-49,-223,-393,-542,-664,-726,-752,-721,-641,-505,-342,-162,32,232,407,538,630,697,709,664,585,475,341,180,16,-143,-289,-416,-508,-566,-586,-580,-550,-477,-370,-251,-131,-9,125,238,343,421,481,520,530,508,465,390,296,122,-167,0,-1627,-1684,-394,-283,-159,-29,117,256,382,483,563,627,645,624,562,463,338,183,13,-159,-331,-488,-621,-716,-775,-780,-731,-637,-501,-326,-123,91,308,516,686,809,888,909,873,767,615,416,187,-52,-291,-507,-705,-854,-947,-977,-937,-839,-688,-489,-260,-11,234,461,652,801,899,936,936,856,721,550,355,138,-83,-308,-512,-678,-814,-905,-924,-889,-810,-679,-494,-295,-65,172,395,599,756,864,922,925,863,746,581,377,160,-70,-301,-507,-691,-822,-895,-909,-867,-771,-617,-425,-216,9,228,425,603,731,799,830,795,715,589,423,234,44,-153,-328,-485,-604,-669,-704,-685,-631,-536,315,-279,-118,36,182,321,426,506,559,585,566,517,440,349,242,115,-16,-138,-262,-362,-447,-512,-538,-547,-514,-449,-366,-256,-133,-3,128,253,365,458,525,560,569,538,483,390,278,156,15,-130,-278,-404,-512,-591,-634,-640,-603,-546,-451,-307,-151,39,219,401,562,683,767,790,766,686,550,368,151,-64,-291,-499,-676,-808,-874,-871,-802,-678,-496,-270,-33,207,428,601,731,801,809,755,640,488,307,105,-91,-278,-433,-552,-630,-656,-646,-574,-466,-329,-177,-10,145,290,399,480,526,530,491,417,308,176,34,-108,-245,-355,-433,-455,-442,-372,-258,-125,17,146,237,281,935,74,0,-19,81,2,-25,-51,-73,-95,-100,-99,-85,-58,-29,2,36,74,98,117,131,127,120,104,82,43,1,-27,-56,-83,-107,-134,-145,-144,-138,-132,-118,-93,-60,-13,29,77,121,161,203,228,247,246,229,185,135,65,-25,-115,-196,-268,-337,-383,-403,-387,-337,-264,-167,-48,88,220,338,440,498,520,514,466,374,235,87,-64,-219,-353,-466,-542,-578,-572,-518,-426,-303,-161,-12,148,289,404,493,538,553,518,439,353,237,93,-48,-177,-288,-378,-439,-461,-449,-405,-339,-264,-181,-88,1,85,166,230,278,309,336,336,326,301,262,204,140,65,-18,-98,-178,-251,-318,-349,-571,-394,-380,-333,-265,-187,-87,20,130,242,328,402,451,470,460,417,347,259,148,34,-81,-207,-314,-401,-465,-490,-505,-487,-428,-349,-239,-116,10,142,275,372,461,510,536,517,483,425,321,212,85,-48,-183,-307,-408,-489,-546,-565,-556,-503,-426,-333,-206,-74,60,197,330,434,521,579,600,601,554,476,372,240,86,-76,-238,-394,-534,-636,-698,-708,-682,-611,-493,-330,-150,34,229,405,556,658,721,742,710,615,486,337,171,-23,-203,-362,-487,-580,-634,-650,-630,-568,-464,-334,-196,-62,65,198,326,421,484,523,547,532,486,418,327,224,100,-32,-156,-274,-375,-450,420,458
61771,mtk,MTK 7916,864572791,rx1-tx1,512,0,0,0,604,439,157,-164,-450,-619,-618,-445,-153,182,468,621,602,417,117,-198,-454,-584,-548,-355,-65,234,458,553,482,264,-15,-274,-459,-513,-415,-192,94,345,491,496,349,95,-186,-417,-529,-485,-294,-10,274,487,556,460,232,-72,-365,-560,-591,-458,-194,138,443,620,614,441,151,-193,-492,-649,-627,-438,-126,224,513,664,620,406,83,-262,-530,-650,-592,-361,-30,314,572,660,560,308,-24,-360,-599,-666,-550,-286,64,394,614,667,537,266,-81,-401,-606,-636,-507,-251,87,397,580,604,473,212,-99,-371,-537,-563,-438,-191,99,354,501,509,383,158,-87,-301,-429,-435,-321,0,96,266,348,331,220,56,-114,-240,-282,-229,-107,42,175,249,230,133,-5,-157,-252,-264,-202,-70,108,259,335,318,201,13,-194,-354,-425,-370,-203,28,262,435,501,427,227,-43,-312,-509,-577,-488,-259,43,344,570,644,536,292,-29,-358,-606,-695,-597,-338,10,366,625,727,636,374,13,-354,-643,-773,-689,-422,-54,323,626,773,720,487,136,-249,-569,-743,-731,-540,-211,168,489,682,709,562,280,-58,-374,-590,-653,-550,-321,-21,271,493,584,524,343,94,-169,-378,-489,-476,-348,-147,74,273,396,420,351,205,23,-150,-283,-351,-340,-266,-145,-13,106,189,224,219,0,0,0,0,0,-122,7,151,297,412,455,414,280,71,-170,-389,-545,-589,-499,-296,-20,274,524,661,637,462,176,-163,-471,-673,-717,-576,-286,72,417,659,739,638,362,-13,-390,-670,-777,-680,-404,-12,386,696,823,731,433,23,-402,-732,-876,-788,-489,-44,417,769,925,843,538,97,-388,-775,-950,-873,-560,-101,377,761,943,862,541,83,-394,-766,-931,-840,-512,-45,432,786,929,817,469,-11,-487,-827,-936,-795,-428,60,537,875,972,795,394,-119,-613,-934,-1005,-803,-376,165,667,997,1062,834,372,-197,-717,-1059,-1124,-885,-401,192,735,1091,1158,919,436,-162,-720,-1082,-1153,-914,-428,173,0,1074,1130,885,396,-196,-723,-1048,-1090,-840,-355,230,751,1052,1061,779,279,-301,-803,-1076,-1049,-746,-219,381,860,1110,1065,722,179,-420,-906,-1143,-1067,-704,-147,449,922,1139,1046,666,106,-470,-916,-1119,-1009,-623,-76,489,903,1064,932,543,11,-510,-883,-995,-821,-427,91,577,883,937,716,297,-215,-672,-919,-909,-657,-203,317,743,967,924,617,141,-371,-780,-976,-900,-579,-107,389,778,952,875,558,92,-391,-754,-914,-823,-512,-70,381,711,836,738,442,32,-363,-641,-735,-623,-339,28,367,582,630,491,207,-118,-398,-559,-544,-376,-96,212,457,559,488,273,-19,-303,-504,-562,0,0,0,0,0,152,435,604,610,448,158,-181,-463,-616,-607,-435,-142,187,464,612,577,387,99,-210,-452,-563,-517,-321,-34,250,452,524,443,229,-53,-319,-490,-509,-375,-136,139,384,517,492,324,60,-233,-455,-542,-464,-254,36,327,522,569,451,199,-117,-410,-597,-611,-452,-170,164,464,642,636,447,137,-209,-506,-659,-633,-434,-104,250,527,653,602,382,58,-284,-556,-672,-585,-341,-6,336,585,669,563,291,-50,-371,-603,-667,-546,-276,73,399,609,658,530,256,-83,-392,-593,-632,-495,-231,91,381,557,581,453,203,-98,-366,-530,-542,-407,-171,102,336,470,464,341,142,-83,-284,0,-390,-278,-94,100,250,317,282,165,1,-152,-245,-249,-177,-46,99,213,259,220,101,-60,-204,-289,-289,-206,-49,142,301,369,333,196,-8,-226,-395,-461,-396,-217,31,291,478,540,461,248,-35,-323,-536,-601,-513,-285,29,350,592,668,562,318,-15,-361,-616,-709,-619,-361,-3,364,635,739,663,411,49,-333,-636,-766,-702,-460,-106,284,607,761,725,513,176,-205,-535,-723,-725,-547,-244,114,435,637,677,559,310,-16,-336,-552,-617,-534,-331,-63,216,435,531,497,343,115,-123,-326,-442,-448,-349,-176,31,214,341,390,352,236,83,-75,-201,-280,-301,-263,-185,-92,9,0,0,0,0,0,-284,-348,-344,-269,-133,53,248,417,514,513,403,190,-78,-339,-539,-630,-579,-393,-103,223,503,671,681,527,246,-102,-434,-669,-734,-615,-336,29,386,653,762,660,378,2,-380,-674,-794,-699,-413,-18,393,714,847,751,466,51,-405,-762,-913,-824,-519,-76,392,761,924,845,538,87,-388,-758,-932,-857,-550,-89,390,763,934,847,525,65,-407,-771,-928,-826,-499,-28,446,793,923,797,454,-27,-510,-848,-954,-801,-414,87,574,910,995,801,387,-144,-643,-969,-1032,-812,-370,177,685,1022,1092,859,390,-194,-729,-1071,-1146,-915,-418,189,738,1094,1165,927,446,-156,-712,-1075,-1150,0,-423,168,704,1048,1106,860,375,-218,-738,-1049,-1079,-808,-315,265,777,1069,1061,752,241,-335,-834,-1104,-1075,-742,-198,390,882,1131,1058,701,158,-438,-921,-1154,-1067,-690,-126,471,929,1131,1027,644,94,-475,-913,-1101,-977,-592,-59,489,897,1037,878,482,-39,-548,-889,-965,-771,-358,154,618,908,927,680,249,-258,-703,-951,-921,-629,-164,347,763,962,901,591,118,-384,-785,-978,-896,-577,-98,402,782,941,851,542,88,-383,-739,-882,-779,-466,-47,372,679,792,682,389,7,-366,-620,-686,-561,-285,63,379,571,587,431,156,-155,-408,-538,-504,-314,-28,266,480,554,468,232,-74,0,0
61772,mtk,MTK 7916,864572791,rx2-tx0,512,0,0,0,1049,717,179,-426,-926,-1180,-1111,-722,-126,514,1023,1261,1157,730,92,-575,-1090,-1309,-1170,-702,-35,637,1137,1327,1147,642,-39,-704,-1180,-1331,-1102,-570,121,774,1211,1307,1034,467,-230,-852,-1235,-1268,-943,-347,342,936,1260,1220,838,223,-456,-1003,-1263,-1160,-733,-97,566,1061,1245,1081,615,-29,-660,-1092,-1215,-988,-476,169,758,1121,1155,852,308,-316,-851,-1141,-1089,-712,-132,485,957,1154,1012,567,-40,-652,-1078,-1188,-951,-443,200,797,1176,1215,904,326,-353,-935,-1260,-1230,-850,-232,460,1039,1329,1245,813,149,-559,-1120,-1379,-1259,-784,-91,631,1182,1405,1242,739,32,-685,-1220,-1415,-1216,-690,0,735,1234,1392,1168,613,-111,-798,-1264,-1380,-1104,-530,191,857,1284,1359,1053,445,-288,-935,-1331,-1366,-1008,-372,373,1022,1383,1372,987,319,-443,-1092,-1441,-1394,-969,-281,488,1127,1466,1410,965,246,-536,-1165,-1487,-1410,-952,-233,549,1187,1505,1403,922,200,-566,-1177,-1477,-1384,-910,-194,563,1169,1459,1350,878,174,-566,-1145,-1417,-1311,-861,-182,553,1121,1390,1297,862,205,-493,-1061,-1348,-1276,-877,-267,405,958,1256,1235,906,354,-274,-811,-1129,-1155,-895,-416,147,647,970,1043,858,469,-18,-485,-809,-917,-807,-510,-103,314,638,793,766,570,261,-89,-401,-610,-677,-604,-428,-188,58,256,376,420,0,0,0,0,0,-421,-414,-319,-135,107,364,575,681,652,482,189,-169,-514,-758,-834,-713,-419,-10,420,763,937,880,596,161,-331,-760,-1012,-1013,-753,-286,271,775,1099,1140,891,402,-212,-788,-1177,-1266,-1023,-507,147,781,1228,1360,1140,628,-72,-763,-1253,-1423,-1214,-691,18,737,1266,1462,1279,752,27,-701,-1250,-1472,-1308,-790,-65,669,1217,1443,1279,785,84,-629,-1156,-1379,-1220,-733,-65,611,1111,1295,1116,640,4,-628,-1080,-1219,-1015,-535,84,665,1048,1138,905,405,-196,-724,-1047,-1072,-783,-267,326,827,1091,1031,682,138,-460,-931,-1141,-1032,-626,-36,573,1030,1193,1029,580,-35,-652,-1099,-1235,-1021,-519,0,743,1148,1241,987,451,-215,-821,-1207,-1261,-960,-385,302,904,1260,1258,903,293,-409,-1001,-1313,-1263,-858,-205,516,1092,1366,1266,813,132,-595,-1164,-1410,-1271,-773,-57,672,1214,1419,1226,701,-14,-727,-1234,-1399,-1186,-637,91,776,1239,1357,1092,520,-189,-828,-1223,-1273,-970,-395,289,876,1203,1191,838,242,-409,-936,-1190,-1104,-703,-106,516,982,1167,1016,582,-12,-595,-999,-1116,-915,-458,113,642,987,1042,793,325,-222,-689,-956,-942,-649,-174,333,734,912,817,485,19,-445,-769,-856,-684,-316,152,572,811,809,566,142,-328,-703,-873,-781,-457,16,492,824,921,755,358,-156,-629,-930,-968,0,0,0,0,0,371,865,1127,1078,725,151,-476,-978,-1219,-1131,-735,-121,543,1067,1293,1162,714,69,-607,-1111,-1311,-1156,-679,-7,663,1150,1322,1125,609,-76,-737,-1187,-1309,-1065,-515,171,815,1223,1290,990,408,-285,-890,-1242,-1247,-892,-285,399,965,1261,1195,787,154,-520,-1040,-1260,-1123,-670,-28,617,1083,1243,1052,552,-97,-703,-1104,-1185,-922,-395,242,801,1127,1120,785,222,-401,-905,-1142,-1047,-648,-51,564,1015,1173,985,501,-133,-726,-1120,-1197,-925,-381,276,867,1219,1225,882,281,-412,-996,-1298,-1237,-833,-188,519,1089,1359,1256,804,126,-598,-1160,-1396,-1246,-754,-53,671,1207,1412,1228,714,2,-713,-1224,0,-1193,-655,68,763,1244,1381,1134,577,-141,-827,-1277,-1364,-1073,-487,232,895,1315,1362,1028,405,-330,-981,-1368,-1372,-999,-351,404,1054,1411,1382,980,303,-470,-1121,-1455,-1400,-962,-260,512,1154,1484,1411,957,244,-536,-1175,-1493,-1408,-940,-215,568,1192,1492,1400,926,208,-558,-1174,-1471,-1364,-898,-192,565,1156,1439,1331,866,176,-548,-1129,-1400,-1304,-856,-179,526,1093,1378,1285,864,237,-449,-1019,-1313,-1258,-891,-310,337,883,1192,1194,894,383,-209,-729,-1049,-1101,-875,-441,87,571,888,981,832,488,41,-399,-722,-855,-785,-539,-175,209,525,712,737,601,346,45,-238,-457,-563,-552,-446,-283,-100,0,0,0,0,0,-32,-229,-407,-538,-582,-516,-325,-41,275,553,733,762,614,314,-74,-466,-761,-889,-809,-522,-94,369,765,977,945,670,219,-301,-771,-1063,-1081,-819,-347,237,783,1137,1206,958,453,-179,-778,-1194,-1310,-1092,-571,114,776,1244,1394,1187,657,-52,-756,-1272,-1456,-1259,-735,-7,723,1262,1484,1305,778,50,-691,-1244,-1464,-1304,-797,-78,652,1186,1398,1245,760,79,-618,-1139,-1340,-1179,-696,-35,620,1095,1261,1078,596,-35,-641,-1063,-1174,-959,-474,145,703,1047,1096,834,334,-258,-775,-1065,-1052,-734,-198,397,877,1105,1026,651,82,-517,-974,-1161,-1026,-598,10,620,1059,1215,1027,548,-86,-700,-1127,0,-1011,-496,156,774,1181,1249,966,418,-246,-854,-1233,-1260,-928,-339,351,954,1286,1255,880,250,-459,-1043,-1345,-1272,-838,-171,554,1125,1387,1267,794,91,-642,-1201,-1425,-1255,-737,-17,700,1229,1421,1215,674,-50,-754,-1240,-1381,-1140,-587,125,798,1234,1312,1025,453,-245,-858,-1214,-1235,-896,-306,357,910,1204,1153,774,178,-459,-958,-1182,-1066,-645,-51,549,987,1137,966,526,-65,-629,-1001,-1085,-859,-386,179,680,982,996,729,262,-273,-714,-937,-885,-567,-97,386,746,876,746,399,-68,-510,-794,-839,-629,-232,236,637,846,802,513,67,-402,-755,-887,-759,-401,85,561,881,942,726,299,-223,0,0
61773,mtk,MTK 7916,864572791,rx2-tx1,512,0,0,0,-519,50,611,1009,1138,955,502,-94,-664,-1060,-1163,-944,-470,131,697,1070,1149,912,424,-175,-714,-1061,-1108,-842,-355,222,742,1045,1042,745,250,-309,-771,-998,-941,-619,-115,403,811,971,838,469,-25,-522,-863,-942,-739,-310,214,685,954,940,651,165,-375,-816,-1027,-945,-592,-58,506,924,1085,941,518,-63,-627,-1020,-1127,-912,-433,177,744,1104,1142,862,332,-313,-870,-1189,-1177,-827,-233,434,999,1289,1220,821,194,-510,-1085,-1357,-1265,-836,-173,537,1111,1388,1282,826,158,-547,-1114,-1377,-1261,-814,-150,548,1090,1342,1239,804,151,-531,-1048,-1284,-1182,-763,-147,491,970,1181,1078,693,133,0,-878,-1057,-946,-588,-86,416,787,917,787,440,-14,-449,-730,-793,-631,-293,128,499,712,708,500,134,-262,-563,-706,-636,-366,10,387,644,700,551,227,-183,-546,-758,-746,-508,-105,350,723,907,840,522,44,-465,-874,-1056,-955,-589,-35,542,989,1184,1067,671,79,-557,-1051,-1264,-1152,-734,-119,537,1074,1332,1231,819,198,-489,-1063,-1357,-1300,-921,-315,378,981,1331,1346,1037,476,-192,-799,-1205,-1306,-1073,-585,23,600,1015,1166,1027,643,118,-416,-822,-1001,-924,-632,-205,254,630,834,829,616,264,-127,-474,-691,-744,-620,-358,-32,282,518,629,603,463,242,-4,-225,-381,-439,-415,-334,0,0,0,0,0,259,119,-61,-266,-440,-541,-547,-439,-232,33,306,517,615,574,405,135,-185,-465,-628,-638,-494,-221,110,416,617,667,541,270,-86,-424,-658,-717,-592,-306,73,445,711,793,660,348,-69,-469,-759,-863,-729,-390,53,489,798,904,777,439,-31,-493,-821,-932,-804,-464,9,487,837,959,826,469,-11,-486,-837,-955,-810,-455,23,489,822,931,785,424,-49,-502,-812,-898,-738,-373,93,528,806,862,677,298,-159,-566,-822,-848,-626,-222,232,626,852,840,594,185,-283,-674,-871,-833,-574,-144,328,697,878,821,529,95,-362,-719,-873,-785,-475,-37,406,732,851,736,418,-24,-459,0,-865,-715,-368,93,528,804,857,669,298,-151,-555,-803,-819,-604,-222,224,608,809,776,515,105,-337,-689,-840,-736,-422,18,461,776,872,719,351,-122,-571,-866,-924,-713,-293,208,655,925,939,688,243,-267,-711,-958,-924,-632,-163,355,772,966,881,537,42,-459,-838,-980,-829,-434,79,574,909,977,769,341,-198,-693,-987,-996,-724,-248,304,776,1037,1001,674,152,-422,-884,-1098,-1005,-632,-72,512,958,1141,1005,589,8,-577,-1007,-1156,-983,-542,44,617,1015,1131,929,473,-110,-656,-1015,-1077,-837,-373,189,698,1005,1021,745,261,-288,-763,-1016,-969,-656,-160,393,837,1038,941,580,0,0,0,0,0,-973,-1116,-942,-501,77,644,1040,1152,950,482,-117,-683,-1063,-1155,-929,-449,150,706,1068,1130,870,382,-202,-732,-1053,-1070,-798,-309,271,764,1023,989,683,197,-350,-785,-984,-895,-542,-36,468,825,946,789,391,-129,-610,-906,-940,-692,-235,295,741,979,937,621,111,-444,-879,-1061,-939,-551,-4,561,981,1111,924,477,-120,-692,-1064,-1137,-878,-367,250,817,1152,1164,845,271,-375,-928,-1233,-1201,-833,-210,489,1053,1332,1258,835,174,-536,-1109,-1387,-1283,-835,-162,556,1122,1389,1282,825,150,-554,-1104,-1361,-1247,-805,-154,532,1078,1328,1211,774,147,-509,-1024,-1249,-1134,-728,-137,463,920,1129,0,641,120,-421,-825,-981,-863,-517,-39,428,758,859,710,364,-70,-470,-729,-765,-568,-211,194,532,708,677,428,54,-325,-603,-701,-582,-290,92,455,697,724,527,160,-263,-622,-822,-789,-509,-71,412,806,983,888,539,26,-520,-944,-1124,-1001,-615,-58,545,1017,1227,1110,699,95,-551,-1062,-1302,-1201,-774,-145,525,1066,1344,1276,871,245,-438,-1019,-1344,-1336,-988,-390,295,892,1274,1333,1055,528,-114,-717,-1121,-1236,-1051,-621,-49,508,917,1083,980,643,166,-322,-712,-915,-877,-630,-240,190,548,762,783,619,316,-43,-377,-617,-696,-618,-416,-140,152,392,531,560,480,321,132,-44,-192,0,0,0,0,0,319,431,473,429,300,94,-152,-379,-543,-600,-531,-340,-63,232,477,619,614,454,185,-135,-430,-616,-651,-520,-250,91,413,632,692,572,288,-83,-436,-674,-749,-621,-312,82,467,741,818,689,374,-66,-498,-790,-880,-756,-426,33,491,815,926,799,455,-9,-474,-821,-949,-812,-460,13,487,831,958,828,465,-18,-487,-829,-948,-808,-448,28,492,821,923,761,402,-65,-508,-811,-879,-707,-340,121,544,808,853,654,267,-188,-595,-838,-838,-607,-208,257,647,856,837,583,166,-301,-687,-875,-826,-549,-123,336,702,870,797,501,65,-386,-728,-867,-757,-439,-7,435,756,859,726,0,-69,-498,-780,-850,-685,-319,130,542,803,835,644,270,-188,-582,-803,-794,-559,-164,284,640,808,748,465,50,-391,-726,-850,-722,-381,76,526,838,913,724,326,-164,-613,-903,-937,-699,-266,240,683,945,938,663,204,-309,-738,-959,-896,-579,-99,414,802,960,844,485,-13,-517,-876,-979,-797,-384,148,631,941,993,753,282,-272,-750,-1015,-1000,-699,-195,366,829,1068,1003,652,115,-460,-917,-1122,-1010,-605,-34,540,979,1149,994,566,-16,-601,-1018,-1142,-949,-506,70,629,1009,1103,889,427,-146,-669,-1000,-1050,-802,-328,230,721,1006,998,699,208,-347,-805,-1029,-958,-618,-106,444,871,0,0
61774,mtk,MTK 7916,864605910,rx0-tx0,512,-330,-278,-95,807,851,812,692,505,262,3,-247,-479,-673,-790,-827,-787,-675,-498,-278,-23,232,453,641,771,823,805,704,534,311,63,-195,-438,-641,-781,-850,-831,-739,-565,-340,-80,188,447,659,795,859,846,743,565,336,71,-197,-450,-647,-780,-849,-826,-719,-548,-321,-84,180,421,609,744,808,800,716,565,364,120,-126,-364,-562,-715,-788,-793,-727,-582,-381,-142,109,345,551,703,783,792,708,559,360,126,-124,-344,-538,-678,-736,-736,-643,-508,-321,-108,107,312,477,601,655,653,587,466,305,125,-64,-246,-407,-519,-592,-602,-554,-462,-325,-164,10,183,346,468,546,576,552,475,-26,211,38,-144,-310,-456,-558,-594,-591,-523,-401,-236,-49,143,322,477,587,636,622,543,413,233,29,-179,-364,-520,-621,-650,-624,-528,-381,-201,11,217,405,545,631,649,604,499,347,159,-51,-243,-427,-559,-639,-656,-599,-481,-325,-133,82,302,478,607,674,673,594,454,255,30,-195,-406,-560,-655,-678,-624,-492,-301,-87,134,333,490,588,606,555,437,275,96,-89,-248,-362,-435,-459,-422,-342,-231,-115,4,121,214,268,293,292,263,210,141,63,-5,-80,-129,-172,-204,-210,-193,-159,-112,-64,2,64,116,160,180,190,177,136,66,7,-65,-130,-165,-174,-149,-97,-38,-784,-531,510,350,518,31,94,160,196,201,172,110,28,-55,-133,-195,-234,-243,-227,-180,-114,-35,51,137,205,265,299,298,272,219,134,28,-91,-214,-319,-391,-435,-425,-369,-271,-123,47,219,384,511,597,607,552,427,234,20,-210,-433,-617,-730,-765,-718,-576,-368,-103,169,453,675,830,896,865,726,501,219,-88,-392,-657,-851,-951,-943,-835,-632,-363,-48,271,570,786,932,975,904,751,517,224,-84,-390,-663,-847,-946,-958,-855,-666,-406,-127,176,464,700,868,941,929,814,614,348,51,-258,-525,-747,-886,-948,-901,-769,-560,-275,22,313,575,778,901,928,859,698,474,203,-87,-366,-600,301,-871,-888,-810,-659,-447,-188,85,351,577,745,851,870,809,673,472,213,-63,-330,-572,-762,-875,-916,-853,-700,-491,-215,73,356,599,792,906,928,862,713,492,225,-46,-328,-576,-777,-890,-924,-882,-747,-550,-280,11,297,572,787,924,982,944,808,602,334,15,-305,-587,-827,-975,-1039,-998,-857,-624,-333,-6,321,623,867,1020,1060,1007,839,593,293,-45,-374,-656,-876,-1004,-1036,-954,-788,-542,-249,63,372,635,829,939,966,889,731,509,239,-56,-336,-587,-779,-888,-919,-856,-709,-503,-242,39,305,541,727,841,881,824,693,495,249,-19,-276,-513,-705,-817,-860,-809,-683,-503,-153,203,-82,649,875,272,8,-259,-493,-689,-810,-842,-795,-685,-496,-263,-10,240,470,652,777,829,792,683,517,294,45,-205,-446,-636,-770,-830,-816,-724,-556,-335,-74,184,436,646,792,864,849,757,574,338,81,-198,-456,-666,-812,-872,-851,-743,-557,-329,-69,203,440,640,761,819,810,704,544,336,102,-146,-381,-580,-727,-800,-795,-711,-571,-366,-137,106,343,560,710,798,801,725,582,378,143,-114,-357,-550,-695,-773,-766,-680,-537,-332,-111,125,336,506,636,693,688,615,487,313,116,-85,-277,-440,-558,-615,-619,-564,-462,-319,-153,39,213,377,492,563,584,558,476,343,184,9,-169,-324,628,-539,-582,-564,-496,-385,-220,-43,138,322,468,571,609,596,528,408,243,50,-151,-342,-500,-612,-651,-627,-541,-404,-218,-9,198,391,532,628,660,621,519,359,169,-37,-236,-413,-547,-631,-648,-607,-501,-338,-151,56,269,444,575,653,669,603,473,295,91,-130,-341,-521,-643,-689,-660,-555,-388,-185,41,265,467,596,657,641,547,398,198,-12,-208,-373,-481,-533,-520,-442,-323,-183,-26,122,245,322,355,360,324,255,163,75,-16,-104,-167,-216,-237,-243,-221,-175,-127,-67,2,64,117,154,180,196,181,153,104,46,-15,-80,-141,-176,-184,-183,-136,-72,1,71,123,145,616,376,-82,663,501,160,150,101,26,-57,-135,-196,-225,-223,-196,-141,-66,17,101,177,230,262,266,241,189,122,26,-70,-162,-250,-320,-362,-367,-329,-243,-134,-2,150,287,414,498,526,498,410,268,85,-124,-321,-507,-628,-683,-667,-576,-410,-187,62,323,560,733,821,824,733,542,301,13,-280,-557,-769,-900,-925,-853,-681,-434,-126,192,491,734,898,968,936,792,562,287,-41,-345,-614,-818,-936,-956,-887,-714,-457,-171,144,441,688,864,950,950,836,644,383,90,-217,-500,-732,-880,-947,-911,-787,-583,-315,-13,293,553,770,902,931,880,731,510,233,-60,-349,-601,-789,-897,-916,-833,-679,-176,-195,85,360,586,760,852,866,799,650,447,198,-71,-332,-565,-749,-867,-890,-835,-691,-477,-216,67,358,592,783,897,919,848,697,481,213,-72,-348,-590,-786,-889,-925,-871,-727,-514,-245,26,309,564,773,915,951,912,787,573,311,12,-299,-583,-802,-958,-1019,-968,-835,-619,-328,-17,309,607,847,1002,1055,1004,862,625,315,-20,-350,-652,-873,-1020,-1059,-984,-815,-569,-266,62,377,648,855,973,995,924,754,519,245,-59,-359,-613,-810,-927,-950,-879,-726,-497,-238,44,325,569,755,873,897,835,702,499,251,-25,-299,-533,-717,-831,-863,-815,-698,-498,-256,6,276,506,695,592,644
61775,mtk,MTK 7916,864605910,rx0-tx1,512,-686,32,-152,648,524,339,117,-111,-325,-508,-633,-696,-687,-611,-478,-299,-100,109,310,468,579,647,636,571,461,303,134,-57,-245,-395,-510,-582,-603,-564,-483,-353,-199,-23,157,325,466,564,612,613,552,437,289,103,-94,-287,-456,-584,-670,-684,-641,-529,-363,-160,68,289,489,644,726,748,686,565,385,167,-79,-307,-506,-659,-743,-760,-694,-566,-387,-158,88,319,514,664,746,752,685,552,372,151,-79,-303,-498,-645,-718,-726,-665,-541,-364,-148,76,290,471,619,698,704,645,525,352,156,-64,-265,-449,-589,-672,-690,-630,-512,-348,-155,50,253,434,576,659,671,632,519,353,154,-38,-272,-457,-584,-661,-675,-616,-499,-336,-131,88,292,472,603,673,683,612,479,308,91,-120,-324,-505,-621,-687,-669,-586,-448,-246,-37,185,384,543,646,678,646,534,372,181,-30,-226,-400,-536,-608,-619,-574,-459,-309,-128,62,241,391,505,567,564,509,405,261,103,-76,-245,-388,-486,-536,-530,-470,-371,-240,-78,92,249,387,489,536,522,455,341,195,12,-161,-311,-424,-498,-508,-463,-373,-234,-77,81,235,357,436,464,444,367,249,114,-32,-179,-299,-380,-415,-403,-340,-240,-110,25,156,270,348,377,356,282,171,43,-95,-214,-291,-323,-306,-227,-112,13,123,196,212,964,446,0,326,-79,155,124,56,-31,-120,-191,-229,-231,-193,-123,-31,57,144,206,249,250,224,172,95,5,-84,-163,-219,-249,-255,-220,-162,-89,-10,70,143,190,220,225,203,157,100,41,-22,-76,-117,-143,-167,-167,-153,-132,-102,-74,-34,1,36,86,136,161,188,191,186,163,111,36,-28,-108,-175,-222,-246,-246,-226,-182,-112,-29,53,129,192,232,262,266,241,195,129,64,-21,-108,-183,-240,-293,-312,-301,-259,-186,-102,5,113,216,298,357,379,362,307,218,102,-21,-151,-268,-361,-407,-421,-387,-315,-209,-82,50,190,304,390,436,441,407,333,213,73,-70,-202,-326,-412,-461,-48,-427,-352,-235,-92,55,212,339,446,506,513,473,390,260,103,-72,-241,-386,-506,-571,-573,-520,-414,-255,-75,109,286,434,540,589,581,519,405,249,74,-110,-285,-431,-531,-583,-581,-529,-432,-286,-112,66,250,407,534,606,623,586,488,341,168,-30,-230,-415,-553,-645,-684,-645,-557,-410,-220,2,224,426,589,705,747,708,609,444,228,-8,-251,-465,-645,-760,-788,-746,-625,-431,-199,52,300,516,675,773,787,720,585,393,160,-84,-313,-513,-657,-746,-763,-697,-569,-384,-163,72,302,501,647,737,752,689,557,368,155,-82,-307,-502,-646,-722,-736,-675,-542,-361,-141,89,510,665,9,-1233,-1208,-308,-499,-647,-718,-715,-642,-504,-317,-101,122,324,494,609,667,664,587,456,296,105,-98,-274,-432,-541,-604,-620,-565,-460,-325,-167,12,193,356,487,566,601,582,517,400,248,71,-115,-299,-451,-572,-642,-650,-598,-488,-335,-143,74,280,472,615,702,719,664,553,371,163,-71,-299,-499,-651,-739,-753,-693,-570,-385,-160,82,313,506,661,754,766,696,568,380,154,-86,-314,-511,-654,-734,-737,-676,-549,-365,-145,81,300,485,624,705,712,653,531,360,149,-69,-275,-462,-598,-678,-692,-634,-525,-357,-164,57,266,443,582,661,675,629,518,358,155,-52,-260,-448,-582,-657,634,-629,-506,-337,-143,76,285,457,590,665,671,614,494,320,118,-98,-308,-476,-608,-677,-667,-607,-466,-287,-77,151,351,528,639,677,660,564,416,217,1,-216,-408,-546,-630,-652,-602,-499,-340,-139,54,247,411,526,600,601,544,429,281,100,-80,-249,-393,-493,-542,-546,-488,-386,-244,-84,88,241,371,467,522,519,464,368,225,54,-117,-278,-405,-496,-529,-499,-422,-301,-146,37,199,345,445,487,481,424,318,173,18,-137,-279,-380,-437,-444,-401,-308,-185,-45,101,225,323,379,388,352,273,155,22,-116,-236,-315,-351,-339,-269,-157,-33,102,211,269,272,223,133,32,-1043,-1000,0,224,223,-63,-138,-191,-208,-186,-126,-39,59,149,216,245,242,207,143,60,-36,-116,-190,-238,-257,-243,-197,-129,-49,41,126,186,228,239,232,188,129,61,-17,-86,-146,-175,-195,-188,-168,-133,-95,-49,2,44,79,109,132,150,151,154,149,115,77,30,-25,-80,-140,-198,-224,-229,-218,-171,-112,-36,44,120,191,241,270,264,236,180,116,42,-42,-124,-190,-235,-266,-280,-262,-216,-165,-89,4,99,193,268,320,346,330,287,214,116,-6,-126,-238,-332,-386,-408,-386,-325,-217,-92,40,172,288,379,427,436,400,320,214,78,-58,-194,-313,-407,-452,-458,-419,-339,-217,-86,-1135,201,327,430,479,492,450,363,248,96,-63,-221,-363,-476,-542,-553,-505,-411,-272,-94,94,268,424,535,588,581,522,406,245,65,-122,-294,-444,-542,-585,-583,-521,-413,-260,-84,101,267,420,535,596,603,558,457,312,136,-54,-243,-414,-541,-620,-646,-610,-513,-366,-194,17,224,410,568,672,714,684,587,432,229,-7,-237,-446,-622,-733,-770,-730,-621,-449,-218,29,270,497,665,769,792,742,605,418,182,-75,-315,-521,-675,-765,-772,-710,-575,-388,-166,80,308,502,651,735,748,691,561,380,165,-73,-298,-498,-643,-728,-741,-682,-556,-371,-156,79,312,502,644,722,727,-384,-93
61776,mtk,MTK 7916,864605910,rx1-tx0,512,0,-391,423,2,-163,-309,-437,-534,-574,-556,-494,-396,-241,-56,133,320,482,596,659,661,604,474,299,92,-142,-361,-553,-695,-770,-779,-696,-539,-327,-71,194,447,661,811,874,855,745,548,296,5,-281,-544,-752,-886,-929,-873,-736,-513,-240,56,341,594,778,886,906,833,691,461,201,-86,-354,-584,-764,-866,-877,-809,-675,-468,-217,63,318,556,740,855,884,832,696,477,222,-51,-326,-571,-765,-873,-894,-829,-673,-459,-202,91,358,597,761,859,870,788,624,407,145,-138,-389,-604,-756,-826,-808,-717,-553,-330,-78,178,408,591,708,751,730,623,466,263,37,-186,-383,-536,-619,-652,-277,-533,-384,-217,-36,154,313,441,525,559,535,470,370,230,77,-75,-223,-348,-447,-513,-516,-478,-409,-284,-148,6,160,310,429,500,530,512,445,330,194,39,-131,-285,-410,-507,-558,-554,-504,-400,-256,-91,91,265,431,561,630,640,595,481,309,105,-116,-333,-536,-679,-758,-749,-662,-503,-282,-31,231,473,679,803,836,769,609,383,108,-178,-446,-655,-784,-818,-763,-623,-412,-155,100,347,554,671,720,687,572,406,203,-27,-239,-412,-538,-599,-590,-518,-394,-230,-45,141,311,426,496,512,459,354,218,58,-115,-265,-374,-437,-437,-375,-260,-104,66,214,310,343,303,210,-1181,-1542,0,-521,-435,5,-23,-57,-83,-90,-88,-75,-45,-10,28,65,89,107,114,104,77,50,14,-29,-69,-102,-121,-130,-132,-112,-83,-49,-9,35,78,113,151,161,160,154,124,81,27,-30,-101,-168,-214,-247,-255,-235,-185,-115,-33,78,181,269,329,369,360,316,225,94,-48,-205,-341,-438,-485,-475,-415,-301,-135,46,224,372,486,548,543,474,354,189,-7,-190,-353,-476,-541,-545,-496,-382,-224,-47,124,290,431,509,530,485,392,266,112,-46,-199,-317,-398,-450,-434,-378,-289,-181,-58,60,166,249,305,341,343,318,265,195,107,12,-82,-175,-246,-304,-341,-347,-328,-275,-193,-87,489,141,249,336,394,422,394,332,232,105,-33,-165,-288,-391,-452,-457,-428,-357,-251,-109,37,184,314,411,472,492,464,382,257,113,-40,-193,-330,-428,-493,-511,-478,-400,-277,-126,37,189,323,439,507,529,498,417,301,157,-4,-166,-317,-432,-500,-539,-528,-451,-343,-210,-44,122,284,418,522,574,570,523,421,275,89,-97,-285,-457,-582,-655,-667,-599,-474,-294,-83,143,352,529,663,718,694,598,428,226,2,-228,-421,-567,-663,-682,-635,-520,-356,-166,42,231,396,518,580,582,539,440,305,158,-11,-166,-308,-424,-494,-519,-493,-434,-343,-216,-69,82,222,349,446,502,122,-167,0,-1627,-1684,-541,-517,-451,-346,-199,-30,142,300,446,560,612,608,550,431,272,80,-127,-331,-513,-637,-715,-717,-646,-513,-320,-89,158,405,601,750,824,813,724,553,316,45,-230,-495,-710,-854,-906,-867,-739,-533,-270,27,315,581,784,905,928,858,703,476,220,-71,-347,-595,-783,-882,-902,-827,-682,-471,-207,75,336,571,746,855,874,814,685,480,226,-47,-320,-567,-757,-863,-890,-832,-688,-479,-219,58,341,582,761,872,891,819,665,440,180,-105,-372,-598,-758,-858,-850,-756,-597,-373,-117,152,394,603,743,808,778,679,504,284,51,-187,-401,-561,-670,-706,-671,-569,-410,-222,-30,315,349,479,561,600,573,488,366,218,52,-115,-264,-395,-486,-521,-520,-475,-387,-271,-118,48,190,331,440,501,529,502,436,313,170,12,-144,-299,-421,-499,-543,-532,-466,-366,-228,-63,105,269,415,522,583,587,538,441,291,106,-86,-288,-469,-606,-681,-694,-640,-516,-324,-85,176,411,612,745,804,770,657,462,206,-74,-357,-589,-755,-835,-820,-709,-514,-263,11,280,512,682,760,753,674,506,288,62,-181,-387,-539,-635,-659,-598,-477,-317,-116,87,273,422,517,551,527,438,303,152,-27,-200,-340,-435,-480,-463,-380,-260,-104,67,222,342,405,399,324,199,48,-101,-199,935,74,0,-19,81,-62,-71,-64,-34,-1,34,67,93,103,104,87,60,27,-12,-59,-88,-110,-125,-126,-115,-84,-46,-4,38,80,109,128,142,141,123,99,59,4,-33,-84,-131,-166,-187,-197,-188,-155,-104,-41,43,124,202,252,295,311,279,208,117,1,-123,-240,-348,-412,-435,-410,-322,-194,-33,130,283,414,500,523,491,390,250,71,-119,-293,-436,-536,-565,-526,-438,-293,-112,69,248,402,503,542,525,460,329,166,-11,-180,-318,-427,-487,-493,-449,-341,-220,-75,68,186,287,359,392,381,335,256,170,72,-25,-120,-204,-267,-313,-331,-327,-291,-230,-153,-54,51,154,246,319,362,-571,358,304,217,111,-22,-150,-264,-360,-420,-432,-407,-340,-240,-101,41,178,301,401,459,471,438,361,245,105,-38,-189,-325,-425,-487,-504,-472,-391,-269,-130,37,195,335,438,499,516,480,407,292,141,-15,-180,-324,-441,-513,-536,-514,-438,-312,-171,-19,150,304,419,509,556,543,489,381,240,63,-106,-272,-424,-552,-617,-619,-569,-460,-299,-108,112,319,497,632,697,686,605,466,273,39,-193,-405,-574,-666,-705,-663,-553,-396,-191,32,238,417,546,623,635,581,475,321,141,-41,-212,-366,-467,-532,-549,-510,-434,-313,-172,-20,127,258,377,461,504,498,455,369,247,104,420,458
61777,mtk,MTK 7916,864605910,rx1-tx1,512,0,0,0,295,33,-232,-452,-587,-588,-459,-239,29,295,494,585,554,402,167,-94,-334,-496,-548,-480,-310,-74,178,384,491,481,370,178,-57,-276,-430,-477,-418,-256,-32,188,371,469,459,342,141,-100,-317,-461,-501,-429,-254,-14,234,437,543,525,390,168,-95,-350,-533,-594,-529,-348,-86,197,443,598,617,505,290,16,-274,-511,-620,-599,-452,-200,89,355,543,615,546,353,87,-196,-441,-587,-609,-499,-278,3,284,506,619,606,454,203,-78,-340,-533,-616,-570,-403,-159,116,374,541,579,508,329,83,-170,-382,-510,-532,-444,-267,-33,196,375,474,471,366,195,-15,-210,-342,-399,0,-265,-103,68,204,287,296,232,126,-5,-134,-220,-246,-203,-110,14,135,223,252,217,124,-3,-142,-258,-311,-284,-185,-42,114,261,363,377,313,181,-13,-214,-380,-472,-462,-352,-162,70,298,469,551,517,373,147,-118,-367,-543,-613,-559,-384,-128,155,424,609,663,589,396,119,-182,-457,-649,-705,-621,-411,-122,199,486,673,722,637,435,140,-192,-474,-653,-716,-650,-453,-167,135,408,605,676,617,449,196,-89,-342,-527,-611,-576,-430,-214,28,251,424,509,501,405,230,18,-181,-333,-421,-432,-365,-235,-72,96,236,328,364,342,268,157,37,-79,-174,-226,-243,-230,-184,0,0,0,0,0,-281,-322,-332,-294,-208,-71,91,252,399,496,514,451,314,106,-128,-344,-516,-604,-586,-467,-261,4,284,506,641,667,564,353,72,-229,-490,-658,-695,-604,-384,-75,247,522,700,731,614,371,43,-307,-598,-768,-780,-645,-377,-16,351,654,837,842,673,373,-8,-399,-704,-864,-856,-669,-337,61,443,740,882,836,614,256,-141,-509,-780,-882,-799,-541,-166,242,593,821,872,733,437,45,-362,-697,-880,-871,-680,-340,75,480,791,938,877,623,229,-207,-613,-904,-1006,-885,-574,-145,324,735,992,1053,895,540,72,-413,-825,-1067,-1090,-890,-508,-24,461,862,1081,1072,845,445,-51,0,-896,-1067,-1016,-754,-334,155,614,935,1051,942,639,193,-297,-714,-979,-1032,-867,-508,-37,443,828,1038,1031,798,388,-105,-576,-923,-1080,-1012,-726,-284,217,673,985,1092,966,635,174,-320,-747,-1015,-1063,-890,-524,-61,407,790,996,976,752,368,-98,-529,-825,-941,-850,-570,-173,260,630,856,895,732,396,-31,-444,-762,-910,-859,-623,-247,184,576,842,929,819,538,131,-298,-656,-883,-927,-767,-448,-43,359,681,858,849,664,348,-38,-403,-672,-794,-742,-533,-223,109,417,626,683,588,379,96,-204,-444,-569,-562,-426,-204,62,309,474,524,455,277,31,-216,-413,-513,-500,-364,-140,0,0,0,0,0,496,588,549,378,127,-147,-388,-549,-602,-529,-334,-76,189,410,549,565,454,243,-7,-251,-433,-515,-490,-346,-122,115,321,456,483,395,216,-13,-232,-392,-478,-446,-304,-93,141,346,471,487,386,196,-37,-272,-447,-523,-479,-325,-91,171,407,557,580,471,257,-16,-286,-496,-605,-581,-435,-200,93,370,559,631,569,381,107,-187,-434,-591,-618,-512,-294,-7,272,493,613,595,439,191,-93,-357,-545,-623,-568,-384,-108,182,430,591,620,517,320,45,-242,-468,-590,-586,-460,-246,22,280,466,558,534,400,181,-65,-295,-462,-524,-473,-326,-119,100,284,408,445,381,240,58,0,-266,-347,-340,-260,-127,27,160,246,270,223,119,-11,-132,-210,-236,-200,-104,17,138,235,276,241,144,9,-140,-269,-344,-341,-251,-99,76,249,380,434,392,263,72,-155,-353,-477,-506,-434,-268,-32,215,430,560,577,476,267,-7,-284,-498,-620,-626,-497,-263,26,319,554,674,658,515,268,-43,-349,-591,-710,-692,-540,-280,36,344,593,724,710,557,306,-4,-312,-555,-687,-689,-559,-327,-38,248,479,612,635,535,331,71,-189,-404,-536,-566,-490,-325,-108,117,305,429,473,429,311,138,-52,-218,-340,-397,-381,-305,-185,-39,105,222,294,319,298,239,154,60,-24,-88,0,0,0,0,0,102,-1,-111,-236,-350,-425,-446,-395,-277,-110,89,289,454,554,564,478,306,72,-190,-421,-586,-647,-592,-431,-180,108,381,589,684,649,489,231,-77,-377,-607,-716,-676,-498,-223,103,422,661,768,721,523,204,-160,-491,-726,-825,-760,-533,-197,188,546,792,876,784,530,161,-245,-594,-819,-880,-763,-488,-112,294,635,844,874,717,408,10,-383,-691,-862,-846,-654,-321,87,479,762,879,816,575,200,-230,-606,-844,-905,-784,-482,-70,363,718,934,950,752,400,-43,-486,-832,-1013,-986,-742,-338,133,588,934,1090,1020,731,299,-196,-662,-984,-1104,-1008,-704,-249,268,714,999,1088,0,611,149,-344,-763,-1014,-1042,-856,-496,-28,449,831,1029,1007,763,355,-125,-583,-915,-1054,-964,-663,-213,275,707,993,1072,921,567,89,-400,-807,-1054,-1076,-867,-475,18,503,879,1075,1039,778,358,-133,-588,-914,-1042,-940,-650,-232,231,643,902,961,816,489,49,-390,-732,-905,-875,-650,-285,139,542,817,908,799,509,113,-310,-677,-896,-917,-740,-398,30,446,762,916,879,657,300,-125,-525,-807,-913,-828,-575,-203,203,555,777,834,722,462,113,-245,-541,-712,-720,-575,-320,2,310,533,627,581,410,153,-131,-374,-522,-542,-441,-240,14,262,441,519,472,314,86,-169,-389,-513,0,0
61778,mtk,MTK 7916,864605910,rx2-tx0,512,0,0,0,442,-58,-560,-955,-1154,-1100,-807,-330,234,756,1124,1253,1116,743,208,-385,-903,-1222,-1284,-1071,-627,-46,551,1028,1286,1269,970,465,-139,-711,-1131,-1300,-1199,-829,-270,335,866,1205,1285,1080,630,49,-542,-1018,-1261,-1225,-916,-404,188,741,1125,1263,1121,728,179,-413,-911,-1193,-1212,-969,-512,61,618,1030,1198,1100,765,264,-297,-793,-1097,-1143,-929,-509,20,545,944,1130,1050,725,242,-303,-785,-1085,-1139,-933,-507,37,574,992,1182,1112,788,276,-298,-817,-1172,-1260,-1065,-636,-60,526,1010,1286,1279,994,484,-135,-729,-1173,-1365,-1267,-898,-330,314,888,1268,1387,1204,761,160,-480,-1017,-1332,-1365,0,-609,17,637,1115,1355,1299,962,417,-209,-788,-1204,-1362,-1217,-809,-231,401,950,1295,1360,1130,655,28,-605,-1109,-1377,-1356,-1038,-500,148,776,1250,1450,1336,946,356,-321,-926,-1344,-1480,-1299,-836,-207,467,1051,1416,1476,1230,730,74,-593,-1144,-1449,-1450,-1155,-620,46,694,1193,1451,1400,1055,496,-155,-781,-1236,-1429,-1318,-941,-377,260,849,1256,1395,1249,859,294,-324,-867,-1234,-1349,-1196,-812,-271,312,821,1158,1262,1123,768,272,-264,-728,-1041,-1145,-1026,-715,-281,185,597,885,989,908,661,306,-93,-460,-724,-849,-811,-635,-355,-24,292,538,687,716,628,457,234,-4,-214,-369,-452,-463,-413,0,0,0,0,0,-37,-198,-358,-497,-585,-590,-506,-329,-78,206,476,686,785,754,592,314,-35,-398,-703,-890,-914,-761,-458,-59,366,740,983,1037,892,563,113,-376,-803,-1092,-1171,-1006,-644,-143,409,885,1201,1279,1102,703,144,-449,-963,-1300,-1375,-1168,-722,-130,500,1032,1361,1422,1193,714,90,-558,-1098,-1414,-1441,-1178,-678,-45,603,1122,1400,1391,1096,578,-55,-663,-1129,-1357,-1299,-974,-446,165,723,1120,1272,1149,790,261,-310,-798,-1106,-1170,-980,-580,-60,472,888,1096,1061,790,339,-181,-655,-983,-1095,-959,-600,-104,410,839,1088,1092,853,424,-109,-618,-1002,-1173,-1087,-760,-267,291,794,1128,1220,1044,643,0,-476,-950,-1218,-1219,-957,-492,88,661,1081,1269,1187,840,309,-291,-837,-1200,-1300,-1120,-695,-106,509,1012,1315,1324,1038,534,-92,-710,-1180,-1395,-1312,-946,-374,280,870,1283,1421,1245,802,192,-462,-1015,-1345,-1382,-1128,-635,-4,620,1102,1338,1281,944,404,-214,-768,-1152,-1287,-1126,-724,-170,424,911,1187,1196,937,479,-80,-619,-1015,-1180,-1077,-736,-248,290,762,1060,1122,932,535,22,-484,-871,-1056,-1001,-733,-310,176,613,903,986,846,520,83,-361,-704,-883,-855,-625,-257,160,539,787,841,699,391,-9,-409,-706,-836,-774,-524,-143,273,626,838,863,682,339,-89,-513,-825,-950,-863,-574,-145,0,0,0,0,0,1000,1105,975,627,128,-416,-882,-1162,-1197,-974,-541,15,579,1030,1266,1230,929,424,-173,-736,-1141,-1303,-1190,-812,-256,346,877,1223,1303,1097,658,69,-533,-1011,-1275,-1256,-961,-459,147,711,1121,1287,1162,783,237,-367,-887,-1208,-1263,-1038,-586,3,586,1032,1247,1185,857,344,-239,-760,-1115,-1222,-1052,-649,-106,462,913,1155,1137,863,399,-158,-678,-1031,-1141,-996,-626,-110,426,870,1111,1099,833,375,-167,-683,-1045,-1169,-1028,-652,-123,443,911,1185,1200,933,455,-124,-686,-1104,-1287,-1183,-815,-273,347,894,1243,1338,1139,689,91,-534,-1048,-1337,-1341,-1068,-561,78,699,1166,1381,1306,957,394,-250,0,-1238,-1378,-1225,-807,-213,424,963,1292,1348,1109,621,7,-601,-1081,-1333,-1300,-985,-446,192,793,1216,1381,1253,849,259,-391,-966,-1331,-1412,-1200,-733,-102,561,1114,1423,1433,1143,601,-64,-707,-1211,-1471,-1416,-1066,-488,198,839,1295,1492,1374,960,348,-333,-940,-1345,-1471,-1299,-853,-230,432,997,1352,1424,1207,734,100,-540,-1056,-1358,-1381,-1120,-630,-16,598,1084,1348,1342,1062,565,-27,-608,-1064,-1301,-1279,-1008,-544,15,558,971,1189,1178,934,521,26,-458,-837,-1042,-1045,-845,-498,-72,352,689,883,902,762,487,137,-222,-526,-723,-785,-713,-529,-267,21,290,491,603,618,547,411,242,72,-76,0,0,0,0,0,412,422,361,228,35,-191,-415,-597,-700,-699,-583,-354,-51,276,572,779,858,782,557,210,-184,-556,-839,-972,-927,-701,-321,136,582,930,1097,1050,799,376,-131,-631,-1027,-1222,-1170,-886,-421,138,700,1122,1320,1261,950,446,-156,-745,-1201,-1408,-1333,-990,-440,208,814,1264,1461,1355,971,401,-260,-870,-1295,-1457,-1318,-911,-319,328,898,1282,1401,1231,806,222,-405,-934,-1254,-1307,-1087,-637,-60,517,969,1203,1175,903,442,-112,-634,-1005,-1146,-1027,-691,-203,329,771,1036,1085,882,473,-36,-536,-917,-1093,-1026,-734,-272,269,752,1062,1144,977,595,75,-471,-918,-1167,-1166,-912,-453,109,649,1055,0,1152,809,295,-287,-813,-1164,-1265,-1091,-678,-110,483,976,1258,1262,991,504,-99,-687,-1133,-1328,-1240,-878,-322,311,886,1272,1386,1193,745,144,-502,-1051,-1365,-1392,-1120,-600,42,676,1172,1405,1334,987,431,-227,-835,-1244,-1384,-1233,-812,-220,410,940,1259,1302,1060,579,-18,-596,-1040,-1246,-1174,-849,-338,245,768,1107,1193,1020,624,81,-468,-900,-1134,-1117,-848,-398,132,627,971,1099,976,641,174,-325,-751,-997,-1010,-798,-424,33,481,803,937,860,584,179,-255,-622,-835,-850,-661,-323,88,473,742,835,732,451,60,-346,-672,-840,-814,-601,-244,184,573,834,907,771,449,15,-425,-782,-967,0,0
61779,mtk,MTK 7916,864605910,rx2-tx1,512,0,0,0,345,753,1005,1047,866,484,-4,-482,-864,-1075,-1053,-802,-389,102,576,927,1077,994,706,267,-228,-667,-957,-1034,-887,-554,-102,364,741,951,956,747,375,-74,-502,-801,-918,-824,-541,-140,286,651,860,866,669,313,-112,-515,-808,-915,-813,-516,-88,358,721,932,937,725,346,-117,-565,-891,-1022,-924,-617,-175,319,748,1013,1052,857,462,-45,-542,-924,-1108,-1048,-756,-285,257,748,1086,1188,1036,658,126,-442,-927,-1221,-1250,-1011,-569,-7,580,1051,1289,1265,978,478,-119,-684,-1102,-1297,-1227,-890,-377,207,749,1128,1268,1152,799,285,-276,-776,-1111,-1205,-1053,-697,-199,328,768,1033,1078,903,0,94,-369,-732,-915,-906,-708,-361,50,423,690,795,720,484,148,-207,-503,-678,-687,-542,-272,56,364,583,660,575,356,55,-266,-514,-640,-626,-454,-159,179,484,685,730,610,337,-28,-396,-704,-875,-849,-627,-265,173,600,913,1041,953,657,223,-272,-731,-1045,-1156,-1028,-691,-210,330,816,1144,1237,1082,707,185,-375,-875,-1198,-1285,-1128,-754,-230,339,851,1194,1302,1162,804,297,-259,-756,-1092,-1219,-1120,-805,-358,135,588,918,1058,1000,755,371,-54,-442,-737,-877,-846,-661,-364,-10,331,589,728,730,601,369,80,-205,-440,-596,-636,-574,-430,-229,-8,202,359,446,460,412,325,217,0,0,0,0,0,302,400,447,435,364,235,58,-148,-346,-493,-563,-544,-435,-241,-4,239,446,572,589,499,315,64,-204,-435,-586,-627,-536,-335,-68,226,486,643,670,566,335,28,-297,-568,-726,-732,-593,-327,14,358,638,795,789,622,326,-40,-407,-695,-842,-820,-630,-309,82,459,740,868,814,595,255,-143,-513,-783,-885,-792,-531,-164,232,573,798,852,727,457,87,-301,-618,-806,-818,-643,-337,32,388,663,799,755,537,208,-161,-502,-736,-808,-695,-432,-78,289,602,796,810,642,338,-34,-394,-674,-808,-781,-588,-256,129,477,723,808,721,478,134,-243,-568,-766,-792,-651,-374,-7,365,0,795,759,565,246,-131,-472,-712,-803,-714,-469,-128,242,553,736,761,612,328,-33,-384,-643,-756,-702,-490,-148,232,554,751,779,640,352,-28,-405,-694,-840,-795,-580,-234,178,562,813,886,774,497,103,-325,-669,-873,-885,-697,-353,67,466,764,896,822,559,175,-247,-620,-857,-893,-732,-404,24,445,765,919,869,615,226,-222,-628,-892,-964,-820,-490,-55,398,778,989,974,753,365,-117,-578,-916,-1058,-969,-667,-226,262,703,994,1067,913,565,98,-396,-795,-1017,-1022,-808,-417,52,507,854,1007,934,657,241,-222,-633,-902,-971,-821,-488,-54,396,762,962,938,704,321,-138,-571,0,0,0,0,0,-980,-722,-313,172,635,958,1074,966,655,205,-293,-738,-1025,-1090,-921,-555,-78,410,810,1033,1037,813,418,-60,-524,-865,-1012,-942,-666,-248,218,620,882,945,791,467,46,-385,-722,-883,-841,-609,-237,194,579,827,886,736,412,-17,-441,-772,-937,-885,-627,-223,238,651,923,986,833,483,20,-446,-824,-1029,-1001,-751,-321,188,652,967,1076,954,612,129,-393,-838,-1101,-1127,-899,-465,82,615,1017,1216,1155,837,335,-241,-773,-1157,-1298,-1163,-786,-238,365,888,1220,1307,1133,716,143,-449,-949,-1250,-1275,-1044,-604,-39,524,974,1220,1207,953,507,-37,-558,-953,-1144,-1094,-818,-388,106,569,0,1007,930,647,242,-191,-568,-801,-852,-729,-446,-72,301,592,740,709,517,216,-122,-426,-628,-676,-561,-313,6,311,539,649,598,404,113,-217,-500,-658,-667,-517,-234,112,451,696,793,715,465,90,-319,-676,-900,-946,-795,-458,-5,461,843,1067,1078,862,452,-51,-561,-976,-1184,-1155,-901,-462,82,619,1037,1249,1214,937,479,-79,-627,-1055,-1287,-1265,-993,-532,18,564,997,1240,1243,1009,591,70,-447,-855,-1094,-1121,-942,-593,-152,304,684,917,969,836,556,185,-203,-536,-755,-816,-722,-501,-198,127,408,598,689,656,498,270,11,-239,-426,-540,-568,-509,-380,-215,-45,107,217,281,0,0,0,0,0,-233,-125,11,173,333,456,523,520,431,267,54,-175,-378,-525,-587,-539,-388,-167,90,337,522,615,585,437,207,-70,-342,-551,-648,-612,-447,-188,119,408,619,712,665,467,169,-161,-465,-691,-784,-712,-486,-154,212,536,761,840,741,487,132,-254,-589,-808,-863,-737,-459,-82,315,638,833,860,704,401,17,-378,-692,-856,-839,-644,-314,72,444,727,846,788,570,229,-155,-502,-735,-809,-709,-451,-93,280,590,769,776,621,330,-42,-401,-673,-807,-764,-547,-218,162,515,751,824,723,466,115,-261,-579,-775,-809,-666,-369,-3,359,650,799,772,576,250,-125,-473,-715,-797,-706,0,-125,248,571,770,796,655,373,4,-360,-637,-783,-752,-547,-231,130,460,690,757,655,400,59,-298,-593,-751,-741,-558,-246,134,485,730,813,723,460,91,-303,-643,-846,-864,-687,-366,34,438,747,893,847,612,236,-192,-574,-827,-897,-759,-452,-47,364,702,882,853,639,282,-141,-538,-812,-912,-805,-516,-99,345,706,914,927,725,357,-90,-525,-849,-987,-916,-635,-206,274,693,965,1028,868,516,49,-434,-824,-1042,-1038,-806,-399,93,561,913,1063,979,693,262,-227,-664,-952,-1029,-882,-550,-97,370,749,959,956,746,369,-91,-522,-842,-976,-889,-598,-180,272,672,931,975,804,0,0
61780,mtk,MTK 7916,864637357,rx0-tx0,512,-330,-278,-95,-731,-742,-710,-638,-534,-397,-246,-84,83,248,396,516,615,683,720,718,671,593,492,358,211,50,-110,-263,-410,-533,-636,-699,-731,-726,-678,-600,-490,-355,-192,-22,148,316,463,591,688,740,760,733,674,575,442,289,117,-52,-217,-376,-508,-607,-681,-718,-723,-689,-612,-512,-383,-238,-85,72,222,370,497,588,660,695,697,657,597,494,368,226,65,-98,-254,-399,-520,-613,-667,-685,-672,-617,-538,-421,-283,-138,16,161,297,415,507,575,603,611,581,515,436,337,221,88,-46,-164,-275,-368,-438,-491,-519,-519,-495,-451,-385,-303,-206,-99,18,127,232,327,399,459,495,-26,499,452,388,310,210,105,-11,-126,-243,-346,-431,-493,-532,-537,-521,-471,-394,-296,-182,-59,67,199,314,419,504,548,573,557,512,440,340,228,100,-40,-176,-296,-405,-489,-547,-568,-565,-535,-475,-376,-266,-139,-3,127,253,370,464,535,574,584,562,499,403,295,160,10,-139,-280,-408,-506,-571,-588,-572,-530,-444,-325,-189,-47,98,223,338,423,463,482,466,414,345,255,149,51,-42,-130,-199,-249,-284,-295,-292,-271,-235,-200,-155,-100,-43,6,48,92,129,153,169,179,184,180,159,130,100,61,19,-21,-64,-100,-138,-165,-175,-165,-146,-112,-64,-13,40,84,113,-784,-531,510,350,518,-25,18,74,120,161,185,185,173,145,103,50,-6,-59,-111,-159,-195,-223,-235,-235,-220,-194,-158,-113,-52,15,85,148,214,280,332,364,370,357,325,267,182,75,-42,-161,-277,-381,-477,-541,-566,-556,-512,-428,-313,-173,-12,164,325,467,596,688,737,730,680,591,453,288,89,-111,-302,-481,-629,-741,-810,-823,-793,-708,-575,-413,-218,-3,201,391,561,692,790,844,840,788,689,546,377,187,-8,-211,-404,-559,-684,-772,-819,-822,-775,-688,-564,-399,-219,-22,178,359,524,657,762,806,812,786,698,578,420,236,51,-136,-315,-479,-615,-715,-772,-783,-760,-699,-592,-455,301,-117,65,235,391,529,638,715,751,753,711,634,534,405,248,78,-90,-264,-426,-568,-680,-758,-799,-782,-731,-639,-515,-359,-188,-7,177,354,508,632,724,776,797,773,711,622,490,334,165,-20,-204,-373,-531,-660,-763,-824,-843,-818,-755,-644,-504,-339,-148,56,252,444,612,748,852,896,896,859,776,638,467,275,61,-157,-365,-553,-711,-834,-904,-911,-890,-815,-688,-532,-337,-137,72,274,450,605,730,811,849,846,796,700,579,425,242,62,-122,-305,-465,-594,-698,-768,-793,-768,-717,-624,-501,-349,-179,-8,164,322,471,595,686,738,747,727,670,575,456,303,140,-29,-153,203,-82,649,875,-122,56,223,375,512,623,697,735,732,688,607,502,378,231,69,-100,-263,-405,-531,-626,-688,-717,-706,-668,-594,-489,-359,-207,-47,126,287,433,558,660,724,746,737,688,600,477,325,157,-14,-189,-349,-492,-611,-696,-741,-745,-716,-647,-535,-402,-254,-95,68,230,374,495,597,664,697,695,661,595,493,371,237,85,-77,-229,-371,-498,-595,-666,-701,-692,-652,-574,-467,-332,-182,-31,129,277,414,527,601,643,651,623,562,474,369,241,104,-34,-175,-288,-391,-470,-530,-564,-559,-532,-479,-396,-305,-202,-84,36,145,248,338,409,464,493,503,488,450,381,299,209,108,628,-118,-229,-321,-408,-472,-511,-523,-511,-470,-402,-314,-213,-92,30,157,275,380,464,523,552,557,524,464,385,271,152,17,-122,-249,-364,-455,-523,-560,-566,-530,-476,-399,-295,-174,-46,80,209,330,431,499,554,572,563,524,452,349,231,95,-47,-187,-324,-430,-520,-585,-606,-587,-531,-445,-328,-194,-39,106,248,375,472,530,558,540,487,411,292,171,45,-82,-192,-278,-351,-388,-395,-382,-344,-288,-218,-143,-67,-1,65,119,158,195,217,226,219,207,187,153,113,76,35,-4,-45,-83,-115,-140,-163,-169,-167,-156,-135,-107,-63,-13,36,80,123,147,155,144,112,65,616,376,-82,663,501,130,148,141,118,76,19,-37,-88,-137,-178,-200,-205,-200,-185,-157,-114,-66,-9,47,103,155,198,241,272,287,284,265,233,179,111,28,-64,-155,-251,-335,-401,-448,-463,-452,-411,-343,-250,-122,17,162,306,433,539,615,664,656,600,513,390,230,51,-137,-317,-483,-625,-730,-788,-794,-748,-648,-510,-346,-150,54,258,452,608,733,817,847,821,753,637,479,298,94,-110,-306,-487,-635,-747,-815,-835,-812,-736,-616,-474,-303,-107,95,293,464,612,725,790,821,798,734,629,491,325,131,-52,-247,-428,-573,-698,-777,-810,-802,-743,-645,-515,-357,-173,15,199,371,526,642,-176,765,765,727,651,546,407,253,86,-87,-256,-402,-537,-652,-730,-763,-759,-721,-644,-532,-395,-233,-45,140,314,474,608,711,770,798,783,720,618,492,336,166,-12,-197,-358,-512,-643,-731,-786,-809,-784,-731,-632,-502,-341,-160,30,221,407,565,695,797,858,870,838,766,648,498,312,105,-96,-297,-500,-672,-798,-885,-923,-909,-850,-745,-598,-414,-195,17,219,427,596,739,836,880,884,836,751,629,471,287,94,-102,-297,-463,-602,-721,-795,-820,-809,-751,-652,-529,-385,-215,-29,149,318,471,593,690,746,767,749,693,604,475,322,154,-15,-179,-342,-482,-603,-693,-734,-752,592,644
61781,mtk,MTK 7916,864637357,rx0-tx1,512,-686,32,-152,-615,-495,-351,-192,-18,155,317,453,563,650,696,696,667,602,508,394,254,106,-42,-186,-313,-421,-514,-582,-619,-619,-593,-549,-472,-376,-259,-131,-4,126,253,367,462,543,601,623,627,595,536,444,332,205,60,-89,-236,-382,-507,-606,-679,-714,-717,-682,-607,-502,-376,-220,-37,137,310,470,593,689,753,776,757,692,589,465,314,140,-39,-218,-385,-525,-637,-724,-762,-763,-725,-641,-535,-387,-229,-60,109,273,418,534,630,693,718,714,672,588,472,330,181,15,-150,-305,-436,-550,-635,-684,-703,-681,-618,-531,-415,-276,-125,30,180,325,457,564,635,684,689,652,581,-38,360,208,56,-105,-263,-397,-520,-609,-665,-691,-674,-628,-539,-414,-275,-122,41,205,356,481,584,656,687,685,636,555,443,307,147,-15,-182,-336,-467,-575,-640,-675,-663,-613,-537,-426,-298,-151,5,155,295,409,500,570,593,587,557,503,409,299,179,41,-90,-210,-327,-424,-488,-528,-547,-526,-483,-409,-319,-226,-100,26,147,268,370,449,513,537,515,479,408,311,203,71,-61,-178,-284,-378,-442,-476,-478,-452,-396,-321,-224,-117,-4,112,216,302,363,403,414,394,347,277,195,98,-7,-109,-198,-276,-327,-356,-356,-319,-260,-173,-69,41,139,217,267,275,245,183,108,964,446,0,326,-79,178,175,152,100,26,-51,-125,-183,-227,-251,-248,-220,-179,-119,-52,19,86,149,196,233,254,253,238,203,155,103,30,-32,-91,-139,-186,-216,-224,-227,-210,-178,-140,-99,-57,-16,23,63,87,101,122,136,145,154,160,159,157,144,130,98,59,31,-13,-68,-121,-162,-198,-227,-241,-247,-240,-206,-172,-128,-63,3,59,110,161,209,246,265,268,270,255,223,185,137,81,19,-52,-118,-176,-235,-290,-325,-345,-355,-332,-299,-242,-172,-94,7,103,191,280,340,385,421,418,399,359,301,229,127,25,-78,-179,-273,-349,-404,-442,-455,-447,-407,-349,-280,-188,-82,20,-48,224,317,400,460,493,506,489,441,367,281,177,58,-63,-194,-314,-411,-496,-547,-575,-573,-535,-466,-367,-243,-114,24,162,285,400,493,558,595,591,564,503,426,319,203,76,-58,-179,-310,-420,-511,-574,-612,-617,-596,-534,-455,-350,-232,-99,51,193,329,448,557,634,673,688,664,600,509,395,248,93,-76,-246,-406,-539,-648,-731,-772,-768,-719,-626,-511,-356,-183,-10,188,357,514,647,740,796,805,762,676,559,422,261,78,-105,-277,-438,-573,-670,-735,-766,-755,-701,-607,-491,-349,-185,-12,163,323,472,595,688,746,759,737,666,564,434,277,106,-68,-244,-398,-529,510,665,9,-1233,-1208,422,558,649,712,734,712,651,556,439,299,133,-32,-186,-329,-450,-550,-627,-661,-662,-624,-554,-468,-360,-241,-106,31,156,284,399,484,556,591,608,606,565,495,402,299,171,38,-97,-236,-362,-472,-567,-633,-671,-671,-641,-583,-486,-365,-219,-59,102,267,423,549,653,727,754,741,701,614,487,341,174,-3,-181,-351,-499,-619,-708,-761,-770,-743,-673,-565,-434,-271,-95,75,253,403,539,649,716,746,735,690,610,503,363,204,40,-123,-286,-430,-544,-624,-678,-706,-693,-638,-552,-438,-300,-152,1,163,309,441,551,630,671,677,655,601,511,386,250,99,-59,-216,-358,634,-583,-654,-681,-685,-637,-553,-450,-314,-169,-10,148,299,441,551,632,674,690,661,591,493,374,220,64,-109,-272,-412,-534,-627,-681,-696,-672,-600,-501,-375,-228,-66,104,252,384,493,573,628,638,615,555,467,365,229,79,-58,-189,-316,-417,-489,-536,-556,-542,-511,-450,-357,-253,-138,-12,118,231,336,416,482,527,530,510,462,379,282,168,27,-96,-211,-328,-414,-476,-512,-507,-473,-421,-329,-219,-100,22,139,248,337,404,441,447,430,381,307,213,117,9,-95,-193,-275,-335,-376,-386,-363,-318,-247,-154,-56,52,156,240,304,331,324,283,213,118,14,-81,-153,-196,-1043,-1000,0,224,223,-5,-68,-131,-188,-220,-227,-204,-158,-99,-26,52,120,179,225,252,259,244,211,163,108,40,-30,-96,-160,-203,-236,-252,-246,-226,-194,-150,-92,-38,15,73,120,150,168,179,180,181,168,144,120,100,66,41,13,-13,-37,-66,-93,-125,-158,-175,-194,-211,-211,-195,-167,-130,-77,-20,36,104,156,193,232,262,265,255,237,213,170,118,58,5,-53,-117,-165,-213,-254,-283,-302,-304,-285,-259,-221,-162,-91,-21,58,135,209,281,337,382,402,387,360,307,233,158,57,-54,-150,-244,-317,-384,-429,-437,-431,-403,-352,-277,-196,-99,2,105,208,294,372,435,465,470,-1135,418,363,283,178,73,-42,-153,-264,-356,-433,-497,-529,-545,-526,-473,-392,-285,-163,-31,108,244,367,473,542,589,600,577,523,444,337,211,75,-58,-187,-304,-415,-505,-561,-599,-597,-577,-526,-442,-335,-217,-88,43,184,312,426,524,593,641,650,626,566,485,376,239,97,-52,-205,-351,-481,-597,-683,-726,-739,-709,-637,-525,-391,-237,-57,125,307,464,596,708,769,797,778,707,607,474,311,133,-57,-246,-414,-558,-668,-752,-790,-778,-735,-650,-527,-376,-217,-44,130,302,453,574,676,737,758,740,685,594,467,316,147,-28,-206,-369,-508,-622,-705,-744,-749,-714,-635,-528,-384,-93
61782,mtk,MTK 7916,864637357,rx1-tx0,512,0,-391,423,70,172,264,353,416,463,490,493,478,433,355,271,176,56,-74,-198,-317,-422,-514,-577,-606,-613,-582,-522,-428,-300,-161,1,159,313,459,578,670,730,746,710,641,536,396,229,45,-138,-321,-478,-616,-719,-779,-790,-763,-700,-583,-431,-270,-98,91,272,431,566,669,740,763,750,704,620,499,359,193,26,-135,-297,-448,-578,-673,-729,-752,-739,-687,-593,-473,-324,-157,30,206,359,506,621,716,757,755,722,651,541,392,231,47,-132,-302,-457,-583,-670,-720,-728,-701,-639,-533,-400,-250,-84,81,242,387,497,587,637,649,627,574,491,379,246,113,-33,-164,-274,-372,-277,-513,-526,-519,-497,-445,-371,-282,-178,-75,22,118,214,302,362,416,441,449,439,401,348,290,207,115,18,-81,-175,-270,-341,-400,-434,-453,-447,-420,-376,-309,-229,-140,-40,67,170,265,352,425,477,505,511,495,445,374,283,172,46,-93,-225,-346,-461,-554,-615,-642,-632,-580,-492,-372,-219,-60,113,288,450,581,671,722,723,666,578,446,276,105,-78,-258,-405,-529,-619,-657,-655,-605,-532,-427,-292,-139,13,155,286,395,480,523,530,510,457,381,283,163,37,-81,-185,-281,-357,-403,-425,-419,-383,-312,-225,-124,-12,101,202,281,340,358,339,281,196,94,-12,-96,-1181,-1542,0,-521,-435,29,11,-11,-35,-58,-72,-84,-88,-80,-66,-49,-28,1,21,49,72,90,107,112,107,96,87,71,47,18,-10,-37,-65,-88,-108,-118,-127,-135,-139,-132,-118,-102,-73,-41,0,42,85,133,174,205,231,246,247,234,207,151,85,17,-74,-159,-239,-310,-360,-397,-404,-368,-311,-238,-142,-28,87,200,308,381,440,476,472,434,370,286,174,58,-68,-193,-300,-394,-454,-485,-483,-451,-390,-307,-208,-102,20,130,227,307,369,404,412,407,368,306,231,148,67,-18,-97,-167,-223,-258,-284,-304,-304,-289,-260,-231,-194,-142,-97,-41,19,76,141,196,247,290,316,320,489,300,262,205,138,65,-14,-95,-176,-251,-311,-355,-384,-390,-378,-345,-290,-219,-132,-41,57,150,235,313,367,401,423,421,389,343,280,191,102,1,-101,-189,-271,-344,-402,-436,-449,-441,-399,-343,-270,-192,-92,9,107,204,295,362,412,453,457,440,414,362,284,198,100,1,-94,-200,-286,-367,-445,-495,-517,-513,-485,-430,-351,-252,-130,-3,135,267,381,484,553,596,609,576,505,410,295,162,14,-137,-274,-390,-485,-548,-576,-584,-549,-487,-399,-286,-170,-45,79,199,301,374,431,472,485,470,437,387,317,232,139,43,-54,-149,-229,-305,-362,-402,-427,-433,-414,-388,122,-167,0,-1627,-1684,458,430,388,327,241,150,43,-69,-178,-290,-377,-444,-507,-549,-556,-529,-478,-402,-302,-178,-44,97,241,375,500,588,654,683,671,629,541,420,278,112,-67,-239,-396,-542,-657,-738,-775,-771,-721,-626,-496,-337,-158,31,212,396,551,663,734,776,784,735,650,533,390,228,53,-118,-285,-441,-566,-663,-729,-747,-738,-688,-607,-490,-348,-186,-16,158,328,475,598,689,750,769,736,670,569,434,279,106,-69,-240,-409,-554,-654,-724,-755,-741,-691,-599,-474,-323,-159,16,186,352,494,599,666,702,699,653,565,451,324,174,23,-128,-267,-390,-493,-552,-587,-593,-557,-503,-427,315,-199,-71,38,150,251,335,407,456,475,469,449,415,350,275,186,87,-7,-104,-198,-274,-345,-407,-438,-449,-439,-419,-368,-301,-216,-121,-25,75,168,264,343,405,448,473,477,452,407,343,260,163,55,-56,-173,-289,-383,-470,-530,-572,-580,-546,-493,-405,-284,-143,7,162,317,452,576,654,695,693,647,559,428,273,96,-102,-282,-439,-582,-668,-710,-714,-659,-567,-445,-288,-117,56,212,349,469,550,595,592,558,496,404,287,151,16,-113,-236,-337,-422,-469,-477,-457,-413,-346,-251,-152,-46,64,174,266,334,383,401,380,324,248,149,34,-78,-177,-246,-281,-274,-227,935,74,0,-19,81,-42,-65,-72,-69,-52,-30,-7,17,41,63,80,92,95,91,87,75,59,37,7,-21,-43,-64,-87,-100,-110,-114,-117,-113,-98,-81,-54,-28,-1,32,62,88,121,149,171,183,184,182,168,133,87,38,-19,-79,-137,-206,-263,-296,-323,-329,-304,-266,-203,-126,-35,81,192,286,360,418,445,441,413,349,258,162,47,-79,-195,-303,-395,-459,-490,-492,-453,-390,-302,-195,-78,49,169,274,357,413,449,461,433,386,311,220,116,16,-83,-180,-255,-307,-342,-360,-358,-330,-292,-240,-184,-130,-68,0,67,122,165,213,243,265,287,291,284,258,223,184,131,61,-14,-571,-150,-221,-275,-319,-347,-359,-353,-325,-276,-212,-139,-56,37,121,206,279,343,384,402,404,382,342,283,199,116,26,-79,-171,-256,-331,-388,-419,-438,-427,-392,-339,-274,-189,-92,5,110,207,292,361,410,446,448,438,404,350,271,190,94,-16,-103,-197,-290,-365,-421,-458,-468,-468,-434,-378,-317,-234,-133,-22,96,210,317,411,488,540,564,561,514,444,346,224,94,-56,-207,-341,-452,-540,-601,-620,-599,-542,-457,-352,-222,-91,45,182,297,399,470,514,533,524,483,416,331,240,137,26,-76,-170,-260,-333,-387,-423,-441,-437,-410,-370,-319,-246,-170,-79,19,108,186,420,458
61783,mtk,MTK 7916,864637357,rx1-tx1,512,0,0,0,-335,-87,188,413,517,468,289,26,-257,-456,-514,-431,-227,39,288,452,482,364,139,-121,-337,-443,-417,-264,-35,197,361,414,333,147,-81,-281,-397,-386,-253,-40,190,361,416,337,151,-85,-299,-425,-417,-284,-60,185,381,462,396,205,-53,-300,-462,-491,-372,-136,149,388,521,500,327,61,-224,-449,-540,-474,-267,23,300,487,529,415,171,-122,-373,-518,-504,-338,-77,205,435,532,469,269,-10,-287,-484,-539,-434,-203,89,360,520,523,384,135,-148,-388,-517,-495,-325,-69,201,412,496,434,258,7,-240,-415,-471,-387,-190,45,261,396,416,319,131,-90,-264,-352,-340,0,-71,112,249,294,245,124,-19,-149,-225,-221,-137,-11,115,199,211,151,39,-95,-197,-234,-193,-87,59,188,267,262,172,21,-147,-281,-339,-291,-154,46,242,369,394,305,125,-106,-317,-448,-444,-315,-97,165,390,501,473,312,58,-220,-449,-551,-497,-301,-17,287,510,591,506,279,-30,-331,-552,-625,-523,-278,43,358,571,630,520,265,-54,-359,-572,-632,-518,-269,46,346,553,604,495,256,-44,-322,-508,-559,-461,-247,18,273,450,502,421,240,4,-226,-390,-443,-378,-223,-20,178,325,380,344,223,51,-121,-256,-323,-315,-235,-107,34,153,232,259,233,162,78,2,0,0,0,0,0,-175,-96,18,156,284,364,375,310,164,-30,-236,-400,-483,-448,-304,-85,164,389,520,526,400,168,-119,-380,-548,-580,-452,-206,94,379,563,599,472,211,-107,-405,-598,-618,-460,-177,162,469,652,643,453,136,-225,-533,-700,-671,-453,-98,287,599,751,690,431,51,-350,-656,-774,-680,-397,4,401,682,770,634,319,-86,-467,-712,-752,-573,-229,187,549,750,728,490,103,-307,-629,-768,-690,-402,7,422,707,789,640,298,-143,-544,-786,-805,-586,-193,265,651,859,821,541,97,-381,-757,-923,-830,-492,-8,478,837,964,815,435,-65,-555,-889,-976,-789,-374,147,616,904,943,0,265,-241,-677,-921,-893,-601,-139,361,748,917,820,485,6,-477,-815,-912,-740,-350,146,601,888,911,666,224,-288,-717,-938,-890,-581,-104,407,799,958,844,494,-7,-511,-858,-957,-778,-371,137,598,882,905,673,246,-248,-656,-864,-816,-531,-93,362,701,826,699,364,-79,-491,-750,-782,-577,-198,244,609,788,731,450,35,-391,-708,-807,-669,-339,91,499,767,812,615,244,-189,-566,-777,-763,-528,-144,278,609,761,693,429,51,-326,-605,-708,-593,-313,43,373,581,608,459,187,-132,-398,-535,-502,-317,-48,222,419,479,387,174,-92,-327,-455,-435,-282,-40,213,404,468,381,0,0,0,0,0,-367,-492,-474,-316,-57,221,426,512,454,257,-13,-277,-461,-505,-400,-185,83,318,453,454,318,93,-154,-353,-435,-379,-207,23,244,385,405,296,94,-137,-322,-405,-365,-202,22,243,389,419,310,107,-130,-330,-441,-413,-250,-5,248,431,478,385,174,-98,-349,-499,-497,-345,-94,185,419,534,483,292,15,-266,-468,-534,-442,-219,68,333,500,522,382,122,-170,-406,-526,-489,-308,-27,264,468,535,452,239,-48,-325,-506,-535,-410,-166,124,368,502,502,358,109,-175,-406,-512,-470,-294,-38,226,415,484,413,226,-23,-257,-409,-441,-347,-160,64,263,376,373,264,91,-101,0,-330,-303,-185,-22,133,239,260,194,72,-63,-173,-221,-186,-88,39,157,219,201,113,-12,-143,-237,-255,-187,-52,102,237,303,280,162,-10,-191,-326,-371,-306,-138,82,287,410,425,319,107,-139,-351,-472,-468,-323,-75,199,420,526,488,310,35,-254,-478,-572,-504,-295,3,306,526,602,513,274,-45,-350,-561,-629,-522,-267,56,363,583,644,523,267,-53,-360,-569,-623,-514,-270,41,334,531,585,478,256,-26,-294,-481,-536,-451,-244,14,253,419,476,404,229,6,-205,-356,-414,-360,-222,-36,152,295,355,326,225,78,-83,-212,-288,-298,-243,-143,-27,80,156,192,185,0,0,0,0,0,-179,-260,-303,-287,-208,-74,96,265,394,442,391,244,31,-204,-398,-504,-494,-359,-131,140,386,538,552,434,203,-94,-374,-552,-586,-466,-218,95,388,575,601,464,195,-135,-436,-615,-626,-462,-159,200,504,670,649,454,123,-259,-573,-728,-681,-446,-79,318,631,766,684,406,16,-373,-667,-774,-654,-352,44,440,703,762,604,273,-134,-508,-730,-739,-531,-167,242,584,764,709,449,53,-363,-673,-781,-661,-349,73,474,746,799,616,252,-194,-594,-822,-810,-562,-142,328,707,889,817,506,49,-431,-804,-945,-816,-462,27,512,859,968,804,402,-104,-577,-894,-954,-740,-327,176,0,923,918,655,211,-294,-711,-916,-854,-541,-72,415,783,920,781,412,-72,-535,-851,-913,-706,-288,213,659,911,899,617,156,-352,-762,-951,-865,-527,-39,460,827,962,810,430,-68,-551,-872,-934,-720,-303,194,630,878,870,608,175,-303,-684,-854,-765,-447,-5,430,731,807,633,271,-165,-554,-777,-760,-506,-107,325,663,802,706,400,-28,-449,-739,-815,-652,-301,144,539,774,788,573,191,-243,-598,-778,-735,-485,-97,307,611,733,646,373,8,-345,-591,-660,-533,-256,89,392,557,552,384,115,-181,-409,-505,-443,-247,19,268,432,456,332,107,-155,-367,-457,-403,-227,23,271,0,0
61784,mtk,MTK 7916,864637357,rx2-tx0,512,0,0,0,-613,-44,555,1004,1171,991,511,-133,-755,-1160,-1233,-944,-372,314,915,1253,1229,842,208,-494,-1060,-1317,-1182,-702,-15,679,1165,1313,1069,509,-198,-844,-1246,-1277,-926,-299,412,997,1286,1186,728,51,-639,-1132,-1284,-1058,-514,183,820,1208,1234,883,269,-429,-993,-1251,-1133,-678,-25,629,1090,1222,980,438,-230,-818,-1152,-1137,-774,-177,468,960,1152,987,519,-103,-688,-1064,-1105,-798,-241,392,904,1138,1023,592,-29,-651,-1079,-1176,-905,-356,310,891,1206,1155,756,121,-556,-1081,-1292,-1112,-593,105,783,1232,1320,1015,408,-328,-965,-1335,-1319,-908,-228,516,1115,1391,1264,761,32,-698,-1219,-1392,-1159,0,161,852,1293,1353,1014,379,-365,-1002,-1342,-1280,-841,-166,563,1138,1368,1189,658,-67,-777,-1258,-1367,-1074,-463,288,961,1354,1350,956,277,-491,-1124,-1429,-1323,-834,-97,672,1250,1466,1262,690,-93,-851,-1359,-1482,-1177,-536,262,986,1432,1469,1072,368,-429,-1093,-1448,-1394,-934,-212,565,1174,1447,1308,797,61,-693,-1241,-1431,-1214,-656,85,798,1285,1396,1118,536,-192,-862,-1286,-1354,-1043,-456,245,877,1254,1279,966,403,-257,-832,-1169,-1184,-878,-354,241,757,1057,1061,783,314,-219,-671,-933,-942,-712,-309,159,565,804,833,662,335,-61,-422,-664,-742,-643,-403,-101,196,428,550,551,445,281,99,0,0,0,0,0,-398,-467,-445,-316,-101,167,437,633,700,609,368,18,-358,-662,-821,-784,-541,-142,308,695,913,901,649,208,-305,-760,-1013,-997,-712,-227,342,836,1116,1096,771,213,-416,-944,-1223,-1181,-803,-192,492,1045,1323,1235,813,153,-565,-1133,-1401,-1278,-788,-79,662,1230,1457,1273,733,-17,-763,-1294,-1474,-1237,-649,114,841,1325,1425,1131,523,-229,-914,-1333,-1360,-1004,-365,366,972,1286,1233,822,179,-504,-1022,-1231,-1082,-616,19,637,1059,1155,900,384,-241,-790,-1088,-1048,-698,-137,462,920,1096,939,494,-106,-683,-1056,-1104,-817,-283,342,870,1143,1084,695,88,-550,-1036,-1222,-1042,-552,103,731,1156,0,951,385,-299,-908,-1248,-1220,-829,-183,515,1055,1290,1148,661,-31,-723,-1201,-1318,-1046,-457,277,933,1315,1315,928,258,-494,-1111,-1403,-1276,-778,-48,705,1253,1437,1205,617,-156,-883,-1348,-1413,-1059,-401,371,1031,1381,1326,883,187,-557,-1135,-1369,-1190,-659,56,744,1199,1290,995,405,-299,-903,-1228,-1182,-785,-148,521,1017,1206,1031,542,-101,-710,-1092,-1139,-847,-308,318,840,1103,1032,654,87,-500,-921,-1053,-870,-426,140,643,945,955,672,187,-336,-741,-907,-782,-414,67,517,806,837,596,172,-306,-684,-838,-725,-383,89,531,809,833,587,153,-336,-735,-909,-797,-435,69,564,893,950,711,0,0,0,0,0,-904,-1112,-988,-564,43,652,1085,1201,964,436,-225,-834,-1216,-1244,-904,-294,406,991,1290,1215,784,126,-577,-1113,-1319,-1130,-604,96,764,1209,1301,1010,417,-301,-928,-1273,-1239,-831,-179,523,1065,1289,1127,623,-68,-728,-1173,-1265,-979,-395,312,915,1235,1188,783,140,-536,-1047,-1238,-1056,-567,94,724,1130,1187,878,305,-353,-895,-1160,-1072,-653,-32,588,1017,1136,906,384,-253,-806,-1105,-1064,-689,-100,524,992,1159,971,477,-172,-779,-1150,-1171,-840,-242,439,996,1253,1132,670,-1,-682,-1166,-1314,-1072,-499,221,884,1294,1317,953,316,-420,-1046,-1369,-1289,-834,-132,608,1177,1395,1204,663,-65,-779,0,-1383,-1092,-481,262,919,1312,1320,931,269,-466,-1062,-1344,-1234,-755,-49,676,1199,1367,1128,559,-178,-870,-1312,-1364,-1019,-369,393,1043,1392,1341,895,191,-583,-1192,-1455,-1294,-759,-5,750,1302,1482,1224,607,-181,-913,-1391,-1474,-1131,-455,347,1051,1447,1428,1009,302,-491,-1140,-1460,-1355,-868,-142,622,1207,1434,1254,712,-18,-743,-1253,-1407,-1162,-587,147,830,1280,1369,1079,497,-225,-871,-1269,-1314,-1004,-426,260,859,1218,1236,918,367,-256,-799,-1114,-1122,-830,-332,233,714,993,1001,749,311,-188,-617,-875,-892,-680,-307,121,503,743,793,652,365,5,-334,-574,-672,-621,-451,-211,42,253,380,414,0,0,0,0,0,142,-39,-249,-448,-582,-600,-485,-247,71,397,653,768,705,461,90,-326,-680,-873,-849,-598,-179,306,723,960,954,687,219,-317,-784,-1057,-1047,-748,-229,373,893,1176,1137,781,210,-438,-995,-1281,-1215,-819,-179,521,1088,1365,1261,804,111,-619,-1185,-1424,-1269,-759,-38,706,1265,1467,1252,691,-67,-807,-1319,-1458,-1190,-588,169,876,1324,1397,1069,446,-298,-942,-1308,-1297,-912,-276,430,1001,1272,1164,721,81,-571,-1042,-1194,-988,-496,132,718,1079,1109,803,260,-354,-852,-1093,-998,-595,-10,575,988,1104,883,389,-232,-787,-1104,-1102,-762,-189,452,960,1191,1065,625,-2,-643,-1100,-1232,-1001,-476,0,837,1208,1228,888,289,-406,-984,-1270,-1180,-740,-76,617,1131,1310,1103,561,-153,-832,-1261,-1325,-992,-368,377,1015,1364,1303,855,150,-604,-1187,-1424,-1241,-692,59,788,1297,1429,1140,513,-262,-960,-1373,-1380,-978,-295,472,1094,1386,1270,783,69,-653,-1169,-1340,-1102,-537,174,824,1218,1236,884,275,-413,-965,-1221,-1108,-662,-24,616,1067,1187,945,427,-208,-777,-1104,-1092,-756,-193,421,888,1089,957,539,-32,-577,-941,-1014,-776,-311,234,695,928,877,554,67,-432,-778,-873,-694,-302,185,608,827,782,486,36,-424,-747,-838,-664,-273,211,632,857,820,522,47,-455,-822,-932,-758,-344,188,667,0,0
61785,mtk,MTK 7916,864637357,rx2-tx1,512,0,0,0,-155,-596,-867,-887,-649,-217,280,701,918,865,567,98,-406,-791,-941,-818,-462,28,507,831,909,727,334,-153,-590,-846,-843,-590,-171,289,659,826,744,433,-2,-427,-715,-773,-590,-234,195,565,751,697,429,25,-393,-687,-765,-601,-251,188,573,790,765,501,74,-381,-726,-849,-721,-371,100,554,841,870,641,213,-283,-707,-921,-854,-518,-23,480,846,967,794,377,-162,-663,-975,-998,-720,-231,333,821,1077,1020,660,100,-495,-947,-1136,-1004,-571,24,604,1014,1140,944,478,-127,-693,-1058,-1115,-858,-353,246,758,1053,1063,770,257,-320,-792,-1030,-975,-650,-152,379,784,956,857,519,0,-422,-748,-845,-702,-359,75,462,694,715,520,182,-194,-500,-640,-578,-339,-5,317,531,580,440,161,-161,-427,-552,-498,-286,21,321,518,549,401,117,-215,-486,-610,-549,-308,51,410,660,717,549,208,-207,-586,-815,-805,-558,-143,335,736,944,883,565,88,-429,-843,-1020,-908,-549,-30,519,923,1075,934,540,-16,-576,-981,-1119,-955,-528,43,597,992,1125,959,542,-13,-558,-947,-1083,-929,-542,-27,485,854,982,853,515,53,-403,-735,-859,-757,-461,-65,330,624,741,656,403,61,-282,-536,-640,-582,-379,-95,201,437,555,533,390,171,-72,-282,-414,-450,-394,-269,-109,40,152,0,0,0,0,0,295,226,99,-68,-244,-390,-462,-430,-303,-104,127,338,474,495,394,196,-57,-304,-473,-519,-424,-219,52,313,489,532,432,203,-88,-358,-533,-564,-432,-170,149,430,596,600,432,135,-208,-500,-660,-634,-431,-104,258,559,700,651,412,52,-326,-611,-733,-649,-374,12,390,662,743,617,312,-83,-454,-693,-732,-560,-237,155,508,710,705,493,143,-241,-556,-710,-653,-406,-40,335,607,694,573,292,-74,-420,-643,-667,-492,-171,202,521,684,640,405,57,-311,-592,-697,-597,-326,46,409,648,698,542,228,-150,-485,-678,-663,-458,-118,256,554,681,616,373,10,-363,-615,-682,-554,0,121,453,656,668,478,142,-227,-535,-681,-624,-383,-34,324,578,654,531,252,-109,-435,-631,-628,-430,-99,260,549,665,572,306,-61,-420,-658,-698,-523,-187,209,552,736,701,455,68,-342,-653,-767,-653,-348,62,453,712,755,565,207,-212,-571,-756,-708,-447,-48,375,678,770,630,292,-138,-519,-751,-759,-531,-134,308,656,803,710,405,-32,-467,-765,-837,-661,-278,192,606,845,834,572,131,-351,-733,-899,-802,-471,-1,479,815,916,744,355,-142,-589,-861,-882,-644,-223,263,664,864,800,504,58,-399,-734,-849,-708,-353,104,531,793,812,592,193,-266,-645,-833,-769,-468,-28,0,0,0,0,0,874,672,263,-230,-660,-900,-887,-614,-154,350,749,933,850,524,46,-445,-805,-926,-777,-397,95,550,839,882,663,258,-222,-629,-839,-792,-515,-89,362,693,808,679,344,-99,-495,-727,-738,-518,-128,293,623,761,656,342,-82,-488,-739,-762,-552,-162,286,657,832,748,431,-17,-469,-787,-873,-689,-288,208,640,886,869,591,122,-390,-785,-950,-828,-454,63,570,916,985,761,307,-254,-757,-1035,-1011,-692,-169,412,885,1109,1010,611,40,-550,-984,-1145,-968,-523,75,654,1046,1138,903,413,-189,-736,-1071,-1093,-801,-297,286,780,1048,1019,707,200,-353,-793,-996,-916,-581,-95,401,771,0,784,444,-10,-438,-720,-782,-612,-267,137,478,658,637,428,97,-257,-521,-612,-506,-250,81,377,540,535,365,76,-237,-472,-556,-455,-201,115,400,568,553,356,35,-310,-574,-663,-552,-258,135,506,734,759,559,178,-272,-660,-880,-846,-564,-109,388,786,972,896,570,63,-472,-884,-1050,-931,-545,7,561,957,1096,943,529,-35,-597,-995,-1127,-960,-538,29,584,980,1112,958,549,4,-521,-904,-1048,-908,-529,-32,446,792,923,810,491,59,-372,-680,-793,-698,-430,-64,305,578,685,608,381,71,-248,-491,-600,-551,-375,-120,148,370,495,504,404,226,19,-167,-297,-353,-334,-260,0,0,0,0,0,156,286,376,403,353,221,24,-188,-366,-470,-473,-360,-160,84,314,474,514,418,210,-56,-309,-481,-526,-428,-211,69,333,506,547,432,185,-113,-386,-558,-575,-431,-159,174,466,630,616,430,121,-228,-525,-680,-645,-425,-83,288,590,725,653,398,23,-362,-642,-741,-627,-337,45,419,675,739,591,272,-124,-486,-706,-721,-536,-197,205,542,714,677,449,94,-287,-582,-700,-616,-352,18,384,629,687,538,230,-142,-477,-666,-655,-449,-114,263,563,700,626,367,-1,-361,-617,-698,-576,-281,99,443,656,682,507,182,-190,-502,-671,-641,-415,-65,302,582,688,584,307,-58,-407,0,-679,-516,-202,174,497,672,647,433,93,-275,-558,-672,-586,-325,38,383,601,640,484,177,-186,-494,-651,-603,-366,-14,346,603,682,554,248,-138,-490,-701,-706,-490,-125,277,605,755,677,402,4,-402,-687,-770,-618,-281,141,517,736,735,512,131,-290,-617,-760,-673,-370,43,445,716,771,583,217,-218,-587,-781,-740,-468,-51,386,708,827,695,345,-112,-536,-804,-837,-615,-206,270,671,880,828,526,62,-420,-787,-923,-789,-417,71,533,844,906,696,284,-208,-629,-864,-848,-582,-141,331,702,857,756,432,-17,-463,-765,-832,-649,-273,187,589,814,796,534,105,-359,-712,-854,0,0
61786,mtk,MTK 7916,864669704,rx0-tx0,512,-330,-278,-95,-883,-858,-785,-661,-507,-329,-125,92,290,473,623,738,822,866,858,793,686,559,390,198,0,-194,-382,-548,-689,-804,-866,-882,-848,-760,-647,-489,-301,-101,112,318,513,667,788,877,909,888,813,696,536,349,147,-59,-272,-473,-632,-757,-841,-879,-871,-808,-705,-569,-389,-212,-19,174,360,522,667,760,817,835,811,736,627,484,305,119,-73,-273,-451,-595,-715,-794,-832,-820,-758,-650,-508,-342,-152,38,222,386,537,650,726,753,737,689,595,476,335,173,16,-141,-287,-415,-523,-593,-631,-639,-617,-560,-475,-369,-253,-116,25,159,284,391,487,550,581,582,566,518,435,-26,219,80,-52,-192,-324,-434,-526,-589,-616,-617,-582,-511,-421,-286,-139,10,162,314,446,547,626,662,666,624,554,444,309,150,-9,-172,-332,-462,-570,-642,-675,-670,-628,-553,-436,-292,-144,12,179,333,459,568,645,686,692,647,566,451,309,143,-34,-208,-374,-515,-625,-701,-727,-695,-618,-518,-370,-197,-7,179,343,493,590,644,655,619,544,423,282,134,-27,-170,-287,-380,-443,-459,-452,-413,-362,-289,-206,-115,-23,60,132,194,233,265,272,267,252,215,176,141,93,36,-15,-68,-113,-157,-186,-202,-217,-211,-186,-156,-107,-51,12,79,129,171,192,189,163,118,53,-784,-531,510,350,518,-162,-170,-156,-116,-59,7,80,139,184,224,240,244,225,184,135,78,13,-50,-124,-180,-231,-274,-309,-321,-317,-291,-244,-181,-103,-5,96,204,306,392,469,512,531,512,442,348,219,63,-96,-264,-419,-561,-674,-736,-743,-711,-635,-490,-314,-108,114,322,525,704,834,904,922,874,754,596,399,160,-92,-338,-559,-760,-901,-982,-996,-953,-844,-683,-476,-230,11,255,480,693,845,943,989,972,897,770,597,387,153,-90,-326,-542,-721,-864,-955,-983,-948,-863,-731,-544,-342,-114,121,350,558,728,868,948,961,922,844,694,518,314,79,-147,-369,-563,-730,-848,-919,-939,-906,301,-675,-505,-307,-101,117,328,510,665,784,867,893,887,827,723,575,389,182,-23,-247,-452,-631,-787,-891,-941,-951,-892,-784,-640,-451,-234,-16,213,422,605,752,867,938,956,906,824,707,540,350,140,-81,-312,-518,-710,-844,-954,-1008,-1003,-952,-825,-676,-474,-250,-12,240,479,696,871,990,1064,1084,1034,926,762,545,300,49,-216,-474,-695,-874,-1004,-1083,-1084,-1027,-919,-761,-544,-312,-66,195,427,640,811,930,1003,1013,973,876,730,557,348,123,-102,-327,-537,-697,-829,-917,-952,-935,-859,-739,-590,-402,-189,19,231,435,608,754,848,894,894,849,763,636,457,258,52,-152,-153,203,-82,649,875,8,221,419,590,722,821,880,881,828,733,594,437,259,63,-142,-343,-512,-658,-775,-836,-855,-834,-770,-667,-528,-353,-157,46,254,438,600,742,835,891,891,845,743,600,436,236,21,-202,-405,-585,-731,-829,-882,-894,-861,-764,-627,-462,-277,-74,130,332,502,656,764,821,847,828,762,663,525,352,176,-18,-216,-400,-555,-689,-785,-828,-841,-797,-709,-589,-436,-246,-50,151,338,504,636,733,790,801,760,683,571,418,247,63,-109,-273,-425,-542,-635,-686,-691,-673,-614,-527,-411,-274,-137,7,153,291,403,495,564,608,614,583,525,450,354,233,98,-38,-165,-296,-404,628,-554,-588,-598,-581,-519,-433,-322,-190,-46,93,236,364,484,579,629,643,631,580,491,377,237,77,-85,-240,-384,-512,-601,-662,-675,-668,-602,-508,-381,-226,-59,109,255,399,524,610,660,679,658,592,495,373,227,72,-97,-263,-407,-537,-634,-692,-705,-674,-602,-486,-352,-185,3,187,349,495,619,683,703,669,599,486,331,171,-8,-178,-329,-450,-532,-576,-578,-528,-454,-356,-231,-110,6,113,207,283,325,347,347,326,299,252,194,124,55,-5,-69,-121,-157,-190,-222,-229,-223,-210,-186,-155,-107,-66,-17,45,96,145,184,206,215,197,161,110,47,-18,-76,-124,-143,616,376,-82,663,501,-9,49,111,166,201,222,217,180,137,76,10,-52,-118,-173,-213,-248,-261,-270,-258,-222,-179,-128,-57,19,100,185,256,326,383,410,418,391,339,259,155,33,-88,-230,-360,-474,-570,-618,-630,-611,-535,-425,-263,-76,116,299,488,647,758,831,844,796,704,545,351,129,-108,-353,-575,-746,-878,-954,-963,-916,-807,-641,-428,-193,55,299,533,725,884,972,996,964,884,733,533,308,72,-175,-412,-626,-794,-919,-978,-988,-937,-828,-670,-473,-247,-13,220,440,646,800,906,969,966,905,778,631,441,220,-19,-246,-472,-672,-809,-912,-951,-936,-872,-758,-597,-403,-190,34,258,-176,627,756,855,900,903,841,745,607,439,239,35,-175,-387,-571,-727,-841,-907,-928,-899,-811,-689,-519,-318,-106,116,346,535,707,843,923,953,932,856,733,574,389,182,-42,-258,-455,-648,-796,-900,-957,-976,-929,-840,-699,-521,-319,-82,150,393,602,774,920,1013,1051,1030,944,810,625,408,171,-94,-356,-590,-793,-953,-1055,-1103,-1092,-1004,-850,-652,-432,-175,88,339,568,772,924,1006,1053,1030,953,829,651,442,209,-32,-264,-490,-674,-824,-935,-983,-972,-913,-797,-648,-474,-264,-44,181,392,574,722,838,896,907,882,803,686,524,325,120,-92,-289,-477,-647,-783,-859,-891,-869,592,644
61787,mtk,MTK 7916,864669704,rx0-tx1,512,-686,32,-152,-522,-385,-221,-44,126,292,435,556,641,688,691,659,587,492,368,227,69,-74,-219,-353,-459,-539,-596,-623,-615,-567,-504,-418,-310,-188,-52,87,223,345,446,530,592,615,616,583,525,433,316,194,48,-96,-249,-390,-508,-605,-671,-706,-693,-645,-560,-440,-301,-143,35,200,369,515,631,713,748,751,707,619,497,347,183,6,-167,-338,-495,-622,-705,-752,-754,-710,-636,-516,-371,-210,-44,127,296,450,569,657,714,723,693,631,531,402,250,90,-74,-226,-370,-504,-604,-660,-687,-674,-629,-548,-434,-302,-149,15,172,321,446,548,624,667,671,632,567,466,334,192,34,-38,-285,-426,-534,-612,-665,-671,-651,-580,-475,-338,-201,-41,126,286,426,544,624,667,679,643,575,471,331,182,18,-159,-304,-438,-559,-638,-673,-661,-620,-544,-430,-296,-138,27,184,330,459,539,590,619,599,548,474,364,235,89,-50,-190,-309,-409,-484,-541,-558,-535,-487,-413,-325,-218,-88,29,149,265,363,438,492,511,497,467,409,311,199,76,-51,-175,-287,-380,-442,-487,-498,-466,-404,-321,-223,-102,16,129,230,319,393,427,430,408,355,284,192,88,-11,-118,-212,-285,-342,-371,-366,-340,-283,-205,-112,-8,99,184,260,310,329,302,243,169,70,-36,-118,-177,-199,964,446,0,326,-79,18,86,148,196,218,216,183,127,54,-22,-97,-158,-208,-240,-253,-246,-215,-171,-112,-43,21,88,156,201,235,250,240,228,191,148,84,20,-31,-84,-131,-166,-185,-187,-184,-164,-150,-116,-88,-68,-36,-8,21,53,79,99,127,144,158,177,179,179,163,138,109,66,18,-31,-100,-149,-188,-227,-243,-249,-244,-215,-187,-142,-82,-29,36,94,140,187,226,244,263,279,262,232,211,157,92,22,-45,-114,-187,-258,-313,-349,-362,-359,-338,-292,-220,-132,-41,53,147,231,309,367,408,424,414,381,323,237,148,46,-59,-157,-254,-328,-392,-435,-454,-441,-417,-350,-270,-48,-79,28,140,239,337,417,471,496,496,478,422,340,241,126,-3,-138,-270,-372,-466,-529,-564,-570,-537,-468,-382,-267,-130,9,141,276,390,482,546,583,580,552,493,418,310,186,50,-79,-202,-331,-440,-523,-586,-612,-603,-571,-497,-403,-282,-151,-13,143,286,411,518,599,661,681,663,603,528,404,255,93,-84,-253,-404,-541,-654,-727,-753,-746,-687,-594,-465,-299,-123,69,250,415,572,686,754,780,766,702,601,470,311,131,-57,-233,-394,-525,-636,-709,-741,-737,-688,-610,-491,-341,-172,0,175,337,481,604,688,738,744,706,627,506,367,209,31,-144,-316,-467,-582,510,665,9,-1233,-1208,511,620,695,720,706,651,564,443,296,132,-33,-191,-336,-458,-560,-629,-659,-647,-617,-540,-435,-314,-183,-53,92,225,345,451,525,576,604,603,574,508,418,312,185,50,-85,-226,-353,-471,-552,-610,-641,-642,-616,-549,-454,-330,-188,-22,141,296,443,569,661,723,738,711,655,548,414,252,81,-100,-275,-435,-564,-666,-737,-763,-741,-683,-587,-448,-289,-118,67,243,402,544,648,711,734,720,670,583,459,321,157,-18,-187,-343,-480,-588,-664,-702,-702,-661,-591,-482,-337,-193,-39,121,272,413,526,613,668,681,657,602,507,387,245,89,-70,-224,-363,-491,-586,-646,-675,634,-612,-524,-406,-273,-116,47,204,356,484,581,645,681,666,614,530,414,271,119,-51,-217,-365,-499,-595,-658,-689,-670,-602,-520,-399,-243,-75,95,251,400,514,601,650,653,615,553,452,319,185,30,-124,-259,-381,-482,-549,-582,-577,-543,-481,-390,-283,-155,-18,110,234,340,419,484,513,516,500,443,362,266,152,29,-90,-195,-319,-414,-476,-509,-506,-471,-409,-321,-219,-105,31,151,259,344,417,459,458,435,384,312,211,97,-14,-121,-222,-298,-354,-383,-390,-378,-326,-256,-168,-65,40,139,228,288,329,349,326,282,212,122,12,-97,-179,-244,-281,-266,-217,-145,-49,-1043,-1000,0,224,223,163,164,130,72,1,-77,-148,-202,-232,-240,-227,-190,-139,-74,-3,72,136,190,235,255,251,235,201,151,94,25,-34,-90,-143,-187,-218,-225,-219,-209,-178,-137,-81,-29,19,55,87,120,130,143,147,145,148,143,128,117,103,78,57,23,-18,-64,-107,-143,-175,-209,-226,-233,-219,-181,-149,-102,-45,9,73,131,176,221,243,255,266,247,222,182,131,80,38,-28,-101,-148,-197,-253,-287,-313,-318,-310,-283,-236,-172,-91,-2,84,171,254,323,371,394,398,378,336,266,184,88,-14,-116,-204,-294,-359,-406,-434,-433,-411,-362,-287,-204,-108,-5,92,198,301,367,-1135,455,468,451,410,350,262,158,45,-71,-191,-305,-393,-468,-525,-557,-549,-500,-420,-318,-188,-62,75,212,335,437,517,563,577,565,521,438,336,218,83,-55,-187,-304,-410,-498,-560,-586,-579,-551,-497,-407,-299,-177,-35,95,236,363,472,559,609,638,631,592,517,408,280,132,-24,-186,-330,-470,-593,-670,-713,-722,-685,-613,-511,-373,-203,-25,158,333,484,618,711,764,778,734,659,539,379,206,28,-155,-335,-487,-620,-712,-765,-767,-734,-655,-540,-397,-229,-60,116,287,439,569,665,719,741,723,662,567,433,273,106,-76,-247,-408,-540,-639,-717,-749,-730,-673,-572,-444,-384,-93
61788,mtk,MTK 7916,864669704,rx1-tx0,512,0,-391,423,176,291,396,474,523,564,567,539,493,404,302,183,46,-93,-249,-388,-498,-604,-679,-705,-692,-645,-560,-448,-297,-116,72,263,446,598,731,819,848,847,781,661,502,329,127,-106,-328,-513,-678,-825,-902,-933,-895,-810,-675,-509,-311,-77,140,356,542,698,814,885,897,859,787,670,514,323,135,-66,-272,-456,-615,-746,-834,-880,-877,-826,-730,-592,-421,-220,-7,206,404,592,733,840,891,893,844,750,616,448,251,31,-193,-393,-570,-724,-826,-876,-878,-829,-736,-594,-419,-224,-8,192,382,558,680,767,813,800,743,640,513,354,172,-5,-187,-351,-476,-588,-655,-680,-675,-277,-539,-430,-306,-176,-35,103,239,341,439,502,533,550,536,503,432,345,256,142,19,-97,-210,-313,-396,-468,-517,-529,-519,-490,-429,-340,-245,-132,-1,124,234,339,436,501,544,560,551,521,453,359,255,125,-27,-176,-314,-447,-549,-631,-683,-690,-667,-590,-477,-339,-157,31,228,415,572,717,810,839,812,740,610,439,237,10,-214,-422,-608,-744,-816,-841,-798,-711,-578,-400,-201,-2,196,375,529,640,688,703,666,586,479,330,176,4,-153,-285,-398,-486,-539,-561,-542,-477,-385,-278,-150,-9,129,245,351,423,459,469,428,351,248,118,-13,-144,-254,-321,-340,-313,-242,-1181,-1542,0,-521,-435,62,76,80,69,45,24,-1,-37,-67,-91,-103,-116,-118,-102,-89,-69,-39,-12,18,52,80,97,125,126,132,133,119,101,80,47,14,-16,-48,-86,-124,-153,-176,-196,-202,-202,-183,-155,-120,-74,-18,55,133,202,262,314,349,360,346,310,243,152,52,-64,-189,-311,-397,-474,-516,-519,-486,-403,-291,-163,-33,114,261,389,492,563,589,572,517,427,303,162,17,-140,-273,-387,-486,-544,-561,-542,-498,-418,-292,-160,-39,97,213,322,402,442,461,454,412,358,282,205,115,21,-63,-146,-217,-270,-306,-332,-344,-346,-327,-301,-254,-196,-131,-73,11,98,167,247,309,489,385,398,388,357,305,236,142,39,-65,-170,-265,-351,-414,-464,-480,-459,-426,-365,-278,-171,-69,56,167,272,360,433,487,503,497,472,407,311,215,101,-17,-138,-244,-347,-430,-484,-518,-521,-495,-440,-368,-267,-166,-42,82,205,301,389,468,508,531,517,488,444,366,263,149,23,-103,-225,-339,-437,-516,-575,-611,-601,-561,-499,-397,-267,-118,39,196,346,492,593,661,709,694,644,541,409,266,91,-88,-252,-411,-536,-622,-673,-682,-665,-591,-477,-349,-209,-48,90,229,358,450,517,556,568,545,499,428,343,236,131,9,-106,-213,-308,-374,-447,-494,-510,-513,-478,-415,122,-167,0,-1627,-1684,517,465,391,286,181,57,-82,-204,-326,-435,-519,-587,-621,-630,-607,-529,-434,-316,-162,3,170,329,478,608,711,770,784,755,676,558,408,214,15,-186,-401,-583,-722,-816,-886,-894,-842,-736,-610,-427,-217,11,239,449,630,770,882,927,908,850,738,589,407,203,-15,-215,-414,-589,-733,-825,-868,-881,-835,-746,-628,-467,-280,-78,123,326,517,675,801,872,900,872,806,680,517,329,126,-83,-288,-483,-650,-780,-869,-906,-880,-798,-688,-534,-335,-128,89,288,473,635,750,831,849,816,749,630,470,301,102,-102,-291,-454,-584,-682,-732,-737,-710,-630,-529,-404,-242,-86,72,315,361,468,542,586,605,589,543,469,379,255,137,13,-104,-219,-328,-406,-474,-516,-530,-516,-489,-426,-347,-254,-136,-13,103,221,338,423,480,527,543,531,490,439,354,247,125,0,-130,-256,-373,-468,-545,-604,-631,-611,-566,-484,-373,-235,-79,84,244,414,554,673,745,773,757,678,559,407,212,3,-208,-414,-597,-734,-828,-861,-828,-745,-614,-433,-229,-10,214,406,579,700,763,781,746,660,529,357,180,4,-177,-332,-470,-568,-619,-636,-595,-530,-434,-311,-168,-20,129,257,357,436,489,508,481,429,342,223,97,-36,-172,-278,-363,-411,-415,-377,-295,-181,-55,66,164,935,74,0,-19,81,18,-1,-31,-61,-81,-91,-101,-102,-87,-65,-40,-15,21,52,76,104,117,123,121,113,92,74,46,14,-7,-41,-73,-100,-123,-144,-149,-156,-155,-146,-123,-89,-59,-20,22,72,123,167,207,245,270,278,253,220,175,117,38,-59,-156,-248,-333,-391,-436,-449,-433,-364,-273,-172,-44,88,224,356,454,522,559,560,509,422,313,178,24,-132,-275,-400,-495,-554,-590,-575,-507,-423,-304,-166,-17,120,245,368,463,506,524,509,458,393,293,181,74,-49,-153,-242,-313,-358,-387,-384,-371,-347,-303,-246,-181,-109,-35,42,109,173,236,291,322,347,368,351,332,294,229,-571,71,-22,-121,-207,-294,-359,-418,-440,-443,-418,-369,-295,-210,-110,9,119,221,313,398,446,480,489,463,416,344,255,148,25,-90,-205,-320,-401,-465,-511,-523,-505,-458,-396,-298,-184,-63,61,177,280,372,438,492,524,525,494,432,360,256,144,29,-103,-207,-311,-407,-476,-531,-555,-550,-520,-460,-376,-274,-154,-17,127,259,392,507,592,645,666,646,593,496,351,207,34,-146,-314,-469,-582,-667,-721,-709,-668,-583,-455,-308,-141,21,185,337,453,535,601,618,600,571,492,392,275,148,13,-112,-229,-326,-412,-471,-510,-526,-507,-473,-408,-334,-251,-140,-31,79,192,280,420,458
61789,mtk,MTK 7916,864669704,rx1-tx1,512,0,0,0,-496,-228,115,426,614,628,458,156,-185,-473,-632,-601,-400,-97,229,484,593,524,302,0,-294,-494,-540,-429,-190,109,360,496,479,312,52,-220,-432,-502,-411,-195,82,323,473,485,336,74,-207,-433,-526,-461,-256,38,331,522,549,405,142,-167,-443,-597,-570,-376,-60,274,530,637,559,314,-23,-357,-586,-644,-518,-239,117,433,612,614,441,136,-206,-495,-633,-585,-371,-37,311,566,658,565,294,-58,-391,-614,-654,-506,-215,144,455,630,631,459,149,-200,-489,-628,-589,-392,-88,246,498,608,541,316,14,-280,-498,-569,-471,-251,35,303,472,508,396,174,-81,-300,-422,0,-288,-95,115,272,343,300,163,-8,-168,-271,-278,-191,-36,122,232,269,216,87,-79,-228,-302,-276,-157,18,197,322,361,284,103,-120,-316,-425,-416,-280,-47,208,414,510,462,279,2,-287,-503,-585,-499,-260,49,356,573,634,518,249,-96,-416,-634,-679,-533,-238,137,480,693,722,548,220,-175,-532,-742,-746,-557,-219,180,538,752,757,566,235,-165,-523,-739,-761,-582,-249,144,490,697,726,567,261,-103,-419,-620,-664,-531,-263,59,357,560,603,486,256,-21,-282,-467,-526,-450,-261,-20,214,386,453,413,274,82,-125,-294,-383,-386,-308,-173,-16,123,219,268,261,206,0,0,0,0,0,0,143,281,383,421,378,241,37,-195,-402,-539,-564,-457,-236,51,340,558,649,583,369,55,-284,-560,-701,-659,-450,-124,242,553,725,702,491,141,-252,-577,-754,-721,-489,-121,291,630,804,757,487,83,-343,-695,-867,-795,-494,-50,415,772,916,812,483,6,-472,-816,-950,-821,-456,45,527,855,951,787,393,-113,-583,-892,-938,-706,-284,221,667,918,907,639,172,-343,-752,-944,-864,-538,-60,447,839,988,842,443,-87,-591,-927,-1004,-798,-346,204,711,1025,1048,764,249,-340,-844,-1121,-1080,-729,-174,439,935,1180,1104,712,117,-505,-992,-1210,-1096,-677,-60,572,1030,1198,1031,0,-54,-643,-1049,-1160,-944,-456,166,726,1078,1121,830,302,-311,-831,-1111,-1069,-703,-136,465,932,1149,1037,618,19,-596,-1044,-1180,-980,-505,116,708,1101,1175,912,397,-234,-810,-1141,-1146,-822,-261,366,880,1141,1076,697,132,-458,-911,-1098,-958,-547,20,574,940,1026,812,361,-194,-687,-968,-960,-661,-160,383,810,993,885,516,-9,-536,-905,-1014,-822,-394,145,647,965,1001,747,289,-258,-725,-971,-936,-655,-190,321,738,940,866,553,91,-386,-735,-866,-753,-424,13,417,692,765,613,284,-109,-449,-650,-651,-449,-121,222,492,601,521,284,-43,-347,-540,-559,-404,-128,182,441,575,528,0,0,0,0,0,-378,-590,-622,-474,-197,147,456,623,607,427,128,-211,-484,-617,-571,-361,-53,258,492,577,489,261,-44,-320,-486,-504,-366,-119,160,394,505,450,260,-8,-273,-454,-498,-376,-135,144,381,501,466,291,24,-266,-482,-543,-437,-201,102,386,556,567,406,108,-222,-480,-606,-560,-342,-17,316,564,653,544,280,-59,-388,-613,-649,-485,-185,162,457,627,610,405,84,-259,-529,-647,-565,-318,14,342,584,656,538,263,-101,-430,-626,-647,-488,-190,167,473,636,606,419,120,-218,-495,-621,-566,-357,-50,263,496,583,504,282,-14,-296,-487,-537,-440,-224,47,293,449,466,345,128,0,-288,-381,-364,-237,-42,144,271,309,251,115,-63,-203,-269,-247,-137,20,176,274,275,191,36,-142,-275,-332,-284,-135,66,248,370,389,288,76,-168,-367,-472,-441,-278,-28,247,457,546,479,270,-24,-317,-538,-613,-511,-266,66,397,615,664,529,247,-108,-447,-660,-697,-542,-225,158,505,720,730,544,217,-174,-528,-745,-760,-566,-226,180,538,747,763,583,249,-149,-506,-725,-750,-573,-250,120,450,664,689,538,262,-81,-396,-594,-633,-509,-263,39,318,503,558,469,265,0,-253,-425,-487,-433,-273,-44,177,340,421,403,299,129,-60,-217,-318,-344,-303,-213,-91,23,112,0,0,0,0,0,-302,-307,-245,-117,60,251,416,505,485,360,146,-119,-372,-551,-609,-532,-319,-6,314,566,685,635,417,95,-247,-540,-706,-684,-481,-153,230,556,729,715,504,140,-263,-597,-772,-732,-489,-104,322,666,829,765,489,72,-377,-736,-900,-806,-489,-31,446,804,939,818,474,-10,-499,-844,-958,-801,-414,82,556,882,954,749,340,-165,-622,-899,-926,-688,-248,268,704,933,899,595,114,-398,-789,-960,-854,-493,9,511,876,992,817,397,-150,-660,-984,-1026,-770,-301,272,778,1070,1066,756,218,-388,-891,-1155,-1092,-717,-146,472,967,1203,1098,687,87,-540,-1019,-1212,-1065,-630,-13,611,0,1185,984,512,-102,-679,-1056,-1137,-885,-374,238,785,1105,1097,772,225,-385,-888,-1139,-1046,-655,-81,523,987,1162,1001,549,-62,-661,-1071,-1182,-952,-452,185,774,1133,1169,879,338,-303,-850,-1147,-1112,-764,-199,411,894,1114,1019,629,58,-513,-922,-1063,-892,-459,94,613,948,985,727,263,-284,-747,-981,-909,-568,-71,458,857,1001,852,446,-92,-599,-939,-1009,-792,-345,200,688,972,979,704,233,-296,-739,-962,-910,-606,-135,365,746,912,819,489,36,-405,-714,-815,-683,-364,53,440,677,706,522,199,-170,-474,-629,-582,-361,-43,285,517,580,463,210,-113,-407,-564,-543,-355,-55,261,0,0
61790,mtk,MTK 7916,864669704,rx2-tx0,512,0,0,0,-770,-241,374,897,1164,1097,709,103,-549,-1056,-1269,-1113,-626,36,693,1167,1308,1068,511,-189,-836,-1252,-1301,-969,-363,348,966,1302,1249,833,182,-523,-1080,-1317,-1167,-671,14,693,1179,1305,1039,462,-240,-867,-1241,-1248,-889,-270,433,1007,1272,1159,704,39,-637,-1115,-1261,-1033,-498,172,787,1171,1197,864,275,-390,-932,-1185,-1083,-653,-32,589,1026,1146,918,406,-224,-787,-1105,-1081,-730,-149,482,961,1152,998,532,-102,-708,-1108,-1178,-879,-309,352,919,1221,1162,755,113,-580,-1106,-1305,-1125,-611,89,771,1229,1334,1059,464,-267,-929,-1333,-1341,-963,-307,444,1074,1388,1308,851,145,-594,-1163,-1400,0,-709,17,734,1227,1369,1118,542,-196,-874,-1296,-1335,-993,-359,384,1009,1345,1287,854,162,-570,-1135,-1381,-1231,-715,22,751,1258,1418,1169,572,-193,-904,-1368,-1438,-1090,-437,340,1033,1435,1425,1004,293,-503,-1152,-1477,-1387,-904,-165,623,1240,1507,1337,784,25,-735,-1281,-1474,-1260,-678,95,828,1321,1441,1157,549,-222,-912,-1334,-1396,-1070,-439,311,965,1345,1354,991,360,-358,-975,-1327,-1310,-935,-319,368,949,1269,1239,881,302,-342,-869,-1160,-1141,-822,-300,282,771,1035,1023,753,300,-216,-648,-903,-928,-702,-312,124,516,769,821,670,373,5,-346,-596,-695,-647,-470,-213,61,287,430,472,422,0,0,0,0,0,-376,-294,-128,96,340,547,658,628,451,156,-193,-524,-750,-805,-663,-346,71,493,807,918,796,469,6,-484,-868,-1024,-903,-544,-34,516,944,1127,1009,612,38,-574,-1045,-1235,-1096,-658,-26,635,1140,1337,1166,680,3,-688,-1205,-1404,-1213,-674,56,767,1281,1454,1225,650,-109,-839,-1341,-1472,-1201,-599,173,892,1361,1459,1142,511,-258,-941,-1345,-1372,-1026,-396,345,971,1308,1274,879,230,-469,-1014,-1255,-1140,-700,-65,577,1034,1187,985,485,-147,-719,-1070,-1102,-809,-266,355,855,1090,1008,626,47,-559,-996,-1135,-940,-457,169,747,1111,1146,848,299,-358,-918,-1212,-1163,-767,-145,516,1037,1265,0,636,-33,-691,-1159,-1294,-1042,-489,213,851,1246,1282,943,321,-401,-1010,-1321,-1238,-797,-115,608,1165,1386,1202,669,-71,-796,-1295,-1422,-1132,-511,258,963,1392,1415,1032,350,-438,-1097,-1444,-1369,-893,-156,622,1208,1443,1263,727,-14,-748,-1255,-1382,-1107,-514,225,884,1272,1287,923,286,-422,-995,-1269,-1160,-713,-52,621,1083,1222,1009,487,-170,-766,-1128,-1148,-833,-278,352,866,1113,1031,648,70,-524,-943,-1070,-886,-438,127,636,948,967,688,213,-309,-726,-917,-821,-466,23,489,800,853,638,234,-248,-650,-839,-766,-454,7,471,785,853,659,262,-236,-668,-896,-853,-544,-57,463,843,974,811,0,0,0,0,0,-803,-1092,-1078,-739,-175,458,977,1218,1101,665,31,-628,-1117,-1295,-1096,-577,108,766,1213,1308,1018,441,-269,-903,-1272,-1272,-903,-267,445,1024,1308,1212,759,82,-613,-1126,-1310,-1104,-573,127,784,1205,1274,967,373,-337,-940,-1256,-1206,-798,-152,539,1065,1273,1097,597,-72,-708,-1135,-1228,-952,-398,278,862,1173,1135,762,156,-491,-986,-1179,-1003,-527,101,694,1072,1120,821,277,-353,-879,-1134,-1032,-618,-21,591,1032,1167,945,427,-229,-825,-1173,-1175,-819,-211,466,1009,1264,1145,681,1,-682,-1175,-1331,-1091,-536,184,860,1292,1352,1019,391,-358,-1000,-1352,-1326,-915,-240,510,1115,1397,1277,788,67,0,-1207,-1395,-1179,-625,100,793,1262,1361,1060,450,-287,-938,-1316,-1313,-919,-253,488,1088,1367,1259,784,79,-659,-1210,-1414,-1205,-639,110,823,1312,1439,1134,498,-272,-971,-1400,-1431,-1055,-376,416,1101,1470,1409,953,232,-558,-1194,-1491,-1361,-845,-93,682,1267,1493,1295,741,-23,-780,-1311,-1463,-1209,-619,147,872,1338,1425,1108,487,-258,-932,-1344,-1377,-1026,-392,339,970,1338,1337,970,346,-367,-973,-1304,-1276,-906,-319,344,910,1212,1182,850,299,-310,-818,-1099,-1085,-787,-298,250,710,964,967,724,305,-172,-585,-835,-864,-678,-338,68,437,689,774,673,422,97,-218,-463,-597,-598,-483,-297,-91,96,0,0,0,0,0,-193,-367,-500,-546,-479,-302,-31,282,554,717,727,567,261,-124,-500,-777,-867,-735,-410,33,486,829,963,852,511,15,-501,-899,-1071,-965,-588,-41,531,989,1185,1054,636,25,-604,-1080,-1279,-1135,-667,-7,663,1166,1374,1210,701,-13,-735,-1255,-1432,-1218,-666,74,806,1318,1465,1209,621,-142,-872,-1358,-1464,-1169,-549,209,908,1355,1418,1082,447,-303,-964,-1339,-1330,-952,-317,399,992,1292,1208,785,152,-510,-1020,-1223,-1065,-603,29,646,1058,1149,892,376,-244,-781,-1083,-1055,-716,-164,450,925,1121,983,541,-70,-660,-1056,-1143,-893,-375,261,834,1165,1155,809,223,-438,-980,-1240,-1144,-712,-61,0,1116,1282,1078,562,-117,-769,-1206,-1291,-996,-407,309,944,1296,1266,868,216,-513,-1098,-1359,-1230,-739,-27,707,1237,1405,1165,582,-170,-875,-1335,-1413,-1075,-424,358,1039,1422,1395,962,252,-527,-1158,-1449,-1322,-813,-78,682,1236,1420,1196,627,-124,-821,-1270,-1348,-1021,-398,326,940,1273,1228,815,172,-518,-1044,-1250,-1088,-601,64,690,1105,1197,926,381,-265,-824,-1135,-1103,-750,-180,440,916,1106,971,549,-31,-586,-948,-1024,-792,-328,222,688,938,899,586,100,-401,-766,-884,-723,-345,131,567,826,822,548,107,-362,-717,-848,-718,-355,126,569,841,850,594,152,-347,-760,-937,-829,-468,54,576,0,0
61791,mtk,MTK 7916,864669704,rx2-tx1,512,0,0,0,-22,-581,-988,-1113,-922,-457,151,718,1075,1125,857,350,-263,-809,-1109,-1092,-772,-235,376,867,1095,1005,629,81,-492,-913,-1057,-890,-474,83,603,923,972,730,268,-267,-710,-924,-864,-538,-43,463,814,904,721,322,-192,-654,-913,-891,-584,-88,429,835,997,841,428,-119,-639,-980,-1032,-772,-265,329,824,1079,1017,655,92,-518,-981,-1146,-964,-494,124,719,1117,1187,905,352,-325,-924,-1251,-1216,-834,-202,510,1084,1349,1232,754,54,-666,-1206,-1411,-1220,-681,48,761,1269,1416,1157,578,-161,-852,-1294,-1374,-1067,-466,262,906,1288,1320,984,371,-330,-917,-1239,-1220,-866,-275,373,891,1147,1072,0,147,-425,-847,-1014,-892,-525,-25,462,792,867,688,310,-147,-530,-742,-723,-477,-97,299,598,696,582,292,-87,-443,-650,-633,-426,-85,300,594,695,578,264,-139,-520,-752,-752,-524,-120,355,730,907,828,488,-18,-540,-929,-1070,-897,-465,116,691,1087,1187,963,465,-175,-782,-1183,-1262,-999,-452,236,867,1265,1318,1018,443,-259,-901,-1301,-1362,-1058,-474,225,865,1281,1362,1089,527,-169,-797,-1200,-1283,-1055,-558,73,652,1042,1152,962,540,-2,-522,-889,-1007,-856,-489,-23,417,741,860,749,463,66,-333,-619,-745,-681,-455,-136,201,479,633,630,491,263,-2,-242,-409,-475,-444,-339,-195,0,0,0,0,0,133,-49,-240,-411,-520,-531,-432,-233,30,296,504,604,558,378,103,-203,-472,-622,-608,-441,-161,167,457,632,631,457,156,-191,-494,-665,-652,-456,-125,248,558,723,690,453,90,-306,-636,-793,-729,-463,-57,374,717,866,765,456,12,-434,-757,-875,-752,-418,41,487,807,900,735,354,-120,-553,-833,-884,-688,-288,197,621,864,866,617,186,-288,-664,-849,-798,-525,-102,356,711,846,733,409,-25,-454,-753,-823,-651,-285,164,556,791,797,567,162,-292,-661,-842,-783,-488,-49,395,728,854,727,393,-50,-482,-780,-843,-658,-292,165,578,810,802,577,183,-274,-648,-826,-765,-485,0,408,724,839,712,372,-69,-487,-771,-819,-623,-247,199,579,783,761,515,104,-337,-663,-792,-683,-363,66,482,752,789,587,209,-250,-649,-846,-791,-499,-50,413,771,904,763,405,-73,-545,-864,-924,-717,-293,220,664,914,887,600,136,-375,-771,-930,-809,-451,40,529,859,928,717,282,-238,-678,-928,-898,-590,-101,423,827,988,845,442,-84,-597,-941,-1007,-774,-303,266,757,1028,999,677,144,-434,-890,-1091,-972,-567,8,579,986,1113,916,454,-139,-689,-1039,-1084,-813,-310,272,773,1047,1006,673,147,-414,-850,-1034,-906,-509,33,566,924,1010,796,345,-214,-714,-998,-984,-677,-165,0,0,0,0,0,1093,937,504,-86,-653,-1039,-1125,-884,-389,219,767,1100,1116,818,287,-325,-840,-1105,-1055,-708,-148,435,885,1083,957,551,-5,-548,-926,-1019,-812,-371,175,653,931,926,641,167,-360,-757,-911,-789,-424,69,550,865,906,658,207,-319,-752,-957,-872,-515,11,540,913,1019,817,354,-219,-736,-1035,-1031,-714,-174,420,891,1117,1013,591,-19,-626,-1053,-1169,-941,-426,234,828,1180,1205,870,255,-438,-1009,-1302,-1226,-795,-130,588,1151,1389,1220,708,-4,-719,-1242,-1416,-1193,-633,108,819,1293,1401,1115,524,-209,-882,-1300,-1343,-1019,-421,291,918,1276,1275,917,314,-351,-903,-1201,-1155,-784,-212,397,0,1086,991,623,94,-437,-813,-942,-792,-422,52,495,766,795,586,200,-228,-572,-732,-656,-385,0,373,617,672,510,180,-198,-511,-666,-608,-351,29,415,672,717,540,189,-245,-630,-835,-786,-491,-26,466,836,989,868,478,-64,-613,-1007,-1125,-932,-463,143,724,1130,1235,986,458,-208,-823,-1219,-1284,-1003,-435,256,885,1280,1332,1040,464,-254,-899,-1301,-1362,-1068,-501,193,834,1250,1336,1077,540,-119,-718,-1121,-1226,-1016,-551,38,590,962,1084,919,518,11,-468,-805,-926,-805,-477,-49,370,677,792,703,445,89,-274,-561,-693,-656,-475,-193,119,381,539,575,494,323,114,-85,-232,-318,0,0,0,0,0,392,442,414,295,99,-135,-364,-531,-584,-511,-320,-48,241,483,611,591,421,141,-184,-465,-620,-618,-456,-166,172,470,647,639,452,142,-218,-530,-696,-672,-456,-102,286,600,759,700,452,70,-349,-678,-827,-749,-464,-44,400,743,875,750,432,-2,-455,-786,-892,-749,-397,71,529,830,890,700,322,-149,-583,-847,-875,-652,-244,235,640,863,842,581,156,-311,-685,-848,-770,-469,-35,401,716,831,697,354,-93,-511,-771,-800,-595,-217,232,618,819,783,518,98,-353,-701,-852,-755,-439,0,442,757,855,701,343,-106,-521,-779,-820,-619,-231,225,607,816,788,522,111,-333,-693,0,-741,-420,21,451,749,837,683,321,-132,-532,-778,-803,-579,-189,254,613,783,720,432,18,-406,-705,-787,-632,-282,166,569,802,797,548,125,-340,-708,-876,-787,-465,7,486,820,915,743,351,-150,-613,-888,-905,-660,-218,286,714,924,853,525,44,-450,-810,-929,-762,-362,142,607,892,912,644,174,-344,-758,-957,-871,-516,4,518,882,993,809,376,-176,-679,-986,-1006,-725,-220,362,837,1064,1000,631,60,-518,-939,-1108,-954,-516,70,630,1011,1105,870,378,-216,-744,-1047,-1049,-752,-234,344,813,1040,958,593,61,-490,-894,-1021,-850,-427,126,636,956,996,738,256,-310,-784,-1024,0,0
61792,mtk,MTK 7916,864670852,rx0-tx0,512,0,0,0,0,0,0,0,0,0,0,0,0,0,0,0,0,0,0,0,0,0,0,0,0,0,0,0,0,0,0,0,0,0,0,0,0,0,0,0,0,0,0,0,0,0,0,0,0,0,0,0,0,0,0,0,0,0,0,0,0,0,0,0,0,0,0,0,0,0,0,0,0,0,0,0,0,0,0,0,0,0,0,0,0,0,0,0,0,0,0,0,0,0,0,0,0,0,0,0,0,0,0,0,0,0,0,0,0,0,0,0,0,0,0,0,0,0,0,0,0,0,0,0,0,0,0,0,0,0,0,0,0,0,0,0,0,0,0,0,0,0,0,0,0,0,0,0,0,0,0,0,0,0,0,0,0,0,0,0,0,0,0,0,0,0,0,0,0,0,0,0,0,0,0,0,0,0,0,0,0,0,0,0,0,0,0,0,0,0,0,0,0,0,0,0,0,0,0,0,0,0,0,0,0,0,0,0,0,0,0,0,0,0,0,0,0,0,0,0,0,0,0,0,0,0,0,0,0,0,0,0,0,0,0,0,0,0,0,0,0,0,0,0,0,0,0,0,0,0,0,0,0,0,0,0,0,-26,219,80,234,334,354,269,113,-72,-253,-394,-468,-477,-415,-290,-130,63,256,423,547,614,612,527,370,159,-92,-338,-565,-738,-833,-830,-727,-524,-236,80,407,699,911,1015,1012,896,670,363,10,-340,-663,-925,-1081,-1125,-1050,-854,-576,-235,132,481,779,999,1119,1131,1028,826,545,226,-131,-476,-763,-982,-1118,-1138,-1054,-869,-601,-275,59,409,719,959,1113,1165,1109,948,697,376,24,-336,-672,-933,-1120,-1200,-1164,-1018,-771,-446,-84,274,600,889,1083,1170,1142,1010,789,490,153,-181,-504,-766,-953,-1063,-1077,-989,-819,-579,-293,12,310,590,810,947,1013,995,891,710,483,200,-111,-403,-656,-330,-1004,-1054,-1015,-889,-677,-405,-91,234,536,813,1014,1118,1137,1044,846,577,256,-105,-453,-770,-1016,-1178,-1239,-1175,-1009,-746,-399,-19,384,748,1047,1255,1354,1306,1135,861,495,78,-353,-745,-1067,-1299,-1387,-1341,-1162,-879,-517,-98,322,720,1042,1254,1346,1301,1148,885,531,128,-271,-648,-966,-1186,-1289,-1261,-1117,-863,-532,-148,259,625,917,1125,1221,1187,1037,794,467,95,-273,-614,-900,-1078,-1147,-1113,-954,-696,-372,-13,332,652,903,1047,1071,984,799,522,191,-159,-476,-742,-915,-984,-942,-798,-564,-265,51,350,617,807,897,883,762,545,250,-90,-418,-692,-884,-928,-799,-524,-140,262,548,518,435,0,0,0,0,0,0,0,0,0,0,0,0,0,0,0,0,0,0,0,0,0,0,0,0,0,0,0,0,0,0,0,0,0,0,0,0,0,0,0,0,0,0,0,0,0,0,0,0,0,0,0,0,0,0,0,0,0,0,0,0,0,0,0,0,0,0,0,0,0,0,0,0,0,0,0,0,0,0,0,0,0,0,0,0,0,0,0,0,0,0,0,0,0,0,0,0,0,0,0,0,0,0,0,0,0,0,0,0,0,0,0,0,0,0,0,0,0,0,0,0,0,0,0,0,0,0,0,0,0,0,0,0,0,0,0,0,0,0,0,0,0,0,0,0,0,0,0,0,0,0,0,0,0,0,0,0,0,0,0,0,0,0,0,0,0,0,0,0,0,0,0,0,0,0,0,0,0,0,0,0,0,0,0,0,0,0,0,0,0,0,0,0,0,0,0,0,0,0,0,0,0,0,0,0,0,0,0,0,0,0,0,0,0,0,0,0,0,0,0,0,0,0,0,0,0,0,0,0,0,0,0,0,0,0,0,0,0,0,0,0,0,0,0,0,0,0,0,0,0,0,0,0,0,0,0,0,628,-554,-588,173,52,-130,-301,-406,-432,-376,-247,-80,102,279,418,507,538,498,391,235,36,-185,-396,-568,-690,-732,-684,-550,-334,-62,231,511,752,903,945,887,716,450,128,-218,-553,-828,-1016,-1085,-1040,-887,-623,-290,70,436,749,983,1123,1135,1034,828,541,209,-153,-487,-779,-984,-1101,-1131,-1031,-836,-568,-243,103,439,736,974,1112,1149,1095,916,659,342,-13,-363,-688,-949,-1123,-1188,-1149,-988,-739,-433,-61,308,648,937,1116,1192,1153,1022,786,470,113,-250,-576,-848,-1033,-1115,-1106,-996,-791,-527,-223,102,410,672,873,996,1030,981,855,638,378,94,-202,-478,-713,-889,-1010,-1030,-954,-800,-82,-301,13,317,606,846,1015,1093,1072,962,766,488,173,-165,-499,-790,-1011,-1153,-1188,-1105,-926,-661,-341,26,402,743,1027,1220,1296,1253,1083,812,465,59,-369,-750,-1073,-1293,-1385,-1333,-1155,-876,-505,-79,354,745,1057,1273,1367,1326,1163,880,521,109,-303,-681,-1004,-1222,-1313,-1279,-1133,-876,-541,-152,246,625,928,1147,1261,1234,1087,840,519,139,-259,-613,-909,-1115,-1192,-1154,-1009,-754,-421,-65,297,629,887,1058,1109,1048,884,620,294,-64,-405,-704,-914,-1017,-1009,-896,-691,-405,-82,245,542,773,900,921,846,678,423,121,-192,-485,-726,-873,-909,-812,-605,-292,91,462,743,869,797,574,-296,-404
61793,mtk,MTK 7916,864670852,rx0-tx1,512,0,0,0,0,0,0,0,0,0,0,0,0,0,0,0,0,0,0,0,0,0,0,0,0,0,0,0,0,0,0,0,0,0,0,0,0,0,0,0,0,0,0,0,0,0,0,0,0,0,0,0,0,0,0,0,0,0,0,0,0,0,0,0,0,0,0,0,0,0,0,0,0,0,0,0,0,0,0,0,0,0,0,0,0,0,0,0,0,0,0,0,0,0,0,0,0,0,0,0,0,0,0,0,0,0,0,0,0,0,0,0,0,0,0,0,0,0,0,0,0,0,0,0,0,0,0,0,0,0,0,0,0,0,0,0,0,0,0,0,0,0,0,0,0,0,0,0,0,0,0,0,0,0,0,0,0,0,0,0,0,0,0,0,0,0,0,0,0,0,0,0,0,0,0,0,0,0,0,0,0,0,0,0,0,0,0,0,0,0,0,0,0,0,0,0,0,0,0,0,0,0,0,0,0,0,0,0,0,0,0,0,0,0,0,0,0,0,0,0,0,0,0,0,0,0,0,0,0,0,0,0,0,0,0,0,0,0,0,0,0,0,0,0,0,0,0,0,0,0,0,0,0,0,0,0,0,301,-675,-505,-318,-191,26,279,482,580,561,425,208,-36,-294,-517,-669,-744,-706,-558,-336,-49,257,547,777,916,940,829,608,279,-81,-450,-770,-989,-1087,-1048,-879,-606,-261,108,471,771,977,1068,1039,911,685,390,70,-259,-557,-806,-970,-1040,-1013,-868,-657,-388,-75,257,567,818,1001,1085,1055,915,692,409,72,-277,-589,-858,-1048,-1121,-1074,-942,-707,-411,-68,278,594,852,1022,1098,1052,913,681,398,88,-242,-548,-785,-937,-1012,-983,-871,-680,-421,-144,151,429,665,834,910,926,845,695,484,235,-38,-294,-525,-726,-844,-873,-847,-741,-554,-339,-87,183,431,638,789,876,879,794,651,448,510,-80,-351,-578,-757,-867,-901,-846,-707,-510,-257,16,284,533,735,870,895,851,748,554,308,38,-241,-494,-689,-830,-894,-870,-768,-581,-344,-77,203,443,654,807,875,850,748,562,348,97,-175,-420,-628,-770,-834,-817,-724,-559,-331,-82,176,413,598,722,774,737,636,482,267,35,-193,-392,-553,-646,-668,-621,-504,-355,-166,18,204,356,459,509,503,459,363,234,93,-39,-173,-290,-369,-398,-398,-348,-263,-156,-41,81,183,250,296,317,288,232,160,76,-16,-89,-144,-195,-212,-199,-172,-134,-80,-22,30,82,124,140,141,126,100,58,28,-9,-50,-70,-92,-94,-82,-52,-939,-906,0,0,0,0,0,0,0,0,0,0,0,0,0,0,0,0,0,0,0,0,0,0,0,0,0,0,0,0,0,0,0,0,0,0,0,0,0,0,0,0,0,0,0,0,0,0,0,0,0,0,0,0,0,0,0,0,0,0,0,0,0,0,0,0,0,0,0,0,0,0,0,0,0,0,0,0,0,0,0,0,0,0,0,0,0,0,0,0,0,0,0,0,0,0,0,0,0,0,0,0,0,0,0,0,0,0,0,0,0,0,0,0,0,0,0,0,0,0,0,0,0,0,0,0,0,0,0,0,0,0,0,0,0,0,0,0,0,0,0,0,0,0,0,0,0,0,0,0,0,0,0,0,0,0,0,0,0,0,0,0,0,0,0,0,0,0,0,0,0,0,0,0,0,0,0,0,0,0,0,0,0,0,0,0,0,0,0,0,0,0,0,0,0,0,0,0,0,0,0,0,0,0,0,0,0,0,0,0,0,0,0,0,0,0,0,0,0,0,0,0,0,0,0,0,0,0,0,0,0,0,0,0,0,0,0,0,0,0,0,0,0,0,0,0,0,0,0,0,0,0,0,0,0,0,0,0,-176,627,756,216,387,482,446,280,37,-221,-451,-594,-654,-611,-461,-249,14,301,545,730,826,811,689,452,146,-201,-522,-802,-983,-1032,-958,-738,-430,-65,313,657,917,1067,1090,993,777,467,117,-230,-546,-801,-976,-1047,-1016,-882,-657,-365,-51,272,571,802,970,1053,1020,889,676,403,80,-264,-581,-836,-1019,-1105,-1068,-928,-704,-402,-45,285,601,857,1032,1112,1074,939,700,410,65,-271,-575,-826,-981,-1056,-1033,-896,-672,-403,-105,206,483,728,884,958,954,858,692,447,182,-91,-365,-598,-771,-880,-909,-843,-719,-520,-270,-15,229,484,681,803,879,862,765,610,393,149,-129,-382,-600,-765,-82,-892,-818,-684,-479,-231,54,328,567,749,866,902,859,733,542,279,-5,-259,-505,-714,-840,-901,-874,-762,-574,-337,-66,215,470,690,833,898,864,756,590,362,91,-183,-439,-643,-772,-849,-829,-731,-564,-342,-90,172,416,613,752,806,787,686,528,314,70,-176,-389,-572,-690,-734,-690,-586,-413,-205,2,210,380,509,583,588,547,439,297,128,-35,-190,-325,-416,-457,-457,-413,-326,-202,-77,50,172,263,328,357,347,284,207,121,18,-90,-171,-230,-262,-260,-225,-181,-120,-40,34,88,133,164,168,159,143,103,54,7,-40,-82,-99,-106,-111,-94,-64,-35,1,32,52,34,258
61794,mtk,MTK 7916,864670852,rx1-tx0,512,0,0,0,0,0,0,0,0,0,0,0,0,0,0,0,0,0,0,0,0,0,0,0,0,0,0,0,0,0,0,0,0,0,0,0,0,0,0,0,0,0,0,0,0,0,0,0,0,0,0,0,0,0,0,0,0,0,0,0,0,0,0,0,0,0,0,0,0,0,0,0,0,0,0,0,0,0,0,0,0,0,0,0,0,0,0,0,0,0,0,0,0,0,0,0,0,0,0,0,0,0,0,0,0,0,0,0,0,0,0,0,0,0,0,0,0,0,0,0,0,0,0,0,0,0,0,0,0,0,0,0,0,0,0,0,0,0,0,0,0,0,0,0,0,0,0,0,0,0,0,0,0,0,0,0,0,0,0,0,0,0,0,0,0,0,0,0,0,0,0,0,0,0,0,0,0,0,0,0,0,0,0,0,0,0,0,0,0,0,0,0,0,0,0,0,0,0,0,0,0,0,0,0,0,0,0,0,0,0,0,0,0,0,0,0,0,0,0,0,0,0,0,0,0,0,0,0,0,0,0,0,0,0,0,0,0,0,0,0,0,0,0,0,0,0,0,0,0,0,0,0,0,0,0,0,0,-38,-285,-426,-44,46,151,227,258,231,155,56,-53,-159,-251,-312,-324,-304,-242,-139,-15,114,239,334,399,429,402,320,197,61,-103,-267,-393,-490,-541,-515,-449,-334,-168,19,204,380,513,599,625,585,485,345,160,-48,-260,-448,-601,-713,-738,-696,-578,-389,-179,75,311,523,711,821,843,790,654,464,202,-74,-346,-602,-810,-924,-941,-874,-714,-497,-225,85,375,629,835,963,996,922,758,530,245,-71,-361,-626,-831,-955,-995,-940,-792,-576,-300,10,306,574,800,944,995,957,823,611,345,49,-254,-530,-760,-922,-990,-970,-840,-641,-377,-91,200,479,705,853,922,914,805,625,396,-686,-146,-401,-610,-760,-833,-836,-766,-624,-441,-209,39,272,470,628,729,755,724,637,487,287,78,-137,-335,-488,-618,-676,-668,-613,-511,-369,-205,-19,165,336,474,566,619,633,581,482,353,190,8,-175,-349,-502,-604,-660,-671,-612,-495,-336,-144,70,280,464,601,690,729,686,585,424,212,-20,-252,-447,-601,-714,-763,-728,-615,-461,-256,-16,228,448,612,726,776,736,617,448,226,-20,-261,-486,-647,-751,-776,-719,-581,-381,-136,129,371,576,710,755,721,600,410,174,-81,-314,-501,-624,-668,-641,-537,-375,-171,51,260,433,552,610,573,454,279,47,-202,-413,-529,-531,-437,192,34,0,0,0,0,0,0,0,0,0,0,0,0,0,0,0,0,0,0,0,0,0,0,0,0,0,0,0,0,0,0,0,0,0,0,0,0,0,0,0,0,0,0,0,0,0,0,0,0,0,0,0,0,0,0,0,0,0,0,0,0,0,0,0,0,0,0,0,0,0,0,0,0,0,0,0,0,0,0,0,0,0,0,0,0,0,0,0,0,0,0,0,0,0,0,0,0,0,0,0,0,0,0,0,0,0,0,0,0,0,0,0,0,0,0,0,0,0,0,0,0,0,0,0,0,0,0,0,0,0,0,0,0,0,0,0,0,0,0,0,0,0,0,0,0,0,0,0,0,0,0,0,0,0,0,0,0,0,0,0,0,0,0,0,0,0,0,0,0,0,0,0,0,0,0,0,0,0,0,0,0,0,0,0,0,0,0,0,0,0,0,0,0,0,0,0,0,0,0,0,0,0,0,0,0,0,0,0,0,0,0,0,0,0,0,0,0,0,0,0,0,0,0,0,0,0,0,0,0,0,0,0,0,0,0,0,0,0,0,0,0,0,0,0,0,0,0,0,0,0,0,0,0,0,0,0,0,634,-612,-524,164,197,170,90,-21,-143,-227,-274,-282,-250,-184,-78,34,148,256,332,368,365,315,220,103,-40,-191,-320,-407,-462,-475,-419,-317,-184,-16,158,315,448,543,569,539,455,314,141,-50,-241,-415,-556,-652,-675,-631,-527,-379,-171,63,292,496,649,750,788,740,628,442,200,-69,-336,-570,-761,-879,-894,-840,-696,-473,-190,92,376,623,816,942,971,893,736,517,238,-71,-376,-640,-848,-976,-992,-922,-772,-546,-276,27,334,605,822,963,1005,953,821,605,332,27,-278,-564,-789,-934,-996,-965,-838,-637,-373,-75,230,508,736,891,952,937,823,630,377,109,-176,-440,-659,-824,9,-892,-792,-622,-404,-158,97,339,541,692,786,802,744,629,466,249,20,-196,-398,-571,-672,-715,-704,-621,-499,-331,-137,60,244,415,548,626,652,624,545,428,273,104,-81,-272,-417,-533,-615,-640,-620,-553,-434,-269,-86,110,309,479,604,680,701,652,542,374,180,-38,-257,-451,-617,-720,-754,-713,-596,-438,-230,5,242,444,608,727,771,740,623,455,251,1,-247,-464,-625,-735,-770,-735,-612,-429,-201,54,308,529,690,776,766,674,508,280,32,-224,-454,-622,-715,-716,-635,-491,-286,-61,172,378,532,617,624,553,424,248,38,-190,-384,-529,-606,-565,-419,-198,54,255,-646,-675
61795,mtk,MTK 7916,864670852,rx1-tx1,512,0,0,0,0,0,0,0,0,0,0,0,0,0,0,0,0,0,0,0,0,0,0,0,0,0,0,0,0,0,0,0,0,0,0,0,0,0,0,0,0,0,0,0,0,0,0,0,0,0,0,0,0,0,0,0,0,0,0,0,0,0,0,0,0,0,0,0,0,0,0,0,0,0,0,0,0,0,0,0,0,0,0,0,0,0,0,0,0,0,0,0,0,0,0,0,0,0,0,0,0,0,0,0,0,0,0,0,0,0,0,0,0,0,0,0,0,0,0,0,0,0,0,0,0,0,0,0,0,0,0,0,0,0,0,0,0,0,0,0,0,0,0,0,0,0,0,0,0,0,0,0,0,0,0,0,0,0,0,0,0,0,0,0,0,0,0,0,0,0,0,0,0,0,0,0,0,0,0,0,0,0,0,0,0,0,0,0,0,0,0,0,0,0,0,0,0,0,0,0,0,0,0,0,0,0,0,0,0,0,0,0,0,0,0,0,0,0,0,0,0,0,0,0,0,0,0,0,0,0,0,0,0,0,0,0,0,0,0,0,0,0,0,0,0,0,0,0,0,0,0,0,0,0,0,0,0,-48,-79,28,15,-19,-61,-107,-143,-167,-172,-150,-107,-43,37,118,183,220,217,176,102,-3,-115,-208,-273,-293,-254,-154,-24,116,247,335,356,310,205,49,-120,-272,-374,-401,-345,-227,-53,149,332,435,447,373,219,5,-211,-378,-478,-474,-364,-171,72,302,475,554,515,355,116,-159,-410,-579,-619,-533,-332,-41,260,513,665,677,538,280,-45,-372,-616,-726,-697,-519,-216,141,470,699,780,694,452,114,-237,-550,-752,-782,-637,-367,-7,356,632,766,735,548,249,-120,-467,-698,-780,-697,-455,-111,264,582,767,780,622,323,-37,-394,-671,-793,-742,-535,-204,185,535,769,827,706,431,0,-328,-642,-826,-830,-644,-318,72,451,735,851,789,545,186,-219,-572,-794,-844,-716,-429,-50,349,668,832,807,612,275,-124,-495,-755,-853,-760,-506,-141,250,592,808,847,699,396,10,-381,-686,-848,-822,-619,-287,111,478,741,849,773,531,178,-202,-542,-760,-821,-704,-444,-94,262,565,745,764,618,356,18,-313,-573,-707,-689,-522,-263,38,329,541,636,601,446,189,-96,-347,-518,-574,-520,-360,-133,113,331,479,520,450,301,96,-128,-316,-429,-457,-399,-266,-82,109,268,373,400,352,242,85,-83,-230,-327,-366,-343,-260,-137,4,144,259,330,350,318,254,167,66,-33,-350,-270,0,0,0,0,0,0,0,0,0,0,0,0,0,0,0,0,0,0,0,0,0,0,0,0,0,0,0,0,0,0,0,0,0,0,0,0,0,0,0,0,0,0,0,0,0,0,0,0,0,0,0,0,0,0,0,0,0,0,0,0,0,0,0,0,0,0,0,0,0,0,0,0,0,0,0,0,0,0,0,0,0,0,0,0,0,0,0,0,0,0,0,0,0,0,0,0,0,0,0,0,0,0,0,0,0,0,0,0,0,0,0,0,0,0,0,0,0,0,0,0,0,0,0,0,0,0,0,0,0,0,0,0,0,0,0,0,0,0,0,0,0,0,0,0,0,0,0,0,0,0,0,0,0,0,0,0,0,0,0,0,0,0,0,0,0,0,0,0,0,0,0,0,0,0,0,0,0,0,0,0,0,0,0,0,0,0,0,0,0,0,0,0,0,0,0,0,0,0,0,0,0,0,0,0,0,0,0,0,0,0,0,0,0,0,0,0,0,0,0,0,0,0,0,0,0,0,0,0,0,0,0,0,0,0,0,0,0,0,0,0,0,0,0,0,0,0,0,0,0,0,0,0,0,0,0,0,-1135,455,468,107,123,128,117,82,31,-33,-97,-156,-195,-195,-162,-106,-32,63,156,224,250,235,169,68,-59,-180,-269,-314,-300,-230,-112,42,199,321,377,360,279,137,-49,-227,-360,-423,-406,-301,-126,83,274,421,480,432,291,84,-145,-352,-495,-525,-441,-269,-37,224,444,568,573,450,219,-65,-344,-554,-640,-597,-427,-155,169,453,645,708,623,398,78,-274,-566,-742,-754,-611,-341,10,358,632,772,748,560,259,-104,-451,-702,-793,-708,-473,-134,231,546,740,774,633,347,-11,-359,-635,-776,-741,-546,-233,152,502,730,793,696,431,67,-306,-613,-793,-793,-616,-316,63,441,726,0,783,542,185,-204,-554,-782,-845,-720,-442,-64,332,650,823,812,621,307,-81,-461,-733,-840,-765,-516,-153,246,589,803,843,697,396,11,-384,-696,-851,-817,-618,-282,124,504,770,871,789,530,158,-234,-578,-800,-848,-710,-422,-49,340,656,823,807,630,323,-57,-416,-673,-792,-746,-542,-226,127,447,666,748,669,449,148,-179,-468,-649,-682,-575,-356,-80,208,443,587,603,491,290,32,-225,-423,-530,-521,-411,-229,-2,222,389,476,469,358,179,-16,-204,-360,-431,-411,-314,-168,12,187,311,374,367,294,171,19,-133,-255,-332,-349,-315,-241,-123,11,129,216,275,292,269,301,367
61796,mtk,MTK 7916,864670852,rx2-tx0,512,0,0,0,0,0,0,0,0,0,0,0,0,0,0,0,0,0,0,0,0,0,0,0,0,0,0,0,0,0,0,0,0,0,0,0,0,0,0,0,0,0,0,0,0,0,0,0,0,0,0,0,0,0,0,0,0,0,0,0,0,0,0,0,0,0,0,0,0,0,0,0,0,0,0,0,0,0,0,0,0,0,0,0,0,0,0,0,0,0,0,0,0,0,0,0,0,0,0,0,0,0,0,0,0,0,0,0,0,0,0,0,0,0,0,0,0,0,0,0,0,0,0,0,0,0,0,0,0,0,0,0,0,0,0,0,0,0,0,0,0,0,0,0,0,0,0,0,0,0,0,0,0,0,0,0,0,0,0,0,0,0,0,0,0,0,0,0,0,0,0,0,0,0,0,0,0,0,0,0,0,0,0,0,0,0,0,0,0,0,0,0,0,0,0,0,0,0,0,0,0,0,0,0,0,0,0,0,0,0,0,0,0,0,0,0,0,0,0,0,0,0,0,0,0,0,0,0,0,0,0,0,0,0,0,0,0,0,0,0,0,0,0,0,0,0,0,0,0,0,0,0,0,0,0,0,0,-277,-539,-430,-19,-19,-18,-20,-18,-11,-12,-14,-15,-13,-12,-8,2,11,17,30,48,54,52,46,30,4,-27,-54,-84,-100,-100,-76,-36,7,56,100,139,156,141,89,14,-58,-108,-152,-174,-163,-121,-46,41,115,170,198,184,121,37,-46,-133,-203,-214,-175,-108,-30,64,161,217,225,185,113,4,-106,-186,-235,-244,-192,-90,20,121,210,248,227,161,70,-42,-153,-238,-261,-222,-142,-31,104,210,264,262,203,108,-7,-120,-208,-257,-243,-173,-67,52,155,218,240,207,116,1,-107,-184,-226,-222,-167,-62,51,147,205,218,185,100,-15,-117,-192,-230,-213,-133,-28,76,0,246,251,192,78,-61,-190,-267,-295,-258,-161,-25,117,240,318,329,257,128,-30,-192,-312,-365,-335,-238,-84,100,271,368,381,323,183,-8,-202,-358,-432,-418,-314,-131,97,306,455,504,441,281,62,-181,-397,-532,-557,-466,-269,-7,252,461,591,591,455,236,-25,-296,-521,-636,-608,-468,-222,70,352,556,649,606,445,190,-102,-379,-578,-655,-608,-442,-178,118,383,578,655,597,427,184,-98,-361,-552,-632,-594,-450,-220,57,309,485,571,563,443,237,2,-220,-398,-499,-504,-414,-255,-47,163,330,432,455,390,259,98,-84,-266,-402,-464,-458,-391,-266,-118,34,164,281,-680,-675,0,0,0,0,0,0,0,0,0,0,0,0,0,0,0,0,0,0,0,0,0,0,0,0,0,0,0,0,0,0,0,0,0,0,0,0,0,0,0,0,0,0,0,0,0,0,0,0,0,0,0,0,0,0,0,0,0,0,0,0,0,0,0,0,0,0,0,0,0,0,0,0,0,0,0,0,0,0,0,0,0,0,0,0,0,0,0,0,0,0,0,0,0,0,0,0,0,0,0,0,0,0,0,0,0,0,0,0,0,0,0,0,0,0,0,0,0,0,0,0,0,0,0,0,0,0,0,0,0,0,0,0,0,0,0,0,0,0,0,0,0,0,0,0,0,0,0,0,0,0,0,0,0,0,0,0,0,0,0,0,0,0,0,0,0,0,0,0,0,0,0,0,0,0,0,0,0,0,0,0,0,0,0,0,0,0,0,0,0,0,0,0,0,0,0,0,0,0,0,0,0,0,0,0,0,0,0,0,0,0,0,0,0,0,0,0,0,0,0,0,0,0,0,0,0,0,0,0,0,0,0,0,0,0,0,0,0,0,0,0,0,0,0,0,0,0,0,0,0,0,0,0,0,0,0,0,315,361,468,0,3,-2,-8,-14,-14,-6,-3,-10,-14,-15,-16,-25,-28,-30,-25,-14,1,18,45,65,66,64,59,42,-3,-46,-85,-116,-128,-113,-83,-36,25,83,126,151,152,119,70,-1,-77,-133,-168,-181,-150,-80,2,87,167,213,207,157,83,-17,-112,-184,-217,-207,-154,-76,26,127,200,231,216,151,58,-44,-153,-231,-244,-212,-135,-23,91,176,239,252,194,92,-18,-125,-214,-258,-242,-174,-77,42,159,240,271,238,151,36,-89,-195,-257,-265,-201,-101,14,126,208,248,225,144,30,-66,-161,-215,-219,-169,-85,25,127,204,235,200,118,14,-98,-195,-252,-246,0,-46,73,182,259,279,224,122,-9,-148,-265,-316,-299,-217,-83,76,217,322,347,300,187,23,-151,-289,-367,-365,-279,-125,61,243,372,415,361,231,45,-165,-342,-444,-461,-383,-206,20,244,436,536,511,377,160,-94,-332,-509,-583,-539,-368,-118,149,383,556,623,554,359,95,-190,-433,-602,-645,-537,-323,-46,239,482,630,656,534,314,27,-261,-498,-644,-661,-541,-324,-38,256,497,634,656,545,334,71,-203,-439,-583,-606,-526,-353,-113,142,361,506,550,486,338,135,-88,-281,-412,-468,-442,-328,-157,34,218,356,431,434,365,230,60,-118,-276,-398,-467,-464,-411,-317,-86,72
61797,mtk,MTK 7916,864670852,rx2-tx1,512,0,0,0,0,0,0,0,0,0,0,0,0,0,0,0,0,0,0,0,0,0,0,0,0,0,0,0,0,0,0,0,0,0,0,0,0,0,0,0,0,0,0,0,0,0,0,0,0,0,0,0,0,0,0,0,0,0,0,0,0,0,0,0,0,0,0,0,0,0,0,0,0,0,0,0,0,0,0,0,0,0,0,0,0,0,0,0,0,0,0,0,0,0,0,0,0,0,0,0,0,0,0,0,0,0,0,0,0,0,0,0,0,0,0,0,0,0,0,0,0,0,0,0,0,0,0,0,0,0,0,0,0,0,0,0,0,0,0,0,0,0,0,0,0,0,0,0,0,0,0,0,0,0,0,0,0,0,0,0,0,0,0,0,0,0,0,0,0,0,0,0,0,0,0,0,0,0,0,0,0,0,0,0,0,0,0,0,0,0,0,0,0,0,0,0,0,0,0,0,0,0,0,0,0,0,0,0,0,0,0,0,0,0,0,0,0,0,0,0,0,0,0,0,0,0,0,0,0,0,0,0,0,0,0,0,0,0,0,0,0,0,0,0,0,0,0,0,0,0,0,0,0,0,0,0,0,489,385,398,-12,2,15,27,40,55,65,74,73,61,46,20,-20,-58,-90,-112,-121,-104,-82,-47,10,71,119,160,179,160,120,58,-31,-120,-177,-207,-217,-187,-114,-18,79,159,224,244,216,140,42,-68,-170,-236,-251,-207,-128,-26,87,185,235,234,189,101,-17,-131,-218,-255,-245,-172,-48,90,205,275,276,224,127,-27,-184,-289,-330,-306,-214,-74,93,249,357,386,339,215,45,-143,-306,-398,-417,-344,-198,-9,176,332,417,412,323,165,-26,-212,-353,-406,-374,-263,-87,111,284,388,407,333,190,3,-190,-352,-427,-415,-312,-139,67,253,385,434,395,265,73,-127,-298,0,-428,-352,-190,4,182,329,406,383,294,140,-52,-220,-337,-389,-345,-222,-63,108,252,328,328,255,124,-28,-164,-262,-308,-269,-166,-24,119,230,287,269,182,49,-84,-203,-273,-275,-221,-110,45,189,287,318,277,176,33,-124,-263,-350,-357,-282,-142,39,203,319,377,357,253,85,-89,-241,-338,-361,-319,-211,-43,145,282,348,353,289,152,-11,-169,-294,-354,-342,-254,-107,68,222,323,363,323,209,58,-95,-238,-333,-360,-312,-203,-58,103,243,335,356,313,218,79,-78,-206,-294,-336,-316,-229,-105,23,152,253,299,294,244,154,39,-75,-170,-249,-294,-285,-234,-163,247,309,0,0,0,0,0,0,0,0,0,0,0,0,0,0,0,0,0,0,0,0,0,0,0,0,0,0,0,0,0,0,0,0,0,0,0,0,0,0,0,0,0,0,0,0,0,0,0,0,0,0,0,0,0,0,0,0,0,0,0,0,0,0,0,0,0,0,0,0,0,0,0,0,0,0,0,0,0,0,0,0,0,0,0,0,0,0,0,0,0,0,0,0,0,0,0,0,0,0,0,0,0,0,0,0,0,0,0,0,0,0,0,0,0,0,0,0,0,0,0,0,0,0,0,0,0,0,0,0,0,0,0,0,0,0,0,0,0,0,0,0,0,0,0,0,0,0,0,0,0,0,0,0,0,0,0,0,0,0,0,0,0,0,0,0,0,0,0,0,0,0,0,0,0,0,0,0,0,0,0,0,0,0,0,0,0,0,0,0,0,0,0,0,0,0,0,0,0,0,0,0,0,0,0,0,0,0,0,0,0,0,0,0,0,0,0,0,0,0,0,0,0,0,0,0,0,0,0,0,0,0,0,0,0,0,0,0,0,0,0,0,0,0,0,0,0,0,0,0,0,0,0,0,0,0,0,0,-571,71,-22,-43,-47,-54,-59,-51,-40,-22,4,32,60,78,90,97,90,70,34,-8,-58,-109,-146,-158,-147,-114,-56,18,88,147,198,221,189,122,43,-47,-139,-206,-233,-221,-171,-84,27,127,196,230,224,177,90,-25,-130,-209,-239,-213,-153,-59,59,163,229,245,209,125,2,-122,-215,-260,-254,-195,-77,65,189,276,310,275,177,25,-135,-266,-343,-346,-275,-134,31,193,320,398,377,274,119,-62,-249,-368,-411,-373,-257,-76,115,291,398,419,342,199,3,-181,-325,-410,-405,-303,-143,65,255,378,424,376,251,78,-130,-312,-416,-430,-356,-205,-15,192,357,432,415,318,0,-63,-250,-375,-416,-373,-252,-74,122,291,387,396,324,183,-2,-175,-301,-354,-333,-244,-108,61,210,301,315,263,154,11,-129,-230,-278,-265,-180,-51,93,219,290,278,204,85,-65,-213,-293,-298,-238,-127,22,172,287,333,319,229,82,-88,-240,-346,-377,-324,-195,-33,135,269,348,358,286,147,-19,-185,-307,-356,-330,-231,-84,80,226,325,352,305,193,40,-127,-275,-347,-345,-276,-154,11,164,283,353,353,270,133,-27,-178,-305,-371,-354,-270,-139,14,168,287,343,341,279,166,26,-117,-234,-305,-314,-269,-185,-74,56,171,252,294,293,245,157,62,-34,-111,-175,294,229
61798,mtk,MTK 7916,864720851,rx0-tx0,512,-330,-1004,-1054,893,731,512,247,-33,-310,-563,-766,-904,-980,-964,-873,-710,-504,-251,23,285,530,730,882,952,951,884,744,538,293,27,-249,-511,-728,-888,-985,-991,-928,-786,-580,-324,-32,253,522,756,917,1008,1007,920,774,557,303,16,-273,-524,-743,-897,-976,-976,-902,-759,-554,-297,-40,234,466,672,819,915,938,886,760,580,351,99,-171,-424,-641,-817,-910,-934,-891,-766,-586,-356,-90,172,426,633,779,873,889,830,703,522,305,69,-170,-392,-576,-707,-780,-780,-732,-627,-474,-280,-78,126,328,478,598,670,696,662,580,460,308,143,-45,-228,-382,-514,-599,-645,-653,-590,-493,-350,-26,-15,165,334,482,600,662,679,644,547,417,238,48,-153,-342,-500,-630,-703,-717,-674,-567,-421,-243,-36,183,378,551,676,738,743,685,568,401,193,-25,-244,-445,-604,-715,-756,-741,-667,-536,-362,-163,68,278,479,634,718,759,737,655,516,316,97,-141,-363,-553,-703,-777,-788,-723,-592,-396,-172,67,307,520,663,739,749,684,555,371,159,-56,-255,-425,-548,-598,-597,-540,-423,-297,-140,19,147,261,340,392,402,377,324,247,160,67,-19,-109,-173,-239,-273,-282,-271,-243,-194,-131,-60,21,97,153,208,239,249,240,198,135,58,-31,-117,-184,-227,-225,-191,-127,-44,-403,-656,510,-80,-351,160,134,72,-13,-94,-172,-223,-250,-246,-210,-150,-82,-2,90,165,227,269,288,279,261,215,148,58,-44,-140,-237,-323,-391,-426,-426,-381,-295,-180,-39,123,290,438,555,617,626,576,473,314,99,-126,-342,-551,-719,-820,-842,-779,-638,-437,-174,110,387,646,841,963,1005,948,782,554,259,-59,-363,-647,-884,-1034,-1084,-1025,-890,-655,-369,-47,288,590,839,1009,1092,1085,965,776,511,203,-120,-433,-699,-902,-1041,-1089,-1033,-885,-673,-404,-89,222,521,758,948,1062,1068,989,832,594,308,-1,-313,-592,-817,-982,-1052,-1036,-940,-758,-522,-227,82,375,641,851,988,1043,997,887,301,460,185,-105,-383,-638,-832,-958,-1003,-976,-862,-676,-450,-185,101,377,638,840,977,1037,1009,911,733,481,200,-93,-394,-658,-861,-1002,-1061,-1037,-919,-730,-483,-197,103,395,656,857,1004,1081,1059,957,772,545,270,-38,-342,-619,-858,-1025,-1125,-1129,-1029,-853,-604,-304,23,341,656,914,1091,1185,1188,1091,902,637,316,-34,-389,-702,-959,-1147,-1226,-1198,-1074,-857,-581,-240,97,423,735,958,1106,1158,1129,1013,799,531,222,-96,-404,-686,-905,-1047,-1103,-1069,-954,-760,-508,-216,90,378,643,850,984,1051,1022,912,734,500,223,-66,-353,-600,-798,-930,-997,-988,-898,-735,-509,-236,47,308,651,448,-82,-301,13,-435,-674,-854,-965,-996,-943,-816,-621,-386,-112,175,434,657,820,932,958,913,799,627,404,133,-131,-394,-626,-804,-924,-977,-953,-848,-670,-444,-174,114,385,633,829,965,1014,983,878,697,448,172,-125,-399,-646,-840,-967,-1021,-974,-851,-666,-431,-165,120,389,621,809,914,959,924,816,658,444,203,-64,-322,-554,-742,-867,-925,-919,-836,-691,-479,-225,32,292,531,719,858,917,900,815,650,448,206,-57,-306,-519,-689,-799,-846,-818,-726,-578,-386,-168,58,261,452,599,699,733,728,651,528,372,192,6,-181,-351,-493,-593,-651,-663,-619,-531,-407,-243,-81,105,277,425,549,628,652,632,569,464,314,132,-54,-245,-413,-553,-651,-692,-689,-612,-501,-340,-147,56,259,447,591,691,741,718,640,509,322,110,-106,-318,-501,-651,-741,-762,-722,-619,-463,-270,-57,147,355,534,665,751,761,706,607,438,242,26,-202,-410,-594,-721,-779,-776,-698,-567,-366,-135,104,339,541,696,772,786,726,587,389,171,-61,-282,-476,-614,-688,-686,-619,-499,-324,-137,41,215,346,435,496,490,445,372,268,156,28,-75,-180,-255,-306,-327,-322,-293,-243,-184,-101,-25,54,124,186,226,252,257,231,194,145,74,0,-84,-163,-218,-249,-251,-220,-161,-78,17,97,157,180,-954,-800,-82,-892,-818,-74,-141,-200,-219,-209,-169,-100,-19,70,152,210,247,268,258,225,170,98,11,-71,-150,-229,-289,-337,-347,-330,-288,-215,-116,5,138,272,380,469,518,527,476,385,246,72,-123,-320,-491,-636,-725,-728,-677,-556,-370,-138,120,375,608,790,907,920,860,715,488,220,-84,-396,-666,-873,-1010,-1036,-978,-833,-603,-310,18,337,621,865,1016,1093,1065,930,715,432,124,-210,-518,-775,-976,-1080,-1095,-1006,-827,-591,-304,22,343,621,836,1007,1073,1056,933,744,506,205,-112,-408,-681,-892,-1019,-1063,-1024,-895,-695,-429,-113,192,494,743,922,1030,1041,975,833,607,338,32,-264,-531,-176,-902,-996,-1002,-928,-781,-564,-310,-37,241,508,727,890,989,1007,949,811,607,356,63,-244,-531,-778,-952,-1039,-1065,-1004,-838,-612,-341,-43,261,550,775,946,1036,1054,985,838,618,370,79,-218,-504,-753,-934,-1064,-1105,-1054,-922,-713,-450,-146,185,500,772,981,1119,1157,1117,990,757,466,142,-193,-524,-816,-1041,-1176,-1220,-1161,-996,-755,-455,-108,237,572,852,1062,1180,1185,1124,951,693,387,57,-264,-578,-838,-1015,-1119,-1119,-1045,-884,-648,-365,-53,246,530,767,951,1056,1066,990,842,621,362,70,-229,-498,-728,-902,-1006,-1030,-967,-823,-618,-366,-90,199,467,701,879,983,997,945,-600,-765
61799,mtk,MTK 7916,864720851,rx0-tx1,512,-686,-146,-401,247,40,-163,-362,-528,-637,-701,-695,-641,-547,-389,-204,-16,176,356,491,595,640,645,601,494,368,218,48,-123,-283,-423,-530,-596,-617,-589,-521,-424,-283,-124,39,202,356,486,579,631,637,588,505,369,203,24,-163,-340,-496,-611,-685,-710,-677,-579,-433,-259,-67,145,348,528,662,737,759,712,613,459,266,54,-173,-382,-553,-683,-750,-764,-712,-606,-445,-248,-31,183,384,551,666,730,733,681,572,414,234,29,-175,-364,-522,-638,-696,-706,-657,-557,-414,-231,-35,161,337,484,601,668,681,646,549,410,233,51,-141,-317,-467,-585,-652,-670,-630,-536,-399,-232,-52,137,-38,481,598,658,670,622,522,391,208,12,-170,-357,-510,-617,-667,-669,-617,-513,-357,-164,26,218,401,543,640,672,656,581,458,293,98,-101,-295,-462,-577,-643,-664,-615,-519,-367,-201,-17,171,333,467,559,595,600,539,433,295,138,-33,-190,-338,-445,-516,-550,-524,-467,-366,-242,-99,52,194,319,424,486,512,493,428,330,212,74,-76,-217,-338,-429,-477,-489,-448,-371,-259,-124,16,163,283,377,438,450,425,354,260,141,13,-111,-220,-310,-373,-391,-383,-325,-234,-128,-16,104,205,287,338,350,325,263,176,62,-56,-168,-258,-302,-308,-271,-185,-83,28,127,186,200,625,396,0,-328,-642,-97,-164,-205,-206,-174,-110,-26,59,139,213,247,249,221,171,98,17,-70,-145,-203,-245,-255,-233,-200,-150,-76,10,91,151,200,234,235,214,180,119,62,7,-54,-105,-139,-162,-174,-164,-148,-129,-92,-58,-28,5,33,65,104,130,147,171,171,161,139,112,76,22,-39,-108,-164,-194,-221,-224,-213,-187,-139,-75,-10,55,120,173,221,247,250,240,208,162,109,39,-31,-104,-179,-239,-283,-304,-303,-285,-236,-165,-80,15,121,222,300,352,375,373,326,255,169,58,-62,-172,-275,-356,-410,-418,-400,-347,-263,-167,-41,82,199,299,382,424,436,419,364,279,165,-48,-84,-210,-318,-409,-464,-485,-464,-401,-315,-194,-49,101,244,370,474,538,552,519,443,329,188,26,-139,-293,-423,-523,-576,-572,-528,-445,-319,-167,-5,157,302,431,519,575,581,538,466,352,207,36,-126,-279,-425,-525,-592,-608,-579,-512,-405,-258,-84,92,266,420,539,627,663,648,579,469,310,125,-65,-265,-442,-586,-684,-726,-715,-638,-504,-334,-125,91,310,492,636,738,761,727,640,499,313,93,-126,-339,-519,-651,-738,-755,-716,-618,-470,-289,-83,136,334,503,633,713,740,703,606,463,279,76,-131,-336,-508,-639,-720,-733,-693,-603,-452,-268,-63,148,348,516,635,706,431,9,-892,-792,-687,-722,-701,-627,-487,-319,-125,81,263,439,579,653,679,656,573,446,287,107,-63,-246,-400,-508,-592,-625,-611,-550,-452,-319,-168,-2,163,312,449,555,608,623,592,513,394,247,84,-92,-259,-409,-543,-625,-666,-658,-599,-488,-334,-153,41,245,430,583,682,733,726,652,529,359,161,-51,-263,-453,-612,-715,-760,-745,-660,-533,-357,-147,73,286,474,620,716,755,733,651,509,335,136,-74,-276,-461,-600,-691,-730,-703,-625,-497,-324,-131,68,264,430,569,659,693,673,598,481,324,135,-52,-238,-403,-538,-628,-665,-659,-588,-476,-327,-150,36,229,397,533,623,666,655,634,479,314,132,-59,-252,-416,-553,-647,-666,-647,-577,-450,-284,-93,98,286,450,582,661,680,655,559,412,229,37,-160,-347,-502,-619,-672,-670,-609,-491,-331,-158,34,225,393,526,602,639,611,529,412,248,79,-95,-266,-398,-500,-560,-572,-538,-455,-330,-193,-35,118,261,386,468,512,512,476,404,292,155,16,-129,-260,-372,-447,-488,-487,-445,-368,-248,-108,45,188,308,404,457,473,445,367,266,132,-2,-136,-253,-342,-404,-419,-399,-345,-260,-143,-20,99,216,296,346,367,350,293,212,107,-6,-121,-219,-293,-332,-327,-287,-201,-90,22,135,217,256,255,207,121,32,-659,-824,0,783,542,-135,-101,-27,57,140,205,236,229,197,133,42,-42,-120,-187,-232,-254,-246,-208,-155,-81,6,84,146,203,239,250,230,192,140,70,-10,-74,-136,-183,-201,-211,-203,-164,-117,-73,-22,23,61,92,118,129,143,146,140,133,118,86,60,24,-24,-71,-114,-152,-186,-212,-218,-203,-157,-105,-45,23,83,147,202,232,243,234,206,163,115,45,-15,-81,-144,-195,-236,-260,-266,-261,-229,-173,-102,-20,64,148,230,292,333,350,342,295,217,120,17,-99,-205,-284,-351,-398,-400,-367,-300,-210,-101,17,127,239,325,392,430,422,385,315,218,95,-24,-149,-262,-361,-429,-1135,-458,-416,-340,-236,-111,23,161,281,387,469,511,507,465,381,265,119,-35,-186,-330,-453,-537,-571,-556,-491,-396,-259,-92,78,233,379,488,559,580,558,487,383,249,99,-75,-228,-363,-472,-551,-588,-572,-529,-434,-303,-152,15,176,332,472,576,630,631,591,496,362,201,12,-173,-348,-495,-613,-674,-695,-661,-559,-419,-231,-32,176,376,537,665,738,751,700,579,424,223,-1,-215,-422,-591,-712,-767,-755,-688,-560,-392,-191,31,241,437,584,687,739,736,663,542,370,179,-26,-233,-418,-570,-678,-731,-728,-661,-535,-374,-176,33,239,431,584,685,731,721,649,515,346,441,726
61800,mtk,MTK 7916,864720851,rx1-tx0,512,0,246,251,-420,-521,-582,-599,-573,-507,-396,-248,-91,90,277,440,569,658,702,686,616,494,342,145,-81,-302,-501,-669,-788,-842,-830,-737,-584,-373,-132,134,386,619,802,920,959,914,786,589,337,50,-230,-496,-726,-892,-991,-990,-915,-762,-545,-282,5,286,547,756,902,972,957,874,713,508,252,-15,-268,-517,-709,-851,-947,-946,-868,-733,-534,-288,-14,250,497,709,868,948,961,886,738,546,287,15,-263,-523,-739,-881,-965,-975,-889,-733,-510,-252,39,311,552,754,890,956,918,819,651,426,162,-111,-367,-587,-754,-842,-874,-828,-705,-538,-312,-81,155,364,547,675,743,751,698,-277,436,262,64,-138,-309,-455,-571,-626,-634,-593,-512,-401,-268,-107,52,216,357,468,543,578,572,533,452,325,180,18,-135,-293,-434,-516,-572,-591,-566,-485,-380,-243,-76,85,251,391,519,603,639,635,574,469,341,155,-51,-240,-426,-590,-710,-770,-764,-699,-565,-375,-148,108,356,576,762,870,907,853,718,507,242,-44,-321,-588,-792,-909,-945,-888,-736,-516,-246,37,303,551,721,821,842,776,655,452,233,-1,-233,-431,-583,-667,-691,-656,-558,-410,-241,-47,152,310,450,534,566,550,479,357,203,34,-127,-281,-403,-472,-503,-453,-349,-208,-45,115,259,346,371,328,238,-28,76,0,-428,-352,-69,-68,-51,-24,16,53,85,109,114,112,95,70,43,-5,-51,-82,-113,-126,-137,-136,-115,-86,-52,-8,29,63,95,129,159,170,166,145,116,87,38,-17,-67,-117,-165,-203,-229,-242,-231,-204,-148,-79,9,117,215,292,353,390,397,358,274,162,20,-130,-281,-406,-504,-543,-527,-476,-359,-210,-22,167,345,505,596,643,611,533,404,214,20,-180,-370,-517,-617,-653,-628,-553,-406,-238,-44,156,327,468,558,592,581,517,403,251,94,-73,-229,-350,-434,-468,-476,-442,-367,-282,-174,-64,53,156,237,310,362,392,387,359,309,239,154,49,-54,-171,-268,-350,-415,489,-433,-389,-319,-214,-90,42,179,294,399,468,498,500,443,356,239,93,-58,-198,-334,-438,-514,-550,-534,-473,-376,-246,-98,62,218,356,470,539,570,550,483,390,258,105,-66,-211,-354,-462,-537,-558,-551,-506,-419,-289,-144,19,178,317,438,529,573,566,530,447,336,205,53,-107,-264,-407,-522,-587,-620,-610,-546,-441,-299,-131,67,266,446,588,698,742,717,629,488,300,89,-136,-358,-545,-684,-761,-764,-703,-582,-424,-215,5,222,412,553,656,687,673,602,483,336,157,-33,-198,-357,-469,-555,-589,-579,-541,-455,-334,-186,-38,105,249,372,469,530,552,532,477,400,-127,-298,0,-46,73,-404,-277,-128,35,197,348,485,574,626,647,604,508,374,211,23,-177,-371,-530,-662,-752,-777,-731,-628,-472,-265,-39,211,447,655,808,891,901,830,693,485,234,-40,-319,-569,-776,-926,-987,-963,-862,-682,-453,-171,123,403,657,845,960,993,949,828,635,392,121,-155,-417,-644,-819,-926,-951,-907,-800,-616,-405,-151,128,379,607,794,913,959,924,827,656,429,168,-105,-381,-619,-811,-933,-969,-937,-823,-631,-396,-137,147,417,653,833,945,973,906,782,588,344,64,-215,-457,-672,-827,-906,-911,-836,-699,-489,-243,2,260,471,648,770,815,795,706,569,378,167,-52,-258,315,-563,-653,-697,-670,-597,-485,-333,-158,20,189,337,454,547,592,595,558,478,363,221,56,-98,-247,-383,-485,-551,-581,-567,-526,-416,-276,-131,30,195,344,464,562,605,605,559,482,366,205,32,-151,-325,-466,-591,-690,-712,-677,-600,-462,-273,-58,168,387,584,729,818,837,780,653,456,204,-67,-337,-589,-786,-909,-934,-882,-750,-526,-260,36,328,584,770,882,894,838,699,485,248,-28,-278,-499,-664,-743,-771,-714,-601,-431,-232,-18,191,376,511,598,641,601,511,384,219,52,-122,-289,-420,-504,-529,-501,-435,-309,-163,12,189,324,419,450,424,339,199,48,-101,-204,-252,-246,0,-63,-250,16,47,75,95,103,95,76,42,-1,-41,-80,-101,-125,-136,-124,-100,-71,-35,-3,40,82,109,135,149,144,129,103,73,37,-5,-43,-87,-118,-152,-182,-188,-183,-172,-138,-87,-31,38,101,180,246,291,318,312,272,210,126,18,-102,-236,-345,-430,-472,-473,-426,-330,-190,-20,149,317,457,555,598,581,516,379,202,12,-184,-351,-515,-619,-651,-629,-539,-405,-228,-30,167,359,511,597,638,608,531,409,233,59,-118,-278,-421,-507,-543,-536,-475,-381,-256,-127,12,145,257,334,396,423,421,381,323,250,157,53,-51,-149,-240,-313,-371,-400,-407,-378,-318,-245,-147,-571,101,217,323,408,462,479,459,386,289,158,25,-122,-266,-379,-469,-527,-534,-498,-421,-301,-171,-15,143,290,410,501,551,557,520,438,323,177,21,-140,-278,-404,-499,-560,-561,-527,-454,-336,-188,-29,119,266,400,498,557,578,544,475,372,239,78,-76,-230,-364,-472,-548,-587,-584,-538,-453,-330,-175,-12,171,344,487,595,672,696,654,547,403,216,3,-213,-403,-573,-694,-757,-755,-682,-547,-369,-156,71,290,475,623,715,737,702,601,462,280,74,-126,-312,-456,-560,-639,-642,-601,-514,-393,-249,-83,77,232,371,474,537,558,550,500,410,294,158,11,-136,-265,-390,415,318
61801,mtk,MTK 7916,864720851,rx1-tx1,512,0,0,0,692,558,286,-62,-401,-641,-726,-644,-406,-66,279,546,689,671,494,204,-132,-427,-612,-639,-509,-260,46,334,529,579,486,273,-11,-290,-485,-550,-473,-272,2,270,465,543,480,290,25,-251,-456,-551,-505,-317,-42,245,475,591,553,365,82,-223,-482,-627,-616,-453,-175,152,452,641,673,540,276,-62,-386,-618,-688,-589,-357,-31,303,557,680,645,440,113,-234,-514,-671,-671,-500,-201,146,460,659,701,580,314,-32,-369,-609,-715,-654,-422,-91,240,518,676,677,515,227,-111,-410,-608,-658,-551,-319,-28,271,507,622,578,402,142,-152,-401,-540,-555,-436,-215,42,273,420,0,400,238,20,-176,-314,-368,-322,-192,-16,155,272,308,262,143,-21,-179,-290,-322,-250,-105,66,233,348,372,290,126,-84,-274,-407,-448,-377,-199,34,267,455,543,487,307,54,-222,-468,-607,-606,-460,-198,124,420,627,705,610,362,28,-323,-605,-747,-718,-525,-213,163,514,743,805,689,415,35,-358,-670,-829,-809,-609,-278,126,501,764,862,776,509,135,-261,-600,-802,-828,-680,-389,-21,348,636,775,736,557,266,-87,-410,-627,-701,-633,-443,-158,147,405,568,608,519,324,72,-185,-395,-511,-519,-427,-251,-41,165,340,440,448,373,246,94,-64,-197,-282,-313,-295,-238,0,0,0,0,0,171,73,-68,-226,-371,-480,-516,-461,-314,-101,146,387,572,652,608,446,196,-108,-403,-631,-740,-693,-502,-206,144,476,709,787,700,461,112,-271,-593,-786,-808,-642,-327,67,454,739,864,795,528,132,-306,-684,-907,-928,-735,-363,95,541,877,1016,922,618,166,-334,-766,-1025,-1035,-814,-403,105,583,926,1061,946,608,123,-389,-810,-1036,-1014,-758,-318,204,669,974,1047,867,479,-37,-545,-917,-1070,-967,-627,-127,401,846,1099,1070,790,326,-236,-760,-1095,-1177,-982,-542,36,622,1067,1258,1163,800,243,-384,-929,-1263,-1318,-1061,-554,86,709,1161,1355,1247,846,239,-423,-979,-1295,-1308,0,-493,131,734,1170,1312,1142,710,98,-531,-1023,-1266,-1212,-866,-304,331,879,1208,1250,991,488,-138,-730,-1156,-1304,-1143,-705,-93,543,1055,1316,1256,908,340,-320,-899,-1256,-1315,-1068,-571,63,681,1130,1300,1168,769,175,-448,-954,-1220,-1187,-871,-359,247,784,1102,1146,918,457,-117,-650,-1007,-1121,-957,-552,-9,538,960,1131,1024,671,155,-402,-865,-1119,-1091,-815,-347,214,726,1057,1131,943,531,-16,-539,-927,-1101,-1013,-685,-198,320,741,986,1003,773,369,-102,-537,-838,-924,-780,-460,-54,349,658,789,716,476,125,-248,-538,-683,-654,-461,-148,202,484,633,619,444,150,-183,-467,-636,-647,0,0,0,0,0,116,427,648,719,614,353,10,-332,-596,-712,-660,-457,-145,197,484,644,653,505,233,-91,-380,-570,-615,-503,-270,20,299,491,554,478,273,-1,-275,-470,-543,-473,-282,-12,265,467,540,482,295,24,-257,-478,-577,-525,-337,-56,238,486,606,577,408,131,-195,-470,-635,-645,-497,-222,114,428,631,682,573,315,-16,-344,-593,-693,-615,-392,-79,262,531,668,648,473,172,-179,-482,-667,-694,-543,-260,83,408,637,712,616,370,35,-306,-573,-706,-667,-467,-163,176,468,647,669,529,271,-46,-350,-567,-645,-571,-368,-82,218,453,581,570,428,188,-89,-326,-477,-508,-418,-235,0,206,360,417,365,217,29,-151,-285,-338,-294,-169,4,168,273,305,256,122,-48,-212,-315,-337,-269,-111,81,257,381,407,333,165,-60,-281,-444,-498,-426,-252,-8,255,470,578,548,384,117,-191,-465,-636,-661,-535,-275,55,380,628,726,665,453,123,-249,-563,-746,-762,-611,-311,70,441,723,845,765,513,158,-238,-590,-814,-852,-698,-389,0,392,697,852,818,607,266,-124,-483,-737,-822,-723,-477,-139,217,526,711,741,611,356,38,-279,-528,-647,-628,-484,-244,39,298,486,564,527,390,175,-70,-288,-436,-492,-457,-332,-154,38,219,344,395,380,308,204,85,-30,-124,0,0,0,0,0,279,356,390,369,279,119,-85,-295,-470,-574,-583,-488,-294,-27,258,509,664,691,581,351,44,-293,-577,-739,-761,-624,-343,18,374,659,800,761,556,223,-173,-535,-777,-841,-710,-420,-32,384,723,893,860,637,253,-208,-623,-898,-985,-847,-502,-33,444,830,1025,987,729,299,-219,-684,-984,-1064,-896,-511,-10,489,864,1046,988,689,219,-294,-736,-1000,-1029,-805,-380,126,604,947,1069,925,550,45,-477,-890,-1088,-1034,-720,-226,330,811,1101,1128,881,422,-146,-685,-1078,-1214,-1064,-669,-96,517,1013,1282,1253,926,386,-247,-839,-1242,-1349,-1155,-692,-67,569,1075,1332,1284,938,374,-281,0,-1236,-1315,-1089,-604,13,622,1082,1287,1172,772,200,-422,-946,-1235,-1231,-929,-394,237,808,1187,1285,1075,601,-17,-639,-1112,-1317,-1207,-812,-218,433,979,1284,1290,997,463,-184,-784,-1194,-1319,-1126,-665,-50,568,1049,1274,1191,830,277,-335,-848,-1150,-1173,-906,-418,166,692,1047,1135,935,501,-50,-591,-982,-1123,-986,-608,-82,473,913,1120,1050,740,249,-320,-813,-1100,-1133,-889,-436,116,640,1004,1124,986,616,109,-426,-843,-1051,-1012,-743,-302,201,636,907,963,786,430,-11,-431,-731,-851,-759,-479,-93,301,600,738,687,461,130,-219,-511,-658,-632,-443,-146,180,461,620,617,459,170,-161,0,0
61802,mtk,MTK 7916,864720851,rx2-tx0,512,0,0,0,1025,738,267,-285,-789,-1113,-1167,-934,-465,118,682,1095,1254,1114,701,110,-507,-1006,-1268,-1228,-893,-338,302,865,1220,1283,1034,533,-95,-708,-1144,-1294,-1132,-698,-90,540,1035,1268,1193,824,251,-388,-922,-1222,-1229,-934,-397,233,796,1163,1240,1006,533,-76,-668,-1092,-1233,-1067,-645,-66,529,986,1187,1096,735,189,-400,-880,-1133,-1094,-776,-266,305,792,1080,1089,813,333,-235,-738,-1047,-1091,-852,-398,163,695,1048,1137,936,490,-88,-650,-1056,-1202,-1044,-616,-29,564,1028,1253,1174,795,209,-429,-969,-1282,-1284,-968,-417,237,845,1257,1359,1136,642,-8,-660,-1159,-1378,-1264,-851,-234,438,1009,1331,0,1013,460,-206,-827,-1243,-1353,-1139,-652,-12,636,1121,1336,1230,816,206,-445,-998,-1313,-1301,-972,-409,255,867,1267,1368,1140,625,-35,-694,-1190,-1403,-1283,-856,-218,469,1053,1393,1403,1070,482,-222,-876,-1324,-1460,-1255,-757,-74,629,1171,1438,1375,988,358,-349,-964,-1351,-1421,-1169,-640,47,712,1197,1406,1285,862,232,-444,-998,-1317,-1346,-1063,-523,128,745,1184,1347,1209,800,209,-420,-951,-1262,-1282,-1014,-530,56,620,1028,1211,1124,790,294,-246,-717,-1015,-1091,-930,-572,-109,365,739,936,932,739,393,-23,-413,-698,-830,-794,-605,-307,39,362,596,707,686,551,333,81,-155,-336,-443,-469,-418,0,0,0,0,0,412,447,406,283,91,-143,-390,-591,-693,-676,-533,-276,53,391,667,820,816,637,315,-85,-483,-798,-953,-899,-647,-247,220,658,961,1067,929,573,80,-450,-896,-1145,-1152,-899,-434,147,708,1126,1287,1166,780,205,-430,-978,-1308,-1347,-1078,-560,98,742,1216,1425,1312,883,260,-423,-1029,-1392,-1431,-1146,-601,75,734,1233,1432,1300,866,237,-432,-988,-1314,-1336,-1032,-495,143,738,1152,1284,1100,660,74,-516,-976,-1194,-1118,-772,-244,337,828,1102,1098,818,340,-214,-713,-1033,-1094,-872,-424,119,634,1001,1117,952,547,3,-553,-979,-1162,-1065,-698,-158,426,917,1193,1183,877,354,-256,-807,-1165,0,-1028,-550,65,674,1119,1292,1150,726,132,-504,-1026,-1296,-1249,-895,-317,339,917,1279,1331,1056,514,-150,-792,-1249,-1398,-1211,-730,-70,616,1158,1423,1339,931,298,-403,-1012,-1385,-1424,-1117,-540,170,837,1294,1437,1240,747,76,-610,-1134,-1376,-1287,-888,-271,405,964,1279,1277,958,405,-240,-807,-1169,-1240,-1007,-524,89,676,1080,1210,1038,622,51,-531,-967,-1156,-1064,-711,-186,380,841,1086,1062,766,286,-252,-714,-987,-1010,-785,-364,136,588,880,946,771,404,-59,-495,-791,-875,-731,-399,39,456,746,840,717,400,-26,-450,-755,-858,-737,-428,-4,436,763,897,803,491,43,-425,-790,-961,-897,0,0,0,0,0,357,814,1088,1099,840,370,-202,-746,-1123,-1224,-1034,-597,-3,595,1055,1269,1180,802,225,-408,-939,-1249,-1261,-970,-442,197,791,1184,1293,1089,617,-6,-627,-1088,-1287,-1167,-760,-167,461,972,1248,1210,870,319,-309,-860,-1198,-1240,-974,-462,157,736,1131,1250,1052,595,-3,-596,-1037,-1217,-1088,-694,-127,470,933,1157,1093,753,230,-347,-834,-1103,-1085,-796,-307,260,760,1062,1087,835,365,-198,-713,-1054,-1119,-890,-440,132,678,1057,1172,987,543,-38,-614,-1051,-1231,-1098,-693,-115,504,1003,1271,1227,873,305,-345,-922,-1278,-1323,-1049,-529,124,759,1212,1371,1202,746,111,-552,-1084,-1365,-1312,-940,-343,0,916,1289,1350,1085,558,-96,-726,-1186,-1354,-1184,-735,-113,536,1053,1322,1268,895,310,-355,-936,-1293,-1335,-1056,-519,150,787,1239,1394,1211,735,79,-594,-1129,-1408,-1348,-969,-360,338,959,1358,1428,1160,610,-84,-757,-1251,-1449,-1317,-874,-219,485,1069,1408,1417,1085,502,-188,-836,-1282,-1428,-1231,-746,-97,570,1108,1373,1320,961,382,-284,-874,-1265,-1361,-1144,-671,-42,595,1089,1325,1261,915,371,-249,-803,-1166,-1262,-1089,-678,-133,428,886,1134,1127,880,449,-63,-534,-875,-1023,-944,-667,-261,190,576,820,890,781,514,146,-234,-546,-739,-777,-672,-443,-148,153,400,561,616,568,442,269,86,-80,0,0,0,0,0,-46,119,296,459,570,594,511,325,57,-240,-509,-706,-778,-699,-474,-132,253,595,825,896,776,481,74,-364,-744,-971,-990,-793,-410,83,566,939,1119,1053,740,250,-309,-815,-1150,-1235,-1041,-599,-10,589,1065,1318,1274,941,390,-266,-870,-1282,-1406,-1210,-731,-76,589,1124,1417,1385,1031,438,-258,-894,-1315,-1436,-1235,-760,-96,589,1113,1378,1327,967,382,-277,-857,-1236,-1315,-1083,-595,27,631,1068,1240,1114,719,163,-422,-894,-1140,-1105,-794,-287,275,765,1065,1085,837,383,-164,-670,-1019,-1109,-904,-478,65,597,991,1134,996,615,74,-493,-950,-1185,-1122,-781,-258,338,863,1189,1224,958,455,0,-752,-1147,-1272,-1092,-647,-38,587,1078,1298,1199,814,223,-425,-970,-1288,-1291,-974,-414,254,863,1268,1368,1134,628,-43,-711,-1212,-1415,-1280,-843,-189,520,1096,1407,1394,1035,422,-289,-930,-1345,-1434,-1179,-640,48,717,1214,1415,1269,817,175,-503,-1050,-1334,-1292,-929,-342,312,880,1233,1271,987,468,-160,-739,-1126,-1232,-1034,-571,27,602,1024,1189,1058,669,115,-456,-902,-1128,-1066,-737,-231,322,785,1046,1042,779,335,-189,-650,-937,-983,-780,-386,93,538,833,909,749,401,-44,-471,-765,-854,-719,-395,31,451,752,850,722,414,-7,-436,-757,-874,-762,-456,-21,430,777,923,839,541,86,-402,0,0
61803,mtk,MTK 7916,864720851,rx2-tx1,512,0,0,0,-496,80,647,1067,1232,1104,713,138,-471,-959,-1229,-1211,-900,-390,213,776,1144,1225,1011,564,-10,-574,-998,-1175,-1062,-698,-173,391,849,1083,1047,748,276,-244,-704,-984,-1010,-766,-325,188,641,930,975,759,337,-173,-631,-924,-985,-792,-388,139,634,977,1073,897,485,-57,-601,-995,-1148,-1011,-613,-58,522,984,1200,1120,756,189,-420,-938,-1234,-1230,-912,-359,293,892,1267,1338,1085,554,-126,-788,-1269,-1458,-1286,-807,-136,590,1197,1515,1470,1085,448,-301,-994,-1448,-1551,-1306,-768,-48,693,1274,1542,1453,1034,370,-372,-1014,-1423,-1503,-1231,-681,22,707,1205,1414,1312,913,300,-363,-910,-1228,-1251,0,-505,68,611,984,1099,945,579,93,-394,-759,-922,-864,-581,-159,278,629,806,767,531,169,-224,-554,-742,-719,-496,-154,225,553,733,711,501,145,-263,-606,-794,-778,-550,-170,273,673,925,947,722,310,-199,-688,-1031,-1148,-987,-579,-25,556,1037,1282,1226,891,351,-290,-886,-1291,-1399,-1193,-706,-55,613,1158,1451,1418,1064,467,-230,-877,-1340,-1520,-1354,-894,-250,449,1046,1404,1462,1212,707,67,-579,-1078,-1326,-1286,-990,-496,88,628,1016,1172,1068,744,282,-213,-643,-918,-979,-825,-508,-104,305,626,808,817,657,369,27,-302,-564,-704,-700,-569,-347,-86,167,370,496,526,473,365,225,0,0,0,0,0,-351,-249,-92,106,317,499,609,618,513,312,47,-235,-482,-641,-670,-568,-354,-58,257,529,682,678,531,271,-57,-372,-613,-726,-671,-452,-124,240,547,739,769,610,302,-84,-447,-728,-856,-778,-507,-124,296,664,877,890,700,337,-104,-519,-828,-959,-856,-549,-124,334,726,942,937,711,314,-154,-585,-878,-968,-838,-506,-47,421,785,959,906,637,224,-234,-633,-877,-913,-721,-358,93,520,811,897,771,455,28,-394,-725,-883,-814,-549,-150,296,669,871,867,660,293,-159,-580,-852,-919,-763,-424,22,459,775,907,829,549,140,-312,-683,-880,-866,-654,-274,186,585,837,892,727,0,-67,-491,-794,-910,-804,-506,-80,373,716,884,839,580,185,-240,-616,-831,-830,-627,-264,165,556,800,843,670,323,-111,-530,-815,-894,-755,-414,41,490,827,964,858,542,89,-390,-784,-982,-940,-666,-230,268,700,960,992,780,363,-143,-604,-916,-1005,-830,-445,46,530,883,1006,870,514,27,-472,-849,-1016,-933,-609,-120,397,812,1030,1002,718,240,-302,-782,-1071,-1090,-838,-376,183,702,1061,1159,974,548,-21,-586,-1006,-1189,-1094,-727,-182,400,887,1162,1161,885,390,-199,-731,-1076,-1155,-953,-516,43,588,981,1135,1011,631,101,-443,-880,-1095,-1029,-712,-215,337,807,1083,1093,826,338,0,0,0,0,0,-1091,-1204,-1034,-616,-32,568,1024,1233,1154,804,264,-341,-868,-1193,-1221,-964,-482,110,673,1072,1209,1051,645,89,-481,-920,-1133,-1063,-727,-225,314,766,1029,1026,762,308,-214,-670,-949,-981,-757,-336,173,636,927,978,768,355,-149,-630,-940,-1020,-848,-435,102,621,987,1100,935,539,-2,-564,-997,-1181,-1069,-689,-131,474,960,1211,1168,828,263,-373,-911,-1244,-1274,-990,-447,217,842,1276,1400,1185,680,2,-685,-1236,-1500,-1398,-961,-284,468,1107,1493,1538,1222,620,-131,-851,-1373,-1565,-1392,-903,-206,540,1151,1494,1494,1135,517,-198,-859,-1316,-1463,-1272,-787,-134,528,1048,1316,1287,970,422,-211,0,-1096,-1179,-980,-558,-26,475,847,1005,900,581,142,-323,-683,-851,-813,-568,-173,245,581,764,742,520,162,-226,-550,-725,-707,-497,-146,241,569,754,733,503,143,-272,-638,-850,-848,-629,-227,255,705,993,1048,857,442,-108,-640,-1051,-1233,-1129,-751,-177,447,972,1289,1323,1054,530,-131,-775,-1243,-1438,-1311,-886,-259,436,1039,1418,1486,1215,678,2,-679,-1225,-1499,-1437,-1078,-497,191,823,1270,1434,1288,883,302,-318,-855,-1190,-1254,-1052,-644,-117,410,825,1047,1035,804,409,-54,-471,-774,-901,-826,-582,-236,138,473,699,772,698,494,202,-117,-389,-567,-643,-609,-472,-273,-62,121,255,341,0,0,0,0,0,-274,-420,-517,-537,-474,-329,-112,144,390,571,653,622,469,218,-81,-373,-588,-683,-634,-451,-172,157,462,660,708,604,365,35,-314,-591,-734,-715,-529,-211,166,513,751,815,691,406,18,-393,-718,-878,-843,-614,-229,204,592,856,936,799,457,6,-438,-787,-961,-907,-642,-225,250,657,915,962,780,412,-44,-498,-837,-962,-858,-565,-136,336,720,924,908,683,301,-157,-579,-853,-906,-746,-410,26,450,759,886,791,503,87,-355,-701,-877,-849,-607,-209,238,634,875,899,712,352,-90,-514,-821,-929,-814,-491,-51,381,729,904,848,596,204,-240,-634,-873,-886,-684,-325,120,539,0,912,774,443,6,-422,-754,-903,-833,-557,-142,303,661,855,833,607,232,-203,-583,-810,-829,-640,-291,145,544,804,862,701,355,-83,-509,-816,-932,-807,-467,-18,445,817,984,897,595,153,-336,-751,-981,-969,-723,-299,207,652,935,989,793,397,-101,-565,-891,-993,-842,-477,11,501,864,1015,900,549,69,-433,-841,-1046,-977,-658,-177,349,797,1053,1044,775,314,-238,-739,-1065,-1130,-909,-464,98,654,1042,1176,1033,635,79,-495,-958,-1192,-1126,-797,-283,298,811,1130,1167,918,451,-117,-651,-1024,-1150,-984,-576,-34,507,923,1109,1020,680,166,-394,-849,-1089,-1058,-768,-287,277,772,1071,0,0
61804,mtk,MTK 7916,864752187,rx0-tx0,512,-330,-1004,-1054,998,983,912,778,591,365,119,-138,-384,-604,-777,-907,-972,-975,-922,-810,-639,-436,-209,33,275,503,689,848,950,992,970,884,741,551,325,65,-185,-435,-659,-841,-960,-1019,-1019,-951,-813,-616,-388,-137,121,376,603,783,920,992,1006,947,822,647,448,203,-51,-283,-505,-684,-829,-923,-953,-919,-840,-704,-528,-321,-84,147,373,583,747,862,938,946,880,760,604,398,164,-85,-309,-518,-693,-816,-886,-897,-843,-742,-584,-394,-174,38,237,423,582,699,759,776,742,670,548,400,231,60,-111,-286,-424,-544,-623,-666,-671,-634,-561,-462,-330,-176,-17,135,277,419,527,596,638,-26,608,533,428,292,138,-23,-188,-350,-489,-593,-669,-690,-674,-623,-515,-368,-206,-29,157,341,505,619,700,739,727,662,552,403,227,38,-151,-340,-510,-646,-726,-762,-747,-678,-560,-409,-239,-43,145,340,516,642,732,772,762,695,580,435,259,36,-180,-367,-549,-684,-779,-814,-774,-676,-535,-349,-140,76,301,489,632,725,755,725,635,502,335,138,-58,-228,-379,-494,-557,-573,-546,-479,-384,-261,-135,-12,100,198,274,327,361,368,344,307,246,179,112,35,-46,-113,-169,-220,-252,-271,-263,-247,-212,-164,-103,-24,52,118,184,231,258,258,223,167,88,3,-74,-140,-173,-403,-656,510,-80,-351,42,-17,-88,-159,-212,-238,-239,-209,-158,-94,-17,59,128,190,235,272,285,279,257,209,146,80,-2,-91,-179,-265,-340,-398,-421,-411,-386,-327,-226,-99,37,183,328,461,568,633,656,632,543,409,234,25,-190,-409,-598,-743,-836,-874,-843,-738,-568,-349,-100,165,428,659,851,972,1020,996,886,712,484,205,-85,-380,-646,-847,-1001,-1074,-1067,-994,-841,-621,-360,-67,215,490,731,916,1036,1075,1042,954,779,543,287,9,-276,-525,-757,-923,-1030,-1059,-1019,-923,-748,-526,-264,10,289,549,763,926,1035,1057,1012,908,735,520,262,-15,-298,-540,-756,-923,-1006,-1039,-1005,-892,-709,301,-260,2,261,496,700,855,956,998,988,904,768,585,353,102,-162,-413,-646,-842,-977,-1039,-1048,-992,-860,-671,-439,-166,108,373,619,828,972,1054,1078,1021,901,731,512,266,0,-274,-536,-742,-919,-1035,-1099,-1086,-996,-855,-656,-399,-135,153,428,688,899,1056,1151,1163,1114,974,775,525,227,-76,-384,-666,-906,-1086,-1193,-1218,-1180,-1036,-827,-572,-283,31,346,619,867,1042,1154,1189,1140,1025,839,594,321,33,-266,-542,-768,-954,-1063,-1114,-1097,-995,-833,-625,-377,-103,165,417,647,843,976,1042,1041,982,849,672,454,212,-58,-316,-547,-743,-897,-988,-1016,-977,-878,-727,-525,-287,-29,651,448,-82,-301,13,86,-172,-417,-634,-808,-918,-984,-981,-915,-788,-611,-399,-155,87,324,546,739,871,956,978,946,847,694,499,264,21,-227,-460,-671,-835,-955,-1004,-990,-924,-786,-597,-364,-110,147,400,637,824,952,1018,1020,959,825,640,417,166,-91,-341,-569,-742,-880,-969,-974,-932,-826,-671,-482,-254,-15,212,429,627,778,886,933,917,859,737,564,363,138,-106,-342,-545,-722,-849,-921,-927,-870,-768,-601,-398,-175,55,275,476,644,767,836,839,796,701,562,385,196,9,-181,-360,-512,-617,-691,-713,-712,-645,-544,-424,-273,-122,50,207,350,465,564,625,649,626,576,493,371,233,81,628,-236,-377,-497,-593,-645,-661,-641,-578,-477,-346,-189,-7,162,328,484,602,681,721,712,650,540,392,228,38,-158,-339,-504,-633,-725,-756,-742,-676,-556,-404,-223,-40,157,347,514,639,721,757,739,690,570,424,244,48,-157,-357,-524,-653,-749,-795,-767,-703,-578,-406,-213,5,227,421,593,718,785,793,735,609,446,251,41,-166,-354,-505,-618,-678,-666,-608,-508,-369,-216,-54,93,230,337,414,453,455,433,379,296,204,112,17,-69,-150,-224,-268,-302,-314,-300,-264,-222,-166,-103,-34,36,97,162,211,246,260,248,226,184,121,47,-39,-119,-186,-228,-231,-205,-155,-86,-954,-800,-82,-892,-818,-168,-195,-189,-155,-92,-17,63,136,196,237,262,259,235,191,131,66,-13,-83,-156,-227,-276,-313,-334,-336,-310,-263,-192,-99,13,123,231,347,441,502,530,524,476,382,244,82,-94,-282,-465,-602,-708,-754,-757,-695,-560,-381,-176,53,298,537,737,876,948,955,888,745,537,281,6,-278,-547,-768,-945,-1044,-1060,-1010,-864,-665,-415,-124,164,448,697,890,1024,1086,1063,974,805,578,313,20,-254,-516,-756,-927,-1029,-1077,-1035,-928,-758,-532,-280,3,270,532,754,923,1029,1061,1022,912,735,521,256,-28,-292,-548,-763,-927,-1027,-1061,-1010,-897,-734,-499,-245,16,282,537,736,-176,983,1014,981,883,732,528,293,45,-212,-460,-663,-836,-962,-1021,-1019,-942,-821,-633,-399,-134,128,393,633,826,978,1062,1070,1007,878,691,460,207,-67,-343,-578,-782,-936,-1031,-1064,-1033,-932,-777,-576,-333,-71,212,470,707,913,1052,1121,1130,1060,927,725,482,193,-111,-410,-686,-900,-1072,-1173,-1196,-1146,-1014,-815,-561,-263,38,358,661,898,1074,1179,1220,1162,1036,838,579,299,-10,-316,-594,-833,-1011,-1111,-1150,-1112,-996,-829,-607,-346,-76,207,479,709,894,1017,1078,1061,987,850,656,412,148,-109,-365,-601,-790,-929,-1008,-1030,-973,-861,-699,-492,-252,0,253,494,705,869,965,1004,-600,-765
61805,mtk,MTK 7916,864752187,rx0-tx1,512,-686,-146,-401,559,432,265,84,-109,-284,-442,-575,-660,-700,-692,-637,-551,-425,-274,-110,63,223,366,479,572,627,636,615,546,456,339,202,52,-97,-243,-384,-492,-560,-611,-625,-601,-546,-453,-327,-198,-42,121,277,421,535,624,681,687,652,578,464,318,148,-32,-221,-400,-543,-663,-737,-759,-732,-657,-541,-387,-206,-5,195,377,532,661,748,776,758,690,581,425,243,49,-146,-338,-502,-629,-710,-748,-744,-682,-576,-437,-273,-89,93,275,432,559,656,710,707,659,586,475,314,147,-32,-202,-364,-495,-597,-665,-682,-657,-592,-493,-357,-207,-42,135,294,437,555,635,668,667,617,528,-38,242,73,-100,-272,-424,-542,-633,-682,-682,-628,-535,-408,-258,-86,101,273,423,556,643,684,680,629,530,399,236,57,-115,-289,-444,-564,-639,-671,-667,-605,-501,-368,-210,-33,142,299,443,543,608,627,603,533,434,304,158,2,-149,-289,-397,-485,-534,-546,-528,-470,-387,-270,-142,-14,114,240,348,429,481,501,491,448,371,258,138,17,-111,-228,-334,-415,-471,-486,-460,-405,-326,-215,-86,49,160,266,350,401,426,418,378,307,220,118,1,-107,-210,-291,-343,-366,-364,-334,-271,-187,-89,16,116,206,276,312,326,307,253,173,71,-35,-137,-212,-255,-261,-221,-151,-64,625,396,0,-328,-642,-173,-188,-161,-106,-41,43,127,196,235,253,235,193,139,71,-11,-90,-154,-206,-246,-257,-253,-220,-172,-110,-38,33,103,165,210,236,241,225,196,147,93,35,-20,-74,-115,-137,-158,-170,-163,-150,-132,-110,-85,-73,-46,-20,12,48,74,101,134,163,175,182,180,167,144,105,41,-20,-74,-126,-170,-208,-230,-238,-234,-207,-168,-121,-76,-15,51,101,154,209,232,251,262,261,239,198,150,83,13,-65,-146,-216,-280,-323,-352,-344,-318,-279,-205,-118,-15,87,181,269,337,381,404,397,357,297,222,121,21,-85,-192,-277,-352,-405,-430,-431,-395,-349,-268,-164,-55,-48,179,281,372,441,476,484,459,407,335,212,94,-26,-168,-292,-399,-485,-543,-562,-531,-473,-381,-261,-125,34,182,322,434,518,570,586,553,491,401,283,145,9,-140,-274,-396,-494,-563,-589,-582,-541,-468,-368,-241,-98,59,214,345,464,558,620,638,619,560,458,339,191,33,-135,-306,-452,-571,-660,-702,-697,-651,-563,-430,-274,-92,101,282,451,593,697,755,756,713,619,482,314,120,-78,-275,-453,-595,-701,-761,-762,-715,-627,-500,-335,-147,41,224,396,540,650,719,741,712,640,522,372,203,22,-169,-350,-507,-624,-707,-745,-727,-668,-548,-400,-236,-50,141,315,470,706,431,9,-892,-792,-452,-590,-679,-719,-712,-653,-563,-428,-263,-90,93,262,411,532,615,664,675,633,551,439,305,148,-9,-162,-306,-422,-525,-590,-620,-610,-576,-502,-385,-258,-119,33,184,322,448,541,610,659,648,599,512,395,259,95,-77,-245,-403,-539,-644,-704,-722,-702,-625,-517,-370,-191,8,207,395,547,666,749,782,754,675,556,406,219,23,-169,-353,-523,-654,-738,-769,-758,-694,-578,-432,-257,-72,125,310,468,594,681,722,723,677,577,451,297,121,-62,-234,-384,-528,-624,-680,-694,-662,-592,-477,-340,-171,6,176,327,466,576,642,676,653,598,510,386,228,57,-118,-281,-430,634,-636,-676,-676,-626,-531,-402,-253,-80,100,272,422,544,633,685,684,623,536,407,248,77,-101,-274,-429,-556,-648,-687,-678,-625,-521,-384,-219,-47,134,303,444,555,629,660,633,569,462,325,175,13,-153,-300,-429,-524,-580,-595,-567,-498,-405,-288,-151,-9,135,266,378,463,508,517,502,454,373,268,146,21,-104,-222,-335,-420,-469,-491,-481,-429,-350,-248,-128,6,137,250,350,419,457,452,415,357,262,158,45,-75,-187,-280,-343,-387,-397,-378,-331,-255,-159,-60,45,145,238,300,340,347,326,275,196,103,2,-107,-201,-269,-305,-301,-263,-189,-96,5,96,158,183,-659,-824,0,783,542,-21,49,128,184,221,229,206,152,80,-4,-92,-159,-209,-247,-261,-244,-205,-154,-84,-9,65,137,193,233,247,243,226,188,132,66,-1,-63,-119,-166,-194,-209,-207,-193,-156,-117,-83,-44,-2,35,72,101,113,127,141,143,148,138,126,115,98,63,26,-12,-61,-105,-145,-188,-218,-224,-219,-196,-160,-109,-49,5,67,124,172,202,227,254,247,222,203,155,99,46,-19,-83,-148,-202,-251,-290,-304,-305,-283,-243,-188,-111,-18,82,160,242,311,364,388,380,345,289,207,121,18,-93,-199,-279,-353,-398,-413,-412,-378,-322,-243,-142,-33,83,186,281,366,419,444,-1135,414,365,291,194,76,-50,-172,-272,-380,-465,-497,-519,-504,-446,-361,-247,-117,36,179,309,427,503,563,573,547,485,383,261,123,-24,-169,-302,-416,-508,-557,-580,-567,-512,-429,-316,-184,-39,103,245,372,478,556,602,613,578,514,422,295,147,-15,-171,-329,-458,-564,-636,-663,-658,-609,-514,-388,-234,-60,112,283,449,579,677,732,733,685,602,469,304,111,-85,-274,-451,-595,-704,-762,-769,-726,-627,-487,-318,-127,71,255,427,572,680,735,747,709,630,507,355,182,-10,-198,-373,-525,-637,-706,-739,-722,-654,-536,-387,-221,-33,150,334,493,612,694,738,723,660,558,441,726
61806,mtk,MTK 7916,864752187,rx1-tx0,512,0,246,251,-137,-255,-355,-436,-503,-536,-543,-502,-435,-347,-231,-101,52,199,343,471,566,636,658,640,581,478,352,180,8,-184,-374,-531,-663,-748,-789,-764,-690,-580,-421,-222,-5,206,420,608,748,838,873,843,758,619,434,222,0,-234,-441,-616,-752,-830,-862,-835,-746,-613,-436,-241,-33,174,376,546,692,779,827,823,761,654,514,328,129,-79,-286,-473,-642,-761,-833,-849,-803,-720,-580,-401,-197,27,245,446,618,744,828,860,828,734,599,413,205,-5,-228,-420,-599,-729,-798,-819,-790,-699,-567,-389,-179,28,231,405,560,674,738,761,713,618,495,343,162,-18,-190,-345,-477,-277,-625,-623,-593,-534,-433,-309,-177,-47,102,235,342,436,493,525,527,495,447,361,251,140,21,-94,-214,-327,-418,-482,-517,-529,-494,-436,-350,-241,-123,9,141,260,373,453,517,555,549,514,452,365,241,100,-51,-202,-354,-481,-573,-637,-674,-659,-593,-486,-335,-150,49,249,436,600,721,788,801,755,639,473,269,38,-199,-416,-592,-734,-830,-841,-781,-660,-493,-283,-57,156,368,536,646,705,709,669,576,432,267,77,-95,-262,-403,-506,-566,-583,-551,-485,-377,-251,-112,44,180,298,393,445,467,454,403,313,199,67,-68,-199,-305,-366,-399,-383,-307,-200,-79,47,149,-28,76,0,-428,-352,-29,-12,20,48,74,86,98,98,85,65,40,7,-27,-59,-90,-110,-123,-123,-114,-94,-69,-49,-18,17,48,76,99,114,132,137,130,123,105,82,53,8,-29,-62,-111,-149,-186,-216,-227,-228,-211,-180,-125,-59,7,93,183,258,320,362,377,361,317,236,146,20,-115,-244,-368,-449,-506,-519,-486,-411,-300,-178,-16,146,289,402,508,573,571,535,459,334,203,42,-125,-268,-396,-503,-552,-558,-521,-447,-352,-223,-77,65,197,309,397,448,469,455,410,334,239,146,52,-53,-149,-226,-286,-332,-351,-355,-339,-311,-269,-212,-129,-47,32,119,197,266,326,366,385,489,349,302,228,136,29,-73,-173,-271,-362,-413,-445,-453,-423,-370,-290,-185,-61,58,178,289,369,436,473,479,459,402,324,220,91,-26,-147,-262,-362,-440,-495,-499,-478,-449,-365,-264,-144,-21,100,220,321,403,465,503,506,463,406,327,231,111,-16,-134,-246,-345,-429,-490,-511,-511,-477,-418,-333,-228,-103,33,173,302,413,515,576,598,594,544,446,324,169,2,-172,-342,-477,-586,-653,-671,-644,-575,-458,-303,-126,43,203,356,473,573,615,614,582,501,399,275,126,-15,-153,-288,-383,-455,-504,-523,-500,-450,-384,-293,-195,-83,29,147,255,343,410,463,480,477,438,-127,-298,0,-46,73,-482,-441,-366,-281,-170,-47,90,229,343,451,528,581,598,576,519,420,291,148,-22,-184,-351,-489,-606,-689,-719,-721,-651,-540,-392,-215,-13,199,387,561,707,803,831,808,737,603,427,218,-1,-222,-434,-622,-764,-848,-879,-847,-749,-606,-423,-220,-7,218,424,601,734,812,835,815,738,628,467,285,86,-125,-330,-503,-651,-761,-818,-829,-783,-695,-559,-377,-171,52,263,458,631,755,833,857,816,728,585,407,208,-8,-231,-433,-608,-745,-816,-847,-812,-722,-593,-408,-207,9,232,431,592,717,783,797,752,660,531,358,172,-22,-217,-387,-522,-626,-675,-678,-645,-572,-459,315,-157,3,151,291,408,491,542,572,560,504,431,333,214,91,-41,-162,-275,-387,-458,-502,-515,-502,-469,-395,-303,-190,-72,61,189,296,395,463,513,534,518,476,399,298,182,48,-97,-226,-347,-452,-540,-586,-600,-580,-523,-419,-292,-145,20,205,370,516,637,716,747,720,634,497,316,114,-99,-317,-522,-679,-789,-842,-822,-731,-582,-404,-177,65,294,494,652,762,794,768,693,544,371,168,-34,-227,-397,-525,-613,-648,-629,-570,-467,-337,-185,-24,136,278,399,471,515,513,467,401,295,168,39,-95,-222,-329,-404,-437,-430,-384,-291,-175,-47,96,214,286,319,303,235,-252,-246,0,-63,-250,53,77,80,73,52,29,2,-34,-65,-87,-107,-115,-114,-102,-80,-54,-23,9,41,74,96,112,128,127,119,105,79,51,23,-9,-34,-65,-101,-126,-150,-161,-157,-163,-153,-122,-90,-39,9,65,121,179,233,267,291,300,268,218,153,58,-52,-159,-260,-347,-419,-463,-451,-415,-333,-217,-86,64,208,345,444,522,561,538,474,386,271,111,-51,-202,-351,-470,-538,-580,-560,-499,-413,-284,-127,25,176,303,408,488,525,518,472,393,290,175,46,-79,-192,-283,-349,-388,-410,-401,-363,-305,-238,-165,-81,-2,85,159,226,286,332,349,356,342,305,256,187,103,16,-571,-178,-262,-344,-393,-417,-409,-387,-341,-259,-156,-58,60,174,277,367,433,468,468,447,384,302,204,85,-37,-162,-278,-373,-452,-490,-495,-475,-422,-339,-243,-119,14,126,241,349,426,486,505,496,453,385,293,185,61,-73,-198,-295,-385,-454,-496,-502,-482,-439,-363,-274,-157,-36,91,219,328,423,494,542,551,534,479,408,289,143,0,-150,-305,-443,-548,-624,-649,-642,-574,-469,-331,-162,19,193,355,493,597,647,656,624,542,429,285,116,-36,-194,-335,-437,-523,-566,-568,-548,-479,-383,-279,-158,-28,105,214,313,390,448,485,488,467,408,329,242,141,28,-85,-206,415,318
61807,mtk,MTK 7916,864752187,rx1-tx1,512,0,0,0,553,257,-114,-452,-678,-721,-574,-274,101,444,661,709,567,268,-91,-416,-627,-658,-511,-226,115,409,579,587,435,161,-153,-416,-546,-517,-345,-78,214,439,536,468,268,-5,-282,-480,-531,-431,-202,94,363,523,536,389,125,-177,-441,-583,-556,-375,-78,249,508,630,579,363,48,-293,-556,-664,-591,-358,-32,312,568,667,588,344,-2,-339,-582,-669,-565,-300,43,380,612,671,541,263,-87,-420,-650,-693,-553,-259,104,439,655,699,560,266,-104,-435,-640,-675,-545,-277,75,410,620,658,530,264,-72,-381,-584,-629,-507,-249,63,346,530,575,465,236,-43,-299,-467,-504,-405,0,30,247,382,401,305,120,-83,-241,-323,-306,-197,-24,158,280,307,242,103,-76,-239,-335,-329,-217,-17,181,330,399,355,197,-19,-252,-424,-480,-406,-209,61,326,512,561,459,232,-65,-360,-571,-633,-530,-276,54,382,621,700,602,333,-25,-380,-652,-764,-669,-391,-8,378,677,808,729,465,79,-334,-668,-838,-798,-550,-172,250,621,841,843,624,260,-155,-544,-800,-845,-685,-370,23,409,688,796,710,450,89,-281,-575,-717,-685,-488,-178,156,438,616,640,506,256,-39,-308,-493,-562,-501,-322,-78,171,369,480,478,375,204,1,-193,-335,-397,-386,-309,-183,-47,74,163,0,0,0,0,0,319,303,226,88,-94,-287,-447,-529,-510,-390,-175,97,363,572,661,604,410,121,-210,-515,-700,-721,-578,-304,58,409,676,783,692,429,54,-336,-652,-808,-749,-507,-133,293,653,842,816,576,181,-275,-675,-908,-903,-666,-251,238,683,955,983,766,338,-192,-673,-985,-1043,-841,-422,111,626,976,1063,874,461,-79,-601,-965,-1069,-888,-476,60,583,957,1079,899,472,-76,-597,-962,-1063,-880,-455,97,630,999,1094,895,450,-121,-676,-1057,-1150,-933,-461,140,714,1103,1210,991,504,-129,-741,-1168,-1296,-1080,-578,84,731,1189,1347,1158,659,-15,-686,-1176,-1369,-1208,-730,-65,611,1133,1354,0,765,116,-560,-1092,-1316,-1187,-742,-102,557,1069,1284,1152,714,87,-573,-1076,-1292,-1156,-699,-44,615,1104,1308,1162,700,44,-638,-1139,-1338,-1185,-708,-39,637,1147,1350,1192,718,56,-619,-1124,-1328,-1178,-710,-61,593,1084,1275,1121,671,44,-582,-1044,-1212,-1047,-599,6,592,1012,1152,960,497,-96,-659,-1041,-1126,-898,-422,167,719,1081,1133,875,387,-207,-751,-1093,-1139,-882,-377,224,756,1087,1127,871,385,-199,-713,-1039,-1085,-845,-388,161,650,963,1006,781,359,-143,-590,-864,-898,-692,-310,140,537,772,784,581,223,-180,-516,-698,-669,-456,-122,251,541,661,591,350,11,-326,-575,-668,-568,0,0,0,0,0,439,657,706,559,260,-113,-458,-677,-718,-563,-264,101,437,650,688,539,253,-97,-408,-597,-626,-485,-206,121,401,559,553,386,111,-182,-417,-538,-500,-311,-32,249,460,539,461,239,-44,-312,-491,-529,-408,-166,137,406,554,544,379,102,-213,-478,-611,-570,-369,-63,260,525,648,587,372,39,-303,-556,-665,-597,-358,-19,328,583,665,561,311,-26,-362,-605,-675,-555,-279,65,398,633,692,549,262,-92,-429,-658,-703,-552,-257,109,434,646,699,564,272,-91,-425,-636,-680,-541,-264,78,398,605,645,516,257,-60,-366,-568,-608,-485,-244,50,321,502,539,431,212,-47,-277,0,-458,-361,-169,51,238,349,353,246,78,-101,-249,-315,-267,-131,41,203,304,307,222,65,-131,-294,-368,-335,-200,-4,210,377,436,377,213,-38,-292,-468,-525,-434,-215,66,335,531,598,507,269,-58,-369,-599,-679,-568,-311,35,381,636,734,634,365,-3,-382,-671,-788,-698,-432,-54,347,669,821,757,497,114,-304,-650,-833,-816,-601,-227,200,577,810,842,665,319,-92,-475,-744,-827,-700,-408,-32,340,630,759,694,464,139,-215,-507,-666,-662,-501,-226,90,370,554,599,503,299,30,-238,-435,-521,-490,-352,-133,99,296,421,453,393,262,94,-79,-221,-305,-325,-293,-222,0,0,0,0,0,46,190,324,417,446,389,246,39,-197,-415,-562,-595,-504,-296,-13,285,533,684,673,502,213,-133,-465,-696,-763,-649,-373,-5,367,660,795,731,474,95,-313,-648,-822,-784,-542,-154,286,664,878,859,621,213,-269,-693,-937,-944,-708,-286,221,677,977,1034,815,382,-151,-648,-984,-1060,-862,-440,95,601,959,1068,883,465,-65,-582,-944,-1056,-889,-479,61,584,945,1054,879,463,-87,-617,-975,-1072,-884,-456,111,651,1018,1117,911,447,-146,-698,-1081,-1182,-957,-472,144,734,1141,1247,1030,540,-109,-747,-1193,-1327,-1115,-619,55,723,1202,1370,1188,697,33,-641,-1150,-1363,-1215,-743,-82,0,1111,1325,1185,740,104,-560,-1071,-1303,-1176,-739,-106,557,1077,1297,1157,706,67,-597,-1093,-1287,-1146,-697,-40,624,1118,1316,1170,700,36,-640,-1142,-1342,-1192,-718,-50,631,1141,1335,1177,712,58,-601,-1099,-1307,-1151,-697,-55,591,1061,1248,1091,645,30,-589,-1023,-1175,-1005,-557,45,631,1025,1133,927,461,-134,-687,-1059,-1137,-889,-396,203,742,1082,1133,877,384,-213,-756,-1092,-1137,-875,-385,198,729,1059,1110,859,384,-183,-690,-1005,-1051,-817,-378,145,622,919,961,737,331,-142,-557,-812,-840,-634,-269,156,520,722,722,522,176,-211,-523,-669,-623,-402,-65,289,560,666,567,310,-29,-372,0,0
61808,mtk,MTK 7916,864752187,rx2-tx0,512,0,0,0,714,203,-383,-876,-1140,-1099,-753,-195,433,954,1217,1162,788,196,-454,-991,-1267,-1200,-808,-199,471,1018,1287,1211,803,173,-505,-1039,-1286,-1190,-768,-135,536,1060,1292,1170,728,88,-575,-1073,-1273,-1130,-669,-12,639,1110,1269,1073,587,-60,-693,-1130,-1247,-1022,-515,133,745,1136,1207,946,428,-210,-783,-1130,-1157,-860,-329,293,822,1111,1088,761,214,-390,-873,-1103,-1018,-636,-71,515,949,1110,956,523,-67,-641,-1032,-1133,-906,-419,190,759,1119,1166,887,353,-293,-861,-1200,-1211,-883,-309,360,941,1268,1251,892,283,-405,-992,-1317,-1287,-906,-271,438,1027,1342,1305,916,277,-441,-1032,-1343,-1302,-912,0,435,1025,1335,1286,884,242,-462,-1035,-1327,-1253,-847,-211,487,1048,1321,1246,830,181,-516,-1076,-1341,-1241,-799,-138,565,1120,1367,1250,804,128,-590,-1148,-1404,-1288,-818,-127,597,1167,1426,1308,841,154,-578,-1157,-1431,-1325,-867,-179,558,1152,1435,1342,895,212,-525,-1112,-1409,-1344,-916,-240,484,1073,1379,1319,919,273,-440,-1023,-1336,-1304,-928,-320,376,967,1305,1306,970,394,-275,-871,-1238,-1289,-1019,-494,147,732,1121,1228,1031,582,0,-562,-965,-1120,-1003,-646,-144,369,780,987,943,681,264,-194,-583,-826,-867,-703,-385,6,380,655,768,715,515,222,-100,-381,-563,-626,-566,-415,-217,-16,153,0,0,0,0,0,233,387,494,523,444,262,5,-276,-531,-696,-720,-585,-316,44,411,702,842,794,548,160,-278,-674,-918,-942,-737,-336,158,626,958,1063,902,501,-42,-594,-1006,-1170,-1049,-653,-74,531,1021,1270,1190,798,194,-465,-1017,-1329,-1303,-930,-316,375,986,1357,1384,1053,446,-279,-940,-1358,-1429,-1133,-540,190,866,1320,1427,1167,606,-107,-789,-1254,-1388,-1155,-620,60,715,1174,1312,1102,601,-46,-671,-1107,-1234,-1025,-546,76,669,1066,1162,942,458,-142,-689,-1036,-1101,-860,-369,224,743,1050,1070,782,271,-319,-823,-1101,-1079,-750,-205,397,900,1160,1108,745,165,-461,-966,-1220,-1137,-743,-146,503,1025,0,1168,747,126,-540,-1061,-1291,-1174,-732,-91,582,1105,1327,1184,716,43,-641,-1156,-1359,-1189,-689,4,700,1215,1406,1212,688,-33,-750,-1263,-1446,-1242,-692,54,783,1294,1458,1229,664,-84,-801,-1296,-1451,-1219,-651,91,801,1284,1412,1162,599,-121,-790,-1239,-1350,-1082,-521,169,805,1214,1273,979,424,-251,-845,-1187,-1204,-888,-324,327,875,1173,1139,796,238,-382,-889,-1143,-1073,-702,-143,442,893,1088,984,610,67,-479,-881,-1030,-890,-502,15,512,856,950,767,371,-119,-570,-844,-863,-637,-227,245,638,842,792,517,90,-373,-731,-871,-755,-415,44,499,820,902,720,326,-171,-626,-911,-945,-712,0,0,0,0,0,820,1078,1051,734,197,-412,-918,-1181,-1129,-768,-187,451,975,1247,1186,799,196,-462,-999,-1272,-1203,-810,-192,481,1022,1286,1200,787,157,-513,-1044,-1290,-1180,-749,-116,552,1068,1282,1147,695,46,-613,-1090,-1268,-1096,-616,32,668,1117,1261,1056,551,-102,-722,-1142,-1236,-990,-482,159,756,1139,1198,918,385,-242,-798,-1123,-1132,-818,-274,336,843,1107,1051,696,140,-455,-917,-1107,-977,-570,-6,570,990,1123,931,477,-123,-693,-1077,-1150,-896,-392,236,811,1158,1188,884,324,-329,-906,-1239,-1227,-880,-289,389,971,1301,1274,900,287,-416,-1013,-1336,-1298,-910,-272,435,1023,1343,1302,913,277,-438,-1030,0,-1295,-898,-264,442,1031,1330,1271,871,235,-467,-1032,-1318,-1250,-835,-190,503,1058,1329,1236,807,157,-541,-1098,-1359,-1252,-811,-139,579,1134,1387,1275,817,128,-596,-1162,-1424,-1310,-838,-139,594,1165,1437,1325,859,162,-576,-1165,-1446,-1341,-889,-202,544,1143,1432,1342,911,235,-500,-1098,-1401,-1336,-916,-261,458,1049,1360,1310,919,290,-403,-997,-1331,-1317,-958,-355,332,927,1282,1304,994,440,-211,-804,-1186,-1259,-1021,-536,71,645,1045,1178,1016,616,76,-465,-873,-1059,-982,-664,-208,278,685,914,913,695,328,-104,-495,-751,-824,-710,-447,-99,256,538,689,689,562,337,67,-190,-378,-472,-475,-391,0,0,0,0,0,-338,-242,-75,142,365,546,640,607,442,172,-161,-484,-714,-796,-704,-445,-62,353,697,886,870,643,250,-223,-652,-933,-998,-814,-417,102,606,972,1108,968,576,15,-568,-1010,-1209,-1115,-728,-142,501,1024,1292,1236,864,267,-411,-997,-1338,-1339,-992,-388,331,969,1357,1407,1100,497,-240,-908,-1342,-1430,-1146,-577,141,827,1294,1413,1161,618,-81,-751,-1214,-1353,-1136,-622,51,697,1147,1286,1076,578,-63,-670,-1088,-1202,-986,-509,102,674,1049,1128,895,412,-186,-714,-1035,-1077,-820,-323,269,785,1080,1069,758,235,-359,-865,-1139,-1091,-737,-178,441,942,1197,1131,749,160,-477,-1001,-1252,-1157,-742,0,526,1034,1270,1166,743,106,-562,-1085,-1312,-1175,-720,-64,615,1131,1345,1190,703,17,-671,-1184,-1384,-1204,-681,21,727,1245,1428,1223,686,-44,-762,-1279,-1454,-1235,-678,63,789,1300,1464,1228,666,-72,-788,-1285,-1427,-1187,-627,98,786,1258,1381,1123,559,-146,-796,-1223,-1313,-1036,-477,206,825,1202,1239,932,362,-294,-860,-1185,-1174,-836,-272,363,884,1152,1100,743,184,-418,-895,-1117,-1029,-661,-117,454,886,1064,938,556,27,-494,-865,-991,-832,-435,74,545,845,903,703,304,-180,-605,-844,-834,-577,-156,310,686,850,768,466,22,-436,-773,-885,-736,-375,101,561,870,923,707,289,-224,-684,0,0
61809,mtk,MTK 7916,864752187,rx2-tx1,512,0,0,0,126,635,985,1073,868,426,-128,-652,-1012,-1104,-898,-451,116,656,1009,1090,883,445,-105,-625,-970,-1045,-843,-423,114,614,930,981,766,349,-159,-613,-892,-913,-673,-253,237,640,861,826,552,119,-344,-707,-860,-768,-443,18,476,807,902,738,355,-145,-614,-904,-940,-719,-293,237,716,991,992,718,229,-326,-792,-1049,-1016,-694,-165,417,881,1108,1032,672,112,-504,-984,-1199,-1088,-671,-64,580,1079,1285,1148,708,64,-614,-1136,-1359,-1225,-763,-99,595,1141,1390,1264,807,152,-540,-1100,-1368,-1267,-839,-209,480,1042,1323,1262,868,253,-418,-967,-1255,-1218,-868,-302,319,844,1141,1127,820,314,0,-725,-992,-998,-737,-282,219,637,868,851,601,199,-244,-592,-758,-709,-463,-88,298,577,681,596,337,-32,-382,-614,-660,-505,-209,154,477,656,646,435,80,-308,-615,-748,-672,-396,13,441,770,894,774,431,-55,-550,-911,-1041,-903,-526,13,574,991,1155,1038,643,61,-545,-1011,-1229,-1136,-744,-156,474,1000,1275,1227,872,292,-365,-943,-1293,-1312,-1007,-463,186,782,1202,1317,1104,641,30,-576,-1022,-1217,-1115,-756,-226,336,789,1041,1030,771,347,-147,-577,-844,-903,-744,-409,3,386,665,777,693,444,111,-230,-508,-656,-657,-512,-260,28,291,478,557,523,399,215,17,-156,-273,-329,0,0,0,0,0,-395,-426,-385,-263,-74,149,361,510,569,516,349,100,-175,-412,-571,-601,-482,-253,38,327,532,613,542,331,37,-273,-519,-633,-591,-394,-77,257,524,667,643,445,126,-243,-553,-722,-713,-509,-163,218,562,776,780,579,229,-188,-557,-785,-815,-633,-278,155,544,794,838,660,305,-128,-530,-790,-845,-681,-332,104,513,781,834,667,334,-92,-498,-761,-820,-660,-317,108,495,746,796,629,285,-134,-506,-739,-770,-590,-247,164,531,755,772,568,200,-214,-573,-778,-778,-573,-208,218,578,781,785,572,202,-214,-579,-792,-779,-548,-173,237,589,780,756,525,150,-265,-606,-783,-745,0,-124,294,632,795,737,478,96,-312,-635,-784,-718,-454,-67,330,633,759,668,383,-1,-389,-671,-752,-619,-310,95,480,726,766,591,248,-173,-559,-794,-811,-595,-217,222,609,840,834,596,199,-266,-659,-860,-829,-572,-160,297,678,862,802,514,86,-368,-715,-854,-766,-462,-11,446,772,880,736,376,-87,-527,-829,-901,-714,-320,163,604,886,926,703,273,-238,-684,-947,-953,-697,-238,288,741,1000,978,690,214,-329,-786,-1026,-990,-684,-193,348,799,1027,976,676,186,-358,-789,-1003,-943,-617,-132,385,789,975,895,564,74,-433,-815,-972,-862,-505,-2,496,855,979,830,448,-63,0,0,0,0,0,-1055,-855,-426,124,651,1004,1088,882,440,-126,-656,-1018,-1100,-891,-454,106,637,996,1076,869,434,-113,-620,-956,-1030,-821,-386,145,618,907,950,731,306,-192,-634,-885,-876,-616,-186,284,669,859,797,496,45,-413,-752,-880,-746,-389,88,545,850,923,732,319,-191,-651,-939,-966,-722,-265,274,750,1020,1005,707,210,-364,-839,-1081,-1034,-686,-138,456,932,1159,1065,672,82,-544,-1033,-1245,-1116,-683,-60,593,1104,1317,1180,734,79,-612,-1141,-1377,-1244,-784,-120,575,1120,1372,1260,825,174,-522,-1077,-1347,-1264,-859,-227,454,1010,1303,1244,868,287,-364,-919,-1209,-1173,-847,-315,279,787,1073,0,785,312,-221,-669,-926,-920,-667,-250,218,605,802,772,526,144,-260,-583,-729,-652,-393,-30,333,586,664,551,264,-98,-431,-633,-637,-453,-141,224,544,701,646,406,37,-372,-686,-816,-717,-409,39,499,843,976,839,462,-44,-560,-953,-1106,-971,-576,-20,551,1000,1203,1088,679,97,-512,-1009,-1261,-1194,-808,-216,433,976,1282,1269,943,381,-289,-879,-1249,-1323,-1070,-565,71,690,1123,1269,1116,701,134,-452,-908,-1130,-1081,-775,-293,232,679,944,974,765,385,-63,-478,-758,-843,-719,-431,-63,308,591,714,667,477,181,-143,-416,-589,-630,-535,-340,-95,146,339,451,470,404,288,142,0,0,0,0,0,76,-90,-263,-415,-510,-511,-414,-230,13,262,466,573,566,427,186,-98,-368,-559,-613,-522,-298,1,300,525,625,568,363,61,-260,-521,-655,-623,-415,-96,246,539,699,679,473,140,-240,-567,-754,-743,-536,-187,209,565,784,792,595,252,-160,-546,-795,-836,-654,-303,131,537,798,840,657,308,-116,-518,-793,-856,-679,-327,104,502,768,825,669,335,-94,-493,-749,-806,-650,-314,100,484,730,761,594,274,-139,-513,-736,-765,-582,-226,195,554,767,775,568,207,-212,-575,-784,-781,-566,-201,220,584,793,780,561,191,-230,-588,-791,-773,-540,-171,243,596,781,751,519,135,-284,0,-797,-744,-491,-107,307,639,799,738,469,77,-321,-637,-774,-689,-424,-43,355,651,759,644,349,-41,-422,-694,-766,-605,-272,140,515,759,796,605,230,-208,-591,-815,-817,-596,-202,250,635,849,829,585,177,-285,-673,-870,-818,-551,-125,332,687,857,776,481,54,-398,-737,-865,-753,-426,33,487,806,893,727,358,-120,-570,-858,-911,-708,-304,198,647,923,944,695,250,-271,-718,-966,-956,-687,-223,316,770,1015,990,695,213,-332,-792,-1042,-1002,-689,-200,344,792,1015,962,653,168,-364,-789,-988,-915,-601,-115,404,806,982,881,529,33,-465,-831,-977,-849,-474,35,528,885,1008,0,0
61810,mtk,MTK 7916,864785346,rx0-tx0,512,-330,-1004,-1054,716,888,1006,1048,1026,927,781,578,334,66,-199,-452,-666,-838,-961,-1015,-1014,-948,-813,-635,-421,-171,92,349,588,796,941,1031,1051,1003,894,719,508,248,-23,-288,-550,-770,-938,-1054,-1084,-1039,-940,-772,-552,-289,-22,256,509,730,906,1003,1044,1009,923,773,583,350,95,-163,-405,-621,-792,-919,-976,-978,-928,-815,-651,-445,-208,35,290,514,716,866,961,991,949,847,687,478,244,-1,-252,-474,-663,-810,-893,-915,-880,-777,-632,-455,-242,-18,187,386,548,669,755,786,758,697,582,448,286,93,-73,-244,-398,-521,-623,-681,-686,-659,-590,-490,-372,-228,-66,102,261,402,523,-26,657,679,644,578,476,329,168,-2,-185,-353,-491,-603,-688,-725,-712,-644,-545,-398,-225,-29,165,354,526,652,741,779,760,696,571,413,233,20,-184,-373,-540,-668,-751,-784,-765,-700,-573,-412,-228,-27,192,383,544,691,771,807,793,707,567,409,210,-13,-237,-451,-623,-756,-829,-843,-772,-656,-493,-272,-55,161,384,565,687,755,759,699,584,433,259,55,-136,-293,-421,-518,-559,-562,-525,-446,-345,-223,-101,15,122,212,286,334,354,353,322,274,236,170,93,13,-64,-131,-196,-240,-271,-284,-278,-247,-202,-139,-62,20,104,171,228,260,274,247,188,101,11,-77,-142,-403,-656,510,-80,-351,174,172,129,61,-22,-100,-174,-229,-255,-260,-244,-204,-148,-77,-10,67,152,212,269,304,322,319,301,255,181,96,-8,-110,-222,-334,-414,-476,-513,-507,-455,-366,-250,-89,75,258,440,589,692,745,748,686,574,398,181,-49,-310,-542,-738,-881,-955,-962,-886,-739,-534,-270,10,292,571,809,985,1074,1086,1022,875,654,378,81,-225,-518,-766,-963,-1081,-1125,-1086,-968,-791,-540,-258,44,338,604,828,997,1084,1099,1048,911,715,477,197,-96,-375,-626,-844,-1002,-1090,-1097,-1021,-880,-691,-441,-155,124,402,661,867,1013,1085,1078,1002,859,651,398,132,-166,-428,-658,-855,-995,-1058,301,-964,-839,-648,-428,-168,103,377,611,799,952,1036,1062,1015,893,724,503,242,-39,-313,-578,-805,-986,-1089,-1118,-1074,-967,-793,-559,-287,1,292,559,784,967,1083,1115,1087,1003,850,637,383,112,-176,-445,-710,-922,-1074,-1164,-1163,-1091,-963,-764,-500,-226,83,395,679,923,1100,1212,1242,1194,1069,863,595,305,-26,-357,-663,-917,-1118,-1235,-1277,-1230,-1089,-885,-622,-308,13,329,624,869,1064,1174,1214,1176,1056,862,616,343,52,-258,-534,-771,-960,-1093,-1146,-1126,-1026,-861,-659,-415,-130,161,434,672,870,1002,1070,1073,1014,882,691,465,199,-68,-339,-581,-782,-946,-1032,-1053,-1009,-894,-726,651,448,-82,-301,13,755,556,305,41,-230,-479,-694,-869,-983,-1029,-1012,-930,-789,-602,-370,-114,142,400,629,811,947,1021,1031,972,860,681,461,212,-58,-317,-570,-779,-941,-1046,-1063,-1029,-931,-757,-539,-275,14,277,530,754,932,1038,1075,1040,932,779,561,314,47,-218,-468,-687,-853,-966,-1010,-989,-911,-779,-602,-393,-145,96,345,567,748,885,964,988,943,831,672,461,229,-20,-268,-499,-700,-845,-928,-955,-920,-814,-662,-467,-239,-12,224,439,615,750,834,851,826,746,612,446,264,59,-134,-318,-478,-589,-685,-717,-701,-670,-582,-474,-334,-166,3,162,327,458,562,633,664,659,611,532,421,628,126,-54,-213,-360,-502,-614,-675,-698,-679,-610,-503,-374,-210,-23,169,344,496,629,717,758,738,688,569,421,234,31,-170,-364,-537,-659,-753,-791,-766,-689,-577,-413,-225,-19,179,375,543,674,759,799,782,695,585,419,224,16,-203,-417,-579,-707,-799,-831,-799,-707,-558,-371,-154,78,303,494,673,782,813,806,726,568,378,171,-47,-253,-429,-554,-644,-676,-642,-563,-451,-311,-152,-2,146,267,362,426,452,439,401,343,266,179,86,-4,-100,-166,-228,-281,-301,-305,-285,-255,-213,-154,-87,-11,65,129,190,242,274,279,259,217,156,74,-20,-113,-188,-232,-238,-212,-151,-954,-800,-82,-892,-818,-30,-107,-174,-218,-234,-221,-187,-122,-46,30,104,175,230,263,277,283,254,207,152,80,0,-84,-167,-255,-324,-376,-398,-398,-380,-319,-222,-113,21,165,311,434,544,610,629,615,538,407,231,35,-179,-386,-573,-735,-825,-864,-838,-728,-566,-343,-93,170,441,683,882,1006,1041,1012,900,715,465,176,-122,-420,-686,-905,-1046,-1116,-1102,-1002,-827,-591,-310,-10,298,569,806,983,1087,1113,1062,936,739,493,210,-73,-363,-634,-844,-1000,-1089,-1099,-1031,-897,-694,-448,-172,119,408,652,860,1014,1087,1086,1021,877,671,424,149,-137,-415,-668,-873,-1006,-1082,-1082,-987,-842,-644,-397,-130,-176,404,632,819,950,1035,1054,997,862,681,457,206,-57,-330,-580,-785,-956,-1061,-1087,-1043,-934,-762,-534,-267,19,300,568,800,976,1081,1123,1089,983,814,588,316,28,-245,-514,-747,-933,-1059,-1127,-1120,-1043,-905,-694,-454,-170,127,415,675,916,1073,1165,1200,1141,1017,813,558,261,-51,-364,-658,-916,-1098,-1224,-1276,-1224,-1085,-882,-622,-316,15,353,653,899,1094,1211,1245,1204,1071,878,614,316,11,-298,-583,-829,-1013,-1124,-1179,-1147,-1033,-860,-639,-378,-91,201,478,716,902,1040,1109,1100,1023,878,670,423,158,-108,-379,-622,-819,-960,-1040,-1053,-1007,-885,-714,-492,-227,33,304,546,756,-600,-765
61811,mtk,MTK 7916,864785346,rx0-tx1,512,-686,-146,-401,739,723,659,547,396,226,37,-149,-320,-483,-600,-666,-701,-687,-632,-535,-402,-249,-81,91,252,392,514,595,648,655,618,545,446,321,174,20,-139,-283,-422,-530,-608,-652,-655,-619,-549,-441,-314,-156,23,188,349,495,608,686,723,713,659,551,420,252,60,-136,-333,-502,-637,-733,-785,-786,-735,-621,-477,-299,-101,111,317,496,638,747,796,795,739,641,493,309,116,-91,-279,-461,-612,-711,-760,-761,-719,-618,-491,-334,-142,43,227,396,537,643,709,720,694,617,501,357,188,10,-174,-341,-481,-596,-663,-701,-682,-624,-527,-390,-234,-58,127,292,444,562,650,689,690,-38,549,410,259,83,-105,-281,-435,-573,-660,-702,-694,-646,-554,-416,-252,-72,113,299,453,571,662,706,698,644,529,386,219,38,-151,-329,-481,-588,-665,-694,-669,-592,-476,-330,-158,21,192,345,479,567,621,633,599,517,401,259,104,-49,-194,-326,-437,-508,-558,-554,-518,-449,-352,-234,-97,35,169,296,383,451,494,502,471,412,327,216,85,-48,-171,-286,-380,-449,-479,-480,-438,-357,-260,-144,-16,110,219,313,383,417,425,389,332,253,151,41,-65,-162,-252,-318,-358,-368,-344,-291,-214,-122,-20,88,187,262,307,321,306,258,177,76,-35,-130,-203,-243,-241,-198,-131,625,396,0,-328,-642,-64,-132,-191,-223,-219,-185,-121,-38,46,131,195,241,264,260,225,175,112,26,-44,-119,-181,-229,-253,-258,-242,-201,-146,-80,-13,54,125,173,209,227,229,210,174,134,82,35,-15,-59,-89,-115,-140,-146,-143,-145,-137,-127,-121,-98,-74,-45,-4,36,73,120,151,183,208,211,205,181,143,91,35,-18,-87,-148,-187,-222,-241,-237,-223,-201,-172,-122,-69,-17,46,104,158,214,257,278,293,285,259,212,149,75,-10,-102,-190,-264,-320,-362,-375,-354,-320,-258,-179,-75,33,140,230,309,371,409,423,398,350,280,188,94,-24,-141,-246,-336,-392,-439,-454,-435,-390,-48,-235,-130,-5,117,233,336,419,485,508,500,464,394,291,170,26,-115,-255,-384,-483,-559,-582,-577,-520,-430,-320,-177,-17,134,277,399,506,568,596,586,536,445,342,203,55,-88,-231,-365,-472,-553,-600,-609,-584,-520,-425,-298,-154,6,171,315,453,563,634,663,653,606,514,391,232,66,-111,-281,-445,-578,-674,-727,-728,-687,-599,-467,-298,-116,79,271,450,600,706,766,783,738,638,502,325,126,-72,-271,-446,-599,-702,-757,-767,-726,-631,-500,-343,-161,36,226,401,553,671,736,757,726,647,530,377,195,0,-192,-372,-520,-649,-732,-761,-736,-665,-547,-399,-210,-14,706,431,9,-892,-792,40,-154,-337,-497,-621,-699,-738,-715,-656,-552,-393,-224,-47,130,290,438,553,634,676,669,617,534,419,277,122,-44,-195,-338,-464,-557,-615,-645,-631,-583,-494,-373,-240,-87,73,228,378,502,597,669,685,661,599,494,362,208,31,-151,-336,-494,-623,-722,-764,-763,-706,-600,-453,-275,-81,119,321,499,641,742,790,788,733,630,489,306,102,-105,-304,-485,-635,-731,-783,-782,-725,-633,-489,-316,-127,62,255,429,565,682,742,743,704,619,499,350,167,-17,-196,-365,-507,-620,-690,-715,-695,-622,-515,-372,-210,-38,144,305,454,570,651,694,683,628,533,405,247,73,-102,634,-434,-558,-642,-697,-695,-645,-555,-426,-259,-81,103,276,437,568,657,697,698,645,538,404,243,57,-125,-309,-467,-584,-670,-706,-690,-622,-506,-357,-198,-12,167,341,483,594,653,666,628,554,439,291,137,-33,-197,-348,-464,-551,-588,-589,-548,-482,-375,-251,-105,52,187,316,413,485,519,519,495,424,332,231,105,-34,-167,-280,-378,-453,-494,-494,-459,-390,-296,-185,-59,65,200,304,383,433,454,436,385,310,206,94,-25,-140,-237,-317,-370,-390,-379,-339,-277,-190,-89,17,124,213,285,328,345,330,284,209,117,12,-91,-184,-256,-295,-295,-253,-182,-87,12,97,149,-659,-824,0,783,542,-167,-146,-90,-11,75,153,214,245,245,220,164,100,18,-64,-141,-193,-241,-262,-257,-239,-193,-130,-57,19,94,160,206,240,247,247,215,165,110,43,-16,-78,-124,-163,-183,-188,-187,-169,-146,-117,-82,-39,-17,10,44,67,94,121,139,162,173,166,166,145,111,79,32,-22,-77,-132,-176,-212,-228,-238,-234,-195,-156,-110,-45,20,75,127,176,217,236,250,256,239,215,173,107,45,-20,-94,-165,-232,-285,-318,-334,-330,-300,-247,-171,-83,24,119,215,298,363,402,407,384,330,265,177,79,-30,-135,-226,-312,-376,-419,-437,-416,-372,-296,-204,-101,21,132,232,-1135,399,455,481,466,427,352,265,149,17,-112,-231,-351,-445,-514,-546,-539,-502,-422,-316,-180,-27,130,284,398,494,569,594,577,521,436,320,178,36,-115,-263,-386,-484,-560,-587,-587,-561,-486,-384,-250,-104,48,199,344,466,559,612,642,618,562,470,338,187,24,-137,-296,-441,-564,-651,-690,-692,-654,-573,-442,-283,-99,90,277,448,591,691,747,752,709,625,493,319,127,-78,-281,-453,-603,-719,-780,-783,-730,-632,-496,-324,-136,59,256,431,573,677,742,757,724,641,522,360,179,-15,-211,-387,-537,-654,-729,-751,-731,-658,-545,-395,-211,-12,181,365,518,641,718,740,441,726
61812,mtk,MTK 7916,864785346,rx1-tx0,512,0,246,251,217,104,-20,-149,-273,-385,-477,-538,-563,-565,-523,-447,-340,-215,-69,87,242,390,521,620,667,688,665,580,457,302,124,-74,-276,-455,-615,-729,-793,-813,-761,-669,-521,-329,-117,104,320,527,701,813,864,865,808,684,515,328,103,-124,-343,-540,-695,-799,-852,-847,-786,-682,-523,-336,-140,69,283,465,621,736,801,826,791,714,587,412,223,13,-203,-408,-585,-718,-804,-850,-834,-759,-638,-465,-262,-59,169,390,573,717,816,851,835,765,640,469,271,49,-169,-380,-565,-704,-799,-826,-795,-722,-589,-408,-222,-12,187,373,533,647,717,740,697,613,501,352,187,8,-158,-277,-435,-536,-598,-611,-594,-538,-450,-329,-196,-57,70,206,324,413,483,521,532,512,453,379,283,165,28,-98,-217,-329,-417,-495,-528,-532,-512,-445,-365,-254,-127,10,138,264,375,473,547,573,573,548,472,363,236,76,-80,-242,-387,-527,-624,-684,-704,-673,-597,-464,-293,-89,121,318,500,665,778,832,822,740,607,400,175,-64,-302,-516,-691,-808,-847,-810,-722,-576,-385,-173,53,274,455,599,693,731,700,618,491,338,156,-27,-193,-343,-462,-542,-580,-563,-509,-425,-309,-168,-10,132,254,354,426,465,456,414,341,228,97,-45,-178,-291,-362,-386,-360,-288,-182,-58,45,-28,76,0,-428,-352,-63,-71,-62,-44,-13,21,44,77,103,114,110,94,77,54,28,-3,-38,-73,-102,-118,-127,-123,-117,-109,-87,-60,-20,14,47,75,100,126,142,151,152,134,123,103,73,33,-23,-76,-125,-172,-216,-248,-267,-268,-244,-198,-132,-50,39,143,242,326,389,431,437,403,329,214,77,-60,-195,-331,-440,-508,-551,-540,-481,-382,-255,-89,76,233,363,479,550,579,570,508,406,264,108,-53,-204,-336,-442,-516,-546,-530,-479,-390,-280,-150,-17,118,235,331,406,439,441,413,362,297,204,121,30,-69,-150,-228,-290,-332,-352,-363,-359,-319,-265,-202,-121,-32,59,156,236,489,377,409,427,405,353,292,195,88,-29,-146,-253,-344,-419,-469,-474,-452,-404,-330,-234,-111,19,146,262,361,435,492,502,483,429,349,258,139,12,-115,-245,-347,-424,-490,-511,-495,-461,-392,-295,-181,-55,68,193,306,392,457,488,504,473,423,348,258,138,15,-101,-224,-330,-423,-480,-525,-528,-506,-456,-366,-256,-135,8,156,304,427,526,591,626,619,557,465,327,167,-16,-201,-362,-496,-602,-664,-673,-631,-550,-428,-276,-117,54,218,361,470,549,595,593,557,483,375,253,122,-19,-155,-273,-371,-438,-484,-501,-487,-444,-392,-310,-200,-85,37,148,244,342,408,458,-127,-298,0,-46,73,-465,-507,-525,-504,-456,-378,-279,-160,-29,111,255,382,486,565,614,622,591,521,410,261,95,-69,-253,-422,-564,-673,-740,-756,-716,-629,-498,-318,-122,89,299,487,663,779,842,844,791,692,532,330,106,-123,-344,-549,-700,-811,-871,-861,-801,-686,-518,-324,-110,112,315,504,661,761,821,840,786,681,539,368,188,-22,-231,-422,-595,-721,-802,-839,-817,-744,-614,-440,-248,-38,179,388,578,727,811,852,845,770,641,478,269,46,-178,-384,-568,-708,-805,-845,-823,-751,-620,-452,-250,-24,186,382,559,681,763,789,757,678,553,387,199,1,-192,-351,-494,-602,-667,-682,-656,315,-464,-337,-184,-29,124,265,389,482,541,560,558,521,446,345,233,105,-21,-152,-262,-353,-440,-505,-534,-519,-484,-414,-324,-212,-78,47,183,305,404,483,531,542,526,483,405,306,177,37,-90,-235,-375,-484,-569,-621,-630,-597,-534,-420,-271,-107,73,253,431,584,701,774,778,727,616,456,258,44,-187,-410,-612,-767,-839,-862,-804,-687,-512,-299,-59,176,397,584,711,782,793,736,616,457,268,60,-142,-322,-473,-582,-644,-639,-596,-513,-390,-245,-85,73,219,345,444,501,515,484,420,327,211,76,-65,-190,-300,-381,-425,-432,-390,-298,-178,-44,87,201,279,302,277,-252,-246,0,-63,-250,9,30,55,77,93,95,86,74,43,10,-26,-54,-78,-96,-115,-123,-123,-109,-82,-54,-20,15,43,79,103,123,130,131,125,114,95,70,39,9,-30,-66,-97,-137,-162,-186,-200,-196,-182,-153,-112,-53,10,88,163,232,289,325,345,339,296,232,136,20,-104,-232,-345,-439,-486,-504,-478,-413,-294,-165,-19,142,294,419,519,576,576,532,450,335,186,35,-138,-298,-428,-523,-568,-576,-537,-455,-344,-205,-48,106,243,356,446,497,508,482,413,328,224,105,-5,-117,-209,-289,-344,-371,-388,-375,-344,-301,-241,-161,-76,3,95,181,248,313,353,372,379,358,312,-571,171,75,-29,-143,-235,-327,-405,-445,-460,-435,-388,-312,-216,-100,30,148,265,360,432,482,493,468,417,333,244,127,-5,-131,-253,-354,-436,-492,-507,-498,-452,-373,-275,-160,-22,102,224,335,419,472,497,497,472,406,320,211,96,-33,-165,-274,-366,-438,-494,-504,-499,-462,-401,-304,-196,-72,63,182,310,418,498,554,581,570,520,430,311,169,11,-162,-321,-461,-571,-643,-676,-646,-571,-457,-316,-144,38,213,370,499,586,632,643,599,512,395,263,110,-45,-189,-328,-434,-506,-541,-549,-520,-461,-374,-269,-157,-30,96,206,298,386,444,481,487,457,416,345,251,148,415,318
61813,mtk,MTK 7916,864785346,rx1-tx1,512,0,0,0,150,-231,-562,-751,-734,-523,-171,228,571,753,728,524,184,-207,-528,-702,-691,-486,-160,198,487,638,615,418,111,-212,-468,-591,-540,-333,-33,267,481,554,466,243,-49,-325,-515,-548,-409,-165,129,397,544,527,363,87,-224,-468,-584,-542,-341,-39,285,534,632,558,330,2,-342,-584,-664,-572,-315,33,368,597,669,557,296,-51,-390,-622,-670,-543,-267,85,426,638,673,522,222,-138,-462,-672,-696,-530,-225,152,491,694,705,538,234,-143,-478,-681,-705,-538,-234,120,445,647,673,525,235,-113,-425,-624,-653,-511,-240,89,385,569,599,481,234,-60,-331,-504,-534,-418,-197,0,278,414,428,319,136,-76,-252,-349,-333,-214,-35,148,279,313,247,120,-58,-238,-335,-327,-227,-47,167,338,408,359,215,-1,-236,-412,-477,-418,-237,34,299,495,568,488,268,-32,-340,-571,-647,-552,-311,24,363,619,715,632,380,12,-366,-650,-762,-681,-442,-71,339,664,820,767,512,124,-310,-664,-852,-825,-595,-215,223,604,833,861,681,329,-109,-519,-800,-885,-753,-436,-24,386,700,839,770,521,150,-245,-564,-746,-743,-563,-260,99,424,630,675,561,331,22,-281,-500,-597,-557,-387,-136,137,365,498,522,434,254,31,-186,-344,-426,-431,-361,-222,-59,82,181,245,0,0,0,0,0,112,-22,-178,-334,-448,-495,-443,-293,-72,182,426,597,645,554,337,37,-286,-559,-714,-704,-538,-250,119,471,710,788,679,400,24,-367,-680,-818,-755,-505,-119,304,661,843,816,576,182,-284,-683,-917,-914,-670,-249,249,688,962,1006,776,331,-195,-686,-1005,-1071,-871,-440,112,631,997,1112,940,519,-43,-589,-992,-1123,-953,-544,4,558,965,1112,961,556,-2,-566,-974,-1117,-968,-558,10,581,999,1145,990,567,-24,-614,-1035,-1191,-1025,-582,25,643,1095,1256,1084,622,-18,-657,-1132,-1330,-1172,-696,-41,637,1180,1412,1275,813,135,-581,-1154,-1429,-1338,-905,-233,496,1100,1415,1350,938,0,-428,-1024,-1353,-1319,-931,-311,388,990,1327,1309,941,321,-387,-997,-1330,-1291,-915,-292,417,1019,1341,1301,921,282,-438,-1039,-1369,-1337,-944,-301,420,1035,1380,1363,977,335,-394,-1016,-1359,-1346,-975,-335,384,987,1327,1311,938,328,-357,-944,-1270,-1244,-885,-294,373,921,1202,1163,804,212,-427,-944,-1198,-1107,-710,-128,494,983,1205,1096,684,93,-528,-1014,-1224,-1105,-687,-87,534,1005,1212,1097,691,109,-502,-973,-1179,-1075,-687,-124,458,905,1104,1013,663,148,-390,-807,-997,-922,-601,-140,341,709,870,790,492,69,-353,-662,-776,-679,-388,9,377,638,721,579,270,-103,-443,-663,-698,-527,-214,0,0,0,0,0,720,715,511,157,-246,-578,-756,-736,-520,-170,216,544,730,714,509,178,-195,-502,-671,-655,-461,-146,201,478,610,571,372,68,-248,-480,-566,-496,-288,6,297,499,553,438,203,-81,-349,-520,-535,-396,-135,170,426,559,532,349,59,-260,-510,-612,-537,-320,-5,320,567,656,563,318,-17,-354,-602,-682,-567,-300,45,379,615,682,554,270,-80,-408,-635,-675,-529,-246,114,443,652,680,517,219,-139,-473,-675,-702,-537,-217,160,488,690,708,541,236,-134,-470,-672,-692,-535,-237,120,440,636,665,518,239,-98,-403,-597,-626,-489,-237,76,358,538,570,449,220,-58,-300,-456,0,-374,-176,60,259,373,379,268,85,-98,-246,-322,-293,-158,23,198,309,317,234,79,-115,-279,-364,-350,-216,-7,203,372,446,387,215,-26,-281,-465,-534,-456,-243,37,322,547,623,521,291,-24,-352,-593,-684,-594,-340,5,364,633,737,655,405,40,-352,-658,-796,-736,-479,-89,330,668,830,788,550,167,-267,-636,-852,-856,-643,-272,172,569,821,885,725,385,-40,-455,-754,-864,-763,-478,-88,314,640,796,755,538,196,-173,-494,-691,-719,-574,-296,40,353,568,642,564,361,83,-205,-434,-552,-542,-411,-194,57,282,441,496,447,313,129,-63,-227,-338,-372,-339,-262,-148,0,0,0,0,0,311,364,359,277,127,-70,-278,-455,-563,-561,-434,-206,80,360,583,689,644,453,148,-206,-520,-720,-753,-619,-333,43,417,696,810,726,460,72,-342,-668,-834,-792,-540,-141,301,672,875,865,628,207,-270,-682,-930,-948,-713,-278,223,681,993,1049,828,391,-154,-663,-1019,-1114,-907,-478,70,611,994,1122,954,536,-22,-570,-964,-1108,-960,-552,7,562,968,1113,959,549,-8,-561,-975,-1124,-966,-548,19,588,1006,1153,993,562,-27,-621,-1067,-1228,-1054,-599,23,653,1123,1292,1121,659,17,-660,-1175,-1375,-1226,-755,-81,605,1162,1421,1301,850,187,-538,-1119,-1413,-1347,-932,-269,459,1063,0,1345,951,313,-405,-1012,-1344,-1318,-946,-324,380,978,1321,1304,922,296,-409,-999,-1328,-1306,-920,-285,423,1020,1345,1319,933,293,-425,-1035,-1373,-1348,-954,-306,410,1023,1371,1347,967,334,-384,-998,-1346,-1330,-971,-351,359,965,1300,1281,920,319,-362,-931,-1238,-1198,-832,-253,396,928,1191,1124,750,168,-465,-964,-1183,-1083,-698,-104,523,1007,1218,1104,687,78,-544,-1017,-1221,-1099,-691,-95,520,991,1196,1091,690,113,-479,-936,-1140,-1046,-681,-145,417,856,1054,962,631,152,-355,-756,-936,-863,-560,-111,344,683,828,735,439,42,-355,-642,-742,-629,-334,47,400,644,695,540,233,-145,-487,-688,0,0
61814,mtk,MTK 7916,864785346,rx2-tx0,512,0,0,0,-5,-574,-998,-1161,-1017,-587,19,629,1084,1252,1079,614,-22,-662,-1130,-1300,-1119,-640,14,672,1150,1320,1137,640,-30,-695,-1173,-1331,-1129,-618,58,712,1178,1316,1101,589,-91,-745,-1193,-1308,-1056,-526,147,789,1210,1288,1012,460,-215,-829,-1213,-1267,-963,-395,272,864,1218,1230,902,328,-328,-890,-1201,-1175,-822,-246,391,907,1159,1095,718,136,-474,-941,-1134,-1012,-604,-11,579,992,1127,944,484,-120,-691,-1067,-1140,-893,-388,239,804,1151,1172,862,311,-336,-908,-1226,-1202,-848,-257,412,973,1283,1247,858,234,-454,-1032,-1343,-1289,-890,-247,471,1065,1372,1310,904,254,-465,-1069,-1384,-1316,-904,-251,0,1063,1359,1297,893,245,-466,-1048,-1343,-1281,-874,-225,481,1053,1344,1270,857,207,-507,-1081,-1357,-1267,-841,-179,542,1114,1382,1280,846,181,-547,-1140,-1425,-1330,-876,-188,553,1148,1442,1350,901,214,-533,-1146,-1451,-1378,-936,-250,501,1128,1456,1391,965,290,-458,-1081,-1418,-1390,-997,-345,393,1031,1391,1379,1009,383,-338,-969,-1337,-1357,-1027,-430,269,899,1299,1357,1062,501,-180,-810,-1231,-1334,-1099,-596,45,662,1099,1261,1113,694,112,-482,-939,-1152,-1077,-749,-254,294,745,998,1006,774,368,-109,-541,-830,-915,-783,-475,-71,327,636,792,768,582,281,-57,-361,-573,-662,-619,-469,-259,-34,159,291,0,0,0,0,0,413,401,301,118,-118,-364,-571,-681,-657,-493,-207,149,484,731,831,743,472,77,-351,-710,-909,-905,-677,-274,205,657,962,1034,859,455,-83,-613,-1001,-1156,-1020,-617,-51,546,1026,1248,1158,778,193,-461,-1013,-1312,-1286,-931,-326,371,987,1355,1383,1057,454,-269,-929,-1363,-1458,-1167,-570,164,859,1334,1465,1218,658,-67,-769,-1264,-1431,-1227,-712,-17,678,1179,1364,1184,692,33,-627,-1103,-1279,-1118,-659,-28,595,1049,1213,1038,585,-11,-600,-1019,-1150,-959,-502,92,654,1030,1118,888,411,-185,-735,-1079,-1124,-859,-350,261,809,1134,1154,861,318,-324,-882,-1206,-1211,-887,-315,354,931,1257,1248,0,315,-371,-959,-1286,-1262,-902,-294,406,998,1321,1289,906,268,-446,-1044,-1361,-1310,-895,-234,501,1100,1402,1337,901,217,-532,-1149,-1460,-1377,-925,-217,550,1170,1485,1399,935,221,-555,-1179,-1482,-1386,-925,-219,548,1168,1470,1361,893,195,-547,-1135,-1403,-1284,-820,-138,571,1108,1339,1205,731,59,-612,-1106,-1290,-1110,-631,20,655,1104,1244,1037,544,-89,-693,-1095,-1188,-956,-463,155,717,1073,1129,871,378,-211,-729,-1031,-1050,-779,-293,266,731,977,948,656,186,-328,-740,-928,-845,-517,-49,422,768,889,749,385,-87,-528,-820,-876,-678,-276,210,638,885,882,623,172,-334,-751,-967,-906,-577,-83,0,0,0,0,0,1101,969,567,-10,-603,-1039,-1202,-1046,-602,21,650,1116,1284,1111,634,-17,-672,-1145,-1312,-1129,-644,19,681,1159,1327,1130,627,-41,-701,-1172,-1328,-1116,-602,76,733,1183,1315,1085,560,-119,-765,-1195,-1289,-1036,-495,184,810,1207,1274,991,437,-236,-847,-1222,-1249,-932,-365,295,871,1203,1203,864,290,-354,-892,-1182,-1132,-766,-190,432,922,1156,1052,653,77,-521,-968,-1136,-978,-536,56,626,1022,1133,917,433,-179,-738,-1093,-1151,-875,-342,289,852,1187,1187,858,286,-378,-941,-1254,-1225,-854,-246,434,1013,1322,1270,876,249,-461,-1057,-1366,-1303,-889,-241,475,1068,1380,1320,900,243,-476,-1064,-1370,0,-907,-256,465,1057,1360,1291,878,233,-467,-1042,-1337,-1269,-854,-212,492,1063,1344,1263,837,181,-521,-1092,-1369,-1278,-843,-177,544,1122,1397,1296,859,188,-556,-1152,-1430,-1337,-895,-202,546,1144,1446,1362,918,238,-510,-1129,-1448,-1385,-956,-274,480,1104,1433,1391,981,313,-434,-1066,-1417,-1390,-999,-355,372,1002,1367,1370,1011,397,-314,-938,-1321,-1356,-1041,-457,238,868,1271,1346,1082,548,-121,-744,-1173,-1301,-1105,-644,-34,570,1022,1213,1099,723,184,-379,-835,-1076,-1051,-772,-310,200,643,919,965,788,431,-16,-439,-733,-849,-776,-528,-175,198,512,704,740,624,394,107,-170,-386,-511,-533,-462,-332,0,0,0,0,0,54,238,411,536,576,504,317,44,-266,-545,-724,-755,-627,-350,28,415,721,876,830,586,188,-277,-685,-943,-977,-773,-368,141,635,985,1094,934,533,-22,-581,-1016,-1209,-1092,-695,-114,514,1024,1290,1237,860,251,-421,-1000,-1338,-1334,-993,-393,323,960,1360,1413,1106,521,-208,-898,-1355,-1462,-1202,-629,109,808,1296,1450,1225,690,-21,-723,-1225,-1396,-1210,-718,-31,647,1134,1315,1151,689,46,-601,-1071,-1244,-1077,-622,-13,593,1032,1171,991,547,-49,-627,-1024,-1134,-923,-456,136,686,1050,1119,871,378,-223,-761,-1100,-1142,-857,-335,296,849,1173,1179,867,312,-331,-899,-1233,-1230,-890,-308,364,0,1273,1254,897,294,-391,-974,-1300,-1275,-897,-275,415,1008,1336,1294,894,249,-474,-1076,-1387,-1315,-895,-229,512,1120,1435,1357,911,217,-543,-1163,-1471,-1385,-926,-217,555,1175,1486,1397,932,223,-549,-1172,-1474,-1380,-916,-205,552,1152,1431,1324,860,171,-556,-1124,-1373,-1243,-779,-103,591,1103,1313,1159,680,21,-634,-1101,-1261,-1072,-583,64,675,1097,1215,994,496,-128,-704,-1084,-1163,-916,-421,181,720,1051,1090,828,339,-234,-726,-1008,-1004,-714,-234,296,728,947,893,586,120,-369,-744,-896,-789,-456,15,483,802,888,709,331,-144,-588,-858,-879,-645,-224,273,698,924,889,593,117,-395,-809,-999,0,0
61815,mtk,MTK 7916,864785346,rx2-tx1,512,0,0,0,792,1054,1031,725,217,-353,-828,-1086,-1061,-752,-246,327,817,1089,1067,761,260,-304,-787,-1051,-1033,-735,-246,304,764,1012,976,677,204,-310,-734,-943,-888,-593,-137,355,737,897,802,477,6,-453,-775,-874,-714,-350,123,573,853,886,667,253,-255,-699,-944,-928,-648,-174,358,793,1020,966,637,125,-442,-884,-1080,-988,-615,-63,514,958,1140,1008,589,3,-605,-1053,-1220,-1047,-585,38,669,1137,1293,1107,620,-51,-719,-1205,-1375,-1186,-678,15,706,1211,1414,1246,749,58,-647,-1185,-1410,-1274,-803,-124,581,1125,1375,1274,841,196,-491,-1034,-1305,-1236,-854,-259,393,928,1200,1161,834,304,-285,0,-1040,-1037,-756,-293,229,667,904,881,629,218,-236,-597,-778,-738,-492,-109,290,593,709,626,364,-7,-365,-613,-679,-532,-228,137,456,648,659,466,115,-276,-592,-749,-689,-421,-17,413,739,880,787,466,-7,-505,-888,-1039,-921,-564,-33,535,971,1163,1056,674,112,-492,-985,-1238,-1179,-809,-225,421,973,1288,1277,944,377,-282,-883,-1273,-1348,-1083,-557,96,731,1188,1349,1179,740,138,-499,-999,-1242,-1189,-852,-328,250,738,1039,1089,869,453,-48,-516,-836,-945,-816,-504,-87,331,646,793,750,532,197,-163,-473,-652,-678,-560,-322,-25,260,472,578,560,441,255,40,-156,-293,-358,-360,0,0,0,0,0,-252,-122,53,249,421,532,549,456,270,20,-244,-472,-599,-590,-453,-211,88,367,562,628,538,313,19,-284,-525,-637,-587,-387,-81,253,527,667,636,440,118,-244,-549,-714,-696,-503,-177,216,560,762,774,588,237,-180,-545,-778,-823,-646,-301,123,524,789,849,691,345,-99,-501,-776,-852,-705,-375,61,486,779,867,717,385,-44,-459,-750,-843,-721,-396,31,440,728,818,684,367,-47,-445,-715,-780,-643,-335,73,464,723,790,633,303,-111,-505,-761,-799,-627,-290,125,519,773,812,637,295,-122,-511,-764,-811,-639,-293,126,517,764,799,615,271,-150,-530,-767,-794,-602,-247,0,551,774,796,590,221,-191,-554,-773,-778,-573,-213,201,551,747,740,524,161,-249,-586,-749,-695,-449,-80,319,634,768,680,400,0,-405,-711,-823,-705,-382,50,468,773,868,715,363,-82,-510,-808,-885,-715,-348,115,543,819,872,683,297,-173,-587,-834,-849,-621,-226,239,646,865,840,580,150,-326,-707,-893,-832,-531,-73,407,780,939,837,503,20,-477,-839,-972,-840,-478,23,529,895,1021,865,469,-54,-569,-936,-1049,-877,-477,56,577,944,1049,875,469,-65,-581,-935,-1027,-842,-431,91,580,913,988,789,373,-145,-609,-904,-958,-750,-314,208,666,940,958,713,262,-265,-721,0,0,0,0,0,-693,-206,350,818,1079,1051,740,230,-344,-834,-1098,-1069,-762,-260,313,802,1074,1055,761,263,-297,-766,-1027,-1005,-717,-243,301,750,976,934,637,172,-333,-732,-919,-842,-528,-70,401,755,879,750,407,-53,-506,-813,-883,-688,-293,192,628,894,908,663,216,-299,-743,-989,-955,-639,-142,402,849,1057,970,625,98,-469,-911,-1106,-996,-605,-35,544,984,1164,1024,589,-23,-630,-1084,-1251,-1071,-596,53,706,1175,1332,1138,644,-35,-714,-1211,-1399,-1220,-715,-15,682,1197,1413,1261,769,86,-614,-1155,-1397,-1273,-821,-162,531,1084,1347,1263,850,220,-441,-972,-1255,-1211,-851,-286,338,850,1128,1104,0,305,-253,-720,-974,-960,-685,-249,227,626,831,801,554,161,-259,-592,-747,-682,-423,-48,331,594,680,574,297,-68,-410,-632,-662,-489,-170,198,519,701,679,441,58,-341,-661,-811,-737,-440,3,465,814,964,858,505,-2,-523,-929,-1106,-996,-615,-68,504,975,1212,1127,752,181,-460,-984,-1258,-1221,-876,-306,352,929,1281,1317,1011,460,-202,-827,-1250,-1352,-1131,-655,-17,625,1105,1307,1198,812,239,-372,-875,-1156,-1147,-871,-401,140,620,935,1013,843,475,19,-418,-740,-871,-787,-521,-154,238,560,728,719,547,257,-74,-374,-579,-641,-569,-394,-151,107,328,462,494,442,325,171,13,0,0,0,0,0,-327,-427,-474,-440,-313,-120,110,340,517,590,542,375,127,-155,-414,-586,-618,-506,-271,33,325,538,625,564,357,59,-260,-519,-645,-612,-415,-101,248,531,687,673,476,144,-227,-547,-740,-744,-552,-209,192,556,783,806,616,264,-157,-537,-783,-832,-666,-324,102,509,787,863,699,354,-73,-491,-783,-862,-716,-381,53,472,762,856,720,391,-31,-448,-740,-827,-700,-383,40,436,710,794,659,346,-58,-452,-721,-788,-642,-315,98,485,742,799,623,288,-118,-508,-768,-813,-642,-300,127,520,772,817,641,293,-135,-514,-764,-805,-629,-275,149,526,762,793,610,255,-172,-543,-766,0,-590,-237,183,554,774,780,579,221,-196,-554,-752,-748,-550,-191,220,564,750,718,489,121,-291,-612,-754,-688,-424,-34,375,676,789,690,385,-32,-441,-740,-844,-711,-379,63,495,795,882,722,366,-89,-522,-815,-877,-701,-328,138,557,819,860,658,265,-205,-609,-847,-853,-610,-189,283,681,882,829,548,115,-357,-740,-918,-833,-519,-54,445,816,954,837,493,3,-503,-874,-1002,-857,-481,36,552,920,1038,876,481,-55,-582,-948,-1054,-881,-471,66,589,943,1036,853,452,-69,-572,-917,-1012,-817,-401,112,595,907,972,767,339,-179,-643,-929,-957,-720,-281,243,698,963,969,706,0,0
61816,mtk,MTK 7916,864816050,rx0-tx0,512,-330,-1004,-1054,-70,240,528,760,921,1004,989,892,720,467,177,-131,-411,-655,-850,-958,-988,-933,-787,-583,-321,-26,277,541,768,930,1008,997,885,703,446,150,-159,-462,-713,-914,-1026,-1036,-960,-801,-560,-263,59,369,644,860,1001,1038,981,850,626,355,54,-252,-529,-763,-911,-977,-966,-860,-689,-458,-184,94,365,615,802,918,952,900,770,583,328,52,-230,-506,-720,-873,-934,-922,-825,-644,-423,-151,139,407,627,782,876,872,799,645,436,190,-57,-289,-500,-654,-743,-774,-735,-637,-479,-280,-67,143,331,491,604,671,675,617,509,368,198,4,-171,-341,-482,-574,-621,-624,-575,-469,-323,-26,26,216,384,523,611,651,636,559,432,265,75,-125,-312,-492,-612,-692,-705,-649,-523,-364,-159,77,292,483,633,719,740,693,580,406,198,-34,-264,-464,-625,-722,-758,-720,-613,-451,-240,-19,212,436,609,724,775,743,653,498,293,44,-196,-421,-610,-745,-807,-771,-670,-502,-277,-27,227,460,647,758,787,735,603,403,170,-77,-313,-497,-624,-675,-651,-565,-422,-238,-46,140,305,417,477,488,451,386,279,153,33,-88,-201,-275,-321,-342,-331,-297,-231,-148,-65,25,107,180,235,268,274,262,222,151,73,-13,-100,-181,-247,-277,-269,-226,-151,-53,55,144,198,216,192,-403,-656,510,-80,-351,171,154,98,19,-63,-147,-209,-240,-245,-217,-157,-81,2,91,167,223,266,284,270,236,179,89,-2,-102,-206,-287,-356,-392,-392,-353,-278,-154,-9,142,305,440,540,584,578,500,360,172,-42,-270,-478,-651,-758,-793,-740,-591,-390,-127,178,447,680,854,943,929,814,620,349,26,-297,-605,-851,-993,-1050,-994,-830,-578,-274,70,405,686,912,1044,1083,999,801,541,228,-117,-436,-712,-920,-1042,-1062,-977,-805,-542,-232,87,398,673,889,1025,1058,980,810,564,273,-51,-373,-645,-864,-1007,-1049,-980,-843,-614,-309,4,317,603,838,986,1043,995,857,649,375,55,-256,-544,-784,301,-1004,-993,-885,-698,-457,-161,147,437,686,876,983,1007,951,802,578,298,-18,-331,-626,-858,-1011,-1079,-1037,-914,-688,-396,-76,253,555,814,991,1072,1072,967,769,519,202,-122,-436,-699,-920,-1050,-1095,-1047,-893,-674,-385,-57,283,593,840,1036,1135,1131,1028,823,543,209,-150,-488,-789,-1019,-1169,-1199,-1128,-955,-672,-334,40,399,736,1002,1159,1216,1166,1000,734,412,54,-311,-636,-900,-1074,-1157,-1137,-1016,-790,-504,-171,168,494,764,961,1087,1103,1018,846,605,309,-15,-334,-625,-859,-1005,-1065,-1026,-885,-681,-417,-117,191,492,733,919,1015,1016,930,766,526,238,-68,-368,-635,-839,-969,651,448,-82,-301,13,1016,993,872,671,413,121,-186,-463,-716,-899,-996,-999,-910,-755,-518,-245,45,339,600,803,943,1002,965,841,648,382,92,-219,-507,-745,-924,-1012,-1024,-928,-754,-507,-211,104,408,681,895,1024,1051,984,826,594,305,-13,-314,-592,-816,-957,-1019,-978,-858,-661,-403,-127,173,447,677,853,949,955,885,736,516,266,-16,-294,-544,-754,-895,-942,-925,-814,-621,-381,-98,178,453,670,827,922,910,815,641,432,171,-98,-351,-568,-726,-816,-824,-769,-644,-454,-244,-11,209,412,572,677,721,696,618,487,323,134,-69,-261,-422,-546,-628,-650,-615,-542,-416,-259,-84,94,276,436,554,628,640,603,518,386,215,28,-175,-354,-513,-617,-676,-666,-603,-480,-315,-122,93,310,489,619,707,721,666,558,386,175,-50,-273,-474,-629,-723,-752,-712,-603,-435,-226,5,234,445,615,721,759,738,641,475,281,44,-190,-414,-596,-728,-787,-757,-666,-506,-299,-45,211,442,637,753,799,766,660,472,233,-26,-272,-500,-656,-740,-744,-666,-515,-323,-96,119,318,473,567,587,557,465,336,185,27,-117,-241,-345,-397,-407,-389,-329,-240,-149,-46,47,140,222,267,290,287,258,216,148,71,-17,-98,-178,-237,-267,-274,-251,-201,-127,-30,67,158,227,265,254,200,114,21,-69,-954,-800,-82,-892,-818,-35,-117,-184,-212,-211,-177,-111,-29,56,143,209,247,263,251,208,152,78,-12,-99,-179,-251,-304,-321,-324,-285,-213,-124,-7,117,237,352,443,478,490,440,331,176,-4,-193,-381,-539,-650,-698,-670,-557,-390,-164,82,353,585,758,872,874,781,613,376,79,-239,-536,-784,-951,-1010,-967,-835,-599,-305,20,356,653,881,1028,1073,991,815,559,244,-93,-439,-717,-922,-1052,-1070,-977,-795,-537,-235,102,417,699,913,1026,1045,972,798,549,252,-69,-387,-664,-883,-1016,-1052,-985,-823,-596,-301,36,344,621,859,1001,1043,999,854,631,344,25,-295,-581,-810,-975,-1037,-997,-875,-670,-176,-106,196,490,725,905,1000,996,902,739,503,217,-85,-386,-653,-861,-1002,-1048,-998,-853,-624,-350,-33,288,593,852,1014,1087,1054,935,721,434,126,-193,-513,-766,-964,-1073,-1083,-998,-829,-593,-290,25,360,655,889,1051,1121,1093,958,747,469,135,-206,-539,-826,-1037,-1163,-1177,-1078,-887,-611,-277,92,435,766,1017,1172,1220,1156,991,709,376,18,-346,-687,-952,-1124,-1201,-1155,-1007,-767,-460,-118,239,569,837,1027,1119,1118,1019,819,562,249,-94,-416,-692,-907,-1044,-1085,-1026,-878,-645,-358,-47,276,564,797,966,1034,1025,916,727,477,177,-131,-420,-678,-876,-989,-1012,-953,-797,-575,-298,-600,-765
61817,mtk,MTK 7916,864816050,rx0-tx1,512,-686,-146,-401,467,620,708,725,682,576,413,205,-7,-217,-408,-559,-657,-697,-665,-583,-444,-267,-73,119,303,459,574,637,645,597,502,369,197,13,-165,-343,-486,-589,-636,-640,-584,-475,-338,-161,35,223,402,549,646,690,681,605,472,308,98,-118,-332,-511,-650,-736,-754,-700,-582,-409,-193,45,278,485,645,754,798,761,653,490,272,33,-212,-435,-619,-744,-796,-776,-692,-544,-332,-103,137,360,543,681,756,757,688,562,390,176,-49,-273,-457,-597,-691,-721,-687,-588,-436,-259,-52,162,355,520,636,684,685,621,490,318,135,-73,-273,-436,-583,-664,-682,-638,-539,-392,-199,2,203,-38,550,650,690,667,589,449,258,50,-157,-358,-518,-637,-690,-679,-603,-472,-296,-87,132,331,508,632,684,689,621,488,309,96,-120,-328,-507,-620,-688,-681,-613,-487,-308,-103,108,301,466,581,639,634,567,447,287,98,-94,-271,-424,-528,-585,-574,-516,-420,-274,-110,56,222,352,452,507,511,477,400,287,141,-8,-158,-295,-406,-465,-484,-465,-395,-287,-149,5,157,286,386,447,465,428,348,234,103,-38,-164,-280,-363,-407,-408,-356,-279,-178,-59,69,188,285,340,357,342,288,201,92,-31,-141,-232,-296,-327,-302,-250,-160,-49,67,174,246,274,253,184,92,-11,-91,625,396,0,-328,-642,-65,-141,-198,-214,-193,-136,-51,46,140,210,252,256,226,169,89,-7,-97,-174,-226,-253,-256,-226,-172,-100,-18,67,147,203,238,241,230,190,117,43,-25,-92,-147,-179,-190,-192,-176,-144,-92,-50,-9,30,67,98,120,139,148,144,139,125,92,56,10,-31,-86,-142,-170,-196,-210,-198,-164,-119,-56,18,88,148,193,219,229,218,195,145,89,24,-40,-104,-166,-218,-251,-261,-252,-227,-178,-107,-20,77,158,238,295,335,336,307,248,160,56,-61,-173,-272,-349,-384,-387,-353,-282,-185,-79,46,168,271,352,403,416,395,335,237,116,-13,-136,-257,-348,-416,-446,-48,-385,-298,-181,-48,95,229,353,440,495,502,464,378,258,108,-51,-216,-362,-476,-543,-561,-533,-442,-310,-147,33,211,360,486,558,587,551,470,353,198,25,-148,-313,-434,-539,-591,-581,-531,-433,-292,-129,47,225,383,508,589,616,595,524,397,235,56,-133,-312,-476,-587,-655,-665,-607,-507,-353,-163,50,258,442,591,688,725,697,601,445,254,30,-193,-409,-583,-706,-760,-739,-660,-513,-318,-92,145,362,545,680,753,746,675,549,365,155,-67,-287,-488,-630,-716,-737,-696,-595,-435,-231,-9,208,403,571,687,738,724,642,497,305,95,-135,-347,-531,-662,-725,-731,-669,706,431,9,-892,-792,568,399,188,-30,-250,-441,-594,-686,-712,-681,-582,-431,-245,-35,169,357,513,619,663,655,589,471,317,131,-59,-245,-403,-530,-615,-637,-618,-549,-425,-267,-86,95,280,433,556,642,665,632,545,407,230,41,-164,-362,-526,-651,-720,-719,-653,-532,-364,-157,74,300,498,656,758,782,740,623,452,240,-3,-247,-458,-633,-752,-796,-771,-671,-510,-305,-66,169,394,589,720,779,769,687,546,363,139,-94,-313,-497,-642,-720,-737,-691,-578,-421,-222,1,213,411,558,660,705,685,606,472,288,88,-111,-313,-488,-607,-673,-692,-625,-517,-365,-169,28,228,408,561,656,684,646,634,407,227,29,-177,-372,-538,-647,-685,-673,-598,-466,-290,-77,143,343,510,633,699,690,618,491,305,102,-111,-326,-504,-629,-693,-688,-621,-480,-303,-101,113,312,481,603,660,655,589,467,294,103,-98,-292,-449,-563,-615,-606,-544,-425,-272,-99,80,239,387,498,544,548,499,402,280,122,-37,-191,-320,-429,-485,-496,-470,-398,-288,-147,1,153,290,392,457,482,449,375,268,135,-12,-158,-282,-373,-426,-432,-392,-319,-206,-84,59,182,277,348,380,377,327,241,131,21,-96,-207,-289,-337,-340,-304,-236,-142,-26,93,191,272,304,295,238,148,36,-77,-166,-212,-217,-169,-659,-824,0,783,542,-162,-131,-61,29,117,196,239,246,211,145,60,-39,-127,-196,-247,-264,-248,-199,-126,-47,40,126,192,239,254,243,208,146,67,-12,-84,-155,-200,-219,-219,-202,-151,-95,-37,16,67,112,142,152,159,153,134,108,78,49,10,-21,-57,-95,-130,-153,-173,-182,-179,-143,-92,-43,23,94,146,189,224,231,216,181,129,69,0,-66,-130,-187,-220,-240,-234,-220,-186,-139,-70,3,80,151,222,267,300,296,267,214,136,43,-65,-164,-258,-320,-362,-366,-332,-268,-171,-58,56,175,278,349,390,400,365,299,207,94,-29,-153,-269,-356,-411,-426,-413,-356,-261,-147,-11,-1135,248,346,426,464,464,419,337,219,83,-71,-224,-357,-461,-519,-531,-497,-414,-290,-131,42,215,369,482,559,583,543,460,330,168,-5,-187,-336,-466,-551,-587,-571,-500,-389,-253,-68,103,266,414,524,587,607,565,474,344,179,-1,-179,-351,-493,-589,-633,-626,-566,-452,-291,-113,90,279,453,592,678,701,656,560,406,214,-6,-225,-431,-587,-699,-742,-718,-632,-485,-292,-62,169,386,568,699,760,750,662,527,344,124,-113,-325,-514,-656,-732,-746,-692,-568,-399,-199,24,239,440,597,697,735,709,619,472,277,57,-166,-376,-550,-667,-731,-735,-661,-528,-340,-126,97,321,441,726
61818,mtk,MTK 7916,864816050,rx1-tx0,512,0,246,251,535,470,360,213,48,-118,-287,-437,-550,-624,-643,-599,-510,-372,-192,11,221,415,573,692,751,739,651,508,315,78,-174,-423,-629,-778,-859,-861,-779,-617,-395,-117,164,427,660,836,932,943,853,682,452,172,-121,-399,-650,-838,-941,-952,-871,-710,-489,-229,54,329,568,755,869,907,874,749,574,339,70,-195,-444,-652,-800,-892,-896,-822,-675,-480,-218,59,329,569,759,882,931,883,762,568,318,39,-242,-502,-713,-867,-936,-921,-811,-632,-385,-103,183,456,679,833,923,907,812,639,410,135,-134,-408,-622,-781,-857,-845,-755,-612,-405,-156,95,324,514,666,733,743,680,-277,381,190,-22,-224,-392,-531,-617,-641,-614,-543,-424,-267,-94,80,251,384,496,566,583,554,484,368,229,62,-106,-275,-408,-515,-583,-583,-556,-471,-346,-189,-16,171,336,470,572,620,618,567,475,319,140,-49,-255,-441,-586,-688,-735,-711,-612,-461,-250,-5,233,472,680,806,869,848,726,529,273,-17,-334,-598,-795,-920,-951,-868,-691,-442,-142,167,456,688,846,907,866,732,533,278,-11,-267,-503,-667,-753,-757,-693,-559,-353,-127,101,308,469,579,632,614,528,388,224,37,-151,-310,-434,-506,-517,-476,-387,-254,-92,79,244,374,448,454,394,284,131,-35,-182,-277,-306,-28,76,0,-428,-352,-74,-80,-61,-30,9,46,80,106,119,112,94,65,29,-10,-59,-94,-122,-132,-135,-134,-98,-50,-8,34,71,110,129,144,140,132,119,81,54,5,-45,-87,-131,-174,-196,-201,-194,-175,-124,-59,10,92,173,254,302,332,330,292,222,114,-18,-169,-295,-401,-481,-492,-453,-373,-238,-68,127,299,454,558,615,587,487,350,170,-35,-238,-421,-557,-638,-638,-579,-457,-279,-85,124,328,486,584,632,605,521,377,194,3,-182,-339,-471,-543,-554,-511,-427,-308,-157,0,139,264,354,417,441,424,374,300,205,110,-16,-138,-228,-327,-383,-412,-411,-376,-316,-216,-96,39,489,283,385,456,481,463,401,300,168,15,-147,-291,-408,-489,-531,-524,-469,-363,-228,-68,100,257,393,495,553,562,503,411,285,128,-43,-221,-372,-478,-553,-571,-543,-461,-341,-191,-18,143,302,430,520,565,556,502,398,262,120,-39,-199,-342,-454,-527,-551,-532,-472,-368,-238,-99,66,226,368,493,573,601,579,501,390,241,54,-139,-328,-486,-614,-681,-685,-627,-498,-329,-127,112,334,520,663,732,720,642,514,335,122,-105,-319,-490,-615,-667,-673,-614,-496,-331,-153,42,221,387,511,573,585,553,480,371,222,72,-87,-244,-370,-455,-521,-529,-502,-433,-334,-211,-58,104,-127,-298,0,-46,73,-170,-328,-456,-547,-587,-585,-536,-433,-290,-126,71,258,421,562,655,696,674,583,439,258,38,-197,-416,-599,-743,-812,-813,-723,-566,-354,-104,166,427,650,819,911,907,821,663,429,154,-142,-432,-674,-854,-952,-952,-872,-710,-472,-195,100,381,626,804,914,938,878,732,531,276,13,-261,-501,-693,-830,-892,-875,-790,-626,-416,-163,110,375,598,778,888,913,855,723,521,275,-5,-284,-532,-739,-875,-932,-908,-790,-608,-363,-77,214,479,696,855,927,913,810,626,397,122,-165,-428,-644,-811,-886,-884,-794,-622,-398,-138,127,363,564,724,797,794,717,581,388,160,-59,-278,315,-592,-676,-699,-644,-551,-409,-230,-39,146,314,454,555,598,600,544,449,327,167,-6,-173,-325,-447,-533,-578,-572,-517,-412,-289,-113,56,218,374,496,573,610,592,517,405,254,69,-114,-286,-449,-580,-649,-676,-645,-540,-394,-203,8,244,447,619,745,791,764,680,501,271,18,-267,-526,-739,-869,-925,-875,-720,-507,-231,88,405,658,842,933,928,823,627,362,60,-237,-496,-688,-821,-839,-780,-640,-428,-183,64,289,493,632,691,685,606,461,282,80,-123,-303,-445,-539,-577,-543,-456,-328,-161,13,179,324,431,481,478,415,299,144,-32,-194,-319,-389,-387,-316,-194,-56,-252,-246,0,-63,-250,1,40,75,98,108,101,79,48,4,-40,-77,-107,-118,-134,-122,-96,-59,-12,19,66,108,126,141,143,130,99,60,22,-25,-58,-104,-130,-147,-169,-159,-146,-128,-81,-27,28,82,145,211,244,265,261,236,179,95,2,-112,-220,-325,-396,-428,-402,-328,-231,-91,75,217,359,475,551,555,490,372,207,13,-198,-375,-510,-609,-626,-586,-471,-322,-122,88,293,470,589,639,638,558,418,244,45,-159,-341,-491,-581,-605,-565,-476,-344,-168,10,174,313,419,484,490,455,383,283,167,39,-86,-196,-295,-358,-405,-419,-386,-343,-271,-157,-45,82,195,300,380,437,453,-571,361,264,137,0,-143,-277,-393,-469,-507,-497,-434,-336,-201,-48,114,273,408,496,542,542,491,394,253,93,-80,-241,-374,-482,-550,-566,-531,-437,-316,-166,13,181,340,451,536,560,543,479,369,228,68,-97,-248,-388,-478,-535,-548,-513,-436,-320,-174,-12,147,291,412,496,551,571,525,444,327,174,1,-179,-349,-480,-591,-645,-639,-574,-457,-294,-94,119,329,510,633,721,730,654,524,342,117,-111,-322,-507,-643,-714,-714,-637,-506,-325,-128,76,278,452,567,626,630,580,489,344,173,0,-168,-313,-433,-514,-545,-547,-493,-390,-277,-136,17,158,298,408,491,537,522,415,318
61819,mtk,MTK 7916,864816050,rx1-tx1,512,0,0,0,-404,-645,-742,-670,-450,-129,216,521,709,744,609,340,-5,-337,-588,-708,-662,-477,-194,129,412,588,619,521,308,15,-272,-476,-563,-512,-339,-89,179,400,513,510,378,153,-110,-343,-483,-499,-403,-204,53,299,474,533,461,271,9,-253,-462,-565,-543,-387,-127,167,422,579,602,491,267,-21,-310,-529,-628,-581,-400,-122,182,442,597,614,504,264,-45,-345,-555,-636,-569,-374,-84,227,483,636,646,502,244,-70,-372,-590,-684,-625,-427,-132,197,475,643,672,549,314,10,-302,-544,-646,-607,-443,-190,108,385,564,609,523,335,73,-196,-409,-532,-542,-432,-225,26,250,400,0,412,277,88,-109,-274,-356,-342,-252,-101,72,213,302,306,215,78,-85,-231,-318,-322,-242,-91,94,248,355,388,314,154,-43,-239,-395,-463,-421,-274,-65,184,397,517,539,444,233,-45,-323,-532,-629,-589,-416,-146,162,446,634,693,598,367,52,-284,-560,-718,-734,-584,-300,46,394,662,790,761,573,255,-113,-467,-731,-834,-764,-542,-202,183,532,770,849,759,510,162,-209,-543,-755,-806,-705,-460,-134,207,505,691,733,634,416,119,-194,-458,-624,-656,-562,-364,-104,171,399,541,573,490,324,114,-112,-318,-455,-507,-466,-343,-174,8,179,307,379,390,347,259,154,40,0,0,0,0,0,119,4,-128,-269,-390,-469,-479,-411,-272,-74,153,374,548,630,605,465,232,-52,-341,-578,-706,-699,-563,-319,0,324,593,750,749,600,327,-24,-380,-654,-802,-775,-581,-261,122,488,758,869,791,545,170,-255,-643,-893,-952,-815,-503,-68,398,781,1001,1014,814,434,-46,-520,-893,-1067,-1009,-734,-315,184,653,971,1083,964,623,160,-344,-783,-1044,-1064,-846,-443,50,545,924,1091,1009,702,235,-293,-760,-1054,-1108,-916,-517,-1,533,958,1169,1117,809,313,-258,-773,-1134,-1246,-1085,-687,-130,472,978,1284,1317,1047,552,-53,-664,-1138,-1368,-1303,-957,-402,231,821,1234,1384,1244,821,223,0,-950,-1284,-1331,-1075,-584,27,624,1086,1309,1238,881,323,-295,-839,-1198,-1293,-1095,-645,-44,571,1058,1315,1273,941,405,-230,-822,-1230,-1358,-1187,-755,-148,490,1020,1315,1324,1038,522,-103,-703,-1151,-1337,-1228,-841,-272,349,885,1216,1271,1045,589,3,-583,-1020,-1210,-1120,-782,-267,311,815,1111,1157,925,482,-64,-603,-1005,-1169,-1066,-719,-204,355,838,1136,1175,956,516,-39,-576,-986,-1179,-1114,-797,-303,242,734,1055,1137,975,600,96,-415,-825,-1049,-1037,-796,-392,81,525,841,952,846,558,164,-258,-608,-805,-811,-624,-297,76,419,659,738,636,377,43,-292,-562,-690,-646,-448,-145,192,479,0,0,0,0,0,616,358,20,-321,-596,-743,-723,-542,-241,110,432,653,736,655,423,109,-223,-499,-651,-650,-503,-249,56,332,524,596,521,319,53,-216,-433,-541,-505,-355,-127,141,371,498,503,386,170,-79,-309,-467,-513,-430,-239,21,281,466,546,492,323,64,-215,-442,-571,-574,-434,-193,98,373,568,625,543,344,55,-253,-497,-623,-610,-457,-195,112,389,579,638,535,306,16,-285,-531,-646,-615,-438,-155,153,437,626,671,570,340,27,-293,-553,-684,-660,-498,-224,92,388,595,665,583,385,103,-204,-462,-610,-618,-500,-269,20,294,501,591,547,381,153,-94,-325,-479,-512,-431,-260,0,167,327,405,384,272,108,-78,-233,-315,-314,-230,-88,81,220,293,300,228,80,-92,-245,-337,-343,-260,-109,72,254,390,428,360,210,-1,-219,-402,-502,-475,-345,-140,116,364,536,593,505,305,44,-248,-500,-641,-645,-514,-261,56,369,616,725,672,481,183,-169,-493,-713,-786,-687,-439,-99,272,591,782,814,675,393,31,-340,-649,-829,-832,-658,-357,12,386,675,824,807,630,327,-39,-380,-635,-759,-728,-565,-287,52,366,596,703,669,503,254,-41,-318,-524,-620,-589,-450,-223,29,260,437,526,508,401,235,34,-170,-335,-433,-456,-406,-295,-153,-7,124,222,275,281,0,0,0,0,0,295,349,362,315,211,58,-128,-314,-459,-548,-555,-461,-276,-31,232,465,629,680,606,413,133,-174,-462,-672,-752,-681,-473,-167,179,496,710,784,703,468,126,-252,-580,-777,-814,-688,-409,-23,382,709,889,877,675,327,-105,-533,-851,-990,-925,-667,-254,228,673,964,1063,937,608,142,-352,-770,-1029,-1064,-875,-491,13,507,890,1079,1021,742,304,-199,-667,-982,-1068,-925,-575,-85,430,849,1076,1062,803,363,-157,-650,-1011,-1144,-1018,-670,-160,399,880,1161,1186,953,503,-69,-641,-1079,-1286,-1213,-868,-334,278,844,1240,1365,1194,764,168,-465,-1000,-1332,-1376,-1123,-637,0,631,1105,1341,0,957,418,-208,-783,-1183,-1315,-1166,-756,-172,450,963,1264,1273,996,498,-117,-706,-1139,-1316,-1197,-801,-219,414,953,1274,1319,1068,574,-47,-657,-1120,-1344,-1268,-907,-347,290,864,1251,1353,1150,701,96,-527,-1023,-1283,-1249,-954,-447,167,731,1123,1253,1093,689,131,-452,-916,-1157,-1139,-859,-378,185,702,1057,1164,1002,605,62,-494,-937,-1169,-1137,-842,-359,206,718,1069,1189,1036,651,131,-413,-866,-1131,-1137,-893,-462,65,573,957,1123,1029,712,258,-242,-675,-946,-1003,-832,-487,-50,383,719,877,824,597,246,-152,-500,-722,-770,-628,-346,7,347,597,706,634,410,88,-248,-521,-677,-673,-507,0,0
61820,mtk,MTK 7916,864816050,rx2-tx0,512,0,0,0,-789,-1062,-1099,-889,-466,82,619,1030,1213,1122,780,252,-341,-869,-1205,-1271,-1055,-606,-10,591,1058,1295,1230,884,344,-276,-837,-1203,-1301,-1105,-652,-53,554,1036,1277,1226,894,359,-262,-817,-1184,-1279,-1076,-624,-30,566,1031,1257,1197,852,311,-296,-837,-1178,-1243,-1028,-574,12,591,1029,1219,1124,774,249,-329,-826,-1126,-1154,-908,-452,107,632,997,1125,986,611,84,-457,-879,-1090,-1041,-741,-261,288,769,1071,1119,890,445,-102,-635,-1028,-1180,-1058,-683,-132,458,942,1213,1212,932,429,-180,-758,-1170,-1313,-1161,-744,-154,476,1003,1312,1324,1036,519,-116,-735,-1190,-1376,-1259,-860,-266,388,953,1293,0,1108,622,-1,-623,-1113,-1342,-1261,-899,-346,294,872,1243,1325,1115,652,39,-579,-1065,-1318,-1278,-942,-381,267,846,1241,1357,1172,728,108,-548,-1069,-1357,-1358,-1045,-490,170,792,1251,1425,1284,863,249,-417,-998,-1365,-1425,-1166,-649,0,647,1158,1413,1357,998,418,-241,-850,-1272,-1410,-1242,-804,-192,457,996,1312,1350,1090,591,-27,-640,-1111,-1331,-1274,-939,-406,213,787,1183,1328,1195,807,256,-326,-827,-1162,-1253,-1072,-683,-164,371,821,1094,1135,941,569,95,-379,-759,-977,-997,-819,-485,-69,338,666,852,868,716,438,90,-263,-548,-723,-762,-669,-471,-211,68,312,489,569,561,480,349,186,0,0,0,0,0,415,414,347,209,14,-216,-438,-604,-684,-660,-514,-261,56,377,651,819,834,690,404,23,-374,-705,-913,-944,-785,-458,-27,424,798,1029,1052,849,455,-38,-543,-951,-1169,-1143,-874,-412,145,686,1094,1282,1199,857,331,-275,-836,-1232,-1371,-1215,-806,-223,423,990,1340,1407,1178,695,56,-590,-1110,-1397,-1387,-1084,-550,115,737,1195,1394,1288,902,332,-302,-866,-1233,-1322,-1118,-670,-81,512,983,1222,1185,874,367,-200,-716,-1066,-1166,-996,-601,-75,466,891,1103,1052,754,294,-240,-728,-1042,-1102,-912,-503,28,557,960,1144,1059,733,230,-339,-833,-1144,-1198,-977,-536,41,612,1052,1260,1180,836,0,-308,-855,-1214,-1294,-1077,-613,-7,605,1081,1318,1251,901,344,-302,-879,-1256,-1362,-1154,-677,-42,611,1135,1398,1343,989,411,-274,-902,-1329,-1461,-1267,-784,-116,574,1133,1450,1438,1098,511,-186,-837,-1302,-1471,-1306,-850,-211,478,1048,1370,1386,1085,542,-117,-740,-1185,-1349,-1203,-786,-193,442,961,1251,1247,956,444,-165,-729,-1116,-1238,-1068,-654,-100,471,932,1174,1133,825,341,-216,-713,-1042,-1133,-955,-555,-35,480,873,1055,987,697,247,-253,-678,-929,-957,-760,-381,77,505,809,911,783,469,47,-385,-718,-874,-814,-552,-156,275,646,869,873,659,280,-165,-578,-862,-935,-783,-442,11,472,822,0,0,0,0,0,759,310,-226,-723,-1063,-1170,-1018,-623,-77,496,964,1226,1213,927,430,-175,-745,-1144,-1292,-1155,-748,-173,434,955,1263,1283,1009,503,-112,-698,-1125,-1303,-1180,-778,-204,409,935,1240,1258,991,493,-115,-697,-1109,-1266,-1137,-745,-173,438,941,1229,1224,939,444,-157,-722,-1111,-1241,-1080,-676,-130,451,929,1173,1138,839,349,-217,-726,-1056,-1136,-950,-526,14,540,935,1106,1015,675,167,-379,-830,-1083,-1077,-810,-345,201,709,1056,1149,971,564,14,-550,-996,-1210,-1138,-800,-275,325,862,1202,1272,1048,584,-18,-622,-1091,-1326,-1258,-900,-342,301,879,1265,1363,1153,690,75,-561,-1079,-1360,-1331,-995,-446,0,776,1213,1369,1209,778,175,-466,-1001,-1300,-1305,-1018,-501,130,731,1163,1334,1208,805,218,-418,-961,-1294,-1332,-1065,-551,82,702,1166,1376,1278,895,301,-360,-942,-1319,-1405,-1176,-683,-33,615,1131,1403,1365,1021,452,-222,-841,-1281,-1440,-1279,-837,-213,456,1019,1358,1399,1133,625,-20,-660,-1150,-1382,-1315,-968,-397,251,832,1231,1366,1195,774,192,-428,-958,-1282,-1317,-1073,-615,-26,570,1029,1267,1241,960,483,-74,-608,-1009,-1191,-1135,-845,-383,133,605,937,1072,995,720,310,-144,-560,-846,-946,-864,-620,-266,126,478,728,825,768,575,293,-22,-324,-554,-674,-682,-583,-401,-189,27,210,331,391,0,0,0,0,0,29,198,362,497,574,571,471,280,20,-264,-525,-712,-776,-697,-485,-179,182,524,782,899,840,603,237,-183,-580,-876,-1007,-930,-660,-244,239,693,1018,1136,1008,667,186,-350,-840,-1163,-1238,-1053,-646,-91,494,989,1286,1319,1065,575,-36,-644,-1129,-1384,-1337,-1003,-457,183,798,1254,1444,1314,904,304,-350,-928,-1310,-1418,-1214,-741,-117,517,1037,1327,1316,1029,520,-106,-695,-1117,-1282,-1158,-782,-242,345,845,1145,1185,951,501,-49,-578,-969,-1131,-1033,-689,-181,350,796,1059,1076,834,396,-137,-644,-1001,-1126,-985,-618,-99,454,906,1155,1139,858,376,-193,-732,-1115,-1250,-1096,-688,-128,469,969,0,1246,963,465,-155,-741,-1150,-1310,-1176,-769,-184,447,992,1306,1318,1031,507,-133,-753,-1213,-1398,-1263,-839,-221,455,1034,1382,1417,1141,604,-73,-740,-1246,-1473,-1368,-947,-316,385,1001,1394,1473,1218,695,23,-655,-1184,-1434,-1364,-991,-390,285,883,1282,1385,1161,674,43,-587,-1069,-1304,-1236,-880,-327,297,845,1184,1245,1015,549,-35,-601,-1028,-1211,-1108,-752,-222,350,833,1117,1133,891,451,-86,-595,-959,-1097,-982,-635,-148,358,775,1000,984,733,321,-156,-589,-873,-937,-778,-439,4,434,752,889,802,513,101,-331,-685,-869,-838,-598,-217,223,615,857,896,719,361,-98,-537,-849,-970,-859,-535,0,0
61821,mtk,MTK 7916,864816050,rx2-tx1,512,0,0,0,1165,994,590,46,-506,-960,-1205,-1172,-883,-403,170,707,1090,1234,1101,720,187,-379,-862,-1143,-1162,-922,-481,61,583,963,1120,1015,677,196,-318,-761,-1008,-1010,-781,-376,118,573,875,961,819,465,1,-459,-810,-963,-879,-577,-129,366,778,1002,990,737,298,-216,-691,-1022,-1111,-941,-542,-3,544,973,1178,1111,780,259,-325,-837,-1179,-1247,-1008,-533,68,664,1117,1325,1226,836,247,-415,-997,-1362,-1425,-1167,-639,40,720,1257,1523,1456,1076,446,-293,-966,-1430,-1578,-1385,-904,-206,524,1126,1498,1550,1260,695,-17,-715,-1249,-1506,-1446,-1079,-481,210,841,1277,1435,1281,863,276,-361,-900,-1219,-1264,0,-600,-53,476,881,1083,1029,743,311,-170,-600,-862,-908,-739,-411,1,399,692,805,717,460,101,-278,-586,-740,-703,-499,-166,212,534,723,733,543,217,-171,-528,-777,-841,-702,-372,62,503,849,1005,938,653,193,-326,-796,-1109,-1198,-1019,-596,-35,546,1021,1291,1297,1025,524,-101,-713,-1188,-1425,-1357,-998,-427,245,870,1310,1488,1373,968,362,-325,-943,-1364,-1504,-1353,-933,-320,341,918,1303,1424,1264,869,308,-287,-797,-1142,-1251,-1104,-742,-256,252,689,969,1037,905,609,198,-229,-586,-812,-870,-755,-499,-163,188,492,688,745,671,484,225,-54,-304,-492,-589,-580,-490,-347,-172,-8,128,0,0,0,0,0,-292,-176,-15,182,379,536,618,613,506,305,51,-222,-471,-636,-681,-605,-418,-147,156,435,633,698,620,415,117,-208,-488,-669,-712,-609,-363,-33,311,597,762,754,583,288,-79,-442,-717,-838,-784,-560,-211,194,571,830,907,791,503,100,-327,-685,-901,-936,-759,-419,11,446,792,944,891,645,263,-184,-588,-867,-947,-824,-517,-102,331,698,902,899,694,339,-83,-481,-773,-889,-803,-537,-149,270,622,832,849,668,330,-78,-466,-758,-880,-794,-522,-131,289,654,862,874,701,369,-52,-464,-774,-902,-828,-570,-184,237,614,845,882,716,391,-19,-435,-753,-879,-818,-577,-192,233,0,833,878,734,411,-8,-414,-728,-881,-835,-592,-215,208,577,810,847,683,370,-30,-420,-704,-824,-751,-492,-109,306,643,834,836,631,265,-163,-559,-833,-923,-795,-476,-39,409,767,950,929,688,284,-183,-611,-891,-970,-819,-479,-36,422,786,957,904,637,217,-250,-659,-915,-952,-763,-402,65,525,851,978,872,558,115,-366,-776,-1007,-996,-749,-325,175,647,976,1076,921,558,64,-459,-882,-1100,-1078,-807,-349,192,698,1046,1159,1012,636,113,-435,-878,-1128,-1123,-860,-405,139,638,989,1117,986,626,129,-390,-821,-1062,-1041,-783,-354,154,638,971,1071,921,551,53,-458,-872,-1087,-1060,0,0,0,0,0,114,641,1034,1197,1093,740,221,-346,-840,-1161,-1229,-1016,-569,-4,552,982,1195,1148,844,352,-211,-718,-1057,-1153,-984,-595,-76,449,857,1061,1013,731,288,-208,-646,-929,-986,-796,-421,49,499,832,962,841,514,60,-417,-794,-978,-923,-650,-204,300,747,1030,1062,838,419,-117,-637,-1006,-1147,-1024,-652,-130,435,921,1194,1184,895,392,-201,-759,-1160,-1297,-1127,-688,-79,561,1082,1358,1333,1000,438,-238,-885,-1335,-1494,-1322,-852,-197,519,1134,1501,1545,1244,661,-51,-748,-1295,-1567,-1494,-1095,-456,275,937,1394,1551,1378,909,240,-470,-1068,-1424,-1473,-1205,-689,-37,606,1107,1357,1314,984,459,-137,0,-1045,-1189,-1064,-704,-210,300,723,965,973,759,382,-71,-485,-765,-852,-739,-443,-54,336,635,767,710,478,132,-240,-551,-723,-711,-514,-183,190,524,737,769,601,281,-130,-533,-826,-929,-815,-499,-50,438,840,1076,1074,822,386,-159,-697,-1104,-1278,-1182,-825,-280,340,898,1272,1380,1197,759,155,-495,-1057,-1402,-1452,-1197,-697,-46,620,1160,1464,1475,1182,647,-13,-662,-1174,-1454,-1437,-1138,-627,-3,613,1083,1325,1296,1015,562,13,-526,-936,-1141,-1110,-860,-461,3,455,791,953,911,693,365,-24,-394,-661,-791,-770,-604,-333,-14,294,527,659,678,583,402,177,-55,-250,-381,-442,-435,-367,0,0,0,0,0,-343,-459,-526,-527,-444,-287,-72,171,401,578,661,631,488,249,-32,-311,-545,-676,-672,-534,-286,22,325,563,689,671,514,240,-93,-406,-639,-746,-688,-478,-159,198,529,748,810,700,436,63,-330,-661,-857,-868,-696,-372,38,446,767,927,875,640,265,-178,-581,-857,-958,-844,-540,-122,328,702,915,937,754,398,-29,-457,-794,-947,-884,-629,-231,208,586,841,902,760,448,38,-379,-706,-870,-832,-600,-239,183,562,804,861,719,412,15,-398,-725,-876,-828,-607,-242,186,569,833,909,774,468,64,-358,-703,-891,-866,-645,-293,128,523,800,892,772,482,92,-327,-669,-855,-853,0,-304,120,515,791,882,778,502,109,-310,-655,-844,-838,-644,-298,117,498,760,830,717,437,36,-368,-670,-823,-783,-553,-173,250,610,837,883,714,363,-72,-490,-805,-940,-859,-580,-165,297,687,930,957,766,385,-83,-520,-843,-977,-873,-565,-134,326,712,934,927,699,312,-152,-588,-888,-974,-827,-474,-8,458,829,1007,947,662,219,-278,-716,-994,-1037,-837,-449,60,565,933,1090,1005,685,197,-342,-807,-1083,-1121,-921,-502,39,572,975,1154,1073,754,274,-275,-764,-1071,-1133,-937,-535,-11,510,909,1095,1019,707,245,-279,-740,-1022,-1066,-861,-458,55,557,934,1094,993,664,184,-347,0,0
61822,mtk,MTK 7916,864856281,rx0-tx0,512,-330,-807,-718,-908,-838,-729,-556,-339,-99,135,363,565,728,837,888,881,821,692,523,319,86,-146,-368,-562,-726,-840,-898,-895,-830,-714,-532,-329,-94,157,388,591,762,874,928,924,845,704,521,299,39,-213,-442,-643,-796,-898,-931,-905,-809,-656,-464,-239,-8,220,446,635,768,856,880,842,754,614,434,233,9,-208,-406,-587,-737,-818,-852,-828,-744,-618,-442,-229,-8,206,419,595,728,802,818,782,686,543,368,166,-43,-241,-418,-574,-679,-721,-724,-676,-583,-461,-306,-128,46,213,361,483,566,610,624,591,511,408,292,149,4,-142,-279,-395,-479,-537,-552,-546,-502,-423,-319,-203,-26,80,217,350,453,527,574,579,545,476,372,235,81,-76,-233,-368,-489,-584,-625,-624,-586,-500,-375,-229,-61,110,283,435,550,632,671,642,583,484,337,166,-14,-189,-354,-497,-598,-655,-669,-642,-564,-434,-273,-110,80,259,414,555,656,696,688,632,522,377,201,-5,-204,-382,-537,-652,-701,-700,-639,-526,-370,-183,8,205,379,515,594,623,607,532,414,268,109,-34,-173,-293,-381,-428,-445,-417,-366,-293,-213,-115,-19,76,157,215,266,294,299,281,250,202,145,84,14,-56,-116,-171,-218,-242,-250,-235,-209,-155,-91,-11,69,139,198,231,237,213,157,81,-1,-76,-725,-815,510,-231,-489,-114,-157,-180,-178,-149,-96,-27,36,105,161,199,225,226,203,170,129,75,5,-59,-117,-184,-236,-273,-296,-293,-269,-222,-164,-82,23,135,237,335,406,454,480,454,391,291,148,-6,-174,-339,-483,-596,-661,-674,-630,-526,-376,-185,33,249,460,646,763,830,832,765,628,431,189,-62,-313,-541,-736,-872,-937,-919,-837,-684,-468,-229,30,304,549,735,872,946,938,860,716,525,285,33,-229,-470,-674,-816,-911,-937,-892,-779,-618,-408,-161,94,333,560,731,867,922,912,840,711,524,299,55,-203,-436,-636,-780,-890,-927,-891,-799,-640,-432,-202,37,277,502,688,821,888,301,841,735,573,363,135,-101,-332,-536,-703,-822,-888,-900,-852,-739,-570,-366,-121,121,360,584,765,894,959,954,881,751,564,322,66,-192,-432,-638,-808,-919,-952,-936,-853,-713,-531,-306,-56,184,420,641,806,927,986,972,895,760,566,337,78,-193,-448,-673,-861,-990,-1053,-1034,-944,-787,-568,-330,-46,243,518,747,922,1036,1078,1046,931,746,519,243,-42,-313,-572,-779,-936,-1028,-1035,-982,-857,-666,-442,-186,78,329,560,751,887,962,972,914,795,618,409,172,-82,-331,-556,-727,-857,-926,-933,-878,-757,-585,-379,-147,92,329,542,719,837,897,903,852,736,572,362,129,-109,557,315,-82,226,426,120,345,549,729,848,903,893,826,703,526,315,87,-139,-364,-568,-723,-837,-892,-886,-818,-693,-527,-313,-91,145,370,575,741,848,915,908,834,710,535,312,78,-175,-417,-618,-779,-898,-946,-917,-829,-681,-488,-260,-19,223,457,650,797,878,896,868,780,625,439,229,-4,-229,-437,-612,-739,-824,-853,-826,-744,-628,-443,-234,-21,203,405,590,732,820,845,820,732,587,411,204,-13,-234,-429,-587,-701,-769,-778,-730,-640,-505,-319,-136,53,238,403,531,622,665,668,628,545,421,273,130,-20,-176,-318,-423,-511,-563,-576,-562,-504,-419,-306,-175,-35,107,249,367,460,524,628,563,528,451,342,218,79,-74,-217,-352,-464,-549,-595,-601,-562,-486,-389,-244,-82,84,245,403,521,607,645,648,598,492,355,203,21,-156,-313,-461,-584,-651,-672,-646,-571,-447,-300,-133,35,211,385,532,623,675,687,640,555,427,251,62,-126,-310,-477,-605,-694,-720,-684,-603,-472,-298,-101,97,299,470,600,664,681,640,548,404,234,61,-115,-275,-401,-496,-536,-532,-483,-400,-290,-170,-44,78,176,257,315,353,356,343,294,238,169,91,11,-59,-126,-184,-226,-251,-264,-251,-222,-181,-123,-62,7,71,144,198,235,253,242,206,148,70,-11,-94,-162,-200,-203,-166,-416,-212,-82,-997,-906,-107,-63,3,73,135,186,208,211,194,150,97,34,-40,-99,-149,-195,-235,-251,-240,-225,-194,-138,-74,-1,81,163,237,305,356,386,378,338,271,170,61,-75,-218,-343,-456,-536,-571,-571,-509,-405,-251,-71,120,315,486,631,732,770,736,653,497,298,78,-166,-401,-611,-775,-870,-893,-848,-736,-560,-329,-68,190,435,660,825,916,951,904,776,592,374,123,-142,-389,-610,-788,-902,-943,-916,-819,-656,-449,-220,38,291,512,696,837,917,925,868,739,566,348,96,-153,-388,-598,-768,-874,-928,-912,-826,-672,-477,-256,2,244,478,674,819,896,917,868,758,591,387,154,-176,-318,-519,-699,-815,-880,-884,-835,-728,-566,-361,-140,96,333,555,730,861,934,931,873,750,571,353,102,-158,-402,-615,-800,-918,-969,-953,-867,-725,-538,-299,-58,192,436,642,809,923,974,950,883,739,547,324,72,-186,-432,-656,-837,-959,-1024,-1008,-922,-773,-580,-334,-66,215,478,718,892,1016,1076,1054,951,774,556,291,9,-287,-553,-775,-939,-1044,-1057,-1013,-894,-706,-479,-204,65,324,570,769,911,995,998,942,819,644,421,176,-80,-328,-551,-736,-865,-944,-951,-897,-770,-603,-400,-161,87,330,543,709,833,898,913,861,748,581,370,145,-89,-325,-542,-713,-837,-900,-904,-846,-971
61823,mtk,MTK 7916,864856281,rx0-tx1,512,-686,517,254,-471,-304,-113,89,278,447,580,666,709,709,645,540,398,235,62,-119,-296,-438,-555,-630,-663,-653,-606,-516,-399,-247,-90,73,240,382,508,599,648,652,622,550,444,305,149,-20,-189,-356,-490,-601,-677,-707,-692,-625,-517,-372,-202,-13,180,363,531,665,748,783,761,689,550,382,188,-20,-227,-428,-598,-725,-794,-815,-774,-679,-538,-354,-144,77,291,477,626,739,790,794,740,635,479,294,89,-121,-313,-483,-617,-701,-747,-740,-682,-578,-429,-255,-72,119,308,462,589,676,713,701,639,537,404,240,59,-128,-303,-456,-568,-649,-692,-674,-613,-518,-381,-220,-35,148,316,-38,600,674,700,680,601,488,347,166,-25,-207,-380,-519,-628,-694,-700,-662,-576,-436,-273,-89,103,289,448,580,673,708,688,621,508,357,174,-21,-205,-383,-522,-622,-677,-669,-628,-533,-391,-232,-59,121,292,437,541,603,622,582,521,415,284,127,-33,-181,-321,-434,-509,-547,-540,-500,-425,-317,-195,-60,85,211,325,408,463,501,492,435,359,259,132,-4,-139,-268,-365,-424,-457,-453,-418,-342,-242,-130,-7,111,223,308,369,399,394,364,298,213,109,11,-102,-198,-275,-324,-341,-332,-290,-228,-147,-48,54,151,232,287,306,296,249,166,64,-40,-133,-198,-223,-209,-165,1001,906,0,641,422,-103,-42,40,126,193,236,248,220,167,98,11,-75,-157,-215,-250,-269,-250,-215,-162,-90,-11,70,147,205,249,264,254,227,181,122,53,-20,-85,-142,-185,-211,-224,-207,-167,-134,-96,-47,-9,24,64,99,120,131,143,143,149,147,123,110,83,54,11,-35,-76,-131,-168,-191,-211,-212,-201,-172,-132,-70,-14,48,107,150,183,214,230,229,217,189,150,100,48,-15,-83,-136,-190,-238,-270,-281,-285,-268,-215,-154,-79,12,99,187,263,322,351,368,355,302,234,148,47,-58,-167,-256,-336,-387,-409,-399,-367,-311,-232,-131,-26,84,188,289,367,413,439,429,389,-48,244,136,22,-102,-228,-333,-419,-475,-497,-486,-445,-365,-253,-135,4,151,285,411,505,555,567,543,472,362,241,84,-77,-223,-358,-475,-545,-585,-581,-542,-460,-345,-210,-58,90,236,371,481,560,599,599,563,489,384,246,98,-67,-228,-378,-502,-593,-638,-652,-622,-543,-431,-285,-112,67,239,396,535,645,706,706,671,587,458,292,106,-95,-290,-453,-597,-709,-757,-762,-698,-578,-435,-253,-55,151,343,509,645,727,754,740,669,550,392,216,19,-180,-363,-514,-635,-714,-742,-716,-645,-526,-371,-188,6,197,383,533,651,728,751,719,630,498,337,147,-44,-241,-423,-570,321,587,9,-923,-1043,574,676,730,731,676,573,431,260,85,-111,-295,-452,-573,-648,-684,-680,-624,-524,-395,-237,-63,107,274,410,521,604,642,651,608,521,413,268,113,-49,-208,-360,-492,-591,-650,-673,-654,-590,-479,-345,-178,-1,181,357,509,630,709,745,722,659,546,389,201,0,-201,-397,-573,-699,-784,-808,-779,-691,-554,-371,-170,46,264,454,617,733,798,809,760,655,506,319,110,-96,-299,-481,-630,-728,-777,-767,-703,-595,-443,-270,-76,121,306,473,609,689,726,714,652,542,407,240,58,-126,-300,-451,-574,-660,-694,-687,-627,-521,-381,-225,-47,138,301,453,575,657,692,673,612,634,368,193,14,-176,-347,-487,-609,-684,-701,-672,-599,-476,-320,-128,60,236,411,555,654,711,704,644,535,400,227,32,-155,-337,-493,-611,-682,-694,-665,-587,-454,-299,-111,72,247,413,540,619,655,642,580,474,333,179,3,-166,-314,-444,-529,-580,-577,-540,-471,-358,-227,-81,61,198,323,424,489,524,516,470,392,286,172,43,-108,-233,-336,-416,-471,-480,-459,-401,-306,-196,-68,64,186,296,368,417,428,408,354,276,176,64,-48,-157,-250,-321,-361,-375,-359,-303,-228,-130,-29,71,167,242,302,326,321,282,216,127,25,-76,-172,-243,-275,-267,-226,-148,-58,34,108,-236,-506,0,290,564,150,192,207,185,133,59,-32,-120,-189,-240,-262,-252,-214,-152,-82,0,85,155,213,250,262,257,226,170,99,19,-51,-116,-176,-219,-241,-241,-220,-188,-136,-78,-15,49,94,129,163,179,171,166,152,126,92,65,39,6,-19,-62,-90,-115,-141,-160,-175,-170,-170,-154,-113,-73,-17,39,94,142,188,218,229,228,204,166,126,77,18,-40,-98,-147,-186,-218,-237,-250,-239,-217,-186,-135,-62,4,73,153,226,276,319,333,327,298,242,158,65,-29,-135,-227,-299,-355,-382,-386,-356,-305,-233,-137,-32,78,179,267,347,397,421,417,386,328,235,131,15,-104,-213,-1135,-394,-444,-462,-454,-412,-339,-249,-136,-7,121,251,368,456,510,542,520,469,383,259,113,-38,-190,-338,-444,-530,-582,-579,-540,-469,-357,-215,-67,88,232,363,474,555,595,588,550,477,371,237,80,-76,-236,-373,-489,-572,-618,-628,-590,-518,-405,-261,-101,67,233,385,512,612,668,680,645,574,457,303,113,-78,-259,-429,-572,-669,-728,-737,-688,-594,-462,-281,-84,114,320,488,622,721,762,752,687,572,415,222,31,-169,-362,-525,-643,-717,-748,-723,-648,-525,-376,-198,-6,184,365,521,639,714,733,712,637,513,360,171,-27,-225,-407,-551,-665,-725,-741,-708,-613,-474,-633,-394
61824,mtk,MTK 7916,864856281,rx1-tx0,512,0,146,-155,238,340,431,492,511,510,471,394,298,178,37,-111,-248,-378,-487,-559,-603,-610,-570,-487,-363,-220,-48,131,315,479,601,698,739,726,655,537,378,183,-24,-228,-435,-602,-723,-806,-820,-768,-669,-510,-305,-91,126,341,536,691,784,828,805,726,602,428,235,28,-179,-370,-539,-670,-752,-783,-757,-687,-574,-420,-242,-39,163,350,516,652,746,785,772,706,590,430,253,44,-175,-373,-539,-673,-763,-800,-777,-700,-585,-416,-212,9,231,419,591,717,798,815,760,651,498,320,117,-102,-303,-483,-628,-719,-756,-743,-673,-553,-407,-215,-17,170,338,480,588,661,669,633,556,-277,299,143,-25,-178,-314,-427,-511,-558,-556,-532,-469,-378,-259,-138,-12,115,245,350,429,486,513,506,471,398,302,184,52,-74,-208,-316,-402,-472,-518,-532,-496,-429,-343,-245,-104,34,168,303,420,503,561,596,584,527,427,299,155,-27,-196,-368,-517,-623,-701,-738,-692,-598,-455,-266,-60,153,384,573,720,804,829,778,660,487,262,25,-216,-448,-617,-739,-811,-795,-716,-578,-382,-178,46,249,416,563,649,675,638,565,446,288,122,-48,-204,-346,-451,-513,-532,-512,-443,-340,-218,-78,59,187,300,378,428,434,397,331,233,106,-32,-161,-264,-333,-355,-324,-248,-138,-26,533,533,0,-765,-660,47,62,81,82,80,68,42,8,-24,-56,-85,-104,-114,-111,-100,-81,-54,-19,14,48,83,102,118,128,134,118,96,75,43,16,-13,-57,-93,-116,-142,-153,-161,-163,-153,-126,-92,-55,4,54,114,170,215,249,277,279,260,216,142,45,-48,-148,-255,-340,-417,-446,-427,-379,-292,-182,-50,104,244,368,469,522,532,495,427,316,166,5,-158,-314,-437,-518,-568,-564,-509,-410,-281,-131,28,181,316,425,501,538,521,465,381,263,131,-9,-138,-249,-338,-403,-434,-427,-389,-335,-262,-170,-85,7,99,181,259,312,355,373,354,342,301,229,147,51,-58,-148,-228,489,-379,-416,-424,-404,-354,-278,-178,-65,53,185,289,373,441,478,481,436,368,278,163,34,-101,-228,-335,-419,-479,-501,-496,-443,-360,-255,-132,-4,127,258,358,439,487,507,488,433,348,243,125,-10,-132,-248,-344,-428,-473,-494,-478,-426,-360,-252,-140,-31,92,201,303,388,448,478,491,466,409,324,231,109,-24,-163,-287,-401,-493,-552,-573,-559,-501,-402,-266,-118,51,228,374,497,586,624,633,580,478,348,187,14,-155,-309,-442,-534,-579,-593,-565,-494,-382,-259,-118,30,163,292,388,456,496,499,480,425,344,249,136,19,-103,-210,-300,-385,-434,-450,-457,-430,-371,-40,-400,0,568,579,421,352,261,138,15,-107,-237,-357,-452,-523,-556,-553,-519,-452,-339,-206,-56,105,270,414,535,618,666,670,624,519,386,220,23,-182,-374,-539,-675,-758,-778,-758,-677,-536,-361,-153,78,296,490,661,771,821,820,757,639,472,275,62,-165,-369,-549,-688,-768,-805,-775,-696,-569,-410,-222,-25,179,360,524,654,741,779,755,689,583,439,254,52,-158,-353,-528,-658,-749,-804,-789,-712,-589,-427,-229,-18,199,388,558,698,779,811,777,692,559,378,175,-48,-265,-451,-607,-716,-783,-779,-717,-612,-458,-269,-66,138,332,493,617,701,717,683,604,487,341,169,-18,-181,-335,315,-544,-602,-609,-572,-502,-398,-275,-125,17,151,278,384,466,508,526,509,465,377,280,169,43,-88,-212,-325,-412,-484,-512,-516,-481,-411,-323,-211,-90,48,185,304,402,483,537,542,531,481,391,272,141,-12,-172,-320,-450,-545,-624,-656,-640,-578,-459,-303,-132,74,279,457,613,725,771,776,708,570,386,168,-68,-310,-519,-691,-792,-829,-809,-706,-534,-339,-108,133,349,540,667,733,744,676,571,427,248,53,-137,-304,-452,-548,-598,-596,-543,-455,-326,-181,-28,125,262,367,441,475,464,423,342,240,120,-19,-147,-259,-349,-402,-407,-358,-276,-163,-32,94,199,257,266,-127,155,0,-21,-396,48,42,15,-17,-42,-73,-95,-104,-99,-88,-67,-41,-4,30,60,88,107,122,123,122,100,75,46,15,-23,-63,-88,-113,-130,-133,-137,-137,-116,-98,-64,-29,9,49,90,133,156,196,206,205,193,163,121,62,-7,-88,-160,-238,-305,-345,-361,-350,-303,-221,-121,16,137,262,366,446,492,496,443,363,241,93,-70,-220,-352,-468,-530,-552,-537,-475,-363,-231,-75,91,251,390,494,553,560,518,448,339,206,53,-98,-234,-348,-437,-482,-494,-463,-399,-307,-202,-86,31,135,223,299,346,366,374,355,326,269,195,116,17,-64,-141,-233,-301,-346,-387,-388,-363,-324,-571,-172,-67,46,157,260,348,416,452,459,431,362,282,172,49,-86,-208,-311,-399,-467,-498,-491,-443,-362,-266,-147,-19,113,243,345,429,483,500,491,443,357,247,121,-7,-143,-263,-367,-436,-489,-498,-479,-422,-350,-250,-137,-19,114,224,324,406,448,476,473,437,382,296,185,73,-49,-173,-290,-378,-453,-506,-524,-507,-457,-379,-266,-126,27,176,323,453,548,601,616,575,493,386,232,73,-101,-276,-417,-531,-599,-626,-603,-544,-438,-297,-144,9,167,312,423,497,540,541,513,449,354,245,117,-13,-135,-250,-338,-413,-460,-480,-461,-411,-350,-265,-158,-50,55,167,260,734,622
61825,mtk,MTK 7916,864856281,rx1-tx1,512,0,0,0,-634,-434,-123,226,518,675,658,474,172,-174,-476,-648,-655,-494,-210,123,415,590,612,471,206,-99,-364,-527,-549,-418,-174,103,342,480,485,355,127,-128,-344,-461,-442,-299,-74,166,354,454,420,251,18,-220,-401,-471,-407,-224,31,281,449,498,404,204,-55,-311,-488,-521,-415,-205,65,326,497,537,434,209,-66,-328,-503,-540,-425,-196,84,347,512,544,431,194,-98,-360,-528,-556,-433,-190,104,374,554,587,457,208,-92,-373,-558,-595,-482,-251,52,342,535,583,491,274,-7,-290,-496,-564,-490,-292,-24,244,451,537,479,302,55,-199,-396,-487,-449,-298,-83,145,330,0,384,258,69,-120,-262,-326,-296,-180,-23,138,255,292,230,104,-53,-202,-291,-286,-200,-52,118,263,330,306,193,23,-174,-328,-393,-349,-223,-19,206,374,448,409,258,27,-224,-423,-520,-478,-312,-62,214,446,570,537,370,114,-188,-459,-613,-611,-453,-169,159,448,634,668,528,254,-90,-416,-644,-716,-616,-363,-15,340,608,735,690,472,138,-227,-543,-720,-725,-561,-266,90,413,637,713,611,368,47,-277,-533,-661,-629,-454,-179,130,396,560,589,484,275,5,-260,-450,-527,-483,-337,-124,108,313,440,465,391,236,40,-151,-302,-388,-399,-333,-216,-75,63,171,232,251,0,0,0,0,0,162,264,331,352,312,199,31,-156,-340,-469,-505,-449,-298,-66,190,415,562,595,493,278,-4,-296,-534,-652,-620,-444,-155,168,457,647,681,550,281,-65,-397,-633,-716,-623,-369,-13,358,645,779,723,472,92,-312,-645,-838,-822,-592,-203,245,635,879,916,722,343,-131,-581,-879,-964,-812,-454,20,494,846,976,860,528,61,-425,-798,-966,-891,-586,-123,372,765,958,911,624,159,-344,-748,-971,-940,-658,-202,311,756,1007,992,716,254,-284,-764,-1046,-1059,-802,-333,237,753,1087,1144,909,438,-153,-711,-1089,-1202,-1025,-587,13,615,1058,1236,1109,712,133,-484,-982,-1223,-1143,-775,0,385,890,1169,1157,844,314,-296,-825,-1126,-1134,-853,-345,250,778,1107,1141,870,372,-225,-765,-1110,-1163,-917,-431,176,745,1119,1194,960,488,-112,-691,-1093,-1210,-1013,-557,42,630,1056,1198,1034,601,12,-570,-1003,-1175,-1032,-622,-64,506,943,1117,986,609,83,-461,-880,-1059,-955,-590,-63,476,889,1050,923,560,48,-488,-900,-1068,-955,-584,-63,469,887,1070,976,635,127,-414,-850,-1068,-1000,-675,-187,346,791,1019,975,696,244,-269,-696,-940,-942,-701,-290,173,583,834,857,653,299,-120,-500,-728,-757,-583,-258,120,451,653,672,502,194,-156,-452,-621,-617,-446,-150,188,474,633,618,0,0,0,0,0,-228,-517,-673,-648,-455,-148,207,504,666,659,483,186,-147,-440,-622,-634,-483,-214,102,382,554,575,442,204,-89,-350,-506,-516,-388,-153,115,342,473,468,328,96,-158,-355,-453,-423,-274,-49,188,382,462,406,237,-2,-239,-416,-480,-404,-205,44,284,458,509,411,191,-72,-318,-492,-534,-432,-212,70,326,502,539,427,208,-74,-335,-508,-535,-420,-198,85,347,512,538,420,185,-105,-374,-543,-571,-448,-198,107,381,554,585,469,241,-64,-361,-551,-599,-494,-267,27,316,514,574,489,285,4,-274,-476,-556,-490,-302,-40,225,422,506,466,312,86,-159,-355,-448,-424,-293,0,117,289,372,342,222,53,-114,-246,-307,-267,-142,20,168,261,271,205,78,-85,-225,-298,-287,-193,-31,145,290,363,328,198,15,-189,-356,-426,-380,-228,-12,214,398,490,446,276,38,-222,-438,-543,-516,-348,-91,205,454,593,585,419,139,-173,-451,-629,-644,-490,-218,109,429,644,696,573,301,-45,-374,-623,-734,-652,-409,-66,287,570,730,715,520,206,-161,-489,-689,-724,-596,-321,22,348,589,683,616,413,114,-209,-473,-611,-609,-468,-228,60,325,506,558,483,310,74,-175,-382,-489,-480,-369,-186,33,238,382,439,410,303,136,-44,-194,-300,-342,-324,-259,-164,-53,0,0,0,0,0,-223,-157,-53,87,237,360,435,433,342,174,-42,-269,-456,-553,-531,-399,-181,94,364,557,630,564,366,79,-230,-488,-644,-657,-509,-229,110,423,637,704,600,338,-15,-370,-644,-754,-668,-405,-40,336,649,808,769,534,155,-273,-645,-867,-874,-664,-279,186,608,888,949,767,398,-71,-538,-866,-972,-836,-494,-26,447,811,968,880,561,93,-397,-780,-963,-899,-602,-145,355,755,964,927,640,185,-326,-763,-996,-965,-685,-225,299,755,1020,1022,760,294,-263,-761,-1064,-1095,-848,-381,194,731,1090,1186,978,510,-91,-670,-1087,-1235,-1080,-649,-56,557,1021,1233,1138,753,181,-421,-917,0,-1159,-816,-272,340,862,1150,1136,836,323,-277,-808,-1122,-1135,-856,-355,236,774,1112,1151,885,399,-194,-754,-1109,-1168,-927,-447,150,714,1107,1201,983,517,-85,-666,-1080,-1220,-1032,-578,14,601,1024,1179,1035,626,51,-531,-960,-1132,-1017,-628,-81,477,908,1085,961,595,71,-482,-888,-1050,-933,-577,-58,485,892,1048,931,570,45,-490,-892,-1065,-965,-608,-89,451,869,1064,984,652,149,-399,-835,-1049,-995,-697,-218,309,743,977,964,705,275,-220,-649,-895,-896,-673,-292,149,540,779,805,620,278,-122,-478,-691,-709,-542,-230,134,447,639,648,474,177,-166,-462,-618,-609,-438,-139,206,0,0
61826,mtk,MTK 7916,864856281,rx2-tx0,512,0,0,0,-915,-492,70,634,1048,1187,1013,569,-40,-652,-1095,-1258,-1100,-654,-31,608,1098,1304,1165,722,87,-573,-1081,-1308,-1193,-761,-122,544,1059,1302,1202,781,156,-512,-1043,-1291,-1198,-790,-170,495,1024,1275,1185,774,158,-496,-1014,-1261,-1172,-766,-154,498,1010,1249,1156,754,147,-491,-991,-1220,-1124,-728,-133,489,962,1175,1068,664,88,-505,-954,-1135,-996,-586,-25,546,966,1114,949,513,-62,-617,-1001,-1112,-907,-453,130,688,1060,1142,906,413,-194,-758,-1132,-1194,-934,-423,221,811,1187,1255,989,452,-211,-832,-1239,-1322,-1055,-502,179,814,1249,1360,1112,580,-105,-772,-1242,-1393,-1174,-649,42,720,1204,0,1201,703,21,-658,-1160,-1357,-1203,-734,-74,603,1117,1338,1209,760,118,-561,-1099,-1344,-1229,-801,-160,529,1079,1347,1264,840,197,-501,-1072,-1366,-1311,-916,-278,435,1041,1378,1354,983,367,-349,-996,-1380,-1393,-1054,-452,266,924,1346,1413,1120,542,-170,-845,-1301,-1418,-1170,-634,60,742,1232,1400,1210,717,45,-639,-1152,-1364,-1228,-786,-150,522,1058,1323,1258,880,285,-379,-936,-1258,-1281,-985,-447,196,772,1143,1237,1038,593,17,-551,-971,-1146,-1046,-709,-216,320,761,999,998,770,376,-90,-523,-815,-903,-791,-508,-117,288,606,773,777,620,339,2,-315,-551,-666,-648,-516,-309,-75,139,293,374,0,0,0,0,0,-195,-35,153,356,523,607,586,449,199,-116,-422,-661,-778,-730,-519,-175,217,580,826,889,749,421,-14,-460,-822,-997,-927,-639,-191,323,775,1055,1084,837,382,-180,-713,-1087,-1205,-1026,-587,2,612,1090,1294,1184,790,194,-474,-1031,-1334,-1309,-950,-367,319,951,1342,1398,1108,529,-175,-832,-1294,-1432,-1207,-689,-2,687,1192,1397,1250,789,127,-554,-1082,-1332,-1237,-831,-216,439,973,1252,1193,821,254,-364,-888,-1170,-1134,-796,-251,346,840,1111,1077,751,224,-358,-843,-1099,-1056,-715,-181,395,872,1116,1053,703,160,-437,-922,-1164,-1099,-741,-174,444,950,1217,1165,810,235,-418,-963,-1251,-1217,0,-266,396,953,1274,1265,918,322,-370,-960,-1294,-1294,-953,-355,340,957,1324,1342,996,379,-335,-973,-1363,-1392,-1054,-434,304,965,1379,1437,1126,516,-246,-941,-1389,-1478,-1183,-577,182,892,1363,1483,1216,628,-116,-825,-1313,-1455,-1212,-658,63,762,1247,1392,1170,642,-48,-714,-1184,-1333,-1114,-599,63,707,1152,1269,1054,562,-83,-697,-1114,-1228,-1013,-528,94,682,1078,1180,968,496,-105,-665,-1041,-1136,-915,-458,109,638,988,1056,840,403,-133,-619,-926,-977,-760,-331,176,616,876,896,662,238,-245,-651,-873,-848,-580,-150,325,709,891,821,516,64,-410,-778,-935,-828,-487,-3,490,855,992,857,0,0,0,0,0,-606,-1000,-1138,-968,-535,56,645,1074,1228,1056,604,-9,-633,-1098,-1282,-1134,-685,-53,595,1089,1304,1182,749,118,-547,-1069,-1308,-1197,-771,-143,522,1050,1299,1203,785,160,-506,-1030,-1280,-1189,-785,-168,492,1019,1275,1183,773,160,-489,-1010,-1259,-1165,-758,-155,487,996,1233,1135,732,141,-488,-979,-1198,-1094,-697,-111,497,960,1151,1025,628,63,-519,-957,-1119,-967,-553,17,577,974,1105,924,481,-94,-646,-1027,-1123,-908,-432,167,728,1095,1170,925,417,-209,-787,-1161,-1223,-955,-435,212,818,1214,1286,1016,476,-200,-832,-1246,-1342,-1090,-547,141,795,1251,1375,1138,621,-59,-742,-1230,-1391,-1191,-682,0,681,1178,1370,1206,728,65,-621,-1142,-1356,-1214,-753,-99,573,1098,1334,1218,778,134,-549,-1093,-1344,-1240,-817,-172,524,1084,1358,1289,886,240,-472,-1057,-1371,-1333,-950,-320,399,1017,1373,1373,1018,403,-323,-970,-1363,-1402,-1081,-495,223,889,1326,1413,1144,591,-113,-787,-1254,-1404,-1193,-677,7,688,1187,1379,1222,750,97,-574,-1100,-1345,-1248,-838,-216,452,1004,1304,1276,934,369,-278,-852,-1212,-1267,-1011,-524,79,656,1058,1201,1051,654,115,-434,-868,-1079,-1029,-746,-300,202,636,907,962,792,444,11,-406,-714,-855,-799,-566,-221,149,468,682,749,653,438,164,-122,-361,-509,-556,-508,-387,-219,0,0,0,0,0,-364,-459,-479,-409,-251,-17,254,496,659,705,607,374,43,-316,-622,-807,-818,-636,-305,110,520,828,945,841,537,89,-396,-802,-1027,-1011,-741,-285,245,742,1075,1140,932,488,-90,-664,-1090,-1253,-1102,-692,-100,537,1058,1320,1255,879,271,-416,-1005,-1349,-1363,-1040,-452,252,900,1329,1428,1170,618,-83,-763,-1250,-1427,-1251,-751,-70,612,1141,1378,1252,805,183,-488,-1033,-1294,-1217,-823,-231,411,936,1209,1162,816,260,-355,-868,-1140,-1101,-767,-234,352,833,1092,1053,725,202,-373,-846,-1092,-1040,-699,-163,421,894,1140,1073,712,162,-443,-943,-1195,-1129,-762,-195,435,956,1232,1184,827,252,-405,0,-1271,-1236,-878,-289,384,961,1287,1279,932,332,-358,-958,-1308,-1311,-968,-369,339,970,1349,1371,1029,412,-323,-972,-1368,-1416,-1089,-469,273,952,1386,1458,1153,544,-211,-913,-1375,-1481,-1201,-606,149,861,1346,1475,1216,644,-85,-786,-1271,-1425,-1198,-652,56,739,1216,1361,1145,623,-57,-708,-1160,-1305,-1091,-586,69,696,1122,1245,1031,537,-89,-687,-1091,-1204,-992,-514,95,671,1060,1152,938,476,-111,-653,-1007,-1095,-888,-434,124,629,956,1019,803,374,-148,-615,-903,-931,-702,-286,205,630,871,865,615,185,-292,-683,-877,-828,-549,-106,372,741,909,820,499,31,-451,-817,-951,-826,-474,24,533,0,0
61827,mtk,MTK 7916,864856281,rx2-tx1,512,0,0,0,102,-413,-829,-1032,-974,-656,-166,367,814,1045,1009,714,236,-297,-753,-1021,-1025,-754,-290,237,694,967,986,749,318,-189,-640,-906,-924,-697,-297,184,609,841,841,625,235,-217,-596,-803,-787,-544,-137,306,660,827,752,470,49,-404,-744,-882,-772,-444,17,492,837,953,808,444,-51,-547,-901,-1011,-846,-450,78,596,960,1072,900,479,-91,-646,-1018,-1129,-941,-492,99,681,1095,1228,1038,565,-66,-686,-1147,-1312,-1140,-678,-21,651,1161,1387,1256,798,143,-546,-1107,-1383,-1309,-910,-282,426,1014,1337,1331,994,404,-283,-889,-1267,-1326,-1049,-522,127,736,1143,1259,1062,609,19,-556,-971,-1122,0,-637,-122,403,799,964,877,566,123,-318,-657,-811,-741,-475,-91,302,597,714,622,366,15,-334,-577,-656,-540,-263,79,395,610,647,478,169,-186,-498,-675,-654,-449,-103,298,630,795,751,505,93,-372,-748,-941,-897,-612,-159,358,810,1066,1058,782,299,-274,-798,-1137,-1191,-943,-465,134,714,1133,1280,1105,660,53,-574,-1070,-1315,-1244,-868,-289,351,920,1264,1305,1046,548,-66,-659,-1096,-1262,-1127,-749,-211,365,826,1074,1077,833,401,-100,-549,-853,-946,-810,-494,-85,311,625,788,757,553,232,-130,-439,-636,-688,-588,-362,-79,201,435,563,570,478,309,94,-115,-276,-362,-378,-343,0,0,0,0,0,-103,-266,-402,-491,-500,-414,-247,-22,223,434,560,576,477,270,-1,-274,-494,-604,-575,-415,-158,141,405,578,619,498,245,-62,-357,-573,-647,-556,-324,0,333,583,691,627,397,63,-291,-586,-742,-714,-502,-161,230,569,768,772,582,242,-161,-525,-758,-809,-656,-333,81,477,747,830,699,394,-11,-418,-714,-821,-727,-445,-43,364,679,815,740,482,99,-313,-634,-774,-724,-490,-116,282,595,751,699,465,113,-270,-588,-746,-702,-477,-121,272,597,762,721,496,142,-262,-595,-767,-743,-522,-167,231,567,756,744,538,197,-197,-546,-748,-738,-542,-213,181,528,732,742,556,218,0,-524,-728,-747,-567,-238,151,504,721,745,568,243,-139,-482,-696,-718,-542,-218,164,496,686,696,509,182,-200,-528,-706,-697,-499,-149,243,576,764,736,509,147,-269,-618,-805,-788,-550,-159,276,631,826,804,564,167,-268,-631,-830,-790,-539,-148,287,642,825,782,521,118,-315,-668,-839,-779,-498,-80,360,708,866,785,489,54,-404,-747,-893,-809,-498,-41,428,786,940,836,509,38,-455,-825,-982,-881,-541,-61,440,832,1007,921,588,98,-412,-811,-991,-921,-615,-142,364,762,962,908,611,144,-354,-741,-930,-880,-592,-138,347,735,917,850,555,115,-369,-755,-933,-865,-564,-96,0,0,0,0,0,999,937,623,138,-391,-822,-1045,-992,-687,-207,332,788,1037,1017,742,272,-270,-736,-1001,-1009,-754,-308,210,661,941,963,731,310,-182,-612,-867,-885,-668,-272,197,596,815,810,582,182,-263,-626,-807,-759,-498,-98,340,693,849,761,447,-1,-451,-789,-912,-787,-438,40,522,867,990,835,446,-63,-569,-936,-1046,-874,-469,77,621,996,1103,925,485,-97,-658,-1061,-1187,-991,-521,94,693,1123,1271,1092,617,-24,-674,-1158,-1349,-1190,-731,-82,603,1137,1388,1277,844,205,-484,-1062,-1371,-1331,-951,-336,349,952,1313,1334,1024,473,-194,-806,-1202,-1298,-1071,-576,45,640,1061,1203,1042,633,81,0,-872,-1045,-944,-607,-136,347,718,888,811,521,112,-305,-617,-755,-678,-415,-45,323,589,675,573,320,-26,-362,-584,-631,-491,-212,129,445,632,628,439,122,-240,-562,-734,-690,-456,-86,336,692,873,822,546,111,-378,-787,-1010,-990,-703,-215,328,802,1101,1131,869,383,-209,-765,-1143,-1240,-1033,-574,46,669,1120,1298,1174,761,164,-471,-1000,-1296,-1284,-969,-427,206,785,1184,1296,1103,662,75,-508,-958,-1176,-1113,-796,-315,214,676,961,1008,823,458,10,-419,-737,-861,-779,-532,-175,220,539,712,718,560,290,-26,-326,-544,-637,-591,-429,-194,65,294,446,501,467,364,211,51,-88,0,0,0,0,0,384,345,237,67,-139,-337,-490,-562,-532,-395,-171,96,344,523,599,543,355,81,-208,-454,-593,-596,-458,-202,105,383,578,628,522,281,-35,-341,-566,-660,-588,-361,-31,317,587,717,664,438,100,-259,-573,-754,-747,-555,-218,184,548,773,798,625,304,-102,-496,-761,-825,-680,-364,41,438,728,838,730,425,11,-398,-695,-815,-733,-461,-67,341,659,808,734,475,111,-288,-611,-765,-718,-485,-121,270,585,745,706,472,115,-269,-582,-746,-709,-480,-125,269,599,763,725,503,148,-245,-577,-766,-751,-541,-187,213,557,755,750,542,197,-196,-542,-743,-744,-550,-214,179,528,740,0,551,221,-169,-520,-736,-756,-576,-243,146,496,717,735,564,240,-149,-480,-679,-701,-522,-199,172,495,689,687,492,159,-227,-555,-735,-721,-505,-136,267,608,791,765,535,151,-272,-626,-822,-794,-545,-154,274,632,823,800,559,164,-276,-637,-816,-781,-528,-132,296,647,826,774,511,104,-338,-685,-849,-782,-495,-66,390,738,879,792,493,50,-416,-775,-927,-828,-500,-41,432,810,972,863,526,47,-447,-826,-997,-899,-568,-86,422,821,1002,925,604,127,-384,-791,-984,-917,-610,-152,339,741,945,889,595,142,-341,-734,-925,-857,-568,-121,363,746,929,868,564,104,-381,-769,-955,0,0
61828,mtk,MTK 7916,864903257,rx0-tx0,512,-330,655,579,-320,-66,196,447,656,806,903,931,878,767,586,365,123,-140,-385,-601,-768,-872,-923,-897,-800,-648,-440,-195,67,322,555,745,879,942,926,860,715,513,272,1,-275,-512,-725,-881,-965,-974,-905,-757,-543,-300,-31,237,483,695,848,935,944,880,743,559,337,95,-166,-405,-604,-758,-855,-892,-859,-757,-592,-388,-165,78,311,516,682,803,859,842,772,628,445,221,-15,-250,-465,-639,-758,-814,-810,-738,-612,-438,-230,-16,188,390,543,656,713,716,663,559,416,250,66,-114,-277,-424,-528,-590,-622,-607,-538,-432,-308,-159,-7,150,290,415,501,546,564,547,478,374,253,-26,-48,-200,-338,-457,-540,-588,-587,-537,-455,-335,-192,-25,150,316,455,557,615,631,594,509,380,220,49,-140,-320,-467,-581,-650,-663,-634,-545,-406,-242,-53,136,325,486,596,671,687,648,549,420,246,55,-135,-333,-489,-612,-685,-706,-670,-573,-431,-245,-41,169,369,539,661,726,723,649,520,349,145,-82,-283,-464,-595,-666,-678,-613,-500,-349,-164,18,194,344,446,511,524,503,422,312,189,64,-61,-171,-259,-317,-351,-355,-327,-278,-218,-142,-50,33,107,174,228,257,273,268,239,187,121,46,-27,-105,-170,-221,-257,-266,-245,-192,-113,-21,69,148,207,228,204,148,809,775,510,605,713,142,171,180,152,100,37,-37,-113,-170,-208,-224,-221,-192,-147,-90,-19,46,106,167,218,257,273,271,246,194,120,39,-54,-152,-240,-323,-398,-430,-428,-382,-293,-175,-29,130,293,437,543,623,633,573,478,313,120,-101,-316,-518,-683,-768,-799,-755,-637,-458,-227,37,299,532,730,871,918,889,771,593,359,83,-196,-469,-693,-858,-960,-966,-882,-726,-506,-252,27,312,560,761,911,948,931,844,673,455,188,-92,-359,-596,-778,-896,-945,-920,-817,-634,-424,-171,101,366,600,786,902,944,912,812,638,417,159,-109,-376,-602,-776,-907,-942,-900,-790,-619,-403,-149,117,363,301,760,871,920,892,803,647,441,194,-59,-311,-534,-721,-869,-946,-950,-869,-724,-522,-278,-2,283,531,757,907,992,1001,915,760,550,294,20,-262,-510,-731,-888,-972,-991,-931,-793,-612,-375,-107,166,433,664,850,978,1023,987,885,709,484,212,-77,-374,-633,-844,-992,-1067,-1056,-966,-785,-551,-282,21,331,615,847,1017,1100,1086,1002,836,594,311,-4,-307,-580,-808,-963,-1055,-1056,-958,-810,-596,-336,-53,239,505,727,882,982,1000,940,821,636,393,123,-141,-401,-634,-812,-919,-962,-940,-826,-657,-441,-193,64,317,549,744,874,943,925,850,704,509,272,9,-254,-497,-696,-845,232,364,-82,-538,-622,875,937,921,830,669,458,228,-44,-298,-536,-730,-853,-922,-921,-844,-702,-505,-278,-30,228,463,666,827,921,941,888,769,591,359,95,-163,-411,-646,-813,-930,-969,-931,-819,-649,-415,-157,115,376,620,804,925,973,937,829,658,439,184,-78,-341,-565,-737,-858,-914,-910,-818,-666,-476,-251,-8,233,461,644,776,856,874,813,695,528,324,90,-154,-382,-587,-728,-826,-851,-814,-705,-544,-339,-116,118,336,519,667,754,777,749,654,505,329,132,-59,-252,-416,-545,-630,-667,-651,-591,-490,-351,-196,-32,141,294,412,509,570,583,560,496,403,276,133,-14,-170,-316,-429,-516,628,-582,-544,-476,-363,-227,-75,94,247,389,504,578,620,605,538,433,289,130,-44,-224,-389,-523,-614,-654,-649,-579,-469,-322,-143,48,225,409,539,635,676,663,600,481,331,154,-46,-236,-404,-537,-641,-681,-679,-617,-493,-341,-155,37,240,422,576,675,716,700,622,487,311,106,-110,-324,-504,-636,-711,-711,-647,-538,-361,-166,46,249,403,530,597,604,566,464,334,182,30,-125,-262,-351,-409,-433,-420,-370,-296,-202,-104,4,101,181,241,285,302,290,268,226,166,94,20,-58,-130,-191,-235,-258,-264,-245,-199,-140,-62,27,112,186,238,256,245,199,125,29,-59,-122,-241,-344,-82,801,713,81,18,-55,-129,-176,-206,-208,-186,-134,-75,-14,53,120,175,218,238,236,221,186,130,66,-6,-79,-161,-234,-289,-324,-342,-325,-278,-211,-107,17,142,269,384,477,529,535,481,379,240,77,-127,-307,-481,-620,-702,-719,-665,-559,-380,-166,69,311,534,710,834,881,841,721,540,294,25,-252,-511,-721,-879,-948,-938,-851,-668,-437,-158,134,407,638,820,931,974,923,786,603,350,74,-186,-457,-682,-850,-947,-951,-882,-743,-544,-305,-40,230,486,689,835,934,949,875,736,532,286,21,-246,-496,-706,-852,-931,-948,-877,-725,-525,-277,-6,249,490,688,845,925,924,843,-176,525,287,30,-222,-447,-651,-808,-903,-918,-866,-749,-581,-358,-103,162,420,640,820,936,985,945,837,657,412,145,-143,-416,-647,-833,-950,-993,-962,-853,-685,-448,-191,84,357,593,785,932,997,989,909,757,552,304,14,-259,-528,-747,-916,-1014,-1045,-991,-851,-646,-391,-102,195,484,742,932,1053,1097,1047,914,709,446,143,-164,-460,-727,-930,-1054,-1100,-1044,-915,-709,-456,-176,133,408,653,854,985,1032,1000,889,709,486,230,-52,-319,-562,-772,-916,-983,-972,-903,-750,-546,-296,-37,237,488,690,845,932,944,884,767,586,363,103,-159,-403,-620,-784,-900,-937,-903,-794,-627,-407,959,923
61829,mtk,MTK 7916,864903257,rx0-tx1,512,-686,-55,79,306,488,634,722,757,735,645,501,329,129,-82,-272,-436,-581,-673,-709,-698,-623,-505,-354,-179,5,192,358,499,607,664,679,641,559,433,277,106,-78,-256,-420,-552,-641,-694,-694,-638,-539,-403,-235,-39,168,357,524,655,741,776,746,658,517,334,115,-112,-331,-527,-685,-793,-838,-820,-728,-574,-387,-159,89,326,536,699,806,850,828,743,595,403,166,-70,-303,-513,-680,-783,-828,-805,-726,-585,-408,-196,31,252,454,613,727,775,772,703,583,414,225,16,-189,-380,-544,-653,-724,-736,-688,-591,-454,-272,-68,126,317,482,605,695,726,694,617,483,308,115,-93,-286,-38,-609,-695,-733,-709,-632,-504,-329,-124,81,285,467,608,706,744,714,635,496,318,120,-90,-297,-480,-623,-717,-747,-718,-623,-477,-286,-85,132,336,506,632,707,716,678,573,425,241,34,-171,-355,-504,-609,-664,-670,-606,-502,-353,-175,2,187,346,461,551,593,588,530,433,302,147,-9,-170,-310,-415,-487,-518,-516,-474,-387,-272,-134,18,162,291,401,464,495,479,428,337,214,84,-58,-193,-303,-387,-438,-436,-401,-338,-238,-123,3,123,227,312,363,380,360,312,234,134,25,-87,-181,-265,-322,-335,-319,-267,-180,-83,30,140,231,276,293,260,191,94,-9,-96,-153,-414,-301,0,-706,-565,75,0,-91,-169,-225,-252,-233,-181,-105,-10,84,168,231,267,267,243,198,127,44,-44,-128,-192,-242,-269,-266,-230,-177,-115,-36,41,122,178,219,236,236,210,161,111,57,4,-50,-105,-132,-148,-165,-161,-148,-132,-115,-86,-65,-30,11,43,83,129,162,183,195,197,177,149,101,38,-22,-88,-140,-193,-222,-235,-230,-206,-178,-127,-70,-3,53,112,163,214,248,258,247,231,191,140,72,-10,-86,-167,-240,-292,-323,-336,-313,-269,-199,-110,-6,103,204,291,356,387,392,364,299,216,112,3,-111,-224,-316,-386,-422,-426,-391,-331,-245,-132,-19,110,225,328,396,-48,463,435,383,295,188,62,-86,-218,-335,-438,-499,-525,-517,-459,-360,-234,-82,77,237,381,496,567,591,571,502,394,248,77,-83,-240,-384,-495,-573,-605,-585,-524,-427,-289,-133,37,209,358,488,577,628,632,586,495,366,213,43,-141,-310,-461,-579,-652,-678,-655,-575,-449,-293,-108,89,276,444,592,688,727,721,654,527,364,172,-48,-258,-452,-606,-718,-780,-767,-705,-579,-403,-193,23,240,444,610,719,771,764,705,580,415,221,5,-206,-404,-565,-691,-755,-763,-714,-610,-452,-265,-57,157,367,532,662,749,773,732,631,484,306,96,-123,-334,-520,-658,-738,-763,-727,252,-193,9,927,934,700,585,422,226,18,-192,-390,-547,-663,-735,-736,-676,-579,-433,-249,-54,140,327,476,594,662,688,659,583,464,310,135,-45,-222,-383,-522,-616,-675,-678,-633,-543,-412,-255,-78,115,297,455,591,685,736,720,651,536,378,188,-22,-242,-440,-605,-734,-805,-812,-752,-629,-465,-258,-28,214,441,621,755,842,853,794,672,498,283,42,-196,-423,-609,-754,-836,-848,-798,-681,-503,-290,-55,172,392,570,704,788,806,762,653,500,308,98,-120,-329,-503,-639,-724,-759,-729,-650,-513,-343,-151,60,258,430,575,686,726,719,658,539,384,205,2,-192,-382,-543,-656,-717,-724,-668,634,-415,-227,-27,182,372,539,664,724,731,684,574,426,237,21,-190,-386,-553,-668,-731,-738,-683,-571,-410,-211,1,216,407,567,673,727,731,659,531,364,161,-45,-250,-430,-570,-665,-700,-674,-593,-466,-302,-113,80,265,417,547,613,634,605,516,396,244,71,-101,-259,-388,-491,-543,-559,-533,-456,-346,-207,-64,77,224,349,448,507,518,483,419,311,180,39,-105,-235,-351,-424,-462,-463,-417,-335,-231,-102,34,153,263,345,397,415,391,331,244,136,23,-95,-198,-284,-336,-360,-346,-299,-225,-117,-6,95,196,267,308,314,280,202,107,1,-104,-187,-234,-234,-194,-122,790,852,0,4,-425,-168,-205,-199,-153,-78,17,115,194,250,272,255,211,146,63,-28,-113,-191,-248,-273,-274,-245,-190,-123,-35,55,130,188,233,261,261,231,175,114,44,-25,-99,-146,-181,-198,-200,-189,-158,-114,-90,-46,1,42,69,99,118,135,157,158,153,146,122,86,50,3,-48,-103,-150,-194,-215,-224,-209,-181,-134,-74,-15,50,107,162,205,231,235,229,207,172,123,64,-1,-59,-124,-186,-237,-278,-290,-282,-258,-208,-139,-56,43,141,226,301,352,374,366,321,254,154,49,-61,-174,-269,-342,-393,-408,-404,-353,-278,-179,-68,52,171,269,360,411,440,434,394,318,218,-1135,-37,-162,-279,-382,-448,-494,-492,-449,-380,-270,-138,0,145,292,411,503,556,562,520,436,314,163,-4,-173,-322,-450,-550,-596,-594,-549,-455,-330,-182,-17,147,299,436,541,601,622,587,514,399,251,88,-89,-258,-409,-530,-611,-653,-640,-575,-476,-338,-169,16,207,385,529,634,696,700,651,561,417,234,39,-161,-359,-534,-663,-746,-764,-719,-625,-476,-294,-75,144,349,539,679,765,784,753,654,499,307,93,-122,-330,-516,-647,-742,-775,-748,-658,-519,-343,-133,76,284,472,619,717,763,753,678,545,384,183,-35,-246,-439,-589,-702,-763,-758,-697,-575,-402,-201,10,224,661,684
61830,mtk,MTK 7916,864903257,rx1-tx0,512,0,-416,-147,544,525,465,360,233,92,-62,-226,-373,-505,-600,-646,-642,-604,-506,-371,-200,-4,186,382,550,686,772,796,748,641,484,278,40,-209,-450,-651,-795,-891,-913,-851,-720,-525,-295,-23,249,500,700,869,950,954,876,723,520,268,-9,-279,-520,-720,-850,-934,-930,-858,-724,-525,-296,-47,198,437,619,786,879,894,860,749,581,376,148,-95,-335,-548,-732,-846,-905,-902,-815,-656,-455,-220,30,285,517,709,844,913,919,841,691,495,255,-6,-267,-505,-710,-847,-916,-917,-847,-692,-489,-239,20,271,497,690,823,869,848,773,627,429,202,-26,-255,-462,-613,-732,-768,-753,-677,-277,-366,-179,15,189,367,516,609,655,650,598,511,381,231,74,-97,-253,-391,-502,-567,-588,-580,-529,-444,-325,-167,-9,145,300,424,519,585,614,584,519,403,264,113,-51,-213,-367,-494,-598,-651,-662,-627,-539,-403,-232,-37,164,355,538,674,763,790,751,654,492,283,46,-208,-466,-692,-847,-934,-931,-837,-674,-439,-162,138,433,682,857,962,965,876,706,475,200,-87,-353,-585,-761,-844,-845,-776,-638,-442,-220,13,239,433,574,661,692,655,555,418,244,46,-126,-297,-429,-516,-551,-531,-473,-368,-234,-72,89,232,359,443,476,454,367,236,90,-74,-215,-298,-334,-299,-119,-395,0,638,696,-68,-85,-96,-93,-76,-47,-4,39,76,102,127,131,130,111,84,41,0,-43,-84,-116,-143,-160,-153,-140,-120,-81,-36,14,52,102,136,154,164,167,167,139,116,83,34,-18,-80,-138,-194,-246,-260,-268,-264,-228,-174,-95,9,117,219,326,395,432,438,397,326,206,55,-115,-279,-419,-525,-572,-578,-531,-413,-262,-80,121,308,462,588,647,658,601,483,323,149,-58,-261,-421,-560,-637,-645,-617,-521,-370,-197,-7,177,338,458,545,590,570,500,396,261,121,-26,-173,-289,-374,-431,-453,-448,-420,-351,-270,-165,-55,69,178,265,346,411,453,450,421,366,274,160,489,-102,-231,-350,-449,-505,-527,-507,-439,-339,-203,-58,90,258,396,499,561,579,561,487,368,235,76,-97,-260,-405,-512,-579,-600,-572,-508,-390,-251,-91,91,245,390,501,571,595,571,513,411,281,126,-32,-197,-337,-446,-523,-561,-560,-528,-439,-335,-206,-59,91,233,365,465,531,560,555,514,440,333,191,37,-124,-282,-424,-536,-624,-654,-634,-577,-444,-288,-98,105,301,494,620,710,733,703,608,461,280,73,-135,-335,-507,-621,-688,-700,-654,-547,-415,-253,-60,122,281,434,528,592,601,566,502,386,259,114,-42,-184,-306,-405,-482,-525,-522,-486,-434,-341,-231,-98,44,-507,-117,0,-313,-512,-47,-189,-324,-438,-522,-579,-600,-567,-487,-379,-234,-68,106,284,458,586,685,715,702,637,510,346,140,-79,-298,-502,-670,-800,-855,-844,-755,-599,-405,-172,94,361,592,765,886,942,917,806,640,415,144,-128,-400,-625,-808,-930,-965,-916,-807,-626,-405,-147,124,369,594,755,859,896,882,788,642,464,217,-24,-269,-496,-673,-803,-872,-889,-837,-723,-545,-306,-66,191,434,643,789,886,916,881,771,592,371,124,-143,-409,-624,-784,-892,-925,-885,-780,-604,-377,-126,128,383,606,775,882,906,857,742,569,341,92,-152,-386,-588,-730,-810,-822,-775,-649,-492,-294,-78,129,336,315,634,704,713,672,591,446,283,106,-75,-236,-383,-503,-578,-619,-614,-555,-471,-342,-189,-31,126,271,394,505,572,588,575,516,423,295,149,-19,-184,-333,-464,-550,-606,-619,-592,-513,-404,-256,-83,93,270,431,566,668,723,715,657,540,367,167,-54,-276,-492,-681,-813,-873,-866,-781,-607,-377,-117,170,439,679,860,961,972,885,705,474,188,-119,-400,-633,-809,-916,-920,-835,-678,-462,-208,45,294,514,667,752,766,717,599,431,238,30,-177,-357,-490,-588,-614,-588,-516,-388,-241,-72,93,244,373,462,511,495,438,335,188,30,-131,-272,-367,-419,-411,-328,-205,-64,65,483,309,0,-306,147,-56,-30,7,48,81,109,120,118,99,81,45,3,-40,-78,-113,-137,-147,-143,-123,-96,-61,-13,41,81,120,147,165,163,154,135,94,57,19,-14,-66,-112,-144,-184,-205,-215,-209,-187,-153,-89,-17,48,127,199,261,317,347,342,314,244,138,19,-112,-244,-368,-475,-527,-526,-470,-373,-231,-60,117,300,453,559,637,636,568,457,302,111,-86,-284,-451,-574,-653,-676,-614,-509,-357,-158,32,216,398,531,606,630,594,505,385,236,61,-118,-270,-390,-471,-509,-519,-476,-394,-291,-177,-58,54,165,268,344,410,438,443,403,349,275,176,54,-73,-187,-297,-395,-460,-571,-481,-438,-368,-255,-121,22,169,307,416,504,539,556,515,419,293,140,-11,-173,-334,-461,-550,-598,-587,-533,-443,-316,-168,7,168,322,454,537,600,597,545,460,327,176,9,-149,-297,-426,-522,-577,-587,-557,-473,-362,-224,-73,72,219,349,445,516,551,547,509,429,317,184,41,-103,-251,-382,-491,-566,-598,-599,-547,-453,-327,-174,13,188,370,521,625,700,701,662,540,376,191,-19,-223,-416,-571,-674,-727,-712,-645,-514,-350,-163,40,241,407,531,625,661,631,571,463,316,164,-5,-155,-304,-426,-503,-551,-558,-516,-451,-360,-245,-104,37,172,292,401,471,515,511,-472,-688
61831,mtk,MTK 7916,864903257,rx1-tx1,512,0,0,0,-511,-690,-700,-534,-238,117,449,669,730,614,348,7,-331,-587,-695,-631,-420,-114,212,477,616,602,435,167,-132,-392,-539,-540,-408,-177,94,335,478,498,383,173,-82,-313,-452,-473,-370,-156,94,311,447,458,346,146,-96,-322,-461,-476,-371,-159,102,333,485,509,404,196,-69,-323,-494,-537,-450,-243,32,288,466,529,455,264,0,-264,-454,-533,-485,-299,-31,242,449,544,504,337,69,-218,-450,-582,-569,-408,-151,148,418,576,596,477,234,-62,-334,-534,-604,-522,-311,-29,250,472,580,541,374,117,-162,-393,-531,-543,-431,-209,63,306,468,509,429,253,28,-200,-368,0,-391,-257,-72,123,279,345,315,210,46,-128,-252,-303,-267,-154,-1,154,278,317,264,135,-29,-193,-313,-352,-298,-162,31,219,355,411,356,203,-9,-218,-387,-473,-431,-272,-55,188,405,523,514,380,144,-136,-391,-554,-583,-473,-249,44,342,551,637,587,380,72,-254,-523,-675,-676,-512,-223,123,445,660,723,627,386,48,-297,-584,-738,-720,-541,-245,107,445,679,752,656,416,97,-242,-524,-681,-682,-537,-279,33,336,552,639,586,408,150,-133,-384,-539,-568,-483,-292,-47,193,389,495,488,386,218,3,-208,-361,-440,-431,-344,-206,-37,128,255,329,340,303,230,133,0,0,0,0,0,-113,-223,-318,-371,-369,-303,-169,6,204,384,499,520,448,283,51,-207,-438,-587,-616,-521,-310,-29,259,508,658,658,512,257,-65,-384,-616,-713,-645,-433,-118,242,545,725,736,572,262,-122,-487,-736,-821,-720,-442,-43,377,710,893,870,635,249,-204,-618,-891,-956,-800,-448,0,461,823,993,927,650,207,-288,-710,-952,-967,-759,-362,133,590,903,1011,865,490,11,-469,-841,-1012,-928,-614,-145,361,779,1013,1000,741,294,-243,-722,-1031,-1101,-897,-463,79,618,1013,1168,1044,665,118,-463,-950,-1219,-1203,-900,-374,248,808,1180,1279,1079,628,27,-583,-1052,-1274,-1199,-837,-275,347,0,1196,1221,956,464,-137,-702,-1098,-1220,-1038,-610,-34,548,992,1197,1098,725,174,-421,-913,-1177,-1165,-864,-343,270,815,1160,1218,979,504,-96,-680,-1096,-1251,-1100,-670,-82,522,995,1226,1169,828,273,-342,-857,-1166,-1185,-906,-411,178,717,1070,1148,946,518,-40,-577,-971,-1113,-974,-583,-45,500,909,1092,1000,652,134,-422,-870,-1097,-1057,-757,-261,294,777,1073,1103,868,414,-140,-659,-1011,-1119,-959,-572,-46,485,889,1069,993,685,214,-292,-721,-969,-981,-752,-354,113,545,826,897,752,422,-3,-403,-685,-794,-702,-430,-60,312,591,710,651,425,85,-269,-543,-676,-631,-417,-98,248,535,0,0,0,0,0,492,186,-175,-494,-693,-724,-583,-304,47,387,634,721,631,394,67,-268,-530,-661,-628,-442,-149,172,431,580,577,421,172,-107,-353,-498,-516,-401,-173,97,325,465,483,375,166,-88,-312,-451,-470,-355,-152,97,322,458,468,357,158,-89,-327,-472,-491,-379,-161,93,325,485,519,418,220,-39,-294,-475,-534,-453,-259,9,274,467,540,473,279,19,-244,-451,-546,-489,-314,-58,224,454,565,533,366,106,-189,-439,-580,-581,-444,-192,110,383,557,600,499,280,-9,-294,-506,-594,-534,-349,-88,198,434,562,554,406,159,-117,-354,-497,-524,-425,-232,16,250,415,473,416,267,0,-160,-310,-375,-351,-236,-60,126,261,313,284,183,24,-142,-265,-310,-267,-150,14,176,291,327,272,144,-34,-213,-342,-377,-323,-185,19,232,382,441,394,240,17,-217,-401,-491,-470,-330,-92,175,404,546,557,430,196,-95,-370,-560,-618,-532,-315,-5,299,531,664,635,441,142,-195,-486,-672,-713,-578,-300,54,387,635,746,688,472,147,-213,-519,-714,-747,-607,-333,7,341,609,734,685,491,200,-132,-426,-615,-668,-573,-353,-63,234,468,591,583,451,227,-40,-290,-461,-538,-494,-344,-133,93,300,432,472,424,288,99,-97,-261,-370,-411,-379,-286,-157,-22,101,186,229,0,0,0,0,0,257,218,130,6,-145,-295,-412,-465,-435,-327,-145,83,309,483,573,555,418,186,-90,-365,-571,-655,-603,-423,-152,159,444,637,693,588,345,24,-303,-583,-721,-689,-498,-183,183,519,738,783,639,352,-31,-418,-728,-863,-789,-529,-138,300,679,903,923,729,369,-93,-548,-874,-996,-885,-558,-97,376,756,970,958,705,285,-218,-660,-939,-1000,-823,-441,53,529,873,1003,893,559,82,-415,-816,-1015,-970,-681,-220,307,759,1025,1048,820,382,-167,-680,-1030,-1127,-964,-564,-11,553,993,1202,1128,779,245,-360,-892,-1221,-1253,-992,-504,106,699,1135,1298,1149,738,158,-461,-968,-1246,-1222,0,-381,229,779,1143,1226,1006,551,-46,-628,-1046,-1208,-1080,-676,-110,473,944,1187,1130,794,257,-344,-861,-1177,-1201,-929,-423,193,757,1131,1235,1045,593,-14,-604,-1048,-1242,-1129,-746,-183,422,925,1196,1177,870,349,-248,-784,-1115,-1160,-929,-470,100,642,1019,1132,957,554,10,-535,-935,-1096,-976,-606,-79,466,893,1092,1022,699,192,-372,-837,-1102,-1095,-817,-348,205,713,1047,1123,925,502,-45,-571,-953,-1104,-985,-637,-142,386,809,1024,996,730,296,-197,-628,-900,-940,-753,-390,53,464,750,846,728,431,37,-351,-633,-748,-666,-413,-66,288,566,698,639,411,85,-257,-532,-675,-643,-444,0,0
