packet_sn,vendor,chip_id,timestamp,rx_chain_num,csi_cnt,csi_i_0,csi_i_1,csi_i_2,csi_i_3,csi_i_4,csi_i_5,csi_i_6,csi_i_7,csi_i_8,csi_i_9,csi_i_10,csi_i_11,csi_i_12,csi_i_13,csi_i_14,csi_i_15,csi_i_16,csi_i_17,csi_i_18,csi_i_19,csi_i_20,csi_i_21,csi_i_22,csi_i_23,csi_i_24,csi_i_25,csi_i_26,csi_i_27,csi_i_28,csi_i_29,csi_i_30,csi_i_31,csi_i_32,csi_i_33,csi_i_34,csi_i_35,csi_i_36,csi_i_37,csi_i_38,csi_i_39,csi_i_40,csi_i_41,csi_i_42,csi_i_43,csi_i_44,csi_i_45,csi_i_46,csi_i_47,csi_i_48,csi_i_49,csi_i_50,csi_i_51,csi_i_52,csi_i_53,csi_i_54,csi_i_55,csi_i_56,csi_i_57,csi_i_58,csi_i_59,csi_i_60,csi_i_61,csi_i_62,csi_i_63,csi_i_64,csi_i_65,csi_i_66,csi_i_67,csi_i_68,csi_i_69,csi_i_70,csi_i_71,csi_i_72,csi_i_73,csi_i_74,csi_i_75,csi_i_76,csi_i_77,csi_i_78,csi_i_79,csi_i_80,csi_i_81,csi_i_82,csi_i_83,csi_i_84,csi_i_85,csi_i_86,csi_i_87,csi_i_88,csi_i_89,csi_i_90,csi_i_91,csi_i_92,csi_i_93,csi_i_94,csi_i_95,csi_i_96,csi_i_97,csi_i_98,csi_i_99,csi_i_100,csi_i_101,csi_i_102,csi_i_103,csi_i_104,csi_i_105,csi_i_106,csi_i_107,csi_i_108,csi_i_109,csi_i_110,csi_i_111,csi_i_112,csi_i_113,csi_i_114,csi_i_115,csi_i_116,csi_i_117,csi_i_118,csi_i_119,csi_i_120,csi_i_121,csi_i_122,csi_i_123,csi_i_124,csi_i_125,csi_i_126,csi_i_127,csi_i_128,csi_i_129,csi_i_130,csi_i_131,csi_i_132,csi_i_133,csi_i_134,csi_i_135,csi_i_136,csi_i_137,csi_i_138,csi_i_139,csi_i_140,csi_i_141,csi_i_142,csi_i_143,csi_i_144,csi_i_145,csi_i_146,csi_i_147,csi_i_148,csi_i_149,csi_i_150,csi_i_151,csi_i_152,csi_i_153,csi_i_154,csi_i_155,csi_i_156,csi_i_157,csi_i_158,csi_i_159,csi_i_160,csi_i_161,csi_i_162,csi_i_163,csi_i_164,csi_i_165,csi_i_166,csi_i_167,csi_i_168,csi_i_169,csi_i_170,csi_i_171,csi_i_172,csi_i_173,csi_i_174,csi_i_175,csi_i_176,csi_i_177,csi_i_178,csi_i_179,csi_i_180,csi_i_181,csi_i_182,csi_i_183,csi_i_184,csi_i_185,csi_i_186,csi_i_187,csi_i_188,csi_i_189,csi_i_190,csi_i_191,csi_i_192,csi_i_193,csi_i_194,csi_i_195,csi_i_196,csi_i_197,csi_i_198,csi_i_199,csi_i_200,csi_i_201,csi_i_202,csi_i_203,csi_i_204,csi_i_205,csi_i_206,csi_i_207,csi_i_208,csi_i_209,csi_i_210,csi_i_211,csi_i_212,csi_i_213,csi_i_214,csi_i_215,csi_i_216,csi_i_217,csi_i_218,csi_i_219,csi_i_220,csi_i_221,csi_i_222,csi_i_223,csi_i_224,csi_i_225,csi_i_226,csi_i_227,csi_i_228,csi_i_229,csi_i_230,csi_i_231,csi_i_232,csi_i_233,csi_i_234,csi_i_235,csi_i_236,csi_i_237,csi_i_238,csi_i_239,csi_i_240,csi_i_241,csi_i_242,csi_i_243,csi_i_244,csi_i_245,csi_i_246,csi_i_247,csi_i_248,csi_i_249,csi_i_250,csi_i_251,csi_i_252,csi_i_253,csi_i_254,csi_i_255,csi_i_256,csi_i_257,csi_i_258,csi_i_259,csi_i_260,csi_i_261,csi_i_262,csi_i_263,csi_i_264,csi_i_265,csi_i_266,csi_i_267,csi_i_268,csi_i_269,csi_i_270,csi_i_271,csi_i_272,csi_i_273,csi_i_274,csi_i_275,csi_i_276,csi_i_277,csi_i_278,csi_i_279,csi_i_280,csi_i_281,csi_i_282,csi_i_283,csi_i_284,csi_i_285,csi_i_286,csi_i_287,csi_i_288,csi_i_289,csi_i_290,csi_i_291,csi_i_292,csi_i_293,csi_i_294,csi_i_295,csi_i_296,csi_i_297,csi_i_298,csi_i_299,csi_i_300,csi_i_301,csi_i_302,csi_i_303,csi_i_304,csi_i_305,csi_i_306,csi_i_307,csi_i_308,csi_i_309,csi_i_310,csi_i_311,csi_i_312,csi_i_313,csi_i_314,csi_i_315,csi_i_316,csi_i_317,csi_i_318,csi_i_319,csi_i_320,csi_i_321,csi_i_322,csi_i_323,csi_i_324,csi_i_325,csi_i_326,csi_i_327,csi_i_328,csi_i_329,csi_i_330,csi_i_331,csi_i_332,csi_i_333,csi_i_334,csi_i_335,csi_i_336,csi_i_337,csi_i_338,csi_i_339,csi_i_340,csi_i_341,csi_i_342,csi_i_343,csi_i_344,csi_i_345,csi_i_346,csi_i_347,csi_i_348,csi_i_349,csi_i_350,csi_i_351,csi_i_352,csi_i_353,csi_i_354,csi_i_355,csi_i_356,csi_i_357,csi_i_358,csi_i_359,csi_i_360,csi_i_361,csi_i_362,csi_i_363,csi_i_364,csi_i_365,csi_i_366,csi_i_367,csi_i_368,csi_i_369,csi_i_370,csi_i_371,csi_i_372,csi_i_373,csi_i_374,csi_i_375,csi_i_376,csi_i_377,csi_i_378,csi_i_379,csi_i_380,csi_i_381,csi_i_382,csi_i_383,csi_i_384,csi_i_385,csi_i_386,csi_i_387,csi_i_388,csi_i_389,csi_i_390,csi_i_391,csi_i_392,csi_i_393,csi_i_394,csi_i_395,csi_i_396,csi_i_397,csi_i_398,csi_i_399,csi_i_400,csi_i_401,csi_i_402,csi_i_403,csi_i_404,csi_i_405,csi_i_406,csi_i_407,csi_i_408,csi_i_409,csi_i_410,csi_i_411,csi_i_412,csi_i_413,csi_i_414,csi_i_415,csi_i_416,csi_i_417,csi_i_418,csi_i_419,csi_i_420,csi_i_421,csi_i_422,csi_i_423,csi_i_424,csi_i_425,csi_i_426,csi_i_427,csi_i_428,csi_i_429,csi_i_430,csi_i_431,csi_i_432,csi_i_433,csi_i_434,csi_i_435,csi_i_436,csi_i_437,csi_i_438,csi_i_439,csi_i_440,csi_i_441,csi_i_442,csi_i_443,csi_i_444,csi_i_445,csi_i_446,csi_i_447,csi_i_448,csi_i_449,csi_i_450,csi_i_451,csi_i_452,csi_i_453,csi_i_454,csi_i_455,csi_i_456,csi_i_457,csi_i_458,csi_i_459,csi_i_460,csi_i_461,csi_i_462,csi_i_463,csi_i_464,csi_i_465,csi_i_466,csi_i_467,csi_i_468,csi_i_469,csi_i_470,csi_i_471,csi_i_472,csi_i_473,csi_i_474,csi_i_475,csi_i_476,csi_i_477,csi_i_478,csi_i_479,csi_i_480,csi_i_481,csi_i_482,csi_i_483,csi_i_484,csi_i_485,csi_i_486,csi_i_487,csi_i_488,csi_i_489,csi_i_490,csi_i_491,csi_i_492,csi_i_493,csi_i_494,csi_i_495,csi_i_496,csi_i_497,csi_i_498,csi_i_499,csi_i_500,csi_i_501,csi_i_502,csi_i_503,csi_i_504,csi_i_505,csi_i_506,csi_i_507,csi_i_508,csi_i_509,csi_i_510,csi_i_511,csi_q_0,csi_q_1,csi_q_2,csi_q_3,csi_q_4,csi_q_5,csi_q_6,csi_q_7,csi_q_8,csi_q_9,csi_q_10,csi_q_11,csi_q_12,csi_q_13,csi_q_14,csi_q_15,csi_q_16,csi_q_17,csi_q_18,csi_q_19,csi_q_20,csi_q_21,csi_q_22,csi_q_23,csi_q_24,csi_q_25,csi_q_26,csi_q_27,csi_q_28,csi_q_29,csi_q_30,csi_q_31,csi_q_32,csi_q_33,csi_q_34,csi_q_35,csi_q_36,csi_q_37,csi_q_38,csi_q_39,csi_q_40,csi_q_41,csi_q_42,csi_q_43,csi_q_44,csi_q_45,csi_q_46,csi_q_47,csi_q_48,csi_q_49,csi_q_50,csi_q_51,csi_q_52,csi_q_53,csi_q_54,csi_q_55,csi_q_56,csi_q_57,csi_q_58,csi_q_59,csi_q_60,csi_q_61,csi_q_62,csi_q_63,csi_q_64,csi_q_65,csi_q_66,csi_q_67,csi_q_68,csi_q_69,csi_q_70,csi_q_71,csi_q_72,csi_q_73,csi_q_74,csi_q_75,csi_q_76,csi_q_77,csi_q_78,csi_q_79,csi_q_80,csi_q_81,csi_q_82,csi_q_83,csi_q_84,csi_q_85,csi_q_86,csi_q_87,csi_q_88,csi_q_89,csi_q_90,csi_q_91,csi_q_92,csi_q_93,csi_q_94,csi_q_95,csi_q_96,csi_q_97,csi_q_98,csi_q_99,csi_q_100,csi_q_101,csi_q_102,csi_q_103,csi_q_104,csi_q_105,csi_q_106,csi_q_107,csi_q_108,csi_q_109,csi_q_110,csi_q_111,csi_q_112,csi_q_113,csi_q_114,csi_q_115,csi_q_116,csi_q_117,csi_q_118,csi_q_119,csi_q_120,csi_q_121,csi_q_122,csi_q_123,csi_q_124,csi_q_125,csi_q_126,csi_q_127,csi_q_128,csi_q_129,csi_q_130,csi_q_131,csi_q_132,csi_q_133,csi_q_134,csi_q_135,csi_q_136,csi_q_137,csi_q_138,csi_q_139,csi_q_140,csi_q_141,csi_q_142,csi_q_143,csi_q_144,csi_q_145,csi_q_146,csi_q_147,csi_q_148,csi_q_149,csi_q_150,csi_q_151,csi_q_152,csi_q_153,csi_q_154,csi_q_155,csi_q_156,csi_q_157,csi_q_158,csi_q_159,csi_q_160,csi_q_161,csi_q_162,csi_q_163,csi_q_164,csi_q_165,csi_q_166,csi_q_167,csi_q_168,csi_q_169,csi_q_170,csi_q_171,csi_q_172,csi_q_173,csi_q_174,csi_q_175,csi_q_176,csi_q_177,csi_q_178,csi_q_179,csi_q_180,csi_q_181,csi_q_182,csi_q_183,csi_q_184,csi_q_185,csi_q_186,csi_q_187,csi_q_188,csi_q_189,csi_q_190,csi_q_191,csi_q_192,csi_q_193,csi_q_194,csi_q_195,csi_q_196,csi_q_197,csi_q_198,csi_q_199,csi_q_200,csi_q_201,csi_q_202,csi_q_203,csi_q_204,csi_q_205,csi_q_206,csi_q_207,csi_q_208,csi_q_209,csi_q_210,csi_q_211,csi_q_212,csi_q_213,csi_q_214,csi_q_215,csi_q_216,csi_q_217,csi_q_218,csi_q_219,csi_q_220,csi_q_221,csi_q_222,csi_q_223,csi_q_224,csi_q_225,csi_q_226,csi_q_227,csi_q_228,csi_q_229,csi_q_230,csi_q_231,csi_q_232,csi_q_233,csi_q_234,csi_q_235,csi_q_236,csi_q_237,csi_q_238,csi_q_239,csi_q_240,csi_q_241,csi_q_242,csi_q_243,csi_q_244,csi_q_245,csi_q_246,csi_q_247,csi_q_248,csi_q_249,csi_q_250,csi_q_251,csi_q_252,csi_q_253,csi_q_254,csi_q_255,csi_q_256,csi_q_257,csi_q_258,csi_q_259,csi_q_260,csi_q_261,csi_q_262,csi_q_263,csi_q_264,csi_q_265,csi_q_266,csi_q_267,csi_q_268,csi_q_269,csi_q_270,csi_q_271,csi_q_272,csi_q_273,csi_q_274,csi_q_275,csi_q_276,csi_q_277,csi_q_278,csi_q_279,csi_q_280,csi_q_281,csi_q_282,csi_q_283,csi_q_284,csi_q_285,csi_q_286,csi_q_287,csi_q_288,csi_q_289,csi_q_290,csi_q_291,csi_q_292,csi_q_293,csi_q_294,csi_q_295,csi_q_296,csi_q_297,csi_q_298,csi_q_299,csi_q_300,csi_q_301,csi_q_302,csi_q_303,csi_q_304,csi_q_305,csi_q_306,csi_q_307,csi_q_308,csi_q_309,csi_q_310,csi_q_311,csi_q_312,csi_q_313,csi_q_314,csi_q_315,csi_q_316,csi_q_317,csi_q_318,csi_q_319,csi_q_320,csi_q_321,csi_q_322,csi_q_323,csi_q_324,csi_q_325,csi_q_326,csi_q_327,csi_q_328,csi_q_329,csi_q_330,csi_q_331,csi_q_332,csi_q_333,csi_q_334,csi_q_335,csi_q_336,csi_q_337,csi_q_338,csi_q_339,csi_q_340,csi_q_341,csi_q_342,csi_q_343,csi_q_344,csi_q_345,csi_q_346,csi_q_347,csi_q_348,csi_q_349,csi_q_350,csi_q_351,csi_q_352,csi_q_353,csi_q_354,csi_q_355,csi_q_356,csi_q_357,csi_q_358,csi_q_359,csi_q_360,csi_q_361,csi_q_362,csi_q_363,csi_q_364,csi_q_365,csi_q_366,csi_q_367,csi_q_368,csi_q_369,csi_q_370,csi_q_371,csi_q_372,csi_q_373,csi_q_374,csi_q_375,csi_q_376,csi_q_377,csi_q_378,csi_q_379,csi_q_380,csi_q_381,csi_q_382,csi_q_383,csi_q_384,csi_q_385,csi_q_386,csi_q_387,csi_q_388,csi_q_389,csi_q_390,csi_q_391,csi_q_392,csi_q_393,csi_q_394,csi_q_395,csi_q_396,csi_q_397,csi_q_398,csi_q_399,csi_q_400,csi_q_401,csi_q_402,csi_q_403,csi_q_404,csi_q_405,csi_q_406,csi_q_407,csi_q_408,csi_q_409,csi_q_410,csi_q_411,csi_q_412,csi_q_413,csi_q_414,csi_q_415,csi_q_416,csi_q_417,csi_q_418,csi_q_419,csi_q_420,csi_q_421,csi_q_422,csi_q_423,csi_q_424,csi_q_425,csi_q_426,csi_q_427,csi_q_428,csi_q_429,csi_q_430,csi_q_431,csi_q_432,csi_q_433,csi_q_434,csi_q_435,csi_q_436,csi_q_437,csi_q_438,csi_q_439,csi_q_440,csi_q_441,csi_q_442,csi_q_443,csi_q_444,csi_q_445,csi_q_446,csi_q_447,csi_q_448,csi_q_449,csi_q_450,csi_q_451,csi_q_452,csi_q_453,csi_q_454,csi_q_455,csi_q_456,csi_q_457,csi_q_458,csi_q_459,csi_q_460,csi_q_461,csi_q_462,csi_q_463,csi_q_464,csi_q_465,csi_q_466,csi_q_467,csi_q_468,csi_q_469,csi_q_470,csi_q_471,csi_q_472,csi_q_473,csi_q_474,csi_q_475,csi_q_476,csi_q_477,csi_q_478,csi_q_479,csi_q_480,csi_q_481,csi_q_482,csi_q_483,csi_q_484,csi_q_485,csi_q_486,csi_q_487,csi_q_488,csi_q_489,csi_q_490,csi_q_491,csi_q_492,csi_q_493,csi_q_494,csi_q_495,csi_q_496,csi_q_497,csi_q_498,csi_q_499,csi_q_500,csi_q_501,csi_q_502,csi_q_503,csi_q_504,csi_q_505,csi_q_506,csi_q_507,csi_q_508,csi_q_509,csi_q_510,csi_q_511
61930,mtk,MTK 7916,2149054910,rx2-tx0,512,0,0,0,0,0,0,0,0,0,0,0,0,0,0,0,0,0,0,0,0,0,0,0,0,0,0,0,0,0,0,0,0,0,0,0,0,0,0,0,0,0,0,0,0,0,0,0,0,0,0,0,0,0,0,0,0,0,0,0,0,0,0,0,0,0,0,0,0,0,0,0,0,0,0,0,0,0,0,0,0,0,0,0,0,0,0,0,0,0,0,0,0,0,0,0,0,0,0,0,0,0,0,0,0,0,0,0,0,0,0,0,0,0,0,0,0,0,0,0,0,0,0,0,0,0,0,0,0,0,0,0,0,0,0,0,0,0,0,0,0,0,0,0,0,0,0,0,0,0,0,0,0,0,0,0,0,0,0,0,0,0,0,0,0,0,0,0,0,0,0,0,0,0,0,0,0,0,0,0,0,0,0,0,0,0,0,0,0,0,0,0,0,0,0,0,0,0,0,0,0,0,0,0,0,0,0,0,0,0,0,0,0,0,0,0,0,0,0,0,0,0,0,0,0,0,0,0,0,0,0,0,0,0,0,0,0,0,0,0,0,0,0,0,0,0,0,0,0,0,0,0,0,0,0,0,0,794,667,823,-67,-33,8,46,84,126,164,177,160,127,78,8,-68,-130,-178,-197,-190,-153,-81,7,96,176,227,236,191,121,26,-85,-169,-219,-233,-204,-140,-46,66,164,223,245,221,152,39,-79,-181,-235,-261,-230,-150,-41,67,186,263,275,237,169,59,-70,-195,-272,-292,-246,-172,-67,69,184,249,271,232,168,53,-74,-176,-227,-243,-211,-127,-22,70,150,207,219,171,90,4,-88,-168,-205,-199,-146,-69,17,97,150,169,170,134,58,-14,-70,-113,-136,-118,-89,-42,22,64,66,60,44,21,-12,-48,-64,-53,-12,34,64,84,96,72,25,-26,-79,-117,-140,-121,0,-18,60,133,178,180,153,92,-7,-102,-169,-208,-222,-196,-128,-25,89,174,231,253,226,147,34,-75,-157,-219,-234,-211,-137,-33,69,151,201,208,177,111,30,-56,-131,-180,-195,-154,-94,-15,58,104,136,144,108,44,-9,-49,-78,-93,-87,-48,3,42,73,87,70,31,-21,-68,-108,-131,-124,-74,-9,50,99,144,156,141,94,38,-32,-82,-122,-141,-127,-79,-33,17,58,81,86,75,50,16,-16,-49,-64,-62,-34,9,61,87,105,92,51,-5,-65,-133,-183,-201,-190,-145,-76,25,125,202,250,273,261,209,114,-5,-113,-195,-272,-317,-324,-294,-235,-150,-137,154,0,0,0,0,0,0,0,0,0,0,0,0,0,0,0,0,0,0,0,0,0,0,0,0,0,0,0,0,0,0,0,0,0,0,0,0,0,0,0,0,0,0,0,0,0,0,0,0,0,0,0,0,0,0,0,0,0,0,0,0,0,0,0,0,0,0,0,0,0,0,0,0,0,0,0,0,0,0,0,0,0,0,0,0,0,0,0,0,0,0,0,0,0,0,0,0,0,0,0,0,0,0,0,0,0,0,0,0,0,0,0,0,0,0,0,0,0,0,0,0,0,0,0,0,0,0,0,0,0,0,0,0,0,0,0,0,0,0,0,0,0,0,0,0,0,0,0,0,0,0,0,0,0,0,0,0,0,0,0,0,0,0,0,0,0,0,0,0,0,0,0,0,0,0,0,0,0,0,0,0,0,0,0,0,0,0,0,0,0,0,0,0,0,0,0,0,0,0,0,0,0,0,0,0,0,0,0,0,0,0,0,0,0,0,0,0,0,0,0,0,0,0,0,0,0,0,0,0,0,0,0,0,0,0,0,0,0,0,0,0,0,0,0,0,0,0,0,0,0,0,0,0,0,0,0,0,572,567,299,-105,-130,-148,-144,-131,-113,-64,5,73,130,168,178,172,138,79,-2,-84,-158,-203,-220,-195,-142,-53,44,125,182,213,214,174,97,0,-102,-190,-234,-225,-169,-85,17,128,215,255,243,194,90,-39,-149,-223,-278,-271,-204,-106,10,146,256,296,281,223,114,-8,-132,-251,-298,-278,-210,-118,4,131,222,266,275,213,99,-25,-132,-206,-237,-218,-158,-63,39,116,183,221,190,118,36,-56,-136,-186,-185,-158,-99,-12,71,105,129,141,122,74,15,-47,-88,-94,-93,-75,-46,2,40,68,58,26,-5,-45,-72,-70,-48,-17,35,76,96,95,80,41,-16,-77,0,-159,-168,-118,-30,49,122,191,220,207,149,57,-44,-145,-221,-249,-246,-194,-96,14,126,223,251,219,171,101,3,-105,-177,-223,-215,-171,-84,20,113,170,186,181,149,63,-26,-95,-144,-164,-153,-117,-50,22,87,117,125,100,50,-8,-59,-85,-92,-68,-31,10,63,111,119,97,45,-9,-71,-129,-146,-142,-111,-56,13,68,116,146,152,128,72,-5,-62,-84,-103,-119,-95,-47,3,47,61,62,56,43,-4,-51,-78,-79,-60,-19,31,89,128,147,142,102,46,-16,-93,-172,-227,-250,-228,-164,-72,28,134,219,279,304,296,249,170,79,-20,-108,-176,-233,842,845
61931,mtk,MTK 7916,2149054910,rx2-tx1,512,0,0,0,0,0,0,0,0,0,0,0,0,0,0,0,0,0,0,0,0,0,0,0,0,0,0,0,0,0,0,0,0,0,0,0,0,0,0,0,0,0,0,0,0,0,0,0,0,0,0,0,0,0,0,0,0,0,0,0,0,0,0,0,0,0,0,0,0,0,0,0,0,0,0,0,0,0,0,0,0,0,0,0,0,0,0,0,0,0,0,0,0,0,0,0,0,0,0,0,0,0,0,0,0,0,0,0,0,0,0,0,0,0,0,0,0,0,0,0,0,0,0,0,0,0,0,0,0,0,0,0,0,0,0,0,0,0,0,0,0,0,0,0,0,0,0,0,0,0,0,0,0,0,0,0,0,0,0,0,0,0,0,0,0,0,0,0,0,0,0,0,0,0,0,0,0,0,0,0,0,0,0,0,0,0,0,0,0,0,0,0,0,0,0,0,0,0,0,0,0,0,0,0,0,0,0,0,0,0,0,0,0,0,0,0,0,0,0,0,0,0,0,0,0,0,0,0,0,0,0,0,0,0,0,0,0,0,0,0,0,0,0,0,0,0,0,0,0,0,0,0,0,0,0,0,0,381,-358,-529,-11,-10,-3,15,37,59,65,78,82,64,36,9,-35,-69,-88,-111,-104,-78,-45,-10,47,90,121,140,136,91,23,-48,-113,-171,-201,-190,-142,-62,42,145,223,258,254,206,108,-28,-163,-274,-338,-351,-298,-183,-26,146,292,393,445,394,257,80,-109,-298,-443,-502,-471,-353,-148,80,301,491,588,572,456,267,18,-259,-490,-611,-626,-539,-338,-71,198,426,584,647,580,391,139,-124,-362,-535,-605,-548,-381,-167,68,305,475,544,504,373,162,-73,-269,-414,-481,-446,-323,-137,78,280,409,443,396,274,97,-100,-271,-374,-389,-335,-229,-71,108,263,352,365,302,0,16,-139,-251,-323,-329,-246,-123,23,171,268,305,283,205,81,-60,-184,-268,-297,-257,-167,-23,123,233,284,268,215,114,-18,-158,-262,-315,-296,-208,-67,86,216,292,334,318,224,83,-65,-202,-303,-344,-319,-232,-98,59,193,291,335,309,221,101,-43,-173,-262,-284,-267,-203,-97,28,144,222,249,230,159,62,-34,-122,-198,-223,-202,-159,-95,-2,90,157,190,194,159,89,19,-41,-101,-145,-158,-145,-108,-56,-8,31,47,60,70,62,57,47,25,11,8,16,23,5,-15,-32,-50,-70,-85,-94,-88,-61,-24,11,48,95,126,133,145,141,105,61,18,-33,301,87,0,0,0,0,0,0,0,0,0,0,0,0,0,0,0,0,0,0,0,0,0,0,0,0,0,0,0,0,0,0,0,0,0,0,0,0,0,0,0,0,0,0,0,0,0,0,0,0,0,0,0,0,0,0,0,0,0,0,0,0,0,0,0,0,0,0,0,0,0,0,0,0,0,0,0,0,0,0,0,0,0,0,0,0,0,0,0,0,0,0,0,0,0,0,0,0,0,0,0,0,0,0,0,0,0,0,0,0,0,0,0,0,0,0,0,0,0,0,0,0,0,0,0,0,0,0,0,0,0,0,0,0,0,0,0,0,0,0,0,0,0,0,0,0,0,0,0,0,0,0,0,0,0,0,0,0,0,0,0,0,0,0,0,0,0,0,0,0,0,0,0,0,0,0,0,0,0,0,0,0,0,0,0,0,0,0,0,0,0,0,0,0,0,0,0,0,0,0,0,0,0,0,0,0,0,0,0,0,0,0,0,0,0,0,0,0,0,0,0,0,0,0,0,0,0,0,0,0,0,0,0,0,0,0,0,0,0,0,0,0,0,0,0,0,0,0,0,0,0,0,0,0,0,0,0,0,-1037,-603,-459,-36,-43,-54,-60,-58,-40,-13,10,25,51,75,85,86,75,45,4,-38,-75,-98,-109,-113,-92,-45,28,93,135,153,153,131,70,-10,-90,-163,-218,-238,-204,-125,-28,83,194,285,311,274,190,72,-83,-219,-323,-389,-390,-311,-143,47,221,369,473,479,389,213,-1,-214,-407,-527,-554,-478,-324,-85,160,383,556,631,577,404,154,-118,-364,-559,-649,-630,-486,-237,36,294,513,619,605,499,301,30,-228,-429,-557,-571,-474,-288,-51,189,392,498,509,421,251,36,-181,-346,-452,-468,-384,-213,-22,170,321,413,414,326,164,-23,-199,-324,-382,-374,-279,-132,37,184,0,356,321,211,70,-84,-214,-303,-323,-281,-172,-39,98,221,293,307,242,113,-25,-145,-247,-300,-290,-199,-68,70,193,275,302,259,169,31,-118,-252,-333,-331,-255,-147,-9,129,246,321,338,276,170,19,-127,-249,-325,-332,-285,-181,-40,113,227,289,306,257,150,28,-94,-201,-264,-259,-214,-138,-31,88,187,243,244,205,126,20,-78,-152,-191,-209,-193,-137,-55,24,90,137,161,159,127,76,22,-35,-78,-110,-127,-99,-65,-43,-24,3,13,14,29,41,31,25,43,58,57,48,44,29,2,-33,-58,-77,-100,-128,-132,-94,-58,-19,34,80,117,152,153,127,-634,-694
61932,mtk,MTK 7916,2149240854,rx0-tx0,512,0,0,0,0,0,0,0,0,0,0,0,0,0,0,0,0,0,0,0,0,0,0,0,0,0,0,0,0,0,0,0,0,0,0,0,0,0,0,0,0,0,0,0,0,0,0,0,0,0,0,0,0,0,0,0,0,0,0,0,0,0,0,0,0,0,0,0,0,0,0,0,0,0,0,0,0,0,0,0,0,0,0,0,0,0,0,0,0,0,0,0,0,0,0,0,0,0,0,0,0,0,0,0,0,0,0,0,0,0,0,0,0,0,0,0,0,0,0,0,0,0,0,0,0,0,0,0,0,0,0,0,0,0,0,0,0,0,0,0,0,0,0,0,0,0,0,0,0,0,0,0,0,0,0,0,0,0,0,0,0,0,0,0,0,0,0,0,0,0,0,0,0,0,0,0,0,0,0,0,0,0,0,0,0,0,0,0,0,0,0,0,0,0,0,0,0,0,0,0,0,0,0,0,0,0,0,0,0,0,0,0,0,0,0,0,0,0,0,0,0,0,0,0,0,0,0,0,0,0,0,0,0,0,0,0,0,0,0,0,0,0,0,0,0,0,0,0,0,0,0,0,0,0,0,0,0,-364,-863,-977,138,-116,-412,-650,-760,-737,-589,-351,-86,189,448,657,790,856,836,731,570,333,77,-197,-455,-680,-843,-939,-964,-897,-767,-581,-353,-89,199,468,689,876,1000,1032,1020,932,745,520,263,-8,-281,-557,-794,-989,-1122,-1161,-1127,-1005,-812,-572,-277,44,346,626,867,1057,1167,1190,1138,1007,809,566,276,-21,-313,-573,-806,-990,-1095,-1133,-1088,-987,-806,-593,-358,-103,159,396,614,797,911,978,1003,955,850,706,517,286,62,-180,-419,-609,-774,-896,-938,-934,-886,-772,-608,-406,-175,45,241,431,581,695,768,792,762,703,610,478,325,175,22,-124,-270,-389,-486,-573,-623,-652,-654,-330,-573,-495,-401,-277,-121,63,232,398,561,709,814,878,886,843,749,599,392,155,-76,-336,-580,-790,-958,-1070,-1103,-1074,-990,-830,-592,-326,-28,266,555,805,1004,1136,1204,1197,1105,953,729,462,169,-136,-427,-709,-943,-1115,-1228,-1262,-1215,-1106,-919,-651,-356,-26,308,618,897,1125,1281,1364,1339,1232,1033,782,461,96,-254,-605,-914,-1167,-1345,-1427,-1408,-1292,-1071,-783,-440,-45,337,702,1017,1264,1416,1470,1383,1193,942,609,216,-173,-555,-899,-1157,-1328,-1381,-1322,-1175,-934,-602,-237,151,511,821,1069,1222,1265,1206,1046,790,478,123,-276,-649,-956,-1183,-1281,-1242,-1037,-664,-182,325,751,969,-89,-384,0,0,0,0,0,0,0,0,0,0,0,0,0,0,0,0,0,0,0,0,0,0,0,0,0,0,0,0,0,0,0,0,0,0,0,0,0,0,0,0,0,0,0,0,0,0,0,0,0,0,0,0,0,0,0,0,0,0,0,0,0,0,0,0,0,0,0,0,0,0,0,0,0,0,0,0,0,0,0,0,0,0,0,0,0,0,0,0,0,0,0,0,0,0,0,0,0,0,0,0,0,0,0,0,0,0,0,0,0,0,0,0,0,0,0,0,0,0,0,0,0,0,0,0,0,0,0,0,0,0,0,0,0,0,0,0,0,0,0,0,0,0,0,0,0,0,0,0,0,0,0,0,0,0,0,0,0,0,0,0,0,0,0,0,0,0,0,0,0,0,0,0,0,0,0,0,0,0,0,0,0,0,0,0,0,0,0,0,0,0,0,0,0,0,0,0,0,0,0,0,0,0,0,0,0,0,0,0,0,0,0,0,0,0,0,0,0,0,0,0,0,0,0,0,0,0,0,0,0,0,0,0,0,0,0,0,0,0,0,0,0,0,0,0,0,0,0,0,0,0,0,0,0,0,0,0,-49,-485,-179,-523,-609,-544,-334,-39,269,537,724,805,800,699,512,287,32,-242,-485,-693,-836,-891,-884,-789,-642,-435,-193,80,358,604,804,939,1009,999,895,745,547,289,24,-239,-516,-759,-938,-1053,-1094,-1062,-955,-781,-562,-275,27,321,614,852,1040,1157,1181,1131,1013,834,576,277,-35,-342,-627,-865,-1045,-1146,-1169,-1122,-1006,-833,-584,-313,-24,250,511,734,890,1007,1054,1034,959,837,646,428,203,-37,-291,-498,-683,-841,-935,-976,-962,-866,-726,-567,-349,-116,105,320,522,694,823,884,875,832,740,600,437,248,51,-135,-297,-440,-565,-637,-675,-687,-671,-627,-544,-454,-331,-195,-53,90,-82,355,468,570,662,730,756,734,674,575,438,266,71,-152,-366,-576,-761,-911,-985,-1015,-980,-869,-699,-495,-248,29,300,572,821,1003,1131,1188,1156,1055,875,657,392,104,-203,-496,-765,-988,-1134,-1226,-1224,-1167,-1036,-817,-572,-279,46,358,652,928,1130,1266,1323,1287,1168,980,727,422,78,-281,-618,-913,-1148,-1328,-1393,-1379,-1269,-1067,-793,-467,-97,279,654,976,1217,1383,1445,1404,1264,1037,729,366,-29,-438,-775,-1071,-1305,-1417,-1412,-1314,-1100,-800,-440,-52,329,678,984,1208,1311,1309,1203,994,716,366,-2,-360,-695,-970,-1148,-1238,-1224,-1072,-821,-479,-64,374,799,1119,1266,1197,907,530,-961,-896
61933,mtk,MTK 7916,2149240854,rx0-tx1,512,0,0,0,0,0,0,0,0,0,0,0,0,0,0,0,0,0,0,0,0,0,0,0,0,0,0,0,0,0,0,0,0,0,0,0,0,0,0,0,0,0,0,0,0,0,0,0,0,0,0,0,0,0,0,0,0,0,0,0,0,0,0,0,0,0,0,0,0,0,0,0,0,0,0,0,0,0,0,0,0,0,0,0,0,0,0,0,0,0,0,0,0,0,0,0,0,0,0,0,0,0,0,0,0,0,0,0,0,0,0,0,0,0,0,0,0,0,0,0,0,0,0,0,0,0,0,0,0,0,0,0,0,0,0,0,0,0,0,0,0,0,0,0,0,0,0,0,0,0,0,0,0,0,0,0,0,0,0,0,0,0,0,0,0,0,0,0,0,0,0,0,0,0,0,0,0,0,0,0,0,0,0,0,0,0,0,0,0,0,0,0,0,0,0,0,0,0,0,0,0,0,0,0,0,0,0,0,0,0,0,0,0,0,0,0,0,0,0,0,0,0,0,0,0,0,0,0,0,0,0,0,0,0,0,0,0,0,0,0,0,0,0,0,0,0,0,0,0,0,0,0,0,0,0,0,0,-449,23,7,-200,30,330,585,736,754,650,449,170,-120,-399,-640,-806,-912,-925,-836,-660,-405,-106,229,536,814,1014,1123,1128,1004,810,526,196,-171,-509,-788,-1001,-1122,-1162,-1068,-896,-670,-387,-90,179,454,676,819,915,964,910,787,655,469,262,55,-143,-319,-479,-600,-706,-734,-725,-700,-619,-514,-390,-257,-113,49,191,336,471,578,654,714,724,718,660,564,433,262,53,-176,-379,-575,-732,-848,-924,-926,-870,-756,-578,-380,-174,60,296,511,689,833,902,934,915,841,707,544,345,126,-117,-347,-563,-757,-891,-989,-1023,-986,-894,-729,-529,-292,-40,236,497,726,900,1032,1094,1067,996,510,654,406,144,-134,-409,-653,-843,-981,-1067,-1089,-1025,-910,-742,-542,-306,-44,217,449,650,838,967,1039,1074,1032,942,802,592,351,92,-184,-461,-717,-936,-1120,-1257,-1310,-1287,-1168,-978,-724,-395,-22,390,788,1137,1421,1624,1724,1686,1513,1225,848,373,-146,-651,-1131,-1530,-1804,-1958,-1948,-1799,-1501,-1084,-571,-2,557,1080,1526,1828,1989,1993,1845,1543,1115,598,38,-510,-1015,-1434,-1741,-1903,-1886,-1724,-1417,-1002,-491,60,577,1048,1410,1673,1749,1659,1425,1052,607,130,-352,-792,-1125,-1332,-1411,-1337,-1148,-874,-507,-127,247,577,815,977,1044,1010,867,646,354,37,-278,-563,-779,-881,-847,-658,-359,-67,11,27,0,0,0,0,0,0,0,0,0,0,0,0,0,0,0,0,0,0,0,0,0,0,0,0,0,0,0,0,0,0,0,0,0,0,0,0,0,0,0,0,0,0,0,0,0,0,0,0,0,0,0,0,0,0,0,0,0,0,0,0,0,0,0,0,0,0,0,0,0,0,0,0,0,0,0,0,0,0,0,0,0,0,0,0,0,0,0,0,0,0,0,0,0,0,0,0,0,0,0,0,0,0,0,0,0,0,0,0,0,0,0,0,0,0,0,0,0,0,0,0,0,0,0,0,0,0,0,0,0,0,0,0,0,0,0,0,0,0,0,0,0,0,0,0,0,0,0,0,0,0,0,0,0,0,0,0,0,0,0,0,0,0,0,0,0,0,0,0,0,0,0,0,0,0,0,0,0,0,0,0,0,0,0,0,0,0,0,0,0,0,0,0,0,0,0,0,0,0,0,0,0,0,0,0,0,0,0,0,0,0,0,0,0,0,0,0,0,0,0,0,0,0,0,0,0,0,0,0,0,0,0,0,0,0,0,0,0,0,0,0,0,0,0,0,0,0,0,0,0,0,0,0,0,0,0,0,26,-19,-32,467,590,573,402,135,-173,-452,-680,-809,-831,-767,-596,-376,-105,198,479,736,916,1026,1030,919,717,443,133,-214,-544,-830,-1046,-1162,-1169,-1051,-854,-589,-281,61,391,660,866,1008,1050,1030,954,766,542,312,52,-204,-401,-572,-720,-803,-825,-799,-735,-634,-503,-335,-143,14,185,341,470,572,634,678,672,651,612,529,413,283,129,-19,-203,-381,-545,-683,-790,-861,-864,-811,-708,-539,-346,-120,122,346,563,738,847,917,937,888,779,635,449,228,18,-222,-442,-627,-768,-889,-956,-969,-904,-801,-641,-438,-211,50,291,527,740,896,1009,1057,1038,948,797,613,382,91,-194,-457,-82,-893,-1022,-1092,-1094,-1029,-884,-692,-463,-206,67,328,559,760,908,1014,1062,1038,958,829,657,422,189,-60,-315,-547,-765,-946,-1063,-1129,-1153,-1102,-975,-784,-548,-266,50,381,708,985,1235,1414,1510,1500,1365,1128,806,417,-27,-485,-929,-1311,-1628,-1833,-1873,-1781,-1551,-1189,-740,-218,339,872,1339,1698,1941,2013,1932,1706,1345,864,320,-244,-800,-1284,-1658,-1895,-1974,-1893,-1672,-1306,-836,-301,260,769,1218,1571,1798,1848,1729,1457,1076,604,65,-449,-917,-1283,-1502,-1583,-1519,-1305,-975,-580,-139,299,671,970,1153,1204,1158,989,747,450,114,-218,-515,-740,-889,-944,-894,-735,-478,-154,200,504,688,718,26,11
61934,mtk,MTK 7916,2149240854,rx1-tx0,512,0,0,0,0,0,0,0,0,0,0,0,0,0,0,0,0,0,0,0,0,0,0,0,0,0,0,0,0,0,0,0,0,0,0,0,0,0,0,0,0,0,0,0,0,0,0,0,0,0,0,0,0,0,0,0,0,0,0,0,0,0,0,0,0,0,0,0,0,0,0,0,0,0,0,0,0,0,0,0,0,0,0,0,0,0,0,0,0,0,0,0,0,0,0,0,0,0,0,0,0,0,0,0,0,0,0,0,0,0,0,0,0,0,0,0,0,0,0,0,0,0,0,0,0,0,0,0,0,0,0,0,0,0,0,0,0,0,0,0,0,0,0,0,0,0,0,0,0,0,0,0,0,0,0,0,0,0,0,0,0,0,0,0,0,0,0,0,0,0,0,0,0,0,0,0,0,0,0,0,0,0,0,0,0,0,0,0,0,0,0,0,0,0,0,0,0,0,0,0,0,0,0,0,0,0,0,0,0,0,0,0,0,0,0,0,0,0,0,0,0,0,0,0,0,0,0,0,0,0,0,0,0,0,0,0,0,0,0,0,0,0,0,0,0,0,0,0,0,0,0,0,0,0,0,0,0,98,-269,-659,291,94,-197,-482,-687,-775,-730,-587,-355,-86,209,498,727,891,969,939,833,617,335,8,-339,-670,-937,-1124,-1210,-1167,-1016,-763,-430,-39,341,670,955,1145,1237,1183,1044,837,544,232,-78,-374,-641,-827,-938,-1000,-960,-853,-698,-518,-315,-96,115,293,452,566,641,696,697,660,595,498,387,272,135,-43,-187,-331,-471,-582,-661,-697,-683,-642,-552,-406,-248,-84,104,270,435,564,653,676,660,597,513,387,228,91,-66,-214,-318,-410,-465,-491,-484,-456,-410,-335,-248,-171,-79,0,89,156,214,264,305,338,349,347,337,296,270,230,162,77,-1,-92,-187,-281,-357,-398,-451,-686,-439,-394,-324,-231,-119,-8,109,240,349,434,491,519,523,491,420,335,228,112,-7,-147,-256,-352,-443,-501,-550,-557,-530,-475,-400,-295,-171,-42,93,248,394,522,622,673,695,676,607,488,338,160,-58,-275,-458,-629,-760,-822,-837,-793,-676,-521,-312,-76,137,343,531,678,771,809,796,720,580,432,255,52,-147,-325,-474,-584,-657,-681,-644,-584,-479,-338,-191,-38,108,252,375,464,516,526,513,475,408,331,221,106,-2,-111,-215,-311,-419,-496,-537,-557,-531,-448,-332,-183,-3,188,371,532,665,729,716,636,492,283,25,-254,-517,-729,-853,-855,-723,-457,-102,246,478,911,561,0,0,0,0,0,0,0,0,0,0,0,0,0,0,0,0,0,0,0,0,0,0,0,0,0,0,0,0,0,0,0,0,0,0,0,0,0,0,0,0,0,0,0,0,0,0,0,0,0,0,0,0,0,0,0,0,0,0,0,0,0,0,0,0,0,0,0,0,0,0,0,0,0,0,0,0,0,0,0,0,0,0,0,0,0,0,0,0,0,0,0,0,0,0,0,0,0,0,0,0,0,0,0,0,0,0,0,0,0,0,0,0,0,0,0,0,0,0,0,0,0,0,0,0,0,0,0,0,0,0,0,0,0,0,0,0,0,0,0,0,0,0,0,0,0,0,0,0,0,0,0,0,0,0,0,0,0,0,0,0,0,0,0,0,0,0,0,0,0,0,0,0,0,0,0,0,0,0,0,0,0,0,0,0,0,0,0,0,0,0,0,0,0,0,0,0,0,0,0,0,0,0,0,0,0,0,0,0,0,0,0,0,0,0,0,0,0,0,0,0,0,0,0,0,0,0,0,0,0,0,0,0,0,0,0,0,0,0,0,0,0,0,0,0,0,0,0,0,0,0,0,0,0,0,0,0,-999,-1299,-1142,-420,-578,-625,-516,-293,9,303,568,755,853,860,757,573,327,23,-290,-585,-843,-1007,-1088,-1064,-925,-694,-382,-13,371,720,1004,1199,1269,1205,1047,802,487,123,-248,-560,-834,-1020,-1107,-1115,-1039,-879,-634,-384,-114,159,382,570,704,797,832,809,739,636,489,338,178,-1,-154,-307,-436,-531,-597,-665,-671,-632,-589,-488,-364,-203,-34,136,283,453,579,651,703,705,657,574,434,254,74,-108,-265,-399,-529,-583,-603,-595,-534,-443,-346,-232,-108,9,114,208,293,338,382,388,386,368,328,287,235,172,107,40,-30,-106,-178,-234,-300,-353,-377,-386,-390,-366,-326,-241,-166,-75,9,153,264,359,431,480,495,484,452,382,299,191,60,-68,-196,-308,-402,-476,-517,-538,-512,-452,-384,-295,-192,-73,58,190,311,423,508,563,588,598,577,504,402,269,108,-54,-240,-415,-568,-683,-774,-807,-759,-659,-535,-346,-138,76,310,502,664,789,837,822,760,640,475,283,78,-136,-349,-512,-631,-722,-748,-722,-645,-528,-384,-219,-28,141,298,439,531,584,603,586,525,440,326,199,66,-65,-191,-283,-374,-438,-471,-474,-461,-423,-377,-303,-184,-61,81,245,393,507,602,648,639,564,445,273,47,-179,-401,-595,-744,-816,-790,-671,-461,-166,164,485,733,838,764,579,-968,-1207
61935,mtk,MTK 7916,2149240854,rx1-tx1,512,0,0,0,0,0,0,0,0,0,0,0,0,0,0,0,0,0,0,0,0,0,0,0,0,0,0,0,0,0,0,0,0,0,0,0,0,0,0,0,0,0,0,0,0,0,0,0,0,0,0,0,0,0,0,0,0,0,0,0,0,0,0,0,0,0,0,0,0,0,0,0,0,0,0,0,0,0,0,0,0,0,0,0,0,0,0,0,0,0,0,0,0,0,0,0,0,0,0,0,0,0,0,0,0,0,0,0,0,0,0,0,0,0,0,0,0,0,0,0,0,0,0,0,0,0,0,0,0,0,0,0,0,0,0,0,0,0,0,0,0,0,0,0,0,0,0,0,0,0,0,0,0,0,0,0,0,0,0,0,0,0,0,0,0,0,0,0,0,0,0,0,0,0,0,0,0,0,0,0,0,0,0,0,0,0,0,0,0,0,0,0,0,0,0,0,0,0,0,0,0,0,0,0,0,0,0,0,0,0,0,0,0,0,0,0,0,0,0,0,0,0,0,0,0,0,0,0,0,0,0,0,0,0,0,0,0,0,0,0,0,0,0,0,0,0,0,0,0,0,0,0,0,0,0,0,0,-282,-331,-454,-161,-180,-173,-136,-63,25,117,201,248,243,191,95,-21,-141,-228,-257,-234,-159,-30,114,237,307,294,203,53,-128,-287,-375,-369,-275,-97,120,320,442,471,373,168,-106,-348,-515,-555,-471,-256,47,355,572,656,566,325,-8,-347,-606,-713,-642,-408,-51,341,649,791,728,479,101,-321,-678,-847,-801,-548,-144,316,679,867,846,590,178,-283,-661,-870,-858,-622,-211,249,643,869,861,618,219,-246,-649,-855,-829,-603,-221,227,606,812,794,571,197,-238,-611,-801,-769,-533,-159,258,591,765,722,482,120,-271,-580,-715,-653,-410,-52,313,585,697,608,335,-25,-358,-584,-654,0,-246,104,428,630,630,450,160,-195,-507,-661,-623,-415,-71,311,603,719,630,348,-34,-413,-691,-788,-660,-330,105,511,790,867,696,314,-169,-612,-900,-956,-752,-331,179,649,970,1038,803,349,-182,-681,-1002,-1056,-829,-376,183,688,1023,1097,869,411,-152,-685,-1043,-1114,-895,-447,113,648,1013,1104,904,473,-77,-601,-953,-1054,-886,-483,53,573,926,1031,870,490,-28,-530,-897,-1031,-892,-520,-18,479,852,1019,915,584,114,-390,-797,-1004,-963,-688,-247,247,671,930,975,790,418,-36,-474,-796,-923,-837,-570,-184,244,614,834,863,715,423,43,-342,-635,-803,-840,-728,-510,-240,70,220,32,0,0,0,0,0,0,0,0,0,0,0,0,0,0,0,0,0,0,0,0,0,0,0,0,0,0,0,0,0,0,0,0,0,0,0,0,0,0,0,0,0,0,0,0,0,0,0,0,0,0,0,0,0,0,0,0,0,0,0,0,0,0,0,0,0,0,0,0,0,0,0,0,0,0,0,0,0,0,0,0,0,0,0,0,0,0,0,0,0,0,0,0,0,0,0,0,0,0,0,0,0,0,0,0,0,0,0,0,0,0,0,0,0,0,0,0,0,0,0,0,0,0,0,0,0,0,0,0,0,0,0,0,0,0,0,0,0,0,0,0,0,0,0,0,0,0,0,0,0,0,0,0,0,0,0,0,0,0,0,0,0,0,0,0,0,0,0,0,0,0,0,0,0,0,0,0,0,0,0,0,0,0,0,0,0,0,0,0,0,0,0,0,0,0,0,0,0,0,0,0,0,0,0,0,0,0,0,0,0,0,0,0,0,0,0,0,0,0,0,0,0,0,0,0,0,0,0,0,0,0,0,0,0,0,0,0,0,0,0,0,0,0,0,0,0,0,0,0,0,0,0,0,0,0,0,0,288,-494,-358,12,-52,-128,-188,-225,-240,-216,-147,-48,67,176,241,262,220,133,7,-119,-225,-279,-265,-183,-44,115,247,329,329,233,68,-127,-298,-404,-420,-318,-121,116,340,490,523,420,207,-72,-353,-558,-611,-518,-287,37,355,599,708,629,370,13,-349,-635,-761,-690,-432,-53,346,667,823,770,501,100,-323,-678,-868,-836,-592,-174,299,686,883,850,598,195,-265,-670,-874,-854,-623,-223,241,630,856,852,611,213,-236,-623,-842,-809,-570,-195,232,603,805,791,561,172,-263,-605,-781,-746,-506,-135,267,588,738,690,443,75,-294,-576,-702,-617,-368,-23,333,589,659,542,280,-63,0,-621,-662,-507,-194,168,476,646,629,432,106,-254,-543,-678,-614,-373,-14,369,652,745,635,336,-64,-459,-748,-829,-677,-333,120,558,849,913,724,330,-161,-625,-931,-982,-762,-331,185,668,989,1052,823,373,-177,-687,-1029,-1090,-858,-402,165,690,1031,1102,884,440,-124,-665,-1022,-1108,-910,-465,107,632,984,1087,887,457,-72,-573,-936,-1048,-880,-474,42,543,903,1023,875,488,-19,-517,-885,-1024,-900,-550,-56,433,816,1006,943,642,184,-320,-742,-976,-976,-743,-332,147,578,876,962,816,490,69,-357,-701,-886,-863,-642,-292,106,482,756,863,788,566,250,-80,-384,-615,-723,-708,-564,-592
61936,mtk,MTK 7916,2149240854,rx2-tx0,512,0,0,0,0,0,0,0,0,0,0,0,0,0,0,0,0,0,0,0,0,0,0,0,0,0,0,0,0,0,0,0,0,0,0,0,0,0,0,0,0,0,0,0,0,0,0,0,0,0,0,0,0,0,0,0,0,0,0,0,0,0,0,0,0,0,0,0,0,0,0,0,0,0,0,0,0,0,0,0,0,0,0,0,0,0,0,0,0,0,0,0,0,0,0,0,0,0,0,0,0,0,0,0,0,0,0,0,0,0,0,0,0,0,0,0,0,0,0,0,0,0,0,0,0,0,0,0,0,0,0,0,0,0,0,0,0,0,0,0,0,0,0,0,0,0,0,0,0,0,0,0,0,0,0,0,0,0,0,0,0,0,0,0,0,0,0,0,0,0,0,0,0,0,0,0,0,0,0,0,0,0,0,0,0,0,0,0,0,0,0,0,0,0,0,0,0,0,0,0,0,0,0,0,0,0,0,0,0,0,0,0,0,0,0,0,0,0,0,0,0,0,0,0,0,0,0,0,0,0,0,0,0,0,0,0,0,0,0,0,0,0,0,0,0,0,0,0,0,0,0,0,0,0,0,0,0,794,667,823,70,109,142,156,150,117,56,-22,-93,-156,-189,-179,-132,-63,26,111,185,217,198,124,27,-76,-153,-205,-220,-181,-92,28,133,205,228,192,104,-16,-127,-202,-222,-188,-106,14,123,194,222,202,123,-6,-135,-232,-265,-226,-133,-6,137,236,275,251,157,22,-111,-219,-274,-264,-180,-48,86,203,262,244,165,43,-78,-180,-242,-239,-161,-36,88,172,212,183,120,35,-77,-173,-204,-183,-122,-28,78,163,192,176,110,9,-71,-119,-148,-150,-105,-43,35,92,100,85,57,12,-29,-50,-54,-39,-10,29,40,34,5,-30,-53,-72,-69,-38,11,60,101,119,92,0,-42,-109,-147,-157,-131,-59,42,143,208,229,180,75,-36,-133,-216,-260,-218,-122,-2,114,213,241,219,146,33,-94,-180,-233,-224,-143,-35,79,184,222,199,131,34,-78,-172,-220,-203,-143,-44,69,140,160,160,109,23,-54,-103,-119,-99,-45,14,70,101,98,73,18,-54,-103,-114,-95,-44,33,97,134,135,98,46,-18,-90,-135,-151,-138,-82,-6,70,118,119,92,56,12,-38,-75,-91,-72,-39,0,37,59,51,19,-20,-56,-94,-89,-60,-5,60,115,138,135,110,52,-45,-142,-206,-233,-217,-154,-35,84,183,253,290,270,207,109,-17,-126,-205,-247,-254,-137,154,0,0,0,0,0,0,0,0,0,0,0,0,0,0,0,0,0,0,0,0,0,0,0,0,0,0,0,0,0,0,0,0,0,0,0,0,0,0,0,0,0,0,0,0,0,0,0,0,0,0,0,0,0,0,0,0,0,0,0,0,0,0,0,0,0,0,0,0,0,0,0,0,0,0,0,0,0,0,0,0,0,0,0,0,0,0,0,0,0,0,0,0,0,0,0,0,0,0,0,0,0,0,0,0,0,0,0,0,0,0,0,0,0,0,0,0,0,0,0,0,0,0,0,0,0,0,0,0,0,0,0,0,0,0,0,0,0,0,0,0,0,0,0,0,0,0,0,0,0,0,0,0,0,0,0,0,0,0,0,0,0,0,0,0,0,0,0,0,0,0,0,0,0,0,0,0,0,0,0,0,0,0,0,0,0,0,0,0,0,0,0,0,0,0,0,0,0,0,0,0,0,0,0,0,0,0,0,0,0,0,0,0,0,0,0,0,0,0,0,0,0,0,0,0,0,0,0,0,0,0,0,0,0,0,0,0,0,0,0,0,0,0,0,0,0,0,0,0,0,0,0,0,0,0,0,0,572,567,299,-94,-64,-35,12,70,123,163,177,156,100,25,-58,-134,-173,-182,-162,-98,-6,92,173,213,209,149,51,-53,-160,-230,-234,-185,-103,1,117,206,226,186,113,0,-127,-212,-234,-194,-106,4,123,217,252,224,131,0,-132,-230,-261,-229,-146,-14,135,244,282,248,160,32,-114,-222,-273,-261,-177,-50,86,191,246,245,164,42,-77,-173,-229,-217,-145,-26,89,165,197,183,113,3,-90,-164,-206,-184,-102,-15,75,149,176,160,112,34,-58,-115,-133,-128,-92,-29,26,71,89,67,23,-11,-30,-33,-16,15,41,56,54,35,-12,-52,-84,-95,-79,-20,43,94,0,149,114,45,-43,-129,-173,-184,-150,-84,25,132,215,234,201,112,-13,-135,-228,-258,-229,-140,-21,101,198,240,218,140,26,-92,-181,-237,-236,-157,-33,85,172,206,194,141,48,-64,-144,-179,-172,-114,-39,47,116,152,132,85,6,-55,-94,-109,-86,-29,34,76,98,93,37,-28,-75,-106,-119,-91,-34,32,92,136,152,128,73,4,-68,-130,-145,-115,-69,-17,57,104,107,84,52,9,-34,-73,-70,-39,-4,30,65,75,40,-11,-47,-80,-111,-107,-65,-1,74,144,186,196,161,74,-24,-121,-209,-257,-249,-191,-98,4,115,221,288,304,277,207,118,10,842,845
61937,mtk,MTK 7916,2149240854,rx2-tx1,512,0,0,0,0,0,0,0,0,0,0,0,0,0,0,0,0,0,0,0,0,0,0,0,0,0,0,0,0,0,0,0,0,0,0,0,0,0,0,0,0,0,0,0,0,0,0,0,0,0,0,0,0,0,0,0,0,0,0,0,0,0,0,0,0,0,0,0,0,0,0,0,0,0,0,0,0,0,0,0,0,0,0,0,0,0,0,0,0,0,0,0,0,0,0,0,0,0,0,0,0,0,0,0,0,0,0,0,0,0,0,0,0,0,0,0,0,0,0,0,0,0,0,0,0,0,0,0,0,0,0,0,0,0,0,0,0,0,0,0,0,0,0,0,0,0,0,0,0,0,0,0,0,0,0,0,0,0,0,0,0,0,0,0,0,0,0,0,0,0,0,0,0,0,0,0,0,0,0,0,0,0,0,0,0,0,0,0,0,0,0,0,0,0,0,0,0,0,0,0,0,0,0,0,0,0,0,0,0,0,0,0,0,0,0,0,0,0,0,0,0,0,0,0,0,0,0,0,0,0,0,0,0,0,0,0,0,0,0,0,0,0,0,0,0,0,0,0,0,0,0,0,0,0,0,0,0,381,-358,-529,26,43,52,46,38,21,-5,-32,-56,-77,-81,-72,-42,-6,35,75,98,93,75,35,-18,-73,-114,-136,-129,-88,-18,65,141,180,173,130,50,-42,-142,-220,-246,-202,-106,19,150,261,321,301,209,44,-144,-300,-389,-391,-294,-133,77,285,424,462,394,221,-26,-271,-456,-524,-475,-316,-65,211,438,576,578,426,167,-141,-405,-573,-623,-525,-275,50,346,552,629,568,358,63,-249,-497,-615,-569,-395,-128,167,412,544,539,396,162,-108,-352,-493,-509,-399,-178,74,303,441,450,349,165,-71,-276,-399,-417,-334,-161,50,248,365,381,294,136,-59,-235,-349,-358,-271,0,61,229,325,333,244,86,-86,-226,-310,-305,-222,-71,94,235,303,277,178,41,-110,-237,-292,-253,-150,-22,128,250,303,259,147,-8,-157,-270,-316,-284,-154,23,170,284,340,308,192,6,-172,-290,-337,-314,-212,-50,130,261,316,300,215,74,-86,-214,-286,-284,-211,-81,64,172,242,252,195,79,-49,-155,-221,-238,-194,-101,15,126,199,212,177,101,1,-90,-147,-177,-163,-118,-48,26,94,139,141,123,91,38,-30,-71,-88,-81,-73,-51,-35,-21,-4,29,41,45,55,57,66,67,49,20,-12,-46,-70,-88,-93,-92,-65,-18,25,69,110,141,147,118,70,301,87,0,0,0,0,0,0,0,0,0,0,0,0,0,0,0,0,0,0,0,0,0,0,0,0,0,0,0,0,0,0,0,0,0,0,0,0,0,0,0,0,0,0,0,0,0,0,0,0,0,0,0,0,0,0,0,0,0,0,0,0,0,0,0,0,0,0,0,0,0,0,0,0,0,0,0,0,0,0,0,0,0,0,0,0,0,0,0,0,0,0,0,0,0,0,0,0,0,0,0,0,0,0,0,0,0,0,0,0,0,0,0,0,0,0,0,0,0,0,0,0,0,0,0,0,0,0,0,0,0,0,0,0,0,0,0,0,0,0,0,0,0,0,0,0,0,0,0,0,0,0,0,0,0,0,0,0,0,0,0,0,0,0,0,0,0,0,0,0,0,0,0,0,0,0,0,0,0,0,0,0,0,0,0,0,0,0,0,0,0,0,0,0,0,0,0,0,0,0,0,0,0,0,0,0,0,0,0,0,0,0,0,0,0,0,0,0,0,0,0,0,0,0,0,0,0,0,0,0,0,0,0,0,0,0,0,0,0,0,0,0,0,0,0,0,0,0,0,0,0,0,0,0,0,0,0,0,-1037,-603,-459,-18,-9,6,20,38,56,62,63,57,30,-14,-40,-66,-85,-88,-66,-27,24,59,86,103,96,60,-1,-72,-134,-162,-152,-112,-37,61,148,202,210,173,87,-33,-154,-242,-269,-246,-164,-16,149,291,361,340,238,87,-107,-285,-401,-423,-343,-164,53,284,454,503,423,264,27,-238,-450,-558,-540,-372,-102,194,452,608,607,451,204,-95,-374,-573,-648,-564,-323,-4,303,518,616,579,390,106,-207,-456,-579,-565,-410,-148,137,376,520,516,385,168,-97,-332,-459,-472,-365,-160,80,301,431,444,335,154,-66,-259,-378,-409,-323,-147,47,228,348,368,294,142,-53,-222,0,-346,-264,-101,77,226,310,309,228,86,-94,-233,-302,-296,-203,-47,113,232,293,271,179,39,-115,-240,-299,-267,-160,-11,138,260,306,260,150,-1,-165,-288,-325,-279,-166,1,173,301,343,302,182,18,-153,-278,-340,-313,-215,-55,103,229,302,295,194,64,-65,-191,-272,-272,-203,-84,48,155,225,243,181,82,-24,-128,-194,-213,-180,-95,11,107,168,199,182,119,33,-53,-113,-152,-166,-141,-77,-1,57,98,111,100,87,54,1,-31,-48,-62,-69,-56,-42,-33,-23,-12,-9,8,38,63,76,78,71,55,22,-24,-60,-95,-129,-139,-118,-80,-35,11,59,102,-634,-694
61938,mtk,MTK 7916,2149274330,rx0-tx0,512,0,0,0,0,0,0,0,0,0,0,0,0,0,0,0,0,0,0,0,0,0,0,0,0,0,0,0,0,0,0,0,0,0,0,0,0,0,0,0,0,0,0,0,0,0,0,0,0,0,0,0,0,0,0,0,0,0,0,0,0,0,0,0,0,0,0,0,0,0,0,0,0,0,0,0,0,0,0,0,0,0,0,0,0,0,0,0,0,0,0,0,0,0,0,0,0,0,0,0,0,0,0,0,0,0,0,0,0,0,0,0,0,0,0,0,0,0,0,0,0,0,0,0,0,0,0,0,0,0,0,0,0,0,0,0,0,0,0,0,0,0,0,0,0,0,0,0,0,0,0,0,0,0,0,0,0,0,0,0,0,0,0,0,0,0,0,0,0,0,0,0,0,0,0,0,0,0,0,0,0,0,0,0,0,0,0,0,0,0,0,0,0,0,0,0,0,0,0,0,0,0,0,0,0,0,0,0,0,0,0,0,0,0,0,0,0,0,0,0,0,0,0,0,0,0,0,0,0,0,0,0,0,0,0,0,0,0,0,0,0,0,0,0,0,0,0,0,0,0,0,0,0,0,0,0,0,-364,-863,-977,533,441,117,-298,-634,-793,-729,-478,-112,278,609,815,857,725,448,97,-290,-630,-845,-929,-839,-593,-230,164,534,834,986,986,810,489,89,-319,-683,-951,-1060,-992,-790,-445,-38,386,747,1022,1133,1063,829,464,27,-413,-821,-1077,-1186,-1111,-859,-487,-31,441,850,1104,1212,1146,878,483,27,-432,-810,-1081,-1177,-1108,-857,-490,-72,375,736,974,1094,1057,848,547,164,-228,-571,-850,-999,-1005,-886,-646,-319,60,426,716,914,985,905,705,411,38,-311,-603,-824,-932,-894,-727,-466,-130,188,475,685,811,806,699,507,256,-28,-284,-497,-629,-690,-660,-551,-384,-180,27,254,444,595,-330,678,579,433,224,-25,-281,-509,-694,-794,-791,-671,-450,-157,155,485,765,938,980,882,644,306,-82,-470,-807,-1037,-1116,-1044,-795,-428,4,449,816,1063,1177,1132,907,522,79,-359,-771,-1071,-1225,-1189,-990,-648,-212,264,698,1042,1238,1251,1097,786,348,-155,-648,-1029,-1270,-1340,-1206,-891,-438,86,601,1033,1308,1400,1264,930,468,-68,-608,-1054,-1343,-1434,-1286,-950,-467,103,659,1112,1387,1441,1255,880,347,-244,-771,-1182,-1407,-1393,-1145,-712,-163,409,901,1246,1375,1262,938,462,-86,-624,-1039,-1259,-1273,-1057,-668,-156,384,832,1144,1242,1122,776,270,-313,-853,-1219,-1297,-1068,-544,134,731,1027,-89,-384,0,0,0,0,0,0,0,0,0,0,0,0,0,0,0,0,0,0,0,0,0,0,0,0,0,0,0,0,0,0,0,0,0,0,0,0,0,0,0,0,0,0,0,0,0,0,0,0,0,0,0,0,0,0,0,0,0,0,0,0,0,0,0,0,0,0,0,0,0,0,0,0,0,0,0,0,0,0,0,0,0,0,0,0,0,0,0,0,0,0,0,0,0,0,0,0,0,0,0,0,0,0,0,0,0,0,0,0,0,0,0,0,0,0,0,0,0,0,0,0,0,0,0,0,0,0,0,0,0,0,0,0,0,0,0,0,0,0,0,0,0,0,0,0,0,0,0,0,0,0,0,0,0,0,0,0,0,0,0,0,0,0,0,0,0,0,0,0,0,0,0,0,0,0,0,0,0,0,0,0,0,0,0,0,0,0,0,0,0,0,0,0,0,0,0,0,0,0,0,0,0,0,0,0,0,0,0,0,0,0,0,0,0,0,0,0,0,0,0,0,0,0,0,0,0,0,0,0,0,0,0,0,0,0,0,0,0,0,0,0,0,0,0,0,0,0,0,0,0,0,0,0,0,0,0,0,-49,-485,-179,-131,-454,-689,-682,-447,-67,343,662,819,794,600,264,-118,-484,-757,-879,-864,-663,-353,31,428,749,946,958,828,544,164,-242,-628,-904,-1018,-984,-794,-472,-57,357,727,986,1087,1029,809,468,32,-409,-787,-1050,-1154,-1086,-855,-473,-37,437,830,1107,1213,1140,872,485,36,-439,-855,-1110,-1209,-1113,-866,-499,-44,400,783,1035,1152,1090,861,515,127,-304,-655,-904,-1039,-1007,-862,-588,-227,145,498,785,966,1009,902,675,362,-6,-362,-657,-874,-960,-896,-720,-450,-105,254,564,793,886,852,707,481,181,-124,-396,-597,-726,-747,-676,-523,-311,-79,177,384,548,623,647,597,477,309,-82,-135,-353,-535,-670,-728,-688,-568,-357,-80,220,515,745,861,883,788,558,250,-116,-478,-785,-988,-1043,-953,-730,-370,37,464,833,1066,1165,1080,831,476,49,-394,-811,-1094,-1195,-1152,-944,-591,-144,326,740,1054,1220,1213,1030,713,272,-203,-646,-1018,-1258,-1314,-1152,-820,-381,123,620,1026,1292,1359,1230,917,469,-66,-613,-1046,-1323,-1403,-1274,-944,-475,90,634,1076,1362,1434,1278,922,411,-162,-709,-1150,-1416,-1430,-1212,-807,-265,309,838,1220,1406,1341,1062,610,51,-507,-964,-1253,-1331,-1174,-809,-320,220,713,1078,1255,1196,929,498,-23,-553,-989,-1236,-1240,-984,-483,138,746,1166,1245,936,444,-961,-896
61939,mtk,MTK 7916,2149274330,rx0-tx1,512,0,0,0,0,0,0,0,0,0,0,0,0,0,0,0,0,0,0,0,0,0,0,0,0,0,0,0,0,0,0,0,0,0,0,0,0,0,0,0,0,0,0,0,0,0,0,0,0,0,0,0,0,0,0,0,0,0,0,0,0,0,0,0,0,0,0,0,0,0,0,0,0,0,0,0,0,0,0,0,0,0,0,0,0,0,0,0,0,0,0,0,0,0,0,0,0,0,0,0,0,0,0,0,0,0,0,0,0,0,0,0,0,0,0,0,0,0,0,0,0,0,0,0,0,0,0,0,0,0,0,0,0,0,0,0,0,0,0,0,0,0,0,0,0,0,0,0,0,0,0,0,0,0,0,0,0,0,0,0,0,0,0,0,0,0,0,0,0,0,0,0,0,0,0,0,0,0,0,0,0,0,0,0,0,0,0,0,0,0,0,0,0,0,0,0,0,0,0,0,0,0,0,0,0,0,0,0,0,0,0,0,0,0,0,0,0,0,0,0,0,0,0,0,0,0,0,0,0,0,0,0,0,0,0,0,0,0,0,0,0,0,0,0,0,0,0,0,0,0,0,0,0,0,0,0,0,-449,23,7,-525,-467,-195,189,549,763,756,547,210,-191,-553,-807,-906,-819,-562,-177,270,669,951,1055,953,670,229,-266,-705,-1041,-1178,-1089,-799,-360,149,618,972,1155,1124,891,517,55,-386,-752,-982,-1051,-938,-697,-359,28,391,658,841,899,800,596,328,24,-243,-501,-668,-743,-718,-592,-406,-171,86,315,516,646,674,657,532,366,141,-108,-351,-583,-740,-781,-750,-585,-342,-36,305,601,805,902,874,704,411,78,-280,-590,-824,-942,-916,-759,-508,-165,185,505,767,900,927,830,610,305,-41,-383,-716,-928,-989,-943,-741,-450,-85,304,649,911,1048,1020,847,545,172,-244,-627,-898,-1056,510,-904,-607,-254,158,562,868,1036,1068,948,695,342,-43,-433,-762,-979,-1054,-994,-793,-492,-118,267,597,886,1054,1060,935,700,359,-58,-477,-837,-1087,-1210,-1169,-959,-599,-127,384,856,1216,1432,1442,1209,791,211,-415,-1016,-1476,-1711,-1694,-1380,-839,-146,588,1263,1739,1928,1801,1381,713,-82,-858,-1492,-1904,-1997,-1742,-1202,-446,377,1134,1710,1968,1917,1539,874,80,-714,-1387,-1810,-1912,-1716,-1206,-479,313,1032,1561,1808,1738,1350,705,-34,-751,-1316,-1624,-1619,-1319,-769,-101,553,1077,1371,1375,1139,698,138,-396,-832,-1105,-1141,-958,-620,-160,290,674,912,954,803,480,49,-395,-734,-862,-736,-396,-14,11,27,0,0,0,0,0,0,0,0,0,0,0,0,0,0,0,0,0,0,0,0,0,0,0,0,0,0,0,0,0,0,0,0,0,0,0,0,0,0,0,0,0,0,0,0,0,0,0,0,0,0,0,0,0,0,0,0,0,0,0,0,0,0,0,0,0,0,0,0,0,0,0,0,0,0,0,0,0,0,0,0,0,0,0,0,0,0,0,0,0,0,0,0,0,0,0,0,0,0,0,0,0,0,0,0,0,0,0,0,0,0,0,0,0,0,0,0,0,0,0,0,0,0,0,0,0,0,0,0,0,0,0,0,0,0,0,0,0,0,0,0,0,0,0,0,0,0,0,0,0,0,0,0,0,0,0,0,0,0,0,0,0,0,0,0,0,0,0,0,0,0,0,0,0,0,0,0,0,0,0,0,0,0,0,0,0,0,0,0,0,0,0,0,0,0,0,0,0,0,0,0,0,0,0,0,0,0,0,0,0,0,0,0,0,0,0,0,0,0,0,0,0,0,0,0,0,0,0,0,0,0,0,0,0,0,0,0,0,0,0,0,0,0,0,0,0,0,0,0,0,0,0,0,0,0,0,0,26,-19,-32,35,372,629,681,510,161,-249,-589,-797,-826,-667,-359,33,434,771,957,962,765,413,-39,-487,-874,-1106,-1104,-912,-537,-37,460,880,1129,1169,990,646,192,-299,-713,-1006,-1120,-1022,-774,-401,24,417,727,921,968,852,621,345,-2,-338,-595,-774,-816,-754,-607,-362,-100,180,421,593,689,686,606,474,254,29,-216,-438,-593,-694,-703,-635,-474,-227,45,321,581,753,858,818,648,371,50,-296,-607,-824,-919,-893,-726,-462,-121,237,540,781,923,915,801,559,238,-102,-439,-720,-901,-950,-892,-706,-378,-31,345,677,906,1016,973,801,509,128,-274,-643,-914,-1067,-1078,-897,-595,-228,-82,599,883,1050,1085,949,657,289,-115,-505,-809,-1002,-1056,-968,-744,-411,-27,350,691,926,1047,1016,867,609,242,-168,-529,-840,-1056,-1133,-1052,-828,-479,-62,407,826,1155,1317,1297,1075,695,204,-380,-916,-1344,-1582,-1570,-1326,-834,-211,490,1125,1600,1829,1762,1404,790,36,-724,-1389,-1839,-1985,-1788,-1308,-596,233,1012,1618,1956,1962,1658,1051,270,-535,-1276,-1778,-1961,-1821,-1373,-679,98,849,1480,1834,1854,1547,975,235,-523,-1203,-1633,-1758,-1562,-1087,-428,298,942,1386,1554,1414,1025,444,-183,-737,-1138,-1281,-1176,-873,-417,107,554,892,1043,978,745,354,-96,-510,-806,-921,-822,-512,-74,358,654,712,26,11
61940,mtk,MTK 7916,2149274330,rx1-tx0,512,0,0,0,0,0,0,0,0,0,0,0,0,0,0,0,0,0,0,0,0,0,0,0,0,0,0,0,0,0,0,0,0,0,0,0,0,0,0,0,0,0,0,0,0,0,0,0,0,0,0,0,0,0,0,0,0,0,0,0,0,0,0,0,0,0,0,0,0,0,0,0,0,0,0,0,0,0,0,0,0,0,0,0,0,0,0,0,0,0,0,0,0,0,0,0,0,0,0,0,0,0,0,0,0,0,0,0,0,0,0,0,0,0,0,0,0,0,0,0,0,0,0,0,0,0,0,0,0,0,0,0,0,0,0,0,0,0,0,0,0,0,0,0,0,0,0,0,0,0,0,0,0,0,0,0,0,0,0,0,0,0,0,0,0,0,0,0,0,0,0,0,0,0,0,0,0,0,0,0,0,0,0,0,0,0,0,0,0,0,0,0,0,0,0,0,0,0,0,0,0,0,0,0,0,0,0,0,0,0,0,0,0,0,0,0,0,0,0,0,0,0,0,0,0,0,0,0,0,0,0,0,0,0,0,0,0,0,0,0,0,0,0,0,0,0,0,0,0,0,0,0,0,0,0,0,0,98,-269,-659,510,530,333,-41,-432,-711,-798,-685,-389,-7,388,726,917,917,729,392,-42,-502,-861,-1083,-1088,-874,-479,27,544,962,1218,1240,1030,598,48,-486,-944,-1199,-1255,-1074,-700,-229,276,692,992,1112,1029,771,437,35,-352,-643,-852,-913,-822,-639,-356,-59,233,478,648,724,709,604,407,164,-55,-295,-485,-620,-680,-643,-520,-323,-77,181,430,603,696,704,596,405,138,-158,-406,-593,-686,-673,-571,-365,-102,139,349,513,591,582,486,320,128,-61,-237,-363,-430,-440,-400,-321,-194,-68,60,183,268,322,346,339,285,206,94,-21,-135,-238,-312,-356,-364,-343,-256,-125,17,160,310,-686,467,443,358,224,42,-135,-303,-429,-497,-486,-418,-298,-125,64,243,408,498,528,486,364,213,14,-172,-344,-464,-544,-539,-471,-343,-157,65,275,460,593,643,600,479,285,40,-238,-492,-680,-768,-744,-593,-346,-34,297,574,763,834,774,593,319,-18,-338,-596,-768,-814,-743,-558,-281,39,337,589,747,762,666,493,240,-39,-315,-518,-642,-672,-594,-422,-189,52,258,436,555,577,505,378,195,1,-201,-343,-432,-477,-468,-386,-253,-101,77,270,423,514,539,491,337,120,-119,-368,-579,-675,-665,-514,-266,46,378,638,783,764,574,243,-163,-561,-822,-865,-673,-264,196,526,911,561,0,0,0,0,0,0,0,0,0,0,0,0,0,0,0,0,0,0,0,0,0,0,0,0,0,0,0,0,0,0,0,0,0,0,0,0,0,0,0,0,0,0,0,0,0,0,0,0,0,0,0,0,0,0,0,0,0,0,0,0,0,0,0,0,0,0,0,0,0,0,0,0,0,0,0,0,0,0,0,0,0,0,0,0,0,0,0,0,0,0,0,0,0,0,0,0,0,0,0,0,0,0,0,0,0,0,0,0,0,0,0,0,0,0,0,0,0,0,0,0,0,0,0,0,0,0,0,0,0,0,0,0,0,0,0,0,0,0,0,0,0,0,0,0,0,0,0,0,0,0,0,0,0,0,0,0,0,0,0,0,0,0,0,0,0,0,0,0,0,0,0,0,0,0,0,0,0,0,0,0,0,0,0,0,0,0,0,0,0,0,0,0,0,0,0,0,0,0,0,0,0,0,0,0,0,0,0,0,0,0,0,0,0,0,0,0,0,0,0,0,0,0,0,0,0,0,0,0,0,0,0,0,0,0,0,0,0,0,0,0,0,0,0,0,0,0,0,0,0,0,0,0,0,0,0,0,-999,-1299,-1142,59,-260,-571,-713,-610,-319,70,461,748,858,795,545,168,-255,-650,-922,-1038,-937,-638,-206,299,757,1086,1206,1096,768,288,-268,-773,-1151,-1281,-1184,-870,-398,127,639,1005,1195,1154,927,564,105,-349,-702,-929,-1018,-916,-695,-387,-19,302,577,751,797,744,588,367,114,-143,-380,-571,-656,-668,-608,-455,-255,-21,227,454,616,691,681,566,366,129,-149,-406,-601,-728,-712,-589,-380,-115,150,398,592,650,622,517,348,123,-98,-307,-437,-514,-513,-449,-323,-162,5,149,281,363,387,378,323,232,126,14,-104,-203,-287,-341,-352,-336,-269,-177,-61,67,201,327,401,418,404,329,9,12,-165,-313,-429,-489,-479,-403,-264,-76,115,286,424,504,510,456,335,160,-25,-226,-378,-489,-537,-504,-413,-269,-89,113,302,464,568,592,528,402,209,-19,-251,-463,-617,-700,-684,-545,-325,-46,257,532,730,827,782,613,347,26,-305,-590,-786,-846,-755,-568,-284,28,337,603,772,805,727,535,258,-49,-321,-548,-695,-723,-640,-453,-217,43,303,499,604,602,537,407,203,-39,-245,-405,-494,-517,-473,-356,-225,-57,124,295,412,474,499,442,311,136,-66,-287,-478,-584,-606,-533,-350,-78,216,492,672,743,651,431,98,-259,-588,-798,-840,-671,-308,138,555,796,770,541,-968,-1207
61941,mtk,MTK 7916,2149274330,rx1-tx1,512,0,0,0,0,0,0,0,0,0,0,0,0,0,0,0,0,0,0,0,0,0,0,0,0,0,0,0,0,0,0,0,0,0,0,0,0,0,0,0,0,0,0,0,0,0,0,0,0,0,0,0,0,0,0,0,0,0,0,0,0,0,0,0,0,0,0,0,0,0,0,0,0,0,0,0,0,0,0,0,0,0,0,0,0,0,0,0,0,0,0,0,0,0,0,0,0,0,0,0,0,0,0,0,0,0,0,0,0,0,0,0,0,0,0,0,0,0,0,0,0,0,0,0,0,0,0,0,0,0,0,0,0,0,0,0,0,0,0,0,0,0,0,0,0,0,0,0,0,0,0,0,0,0,0,0,0,0,0,0,0,0,0,0,0,0,0,0,0,0,0,0,0,0,0,0,0,0,0,0,0,0,0,0,0,0,0,0,0,0,0,0,0,0,0,0,0,0,0,0,0,0,0,0,0,0,0,0,0,0,0,0,0,0,0,0,0,0,0,0,0,0,0,0,0,0,0,0,0,0,0,0,0,0,0,0,0,0,0,0,0,0,0,0,0,0,0,0,0,0,0,0,0,0,0,0,0,-282,-331,-454,-81,-57,-21,26,80,131,177,217,246,253,221,158,88,5,-86,-172,-235,-266,-269,-229,-154,-52,63,178,273,342,361,331,243,114,-41,-194,-339,-443,-493,-456,-357,-207,-14,193,388,533,582,572,491,324,85,-162,-404,-592,-686,-685,-601,-413,-157,124,401,628,761,788,711,532,259,-62,-374,-637,-802,-864,-795,-608,-316,19,345,629,834,908,846,643,350,13,-330,-618,-807,-879,-815,-631,-354,-30,309,584,771,850,799,609,327,0,-308,-576,-759,-818,-737,-548,-279,22,314,558,722,760,669,481,223,-64,-345,-557,-658,-660,-570,-388,-131,142,386,563,639,611,487,0,12,-252,-473,-605,-630,-558,-390,-158,105,358,556,659,645,518,308,37,-263,-519,-678,-731,-671,-509,-236,82,402,660,817,856,761,541,219,-138,-484,-767,-941,-953,-836,-587,-234,160,534,831,1003,1035,906,617,250,-154,-551,-871,-1053,-1080,-952,-677,-295,134,533,850,1054,1103,984,711,339,-79,-483,-819,-1013,-1061,-959,-720,-363,48,439,749,948,1019,942,713,374,-8,-386,-706,-935,-1012,-938,-737,-443,-75,299,629,867,983,969,829,574,230,-132,-463,-738,-921,-985,-911,-720,-443,-126,213,502,731,861,888,803,637,407,124,-171,-432,-642,-787,-847,-824,-738,-598,-424,-246,-42,220,32,0,0,0,0,0,0,0,0,0,0,0,0,0,0,0,0,0,0,0,0,0,0,0,0,0,0,0,0,0,0,0,0,0,0,0,0,0,0,0,0,0,0,0,0,0,0,0,0,0,0,0,0,0,0,0,0,0,0,0,0,0,0,0,0,0,0,0,0,0,0,0,0,0,0,0,0,0,0,0,0,0,0,0,0,0,0,0,0,0,0,0,0,0,0,0,0,0,0,0,0,0,0,0,0,0,0,0,0,0,0,0,0,0,0,0,0,0,0,0,0,0,0,0,0,0,0,0,0,0,0,0,0,0,0,0,0,0,0,0,0,0,0,0,0,0,0,0,0,0,0,0,0,0,0,0,0,0,0,0,0,0,0,0,0,0,0,0,0,0,0,0,0,0,0,0,0,0,0,0,0,0,0,0,0,0,0,0,0,0,0,0,0,0,0,0,0,0,0,0,0,0,0,0,0,0,0,0,0,0,0,0,0,0,0,0,0,0,0,0,0,0,0,0,0,0,0,0,0,0,0,0,0,0,0,0,0,0,0,0,0,0,0,0,0,0,0,0,0,0,0,0,0,0,0,0,0,288,-494,-358,-157,-187,-214,-227,-221,-204,-165,-100,-23,50,120,195,246,260,240,201,130,37,-67,-164,-242,-298,-313,-273,-192,-76,58,202,321,395,413,380,296,158,-22,-208,-369,-478,-533,-526,-431,-262,-43,187,392,546,644,644,546,373,126,-150,-404,-604,-729,-737,-649,-461,-196,101,392,638,791,834,757,568,277,-54,-376,-643,-814,-885,-817,-619,-341,-17,325,614,819,888,821,640,366,35,-309,-609,-800,-873,-826,-638,-354,-28,287,565,750,818,752,576,299,-10,-309,-561,-735,-798,-724,-529,-253,41,333,565,700,718,622,439,177,-103,-352,-542,-661,-657,-532,-327,-74,182,413,0,641,580,427,205,-53,-304,-515,-643,-642,-535,-343,-95,173,424,618,704,672,514,264,-34,-335,-583,-745,-796,-721,-526,-242,107,444,716,875,909,804,568,224,-161,-528,-812,-977,-1003,-869,-608,-237,173,549,860,1053,1085,941,653,270,-151,-558,-876,-1059,-1096,-977,-691,-308,109,510,831,1035,1085,968,708,349,-65,-455,-785,-991,-1046,-941,-709,-364,35,415,731,946,1010,931,714,387,14,-351,-673,-901,-999,-952,-772,-493,-150,226,567,825,970,989,870,647,343,-14,-363,-656,-850,-939,-911,-768,-539,-256,49,342,587,764,847,828,722,552,323,67,-184,-407,-570,-660,-703,-708,-564,-592
61942,mtk,MTK 7916,2149274330,rx2-tx0,512,0,0,0,0,0,0,0,0,0,0,0,0,0,0,0,0,0,0,0,0,0,0,0,0,0,0,0,0,0,0,0,0,0,0,0,0,0,0,0,0,0,0,0,0,0,0,0,0,0,0,0,0,0,0,0,0,0,0,0,0,0,0,0,0,0,0,0,0,0,0,0,0,0,0,0,0,0,0,0,0,0,0,0,0,0,0,0,0,0,0,0,0,0,0,0,0,0,0,0,0,0,0,0,0,0,0,0,0,0,0,0,0,0,0,0,0,0,0,0,0,0,0,0,0,0,0,0,0,0,0,0,0,0,0,0,0,0,0,0,0,0,0,0,0,0,0,0,0,0,0,0,0,0,0,0,0,0,0,0,0,0,0,0,0,0,0,0,0,0,0,0,0,0,0,0,0,0,0,0,0,0,0,0,0,0,0,0,0,0,0,0,0,0,0,0,0,0,0,0,0,0,0,0,0,0,0,0,0,0,0,0,0,0,0,0,0,0,0,0,0,0,0,0,0,0,0,0,0,0,0,0,0,0,0,0,0,0,0,0,0,0,0,0,0,0,0,0,0,0,0,0,0,0,0,0,0,794,667,823,127,121,114,96,70,38,-5,-60,-111,-147,-175,-190,-177,-143,-104,-49,20,92,158,206,228,209,173,118,46,-41,-113,-179,-227,-244,-213,-151,-85,-1,85,160,209,225,219,177,92,-7,-92,-163,-234,-259,-235,-172,-104,-14,74,169,244,277,258,218,143,45,-67,-172,-252,-282,-261,-214,-156,-74,33,149,221,260,265,217,134,45,-48,-120,-186,-232,-227,-174,-100,-23,49,118,171,187,183,148,90,9,-57,-114,-149,-174,-179,-156,-112,-50,13,74,113,127,120,95,53,16,-22,-60,-66,-45,-29,1,23,43,63,62,34,4,-49,-89,-105,-104,-98,-73,-23,0,90,131,161,174,157,110,53,-28,-116,-178,-213,-228,-204,-157,-85,4,95,173,240,264,241,191,125,40,-66,-153,-213,-249,-248,-198,-116,-34,49,125,186,215,216,181,109,27,-47,-117,-166,-179,-167,-140,-102,-41,36,91,114,134,131,99,59,15,-46,-95,-105,-90,-61,-19,29,84,119,133,128,115,80,15,-54,-86,-120,-149,-168,-144,-92,-42,11,66,112,135,128,106,85,47,3,-34,-65,-73,-57,-34,-6,27,59,78,81,65,37,-5,-44,-87,-129,-155,-166,-153,-119,-63,12,94,154,201,242,273,266,227,165,89,15,-57,-135,-193,-231,-249,-259,-137,154,0,0,0,0,0,0,0,0,0,0,0,0,0,0,0,0,0,0,0,0,0,0,0,0,0,0,0,0,0,0,0,0,0,0,0,0,0,0,0,0,0,0,0,0,0,0,0,0,0,0,0,0,0,0,0,0,0,0,0,0,0,0,0,0,0,0,0,0,0,0,0,0,0,0,0,0,0,0,0,0,0,0,0,0,0,0,0,0,0,0,0,0,0,0,0,0,0,0,0,0,0,0,0,0,0,0,0,0,0,0,0,0,0,0,0,0,0,0,0,0,0,0,0,0,0,0,0,0,0,0,0,0,0,0,0,0,0,0,0,0,0,0,0,0,0,0,0,0,0,0,0,0,0,0,0,0,0,0,0,0,0,0,0,0,0,0,0,0,0,0,0,0,0,0,0,0,0,0,0,0,0,0,0,0,0,0,0,0,0,0,0,0,0,0,0,0,0,0,0,0,0,0,0,0,0,0,0,0,0,0,0,0,0,0,0,0,0,0,0,0,0,0,0,0,0,0,0,0,0,0,0,0,0,0,0,0,0,0,0,0,0,0,0,0,0,0,0,0,0,0,0,0,0,0,0,0,572,567,299,30,60,90,116,146,172,178,163,139,104,59,6,-58,-120,-172,-200,-207,-196,-141,-73,-6,58,131,195,235,233,194,137,64,-9,-80,-162,-213,-229,-213,-163,-93,-7,91,167,215,239,227,166,87,14,-78,-178,-245,-261,-239,-200,-131,-31,91,178,244,275,272,224,132,29,-69,-169,-243,-277,-267,-228,-163,-68,43,131,199,236,230,189,121,40,-46,-121,-183,-216,-209,-161,-103,-30,57,133,173,187,190,152,101,41,-24,-82,-134,-162,-167,-134,-90,-35,14,48,73,86,59,32,23,5,-18,-36,-35,-18,12,36,60,76,81,72,28,-25,-70,-109,-132,0,-107,-73,-24,38,102,163,201,203,177,131,53,-39,-125,-185,-226,-243,-232,-181,-106,-14,81,157,211,236,241,208,126,27,-57,-127,-194,-229,-217,-180,-125,-43,44,120,169,206,196,158,103,39,-38,-93,-144,-168,-166,-129,-78,-22,32,73,92,93,81,48,-3,-46,-78,-98,-96,-82,-60,-11,44,96,124,132,129,111,83,53,-11,-78,-121,-134,-136,-124,-84,-43,-7,38,73,84,93,80,55,13,-18,-44,-51,-54,-39,-14,22,59,88,104,114,100,56,0,-46,-98,-154,-195,-215,-210,-185,-140,-70,13,91,176,239,279,297,296,265,223,170,106,31,842,845
61943,mtk,MTK 7916,2149274330,rx2-tx1,512,0,0,0,0,0,0,0,0,0,0,0,0,0,0,0,0,0,0,0,0,0,0,0,0,0,0,0,0,0,0,0,0,0,0,0,0,0,0,0,0,0,0,0,0,0,0,0,0,0,0,0,0,0,0,0,0,0,0,0,0,0,0,0,0,0,0,0,0,0,0,0,0,0,0,0,0,0,0,0,0,0,0,0,0,0,0,0,0,0,0,0,0,0,0,0,0,0,0,0,0,0,0,0,0,0,0,0,0,0,0,0,0,0,0,0,0,0,0,0,0,0,0,0,0,0,0,0,0,0,0,0,0,0,0,0,0,0,0,0,0,0,0,0,0,0,0,0,0,0,0,0,0,0,0,0,0,0,0,0,0,0,0,0,0,0,0,0,0,0,0,0,0,0,0,0,0,0,0,0,0,0,0,0,0,0,0,0,0,0,0,0,0,0,0,0,0,0,0,0,0,0,0,0,0,0,0,0,0,0,0,0,0,0,0,0,0,0,0,0,0,0,0,0,0,0,0,0,0,0,0,0,0,0,0,0,0,0,0,0,0,0,0,0,0,0,0,0,0,0,0,0,0,0,0,0,0,381,-358,-529,34,28,18,8,3,-10,-23,-43,-54,-67,-74,-76,-67,-53,-28,7,49,75,91,101,105,99,79,34,-18,-66,-109,-145,-173,-174,-148,-102,-30,52,124,186,237,264,246,189,107,-1,-117,-222,-313,-357,-345,-294,-212,-93,63,205,326,414,450,429,354,219,39,-154,-327,-452,-531,-535,-467,-346,-177,29,242,431,552,611,598,497,312,103,-112,-329,-527,-630,-628,-548,-417,-231,3,238,428,546,596,569,464,300,85,-129,-311,-444,-520,-519,-438,-303,-123,78,262,388,447,456,394,268,109,-58,-216,-336,-407,-411,-361,-253,-104,52,196,310,377,380,325,216,79,0,-187,-285,-328,-325,-288,-199,-62,76,202,287,323,311,252,140,25,-89,-183,-256,-290,-279,-224,-130,-2,119,217,283,299,262,192,95,-30,-159,-254,-297,-308,-271,-206,-100,38,173,272,334,347,310,228,131,10,-125,-229,-300,-325,-305,-247,-156,-46,70,174,238,276,266,221,148,61,-41,-134,-193,-222,-227,-203,-153,-71,21,98,150,191,216,203,151,78,16,-39,-95,-141,-160,-163,-152,-113,-68,-30,15,59,92,106,108,102,91,80,56,20,-2,-6,-8,-10,-18,-25,-38,-63,-75,-72,-75,-77,-72,-62,-41,-13,19,54,78,98,115,126,135,137,116,76,301,87,0,0,0,0,0,0,0,0,0,0,0,0,0,0,0,0,0,0,0,0,0,0,0,0,0,0,0,0,0,0,0,0,0,0,0,0,0,0,0,0,0,0,0,0,0,0,0,0,0,0,0,0,0,0,0,0,0,0,0,0,0,0,0,0,0,0,0,0,0,0,0,0,0,0,0,0,0,0,0,0,0,0,0,0,0,0,0,0,0,0,0,0,0,0,0,0,0,0,0,0,0,0,0,0,0,0,0,0,0,0,0,0,0,0,0,0,0,0,0,0,0,0,0,0,0,0,0,0,0,0,0,0,0,0,0,0,0,0,0,0,0,0,0,0,0,0,0,0,0,0,0,0,0,0,0,0,0,0,0,0,0,0,0,0,0,0,0,0,0,0,0,0,0,0,0,0,0,0,0,0,0,0,0,0,0,0,0,0,0,0,0,0,0,0,0,0,0,0,0,0,0,0,0,0,0,0,0,0,0,0,0,0,0,0,0,0,0,0,0,0,0,0,0,0,0,0,0,0,0,0,0,0,0,0,0,0,0,0,0,0,0,0,0,0,0,0,0,0,0,0,0,0,0,0,0,0,-1037,-603,-459,23,29,44,58,61,58,56,44,31,13,-7,-29,-56,-73,-84,-92,-93,-77,-41,2,31,66,106,129,135,127,105,63,13,-55,-129,-178,-200,-209,-191,-135,-55,29,122,216,282,305,299,249,159,47,-80,-216,-324,-396,-413,-372,-280,-160,-6,172,336,447,502,495,427,292,118,-85,-289,-453,-564,-594,-537,-425,-254,-29,192,380,532,625,624,536,382,184,-55,-282,-464,-574,-615,-579,-456,-259,-46,172,366,510,577,548,436,281,102,-88,-271,-414,-488,-485,-417,-291,-122,61,226,362,442,444,373,257,117,-51,-214,-328,-393,-400,-344,-235,-92,66,197,291,345,0,288,194,75,-60,-192,-286,-328,-317,-250,-161,-49,84,198,277,313,297,243,153,33,-100,-203,-262,-290,-272,-205,-94,22,133,228,292,296,257,195,98,-35,-155,-257,-324,-352,-311,-222,-111,17,142,247,314,339,314,235,132,12,-100,-193,-272,-311,-291,-237,-156,-46,61,141,206,250,254,213,143,56,-26,-103,-168,-219,-221,-191,-147,-82,0,76,134,182,202,188,148,103,49,-11,-66,-109,-128,-128,-136,-123,-99,-51,-14,13,36,58,57,57,48,40,42,53,48,39,23,17,19,6,-13,-32,-50,-75,-97,-103,-94,-100,-98,-78,-56,-27,14,43,61,73,-634,-694
61944,mtk,MTK 7916,2149326570,rx0-tx0,512,0,0,0,0,0,0,0,0,0,0,0,0,0,0,0,0,0,0,0,0,0,0,0,0,0,0,0,0,0,0,0,0,0,0,0,0,0,0,0,0,0,0,0,0,0,0,0,0,0,0,0,0,0,0,0,0,0,0,0,0,0,0,0,0,0,0,0,0,0,0,0,0,0,0,0,0,0,0,0,0,0,0,0,0,0,0,0,0,0,0,0,0,0,0,0,0,0,0,0,0,0,0,0,0,0,0,0,0,0,0,0,0,0,0,0,0,0,0,0,0,0,0,0,0,0,0,0,0,0,0,0,0,0,0,0,0,0,0,0,0,0,0,0,0,0,0,0,0,0,0,0,0,0,0,0,0,0,0,0,0,0,0,0,0,0,0,0,0,0,0,0,0,0,0,0,0,0,0,0,0,0,0,0,0,0,0,0,0,0,0,0,0,0,0,0,0,0,0,0,0,0,0,0,0,0,0,0,0,0,0,0,0,0,0,0,0,0,0,0,0,0,0,0,0,0,0,0,0,0,0,0,0,0,0,0,0,0,0,0,0,0,0,0,0,0,0,0,0,0,0,0,0,0,0,0,0,-364,-863,-977,-548,-472,-201,176,508,750,825,737,519,213,-128,-453,-699,-864,-904,-804,-625,-351,-17,331,648,874,987,996,875,631,323,-26,-376,-701,-919,-1042,-1073,-958,-751,-445,-93,268,628,905,1072,1144,1108,949,675,328,-64,-435,-771,-1034,-1185,-1222,-1113,-884,-568,-204,190,567,894,1146,1240,1202,1055,808,477,85,-314,-663,-957,-1126,-1168,-1109,-950,-684,-379,-26,305,589,837,993,1053,999,855,659,404,85,-218,-500,-739,-899,-976,-955,-852,-664,-418,-136,174,453,683,835,900,882,787,618,395,141,-118,-349,-553,-688,-756,-751,-678,-563,-405,-201,-15,180,340,481,580,621,618,578,501,-330,258,98,-81,-274,-450,-596,-705,-751,-728,-655,-508,-295,-49,209,466,694,873,959,952,849,662,398,89,-219,-538,-811,-996,-1110,-1098,-969,-755,-458,-111,262,604,889,1096,1186,1163,1026,800,476,84,-281,-635,-932,-1136,-1255,-1235,-1087,-830,-508,-125,278,670,987,1198,1317,1298,1140,884,506,84,-339,-756,-1096,-1305,-1385,-1328,-1143,-814,-401,55,506,912,1226,1403,1439,1309,1033,653,195,-293,-745,-1114,-1351,-1447,-1377,-1140,-762,-318,172,633,1017,1275,1384,1333,1128,784,354,-122,-576,-953,-1195,-1298,-1243,-1030,-695,-278,169,606,949,1173,1253,1158,912,496,-10,-537,-984,-1250,-1275,-1013,-524,-3,-89,-384,0,0,0,0,0,0,0,0,0,0,0,0,0,0,0,0,0,0,0,0,0,0,0,0,0,0,0,0,0,0,0,0,0,0,0,0,0,0,0,0,0,0,0,0,0,0,0,0,0,0,0,0,0,0,0,0,0,0,0,0,0,0,0,0,0,0,0,0,0,0,0,0,0,0,0,0,0,0,0,0,0,0,0,0,0,0,0,0,0,0,0,0,0,0,0,0,0,0,0,0,0,0,0,0,0,0,0,0,0,0,0,0,0,0,0,0,0,0,0,0,0,0,0,0,0,0,0,0,0,0,0,0,0,0,0,0,0,0,0,0,0,0,0,0,0,0,0,0,0,0,0,0,0,0,0,0,0,0,0,0,0,0,0,0,0,0,0,0,0,0,0,0,0,0,0,0,0,0,0,0,0,0,0,0,0,0,0,0,0,0,0,0,0,0,0,0,0,0,0,0,0,0,0,0,0,0,0,0,0,0,0,0,0,0,0,0,0,0,0,0,0,0,0,0,0,0,0,0,0,0,0,0,0,0,0,0,0,0,0,0,0,0,0,0,0,0,0,0,0,0,0,0,0,0,0,0,-49,-485,-179,136,442,689,742,602,317,-49,-393,-668,-826,-862,-750,-540,-251,102,416,687,876,950,916,741,463,140,-209,-550,-814,-985,-1052,-995,-806,-516,-192,168,510,802,1004,1100,1093,954,696,376,13,-354,-711,-984,-1156,-1190,-1105,-911,-617,-257,136,540,866,1094,1214,1221,1093,869,530,123,-262,-622,-922,-1128,-1214,-1162,-1007,-744,-394,-21,339,661,914,1066,1114,1053,897,672,380,45,-279,-564,-786,-963,-1030,-984,-857,-659,-403,-113,202,479,715,871,952,939,837,653,408,131,-150,-409,-626,-774,-844,-825,-743,-593,-390,-163,61,272,443,587,670,681,647,561,445,289,119,-47,-208,-363,-82,-581,-639,-659,-622,-523,-387,-208,14,230,437,637,778,850,850,765,608,369,87,-199,-492,-741,-942,-1033,-1021,-933,-719,-445,-119,253,578,852,1053,1149,1134,1000,780,470,98,-282,-632,-917,-1139,-1222,-1183,-1053,-804,-497,-124,277,649,946,1156,1278,1266,1124,849,502,119,-303,-686,-1019,-1262,-1353,-1321,-1163,-854,-463,-23,414,826,1144,1343,1406,1322,1094,743,311,-159,-626,-1021,-1291,-1443,-1422,-1247,-928,-507,-32,454,898,1213,1391,1419,1273,982,578,110,-369,-799,-1125,-1315,-1344,-1205,-923,-529,-90,356,756,1053,1221,1241,1097,805,424,-31,-481,-894,-1191,-1294,-1190,-862,-371,210,740,1074,1117,-961,-896
61945,mtk,MTK 7916,2149326570,rx0-tx1,512,0,0,0,0,0,0,0,0,0,0,0,0,0,0,0,0,0,0,0,0,0,0,0,0,0,0,0,0,0,0,0,0,0,0,0,0,0,0,0,0,0,0,0,0,0,0,0,0,0,0,0,0,0,0,0,0,0,0,0,0,0,0,0,0,0,0,0,0,0,0,0,0,0,0,0,0,0,0,0,0,0,0,0,0,0,0,0,0,0,0,0,0,0,0,0,0,0,0,0,0,0,0,0,0,0,0,0,0,0,0,0,0,0,0,0,0,0,0,0,0,0,0,0,0,0,0,0,0,0,0,0,0,0,0,0,0,0,0,0,0,0,0,0,0,0,0,0,0,0,0,0,0,0,0,0,0,0,0,0,0,0,0,0,0,0,0,0,0,0,0,0,0,0,0,0,0,0,0,0,0,0,0,0,0,0,0,0,0,0,0,0,0,0,0,0,0,0,0,0,0,0,0,0,0,0,0,0,0,0,0,0,0,0,0,0,0,0,0,0,0,0,0,0,0,0,0,0,0,0,0,0,0,0,0,0,0,0,0,0,0,0,0,0,0,0,0,0,0,0,0,0,0,0,0,0,0,-449,23,7,526,481,267,-60,-402,-679,-795,-767,-588,-308,20,367,665,881,965,895,707,406,32,-354,-712,-992,-1128,-1105,-932,-624,-224,211,613,953,1150,1193,1099,861,509,102,-296,-639,-907,-1063,-1084,-978,-769,-492,-163,169,457,678,837,888,854,742,564,346,113,-124,-352,-526,-650,-718,-713,-660,-541,-386,-204,-28,157,338,503,614,685,711,667,571,424,234,-1,-243,-483,-684,-823,-897,-865,-744,-532,-260,19,302,578,764,893,936,892,750,552,289,-9,-278,-542,-739,-883,-952,-923,-809,-623,-359,-76,237,511,741,908,986,967,865,676,416,115,-221,-544,-811,-989,-1078,-1063,-937,-712,510,-86,272,587,834,1007,1091,1047,905,693,404,87,-239,-533,-788,-967,-1041,-1033,-920,-741,-488,-186,102,414,702,915,1054,1093,1051,895,668,374,20,-341,-700,-1005,-1220,-1328,-1311,-1163,-887,-503,-47,445,908,1301,1550,1656,1608,1339,918,374,-228,-818,-1334,-1716,-1893,-1869,-1630,-1198,-600,77,734,1323,1779,2002,1988,1748,1296,696,23,-662,-1266,-1719,-1954,-1955,-1716,-1297,-707,-23,639,1203,1638,1865,1854,1623,1178,575,-66,-685,-1231,-1589,-1719,-1636,-1345,-861,-283,308,837,1228,1450,1444,1242,879,428,-62,-521,-872,-1082,-1143,-1042,-804,-473,-91,292,611,852,946,888,699,371,-28,-407,-678,-763,-677,11,27,0,0,0,0,0,0,0,0,0,0,0,0,0,0,0,0,0,0,0,0,0,0,0,0,0,0,0,0,0,0,0,0,0,0,0,0,0,0,0,0,0,0,0,0,0,0,0,0,0,0,0,0,0,0,0,0,0,0,0,0,0,0,0,0,0,0,0,0,0,0,0,0,0,0,0,0,0,0,0,0,0,0,0,0,0,0,0,0,0,0,0,0,0,0,0,0,0,0,0,0,0,0,0,0,0,0,0,0,0,0,0,0,0,0,0,0,0,0,0,0,0,0,0,0,0,0,0,0,0,0,0,0,0,0,0,0,0,0,0,0,0,0,0,0,0,0,0,0,0,0,0,0,0,0,0,0,0,0,0,0,0,0,0,0,0,0,0,0,0,0,0,0,0,0,0,0,0,0,0,0,0,0,0,0,0,0,0,0,0,0,0,0,0,0,0,0,0,0,0,0,0,0,0,0,0,0,0,0,0,0,0,0,0,0,0,0,0,0,0,0,0,0,0,0,0,0,0,0,0,0,0,0,0,0,0,0,0,0,0,0,0,0,0,0,0,0,0,0,0,0,0,0,0,0,0,0,26,-19,-32,-46,-343,-599,-709,-640,-398,-59,289,599,797,877,813,630,339,-25,-385,-709,-948,-1047,-1006,-829,-511,-115,296,680,979,1159,1177,1037,755,352,-67,-472,-818,-1066,-1152,-1101,-926,-649,-302,72,424,703,903,999,976,846,650,395,106,-167,-424,-624,-748,-798,-784,-692,-539,-359,-146,68,269,446,575,653,670,657,593,468,300,123,-76,-276,-464,-627,-745,-801,-773,-685,-505,-283,-2,275,547,754,889,921,884,746,524,274,-15,-299,-552,-745,-883,-921,-888,-778,-585,-333,-39,264,522,746,904,979,957,830,645,391,99,-226,-526,-782,-956,-1047,-1032,-913,-689,-416,-97,240,571,839,-82,1100,1062,919,696,418,81,-263,-560,-812,-990,-1052,-1023,-903,-705,-427,-128,193,491,736,933,1014,1023,969,798,561,266,-47,-374,-677,-918,-1110,-1187,-1170,-1037,-786,-457,-59,360,761,1115,1359,1488,1460,1263,921,459,-43,-594,-1107,-1498,-1744,-1793,-1643,-1304,-791,-178,463,1068,1558,1883,1976,1841,1509,976,320,-360,-1010,-1555,-1900,-2028,-1910,-1559,-1021,-368,325,965,1488,1846,1953,1818,1485,970,325,-334,-943,-1445,-1743,-1809,-1671,-1303,-753,-137,482,1030,1428,1601,1556,1311,908,388,-166,-671,-1053,-1267,-1296,-1148,-846,-461,-36,377,714,937,1024,963,760,458,83,-288,-604,-831,-889,-766,-470,-87,233,26,11
61946,mtk,MTK 7916,2149326570,rx1-tx0,512,0,0,0,0,0,0,0,0,0,0,0,0,0,0,0,0,0,0,0,0,0,0,0,0,0,0,0,0,0,0,0,0,0,0,0,0,0,0,0,0,0,0,0,0,0,0,0,0,0,0,0,0,0,0,0,0,0,0,0,0,0,0,0,0,0,0,0,0,0,0,0,0,0,0,0,0,0,0,0,0,0,0,0,0,0,0,0,0,0,0,0,0,0,0,0,0,0,0,0,0,0,0,0,0,0,0,0,0,0,0,0,0,0,0,0,0,0,0,0,0,0,0,0,0,0,0,0,0,0,0,0,0,0,0,0,0,0,0,0,0,0,0,0,0,0,0,0,0,0,0,0,0,0,0,0,0,0,0,0,0,0,0,0,0,0,0,0,0,0,0,0,0,0,0,0,0,0,0,0,0,0,0,0,0,0,0,0,0,0,0,0,0,0,0,0,0,0,0,0,0,0,0,0,0,0,0,0,0,0,0,0,0,0,0,0,0,0,0,0,0,0,0,0,0,0,0,0,0,0,0,0,0,0,0,0,0,0,0,0,0,0,0,0,0,0,0,0,0,0,0,0,0,0,0,0,0,98,-269,-659,-502,-544,-393,-95,262,584,780,832,713,497,182,-185,-524,-809,-973,-1003,-895,-653,-295,130,544,911,1147,1213,1116,860,496,31,-443,-855,-1142,-1274,-1260,-1062,-731,-300,142,547,884,1090,1156,1084,890,613,275,-86,-411,-665,-847,-904,-881,-779,-612,-399,-150,102,315,490,613,710,709,636,552,402,215,23,-175,-368,-519,-634,-715,-706,-631,-488,-297,-62,162,375,553,672,737,705,593,429,234,21,-197,-385,-533,-597,-597,-573,-472,-319,-163,6,155,279,370,421,440,412,355,277,185,89,-3,-88,-185,-260,-289,-316,-336,-333,-301,-238,-157,-76,34,156,252,339,408,426,425,-686,284,164,17,-122,-247,-366,-457,-487,-477,-447,-349,-220,-76,92,247,376,476,525,520,481,402,287,136,-33,-197,-343,-452,-525,-572,-561,-507,-394,-244,-75,121,330,499,649,711,710,649,501,302,56,-203,-444,-645,-781,-830,-786,-662,-455,-205,72,361,592,739,823,826,726,546,313,64,-204,-435,-610,-726,-758,-704,-583,-410,-207,31,264,436,569,640,640,569,450,291,106,-78,-237,-372,-482,-523,-505,-456,-370,-260,-116,31,163,303,423,488,523,506,443,311,136,-59,-268,-447,-596,-674,-660,-558,-371,-112,160,430,661,786,791,668,423,93,-286,-620,-819,-826,-618,-306,911,561,0,0,0,0,0,0,0,0,0,0,0,0,0,0,0,0,0,0,0,0,0,0,0,0,0,0,0,0,0,0,0,0,0,0,0,0,0,0,0,0,0,0,0,0,0,0,0,0,0,0,0,0,0,0,0,0,0,0,0,0,0,0,0,0,0,0,0,0,0,0,0,0,0,0,0,0,0,0,0,0,0,0,0,0,0,0,0,0,0,0,0,0,0,0,0,0,0,0,0,0,0,0,0,0,0,0,0,0,0,0,0,0,0,0,0,0,0,0,0,0,0,0,0,0,0,0,0,0,0,0,0,0,0,0,0,0,0,0,0,0,0,0,0,0,0,0,0,0,0,0,0,0,0,0,0,0,0,0,0,0,0,0,0,0,0,0,0,0,0,0,0,0,0,0,0,0,0,0,0,0,0,0,0,0,0,0,0,0,0,0,0,0,0,0,0,0,0,0,0,0,0,0,0,0,0,0,0,0,0,0,0,0,0,0,0,0,0,0,0,0,0,0,0,0,0,0,0,0,0,0,0,0,0,0,0,0,0,0,0,0,0,0,0,0,0,0,0,0,0,0,0,0,0,0,0,0,-999,-1299,-1142,-64,234,535,713,718,541,246,-114,-452,-714,-887,-903,-791,-549,-206,171,548,859,1067,1122,1012,759,365,-77,-522,-900,-1173,-1301,-1225,-986,-602,-159,299,721,1040,1217,1226,1097,820,448,49,-341,-667,-907,-1042,-1053,-936,-734,-458,-156,125,381,583,729,802,771,682,548,391,192,-48,-229,-400,-558,-652,-685,-670,-584,-444,-278,-75,151,355,536,671,727,701,622,479,283,54,-194,-405,-562,-657,-691,-646,-543,-375,-173,10,189,353,444,498,508,466,395,286,169,41,-84,-188,-272,-321,-354,-353,-342,-318,-237,-152,-79,14,98,187,265,316,357,385,358,307,240,133,11,-110,9,-353,-438,-475,-462,-415,-334,-203,-43,96,240,373,461,510,517,461,372,248,95,-61,-212,-348,-452,-527,-546,-510,-434,-311,-177,-17,163,331,470,561,615,636,578,462,290,64,-146,-368,-560,-703,-782,-776,-677,-500,-262,0,265,508,706,821,851,774,604,378,145,-126,-389,-607,-743,-799,-771,-653,-490,-263,-12,232,440,587,676,704,631,507,343,145,-68,-269,-425,-529,-571,-546,-493,-405,-266,-89,63,209,328,426,482,476,449,392,284,143,-8,-171,-336,-477,-561,-593,-550,-435,-270,-45,199,430,618,720,724,639,434,147,-179,-487,-733,-858,-827,-614,-259,149,505,689,-968,-1207
61947,mtk,MTK 7916,2149326570,rx1-tx1,512,0,0,0,0,0,0,0,0,0,0,0,0,0,0,0,0,0,0,0,0,0,0,0,0,0,0,0,0,0,0,0,0,0,0,0,0,0,0,0,0,0,0,0,0,0,0,0,0,0,0,0,0,0,0,0,0,0,0,0,0,0,0,0,0,0,0,0,0,0,0,0,0,0,0,0,0,0,0,0,0,0,0,0,0,0,0,0,0,0,0,0,0,0,0,0,0,0,0,0,0,0,0,0,0,0,0,0,0,0,0,0,0,0,0,0,0,0,0,0,0,0,0,0,0,0,0,0,0,0,0,0,0,0,0,0,0,0,0,0,0,0,0,0,0,0,0,0,0,0,0,0,0,0,0,0,0,0,0,0,0,0,0,0,0,0,0,0,0,0,0,0,0,0,0,0,0,0,0,0,0,0,0,0,0,0,0,0,0,0,0,0,0,0,0,0,0,0,0,0,0,0,0,0,0,0,0,0,0,0,0,0,0,0,0,0,0,0,0,0,0,0,0,0,0,0,0,0,0,0,0,0,0,0,0,0,0,0,0,0,0,0,0,0,0,0,0,0,0,0,0,0,0,0,0,0,0,-282,-331,-454,85,50,-1,-62,-129,-194,-237,-254,-237,-178,-96,3,111,191,246,263,234,156,40,-95,-213,-297,-319,-279,-188,-54,109,263,364,391,351,234,60,-140,-325,-459,-514,-456,-303,-89,161,385,539,602,546,367,100,-192,-447,-627,-694,-614,-410,-134,191,489,704,783,691,452,129,-230,-558,-780,-848,-739,-480,-130,246,592,823,886,752,476,97,-296,-619,-837,-890,-740,-439,-67,325,662,848,854,694,385,-2,-387,-689,-843,-815,-619,-300,81,430,691,807,751,535,205,-167,-494,-717,-780,-663,-416,-88,254,527,691,705,561,300,-21,-339,-568,-666,-618,-430,-146,162,428,611,0,514,294,4,-302,-531,-631,-594,-418,-143,168,439,612,646,539,294,-25,-342,-591,-718,-684,-497,-185,185,513,731,805,711,442,65,-334,-673,-873,-899,-732,-402,25,453,809,976,941,727,362,-104,-565,-908,-1044,-974,-719,-303,184,639,960,1082,989,689,244,-244,-683,-983,-1090,-973,-655,-206,296,721,991,1060,921,593,138,-328,-728,-970,-1022,-853,-517,-74,364,724,946,976,802,471,37,-392,-742,-946,-966,-806,-492,-73,368,718,937,979,839,540,149,-270,-636,-877,-956,-870,-639,-292,98,454,730,870,861,704,434,95,-246,-550,-755,-835,-797,-645,-421,-152,118,351,518,626,220,32,0,0,0,0,0,0,0,0,0,0,0,0,0,0,0,0,0,0,0,0,0,0,0,0,0,0,0,0,0,0,0,0,0,0,0,0,0,0,0,0,0,0,0,0,0,0,0,0,0,0,0,0,0,0,0,0,0,0,0,0,0,0,0,0,0,0,0,0,0,0,0,0,0,0,0,0,0,0,0,0,0,0,0,0,0,0,0,0,0,0,0,0,0,0,0,0,0,0,0,0,0,0,0,0,0,0,0,0,0,0,0,0,0,0,0,0,0,0,0,0,0,0,0,0,0,0,0,0,0,0,0,0,0,0,0,0,0,0,0,0,0,0,0,0,0,0,0,0,0,0,0,0,0,0,0,0,0,0,0,0,0,0,0,0,0,0,0,0,0,0,0,0,0,0,0,0,0,0,0,0,0,0,0,0,0,0,0,0,0,0,0,0,0,0,0,0,0,0,0,0,0,0,0,0,0,0,0,0,0,0,0,0,0,0,0,0,0,0,0,0,0,0,0,0,0,0,0,0,0,0,0,0,0,0,0,0,0,0,0,0,0,0,0,0,0,0,0,0,0,0,0,0,0,0,0,0,288,-494,-358,147,186,214,215,196,154,82,-10,-93,-175,-237,-257,-236,-174,-84,30,143,228,276,269,210,113,-24,-166,-276,-329,-327,-266,-143,30,209,359,446,441,348,177,-33,-257,-436,-542,-556,-444,-236,21,288,509,626,627,515,282,-24,-325,-582,-729,-724,-565,-300,35,374,643,788,775,608,307,-70,-438,-715,-855,-834,-639,-314,80,458,747,886,850,638,289,-115,-496,-769,-891,-832,-591,-231,164,527,783,864,768,508,158,-223,-567,-783,-823,-697,-428,-75,296,596,771,774,616,324,-26,-365,-624,-749,-716,-519,-209,132,432,631,687,586,371,81,-224,-483,-627,-615,-471,-231,0,363,561,628,541,343,77,-229,-484,-619,-612,-470,-213,98,392,612,697,610,382,73,-267,-565,-743,-746,-589,-296,70,437,724,856,806,578,224,-194,-583,-864,-956,-853,-578,-170,292,705,967,1021,865,536,94,-376,-775,-1025,-1060,-871,-504,-43,437,837,1060,1064,846,449,-25,-489,-858,-1052,-1027,-793,-402,70,527,854,1019,986,738,333,-123,-556,-878,-1010,-938,-669,-267,168,575,862,976,901,653,274,-163,-574,-881,-992,-914,-673,-311,125,525,820,958,931,737,415,20,-369,-692,-883,-913,-784,-523,-180,187,506,734,840,809,644,388,69,-257,-529,-715,-807,-800,-698,-532,-305,-564,-592
61948,mtk,MTK 7916,2149326570,rx2-tx0,512,0,0,0,0,0,0,0,0,0,0,0,0,0,0,0,0,0,0,0,0,0,0,0,0,0,0,0,0,0,0,0,0,0,0,0,0,0,0,0,0,0,0,0,0,0,0,0,0,0,0,0,0,0,0,0,0,0,0,0,0,0,0,0,0,0,0,0,0,0,0,0,0,0,0,0,0,0,0,0,0,0,0,0,0,0,0,0,0,0,0,0,0,0,0,0,0,0,0,0,0,0,0,0,0,0,0,0,0,0,0,0,0,0,0,0,0,0,0,0,0,0,0,0,0,0,0,0,0,0,0,0,0,0,0,0,0,0,0,0,0,0,0,0,0,0,0,0,0,0,0,0,0,0,0,0,0,0,0,0,0,0,0,0,0,0,0,0,0,0,0,0,0,0,0,0,0,0,0,0,0,0,0,0,0,0,0,0,0,0,0,0,0,0,0,0,0,0,0,0,0,0,0,0,0,0,0,0,0,0,0,0,0,0,0,0,0,0,0,0,0,0,0,0,0,0,0,0,0,0,0,0,0,0,0,0,0,0,0,0,0,0,0,0,0,0,0,0,0,0,0,0,0,0,0,0,0,794,667,823,-108,-125,-119,-89,-53,0,67,125,166,187,189,155,97,15,-76,-152,-203,-221,-214,-162,-71,25,113,189,230,225,182,111,14,-90,-177,-226,-229,-193,-114,-10,96,178,218,212,179,96,-13,-112,-184,-231,-239,-184,-81,25,130,213,252,248,206,102,-28,-143,-221,-270,-265,-199,-88,42,144,225,263,247,181,82,-45,-139,-202,-234,-212,-146,-45,58,146,191,209,182,117,10,-87,-158,-185,-182,-145,-75,12,77,139,171,162,125,72,4,-67,-129,-145,-119,-88,-48,-8,27,56,80,59,21,-6,-24,-20,-6,5,30,59,59,46,25,-13,-59,-94,-111,-107,0,-32,25,97,153,169,160,126,48,-46,-126,-195,-229,-221,-165,-76,35,144,221,254,238,180,80,-44,-147,-216,-236,-219,-167,-73,39,129,195,223,202,143,61,-40,-124,-183,-203,-183,-131,-50,46,125,167,170,142,87,29,-41,-98,-124,-115,-72,-23,24,73,96,101,80,26,-37,-78,-120,-140,-111,-53,-2,63,117,146,159,136,77,15,-48,-102,-129,-137,-110,-66,-22,27,86,112,93,59,28,-3,-39,-60,-56,-40,-11,32,66,85,76,42,-1,-53,-118,-165,-174,-161,-126,-67,22,116,188,245,260,237,177,98,1,-102,-196,-260,-289,-298,-272,-225,-158,-137,154,0,0,0,0,0,0,0,0,0,0,0,0,0,0,0,0,0,0,0,0,0,0,0,0,0,0,0,0,0,0,0,0,0,0,0,0,0,0,0,0,0,0,0,0,0,0,0,0,0,0,0,0,0,0,0,0,0,0,0,0,0,0,0,0,0,0,0,0,0,0,0,0,0,0,0,0,0,0,0,0,0,0,0,0,0,0,0,0,0,0,0,0,0,0,0,0,0,0,0,0,0,0,0,0,0,0,0,0,0,0,0,0,0,0,0,0,0,0,0,0,0,0,0,0,0,0,0,0,0,0,0,0,0,0,0,0,0,0,0,0,0,0,0,0,0,0,0,0,0,0,0,0,0,0,0,0,0,0,0,0,0,0,0,0,0,0,0,0,0,0,0,0,0,0,0,0,0,0,0,0,0,0,0,0,0,0,0,0,0,0,0,0,0,0,0,0,0,0,0,0,0,0,0,0,0,0,0,0,0,0,0,0,0,0,0,0,0,0,0,0,0,0,0,0,0,0,0,0,0,0,0,0,0,0,0,0,0,0,0,0,0,0,0,0,0,0,0,0,0,0,0,0,0,0,0,0,572,567,299,-13,-59,-95,-134,-166,-172,-161,-131,-80,-11,67,122,176,206,194,145,76,-9,-96,-164,-208,-223,-195,-132,-48,47,139,209,237,226,170,77,-31,-128,-193,-226,-223,-155,-67,43,152,216,240,223,154,35,-88,-192,-252,-265,-232,-148,-36,82,187,262,279,234,147,34,-91,-191,-252,-273,-234,-138,-32,93,202,248,229,193,118,13,-100,-185,-218,-203,-160,-81,36,128,170,192,186,128,42,-46,-130,-173,-187,-183,-134,-48,33,99,137,158,142,92,23,-32,-73,-86,-82,-66,-43,-4,32,51,46,16,-20,-36,-39,-42,-26,4,46,71,85,79,52,3,-54,0,-151,-150,-125,-73,5,87,149,200,208,166,90,6,-94,-169,-229,-251,-218,-127,-19,86,181,246,268,216,128,29,-78,-175,-223,-236,-199,-119,-9,84,166,211,210,172,104,15,-85,-164,-196,-176,-125,-62,13,86,124,133,117,83,36,-27,-77,-95,-91,-79,-28,36,82,111,116,82,30,-26,-82,-128,-149,-140,-94,-33,36,88,130,148,140,109,51,-16,-70,-110,-127,-116,-80,-30,24,52,58,64,53,17,-28,-52,-50,-52,-32,13,59,97,119,124,83,33,-20,-94,-159,-196,-210,-192,-142,-70,13,112,205,260,284,279,218,138,57,-26,-102,-173,-233,842,845
61949,mtk,MTK 7916,2149326570,rx2-tx1,512,0,0,0,0,0,0,0,0,0,0,0,0,0,0,0,0,0,0,0,0,0,0,0,0,0,0,0,0,0,0,0,0,0,0,0,0,0,0,0,0,0,0,0,0,0,0,0,0,0,0,0,0,0,0,0,0,0,0,0,0,0,0,0,0,0,0,0,0,0,0,0,0,0,0,0,0,0,0,0,0,0,0,0,0,0,0,0,0,0,0,0,0,0,0,0,0,0,0,0,0,0,0,0,0,0,0,0,0,0,0,0,0,0,0,0,0,0,0,0,0,0,0,0,0,0,0,0,0,0,0,0,0,0,0,0,0,0,0,0,0,0,0,0,0,0,0,0,0,0,0,0,0,0,0,0,0,0,0,0,0,0,0,0,0,0,0,0,0,0,0,0,0,0,0,0,0,0,0,0,0,0,0,0,0,0,0,0,0,0,0,0,0,0,0,0,0,0,0,0,0,0,0,0,0,0,0,0,0,0,0,0,0,0,0,0,0,0,0,0,0,0,0,0,0,0,0,0,0,0,0,0,0,0,0,0,0,0,0,0,0,0,0,0,0,0,0,0,0,0,0,0,0,0,0,0,0,381,-358,-529,-18,-22,-17,0,15,26,40,62,70,70,67,43,7,-22,-50,-81,-96,-97,-76,-42,1,44,85,122,144,129,93,35,-43,-117,-174,-207,-198,-146,-62,37,140,229,263,257,205,107,-18,-140,-260,-350,-359,-293,-181,-29,130,285,403,438,398,275,85,-120,-301,-435,-498,-476,-360,-158,89,320,486,571,556,446,247,1,-263,-472,-593,-611,-519,-319,-56,213,437,585,620,545,368,116,-158,-383,-533,-587,-522,-354,-124,127,350,492,532,473,334,127,-106,-312,-451,-480,-403,-259,-71,129,302,415,439,359,220,51,-123,-287,-386,-385,-300,-171,-4,168,297,359,352,0,132,-32,-182,-288,-325,-291,-208,-79,75,219,296,310,262,173,38,-116,-235,-285,-280,-221,-115,21,166,265,292,253,170,51,-76,-203,-294,-310,-251,-149,-20,118,242,322,341,281,156,16,-129,-250,-321,-330,-277,-162,-8,130,233,298,306,249,146,21,-108,-209,-266,-271,-221,-136,-33,79,178,247,249,201,121,29,-75,-155,-216,-220,-175,-109,-29,57,140,182,186,168,124,62,-10,-78,-129,-152,-156,-128,-79,-39,-5,50,88,106,99,75,53,47,36,11,-10,-25,-32,-38,-41,-55,-67,-78,-62,-35,-21,2,41,79,95,101,116,110,94,67,28,-8,-38,301,87,0,0,0,0,0,0,0,0,0,0,0,0,0,0,0,0,0,0,0,0,0,0,0,0,0,0,0,0,0,0,0,0,0,0,0,0,0,0,0,0,0,0,0,0,0,0,0,0,0,0,0,0,0,0,0,0,0,0,0,0,0,0,0,0,0,0,0,0,0,0,0,0,0,0,0,0,0,0,0,0,0,0,0,0,0,0,0,0,0,0,0,0,0,0,0,0,0,0,0,0,0,0,0,0,0,0,0,0,0,0,0,0,0,0,0,0,0,0,0,0,0,0,0,0,0,0,0,0,0,0,0,0,0,0,0,0,0,0,0,0,0,0,0,0,0,0,0,0,0,0,0,0,0,0,0,0,0,0,0,0,0,0,0,0,0,0,0,0,0,0,0,0,0,0,0,0,0,0,0,0,0,0,0,0,0,0,0,0,0,0,0,0,0,0,0,0,0,0,0,0,0,0,0,0,0,0,0,0,0,0,0,0,0,0,0,0,0,0,0,0,0,0,0,0,0,0,0,0,0,0,0,0,0,0,0,0,0,0,0,0,0,0,0,0,0,0,0,0,0,0,0,0,0,0,0,0,-1037,-603,-459,-32,-29,-36,-51,-62,-58,-40,-23,-4,23,46,61,82,94,82,49,8,-42,-78,-105,-116,-111,-84,-38,21,90,133,156,156,133,73,-10,-105,-174,-224,-237,-200,-129,-25,98,201,282,318,290,205,92,-48,-208,-336,-392,-376,-294,-149,42,241,386,465,465,382,225,13,-211,-399,-533,-564,-479,-311,-83,169,397,548,604,556,394,162,-108,-359,-544,-640,-600,-437,-206,46,302,510,611,593,467,260,1,-245,-434,-540,-550,-439,-233,-2,224,413,509,493,378,194,-6,-212,-363,-424,-413,-323,-154,40,220,348,410,385,280,116,-67,-233,-339,-372,-328,-212,-64,97,0,333,343,275,163,12,-142,-265,-311,-299,-230,-111,36,164,261,299,275,192,58,-79,-187,-270,-290,-249,-149,-12,122,225,285,288,219,101,-34,-168,-270,-315,-294,-223,-95,61,214,311,357,328,237,97,-57,-192,-284,-325,-307,-222,-101,25,163,259,284,263,206,93,-42,-154,-226,-259,-244,-177,-82,29,128,202,230,220,165,80,-17,-110,-178,-205,-196,-155,-86,0,71,133,173,179,153,103,35,-23,-67,-104,-129,-128,-104,-80,-54,-25,20,52,67,60,64,65,70,59,34,18,21,-1,-35,-53,-65,-75,-88,-98,-79,-45,-14,16,55,90,114,135,133,115,-634,-694
61950,mtk,MTK 7916,2149368874,rx0-tx0,512,0,0,0,0,0,0,0,0,0,0,0,0,0,0,0,0,0,0,0,0,0,0,0,0,0,0,0,0,0,0,0,0,0,0,0,0,0,0,0,0,0,0,0,0,0,0,0,0,0,0,0,0,0,0,0,0,0,0,0,0,0,0,0,0,0,0,0,0,0,0,0,0,0,0,0,0,0,0,0,0,0,0,0,0,0,0,0,0,0,0,0,0,0,0,0,0,0,0,0,0,0,0,0,0,0,0,0,0,0,0,0,0,0,0,0,0,0,0,0,0,0,0,0,0,0,0,0,0,0,0,0,0,0,0,0,0,0,0,0,0,0,0,0,0,0,0,0,0,0,0,0,0,0,0,0,0,0,0,0,0,0,0,0,0,0,0,0,0,0,0,0,0,0,0,0,0,0,0,0,0,0,0,0,0,0,0,0,0,0,0,0,0,0,0,0,0,0,0,0,0,0,0,0,0,0,0,0,0,0,0,0,0,0,0,0,0,0,0,0,0,0,0,0,0,0,0,0,0,0,0,0,0,0,0,0,0,0,0,0,0,0,0,0,0,0,0,0,0,0,0,0,0,0,0,0,0,-364,-863,-977,-564,-654,-581,-362,-56,270,547,756,867,884,807,633,410,143,-144,-409,-650,-845,-967,-1018,-968,-847,-667,-410,-135,161,455,706,918,1058,1111,1107,1014,864,655,385,87,-202,-493,-759,-963,-1104,-1197,-1200,-1141,-1013,-787,-518,-223,84,410,695,946,1133,1243,1284,1269,1125,923,676,377,74,-243,-549,-810,-1001,-1154,-1242,-1248,-1170,-1007,-805,-557,-288,4,276,516,730,906,1036,1088,1073,1010,901,755,546,329,89,-155,-381,-590,-766,-867,-954,-997,-963,-872,-726,-569,-365,-147,58,279,474,623,730,808,840,811,749,658,545,382,213,65,-92,-235,-369,-485,-558,-606,-624,-633,-627,-590,-330,-472,-358,-240,-117,16,164,302,452,596,703,779,834,834,791,682,549,377,182,-27,-261,-491,-704,-869,-984,-1070,-1082,-1018,-890,-717,-502,-247,35,305,571,798,988,1121,1179,1170,1118,980,799,563,282,-4,-295,-568,-826,-1036,-1187,-1272,-1275,-1212,-1093,-886,-638,-340,-28,304,619,886,1120,1288,1383,1395,1313,1134,893,599,279,-73,-431,-759,-1051,-1273,-1423,-1457,-1414,-1281,-1045,-764,-399,-5,359,711,1014,1264,1400,1458,1410,1248,1007,697,323,-74,-443,-780,-1065,-1258,-1364,-1360,-1249,-1050,-774,-446,-98,271,609,901,1112,1240,1267,1191,1022,741,394,-23,-441,-823,-1143,-1318,-1294,-1062,-646,-213,-89,-384,0,0,0,0,0,0,0,0,0,0,0,0,0,0,0,0,0,0,0,0,0,0,0,0,0,0,0,0,0,0,0,0,0,0,0,0,0,0,0,0,0,0,0,0,0,0,0,0,0,0,0,0,0,0,0,0,0,0,0,0,0,0,0,0,0,0,0,0,0,0,0,0,0,0,0,0,0,0,0,0,0,0,0,0,0,0,0,0,0,0,0,0,0,0,0,0,0,0,0,0,0,0,0,0,0,0,0,0,0,0,0,0,0,0,0,0,0,0,0,0,0,0,0,0,0,0,0,0,0,0,0,0,0,0,0,0,0,0,0,0,0,0,0,0,0,0,0,0,0,0,0,0,0,0,0,0,0,0,0,0,0,0,0,0,0,0,0,0,0,0,0,0,0,0,0,0,0,0,0,0,0,0,0,0,0,0,0,0,0,0,0,0,0,0,0,0,0,0,0,0,0,0,0,0,0,0,0,0,0,0,0,0,0,0,0,0,0,0,0,0,0,0,0,0,0,0,0,0,0,0,0,0,0,0,0,0,0,0,0,0,0,0,0,0,0,0,0,0,0,0,0,0,0,0,0,0,-49,-485,-179,-139,138,455,703,824,800,658,433,153,-139,-424,-656,-824,-920,-938,-863,-719,-500,-240,45,334,591,823,987,1064,1071,995,846,633,359,73,-212,-491,-729,-941,-1093,-1155,-1146,-1072,-913,-695,-446,-162,153,442,732,965,1121,1218,1256,1201,1055,855,591,305,8,-322,-645,-889,-1093,-1221,-1275,-1264,-1167,-981,-744,-480,-180,125,432,693,897,1044,1144,1179,1119,1019,852,666,430,166,-90,-328,-540,-745,-898,-990,-1041,-1025,-960,-844,-683,-486,-283,-40,214,441,629,780,892,928,932,884,777,627,450,276,71,-124,-296,-447,-572,-662,-698,-709,-692,-645,-582,-484,-371,-249,-125,-4,128,250,-82,458,547,611,653,686,683,648,595,481,342,190,3,-190,-388,-569,-719,-848,-929,-971,-955,-875,-739,-547,-350,-108,153,420,654,859,1023,1136,1168,1127,1017,856,646,398,127,-151,-439,-712,-927,-1102,-1196,-1232,-1197,-1109,-956,-731,-474,-179,133,433,721,967,1158,1290,1354,1332,1208,1025,782,485,168,-172,-520,-831,-1088,-1274,-1387,-1429,-1361,-1217,-993,-695,-344,32,369,715,1015,1261,1433,1474,1425,1289,1066,750,382,1,-395,-757,-1045,-1272,-1410,-1430,-1341,-1173,-908,-580,-211,171,533,842,1091,1248,1311,1277,1142,924,626,294,-83,-442,-780,-1058,-1248,-1322,-1244,-1044,-700,-243,261,713,1023,1109,-961,-896
61951,mtk,MTK 7916,2149368874,rx0-tx1,512,0,0,0,0,0,0,0,0,0,0,0,0,0,0,0,0,0,0,0,0,0,0,0,0,0,0,0,0,0,0,0,0,0,0,0,0,0,0,0,0,0,0,0,0,0,0,0,0,0,0,0,0,0,0,0,0,0,0,0,0,0,0,0,0,0,0,0,0,0,0,0,0,0,0,0,0,0,0,0,0,0,0,0,0,0,0,0,0,0,0,0,0,0,0,0,0,0,0,0,0,0,0,0,0,0,0,0,0,0,0,0,0,0,0,0,0,0,0,0,0,0,0,0,0,0,0,0,0,0,0,0,0,0,0,0,0,0,0,0,0,0,0,0,0,0,0,0,0,0,0,0,0,0,0,0,0,0,0,0,0,0,0,0,0,0,0,0,0,0,0,0,0,0,0,0,0,0,0,0,0,0,0,0,0,0,0,0,0,0,0,0,0,0,0,0,0,0,0,0,0,0,0,0,0,0,0,0,0,0,0,0,0,0,0,0,0,0,0,0,0,0,0,0,0,0,0,0,0,0,0,0,0,0,0,0,0,0,0,0,0,0,0,0,0,0,0,0,0,0,0,0,0,0,0,0,0,-449,23,7,508,616,601,427,165,-148,-442,-673,-818,-865,-831,-693,-486,-235,71,372,641,879,1027,1086,1053,925,705,403,63,-297,-640,-920,-1123,-1243,-1230,-1131,-940,-683,-349,-11,305,587,822,989,1082,1099,1028,888,715,498,253,4,-216,-430,-601,-719,-799,-835,-817,-760,-673,-549,-390,-228,-75,94,259,391,490,567,630,676,692,675,643,571,474,348,197,33,-142,-319,-495,-660,-778,-866,-889,-864,-797,-665,-489,-289,-68,162,376,559,733,839,906,935,905,824,714,541,347,160,-62,-293,-498,-681,-827,-918,-977,-981,-918,-815,-673,-476,-243,-3,223,474,693,876,1025,1093,1081,1031,913,510,520,249,2,-260,-512,-724,-885,-1004,-1071,-1073,-1003,-896,-739,-535,-306,-78,164,382,576,759,908,1010,1056,1059,1007,889,735,546,314,57,-207,-467,-709,-938,-1124,-1257,-1330,-1328,-1231,-1080,-852,-537,-164,215,603,972,1301,1568,1715,1761,1691,1480,1170,772,295,-217,-716,-1173,-1557,-1838,-1983,-1991,-1864,-1592,-1190,-718,-186,363,889,1361,1714,1946,2038,1946,1734,1400,946,441,-93,-617,-1091,-1491,-1763,-1896,-1879,-1706,-1396,-989,-502,10,522,986,1332,1566,1661,1603,1417,1105,715,274,-174,-577,-913,-1147,-1267,-1263,-1145,-953,-673,-345,-24,293,565,774,924,970,909,767,543,236,-99,-411,-642,-739,-704,11,27,0,0,0,0,0,0,0,0,0,0,0,0,0,0,0,0,0,0,0,0,0,0,0,0,0,0,0,0,0,0,0,0,0,0,0,0,0,0,0,0,0,0,0,0,0,0,0,0,0,0,0,0,0,0,0,0,0,0,0,0,0,0,0,0,0,0,0,0,0,0,0,0,0,0,0,0,0,0,0,0,0,0,0,0,0,0,0,0,0,0,0,0,0,0,0,0,0,0,0,0,0,0,0,0,0,0,0,0,0,0,0,0,0,0,0,0,0,0,0,0,0,0,0,0,0,0,0,0,0,0,0,0,0,0,0,0,0,0,0,0,0,0,0,0,0,0,0,0,0,0,0,0,0,0,0,0,0,0,0,0,0,0,0,0,0,0,0,0,0,0,0,0,0,0,0,0,0,0,0,0,0,0,0,0,0,0,0,0,0,0,0,0,0,0,0,0,0,0,0,0,0,0,0,0,0,0,0,0,0,0,0,0,0,0,0,0,0,0,0,0,0,0,0,0,0,0,0,0,0,0,0,0,0,0,0,0,0,0,0,0,0,0,0,0,0,0,0,0,0,0,0,0,0,0,0,0,26,-19,-32,210,-33,-334,-596,-749,-792,-702,-513,-246,44,335,603,791,925,983,931,802,587,295,-20,-348,-665,-932,-1113,-1189,-1173,-1045,-824,-543,-190,171,502,793,1030,1178,1198,1135,994,791,529,256,-32,-319,-557,-744,-894,-962,-964,-913,-817,-660,-486,-301,-97,93,261,424,561,674,720,734,722,667,584,496,384,264,125,-30,-173,-319,-452,-560,-655,-727,-774,-784,-749,-670,-537,-370,-175,50,253,463,645,788,889,938,926,849,748,589,398,202,-9,-238,-431,-621,-773,-868,-933,-962,-918,-817,-682,-505,-303,-83,146,372,569,756,915,1005,1022,1007,935,794,623,396,130,-126,-383,-633,-82,-998,-1082,-1104,-1076,-975,-814,-623,-408,-151,115,358,569,752,906,1011,1050,1031,958,857,711,515,279,56,-166,-406,-624,-809,-967,-1083,-1135,-1141,-1085,-981,-814,-586,-308,-12,314,634,927,1202,1409,1529,1551,1493,1320,1057,693,275,-169,-633,-1075,-1439,-1723,-1893,-1920,-1816,-1573,-1232,-781,-273,255,781,1271,1661,1917,2040,2005,1835,1523,1094,598,42,-503,-987,-1421,-1742,-1915,-1953,-1842,-1602,-1236,-766,-249,279,783,1218,1552,1746,1801,1713,1471,1109,669,170,-320,-763,-1110,-1349,-1467,-1444,-1298,-1041,-714,-340,57,405,703,933,1052,1086,1018,856,637,354,34,-272,-530,-752,-888,-890,-759,-513,-195,73,26,11
61952,mtk,MTK 7916,2149368874,rx1-tx0,512,0,0,0,0,0,0,0,0,0,0,0,0,0,0,0,0,0,0,0,0,0,0,0,0,0,0,0,0,0,0,0,0,0,0,0,0,0,0,0,0,0,0,0,0,0,0,0,0,0,0,0,0,0,0,0,0,0,0,0,0,0,0,0,0,0,0,0,0,0,0,0,0,0,0,0,0,0,0,0,0,0,0,0,0,0,0,0,0,0,0,0,0,0,0,0,0,0,0,0,0,0,0,0,0,0,0,0,0,0,0,0,0,0,0,0,0,0,0,0,0,0,0,0,0,0,0,0,0,0,0,0,0,0,0,0,0,0,0,0,0,0,0,0,0,0,0,0,0,0,0,0,0,0,0,0,0,0,0,0,0,0,0,0,0,0,0,0,0,0,0,0,0,0,0,0,0,0,0,0,0,0,0,0,0,0,0,0,0,0,0,0,0,0,0,0,0,0,0,0,0,0,0,0,0,0,0,0,0,0,0,0,0,0,0,0,0,0,0,0,0,0,0,0,0,0,0,0,0,0,0,0,0,0,0,0,0,0,0,0,0,0,0,0,0,0,0,0,0,0,0,0,0,0,0,0,0,98,-269,-659,-437,-617,-669,-560,-331,-29,285,558,773,893,929,862,699,465,168,-144,-469,-774,-1013,-1155,-1186,-1127,-960,-681,-337,59,447,797,1082,1279,1350,1315,1179,938,602,231,-136,-475,-765,-991,-1133,-1185,-1141,-1012,-843,-629,-374,-102,156,399,583,728,815,843,845,799,701,589,443,281,111,-62,-215,-351,-478,-587,-667,-720,-734,-709,-649,-549,-413,-249,-65,128,308,456,589,703,749,750,707,620,505,351,171,1,-165,-306,-432,-521,-560,-577,-556,-499,-435,-356,-244,-153,-57,35,139,204,258,309,337,367,362,341,327,309,269,215,164,101,50,-7,-92,-181,-262,-326,-374,-417,-435,-686,-405,-351,-280,-193,-88,33,153,260,356,439,495,522,518,505,453,366,268,163,32,-98,-198,-330,-424,-496,-550,-569,-573,-535,-470,-405,-307,-168,-25,130,276,418,547,643,717,751,735,677,559,403,225,19,-182,-397,-590,-733,-830,-869,-849,-782,-672,-481,-282,-77,154,350,523,666,775,829,815,756,639,504,333,132,-50,-238,-412,-535,-625,-675,-677,-642,-573,-468,-345,-202,-58,84,218,338,441,489,506,518,490,448,391,301,228,125,-8,-133,-258,-384,-487,-563,-602,-603,-567,-473,-324,-143,51,265,470,633,751,800,775,676,459,188,-122,-441,-701,-849,-871,-720,-478,911,561,0,0,0,0,0,0,0,0,0,0,0,0,0,0,0,0,0,0,0,0,0,0,0,0,0,0,0,0,0,0,0,0,0,0,0,0,0,0,0,0,0,0,0,0,0,0,0,0,0,0,0,0,0,0,0,0,0,0,0,0,0,0,0,0,0,0,0,0,0,0,0,0,0,0,0,0,0,0,0,0,0,0,0,0,0,0,0,0,0,0,0,0,0,0,0,0,0,0,0,0,0,0,0,0,0,0,0,0,0,0,0,0,0,0,0,0,0,0,0,0,0,0,0,0,0,0,0,0,0,0,0,0,0,0,0,0,0,0,0,0,0,0,0,0,0,0,0,0,0,0,0,0,0,0,0,0,0,0,0,0,0,0,0,0,0,0,0,0,0,0,0,0,0,0,0,0,0,0,0,0,0,0,0,0,0,0,0,0,0,0,0,0,0,0,0,0,0,0,0,0,0,0,0,0,0,0,0,0,0,0,0,0,0,0,0,0,0,0,0,0,0,0,0,0,0,0,0,0,0,0,0,0,0,0,0,0,0,0,0,0,0,0,0,0,0,0,0,0,0,0,0,0,0,0,0,0,-999,-1299,-1142,-300,-98,204,503,722,826,799,660,436,159,-137,-439,-697,-903,-1031,-1056,-1000,-825,-558,-229,123,471,811,1072,1253,1312,1250,1077,804,458,62,-323,-680,-981,-1192,-1287,-1289,-1186,-998,-742,-439,-118,201,491,725,899,1004,1023,981,899,757,577,366,161,-36,-236,-409,-537,-638,-707,-737,-734,-694,-630,-544,-428,-284,-119,51,213,362,503,620,706,759,757,701,609,503,339,149,-49,-240,-396,-523,-623,-674,-685,-648,-573,-472,-339,-217,-79,58,175,271,357,423,436,450,445,411,353,303,230,162,83,8,-51,-100,-158,-219,-265,-307,-339,-350,-359,-364,-344,-308,-246,-178,-102,-3,9,198,298,383,441,486,494,476,435,374,289,173,48,-63,-181,-309,-404,-473,-519,-548,-527,-512,-471,-379,-279,-154,-32,102,234,352,440,543,603,634,639,595,537,441,317,169,-22,-214,-397,-571,-699,-786,-820,-815,-759,-637,-466,-268,-49,176,372,580,735,818,867,848,771,653,503,311,104,-95,-291,-460,-597,-707,-749,-746,-710,-606,-480,-337,-166,14,176,321,432,519,579,590,577,520,449,352,228,119,-4,-128,-227,-320,-393,-441,-504,-524,-505,-477,-410,-313,-185,-31,137,312,481,607,677,711,689,596,439,228,-24,-273,-533,-740,-857,-887,-788,-566,-249,109,445,625,-968,-1207
61953,mtk,MTK 7916,2149368874,rx1-tx1,512,0,0,0,0,0,0,0,0,0,0,0,0,0,0,0,0,0,0,0,0,0,0,0,0,0,0,0,0,0,0,0,0,0,0,0,0,0,0,0,0,0,0,0,0,0,0,0,0,0,0,0,0,0,0,0,0,0,0,0,0,0,0,0,0,0,0,0,0,0,0,0,0,0,0,0,0,0,0,0,0,0,0,0,0,0,0,0,0,0,0,0,0,0,0,0,0,0,0,0,0,0,0,0,0,0,0,0,0,0,0,0,0,0,0,0,0,0,0,0,0,0,0,0,0,0,0,0,0,0,0,0,0,0,0,0,0,0,0,0,0,0,0,0,0,0,0,0,0,0,0,0,0,0,0,0,0,0,0,0,0,0,0,0,0,0,0,0,0,0,0,0,0,0,0,0,0,0,0,0,0,0,0,0,0,0,0,0,0,0,0,0,0,0,0,0,0,0,0,0,0,0,0,0,0,0,0,0,0,0,0,0,0,0,0,0,0,0,0,0,0,0,0,0,0,0,0,0,0,0,0,0,0,0,0,0,0,0,0,0,0,0,0,0,0,0,0,0,0,0,0,0,0,0,0,0,0,-282,-331,-454,72,10,-52,-124,-203,-246,-243,-198,-109,0,121,220,263,241,166,50,-86,-204,-273,-274,-209,-75,98,245,328,326,240,82,-120,-299,-399,-399,-290,-85,157,373,499,488,350,104,-191,-439,-585,-587,-420,-116,222,497,657,646,448,122,-243,-560,-738,-720,-489,-115,304,647,814,769,517,114,-336,-680,-848,-791,-512,-89,362,722,877,797,505,64,-409,-767,-898,-780,-459,-4,456,780,877,727,387,-60,-505,-797,-850,-658,-302,139,545,798,821,598,200,-232,-583,-775,-742,-498,-113,293,626,770,685,406,26,-354,-617,-691,-568,-274,108,440,635,643,456,133,-219,-501,-636,0,-345,-5,337,574,633,484,193,-154,-449,-607,-596,-399,-67,303,571,674,570,283,-105,-465,-696,-722,-537,-178,258,635,827,775,505,82,-383,-751,-919,-816,-469,13,495,855,975,820,421,-95,-599,-948,-1039,-815,-359,193,689,1009,1045,787,318,-248,-759,-1057,-1056,-762,-257,319,795,1045,1017,703,191,-368,-817,-1034,-967,-637,-136,401,816,1007,917,578,65,-444,-833,-991,-873,-526,-46,473,869,1006,861,498,11,-483,-846,-990,-867,-526,-53,434,812,973,879,580,142,-330,-719,-922,-894,-648,-262,183,579,829,868,700,371,-32,-415,-693,-832,-803,-599,-272,81,381,607,712,684,220,32,0,0,0,0,0,0,0,0,0,0,0,0,0,0,0,0,0,0,0,0,0,0,0,0,0,0,0,0,0,0,0,0,0,0,0,0,0,0,0,0,0,0,0,0,0,0,0,0,0,0,0,0,0,0,0,0,0,0,0,0,0,0,0,0,0,0,0,0,0,0,0,0,0,0,0,0,0,0,0,0,0,0,0,0,0,0,0,0,0,0,0,0,0,0,0,0,0,0,0,0,0,0,0,0,0,0,0,0,0,0,0,0,0,0,0,0,0,0,0,0,0,0,0,0,0,0,0,0,0,0,0,0,0,0,0,0,0,0,0,0,0,0,0,0,0,0,0,0,0,0,0,0,0,0,0,0,0,0,0,0,0,0,0,0,0,0,0,0,0,0,0,0,0,0,0,0,0,0,0,0,0,0,0,0,0,0,0,0,0,0,0,0,0,0,0,0,0,0,0,0,0,0,0,0,0,0,0,0,0,0,0,0,0,0,0,0,0,0,0,0,0,0,0,0,0,0,0,0,0,0,0,0,0,0,0,0,0,0,0,0,0,0,0,0,0,0,0,0,0,0,0,0,0,0,0,0,288,-494,-358,148,187,205,190,133,50,-56,-162,-236,-260,-228,-157,-36,100,208,262,255,185,68,-76,-211,-297,-306,-224,-73,105,263,358,359,270,92,-140,-336,-445,-449,-319,-81,182,400,542,540,376,113,-186,-460,-616,-601,-433,-132,226,534,697,677,466,118,-265,-586,-771,-741,-500,-112,313,661,826,782,520,103,-354,-710,-878,-814,-515,-63,399,742,888,798,480,20,-444,-775,-895,-770,-427,30,474,785,869,706,354,-109,-531,-804,-836,-626,-244,183,556,777,784,555,160,-265,-596,-766,-714,-459,-77,322,624,737,627,345,-39,-397,-623,-672,-522,-215,158,474,635,610,407,84,0,-511,-624,-544,-283,68,395,594,608,449,145,-211,-506,-646,-589,-354,4,370,630,700,556,238,-168,-531,-747,-751,-522,-118,322,678,864,811,499,29,-445,-802,-939,-815,-445,59,556,912,1016,832,411,-135,-641,-965,-1032,-809,-356,213,730,1040,1052,779,296,-277,-778,-1055,-1034,-732,-233,332,810,1046,991,663,162,-379,-822,-1031,-946,-598,-98,415,821,1003,897,543,42,-469,-841,-983,-868,-510,-12,484,848,989,868,517,29,-461,-839,-982,-869,-541,-84,391,768,951,903,622,198,-268,-648,-874,-883,-674,-306,125,514,775,857,745,472,103,-283,-597,-783,-823,-719,-495,-217,95,-564,-592
61954,mtk,MTK 7916,2149368874,rx2-tx0,512,0,0,0,0,0,0,0,0,0,0,0,0,0,0,0,0,0,0,0,0,0,0,0,0,0,0,0,0,0,0,0,0,0,0,0,0,0,0,0,0,0,0,0,0,0,0,0,0,0,0,0,0,0,0,0,0,0,0,0,0,0,0,0,0,0,0,0,0,0,0,0,0,0,0,0,0,0,0,0,0,0,0,0,0,0,0,0,0,0,0,0,0,0,0,0,0,0,0,0,0,0,0,0,0,0,0,0,0,0,0,0,0,0,0,0,0,0,0,0,0,0,0,0,0,0,0,0,0,0,0,0,0,0,0,0,0,0,0,0,0,0,0,0,0,0,0,0,0,0,0,0,0,0,0,0,0,0,0,0,0,0,0,0,0,0,0,0,0,0,0,0,0,0,0,0,0,0,0,0,0,0,0,0,0,0,0,0,0,0,0,0,0,0,0,0,0,0,0,0,0,0,0,0,0,0,0,0,0,0,0,0,0,0,0,0,0,0,0,0,0,0,0,0,0,0,0,0,0,0,0,0,0,0,0,0,0,0,0,0,0,0,0,0,0,0,0,0,0,0,0,0,0,0,0,0,0,794,667,823,-110,-117,-91,-38,19,84,150,185,183,147,75,-12,-105,-182,-217,-195,-129,-37,72,156,218,226,176,84,-38,-167,-250,-258,-204,-100,21,133,205,232,192,88,-30,-140,-213,-227,-165,-61,63,162,231,239,179,60,-81,-199,-252,-245,-173,-43,103,221,271,256,193,61,-99,-219,-269,-260,-172,-39,104,214,252,240,149,31,-94,-198,-244,-202,-119,-12,108,206,228,167,75,-22,-122,-197,-197,-142,-53,46,130,167,166,120,46,-46,-125,-165,-153,-108,-42,25,67,82,79,62,23,-20,-38,-40,-25,-2,16,26,18,-4,-30,-50,-54,-38,-2,54,83,96,85,0,-38,-104,-154,-174,-133,-46,48,139,205,213,165,67,-50,-157,-235,-239,-184,-91,38,154,239,269,226,113,-34,-163,-232,-245,-197,-85,38,145,212,209,152,54,-67,-157,-207,-204,-131,-37,61,148,190,167,99,17,-56,-106,-139,-120,-65,7,70,105,101,66,6,-56,-97,-113,-89,-29,51,116,143,127,82,14,-61,-134,-173,-142,-79,-12,54,112,142,139,89,9,-50,-85,-102,-96,-58,-18,17,63,77,36,-8,-34,-58,-65,-34,4,44,98,135,110,43,-37,-112,-170,-188,-161,-114,-25,88,192,252,269,221,125,3,-112,-214,-284,-296,-261,-193,-106,-2,-137,154,0,0,0,0,0,0,0,0,0,0,0,0,0,0,0,0,0,0,0,0,0,0,0,0,0,0,0,0,0,0,0,0,0,0,0,0,0,0,0,0,0,0,0,0,0,0,0,0,0,0,0,0,0,0,0,0,0,0,0,0,0,0,0,0,0,0,0,0,0,0,0,0,0,0,0,0,0,0,0,0,0,0,0,0,0,0,0,0,0,0,0,0,0,0,0,0,0,0,0,0,0,0,0,0,0,0,0,0,0,0,0,0,0,0,0,0,0,0,0,0,0,0,0,0,0,0,0,0,0,0,0,0,0,0,0,0,0,0,0,0,0,0,0,0,0,0,0,0,0,0,0,0,0,0,0,0,0,0,0,0,0,0,0,0,0,0,0,0,0,0,0,0,0,0,0,0,0,0,0,0,0,0,0,0,0,0,0,0,0,0,0,0,0,0,0,0,0,0,0,0,0,0,0,0,0,0,0,0,0,0,0,0,0,0,0,0,0,0,0,0,0,0,0,0,0,0,0,0,0,0,0,0,0,0,0,0,0,0,0,0,0,0,0,0,0,0,0,0,0,0,0,0,0,0,0,0,572,567,299,-18,-87,-140,-168,-178,-158,-99,-28,39,112,188,206,171,101,5,-98,-174,-214,-219,-166,-64,57,154,216,237,201,103,-28,-133,-209,-242,-191,-84,25,140,217,226,181,84,-50,-156,-224,-228,-177,-74,65,193,252,248,188,57,-98,-213,-264,-252,-168,-36,103,221,290,268,175,44,-98,-217,-274,-251,-154,-20,101,192,243,217,120,3,-101,-179,-213,-187,-107,9,120,186,201,154,66,-43,-142,-196,-187,-136,-53,55,139,179,172,114,35,-47,-115,-132,-108,-73,-25,21,59,76,67,31,3,-14,-21,-7,6,27,36,32,15,-9,-50,-76,-70,-27,25,68,0,147,110,50,-47,-142,-185,-173,-142,-63,49,150,207,225,177,76,-51,-158,-230,-245,-199,-93,41,162,226,241,188,84,-42,-157,-225,-233,-178,-71,56,156,217,214,155,52,-62,-160,-203,-192,-130,-34,54,121,164,154,86,-1,-71,-115,-119,-91,-41,27,81,106,91,36,-47,-96,-110,-109,-76,-8,62,117,148,128,73,1,-72,-132,-153,-138,-95,-26,56,116,138,114,63,7,-51,-89,-95,-71,-34,8,51,64,36,4,-24,-57,-83,-69,-18,35,88,133,147,133,83,-5,-111,-189,-222,-206,-159,-69,46,162,252,298,269,195,93,-17,-131,-212,-259,-275,842,845
61955,mtk,MTK 7916,2149368874,rx2-tx1,512,0,0,0,0,0,0,0,0,0,0,0,0,0,0,0,0,0,0,0,0,0,0,0,0,0,0,0,0,0,0,0,0,0,0,0,0,0,0,0,0,0,0,0,0,0,0,0,0,0,0,0,0,0,0,0,0,0,0,0,0,0,0,0,0,0,0,0,0,0,0,0,0,0,0,0,0,0,0,0,0,0,0,0,0,0,0,0,0,0,0,0,0,0,0,0,0,0,0,0,0,0,0,0,0,0,0,0,0,0,0,0,0,0,0,0,0,0,0,0,0,0,0,0,0,0,0,0,0,0,0,0,0,0,0,0,0,0,0,0,0,0,0,0,0,0,0,0,0,0,0,0,0,0,0,0,0,0,0,0,0,0,0,0,0,0,0,0,0,0,0,0,0,0,0,0,0,0,0,0,0,0,0,0,0,0,0,0,0,0,0,0,0,0,0,0,0,0,0,0,0,0,0,0,0,0,0,0,0,0,0,0,0,0,0,0,0,0,0,0,0,0,0,0,0,0,0,0,0,0,0,0,0,0,0,0,0,0,0,0,0,0,0,0,0,0,0,0,0,0,0,0,0,0,0,0,0,381,-358,-529,-13,-13,-8,6,30,53,58,59,51,27,-4,-36,-67,-93,-92,-68,-32,13,68,106,118,100,53,-6,-73,-128,-150,-134,-70,15,95,160,204,194,125,26,-94,-215,-290,-284,-205,-75,82,228,323,343,274,117,-83,-273,-391,-413,-355,-192,52,274,429,495,420,237,-11,-284,-488,-568,-512,-322,-34,272,504,610,562,390,97,-239,-502,-631,-620,-440,-146,177,455,623,618,462,191,-135,-431,-603,-607,-455,-195,110,377,528,545,424,178,-110,-353,-483,-483,-346,-124,127,333,449,430,308,112,-109,-318,-425,-402,-269,-69,151,329,403,358,226,35,-170,-313,-367,-320,0,31,213,325,349,275,129,-64,-225,-312,-305,-220,-68,97,233,295,273,172,21,-133,-247,-291,-259,-141,39,193,269,283,217,84,-86,-229,-309,-300,-214,-55,126,278,352,318,197,36,-128,-261,-339,-331,-224,-54,124,268,333,310,212,65,-100,-233,-310,-298,-190,-43,95,205,250,230,154,26,-104,-205,-241,-210,-131,-40,71,178,236,218,146,31,-85,-161,-198,-187,-125,-47,41,125,167,163,129,76,14,-49,-98,-122,-115,-92,-65,-24,26,64,77,75,66,50,46,32,4,-15,-35,-51,-65,-67,-61,-38,-15,26,63,96,116,113,93,55,5,-46,-82,-109,301,87,0,0,0,0,0,0,0,0,0,0,0,0,0,0,0,0,0,0,0,0,0,0,0,0,0,0,0,0,0,0,0,0,0,0,0,0,0,0,0,0,0,0,0,0,0,0,0,0,0,0,0,0,0,0,0,0,0,0,0,0,0,0,0,0,0,0,0,0,0,0,0,0,0,0,0,0,0,0,0,0,0,0,0,0,0,0,0,0,0,0,0,0,0,0,0,0,0,0,0,0,0,0,0,0,0,0,0,0,0,0,0,0,0,0,0,0,0,0,0,0,0,0,0,0,0,0,0,0,0,0,0,0,0,0,0,0,0,0,0,0,0,0,0,0,0,0,0,0,0,0,0,0,0,0,0,0,0,0,0,0,0,0,0,0,0,0,0,0,0,0,0,0,0,0,0,0,0,0,0,0,0,0,0,0,0,0,0,0,0,0,0,0,0,0,0,0,0,0,0,0,0,0,0,0,0,0,0,0,0,0,0,0,0,0,0,0,0,0,0,0,0,0,0,0,0,0,0,0,0,0,0,0,0,0,0,0,0,0,0,0,0,0,0,0,0,0,0,0,0,0,0,0,0,0,0,0,-1037,-603,-459,-31,-37,-49,-59,-43,-26,-14,9,37,58,71,68,47,12,-32,-70,-98,-96,-69,-25,17,70,122,148,132,84,0,-95,-170,-197,-164,-112,-19,101,211,252,234,151,39,-95,-231,-312,-313,-242,-105,80,249,361,386,307,135,-68,-265,-410,-458,-388,-207,36,261,441,521,470,281,8,-273,-491,-594,-552,-355,-64,241,493,626,588,403,122,-202,-490,-649,-635,-457,-165,170,453,611,612,462,189,-133,-415,-564,-570,-445,-197,102,352,502,522,401,166,-104,-347,-473,-467,-330,-116,134,337,446,421,281,71,-147,-321,-405,-383,-257,-54,158,314,379,335,192,-6,-195,0,-357,-277,-121,62,229,318,316,238,92,-77,-236,-315,-291,-191,-46,127,254,300,258,148,-4,-154,-266,-300,-241,-109,50,207,302,303,216,65,-99,-242,-316,-298,-199,-46,136,286,348,325,213,33,-143,-267,-332,-334,-235,-61,118,251,318,307,217,64,-106,-235,-292,-274,-177,-43,102,203,249,227,153,35,-97,-197,-233,-209,-135,-21,91,170,204,199,140,49,-55,-135,-173,-176,-141,-70,13,81,137,148,121,79,36,-12,-57,-102,-108,-91,-60,-35,-10,9,34,46,62,68,63,45,22,6,-13,-53,-77,-86,-88,-79,-47,-13,37,91,119,128,127,108,64,-634,-694
61956,mtk,MTK 7916,2149429610,rx0-tx0,512,0,0,0,0,0,0,0,0,0,0,0,0,0,0,0,0,0,0,0,0,0,0,0,0,0,0,0,0,0,0,0,0,0,0,0,0,0,0,0,0,0,0,0,0,0,0,0,0,0,0,0,0,0,0,0,0,0,0,0,0,0,0,0,0,0,0,0,0,0,0,0,0,0,0,0,0,0,0,0,0,0,0,0,0,0,0,0,0,0,0,0,0,0,0,0,0,0,0,0,0,0,0,0,0,0,0,0,0,0,0,0,0,0,0,0,0,0,0,0,0,0,0,0,0,0,0,0,0,0,0,0,0,0,0,0,0,0,0,0,0,0,0,0,0,0,0,0,0,0,0,0,0,0,0,0,0,0,0,0,0,0,0,0,0,0,0,0,0,0,0,0,0,0,0,0,0,0,0,0,0,0,0,0,0,0,0,0,0,0,0,0,0,0,0,0,0,0,0,0,0,0,0,0,0,0,0,0,0,0,0,0,0,0,0,0,0,0,0,0,0,0,0,0,0,0,0,0,0,0,0,0,0,0,0,0,0,0,0,0,0,0,0,0,0,0,0,0,0,0,0,0,0,0,0,0,0,-364,-863,-977,-586,-546,-317,21,380,681,852,891,793,584,305,-21,-335,-626,-854,-968,-996,-919,-731,-466,-156,179,513,799,1012,1108,1117,1033,829,552,221,-139,-480,-779,-1012,-1166,-1212,-1167,-1005,-759,-468,-122,236,576,869,1107,1250,1282,1227,1048,789,456,105,-257,-614,-937,-1168,-1299,-1341,-1262,-1079,-817,-490,-125,253,603,891,1114,1248,1261,1188,1018,791,502,169,-156,-461,-721,-933,-1075,-1128,-1099,-976,-817,-586,-312,-38,247,500,717,885,986,1018,975,855,675,466,217,-64,-316,-531,-712,-829,-877,-857,-794,-673,-487,-295,-90,131,319,472,597,664,680,664,618,527,408,293,148,4,-132,-272,-330,-456,-540,-592,-614,-593,-545,-483,-385,-235,-60,108,305,483,636,751,812,837,785,688,516,298,77,-181,-439,-663,-852,-984,-1023,-989,-903,-746,-494,-217,77,384,666,871,1028,1101,1118,1063,903,664,375,66,-270,-559,-825,-1051,-1176,-1220,-1167,-1039,-846,-565,-241,112,458,769,1036,1213,1318,1293,1179,964,676,334,-54,-434,-792,-1075,-1283,-1378,-1368,-1256,-1025,-707,-323,90,488,857,1146,1344,1425,1380,1221,939,581,183,-253,-659,-1000,-1251,-1386,-1390,-1247,-1019,-690,-296,126,532,865,1119,1266,1285,1181,957,661,299,-102,-497,-838,-1089,-1223,-1242,-1112,-846,-457,8,505,935,1198,1248,1040,689,-89,-384,0,0,0,0,0,0,0,0,0,0,0,0,0,0,0,0,0,0,0,0,0,0,0,0,0,0,0,0,0,0,0,0,0,0,0,0,0,0,0,0,0,0,0,0,0,0,0,0,0,0,0,0,0,0,0,0,0,0,0,0,0,0,0,0,0,0,0,0,0,0,0,0,0,0,0,0,0,0,0,0,0,0,0,0,0,0,0,0,0,0,0,0,0,0,0,0,0,0,0,0,0,0,0,0,0,0,0,0,0,0,0,0,0,0,0,0,0,0,0,0,0,0,0,0,0,0,0,0,0,0,0,0,0,0,0,0,0,0,0,0,0,0,0,0,0,0,0,0,0,0,0,0,0,0,0,0,0,0,0,0,0,0,0,0,0,0,0,0,0,0,0,0,0,0,0,0,0,0,0,0,0,0,0,0,0,0,0,0,0,0,0,0,0,0,0,0,0,0,0,0,0,0,0,0,0,0,0,0,0,0,0,0,0,0,0,0,0,0,0,0,0,0,0,0,0,0,0,0,0,0,0,0,0,0,0,0,0,0,0,0,0,0,0,0,0,0,0,0,0,0,0,0,0,0,0,0,-49,-485,-179,89,407,679,804,755,545,233,-111,-445,-709,-881,-939,-888,-745,-494,-188,132,457,743,943,1049,1064,970,776,492,149,-193,-537,-825,-1029,-1157,-1173,-1086,-906,-642,-325,26,374,702,960,1149,1242,1225,1112,915,639,300,-70,-439,-786,-1053,-1237,-1304,-1279,-1167,-943,-648,-307,63,447,782,1041,1231,1311,1288,1164,938,660,307,-53,-392,-702,-945,-1122,-1201,-1173,-1068,-899,-669,-384,-85,220,489,717,916,1019,1058,1023,911,746,525,266,-2,-283,-536,-729,-872,-963,-971,-897,-763,-586,-362,-117,111,325,530,663,737,784,777,702,585,428,247,77,-73,-230,-374,-470,-549,-593,-594,-582,-537,-82,-372,-256,-121,16,164,297,428,553,650,700,718,691,599,471,299,102,-121,-349,-557,-739,-853,-935,-954,-877,-725,-526,-272,15,280,546,790,971,1068,1100,1053,905,696,447,144,-154,-467,-751,-961,-1105,-1179,-1160,-1048,-883,-623,-305,16,349,648,916,1122,1233,1264,1188,1032,777,471,120,-260,-612,-923,-1155,-1308,-1351,-1289,-1126,-865,-543,-157,237,625,963,1215,1372,1411,1336,1147,849,478,59,-360,-748,-1070,-1291,-1407,-1400,-1255,-990,-646,-252,177,575,917,1187,1335,1353,1229,993,680,302,-105,-496,-824,-1071,-1215,-1249,-1148,-928,-609,-231,188,607,972,1217,1314,1219,925,469,-75,-588,-896,-961,-896
61957,mtk,MTK 7916,2149429610,rx0-tx1,512,0,0,0,0,0,0,0,0,0,0,0,0,0,0,0,0,0,0,0,0,0,0,0,0,0,0,0,0,0,0,0,0,0,0,0,0,0,0,0,0,0,0,0,0,0,0,0,0,0,0,0,0,0,0,0,0,0,0,0,0,0,0,0,0,0,0,0,0,0,0,0,0,0,0,0,0,0,0,0,0,0,0,0,0,0,0,0,0,0,0,0,0,0,0,0,0,0,0,0,0,0,0,0,0,0,0,0,0,0,0,0,0,0,0,0,0,0,0,0,0,0,0,0,0,0,0,0,0,0,0,0,0,0,0,0,0,0,0,0,0,0,0,0,0,0,0,0,0,0,0,0,0,0,0,0,0,0,0,0,0,0,0,0,0,0,0,0,0,0,0,0,0,0,0,0,0,0,0,0,0,0,0,0,0,0,0,0,0,0,0,0,0,0,0,0,0,0,0,0,0,0,0,0,0,0,0,0,0,0,0,0,0,0,0,0,0,0,0,0,0,0,0,0,0,0,0,0,0,0,0,0,0,0,0,0,0,0,0,0,0,0,0,0,0,0,0,0,0,0,0,0,0,0,0,0,0,-449,23,7,519,531,371,84,-249,-547,-740,-823,-784,-630,-389,-87,231,527,781,946,1026,973,798,536,190,-184,-554,-871,-1099,-1209,-1182,-1021,-762,-400,5,378,724,994,1161,1201,1120,955,688,354,21,-301,-578,-805,-960,-1019,-982,-880,-708,-491,-245,16,255,450,610,717,784,777,694,600,471,310,142,-36,-206,-329,-442,-558,-636,-657,-662,-622,-543,-446,-305,-130,53,270,461,623,753,824,832,787,667,498,291,68,-189,-431,-614,-777,-866,-893,-854,-760,-597,-399,-172,58,279,492,675,802,891,911,852,736,573,380,143,-98,-350,-578,-778,-899,-966,-987,-902,-749,-552,-305,-23,255,508,510,911,1006,1018,971,846,639,409,153,-133,-389,-618,-793,-902,-963,-957,-887,-744,-557,-355,-111,156,383,599,773,901,995,1008,942,823,648,424,161,-142,-452,-735,-974,-1159,-1266,-1293,-1216,-1019,-755,-399,5,427,836,1198,1466,1621,1645,1519,1253,872,392,-133,-651,-1159,-1541,-1798,-1912,-1822,-1570,-1174,-682,-98,485,1017,1481,1785,1924,1890,1689,1317,815,252,-343,-896,-1341,-1661,-1828,-1816,-1635,-1291,-841,-298,278,803,1254,1555,1705,1685,1459,1102,648,125,-395,-848,-1182,-1392,-1429,-1311,-1051,-689,-274,126,496,805,1005,1072,1028,872,626,328,21,-303,-575,-760,-863,-841,-696,-443,-123,211,469,596,11,27,0,0,0,0,0,0,0,0,0,0,0,0,0,0,0,0,0,0,0,0,0,0,0,0,0,0,0,0,0,0,0,0,0,0,0,0,0,0,0,0,0,0,0,0,0,0,0,0,0,0,0,0,0,0,0,0,0,0,0,0,0,0,0,0,0,0,0,0,0,0,0,0,0,0,0,0,0,0,0,0,0,0,0,0,0,0,0,0,0,0,0,0,0,0,0,0,0,0,0,0,0,0,0,0,0,0,0,0,0,0,0,0,0,0,0,0,0,0,0,0,0,0,0,0,0,0,0,0,0,0,0,0,0,0,0,0,0,0,0,0,0,0,0,0,0,0,0,0,0,0,0,0,0,0,0,0,0,0,0,0,0,0,0,0,0,0,0,0,0,0,0,0,0,0,0,0,0,0,0,0,0,0,0,0,0,0,0,0,0,0,0,0,0,0,0,0,0,0,0,0,0,0,0,0,0,0,0,0,0,0,0,0,0,0,0,0,0,0,0,0,0,0,0,0,0,0,0,0,0,0,0,0,0,0,0,0,0,0,0,0,0,0,0,0,0,0,0,0,0,0,0,0,0,0,0,0,26,-19,-32,-19,-282,-554,-714,-728,-575,-321,-8,312,597,803,902,890,769,561,281,-48,-401,-712,-957,-1104,-1122,-1024,-794,-472,-85,311,673,971,1177,1224,1163,992,715,368,-20,-382,-694,-958,-1094,-1123,-1066,-912,-684,-411,-113,174,432,651,802,885,898,832,710,549,361,155,-73,-255,-421,-553,-638,-678,-684,-636,-559,-481,-354,-195,-39,102,256,398,537,658,722,755,729,644,510,320,100,-122,-338,-548,-713,-821,-874,-868,-771,-640,-454,-222,18,260,475,666,791,867,874,843,755,602,403,179,-75,-310,-524,-706,-845,-926,-939,-887,-774,-593,-352,-104,174,446,660,840,966,1020,989,887,-82,497,222,-59,-334,-599,-800,-923,-1006,-1012,-935,-796,-586,-357,-113,149,397,628,785,899,970,958,882,761,580,374,134,-140,-393,-628,-841,-995,-1106,-1128,-1073,-944,-730,-460,-133,210,578,905,1181,1377,1471,1446,1301,1026,647,210,-284,-763,-1191,-1531,-1739,-1798,-1710,-1452,-1040,-568,4,578,1093,1512,1808,1946,1882,1662,1273,758,184,-391,-939,-1413,-1731,-1903,-1883,-1671,-1305,-843,-291,278,828,1280,1601,1780,1758,1575,1227,756,234,-324,-833,-1216,-1476,-1575,-1505,-1270,-907,-469,16,460,844,1107,1234,1220,1094,840,503,131,-218,-530,-768,-902,-940,-876,-694,-450,-145,188,489,707,800,739,530,275,26,11
61958,mtk,MTK 7916,2149429610,rx1-tx0,512,0,0,0,0,0,0,0,0,0,0,0,0,0,0,0,0,0,0,0,0,0,0,0,0,0,0,0,0,0,0,0,0,0,0,0,0,0,0,0,0,0,0,0,0,0,0,0,0,0,0,0,0,0,0,0,0,0,0,0,0,0,0,0,0,0,0,0,0,0,0,0,0,0,0,0,0,0,0,0,0,0,0,0,0,0,0,0,0,0,0,0,0,0,0,0,0,0,0,0,0,0,0,0,0,0,0,0,0,0,0,0,0,0,0,0,0,0,0,0,0,0,0,0,0,0,0,0,0,0,0,0,0,0,0,0,0,0,0,0,0,0,0,0,0,0,0,0,0,0,0,0,0,0,0,0,0,0,0,0,0,0,0,0,0,0,0,0,0,0,0,0,0,0,0,0,0,0,0,0,0,0,0,0,0,0,0,0,0,0,0,0,0,0,0,0,0,0,0,0,0,0,0,0,0,0,0,0,0,0,0,0,0,0,0,0,0,0,0,0,0,0,0,0,0,0,0,0,0,0,0,0,0,0,0,0,0,0,0,0,0,0,0,0,0,0,0,0,0,0,0,0,0,0,0,0,0,98,-269,-659,-541,-605,-506,-255,73,414,694,847,880,796,609,310,-23,-359,-679,-923,-1088,-1116,-1006,-791,-470,-90,337,736,1065,1276,1334,1265,1050,710,277,-158,-579,-943,-1193,-1325,-1301,-1171,-905,-559,-210,153,506,780,980,1084,1078,982,826,608,354,86,-183,-398,-591,-721,-789,-816,-766,-677,-552,-393,-220,-39,152,320,468,628,703,734,729,676,563,407,213,-6,-218,-422,-568,-701,-760,-768,-699,-577,-414,-220,-17,175,354,497,586,618,621,568,477,362,199,57,-74,-193,-285,-352,-391,-400,-392,-373,-330,-269,-197,-120,-43,23,109,169,221,268,299,332,338,323,313,283,209,114,14,-686,-192,-295,-366,-423,-458,-453,-420,-359,-273,-155,-7,136,258,356,436,503,525,519,459,374,261,132,0,-149,-277,-401,-512,-562,-584,-582,-542,-447,-325,-167,11,186,357,516,651,727,763,727,637,485,277,51,-206,-439,-623,-773,-850,-865,-787,-656,-461,-235,6,249,456,627,758,811,804,730,597,408,189,-26,-235,-431,-577,-671,-713,-688,-628,-500,-343,-162,22,207,356,476,556,575,562,500,410,297,177,37,-113,-229,-324,-411,-469,-488,-489,-455,-383,-273,-148,-1,164,340,492,601,650,632,561,415,200,-30,-271,-510,-690,-800,-805,-699,-473,-148,209,545,765,805,691,911,561,0,0,0,0,0,0,0,0,0,0,0,0,0,0,0,0,0,0,0,0,0,0,0,0,0,0,0,0,0,0,0,0,0,0,0,0,0,0,0,0,0,0,0,0,0,0,0,0,0,0,0,0,0,0,0,0,0,0,0,0,0,0,0,0,0,0,0,0,0,0,0,0,0,0,0,0,0,0,0,0,0,0,0,0,0,0,0,0,0,0,0,0,0,0,0,0,0,0,0,0,0,0,0,0,0,0,0,0,0,0,0,0,0,0,0,0,0,0,0,0,0,0,0,0,0,0,0,0,0,0,0,0,0,0,0,0,0,0,0,0,0,0,0,0,0,0,0,0,0,0,0,0,0,0,0,0,0,0,0,0,0,0,0,0,0,0,0,0,0,0,0,0,0,0,0,0,0,0,0,0,0,0,0,0,0,0,0,0,0,0,0,0,0,0,0,0,0,0,0,0,0,0,0,0,0,0,0,0,0,0,0,0,0,0,0,0,0,0,0,0,0,0,0,0,0,0,0,0,0,0,0,0,0,0,0,0,0,0,0,0,0,0,0,0,0,0,0,0,0,0,0,0,0,0,0,0,-999,-1299,-1142,-112,170,480,706,790,720,501,198,-133,-457,-735,-925,-988,-946,-785,-531,-193,194,567,885,1112,1236,1230,1062,765,361,-76,-497,-887,-1184,-1340,-1338,-1232,-979,-628,-220,206,581,921,1117,1205,1203,1073,851,584,262,-65,-359,-611,-805,-905,-940,-896,-794,-653,-448,-233,-15,202,373,522,622,692,727,720,649,569,425,230,49,-140,-337,-513,-653,-748,-764,-741,-648,-519,-345,-128,89,305,476,604,688,698,675,593,450,286,118,-51,-215,-342,-454,-511,-518,-502,-451,-366,-267,-167,-58,37,116,192,246,290,324,330,333,314,267,238,180,126,54,-32,-97,-176,-264,-332,-376,-386,9,-387,-319,-239,-153,-37,94,215,325,406,474,505,488,438,361,273,149,10,-136,-278,-380,-472,-525,-558,-532,-480,-409,-284,-144,2,150,307,448,545,626,656,658,598,488,332,146,-62,-279,-476,-647,-758,-815,-813,-726,-588,-396,-164,88,334,549,721,823,859,813,705,547,343,111,-123,-346,-541,-693,-756,-772,-735,-633,-480,-292,-82,115,302,460,585,651,662,614,516,396,240,65,-96,-240,-352,-434,-490,-519,-494,-434,-362,-269,-148,-28,92,222,351,452,525,564,558,492,373,219,24,-178,-386,-573,-694,-731,-708,-582,-371,-108,188,477,721,856,847,678,365,-12,-312,-968,-1207
61959,mtk,MTK 7916,2149429610,rx1-tx1,512,0,0,0,0,0,0,0,0,0,0,0,0,0,0,0,0,0,0,0,0,0,0,0,0,0,0,0,0,0,0,0,0,0,0,0,0,0,0,0,0,0,0,0,0,0,0,0,0,0,0,0,0,0,0,0,0,0,0,0,0,0,0,0,0,0,0,0,0,0,0,0,0,0,0,0,0,0,0,0,0,0,0,0,0,0,0,0,0,0,0,0,0,0,0,0,0,0,0,0,0,0,0,0,0,0,0,0,0,0,0,0,0,0,0,0,0,0,0,0,0,0,0,0,0,0,0,0,0,0,0,0,0,0,0,0,0,0,0,0,0,0,0,0,0,0,0,0,0,0,0,0,0,0,0,0,0,0,0,0,0,0,0,0,0,0,0,0,0,0,0,0,0,0,0,0,0,0,0,0,0,0,0,0,0,0,0,0,0,0,0,0,0,0,0,0,0,0,0,0,0,0,0,0,0,0,0,0,0,0,0,0,0,0,0,0,0,0,0,0,0,0,0,0,0,0,0,0,0,0,0,0,0,0,0,0,0,0,0,0,0,0,0,0,0,0,0,0,0,0,0,0,0,0,0,0,0,-282,-331,-454,123,96,53,-12,-87,-168,-230,-247,-224,-171,-81,21,126,217,264,243,170,65,-71,-199,-274,-293,-244,-128,29,186,304,355,325,211,39,-155,-319,-416,-421,-324,-142,83,307,483,539,452,265,13,-265,-497,-610,-575,-405,-123,198,479,655,679,547,278,-77,-416,-667,-756,-660,-410,-50,333,639,803,781,562,196,-207,-571,-805,-831,-665,-340,77,477,766,860,734,448,51,-367,-695,-840,-775,-533,-158,254,592,790,799,582,226,-177,-522,-740,-779,-623,-305,77,442,679,743,620,340,-17,-366,-624,-709,-615,-380,-42,312,561,656,576,360,59,-250,-497,-596,-547,-354,-62,0,495,580,520,326,42,-262,-487,-580,-513,-313,-21,291,521,599,517,305,-1,-320,-559,-646,-557,-318,21,376,626,723,642,382,7,-384,-695,-822,-742,-483,-94,335,695,883,848,597,191,-273,-662,-898,-922,-708,-312,160,591,887,971,807,435,-38,-514,-874,-1014,-904,-582,-112,369,755,971,945,680,263,-221,-657,-920,-950,-757,-378,95,535,838,941,818,491,41,-403,-754,-924,-862,-595,-200,248,646,889,905,720,374,-61,-478,-795,-930,-853,-581,-187,251,621,851,892,749,451,61,-339,-654,-821,-809,-640,-341,28,377,645,790,781,610,340,18,-301,-548,-693,-731,-672,-508,220,32,0,0,0,0,0,0,0,0,0,0,0,0,0,0,0,0,0,0,0,0,0,0,0,0,0,0,0,0,0,0,0,0,0,0,0,0,0,0,0,0,0,0,0,0,0,0,0,0,0,0,0,0,0,0,0,0,0,0,0,0,0,0,0,0,0,0,0,0,0,0,0,0,0,0,0,0,0,0,0,0,0,0,0,0,0,0,0,0,0,0,0,0,0,0,0,0,0,0,0,0,0,0,0,0,0,0,0,0,0,0,0,0,0,0,0,0,0,0,0,0,0,0,0,0,0,0,0,0,0,0,0,0,0,0,0,0,0,0,0,0,0,0,0,0,0,0,0,0,0,0,0,0,0,0,0,0,0,0,0,0,0,0,0,0,0,0,0,0,0,0,0,0,0,0,0,0,0,0,0,0,0,0,0,0,0,0,0,0,0,0,0,0,0,0,0,0,0,0,0,0,0,0,0,0,0,0,0,0,0,0,0,0,0,0,0,0,0,0,0,0,0,0,0,0,0,0,0,0,0,0,0,0,0,0,0,0,0,0,0,0,0,0,0,0,0,0,0,0,0,0,0,0,0,0,0,0,288,-494,-358,110,161,200,225,220,181,110,18,-82,-177,-243,-249,-211,-135,-26,100,196,258,259,206,96,-49,-185,-278,-314,-273,-156,0,165,312,398,369,263,87,-130,-328,-447,-479,-399,-213,51,299,484,569,528,341,67,-228,-486,-633,-618,-478,-212,126,452,671,734,616,346,-1,-367,-658,-791,-733,-501,-134,274,607,794,809,616,268,-142,-516,-782,-859,-717,-397,24,430,721,850,771,494,99,-310,-659,-839,-796,-570,-213,198,554,766,781,604,278,-128,-487,-711,-770,-643,-349,41,406,662,732,624,369,21,-329,-583,-686,-605,-378,-53,281,528,628,568,357,53,-254,-489,-591,0,-336,-51,249,483,590,520,308,14,-278,-490,-575,-514,-314,-19,291,533,624,535,296,-26,-336,-577,-675,-593,-344,11,383,653,766,702,431,32,-366,-684,-857,-793,-529,-136,308,690,897,882,647,253,-217,-641,-916,-956,-755,-364,125,590,895,995,868,529,52,-446,-836,-1005,-933,-625,-182,302,715,968,972,743,332,-161,-599,-877,-948,-780,-422,32,464,794,938,848,546,118,-328,-704,-908,-892,-665,-292,157,573,851,936,795,481,66,-363,-714,-902,-882,-669,-317,93,474,760,884,803,547,196,-187,-528,-748,-811,-713,-477,-158,197,513,722,798,744,577,333,53,-201,-403,-564,-592
61960,mtk,MTK 7916,2149429610,rx2-tx0,512,0,0,0,0,0,0,0,0,0,0,0,0,0,0,0,0,0,0,0,0,0,0,0,0,0,0,0,0,0,0,0,0,0,0,0,0,0,0,0,0,0,0,0,0,0,0,0,0,0,0,0,0,0,0,0,0,0,0,0,0,0,0,0,0,0,0,0,0,0,0,0,0,0,0,0,0,0,0,0,0,0,0,0,0,0,0,0,0,0,0,0,0,0,0,0,0,0,0,0,0,0,0,0,0,0,0,0,0,0,0,0,0,0,0,0,0,0,0,0,0,0,0,0,0,0,0,0,0,0,0,0,0,0,0,0,0,0,0,0,0,0,0,0,0,0,0,0,0,0,0,0,0,0,0,0,0,0,0,0,0,0,0,0,0,0,0,0,0,0,0,0,0,0,0,0,0,0,0,0,0,0,0,0,0,0,0,0,0,0,0,0,0,0,0,0,0,0,0,0,0,0,0,0,0,0,0,0,0,0,0,0,0,0,0,0,0,0,0,0,0,0,0,0,0,0,0,0,0,0,0,0,0,0,0,0,0,0,0,0,0,0,0,0,0,0,0,0,0,0,0,0,0,0,0,0,0,794,667,823,-132,-134,-131,-118,-83,-25,49,121,173,195,181,132,58,-33,-113,-178,-208,-197,-146,-59,48,137,210,233,211,139,41,-61,-141,-207,-228,-178,-86,13,114,191,219,191,114,10,-104,-193,-233,-207,-140,-36,87,187,238,234,172,79,-41,-165,-251,-261,-221,-125,-4,118,211,256,238,160,44,-74,-180,-252,-256,-192,-82,35,154,224,226,174,84,-23,-120,-182,-196,-179,-109,-10,90,158,190,168,105,20,-71,-152,-190,-175,-122,-46,30,97,137,145,110,63,14,-37,-68,-95,-92,-47,-13,-4,4,16,15,-9,-31,-17,-1,16,36,52,55,39,4,-44,-88,0,-112,-88,-35,47,123,159,164,147,81,-19,-107,-168,-210,-200,-133,-39,63,161,228,248,208,107,-8,-105,-199,-244,-223,-149,-46,73,166,211,205,157,70,-35,-128,-194,-204,-165,-84,13,100,170,195,162,97,28,-43,-106,-137,-138,-85,-14,54,99,112,89,55,-5,-69,-114,-119,-84,-32,30,98,138,134,100,42,-28,-89,-140,-159,-133,-79,-9,67,104,122,127,100,53,-13,-72,-95,-88,-68,-20,31,50,48,44,18,-21,-64,-83,-79,-52,-8,60,118,150,152,125,61,-20,-107,-177,-221,-223,-187,-107,-6,93,190,257,284,265,215,135,42,-48,-126,-137,154,0,0,0,0,0,0,0,0,0,0,0,0,0,0,0,0,0,0,0,0,0,0,0,0,0,0,0,0,0,0,0,0,0,0,0,0,0,0,0,0,0,0,0,0,0,0,0,0,0,0,0,0,0,0,0,0,0,0,0,0,0,0,0,0,0,0,0,0,0,0,0,0,0,0,0,0,0,0,0,0,0,0,0,0,0,0,0,0,0,0,0,0,0,0,0,0,0,0,0,0,0,0,0,0,0,0,0,0,0,0,0,0,0,0,0,0,0,0,0,0,0,0,0,0,0,0,0,0,0,0,0,0,0,0,0,0,0,0,0,0,0,0,0,0,0,0,0,0,0,0,0,0,0,0,0,0,0,0,0,0,0,0,0,0,0,0,0,0,0,0,0,0,0,0,0,0,0,0,0,0,0,0,0,0,0,0,0,0,0,0,0,0,0,0,0,0,0,0,0,0,0,0,0,0,0,0,0,0,0,0,0,0,0,0,0,0,0,0,0,0,0,0,0,0,0,0,0,0,0,0,0,0,0,0,0,0,0,0,0,0,0,0,0,0,0,0,0,0,0,0,0,0,0,0,0,0,572,567,299,21,-23,-62,-110,-158,-184,-177,-141,-82,-6,75,149,192,201,168,101,9,-86,-163,-217,-221,-174,-99,-3,105,193,228,217,169,70,-46,-147,-216,-232,-188,-107,-3,101,199,246,221,134,16,-114,-200,-237,-226,-174,-66,61,173,241,250,195,103,-23,-157,-253,-273,-221,-125,-1,116,209,259,247,178,73,-53,-170,-228,-230,-182,-92,36,135,179,204,180,103,2,-89,-165,-197,-164,-89,11,98,154,177,153,107,36,-53,-125,-159,-163,-122,-72,-5,70,111,116,96,48,0,-29,-47,-50,-46,-36,-9,10,8,2,-12,-33,-39,-25,2,25,51,73,82,65,0,-55,-105,-137,-145,-108,-47,23,101,172,194,172,103,11,-86,-169,-222,-234,-187,-88,30,137,222,248,210,131,31,-90,-184,-228,-216,-159,-57,54,150,204,209,176,91,-12,-107,-163,-188,-168,-108,-11,77,133,168,157,101,28,-38,-88,-113,-89,-50,-3,60,106,96,75,46,-20,-78,-109,-108,-87,-34,43,101,136,140,108,50,-9,-80,-126,-140,-135,-100,-33,36,89,112,106,85,43,-12,-57,-67,-59,-37,-5,29,51,48,34,-2,-41,-77,-105,-116,-85,-26,55,130,183,203,176,115,34,-67,-162,-227,-254,-238,-195,-117,-15,95,183,246,273,262,214,842,845
61961,mtk,MTK 7916,2149429610,rx2-tx1,512,0,0,0,0,0,0,0,0,0,0,0,0,0,0,0,0,0,0,0,0,0,0,0,0,0,0,0,0,0,0,0,0,0,0,0,0,0,0,0,0,0,0,0,0,0,0,0,0,0,0,0,0,0,0,0,0,0,0,0,0,0,0,0,0,0,0,0,0,0,0,0,0,0,0,0,0,0,0,0,0,0,0,0,0,0,0,0,0,0,0,0,0,0,0,0,0,0,0,0,0,0,0,0,0,0,0,0,0,0,0,0,0,0,0,0,0,0,0,0,0,0,0,0,0,0,0,0,0,0,0,0,0,0,0,0,0,0,0,0,0,0,0,0,0,0,0,0,0,0,0,0,0,0,0,0,0,0,0,0,0,0,0,0,0,0,0,0,0,0,0,0,0,0,0,0,0,0,0,0,0,0,0,0,0,0,0,0,0,0,0,0,0,0,0,0,0,0,0,0,0,0,0,0,0,0,0,0,0,0,0,0,0,0,0,0,0,0,0,0,0,0,0,0,0,0,0,0,0,0,0,0,0,0,0,0,0,0,0,0,0,0,0,0,0,0,0,0,0,0,0,0,0,0,0,0,0,381,-358,-529,-20,-22,-21,-5,21,37,54,70,78,71,46,16,-19,-54,-73,-82,-93,-73,-20,36,71,98,121,125,77,2,-67,-123,-169,-175,-144,-84,5,120,200,238,232,167,58,-67,-186,-277,-312,-271,-182,-32,133,286,381,386,303,144,-55,-243,-386,-462,-439,-307,-95,146,353,499,544,459,259,-4,-255,-458,-568,-562,-424,-180,119,388,574,643,559,348,60,-235,-483,-618,-616,-476,-230,71,343,530,591,515,335,81,-193,-407,-519,-522,-393,-181,71,307,455,484,394,222,-9,-235,-388,-440,-388,-249,-58,148,309,392,378,271,106,-93,-261,-357,-364,-278,-122,51,208,0,333,268,138,-27,-178,-287,-317,-268,-156,-7,153,266,307,277,170,20,-134,-241,-289,-274,-181,-32,120,241,294,268,188,52,-110,-225,-294,-292,-199,-59,90,228,324,333,266,129,-37,-194,-287,-323,-288,-183,-41,119,252,323,315,239,110,-38,-183,-268,-294,-250,-155,-14,112,214,262,247,169,61,-57,-156,-210,-216,-174,-96,17,115,182,208,194,131,35,-57,-139,-174,-174,-147,-106,-26,66,120,134,140,123,84,28,-32,-66,-89,-113,-113,-88,-55,-24,1,19,36,54,69,74,67,43,25,12,-12,-46,-68,-91,-106,-97,-74,-40,8,48,73,94,118,120,301,87,0,0,0,0,0,0,0,0,0,0,0,0,0,0,0,0,0,0,0,0,0,0,0,0,0,0,0,0,0,0,0,0,0,0,0,0,0,0,0,0,0,0,0,0,0,0,0,0,0,0,0,0,0,0,0,0,0,0,0,0,0,0,0,0,0,0,0,0,0,0,0,0,0,0,0,0,0,0,0,0,0,0,0,0,0,0,0,0,0,0,0,0,0,0,0,0,0,0,0,0,0,0,0,0,0,0,0,0,0,0,0,0,0,0,0,0,0,0,0,0,0,0,0,0,0,0,0,0,0,0,0,0,0,0,0,0,0,0,0,0,0,0,0,0,0,0,0,0,0,0,0,0,0,0,0,0,0,0,0,0,0,0,0,0,0,0,0,0,0,0,0,0,0,0,0,0,0,0,0,0,0,0,0,0,0,0,0,0,0,0,0,0,0,0,0,0,0,0,0,0,0,0,0,0,0,0,0,0,0,0,0,0,0,0,0,0,0,0,0,0,0,0,0,0,0,0,0,0,0,0,0,0,0,0,0,0,0,0,0,0,0,0,0,0,0,0,0,0,0,0,0,0,0,0,0,0,-1037,-603,-459,-27,-27,-41,-50,-54,-49,-33,-20,0,36,61,75,81,66,35,-2,-39,-78,-107,-107,-85,-55,0,66,112,145,151,109,28,-52,-123,-186,-209,-181,-109,-14,93,185,254,274,217,97,-36,-178,-298,-361,-345,-251,-94,95,277,404,433,371,225,14,-202,-378,-485,-488,-369,-168,77,330,503,558,500,343,99,-196,-448,-596,-615,-504,-272,11,296,513,622,587,413,153,-141,-412,-589,-612,-508,-291,-12,265,464,552,529,383,141,-131,-347,-480,-501,-396,-197,42,268,420,467,404,249,37,-188,-359,-430,-398,-268,-76,119,290,382,378,275,114,-73,-237,-344,-353,-272,0,37,192,296,331,280,146,-20,-167,-268,-313,-271,-166,-17,148,270,299,270,184,36,-118,-230,-282,-275,-180,-33,110,225,288,270,187,54,-104,-231,-301,-304,-231,-105,61,228,327,336,276,159,-3,-159,-283,-340,-318,-219,-73,83,214,295,298,223,129,6,-143,-251,-281,-250,-163,-47,77,181,240,241,181,77,-25,-124,-194,-218,-178,-103,-20,69,147,187,178,141,72,-16,-90,-142,-157,-142,-106,-44,27,74,113,136,121,88,58,27,-23,-58,-67,-70,-80,-82,-63,-40,-17,2,20,44,67,77,84,72,47,20,-13,-48,-76,-103,-119,-115,-101,-78,-46,-1,-634,-694
61962,mtk,MTK 7916,2149473008,rx0-tx0,512,0,0,0,0,0,0,0,0,0,0,0,0,0,0,0,0,0,0,0,0,0,0,0,0,0,0,0,0,0,0,0,0,0,0,0,0,0,0,0,0,0,0,0,0,0,0,0,0,0,0,0,0,0,0,0,0,0,0,0,0,0,0,0,0,0,0,0,0,0,0,0,0,0,0,0,0,0,0,0,0,0,0,0,0,0,0,0,0,0,0,0,0,0,0,0,0,0,0,0,0,0,0,0,0,0,0,0,0,0,0,0,0,0,0,0,0,0,0,0,0,0,0,0,0,0,0,0,0,0,0,0,0,0,0,0,0,0,0,0,0,0,0,0,0,0,0,0,0,0,0,0,0,0,0,0,0,0,0,0,0,0,0,0,0,0,0,0,0,0,0,0,0,0,0,0,0,0,0,0,0,0,0,0,0,0,0,0,0,0,0,0,0,0,0,0,0,0,0,0,0,0,0,0,0,0,0,0,0,0,0,0,0,0,0,0,0,0,0,0,0,0,0,0,0,0,0,0,0,0,0,0,0,0,0,0,0,0,0,0,0,0,0,0,0,0,0,0,0,0,0,0,0,0,0,0,0,-364,581,605,-295,-588,-791,-802,-636,-332,26,375,668,872,984,964,841,622,327,-8,-352,-662,-905,-1070,-1135,-1086,-935,-689,-372,-12,353,686,969,1160,1243,1227,1135,920,620,266,-94,-439,-776,-1041,-1228,-1326,-1312,-1194,-1001,-716,-378,-17,370,730,1028,1243,1369,1373,1301,1122,842,505,132,-234,-629,-955,-1191,-1341,-1393,-1328,-1187,-959,-640,-289,74,428,737,991,1153,1232,1248,1154,992,776,484,187,-119,-420,-679,-890,-1015,-1085,-1086,-1008,-888,-700,-436,-160,108,372,597,781,919,983,969,883,761,587,359,147,-86,-313,-502,-649,-739,-778,-770,-709,-619,-481,-336,-179,-7,129,261,369,452,526,577,-330,569,528,467,385,287,168,32,-115,-265,-413,-538,-636,-721,-762,-743,-670,-551,-395,-207,9,230,447,644,806,929,983,960,871,707,506,260,-15,-290,-556,-781,-971,-1078,-1109,-1075,-957,-773,-530,-233,71,361,642,878,1065,1175,1211,1153,1006,804,537,230,-109,-439,-744,-997,-1187,-1292,-1297,-1209,-1048,-795,-482,-128,267,621,923,1179,1338,1391,1343,1188,947,616,243,-159,-558,-896,-1187,-1371,-1428,-1393,-1235,-961,-626,-228,199,602,942,1209,1371,1406,1319,1116,822,446,55,-343,-723,-1026,-1232,-1311,-1279,-1117,-866,-548,-169,217,594,917,1139,1258,1256,1103,803,392,-110,-606,-1018,-1238,-1204,-968,458,506,0,0,0,0,0,0,0,0,0,0,0,0,0,0,0,0,0,0,0,0,0,0,0,0,0,0,0,0,0,0,0,0,0,0,0,0,0,0,0,0,0,0,0,0,0,0,0,0,0,0,0,0,0,0,0,0,0,0,0,0,0,0,0,0,0,0,0,0,0,0,0,0,0,0,0,0,0,0,0,0,0,0,0,0,0,0,0,0,0,0,0,0,0,0,0,0,0,0,0,0,0,0,0,0,0,0,0,0,0,0,0,0,0,0,0,0,0,0,0,0,0,0,0,0,0,0,0,0,0,0,0,0,0,0,0,0,0,0,0,0,0,0,0,0,0,0,0,0,0,0,0,0,0,0,0,0,0,0,0,0,0,0,0,0,0,0,0,0,0,0,0,0,0,0,0,0,0,0,0,0,0,0,0,0,0,0,0,0,0,0,0,0,0,0,0,0,0,0,0,0,0,0,0,0,0,0,0,0,0,0,0,0,0,0,0,0,0,0,0,0,0,0,0,0,0,0,0,0,0,0,0,0,0,0,0,0,0,0,0,0,0,0,0,0,0,0,0,0,0,0,0,0,0,0,0,0,-49,236,165,-552,-408,-96,286,623,854,928,863,674,406,86,-263,-571,-823,-991,-1053,-1021,-874,-633,-328,24,377,697,958,1133,1209,1166,1027,790,467,110,-235,-578,-885,-1118,-1249,-1276,-1222,-1050,-792,-478,-125,244,599,906,1153,1302,1359,1320,1166,921,609,242,-138,-499,-856,-1124,-1320,-1391,-1386,-1275,-1031,-736,-391,-12,359,687,988,1200,1308,1330,1250,1081,831,529,219,-111,-443,-715,-940,-1100,-1160,-1162,-1078,-911,-706,-455,-188,113,385,622,835,974,1031,1029,970,828,640,402,141,-114,-333,-536,-725,-839,-888,-891,-814,-690,-522,-324,-131,68,243,402,529,604,657,657,625,571,485,388,277,144,-82,-106,-229,-341,-443,-531,-602,-634,-639,-612,-546,-445,-312,-154,37,237,428,596,726,825,869,856,785,654,482,251,-4,-255,-510,-725,-903,-1020,-1059,-1024,-924,-758,-532,-250,33,330,606,839,1022,1131,1151,1110,977,780,529,246,-63,-388,-683,-934,-1119,-1230,-1259,-1191,-1044,-814,-526,-187,166,507,821,1086,1261,1356,1337,1212,1020,738,369,-14,-396,-747,-1053,-1278,-1402,-1421,-1319,-1116,-835,-454,-53,350,752,1073,1296,1427,1424,1298,1065,744,356,-61,-468,-828,-1116,-1301,-1350,-1307,-1140,-865,-512,-126,268,634,921,1141,1259,1248,1132,880,533,145,-284,-706,-1042,-1274,-1333,-1192,-851,-347,200,612,437,377
61963,mtk,MTK 7916,2149473008,rx0-tx1,512,0,0,0,0,0,0,0,0,0,0,0,0,0,0,0,0,0,0,0,0,0,0,0,0,0,0,0,0,0,0,0,0,0,0,0,0,0,0,0,0,0,0,0,0,0,0,0,0,0,0,0,0,0,0,0,0,0,0,0,0,0,0,0,0,0,0,0,0,0,0,0,0,0,0,0,0,0,0,0,0,0,0,0,0,0,0,0,0,0,0,0,0,0,0,0,0,0,0,0,0,0,0,0,0,0,0,0,0,0,0,0,0,0,0,0,0,0,0,0,0,0,0,0,0,0,0,0,0,0,0,0,0,0,0,0,0,0,0,0,0,0,0,0,0,0,0,0,0,0,0,0,0,0,0,0,0,0,0,0,0,0,0,0,0,0,0,0,0,0,0,0,0,0,0,0,0,0,0,0,0,0,0,0,0,0,0,0,0,0,0,0,0,0,0,0,0,0,0,0,0,0,0,0,0,0,0,0,0,0,0,0,0,0,0,0,0,0,0,0,0,0,0,0,0,0,0,0,0,0,0,0,0,0,0,0,0,0,0,0,0,0,0,0,0,0,0,0,0,0,0,0,0,0,0,0,0,-449,-656,-772,173,443,659,727,638,416,110,-220,-518,-746,-899,-927,-843,-678,-402,-89,253,590,866,1068,1161,1133,980,706,356,-39,-437,-802,-1076,-1254,-1281,-1198,-1004,-709,-352,39,409,741,998,1136,1174,1141,996,753,478,170,-134,-398,-633,-810,-911,-952,-923,-812,-674,-481,-270,-50,167,352,498,601,671,701,693,642,578,489,365,217,65,-88,-247,-394,-545,-660,-728,-763,-765,-696,-568,-412,-196,14,247,480,669,804,889,906,858,758,590,395,178,-48,-282,-492,-666,-789,-853,-875,-848,-769,-611,-423,-234,-6,224,437,636,784,891,943,930,830,686,500,287,19,-249,-474,-702,-867,-969,510,-972,-867,-694,-469,-231,29,279,511,719,878,967,984,932,827,674,485,263,30,-197,-425,-631,-790,-901,-977,-977,-913,-811,-653,-437,-207,61,333,587,821,1017,1162,1228,1213,1101,914,648,312,-76,-471,-857,-1188,-1433,-1599,-1630,-1514,-1264,-921,-483,31,542,1022,1427,1716,1893,1877,1699,1386,955,423,-147,-700,-1216,-1612,-1870,-1968,-1875,-1629,-1247,-756,-196,395,926,1374,1691,1843,1829,1667,1356,908,407,-143,-684,-1136,-1490,-1684,-1697,-1546,-1257,-851,-356,151,629,1009,1281,1413,1385,1211,940,559,172,-213,-560,-822,-994,-1041,-984,-837,-605,-345,-32,274,553,751,851,832,677,423,108,-200,-420,-256,-391,0,0,0,0,0,0,0,0,0,0,0,0,0,0,0,0,0,0,0,0,0,0,0,0,0,0,0,0,0,0,0,0,0,0,0,0,0,0,0,0,0,0,0,0,0,0,0,0,0,0,0,0,0,0,0,0,0,0,0,0,0,0,0,0,0,0,0,0,0,0,0,0,0,0,0,0,0,0,0,0,0,0,0,0,0,0,0,0,0,0,0,0,0,0,0,0,0,0,0,0,0,0,0,0,0,0,0,0,0,0,0,0,0,0,0,0,0,0,0,0,0,0,0,0,0,0,0,0,0,0,0,0,0,0,0,0,0,0,0,0,0,0,0,0,0,0,0,0,0,0,0,0,0,0,0,0,0,0,0,0,0,0,0,0,0,0,0,0,0,0,0,0,0,0,0,0,0,0,0,0,0,0,0,0,0,0,0,0,0,0,0,0,0,0,0,0,0,0,0,0,0,0,0,0,0,0,0,0,0,0,0,0,0,0,0,0,0,0,0,0,0,0,0,0,0,0,0,0,0,0,0,0,0,0,0,0,0,0,0,0,0,0,0,0,0,0,0,0,0,0,0,0,0,0,0,0,26,-827,-736,507,429,194,-133,-449,-700,-829,-828,-703,-491,-205,132,436,707,916,1008,1016,906,681,384,18,-358,-712,-1001,-1192,-1261,-1204,-1007,-714,-339,70,459,816,1073,1234,1268,1191,1016,723,379,49,-282,-588,-835,-996,-1079,-1057,-958,-793,-573,-324,-78,180,408,582,720,788,822,797,711,579,424,259,93,-72,-218,-345,-464,-565,-630,-665,-672,-637,-582,-491,-337,-176,2,199,411,587,743,838,865,851,761,611,407,180,-55,-281,-495,-675,-803,-874,-899,-851,-746,-590,-393,-178,31,247,459,653,771,865,906,875,797,658,475,259,25,-223,-462,-657,-818,-932,-995,-952,-869,-727,-514,-279,-82,267,522,734,886,982,1007,962,856,689,471,226,-29,-269,-490,-686,-830,-929,-956,-935,-859,-723,-544,-343,-118,133,364,579,779,920,1022,1080,1036,936,765,557,289,-15,-346,-670,-963,-1207,-1368,-1437,-1390,-1242,-976,-628,-220,244,719,1128,1456,1704,1793,1741,1533,1188,748,225,-343,-861,-1319,-1677,-1900,-1948,-1829,-1546,-1114,-602,-29,548,1068,1482,1778,1915,1873,1667,1319,849,301,-252,-775,-1237,-1572,-1756,-1794,-1640,-1338,-920,-408,128,637,1073,1401,1567,1566,1399,1107,718,267,-194,-600,-925,-1136,-1210,-1181,-1015,-759,-435,-93,227,529,740,875,917,847,689,444,146,-179,-464,-664,-731,-669,-509,-998,-959
61964,mtk,MTK 7916,2149473008,rx1-tx0,512,0,0,0,0,0,0,0,0,0,0,0,0,0,0,0,0,0,0,0,0,0,0,0,0,0,0,0,0,0,0,0,0,0,0,0,0,0,0,0,0,0,0,0,0,0,0,0,0,0,0,0,0,0,0,0,0,0,0,0,0,0,0,0,0,0,0,0,0,0,0,0,0,0,0,0,0,0,0,0,0,0,0,0,0,0,0,0,0,0,0,0,0,0,0,0,0,0,0,0,0,0,0,0,0,0,0,0,0,0,0,0,0,0,0,0,0,0,0,0,0,0,0,0,0,0,0,0,0,0,0,0,0,0,0,0,0,0,0,0,0,0,0,0,0,0,0,0,0,0,0,0,0,0,0,0,0,0,0,0,0,0,0,0,0,0,0,0,0,0,0,0,0,0,0,0,0,0,0,0,0,0,0,0,0,0,0,0,0,0,0,0,0,0,0,0,0,0,0,0,0,0,0,0,0,0,0,0,0,0,0,0,0,0,0,0,0,0,0,0,0,0,0,0,0,0,0,0,0,0,0,0,0,0,0,0,0,0,0,0,0,0,0,0,0,0,0,0,0,0,0,0,0,0,0,0,0,98,-159,-263,-70,-366,-634,-775,-762,-589,-311,29,374,657,881,1000,1001,889,664,358,-7,-380,-736,-1028,-1207,-1276,-1198,-996,-676,-260,184,624,998,1282,1397,1386,1258,998,648,225,-205,-605,-940,-1161,-1263,-1274,-1159,-953,-693,-366,-19,293,562,773,906,981,973,893,760,592,398,177,-58,-255,-430,-582,-692,-755,-780,-761,-691,-580,-441,-273,-63,147,332,514,656,758,800,796,728,592,406,216,2,-220,-421,-577,-681,-729,-719,-647,-562,-430,-257,-84,99,247,369,447,492,504,487,452,378,284,194,92,4,-76,-149,-204,-259,-268,-297,-325,-322,-297,-283,-239,-179,-109,-46,20,96,165,238,-686,379,421,434,394,337,259,163,63,-46,-170,-287,-371,-446,-495,-512,-493,-428,-347,-243,-113,15,145,289,397,482,553,575,569,527,449,347,199,43,-121,-274,-448,-592,-687,-732,-740,-691,-578,-409,-215,13,247,449,645,785,874,867,788,664,492,275,25,-218,-417,-617,-763,-813,-833,-780,-674,-511,-307,-87,132,337,521,655,735,746,693,614,486,318,144,-51,-229,-381,-494,-554,-587,-572,-512,-416,-306,-178,-42,84,197,312,405,459,483,487,464,415,324,214,87,-75,-239,-394,-529,-623,-670,-642,-545,-392,-189,58,312,532,714,807,796,680,434,108,-257,-572,-754,-778,117,14,0,0,0,0,0,0,0,0,0,0,0,0,0,0,0,0,0,0,0,0,0,0,0,0,0,0,0,0,0,0,0,0,0,0,0,0,0,0,0,0,0,0,0,0,0,0,0,0,0,0,0,0,0,0,0,0,0,0,0,0,0,0,0,0,0,0,0,0,0,0,0,0,0,0,0,0,0,0,0,0,0,0,0,0,0,0,0,0,0,0,0,0,0,0,0,0,0,0,0,0,0,0,0,0,0,0,0,0,0,0,0,0,0,0,0,0,0,0,0,0,0,0,0,0,0,0,0,0,0,0,0,0,0,0,0,0,0,0,0,0,0,0,0,0,0,0,0,0,0,0,0,0,0,0,0,0,0,0,0,0,0,0,0,0,0,0,0,0,0,0,0,0,0,0,0,0,0,0,0,0,0,0,0,0,0,0,0,0,0,0,0,0,0,0,0,0,0,0,0,0,0,0,0,0,0,0,0,0,0,0,0,0,0,0,0,0,0,0,0,0,0,0,0,0,0,0,0,0,0,0,0,0,0,0,0,0,0,0,0,0,0,0,0,0,0,0,0,0,0,0,0,0,0,0,0,0,-999,-676,-641,-549,-536,-344,-36,309,620,826,907,846,676,430,99,-242,-571,-856,-1051,-1137,-1101,-942,-665,-307,101,523,885,1178,1340,1379,1265,1018,638,184,-239,-662,-1012,-1265,-1382,-1365,-1235,-974,-630,-260,119,482,777,999,1133,1150,1075,927,718,468,206,-67,-310,-508,-664,-779,-854,-853,-781,-693,-552,-389,-209,-26,161,348,498,622,721,777,769,709,601,444,252,64,-145,-366,-561,-699,-777,-799,-759,-660,-517,-344,-141,73,254,404,535,595,619,596,536,444,331,195,69,-50,-165,-261,-325,-373,-394,-378,-347,-307,-264,-202,-149,-107,-30,50,104,158,224,274,317,335,349,344,321,279,9,138,42,-72,-181,-266,-356,-419,-453,-464,-447,-392,-321,-227,-100,39,168,285,381,460,513,527,522,481,389,291,160,12,-133,-285,-412,-532,-610,-647,-643,-610,-543,-399,-233,-49,150,358,548,694,790,840,791,703,558,365,136,-118,-343,-536,-708,-827,-866,-827,-739,-616,-400,-175,51,282,483,645,753,795,779,708,583,419,213,-5,-205,-381,-537,-627,-673,-676,-621,-529,-391,-245,-89,81,229,354,447,511,535,507,465,402,303,190,68,-55,-178,-298,-406,-481,-541,-568,-534,-464,-333,-163,36,255,445,593,705,747,697,566,353,67,-223,-515,-747,-870,-839,-632,-303,14,-709,-707
61965,mtk,MTK 7916,2149473008,rx1-tx1,512,0,0,0,0,0,0,0,0,0,0,0,0,0,0,0,0,0,0,0,0,0,0,0,0,0,0,0,0,0,0,0,0,0,0,0,0,0,0,0,0,0,0,0,0,0,0,0,0,0,0,0,0,0,0,0,0,0,0,0,0,0,0,0,0,0,0,0,0,0,0,0,0,0,0,0,0,0,0,0,0,0,0,0,0,0,0,0,0,0,0,0,0,0,0,0,0,0,0,0,0,0,0,0,0,0,0,0,0,0,0,0,0,0,0,0,0,0,0,0,0,0,0,0,0,0,0,0,0,0,0,0,0,0,0,0,0,0,0,0,0,0,0,0,0,0,0,0,0,0,0,0,0,0,0,0,0,0,0,0,0,0,0,0,0,0,0,0,0,0,0,0,0,0,0,0,0,0,0,0,0,0,0,0,0,0,0,0,0,0,0,0,0,0,0,0,0,0,0,0,0,0,0,0,0,0,0,0,0,0,0,0,0,0,0,0,0,0,0,0,0,0,0,0,0,0,0,0,0,0,0,0,0,0,0,0,0,0,0,0,0,0,0,0,0,0,0,0,0,0,0,0,0,0,0,0,0,-282,-744,-836,-139,-181,-199,-188,-147,-84,1,95,180,237,246,205,117,17,-90,-186,-255,-260,-208,-95,47,179,268,297,265,163,3,-169,-307,-368,-342,-236,-59,136,310,415,436,362,181,-70,-316,-486,-544,-481,-293,-15,273,497,614,590,418,134,-196,-488,-671,-694,-544,-255,106,457,695,764,655,382,-5,-386,-674,-809,-752,-517,-146,263,609,813,818,615,258,-165,-536,-778,-830,-676,-364,38,443,735,831,718,431,44,-349,-657,-798,-735,-491,-136,257,577,739,709,511,182,-196,-523,-711,-713,-533,-226,123,442,639,670,520,238,-102,-390,-572,-605,-479,-226,81,366,547,575,450,0,-92,-363,-528,-544,-407,-158,116,370,522,532,391,134,-155,-403,-535,-529,-374,-98,207,464,603,575,390,96,-252,-538,-676,-649,-452,-124,257,577,756,748,546,191,-221,-593,-812,-822,-630,-278,155,566,832,882,729,389,-61,-513,-833,-934,-805,-492,-49,405,770,957,902,611,174,-294,-701,-937,-933,-701,-301,169,582,858,925,754,403,-37,-476,-789,-895,-776,-489,-81,360,711,885,834,578,186,-228,-601,-836,-885,-707,-357,58,454,762,892,799,542,176,-234,-597,-812,-846,-707,-421,-37,345,641,795,786,609,312,-53,-396,-647,-763,-741,-593,-335,-30,265,508,655,681,616,-431,-547,0,0,0,0,0,0,0,0,0,0,0,0,0,0,0,0,0,0,0,0,0,0,0,0,0,0,0,0,0,0,0,0,0,0,0,0,0,0,0,0,0,0,0,0,0,0,0,0,0,0,0,0,0,0,0,0,0,0,0,0,0,0,0,0,0,0,0,0,0,0,0,0,0,0,0,0,0,0,0,0,0,0,0,0,0,0,0,0,0,0,0,0,0,0,0,0,0,0,0,0,0,0,0,0,0,0,0,0,0,0,0,0,0,0,0,0,0,0,0,0,0,0,0,0,0,0,0,0,0,0,0,0,0,0,0,0,0,0,0,0,0,0,0,0,0,0,0,0,0,0,0,0,0,0,0,0,0,0,0,0,0,0,0,0,0,0,0,0,0,0,0,0,0,0,0,0,0,0,0,0,0,0,0,0,0,0,0,0,0,0,0,0,0,0,0,0,0,0,0,0,0,0,0,0,0,0,0,0,0,0,0,0,0,0,0,0,0,0,0,0,0,0,0,0,0,0,0,0,0,0,0,0,0,0,0,0,0,0,0,0,0,0,0,0,0,0,0,0,0,0,0,0,0,0,0,0,288,-548,-440,66,19,-40,-107,-173,-216,-235,-220,-163,-73,33,136,209,248,240,167,57,-63,-176,-253,-271,-221,-111,33,174,272,326,306,193,27,-153,-307,-394,-397,-302,-112,126,333,466,504,438,253,-13,-284,-489,-585,-544,-353,-61,240,481,630,643,486,188,-162,-478,-688,-734,-610,-321,61,416,691,808,724,458,88,-309,-635,-809,-794,-575,-207,211,575,802,814,638,318,-91,-490,-757,-832,-704,-402,-1,406,692,796,720,465,82,-302,-613,-777,-743,-508,-159,228,558,732,714,525,198,-160,-477,-671,-684,-530,-242,121,429,615,648,501,228,-95,-380,-552,-577,-464,-214,86,354,0,553,432,191,-100,-359,-525,-535,-389,-142,140,390,529,522,367,102,-193,-435,-576,-555,-380,-94,229,495,635,609,419,96,-257,-550,-722,-709,-495,-151,229,575,775,785,590,230,-195,-573,-818,-858,-688,-341,111,533,825,919,775,432,-20,-470,-804,-950,-861,-557,-105,368,744,943,911,660,254,-224,-640,-900,-935,-728,-346,105,534,829,917,778,441,3,-421,-738,-877,-801,-525,-119,316,667,866,857,638,270,-162,-551,-816,-887,-765,-467,-60,361,690,861,834,628,295,-98,-478,-747,-841,-756,-519,-172,206,527,735,790,681,443,131,-212,-508,-700,-766,-709,-559,-335,-83,182,-816,-731
61966,mtk,MTK 7916,2149473008,rx2-tx0,512,0,0,0,0,0,0,0,0,0,0,0,0,0,0,0,0,0,0,0,0,0,0,0,0,0,0,0,0,0,0,0,0,0,0,0,0,0,0,0,0,0,0,0,0,0,0,0,0,0,0,0,0,0,0,0,0,0,0,0,0,0,0,0,0,0,0,0,0,0,0,0,0,0,0,0,0,0,0,0,0,0,0,0,0,0,0,0,0,0,0,0,0,0,0,0,0,0,0,0,0,0,0,0,0,0,0,0,0,0,0,0,0,0,0,0,0,0,0,0,0,0,0,0,0,0,0,0,0,0,0,0,0,0,0,0,0,0,0,0,0,0,0,0,0,0,0,0,0,0,0,0,0,0,0,0,0,0,0,0,0,0,0,0,0,0,0,0,0,0,0,0,0,0,0,0,0,0,0,0,0,0,0,0,0,0,0,0,0,0,0,0,0,0,0,0,0,0,0,0,0,0,0,0,0,0,0,0,0,0,0,0,0,0,0,0,0,0,0,0,0,0,0,0,0,0,0,0,0,0,0,0,0,0,0,0,0,0,0,0,0,0,0,0,0,0,0,0,0,0,0,0,0,0,0,0,0,794,773,902,25,80,124,155,178,174,139,74,-6,-86,-151,-197,-201,-164,-95,-4,98,177,221,220,177,98,-1,-98,-182,-225,-211,-158,-58,49,148,209,227,189,109,-7,-111,-192,-215,-184,-126,-40,72,176,223,206,131,30,-85,-189,-242,-244,-184,-61,74,169,247,279,229,109,-22,-136,-222,-255,-220,-129,-18,103,204,241,225,165,67,-56,-170,-229,-214,-150,-63,37,131,195,205,153,69,-28,-126,-194,-194,-150,-79,-5,85,173,203,170,114,32,-45,-95,-123,-137,-113,-49,-3,41,75,77,62,36,-1,-21,-10,-1,5,17,24,-4,-27,-50,-72,-79,-55,-23,14,0,126,136,112,60,-20,-83,-140,-183,-180,-123,-45,56,151,221,233,187,83,-32,-132,-208,-250,-218,-137,-25,78,176,236,236,176,76,-47,-152,-206,-218,-186,-102,13,115,182,212,181,102,3,-82,-145,-175,-168,-117,-48,31,110,151,129,75,26,-41,-92,-105,-85,-47,17,68,98,104,79,25,-31,-94,-139,-135,-99,-50,11,82,134,160,138,73,6,-46,-101,-128,-120,-85,-45,10,60,83,83,60,18,-29,-50,-61,-46,-22,29,82,106,92,50,1,-49,-101,-147,-167,-131,-58,20,91,167,220,227,182,113,10,-108,-203,-260,-283,-263,-206,-136,-68,21,296,461,0,0,0,0,0,0,0,0,0,0,0,0,0,0,0,0,0,0,0,0,0,0,0,0,0,0,0,0,0,0,0,0,0,0,0,0,0,0,0,0,0,0,0,0,0,0,0,0,0,0,0,0,0,0,0,0,0,0,0,0,0,0,0,0,0,0,0,0,0,0,0,0,0,0,0,0,0,0,0,0,0,0,0,0,0,0,0,0,0,0,0,0,0,0,0,0,0,0,0,0,0,0,0,0,0,0,0,0,0,0,0,0,0,0,0,0,0,0,0,0,0,0,0,0,0,0,0,0,0,0,0,0,0,0,0,0,0,0,0,0,0,0,0,0,0,0,0,0,0,0,0,0,0,0,0,0,0,0,0,0,0,0,0,0,0,0,0,0,0,0,0,0,0,0,0,0,0,0,0,0,0,0,0,0,0,0,0,0,0,0,0,0,0,0,0,0,0,0,0,0,0,0,0,0,0,0,0,0,0,0,0,0,0,0,0,0,0,0,0,0,0,0,0,0,0,0,0,0,0,0,0,0,0,0,0,0,0,0,0,0,0,0,0,0,0,0,0,0,0,0,0,0,0,0,0,0,572,958,852,-119,-120,-98,-53,-1,61,125,177,194,173,124,59,-30,-112,-180,-211,-199,-132,-52,45,139,198,216,193,131,42,-75,-178,-238,-229,-168,-80,20,132,205,222,192,122,15,-100,-189,-244,-220,-135,-18,110,201,248,239,158,49,-70,-186,-242,-239,-196,-100,33,151,233,257,213,117,-3,-127,-221,-263,-242,-160,-45,81,179,229,231,177,62,-66,-156,-203,-204,-165,-85,26,132,195,196,154,80,-9,-94,-168,-194,-161,-100,-19,77,152,177,159,115,44,-33,-90,-108,-102,-81,-49,-12,11,27,32,23,8,-8,-17,1,21,25,32,30,8,-31,-72,-94,-99,0,-44,31,78,122,156,149,81,1,-76,-152,-202,-206,-163,-69,43,143,215,241,207,125,11,-101,-184,-237,-232,-157,-52,58,155,224,234,176,87,-19,-118,-197,-221,-186,-105,-8,99,166,185,169,122,42,-52,-122,-172,-160,-110,-35,35,96,114,96,60,-1,-55,-97,-112,-78,-19,31,84,130,136,102,36,-38,-92,-122,-139,-113,-61,-2,82,138,142,130,95,24,-36,-79,-104,-113,-91,-45,12,47,62,57,37,10,-32,-70,-71,-30,15,58,88,110,106,77,24,-47,-122,-179,-203,-181,-116,-33,61,156,234,265,252,204,114,17,-94,-183,-233,-245,-240,1197,1136
61967,mtk,MTK 7916,2149473008,rx2-tx1,512,0,0,0,0,0,0,0,0,0,0,0,0,0,0,0,0,0,0,0,0,0,0,0,0,0,0,0,0,0,0,0,0,0,0,0,0,0,0,0,0,0,0,0,0,0,0,0,0,0,0,0,0,0,0,0,0,0,0,0,0,0,0,0,0,0,0,0,0,0,0,0,0,0,0,0,0,0,0,0,0,0,0,0,0,0,0,0,0,0,0,0,0,0,0,0,0,0,0,0,0,0,0,0,0,0,0,0,0,0,0,0,0,0,0,0,0,0,0,0,0,0,0,0,0,0,0,0,0,0,0,0,0,0,0,0,0,0,0,0,0,0,0,0,0,0,0,0,0,0,0,0,0,0,0,0,0,0,0,0,0,0,0,0,0,0,0,0,0,0,0,0,0,0,0,0,0,0,0,0,0,0,0,0,0,0,0,0,0,0,0,0,0,0,0,0,0,0,0,0,0,0,0,0,0,0,0,0,0,0,0,0,0,0,0,0,0,0,0,0,0,0,0,0,0,0,0,0,0,0,0,0,0,0,0,0,0,0,0,0,0,0,0,0,0,0,0,0,0,0,0,0,0,0,0,0,0,381,-487,-490,29,41,47,43,41,25,-3,-32,-49,-64,-75,-74,-59,-20,22,59,88,100,84,60,18,-34,-82,-128,-141,-128,-76,1,79,146,191,183,147,72,-21,-139,-229,-269,-249,-179,-59,94,224,312,346,292,170,9,-163,-322,-420,-420,-316,-145,67,281,438,492,437,274,48,-197,-402,-522,-539,-445,-217,68,320,517,613,561,380,120,-174,-433,-601,-624,-507,-270,17,300,518,624,576,390,126,-154,-393,-550,-571,-458,-250,13,281,473,524,467,309,84,-155,-365,-472,-454,-316,-110,115,305,415,413,331,166,-46,-240,-363,-393,-325,-187,0,177,311,361,313,194,28,0,-279,-333,-297,-194,-61,92,230,305,293,206,54,-106,-236,-299,-284,-202,-67,95,209,265,276,211,83,-65,-198,-278,-281,-206,-84,68,198,274,290,242,132,-28,-190,-302,-336,-283,-165,1,158,282,339,313,218,83,-74,-213,-291,-300,-255,-154,-7,136,233,278,260,165,41,-79,-184,-250,-255,-185,-81,40,144,207,223,186,106,7,-86,-163,-202,-191,-137,-57,22,102,153,170,151,102,29,-38,-93,-138,-154,-125,-79,-33,11,60,91,94,87,80,62,30,2,-25,-47,-63,-69,-78,-68,-48,-38,-18,24,57,71,80,93,83,64,32,-5,-48,-85,-99,-96,-469,-491,0,0,0,0,0,0,0,0,0,0,0,0,0,0,0,0,0,0,0,0,0,0,0,0,0,0,0,0,0,0,0,0,0,0,0,0,0,0,0,0,0,0,0,0,0,0,0,0,0,0,0,0,0,0,0,0,0,0,0,0,0,0,0,0,0,0,0,0,0,0,0,0,0,0,0,0,0,0,0,0,0,0,0,0,0,0,0,0,0,0,0,0,0,0,0,0,0,0,0,0,0,0,0,0,0,0,0,0,0,0,0,0,0,0,0,0,0,0,0,0,0,0,0,0,0,0,0,0,0,0,0,0,0,0,0,0,0,0,0,0,0,0,0,0,0,0,0,0,0,0,0,0,0,0,0,0,0,0,0,0,0,0,0,0,0,0,0,0,0,0,0,0,0,0,0,0,0,0,0,0,0,0,0,0,0,0,0,0,0,0,0,0,0,0,0,0,0,0,0,0,0,0,0,0,0,0,0,0,0,0,0,0,0,0,0,0,0,0,0,0,0,0,0,0,0,0,0,0,0,0,0,0,0,0,0,0,0,0,0,0,0,0,0,0,0,0,0,0,0,0,0,0,0,0,0,0,-1037,-27,35,-18,0,14,29,44,60,63,55,37,21,-1,-35,-73,-93,-82,-62,-35,1,46,87,115,121,96,41,-26,-94,-149,-168,-158,-111,-38,44,131,214,241,204,114,-1,-126,-227,-290,-292,-231,-103,49,206,322,380,360,265,81,-140,-322,-422,-448,-382,-211,13,240,431,517,484,353,121,-146,-373,-529,-583,-508,-311,-29,256,482,596,594,462,211,-97,-379,-573,-632,-549,-335,-52,233,459,583,569,439,204,-72,-330,-506,-556,-465,-265,-14,226,397,480,448,315,111,-115,-308,-428,-441,-332,-137,78,259,374,404,333,174,-26,-208,-330,-377,-322,-191,-15,151,291,358,0,208,45,-124,-261,-324,-304,-201,-52,102,238,315,297,205,75,-78,-212,-284,-274,-208,-89,60,195,273,273,199,74,-62,-195,-278,-292,-228,-92,67,201,294,321,263,129,-36,-195,-305,-337,-297,-187,-34,119,242,311,307,233,103,-51,-174,-255,-295,-271,-180,-38,121,222,262,239,171,64,-67,-178,-238,-238,-188,-94,20,127,197,214,191,126,24,-75,-145,-183,-182,-143,-84,-1,87,147,171,162,117,64,11,-52,-93,-117,-123,-104,-79,-41,-2,34,62,84,84,72,55,41,24,-2,-30,-49,-62,-76,-77,-71,-54,-24,22,54,88,121,126,113,102,75,34,-239,-168
61968,mtk,MTK 7916,2149574943,rx0-tx0,512,0,0,0,0,0,0,0,0,0,0,0,0,0,0,0,0,0,0,0,0,0,0,0,0,0,0,0,0,0,0,0,0,0,0,0,0,0,0,0,0,0,0,0,0,0,0,0,0,0,0,0,0,0,0,0,0,0,0,0,0,0,0,0,0,0,0,0,0,0,0,0,0,0,0,0,0,0,0,0,0,0,0,0,0,0,0,0,0,0,0,0,0,0,0,0,0,0,0,0,0,0,0,0,0,0,0,0,0,0,0,0,0,0,0,0,0,0,0,0,0,0,0,0,0,0,0,0,0,0,0,0,0,0,0,0,0,0,0,0,0,0,0,0,0,0,0,0,0,0,0,0,0,0,0,0,0,0,0,0,0,0,0,0,0,0,0,0,0,0,0,0,0,0,0,0,0,0,0,0,0,0,0,0,0,0,0,0,0,0,0,0,0,0,0,0,0,0,0,0,0,0,0,0,0,0,0,0,0,0,0,0,0,0,0,0,0,0,0,0,0,0,0,0,0,0,0,0,0,0,0,0,0,0,0,0,0,0,0,0,0,0,0,0,0,0,0,0,0,0,0,0,0,0,0,0,0,-364,581,605,601,457,122,-290,-674,-933,-1010,-931,-695,-359,7,382,713,970,1112,1128,1033,820,497,99,-312,-681,-986,-1204,-1319,-1287,-1125,-839,-468,-60,353,742,1070,1292,1408,1396,1250,985,643,252,-166,-589,-960,-1230,-1420,-1497,-1427,-1224,-955,-590,-167,280,705,1069,1332,1508,1562,1445,1231,929,533,95,-343,-767,-1129,-1357,-1493,-1510,-1397,-1166,-860,-481,-52,351,719,1014,1223,1335,1351,1254,1062,809,487,142,-193,-524,-805,-1018,-1164,-1194,-1144,-1025,-816,-540,-248,55,358,625,840,990,1059,1029,944,802,574,315,58,-202,-434,-631,-751,-822,-851,-791,-678,-541,-370,-187,-22,148,310,441,532,584,607,-330,570,495,419,298,187,47,-104,-240,-382,-511,-613,-691,-727,-705,-650,-539,-374,-181,31,251,469,658,825,930,954,904,790,613,380,117,-180,-464,-729,-921,-1069,-1122,-1086,-965,-781,-536,-241,87,424,711,956,1117,1204,1201,1122,936,671,358,16,-337,-680,-972,-1182,-1300,-1327,-1248,-1084,-822,-475,-96,315,696,1013,1253,1405,1422,1340,1135,820,452,36,-393,-795,-1138,-1381,-1497,-1503,-1348,-1090,-738,-300,169,612,986,1292,1467,1499,1417,1176,838,425,-55,-502,-904,-1202,-1382,-1443,-1345,-1120,-797,-406,40,475,854,1129,1303,1338,1238,1013,682,251,-228,-694,-1089,-1346,-1412,-1243,-853,-299,293,719,458,506,0,0,0,0,0,0,0,0,0,0,0,0,0,0,0,0,0,0,0,0,0,0,0,0,0,0,0,0,0,0,0,0,0,0,0,0,0,0,0,0,0,0,0,0,0,0,0,0,0,0,0,0,0,0,0,0,0,0,0,0,0,0,0,0,0,0,0,0,0,0,0,0,0,0,0,0,0,0,0,0,0,0,0,0,0,0,0,0,0,0,0,0,0,0,0,0,0,0,0,0,0,0,0,0,0,0,0,0,0,0,0,0,0,0,0,0,0,0,0,0,0,0,0,0,0,0,0,0,0,0,0,0,0,0,0,0,0,0,0,0,0,0,0,0,0,0,0,0,0,0,0,0,0,0,0,0,0,0,0,0,0,0,0,0,0,0,0,0,0,0,0,0,0,0,0,0,0,0,0,0,0,0,0,0,0,0,0,0,0,0,0,0,0,0,0,0,0,0,0,0,0,0,0,0,0,0,0,0,0,0,0,0,0,0,0,0,0,0,0,0,0,0,0,0,0,0,0,0,0,0,0,0,0,0,0,0,0,0,0,0,0,0,0,0,0,0,0,0,0,0,0,0,0,0,0,0,-49,236,165,-277,-618,-849,-871,-692,-348,59,453,788,990,1063,1009,837,555,195,-177,-548,-870,-1110,-1231,-1208,-1062,-812,-475,-64,366,748,1073,1277,1370,1339,1188,910,547,135,-292,-702,-1033,-1279,-1414,-1444,-1347,-1106,-784,-405,16,452,830,1151,1396,1514,1499,1360,1107,776,372,-93,-537,-910,-1231,-1451,-1554,-1519,-1366,-1078,-707,-297,144,573,934,1204,1411,1469,1408,1240,970,653,284,-96,-469,-779,-1031,-1200,-1270,-1248,-1144,-948,-681,-373,-32,276,569,837,1007,1106,1132,1061,914,702,455,152,-133,-383,-631,-825,-914,-948,-916,-824,-664,-456,-247,-19,214,387,542,655,696,704,672,595,488,357,220,70,-82,-197,-309,-411,-501,-559,-619,-627,-602,-541,-435,-302,-143,44,221,407,576,710,794,826,814,731,596,411,169,-94,-350,-586,-798,-948,-1041,-1045,-964,-802,-581,-328,-12,297,582,827,1020,1136,1176,1111,964,742,457,134,-193,-518,-826,-1058,-1211,-1277,-1248,-1126,-905,-590,-250,127,495,820,1102,1286,1380,1369,1225,983,654,275,-142,-528,-906,-1192,-1379,-1472,-1438,-1268,-988,-605,-190,260,687,1050,1330,1496,1522,1399,1167,813,365,-89,-536,-941,-1230,-1434,-1485,-1388,-1160,-818,-415,29,475,857,1143,1333,1382,1290,1064,737,345,-95,-517,-885,-1171,-1339,-1350,-1202,-883,-423,124,676,1118,1329,1253,971,437,377
61969,mtk,MTK 7916,2149574943,rx0-tx1,512,0,0,0,0,0,0,0,0,0,0,0,0,0,0,0,0,0,0,0,0,0,0,0,0,0,0,0,0,0,0,0,0,0,0,0,0,0,0,0,0,0,0,0,0,0,0,0,0,0,0,0,0,0,0,0,0,0,0,0,0,0,0,0,0,0,0,0,0,0,0,0,0,0,0,0,0,0,0,0,0,0,0,0,0,0,0,0,0,0,0,0,0,0,0,0,0,0,0,0,0,0,0,0,0,0,0,0,0,0,0,0,0,0,0,0,0,0,0,0,0,0,0,0,0,0,0,0,0,0,0,0,0,0,0,0,0,0,0,0,0,0,0,0,0,0,0,0,0,0,0,0,0,0,0,0,0,0,0,0,0,0,0,0,0,0,0,0,0,0,0,0,0,0,0,0,0,0,0,0,0,0,0,0,0,0,0,0,0,0,0,0,0,0,0,0,0,0,0,0,0,0,0,0,0,0,0,0,0,0,0,0,0,0,0,0,0,0,0,0,0,0,0,0,0,0,0,0,0,0,0,0,0,0,0,0,0,0,0,0,0,0,0,0,0,0,0,0,0,0,0,0,0,0,0,0,0,-449,-656,-772,-539,-452,-208,141,476,736,854,838,686,443,135,-230,-559,-814,-998,-1059,-1014,-832,-526,-167,233,629,959,1188,1301,1236,1049,751,340,-111,-539,-908,-1181,-1310,-1327,-1196,-945,-619,-221,169,533,851,1047,1170,1175,1072,869,607,325,11,-280,-527,-724,-853,-915,-905,-820,-686,-491,-286,-66,121,293,450,552,648,676,671,647,581,473,335,183,11,-170,-343,-498,-642,-765,-822,-818,-750,-591,-400,-179,66,317,537,715,834,895,895,822,672,471,257,31,-218,-443,-616,-749,-873,-899,-835,-747,-612,-411,-179,53,280,501,694,838,919,945,883,744,566,347,79,-193,-445,-678,-853,-967,510,-960,-843,-683,-439,-167,99,364,603,787,908,976,962,865,730,526,302,70,-185,-429,-634,-787,-891,-956,-954,-871,-738,-559,-327,-71,182,450,688,890,1064,1164,1183,1098,925,674,351,-23,-413,-801,-1134,-1388,-1537,-1559,-1464,-1197,-825,-370,136,669,1132,1518,1773,1865,1793,1547,1156,631,47,-542,-1088,-1536,-1848,-2006,-1935,-1688,-1298,-771,-161,461,1012,1475,1795,1926,1878,1664,1277,766,187,-392,-929,-1369,-1669,-1790,-1729,-1489,-1094,-585,-35,512,983,1347,1531,1544,1384,1076,691,224,-239,-637,-943,-1140,-1188,-1100,-910,-641,-295,62,364,641,823,896,874,736,509,222,-105,-427,-641,-724,-665,-470,-256,-391,0,0,0,0,0,0,0,0,0,0,0,0,0,0,0,0,0,0,0,0,0,0,0,0,0,0,0,0,0,0,0,0,0,0,0,0,0,0,0,0,0,0,0,0,0,0,0,0,0,0,0,0,0,0,0,0,0,0,0,0,0,0,0,0,0,0,0,0,0,0,0,0,0,0,0,0,0,0,0,0,0,0,0,0,0,0,0,0,0,0,0,0,0,0,0,0,0,0,0,0,0,0,0,0,0,0,0,0,0,0,0,0,0,0,0,0,0,0,0,0,0,0,0,0,0,0,0,0,0,0,0,0,0,0,0,0,0,0,0,0,0,0,0,0,0,0,0,0,0,0,0,0,0,0,0,0,0,0,0,0,0,0,0,0,0,0,0,0,0,0,0,0,0,0,0,0,0,0,0,0,0,0,0,0,0,0,0,0,0,0,0,0,0,0,0,0,0,0,0,0,0,0,0,0,0,0,0,0,0,0,0,0,0,0,0,0,0,0,0,0,0,0,0,0,0,0,0,0,0,0,0,0,0,0,0,0,0,0,0,0,0,0,0,0,0,0,0,0,0,0,0,0,0,0,0,0,26,-827,-736,177,445,679,753,654,412,81,-265,-582,-807,-945,-950,-823,-599,-287,68,426,764,1017,1158,1184,1063,795,441,8,-433,-803,-1121,-1311,-1358,-1253,-1023,-679,-271,152,573,915,1159,1270,1262,1140,898,590,257,-103,-434,-715,-896,-1022,-1053,-1000,-851,-645,-398,-149,112,330,524,678,769,798,754,687,556,416,265,84,-65,-217,-379,-504,-599,-662,-701,-709,-655,-565,-436,-251,-29,196,432,633,776,881,903,858,730,553,338,107,-137,-388,-609,-767,-858,-889,-871,-767,-617,-458,-238,32,260,464,655,806,879,893,852,768,619,400,165,-102,-370,-592,-766,-901,-974,-962,-876,-727,-514,-276,-82,275,518,735,911,986,1005,941,798,589,348,97,-180,-419,-631,-805,-903,-944,-933,-850,-709,-528,-321,-85,174,418,621,801,937,1004,1023,961,822,626,378,89,-234,-562,-863,-1111,-1305,-1375,-1351,-1202,-940,-602,-188,259,722,1149,1460,1663,1739,1645,1394,1019,508,-37,-601,-1113,-1550,-1844,-1956,-1886,-1643,-1240,-731,-123,507,1047,1511,1835,1984,1921,1673,1281,758,174,-403,-957,-1421,-1733,-1858,-1812,-1591,-1206,-703,-129,437,953,1367,1614,1694,1586,1314,902,398,-117,-610,-981,-1241,-1366,-1323,-1141,-848,-475,-54,321,643,886,1024,1018,909,717,424,128,-185,-473,-689,-821,-841,-708,-444,-138,181,395,-998,-959
61970,mtk,MTK 7916,2149574943,rx1-tx0,512,0,0,0,0,0,0,0,0,0,0,0,0,0,0,0,0,0,0,0,0,0,0,0,0,0,0,0,0,0,0,0,0,0,0,0,0,0,0,0,0,0,0,0,0,0,0,0,0,0,0,0,0,0,0,0,0,0,0,0,0,0,0,0,0,0,0,0,0,0,0,0,0,0,0,0,0,0,0,0,0,0,0,0,0,0,0,0,0,0,0,0,0,0,0,0,0,0,0,0,0,0,0,0,0,0,0,0,0,0,0,0,0,0,0,0,0,0,0,0,0,0,0,0,0,0,0,0,0,0,0,0,0,0,0,0,0,0,0,0,0,0,0,0,0,0,0,0,0,0,0,0,0,0,0,0,0,0,0,0,0,0,0,0,0,0,0,0,0,0,0,0,0,0,0,0,0,0,0,0,0,0,0,0,0,0,0,0,0,0,0,0,0,0,0,0,0,0,0,0,0,0,0,0,0,0,0,0,0,0,0,0,0,0,0,0,0,0,0,0,0,0,0,0,0,0,0,0,0,0,0,0,0,0,0,0,0,0,0,0,0,0,0,0,0,0,0,0,0,0,0,0,0,0,0,0,0,98,-159,-263,571,564,381,52,-316,-648,-862,-927,-859,-674,-381,-19,358,698,971,1129,1167,1069,824,483,53,-390,-809,-1155,-1389,-1438,-1324,-1075,-688,-214,279,726,1114,1379,1493,1414,1218,909,494,46,-361,-712,-1009,-1199,-1269,-1206,-1045,-803,-500,-179,133,418,672,836,923,951,905,804,647,449,218,3,-190,-403,-580,-689,-769,-818,-788,-709,-579,-397,-197,36,267,471,659,786,844,830,755,627,425,198,-19,-240,-455,-621,-703,-742,-721,-632,-524,-336,-137,42,198,316,425,498,508,492,449,366,276,170,61,-15,-101,-191,-244,-276,-300,-312,-310,-294,-260,-223,-186,-147,-68,23,91,170,264,-686,352,384,388,372,324,244,137,21,-102,-222,-338,-413,-468,-510,-500,-448,-373,-276,-149,-2,158,287,406,521,579,603,567,509,410,264,115,-66,-259,-419,-549,-656,-720,-741,-685,-578,-425,-210,2,233,474,663,804,870,864,798,634,419,174,-88,-335,-555,-733,-837,-856,-819,-737,-576,-348,-114,147,369,551,714,788,801,736,602,447,240,41,-179,-378,-527,-632,-676,-664,-600,-482,-336,-170,2,151,298,411,481,512,515,477,420,329,219,95,-43,-178,-303,-423,-520,-568,-573,-520,-431,-282,-95,121,338,530,671,739,717,622,424,143,-159,-475,-744,-883,-861,-648,-309,37,117,14,0,0,0,0,0,0,0,0,0,0,0,0,0,0,0,0,0,0,0,0,0,0,0,0,0,0,0,0,0,0,0,0,0,0,0,0,0,0,0,0,0,0,0,0,0,0,0,0,0,0,0,0,0,0,0,0,0,0,0,0,0,0,0,0,0,0,0,0,0,0,0,0,0,0,0,0,0,0,0,0,0,0,0,0,0,0,0,0,0,0,0,0,0,0,0,0,0,0,0,0,0,0,0,0,0,0,0,0,0,0,0,0,0,0,0,0,0,0,0,0,0,0,0,0,0,0,0,0,0,0,0,0,0,0,0,0,0,0,0,0,0,0,0,0,0,0,0,0,0,0,0,0,0,0,0,0,0,0,0,0,0,0,0,0,0,0,0,0,0,0,0,0,0,0,0,0,0,0,0,0,0,0,0,0,0,0,0,0,0,0,0,0,0,0,0,0,0,0,0,0,0,0,0,0,0,0,0,0,0,0,0,0,0,0,0,0,0,0,0,0,0,0,0,0,0,0,0,0,0,0,0,0,0,0,0,0,0,0,0,0,0,0,0,0,0,0,0,0,0,0,0,0,0,0,0,0,-999,-676,-641,-44,-347,-643,-811,-803,-619,-312,56,411,719,945,1045,1016,849,573,211,-180,-583,-935,-1188,-1311,-1274,-1097,-796,-365,128,591,1016,1325,1486,1466,1304,1013,615,126,-349,-763,-1110,-1334,-1396,-1306,-1126,-852,-490,-103,269,592,857,1028,1102,1077,978,811,559,310,38,-205,-420,-604,-748,-828,-831,-796,-718,-569,-408,-244,-17,218,420,602,728,802,834,789,684,533,314,80,-146,-358,-562,-723,-801,-818,-780,-664,-464,-251,-65,151,316,465,588,630,622,566,470,364,215,70,-39,-166,-263,-333,-381,-384,-373,-363,-314,-240,-171,-116,-41,22,99,161,213,250,288,336,338,322,308,265,9,111,27,-75,-173,-270,-352,-422,-453,-446,-414,-334,-240,-150,-22,122,257,376,464,522,553,536,479,409,280,124,-40,-193,-324,-465,-548,-615,-653,-626,-542,-432,-279,-100,117,337,516,678,783,815,805,712,549,343,90,-161,-415,-637,-792,-890,-900,-827,-691,-494,-250,4,235,452,647,773,833,840,742,611,423,188,-46,-281,-468,-610,-708,-740,-715,-615,-476,-306,-119,79,267,417,518,586,584,552,484,372,240,101,-39,-166,-278,-371,-440,-483,-498,-472,-417,-334,-210,-57,118,292,450,582,654,670,609,474,273,29,-231,-475,-690,-807,-828,-735,-495,-152,232,564,749,768,-709,-707
61971,mtk,MTK 7916,2149574943,rx1-tx1,512,0,0,0,0,0,0,0,0,0,0,0,0,0,0,0,0,0,0,0,0,0,0,0,0,0,0,0,0,0,0,0,0,0,0,0,0,0,0,0,0,0,0,0,0,0,0,0,0,0,0,0,0,0,0,0,0,0,0,0,0,0,0,0,0,0,0,0,0,0,0,0,0,0,0,0,0,0,0,0,0,0,0,0,0,0,0,0,0,0,0,0,0,0,0,0,0,0,0,0,0,0,0,0,0,0,0,0,0,0,0,0,0,0,0,0,0,0,0,0,0,0,0,0,0,0,0,0,0,0,0,0,0,0,0,0,0,0,0,0,0,0,0,0,0,0,0,0,0,0,0,0,0,0,0,0,0,0,0,0,0,0,0,0,0,0,0,0,0,0,0,0,0,0,0,0,0,0,0,0,0,0,0,0,0,0,0,0,0,0,0,0,0,0,0,0,0,0,0,0,0,0,0,0,0,0,0,0,0,0,0,0,0,0,0,0,0,0,0,0,0,0,0,0,0,0,0,0,0,0,0,0,0,0,0,0,0,0,0,0,0,0,0,0,0,0,0,0,0,0,0,0,0,0,0,0,0,-282,-744,-836,-139,-136,-107,-46,33,111,174,224,249,221,143,45,-60,-166,-238,-264,-239,-160,-38,104,220,286,287,222,98,-61,-213,-322,-364,-311,-184,-10,172,335,434,434,318,118,-116,-337,-483,-513,-439,-260,1,286,513,606,564,401,127,-191,-474,-655,-689,-554,-276,76,418,671,764,692,442,71,-318,-624,-790,-791,-604,-260,150,528,792,846,697,396,-8,-415,-729,-863,-770,-509,-138,266,616,815,824,619,274,-146,-516,-730,-777,-656,-361,31,400,668,773,688,434,64,-305,-594,-723,-684,-489,-168,201,498,657,661,504,208,-134,-420,-603,-633,-489,-219,80,353,537,572,458,0,-63,-335,-500,-530,-437,-226,47,312,487,529,419,189,-90,-340,-505,-537,-435,-194,102,375,557,582,445,189,-120,-410,-606,-660,-529,-251,98,432,669,749,631,362,-10,-385,-673,-806,-751,-491,-107,310,669,854,829,610,232,-216,-605,-852,-905,-741,-376,83,502,818,945,830,522,105,-339,-723,-931,-892,-636,-247,192,588,853,897,736,401,-26,-456,-771,-888,-784,-505,-106,315,663,857,849,643,280,-145,-534,-794,-874,-765,-477,-80,331,654,843,847,654,335,-50,-437,-727,-848,-797,-580,-241,131,471,707,791,714,493,193,-134,-445,-671,-757,-733,-595,-363,-83,178,369,510,-431,-547,0,0,0,0,0,0,0,0,0,0,0,0,0,0,0,0,0,0,0,0,0,0,0,0,0,0,0,0,0,0,0,0,0,0,0,0,0,0,0,0,0,0,0,0,0,0,0,0,0,0,0,0,0,0,0,0,0,0,0,0,0,0,0,0,0,0,0,0,0,0,0,0,0,0,0,0,0,0,0,0,0,0,0,0,0,0,0,0,0,0,0,0,0,0,0,0,0,0,0,0,0,0,0,0,0,0,0,0,0,0,0,0,0,0,0,0,0,0,0,0,0,0,0,0,0,0,0,0,0,0,0,0,0,0,0,0,0,0,0,0,0,0,0,0,0,0,0,0,0,0,0,0,0,0,0,0,0,0,0,0,0,0,0,0,0,0,0,0,0,0,0,0,0,0,0,0,0,0,0,0,0,0,0,0,0,0,0,0,0,0,0,0,0,0,0,0,0,0,0,0,0,0,0,0,0,0,0,0,0,0,0,0,0,0,0,0,0,0,0,0,0,0,0,0,0,0,0,0,0,0,0,0,0,0,0,0,0,0,0,0,0,0,0,0,0,0,0,0,0,0,0,0,0,0,0,0,288,-548,-440,-61,-118,-166,-205,-215,-192,-147,-84,8,118,201,238,242,198,111,-9,-138,-239,-278,-257,-179,-59,76,205,295,315,272,141,-34,-202,-327,-396,-372,-249,-66,161,347,460,472,364,161,-78,-314,-495,-571,-515,-323,-36,267,513,638,633,465,178,-151,-448,-661,-736,-633,-357,17,385,660,793,740,524,166,-239,-585,-799,-834,-661,-321,78,462,746,849,747,459,69,-342,-664,-822,-785,-560,-206,208,569,794,810,637,304,-98,-480,-730,-787,-660,-390,-39,327,619,756,686,445,112,-234,-520,-694,-687,-488,-181,157,442,613,625,488,227,-97,-390,-564,-591,-474,-222,79,333,0,551,444,221,-56,-315,-498,-533,-418,-201,73,332,494,510,401,185,-98,-366,-517,-542,-421,-194,111,395,590,631,491,221,-107,-430,-657,-721,-604,-326,38,401,682,780,685,416,36,-363,-684,-856,-811,-554,-173,249,637,872,884,687,321,-131,-555,-850,-938,-798,-460,-23,416,760,916,864,606,195,-269,-654,-891,-909,-699,-331,105,517,806,891,766,455,42,-388,-729,-878,-805,-567,-204,216,594,824,849,675,365,-35,-436,-745,-887,-823,-579,-217,193,568,803,863,752,477,101,-283,-605,-792,-804,-650,-375,-34,311,593,752,762,629,390,85,-234,-497,-670,-736,-707,-569,-350,-816,-731
61972,mtk,MTK 7916,2149574943,rx2-tx0,512,0,0,0,0,0,0,0,0,0,0,0,0,0,0,0,0,0,0,0,0,0,0,0,0,0,0,0,0,0,0,0,0,0,0,0,0,0,0,0,0,0,0,0,0,0,0,0,0,0,0,0,0,0,0,0,0,0,0,0,0,0,0,0,0,0,0,0,0,0,0,0,0,0,0,0,0,0,0,0,0,0,0,0,0,0,0,0,0,0,0,0,0,0,0,0,0,0,0,0,0,0,0,0,0,0,0,0,0,0,0,0,0,0,0,0,0,0,0,0,0,0,0,0,0,0,0,0,0,0,0,0,0,0,0,0,0,0,0,0,0,0,0,0,0,0,0,0,0,0,0,0,0,0,0,0,0,0,0,0,0,0,0,0,0,0,0,0,0,0,0,0,0,0,0,0,0,0,0,0,0,0,0,0,0,0,0,0,0,0,0,0,0,0,0,0,0,0,0,0,0,0,0,0,0,0,0,0,0,0,0,0,0,0,0,0,0,0,0,0,0,0,0,0,0,0,0,0,0,0,0,0,0,0,0,0,0,0,0,0,0,0,0,0,0,0,0,0,0,0,0,0,0,0,0,0,0,794,773,902,114,140,153,149,118,67,9,-70,-138,-181,-194,-167,-110,-35,47,131,190,222,201,134,41,-52,-144,-217,-244,-201,-125,-20,96,182,226,220,166,76,-18,-114,-188,-218,-184,-91,5,88,173,224,204,133,27,-90,-188,-241,-242,-176,-47,83,169,225,259,224,117,-19,-133,-225,-273,-256,-159,-29,97,195,251,255,200,100,-14,-130,-206,-225,-178,-89,16,118,189,211,191,123,19,-83,-162,-194,-183,-119,-42,47,125,181,188,151,82,6,-56,-106,-133,-126,-97,-46,7,50,81,81,57,42,19,-13,-27,-13,-2,4,3,-21,-46,-47,-53,-59,-41,-7,29,0,106,114,88,37,-17,-91,-145,-180,-172,-122,-26,68,148,201,222,193,100,-4,-109,-199,-257,-254,-184,-62,67,148,207,231,190,99,-12,-122,-192,-218,-195,-119,-15,70,143,199,204,147,63,-26,-96,-152,-181,-150,-87,-18,59,125,150,110,51,4,-57,-99,-92,-52,-28,25,98,128,113,83,32,-35,-99,-140,-150,-120,-60,14,74,123,147,137,76,16,-31,-73,-96,-104,-95,-45,20,56,78,89,54,9,-25,-40,-53,-51,-23,23,63,82,95,80,27,-38,-105,-157,-177,-161,-113,-35,53,129,198,233,217,184,123,25,-85,-192,-259,-279,-272,-240,-170,296,461,0,0,0,0,0,0,0,0,0,0,0,0,0,0,0,0,0,0,0,0,0,0,0,0,0,0,0,0,0,0,0,0,0,0,0,0,0,0,0,0,0,0,0,0,0,0,0,0,0,0,0,0,0,0,0,0,0,0,0,0,0,0,0,0,0,0,0,0,0,0,0,0,0,0,0,0,0,0,0,0,0,0,0,0,0,0,0,0,0,0,0,0,0,0,0,0,0,0,0,0,0,0,0,0,0,0,0,0,0,0,0,0,0,0,0,0,0,0,0,0,0,0,0,0,0,0,0,0,0,0,0,0,0,0,0,0,0,0,0,0,0,0,0,0,0,0,0,0,0,0,0,0,0,0,0,0,0,0,0,0,0,0,0,0,0,0,0,0,0,0,0,0,0,0,0,0,0,0,0,0,0,0,0,0,0,0,0,0,0,0,0,0,0,0,0,0,0,0,0,0,0,0,0,0,0,0,0,0,0,0,0,0,0,0,0,0,0,0,0,0,0,0,0,0,0,0,0,0,0,0,0,0,0,0,0,0,0,0,0,0,0,0,0,0,0,0,0,0,0,0,0,0,0,0,0,0,572,958,852,-43,-20,25,80,126,167,189,181,136,68,-6,-79,-152,-203,-206,-162,-81,17,109,183,225,226,180,94,-21,-127,-213,-245,-221,-131,-33,53,142,213,229,178,84,-23,-115,-178,-206,-172,-102,-6,102,191,218,209,149,47,-66,-164,-248,-263,-205,-107,28,156,248,275,224,126,14,-109,-211,-271,-264,-192,-79,47,159,213,224,185,95,-14,-116,-199,-219,-179,-99,6,95,158,188,169,132,55,-54,-144,-184,-186,-138,-62,20,101,152,160,137,94,32,-41,-106,-118,-113,-95,-58,0,23,37,40,18,10,10,9,12,24,29,24,11,-10,-41,-69,-84,-83,0,-42,24,85,131,146,136,78,-4,-75,-147,-203,-193,-139,-71,28,136,217,238,216,137,27,-79,-162,-224,-235,-187,-99,6,121,214,228,188,117,18,-98,-179,-219,-207,-152,-55,56,142,190,190,150,81,4,-82,-145,-163,-137,-84,-11,59,106,115,94,44,-15,-62,-94,-99,-63,-14,49,90,117,118,97,30,-38,-104,-136,-158,-141,-81,6,67,111,130,125,89,37,-24,-76,-97,-85,-65,-41,0,43,63,65,43,3,-35,-62,-57,-40,-9,44,97,128,136,104,51,-5,-69,-149,-208,-212,-175,-108,-27,63,151,231,276,261,204,129,41,-55,-133,-202,1197,1136
61973,mtk,MTK 7916,2149574943,rx2-tx1,512,0,0,0,0,0,0,0,0,0,0,0,0,0,0,0,0,0,0,0,0,0,0,0,0,0,0,0,0,0,0,0,0,0,0,0,0,0,0,0,0,0,0,0,0,0,0,0,0,0,0,0,0,0,0,0,0,0,0,0,0,0,0,0,0,0,0,0,0,0,0,0,0,0,0,0,0,0,0,0,0,0,0,0,0,0,0,0,0,0,0,0,0,0,0,0,0,0,0,0,0,0,0,0,0,0,0,0,0,0,0,0,0,0,0,0,0,0,0,0,0,0,0,0,0,0,0,0,0,0,0,0,0,0,0,0,0,0,0,0,0,0,0,0,0,0,0,0,0,0,0,0,0,0,0,0,0,0,0,0,0,0,0,0,0,0,0,0,0,0,0,0,0,0,0,0,0,0,0,0,0,0,0,0,0,0,0,0,0,0,0,0,0,0,0,0,0,0,0,0,0,0,0,0,0,0,0,0,0,0,0,0,0,0,0,0,0,0,0,0,0,0,0,0,0,0,0,0,0,0,0,0,0,0,0,0,0,0,0,0,0,0,0,0,0,0,0,0,0,0,0,0,0,0,0,0,0,381,-487,-490,35,16,11,11,-7,-26,-48,-59,-65,-52,-28,-6,15,52,77,84,78,60,30,-23,-88,-118,-123,-116,-77,-18,45,117,172,182,157,97,5,-101,-178,-227,-237,-205,-116,-9,115,239,312,313,256,133,-32,-205,-338,-391,-360,-257,-77,115,295,428,468,409,256,40,-189,-389,-508,-514,-415,-219,48,299,466,561,550,401,153,-133,-400,-568,-612,-526,-329,-62,224,451,589,599,465,232,-48,-309,-498,-567,-517,-351,-98,159,363,485,494,398,205,-38,-271,-421,-457,-400,-259,-50,156,333,427,412,304,130,-82,-266,-361,-387,-314,-159,17,190,321,362,301,176,1,0,-269,-319,-291,-203,-65,103,236,299,289,207,80,-51,-178,-266,-279,-226,-114,38,176,263,289,231,118,-18,-146,-246,-283,-238,-126,4,142,260,321,284,174,33,-114,-250,-319,-306,-229,-103,52,195,297,326,277,164,30,-115,-237,-305,-293,-213,-93,37,159,248,266,220,133,21,-95,-187,-233,-229,-179,-72,46,122,186,211,168,95,8,-82,-153,-184,-180,-138,-57,21,83,143,177,158,117,48,-16,-73,-121,-150,-136,-100,-62,-18,26,67,92,102,93,73,54,30,-3,-29,-48,-55,-70,-79,-67,-43,-38,-13,24,60,76,89,91,92,73,48,22,-8,-53,-469,-491,0,0,0,0,0,0,0,0,0,0,0,0,0,0,0,0,0,0,0,0,0,0,0,0,0,0,0,0,0,0,0,0,0,0,0,0,0,0,0,0,0,0,0,0,0,0,0,0,0,0,0,0,0,0,0,0,0,0,0,0,0,0,0,0,0,0,0,0,0,0,0,0,0,0,0,0,0,0,0,0,0,0,0,0,0,0,0,0,0,0,0,0,0,0,0,0,0,0,0,0,0,0,0,0,0,0,0,0,0,0,0,0,0,0,0,0,0,0,0,0,0,0,0,0,0,0,0,0,0,0,0,0,0,0,0,0,0,0,0,0,0,0,0,0,0,0,0,0,0,0,0,0,0,0,0,0,0,0,0,0,0,0,0,0,0,0,0,0,0,0,0,0,0,0,0,0,0,0,0,0,0,0,0,0,0,0,0,0,0,0,0,0,0,0,0,0,0,0,0,0,0,0,0,0,0,0,0,0,0,0,0,0,0,0,0,0,0,0,0,0,0,0,0,0,0,0,0,0,0,0,0,0,0,0,0,0,0,0,0,0,0,0,0,0,0,0,0,0,0,0,0,0,0,0,0,0,-1037,-27,35,35,41,51,53,51,45,28,12,-4,-42,-69,-74,-76,-62,-30,0,41,83,107,105,94,53,-11,-71,-121,-157,-162,-123,-52,27,98,175,213,217,161,69,-42,-154,-254,-287,-258,-189,-68,89,236,328,363,319,193,11,-170,-327,-419,-428,-334,-177,24,242,417,500,472,335,115,-128,-350,-504,-553,-485,-309,-55,219,437,579,597,473,241,-31,-298,-514,-624,-589,-415,-154,123,367,534,590,509,305,45,-214,-433,-548,-529,-377,-165,74,295,441,487,413,240,15,-206,-372,-439,-398,-281,-94,121,296,399,408,305,129,-68,-243,-353,-366,-307,-170,7,166,277,322,0,204,55,-110,-239,-311,-304,-217,-73,79,213,288,293,223,111,-34,-184,-283,-292,-229,-105,46,184,264,271,225,125,-14,-150,-245,-286,-248,-145,-2,135,240,307,294,205,69,-87,-228,-310,-326,-269,-153,-3,147,264,309,285,202,79,-71,-200,-275,-289,-227,-117,7,123,217,250,223,157,55,-61,-169,-224,-225,-170,-76,21,100,163,205,195,130,39,-57,-131,-173,-183,-146,-86,-19,40,108,160,160,133,94,36,-25,-67,-95,-101,-106,-100,-65,-19,13,34,53,77,89,73,60,48,21,-14,-34,-49,-64,-83,-85,-82,-59,-23,11,44,79,104,126,119,98,-239,-168
61974,mtk,MTK 7916,2149674703,rx0-tx0,512,-330,570,495,-396,-472,-516,-526,-493,-410,-312,-172,-21,123,254,375,460,492,502,472,406,310,187,60,-73,-202,-303,-384,-431,-455,-423,-368,-301,-218,-120,-19,88,178,261,322,346,368,367,325,270,204,126,42,-42,-134,-220,-267,-318,-353,-334,-326,-301,-238,-171,-90,-12,61,160,219,281,329,354,359,347,318,258,184,101,2,-105,-213,-312,-401,-453,-490,-495,-457,-377,-266,-129,26,181,336,483,598,647,652,604,516,368,203,12,-187,-372,-541,-642,-709,-724,-688,-584,-440,-276,-72,144,344,521,660,759,802,786,700,566,374,145,-83,-334,-552,-723,-829,-892,-881,-781,-625,-435,-364,91,346,570,768,910,957,934,828,664,430,155,-115,-385,-624,-812,-941,-978,-948,-853,-674,-433,-157,126,392,638,823,956,1003,977,866,678,455,202,-92,-383,-622,-821,-942,-996,-989,-882,-699,-467,-187,102,377,636,837,964,1017,1001,893,709,476,191,-96,-391,-655,-847,-972,-1037,-1026,-896,-700,-443,-145,163,455,709,895,1017,1019,954,815,580,309,16,-286,-544,-756,-895,-963,-931,-811,-630,-393,-131,131,366,556,707,788,787,738,602,419,214,-10,-213,-400,-554,-647,-673,-645,-554,-404,-235,-40,164,333,473,564,589,551,449,294,99,-94,-272,-403,-459,-445,-355,-221,-75,584,607,510,-960,-843,55,-37,-145,-241,-301,-314,-286,-215,-110,8,124,234,308,349,357,328,270,185,85,-38,-159,-273,-358,-396,-427,-406,-334,-246,-117,10,150,289,393,477,502,484,410,284,143,-16,-185,-328,-421,-498,-524,-484,-409,-283,-124,6,157,300,392,452,476,434,355,250,131,1,-114,-225,-305,-356,-370,-331,-281,-212,-130,-45,61,146,214,242,241,255,229,181,115,50,-19,-75,-130,-165,-174,-166,-147,-110,-70,-23,28,57,100,120,98,79,45,24,-6,-26,-39,-50,-56,-50,-21,-13,0,16,31,34,41,40,21,14,2,-19,-27,-35,-31,-19,-6,4,2,4,11,-449,12,-13,-29,-37,-30,-29,-19,1,19,55,90,108,114,131,134,103,63,5,-54,-102,-168,-232,-258,-257,-241,-185,-120,-28,83,193,268,337,385,391,354,278,179,59,-76,-208,-310,-397,-459,-479,-455,-395,-297,-163,-18,132,273,385,471,535,538,489,412,304,145,-4,-163,-312,-426,-515,-561,-558,-535,-444,-320,-176,-12,147,301,425,538,588,596,556,474,350,197,39,-151,-300,-421,-521,-572,-590,-557,-465,-355,-223,-53,90,248,369,469,536,548,522,469,375,246,114,-31,-168,-285,-390,-475,-521,-521,-480,-420,-320,-190,-60,81,226,356,434,497,527,506,442,356,-853,-967,-82,-197,-309,-337,-210,-74,69,219,335,435,507,525,506,450,369,245,100,-33,-176,-294,-387,-454,-478,-466,-416,-347,-261,-148,-17,118,214,292,351,388,395,380,341,275,191,111,36,-67,-162,-229,-289,-325,-346,-352,-337,-282,-217,-161,-59,33,107,196,258,301,339,343,344,302,246,195,127,45,-39,-123,-209,-285,-343,-382,-405,-409,-386,-339,-253,-141,-24,115,260,387,482,554,582,574,517,415,259,74,-103,-272,-435,-579,-673,-727,-699,-624,-494,-322,-143,59,259,448,591,699,768,760,699,579,416,221,0,-222,-431,-610,-761,-829,-845,-795,-671,-499,-288,-51,218,465,651,794,-49,929,863,745,560,315,37,-238,-493,-709,-880,-966,-979,-910,-752,-551,-297,-24,247,515,738,898,982,985,920,767,555,310,30,-244,-524,-741,-882,-978,-1000,-930,-787,-588,-333,-70,220,505,731,907,1016,1025,961,816,593,338,57,-236,-515,-741,-911,-1014,-1025,-973,-810,-584,-328,-50,268,562,793,957,1036,1028,939,764,532,238,-74,-362,-634,-849,-960,-1004,-952,-811,-611,-360,-81,204,456,661,805,876,861,769,614,416,182,-53,-276,-482,-613,-704,-727,-684,-592,-442,-248,-43,167,362,508,592,631,600,508,381,201,10,-180,-349,-482,-546,-530,-450,-302,-129,54,209,308,343,220,70,-82,275,518,-228,-253,-237,-172,-73,48,160,256,322,344,332,275,182,80,-36,-142,-244,-316,-368,-384,-363,-311,-206,-91,32,176,281,372,437,456,453,381,282,146,-10,-166,-315,-428,-487,-521,-493,-405,-288,-151,19,177,312,432,479,480,461,379,257,136,-8,-147,-259,-348,-402,-418,-387,-329,-245,-146,-28,86,179,250,290,315,313,262,193,103,36,-34,-109,-171,-209,-221,-215,-181,-137,-84,-32,23,73,112,127,134,121,101,89,32,-6,-33,-57,-70,-80,-64,-48,-29,-13,17,35,39,42,33,22,12,8,-24,-40,-30,-36,-29,-25,-19,0,15,16,15,7,7,0,26,-8,-17,-13,-7,9,22,51,71,85,87,65,26,-10,-38,-99,-138,-170,-189,-187,-173,-146,-86,-4,75,158,230,278,314,323,284,216,138,28,-98,-212,-309,-379,-421,-429,-392,-318,-230,-105,33,169,296,408,476,506,498,442,340,223,77,-83,-225,-353,-461,-536,-549,-537,-478,-370,-240,-82,71,228,379,478,563,593,579,506,404,268,99,-68,-233,-368,-482,-547,-595,-584,-505,-410,-277,-131,26,201,346,448,536,571,565,514,418,308,164,9,-133,-266,-392,-468,-518,-531,-494,-434,-345,-232,-90,59,188,311,425,490,516,513,472,383,276,161,17,-131,-264,-361,-514,-276
61975,mtk,MTK 7916,2149674703,rx0-tx1,512,-686,352,384,666,567,428,249,50,-141,-339,-506,-641,-736,-775,-759,-692,-566,-414,-223,-12,208,422,600,750,838,876,862,769,618,426,193,-63,-324,-575,-773,-926,-1032,-1063,-991,-851,-656,-370,-51,263,577,866,1090,1231,1274,1213,1058,818,489,117,-265,-634,-955,-1218,-1381,-1427,-1366,-1194,-917,-563,-168,255,666,1006,1274,1445,1504,1454,1256,967,601,190,-227,-635,-984,-1261,-1430,-1483,-1423,-1247,-976,-626,-243,149,538,880,1160,1331,1407,1367,1228,1004,701,347,-24,-387,-718,-1002,-1209,-1320,-1338,-1255,-1068,-805,-476,-112,251,603,908,1138,1285,1328,1269,1120,871,552,204,-160,-523,-832,-1089,-1252,-1299,-1270,98,-911,-611,-278,78,434,758,1008,1179,1272,1268,1154,961,694,360,15,-343,-659,-936,-1147,-1254,-1278,-1193,-1005,-752,-451,-95,269,597,894,1116,1259,1300,1238,1093,857,555,190,-201,-558,-900,-1159,-1308,-1382,-1344,-1184,-920,-602,-229,187,594,939,1219,1398,1464,1414,1225,921,565,145,-296,-706,-1059,-1308,-1453,-1468,-1350,-1117,-783,-394,45,465,820,1127,1329,1401,1343,1160,875,528,144,-243,-602,-885,-1085,-1189,-1178,-1046,-838,-567,-260,59,364,622,821,919,941,896,749,560,332,75,-177,-403,-583,-702,-761,-742,-657,-519,-327,-107,119,315,491,615,660,626,504,326,115,-106,-295,-414,-462,-424,170,264,0,-63,-335,5,-69,-156,-225,-262,-252,-195,-111,-6,108,219,300,342,343,300,223,127,6,-109,-232,-329,-401,-433,-412,-356,-266,-142,-5,144,274,393,485,532,510,451,343,191,19,-155,-327,-460,-557,-611,-612,-543,-409,-252,-67,127,307,480,590,661,677,632,508,356,180,-24,-234,-410,-563,-680,-742,-724,-648,-508,-331,-114,114,337,528,661,767,795,748,649,480,263,29,-209,-451,-639,-766,-838,-834,-746,-593,-391,-152,111,353,560,714,807,843,789,648,472,272,35,-201,-418,-584,-697,-748,-734,-665,-532,-357,-172,40,229,392,528,609,650,631,548,436,290,129,-29,-192,-329,-282,-516,-542,-538,-492,-405,-291,-179,-50,90,208,307,397,449,478,472,429,367,257,151,51,-80,-202,-298,-389,-446,-464,-471,-449,-383,-291,-192,-67,55,191,325,434,516,580,593,570,500,376,226,46,-138,-331,-507,-640,-724,-757,-723,-635,-486,-290,-72,171,395,584,739,828,844,790,681,514,304,65,-185,-412,-602,-745,-830,-846,-803,-683,-527,-332,-103,126,353,531,674,780,803,769,696,554,364,162,-59,-267,-453,-610,-714,-757,-743,-683,-565,-416,-240,-51,149,332,494,605,674,704,676,607,501,348,167,-16,-200,-362,-513,-635,-697,-707,-667,-589,-449,-277,-106,82,284,572,458,9,111,27,-288,-463,-597,-696,-739,-730,-678,-562,-417,-233,-30,174,369,532,670,768,813,802,722,602,424,211,-13,-256,-487,-678,-829,-926,-961,-929,-809,-621,-405,-151,147,446,699,925,1091,1153,1140,1044,855,590,269,-81,-440,-768,-1052,-1260,-1355,-1348,-1239,-1024,-730,-344,61,465,848,1148,1365,1469,1469,1343,1095,779,390,-31,-455,-856,-1159,-1383,-1492,-1487,-1365,-1127,-800,-417,-7,401,783,1101,1323,1431,1443,1333,1128,829,473,88,-305,-656,-965,-1191,-1329,-1367,-1297,-1140,-901,-588,-237,126,498,820,1077,1252,1326,1308,1197,978,696,350,-22,-385,-729,-1016,-1210,-1307,-1315,-1215,-1018,-752,-406,-54,299,-999,928,1135,1256,1288,1219,1051,797,493,148,-222,-562,-850,-1083,-1232,-1282,-1233,-1079,-858,-561,-227,126,497,809,1037,1193,1274,1253,1143,944,657,329,-36,-389,-721,-1003,-1209,-1328,-1320,-1218,-1039,-742,-400,-24,380,758,1060,1277,1412,1432,1311,1090,782,396,-21,-448,-849,-1156,-1368,-1472,-1446,-1304,-1043,-695,-286,152,579,956,1235,1407,1453,1353,1154,862,478,63,-346,-719,-1014,-1209,-1288,-1255,-1112,-864,-567,-222,152,481,756,948,1049,1060,976,809,572,293,23,-261,-504,-681,-799,-838,-810,-704,-537,-331,-95,130,333,510,637,701,677,593,459,264,48,-183,-380,-518,-582,-560,-445,-279,-83,103,308,265,0,551,444,-179,-188,-158,-88,4,116,211,277,310,301,242,146,32,-85,-196,-281,-354,-382,-377,-326,-238,-126,4,135,258,363,438,467,446,390,301,164,4,-165,-305,-436,-530,-573,-567,-501,-373,-225,-41,152,339,488,592,651,646,582,462,306,126,-70,-283,-469,-595,-677,-712,-670,-571,-438,-263,-47,170,380,552,677,756,762,706,576,404,200,-49,-277,-490,-673,-783,-826,-800,-709,-535,-331,-92,162,396,604,756,841,843,766,629,434,209,-38,-289,-501,-643,-750,-795,-769,-671,-514,-317,-102,115,324,502,618,687,698,647,551,404,235,50,-134,-294,-428,-533,-588,-594,-554,-471,288,-227,-77,64,207,329,412,472,510,495,436,370,274,160,41,-91,-200,-312,-395,-433,-464,-464,-423,-355,-277,-158,-47,63,184,306,396,468,509,521,495,442,343,222,80,-81,-230,-389,-524,-624,-676,-680,-629,-517,-357,-167,47,264,458,633,751,815,806,719,590,406,183,-63,-298,-506,-692,-809,-874,-853,-764,-620,-423,-203,33,272,483,645,766,822,822,750,615,448,239,4,-205,-404,-590,-711,-780,-790,-735,-634,-487,-300,-88,111,311,477,602,685,727,715,649,528,375,199,11,-180,-344,-500,-617,-685,-696,-662,-587,-480,-322,-139,51,228,406,560,647,693,708,662,79,333
61976,mtk,MTK 7916,2149674703,rx1-tx0,512,0,106,114,84,-42,-161,-272,-348,-397,-405,-377,-337,-268,-157,-46,48,150,250,300,334,341,324,267,190,101,-2,-98,-184,-260,-302,-324,-315,-273,-209,-117,-22,68,174,269,319,339,330,266,188,93,-36,-154,-248,-305,-344,-344,-307,-225,-138,-36,89,185,280,337,349,337,295,218,122,28,-67,-171,-239,-294,-346,-352,-328,-283,-209,-124,-27,77,168,256,327,364,389,375,331,261,171,51,-60,-185,-304,-390,-451,-487,-485,-438,-352,-238,-97,55,201,351,487,587,628,604,546,443,273,78,-131,-324,-496,-635,-726,-750,-699,-584,-419,-215,35,274,482,653,783,836,796,704,543,794,83,-167,-407,-606,-759,-844,-850,-792,-660,-463,-232,29,282,502,701,833,869,841,743,572,359,108,-146,-394,-596,-741,-838,-840,-763,-650,-457,-233,-2,242,451,622,743,793,771,675,540,360,146,-73,-289,-486,-615,-688,-725,-682,-595,-447,-255,-61,159,345,500,610,650,651,600,481,318,140,-39,-223,-378,-477,-554,-578,-522,-431,-325,-187,-35,105,248,345,393,413,396,353,288,190,95,2,-100,-193,-246,-277,-303,-288,-256,-221,-152,-81,-16,70,136,168,199,233,240,217,188,149,93,21,-61,-122,-189,-236,-259,-249,-217,-153,-70,36,128,199,246,248,202,130,45,-7,29,0,-269,-319,-330,-343,-301,-187,-35,148,314,432,498,491,431,310,143,-37,-216,-371,-483,-540,-550,-507,-415,-271,-93,71,232,390,506,576,587,553,471,336,181,7,-173,-341,-488,-584,-628,-629,-553,-447,-322,-142,60,258,429,569,642,685,673,583,469,288,86,-103,-296,-464,-596,-679,-699,-663,-576,-444,-279,-90,85,280,460,582,652,664,649,564,424,268,88,-99,-266,-401,-512,-585,-621,-614,-550,-461,-336,-169,-10,145,311,432,519,595,620,593,534,437,292,105,-78,-256,-413,-527,-622,-657,-648,-584,-482,-329,-156,32,215,399,530,621,672,684,631,519,358,182,7,-172,-340,381,-610,-674,-665,-616,-524,-391,-231,-58,116,285,424,541,607,629,607,538,432,309,173,27,-145,-302,-435,-544,-613,-642,-624,-565,-462,-325,-161,22,205,381,545,659,736,750,694,590,469,273,63,-140,-360,-554,-707,-808,-823,-790,-707,-550,-342,-110,138,368,552,729,846,867,818,725,556,347,123,-126,-355,-568,-719,-803,-843,-806,-699,-550,-353,-127,109,316,512,658,733,767,734,640,498,327,114,-95,-266,-422,-550,-627,-652,-626,-556,-448,-318,-152,12,174,315,433,534,577,583,533,441,327,194,36,-136,-281,-397,-499,-550,-555,-509,-427,-309,-154,1,145,277,385,464,176,1,0,-42,24,-443,-446,-416,-343,-240,-126,1,102,194,287,348,369,357,339,265,176,91,1,-102,-192,-262,-310,-327,-314,-267,-197,-110,-23,71,158,243,295,311,310,286,209,106,3,-116,-220,-287,-335,-351,-317,-245,-162,-56,68,181,262,312,350,336,284,220,119,13,-96,-201,-278,-319,-330,-331,-297,-223,-168,-74,31,125,207,277,329,355,346,316,272,186,94,-11,-120,-221,-309,-381,-417,-422,-410,-348,-248,-137,-9,123,259,380,469,532,539,514,440,335,185,9,-168,-329,-495,-618,-685,-690,-624,-513,-347,-144,87,313,510,657,769,814,773,662,496,277,13,-219,-439,-639,572,-858,-849,-758,-608,-412,-165,91,337,553,719,830,871,817,709,534,296,33,-218,-457,-654,-794,-868,-860,-779,-610,-415,-175,95,322,528,694,776,822,783,666,502,295,73,-159,-370,-552,-691,-751,-748,-690,-568,-396,-212,8,218,412,567,653,700,673,584,451,280,98,-77,-270,-450,-566,-623,-629,-585,-472,-326,-170,16,180,305,399,471,478,455,390,284,176,63,-69,-175,-267,-317,-340,-352,-337,-269,-184,-116,-38,51,116,181,228,242,259,255,204,147,110,56,-17,-78,-131,-182,-220,-247,-235,-214,-164,-93,-10,72,150,221,261,264,219,163,74,-27,-113,-172,-195,-84,-83,0,204,55,-51,88,244,368,437,441,359,226,52,-134,-300,-442,-526,-542,-500,-404,-257,-94,73,241,391,508,558,550,517,431,295,127,-52,-222,-384,-508,-585,-616,-590,-526,-399,-243,-65,144,328,462,577,650,671,622,522,371,191,14,-193,-373,-530,-653,-691,-672,-620,-513,-370,-189,10,201,388,531,629,683,678,636,517,354,169,-8,-187,-372,-499,-594,-654,-653,-593,-500,-368,-211,-46,131,276,400,511,581,598,595,541,420,296,153,-19,-186,-334,-477,-588,-644,-634,-591,-503,-385,-229,-49,149,322,474,592,653,675,649,558,420,267,93,-96,-294,-456,-574,-638,-670,-654,-586,-1037,-313,-124,68,236,405,530,613,649,639,573,469,327,170,5,-149,-302,-429,-528,-584,-616,-607,-540,-453,-311,-170,-2,167,322,468,576,649,692,671,615,486,323,141,-75,-287,-463,-623,-745,-781,-780,-718,-598,-424,-206,33,258,478,662,775,839,844,766,641,469,228,-13,-247,-467,-663,-785,-846,-842,-775,-640,-447,-241,-12,230,448,627,753,819,813,747,613,418,218,12,-191,-385,-544,-658,-726,-702,-630,-532,-398,-232,-42,140,306,433,527,586,601,577,505,408,258,96,-70,-231,-364,-469,-536,-575,-560,-491,-397,-265,-101,63,212,344,446,514,522,499,437,331,209,277,322
61977,mtk,MTK 7916,2149674703,rx1-tx1,512,0,0,0,272,734,1000,1016,787,348,-187,-672,-995,-1066,-858,-432,87,587,953,1080,936,551,32,-492,-899,-1076,-980,-654,-167,365,806,1033,999,721,275,-224,-661,-936,-974,-765,-355,127,560,842,905,738,391,-52,-468,-756,-849,-729,-423,-12,388,682,793,704,445,71,-320,-610,-742,-686,-459,-115,236,518,661,633,443,160,-148,-396,-529,-519,-380,-157,89,290,399,387,273,92,-98,-242,-307,-273,-144,29,183,280,291,199,39,-131,-278,-352,-316,-178,11,218,377,428,376,233,2,-253,-449,-523,-463,-277,-4,276,499,614,563,353,63,-256,-529,-679,-658,-469,-154,199,513,707,744,0,298,-77,-444,-717,-808,-703,-432,-63,333,656,817,783,565,208,-198,-560,-793,-837,-679,-360,28,408,693,806,726,475,116,-265,-577,-756,-740,-551,-232,138,466,665,710,580,304,-26,-341,-576,-661,-581,-371,-80,240,495,624,592,417,142,-152,-401,-547,-565,-449,-236,31,286,467,523,463,296,59,-184,-366,-454,-442,-345,-175,31,220,347,379,329,219,61,-98,-212,-268,-260,-186,-91,5,91,150,163,131,63,-12,-57,-77,-74,-44,-9,28,61,75,65,16,-28,-66,-96,-101,-66,-19,25,74,117,131,107,73,20,-47,-103,-129,-133,-125,-101,-57,-6,32,62,71,0,0,0,0,0,12,34,31,17,10,4,5,12,27,36,46,44,39,20,-21,-64,-104,-134,-142,-115,-61,7,90,164,207,219,182,86,-34,-142,-232,-291,-289,-224,-113,31,163,265,328,328,251,116,-42,-191,-295,-345,-311,-209,-73,73,194,264,278,237,149,41,-54,-134,-172,-171,-140,-79,-24,28,58,40,18,14,22,46,90,125,134,125,72,-24,-124,-223,-302,-317,-249,-112,70,257,409,482,444,295,67,-196,-431,-592,-627,-516,-271,50,377,634,756,703,490,161,-222,-576,-802,-840,-681,-360,50,464,783,922,843,559,143,-301,-688,-906,-909,-718,-356,113,551,855,967,0,501,64,-387,-746,-933,-881,-616,-203,251,629,850,863,660,286,-146,-536,-785,-843,-686,-363,48,440,720,819,710,415,18,-377,-666,-772,-687,-436,-77,305,608,739,672,444,100,-267,-549,-684,-647,-427,-108,235,513,644,593,383,82,-233,-474,-586,-521,-301,-4,296,519,588,489,246,-78,-390,-608,-657,-514,-217,150,490,716,773,607,273,-145,-550,-835,-899,-746,-388,83,539,886,1026,902,547,55,-467,-881,-1078,-1014,-688,-193,352,810,1075,1071,803,328,-224,-717,-1036,-1095,-878,-440,101,609,966,1077,915,528,13,-510,-902,-1063,-959,-616,-115,413,832,1036,971,660,190,-326,0,0,0,0,0,-1004,-740,-281,246,719,1007,1046,816,374,-159,-650,-986,-1073,-891,-500,23,549,934,1084,963,602,110,-415,-840,-1062,-1011,-694,-217,294,723,976,986,752,325,-177,-629,-903,-946,-760,-384,76,506,799,887,736,407,-17,-430,-718,-822,-722,-439,-34,362,652,776,702,454,102,-270,-562,-704,-665,-461,-157,174,455,600,582,430,177,-107,-336,-468,-467,-343,-134,90,260,337,321,214,47,-131,-266,-293,-216,-79,89,234,311,291,172,-2,-183,-331,-408,-353,-194,25,240,409,490,433,246,-9,-273,-475,-572,-531,-345,-48,268,512,632,608,425,116,-237,-533,-698,-698,-532,-234,131,0,714,766,644,369,-16,-405,-692,-817,-760,-514,-135,283,624,820,821,631,292,-113,-488,-755,-838,-710,-424,-38,355,650,784,730,507,174,-206,-527,-709,-720,-566,-288,67,398,609,666,565,325,11,-289,-527,-635,-580,-382,-94,207,446,577,564,412,175,-93,-343,-511,-549,-460,-259,-8,236,421,499,457,325,134,-98,-293,-394,-404,-336,-199,-20,152,283,333,304,209,82,-49,-158,-202,-205,-171,-86,16,84,120,113,79,31,-19,-62,-75,-64,-36,0,46,72,73,47,13,-43,-89,-115,-117,-95,-47,15,71,111,132,135,110,61,10,-47,-103,-122,-121,-109,-84,-56,0,0,0,0,0,-36,-16,-5,2,5,0,-6,-9,-14,-8,9,34,64,82,93,85,64,14,-52,-114,-159,-176,-161,-118,-40,65,164,241,263,243,173,48,-99,-222,-301,-321,-288,-206,-63,112,254,323,331,285,181,25,-132,-249,-314,-309,-228,-114,2,114,198,235,217,160,81,-7,-75,-115,-115,-87,-51,-27,-12,-20,-19,-28,-32,-8,53,113,181,218,213,156,36,-122,-264,-369,-404,-342,-192,9,238,440,554,543,409,169,-127,-419,-633,-707,-616,-399,-60,329,646,801,781,590,258,-150,-532,-794,-882,-763,-462,-41,384,717,904,892,663,250,-216,-621,-881,-945,-781,-431,32,0,803,939,849,559,133,-319,-692,-890,-874,-647,-258,189,577,827,869,681,322,-95,-488,-754,-835,-705,-391,11,412,697,795,701,426,45,-338,-639,-773,-701,-445,-81,291,583,723,665,443,114,-244,-529,-661,-614,-405,-99,221,480,601,549,340,44,-249,-478,-576,-500,-277,34,342,556,615,498,226,-117,-447,-658,-699,-546,-221,168,531,786,841,672,330,-110,-550,-876,-988,-841,-476,12,506,887,1052,955,623,131,-409,-849,-1086,-1052,-755,-259,297,766,1043,1084,850,390,-170,-667,-1001,-1086,-900,-493,37,547,926,1083,951,564,52,-462,-870,-1054,-963,-640,-158,376,800,1008,967,0,0
61978,mtk,MTK 7916,2149674703,rx2-tx0,512,0,0,0,1260,875,271,-408,-999,-1354,-1370,-1042,-457,249,891,1320,1422,1179,638,-59,-738,-1222,-1401,-1226,-743,-83,597,1124,1358,1240,808,170,-501,-1028,-1298,-1228,-842,-244,405,942,1237,1203,864,315,-315,-860,-1164,-1162,-868,-349,252,763,1057,1083,829,362,-189,-679,-971,-982,-741,-310,193,630,882,883,640,227,-233,-620,-832,-809,-539,-109,322,659,819,753,467,49,-377,-707,-836,-721,-399,36,472,791,890,733,356,-129,-588,-897,-964,-756,-345,174,670,1002,1071,848,392,-191,-753,-1113,-1184,-958,-473,156,766,1189,1323,1113,606,-63,-737,-1249,-1440,-1279,-790,-89,651,1231,1513,1418,965,259,-515,0,-1547,-1537,-1129,-454,321,1038,1514,1597,1287,660,-124,-877,-1419,-1604,-1381,-820,-65,703,1297,1561,1430,942,223,-543,-1169,-1486,-1425,-1013,-355,391,1036,1406,1404,1041,432,-288,-939,-1342,-1394,-1086,-495,222,872,1299,1389,1122,557,-156,-830,-1290,-1434,-1210,-675,35,736,1266,1480,1328,841,145,-596,-1193,-1499,-1431,-1014,-355,380,1018,1409,1466,1170,592,-122,-795,-1263,-1417,-1237,-764,-126,530,1042,1297,1241,898,355,-260,-795,-1123,-1175,-951,-507,38,551,922,1063,955,625,168,-306,-688,-905,-907,-694,-345,65,451,712,798,714,483,152,-197,-479,-651,-683,-573,-358,-97,164,375,496,517,452,329,175,0,0,0,0,0,51,-110,-283,-434,-535,-558,-478,-293,-35,251,514,696,747,650,409,69,-290,-611,-819,-852,-687,-373,26,429,765,939,894,649,253,-214,-645,-934,-1024,-877,-525,-45,453,856,1067,1039,767,320,-196,-656,-977,-1073,-922,-568,-84,418,807,1001,946,683,276,-194,-611,-861,-906,-727,-373,50,434,705,789,684,426,84,-268,-547,-678,-628,-423,-121,196,444,562,547,408,168,-99,-321,-441,-437,-323,-152,46,215,314,318,235,100,-52,-165,-212,-190,-115,-13,81,140,139,74,-17,-103,-158,-160,-88,27,152,245,279,233,108,-70,-269,-410,-453,-366,-183,73,334,530,605,535,309,0,-347,-609,-739,-688,-474,-126,276,631,835,850,659,289,-166,-598,-886,-958,-802,-453,20,497,855,1014,939,625,150,-360,-773,-997,-975,-719,-295,218,679,952,982,771,375,-109,-556,-856,-940,-786,-442,-3,420,733,842,720,432,42,-352,-630,-724,-622,-362,-19,314,559,643,535,285,-32,-338,-546,-579,-455,-203,110,386,536,535,391,138,-159,-422,-551,-518,-330,-54,246,485,583,510,292,-17,-340,-572,-635,-518,-255,91,427,662,725,578,261,-137,-510,-758,-824,-654,-294,147,563,849,918,742,365,-126,-606,-931,-1020,-855,-457,76,594,974,1115,980,580,10,-578,-1019,-1216,-1106,0,0,0,0,0,476,1037,1340,1321,978,376,-325,-941,-1333,-1400,-1115,-548,154,817,1281,1417,1201,692,14,-671,-1176,-1380,-1231,-780,-132,547,1085,1329,1228,822,212,-454,-1004,-1279,-1227,-862,-280,358,898,1202,1192,875,336,-279,-804,-1112,-1120,-844,-358,208,706,996,1024,775,334,-189,-647,-920,-939,-699,-278,202,613,847,834,594,195,-259,-639,-817,-768,-508,-90,357,690,823,733,432,-3,-442,-756,-856,-709,-373,71,521,836,917,744,357,-147,-626,-952,-1017,-802,-355,196,707,1052,1126,894,423,-179,-757,-1149,-1256,-1043,-541,111,749,1208,1384,1194,683,-2,-696,-1247,-1488,-1351,-866,-164,586,1209,1538,1482,0,376,-424,-1110,-1521,-1567,-1211,-548,243,966,1453,1591,1340,755,-28,-797,-1360,-1583,-1412,-892,-156,613,1227,1526,1432,985,302,-451,-1080,-1431,-1409,-1022,-393,330,976,1377,1395,1056,465,-247,-897,-1313,-1387,-1098,-524,179,839,1282,1404,1162,614,-98,-789,-1286,-1457,-1264,-748,-39,684,1233,1491,1386,934,257,-479,-1110,-1467,-1467,-1105,-476,252,913,1353,1458,1219,697,12,-660,-1152,-1366,-1260,-851,-251,391,919,1214,1212,922,423,-143,-668,-1026,-1127,-955,-570,-72,426,804,987,929,659,263,-178,-574,-820,-870,-717,-418,-48,316,602,738,711,537,258,-56,-343,-540,-618,-586,-454,-248,-29,164,302,367,0,0,0,0,0,366,410,376,258,69,-158,-387,-569,-667,-651,-497,-231,91,416,673,795,769,566,226,-168,-529,-792,-887,-795,-523,-116,333,716,939,961,765,391,-90,-559,-912,-1056,-968,-650,-189,326,769,1038,1070,859,457,-50,-536,-895,-1037,-948,-634,-177,305,699,924,939,730,351,-114,-526,-785,-851,-708,-411,-25,361,629,739,670,433,98,-238,-497,-626,-593,-417,-143,145,371,493,484,355,145,-83,-272,-376,-379,-287,-121,55,196,265,256,169,44,-62,-144,-175,-138,-49,45,113,140,112,26,-80,-167,-211,-192,-98,54,208,320,356,292,132,-90,-312,-465,-516,-439,-236,44,345,583,0,615,394,55,-320,-636,-802,-780,-571,-207,226,625,882,923,738,367,-99,-550,-886,-1004,-875,-538,-61,441,825,1018,969,680,211,-292,-724,-967,-988,-766,-340,166,613,902,962,793,432,-39,-487,-794,-887,-762,-448,-27,389,673,771,680,408,34,-339,-585,-664,-571,-324,9,329,544,601,500,254,-69,-361,-543,-567,-426,-168,127,385,537,529,363,88,-210,-450,-557,-499,-301,-18,281,508,596,511,268,-66,-390,-613,-664,-538,-255,116,468,710,767,598,262,-151,-538,-807,-864,-694,-330,141,589,891,970,805,414,-96,-594,-953,-1082,-923,-512,38,586,1014,1177,1040,642,66,-541,0,0
61979,mtk,MTK 7916,2149674703,rx2-tx1,512,0,0,0,-607,-476,-217,89,358,520,556,467,260,-7,-252,-418,-473,-410,-255,-41,167,315,371,317,180,11,-139,-249,-280,-226,-126,-4,121,201,217,180,78,-39,-113,-152,-150,-95,-19,50,106,110,52,-31,-103,-153,-146,-80,39,171,261,294,251,110,-87,-282,-430,-473,-386,-211,35,313,530,628,564,359,56,-272,-568,-743,-724,-513,-173,208,543,762,798,627,291,-120,-513,-785,-868,-718,-378,65,499,814,928,812,480,33,-438,-822,-995,-906,-601,-157,349,783,1004,984,727,285,-230,-694,-984,-1033,-839,-431,87,585,921,1031,897,545,49,-439,-811,-986,-905,-603,-172,297,687,0,846,606,228,-199,-557,-760,-768,-571,-236,153,490,681,670,482,172,-180,-475,-629,-603,-407,-89,258,540,657,584,340,-13,-392,-676,-779,-664,-358,70,519,857,981,858,493,-35,-584,-1010,-1205,-1118,-742,-140,527,1089,1418,1419,1074,474,-278,-998,-1504,-1652,-1428,-852,-65,752,1411,1766,1695,1208,450,-408,-1191,-1709,-1837,-1518,-855,-12,842,1497,1806,1721,1250,478,-386,-1149,-1641,-1758,-1478,-869,-85,692,1304,1610,1554,1160,519,-211,-861,-1302,-1447,-1263,-812,-202,421,915,1178,1176,920,482,-41,-514,-847,-995,-918,-646,-250,169,537,769,831,733,499,187,-128,-395,-579,-642,-591,-454,-278,-91,0,0,0,0,0,117,259,371,435,442,377,238,46,-164,-357,-496,-537,-470,-309,-78,174,373,494,518,431,238,-4,-245,-436,-537,-495,-336,-93,166,392,512,515,398,177,-90,-336,-515,-570,-487,-292,-17,266,493,605,574,399,128,-165,-433,-607,-633,-496,-247,50,338,559,640,556,343,57,-230,-470,-595,-583,-431,-185,103,350,502,532,455,265,15,-226,-384,-432,-376,-248,-62,134,275,329,289,182,26,-139,-239,-263,-214,-104,40,181,262,286,221,86,-71,-216,-306,-318,-244,-114,62,218,332,351,285,156,-11,-188,-312,-366,-333,-217,-54,113,260,333,324,253,121,-48,-203,-294,-316,0,-155,-28,94,193,246,240,194,114,21,-59,-118,-135,-137,-118,-89,-61,-36,-6,19,44,86,142,178,186,153,81,-19,-129,-239,-319,-338,-280,-136,55,235,377,452,420,276,60,-179,-389,-519,-539,-438,-226,61,338,535,617,556,345,56,-248,-512,-665,-642,-450,-150,175,452,624,643,506,230,-112,-405,-593,-639,-517,-255,65,358,561,618,531,291,-34,-345,-568,-649,-558,-325,-3,329,585,673,592,362,28,-318,-586,-703,-642,-420,-84,288,573,722,701,488,143,-230,-541,-723,-734,-562,-247,129,484,705,747,610,331,-26,-376,-637,-735,-651,-415,-77,281,561,688,647,0,0,0,0,0,-134,-405,-566,-595,-482,-260,20,288,474,521,437,253,26,-201,-360,-418,-370,-224,-31,151,275,316,271,158,13,-120,-222,-255,-209,-114,3,116,184,188,139,53,-41,-100,-121,-100,-44,31,79,100,65,-6,-87,-170,-210,-171,-72,71,220,331,373,309,148,-76,-309,-478,-543,-489,-282,17,311,553,680,651,451,121,-258,-580,-759,-760,-580,-246,158,539,789,837,674,341,-94,-519,-813,-894,-758,-426,24,476,814,968,876,551,86,-401,-793,-1004,-959,-677,-225,283,732,997,1020,797,361,-152,-630,-951,-1038,-868,-484,21,507,859,1008,918,599,129,-345,-731,-929,-878,-606,0,237,602,812,804,588,231,-169,-510,-709,-723,-523,-197,171,479,648,635,455,141,-200,-489,-636,-589,-364,-38,323,613,715,612,342,-55,-469,-774,-876,-750,-409,75,556,933,1099,982,599,49,-556,-1073,-1347,-1287,-899,-282,418,1047,1474,1560,1253,647,-125,-893,-1479,-1730,-1559,-1030,-257,603,1334,1745,1761,1372,665,-202,-1034,-1617,-1834,-1648,-1086,-264,616,1338,1753,1760,1386,708,-131,-932,-1495,-1709,-1539,-1046,-329,439,1073,1451,1509,1234,687,12,-619,-1091,-1306,-1226,-880,-358,208,696,1016,1089,925,572,120,-334,-687,-879,-883,-701,-386,-16,346,616,745,728,590,365,102,-139,-324,-431,-467,0,0,0,0,0,-325,-294,-201,-51,130,311,443,508,483,372,194,-25,-262,-435,-523,-506,-389,-181,61,303,473,524,465,302,58,-201,-414,-526,-505,-371,-148,129,368,515,552,459,245,-32,-312,-515,-592,-522,-327,-63,230,473,607,610,462,185,-120,-392,-589,-638,-537,-319,-29,280,514,622,580,414,143,-167,-421,-561,-578,-457,-232,41,282,447,499,434,258,40,-181,-328,-380,-336,-216,-36,125,244,284,245,144,-4,-146,-243,-263,-207,-88,55,185,277,294,236,96,-71,-215,-315,-345,-285,-151,34,212,330,372,325,187,5,-174,-291,-355,-340,-233,-75,94,232,317,324,257,135,-14,0,-247,-276,-250,-184,-79,45,143,187,194,171,107,47,3,-40,-79,-92,-98,-111,-119,-109,-102,-83,-28,66,152,221,264,253,168,48,-91,-237,-345,-395,-348,-208,-12,197,376,488,472,346,139,-111,-356,-525,-580,-489,-283,1,300,532,629,581,401,113,-212,-488,-638,-639,-488,-216,125,415,600,647,526,257,-70,-378,-578,-630,-525,-282,45,364,572,624,529,288,-32,-342,-564,-656,-578,-341,-13,326,596,705,623,380,35,-313,-578,-705,-663,-444,-106,264,561,728,711,524,200,-182,-518,-723,-752,-590,-289,73,426,678,752,646,382,34,-310,-584,-717,-667,-447,-126,219,0,0
61980,mtk,MTK 7916,2149705220,rx0-tx0,512,-330,165,247,-12,-163,-294,-409,-489,-533,-537,-484,-399,-279,-131,19,161,287,389,469,506,498,461,379,274,151,5,-121,-237,-329,-400,-439,-438,-417,-354,-273,-184,-72,31,137,232,297,347,359,359,335,306,244,163,85,-4,-93,-166,-247,-309,-341,-357,-341,-309,-258,-202,-131,-37,51,134,210,284,337,365,376,362,336,286,209,116,15,-104,-219,-329,-419,-498,-537,-527,-475,-393,-258,-96,90,259,412,544,639,679,671,598,470,317,117,-84,-283,-459,-609,-703,-740,-731,-652,-518,-355,-152,64,278,491,654,771,835,821,756,626,420,187,-68,-311,-538,-730,-858,-911,-892,-809,-642,-364,-159,112,377,622,819,933,993,965,841,644,410,123,-174,-448,-696,-879,-987,-1006,-957,-819,-606,-354,-72,215,489,736,916,1006,1019,946,797,589,334,41,-239,-527,-758,-922,-1016,-1026,-956,-805,-577,-284,-6,284,585,817,964,1043,1031,945,768,521,237,-70,-364,-633,-855,-993,-1080,-1040,-905,-713,-455,-153,168,469,733,928,1047,1066,976,805,556,265,-36,-337,-600,-810,-945,-968,-908,-779,-563,-317,-46,223,464,653,772,829,800,685,534,343,118,-117,-324,-492,-629,-690,-689,-617,-485,-312,-120,92,284,446,553,603,580,494,361,182,-22,-225,-375,-470,-485,-422,-302,-137,28,-146,-62,510,31,-396,189,258,273,257,187,81,-46,-168,-266,-337,-352,-339,-290,-204,-91,25,147,257,329,390,409,377,319,218,90,-34,-169,-301,-393,-463,-494,-464,-389,-276,-122,41,215,359,465,533,542,501,398,265,96,-76,-233,-375,-455,-498,-503,-454,-350,-213,-63,73,207,321,389,434,418,368,286,183,73,-49,-141,-222,-284,-305,-312,-282,-227,-154,-69,4,86,147,183,222,218,199,159,94,43,-11,-82,-112,-123,-135,-123,-99,-50,-30,6,42,52,74,73,63,45,27,-10,-22,-29,-34,-24,-29,-21,-7,9,32,37,30,33,26,2,-14,-13,-19,-29,-19,-8,-8,-7,-449,10,7,1,-24,-42,-58,-80,-84,-80,-72,-51,-17,25,66,108,146,174,199,189,144,98,25,-56,-141,-219,-288,-319,-324,-309,-232,-140,-19,86,192,307,373,422,436,394,326,228,84,-66,-193,-308,-418,-496,-523,-488,-411,-320,-187,-31,134,286,408,509,551,565,534,448,327,178,11,-164,-323,-440,-543,-596,-592,-533,-445,-337,-171,10,174,337,468,560,613,614,549,428,314,159,-20,-174,-335,-480,-555,-591,-589,-544,-450,-326,-167,6,149,300,425,500,555,555,508,429,323,197,49,-109,-245,-362,-460,-523,-538,-513,-451,-357,-238,-91,69,207,347,445,509,539,774,684,-82,188,81,-532,-507,-446,-348,-210,-68,90,242,366,463,513,526,496,435,340,213,70,-74,-214,-338,-419,-473,-480,-454,-402,-314,-202,-87,22,133,239,318,383,414,406,383,323,250,163,67,-22,-109,-191,-264,-315,-344,-362,-342,-300,-255,-170,-94,-11,82,164,239,287,333,349,347,320,287,233,158,78,-13,-105,-194,-284,-362,-415,-453,-451,-413,-344,-251,-142,7,163,300,435,536,601,615,573,497,368,202,12,-183,-381,-540,-656,-724,-726,-680,-574,-421,-228,-28,192,388,557,686,763,780,741,642,484,298,69,-167,-392,-613,-770,-856,-882,-832,-719,-536,-306,-50,202,456,680,-49,925,941,882,754,547,295,15,-285,-551,-758,-911,-997,-986,-900,-740,-509,-240,48,341,613,816,945,1005,986,892,716,470,192,-92,-380,-638,-834,-966,-1016,-988,-890,-698,-452,-164,131,421,672,885,1005,1037,1017,890,667,411,116,-190,-489,-747,-928,-1028,-1035,-974,-844,-624,-361,-53,290,567,800,978,1065,1063,968,776,516,215,-109,-413,-680,-882,-994,-1029,-973,-824,-595,-307,-5,277,536,739,857,901,868,747,562,345,93,-172,-393,-568,-695,-761,-748,-648,-517,-335,-130,87,290,462,577,642,641,567,442,267,75,-134,-313,-454,-542,-565,-503,-376,-201,-4,175,304,364,342,161,219,-82,-828,-751,159,58,-43,-147,-253,-321,-343,-305,-231,-120,6,122,231,316,364,374,362,294,205,98,-45,-166,-277,-372,-417,-429,-414,-349,-243,-113,40,199,332,444,514,523,481,384,259,97,-72,-238,-380,-480,-533,-516,-464,-355,-228,-86,73,225,354,431,456,449,415,317,206,76,-64,-181,-280,-343,-377,-375,-328,-268,-176,-76,22,121,197,248,266,264,249,195,142,67,-10,-68,-132,-157,-164,-186,-156,-101,-65,-18,31,73,89,82,100,81,60,33,-4,-25,-34,-49,-44,-35,-29,-8,1,19,30,36,41,29,13,0,0,-19,-28,-22,-26,-33,-17,-3,-1,-9,-5,26,-15,-28,-43,-51,-41,-30,-11,22,47,77,99,118,124,126,110,70,23,-34,-110,-161,-212,-249,-257,-235,-191,-123,-16,66,177,267,344,381,369,344,275,169,56,-87,-221,-318,-410,-470,-472,-435,-369,-270,-143,13,165,303,417,497,544,542,478,385,250,97,-67,-227,-372,-486,-554,-592,-569,-490,-387,-258,-85,91,263,403,520,601,608,582,508,386,243,67,-109,-291,-425,-519,-601,-609,-568,-514,-382,-232,-73,102,266,404,505,565,566,539,478,371,237,102,-54,-207,-336,-438,-516,-548,-544,-483,-394,-276,-133,15,162,288,397,477,532,531,489,415,302,181,31,-3,-390
61981,mtk,MTK 7916,2149705220,rx0-tx1,512,-686,4,-262,695,748,749,692,594,450,256,52,-149,-350,-532,-681,-779,-814,-783,-709,-584,-406,-196,17,263,489,678,823,905,927,881,767,593,365,97,-195,-481,-742,-937,-1074,-1139,-1104,-994,-789,-516,-187,166,516,833,1090,1283,1348,1317,1184,923,588,182,-217,-606,-975,-1268,-1444,-1495,-1435,-1250,-947,-566,-153,281,702,1072,1347,1510,1552,1457,1240,934,548,121,-329,-755,-1099,-1341,-1489,-1523,-1418,-1211,-893,-509,-87,335,710,1029,1273,1411,1428,1345,1168,884,537,176,-217,-593,-909,-1175,-1323,-1381,-1338,-1179,-926,-615,-241,141,520,864,1125,1288,1370,1341,1189,932,614,252,-128,-498,-845,-1110,-1275,-1352,98,-1173,-935,-623,-268,107,473,792,1067,1244,1322,1294,1156,944,652,307,-75,-442,-767,-1039,-1227,-1310,-1287,-1156,-946,-662,-318,49,406,748,1038,1241,1338,1346,1229,1009,724,364,-38,-435,-796,-1109,-1324,-1427,-1418,-1293,-1052,-717,-319,103,521,907,1226,1443,1521,1472,1285,1000,618,171,-275,-702,-1085,-1346,-1500,-1518,-1395,-1158,-806,-373,87,521,902,1199,1382,1439,1358,1144,833,442,37,-352,-718,-993,-1170,-1250,-1197,-1031,-781,-474,-133,205,490,741,917,984,970,869,688,460,205,-76,-333,-551,-700,-788,-800,-728,-591,-412,-190,47,272,467,608,676,669,574,413,198,-44,-248,-413,-496,-485,-394,504,445,0,45,33,177,211,213,162,87,-18,-131,-230,-298,-327,-312,-254,-167,-43,83,199,295,374,405,387,334,250,128,-15,-159,-282,-396,-469,-488,-484,-408,-288,-146,11,196,353,485,575,612,583,490,357,175,-30,-221,-412,-550,-648,-682,-649,-568,-431,-246,-31,190,385,548,655,724,730,651,523,350,139,-81,-307,-507,-669,-754,-791,-758,-641,-476,-248,-11,232,459,657,789,854,845,753,592,363,114,-150,-400,-608,-771,-856,-864,-788,-648,-443,-204,52,305,529,696,805,827,772,662,487,276,47,-176,-383,-552,-668,-730,-718,-646,-526,-366,-185,24,216,376,505,579,609,602,540,441,-282,143,-10,-156,-288,-403,-475,-517,-521,-479,-403,-317,-208,-67,77,201,312,404,462,483,472,438,368,277,174,43,-84,-208,-319,-416,-481,-516,-519,-483,-410,-323,-196,-51,110,278,428,547,642,681,662,595,477,304,92,-128,-340,-547,-694,-790,-840,-799,-698,-532,-306,-67,178,432,633,772,867,882,828,702,506,270,33,-213,-451,-642,-785,-854,-859,-797,-673,-485,-267,-59,178,400,580,725,809,820,758,650,482,284,84,-146,-349,-520,-657,-729,-753,-716,-637,-505,-344,-149,52,245,419,572,668,704,694,652,559,407,238,52,-150,-322,-477,-605,-682,-718,-700,-613,-492,-335,68,64,9,-513,-443,316,113,-96,-304,-480,-632,-734,-765,-758,-697,-582,-421,-225,-3,204,408,590,739,826,863,845,742,591,397,163,-88,-348,-597,-800,-952,-1026,-1021,-946,-792,-560,-289,24,339,641,906,1105,1227,1247,1162,972,705,369,-4,-372,-745,-1065,-1299,-1420,-1411,-1313,-1102,-778,-383,50,474,876,1204,1418,1524,1510,1370,1108,759,346,-89,-534,-926,-1232,-1449,-1546,-1523,-1359,-1077,-720,-318,124,548,911,1213,1401,1486,1448,1294,1043,709,318,-80,-468,-824,-1121,-1305,-1390,-1391,-1270,-1062,-766,-394,-13,377,741,1028,1245,1371,1370,1283,1076,779,435,64,-332,-695,-1001,-1215,-1338,-1357,-1271,-1074,-776,-441,-72,-999,672,962,1184,1300,1323,1231,1053,788,452,85,-294,-632,-928,-1153,-1294,-1331,-1245,-1067,-808,-483,-118,257,611,909,1137,1289,1321,1266,1107,844,512,152,-229,-607,-918,-1167,-1338,-1387,-1322,-1160,-903,-550,-149,266,660,1014,1282,1436,1473,1390,1185,877,485,40,-400,-811,-1155,-1402,-1514,-1494,-1364,-1093,-717,-290,180,610,999,1294,1466,1493,1382,1159,835,432,-1,-431,-803,-1102,-1294,-1351,-1292,-1103,-815,-479,-97,286,618,872,1039,1114,1068,940,752,473,177,-130,-409,-633,-789,-872,-881,-796,-640,-440,-213,37,279,476,618,712,725,671,544,354,126,-113,-331,-500,-605,-612,-528,-376,-171,42,207,27,-236,0,19,33,94,6,-89,-180,-244,-277,-270,-209,-116,-1,121,228,315,370,370,320,241,130,0,-130,-245,-355,-427,-453,-426,-370,-274,-133,11,169,331,442,512,550,535,451,332,167,-24,-220,-395,-531,-625,-646,-618,-526,-380,-201,3,201,384,544,658,708,687,598,461,279,89,-132,-351,-535,-681,-752,-762,-708,-595,-412,-194,32,273,489,663,780,819,793,703,536,311,68,-184,-419,-634,-794,-873,-878,-791,-635,-417,-164,102,358,583,752,847,861,803,668,480,255,-12,-250,-459,-630,-738,-782,-751,-652,-500,-319,-111,114,307,478,590,661,675,623,532,392,224,51,-123,-279,-405,288,-565,-561,-520,-454,-350,-224,-87,57,192,306,395,468,508,498,451,385,289,171,45,-84,-206,-312,-382,-453,-486,-487,-451,-390,-300,-187,-56,90,233,348,461,546,595,613,577,478,343,182,-11,-193,-378,-555,-694,-765,-765,-711,-593,-410,-205,32,270,484,678,803,855,856,770,609,416,180,-83,-324,-550,-730,-831,-867,-843,-745,-591,-385,-149,89,318,534,707,797,841,831,731,579,395,174,-54,-276,-470,-642,-732,-789,-782,-698,-579,-406,-203,-2,203,389,547,655,721,721,680,594,462,290,106,-88,-275,-458,-596,-677,-724,-706,-632,-523,-370,-195,-4,197,381,527,650,-42,-15
61982,mtk,MTK 7916,2149705220,rx1-tx0,512,0,605,636,405,320,198,56,-62,-177,-282,-354,-401,-401,-360,-298,-218,-117,-17,86,177,254,313,338,330,286,235,151,51,-56,-160,-236,-288,-320,-326,-282,-227,-123,-15,90,194,263,327,346,307,275,193,71,-52,-162,-267,-326,-351,-338,-294,-224,-123,-12,103,199,274,324,347,316,273,213,124,25,-71,-177,-256,-319,-356,-360,-332,-266,-187,-116,-17,118,202,279,357,402,400,380,333,232,124,13,-111,-238,-349,-437,-482,-501,-468,-401,-284,-146,-3,165,327,474,582,629,639,589,473,316,129,-79,-294,-501,-655,-745,-768,-740,-620,-446,-225,19,265,487,674,798,859,817,712,794,324,66,-210,-447,-659,-789,-879,-888,-797,-647,-418,-178,82,353,587,765,856,874,825,698,507,255,-12,-263,-500,-681,-807,-857,-829,-726,-561,-340,-111,142,389,567,704,792,811,756,624,445,215,-23,-256,-460,-602,-712,-751,-725,-631,-480,-299,-80,129,317,499,622,663,663,603,487,327,126,-71,-267,-407,-496,-563,-564,-516,-426,-291,-146,10,156,291,389,420,438,411,360,269,151,61,-37,-146,-209,-265,-304,-310,-285,-231,-182,-104,-34,29,110,157,193,228,237,231,202,165,107,39,-22,-102,-163,-226,-267,-254,-228,-177,-95,-2,89,168,239,256,225,167,83,-3,298,432,0,240,393,164,46,-119,-280,-408,-476,-457,-372,-240,-63,137,314,450,535,562,527,416,264,100,-98,-264,-407,-514,-583,-583,-529,-427,-286,-118,69,250,410,528,613,641,614,515,374,204,9,-198,-387,-523,-628,-676,-675,-603,-493,-319,-139,59,265,451,591,673,715,686,594,454,286,80,-133,-336,-501,-621,-689,-711,-650,-551,-404,-233,-40,167,331,486,593,645,662,603,520,396,219,50,-108,-280,-420,-529,-609,-622,-598,-548,-444,-305,-147,34,198,354,506,602,661,644,609,506,361,179,-3,-181,-372,-521,-635,-678,-686,-648,-522,-374,-198,4,193,379,540,638,689,703,654,538,381,194,12,-174,-363,-507,-614,-668,-659,-609,-509,-371,-233,-66,133,281,423,533,601,636,628,569,468,337,175,-3,-175,-340,-480,-597,-671,-698,-661,-585,-455,-297,-109,103,313,499,651,764,798,775,700,548,367,144,-118,-343,-539,-705,-828,-858,-841,-748,-575,-383,-137,122,373,596,765,858,894,850,720,550,343,102,-147,-388,-586,-728,-812,-836,-782,-662,-475,-266,-52,172,380,557,676,736,740,678,576,408,235,45,-156,-335,-474,-578,-642,-635,-608,-516,-373,-231,-70,105,264,410,506,563,598,569,484,379,229,50,-111,-270,-389,-490,-552,-545,-517,-431,-295,-139,17,148,-213,-65,0,-160,4,-227,-326,-397,-419,-408,-375,-303,-212,-102,19,134,233,312,352,356,338,290,229,136,34,-68,-158,-241,-308,-330,-326,-284,-221,-143,-48,68,162,247,315,327,329,282,205,112,-21,-122,-216,-311,-354,-348,-314,-248,-146,-34,89,193,289,345,362,341,285,208,111,-7,-117,-197,-274,-329,-341,-332,-299,-236,-161,-71,26,136,239,306,348,390,371,315,269,185,67,-54,-161,-275,-362,-413,-454,-463,-411,-322,-197,-70,70,220,352,470,532,578,573,509,399,246,64,-124,-318,-494,-623,-702,-718,-672,-562,-394,-180,44,285,506,670,786,825,784,675,499,269,6,-259,-474,572,-805,-880,-857,-758,-582,-356,-120,162,406,633,787,860,885,823,690,476,210,-46,-308,-549,-737,-859,-881,-835,-711,-535,-318,-62,198,444,648,782,832,819,719,556,379,158,-79,-310,-518,-672,-765,-777,-734,-621,-463,-257,-30,196,396,552,659,709,686,632,515,324,125,-81,-280,-447,-576,-638,-661,-605,-471,-323,-141,43,192,334,430,485,498,465,396,276,163,40,-86,-202,-299,-343,-356,-362,-322,-241,-172,-84,-2,79,149,207,251,255,264,241,197,155,81,15,-50,-110,-162,-217,-230,-233,-215,-175,-130,-37,44,114,195,251,275,250,195,111,9,-83,-154,-195,-190,-537,-445,0,-629,-573,-286,-372,-389,-325,-200,-19,174,332,458,529,519,442,313,151,-28,-221,-389,-500,-571,-579,-516,-415,-271,-104,90,261,413,525,596,609,565,467,328,161,-31,-224,-408,-535,-627,-676,-659,-567,-444,-274,-84,133,336,502,631,683,702,660,549,379,186,-15,-223,-412,-554,-657,-722,-715,-644,-513,-335,-156,56,254,426,569,654,696,663,586,469,306,138,-57,-235,-374,-513,-601,-625,-622,-574,-471,-349,-187,-10,146,307,450,556,618,634,599,548,420,266,67,-114,-279,-450,-572,-659,-679,-658,-583,-454,-293,-109,83,296,481,596,679,698,658,581,451,279,114,-68,-265,-443,-1037,-657,-677,-672,-592,-467,-305,-110,79,259,419,529,608,669,651,576,482,337,187,25,-143,-304,-443,-549,-619,-646,-632,-577,-477,-341,-165,37,226,401,546,657,730,740,691,590,438,239,8,-205,-429,-612,-741,-829,-831,-755,-649,-488,-268,-17,224,484,668,797,878,868,804,673,462,233,-9,-280,-509,-681,-807,-860,-856,-781,-630,-438,-209,34,288,510,672,766,800,780,691,544,345,143,-74,-268,-441,-589,-658,-697,-660,-575,-461,-321,-149,26,204,373,489,560,611,600,542,439,305,165,-1,-185,-335,-450,-545,-574,-565,-508,-405,-281,-118,39,185,338,442,502,507,482,-593,-634
61983,mtk,MTK 7916,2149705220,rx1-tx1,512,0,0,0,960,1082,919,522,9,-507,-914,-1088,-992,-647,-148,385,837,1077,1048,766,291,-255,-734,-1032,-1086,-874,-446,97,615,970,1089,939,564,56,-453,-835,-1020,-957,-652,-190,311,711,930,921,679,270,-190,-587,-841,-887,-702,-341,94,493,754,809,668,371,-25,-403,-675,-767,-672,-413,-57,306,574,698,648,439,130,-185,-441,-577,-562,-410,-161,112,331,436,418,296,108,-95,-260,-333,-297,-175,-7,162,276,291,215,66,-119,-267,-336,-315,-209,-30,178,343,429,400,246,18,-223,-425,-516,-484,-325,-78,212,463,600,587,428,147,-176,-466,-652,-685,-546,-276,76,426,677,764,674,0,48,-337,-650,-813,-775,-565,-226,179,560,799,844,709,403,-12,-419,-717,-855,-784,-535,-167,243,583,780,820,664,331,-83,-449,-704,-802,-707,-441,-78,280,568,717,695,502,189,-160,-465,-646,-666,-534,-285,30,326,543,634,559,343,70,-217,-458,-583,-558,-412,-188,88,342,500,541,458,276,33,-218,-400,-477,-459,-342,-151,64,245,358,384,340,215,54,-103,-225,-284,-273,-200,-91,10,108,172,168,125,67,-3,-50,-76,-86,-68,-24,23,61,79,67,26,-24,-68,-98,-99,-76,-42,7,70,116,133,123,93,34,-26,-72,-113,-146,-140,-114,-78,-29,17,48,84,0,0,0,0,0,26,7,-3,-13,-15,-13,-3,6,0,-10,-28,-49,-68,-74,-80,-66,-35,18,73,130,167,185,156,85,-2,-105,-197,-254,-260,-215,-120,1,139,257,321,313,239,127,-19,-178,-297,-352,-334,-254,-139,7,153,267,318,287,214,109,-23,-148,-219,-237,-214,-160,-63,31,92,110,112,80,48,31,35,30,34,46,43,10,-37,-107,-173,-209,-205,-164,-59,98,258,365,409,361,223,9,-220,-424,-558,-562,-431,-195,102,390,612,715,660,444,123,-250,-578,-784,-816,-664,-355,53,467,772,910,844,585,189,-252,-655,-917,-951,-770,-414,45,500,824,965,894,608,164,0,-695,-924,-944,-739,-350,114,546,839,930,792,460,20,-400,-725,-875,-806,-545,-155,275,641,831,815,598,233,-179,-541,-767,-790,-622,-304,94,457,704,776,641,347,-30,-385,-646,-723,-622,-368,-21,335,581,671,587,348,24,-288,-524,-613,-529,-289,25,330,530,595,485,238,-77,-392,-604,-623,-476,-196,159,490,701,742,580,252,-167,-568,-826,-876,-707,-351,97,548,894,1027,884,519,29,-476,-876,-1069,-1004,-689,-194,359,817,1083,1099,841,372,-180,-700,-1050,-1128,-924,-511,23,551,949,1109,989,631,115,-427,-855,-1067,-1013,-722,-242,314,775,1034,1046,789,346,-183,-662,-977,0,0,0,0,0,-463,53,568,936,1075,953,592,70,-461,-874,-1084,-1031,-709,-217,331,798,1073,1088,838,373,-180,-667,-1000,-1090,-910,-510,15,526,898,1040,937,616,140,-371,-777,-978,-942,-672,-243,237,657,899,901,685,297,-145,-541,-790,-841,-676,-357,59,448,712,800,686,400,25,-343,-627,-744,-667,-421,-101,238,509,637,603,435,161,-136,-375,-499,-498,-369,-154,86,280,385,363,248,70,-121,-258,-288,-234,-112,50,209,307,309,204,25,-164,-314,-390,-359,-226,-19,205,392,484,440,281,46,-212,-435,-553,-540,-383,-102,211,466,624,641,496,211,-139,-453,-661,-707,-596,-332,31,398,0,797,727,484,127,-269,-614,-816,-820,-629,-301,97,481,757,852,749,467,73,-338,-674,-843,-819,-606,-247,163,531,776,818,675,393,22,-359,-631,-755,-702,-476,-150,204,495,665,679,523,245,-84,-391,-604,-661,-548,-310,-12,283,504,601,564,401,126,-165,-406,-558,-564,-436,-230,22,276,454,527,470,310,86,-132,-312,-421,-434,-355,-190,5,177,285,331,308,224,88,-47,-152,-211,-214,-167,-90,2,74,113,129,109,44,-21,-58,-77,-72,-32,18,66,80,82,65,30,-28,-84,-119,-125,-107,-67,-9,56,110,140,142,125,88,30,-31,-82,-118,-130,-117,-100,-73,0,0,0,0,0,31,35,32,22,12,8,14,19,29,35,37,42,32,3,-40,-85,-113,-121,-121,-97,-37,47,129,196,225,210,145,44,-68,-181,-267,-299,-277,-192,-52,97,221,305,333,306,222,64,-94,-234,-330,-352,-294,-192,-56,86,206,272,275,217,134,30,-68,-150,-194,-184,-122,-58,-14,30,41,25,21,34,28,43,79,119,127,121,73,-13,-131,-230,-305,-310,-255,-127,58,263,411,483,460,340,119,-160,-418,-594,-643,-549,-335,-33,305,602,766,746,562,239,-160,-536,-786,-867,-763,-478,-73,359,726,916,895,685,314,-150,-588,-890,-983,-840,-507,-73,389,763,954,0,666,261,-195,-621,-904,-959,-771,-408,36,472,797,918,814,521,110,-330,-681,-856,-825,-582,-197,233,597,813,824,620,274,-135,-511,-748,-794,-639,-325,65,437,690,763,630,350,-1,-358,-604,-696,-604,-363,-21,315,562,642,559,334,13,-302,-531,-607,-501,-267,38,351,560,602,473,197,-143,-448,-648,-677,-514,-213,178,549,766,799,635,289,-151,-573,-860,-942,-789,-434,41,522,893,1048,947,607,102,-430,-857,-1081,-1059,-769,-287,271,754,1057,1111,901,460,-97,-630,-1008,-1129,-976,-580,-49,494,909,1092,1014,688,180,-377,-826,-1067,-1045,-763,-288,255,729,1015,1039,810,390,0,0
61984,mtk,MTK 7916,2149705220,rx2-tx0,512,0,0,0,504,-171,-826,-1290,-1442,-1247,-746,-44,672,1216,1469,1367,936,281,-449,-1066,-1409,-1404,-1058,-459,256,904,1320,1396,1118,560,-124,-768,-1218,-1357,-1154,-658,2,653,1133,1315,1172,739,120,-519,-1013,-1247,-1159,-779,-217,395,898,1147,1100,776,258,-319,-789,-1035,-1017,-715,-239,271,695,933,915,650,201,-292,-673,-866,-826,-555,-128,329,686,847,768,474,42,-396,-721,-856,-751,-417,31,473,793,898,755,404,-76,-554,-879,-979,-812,-406,124,630,988,1094,901,462,-108,-669,-1084,-1228,-1058,-602,31,675,1158,1349,1215,764,96,-605,-1158,-1446,-1388,-971,-296,466,1113,1501,1531,1180,519,-276,-1004,0,-1634,-1355,-753,31,811,1411,1669,1519,996,227,-596,-1269,-1616,-1572,-1149,-439,377,1098,1542,1602,1277,646,-146,-894,-1405,-1564,-1334,-781,-53,689,1267,1509,1363,874,179,-555,-1146,-1437,-1366,-952,-287,453,1069,1413,1397,1024,391,-346,-1004,-1393,-1455,-1152,-546,207,898,1377,1528,1305,751,8,-735,-1303,-1565,-1451,-986,-275,485,1120,1486,1500,1162,565,-174,-866,-1329,-1466,-1279,-800,-144,538,1078,1338,1279,936,381,-243,-793,-1154,-1218,-997,-561,-4,537,931,1104,1011,692,244,-239,-659,-914,-951,-774,-435,-18,387,693,825,775,560,245,-105,-426,-633,-704,-638,-457,-204,66,300,461,527,496,396,264,0,0,0,0,0,-375,-365,-284,-124,85,314,517,646,665,566,352,51,-282,-580,-771,-809,-691,-425,-49,354,683,883,897,717,371,-71,-513,-849,-1007,-941,-658,-223,261,710,1014,1088,920,537,23,-488,-896,-1099,-1062,-799,-356,176,653,970,1068,929,569,87,-399,-777,-979,-952,-695,-279,175,573,826,875,704,385,-7,-379,-665,-768,-676,-430,-95,251,514,638,604,428,154,-143,-387,-512,-502,-375,-166,69,272,381,395,307,151,-31,-183,-272,-280,-205,-75,59,151,181,148,67,-31,-117,-150,-128,-58,59,169,222,206,122,-15,-182,-321,-382,-348,-204,12,253,455,551,509,337,78,-231,-514,0,-699,-533,-224,158,519,769,845,718,400,-16,-446,-788,-950,-880,-601,-167,322,744,994,1011,788,375,-138,-618,-952,-1064,-913,-550,-45,477,866,1037,961,654,197,-302,-727,-971,-970,-719,-304,174,597,857,894,706,365,-58,-456,-726,-783,-644,-338,48,396,626,684,555,271,-83,-390,-584,-615,-473,-196,132,411,567,560,403,145,-161,-422,-556,-531,-362,-73,237,476,580,520,313,13,-300,-541,-627,-536,-283,59,396,636,709,589,312,-80,-459,-729,-816,-682,-355,77,506,816,922,800,452,-27,-511,-883,-1040,-926,-568,-56,486,918,1129,1052,713,173,-426,-928,-1201,-1185,-875,-336,0,0,0,0,0,1290,1384,1146,623,-63,-745,-1259,-1463,-1311,-836,-162,549,1134,1439,1387,997,363,-361,-994,-1385,-1418,-1100,-522,177,833,1271,1385,1139,611,-62,-711,-1169,-1338,-1176,-708,-61,587,1069,1288,1173,750,153,-467,-963,-1211,-1137,-784,-250,336,837,1092,1054,740,257,-283,-737,-977,-953,-685,-229,270,680,903,864,583,161,-298,-677,-862,-798,-520,-93,354,711,853,758,443,5,-445,-766,-873,-742,-406,55,505,828,941,784,399,-98,-583,-935,-1042,-871,-454,106,654,1032,1151,973,531,-63,-679,-1126,-1283,-1126,-678,-27,649,1174,1409,1295,849,192,-528,-1134,-1475,-1452,-1079,-423,359,1082,1529,1597,1271,0,-160,-925,-1468,-1655,-1446,-886,-94,725,1348,1641,1549,1083,334,-489,-1175,-1584,-1604,-1225,-555,248,981,1454,1572,1316,734,-38,-795,-1329,-1526,-1350,-827,-101,627,1194,1461,1356,904,235,-489,-1095,-1427,-1373,-967,-326,399,1038,1408,1419,1083,469,-277,-954,-1394,-1495,-1218,-638,97,818,1363,1570,1385,868,144,-612,-1226,-1546,-1493,-1088,-438,318,994,1426,1523,1231,666,-28,-696,-1201,-1415,-1306,-877,-254,407,947,1249,1261,981,481,-121,-675,-1048,-1165,-1016,-644,-138,382,798,1010,988,750,352,-112,-526,-799,-892,-788,-517,-144,243,560,744,754,606,352,41,-262,-500,-622,-619,-515,-335,-124,82,239,333,0,0,0,0,0,-78,-232,-384,-504,-558,-518,-369,-133,142,421,645,761,725,547,246,-123,-483,-757,-877,-818,-586,-219,209,603,878,973,841,520,74,-408,-806,-1017,-1016,-788,-379,125,619,979,1111,1003,671,180,-349,-786,-1054,-1089,-880,-465,45,536,899,1051,956,645,196,-286,-682,-901,-905,-707,-349,80,473,740,825,691,406,50,-308,-582,-700,-646,-435,-125,197,438,574,567,414,173,-96,-326,-450,-452,-344,-152,55,224,319,330,258,122,-41,-166,-230,-222,-150,-36,66,134,140,87,-7,-104,-162,-168,-120,-13,118,237,293,268,158,-22,-220,-387,-470,-430,-269,-24,251,491,618,598,437,0,-200,-520,-732,-779,-628,-313,99,498,798,913,805,498,70,-396,-781,-986,-959,-705,-268,227,678,981,1052,864,460,-55,-545,-909,-1061,-951,-610,-135,378,795,1013,971,698,248,-245,-664,-911,-927,-714,-334,118,520,784,845,680,348,-52,-425,-673,-731,-601,-314,55,390,599,639,508,233,-99,-395,-572,-588,-440,-178,138,413,564,556,393,115,-199,-447,-567,-530,-338,-39,275,514,599,524,300,-16,-344,-589,-667,-556,-282,77,439,685,749,621,322,-86,-490,-772,-864,-732,-396,52,499,841,984,865,513,12,-502,-901,-1078,-978,-640,-123,459,936,1172,1123,787,247,-363,-906,-1245,0,0
61985,mtk,MTK 7916,2149705220,rx2-tx1,512,0,0,0,-307,-28,280,516,604,548,383,115,-173,-385,-483,-465,-350,-150,77,276,386,386,285,135,-44,-205,-300,-302,-231,-98,52,173,226,222,165,64,-55,-143,-177,-162,-103,-14,65,111,104,56,-21,-91,-137,-121,-57,49,159,238,253,194,63,-111,-281,-402,-434,-359,-152,106,341,525,616,542,316,10,-312,-578,-705,-676,-473,-142,247,589,795,807,626,273,-161,-554,-814,-881,-724,-390,47,485,801,935,846,522,65,-407,-793,-994,-951,-658,-199,305,745,1013,1033,802,368,-145,-633,-970,-1083,-914,-531,-20,485,873,1048,979,668,201,-309,-752,-990,-970,-731,-330,137,573,863,0,747,392,-42,-444,-714,-800,-687,-407,-15,372,637,720,617,348,-10,-345,-577,-656,-545,-268,79,405,623,657,500,197,-186,-531,-741,-763,-572,-210,243,671,946,976,756,328,-223,-757,-1130,-1241,-1046,-585,43,703,1237,1495,1400,959,273,-498,-1177,-1597,-1662,-1347,-719,99,926,1554,1811,1668,1142,351,-540,-1301,-1769,-1844,-1516,-833,43,907,1566,1875,1765,1244,450,-421,-1174,-1678,-1811,-1530,-907,-114,687,1309,1629,1600,1214,570,-158,-833,-1297,-1461,-1309,-885,-287,338,855,1161,1206,991,571,66,-439,-821,-1010,-969,-741,-365,61,451,725,837,784,589,294,-25,-314,-523,-630,-618,-516,-354,-168,0,0,0,0,0,289,210,78,-87,-262,-412,-501,-508,-425,-266,-59,173,378,510,542,462,285,52,-193,-400,-519,-522,-412,-209,48,285,466,542,483,293,51,-212,-434,-552,-532,-403,-168,118,383,564,617,516,284,-16,-306,-530,-634,-592,-415,-143,174,454,624,649,510,267,-36,-327,-537,-627,-583,-399,-104,200,446,571,579,458,226,-59,-303,-463,-515,-442,-266,-39,182,328,377,340,235,67,-113,-247,-297,-268,-163,-16,140,247,274,227,106,-58,-196,-283,-314,-249,-116,35,198,332,378,321,178,-4,-178,-312,-364,-341,-238,-68,129,276,362,362,281,142,-22,-189,-304,-342,-306,-203,-65,0,205,282,282,220,136,26,-88,-165,-194,-187,-149,-96,-54,0,47,73,91,106,114,122,122,124,88,14,-87,-178,-252,-286,-256,-162,-22,137,294,403,428,343,171,-34,-251,-432,-533,-496,-336,-97,178,418,572,600,479,251,-42,-347,-577,-654,-584,-373,-71,254,514,670,659,480,177,-166,-453,-625,-645,-495,-241,77,385,581,626,523,276,-44,-353,-579,-650,-544,-298,26,340,577,676,602,374,43,-301,-571,-705,-659,-439,-110,254,564,730,715,526,204,-174,-502,-712,-752,-598,-294,82,429,674,764,672,417,49,-339,-632,-760,-713,-490,-166,189,501,696,716,553,254,0,0,0,0,0,-561,-639,-567,-360,-76,217,436,543,529,379,141,-116,-324,-441,-444,-340,-153,58,236,342,344,258,112,-52,-190,-265,-266,-186,-64,57,147,205,206,147,39,-66,-137,-152,-111,-31,35,84,108,77,-1,-86,-157,-183,-149,-40,98,229,325,347,263,97,-111,-330,-486,-522,-432,-237,51,355,580,668,603,391,65,-288,-589,-764,-748,-542,-202,196,558,789,825,660,319,-99,-511,-824,-921,-777,-451,-8,441,795,962,885,582,135,-359,-767,-1003,-992,-732,-300,217,687,992,1050,857,459,-63,-572,-931,-1073,-959,-616,-115,403,819,1015,975,711,285,-228,-673,-938,-960,-749,-367,0,515,794,870,726,417,14,-394,-689,-778,-662,-378,-6,349,607,696,577,302,-42,-362,-587,-648,-518,-232,127,467,683,699,518,194,-214,-606,-848,-858,-656,-256,254,731,1037,1096,889,442,-168,-770,-1214,-1373,-1214,-763,-109,610,1215,1556,1539,1158,496,-298,-1063,-1597,-1765,-1519,-923,-104,751,1448,1811,1778,1350,599,-308,-1129,-1691,-1896,-1663,-1048,-201,681,1416,1813,1800,1405,708,-133,-947,-1541,-1770,-1594,-1093,-369,401,1073,1487,1562,1289,757,80,-580,-1085,-1334,-1296,-977,-449,116,624,982,1108,992,667,224,-246,-636,-876,-920,-780,-491,-123,247,539,720,756,659,460,208,-51,-255,-395,-462,0,0,0,0,0,215,339,428,447,396,286,105,-104,-304,-461,-546,-523,-400,-204,50,293,454,524,504,371,139,-122,-346,-493,-531,-435,-247,-5,250,454,536,496,335,95,-169,-401,-554,-574,-456,-227,56,328,545,635,567,368,77,-250,-496,-630,-623,-473,-199,119,404,588,642,556,335,41,-266,-497,-612,-579,-421,-177,120,371,513,542,455,267,32,-213,-400,-465,-407,-258,-67,136,281,337,310,204,37,-135,-248,-271,-230,-131,12,164,281,297,227,108,-53,-214,-303,-326,-278,-165,10,188,322,366,325,206,36,-151,-299,-374,-362,-270,-114,72,235,330,360,296,163,6,-148,-281,-332,0,-216,-97,40,160,223,243,214,150,67,-13,-85,-129,-144,-126,-108,-98,-70,-44,-16,28,78,130,164,191,190,160,79,-38,-174,-283,-343,-337,-252,-94,94,288,434,483,414,258,30,-228,-445,-561,-550,-409,-171,113,385,575,644,551,315,-2,-303,-540,-657,-619,-431,-129,192,472,644,653,491,201,-128,-407,-593,-639,-525,-277,59,381,590,638,530,294,-19,-333,-568,-667,-588,-341,-4,339,604,707,630,400,71,-296,-584,-734,-694,-471,-132,224,536,730,739,572,260,-119,-470,-705,-776,-653,-356,28,384,647,768,695,453,101,-272,-580,-733,-707,-528,-233,132,457,656,0,0
61986,mtk,MTK 7916,2149742331,rx0-tx0,512,-330,165,247,381,281,146,-7,-155,-288,-393,-453,-463,-422,-334,-221,-76,74,196,317,410,431,427,373,279,156,28,-103,-222,-303,-363,-386,-366,-309,-231,-137,-25,89,175,251,305,321,315,291,234,169,63,-34,-128,-211,-269,-305,-318,-307,-248,-193,-115,-17,71,153,226,278,316,312,281,241,170,93,-1,-100,-189,-257,-329,-374,-373,-347,-273,-184,-77,67,205,323,421,481,488,442,356,211,51,-120,-302,-450,-549,-599,-590,-505,-359,-169,29,231,403,538,616,638,591,471,299,107,-100,-299,-481,-617,-690,-684,-612,-461,-272,-45,196,426,608,733,787,731,598,407,172,-88,-360,-364,-743,-819,-812,-711,-528,-291,-21,261,522,711,839,853,784,627,397,131,-170,-436,-658,-814,-872,-839,-724,-515,-240,43,307,554,759,860,871,795,621,401,126,-168,-457,-684,-812,-876,-841,-720,-513,-247,54,341,588,789,890,904,805,613,369,60,-247,-509,-724,-873,-923,-861,-709,-457,-160,133,439,680,849,924,870,730,507,230,-84,-381,-638,-809,-877,-847,-706,-488,-218,66,345,573,721,788,758,635,436,200,-48,-280,-483,-613,-669,-651,-540,-381,-179,38,238,412,529,575,562,470,315,128,-73,-255,-406,-489,-508,-460,-341,-174,21,205,348,425,407,316,176,12,-130,-146,-62,510,31,-396,210,222,176,88,-30,-142,-237,-290,-291,-250,-164,-64,52,159,252,321,335,301,242,142,27,-92,-214,-311,-361,-370,-346,-265,-150,1,143,279,378,428,428,373,263,124,-38,-203,-336,-441,-463,-421,-343,-219,-60,99,236,364,418,426,383,282,155,25,-113,-248,-333,-354,-351,-315,-220,-115,-9,104,194,257,281,284,239,165,88,10,-79,-143,-196,-201,-188,-163,-114,-61,15,79,111,137,147,131,97,44,1,-31,-55,-81,-90,-79,-54,-24,2,13,34,46,32,25,17,5,-18,-26,-36,-35,-23,-9,9,16,30,50,31,24,24,4,-13,-5,-12,-6,-1,-449,22,19,7,-4,-28,-50,-54,-60,-61,-56,-27,6,39,77,115,140,143,131,94,38,-24,-104,-187,-223,-235,-236,-198,-136,-48,65,170,251,315,335,315,257,155,38,-98,-218,-322,-380,-414,-390,-308,-206,-67,78,219,351,423,448,445,371,261,118,-37,-194,-326,-428,-486,-486,-428,-334,-193,-18,148,295,413,496,516,482,400,288,143,-42,-217,-354,-474,-531,-523,-465,-357,-206,-39,136,285,411,493,512,484,398,275,133,-30,-190,-315,-413,-469,-470,-429,-352,-238,-97,61,207,321,407,455,466,420,324,206,66,-89,-228,-339,-428,-466,-457,-402,-294,-173,-39,125,774,684,-82,188,81,-264,-379,-450,-471,-434,-362,-251,-116,31,174,302,397,447,442,390,321,185,43,-87,-219,-323,-393,-408,-398,-326,-239,-137,-21,96,194,277,330,358,331,285,230,137,39,-58,-151,-221,-285,-313,-300,-284,-231,-169,-86,9,110,181,227,278,302,301,273,218,145,56,-45,-124,-198,-259,-301,-326,-318,-281,-224,-154,-46,69,178,285,358,425,440,401,327,219,73,-89,-242,-387,-497,-542,-543,-483,-358,-197,-13,179,362,513,596,633,585,484,332,142,-63,-275,-455,-584,-655,-662,-602,-476,-302,-89,137,359,548,679,738,715,619,443,235,-20,-287,-505,-673,-774,-804,-743,-49,-363,-100,174,443,656,796,850,812,676,470,211,-79,-346,-591,-761,-862,-858,-752,-572,-323,-40,235,497,718,844,868,810,674,451,175,-109,-389,-627,-794,-879,-869,-772,-566,-320,-36,260,528,738,867,901,831,683,453,165,-137,-429,-663,-836,-920,-880,-748,-545,-279,25,322,591,800,891,903,812,621,367,55,-261,-540,-753,-883,-906,-817,-637,-372,-78,221,497,705,818,832,756,577,350,82,-189,-427,-605,-703,-721,-661,-516,-311,-86,150,360,506,601,618,565,442,268,71,-132,-324,-464,-538,-537,-471,-342,-162,29,218,370,462,480,415,286,110,-77,-226,-318,-338,-286,161,219,-82,-828,-751,29,-71,-176,-247,-272,-239,-166,-55,60,172,257,301,310,269,205,99,-28,-141,-242,-316,-343,-339,-289,-189,-66,51,175,290,375,410,392,326,203,56,-101,-243,-365,-431,-458,-411,-315,-176,-5,147,279,396,448,441,383,266,109,-38,-186,-306,-364,-391,-383,-317,-196,-67,49,172,266,304,322,294,233,142,56,-39,-131,-195,-229,-248,-222,-177,-104,-21,35,95,136,174,184,158,106,61,8,-44,-86,-113,-113,-85,-57,-28,4,29,51,60,56,45,41,12,-7,-13,-21,-34,-23,-13,-4,17,26,34,34,22,24,1,-18,-13,-27,-34,-13,-3,5,12,17,26,5,-12,-24,-40,-43,-27,-3,18,38,66,91,96,93,82,55,5,-48,-101,-150,-172,-188,-186,-140,-70,2,89,178,247,290,291,254,187,92,-23,-135,-247,-322,-372,-366,-318,-229,-115,12,173,291,381,434,427,393,298,147,12,-145,-287,-392,-459,-474,-441,-357,-226,-74,93,243,376,470,512,487,418,322,171,-9,-179,-326,-437,-516,-546,-484,-389,-250,-76,98,255,398,489,528,504,430,327,171,10,-157,-312,-421,-485,-504,-458,-368,-258,-102,58,202,323,413,469,474,425,330,211,79,-63,-216,-331,-409,-454,-451,-395,-305,-183,-36,107,249,353,416,457,447,-3,-390
61987,mtk,MTK 7916,2149742331,rx0-tx1,512,-686,4,-262,105,329,523,657,732,724,638,501,329,111,-134,-357,-557,-701,-778,-777,-700,-557,-357,-119,138,394,628,797,886,894,807,634,395,104,-205,-510,-772,-951,-1046,-1044,-918,-690,-379,-10,351,681,975,1173,1231,1172,977,661,264,-165,-585,-957,-1227,-1367,-1359,-1206,-906,-512,-52,418,861,1196,1403,1470,1364,1120,739,272,-210,-680,-1073,-1344,-1477,-1449,-1258,-937,-514,-42,436,880,1207,1402,1444,1334,1084,722,289,-164,-593,-950,-1225,-1357,-1347,-1199,-925,-557,-148,275,681,1009,1234,1320,1284,1116,810,442,31,-397,-776,-1074,-1263,-1308,-1222,-1019,-682,-272,146,555,906,1167,1290,1271,1129,861,506,98,-306,-694,-994,-1198,-1275,-1205,-1020,-719,-356,50,459,811,1073,1232,1253,1124,909,584,186,-205,-603,-928,-1148,-1258,-1233,-1085,-807,-446,-38,373,737,1049,1241,1298,1219,1009,697,295,-137,-565,-943,-1214,-1340,-1337,-1186,-895,-515,-58,418,840,1173,1374,1422,1312,1053,665,209,-267,-756,-1118,-1369,-1460,-1357,-1125,-747,-284,208,677,1061,1308,1410,1351,1107,740,301,-171,-606,-957,-1197,-1283,-1220,-1005,-674,-283,139,528,827,1027,1103,1027,837,560,235,-112,-428,-674,-830,-891,-841,-689,-467,-196,82,337,554,688,735,687,557,374,132,-120,-356,-536,-642,-641,-538,-367,-134,118,330,463,500,424,269,504,445,0,45,33,171,168,111,21,-89,-199,-270,-293,-258,-176,-67,58,177,281,346,355,313,219,103,-40,-175,-295,-380,-421,-402,-326,-217,-78,108,265,394,482,504,473,368,222,28,-160,-347,-495,-581,-604,-530,-395,-220,-5,216,419,564,642,648,558,418,229,2,-225,-441,-594,-676,-696,-623,-479,-272,-36,210,423,610,722,731,677,553,329,82,-179,-439,-624,-752,-805,-751,-599,-391,-118,160,417,639,785,828,778,638,422,149,-150,-411,-636,-777,-820,-765,-633,-406,-143,121,374,577,709,766,715,587,407,172,-71,-290,-472,-604,-667,-648,-551,-416,-225,-15,187,355,479,554,577,524,-282,287,124,-40,-193,-339,-436,-487,-495,-443,-362,-240,-96,51,177,297,396,452,466,431,374,263,135,0,-157,-269,-370,-444,-473,-459,-402,-305,-192,-41,113,271,409,510,573,574,519,400,244,48,-160,-364,-555,-666,-728,-708,-592,-418,-179,81,331,553,727,809,805,720,547,304,32,-249,-509,-700,-823,-852,-784,-628,-410,-157,116,381,596,745,831,804,699,520,292,35,-221,-449,-630,-755,-788,-723,-623,-443,-209,34,280,478,633,721,731,672,549,364,152,-79,-290,-462,-611,-692,-686,-632,-509,-336,-131,88,290,479,606,676,680,612,491,330,121,-111,-325,-486,-614,-690,68,64,9,-513,-443,714,645,512,327,114,-127,-349,-524,-661,-748,-746,-673,-536,-340,-114,136,375,584,742,822,827,746,590,363,107,-167,-446,-681,-864,-956,-957,-859,-665,-402,-89,255,594,866,1062,1145,1096,958,708,345,-58,-452,-820,-1104,-1274,-1312,-1207,-959,-602,-162,291,731,1096,1332,1435,1378,1169,829,404,-77,-556,-970,-1288,-1459,-1470,-1329,-1032,-627,-164,326,776,1141,1377,1465,1398,1179,832,395,-76,-536,-938,-1227,-1384,-1396,-1260,-1004,-643,-209,227,645,989,1226,1331,1301,1144,862,499,86,-321,-722,-1035,-1224,-1309,-1254,-1057,-754,-368,58,465,833,1127,1280,1294,1185,941,598,193,-223,-616,-953,-1174,-999,-1255,-1082,-797,-439,-26,382,748,1033,1210,1259,1174,951,643,269,-148,-535,-861,-1127,-1242,-1238,-1105,-846,-506,-112,296,679,993,1188,1264,1203,1033,747,376,-37,-458,-824,-1124,-1291,-1314,-1204,-964,-616,-185,258,702,1057,1292,1412,1358,1149,814,368,-112,-587,-991,-1289,-1435,-1436,-1265,-922,-501,9,495,924,1250,1421,1427,1262,945,526,57,-429,-862,-1162,-1331,-1336,-1178,-884,-497,-51,374,749,1021,1166,1172,1026,768,440,56,-316,-632,-851,-966,-965,-845,-638,-369,-64,238,500,689,791,793,708,539,310,54,-203,-421,-593,-686,-675,-575,-395,-165,92,320,494,591,578,452,259,32,-180,-311,27,-236,0,19,33,-20,-104,-187,-234,-239,-187,-88,32,159,256,317,328,285,203,71,-64,-201,-308,-373,-395,-358,-275,-152,-2,159,290,381,453,465,398,287,124,-52,-230,-382,-503,-561,-541,-458,-304,-121,96,311,467,579,628,595,491,320,114,-115,-327,-502,-628,-680,-648,-535,-347,-138,101,331,516,653,709,685,583,421,184,-63,-294,-526,-702,-771,-767,-657,-471,-252,18,302,537,710,811,801,708,527,273,-18,-290,-542,-726,-828,-813,-709,-531,-278,3,271,516,697,775,775,684,505,282,25,-236,-445,-610,-703,-700,-624,-491,-308,-83,147,335,484,589,618,580,485,337,168,-27,-219,288,-471,-523,-520,-481,-392,-256,-110,48,195,316,415,457,452,417,354,246,115,-29,-157,-275,-383,-430,-471,-443,-379,-286,-159,-10,140,277,384,475,517,514,463,355,220,48,-133,-313,-467,-580,-645,-639,-574,-423,-218,4,248,459,632,750,777,719,578,363,97,-169,-425,-638,-780,-837,-810,-681,-477,-229,48,315,554,724,814,829,744,573,369,103,-172,-415,-622,-754,-805,-765,-651,-477,-250,15,251,459,643,747,770,705,572,391,173,-61,-285,-481,-627,-701,-701,-632,-515,-354,-134,83,284,470,601,677,678,620,500,328,127,-92,-298,-474,-616,-702,-706,-629,-489,-316,-101,-42,-15
61988,mtk,MTK 7916,2149742331,rx1-tx0,512,0,605,636,351,390,371,312,227,116,-1,-115,-225,-291,-323,-325,-284,-216,-133,-33,82,174,251,280,284,271,208,119,25,-63,-160,-231,-276,-282,-247,-190,-98,16,115,208,270,296,286,227,143,28,-82,-173,-259,-302,-298,-254,-174,-62,49,162,245,292,303,271,214,121,20,-80,-177,-250,-279,-286,-264,-207,-138,-52,58,162,233,286,313,304,262,197,94,-7,-111,-209,-292,-350,-364,-340,-284,-205,-85,62,190,306,393,432,439,384,290,159,3,-160,-330,-449,-518,-545,-495,-399,-248,-54,144,349,503,601,636,603,474,293,82,-167,-389,-567,-682,-716,-665,-531,-329,-93,158,794,576,706,750,698,559,353,115,-141,-385,-584,-712,-763,-711,-582,-375,-123,132,375,580,704,754,721,599,401,152,-117,-350,-547,-690,-741,-706,-596,-411,-183,63,302,483,616,693,675,574,416,195,-32,-247,-442,-575,-638,-627,-543,-405,-220,-9,195,375,516,586,581,515,381,207,20,-176,-336,-465,-520,-518,-466,-334,-182,-24,143,271,378,417,402,346,269,144,18,-90,-185,-270,-315,-316,-286,-227,-144,-60,31,126,180,213,241,222,195,147,74,12,-47,-121,-172,-192,-205,-187,-160,-105,-39,28,97,152,202,208,194,162,86,-2,-90,-166,-215,-218,-174,-101,-6,79,298,432,0,240,393,1,-131,-271,-360,-370,-307,-178,-3,173,341,439,463,415,314,160,-18,-201,-354,-445,-492,-466,-389,-262,-90,79,248,384,477,514,484,402,269,102,-83,-257,-400,-498,-556,-537,-462,-328,-154,44,237,414,530,600,588,509,376,201,7,-188,-380,-536,-610,-605,-546,-428,-265,-79,139,323,472,575,609,577,483,340,155,-46,-228,-393,-504,-568,-572,-510,-394,-238,-65,106,275,405,486,536,536,467,343,212,37,-130,-278,-408,-503,-543,-517,-464,-346,-199,-24,166,330,461,549,587,547,449,302,126,-58,-238,-391,-518,-584,-575,-518,-398,-246,-56,144,318,458,559,592,553,381,346,161,-31,-215,-359,-483,-559,-570,-531,-419,-273,-99,85,234,369,474,516,522,483,389,264,110,-52,-215,-370,-476,-545,-561,-524,-441,-305,-134,52,230,414,551,622,648,589,476,301,89,-141,-353,-523,-658,-710,-694,-606,-442,-234,1,241,460,631,733,750,698,570,361,109,-135,-369,-570,-699,-740,-715,-619,-443,-216,23,257,472,624,714,720,631,491,309,79,-143,-344,-523,-619,-648,-613,-501,-359,-164,34,212,380,491,553,559,508,404,253,89,-76,-225,-374,-476,-510,-507,-449,-338,-191,-26,127,282,400,466,488,461,362,233,93,-64,-229,-341,-407,-455,-434,-355,-213,-65,0,-160,4,192,56,-82,-195,-288,-338,-349,-331,-263,-165,-70,36,136,218,278,306,297,247,169,68,-14,-112,-199,-258,-276,-271,-235,-164,-73,35,122,200,265,291,271,228,129,23,-90,-186,-259,-301,-284,-241,-153,-40,74,182,265,304,299,248,171,79,-25,-127,-219,-283,-297,-284,-236,-157,-70,23,120,195,250,286,299,253,187,115,21,-82,-176,-258,-313,-333,-324,-268,-189,-81,36,146,247,333,400,413,373,299,180,46,-105,-256,-373,-456,-490,-478,-406,-268,-109,67,251,404,532,592,593,513,356,169,-42,-265,-466,-600,-680,-676,-585,-426,-205,43,289,496,648,726,731,572,448,225,-24,-274,-501,-661,-747,-750,-656,-482,-254,7,267,494,665,750,755,669,506,265,13,-242,-468,-638,-734,-729,-639,-490,-273,-29,206,417,585,686,710,632,488,298,84,-159,-370,-539,-650,-659,-607,-486,-305,-102,120,319,483,589,620,574,471,320,119,-85,-279,-440,-533,-568,-530,-433,-286,-104,65,228,379,445,484,448,366,240,78,-74,-195,-294,-365,-368,-340,-287,-208,-100,11,113,195,240,260,267,235,167,105,19,-58,-117,-173,-200,-199,-200,-174,-115,-61,1,65,129,183,208,210,186,141,72,-8,-71,-151,-213,-229,-210,-148,-68,31,115,173,186,148,-537,-445,0,-629,-573,-280,-285,-211,-70,102,258,377,423,403,311,150,-34,-210,-356,-449,-482,-449,-349,-203,-36,142,296,422,483,480,432,325,181,6,-171,-323,-440,-517,-530,-483,-369,-219,-33,163,330,472,561,581,537,423,259,78,-126,-309,-466,-573,-611,-573,-477,-308,-120,76,270,437,552,613,597,511,377,206,8,-191,-364,-506,-584,-592,-551,-436,-285,-107,84,258,405,505,552,549,487,364,215,56,-120,-289,-404,-489,-540,-508,-454,-346,-209,-35,129,283,427,517,563,540,452,326,167,-19,-204,-370,-496,-566,-585,-531,-432,-284,-92,94,275,425,529,594,576,498,376,211,10,-182,-1037,-493,-572,-585,-539,-432,-303,-118,62,239,390,481,551,540,488,400,254,93,-70,-234,-369,-477,-532,-543,-501,-410,-278,-124,48,222,379,514,597,622,578,479,303,122,-82,-286,-469,-616,-688,-688,-606,-470,-279,-49,184,408,588,700,737,697,578,399,164,-82,-312,-532,-688,-757,-741,-664,-504,-290,-46,193,423,605,705,728,684,558,373,150,-96,-318,-490,-625,-681,-661,-580,-430,-219,-16,192,360,491,587,597,557,452,293,126,-54,-224,-376,-476,-522,-510,-469,-380,-230,-61,91,252,378,467,499,485,418,295,144,-19,-185,-327,-406,-454,-470,-419,-300,-178,-34,130,255,-593,-634
61989,mtk,MTK 7916,2149742331,rx1-tx1,512,0,0,0,770,493,104,-314,-665,-881,-917,-760,-444,-35,379,720,911,921,734,393,-23,-436,-761,-925,-897,-693,-338,79,466,766,913,863,636,286,-112,-487,-760,-866,-782,-547,-213,167,507,728,794,702,466,123,-234,-526,-712,-739,-611,-353,-30,290,538,669,661,512,255,-48,-325,-532,-630,-585,-421,-182,90,332,487,544,495,340,112,-114,-290,-389,-405,-332,-193,-14,145,261,304,258,150,13,-112,-209,-243,-205,-112,13,148,251,290,264,164,10,-153,-290,-360,-351,-273,-121,67,258,395,448,407,291,93,-140,-354,-496,-531,-460,-301,-71,192,427,570,611,521,311,38,-248,-486,0,-669,-566,-346,-43,266,515,681,714,596,364,66,-260,-533,-698,-727,-631,-401,-89,238,507,684,730,620,395,107,-196,-469,-638,-670,-572,-373,-109,176,425,585,625,538,344,84,-191,-412,-550,-577,-491,-310,-65,185,380,510,553,459,271,34,-198,-380,-478,-482,-405,-251,-48,156,326,431,442,382,256,82,-106,-261,-357,-380,-328,-232,-97,50,175,255,284,257,196,106,-4,-95,-161,-186,-170,-125,-58,2,54,85,88,66,37,12,-19,-55,-69,-52,-16,25,67,92,88,65,36,-3,-47,-85,-107,-115,-104,-67,-28,15,65,103,118,120,108,87,60,25,-10,-38,0,0,0,0,0,27,15,9,8,8,7,3,8,21,23,14,8,-11,-40,-62,-83,-103,-100,-75,-36,13,66,127,173,187,170,125,56,-26,-117,-204,-255,-260,-225,-156,-36,87,182,255,302,288,226,124,7,-111,-212,-272,-281,-240,-166,-76,29,122,182,203,202,158,83,3,-52,-79,-97,-99,-76,-53,-29,-17,-23,-30,-37,-55,-56,-22,38,107,166,207,224,202,125,8,-137,-271,-359,-392,-345,-235,-72,123,326,475,542,508,381,174,-81,-339,-542,-652,-632,-504,-284,3,312,581,733,743,618,386,57,-285,-577,-768,-810,-692,-437,-101,259,560,761,819,721,480,150,-218,0,-752,-820,-724,-487,-154,201,524,731,785,683,443,110,-239,-537,-719,-754,-631,-383,-58,274,547,690,694,564,312,-11,-322,-560,-679,-658,-499,-231,83,371,564,642,588,407,138,-154,-399,-558,-589,-499,-304,-44,223,432,540,521,379,154,-96,-319,-469,-501,-417,-218,31,276,454,531,475,304,61,-212,-456,-602,-613,-482,-237,68,383,627,742,697,498,187,-175,-519,-764,-856,-780,-539,-175,239,607,853,920,809,535,144,-290,-662,-905,-964,-818,-501,-94,331,691,918,952,782,452,33,-385,-725,-914,-909,-719,-381,38,448,758,919,882,655,293,-115,-501,-790,-910,-825,-568,0,0,0,0,0,456,746,889,854,641,283,-141,-540,-823,-931,-847,-591,-209,222,604,859,947,838,559,168,-268,-642,-866,-926,-797,-499,-113,295,641,854,888,744,442,58,-333,-642,-808,-801,-631,-339,6,358,634,765,726,534,234,-97,-406,-636,-724,-650,-442,-156,162,433,614,657,561,358,86,-202,-437,-576,-593,-479,-275,-30,210,392,482,463,344,163,-31,-208,-328,-356,-302,-183,-34,116,209,247,229,145,9,-124,-219,-257,-224,-128,11,161,271,326,314,215,50,-130,-283,-395,-427,-355,-199,6,208,375,482,485,368,179,-55,-293,-467,-558,-542,-421,-186,96,351,550,645,606,445,0,-98,-382,-593,-686,-650,-479,-204,111,406,628,725,687,504,221,-100,-405,-631,-728,-687,-510,-241,73,370,589,689,668,513,260,-40,-319,-541,-649,-627,-477,-232,56,319,511,598,567,425,204,-59,-296,-479,-560,-526,-387,-174,64,282,447,516,477,348,160,-52,-260,-420,-479,-442,-329,-166,35,224,353,409,396,312,174,9,-151,-266,-322,-324,-270,-160,-30,85,177,221,209,164,102,36,-41,-107,-139,-130,-102,-63,-10,33,50,64,50,21,-14,-48,-67,-61,-43,-17,23,56,76,85,88,75,40,-11,-57,-96,-122,-125,-115,-87,-38,6,40,67,83,92,90,74,0,0,0,0,0,17,20,27,22,17,19,13,7,7,15,34,58,61,59,56,35,-10,-61,-100,-128,-148,-139,-114,-66,12,103,171,211,230,207,138,38,-53,-141,-234,-289,-276,-226,-140,-28,98,202,270,299,276,209,116,4,-124,-216,-251,-241,-203,-133,-46,38,97,139,154,141,105,55,11,-24,-40,-33,-24,-19,-4,-6,-39,-90,-128,-141,-127,-84,-16,78,171,260,309,307,234,102,-60,-210,-349,-444,-465,-394,-238,-15,218,427,570,598,524,351,94,-198,-455,-631,-707,-657,-475,-174,159,460,680,783,734,552,261,-87,-429,-686,-807,-772,-603,-315,56,411,678,823,800,0,327,-24,-371,-650,-801,-785,-609,-331,27,374,632,767,745,556,252,-82,-390,-622,-732,-684,-490,-190,133,426,633,707,628,406,110,-195,-463,-636,-664,-556,-335,-48,244,479,601,590,459,221,-63,-323,-507,-585,-524,-347,-101,160,379,514,518,401,201,-42,-285,-459,-509,-430,-255,-18,236,440,551,532,391,151,-146,-437,-631,-684,-597,-369,-36,308,601,786,796,641,355,-10,-392,-713,-888,-883,-685,-351,55,455,775,938,914,695,326,-106,-521,-821,-953,-901,-674,-292,151,552,835,953,865,603,223,-207,-590,-853,-932,-812,-530,-143,276,629,855,906,761,448,54,-351,-686,0,0
61990,mtk,MTK 7916,2149742331,rx2-tx0,512,0,0,0,-756,-1154,-1322,-1220,-869,-335,279,838,1241,1391,1253,853,282,-344,-902,-1275,-1379,-1202,-781,-202,412,950,1276,1331,1101,645,60,-534,-1005,-1252,-1240,-977,-492,96,645,1050,1230,1149,832,341,-218,-720,-1065,-1168,-1023,-668,-175,342,769,1020,1050,853,464,-13,-475,-808,-952,-880,-617,-215,227,607,822,848,691,368,-46,-427,-694,-799,-717,-464,-104,290,618,795,779,579,242,-153,-524,-779,-843,-714,-423,-15,412,743,898,854,616,210,-247,-664,-955,-1028,-872,-525,-46,474,899,1138,1133,894,434,-133,-686,-1099,-1294,-1224,-894,-362,267,851,1259,1407,1269,869,277,-385,-980,-1387,-1518,-1332,-858,0,490,1085,1456,1532,1302,803,132,-565,-1146,-1494,-1542,-1271,-732,-59,618,1173,1493,1508,1203,659,-12,-682,-1214,-1478,-1421,-1081,-523,142,764,1213,1411,1315,928,356,-278,-858,-1256,-1377,-1201,-775,-179,450,983,1310,1357,1106,626,7,-613,-1110,-1380,-1351,-1038,-511,125,746,1227,1451,1370,1018,462,-200,-822,-1271,-1464,-1364,-996,-436,201,803,1238,1425,1329,975,436,-180,-760,-1164,-1333,-1248,-914,-408,153,668,1042,1208,1136,844,402,-92,-563,-913,-1064,-1014,-776,-393,43,461,771,920,891,705,395,30,-323,-606,-769,-776,-648,-415,-124,180,435,602,660,614,475,265,36,-174,-336,-441,-470,-431,-351,0,0,0,0,0,-349,-411,-414,-355,-240,-65,140,348,535,652,673,595,410,136,-164,-443,-672,-797,-784,-635,-361,-21,336,650,857,903,787,522,155,-253,-618,-884,-991,-910,-654,-268,161,574,898,1043,994,771,414,-32,-472,-821,-1007,-996,-808,-470,-45,380,719,914,932,770,472,85,-314,-636,-807,-830,-694,-408,-61,272,547,701,702,554,313,16,-277,-486,-581,-555,-429,-213,28,255,407,459,416,302,125,-67,-221,-315,-328,-272,-159,-22,103,184,220,193,105,10,-80,-134,-142,-111,-34,68,144,171,154,78,-27,-141,-243,-297,-286,-203,-51,142,315,439,481,428,261,25,-236,-465,-609,0,-537,-319,-26,306,594,761,795,665,382,14,-369,-695,-886,-900,-736,-429,-22,411,749,956,974,801,463,26,-432,-785,-965,-969,-784,-436,3,443,790,962,927,718,375,-50,-456,-756,-905,-856,-625,-276,117,479,726,804,711,477,144,-212,-496,-654,-668,-524,-257,48,327,526,596,530,342,79,-205,-432,-551,-537,-397,-162,109,349,510,536,431,232,-26,-285,-476,-539,-486,-312,-48,246,468,583,566,416,154,-153,-431,-626,-680,-570,-326,-5,347,630,776,755,569,248,-147,-527,-804,-915,-825,-550,-147,306,706,960,1007,842,499,37,-450,-855,-1089,-1092,-864,-444,73,597,1009,0,0,0,0,0,1060,627,58,-540,-1038,-1327,-1353,-1099,-612,-5,600,1098,1372,1358,1065,553,-64,-668,-1132,-1354,-1291,-966,-439,174,730,1133,1311,1199,830,289,-308,-835,-1176,-1262,-1079,-673,-136,435,908,1171,1187,949,509,-28,-542,-932,-1119,-1065,-782,-337,170,629,928,1010,872,549,107,-340,-694,-881,-869,-654,-305,112,497,757,832,709,418,30,-361,-661,-796,-745,-515,-160,224,567,778,798,632,321,-88,-501,-784,-883,-792,-519,-109,338,717,944,968,765,377,-109,-589,-947,-1111,-1026,-703,-230,307,808,1149,1238,1053,652,104,-490,-992,-1296,-1337,-1090,-608,5,629,1144,1438,1430,1110,566,-103,-766,-1277,0,-1460,-1107,-519,187,845,1329,1557,1461,1065,457,-255,-914,-1386,-1571,-1434,-1007,-377,319,948,1379,1513,1336,893,274,-405,-991,-1364,-1451,-1225,-750,-136,506,1044,1345,1348,1074,578,-42,-653,-1127,-1361,-1292,-943,-402,229,806,1222,1372,1243,845,247,-401,-959,-1324,-1428,-1226,-776,-159,504,1056,1395,1464,1233,748,122,-525,-1062,-1397,-1447,-1206,-730,-126,495,1018,1344,1390,1154,713,140,-446,-921,-1205,-1252,-1061,-664,-150,381,816,1086,1139,957,600,149,-316,-705,-939,-993,-861,-573,-193,206,559,793,868,777,552,239,-98,-408,-628,-725,-694,-544,-316,-51,212,430,556,590,546,426,260,84,-68,-195,0,0,0,0,0,87,-30,-176,-328,-465,-557,-576,-507,-357,-134,126,390,613,744,758,638,406,104,-232,-540,-763,-860,-806,-597,-281,103,477,774,936,932,743,419,15,-412,-773,-981,-1016,-875,-553,-121,322,704,970,1049,927,641,238,-209,-617,-891,-994,-915,-661,-277,142,516,784,895,821,588,246,-131,-454,-673,-762,-690,-486,-193,124,407,593,649,571,387,131,-143,-373,-512,-537,-441,-265,-61,146,299,385,396,321,161,-9,-154,-249,-276,-240,-147,-32,67,150,185,137,59,-15,-98,-151,-138,-89,4,115,196,231,207,130,-5,-159,-288,-373,-388,-308,-149,68,296,476,565,540,402,165,0,-427,-634,-731,-679,-477,-185,163,500,755,859,799,574,226,-182,-570,-861,-965,-883,-621,-232,212,614,884,994,911,639,228,-220,-625,-903,-1001,-887,-597,-184,257,637,878,940,808,517,119,-293,-639,-833,-856,-695,-398,-29,335,609,729,688,503,215,-119,-403,-588,-632,-531,-303,-16,267,476,576,537,365,106,-169,-402,-533,-544,-420,-199,68,317,484,534,458,267,5,-262,-471,-563,-520,-352,-103,191,449,607,626,487,230,-94,-403,-636,-733,-671,-449,-106,274,605,811,844,687,384,-21,-443,-776,-957,-928,-697,-307,153,600,927,1072,989,692,231,-293,-760,-1072,-1184,-1047,-669,0,0
61991,mtk,MTK 7916,2149742331,rx2-tx1,512,0,0,0,247,431,526,513,396,197,-20,-227,-389,-454,-413,-311,-153,35,201,312,352,307,201,68,-75,-198,-260,-259,-199,-106,13,116,173,194,167,100,15,-57,-115,-145,-132,-84,-11,55,88,86,58,5,-63,-115,-138,-127,-57,53,159,240,275,245,166,28,-144,-303,-405,-441,-386,-244,-29,201,408,552,580,486,296,42,-241,-493,-643,-661,-536,-301,-6,299,563,718,714,556,288,-59,-400,-653,-776,-745,-552,-240,129,484,737,839,772,549,214,-180,-545,-810,-902,-793,-530,-185,207,582,832,908,799,530,155,-242,-598,-831,-896,-772,-494,-125,260,597,801,832,687,415,62,0,-560,-719,-723,-569,-313,5,325,550,639,593,415,152,-134,-385,-536,-565,-455,-245,20,289,493,558,487,307,41,-250,-504,-644,-629,-459,-181,160,492,722,813,734,478,103,-320,-717,-983,-1051,-900,-569,-92,436,888,1189,1281,1112,707,159,-442,-981,-1341,-1443,-1282,-864,-262,396,991,1410,1558,1419,1006,389,-300,-924,-1382,-1597,-1513,-1131,-539,159,803,1295,1551,1515,1207,687,49,-595,-1123,-1426,-1451,-1220,-798,-237,363,869,1190,1295,1168,834,357,-155,-611,-933,-1076,-1021,-790,-439,-31,365,679,845,856,728,472,155,-171,-457,-644,-719,-675,-529,-312,-79,149,343,463,507,487,420,318,0,0,0,0,0,312,296,246,152,19,-126,-269,-379,-449,-451,-383,-256,-89,98,263,392,460,447,343,187,-1,-194,-353,-443,-453,-367,-210,-8,188,348,447,461,385,228,11,-200,-371,-481,-499,-412,-247,-41,195,399,505,518,440,274,48,-188,-389,-524,-556,-462,-284,-75,158,367,498,527,457,310,92,-137,-333,-470,-503,-432,-291,-101,117,302,399,413,353,241,84,-87,-218,-295,-314,-259,-132,5,118,203,240,209,123,18,-95,-193,-239,-218,-156,-59,56,177,265,286,248,157,22,-116,-232,-305,-313,-258,-160,-32,115,240,305,307,256,154,23,-108,-223,-281,-288,-244,-153,-44,71,0,247,259,219,154,84,1,-90,-148,-169,-164,-138,-87,-43,-20,0,31,53,66,80,104,128,142,130,109,50,-38,-126,-204,-253,-275,-252,-174,-49,95,229,331,389,385,289,123,-69,-250,-392,-468,-451,-347,-177,40,264,435,528,528,417,216,-28,-271,-454,-550,-534,-410,-195,48,291,482,561,529,386,162,-92,-330,-492,-542,-489,-326,-81,169,379,511,544,459,266,4,-265,-466,-569,-552,-415,-185,83,335,521,603,554,384,137,-145,-408,-581,-630,-555,-368,-94,203,459,615,650,550,338,51,-239,-478,-626,-652,-535,-315,-39,243,476,611,624,511,296,33,-232,-453,0,0,0,0,0,-491,-329,-109,122,324,457,501,425,263,78,-112,-281,-378,-390,-326,-188,-28,120,241,300,278,205,94,-39,-152,-216,-224,-187,-103,-5,88,153,181,164,101,11,-66,-106,-119,-103,-43,30,81,111,100,53,-27,-111,-175,-198,-190,-115,23,172,290,359,348,275,131,-73,-275,-433,-523,-502,-361,-141,118,364,552,637,590,427,171,-134,-421,-621,-698,-637,-441,-147,188,494,691,747,655,416,83,-270,-573,-779,-813,-673,-400,-32,353,665,842,851,699,390,-9,-398,-698,-872,-881,-696,-360,39,423,733,891,861,662,327,-64,-438,-718,-852,-816,-620,-289,92,446,700,799,0,515,206,-139,-440,-639,-690,-591,-366,-79,211,455,593,589,449,205,-72,-326,-503,-555,-469,-274,-6,269,482,580,544,374,100,-219,-501,-681,-720,-603,-328,47,425,748,921,892,678,301,-154,-598,-963,-1156,-1117,-842,-387,173,726,1149,1358,1315,1023,510,-122,-742,-1229,-1498,-1466,-1153,-639,11,682,1220,1530,1559,1300,783,119,-571,-1150,-1502,-1578,-1381,-911,-270,400,973,1381,1534,1392,1002,440,-183,-760,-1181,-1388,-1331,-1039,-567,-17,505,922,1166,1177,981,628,177,-287,-662,-904,-985,-874,-612,-264,103,431,669,786,760,611,368,76,-198,-427,-579,-638,-600,-483,-308,-123,48,177,272,0,0,0,0,0,63,167,264,348,406,412,349,239,87,-85,-249,-377,-455,-454,-388,-258,-74,129,301,415,451,409,298,122,-83,-271,-398,-450,-418,-300,-119,80,278,421,481,449,327,129,-96,-301,-446,-518,-491,-362,-150,86,304,464,553,519,379,181,-59,-299,-471,-545,-524,-407,-206,38,270,440,531,518,403,215,0,-215,-381,-456,-443,-349,-191,-11,172,310,366,351,264,122,-29,-160,-242,-260,-219,-129,-10,103,182,222,215,133,10,-99,-186,-250,-252,-192,-93,36,162,257,302,300,211,79,-46,-175,-278,-318,-297,-219,-93,49,172,251,292,277,201,87,-34,-151,-244,-282,-265,0,-101,1,88,156,197,201,178,123,50,-18,-62,-88,-103,-115,-107,-85,-73,-63,-45,-33,-9,27,86,151,184,199,188,145,53,-51,-161,-263,-339,-337,-269,-163,-13,161,320,418,437,381,251,55,-159,-350,-478,-512,-455,-309,-91,153,371,514,554,493,328,95,-160,-380,-532,-576,-496,-315,-68,183,397,528,542,439,242,1,-249,-444,-548,-522,-385,-164,96,331,500,560,491,322,97,-172,-414,-559,-581,-495,-289,-27,245,475,610,612,486,263,-28,-318,-545,-647,-618,-471,-230,64,352,562,662,613,440,188,-101,-374,-566,-643,-593,-425,-177,109,361,539,613,566,398,0,0
61992,mtk,MTK 7916,2149792312,rx0-tx0,512,0,0,0,0,0,0,0,0,0,0,0,0,0,0,0,0,0,0,0,0,0,0,0,0,0,0,0,0,0,0,0,0,0,0,0,0,0,0,0,0,0,0,0,0,0,0,0,0,0,0,0,0,0,0,0,0,0,0,0,0,0,0,0,0,0,0,0,0,0,0,0,0,0,0,0,0,0,0,0,0,0,0,0,0,0,0,0,0,0,0,0,0,0,0,0,0,0,0,0,0,0,0,0,0,0,0,0,0,0,0,0,0,0,0,0,0,0,0,0,0,0,0,0,0,0,0,0,0,0,0,0,0,0,0,0,0,0,0,0,0,0,0,0,0,0,0,0,0,0,0,0,0,0,0,0,0,0,0,0,0,0,0,0,0,0,0,0,0,0,0,0,0,0,0,0,0,0,0,0,0,0,0,0,0,0,0,0,0,0,0,0,0,0,0,0,0,0,0,0,0,0,0,0,0,0,0,0,0,0,0,0,0,0,0,0,0,0,0,0,0,0,0,0,0,0,0,0,0,0,0,0,0,0,0,0,0,0,0,0,0,0,0,0,0,0,0,0,0,0,0,0,0,0,0,0,0,-364,-417,-636,-561,-767,-840,-702,-391,6,395,729,973,1078,1056,907,662,327,-44,-396,-744,-1023,-1200,-1263,-1192,-1019,-753,-385,14,423,808,1104,1308,1406,1380,1246,1008,669,294,-123,-534,-886,-1183,-1388,-1474,-1461,-1342,-1103,-802,-412,33,449,834,1154,1396,1539,1551,1474,1259,962,610,185,-233,-645,-1038,-1318,-1501,-1596,-1551,-1379,-1117,-788,-414,-9,424,790,1085,1304,1427,1454,1371,1201,955,643,291,-77,-416,-708,-960,-1146,-1235,-1250,-1177,-1038,-830,-580,-282,17,315,610,837,995,1076,1090,1039,910,727,503,260,-6,-263,-497,-671,-791,-870,-895,-831,-730,-611,-438,-260,-78,105,256,369,473,554,596,614,-330,558,494,418,316,207,93,-33,-156,-310,-439,-530,-634,-687,-704,-688,-634,-539,-396,-212,-15,193,405,606,774,883,961,952,878,760,572,344,96,-169,-442,-682,-888,-1034,-1114,-1095,-1037,-918,-692,-432,-131,181,477,757,983,1149,1231,1240,1161,1001,760,475,147,-204,-536,-849,-1107,-1263,-1361,-1363,-1243,-1052,-786,-452,-57,338,698,1031,1293,1432,1472,1401,1226,961,618,226,-198,-593,-965,-1262,-1441,-1520,-1476,-1304,-1024,-657,-240,192,611,991,1270,1435,1493,1418,1209,892,523,107,-327,-711,-1042,-1280,-1381,-1368,-1228,-967,-638,-240,168,564,922,1202,1367,1359,1208,893,431,-120,-664,-1091,-1279,-1212,390,130,0,0,0,0,0,0,0,0,0,0,0,0,0,0,0,0,0,0,0,0,0,0,0,0,0,0,0,0,0,0,0,0,0,0,0,0,0,0,0,0,0,0,0,0,0,0,0,0,0,0,0,0,0,0,0,0,0,0,0,0,0,0,0,0,0,0,0,0,0,0,0,0,0,0,0,0,0,0,0,0,0,0,0,0,0,0,0,0,0,0,0,0,0,0,0,0,0,0,0,0,0,0,0,0,0,0,0,0,0,0,0,0,0,0,0,0,0,0,0,0,0,0,0,0,0,0,0,0,0,0,0,0,0,0,0,0,0,0,0,0,0,0,0,0,0,0,0,0,0,0,0,0,0,0,0,0,0,0,0,0,0,0,0,0,0,0,0,0,0,0,0,0,0,0,0,0,0,0,0,0,0,0,0,0,0,0,0,0,0,0,0,0,0,0,0,0,0,0,0,0,0,0,0,0,0,0,0,0,0,0,0,0,0,0,0,0,0,0,0,0,0,0,0,0,0,0,0,0,0,0,0,0,0,0,0,0,0,0,0,0,0,0,0,0,0,0,0,0,0,0,0,0,0,0,0,0,-49,-740,-572,-437,-162,231,631,905,1016,953,751,435,60,-310,-643,-923,-1104,-1160,-1103,-950,-682,-330,61,461,812,1103,1289,1349,1303,1131,852,502,99,-311,-700,-1044,-1288,-1431,-1472,-1375,-1172,-868,-499,-102,291,691,1040,1308,1501,1549,1475,1310,1037,691,283,-133,-551,-927,-1223,-1463,-1573,-1571,-1456,-1213,-882,-509,-87,351,745,1072,1326,1482,1547,1482,1288,1020,696,321,-70,-436,-768,-1033,-1237,-1350,-1346,-1252,-1086,-869,-592,-289,32,363,656,899,1071,1157,1171,1137,1003,785,524,251,-13,-298,-551,-757,-901,-978,-996,-942,-819,-660,-463,-255,-20,207,382,540,665,720,739,711,628,548,450,322,181,36,-82,-221,-322,-411,-488,-553,-591,-602,-612,-583,-488,-392,-257,-101,56,244,417,571,705,787,822,811,748,646,496,296,74,-186,-413,-631,-825,-959,-1031,-1048,-992,-851,-641,-390,-105,187,447,723,950,1086,1159,1156,1084,942,721,442,133,-181,-489,-785,-1033,-1216,-1324,-1323,-1229,-1050,-783,-469,-122,254,613,913,1171,1363,1441,1386,1252,1029,721,344,-49,-446,-820,-1131,-1360,-1489,-1502,-1393,-1195,-859,-472,-47,396,801,1135,1377,1509,1504,1385,1138,796,397,-26,-463,-858,-1153,-1345,-1438,-1390,-1225,-960,-603,-201,207,613,943,1186,1332,1344,1235,1002,659,211,-266,-716,-1111,-1369,-1431,-1260,-857,-302,201,-753,-836
61993,mtk,MTK 7916,2149792312,rx0-tx1,512,0,0,0,0,0,0,0,0,0,0,0,0,0,0,0,0,0,0,0,0,0,0,0,0,0,0,0,0,0,0,0,0,0,0,0,0,0,0,0,0,0,0,0,0,0,0,0,0,0,0,0,0,0,0,0,0,0,0,0,0,0,0,0,0,0,0,0,0,0,0,0,0,0,0,0,0,0,0,0,0,0,0,0,0,0,0,0,0,0,0,0,0,0,0,0,0,0,0,0,0,0,0,0,0,0,0,0,0,0,0,0,0,0,0,0,0,0,0,0,0,0,0,0,0,0,0,0,0,0,0,0,0,0,0,0,0,0,0,0,0,0,0,0,0,0,0,0,0,0,0,0,0,0,0,0,0,0,0,0,0,0,0,0,0,0,0,0,0,0,0,0,0,0,0,0,0,0,0,0,0,0,0,0,0,0,0,0,0,0,0,0,0,0,0,0,0,0,0,0,0,0,0,0,0,0,0,0,0,0,0,0,0,0,0,0,0,0,0,0,0,0,0,0,0,0,0,0,0,0,0,0,0,0,0,0,0,0,0,0,0,0,0,0,0,0,0,0,0,0,0,0,0,0,0,0,0,-449,7,-9,370,583,688,638,429,110,-227,-531,-764,-900,-933,-837,-649,-391,-69,271,605,887,1083,1167,1139,988,704,354,-48,-459,-832,-1128,-1313,-1355,-1270,-1066,-746,-367,50,462,800,1054,1219,1265,1193,1046,813,525,203,-135,-448,-681,-882,-1010,-1014,-968,-864,-706,-514,-279,-37,177,385,563,666,726,756,722,674,573,453,328,177,35,-106,-243,-364,-476,-589,-680,-732,-732,-702,-602,-455,-283,-74,123,353,578,735,842,886,873,799,666,482,267,68,-167,-387,-552,-704,-814,-842,-834,-806,-706,-530,-363,-164,48,269,497,661,780,870,901,873,789,645,472,239,-15,-252,-488,-695,-851,-947,510,-936,-824,-674,-490,-274,-41,226,459,654,815,909,941,913,838,713,537,329,90,-125,-332,-521,-693,-832,-911,-926,-910,-846,-719,-545,-334,-89,167,417,657,879,1077,1190,1218,1181,1057,847,564,211,-176,-591,-944,-1258,-1508,-1619,-1625,-1494,-1216,-841,-399,96,618,1100,1478,1731,1872,1846,1679,1363,911,378,-172,-726,-1222,-1618,-1864,-1934,-1859,-1617,-1230,-751,-202,363,895,1331,1637,1809,1836,1681,1386,977,463,-74,-591,-1054,-1405,-1610,-1659,-1545,-1282,-909,-454,38,503,888,1171,1339,1342,1208,964,646,292,-79,-410,-681,-864,-960,-969,-858,-675,-430,-118,185,457,656,773,780,657,439,137,-128,7,0,0,0,0,0,0,0,0,0,0,0,0,0,0,0,0,0,0,0,0,0,0,0,0,0,0,0,0,0,0,0,0,0,0,0,0,0,0,0,0,0,0,0,0,0,0,0,0,0,0,0,0,0,0,0,0,0,0,0,0,0,0,0,0,0,0,0,0,0,0,0,0,0,0,0,0,0,0,0,0,0,0,0,0,0,0,0,0,0,0,0,0,0,0,0,0,0,0,0,0,0,0,0,0,0,0,0,0,0,0,0,0,0,0,0,0,0,0,0,0,0,0,0,0,0,0,0,0,0,0,0,0,0,0,0,0,0,0,0,0,0,0,0,0,0,0,0,0,0,0,0,0,0,0,0,0,0,0,0,0,0,0,0,0,0,0,0,0,0,0,0,0,0,0,0,0,0,0,0,0,0,0,0,0,0,0,0,0,0,0,0,0,0,0,0,0,0,0,0,0,0,0,0,0,0,0,0,0,0,0,0,0,0,0,0,0,0,0,0,0,0,0,0,0,0,0,0,0,0,0,0,0,0,0,0,0,0,0,0,0,0,0,0,0,0,0,0,0,0,0,0,0,0,0,0,0,0,26,-3,-19,405,221,-78,-406,-678,-826,-822,-698,-478,-185,143,463,729,924,1030,1028,917,686,362,-7,-383,-739,-1033,-1215,-1286,-1226,-1036,-734,-350,78,479,851,1136,1303,1359,1266,1055,781,417,29,-325,-631,-885,-1064,-1148,-1143,-1017,-841,-624,-335,-45,212,441,635,790,872,878,829,758,616,433,247,53,-117,-280,-420,-505,-581,-622,-650,-651,-621,-563,-466,-356,-202,-35,130,318,499,648,768,821,837,794,676,491,285,56,-171,-387,-584,-737,-822,-873,-878,-799,-677,-520,-311,-86,108,310,533,676,775,845,870,849,753,589,421,219,-16,-240,-465,-650,-806,-920,-961,-934,-854,-689,-481,-246,-82,234,483,685,845,940,982,949,850,698,503,269,24,-203,-419,-603,-757,-866,-909,-903,-849,-755,-615,-424,-196,23,235,460,654,822,943,1027,1044,988,876,703,472,168,-138,-443,-750,-1013,-1239,-1384,-1440,-1362,-1167,-901,-534,-113,342,802,1213,1524,1719,1800,1724,1484,1111,666,149,-393,-908,-1366,-1703,-1894,-1928,-1803,-1520,-1093,-575,-22,529,1046,1478,1763,1909,1885,1689,1334,876,361,-197,-724,-1176,-1531,-1736,-1773,-1653,-1380,-975,-496,32,543,978,1305,1487,1520,1394,1133,790,375,-73,-471,-795,-1026,-1136,-1129,-1011,-787,-517,-223,101,392,629,795,873,842,721,503,227,-84,-375,-573,-665,-619,14,6
61994,mtk,MTK 7916,2149792312,rx1-tx0,512,0,0,0,0,0,0,0,0,0,0,0,0,0,0,0,0,0,0,0,0,0,0,0,0,0,0,0,0,0,0,0,0,0,0,0,0,0,0,0,0,0,0,0,0,0,0,0,0,0,0,0,0,0,0,0,0,0,0,0,0,0,0,0,0,0,0,0,0,0,0,0,0,0,0,0,0,0,0,0,0,0,0,0,0,0,0,0,0,0,0,0,0,0,0,0,0,0,0,0,0,0,0,0,0,0,0,0,0,0,0,0,0,0,0,0,0,0,0,0,0,0,0,0,0,0,0,0,0,0,0,0,0,0,0,0,0,0,0,0,0,0,0,0,0,0,0,0,0,0,0,0,0,0,0,0,0,0,0,0,0,0,0,0,0,0,0,0,0,0,0,0,0,0,0,0,0,0,0,0,0,0,0,0,0,0,0,0,0,0,0,0,0,0,0,0,0,0,0,0,0,0,0,0,0,0,0,0,0,0,0,0,0,0,0,0,0,0,0,0,0,0,0,0,0,0,0,0,0,0,0,0,0,0,0,0,0,0,0,0,0,0,0,0,0,0,0,0,0,0,0,0,0,0,0,0,0,98,452,49,-285,-565,-755,-784,-647,-365,-1,370,684,922,1039,1022,906,683,356,-14,-396,-772,-1068,-1277,-1341,-1271,-1055,-728,-314,154,619,1030,1337,1510,1513,1368,1101,741,295,-167,-610,-987,-1248,-1393,-1405,-1292,-1093,-790,-449,-91,274,576,824,1006,1119,1114,1027,900,707,499,246,-25,-248,-458,-628,-752,-826,-856,-832,-749,-630,-503,-315,-106,101,313,496,666,801,862,863,809,710,533,308,103,-141,-358,-538,-695,-775,-804,-766,-667,-546,-376,-189,-11,172,320,443,527,564,562,523,450,364,260,149,39,-67,-153,-208,-256,-309,-322,-311,-311,-302,-280,-237,-203,-166,-97,-43,27,113,184,262,-686,362,398,412,400,346,272,193,94,-21,-146,-245,-345,-453,-511,-526,-516,-462,-402,-309,-180,-49,91,235,366,476,554,614,629,591,530,438,297,139,-40,-234,-410,-549,-663,-768,-800,-758,-685,-543,-341,-113,123,355,555,736,846,904,897,786,639,450,213,-47,-278,-493,-676,-806,-857,-848,-776,-647,-464,-258,-69,145,369,547,678,748,762,719,630,492,308,132,-51,-243,-416,-532,-586,-609,-577,-532,-460,-339,-200,-59,66,191,299,386,453,482,487,466,431,347,245,119,-44,-199,-361,-505,-608,-674,-660,-576,-434,-243,-2,256,510,722,834,851,737,492,159,-217,-531,-700,1256,1083,0,0,0,0,0,0,0,0,0,0,0,0,0,0,0,0,0,0,0,0,0,0,0,0,0,0,0,0,0,0,0,0,0,0,0,0,0,0,0,0,0,0,0,0,0,0,0,0,0,0,0,0,0,0,0,0,0,0,0,0,0,0,0,0,0,0,0,0,0,0,0,0,0,0,0,0,0,0,0,0,0,0,0,0,0,0,0,0,0,0,0,0,0,0,0,0,0,0,0,0,0,0,0,0,0,0,0,0,0,0,0,0,0,0,0,0,0,0,0,0,0,0,0,0,0,0,0,0,0,0,0,0,0,0,0,0,0,0,0,0,0,0,0,0,0,0,0,0,0,0,0,0,0,0,0,0,0,0,0,0,0,0,0,0,0,0,0,0,0,0,0,0,0,0,0,0,0,0,0,0,0,0,0,0,0,0,0,0,0,0,0,0,0,0,0,0,0,0,0,0,0,0,0,0,0,0,0,0,0,0,0,0,0,0,0,0,0,0,0,0,0,0,0,0,0,0,0,0,0,0,0,0,0,0,0,0,0,0,0,0,0,0,0,0,0,0,0,0,0,0,0,0,0,0,0,0,-999,-1219,-1284,-514,-378,-87,262,602,845,940,888,712,444,102,-258,-587,-886,-1090,-1168,-1151,-990,-715,-342,98,535,927,1223,1411,1457,1360,1111,749,289,-203,-665,-1061,-1346,-1501,-1499,-1367,-1117,-753,-337,91,475,805,1059,1220,1280,1224,1065,846,587,277,-43,-311,-551,-738,-874,-963,-955,-897,-791,-638,-458,-247,-46,163,358,509,668,792,842,840,783,688,550,354,123,-96,-304,-503,-680,-788,-837,-847,-775,-658,-478,-255,-34,182,355,519,651,701,702,649,561,439,291,132,-4,-139,-248,-332,-392,-419,-429,-414,-367,-309,-265,-186,-102,-36,17,77,140,190,224,280,322,333,347,327,301,267,9,133,46,-52,-160,-258,-335,-404,-463,-492,-466,-414,-351,-250,-129,-4,120,246,358,463,525,548,560,532,469,363,237,94,-80,-239,-376,-512,-608,-666,-699,-692,-624,-493,-358,-165,64,277,475,652,786,852,866,804,694,527,300,61,-210,-445,-638,-794,-896,-917,-849,-746,-578,-360,-116,119,351,546,697,771,809,807,730,592,412,210,-9,-209,-399,-560,-656,-687,-688,-648,-543,-408,-246,-67,101,236,361,463,518,535,518,478,408,320,217,90,-34,-154,-278,-388,-476,-543,-569,-549,-489,-372,-220,-22,200,402,575,703,765,742,628,421,146,-162,-483,-739,-872,-838,-630,-364,-323,-698
61995,mtk,MTK 7916,2149792312,rx1-tx1,512,0,0,0,0,0,0,0,0,0,0,0,0,0,0,0,0,0,0,0,0,0,0,0,0,0,0,0,0,0,0,0,0,0,0,0,0,0,0,0,0,0,0,0,0,0,0,0,0,0,0,0,0,0,0,0,0,0,0,0,0,0,0,0,0,0,0,0,0,0,0,0,0,0,0,0,0,0,0,0,0,0,0,0,0,0,0,0,0,0,0,0,0,0,0,0,0,0,0,0,0,0,0,0,0,0,0,0,0,0,0,0,0,0,0,0,0,0,0,0,0,0,0,0,0,0,0,0,0,0,0,0,0,0,0,0,0,0,0,0,0,0,0,0,0,0,0,0,0,0,0,0,0,0,0,0,0,0,0,0,0,0,0,0,0,0,0,0,0,0,0,0,0,0,0,0,0,0,0,0,0,0,0,0,0,0,0,0,0,0,0,0,0,0,0,0,0,0,0,0,0,0,0,0,0,0,0,0,0,0,0,0,0,0,0,0,0,0,0,0,0,0,0,0,0,0,0,0,0,0,0,0,0,0,0,0,0,0,0,0,0,0,0,0,0,0,0,0,0,0,0,0,0,0,0,0,0,-282,-270,-395,-58,-116,-167,-206,-229,-212,-157,-73,30,129,200,234,232,184,86,-41,-165,-248,-280,-238,-143,-9,137,250,306,296,211,59,-116,-276,-371,-373,-286,-120,88,285,423,464,384,202,-42,-295,-481,-548,-479,-300,-40,250,489,627,611,430,122,-210,-502,-692,-699,-523,-212,146,475,695,745,614,319,-65,-436,-696,-804,-709,-420,-22,378,669,819,772,508,104,-309,-645,-833,-811,-595,-223,201,561,780,795,612,271,-144,-522,-754,-774,-593,-268,114,470,699,749,596,290,-75,-418,-654,-723,-605,-340,11,350,590,672,561,298,-24,-318,-531,-602,-514,-286,31,328,526,570,470,0,-64,-320,-491,-534,-418,-180,98,339,487,493,372,140,-132,-377,-503,-475,-306,-48,234,456,545,493,304,10,-289,-523,-619,-542,-312,8,342,592,686,605,363,6,-365,-654,-773,-691,-425,-38,365,674,821,756,490,84,-349,-689,-874,-831,-570,-172,265,639,860,854,634,254,-200,-612,-870,-896,-694,-317,132,549,819,886,731,398,-28,-448,-750,-863,-761,-465,-64,351,670,827,767,509,129,-275,-624,-818,-804,-593,-241,170,542,787,845,710,413,13,-379,-687,-827,-793,-580,-233,162,511,732,791,686,437,100,-245,-542,-730,-741,-609,-380,-74,244,494,654,714,659,515,289,244,63,0,0,0,0,0,0,0,0,0,0,0,0,0,0,0,0,0,0,0,0,0,0,0,0,0,0,0,0,0,0,0,0,0,0,0,0,0,0,0,0,0,0,0,0,0,0,0,0,0,0,0,0,0,0,0,0,0,0,0,0,0,0,0,0,0,0,0,0,0,0,0,0,0,0,0,0,0,0,0,0,0,0,0,0,0,0,0,0,0,0,0,0,0,0,0,0,0,0,0,0,0,0,0,0,0,0,0,0,0,0,0,0,0,0,0,0,0,0,0,0,0,0,0,0,0,0,0,0,0,0,0,0,0,0,0,0,0,0,0,0,0,0,0,0,0,0,0,0,0,0,0,0,0,0,0,0,0,0,0,0,0,0,0,0,0,0,0,0,0,0,0,0,0,0,0,0,0,0,0,0,0,0,0,0,0,0,0,0,0,0,0,0,0,0,0,0,0,0,0,0,0,0,0,0,0,0,0,0,0,0,0,0,0,0,0,0,0,0,0,0,0,0,0,0,0,0,0,0,0,0,0,0,0,0,0,0,0,0,0,0,0,0,0,0,0,0,0,0,0,0,0,0,0,0,0,0,288,-477,-368,160,153,121,63,-23,-110,-186,-236,-253,-226,-155,-41,75,179,252,264,207,120,-8,-137,-238,-282,-264,-174,-28,136,260,327,328,238,71,-116,-286,-400,-418,-324,-143,95,297,443,503,460,272,8,-271,-490,-574,-530,-362,-93,221,493,637,620,445,153,-196,-505,-688,-710,-564,-272,118,488,723,782,659,375,-12,-411,-713,-839,-753,-478,-98,316,656,811,762,524,153,-251,-600,-802,-793,-582,-221,194,549,771,798,612,262,-145,-498,-728,-775,-612,-303,70,422,668,728,605,332,-38,-394,-628,-700,-585,-312,26,345,572,646,531,276,-27,-312,-517,-581,-487,-255,39,314,0,541,436,217,-68,-336,-491,-510,-389,-152,128,368,504,494,345,95,-185,-410,-524,-485,-305,-27,275,501,577,501,300,4,-323,-573,-658,-565,-329,5,347,610,728,662,405,34,-362,-672,-801,-709,-444,-65,342,674,829,771,515,124,-316,-688,-879,-860,-627,-226,245,658,883,890,675,297,-154,-566,-839,-891,-718,-374,66,486,757,852,744,430,-12,-418,-722,-843,-750,-464,-78,332,667,840,794,553,185,-233,-606,-821,-842,-666,-336,68,457,729,827,746,504,134,-267,-590,-773,-794,-637,-333,49,394,650,762,720,524,225,-126,-438,-673,-767,-715,-542,-303,-10,249,424,539,-517,-564
61996,mtk,MTK 7916,2149792312,rx2-tx0,512,0,0,0,0,0,0,0,0,0,0,0,0,0,0,0,0,0,0,0,0,0,0,0,0,0,0,0,0,0,0,0,0,0,0,0,0,0,0,0,0,0,0,0,0,0,0,0,0,0,0,0,0,0,0,0,0,0,0,0,0,0,0,0,0,0,0,0,0,0,0,0,0,0,0,0,0,0,0,0,0,0,0,0,0,0,0,0,0,0,0,0,0,0,0,0,0,0,0,0,0,0,0,0,0,0,0,0,0,0,0,0,0,0,0,0,0,0,0,0,0,0,0,0,0,0,0,0,0,0,0,0,0,0,0,0,0,0,0,0,0,0,0,0,0,0,0,0,0,0,0,0,0,0,0,0,0,0,0,0,0,0,0,0,0,0,0,0,0,0,0,0,0,0,0,0,0,0,0,0,0,0,0,0,0,0,0,0,0,0,0,0,0,0,0,0,0,0,0,0,0,0,0,0,0,0,0,0,0,0,0,0,0,0,0,0,0,0,0,0,0,0,0,0,0,0,0,0,0,0,0,0,0,0,0,0,0,0,0,0,0,0,0,0,0,0,0,0,0,0,0,0,0,0,0,0,0,794,220,459,-72,-28,17,73,123,158,172,159,119,67,-10,-89,-157,-194,-192,-142,-63,30,123,201,229,215,143,38,-79,-165,-221,-232,-189,-101,9,114,191,222,190,107,12,-78,-153,-181,-168,-114,-31,73,159,209,216,141,20,-102,-196,-243,-219,-163,-56,81,188,232,241,191,94,-28,-145,-232,-257,-218,-123,5,133,229,248,215,126,7,-102,-185,-220,-199,-125,-25,84,168,202,179,118,18,-82,-155,-183,-179,-122,-34,51,125,163,178,141,71,-22,-80,-128,-147,-121,-70,-20,39,64,75,73,54,31,13,-10,-20,-19,-18,-28,-24,-19,-32,-43,-48,-24,5,30,0,100,106,89,30,-39,-99,-143,-165,-141,-73,13,107,184,209,193,132,36,-67,-158,-226,-232,-184,-99,29,149,215,227,197,123,17,-100,-180,-210,-188,-123,-21,75,158,201,194,133,44,-54,-133,-200,-205,-149,-54,45,113,140,136,112,67,2,-51,-85,-84,-57,-8,58,105,109,74,37,-17,-79,-134,-149,-129,-78,11,94,141,149,131,93,36,-41,-101,-116,-109,-89,-55,4,43,73,76,58,11,-22,-35,-30,-19,3,40,61,70,55,26,-22,-71,-111,-120,-110,-72,0,82,149,199,211,169,93,12,-78,-162,-220,-248,-237,-205,-124,-23,66,127,190,-493,-272,0,0,0,0,0,0,0,0,0,0,0,0,0,0,0,0,0,0,0,0,0,0,0,0,0,0,0,0,0,0,0,0,0,0,0,0,0,0,0,0,0,0,0,0,0,0,0,0,0,0,0,0,0,0,0,0,0,0,0,0,0,0,0,0,0,0,0,0,0,0,0,0,0,0,0,0,0,0,0,0,0,0,0,0,0,0,0,0,0,0,0,0,0,0,0,0,0,0,0,0,0,0,0,0,0,0,0,0,0,0,0,0,0,0,0,0,0,0,0,0,0,0,0,0,0,0,0,0,0,0,0,0,0,0,0,0,0,0,0,0,0,0,0,0,0,0,0,0,0,0,0,0,0,0,0,0,0,0,0,0,0,0,0,0,0,0,0,0,0,0,0,0,0,0,0,0,0,0,0,0,0,0,0,0,0,0,0,0,0,0,0,0,0,0,0,0,0,0,0,0,0,0,0,0,0,0,0,0,0,0,0,0,0,0,0,0,0,0,0,0,0,0,0,0,0,0,0,0,0,0,0,0,0,0,0,0,0,0,0,0,0,0,0,0,0,0,0,0,0,0,0,0,0,0,0,0,572,730,610,-126,-151,-165,-156,-126,-74,3,79,134,180,198,171,114,40,-57,-161,-221,-223,-186,-113,-10,92,181,232,227,168,78,-32,-142,-202,-210,-189,-122,-3,121,182,197,184,126,26,-93,-183,-218,-188,-120,-24,96,203,246,225,155,42,-73,-175,-242,-240,-163,-61,59,159,224,237,197,94,-34,-163,-233,-245,-193,-104,0,113,201,243,218,137,29,-82,-179,-214,-185,-103,-15,65,138,186,164,101,19,-69,-152,-180,-173,-129,-53,36,117,167,166,142,87,18,-39,-82,-94,-81,-57,-34,-6,21,32,26,21,21,19,18,11,15,19,10,-11,-30,-53,-79,-77,0,-3,51,104,129,131,99,44,-42,-117,-166,-197,-183,-118,-17,79,157,209,218,164,67,-37,-138,-215,-230,-176,-103,-12,111,188,220,196,114,10,-92,-175,-215,-210,-155,-65,52,147,198,196,148,56,-43,-112,-149,-162,-119,-50,13,75,118,136,111,47,-35,-98,-112,-86,-49,-1,54,94,113,115,66,-1,-69,-117,-143,-113,-67,7,70,112,125,124,87,24,-42,-84,-104,-94,-68,-30,17,59,84,72,40,6,-13,-30,-37,-29,1,35,69,85,73,29,-15,-74,-143,-175,-164,-112,-41,45,129,195,228,231,182,80,-14,-110,-200,-263,-276,-245,-202,-133,568,699
61997,mtk,MTK 7916,2149792312,rx2-tx1,512,0,0,0,0,0,0,0,0,0,0,0,0,0,0,0,0,0,0,0,0,0,0,0,0,0,0,0,0,0,0,0,0,0,0,0,0,0,0,0,0,0,0,0,0,0,0,0,0,0,0,0,0,0,0,0,0,0,0,0,0,0,0,0,0,0,0,0,0,0,0,0,0,0,0,0,0,0,0,0,0,0,0,0,0,0,0,0,0,0,0,0,0,0,0,0,0,0,0,0,0,0,0,0,0,0,0,0,0,0,0,0,0,0,0,0,0,0,0,0,0,0,0,0,0,0,0,0,0,0,0,0,0,0,0,0,0,0,0,0,0,0,0,0,0,0,0,0,0,0,0,0,0,0,0,0,0,0,0,0,0,0,0,0,0,0,0,0,0,0,0,0,0,0,0,0,0,0,0,0,0,0,0,0,0,0,0,0,0,0,0,0,0,0,0,0,0,0,0,0,0,0,0,0,0,0,0,0,0,0,0,0,0,0,0,0,0,0,0,0,0,0,0,0,0,0,0,0,0,0,0,0,0,0,0,0,0,0,0,0,0,0,0,0,0,0,0,0,0,0,0,0,0,0,0,0,0,381,-257,-425,9,36,53,62,65,57,38,9,-17,-42,-66,-77,-72,-59,-27,24,68,91,101,94,64,15,-47,-91,-125,-149,-116,-53,20,92,161,196,197,150,62,-52,-163,-239,-267,-250,-169,-41,111,248,336,342,274,137,-38,-216,-344,-405,-387,-265,-61,156,331,441,459,371,201,-32,-284,-462,-533,-496,-344,-92,199,428,559,574,459,235,-54,-322,-531,-605,-551,-367,-104,172,423,590,590,449,220,-66,-332,-499,-556,-477,-279,-35,213,411,504,474,331,96,-139,-344,-460,-451,-334,-150,77,284,405,418,337,170,-38,-235,-357,-405,-336,-179,14,195,333,369,307,169,-5,0,-276,-326,-290,-182,-28,131,253,296,261,168,34,-117,-235,-295,-261,-174,-31,118,235,285,263,167,26,-104,-209,-268,-260,-161,-29,108,230,287,260,170,28,-117,-242,-303,-293,-209,-75,97,237,316,315,254,151,-7,-173,-290,-319,-280,-180,-37,117,219,264,261,192,77,-54,-172,-247,-252,-193,-94,23,134,206,235,205,123,11,-97,-179,-215,-201,-146,-62,31,130,189,184,143,98,32,-44,-99,-137,-148,-127,-83,-23,42,100,122,128,109,75,35,-11,-46,-68,-79,-81,-76,-62,-50,-27,12,40,67,83,89,92,77,37,2,-25,-60,-100,-112,-109,-101,-75,304,117,0,0,0,0,0,0,0,0,0,0,0,0,0,0,0,0,0,0,0,0,0,0,0,0,0,0,0,0,0,0,0,0,0,0,0,0,0,0,0,0,0,0,0,0,0,0,0,0,0,0,0,0,0,0,0,0,0,0,0,0,0,0,0,0,0,0,0,0,0,0,0,0,0,0,0,0,0,0,0,0,0,0,0,0,0,0,0,0,0,0,0,0,0,0,0,0,0,0,0,0,0,0,0,0,0,0,0,0,0,0,0,0,0,0,0,0,0,0,0,0,0,0,0,0,0,0,0,0,0,0,0,0,0,0,0,0,0,0,0,0,0,0,0,0,0,0,0,0,0,0,0,0,0,0,0,0,0,0,0,0,0,0,0,0,0,0,0,0,0,0,0,0,0,0,0,0,0,0,0,0,0,0,0,0,0,0,0,0,0,0,0,0,0,0,0,0,0,0,0,0,0,0,0,0,0,0,0,0,0,0,0,0,0,0,0,0,0,0,0,0,0,0,0,0,0,0,0,0,0,0,0,0,0,0,0,0,0,0,0,0,0,0,0,0,0,0,0,0,0,0,0,0,0,0,0,0,-1037,-535,-425,-30,-17,-8,6,22,41,62,70,57,37,22,-9,-46,-70,-89,-99,-72,-32,12,53,92,126,133,110,54,-24,-109,-161,-180,-171,-120,-39,65,153,232,249,208,113,-9,-148,-245,-289,-291,-221,-75,87,230,338,377,318,178,12,-182,-357,-457,-438,-333,-148,96,306,460,509,437,254,26,-220,-430,-552,-543,-410,-170,109,362,541,590,495,277,15,-249,-466,-582,-565,-426,-164,128,377,552,600,489,269,10,-250,-444,-528,-486,-334,-95,158,357,469,465,331,115,-101,-291,-411,-427,-332,-158,64,247,364,399,334,179,-7,-203,-345,-381,-315,-186,-7,175,292,320,0,175,12,-143,-248,-298,-280,-176,-20,132,243,292,267,173,26,-123,-241,-280,-260,-174,-38,118,219,271,247,157,22,-118,-228,-278,-265,-166,-35,111,237,307,289,202,62,-91,-232,-316,-314,-240,-108,45,194,292,321,270,152,5,-148,-253,-289,-251,-160,-41,80,184,251,250,197,90,-39,-153,-223,-232,-190,-107,-11,86,168,200,184,120,39,-55,-135,-183,-181,-146,-75,8,87,142,162,152,115,65,-6,-86,-136,-148,-135,-107,-69,-14,35,79,107,111,90,60,40,12,-20,-50,-64,-70,-76,-73,-51,-22,2,30,57,74,75,81,83,54,16,-11,-30,-53,-534,-595
61998,mtk,MTK 7916,2149834908,rx0-tx0,512,0,0,0,0,0,0,0,0,0,0,0,0,0,0,0,0,0,0,0,0,0,0,0,0,0,0,0,0,0,0,0,0,0,0,0,0,0,0,0,0,0,0,0,0,0,0,0,0,0,0,0,0,0,0,0,0,0,0,0,0,0,0,0,0,0,0,0,0,0,0,0,0,0,0,0,0,0,0,0,0,0,0,0,0,0,0,0,0,0,0,0,0,0,0,0,0,0,0,0,0,0,0,0,0,0,0,0,0,0,0,0,0,0,0,0,0,0,0,0,0,0,0,0,0,0,0,0,0,0,0,0,0,0,0,0,0,0,0,0,0,0,0,0,0,0,0,0,0,0,0,0,0,0,0,0,0,0,0,0,0,0,0,0,0,0,0,0,0,0,0,0,0,0,0,0,0,0,0,0,0,0,0,0,0,0,0,0,0,0,0,0,0,0,0,0,0,0,0,0,0,0,0,0,0,0,0,0,0,0,0,0,0,0,0,0,0,0,0,0,0,0,0,0,0,0,0,0,0,0,0,0,0,0,0,0,0,0,0,0,0,0,0,0,0,0,0,0,0,0,0,0,0,0,0,0,0,-364,-417,-636,-521,-175,335,790,1005,920,567,57,-476,-884,-1110,-1097,-836,-403,116,615,1028,1245,1216,958,497,-75,-634,-1098,-1362,-1369,-1148,-705,-130,480,1006,1353,1483,1353,997,476,-132,-720,-1210,-1479,-1500,-1311,-892,-308,308,892,1320,1550,1546,1287,815,194,-453,-1006,-1408,-1611,-1551,-1225,-722,-93,546,1100,1473,1617,1513,1161,647,25,-602,-1113,-1451,-1556,-1406,-1042,-547,39,594,1032,1329,1415,1289,984,525,-1,-491,-910,-1204,-1304,-1190,-931,-545,-63,406,789,1055,1178,1101,902,553,98,-336,-694,-953,-1050,-1004,-815,-490,-132,235,548,784,878,852,719,485,206,-86,-361,-568,-675,-699,-632,-493,-312,-98,-330,303,466,573,613,583,492,343,142,-94,-302,-504,-645,-716,-688,-573,-360,-93,206,492,714,864,869,780,553,228,-139,-499,-798,-980,-1037,-931,-666,-315,107,527,880,1092,1144,1040,777,403,-70,-525,-890,-1154,-1243,-1143,-868,-452,45,523,945,1221,1318,1232,942,501,-12,-550,-974,-1281,-1404,-1298,-988,-525,40,601,1076,1377,1486,1343,988,467,-124,-719,-1204,-1486,-1533,-1336,-912,-337,284,877,1336,1563,1523,1222,714,98,-553,-1091,-1448,-1537,-1380,-972,-392,242,827,1265,1476,1418,1111,615,9,-582,-1055,-1352,-1393,-1188,-746,-167,424,937,1288,1408,1225,777,142,-539,-1134,-1442,-1364,-872,-129,512,390,130,0,0,0,0,0,0,0,0,0,0,0,0,0,0,0,0,0,0,0,0,0,0,0,0,0,0,0,0,0,0,0,0,0,0,0,0,0,0,0,0,0,0,0,0,0,0,0,0,0,0,0,0,0,0,0,0,0,0,0,0,0,0,0,0,0,0,0,0,0,0,0,0,0,0,0,0,0,0,0,0,0,0,0,0,0,0,0,0,0,0,0,0,0,0,0,0,0,0,0,0,0,0,0,0,0,0,0,0,0,0,0,0,0,0,0,0,0,0,0,0,0,0,0,0,0,0,0,0,0,0,0,0,0,0,0,0,0,0,0,0,0,0,0,0,0,0,0,0,0,0,0,0,0,0,0,0,0,0,0,0,0,0,0,0,0,0,0,0,0,0,0,0,0,0,0,0,0,0,0,0,0,0,0,0,0,0,0,0,0,0,0,0,0,0,0,0,0,0,0,0,0,0,0,0,0,0,0,0,0,0,0,0,0,0,0,0,0,0,0,0,0,0,0,0,0,0,0,0,0,0,0,0,0,0,0,0,0,0,0,0,0,0,0,0,0,0,0,0,0,0,0,0,0,0,0,0,-49,-740,-572,494,787,827,540,48,-491,-904,-1077,-974,-645,-181,350,805,1090,1170,1029,685,168,-388,-883,-1223,-1330,-1194,-847,-313,268,826,1248,1450,1386,1068,574,-19,-615,-1106,-1413,-1491,-1321,-920,-350,239,807,1271,1531,1537,1289,824,252,-377,-943,-1373,-1599,-1546,-1250,-789,-172,478,1052,1452,1629,1534,1199,670,56,-578,-1103,-1455,-1594,-1468,-1113,-594,23,609,1079,1390,1484,1340,1011,536,-15,-537,-980,-1280,-1346,-1242,-962,-553,-43,449,847,1144,1244,1152,889,535,88,-345,-728,-1033,-1151,-1069,-861,-521,-121,272,643,879,969,930,763,498,168,-154,-455,-670,-780,-775,-666,-459,-218,22,255,436,558,628,-82,532,389,209,-2,-199,-379,-520,-626,-647,-593,-465,-263,-8,252,504,698,795,808,678,461,157,-180,-489,-769,-932,-969,-854,-609,-264,124,528,844,1041,1104,994,719,333,-93,-518,-876,-1127,-1220,-1086,-815,-420,62,539,934,1200,1287,1188,912,483,-12,-523,-967,-1257,-1372,-1264,-964,-533,9,555,1024,1338,1451,1338,1002,518,-64,-656,-1142,-1442,-1520,-1355,-958,-410,204,787,1263,1515,1535,1305,841,231,-428,-1004,-1392,-1570,-1470,-1130,-583,64,687,1204,1485,1509,1263,807,213,-412,-951,-1316,-1452,-1316,-953,-417,185,751,1185,1366,1311,1014,524,-90,-722,-1206,-1434,-1345,-925,-250,504,1113,1330,1142,-753,-836
61999,mtk,MTK 7916,2149834908,rx0-tx1,512,0,0,0,0,0,0,0,0,0,0,0,0,0,0,0,0,0,0,0,0,0,0,0,0,0,0,0,0,0,0,0,0,0,0,0,0,0,0,0,0,0,0,0,0,0,0,0,0,0,0,0,0,0,0,0,0,0,0,0,0,0,0,0,0,0,0,0,0,0,0,0,0,0,0,0,0,0,0,0,0,0,0,0,0,0,0,0,0,0,0,0,0,0,0,0,0,0,0,0,0,0,0,0,0,0,0,0,0,0,0,0,0,0,0,0,0,0,0,0,0,0,0,0,0,0,0,0,0,0,0,0,0,0,0,0,0,0,0,0,0,0,0,0,0,0,0,0,0,0,0,0,0,0,0,0,0,0,0,0,0,0,0,0,0,0,0,0,0,0,0,0,0,0,0,0,0,0,0,0,0,0,0,0,0,0,0,0,0,0,0,0,0,0,0,0,0,0,0,0,0,0,0,0,0,0,0,0,0,0,0,0,0,0,0,0,0,0,0,0,0,0,0,0,0,0,0,0,0,0,0,0,0,0,0,0,0,0,0,0,0,0,0,0,0,0,0,0,0,0,0,0,0,0,0,0,0,-449,7,-9,455,237,-153,-544,-782,-786,-554,-170,278,671,913,948,789,453,5,-467,-865,-1098,-1117,-901,-484,30,568,1023,1271,1273,1012,556,-32,-605,-1068,-1336,-1337,-1081,-654,-98,470,926,1208,1268,1103,755,293,-187,-637,-965,-1123,-1077,-882,-544,-146,262,625,843,940,884,694,445,117,-193,-461,-638,-707,-697,-612,-424,-217,-4,225,439,578,663,674,598,459,231,-42,-312,-554,-729,-805,-768,-604,-340,-16,340,614,812,894,820,640,364,14,-309,-603,-808,-870,-829,-663,-385,-77,229,526,758,858,859,722,492,192,-149,-466,-712,-863,-908,-806,-586,-279,64,434,728,904,953,859,653,314,510,-425,-723,-925,-985,-893,-675,-359,-5,362,669,861,943,877,695,416,83,-265,-568,-794,-907,-890,-782,-543,-231,109,436,712,921,983,931,745,440,74,-349,-724,-1027,-1177,-1182,-1008,-657,-197,345,858,1246,1480,1454,1194,740,127,-552,-1145,-1570,-1737,-1610,-1220,-598,131,886,1494,1837,1890,1596,1035,296,-522,-1238,-1756,-1964,-1826,-1367,-663,147,919,1537,1877,1890,1567,964,206,-572,-1247,-1700,-1843,-1646,-1170,-474,304,992,1502,1720,1602,1195,571,-153,-809,-1288,-1509,-1422,-1068,-518,98,653,1045,1222,1152,882,430,-49,-496,-817,-961,-927,-702,-356,55,434,727,844,762,511,124,-282,-583,-675,-574,7,0,0,0,0,0,0,0,0,0,0,0,0,0,0,0,0,0,0,0,0,0,0,0,0,0,0,0,0,0,0,0,0,0,0,0,0,0,0,0,0,0,0,0,0,0,0,0,0,0,0,0,0,0,0,0,0,0,0,0,0,0,0,0,0,0,0,0,0,0,0,0,0,0,0,0,0,0,0,0,0,0,0,0,0,0,0,0,0,0,0,0,0,0,0,0,0,0,0,0,0,0,0,0,0,0,0,0,0,0,0,0,0,0,0,0,0,0,0,0,0,0,0,0,0,0,0,0,0,0,0,0,0,0,0,0,0,0,0,0,0,0,0,0,0,0,0,0,0,0,0,0,0,0,0,0,0,0,0,0,0,0,0,0,0,0,0,0,0,0,0,0,0,0,0,0,0,0,0,0,0,0,0,0,0,0,0,0,0,0,0,0,0,0,0,0,0,0,0,0,0,0,0,0,0,0,0,0,0,0,0,0,0,0,0,0,0,0,0,0,0,0,0,0,0,0,0,0,0,0,0,0,0,0,0,0,0,0,0,0,0,0,0,0,0,0,0,0,0,0,0,0,0,0,0,0,0,0,26,-3,-19,-315,-590,-691,-529,-162,287,661,873,863,640,257,-188,-601,-908,-1048,-965,-677,-236,281,764,1094,1217,1114,764,248,-341,-867,-1238,-1352,-1214,-846,-313,283,810,1184,1337,1240,922,450,-86,-590,-980,-1174,-1176,-984,-638,-194,250,632,906,1025,981,782,471,116,-256,-536,-748,-837,-793,-651,-412,-150,109,370,550,636,667,632,506,314,105,-122,-346,-544,-694,-740,-678,-523,-292,-5,308,600,801,888,809,608,341,2,-326,-606,-827,-891,-829,-659,-365,-46,267,578,777,861,838,699,436,131,-188,-503,-722,-862,-866,-749,-531,-246,94,436,711,872,929,843,615,298,-62,-409,-721,-935,-82,-877,-657,-346,40,405,708,890,952,881,662,369,24,-332,-630,-846,-941,-901,-733,-470,-142,193,500,759,903,930,838,643,337,-34,-382,-718,-942,-1075,-1050,-872,-557,-128,324,780,1125,1325,1332,1107,707,166,-441,-989,-1412,-1629,-1576,-1231,-683,17,712,1319,1719,1842,1653,1148,463,-329,-1066,-1628,-1930,-1890,-1522,-883,-93,721,1409,1841,1946,1717,1186,457,-359,-1103,-1638,-1875,-1785,-1379,-742,41,792,1387,1735,1744,1443,891,162,-567,-1168,-1544,-1613,-1356,-864,-213,457,1003,1329,1379,1156,744,209,-325,-779,-1055,-1088,-930,-595,-186,253,612,841,897,765,482,87,-311,-635,-797,-734,-457,-68,259,14,6
62000,mtk,MTK 7916,2149834908,rx1-tx0,512,0,0,0,0,0,0,0,0,0,0,0,0,0,0,0,0,0,0,0,0,0,0,0,0,0,0,0,0,0,0,0,0,0,0,0,0,0,0,0,0,0,0,0,0,0,0,0,0,0,0,0,0,0,0,0,0,0,0,0,0,0,0,0,0,0,0,0,0,0,0,0,0,0,0,0,0,0,0,0,0,0,0,0,0,0,0,0,0,0,0,0,0,0,0,0,0,0,0,0,0,0,0,0,0,0,0,0,0,0,0,0,0,0,0,0,0,0,0,0,0,0,0,0,0,0,0,0,0,0,0,0,0,0,0,0,0,0,0,0,0,0,0,0,0,0,0,0,0,0,0,0,0,0,0,0,0,0,0,0,0,0,0,0,0,0,0,0,0,0,0,0,0,0,0,0,0,0,0,0,0,0,0,0,0,0,0,0,0,0,0,0,0,0,0,0,0,0,0,0,0,0,0,0,0,0,0,0,0,0,0,0,0,0,0,0,0,0,0,0,0,0,0,0,0,0,0,0,0,0,0,0,0,0,0,0,0,0,0,0,0,0,0,0,0,0,0,0,0,0,0,0,0,0,0,0,0,98,452,49,-567,-403,-23,444,794,911,776,421,-64,-536,-905,-1078,-1013,-744,-295,240,741,1131,1302,1205,845,300,-332,-905,-1340,-1505,-1357,-958,-347,336,955,1384,1551,1419,1025,431,-206,-810,-1268,-1440,-1379,-1069,-593,-42,484,922,1187,1234,1103,795,377,-88,-507,-819,-983,-1007,-906,-648,-311,47,344,625,816,866,819,652,394,103,-214,-504,-742,-863,-855,-722,-482,-146,188,499,743,872,850,725,451,109,-213,-506,-716,-809,-761,-591,-359,-68,220,459,615,661,598,483,295,50,-147,-320,-442,-471,-450,-372,-247,-128,12,144,232,296,315,304,279,220,137,29,-68,-157,-252,-335,-349,-339,-293,-686,-77,83,224,350,427,463,412,303,148,-35,-201,-375,-486,-527,-496,-386,-218,-24,171,373,518,590,579,486,334,114,-140,-361,-536,-648,-661,-592,-419,-198,72,369,587,745,784,710,502,225,-108,-439,-700,-856,-884,-775,-506,-164,207,534,796,922,883,716,443,85,-283,-593,-799,-884,-834,-636,-329,-3,326,582,769,820,727,520,254,-49,-349,-566,-699,-735,-621,-430,-179,86,330,508,599,596,500,323,126,-75,-268,-422,-497,-495,-446,-328,-182,-6,190,348,474,539,516,403,214,-29,-281,-508,-656,-677,-572,-334,-25,323,628,798,811,631,287,-163,-596,-851,-854,-568,-158,1256,1083,0,0,0,0,0,0,0,0,0,0,0,0,0,0,0,0,0,0,0,0,0,0,0,0,0,0,0,0,0,0,0,0,0,0,0,0,0,0,0,0,0,0,0,0,0,0,0,0,0,0,0,0,0,0,0,0,0,0,0,0,0,0,0,0,0,0,0,0,0,0,0,0,0,0,0,0,0,0,0,0,0,0,0,0,0,0,0,0,0,0,0,0,0,0,0,0,0,0,0,0,0,0,0,0,0,0,0,0,0,0,0,0,0,0,0,0,0,0,0,0,0,0,0,0,0,0,0,0,0,0,0,0,0,0,0,0,0,0,0,0,0,0,0,0,0,0,0,0,0,0,0,0,0,0,0,0,0,0,0,0,0,0,0,0,0,0,0,0,0,0,0,0,0,0,0,0,0,0,0,0,0,0,0,0,0,0,0,0,0,0,0,0,0,0,0,0,0,0,0,0,0,0,0,0,0,0,0,0,0,0,0,0,0,0,0,0,0,0,0,0,0,0,0,0,0,0,0,0,0,0,0,0,0,0,0,0,0,0,0,0,0,0,0,0,0,0,0,0,0,0,0,0,0,0,0,0,-999,-1219,-1284,213,557,769,709,380,-88,-550,-887,-1002,-873,-551,-71,431,858,1140,1180,983,580,18,-576,-1070,-1360,-1379,-1121,-638,13,662,1193,1510,1524,1233,713,54,-612,-1156,-1457,-1481,-1269,-788,-196,396,915,1237,1338,1233,921,462,-46,-513,-879,-1083,-1115,-971,-691,-322,52,426,728,893,914,831,655,358,25,-290,-581,-765,-842,-823,-688,-443,-131,197,508,750,879,869,727,479,143,-195,-505,-754,-841,-820,-679,-421,-99,238,487,666,741,691,547,315,52,-185,-372,-535,-582,-527,-438,-261,-80,90,231,326,378,398,353,270,171,51,-56,-154,-231,-292,-305,-301,-278,-231,-124,4,120,244,9,401,394,352,250,116,-48,-230,-366,-467,-489,-466,-363,-190,-5,199,375,491,544,538,453,278,64,-170,-365,-531,-632,-627,-524,-362,-134,110,359,562,676,731,648,464,217,-88,-396,-653,-810,-849,-741,-517,-205,136,495,768,900,890,739,478,121,-246,-565,-807,-912,-861,-668,-391,-60,286,610,792,847,769,574,310,-20,-340,-584,-728,-767,-665,-462,-221,74,342,541,665,660,569,379,148,-87,-313,-469,-532,-539,-464,-324,-133,50,224,370,461,510,476,363,212,10,-216,-419,-565,-624,-574,-415,-168,133,421,642,743,705,496,165,-219,-580,-822,-872,-665,-264,222,624,778,-323,-698
62001,mtk,MTK 7916,2149834908,rx1-tx1,512,0,0,0,0,0,0,0,0,0,0,0,0,0,0,0,0,0,0,0,0,0,0,0,0,0,0,0,0,0,0,0,0,0,0,0,0,0,0,0,0,0,0,0,0,0,0,0,0,0,0,0,0,0,0,0,0,0,0,0,0,0,0,0,0,0,0,0,0,0,0,0,0,0,0,0,0,0,0,0,0,0,0,0,0,0,0,0,0,0,0,0,0,0,0,0,0,0,0,0,0,0,0,0,0,0,0,0,0,0,0,0,0,0,0,0,0,0,0,0,0,0,0,0,0,0,0,0,0,0,0,0,0,0,0,0,0,0,0,0,0,0,0,0,0,0,0,0,0,0,0,0,0,0,0,0,0,0,0,0,0,0,0,0,0,0,0,0,0,0,0,0,0,0,0,0,0,0,0,0,0,0,0,0,0,0,0,0,0,0,0,0,0,0,0,0,0,0,0,0,0,0,0,0,0,0,0,0,0,0,0,0,0,0,0,0,0,0,0,0,0,0,0,0,0,0,0,0,0,0,0,0,0,0,0,0,0,0,0,0,0,0,0,0,0,0,0,0,0,0,0,0,0,0,0,0,0,-282,-270,-395,136,136,129,105,62,7,-64,-130,-180,-223,-254,-260,-230,-169,-92,-1,93,172,222,255,269,240,172,74,-48,-165,-252,-322,-338,-320,-252,-143,-11,142,290,397,455,453,382,247,70,-123,-301,-439,-541,-572,-517,-381,-182,44,275,468,605,656,631,511,299,48,-220,-466,-651,-759,-762,-638,-423,-161,133,426,643,794,838,757,547,265,-47,-355,-609,-768,-820,-765,-609,-371,-64,256,552,747,822,777,628,392,105,-199,-489,-697,-789,-762,-629,-408,-126,161,417,615,732,740,610,402,146,-120,-375,-567,-667,-660,-554,-372,-133,119,345,505,590,587,477,305,87,-144,-331,0,-528,-513,-405,-228,-12,197,365,461,498,454,311,115,-84,-276,-426,-495,-493,-413,-238,-15,200,375,502,559,529,399,197,-45,-287,-491,-624,-681,-624,-463,-217,67,344,581,733,777,717,547,275,-41,-339,-606,-787,-860,-799,-615,-338,-10,314,595,808,899,857,696,425,80,-254,-541,-771,-889,-884,-747,-498,-184,144,455,700,837,852,747,542,252,-76,-385,-637,-797,-833,-758,-578,-324,-19,281,536,730,836,818,682,462,180,-127,-413,-638,-789,-835,-780,-630,-395,-108,173,432,639,763,796,735,590,382,138,-117,-360,-562,-702,-756,-737,-662,-518,-324,-123,62,230,352,459,244,63,0,0,0,0,0,0,0,0,0,0,0,0,0,0,0,0,0,0,0,0,0,0,0,0,0,0,0,0,0,0,0,0,0,0,0,0,0,0,0,0,0,0,0,0,0,0,0,0,0,0,0,0,0,0,0,0,0,0,0,0,0,0,0,0,0,0,0,0,0,0,0,0,0,0,0,0,0,0,0,0,0,0,0,0,0,0,0,0,0,0,0,0,0,0,0,0,0,0,0,0,0,0,0,0,0,0,0,0,0,0,0,0,0,0,0,0,0,0,0,0,0,0,0,0,0,0,0,0,0,0,0,0,0,0,0,0,0,0,0,0,0,0,0,0,0,0,0,0,0,0,0,0,0,0,0,0,0,0,0,0,0,0,0,0,0,0,0,0,0,0,0,0,0,0,0,0,0,0,0,0,0,0,0,0,0,0,0,0,0,0,0,0,0,0,0,0,0,0,0,0,0,0,0,0,0,0,0,0,0,0,0,0,0,0,0,0,0,0,0,0,0,0,0,0,0,0,0,0,0,0,0,0,0,0,0,0,0,0,0,0,0,0,0,0,0,0,0,0,0,0,0,0,0,0,0,0,288,-477,-368,73,110,146,189,221,230,229,209,168,120,47,-43,-119,-184,-240,-268,-263,-215,-146,-52,54,154,242,295,297,264,213,122,-23,-179,-288,-364,-393,-379,-320,-202,-47,128,289,433,510,511,445,319,130,-92,-286,-450,-571,-627,-585,-439,-228,11,257,485,646,723,686,547,353,115,-174,-455,-673,-781,-790,-693,-482,-203,85,380,635,796,846,781,590,317,-9,-323,-578,-752,-833,-782,-609,-357,-68,240,526,720,802,783,646,418,127,-176,-458,-656,-751,-740,-615,-406,-137,145,409,605,710,687,583,388,146,-117,-350,-538,-642,-629,-515,-334,-106,132,334,484,551,540,443,0,33,-184,-352,-472,-526,-481,-357,-169,54,243,384,474,486,415,281,89,-127,-330,-477,-529,-512,-411,-222,20,245,426,578,644,591,441,217,-39,-301,-528,-686,-735,-679,-515,-261,40,355,599,756,823,766,579,314,1,-323,-605,-795,-881,-829,-651,-387,-73,262,573,796,902,883,731,485,162,-183,-487,-725,-864,-871,-752,-526,-228,107,438,686,821,853,772,579,301,-23,-337,-596,-777,-844,-800,-652,-404,-93,219,499,704,819,842,753,550,271,-24,-315,-562,-750,-836,-812,-686,-487,-238,34,294,525,692,772,764,672,503,282,61,-171,-396,-564,-666,-716,-710,-650,-558,-406,-517,-564
62002,mtk,MTK 7916,2149834908,rx2-tx0,512,0,0,0,0,0,0,0,0,0,0,0,0,0,0,0,0,0,0,0,0,0,0,0,0,0,0,0,0,0,0,0,0,0,0,0,0,0,0,0,0,0,0,0,0,0,0,0,0,0,0,0,0,0,0,0,0,0,0,0,0,0,0,0,0,0,0,0,0,0,0,0,0,0,0,0,0,0,0,0,0,0,0,0,0,0,0,0,0,0,0,0,0,0,0,0,0,0,0,0,0,0,0,0,0,0,0,0,0,0,0,0,0,0,0,0,0,0,0,0,0,0,0,0,0,0,0,0,0,0,0,0,0,0,0,0,0,0,0,0,0,0,0,0,0,0,0,0,0,0,0,0,0,0,0,0,0,0,0,0,0,0,0,0,0,0,0,0,0,0,0,0,0,0,0,0,0,0,0,0,0,0,0,0,0,0,0,0,0,0,0,0,0,0,0,0,0,0,0,0,0,0,0,0,0,0,0,0,0,0,0,0,0,0,0,0,0,0,0,0,0,0,0,0,0,0,0,0,0,0,0,0,0,0,0,0,0,0,0,0,0,0,0,0,0,0,0,0,0,0,0,0,0,0,0,0,0,794,220,459,-120,-145,-167,-167,-157,-138,-104,-63,-17,41,98,142,174,191,194,169,123,64,-1,-73,-143,-196,-219,-220,-200,-159,-91,-8,73,149,196,211,202,166,102,34,-35,-105,-165,-211,-209,-186,-131,-63,35,124,188,230,232,197,132,57,-35,-122,-204,-243,-245,-223,-183,-104,-7,93,179,232,255,242,177,97,21,-73,-154,-209,-242,-231,-176,-107,-42,39,101,157,180,189,169,130,49,-39,-107,-162,-181,-180,-153,-118,-60,6,75,130,151,146,136,112,65,26,-3,-33,-75,-99,-85,-67,-66,-50,-31,-18,-19,-9,-1,-6,-7,10,11,7,12,45,77,77,52,0,24,-3,-45,-100,-132,-137,-131,-118,-85,-35,34,95,145,189,216,200,161,99,21,-59,-136,-201,-236,-237,-202,-139,-59,16,77,141,196,208,196,146,80,8,-66,-142,-191,-204,-198,-165,-122,-44,31,93,130,159,158,135,87,40,-15,-64,-98,-114,-104,-79,-44,11,58,76,102,115,83,36,0,-33,-64,-103,-130,-130,-114,-80,-32,9,50,97,124,126,103,71,53,28,-15,-48,-68,-63,-41,-40,-35,2,25,29,31,21,14,-7,-38,-64,-88,-104,-92,-56,-21,13,69,120,150,175,192,190,165,116,46,-32,-94,-146,-203,-254,-261,-256,-242,-219,-182,-493,-272,0,0,0,0,0,0,0,0,0,0,0,0,0,0,0,0,0,0,0,0,0,0,0,0,0,0,0,0,0,0,0,0,0,0,0,0,0,0,0,0,0,0,0,0,0,0,0,0,0,0,0,0,0,0,0,0,0,0,0,0,0,0,0,0,0,0,0,0,0,0,0,0,0,0,0,0,0,0,0,0,0,0,0,0,0,0,0,0,0,0,0,0,0,0,0,0,0,0,0,0,0,0,0,0,0,0,0,0,0,0,0,0,0,0,0,0,0,0,0,0,0,0,0,0,0,0,0,0,0,0,0,0,0,0,0,0,0,0,0,0,0,0,0,0,0,0,0,0,0,0,0,0,0,0,0,0,0,0,0,0,0,0,0,0,0,0,0,0,0,0,0,0,0,0,0,0,0,0,0,0,0,0,0,0,0,0,0,0,0,0,0,0,0,0,0,0,0,0,0,0,0,0,0,0,0,0,0,0,0,0,0,0,0,0,0,0,0,0,0,0,0,0,0,0,0,0,0,0,0,0,0,0,0,0,0,0,0,0,0,0,0,0,0,0,0,0,0,0,0,0,0,0,0,0,0,0,572,730,610,42,26,3,-30,-73,-107,-139,-175,-193,-184,-163,-129,-79,-25,40,108,168,203,222,219,170,105,37,-36,-113,-170,-204,-232,-221,-165,-99,-15,67,137,183,209,215,173,102,30,-41,-121,-167,-195,-213,-179,-102,-28,47,124,187,224,237,208,155,74,-18,-94,-170,-231,-257,-227,-165,-92,-1,86,162,222,251,253,194,104,11,-73,-140,-170,-194,-202,-173,-111,-38,43,117,173,203,185,134,81,39,-32,-103,-155,-181,-181,-160,-119,-61,5,50,86,121,134,127,100,65,27,-1,-25,-49,-57,-46,-34,-34,-17,-8,-18,-25,-28,-47,-57,-54,-44,-23,7,47,0,98,120,121,95,75,29,-38,-100,-150,-188,-185,-175,-139,-71,-3,78,157,209,232,226,190,120,34,-36,-110,-184,-217,-217,-210,-156,-78,-7,72,153,200,206,200,162,95,22,-53,-126,-179,-203,-205,-171,-120,-62,23,104,142,151,140,112,79,23,-37,-86,-107,-105,-90,-60,-23,24,88,135,147,120,92,55,25,-37,-93,-117,-144,-154,-122,-86,-48,-3,53,94,113,119,101,76,41,7,-24,-52,-68,-58,-46,-23,19,34,50,67,65,40,10,-35,-83,-110,-131,-148,-156,-131,-90,-43,25,98,157,190,224,243,241,207,163,105,43,-16,-65,-107,-146,568,699
62003,mtk,MTK 7916,2149834908,rx2-tx1,512,0,0,0,0,0,0,0,0,0,0,0,0,0,0,0,0,0,0,0,0,0,0,0,0,0,0,0,0,0,0,0,0,0,0,0,0,0,0,0,0,0,0,0,0,0,0,0,0,0,0,0,0,0,0,0,0,0,0,0,0,0,0,0,0,0,0,0,0,0,0,0,0,0,0,0,0,0,0,0,0,0,0,0,0,0,0,0,0,0,0,0,0,0,0,0,0,0,0,0,0,0,0,0,0,0,0,0,0,0,0,0,0,0,0,0,0,0,0,0,0,0,0,0,0,0,0,0,0,0,0,0,0,0,0,0,0,0,0,0,0,0,0,0,0,0,0,0,0,0,0,0,0,0,0,0,0,0,0,0,0,0,0,0,0,0,0,0,0,0,0,0,0,0,0,0,0,0,0,0,0,0,0,0,0,0,0,0,0,0,0,0,0,0,0,0,0,0,0,0,0,0,0,0,0,0,0,0,0,0,0,0,0,0,0,0,0,0,0,0,0,0,0,0,0,0,0,0,0,0,0,0,0,0,0,0,0,0,0,0,0,0,0,0,0,0,0,0,0,0,0,0,0,0,0,0,0,381,-257,-425,-8,-13,-14,-3,7,22,29,35,47,63,73,69,67,63,45,13,-25,-65,-95,-111,-131,-118,-84,-45,-2,53,97,131,161,187,180,142,92,13,-69,-145,-223,-274,-284,-260,-205,-126,-39,86,195,276,332,373,354,269,144,37,-104,-258,-382,-454,-461,-417,-321,-192,-11,174,321,442,512,531,477,367,200,-1,-209,-394,-533,-580,-570,-506,-375,-168,47,248,418,550,593,546,440,295,122,-81,-289,-438,-519,-545,-487,-354,-190,-11,174,322,429,485,461,369,245,88,-84,-247,-352,-414,-414,-355,-244,-95,57,190,299,356,374,338,244,121,-5,-139,-263,-330,-337,0,-211,-103,8,112,210,274,292,268,196,104,-3,-115,-222,-286,-298,-263,-191,-91,29,133,199,251,276,246,166,71,-19,-139,-233,-269,-263,-244,-169,-73,25,128,238,301,320,301,228,122,21,-97,-207,-282,-316,-324,-271,-180,-69,27,121,207,263,278,264,214,124,15,-70,-142,-200,-233,-238,-197,-144,-80,10,98,162,191,198,182,151,98,36,-47,-110,-143,-178,-196,-176,-132,-83,-25,25,66,102,141,159,156,130,89,54,22,-19,-44,-59,-83,-96,-105,-92,-70,-67,-57,-33,-11,15,37,37,41,52,73,83,76,60,55,51,42,34,21,-6,-19,-32,304,117,0,0,0,0,0,0,0,0,0,0,0,0,0,0,0,0,0,0,0,0,0,0,0,0,0,0,0,0,0,0,0,0,0,0,0,0,0,0,0,0,0,0,0,0,0,0,0,0,0,0,0,0,0,0,0,0,0,0,0,0,0,0,0,0,0,0,0,0,0,0,0,0,0,0,0,0,0,0,0,0,0,0,0,0,0,0,0,0,0,0,0,0,0,0,0,0,0,0,0,0,0,0,0,0,0,0,0,0,0,0,0,0,0,0,0,0,0,0,0,0,0,0,0,0,0,0,0,0,0,0,0,0,0,0,0,0,0,0,0,0,0,0,0,0,0,0,0,0,0,0,0,0,0,0,0,0,0,0,0,0,0,0,0,0,0,0,0,0,0,0,0,0,0,0,0,0,0,0,0,0,0,0,0,0,0,0,0,0,0,0,0,0,0,0,0,0,0,0,0,0,0,0,0,0,0,0,0,0,0,0,0,0,0,0,0,0,0,0,0,0,0,0,0,0,0,0,0,0,0,0,0,0,0,0,0,0,0,0,0,0,0,0,0,0,0,0,0,0,0,0,0,0,0,0,0,0,-1037,-535,-425,-20,-33,-44,-50,-54,-60,-62,-54,-34,-5,17,32,51,74,84,87,83,75,45,1,-34,-63,-98,-120,-134,-152,-131,-80,-28,23,79,141,184,203,217,202,154,78,-26,-123,-194,-262,-309,-322,-285,-206,-107,15,155,277,372,420,401,339,234,107,-50,-207,-354,-444,-501,-490,-399,-265,-116,78,277,430,520,566,542,442,280,80,-130,-327,-496,-589,-598,-548,-444,-261,-25,191,361,486,565,557,487,357,171,-30,-216,-384,-475,-506,-487,-381,-202,-34,117,278,401,452,435,359,237,85,-79,-214,-321,-383,-400,-346,-248,-112,36,174,281,350,362,319,232,126,-2,0,-246,-303,-316,-290,-230,-127,3,127,225,292,303,260,193,101,-3,-110,-215,-264,-278,-261,-200,-98,5,102,191,248,262,233,183,85,-29,-130,-227,-298,-302,-258,-199,-110,6,121,219,287,329,324,267,170,63,-44,-167,-262,-301,-296,-279,-234,-143,-18,95,186,242,274,259,210,133,42,-48,-136,-189,-210,-224,-215,-145,-67,0,76,137,182,209,205,174,108,34,-22,-71,-115,-144,-159,-169,-146,-106,-58,-10,35,68,104,121,127,125,120,86,60,39,14,-13,-38,-61,-69,-73,-74,-78,-75,-67,-55,-39,-25,-13,3,34,52,73,78,98,106,108,101,99,-534,-595
62004,mtk,MTK 7916,2149872658,rx0-tx0,512,-330,303,466,-35,-178,-314,-403,-455,-482,-474,-423,-347,-243,-113,20,145,266,363,433,454,447,415,343,246,150,33,-98,-206,-291,-353,-384,-385,-363,-331,-275,-191,-109,-8,84,161,231,283,315,332,319,290,242,190,124,44,-42,-122,-180,-235,-280,-296,-304,-295,-267,-223,-165,-99,-22,48,113,182,237,288,330,338,344,315,276,201,109,18,-79,-195,-300,-402,-460,-490,-500,-451,-387,-276,-134,17,181,339,477,564,609,624,577,494,360,187,9,-162,-327,-478,-605,-674,-693,-654,-576,-445,-275,-87,111,292,471,621,706,751,747,674,541,360,157,-73,-294,-495,-661,-782,-832,-820,-364,-585,-401,-184,52,281,513,703,834,887,861,781,638,427,191,-63,-319,-544,-736,-850,-902,-882,-792,-641,-444,-211,46,305,534,709,834,902,891,820,676,475,240,-21,-277,-505,-708,-843,-918,-915,-839,-701,-496,-249,14,280,520,713,872,938,934,859,708,502,249,-11,-291,-534,-725,-877,-951,-926,-834,-690,-460,-200,78,358,596,777,897,926,886,773,582,330,70,-187,-420,-615,-754,-825,-810,-718,-584,-396,-175,40,250,440,591,665,680,646,554,412,246,59,-135,-305,-450,-548,-595,-578,-509,-387,-230,-65,118,289,413,490,507,465,365,215,43,-116,-251,-336,-349,-295,-312,-98,510,-425,-723,136,76,-25,-123,-214,-272,-304,-291,-226,-143,-28,77,170,256,313,332,329,299,227,136,29,-89,-195,-285,-358,-396,-393,-371,-292,-184,-64,73,202,326,409,454,462,413,329,222,75,-77,-217,-344,-427,-483,-467,-414,-333,-209,-81,58,199,308,376,420,418,376,306,202,92,-22,-143,-232,-283,-319,-322,-290,-240,-170,-86,-12,71,140,179,209,223,209,194,149,77,20,-34,-81,-119,-144,-156,-147,-133,-96,-52,-1,47,69,82,93,78,66,54,23,-5,-9,-32,-41,-35,-44,-27,-15,-9,10,34,40,33,24,17,-4,-19,-23,-24,-24,-18,-2,-9,5,25,-449,11,-9,-28,-32,-33,-55,-54,-41,-32,-2,31,54,93,120,140,147,138,100,66,16,-47,-115,-199,-241,-251,-244,-232,-184,-104,-28,77,163,254,322,350,379,355,288,195,85,-30,-146,-262,-354,-431,-454,-437,-390,-300,-189,-62,70,204,324,415,480,504,473,421,333,207,66,-85,-243,-365,-445,-508,-538,-512,-455,-361,-232,-92,63,217,338,450,517,543,532,467,379,247,95,-39,-191,-329,-438,-502,-539,-529,-469,-389,-278,-133,9,144,277,375,430,477,489,470,406,302,183,67,-67,-189,-285,-380,-453,-481,-479,-444,-367,-264,-148,-17,119,238,339,422,466,471,653,314,-82,532,389,-474,-455,-379,-270,-155,-37,104,235,341,424,475,471,451,395,311,192,60,-64,-184,-291,-356,-404,-439,-420,-365,-289,-203,-101,8,99,180,261,311,350,359,331,300,253,188,118,31,-49,-126,-199,-254,-304,-322,-321,-291,-249,-209,-144,-72,-3,90,158,224,269,300,313,310,297,267,215,159,75,-6,-98,-183,-263,-338,-379,-409,-418,-394,-347,-268,-145,-30,120,256,374,487,547,570,553,491,380,237,83,-92,-263,-413,-547,-617,-646,-624,-566,-469,-322,-145,45,226,390,540,643,694,696,654,568,416,223,27,-181,-388,-567,-698,-785,-797,-754,-645,-493,-287,-54,186,-49,610,745,832,850,820,708,536,314,56,-191,-428,-633,-789,-877,-905,-851,-729,-544,-310,-72,186,429,636,791,878,912,861,730,547,332,84,-162,-403,-621,-794,-888,-921,-880,-779,-608,-379,-118,149,397,621,797,904,936,896,772,603,376,113,-144,-405,-632,-810,-910,-948,-914,-779,-603,-376,-98,181,430,657,836,927,953,884,732,538,284,14,-259,-513,-716,-840,-882,-852,-751,-583,-370,-125,123,339,521,677,743,744,686,579,412,211,13,-186,-367,-504,-598,-641,-614,-538,-415,-254,-72,112,283,422,504,541,531,456,331,176,0,-171,-321,-419,-447,-408,-316,-174,-21,107,558,628,-82,-877,-657,-161,-229,-255,-238,-182,-92,11,129,215,288,328,319,283,216,121,20,-79,-183,-273,-328,-363,-359,-324,-262,-167,-44,73,192,304,379,420,430,404,330,210,77,-71,-215,-329,-423,-481,-471,-420,-332,-214,-73,81,215,332,408,445,443,396,303,199,85,-47,-164,-261,-321,-351,-362,-346,-274,-190,-96,9,100,174,238,260,271,253,214,156,99,30,-40,-98,-160,-186,-181,-171,-149,-111,-74,-21,24,67,102,114,115,100,72,50,18,-14,-26,-42,-62,-51,-50,-51,-19,3,16,37,31,28,34,20,2,-14,-11,-25,-29,-22,-20,-14,-17,-2,0,3,18,7,26,-14,-21,-15,-5,-7,7,42,55,74,97,90,89,81,49,12,-35,-87,-130,-163,-194,-204,-202,-161,-86,-6,67,135,222,270,310,312,276,229,133,44,-59,-179,-276,-344,-390,-404,-384,-323,-239,-131,5,125,249,353,432,474,479,437,352,243,121,-27,-152,-276,-390,-472,-511,-519,-480,-386,-277,-147,2,148,282,408,494,540,546,502,423,321,175,28,-134,-279,-410,-505,-541,-538,-504,-420,-313,-186,-50,105,244,349,446,501,516,502,448,345,237,120,-18,-158,-290,-388,-448,-479,-487,-438,-372,-289,-166,-35,86,214,325,408,461,481,470,414,341,232,98,-44,-721,-935
62005,mtk,MTK 7916,2149872658,rx0-tx1,512,-686,-77,83,693,719,711,656,551,395,206,11,-179,-368,-533,-662,-744,-792,-762,-682,-556,-394,-210,21,248,458,646,791,877,905,873,770,605,404,159,-114,-378,-644,-854,-1005,-1086,-1082,-1018,-856,-615,-338,-1,344,656,953,1174,1281,1310,1232,1047,782,446,66,-330,-718,-1031,-1279,-1419,-1451,-1365,-1172,-888,-513,-107,303,707,1061,1313,1459,1500,1416,1228,941,587,166,-264,-661,-1008,-1269,-1422,-1462,-1405,-1227,-963,-643,-254,145,528,872,1128,1304,1376,1338,1221,1011,725,387,16,-361,-694,-979,-1188,-1308,-1338,-1250,-1081,-821,-499,-141,219,573,883,1108,1263,1328,1282,1128,895,608,255,-131,-474,-785,-1044,98,-1301,-1270,-1144,-944,-676,-344,25,378,697,963,1154,1266,1269,1176,1002,756,435,83,-274,-604,-891,-1107,-1245,-1278,-1202,-1053,-828,-530,-184,164,494,816,1069,1246,1334,1290,1165,944,649,296,-84,-465,-816,-1102,-1308,-1414,-1395,-1263,-1029,-700,-320,93,500,871,1172,1372,1466,1415,1267,1010,647,240,-195,-619,-989,-1252,-1414,-1455,-1355,-1150,-843,-468,-51,371,752,1054,1259,1341,1287,1142,898,577,217,-148,-495,-776,-991,-1101,-1105,-1016,-852,-613,-326,-24,263,508,694,828,877,836,743,580,372,140,-95,-313,-497,-630,-700,-707,-642,-517,-329,-127,91,303,462,582,611,551,415,227,18,-167,-289,-339,-293,0,-528,-513,87,21,-66,-158,-226,-271,-276,-229,-144,-35,78,192,281,336,355,338,280,187,70,-48,-172,-288,-373,-409,-420,-394,-320,-221,-92,53,202,329,443,514,528,506,429,301,135,-35,-206,-377,-507,-591,-619,-602,-505,-373,-209,-10,178,350,495,616,671,654,602,500,337,132,-61,-261,-443,-594,-693,-727,-710,-628,-493,-306,-82,142,349,537,665,760,783,733,636,467,258,2,-251,-471,-651,-775,-822,-810,-724,-569,-362,-126,122,358,568,708,792,811,743,622,452,237,11,-199,-403,-566,-671,-724,-709,-637,-511,-365,-178,17,214,382,491,572,613,595,540,444,300,154,9,-282,-288,-406,-469,-506,-516,-481,-411,-324,-211,-76,52,166,278,360,413,447,452,423,377,307,204,81,-33,-152,-258,-341,-416,-466,-487,-472,-426,-349,-257,-134,-6,142,286,404,507,576,612,602,546,437,284,119,-73,-277,-462,-620,-720,-771,-761,-688,-551,-359,-141,96,329,534,700,805,850,824,716,561,369,141,-102,-320,-520,-677,-802,-839,-814,-737,-589,-405,-200,20,246,450,627,733,786,796,725,610,454,254,53,-156,-356,-510,-631,-709,-736,-707,-623,-509,-353,-172,13,213,387,530,638,687,700,664,572,445,284,104,-80,-255,-409,-544,-641,-696,-694,-655,-557,-413,-239,-144,-331,9,401,394,227,35,-152,-335,-505,-641,-720,-744,-730,-665,-540,-382,-201,0,215,410,580,707,802,842,808,728,591,397,177,-61,-304,-529,-720,-870,-975,-992,-944,-823,-629,-392,-99,196,493,776,984,1141,1220,1177,1066,869,565,223,-135,-508,-844,-1114,-1314,-1405,-1391,-1249,-999,-678,-283,127,534,885,1190,1394,1475,1458,1322,1074,733,351,-69,-489,-866,-1168,-1388,-1499,-1478,-1341,-1106,-777,-390,6,411,784,1070,1294,1421,1423,1325,1114,828,489,108,-267,-614,-920,-1150,-1294,-1346,-1298,-1149,-917,-607,-267,100,457,775,1049,1233,1323,1309,1207,1003,718,387,18,-354,-684,-957,-1154,-1288,-1301,-1208,-1036,-771,-999,-97,258,582,874,1101,1253,1296,1229,1081,842,549,205,-156,-496,-789,-1040,-1213,-1285,-1248,-1123,-911,-641,-326,37,389,707,979,1173,1273,1273,1197,1022,760,446,74,-301,-646,-946,-1178,-1324,-1361,-1292,-1110,-848,-512,-125,281,664,997,1252,1412,1448,1370,1180,877,508,78,-357,-742,-1091,-1334,-1458,-1470,-1346,-1107,-767,-374,66,489,851,1145,1342,1414,1348,1164,882,541,139,-254,-607,-905,-1107,-1203,-1198,-1089,-877,-599,-270,64,374,637,844,967,987,919,782,594,372,95,-161,-395,-591,-717,-779,-773,-697,-555,-364,-152,67,276,461,595,652,656,568,423,234,11,-205,-376,-482,-499,-428,-302,120,244,0,33,-184,-147,-197,-210,-177,-106,-13,95,193,266,308,314,274,192,90,-20,-134,-243,-330,-381,-394,-371,-306,-193,-71,51,185,303,399,463,482,453,379,272,118,-43,-208,-361,-490,-566,-577,-552,-459,-323,-155,17,206,385,517,612,650,620,550,438,278,71,-128,-307,-481,-622,-687,-699,-664,-571,-427,-223,-11,205,412,573,698,759,747,683,551,369,171,-70,-294,-502,-674,-783,-827,-781,-676,-518,-302,-67,175,407,603,749,827,829,751,598,407,194,-46,-278,-476,-638,-736,-766,-732,-644,-488,-298,-89,118,312,461,576,652,673,636,534,397,249,70,-106,-257,-403,-505,-548,-562,288,-465,-353,-227,-107,33,168,284,372,447,481,475,447,387,297,193,82,-41,-166,-270,-361,-427,-461,-461,-449,-389,-311,-226,-113,9,135,257,354,438,495,520,530,481,411,303,158,-4,-175,-348,-501,-614,-683,-706,-668,-566,-418,-230,-24,202,415,599,726,803,818,762,646,470,259,35,-210,-429,-616,-759,-852,-857,-783,-660,-495,-285,-49,177,393,585,714,794,816,768,668,512,320,128,-86,-301,-480,-631,-734,-764,-749,-675,-545,-389,-203,-2,200,368,516,630,690,707,671,576,461,312,141,-45,-236,-402,-527,-625,-681,-695,-656,-567,-439,-273,-83,108,283,450,578,667,540,443
62006,mtk,MTK 7916,2149872658,rx1-tx0,512,0,24,-3,325,249,137,24,-76,-171,-249,-300,-335,-345,-308,-257,-194,-95,-4,85,171,230,274,295,299,269,214,137,59,-32,-122,-184,-250,-289,-290,-269,-215,-136,-55,40,134,215,274,310,313,277,210,106,8,-97,-199,-272,-305,-315,-290,-243,-169,-68,18,118,194,263,298,305,285,222,173,98,-5,-80,-159,-241,-280,-315,-314,-289,-248,-189,-112,-19,86,180,256,305,343,359,344,305,252,175,73,-54,-174,-285,-368,-428,-466,-453,-413,-330,-211,-65,79,217,366,479,560,591,563,502,395,238,56,-149,-334,-484,-617,-682,-676,-643,-542,-375,-172,43,259,448,602,701,734,794,650,495,293,82,-135,-352,-542,-691,-759,-762,-712,-590,-425,-200,25,243,455,630,747,786,755,651,506,316,94,-123,-340,-525,-654,-718,-734,-692,-588,-424,-224,-20,180,377,527,638,697,672,608,489,334,158,-34,-221,-397,-536,-619,-650,-614,-520,-401,-254,-64,109,284,419,517,573,569,517,434,297,123,-33,-172,-296,-397,-447,-445,-423,-362,-279,-163,-41,84,179,248,301,333,337,313,243,176,116,28,-62,-129,-181,-224,-240,-237,-212,-183,-144,-97,-26,32,73,124,155,200,214,194,184,139,86,29,-38,-101,-168,-210,-228,-220,-181,-119,-32,55,133,178,184,167,77,52,0,-211,-103,-248,-312,-340,-305,-208,-67,96,256,383,452,461,426,329,193,35,-122,-270,-390,-466,-500,-484,-427,-322,-179,-22,132,276,398,477,522,529,492,402,278,118,-50,-202,-357,-469,-548,-584,-563,-497,-393,-260,-97,98,267,409,537,607,611,584,508,392,243,64,-118,-297,-442,-553,-615,-621,-590,-502,-381,-218,-43,124,279,424,533,592,615,574,489,379,231,88,-54,-216,-363,-452,-518,-545,-521,-481,-412,-295,-160,-17,122,259,389,471,536,559,545,481,384,272,118,-53,-208,-348,-463,-542,-589,-587,-530,-436,-310,-165,10,161,317,456,546,593,584,564,469,343,206,21,381,-289,-420,-517,-576,-593,-559,-488,-369,-244,-103,66,207,334,436,508,552,553,504,436,330,202,74,-73,-213,-349,-457,-536,-578,-581,-548,-469,-359,-223,-64,106,281,438,551,635,675,670,590,467,313,111,-78,-269,-456,-599,-707,-746,-749,-658,-525,-369,-171,41,249,448,603,712,772,773,695,560,394,198,-24,-243,-437,-577,-686,-736,-723,-652,-541,-384,-187,14,203,382,516,619,660,653,601,496,353,195,25,-143,-295,-421,-510,-560,-562,-539,-466,-347,-214,-86,65,209,334,425,492,517,494,441,358,236,104,-34,-167,-294,-393,-458,-483,-476,-411,-319,-200,-67,62,195,-330,-337,0,98,120,-223,-310,-365,-378,-374,-333,-264,-172,-80,32,135,202,266,308,312,306,261,199,125,41,-46,-133,-205,-252,-283,-289,-259,-213,-153,-66,23,114,202,257,281,290,266,214,127,31,-73,-161,-242,-292,-312,-310,-269,-183,-84,20,117,196,274,311,317,294,238,170,74,-14,-121,-190,-228,-281,-291,-288,-273,-218,-143,-64,30,116,187,258,312,346,346,308,254,176,94,-19,-125,-216,-289,-362,-407,-414,-388,-329,-244,-143,-9,126,250,364,461,503,508,479,412,299,160,-16,-189,-345,-488,-591,-645,-640,-563,-455,-308,-106,90,283,470,613,697,720,681,577,428,231,18,572,-413,-587,-699,-747,-743,-678,-551,-366,-141,82,300,501,668,765,777,742,648,488,274,39,-193,-398,-564,-700,-762,-754,-684,-544,-361,-158,51,263,453,610,692,717,686,595,454,290,88,-121,-300,-461,-575,-637,-657,-617,-526,-389,-219,-27,161,335,455,562,610,597,528,421,279,109,-66,-221,-352,-457,-512,-515,-477,-402,-288,-136,3,128,248,331,382,395,375,327,259,173,67,-28,-123,-192,-223,-260,-275,-255,-221,-181,-127,-58,7,64,111,154,189,205,197,189,172,139,91,14,-45,-99,-152,-186,-214,-212,-194,-150,-82,-12,70,143,199,225,212,173,98,21,-53,7,47,0,-246,-303,-161,-66,69,215,337,411,426,371,255,101,-54,-207,-349,-442,-485,-471,-414,-306,-168,-18,137,281,407,488,520,500,445,346,216,76,-84,-244,-384,-487,-546,-553,-534,-452,-324,-177,-16,153,313,447,545,603,602,534,441,320,149,-24,-192,-355,-485,-585,-632,-624,-561,-447,-307,-132,40,209,364,491,578,606,587,533,436,296,141,-31,-201,-337,-445,-523,-550,-564,-531,-423,-306,-184,-41,94,215,343,446,507,531,522,485,402,283,148,4,-151,-294,-416,-517,-586,-587,-544,-471,-352,-218,-62,116,268,404,504,579,604,577,518,401,258,87,-68,-241,-398,-486,-572,-604,-1037,-529,-426,-294,-146,23,186,336,453,516,567,571,521,451,344,217,71,-82,-216,-330,-441,-506,-547,-552,-516,-440,-336,-213,-66,82,241,378,494,577,621,621,577,474,349,195,16,-178,-372,-511,-630,-706,-712,-682,-581,-430,-248,-58,163,371,531,659,737,762,724,635,485,293,87,-140,-353,-514,-648,-732,-757,-725,-621,-480,-304,-99,111,309,484,628,707,714,671,584,448,286,92,-86,-258,-408,-514,-578,-607,-584,-519,-409,-275,-121,25,165,310,415,480,524,537,497,417,298,167,21,-125,-248,-362,-454,-496,-502,-473,-402,-293,-158,-17,120,244,339,419,451,449,405,126,-2
62007,mtk,MTK 7916,2149872658,rx1-tx1,512,0,0,0,810,940,840,531,70,-409,-785,-960,-899,-604,-163,324,734,957,944,692,263,-232,-670,-934,-963,-758,-365,122,581,887,966,804,450,-9,-463,-793,-906,-803,-509,-88,355,698,857,784,509,126,-284,-618,-781,-737,-522,-180,211,552,729,703,505,191,-169,-482,-662,-673,-509,-218,111,400,589,629,505,259,-34,-306,-491,-531,-433,-242,11,239,368,399,331,176,-12,-183,-287,-290,-205,-70,81,208,256,215,96,-50,-185,-265,-283,-203,-48,130,277,357,346,233,39,-180,-357,-450,-427,-287,-58,196,399,514,495,348,100,-177,-426,-569,-582,-448,-190,135,427,614,659,553,311,0,-372,-618,-715,-645,-411,-74,278,573,739,718,530,213,-158,-494,-700,-740,-612,-339,31,379,632,746,685,452,116,-235,-523,-685,-679,-511,-215,126,426,606,642,524,284,-14,-311,-537,-619,-552,-339,-53,223,448,568,538,363,113,-156,-380,-514,-527,-416,-207,49,289,445,490,427,257,29,-194,-363,-445,-415,-300,-125,77,248,349,374,307,187,27,-119,-227,-274,-257,-175,-66,48,128,178,171,131,66,4,-51,-94,-99,-66,-27,13,46,60,48,16,-23,-53,-81,-85,-58,-8,40,78,99,107,81,43,-11,-69,-105,-122,-120,-96,-51,-4,40,75,96,100,93,77,0,0,0,0,0,20,25,22,16,11,6,12,19,22,24,34,35,18,-16,-48,-83,-105,-110,-91,-49,10,76,138,180,188,166,97,-5,-109,-198,-254,-259,-199,-100,15,143,252,301,280,207,102,-38,-187,-281,-314,-297,-211,-82,53,163,244,264,219,140,48,-54,-134,-171,-158,-117,-69,-8,39,46,41,40,41,37,33,56,91,102,84,44,-21,-105,-191,-251,-254,-198,-86,64,233,366,418,373,235,36,-187,-389,-533,-555,-444,-205,88,377,593,672,601,395,80,-255,-550,-730,-744,-579,-276,96,458,725,829,735,457,77,-332,-666,-842,-817,-607,-239,178,552,804,866,707,0,-25,-424,-724,-855,-772,-509,-118,299,636,804,786,572,216,-187,-530,-741,-765,-591,-266,117,471,706,750,604,306,-56,-407,-652,-716,-597,-335,10,355,599,684,591,354,29,-300,-549,-642,-569,-344,-29,291,521,602,517,299,-1,-285,-482,-549,-458,-234,45,313,489,524,398,160,-133,-404,-557,-558,-405,-119,222,516,671,657,470,145,-235,-572,-784,-796,-584,-214,211,596,854,899,709,335,-125,-577,-891,-980,-827,-466,18,493,862,1023,923,580,103,-392,-794,-998,-948,-653,-212,278,707,955,950,708,296,-195,-642,-916,-959,-760,-367,114,560,869,954,792,423,-44,-488,-806,0,0,0,0,0,-477,-17,445,796,948,862,553,113,-360,-746,-958,-918,-640,-198,284,705,950,960,725,311,-187,-630,-908,-960,-780,-401,74,515,831,931,804,481,38,-402,-731,-878,-802,-521,-114,314,654,818,760,514,146,-246,-572,-748,-738,-528,-189,194,511,691,694,520,216,-141,-442,-631,-654,-511,-246,65,348,535,580,473,242,-28,-267,-424,-469,-381,-198,10,192,317,342,269,127,-50,-190,-260,-244,-150,-9,133,246,267,195,64,-101,-241,-327,-316,-210,-39,155,322,408,394,254,39,-189,-381,-488,-457,-308,-83,176,409,543,535,391,148,-154,-428,-599,-621,-489,-233,87,396,616,0,596,354,24,-327,-599,-730,-692,-478,-141,230,548,729,742,583,282,-82,-428,-675,-763,-656,-388,-34,315,593,727,686,478,168,-172,-475,-653,-665,-520,-248,72,367,570,629,539,312,23,-267,-492,-594,-529,-352,-91,191,414,532,526,381,149,-103,-332,-486,-512,-424,-228,21,250,408,480,440,285,70,-139,-306,-403,-408,-314,-159,11,173,290,324,287,191,64,-71,-176,-226,-219,-162,-80,12,93,136,131,102,59,-1,-48,-67,-66,-38,1,37,63,62,44,12,-27,-67,-92,-91,-62,-17,36,77,103,111,105,70,23,-31,-77,-104,-117,-112,-90,-56,-14,25,51,0,0,0,0,0,-20,-12,-1,4,6,4,-1,-3,0,9,26,43,63,77,69,45,7,-41,-91,-136,-154,-141,-103,-34,47,130,202,235,210,141,43,-76,-188,-260,-281,-248,-164,-40,98,215,301,325,267,160,27,-105,-219,-287,-288,-213,-107,13,127,205,232,209,142,59,-27,-84,-113,-117,-99,-68,-39,-13,-2,-11,-24,-28,-6,38,88,146,179,160,109,21,-103,-219,-299,-334,-289,-152,39,227,389,489,470,343,114,-149,-385,-552,-619,-529,-297,3,313,572,716,691,507,204,-170,-514,-740,-804,-667,-369,22,408,708,841,786,547,168,-251,-602,-826,-854,-671,-330,95,508,0,849,746,464,59,-354,-679,-839,-784,-530,-162,239,580,774,763,577,244,-155,-497,-715,-759,-601,-287,92,444,683,745,608,319,-44,-371,-608,-696,-605,-351,-8,339,584,669,576,338,23,-295,-527,-620,-544,-327,-21,277,493,563,484,275,-12,-296,-487,-531,-420,-186,92,346,515,541,403,140,-175,-453,-619,-604,-430,-129,246,562,732,720,511,159,-244,-607,-829,-836,-646,-285,180,602,875,936,776,412,-68,-539,-875,-994,-873,-526,-52,440,819,999,926,628,157,-353,-765,-983,-960,-702,-265,238,670,931,958,732,328,-151,-596,-886,-943,-766,-401,74,534,847,936,798,460,0,0
62008,mtk,MTK 7916,2149872658,rx2-tx0,512,0,0,0,575,-60,-698,-1184,-1379,-1228,-767,-110,582,1126,1393,1314,912,279,-433,-1026,-1361,-1348,-999,-392,299,910,1282,1323,1031,485,-189,-807,-1203,-1283,-1048,-542,106,721,1145,1268,1053,573,-38,-636,-1059,-1199,-1030,-609,-21,554,968,1124,979,576,43,-494,-883,-1029,-889,-517,-10,473,805,919,788,440,-28,-477,-773,-846,-689,-327,124,530,777,800,591,215,-218,-596,-810,-791,-533,-137,303,678,867,792,493,61,-413,-793,-946,-827,-484,1,499,882,1029,900,520,-14,-567,-990,-1157,-1016,-606,-15,602,1069,1271,1160,742,101,-583,-1121,-1379,-1297,-882,-224,507,1110,1452,1433,1038,377,-380,-1056,-1474,0,-1197,-570,206,944,1443,1576,1323,744,-37,-799,-1357,-1575,-1409,-888,-152,614,1231,1543,1468,1016,310,-466,-1110,-1467,-1446,-1068,-424,317,972,1371,1421,1102,497,-228,-878,-1293,-1375,-1099,-535,158,809,1254,1379,1140,597,-97,-776,-1247,-1403,-1204,-693,7,715,1235,1450,1298,813,122,-598,-1183,-1481,-1398,-973,-313,428,1060,1422,1442,1119,531,-187,-852,-1294,-1420,-1209,-719,-58,598,1100,1331,1237,844,263,-362,-880,-1172,-1179,-912,-445,117,628,982,1085,927,563,79,-408,-780,-962,-911,-658,-266,175,549,779,822,685,401,44,-307,-571,-701,-680,-527,-269,29,306,498,582,553,438,259,61,-111,-229,0,0,0,0,0,-95,-250,-395,-498,-523,-454,-292,-57,220,475,652,713,644,432,120,-232,-554,-773,-839,-713,-422,-39,363,707,895,882,671,305,-148,-582,-899,-1007,-884,-555,-109,382,804,1039,1037,793,363,-138,-614,-951,-1065,-934,-583,-107,387,789,1002,973,726,303,-179,-594,-860,-911,-742,-404,1,400,702,816,714,445,77,-287,-564,-684,-634,-439,-141,184,441,576,572,423,168,-106,-340,-471,-464,-349,-152,65,240,338,339,254,115,-39,-186,-255,-222,-133,-32,70,137,145,103,18,-73,-138,-150,-109,-11,107,211,259,223,108,-65,-238,-363,-391,-323,-159,73,315,490,547,462,254,-34,0,-591,-706,-645,-415,-72,310,639,823,803,575,212,-219,-621,-880,-925,-742,-366,104,553,887,1011,879,526,43,-447,-830,-1009,-938,-633,-187,306,729,967,958,710,286,-208,-629,-885,-915,-721,-350,101,519,793,855,695,359,-44,-420,-674,-745,-619,-324,57,390,597,634,499,222,-94,-374,-551,-559,-406,-152,149,409,541,524,347,66,-216,-442,-544,-480,-272,23,308,492,545,448,201,-108,-388,-568,-588,-438,-164,170,477,658,652,455,126,-254,-580,-769,-743,-501,-119,303,668,873,852,603,188,-305,-726,-960,-954,-699,-241,288,748,1035,1056,803,330,-251,-780,-1110,-1166,-928,-444,0,0,0,0,0,1209,1345,1150,670,16,-649,-1162,-1395,-1286,-849,-200,495,1082,1389,1343,961,348,-351,-954,-1311,-1344,-1032,-459,234,849,1241,1315,1049,506,-156,-766,-1170,-1277,-1050,-557,76,677,1093,1228,1043,588,-16,-605,-1024,-1172,-1011,-590,-30,513,917,1074,940,555,34,-471,-841,-971,-827,-465,1,457,788,883,729,375,-70,-493,-769,-824,-639,-278,158,547,775,778,561,177,-269,-629,-826,-790,-516,-87,373,734,890,804,485,26,-462,-830,-983,-863,-499,8,530,936,1094,957,561,-6,-593,-1040,-1226,-1094,-672,-64,587,1093,1333,1227,805,163,-541,-1120,-1420,-1359,-953,-293,449,1089,1468,1477,1119,484,0,-1004,-1475,-1564,-1264,-657,117,875,1402,1576,1366,822,67,-721,-1311,-1575,-1440,-958,-247,523,1174,1513,1460,1046,368,-387,-1036,-1414,-1430,-1082,-475,258,928,1339,1393,1087,508,-192,-844,-1286,-1387,-1113,-560,132,784,1246,1388,1163,638,-64,-747,-1243,-1429,-1253,-741,-41,663,1215,1469,1352,898,215,-525,-1123,-1452,-1439,-1067,-434,306,967,1378,1447,1174,630,-58,-727,-1207,-1391,-1237,-781,-159,473,989,1271,1235,898,357,-236,-759,-1086,-1139,-934,-512,17,521,888,1032,931,622,179,-291,-662,-870,-872,-680,-345,62,424,676,772,699,475,157,-183,-457,-618,-658,-569,-365,-111,131,329,448,476,425,310,0,0,0,0,0,357,333,235,74,-131,-351,-537,-637,-622,-493,-253,59,372,623,765,753,578,268,-108,-483,-759,-875,-804,-552,-169,259,644,897,948,785,432,-29,-500,-863,-1031,-971,-693,-235,278,724,1005,1062,877,500,-2,-495,-873,-1046,-970,-666,-217,278,699,939,944,741,365,-92,-510,-779,-865,-737,-428,-36,346,632,758,697,458,122,-227,-504,-638,-610,-435,-159,150,385,514,513,377,158,-90,-294,-402,-400,-311,-143,45,200,295,291,195,74,-47,-146,-189,-167,-98,7,86,125,113,54,-37,-130,-189,-178,-93,34,178,289,323,268,122,-83,-292,-440,-479,-398,-199,77,357,561,637,0,347,18,-341,-630,-769,-724,-497,-141,274,647,859,862,657,284,-168,-596,-898,-969,-805,-452,22,500,851,1001,909,589,115,-379,-782,-996,-953,-671,-232,260,686,924,938,720,323,-145,-568,-847,-904,-735,-381,58,458,728,803,655,344,-41,-395,-626,-685,-569,-286,72,385,570,598,456,188,-131,-406,-548,-540,-380,-109,195,420,528,493,320,44,-250,-469,-535,-449,-237,49,332,515,555,436,178,-148,-436,-615,-616,-444,-135,222,535,705,691,486,125,-286,-622,-805,-784,-553,-162,294,690,913,894,637,203,-302,-746,-995,-997,-739,-277,273,772,1082,1123,866,389,-206,-764,-1127,0,0
62009,mtk,MTK 7916,2149872658,rx2-tx1,512,0,0,0,-313,-53,218,417,517,488,346,117,-123,-324,-435,-431,-317,-126,77,243,343,344,249,103,-56,-193,-268,-262,-192,-72,66,168,210,200,141,40,-70,-151,-176,-144,-74,7,85,118,104,46,-21,-82,-126,-109,-27,68,157,219,208,126,6,-142,-274,-356,-349,-242,-46,177,375,492,494,374,148,-144,-416,-582,-616,-501,-253,71,385,620,706,603,350,7,-360,-639,-750,-673,-424,-57,322,633,793,750,510,134,-292,-642,-838,-840,-631,-248,202,602,847,886,699,339,-109,-537,-838,-931,-791,-463,-19,434,765,915,845,560,130,-316,-675,-869,-844,-610,-232,198,573,799,811,0,281,-111,-468,-690,-710,-551,-264,82,401,593,631,498,225,-102,-382,-550,-563,-415,-155,148,415,561,528,345,64,-266,-532,-649,-583,-343,5,387,683,805,718,424,2,-453,-827,-1007,-942,-634,-134,437,930,1213,1204,898,359,-291,-897,-1310,-1424,-1204,-682,10,710,1259,1526,1437,998,328,-432,-1109,-1528,-1587,-1284,-676,93,841,1409,1642,1498,1002,288,-488,-1145,-1540,-1573,-1254,-677,51,758,1281,1493,1364,940,331,-333,-905,-1268,-1321,-1072,-604,-39,514,934,1132,1064,766,324,-164,-599,-876,-933,-787,-501,-107,291,601,768,767,607,347,34,-267,-501,-631,-631,-521,-337,-119,84,236,326,0,0,0,0,0,208,308,367,381,328,203,40,-137,-316,-439,-471,-418,-285,-95,116,299,432,474,405,238,22,-190,-365,-462,-434,-313,-120,113,323,456,478,384,204,-30,-268,-439,-511,-453,-275,-35,208,406,525,523,378,142,-122,-353,-512,-545,-438,-232,22,286,487,563,488,311,79,-171,-402,-533,-523,-395,-179,78,310,461,500,415,240,18,-197,-347,-397,-357,-250,-71,121,251,283,257,167,29,-105,-198,-238,-197,-102,29,156,227,239,183,74,-69,-194,-273,-273,-212,-91,58,200,286,308,250,130,-31,-181,-281,-308,-266,-157,-10,140,254,312,291,205,72,-72,-200,-273,-286,-235,0,0,121,204,235,216,148,63,-16,-79,-129,-146,-136,-107,-68,-30,-6,12,33,58,91,118,129,137,103,36,-47,-138,-219,-259,-258,-193,-77,78,238,347,383,345,208,6,-200,-369,-467,-457,-331,-114,128,358,512,545,442,237,-25,-293,-499,-574,-508,-324,-59,231,469,592,565,389,111,-183,-425,-548,-537,-404,-160,129,378,528,549,425,182,-120,-382,-544,-560,-435,-193,109,379,544,577,468,215,-105,-387,-575,-617,-507,-269,40,359,583,649,553,320,-3,-312,-549,-658,-609,-404,-85,259,534,663,631,449,151,-189,-473,-637,-651,-504,-235,89,385,580,625,527,303,0,0,0,0,0,-462,-553,-510,-341,-93,164,367,474,470,337,121,-106,-286,-385,-382,-285,-123,57,210,296,299,220,87,-60,-184,-243,-237,-164,-51,73,159,191,165,102,14,-79,-138,-146,-100,-28,53,101,100,55,-6,-77,-137,-150,-96,-3,110,224,288,266,173,17,-173,-344,-437,-428,-303,-86,171,401,545,559,431,196,-109,-396,-608,-664,-559,-305,32,368,617,722,640,389,32,-340,-633,-763,-708,-472,-105,312,640,818,799,571,181,-247,-624,-847,-865,-665,-297,155,577,856,919,758,403,-48,-486,-811,-931,-831,-516,-78,372,734,912,849,578,175,-264,-628,-831,-834,-622,-260,155,0,738,757,586,279,-90,-421,-635,-676,-536,-254,86,385,577,595,456,199,-110,-385,-535,-535,-385,-112,206,460,587,544,331,14,-323,-592,-714,-637,-375,21,430,755,901,816,502,27,-473,-895,-1120,-1084,-770,-240,381,922,1267,1319,1038,507,-158,-820,-1308,-1485,-1325,-854,-164,584,1202,1541,1542,1166,498,-267,-985,-1493,-1639,-1393,-840,-97,666,1280,1609,1558,1142,479,-272,-960,-1421,-1558,-1348,-831,-144,545,1103,1395,1370,1036,481,-155,-715,-1099,-1230,-1085,-716,-206,328,771,1009,1017,801,425,-28,-438,-734,-857,-795,-555,-215,139,444,657,721,641,453,200,-74,-312,-469,-527,-494,-394,-248,0,0,0,0,0,-230,-152,-39,105,258,381,444,433,341,188,-15,-219,-383,-464,-453,-350,-177,40,245,395,464,420,280,90,-123,-323,-443,-451,-352,-167,67,296,456,498,413,229,-17,-262,-452,-523,-473,-318,-82,181,404,539,541,408,175,-86,-333,-512,-567,-483,-295,-34,243,448,550,523,372,135,-137,-369,-506,-525,-410,-203,40,266,414,455,391,244,54,-146,-300,-355,-309,-195,-45,108,223,273,243,146,13,-117,-210,-226,-173,-77,46,170,251,257,192,69,-76,-205,-284,-295,-226,-93,54,184,286,331,287,165,2,-155,-272,-326,-300,-195,-43,111,233,298,294,219,102,-36,-157,0,-262,-216,-134,-36,72,152,186,187,157,93,30,-15,-53,-89,-109,-103,-84,-80,-85,-74,-32,20,71,124,178,200,169,118,15,-115,-227,-304,-335,-274,-136,45,223,370,438,399,265,67,-158,-361,-494,-510,-399,-183,80,328,509,565,477,279,21,-253,-483,-580,-525,-353,-100,201,449,576,561,398,138,-148,-393,-548,-554,-405,-155,122,377,538,562,433,182,-126,-386,-550,-588,-459,-204,100,375,563,599,474,220,-81,-366,-565,-624,-523,-287,31,354,584,667,577,355,40,-293,-554,-678,-623,-420,-110,234,510,652,636,469,200,-114,-412,-613,-642,-508,-258,50,337,535,0,0
62010,mtk,MTK 7916,2150065444,rx0-tx0,512,0,0,0,0,0,0,0,0,0,0,0,0,0,0,0,0,0,0,0,0,0,0,0,0,0,0,0,0,0,0,0,0,0,0,0,0,0,0,0,0,0,0,0,0,0,0,0,0,0,0,0,0,0,0,0,0,0,0,0,0,0,0,0,0,0,0,0,0,0,0,0,0,0,0,0,0,0,0,0,0,0,0,0,0,0,0,0,0,0,0,0,0,0,0,0,0,0,0,0,0,0,0,0,0,0,0,0,0,0,0,0,0,0,0,0,0,0,0,0,0,0,0,0,0,0,0,0,0,0,0,0,0,0,0,0,0,0,0,0,0,0,0,0,0,0,0,0,0,0,0,0,0,0,0,0,0,0,0,0,0,0,0,0,0,0,0,0,0,0,0,0,0,0,0,0,0,0,0,0,0,0,0,0,0,0,0,0,0,0,0,0,0,0,0,0,0,0,0,0,0,0,0,0,0,0,0,0,0,0,0,0,0,0,0,0,0,0,0,0,0,0,0,0,0,0,0,0,0,0,0,0,0,0,0,0,0,0,0,0,0,0,0,0,0,0,0,0,0,0,0,0,0,0,0,0,0,-364,-551,-573,252,540,743,781,645,376,40,-295,-603,-822,-936,-938,-847,-656,-393,-82,243,542,804,989,1083,1073,956,764,489,141,-202,-531,-825,-1054,-1175,-1208,-1148,-982,-741,-434,-80,255,585,878,1092,1215,1265,1196,1058,836,528,198,-159,-513,-823,-1072,-1255,-1340,-1332,-1206,-987,-697,-356,-8,359,708,997,1195,1306,1337,1241,1082,844,526,184,-167,-480,-760,-992,-1124,-1209,-1179,-1067,-893,-677,-422,-106,177,457,685,857,995,1045,1044,962,808,607,372,134,-132,-381,-594,-752,-868,-905,-901,-835,-695,-527,-342,-126,80,276,449,572,656,700,698,654,587,466,328,211,72,-68,-190,-307,-389,-451,-330,-566,-567,-554,-519,-446,-343,-249,-120,30,178,342,491,623,733,788,787,747,652,496,306,83,-142,-363,-582,-782,-919,-983,-1008,-944,-809,-620,-381,-107,198,480,714,936,1082,1148,1161,1069,899,667,372,80,-237,-547,-833,-1043,-1183,-1257,-1230,-1141,-955,-700,-372,-31,315,651,930,1171,1325,1358,1307,1164,929,619,268,-113,-490,-824,-1091,-1309,-1405,-1398,-1295,-1068,-776,-412,-12,384,765,1082,1316,1443,1447,1324,1095,783,409,-3,-427,-798,-1104,-1304,-1391,-1365,-1222,-971,-632,-242,168,561,889,1130,1263,1282,1189,989,695,345,-45,-440,-790,-1081,-1255,-1296,-1179,-912,-502,-10,518,937,1161,1145,-390,-450,0,0,0,0,0,0,0,0,0,0,0,0,0,0,0,0,0,0,0,0,0,0,0,0,0,0,0,0,0,0,0,0,0,0,0,0,0,0,0,0,0,0,0,0,0,0,0,0,0,0,0,0,0,0,0,0,0,0,0,0,0,0,0,0,0,0,0,0,0,0,0,0,0,0,0,0,0,0,0,0,0,0,0,0,0,0,0,0,0,0,0,0,0,0,0,0,0,0,0,0,0,0,0,0,0,0,0,0,0,0,0,0,0,0,0,0,0,0,0,0,0,0,0,0,0,0,0,0,0,0,0,0,0,0,0,0,0,0,0,0,0,0,0,0,0,0,0,0,0,0,0,0,0,0,0,0,0,0,0,0,0,0,0,0,0,0,0,0,0,0,0,0,0,0,0,0,0,0,0,0,0,0,0,0,0,0,0,0,0,0,0,0,0,0,0,0,0,0,0,0,0,0,0,0,0,0,0,0,0,0,0,0,0,0,0,0,0,0,0,0,0,0,0,0,0,0,0,0,0,0,0,0,0,0,0,0,0,0,0,0,0,0,0,0,0,0,0,0,0,0,0,0,0,0,0,0,-49,-233,-135,541,420,140,-216,-547,-784,-886,-857,-709,-462,-157,164,467,728,916,1009,994,880,682,411,89,-258,-576,-840,-1054,-1153,-1144,-1055,-863,-583,-253,85,431,739,980,1155,1225,1207,1097,893,606,293,-47,-398,-709,-990,-1183,-1280,-1293,-1211,-1031,-774,-453,-100,270,619,916,1148,1290,1330,1298,1152,910,601,277,-92,-438,-739,-1009,-1198,-1276,-1260,-1156,-980,-734,-444,-140,183,480,730,913,1066,1120,1093,1014,848,657,407,130,-137,-407,-619,-805,-918,-991,-1001,-923,-785,-598,-370,-131,100,340,541,675,778,813,802,746,634,492,330,151,-25,-177,-329,-455,-523,-580,-609,-593,-552,-489,-402,-321,-82,-101,29,148,262,383,480,561,636,655,645,607,518,393,233,37,-161,-348,-545,-705,-830,-902,-901,-851,-743,-574,-348,-108,155,424,660,856,1000,1084,1086,996,853,661,384,93,-213,-524,-788,-1008,-1150,-1207,-1206,-1110,-932,-676,-396,-63,269,583,871,1094,1238,1290,1271,1153,951,683,333,-35,-389,-733,-1029,-1249,-1376,-1394,-1312,-1128,-868,-539,-144,232,617,951,1207,1387,1436,1387,1219,953,618,228,-186,-590,-942,-1211,-1383,-1438,-1375,-1183,-895,-531,-135,267,650,982,1222,1340,1344,1224,989,671,304,-87,-469,-800,-1056,-1216,-1268,-1191,-1007,-705,-308,133,572,958,1226,1327,1207,864,377,-94,-449,-384
62011,mtk,MTK 7916,2150065444,rx0-tx1,512,0,0,0,0,0,0,0,0,0,0,0,0,0,0,0,0,0,0,0,0,0,0,0,0,0,0,0,0,0,0,0,0,0,0,0,0,0,0,0,0,0,0,0,0,0,0,0,0,0,0,0,0,0,0,0,0,0,0,0,0,0,0,0,0,0,0,0,0,0,0,0,0,0,0,0,0,0,0,0,0,0,0,0,0,0,0,0,0,0,0,0,0,0,0,0,0,0,0,0,0,0,0,0,0,0,0,0,0,0,0,0,0,0,0,0,0,0,0,0,0,0,0,0,0,0,0,0,0,0,0,0,0,0,0,0,0,0,0,0,0,0,0,0,0,0,0,0,0,0,0,0,0,0,0,0,0,0,0,0,0,0,0,0,0,0,0,0,0,0,0,0,0,0,0,0,0,0,0,0,0,0,0,0,0,0,0,0,0,0,0,0,0,0,0,0,0,0,0,0,0,0,0,0,0,0,0,0,0,0,0,0,0,0,0,0,0,0,0,0,0,0,0,0,0,0,0,0,0,0,0,0,0,0,0,0,0,0,0,0,0,0,0,0,0,0,0,0,0,0,0,0,0,0,0,0,0,-449,-839,-941,-133,-380,-586,-671,-607,-420,-159,142,421,643,798,854,808,679,446,159,-153,-464,-725,-931,-1033,-1037,-939,-718,-421,-61,281,625,903,1093,1157,1123,983,752,440,96,-243,-555,-801,-952,-1036,-1038,-935,-753,-542,-287,-20,229,452,614,745,817,818,748,648,518,344,157,-14,-178,-315,-447,-539,-576,-584,-575,-539,-504,-418,-297,-191,-71,70,224,350,486,601,683,724,709,649,531,378,194,-43,-262,-444,-605,-731,-814,-820,-771,-674,-525,-352,-147,59,258,446,588,714,790,797,763,691,567,414,241,25,-196,-382,-556,-707,-804,-850,-842,-765,-654,-478,-263,-65,175,410,604,773,510,916,889,803,669,474,262,23,-211,-408,-591,-728,-823,-861,-859,-792,-650,-496,-318,-112,83,290,463,614,745,831,874,853,789,673,505,317,94,-159,-414,-641,-849,-1023,-1106,-1141,-1121,-977,-746,-462,-122,252,626,972,1249,1453,1534,1486,1329,1039,661,236,-250,-725,-1136,-1469,-1687,-1740,-1660,-1425,-1057,-626,-126,398,884,1302,1595,1744,1758,1614,1328,913,415,-93,-593,-1042,-1392,-1609,-1678,-1593,-1363,-1033,-609,-114,369,814,1181,1415,1506,1457,1267,931,534,92,-337,-707,-998,-1173,-1203,-1118,-919,-630,-317,10,321,581,764,862,868,782,627,405,146,-131,-363,-567,-693,-716,-604,-392,-129,109,-401,-570,0,0,0,0,0,0,0,0,0,0,0,0,0,0,0,0,0,0,0,0,0,0,0,0,0,0,0,0,0,0,0,0,0,0,0,0,0,0,0,0,0,0,0,0,0,0,0,0,0,0,0,0,0,0,0,0,0,0,0,0,0,0,0,0,0,0,0,0,0,0,0,0,0,0,0,0,0,0,0,0,0,0,0,0,0,0,0,0,0,0,0,0,0,0,0,0,0,0,0,0,0,0,0,0,0,0,0,0,0,0,0,0,0,0,0,0,0,0,0,0,0,0,0,0,0,0,0,0,0,0,0,0,0,0,0,0,0,0,0,0,0,0,0,0,0,0,0,0,0,0,0,0,0,0,0,0,0,0,0,0,0,0,0,0,0,0,0,0,0,0,0,0,0,0,0,0,0,0,0,0,0,0,0,0,0,0,0,0,0,0,0,0,0,0,0,0,0,0,0,0,0,0,0,0,0,0,0,0,0,0,0,0,0,0,0,0,0,0,0,0,0,0,0,0,0,0,0,0,0,0,0,0,0,0,0,0,0,0,0,0,0,0,0,0,0,0,0,0,0,0,0,0,0,0,0,0,26,-621,-464,-477,-416,-212,77,378,611,747,769,669,491,248,-48,-328,-598,-818,-930,-950,-872,-698,-442,-114,221,560,844,1047,1138,1118,992,742,405,40,-299,-622,-894,-1075,-1129,-1095,-963,-741,-472,-180,135,419,644,810,914,938,882,760,602,415,189,-36,-241,-408,-553,-658,-695,-689,-646,-577,-471,-340,-199,-76,59,176,296,419,495,548,589,617,583,537,453,321,173,-4,-189,-373,-556,-680,-785,-823,-775,-689,-547,-371,-159,56,256,447,607,731,798,804,756,665,543,381,181,-31,-228,-409,-571,-686,-780,-836,-809,-730,-625,-452,-252,-53,166,380,577,748,830,870,879,791,660,475,-82,38,-207,-415,-605,-758,-851,-905,-866,-779,-650,-467,-267,-57,156,369,549,668,774,829,838,794,690,568,405,218,9,-212,-417,-613,-765,-878,-954,-982,-932,-823,-665,-428,-149,121,446,772,1025,1210,1319,1351,1257,1060,770,405,-22,-448,-865,-1225,-1477,-1637,-1659,-1531,-1267,-906,-442,62,556,1030,1409,1661,1798,1748,1557,1225,787,286,-234,-734,-1174,-1509,-1696,-1729,-1616,-1362,-992,-537,-41,467,920,1265,1512,1607,1539,1349,1014,590,133,-337,-770,-1105,-1300,-1372,-1292,-1099,-799,-426,-31,339,664,880,1002,1020,933,747,509,235,-49,-316,-539,-704,-787,-769,-661,-483,-235,50,322,506,592,561,-939,-858
62012,mtk,MTK 7916,2150065444,rx1-tx0,512,0,0,0,0,0,0,0,0,0,0,0,0,0,0,0,0,0,0,0,0,0,0,0,0,0,0,0,0,0,0,0,0,0,0,0,0,0,0,0,0,0,0,0,0,0,0,0,0,0,0,0,0,0,0,0,0,0,0,0,0,0,0,0,0,0,0,0,0,0,0,0,0,0,0,0,0,0,0,0,0,0,0,0,0,0,0,0,0,0,0,0,0,0,0,0,0,0,0,0,0,0,0,0,0,0,0,0,0,0,0,0,0,0,0,0,0,0,0,0,0,0,0,0,0,0,0,0,0,0,0,0,0,0,0,0,0,0,0,0,0,0,0,0,0,0,0,0,0,0,0,0,0,0,0,0,0,0,0,0,0,0,0,0,0,0,0,0,0,0,0,0,0,0,0,0,0,0,0,0,0,0,0,0,0,0,0,0,0,0,0,0,0,0,0,0,0,0,0,0,0,0,0,0,0,0,0,0,0,0,0,0,0,0,0,0,0,0,0,0,0,0,0,0,0,0,0,0,0,0,0,0,0,0,0,0,0,0,0,0,0,0,0,0,0,0,0,0,0,0,0,0,0,0,0,0,0,98,184,292,35,320,588,743,739,586,336,19,-306,-591,-816,-931,-957,-879,-687,-409,-71,286,630,915,1130,1228,1184,1016,741,365,-54,-466,-852,-1142,-1324,-1378,-1278,-1056,-743,-358,54,437,766,1020,1177,1231,1171,1012,779,497,182,-112,-389,-627,-807,-916,-954,-933,-842,-692,-532,-330,-106,104,318,495,627,727,768,763,734,662,547,397,204,-14,-207,-409,-585,-720,-811,-820,-773,-688,-546,-365,-151,83,293,481,613,695,732,716,649,522,365,194,27,-135,-274,-377,-469,-517,-517,-493,-444,-366,-260,-176,-83,11,110,186,245,290,312,326,344,331,312,283,236,174,97,23,-60,-139,-211,-686,-360,-393,-405,-407,-377,-309,-218,-122,-16,102,219,306,388,459,484,490,456,396,313,197,69,-53,-178,-308,-417,-493,-550,-559,-541,-493,-401,-290,-158,1,152,302,436,544,653,687,696,625,505,359,167,-33,-234,-434,-594,-710,-767,-784,-729,-605,-441,-249,-26,176,376,536,657,739,744,688,608,465,289,100,-103,-277,-438,-557,-627,-664,-636,-564,-442,-308,-153,24,180,304,403,490,519,501,468,392,302,192,77,-32,-134,-227,-293,-345,-395,-418,-424,-394,-320,-245,-129,6,145,284,414,516,568,570,517,411,248,31,-197,-424,-606,-716,-743,-658,-450,-142,175,446,606,-160,-28,0,0,0,0,0,0,0,0,0,0,0,0,0,0,0,0,0,0,0,0,0,0,0,0,0,0,0,0,0,0,0,0,0,0,0,0,0,0,0,0,0,0,0,0,0,0,0,0,0,0,0,0,0,0,0,0,0,0,0,0,0,0,0,0,0,0,0,0,0,0,0,0,0,0,0,0,0,0,0,0,0,0,0,0,0,0,0,0,0,0,0,0,0,0,0,0,0,0,0,0,0,0,0,0,0,0,0,0,0,0,0,0,0,0,0,0,0,0,0,0,0,0,0,0,0,0,0,0,0,0,0,0,0,0,0,0,0,0,0,0,0,0,0,0,0,0,0,0,0,0,0,0,0,0,0,0,0,0,0,0,0,0,0,0,0,0,0,0,0,0,0,0,0,0,0,0,0,0,0,0,0,0,0,0,0,0,0,0,0,0,0,0,0,0,0,0,0,0,0,0,0,0,0,0,0,0,0,0,0,0,0,0,0,0,0,0,0,0,0,0,0,0,0,0,0,0,0,0,0,0,0,0,0,0,0,0,0,0,0,0,0,0,0,0,0,0,0,0,0,0,0,0,0,0,0,0,-999,629,582,544,527,357,68,-260,-555,-760,-858,-825,-688,-455,-152,157,481,767,973,1090,1079,946,715,397,5,-396,-761,-1065,-1267,-1335,-1271,-1067,-742,-354,72,497,855,1131,1298,1329,1244,1045,762,418,54,-294,-609,-845,-1020,-1092,-1073,-986,-826,-607,-355,-100,154,379,554,687,785,829,807,748,637,498,331,129,-57,-240,-417,-565,-698,-778,-793,-761,-687,-561,-390,-183,41,247,449,612,734,796,791,733,613,454,267,71,-127,-310,-460,-563,-626,-642,-615,-528,-432,-314,-168,-28,90,202,308,368,400,411,399,368,315,270,205,136,70,-4,-77,-137,-196,-251,-299,-332,-351,-354,-337,-306,9,-185,-73,24,126,234,328,391,434,461,459,415,346,278,166,50,-79,-214,-314,-415,-477,-512,-517,-502,-446,-351,-238,-112,25,159,294,418,501,574,607,592,549,452,342,187,5,-178,-366,-510,-632,-716,-748,-728,-644,-497,-309,-114,98,308,503,649,748,785,748,667,529,358,163,-60,-249,-425,-571,-656,-699,-688,-625,-519,-369,-212,-41,138,314,445,533,584,582,536,455,356,232,75,-47,-171,-277,-359,-415,-434,-428,-404,-355,-285,-216,-118,-13,98,217,308,389,458,489,487,443,362,222,49,-140,-320,-476,-598,-658,-641,-557,-380,-153,117,401,638,759,717,548,302,652,658
62013,mtk,MTK 7916,2150065444,rx1-tx1,512,0,0,0,0,0,0,0,0,0,0,0,0,0,0,0,0,0,0,0,0,0,0,0,0,0,0,0,0,0,0,0,0,0,0,0,0,0,0,0,0,0,0,0,0,0,0,0,0,0,0,0,0,0,0,0,0,0,0,0,0,0,0,0,0,0,0,0,0,0,0,0,0,0,0,0,0,0,0,0,0,0,0,0,0,0,0,0,0,0,0,0,0,0,0,0,0,0,0,0,0,0,0,0,0,0,0,0,0,0,0,0,0,0,0,0,0,0,0,0,0,0,0,0,0,0,0,0,0,0,0,0,0,0,0,0,0,0,0,0,0,0,0,0,0,0,0,0,0,0,0,0,0,0,0,0,0,0,0,0,0,0,0,0,0,0,0,0,0,0,0,0,0,0,0,0,0,0,0,0,0,0,0,0,0,0,0,0,0,0,0,0,0,0,0,0,0,0,0,0,0,0,0,0,0,0,0,0,0,0,0,0,0,0,0,0,0,0,0,0,0,0,0,0,0,0,0,0,0,0,0,0,0,0,0,0,0,0,0,0,0,0,0,0,0,0,0,0,0,0,0,0,0,0,0,0,0,-282,-903,-955,100,143,187,205,190,153,83,-6,-95,-174,-226,-225,-171,-95,8,116,201,239,223,162,60,-79,-196,-264,-281,-219,-106,44,195,300,331,286,162,-12,-190,-335,-405,-369,-244,-49,167,353,458,445,319,122,-119,-351,-509,-534,-422,-206,64,343,544,597,506,291,-17,-334,-560,-655,-594,-395,-83,259,542,695,676,489,171,-184,-501,-687,-718,-554,-245,125,455,677,732,598,308,-52,-394,-633,-713,-611,-365,-23,317,570,686,625,399,73,-277,-532,-647,-593,-402,-97,224,490,629,589,399,120,-189,-453,-590,-558,-385,-124,163,403,527,499,346,103,-163,-373,-474,-447,-300,0,191,373,449,411,259,33,-207,-386,-445,-378,-208,26,252,413,454,359,158,-81,-316,-467,-487,-371,-146,140,391,546,554,410,150,-163,-449,-628,-639,-483,-191,155,466,659,693,544,250,-122,-469,-712,-774,-627,-317,74,470,742,811,683,393,-24,-430,-725,-842,-750,-467,-80,341,680,839,792,548,160,-249,-595,-798,-791,-582,-232,169,524,754,789,628,323,-70,-452,-712,-795,-689,-387,4,371,661,790,715,474,129,-252,-574,-759,-763,-600,-295,76,431,685,779,697,455,126,-210,-501,-681,-706,-580,-327,-10,297,540,669,670,533,289,-2,-284,-507,-641,-663,-580,-431,-224,-577,-717,0,0,0,0,0,0,0,0,0,0,0,0,0,0,0,0,0,0,0,0,0,0,0,0,0,0,0,0,0,0,0,0,0,0,0,0,0,0,0,0,0,0,0,0,0,0,0,0,0,0,0,0,0,0,0,0,0,0,0,0,0,0,0,0,0,0,0,0,0,0,0,0,0,0,0,0,0,0,0,0,0,0,0,0,0,0,0,0,0,0,0,0,0,0,0,0,0,0,0,0,0,0,0,0,0,0,0,0,0,0,0,0,0,0,0,0,0,0,0,0,0,0,0,0,0,0,0,0,0,0,0,0,0,0,0,0,0,0,0,0,0,0,0,0,0,0,0,0,0,0,0,0,0,0,0,0,0,0,0,0,0,0,0,0,0,0,0,0,0,0,0,0,0,0,0,0,0,0,0,0,0,0,0,0,0,0,0,0,0,0,0,0,0,0,0,0,0,0,0,0,0,0,0,0,0,0,0,0,0,0,0,0,0,0,0,0,0,0,0,0,0,0,0,0,0,0,0,0,0,0,0,0,0,0,0,0,0,0,0,0,0,0,0,0,0,0,0,0,0,0,0,0,0,0,0,0,288,-354,-177,-111,-83,-37,27,94,157,203,224,201,140,47,-53,-148,-214,-234,-200,-130,-27,92,192,251,256,199,83,-53,-186,-273,-302,-255,-139,26,192,324,374,336,205,27,-174,-335,-424,-406,-284,-77,146,359,500,498,368,158,-101,-357,-532,-575,-481,-260,37,333,548,629,549,332,31,-283,-547,-685,-648,-433,-120,235,538,699,685,516,218,-151,-478,-680,-713,-583,-296,78,425,662,725,602,324,-9,-344,-606,-701,-613,-371,-32,309,565,677,618,398,80,-253,-513,-640,-609,-407,-102,222,481,607,574,403,130,-169,-411,-540,-524,-367,-112,165,393,508,476,313,81,-174,-385,0,-447,-292,-51,197,381,456,402,229,-11,-237,-400,-454,-370,-183,71,299,440,462,356,141,-124,-364,-506,-519,-386,-147,143,419,595,601,443,157,-179,-470,-645,-673,-520,-220,146,482,707,743,588,286,-98,-465,-720,-795,-664,-360,53,454,733,831,717,418,24,-381,-693,-844,-781,-516,-114,297,630,817,809,577,212,-206,-564,-781,-791,-604,-276,118,487,734,788,642,339,-45,-420,-678,-774,-695,-439,-59,325,619,773,746,541,208,-182,-523,-736,-781,-648,-371,-14,335,601,732,707,528,234,-111,-419,-625,-699,-631,-431,-143,172,444,616,677,618,454,218,-35,-269,-423,-506,-762,-650
62014,mtk,MTK 7916,2150065444,rx2-tx0,512,0,0,0,0,0,0,0,0,0,0,0,0,0,0,0,0,0,0,0,0,0,0,0,0,0,0,0,0,0,0,0,0,0,0,0,0,0,0,0,0,0,0,0,0,0,0,0,0,0,0,0,0,0,0,0,0,0,0,0,0,0,0,0,0,0,0,0,0,0,0,0,0,0,0,0,0,0,0,0,0,0,0,0,0,0,0,0,0,0,0,0,0,0,0,0,0,0,0,0,0,0,0,0,0,0,0,0,0,0,0,0,0,0,0,0,0,0,0,0,0,0,0,0,0,0,0,0,0,0,0,0,0,0,0,0,0,0,0,0,0,0,0,0,0,0,0,0,0,0,0,0,0,0,0,0,0,0,0,0,0,0,0,0,0,0,0,0,0,0,0,0,0,0,0,0,0,0,0,0,0,0,0,0,0,0,0,0,0,0,0,0,0,0,0,0,0,0,0,0,0,0,0,0,0,0,0,0,0,0,0,0,0,0,0,0,0,0,0,0,0,0,0,0,0,0,0,0,0,0,0,0,0,0,0,0,0,0,0,0,0,0,0,0,0,0,0,0,0,0,0,0,0,0,0,0,0,794,-801,-957,27,-28,-72,-113,-146,-157,-157,-127,-64,8,80,140,166,170,145,75,-21,-91,-153,-193,-193,-146,-66,30,114,181,211,181,105,15,-90,-163,-191,-166,-123,-42,65,146,180,168,125,47,-49,-149,-202,-209,-172,-78,39,134,207,223,169,81,-28,-134,-207,-229,-199,-108,12,124,208,246,225,151,33,-86,-182,-221,-204,-146,-62,43,137,188,195,152,67,-37,-117,-163,-174,-128,-54,32,98,139,148,123,55,-19,-97,-139,-143,-132,-101,-30,39,95,119,94,52,20,-11,-38,-46,-46,-36,-29,-17,-6,9,9,-4,-16,-4,14,36,66,72,47,28,0,-47,0,-106,-86,-55,0,59,115,153,151,108,45,-37,-119,-180,-200,-167,-81,15,105,182,229,204,125,25,-76,-156,-197,-203,-149,-58,47,141,198,218,167,71,-36,-141,-195,-195,-165,-107,-14,75,160,190,155,93,13,-64,-128,-156,-135,-70,-4,54,103,112,92,48,-7,-64,-106,-117,-90,-35,32,88,121,127,89,28,-36,-97,-129,-133,-101,-52,-1,60,122,135,109,74,14,-42,-71,-81,-78,-71,-40,6,45,50,31,5,-17,-45,-57,-42,-18,27,81,110,117,104,62,-7,-79,-133,-158,-169,-155,-92,-1,98,170,213,233,215,148,74,-2,-84,-153,-193,-196,-408,0,0,0,0,0,0,0,0,0,0,0,0,0,0,0,0,0,0,0,0,0,0,0,0,0,0,0,0,0,0,0,0,0,0,0,0,0,0,0,0,0,0,0,0,0,0,0,0,0,0,0,0,0,0,0,0,0,0,0,0,0,0,0,0,0,0,0,0,0,0,0,0,0,0,0,0,0,0,0,0,0,0,0,0,0,0,0,0,0,0,0,0,0,0,0,0,0,0,0,0,0,0,0,0,0,0,0,0,0,0,0,0,0,0,0,0,0,0,0,0,0,0,0,0,0,0,0,0,0,0,0,0,0,0,0,0,0,0,0,0,0,0,0,0,0,0,0,0,0,0,0,0,0,0,0,0,0,0,0,0,0,0,0,0,0,0,0,0,0,0,0,0,0,0,0,0,0,0,0,0,0,0,0,0,0,0,0,0,0,0,0,0,0,0,0,0,0,0,0,0,0,0,0,0,0,0,0,0,0,0,0,0,0,0,0,0,0,0,0,0,0,0,0,0,0,0,0,0,0,0,0,0,0,0,0,0,0,0,0,0,0,0,0,0,0,0,0,0,0,0,0,0,0,0,0,0,572,-967,-801,111,127,127,107,58,0,-65,-121,-158,-168,-152,-109,-44,40,116,169,192,172,93,7,-80,-151,-207,-211,-165,-84,18,115,176,190,170,122,23,-76,-144,-175,-179,-122,-34,63,131,182,182,133,48,-53,-146,-203,-216,-159,-64,47,151,220,245,200,102,-13,-123,-222,-249,-226,-153,-22,113,193,225,199,148,60,-64,-171,-211,-198,-148,-68,34,137,184,173,131,69,-21,-106,-162,-175,-133,-57,23,92,141,155,127,62,-3,-65,-120,-145,-128,-77,-21,16,51,88,89,59,26,-5,-29,-34,-29,-24,-15,0,-5,-22,-31,-36,-33,-4,31,62,68,74,76,0,-16,-69,-111,-130,-118,-75,-9,65,122,160,173,137,54,-34,-122,-193,-211,-172,-101,-6,89,170,212,204,133,35,-69,-161,-216,-206,-158,-74,37,129,188,204,173,88,-17,-121,-177,-193,-173,-102,-12,74,139,171,155,99,28,-56,-110,-134,-106,-53,8,51,94,105,79,38,-17,-102,-137,-114,-79,-37,43,110,129,121,103,52,-6,-68,-119,-135,-114,-69,-14,42,83,97,95,64,19,-22,-44,-57,-59,-33,5,42,54,45,23,-13,-54,-70,-84,-72,-27,37,84,118,143,145,98,21,-56,-130,-194,-219,-193,-129,-57,33,125,196,229,240,224,175,108,-1227,-1174
62015,mtk,MTK 7916,2150065444,rx2-tx1,512,0,0,0,0,0,0,0,0,0,0,0,0,0,0,0,0,0,0,0,0,0,0,0,0,0,0,0,0,0,0,0,0,0,0,0,0,0,0,0,0,0,0,0,0,0,0,0,0,0,0,0,0,0,0,0,0,0,0,0,0,0,0,0,0,0,0,0,0,0,0,0,0,0,0,0,0,0,0,0,0,0,0,0,0,0,0,0,0,0,0,0,0,0,0,0,0,0,0,0,0,0,0,0,0,0,0,0,0,0,0,0,0,0,0,0,0,0,0,0,0,0,0,0,0,0,0,0,0,0,0,0,0,0,0,0,0,0,0,0,0,0,0,0,0,0,0,0,0,0,0,0,0,0,0,0,0,0,0,0,0,0,0,0,0,0,0,0,0,0,0,0,0,0,0,0,0,0,0,0,0,0,0,0,0,0,0,0,0,0,0,0,0,0,0,0,0,0,0,0,0,0,0,0,0,0,0,0,0,0,0,0,0,0,0,0,0,0,0,0,0,0,0,0,0,0,0,0,0,0,0,0,0,0,0,0,0,0,0,0,0,0,0,0,0,0,0,0,0,0,0,0,0,0,0,0,0,381,-490,-447,-26,-41,-44,-41,-32,-20,-2,20,39,58,64,65,55,22,-20,-52,-74,-80,-78,-65,-30,24,77,110,118,113,88,36,-41,-121,-173,-171,-133,-80,-1,101,183,229,225,171,54,-75,-186,-271,-302,-257,-155,-20,136,258,343,353,274,126,-58,-247,-381,-425,-375,-247,-50,175,358,456,468,370,179,-60,-282,-449,-519,-466,-295,-61,188,393,517,527,414,199,-60,-294,-473,-537,-469,-299,-58,194,384,483,476,362,148,-86,-300,-431,-447,-360,-201,20,223,375,421,358,208,23,-163,-313,-382,-348,-231,-73,103,258,342,333,239,82,-89,-220,-297,-309,-233,-95,67,0,280,293,216,90,-39,-164,-260,-269,-207,-100,28,161,242,253,197,92,-41,-152,-225,-241,-197,-101,26,148,230,241,180,87,-20,-137,-231,-258,-199,-83,46,158,250,292,255,141,5,-132,-237,-293,-269,-181,-60,74,188,264,281,220,112,-16,-140,-232,-257,-222,-139,-17,100,178,227,221,136,35,-61,-145,-191,-191,-148,-66,24,108,163,175,155,98,18,-63,-131,-170,-172,-125,-47,22,73,127,155,144,106,56,-4,-63,-106,-112,-100,-82,-52,-17,22,61,81,78,77,62,44,25,1,-24,-43,-66,-72,-63,-54,-42,-21,6,37,54,73,87,95,77,49,-496,-521,0,0,0,0,0,0,0,0,0,0,0,0,0,0,0,0,0,0,0,0,0,0,0,0,0,0,0,0,0,0,0,0,0,0,0,0,0,0,0,0,0,0,0,0,0,0,0,0,0,0,0,0,0,0,0,0,0,0,0,0,0,0,0,0,0,0,0,0,0,0,0,0,0,0,0,0,0,0,0,0,0,0,0,0,0,0,0,0,0,0,0,0,0,0,0,0,0,0,0,0,0,0,0,0,0,0,0,0,0,0,0,0,0,0,0,0,0,0,0,0,0,0,0,0,0,0,0,0,0,0,0,0,0,0,0,0,0,0,0,0,0,0,0,0,0,0,0,0,0,0,0,0,0,0,0,0,0,0,0,0,0,0,0,0,0,0,0,0,0,0,0,0,0,0,0,0,0,0,0,0,0,0,0,0,0,0,0,0,0,0,0,0,0,0,0,0,0,0,0,0,0,0,0,0,0,0,0,0,0,0,0,0,0,0,0,0,0,0,0,0,0,0,0,0,0,0,0,0,0,0,0,0,0,0,0,0,0,0,0,0,0,0,0,0,0,0,0,0,0,0,0,0,0,0,0,0,-1037,118,199,21,10,-8,-25,-34,-47,-58,-57,-45,-25,2,24,46,62,67,60,44,3,-37,-63,-85,-101,-83,-40,9,65,119,157,153,108,37,-45,-131,-193,-207,-184,-116,-15,89,189,261,263,210,114,-20,-168,-283,-329,-301,-216,-63,114,276,377,396,323,175,-17,-207,-360,-431,-415,-296,-103,121,329,464,489,423,248,3,-241,-430,-527,-500,-354,-133,122,354,495,529,450,252,0,-246,-435,-517,-477,-326,-110,135,336,457,476,380,177,-55,-258,-375,-413,-364,-217,-9,195,339,409,374,234,37,-148,-281,-359,-340,-231,-66,112,259,319,307,227,95,-62,-200,-290,-303,0,-106,50,177,256,263,210,90,-50,-175,-245,-258,-206,-103,37,163,240,256,200,82,-32,-135,-217,-245,-190,-83,39,152,236,247,192,86,-49,-179,-252,-261,-213,-111,25,158,259,297,264,169,35,-103,-233,-307,-292,-219,-92,55,187,255,269,214,116,-1,-122,-211,-241,-211,-127,-11,89,168,214,204,137,51,-37,-125,-175,-177,-140,-74,17,92,145,173,167,114,23,-57,-115,-153,-158,-134,-86,-27,43,96,128,124,97,59,28,-14,-56,-88,-103,-95,-77,-52,-21,16,41,55,65,74,71,51,27,12,-17,-53,-75,-76,-75,-76,-66,-38,-13,18,55,84,-163,-76
62016,mtk,MTK 7916,2150128113,rx0-tx0,512,0,0,0,0,0,0,0,0,0,0,0,0,0,0,0,0,0,0,0,0,0,0,0,0,0,0,0,0,0,0,0,0,0,0,0,0,0,0,0,0,0,0,0,0,0,0,0,0,0,0,0,0,0,0,0,0,0,0,0,0,0,0,0,0,0,0,0,0,0,0,0,0,0,0,0,0,0,0,0,0,0,0,0,0,0,0,0,0,0,0,0,0,0,0,0,0,0,0,0,0,0,0,0,0,0,0,0,0,0,0,0,0,0,0,0,0,0,0,0,0,0,0,0,0,0,0,0,0,0,0,0,0,0,0,0,0,0,0,0,0,0,0,0,0,0,0,0,0,0,0,0,0,0,0,0,0,0,0,0,0,0,0,0,0,0,0,0,0,0,0,0,0,0,0,0,0,0,0,0,0,0,0,0,0,0,0,0,0,0,0,0,0,0,0,0,0,0,0,0,0,0,0,0,0,0,0,0,0,0,0,0,0,0,0,0,0,0,0,0,0,0,0,0,0,0,0,0,0,0,0,0,0,0,0,0,0,0,0,0,0,0,0,0,0,0,0,0,0,0,0,0,0,0,0,0,0,-364,-551,-573,-266,17,384,692,841,815,626,324,-42,-391,-675,-878,-961,-930,-775,-507,-198,165,514,801,1008,1095,1057,902,652,314,-59,-451,-784,-1036,-1172,-1191,-1090,-880,-585,-216,159,524,859,1093,1226,1247,1155,935,640,294,-102,-482,-817,-1101,-1277,-1321,-1245,-1068,-796,-429,-31,387,752,1045,1246,1328,1283,1123,874,539,141,-253,-620,-937,-1159,-1263,-1255,-1132,-921,-623,-308,47,397,674,910,1069,1115,1064,945,752,486,194,-118,-411,-662,-852,-953,-992,-944,-822,-629,-386,-120,152,420,626,770,852,851,786,662,483,296,60,-151,-337,-477,-589,-657,-665,-624,-528,-423,-300,-158,-9,137,265,385,-330,520,566,565,535,476,371,249,96,-80,-257,-439,-587,-704,-780,-773,-720,-607,-420,-195,58,313,544,757,901,966,967,870,688,440,152,-154,-443,-725,-956,-1093,-1128,-1074,-935,-713,-416,-68,296,616,890,1092,1210,1226,1133,936,652,302,-82,-435,-777,-1050,-1239,-1325,-1276,-1123,-866,-534,-154,265,655,993,1231,1358,1364,1251,1022,682,284,-156,-581,-938,-1227,-1397,-1430,-1341,-1123,-777,-360,101,545,927,1234,1415,1448,1337,1084,730,286,-185,-625,-997,-1262,-1393,-1357,-1196,-925,-530,-80,353,756,1066,1255,1303,1195,970,631,230,-196,-602,-957,-1197,-1289,-1222,-966,-549,-35,521,977,1219,1187,924,-390,-450,0,0,0,0,0,0,0,0,0,0,0,0,0,0,0,0,0,0,0,0,0,0,0,0,0,0,0,0,0,0,0,0,0,0,0,0,0,0,0,0,0,0,0,0,0,0,0,0,0,0,0,0,0,0,0,0,0,0,0,0,0,0,0,0,0,0,0,0,0,0,0,0,0,0,0,0,0,0,0,0,0,0,0,0,0,0,0,0,0,0,0,0,0,0,0,0,0,0,0,0,0,0,0,0,0,0,0,0,0,0,0,0,0,0,0,0,0,0,0,0,0,0,0,0,0,0,0,0,0,0,0,0,0,0,0,0,0,0,0,0,0,0,0,0,0,0,0,0,0,0,0,0,0,0,0,0,0,0,0,0,0,0,0,0,0,0,0,0,0,0,0,0,0,0,0,0,0,0,0,0,0,0,0,0,0,0,0,0,0,0,0,0,0,0,0,0,0,0,0,0,0,0,0,0,0,0,0,0,0,0,0,0,0,0,0,0,0,0,0,0,0,0,0,0,0,0,0,0,0,0,0,0,0,0,0,0,0,0,0,0,0,0,0,0,0,0,0,0,0,0,0,0,0,0,0,0,-49,-233,-135,528,683,655,424,75,-302,-626,-848,-921,-844,-656,-369,-34,310,637,869,1005,1032,921,712,403,45,-327,-656,-926,-1105,-1168,-1098,-897,-596,-235,140,502,807,1055,1190,1200,1110,900,596,244,-131,-513,-850,-1095,-1261,-1301,-1205,-1013,-730,-356,53,438,792,1076,1269,1338,1284,1107,832,470,71,-330,-686,-984,-1216,-1310,-1277,-1147,-912,-587,-216,161,513,823,1042,1171,1206,1110,924,698,390,48,-269,-556,-808,-979,-1057,-1054,-964,-804,-570,-298,-16,276,531,743,878,940,936,837,674,456,213,-45,-279,-488,-643,-749,-791,-738,-646,-513,-363,-187,4,175,322,433,521,572,589,560,509,422,-82,200,63,-83,-219,-362,-485,-570,-639,-662,-634,-561,-429,-272,-64,164,373,584,751,850,885,842,737,561,321,51,-231,-519,-758,-940,-1044,-1054,-983,-835,-581,-265,63,391,692,938,1113,1189,1157,1024,815,524,181,-190,-543,-853,-1092,-1244,-1267,-1196,-1026,-762,-431,-40,361,722,1025,1228,1337,1333,1197,959,625,231,-185,-591,-955,-1221,-1383,-1417,-1294,-1065,-735,-330,108,540,930,1239,1408,1453,1343,1107,770,333,-119,-576,-962,-1245,-1421,-1419,-1280,-1006,-635,-186,264,671,1027,1266,1341,1284,1097,783,398,-42,-460,-821,-1092,-1242,-1251,-1119,-851,-458,-3,468,901,1200,1329,1232,878,360,-217,-638,-449,-384
62017,mtk,MTK 7916,2150128113,rx0-tx1,512,0,0,0,0,0,0,0,0,0,0,0,0,0,0,0,0,0,0,0,0,0,0,0,0,0,0,0,0,0,0,0,0,0,0,0,0,0,0,0,0,0,0,0,0,0,0,0,0,0,0,0,0,0,0,0,0,0,0,0,0,0,0,0,0,0,0,0,0,0,0,0,0,0,0,0,0,0,0,0,0,0,0,0,0,0,0,0,0,0,0,0,0,0,0,0,0,0,0,0,0,0,0,0,0,0,0,0,0,0,0,0,0,0,0,0,0,0,0,0,0,0,0,0,0,0,0,0,0,0,0,0,0,0,0,0,0,0,0,0,0,0,0,0,0,0,0,0,0,0,0,0,0,0,0,0,0,0,0,0,0,0,0,0,0,0,0,0,0,0,0,0,0,0,0,0,0,0,0,0,0,0,0,0,0,0,0,0,0,0,0,0,0,0,0,0,0,0,0,0,0,0,0,0,0,0,0,0,0,0,0,0,0,0,0,0,0,0,0,0,0,0,0,0,0,0,0,0,0,0,0,0,0,0,0,0,0,0,0,0,0,0,0,0,0,0,0,0,0,0,0,0,0,0,0,0,0,-449,-839,-941,293,76,-228,-513,-692,-725,-606,-377,-73,244,514,723,858,868,764,544,238,-95,-431,-737,-961,-1063,-1038,-879,-605,-230,176,552,864,1071,1147,1109,932,651,284,-95,-454,-749,-969,-1065,-1039,-931,-711,-423,-137,161,423,633,773,851,840,749,608,431,203,-16,-219,-386,-531,-613,-638,-618,-555,-455,-364,-226,-66,71,219,353,445,538,606,635,596,522,424,254,56,-152,-374,-573,-712,-778,-805,-743,-600,-418,-188,46,298,511,674,773,825,803,712,565,355,116,-110,-326,-512,-674,-778,-824,-799,-699,-553,-351,-124,91,329,544,705,819,874,851,743,572,360,118,-164,-416,-631,510,-910,-908,-841,-703,-496,-264,-10,245,487,671,782,864,851,779,649,466,247,-1,-226,-434,-604,-745,-827,-846,-809,-717,-558,-359,-134,116,393,626,819,960,1029,1025,921,757,490,175,-174,-554,-898,-1173,-1329,-1391,-1301,-1076,-749,-321,143,635,1072,1406,1621,1660,1537,1250,820,301,-255,-806,-1277,-1607,-1768,-1746,-1556,-1194,-680,-118,435,986,1411,1667,1755,1649,1373,938,410,-146,-684,-1130,-1471,-1636,-1603,-1421,-1056,-581,-63,471,941,1266,1458,1453,1277,972,543,69,-385,-778,-1052,-1180,-1152,-995,-721,-377,-9,323,593,792,882,840,728,512,222,-66,-338,-561,-701,-721,-641,-425,-124,166,370,-401,-570,0,0,0,0,0,0,0,0,0,0,0,0,0,0,0,0,0,0,0,0,0,0,0,0,0,0,0,0,0,0,0,0,0,0,0,0,0,0,0,0,0,0,0,0,0,0,0,0,0,0,0,0,0,0,0,0,0,0,0,0,0,0,0,0,0,0,0,0,0,0,0,0,0,0,0,0,0,0,0,0,0,0,0,0,0,0,0,0,0,0,0,0,0,0,0,0,0,0,0,0,0,0,0,0,0,0,0,0,0,0,0,0,0,0,0,0,0,0,0,0,0,0,0,0,0,0,0,0,0,0,0,0,0,0,0,0,0,0,0,0,0,0,0,0,0,0,0,0,0,0,0,0,0,0,0,0,0,0,0,0,0,0,0,0,0,0,0,0,0,0,0,0,0,0,0,0,0,0,0,0,0,0,0,0,0,0,0,0,0,0,0,0,0,0,0,0,0,0,0,0,0,0,0,0,0,0,0,0,0,0,0,0,0,0,0,0,0,0,0,0,0,0,0,0,0,0,0,0,0,0,0,0,0,0,0,0,0,0,0,0,0,0,0,0,0,0,0,0,0,0,0,0,0,0,0,0,26,-621,-464,-387,-553,-582,-438,-170,158,456,679,790,771,638,420,136,-185,-500,-758,-921,-964,-901,-713,-413,-51,325,669,947,1116,1133,1011,772,426,46,-333,-687,-949,-1108,-1117,-1014,-813,-518,-169,151,458,710,870,947,939,822,633,405,150,-103,-330,-510,-650,-739,-742,-686,-575,-436,-264,-87,83,260,379,473,551,580,563,537,458,348,246,94,-83,-259,-406,-546,-669,-730,-741,-678,-538,-337,-119,106,353,554,707,790,816,773,646,476,264,36,-200,-420,-600,-734,-790,-788,-731,-614,-454,-242,-19,213,427,606,753,813,824,779,647,476,255,6,-248,-486,-677,-812,-893,-894,-800,-655,-82,-187,96,335,574,745,855,904,865,749,565,357,126,-137,-364,-564,-712,-812,-840,-799,-704,-561,-384,-161,59,274,490,675,801,883,925,869,743,557,309,36,-277,-572,-837,-1064,-1187,-1228,-1141,-946,-636,-270,141,590,976,1294,1500,1549,1449,1182,806,327,-204,-722,-1187,-1521,-1714,-1730,-1570,-1225,-757,-206,356,888,1345,1649,1768,1722,1493,1076,564,0,-575,-1079,-1453,-1664,-1697,-1556,-1245,-796,-255,287,798,1222,1482,1578,1491,1216,815,338,-180,-643,-1025,-1272,-1341,-1264,-1026,-671,-242,171,542,831,990,1016,918,734,474,147,-165,-434,-663,-775,-777,-689,-505,-249,34,313,547,645,584,424,-939,-858
62018,mtk,MTK 7916,2150128113,rx1-tx0,512,0,0,0,0,0,0,0,0,0,0,0,0,0,0,0,0,0,0,0,0,0,0,0,0,0,0,0,0,0,0,0,0,0,0,0,0,0,0,0,0,0,0,0,0,0,0,0,0,0,0,0,0,0,0,0,0,0,0,0,0,0,0,0,0,0,0,0,0,0,0,0,0,0,0,0,0,0,0,0,0,0,0,0,0,0,0,0,0,0,0,0,0,0,0,0,0,0,0,0,0,0,0,0,0,0,0,0,0,0,0,0,0,0,0,0,0,0,0,0,0,0,0,0,0,0,0,0,0,0,0,0,0,0,0,0,0,0,0,0,0,0,0,0,0,0,0,0,0,0,0,0,0,0,0,0,0,0,0,0,0,0,0,0,0,0,0,0,0,0,0,0,0,0,0,0,0,0,0,0,0,0,0,0,0,0,0,0,0,0,0,0,0,0,0,0,0,0,0,0,0,0,0,0,0,0,0,0,0,0,0,0,0,0,0,0,0,0,0,0,0,0,0,0,0,0,0,0,0,0,0,0,0,0,0,0,0,0,0,0,0,0,0,0,0,0,0,0,0,0,0,0,0,0,0,0,0,98,184,292,-392,-195,125,460,703,810,750,554,263,-70,-413,-707,-903,-993,-966,-790,-503,-140,263,648,971,1179,1239,1155,923,551,106,-367,-794,-1122,-1307,-1345,-1220,-967,-582,-128,322,707,1016,1190,1241,1193,987,684,364,-13,-362,-643,-856,-989,-1013,-939,-791,-599,-352,-94,164,395,572,712,798,812,772,665,502,316,103,-112,-343,-530,-673,-770,-835,-796,-682,-514,-304,-62,185,418,608,734,807,782,687,533,339,116,-106,-309,-500,-628,-681,-682,-609,-505,-353,-179,-19,140,279,381,440,467,469,423,349,261,166,59,-44,-126,-190,-265,-316,-336,-343,-343,-310,-269,-197,-112,-25,60,156,-686,348,389,418,419,381,321,211,98,-33,-173,-287,-375,-452,-483,-484,-439,-352,-234,-106,31,184,308,412,490,522,526,482,397,287,137,-16,-178,-333,-453,-559,-628,-626,-581,-493,-337,-144,59,266,457,608,712,759,717,609,447,252,-9,-246,-444,-626,-739,-779,-742,-632,-481,-271,-37,180,389,563,668,705,681,599,462,273,66,-139,-311,-453,-569,-606,-589,-525,-413,-262,-101,65,215,339,430,466,472,439,353,268,157,48,-63,-175,-250,-331,-386,-423,-439,-383,-313,-191,-55,91,256,391,501,569,556,478,345,150,-82,-331,-549,-682,-730,-661,-454,-147,195,493,671,689,-160,-28,0,0,0,0,0,0,0,0,0,0,0,0,0,0,0,0,0,0,0,0,0,0,0,0,0,0,0,0,0,0,0,0,0,0,0,0,0,0,0,0,0,0,0,0,0,0,0,0,0,0,0,0,0,0,0,0,0,0,0,0,0,0,0,0,0,0,0,0,0,0,0,0,0,0,0,0,0,0,0,0,0,0,0,0,0,0,0,0,0,0,0,0,0,0,0,0,0,0,0,0,0,0,0,0,0,0,0,0,0,0,0,0,0,0,0,0,0,0,0,0,0,0,0,0,0,0,0,0,0,0,0,0,0,0,0,0,0,0,0,0,0,0,0,0,0,0,0,0,0,0,0,0,0,0,0,0,0,0,0,0,0,0,0,0,0,0,0,0,0,0,0,0,0,0,0,0,0,0,0,0,0,0,0,0,0,0,0,0,0,0,0,0,0,0,0,0,0,0,0,0,0,0,0,0,0,0,0,0,0,0,0,0,0,0,0,0,0,0,0,0,0,0,0,0,0,0,0,0,0,0,0,0,0,0,0,0,0,0,0,0,0,0,0,0,0,0,0,0,0,0,0,0,0,0,0,0,-999,629,582,366,576,672,575,330,-10,-359,-641,-823,-889,-824,-623,-339,-4,368,705,959,1093,1092,956,681,305,-120,-535,-915,-1200,-1337,-1302,-1098,-750,-324,135,582,956,1227,1330,1278,1099,801,417,31,-369,-730,-959,-1099,-1143,-1041,-857,-615,-330,-18,273,517,722,853,898,866,751,604,423,208,-22,-242,-447,-603,-720,-775,-783,-714,-575,-406,-217,-1,253,465,644,774,828,806,712,542,340,101,-158,-379,-575,-699,-754,-736,-675,-550,-365,-164,43,229,381,508,564,567,542,454,346,212,95,-30,-149,-254,-326,-378,-395,-380,-336,-295,-240,-165,-80,-7,83,153,220,300,346,362,365,350,9,236,131,26,-109,-214,-316,-393,-437,-462,-438,-361,-277,-164,-34,102,244,362,448,497,526,495,415,309,181,47,-99,-250,-379,-491,-558,-581,-567,-495,-389,-257,-83,106,272,445,588,672,700,668,562,407,209,-20,-261,-470,-632,-741,-784,-724,-628,-470,-250,-10,229,433,603,718,748,713,630,471,266,49,-162,-351,-510,-625,-659,-643,-569,-454,-285,-89,89,256,408,510,546,548,490,389,253,107,-25,-161,-267,-344,-395,-412,-408,-362,-307,-229,-127,-20,105,230,334,436,484,499,456,354,219,37,-170,-355,-516,-624,-650,-589,-426,-198,71,362,612,753,741,565,266,-48,652,658
62019,mtk,MTK 7916,2150128113,rx1-tx1,512,0,0,0,0,0,0,0,0,0,0,0,0,0,0,0,0,0,0,0,0,0,0,0,0,0,0,0,0,0,0,0,0,0,0,0,0,0,0,0,0,0,0,0,0,0,0,0,0,0,0,0,0,0,0,0,0,0,0,0,0,0,0,0,0,0,0,0,0,0,0,0,0,0,0,0,0,0,0,0,0,0,0,0,0,0,0,0,0,0,0,0,0,0,0,0,0,0,0,0,0,0,0,0,0,0,0,0,0,0,0,0,0,0,0,0,0,0,0,0,0,0,0,0,0,0,0,0,0,0,0,0,0,0,0,0,0,0,0,0,0,0,0,0,0,0,0,0,0,0,0,0,0,0,0,0,0,0,0,0,0,0,0,0,0,0,0,0,0,0,0,0,0,0,0,0,0,0,0,0,0,0,0,0,0,0,0,0,0,0,0,0,0,0,0,0,0,0,0,0,0,0,0,0,0,0,0,0,0,0,0,0,0,0,0,0,0,0,0,0,0,0,0,0,0,0,0,0,0,0,0,0,0,0,0,0,0,0,0,0,0,0,0,0,0,0,0,0,0,0,0,0,0,0,0,0,0,-282,-903,-955,140,158,162,132,70,-1,-71,-141,-197,-222,-208,-165,-90,11,115,196,244,238,190,96,-21,-134,-217,-262,-249,-186,-75,66,202,295,319,272,181,44,-122,-273,-379,-398,-315,-165,8,199,375,474,459,336,134,-103,-327,-502,-560,-477,-287,-47,231,456,578,592,477,238,-53,-337,-558,-671,-631,-443,-154,160,451,643,704,599,350,38,-268,-537,-698,-685,-525,-257,76,394,620,705,628,404,90,-233,-498,-661,-683,-545,-282,40,351,576,662,610,414,110,-207,-456,-607,-617,-472,-222,60,328,513,581,508,322,70,-196,-403,-507,-511,-389,-168,88,316,459,479,385,205,0,-242,-387,-451,-404,-230,-6,202,366,443,408,261,45,-177,-350,-436,-421,-298,-74,168,369,497,494,361,138,-120,-362,-532,-590,-502,-273,22,315,547,671,626,438,132,-217,-518,-689,-720,-593,-319,49,405,669,787,729,504,171,-203,-546,-776,-830,-700,-411,-30,360,671,831,804,599,263,-129,-485,-734,-824,-735,-475,-113,264,592,786,788,620,333,-36,-396,-671,-798,-739,-514,-180,176,497,722,793,674,416,67,-290,-587,-768,-783,-642,-382,-43,305,591,750,762,624,373,45,-279,-543,-701,-716,-591,-368,-83,217,473,634,681,621,451,204,-67,-300,-493,-609,-629,-568,-434,-577,-717,0,0,0,0,0,0,0,0,0,0,0,0,0,0,0,0,0,0,0,0,0,0,0,0,0,0,0,0,0,0,0,0,0,0,0,0,0,0,0,0,0,0,0,0,0,0,0,0,0,0,0,0,0,0,0,0,0,0,0,0,0,0,0,0,0,0,0,0,0,0,0,0,0,0,0,0,0,0,0,0,0,0,0,0,0,0,0,0,0,0,0,0,0,0,0,0,0,0,0,0,0,0,0,0,0,0,0,0,0,0,0,0,0,0,0,0,0,0,0,0,0,0,0,0,0,0,0,0,0,0,0,0,0,0,0,0,0,0,0,0,0,0,0,0,0,0,0,0,0,0,0,0,0,0,0,0,0,0,0,0,0,0,0,0,0,0,0,0,0,0,0,0,0,0,0,0,0,0,0,0,0,0,0,0,0,0,0,0,0,0,0,0,0,0,0,0,0,0,0,0,0,0,0,0,0,0,0,0,0,0,0,0,0,0,0,0,0,0,0,0,0,0,0,0,0,0,0,0,0,0,0,0,0,0,0,0,0,0,0,0,0,0,0,0,0,0,0,0,0,0,0,0,0,0,0,0,288,-354,-177,6,59,104,150,199,222,212,173,111,19,-78,-152,-209,-236,-210,-144,-54,58,165,230,244,215,136,23,-104,-209,-279,-294,-241,-128,16,169,298,364,348,247,105,-86,-270,-391,-430,-391,-261,-56,173,365,486,497,398,199,-36,-264,-467,-577,-548,-406,-159,140,410,597,644,539,330,53,-255,-513,-661,-673,-537,-266,69,390,612,708,667,472,158,-179,-485,-664,-701,-591,-350,-20,323,576,692,655,473,191,-136,-429,-631,-672,-566,-340,-45,274,520,637,600,439,182,-109,-385,-563,-604,-499,-294,-29,234,449,554,524,368,131,-145,-368,-491,-497,-384,-175,64,282,434,0,407,232,4,-224,-392,-453,-402,-253,-33,196,364,447,423,288,70,-168,-361,-467,-454,-328,-113,145,378,518,539,426,203,-81,-353,-553,-629,-554,-342,-44,274,547,691,672,502,220,-128,-452,-681,-753,-663,-420,-73,303,614,781,775,606,299,-97,-469,-738,-842,-767,-510,-140,245,572,791,836,691,384,-6,-396,-683,-819,-775,-566,-228,146,493,731,805,688,422,70,-292,-599,-776,-774,-604,-300,60,399,662,788,741,530,212,-142,-469,-701,-787,-718,-508,-196,140,452,676,764,693,492,212,-95,-397,-612,-695,-648,-493,-258,33,312,526,655,684,613,446,238,25,-168,-354,-762,-650
62020,mtk,MTK 7916,2150128113,rx2-tx0,512,0,0,0,0,0,0,0,0,0,0,0,0,0,0,0,0,0,0,0,0,0,0,0,0,0,0,0,0,0,0,0,0,0,0,0,0,0,0,0,0,0,0,0,0,0,0,0,0,0,0,0,0,0,0,0,0,0,0,0,0,0,0,0,0,0,0,0,0,0,0,0,0,0,0,0,0,0,0,0,0,0,0,0,0,0,0,0,0,0,0,0,0,0,0,0,0,0,0,0,0,0,0,0,0,0,0,0,0,0,0,0,0,0,0,0,0,0,0,0,0,0,0,0,0,0,0,0,0,0,0,0,0,0,0,0,0,0,0,0,0,0,0,0,0,0,0,0,0,0,0,0,0,0,0,0,0,0,0,0,0,0,0,0,0,0,0,0,0,0,0,0,0,0,0,0,0,0,0,0,0,0,0,0,0,0,0,0,0,0,0,0,0,0,0,0,0,0,0,0,0,0,0,0,0,0,0,0,0,0,0,0,0,0,0,0,0,0,0,0,0,0,0,0,0,0,0,0,0,0,0,0,0,0,0,0,0,0,0,0,0,0,0,0,0,0,0,0,0,0,0,0,0,0,0,0,0,794,-801,-957,-80,-115,-142,-158,-153,-130,-82,-16,54,111,160,183,174,127,63,-18,-91,-148,-190,-191,-157,-100,-13,86,161,211,219,171,88,-11,-98,-162,-201,-187,-136,-72,15,104,160,176,154,86,0,-75,-147,-198,-199,-144,-67,33,128,201,225,204,128,17,-95,-177,-231,-227,-177,-114,-21,97,183,223,222,178,83,-21,-114,-187,-213,-178,-115,-37,63,150,191,178,123,51,-19,-93,-148,-160,-132,-80,-9,68,130,153,147,103,42,-24,-76,-100,-105,-103,-67,-22,23,51,58,55,54,37,11,-8,-14,-14,-5,6,12,6,0,-21,-45,-64,-64,-44,-2,39,76,0,111,98,63,-4,-74,-125,-152,-151,-120,-66,19,107,173,199,196,151,71,-32,-140,-214,-229,-209,-146,-37,76,163,213,218,176,102,7,-101,-177,-212,-205,-148,-52,41,128,191,207,178,122,45,-51,-130,-172,-179,-140,-67,12,78,120,135,117,69,-1,-59,-102,-120,-104,-47,14,64,96,120,108,70,22,-34,-100,-132,-139,-111,-51,13,66,107,137,130,90,44,-3,-50,-84,-91,-86,-58,-13,36,60,58,46,15,-15,-45,-53,-50,-40,-10,37,77,102,106,88,38,-14,-73,-125,-166,-192,-168,-114,-37,44,127,201,244,237,208,165,106,24,-54,-116,-196,-408,0,0,0,0,0,0,0,0,0,0,0,0,0,0,0,0,0,0,0,0,0,0,0,0,0,0,0,0,0,0,0,0,0,0,0,0,0,0,0,0,0,0,0,0,0,0,0,0,0,0,0,0,0,0,0,0,0,0,0,0,0,0,0,0,0,0,0,0,0,0,0,0,0,0,0,0,0,0,0,0,0,0,0,0,0,0,0,0,0,0,0,0,0,0,0,0,0,0,0,0,0,0,0,0,0,0,0,0,0,0,0,0,0,0,0,0,0,0,0,0,0,0,0,0,0,0,0,0,0,0,0,0,0,0,0,0,0,0,0,0,0,0,0,0,0,0,0,0,0,0,0,0,0,0,0,0,0,0,0,0,0,0,0,0,0,0,0,0,0,0,0,0,0,0,0,0,0,0,0,0,0,0,0,0,0,0,0,0,0,0,0,0,0,0,0,0,0,0,0,0,0,0,0,0,0,0,0,0,0,0,0,0,0,0,0,0,0,0,0,0,0,0,0,0,0,0,0,0,0,0,0,0,0,0,0,0,0,0,0,0,0,0,0,0,0,0,0,0,0,0,0,0,0,0,0,0,572,-967,-801,82,66,36,-8,-59,-109,-146,-167,-162,-134,-86,-18,53,122,171,194,181,123,32,-44,-108,-174,-206,-188,-129,-46,47,129,189,209,188,119,35,-52,-125,-170,-184,-151,-75,11,98,154,186,180,139,48,-63,-160,-207,-215,-176,-104,-7,107,198,236,224,174,78,-37,-145,-211,-224,-208,-143,-42,68,159,216,217,173,92,-8,-103,-161,-195,-188,-130,-48,36,114,175,172,124,64,-4,-81,-135,-157,-140,-105,-34,57,115,126,130,107,62,9,-33,-63,-81,-91,-83,-44,-3,23,32,40,31,17,13,3,1,16,18,16,24,17,-9,-37,-63,-85,-89,-63,0,11,68,124,144,129,91,29,-51,-123,-177,-195,-176,-116,-26,70,153,204,211,179,97,-13,-112,-173,-222,-228,-167,-73,15,116,200,224,193,125,30,-79,-169,-218,-223,-180,-103,-7,83,173,211,187,129,57,-29,-104,-149,-162,-133,-78,-10,51,99,99,78,43,2,-53,-106,-125,-107,-58,3,63,113,152,138,94,35,-30,-88,-132,-156,-141,-96,-29,37,84,111,129,103,59,8,-35,-76,-83,-68,-34,-2,29,50,45,25,4,-31,-67,-81,-76,-51,-14,46,99,136,145,140,115,54,-26,-109,-168,-205,-220,-201,-129,-52,33,115,189,229,234,217,176,-1227,-1174
62021,mtk,MTK 7916,2150128113,rx2-tx1,512,0,0,0,0,0,0,0,0,0,0,0,0,0,0,0,0,0,0,0,0,0,0,0,0,0,0,0,0,0,0,0,0,0,0,0,0,0,0,0,0,0,0,0,0,0,0,0,0,0,0,0,0,0,0,0,0,0,0,0,0,0,0,0,0,0,0,0,0,0,0,0,0,0,0,0,0,0,0,0,0,0,0,0,0,0,0,0,0,0,0,0,0,0,0,0,0,0,0,0,0,0,0,0,0,0,0,0,0,0,0,0,0,0,0,0,0,0,0,0,0,0,0,0,0,0,0,0,0,0,0,0,0,0,0,0,0,0,0,0,0,0,0,0,0,0,0,0,0,0,0,0,0,0,0,0,0,0,0,0,0,0,0,0,0,0,0,0,0,0,0,0,0,0,0,0,0,0,0,0,0,0,0,0,0,0,0,0,0,0,0,0,0,0,0,0,0,0,0,0,0,0,0,0,0,0,0,0,0,0,0,0,0,0,0,0,0,0,0,0,0,0,0,0,0,0,0,0,0,0,0,0,0,0,0,0,0,0,0,0,0,0,0,0,0,0,0,0,0,0,0,0,0,0,0,0,0,381,-490,-447,-14,-19,-17,-9,-1,12,30,43,57,61,57,45,22,-12,-47,-69,-78,-81,-73,-37,2,45,77,106,116,106,68,9,-55,-119,-168,-179,-153,-108,-28,71,160,219,245,207,137,28,-91,-203,-283,-316,-288,-197,-45,112,238,326,363,325,221,58,-119,-274,-383,-428,-380,-251,-77,133,332,453,481,417,273,61,-167,-364,-493,-537,-462,-295,-68,184,380,495,536,477,294,62,-189,-389,-496,-505,-417,-243,-20,197,379,472,474,366,178,-38,-231,-359,-406,-369,-254,-80,109,255,346,357,301,179,17,-155,-282,-347,-332,-238,-95,68,210,286,298,260,171,23,-134,0,-295,-277,-195,-74,59,181,263,278,219,124,10,-123,-221,-256,-238,-171,-64,67,176,236,240,198,103,-30,-151,-219,-236,-205,-129,-18,109,213,265,260,196,71,-68,-187,-264,-287,-258,-167,-40,97,209,280,291,256,159,25,-104,-205,-253,-254,-206,-118,-14,96,197,241,216,166,84,-23,-119,-188,-222,-201,-120,-33,45,119,181,193,155,91,22,-65,-138,-172,-170,-138,-80,-11,51,115,151,148,136,103,44,-20,-59,-100,-124,-128,-111,-77,-36,6,39,64,77,80,81,70,36,12,6,-7,-37,-60,-62,-66,-75,-69,-49,-24,9,45,73,81,79,85,102,-496,-521,0,0,0,0,0,0,0,0,0,0,0,0,0,0,0,0,0,0,0,0,0,0,0,0,0,0,0,0,0,0,0,0,0,0,0,0,0,0,0,0,0,0,0,0,0,0,0,0,0,0,0,0,0,0,0,0,0,0,0,0,0,0,0,0,0,0,0,0,0,0,0,0,0,0,0,0,0,0,0,0,0,0,0,0,0,0,0,0,0,0,0,0,0,0,0,0,0,0,0,0,0,0,0,0,0,0,0,0,0,0,0,0,0,0,0,0,0,0,0,0,0,0,0,0,0,0,0,0,0,0,0,0,0,0,0,0,0,0,0,0,0,0,0,0,0,0,0,0,0,0,0,0,0,0,0,0,0,0,0,0,0,0,0,0,0,0,0,0,0,0,0,0,0,0,0,0,0,0,0,0,0,0,0,0,0,0,0,0,0,0,0,0,0,0,0,0,0,0,0,0,0,0,0,0,0,0,0,0,0,0,0,0,0,0,0,0,0,0,0,0,0,0,0,0,0,0,0,0,0,0,0,0,0,0,0,0,0,0,0,0,0,0,0,0,0,0,0,0,0,0,0,0,0,0,0,0,-1037,118,199,-18,-26,-33,-41,-47,-47,-44,-33,-9,16,36,49,70,77,73,51,21,-20,-67,-98,-104,-93,-72,-36,13,74,127,149,146,117,61,-21,-99,-160,-212,-219,-165,-77,10,115,210,263,255,204,107,-15,-147,-247,-313,-320,-259,-131,20,178,310,388,390,324,174,-16,-217,-374,-459,-454,-356,-181,36,250,425,509,477,370,186,-41,-274,-440,-519,-497,-376,-167,70,285,439,526,488,345,144,-85,-305,-450,-493,-441,-299,-95,117,306,428,445,372,232,36,-158,-308,-396,-383,-289,-134,45,214,326,369,325,213,54,-119,-256,-320,-330,-268,-146,11,155,261,305,269,0,50,-70,-180,-262,-279,-216,-97,34,151,230,264,232,144,26,-89,-188,-238,-235,-170,-74,40,146,219,237,205,113,-12,-129,-221,-259,-234,-154,-43,76,191,264,276,224,113,-24,-146,-244,-293,-283,-218,-102,37,158,239,269,251,184,75,-57,-160,-219,-243,-214,-133,-34,71,164,215,222,185,106,1,-98,-160,-199,-203,-157,-66,30,108,164,182,163,112,54,-16,-89,-145,-169,-161,-123,-59,8,65,106,130,136,115,71,36,-6,-49,-72,-89,-96,-89,-76,-49,-11,11,34,54,64,64,58,50,40,21,7,-20,-51,-76,-81,-84,-77,-65,-53,-26,2,22,-163,-76
62022,mtk,MTK 7916,2150285077,rx0-tx0,512,0,0,0,0,0,0,0,0,0,0,0,0,0,0,0,0,0,0,0,0,0,0,0,0,0,0,0,0,0,0,0,0,0,0,0,0,0,0,0,0,0,0,0,0,0,0,0,0,0,0,0,0,0,0,0,0,0,0,0,0,0,0,0,0,0,0,0,0,0,0,0,0,0,0,0,0,0,0,0,0,0,0,0,0,0,0,0,0,0,0,0,0,0,0,0,0,0,0,0,0,0,0,0,0,0,0,0,0,0,0,0,0,0,0,0,0,0,0,0,0,0,0,0,0,0,0,0,0,0,0,0,0,0,0,0,0,0,0,0,0,0,0,0,0,0,0,0,0,0,0,0,0,0,0,0,0,0,0,0,0,0,0,0,0,0,0,0,0,0,0,0,0,0,0,0,0,0,0,0,0,0,0,0,0,0,0,0,0,0,0,0,0,0,0,0,0,0,0,0,0,0,0,0,0,0,0,0,0,0,0,0,0,0,0,0,0,0,0,0,0,0,0,0,0,0,0,0,0,0,0,0,0,0,0,0,0,0,0,0,0,0,0,0,0,0,0,0,0,0,0,0,0,0,0,0,0,-364,-551,-573,294,525,711,789,750,600,386,132,-123,-359,-583,-759,-877,-944,-958,-913,-820,-682,-491,-276,-46,196,426,632,812,958,1057,1107,1109,1063,950,809,645,442,207,-33,-265,-475,-688,-878,-1007,-1125,-1193,-1196,-1180,-1112,-996,-839,-654,-446,-213,23,257,501,717,905,1074,1190,1252,1276,1269,1196,1074,927,748,534,298,55,-172,-408,-621,-783,-930,-1047,-1121,-1164,-1156,-1099,-1032,-921,-787,-635,-446,-255,-82,119,305,455,613,738,834,911,978,978,955,916,838,729,608,467,318,170,10,-147,-284,-420,-537,-637,-695,-738,-747,-748,-725,-673,-624,-554,-471,-399,-325,-229,-130,-41,40,122,213,-330,367,454,515,581,647,694,724,755,748,717,672,607,495,385,243,88,-73,-245,-415,-585,-734,-853,-982,-1077,-1112,-1120,-1080,-1007,-906,-764,-578,-378,-167,54,278,512,727,911,1067,1191,1277,1317,1311,1249,1157,1013,838,648,411,176,-62,-322,-576,-813,-1012,-1183,-1321,-1406,-1441,-1418,-1357,-1242,-1081,-874,-639,-390,-113,179,476,752,985,1184,1352,1450,1509,1515,1448,1330,1155,929,673,381,62,-248,-546,-835,-1089,-1280,-1429,-1514,-1527,-1457,-1331,-1155,-931,-657,-350,-24,290,574,835,1072,1242,1343,1384,1343,1248,1097,881,629,340,44,-260,-567,-856,-1092,-1273,-1374,-1367,-1240,-987,-624,-177,283,621,-390,-450,0,0,0,0,0,0,0,0,0,0,0,0,0,0,0,0,0,0,0,0,0,0,0,0,0,0,0,0,0,0,0,0,0,0,0,0,0,0,0,0,0,0,0,0,0,0,0,0,0,0,0,0,0,0,0,0,0,0,0,0,0,0,0,0,0,0,0,0,0,0,0,0,0,0,0,0,0,0,0,0,0,0,0,0,0,0,0,0,0,0,0,0,0,0,0,0,0,0,0,0,0,0,0,0,0,0,0,0,0,0,0,0,0,0,0,0,0,0,0,0,0,0,0,0,0,0,0,0,0,0,0,0,0,0,0,0,0,0,0,0,0,0,0,0,0,0,0,0,0,0,0,0,0,0,0,0,0,0,0,0,0,0,0,0,0,0,0,0,0,0,0,0,0,0,0,0,0,0,0,0,0,0,0,0,0,0,0,0,0,0,0,0,0,0,0,0,0,0,0,0,0,0,0,0,0,0,0,0,0,0,0,0,0,0,0,0,0,0,0,0,0,0,0,0,0,0,0,0,0,0,0,0,0,0,0,0,0,0,0,0,0,0,0,0,0,0,0,0,0,0,0,0,0,0,0,0,-49,-233,-135,507,411,196,-86,-368,-608,-780,-872,-874,-815,-704,-536,-348,-128,105,332,541,730,885,981,1037,1035,982,877,725,531,307,78,-157,-407,-618,-799,-950,-1068,-1148,-1159,-1132,-1069,-967,-805,-624,-430,-196,49,287,517,717,883,1032,1166,1250,1272,1251,1181,1059,907,712,478,249,22,-215,-467,-689,-874,-1039,-1158,-1227,-1249,-1233,-1181,-1062,-919,-766,-565,-355,-137,83,275,454,632,771,900,990,1022,1047,1053,992,919,822,689,547,399,222,26,-137,-297,-456,-581,-701,-797,-859,-893,-892,-851,-796,-720,-630,-523,-404,-282,-141,-20,107,208,295,394,462,506,554,597,616,612,607,599,591,-82,530,471,412,349,258,150,49,-73,-216,-336,-450,-581,-700,-801,-892,-936,-954,-941,-906,-830,-720,-593,-449,-250,-54,152,368,558,736,907,1056,1157,1221,1246,1227,1165,1053,905,728,518,287,42,-205,-443,-668,-874,-1042,-1197,-1303,-1354,-1375,-1351,-1272,-1137,-971,-779,-554,-305,-42,227,496,760,986,1183,1324,1435,1488,1480,1417,1295,1131,937,684,419,135,-184,-484,-756,-1002,-1212,-1376,-1493,-1543,-1522,-1443,-1295,-1085,-837,-556,-247,78,394,685,952,1173,1333,1430,1467,1424,1314,1153,930,656,366,64,-235,-516,-784,-1013,-1182,-1285,-1317,-1297,-1206,-1030,-784,-485,-133,249,633,971,1224,1319,1231,1019,-449,-384
62023,mtk,MTK 7916,2150285077,rx0-tx1,512,0,0,0,0,0,0,0,0,0,0,0,0,0,0,0,0,0,0,0,0,0,0,0,0,0,0,0,0,0,0,0,0,0,0,0,0,0,0,0,0,0,0,0,0,0,0,0,0,0,0,0,0,0,0,0,0,0,0,0,0,0,0,0,0,0,0,0,0,0,0,0,0,0,0,0,0,0,0,0,0,0,0,0,0,0,0,0,0,0,0,0,0,0,0,0,0,0,0,0,0,0,0,0,0,0,0,0,0,0,0,0,0,0,0,0,0,0,0,0,0,0,0,0,0,0,0,0,0,0,0,0,0,0,0,0,0,0,0,0,0,0,0,0,0,0,0,0,0,0,0,0,0,0,0,0,0,0,0,0,0,0,0,0,0,0,0,0,0,0,0,0,0,0,0,0,0,0,0,0,0,0,0,0,0,0,0,0,0,0,0,0,0,0,0,0,0,0,0,0,0,0,0,0,0,0,0,0,0,0,0,0,0,0,0,0,0,0,0,0,0,0,0,0,0,0,0,0,0,0,0,0,0,0,0,0,0,0,0,0,0,0,0,0,0,0,0,0,0,0,0,0,0,0,0,0,0,-449,-839,-941,-183,-404,-609,-716,-717,-628,-460,-246,-10,228,460,647,801,919,966,947,878,752,569,343,82,-202,-470,-722,-933,-1093,-1189,-1213,-1182,-1071,-893,-675,-433,-173,105,366,600,791,947,1043,1097,1105,1033,932,818,670,489,302,119,-54,-213,-372,-488,-576,-652,-708,-747,-766,-737,-686,-638,-569,-503,-429,-330,-238,-147,-49,48,137,240,327,423,524,617,687,745,791,810,797,756,687,579,445,298,141,-37,-201,-364,-521,-656,-760,-833,-876,-904,-904,-857,-791,-711,-605,-484,-344,-191,-29,125,282,428,567,683,782,849,893,938,931,890,829,730,613,480,320,151,-28,-198,-381,-562,510,-832,-915,-969,-992,-987,-946,-866,-772,-655,-500,-338,-179,-14,146,296,450,578,674,780,858,905,929,924,906,871,818,719,600,468,337,186,8,-186,-385,-568,-764,-943,-1076,-1215,-1320,-1364,-1361,-1288,-1180,-1029,-811,-546,-251,72,397,720,1046,1319,1545,1737,1814,1814,1744,1596,1379,1084,723,345,-62,-465,-848,-1197,-1501,-1726,-1866,-1930,-1891,-1772,-1569,-1287,-942,-557,-156,253,639,986,1300,1544,1683,1765,1753,1644,1450,1177,845,483,101,-278,-645,-949,-1195,-1370,-1448,-1422,-1325,-1182,-953,-668,-374,-79,205,459,669,815,927,982,955,888,769,611,413,186,-47,-277,-492,-644,-725,-722,-621,-464,-401,-570,0,0,0,0,0,0,0,0,0,0,0,0,0,0,0,0,0,0,0,0,0,0,0,0,0,0,0,0,0,0,0,0,0,0,0,0,0,0,0,0,0,0,0,0,0,0,0,0,0,0,0,0,0,0,0,0,0,0,0,0,0,0,0,0,0,0,0,0,0,0,0,0,0,0,0,0,0,0,0,0,0,0,0,0,0,0,0,0,0,0,0,0,0,0,0,0,0,0,0,0,0,0,0,0,0,0,0,0,0,0,0,0,0,0,0,0,0,0,0,0,0,0,0,0,0,0,0,0,0,0,0,0,0,0,0,0,0,0,0,0,0,0,0,0,0,0,0,0,0,0,0,0,0,0,0,0,0,0,0,0,0,0,0,0,0,0,0,0,0,0,0,0,0,0,0,0,0,0,0,0,0,0,0,0,0,0,0,0,0,0,0,0,0,0,0,0,0,0,0,0,0,0,0,0,0,0,0,0,0,0,0,0,0,0,0,0,0,0,0,0,0,0,0,0,0,0,0,0,0,0,0,0,0,0,0,0,0,0,0,0,0,0,0,0,0,0,0,0,0,0,0,0,0,0,0,0,26,-621,-464,-484,-441,-276,-36,224,468,662,784,833,826,753,614,448,227,-23,-266,-495,-706,-887,-1018,-1103,-1113,-1054,-937,-744,-508,-228,52,329,604,830,1010,1128,1188,1187,1113,1000,844,646,410,185,-59,-278,-451,-621,-760,-851,-892,-902,-892,-867,-803,-700,-574,-449,-315,-195,-59,76,188,294,383,447,513,564,593,613,639,641,647,623,582,551,495,403,296,189,59,-81,-238,-385,-536,-671,-774,-856,-918,-922,-891,-838,-754,-648,-519,-367,-212,-54,121,281,419,548,661,755,831,877,895,883,849,791,715,606,478,327,189,32,-143,-304,-462,-605,-730,-844,-932,-984,-991,-965,-918,-833,-82,-577,-412,-246,-69,121,306,466,592,722,834,903,927,938,913,881,816,715,617,510,359,208,53,-87,-227,-367,-524,-668,-788,-881,-956,-1024,-1067,-1087,-1064,-1005,-915,-765,-606,-435,-197,54,334,603,847,1080,1297,1467,1591,1636,1612,1527,1362,1133,868,537,146,-231,-604,-956,-1270,-1552,-1754,-1876,-1927,-1872,-1735,-1518,-1225,-871,-488,-76,346,744,1113,1413,1648,1794,1858,1841,1722,1536,1276,930,569,189,-214,-600,-955,-1262,-1476,-1603,-1639,-1594,-1451,-1235,-976,-653,-299,51,364,660,924,1089,1185,1204,1157,1026,844,644,432,179,-66,-279,-481,-651,-776,-842,-839,-785,-658,-460,-229,25,268,425,-939,-858
62024,mtk,MTK 7916,2150285077,rx1-tx0,512,0,0,0,0,0,0,0,0,0,0,0,0,0,0,0,0,0,0,0,0,0,0,0,0,0,0,0,0,0,0,0,0,0,0,0,0,0,0,0,0,0,0,0,0,0,0,0,0,0,0,0,0,0,0,0,0,0,0,0,0,0,0,0,0,0,0,0,0,0,0,0,0,0,0,0,0,0,0,0,0,0,0,0,0,0,0,0,0,0,0,0,0,0,0,0,0,0,0,0,0,0,0,0,0,0,0,0,0,0,0,0,0,0,0,0,0,0,0,0,0,0,0,0,0,0,0,0,0,0,0,0,0,0,0,0,0,0,0,0,0,0,0,0,0,0,0,0,0,0,0,0,0,0,0,0,0,0,0,0,0,0,0,0,0,0,0,0,0,0,0,0,0,0,0,0,0,0,0,0,0,0,0,0,0,0,0,0,0,0,0,0,0,0,0,0,0,0,0,0,0,0,0,0,0,0,0,0,0,0,0,0,0,0,0,0,0,0,0,0,0,0,0,0,0,0,0,0,0,0,0,0,0,0,0,0,0,0,0,0,0,0,0,0,0,0,0,0,0,0,0,0,0,0,0,0,0,98,184,292,94,338,572,747,808,757,628,423,180,-67,-331,-561,-765,-934,-1048,-1093,-1071,-982,-823,-610,-347,-42,270,581,857,1089,1272,1381,1393,1342,1194,978,731,443,128,-196,-488,-743,-964,-1130,-1236,-1272,-1243,-1154,-1038,-890,-687,-479,-259,-47,142,319,481,619,721,803,862,887,862,840,793,710,637,534,417,298,169,23,-122,-267,-396,-519,-639,-736,-820,-866,-881,-852,-793,-705,-601,-477,-316,-155,7,158,314,446,543,633,695,710,709,676,621,556,481,379,284,188,91,-17,-90,-151,-217,-271,-312,-351,-378,-394,-389,-384,-380,-364,-342,-318,-294,-268,-232,-194,-151,-88,-39,24,103,-686,241,294,350,400,447,477,476,474,472,440,391,331,257,186,105,2,-82,-177,-266,-338,-420,-461,-486,-527,-555,-557,-538,-509,-450,-395,-340,-255,-164,-58,54,171,296,400,493,587,671,728,747,751,730,660,576,459,308,161,-3,-161,-323,-465,-585,-692,-777,-798,-806,-790,-732,-655,-543,-428,-306,-150,11,158,299,413,513,584,649,664,669,648,580,511,429,330,223,108,-4,-114,-202,-278,-349,-399,-437,-461,-456,-441,-417,-392,-360,-320,-273,-228,-164,-85,-7,86,193,298,387,476,543,592,614,602,538,441,309,144,-20,-223,-430,-595,-727,-805,-791,-682,-489,-228,13,-160,-28,0,0,0,0,0,0,0,0,0,0,0,0,0,0,0,0,0,0,0,0,0,0,0,0,0,0,0,0,0,0,0,0,0,0,0,0,0,0,0,0,0,0,0,0,0,0,0,0,0,0,0,0,0,0,0,0,0,0,0,0,0,0,0,0,0,0,0,0,0,0,0,0,0,0,0,0,0,0,0,0,0,0,0,0,0,0,0,0,0,0,0,0,0,0,0,0,0,0,0,0,0,0,0,0,0,0,0,0,0,0,0,0,0,0,0,0,0,0,0,0,0,0,0,0,0,0,0,0,0,0,0,0,0,0,0,0,0,0,0,0,0,0,0,0,0,0,0,0,0,0,0,0,0,0,0,0,0,0,0,0,0,0,0,0,0,0,0,0,0,0,0,0,0,0,0,0,0,0,0,0,0,0,0,0,0,0,0,0,0,0,0,0,0,0,0,0,0,0,0,0,0,0,0,0,0,0,0,0,0,0,0,0,0,0,0,0,0,0,0,0,0,0,0,0,0,0,0,0,0,0,0,0,0,0,0,0,0,0,0,0,0,0,0,0,0,0,0,0,0,0,0,0,0,0,0,0,-999,629,582,549,537,415,193,-89,-361,-595,-779,-882,-935,-908,-803,-663,-459,-209,66,340,599,839,1037,1185,1262,1265,1195,1042,816,534,202,-121,-439,-746,-1004,-1203,-1334,-1402,-1373,-1281,-1129,-922,-680,-410,-134,137,384,594,788,927,1001,1057,1066,1037,977,878,754,624,467,307,142,0,-130,-290,-416,-534,-631,-704,-757,-799,-823,-810,-789,-733,-662,-565,-439,-303,-133,33,193,345,480,602,717,788,833,841,819,761,657,552,440,299,164,27,-105,-222,-314,-406,-476,-507,-535,-547,-534,-491,-460,-419,-370,-308,-246,-181,-118,-65,-18,34,89,144,180,216,261,300,334,365,379,389,406,401,9,364,332,289,225,156,71,-8,-78,-161,-252,-325,-390,-440,-473,-506,-523,-524,-512,-460,-418,-363,-276,-215,-134,-27,69,165,257,348,422,498,553,590,620,635,635,604,548,482,406,298,155,10,-128,-282,-428,-551,-670,-743,-798,-817,-805,-762,-680,-583,-466,-311,-148,9,174,320,457,569,644,702,743,744,736,683,604,493,379,251,114,-1,-145,-261,-362,-453,-516,-558,-566,-561,-532,-483,-437,-376,-300,-211,-123,-45,19,88,166,221,283,326,369,421,451,471,488,476,434,382,300,194,70,-69,-214,-361,-486,-600,-675,-711,-712,-636,-504,-323,-80,186,434,624,727,716,652,658
62025,mtk,MTK 7916,2150285077,rx1-tx1,512,0,0,0,0,0,0,0,0,0,0,0,0,0,0,0,0,0,0,0,0,0,0,0,0,0,0,0,0,0,0,0,0,0,0,0,0,0,0,0,0,0,0,0,0,0,0,0,0,0,0,0,0,0,0,0,0,0,0,0,0,0,0,0,0,0,0,0,0,0,0,0,0,0,0,0,0,0,0,0,0,0,0,0,0,0,0,0,0,0,0,0,0,0,0,0,0,0,0,0,0,0,0,0,0,0,0,0,0,0,0,0,0,0,0,0,0,0,0,0,0,0,0,0,0,0,0,0,0,0,0,0,0,0,0,0,0,0,0,0,0,0,0,0,0,0,0,0,0,0,0,0,0,0,0,0,0,0,0,0,0,0,0,0,0,0,0,0,0,0,0,0,0,0,0,0,0,0,0,0,0,0,0,0,0,0,0,0,0,0,0,0,0,0,0,0,0,0,0,0,0,0,0,0,0,0,0,0,0,0,0,0,0,0,0,0,0,0,0,0,0,0,0,0,0,0,0,0,0,0,0,0,0,0,0,0,0,0,0,0,0,0,0,0,0,0,0,0,0,0,0,0,0,0,0,0,0,-282,-903,-955,112,172,213,219,180,99,-16,-136,-223,-263,-249,-158,-8,140,242,272,218,110,-41,-192,-276,-273,-187,-35,139,270,313,264,109,-96,-264,-358,-343,-199,21,254,412,426,313,86,-194,-411,-498,-428,-211,95,375,549,544,354,45,-294,-553,-637,-506,-191,196,533,694,622,336,-59,-445,-697,-731,-518,-121,313,649,784,638,281,-160,-551,-783,-742,-437,-12,425,737,792,571,165,-294,-647,-771,-640,-307,132,532,748,698,410,-6,-413,-687,-731,-507,-118,297,604,713,556,205,-199,-528,-683,-603,-310,81,419,610,587,361,7,-327,-545,-560,-378,-67,267,502,540,382,84,0,-462,-525,-387,-108,195,435,517,406,143,-176,-431,-523,-418,-152,170,435,554,459,181,-167,-456,-607,-529,-247,124,474,675,634,364,-46,-450,-718,-746,-508,-87,380,727,835,652,235,-274,-680,-867,-764,-397,115,607,905,894,579,63,-481,-869,-968,-742,-274,293,766,978,859,470,-80,-613,-931,-927,-623,-115,431,833,957,765,326,-229,-703,-925,-836,-483,37,546,866,896,632,159,-362,-759,-917,-777,-378,157,622,882,867,586,121,-377,-763,-918,-780,-399,98,556,837,864,639,235,-236,-631,-832,-776,-499,-84,331,653,792,688,398,20,-364,-663,-788,-725,-503,-191,112,367,-577,-717,0,0,0,0,0,0,0,0,0,0,0,0,0,0,0,0,0,0,0,0,0,0,0,0,0,0,0,0,0,0,0,0,0,0,0,0,0,0,0,0,0,0,0,0,0,0,0,0,0,0,0,0,0,0,0,0,0,0,0,0,0,0,0,0,0,0,0,0,0,0,0,0,0,0,0,0,0,0,0,0,0,0,0,0,0,0,0,0,0,0,0,0,0,0,0,0,0,0,0,0,0,0,0,0,0,0,0,0,0,0,0,0,0,0,0,0,0,0,0,0,0,0,0,0,0,0,0,0,0,0,0,0,0,0,0,0,0,0,0,0,0,0,0,0,0,0,0,0,0,0,0,0,0,0,0,0,0,0,0,0,0,0,0,0,0,0,0,0,0,0,0,0,0,0,0,0,0,0,0,0,0,0,0,0,0,0,0,0,0,0,0,0,0,0,0,0,0,0,0,0,0,0,0,0,0,0,0,0,0,0,0,0,0,0,0,0,0,0,0,0,0,0,0,0,0,0,0,0,0,0,0,0,0,0,0,0,0,0,0,0,0,0,0,0,0,0,0,0,0,0,0,0,0,0,0,0,288,-354,-177,-134,-96,-28,62,161,236,256,217,134,11,-122,-227,-272,-228,-119,18,151,260,285,211,73,-80,-223,-302,-275,-145,31,204,324,335,236,55,-165,-340,-409,-340,-157,95,325,459,445,271,1,-286,-499,-536,-397,-134,195,479,596,528,282,-81,-438,-635,-631,-427,-73,326,624,722,575,235,-191,-567,-758,-700,-402,22,453,726,754,553,157,-296,-646,-779,-671,-318,158,563,778,739,443,1,-427,-716,-765,-554,-147,297,635,741,604,269,-149,-522,-718,-660,-377,23,410,647,659,431,64,-317,-582,-646,-482,-158,211,497,604,488,210,-136,-417,-546,-478,-243,86,379,526,0,251,-56,-331,-482,-470,-283,27,324,491,471,277,-22,-323,-514,-513,-325,-10,326,533,549,367,33,-331,-582,-630,-450,-101,301,615,727,590,236,-214,-600,-797,-715,-381,89,545,831,830,544,65,-450,-819,-914,-702,-249,301,748,950,835,443,-109,-628,-944,-943,-614,-83,466,873,987,766,297,-259,-731,-961,-864,-482,59,570,892,916,628,131,-398,-786,-916,-758,-337,206,660,884,831,511,20,-482,-833,-904,-682,-245,266,702,913,834,491,8,-481,-819,-901,-703,-304,176,595,828,810,553,138,-306,-653,-810,-726,-441,-32,377,669,792,703,433,67,-291,-569,-697,-667,-507,-762,-650
62026,mtk,MTK 7916,2150285077,rx2-tx0,512,0,0,0,0,0,0,0,0,0,0,0,0,0,0,0,0,0,0,0,0,0,0,0,0,0,0,0,0,0,0,0,0,0,0,0,0,0,0,0,0,0,0,0,0,0,0,0,0,0,0,0,0,0,0,0,0,0,0,0,0,0,0,0,0,0,0,0,0,0,0,0,0,0,0,0,0,0,0,0,0,0,0,0,0,0,0,0,0,0,0,0,0,0,0,0,0,0,0,0,0,0,0,0,0,0,0,0,0,0,0,0,0,0,0,0,0,0,0,0,0,0,0,0,0,0,0,0,0,0,0,0,0,0,0,0,0,0,0,0,0,0,0,0,0,0,0,0,0,0,0,0,0,0,0,0,0,0,0,0,0,0,0,0,0,0,0,0,0,0,0,0,0,0,0,0,0,0,0,0,0,0,0,0,0,0,0,0,0,0,0,0,0,0,0,0,0,0,0,0,0,0,0,0,0,0,0,0,0,0,0,0,0,0,0,0,0,0,0,0,0,0,0,0,0,0,0,0,0,0,0,0,0,0,0,0,0,0,0,0,0,0,0,0,0,0,0,0,0,0,0,0,0,0,0,0,0,794,-801,-957,19,-39,-102,-157,-185,-176,-128,-44,57,141,194,203,155,57,-51,-156,-229,-225,-153,-39,88,183,225,200,109,-13,-126,-209,-227,-170,-58,75,177,226,194,99,-22,-142,-222,-215,-125,8,135,216,240,170,30,-110,-218,-269,-222,-97,59,190,264,247,159,10,-146,-248,-280,-219,-83,78,215,284,263,143,-21,-167,-256,-263,-178,-40,104,198,227,170,60,-68,-176,-222,-190,-98,26,129,186,176,112,14,-96,-175,-182,-144,-56,42,132,159,136,65,-19,-89,-112,-110,-80,-20,29,47,47,34,10,-16,-24,-7,17,39,40,18,-25,-64,-69,-54,-22,24,72,0,122,56,-27,-102,-153,-162,-122,-22,112,199,220,183,90,-40,-154,-238,-238,-155,-19,115,215,260,221,101,-45,-174,-258,-251,-160,-13,129,230,252,182,45,-97,-205,-256,-230,-121,39,169,235,227,148,23,-102,-187,-208,-147,-42,62,136,172,139,49,-49,-115,-136,-98,-32,46,115,156,135,59,-52,-142,-171,-149,-90,12,115,173,171,125,43,-59,-138,-168,-138,-65,12,78,126,137,97,27,-37,-78,-93,-68,-24,21,41,40,4,-37,-62,-68,-52,-7,57,111,140,125,61,-33,-124,-188,-203,-163,-81,24,140,231,272,250,158,25,-104,-202,-256,-262,-218,-196,-408,0,0,0,0,0,0,0,0,0,0,0,0,0,0,0,0,0,0,0,0,0,0,0,0,0,0,0,0,0,0,0,0,0,0,0,0,0,0,0,0,0,0,0,0,0,0,0,0,0,0,0,0,0,0,0,0,0,0,0,0,0,0,0,0,0,0,0,0,0,0,0,0,0,0,0,0,0,0,0,0,0,0,0,0,0,0,0,0,0,0,0,0,0,0,0,0,0,0,0,0,0,0,0,0,0,0,0,0,0,0,0,0,0,0,0,0,0,0,0,0,0,0,0,0,0,0,0,0,0,0,0,0,0,0,0,0,0,0,0,0,0,0,0,0,0,0,0,0,0,0,0,0,0,0,0,0,0,0,0,0,0,0,0,0,0,0,0,0,0,0,0,0,0,0,0,0,0,0,0,0,0,0,0,0,0,0,0,0,0,0,0,0,0,0,0,0,0,0,0,0,0,0,0,0,0,0,0,0,0,0,0,0,0,0,0,0,0,0,0,0,0,0,0,0,0,0,0,0,0,0,0,0,0,0,0,0,0,0,0,0,0,0,0,0,0,0,0,0,0,0,0,0,0,0,0,0,572,-967,-801,128,149,137,84,16,-54,-132,-199,-210,-152,-61,39,139,200,215,161,52,-72,-168,-224,-214,-127,-11,104,202,242,197,93,-33,-153,-221,-203,-126,-5,121,204,213,166,57,-78,-185,-223,-191,-93,45,181,252,238,146,10,-145,-254,-276,-198,-50,111,238,290,255,142,-23,-184,-267,-266,-182,-33,130,242,271,218,88,-64,-193,-256,-238,-136,0,133,213,215,136,10,-106,-178,-190,-149,-57,70,173,198,159,71,-32,-117,-172,-165,-102,-20,74,135,148,111,40,-23,-56,-74,-69,-46,-8,22,36,23,1,-24,-29,-13,18,49,54,27,-13,-61,-88,-87,-69,0,59,123,145,112,32,-56,-134,-183,-185,-113,8,129,217,236,182,59,-77,-195,-258,-242,-139,-1,142,233,245,179,52,-89,-205,-253,-220,-102,52,184,253,240,158,20,-116,-220,-240,-186,-59,83,188,225,203,117,-18,-129,-179,-164,-107,-9,99,146,130,66,-17,-99,-149,-141,-88,3,102,156,157,102,4,-90,-160,-178,-137,-41,59,139,178,171,101,5,-79,-137,-154,-128,-60,11,72,90,69,41,7,-38,-69,-66,-27,23,53,55,22,-23,-75,-106,-101,-59,13,100,161,183,155,79,-26,-132,-210,-232,-192,-110,12,145,248,289,268,193,90,-16,-122,-1227,-1174
62027,mtk,MTK 7916,2150285077,rx2-tx1,512,0,0,0,0,0,0,0,0,0,0,0,0,0,0,0,0,0,0,0,0,0,0,0,0,0,0,0,0,0,0,0,0,0,0,0,0,0,0,0,0,0,0,0,0,0,0,0,0,0,0,0,0,0,0,0,0,0,0,0,0,0,0,0,0,0,0,0,0,0,0,0,0,0,0,0,0,0,0,0,0,0,0,0,0,0,0,0,0,0,0,0,0,0,0,0,0,0,0,0,0,0,0,0,0,0,0,0,0,0,0,0,0,0,0,0,0,0,0,0,0,0,0,0,0,0,0,0,0,0,0,0,0,0,0,0,0,0,0,0,0,0,0,0,0,0,0,0,0,0,0,0,0,0,0,0,0,0,0,0,0,0,0,0,0,0,0,0,0,0,0,0,0,0,0,0,0,0,0,0,0,0,0,0,0,0,0,0,0,0,0,0,0,0,0,0,0,0,0,0,0,0,0,0,0,0,0,0,0,0,0,0,0,0,0,0,0,0,0,0,0,0,0,0,0,0,0,0,0,0,0,0,0,0,0,0,0,0,0,0,0,0,0,0,0,0,0,0,0,0,0,0,0,0,0,0,0,381,-490,-447,-36,-40,-44,-42,-27,-3,24,44,57,65,49,20,-11,-43,-70,-82,-79,-52,10,75,109,112,88,26,-52,-114,-152,-145,-100,-9,97,177,196,179,101,-23,-152,-235,-267,-222,-89,82,238,312,304,209,38,-162,-318,-395,-341,-170,46,261,411,447,330,105,-162,-393,-506,-461,-263,21,304,509,561,438,178,-149,-439,-589,-555,-350,-47,279,530,606,495,240,-96,-397,-576,-573,-408,-113,226,498,589,488,244,-58,-339,-523,-525,-346,-68,213,428,492,392,180,-87,-317,-439,-420,-257,-10,231,392,408,291,84,-151,-336,-404,-328,-144,88,266,349,325,194,-2,-191,0,-309,-214,-52,138,288,323,241,89,-87,-235,-301,-256,-130,29,186,280,274,161,-8,-169,-268,-276,-174,-17,135,250,278,199,54,-116,-245,-283,-243,-111,88,255,326,287,166,-18,-195,-316,-334,-250,-85,108,263,335,300,167,-24,-195,-287,-290,-207,-56,108,223,270,234,123,-30,-168,-241,-239,-169,-30,118,199,223,184,82,-58,-169,-221,-208,-130,-21,84,169,207,173,87,-19,-120,-174,-177,-135,-64,25,100,151,156,125,65,-11,-75,-107,-119,-100,-56,-21,16,58,74,81,77,50,10,-18,-55,-84,-96,-75,-43,-29,2,47,87,106,97,71,42,8,-37,-496,-521,0,0,0,0,0,0,0,0,0,0,0,0,0,0,0,0,0,0,0,0,0,0,0,0,0,0,0,0,0,0,0,0,0,0,0,0,0,0,0,0,0,0,0,0,0,0,0,0,0,0,0,0,0,0,0,0,0,0,0,0,0,0,0,0,0,0,0,0,0,0,0,0,0,0,0,0,0,0,0,0,0,0,0,0,0,0,0,0,0,0,0,0,0,0,0,0,0,0,0,0,0,0,0,0,0,0,0,0,0,0,0,0,0,0,0,0,0,0,0,0,0,0,0,0,0,0,0,0,0,0,0,0,0,0,0,0,0,0,0,0,0,0,0,0,0,0,0,0,0,0,0,0,0,0,0,0,0,0,0,0,0,0,0,0,0,0,0,0,0,0,0,0,0,0,0,0,0,0,0,0,0,0,0,0,0,0,0,0,0,0,0,0,0,0,0,0,0,0,0,0,0,0,0,0,0,0,0,0,0,0,0,0,0,0,0,0,0,0,0,0,0,0,0,0,0,0,0,0,0,0,0,0,0,0,0,0,0,0,0,0,0,0,0,0,0,0,0,0,0,0,0,0,0,0,0,0,-1037,118,199,12,3,-16,-37,-51,-62,-58,-47,-25,6,48,69,74,59,19,-31,-74,-94,-106,-85,-31,25,85,139,145,97,17,-66,-143,-185,-182,-113,0,116,203,239,201,87,-59,-194,-281,-285,-197,-47,136,295,367,325,196,-9,-228,-382,-413,-335,-152,108,345,476,462,299,36,-234,-450,-544,-458,-224,86,380,558,571,412,125,-206,-480,-602,-540,-302,33,353,565,609,455,173,-162,-452,-601,-565,-338,-7,309,513,557,432,175,-134,-396,-509,-455,-266,7,286,452,463,324,85,-174,-371,-444,-372,-173,82,288,397,370,218,-2,-212,-348,-360,-253,-61,143,298,356,294,0,-81,-243,-314,-285,-170,15,192,296,294,192,4,-175,-282,-297,-210,-52,114,237,276,215,92,-79,-223,-285,-235,-107,54,187,265,259,147,-23,-200,-301,-308,-210,-44,140,276,332,284,140,-66,-242,-331,-316,-206,-35,141,275,328,265,111,-62,-214,-301,-288,-169,2,161,265,285,210,72,-75,-205,-256,-218,-117,9,125,205,223,169,50,-85,-181,-217,-189,-110,6,114,182,203,160,78,-15,-111,-167,-164,-128,-53,38,101,134,141,111,56,-1,-55,-94,-113,-100,-61,-26,3,46,73,71,65,52,24,-13,-41,-68,-89,-93,-78,-49,-5,43,71,86,97,91,-163,-76
62028,mtk,MTK 7916,2150314986,rx0-tx0,512,-330,367,454,-342,-416,-457,-470,-465,-426,-355,-280,-182,-66,42,162,275,362,423,460,452,433,393,308,216,119,10,-91,-185,-267,-333,-376,-386,-391,-362,-310,-243,-179,-111,-30,52,122,181,231,271,295,312,308,291,262,219,166,115,44,-34,-99,-156,-216,-258,-287,-302,-309,-294,-271,-221,-181,-144,-78,-17,52,122,186,249,308,345,376,398,387,360,305,221,129,8,-118,-223,-319,-410,-502,-553,-569,-546,-476,-374,-250,-129,23,190,329,450,538,599,636,624,577,494,369,225,68,-91,-246,-397,-521,-629,-696,-707,-678,-619,-516,-371,-207,-14,187,377,536,672,770,802,782,721,-364,474,283,71,-135,-344,-531,-686,-804,-863,-847,-789,-688,-518,-335,-130,89,299,504,677,791,858,883,847,747,595,397,179,-27,-246,-450,-619,-754,-851,-892,-860,-780,-655,-481,-279,-63,166,397,605,765,870,916,902,820,706,554,350,120,-119,-355,-546,-720,-833,-881,-907,-846,-730,-581,-385,-138,106,325,520,704,828,889,893,832,713,534,325,97,-138,-369,-553,-694,-793,-838,-817,-719,-584,-418,-209,2,191,368,513,614,684,696,640,557,433,279,112,-53,-210,-355,-472,-541,-566,-557,-502,-406,-281,-137,18,172,308,414,476,493,450,361,241,91,-56,-188,-286,-323,-307,122,213,510,-832,-915,-184,-232,-245,-222,-165,-82,19,121,201,267,307,317,295,253,181,96,11,-85,-171,-246,-308,-356,-372,-359,-318,-242,-139,-32,80,188,293,364,419,457,438,385,305,202,64,-80,-209,-305,-406,-456,-461,-442,-394,-322,-202,-76,53,185,279,360,409,411,396,350,274,179,77,-22,-121,-210,-271,-292,-310,-297,-274,-223,-161,-88,-21,47,107,162,201,219,219,204,168,127,80,20,-34,-56,-89,-129,-134,-124,-113,-95,-57,-16,2,19,42,71,77,57,56,25,1,-9,-25,-31,-29,-34,-31,-29,-11,15,23,24,22,21,25,14,4,3,0,-4,-14,-21,-17,-449,9,22,27,23,25,14,-5,-19,-47,-77,-79,-96,-112,-108,-82,-64,-43,0,59,113,162,193,222,231,218,187,130,64,-13,-97,-176,-258,-315,-346,-357,-337,-283,-224,-128,-24,58,174,274,349,407,428,427,400,337,241,139,29,-94,-206,-316,-404,-465,-498,-486,-457,-385,-291,-182,-57,70,200,303,403,488,515,527,490,427,341,235,105,-29,-159,-288,-381,-461,-513,-540,-528,-463,-383,-269,-159,-46,95,222,326,417,473,500,500,469,407,323,230,122,1,-119,-227,-317,-393,-440,-469,-473,-448,-384,-307,-211,-108,-4,112,226,328,390,442,466,463,429,366,281,-381,-562,-82,530,471,-330,-239,-130,-17,96,218,311,384,444,460,456,438,378,294,196,71,-34,-130,-236,-318,-371,-403,-419,-403,-370,-310,-239,-147,-56,34,124,194,251,300,336,353,342,317,280,232,172,104,32,-45,-111,-174,-233,-269,-300,-323,-313,-297,-268,-229,-176,-111,-47,16,78,139,198,225,277,310,323,319,298,275,238,183,109,36,-49,-140,-231,-317,-389,-441,-477,-474,-441,-388,-324,-212,-71,66,208,330,443,531,583,617,590,528,438,310,176,24,-139,-289,-436,-553,-625,-667,-669,-633,-552,-438,-309,-136,40,211,373,527,640,724,767,749,676,565,426,247,38,-164,-347,-49,-677,-788,-830,-827,-778,-659,-506,-315,-96,126,326,531,692,792,862,867,822,725,559,366,162,-63,-290,-493,-661,-788,-856,-874,-847,-752,-615,-447,-242,-17,208,415,613,757,845,885,876,815,686,509,305,79,-154,-373,-563,-738,-858,-908,-903,-830,-713,-558,-347,-130,106,348,533,695,826,907,895,824,723,573,371,141,-106,-332,-541,-705,-823,-874,-869,-793,-647,-487,-287,-67,163,376,535,666,748,754,719,645,510,353,176,-26,-204,-355,-490,-580,-624,-617,-567,-482,-358,-217,-64,88,240,371,465,523,533,494,412,296,152,-9,-167,-292,-381,-426,-410,-349,-233,-100,25,599,591,-82,-577,-412,-109,-39,54,146,217,273,293,271,222,157,73,-26,-117,-206,-275,-313,-332,-324,-282,-230,-154,-66,31,126,219,306,365,398,398,375,311,211,114,-11,-145,-250,-341,-424,-467,-471,-420,-354,-267,-128,-1,124,241,354,431,456,446,400,324,238,121,7,-96,-196,-282,-343,-364,-359,-340,-290,-209,-125,-39,48,123,189,239,265,269,252,223,180,123,55,-1,-60,-116,-145,-172,-180,-161,-137,-124,-69,-18,15,31,65,95,97,82,72,58,36,-2,-9,-23,-48,-47,-51,-49,-22,-15,1,12,32,55,40,18,6,3,3,-6,-16,-13,-15,-15,-9,4,21,29,26,16,6,-3,-8,-24,-52,-57,-64,-70,-48,-31,-17,18,64,102,118,141,168,170,150,118,77,37,-35,-107,-170,-233,-272,-299,-300,-267,-213,-124,-42,48,150,232,298,361,368,378,368,310,235,139,28,-81,-198,-300,-384,-433,-467,-455,-418,-353,-261,-148,-23,90,199,319,400,465,503,513,475,406,326,207,86,-48,-187,-303,-403,-478,-518,-523,-513,-455,-371,-263,-133,-9,131,250,359,447,493,518,514,465,403,313,194,73,-53,-172,-279,-366,-436,-473,-484,-464,-418,-354,-264,-160,-52,66,176,270,351,415,449,463,453,422,343,258,156,38,-81,-195,-291,-371,-918,-833
62029,mtk,MTK 7916,2150314986,rx0-tx1,512,-686,241,294,677,605,498,362,197,21,-165,-333,-473,-593,-691,-753,-765,-740,-674,-571,-434,-272,-85,118,303,490,666,789,865,906,888,828,723,564,364,124,-118,-376,-612,-812,-969,-1085,-1131,-1103,-1015,-834,-619,-357,-68,247,561,842,1086,1257,1353,1359,1281,1108,872,560,211,-151,-506,-834,-1125,-1346,-1457,-1496,-1431,-1272,-1023,-711,-357,34,396,747,1045,1292,1453,1495,1465,1339,1124,831,497,139,-234,-589,-899,-1154,-1335,-1418,-1411,-1342,-1181,-949,-680,-356,-9,325,635,907,1141,1281,1354,1349,1255,1084,861,588,259,-80,-407,-708,-970,-1158,-1287,-1341,-1304,-1182,-989,-733,-444,-119,217,538,819,1044,1195,98,1294,1229,1077,874,596,285,-38,-348,-636,-885,-1095,-1220,-1273,-1256,-1158,-980,-755,-489,-168,146,455,745,975,1158,1270,1282,1224,1124,917,658,374,62,-266,-584,-873,-1101,-1265,-1339,-1348,-1259,-1085,-855,-553,-219,150,501,829,1099,1306,1436,1456,1394,1230,973,653,283,-101,-487,-849,-1153,-1365,-1485,-1508,-1410,-1215,-949,-611,-213,195,557,885,1160,1333,1405,1386,1259,1039,744,401,58,-296,-617,-874,-1069,-1178,-1189,-1112,-960,-752,-491,-214,70,343,585,758,865,924,904,817,687,509,290,65,-142,-336,-507,-634,-713,-730,-696,-603,-460,-277,-82,125,317,473,574,614,578,470,302,118,-70,-228,24,103,0,-462,-525,-156,-201,-204,-169,-106,-18,81,177,246,294,316,304,255,174,82,-27,-137,-232,-311,-375,-396,-398,-364,-288,-179,-57,65,181,296,402,472,503,497,455,374,247,103,-56,-214,-360,-467,-555,-608,-607,-556,-456,-329,-177,-4,172,332,460,576,647,663,635,569,446,302,133,-51,-233,-401,-559,-650,-710,-729,-688,-591,-462,-300,-111,81,293,477,629,735,792,792,730,626,468,269,51,-165,-374,-555,-698,-786,-831,-803,-703,-568,-392,-186,35,235,428,591,697,758,760,700,600,471,315,126,-70,-253,-402,-521,-602,-643,-649,-615,-539,-403,-268,-136,39,182,312,430,497,535,-282,539,483,396,296,192,51,-63,-169,-276,-353,-407,-452,-467,-455,-417,-348,-273,-194,-97,10,111,215,299,354,407,450,451,436,417,365,291,194,87,-29,-143,-266,-379,-468,-536,-586,-602,-585,-528,-417,-287,-129,42,218,387,543,669,747,780,753,669,550,400,219,10,-212,-411,-578,-701,-791,-832,-827,-759,-634,-467,-279,-79,124,329,517,657,749,800,805,760,671,546,372,182,-6,-197,-377,-534,-653,-731,-770,-754,-690,-594,-460,-307,-130,59,216,379,516,613,672,698,688,632,559,441,297,132,-28,-188,-339,-478,-585,-655,-688,-686,-644,-556,-442,-312,-159,2,170,331,382,84,9,364,332,-223,-397,-527,-634,-704,-739,-736,-676,-585,-463,-316,-148,31,217,391,545,676,764,822,818,771,701,559,388,204,-3,-223,-430,-628,-794,-923,-990,-1004,-962,-848,-687,-485,-242,34,307,584,828,1024,1170,1249,1249,1157,995,760,468,139,-205,-543,-852,-1119,-1318,-1427,-1447,-1361,-1194,-949,-630,-280,92,466,805,1099,1319,1474,1516,1456,1314,1089,794,423,50,-312,-667,-983,-1237,-1401,-1475,-1462,-1345,-1152,-899,-581,-227,124,459,775,1022,1222,1358,1389,1333,1211,1027,770,458,131,-211,-534,-808,-1030,-1214,-1325,-1347,-1284,-1149,-932,-663,-358,-30,302,613,889,1101,1239,1316,1306,1207,1035,794,509,-999,-121,-440,-717,-955,-1147,-1262,-1296,-1247,-1121,-934,-678,-375,-72,241,540,809,1024,1195,1273,1267,1198,1048,839,574,265,-66,-357,-655,-933,-1121,-1248,-1309,-1286,-1197,-1014,-759,-461,-128,201,539,833,1084,1273,1381,1395,1326,1172,925,625,259,-113,-480,-830,-1123,-1346,-1466,-1485,-1415,-1238,-971,-637,-270,129,529,878,1159,1374,1486,1460,1341,1149,865,514,130,-248,-604,-906,-1138,-1279,-1326,-1281,-1131,-906,-625,-295,36,341,609,832,977,1044,1045,967,821,603,382,142,-110,-335,-527,-686,-785,-815,-786,-711,-583,-417,-219,-13,193,378,530,629,668,653,573,434,259,55,-148,-326,-443,-489,-466,-365,406,401,0,251,-56,-65,-3,83,164,232,275,277,236,166,77,-27,-134,-236,-307,-350,-361,-339,-282,-211,-110,-3,111,230,331,399,431,438,413,356,266,144,10,-131,-267,-392,-488,-543,-567,-542,-464,-349,-217,-48,126,295,430,533,609,639,626,550,447,313,143,-31,-197,-368,-515,-620,-684,-695,-654,-589,-468,-303,-133,72,267,444,582,682,740,753,715,617,474,294,101,-118,-323,-508,-662,-764,-801,-788,-728,-606,-438,-240,-18,213,412,580,710,792,798,755,669,522,341,141,-65,-256,-422,-555,-661,-718,-714,-660,-571,-436,-280,-110,57,216,365,478,542,600,612,562,499,394,268,141,288,-130,-253,-354,-420,-481,-502,-482,-462,-409,-321,-235,-127,-10,96,204,279,342,401,446,454,437,402,338,268,200,90,-24,-118,-212,-308,-387,-446,-480,-497,-498,-465,-400,-307,-200,-68,73,222,379,508,614,688,701,678,605,498,356,178,-16,-217,-397,-543,-676,-776,-826,-800,-715,-595,-439,-259,-48,161,365,544,685,780,825,816,758,641,488,320,133,-69,-269,-438,-594,-712,-771,-789,-757,-679,-563,-414,-249,-64,131,302,453,578,674,739,729,684,616,505,365,213,53,-121,-278,-428,-552,-631,-675,-687,-665,-606,-510,-381,-233,-65,99,259,405,521,613,678,701,685,615,379,526
62030,mtk,MTK 7916,2150314986,rx1-tx0,512,0,122,56,127,27,-74,-175,-257,-327,-355,-366,-343,-296,-244,-170,-82,2,71,149,215,266,290,303,295,264,209,137,65,-18,-97,-168,-238,-277,-292,-289,-264,-210,-137,-68,31,118,197,257,296,306,285,245,189,112,13,-79,-176,-252,-286,-313,-316,-290,-230,-144,-64,15,97,173,237,282,309,303,279,246,194,122,50,-23,-116,-187,-238,-294,-327,-326,-321,-293,-246,-187,-106,-27,82,180,253,320,382,408,411,396,339,262,176,63,-59,-165,-278,-396,-473,-515,-538,-513,-462,-378,-254,-121,51,210,365,499,586,638,652,615,534,405,241,53,-140,-312,-484,-615,-696,-724,-709,794,-518,-374,-202,6,210,391,542,686,749,758,734,634,492,332,136,-68,-254,-437,-600,-708,-764,-759,-698,-594,-437,-254,-59,123,311,482,617,701,713,706,635,514,370,202,17,-165,-323,-455,-570,-649,-673,-631,-570,-467,-327,-169,6,178,325,452,534,603,607,573,499,384,240,92,-48,-193,-317,-402,-475,-506,-485,-445,-363,-266,-148,-13,101,202,273,332,356,361,345,304,242,170,101,20,-66,-123,-171,-211,-226,-242,-234,-210,-180,-140,-95,-38,4,46,101,147,168,186,198,187,175,152,108,53,5,-50,-118,-170,-202,-227,-214,-177,-121,-55,23,97,143,167,171,24,72,0,-309,-214,-126,-20,110,229,334,400,405,371,276,143,1,-151,-284,-385,-449,-479,-479,-423,-328,-202,-66,68,212,331,425,483,507,499,448,380,265,134,-7,-148,-288,-411,-501,-566,-579,-554,-509,-425,-288,-128,29,183,338,468,560,615,639,600,527,436,308,150,-21,-186,-346,-460,-551,-602,-624,-612,-545,-445,-311,-179,-11,146,273,411,514,575,591,570,512,431,327,207,74,-55,-179,-301,-387,-468,-515,-536,-527,-494,-416,-325,-228,-99,45,175,301,404,483,533,549,550,515,428,321,197,57,-79,-228,-355,-463,-533,-574,-583,-566,-501,-405,-289,-136,10,146,283,404,504,572,381,594,532,456,358,220,82,-58,-195,-313,-420,-492,-526,-547,-518,-482,-419,-328,-217,-95,26,157,274,367,454,528,555,557,527,477,395,286,163,20,-134,-284,-422,-538,-628,-668,-674,-648,-568,-446,-299,-134,54,212,385,532,642,728,749,729,652,539,397,232,42,-153,-334,-492,-632,-726,-770,-767,-720,-619,-451,-288,-112,93,264,420,562,667,719,729,686,587,476,314,147,-15,-180,-333,-460,-557,-610,-626,-601,-544,-455,-345,-210,-70,68,209,322,420,494,529,538,512,449,369,264,155,22,-116,-235,-338,-432,-496,-513,-484,-445,-371,-262,-152,-26,94,213,310,375,430,-2,-191,0,59,123,-391,-394,-383,-346,-288,-204,-108,-12,88,169,236,296,321,317,303,277,223,151,82,9,-65,-148,-222,-269,-294,-298,-271,-237,-184,-104,-26,58,141,211,253,286,304,281,242,166,80,-17,-109,-191,-252,-305,-313,-301,-267,-192,-112,-28,66,151,240,284,303,309,295,257,202,133,57,-32,-105,-172,-238,-281,-301,-312,-297,-259,-214,-153,-65,12,93,180,247,312,345,371,373,334,291,241,148,42,-69,-183,-295,-363,-428,-471,-474,-454,-415,-333,-213,-90,47,186,307,431,513,586,610,585,516,396,250,88,-83,-267,-430,-570,-662,-706,-691,-640,-542,-387,-207,-27,160,572,527,644,731,763,729,639,519,360,158,-23,-229,-432,-582,-692,-759,-752,-711,-626,-476,-293,-102,95,290,467,621,704,739,722,673,568,413,226,43,-146,-334,-479,-586,-663,-694,-672,-589,-487,-351,-187,3,168,318,455,549,607,629,596,538,425,298,136,-37,-177,-318,-435,-518,-549,-551,-506,-419,-312,-195,-52,80,202,304,377,415,424,406,358,291,200,103,16,-70,-157,-221,-263,-284,-299,-283,-251,-207,-146,-91,-31,29,76,117,157,192,211,208,208,188,144,93,51,-4,-59,-97,-140,-180,-200,-203,-199,-174,-127,-74,-7,71,133,175,204,210,176,119,53,-19,-87,-69,0,-81,-243,252,319,328,281,189,46,-92,-223,-346,-417,-461,-445,-376,-274,-146,-12,138,280,387,459,489,497,462,387,279,151,18,-126,-256,-373,-468,-522,-539,-532,-490,-400,-280,-134,35,182,316,449,539,587,593,576,516,408,272,126,-36,-202,-329,-458,-554,-612,-623,-595,-531,-426,-300,-147,5,181,333,464,538,598,626,590,535,450,318,175,24,-122,-248,-363,-455,-517,-552,-546,-523,-454,-363,-258,-139,-21,96,225,348,428,497,541,541,514,465,384,282,159,15,-124,-273,-398,-478,-550,-582,-583,-546,-464,-360,-241,-97,45,184,323,428,522,573,575,554,510,434,322,191,-1037,-117,-256,-362,-460,-533,-566,-572,-539,-475,-386,-261,-143,-10,120,233,348,439,501,532,535,512,454,384,306,200,71,-62,-195,-325,-443,-526,-589,-617,-615,-562,-487,-374,-233,-70,86,245,398,533,631,702,714,686,626,506,370,193,11,-181,-358,-517,-643,-735,-771,-761,-693,-594,-452,-265,-75,115,301,478,615,690,752,749,688,613,485,316,128,-50,-232,-379,-514,-622,-667,-677,-646,-574,-467,-328,-172,-7,146,281,395,495,559,584,574,524,444,351,227,96,-35,-167,-281,-372,-442,-491,-516,-501,-446,-383,-287,-164,-19,108,215,325,404,456,487,471,422,337,239,130,356,294
62031,mtk,MTK 7916,2150314986,rx1-tx1,512,0,0,0,320,720,923,861,553,90,-404,-788,-946,-841,-505,-19,477,829,959,819,444,-48,-523,-860,-965,-798,-409,92,564,879,941,739,349,-137,-580,-849,-881,-669,-275,190,591,815,800,565,182,-255,-605,-771,-721,-476,-93,322,621,729,633,373,1,-365,-610,-679,-555,-286,65,396,601,621,477,215,-100,-384,-550,-540,-381,-134,128,342,446,420,269,56,-156,-287,-320,-258,-116,56,189,252,221,112,-34,-160,-239,-221,-116,37,189,288,300,207,35,-150,-313,-382,-335,-189,22,248,406,451,367,166,-91,-323,-476,-513,-399,-144,159,418,565,572,421,141,-190,-477,-637,-632,-444,0,223,525,678,650,458,143,-243,-561,-720,-690,-480,-130,248,566,733,708,487,146,-238,-554,-720,-694,-489,-154,218,523,679,657,462,146,-209,-494,-634,-607,-423,-124,204,466,596,559,363,78,-219,-450,-551,-496,-313,-72,195,432,539,474,297,42,-223,-420,-494,-438,-275,-42,198,382,457,421,265,45,-163,-328,-402,-369,-250,-74,115,247,310,301,222,83,-64,-162,-215,-223,-166,-63,35,102,136,127,85,22,-38,-77,-87,-72,-32,18,52,62,48,7,-38,-65,-86,-75,-42,1,45,91,112,102,67,12,-41,-89,-115,-119,-105,-66,-16,38,78,102,106,92,64,0,0,0,0,0,-27,-15,-7,-1,3,3,4,6,12,33,57,68,67,52,32,-4,-56,-103,-133,-148,-127,-76,-3,88,171,214,214,162,62,-51,-156,-242,-281,-248,-146,-7,133,242,304,286,204,79,-70,-203,-279,-290,-239,-129,6,132,226,252,224,142,41,-64,-135,-171,-164,-112,-36,24,63,80,67,28,-4,0,12,36,78,93,66,7,-80,-177,-222,-221,-181,-64,94,239,352,380,297,130,-85,-312,-477,-526,-433,-223,59,342,549,629,542,304,-28,-363,-627,-734,-656,-398,-22,366,670,806,732,463,74,-346,-678,-827,-768,-514,-107,326,672,842,800,539,129,-317,-680,0,-804,-538,-133,307,666,846,797,527,121,-320,-671,-821,-740,-459,-56,351,657,782,680,390,-7,-403,-681,-755,-620,-316,77,445,682,717,553,237,-148,-475,-658,-650,-469,-150,216,523,661,587,356,33,-281,-508,-593,-495,-243,74,353,530,537,367,80,-210,-432,-530,-453,-216,83,363,537,542,362,64,-266,-530,-649,-574,-319,47,412,678,754,608,272,-146,-550,-808,-844,-642,-248,227,648,890,886,633,207,-299,-729,-958,-920,-637,-168,353,777,976,921,609,116,-407,-813,-989,-885,-527,-37,457,824,967,829,458,-31,-506,-842,-944,-770,-378,114,569,865,907,689,285,-190,0,0,0,0,0,-867,-588,-135,367,766,940,849,525,55,-440,-813,-956,-827,-482,8,506,855,962,812,431,-72,-544,-869,-950,-764,-364,128,582,867,909,703,306,-167,-592,-843,-852,-622,-217,225,593,794,768,517,131,-286,-620,-766,-694,-422,-50,336,617,711,594,319,-37,-382,-619,-668,-525,-239,90,380,562,583,441,185,-112,-362,-494,-477,-329,-104,130,313,398,350,199,10,-156,-266,-274,-181,-30,117,215,236,172,39,-106,-219,-258,-206,-78,95,255,336,317,198,7,-202,-352,-415,-350,-172,64,293,449,478,372,153,-118,-364,-528,-532,-385,-132,171,450,608,597,426,130,-215,-505,0,-648,-459,-131,239,539,706,683,472,131,-245,-559,-719,-686,-480,-145,238,560,738,711,492,144,-232,-535,-698,-676,-479,-160,206,506,668,645,449,141,-204,-480,-610,-571,-393,-111,198,454,580,537,357,75,-220,-443,-529,-488,-313,-53,215,425,519,468,299,56,-204,-404,-475,-436,-284,-54,189,359,430,399,266,73,-126,-281,-357,-339,-235,-84,77,211,277,269,191,79,-37,-141,-185,-168,-128,-58,25,81,104,104,66,5,-36,-55,-52,-34,2,47,72,72,48,3,-49,-84,-90,-78,-44,4,52,99,122,112,80,34,-22,-71,-104,-122,-121,-94,-47,-1,32,49,0,0,0,0,0,-21,-27,-21,-18,-18,-15,-15,-26,-38,-38,-28,-4,26,58,85,107,111,82,38,-24,-96,-149,-167,-155,-113,-33,71,167,235,246,196,102,-22,-159,-261,-295,-261,-177,-49,100,234,311,319,250,118,-37,-165,-245,-270,-232,-149,-28,91,179,216,192,122,32,-48,-101,-111,-90,-61,-25,7,16,3,-10,-27,-36,-14,43,103,145,155,118,30,-88,-208,-291,-309,-233,-84,109,297,432,461,379,185,-74,-330,-521,-589,-499,-270,35,349,589,685,610,366,12,-360,-644,-766,-689,-443,-65,343,659,814,763,496,92,-342,-692,-856,-789,-525,-123,324,688,866,811,542,0,-320,-679,-853,-795,-533,-123,313,665,841,770,487,82,-337,-666,-804,-716,-414,-9,386,667,768,656,354,-41,-422,-685,-749,-600,-274,112,456,664,688,505,185,-182,-486,-649,-620,-411,-85,265,525,621,536,300,-21,-321,-518,-564,-442,-175,137,390,521,488,309,25,-278,-496,-542,-408,-142,174,456,593,546,334,0,-345,-599,-697,-592,-299,105,492,744,788,616,265,-194,-612,-860,-878,-646,-224,268,700,949,922,640,182,-330,-759,-971,-930,-622,-139,381,782,972,905,579,83,-426,-811,-970,-851,-497,-5,489,845,953,792,416,-75,-552,-864,-935,-736,-326,171,605,871,899,0,0
62032,mtk,MTK 7916,2150314986,rx2-tx0,512,0,0,0,1172,732,80,-618,-1153,-1379,-1214,-713,-21,686,1214,1402,1196,660,-61,-759,-1245,-1374,-1120,-552,164,824,1259,1327,1007,414,-290,-920,-1271,-1257,-886,-277,419,982,1257,1168,743,108,-544,-1030,-1217,-1057,-589,32,636,1043,1143,912,418,-189,-715,-1016,-1010,-717,-215,341,773,957,854,495,-15,-492,-808,-874,-673,-267,212,617,824,774,476,28,-419,-723,-807,-631,-248,220,616,831,773,479,31,-431,-777,-889,-721,-310,205,674,952,931,617,124,-425,-880,-1075,-948,-531,72,664,1064,1169,956,440,-234,-852,-1227,-1255,-926,-326,389,1016,1368,1328,910,231,-535,-1159,-1473,-1375,-891,-141,661,1291,0,1406,857,55,-757,-1358,-1587,-1383,-780,36,836,1406,1595,1343,701,-127,-908,-1440,-1576,-1270,-615,208,966,1442,1502,1153,490,-310,-1021,-1433,-1429,-1013,-327,448,1091,1421,1338,869,155,-598,-1168,-1401,-1235,-711,20,741,1252,1405,1152,563,-178,-874,-1340,-1431,-1107,-455,323,1010,1425,1453,1066,376,-406,-1067,-1447,-1445,-1039,-346,422,1073,1443,1405,993,325,-418,-1042,-1380,-1338,-942,-303,397,969,1275,1233,864,280,-355,-881,-1169,-1143,-800,-266,312,791,1047,1015,717,252,-265,-691,-920,-904,-670,-269,185,570,785,795,618,302,-79,-428,-648,-700,-594,-360,-49,255,470,572,555,431,237,21,-156,-268,0,0,0,0,0,368,345,246,71,-154,-388,-571,-644,-580,-398,-112,226,536,739,780,634,333,-55,-448,-754,-883,-790,-506,-82,384,761,947,891,611,182,-317,-752,-1003,-995,-732,-260,274,745,1035,1062,813,361,-189,-698,-1021,-1079,-858,-421,118,613,943,1018,820,418,-78,-548,-862,-941,-757,-372,84,497,769,823,651,297,-123,-479,-692,-715,-535,-219,141,446,622,615,433,141,-165,-413,-528,-489,-319,-86,165,353,422,365,209,5,-170,-280,-296,-225,-88,65,173,206,162,64,-47,-131,-162,-115,-19,87,178,207,150,19,-131,-250,-307,-271,-126,80,285,428,459,346,122,-152,-419,-587,-579,0,-122,234,547,726,718,498,120,-308,-655,-838,-811,-558,-130,346,743,933,872,581,120,-381,-790,-1002,-945,-608,-100,421,829,1012,912,564,68,-445,-838,-990,-867,-508,-19,473,829,933,779,411,-58,-500,-787,-851,-663,-294,136,505,720,712,490,142,-239,-532,-650,-553,-305,20,336,545,577,425,139,-187,-448,-561,-489,-266,32,321,505,516,364,100,-200,-437,-539,-461,-228,78,363,533,538,364,60,-275,-534,-632,-539,-271,101,463,685,707,512,154,-270,-634,-819,-763,-473,-40,422,778,920,790,414,-95,-592,-939,-1022,-802,-338,235,752,1065,1083,795,263,-356,-889,-1177,-1131,0,0,0,0,0,572,1094,1328,1211,753,62,-656,-1194,-1399,-1214,-696,10,730,1242,1405,1174,615,-112,-799,-1258,-1363,-1079,-490,225,868,1261,1281,944,334,-370,-961,-1266,-1217,-823,-199,481,1016,1248,1116,662,33,-600,-1054,-1189,-985,-517,95,672,1031,1078,808,316,-262,-746,-995,-945,-611,-108,416,796,924,767,377,-118,-560,-816,-812,-560,-141,322,691,830,696,354,-93,-529,-788,-793,-554,-143,319,695,860,754,404,-77,-538,-856,-914,-675,-211,329,792,1024,956,587,24,-554,-983,-1138,-951,-476,142,743,1154,1228,943,372,-313,-932,-1303,-1308,-933,-284,465,1098,1427,1358,911,196,-588,-1222,-1518,-1396,-877,0,715,1323,1566,1380,820,14,-798,-1396,-1598,-1361,-756,65,870,1421,1580,1298,661,-158,-925,-1432,-1545,-1222,-545,267,991,1435,1465,1091,414,-373,-1048,-1427,-1387,-944,-227,531,1126,1401,1285,795,69,-674,-1215,-1402,-1186,-633,110,828,1303,1408,1111,503,-253,-952,-1393,-1430,-1062,-409,365,1053,1456,1454,1062,375,-419,-1095,-1457,-1424,-1023,-337,430,1067,1400,1365,962,311,-404,-1004,-1339,-1305,-912,-287,394,944,1221,1174,831,277,-339,-846,-1108,-1072,-756,-253,297,750,991,961,690,256,-212,-614,-847,-858,-643,-279,140,496,717,759,615,327,-19,-342,-575,-655,-576,-392,-143,116,327,453,477,411,283,0,0,0,0,0,65,241,393,499,527,443,245,-30,-320,-563,-708,-702,-532,-238,126,487,747,833,712,412,4,-421,-756,-911,-847,-567,-128,355,757,978,944,664,218,-302,-771,-1032,-1029,-768,-324,218,715,1037,1082,852,406,-141,-654,-983,-1050,-848,-428,96,585,908,986,794,409,-69,-518,-818,-889,-714,-352,90,497,749,781,612,282,-110,-450,-651,-674,-495,-182,153,424,571,553,386,104,-191,-395,-472,-424,-265,-34,178,325,362,293,147,-32,-185,-249,-238,-158,-23,100,168,164,99,0,-98,-162,-160,-80,54,171,237,229,133,-25,-201,-329,-373,-313,-131,124,364,511,518,384,130,-197,0,-659,-663,-468,-124,265,603,793,772,531,138,-312,-696,-906,-858,-568,-120,371,773,968,907,597,115,-407,-816,-1007,-921,-582,-86,431,829,1000,892,551,49,-466,-835,-964,-831,-466,20,487,806,889,715,350,-105,-507,-749,-771,-578,-217,188,527,691,634,393,52,-301,-554,-617,-484,-213,118,404,553,531,349,60,-261,-490,-543,-425,-185,115,379,514,478,292,2,-296,-506,-552,-408,-132,185,455,594,547,324,-17,-365,-612,-677,-535,-212,188,544,751,736,495,90,-361,-724,-885,-781,-446,25,505,855,969,798,386,-163,-674,-1003,-1046,-790,-304,287,819,1123,1114,784,216,-426,0,0
62033,mtk,MTK 7916,2150314986,rx2-tx1,512,0,0,0,-526,-376,-115,184,414,525,480,315,77,-172,-359,-434,-392,-240,-25,177,312,346,275,137,-32,-179,-266,-260,-180,-45,94,194,219,183,98,-15,-112,-165,-171,-117,-29,62,120,123,78,7,-61,-102,-96,-41,51,148,200,181,84,-57,-202,-301,-322,-246,-81,136,329,445,458,328,91,-178,-437,-594,-567,-393,-98,238,521,664,632,412,71,-300,-589,-714,-649,-400,-24,363,647,759,652,358,-49,-461,-748,-824,-676,-327,121,542,817,863,662,287,-180,-604,-860,-879,-654,-244,235,647,882,879,633,207,-281,-682,-895,-863,-595,-168,294,670,863,813,541,128,-314,-651,-791,0,-425,-36,354,621,703,587,309,-54,-384,-592,-627,-454,-157,167,434,564,512,291,-18,-321,-515,-547,-394,-114,208,489,636,559,297,-52,-416,-688,-764,-605,-251,211,643,916,936,681,206,-363,-851,-1123,-1118,-799,-233,416,987,1326,1301,926,296,-430,-1061,-1421,-1414,-1035,-372,404,1091,1515,1543,1161,471,-355,-1088,-1540,-1581,-1229,-566,247,1006,1499,1610,1297,666,-123,-866,-1394,-1554,-1312,-745,-10,705,1231,1430,1266,799,158,-503,-1016,-1261,-1177,-809,-257,333,818,1073,1055,786,336,-176,-610,-859,-894,-713,-374,41,423,692,780,685,441,119,-214,-482,-630,-633,-517,-315,-82,128,281,368,0,0,0,0,0,-242,-162,-39,118,272,383,433,400,283,100,-120,-313,-439,-466,-399,-235,-6,233,399,459,418,276,55,-182,-365,-454,-424,-275,-41,198,373,462,435,286,44,-217,-422,-510,-466,-299,-44,228,448,548,499,321,60,-221,-448,-542,-508,-344,-82,215,447,546,509,333,79,-202,-434,-539,-495,-339,-81,190,394,485,453,303,82,-147,-336,-425,-382,-249,-72,105,239,293,275,172,12,-128,-230,-251,-184,-53,78,180,224,199,106,-42,-170,-246,-242,-167,-40,101,233,306,277,171,18,-140,-262,-303,-263,-158,-9,152,262,308,269,150,0,-142,-252,-289,-252,-156,-17,121,209,0,227,162,48,-73,-165,-211,-192,-153,-84,-4,66,104,112,98,83,60,39,14,1,-24,-64,-115,-151,-170,-148,-77,26,136,228,276,258,171,30,-141,-308,-399,-384,-265,-72,148,346,460,460,333,121,-138,-370,-518,-511,-371,-124,163,417,555,550,390,124,-176,-428,-566,-550,-379,-107,196,449,578,530,335,45,-249,-468,-548,-478,-265,36,323,517,551,425,184,-115,-400,-570,-564,-389,-109,212,476,602,553,349,38,-289,-545,-640,-550,-306,26,360,596,663,542,277,-65,-398,-618,-667,-537,-252,109,436,636,670,523,222,-131,-448,-638,-645,-476,-186,155,444,606,609,0,0,0,0,0,-179,-419,-548,-531,-360,-99,173,386,484,439,280,58,-164,-327,-398,-344,-183,8,178,288,313,234,95,-65,-191,-254,-240,-149,-19,101,181,209,157,53,-43,-114,-145,-120,-61,21,85,105,81,19,-70,-132,-145,-100,2,127,225,260,216,89,-87,-260,-372,-392,-286,-75,174,389,516,504,356,93,-218,-478,-618,-600,-409,-91,272,559,702,649,411,55,-328,-624,-748,-650,-375,12,412,697,778,651,341,-81,-496,-775,-845,-677,-311,158,576,835,877,674,267,-226,-644,-874,-873,-638,-226,255,675,903,878,611,187,-281,-671,-874,-834,-566,-151,300,661,822,756,483,82,0,-637,-756,-655,-373,-4,353,599,657,524,239,-105,-410,-576,-566,-391,-77,251,484,562,466,220,-106,-401,-564,-542,-347,-28,316,585,675,564,268,-139,-536,-797,-836,-624,-209,295,754,1024,1032,741,218,-394,-923,-1230,-1206,-861,-268,435,1044,1391,1370,978,328,-425,-1087,-1472,-1482,-1107,-425,376,1097,1534,1578,1212,521,-307,-1050,-1530,-1615,-1278,-617,191,947,1453,1577,1308,714,-52,-795,-1339,-1521,-1314,-787,-86,608,1123,1355,1237,824,221,-418,-923,-1170,-1125,-804,-310,248,708,959,956,740,351,-99,-510,-773,-836,-697,-403,-26,332,588,699,656,475,208,-81,-327,-483,-534,-486,-360,-192,0,0,0,0,0,-185,-295,-368,-368,-296,-170,3,183,341,439,445,345,175,-45,-262,-414,-465,-411,-250,-35,192,376,463,426,272,39,-196,-378,-463,-428,-275,-41,206,398,486,452,289,43,-222,-431,-524,-479,-305,-44,228,430,537,508,336,65,-228,-459,-566,-533,-354,-74,217,440,555,518,334,69,-195,-410,-529,-497,-324,-76,174,370,459,429,300,90,-129,-295,-375,-339,-209,-47,111,225,267,219,113,-33,-170,-236,-214,-125,-3,117,212,248,188,72,-71,-193,-261,-267,-195,-42,129,238,296,270,156,8,-130,-252,-315,-279,-170,-16,151,268,301,264,162,13,-126,-226,-274,-244,-153,0,99,198,241,227,147,46,-42,-111,-152,-152,-124,-76,-24,15,34,53,59,69,85,102,102,86,43,-48,-136,-202,-232,-215,-133,-10,127,258,334,327,222,56,-144,-318,-427,-421,-303,-103,140,361,500,497,356,119,-154,-396,-541,-542,-392,-133,167,425,571,557,389,121,-185,-435,-562,-532,-355,-79,227,462,556,500,298,7,-281,-486,-552,-454,-227,82,359,524,548,412,140,-170,-430,-578,-553,-363,-66,265,522,622,551,325,4,-320,-562,-654,-554,-297,44,377,608,666,536,256,-92,-418,-632,-674,-528,-241,113,429,638,667,500,203,-142,-450,-630,-633,-462,-177,157,0,0
62034,mtk,MTK 7916,2150370880,rx0-tx0,512,0,0,0,0,0,0,0,0,0,0,0,0,0,0,0,0,0,0,0,0,0,0,0,0,0,0,0,0,0,0,0,0,0,0,0,0,0,0,0,0,0,0,0,0,0,0,0,0,0,0,0,0,0,0,0,0,0,0,0,0,0,0,0,0,0,0,0,0,0,0,0,0,0,0,0,0,0,0,0,0,0,0,0,0,0,0,0,0,0,0,0,0,0,0,0,0,0,0,0,0,0,0,0,0,0,0,0,0,0,0,0,0,0,0,0,0,0,0,0,0,0,0,0,0,0,0,0,0,0,0,0,0,0,0,0,0,0,0,0,0,0,0,0,0,0,0,0,0,0,0,0,0,0,0,0,0,0,0,0,0,0,0,0,0,0,0,0,0,0,0,0,0,0,0,0,0,0,0,0,0,0,0,0,0,0,0,0,0,0,0,0,0,0,0,0,0,0,0,0,0,0,0,0,0,0,0,0,0,0,0,0,0,0,0,0,0,0,0,0,0,0,0,0,0,0,0,0,0,0,0,0,0,0,0,0,0,0,0,0,0,0,0,0,0,0,0,0,0,0,0,0,0,0,0,0,0,-364,474,283,395,616,728,679,502,212,-95,-396,-647,-818,-904,-895,-807,-641,-425,-169,114,391,634,839,979,1038,1016,911,743,515,243,-54,-342,-617,-844,-1009,-1114,-1138,-1089,-971,-788,-556,-289,12,317,584,819,1023,1153,1216,1209,1119,954,740,488,191,-121,-425,-703,-935,-1131,-1253,-1275,-1226,-1106,-930,-700,-418,-110,198,493,751,968,1128,1200,1207,1148,1028,848,620,374,106,-158,-405,-623,-808,-942,-1019,-1047,-1028,-949,-810,-630,-426,-216,17,244,436,616,788,874,908,908,871,776,633,465,284,94,-91,-286,-438,-555,-661,-706,-727,-709,-664,-587,-483,-377,-248,-119,1,104,230,341,426,503,-330,629,643,639,608,579,499,391,282,132,-45,-208,-392,-564,-699,-824,-906,-932,-912,-840,-715,-542,-337,-94,153,404,641,852,1024,1137,1169,1132,1049,898,687,448,174,-126,-415,-685,-917,-1105,-1236,-1274,-1259,-1172,-993,-789,-536,-227,89,390,691,946,1151,1306,1364,1352,1265,1118,879,577,253,-86,-441,-752,-1017,-1234,-1375,-1443,-1424,-1314,-1122,-848,-520,-169,199,565,884,1152,1352,1454,1491,1408,1224,969,639,267,-112,-493,-840,-1129,-1323,-1431,-1449,-1356,-1159,-885,-547,-170,204,563,872,1120,1279,1331,1286,1151,932,634,303,-54,-416,-735,-1008,-1202,-1301,-1270,-1110,-817,-405,70,544,938,1149,1135,782,721,0,0,0,0,0,0,0,0,0,0,0,0,0,0,0,0,0,0,0,0,0,0,0,0,0,0,0,0,0,0,0,0,0,0,0,0,0,0,0,0,0,0,0,0,0,0,0,0,0,0,0,0,0,0,0,0,0,0,0,0,0,0,0,0,0,0,0,0,0,0,0,0,0,0,0,0,0,0,0,0,0,0,0,0,0,0,0,0,0,0,0,0,0,0,0,0,0,0,0,0,0,0,0,0,0,0,0,0,0,0,0,0,0,0,0,0,0,0,0,0,0,0,0,0,0,0,0,0,0,0,0,0,0,0,0,0,0,0,0,0,0,0,0,0,0,0,0,0,0,0,0,0,0,0,0,0,0,0,0,0,0,0,0,0,0,0,0,0,0,0,0,0,0,0,0,0,0,0,0,0,0,0,0,0,0,0,0,0,0,0,0,0,0,0,0,0,0,0,0,0,0,0,0,0,0,0,0,0,0,0,0,0,0,0,0,0,0,0,0,0,0,0,0,0,0,0,0,0,0,0,0,0,0,0,0,0,0,0,0,0,0,0,0,0,0,0,0,0,0,0,0,0,0,0,0,0,-49,-677,-788,423,238,-66,-386,-654,-817,-852,-781,-607,-371,-106,180,444,671,843,944,975,918,779,569,303,19,-266,-533,-773,-963,-1085,-1108,-1062,-932,-734,-494,-225,68,355,617,854,1020,1125,1176,1134,1031,878,647,354,58,-239,-525,-780,-1000,-1145,-1237,-1247,-1182,-1056,-850,-607,-301,17,322,620,862,1066,1204,1257,1229,1130,974,785,524,226,-62,-337,-582,-805,-971,-1085,-1134,-1110,-1038,-905,-729,-508,-270,-39,196,425,627,788,895,968,1001,950,849,740,562,349,139,-69,-281,-476,-629,-729,-804,-837,-831,-774,-662,-546,-397,-224,-67,87,223,348,440,520,586,616,611,598,569,512,445,372,-82,144,21,-111,-235,-367,-499,-581,-665,-744,-772,-765,-729,-627,-500,-338,-130,86,298,505,692,848,972,1042,1046,999,888,726,518,261,-20,-286,-541,-789,-994,-1142,-1230,-1229,-1160,-1031,-849,-624,-340,-45,252,561,826,1031,1211,1314,1330,1275,1144,944,701,407,83,-236,-551,-846,-1098,-1279,-1376,-1412,-1359,-1216,-1015,-739,-410,-57,304,633,934,1189,1365,1462,1466,1374,1189,936,606,260,-117,-505,-852,-1135,-1342,-1454,-1466,-1393,-1210,-937,-610,-254,131,516,850,1113,1306,1397,1379,1260,1054,775,439,79,-280,-618,-906,-1123,-1246,-1283,-1213,-1040,-781,-450,-65,338,721,1055,1269,1328,1196,877,404,-22,-164,-347
62035,mtk,MTK 7916,2150370880,rx0-tx1,512,0,0,0,0,0,0,0,0,0,0,0,0,0,0,0,0,0,0,0,0,0,0,0,0,0,0,0,0,0,0,0,0,0,0,0,0,0,0,0,0,0,0,0,0,0,0,0,0,0,0,0,0,0,0,0,0,0,0,0,0,0,0,0,0,0,0,0,0,0,0,0,0,0,0,0,0,0,0,0,0,0,0,0,0,0,0,0,0,0,0,0,0,0,0,0,0,0,0,0,0,0,0,0,0,0,0,0,0,0,0,0,0,0,0,0,0,0,0,0,0,0,0,0,0,0,0,0,0,0,0,0,0,0,0,0,0,0,0,0,0,0,0,0,0,0,0,0,0,0,0,0,0,0,0,0,0,0,0,0,0,0,0,0,0,0,0,0,0,0,0,0,0,0,0,0,0,0,0,0,0,0,0,0,0,0,0,0,0,0,0,0,0,0,0,0,0,0,0,0,0,0,0,0,0,0,0,0,0,0,0,0,0,0,0,0,0,0,0,0,0,0,0,0,0,0,0,0,0,0,0,0,0,0,0,0,0,0,0,0,0,0,0,0,0,0,0,0,0,0,0,0,0,0,0,0,0,-449,9,22,-290,-501,-645,-656,-540,-316,-39,240,488,686,822,867,822,702,507,266,-26,-326,-605,-834,-999,-1073,-1067,-965,-761,-498,-182,180,499,793,1002,1134,1176,1123,1000,768,496,195,-101,-370,-610,-814,-925,-965,-982,-932,-793,-613,-428,-237,-26,173,354,513,634,707,735,722,693,628,520,405,289,161,25,-108,-239,-336,-449,-545,-618,-667,-683,-683,-664,-576,-457,-330,-168,13,207,418,583,732,836,896,893,841,738,600,414,201,0,-215,-415,-583,-726,-823,-881,-892,-850,-791,-658,-505,-331,-125,89,292,467,643,788,877,942,951,893,788,646,465,257,19,-207,-425,-636,-802,-915,510,-1015,-944,-844,-704,-513,-292,-76,153,385,568,728,860,924,955,933,864,758,604,436,246,48,-166,-353,-543,-701,-817,-922,-972,-992,-966,-886,-745,-570,-363,-124,155,423,692,934,1138,1298,1376,1368,1282,1105,843,509,121,-274,-679,-1053,-1366,-1597,-1727,-1753,-1646,-1414,-1081,-667,-184,288,768,1224,1567,1802,1906,1866,1710,1424,1034,578,76,-428,-908,-1309,-1627,-1810,-1839,-1752,-1538,-1205,-792,-323,169,630,1052,1382,1595,1690,1634,1438,1146,758,328,-131,-575,-922,-1187,-1348,-1384,-1288,-1083,-815,-478,-113,222,521,756,913,990,976,871,686,473,224,-55,-311,-546,-714,-793,-763,-624,-397,-119,116,-21,-17,0,0,0,0,0,0,0,0,0,0,0,0,0,0,0,0,0,0,0,0,0,0,0,0,0,0,0,0,0,0,0,0,0,0,0,0,0,0,0,0,0,0,0,0,0,0,0,0,0,0,0,0,0,0,0,0,0,0,0,0,0,0,0,0,0,0,0,0,0,0,0,0,0,0,0,0,0,0,0,0,0,0,0,0,0,0,0,0,0,0,0,0,0,0,0,0,0,0,0,0,0,0,0,0,0,0,0,0,0,0,0,0,0,0,0,0,0,0,0,0,0,0,0,0,0,0,0,0,0,0,0,0,0,0,0,0,0,0,0,0,0,0,0,0,0,0,0,0,0,0,0,0,0,0,0,0,0,0,0,0,0,0,0,0,0,0,0,0,0,0,0,0,0,0,0,0,0,0,0,0,0,0,0,0,0,0,0,0,0,0,0,0,0,0,0,0,0,0,0,0,0,0,0,0,0,0,0,0,0,0,0,0,0,0,0,0,0,0,0,0,0,0,0,0,0,0,0,0,0,0,0,0,0,0,0,0,0,0,0,0,0,0,0,0,0,0,0,0,0,0,0,0,0,0,0,0,26,16,6,-416,-300,-60,229,493,695,781,759,645,459,219,-64,-333,-576,-780,-911,-979,-947,-823,-620,-345,-44,268,588,851,1040,1149,1144,1049,867,618,337,7,-306,-604,-848,-1006,-1100,-1092,-1009,-863,-653,-401,-163,59,304,511,679,801,871,878,810,716,596,452,293,125,-37,-180,-322,-445,-522,-580,-628,-638,-624,-580,-536,-478,-377,-268,-126,13,163,320,469,588,696,784,816,811,741,622,477,289,83,-129,-335,-526,-686,-814,-872,-889,-865,-798,-676,-529,-342,-153,46,248,440,610,737,836,900,901,853,779,671,495,310,105,-124,-337,-531,-703,-841,-950,-993,-961,-891,-762,-577,-378,-82,80,325,524,721,862,944,973,968,891,775,630,443,236,32,-188,-393,-575,-723,-825,-896,-936,-928,-871,-781,-625,-478,-296,-92,124,358,576,765,912,1038,1136,1166,1127,1028,856,629,344,11,-334,-664,-987,-1247,-1453,-1584,-1600,-1511,-1302,-996,-625,-206,254,718,1143,1483,1727,1843,1831,1725,1472,1093,648,153,-359,-837,-1271,-1600,-1814,-1899,-1845,-1653,-1343,-941,-460,43,521,977,1344,1601,1753,1753,1634,1379,1022,596,121,-362,-793,-1148,-1400,-1529,-1553,-1408,-1147,-819,-430,-18,379,710,970,1139,1186,1121,982,757,487,201,-100,-374,-596,-749,-849,-864,-793,-641,-409,-139,150,402,581,639,594,21,29
62036,mtk,MTK 7916,2150370880,rx1-tx0,512,0,0,0,0,0,0,0,0,0,0,0,0,0,0,0,0,0,0,0,0,0,0,0,0,0,0,0,0,0,0,0,0,0,0,0,0,0,0,0,0,0,0,0,0,0,0,0,0,0,0,0,0,0,0,0,0,0,0,0,0,0,0,0,0,0,0,0,0,0,0,0,0,0,0,0,0,0,0,0,0,0,0,0,0,0,0,0,0,0,0,0,0,0,0,0,0,0,0,0,0,0,0,0,0,0,0,0,0,0,0,0,0,0,0,0,0,0,0,0,0,0,0,0,0,0,0,0,0,0,0,0,0,0,0,0,0,0,0,0,0,0,0,0,0,0,0,0,0,0,0,0,0,0,0,0,0,0,0,0,0,0,0,0,0,0,0,0,0,0,0,0,0,0,0,0,0,0,0,0,0,0,0,0,0,0,0,0,0,0,0,0,0,0,0,0,0,0,0,0,0,0,0,0,0,0,0,0,0,0,0,0,0,0,0,0,0,0,0,0,0,0,0,0,0,0,0,0,0,0,0,0,0,0,0,0,0,0,0,0,0,0,0,0,0,0,0,0,0,0,0,0,0,0,0,0,0,98,1294,1229,210,454,662,735,668,469,197,-99,-385,-641,-846,-948,-956,-888,-732,-491,-203,135,463,769,1020,1178,1253,1199,1042,806,466,56,-320,-691,-1034,-1238,-1337,-1368,-1275,-1050,-768,-438,-87,260,581,840,997,1108,1163,1122,1001,804,585,345,93,-126,-329,-517,-661,-768,-845,-866,-828,-757,-658,-525,-370,-207,-39,141,316,462,603,718,798,826,810,753,649,496,324,137,-76,-277,-458,-613,-736,-797,-820,-781,-695,-572,-403,-219,-55,124,276,392,486,561,608,607,567,502,421,313,204,104,-1,-93,-170,-254,-315,-338,-358,-365,-378,-373,-346,-304,-264,-211,-145,-70,-7,79,159,235,322,-686,418,427,432,436,379,323,250,152,44,-84,-184,-278,-372,-439,-482,-512,-517,-479,-414,-340,-250,-140,-33,98,207,302,400,478,527,558,566,547,503,411,310,199,55,-90,-249,-401,-532,-632,-701,-737,-717,-653,-538,-404,-231,-27,171,363,527,656,748,787,772,729,612,461,293,114,-64,-250,-415,-545,-652,-706,-709,-674,-599,-483,-339,-186,-29,124,266,393,487,534,551,539,500,437,350,231,123,11,-107,-193,-266,-330,-387,-404,-416,-415,-398,-358,-295,-223,-123,-7,109,239,358,474,557,585,579,529,422,262,70,-143,-363,-550,-676,-760,-740,-620,-412,-100,220,486,631,1044,1195,0,0,0,0,0,0,0,0,0,0,0,0,0,0,0,0,0,0,0,0,0,0,0,0,0,0,0,0,0,0,0,0,0,0,0,0,0,0,0,0,0,0,0,0,0,0,0,0,0,0,0,0,0,0,0,0,0,0,0,0,0,0,0,0,0,0,0,0,0,0,0,0,0,0,0,0,0,0,0,0,0,0,0,0,0,0,0,0,0,0,0,0,0,0,0,0,0,0,0,0,0,0,0,0,0,0,0,0,0,0,0,0,0,0,0,0,0,0,0,0,0,0,0,0,0,0,0,0,0,0,0,0,0,0,0,0,0,0,0,0,0,0,0,0,0,0,0,0,0,0,0,0,0,0,0,0,0,0,0,0,0,0,0,0,0,0,0,0,0,0,0,0,0,0,0,0,0,0,0,0,0,0,0,0,0,0,0,0,0,0,0,0,0,0,0,0,0,0,0,0,0,0,0,0,0,0,0,0,0,0,0,0,0,0,0,0,0,0,0,0,0,0,0,0,0,0,0,0,0,0,0,0,0,0,0,0,0,0,0,0,0,0,0,0,0,0,0,0,0,0,0,0,0,0,0,0,-999,-121,-440,481,407,190,-111,-416,-667,-816,-858,-798,-647,-421,-124,158,446,735,950,1084,1116,1030,875,617,305,-53,-441,-780,-1066,-1287,-1340,-1304,-1176,-908,-579,-223,147,540,847,1074,1226,1290,1247,1115,895,647,368,40,-263,-521,-695,-841,-969,-999,-966,-891,-757,-593,-414,-228,-31,153,324,481,620,711,776,814,803,739,640,533,388,204,12,-176,-359,-530,-672,-767,-831,-841,-793,-703,-577,-397,-187,22,229,396,536,645,698,718,705,626,530,414,280,126,-23,-155,-251,-342,-416,-443,-465,-465,-440,-402,-358,-278,-206,-135,-62,4,76,149,198,246,299,347,376,390,395,358,322,275,9,136,36,-43,-153,-256,-322,-402,-450,-489,-487,-449,-409,-334,-247,-145,-46,81,202,301,389,462,505,525,526,487,441,366,266,150,33,-91,-212,-334,-447,-534,-606,-651,-653,-632,-561,-454,-313,-165,7,191,367,523,663,771,805,776,706,600,456,274,68,-130,-318,-488,-605,-693,-742,-752,-715,-617,-493,-336,-157,18,185,336,472,564,621,645,619,560,473,352,215,77,-65,-196,-300,-383,-435,-457,-471,-452,-395,-344,-280,-193,-99,-19,67,153,242,317,389,457,494,502,471,399,304,158,-9,-179,-348,-501,-611,-671,-677,-617,-475,-287,-43,239,485,696,791,739,566,346,794,509
62037,mtk,MTK 7916,2150370880,rx1-tx1,512,0,0,0,0,0,0,0,0,0,0,0,0,0,0,0,0,0,0,0,0,0,0,0,0,0,0,0,0,0,0,0,0,0,0,0,0,0,0,0,0,0,0,0,0,0,0,0,0,0,0,0,0,0,0,0,0,0,0,0,0,0,0,0,0,0,0,0,0,0,0,0,0,0,0,0,0,0,0,0,0,0,0,0,0,0,0,0,0,0,0,0,0,0,0,0,0,0,0,0,0,0,0,0,0,0,0,0,0,0,0,0,0,0,0,0,0,0,0,0,0,0,0,0,0,0,0,0,0,0,0,0,0,0,0,0,0,0,0,0,0,0,0,0,0,0,0,0,0,0,0,0,0,0,0,0,0,0,0,0,0,0,0,0,0,0,0,0,0,0,0,0,0,0,0,0,0,0,0,0,0,0,0,0,0,0,0,0,0,0,0,0,0,0,0,0,0,0,0,0,0,0,0,0,0,0,0,0,0,0,0,0,0,0,0,0,0,0,0,0,0,0,0,0,0,0,0,0,0,0,0,0,0,0,0,0,0,0,0,0,0,0,0,0,0,0,0,0,0,0,0,0,0,0,0,0,0,-282,539,483,71,131,185,226,235,204,132,32,-76,-177,-249,-261,-216,-116,15,139,229,260,236,149,6,-137,-248,-303,-265,-156,-3,160,304,369,315,175,-9,-221,-370,-412,-356,-193,46,278,447,506,426,221,-59,-326,-509,-556,-451,-218,87,374,578,622,494,236,-108,-445,-636,-671,-533,-210,177,521,724,737,546,209,-196,-553,-764,-761,-538,-169,242,582,766,741,507,135,-286,-638,-793,-715,-453,-75,330,642,762,665,390,9,-372,-640,-735,-617,-326,61,414,643,688,544,243,-132,-460,-649,-646,-449,-143,192,470,609,556,338,35,-270,-497,-572,-477,-232,76,344,497,509,364,0,-179,-408,-509,-447,-240,31,292,475,513,379,122,-164,-407,-523,-473,-275,10,307,519,579,452,175,-160,-462,-646,-634,-429,-88,289,603,746,677,413,19,-403,-721,-823,-684,-360,78,518,817,880,698,310,-169,-612,-890,-913,-682,-256,248,690,946,940,672,217,-304,-739,-973,-934,-637,-168,339,753,948,886,584,123,-364,-756,-941,-853,-528,-62,426,787,928,812,479,6,-459,-802,-927,-791,-443,10,465,803,930,806,473,18,-445,-776,-904,-799,-494,-65,364,699,866,814,564,183,-241,-585,-792,-805,-614,-280,103,455,706,791,700,462,126,-235,-539,-722,-759,-665,-487,-238,497,535,0,0,0,0,0,0,0,0,0,0,0,0,0,0,0,0,0,0,0,0,0,0,0,0,0,0,0,0,0,0,0,0,0,0,0,0,0,0,0,0,0,0,0,0,0,0,0,0,0,0,0,0,0,0,0,0,0,0,0,0,0,0,0,0,0,0,0,0,0,0,0,0,0,0,0,0,0,0,0,0,0,0,0,0,0,0,0,0,0,0,0,0,0,0,0,0,0,0,0,0,0,0,0,0,0,0,0,0,0,0,0,0,0,0,0,0,0,0,0,0,0,0,0,0,0,0,0,0,0,0,0,0,0,0,0,0,0,0,0,0,0,0,0,0,0,0,0,0,0,0,0,0,0,0,0,0,0,0,0,0,0,0,0,0,0,0,0,0,0,0,0,0,0,0,0,0,0,0,0,0,0,0,0,0,0,0,0,0,0,0,0,0,0,0,0,0,0,0,0,0,0,0,0,0,0,0,0,0,0,0,0,0,0,0,0,0,0,0,0,0,0,0,0,0,0,0,0,0,0,0,0,0,0,0,0,0,0,0,0,0,0,0,0,0,0,0,0,0,0,0,0,0,0,0,0,0,288,-130,-253,-157,-137,-98,-37,51,149,220,250,241,177,71,-49,-161,-242,-269,-231,-132,8,136,246,290,256,153,-8,-169,-283,-326,-283,-150,25,193,308,370,330,179,-29,-244,-400,-448,-378,-184,69,299,463,526,433,210,-77,-352,-532,-577,-460,-211,111,416,609,647,507,216,-135,-476,-690,-713,-541,-212,184,527,733,744,557,199,-211,-580,-774,-745,-515,-160,255,603,774,739,499,115,-301,-630,-779,-699,-423,-42,351,652,766,664,369,-20,-390,-647,-712,-579,-277,101,446,651,674,507,195,-174,-480,-624,-594,-402,-98,232,483,579,511,295,-10,-314,-500,-536,-412,-170,123,374,0,481,310,42,-237,-435,-500,-412,-191,112,371,501,486,324,43,-252,-476,-554,-465,-223,94,393,578,605,450,138,-235,-533,-693,-666,-424,-40,356,658,785,689,380,-39,-470,-779,-864,-693,-335,119,550,833,886,679,272,-212,-645,-917,-935,-688,-249,266,719,968,941,656,196,-321,-754,-963,-904,-605,-138,369,768,950,873,557,86,-400,-768,-926,-835,-504,-29,455,801,917,795,453,-14,-467,-792,-915,-790,-444,13,460,787,912,808,484,40,-408,-753,-902,-822,-543,-130,305,655,832,809,597,239,-174,-533,-752,-793,-654,-367,3,352,617,760,733,559,302,8,-274,-477,-601,268,141
62038,mtk,MTK 7916,2150370880,rx2-tx0,512,0,0,0,0,0,0,0,0,0,0,0,0,0,0,0,0,0,0,0,0,0,0,0,0,0,0,0,0,0,0,0,0,0,0,0,0,0,0,0,0,0,0,0,0,0,0,0,0,0,0,0,0,0,0,0,0,0,0,0,0,0,0,0,0,0,0,0,0,0,0,0,0,0,0,0,0,0,0,0,0,0,0,0,0,0,0,0,0,0,0,0,0,0,0,0,0,0,0,0,0,0,0,0,0,0,0,0,0,0,0,0,0,0,0,0,0,0,0,0,0,0,0,0,0,0,0,0,0,0,0,0,0,0,0,0,0,0,0,0,0,0,0,0,0,0,0,0,0,0,0,0,0,0,0,0,0,0,0,0,0,0,0,0,0,0,0,0,0,0,0,0,0,0,0,0,0,0,0,0,0,0,0,0,0,0,0,0,0,0,0,0,0,0,0,0,0,0,0,0,0,0,0,0,0,0,0,0,0,0,0,0,0,0,0,0,0,0,0,0,0,0,0,0,0,0,0,0,0,0,0,0,0,0,0,0,0,0,0,0,0,0,0,0,0,0,0,0,0,0,0,0,0,0,0,0,0,794,-518,-374,53,14,-39,-97,-139,-178,-193,-162,-82,-2,82,153,198,200,160,64,-41,-129,-185,-210,-172,-96,4,99,180,219,207,118,-1,-104,-172,-223,-193,-93,9,107,182,207,176,100,-10,-125,-207,-228,-170,-67,38,153,239,235,169,60,-73,-190,-260,-264,-196,-73,69,191,271,280,198,52,-102,-212,-265,-244,-165,-41,94,196,243,230,149,28,-86,-173,-226,-209,-111,10,100,165,187,145,60,-34,-120,-178,-178,-130,-49,37,120,162,152,100,32,-35,-95,-131,-117,-72,-17,27,44,46,36,9,-21,-30,-17,-1,20,37,34,16,-5,-35,-66,-78,-69,-33,26,0,138,136,97,24,-65,-135,-174,-170,-124,-36,81,180,227,216,159,45,-90,-198,-260,-260,-180,-40,94,197,260,247,162,39,-99,-212,-265,-242,-159,-32,103,209,248,222,132,3,-127,-214,-248,-205,-111,-1,105,183,207,168,89,-6,-103,-165,-171,-121,-36,57,138,176,139,62,-21,-109,-166,-173,-119,-34,51,136,177,162,114,46,-54,-138,-171,-168,-128,-52,37,111,148,141,96,26,-37,-80,-104,-96,-56,-3,28,51,57,33,-9,-45,-71,-72,-40,6,70,125,143,118,64,-9,-80,-147,-193,-197,-154,-68,44,141,223,260,249,198,124,26,-81,-170,-220,-724,-709,0,0,0,0,0,0,0,0,0,0,0,0,0,0,0,0,0,0,0,0,0,0,0,0,0,0,0,0,0,0,0,0,0,0,0,0,0,0,0,0,0,0,0,0,0,0,0,0,0,0,0,0,0,0,0,0,0,0,0,0,0,0,0,0,0,0,0,0,0,0,0,0,0,0,0,0,0,0,0,0,0,0,0,0,0,0,0,0,0,0,0,0,0,0,0,0,0,0,0,0,0,0,0,0,0,0,0,0,0,0,0,0,0,0,0,0,0,0,0,0,0,0,0,0,0,0,0,0,0,0,0,0,0,0,0,0,0,0,0,0,0,0,0,0,0,0,0,0,0,0,0,0,0,0,0,0,0,0,0,0,0,0,0,0,0,0,0,0,0,0,0,0,0,0,0,0,0,0,0,0,0,0,0,0,0,0,0,0,0,0,0,0,0,0,0,0,0,0,0,0,0,0,0,0,0,0,0,0,0,0,0,0,0,0,0,0,0,0,0,0,0,0,0,0,0,0,0,0,0,0,0,0,0,0,0,0,0,0,0,0,0,0,0,0,0,0,0,0,0,0,0,0,0,0,0,0,572,527,644,114,150,158,140,101,40,-38,-119,-171,-190,-179,-128,-31,68,140,197,207,167,80,-23,-125,-201,-227,-201,-118,3,112,190,222,188,98,-6,-107,-192,-231,-187,-103,15,118,197,201,154,65,-44,-167,-247,-238,-169,-70,57,187,259,247,171,46,-91,-205,-267,-270,-199,-79,67,199,268,261,182,61,-89,-198,-246,-223,-154,-44,73,173,216,202,134,20,-95,-173,-200,-171,-81,33,131,177,175,124,44,-56,-135,-168,-166,-122,-40,47,104,131,136,99,38,-31,-80,-95,-80,-41,1,16,33,28,9,-10,-13,-17,-6,21,51,72,67,38,-10,-55,-93,-99,0,-14,55,124,162,160,111,36,-68,-156,-193,-201,-148,-30,92,192,252,247,170,52,-85,-201,-260,-258,-181,-49,89,195,255,240,163,41,-90,-189,-243,-224,-139,-14,115,204,243,228,137,12,-118,-216,-223,-176,-103,0,100,164,176,150,64,-32,-102,-137,-129,-76,-10,77,143,156,111,34,-47,-111,-155,-166,-122,-28,58,140,182,163,114,38,-60,-128,-160,-168,-120,-40,33,97,134,122,76,25,-30,-67,-80,-70,-36,15,55,63,52,15,-37,-89,-106,-92,-50,15,87,141,174,166,107,23,-73,-167,-225,-239,-206,-136,-31,83,180,251,273,254,210,120,-27,160
62039,mtk,MTK 7916,2150370880,rx2-tx1,512,0,0,0,0,0,0,0,0,0,0,0,0,0,0,0,0,0,0,0,0,0,0,0,0,0,0,0,0,0,0,0,0,0,0,0,0,0,0,0,0,0,0,0,0,0,0,0,0,0,0,0,0,0,0,0,0,0,0,0,0,0,0,0,0,0,0,0,0,0,0,0,0,0,0,0,0,0,0,0,0,0,0,0,0,0,0,0,0,0,0,0,0,0,0,0,0,0,0,0,0,0,0,0,0,0,0,0,0,0,0,0,0,0,0,0,0,0,0,0,0,0,0,0,0,0,0,0,0,0,0,0,0,0,0,0,0,0,0,0,0,0,0,0,0,0,0,0,0,0,0,0,0,0,0,0,0,0,0,0,0,0,0,0,0,0,0,0,0,0,0,0,0,0,0,0,0,0,0,0,0,0,0,0,0,0,0,0,0,0,0,0,0,0,0,0,0,0,0,0,0,0,0,0,0,0,0,0,0,0,0,0,0,0,0,0,0,0,0,0,0,0,0,0,0,0,0,0,0,0,0,0,0,0,0,0,0,0,0,0,0,0,0,0,0,0,0,0,0,0,0,0,0,0,0,0,0,381,594,532,-11,-33,-43,-50,-46,-31,-9,12,32,60,74,74,43,4,-14,-41,-84,-114,-93,-66,-19,48,100,137,152,108,38,-29,-104,-165,-183,-146,-78,15,109,189,248,225,136,7,-123,-230,-289,-280,-196,-49,127,266,352,369,299,127,-96,-291,-407,-440,-359,-167,67,278,449,519,441,241,-22,-273,-468,-558,-496,-294,-15,260,473,574,548,372,95,-198,-450,-590,-566,-403,-142,166,424,565,559,409,149,-140,-382,-522,-527,-386,-153,117,353,474,462,339,129,-112,-311,-426,-426,-302,-103,121,312,417,395,267,82,-129,-301,-382,-344,-211,-40,145,304,367,316,180,2,0,-277,-313,-252,-115,55,207,286,285,208,72,-90,-223,-288,-268,-169,-25,119,229,273,237,129,-25,-161,-233,-251,-199,-82,67,194,267,253,175,30,-125,-248,-297,-281,-183,-31,141,275,328,310,192,12,-163,-281,-332,-307,-205,-36,128,252,311,285,164,23,-111,-228,-278,-248,-166,-38,109,208,239,213,140,33,-102,-206,-237,-208,-121,-13,93,178,215,194,135,49,-53,-143,-192,-185,-137,-61,25,104,146,154,144,103,35,-36,-80,-105,-113,-96,-63,-28,15,46,61,74,72,66,57,24,-2,-26,-51,-70,-75,-66,-56,-40,-9,25,59,84,88,89,92,72,504,572,0,0,0,0,0,0,0,0,0,0,0,0,0,0,0,0,0,0,0,0,0,0,0,0,0,0,0,0,0,0,0,0,0,0,0,0,0,0,0,0,0,0,0,0,0,0,0,0,0,0,0,0,0,0,0,0,0,0,0,0,0,0,0,0,0,0,0,0,0,0,0,0,0,0,0,0,0,0,0,0,0,0,0,0,0,0,0,0,0,0,0,0,0,0,0,0,0,0,0,0,0,0,0,0,0,0,0,0,0,0,0,0,0,0,0,0,0,0,0,0,0,0,0,0,0,0,0,0,0,0,0,0,0,0,0,0,0,0,0,0,0,0,0,0,0,0,0,0,0,0,0,0,0,0,0,0,0,0,0,0,0,0,0,0,0,0,0,0,0,0,0,0,0,0,0,0,0,0,0,0,0,0,0,0,0,0,0,0,0,0,0,0,0,0,0,0,0,0,0,0,0,0,0,0,0,0,0,0,0,0,0,0,0,0,0,0,0,0,0,0,0,0,0,0,0,0,0,0,0,0,0,0,0,0,0,0,0,0,0,0,0,0,0,0,0,0,0,0,0,0,0,0,0,0,0,0,-1037,-117,-256,20,16,9,-6,-23,-43,-55,-58,-57,-52,-19,27,57,74,91,83,49,-2,-47,-83,-114,-109,-78,-32,35,104,151,139,106,71,-11,-147,-204,-200,-185,-120,6,129,231,287,290,211,61,-111,-257,-343,-351,-243,-80,97,273,393,410,315,145,-76,-292,-442,-483,-406,-213,48,300,466,525,459,260,-10,-277,-485,-574,-522,-332,-58,235,475,605,574,394,106,-207,-458,-583,-573,-415,-153,142,399,538,538,405,168,-121,-362,-495,-495,-366,-135,126,343,460,454,331,124,-122,-328,-427,-410,-293,-89,134,302,389,360,234,57,-141,-292,-360,-331,-194,-6,171,295,338,0,155,-28,-190,-284,-303,-245,-107,63,206,280,280,197,57,-105,-239,-288,-251,-149,-7,136,245,275,213,96,-45,-179,-263,-264,-178,-42,101,225,302,293,181,24,-137,-266,-321,-293,-193,-30,153,278,327,303,200,47,-134,-272,-326,-288,-199,-49,116,237,289,265,171,34,-104,-213,-268,-240,-154,-27,108,194,231,219,146,23,-95,-180,-220,-204,-137,-34,69,150,190,185,144,65,-35,-114,-171,-184,-148,-83,-8,60,118,157,144,95,43,-3,-40,-72,-97,-93,-78,-53,-20,9,28,42,50,65,69,49,19,5,-18,-42,-73,-90,-89,-81,-62,-23,20,40,56,322,191
62040,mtk,MTK 7916,2150404314,rx0-tx0,512,0,0,0,0,0,0,0,0,0,0,0,0,0,0,0,0,0,0,0,0,0,0,0,0,0,0,0,0,0,0,0,0,0,0,0,0,0,0,0,0,0,0,0,0,0,0,0,0,0,0,0,0,0,0,0,0,0,0,0,0,0,0,0,0,0,0,0,0,0,0,0,0,0,0,0,0,0,0,0,0,0,0,0,0,0,0,0,0,0,0,0,0,0,0,0,0,0,0,0,0,0,0,0,0,0,0,0,0,0,0,0,0,0,0,0,0,0,0,0,0,0,0,0,0,0,0,0,0,0,0,0,0,0,0,0,0,0,0,0,0,0,0,0,0,0,0,0,0,0,0,0,0,0,0,0,0,0,0,0,0,0,0,0,0,0,0,0,0,0,0,0,0,0,0,0,0,0,0,0,0,0,0,0,0,0,0,0,0,0,0,0,0,0,0,0,0,0,0,0,0,0,0,0,0,0,0,0,0,0,0,0,0,0,0,0,0,0,0,0,0,0,0,0,0,0,0,0,0,0,0,0,0,0,0,0,0,0,0,0,0,0,0,0,0,0,0,0,0,0,0,0,0,0,0,0,0,-364,474,283,297,109,-169,-437,-656,-802,-853,-832,-743,-608,-438,-233,-24,186,398,576,737,872,950,1001,1005,952,867,739,561,367,158,-48,-256,-467,-646,-803,-942,-1046,-1112,-1143,-1134,-1079,-978,-850,-696,-503,-320,-133,86,301,512,690,866,1020,1131,1204,1238,1237,1191,1118,1017,858,688,484,269,65,-153,-384,-598,-781,-923,-1034,-1134,-1192,-1210,-1197,-1142,-1047,-924,-776,-635,-468,-290,-106,71,255,422,558,699,815,893,957,997,1003,989,950,869,770,681,567,413,270,127,-22,-183,-315,-445,-560,-643,-695,-746,-782,-784,-776,-744,-686,-619,-556,-489,-402,-316,-225,-130,-49,27,93,165,240,318,-330,446,499,556,612,662,697,712,737,735,704,662,602,515,407,292,163,24,-135,-301,-459,-611,-757,-871,-971,-1052,-1103,-1117,-1094,-1039,-960,-851,-699,-534,-358,-160,51,259,454,639,823,989,1124,1224,1268,1291,1274,1218,1147,1031,877,698,490,272,57,-173,-408,-622,-821,-995,-1144,-1272,-1360,-1401,-1402,-1360,-1282,-1155,-972,-775,-553,-318,-57,209,465,724,940,1130,1299,1402,1441,1464,1450,1357,1187,988,799,546,285,-6,-278,-530,-808,-997,-1186,-1325,-1380,-1410,-1361,-1255,-1121,-933,-706,-466,-194,87,348,602,809,1004,1149,1244,1281,1255,1183,1031,825,566,255,-90,-446,-787,-1057,-1215,-1204,-1063,782,721,0,0,0,0,0,0,0,0,0,0,0,0,0,0,0,0,0,0,0,0,0,0,0,0,0,0,0,0,0,0,0,0,0,0,0,0,0,0,0,0,0,0,0,0,0,0,0,0,0,0,0,0,0,0,0,0,0,0,0,0,0,0,0,0,0,0,0,0,0,0,0,0,0,0,0,0,0,0,0,0,0,0,0,0,0,0,0,0,0,0,0,0,0,0,0,0,0,0,0,0,0,0,0,0,0,0,0,0,0,0,0,0,0,0,0,0,0,0,0,0,0,0,0,0,0,0,0,0,0,0,0,0,0,0,0,0,0,0,0,0,0,0,0,0,0,0,0,0,0,0,0,0,0,0,0,0,0,0,0,0,0,0,0,0,0,0,0,0,0,0,0,0,0,0,0,0,0,0,0,0,0,0,0,0,0,0,0,0,0,0,0,0,0,0,0,0,0,0,0,0,0,0,0,0,0,0,0,0,0,0,0,0,0,0,0,0,0,0,0,0,0,0,0,0,0,0,0,0,0,0,0,0,0,0,0,0,0,0,0,0,0,0,0,0,0,0,0,0,0,0,0,0,0,0,0,0,-49,-677,-788,-499,-651,-708,-639,-483,-267,-17,226,453,632,777,869,915,913,855,750,625,451,256,55,-172,-396,-592,-762,-897,-988,-1053,-1087,-1071,-1010,-884,-750,-600,-407,-206,1,223,429,622,790,934,1048,1110,1168,1195,1172,1096,983,847,701,508,304,85,-151,-357,-556,-756,-918,-1047,-1159,-1224,-1249,-1256,-1198,-1103,-973,-821,-663,-465,-249,-43,160,358,549,712,843,948,1036,1084,1102,1090,1049,976,898,807,671,521,369,202,42,-113,-280,-440,-565,-678,-783,-862,-897,-917,-914,-885,-831,-766,-669,-554,-447,-331,-195,-63,54,168,270,358,431,493,542,576,603,620,625,617,606,578,554,526,-82,449,390,334,260,182,82,-7,-108,-229,-345,-444,-561,-673,-759,-834,-888,-935,-946,-927,-875,-806,-704,-582,-446,-281,-105,91,285,479,656,820,963,1058,1147,1207,1228,1207,1146,1061,940,792,621,414,207,-11,-229,-437,-635,-825,-994,-1125,-1230,-1303,-1344,-1347,-1298,-1215,-1106,-956,-769,-555,-321,-79,164,402,629,848,1040,1201,1327,1413,1447,1439,1377,1262,1104,934,732,459,209,-38,-320,-604,-869,-1047,-1207,-1347,-1448,-1495,-1435,-1363,-1205,-1012,-810,-529,-276,4,289,544,780,986,1139,1260,1328,1309,1245,1132,976,782,549,292,29,-240,-501,-748,-966,-1158,-1276,-1308,-1244,-1067,-777,-376,48,368,-164,-347
62041,mtk,MTK 7916,2150404314,rx0-tx1,512,0,0,0,0,0,0,0,0,0,0,0,0,0,0,0,0,0,0,0,0,0,0,0,0,0,0,0,0,0,0,0,0,0,0,0,0,0,0,0,0,0,0,0,0,0,0,0,0,0,0,0,0,0,0,0,0,0,0,0,0,0,0,0,0,0,0,0,0,0,0,0,0,0,0,0,0,0,0,0,0,0,0,0,0,0,0,0,0,0,0,0,0,0,0,0,0,0,0,0,0,0,0,0,0,0,0,0,0,0,0,0,0,0,0,0,0,0,0,0,0,0,0,0,0,0,0,0,0,0,0,0,0,0,0,0,0,0,0,0,0,0,0,0,0,0,0,0,0,0,0,0,0,0,0,0,0,0,0,0,0,0,0,0,0,0,0,0,0,0,0,0,0,0,0,0,0,0,0,0,0,0,0,0,0,0,0,0,0,0,0,0,0,0,0,0,0,0,0,0,0,0,0,0,0,0,0,0,0,0,0,0,0,0,0,0,0,0,0,0,0,0,0,0,0,0,0,0,0,0,0,0,0,0,0,0,0,0,0,0,0,0,0,0,0,0,0,0,0,0,0,0,0,0,0,0,0,-449,9,22,-328,-186,33,279,501,665,764,792,747,651,528,352,159,-53,-287,-496,-685,-839,-959,-1034,-1051,-1014,-911,-775,-587,-354,-101,167,413,643,841,985,1099,1158,1162,1108,1009,866,693,507,311,119,-80,-282,-425,-573,-693,-766,-829,-864,-852,-836,-796,-720,-638,-553,-453,-337,-238,-141,-19,89,161,237,326,392,451,519,568,618,663,689,705,703,687,668,625,545,465,358,224,95,-54,-214,-369,-518,-642,-743,-826,-881,-911,-904,-882,-842,-776,-675,-570,-459,-336,-192,-52,93,234,374,506,613,731,817,876,919,940,947,913,849,768,646,536,412,259,108,-59,-245,-412,-560,-705,510,-910,-977,-1007,-1012,-990,-932,-857,-769,-655,-510,-362,-209,-51,86,236,370,508,627,724,810,871,922,948,966,932,903,875,799,708,601,469,329,192,19,-169,-369,-566,-740,-910,-1087,-1242,-1349,-1425,-1451,-1431,-1362,-1232,-1089,-868,-595,-294,39,345,676,1003,1261,1502,1693,1815,1877,1854,1765,1586,1359,1080,763,409,21,-372,-716,-1060,-1359,-1583,-1751,-1841,-1847,-1804,-1715,-1485,-1187,-888,-567,-223,141,546,884,1163,1370,1528,1645,1637,1590,1465,1249,974,646,372,83,-243,-595,-829,-1007,-1171,-1229,-1210,-1119,-978,-805,-620,-409,-209,1,226,431,599,760,849,853,839,725,544,356,125,-124,-283,-21,-17,0,0,0,0,0,0,0,0,0,0,0,0,0,0,0,0,0,0,0,0,0,0,0,0,0,0,0,0,0,0,0,0,0,0,0,0,0,0,0,0,0,0,0,0,0,0,0,0,0,0,0,0,0,0,0,0,0,0,0,0,0,0,0,0,0,0,0,0,0,0,0,0,0,0,0,0,0,0,0,0,0,0,0,0,0,0,0,0,0,0,0,0,0,0,0,0,0,0,0,0,0,0,0,0,0,0,0,0,0,0,0,0,0,0,0,0,0,0,0,0,0,0,0,0,0,0,0,0,0,0,0,0,0,0,0,0,0,0,0,0,0,0,0,0,0,0,0,0,0,0,0,0,0,0,0,0,0,0,0,0,0,0,0,0,0,0,0,0,0,0,0,0,0,0,0,0,0,0,0,0,0,0,0,0,0,0,0,0,0,0,0,0,0,0,0,0,0,0,0,0,0,0,0,0,0,0,0,0,0,0,0,0,0,0,0,0,0,0,0,0,0,0,0,0,0,0,0,0,0,0,0,0,0,0,0,0,0,0,0,0,0,0,0,0,0,0,0,0,0,0,0,0,0,0,0,0,26,16,6,389,546,639,637,537,363,152,-84,-308,-502,-674,-798,-875,-911,-894,-813,-693,-531,-325,-102,132,376,598,801,969,1086,1152,1164,1106,1000,833,633,419,175,-70,-302,-525,-707,-851,-957,-1002,-1028,-1022,-959,-875,-775,-640,-491,-356,-205,-47,90,231,344,427,521,608,650,662,688,699,671,636,606,560,504,452,394,315,244,160,69,-20,-135,-234,-344,-458,-560,-655,-750,-816,-859,-881,-866,-818,-747,-645,-520,-382,-239,-97,60,208,344,474,590,692,780,850,890,899,892,859,817,747,662,575,442,306,168,6,-145,-298,-442,-577,-699,-794,-886,-953,-982,-1004,-995,-931,-849,-737,-82,-477,-322,-157,21,197,364,503,622,744,836,901,954,968,963,938,886,812,711,605,494,373,251,123,-27,-182,-312,-467,-610,-722,-832,-934,-1004,-1069,-1120,-1136,-1127,-1066,-979,-877,-740,-550,-333,-86,164,419,680,926,1173,1387,1550,1650,1691,1684,1634,1483,1271,1030,735,396,31,-335,-699,-1030,-1318,-1573,-1751,-1875,-1915,-1862,-1768,-1603,-1345,-1029,-696,-313,62,417,784,1126,1363,1541,1695,1773,1824,1744,1535,1303,1024,721,332,-44,-377,-719,-1011,-1238,-1368,-1442,-1435,-1422,-1253,-1021,-789,-510,-248,-13,238,483,684,827,922,945,933,873,756,675,522,292,87,-150,-372,-540,-669,-715,-656,-544,21,29
62042,mtk,MTK 7916,2150404314,rx1-tx0,512,0,0,0,0,0,0,0,0,0,0,0,0,0,0,0,0,0,0,0,0,0,0,0,0,0,0,0,0,0,0,0,0,0,0,0,0,0,0,0,0,0,0,0,0,0,0,0,0,0,0,0,0,0,0,0,0,0,0,0,0,0,0,0,0,0,0,0,0,0,0,0,0,0,0,0,0,0,0,0,0,0,0,0,0,0,0,0,0,0,0,0,0,0,0,0,0,0,0,0,0,0,0,0,0,0,0,0,0,0,0,0,0,0,0,0,0,0,0,0,0,0,0,0,0,0,0,0,0,0,0,0,0,0,0,0,0,0,0,0,0,0,0,0,0,0,0,0,0,0,0,0,0,0,0,0,0,0,0,0,0,0,0,0,0,0,0,0,0,0,0,0,0,0,0,0,0,0,0,0,0,0,0,0,0,0,0,0,0,0,0,0,0,0,0,0,0,0,0,0,0,0,0,0,0,0,0,0,0,0,0,0,0,0,0,0,0,0,0,0,0,0,0,0,0,0,0,0,0,0,0,0,0,0,0,0,0,0,0,0,0,0,0,0,0,0,0,0,0,0,0,0,0,0,0,0,0,98,1294,1229,424,300,92,-156,-405,-616,-764,-843,-853,-805,-699,-550,-373,-145,105,352,587,791,958,1098,1175,1195,1151,1033,856,620,369,101,-192,-508,-779,-997,-1166,-1275,-1328,-1313,-1249,-1123,-951,-754,-534,-292,-58,160,375,555,706,824,923,974,980,965,928,853,768,687,565,430,327,219,74,-45,-162,-286,-388,-478,-579,-667,-735,-800,-813,-816,-798,-760,-706,-615,-502,-378,-243,-106,36,194,344,460,562,648,705,742,755,736,692,636,542,456,364,261,156,67,-24,-108,-169,-238,-304,-352,-377,-397,-411,-414,-412,-394,-373,-362,-334,-317,-297,-256,-227,-193,-154,-115,-67,-19,35,96,161,-686,258,317,361,406,457,477,488,478,456,425,376,322,264,208,133,51,-40,-117,-188,-262,-324,-384,-440,-479,-513,-530,-540,-528,-516,-495,-458,-419,-350,-265,-180,-108,1,110,225,332,424,536,624,686,739,755,740,731,684,588,472,360,227,84,-58,-206,-347,-448,-539,-646,-704,-723,-734,-737,-696,-642,-568,-444,-321,-207,-103,14,141,247,326,388,482,549,551,565,560,526,499,452,382,301,208,158,108,-13,-60,-132,-213,-236,-294,-308,-338,-366,-426,-456,-470,-460,-443,-417,-372,-295,-205,-82,61,198,357,492,595,681,696,677,632,555,386,191,-31,-295,-537,-671,-699,1044,1195,0,0,0,0,0,0,0,0,0,0,0,0,0,0,0,0,0,0,0,0,0,0,0,0,0,0,0,0,0,0,0,0,0,0,0,0,0,0,0,0,0,0,0,0,0,0,0,0,0,0,0,0,0,0,0,0,0,0,0,0,0,0,0,0,0,0,0,0,0,0,0,0,0,0,0,0,0,0,0,0,0,0,0,0,0,0,0,0,0,0,0,0,0,0,0,0,0,0,0,0,0,0,0,0,0,0,0,0,0,0,0,0,0,0,0,0,0,0,0,0,0,0,0,0,0,0,0,0,0,0,0,0,0,0,0,0,0,0,0,0,0,0,0,0,0,0,0,0,0,0,0,0,0,0,0,0,0,0,0,0,0,0,0,0,0,0,0,0,0,0,0,0,0,0,0,0,0,0,0,0,0,0,0,0,0,0,0,0,0,0,0,0,0,0,0,0,0,0,0,0,0,0,0,0,0,0,0,0,0,0,0,0,0,0,0,0,0,0,0,0,0,0,0,0,0,0,0,0,0,0,0,0,0,0,0,0,0,0,0,0,0,0,0,0,0,0,0,0,0,0,0,0,0,0,0,0,-999,-121,-440,-341,-530,-668,-713,-653,-514,-316,-92,150,389,592,761,900,991,1029,992,911,771,581,353,82,-191,-461,-713,-951,-1141,-1269,-1343,-1346,-1269,-1109,-917,-685,-419,-147,131,400,651,850,1001,1116,1170,1179,1146,1080,960,813,656,491,315,142,-12,-172,-323,-441,-560,-676,-720,-750,-797,-810,-795,-782,-749,-685,-616,-535,-445,-346,-222,-81,56,199,330,459,575,667,748,814,848,854,821,751,667,581,468,335,202,64,-65,-183,-306,-396,-458,-524,-572,-590,-590,-573,-526,-482,-445,-393,-323,-266,-208,-146,-91,-30,22,60,108,151,187,237,261,288,313,336,357,372,383,393,395,386,9,341,289,232,185,127,58,-19,-99,-173,-246,-304,-362,-417,-460,-490,-504,-501,-494,-482,-445,-404,-354,-298,-218,-134,-56,20,92,170,260,340,420,494,544,574,611,635,631,607,573,533,469,365,260,135,-10,-146,-267,-393,-514,-604,-692,-762,-781,-786,-765,-700,-622,-538,-432,-290,-155,-41,110,240,335,442,539,614,652,667,669,648,606,523,458,368,242,141,64,-28,-126,-211,-298,-364,-408,-442,-442,-454,-446,-392,-426,-379,-340,-319,-262,-230,-185,-121,-36,45,132,217,313,422,508,563,612,605,567,512,422,338,219,7,-185,-360,-561,-698,-791,-825,-755,-602,-359,-131,794,509
62043,mtk,MTK 7916,2150404314,rx1-tx1,512,0,0,0,0,0,0,0,0,0,0,0,0,0,0,0,0,0,0,0,0,0,0,0,0,0,0,0,0,0,0,0,0,0,0,0,0,0,0,0,0,0,0,0,0,0,0,0,0,0,0,0,0,0,0,0,0,0,0,0,0,0,0,0,0,0,0,0,0,0,0,0,0,0,0,0,0,0,0,0,0,0,0,0,0,0,0,0,0,0,0,0,0,0,0,0,0,0,0,0,0,0,0,0,0,0,0,0,0,0,0,0,0,0,0,0,0,0,0,0,0,0,0,0,0,0,0,0,0,0,0,0,0,0,0,0,0,0,0,0,0,0,0,0,0,0,0,0,0,0,0,0,0,0,0,0,0,0,0,0,0,0,0,0,0,0,0,0,0,0,0,0,0,0,0,0,0,0,0,0,0,0,0,0,0,0,0,0,0,0,0,0,0,0,0,0,0,0,0,0,0,0,0,0,0,0,0,0,0,0,0,0,0,0,0,0,0,0,0,0,0,0,0,0,0,0,0,0,0,0,0,0,0,0,0,0,0,0,0,0,0,0,0,0,0,0,0,0,0,0,0,0,0,0,0,0,0,-282,539,483,-166,-164,-127,-44,59,160,231,253,208,101,-31,-160,-255,-261,-186,-54,91,214,275,242,132,-37,-202,-300,-287,-177,-9,171,304,336,242,57,-165,-338,-405,-327,-129,118,332,453,418,219,-74,-342,-503,-500,-310,-6,311,534,579,419,91,-269,-545,-644,-524,-210,194,542,695,619,325,-101,-509,-739,-719,-449,-9,426,718,772,560,139,-333,-682,-784,-612,-235,224,607,781,686,335,-145,-560,-758,-697,-401,39,469,719,709,440,31,-389,-666,-709,-489,-94,331,625,682,488,137,-257,-561,-658,-499,-173,201,500,608,487,194,-169,-466,-574,-470,-197,135,417,531,435,175,0,-421,-517,-425,-167,164,428,515,396,119,-202,-451,-527,-395,-101,224,471,542,395,80,-273,-532,-599,-449,-114,280,593,690,544,180,-263,-621,-766,-619,-239,239,654,848,736,354,-166,-638,-883,-817,-454,77,583,893,884,556,33,-511,-880,-958,-698,-170,410,844,986,787,302,-287,-779,-987,-843,-416,140,658,945,883,513,-12,-550,-895,-911,-616,-112,447,817,927,713,202,-373,-766,-922,-813,-407,115,604,896,845,485,-47,-511,-824,-882,-661,-215,292,712,904,790,406,-80,-519,-809,-829,-599,-192,265,635,809,721,407,-10,-413,-690,-785,-672,-370,27,380,617,702,638,428,497,535,0,0,0,0,0,0,0,0,0,0,0,0,0,0,0,0,0,0,0,0,0,0,0,0,0,0,0,0,0,0,0,0,0,0,0,0,0,0,0,0,0,0,0,0,0,0,0,0,0,0,0,0,0,0,0,0,0,0,0,0,0,0,0,0,0,0,0,0,0,0,0,0,0,0,0,0,0,0,0,0,0,0,0,0,0,0,0,0,0,0,0,0,0,0,0,0,0,0,0,0,0,0,0,0,0,0,0,0,0,0,0,0,0,0,0,0,0,0,0,0,0,0,0,0,0,0,0,0,0,0,0,0,0,0,0,0,0,0,0,0,0,0,0,0,0,0,0,0,0,0,0,0,0,0,0,0,0,0,0,0,0,0,0,0,0,0,0,0,0,0,0,0,0,0,0,0,0,0,0,0,0,0,0,0,0,0,0,0,0,0,0,0,0,0,0,0,0,0,0,0,0,0,0,0,0,0,0,0,0,0,0,0,0,0,0,0,0,0,0,0,0,0,0,0,0,0,0,0,0,0,0,0,0,0,0,0,0,0,0,0,0,0,0,0,0,0,0,0,0,0,0,0,0,0,0,0,288,-130,-253,-27,-104,-178,-232,-236,-181,-86,34,158,250,267,206,85,-59,-191,-262,-258,-164,-19,143,255,288,222,70,-115,-254,-319,-283,-134,76,255,354,336,192,-30,-259,-411,-426,-290,-38,248,444,492,378,129,-193,-450,-559,-472,-227,118,434,625,574,326,-34,-397,-642,-660,-438,-43,355,646,729,556,181,-258,-611,-762,-648,-305,149,564,778,716,396,-58,-489,-759,-756,-491,-49,405,720,778,553,133,-323,-661,-758,-598,-224,226,587,726,610,273,-154,-523,-695,-615,-308,105,470,651,610,347,-40,-407,-601,-583,-365,-15,332,546,553,350,17,-307,-506,-510,-327,-16,295,491,0,313,19,-288,-479,-469,-271,29,317,482,454,255,-54,-348,-514,-481,-259,72,391,566,527,282,-95,-438,-630,-590,-327,72,479,719,696,425,-18,-473,-761,-785,-523,-47,449,789,856,612,142,-390,-790,-905,-710,-255,300,754,947,809,378,-195,-703,-970,-898,-519,54,616,949,955,624,74,-499,-871,-946,-708,-210,369,794,947,769,296,-253,-711,-936,-820,-415,98,595,903,854,513,24,-461,-772,-848,-672,-220,356,794,936,759,361,-157,-628,-878,-856,-559,-85,415,759,867,706,318,-155,-578,-815,-786,-508,-93,339,671,799,677,370,-31,-424,-689,-770,-662,-403,-65,244,484,268,141
62044,mtk,MTK 7916,2150404314,rx2-tx0,512,0,0,0,0,0,0,0,0,0,0,0,0,0,0,0,0,0,0,0,0,0,0,0,0,0,0,0,0,0,0,0,0,0,0,0,0,0,0,0,0,0,0,0,0,0,0,0,0,0,0,0,0,0,0,0,0,0,0,0,0,0,0,0,0,0,0,0,0,0,0,0,0,0,0,0,0,0,0,0,0,0,0,0,0,0,0,0,0,0,0,0,0,0,0,0,0,0,0,0,0,0,0,0,0,0,0,0,0,0,0,0,0,0,0,0,0,0,0,0,0,0,0,0,0,0,0,0,0,0,0,0,0,0,0,0,0,0,0,0,0,0,0,0,0,0,0,0,0,0,0,0,0,0,0,0,0,0,0,0,0,0,0,0,0,0,0,0,0,0,0,0,0,0,0,0,0,0,0,0,0,0,0,0,0,0,0,0,0,0,0,0,0,0,0,0,0,0,0,0,0,0,0,0,0,0,0,0,0,0,0,0,0,0,0,0,0,0,0,0,0,0,0,0,0,0,0,0,0,0,0,0,0,0,0,0,0,0,0,0,0,0,0,0,0,0,0,0,0,0,0,0,0,0,0,0,0,794,-518,-374,113,146,164,147,93,17,-73,-152,-192,-183,-120,-24,84,173,208,177,94,-25,-135,-201,-212,-156,-48,73,170,222,201,109,-13,-128,-200,-204,-135,-13,107,191,192,132,27,-103,-193,-210,-160,-50,83,191,242,199,80,-77,-204,-259,-234,-115,44,194,270,267,163,14,-133,-247,-278,-210,-64,91,224,272,218,90,-52,-170,-235,-206,-107,27,147,216,197,112,-16,-121,-192,-194,-119,-7,99,173,177,118,16,-87,-146,-154,-114,-45,45,121,151,113,56,-16,-83,-109,-82,-35,0,28,31,33,18,-17,-9,4,18,39,46,28,-11,-46,-73,-82,-58,2,68,0,121,87,14,-90,-173,-193,-125,-11,96,176,224,191,89,-41,-168,-240,-222,-140,-14,141,251,271,199,46,-115,-228,-267,-212,-86,83,216,261,218,111,-40,-180,-263,-249,-153,11,151,226,224,158,31,-98,-197,-224,-161,-34,89,164,175,120,46,-50,-138,-157,-108,-22,76,146,156,105,4,-91,-148,-173,-131,-24,97,189,224,187,77,-50,-147,-191,-180,-95,28,119,156,167,162,102,-2,-116,-145,-86,-4,54,40,26,13,5,-59,-74,-36,24,46,21,61,85,13,-51,-126,-178,-154,-94,18,128,232,253,191,107,19,-119,-250,-308,-276,-185,-72,45,150,-724,-709,0,0,0,0,0,0,0,0,0,0,0,0,0,0,0,0,0,0,0,0,0,0,0,0,0,0,0,0,0,0,0,0,0,0,0,0,0,0,0,0,0,0,0,0,0,0,0,0,0,0,0,0,0,0,0,0,0,0,0,0,0,0,0,0,0,0,0,0,0,0,0,0,0,0,0,0,0,0,0,0,0,0,0,0,0,0,0,0,0,0,0,0,0,0,0,0,0,0,0,0,0,0,0,0,0,0,0,0,0,0,0,0,0,0,0,0,0,0,0,0,0,0,0,0,0,0,0,0,0,0,0,0,0,0,0,0,0,0,0,0,0,0,0,0,0,0,0,0,0,0,0,0,0,0,0,0,0,0,0,0,0,0,0,0,0,0,0,0,0,0,0,0,0,0,0,0,0,0,0,0,0,0,0,0,0,0,0,0,0,0,0,0,0,0,0,0,0,0,0,0,0,0,0,0,0,0,0,0,0,0,0,0,0,0,0,0,0,0,0,0,0,0,0,0,0,0,0,0,0,0,0,0,0,0,0,0,0,0,0,0,0,0,0,0,0,0,0,0,0,0,0,0,0,0,0,0,572,527,644,-76,-43,28,103,156,183,169,118,32,-68,-149,-185,-182,-117,-7,100,173,207,177,80,-39,-148,-213,-209,-138,-24,101,190,209,162,73,-54,-163,-212,-187,-82,41,144,212,204,100,-32,-157,-234,-217,-117,17,150,246,250,166,20,-128,-251,-277,-201,-62,102,229,272,236,134,-30,-182,-267,-270,-168,1,147,220,228,172,45,-103,-199,-219,-164,-48,79,176,201,157,66,-53,-138,-177,-137,-42,65,145,177,151,69,-34,-121,-155,-146,-91,-4,68,106,116,96,27,-32,-61,-72,-49,-12,17,31,22,-2,-30,-37,-19,21,41,56,49,18,-35,-78,-103,-80,0,49,124,157,134,59,-39,-135,-191,-182,-117,0,132,214,225,173,48,-98,-213,-266,-225,-96,62,200,271,248,142,-15,-154,-242,-247,-160,-14,136,243,261,186,51,-94,-216,-256,-202,-81,61,187,236,198,105,-11,-126,-196,-192,-124,-5,101,157,147,82,-5,-94,-147,-137,-60,29,119,171,150,69,-34,-148,-209,-175,-105,-17,100,186,191,143,33,-84,-163,-159,-97,-31,42,128,161,164,100,2,-64,-67,-57,-22,17,45,62,28,-17,-68,-98,-76,-73,-1,111,151,152,97,10,-96,-172,-213,-179,-74,68,170,218,258,272,200,42,-88,-182,-230,-243,-182,-27,160
62045,mtk,MTK 7916,2150404314,rx2-tx1,512,0,0,0,0,0,0,0,0,0,0,0,0,0,0,0,0,0,0,0,0,0,0,0,0,0,0,0,0,0,0,0,0,0,0,0,0,0,0,0,0,0,0,0,0,0,0,0,0,0,0,0,0,0,0,0,0,0,0,0,0,0,0,0,0,0,0,0,0,0,0,0,0,0,0,0,0,0,0,0,0,0,0,0,0,0,0,0,0,0,0,0,0,0,0,0,0,0,0,0,0,0,0,0,0,0,0,0,0,0,0,0,0,0,0,0,0,0,0,0,0,0,0,0,0,0,0,0,0,0,0,0,0,0,0,0,0,0,0,0,0,0,0,0,0,0,0,0,0,0,0,0,0,0,0,0,0,0,0,0,0,0,0,0,0,0,0,0,0,0,0,0,0,0,0,0,0,0,0,0,0,0,0,0,0,0,0,0,0,0,0,0,0,0,0,0,0,0,0,0,0,0,0,0,0,0,0,0,0,0,0,0,0,0,0,0,0,0,0,0,0,0,0,0,0,0,0,0,0,0,0,0,0,0,0,0,0,0,0,0,0,0,0,0,0,0,0,0,0,0,0,0,0,0,0,0,0,381,594,532,33,19,10,-7,-31,-46,-55,-57,-41,-19,13,44,68,73,57,17,-30,-72,-98,-86,-53,14,77,127,146,117,42,-47,-126,-174,-168,-108,-1,125,219,243,199,95,-59,-211,-297,-279,-173,-13,160,304,357,283,113,-96,-290,-398,-382,-246,-12,229,401,457,359,126,-151,-389,-513,-467,-253,41,332,523,550,397,112,-220,-482,-588,-510,-259,66,380,582,583,392,74,-270,-522,-593,-469,-201,122,412,563,515,289,-24,-308,-488,-517,-365,-80,208,405,471,370,139,-140,-352,-449,-389,-185,76,291,401,372,216,-16,-236,-361,-354,-237,-37,178,327,348,237,54,-143,0,-335,-246,-74,113,258,312,240,84,-100,-245,-298,-243,-101,77,231,290,238,108,-62,-203,-258,-212,-87,67,212,286,238,109,-53,-202,-291,-267,-145,40,205,299,294,196,20,-180,-318,-341,-253,-78,125,272,313,274,147,-38,-215,-312,-298,-183,-14,155,266,268,195,70,-84,-210,-251,-198,-74,64,175,233,213,106,-15,-144,-249,-253,-159,-43,86,180,202,168,77,-42,-124,-172,-195,-162,-46,105,175,153,120,96,26,-68,-126,-125,-118,-73,-25,26,86,113,91,58,50,17,-19,-47,-62,-43,-34,-28,-39,-24,29,67,49,41,57,34,0,-40,-78,-106,-89,504,572,0,0,0,0,0,0,0,0,0,0,0,0,0,0,0,0,0,0,0,0,0,0,0,0,0,0,0,0,0,0,0,0,0,0,0,0,0,0,0,0,0,0,0,0,0,0,0,0,0,0,0,0,0,0,0,0,0,0,0,0,0,0,0,0,0,0,0,0,0,0,0,0,0,0,0,0,0,0,0,0,0,0,0,0,0,0,0,0,0,0,0,0,0,0,0,0,0,0,0,0,0,0,0,0,0,0,0,0,0,0,0,0,0,0,0,0,0,0,0,0,0,0,0,0,0,0,0,0,0,0,0,0,0,0,0,0,0,0,0,0,0,0,0,0,0,0,0,0,0,0,0,0,0,0,0,0,0,0,0,0,0,0,0,0,0,0,0,0,0,0,0,0,0,0,0,0,0,0,0,0,0,0,0,0,0,0,0,0,0,0,0,0,0,0,0,0,0,0,0,0,0,0,0,0,0,0,0,0,0,0,0,0,0,0,0,0,0,0,0,0,0,0,0,0,0,0,0,0,0,0,0,0,0,0,0,0,0,0,0,0,0,0,0,0,0,0,0,0,0,0,0,0,0,0,0,0,-1037,-117,-256,13,30,39,47,42,30,9,-21,-47,-66,-70,-51,-13,29,68,89,94,65,16,-40,-97,-123,-113,-60,20,111,156,158,119,40,-75,-173,-224,-201,-114,5,128,235,264,192,43,-126,-260,-319,-292,-164,35,232,356,365,271,82,-156,-354,-435,-373,-197,64,324,474,477,334,64,-241,-476,-549,-446,-202,113,398,569,554,360,27,-318,-549,-601,-469,-193,157,447,595,537,297,-32,-342,-550,-578,-408,-100,232,463,539,416,176,-125,-381,-501,-442,-239,27,280,432,432,277,32,-218,-394,-430,-305,-75,165,336,398,321,129,-101,-299,-371,-311,-145,61,238,330,305,0,-23,-218,-317,-299,-181,9,197,305,282,171,8,-159,-272,-286,-183,-18,138,240,264,182,27,-135,-245,-263,-186,-37,126,236,259,193,47,-120,-259,-296,-226,-79,103,261,337,283,125,-70,-226,-322,-314,-197,-15,166,297,322,234,78,-111,-246,-305,-262,-121,47,189,266,254,142,-9,-149,-238,-238,-163,-41,99,189,200,172,84,-49,-155,-215,-209,-109,5,101,184,190,130,34,-87,-196,-254,-208,-91,-21,17,43,157,168,97,-6,-60,-93,-103,-98,-67,14,36,31,54,57,56,36,18,-14,-50,-49,-44,-75,-70,-1,33,0,-18,52,59,43,17,8,-41,322,191
62046,mtk,MTK 7916,2150464498,rx0-tx0,512,0,0,0,0,0,0,0,0,0,0,0,0,0,0,0,0,0,0,0,0,0,0,0,0,0,0,0,0,0,0,0,0,0,0,0,0,0,0,0,0,0,0,0,0,0,0,0,0,0,0,0,0,0,0,0,0,0,0,0,0,0,0,0,0,0,0,0,0,0,0,0,0,0,0,0,0,0,0,0,0,0,0,0,0,0,0,0,0,0,0,0,0,0,0,0,0,0,0,0,0,0,0,0,0,0,0,0,0,0,0,0,0,0,0,0,0,0,0,0,0,0,0,0,0,0,0,0,0,0,0,0,0,0,0,0,0,0,0,0,0,0,0,0,0,0,0,0,0,0,0,0,0,0,0,0,0,0,0,0,0,0,0,0,0,0,0,0,0,0,0,0,0,0,0,0,0,0,0,0,0,0,0,0,0,0,0,0,0,0,0,0,0,0,0,0,0,0,0,0,0,0,0,0,0,0,0,0,0,0,0,0,0,0,0,0,0,0,0,0,0,0,0,0,0,0,0,0,0,0,0,0,0,0,0,0,0,0,0,0,0,0,0,0,0,0,0,0,0,0,0,0,0,0,0,0,0,-364,-596,-597,-329,-105,225,536,752,833,764,587,315,16,-279,-555,-759,-893,-937,-873,-739,-529,-259,39,346,619,838,988,1054,1010,887,689,428,123,-188,-482,-742,-950,-1085,-1129,-1080,-956,-757,-501,-215,101,414,705,935,1104,1186,1189,1105,948,693,391,75,-262,-564,-844,-1044,-1168,-1238,-1202,-1083,-880,-599,-283,36,354,641,884,1086,1191,1197,1114,961,758,493,215,-71,-355,-603,-808,-956,-1033,-1047,-977,-882,-726,-522,-281,-7,240,482,688,824,907,969,941,844,698,516,303,70,-159,-365,-559,-698,-778,-806,-794,-733,-628,-481,-317,-148,20,181,333,445,527,596,626,613,585,537,465,364,-330,133,-12,-151,-293,-434,-563,-668,-741,-769,-753,-700,-591,-434,-235,-15,226,468,677,847,958,1027,1011,941,795,587,340,49,-246,-538,-791,-999,-1136,-1190,-1180,-1087,-904,-651,-357,-40,289,600,882,1093,1224,1284,1252,1142,948,689,378,48,-309,-644,-924,-1154,-1297,-1355,-1327,-1196,-985,-708,-360,7,382,732,1020,1247,1392,1429,1355,1200,956,603,219,-158,-541,-894,-1183,-1378,-1451,-1429,-1293,-1048,-732,-350,62,479,840,1149,1349,1441,1413,1271,1012,675,298,-119,-519,-853,-1123,-1292,-1351,-1278,-1097,-835,-494,-110,260,619,918,1124,1248,1240,1107,864,523,105,-337,-745,-1098,-1294,-1277,-1032,-591,-148,-604,-589,0,0,0,0,0,0,0,0,0,0,0,0,0,0,0,0,0,0,0,0,0,0,0,0,0,0,0,0,0,0,0,0,0,0,0,0,0,0,0,0,0,0,0,0,0,0,0,0,0,0,0,0,0,0,0,0,0,0,0,0,0,0,0,0,0,0,0,0,0,0,0,0,0,0,0,0,0,0,0,0,0,0,0,0,0,0,0,0,0,0,0,0,0,0,0,0,0,0,0,0,0,0,0,0,0,0,0,0,0,0,0,0,0,0,0,0,0,0,0,0,0,0,0,0,0,0,0,0,0,0,0,0,0,0,0,0,0,0,0,0,0,0,0,0,0,0,0,0,0,0,0,0,0,0,0,0,0,0,0,0,0,0,0,0,0,0,0,0,0,0,0,0,0,0,0,0,0,0,0,0,0,0,0,0,0,0,0,0,0,0,0,0,0,0,0,0,0,0,0,0,0,0,0,0,0,0,0,0,0,0,0,0,0,0,0,0,0,0,0,0,0,0,0,0,0,0,0,0,0,0,0,0,0,0,0,0,0,0,0,0,0,0,0,0,0,0,0,0,0,0,0,0,0,0,0,0,-49,161,174,474,642,685,549,294,-36,-353,-623,-801,-868,-844,-713,-506,-248,56,347,600,814,944,989,943,807,593,326,8,-299,-582,-827,-1004,-1092,-1080,-985,-816,-585,-306,11,324,608,855,1022,1128,1152,1083,932,719,454,144,-178,-491,-783,-1011,-1147,-1220,-1191,-1097,-922,-654,-360,-22,318,621,887,1088,1198,1222,1162,1006,812,558,248,-73,-385,-647,-874,-1036,-1122,-1131,-1062,-924,-734,-488,-219,63,306,523,731,882,985,1007,962,876,705,496,286,47,-205,-435,-620,-767,-866,-898,-871,-790,-667,-485,-285,-75,112,296,465,593,668,703,695,660,585,479,372,248,96,-45,-171,-283,-399,-501,-82,-618,-637,-629,-591,-526,-424,-293,-130,47,227,418,599,746,847,897,906,845,706,518,297,41,-222,-481,-733,-919,-1057,-1120,-1107,-1021,-859,-633,-351,-52,266,570,849,1059,1186,1244,1217,1117,929,666,356,27,-302,-614,-902,-1120,-1261,-1322,-1299,-1168,-977,-712,-376,-34,330,665,953,1193,1353,1402,1354,1200,971,674,321,-74,-449,-782,-1088,-1310,-1415,-1428,-1348,-1161,-870,-506,-106,299,693,1021,1270,1423,1472,1390,1194,899,539,144,-266,-661,-996,-1235,-1379,-1405,-1290,-1075,-778,-412,-15,379,719,1001,1202,1276,1245,1107,855,547,181,-212,-592,-916,-1153,-1273,-1244,-1064,-737,-265,251,721,1034,1114,138,143
62047,mtk,MTK 7916,2150464498,rx0-tx1,512,0,0,0,0,0,0,0,0,0,0,0,0,0,0,0,0,0,0,0,0,0,0,0,0,0,0,0,0,0,0,0,0,0,0,0,0,0,0,0,0,0,0,0,0,0,0,0,0,0,0,0,0,0,0,0,0,0,0,0,0,0,0,0,0,0,0,0,0,0,0,0,0,0,0,0,0,0,0,0,0,0,0,0,0,0,0,0,0,0,0,0,0,0,0,0,0,0,0,0,0,0,0,0,0,0,0,0,0,0,0,0,0,0,0,0,0,0,0,0,0,0,0,0,0,0,0,0,0,0,0,0,0,0,0,0,0,0,0,0,0,0,0,0,0,0,0,0,0,0,0,0,0,0,0,0,0,0,0,0,0,0,0,0,0,0,0,0,0,0,0,0,0,0,0,0,0,0,0,0,0,0,0,0,0,0,0,0,0,0,0,0,0,0,0,0,0,0,0,0,0,0,0,0,0,0,0,0,0,0,0,0,0,0,0,0,0,0,0,0,0,0,0,0,0,0,0,0,0,0,0,0,0,0,0,0,0,0,0,0,0,0,0,0,0,0,0,0,0,0,0,0,0,0,0,0,0,-449,-358,-381,366,190,-90,-386,-622,-755,-755,-636,-430,-162,136,418,647,823,927,922,820,608,331,5,-332,-634,-895,-1069,-1142,-1089,-927,-671,-343,22,378,687,935,1094,1156,1108,953,722,446,146,-166,-462,-686,-835,-932,-968,-920,-798,-632,-423,-207,9,210,390,543,661,735,742,695,628,532,400,268,117,-31,-190,-331,-440,-554,-629,-671,-702,-683,-632,-535,-380,-204,-10,209,420,620,767,853,903,871,798,658,461,225,-14,-266,-482,-660,-799,-888,-931,-882,-801,-666,-485,-278,-48,182,398,590,763,889,944,948,885,750,581,371,122,-111,-356,-593,-778,-902,-1003,-1030,-951,-830,-652,-420,510,115,386,620,815,952,1023,1025,943,813,621,417,183,-79,-304,-541,-727,-853,-932,-955,-928,-841,-709,-546,-332,-106,128,366,580,769,924,1035,1077,1075,987,829,624,355,31,-292,-614,-942,-1198,-1378,-1464,-1447,-1321,-1096,-744,-335,110,566,1014,1400,1668,1798,1773,1610,1330,915,409,-136,-684,-1156,-1548,-1809,-1936,-1903,-1680,-1326,-860,-325,239,792,1254,1605,1838,1878,1778,1534,1126,650,112,-440,-937,-1332,-1604,-1744,-1707,-1512,-1179,-742,-245,277,747,1127,1387,1488,1443,1268,966,587,167,-261,-618,-901,-1078,-1120,-1077,-914,-667,-376,-58,245,514,722,847,872,781,610,355,32,-265,-506,-641,-626,-233,-278,0,0,0,0,0,0,0,0,0,0,0,0,0,0,0,0,0,0,0,0,0,0,0,0,0,0,0,0,0,0,0,0,0,0,0,0,0,0,0,0,0,0,0,0,0,0,0,0,0,0,0,0,0,0,0,0,0,0,0,0,0,0,0,0,0,0,0,0,0,0,0,0,0,0,0,0,0,0,0,0,0,0,0,0,0,0,0,0,0,0,0,0,0,0,0,0,0,0,0,0,0,0,0,0,0,0,0,0,0,0,0,0,0,0,0,0,0,0,0,0,0,0,0,0,0,0,0,0,0,0,0,0,0,0,0,0,0,0,0,0,0,0,0,0,0,0,0,0,0,0,0,0,0,0,0,0,0,0,0,0,0,0,0,0,0,0,0,0,0,0,0,0,0,0,0,0,0,0,0,0,0,0,0,0,0,0,0,0,0,0,0,0,0,0,0,0,0,0,0,0,0,0,0,0,0,0,0,0,0,0,0,0,0,0,0,0,0,0,0,0,0,0,0,0,0,0,0,0,0,0,0,0,0,0,0,0,0,0,0,0,0,0,0,0,0,0,0,0,0,0,0,0,0,0,0,0,26,-1037,-1029,-361,-546,-631,-568,-380,-101,210,482,690,812,833,754,590,360,65,-245,-542,-791,-956,-1041,-997,-868,-642,-346,10,378,704,961,1116,1163,1098,938,691,379,39,-304,-613,-834,-993,-1063,-1064,-955,-765,-532,-284,-19,237,467,648,771,828,837,792,699,557,393,208,14,-147,-299,-438,-551,-614,-655,-667,-646,-575,-488,-382,-233,-97,73,236,388,543,674,759,805,805,746,623,443,234,-2,-234,-459,-658,-805,-892,-921,-899,-795,-647,-445,-241,3,239,444,644,779,877,931,912,841,706,529,310,78,-151,-381,-582,-753,-898,-972,-968,-924,-809,-626,-428,-183,112,384,609,806,947,-82,1044,964,832,645,416,165,-111,-364,-592,-778,-898,-982,-981,-928,-821,-650,-452,-232,0,233,448,634,802,923,976,984,929,826,667,476,239,-13,-276,-565,-804,-1005,-1178,-1250,-1239,-1173,-1000,-723,-387,-9,390,769,1139,1428,1595,1660,1588,1391,1059,637,147,-367,-854,-1299,-1658,-1858,-1908,-1786,-1524,-1139,-650,-120,455,989,1426,1742,1901,1910,1751,1429,1015,502,-48,-567,-1071,-1470,-1724,-1830,-1754,-1530,-1176,-738,-223,323,817,1216,1503,1635,1610,1416,1092,673,202,-259,-679,-1016,-1227,-1321,-1264,-1078,-809,-458,-98,246,557,783,925,964,904,758,535,267,-41,-329,-567,-752,-803,-721,-529,-240,30,-1054,-1048
62048,mtk,MTK 7916,2150464498,rx1-tx0,512,0,0,0,0,0,0,0,0,0,0,0,0,0,0,0,0,0,0,0,0,0,0,0,0,0,0,0,0,0,0,0,0,0,0,0,0,0,0,0,0,0,0,0,0,0,0,0,0,0,0,0,0,0,0,0,0,0,0,0,0,0,0,0,0,0,0,0,0,0,0,0,0,0,0,0,0,0,0,0,0,0,0,0,0,0,0,0,0,0,0,0,0,0,0,0,0,0,0,0,0,0,0,0,0,0,0,0,0,0,0,0,0,0,0,0,0,0,0,0,0,0,0,0,0,0,0,0,0,0,0,0,0,0,0,0,0,0,0,0,0,0,0,0,0,0,0,0,0,0,0,0,0,0,0,0,0,0,0,0,0,0,0,0,0,0,0,0,0,0,0,0,0,0,0,0,0,0,0,0,0,0,0,0,0,0,0,0,0,0,0,0,0,0,0,0,0,0,0,0,0,0,0,0,0,0,0,0,0,0,0,0,0,0,0,0,0,0,0,0,0,0,0,0,0,0,0,0,0,0,0,0,0,0,0,0,0,0,0,0,0,0,0,0,0,0,0,0,0,0,0,0,0,0,0,0,0,98,520,527,-430,-300,-33,283,565,756,827,773,599,342,45,-269,-563,-810,-980,-1040,-991,-852,-606,-259,119,497,838,1093,1268,1286,1169,948,626,235,-180,-579,-919,-1163,-1291,-1298,-1186,-964,-662,-320,25,376,657,889,1037,1091,1044,945,800,581,320,72,-186,-403,-583,-726,-808,-846,-823,-761,-647,-489,-324,-133,55,236,409,572,711,786,811,801,718,589,429,215,-6,-231,-434,-619,-758,-827,-831,-771,-651,-508,-326,-124,95,295,448,565,626,658,633,566,473,357,225,78,-56,-169,-273,-344,-399,-433,-423,-407,-371,-320,-254,-183,-116,-27,42,111,193,261,315,332,372,395,383,349,289,-686,129,21,-97,-201,-307,-401,-452,-480,-469,-448,-387,-295,-204,-88,38,165,277,372,454,501,519,500,457,378,295,183,51,-77,-209,-321,-434,-512,-562,-596,-579,-524,-442,-321,-171,-4,184,360,525,647,721,746,727,652,492,315,116,-99,-304,-495,-649,-752,-789,-760,-687,-559,-380,-175,22,221,397,540,639,699,686,641,558,417,244,60,-101,-267,-388,-479,-547,-571,-537,-476,-380,-268,-149,-23,105,214,306,364,399,425,424,388,345,294,209,96,-14,-134,-252,-361,-454,-519,-553,-524,-454,-333,-167,35,233,423,588,689,700,645,506,284,-1,-310,-568,-746,-778,-652,-439,498,501,0,0,0,0,0,0,0,0,0,0,0,0,0,0,0,0,0,0,0,0,0,0,0,0,0,0,0,0,0,0,0,0,0,0,0,0,0,0,0,0,0,0,0,0,0,0,0,0,0,0,0,0,0,0,0,0,0,0,0,0,0,0,0,0,0,0,0,0,0,0,0,0,0,0,0,0,0,0,0,0,0,0,0,0,0,0,0,0,0,0,0,0,0,0,0,0,0,0,0,0,0,0,0,0,0,0,0,0,0,0,0,0,0,0,0,0,0,0,0,0,0,0,0,0,0,0,0,0,0,0,0,0,0,0,0,0,0,0,0,0,0,0,0,0,0,0,0,0,0,0,0,0,0,0,0,0,0,0,0,0,0,0,0,0,0,0,0,0,0,0,0,0,0,0,0,0,0,0,0,0,0,0,0,0,0,0,0,0,0,0,0,0,0,0,0,0,0,0,0,0,0,0,0,0,0,0,0,0,0,0,0,0,0,0,0,0,0,0,0,0,0,0,0,0,0,0,0,0,0,0,0,0,0,0,0,0,0,0,0,0,0,0,0,0,0,0,0,0,0,0,0,0,0,0,0,0,-999,410,377,284,519,674,673,526,265,-48,-367,-648,-830,-913,-888,-763,-556,-268,57,384,688,956,1125,1170,1094,898,610,234,-187,-572,-913,-1175,-1323,-1324,-1203,-967,-643,-257,138,532,836,1064,1177,1213,1144,968,722,435,122,-169,-406,-630,-817,-910,-944,-913,-805,-668,-485,-289,-80,116,305,489,625,734,795,791,751,670,566,403,205,8,-204,-406,-574,-721,-807,-836,-802,-723,-581,-384,-163,67,286,468,609,703,755,757,685,572,410,249,89,-82,-228,-359,-457,-519,-537,-519,-477,-412,-317,-223,-121,-16,69,158,233,292,329,357,363,354,354,332,271,192,131,68,-31,-127,-218,-301,9,-413,-442,-439,-406,-359,-271,-166,-47,61,174,291,375,437,487,495,481,429,355,247,122,-5,-124,-247,-345,-426,-505,-538,-541,-504,-446,-363,-244,-119,25,180,323,448,556,624,662,662,601,498,343,156,-41,-237,-443,-604,-709,-774,-780,-729,-612,-459,-266,-41,163,364,528,656,725,739,708,619,478,315,117,-82,-242,-402,-526,-612,-629,-615,-562,-459,-346,-198,-34,117,250,359,430,468,477,461,414,340,238,140,43,-67,-157,-231,-300,-371,-414,-437,-445,-408,-342,-236,-111,56,221,373,508,609,641,605,519,366,149,-94,-340,-560,-720,-791,-738,-572,-297,50,362,568,466,440
62049,mtk,MTK 7916,2150464498,rx1-tx1,512,0,0,0,0,0,0,0,0,0,0,0,0,0,0,0,0,0,0,0,0,0,0,0,0,0,0,0,0,0,0,0,0,0,0,0,0,0,0,0,0,0,0,0,0,0,0,0,0,0,0,0,0,0,0,0,0,0,0,0,0,0,0,0,0,0,0,0,0,0,0,0,0,0,0,0,0,0,0,0,0,0,0,0,0,0,0,0,0,0,0,0,0,0,0,0,0,0,0,0,0,0,0,0,0,0,0,0,0,0,0,0,0,0,0,0,0,0,0,0,0,0,0,0,0,0,0,0,0,0,0,0,0,0,0,0,0,0,0,0,0,0,0,0,0,0,0,0,0,0,0,0,0,0,0,0,0,0,0,0,0,0,0,0,0,0,0,0,0,0,0,0,0,0,0,0,0,0,0,0,0,0,0,0,0,0,0,0,0,0,0,0,0,0,0,0,0,0,0,0,0,0,0,0,0,0,0,0,0,0,0,0,0,0,0,0,0,0,0,0,0,0,0,0,0,0,0,0,0,0,0,0,0,0,0,0,0,0,0,0,0,0,0,0,0,0,0,0,0,0,0,0,0,0,0,0,0,-282,-516,-554,162,166,144,92,13,-78,-169,-233,-262,-245,-177,-78,40,161,249,267,237,158,41,-97,-211,-280,-275,-199,-76,74,227,321,338,272,129,-65,-249,-371,-401,-335,-186,17,236,416,473,411,254,34,-217,-430,-541,-512,-356,-92,202,437,581,595,443,158,-170,-466,-656,-686,-546,-260,101,440,675,749,626,336,-35,-402,-664,-769,-692,-433,-45,338,630,760,710,480,113,-277,-589,-756,-726,-516,-178,212,554,734,727,539,203,-172,-495,-682,-698,-525,-214,153,467,652,657,506,227,-125,-434,-606,-626,-479,-211,105,390,570,579,424,169,-118,-370,-512,-510,-367,-115,156,377,0,471,313,74,-198,-418,-516,-457,-266,3,276,467,525,432,215,-70,-336,-517,-561,-440,-176,153,443,617,633,475,184,-181,-514,-704,-715,-548,-217,191,549,776,807,623,270,-162,-572,-839,-890,-708,-325,142,565,859,947,783,414,-67,-532,-867,-986,-858,-515,-36,458,835,1006,916,590,129,-360,-764,-975,-925,-638,-192,297,702,929,925,684,264,-214,-620,-882,-927,-730,-347,113,546,847,928,784,455,13,-431,-765,-914,-846,-575,-173,274,664,888,890,699,361,-65,-471,-761,-873,-779,-519,-165,216,551,766,808,671,390,40,-310,-589,-751,-777,-660,-427,-121,181,419,564,642,-409,-445,0,0,0,0,0,0,0,0,0,0,0,0,0,0,0,0,0,0,0,0,0,0,0,0,0,0,0,0,0,0,0,0,0,0,0,0,0,0,0,0,0,0,0,0,0,0,0,0,0,0,0,0,0,0,0,0,0,0,0,0,0,0,0,0,0,0,0,0,0,0,0,0,0,0,0,0,0,0,0,0,0,0,0,0,0,0,0,0,0,0,0,0,0,0,0,0,0,0,0,0,0,0,0,0,0,0,0,0,0,0,0,0,0,0,0,0,0,0,0,0,0,0,0,0,0,0,0,0,0,0,0,0,0,0,0,0,0,0,0,0,0,0,0,0,0,0,0,0,0,0,0,0,0,0,0,0,0,0,0,0,0,0,0,0,0,0,0,0,0,0,0,0,0,0,0,0,0,0,0,0,0,0,0,0,0,0,0,0,0,0,0,0,0,0,0,0,0,0,0,0,0,0,0,0,0,0,0,0,0,0,0,0,0,0,0,0,0,0,0,0,0,0,0,0,0,0,0,0,0,0,0,0,0,0,0,0,0,0,0,0,0,0,0,0,0,0,0,0,0,0,0,0,0,0,0,0,288,-766,-754,31,95,160,214,238,230,187,106,9,-94,-191,-251,-256,-207,-114,-5,124,228,279,269,183,42,-102,-221,-293,-291,-232,-105,72,231,331,361,308,155,-40,-241,-397,-458,-392,-218,9,242,424,509,471,308,49,-223,-455,-586,-563,-387,-118,189,458,624,639,490,205,-135,-445,-663,-720,-586,-301,66,424,678,756,654,383,14,-376,-664,-797,-727,-471,-90,308,624,773,724,499,147,-241,-561,-734,-723,-535,-195,196,527,721,725,529,206,-163,-487,-680,-684,-521,-240,120,451,642,661,508,215,-121,-404,-582,-608,-465,-201,113,373,527,535,398,142,-145,-381,-508,-500,-348,0,171,389,499,463,288,37,-227,-425,-510,-437,-233,37,308,490,538,427,193,-113,-392,-574,-590,-444,-174,157,463,660,684,509,185,-191,-533,-752,-772,-574,-224,188,573,826,869,683,306,-149,-576,-863,-930,-756,-377,102,543,853,963,815,461,-21,-501,-863,-1001,-892,-551,-67,433,811,983,913,610,158,-332,-745,-964,-929,-666,-247,233,665,916,919,701,313,-153,-588,-873,-928,-746,-394,57,498,812,934,814,499,73,-367,-720,-901,-873,-645,-264,178,569,832,906,766,460,64,-341,-665,-834,-811,-608,-279,89,434,686,795,731,519,212,-129,-447,-663,-761,-735,-595,-387,-133,-826,-801
62050,mtk,MTK 7916,2150464498,rx2-tx0,512,0,0,0,0,0,0,0,0,0,0,0,0,0,0,0,0,0,0,0,0,0,0,0,0,0,0,0,0,0,0,0,0,0,0,0,0,0,0,0,0,0,0,0,0,0,0,0,0,0,0,0,0,0,0,0,0,0,0,0,0,0,0,0,0,0,0,0,0,0,0,0,0,0,0,0,0,0,0,0,0,0,0,0,0,0,0,0,0,0,0,0,0,0,0,0,0,0,0,0,0,0,0,0,0,0,0,0,0,0,0,0,0,0,0,0,0,0,0,0,0,0,0,0,0,0,0,0,0,0,0,0,0,0,0,0,0,0,0,0,0,0,0,0,0,0,0,0,0,0,0,0,0,0,0,0,0,0,0,0,0,0,0,0,0,0,0,0,0,0,0,0,0,0,0,0,0,0,0,0,0,0,0,0,0,0,0,0,0,0,0,0,0,0,0,0,0,0,0,0,0,0,0,0,0,0,0,0,0,0,0,0,0,0,0,0,0,0,0,0,0,0,0,0,0,0,0,0,0,0,0,0,0,0,0,0,0,0,0,0,0,0,0,0,0,0,0,0,0,0,0,0,0,0,0,0,0,794,-1247,-1242,-110,-142,-163,-163,-138,-81,-16,58,127,181,195,177,129,42,-57,-130,-183,-200,-177,-108,-15,80,156,195,192,150,69,-42,-136,-192,-212,-172,-87,22,116,174,194,173,93,-9,-114,-198,-238,-197,-105,2,106,206,252,223,141,26,-121,-232,-276,-247,-171,-42,86,201,266,272,213,101,-52,-179,-255,-260,-208,-101,25,143,206,232,199,119,-7,-114,-181,-201,-166,-86,6,108,176,178,149,97,-2,-98,-162,-176,-152,-91,-23,64,130,146,117,80,22,-41,-84,-106,-84,-41,-5,26,56,52,18,-7,-29,-43,-29,-9,19,52,71,59,37,-13,-69,-113,-131,0,-22,52,121,166,166,137,63,-36,-132,-202,-231,-194,-116,-5,115,208,247,239,167,49,-83,-180,-244,-252,-200,-85,65,199,265,266,214,117,-13,-155,-251,-283,-230,-125,5,130,221,249,220,128,16,-100,-180,-224,-193,-113,-17,80,157,180,162,84,-10,-84,-141,-168,-142,-63,29,110,154,159,118,48,-30,-110,-175,-190,-164,-86,17,101,153,182,164,103,23,-58,-119,-153,-154,-98,-23,28,79,115,112,77,33,-16,-58,-61,-30,-4,29,62,78,54,12,-31,-92,-134,-154,-138,-99,-33,54,147,212,238,219,153,59,-59,-161,-234,-265,-272,-233,-167,-86,-1201,-1206,0,0,0,0,0,0,0,0,0,0,0,0,0,0,0,0,0,0,0,0,0,0,0,0,0,0,0,0,0,0,0,0,0,0,0,0,0,0,0,0,0,0,0,0,0,0,0,0,0,0,0,0,0,0,0,0,0,0,0,0,0,0,0,0,0,0,0,0,0,0,0,0,0,0,0,0,0,0,0,0,0,0,0,0,0,0,0,0,0,0,0,0,0,0,0,0,0,0,0,0,0,0,0,0,0,0,0,0,0,0,0,0,0,0,0,0,0,0,0,0,0,0,0,0,0,0,0,0,0,0,0,0,0,0,0,0,0,0,0,0,0,0,0,0,0,0,0,0,0,0,0,0,0,0,0,0,0,0,0,0,0,0,0,0,0,0,0,0,0,0,0,0,0,0,0,0,0,0,0,0,0,0,0,0,0,0,0,0,0,0,0,0,0,0,0,0,0,0,0,0,0,0,0,0,0,0,0,0,0,0,0,0,0,0,0,0,0,0,0,0,0,0,0,0,0,0,0,0,0,0,0,0,0,0,0,0,0,0,0,0,0,0,0,0,0,0,0,0,0,0,0,0,0,0,0,0,572,-254,-216,78,44,-2,-55,-106,-149,-179,-170,-127,-67,2,88,159,194,192,144,66,-24,-120,-196,-225,-200,-127,-27,58,142,206,213,169,91,-17,-123,-195,-217,-179,-87,13,122,199,213,173,86,-23,-116,-196,-236,-202,-115,5,141,227,253,222,147,29,-101,-231,-285,-270,-187,-65,79,193,257,256,198,86,-42,-174,-240,-240,-189,-100,13,112,195,216,178,92,-16,-121,-186,-203,-161,-71,24,95,156,180,146,74,-6,-99,-161,-161,-131,-82,-1,67,112,126,109,68,20,-33,-73,-79,-58,-25,4,23,31,13,-7,-26,-47,-52,-20,30,70,79,83,82,49,-17,0,-135,-149,-125,-59,38,115,170,186,160,87,-24,-134,-210,-249,-222,-136,-12,106,213,277,266,181,71,-58,-182,-267,-262,-206,-101,37,169,240,251,209,104,-37,-157,-241,-259,-210,-113,5,125,211,240,208,135,29,-80,-166,-197,-178,-118,-15,80,148,175,150,80,-14,-97,-148,-157,-118,-48,22,103,160,169,138,65,-24,-109,-174,-196,-167,-109,-21,62,136,172,161,109,43,-37,-104,-128,-108,-74,-23,24,63,76,70,36,-3,-43,-51,-40,-18,17,58,102,119,103,57,-17,-91,-151,-181,-183,-156,-85,12,107,198,238,247,221,162,69,-31,-122,-176,-206,-385,-343
62051,mtk,MTK 7916,2150464498,rx2-tx1,512,0,0,0,0,0,0,0,0,0,0,0,0,0,0,0,0,0,0,0,0,0,0,0,0,0,0,0,0,0,0,0,0,0,0,0,0,0,0,0,0,0,0,0,0,0,0,0,0,0,0,0,0,0,0,0,0,0,0,0,0,0,0,0,0,0,0,0,0,0,0,0,0,0,0,0,0,0,0,0,0,0,0,0,0,0,0,0,0,0,0,0,0,0,0,0,0,0,0,0,0,0,0,0,0,0,0,0,0,0,0,0,0,0,0,0,0,0,0,0,0,0,0,0,0,0,0,0,0,0,0,0,0,0,0,0,0,0,0,0,0,0,0,0,0,0,0,0,0,0,0,0,0,0,0,0,0,0,0,0,0,0,0,0,0,0,0,0,0,0,0,0,0,0,0,0,0,0,0,0,0,0,0,0,0,0,0,0,0,0,0,0,0,0,0,0,0,0,0,0,0,0,0,0,0,0,0,0,0,0,0,0,0,0,0,0,0,0,0,0,0,0,0,0,0,0,0,0,0,0,0,0,0,0,0,0,0,0,0,0,0,0,0,0,0,0,0,0,0,0,0,0,0,0,0,0,0,381,-435,-433,-21,-26,-12,4,18,34,58,74,72,57,35,5,-27,-54,-82,-102,-95,-64,-19,37,87,119,130,117,62,-12,-90,-142,-171,-171,-132,-57,34,137,215,240,210,128,19,-104,-219,-289,-297,-231,-105,54,193,310,367,341,231,60,-145,-321,-429,-437,-357,-179,65,284,433,511,466,295,63,-200,-417,-542,-558,-444,-217,76,354,537,607,537,325,30,-258,-476,-591,-571,-422,-163,128,362,528,582,488,273,-1,-271,-464,-532,-472,-300,-65,174,365,467,440,321,114,-121,-316,-425,-434,-330,-156,61,264,389,398,315,157,-46,-227,-341,-362,-292,-159,9,181,296,328,0,153,-3,-156,-272,-309,-261,-141,3,160,260,279,236,142,-7,-147,-241,-268,-219,-118,20,158,229,244,206,105,-38,-166,-257,-277,-215,-100,46,189,278,297,249,137,-13,-165,-287,-344,-303,-182,-23,139,263,329,318,220,63,-93,-223,-305,-309,-247,-126,25,156,248,279,245,144,5,-125,-211,-242,-218,-151,-36,91,177,230,232,163,55,-60,-146,-195,-212,-176,-105,-11,82,152,190,185,143,64,-15,-88,-139,-168,-156,-114,-50,11,58,87,102,96,81,57,34,13,-19,-55,-68,-69,-64,-48,-29,-14,-2,17,39,61,71,79,71,57,33,6,-30,-48,-49,-447,-450,0,0,0,0,0,0,0,0,0,0,0,0,0,0,0,0,0,0,0,0,0,0,0,0,0,0,0,0,0,0,0,0,0,0,0,0,0,0,0,0,0,0,0,0,0,0,0,0,0,0,0,0,0,0,0,0,0,0,0,0,0,0,0,0,0,0,0,0,0,0,0,0,0,0,0,0,0,0,0,0,0,0,0,0,0,0,0,0,0,0,0,0,0,0,0,0,0,0,0,0,0,0,0,0,0,0,0,0,0,0,0,0,0,0,0,0,0,0,0,0,0,0,0,0,0,0,0,0,0,0,0,0,0,0,0,0,0,0,0,0,0,0,0,0,0,0,0,0,0,0,0,0,0,0,0,0,0,0,0,0,0,0,0,0,0,0,0,0,0,0,0,0,0,0,0,0,0,0,0,0,0,0,0,0,0,0,0,0,0,0,0,0,0,0,0,0,0,0,0,0,0,0,0,0,0,0,0,0,0,0,0,0,0,0,0,0,0,0,0,0,0,0,0,0,0,0,0,0,0,0,0,0,0,0,0,0,0,0,0,0,0,0,0,0,0,0,0,0,0,0,0,0,0,0,0,0,-1037,-221,-205,-26,-33,-45,-51,-48,-46,-35,-9,17,34,57,73,76,63,31,-11,-44,-76,-100,-98,-68,-30,14,72,126,149,135,88,23,-53,-136,-191,-200,-173,-107,8,119,217,281,280,207,72,-82,-220,-312,-345,-294,-170,-2,173,317,407,396,291,111,-109,-297,-438,-485,-391,-198,19,251,437,526,492,353,126,-133,-381,-551,-588,-481,-254,24,295,504,601,559,378,110,-179,-426,-568,-569,-443,-219,54,319,496,553,490,297,26,-234,-421,-502,-456,-323,-124,123,339,452,444,329,129,-98,-290,-405,-421,-319,-145,57,244,360,382,313,172,-10,-182,-305,-342,-292,-162,6,0,293,321,265,147,-16,-159,-259,-294,-241,-122,27,159,243,264,219,119,-7,-148,-244,-270,-225,-111,36,160,246,265,219,103,-45,-166,-252,-279,-229,-109,47,182,282,318,269,147,-2,-155,-280,-334,-311,-211,-55,108,231,302,299,215,87,-55,-185,-264,-269,-220,-129,2,132,218,259,244,149,13,-110,-198,-233,-207,-133,-35,74,171,226,212,153,76,-26,-120,-172,-192,-184,-122,-38,48,128,170,172,144,90,31,-38,-96,-126,-126,-105,-79,-49,-4,45,62,73,88,79,55,31,14,-3,-30,-52,-61,-70,-80,-66,-43,-18,3,39,65,85,96,95,73,49,-271,-258
62052,mtk,MTK 7916,2150686471,rx0-tx0,512,0,0,0,0,0,0,0,0,0,0,0,0,0,0,0,0,0,0,0,0,0,0,0,0,0,0,0,0,0,0,0,0,0,0,0,0,0,0,0,0,0,0,0,0,0,0,0,0,0,0,0,0,0,0,0,0,0,0,0,0,0,0,0,0,0,0,0,0,0,0,0,0,0,0,0,0,0,0,0,0,0,0,0,0,0,0,0,0,0,0,0,0,0,0,0,0,0,0,0,0,0,0,0,0,0,0,0,0,0,0,0,0,0,0,0,0,0,0,0,0,0,0,0,0,0,0,0,0,0,0,0,0,0,0,0,0,0,0,0,0,0,0,0,0,0,0,0,0,0,0,0,0,0,0,0,0,0,0,0,0,0,0,0,0,0,0,0,0,0,0,0,0,0,0,0,0,0,0,0,0,0,0,0,0,0,0,0,0,0,0,0,0,0,0,0,0,0,0,0,0,0,0,0,0,0,0,0,0,0,0,0,0,0,0,0,0,0,0,0,0,0,0,0,0,0,0,0,0,0,0,0,0,0,0,0,0,0,0,0,0,0,0,0,0,0,0,0,0,0,0,0,0,0,0,0,0,-364,-596,-597,-426,-276,9,331,594,760,792,699,514,271,-7,-288,-524,-707,-841,-883,-834,-692,-497,-254,20,293,559,767,905,961,946,855,683,465,197,-98,-372,-593,-794,-926,-1011,-1010,-933,-770,-573,-327,-39,234,494,748,929,1048,1099,1071,951,771,542,245,-45,-346,-622,-857,-1027,-1120,-1129,-1075,-930,-721,-460,-164,135,408,645,860,986,1059,1042,964,836,637,425,186,-72,-321,-519,-700,-849,-924,-937,-898,-798,-658,-479,-267,-41,192,400,592,741,850,891,871,799,673,512,331,113,-109,-286,-442,-586,-683,-733,-741,-703,-624,-518,-403,-255,-101,55,199,330,437,531,611,646,669,654,-330,533,424,288,129,-58,-253,-437,-609,-758,-868,-918,-921,-864,-739,-545,-316,-48,222,480,745,955,1091,1179,1172,1086,924,688,390,55,-277,-603,-876,-1101,-1261,-1330,-1314,-1194,-982,-709,-404,-62,305,637,936,1159,1315,1385,1366,1252,1044,757,414,58,-302,-659,-969,-1212,-1391,-1458,-1427,-1295,-1063,-772,-404,-1,382,762,1081,1319,1460,1504,1431,1261,1013,664,263,-169,-570,-938,-1236,-1427,-1529,-1494,-1334,-1101,-762,-355,71,490,878,1175,1380,1475,1448,1292,1032,683,291,-125,-523,-873,-1150,-1313,-1361,-1288,-1101,-821,-485,-105,287,645,951,1164,1279,1253,1106,837,465,5,-486,-909,-1200,-1274,-1096,-770,-604,-589,0,0,0,0,0,0,0,0,0,0,0,0,0,0,0,0,0,0,0,0,0,0,0,0,0,0,0,0,0,0,0,0,0,0,0,0,0,0,0,0,0,0,0,0,0,0,0,0,0,0,0,0,0,0,0,0,0,0,0,0,0,0,0,0,0,0,0,0,0,0,0,0,0,0,0,0,0,0,0,0,0,0,0,0,0,0,0,0,0,0,0,0,0,0,0,0,0,0,0,0,0,0,0,0,0,0,0,0,0,0,0,0,0,0,0,0,0,0,0,0,0,0,0,0,0,0,0,0,0,0,0,0,0,0,0,0,0,0,0,0,0,0,0,0,0,0,0,0,0,0,0,0,0,0,0,0,0,0,0,0,0,0,0,0,0,0,0,0,0,0,0,0,0,0,0,0,0,0,0,0,0,0,0,0,0,0,0,0,0,0,0,0,0,0,0,0,0,0,0,0,0,0,0,0,0,0,0,0,0,0,0,0,0,0,0,0,0,0,0,0,0,0,0,0,0,0,0,0,0,0,0,0,0,0,0,0,0,0,0,0,0,0,0,0,0,0,0,0,0,0,0,0,0,0,0,0,-49,161,174,328,554,683,650,477,206,-101,-391,-623,-775,-837,-787,-653,-469,-228,47,319,556,738,867,909,880,772,581,338,63,-210,-481,-701,-865,-964,-990,-919,-801,-619,-380,-120,159,436,674,853,989,1044,1018,952,804,566,298,6,-300,-579,-809,-999,-1096,-1120,-1086,-969,-765,-503,-214,79,373,645,865,1026,1105,1109,1025,887,674,422,158,-119,-371,-614,-802,-921,-996,-1003,-921,-801,-645,-444,-211,8,250,464,644,797,884,931,903,812,686,513,308,77,-148,-361,-535,-670,-781,-833,-821,-745,-653,-524,-345,-162,24,200,351,471,574,642,658,652,621,569,482,383,248,108,-33,-192,-82,-448,-577,-674,-749,-780,-759,-693,-591,-446,-251,-25,210,453,677,857,991,1052,1050,996,862,627,357,69,-242,-539,-812,-1041,-1203,-1268,-1255,-1147,-959,-711,-390,-47,301,635,925,1147,1299,1375,1339,1221,1017,743,421,59,-308,-654,-959,-1203,-1358,-1419,-1397,-1265,-1039,-759,-428,-47,333,707,1013,1259,1430,1484,1442,1294,1046,720,338,-61,-466,-816,-1130,-1369,-1507,-1521,-1415,-1209,-901,-539,-127,317,711,1056,1329,1483,1512,1427,1222,921,556,146,-279,-675,-1007,-1258,-1400,-1419,-1308,-1085,-775,-404,-6,381,737,1021,1203,1297,1257,1108,859,533,145,-268,-666,-1006,-1242,-1342,-1247,-969,-538,-7,511,848,138,143
62053,mtk,MTK 7916,2150686471,rx0-tx1,512,0,0,0,0,0,0,0,0,0,0,0,0,0,0,0,0,0,0,0,0,0,0,0,0,0,0,0,0,0,0,0,0,0,0,0,0,0,0,0,0,0,0,0,0,0,0,0,0,0,0,0,0,0,0,0,0,0,0,0,0,0,0,0,0,0,0,0,0,0,0,0,0,0,0,0,0,0,0,0,0,0,0,0,0,0,0,0,0,0,0,0,0,0,0,0,0,0,0,0,0,0,0,0,0,0,0,0,0,0,0,0,0,0,0,0,0,0,0,0,0,0,0,0,0,0,0,0,0,0,0,0,0,0,0,0,0,0,0,0,0,0,0,0,0,0,0,0,0,0,0,0,0,0,0,0,0,0,0,0,0,0,0,0,0,0,0,0,0,0,0,0,0,0,0,0,0,0,0,0,0,0,0,0,0,0,0,0,0,0,0,0,0,0,0,0,0,0,0,0,0,0,0,0,0,0,0,0,0,0,0,0,0,0,0,0,0,0,0,0,0,0,0,0,0,0,0,0,0,0,0,0,0,0,0,0,0,0,0,0,0,0,0,0,0,0,0,0,0,0,0,0,0,0,0,0,0,-449,-358,-381,454,350,117,-186,-465,-680,-770,-745,-617,-399,-146,142,427,667,843,931,938,816,620,352,29,-307,-621,-868,-1044,-1122,-1095,-951,-716,-405,-61,292,607,853,1021,1091,1068,952,761,507,237,-42,-317,-551,-733,-856,-916,-893,-814,-704,-528,-331,-140,51,231,413,570,653,714,729,693,639,537,410,263,112,-38,-190,-346,-494,-600,-697,-746,-766,-740,-660,-526,-373,-177,60,286,521,724,867,950,973,903,784,606,399,162,-90,-337,-558,-729,-871,-954,-973,-929,-809,-661,-474,-240,9,251,483,690,860,970,1003,995,918,767,568,340,76,-200,-473,-708,-910,-1030,-1093,-1083,-993,-828,510,-355,-65,207,475,709,893,1021,1077,1056,969,816,607,385,140,-139,-377,-599,-788,-924,-991,-1022,-992,-908,-760,-550,-332,-85,187,454,696,892,1050,1162,1197,1159,1046,853,600,284,-55,-433,-799,-1126,-1381,-1543,-1596,-1530,-1345,-1044,-632,-162,330,811,1250,1604,1823,1900,1829,1615,1241,760,205,-351,-887,-1365,-1732,-1963,-1993,-1865,-1610,-1189,-676,-108,465,986,1434,1759,1910,1896,1724,1387,949,445,-97,-632,-1108,-1464,-1688,-1769,-1667,-1397,-1014,-546,-25,474,919,1249,1438,1484,1374,1137,796,381,-40,-423,-750,-978,-1093,-1109,-1013,-814,-550,-232,102,389,643,821,899,858,704,442,108,-211,-461,-581,-233,-278,0,0,0,0,0,0,0,0,0,0,0,0,0,0,0,0,0,0,0,0,0,0,0,0,0,0,0,0,0,0,0,0,0,0,0,0,0,0,0,0,0,0,0,0,0,0,0,0,0,0,0,0,0,0,0,0,0,0,0,0,0,0,0,0,0,0,0,0,0,0,0,0,0,0,0,0,0,0,0,0,0,0,0,0,0,0,0,0,0,0,0,0,0,0,0,0,0,0,0,0,0,0,0,0,0,0,0,0,0,0,0,0,0,0,0,0,0,0,0,0,0,0,0,0,0,0,0,0,0,0,0,0,0,0,0,0,0,0,0,0,0,0,0,0,0,0,0,0,0,0,0,0,0,0,0,0,0,0,0,0,0,0,0,0,0,0,0,0,0,0,0,0,0,0,0,0,0,0,0,0,0,0,0,0,0,0,0,0,0,0,0,0,0,0,0,0,0,0,0,0,0,0,0,0,0,0,0,0,0,0,0,0,0,0,0,0,0,0,0,0,0,0,0,0,0,0,0,0,0,0,0,0,0,0,0,0,0,0,0,0,0,0,0,0,0,0,0,0,0,0,0,0,0,0,0,0,26,-1037,-1029,-221,-453,-629,-664,-558,-330,-42,247,517,709,820,844,766,594,360,81,-226,-524,-769,-958,-1041,-1022,-883,-660,-370,-34,316,636,902,1078,1146,1104,954,723,437,114,-207,-496,-747,-914,-995,-1009,-935,-791,-601,-378,-134,107,311,509,670,771,812,795,739,649,504,348,197,6,-158,-312,-458,-562,-645,-681,-699,-679,-637,-535,-417,-264,-82,102,296,483,644,764,860,881,841,754,591,383,156,-97,-348,-568,-751,-880,-963,-962,-907,-783,-622,-432,-194,54,304,518,693,845,938,972,941,854,712,520,278,39,-215,-472,-696,-872,-987,-1048,-1042,-961,-809,-594,-342,-76,201,479,724,-82,1038,1085,1063,979,822,612,366,82,-185,-448,-671,-848,-965,-1040,-1028,-953,-835,-676,-454,-217,31,287,510,724,879,988,1057,1065,1004,878,701,473,202,-100,-391,-693,-951,-1171,-1319,-1383,-1360,-1225,-990,-668,-285,148,570,989,1347,1615,1747,1745,1619,1352,961,465,-70,-597,-1088,-1501,-1806,-1967,-1945,-1773,-1439,-1006,-466,124,664,1179,1591,1855,1975,1904,1682,1321,832,290,-261,-800,-1256,-1594,-1794,-1841,-1720,-1432,-1021,-540,-7,536,1007,1362,1592,1660,1555,1302,926,485,4,-450,-840,-1125,-1278,-1293,-1180,-962,-658,-306,48,393,668,856,968,966,856,674,406,92,-231,-523,-742,-817,-742,-546,-309,-1054,-1048
62054,mtk,MTK 7916,2150686471,rx1-tx0,512,0,0,0,0,0,0,0,0,0,0,0,0,0,0,0,0,0,0,0,0,0,0,0,0,0,0,0,0,0,0,0,0,0,0,0,0,0,0,0,0,0,0,0,0,0,0,0,0,0,0,0,0,0,0,0,0,0,0,0,0,0,0,0,0,0,0,0,0,0,0,0,0,0,0,0,0,0,0,0,0,0,0,0,0,0,0,0,0,0,0,0,0,0,0,0,0,0,0,0,0,0,0,0,0,0,0,0,0,0,0,0,0,0,0,0,0,0,0,0,0,0,0,0,0,0,0,0,0,0,0,0,0,0,0,0,0,0,0,0,0,0,0,0,0,0,0,0,0,0,0,0,0,0,0,0,0,0,0,0,0,0,0,0,0,0,0,0,0,0,0,0,0,0,0,0,0,0,0,0,0,0,0,0,0,0,0,0,0,0,0,0,0,0,0,0,0,0,0,0,0,0,0,0,0,0,0,0,0,0,0,0,0,0,0,0,0,0,0,0,0,0,0,0,0,0,0,0,0,0,0,0,0,0,0,0,0,0,0,0,0,0,0,0,0,0,0,0,0,0,0,0,0,0,0,0,0,98,520,527,-501,-446,-241,67,383,646,805,844,760,580,325,24,-298,-602,-847,-1009,-1072,-1015,-845,-583,-240,129,511,845,1101,1256,1286,1178,959,637,241,-152,-533,-874,-1123,-1238,-1257,-1162,-967,-704,-386,-57,270,568,790,949,1017,1010,924,790,614,395,159,-64,-272,-479,-624,-731,-793,-798,-771,-712,-594,-441,-278,-97,104,286,480,644,742,826,827,773,676,524,333,124,-112,-343,-531,-671,-772,-809,-795,-716,-574,-420,-219,-24,170,329,457,543,610,624,566,501,407,298,181,56,-61,-166,-263,-325,-361,-387,-392,-382,-365,-319,-270,-206,-137,-71,13,104,174,266,333,379,411,425,413,-686,313,216,114,4,-124,-241,-332,-398,-471,-493,-482,-452,-387,-297,-194,-73,53,168,282,381,446,503,530,515,470,396,287,193,74,-68,-197,-317,-430,-530,-586,-627,-602,-561,-474,-342,-193,1,205,387,558,684,765,792,755,655,508,306,100,-119,-342,-540,-677,-762,-788,-765,-701,-552,-379,-201,18,229,398,530,637,696,694,640,538,394,243,68,-107,-254,-380,-484,-534,-560,-534,-468,-394,-280,-163,-61,64,183,272,350,411,442,449,447,401,335,259,139,11,-133,-286,-414,-531,-600,-616,-569,-478,-314,-106,116,338,535,701,784,770,653,421,124,-207,-520,-731,-768,-670,498,501,0,0,0,0,0,0,0,0,0,0,0,0,0,0,0,0,0,0,0,0,0,0,0,0,0,0,0,0,0,0,0,0,0,0,0,0,0,0,0,0,0,0,0,0,0,0,0,0,0,0,0,0,0,0,0,0,0,0,0,0,0,0,0,0,0,0,0,0,0,0,0,0,0,0,0,0,0,0,0,0,0,0,0,0,0,0,0,0,0,0,0,0,0,0,0,0,0,0,0,0,0,0,0,0,0,0,0,0,0,0,0,0,0,0,0,0,0,0,0,0,0,0,0,0,0,0,0,0,0,0,0,0,0,0,0,0,0,0,0,0,0,0,0,0,0,0,0,0,0,0,0,0,0,0,0,0,0,0,0,0,0,0,0,0,0,0,0,0,0,0,0,0,0,0,0,0,0,0,0,0,0,0,0,0,0,0,0,0,0,0,0,0,0,0,0,0,0,0,0,0,0,0,0,0,0,0,0,0,0,0,0,0,0,0,0,0,0,0,0,0,0,0,0,0,0,0,0,0,0,0,0,0,0,0,0,0,0,0,0,0,0,0,0,0,0,0,0,0,0,0,0,0,0,0,0,0,-999,410,377,150,406,633,729,673,483,204,-112,-419,-677,-856,-938,-916,-780,-557,-268,71,415,727,980,1137,1189,1124,918,619,246,-161,-556,-896,-1165,-1295,-1295,-1191,-980,-662,-294,85,448,762,994,1125,1161,1110,961,756,491,207,-75,-335,-556,-727,-849,-880,-855,-807,-705,-558,-399,-199,-2,189,372,538,647,733,781,788,737,652,498,332,138,-87,-302,-498,-659,-768,-826,-837,-771,-651,-482,-281,-53,161,367,516,641,718,734,701,606,496,354,210,28,-136,-249,-349,-425,-471,-494,-472,-439,-378,-300,-223,-135,-47,41,121,195,254,307,347,382,391,362,337,305,233,142,53,-46,-138,9,-350,-412,-447,-474,-469,-424,-348,-273,-171,-28,92,212,319,398,463,509,509,490,430,339,241,125,2,-124,-250,-369,-455,-506,-554,-557,-520,-450,-383,-264,-148,14,176,322,475,585,674,722,699,632,510,345,145,-64,-274,-469,-638,-751,-806,-805,-742,-612,-432,-232,-24,181,384,557,660,730,762,708,593,463,308,120,-74,-257,-406,-510,-582,-628,-611,-549,-457,-324,-185,-34,110,220,323,414,450,469,467,420,359,291,191,87,-9,-118,-226,-325,-418,-479,-505,-513,-465,-381,-256,-83,107,288,464,602,674,691,629,510,313,46,-222,-497,-703,-816,-818,-661,-371,-15,253,466,440
62055,mtk,MTK 7916,2150686471,rx1-tx1,512,0,0,0,0,0,0,0,0,0,0,0,0,0,0,0,0,0,0,0,0,0,0,0,0,0,0,0,0,0,0,0,0,0,0,0,0,0,0,0,0,0,0,0,0,0,0,0,0,0,0,0,0,0,0,0,0,0,0,0,0,0,0,0,0,0,0,0,0,0,0,0,0,0,0,0,0,0,0,0,0,0,0,0,0,0,0,0,0,0,0,0,0,0,0,0,0,0,0,0,0,0,0,0,0,0,0,0,0,0,0,0,0,0,0,0,0,0,0,0,0,0,0,0,0,0,0,0,0,0,0,0,0,0,0,0,0,0,0,0,0,0,0,0,0,0,0,0,0,0,0,0,0,0,0,0,0,0,0,0,0,0,0,0,0,0,0,0,0,0,0,0,0,0,0,0,0,0,0,0,0,0,0,0,0,0,0,0,0,0,0,0,0,0,0,0,0,0,0,0,0,0,0,0,0,0,0,0,0,0,0,0,0,0,0,0,0,0,0,0,0,0,0,0,0,0,0,0,0,0,0,0,0,0,0,0,0,0,0,0,0,0,0,0,0,0,0,0,0,0,0,0,0,0,0,0,0,-282,-516,-554,159,135,91,26,-55,-142,-215,-254,-254,-207,-115,-2,113,215,270,264,197,77,-62,-180,-259,-288,-240,-125,30,182,295,340,295,169,-9,-190,-322,-394,-372,-240,-40,172,352,464,458,333,109,-148,-388,-532,-544,-407,-172,121,400,587,617,486,231,-89,-408,-628,-693,-596,-355,-3,368,639,750,686,429,59,-324,-637,-800,-753,-518,-155,258,605,795,775,557,203,-200,-560,-774,-784,-602,-261,139,507,738,771,596,276,-121,-473,-697,-738,-581,-278,90,433,660,714,571,280,-84,-411,-623,-669,-545,-270,74,385,572,603,470,218,-90,-377,-548,-560,-424,-176,137,399,533,0,355,88,-194,-420,-537,-498,-314,-38,254,474,563,489,267,-41,-339,-557,-623,-501,-240,99,429,662,701,545,247,-127,-484,-728,-789,-632,-287,141,539,810,875,708,350,-120,-573,-891,-965,-789,-405,82,556,897,1015,866,499,-1,-506,-893,-1059,-951,-579,-63,455,864,1057,979,657,160,-373,-807,-1031,-1005,-713,-241,283,730,991,993,743,302,-207,-655,-943,-994,-785,-391,96,559,879,981,838,486,10,-473,-835,-982,-885,-593,-163,310,708,932,944,741,364,-102,-529,-824,-928,-820,-534,-140,275,618,814,831,666,365,-6,-364,-650,-801,-792,-620,-351,-21,297,546,682,708,625,-409,-445,0,0,0,0,0,0,0,0,0,0,0,0,0,0,0,0,0,0,0,0,0,0,0,0,0,0,0,0,0,0,0,0,0,0,0,0,0,0,0,0,0,0,0,0,0,0,0,0,0,0,0,0,0,0,0,0,0,0,0,0,0,0,0,0,0,0,0,0,0,0,0,0,0,0,0,0,0,0,0,0,0,0,0,0,0,0,0,0,0,0,0,0,0,0,0,0,0,0,0,0,0,0,0,0,0,0,0,0,0,0,0,0,0,0,0,0,0,0,0,0,0,0,0,0,0,0,0,0,0,0,0,0,0,0,0,0,0,0,0,0,0,0,0,0,0,0,0,0,0,0,0,0,0,0,0,0,0,0,0,0,0,0,0,0,0,0,0,0,0,0,0,0,0,0,0,0,0,0,0,0,0,0,0,0,0,0,0,0,0,0,0,0,0,0,0,0,0,0,0,0,0,0,0,0,0,0,0,0,0,0,0,0,0,0,0,0,0,0,0,0,0,0,0,0,0,0,0,0,0,0,0,0,0,0,0,0,0,0,0,0,0,0,0,0,0,0,0,0,0,0,0,0,0,0,0,0,288,-766,-754,87,151,201,234,239,208,136,48,-54,-156,-233,-264,-243,-170,-53,80,193,267,279,225,110,-40,-176,-265,-306,-265,-147,12,175,307,370,336,211,23,-184,-340,-430,-414,-291,-68,175,381,495,486,360,140,-130,-393,-564,-590,-461,-207,104,400,601,657,546,285,-47,-381,-633,-729,-638,-369,-8,358,653,790,726,486,119,-284,-618,-787,-763,-552,-189,225,581,775,768,566,236,-168,-539,-770,-788,-597,-266,137,492,715,752,599,285,-102,-449,-669,-708,-572,-283,77,414,640,674,537,278,-64,-398,-602,-647,-512,-238,86,371,552,581,455,209,-93,-373,-542,-552,-399,-133,0,417,542,507,328,64,-220,-445,-549,-498,-286,5,292,509,586,483,247,-67,-381,-603,-662,-538,-249,119,473,701,746,584,258,-142,-527,-798,-848,-663,-312,125,551,847,929,748,381,-94,-556,-877,-964,-811,-446,43,540,904,1033,901,536,23,-500,-879,-1056,-967,-622,-113,417,839,1036,975,671,210,-316,-758,-1011,-1001,-738,-275,238,682,959,982,759,354,-149,-615,-917,-986,-808,-429,60,526,855,984,866,537,76,-403,-784,-963,-917,-662,-255,207,622,900,958,789,447,20,-406,-735,-889,-836,-609,-263,137,506,750,827,733,489,144,-214,-529,-741,-814,-741,-569,-315,-44,224,-826,-801
62056,mtk,MTK 7916,2150686471,rx2-tx0,512,0,0,0,0,0,0,0,0,0,0,0,0,0,0,0,0,0,0,0,0,0,0,0,0,0,0,0,0,0,0,0,0,0,0,0,0,0,0,0,0,0,0,0,0,0,0,0,0,0,0,0,0,0,0,0,0,0,0,0,0,0,0,0,0,0,0,0,0,0,0,0,0,0,0,0,0,0,0,0,0,0,0,0,0,0,0,0,0,0,0,0,0,0,0,0,0,0,0,0,0,0,0,0,0,0,0,0,0,0,0,0,0,0,0,0,0,0,0,0,0,0,0,0,0,0,0,0,0,0,0,0,0,0,0,0,0,0,0,0,0,0,0,0,0,0,0,0,0,0,0,0,0,0,0,0,0,0,0,0,0,0,0,0,0,0,0,0,0,0,0,0,0,0,0,0,0,0,0,0,0,0,0,0,0,0,0,0,0,0,0,0,0,0,0,0,0,0,0,0,0,0,0,0,0,0,0,0,0,0,0,0,0,0,0,0,0,0,0,0,0,0,0,0,0,0,0,0,0,0,0,0,0,0,0,0,0,0,0,0,0,0,0,0,0,0,0,0,0,0,0,0,0,0,0,0,0,794,-1247,-1242,-112,-138,-147,-129,-87,-36,27,101,168,195,184,140,68,-15,-98,-169,-202,-184,-125,-33,62,146,194,200,161,89,-6,-99,-179,-208,-179,-109,-14,96,179,202,174,108,10,-87,-174,-221,-204,-133,-25,82,177,228,222,155,45,-89,-203,-267,-265,-213,-94,61,184,251,273,229,116,-18,-139,-222,-247,-212,-133,-21,99,186,227,209,130,13,-100,-181,-200,-172,-100,-20,71,146,172,159,96,8,-83,-147,-160,-132,-89,-14,64,118,148,136,93,27,-43,-82,-95,-89,-63,-21,17,43,51,42,8,-28,-42,-39,-14,16,53,79,75,40,-11,-64,-104,-122,-106,0,9,87,146,175,157,92,12,-91,-180,-213,-194,-137,-35,79,186,249,237,171,65,-63,-174,-241,-259,-207,-92,41,156,249,277,216,103,-21,-140,-226,-253,-211,-115,6,126,211,245,222,140,15,-96,-193,-243,-215,-123,-22,67,141,190,171,96,1,-81,-133,-150,-143,-82,25,122,169,170,138,52,-45,-121,-172,-189,-160,-81,20,113,175,197,167,98,7,-70,-125,-150,-150,-117,-54,28,86,103,96,63,25,-13,-43,-57,-48,-12,28,63,79,61,26,-24,-75,-119,-136,-129,-86,-17,64,150,207,216,187,120,33,-63,-163,-242,-274,-261,-206,-137,-57,35,-1201,-1206,0,0,0,0,0,0,0,0,0,0,0,0,0,0,0,0,0,0,0,0,0,0,0,0,0,0,0,0,0,0,0,0,0,0,0,0,0,0,0,0,0,0,0,0,0,0,0,0,0,0,0,0,0,0,0,0,0,0,0,0,0,0,0,0,0,0,0,0,0,0,0,0,0,0,0,0,0,0,0,0,0,0,0,0,0,0,0,0,0,0,0,0,0,0,0,0,0,0,0,0,0,0,0,0,0,0,0,0,0,0,0,0,0,0,0,0,0,0,0,0,0,0,0,0,0,0,0,0,0,0,0,0,0,0,0,0,0,0,0,0,0,0,0,0,0,0,0,0,0,0,0,0,0,0,0,0,0,0,0,0,0,0,0,0,0,0,0,0,0,0,0,0,0,0,0,0,0,0,0,0,0,0,0,0,0,0,0,0,0,0,0,0,0,0,0,0,0,0,0,0,0,0,0,0,0,0,0,0,0,0,0,0,0,0,0,0,0,0,0,0,0,0,0,0,0,0,0,0,0,0,0,0,0,0,0,0,0,0,0,0,0,0,0,0,0,0,0,0,0,0,0,0,0,0,0,0,572,-254,-216,36,8,-43,-99,-144,-171,-175,-145,-94,-24,61,139,186,193,160,99,9,-86,-156,-196,-204,-157,-69,31,118,179,203,174,102,13,-86,-168,-212,-193,-118,-18,89,161,195,178,107,16,-84,-182,-239,-223,-147,-28,90,193,258,260,180,60,-77,-204,-274,-281,-215,-98,46,161,235,262,227,127,-7,-136,-230,-255,-227,-138,-16,99,177,216,201,131,16,-88,-155,-179,-155,-106,-19,87,156,182,156,93,-2,-93,-153,-175,-148,-94,-23,60,118,133,124,86,33,-21,-68,-89,-75,-33,8,32,41,31,9,-25,-53,-62,-37,1,49,90,107,98,57,2,-66,0,-145,-134,-67,18,104,180,212,184,113,13,-100,-192,-239,-236,-160,-40,86,194,251,258,207,95,-39,-163,-247,-264,-209,-109,26,159,244,257,207,103,-18,-135,-225,-253,-231,-153,-26,117,209,246,210,133,33,-81,-170,-197,-170,-119,-36,53,122,149,129,79,2,-92,-150,-159,-126,-67,33,137,188,186,145,68,-22,-102,-170,-194,-171,-107,-11,89,157,180,163,111,33,-55,-110,-138,-129,-98,-48,5,55,84,79,43,-3,-33,-50,-52,-24,11,52,89,106,88,40,-23,-94,-155,-184,-175,-136,-70,25,135,209,246,240,193,116,23,-86,-172,-231,-252,-240,-385,-343
62057,mtk,MTK 7916,2150686471,rx2-tx1,512,0,0,0,0,0,0,0,0,0,0,0,0,0,0,0,0,0,0,0,0,0,0,0,0,0,0,0,0,0,0,0,0,0,0,0,0,0,0,0,0,0,0,0,0,0,0,0,0,0,0,0,0,0,0,0,0,0,0,0,0,0,0,0,0,0,0,0,0,0,0,0,0,0,0,0,0,0,0,0,0,0,0,0,0,0,0,0,0,0,0,0,0,0,0,0,0,0,0,0,0,0,0,0,0,0,0,0,0,0,0,0,0,0,0,0,0,0,0,0,0,0,0,0,0,0,0,0,0,0,0,0,0,0,0,0,0,0,0,0,0,0,0,0,0,0,0,0,0,0,0,0,0,0,0,0,0,0,0,0,0,0,0,0,0,0,0,0,0,0,0,0,0,0,0,0,0,0,0,0,0,0,0,0,0,0,0,0,0,0,0,0,0,0,0,0,0,0,0,0,0,0,0,0,0,0,0,0,0,0,0,0,0,0,0,0,0,0,0,0,0,0,0,0,0,0,0,0,0,0,0,0,0,0,0,0,0,0,0,0,0,0,0,0,0,0,0,0,0,0,0,0,0,0,0,0,0,381,-435,-433,-20,-16,-8,9,32,46,54,57,51,41,24,-7,-41,-72,-91,-84,-72,-42,4,61,106,126,119,90,42,-22,-101,-157,-169,-144,-100,-18,82,173,232,241,193,84,-46,-171,-265,-291,-260,-170,-29,129,276,377,372,269,123,-58,-255,-385,-431,-383,-246,-44,180,376,485,477,359,148,-109,-342,-501,-553,-475,-276,-5,268,479,590,560,400,143,-154,-411,-570,-580,-450,-231,31,300,494,570,510,322,65,-200,-423,-538,-516,-364,-141,112,330,456,460,356,174,-51,-264,-403,-433,-347,-177,43,238,364,407,344,194,-3,-190,-318,-363,-320,-197,-22,164,293,334,291,0,16,-149,-264,-304,-268,-159,-16,128,238,280,241,137,-6,-138,-239,-267,-221,-124,-3,127,234,265,215,114,-17,-155,-251,-274,-226,-108,37,178,267,292,237,126,-19,-176,-302,-347,-301,-179,-10,152,277,336,309,216,70,-89,-221,-296,-309,-250,-111,42,161,242,279,232,124,-4,-131,-229,-259,-227,-138,-16,98,180,224,220,155,58,-54,-156,-213,-214,-178,-101,7,109,175,201,183,124,43,-39,-103,-147,-159,-138,-83,-17,37,82,109,109,98,80,42,2,-13,-21,-41,-62,-67,-61,-47,-33,-20,3,16,37,59,75,77,78,60,23,-14,-37,-65,-89,-105,-447,-450,0,0,0,0,0,0,0,0,0,0,0,0,0,0,0,0,0,0,0,0,0,0,0,0,0,0,0,0,0,0,0,0,0,0,0,0,0,0,0,0,0,0,0,0,0,0,0,0,0,0,0,0,0,0,0,0,0,0,0,0,0,0,0,0,0,0,0,0,0,0,0,0,0,0,0,0,0,0,0,0,0,0,0,0,0,0,0,0,0,0,0,0,0,0,0,0,0,0,0,0,0,0,0,0,0,0,0,0,0,0,0,0,0,0,0,0,0,0,0,0,0,0,0,0,0,0,0,0,0,0,0,0,0,0,0,0,0,0,0,0,0,0,0,0,0,0,0,0,0,0,0,0,0,0,0,0,0,0,0,0,0,0,0,0,0,0,0,0,0,0,0,0,0,0,0,0,0,0,0,0,0,0,0,0,0,0,0,0,0,0,0,0,0,0,0,0,0,0,0,0,0,0,0,0,0,0,0,0,0,0,0,0,0,0,0,0,0,0,0,0,0,0,0,0,0,0,0,0,0,0,0,0,0,0,0,0,0,0,0,0,0,0,0,0,0,0,0,0,0,0,0,0,0,0,0,0,-1037,-221,-205,-24,-38,-42,-43,-48,-41,-21,0,22,50,69,77,70,39,2,-23,-56,-97,-111,-95,-62,-8,57,108,149,158,128,59,-22,-108,-172,-199,-189,-136,-43,66,164,249,281,234,119,-28,-166,-279,-338,-310,-214,-75,98,263,370,400,343,191,-21,-222,-387,-470,-423,-283,-87,150,369,512,535,434,210,-52,-293,-499,-593,-529,-337,-69,220,451,574,572,452,212,-96,-367,-529,-574,-493,-300,-22,250,452,547,510,359,117,-148,-372,-496,-494,-365,-165,68,282,426,456,355,159,-62,-262,-390,-409,-339,-186,10,197,330,391,340,197,6,-165,-294,-346,-309,-185,-13,149,0,308,277,168,15,-138,-244,-288,-257,-159,-24,122,227,270,238,145,9,-132,-236,-271,-227,-119,13,140,231,269,226,109,-36,-165,-254,-275,-228,-117,39,184,285,320,274,152,-14,-168,-290,-340,-307,-199,-49,120,260,336,319,222,83,-73,-205,-294,-305,-233,-112,27,160,243,263,222,122,1,-104,-202,-257,-231,-140,-28,76,161,225,224,164,60,-50,-134,-185,-203,-169,-94,-16,73,147,176,169,135,68,-5,-59,-110,-131,-125,-97,-59,-13,20,51,71,73,65,51,35,12,-8,-14,-25,-43,-50,-51,-51,-50,-39,-22,4,28,49,74,93,88,72,50,20,-271,-258
62058,mtk,MTK 7916,2150729073,rx0-tx0,512,0,0,0,0,0,0,0,0,0,0,0,0,0,0,0,0,0,0,0,0,0,0,0,0,0,0,0,0,0,0,0,0,0,0,0,0,0,0,0,0,0,0,0,0,0,0,0,0,0,0,0,0,0,0,0,0,0,0,0,0,0,0,0,0,0,0,0,0,0,0,0,0,0,0,0,0,0,0,0,0,0,0,0,0,0,0,0,0,0,0,0,0,0,0,0,0,0,0,0,0,0,0,0,0,0,0,0,0,0,0,0,0,0,0,0,0,0,0,0,0,0,0,0,0,0,0,0,0,0,0,0,0,0,0,0,0,0,0,0,0,0,0,0,0,0,0,0,0,0,0,0,0,0,0,0,0,0,0,0,0,0,0,0,0,0,0,0,0,0,0,0,0,0,0,0,0,0,0,0,0,0,0,0,0,0,0,0,0,0,0,0,0,0,0,0,0,0,0,0,0,0,0,0,0,0,0,0,0,0,0,0,0,0,0,0,0,0,0,0,0,0,0,0,0,0,0,0,0,0,0,0,0,0,0,0,0,0,0,0,0,0,0,0,0,0,0,0,0,0,0,0,0,0,0,0,0,-364,-596,-597,-523,-504,-365,-138,122,378,579,713,778,781,729,606,454,271,69,-134,-342,-538,-683,-796,-869,-890,-881,-803,-687,-527,-344,-142,54,260,455,616,772,885,952,981,967,918,818,688,527,343,149,-60,-258,-470,-652,-795,-939,-1035,-1085,-1085,-1035,-955,-845,-680,-467,-250,-49,174,388,577,763,907,1011,1063,1084,1056,986,870,736,575,403,212,8,-176,-349,-517,-646,-754,-840,-892,-908,-905,-889,-823,-724,-611,-464,-320,-171,-1,169,341,466,597,713,779,817,832,822,787,704,616,507,371,244,112,-18,-135,-245,-343,-435,-508,-558,-601,-629,-637,-622,-602,-588,-560,-497,-436,-356,-330,-172,-54,49,181,331,461,571,692,800,884,924,936,925,872,781,656,491,312,114,-116,-347,-563,-756,-926,-1073,-1184,-1252,-1264,-1214,-1130,-994,-820,-616,-364,-112,145,417,667,871,1072,1232,1325,1379,1377,1307,1202,1059,876,648,393,117,-163,-428,-692,-937,-1128,-1287,-1408,-1465,-1469,-1415,-1285,-1116,-894,-634,-372,-67,235,538,814,1051,1256,1412,1502,1525,1485,1375,1213,977,706,415,94,-227,-536,-840,-1093,-1294,-1420,-1501,-1506,-1418,-1278,-1064,-807,-503,-177,138,450,739,985,1178,1303,1361,1339,1249,1098,896,638,348,46,-265,-564,-817,-1039,-1195,-1285,-1291,-1201,-985,-684,-303,150,574,893,1021,-604,-589,0,0,0,0,0,0,0,0,0,0,0,0,0,0,0,0,0,0,0,0,0,0,0,0,0,0,0,0,0,0,0,0,0,0,0,0,0,0,0,0,0,0,0,0,0,0,0,0,0,0,0,0,0,0,0,0,0,0,0,0,0,0,0,0,0,0,0,0,0,0,0,0,0,0,0,0,0,0,0,0,0,0,0,0,0,0,0,0,0,0,0,0,0,0,0,0,0,0,0,0,0,0,0,0,0,0,0,0,0,0,0,0,0,0,0,0,0,0,0,0,0,0,0,0,0,0,0,0,0,0,0,0,0,0,0,0,0,0,0,0,0,0,0,0,0,0,0,0,0,0,0,0,0,0,0,0,0,0,0,0,0,0,0,0,0,0,0,0,0,0,0,0,0,0,0,0,0,0,0,0,0,0,0,0,0,0,0,0,0,0,0,0,0,0,0,0,0,0,0,0,0,0,0,0,0,0,0,0,0,0,0,0,0,0,0,0,0,0,0,0,0,0,0,0,0,0,0,0,0,0,0,0,0,0,0,0,0,0,0,0,0,0,0,0,0,0,0,0,0,0,0,0,0,0,0,0,-49,161,174,89,331,556,697,730,661,511,315,91,-134,-355,-543,-690,-794,-845,-840,-790,-683,-533,-367,-165,36,248,449,619,765,874,943,958,928,836,719,589,414,220,14,-191,-387,-569,-733,-869,-958,-1014,-1021,-1013,-953,-820,-685,-511,-301,-92,127,334,528,710,886,1003,1060,1091,1084,1026,922,795,628,429,219,6,-209,-417,-601,-751,-864,-938,-994,-1007,-979,-924,-823,-697,-573,-419,-252,-77,87,251,419,550,672,776,836,886,902,892,832,745,643,499,346,202,55,-94,-244,-382,-489,-601,-668,-713,-736,-736,-717,-669,-604,-523,-426,-336,-239,-137,-35,60,144,234,340,425,497,578,-82,695,702,715,738,717,654,588,501,376,220,43,-128,-302,-490,-658,-813,-946,-1033,-1109,-1131,-1096,-1023,-908,-771,-580,-362,-119,143,389,627,848,1025,1169,1276,1320,1337,1288,1167,1022,845,617,364,111,-177,-439,-675,-895,-1101,-1258,-1359,-1410,-1397,-1350,-1258,-1097,-888,-659,-395,-110,178,470,741,981,1202,1344,1444,1498,1481,1404,1262,1073,839,562,254,-53,-366,-661,-935,-1174,-1354,-1481,-1539,-1506,-1424,-1273,-1056,-796,-510,-190,166,482,771,1025,1222,1369,1432,1433,1357,1206,989,737,448,136,-180,-481,-741,-970,-1143,-1246,-1283,-1261,-1157,-987,-758,-474,-157,195,556,885,1133,1300,1320,1143,812,456,138,143
62059,mtk,MTK 7916,2150729073,rx0-tx1,512,0,0,0,0,0,0,0,0,0,0,0,0,0,0,0,0,0,0,0,0,0,0,0,0,0,0,0,0,0,0,0,0,0,0,0,0,0,0,0,0,0,0,0,0,0,0,0,0,0,0,0,0,0,0,0,0,0,0,0,0,0,0,0,0,0,0,0,0,0,0,0,0,0,0,0,0,0,0,0,0,0,0,0,0,0,0,0,0,0,0,0,0,0,0,0,0,0,0,0,0,0,0,0,0,0,0,0,0,0,0,0,0,0,0,0,0,0,0,0,0,0,0,0,0,0,0,0,0,0,0,0,0,0,0,0,0,0,0,0,0,0,0,0,0,0,0,0,0,0,0,0,0,0,0,0,0,0,0,0,0,0,0,0,0,0,0,0,0,0,0,0,0,0,0,0,0,0,0,0,0,0,0,0,0,0,0,0,0,0,0,0,0,0,0,0,0,0,0,0,0,0,0,0,0,0,0,0,0,0,0,0,0,0,0,0,0,0,0,0,0,0,0,0,0,0,0,0,0,0,0,0,0,0,0,0,0,0,0,0,0,0,0,0,0,0,0,0,0,0,0,0,0,0,0,0,0,-449,-358,-381,493,530,449,259,19,-237,-466,-650,-762,-810,-797,-713,-585,-412,-191,47,282,512,715,894,1002,1049,1037,939,788,581,338,62,-222,-471,-696,-886,-1023,-1102,-1115,-1063,-951,-801,-611,-406,-183,29,231,429,580,700,798,835,856,841,803,735,642,520,389,262,126,-10,-137,-261,-366,-461,-528,-579,-618,-655,-671,-672,-670,-633,-589,-521,-425,-328,-194,-44,90,246,389,543,685,796,891,927,925,900,835,732,605,440,278,99,-100,-277,-441,-596,-733,-826,-897,-947,-974,-950,-898,-816,-705,-555,-395,-221,-27,163,353,530,693,831,951,1028,1063,1064,1038,946,827,683,478,287,85,510,-361,-551,-714,-867,-986,-1052,-1088,-1086,-1032,-944,-828,-691,-518,-338,-146,50,231,415,582,716,838,937,1002,1047,1053,1027,975,880,762,615,453,269,52,-177,-399,-622,-831,-1045,-1212,-1346,-1435,-1459,-1424,-1321,-1172,-955,-682,-369,-19,346,705,1051,1360,1600,1773,1869,1869,1780,1600,1341,1000,613,202,-247,-693,-1094,-1428,-1694,-1882,-1966,-1945,-1833,-1642,-1355,-996,-585,-152,292,707,1073,1395,1643,1785,1837,1783,1648,1400,1082,732,305,-123,-522,-883,-1190,-1400,-1511,-1547,-1470,-1301,-1067,-772,-426,-88,246,538,774,961,1074,1096,1056,959,803,606,375,124,-122,-364,-593,-755,-840,-840,-750,-554,-290,-68,-233,-278,0,0,0,0,0,0,0,0,0,0,0,0,0,0,0,0,0,0,0,0,0,0,0,0,0,0,0,0,0,0,0,0,0,0,0,0,0,0,0,0,0,0,0,0,0,0,0,0,0,0,0,0,0,0,0,0,0,0,0,0,0,0,0,0,0,0,0,0,0,0,0,0,0,0,0,0,0,0,0,0,0,0,0,0,0,0,0,0,0,0,0,0,0,0,0,0,0,0,0,0,0,0,0,0,0,0,0,0,0,0,0,0,0,0,0,0,0,0,0,0,0,0,0,0,0,0,0,0,0,0,0,0,0,0,0,0,0,0,0,0,0,0,0,0,0,0,0,0,0,0,0,0,0,0,0,0,0,0,0,0,0,0,0,0,0,0,0,0,0,0,0,0,0,0,0,0,0,0,0,0,0,0,0,0,0,0,0,0,0,0,0,0,0,0,0,0,0,0,0,0,0,0,0,0,0,0,0,0,0,0,0,0,0,0,0,0,0,0,0,0,0,0,0,0,0,0,0,0,0,0,0,0,0,0,0,0,0,0,0,0,0,0,0,0,0,0,0,0,0,0,0,0,0,0,0,0,26,-1037,-1029,20,-210,-450,-629,-710,-704,-608,-446,-232,-5,231,457,636,786,890,929,903,824,686,498,248,-12,-280,-536,-751,-935,-1067,-1138,-1116,-1022,-887,-705,-472,-221,35,285,505,705,862,960,1005,998,963,873,735,594,420,251,84,-84,-234,-367,-496,-603,-664,-711,-735,-727,-702,-660,-607,-542,-452,-355,-246,-134,-19,85,193,307,408,509,596,682,765,797,811,812,767,693,577,445,277,82,-99,-279,-462,-617,-757,-851,-917,-963,-965,-915,-851,-755,-628,-479,-317,-146,42,222,387,545,689,822,919,991,1028,1017,964,881,768,640,475,273,63,-140,-351,-554,-712,-881,-992,-1056,-1129,-82,-1056,-955,-828,-674,-484,-287,-81,139,344,520,677,817,926,989,1028,1034,1005,946,843,743,615,450,269,89,-103,-288,-480,-646,-798,-934,-1053,-1138,-1187,-1191,-1162,-1094,-990,-824,-619,-386,-119,159,465,756,1034,1284,1471,1614,1690,1684,1590,1422,1182,889,546,139,-281,-691,-1072,-1405,-1678,-1859,-1962,-1976,-1861,-1662,-1386,-1042,-633,-192,250,675,1072,1416,1669,1838,1923,1896,1762,1546,1260,894,494,70,-357,-756,-1122,-1393,-1600,-1725,-1711,-1603,-1425,-1142,-793,-418,-25,364,703,987,1199,1304,1326,1269,1128,930,685,413,130,-137,-392,-615,-780,-888,-931,-908,-842,-690,-468,-210,56,321,550,665,683,-1054,-1048
62060,mtk,MTK 7916,2150729073,rx1-tx0,512,0,0,0,0,0,0,0,0,0,0,0,0,0,0,0,0,0,0,0,0,0,0,0,0,0,0,0,0,0,0,0,0,0,0,0,0,0,0,0,0,0,0,0,0,0,0,0,0,0,0,0,0,0,0,0,0,0,0,0,0,0,0,0,0,0,0,0,0,0,0,0,0,0,0,0,0,0,0,0,0,0,0,0,0,0,0,0,0,0,0,0,0,0,0,0,0,0,0,0,0,0,0,0,0,0,0,0,0,0,0,0,0,0,0,0,0,0,0,0,0,0,0,0,0,0,0,0,0,0,0,0,0,0,0,0,0,0,0,0,0,0,0,0,0,0,0,0,0,0,0,0,0,0,0,0,0,0,0,0,0,0,0,0,0,0,0,0,0,0,0,0,0,0,0,0,0,0,0,0,0,0,0,0,0,0,0,0,0,0,0,0,0,0,0,0,0,0,0,0,0,0,0,0,0,0,0,0,0,0,0,0,0,0,0,0,0,0,0,0,0,0,0,0,0,0,0,0,0,0,0,0,0,0,0,0,0,0,0,0,0,0,0,0,0,0,0,0,0,0,0,0,0,0,0,0,0,98,520,527,-512,-592,-551,-387,-155,114,372,599,766,869,902,857,774,605,384,140,-132,-395,-655,-883,-1063,-1185,-1219,-1165,-1047,-843,-592,-295,40,357,656,901,1092,1231,1291,1276,1181,1014,800,570,318,54,-202,-425,-606,-766,-884,-958,-991,-979,-913,-825,-722,-561,-425,-295,-146,16,160,284,399,512,608,675,724,762,777,767,740,658,554,450,307,156,-8,-173,-323,-481,-596,-694,-773,-816,-820,-779,-709,-605,-482,-337,-183,-51,87,216,338,437,508,540,557,550,543,508,456,395,330,259,190,114,47,-13,-76,-125,-174,-223,-261,-297,-327,-344,-366,-376,-376,-376,-355,-332,-288,-241,-183,-686,-43,34,108,187,271,343,404,451,487,496,487,474,436,379,312,238,141,72,-19,-117,-197,-277,-350,-422,-460,-510,-536,-537,-535,-504,-462,-410,-337,-267,-168,-40,75,196,317,438,558,654,721,749,749,713,671,580,452,311,139,-28,-196,-363,-508,-623,-704,-766,-795,-795,-740,-662,-567,-435,-285,-137,-1,146,298,419,517,596,647,663,643,598,549,466,354,252,149,30,-79,-181,-260,-323,-395,-436,-442,-459,-452,-441,-421,-370,-315,-265,-201,-117,-26,74,180,280,374,478,555,605,631,606,554,460,307,149,-24,-228,-419,-593,-730,-806,-810,-727,-554,-301,-2,290,490,498,501,0,0,0,0,0,0,0,0,0,0,0,0,0,0,0,0,0,0,0,0,0,0,0,0,0,0,0,0,0,0,0,0,0,0,0,0,0,0,0,0,0,0,0,0,0,0,0,0,0,0,0,0,0,0,0,0,0,0,0,0,0,0,0,0,0,0,0,0,0,0,0,0,0,0,0,0,0,0,0,0,0,0,0,0,0,0,0,0,0,0,0,0,0,0,0,0,0,0,0,0,0,0,0,0,0,0,0,0,0,0,0,0,0,0,0,0,0,0,0,0,0,0,0,0,0,0,0,0,0,0,0,0,0,0,0,0,0,0,0,0,0,0,0,0,0,0,0,0,0,0,0,0,0,0,0,0,0,0,0,0,0,0,0,0,0,0,0,0,0,0,0,0,0,0,0,0,0,0,0,0,0,0,0,0,0,0,0,0,0,0,0,0,0,0,0,0,0,0,0,0,0,0,0,0,0,0,0,0,0,0,0,0,0,0,0,0,0,0,0,0,0,0,0,0,0,0,0,0,0,0,0,0,0,0,0,0,0,0,0,0,0,0,0,0,0,0,0,0,0,0,0,0,0,0,0,0,-999,410,377,-98,130,397,619,753,802,741,602,392,157,-95,-342,-573,-789,-934,-1026,-1053,-1004,-888,-721,-479,-202,112,407,682,936,1132,1271,1316,1269,1139,937,696,420,111,-200,-492,-739,-920,-1059,-1152,-1174,-1116,-1007,-885,-737,-550,-351,-150,59,245,394,545,666,714,764,809,815,788,732,657,573,475,358,238,109,-33,-169,-312,-459,-556,-664,-761,-807,-832,-801,-760,-683,-566,-437,-275,-99,71,228,368,489,588,674,698,704,687,639,571,468,365,261,159,60,-36,-134,-219,-286,-335,-368,-386,-398,-405,-406,-394,-363,-334,-296,-251,-208,-166,-131,-87,-17,39,101,162,225,287,335,383,9,435,437,430,421,385,337,270,200,120,17,-71,-168,-261,-333,-394,-450,-476,-486,-513,-493,-464,-427,-383,-306,-225,-146,-50,39,126,231,310,393,463,534,604,640,634,615,576,533,448,342,201,53,-99,-254,-398,-550,-657,-741,-793,-808,-795,-739,-651,-522,-380,-228,-59,106,271,405,529,639,700,725,727,710,655,560,466,350,214,71,-74,-191,-311,-417,-487,-523,-550,-552,-536,-506,-446,-385,-302,-210,-134,-63,35,107,182,253,304,364,419,458,492,507,494,449,395,314,200,80,-71,-226,-368,-515,-624,-684,-724,-710,-629,-504,-313,-94,157,409,625,770,799,707,534,466,440
62061,mtk,MTK 7916,2150729073,rx1-tx1,512,0,0,0,0,0,0,0,0,0,0,0,0,0,0,0,0,0,0,0,0,0,0,0,0,0,0,0,0,0,0,0,0,0,0,0,0,0,0,0,0,0,0,0,0,0,0,0,0,0,0,0,0,0,0,0,0,0,0,0,0,0,0,0,0,0,0,0,0,0,0,0,0,0,0,0,0,0,0,0,0,0,0,0,0,0,0,0,0,0,0,0,0,0,0,0,0,0,0,0,0,0,0,0,0,0,0,0,0,0,0,0,0,0,0,0,0,0,0,0,0,0,0,0,0,0,0,0,0,0,0,0,0,0,0,0,0,0,0,0,0,0,0,0,0,0,0,0,0,0,0,0,0,0,0,0,0,0,0,0,0,0,0,0,0,0,0,0,0,0,0,0,0,0,0,0,0,0,0,0,0,0,0,0,0,0,0,0,0,0,0,0,0,0,0,0,0,0,0,0,0,0,0,0,0,0,0,0,0,0,0,0,0,0,0,0,0,0,0,0,0,0,0,0,0,0,0,0,0,0,0,0,0,0,0,0,0,0,0,0,0,0,0,0,0,0,0,0,0,0,0,0,0,0,0,0,0,-282,-516,-554,91,33,-48,-141,-214,-248,-239,-180,-79,55,189,265,266,197,84,-64,-199,-277,-271,-187,-41,128,256,305,261,124,-59,-239,-345,-338,-223,-28,192,360,418,347,160,-93,-329,-468,-458,-298,-36,247,474,558,459,201,-133,-432,-601,-594,-393,-46,326,588,674,554,243,-168,-525,-727,-693,-440,-39,381,698,785,625,263,-194,-593,-793,-758,-476,-26,421,728,814,629,233,-246,-636,-807,-722,-402,50,477,744,768,542,139,-303,-636,-756,-628,-283,142,509,707,681,414,12,-385,-641,-682,-499,-155,244,544,642,536,251,-113,-428,-600,-553,-320,17,342,546,555,366,46,-278,0,-553,-387,-84,241,484,559,436,157,-178,-456,-572,-482,-211,148,463,623,565,309,-81,-448,-666,-667,-428,-24,397,692,765,589,197,-292,-687,-851,-750,-377,141,616,896,897,598,92,-455,-858,-985,-792,-335,241,742,1012,960,589,16,-552,-954,-1053,-812,-301,305,818,1066,960,541,-47,-606,-977,-1038,-755,-236,350,820,1029,904,485,-87,-622,-963,-989,-695,-188,381,823,991,843,431,-117,-635,-949,-961,-666,-189,353,789,986,869,496,-20,-514,-849,-951,-776,-351,181,634,889,898,642,203,-271,-652,-848,-807,-538,-125,307,651,824,766,501,128,-267,-585,-767,-776,-625,-363,-48,-409,-445,0,0,0,0,0,0,0,0,0,0,0,0,0,0,0,0,0,0,0,0,0,0,0,0,0,0,0,0,0,0,0,0,0,0,0,0,0,0,0,0,0,0,0,0,0,0,0,0,0,0,0,0,0,0,0,0,0,0,0,0,0,0,0,0,0,0,0,0,0,0,0,0,0,0,0,0,0,0,0,0,0,0,0,0,0,0,0,0,0,0,0,0,0,0,0,0,0,0,0,0,0,0,0,0,0,0,0,0,0,0,0,0,0,0,0,0,0,0,0,0,0,0,0,0,0,0,0,0,0,0,0,0,0,0,0,0,0,0,0,0,0,0,0,0,0,0,0,0,0,0,0,0,0,0,0,0,0,0,0,0,0,0,0,0,0,0,0,0,0,0,0,0,0,0,0,0,0,0,0,0,0,0,0,0,0,0,0,0,0,0,0,0,0,0,0,0,0,0,0,0,0,0,0,0,0,0,0,0,0,0,0,0,0,0,0,0,0,0,0,0,0,0,0,0,0,0,0,0,0,0,0,0,0,0,0,0,0,0,0,0,0,0,0,0,0,0,0,0,0,0,0,0,0,0,0,0,288,-766,-754,155,207,221,195,132,34,-87,-196,-266,-268,-204,-90,49,178,260,269,198,64,-90,-228,-301,-271,-157,3,175,298,336,262,89,-124,-289,-373,-342,-200,16,243,403,447,341,112,-168,-401,-519,-465,-262,39,334,539,586,433,131,-222,-510,-635,-578,-323,47,429,679,702,497,136,-281,-616,-770,-671,-350,82,496,764,780,545,140,-308,-665,-813,-699,-345,114,525,768,773,528,105,-354,-696,-798,-640,-289,158,561,776,719,418,2,-405,-685,-732,-532,-151,266,585,704,590,284,-114,-468,-665,-634,-382,-14,348,585,621,439,114,-252,-506,-586,-466,-179,163,445,569,487,0,-98,-400,-562,-518,-295,39,364,555,546,341,4,-335,-560,-591,-414,-84,286,572,660,508,166,-243,-579,-730,-643,-315,136,557,813,787,489,33,-454,-811,-897,-684,-246,280,728,953,862,478,-77,-618,-957,-982,-693,-179,413,874,1053,893,449,-155,-704,-1021,-1024,-698,-135,475,924,1079,889,410,-199,-733,-1022,-977,-628,-81,487,891,1013,802,322,-245,-730,-982,-922,-569,-30,512,882,979,774,311,-241,-709,-952,-909,-587,-83,452,847,985,817,414,-97,-583,-897,-937,-703,-267,232,652,878,844,575,151,-297,-659,-833,-762,-486,-88,322,653,811,781,570,232,-134,-433,-609,-655,-826,-801
62062,mtk,MTK 7916,2150729073,rx2-tx0,512,0,0,0,0,0,0,0,0,0,0,0,0,0,0,0,0,0,0,0,0,0,0,0,0,0,0,0,0,0,0,0,0,0,0,0,0,0,0,0,0,0,0,0,0,0,0,0,0,0,0,0,0,0,0,0,0,0,0,0,0,0,0,0,0,0,0,0,0,0,0,0,0,0,0,0,0,0,0,0,0,0,0,0,0,0,0,0,0,0,0,0,0,0,0,0,0,0,0,0,0,0,0,0,0,0,0,0,0,0,0,0,0,0,0,0,0,0,0,0,0,0,0,0,0,0,0,0,0,0,0,0,0,0,0,0,0,0,0,0,0,0,0,0,0,0,0,0,0,0,0,0,0,0,0,0,0,0,0,0,0,0,0,0,0,0,0,0,0,0,0,0,0,0,0,0,0,0,0,0,0,0,0,0,0,0,0,0,0,0,0,0,0,0,0,0,0,0,0,0,0,0,0,0,0,0,0,0,0,0,0,0,0,0,0,0,0,0,0,0,0,0,0,0,0,0,0,0,0,0,0,0,0,0,0,0,0,0,0,0,0,0,0,0,0,0,0,0,0,0,0,0,0,0,0,0,0,794,-1247,-1242,-126,-121,-89,-33,33,96,147,171,156,99,11,-78,-150,-186,-178,-109,-3,101,172,203,179,104,-3,-113,-194,-214,-173,-72,45,142,182,179,112,12,-103,-176,-188,-146,-42,78,176,221,198,104,-23,-149,-222,-237,-165,-28,120,230,279,228,106,-42,-179,-265,-261,-182,-42,109,215,262,230,123,-33,-166,-232,-243,-170,-30,107,199,221,187,81,-50,-150,-191,-166,-93,11,123,182,166,102,2,-93,-152,-175,-149,-61,45,132,164,159,109,21,-60,-108,-115,-79,-35,27,78,83,51,13,-17,-32,-26,5,27,50,51,28,-6,-42,-86,-84,-40,9,67,119,0,68,-2,-80,-144,-163,-126,-55,47,154,214,202,120,1,-122,-215,-241,-194,-92,54,182,253,237,147,1,-131,-219,-237,-183,-74,68,201,254,224,123,-11,-144,-232,-248,-187,-70,77,194,238,198,108,-6,-114,-190,-191,-126,-17,87,149,169,121,31,-61,-120,-146,-113,-40,48,129,172,146,60,-45,-135,-179,-171,-113,-20,95,180,211,167,80,-28,-117,-175,-171,-114,-28,59,113,133,118,67,-9,-68,-94,-86,-57,-5,44,68,54,23,-30,-68,-77,-46,8,80,131,156,135,60,-22,-111,-181,-213,-185,-107,10,122,213,257,250,191,90,-29,-130,-192,-228,-1201,-1206,0,0,0,0,0,0,0,0,0,0,0,0,0,0,0,0,0,0,0,0,0,0,0,0,0,0,0,0,0,0,0,0,0,0,0,0,0,0,0,0,0,0,0,0,0,0,0,0,0,0,0,0,0,0,0,0,0,0,0,0,0,0,0,0,0,0,0,0,0,0,0,0,0,0,0,0,0,0,0,0,0,0,0,0,0,0,0,0,0,0,0,0,0,0,0,0,0,0,0,0,0,0,0,0,0,0,0,0,0,0,0,0,0,0,0,0,0,0,0,0,0,0,0,0,0,0,0,0,0,0,0,0,0,0,0,0,0,0,0,0,0,0,0,0,0,0,0,0,0,0,0,0,0,0,0,0,0,0,0,0,0,0,0,0,0,0,0,0,0,0,0,0,0,0,0,0,0,0,0,0,0,0,0,0,0,0,0,0,0,0,0,0,0,0,0,0,0,0,0,0,0,0,0,0,0,0,0,0,0,0,0,0,0,0,0,0,0,0,0,0,0,0,0,0,0,0,0,0,0,0,0,0,0,0,0,0,0,0,0,0,0,0,0,0,0,0,0,0,0,0,0,0,0,0,0,0,572,-254,-216,-13,-70,-122,-159,-165,-136,-81,-6,75,152,189,162,96,12,-82,-171,-212,-176,-101,-8,96,172,200,173,87,-19,-122,-191,-203,-147,-37,86,167,207,183,87,-33,-141,-205,-204,-130,-12,120,203,231,184,62,-71,-186,-261,-247,-144,12,156,227,254,210,94,-61,-205,-291,-265,-154,0,143,243,263,201,84,-62,-183,-233,-207,-124,1,134,197,188,138,35,-90,-176,-203,-159,-62,38,121,177,165,94,-8,-101,-163,-159,-113,-39,47,124,145,117,64,-3,-62,-88,-89,-56,-4,45,56,41,8,-18,-44,-37,-6,23,39,48,44,1,-51,-92,-113,-101,-29,0,117,145,134,72,-21,-121,-185,-199,-140,-33,94,199,238,202,100,-27,-155,-246,-259,-186,-51,88,209,260,219,103,-38,-167,-244,-246,-166,-28,111,207,241,202,94,-55,-185,-246,-233,-143,-7,113,193,225,174,71,-56,-154,-196,-175,-104,16,118,153,133,69,-28,-101,-149,-150,-86,-4,91,162,178,136,50,-69,-155,-198,-174,-96,8,115,183,193,149,66,-39,-120,-160,-151,-100,-17,54,108,108,79,30,-20,-61,-72,-40,10,42,60,66,25,-23,-73,-105,-107,-65,9,96,155,175,154,93,-9,-119,-202,-236,-209,-132,-23,92,192,255,273,242,165,60,-385,-343
62063,mtk,MTK 7916,2150729073,rx2-tx1,512,0,0,0,0,0,0,0,0,0,0,0,0,0,0,0,0,0,0,0,0,0,0,0,0,0,0,0,0,0,0,0,0,0,0,0,0,0,0,0,0,0,0,0,0,0,0,0,0,0,0,0,0,0,0,0,0,0,0,0,0,0,0,0,0,0,0,0,0,0,0,0,0,0,0,0,0,0,0,0,0,0,0,0,0,0,0,0,0,0,0,0,0,0,0,0,0,0,0,0,0,0,0,0,0,0,0,0,0,0,0,0,0,0,0,0,0,0,0,0,0,0,0,0,0,0,0,0,0,0,0,0,0,0,0,0,0,0,0,0,0,0,0,0,0,0,0,0,0,0,0,0,0,0,0,0,0,0,0,0,0,0,0,0,0,0,0,0,0,0,0,0,0,0,0,0,0,0,0,0,0,0,0,0,0,0,0,0,0,0,0,0,0,0,0,0,0,0,0,0,0,0,0,0,0,0,0,0,0,0,0,0,0,0,0,0,0,0,0,0,0,0,0,0,0,0,0,0,0,0,0,0,0,0,0,0,0,0,0,0,0,0,0,0,0,0,0,0,0,0,0,0,0,0,0,0,0,381,-435,-433,-1,9,24,36,47,60,56,42,26,-7,-48,-70,-76,-67,-29,18,53,85,105,83,31,-35,-92,-126,-125,-87,-30,48,136,180,177,129,33,-89,-187,-231,-213,-131,-4,137,245,290,235,105,-52,-203,-316,-340,-267,-106,108,296,396,392,259,40,-198,-401,-479,-417,-226,45,311,485,522,405,152,-161,-418,-557,-533,-351,-62,250,498,584,493,268,-45,-345,-532,-561,-433,-173,150,424,564,532,339,43,-253,-462,-521,-428,-210,86,349,491,468,311,54,-211,-397,-449,-360,-164,75,287,390,369,239,27,-198,-352,-377,-286,-111,97,270,349,312,171,-14,-185,-302,0,-200,-45,126,259,310,260,106,-81,-215,-275,-238,-124,19,163,259,265,169,11,-144,-240,-260,-198,-66,98,224,263,213,94,-70,-213,-287,-268,-157,7,180,305,319,230,70,-118,-271,-346,-310,-182,10,199,310,327,242,88,-80,-226,-312,-292,-177,-20,146,258,276,208,92,-49,-175,-257,-252,-164,-21,119,214,237,189,82,-53,-165,-219,-207,-146,-45,79,173,205,185,111,1,-105,-167,-193,-168,-91,-2,71,126,148,126,72,9,-44,-84,-105,-89,-53,-21,3,23,44,53,52,46,28,10,0,-16,-37,-53,-54,-55,-60,-35,3,39,66,88,97,84,38,-447,-450,0,0,0,0,0,0,0,0,0,0,0,0,0,0,0,0,0,0,0,0,0,0,0,0,0,0,0,0,0,0,0,0,0,0,0,0,0,0,0,0,0,0,0,0,0,0,0,0,0,0,0,0,0,0,0,0,0,0,0,0,0,0,0,0,0,0,0,0,0,0,0,0,0,0,0,0,0,0,0,0,0,0,0,0,0,0,0,0,0,0,0,0,0,0,0,0,0,0,0,0,0,0,0,0,0,0,0,0,0,0,0,0,0,0,0,0,0,0,0,0,0,0,0,0,0,0,0,0,0,0,0,0,0,0,0,0,0,0,0,0,0,0,0,0,0,0,0,0,0,0,0,0,0,0,0,0,0,0,0,0,0,0,0,0,0,0,0,0,0,0,0,0,0,0,0,0,0,0,0,0,0,0,0,0,0,0,0,0,0,0,0,0,0,0,0,0,0,0,0,0,0,0,0,0,0,0,0,0,0,0,0,0,0,0,0,0,0,0,0,0,0,0,0,0,0,0,0,0,0,0,0,0,0,0,0,0,0,0,0,0,0,0,0,0,0,0,0,0,0,0,0,0,0,0,0,0,-1037,-221,-205,-30,-36,-40,-32,-20,-1,26,49,60,68,52,25,-12,-52,-78,-77,-70,-36,15,68,107,112,93,48,-26,-104,-154,-157,-116,-34,62,154,200,189,131,21,-102,-209,-263,-237,-136,8,173,289,320,252,113,-74,-253,-379,-387,-276,-73,160,344,437,402,237,-18,-276,-453,-493,-392,-186,88,353,518,535,388,123,-187,-448,-572,-528,-325,-17,302,527,597,483,229,-98,-388,-556,-563,-413,-126,205,453,553,482,281,-5,-291,-483,-512,-382,-136,140,358,446,397,226,-15,-250,-404,-424,-300,-89,147,325,407,339,166,-53,-237,-358,-370,-242,-39,154,280,329,270,107,0,-244,-305,-276,-162,1,172,280,279,186,30,-139,-253,-272,-216,-88,69,205,268,234,112,-34,-175,-254,-244,-140,14,164,253,264,189,50,-125,-257,-298,-252,-128,62,230,314,312,213,25,-160,-293,-343,-284,-133,47,214,315,316,228,55,-130,-260,-314,-275,-137,33,165,251,269,195,55,-99,-217,-256,-216,-117,26,155,218,216,158,52,-77,-167,-216,-208,-126,1,108,185,204,157,87,5,-80,-152,-166,-129,-75,-3,63,102,112,101,68,24,-17,-49,-70,-86,-72,-34,-7,-3,10,32,41,49,39,32,27,8,-18,-40,-64,-77,-69,-60,-32,1,46,87,-271,-258
62064,mtk,MTK 7916,2150830126,rx0-tx0,512,0,0,0,0,0,0,0,0,0,0,0,0,0,0,0,0,0,0,0,0,0,0,0,0,0,0,0,0,0,0,0,0,0,0,0,0,0,0,0,0,0,0,0,0,0,0,0,0,0,0,0,0,0,0,0,0,0,0,0,0,0,0,0,0,0,0,0,0,0,0,0,0,0,0,0,0,0,0,0,0,0,0,0,0,0,0,0,0,0,0,0,0,0,0,0,0,0,0,0,0,0,0,0,0,0,0,0,0,0,0,0,0,0,0,0,0,0,0,0,0,0,0,0,0,0,0,0,0,0,0,0,0,0,0,0,0,0,0,0,0,0,0,0,0,0,0,0,0,0,0,0,0,0,0,0,0,0,0,0,0,0,0,0,0,0,0,0,0,0,0,0,0,0,0,0,0,0,0,0,0,0,0,0,0,0,0,0,0,0,0,0,0,0,0,0,0,0,0,0,0,0,0,0,0,0,0,0,0,0,0,0,0,0,0,0,0,0,0,0,0,0,0,0,0,0,0,0,0,0,0,0,0,0,0,0,0,0,0,0,0,0,0,0,0,0,0,0,0,0,0,0,0,0,0,0,0,-364,-596,-597,-243,-491,-661,-680,-541,-290,16,312,556,733,803,779,684,513,265,6,-256,-510,-710,-847,-900,-859,-750,-578,-332,-56,209,486,703,860,941,955,888,755,563,309,42,-226,-490,-721,-880,-994,-1024,-966,-855,-671,-420,-142,147,430,677,896,1034,1089,1068,960,791,543,277,-21,-328,-580,-809,-956,-1039,-1063,-996,-863,-664,-409,-138,126,376,618,797,906,943,926,859,749,570,358,126,-112,-322,-527,-683,-807,-875,-868,-818,-719,-570,-401,-183,47,262,440,593,714,782,795,751,664,522,350,177,5,-169,-336,-475,-567,-625,-656,-652,-605,-523,-429,-326,-193,-59,75,223,356,480,-330,677,706,713,679,604,484,320,120,-100,-315,-542,-744,-891,-986,-1019,-977,-870,-687,-446,-157,144,440,732,968,1145,1249,1235,1142,958,704,397,49,-302,-638,-928,-1156,-1313,-1371,-1309,-1166,-947,-655,-302,71,445,775,1050,1270,1396,1420,1354,1173,898,572,193,-197,-566,-909,-1181,-1381,-1471,-1461,-1342,-1120,-809,-436,-23,390,775,1096,1349,1495,1528,1448,1236,942,558,135,-297,-710,-1062,-1349,-1515,-1541,-1456,-1251,-936,-543,-111,328,737,1075,1326,1456,1458,1329,1082,756,358,-67,-480,-845,-1132,-1300,-1349,-1274,-1085,-817,-452,-53,335,716,1015,1205,1282,1233,1040,711,262,-236,-711,-1093,-1272,-1181,-897,-604,-589,0,0,0,0,0,0,0,0,0,0,0,0,0,0,0,0,0,0,0,0,0,0,0,0,0,0,0,0,0,0,0,0,0,0,0,0,0,0,0,0,0,0,0,0,0,0,0,0,0,0,0,0,0,0,0,0,0,0,0,0,0,0,0,0,0,0,0,0,0,0,0,0,0,0,0,0,0,0,0,0,0,0,0,0,0,0,0,0,0,0,0,0,0,0,0,0,0,0,0,0,0,0,0,0,0,0,0,0,0,0,0,0,0,0,0,0,0,0,0,0,0,0,0,0,0,0,0,0,0,0,0,0,0,0,0,0,0,0,0,0,0,0,0,0,0,0,0,0,0,0,0,0,0,0,0,0,0,0,0,0,0,0,0,0,0,0,0,0,0,0,0,0,0,0,0,0,0,0,0,0,0,0,0,0,0,0,0,0,0,0,0,0,0,0,0,0,0,0,0,0,0,0,0,0,0,0,0,0,0,0,0,0,0,0,0,0,0,0,0,0,0,0,0,0,0,0,0,0,0,0,0,0,0,0,0,0,0,0,0,0,0,0,0,0,0,0,0,0,0,0,0,0,0,0,0,0,-49,161,174,-470,-343,-89,231,514,708,774,724,574,343,71,-207,-449,-662,-802,-843,-828,-716,-526,-289,-8,266,513,719,873,922,915,824,648,420,157,-118,-385,-618,-808,-922,-968,-948,-863,-697,-472,-219,69,342,591,810,964,1035,1037,963,822,620,351,57,-239,-512,-760,-936,-1047,-1102,-1043,-914,-727,-468,-205,85,377,630,838,971,1012,987,917,782,592,354,112,-133,-354,-555,-731,-836,-900,-901,-844,-739,-576,-384,-154,69,280,481,630,762,849,850,800,688,551,370,161,-36,-227,-406,-555,-655,-708,-729,-704,-628,-507,-369,-228,-80,71,220,348,441,536,605,621,623,597,536,461,-82,200,38,-123,-303,-483,-636,-761,-840,-859,-841,-766,-614,-407,-169,104,367,626,854,1021,1115,1121,1062,926,716,451,127,-227,-548,-832,-1065,-1237,-1315,-1290,-1165,-960,-687,-360,10,375,700,991,1223,1365,1405,1331,1155,914,615,257,-116,-491,-843,-1118,-1320,-1442,-1440,-1347,-1160,-888,-532,-130,274,659,995,1266,1447,1513,1465,1300,1043,706,301,-110,-536,-903,-1208,-1431,-1531,-1508,-1363,-1113,-770,-352,88,511,904,1228,1433,1531,1488,1313,1040,673,251,-188,-619,-961,-1223,-1378,-1415,-1318,-1105,-791,-407,-10,392,740,1024,1225,1286,1244,1089,806,442,39,-395,-793,-1118,-1308,-1309,-1134,-760,-240,318,697,138,143
62065,mtk,MTK 7916,2150830126,rx0-tx1,512,0,0,0,0,0,0,0,0,0,0,0,0,0,0,0,0,0,0,0,0,0,0,0,0,0,0,0,0,0,0,0,0,0,0,0,0,0,0,0,0,0,0,0,0,0,0,0,0,0,0,0,0,0,0,0,0,0,0,0,0,0,0,0,0,0,0,0,0,0,0,0,0,0,0,0,0,0,0,0,0,0,0,0,0,0,0,0,0,0,0,0,0,0,0,0,0,0,0,0,0,0,0,0,0,0,0,0,0,0,0,0,0,0,0,0,0,0,0,0,0,0,0,0,0,0,0,0,0,0,0,0,0,0,0,0,0,0,0,0,0,0,0,0,0,0,0,0,0,0,0,0,0,0,0,0,0,0,0,0,0,0,0,0,0,0,0,0,0,0,0,0,0,0,0,0,0,0,0,0,0,0,0,0,0,0,0,0,0,0,0,0,0,0,0,0,0,0,0,0,0,0,0,0,0,0,0,0,0,0,0,0,0,0,0,0,0,0,0,0,0,0,0,0,0,0,0,0,0,0,0,0,0,0,0,0,0,0,0,0,0,0,0,0,0,0,0,0,0,0,0,0,0,0,0,0,0,-449,-358,-381,133,383,596,673,613,412,145,-157,-452,-659,-803,-856,-799,-648,-425,-142,183,481,748,942,1036,1022,907,691,375,23,-329,-661,-924,-1098,-1140,-1081,-932,-693,-390,-49,278,570,806,950,1007,991,907,735,516,265,17,-223,-445,-615,-736,-805,-810,-749,-664,-543,-391,-201,-13,153,323,455,566,628,663,665,628,565,459,340,212,43,-128,-308,-489,-643,-754,-808,-836,-800,-681,-531,-316,-77,172,422,619,787,904,941,930,831,687,497,274,31,-225,-453,-660,-813,-914,-970,-935,-864,-723,-531,-303,-50,201,471,697,863,983,1025,1019,925,756,548,290,2,-279,-551,-790,-953,-1066,510,-1061,-922,-737,-495,-219,73,347,611,817,970,1055,1059,1007,870,679,452,213,-39,-303,-533,-737,-882,-985,-1034,-1020,-933,-782,-588,-349,-94,183,475,739,961,1128,1249,1273,1211,1062,825,510,133,-267,-679,-1039,-1344,-1568,-1666,-1623,-1439,-1123,-719,-234,276,789,1253,1593,1837,1917,1823,1561,1183,688,124,-461,-1011,-1473,-1805,-1959,-1952,-1784,-1445,-981,-443,139,698,1185,1582,1817,1862,1777,1535,1121,620,86,-468,-977,-1371,-1629,-1733,-1650,-1406,-1043,-568,-60,452,885,1210,1412,1455,1334,1069,721,329,-86,-475,-773,-988,-1074,-1053,-929,-703,-434,-116,208,497,721,853,865,762,546,242,-97,-393,-556,-233,-278,0,0,0,0,0,0,0,0,0,0,0,0,0,0,0,0,0,0,0,0,0,0,0,0,0,0,0,0,0,0,0,0,0,0,0,0,0,0,0,0,0,0,0,0,0,0,0,0,0,0,0,0,0,0,0,0,0,0,0,0,0,0,0,0,0,0,0,0,0,0,0,0,0,0,0,0,0,0,0,0,0,0,0,0,0,0,0,0,0,0,0,0,0,0,0,0,0,0,0,0,0,0,0,0,0,0,0,0,0,0,0,0,0,0,0,0,0,0,0,0,0,0,0,0,0,0,0,0,0,0,0,0,0,0,0,0,0,0,0,0,0,0,0,0,0,0,0,0,0,0,0,0,0,0,0,0,0,0,0,0,0,0,0,0,0,0,0,0,0,0,0,0,0,0,0,0,0,0,0,0,0,0,0,0,0,0,0,0,0,0,0,0,0,0,0,0,0,0,0,0,0,0,0,0,0,0,0,0,0,0,0,0,0,0,0,0,0,0,0,0,0,0,0,0,0,0,0,0,0,0,0,0,0,0,0,0,0,0,0,0,0,0,0,0,0,0,0,0,0,0,0,0,0,0,0,0,26,-1037,-1029,472,415,210,-85,-382,-624,-746,-773,-662,-471,-235,62,351,610,808,924,940,848,667,403,76,-270,-583,-860,-1045,-1113,-1082,-936,-690,-356,-6,330,646,899,1067,1114,1059,929,700,433,145,-132,-404,-642,-810,-902,-919,-874,-760,-606,-406,-198,28,224,379,532,653,719,725,695,621,525,397,241,98,-59,-209,-354,-499,-599,-673,-721,-717,-690,-607,-470,-288,-91,108,340,546,728,864,916,915,830,690,515,267,33,-225,-463,-652,-808,-910,-960,-933,-843,-700,-505,-286,-29,226,454,660,830,947,991,984,900,744,556,305,30,-237,-508,-722,-900,-1031,-1086,-1055,-950,-762,-522,-269,-82,326,589,810,983,1079,1091,1023,897,698,465,182,-95,-361,-594,-788,-923,-999,-1033,-985,-879,-720,-508,-282,-28,243,494,723,900,1028,1102,1126,1065,923,707,456,144,-192,-519,-840,-1120,-1336,-1455,-1471,-1369,-1149,-834,-431,33,503,950,1333,1622,1794,1810,1677,1370,965,478,-69,-630,-1131,-1545,-1838,-1967,-1926,-1715,-1345,-853,-292,285,846,1341,1689,1899,1935,1788,1506,1082,542,-14,-547,-1058,-1465,-1708,-1805,-1747,-1506,-1123,-652,-118,441,923,1311,1546,1611,1509,1257,897,458,-25,-479,-849,-1103,-1247,-1253,-1115,-869,-561,-208,140,464,718,881,964,920,782,559,260,-71,-386,-636,-777,-775,-617,-382,-1054,-1048
62066,mtk,MTK 7916,2150830126,rx1-tx0,512,0,0,0,0,0,0,0,0,0,0,0,0,0,0,0,0,0,0,0,0,0,0,0,0,0,0,0,0,0,0,0,0,0,0,0,0,0,0,0,0,0,0,0,0,0,0,0,0,0,0,0,0,0,0,0,0,0,0,0,0,0,0,0,0,0,0,0,0,0,0,0,0,0,0,0,0,0,0,0,0,0,0,0,0,0,0,0,0,0,0,0,0,0,0,0,0,0,0,0,0,0,0,0,0,0,0,0,0,0,0,0,0,0,0,0,0,0,0,0,0,0,0,0,0,0,0,0,0,0,0,0,0,0,0,0,0,0,0,0,0,0,0,0,0,0,0,0,0,0,0,0,0,0,0,0,0,0,0,0,0,0,0,0,0,0,0,0,0,0,0,0,0,0,0,0,0,0,0,0,0,0,0,0,0,0,0,0,0,0,0,0,0,0,0,0,0,0,0,0,0,0,0,0,0,0,0,0,0,0,0,0,0,0,0,0,0,0,0,0,0,0,0,0,0,0,0,0,0,0,0,0,0,0,0,0,0,0,0,0,0,0,0,0,0,0,0,0,0,0,0,0,0,0,0,0,0,98,520,527,-76,-342,-599,-736,-722,-563,-305,11,335,622,835,936,946,837,620,331,-3,-353,-692,-964,-1130,-1188,-1121,-920,-613,-245,173,583,925,1191,1311,1284,1168,937,594,208,-190,-549,-843,-1054,-1159,-1180,-1092,-879,-639,-355,-50,225,476,693,838,903,923,838,734,596,414,214,10,-173,-355,-513,-652,-726,-772,-776,-704,-598,-470,-288,-84,123,317,515,682,791,829,809,722,592,416,202,-31,-251,-423,-583,-699,-747,-727,-643,-544,-395,-237,-57,110,249,367,460,516,514,488,439,362,279,196,83,-26,-98,-167,-230,-273,-311,-339,-347,-333,-310,-283,-247,-181,-126,-32,75,160,255,340,-686,425,437,414,381,308,201,92,-20,-135,-246,-350,-439,-485,-503,-483,-436,-354,-260,-167,-32,112,227,340,438,492,528,531,507,452,357,250,110,-33,-185,-335,-471,-591,-667,-692,-668,-597,-468,-293,-109,101,309,514,674,764,822,799,710,565,373,154,-87,-308,-508,-675,-765,-796,-772,-686,-559,-388,-183,43,242,417,563,657,695,685,622,517,373,203,34,-143,-291,-404,-493,-540,-544,-510,-447,-333,-230,-118,9,133,235,322,383,436,465,457,426,363,261,154,24,-131,-297,-452,-554,-616,-624,-559,-443,-257,-54,177,431,606,734,788,723,548,275,-68,-393,-654,-767,-710,498,501,0,0,0,0,0,0,0,0,0,0,0,0,0,0,0,0,0,0,0,0,0,0,0,0,0,0,0,0,0,0,0,0,0,0,0,0,0,0,0,0,0,0,0,0,0,0,0,0,0,0,0,0,0,0,0,0,0,0,0,0,0,0,0,0,0,0,0,0,0,0,0,0,0,0,0,0,0,0,0,0,0,0,0,0,0,0,0,0,0,0,0,0,0,0,0,0,0,0,0,0,0,0,0,0,0,0,0,0,0,0,0,0,0,0,0,0,0,0,0,0,0,0,0,0,0,0,0,0,0,0,0,0,0,0,0,0,0,0,0,0,0,0,0,0,0,0,0,0,0,0,0,0,0,0,0,0,0,0,0,0,0,0,0,0,0,0,0,0,0,0,0,0,0,0,0,0,0,0,0,0,0,0,0,0,0,0,0,0,0,0,0,0,0,0,0,0,0,0,0,0,0,0,0,0,0,0,0,0,0,0,0,0,0,0,0,0,0,0,0,0,0,0,0,0,0,0,0,0,0,0,0,0,0,0,0,0,0,0,0,0,0,0,0,0,0,0,0,0,0,0,0,0,0,0,0,0,-999,410,377,-534,-511,-333,-34,294,589,781,857,806,647,395,90,-228,-544,-811,-993,-1075,-1048,-890,-618,-273,107,493,843,1112,1260,1297,1178,938,598,178,-228,-595,-937,-1170,-1280,-1263,-1133,-899,-593,-256,86,427,695,883,1027,1054,997,874,696,463,232,-13,-247,-421,-597,-730,-800,-808,-771,-701,-588,-434,-253,-75,131,324,480,620,733,783,777,724,630,478,285,69,-156,-379,-567,-714,-801,-808,-746,-644,-507,-314,-104,105,279,428,556,625,649,606,534,441,325,189,59,-65,-178,-267,-333,-384,-418,-409,-381,-349,-295,-231,-157,-88,1,66,129,187,256,301,342,383,386,361,331,259,9,82,-39,-150,-253,-358,-429,-453,-473,-452,-415,-348,-238,-123,0,140,253,355,414,478,524,508,462,407,312,187,62,-78,-203,-329,-440,-526,-589,-599,-580,-521,-430,-305,-141,33,217,401,573,689,755,764,716,615,445,252,30,-214,-426,-600,-738,-819,-828,-769,-655,-481,-262,-42,181,382,540,667,743,757,710,618,474,290,91,-97,-281,-426,-544,-603,-627,-600,-512,-403,-280,-134,15,160,290,391,437,476,486,457,400,321,234,139,17,-100,-217,-332,-423,-491,-535,-535,-493,-384,-233,-55,140,329,506,643,703,713,611,434,210,-71,-370,-622,-798,-843,-729,-484,-137,156,466,440
62067,mtk,MTK 7916,2150830126,rx1-tx1,512,0,0,0,0,0,0,0,0,0,0,0,0,0,0,0,0,0,0,0,0,0,0,0,0,0,0,0,0,0,0,0,0,0,0,0,0,0,0,0,0,0,0,0,0,0,0,0,0,0,0,0,0,0,0,0,0,0,0,0,0,0,0,0,0,0,0,0,0,0,0,0,0,0,0,0,0,0,0,0,0,0,0,0,0,0,0,0,0,0,0,0,0,0,0,0,0,0,0,0,0,0,0,0,0,0,0,0,0,0,0,0,0,0,0,0,0,0,0,0,0,0,0,0,0,0,0,0,0,0,0,0,0,0,0,0,0,0,0,0,0,0,0,0,0,0,0,0,0,0,0,0,0,0,0,0,0,0,0,0,0,0,0,0,0,0,0,0,0,0,0,0,0,0,0,0,0,0,0,0,0,0,0,0,0,0,0,0,0,0,0,0,0,0,0,0,0,0,0,0,0,0,0,0,0,0,0,0,0,0,0,0,0,0,0,0,0,0,0,0,0,0,0,0,0,0,0,0,0,0,0,0,0,0,0,0,0,0,0,0,0,0,0,0,0,0,0,0,0,0,0,0,0,0,0,0,0,-282,-516,-554,-96,-170,-221,-240,-230,-182,-99,1,95,182,248,263,225,141,23,-104,-215,-280,-285,-214,-98,46,188,279,307,277,173,3,-176,-303,-365,-339,-219,-37,159,329,426,431,321,116,-131,-349,-493,-514,-405,-194,75,339,528,600,517,304,13,-302,-561,-675,-623,-424,-103,258,562,724,708,533,213,-178,-533,-752,-788,-638,-326,58,451,729,827,723,436,28,-383,-686,-819,-756,-509,-124,294,623,784,758,544,190,-208,-555,-753,-748,-564,-237,152,490,699,734,572,263,-107,-437,-653,-697,-557,-267,67,373,582,632,517,272,-45,-342,-537,-575,-464,-233,59,340,531,564,427,0,-107,-368,-528,-535,-397,-156,144,410,556,545,372,93,-222,-480,-614,-575,-374,-71,268,544,683,642,431,82,-303,-610,-766,-738,-499,-108,317,660,851,830,598,196,-272,-670,-911,-918,-681,-278,202,657,961,1007,807,407,-115,-598,-933,-1041,-897,-518,2,523,901,1050,951,617,133,-392,-822,-1043,-1001,-708,-241,279,716,984,1006,784,357,-146,-614,-937,-1012,-838,-463,24,493,845,985,881,568,122,-352,-746,-962,-942,-704,-300,175,601,884,965,823,499,77,-372,-733,-919,-896,-685,-331,98,493,774,880,808,567,213,-188,-523,-754,-836,-754,-528,-213,113,407,625,734,723,611,-409,-445,0,0,0,0,0,0,0,0,0,0,0,0,0,0,0,0,0,0,0,0,0,0,0,0,0,0,0,0,0,0,0,0,0,0,0,0,0,0,0,0,0,0,0,0,0,0,0,0,0,0,0,0,0,0,0,0,0,0,0,0,0,0,0,0,0,0,0,0,0,0,0,0,0,0,0,0,0,0,0,0,0,0,0,0,0,0,0,0,0,0,0,0,0,0,0,0,0,0,0,0,0,0,0,0,0,0,0,0,0,0,0,0,0,0,0,0,0,0,0,0,0,0,0,0,0,0,0,0,0,0,0,0,0,0,0,0,0,0,0,0,0,0,0,0,0,0,0,0,0,0,0,0,0,0,0,0,0,0,0,0,0,0,0,0,0,0,0,0,0,0,0,0,0,0,0,0,0,0,0,0,0,0,0,0,0,0,0,0,0,0,0,0,0,0,0,0,0,0,0,0,0,0,0,0,0,0,0,0,0,0,0,0,0,0,0,0,0,0,0,0,0,0,0,0,0,0,0,0,0,0,0,0,0,0,0,0,0,0,0,0,0,0,0,0,0,0,0,0,0,0,0,0,0,0,0,0,288,-766,-754,143,116,65,-3,-85,-171,-239,-263,-248,-184,-93,25,142,234,276,261,187,74,-68,-193,-275,-291,-238,-119,33,182,291,336,294,178,16,-172,-323,-400,-380,-268,-76,158,359,477,489,377,163,-92,-345,-517,-552,-465,-262,28,319,546,644,572,353,51,-280,-556,-711,-685,-467,-141,214,540,748,764,598,297,-108,-481,-732,-811,-690,-392,8,405,690,816,752,472,84,-324,-640,-805,-766,-533,-157,251,577,766,768,560,211,-168,-507,-725,-754,-568,-245,116,451,677,712,559,267,-81,-406,-620,-664,-523,-267,60,366,571,621,516,253,-70,-347,-528,-581,-460,-209,93,362,0,539,400,148,-132,-381,-543,-553,-393,-118,190,450,584,556,374,76,-245,-500,-631,-588,-383,-62,282,581,735,684,456,95,-308,-653,-830,-790,-542,-150,307,692,894,884,655,240,-249,-680,-927,-951,-733,-335,159,621,955,1046,855,440,-76,-578,-928,-1065,-943,-578,-57,477,885,1070,988,671,192,-320,-758,-1005,-1001,-740,-308,197,654,945,996,803,396,-95,-549,-874,-985,-841,-499,-47,428,815,997,927,633,205,-273,-681,-930,-963,-780,-415,57,507,826,962,883,603,201,-237,-618,-847,-889,-746,-444,-55,333,649,816,809,644,344,-18,-371,-645,-800,-808,-686,-473,-202,62,307,-826,-801
62068,mtk,MTK 7916,2150830126,rx2-tx0,512,0,0,0,0,0,0,0,0,0,0,0,0,0,0,0,0,0,0,0,0,0,0,0,0,0,0,0,0,0,0,0,0,0,0,0,0,0,0,0,0,0,0,0,0,0,0,0,0,0,0,0,0,0,0,0,0,0,0,0,0,0,0,0,0,0,0,0,0,0,0,0,0,0,0,0,0,0,0,0,0,0,0,0,0,0,0,0,0,0,0,0,0,0,0,0,0,0,0,0,0,0,0,0,0,0,0,0,0,0,0,0,0,0,0,0,0,0,0,0,0,0,0,0,0,0,0,0,0,0,0,0,0,0,0,0,0,0,0,0,0,0,0,0,0,0,0,0,0,0,0,0,0,0,0,0,0,0,0,0,0,0,0,0,0,0,0,0,0,0,0,0,0,0,0,0,0,0,0,0,0,0,0,0,0,0,0,0,0,0,0,0,0,0,0,0,0,0,0,0,0,0,0,0,0,0,0,0,0,0,0,0,0,0,0,0,0,0,0,0,0,0,0,0,0,0,0,0,0,0,0,0,0,0,0,0,0,0,0,0,0,0,0,0,0,0,0,0,0,0,0,0,0,0,0,0,0,794,-1247,-1242,-27,19,66,111,149,168,164,129,73,3,-81,-152,-188,-185,-149,-81,9,102,174,207,191,141,72,-29,-134,-186,-201,-185,-119,-18,86,171,212,198,123,25,-65,-147,-202,-194,-144,-55,55,160,217,225,170,66,-50,-157,-240,-267,-222,-117,19,147,235,275,246,158,29,-99,-209,-264,-264,-192,-81,57,167,247,259,204,94,-28,-133,-187,-206,-185,-92,19,119,183,203,160,79,-21,-106,-162,-186,-154,-84,-3,79,152,176,148,83,6,-68,-113,-122,-105,-63,-18,26,64,77,61,38,8,-19,-37,-20,-6,15,42,56,46,25,-24,-66,-91,-93,-56,8,0,94,120,121,90,23,-71,-153,-200,-196,-143,-53,45,153,220,232,190,101,-21,-151,-230,-255,-230,-146,-27,87,194,255,229,152,58,-65,-188,-251,-242,-170,-52,77,170,220,242,195,91,-33,-147,-213,-221,-192,-120,-5,109,178,199,162,85,1,-84,-146,-162,-135,-64,32,108,150,163,124,41,-49,-120,-177,-202,-170,-87,17,100,163,191,186,121,27,-64,-136,-176,-161,-125,-69,4,70,96,95,96,61,2,-39,-61,-47,-14,20,47,81,80,50,-9,-61,-108,-144,-146,-100,-29,35,109,184,218,198,158,83,-7,-109,-204,-275,-287,-244,-181,-111,-24,76,-1201,-1206,0,0,0,0,0,0,0,0,0,0,0,0,0,0,0,0,0,0,0,0,0,0,0,0,0,0,0,0,0,0,0,0,0,0,0,0,0,0,0,0,0,0,0,0,0,0,0,0,0,0,0,0,0,0,0,0,0,0,0,0,0,0,0,0,0,0,0,0,0,0,0,0,0,0,0,0,0,0,0,0,0,0,0,0,0,0,0,0,0,0,0,0,0,0,0,0,0,0,0,0,0,0,0,0,0,0,0,0,0,0,0,0,0,0,0,0,0,0,0,0,0,0,0,0,0,0,0,0,0,0,0,0,0,0,0,0,0,0,0,0,0,0,0,0,0,0,0,0,0,0,0,0,0,0,0,0,0,0,0,0,0,0,0,0,0,0,0,0,0,0,0,0,0,0,0,0,0,0,0,0,0,0,0,0,0,0,0,0,0,0,0,0,0,0,0,0,0,0,0,0,0,0,0,0,0,0,0,0,0,0,0,0,0,0,0,0,0,0,0,0,0,0,0,0,0,0,0,0,0,0,0,0,0,0,0,0,0,0,0,0,0,0,0,0,0,0,0,0,0,0,0,0,0,0,0,0,572,-254,-216,-125,-138,-140,-121,-76,-13,49,109,171,193,174,121,47,-39,-114,-173,-199,-183,-128,-43,60,144,197,207,170,87,-6,-100,-161,-182,-167,-117,-23,85,160,188,194,140,33,-78,-166,-223,-218,-154,-47,65,166,236,248,190,79,-39,-142,-228,-281,-251,-143,-15,120,227,279,244,172,60,-87,-222,-272,-259,-193,-78,49,156,230,227,169,84,-26,-128,-182,-189,-159,-82,21,124,192,203,148,58,-23,-94,-156,-180,-153,-85,-3,72,130,166,156,105,36,-27,-83,-102,-90,-59,-17,23,46,52,34,3,-23,-37,-39,-23,8,37,59,68,61,14,-48,-95,-116,0,-70,-2,72,135,165,161,107,32,-60,-145,-212,-216,-173,-81,24,134,225,261,223,129,9,-115,-206,-246,-232,-160,-35,80,174,238,237,167,55,-69,-174,-242,-255,-196,-83,45,151,221,233,194,103,-3,-110,-184,-203,-159,-90,-7,81,153,169,142,83,-14,-99,-142,-145,-111,-35,52,133,184,191,144,74,-20,-122,-185,-197,-166,-92,-4,80,146,180,177,124,40,-39,-102,-152,-163,-119,-49,8,60,91,104,85,38,-14,-53,-65,-50,-5,31,69,92,96,82,31,-54,-121,-171,-189,-171,-101,-16,86,171,237,244,217,158,82,-21,-124,-207,-254,-264,-239,-385,-343
62069,mtk,MTK 7916,2150830126,rx2-tx1,512,0,0,0,0,0,0,0,0,0,0,0,0,0,0,0,0,0,0,0,0,0,0,0,0,0,0,0,0,0,0,0,0,0,0,0,0,0,0,0,0,0,0,0,0,0,0,0,0,0,0,0,0,0,0,0,0,0,0,0,0,0,0,0,0,0,0,0,0,0,0,0,0,0,0,0,0,0,0,0,0,0,0,0,0,0,0,0,0,0,0,0,0,0,0,0,0,0,0,0,0,0,0,0,0,0,0,0,0,0,0,0,0,0,0,0,0,0,0,0,0,0,0,0,0,0,0,0,0,0,0,0,0,0,0,0,0,0,0,0,0,0,0,0,0,0,0,0,0,0,0,0,0,0,0,0,0,0,0,0,0,0,0,0,0,0,0,0,0,0,0,0,0,0,0,0,0,0,0,0,0,0,0,0,0,0,0,0,0,0,0,0,0,0,0,0,0,0,0,0,0,0,0,0,0,0,0,0,0,0,0,0,0,0,0,0,0,0,0,0,0,0,0,0,0,0,0,0,0,0,0,0,0,0,0,0,0,0,0,0,0,0,0,0,0,0,0,0,0,0,0,0,0,0,0,0,0,381,-435,-433,32,39,40,41,42,36,22,8,-22,-48,-63,-73,-77,-48,-8,38,74,93,95,92,63,2,-58,-102,-122,-125,-109,-75,-7,84,163,200,187,133,52,-51,-161,-240,-266,-230,-148,-25,121,246,319,334,276,145,-27,-211,-347,-413,-380,-262,-69,134,320,439,454,361,195,-30,-263,-439,-515,-487,-337,-107,157,389,536,565,468,253,-20,-289,-498,-598,-550,-364,-116,141,392,553,587,477,250,-33,-297,-481,-545,-485,-317,-74,183,379,485,472,348,139,-97,-289,-408,-431,-362,-195,27,231,369,411,351,208,13,-183,-325,-366,-330,-216,-52,136,285,346,324,222,65,0,-248,-323,-302,-209,-75,67,208,288,275,194,72,-70,-204,-272,-253,-181,-73,68,196,270,259,180,61,-80,-201,-258,-243,-175,-64,78,216,286,272,200,76,-90,-230,-310,-325,-252,-106,50,187,295,349,305,177,30,-137,-266,-324,-308,-227,-83,86,206,265,269,217,102,-29,-144,-227,-258,-230,-146,-24,94,191,245,228,161,55,-60,-159,-217,-230,-179,-90,4,94,159,190,183,136,46,-37,-104,-149,-164,-141,-101,-47,10,68,107,120,103,86,52,8,-36,-50,-55,-52,-49,-47,-43,-29,-13,-3,13,23,40,59,74,62,50,35,18,-12,-46,-75,-89,-98,-447,-450,0,0,0,0,0,0,0,0,0,0,0,0,0,0,0,0,0,0,0,0,0,0,0,0,0,0,0,0,0,0,0,0,0,0,0,0,0,0,0,0,0,0,0,0,0,0,0,0,0,0,0,0,0,0,0,0,0,0,0,0,0,0,0,0,0,0,0,0,0,0,0,0,0,0,0,0,0,0,0,0,0,0,0,0,0,0,0,0,0,0,0,0,0,0,0,0,0,0,0,0,0,0,0,0,0,0,0,0,0,0,0,0,0,0,0,0,0,0,0,0,0,0,0,0,0,0,0,0,0,0,0,0,0,0,0,0,0,0,0,0,0,0,0,0,0,0,0,0,0,0,0,0,0,0,0,0,0,0,0,0,0,0,0,0,0,0,0,0,0,0,0,0,0,0,0,0,0,0,0,0,0,0,0,0,0,0,0,0,0,0,0,0,0,0,0,0,0,0,0,0,0,0,0,0,0,0,0,0,0,0,0,0,0,0,0,0,0,0,0,0,0,0,0,0,0,0,0,0,0,0,0,0,0,0,0,0,0,0,0,0,0,0,0,0,0,0,0,0,0,0,0,0,0,0,0,0,-1037,-221,-205,-17,-7,2,17,34,49,60,66,59,43,17,-9,-44,-67,-85,-77,-58,-29,12,56,92,122,124,86,23,-49,-109,-151,-169,-155,-110,-27,71,158,218,223,172,102,-4,-128,-238,-289,-270,-186,-69,74,228,340,365,314,184,6,-176,-326,-423,-413,-301,-122,91,301,448,494,431,273,38,-211,-417,-530,-525,-410,-181,99,358,526,580,504,328,71,-220,-456,-577,-557,-429,-209,84,345,518,575,497,290,35,-217,-424,-519,-480,-332,-124,116,328,453,450,337,156,-46,-249,-388,-430,-352,-187,11,201,353,395,336,206,19,-165,-295,-347,-325,-229,-64,117,252,325,0,222,64,-104,-227,-291,-287,-202,-67,85,210,276,270,181,49,-81,-191,-265,-262,-186,-59,76,199,270,261,180,47,-98,-215,-267,-265,-193,-55,97,225,305,309,236,105,-65,-220,-314,-335,-278,-157,10,168,294,331,286,188,51,-105,-235,-303,-307,-231,-95,47,176,262,281,221,116,-9,-129,-220,-262,-229,-147,-36,86,178,232,225,163,74,-32,-132,-198,-216,-187,-124,-40,60,143,194,196,149,83,18,-47,-99,-137,-146,-107,-60,-15,28,57,61,67,68,53,32,12,-2,-18,-38,-36,-39,-48,-49,-42,-35,-18,7,34,56,64,82,94,74,57,43,8,-271,-258
62070,mtk,MTK 7916,2150861049,rx0-tx0,512,0,0,0,0,0,0,0,0,0,0,0,0,0,0,0,0,0,0,0,0,0,0,0,0,0,0,0,0,0,0,0,0,0,0,0,0,0,0,0,0,0,0,0,0,0,0,0,0,0,0,0,0,0,0,0,0,0,0,0,0,0,0,0,0,0,0,0,0,0,0,0,0,0,0,0,0,0,0,0,0,0,0,0,0,0,0,0,0,0,0,0,0,0,0,0,0,0,0,0,0,0,0,0,0,0,0,0,0,0,0,0,0,0,0,0,0,0,0,0,0,0,0,0,0,0,0,0,0,0,0,0,0,0,0,0,0,0,0,0,0,0,0,0,0,0,0,0,0,0,0,0,0,0,0,0,0,0,0,0,0,0,0,0,0,0,0,0,0,0,0,0,0,0,0,0,0,0,0,0,0,0,0,0,0,0,0,0,0,0,0,0,0,0,0,0,0,0,0,0,0,0,0,0,0,0,0,0,0,0,0,0,0,0,0,0,0,0,0,0,0,0,0,0,0,0,0,0,0,0,0,0,0,0,0,0,0,0,0,0,0,0,0,0,0,0,0,0,0,0,0,0,0,0,0,0,0,-364,-596,-597,493,621,630,490,241,-64,-342,-580,-749,-828,-825,-734,-577,-361,-111,130,387,613,773,889,935,908,800,636,412,179,-83,-342,-565,-768,-891,-970,-997,-953,-847,-678,-470,-232,23,279,509,717,889,1000,1052,1067,979,842,672,435,170,-101,-367,-615,-819,-985,-1092,-1116,-1098,-1002,-841,-644,-409,-144,130,372,609,811,958,1040,1049,1008,911,767,590,396,182,-54,-268,-473,-639,-777,-859,-912,-922,-870,-785,-664,-490,-315,-119,82,283,468,630,757,820,850,841,774,687,560,409,236,55,-113,-294,-433,-556,-648,-682,-713,-691,-641,-579,-484,-390,-283,-159,-14,94,222,347,447,557,-330,695,731,743,708,655,563,428,262,69,-146,-347,-551,-748,-901,-1012,-1074,-1068,-996,-881,-698,-473,-207,91,386,656,910,1108,1246,1325,1318,1223,1058,830,549,246,-93,-433,-738,-1003,-1221,-1366,-1419,-1409,-1305,-1132,-900,-612,-289,60,408,721,1009,1246,1400,1477,1480,1401,1223,977,673,328,-54,-409,-763,-1083,-1322,-1497,-1558,-1540,-1435,-1242,-964,-618,-245,152,544,901,1188,1419,1553,1577,1515,1363,1110,762,377,-47,-455,-821,-1140,-1362,-1504,-1542,-1468,-1280,-1014,-667,-274,114,483,837,1109,1311,1391,1369,1254,1044,762,416,41,-332,-677,-965,-1190,-1312,-1328,-1213,-975,-606,-148,339,798,1126,1249,1152,-604,-589,0,0,0,0,0,0,0,0,0,0,0,0,0,0,0,0,0,0,0,0,0,0,0,0,0,0,0,0,0,0,0,0,0,0,0,0,0,0,0,0,0,0,0,0,0,0,0,0,0,0,0,0,0,0,0,0,0,0,0,0,0,0,0,0,0,0,0,0,0,0,0,0,0,0,0,0,0,0,0,0,0,0,0,0,0,0,0,0,0,0,0,0,0,0,0,0,0,0,0,0,0,0,0,0,0,0,0,0,0,0,0,0,0,0,0,0,0,0,0,0,0,0,0,0,0,0,0,0,0,0,0,0,0,0,0,0,0,0,0,0,0,0,0,0,0,0,0,0,0,0,0,0,0,0,0,0,0,0,0,0,0,0,0,0,0,0,0,0,0,0,0,0,0,0,0,0,0,0,0,0,0,0,0,0,0,0,0,0,0,0,0,0,0,0,0,0,0,0,0,0,0,0,0,0,0,0,0,0,0,0,0,0,0,0,0,0,0,0,0,0,0,0,0,0,0,0,0,0,0,0,0,0,0,0,0,0,0,0,0,0,0,0,0,0,0,0,0,0,0,0,0,0,0,0,0,0,-49,161,174,258,26,-276,-550,-732,-787,-721,-572,-344,-88,176,430,639,791,863,870,821,675,477,251,-4,-271,-511,-717,-861,-939,-974,-917,-812,-640,-414,-185,70,325,556,749,905,1006,1029,990,889,748,565,324,82,-180,-451,-656,-859,-1018,-1099,-1113,-1060,-934,-772,-560,-299,-24,242,504,720,906,1042,1113,1097,1023,912,732,515,255,1,-250,-477,-666,-814,-909,-984,-978,-934,-840,-707,-537,-341,-150,70,282,455,630,762,834,887,882,844,766,648,465,268,79,-125,-310,-469,-608,-706,-775,-792,-775,-717,-618,-513,-369,-227,-84,82,208,329,439,522,597,655,660,647,631,563,497,400,-82,166,33,-126,-296,-451,-602,-729,-834,-904,-920,-891,-823,-680,-492,-268,-27,234,492,728,934,1082,1189,1228,1181,1065,894,648,371,58,-274,-580,-851,-1079,-1251,-1355,-1394,-1325,-1187,-986,-729,-417,-88,262,595,892,1134,1308,1426,1461,1406,1272,1064,791,471,132,-215,-575,-893,-1157,-1360,-1488,-1529,-1470,-1350,-1123,-840,-498,-120,261,633,961,1246,1443,1557,1570,1484,1294,1031,707,314,-84,-473,-837,-1157,-1394,-1536,-1585,-1506,-1327,-1067,-728,-347,56,470,830,1131,1350,1465,1472,1385,1185,894,555,166,-209,-570,-886,-1125,-1280,-1335,-1281,-1130,-901,-589,-213,198,604,966,1240,1369,1327,1098,692,176,-276,138,143
62071,mtk,MTK 7916,2150861049,rx0-tx1,512,0,0,0,0,0,0,0,0,0,0,0,0,0,0,0,0,0,0,0,0,0,0,0,0,0,0,0,0,0,0,0,0,0,0,0,0,0,0,0,0,0,0,0,0,0,0,0,0,0,0,0,0,0,0,0,0,0,0,0,0,0,0,0,0,0,0,0,0,0,0,0,0,0,0,0,0,0,0,0,0,0,0,0,0,0,0,0,0,0,0,0,0,0,0,0,0,0,0,0,0,0,0,0,0,0,0,0,0,0,0,0,0,0,0,0,0,0,0,0,0,0,0,0,0,0,0,0,0,0,0,0,0,0,0,0,0,0,0,0,0,0,0,0,0,0,0,0,0,0,0,0,0,0,0,0,0,0,0,0,0,0,0,0,0,0,0,0,0,0,0,0,0,0,0,0,0,0,0,0,0,0,0,0,0,0,0,0,0,0,0,0,0,0,0,0,0,0,0,0,0,0,0,0,0,0,0,0,0,0,0,0,0,0,0,0,0,0,0,0,0,0,0,0,0,0,0,0,0,0,0,0,0,0,0,0,0,0,0,0,0,0,0,0,0,0,0,0,0,0,0,0,0,0,0,0,0,-449,-358,-381,-393,-564,-638,-568,-379,-106,192,450,666,809,854,808,702,523,273,-9,-298,-578,-814,-983,-1072,-1061,-960,-772,-509,-195,150,488,771,995,1135,1183,1145,1004,789,525,237,-73,-371,-616,-815,-945,-1021,-1010,-943,-830,-661,-462,-249,-27,183,357,513,640,720,759,779,750,684,595,449,310,182,20,-110,-243,-384,-496,-599,-676,-715,-748,-736,-710,-630,-506,-366,-173,34,245,442,635,786,893,952,969,905,784,621,428,202,-8,-249,-468,-648,-806,-912,-965,-988,-938,-851,-708,-531,-334,-110,111,338,557,747,900,995,1052,1047,980,854,672,477,253,-9,-263,-514,-767,-933,-1058,-1140,510,-1071,-924,-757,-539,-295,-28,238,472,686,867,994,1077,1092,1036,945,804,622,418,196,-59,-290,-506,-706,-872,-1003,-1079,-1108,-1094,-1017,-892,-711,-494,-264,15,294,598,879,1106,1291,1419,1467,1425,1296,1068,758,387,-23,-441,-864,-1246,-1546,-1756,-1872,-1844,-1687,-1410,-1039,-574,-67,452,953,1383,1723,1970,2052,1981,1779,1433,997,505,-27,-573,-1072,-1489,-1783,-1960,-1990,-1853,-1591,-1212,-753,-260,264,773,1219,1553,1770,1838,1773,1550,1201,769,298,-201,-677,-1064,-1338,-1499,-1528,-1410,-1192,-877,-494,-101,292,616,883,1059,1117,1092,969,759,504,210,-87,-378,-613,-798,-897,-883,-748,-500,-189,122,345,-233,-278,0,0,0,0,0,0,0,0,0,0,0,0,0,0,0,0,0,0,0,0,0,0,0,0,0,0,0,0,0,0,0,0,0,0,0,0,0,0,0,0,0,0,0,0,0,0,0,0,0,0,0,0,0,0,0,0,0,0,0,0,0,0,0,0,0,0,0,0,0,0,0,0,0,0,0,0,0,0,0,0,0,0,0,0,0,0,0,0,0,0,0,0,0,0,0,0,0,0,0,0,0,0,0,0,0,0,0,0,0,0,0,0,0,0,0,0,0,0,0,0,0,0,0,0,0,0,0,0,0,0,0,0,0,0,0,0,0,0,0,0,0,0,0,0,0,0,0,0,0,0,0,0,0,0,0,0,0,0,0,0,0,0,0,0,0,0,0,0,0,0,0,0,0,0,0,0,0,0,0,0,0,0,0,0,0,0,0,0,0,0,0,0,0,0,0,0,0,0,0,0,0,0,0,0,0,0,0,0,0,0,0,0,0,0,0,0,0,0,0,0,0,0,0,0,0,0,0,0,0,0,0,0,0,0,0,0,0,0,0,0,0,0,0,0,0,0,0,0,0,0,0,0,0,0,0,0,26,-1037,-1029,-322,-147,124,409,636,766,762,668,490,247,-31,-304,-545,-755,-901,-959,-944,-835,-626,-369,-67,260,566,834,1025,1134,1158,1082,899,646,332,6,-321,-614,-853,-1021,-1117,-1130,-1048,-901,-700,-462,-199,53,287,505,684,818,889,912,868,777,660,504,340,171,7,-171,-315,-453,-561,-622,-687,-709,-689,-661,-597,-511,-406,-269,-129,29,192,352,526,657,777,858,886,861,793,679,509,306,95,-145,-382,-594,-764,-890,-964,-994,-967,-865,-731,-557,-365,-149,70,293,499,681,828,941,1000,1002,960,853,713,526,311,77,-176,-429,-651,-827,-961,-1062,-1096,-1055,-982,-838,-623,-406,-146,-82,394,626,824,987,1087,1133,1095,1009,866,676,462,224,-31,-276,-501,-702,-867,-979,-1056,-1064,-1011,-933,-821,-658,-455,-213,34,278,510,727,926,1079,1191,1252,1235,1164,1003,788,527,211,-149,-507,-859,-1178,-1430,-1608,-1685,-1671,-1548,-1289,-934,-519,-52,444,913,1324,1657,1882,1982,1947,1773,1462,1065,576,20,-507,-1019,-1459,-1783,-1973,-2028,-1931,-1699,-1349,-898,-394,156,678,1136,1519,1763,1890,1885,1741,1441,1044,574,66,-444,-928,-1306,-1564,-1691,-1687,-1522,-1234,-857,-432,30,466,828,1111,1272,1320,1256,1083,840,519,177,-146,-459,-708,-882,-973,-972,-877,-702,-469,-171,150,442,675,772,734,601,-1054,-1048
62072,mtk,MTK 7916,2150861049,rx1-tx0,512,0,0,0,0,0,0,0,0,0,0,0,0,0,0,0,0,0,0,0,0,0,0,0,0,0,0,0,0,0,0,0,0,0,0,0,0,0,0,0,0,0,0,0,0,0,0,0,0,0,0,0,0,0,0,0,0,0,0,0,0,0,0,0,0,0,0,0,0,0,0,0,0,0,0,0,0,0,0,0,0,0,0,0,0,0,0,0,0,0,0,0,0,0,0,0,0,0,0,0,0,0,0,0,0,0,0,0,0,0,0,0,0,0,0,0,0,0,0,0,0,0,0,0,0,0,0,0,0,0,0,0,0,0,0,0,0,0,0,0,0,0,0,0,0,0,0,0,0,0,0,0,0,0,0,0,0,0,0,0,0,0,0,0,0,0,0,0,0,0,0,0,0,0,0,0,0,0,0,0,0,0,0,0,0,0,0,0,0,0,0,0,0,0,0,0,0,0,0,0,0,0,0,0,0,0,0,0,0,0,0,0,0,0,0,0,0,0,0,0,0,0,0,0,0,0,0,0,0,0,0,0,0,0,0,0,0,0,0,0,0,0,0,0,0,0,0,0,0,0,0,0,0,0,0,0,0,98,520,527,373,576,701,682,520,257,-53,-369,-640,-833,-953,-963,-887,-727,-472,-179,148,473,767,1021,1192,1260,1193,1025,766,415,31,-367,-741,-1039,-1243,-1358,-1368,-1249,-1029,-734,-403,-45,321,628,878,1055,1144,1158,1099,977,779,543,307,58,-181,-385,-579,-709,-785,-862,-864,-816,-751,-641,-499,-343,-186,3,177,327,493,626,712,788,822,796,734,634,483,297,98,-103,-301,-491,-655,-769,-817,-819,-771,-683,-547,-378,-200,-38,149,301,429,519,580,609,585,545,484,396,291,188,82,-15,-117,-179,-243,-312,-340,-362,-375,-358,-348,-343,-317,-266,-217,-156,-94,-17,69,150,232,315,375,-686,434,448,430,395,346,261,154,63,-52,-170,-268,-357,-437,-475,-502,-510,-483,-442,-385,-271,-160,-46,73,194,290,382,475,525,566,584,567,528,458,348,229,94,-55,-213,-374,-534,-654,-732,-792,-778,-724,-626,-470,-292,-87,127,329,528,686,790,849,855,784,681,551,355,156,-42,-238,-430,-582,-685,-762,-788,-742,-658,-551,-407,-233,-55,124,273,416,518,582,630,618,564,500,393,277,165,36,-83,-199,-292,-364,-423,-460,-477,-484,-460,-408,-332,-246,-146,-21,119,255,391,518,594,640,641,575,455,289,82,-144,-373,-566,-726,-808,-810,-712,-510,-220,133,451,674,739,498,501,0,0,0,0,0,0,0,0,0,0,0,0,0,0,0,0,0,0,0,0,0,0,0,0,0,0,0,0,0,0,0,0,0,0,0,0,0,0,0,0,0,0,0,0,0,0,0,0,0,0,0,0,0,0,0,0,0,0,0,0,0,0,0,0,0,0,0,0,0,0,0,0,0,0,0,0,0,0,0,0,0,0,0,0,0,0,0,0,0,0,0,0,0,0,0,0,0,0,0,0,0,0,0,0,0,0,0,0,0,0,0,0,0,0,0,0,0,0,0,0,0,0,0,0,0,0,0,0,0,0,0,0,0,0,0,0,0,0,0,0,0,0,0,0,0,0,0,0,0,0,0,0,0,0,0,0,0,0,0,0,0,0,0,0,0,0,0,0,0,0,0,0,0,0,0,0,0,0,0,0,0,0,0,0,0,0,0,0,0,0,0,0,0,0,0,0,0,0,0,0,0,0,0,0,0,0,0,0,0,0,0,0,0,0,0,0,0,0,0,0,0,0,0,0,0,0,0,0,0,0,0,0,0,0,0,0,0,0,0,0,0,0,0,0,0,0,0,0,0,0,0,0,0,0,0,0,-999,410,377,427,253,-25,-342,-617,-800,-866,-816,-647,-416,-135,178,467,741,956,1075,1109,1021,856,613,293,-89,-463,-789,-1072,-1264,-1357,-1326,-1164,-898,-561,-197,191,566,883,1108,1248,1301,1245,1098,879,602,311,3,-291,-554,-771,-910,-989,-1011,-953,-867,-743,-552,-387,-190,27,202,366,517,635,724,788,821,779,727,647,511,362,193,-6,-201,-373,-547,-692,-790,-848,-851,-805,-705,-553,-375,-172,31,226,418,582,678,712,714,693,622,508,377,252,113,-19,-145,-257,-348,-407,-440,-457,-450,-425,-381,-344,-272,-196,-133,-53,17,67,127,197,250,293,328,352,373,381,369,350,297,220,9,44,-58,-150,-235,-332,-422,-459,-480,-494,-472,-425,-367,-268,-160,-52,71,179,269,376,458,497,525,534,504,452,403,307,199,85,-46,-169,-294,-417,-522,-607,-661,-668,-655,-600,-509,-375,-219,-25,183,365,538,682,791,856,842,781,671,522,340,130,-98,-320,-479,-641,-763,-811,-817,-779,-692,-561,-412,-233,-17,186,348,483,602,666,703,681,619,534,404,274,113,-46,-176,-305,-407,-465,-507,-528,-517,-473,-395,-321,-234,-133,-36,69,178,279,368,446,511,549,547,505,438,318,168,9,-176,-364,-536,-666,-735,-742,-672,-534,-335,-82,196,472,709,860,867,718,441,154,466,440
62073,mtk,MTK 7916,2150861049,rx1-tx1,512,0,0,0,0,0,0,0,0,0,0,0,0,0,0,0,0,0,0,0,0,0,0,0,0,0,0,0,0,0,0,0,0,0,0,0,0,0,0,0,0,0,0,0,0,0,0,0,0,0,0,0,0,0,0,0,0,0,0,0,0,0,0,0,0,0,0,0,0,0,0,0,0,0,0,0,0,0,0,0,0,0,0,0,0,0,0,0,0,0,0,0,0,0,0,0,0,0,0,0,0,0,0,0,0,0,0,0,0,0,0,0,0,0,0,0,0,0,0,0,0,0,0,0,0,0,0,0,0,0,0,0,0,0,0,0,0,0,0,0,0,0,0,0,0,0,0,0,0,0,0,0,0,0,0,0,0,0,0,0,0,0,0,0,0,0,0,0,0,0,0,0,0,0,0,0,0,0,0,0,0,0,0,0,0,0,0,0,0,0,0,0,0,0,0,0,0,0,0,0,0,0,0,0,0,0,0,0,0,0,0,0,0,0,0,0,0,0,0,0,0,0,0,0,0,0,0,0,0,0,0,0,0,0,0,0,0,0,0,0,0,0,0,0,0,0,0,0,0,0,0,0,0,0,0,0,0,-282,-516,-554,30,92,163,226,262,248,186,98,-12,-127,-220,-275,-269,-188,-65,73,200,281,281,214,96,-59,-210,-307,-326,-249,-90,92,258,362,381,280,98,-128,-319,-428,-427,-303,-87,169,382,520,506,345,81,-213,-471,-597,-556,-381,-86,253,536,667,624,398,56,-302,-597,-738,-675,-418,-37,361,666,790,701,412,3,-413,-728,-843,-725,-401,39,451,736,835,704,363,-86,-503,-777,-834,-674,-334,112,518,765,801,606,232,-205,-567,-766,-754,-516,-126,278,598,744,674,410,45,-337,-615,-713,-603,-331,36,388,619,649,498,202,-142,-442,-595,-573,-381,-67,257,506,588,481,0,-71,-362,-540,-553,-384,-97,216,470,596,513,275,-47,-350,-566,-611,-460,-152,206,510,665,630,397,34,-359,-653,-772,-664,-344,100,515,794,871,682,285,-201,-640,-911,-923,-675,-235,290,742,991,964,660,169,-374,-827,-1045,-969,-622,-90,468,906,1092,976,589,39,-517,-938,-1101,-949,-535,9,551,942,1069,899,480,-75,-603,-941,-1021,-829,-406,122,614,939,993,776,355,-170,-650,-958,-993,-764,-337,182,650,941,979,767,353,-143,-605,-916,-986,-799,-416,66,529,849,945,819,502,63,-387,-725,-879,-822,-579,-200,225,583,794,830,687,405,44,-316,-604,-762,-777,-673,-465,-409,-445,0,0,0,0,0,0,0,0,0,0,0,0,0,0,0,0,0,0,0,0,0,0,0,0,0,0,0,0,0,0,0,0,0,0,0,0,0,0,0,0,0,0,0,0,0,0,0,0,0,0,0,0,0,0,0,0,0,0,0,0,0,0,0,0,0,0,0,0,0,0,0,0,0,0,0,0,0,0,0,0,0,0,0,0,0,0,0,0,0,0,0,0,0,0,0,0,0,0,0,0,0,0,0,0,0,0,0,0,0,0,0,0,0,0,0,0,0,0,0,0,0,0,0,0,0,0,0,0,0,0,0,0,0,0,0,0,0,0,0,0,0,0,0,0,0,0,0,0,0,0,0,0,0,0,0,0,0,0,0,0,0,0,0,0,0,0,0,0,0,0,0,0,0,0,0,0,0,0,0,0,0,0,0,0,0,0,0,0,0,0,0,0,0,0,0,0,0,0,0,0,0,0,0,0,0,0,0,0,0,0,0,0,0,0,0,0,0,0,0,0,0,0,0,0,0,0,0,0,0,0,0,0,0,0,0,0,0,0,0,0,0,0,0,0,0,0,0,0,0,0,0,0,0,0,0,0,288,-766,-754,-186,-187,-159,-101,-8,93,186,252,274,241,158,32,-104,-213,-274,-277,-214,-87,71,205,286,296,226,91,-75,-230,-321,-337,-258,-89,113,286,389,395,293,91,-143,-348,-479,-478,-335,-96,180,424,556,531,361,94,-231,-502,-638,-603,-390,-57,290,567,703,644,406,42,-343,-642,-765,-687,-423,-32,381,704,827,722,411,-14,-442,-739,-841,-716,-390,53,484,768,840,696,347,-95,-505,-781,-828,-629,-267,167,552,775,774,560,182,-235,-565,-739,-716,-479,-101,297,592,726,645,378,0,-365,-623,-681,-546,-264,89,417,607,613,444,144,-208,-482,-596,-529,-307,13,316,0,550,435,183,-133,-413,-563,-539,-348,-35,292,517,583,474,214,-116,-435,-627,-639,-441,-90,291,591,723,637,352,-31,-433,-730,-821,-673,-321,133,558,849,905,684,264,-233,-681,-952,-941,-661,-199,344,795,1013,965,650,136,-425,-864,-1065,-980,-623,-88,483,911,1079,952,574,22,-541,-935,-1074,-910,-502,37,563,937,1053,868,446,-88,-602,-946,-1017,-823,-402,140,629,936,989,767,337,-184,-656,-948,-985,-759,-329,174,634,938,990,779,379,-116,-583,-897,-980,-813,-460,2,449,778,914,829,538,127,-303,-652,-838,-820,-619,-285,108,479,744,839,769,563,276,-36,-293,-498,-826,-801
62074,mtk,MTK 7916,2150861049,rx2-tx0,512,0,0,0,0,0,0,0,0,0,0,0,0,0,0,0,0,0,0,0,0,0,0,0,0,0,0,0,0,0,0,0,0,0,0,0,0,0,0,0,0,0,0,0,0,0,0,0,0,0,0,0,0,0,0,0,0,0,0,0,0,0,0,0,0,0,0,0,0,0,0,0,0,0,0,0,0,0,0,0,0,0,0,0,0,0,0,0,0,0,0,0,0,0,0,0,0,0,0,0,0,0,0,0,0,0,0,0,0,0,0,0,0,0,0,0,0,0,0,0,0,0,0,0,0,0,0,0,0,0,0,0,0,0,0,0,0,0,0,0,0,0,0,0,0,0,0,0,0,0,0,0,0,0,0,0,0,0,0,0,0,0,0,0,0,0,0,0,0,0,0,0,0,0,0,0,0,0,0,0,0,0,0,0,0,0,0,0,0,0,0,0,0,0,0,0,0,0,0,0,0,0,0,0,0,0,0,0,0,0,0,0,0,0,0,0,0,0,0,0,0,0,0,0,0,0,0,0,0,0,0,0,0,0,0,0,0,0,0,0,0,0,0,0,0,0,0,0,0,0,0,0,0,0,0,0,0,794,-1247,-1242,87,57,12,-49,-114,-159,-175,-165,-125,-57,30,116,178,187,169,109,15,-89,-162,-204,-202,-152,-56,52,146,198,203,159,63,-46,-140,-198,-201,-140,-48,63,156,204,190,132,31,-90,-186,-234,-217,-124,11,135,220,260,236,129,-14,-150,-249,-283,-232,-124,16,162,264,293,239,132,-16,-151,-240,-264,-215,-116,21,160,232,235,180,75,-46,-151,-211,-208,-143,-34,78,158,193,168,98,4,-91,-165,-198,-169,-87,20,102,159,168,130,64,-2,-69,-119,-111,-75,-33,7,48,68,60,26,-6,-32,-45,-31,-2,30,50,50,22,-11,-53,-93,-98,-63,1,0,120,137,126,80,5,-88,-162,-194,-170,-103,-1,117,201,230,210,132,2,-133,-226,-269,-233,-129,1,122,226,270,235,129,-7,-139,-223,-247,-205,-104,25,151,228,236,188,88,-51,-176,-234,-230,-196,-88,59,166,201,194,132,27,-78,-153,-174,-142,-68,22,114,164,172,109,19,-80,-160,-206,-177,-93,4,99,165,192,172,98,-5,-106,-171,-185,-159,-98,-17,69,139,171,141,83,6,-62,-99,-120,-111,-59,-3,35,54,59,22,-14,-52,-68,-74,-39,24,98,145,154,125,68,-13,-102,-171,-210,-205,-147,-48,56,169,246,278,264,204,111,17,-78,-162,-1201,-1206,0,0,0,0,0,0,0,0,0,0,0,0,0,0,0,0,0,0,0,0,0,0,0,0,0,0,0,0,0,0,0,0,0,0,0,0,0,0,0,0,0,0,0,0,0,0,0,0,0,0,0,0,0,0,0,0,0,0,0,0,0,0,0,0,0,0,0,0,0,0,0,0,0,0,0,0,0,0,0,0,0,0,0,0,0,0,0,0,0,0,0,0,0,0,0,0,0,0,0,0,0,0,0,0,0,0,0,0,0,0,0,0,0,0,0,0,0,0,0,0,0,0,0,0,0,0,0,0,0,0,0,0,0,0,0,0,0,0,0,0,0,0,0,0,0,0,0,0,0,0,0,0,0,0,0,0,0,0,0,0,0,0,0,0,0,0,0,0,0,0,0,0,0,0,0,0,0,0,0,0,0,0,0,0,0,0,0,0,0,0,0,0,0,0,0,0,0,0,0,0,0,0,0,0,0,0,0,0,0,0,0,0,0,0,0,0,0,0,0,0,0,0,0,0,0,0,0,0,0,0,0,0,0,0,0,0,0,0,0,0,0,0,0,0,0,0,0,0,0,0,0,0,0,0,0,0,572,-254,-216,94,134,163,166,141,90,19,-61,-133,-176,-191,-157,-85,5,95,177,211,183,117,36,-64,-159,-218,-218,-167,-73,46,147,200,205,156,54,-54,-140,-197,-194,-132,-25,83,173,218,196,124,20,-108,-209,-241,-207,-122,1,138,238,274,240,145,-3,-150,-254,-283,-236,-123,13,149,263,288,236,122,-17,-140,-226,-254,-195,-85,22,134,221,217,157,69,-54,-156,-206,-193,-117,-22,77,173,204,175,109,9,-99,-161,-176,-158,-85,5,79,126,136,114,62,-11,-61,-87,-96,-57,-4,26,30,31,14,-8,-38,-52,-43,-16,36,80,79,50,18,-39,-102,-139,0,-81,-20,53,131,173,156,101,5,-101,-187,-219,-195,-111,-1,123,224,262,229,138,8,-134,-229,-261,-234,-149,-11,131,232,257,210,115,-9,-139,-231,-249,-195,-89,39,154,235,250,193,80,-53,-160,-216,-225,-157,-47,54,132,183,183,115,10,-81,-148,-178,-146,-62,32,127,184,168,91,-4,-98,-172,-201,-167,-96,4,99,176,203,186,115,7,-102,-169,-178,-155,-93,-13,60,114,149,131,67,6,-43,-85,-88,-56,-1,35,51,66,53,-1,-53,-86,-109,-97,-36,32,104,149,178,165,101,15,-87,-194,-260,-269,-217,-126,-10,103,197,249,269,248,181,-385,-343
62075,mtk,MTK 7916,2150861049,rx2-tx1,512,0,0,0,0,0,0,0,0,0,0,0,0,0,0,0,0,0,0,0,0,0,0,0,0,0,0,0,0,0,0,0,0,0,0,0,0,0,0,0,0,0,0,0,0,0,0,0,0,0,0,0,0,0,0,0,0,0,0,0,0,0,0,0,0,0,0,0,0,0,0,0,0,0,0,0,0,0,0,0,0,0,0,0,0,0,0,0,0,0,0,0,0,0,0,0,0,0,0,0,0,0,0,0,0,0,0,0,0,0,0,0,0,0,0,0,0,0,0,0,0,0,0,0,0,0,0,0,0,0,0,0,0,0,0,0,0,0,0,0,0,0,0,0,0,0,0,0,0,0,0,0,0,0,0,0,0,0,0,0,0,0,0,0,0,0,0,0,0,0,0,0,0,0,0,0,0,0,0,0,0,0,0,0,0,0,0,0,0,0,0,0,0,0,0,0,0,0,0,0,0,0,0,0,0,0,0,0,0,0,0,0,0,0,0,0,0,0,0,0,0,0,0,0,0,0,0,0,0,0,0,0,0,0,0,0,0,0,0,0,0,0,0,0,0,0,0,0,0,0,0,0,0,0,0,0,0,381,-435,-433,-7,-30,-41,-54,-56,-45,-34,-11,21,40,58,74,74,56,22,-23,-58,-90,-106,-94,-57,2,61,110,136,129,94,40,-39,-131,-194,-197,-152,-76,33,150,221,250,232,140,-8,-153,-264,-319,-293,-185,-25,147,294,379,373,269,80,-144,-337,-442,-438,-323,-131,110,335,479,499,388,173,-106,-363,-528,-562,-466,-250,27,325,534,590,492,291,4,-295,-520,-613,-538,-329,-47,255,493,598,534,335,60,-219,-439,-540,-502,-319,-62,202,408,493,442,281,44,-202,-377,-442,-385,-228,-4,216,370,418,355,188,-19,-221,-361,-385,-299,-145,46,232,342,347,258,98,0,-227,-312,-300,-200,-50,108,240,290,262,149,-2,-146,-240,-268,-229,-117,34,183,263,260,177,45,-93,-212,-274,-253,-149,-5,150,267,298,246,123,-50,-214,-322,-322,-240,-107,67,228,325,342,272,136,-46,-220,-313,-325,-262,-122,53,201,291,307,242,108,-54,-192,-270,-278,-208,-82,57,173,252,263,192,70,-64,-180,-233,-221,-175,-70,55,150,201,221,172,77,-34,-119,-186,-198,-162,-104,-17,73,142,160,154,113,58,-17,-72,-112,-117,-105,-76,-44,-1,25,33,39,45,43,36,25,21,14,-6,-29,-47,-58,-70,-71,-50,-23,2,32,60,78,92,87,-447,-450,0,0,0,0,0,0,0,0,0,0,0,0,0,0,0,0,0,0,0,0,0,0,0,0,0,0,0,0,0,0,0,0,0,0,0,0,0,0,0,0,0,0,0,0,0,0,0,0,0,0,0,0,0,0,0,0,0,0,0,0,0,0,0,0,0,0,0,0,0,0,0,0,0,0,0,0,0,0,0,0,0,0,0,0,0,0,0,0,0,0,0,0,0,0,0,0,0,0,0,0,0,0,0,0,0,0,0,0,0,0,0,0,0,0,0,0,0,0,0,0,0,0,0,0,0,0,0,0,0,0,0,0,0,0,0,0,0,0,0,0,0,0,0,0,0,0,0,0,0,0,0,0,0,0,0,0,0,0,0,0,0,0,0,0,0,0,0,0,0,0,0,0,0,0,0,0,0,0,0,0,0,0,0,0,0,0,0,0,0,0,0,0,0,0,0,0,0,0,0,0,0,0,0,0,0,0,0,0,0,0,0,0,0,0,0,0,0,0,0,0,0,0,0,0,0,0,0,0,0,0,0,0,0,0,0,0,0,0,0,0,0,0,0,0,0,0,0,0,0,0,0,0,0,0,0,0,-1037,-221,-205,37,25,17,15,0,-24,-46,-61,-66,-62,-44,-11,27,58,74,81,72,45,-7,-67,-108,-127,-122,-73,-10,59,127,171,172,133,58,-42,-135,-212,-235,-190,-106,7,135,251,304,271,160,4,-166,-297,-353,-322,-223,-52,151,315,403,405,292,86,-136,-336,-471,-489,-359,-151,107,363,518,535,432,225,-55,-336,-533,-596,-505,-275,42,323,529,602,519,306,21,-270,-492,-583,-525,-329,-54,225,444,549,497,311,48,-220,-427,-516,-477,-309,-48,206,399,473,425,265,28,-216,-386,-446,-384,-220,-3,218,366,415,353,189,-39,-234,-337,-348,-275,-122,71,236,320,0,220,77,-92,-238,-303,-286,-182,-19,155,259,286,240,119,-40,-177,-260,-270,-191,-65,77,200,276,268,167,21,-120,-226,-283,-248,-128,35,189,277,303,252,118,-69,-226,-317,-327,-251,-109,65,236,333,337,261,121,-53,-216,-312,-323,-250,-107,59,207,287,293,228,103,-50,-181,-255,-257,-193,-89,48,174,248,241,174,68,-54,-160,-226,-236,-180,-71,48,138,201,218,172,86,-1,-88,-156,-175,-157,-110,-37,45,110,137,143,117,68,13,-25,-60,-78,-77,-65,-51,-28,-3,18,32,32,36,40,48,48,29,10,-12,-39,-58,-73,-84,-72,-55,-35,-9,11,-271,-258
62076,mtk,MTK 7916,2150892128,rx0-tx0,512,0,0,0,0,0,0,0,0,0,0,0,0,0,0,0,0,0,0,0,0,0,0,0,0,0,0,0,0,0,0,0,0,0,0,0,0,0,0,0,0,0,0,0,0,0,0,0,0,0,0,0,0,0,0,0,0,0,0,0,0,0,0,0,0,0,0,0,0,0,0,0,0,0,0,0,0,0,0,0,0,0,0,0,0,0,0,0,0,0,0,0,0,0,0,0,0,0,0,0,0,0,0,0,0,0,0,0,0,0,0,0,0,0,0,0,0,0,0,0,0,0,0,0,0,0,0,0,0,0,0,0,0,0,0,0,0,0,0,0,0,0,0,0,0,0,0,0,0,0,0,0,0,0,0,0,0,0,0,0,0,0,0,0,0,0,0,0,0,0,0,0,0,0,0,0,0,0,0,0,0,0,0,0,0,0,0,0,0,0,0,0,0,0,0,0,0,0,0,0,0,0,0,0,0,0,0,0,0,0,0,0,0,0,0,0,0,0,0,0,0,0,0,0,0,0,0,0,0,0,0,0,0,0,0,0,0,0,0,0,0,0,0,0,0,0,0,0,0,0,0,0,0,0,0,0,0,-364,-596,-597,-207,-466,-661,-712,-611,-386,-97,215,484,686,807,835,777,634,419,167,-93,-363,-596,-783,-877,-916,-873,-735,-535,-297,-23,252,497,719,868,958,983,930,801,598,356,111,-170,-428,-651,-841,-971,-1024,-1012,-933,-763,-546,-292,-11,263,527,761,945,1052,1103,1068,953,762,513,223,-57,-324,-596,-831,-980,-1044,-1054,-995,-869,-681,-453,-203,67,323,527,707,839,929,958,903,812,660,487,286,77,-154,-370,-557,-705,-809,-869,-864,-806,-715,-567,-374,-182,44,249,415,574,699,762,762,732,663,556,425,258,102,-62,-227,-362,-469,-550,-614,-639,-651,-614,-545,-466,-352,-236,-116,-330,201,362,514,643,752,805,815,794,709,577,383,159,-77,-322,-575,-786,-961,-1074,-1113,-1081,-969,-783,-553,-258,68,391,703,964,1163,1282,1314,1248,1105,893,601,253,-112,-452,-770,-1050,-1256,-1388,-1410,-1334,-1166,-936,-640,-278,99,461,792,1085,1299,1427,1466,1392,1232,978,657,293,-109,-506,-864,-1159,-1376,-1499,-1524,-1438,-1226,-932,-594,-192,242,639,1003,1295,1481,1564,1529,1377,1115,774,363,-69,-500,-903,-1208,-1418,-1537,-1509,-1371,-1109,-763,-360,84,496,864,1166,1354,1423,1385,1211,956,603,208,-190,-573,-897,-1126,-1272,-1299,-1207,-1006,-702,-321,107,559,947,1219,1348,1302,1031,573,39,-399,-604,-589,0,0,0,0,0,0,0,0,0,0,0,0,0,0,0,0,0,0,0,0,0,0,0,0,0,0,0,0,0,0,0,0,0,0,0,0,0,0,0,0,0,0,0,0,0,0,0,0,0,0,0,0,0,0,0,0,0,0,0,0,0,0,0,0,0,0,0,0,0,0,0,0,0,0,0,0,0,0,0,0,0,0,0,0,0,0,0,0,0,0,0,0,0,0,0,0,0,0,0,0,0,0,0,0,0,0,0,0,0,0,0,0,0,0,0,0,0,0,0,0,0,0,0,0,0,0,0,0,0,0,0,0,0,0,0,0,0,0,0,0,0,0,0,0,0,0,0,0,0,0,0,0,0,0,0,0,0,0,0,0,0,0,0,0,0,0,0,0,0,0,0,0,0,0,0,0,0,0,0,0,0,0,0,0,0,0,0,0,0,0,0,0,0,0,0,0,0,0,0,0,0,0,0,0,0,0,0,0,0,0,0,0,0,0,0,0,0,0,0,0,0,0,0,0,0,0,0,0,0,0,0,0,0,0,0,0,0,0,0,0,0,0,0,0,0,0,0,0,0,0,0,0,0,0,0,0,-49,161,174,-513,-407,-165,152,455,685,797,785,655,457,205,-70,-334,-575,-750,-851,-880,-820,-677,-455,-200,58,334,574,764,896,965,938,840,668,432,181,-84,-356,-604,-802,-919,-990,-994,-912,-788,-589,-334,-50,221,495,733,911,1041,1090,1048,944,776,542,275,-20,-315,-580,-803,-973,-1075,-1086,-1047,-925,-723,-467,-204,67,343,591,786,916,989,999,928,814,667,470,249,-8,-233,-444,-626,-763,-858,-895,-888,-819,-705,-550,-360,-138,95,309,492,662,753,821,851,788,689,561,390,194,4,-178,-352,-488,-592,-655,-683,-693,-655,-572,-463,-340,-212,-77,62,206,336,452,543,603,654,-82,680,620,536,421,267,71,-120,-328,-522,-702,-845,-934,-969,-954,-858,-693,-490,-227,60,352,629,860,1050,1187,1229,1185,1049,843,568,250,-92,-445,-744,-1006,-1218,-1340,-1365,-1305,-1155,-915,-614,-271,107,467,791,1064,1275,1410,1426,1351,1201,961,652,291,-97,-483,-833,-1132,-1346,-1473,-1497,-1406,-1227,-963,-626,-247,157,564,926,1203,1404,1537,1526,1409,1196,873,489,68,-358,-760,-1102,-1358,-1519,-1566,-1496,-1287,-960,-588,-156,280,685,1038,1294,1452,1489,1387,1181,877,489,88,-328,-707,-1020,-1252,-1353,-1344,-1213,-968,-653,-289,107,487,829,1104,1267,1323,1232,968,591,120,-386,-862,-1167,-1235,-1092,138,143
62077,mtk,MTK 7916,2150892128,rx0-tx1,512,0,0,0,0,0,0,0,0,0,0,0,0,0,0,0,0,0,0,0,0,0,0,0,0,0,0,0,0,0,0,0,0,0,0,0,0,0,0,0,0,0,0,0,0,0,0,0,0,0,0,0,0,0,0,0,0,0,0,0,0,0,0,0,0,0,0,0,0,0,0,0,0,0,0,0,0,0,0,0,0,0,0,0,0,0,0,0,0,0,0,0,0,0,0,0,0,0,0,0,0,0,0,0,0,0,0,0,0,0,0,0,0,0,0,0,0,0,0,0,0,0,0,0,0,0,0,0,0,0,0,0,0,0,0,0,0,0,0,0,0,0,0,0,0,0,0,0,0,0,0,0,0,0,0,0,0,0,0,0,0,0,0,0,0,0,0,0,0,0,0,0,0,0,0,0,0,0,0,0,0,0,0,0,0,0,0,0,0,0,0,0,0,0,0,0,0,0,0,0,0,0,0,0,0,0,0,0,0,0,0,0,0,0,0,0,0,0,0,0,0,0,0,0,0,0,0,0,0,0,0,0,0,0,0,0,0,0,0,0,0,0,0,0,0,0,0,0,0,0,0,0,0,0,0,0,0,-449,-358,-381,96,352,574,694,665,501,248,-54,-342,-584,-770,-862,-860,-764,-576,-328,-36,299,593,830,999,1079,1032,886,645,338,-23,-390,-703,-956,-1099,-1154,-1111,-958,-722,-420,-105,210,516,740,913,1010,1021,933,801,626,390,163,-81,-307,-494,-666,-762,-796,-789,-744,-650,-526,-367,-211,-19,153,281,421,546,619,678,693,679,631,552,455,291,123,-59,-273,-465,-617,-767,-852,-888,-877,-793,-642,-441,-217,37,305,522,695,858,937,957,921,824,679,488,253,2,-239,-463,-653,-806,-914,-978,-984,-905,-760,-585,-348,-113,128,388,627,826,967,1045,1063,1007,877,691,448,170,-107,-396,510,-850,-1002,-1087,-1086,-1027,-886,-699,-467,-194,79,343,587,789,929,1019,1040,1006,902,751,570,346,93,-160,-403,-635,-839,-1001,-1079,-1114,-1089,-998,-838,-612,-345,-57,266,599,899,1157,1347,1455,1458,1337,1127,837,445,18,-439,-888,-1279,-1583,-1772,-1813,-1727,-1495,-1124,-664,-129,423,948,1403,1735,1942,1984,1865,1596,1169,650,71,-488,-1000,-1459,-1793,-1953,-1949,-1779,-1457,-1017,-487,69,608,1089,1488,1736,1840,1786,1540,1180,714,189,-362,-861,-1249,-1517,-1619,-1568,-1375,-1017,-596,-143,310,706,1019,1199,1251,1195,1016,732,398,68,-275,-566,-780,-924,-952,-890,-717,-463,-155,165,473,697,777,702,532,-233,-278,0,0,0,0,0,0,0,0,0,0,0,0,0,0,0,0,0,0,0,0,0,0,0,0,0,0,0,0,0,0,0,0,0,0,0,0,0,0,0,0,0,0,0,0,0,0,0,0,0,0,0,0,0,0,0,0,0,0,0,0,0,0,0,0,0,0,0,0,0,0,0,0,0,0,0,0,0,0,0,0,0,0,0,0,0,0,0,0,0,0,0,0,0,0,0,0,0,0,0,0,0,0,0,0,0,0,0,0,0,0,0,0,0,0,0,0,0,0,0,0,0,0,0,0,0,0,0,0,0,0,0,0,0,0,0,0,0,0,0,0,0,0,0,0,0,0,0,0,0,0,0,0,0,0,0,0,0,0,0,0,0,0,0,0,0,0,0,0,0,0,0,0,0,0,0,0,0,0,0,0,0,0,0,0,0,0,0,0,0,0,0,0,0,0,0,0,0,0,0,0,0,0,0,0,0,0,0,0,0,0,0,0,0,0,0,0,0,0,0,0,0,0,0,0,0,0,0,0,0,0,0,0,0,0,0,0,0,0,0,0,0,0,0,0,0,0,0,0,0,0,0,0,0,0,0,0,26,-1037,-1029,499,457,273,-4,-309,-568,-737,-794,-732,-577,-355,-77,209,487,726,888,977,960,816,601,319,-20,-361,-671,-916,-1084,-1156,-1100,-942,-683,-368,-34,319,634,889,1036,1103,1086,958,764,524,253,-44,-323,-536,-729,-847,-896,-903,-823,-712,-546,-343,-148,44,243,418,550,642,699,725,690,627,555,431,294,161,-1,-160,-318,-456,-593,-697,-760,-781,-770,-690,-575,-411,-187,36,266,495,691,832,923,970,921,794,648,448,214,-23,-259,-490,-689,-845,-949,-972,-943,-844,-704,-524,-312,-86,174,428,643,823,949,1001,1015,968,844,661,413,158,-109,-383,-627,-842,-995,-1076,-1096,-1058,-82,-711,-465,-182,106,382,633,835,994,1081,1082,1017,897,712,502,247,-9,-269,-512,-698,-865,-975,-1037,-1032,-973,-850,-678,-443,-195,54,327,592,836,1036,1177,1254,1264,1177,1005,760,451,94,-311,-699,-1044,-1347,-1549,-1640,-1619,-1469,-1189,-806,-335,170,662,1133,1517,1793,1939,1911,1724,1382,929,407,-168,-725,-1231,-1643,-1909,-2006,-1927,-1710,-1361,-863,-300,277,828,1288,1644,1854,1901,1786,1522,1119,624,93,-464,-961,-1351,-1627,-1745,-1697,-1481,-1130,-687,-185,308,781,1145,1363,1452,1389,1198,888,499,101,-286,-634,-899,-1021,-1071,-1019,-846,-611,-303,14,327,594,779,870,854,717,444,114,-211,-421,-1054,-1048
62078,mtk,MTK 7916,2150892128,rx1-tx0,512,0,0,0,0,0,0,0,0,0,0,0,0,0,0,0,0,0,0,0,0,0,0,0,0,0,0,0,0,0,0,0,0,0,0,0,0,0,0,0,0,0,0,0,0,0,0,0,0,0,0,0,0,0,0,0,0,0,0,0,0,0,0,0,0,0,0,0,0,0,0,0,0,0,0,0,0,0,0,0,0,0,0,0,0,0,0,0,0,0,0,0,0,0,0,0,0,0,0,0,0,0,0,0,0,0,0,0,0,0,0,0,0,0,0,0,0,0,0,0,0,0,0,0,0,0,0,0,0,0,0,0,0,0,0,0,0,0,0,0,0,0,0,0,0,0,0,0,0,0,0,0,0,0,0,0,0,0,0,0,0,0,0,0,0,0,0,0,0,0,0,0,0,0,0,0,0,0,0,0,0,0,0,0,0,0,0,0,0,0,0,0,0,0,0,0,0,0,0,0,0,0,0,0,0,0,0,0,0,0,0,0,0,0,0,0,0,0,0,0,0,0,0,0,0,0,0,0,0,0,0,0,0,0,0,0,0,0,0,0,0,0,0,0,0,0,0,0,0,0,0,0,0,0,0,0,0,98,520,527,-6,-291,-562,-726,-749,-631,-404,-101,218,513,761,917,977,927,773,523,204,-137,-487,-811,-1056,-1198,-1217,-1118,-898,-566,-181,237,625,968,1202,1317,1317,1173,940,621,259,-121,-490,-796,-998,-1118,-1154,-1085,-953,-749,-481,-198,67,322,539,717,830,873,870,818,705,564,397,212,23,-167,-342,-497,-622,-708,-756,-762,-722,-635,-501,-333,-137,79,283,458,623,733,799,817,756,648,490,287,79,-122,-318,-472,-591,-666,-696,-664,-582,-475,-334,-188,-43,90,208,323,394,431,447,434,390,342,291,211,144,68,-4,-70,-151,-218,-270,-300,-341,-368,-360,-339,-322,-273,-212,-132,-37,-686,163,265,350,419,450,466,450,406,340,240,128,3,-122,-228,-331,-418,-475,-506,-498,-478,-422,-327,-223,-110,23,156,272,378,462,528,578,593,552,484,386,258,115,-63,-238,-407,-564,-691,-752,-774,-743,-635,-481,-287,-66,173,394,573,714,808,845,804,711,567,367,150,-76,-275,-477,-634,-723,-767,-759,-687,-565,-410,-246,-40,157,328,466,559,620,632,591,521,418,293,138,-19,-160,-271,-377,-444,-475,-486,-467,-412,-352,-274,-176,-70,52,176,297,390,472,538,563,539,452,333,162,-23,-221,-410,-573,-691,-733,-694,-579,-375,-106,184,460,702,838,816,643,344,54,498,501,0,0,0,0,0,0,0,0,0,0,0,0,0,0,0,0,0,0,0,0,0,0,0,0,0,0,0,0,0,0,0,0,0,0,0,0,0,0,0,0,0,0,0,0,0,0,0,0,0,0,0,0,0,0,0,0,0,0,0,0,0,0,0,0,0,0,0,0,0,0,0,0,0,0,0,0,0,0,0,0,0,0,0,0,0,0,0,0,0,0,0,0,0,0,0,0,0,0,0,0,0,0,0,0,0,0,0,0,0,0,0,0,0,0,0,0,0,0,0,0,0,0,0,0,0,0,0,0,0,0,0,0,0,0,0,0,0,0,0,0,0,0,0,0,0,0,0,0,0,0,0,0,0,0,0,0,0,0,0,0,0,0,0,0,0,0,0,0,0,0,0,0,0,0,0,0,0,0,0,0,0,0,0,0,0,0,0,0,0,0,0,0,0,0,0,0,0,0,0,0,0,0,0,0,0,0,0,0,0,0,0,0,0,0,0,0,0,0,0,0,0,0,0,0,0,0,0,0,0,0,0,0,0,0,0,0,0,0,0,0,0,0,0,0,0,0,0,0,0,0,0,0,0,0,0,0,-999,410,377,-537,-543,-391,-120,207,509,742,864,855,748,542,262,-52,-375,-673,-912,-1054,-1095,-1023,-831,-540,-177,204,580,916,1164,1303,1310,1185,936,585,203,-210,-589,-908,-1135,-1258,-1264,-1156,-945,-676,-369,-38,285,551,778,942,1003,1004,932,799,608,383,157,-49,-268,-437,-579,-684,-751,-783,-758,-690,-595,-455,-290,-110,90,276,456,611,729,804,814,758,665,527,341,134,-91,-307,-486,-638,-741,-785,-770,-691,-555,-397,-223,-47,140,291,412,513,557,567,535,492,412,303,195,83,-28,-114,-187,-257,-304,-335,-351,-353,-348,-320,-278,-223,-172,-119,-39,47,114,189,267,319,368,390,9,393,347,276,182,73,-29,-143,-245,-338,-422,-468,-486,-476,-440,-373,-280,-165,-46,69,185,308,405,477,518,547,525,469,393,292,178,55,-89,-235,-376,-504,-595,-656,-685,-654,-592,-474,-305,-107,89,307,510,659,773,826,821,742,605,430,228,-8,-247,-439,-621,-740,-800,-809,-766,-666,-499,-304,-102,109,312,471,589,677,723,700,618,498,348,181,0,-162,-304,-418,-508,-551,-551,-513,-452,-370,-249,-128,-14,105,217,307,388,438,459,465,452,401,321,221,77,-75,-244,-397,-519,-620,-656,-632,-544,-397,-194,37,282,509,695,796,788,687,477,159,-193,-510,-709,-754,466,440
62079,mtk,MTK 7916,2150892128,rx1-tx1,512,0,0,0,0,0,0,0,0,0,0,0,0,0,0,0,0,0,0,0,0,0,0,0,0,0,0,0,0,0,0,0,0,0,0,0,0,0,0,0,0,0,0,0,0,0,0,0,0,0,0,0,0,0,0,0,0,0,0,0,0,0,0,0,0,0,0,0,0,0,0,0,0,0,0,0,0,0,0,0,0,0,0,0,0,0,0,0,0,0,0,0,0,0,0,0,0,0,0,0,0,0,0,0,0,0,0,0,0,0,0,0,0,0,0,0,0,0,0,0,0,0,0,0,0,0,0,0,0,0,0,0,0,0,0,0,0,0,0,0,0,0,0,0,0,0,0,0,0,0,0,0,0,0,0,0,0,0,0,0,0,0,0,0,0,0,0,0,0,0,0,0,0,0,0,0,0,0,0,0,0,0,0,0,0,0,0,0,0,0,0,0,0,0,0,0,0,0,0,0,0,0,0,0,0,0,0,0,0,0,0,0,0,0,0,0,0,0,0,0,0,0,0,0,0,0,0,0,0,0,0,0,0,0,0,0,0,0,0,0,0,0,0,0,0,0,0,0,0,0,0,0,0,0,0,0,0,-282,-516,-554,-130,-177,-219,-239,-225,-172,-80,28,131,212,269,271,209,98,-30,-150,-245,-286,-257,-162,-30,116,234,293,282,216,74,-103,-256,-343,-349,-264,-99,96,279,405,443,354,174,-58,-289,-456,-525,-461,-263,10,283,504,605,541,336,57,-264,-530,-666,-627,-421,-90,258,556,731,720,517,185,-206,-546,-755,-777,-599,-264,145,521,761,812,665,342,-59,-458,-755,-841,-700,-387,12,419,719,822,717,435,30,-373,-657,-779,-707,-440,-60,327,618,741,670,424,64,-308,-583,-703,-640,-409,-69,271,539,653,589,369,58,-276,-526,-616,-535,-321,-17,283,502,585,501,259,-54,0,-519,-556,-431,-187,112,390,551,547,392,126,-191,-445,-589,-568,-372,-59,272,547,675,606,362,20,-335,-621,-746,-664,-379,14,407,712,840,741,452,20,-433,-777,-916,-821,-496,-39,447,826,994,900,573,99,-411,-835,-1043,-977,-664,-175,362,810,1053,1017,719,251,-281,-747,-1020,-1027,-775,-338,186,665,981,1028,810,399,-108,-592,-920,-1011,-832,-450,43,518,871,998,869,514,37,-442,-805,-974,-904,-613,-174,309,726,958,956,729,325,-150,-570,-865,-965,-828,-505,-78,356,704,890,875,666,314,-101,-488,-748,-844,-766,-531,-184,197,531,755,826,753,562,288,-8,-261,-465,-409,-445,0,0,0,0,0,0,0,0,0,0,0,0,0,0,0,0,0,0,0,0,0,0,0,0,0,0,0,0,0,0,0,0,0,0,0,0,0,0,0,0,0,0,0,0,0,0,0,0,0,0,0,0,0,0,0,0,0,0,0,0,0,0,0,0,0,0,0,0,0,0,0,0,0,0,0,0,0,0,0,0,0,0,0,0,0,0,0,0,0,0,0,0,0,0,0,0,0,0,0,0,0,0,0,0,0,0,0,0,0,0,0,0,0,0,0,0,0,0,0,0,0,0,0,0,0,0,0,0,0,0,0,0,0,0,0,0,0,0,0,0,0,0,0,0,0,0,0,0,0,0,0,0,0,0,0,0,0,0,0,0,0,0,0,0,0,0,0,0,0,0,0,0,0,0,0,0,0,0,0,0,0,0,0,0,0,0,0,0,0,0,0,0,0,0,0,0,0,0,0,0,0,0,0,0,0,0,0,0,0,0,0,0,0,0,0,0,0,0,0,0,0,0,0,0,0,0,0,0,0,0,0,0,0,0,0,0,0,0,0,0,0,0,0,0,0,0,0,0,0,0,0,0,0,0,0,0,288,-766,-754,138,93,38,-32,-116,-192,-252,-267,-234,-160,-49,77,182,255,279,241,138,-6,-141,-239,-286,-276,-193,-57,109,251,324,322,242,85,-105,-276,-394,-410,-315,-134,80,288,439,488,402,204,-43,-284,-481,-565,-490,-281,-4,282,521,640,576,359,52,-279,-562,-707,-676,-464,-147,221,542,733,737,556,228,-175,-542,-776,-813,-638,-297,109,490,749,828,697,381,-42,-440,-727,-828,-716,-413,-11,377,685,811,704,423,45,-349,-653,-772,-694,-430,-43,331,605,733,667,408,64,-290,-580,-713,-628,-385,-53,281,543,640,556,331,19,-290,-513,-598,-513,-283,15,303,503,562,0,210,-91,-362,-524,-550,-410,-137,173,424,563,551,384,86,-233,-493,-626,-572,-349,-28,309,580,699,625,374,6,-381,-679,-802,-704,-424,-15,422,759,891,789,470,34,-434,-803,-959,-854,-534,-67,428,816,999,918,610,133,-374,-802,-1027,-997,-692,-208,308,765,1037,1034,771,307,-238,-721,-1024,-1060,-814,-380,143,635,950,1017,840,433,-78,-557,-884,-990,-844,-476,6,488,848,991,885,569,108,-380,-767,-955,-915,-661,-244,229,657,931,970,780,416,-47,-489,-803,-942,-872,-599,-204,227,598,824,864,715,418,39,-348,-659,-820,-810,-638,-352,-7,327,591,741,760,666,483,-826,-801
62080,mtk,MTK 7916,2150892128,rx2-tx0,512,0,0,0,0,0,0,0,0,0,0,0,0,0,0,0,0,0,0,0,0,0,0,0,0,0,0,0,0,0,0,0,0,0,0,0,0,0,0,0,0,0,0,0,0,0,0,0,0,0,0,0,0,0,0,0,0,0,0,0,0,0,0,0,0,0,0,0,0,0,0,0,0,0,0,0,0,0,0,0,0,0,0,0,0,0,0,0,0,0,0,0,0,0,0,0,0,0,0,0,0,0,0,0,0,0,0,0,0,0,0,0,0,0,0,0,0,0,0,0,0,0,0,0,0,0,0,0,0,0,0,0,0,0,0,0,0,0,0,0,0,0,0,0,0,0,0,0,0,0,0,0,0,0,0,0,0,0,0,0,0,0,0,0,0,0,0,0,0,0,0,0,0,0,0,0,0,0,0,0,0,0,0,0,0,0,0,0,0,0,0,0,0,0,0,0,0,0,0,0,0,0,0,0,0,0,0,0,0,0,0,0,0,0,0,0,0,0,0,0,0,0,0,0,0,0,0,0,0,0,0,0,0,0,0,0,0,0,0,0,0,0,0,0,0,0,0,0,0,0,0,0,0,0,0,0,0,794,-1247,-1242,-14,31,77,127,166,174,153,114,55,-23,-103,-159,-187,-184,-136,-49,48,125,180,200,169,102,12,-85,-169,-213,-196,-133,-51,51,139,182,192,159,73,-38,-134,-195,-204,-164,-66,50,154,215,228,177,81,-38,-163,-239,-259,-226,-122,22,150,246,292,255,155,21,-118,-223,-271,-260,-184,-61,79,195,257,246,173,71,-59,-169,-224,-213,-159,-62,45,136,190,198,149,54,-49,-137,-194,-186,-124,-46,41,125,170,177,130,57,-32,-112,-154,-148,-98,-42,8,63,85,76,64,31,-5,-31,-25,-19,-2,28,54,49,36,6,-42,-73,-74,-53,-12,45,101,0,110,88,21,-59,-125,-169,-175,-120,-29,73,157,217,230,182,90,-30,-154,-237,-250,-214,-121,3,128,223,252,225,133,17,-111,-211,-254,-231,-153,-28,117,221,253,230,139,15,-92,-178,-237,-233,-159,-50,60,151,201,189,138,53,-54,-132,-176,-161,-113,-18,79,144,155,130,69,-11,-97,-158,-180,-155,-90,2,95,181,210,176,108,21,-74,-147,-191,-182,-123,-48,34,108,154,159,121,56,-11,-69,-94,-88,-61,-32,1,46,70,43,2,-43,-83,-101,-99,-57,13,83,135,168,176,141,68,-19,-110,-195,-238,-242,-196,-109,-8,102,203,260,256,240,204,-1201,-1206,0,0,0,0,0,0,0,0,0,0,0,0,0,0,0,0,0,0,0,0,0,0,0,0,0,0,0,0,0,0,0,0,0,0,0,0,0,0,0,0,0,0,0,0,0,0,0,0,0,0,0,0,0,0,0,0,0,0,0,0,0,0,0,0,0,0,0,0,0,0,0,0,0,0,0,0,0,0,0,0,0,0,0,0,0,0,0,0,0,0,0,0,0,0,0,0,0,0,0,0,0,0,0,0,0,0,0,0,0,0,0,0,0,0,0,0,0,0,0,0,0,0,0,0,0,0,0,0,0,0,0,0,0,0,0,0,0,0,0,0,0,0,0,0,0,0,0,0,0,0,0,0,0,0,0,0,0,0,0,0,0,0,0,0,0,0,0,0,0,0,0,0,0,0,0,0,0,0,0,0,0,0,0,0,0,0,0,0,0,0,0,0,0,0,0,0,0,0,0,0,0,0,0,0,0,0,0,0,0,0,0,0,0,0,0,0,0,0,0,0,0,0,0,0,0,0,0,0,0,0,0,0,0,0,0,0,0,0,0,0,0,0,0,0,0,0,0,0,0,0,0,0,0,0,0,0,572,-254,-216,-130,-139,-131,-111,-59,16,87,134,166,174,156,98,11,-74,-144,-195,-201,-156,-77,8,95,169,209,190,129,40,-67,-154,-203,-203,-158,-65,42,129,189,200,159,67,-33,-129,-207,-228,-175,-84,29,142,222,252,203,98,-34,-164,-251,-267,-226,-139,-9,132,242,287,262,170,34,-102,-205,-264,-259,-187,-58,60,167,234,232,164,56,-62,-165,-217,-207,-141,-41,54,138,201,199,136,45,-70,-158,-194,-182,-145,-62,33,117,161,156,107,48,-22,-73,-110,-108,-77,-31,18,59,59,52,31,-14,-42,-38,-24,-3,26,60,67,48,8,-39,-83,-96,-89,-60,0,39,93,133,149,115,33,-70,-147,-202,-213,-160,-60,51,145,214,234,195,97,-34,-148,-225,-266,-236,-143,-10,121,213,260,241,150,12,-112,-203,-246,-220,-144,-38,85,187,241,223,155,40,-76,-180,-228,-220,-152,-60,44,136,188,175,121,45,-52,-132,-149,-143,-94,10,109,165,177,146,74,-7,-101,-187,-214,-173,-89,3,90,167,202,186,124,42,-56,-138,-174,-156,-116,-59,11,83,120,128,94,42,-2,-33,-63,-70,-38,13,55,79,69,38,-6,-68,-126,-153,-139,-78,0,64,130,193,216,193,129,43,-62,-164,-245,-279,-270,-212,-126,-30,53,140,-385,-343
62081,mtk,MTK 7916,2150892128,rx2-tx1,512,0,0,0,0,0,0,0,0,0,0,0,0,0,0,0,0,0,0,0,0,0,0,0,0,0,0,0,0,0,0,0,0,0,0,0,0,0,0,0,0,0,0,0,0,0,0,0,0,0,0,0,0,0,0,0,0,0,0,0,0,0,0,0,0,0,0,0,0,0,0,0,0,0,0,0,0,0,0,0,0,0,0,0,0,0,0,0,0,0,0,0,0,0,0,0,0,0,0,0,0,0,0,0,0,0,0,0,0,0,0,0,0,0,0,0,0,0,0,0,0,0,0,0,0,0,0,0,0,0,0,0,0,0,0,0,0,0,0,0,0,0,0,0,0,0,0,0,0,0,0,0,0,0,0,0,0,0,0,0,0,0,0,0,0,0,0,0,0,0,0,0,0,0,0,0,0,0,0,0,0,0,0,0,0,0,0,0,0,0,0,0,0,0,0,0,0,0,0,0,0,0,0,0,0,0,0,0,0,0,0,0,0,0,0,0,0,0,0,0,0,0,0,0,0,0,0,0,0,0,0,0,0,0,0,0,0,0,0,0,0,0,0,0,0,0,0,0,0,0,0,0,0,0,0,0,0,381,-435,-433,28,35,42,42,35,24,2,-17,-36,-50,-64,-72,-54,-28,1,35,79,102,98,74,30,-16,-65,-118,-155,-131,-83,-10,61,129,176,197,160,78,-19,-122,-204,-252,-243,-171,-49,91,223,305,325,277,160,-2,-178,-324,-388,-365,-250,-77,136,321,425,438,357,178,-55,-280,-447,-521,-461,-291,-56,193,417,555,550,417,187,-100,-376,-559,-595,-500,-305,-24,267,485,580,545,387,139,-143,-384,-527,-539,-426,-223,43,294,461,513,435,252,14,-223,-387,-456,-413,-262,-41,174,329,408,391,262,69,-133,-317,-403,-380,-255,-78,105,256,340,339,248,75,-99,-237,0,-297,-215,-77,78,209,283,286,204,55,-93,-210,-266,-255,-172,-52,85,195,261,250,159,25,-103,-205,-262,-249,-153,-12,124,226,279,260,162,8,-144,-252,-305,-292,-200,-44,130,265,330,314,223,91,-63,-224,-327,-338,-263,-124,38,175,281,313,257,145,9,-131,-238,-279,-246,-148,-31,89,199,264,255,164,52,-68,-169,-223,-214,-166,-76,24,116,182,213,186,117,20,-79,-148,-173,-172,-138,-75,-2,60,110,142,139,96,48,12,-23,-61,-82,-82,-65,-40,-17,-5,7,18,35,40,43,44,44,35,18,8,-1,-28,-53,-80,-93,-81,-60,-41,-14,15,-447,-450,0,0,0,0,0,0,0,0,0,0,0,0,0,0,0,0,0,0,0,0,0,0,0,0,0,0,0,0,0,0,0,0,0,0,0,0,0,0,0,0,0,0,0,0,0,0,0,0,0,0,0,0,0,0,0,0,0,0,0,0,0,0,0,0,0,0,0,0,0,0,0,0,0,0,0,0,0,0,0,0,0,0,0,0,0,0,0,0,0,0,0,0,0,0,0,0,0,0,0,0,0,0,0,0,0,0,0,0,0,0,0,0,0,0,0,0,0,0,0,0,0,0,0,0,0,0,0,0,0,0,0,0,0,0,0,0,0,0,0,0,0,0,0,0,0,0,0,0,0,0,0,0,0,0,0,0,0,0,0,0,0,0,0,0,0,0,0,0,0,0,0,0,0,0,0,0,0,0,0,0,0,0,0,0,0,0,0,0,0,0,0,0,0,0,0,0,0,0,0,0,0,0,0,0,0,0,0,0,0,0,0,0,0,0,0,0,0,0,0,0,0,0,0,0,0,0,0,0,0,0,0,0,0,0,0,0,0,0,0,0,0,0,0,0,0,0,0,0,0,0,0,0,0,0,0,0,-1037,-221,-205,-26,-9,9,22,36,48,59,65,56,33,13,-15,-54,-80,-88,-78,-51,-9,37,81,105,113,96,57,-1,-71,-127,-158,-158,-125,-59,38,131,195,222,196,124,11,-106,-210,-272,-282,-235,-117,49,209,317,363,314,191,18,-167,-322,-408,-404,-294,-108,98,291,435,478,401,224,-18,-254,-436,-532,-504,-357,-124,140,385,544,580,465,243,-40,-311,-512,-588,-526,-349,-92,194,421,548,547,414,172,-93,-335,-487,-524,-436,-237,8,248,425,474,401,247,43,-190,-380,-442,-394,-246,-51,146,311,405,382,251,67,-124,-283,-370,-362,-261,-95,95,244,328,325,237,0,-85,-223,-288,-286,-214,-73,86,207,268,259,187,67,-77,-190,-256,-251,-173,-39,93,201,258,246,157,27,-109,-215,-266,-237,-150,-20,129,243,298,269,163,16,-133,-266,-320,-295,-211,-72,103,241,324,324,242,97,-71,-212,-304,-333,-273,-150,4,150,259,287,250,150,13,-121,-215,-264,-239,-162,-50,74,181,231,222,154,55,-43,-125,-192,-213,-178,-98,0,97,165,196,182,124,53,-26,-103,-162,-170,-148,-98,-33,31,79,112,123,105,71,39,8,-27,-50,-61,-53,-46,-37,-32,-23,-13,4,23,41,55,57,54,57,50,27,-8,-38,-63,-82,-93,-95,-271,-258
62082,mtk,MTK 7916,2150930473,rx0-tx0,512,0,0,0,0,0,0,0,0,0,0,0,0,0,0,0,0,0,0,0,0,0,0,0,0,0,0,0,0,0,0,0,0,0,0,0,0,0,0,0,0,0,0,0,0,0,0,0,0,0,0,0,0,0,0,0,0,0,0,0,0,0,0,0,0,0,0,0,0,0,0,0,0,0,0,0,0,0,0,0,0,0,0,0,0,0,0,0,0,0,0,0,0,0,0,0,0,0,0,0,0,0,0,0,0,0,0,0,0,0,0,0,0,0,0,0,0,0,0,0,0,0,0,0,0,0,0,0,0,0,0,0,0,0,0,0,0,0,0,0,0,0,0,0,0,0,0,0,0,0,0,0,0,0,0,0,0,0,0,0,0,0,0,0,0,0,0,0,0,0,0,0,0,0,0,0,0,0,0,0,0,0,0,0,0,0,0,0,0,0,0,0,0,0,0,0,0,0,0,0,0,0,0,0,0,0,0,0,0,0,0,0,0,0,0,0,0,0,0,0,0,0,0,0,0,0,0,0,0,0,0,0,0,0,0,0,0,0,0,0,0,0,0,0,0,0,0,0,0,0,0,0,0,0,0,0,0,-364,-596,-597,-322,-117,183,480,690,787,760,621,401,158,-112,-387,-594,-741,-853,-868,-818,-697,-503,-261,-7,236,483,693,844,935,952,898,788,608,369,127,-118,-364,-593,-777,-916,-998,-1003,-937,-830,-667,-445,-210,37,301,556,754,930,1045,1087,1062,963,801,589,343,78,-181,-448,-684,-887,-1031,-1089,-1100,-1038,-890,-697,-480,-240,33,269,501,688,824,921,965,951,882,792,648,458,255,25,-174,-368,-553,-691,-797,-876,-889,-865,-787,-680,-507,-329,-140,91,275,457,599,709,788,812,791,719,622,503,346,184,22,-132,-273,-393,-512,-593,-633,-652,-664,-647,-576,-496,-404,-273,-151,-6,-330,261,407,549,674,778,834,850,825,762,639,455,234,22,-204,-471,-693,-890,-1054,-1148,-1168,-1110,-994,-820,-579,-300,18,338,642,909,1123,1272,1360,1346,1249,1088,857,560,221,-125,-439,-756,-1040,-1253,-1401,-1447,-1410,-1310,-1114,-848,-534,-178,185,531,865,1155,1354,1472,1521,1465,1316,1086,781,434,64,-326,-699,-1034,-1292,-1486,-1573,-1556,-1449,-1246,-952,-610,-218,183,590,957,1243,1458,1582,1582,1468,1258,972,595,183,-232,-643,-999,-1267,-1448,-1529,-1488,-1335,-1090,-763,-381,31,435,790,1075,1280,1390,1366,1244,1045,750,406,14,-387,-722,-1030,-1243,-1348,-1319,-1161,-857,-433,59,571,972,1187,1174,-604,-589,0,0,0,0,0,0,0,0,0,0,0,0,0,0,0,0,0,0,0,0,0,0,0,0,0,0,0,0,0,0,0,0,0,0,0,0,0,0,0,0,0,0,0,0,0,0,0,0,0,0,0,0,0,0,0,0,0,0,0,0,0,0,0,0,0,0,0,0,0,0,0,0,0,0,0,0,0,0,0,0,0,0,0,0,0,0,0,0,0,0,0,0,0,0,0,0,0,0,0,0,0,0,0,0,0,0,0,0,0,0,0,0,0,0,0,0,0,0,0,0,0,0,0,0,0,0,0,0,0,0,0,0,0,0,0,0,0,0,0,0,0,0,0,0,0,0,0,0,0,0,0,0,0,0,0,0,0,0,0,0,0,0,0,0,0,0,0,0,0,0,0,0,0,0,0,0,0,0,0,0,0,0,0,0,0,0,0,0,0,0,0,0,0,0,0,0,0,0,0,0,0,0,0,0,0,0,0,0,0,0,0,0,0,0,0,0,0,0,0,0,0,0,0,0,0,0,0,0,0,0,0,0,0,0,0,0,0,0,0,0,0,0,0,0,0,0,0,0,0,0,0,0,0,0,0,0,-49,161,174,431,605,659,548,321,34,-258,-516,-697,-800,-833,-755,-593,-401,-164,98,342,566,742,862,905,891,812,638,420,172,-91,-341,-567,-771,-903,-964,-973,-920,-805,-625,-408,-158,111,362,590,792,927,1005,1046,1016,903,732,547,295,23,-257,-522,-748,-922,-1044,-1099,-1086,-1014,-876,-672,-420,-146,116,380,607,788,928,1036,1060,1005,895,730,531,329,99,-131,-336,-524,-695,-818,-896,-913,-885,-836,-722,-572,-400,-191,16,217,409,581,731,807,862,859,808,735,595,440,249,45,-143,-312,-456,-584,-682,-722,-734,-708,-648,-566,-467,-335,-203,-77,53,202,335,441,538,609,655,696,-82,674,620,524,407,254,70,-117,-310,-508,-698,-856,-951,-994,-1017,-959,-830,-657,-440,-166,125,397,664,917,1103,1237,1285,1261,1157,969,731,438,112,-231,-552,-841,-1103,-1288,-1388,-1384,-1324,-1204,-982,-704,-373,-16,327,662,969,1202,1369,1459,1464,1391,1233,979,661,317,-47,-421,-771,-1071,-1316,-1471,-1542,-1525,-1404,-1186,-895,-551,-157,236,616,970,1261,1455,1565,1567,1479,1270,980,639,227,-191,-596,-967,-1265,-1484,-1562,-1546,-1434,-1191,-880,-512,-103,314,702,1035,1284,1431,1474,1386,1202,931,594,206,-187,-537,-861,-1112,-1277,-1347,-1282,-1122,-873,-525,-113,313,721,1076,1301,1380,1242,897,414,-38,138,143
62083,mtk,MTK 7916,2150930473,rx0-tx1,512,0,0,0,0,0,0,0,0,0,0,0,0,0,0,0,0,0,0,0,0,0,0,0,0,0,0,0,0,0,0,0,0,0,0,0,0,0,0,0,0,0,0,0,0,0,0,0,0,0,0,0,0,0,0,0,0,0,0,0,0,0,0,0,0,0,0,0,0,0,0,0,0,0,0,0,0,0,0,0,0,0,0,0,0,0,0,0,0,0,0,0,0,0,0,0,0,0,0,0,0,0,0,0,0,0,0,0,0,0,0,0,0,0,0,0,0,0,0,0,0,0,0,0,0,0,0,0,0,0,0,0,0,0,0,0,0,0,0,0,0,0,0,0,0,0,0,0,0,0,0,0,0,0,0,0,0,0,0,0,0,0,0,0,0,0,0,0,0,0,0,0,0,0,0,0,0,0,0,0,0,0,0,0,0,0,0,0,0,0,0,0,0,0,0,0,0,0,0,0,0,0,0,0,0,0,0,0,0,0,0,0,0,0,0,0,0,0,0,0,0,0,0,0,0,0,0,0,0,0,0,0,0,0,0,0,0,0,0,0,0,0,0,0,0,0,0,0,0,0,0,0,0,0,0,0,0,-449,-358,-381,383,221,-48,-351,-589,-738,-768,-687,-533,-311,-41,240,493,723,879,945,944,836,643,389,86,-241,-556,-820,-1032,-1140,-1154,-1070,-878,-604,-285,44,364,662,901,1068,1112,1097,1005,832,606,369,97,-183,-419,-634,-779,-853,-906,-906,-819,-710,-557,-376,-202,-15,168,336,467,583,650,703,711,702,649,562,463,350,207,76,-88,-250,-390,-546,-686,-778,-839,-848,-810,-729,-590,-405,-191,36,278,505,695,833,925,976,959,896,772,603,406,165,-67,-284,-497,-680,-837,-938,-978,-981,-909,-805,-658,-471,-240,0,241,472,693,865,1000,1062,1058,1013,899,725,511,268,-16,-281,-530,510,-957,-1064,-1113,-1101,-1043,-905,-711,-482,-231,32,300,529,725,887,995,1052,1052,992,880,726,540,337,115,-134,-381,-601,-806,-963,-1068,-1133,-1156,-1106,-1010,-819,-595,-314,3,314,650,966,1217,1410,1536,1554,1464,1280,994,635,222,-242,-698,-1119,-1486,-1742,-1891,-1888,-1765,-1521,-1131,-667,-137,410,923,1378,1736,1944,2034,1966,1734,1380,937,413,-143,-684,-1154,-1550,-1825,-1957,-1925,-1742,-1452,-1038,-541,-19,514,997,1395,1666,1787,1769,1594,1283,880,409,-91,-560,-970,-1268,-1450,-1484,-1391,-1174,-850,-475,-92,289,616,860,1029,1088,1051,923,705,434,141,-171,-451,-691,-858,-891,-811,-621,-325,-7,235,-233,-278,0,0,0,0,0,0,0,0,0,0,0,0,0,0,0,0,0,0,0,0,0,0,0,0,0,0,0,0,0,0,0,0,0,0,0,0,0,0,0,0,0,0,0,0,0,0,0,0,0,0,0,0,0,0,0,0,0,0,0,0,0,0,0,0,0,0,0,0,0,0,0,0,0,0,0,0,0,0,0,0,0,0,0,0,0,0,0,0,0,0,0,0,0,0,0,0,0,0,0,0,0,0,0,0,0,0,0,0,0,0,0,0,0,0,0,0,0,0,0,0,0,0,0,0,0,0,0,0,0,0,0,0,0,0,0,0,0,0,0,0,0,0,0,0,0,0,0,0,0,0,0,0,0,0,0,0,0,0,0,0,0,0,0,0,0,0,0,0,0,0,0,0,0,0,0,0,0,0,0,0,0,0,0,0,0,0,0,0,0,0,0,0,0,0,0,0,0,0,0,0,0,0,0,0,0,0,0,0,0,0,0,0,0,0,0,0,0,0,0,0,0,0,0,0,0,0,0,0,0,0,0,0,0,0,0,0,0,0,0,0,0,0,0,0,0,0,0,0,0,0,0,0,0,0,0,0,26,-1037,-1029,-338,-544,-648,-603,-437,-185,108,384,612,780,864,837,738,554,301,33,-265,-559,-796,-973,-1061,-1062,-961,-774,-510,-177,165,508,801,1013,1131,1160,1113,962,741,452,134,-150,-445,-701,-870,-984,-1034,-992,-899,-753,-546,-350,-131,117,332,491,627,711,764,789,760,680,585,455,320,168,20,-136,-285,-408,-519,-618,-678,-720,-729,-692,-644,-561,-426,-261,-83,125,329,529,708,837,913,940,922,832,690,506,286,53,-191,-420,-613,-764,-883,-961,-971,-939,-857,-720,-532,-305,-82,150,374,571,758,910,1002,1038,1010,938,789,606,393,137,-114,-368,-612,-812,-976,-1094,-1123,-1078,-1000,-82,-628,-367,-100,167,425,673,848,980,1062,1087,1048,933,785,595,366,139,-102,-339,-562,-758,-905,-999,-1057,-1071,-1018,-917,-764,-558,-327,-82,187,450,703,942,1116,1265,1324,1329,1257,1080,822,516,142,-264,-655,-1026,-1342,-1589,-1733,-1755,-1655,-1439,-1118,-692,-212,304,788,1253,1628,1870,2008,1972,1792,1487,1056,567,35,-536,-1058,-1480,-1787,-1978,-2008,-1877,-1613,-1222,-749,-216,330,822,1258,1611,1811,1872,1794,1556,1208,755,252,-258,-756,-1170,-1469,-1652,-1663,-1526,-1265,-903,-469,-14,416,794,1073,1227,1283,1224,1041,785,473,132,-189,-492,-730,-880,-950,-933,-817,-631,-341,-11,298,574,731,739,647,-1054,-1048
62084,mtk,MTK 7916,2150930473,rx1-tx0,512,0,0,0,0,0,0,0,0,0,0,0,0,0,0,0,0,0,0,0,0,0,0,0,0,0,0,0,0,0,0,0,0,0,0,0,0,0,0,0,0,0,0,0,0,0,0,0,0,0,0,0,0,0,0,0,0,0,0,0,0,0,0,0,0,0,0,0,0,0,0,0,0,0,0,0,0,0,0,0,0,0,0,0,0,0,0,0,0,0,0,0,0,0,0,0,0,0,0,0,0,0,0,0,0,0,0,0,0,0,0,0,0,0,0,0,0,0,0,0,0,0,0,0,0,0,0,0,0,0,0,0,0,0,0,0,0,0,0,0,0,0,0,0,0,0,0,0,0,0,0,0,0,0,0,0,0,0,0,0,0,0,0,0,0,0,0,0,0,0,0,0,0,0,0,0,0,0,0,0,0,0,0,0,0,0,0,0,0,0,0,0,0,0,0,0,0,0,0,0,0,0,0,0,0,0,0,0,0,0,0,0,0,0,0,0,0,0,0,0,0,0,0,0,0,0,0,0,0,0,0,0,0,0,0,0,0,0,0,0,0,0,0,0,0,0,0,0,0,0,0,0,0,0,0,0,0,98,520,527,-477,-333,-71,249,545,766,863,836,707,488,212,-103,-410,-684,-914,-1060,-1111,-1050,-887,-634,-303,62,439,790,1077,1251,1326,1300,1141,861,520,126,-271,-617,-935,-1156,-1281,-1299,-1202,-1026,-777,-492,-170,157,432,674,851,951,1005,999,921,785,627,427,223,7,-186,-370,-503,-609,-710,-770,-796,-755,-698,-609,-478,-335,-149,41,230,418,571,708,798,819,801,755,654,488,299,88,-132,-333,-492,-618,-720,-751,-726,-663,-567,-449,-296,-137,-8,150,283,374,441,484,499,472,443,375,324,256,190,98,9,-63,-107,-177,-233,-265,-323,-354,-370,-359,-347,-316,-279,-233,-167,-99,-2,-686,205,293,376,415,460,487,460,426,371,269,155,44,-62,-163,-281,-382,-450,-492,-515,-517,-490,-432,-361,-267,-141,-25,101,231,359,451,526,602,641,633,594,526,425,285,113,-69,-268,-438,-592,-721,-803,-835,-808,-724,-591,-405,-202,19,245,453,638,764,834,865,824,730,602,420,210,10,-198,-386,-540,-668,-744,-758,-737,-670,-548,-397,-230,-55,129,279,413,509,571,608,605,555,478,380,244,129,8,-103,-217,-308,-377,-441,-484,-490,-483,-448,-396,-301,-184,-58,101,253,405,542,631,680,656,576,453,270,40,-203,-429,-645,-792,-850,-816,-648,-376,-29,317,601,730,498,501,0,0,0,0,0,0,0,0,0,0,0,0,0,0,0,0,0,0,0,0,0,0,0,0,0,0,0,0,0,0,0,0,0,0,0,0,0,0,0,0,0,0,0,0,0,0,0,0,0,0,0,0,0,0,0,0,0,0,0,0,0,0,0,0,0,0,0,0,0,0,0,0,0,0,0,0,0,0,0,0,0,0,0,0,0,0,0,0,0,0,0,0,0,0,0,0,0,0,0,0,0,0,0,0,0,0,0,0,0,0,0,0,0,0,0,0,0,0,0,0,0,0,0,0,0,0,0,0,0,0,0,0,0,0,0,0,0,0,0,0,0,0,0,0,0,0,0,0,0,0,0,0,0,0,0,0,0,0,0,0,0,0,0,0,0,0,0,0,0,0,0,0,0,0,0,0,0,0,0,0,0,0,0,0,0,0,0,0,0,0,0,0,0,0,0,0,0,0,0,0,0,0,0,0,0,0,0,0,0,0,0,0,0,0,0,0,0,0,0,0,0,0,0,0,0,0,0,0,0,0,0,0,0,0,0,0,0,0,0,0,0,0,0,0,0,0,0,0,0,0,0,0,0,0,0,0,-999,410,377,290,532,695,721,599,355,43,-273,-557,-789,-928,-972,-912,-756,-521,-225,107,437,749,1007,1172,1230,1180,1025,745,395,6,-388,-763,-1064,-1266,-1369,-1322,-1184,-965,-659,-302,69,417,715,943,1098,1172,1143,1038,882,655,394,153,-91,-329,-518,-687,-804,-859,-864,-825,-748,-618,-492,-346,-178,5,186,342,504,621,728,797,801,785,706,594,447,245,34,-155,-350,-529,-679,-776,-822,-808,-723,-613,-486,-323,-128,77,251,399,512,587,607,613,599,513,411,302,193,75,-23,-129,-219,-275,-326,-362,-389,-381,-359,-346,-330,-263,-220,-171,-105,-35,46,116,200,267,330,371,407,430,9,374,340,259,165,83,-28,-146,-241,-350,-437,-477,-494,-487,-475,-439,-358,-254,-149,-37,82,208,321,411,497,544,554,557,527,456,359,273,163,15,-138,-288,-437,-563,-660,-726,-748,-725,-645,-535,-375,-184,39,258,463,639,772,848,881,846,761,615,415,212,-16,-236,-420,-595,-728,-793,-813,-799,-716,-590,-433,-233,-43,145,329,477,591,656,693,673,607,505,372,246,98,-53,-205,-316,-427,-495,-515,-517,-496,-453,-386,-304,-213,-103,10,122,232,343,447,511,571,586,550,473,339,178,-7,-215,-400,-570,-697,-759,-744,-660,-502,-263,14,315,603,805,873,790,558,274,466,440
62085,mtk,MTK 7916,2150930473,rx1-tx1,512,0,0,0,0,0,0,0,0,0,0,0,0,0,0,0,0,0,0,0,0,0,0,0,0,0,0,0,0,0,0,0,0,0,0,0,0,0,0,0,0,0,0,0,0,0,0,0,0,0,0,0,0,0,0,0,0,0,0,0,0,0,0,0,0,0,0,0,0,0,0,0,0,0,0,0,0,0,0,0,0,0,0,0,0,0,0,0,0,0,0,0,0,0,0,0,0,0,0,0,0,0,0,0,0,0,0,0,0,0,0,0,0,0,0,0,0,0,0,0,0,0,0,0,0,0,0,0,0,0,0,0,0,0,0,0,0,0,0,0,0,0,0,0,0,0,0,0,0,0,0,0,0,0,0,0,0,0,0,0,0,0,0,0,0,0,0,0,0,0,0,0,0,0,0,0,0,0,0,0,0,0,0,0,0,0,0,0,0,0,0,0,0,0,0,0,0,0,0,0,0,0,0,0,0,0,0,0,0,0,0,0,0,0,0,0,0,0,0,0,0,0,0,0,0,0,0,0,0,0,0,0,0,0,0,0,0,0,0,0,0,0,0,0,0,0,0,0,0,0,0,0,0,0,0,0,0,-282,-516,-554,173,163,136,77,-9,-117,-214,-267,-264,-219,-130,-12,107,211,274,268,193,69,-70,-191,-278,-306,-236,-94,63,218,327,344,259,108,-81,-267,-389,-404,-313,-122,110,327,458,479,363,145,-125,-366,-525,-543,-423,-182,132,415,583,610,470,190,-159,-468,-674,-700,-518,-193,187,523,734,755,574,221,-194,-557,-785,-815,-612,-246,200,591,826,829,603,221,-206,-584,-806,-804,-571,-189,230,589,803,771,519,146,-267,-611,-777,-739,-492,-106,298,608,745,681,419,41,-338,-611,-708,-609,-334,27,374,611,672,537,256,-96,-418,-597,-594,-433,-150,184,467,598,539,331,29,0,-490,-558,-469,-228,100,395,562,560,394,99,-232,-495,-600,-532,-303,26,371,605,655,524,232,-156,-520,-723,-733,-533,-155,275,649,836,801,536,112,-359,-747,-935,-855,-547,-70,441,825,993,903,548,30,-491,-879,-1042,-913,-525,20,551,936,1079,929,522,-20,-567,-965,-1095,-929,-510,36,573,960,1074,888,470,-62,-586,-947,-1040,-851,-439,78,573,916,1016,839,432,-93,-581,-907,-987,-823,-438,70,557,895,998,846,476,-11,-497,-851,-985,-870,-554,-103,381,760,937,903,648,237,-220,-606,-844,-874,-711,-389,18,414,705,839,788,567,234,-139,-478,-715,-809,-756,-596,-346,-409,-445,0,0,0,0,0,0,0,0,0,0,0,0,0,0,0,0,0,0,0,0,0,0,0,0,0,0,0,0,0,0,0,0,0,0,0,0,0,0,0,0,0,0,0,0,0,0,0,0,0,0,0,0,0,0,0,0,0,0,0,0,0,0,0,0,0,0,0,0,0,0,0,0,0,0,0,0,0,0,0,0,0,0,0,0,0,0,0,0,0,0,0,0,0,0,0,0,0,0,0,0,0,0,0,0,0,0,0,0,0,0,0,0,0,0,0,0,0,0,0,0,0,0,0,0,0,0,0,0,0,0,0,0,0,0,0,0,0,0,0,0,0,0,0,0,0,0,0,0,0,0,0,0,0,0,0,0,0,0,0,0,0,0,0,0,0,0,0,0,0,0,0,0,0,0,0,0,0,0,0,0,0,0,0,0,0,0,0,0,0,0,0,0,0,0,0,0,0,0,0,0,0,0,0,0,0,0,0,0,0,0,0,0,0,0,0,0,0,0,0,0,0,0,0,0,0,0,0,0,0,0,0,0,0,0,0,0,0,0,0,0,0,0,0,0,0,0,0,0,0,0,0,0,0,0,0,0,288,-766,-754,49,111,177,225,246,226,160,64,-33,-145,-240,-276,-245,-166,-51,85,209,280,285,212,82,-73,-213,-305,-310,-241,-98,88,255,359,370,278,108,-98,-287,-418,-437,-327,-125,121,351,493,511,385,146,-136,-397,-562,-572,-434,-170,152,461,641,661,505,206,-169,-517,-716,-721,-543,-210,193,558,772,788,599,230,-197,-569,-784,-800,-602,-238,200,593,821,816,593,215,-229,-606,-804,-789,-566,-180,264,619,791,758,528,155,-257,-604,-774,-713,-458,-77,327,632,745,647,376,3,-366,-630,-706,-585,-303,62,401,605,634,488,204,-145,-440,-586,-554,-361,-81,225,478,589,0,271,-35,-332,-529,-567,-433,-154,166,444,583,546,342,46,-283,-533,-627,-532,-274,91,439,663,698,532,202,-208,-564,-782,-776,-541,-149,306,688,881,839,549,97,-397,-789,-961,-872,-549,-64,455,866,1039,919,535,14,-522,-921,-1068,-922,-532,13,554,944,1079,934,528,-35,-581,-960,-1076,-903,-487,48,572,949,1060,891,479,-67,-582,-926,-1024,-834,-428,88,582,917,1010,827,435,-69,-562,-914,-1005,-820,-440,53,531,879,1001,865,512,29,-454,-813,-972,-899,-601,-160,314,691,892,888,681,309,-121,-520,-784,-852,-739,-468,-83,311,628,816,835,692,437,124,-188,-432,-599,-826,-801
62086,mtk,MTK 7916,2150930473,rx2-tx0,512,0,0,0,0,0,0,0,0,0,0,0,0,0,0,0,0,0,0,0,0,0,0,0,0,0,0,0,0,0,0,0,0,0,0,0,0,0,0,0,0,0,0,0,0,0,0,0,0,0,0,0,0,0,0,0,0,0,0,0,0,0,0,0,0,0,0,0,0,0,0,0,0,0,0,0,0,0,0,0,0,0,0,0,0,0,0,0,0,0,0,0,0,0,0,0,0,0,0,0,0,0,0,0,0,0,0,0,0,0,0,0,0,0,0,0,0,0,0,0,0,0,0,0,0,0,0,0,0,0,0,0,0,0,0,0,0,0,0,0,0,0,0,0,0,0,0,0,0,0,0,0,0,0,0,0,0,0,0,0,0,0,0,0,0,0,0,0,0,0,0,0,0,0,0,0,0,0,0,0,0,0,0,0,0,0,0,0,0,0,0,0,0,0,0,0,0,0,0,0,0,0,0,0,0,0,0,0,0,0,0,0,0,0,0,0,0,0,0,0,0,0,0,0,0,0,0,0,0,0,0,0,0,0,0,0,0,0,0,0,0,0,0,0,0,0,0,0,0,0,0,0,0,0,0,0,0,794,-1247,-1242,-103,-136,-156,-155,-125,-70,6,81,139,182,190,153,73,-14,-100,-174,-213,-185,-128,-43,62,159,213,204,147,58,-48,-139,-198,-210,-150,-57,33,127,199,214,157,57,-59,-158,-210,-205,-154,-47,90,185,222,223,147,23,-108,-215,-273,-256,-161,-31,102,217,283,280,198,60,-100,-213,-278,-264,-189,-57,80,188,247,241,167,46,-82,-179,-220,-196,-120,-8,90,169,205,171,78,-19,-108,-169,-179,-146,-68,31,117,173,176,133,52,-20,-81,-120,-132,-97,-32,32,71,85,83,58,6,-36,-53,-38,-8,31,64,77,58,14,-26,-63,-80,-81,-39,29,82,0,131,102,31,-60,-135,-175,-176,-129,-37,67,179,236,222,152,53,-73,-184,-254,-251,-177,-53,79,186,255,260,189,63,-78,-188,-241,-243,-178,-62,83,198,259,247,178,56,-68,-185,-242,-231,-159,-51,59,155,217,193,115,22,-81,-170,-202,-162,-78,22,108,158,147,105,18,-82,-151,-187,-178,-118,-19,89,171,196,178,113,6,-97,-166,-195,-181,-116,-28,53,126,164,145,100,45,-28,-85,-104,-95,-60,-2,46,69,61,40,3,-48,-79,-75,-46,-2,60,106,140,139,94,19,-69,-151,-198,-217,-181,-107,-8,111,213,266,275,239,158,58,-44,-116,-183,-1201,-1206,0,0,0,0,0,0,0,0,0,0,0,0,0,0,0,0,0,0,0,0,0,0,0,0,0,0,0,0,0,0,0,0,0,0,0,0,0,0,0,0,0,0,0,0,0,0,0,0,0,0,0,0,0,0,0,0,0,0,0,0,0,0,0,0,0,0,0,0,0,0,0,0,0,0,0,0,0,0,0,0,0,0,0,0,0,0,0,0,0,0,0,0,0,0,0,0,0,0,0,0,0,0,0,0,0,0,0,0,0,0,0,0,0,0,0,0,0,0,0,0,0,0,0,0,0,0,0,0,0,0,0,0,0,0,0,0,0,0,0,0,0,0,0,0,0,0,0,0,0,0,0,0,0,0,0,0,0,0,0,0,0,0,0,0,0,0,0,0,0,0,0,0,0,0,0,0,0,0,0,0,0,0,0,0,0,0,0,0,0,0,0,0,0,0,0,0,0,0,0,0,0,0,0,0,0,0,0,0,0,0,0,0,0,0,0,0,0,0,0,0,0,0,0,0,0,0,0,0,0,0,0,0,0,0,0,0,0,0,0,0,0,0,0,0,0,0,0,0,0,0,0,0,0,0,0,0,572,-254,-216,57,35,-16,-70,-125,-169,-184,-164,-117,-47,41,126,184,197,170,98,9,-95,-175,-207,-198,-145,-58,55,151,206,212,165,67,-53,-144,-188,-200,-165,-66,52,157,210,206,133,21,-75,-165,-232,-217,-142,-38,88,204,257,244,166,49,-93,-223,-288,-279,-196,-64,82,212,281,270,186,68,-75,-197,-256,-251,-186,-63,80,181,237,220,146,33,-76,-172,-212,-177,-91,5,107,175,198,155,73,-37,-136,-184,-180,-145,-74,25,112,148,158,116,45,-9,-65,-124,-119,-76,-32,-2,36,64,53,11,-22,-41,-50,-31,4,43,75,76,42,-6,-57,-87,-100,-85,0,13,98,152,161,124,52,-52,-141,-207,-219,-168,-59,64,177,242,245,175,63,-58,-174,-247,-249,-189,-70,78,200,264,261,177,56,-82,-192,-251,-253,-170,-36,92,190,244,232,154,45,-75,-192,-240,-218,-134,-26,85,171,203,169,105,9,-92,-159,-172,-132,-47,50,132,180,177,106,13,-85,-160,-197,-176,-102,5,95,168,200,179,109,20,-81,-150,-175,-164,-104,-12,70,120,139,116,82,44,-24,-76,-92,-75,-30,15,34,41,44,15,-29,-73,-103,-96,-57,5,76,134,177,181,131,44,-56,-149,-212,-232,-218,-166,-68,43,152,236,280,280,243,174,-385,-343
62087,mtk,MTK 7916,2150930473,rx2-tx1,512,0,0,0,0,0,0,0,0,0,0,0,0,0,0,0,0,0,0,0,0,0,0,0,0,0,0,0,0,0,0,0,0,0,0,0,0,0,0,0,0,0,0,0,0,0,0,0,0,0,0,0,0,0,0,0,0,0,0,0,0,0,0,0,0,0,0,0,0,0,0,0,0,0,0,0,0,0,0,0,0,0,0,0,0,0,0,0,0,0,0,0,0,0,0,0,0,0,0,0,0,0,0,0,0,0,0,0,0,0,0,0,0,0,0,0,0,0,0,0,0,0,0,0,0,0,0,0,0,0,0,0,0,0,0,0,0,0,0,0,0,0,0,0,0,0,0,0,0,0,0,0,0,0,0,0,0,0,0,0,0,0,0,0,0,0,0,0,0,0,0,0,0,0,0,0,0,0,0,0,0,0,0,0,0,0,0,0,0,0,0,0,0,0,0,0,0,0,0,0,0,0,0,0,0,0,0,0,0,0,0,0,0,0,0,0,0,0,0,0,0,0,0,0,0,0,0,0,0,0,0,0,0,0,0,0,0,0,0,0,0,0,0,0,0,0,0,0,0,0,0,0,0,0,0,0,0,381,-435,-433,-36,-27,-24,-10,17,38,53,63,66,57,42,4,-41,-75,-87,-83,-56,-29,-4,45,95,112,104,76,19,-52,-122,-163,-159,-128,-61,28,123,195,231,207,120,-4,-127,-230,-290,-286,-206,-56,120,264,354,366,281,113,-78,-263,-383,-411,-341,-182,33,257,441,497,424,263,29,-244,-449,-542,-502,-333,-84,199,443,572,568,412,151,-146,-405,-571,-590,-468,-223,83,363,539,581,472,256,-22,-297,-484,-538,-470,-275,-23,242,442,526,453,264,13,-225,-405,-473,-419,-250,-15,211,378,440,370,210,5,-209,-364,-406,-341,-189,19,204,324,352,280,135,-37,-199,0,-309,-246,-104,72,210,282,275,195,56,-99,-232,-293,-266,-157,-15,124,227,273,237,126,-26,-154,-236,-254,-201,-82,59,191,274,272,197,55,-107,-246,-310,-293,-201,-42,135,260,338,328,224,59,-107,-235,-319,-333,-243,-84,96,243,326,326,241,92,-66,-205,-285,-282,-209,-86,64,187,269,272,196,71,-55,-167,-218,-230,-179,-80,34,143,213,225,183,98,-1,-104,-169,-186,-173,-121,-25,63,126,167,174,135,63,-5,-59,-104,-118,-101,-69,-38,-14,11,38,56,51,45,56,47,20,-3,-13,-25,-36,-48,-62,-78,-68,-38,-4,27,56,75,94,96,81,-447,-450,0,0,0,0,0,0,0,0,0,0,0,0,0,0,0,0,0,0,0,0,0,0,0,0,0,0,0,0,0,0,0,0,0,0,0,0,0,0,0,0,0,0,0,0,0,0,0,0,0,0,0,0,0,0,0,0,0,0,0,0,0,0,0,0,0,0,0,0,0,0,0,0,0,0,0,0,0,0,0,0,0,0,0,0,0,0,0,0,0,0,0,0,0,0,0,0,0,0,0,0,0,0,0,0,0,0,0,0,0,0,0,0,0,0,0,0,0,0,0,0,0,0,0,0,0,0,0,0,0,0,0,0,0,0,0,0,0,0,0,0,0,0,0,0,0,0,0,0,0,0,0,0,0,0,0,0,0,0,0,0,0,0,0,0,0,0,0,0,0,0,0,0,0,0,0,0,0,0,0,0,0,0,0,0,0,0,0,0,0,0,0,0,0,0,0,0,0,0,0,0,0,0,0,0,0,0,0,0,0,0,0,0,0,0,0,0,0,0,0,0,0,0,0,0,0,0,0,0,0,0,0,0,0,0,0,0,0,0,0,0,0,0,0,0,0,0,0,0,0,0,0,0,0,0,0,0,-1037,-221,-205,-14,-33,-43,-55,-56,-45,-34,-16,13,37,63,80,71,53,22,-30,-75,-96,-104,-95,-58,1,58,107,134,131,87,35,-52,-134,-186,-205,-172,-88,28,143,224,263,235,147,24,-118,-238,-312,-317,-236,-80,107,267,370,388,307,155,-48,-257,-418,-463,-386,-214,22,263,434,516,470,292,39,-223,-451,-572,-538,-381,-130,162,425,580,592,452,192,-103,-375,-557,-590,-479,-250,54,345,535,593,493,272,-9,-278,-469,-540,-480,-284,-21,238,421,493,424,244,13,-218,-396,-449,-368,-208,3,223,381,423,358,194,-18,-203,-329,-371,-314,-152,47,222,325,338,266,0,-42,-206,-306,-305,-204,-69,79,206,281,267,183,35,-122,-235,-280,-246,-135,5,151,249,279,219,98,-48,-179,-263,-272,-196,-66,92,225,304,289,191,33,-128,-268,-337,-316,-218,-69,114,269,352,341,233,72,-87,-233,-327,-333,-241,-90,80,215,291,290,222,80,-63,-186,-264,-272,-199,-80,63,184,260,253,180,64,-64,-169,-227,-234,-176,-77,33,115,191,211,178,101,2,-94,-160,-182,-179,-134,-52,32,95,133,134,111,74,28,-25,-54,-66,-68,-62,-43,-27,-15,4,20,28,33,37,32,36,38,34,12,-20,-44,-53,-78,-92,-72,-51,-36,-3,39,-271,-258
62088,mtk,MTK 7916,2150980457,rx0-tx0,512,0,0,0,0,0,0,0,0,0,0,0,0,0,0,0,0,0,0,0,0,0,0,0,0,0,0,0,0,0,0,0,0,0,0,0,0,0,0,0,0,0,0,0,0,0,0,0,0,0,0,0,0,0,0,0,0,0,0,0,0,0,0,0,0,0,0,0,0,0,0,0,0,0,0,0,0,0,0,0,0,0,0,0,0,0,0,0,0,0,0,0,0,0,0,0,0,0,0,0,0,0,0,0,0,0,0,0,0,0,0,0,0,0,0,0,0,0,0,0,0,0,0,0,0,0,0,0,0,0,0,0,0,0,0,0,0,0,0,0,0,0,0,0,0,0,0,0,0,0,0,0,0,0,0,0,0,0,0,0,0,0,0,0,0,0,0,0,0,0,0,0,0,0,0,0,0,0,0,0,0,0,0,0,0,0,0,0,0,0,0,0,0,0,0,0,0,0,0,0,0,0,0,0,0,0,0,0,0,0,0,0,0,0,0,0,0,0,0,0,0,0,0,0,0,0,0,0,0,0,0,0,0,0,0,0,0,0,0,0,0,0,0,0,0,0,0,0,0,0,0,0,0,0,0,0,0,-364,-596,-597,529,573,425,113,-247,-561,-755,-787,-669,-449,-141,200,487,722,849,834,724,510,208,-120,-426,-699,-864,-921,-862,-684,-428,-103,225,530,763,903,965,913,738,478,166,-174,-488,-756,-942,-1021,-983,-835,-599,-286,62,394,694,915,1047,1056,960,749,457,102,-258,-594,-861,-1046,-1086,-1018,-843,-587,-256,92,422,702,907,1013,996,893,702,443,129,-162,-448,-688,-837,-905,-902,-813,-619,-393,-129,161,421,665,818,874,879,770,607,380,94,-182,-427,-624,-769,-828,-801,-709,-530,-311,-63,179,402,576,680,737,703,617,488,324,123,-79,-262,-433,-553,-643,-684,-658,-575,-458,-295,-330,112,328,524,683,810,863,828,704,501,230,-89,-400,-672,-900,-1053,-1072,-998,-821,-539,-180,208,605,937,1160,1280,1252,1091,799,416,-15,-447,-841,-1153,-1345,-1394,-1295,-1055,-682,-249,206,652,1042,1314,1454,1440,1252,945,550,94,-392,-838,-1209,-1432,-1514,-1430,-1174,-821,-372,132,621,1054,1363,1534,1536,1359,1039,599,92,-439,-919,-1284,-1520,-1584,-1476,-1191,-777,-252,302,804,1221,1500,1611,1519,1253,840,315,-242,-769,-1196,-1462,-1571,-1483,-1195,-775,-259,284,782,1179,1409,1466,1339,1034,602,106,-407,-855,-1174,-1347,-1331,-1151,-820,-382,132,624,1023,1290,1357,1217,850,310,-303,-884,-1221,-1255,-1011,-604,-589,0,0,0,0,0,0,0,0,0,0,0,0,0,0,0,0,0,0,0,0,0,0,0,0,0,0,0,0,0,0,0,0,0,0,0,0,0,0,0,0,0,0,0,0,0,0,0,0,0,0,0,0,0,0,0,0,0,0,0,0,0,0,0,0,0,0,0,0,0,0,0,0,0,0,0,0,0,0,0,0,0,0,0,0,0,0,0,0,0,0,0,0,0,0,0,0,0,0,0,0,0,0,0,0,0,0,0,0,0,0,0,0,0,0,0,0,0,0,0,0,0,0,0,0,0,0,0,0,0,0,0,0,0,0,0,0,0,0,0,0,0,0,0,0,0,0,0,0,0,0,0,0,0,0,0,0,0,0,0,0,0,0,0,0,0,0,0,0,0,0,0,0,0,0,0,0,0,0,0,0,0,0,0,0,0,0,0,0,0,0,0,0,0,0,0,0,0,0,0,0,0,0,0,0,0,0,0,0,0,0,0,0,0,0,0,0,0,0,0,0,0,0,0,0,0,0,0,0,0,0,0,0,0,0,0,0,0,0,0,0,0,0,0,0,0,0,0,0,0,0,0,0,0,0,0,0,-49,161,174,86,-215,-530,-717,-709,-531,-229,117,435,673,820,803,672,442,127,-185,-474,-717,-865,-880,-787,-591,-303,19,351,630,837,932,920,801,567,292,-37,-368,-656,-863,-976,-975,-864,-661,-383,-55,286,593,843,1005,1034,965,794,531,204,-154,-494,-789,-996,-1086,-1060,-919,-688,-362,16,360,662,898,1035,1053,965,775,502,170,-159,-462,-717,-896,-967,-933,-841,-643,-394,-115,158,429,647,800,894,887,793,622,368,114,-160,-431,-628,-801,-868,-839,-735,-565,-340,-75,176,418,601,721,773,758,664,495,301,79,-146,-327,-493,-614,-680,-673,-618,-510,-361,-198,-11,187,354,507,632,-82,736,683,568,406,191,-72,-331,-584,-787,-929,-973,-909,-753,-529,-208,142,473,791,1038,1172,1192,1076,823,497,91,-331,-730,-1056,-1269,-1352,-1286,-1082,-758,-344,104,554,955,1239,1394,1412,1286,1011,616,166,-324,-768,-1121,-1360,-1466,-1420,-1224,-886,-453,29,517,943,1271,1481,1530,1408,1133,735,250,-268,-766,-1177,-1461,-1581,-1528,-1295,-929,-452,86,613,1065,1396,1585,1568,1383,1043,578,32,-527,-1005,-1370,-1571,-1583,-1396,-1039,-557,-28,523,995,1335,1513,1494,1296,929,456,-64,-581,-1010,-1294,-1413,-1351,-1106,-726,-256,239,697,1061,1290,1340,1187,877,422,-114,-652,-1106,-1357,-1366,-1059,-514,116,626,138,143
62089,mtk,MTK 7916,2150980457,rx0-tx1,512,0,0,0,0,0,0,0,0,0,0,0,0,0,0,0,0,0,0,0,0,0,0,0,0,0,0,0,0,0,0,0,0,0,0,0,0,0,0,0,0,0,0,0,0,0,0,0,0,0,0,0,0,0,0,0,0,0,0,0,0,0,0,0,0,0,0,0,0,0,0,0,0,0,0,0,0,0,0,0,0,0,0,0,0,0,0,0,0,0,0,0,0,0,0,0,0,0,0,0,0,0,0,0,0,0,0,0,0,0,0,0,0,0,0,0,0,0,0,0,0,0,0,0,0,0,0,0,0,0,0,0,0,0,0,0,0,0,0,0,0,0,0,0,0,0,0,0,0,0,0,0,0,0,0,0,0,0,0,0,0,0,0,0,0,0,0,0,0,0,0,0,0,0,0,0,0,0,0,0,0,0,0,0,0,0,0,0,0,0,0,0,0,0,0,0,0,0,0,0,0,0,0,0,0,0,0,0,0,0,0,0,0,0,0,0,0,0,0,0,0,0,0,0,0,0,0,0,0,0,0,0,0,0,0,0,0,0,0,0,0,0,0,0,0,0,0,0,0,0,0,0,0,0,0,0,0,-449,-358,-381,-464,-572,-501,-242,99,435,686,801,753,565,286,-57,-404,-692,-891,-953,-875,-656,-322,77,468,804,1042,1120,1046,808,460,32,-406,-777,-1051,-1174,-1132,-948,-631,-241,163,533,827,999,1048,985,796,522,224,-125,-431,-652,-821,-887,-844,-740,-543,-301,-72,183,402,582,685,731,704,616,476,301,118,-84,-282,-462,-605,-699,-724,-702,-614,-456,-263,-12,249,488,707,851,905,874,729,508,226,-108,-411,-671,-860,-953,-958,-866,-678,-404,-97,210,494,732,910,987,962,845,650,385,82,-240,-538,-786,-962,-1033,-1000,-870,-633,-343,-10,329,653,901,1060,1103,1031,861,579,236,-121,510,-794,-1007,-1118,-1117,-996,-757,-447,-102,254,572,836,1005,1081,1054,907,682,381,47,-257,-568,-814,-997,-1065,-1048,-937,-729,-448,-111,240,578,866,1096,1215,1222,1117,867,523,103,-345,-779,-1161,-1445,-1560,-1491,-1282,-896,-379,206,777,1279,1648,1815,1780,1535,1100,497,-175,-842,-1416,-1825,-2018,-1942,-1639,-1131,-463,250,948,1526,1898,2025,1918,1567,1008,334,-375,-1055,-1567,-1885,-1952,-1760,-1371,-790,-111,568,1162,1613,1827,1788,1508,1029,433,-222,-824,-1299,-1572,-1616,-1427,-1043,-524,46,579,1014,1282,1342,1187,894,491,35,-399,-746,-970,-1058,-968,-740,-419,-38,354,661,864,908,762,453,51,-328,-552,-233,-278,0,0,0,0,0,0,0,0,0,0,0,0,0,0,0,0,0,0,0,0,0,0,0,0,0,0,0,0,0,0,0,0,0,0,0,0,0,0,0,0,0,0,0,0,0,0,0,0,0,0,0,0,0,0,0,0,0,0,0,0,0,0,0,0,0,0,0,0,0,0,0,0,0,0,0,0,0,0,0,0,0,0,0,0,0,0,0,0,0,0,0,0,0,0,0,0,0,0,0,0,0,0,0,0,0,0,0,0,0,0,0,0,0,0,0,0,0,0,0,0,0,0,0,0,0,0,0,0,0,0,0,0,0,0,0,0,0,0,0,0,0,0,0,0,0,0,0,0,0,0,0,0,0,0,0,0,0,0,0,0,0,0,0,0,0,0,0,0,0,0,0,0,0,0,0,0,0,0,0,0,0,0,0,0,0,0,0,0,0,0,0,0,0,0,0,0,0,0,0,0,0,0,0,0,0,0,0,0,0,0,0,0,0,0,0,0,0,0,0,0,0,0,0,0,0,0,0,0,0,0,0,0,0,0,0,0,0,0,0,0,0,0,0,0,0,0,0,0,0,0,0,0,0,0,0,0,26,-1037,-1029,-193,90,414,654,723,617,366,28,-328,-612,-806,-876,-802,-591,-279,78,443,754,969,1040,953,733,386,-30,-455,-823,-1066,-1176,-1095,-877,-537,-105,318,693,980,1117,1121,985,715,369,12,-342,-642,-844,-958,-972,-843,-643,-395,-92,188,437,651,756,805,778,672,506,298,80,-157,-357,-525,-631,-689,-693,-635,-535,-385,-195,14,231,451,629,764,830,804,699,524,265,-18,-315,-582,-795,-933,-967,-880,-709,-454,-158,154,449,706,885,964,949,843,656,394,84,-224,-503,-743,-916,-999,-972,-851,-643,-365,-48,275,583,835,1005,1074,1033,874,615,303,-62,-404,-720,-962,-1094,-1124,-82,-828,-515,-166,197,555,842,1029,1105,1070,932,703,410,81,-268,-584,-833,-1016,-1055,-1028,-910,-693,-408,-79,242,561,826,1033,1132,1126,1012,800,507,133,-256,-646,-997,-1239,-1375,-1363,-1211,-922,-502,20,518,1006,1411,1658,1722,1577,1244,742,142,-487,-1070,-1568,-1880,-1953,-1781,-1388,-835,-147,548,1186,1691,1980,2025,1827,1381,762,60,-642,-1282,-1745,-1975,-1971,-1707,-1214,-587,122,790,1349,1740,1898,1796,1476,949,296,-375,-982,-1441,-1709,-1736,-1509,-1082,-506,113,699,1161,1430,1479,1319,985,522,-8,-490,-866,-1113,-1180,-1075,-812,-462,-47,352,675,879,965,876,645,324,-78,-455,-721,-809,-687,-446,-1054,-1048
62090,mtk,MTK 7916,2150980457,rx1-tx0,512,0,0,0,0,0,0,0,0,0,0,0,0,0,0,0,0,0,0,0,0,0,0,0,0,0,0,0,0,0,0,0,0,0,0,0,0,0,0,0,0,0,0,0,0,0,0,0,0,0,0,0,0,0,0,0,0,0,0,0,0,0,0,0,0,0,0,0,0,0,0,0,0,0,0,0,0,0,0,0,0,0,0,0,0,0,0,0,0,0,0,0,0,0,0,0,0,0,0,0,0,0,0,0,0,0,0,0,0,0,0,0,0,0,0,0,0,0,0,0,0,0,0,0,0,0,0,0,0,0,0,0,0,0,0,0,0,0,0,0,0,0,0,0,0,0,0,0,0,0,0,0,0,0,0,0,0,0,0,0,0,0,0,0,0,0,0,0,0,0,0,0,0,0,0,0,0,0,0,0,0,0,0,0,0,0,0,0,0,0,0,0,0,0,0,0,0,0,0,0,0,0,0,0,0,0,0,0,0,0,0,0,0,0,0,0,0,0,0,0,0,0,0,0,0,0,0,0,0,0,0,0,0,0,0,0,0,0,0,0,0,0,0,0,0,0,0,0,0,0,0,0,0,0,0,0,0,98,520,527,473,631,607,383,32,-351,-669,-858,-878,-743,-480,-105,286,656,943,1076,1063,878,551,136,-324,-757,-1098,-1276,-1269,-1078,-727,-242,268,754,1127,1317,1347,1178,858,423,-53,-512,-890,-1135,-1223,-1154,-963,-653,-283,102,459,706,896,984,948,809,616,359,78,-190,-433,-628,-752,-783,-769,-680,-526,-328,-102,130,352,549,706,801,778,685,543,310,57,-210,-468,-665,-784,-829,-783,-635,-418,-149,107,354,546,680,725,676,575,408,219,9,-191,-351,-469,-517,-526,-482,-406,-299,-163,-29,98,207,282,334,355,349,333,282,212,140,47,-40,-151,-221,-298,-364,-383,-393,-342,-272,-186,-686,103,226,340,432,475,482,427,332,190,34,-115,-258,-395,-479,-531,-513,-440,-343,-213,-51,110,269,420,505,542,545,497,401,254,81,-116,-292,-460,-604,-682,-681,-619,-490,-303,-72,187,437,648,796,845,801,664,438,176,-126,-422,-652,-819,-880,-859,-723,-505,-230,70,358,600,756,824,810,703,515,279,4,-246,-474,-635,-722,-740,-668,-516,-304,-63,160,358,511,591,620,570,459,330,152,-46,-199,-333,-444,-497,-505,-469,-403,-288,-139,26,193,343,455,553,579,533,417,238,23,-219,-441,-613,-716,-710,-594,-378,-93,210,510,757,851,802,582,225,-203,-581,-787,-762,498,501,0,0,0,0,0,0,0,0,0,0,0,0,0,0,0,0,0,0,0,0,0,0,0,0,0,0,0,0,0,0,0,0,0,0,0,0,0,0,0,0,0,0,0,0,0,0,0,0,0,0,0,0,0,0,0,0,0,0,0,0,0,0,0,0,0,0,0,0,0,0,0,0,0,0,0,0,0,0,0,0,0,0,0,0,0,0,0,0,0,0,0,0,0,0,0,0,0,0,0,0,0,0,0,0,0,0,0,0,0,0,0,0,0,0,0,0,0,0,0,0,0,0,0,0,0,0,0,0,0,0,0,0,0,0,0,0,0,0,0,0,0,0,0,0,0,0,0,0,0,0,0,0,0,0,0,0,0,0,0,0,0,0,0,0,0,0,0,0,0,0,0,0,0,0,0,0,0,0,0,0,0,0,0,0,0,0,0,0,0,0,0,0,0,0,0,0,0,0,0,0,0,0,0,0,0,0,0,0,0,0,0,0,0,0,0,0,0,0,0,0,0,0,0,0,0,0,0,0,0,0,0,0,0,0,0,0,0,0,0,0,0,0,0,0,0,0,0,0,0,0,0,0,0,0,0,0,-999,410,377,287,11,-350,-656,-798,-753,-537,-198,189,546,832,977,961,798,492,103,-317,-713,-1019,-1185,-1177,-986,-635,-179,310,768,1140,1347,1339,1155,769,316,-177,-648,-1024,-1251,-1303,-1186,-904,-533,-110,310,672,951,1091,1101,954,731,466,138,-189,-470,-683,-835,-868,-831,-713,-544,-311,-78,153,389,575,703,768,752,675,540,349,101,-164,-390,-601,-749,-814,-800,-691,-497,-250,6,272,519,701,792,781,690,518,305,56,-176,-365,-511,-597,-627,-581,-474,-327,-161,-3,148,279,374,425,435,401,344,269,180,78,-17,-109,-200,-263,-322,-342,-351,-319,-266,-215,-116,-18,108,225,307,384,9,433,377,303,179,37,-116,-255,-382,-470,-500,-483,-430,-325,-194,-42,135,273,400,491,538,523,480,379,224,68,-103,-269,-424,-538,-606,-610,-558,-467,-297,-89,135,346,533,673,755,753,670,506,267,-9,-289,-550,-745,-855,-875,-778,-588,-333,-42,257,519,722,845,865,793,619,374,103,-174,-437,-625,-762,-801,-754,-626,-416,-180,64,300,491,624,673,653,569,409,218,10,-188,-346,-464,-550,-556,-497,-419,-289,-130,28,179,306,422,484,509,482,400,281,124,-80,-277,-457,-585,-651,-632,-520,-341,-88,193,457,662,770,759,648,377,30,-345,-674,-869,-866,-650,-265,106,466,440
62091,mtk,MTK 7916,2150980457,rx1-tx1,512,0,0,0,0,0,0,0,0,0,0,0,0,0,0,0,0,0,0,0,0,0,0,0,0,0,0,0,0,0,0,0,0,0,0,0,0,0,0,0,0,0,0,0,0,0,0,0,0,0,0,0,0,0,0,0,0,0,0,0,0,0,0,0,0,0,0,0,0,0,0,0,0,0,0,0,0,0,0,0,0,0,0,0,0,0,0,0,0,0,0,0,0,0,0,0,0,0,0,0,0,0,0,0,0,0,0,0,0,0,0,0,0,0,0,0,0,0,0,0,0,0,0,0,0,0,0,0,0,0,0,0,0,0,0,0,0,0,0,0,0,0,0,0,0,0,0,0,0,0,0,0,0,0,0,0,0,0,0,0,0,0,0,0,0,0,0,0,0,0,0,0,0,0,0,0,0,0,0,0,0,0,0,0,0,0,0,0,0,0,0,0,0,0,0,0,0,0,0,0,0,0,0,0,0,0,0,0,0,0,0,0,0,0,0,0,0,0,0,0,0,0,0,0,0,0,0,0,0,0,0,0,0,0,0,0,0,0,0,0,0,0,0,0,0,0,0,0,0,0,0,0,0,0,0,0,0,-282,-516,-554,-47,10,64,126,191,239,261,259,221,150,59,-36,-141,-231,-280,-280,-232,-139,-30,88,202,276,302,275,185,56,-92,-234,-338,-377,-341,-243,-98,78,261,407,457,421,312,122,-85,-283,-455,-546,-515,-385,-174,73,324,528,639,629,496,255,-54,-345,-576,-706,-707,-567,-313,14,349,626,771,774,629,362,18,-331,-634,-806,-818,-682,-421,-63,313,621,807,830,699,431,72,-289,-592,-777,-807,-679,-421,-68,298,598,765,779,656,393,63,-279,-566,-728,-733,-602,-355,-26,300,553,692,686,534,276,-28,-328,-551,-653,-611,-439,-179,103,362,542,595,519,342,82,-205,0,-560,-566,-456,-240,38,294,491,587,558,397,144,-147,-412,-583,-632,-538,-312,-14,286,534,688,702,555,271,-73,-410,-678,-815,-786,-590,-260,134,506,784,927,879,639,264,-173,-583,-878,-1001,-931,-677,-277,180,593,908,1061,983,694,299,-150,-594,-939,-1093,-1035,-779,-362,126,586,922,1083,1044,801,396,-93,-549,-885,-1051,-1011,-766,-380,66,501,835,1012,993,778,410,-27,-456,-804,-984,-986,-806,-466,-33,390,744,958,997,863,568,170,-252,-626,-886,-983,-906,-690,-361,30,410,710,887,913,791,543,220,-142,-467,-709,-838,-832,-707,-484,-193,115,392,610,747,785,734,611,-409,-445,0,0,0,0,0,0,0,0,0,0,0,0,0,0,0,0,0,0,0,0,0,0,0,0,0,0,0,0,0,0,0,0,0,0,0,0,0,0,0,0,0,0,0,0,0,0,0,0,0,0,0,0,0,0,0,0,0,0,0,0,0,0,0,0,0,0,0,0,0,0,0,0,0,0,0,0,0,0,0,0,0,0,0,0,0,0,0,0,0,0,0,0,0,0,0,0,0,0,0,0,0,0,0,0,0,0,0,0,0,0,0,0,0,0,0,0,0,0,0,0,0,0,0,0,0,0,0,0,0,0,0,0,0,0,0,0,0,0,0,0,0,0,0,0,0,0,0,0,0,0,0,0,0,0,0,0,0,0,0,0,0,0,0,0,0,0,0,0,0,0,0,0,0,0,0,0,0,0,0,0,0,0,0,0,0,0,0,0,0,0,0,0,0,0,0,0,0,0,0,0,0,0,0,0,0,0,0,0,0,0,0,0,0,0,0,0,0,0,0,0,0,0,0,0,0,0,0,0,0,0,0,0,0,0,0,0,0,0,0,0,0,0,0,0,0,0,0,0,0,0,0,0,0,0,0,0,288,-766,-754,-181,-201,-216,-210,-171,-101,-19,61,135,213,271,275,232,156,61,-58,-168,-244,-288,-283,-224,-114,18,155,267,324,324,272,149,-14,-171,-295,-384,-403,-344,-207,-15,193,359,466,494,420,264,50,-192,-403,-541,-581,-518,-340,-76,209,456,622,684,611,405,112,-212,-494,-697,-776,-693,-475,-166,178,493,723,819,754,541,225,-144,-487,-738,-841,-787,-568,-244,121,468,727,845,788,581,264,-99,-440,-693,-807,-758,-550,-241,113,447,694,785,716,511,202,-142,-437,-640,-736,-657,-445,-157,160,447,632,687,592,376,91,-211,-459,-602,-611,-493,-276,-1,271,487,579,541,0,161,-118,-360,-532,-582,-495,-309,-60,222,458,587,583,448,207,-79,-352,-573,-677,-623,-438,-149,191,505,708,772,676,432,85,-286,-618,-833,-868,-738,-454,-68,350,703,925,958,807,491,67,-378,-752,-986,-1021,-837,-504,-61,399,784,1020,1068,903,552,101,-376,-786,-1038,-1081,-919,-573,-121,343,742,1011,1079,929,588,137,-317,-715,-971,-1040,-900,-597,-179,277,688,952,1021,911,623,211,-230,-606,-885,-1003,-938,-689,-315,112,517,832,991,967,775,459,66,-337,-674,-883,-951,-866,-628,-276,104,454,721,864,862,724,473,160,-158,-461,-699,-828,-834,-740,-560,-330,-83,136,332,-826,-801
62092,mtk,MTK 7916,2150980457,rx2-tx0,512,0,0,0,0,0,0,0,0,0,0,0,0,0,0,0,0,0,0,0,0,0,0,0,0,0,0,0,0,0,0,0,0,0,0,0,0,0,0,0,0,0,0,0,0,0,0,0,0,0,0,0,0,0,0,0,0,0,0,0,0,0,0,0,0,0,0,0,0,0,0,0,0,0,0,0,0,0,0,0,0,0,0,0,0,0,0,0,0,0,0,0,0,0,0,0,0,0,0,0,0,0,0,0,0,0,0,0,0,0,0,0,0,0,0,0,0,0,0,0,0,0,0,0,0,0,0,0,0,0,0,0,0,0,0,0,0,0,0,0,0,0,0,0,0,0,0,0,0,0,0,0,0,0,0,0,0,0,0,0,0,0,0,0,0,0,0,0,0,0,0,0,0,0,0,0,0,0,0,0,0,0,0,0,0,0,0,0,0,0,0,0,0,0,0,0,0,0,0,0,0,0,0,0,0,0,0,0,0,0,0,0,0,0,0,0,0,0,0,0,0,0,0,0,0,0,0,0,0,0,0,0,0,0,0,0,0,0,0,0,0,0,0,0,0,0,0,0,0,0,0,0,0,0,0,0,0,794,-1247,-1242,114,103,83,43,-7,-54,-109,-160,-185,-180,-163,-125,-63,23,100,154,189,199,179,117,40,-41,-126,-195,-219,-202,-155,-77,15,102,163,200,193,154,90,3,-98,-180,-214,-206,-147,-72,14,112,208,251,241,182,86,-23,-136,-230,-274,-268,-213,-119,3,125,221,274,286,242,149,26,-103,-198,-238,-254,-218,-143,-35,77,176,217,208,169,94,2,-87,-157,-195,-199,-169,-89,14,96,155,195,189,139,67,-11,-93,-152,-182,-164,-121,-50,19,76,110,128,115,81,40,-6,-45,-64,-67,-50,-20,14,36,48,32,9,-15,-37,-67,-86,-77,-29,28,67,96,0,135,95,26,-57,-126,-174,-186,-174,-127,-48,42,138,222,255,231,167,80,-28,-148,-221,-247,-248,-201,-107,10,125,210,257,247,177,87,-11,-124,-213,-245,-235,-190,-93,18,114,189,235,229,173,94,-1,-94,-172,-203,-203,-155,-78,3,87,147,168,150,103,23,-47,-112,-160,-174,-130,-80,3,82,156,196,204,152,84,-2,-88,-162,-188,-181,-154,-99,-18,58,127,150,151,132,90,23,-26,-64,-98,-108,-72,-33,-6,22,56,55,27,2,-33,-89,-124,-124,-95,-53,-1,70,142,182,197,195,167,103,13,-80,-166,-238,-278,-276,-257,-219,-146,-69,5,89,-1201,-1206,0,0,0,0,0,0,0,0,0,0,0,0,0,0,0,0,0,0,0,0,0,0,0,0,0,0,0,0,0,0,0,0,0,0,0,0,0,0,0,0,0,0,0,0,0,0,0,0,0,0,0,0,0,0,0,0,0,0,0,0,0,0,0,0,0,0,0,0,0,0,0,0,0,0,0,0,0,0,0,0,0,0,0,0,0,0,0,0,0,0,0,0,0,0,0,0,0,0,0,0,0,0,0,0,0,0,0,0,0,0,0,0,0,0,0,0,0,0,0,0,0,0,0,0,0,0,0,0,0,0,0,0,0,0,0,0,0,0,0,0,0,0,0,0,0,0,0,0,0,0,0,0,0,0,0,0,0,0,0,0,0,0,0,0,0,0,0,0,0,0,0,0,0,0,0,0,0,0,0,0,0,0,0,0,0,0,0,0,0,0,0,0,0,0,0,0,0,0,0,0,0,0,0,0,0,0,0,0,0,0,0,0,0,0,0,0,0,0,0,0,0,0,0,0,0,0,0,0,0,0,0,0,0,0,0,0,0,0,0,0,0,0,0,0,0,0,0,0,0,0,0,0,0,0,0,0,572,-254,-216,59,99,133,162,181,171,142,103,51,-21,-103,-159,-189,-187,-164,-121,-54,39,120,177,200,196,160,101,17,-70,-143,-196,-212,-184,-118,-34,45,131,193,212,181,125,42,-64,-154,-199,-212,-199,-133,-29,85,175,242,258,233,165,51,-79,-189,-266,-293,-266,-196,-79,50,159,241,281,261,202,100,-21,-137,-223,-251,-233,-182,-87,30,127,196,229,201,139,57,-46,-129,-168,-180,-169,-109,-29,47,125,181,178,152,90,21,-44,-94,-133,-141,-130,-89,-35,13,59,95,99,77,31,-1,-25,-35,-38,-25,3,37,59,63,42,16,-21,-49,-84,-105,-101,-68,0,75,127,155,160,133,71,-9,-87,-152,-206,-224,-193,-110,-2,101,180,234,247,210,146,49,-78,-187,-246,-253,-222,-154,-49,74,163,215,247,232,158,51,-63,-172,-241,-263,-233,-154,-50,47,132,200,225,197,132,47,-45,-128,-174,-178,-145,-86,-14,63,136,178,162,98,24,-48,-107,-152,-184,-168,-99,-24,60,136,187,202,181,107,34,-35,-105,-168,-195,-173,-122,-65,2,74,111,125,120,95,54,8,-38,-63,-68,-56,-27,10,51,77,75,49,20,-23,-77,-129,-165,-161,-130,-71,1,77,142,205,238,241,211,148,64,-29,-125,-212,-267,-285,-274,-249,-385,-343
62093,mtk,MTK 7916,2150980457,rx2-tx1,512,0,0,0,0,0,0,0,0,0,0,0,0,0,0,0,0,0,0,0,0,0,0,0,0,0,0,0,0,0,0,0,0,0,0,0,0,0,0,0,0,0,0,0,0,0,0,0,0,0,0,0,0,0,0,0,0,0,0,0,0,0,0,0,0,0,0,0,0,0,0,0,0,0,0,0,0,0,0,0,0,0,0,0,0,0,0,0,0,0,0,0,0,0,0,0,0,0,0,0,0,0,0,0,0,0,0,0,0,0,0,0,0,0,0,0,0,0,0,0,0,0,0,0,0,0,0,0,0,0,0,0,0,0,0,0,0,0,0,0,0,0,0,0,0,0,0,0,0,0,0,0,0,0,0,0,0,0,0,0,0,0,0,0,0,0,0,0,0,0,0,0,0,0,0,0,0,0,0,0,0,0,0,0,0,0,0,0,0,0,0,0,0,0,0,0,0,0,0,0,0,0,0,0,0,0,0,0,0,0,0,0,0,0,0,0,0,0,0,0,0,0,0,0,0,0,0,0,0,0,0,0,0,0,0,0,0,0,0,0,0,0,0,0,0,0,0,0,0,0,0,0,0,0,0,0,0,381,-435,-433,-7,-15,-28,-41,-48,-50,-53,-47,-36,-30,-15,11,43,70,88,94,85,63,31,-19,-70,-112,-137,-136,-122,-100,-41,42,107,159,196,210,176,104,12,-87,-173,-242,-278,-260,-187,-81,41,164,283,349,343,284,174,17,-137,-276,-390,-429,-387,-276,-112,80,260,416,505,486,389,222,12,-206,-399,-538,-584,-512,-338,-108,130,351,525,610,576,446,237,-15,-271,-474,-584,-591,-495,-306,-68,171,378,518,559,491,346,141,-91,-300,-434,-502,-474,-346,-145,65,254,380,444,427,318,143,-50,-222,-344,-404,-388,-287,-131,44,200,314,367,344,245,106,-48,-190,-298,0,-298,-206,-83,55,196,286,304,270,183,59,-72,-186,-269,-286,-237,-145,-27,102,208,270,261,205,112,-6,-122,-227,-279,-270,-200,-91,52,186,285,313,291,217,88,-63,-194,-293,-342,-325,-254,-129,31,176,274,331,330,270,154,18,-105,-228,-316,-318,-257,-157,-30,89,180,245,277,242,156,53,-60,-150,-210,-235,-218,-152,-59,46,132,194,222,209,167,93,-7,-90,-147,-182,-196,-171,-124,-57,14,77,126,153,145,113,74,39,8,-28,-57,-68,-71,-67,-65,-47,-25,-9,-5,-2,2,11,24,38,54,65,62,63,63,51,16,-18,-44,-55,-69,-85,-91,-447,-450,0,0,0,0,0,0,0,0,0,0,0,0,0,0,0,0,0,0,0,0,0,0,0,0,0,0,0,0,0,0,0,0,0,0,0,0,0,0,0,0,0,0,0,0,0,0,0,0,0,0,0,0,0,0,0,0,0,0,0,0,0,0,0,0,0,0,0,0,0,0,0,0,0,0,0,0,0,0,0,0,0,0,0,0,0,0,0,0,0,0,0,0,0,0,0,0,0,0,0,0,0,0,0,0,0,0,0,0,0,0,0,0,0,0,0,0,0,0,0,0,0,0,0,0,0,0,0,0,0,0,0,0,0,0,0,0,0,0,0,0,0,0,0,0,0,0,0,0,0,0,0,0,0,0,0,0,0,0,0,0,0,0,0,0,0,0,0,0,0,0,0,0,0,0,0,0,0,0,0,0,0,0,0,0,0,0,0,0,0,0,0,0,0,0,0,0,0,0,0,0,0,0,0,0,0,0,0,0,0,0,0,0,0,0,0,0,0,0,0,0,0,0,0,0,0,0,0,0,0,0,0,0,0,0,0,0,0,0,0,0,0,0,0,0,0,0,0,0,0,0,0,0,0,0,0,0,-1037,-221,-205,32,42,43,38,28,13,-3,-18,-39,-60,-71,-78,-72,-45,-18,10,41,72,99,113,96,73,36,-18,-81,-132,-164,-165,-132,-81,-19,62,156,216,229,217,176,88,-36,-151,-237,-291,-316,-274,-176,-51,82,230,334,392,378,297,153,-11,-191,-345,-449,-464,-389,-254,-79,140,344,481,539,501,373,173,-67,-290,-473,-579,-583,-483,-300,-63,195,411,561,603,542,386,165,-87,-324,-505,-587,-567,-430,-212,18,244,424,518,522,427,249,36,-180,-350,-464,-476,-383,-234,-45,161,323,414,413,344,224,49,-141,-285,-370,-384,-325,-204,-54,110,250,332,344,294,176,0,-124,-235,-303,-316,-255,-145,-6,129,241,289,279,215,95,-36,-149,-242,-281,-252,-175,-78,42,169,255,277,235,134,4,-115,-219,-290,-299,-240,-130,0,137,252,327,343,290,164,30,-119,-250,-326,-341,-301,-201,-70,71,204,294,329,309,218,80,-49,-163,-245,-284,-273,-218,-118,7,124,213,244,232,192,119,6,-103,-188,-240,-238,-190,-119,-34,52,145,198,216,200,151,68,-16,-91,-149,-178,-173,-146,-104,-57,3,54,87,110,113,100,80,50,18,-8,-26,-43,-51,-48,-44,-36,-39,-38,-36,-32,-24,-4,13,37,62,73,81,90,92,82,54,23,-1,-271,-258
62094,mtk,MTK 7916,2151011425,rx0-tx0,512,0,0,0,0,0,0,0,0,0,0,0,0,0,0,0,0,0,0,0,0,0,0,0,0,0,0,0,0,0,0,0,0,0,0,0,0,0,0,0,0,0,0,0,0,0,0,0,0,0,0,0,0,0,0,0,0,0,0,0,0,0,0,0,0,0,0,0,0,0,0,0,0,0,0,0,0,0,0,0,0,0,0,0,0,0,0,0,0,0,0,0,0,0,0,0,0,0,0,0,0,0,0,0,0,0,0,0,0,0,0,0,0,0,0,0,0,0,0,0,0,0,0,0,0,0,0,0,0,0,0,0,0,0,0,0,0,0,0,0,0,0,0,0,0,0,0,0,0,0,0,0,0,0,0,0,0,0,0,0,0,0,0,0,0,0,0,0,0,0,0,0,0,0,0,0,0,0,0,0,0,0,0,0,0,0,0,0,0,0,0,0,0,0,0,0,0,0,0,0,0,0,0,0,0,0,0,0,0,0,0,0,0,0,0,0,0,0,0,0,0,0,0,0,0,0,0,0,0,0,0,0,0,0,0,0,0,0,0,0,0,0,0,0,0,0,0,0,0,0,0,0,0,0,0,0,0,-364,-596,-597,432,285,-9,-342,-603,-745,-729,-575,-324,-27,259,521,711,808,799,678,475,214,-88,-377,-630,-806,-880,-871,-757,-554,-283,36,331,597,785,897,920,859,713,479,193,-92,-400,-654,-847,-959,-977,-914,-766,-526,-207,102,417,685,881,1010,1041,960,802,560,257,-66,-364,-640,-863,-1009,-1040,-974,-830,-588,-293,6,316,578,781,915,968,928,791,610,380,121,-143,-406,-610,-762,-851,-866,-815,-706,-528,-322,-64,187,426,624,762,842,845,764,612,426,210,-29,-261,-483,-654,-742,-767,-742,-647,-516,-329,-129,57,241,410,522,603,644,636,578,493,369,222,65,-119,-303,-458,-330,-670,-725,-728,-668,-557,-393,-170,69,324,584,774,920,999,982,857,657,374,56,-278,-601,-875,-1084,-1211,-1212,-1088,-876,-558,-185,215,605,934,1183,1320,1331,1224,1006,673,290,-127,-533,-910,-1186,-1343,-1397,-1320,-1116,-814,-415,4,430,817,1135,1361,1458,1409,1215,941,555,117,-330,-762,-1132,-1371,-1501,-1483,-1315,-1015,-615,-156,306,740,1136,1409,1536,1514,1332,1017,605,123,-368,-826,-1202,-1457,-1550,-1491,-1279,-906,-456,38,538,959,1278,1461,1484,1333,1040,645,185,-298,-740,-1095,-1310,-1386,-1298,-1065,-716,-282,177,613,953,1187,1297,1238,1014,664,211,-293,-756,-1136,-1322,-1298,-1010,-500,89,547,-604,-589,0,0,0,0,0,0,0,0,0,0,0,0,0,0,0,0,0,0,0,0,0,0,0,0,0,0,0,0,0,0,0,0,0,0,0,0,0,0,0,0,0,0,0,0,0,0,0,0,0,0,0,0,0,0,0,0,0,0,0,0,0,0,0,0,0,0,0,0,0,0,0,0,0,0,0,0,0,0,0,0,0,0,0,0,0,0,0,0,0,0,0,0,0,0,0,0,0,0,0,0,0,0,0,0,0,0,0,0,0,0,0,0,0,0,0,0,0,0,0,0,0,0,0,0,0,0,0,0,0,0,0,0,0,0,0,0,0,0,0,0,0,0,0,0,0,0,0,0,0,0,0,0,0,0,0,0,0,0,0,0,0,0,0,0,0,0,0,0,0,0,0,0,0,0,0,0,0,0,0,0,0,0,0,0,0,0,0,0,0,0,0,0,0,0,0,0,0,0,0,0,0,0,0,0,0,0,0,0,0,0,0,0,0,0,0,0,0,0,0,0,0,0,0,0,0,0,0,0,0,0,0,0,0,0,0,0,0,0,0,0,0,0,0,0,0,0,0,0,0,0,0,0,0,0,0,0,-49,161,174,-276,-516,-655,-609,-408,-103,228,508,702,779,743,601,371,88,-216,-486,-692,-817,-851,-775,-608,-355,-70,218,501,716,872,916,867,723,492,222,-77,-361,-623,-827,-937,-967,-905,-725,-497,-207,84,387,656,885,993,1005,946,781,547,249,-86,-397,-665,-885,-1027,-1052,-979,-826,-583,-291,38,346,626,852,979,1012,958,805,593,336,54,-245,-492,-688,-839,-901,-902,-809,-641,-444,-203,49,280,494,675,786,855,828,750,590,387,151,-108,-352,-553,-706,-796,-809,-758,-647,-471,-262,-46,174,371,533,648,689,687,647,542,399,248,67,-112,-275,-415,-533,-605,-650,-665,-613,-518,-82,-236,-37,174,381,566,729,834,860,836,718,523,300,9,-303,-593,-834,-1015,-1098,-1089,-972,-750,-476,-141,229,583,900,1140,1264,1277,1158,937,611,226,-185,-570,-925,-1185,-1331,-1360,-1271,-1059,-732,-345,71,494,867,1168,1365,1431,1367,1177,882,495,62,-394,-797,-1142,-1391,-1485,-1448,-1282,-984,-592,-157,320,767,1142,1401,1515,1493,1345,1055,639,170,-321,-774,-1158,-1424,-1545,-1509,-1327,-1005,-571,-82,408,877,1243,1462,1533,1432,1175,804,340,-162,-640,-1026,-1302,-1436,-1409,-1220,-883,-464,7,463,853,1148,1304,1308,1156,867,498,55,-399,-805,-1114,-1291,-1288,-1095,-717,-209,351,871,1184,1212,996,138,143
62095,mtk,MTK 7916,2151011425,rx0-tx1,512,0,0,0,0,0,0,0,0,0,0,0,0,0,0,0,0,0,0,0,0,0,0,0,0,0,0,0,0,0,0,0,0,0,0,0,0,0,0,0,0,0,0,0,0,0,0,0,0,0,0,0,0,0,0,0,0,0,0,0,0,0,0,0,0,0,0,0,0,0,0,0,0,0,0,0,0,0,0,0,0,0,0,0,0,0,0,0,0,0,0,0,0,0,0,0,0,0,0,0,0,0,0,0,0,0,0,0,0,0,0,0,0,0,0,0,0,0,0,0,0,0,0,0,0,0,0,0,0,0,0,0,0,0,0,0,0,0,0,0,0,0,0,0,0,0,0,0,0,0,0,0,0,0,0,0,0,0,0,0,0,0,0,0,0,0,0,0,0,0,0,0,0,0,0,0,0,0,0,0,0,0,0,0,0,0,0,0,0,0,0,0,0,0,0,0,0,0,0,0,0,0,0,0,0,0,0,0,0,0,0,0,0,0,0,0,0,0,0,0,0,0,0,0,0,0,0,0,0,0,0,0,0,0,0,0,0,0,0,0,0,0,0,0,0,0,0,0,0,0,0,0,0,0,0,0,0,-449,-358,-381,-455,-363,-114,211,510,700,750,664,450,175,-147,-464,-701,-859,-905,-813,-618,-331,19,386,699,939,1075,1058,903,617,265,-123,-519,-842,-1056,-1138,-1091,-918,-625,-266,99,448,733,919,1007,995,878,665,421,125,-171,-420,-637,-783,-837,-812,-728,-578,-387,-173,46,255,422,554,656,694,687,597,496,352,172,12,-170,-355,-516,-644,-719,-756,-735,-640,-483,-263,-28,235,481,690,823,897,887,785,610,383,97,-174,-443,-669,-827,-930,-934,-850,-704,-508,-249,34,305,558,766,914,966,924,832,646,405,122,-171,-451,-698,-901,-1018,-1022,-958,-797,-550,-261,55,380,660,883,1039,510,1047,897,659,382,50,-282,-554,-796,-975,-1046,-1031,-930,-756,-502,-201,98,384,631,846,990,1036,996,896,718,468,173,-136,-432,-713,-947,-1103,-1151,-1128,-1014,-792,-479,-111,285,673,1011,1287,1442,1468,1343,1083,695,219,-308,-819,-1267,-1597,-1754,-1747,-1539,-1166,-654,-64,562,1123,1573,1856,1939,1816,1485,991,406,-264,-900,-1412,-1786,-1957,-1895,-1640,-1189,-612,22,649,1195,1606,1839,1855,1658,1249,723,131,-480,-1041,-1460,-1687,-1695,-1517,-1158,-654,-94,458,949,1304,1464,1435,1233,871,404,-72,-519,-882,-1095,-1152,-1075,-862,-548,-183,175,503,763,898,907,788,561,232,-135,-469,-708,-774,-662,-450,-233,-278,0,0,0,0,0,0,0,0,0,0,0,0,0,0,0,0,0,0,0,0,0,0,0,0,0,0,0,0,0,0,0,0,0,0,0,0,0,0,0,0,0,0,0,0,0,0,0,0,0,0,0,0,0,0,0,0,0,0,0,0,0,0,0,0,0,0,0,0,0,0,0,0,0,0,0,0,0,0,0,0,0,0,0,0,0,0,0,0,0,0,0,0,0,0,0,0,0,0,0,0,0,0,0,0,0,0,0,0,0,0,0,0,0,0,0,0,0,0,0,0,0,0,0,0,0,0,0,0,0,0,0,0,0,0,0,0,0,0,0,0,0,0,0,0,0,0,0,0,0,0,0,0,0,0,0,0,0,0,0,0,0,0,0,0,0,0,0,0,0,0,0,0,0,0,0,0,0,0,0,0,0,0,0,0,0,0,0,0,0,0,0,0,0,0,0,0,0,0,0,0,0,0,0,0,0,0,0,0,0,0,0,0,0,0,0,0,0,0,0,0,0,0,0,0,0,0,0,0,0,0,0,0,0,0,0,0,0,0,0,0,0,0,0,0,0,0,0,0,0,0,0,0,0,0,0,0,26,-1037,-1029,164,425,615,643,500,228,-81,-395,-636,-780,-826,-717,-509,-225,114,436,709,911,996,945,749,471,110,-284,-639,-922,-1083,-1120,-1017,-774,-435,-62,322,670,936,1068,1091,988,771,478,163,-164,-467,-703,-866,-942,-894,-772,-607,-375,-127,119,350,549,683,756,759,695,578,446,262,78,-123,-304,-441,-577,-646,-677,-681,-614,-499,-342,-155,47,276,485,670,791,851,832,732,554,330,73,-217,-498,-707,-871,-937,-914,-825,-648,-431,-161,135,395,615,795,915,936,881,758,566,325,38,-242,-511,-752,-912,-995,-984,-893,-730,-508,-207,97,394,686,902,1030,1079,1015,849,623,338,-82,-317,-637,-871,-1017,-1088,-1024,-900,-715,-435,-121,190,470,713,908,1009,1025,951,808,601,337,34,-264,-540,-780,-958,-1049,-1055,-992,-839,-613,-316,13,329,659,956,1170,1289,1292,1169,941,610,188,-269,-726,-1133,-1437,-1611,-1635,-1465,-1158,-700,-165,400,955,1416,1734,1884,1828,1556,1118,548,-85,-706,-1269,-1684,-1932,-1974,-1757,-1362,-828,-192,457,1050,1526,1817,1905,1782,1460,981,387,-247,-848,-1340,-1657,-1798,-1724,-1449,-997,-422,184,745,1224,1521,1619,1521,1241,793,269,-257,-730,-1099,-1292,-1310,-1178,-885,-487,-68,334,674,905,1002,975,834,571,238,-111,-434,-698,-852,-854,-701,-412,-49,296,512,-1054,-1048
62096,mtk,MTK 7916,2151011425,rx1-tx0,512,0,0,0,0,0,0,0,0,0,0,0,0,0,0,0,0,0,0,0,0,0,0,0,0,0,0,0,0,0,0,0,0,0,0,0,0,0,0,0,0,0,0,0,0,0,0,0,0,0,0,0,0,0,0,0,0,0,0,0,0,0,0,0,0,0,0,0,0,0,0,0,0,0,0,0,0,0,0,0,0,0,0,0,0,0,0,0,0,0,0,0,0,0,0,0,0,0,0,0,0,0,0,0,0,0,0,0,0,0,0,0,0,0,0,0,0,0,0,0,0,0,0,0,0,0,0,0,0,0,0,0,0,0,0,0,0,0,0,0,0,0,0,0,0,0,0,0,0,0,0,0,0,0,0,0,0,0,0,0,0,0,0,0,0,0,0,0,0,0,0,0,0,0,0,0,0,0,0,0,0,0,0,0,0,0,0,0,0,0,0,0,0,0,0,0,0,0,0,0,0,0,0,0,0,0,0,0,0,0,0,0,0,0,0,0,0,0,0,0,0,0,0,0,0,0,0,0,0,0,0,0,0,0,0,0,0,0,0,0,0,0,0,0,0,0,0,0,0,0,0,0,0,0,0,0,0,98,520,527,518,467,241,-101,-451,-717,-841,-804,-629,-350,-8,353,669,902,1026,1002,832,544,171,-239,-631,-961,-1176,-1254,-1143,-877,-488,-29,416,831,1149,1304,1292,1136,841,452,14,-399,-772,-1025,-1155,-1167,-1046,-810,-515,-186,166,469,710,859,925,895,797,638,422,184,-47,-271,-461,-610,-710,-755,-729,-642,-529,-351,-139,65,277,486,636,751,792,759,658,480,266,19,-231,-449,-632,-755,-784,-745,-635,-448,-238,-12,195,373,512,599,630,579,490,365,221,72,-83,-203,-298,-376,-420,-425,-396,-348,-284,-190,-92,-1,85,156,214,271,310,335,339,321,279,218,136,37,-78,-188,-283,-686,-423,-428,-406,-359,-274,-154,-35,106,252,364,438,479,488,462,379,270,131,-16,-152,-284,-412,-505,-547,-540,-481,-395,-288,-140,29,184,342,491,593,633,642,598,477,319,117,-98,-336,-555,-696,-782,-815,-743,-585,-370,-109,155,408,629,790,864,845,742,573,329,70,-200,-434,-625,-747,-817,-795,-675,-498,-275,-43,198,404,568,679,702,671,573,426,235,36,-165,-333,-456,-553,-577,-548,-489,-366,-213,-66,90,221,331,429,488,482,461,402,301,179,21,-149,-314,-468,-561,-614,-595,-495,-333,-124,114,356,566,712,753,693,515,254,-63,-399,-683,-835,-824,-626,-263,84,498,501,0,0,0,0,0,0,0,0,0,0,0,0,0,0,0,0,0,0,0,0,0,0,0,0,0,0,0,0,0,0,0,0,0,0,0,0,0,0,0,0,0,0,0,0,0,0,0,0,0,0,0,0,0,0,0,0,0,0,0,0,0,0,0,0,0,0,0,0,0,0,0,0,0,0,0,0,0,0,0,0,0,0,0,0,0,0,0,0,0,0,0,0,0,0,0,0,0,0,0,0,0,0,0,0,0,0,0,0,0,0,0,0,0,0,0,0,0,0,0,0,0,0,0,0,0,0,0,0,0,0,0,0,0,0,0,0,0,0,0,0,0,0,0,0,0,0,0,0,0,0,0,0,0,0,0,0,0,0,0,0,0,0,0,0,0,0,0,0,0,0,0,0,0,0,0,0,0,0,0,0,0,0,0,0,0,0,0,0,0,0,0,0,0,0,0,0,0,0,0,0,0,0,0,0,0,0,0,0,0,0,0,0,0,0,0,0,0,0,0,0,0,0,0,0,0,0,0,0,0,0,0,0,0,0,0,0,0,0,0,0,0,0,0,0,0,0,0,0,0,0,0,0,0,0,0,0,-999,410,377,-103,-392,-642,-739,-648,-396,-52,307,618,827,926,879,704,423,63,-323,-673,-948,-1105,-1118,-977,-696,-323,113,562,926,1197,1299,1239,1034,671,218,-229,-645,-995,-1206,-1275,-1194,-972,-635,-268,123,483,777,970,1066,1039,902,687,429,154,-130,-376,-598,-743,-808,-822,-763,-639,-473,-274,-67,154,349,531,672,738,750,715,612,448,243,-1,-244,-468,-643,-748,-793,-767,-658,-494,-266,-17,210,433,590,678,713,664,568,414,239,39,-155,-299,-424,-486,-523,-500,-427,-347,-244,-121,-7,103,193,273,331,351,357,333,292,247,180,102,31,-57,-144,-222,-293,-345,-384,-392,-358,-295,9,-90,39,153,269,362,431,461,470,425,327,206,73,-62,-210,-337,-431,-495,-511,-487,-438,-340,-201,-50,103,256,376,481,556,569,551,495,379,216,42,-129,-337,-507,-636,-713,-733,-697,-560,-363,-142,105,377,595,761,846,835,750,585,351,83,-195,-447,-660,-800,-851,-818,-713,-535,-315,-62,201,434,599,713,758,726,616,464,252,35,-171,-365,-523,-619,-653,-614,-511,-385,-219,-32,130,278,406,482,512,511,447,371,258,117,-26,-158,-296,-405,-486,-537,-533,-471,-348,-186,-4,204,398,558,653,675,610,454,221,-53,-343,-605,-770,-825,-735,-509,-167,214,561,755,738,466,440
62097,mtk,MTK 7916,2151011425,rx1-tx1,512,0,0,0,0,0,0,0,0,0,0,0,0,0,0,0,0,0,0,0,0,0,0,0,0,0,0,0,0,0,0,0,0,0,0,0,0,0,0,0,0,0,0,0,0,0,0,0,0,0,0,0,0,0,0,0,0,0,0,0,0,0,0,0,0,0,0,0,0,0,0,0,0,0,0,0,0,0,0,0,0,0,0,0,0,0,0,0,0,0,0,0,0,0,0,0,0,0,0,0,0,0,0,0,0,0,0,0,0,0,0,0,0,0,0,0,0,0,0,0,0,0,0,0,0,0,0,0,0,0,0,0,0,0,0,0,0,0,0,0,0,0,0,0,0,0,0,0,0,0,0,0,0,0,0,0,0,0,0,0,0,0,0,0,0,0,0,0,0,0,0,0,0,0,0,0,0,0,0,0,0,0,0,0,0,0,0,0,0,0,0,0,0,0,0,0,0,0,0,0,0,0,0,0,0,0,0,0,0,0,0,0,0,0,0,0,0,0,0,0,0,0,0,0,0,0,0,0,0,0,0,0,0,0,0,0,0,0,0,0,0,0,0,0,0,0,0,0,0,0,0,0,0,0,0,0,0,-282,-516,-554,-93,-57,-8,59,134,199,243,259,246,192,104,-5,-116,-212,-265,-279,-242,-155,-36,86,200,271,297,258,159,17,-134,-260,-331,-342,-280,-166,-2,186,342,431,434,327,150,-57,-258,-416,-510,-497,-370,-157,102,350,534,609,559,385,120,-178,-453,-637,-692,-599,-376,-66,260,543,721,746,621,360,24,-327,-634,-799,-785,-603,-295,61,408,685,816,764,561,235,-147,-494,-725,-812,-720,-466,-118,243,548,732,776,656,377,19,-335,-611,-745,-708,-529,-242,106,425,637,706,630,408,98,-227,-499,-647,-639,-499,-266,31,332,537,618,549,353,86,-206,-439,-558,-556,-430,0,91,355,524,557,473,283,-10,-303,-497,-567,-520,-361,-99,200,458,611,625,473,207,-115,-425,-644,-724,-635,-406,-81,291,606,794,809,641,321,-90,-473,-770,-909,-854,-593,-212,217,619,904,982,841,530,102,-359,-750,-991,-1014,-815,-439,32,499,850,1044,1012,768,349,-141,-595,-920,-1050,-965,-674,-232,244,657,936,1025,890,567,124,-327,-707,-950,-985,-802,-467,-34,411,761,963,959,746,385,-47,-460,-783,-955,-939,-719,-370,47,451,775,940,923,738,412,11,-382,-703,-893,-911,-752,-465,-121,245,567,775,835,768,560,256,-73,-383,-636,-784,-816,-741,-571,-347,-122,123,-409,-445,0,0,0,0,0,0,0,0,0,0,0,0,0,0,0,0,0,0,0,0,0,0,0,0,0,0,0,0,0,0,0,0,0,0,0,0,0,0,0,0,0,0,0,0,0,0,0,0,0,0,0,0,0,0,0,0,0,0,0,0,0,0,0,0,0,0,0,0,0,0,0,0,0,0,0,0,0,0,0,0,0,0,0,0,0,0,0,0,0,0,0,0,0,0,0,0,0,0,0,0,0,0,0,0,0,0,0,0,0,0,0,0,0,0,0,0,0,0,0,0,0,0,0,0,0,0,0,0,0,0,0,0,0,0,0,0,0,0,0,0,0,0,0,0,0,0,0,0,0,0,0,0,0,0,0,0,0,0,0,0,0,0,0,0,0,0,0,0,0,0,0,0,0,0,0,0,0,0,0,0,0,0,0,0,0,0,0,0,0,0,0,0,0,0,0,0,0,0,0,0,0,0,0,0,0,0,0,0,0,0,0,0,0,0,0,0,0,0,0,0,0,0,0,0,0,0,0,0,0,0,0,0,0,0,0,0,0,0,0,0,0,0,0,0,0,0,0,0,0,0,0,0,0,0,0,0,288,-766,-754,-131,-186,-222,-231,-210,-161,-82,12,105,186,245,257,230,169,80,-36,-154,-242,-279,-266,-203,-94,39,171,270,322,310,227,78,-83,-240,-354,-393,-352,-243,-64,139,328,448,474,410,261,40,-196,-407,-534,-545,-454,-258,6,274,494,632,624,487,244,-64,-370,-606,-723,-687,-509,-220,127,454,690,794,732,502,166,-198,-523,-754,-818,-704,-448,-88,290,612,791,808,668,380,-5,-371,-651,-799,-762,-563,-255,96,433,675,764,691,463,123,-235,-528,-703,-733,-599,-335,-7,320,572,688,641,454,174,-134,-406,-584,-621,-521,-301,-13,272,492,595,547,380,126,-153,-395,0,-565,-441,-223,45,315,507,581,510,312,45,-240,-470,-605,-583,-412,-149,147,433,626,667,546,293,-28,-364,-629,-750,-719,-520,-186,203,554,788,851,726,438,45,-367,-716,-920,-932,-736,-381,67,515,842,997,937,676,264,-208,-646,-945,-1046,-928,-613,-164,322,738,999,1054,883,523,58,-410,-786,-999,-1005,-794,-417,47,495,839,1000,947,688,292,-158,-579,-876,-981,-886,-602,-196,237,639,906,979,854,569,164,-267,-654,-908,-982,-846,-559,-177,240,613,860,951,858,607,250,-134,-489,-753,-876,-840,-650,-350,-4,339,603,772,820,730,528,255,-42,-317,-532,-666,-706,-671,-826,-801
62098,mtk,MTK 7916,2151011425,rx2-tx0,512,0,0,0,0,0,0,0,0,0,0,0,0,0,0,0,0,0,0,0,0,0,0,0,0,0,0,0,0,0,0,0,0,0,0,0,0,0,0,0,0,0,0,0,0,0,0,0,0,0,0,0,0,0,0,0,0,0,0,0,0,0,0,0,0,0,0,0,0,0,0,0,0,0,0,0,0,0,0,0,0,0,0,0,0,0,0,0,0,0,0,0,0,0,0,0,0,0,0,0,0,0,0,0,0,0,0,0,0,0,0,0,0,0,0,0,0,0,0,0,0,0,0,0,0,0,0,0,0,0,0,0,0,0,0,0,0,0,0,0,0,0,0,0,0,0,0,0,0,0,0,0,0,0,0,0,0,0,0,0,0,0,0,0,0,0,0,0,0,0,0,0,0,0,0,0,0,0,0,0,0,0,0,0,0,0,0,0,0,0,0,0,0,0,0,0,0,0,0,0,0,0,0,0,0,0,0,0,0,0,0,0,0,0,0,0,0,0,0,0,0,0,0,0,0,0,0,0,0,0,0,0,0,0,0,0,0,0,0,0,0,0,0,0,0,0,0,0,0,0,0,0,0,0,0,0,0,794,-1247,-1242,118,123,115,91,46,-11,-69,-126,-171,-185,-171,-137,-82,0,88,142,184,202,175,117,39,-59,-134,-183,-206,-195,-140,-50,46,132,186,214,188,116,20,-75,-150,-191,-195,-157,-88,4,102,175,225,216,175,73,-57,-168,-223,-243,-221,-153,-49,56,164,250,280,242,155,32,-83,-182,-262,-277,-224,-131,-12,108,201,251,238,173,87,-7,-103,-189,-220,-188,-116,-33,51,130,186,194,153,73,-9,-85,-144,-185,-182,-134,-56,27,100,154,167,143,92,30,-28,-62,-79,-85,-68,-23,10,24,36,43,29,-15,-54,-64,-54,-37,2,45,80,107,96,61,14,0,-112,-141,-143,-122,-69,19,108,172,195,185,139,54,-42,-141,-213,-255,-237,-158,-50,67,162,236,265,227,137,32,-78,-187,-238,-246,-200,-111,-3,111,203,249,244,182,80,-27,-121,-201,-238,-222,-155,-58,46,126,177,192,171,101,9,-74,-127,-138,-124,-92,-22,66,131,154,159,121,54,-30,-120,-181,-189,-164,-112,-34,58,128,175,190,167,110,38,-37,-106,-156,-156,-137,-108,-31,39,70,91,99,79,34,0,-24,-46,-50,-24,0,37,64,75,58,34,-4,-54,-103,-150,-185,-164,-107,-39,46,135,200,234,243,231,172,85,-4,-87,-166,-221,-243,-236,-1201,-1206,0,0,0,0,0,0,0,0,0,0,0,0,0,0,0,0,0,0,0,0,0,0,0,0,0,0,0,0,0,0,0,0,0,0,0,0,0,0,0,0,0,0,0,0,0,0,0,0,0,0,0,0,0,0,0,0,0,0,0,0,0,0,0,0,0,0,0,0,0,0,0,0,0,0,0,0,0,0,0,0,0,0,0,0,0,0,0,0,0,0,0,0,0,0,0,0,0,0,0,0,0,0,0,0,0,0,0,0,0,0,0,0,0,0,0,0,0,0,0,0,0,0,0,0,0,0,0,0,0,0,0,0,0,0,0,0,0,0,0,0,0,0,0,0,0,0,0,0,0,0,0,0,0,0,0,0,0,0,0,0,0,0,0,0,0,0,0,0,0,0,0,0,0,0,0,0,0,0,0,0,0,0,0,0,0,0,0,0,0,0,0,0,0,0,0,0,0,0,0,0,0,0,0,0,0,0,0,0,0,0,0,0,0,0,0,0,0,0,0,0,0,0,0,0,0,0,0,0,0,0,0,0,0,0,0,0,0,0,0,0,0,0,0,0,0,0,0,0,0,0,0,0,0,0,0,0,572,-254,-216,13,61,104,140,163,169,156,116,64,11,-49,-114,-167,-187,-176,-138,-66,20,104,163,193,192,153,86,6,-78,-154,-198,-200,-156,-79,11,99,173,207,193,130,40,-42,-122,-183,-203,-179,-116,-21,82,174,226,240,196,113,3,-118,-212,-261,-262,-206,-107,17,142,227,265,259,204,99,-22,-141,-223,-248,-221,-153,-49,70,151,209,232,200,118,12,-92,-168,-207,-190,-135,-70,18,104,155,181,167,112,33,-53,-121,-148,-158,-142,-84,-6,51,88,106,113,80,35,-18,-50,-57,-44,-28,-9,19,36,35,19,-2,-25,-57,-83,-76,-41,-3,41,82,115,0,98,27,-49,-112,-156,-172,-153,-89,9,92,163,219,238,199,118,-3,-117,-214,-252,-242,-194,-122,-13,114,216,257,245,183,84,-37,-137,-206,-231,-208,-149,-49,65,169,238,252,196,116,24,-86,-179,-224,-211,-162,-74,20,97,151,177,164,109,21,-64,-118,-146,-138,-90,-19,53,110,152,164,143,75,-1,-73,-140,-188,-184,-146,-79,7,85,145,183,170,127,69,7,-64,-108,-131,-128,-87,-30,16,46,65,78,55,9,-31,-51,-60,-53,-30,10,60,106,131,123,94,43,-27,-99,-169,-205,-204,-180,-141,-50,49,135,203,257,273,258,217,159,85,-4,-385,-343
62099,mtk,MTK 7916,2151011425,rx2-tx1,512,0,0,0,0,0,0,0,0,0,0,0,0,0,0,0,0,0,0,0,0,0,0,0,0,0,0,0,0,0,0,0,0,0,0,0,0,0,0,0,0,0,0,0,0,0,0,0,0,0,0,0,0,0,0,0,0,0,0,0,0,0,0,0,0,0,0,0,0,0,0,0,0,0,0,0,0,0,0,0,0,0,0,0,0,0,0,0,0,0,0,0,0,0,0,0,0,0,0,0,0,0,0,0,0,0,0,0,0,0,0,0,0,0,0,0,0,0,0,0,0,0,0,0,0,0,0,0,0,0,0,0,0,0,0,0,0,0,0,0,0,0,0,0,0,0,0,0,0,0,0,0,0,0,0,0,0,0,0,0,0,0,0,0,0,0,0,0,0,0,0,0,0,0,0,0,0,0,0,0,0,0,0,0,0,0,0,0,0,0,0,0,0,0,0,0,0,0,0,0,0,0,0,0,0,0,0,0,0,0,0,0,0,0,0,0,0,0,0,0,0,0,0,0,0,0,0,0,0,0,0,0,0,0,0,0,0,0,0,0,0,0,0,0,0,0,0,0,0,0,0,0,0,0,0,0,0,381,-435,-433,8,-2,-13,-29,-47,-53,-60,-61,-59,-53,-33,-2,28,57,77,88,91,71,30,-25,-69,-104,-129,-137,-113,-59,9,65,118,173,204,181,128,39,-55,-141,-212,-254,-241,-190,-95,38,178,275,331,330,261,143,-17,-184,-314,-387,-400,-334,-195,-18,179,348,446,459,396,241,26,-205,-395,-519,-550,-470,-292,-73,163,389,541,568,495,340,107,-161,-392,-543,-590,-532,-361,-118,140,369,526,574,508,341,104,-137,-332,-477,-524,-462,-298,-80,153,332,434,450,380,233,42,-165,-336,-423,-413,-313,-166,13,191,337,389,353,250,102,-62,-213,-328,-360,-305,-195,-44,0,241,303,302,235,132,-3,-149,-252,-287,-257,-171,-50,74,176,250,274,209,94,-26,-141,-230,-269,-245,-159,-39,86,194,256,265,216,113,-28,-162,-270,-324,-305,-215,-84,73,214,312,344,312,210,72,-75,-204,-297,-333,-293,-196,-64,86,212,289,302,262,172,42,-87,-186,-251,-264,-217,-134,-29,83,177,235,239,194,119,10,-99,-178,-215,-216,-164,-89,-5,73,136,181,197,175,115,39,-34,-104,-159,-168,-144,-104,-59,-8,36,61,78,101,102,73,46,29,8,-8,-24,-37,-40,-42,-39,-37,-37,-39,-36,-18,1,16,38,56,76,93,102,92,62,8,-447,-450,0,0,0,0,0,0,0,0,0,0,0,0,0,0,0,0,0,0,0,0,0,0,0,0,0,0,0,0,0,0,0,0,0,0,0,0,0,0,0,0,0,0,0,0,0,0,0,0,0,0,0,0,0,0,0,0,0,0,0,0,0,0,0,0,0,0,0,0,0,0,0,0,0,0,0,0,0,0,0,0,0,0,0,0,0,0,0,0,0,0,0,0,0,0,0,0,0,0,0,0,0,0,0,0,0,0,0,0,0,0,0,0,0,0,0,0,0,0,0,0,0,0,0,0,0,0,0,0,0,0,0,0,0,0,0,0,0,0,0,0,0,0,0,0,0,0,0,0,0,0,0,0,0,0,0,0,0,0,0,0,0,0,0,0,0,0,0,0,0,0,0,0,0,0,0,0,0,0,0,0,0,0,0,0,0,0,0,0,0,0,0,0,0,0,0,0,0,0,0,0,0,0,0,0,0,0,0,0,0,0,0,0,0,0,0,0,0,0,0,0,0,0,0,0,0,0,0,0,0,0,0,0,0,0,0,0,0,0,0,0,0,0,0,0,0,0,0,0,0,0,0,0,0,0,0,0,-1037,-221,-205,35,37,49,51,41,29,17,-1,-26,-54,-74,-79,-68,-56,-38,-8,32,74,105,114,95,62,26,-18,-86,-133,-150,-146,-125,-64,14,87,153,213,226,183,105,8,-101,-210,-272,-287,-248,-167,-38,112,246,335,369,338,235,70,-104,-257,-373,-441,-419,-299,-112,92,282,436,511,485,355,148,-89,-303,-465,-552,-525,-408,-215,38,294,485,576,560,432,228,-23,-259,-456,-562,-560,-443,-247,3,234,414,526,534,409,218,-9,-227,-398,-486,-465,-338,-158,52,255,395,445,401,282,118,-82,-252,-366,-402,-355,-216,-40,129,277,345,340,272,151,-12,-159,-266,-319,0,-214,-85,66,194,267,279,244,155,20,-117,-222,-274,-267,-197,-82,49,169,247,258,225,145,34,-96,-208,-268,-249,-179,-67,52,178,273,296,247,154,21,-128,-242,-315,-323,-261,-145,1,151,271,334,335,257,142,-5,-143,-261,-320,-311,-237,-129,11,138,228,271,263,190,90,-17,-130,-222,-264,-239,-168,-76,24,133,213,237,205,140,57,-38,-127,-188,-211,-192,-135,-63,24,100,153,175,174,138,79,18,-43,-94,-119,-123,-108,-81,-52,-14,28,49,57,56,53,51,48,31,31,33,16,-4,-22,-39,-48,-57,-70,-74,-68,-50,-26,0,25,51,73,85,-271,-258
62100,mtk,MTK 7916,2151276091,rx0-tx0,512,0,0,0,0,0,0,0,0,0,0,0,0,0,0,0,0,0,0,0,0,0,0,0,0,0,0,0,0,0,0,0,0,0,0,0,0,0,0,0,0,0,0,0,0,0,0,0,0,0,0,0,0,0,0,0,0,0,0,0,0,0,0,0,0,0,0,0,0,0,0,0,0,0,0,0,0,0,0,0,0,0,0,0,0,0,0,0,0,0,0,0,0,0,0,0,0,0,0,0,0,0,0,0,0,0,0,0,0,0,0,0,0,0,0,0,0,0,0,0,0,0,0,0,0,0,0,0,0,0,0,0,0,0,0,0,0,0,0,0,0,0,0,0,0,0,0,0,0,0,0,0,0,0,0,0,0,0,0,0,0,0,0,0,0,0,0,0,0,0,0,0,0,0,0,0,0,0,0,0,0,0,0,0,0,0,0,0,0,0,0,0,0,0,0,0,0,0,0,0,0,0,0,0,0,0,0,0,0,0,0,0,0,0,0,0,0,0,0,0,0,0,0,0,0,0,0,0,0,0,0,0,0,0,0,0,0,0,0,0,0,0,0,0,0,0,0,0,0,0,0,0,0,0,0,0,0,-364,-596,-597,-495,-621,-551,-288,77,439,702,823,782,595,318,-8,-337,-623,-817,-892,-849,-683,-414,-75,279,584,826,956,965,852,624,311,-44,-391,-691,-896,-1014,-1013,-881,-632,-321,17,365,665,897,1031,1042,935,755,459,89,-250,-601,-860,-1033,-1119,-1039,-856,-604,-263,118,489,769,984,1092,1056,937,695,380,39,-315,-621,-864,-1010,-1027,-936,-760,-498,-217,78,360,593,767,871,877,804,642,425,191,-75,-325,-540,-704,-796,-816,-747,-619,-419,-178,70,314,513,677,751,748,682,535,363,154,-71,-278,-455,-581,-639,-645,-605,-501,-368,-190,-22,146,313,425,521,583,602,567,481,358,-330,42,-165,-365,-542,-677,-766,-779,-734,-602,-377,-121,183,466,726,924,1021,1016,907,698,394,41,-337,-692,-987,-1182,-1243,-1161,-963,-655,-270,160,581,937,1218,1363,1352,1207,924,511,84,-384,-834,-1162,-1368,-1441,-1355,-1120,-786,-358,125,599,1009,1303,1482,1489,1326,1021,610,139,-366,-839,-1207,-1467,-1562,-1483,-1247,-849,-362,179,692,1127,1445,1596,1560,1347,982,497,-47,-583,-1053,-1413,-1602,-1592,-1399,-1041,-533,23,554,1034,1394,1574,1547,1345,968,476,-63,-608,-1047,-1354,-1485,-1415,-1166,-770,-285,224,696,1074,1309,1371,1244,956,529,37,-476,-924,-1249,-1376,-1289,-992,-458,168,756,1170,1281,1083,-604,-589,0,0,0,0,0,0,0,0,0,0,0,0,0,0,0,0,0,0,0,0,0,0,0,0,0,0,0,0,0,0,0,0,0,0,0,0,0,0,0,0,0,0,0,0,0,0,0,0,0,0,0,0,0,0,0,0,0,0,0,0,0,0,0,0,0,0,0,0,0,0,0,0,0,0,0,0,0,0,0,0,0,0,0,0,0,0,0,0,0,0,0,0,0,0,0,0,0,0,0,0,0,0,0,0,0,0,0,0,0,0,0,0,0,0,0,0,0,0,0,0,0,0,0,0,0,0,0,0,0,0,0,0,0,0,0,0,0,0,0,0,0,0,0,0,0,0,0,0,0,0,0,0,0,0,0,0,0,0,0,0,0,0,0,0,0,0,0,0,0,0,0,0,0,0,0,0,0,0,0,0,0,0,0,0,0,0,0,0,0,0,0,0,0,0,0,0,0,0,0,0,0,0,0,0,0,0,0,0,0,0,0,0,0,0,0,0,0,0,0,0,0,0,0,0,0,0,0,0,0,0,0,0,0,0,0,0,0,0,0,0,0,0,0,0,0,0,0,0,0,0,0,0,0,0,0,0,-49,161,174,-229,71,422,687,773,670,412,74,-281,-581,-776,-850,-801,-617,-334,-11,322,611,826,932,899,752,498,170,-178,-511,-775,-948,-996,-931,-736,-463,-136,216,557,808,970,1029,973,802,545,210,-142,-470,-751,-986,-1071,-1048,-915,-655,-355,20,386,690,934,1082,1118,1000,783,493,124,-232,-551,-841,-1007,-1076,-1021,-852,-603,-285,51,360,639,841,936,943,854,680,463,191,-101,-361,-587,-736,-826,-843,-775,-630,-429,-189,72,322,527,687,776,785,719,590,392,154,-78,-317,-508,-631,-707,-704,-648,-521,-344,-155,35,220,381,517,584,593,586,506,403,281,118,-50,-227,-381,-511,-82,-664,-661,-607,-492,-319,-95,147,385,626,792,901,916,825,664,407,96,-241,-564,-847,-1041,-1130,-1098,-951,-691,-353,47,442,804,1099,1274,1313,1197,964,623,191,-267,-695,-1068,-1297,-1392,-1380,-1190,-848,-434,36,509,929,1244,1442,1478,1349,1075,704,244,-259,-736,-1128,-1395,-1523,-1499,-1296,-948,-502,25,533,997,1358,1559,1588,1435,1127,692,169,-369,-864,-1265,-1525,-1612,-1512,-1231,-805,-270,288,804,1241,1526,1603,1496,1220,783,250,-301,-806,-1226,-1471,-1541,-1403,-1087,-649,-129,398,874,1217,1407,1408,1224,883,442,-68,-557,-972,-1253,-1355,-1278,-1004,-573,-34,507,1005,1341,1393,1163,670,22,-520,138,143
62101,mtk,MTK 7916,2151276091,rx0-tx1,512,0,0,0,0,0,0,0,0,0,0,0,0,0,0,0,0,0,0,0,0,0,0,0,0,0,0,0,0,0,0,0,0,0,0,0,0,0,0,0,0,0,0,0,0,0,0,0,0,0,0,0,0,0,0,0,0,0,0,0,0,0,0,0,0,0,0,0,0,0,0,0,0,0,0,0,0,0,0,0,0,0,0,0,0,0,0,0,0,0,0,0,0,0,0,0,0,0,0,0,0,0,0,0,0,0,0,0,0,0,0,0,0,0,0,0,0,0,0,0,0,0,0,0,0,0,0,0,0,0,0,0,0,0,0,0,0,0,0,0,0,0,0,0,0,0,0,0,0,0,0,0,0,0,0,0,0,0,0,0,0,0,0,0,0,0,0,0,0,0,0,0,0,0,0,0,0,0,0,0,0,0,0,0,0,0,0,0,0,0,0,0,0,0,0,0,0,0,0,0,0,0,0,0,0,0,0,0,0,0,0,0,0,0,0,0,0,0,0,0,0,0,0,0,0,0,0,0,0,0,0,0,0,0,0,0,0,0,0,0,0,0,0,0,0,0,0,0,0,0,0,0,0,0,0,0,0,-449,-358,-381,432,586,589,399,74,-293,-593,-790,-818,-706,-482,-135,220,550,815,970,978,832,558,175,-232,-639,-960,-1140,-1157,-1003,-698,-283,157,587,943,1163,1214,1093,846,474,46,-353,-724,-971,-1081,-1077,-922,-678,-369,-16,308,560,765,879,892,821,653,416,180,-75,-326,-538,-664,-728,-715,-635,-521,-359,-173,0,176,365,508,614,682,699,630,509,339,130,-108,-354,-595,-764,-848,-864,-780,-602,-355,-67,234,536,767,883,917,874,743,523,255,-43,-333,-571,-759,-885,-915,-850,-697,-500,-235,70,358,621,832,940,957,891,731,482,181,-143,-449,-715,-918,-1032,-1010,-897,-691,-410,-87,510,567,825,975,1033,1001,839,601,310,-36,-345,-620,-843,-968,-1003,-943,-783,-540,-262,38,339,591,825,967,1008,985,848,636,356,13,-328,-649,-933,-1119,-1205,-1171,-1027,-756,-369,51,481,898,1261,1476,1521,1395,1105,682,163,-411,-973,-1426,-1717,-1811,-1687,-1348,-820,-191,463,1086,1578,1874,1950,1782,1394,815,146,-552,-1187,-1662,-1926,-1942,-1721,-1270,-672,15,695,1281,1690,1871,1819,1522,1061,441,-219,-841,-1360,-1682,-1763,-1607,-1221,-691,-82,531,1062,1408,1541,1475,1181,724,194,-332,-781,-1111,-1246,-1196,-991,-643,-217,201,564,826,953,943,793,528,192,-180,-491,-726,-825,-759,-535,-176,177,422,-233,-278,0,0,0,0,0,0,0,0,0,0,0,0,0,0,0,0,0,0,0,0,0,0,0,0,0,0,0,0,0,0,0,0,0,0,0,0,0,0,0,0,0,0,0,0,0,0,0,0,0,0,0,0,0,0,0,0,0,0,0,0,0,0,0,0,0,0,0,0,0,0,0,0,0,0,0,0,0,0,0,0,0,0,0,0,0,0,0,0,0,0,0,0,0,0,0,0,0,0,0,0,0,0,0,0,0,0,0,0,0,0,0,0,0,0,0,0,0,0,0,0,0,0,0,0,0,0,0,0,0,0,0,0,0,0,0,0,0,0,0,0,0,0,0,0,0,0,0,0,0,0,0,0,0,0,0,0,0,0,0,0,0,0,0,0,0,0,0,0,0,0,0,0,0,0,0,0,0,0,0,0,0,0,0,0,0,0,0,0,0,0,0,0,0,0,0,0,0,0,0,0,0,0,0,0,0,0,0,0,0,0,0,0,0,0,0,0,0,0,0,0,0,0,0,0,0,0,0,0,0,0,0,0,0,0,0,0,0,0,0,0,0,0,0,0,0,0,0,0,0,0,0,0,0,0,0,0,26,-1037,-1029,306,57,-285,-587,-750,-722,-529,-225,135,464,744,892,887,747,496,151,-248,-608,-905,-1056,-1066,-919,-620,-231,209,634,978,1186,1205,1069,771,369,-81,-501,-863,-1104,-1180,-1110,-896,-570,-211,176,521,784,966,1012,926,753,518,224,-66,-340,-576,-723,-791,-807,-732,-578,-377,-161,72,281,446,582,636,642,635,564,441,286,98,-117,-336,-516,-658,-751,-783,-734,-600,-379,-125,149,443,685,854,935,911,787,548,273,-10,-301,-562,-764,-891,-928,-864,-710,-497,-226,72,360,596,788,919,932,866,722,489,204,-103,-393,-665,-870,-977,-991,-897,-708,-455,-127,205,509,778,963,1056,-82,889,657,354,28,-305,-619,-839,-992,-1036,-957,-814,-576,-275,42,359,626,828,953,994,934,796,580,293,-5,-321,-626,-849,-1014,-1086,-1058,-940,-712,-391,-14,374,745,1065,1273,1344,1292,1111,767,303,-198,-702,-1152,-1480,-1671,-1667,-1444,-1035,-492,123,739,1289,1687,1883,1856,1599,1125,519,-164,-833,-1418,-1824,-1984,-1907,-1586,-1059,-415,281,938,1483,1824,1934,1792,1430,881,237,-448,-1044,-1511,-1783,-1806,-1607,-1188,-611,36,674,1197,1539,1668,1574,1237,735,163,-410,-921,-1263,-1404,-1327,-1086,-689,-211,251,660,960,1088,1058,879,584,221,-145,-490,-739,-885,-868,-701,-424,-63,299,592,735,667,487,-1054,-1048
62102,mtk,MTK 7916,2151276091,rx1-tx0,512,0,0,0,0,0,0,0,0,0,0,0,0,0,0,0,0,0,0,0,0,0,0,0,0,0,0,0,0,0,0,0,0,0,0,0,0,0,0,0,0,0,0,0,0,0,0,0,0,0,0,0,0,0,0,0,0,0,0,0,0,0,0,0,0,0,0,0,0,0,0,0,0,0,0,0,0,0,0,0,0,0,0,0,0,0,0,0,0,0,0,0,0,0,0,0,0,0,0,0,0,0,0,0,0,0,0,0,0,0,0,0,0,0,0,0,0,0,0,0,0,0,0,0,0,0,0,0,0,0,0,0,0,0,0,0,0,0,0,0,0,0,0,0,0,0,0,0,0,0,0,0,0,0,0,0,0,0,0,0,0,0,0,0,0,0,0,0,0,0,0,0,0,0,0,0,0,0,0,0,0,0,0,0,0,0,0,0,0,0,0,0,0,0,0,0,0,0,0,0,0,0,0,0,0,0,0,0,0,0,0,0,0,0,0,0,0,0,0,0,0,0,0,0,0,0,0,0,0,0,0,0,0,0,0,0,0,0,0,0,0,0,0,0,0,0,0,0,0,0,0,0,0,0,0,0,0,98,520,527,-414,-636,-704,-547,-216,186,559,832,937,881,675,335,-67,-479,-842,-1074,-1159,-1064,-801,-397,73,560,986,1270,1373,1274,988,537,3,-532,-994,-1305,-1437,-1376,-1112,-690,-194,316,774,1093,1264,1283,1140,864,489,80,-308,-636,-883,-1036,-1042,-937,-746,-475,-183,110,383,603,742,825,813,743,594,398,168,-88,-308,-520,-682,-769,-784,-728,-598,-383,-138,130,388,597,731,808,794,685,497,262,-3,-253,-469,-623,-710,-696,-617,-480,-299,-89,125,294,417,509,523,487,421,302,180,53,-62,-179,-249,-307,-336,-322,-305,-269,-195,-131,-56,11,80,170,231,286,313,330,325,282,213,-686,22,-117,-237,-346,-415,-432,-426,-379,-293,-177,-25,135,278,377,480,519,504,442,325,181,19,-157,-320,-446,-546,-586,-580,-529,-391,-215,-31,178,365,549,686,735,718,627,446,201,-69,-328,-571,-763,-867,-870,-759,-572,-312,-1,291,574,787,899,911,808,616,353,56,-241,-509,-698,-833,-871,-802,-633,-415,-146,140,402,619,737,771,721,598,417,184,-67,-292,-484,-603,-660,-639,-538,-396,-215,-22,172,336,447,517,542,502,419,303,160,-1,-167,-322,-449,-540,-569,-528,-432,-272,-79,149,383,569,678,695,623,438,170,-133,-445,-688,-839,-840,-652,-321,100,489,733,750,498,501,0,0,0,0,0,0,0,0,0,0,0,0,0,0,0,0,0,0,0,0,0,0,0,0,0,0,0,0,0,0,0,0,0,0,0,0,0,0,0,0,0,0,0,0,0,0,0,0,0,0,0,0,0,0,0,0,0,0,0,0,0,0,0,0,0,0,0,0,0,0,0,0,0,0,0,0,0,0,0,0,0,0,0,0,0,0,0,0,0,0,0,0,0,0,0,0,0,0,0,0,0,0,0,0,0,0,0,0,0,0,0,0,0,0,0,0,0,0,0,0,0,0,0,0,0,0,0,0,0,0,0,0,0,0,0,0,0,0,0,0,0,0,0,0,0,0,0,0,0,0,0,0,0,0,0,0,0,0,0,0,0,0,0,0,0,0,0,0,0,0,0,0,0,0,0,0,0,0,0,0,0,0,0,0,0,0,0,0,0,0,0,0,0,0,0,0,0,0,0,0,0,0,0,0,0,0,0,0,0,0,0,0,0,0,0,0,0,0,0,0,0,0,0,0,0,0,0,0,0,0,0,0,0,0,0,0,0,0,0,0,0,0,0,0,0,0,0,0,0,0,0,0,0,0,0,0,-999,410,377,-392,-161,205,573,806,847,697,394,9,-383,-728,-962,-1045,-960,-717,-349,87,529,918,1181,1263,1180,899,470,-43,-564,-1022,-1332,-1437,-1340,-1040,-609,-102,430,907,1236,1386,1353,1132,778,351,-96,-517,-870,-1101,-1182,-1112,-917,-651,-310,56,374,650,834,920,913,826,646,426,175,-93,-341,-554,-695,-780,-781,-720,-598,-406,-166,79,325,542,719,797,815,729,553,338,89,-176,-432,-626,-745,-782,-716,-582,-379,-146,97,299,462,570,614,587,489,366,213,30,-116,-249,-337,-382,-404,-398,-349,-266,-185,-82,6,78,165,226,266,291,290,295,266,210,140,55,-26,-126,-220,-300,9,-396,-390,-339,-263,-134,-6,119,249,357,440,485,473,405,309,186,9,-147,-310,-434,-510,-550,-538,-462,-353,-202,-26,149,338,509,609,662,639,563,430,231,7,-227,-456,-658,-797,-821,-772,-624,-404,-131,171,456,691,872,923,868,721,476,188,-122,-432,-670,-828,-898,-860,-726,-514,-255,49,338,568,728,819,811,713,528,282,18,-228,-450,-614,-712,-725,-650,-509,-314,-94,137,326,475,566,603,574,474,332,181,6,-165,-307,-421,-490,-527,-496,-426,-303,-150,40,230,415,548,620,628,540,368,126,-136,-393,-610,-745,-776,-676,-454,-145,236,575,816,862,693,343,-28,466,440
62103,mtk,MTK 7916,2151276091,rx1-tx1,512,0,0,0,0,0,0,0,0,0,0,0,0,0,0,0,0,0,0,0,0,0,0,0,0,0,0,0,0,0,0,0,0,0,0,0,0,0,0,0,0,0,0,0,0,0,0,0,0,0,0,0,0,0,0,0,0,0,0,0,0,0,0,0,0,0,0,0,0,0,0,0,0,0,0,0,0,0,0,0,0,0,0,0,0,0,0,0,0,0,0,0,0,0,0,0,0,0,0,0,0,0,0,0,0,0,0,0,0,0,0,0,0,0,0,0,0,0,0,0,0,0,0,0,0,0,0,0,0,0,0,0,0,0,0,0,0,0,0,0,0,0,0,0,0,0,0,0,0,0,0,0,0,0,0,0,0,0,0,0,0,0,0,0,0,0,0,0,0,0,0,0,0,0,0,0,0,0,0,0,0,0,0,0,0,0,0,0,0,0,0,0,0,0,0,0,0,0,0,0,0,0,0,0,0,0,0,0,0,0,0,0,0,0,0,0,0,0,0,0,0,0,0,0,0,0,0,0,0,0,0,0,0,0,0,0,0,0,0,0,0,0,0,0,0,0,0,0,0,0,0,0,0,0,0,0,0,-282,-516,-554,3,-39,-93,-152,-206,-241,-251,-237,-192,-115,-22,77,172,240,274,258,196,99,-14,-131,-239,-305,-301,-233,-139,-14,132,253,328,348,304,192,31,-158,-319,-407,-430,-374,-247,-58,145,343,473,521,461,311,92,-153,-390,-553,-609,-552,-387,-140,155,420,615,694,638,458,181,-132,-427,-661,-771,-730,-544,-242,111,446,685,810,779,596,293,-65,-413,-664,-801,-791,-618,-320,30,370,651,792,774,599,312,-41,-387,-639,-768,-756,-586,-276,62,382,622,739,702,532,242,-81,-372,-593,-692,-647,-475,-206,105,382,573,637,570,385,123,-153,-387,-533,-571,-494,-302,-37,229,0,530,525,406,178,-90,-322,-486,-556,-502,-314,-71,194,431,568,567,449,239,-38,-326,-537,-628,-594,-440,-173,142,434,645,731,657,452,146,-206,-538,-753,-815,-725,-485,-134,257,602,830,896,784,514,119,-291,-638,-877,-953,-825,-528,-135,280,659,909,985,876,576,159,-267,-652,-924,-1001,-879,-595,-188,243,632,894,971,858,589,212,-217,-598,-846,-920,-846,-617,-240,181,553,806,918,865,637,288,-111,-495,-783,-911,-883,-693,-368,7,371,672,862,890,763,510,187,-171,-511,-752,-845,-812,-655,-369,-37,279,538,719,798,750,585,329,38,-243,-477,-644,-741,-741,-654,-499,-409,-445,0,0,0,0,0,0,0,0,0,0,0,0,0,0,0,0,0,0,0,0,0,0,0,0,0,0,0,0,0,0,0,0,0,0,0,0,0,0,0,0,0,0,0,0,0,0,0,0,0,0,0,0,0,0,0,0,0,0,0,0,0,0,0,0,0,0,0,0,0,0,0,0,0,0,0,0,0,0,0,0,0,0,0,0,0,0,0,0,0,0,0,0,0,0,0,0,0,0,0,0,0,0,0,0,0,0,0,0,0,0,0,0,0,0,0,0,0,0,0,0,0,0,0,0,0,0,0,0,0,0,0,0,0,0,0,0,0,0,0,0,0,0,0,0,0,0,0,0,0,0,0,0,0,0,0,0,0,0,0,0,0,0,0,0,0,0,0,0,0,0,0,0,0,0,0,0,0,0,0,0,0,0,0,0,0,0,0,0,0,0,0,0,0,0,0,0,0,0,0,0,0,0,0,0,0,0,0,0,0,0,0,0,0,0,0,0,0,0,0,0,0,0,0,0,0,0,0,0,0,0,0,0,0,0,0,0,0,0,0,0,0,0,0,0,0,0,0,0,0,0,0,0,0,0,0,0,288,-766,-754,163,186,191,170,129,63,-15,-99,-178,-244,-272,-254,-199,-110,0,109,192,260,284,249,167,61,-64,-193,-298,-332,-308,-230,-92,71,216,331,390,379,290,131,-53,-258,-410,-477,-459,-358,-190,19,246,444,554,565,462,253,-13,-274,-491,-628,-644,-522,-296,-17,282,543,697,710,591,358,39,-289,-556,-741,-785,-686,-443,-104,262,565,768,815,704,468,143,-232,-560,-771,-826,-713,-473,-146,219,539,743,803,700,456,125,-209,-517,-709,-753,-646,-424,-109,219,498,674,713,602,382,85,-231,-496,-648,-655,-523,-295,-11,267,478,599,601,447,205,-67,-319,-505,-565,-511,0,-113,139,359,511,556,461,250,-10,-255,-460,-559,-537,-391,-156,118,363,544,600,529,336,67,-228,-493,-651,-666,-551,-313,17,346,606,758,760,597,311,-48,-419,-710,-858,-831,-641,-315,82,465,765,918,895,685,342,-63,-477,-807,-961,-930,-724,-362,72,489,815,988,966,754,398,-30,-462,-791,-955,-934,-748,-408,20,437,752,923,921,746,426,24,-389,-714,-893,-905,-751,-437,-35,357,677,875,913,777,492,116,-277,-612,-842,-921,-831,-606,-271,113,473,741,877,862,722,455,105,-247,-531,-736,-831,-780,-593,-327,-13,297,557,715,790,766,640,427,189,-39,-233,-399,-826,-801
62104,mtk,MTK 7916,2151276091,rx2-tx0,512,0,0,0,0,0,0,0,0,0,0,0,0,0,0,0,0,0,0,0,0,0,0,0,0,0,0,0,0,0,0,0,0,0,0,0,0,0,0,0,0,0,0,0,0,0,0,0,0,0,0,0,0,0,0,0,0,0,0,0,0,0,0,0,0,0,0,0,0,0,0,0,0,0,0,0,0,0,0,0,0,0,0,0,0,0,0,0,0,0,0,0,0,0,0,0,0,0,0,0,0,0,0,0,0,0,0,0,0,0,0,0,0,0,0,0,0,0,0,0,0,0,0,0,0,0,0,0,0,0,0,0,0,0,0,0,0,0,0,0,0,0,0,0,0,0,0,0,0,0,0,0,0,0,0,0,0,0,0,0,0,0,0,0,0,0,0,0,0,0,0,0,0,0,0,0,0,0,0,0,0,0,0,0,0,0,0,0,0,0,0,0,0,0,0,0,0,0,0,0,0,0,0,0,0,0,0,0,0,0,0,0,0,0,0,0,0,0,0,0,0,0,0,0,0,0,0,0,0,0,0,0,0,0,0,0,0,0,0,0,0,0,0,0,0,0,0,0,0,0,0,0,0,0,0,0,0,794,-1247,-1242,-102,-90,-68,-32,21,78,128,167,187,182,155,109,45,-29,-110,-181,-211,-202,-175,-113,-24,65,143,206,233,222,174,90,-15,-114,-185,-224,-202,-141,-67,25,116,175,196,183,134,62,-23,-118,-200,-230,-210,-153,-62,46,156,223,256,240,179,79,-34,-148,-232,-260,-255,-201,-103,7,105,207,267,255,194,107,2,-103,-195,-241,-223,-167,-85,8,91,160,188,183,138,68,-18,-95,-161,-181,-169,-130,-60,29,108,156,175,161,118,60,-8,-68,-93,-104,-115,-90,-53,-17,18,46,49,35,17,-4,-17,-20,-21,7,42,55,40,31,24,-3,-46,-79,-101,0,-104,-42,27,89,144,182,174,131,70,-9,-100,-175,-218,-226,-189,-108,-9,102,199,249,246,210,137,37,-59,-162,-238,-263,-227,-153,-46,66,169,221,241,224,153,53,-51,-146,-222,-236,-219,-149,-56,43,121,194,218,183,106,27,-45,-111,-150,-150,-114,-57,14,72,125,149,138,103,35,-57,-127,-169,-186,-170,-125,-53,45,127,170,195,180,129,59,-21,-97,-144,-156,-147,-118,-57,-9,39,88,114,104,71,26,-17,-41,-51,-60,-44,-4,49,89,117,112,73,18,-34,-91,-151,-196,-204,-175,-126,-53,28,111,190,255,279,263,224,162,89,14,-43,-104,-1201,-1206,0,0,0,0,0,0,0,0,0,0,0,0,0,0,0,0,0,0,0,0,0,0,0,0,0,0,0,0,0,0,0,0,0,0,0,0,0,0,0,0,0,0,0,0,0,0,0,0,0,0,0,0,0,0,0,0,0,0,0,0,0,0,0,0,0,0,0,0,0,0,0,0,0,0,0,0,0,0,0,0,0,0,0,0,0,0,0,0,0,0,0,0,0,0,0,0,0,0,0,0,0,0,0,0,0,0,0,0,0,0,0,0,0,0,0,0,0,0,0,0,0,0,0,0,0,0,0,0,0,0,0,0,0,0,0,0,0,0,0,0,0,0,0,0,0,0,0,0,0,0,0,0,0,0,0,0,0,0,0,0,0,0,0,0,0,0,0,0,0,0,0,0,0,0,0,0,0,0,0,0,0,0,0,0,0,0,0,0,0,0,0,0,0,0,0,0,0,0,0,0,0,0,0,0,0,0,0,0,0,0,0,0,0,0,0,0,0,0,0,0,0,0,0,0,0,0,0,0,0,0,0,0,0,0,0,0,0,0,0,0,0,0,0,0,0,0,0,0,0,0,0,0,0,0,0,0,572,-254,-216,-83,-115,-143,-171,-185,-173,-137,-86,-16,56,116,168,196,190,160,97,16,-62,-132,-186,-215,-213,-168,-90,8,95,161,207,211,180,117,27,-68,-153,-205,-206,-173,-116,-26,83,173,216,214,185,120,16,-101,-182,-227,-237,-206,-129,-16,90,186,252,260,229,156,50,-71,-174,-241,-262,-240,-155,-47,53,149,221,253,232,155,59,-49,-141,-198,-214,-178,-102,-26,53,133,183,181,154,96,12,-80,-134,-163,-179,-154,-92,-8,60,101,124,137,121,86,41,-8,-59,-72,-68,-68,-46,-14,11,21,14,2,-8,-24,-24,-9,2,19,40,65,85,76,45,9,0,-100,-142,-160,-146,-95,-14,70,118,159,204,203,148,69,-38,-137,-211,-252,-243,-187,-97,22,131,215,253,243,194,97,-21,-114,-202,-263,-246,-190,-107,11,116,192,247,246,188,101,-5,-105,-179,-234,-233,-178,-101,-24,66,142,197,195,129,41,-34,-91,-145,-157,-138,-91,-4,74,130,163,159,128,75,-7,-88,-152,-197,-197,-151,-90,-13,75,130,150,173,161,102,29,-33,-78,-119,-135,-106,-66,-24,18,55,64,64,48,1,-44,-72,-83,-69,-37,5,58,107,145,158,145,105,54,-18,-117,-194,-225,-235,-225,-177,-102,-13,89,178,244,278,284,261,211,-385,-343
62105,mtk,MTK 7916,2151276091,rx2-tx1,512,0,0,0,0,0,0,0,0,0,0,0,0,0,0,0,0,0,0,0,0,0,0,0,0,0,0,0,0,0,0,0,0,0,0,0,0,0,0,0,0,0,0,0,0,0,0,0,0,0,0,0,0,0,0,0,0,0,0,0,0,0,0,0,0,0,0,0,0,0,0,0,0,0,0,0,0,0,0,0,0,0,0,0,0,0,0,0,0,0,0,0,0,0,0,0,0,0,0,0,0,0,0,0,0,0,0,0,0,0,0,0,0,0,0,0,0,0,0,0,0,0,0,0,0,0,0,0,0,0,0,0,0,0,0,0,0,0,0,0,0,0,0,0,0,0,0,0,0,0,0,0,0,0,0,0,0,0,0,0,0,0,0,0,0,0,0,0,0,0,0,0,0,0,0,0,0,0,0,0,0,0,0,0,0,0,0,0,0,0,0,0,0,0,0,0,0,0,0,0,0,0,0,0,0,0,0,0,0,0,0,0,0,0,0,0,0,0,0,0,0,0,0,0,0,0,0,0,0,0,0,0,0,0,0,0,0,0,0,0,0,0,0,0,0,0,0,0,0,0,0,0,0,0,0,0,0,381,-435,-433,12,26,35,45,55,56,60,60,44,24,0,-41,-73,-79,-83,-89,-65,-29,9,50,85,115,138,128,88,32,-25,-88,-148,-191,-196,-171,-122,-43,48,137,214,251,254,206,121,7,-126,-246,-323,-355,-323,-235,-98,52,205,338,417,411,332,200,22,-173,-346,-460,-502,-456,-304,-108,105,307,463,539,525,417,238,13,-234,-429,-546,-577,-519,-341,-102,143,365,525,582,529,405,202,-45,-272,-447,-550,-551,-439,-253,-33,189,371,483,494,402,242,48,-146,-307,-416,-446,-382,-252,-68,129,285,385,410,346,230,75,-96,-258,-353,-358,-301,-204,-67,98,242,328,0,277,171,28,-122,-227,-298,-307,-247,-145,-23,112,221,284,288,231,121,-9,-133,-228,-268,-246,-183,-90,20,139,236,266,228,155,52,-86,-203,-279,-297,-252,-172,-63,72,204,302,338,302,214,80,-76,-198,-290,-333,-307,-218,-97,28,154,252,295,289,242,139,8,-113,-202,-249,-247,-199,-122,-20,84,164,216,234,203,133,38,-55,-131,-194,-213,-189,-134,-61,19,85,143,178,169,141,109,46,-21,-80,-115,-145,-148,-119,-77,-48,-8,30,55,69,80,75,58,43,27,13,8,-7,-12,-22,-37,-57,-60,-62,-61,-58,-39,-15,15,29,41,55,81,97,98,-447,-450,0,0,0,0,0,0,0,0,0,0,0,0,0,0,0,0,0,0,0,0,0,0,0,0,0,0,0,0,0,0,0,0,0,0,0,0,0,0,0,0,0,0,0,0,0,0,0,0,0,0,0,0,0,0,0,0,0,0,0,0,0,0,0,0,0,0,0,0,0,0,0,0,0,0,0,0,0,0,0,0,0,0,0,0,0,0,0,0,0,0,0,0,0,0,0,0,0,0,0,0,0,0,0,0,0,0,0,0,0,0,0,0,0,0,0,0,0,0,0,0,0,0,0,0,0,0,0,0,0,0,0,0,0,0,0,0,0,0,0,0,0,0,0,0,0,0,0,0,0,0,0,0,0,0,0,0,0,0,0,0,0,0,0,0,0,0,0,0,0,0,0,0,0,0,0,0,0,0,0,0,0,0,0,0,0,0,0,0,0,0,0,0,0,0,0,0,0,0,0,0,0,0,0,0,0,0,0,0,0,0,0,0,0,0,0,0,0,0,0,0,0,0,0,0,0,0,0,0,0,0,0,0,0,0,0,0,0,0,0,0,0,0,0,0,0,0,0,0,0,0,0,0,0,0,0,0,-1037,-221,-205,-37,-31,-31,-22,-8,4,19,43,61,67,72,71,61,34,-6,-37,-65,-92,-113,-112,-79,-37,9,56,103,141,159,150,118,54,-22,-101,-174,-213,-227,-200,-127,-33,71,168,255,292,286,229,128,-9,-145,-275,-364,-385,-318,-203,-55,112,272,390,455,432,322,156,-47,-250,-418,-518,-528,-442,-270,-55,162,362,513,579,540,404,189,-58,-307,-500,-597,-582,-468,-278,-42,204,411,530,564,499,337,106,-134,-331,-462,-527,-493,-367,-164,54,255,393,464,449,351,165,-43,-224,-352,-420,-409,-313,-157,20,193,330,394,378,287,148,-19,-182,-309,-360,-325,-239,-122,0,163,272,329,304,215,103,-34,-163,-258,-292,-272,-192,-76,64,188,254,265,239,167,51,-81,-200,-261,-263,-226,-129,-3,123,233,286,276,214,97,-35,-155,-260,-315,-316,-256,-141,4,143,262,334,345,291,171,31,-103,-227,-310,-323,-281,-187,-68,50,168,253,276,254,188,81,-36,-145,-211,-224,-213,-163,-84,16,116,184,211,201,166,97,2,-91,-158,-198,-202,-170,-111,-34,39,94,137,166,148,121,92,45,-21,-74,-102,-104,-93,-87,-69,-35,-19,-8,16,41,48,49,53,57,47,45,42,31,12,-4,-36,-51,-62,-74,-86,-89,-80,-56,-30,-9,19,-271,-258
62106,mtk,MTK 7916,2151309458,rx0-tx0,512,0,0,0,0,0,0,0,0,0,0,0,0,0,0,0,0,0,0,0,0,0,0,0,0,0,0,0,0,0,0,0,0,0,0,0,0,0,0,0,0,0,0,0,0,0,0,0,0,0,0,0,0,0,0,0,0,0,0,0,0,0,0,0,0,0,0,0,0,0,0,0,0,0,0,0,0,0,0,0,0,0,0,0,0,0,0,0,0,0,0,0,0,0,0,0,0,0,0,0,0,0,0,0,0,0,0,0,0,0,0,0,0,0,0,0,0,0,0,0,0,0,0,0,0,0,0,0,0,0,0,0,0,0,0,0,0,0,0,0,0,0,0,0,0,0,0,0,0,0,0,0,0,0,0,0,0,0,0,0,0,0,0,0,0,0,0,0,0,0,0,0,0,0,0,0,0,0,0,0,0,0,0,0,0,0,0,0,0,0,0,0,0,0,0,0,0,0,0,0,0,0,0,0,0,0,0,0,0,0,0,0,0,0,0,0,0,0,0,0,0,0,0,0,0,0,0,0,0,0,0,0,0,0,0,0,0,0,0,0,0,0,0,0,0,0,0,0,0,0,0,0,0,0,0,0,0,-364,-596,-597,-358,-92,270,590,765,760,581,291,-55,-395,-660,-826,-858,-768,-566,-272,72,406,679,876,943,901,731,468,125,-230,-550,-808,-991,-1031,-931,-741,-461,-121,223,547,823,988,1049,1003,842,562,220,-130,-475,-787,-998,-1096,-1087,-974,-719,-405,-42,347,668,926,1091,1134,1037,829,553,200,-164,-515,-813,-995,-1080,-1054,-915,-687,-373,-26,293,579,794,912,943,886,746,539,280,0,-268,-507,-686,-818,-854,-809,-685,-504,-295,-47,202,427,621,766,801,771,647,469,261,21,-197,-398,-550,-647,-690,-663,-571,-439,-264,-70,113,265,398,491,552,573,550,491,385,255,93,-65,-250,-330,-519,-628,-691,-680,-608,-500,-307,-84,174,431,642,816,926,946,848,649,381,57,-283,-611,-896,-1088,-1175,-1148,-977,-703,-358,58,468,830,1117,1286,1321,1213,980,638,202,-253,-680,-1042,-1297,-1422,-1396,-1218,-901,-494,-40,429,865,1213,1421,1494,1417,1177,798,348,-161,-653,-1061,-1368,-1540,-1525,-1351,-1039,-606,-113,419,901,1289,1529,1600,1485,1212,817,311,-226,-757,-1189,-1489,-1615,-1556,-1306,-919,-417,133,670,1131,1459,1601,1539,1306,914,420,-140,-679,-1106,-1408,-1523,-1429,-1195,-783,-278,236,730,1105,1340,1404,1269,976,570,71,-420,-858,-1197,-1356,-1329,-1101,-680,-111,492,1023,1330,1324,1013,522,-604,-589,0,0,0,0,0,0,0,0,0,0,0,0,0,0,0,0,0,0,0,0,0,0,0,0,0,0,0,0,0,0,0,0,0,0,0,0,0,0,0,0,0,0,0,0,0,0,0,0,0,0,0,0,0,0,0,0,0,0,0,0,0,0,0,0,0,0,0,0,0,0,0,0,0,0,0,0,0,0,0,0,0,0,0,0,0,0,0,0,0,0,0,0,0,0,0,0,0,0,0,0,0,0,0,0,0,0,0,0,0,0,0,0,0,0,0,0,0,0,0,0,0,0,0,0,0,0,0,0,0,0,0,0,0,0,0,0,0,0,0,0,0,0,0,0,0,0,0,0,0,0,0,0,0,0,0,0,0,0,0,0,0,0,0,0,0,0,0,0,0,0,0,0,0,0,0,0,0,0,0,0,0,0,0,0,0,0,0,0,0,0,0,0,0,0,0,0,0,0,0,0,0,0,0,0,0,0,0,0,0,0,0,0,0,0,0,0,0,0,0,0,0,0,0,0,0,0,0,0,0,0,0,0,0,0,0,0,0,0,0,0,0,0,0,0,0,0,0,0,0,0,0,0,0,0,0,0,-49,161,174,435,625,642,459,136,-240,-565,-774,-846,-752,-533,-229,110,427,701,873,924,830,630,351,15,-329,-640,-868,-988,-966,-836,-607,-291,86,429,714,936,1028,1012,886,650,343,5,-347,-676,-934,-1059,-1083,-1001,-791,-479,-130,225,572,860,1041,1131,1085,915,659,320,-67,-450,-746,-975,-1105,-1102,-993,-763,-459,-123,231,558,819,989,1028,965,820,581,296,-5,-297,-549,-747,-865,-902,-842,-698,-513,-270,-11,234,471,633,764,815,772,668,500,275,26,-216,-437,-591,-701,-741,-694,-598,-438,-252,-48,157,338,480,587,619,596,538,448,307,168,-6,-161,-310,-434,-534,-581,-604,-583,-82,-382,-214,-12,197,384,564,713,790,812,728,573,366,103,-199,-502,-759,-950,-1045,-1035,-922,-692,-374,-21,363,726,1004,1197,1266,1183,989,674,275,-163,-590,-952,-1242,-1385,-1372,-1223,-945,-566,-115,359,794,1140,1356,1453,1406,1200,843,407,-60,-539,-971,-1294,-1481,-1527,-1387,-1109,-723,-233,294,763,1166,1443,1569,1533,1312,943,472,-52,-575,-1019,-1370,-1565,-1591,-1431,-1101,-642,-100,447,943,1330,1563,1610,1478,1153,701,143,-411,-910,-1294,-1527,-1569,-1399,-1065,-609,-64,454,906,1269,1441,1434,1254,893,447,-64,-561,-965,-1253,-1373,-1299,-1063,-661,-163,362,850,1233,1413,1330,985,409,-230,-789,-1084,138,143
62107,mtk,MTK 7916,2151309458,rx0-tx1,512,0,0,0,0,0,0,0,0,0,0,0,0,0,0,0,0,0,0,0,0,0,0,0,0,0,0,0,0,0,0,0,0,0,0,0,0,0,0,0,0,0,0,0,0,0,0,0,0,0,0,0,0,0,0,0,0,0,0,0,0,0,0,0,0,0,0,0,0,0,0,0,0,0,0,0,0,0,0,0,0,0,0,0,0,0,0,0,0,0,0,0,0,0,0,0,0,0,0,0,0,0,0,0,0,0,0,0,0,0,0,0,0,0,0,0,0,0,0,0,0,0,0,0,0,0,0,0,0,0,0,0,0,0,0,0,0,0,0,0,0,0,0,0,0,0,0,0,0,0,0,0,0,0,0,0,0,0,0,0,0,0,0,0,0,0,0,0,0,0,0,0,0,0,0,0,0,0,0,0,0,0,0,0,0,0,0,0,0,0,0,0,0,0,0,0,0,0,0,0,0,0,0,0,0,0,0,0,0,0,0,0,0,0,0,0,0,0,0,0,0,0,0,0,0,0,0,0,0,0,0,0,0,0,0,0,0,0,0,0,0,0,0,0,0,0,0,0,0,0,0,0,0,0,0,0,0,-449,-358,-381,379,200,-121,-460,-689,-770,-656,-413,-90,253,571,802,904,874,693,408,50,-339,-687,-966,-1099,-1063,-878,-557,-129,313,710,1034,1214,1211,1024,717,327,-104,-533,-852,-1081,-1152,-1067,-861,-559,-199,164,494,745,907,963,913,760,521,263,-24,-295,-521,-674,-756,-768,-695,-577,-395,-184,18,201,373,518,599,634,637,586,485,340,170,-18,-245,-447,-610,-735,-795,-767,-657,-470,-235,43,326,581,779,900,915,827,669,431,153,-146,-422,-653,-825,-902,-889,-801,-616,-375,-116,158,439,680,826,922,922,830,634,388,105,-187,-473,-725,-900,-986,-959,-845,-643,-370,-47,283,582,824,510,1023,965,810,567,277,-58,-361,-641,-847,-980,-1003,-929,-766,-522,-243,60,365,613,815,955,984,924,801,581,299,6,-310,-608,-838,-1023,-1113,-1097,-954,-732,-418,-38,356,746,1076,1302,1404,1363,1145,797,351,-169,-669,-1146,-1488,-1668,-1690,-1468,-1062,-540,79,711,1254,1659,1876,1860,1621,1167,573,-101,-766,-1337,-1737,-1940,-1886,-1605,-1118,-508,166,833,1372,1731,1879,1777,1463,964,357,-291,-919,-1407,-1684,-1769,-1585,-1199,-677,-65,541,1054,1411,1576,1501,1217,773,232,-300,-774,-1111,-1275,-1254,-1050,-696,-292,144,536,806,954,971,834,600,285,-81,-401,-656,-815,-822,-665,-393,-47,304,552,624,-233,-278,0,0,0,0,0,0,0,0,0,0,0,0,0,0,0,0,0,0,0,0,0,0,0,0,0,0,0,0,0,0,0,0,0,0,0,0,0,0,0,0,0,0,0,0,0,0,0,0,0,0,0,0,0,0,0,0,0,0,0,0,0,0,0,0,0,0,0,0,0,0,0,0,0,0,0,0,0,0,0,0,0,0,0,0,0,0,0,0,0,0,0,0,0,0,0,0,0,0,0,0,0,0,0,0,0,0,0,0,0,0,0,0,0,0,0,0,0,0,0,0,0,0,0,0,0,0,0,0,0,0,0,0,0,0,0,0,0,0,0,0,0,0,0,0,0,0,0,0,0,0,0,0,0,0,0,0,0,0,0,0,0,0,0,0,0,0,0,0,0,0,0,0,0,0,0,0,0,0,0,0,0,0,0,0,0,0,0,0,0,0,0,0,0,0,0,0,0,0,0,0,0,0,0,0,0,0,0,0,0,0,0,0,0,0,0,0,0,0,0,0,0,0,0,0,0,0,0,0,0,0,0,0,0,0,0,0,0,0,0,0,0,0,0,0,0,0,0,0,0,0,0,0,0,0,0,0,26,-1037,-1029,-325,-546,-636,-529,-263,88,436,686,818,811,661,380,43,-324,-649,-876,-1000,-958,-781,-480,-74,344,724,1019,1159,1121,949,639,224,-236,-651,-968,-1154,-1200,-1067,-785,-430,-14,376,709,950,1063,1045,906,673,379,49,-267,-545,-737,-838,-869,-795,-650,-449,-209,41,264,464,612,689,688,633,541,403,244,75,-100,-283,-443,-568,-647,-696,-675,-587,-434,-238,9,265,502,685,812,869,822,682,457,190,-111,-390,-625,-812,-914,-917,-820,-643,-400,-122,162,425,666,816,895,905,831,637,394,122,-184,-468,-704,-864,-942,-937,-844,-654,-391,-89,239,530,779,949,1016,969,832,606,-82,7,-329,-627,-852,-988,-1024,-951,-794,-548,-254,70,368,641,835,947,982,913,757,551,274,-34,-319,-588,-821,-953,-1016,-997,-857,-652,-373,-46,303,622,900,1125,1230,1215,1076,802,432,-1,-471,-911,-1251,-1498,-1562,-1454,-1172,-713,-181,400,976,1416,1704,1820,1698,1357,870,249,-403,-1015,-1513,-1837,-1934,-1784,-1412,-873,-224,469,1087,1566,1839,1902,1714,1303,744,94,-559,-1137,-1560,-1783,-1792,-1569,-1120,-549,92,728,1218,1554,1679,1565,1242,773,189,-404,-916,-1282,-1438,-1390,-1154,-756,-282,210,648,952,1110,1115,945,648,291,-96,-446,-707,-876,-889,-763,-542,-228,126,450,674,759,664,406,112,-1054,-1048
62108,mtk,MTK 7916,2151309458,rx1-tx0,512,0,0,0,0,0,0,0,0,0,0,0,0,0,0,0,0,0,0,0,0,0,0,0,0,0,0,0,0,0,0,0,0,0,0,0,0,0,0,0,0,0,0,0,0,0,0,0,0,0,0,0,0,0,0,0,0,0,0,0,0,0,0,0,0,0,0,0,0,0,0,0,0,0,0,0,0,0,0,0,0,0,0,0,0,0,0,0,0,0,0,0,0,0,0,0,0,0,0,0,0,0,0,0,0,0,0,0,0,0,0,0,0,0,0,0,0,0,0,0,0,0,0,0,0,0,0,0,0,0,0,0,0,0,0,0,0,0,0,0,0,0,0,0,0,0,0,0,0,0,0,0,0,0,0,0,0,0,0,0,0,0,0,0,0,0,0,0,0,0,0,0,0,0,0,0,0,0,0,0,0,0,0,0,0,0,0,0,0,0,0,0,0,0,0,0,0,0,0,0,0,0,0,0,0,0,0,0,0,0,0,0,0,0,0,0,0,0,0,0,0,0,0,0,0,0,0,0,0,0,0,0,0,0,0,0,0,0,0,0,0,0,0,0,0,0,0,0,0,0,0,0,0,0,0,0,0,98,520,527,-497,-316,26,409,722,880,829,613,261,-136,-526,-844,-1027,-1069,-936,-656,-265,206,652,1012,1246,1293,1144,837,383,-153,-660,-1099,-1375,-1448,-1321,-1007,-561,-43,487,933,1229,1376,1335,1110,774,356,-110,-536,-857,-1079,-1160,-1091,-931,-664,-326,-3,328,591,773,880,900,819,662,473,234,-29,-276,-479,-654,-755,-778,-742,-643,-476,-252,-6,252,480,658,789,819,780,635,423,184,-93,-365,-570,-703,-767,-730,-628,-447,-230,-11,206,391,533,584,581,522,409,265,119,-39,-159,-269,-343,-370,-362,-348,-300,-232,-145,-57,22,95,150,210,260,284,284,291,269,221,160,68,-20,-136,-686,-331,-388,-404,-393,-330,-241,-140,-9,122,258,375,445,492,478,417,308,170,9,-147,-309,-431,-514,-580,-570,-504,-378,-226,-42,159,332,507,614,675,672,604,455,258,22,-232,-476,-666,-808,-848,-786,-652,-413,-136,166,458,701,852,926,871,738,507,212,-94,-393,-638,-809,-897,-864,-751,-545,-274,-5,253,517,699,794,805,716,570,346,93,-141,-384,-552,-663,-703,-647,-531,-368,-155,52,250,414,513,566,555,494,391,254,96,-68,-218,-360,-471,-520,-533,-504,-389,-240,-41,168,362,528,620,658,608,451,221,-44,-342,-601,-754,-807,-716,-476,-121,264,619,815,782,575,498,501,0,0,0,0,0,0,0,0,0,0,0,0,0,0,0,0,0,0,0,0,0,0,0,0,0,0,0,0,0,0,0,0,0,0,0,0,0,0,0,0,0,0,0,0,0,0,0,0,0,0,0,0,0,0,0,0,0,0,0,0,0,0,0,0,0,0,0,0,0,0,0,0,0,0,0,0,0,0,0,0,0,0,0,0,0,0,0,0,0,0,0,0,0,0,0,0,0,0,0,0,0,0,0,0,0,0,0,0,0,0,0,0,0,0,0,0,0,0,0,0,0,0,0,0,0,0,0,0,0,0,0,0,0,0,0,0,0,0,0,0,0,0,0,0,0,0,0,0,0,0,0,0,0,0,0,0,0,0,0,0,0,0,0,0,0,0,0,0,0,0,0,0,0,0,0,0,0,0,0,0,0,0,0,0,0,0,0,0,0,0,0,0,0,0,0,0,0,0,0,0,0,0,0,0,0,0,0,0,0,0,0,0,0,0,0,0,0,0,0,0,0,0,0,0,0,0,0,0,0,0,0,0,0,0,0,0,0,0,0,0,0,0,0,0,0,0,0,0,0,0,0,0,0,0,0,0,-999,410,377,285,573,729,677,430,47,-356,-698,-918,-966,-864,-588,-224,191,604,929,1144,1183,1031,728,307,-194,-668,-1069,-1338,-1394,-1253,-928,-455,70,586,1031,1322,1444,1359,1069,662,189,-316,-749,-1072,-1262,-1285,-1129,-866,-526,-119,269,590,865,990,1021,949,768,534,245,-46,-326,-537,-700,-811,-835,-755,-637,-459,-232,3,232,449,646,768,807,762,632,454,225,-26,-294,-540,-702,-801,-811,-715,-532,-321,-75,168,383,558,648,682,633,527,351,156,-30,-201,-347,-441,-484,-478,-434,-355,-245,-127,-11,85,183,244,283,292,302,276,250,206,146,70,0,-71,-162,-232,-295,-336,-350,-349,9,-219,-101,14,139,252,341,408,442,430,382,284,171,26,-133,-279,-406,-489,-528,-512,-456,-331,-204,-43,147,319,469,558,621,602,542,412,241,52,-167,-386,-579,-706,-768,-749,-641,-466,-230,56,324,578,783,886,897,796,587,323,19,-291,-555,-778,-891,-910,-827,-644,-407,-106,195,460,687,815,839,804,669,441,186,-88,-332,-537,-691,-740,-728,-632,-455,-246,2,232,415,546,633,634,579,442,284,105,-75,-239,-382,-479,-525,-520,-468,-375,-229,-74,80,252,419,529,599,584,504,345,142,-87,-337,-555,-688,-740,-680,-497,-227,88,433,710,856,824,612,233,-182,-489,466,440
62109,mtk,MTK 7916,2151309458,rx1-tx1,512,0,0,0,0,0,0,0,0,0,0,0,0,0,0,0,0,0,0,0,0,0,0,0,0,0,0,0,0,0,0,0,0,0,0,0,0,0,0,0,0,0,0,0,0,0,0,0,0,0,0,0,0,0,0,0,0,0,0,0,0,0,0,0,0,0,0,0,0,0,0,0,0,0,0,0,0,0,0,0,0,0,0,0,0,0,0,0,0,0,0,0,0,0,0,0,0,0,0,0,0,0,0,0,0,0,0,0,0,0,0,0,0,0,0,0,0,0,0,0,0,0,0,0,0,0,0,0,0,0,0,0,0,0,0,0,0,0,0,0,0,0,0,0,0,0,0,0,0,0,0,0,0,0,0,0,0,0,0,0,0,0,0,0,0,0,0,0,0,0,0,0,0,0,0,0,0,0,0,0,0,0,0,0,0,0,0,0,0,0,0,0,0,0,0,0,0,0,0,0,0,0,0,0,0,0,0,0,0,0,0,0,0,0,0,0,0,0,0,0,0,0,0,0,0,0,0,0,0,0,0,0,0,0,0,0,0,0,0,0,0,0,0,0,0,0,0,0,0,0,0,0,0,0,0,0,0,-282,-516,-554,137,111,82,39,-32,-113,-178,-226,-260,-256,-216,-146,-49,61,163,231,273,271,208,106,-14,-134,-230,-290,-305,-269,-159,-18,134,278,371,385,316,191,40,-138,-312,-440,-472,-421,-285,-82,148,348,490,553,509,350,114,-148,-385,-561,-638,-587,-423,-165,127,406,623,726,680,513,247,-75,-389,-647,-792,-769,-592,-309,31,376,652,801,809,650,356,-12,-370,-646,-797,-804,-655,-375,-17,337,618,775,791,641,356,4,-334,-605,-755,-756,-600,-326,11,329,575,713,704,546,287,-28,-327,-550,-672,-653,-480,-223,64,338,549,635,583,398,144,-128,-365,-531,-582,-513,-328,0,194,401,528,538,427,228,-31,-298,-480,-549,-502,-344,-109,156,391,549,580,488,287,16,-270,-514,-656,-642,-496,-251,60,371,613,742,720,540,241,-109,-458,-728,-847,-794,-580,-243,148,513,791,906,845,621,255,-176,-572,-844,-958,-900,-651,-270,160,551,846,986,929,688,317,-114,-527,-831,-975,-923,-696,-339,72,479,793,950,918,706,362,-29,-425,-748,-920,-897,-702,-383,6,390,719,902,902,737,444,63,-316,-640,-849,-905,-793,-555,-218,161,520,779,889,842,669,381,40,-304,-595,-784,-832,-739,-542,-273,41,355,602,742,776,708,551,332,80,-165,-366,-490,-565,-409,-445,0,0,0,0,0,0,0,0,0,0,0,0,0,0,0,0,0,0,0,0,0,0,0,0,0,0,0,0,0,0,0,0,0,0,0,0,0,0,0,0,0,0,0,0,0,0,0,0,0,0,0,0,0,0,0,0,0,0,0,0,0,0,0,0,0,0,0,0,0,0,0,0,0,0,0,0,0,0,0,0,0,0,0,0,0,0,0,0,0,0,0,0,0,0,0,0,0,0,0,0,0,0,0,0,0,0,0,0,0,0,0,0,0,0,0,0,0,0,0,0,0,0,0,0,0,0,0,0,0,0,0,0,0,0,0,0,0,0,0,0,0,0,0,0,0,0,0,0,0,0,0,0,0,0,0,0,0,0,0,0,0,0,0,0,0,0,0,0,0,0,0,0,0,0,0,0,0,0,0,0,0,0,0,0,0,0,0,0,0,0,0,0,0,0,0,0,0,0,0,0,0,0,0,0,0,0,0,0,0,0,0,0,0,0,0,0,0,0,0,0,0,0,0,0,0,0,0,0,0,0,0,0,0,0,0,0,0,0,0,0,0,0,0,0,0,0,0,0,0,0,0,0,0,0,0,0,288,-766,-754,110,155,200,232,246,229,180,105,25,-66,-154,-226,-270,-267,-224,-137,-24,86,186,262,294,267,192,73,-67,-187,-287,-348,-330,-248,-117,57,227,352,422,413,322,161,-41,-245,-412,-500,-497,-403,-234,-1,248,450,565,575,485,285,22,-257,-497,-642,-666,-566,-354,-58,255,532,714,760,662,428,112,-224,-519,-735,-811,-726,-486,-158,204,530,755,827,749,521,179,-184,-501,-734,-825,-742,-525,-205,155,477,702,786,711,498,185,-165,-476,-688,-754,-672,-454,-141,180,457,645,705,616,397,116,-183,-452,-614,-635,-543,-334,-53,221,450,589,593,458,234,-27,-278,-477,0,-538,-386,-151,116,357,515,551,465,282,31,-227,-441,-550,-539,-413,-193,74,334,535,620,562,370,108,-182,-458,-653,-713,-622,-401,-82,279,585,770,797,675,409,55,-331,-661,-854,-877,-734,-446,-53,357,690,892,934,785,471,49,-356,-702,-923,-959,-804,-507,-101,339,706,924,971,831,524,120,-310,-667,-895,-959,-837,-544,-146,278,638,863,920,803,539,165,-238,-598,-836,-918,-827,-579,-215,191,556,804,919,873,652,313,-63,-435,-731,-888,-894,-745,-461,-101,260,569,781,866,810,620,326,-15,-338,-604,-762,-804,-725,-529,-265,34,325,565,711,776,742,630,471,269,-826,-801
62110,mtk,MTK 7916,2151309458,rx2-tx0,512,0,0,0,0,0,0,0,0,0,0,0,0,0,0,0,0,0,0,0,0,0,0,0,0,0,0,0,0,0,0,0,0,0,0,0,0,0,0,0,0,0,0,0,0,0,0,0,0,0,0,0,0,0,0,0,0,0,0,0,0,0,0,0,0,0,0,0,0,0,0,0,0,0,0,0,0,0,0,0,0,0,0,0,0,0,0,0,0,0,0,0,0,0,0,0,0,0,0,0,0,0,0,0,0,0,0,0,0,0,0,0,0,0,0,0,0,0,0,0,0,0,0,0,0,0,0,0,0,0,0,0,0,0,0,0,0,0,0,0,0,0,0,0,0,0,0,0,0,0,0,0,0,0,0,0,0,0,0,0,0,0,0,0,0,0,0,0,0,0,0,0,0,0,0,0,0,0,0,0,0,0,0,0,0,0,0,0,0,0,0,0,0,0,0,0,0,0,0,0,0,0,0,0,0,0,0,0,0,0,0,0,0,0,0,0,0,0,0,0,0,0,0,0,0,0,0,0,0,0,0,0,0,0,0,0,0,0,0,0,0,0,0,0,0,0,0,0,0,0,0,0,0,0,0,0,0,794,-1247,-1242,-123,-145,-150,-142,-116,-79,-24,36,103,151,182,185,170,120,54,-22,-102,-167,-206,-215,-190,-133,-57,40,124,185,209,205,155,77,-10,-96,-163,-203,-201,-164,-92,4,100,160,196,201,155,79,-22,-119,-187,-232,-226,-174,-79,37,141,214,267,257,190,105,-10,-127,-212,-270,-270,-209,-116,-23,84,186,243,243,195,108,20,-86,-173,-220,-211,-167,-97,-18,79,150,191,195,163,90,0,-89,-149,-173,-158,-120,-60,3,49,108,146,144,116,70,8,-54,-80,-88,-90,-77,-43,-12,7,19,27,23,15,3,-14,-22,-14,3,47,78,85,73,45,-9,-63,0,-117,-110,-85,-36,24,82,143,173,179,154,96,12,-89,-178,-221,-232,-204,-146,-49,65,162,223,260,244,180,84,-26,-130,-203,-241,-226,-168,-77,34,136,208,235,212,149,69,-28,-118,-189,-219,-199,-154,-67,28,110,166,186,166,116,45,-40,-115,-151,-150,-126,-73,11,93,148,161,150,106,42,-31,-106,-166,-194,-180,-137,-66,21,93,142,164,168,147,97,29,-38,-98,-140,-151,-124,-75,-22,25,60,74,54,33,14,-21,-51,-56,-53,-34,7,57,105,136,141,117,72,7,-65,-147,-202,-217,-211,-181,-127,-53,39,127,199,247,274,275,249,201,135,-1201,-1206,0,0,0,0,0,0,0,0,0,0,0,0,0,0,0,0,0,0,0,0,0,0,0,0,0,0,0,0,0,0,0,0,0,0,0,0,0,0,0,0,0,0,0,0,0,0,0,0,0,0,0,0,0,0,0,0,0,0,0,0,0,0,0,0,0,0,0,0,0,0,0,0,0,0,0,0,0,0,0,0,0,0,0,0,0,0,0,0,0,0,0,0,0,0,0,0,0,0,0,0,0,0,0,0,0,0,0,0,0,0,0,0,0,0,0,0,0,0,0,0,0,0,0,0,0,0,0,0,0,0,0,0,0,0,0,0,0,0,0,0,0,0,0,0,0,0,0,0,0,0,0,0,0,0,0,0,0,0,0,0,0,0,0,0,0,0,0,0,0,0,0,0,0,0,0,0,0,0,0,0,0,0,0,0,0,0,0,0,0,0,0,0,0,0,0,0,0,0,0,0,0,0,0,0,0,0,0,0,0,0,0,0,0,0,0,0,0,0,0,0,0,0,0,0,0,0,0,0,0,0,0,0,0,0,0,0,0,0,0,0,0,0,0,0,0,0,0,0,0,0,0,0,0,0,0,0,572,-254,-216,43,3,-36,-78,-127,-171,-185,-181,-167,-124,-48,29,102,161,194,197,174,126,54,-32,-122,-190,-220,-207,-167,-106,-24,72,150,198,205,175,121,37,-59,-142,-188,-186,-174,-129,-32,74,156,210,225,193,121,21,-83,-175,-234,-252,-220,-140,-28,74,179,242,257,221,153,62,-50,-151,-222,-255,-231,-171,-84,36,142,204,226,207,160,72,-36,-121,-174,-200,-191,-135,-50,41,121,164,171,139,93,46,-21,-101,-153,-175,-162,-120,-49,26,74,106,125,117,82,47,5,-39,-60,-57,-50,-33,-16,-4,-2,-8,-16,-15,-38,-51,-43,-21,15,56,87,93,86,0,6,-43,-90,-140,-163,-136,-95,-32,43,115,174,210,194,154,86,-5,-112,-200,-235,-225,-177,-90,10,100,189,247,248,192,109,9,-91,-184,-231,-228,-186,-117,-23,74,170,225,236,204,134,32,-68,-148,-188,-201,-175,-118,-46,38,123,172,161,107,52,-8,-81,-131,-144,-125,-87,-20,61,123,158,167,138,86,21,-69,-138,-167,-175,-158,-109,-40,20,100,152,170,151,114,61,-1,-50,-79,-101,-100,-65,-27,9,35,55,57,35,-15,-55,-79,-100,-99,-77,-24,35,92,136,181,193,165,114,32,-54,-135,-207,-255,-264,-251,-195,-116,-34,42,122,181,223,-385,-343
62111,mtk,MTK 7916,2151309458,rx2-tx1,512,0,0,0,0,0,0,0,0,0,0,0,0,0,0,0,0,0,0,0,0,0,0,0,0,0,0,0,0,0,0,0,0,0,0,0,0,0,0,0,0,0,0,0,0,0,0,0,0,0,0,0,0,0,0,0,0,0,0,0,0,0,0,0,0,0,0,0,0,0,0,0,0,0,0,0,0,0,0,0,0,0,0,0,0,0,0,0,0,0,0,0,0,0,0,0,0,0,0,0,0,0,0,0,0,0,0,0,0,0,0,0,0,0,0,0,0,0,0,0,0,0,0,0,0,0,0,0,0,0,0,0,0,0,0,0,0,0,0,0,0,0,0,0,0,0,0,0,0,0,0,0,0,0,0,0,0,0,0,0,0,0,0,0,0,0,0,0,0,0,0,0,0,0,0,0,0,0,0,0,0,0,0,0,0,0,0,0,0,0,0,0,0,0,0,0,0,0,0,0,0,0,0,0,0,0,0,0,0,0,0,0,0,0,0,0,0,0,0,0,0,0,0,0,0,0,0,0,0,0,0,0,0,0,0,0,0,0,0,0,0,0,0,0,0,0,0,0,0,0,0,0,0,0,0,0,0,381,-435,-433,-6,-17,-12,3,17,31,45,63,75,68,46,30,20,-10,-54,-96,-106,-103,-87,-62,-19,36,90,122,143,141,119,72,7,-64,-123,-190,-219,-208,-162,-79,29,131,223,286,294,259,167,34,-94,-214,-316,-361,-345,-277,-142,20,182,321,412,428,374,255,75,-129,-306,-443,-512,-484,-371,-185,45,263,435,543,555,466,297,77,-166,-386,-533,-582,-546,-408,-185,62,287,463,559,547,453,264,36,-200,-395,-512,-530,-462,-301,-88,132,308,426,472,421,287,102,-86,-265,-400,-446,-392,-266,-101,71,233,356,394,348,245,96,-62,-202,-305,-350,-325,-224,-84,68,0,288,309,283,189,46,-87,-191,-280,-297,-248,-167,-46,99,205,267,268,226,130,10,-109,-209,-258,-249,-205,-107,22,141,229,267,261,196,86,-50,-177,-265,-300,-283,-211,-98,27,162,281,327,312,247,130,-21,-149,-250,-301,-310,-260,-161,-37,89,197,265,278,246,167,65,-52,-161,-222,-237,-220,-157,-59,42,126,188,213,203,164,95,-4,-88,-150,-197,-208,-166,-102,-50,26,110,157,162,153,126,82,28,-25,-74,-111,-125,-122,-98,-68,-32,-7,16,37,59,59,57,58,50,40,37,20,1,-8,-25,-38,-50,-66,-71,-71,-63,-44,-20,-3,14,34,47,-447,-450,0,0,0,0,0,0,0,0,0,0,0,0,0,0,0,0,0,0,0,0,0,0,0,0,0,0,0,0,0,0,0,0,0,0,0,0,0,0,0,0,0,0,0,0,0,0,0,0,0,0,0,0,0,0,0,0,0,0,0,0,0,0,0,0,0,0,0,0,0,0,0,0,0,0,0,0,0,0,0,0,0,0,0,0,0,0,0,0,0,0,0,0,0,0,0,0,0,0,0,0,0,0,0,0,0,0,0,0,0,0,0,0,0,0,0,0,0,0,0,0,0,0,0,0,0,0,0,0,0,0,0,0,0,0,0,0,0,0,0,0,0,0,0,0,0,0,0,0,0,0,0,0,0,0,0,0,0,0,0,0,0,0,0,0,0,0,0,0,0,0,0,0,0,0,0,0,0,0,0,0,0,0,0,0,0,0,0,0,0,0,0,0,0,0,0,0,0,0,0,0,0,0,0,0,0,0,0,0,0,0,0,0,0,0,0,0,0,0,0,0,0,0,0,0,0,0,0,0,0,0,0,0,0,0,0,0,0,0,0,0,0,0,0,0,0,0,0,0,0,0,0,0,0,0,0,0,-1037,-221,-205,-41,-39,-50,-56,-47,-38,-28,-4,17,30,44,62,77,78,61,44,22,-26,-67,-96,-118,-125,-102,-61,2,60,114,151,178,169,126,59,-6,-83,-164,-213,-232,-225,-172,-61,59,172,257,311,323,263,151,11,-143,-285,-373,-404,-361,-249,-91,79,254,393,464,466,381,223,22,-190,-380,-498,-529,-476,-344,-142,101,326,494,573,552,426,233,-6,-250,-444,-564,-588,-500,-321,-106,136,357,501,543,502,370,175,-57,-254,-420,-502,-477,-359,-193,6,206,363,447,441,345,194,9,-174,-322,-397,-392,-314,-176,-8,160,291,360,359,305,185,14,-142,-249,-317,-333,0,-144,-7,129,237,292,290,222,108,-20,-153,-244,-289,-276,-200,-80,38,153,231,273,248,165,49,-74,-189,-258,-266,-215,-147,-32,98,210,286,305,242,144,23,-105,-231,-308,-320,-277,-188,-53,96,221,306,323,296,223,105,-30,-158,-255,-301,-283,-207,-107,7,123,201,241,248,200,110,6,-96,-175,-208,-207,-182,-118,-31,59,149,201,211,181,127,49,-34,-104,-160,-193,-181,-140,-80,-15,43,91,136,153,148,115,68,25,-9,-50,-77,-84,-84,-81,-66,-45,-20,-3,2,12,34,45,51,55,55,40,41,36,18,-9,-27,-46,-63,-81,-96,-90,-74,-64,-271,-258
62112,mtk,MTK 7916,2151356094,rx0-tx0,512,0,0,0,0,0,0,0,0,0,0,0,0,0,0,0,0,0,0,0,0,0,0,0,0,0,0,0,0,0,0,0,0,0,0,0,0,0,0,0,0,0,0,0,0,0,0,0,0,0,0,0,0,0,0,0,0,0,0,0,0,0,0,0,0,0,0,0,0,0,0,0,0,0,0,0,0,0,0,0,0,0,0,0,0,0,0,0,0,0,0,0,0,0,0,0,0,0,0,0,0,0,0,0,0,0,0,0,0,0,0,0,0,0,0,0,0,0,0,0,0,0,0,0,0,0,0,0,0,0,0,0,0,0,0,0,0,0,0,0,0,0,0,0,0,0,0,0,0,0,0,0,0,0,0,0,0,0,0,0,0,0,0,0,0,0,0,0,0,0,0,0,0,0,0,0,0,0,0,0,0,0,0,0,0,0,0,0,0,0,0,0,0,0,0,0,0,0,0,0,0,0,0,0,0,0,0,0,0,0,0,0,0,0,0,0,0,0,0,0,0,0,0,0,0,0,0,0,0,0,0,0,0,0,0,0,0,0,0,0,0,0,0,0,0,0,0,0,0,0,0,0,0,0,0,0,0,-364,-596,-597,-472,-321,-28,317,609,787,822,730,523,251,-55,-364,-616,-803,-917,-909,-808,-619,-370,-81,218,500,758,925,1013,991,875,701,445,137,-174,-456,-716,-917,-1029,-1040,-994,-875,-649,-370,-71,237,510,769,969,1088,1122,1056,908,698,429,116,-211,-509,-773,-988,-1106,-1144,-1078,-952,-748,-477,-172,146,441,709,902,1021,1077,1027,910,723,487,220,-46,-298,-525,-693,-832,-915,-906,-832,-722,-568,-378,-185,32,251,447,606,727,788,810,767,674,536,346,150,-53,-241,-411,-565,-666,-701,-717,-668,-592,-476,-324,-167,2,164,305,407,494,551,587,577,545,495,413,309,188,55,-98,-330,-340,-485,-593,-671,-713,-715,-666,-566,-433,-253,-27,199,442,647,836,971,1028,1006,907,738,515,226,-87,-418,-717,-966,-1161,-1250,-1245,-1157,-984,-711,-387,-19,352,715,1028,1233,1363,1406,1324,1154,883,528,145,-248,-631,-973,-1233,-1411,-1474,-1423,-1271,-1034,-704,-303,116,520,896,1216,1432,1541,1545,1410,1168,850,428,-8,-452,-875,-1204,-1456,-1596,-1594,-1465,-1218,-856,-421,38,498,930,1284,1527,1634,1581,1414,1129,726,261,-217,-681,-1059,-1363,-1536,-1549,-1439,-1189,-834,-406,59,494,890,1203,1391,1440,1356,1132,810,410,-18,-447,-833,-1128,-1329,-1385,-1268,-1012,-606,-116,407,909,1262,1361,1189,837,-604,-589,0,0,0,0,0,0,0,0,0,0,0,0,0,0,0,0,0,0,0,0,0,0,0,0,0,0,0,0,0,0,0,0,0,0,0,0,0,0,0,0,0,0,0,0,0,0,0,0,0,0,0,0,0,0,0,0,0,0,0,0,0,0,0,0,0,0,0,0,0,0,0,0,0,0,0,0,0,0,0,0,0,0,0,0,0,0,0,0,0,0,0,0,0,0,0,0,0,0,0,0,0,0,0,0,0,0,0,0,0,0,0,0,0,0,0,0,0,0,0,0,0,0,0,0,0,0,0,0,0,0,0,0,0,0,0,0,0,0,0,0,0,0,0,0,0,0,0,0,0,0,0,0,0,0,0,0,0,0,0,0,0,0,0,0,0,0,0,0,0,0,0,0,0,0,0,0,0,0,0,0,0,0,0,0,0,0,0,0,0,0,0,0,0,0,0,0,0,0,0,0,0,0,0,0,0,0,0,0,0,0,0,0,0,0,0,0,0,0,0,0,0,0,0,0,0,0,0,0,0,0,0,0,0,0,0,0,0,0,0,0,0,0,0,0,0,0,0,0,0,0,0,0,0,0,0,0,-49,161,174,295,550,707,692,514,223,-107,-421,-671,-819,-875,-806,-643,-420,-134,173,458,706,871,959,948,850,655,388,89,-229,-515,-762,-954,-1040,-1021,-936,-775,-537,-238,68,348,633,869,1017,1089,1061,965,781,524,239,-68,-374,-660,-884,-1054,-1143,-1128,-1019,-848,-589,-297,26,346,622,863,1031,1105,1104,1007,837,604,340,50,-252,-517,-735,-889,-976,-990,-942,-808,-627,-431,-184,58,276,479,653,768,837,849,804,699,546,372,173,-33,-241,-432,-597,-707,-750,-758,-718,-634,-499,-314,-143,32,214,364,498,588,639,650,615,531,441,342,220,86,-65,-188,-310,-410,-491,-545,-588,-594,-82,-533,-444,-314,-167,4,183,373,546,684,816,866,867,811,682,504,258,-16,-303,-573,-805,-988,-1106,-1146,-1108,-970,-760,-467,-131,220,554,877,1120,1270,1337,1307,1178,938,620,278,-116,-493,-833,-1134,-1340,-1440,-1430,-1313,-1092,-797,-436,-33,378,765,1084,1346,1494,1522,1440,1249,958,584,179,-263,-698,-1056,-1351,-1534,-1577,-1527,-1338,-1039,-669,-221,238,669,1067,1379,1573,1626,1551,1348,1014,606,130,-346,-781,-1165,-1446,-1586,-1594,-1450,-1173,-801,-344,134,571,975,1276,1470,1507,1404,1167,828,418,-13,-449,-844,-1145,-1326,-1373,-1291,-1077,-760,-364,99,562,970,1268,1402,1355,1096,626,43,-523,-891,138,143
62113,mtk,MTK 7916,2151356094,rx0-tx1,512,0,0,0,0,0,0,0,0,0,0,0,0,0,0,0,0,0,0,0,0,0,0,0,0,0,0,0,0,0,0,0,0,0,0,0,0,0,0,0,0,0,0,0,0,0,0,0,0,0,0,0,0,0,0,0,0,0,0,0,0,0,0,0,0,0,0,0,0,0,0,0,0,0,0,0,0,0,0,0,0,0,0,0,0,0,0,0,0,0,0,0,0,0,0,0,0,0,0,0,0,0,0,0,0,0,0,0,0,0,0,0,0,0,0,0,0,0,0,0,0,0,0,0,0,0,0,0,0,0,0,0,0,0,0,0,0,0,0,0,0,0,0,0,0,0,0,0,0,0,0,0,0,0,0,0,0,0,0,0,0,0,0,0,0,0,0,0,0,0,0,0,0,0,0,0,0,0,0,0,0,0,0,0,0,0,0,0,0,0,0,0,0,0,0,0,0,0,0,0,0,0,0,0,0,0,0,0,0,0,0,0,0,0,0,0,0,0,0,0,0,0,0,0,0,0,0,0,0,0,0,0,0,0,0,0,0,0,0,0,0,0,0,0,0,0,0,0,0,0,0,0,0,0,0,0,0,-449,-358,-381,474,384,148,-163,-466,-691,-793,-765,-630,-395,-106,207,499,750,914,977,924,763,506,187,-167,-524,-845,-1068,-1178,-1148,-996,-745,-419,-29,368,713,986,1161,1216,1142,969,701,376,41,-298,-599,-828,-962,-1018,-1001,-873,-685,-489,-238,18,242,451,635,724,785,787,715,627,482,318,146,-15,-183,-343,-454,-534,-599,-649,-643,-616,-565,-460,-328,-170,12,203,397,568,721,803,833,818,721,564,348,109,-140,-372,-580,-748,-840,-900,-885,-790,-649,-473,-250,-8,216,435,626,769,857,892,865,775,624,440,221,-22,-269,-496,-686,-847,-949,-956,-925,-819,-640,-414,-153,114,384,630,510,933,982,982,887,736,548,294,27,-224,-458,-660,-820,-928,-956,-923,-839,-693,-498,-280,-43,206,426,635,808,920,984,994,917,790,629,397,112,-174,-467,-762,-1002,-1177,-1277,-1290,-1206,-1033,-728,-357,40,460,857,1215,1499,1642,1656,1509,1233,845,363,-165,-680,-1169,-1548,-1797,-1897,-1814,-1560,-1170,-658,-91,478,1011,1452,1765,1917,1880,1665,1319,841,285,-290,-833,-1292,-1604,-1786,-1797,-1631,-1305,-857,-341,197,732,1154,1477,1642,1622,1441,1125,684,195,-302,-749,-1103,-1327,-1377,-1289,-1064,-736,-349,41,418,715,915,1014,991,855,654,388,76,-218,-483,-695,-801,-805,-690,-466,-176,139,412,541,-233,-278,0,0,0,0,0,0,0,0,0,0,0,0,0,0,0,0,0,0,0,0,0,0,0,0,0,0,0,0,0,0,0,0,0,0,0,0,0,0,0,0,0,0,0,0,0,0,0,0,0,0,0,0,0,0,0,0,0,0,0,0,0,0,0,0,0,0,0,0,0,0,0,0,0,0,0,0,0,0,0,0,0,0,0,0,0,0,0,0,0,0,0,0,0,0,0,0,0,0,0,0,0,0,0,0,0,0,0,0,0,0,0,0,0,0,0,0,0,0,0,0,0,0,0,0,0,0,0,0,0,0,0,0,0,0,0,0,0,0,0,0,0,0,0,0,0,0,0,0,0,0,0,0,0,0,0,0,0,0,0,0,0,0,0,0,0,0,0,0,0,0,0,0,0,0,0,0,0,0,0,0,0,0,0,0,0,0,0,0,0,0,0,0,0,0,0,0,0,0,0,0,0,0,0,0,0,0,0,0,0,0,0,0,0,0,0,0,0,0,0,0,0,0,0,0,0,0,0,0,0,0,0,0,0,0,0,0,0,0,0,0,0,0,0,0,0,0,0,0,0,0,0,0,0,0,0,0,26,-1037,-1029,-179,-441,-634,-686,-580,-352,-42,270,548,752,861,854,756,554,275,-45,-377,-671,-901,-1039,-1071,-987,-781,-471,-102,295,658,950,1152,1233,1169,996,718,375,-6,-374,-695,-945,-1086,-1129,-1083,-934,-702,-421,-123,171,448,642,795,898,903,838,735,558,343,160,-66,-248,-409,-552,-628,-666,-668,-640,-574,-473,-359,-238,-86,80,206,363,510,630,719,751,746,672,558,390,171,-41,-271,-498,-688,-822,-897,-895,-821,-694,-503,-292,-57,208,433,615,757,858,883,853,773,637,443,218,-8,-237,-462,-655,-802,-893,-925,-895,-790,-645,-466,-211,40,292,547,744,888,976,984,921,779,-82,348,93,-172,-437,-650,-834,-953,-984,-942,-849,-702,-506,-279,-22,219,448,649,799,890,941,918,848,737,551,336,100,-161,-424,-649,-855,-1024,-1116,-1120,-1072,-933,-711,-434,-99,269,614,954,1230,1401,1483,1443,1280,1006,611,164,-319,-799,-1214,-1552,-1750,-1794,-1689,-1438,-1026,-542,10,572,1082,1499,1789,1913,1857,1637,1267,777,211,-381,-913,-1359,-1695,-1864,-1857,-1677,-1331,-870,-340,221,761,1218,1551,1719,1740,1568,1245,821,298,-239,-720,-1134,-1409,-1520,-1481,-1272,-951,-520,-60,368,742,1013,1155,1185,1072,835,543,203,-135,-432,-667,-830,-884,-839,-705,-486,-197,108,403,624,737,712,533,299,-1054,-1048
62114,mtk,MTK 7916,2151356094,rx1-tx0,512,0,0,0,0,0,0,0,0,0,0,0,0,0,0,0,0,0,0,0,0,0,0,0,0,0,0,0,0,0,0,0,0,0,0,0,0,0,0,0,0,0,0,0,0,0,0,0,0,0,0,0,0,0,0,0,0,0,0,0,0,0,0,0,0,0,0,0,0,0,0,0,0,0,0,0,0,0,0,0,0,0,0,0,0,0,0,0,0,0,0,0,0,0,0,0,0,0,0,0,0,0,0,0,0,0,0,0,0,0,0,0,0,0,0,0,0,0,0,0,0,0,0,0,0,0,0,0,0,0,0,0,0,0,0,0,0,0,0,0,0,0,0,0,0,0,0,0,0,0,0,0,0,0,0,0,0,0,0,0,0,0,0,0,0,0,0,0,0,0,0,0,0,0,0,0,0,0,0,0,0,0,0,0,0,0,0,0,0,0,0,0,0,0,0,0,0,0,0,0,0,0,0,0,0,0,0,0,0,0,0,0,0,0,0,0,0,0,0,0,0,0,0,0,0,0,0,0,0,0,0,0,0,0,0,0,0,0,0,0,0,0,0,0,0,0,0,0,0,0,0,0,0,0,0,0,0,98,520,527,-587,-522,-296,47,406,701,881,920,806,584,296,-77,-431,-745,-1005,-1144,-1157,-1031,-788,-438,-13,422,828,1160,1363,1421,1319,1067,705,235,-243,-678,-1060,-1333,-1452,-1425,-1256,-975,-589,-168,241,612,927,1132,1206,1206,1096,886,634,338,24,-283,-544,-719,-845,-909,-921,-857,-734,-581,-383,-179,34,245,429,589,709,774,806,766,688,550,376,183,-47,-272,-474,-642,-760,-821,-806,-729,-599,-426,-219,11,223,406,556,659,704,673,601,496,351,184,23,-109,-238,-343,-410,-444,-443,-418,-364,-312,-224,-144,-62,17,81,142,178,225,248,269,277,272,274,265,238,195,132,44,-45,-686,-217,-301,-354,-399,-410,-405,-370,-307,-220,-118,3,130,251,364,450,494,512,501,455,376,272,131,-24,-170,-319,-444,-545,-608,-632,-611,-560,-464,-313,-153,22,237,445,610,719,803,834,780,657,482,242,-20,-269,-528,-728,-861,-924,-909,-825,-677,-465,-212,54,318,552,737,842,882,862,777,630,418,190,-61,-299,-497,-658,-762,-794,-780,-685,-533,-351,-143,53,239,420,557,655,678,635,564,439,313,153,-18,-162,-289,-407,-481,-541,-551,-501,-448,-365,-235,-102,47,227,390,515,611,648,625,542,396,191,-49,-281,-500,-682,-789,-798,-697,-482,-177,171,508,752,819,702,498,501,0,0,0,0,0,0,0,0,0,0,0,0,0,0,0,0,0,0,0,0,0,0,0,0,0,0,0,0,0,0,0,0,0,0,0,0,0,0,0,0,0,0,0,0,0,0,0,0,0,0,0,0,0,0,0,0,0,0,0,0,0,0,0,0,0,0,0,0,0,0,0,0,0,0,0,0,0,0,0,0,0,0,0,0,0,0,0,0,0,0,0,0,0,0,0,0,0,0,0,0,0,0,0,0,0,0,0,0,0,0,0,0,0,0,0,0,0,0,0,0,0,0,0,0,0,0,0,0,0,0,0,0,0,0,0,0,0,0,0,0,0,0,0,0,0,0,0,0,0,0,0,0,0,0,0,0,0,0,0,0,0,0,0,0,0,0,0,0,0,0,0,0,0,0,0,0,0,0,0,0,0,0,0,0,0,0,0,0,0,0,0,0,0,0,0,0,0,0,0,0,0,0,0,0,0,0,0,0,0,0,0,0,0,0,0,0,0,0,0,0,0,0,0,0,0,0,0,0,0,0,0,0,0,0,0,0,0,0,0,0,0,0,0,0,0,0,0,0,0,0,0,0,0,0,0,0,-999,410,377,127,431,694,808,743,527,213,-154,-507,-777,-976,-1044,-969,-793,-505,-148,249,629,958,1194,1294,1249,1076,765,353,-114,-592,-995,-1303,-1472,-1448,-1301,-1038,-644,-188,269,694,1031,1265,1360,1328,1183,924,572,221,-120,-461,-741,-935,-1054,-1078,-1019,-871,-675,-453,-202,51,293,486,640,753,810,821,775,675,542,370,193,-14,-225,-425,-592,-703,-794,-826,-785,-689,-526,-338,-114,126,351,540,684,772,778,722,622,472,303,92,-100,-262,-397,-503,-566,-570,-539,-485,-374,-258,-136,-27,84,168,245,298,321,329,309,286,248,217,184,129,83,20,-30,-80,-145,-211,-269,-321,-346,-345,9,-323,-248,-168,-82,20,132,237,327,393,441,464,451,412,342,236,103,-15,-134,-259,-377,-480,-551,-566,-551,-498,-409,-283,-133,23,185,339,500,621,683,733,728,646,501,321,119,-128,-367,-572,-745,-876,-907,-879,-775,-590,-357,-98,176,427,642,811,903,921,872,744,548,311,70,-172,-405,-618,-763,-838,-847,-777,-662,-501,-288,-66,163,384,545,666,725,720,667,566,420,250,47,-128,-300,-429,-521,-585,-571,-530,-479,-378,-256,-121,51,186,296,419,507,553,577,547,459,339,184,-16,-218,-408,-570,-687,-727,-688,-575,-370,-114,180,467,708,848,853,708,417,31,-283,466,440
62115,mtk,MTK 7916,2151356094,rx1-tx1,512,0,0,0,0,0,0,0,0,0,0,0,0,0,0,0,0,0,0,0,0,0,0,0,0,0,0,0,0,0,0,0,0,0,0,0,0,0,0,0,0,0,0,0,0,0,0,0,0,0,0,0,0,0,0,0,0,0,0,0,0,0,0,0,0,0,0,0,0,0,0,0,0,0,0,0,0,0,0,0,0,0,0,0,0,0,0,0,0,0,0,0,0,0,0,0,0,0,0,0,0,0,0,0,0,0,0,0,0,0,0,0,0,0,0,0,0,0,0,0,0,0,0,0,0,0,0,0,0,0,0,0,0,0,0,0,0,0,0,0,0,0,0,0,0,0,0,0,0,0,0,0,0,0,0,0,0,0,0,0,0,0,0,0,0,0,0,0,0,0,0,0,0,0,0,0,0,0,0,0,0,0,0,0,0,0,0,0,0,0,0,0,0,0,0,0,0,0,0,0,0,0,0,0,0,0,0,0,0,0,0,0,0,0,0,0,0,0,0,0,0,0,0,0,0,0,0,0,0,0,0,0,0,0,0,0,0,0,0,0,0,0,0,0,0,0,0,0,0,0,0,0,0,0,0,0,0,-282,-516,-554,143,127,91,29,-50,-134,-208,-259,-262,-210,-125,-21,99,202,260,260,218,121,-7,-134,-237,-284,-270,-188,-55,100,226,313,330,270,137,-47,-226,-355,-418,-382,-240,-20,206,380,479,470,346,128,-152,-397,-529,-551,-444,-229,57,352,565,637,560,348,38,-285,-556,-714,-698,-503,-179,193,525,737,776,631,329,-54,-434,-698,-807,-724,-463,-89,313,642,809,778,559,210,-189,-545,-767,-807,-639,-306,90,455,710,787,670,389,15,-357,-645,-769,-687,-444,-105,274,577,707,662,466,146,-200,-481,-632,-624,-462,-184,141,425,588,596,456,202,-98,-377,-545,-566,-440,-198,0,343,506,533,403,166,-125,-373,-518,-529,-397,-141,141,384,527,536,393,135,-168,-434,-588,-583,-411,-123,201,484,654,660,492,189,-185,-513,-724,-763,-606,-281,119,500,761,825,698,395,-23,-452,-768,-893,-796,-501,-70,388,739,914,881,635,214,-261,-672,-916,-939,-734,-364,105,557,857,952,821,486,35,-422,-779,-943,-866,-590,-182,281,664,887,887,673,302,-131,-530,-813,-905,-758,-427,1,420,741,890,838,588,216,-205,-585,-837,-895,-751,-441,-45,359,685,860,840,643,312,-76,-441,-705,-816,-762,-541,-220,129,445,676,764,720,557,282,-30,-311,-529,-655,-678,-602,-409,-445,0,0,0,0,0,0,0,0,0,0,0,0,0,0,0,0,0,0,0,0,0,0,0,0,0,0,0,0,0,0,0,0,0,0,0,0,0,0,0,0,0,0,0,0,0,0,0,0,0,0,0,0,0,0,0,0,0,0,0,0,0,0,0,0,0,0,0,0,0,0,0,0,0,0,0,0,0,0,0,0,0,0,0,0,0,0,0,0,0,0,0,0,0,0,0,0,0,0,0,0,0,0,0,0,0,0,0,0,0,0,0,0,0,0,0,0,0,0,0,0,0,0,0,0,0,0,0,0,0,0,0,0,0,0,0,0,0,0,0,0,0,0,0,0,0,0,0,0,0,0,0,0,0,0,0,0,0,0,0,0,0,0,0,0,0,0,0,0,0,0,0,0,0,0,0,0,0,0,0,0,0,0,0,0,0,0,0,0,0,0,0,0,0,0,0,0,0,0,0,0,0,0,0,0,0,0,0,0,0,0,0,0,0,0,0,0,0,0,0,0,0,0,0,0,0,0,0,0,0,0,0,0,0,0,0,0,0,0,0,0,0,0,0,0,0,0,0,0,0,0,0,0,0,0,0,0,288,-766,-754,97,151,195,222,224,195,137,53,-57,-161,-233,-264,-253,-186,-82,54,176,252,280,249,158,23,-115,-241,-312,-311,-238,-97,82,235,328,366,320,177,-17,-210,-368,-450,-423,-288,-70,171,385,511,518,392,159,-117,-379,-554,-596,-503,-288,16,332,565,672,640,427,97,-249,-531,-711,-727,-567,-256,128,479,722,794,675,385,4,-379,-679,-831,-754,-507,-153,252,614,798,782,602,263,-154,-523,-756,-806,-662,-358,36,414,673,769,678,422,54,-319,-589,-706,-662,-461,-129,227,526,687,661,461,170,-156,-447,-617,-621,-461,-195,121,399,571,585,450,195,-101,-363,-517,0,-407,-174,106,366,524,531,394,153,-129,-378,-527,-535,-380,-122,164,409,556,548,385,118,-192,-464,-618,-623,-457,-152,207,510,687,708,542,229,-148,-508,-742,-789,-637,-317,98,481,761,870,751,432,12,-418,-748,-902,-831,-554,-132,325,708,920,911,691,288,-185,-612,-895,-965,-797,-433,43,496,827,957,856,538,105,-347,-712,-901,-874,-631,-238,212,608,855,893,716,365,-64,-483,-788,-898,-802,-523,-116,310,660,874,883,674,323,-89,-487,-773,-888,-805,-541,-167,230,575,791,840,703,432,77,-278,-581,-752,-774,-646,-390,-60,272,554,731,773,687,516,282,39,-199,-826,-801
62116,mtk,MTK 7916,2151356094,rx2-tx0,512,0,0,0,0,0,0,0,0,0,0,0,0,0,0,0,0,0,0,0,0,0,0,0,0,0,0,0,0,0,0,0,0,0,0,0,0,0,0,0,0,0,0,0,0,0,0,0,0,0,0,0,0,0,0,0,0,0,0,0,0,0,0,0,0,0,0,0,0,0,0,0,0,0,0,0,0,0,0,0,0,0,0,0,0,0,0,0,0,0,0,0,0,0,0,0,0,0,0,0,0,0,0,0,0,0,0,0,0,0,0,0,0,0,0,0,0,0,0,0,0,0,0,0,0,0,0,0,0,0,0,0,0,0,0,0,0,0,0,0,0,0,0,0,0,0,0,0,0,0,0,0,0,0,0,0,0,0,0,0,0,0,0,0,0,0,0,0,0,0,0,0,0,0,0,0,0,0,0,0,0,0,0,0,0,0,0,0,0,0,0,0,0,0,0,0,0,0,0,0,0,0,0,0,0,0,0,0,0,0,0,0,0,0,0,0,0,0,0,0,0,0,0,0,0,0,0,0,0,0,0,0,0,0,0,0,0,0,0,0,0,0,0,0,0,0,0,0,0,0,0,0,0,0,0,0,0,794,-1247,-1242,-107,-144,-156,-149,-115,-55,13,82,147,190,193,162,102,19,-70,-151,-201,-209,-176,-121,-27,79,166,212,214,164,82,-25,-117,-180,-211,-180,-105,-14,82,161,186,172,120,34,-71,-151,-193,-200,-151,-51,62,157,224,220,180,95,-22,-146,-225,-261,-237,-155,-29,96,201,259,254,174,64,-65,-183,-240,-241,-207,-119,5,117,206,234,196,118,18,-88,-167,-200,-181,-123,-34,68,141,167,171,134,45,-43,-109,-164,-180,-137,-71,4,79,127,136,119,76,40,-11,-52,-64,-69,-56,-20,9,20,30,16,-15,-25,-13,0,10,30,58,66,42,1,-32,-68,0,-111,-86,-38,25,103,157,171,154,102,3,-91,-159,-215,-217,-156,-59,53,156,227,240,204,117,2,-118,-199,-239,-218,-154,-54,53,158,233,248,185,76,-38,-140,-229,-253,-208,-108,-6,87,170,224,208,138,42,-52,-132,-180,-184,-133,-56,43,115,152,143,92,16,-63,-120,-137,-125,-83,-17,62,136,182,166,113,42,-40,-119,-176,-186,-146,-84,-11,68,138,165,148,98,39,-28,-82,-99,-93,-75,-28,11,25,39,52,25,-22,-53,-75,-72,-43,7,66,114,139,141,111,41,-49,-123,-177,-224,-222,-171,-88,8,112,200,253,275,262,207,135,58,-46,-1201,-1206,0,0,0,0,0,0,0,0,0,0,0,0,0,0,0,0,0,0,0,0,0,0,0,0,0,0,0,0,0,0,0,0,0,0,0,0,0,0,0,0,0,0,0,0,0,0,0,0,0,0,0,0,0,0,0,0,0,0,0,0,0,0,0,0,0,0,0,0,0,0,0,0,0,0,0,0,0,0,0,0,0,0,0,0,0,0,0,0,0,0,0,0,0,0,0,0,0,0,0,0,0,0,0,0,0,0,0,0,0,0,0,0,0,0,0,0,0,0,0,0,0,0,0,0,0,0,0,0,0,0,0,0,0,0,0,0,0,0,0,0,0,0,0,0,0,0,0,0,0,0,0,0,0,0,0,0,0,0,0,0,0,0,0,0,0,0,0,0,0,0,0,0,0,0,0,0,0,0,0,0,0,0,0,0,0,0,0,0,0,0,0,0,0,0,0,0,0,0,0,0,0,0,0,0,0,0,0,0,0,0,0,0,0,0,0,0,0,0,0,0,0,0,0,0,0,0,0,0,0,0,0,0,0,0,0,0,0,0,0,0,0,0,0,0,0,0,0,0,0,0,0,0,0,0,0,0,572,-254,-216,45,5,-42,-95,-146,-173,-178,-169,-132,-57,36,114,178,203,189,139,54,-41,-124,-185,-216,-197,-130,-43,56,146,201,212,185,109,7,-89,-166,-211,-196,-127,-38,65,154,205,208,154,57,-48,-152,-214,-208,-150,-63,37,150,224,244,210,126,-3,-132,-216,-261,-246,-174,-54,74,170,243,263,206,104,-19,-137,-213,-231,-211,-121,0,109,179,212,196,122,25,-71,-149,-199,-185,-131,-56,34,126,166,168,133,61,-34,-96,-132,-152,-128,-69,-5,39,88,115,101,63,27,3,-26,-47,-42,-19,-6,-6,0,-2,-15,-28,-49,-45,-15,29,67,81,86,76,0,-42,-91,-126,-133,-111,-70,5,90,165,194,176,122,32,-75,-169,-226,-226,-186,-106,10,131,215,251,222,144,35,-88,-189,-241,-240,-173,-67,50,163,234,235,185,98,-27,-137,-199,-220,-192,-118,-33,72,178,210,181,126,38,-59,-127,-154,-152,-109,-32,54,118,144,129,84,20,-56,-126,-166,-157,-107,-25,52,122,166,162,126,57,-26,-95,-139,-160,-146,-99,-21,53,99,127,134,98,40,-21,-60,-73,-68,-59,-26,25,54,57,37,4,-36,-76,-97,-93,-63,-13,53,127,185,187,149,85,5,-87,-173,-228,-257,-237,-172,-85,15,113,186,238,260,244,-385,-343
62117,mtk,MTK 7916,2151356094,rx2-tx1,512,0,0,0,0,0,0,0,0,0,0,0,0,0,0,0,0,0,0,0,0,0,0,0,0,0,0,0,0,0,0,0,0,0,0,0,0,0,0,0,0,0,0,0,0,0,0,0,0,0,0,0,0,0,0,0,0,0,0,0,0,0,0,0,0,0,0,0,0,0,0,0,0,0,0,0,0,0,0,0,0,0,0,0,0,0,0,0,0,0,0,0,0,0,0,0,0,0,0,0,0,0,0,0,0,0,0,0,0,0,0,0,0,0,0,0,0,0,0,0,0,0,0,0,0,0,0,0,0,0,0,0,0,0,0,0,0,0,0,0,0,0,0,0,0,0,0,0,0,0,0,0,0,0,0,0,0,0,0,0,0,0,0,0,0,0,0,0,0,0,0,0,0,0,0,0,0,0,0,0,0,0,0,0,0,0,0,0,0,0,0,0,0,0,0,0,0,0,0,0,0,0,0,0,0,0,0,0,0,0,0,0,0,0,0,0,0,0,0,0,0,0,0,0,0,0,0,0,0,0,0,0,0,0,0,0,0,0,0,0,0,0,0,0,0,0,0,0,0,0,0,0,0,0,0,0,0,381,-435,-433,-17,-13,3,14,34,49,70,75,62,44,13,-17,-52,-77,-93,-96,-80,-46,-10,47,111,139,131,114,71,-4,-86,-152,-191,-183,-138,-71,19,126,203,234,232,184,64,-75,-187,-279,-318,-275,-164,-27,130,281,370,375,311,174,-23,-218,-368,-445,-429,-314,-107,115,308,445,505,448,277,41,-213,-424,-554,-552,-420,-201,62,316,500,584,535,364,110,-169,-409,-551,-583,-485,-268,11,284,483,566,524,365,126,-141,-371,-506,-514,-405,-202,21,242,415,473,411,252,45,-168,-322,-411,-399,-282,-101,98,281,392,394,300,145,-28,-193,-315,-356,-319,-185,-19,139,0,321,289,187,36,-132,-249,-308,-288,-196,-57,95,216,279,270,200,80,-59,-195,-276,-280,-209,-94,48,176,247,255,202,85,-51,-184,-258,-277,-224,-110,34,167,273,314,278,174,26,-140,-276,-335,-318,-229,-98,50,185,278,309,267,167,24,-114,-228,-290,-271,-183,-64,56,167,237,244,203,111,-14,-120,-194,-222,-195,-130,-38,66,159,208,199,155,89,-1,-91,-156,-189,-178,-131,-62,8,78,126,146,137,108,58,-9,-61,-92,-103,-104,-85,-56,-28,1,27,50,57,53,57,58,39,22,7,-9,-31,-56,-67,-69,-72,-65,-40,-9,11,36,73,92,84,-447,-450,0,0,0,0,0,0,0,0,0,0,0,0,0,0,0,0,0,0,0,0,0,0,0,0,0,0,0,0,0,0,0,0,0,0,0,0,0,0,0,0,0,0,0,0,0,0,0,0,0,0,0,0,0,0,0,0,0,0,0,0,0,0,0,0,0,0,0,0,0,0,0,0,0,0,0,0,0,0,0,0,0,0,0,0,0,0,0,0,0,0,0,0,0,0,0,0,0,0,0,0,0,0,0,0,0,0,0,0,0,0,0,0,0,0,0,0,0,0,0,0,0,0,0,0,0,0,0,0,0,0,0,0,0,0,0,0,0,0,0,0,0,0,0,0,0,0,0,0,0,0,0,0,0,0,0,0,0,0,0,0,0,0,0,0,0,0,0,0,0,0,0,0,0,0,0,0,0,0,0,0,0,0,0,0,0,0,0,0,0,0,0,0,0,0,0,0,0,0,0,0,0,0,0,0,0,0,0,0,0,0,0,0,0,0,0,0,0,0,0,0,0,0,0,0,0,0,0,0,0,0,0,0,0,0,0,0,0,0,0,0,0,0,0,0,0,0,0,0,0,0,0,0,0,0,0,0,-1037,-221,-205,-17,-45,-58,-59,-54,-41,-21,3,25,45,78,89,73,48,18,-26,-66,-99,-113,-110,-83,-25,46,96,133,149,140,97,33,-59,-144,-196,-213,-185,-117,-21,99,214,262,265,211,105,-32,-167,-288,-352,-342,-256,-98,74,228,364,430,375,224,28,-173,-352,-460,-463,-358,-174,61,275,438,524,501,356,131,-134,-391,-547,-562,-468,-286,-36,245,468,574,560,428,184,-91,-330,-508,-581,-502,-313,-75,180,404,538,530,389,179,-60,-288,-442,-486,-414,-243,-7,204,356,433,413,288,90,-132,-305,-388,-388,-294,-125,69,239,343,366,302,171,-10,-179,-288,-337,-314,0,-23,137,261,324,297,192,43,-114,-235,-292,-278,-201,-77,79,206,283,266,199,81,-68,-196,-260,-266,-206,-98,48,175,247,262,225,117,-29,-160,-253,-295,-252,-145,2,156,270,305,283,207,67,-108,-243,-319,-320,-251,-134,2,151,260,297,267,171,40,-92,-203,-256,-250,-190,-92,28,140,213,229,198,122,29,-81,-169,-212,-203,-151,-66,31,112,171,187,159,107,35,-58,-124,-149,-156,-138,-91,-22,40,88,117,129,107,77,39,-6,-55,-83,-87,-76,-63,-38,-18,-6,5,15,37,57,64,56,52,54,35,4,-28,-52,-65,-84,-95,-88,-74,-47,0,-271,-258
62118,mtk,MTK 7916,2151497004,rx0-tx0,512,0,0,0,0,0,0,0,0,0,0,0,0,0,0,0,0,0,0,0,0,0,0,0,0,0,0,0,0,0,0,0,0,0,0,0,0,0,0,0,0,0,0,0,0,0,0,0,0,0,0,0,0,0,0,0,0,0,0,0,0,0,0,0,0,0,0,0,0,0,0,0,0,0,0,0,0,0,0,0,0,0,0,0,0,0,0,0,0,0,0,0,0,0,0,0,0,0,0,0,0,0,0,0,0,0,0,0,0,0,0,0,0,0,0,0,0,0,0,0,0,0,0,0,0,0,0,0,0,0,0,0,0,0,0,0,0,0,0,0,0,0,0,0,0,0,0,0,0,0,0,0,0,0,0,0,0,0,0,0,0,0,0,0,0,0,0,0,0,0,0,0,0,0,0,0,0,0,0,0,0,0,0,0,0,0,0,0,0,0,0,0,0,0,0,0,0,0,0,0,0,0,0,0,0,0,0,0,0,0,0,0,0,0,0,0,0,0,0,0,0,0,0,0,0,0,0,0,0,0,0,0,0,0,0,0,0,0,0,0,0,0,0,0,0,0,0,0,0,0,0,0,0,0,0,0,0,-364,-596,-597,528,647,633,452,169,-161,-457,-680,-822,-869,-811,-652,-457,-208,83,344,588,786,909,964,927,818,635,396,144,-137,-420,-657,-835,-965,-1010,-987,-909,-759,-549,-286,-34,224,475,680,869,1000,1052,1034,954,828,623,384,109,-154,-417,-669,-866,-1001,-1082,-1076,-1009,-898,-722,-494,-215,73,318,555,762,895,979,1006,967,864,702,519,325,91,-130,-329,-495,-628,-719,-771,-769,-747,-689,-581,-475,-339,-171,-5,154,292,434,548,610,662,683,671,609,516,416,274,124,-27,-178,-305,-412,-489,-535,-581,-583,-547,-499,-433,-347,-257,-158,-45,69,180,263,341,431,501,561,592,591,-330,549,455,340,209,72,-105,-277,-454,-630,-776,-879,-940,-945,-886,-774,-610,-399,-156,112,398,656,892,1084,1201,1252,1224,1113,932,684,392,39,-302,-634,-936,-1169,-1344,-1445,-1446,-1348,-1174,-931,-607,-247,120,480,833,1122,1347,1508,1565,1522,1371,1144,847,494,123,-295,-666,-1009,-1298,-1513,-1615,-1613,-1536,-1348,-1061,-698,-298,126,559,945,1258,1498,1649,1686,1609,1414,1129,773,350,-99,-528,-937,-1286,-1528,-1679,-1701,-1582,-1368,-1043,-628,-198,249,692,1068,1344,1530,1604,1541,1362,1071,717,284,-160,-551,-912,-1194,-1380,-1444,-1402,-1240,-979,-635,-220,227,665,1046,1328,1462,1423,1199,788,233,-332,-744,-604,-589,0,0,0,0,0,0,0,0,0,0,0,0,0,0,0,0,0,0,0,0,0,0,0,0,0,0,0,0,0,0,0,0,0,0,0,0,0,0,0,0,0,0,0,0,0,0,0,0,0,0,0,0,0,0,0,0,0,0,0,0,0,0,0,0,0,0,0,0,0,0,0,0,0,0,0,0,0,0,0,0,0,0,0,0,0,0,0,0,0,0,0,0,0,0,0,0,0,0,0,0,0,0,0,0,0,0,0,0,0,0,0,0,0,0,0,0,0,0,0,0,0,0,0,0,0,0,0,0,0,0,0,0,0,0,0,0,0,0,0,0,0,0,0,0,0,0,0,0,0,0,0,0,0,0,0,0,0,0,0,0,0,0,0,0,0,0,0,0,0,0,0,0,0,0,0,0,0,0,0,0,0,0,0,0,0,0,0,0,0,0,0,0,0,0,0,0,0,0,0,0,0,0,0,0,0,0,0,0,0,0,0,0,0,0,0,0,0,0,0,0,0,0,0,0,0,0,0,0,0,0,0,0,0,0,0,0,0,0,0,0,0,0,0,0,0,0,0,0,0,0,0,0,0,0,0,0,-49,161,174,223,-25,-346,-629,-789,-819,-706,-506,-236,55,344,585,756,886,917,850,728,523,277,3,-273,-532,-764,-904,-988,-999,-927,-780,-578,-333,-51,219,474,698,875,981,1019,1016,916,756,569,320,65,-201,-454,-677,-861,-992,-1061,-1058,-996,-854,-654,-429,-173,104,360,598,801,956,1056,1061,1001,889,712,498,265,18,-236,-470,-645,-772,-861,-904,-875,-807,-691,-550,-383,-201,-15,151,331,467,564,658,707,712,680,621,546,428,310,168,8,-155,-304,-408,-511,-598,-630,-636,-608,-548,-458,-351,-238,-115,20,137,241,343,424,475,512,538,541,507,456,412,343,251,151,19,-116,-82,-353,-487,-596,-681,-743,-765,-744,-687,-577,-422,-239,-36,208,434,653,839,984,1075,1109,1060,941,775,543,270,-34,-352,-646,-913,-1137,-1307,-1391,-1357,-1258,-1069,-819,-511,-158,225,572,892,1168,1370,1480,1496,1439,1283,1028,730,382,6,-381,-740,-1062,-1338,-1507,-1597,-1578,-1450,-1257,-962,-609,-201,195,585,975,1295,1510,1633,1668,1581,1380,1097,752,366,-74,-511,-925,-1259,-1518,-1670,-1701,-1614,-1418,-1107,-730,-307,161,598,988,1322,1537,1637,1633,1497,1241,894,493,46,-397,-793,-1119,-1364,-1508,-1502,-1395,-1187,-867,-480,-64,338,728,1053,1296,1426,1427,1287,1023,634,154,-366,-858,-1246,-1408,-1309,-1039,138,143
62119,mtk,MTK 7916,2151497004,rx0-tx1,512,0,0,0,0,0,0,0,0,0,0,0,0,0,0,0,0,0,0,0,0,0,0,0,0,0,0,0,0,0,0,0,0,0,0,0,0,0,0,0,0,0,0,0,0,0,0,0,0,0,0,0,0,0,0,0,0,0,0,0,0,0,0,0,0,0,0,0,0,0,0,0,0,0,0,0,0,0,0,0,0,0,0,0,0,0,0,0,0,0,0,0,0,0,0,0,0,0,0,0,0,0,0,0,0,0,0,0,0,0,0,0,0,0,0,0,0,0,0,0,0,0,0,0,0,0,0,0,0,0,0,0,0,0,0,0,0,0,0,0,0,0,0,0,0,0,0,0,0,0,0,0,0,0,0,0,0,0,0,0,0,0,0,0,0,0,0,0,0,0,0,0,0,0,0,0,0,0,0,0,0,0,0,0,0,0,0,0,0,0,0,0,0,0,0,0,0,0,0,0,0,0,0,0,0,0,0,0,0,0,0,0,0,0,0,0,0,0,0,0,0,0,0,0,0,0,0,0,0,0,0,0,0,0,0,0,0,0,0,0,0,0,0,0,0,0,0,0,0,0,0,0,0,0,0,0,0,-449,-358,-381,-427,-612,-664,-564,-346,-37,275,555,768,884,913,819,658,417,111,-198,-507,-796,-1014,-1133,-1175,-1089,-892,-610,-253,149,519,846,1115,1276,1304,1247,1081,823,489,111,-248,-580,-866,-1054,-1155,-1171,-1118,-982,-774,-525,-242,36,274,494,674,801,890,912,863,771,643,479,313,142,-20,-177,-328,-447,-531,-595,-631,-650,-662,-642,-587,-512,-415,-276,-124,64,250,426,597,752,855,906,905,840,732,569,345,105,-126,-344,-566,-737,-868,-940,-963,-912,-811,-679,-513,-320,-99,128,337,528,697,839,915,938,931,854,723,569,377,147,-78,-312,-522,-711,-846,-948,-1006,-983,-904,-782,-601,510,-160,102,345,559,732,880,965,982,966,886,752,600,386,178,-39,-247,-454,-641,-795,-885,-942,-966,-944,-863,-742,-594,-381,-155,68,315,552,769,977,1118,1196,1244,1178,1032,846,583,265,-85,-463,-828,-1137,-1394,-1572,-1650,-1608,-1443,-1177,-826,-385,96,586,1045,1427,1706,1887,1919,1818,1567,1185,733,186,-349,-859,-1299,-1661,-1899,-1963,-1887,-1676,-1335,-892,-384,147,666,1122,1477,1728,1843,1802,1625,1317,899,411,-93,-584,-1013,-1352,-1568,-1646,-1566,-1348,-1029,-625,-182,247,655,971,1175,1278,1246,1105,868,580,252,-71,-363,-628,-804,-901,-926,-863,-703,-467,-193,104,382,611,742,746,609,398,-233,-278,0,0,0,0,0,0,0,0,0,0,0,0,0,0,0,0,0,0,0,0,0,0,0,0,0,0,0,0,0,0,0,0,0,0,0,0,0,0,0,0,0,0,0,0,0,0,0,0,0,0,0,0,0,0,0,0,0,0,0,0,0,0,0,0,0,0,0,0,0,0,0,0,0,0,0,0,0,0,0,0,0,0,0,0,0,0,0,0,0,0,0,0,0,0,0,0,0,0,0,0,0,0,0,0,0,0,0,0,0,0,0,0,0,0,0,0,0,0,0,0,0,0,0,0,0,0,0,0,0,0,0,0,0,0,0,0,0,0,0,0,0,0,0,0,0,0,0,0,0,0,0,0,0,0,0,0,0,0,0,0,0,0,0,0,0,0,0,0,0,0,0,0,0,0,0,0,0,0,0,0,0,0,0,0,0,0,0,0,0,0,0,0,0,0,0,0,0,0,0,0,0,0,0,0,0,0,0,0,0,0,0,0,0,0,0,0,0,0,0,0,0,0,0,0,0,0,0,0,0,0,0,0,0,0,0,0,0,0,0,0,0,0,0,0,0,0,0,0,0,0,0,0,0,0,0,0,26,-1037,-1029,-318,-119,182,477,704,817,786,658,427,147,-160,-460,-704,-908,-1022,-1022,-944,-760,-484,-175,173,542,859,1097,1252,1276,1178,989,705,330,-55,-421,-763,-1033,-1228,-1289,-1256,-1138,-914,-621,-316,-4,300,587,814,960,1037,1028,968,860,680,483,263,38,-178,-361,-520,-638,-707,-751,-744,-706,-634,-531,-421,-300,-174,-40,95,238,368,481,590,687,751,787,765,705,611,464,265,58,-173,-402,-598,-781,-906,-953,-947,-897,-788,-615,-405,-179,48,269,462,638,780,887,934,930,865,770,626,444,221,14,-206,-422,-612,-757,-887,-957,-966,-919,-826,-682,-499,-293,-37,215,435,644,808,-82,1007,1000,935,821,686,509,280,37,-196,-422,-607,-765,-883,-942,-950,-915,-842,-719,-550,-346,-150,71,280,483,658,825,967,1019,1047,1032,943,813,623,363,115,-170,-494,-766,-1022,-1244,-1385,-1447,-1422,-1278,-1038,-733,-358,68,502,918,1261,1550,1742,1809,1757,1546,1226,811,325,-202,-716,-1211,-1578,-1855,-1988,-1955,-1787,-1479,-1070,-562,-21,504,994,1413,1714,1878,1907,1791,1519,1139,679,166,-345,-835,-1244,-1559,-1725,-1746,-1625,-1370,-1009,-569,-78,409,827,1159,1383,1467,1434,1257,964,619,231,-163,-513,-792,-976,-1072,-1058,-966,-781,-536,-262,27,313,564,740,836,844,741,542,267,-45,-331,-496,-1054,-1048
62120,mtk,MTK 7916,2151497004,rx1-tx0,512,0,0,0,0,0,0,0,0,0,0,0,0,0,0,0,0,0,0,0,0,0,0,0,0,0,0,0,0,0,0,0,0,0,0,0,0,0,0,0,0,0,0,0,0,0,0,0,0,0,0,0,0,0,0,0,0,0,0,0,0,0,0,0,0,0,0,0,0,0,0,0,0,0,0,0,0,0,0,0,0,0,0,0,0,0,0,0,0,0,0,0,0,0,0,0,0,0,0,0,0,0,0,0,0,0,0,0,0,0,0,0,0,0,0,0,0,0,0,0,0,0,0,0,0,0,0,0,0,0,0,0,0,0,0,0,0,0,0,0,0,0,0,0,0,0,0,0,0,0,0,0,0,0,0,0,0,0,0,0,0,0,0,0,0,0,0,0,0,0,0,0,0,0,0,0,0,0,0,0,0,0,0,0,0,0,0,0,0,0,0,0,0,0,0,0,0,0,0,0,0,0,0,0,0,0,0,0,0,0,0,0,0,0,0,0,0,0,0,0,0,0,0,0,0,0,0,0,0,0,0,0,0,0,0,0,0,0,0,0,0,0,0,0,0,0,0,0,0,0,0,0,0,0,0,0,0,98,520,527,432,668,786,736,523,199,-160,-517,-803,-999,-1092,-1057,-912,-677,-346,20,407,782,1084,1310,1395,1355,1195,904,513,58,-400,-838,-1210,-1470,-1583,-1574,-1417,-1131,-763,-324,123,552,936,1209,1364,1433,1373,1210,984,688,348,33,-282,-574,-801,-956,-1048,-1063,-1017,-913,-764,-565,-351,-155,58,245,421,576,706,774,800,803,781,704,583,432,248,33,-158,-347,-525,-661,-768,-822,-808,-759,-667,-534,-349,-158,43,243,408,528,617,665,659,598,516,420,277,158,36,-104,-214,-284,-327,-358,-371,-368,-335,-287,-251,-211,-169,-108,-60,-30,11,40,83,118,133,166,203,255,283,299,304,-686,285,239,179,104,12,-80,-164,-259,-337,-408,-458,-476,-473,-452,-411,-319,-199,-73,49,190,303,416,518,590,640,644,608,542,425,299,149,-17,-212,-387,-538,-689,-789,-837,-831,-769,-681,-510,-299,-74,164,403,628,806,931,1000,986,896,768,575,331,86,-168,-409,-618,-784,-905,-952,-932,-868,-744,-565,-340,-115,119,352,535,679,781,850,834,773,676,521,328,120,-73,-252,-445,-580,-658,-700,-693,-628,-550,-441,-305,-155,4,149,277,391,481,546,590,583,559,492,394,262,103,-69,-258,-424,-562,-679,-731,-724,-636,-506,-301,-40,237,502,720,861,889,768,508,159,-159,498,501,0,0,0,0,0,0,0,0,0,0,0,0,0,0,0,0,0,0,0,0,0,0,0,0,0,0,0,0,0,0,0,0,0,0,0,0,0,0,0,0,0,0,0,0,0,0,0,0,0,0,0,0,0,0,0,0,0,0,0,0,0,0,0,0,0,0,0,0,0,0,0,0,0,0,0,0,0,0,0,0,0,0,0,0,0,0,0,0,0,0,0,0,0,0,0,0,0,0,0,0,0,0,0,0,0,0,0,0,0,0,0,0,0,0,0,0,0,0,0,0,0,0,0,0,0,0,0,0,0,0,0,0,0,0,0,0,0,0,0,0,0,0,0,0,0,0,0,0,0,0,0,0,0,0,0,0,0,0,0,0,0,0,0,0,0,0,0,0,0,0,0,0,0,0,0,0,0,0,0,0,0,0,0,0,0,0,0,0,0,0,0,0,0,0,0,0,0,0,0,0,0,0,0,0,0,0,0,0,0,0,0,0,0,0,0,0,0,0,0,0,0,0,0,0,0,0,0,0,0,0,0,0,0,0,0,0,0,0,0,0,0,0,0,0,0,0,0,0,0,0,0,0,0,0,0,0,-999,410,377,450,250,-82,-452,-754,-934,-971,-869,-647,-351,-9,360,683,955,1153,1221,1203,1048,782,426,4,-428,-839,-1192,-1435,-1538,-1497,-1332,-1027,-613,-155,305,753,1120,1398,1538,1540,1431,1200,872,510,116,-281,-634,-914,-1137,-1231,-1242,-1203,-1060,-850,-605,-327,-56,209,442,629,774,849,890,887,829,737,614,470,292,118,-62,-259,-444,-593,-713,-804,-833,-815,-760,-653,-507,-330,-117,89,284,468,629,743,780,778,712,601,465,311,145,-28,-185,-309,-424,-497,-514,-530,-511,-437,-349,-272,-176,-89,-3,84,139,167,199,216,232,233,236,241,237,233,203,185,174,158,123,59,1,-68,9,-186,-257,-313,-361,-383,-393,-384,-349,-290,-199,-96,14,123,219,328,433,500,543,570,553,499,428,318,190,46,-114,-256,-398,-524,-627,-704,-750,-736,-659,-563,-432,-245,-38,184,387,587,763,880,940,942,879,751,557,341,83,-177,-415,-630,-821,-939,-976,-964,-886,-752,-565,-335,-86,148,370,579,753,862,905,905,830,697,536,348,129,-105,-301,-487,-642,-739,-774,-756,-711,-623,-469,-315,-139,52,213,346,475,563,607,611,579,528,442,329,208,70,-62,-199,-342,-474,-578,-635,-659,-634,-536,-412,-234,-25,198,404,585,735,814,806,696,495,205,-134,-478,-720,-821,-769,466,440
62121,mtk,MTK 7916,2151497004,rx1-tx1,512,0,0,0,0,0,0,0,0,0,0,0,0,0,0,0,0,0,0,0,0,0,0,0,0,0,0,0,0,0,0,0,0,0,0,0,0,0,0,0,0,0,0,0,0,0,0,0,0,0,0,0,0,0,0,0,0,0,0,0,0,0,0,0,0,0,0,0,0,0,0,0,0,0,0,0,0,0,0,0,0,0,0,0,0,0,0,0,0,0,0,0,0,0,0,0,0,0,0,0,0,0,0,0,0,0,0,0,0,0,0,0,0,0,0,0,0,0,0,0,0,0,0,0,0,0,0,0,0,0,0,0,0,0,0,0,0,0,0,0,0,0,0,0,0,0,0,0,0,0,0,0,0,0,0,0,0,0,0,0,0,0,0,0,0,0,0,0,0,0,0,0,0,0,0,0,0,0,0,0,0,0,0,0,0,0,0,0,0,0,0,0,0,0,0,0,0,0,0,0,0,0,0,0,0,0,0,0,0,0,0,0,0,0,0,0,0,0,0,0,0,0,0,0,0,0,0,0,0,0,0,0,0,0,0,0,0,0,0,0,0,0,0,0,0,0,0,0,0,0,0,0,0,0,0,0,0,-282,-516,-554,0,62,134,194,231,242,217,143,35,-77,-188,-260,-270,-230,-139,0,146,246,295,269,179,41,-107,-240,-316,-308,-213,-64,113,264,356,351,241,58,-144,-312,-408,-403,-278,-69,161,359,467,456,318,81,-193,-430,-555,-521,-349,-90,218,476,610,582,391,79,-260,-524,-667,-638,-437,-95,282,575,725,685,455,98,-281,-604,-775,-732,-481,-103,301,622,777,723,469,94,-308,-635,-780,-707,-452,-80,327,624,757,687,420,33,-337,-619,-733,-629,-361,0,353,616,697,583,301,-59,-396,-622,-669,-520,-231,102,403,592,608,436,148,-171,-431,-567,-537,-347,-54,244,460,0,457,248,-36,-315,-505,-533,-397,-147,140,391,523,487,307,35,-256,-486,-565,-468,-234,80,382,571,594,460,172,-187,-488,-665,-651,-461,-123,272,591,756,720,456,64,-341,-667,-817,-733,-451,-38,410,745,871,762,454,-8,-480,-807,-916,-786,-440,30,501,834,943,802,437,-48,-509,-832,-934,-785,-433,41,506,822,916,778,422,-49,-497,-797,-887,-738,-396,46,482,789,875,724,371,-64,-481,-781,-874,-730,-405,17,435,755,878,769,482,79,-352,-698,-853,-798,-562,-196,212,553,764,798,633,324,-44,-394,-659,-764,-694,-472,-163,183,481,677,754,691,503,254,-2,-254,-409,-445,0,0,0,0,0,0,0,0,0,0,0,0,0,0,0,0,0,0,0,0,0,0,0,0,0,0,0,0,0,0,0,0,0,0,0,0,0,0,0,0,0,0,0,0,0,0,0,0,0,0,0,0,0,0,0,0,0,0,0,0,0,0,0,0,0,0,0,0,0,0,0,0,0,0,0,0,0,0,0,0,0,0,0,0,0,0,0,0,0,0,0,0,0,0,0,0,0,0,0,0,0,0,0,0,0,0,0,0,0,0,0,0,0,0,0,0,0,0,0,0,0,0,0,0,0,0,0,0,0,0,0,0,0,0,0,0,0,0,0,0,0,0,0,0,0,0,0,0,0,0,0,0,0,0,0,0,0,0,0,0,0,0,0,0,0,0,0,0,0,0,0,0,0,0,0,0,0,0,0,0,0,0,0,0,0,0,0,0,0,0,0,0,0,0,0,0,0,0,0,0,0,0,0,0,0,0,0,0,0,0,0,0,0,0,0,0,0,0,0,0,0,0,0,0,0,0,0,0,0,0,0,0,0,0,0,0,0,0,0,0,0,0,0,0,0,0,0,0,0,0,0,0,0,0,0,0,288,-766,-754,-172,-188,-178,-132,-53,37,136,221,268,265,202,90,-36,-153,-251,-293,-260,-158,-20,121,239,298,281,188,55,-96,-239,-324,-315,-220,-60,134,299,386,370,255,71,-143,-347,-457,-433,-302,-82,177,384,499,494,336,75,-200,-435,-578,-547,-359,-71,238,507,644,615,401,71,-267,-552,-708,-663,-430,-84,284,604,772,724,479,115,-296,-640,-789,-713,-469,-102,309,648,789,724,463,83,-312,-623,-765,-701,-432,-51,329,626,739,647,377,13,-363,-629,-713,-603,-329,35,393,629,689,559,286,-65,-383,-592,-634,-484,-192,145,428,586,560,378,96,-204,-448,-546,-494,-304,0,295,485,537,424,193,-91,-351,-513,-505,-350,-97,204,438,532,476,280,-5,-305,-523,-582,-459,-202,121,416,605,623,448,129,-236,-552,-726,-696,-451,-84,322,651,804,735,464,54,-375,-711,-864,-775,-460,-5,441,777,900,772,422,-33,-491,-827,-934,-789,-441,34,513,841,940,793,439,-39,-497,-816,-921,-784,-435,37,503,813,896,733,394,-53,-489,-795,-880,-733,-391,60,489,782,871,733,401,-38,-458,-762,-876,-759,-441,-11,404,712,854,784,506,112,-302,-640,-829,-806,-597,-255,143,496,720,790,678,405,47,-313,-599,-751,-741,-589,-323,-5,301,529,653,658,555,-826,-801
62122,mtk,MTK 7916,2151497004,rx2-tx0,512,0,0,0,0,0,0,0,0,0,0,0,0,0,0,0,0,0,0,0,0,0,0,0,0,0,0,0,0,0,0,0,0,0,0,0,0,0,0,0,0,0,0,0,0,0,0,0,0,0,0,0,0,0,0,0,0,0,0,0,0,0,0,0,0,0,0,0,0,0,0,0,0,0,0,0,0,0,0,0,0,0,0,0,0,0,0,0,0,0,0,0,0,0,0,0,0,0,0,0,0,0,0,0,0,0,0,0,0,0,0,0,0,0,0,0,0,0,0,0,0,0,0,0,0,0,0,0,0,0,0,0,0,0,0,0,0,0,0,0,0,0,0,0,0,0,0,0,0,0,0,0,0,0,0,0,0,0,0,0,0,0,0,0,0,0,0,0,0,0,0,0,0,0,0,0,0,0,0,0,0,0,0,0,0,0,0,0,0,0,0,0,0,0,0,0,0,0,0,0,0,0,0,0,0,0,0,0,0,0,0,0,0,0,0,0,0,0,0,0,0,0,0,0,0,0,0,0,0,0,0,0,0,0,0,0,0,0,0,0,0,0,0,0,0,0,0,0,0,0,0,0,0,0,0,0,0,794,-1247,-1242,103,79,31,-33,-92,-153,-194,-201,-160,-97,-15,76,157,207,215,158,62,-49,-134,-204,-225,-205,-141,-33,87,182,238,237,163,56,-58,-159,-219,-208,-141,-29,74,146,185,190,130,22,-88,-172,-216,-183,-93,14,125,220,260,222,115,-9,-128,-231,-264,-223,-131,2,145,242,274,239,133,-12,-158,-246,-267,-231,-135,-5,128,223,267,225,130,-4,-126,-208,-226,-194,-101,22,140,207,213,167,71,-64,-165,-210,-205,-160,-79,14,107,177,188,147,77,-7,-87,-130,-132,-114,-60,-4,36,57,63,40,14,-6,-21,-24,-14,4,24,26,10,-16,-41,-60,-55,0,2,50,89,110,109,65,-7,-88,-147,-171,-164,-111,-19,89,175,216,196,118,11,-90,-174,-214,-202,-134,-29,94,188,226,196,130,27,-83,-185,-229,-217,-151,-37,91,183,221,205,136,25,-88,-177,-225,-215,-139,-21,89,170,205,181,103,8,-80,-130,-148,-111,-50,12,90,136,126,79,10,-73,-150,-169,-140,-78,1,72,139,172,169,126,43,-47,-109,-143,-147,-117,-55,16,65,92,103,80,24,-13,-32,-51,-57,-21,27,42,43,36,-9,-60,-81,-80,-66,-42,10,83,135,157,152,114,45,-55,-148,-211,-233,-218,-154,-74,15,114,194,238,244,215,-1201,-1206,0,0,0,0,0,0,0,0,0,0,0,0,0,0,0,0,0,0,0,0,0,0,0,0,0,0,0,0,0,0,0,0,0,0,0,0,0,0,0,0,0,0,0,0,0,0,0,0,0,0,0,0,0,0,0,0,0,0,0,0,0,0,0,0,0,0,0,0,0,0,0,0,0,0,0,0,0,0,0,0,0,0,0,0,0,0,0,0,0,0,0,0,0,0,0,0,0,0,0,0,0,0,0,0,0,0,0,0,0,0,0,0,0,0,0,0,0,0,0,0,0,0,0,0,0,0,0,0,0,0,0,0,0,0,0,0,0,0,0,0,0,0,0,0,0,0,0,0,0,0,0,0,0,0,0,0,0,0,0,0,0,0,0,0,0,0,0,0,0,0,0,0,0,0,0,0,0,0,0,0,0,0,0,0,0,0,0,0,0,0,0,0,0,0,0,0,0,0,0,0,0,0,0,0,0,0,0,0,0,0,0,0,0,0,0,0,0,0,0,0,0,0,0,0,0,0,0,0,0,0,0,0,0,0,0,0,0,0,0,0,0,0,0,0,0,0,0,0,0,0,0,0,0,0,0,0,572,-254,-216,78,134,167,178,163,123,52,-35,-115,-177,-210,-192,-133,-51,49,149,221,233,187,96,2,-99,-183,-221,-207,-144,-34,81,164,203,206,147,40,-76,-168,-209,-196,-120,-16,83,159,201,193,129,14,-109,-206,-234,-196,-108,0,123,211,253,217,112,-14,-134,-223,-272,-238,-135,1,137,238,264,225,132,7,-123,-216,-249,-204,-113,19,138,214,240,203,117,-5,-144,-224,-222,-165,-87,23,139,213,215,169,87,-16,-127,-198,-203,-152,-74,24,106,155,169,139,61,-18,-62,-90,-103,-96,-52,0,37,44,36,18,0,-24,-19,-1,22,37,49,42,23,-18,0,-89,-76,-51,-5,60,119,146,137,71,-14,-92,-158,-193,-174,-117,-25,91,186,232,211,139,30,-80,-176,-222,-210,-129,-25,90,179,221,202,130,26,-81,-179,-250,-236,-150,-31,97,190,227,211,137,18,-98,-170,-206,-194,-115,-17,73,141,162,147,88,-22,-126,-162,-153,-103,-19,64,113,151,147,96,8,-73,-119,-146,-152,-105,-22,64,129,162,153,113,39,-46,-105,-138,-143,-99,-47,7,54,97,92,64,20,-4,-25,-40,-19,16,39,47,32,5,-19,-64,-112,-142,-131,-79,6,79,150,201,209,171,103,1,-111,-195,-239,-254,-227,-176,-98,-14,78,-385,-343
62123,mtk,MTK 7916,2151497004,rx2-tx1,512,0,0,0,0,0,0,0,0,0,0,0,0,0,0,0,0,0,0,0,0,0,0,0,0,0,0,0,0,0,0,0,0,0,0,0,0,0,0,0,0,0,0,0,0,0,0,0,0,0,0,0,0,0,0,0,0,0,0,0,0,0,0,0,0,0,0,0,0,0,0,0,0,0,0,0,0,0,0,0,0,0,0,0,0,0,0,0,0,0,0,0,0,0,0,0,0,0,0,0,0,0,0,0,0,0,0,0,0,0,0,0,0,0,0,0,0,0,0,0,0,0,0,0,0,0,0,0,0,0,0,0,0,0,0,0,0,0,0,0,0,0,0,0,0,0,0,0,0,0,0,0,0,0,0,0,0,0,0,0,0,0,0,0,0,0,0,0,0,0,0,0,0,0,0,0,0,0,0,0,0,0,0,0,0,0,0,0,0,0,0,0,0,0,0,0,0,0,0,0,0,0,0,0,0,0,0,0,0,0,0,0,0,0,0,0,0,0,0,0,0,0,0,0,0,0,0,0,0,0,0,0,0,0,0,0,0,0,0,0,0,0,0,0,0,0,0,0,0,0,0,0,0,0,0,0,0,381,-435,-433,-19,-40,-51,-54,-51,-49,-32,-9,13,49,76,81,66,43,10,-22,-55,-89,-100,-74,-41,10,64,109,127,119,76,16,-64,-139,-189,-187,-153,-73,28,131,216,260,238,168,47,-100,-228,-309,-319,-250,-121,44,217,345,381,314,171,-11,-212,-372,-446,-404,-263,-47,184,369,470,478,373,156,-108,-349,-515,-551,-444,-236,32,306,496,560,501,310,20,-268,-474,-566,-537,-369,-105,184,405,533,530,381,137,-127,-344,-482,-498,-374,-148,91,305,434,453,350,159,-84,-294,-421,-423,-316,-139,68,263,389,390,288,116,-81,-248,-353,-369,-277,-104,94,242,338,355,0,88,-90,-246,-329,-307,-216,-58,110,249,308,286,182,33,-132,-257,-297,-251,-154,-12,131,243,282,235,131,-9,-153,-260,-285,-224,-111,46,203,279,270,210,86,-74,-203,-296,-309,-236,-98,51,203,309,327,256,119,-50,-186,-275,-301,-246,-123,15,153,246,272,224,116,-17,-138,-226,-259,-223,-124,-1,118,204,235,207,120,15,-84,-156,-200,-198,-137,-41,67,151,187,171,136,64,-29,-120,-175,-193,-161,-102,-31,45,107,138,153,144,89,23,-29,-74,-111,-126,-115,-86,-41,0,36,64,85,93,78,41,13,-9,-34,-56,-83,-100,-87,-65,-53,-24,11,45,-447,-450,0,0,0,0,0,0,0,0,0,0,0,0,0,0,0,0,0,0,0,0,0,0,0,0,0,0,0,0,0,0,0,0,0,0,0,0,0,0,0,0,0,0,0,0,0,0,0,0,0,0,0,0,0,0,0,0,0,0,0,0,0,0,0,0,0,0,0,0,0,0,0,0,0,0,0,0,0,0,0,0,0,0,0,0,0,0,0,0,0,0,0,0,0,0,0,0,0,0,0,0,0,0,0,0,0,0,0,0,0,0,0,0,0,0,0,0,0,0,0,0,0,0,0,0,0,0,0,0,0,0,0,0,0,0,0,0,0,0,0,0,0,0,0,0,0,0,0,0,0,0,0,0,0,0,0,0,0,0,0,0,0,0,0,0,0,0,0,0,0,0,0,0,0,0,0,0,0,0,0,0,0,0,0,0,0,0,0,0,0,0,0,0,0,0,0,0,0,0,0,0,0,0,0,0,0,0,0,0,0,0,0,0,0,0,0,0,0,0,0,0,0,0,0,0,0,0,0,0,0,0,0,0,0,0,0,0,0,0,0,0,0,0,0,0,0,0,0,0,0,0,0,0,0,0,0,0,-1037,-221,-205,18,13,1,-13,-28,-43,-59,-67,-64,-49,-25,12,52,81,90,83,57,19,-15,-66,-111,-122,-106,-76,-12,62,121,166,172,121,53,-19,-127,-209,-235,-193,-108,2,108,210,271,273,203,71,-97,-241,-328,-352,-302,-159,38,227,368,426,379,236,33,-181,-376,-470,-442,-307,-108,124,332,489,517,399,175,-84,-337,-509,-566,-473,-275,-12,266,489,580,517,337,75,-216,-450,-562,-535,-385,-123,149,378,503,493,359,152,-101,-332,-467,-482,-361,-155,76,300,445,446,325,135,-76,-274,-388,-399,-300,-124,80,265,372,367,272,116,-81,-256,-349,-347,-258,-93,97,0,314,319,225,69,-119,-250,-309,-299,-209,-50,122,248,297,265,172,23,-139,-253,-292,-258,-147,-1,142,244,280,228,113,-32,-177,-272,-284,-213,-77,75,207,290,296,227,95,-64,-211,-301,-312,-240,-116,51,206,294,301,239,117,-42,-181,-275,-298,-250,-156,-3,159,237,252,215,114,-14,-132,-218,-241,-209,-130,-11,103,182,214,192,121,17,-93,-181,-211,-198,-140,-49,46,128,181,200,166,97,5,-79,-136,-175,-175,-128,-70,0,70,119,127,115,91,60,15,-39,-75,-89,-99,-94,-67,-29,9,44,68,79,87,74,63,37,-8,-46,-61,-83,-104,-93,-69,-271,-258
62124,mtk,MTK 7916,2151646292,rx0-tx0,512,-330,264,137,219,85,-68,-230,-361,-449,-484,-474,-422,-323,-191,-43,116,261,376,451,470,436,373,266,125,-12,-138,-248,-339,-407,-419,-382,-320,-231,-122,-9,96,202,284,333,358,337,291,232,146,53,-33,-129,-214,-274,-316,-328,-302,-253,-185,-114,-27,69,159,239,282,309,311,292,249,194,115,2,-93,-168,-255,-314,-362,-379,-357,-310,-233,-120,14,148,281,388,479,514,499,428,308,153,-20,-199,-380,-513,-597,-621,-577,-468,-296,-119,101,300,474,608,674,674,593,458,279,76,-145,-368,-552,-672,-727,-714,-626,-479,-259,-20,225,463,660,774,811,767,628,425,179,-97,-368,-364,-764,-854,-855,-764,-582,-336,-43,252,525,734,858,898,846,705,471,193,-98,-392,-641,-822,-902,-898,-806,-615,-353,-56,245,518,737,879,922,887,743,520,238,-72,-368,-630,-823,-926,-939,-855,-672,-402,-103,205,498,729,895,956,908,759,539,262,-55,-361,-640,-834,-933,-948,-859,-661,-395,-87,232,527,769,903,949,889,711,472,177,-148,-449,-699,-851,-911,-861,-707,-472,-209,77,356,585,731,786,753,650,451,202,-53,-286,-476,-610,-681,-663,-564,-407,-210,4,214,397,522,577,568,496,350,168,-31,-227,-391,-501,-524,-481,-370,-196,4,190,339,418,406,320,177,22,498,441,510,384,583,50,-55,-169,-244,-284,-274,-203,-92,30,143,242,310,327,311,242,141,25,-105,-219,-305,-361,-369,-331,-258,-151,-33,106,251,362,433,443,399,296,156,-5,-170,-306,-425,-484,-482,-415,-294,-131,50,213,340,441,484,471,376,239,86,-73,-223,-338,-394,-425,-393,-319,-209,-73,52,167,263,317,327,314,246,155,56,-43,-139,-206,-244,-258,-249,-201,-125,-37,45,103,147,186,180,169,126,69,13,-39,-80,-101,-103,-93,-62,-40,-11,27,52,55,56,43,37,25,-3,-20,-32,-28,-21,-10,6,24,30,37,30,22,11,7,-14,-20,-21,-25,-14,-9,12,18,-449,-2,4,-8,-24,-42,-68,-63,-40,-27,10,55,88,105,124,126,102,69,18,-48,-108,-170,-209,-231,-223,-180,-90,-3,97,206,275,326,332,300,220,109,-15,-147,-256,-346,-395,-415,-374,-275,-159,-28,131,273,379,450,472,442,347,222,71,-97,-255,-389,-473,-500,-500,-429,-309,-161,23,186,341,456,509,525,494,407,273,108,-67,-241,-394,-495,-542,-523,-466,-366,-213,-31,146,301,421,506,543,497,421,301,147,-14,-177,-314,-425,-496,-498,-456,-377,-263,-130,39,179,303,403,461,475,434,363,256,124,-32,-185,-308,-404,-457,-476,-444,-358,-243,-111,47,209,331,-291,-79,-82,-581,-644,-417,-468,-483,-444,-347,-211,-57,98,246,361,439,472,461,399,298,165,10,-133,-255,-366,-426,-435,-411,-350,-261,-141,3,127,233,315,357,364,350,303,221,129,25,-76,-162,-241,-302,-321,-317,-293,-240,-165,-84,10,107,188,253,293,321,313,285,217,130,47,-42,-126,-198,-260,-315,-336,-314,-292,-239,-157,-68,35,138,249,340,412,439,424,378,283,152,-11,-178,-331,-447,-533,-558,-542,-458,-308,-135,63,255,438,558,635,643,578,456,294,86,-134,-338,-501,-625,-687,-693,-619,-470,-276,-61,183,403,599,723,767,743,642,463,223,-32,-305,-540,-717,-827,-854,-770,-49,-398,-126,164,446,669,820,885,861,744,534,268,-26,-314,-581,-791,-892,-918,-836,-655,-405,-116,167,454,693,857,927,896,772,561,290,3,-294,-574,-782,-909,-941,-870,-714,-477,-190,118,418,683,865,939,932,812,611,343,16,-304,-584,-794,-926,-960,-896,-726,-464,-169,137,444,703,884,963,934,797,567,285,-19,-346,-623,-814,-923,-919,-813,-607,-330,-32,269,538,730,843,862,774,590,343,71,-189,-430,-610,-711,-724,-658,-518,-335,-115,125,340,502,604,627,582,468,293,96,-109,-300,-457,-540,-560,-504,-381,-202,-6,180,349,462,489,430,304,126,-57,-206,-303,-311,-291,-409,-82,917,808,-215,-238,-201,-115,-8,123,239,307,321,286,215,110,-10,-129,-238,-315,-359,-346,-289,-197,-83,41,166,276,353,384,391,337,233,96,-69,-220,-350,-439,-473,-449,-365,-234,-64,110,270,395,477,486,439,342,200,39,-140,-291,-394,-448,-445,-393,-278,-151,-10,138,257,344,379,366,316,231,114,1,-112,-209,-262,-288,-287,-251,-175,-96,-12,65,145,203,227,216,176,136,68,-3,-64,-123,-152,-151,-139,-108,-60,-21,26,53,70,86,78,44,17,-5,-23,-33,-50,-53,-30,-15,6,23,31,38,27,12,-4,-14,-20,-21,-26,-24,-3,-6,5,12,26,29,6,26,-16,-25,-33,-26,-29,-12,33,50,75,98,94,71,31,-7,-62,-111,-144,-176,-179,-155,-117,-50,28,110,198,252,273,281,231,148,42,-74,-186,-283,-345,-372,-358,-295,-187,-68,70,217,325,391,440,433,364,254,108,-43,-198,-331,-419,-481,-479,-426,-325,-190,-38,127,293,415,493,518,489,418,280,123,-40,-206,-358,-468,-527,-527,-487,-383,-238,-65,109,259,404,499,539,520,442,337,187,3,-163,-299,-417,-490,-516,-486,-401,-287,-138,25,172,310,411,483,495,445,377,263,127,-30,-179,-290,-387,-454,-484,-447,-368,-252,-116,29,190,319,411,468,483,435,340,953,998
62125,mtk,MTK 7916,2151646292,rx0-tx1,512,-686,136,71,448,603,720,759,717,621,449,244,11,-235,-454,-638,-764,-807,-775,-693,-523,-302,-42,240,486,689,847,913,901,802,614,351,46,-261,-566,-808,-1001,-1084,-1061,-924,-697,-390,-16,365,712,993,1206,1295,1231,1038,732,315,-125,-568,-966,-1258,-1427,-1444,-1300,-1012,-624,-155,336,793,1174,1427,1545,1487,1261,909,459,-57,-553,-981,-1328,-1528,-1561,-1433,-1146,-740,-259,246,731,1131,1399,1511,1478,1303,973,541,64,-402,-821,-1153,-1372,-1457,-1370,-1163,-839,-441,2,457,851,1152,1332,1383,1311,1090,751,341,-95,-526,-896,-1185,-1353,-1380,-1265,-1007,-658,-232,214,628,987,1228,1346,1308,1159,876,507,98,-328,-719,-1023,-1240,-1316,-1246,-1071,-779,-388,7,422,781,1075,1267,1309,1209,998,686,301,-114,-530,-878,-1143,-1294,-1307,-1190,-934,-589,-195,225,636,989,1231,1336,1317,1160,871,499,64,-383,-798,-1123,-1348,-1415,-1341,-1128,-788,-353,145,613,1023,1324,1479,1467,1299,988,557,60,-454,-916,-1268,-1478,-1519,-1375,-1081,-680,-196,323,789,1156,1406,1466,1349,1081,709,239,-243,-671,-1043,-1267,-1329,-1241,-1004,-669,-262,163,550,849,1048,1113,1040,849,589,258,-89,-405,-662,-833,-908,-866,-728,-506,-240,36,300,538,686,747,719,605,416,178,-74,-317,-518,-639,-658,-570,-395,-163,89,302,439,471,406,249,219,0,545,463,4,-81,-167,-231,-245,-209,-130,-17,106,216,297,328,314,247,139,15,-123,-249,-337,-388,-398,-340,-227,-99,57,208,330,430,476,449,372,251,95,-88,-274,-425,-525,-567,-541,-442,-282,-89,130,339,495,601,633,604,478,304,107,-124,-343,-523,-642,-688,-645,-541,-366,-148,91,317,517,672,743,726,633,462,219,-43,-298,-534,-694,-783,-784,-700,-529,-302,-29,253,515,706,817,825,753,602,348,68,-217,-480,-687,-812,-839,-770,-613,-374,-106,173,434,637,763,792,750,611,397,150,-88,-329,-531,-653,-716,-687,-589,-438,-241,-18,197,387,527,595,610,558,460,315,126,-282,-221,-360,-465,-528,-528,-490,-392,-256,-104,58,207,337,421,463,478,446,370,269,139,-11,-157,-289,-380,-463,-497,-478,-418,-327,-196,-61,99,239,368,479,544,557,521,433,297,122,-82,-290,-470,-604,-692,-710,-655,-520,-321,-86,166,411,614,747,820,803,687,485,241,-34,-313,-575,-758,-859,-872,-799,-637,-401,-120,164,429,659,802,872,839,715,529,294,22,-255,-491,-684,-796,-831,-777,-649,-468,-225,32,281,503,676,771,774,718,588,396,183,-51,-287,-489,-631,-713,-724,-680,-562,-389,-184,54,265,447,604,698,710,669,555,387,190,-30,-252,-447,-603,-690,-717,-682,-64,230,9,-296,-327,601,434,232,-12,-236,-449,-625,-728,-783,-747,-644,-482,-261,-9,224,456,655,790,867,842,734,571,332,51,-232,-509,-745,-921,-1001,-989,-872,-661,-385,-47,293,627,901,1107,1193,1148,982,724,380,-30,-452,-823,-1139,-1334,-1375,-1286,-1048,-693,-257,221,684,1071,1357,1496,1468,1290,967,544,52,-461,-913,-1261,-1494,-1568,-1458,-1213,-835,-355,158,650,1081,1386,1539,1532,1374,1066,637,162,-328,-785,-1155,-1392,-1481,-1423,-1223,-899,-491,-29,428,829,1149,1341,1416,1336,1120,790,389,-44,-475,-869,-1166,-1339,-1393,-1291,-1056,-718,-300,141,576,938,1202,1345,1339,1209,947,582,157,-274,-673,-1008,-1223,-999,-1302,-1112,-823,-459,-33,372,742,1058,1247,1305,1234,1030,734,344,-75,-477,-827,-1102,-1259,-1299,-1197,-968,-651,-256,165,579,929,1171,1295,1298,1175,908,549,137,-292,-707,-1041,-1280,-1382,-1344,-1154,-843,-443,21,472,893,1219,1422,1468,1339,1077,685,213,-285,-749,-1146,-1412,-1524,-1452,-1216,-838,-377,139,633,1038,1334,1492,1458,1251,921,473,-31,-516,-932,-1241,-1398,-1361,-1195,-893,-476,-29,410,792,1065,1215,1203,1049,797,463,73,-309,-625,-854,-994,-999,-889,-682,-408,-98,212,480,686,792,812,748,584,346,85,-173,-405,-589,-686,-694,-617,-446,-215,46,291,474,573,567,453,265,37,-162,-157,-207,0,-6,283,-175,-176,-137,-55,56,162,245,285,274,215,120,-5,-133,-245,-320,-359,-348,-282,-174,-49,89,235,339,406,429,385,301,179,10,-164,-313,-431,-499,-518,-465,-345,-182,10,211,392,526,591,601,511,370,182,-31,-246,-448,-577,-657,-660,-575,-420,-221,5,237,440,605,699,708,631,505,307,64,-187,-426,-625,-750,-770,-725,-584,-376,-135,137,397,625,775,839,798,663,447,189,-95,-358,-610,-778,-832,-809,-688,-494,-232,53,325,572,742,816,808,699,513,265,5,-255,-495,-666,-740,-747,-679,-518,-312,-73,165,364,524,629,661,626,526,361,167,-28,-219,-371,-504,-574,288,-520,-418,-282,-112,63,214,354,447,500,504,463,378,248,115,-30,-188,-311,-406,-468,-479,-457,-377,-292,-171,-28,123,259,377,456,499,500,451,369,248,90,-77,-243,-403,-533,-618,-645,-598,-482,-324,-118,108,339,547,693,774,769,686,507,283,16,-258,-510,-699,-812,-857,-812,-673,-447,-174,107,386,623,787,864,853,763,585,338,63,-226,-477,-671,-805,-858,-809,-685,-501,-252,10,273,492,668,789,812,750,620,427,184,-65,-303,-518,-667,-739,-749,-690,-557,-382,-172,59,275,475,613,702,725,665,555,400,182,-33,-252,-442,-590,-678,-712,-677,-563,-398,-191,24,254,-541,-499
62126,mtk,MTK 7916,2151646292,rx1-tx0,512,0,-40,8,416,384,320,211,69,-60,-170,-268,-329,-361,-343,-288,-206,-108,12,118,202,272,310,302,266,214,122,13,-98,-200,-260,-295,-295,-266,-198,-106,4,114,219,275,304,309,253,172,51,-79,-187,-268,-322,-331,-285,-208,-97,16,132,243,305,327,311,249,157,55,-59,-150,-241,-297,-308,-282,-238,-178,-76,16,116,191,268,308,335,296,234,158,57,-60,-177,-259,-332,-363,-371,-342,-262,-136,-9,120,266,362,435,470,441,369,254,103,-52,-221,-380,-488,-548,-565,-500,-359,-192,11,212,397,552,640,661,605,475,280,57,-198,-432,-594,-705,-733,-677,-529,-317,-80,164,794,618,730,771,729,582,387,137,-135,-390,-583,-733,-792,-741,-613,-417,-175,95,349,571,713,774,750,621,439,203,-51,-303,-511,-668,-743,-724,-631,-470,-248,-15,223,430,580,673,691,620,474,293,70,-174,-363,-516,-612,-631,-601,-514,-340,-124,83,284,444,556,612,585,481,342,159,-43,-229,-391,-484,-535,-510,-414,-284,-128,48,186,311,389,410,402,343,246,123,4,-109,-206,-266,-295,-295,-268,-212,-132,-44,42,111,171,203,228,216,193,149,86,20,-43,-105,-153,-185,-211,-208,-173,-113,-61,12,99,157,212,232,210,173,92,3,-87,-163,-203,-205,-164,-88,8,-58,-84,0,249,73,-292,-299,-232,-107,57,229,359,428,427,353,214,41,-141,-299,-414,-487,-480,-409,-283,-124,52,230,372,473,508,477,407,278,111,-65,-233,-386,-496,-546,-530,-453,-341,-167,25,210,385,507,578,593,528,402,244,29,-179,-345,-499,-599,-617,-572,-473,-318,-125,77,260,425,551,626,622,536,384,226,33,-184,-347,-479,-580,-601,-565,-465,-320,-154,40,221,385,501,556,556,500,410,269,107,-63,-227,-365,-467,-522,-540,-507,-418,-291,-128,46,215,381,495,568,580,529,427,272,95,-91,-278,-443,-560,-617,-587,-505,-397,-229,-38,169,349,484,577,604,578,475,334,146,381,-217,-377,-518,-577,-587,-542,-438,-302,-116,67,240,383,492,552,549,501,403,276,141,-28,-199,-351,-466,-546,-573,-561,-477,-338,-191,-8,188,365,516,609,645,628,545,388,209,-10,-240,-440,-608,-712,-735,-689,-572,-382,-155,98,346,549,702,782,774,687,518,311,81,-189,-433,-624,-748,-792,-744,-622,-430,-204,50,298,520,669,750,742,665,532,319,81,-174,-397,-563,-670,-702,-661,-559,-405,-206,15,214,392,528,598,624,568,465,322,132,-56,-227,-384,-484,-552,-548,-490,-391,-250,-75,93,255,390,497,539,515,443,323,163,-3,-171,-324,-425,-487,-485,-428,-320,-188,224,319,0,-73,-106,-17,-133,-244,-338,-389,-380,-342,-268,-154,-35,92,200,271,327,341,299,249,167,60,-53,-144,-224,-287,-311,-300,-240,-162,-68,36,140,230,287,306,292,228,125,36,-86,-200,-279,-328,-318,-262,-186,-76,47,167,257,320,324,300,221,115,3,-107,-209,-278,-321,-318,-274,-206,-101,-4,101,181,263,313,313,279,227,149,56,-48,-169,-234,-299,-343,-354,-319,-241,-140,-25,86,205,307,378,403,406,351,249,139,-12,-167,-307,-421,-480,-496,-476,-376,-232,-73,113,313,467,570,622,593,503,350,132,-90,-315,-506,-630,-693,-687,-574,-402,-187,52,298,515,669,738,735,572,453,224,-20,-288,-513,-672,-767,-764,-661,-496,-284,-16,249,484,663,767,776,697,547,318,77,-201,-436,-618,-733,-757,-689,-554,-364,-111,138,367,565,683,720,675,551,374,161,-75,-313,-491,-611,-678,-648,-554,-415,-217,2,205,399,552,615,615,551,417,249,54,-161,-342,-473,-565,-572,-521,-389,-224,-40,151,298,409,469,477,431,341,200,58,-79,-210,-300,-359,-363,-340,-274,-183,-83,18,112,201,254,274,256,221,167,112,34,-38,-105,-163,-200,-213,-210,-186,-137,-84,-22,56,122,167,195,218,196,152,92,8,-77,-152,-210,-222,-199,-143,-62,26,107,163,178,38,15,0,234,319,-38,104,248,350,387,344,219,58,-125,-289,-416,-467,-455,-362,-231,-62,121,287,412,486,507,448,339,188,8,-155,-302,-435,-508,-518,-476,-378,-225,-44,144,309,446,549,572,542,450,301,117,-84,-284,-437,-558,-627,-593,-510,-381,-190,21,217,397,540,615,625,564,450,282,72,-138,-328,-466,-560,-625,-593,-485,-362,-180,24,213,379,501,573,584,528,434,280,120,-54,-224,-369,-479,-535,-544,-499,-407,-268,-113,49,214,358,471,538,555,524,431,293,121,-78,-257,-416,-528,-579,-580,-533,-420,-255,-61,143,300,443,559,606,592,493,359,182,-6,-199,-366,-499,-585,-1037,-553,-473,-325,-131,51,241,391,511,574,570,513,411,283,111,-56,-213,-359,-449,-517,-547,-515,-432,-308,-161,4,175,351,471,552,605,581,511,377,194,-2,-202,-410,-557,-654,-698,-651,-556,-394,-174,56,287,490,650,744,764,692,551,354,115,-146,-400,-604,-727,-792,-776,-669,-490,-263,5,265,492,660,755,786,729,580,373,133,-122,-341,-537,-678,-738,-723,-617,-452,-245,-17,199,389,539,639,659,604,502,343,165,-31,-232,-382,-510,-576,-567,-527,-413,-268,-107,71,234,374,493,535,527,473,367,222,41,-130,-284,-415,-493,-513,-489,-394,-265,-105,65,221,341,416,-249,-95
62127,mtk,MTK 7916,2151646292,rx1-tx1,512,0,0,0,909,787,506,122,-303,-670,-889,-917,-756,-440,-27,396,734,920,912,710,359,-61,-463,-774,-934,-895,-669,-304,115,509,797,916,846,603,231,-178,-532,-780,-860,-758,-496,-138,245,560,757,783,639,366,29,-310,-582,-715,-689,-523,-250,77,382,599,693,625,421,141,-160,-417,-575,-613,-522,-319,-63,193,400,505,511,407,217,-16,-208,-332,-387,-362,-250,-92,75,203,264,261,186,64,-68,-175,-227,-214,-135,-11,112,219,280,262,174,40,-122,-261,-351,-367,-292,-142,44,230,374,449,425,300,104,-113,-326,-479,-536,-467,-305,-72,185,422,574,607,509,301,33,-247,-485,0,-663,-545,-323,-35,277,533,686,692,569,335,26,-292,-544,-696,-708,-577,-330,-27,286,540,690,706,578,334,31,-269,-523,-668,-669,-537,-315,-19,264,480,601,599,478,260,-21,-275,-452,-557,-554,-435,-221,40,278,451,524,495,365,160,-63,-262,-418,-489,-464,-345,-150,65,249,382,439,416,307,148,-32,-203,-318,-369,-356,-278,-145,6,136,227,273,267,207,115,17,-77,-144,-177,-168,-131,-76,-14,43,81,95,76,37,7,-22,-42,-51,-44,-22,20,47,69,78,70,37,-11,-59,-90,-108,-114,-98,-67,-17,39,86,106,119,126,112,74,39,4,-28,-54,-68,0,0,0,0,0,7,29,30,23,18,19,15,19,25,30,41,48,44,33,22,-6,-42,-76,-101,-117,-120,-105,-62,5,67,125,177,208,200,147,70,-28,-126,-202,-247,-267,-237,-156,-51,55,175,254,285,264,212,123,5,-107,-195,-248,-255,-210,-145,-55,33,109,158,179,155,111,50,-5,-45,-60,-53,-37,-15,-5,-8,-27,-54,-88,-119,-119,-93,-37,52,152,234,292,297,232,110,-46,-208,-357,-453,-463,-378,-217,-13,217,428,563,583,501,334,75,-222,-469,-639,-698,-623,-421,-138,184,487,696,773,701,496,191,-162,-494,-731,-819,-746,-532,-217,153,498,741,833,758,547,0,-154,-503,-740,-832,-758,-530,-196,168,495,716,791,694,456,137,-209,-518,-705,-749,-639,-389,-66,268,551,713,708,555,284,-34,-338,-575,-688,-645,-468,-201,101,387,591,649,558,347,79,-219,-451,-575,-577,-454,-228,47,290,470,539,483,313,69,-182,-392,-498,-472,-330,-105,152,372,504,516,412,201,-77,-359,-568,-639,-573,-384,-93,245,541,729,770,636,362,-1,-375,-677,-846,-851,-663,-334,72,465,769,921,887,660,291,-128,-537,-840,-963,-885,-629,-239,205,596,869,955,844,558,153,-286,-657,-886,-930,-781,-467,-50,377,709,894,893,701,364,-48,-455,-768,-904,-840,0,0,0,0,0,46,446,760,912,867,643,278,-145,-544,-830,-937,-848,-585,-204,223,604,869,954,826,526,126,-292,-650,-872,-924,-776,-462,-56,349,678,855,860,692,378,-21,-405,-692,-817,-781,-575,-254,106,438,680,757,673,460,152,-187,-479,-664,-704,-592,-358,-45,273,516,644,635,484,237,-43,-300,-495,-583,-541,-386,-158,87,295,428,464,402,250,65,-120,-258,-326,-311,-230,-93,56,182,246,226,147,32,-93,-194,-247,-231,-152,-32,114,249,317,308,220,78,-92,-256,-370,-399,-347,-216,-27,178,361,472,478,377,199,-32,-271,-460,-552,-540,-412,-192,81,347,553,636,588,425,0,-131,-411,-612,-689,-633,-451,-177,146,437,643,724,652,470,198,-120,-431,-645,-727,-662,-478,-204,120,424,617,686,630,452,175,-134,-403,-577,-647,-584,-404,-146,129,381,544,584,516,350,115,-153,-378,-515,-548,-468,-286,-67,164,368,494,505,426,260,45,-169,-348,-448,-470,-395,-238,-46,152,315,401,408,357,237,70,-88,-215,-307,-322,-275,-190,-79,40,140,206,225,198,135,47,-27,-88,-125,-133,-105,-59,-11,32,59,60,38,17,-10,-40,-63,-67,-48,-15,20,53,85,99,94,61,25,-19,-69,-108,-122,-123,-98,-65,-33,9,57,93,112,110,96,77,44,0,0,0,0,0,-31,-27,-19,-14,-12,-9,-9,-8,-9,-3,0,14,33,54,74,91,90,77,49,-3,-61,-106,-139,-158,-152,-125,-74,2,90,171,224,245,221,157,63,-47,-163,-235,-273,-273,-231,-145,-36,79,190,258,272,249,183,77,-33,-117,-180,-218,-218,-173,-100,-16,52,91,108,96,63,34,14,2,6,15,35,47,50,26,-16,-86,-152,-203,-219,-193,-124,-18,126,254,340,368,344,248,95,-101,-305,-465,-527,-491,-371,-161,90,333,529,632,626,490,258,-46,-353,-586,-713,-719,-577,-317,7,332,604,776,795,637,363,18,-334,-630,-803,-812,-663,-386,-34,334,635,0,823,686,401,27,-341,-636,-792,-789,-626,-348,8,358,626,763,742,560,267,-75,-399,-642,-742,-675,-468,-177,149,445,644,708,624,399,95,-222,-492,-647,-654,-526,-283,25,308,514,611,574,415,159,-125,-372,-522,-555,-459,-261,-11,232,428,523,484,318,79,-173,-379,-498,-503,-378,-161,109,362,535,582,496,281,-12,-312,-551,-694,-689,-512,-209,136,470,719,816,748,512,160,-242,-608,-852,-907,-786,-501,-118,312,684,909,941,785,468,51,-384,-736,-930,-938,-754,-407,24,447,775,948,909,684,319,-108,-516,-816,-929,-846,-590,-211,212,598,850,917,791,502,97,-322,0,0
62128,mtk,MTK 7916,2151646292,rx2-tx0,512,0,0,0,-170,-710,-1125,-1308,-1208,-850,-324,277,836,1227,1356,1211,807,242,-366,-899,-1254,-1341,-1134,-692,-114,479,963,1243,1265,1009,531,-51,-610,-1039,-1241,-1173,-848,-343,221,736,1091,1205,1061,686,166,-382,-830,-1085,-1105,-900,-497,15,503,865,1036,972,694,267,-208,-621,-878,-931,-779,-448,-22,404,715,853,788,539,168,-229,-571,-768,-764,-580,-269,104,463,710,777,656,380,1,-380,-668,-812,-763,-524,-148,272,637,846,856,684,347,-98,-534,-857,-992,-912,-614,-167,339,785,1064,1112,912,505,-20,-562,-995,-1226,-1196,-903,-407,192,770,1195,1364,1254,876,305,-348,-930,-1325,-1449,-1286,-844,0,477,1057,1421,1501,1278,773,98,-588,-1144,-1476,-1499,-1201,-666,7,684,1215,1493,1459,1115,549,-119,-768,-1256,-1459,-1349,-975,-396,268,861,1259,1385,1218,791,189,-440,-971,-1297,-1344,-1086,-593,18,629,1101,1330,1278,955,418,-212,-792,-1212,-1376,-1247,-838,-254,391,950,1326,1428,1227,764,154,-486,-1030,-1362,-1414,-1189,-719,-97,528,1040,1337,1362,1138,676,72,-527,-997,-1271,-1286,-1043,-602,-58,490,918,1153,1164,939,532,38,-444,-816,-1023,-1022,-834,-480,-42,380,710,897,903,734,441,77,-278,-560,-738,-781,-665,-427,-129,171,427,598,665,607,455,247,16,-201,-367,-464,-486,-437,-347,-233,0,0,0,0,0,49,-81,-223,-370,-493,-548,-537,-444,-271,-34,228,469,647,726,697,546,284,-37,-356,-632,-797,-824,-702,-450,-101,275,611,846,925,831,570,200,-219,-599,-878,-998,-932,-687,-301,149,564,873,1020,972,744,371,-73,-491,-806,-966,-945,-741,-398,17,415,714,871,858,658,335,-41,-392,-648,-768,-729,-541,-256,75,366,570,651,595,416,164,-102,-339,-495,-533,-454,-289,-75,145,320,413,412,319,164,-9,-165,-269,-297,-259,-172,-55,60,150,185,165,96,4,-84,-135,-141,-102,-19,86,170,211,200,129,2,-148,-279,-351,-346,-252,-92,105,304,458,522,472,316,82,-194,0,-617,-679,-600,-382,-64,267,557,751,801,687,434,69,-326,-666,-863,-900,-757,-443,-36,381,740,950,957,779,445,11,-428,-775,-964,-953,-749,-389,55,473,781,931,891,657,282,-128,-493,-758,-859,-774,-539,-190,205,530,712,743,616,358,17,-302,-531,-630,-596,-418,-145,156,405,550,554,437,210,-63,-312,-482,-537,-454,-254,-2,243,429,521,476,310,70,-180,-388,-509,-513,-378,-138,144,390,554,591,486,243,-64,-356,-573,-675,-625,-417,-95,260,563,747,776,632,329,-58,-439,-738,-890,-842,-605,-223,210,606,892,984,867,557,105,-381,-800,-1057,-1093,-885,-488,21,539,0,0,0,0,0,1244,1048,628,63,-521,-1001,-1279,-1302,-1058,-584,17,606,1067,1318,1295,993,482,-133,-705,-1129,-1312,-1219,-869,-338,267,802,1165,1277,1098,690,160,-421,-912,-1190,-1204,-963,-527,22,566,972,1165,1109,817,345,-196,-672,-986,-1082,-944,-603,-143,342,750,985,981,743,355,-84,-495,-790,-886,-772,-485,-96,307,632,802,771,563,231,-157,-512,-736,-772,-624,-332,52,426,693,796,712,453,90,-315,-650,-824,-811,-605,-243,198,592,855,941,808,480,24,-448,-831,-1041,-1021,-764,-328,198,700,1056,1187,1071,716,189,-398,-916,-1243,-1306,-1090,-651,-50,580,1089,1367,1376,1104,584,-84,-737,-1222,0,-1424,-1078,-504,183,854,1334,1523,1402,1001,382,-313,-938,-1371,-1522,-1364,-916,-274,413,994,1378,1483,1267,785,153,-515,-1061,-1369,-1390,-1120,-612,24,657,1140,1369,1294,946,413,-208,-793,-1200,-1339,-1189,-782,-202,427,963,1282,1333,1096,622,12,-600,-1091,-1364,-1346,-1025,-491,137,736,1215,1434,1353,990,442,-196,-803,-1246,-1431,-1323,-947,-397,222,793,1196,1351,1243,893,363,-227,-755,-1118,-1244,-1126,-796,-308,214,672,1006,1123,1014,710,279,-191,-605,-885,-984,-896,-639,-262,146,498,747,851,783,577,280,-59,-379,-605,-717,-691,-543,-316,-50,214,430,556,586,533,405,230,44,-122,-244,-316,0,0,0,0,0,349,392,381,303,169,-12,-217,-417,-571,-656,-646,-520,-301,-27,268,538,724,791,711,505,211,-130,-473,-739,-875,-846,-659,-344,44,437,760,945,944,768,449,36,-397,-754,-977,-1023,-869,-543,-122,322,712,950,1003,877,587,179,-253,-629,-881,-952,-825,-540,-173,215,547,762,818,717,468,130,-211,-501,-675,-694,-577,-350,-66,230,455,579,570,449,243,-13,-251,-419,-478,-429,-309,-130,70,234,333,361,297,166,25,-100,-203,-251,-221,-139,-34,63,136,169,137,60,-28,-107,-161,-155,-99,-3,112,209,259,248,162,18,-141,-293,-405,-430,-358,-203,17,257,464,588,587,0,236,-74,-382,-621,-743,-707,-536,-252,107,469,739,869,833,607,253,-154,-545,-832,-948,-875,-632,-245,197,599,877,984,897,616,196,-250,-626,-880,-962,-837,-534,-129,298,661,879,901,739,427,34,-346,-632,-789,-777,-593,-277,76,391,608,688,607,396,100,-214,-464,-585,-566,-416,-171,106,349,502,535,439,231,-30,-273,-451,-514,-464,-290,-38,222,418,511,477,331,101,-164,-407,-545,-543,-410,-183,110,387,570,629,548,323,11,-317,-577,-716,-698,-518,-207,157,499,748,834,736,471,81,-346,-710,-907,-916,-734,-385,64,515,865,1038,987,714,281,-213,-688,-1029,-1153,-1021,0,0
62129,mtk,MTK 7916,2151646292,rx2-tx1,512,0,0,0,-17,229,424,519,500,387,206,-17,-230,-385,-442,-412,-295,-129,52,201,298,323,281,185,47,-90,-193,-248,-241,-177,-73,28,112,170,191,155,70,-21,-79,-116,-126,-102,-52,16,74,92,69,24,-36,-99,-147,-151,-97,-2,99,192,267,294,247,128,-40,-198,-345,-434,-432,-336,-163,69,301,477,577,552,413,178,-110,-381,-584,-667,-600,-415,-152,166,451,643,707,627,395,71,-264,-550,-730,-757,-624,-354,-4,369,658,805,807,635,305,-83,-448,-728,-866,-818,-599,-257,137,502,765,880,807,561,207,-185,-553,-787,-854,-754,-513,-170,212,549,751,789,670,415,78,0,-526,-687,-693,-550,-291,30,323,537,627,570,383,126,-150,-389,-542,-552,-426,-209,60,322,495,552,471,267,-10,-293,-525,-635,-597,-398,-89,253,554,752,805,672,378,-16,-435,-781,-990,-997,-791,-400,99,605,1006,1215,1185,920,461,-115,-684,-1137,-1380,-1350,-1068,-566,58,690,1196,1478,1467,1171,653,-6,-665,-1190,-1493,-1522,-1254,-741,-100,566,1123,1462,1526,1297,832,223,-417,-971,-1332,-1454,-1288,-887,-342,238,758,1135,1284,1198,900,448,-73,-554,-903,-1069,-1022,-801,-465,-55,350,662,840,859,728,478,154,-186,-468,-658,-725,-667,-506,-291,-46,201,398,506,538,494,398,271,127,0,0,0,0,0,81,200,295,364,394,367,294,172,13,-156,-299,-405,-446,-419,-324,-169,23,205,354,437,438,357,212,30,-164,-327,-418,-436,-363,-205,-7,182,349,459,454,362,203,7,-210,-391,-488,-479,-395,-233,-13,218,402,517,524,432,258,22,-213,-411,-537,-546,-436,-247,-16,209,388,497,515,422,248,31,-193,-373,-457,-456,-381,-227,-33,144,282,354,354,285,156,-8,-147,-236,-263,-237,-160,-51,77,178,223,211,155,42,-73,-174,-233,-239,-189,-90,30,146,233,271,260,184,59,-61,-176,-260,-295,-270,-180,-57,70,186,265,293,262,176,44,-84,-176,-242,-275,-251,-173,0,46,142,205,223,196,148,78,6,-56,-103,-123,-127,-125,-103,-77,-51,-17,7,19,35,67,106,145,173,171,135,73,2,-97,-200,-273,-294,-263,-178,-52,90,235,356,399,368,272,111,-82,-263,-407,-468,-441,-325,-142,79,292,451,510,480,352,137,-108,-327,-484,-541,-490,-324,-99,151,364,498,520,442,261,23,-218,-407,-503,-508,-397,-180,64,289,472,537,476,312,80,-174,-391,-541,-569,-467,-267,-11,260,480,595,583,445,218,-61,-339,-547,-641,-600,-434,-170,126,392,570,641,582,392,122,-175,-443,-623,-663,-562,-353,-85,203,449,595,613,508,315,63,-200,0,0,0,0,0,-556,-501,-345,-125,116,319,446,482,411,258,65,-129,-285,-370,-367,-294,-170,-20,134,247,294,277,191,74,-47,-149,-216,-222,-176,-83,22,108,155,169,136,68,-4,-59,-88,-90,-61,-1,57,90,99,74,19,-62,-149,-211,-213,-156,-61,72,224,329,367,336,231,55,-157,-350,-480,-520,-445,-274,-40,215,445,586,614,517,298,12,-279,-527,-669,-672,-525,-261,62,371,617,740,704,493,190,-140,-460,-707,-794,-701,-486,-158,222,560,780,845,722,451,83,-304,-640,-844,-860,-705,-416,-38,357,663,848,866,693,369,-22,-388,-669,-815,-794,-610,-303,55,402,652,747,0,493,200,-136,-425,-609,-655,-568,-355,-55,231,459,581,561,406,170,-102,-351,-511,-537,-429,-223,49,318,506,572,505,316,27,-276,-512,-661,-675,-522,-224,152,514,791,904,826,565,153,-313,-737,-1031,-1136,-1006,-658,-154,389,884,1220,1321,1173,789,228,-396,-951,-1337,-1461,-1307,-892,-301,358,954,1378,1529,1383,982,387,-304,-926,-1363,-1540,-1436,-1064,-490,174,797,1264,1487,1429,1105,583,-34,-622,-1079,-1324,-1320,-1082,-666,-129,423,861,1123,1174,1000,661,223,-236,-632,-894,-982,-878,-632,-292,85,429,675,786,754,599,352,58,-229,-468,-609,-646,-590,-461,-269,-65,122,263,348,385,0,0,0,0,0,-292,-258,-193,-89,43,181,307,392,432,410,328,183,4,-171,-319,-418,-446,-397,-275,-108,87,266,391,438,409,296,127,-76,-264,-401,-455,-424,-302,-122,93,296,428,480,454,320,133,-90,-303,-470,-529,-491,-342,-132,102,318,478,544,484,332,135,-103,-327,-484,-545,-498,-351,-143,89,301,453,502,462,329,145,-67,-247,-380,-435,-392,-272,-112,53,200,292,311,271,171,38,-96,-191,-227,-198,-132,-36,85,173,218,213,156,59,-67,-175,-234,-246,-222,-148,-20,122,231,279,268,217,129,5,-128,-243,-313,-308,-231,-115,14,136,234,283,262,204,109,-3,-115,-205,0,-252,-205,-125,-29,75,142,177,181,162,114,56,0,-30,-48,-74,-90,-87,-81,-89,-91,-81,-75,-53,-1,66,136,197,227,223,182,88,-30,-149,-264,-338,-343,-270,-157,1,176,314,405,431,367,220,16,-204,-382,-480,-496,-422,-258,-21,213,396,522,540,423,226,-6,-239,-429,-521,-511,-407,-211,48,290,461,527,476,334,121,-137,-364,-500,-529,-444,-268,-22,237,441,539,525,396,186,-70,-337,-523,-581,-530,-366,-100,183,426,584,625,538,329,48,-241,-480,-624,-637,-511,-283,7,291,518,639,630,483,242,-47,-330,-536,-632,-609,-458,-205,74,332,520,604,575,0,0
62130,mtk,MTK 7916,2151955133,rx0-tx0,512,-330,264,137,-102,-205,-287,-370,-439,-481,-488,-465,-422,-353,-265,-157,-40,69,174,267,350,405,432,441,425,385,328,260,168,73,-20,-101,-182,-251,-298,-336,-361,-361,-346,-312,-270,-222,-159,-99,-43,34,118,179,230,271,290,301,313,314,297,252,206,160,109,47,-28,-88,-148,-195,-243,-288,-312,-320,-325,-318,-295,-264,-221,-167,-95,-18,66,159,260,337,396,451,492,491,470,433,347,236,118,-10,-131,-269,-404,-497,-589,-633,-637,-614,-543,-442,-324,-198,-44,109,265,408,524,628,689,707,702,642,551,424,275,109,-66,-236,-406,-566,-679,-763,-800,-785,-739,-634,-486,-315,-130,-364,290,474,637,773,852,872,849,780,666,513,325,113,-104,-316,-522,-692,-796,-874,-906,-875,-792,-669,-507,-302,-85,129,336,534,698,821,899,921,885,809,683,511,312,87,-140,-353,-552,-721,-838,-913,-920,-902,-822,-681,-513,-292,-51,173,377,578,746,847,927,941,897,800,650,457,234,9,-229,-441,-633,-804,-891,-931,-931,-845,-720,-541,-334,-107,125,334,536,681,792,842,825,774,672,519,336,138,-57,-257,-419,-544,-628,-686,-691,-656,-573,-450,-306,-152,13,174,312,431,519,568,569,526,457,349,222,71,-76,-214,-341,-443,-481,-468,-422,-322,-192,-46,89,197,252,498,441,510,384,583,128,201,257,267,238,196,119,22,-65,-165,-242,-288,-318,-324,-313,-265,-199,-124,-30,67,156,232,307,356,381,382,354,305,228,128,10,-110,-228,-318,-397,-457,-474,-460,-408,-314,-204,-95,36,158,275,365,424,462,468,433,368,279,161,45,-79,-176,-262,-335,-374,-383,-368,-336,-283,-213,-114,-24,48,128,200,244,277,288,271,234,179,139,87,24,-30,-99,-157,-180,-188,-186,-159,-139,-109,-75,-26,10,32,59,77,84,93,81,54,42,12,-23,-31,-33,-35,-35,-21,-10,-10,7,26,33,26,25,23,12,5,-5,-5,-12,-27,-26,-20,-17,-11,-10,3,-449,25,23,17,11,-10,-19,-46,-66,-83,-103,-105,-90,-53,-15,21,62,103,139,179,203,209,193,165,133,76,11,-55,-141,-226,-279,-321,-344,-340,-317,-259,-180,-99,0,111,215,312,367,402,422,424,387,331,253,155,52,-76,-197,-301,-397,-461,-490,-498,-479,-431,-361,-261,-158,-37,99,222,331,428,496,529,537,526,464,364,265,145,19,-125,-245,-350,-431,-510,-545,-539,-505,-445,-387,-283,-166,-50,88,205,314,399,458,494,503,491,446,370,291,195,90,-12,-126,-236,-315,-389,-441,-471,-471,-459,-425,-357,-256,-161,-48,61,155,247,335,405,455,474,472,446,-291,-79,-82,-581,-644,-476,-429,-371,-298,-202,-88,34,148,253,338,401,451,466,458,431,387,311,212,106,3,-98,-192,-261,-329,-374,-394,-401,-390,-358,-299,-229,-157,-83,-1,80,149,203,254,297,315,330,340,317,286,244,183,119,68,2,-66,-143,-197,-231,-267,-300,-320,-315,-289,-264,-236,-201,-146,-81,-31,26,99,169,233,281,331,367,390,403,403,358,286,213,132,25,-95,-196,-314,-428,-500,-544,-563,-555,-539,-451,-356,-239,-81,57,213,348,467,555,626,672,661,612,530,434,311,147,-17,-183,-337,-473,-596,-698,-753,-756,-723,-653,-546,-392,-217,-20,161,342,519,659,760,822,-49,808,715,591,419,214,10,-199,-401,-583,-727,-833,-892,-892,-843,-749,-588,-405,-210,15,241,441,614,755,857,906,899,845,737,588,407,195,-27,-243,-443,-622,-774,-877,-930,-923,-863,-760,-600,-405,-181,44,258,475,664,802,907,941,920,855,756,574,383,174,-68,-287,-496,-676,-826,-917,-952,-924,-829,-703,-523,-299,-84,157,392,582,738,850,903,885,824,701,534,346,127,-84,-279,-470,-616,-719,-763,-765,-712,-608,-476,-323,-148,26,192,348,478,560,605,618,586,515,413,273,124,-33,-176,-309,-419,-499,-530,-510,-457,-371,-246,-92,52,193,310,380,398,357,271,156,-291,-409,-82,917,808,182,134,52,-48,-133,-209,-279,-305,-309,-286,-213,-135,-52,38,130,219,278,328,350,346,315,277,212,118,21,-84,-182,-271,-347,-407,-429,-424,-385,-315,-234,-117,9,137,255,349,411,452,466,448,389,296,187,65,-51,-171,-275,-366,-415,-444,-426,-379,-320,-227,-119,-21,68,156,234,300,333,327,307,291,233,180,110,36,-36,-110,-161,-193,-224,-228,-225,-204,-157,-104,-61,0,44,71,106,128,135,121,103,89,56,30,-2,-35,-46,-57,-68,-54,-28,-22,-15,-1,10,15,27,39,33,20,10,2,-20,-39,-38,-35,-29,-31,-18,5,15,22,24,25,23,26,-2,-27,-37,-47,-48,-41,-40,-20,-9,11,45,81,105,121,131,132,126,104,71,24,-42,-99,-154,-215,-259,-274,-275,-263,-215,-153,-87,4,100,195,273,322,354,378,379,354,293,209,118,11,-100,-208,-300,-385,-438,-479,-470,-433,-375,-294,-195,-81,37,154,267,370,441,492,516,508,467,410,323,202,86,-29,-157,-301,-400,-467,-519,-539,-537,-491,-425,-342,-236,-94,41,179,277,375,468,507,536,516,473,412,325,228,126,10,-100,-209,-294,-362,-432,-473,-482,-473,-413,-342,-265,-176,-72,28,128,230,328,389,435,463,459,443,405,348,258,149,31,-79,-194,953,998
62131,mtk,MTK 7916,2151955133,rx0-tx1,512,-686,136,71,740,747,734,679,579,461,319,141,-19,-181,-359,-510,-639,-741,-802,-829,-816,-760,-674,-541,-379,-198,7,224,427,605,760,894,983,1007,992,920,800,638,427,181,-98,-364,-613,-847,-1049,-1188,-1272,-1287,-1215,-1076,-870,-603,-296,36,373,690,969,1211,1394,1485,1486,1404,1228,984,678,341,-37,-410,-752,-1064,-1305,-1474,-1566,-1555,-1459,-1291,-1033,-713,-355,31,404,733,1030,1281,1448,1523,1521,1429,1261,1020,729,405,55,-288,-619,-903,-1140,-1310,-1394,-1417,-1358,-1240,-1048,-793,-513,-192,132,435,735,981,1180,1313,1381,1370,1276,1108,877,617,315,-11,-335,-628,-888,-1100,-1248,-1340,-1335,-1261,-1120,98,-664,-371,-73,244,561,820,1023,1187,1290,1313,1262,1139,959,741,461,146,-155,-447,-720,-956,-1138,-1259,-1302,-1285,-1198,-1034,-811,-543,-252,51,362,646,910,1124,1273,1343,1340,1280,1149,931,665,353,9,-330,-660,-954,-1188,-1369,-1462,-1487,-1409,-1236,-984,-670,-309,72,438,784,1088,1322,1480,1532,1486,1358,1134,828,496,104,-287,-631,-951,-1202,-1373,-1441,-1424,-1300,-1099,-844,-511,-161,179,502,779,1005,1152,1215,1198,1097,936,706,442,174,-91,-365,-589,-749,-867,-929,-916,-850,-741,-570,-381,-177,40,243,423,565,667,725,721,666,556,413,231,25,-167,-345,-489,-568,-576,-516,-394,-232,-65,249,219,0,545,463,114,181,221,225,197,140,57,-43,-140,-225,-294,-324,-330,-299,-244,-171,-75,25,131,230,316,384,414,418,400,344,262,156,41,-94,-235,-352,-447,-512,-548,-541,-493,-405,-272,-133,15,174,325,451,543,615,638,610,550,454,320,169,-10,-187,-335,-477,-585,-666,-713,-692,-633,-530,-383,-231,-53,143,323,480,607,709,765,773,725,631,494,316,130,-76,-282,-471,-638,-749,-815,-836,-789,-701,-562,-382,-186,40,259,449,609,731,802,822,798,714,574,407,225,23,-168,-359,-513,-619,-687,-714,-709,-664,-565,-427,-277,-123,44,205,354,466,537,593,609,593,541,452,351,-282,118,-19,-145,-246,-339,-410,-469,-505,-504,-472,-427,-374,-285,-179,-88,17,118,212,302,369,424,476,472,466,443,389,321,241,150,41,-70,-167,-270,-369,-449,-507,-552,-569,-556,-519,-463,-375,-245,-86,74,240,413,559,686,748,776,786,716,608,470,297,92,-104,-298,-488,-652,-778,-851,-866,-836,-770,-647,-484,-297,-89,120,325,512,644,759,829,843,826,764,641,497,327,137,-64,-250,-415,-575,-696,-767,-796,-787,-739,-652,-529,-373,-206,-37,137,297,452,567,657,720,743,727,661,571,458,304,163,8,-155,-305,-449,-554,-630,-697,-724,-715,-663,-573,-450,-309,-143,31,-64,230,9,-296,-327,172,-2,-172,-339,-486,-601,-707,-771,-777,-775,-715,-613,-497,-349,-180,-1,196,379,548,694,799,876,911,897,835,726,593,417,201,-23,-252,-491,-698,-879,-1017,-1115,-1150,-1112,-1024,-867,-653,-390,-109,198,507,782,1032,1225,1348,1398,1371,1251,1064,808,498,150,-206,-557,-893,-1164,-1378,-1514,-1565,-1504,-1373,-1152,-859,-523,-157,219,576,905,1190,1394,1528,1573,1510,1373,1167,887,539,183,-180,-527,-842,-1104,-1300,-1427,-1478,-1440,-1326,-1140,-894,-602,-282,45,369,671,947,1154,1305,1390,1379,1320,1184,975,721,424,101,-233,-549,-832,-1052,-1225,-1336,-1370,-1325,-1200,-1025,-776,-496,-179,153,460,740,-999,1174,1282,1322,1308,1208,1039,830,570,264,-52,-362,-638,-875,-1070,-1227,-1294,-1290,-1225,-1088,-887,-646,-359,-56,246,549,813,1036,1199,1300,1333,1285,1161,990,760,475,151,-173,-482,-779,-1032,-1231,-1377,-1430,-1399,-1282,-1085,-843,-535,-188,179,544,864,1143,1352,1480,1512,1457,1317,1076,768,417,30,-346,-715,-1039,-1270,-1427,-1510,-1468,-1345,-1145,-862,-512,-147,228,582,874,1122,1284,1336,1312,1210,1032,789,498,178,-142,-425,-673,-870,-1004,-1061,-1063,-982,-822,-630,-418,-180,58,275,478,644,744,799,806,748,653,507,331,141,-60,-247,-415,-544,-640,-662,-623,-537,-396,-209,-8,179,329,416,433,-157,-207,0,-6,283,141,89,16,-70,-154,-230,-282,-292,-269,-219,-145,-47,50,156,244,311,360,377,369,325,257,157,42,-70,-192,-299,-381,-431,-462,-470,-437,-362,-271,-152,-10,139,279,409,504,564,602,597,532,425,289,137,-34,-200,-353,-493,-587,-648,-671,-636,-578,-484,-351,-196,-11,171,328,484,605,692,749,739,671,575,445,281,86,-119,-306,-480,-624,-726,-787,-810,-762,-668,-535,-362,-172,50,274,463,632,745,826,849,803,713,581,407,203,-6,-212,-411,-575,-688,-763,-788,-765,-688,-563,-412,-240,-61,118,291,438,555,626,670,667,631,553,435,320,191,43,-109,-252,-361,-445,288,-539,-546,-517,-466,-398,-306,-201,-85,33,140,224,311,394,449,477,491,465,432,379,303,215,106,-9,-94,-195,-288,-358,-411,-459,-487,-494,-479,-452,-398,-313,-215,-94,40,175,310,432,534,626,669,682,669,604,495,352,182,21,-174,-376,-538,-682,-791,-848,-843,-792,-706,-562,-389,-187,26,226,422,603,727,823,868,864,815,701,557,395,196,-4,-194,-384,-546,-671,-764,-819,-831,-779,-712,-595,-436,-263,-75,112,293,453,584,680,746,779,750,688,588,460,335,176,7,-158,-313,-441,-567,-653,-697,-739,-723,-674,-577,-440,-308,-155,6,165,311,454,565,658,712,716,-541,-499
62132,mtk,MTK 7916,2151955133,rx1-tx0,512,0,-40,8,322,241,144,48,-57,-146,-228,-288,-330,-359,-356,-327,-292,-230,-153,-81,1,86,157,222,269,301,321,307,265,216,157,85,-7,-75,-161,-241,-278,-311,-324,-303,-246,-179,-102,-23,67,157,241,298,332,331,307,268,188,97,10,-73,-163,-238,-290,-325,-329,-315,-278,-229,-144,-60,11,98,168,223,271,309,311,313,281,248,212,148,66,-20,-105,-176,-251,-303,-348,-381,-384,-358,-321,-261,-179,-95,-1,105,206,310,408,456,484,496,478,423,341,237,116,-24,-172,-306,-428,-531,-615,-645,-628,-583,-498,-374,-216,-41,132,308,466,608,701,738,723,675,587,431,256,794,-103,-298,-469,-612,-725,-778,-774,-726,-636,-497,-321,-134,67,280,447,590,699,767,778,741,659,521,361,176,-20,-206,-388,-540,-646,-712,-740,-730,-656,-534,-388,-225,-52,128,304,460,556,637,667,657,630,540,420,284,110,-54,-205,-349,-460,-544,-588,-604,-567,-507,-426,-283,-137,6,143,281,388,459,506,513,490,425,342,246,134,22,-104,-189,-272,-322,-345,-358,-340,-304,-243,-178,-121,-45,30,99,155,190,222,236,236,223,217,186,142,104,64,8,-43,-86,-131,-157,-169,-192,-204,-183,-164,-127,-76,-34,27,90,147,192,216,227,211,156,84,15,-56,-120,-149,-58,-84,0,249,73,200,142,26,-100,-234,-342,-407,-435,-408,-329,-222,-89,50,183,310,399,459,492,477,431,358,256,129,-10,-147,-271,-378,-458,-522,-546,-515,-476,-379,-276,-150,-12,118,258,378,484,546,588,595,557,482,369,236,91,-57,-203,-344,-476,-561,-605,-622,-602,-545,-458,-350,-211,-50,103,235,377,487,557,604,614,583,527,438,315,183,43,-107,-240,-357,-445,-508,-551,-550,-533,-502,-424,-330,-237,-115,8,126,240,349,435,499,535,553,540,495,424,324,215,71,-58,-183,-309,-410,-506,-561,-590,-590,-553,-472,-379,-264,-117,24,161,298,409,503,573,606,605,576,520,413,381,157,8,-135,-263,-380,-471,-534,-578,-592,-560,-496,-411,-315,-203,-75,42,141,258,365,437,505,541,557,544,509,448,363,257,135,4,-138,-293,-401,-504,-593,-623,-641,-637,-593,-511,-396,-252,-87,82,240,392,532,657,732,765,747,696,604,470,304,123,-70,-253,-426,-568,-685,-765,-795,-782,-713,-616,-472,-303,-120,74,263,418,553,671,732,748,735,667,557,430,247,74,-83,-241,-382,-501,-584,-640,-643,-611,-560,-479,-365,-247,-130,22,161,285,392,454,524,559,537,504,443,353,252,135,12,-112,-239,-344,-438,-500,-527,-516,-470,-402,-314,-212,-100,19,138,236,320,224,319,0,-73,-106,-279,-354,-396,-411,-392,-354,-298,-222,-156,-73,25,112,189,259,296,320,331,312,273,219,151,85,7,-81,-154,-217,-264,-308,-310,-295,-280,-213,-141,-65,24,114,190,249,299,320,322,297,234,151,57,-37,-123,-216,-292,-328,-332,-325,-286,-215,-141,-60,20,93,166,239,296,314,327,321,274,217,162,88,17,-61,-137,-189,-256,-308,-340,-350,-333,-309,-257,-189,-112,-25,69,147,221,302,365,406,432,427,395,354,268,164,56,-64,-193,-309,-410,-486,-539,-569,-552,-501,-416,-304,-167,0,157,310,454,570,652,694,685,632,534,404,230,42,-140,-317,-489,-633,-709,572,-764,-714,-603,-467,-295,-96,94,278,446,603,714,770,798,748,639,511,346,160,-45,-241,-427,-574,-679,-747,-768,-738,-663,-532,-372,-192,-10,169,351,486,593,664,693,689,636,536,408,256,70,-88,-248,-396,-502,-595,-641,-629,-601,-528,-421,-297,-147,15,175,305,428,526,567,577,558,491,393,272,147,2,-128,-235,-317,-385,-432,-459,-434,-379,-306,-203,-109,-18,67,143,204,244,279,304,296,271,228,179,137,79,20,-29,-82,-132,-163,-178,-198,-206,-194,-183,-159,-108,-67,-27,26,71,116,169,191,204,209,195,167,119,55,-17,-97,-167,-196,-206,-190,-143,-82,38,15,0,234,319,-197,-288,-342,-351,-315,-221,-102,39,187,307,403,460,466,438,366,252,140,8,-124,-243,-354,-436,-490,-506,-485,-429,-346,-245,-128,13,143,269,385,471,536,555,553,512,435,327,198,62,-90,-243,-371,-472,-542,-592,-609,-591,-523,-421,-280,-136,8,158,287,407,523,605,644,616,575,505,388,261,132,-15,-163,-303,-430,-520,-566,-598,-587,-535,-465,-377,-270,-131,12,130,248,358,432,495,541,541,528,489,417,321,209,101,-13,-139,-262,-374,-467,-548,-579,-572,-547,-489,-415,-310,-175,-39,105,248,376,472,556,606,604,585,536,447,341,204,59,-80,-205,-334,-453,-1037,-583,-595,-576,-528,-457,-355,-230,-108,28,160,278,389,468,525,550,540,520,489,412,328,230,103,-17,-136,-253,-363,-455,-529,-580,-598,-598,-549,-473,-388,-255,-118,16,169,328,468,576,667,721,718,684,600,499,356,194,22,-167,-340,-498,-615,-701,-765,-789,-768,-686,-560,-401,-210,-18,178,345,507,644,733,777,772,720,632,521,370,199,33,-156,-341,-478,-604,-688,-704,-698,-650,-574,-461,-325,-172,-11,141,277,397,487,540,586,599,561,506,411,311,204,59,-67,-188,-307,-408,-474,-521,-540,-523,-474,-393,-307,-191,-62,70,189,290,379,445,479,482,451,392,328,-249,-95
62133,mtk,MTK 7916,2151955133,rx1-tx1,512,0,0,0,709,884,817,509,32,-452,-805,-911,-755,-394,90,555,851,897,692,285,-214,-651,-904,-893,-628,-186,306,717,917,850,534,81,-391,-745,-874,-752,-408,40,459,739,808,631,278,-153,-532,-746,-744,-517,-136,263,570,714,645,379,-1,-362,-609,-669,-535,-253,99,414,598,600,428,141,-176,-437,-556,-513,-334,-55,227,412,471,398,207,-36,-243,-363,-355,-237,-67,104,233,276,205,68,-64,-169,-220,-181,-56,95,211,263,221,87,-90,-245,-328,-309,-190,-2,204,361,404,327,148,-88,-307,-440,-445,-320,-93,177,413,536,493,310,36,-261,-506,-611,-528,-285,26,343,576,0,532,265,-78,-408,-640,-687,-542,-242,121,459,670,708,536,212,-160,-485,-685,-690,-500,-173,199,515,679,651,456,147,-206,-502,-651,-606,-391,-83,241,499,612,546,330,32,-266,-481,-559,-472,-253,36,308,483,526,414,196,-78,-331,-483,-488,-359,-134,123,329,452,453,328,114,-119,-314,-417,-410,-299,-105,100,272,360,345,238,81,-91,-229,-298,-279,-197,-66,60,148,196,195,133,45,-31,-96,-121,-106,-62,-1,48,51,45,30,-2,-40,-50,-42,-16,25,58,73,75,61,13,-45,-94,-121,-109,-69,-25,32,84,119,128,114,72,12,-44,-84,-100,-96,-86,-65,0,0,0,0,0,-7,-17,-25,-29,-26,-25,-29,-27,-25,-24,-17,-10,-1,31,64,84,96,89,55,1,-56,-114,-154,-160,-123,-61,23,114,190,230,217,135,7,-107,-195,-251,-255,-201,-85,56,181,255,276,229,118,-14,-132,-223,-251,-213,-128,-22,87,161,183,155,96,20,-35,-78,-112,-104,-61,-16,11,10,-1,-18,-35,-27,16,71,121,150,138,71,-24,-146,-256,-298,-256,-151,31,225,376,439,388,218,-17,-261,-451,-541,-488,-288,2,298,535,640,571,347,13,-339,-610,-724,-641,-384,-15,369,666,783,673,385,-10,-415,-710,-814,-698,-387,32,442,732,819,682,359,-60,0,-765,-829,-659,-311,118,519,765,781,576,217,-192,-549,-744,-732,-513,-145,269,594,746,672,407,31,-343,-624,-710,-582,-286,87,424,636,667,493,165,-195,-484,-634,-592,-375,-50,288,540,607,499,243,-74,-366,-532,-539,-373,-80,221,432,510,422,193,-101,-350,-486,-465,-286,-1,288,486,526,394,120,-209,-486,-620,-562,-330,12,377,643,721,587,263,-164,-550,-787,-802,-577,-175,288,675,884,840,538,80,-402,-790,-954,-823,-470,11,488,840,957,789,389,-116,-589,-880,-914,-694,-266,247,680,910,884,608,145,-360,-750,-923,-821,-476,7,479,798,883,718,335,-146,-574,0,0,0,0,0,-545,-101,382,753,905,796,452,-29,-511,-838,-920,-739,-342,151,606,886,905,655,225,-271,-691,-915,-870,-576,-132,361,744,896,790,470,16,-434,-748,-844,-688,-347,92,490,746,774,574,207,-207,-555,-731,-684,-438,-72,307,590,690,588,305,-53,-382,-596,-645,-487,-190,147,435,578,555,372,99,-199,-427,-526,-460,-262,-9,231,378,413,322,146,-62,-227,-306,-274,-156,11,159,243,227,124,-15,-149,-227,-221,-123,23,170,265,282,199,46,-132,-284,-366,-330,-180,36,255,408,435,332,128,-128,-356,-482,-479,-329,-63,239,468,567,511,304,-7,-319,-539,-615,-520,-267,0,384,606,669,539,244,-122,-447,-655,-685,-535,-230,150,478,671,693,519,193,-183,-502,-689,-675,-476,-153,214,515,664,639,433,111,-232,-500,-629,-585,-369,-53,262,491,590,519,289,-17,-298,-488,-544,-456,-222,68,320,477,499,379,157,-104,-326,-457,-468,-338,-116,125,332,445,440,307,102,-117,-297,-391,-375,-264,-81,113,255,318,302,214,79,-64,-181,-246,-230,-164,-66,40,120,146,139,90,19,-46,-80,-85,-68,-28,18,42,44,30,3,-34,-69,-71,-44,-5,39,76,91,90,67,18,-36,-80,-109,-117,-91,-42,13,70,109,121,112,85,44,3,-34,-62,0,0,0,0,0,37,40,32,18,15,11,0,-11,-16,-29,-41,-53,-62,-68,-67,-40,9,56,98,130,128,90,36,-33,-107,-162,-184,-168,-106,-13,103,198,241,225,152,43,-87,-203,-270,-274,-219,-104,38,167,255,274,228,136,5,-118,-197,-233,-207,-131,-33,55,118,134,124,79,15,-30,-52,-60,-37,-17,-10,-14,-32,-69,-97,-84,-41,33,123,190,220,208,122,-39,-206,-323,-366,-319,-177,32,252,415,491,427,250,2,-273,-497,-591,-536,-327,-21,319,587,701,625,372,13,-353,-634,-747,-671,-391,15,415,698,801,700,413,-10,-434,-723,-822,-704,-375,62,471,747,830,0,345,-94,-506,-756,-805,-633,-286,147,528,757,759,550,181,-231,-575,-749,-708,-449,-68,322,608,725,625,344,-32,-391,-634,-691,-542,-241,134,466,652,629,430,105,-249,-520,-628,-549,-310,17,327,539,580,433,160,-151,-406,-532,-486,-281,2,273,450,486,352,99,-185,-413,-518,-443,-204,103,385,550,556,377,63,-286,-560,-668,-573,-292,95,476,735,788,585,204,-234,-616,-838,-822,-572,-147,334,748,921,838,516,43,-449,-815,-950,-814,-436,65,548,870,942,738,335,-164,-634,-916,-917,-651,-207,300,721,919,844,524,59,-424,-786,-910,-760,-399,83,535,826,869,666,0,0
62134,mtk,MTK 7916,2151955133,rx2-tx0,512,0,0,0,673,35,-637,-1133,-1308,-1121,-602,108,795,1243,1330,1045,460,-256,-905,-1283,-1291,-916,-283,443,1025,1296,1199,740,65,-619,-1115,-1270,-1053,-534,139,770,1167,1211,896,323,-342,-907,-1191,-1111,-697,-90,531,987,1138,944,469,-128,-668,-1005,-1030,-733,-220,337,779,965,846,478,-15,-508,-837,-888,-644,-204,282,659,821,719,385,-70,-487,-756,-774,-535,-123,329,678,802,652,292,-155,-565,-806,-786,-502,-46,430,781,894,720,302,-222,-687,-949,-930,-593,-61,499,922,1075,897,435,-179,-754,-1109,-1157,-854,-265,418,977,1264,1190,758,81,-641,-1175,-1360,-1165,-617,120,844,1337,1439,1121,481,0,-1003,-1440,-1449,-1039,-328,481,1151,1502,1425,918,152,-644,-1254,-1516,-1343,-774,13,793,1341,1493,1208,574,-219,-931,-1368,-1411,-1042,-370,399,1043,1376,1304,839,126,-614,-1157,-1346,-1139,-594,128,810,1262,1339,999,365,-368,-992,-1328,-1260,-820,-134,595,1161,1390,1213,686,-56,-790,-1301,-1429,-1150,-548,207,917,1355,1393,1053,430,-323,-976,-1350,-1349,-965,-324,389,989,1304,1249,849,222,-454,-977,-1215,-1117,-716,-136,468,931,1121,1001,606,67,-468,-856,-1003,-871,-506,-20,443,772,887,759,427,4,-393,-673,-769,-671,-409,-42,316,568,671,606,395,103,-190,-419,-540,-538,-427,-243,-38,140,265,0,0,0,0,0,-115,34,217,392,518,545,451,251,-24,-322,-575,-709,-681,-482,-157,220,552,768,787,605,272,-145,-541,-810,-882,-719,-346,124,568,874,956,782,401,-101,-588,-921,-1018,-846,-448,80,590,938,1043,868,445,-89,-584,-918,-1007,-823,-421,89,567,876,940,750,363,-120,-556,-807,-827,-630,-249,183,541,735,710,493,139,-234,-526,-661,-597,-356,-28,282,502,573,470,234,-46,-290,-435,-443,-326,-130,101,281,354,304,178,9,-145,-240,-243,-170,-48,77,155,169,115,17,-81,-139,-133,-62,42,152,220,203,110,-43,-210,-323,-342,-245,-51,182,381,489,454,271,-5,-299,-522,0,-537,-284,70,431,682,749,601,279,-145,-547,-807,-851,-648,-247,229,650,898,889,624,177,-321,-736,-957,-906,-592,-101,419,820,984,869,504,9,-485,-834,-944,-778,-392,107,571,855,877,647,237,-226,-604,-800,-767,-502,-92,317,600,702,582,287,-81,-401,-589,-588,-390,-67,257,493,572,458,193,-119,-389,-535,-497,-293,8,288,467,498,365,105,-197,-430,-518,-438,-202,104,375,531,517,323,17,-313,-553,-613,-479,-177,194,510,683,651,390,-5,-406,-703,-790,-627,-273,178,603,858,846,577,128,-381,-791,-965,-855,-483,50,584,963,1057,829,360,-230,-769,-1096,-1108,-789,0,0,0,0,0,1060,1274,1129,633,-48,-708,-1181,-1328,-1091,-534,190,857,1279,1328,994,378,-336,-963,-1304,-1257,-836,-177,518,1054,1282,1128,638,-30,-691,-1143,-1253,-979,-410,267,847,1177,1170,809,199,-460,-958,-1165,-1032,-591,22,611,1005,1092,852,359,-232,-732,-998,-953,-616,-104,421,799,924,757,358,-151,-595,-835,-798,-521,-83,381,711,800,632,259,-201,-599,-794,-732,-431,23,473,758,805,603,190,-294,-679,-848,-747,-406,84,561,865,898,651,186,-369,-817,-1026,-917,-518,56,621,1020,1116,879,364,-287,-874,-1205,-1177,-805,-183,526,1093,1345,1192,688,-21,-739,-1264,-1429,-1163,-559,213,929,1386,0,1092,418,-384,-1091,-1487,-1443,-990,-251,572,1223,1520,1383,846,71,-714,-1303,-1507,-1281,-688,113,877,1363,1452,1125,486,-294,-986,-1372,-1359,-941,-243,518,1115,1379,1238,731,5,-712,-1206,-1340,-1072,-480,257,913,1297,1303,918,256,-485,-1090,-1362,-1252,-771,-49,702,1247,1429,1188,597,-153,-856,-1333,-1438,-1115,-477,284,949,1356,1386,1015,363,-362,-979,-1327,-1301,-918,-282,410,970,1252,1185,780,171,-467,-948,-1162,-1059,-665,-95,487,903,1060,934,551,38,-463,-819,-944,-808,-462,-12,424,734,830,707,405,13,-361,-629,-729,-631,-386,-68,256,506,617,581,416,174,-85,-301,-429,-455,-398,-281,0,0,0,0,0,-345,-408,-396,-290,-101,136,377,557,632,576,381,70,-276,-571,-743,-742,-559,-225,177,553,793,835,669,323,-125,-554,-848,-922,-752,-377,107,575,894,980,818,418,-108,-605,-943,-1043,-864,-457,86,602,940,1026,854,452,-73,-560,-892,-984,-793,-400,93,550,833,875,679,291,-161,-552,-772,-768,-548,-193,211,535,687,646,423,92,-257,-511,-607,-527,-303,-1,285,469,498,384,176,-73,-292,-408,-392,-252,-51,136,258,300,244,112,-33,-146,-195,-166,-82,25,119,156,127,39,-62,-151,-182,-140,-23,109,218,271,234,91,-105,-295,-408,-394,-256,-24,239,460,561,502,285,0,-364,-619,-705,-581,-284,103,487,752,798,620,261,-185,-601,-856,-879,-639,-217,279,710,941,898,621,166,-361,-781,-960,-877,-550,-62,443,818,962,821,446,-53,-533,-859,-929,-734,-332,155,581,817,818,576,175,-264,-612,-757,-669,-392,-11,366,618,652,482,178,-173,-463,-597,-524,-291,15,314,514,530,355,76,-217,-444,-525,-428,-187,110,367,505,476,292,8,-283,-494,-530,-373,-96,205,463,581,495,243,-100,-430,-627,-631,-444,-95,298,612,744,645,338,-84,-498,-771,-825,-616,-197,282,696,913,858,542,55,-472,-874,-1029,-869,-433,142,682,1029,1077,803,273,-345,-871,0,0
62135,mtk,MTK 7916,2151955133,rx2-tx1,512,0,0,0,-358,-92,193,407,499,450,279,35,-205,-379,-435,-367,-200,13,207,323,332,244,95,-71,-214,-274,-248,-143,-4,128,210,222,162,52,-64,-142,-164,-135,-69,18,82,119,105,44,-28,-80,-82,-38,31,100,139,131,64,-46,-165,-248,-263,-192,-36,154,310,398,384,244,11,-245,-435,-509,-446,-260,26,337,569,629,518,265,-89,-422,-641,-676,-510,-186,192,514,694,697,479,95,-319,-643,-775,-678,-387,9,423,726,810,667,329,-118,-543,-804,-835,-623,-229,247,645,860,843,578,141,-322,-694,-871,-802,-507,-59,413,750,861,734,403,-38,-464,-740,-797,-621,-286,120,0,702,709,499,150,-225,-519,-643,-569,-322,18,346,550,581,433,152,-166,-429,-550,-485,-248,58,345,531,532,354,58,-277,-542,-640,-534,-235,165,544,775,777,538,119,-381,-786,-976,-886,-548,-16,556,998,1176,1025,564,-70,-712,-1184,-1342,-1124,-588,121,802,1292,1441,1192,598,-161,-886,-1381,-1506,-1230,-604,188,930,1430,1537,1227,598,-191,-937,-1414,-1532,-1240,-619,145,863,1355,1473,1190,608,-103,-776,-1229,-1351,-1117,-596,61,671,1080,1190,1007,584,25,-530,-908,-1024,-881,-536,-64,400,731,868,780,487,96,-298,-596,-740,-696,-490,-185,137,411,575,608,506,321,101,-110,-271,-336,0,0,0,0,0,-50,-174,-287,-363,-382,-317,-175,3,187,346,434,419,300,111,-99,-289,-419,-443,-345,-163,65,278,411,431,344,162,-77,-288,-419,-440,-340,-132,110,319,449,459,330,100,-161,-381,-500,-480,-340,-87,197,425,527,499,326,64,-211,-432,-533,-484,-304,-40,240,449,527,471,275,9,-254,-444,-513,-447,-259,-6,230,390,445,381,210,-5,-217,-349,-364,-270,-122,57,199,276,262,161,11,-124,-199,-219,-161,-46,82,180,221,195,93,-40,-158,-224,-241,-176,-36,115,224,281,267,162,3,-155,-271,-307,-261,-139,16,171,275,297,243,118,-36,-178,-260,-278,-227,-108,32,0,221,251,199,107,0,-97,-166,-189,-153,-90,-34,21,63,86,96,91,75,56,45,25,-6,-60,-110,-154,-164,-144,-73,26,134,232,283,268,176,16,-164,-298,-364,-351,-235,-36,184,358,435,403,259,24,-230,-422,-503,-443,-261,10,281,477,535,431,215,-56,-323,-502,-529,-408,-171,117,372,520,505,327,72,-202,-431,-539,-465,-251,32,299,477,523,421,179,-134,-392,-513,-491,-320,-38,255,481,573,497,258,-53,-357,-563,-605,-466,-193,142,446,617,612,424,113,-227,-504,-642,-586,-361,-31,313,565,649,558,308,-30,-361,-578,-622,-500,-245,87,385,572,591,435,0,0,0,0,0,-412,-530,-495,-319,-62,195,386,472,417,247,12,-213,-358,-386,-309,-153,42,213,304,294,202,53,-98,-203,-244,-205,-102,28,135,191,175,107,17,-71,-128,-139,-102,-36,42,90,84,35,-29,-85,-104,-72,-4,79,161,198,159,40,-105,-242,-330,-322,-215,-24,190,370,462,425,252,-13,-294,-503,-575,-482,-242,72,387,597,652,528,242,-129,-475,-680,-678,-481,-144,249,583,741,681,426,34,-377,-678,-780,-665,-356,70,483,772,838,646,270,-179,-589,-828,-841,-595,-183,275,663,875,820,531,89,-374,-737,-884,-774,-449,-5,429,737,837,698,345,-92,-480,-723,-764,0,-231,168,506,683,638,416,69,-284,-533,-602,-501,-238,104,394,549,524,340,37,-270,-484,-540,-420,-161,171,455,591,524,280,-60,-410,-660,-702,-531,-167,276,656,863,833,535,57,-470,-901,-1089,-955,-556,22,634,1091,1248,1073,583,-95,-771,-1249,-1383,-1150,-603,138,870,1357,1477,1195,593,-179,-927,-1419,-1530,-1240,-619,190,940,1433,1538,1241,609,-176,-900,-1385,-1502,-1226,-627,128,836,1315,1433,1169,612,-79,-718,-1162,-1286,-1068,-596,8,587,988,1123,956,546,22,-472,-820,-945,-829,-509,-78,346,663,804,730,475,126,-226,-505,-657,-649,-491,-242,27,274,444,507,469,356,190,0,0,0,0,0,286,274,197,63,-99,-260,-388,-435,-388,-263,-73,141,321,425,438,342,150,-78,-273,-404,-432,-343,-154,64,269,405,435,329,134,-99,-315,-447,-444,-324,-117,131,352,474,463,318,97,-155,-393,-522,-489,-320,-65,209,430,525,488,320,54,-232,-445,-545,-490,-303,-33,244,451,525,448,264,10,-248,-428,-494,-416,-228,11,221,371,411,325,160,-42,-223,-326,-316,-226,-82,80,207,250,208,104,-32,-151,-221,-205,-121,8,139,224,237,182,73,-76,-215,-279,-256,-171,-41,109,236,292,267,157,-10,-172,-275,-306,-249,-135,14,162,274,297,230,112,-24,-156,-245,-255,0,-96,33,147,209,217,185,108,15,-66,-118,-148,-135,-97,-60,-32,9,43,66,73,90,114,118,86,37,-32,-126,-195,-226,-202,-121,8,150,266,322,297,190,17,-177,-334,-421,-394,-247,-23,211,396,486,420,236,-3,-251,-441,-506,-441,-241,43,325,504,544,426,195,-93,-354,-513,-519,-383,-137,152,397,514,480,307,34,-254,-453,-523,-437,-194,101,337,495,521,374,103,-198,-453,-570,-505,-297,-12,287,506,571,465,212,-105,-395,-579,-599,-434,-133,203,483,625,599,399,75,-272,-521,-630,-567,-331,7,336,569,643,525,258,-67,-363,-573,-617,-483,-209,127,421,0,0
62136,mtk,MTK 7916,2152428114,rx0-tx0,512,-330,-144,-159,-351,-433,-483,-495,-466,-401,-298,-168,-45,90,230,342,410,457,475,442,388,289,175,54,-68,-174,-281,-361,-400,-421,-405,-362,-295,-205,-119,-16,87,177,257,316,349,350,334,297,238,179,98,24,-53,-137,-207,-268,-307,-317,-314,-290,-245,-187,-135,-65,23,96,163,224,276,306,321,316,290,258,203,142,56,-31,-125,-219,-296,-365,-411,-435,-423,-383,-316,-211,-84,59,203,354,476,546,588,579,521,432,300,125,-38,-214,-378,-503,-603,-648,-656,-593,-497,-370,-190,-5,186,365,525,643,720,738,691,590,435,254,47,-172,-391,-571,-708,-797,-817,-776,-657,-488,-272,-364,205,430,630,786,868,885,832,690,511,284,18,-247,-483,-685,-835,-903,-907,-836,-693,-492,-251,8,258,494,697,837,910,913,850,704,498,254,-17,-279,-519,-719,-851,-941,-938,-854,-714,-500,-246,27,298,538,742,888,943,929,843,675,466,207,-77,-352,-578,-771,-888,-942,-909,-808,-652,-410,-149,137,401,629,799,897,925,867,746,532,288,27,-231,-471,-664,-798,-853,-831,-739,-575,-363,-138,94,325,511,632,717,727,661,546,383,204,-3,-198,-363,-497,-582,-616,-588,-495,-374,-219,-36,144,296,417,498,528,503,416,284,108,-62,-220,-350,-419,-423,-363,-243,-101,36,-60,-94,510,218,469,132,63,-40,-139,-227,-278,-292,-265,-207,-111,-10,99,201,271,318,336,313,260,190,96,-7,-113,-226,-312,-371,-387,-373,-324,-245,-144,-10,125,253,358,440,470,444,372,268,145,1,-163,-299,-398,-458,-468,-445,-386,-268,-139,1,142,265,364,417,424,401,333,238,129,-10,-117,-196,-274,-322,-341,-324,-276,-209,-126,-29,59,132,178,221,247,240,213,149,83,29,-25,-71,-113,-159,-168,-145,-127,-98,-53,-11,45,81,93,100,92,75,53,7,-16,-35,-56,-56,-49,-29,-19,-8,16,30,50,42,37,30,13,-6,-24,-32,-34,-31,-24,-16,-3,8,11,16,-449,15,-4,-23,-38,-42,-57,-54,-33,-12,19,44,72,114,134,137,128,104,62,4,-53,-122,-180,-230,-260,-251,-228,-170,-98,1,106,196,279,340,360,354,319,242,142,35,-91,-203,-311,-392,-441,-449,-415,-342,-238,-106,37,177,307,409,487,517,501,435,348,232,84,-57,-209,-327,-439,-511,-536,-523,-460,-369,-238,-94,51,214,353,463,526,553,533,477,379,250,94,-65,-217,-355,-456,-514,-539,-520,-464,-361,-243,-105,55,179,296,398,455,489,483,453,385,281,152,18,-107,-229,-339,-415,-459,-476,-472,-420,-331,-217,-92,41,165,288,392,451,488,482,437,349,-477,-264,-82,-56,-22,-336,-220,-97,37,176,298,403,461,483,483,438,349,236,122,-23,-155,-265,-365,-419,-448,-433,-401,-337,-243,-135,-24,92,193,284,341,370,383,356,314,258,185,98,3,-71,-154,-215,-273,-319,-328,-327,-301,-256,-194,-114,-35,41,119,196,250,285,322,321,300,270,225,162,90,22,-68,-135,-205,-269,-316,-358,-368,-363,-325,-266,-186,-87,26,152,259,365,447,500,514,490,434,315,179,24,-140,-300,-429,-544,-605,-618,-603,-517,-394,-235,-64,115,290,440,580,666,694,671,594,477,314,137,-75,-279,-469,-614,-720,-772,-764,-689,-555,-383,-167,69,300,513,681,806,-49,828,747,602,393,157,-92,-342,-562,-733,-860,-912,-877,-776,-612,-385,-124,139,393,606,780,884,919,885,774,596,368,115,-135,-396,-619,-787,-893,-936,-894,-789,-607,-383,-127,161,419,635,819,925,954,903,772,597,354,91,-181,-447,-671,-836,-941,-958,-885,-748,-559,-320,-52,234,474,700,856,926,929,850,705,493,243,-39,-306,-556,-754,-864,-907,-863,-742,-560,-334,-89,163,402,594,731,788,787,713,560,379,179,-55,-261,-442,-567,-645,-668,-619,-528,-388,-219,-34,160,328,457,546,576,543,465,350,193,23,-157,-311,-429,-489,-476,-418,-301,-142,17,173,279,323,306,-116,-115,-82,918,836,-181,-231,-250,-233,-170,-70,42,144,233,294,315,312,257,179,93,-14,-119,-212,-286,-341,-350,-346,-306,-219,-107,20,134,239,325,397,435,425,367,274,150,-4,-150,-280,-373,-430,-463,-450,-379,-286,-151,-7,138,284,382,435,453,424,357,248,122,-1,-122,-228,-306,-367,-371,-333,-284,-227,-133,-28,77,168,239,279,301,276,238,178,118,34,-43,-113,-170,-189,-194,-187,-164,-133,-76,-8,37,74,108,126,131,110,76,41,12,-21,-44,-67,-74,-56,-59,-32,-3,23,33,32,39,28,23,7,-11,-15,-30,-41,-42,-35,-25,-14,-3,8,23,31,25,13,-4,26,-19,-29,-30,-18,-9,4,30,51,75,89,85,77,56,17,-25,-74,-124,-166,-184,-188,-176,-128,-76,6,89,162,233,279,310,304,273,208,111,1,-113,-228,-319,-373,-399,-393,-365,-300,-190,-59,76,211,318,406,458,468,451,389,297,173,27,-132,-275,-392,-484,-532,-536,-495,-409,-296,-154,-13,135,277,405,506,542,558,519,427,303,157,4,-150,-293,-419,-505,-543,-541,-496,-419,-304,-173,-23,122,263,382,452,514,511,478,422,323,201,67,-73,-202,-319,-413,-473,-495,-483,-433,-344,-239,-119,0,122,251,357,430,476,481,450,395,288,171,39,-98,-227,-337,737,854
62137,mtk,MTK 7916,2152428114,rx0-tx1,512,-686,130,245,690,578,430,255,55,-139,-331,-517,-654,-752,-793,-783,-710,-588,-427,-232,-17,217,429,608,758,872,909,878,789,631,424,186,-91,-358,-611,-831,-985,-1071,-1084,-1018,-860,-643,-367,-34,313,648,930,1155,1290,1333,1268,1086,816,469,75,-334,-734,-1068,-1327,-1473,-1498,-1418,-1207,-883,-497,-59,372,776,1146,1411,1556,1585,1481,1251,920,524,84,-365,-786,-1154,-1424,-1562,-1572,-1462,-1244,-929,-527,-103,324,727,1064,1324,1477,1496,1402,1208,932,579,186,-215,-602,-925,-1190,-1367,-1416,-1383,-1227,-976,-672,-301,91,469,819,1103,1295,1397,1375,1250,1032,733,370,-7,-388,-735,-1031,-1247,-1354,-1356,-1241,98,-777,-426,-53,318,666,959,1183,1300,1314,1237,1075,815,493,134,-243,-586,-892,-1124,-1257,-1314,-1269,-1127,-877,-572,-233,147,510,826,1091,1261,1331,1319,1198,967,654,309,-62,-459,-821,-1107,-1314,-1425,-1404,-1292,-1059,-737,-357,70,494,884,1201,1414,1520,1508,1344,1054,676,269,-182,-627,-1016,-1329,-1508,-1557,-1468,-1246,-922,-506,-50,396,808,1142,1364,1475,1440,1271,1003,639,231,-189,-584,-906,-1142,-1262,-1270,-1160,-945,-652,-312,31,364,655,865,990,1027,965,827,614,365,91,-184,-427,-628,-749,-806,-794,-696,-549,-346,-126,105,330,514,634,687,668,558,383,161,-75,-285,-437,-504,-479,-374,-223,-110,0,-150,-149,104,40,-53,-144,-225,-269,-274,-240,-158,-51,69,182,274,334,361,345,281,193,81,-52,-170,-290,-380,-419,-435,-403,-323,-210,-80,65,220,367,476,530,541,507,413,271,91,-96,-264,-411,-545,-611,-622,-588,-477,-316,-137,60,251,412,556,659,687,649,568,424,240,40,-166,-370,-535,-658,-738,-732,-671,-553,-370,-162,61,282,493,648,753,799,764,658,493,288,54,-197,-431,-610,-751,-823,-809,-730,-582,-387,-158,84,332,534,700,802,817,764,629,452,248,16,-220,-425,-573,-677,-733,-715,-637,-504,-332,-145,48,239,406,533,610,629,610,535,407,270,110,-56,-214,-282,-433,-504,-536,-520,-464,-375,-270,-151,-21,129,241,324,415,461,483,464,413,338,233,119,13,-122,-241,-327,-398,-457,-474,-476,-419,-343,-265,-149,-20,111,234,360,465,540,576,578,531,437,314,145,-41,-233,-418,-578,-700,-752,-754,-695,-565,-381,-165,62,292,507,692,806,849,828,747,600,388,163,-80,-314,-531,-687,-805,-858,-838,-743,-589,-410,-187,47,281,488,663,775,825,815,737,601,430,230,7,-214,-423,-587,-701,-764,-769,-723,-613,-461,-277,-86,120,315,477,607,699,731,715,641,528,375,202,8,-178,-358,-522,-631,-705,-719,-685,-600,-472,-313,-135,70,274,71,-32,9,419,371,-294,-471,-612,-712,-761,-745,-697,-583,-427,-239,-35,179,380,554,692,781,830,815,729,600,431,215,-30,-272,-500,-710,-861,-969,-999,-950,-838,-649,-398,-120,173,479,753,962,1131,1209,1198,1075,867,583,244,-126,-508,-857,-1132,-1337,-1431,-1412,-1274,-1024,-693,-288,141,567,968,1271,1471,1557,1516,1365,1102,726,302,-153,-597,-991,-1299,-1503,-1595,-1552,-1391,-1120,-742,-308,142,564,942,1256,1460,1539,1501,1343,1081,752,348,-73,-477,-838,-1132,-1344,-1443,-1438,-1318,-1098,-806,-439,-53,333,709,1012,1243,1392,1412,1332,1151,867,538,153,-243,-611,-935,-1188,-1346,-1388,-1325,-1159,-917,-586,-217,177,539,-999,1122,1288,1345,1310,1168,941,633,279,-90,-444,-779,-1051,-1226,-1323,-1304,-1183,-982,-687,-354,4,371,717,1003,1185,1305,1319,1224,1048,776,437,75,-295,-656,-971,-1199,-1330,-1382,-1323,-1141,-871,-541,-144,268,654,1008,1271,1436,1489,1407,1219,922,540,120,-336,-776,-1141,-1391,-1530,-1550,-1420,-1180,-834,-408,53,508,912,1234,1446,1528,1469,1279,971,596,165,-290,-697,-1037,-1268,-1381,-1379,-1241,-989,-659,-279,106,471,780,1002,1122,1142,1062,881,630,340,25,-267,-526,-725,-854,-908,-875,-769,-587,-359,-118,136,360,551,685,742,736,649,499,296,68,-168,-378,-531,-613,-608,-515,-348,-139,74,236,363,409,0,68,-11,-158,-202,-215,-191,-124,-25,73,181,263,316,324,285,208,104,-12,-141,-250,-330,-390,-392,-365,-303,-195,-67,66,205,326,411,466,482,453,366,237,79,-82,-249,-402,-514,-580,-584,-534,-449,-303,-115,78,271,442,565,636,660,610,516,379,198,-13,-209,-391,-555,-654,-697,-693,-621,-492,-326,-112,120,329,522,663,741,757,725,616,439,236,-7,-249,-470,-643,-760,-810,-796,-701,-546,-348,-99,146,384,578,727,813,827,760,613,429,192,-47,-284,-493,-640,-741,-781,-752,-641,-485,-299,-82,139,338,503,615,672,673,628,523,378,209,33,-141,-316,-445,-528,-571,-572,-521,288,-325,-190,-43,107,231,339,421,478,507,489,414,346,241,121,0,-128,-238,-334,-409,-435,-461,-461,-400,-326,-233,-122,-4,115,241,333,425,488,513,501,473,408,298,167,14,-146,-309,-448,-567,-644,-674,-646,-564,-439,-260,-50,156,371,561,710,792,809,765,660,495,285,51,-188,-414,-620,-768,-845,-861,-806,-680,-498,-294,-45,202,433,605,741,821,834,788,679,515,306,86,-139,-363,-547,-687,-776,-798,-764,-674,-528,-350,-142,74,271,452,591,685,734,735,669,561,415,237,43,-153,-336,-495,-612,-691,-717,-697,-635,-504,-338,-152,41,225,397,538,643,710,726,674,184,192
62138,mtk,MTK 7916,2152428114,rx1-tx0,512,0,-569,-719,99,-19,-149,-250,-326,-374,-389,-375,-311,-233,-157,-45,61,152,246,307,330,330,302,250,173,81,-5,-98,-183,-246,-294,-309,-287,-248,-186,-99,5,108,199,277,315,324,303,244,161,47,-62,-171,-249,-327,-347,-333,-295,-197,-96,-4,111,206,268,329,342,315,262,193,117,16,-86,-178,-255,-295,-317,-320,-297,-261,-175,-82,2,116,200,278,327,362,364,337,288,214,116,8,-95,-218,-327,-393,-448,-443,-413,-355,-264,-160,-19,142,279,416,511,561,572,538,442,301,143,-35,-226,-392,-527,-627,-679,-664,-584,-451,-282,-76,141,351,531,659,729,751,684,560,394,794,-51,-281,-483,-645,-744,-782,-745,-640,-498,-282,-44,183,404,591,733,801,790,700,560,381,159,-87,-313,-506,-650,-744,-769,-717,-605,-446,-246,-30,192,397,564,667,708,687,603,493,329,128,-74,-252,-428,-561,-640,-655,-618,-527,-412,-233,-48,125,299,443,555,598,590,528,426,288,113,-69,-231,-363,-462,-510,-508,-456,-380,-251,-126,2,136,252,326,373,378,345,302,227,133,32,-37,-106,-178,-229,-252,-242,-233,-209,-156,-95,-38,18,68,120,159,187,195,185,165,145,102,43,-5,-51,-114,-164,-192,-205,-190,-163,-114,-42,36,105,157,202,206,171,117,47,-17,426,97,0,-20,-369,-240,-317,-332,-288,-187,-37,119,271,390,450,450,399,295,151,-14,-163,-309,-413,-470,-500,-469,-395,-288,-135,17,180,314,426,500,531,520,453,342,215,61,-104,-278,-414,-508,-578,-591,-534,-444,-324,-157,27,190,355,495,583,626,613,554,450,288,119,-72,-258,-400,-532,-608,-635,-614,-533,-422,-276,-91,87,253,391,505,572,592,577,505,395,262,105,-55,-207,-332,-442,-506,-541,-536,-488,-403,-305,-167,-23,121,269,386,474,523,554,526,463,369,252,104,-53,-215,-361,-473,-542,-578,-573,-524,-423,-291,-139,43,201,349,478,565,609,603,533,438,315,158,-13,-168,381,-459,-548,-580,-587,-548,-462,-338,-182,-24,118,267,385,470,539,557,532,467,375,268,141,-5,-131,-257,-394,-497,-554,-579,-572,-516,-421,-290,-149,29,202,365,512,617,678,689,640,542,400,208,10,-193,-392,-554,-691,-751,-765,-732,-622,-454,-248,-27,190,418,600,721,799,805,746,628,453,251,14,-210,-423,-595,-715,-782,-774,-708,-596,-436,-236,-13,211,398,544,655,710,718,647,527,381,202,7,-178,-348,-480,-567,-613,-598,-559,-478,-353,-201,-40,131,269,392,489,537,553,532,456,356,219,58,-95,-240,-366,-458,-520,-522,-472,-409,-298,-147,-9,127,252,366,423,659,547,0,455,117,-415,-420,-390,-313,-226,-123,-22,91,202,269,334,364,342,306,244,157,70,-22,-120,-208,-273,-305,-309,-302,-257,-190,-101,3,96,177,244,295,317,301,263,180,85,-13,-129,-219,-297,-332,-329,-288,-224,-134,-18,79,187,271,309,330,324,258,194,103,-12,-115,-198,-255,-306,-327,-314,-281,-214,-130,-42,53,138,221,294,318,340,332,283,230,151,58,-48,-139,-230,-310,-372,-396,-392,-364,-288,-203,-81,53,179,302,390,465,513,498,451,364,230,86,-75,-248,-407,-519,-587,-624,-601,-516,-384,-218,-20,187,381,542,655,718,719,652,522,335,136,-96,-329,-517,-665,572,-767,-716,-607,-441,-230,-1,236,439,612,746,789,767,690,539,341,102,-142,-356,-534,-680,-771,-785,-717,-589,-412,-201,30,253,445,601,703,736,712,622,473,283,78,-129,-324,-479,-609,-678,-679,-628,-533,-371,-182,11,200,355,498,601,623,611,543,427,268,93,-89,-264,-395,-500,-555,-559,-510,-415,-280,-124,29,165,291,399,430,448,421,343,245,139,13,-84,-178,-253,-311,-318,-303,-277,-223,-158,-78,-3,57,125,177,196,201,200,191,166,131,80,26,-30,-79,-123,-166,-188,-188,-188,-170,-122,-68,0,72,131,187,218,220,188,136,69,-21,-92,-143,-170,-166,573,715,0,722,643,-169,-50,94,228,343,410,409,347,228,72,-88,-241,-371,-453,-476,-453,-385,-267,-132,28,186,320,428,495,514,489,414,305,162,7,-160,-309,-427,-508,-553,-558,-503,-388,-258,-111,66,238,376,509,587,611,574,498,374,211,40,-131,-291,-442,-559,-616,-634,-581,-484,-362,-201,-25,155,324,458,567,623,610,557,456,331,171,12,-160,-307,-436,-530,-577,-575,-524,-444,-326,-190,-47,101,243,360,458,527,542,534,481,393,272,141,-5,-164,-303,-414,-509,-560,-565,-531,-447,-325,-194,-36,128,290,432,513,581,597,563,494,371,221,57,-115,-283,-414,-526,-590,-593,-557,-1037,-394,-242,-82,66,224,362,477,554,571,560,508,397,281,146,-4,-136,-267,-366,-451,-523,-542,-523,-486,-408,-286,-148,-7,142,292,435,543,615,645,610,550,439,281,94,-117,-306,-466,-608,-707,-739,-721,-635,-513,-340,-120,87,307,501,653,755,797,776,691,533,346,138,-92,-308,-507,-668,-777,-813,-773,-681,-535,-350,-125,101,311,492,637,734,764,726,623,479,305,105,-106,-304,-455,-572,-650,-671,-637,-560,-427,-279,-99,73,227,376,490,553,583,572,507,417,281,126,-23,-184,-314,-420,-504,-539,-521,-468,-380,-264,-125,39,181,294,411,467,481,467,415,315,164,101,408
62139,mtk,MTK 7916,2152428114,rx1-tx1,512,0,0,0,279,654,871,875,652,264,-186,-595,-861,-916,-740,-376,85,524,837,944,816,481,23,-432,-777,-936,-867,-583,-160,296,673,886,872,642,265,-164,-548,-793,-837,-670,-339,69,452,713,788,671,387,6,-365,-635,-726,-631,-393,-65,281,547,667,610,408,103,-219,-489,-623,-595,-421,-151,152,403,534,541,416,191,-64,-278,-427,-460,-368,-177,32,211,317,334,257,120,-40,-174,-232,-213,-131,-10,112,200,218,152,34,-104,-221,-284,-262,-158,4,176,306,368,327,199,5,-208,-379,-449,-410,-266,-52,197,407,514,497,356,114,-166,-415,-568,-580,-439,-197,95,388,599,651,0,317,12,-302,-558,-687,-639,-443,-149,194,500,695,715,559,284,-52,-393,-625,-711,-636,-409,-77,268,538,682,669,490,195,-131,-413,-610,-663,-544,-298,13,299,518,605,539,340,75,-202,-421,-544,-540,-394,-142,131,355,487,506,414,223,-22,-260,-431,-492,-433,-269,-61,153,329,436,439,331,147,-54,-223,-343,-385,-339,-211,-47,113,229,306,309,230,108,-8,-110,-184,-194,-165,-115,-38,45,94,108,94,61,19,-29,-58,-60,-35,3,40,66,72,56,25,-22,-66,-91,-95,-81,-49,3,59,94,118,125,99,48,-5,-59,-106,-126,-125,-105,-73,-29,9,38,60,0,0,0,0,0,18,34,39,35,34,38,38,28,21,18,14,2,-15,-37,-70,-90,-94,-89,-64,-15,37,90,140,159,153,121,56,-38,-128,-189,-232,-223,-163,-71,37,149,226,271,259,189,68,-62,-170,-240,-269,-240,-170,-61,56,157,226,245,196,108,13,-62,-119,-143,-135,-95,-44,10,43,55,41,16,-1,-6,-1,24,67,105,126,103,42,-60,-164,-244,-275,-248,-152,-5,166,324,418,420,326,158,-70,-306,-485,-560,-509,-350,-93,209,484,643,656,531,279,-57,-392,-639,-743,-681,-454,-119,250,577,773,799,629,307,-86,-456,-729,-832,-745,-482,-98,306,637,822,812,0,258,-152,-526,-764,-815,-682,-385,8,392,676,801,720,467,101,-294,-602,-748,-717,-507,-179,191,506,698,716,550,243,-122,-445,-660,-701,-564,-280,67,393,609,663,556,314,-16,-322,-544,-623,-535,-316,-22,277,490,565,483,276,-7,-278,-467,-518,-430,-229,40,304,474,506,395,166,-126,-385,-535,-541,-402,-131,190,477,639,645,481,171,-205,-538,-746,-767,-597,-263,149,542,798,873,724,394,-33,-465,-802,-941,-839,-526,-87,377,754,953,922,649,222,-255,-676,-921,-930,-716,-332,135,563,856,937,772,418,-45,-490,-806,-908,-784,-478,-51,397,749,909,837,554,134,-317,0,0,0,0,0,-870,-629,-223,238,634,866,890,689,315,-137,-554,-844,-923,-770,-419,32,477,809,942,841,536,102,-350,-727,-924,-883,-620,-216,227,611,843,871,674,312,-119,-504,-757,-812,-670,-362,24,395,663,764,664,391,25,-331,-585,-696,-633,-404,-81,252,516,645,603,412,115,-206,-452,-582,-567,-414,-165,104,344,492,498,381,183,-55,-250,-374,-396,-313,-154,30,186,272,273,191,65,-71,-176,-221,-186,-73,63,177,234,226,153,23,-145,-280,-326,-285,-175,-1,185,339,410,377,237,28,-204,-396,-494,-464,-312,-71,199,418,544,536,401,160,-130,-401,-579,-619,-508,-269,49,0,588,671,600,397,85,-257,-540,-697,-687,-507,-211,136,454,663,717,600,340,7,-320,-589,-715,-654,-440,-138,190,479,655,665,519,258,-48,-349,-560,-633,-537,-319,-50,232,463,571,540,384,135,-153,-401,-531,-521,-401,-193,60,303,475,513,426,260,36,-198,-390,-475,-439,-303,-108,97,280,399,424,344,186,0,-159,-283,-349,-331,-229,-87,64,186,240,241,189,100,5,-81,-144,-160,-136,-90,-19,51,92,95,76,38,-16,-52,-64,-59,-38,8,55,79,82,67,31,-22,-70,-98,-110,-111,-78,-22,37,84,123,139,121,86,39,-15,-63,-91,-107,-107,-95,-70,0,0,0,0,0,-31,-25,-16,-9,4,11,11,13,24,35,46,57,68,61,47,23,-15,-60,-97,-121,-133,-121,-74,-8,64,142,189,196,173,113,25,-78,-174,-236,-255,-226,-142,-21,104,205,263,272,220,117,0,-115,-209,-254,-245,-185,-103,6,112,177,195,172,121,54,-28,-85,-102,-79,-57,-29,-4,-2,-19,-35,-58,-67,-49,9,64,122,181,207,184,97,-33,-170,-280,-349,-336,-236,-79,109,305,451,497,428,246,-9,-271,-487,-605,-594,-432,-161,149,439,648,722,621,366,21,-327,-610,-765,-752,-560,-226,161,521,762,822,692,402,18,-374,-683,-836,-785,-546,-178,232,0,807,831,660,335,-74,-463,-732,-815,-711,-439,-56,343,639,769,716,495,145,-231,-555,-734,-728,-535,-209,162,481,680,710,561,275,-77,-403,-621,-680,-567,-306,24,332,560,645,549,318,11,-310,-535,-600,-515,-294,-4,272,469,535,455,247,-15,-279,-468,-506,-400,-190,83,343,507,523,390,137,-172,-441,-596,-597,-433,-145,196,511,705,705,527,222,-165,-542,-790,-825,-651,-311,114,515,803,899,777,463,18,-438,-784,-944,-871,-586,-160,318,722,932,916,684,278,-200,-623,-892,-935,-753,-376,87,525,829,930,789,455,6,-443,-775,-910,-822,-521,-87,360,708,882,840,0,0
62140,mtk,MTK 7916,2152428114,rx2-tx0,512,0,0,0,1174,805,228,-414,-954,-1274,-1282,-964,-408,247,847,1241,1333,1094,590,-61,-705,-1169,-1327,-1150,-694,-69,569,1054,1267,1165,771,176,-459,-971,-1232,-1175,-812,-259,358,883,1173,1161,851,321,-277,-798,-1115,-1137,-863,-378,189,704,1022,1066,828,389,-135,-610,-917,-975,-768,-360,130,569,837,888,693,306,-162,-560,-794,-807,-593,-217,204,570,778,766,535,141,-299,-644,-802,-737,-479,-73,363,700,839,746,440,10,-442,-789,-918,-792,-449,29,511,872,1014,884,508,-19,-565,-969,-1132,-1006,-613,-40,560,1021,1229,1133,742,143,-506,-1049,-1323,-1271,-912,-304,409,1023,1383,1407,1082,488,-231,0,-1372,-1494,-1235,-680,39,763,1312,1523,1354,852,153,-595,-1207,-1514,-1440,-1015,-350,393,1037,1435,1470,1133,521,-217,-893,-1340,-1446,-1193,-636,69,749,1235,1398,1207,712,48,-624,-1139,-1366,-1235,-775,-128,550,1094,1352,1270,866,226,-479,-1053,-1361,-1338,-962,-348,341,956,1353,1421,1128,547,-163,-826,-1283,-1431,-1239,-736,-65,615,1144,1395,1313,928,313,-376,-960,-1291,-1317,-1040,-537,92,687,1104,1246,1091,686,134,-437,-893,-1119,-1075,-786,-328,188,636,918,986,832,487,32,-403,-723,-875,-825,-587,-230,157,490,703,754,631,385,81,-226,-477,-614,-616,-500,-308,-76,154,335,440,457,398,280,0,0,0,0,0,-103,-264,-399,-484,-502,-435,-279,-49,213,468,650,714,635,429,123,-223,-542,-758,-811,-687,-418,-47,349,681,872,871,682,325,-125,-548,-849,-982,-893,-591,-150,328,746,998,1025,820,429,-72,-554,-915,-1060,-961,-649,-198,294,720,968,984,761,377,-82,-511,-801,-903,-794,-485,-77,335,651,796,742,520,180,-186,-489,-671,-675,-508,-233,87,376,569,610,491,256,-24,-274,-442,-492,-421,-237,-4,209,344,379,314,179,18,-142,-244,-269,-211,-98,33,134,185,174,107,0,-110,-170,-161,-92,17,139,226,245,190,61,-104,-261,-367,-387,-287,-96,137,358,506,539,429,194,0,-397,-612,-684,-595,-349,9,390,679,807,753,518,132,-294,-654,-873,-890,-678,-299,162,589,887,971,816,465,0,-464,-822,-974,-887,-588,-151,340,732,940,919,671,256,-209,-619,-860,-886,-692,-334,99,489,740,802,665,368,-21,-378,-620,-688,-572,-304,36,349,544,592,471,223,-75,-339,-504,-527,-404,-165,120,372,508,489,329,78,-194,-410,-510,-452,-270,-8,265,463,520,432,218,-67,-340,-527,-573,-457,-198,136,439,627,649,494,195,-173,-508,-712,-739,-573,-234,188,565,808,850,669,304,-150,-584,-880,-958,-775,-390,100,578,925,1042,894,501,-30,-565,-967,-1141,-1033,0,0,0,0,0,477,976,1245,1215,882,320,-320,-896,-1264,-1318,-1041,-509,153,773,1203,1334,1128,633,-8,-636,-1108,-1302,-1174,-737,-114,515,1014,1254,1161,775,195,-428,-931,-1207,-1175,-837,-287,320,838,1138,1147,868,369,-228,-753,-1072,-1099,-844,-385,162,665,981,1023,809,382,-135,-593,-888,-930,-720,-330,136,559,819,849,649,272,-178,-571,-790,-785,-557,-172,247,588,775,750,495,101,-328,-672,-831,-750,-461,-34,404,740,881,779,448,-12,-476,-825,-968,-838,-469,31,537,926,1073,931,537,-5,-567,-1000,-1184,-1068,-665,-84,541,1039,1294,1212,825,225,-458,-1040,-1362,-1350,-1008,-405,324,980,1386,1453,0,596,-150,-859,-1342,-1509,-1312,-786,-55,690,1267,1530,1421,956,256,-504,-1138,-1490,-1476,-1097,-443,310,974,1391,1457,1163,581,-139,-822,-1289,-1422,-1194,-676,17,707,1203,1384,1215,741,83,-600,-1130,-1354,-1232,-804,-179,508,1068,1354,1289,906,283,-420,-1022,-1361,-1365,-1039,-447,265,906,1331,1438,1190,647,-48,-738,-1240,-1440,-1302,-845,-194,485,1048,1360,1333,992,430,-227,-821,-1196,-1291,-1087,-622,-23,562,981,1165,1086,748,233,-311,-767,-1029,-1034,-797,-394,82,521,828,934,823,534,137,-275,-614,-797,-786,-615,-317,37,363,593,697,642,459,198,-83,-330,-498,-566,-522,-391,-214,-27,132,245,0,0,0,0,0,349,317,219,59,-142,-352,-529,-625,-605,-480,-253,56,374,620,753,738,574,279,-89,-457,-732,-858,-805,-568,-200,238,628,877,935,791,455,9,-446,-813,-1004,-964,-706,-286,203,657,968,1051,895,543,71,-424,-819,-1017,-979,-720,-302,181,613,902,968,797,452,12,-416,-729,-862,-781,-515,-135,250,572,741,726,529,222,-128,-439,-627,-642,-485,-228,62,332,500,548,453,243,-16,-236,-385,-432,-370,-215,-13,157,279,331,279,149,-1,-141,-217,-216,-152,-39,64,138,163,123,33,-72,-165,-206,-176,-77,61,199,290,310,231,84,-121,-311,-451,-470,-360,-138,127,383,565,0,519,267,-59,-393,-646,-754,-671,-417,-50,349,688,860,829,597,209,-236,-632,-882,-923,-743,-379,84,536,855,977,864,526,61,-405,-778,-967,-909,-637,-197,277,663,891,903,685,306,-142,-546,-801,-857,-686,-344,52,420,672,735,613,337,-27,-359,-578,-643,-533,-268,45,334,522,565,436,193,-94,-350,-509,-512,-366,-124,156,390,504,469,297,49,-215,-422,-509,-442,-237,42,307,490,546,444,199,-107,-397,-584,-612,-465,-188,157,474,669,691,524,204,-186,-540,-766,-797,-620,-267,171,573,840,898,728,362,-115,-583,-912,-1002,-819,-433,69,577,965,1102,955,570,29,-526,0,0
62141,mtk,MTK 7916,2152428114,rx2-tx1,512,0,0,0,-551,-417,-180,90,329,484,515,412,225,-3,-223,-380,-428,-378,-236,-42,145,286,343,303,190,42,-108,-218,-257,-224,-138,-15,104,180,202,163,87,-2,-82,-127,-116,-84,-27,37,73,67,36,-5,-56,-106,-111,-57,23,116,199,238,201,97,-57,-215,-341,-393,-348,-202,7,238,423,533,502,332,89,-190,-448,-604,-612,-467,-197,121,421,633,691,572,303,-57,-399,-638,-735,-655,-381,-15,358,641,774,721,481,102,-301,-633,-814,-804,-590,-220,205,589,828,859,682,337,-100,-512,-791,-880,-758,-461,-43,389,718,864,798,533,155,-248,-605,-809,-804,-600,-260,137,487,0,736,587,283,-78,-392,-602,-652,-534,-275,57,356,556,598,480,222,-80,-350,-527,-553,-416,-149,149,404,560,556,377,90,-239,-524,-686,-666,-450,-87,322,656,841,821,586,176,-313,-762,-1032,-1057,-828,-387,191,747,1136,1266,1116,687,73,-584,-1118,-1398,-1360,-1008,-404,304,960,1399,1524,1293,754,34,-688,-1265,-1556,-1495,-1077,-408,339,995,1441,1569,1332,793,82,-627,-1190,-1490,-1446,-1080,-482,205,833,1256,1388,1206,776,195,-414,-914,-1181,-1182,-923,-483,30,522,873,1016,930,643,237,-196,-561,-799,-852,-715,-435,-88,261,537,683,691,575,348,82,-175,-383,-501,-526,-471,-350,-192,0,0,0,0,0,213,305,357,346,276,160,12,-164,-320,-421,-452,-396,-264,-78,129,306,421,458,388,217,11,-197,-371,-452,-419,-293,-107,108,306,436,462,377,197,-30,-257,-424,-491,-436,-281,-60,179,392,506,507,386,166,-101,-338,-498,-540,-456,-268,-10,253,462,566,538,370,114,-148,-353,-493,-523,-431,-236,19,254,417,477,417,280,93,-123,-308,-385,-361,-266,-121,49,194,270,273,212,87,-57,-163,-218,-210,-132,-27,87,191,231,192,118,5,-131,-233,-268,-227,-132,-11,133,247,302,272,178,37,-110,-241,-313,-314,-222,-87,53,190,281,284,227,140,10,-131,-230,-269,-255,0,-78,45,142,210,231,192,107,16,-63,-110,-134,-130,-100,-67,-38,-22,-7,5,12,30,71,107,132,137,120,57,-39,-136,-219,-268,-262,-192,-62,77,218,323,362,305,187,24,-164,-346,-442,-422,-308,-119,120,341,483,510,415,227,-32,-287,-472,-535,-476,-309,-57,216,433,545,517,364,116,-151,-379,-509,-515,-379,-142,119,358,509,522,403,158,-127,-367,-513,-525,-409,-183,87,348,536,580,463,238,-53,-342,-546,-606,-519,-302,-6,308,537,632,575,374,65,-257,-518,-651,-619,-444,-151,186,470,637,659,516,251,-68,-373,-592,-657,-558,-324,-18,276,504,618,581,0,0,0,0,0,-142,-381,-527,-542,-425,-205,44,267,425,471,393,235,20,-188,-333,-379,-331,-207,-40,125,251,299,258,150,31,-94,-183,-219,-183,-109,-15,83,152,164,122,54,-14,-76,-108,-83,-24,30,73,69,47,-5,-84,-151,-178,-158,-75,50,172,280,326,274,141,-44,-245,-400,-472,-433,-272,-24,245,460,567,549,408,148,-159,-437,-616,-644,-514,-251,80,399,631,712,613,357,-12,-374,-639,-751,-681,-428,-63,324,637,797,762,525,149,-263,-610,-831,-852,-643,-277,155,556,826,884,729,395,-33,-450,-762,-892,-796,-502,-96,331,668,840,808,573,202,-208,-555,-760,-773,-604,0,80,434,664,702,564,292,-56,-372,-570,-621,-499,-248,66,353,536,568,445,196,-109,-386,-546,-545,-390,-113,213,483,627,597,397,69,-295,-601,-761,-731,-509,-125,316,702,940,942,703,265,-264,-762,-1101,-1193,-992,-542,65,683,1151,1358,1249,839,218,-460,-1054,-1417,-1458,-1152,-584,133,834,1355,1553,1404,932,243,-506,-1147,-1527,-1548,-1215,-613,119,827,1348,1559,1411,945,281,-418,-1015,-1378,-1430,-1164,-643,1,617,1084,1302,1215,864,357,-221,-724,-1042,-1107,-948,-591,-123,348,713,910,892,673,329,-52,-406,-662,-761,-691,-503,-224,95,367,557,637,599,458,255,37,-152,-282,-349,0,0,0,0,0,-201,-128,-10,132,266,368,423,399,305,155,-38,-235,-376,-441,-427,-326,-166,41,250,400,453,409,279,74,-144,-332,-436,-435,-333,-155,66,281,423,471,409,233,6,-229,-414,-515,-489,-340,-110,148,367,503,522,427,224,-43,-306,-492,-561,-502,-325,-83,178,415,551,536,397,182,-71,-300,-454,-514,-445,-269,-45,185,362,441,416,297,120,-78,-240,-331,-328,-251,-125,28,176,256,237,161,47,-77,-160,-221,-224,-143,-11,117,211,250,221,128,1,-128,-231,-279,-252,-168,-17,136,249,303,285,199,67,-80,-216,-301,-306,-232,-113,23,158,259,295,256,158,32,-95,0,-253,-242,-179,-84,28,125,178,183,166,119,55,0,-39,-68,-78,-75,-60,-54,-62,-68,-57,-30,8,55,120,180,197,173,125,19,-118,-226,-304,-336,-276,-139,32,211,345,406,379,264,69,-139,-342,-465,-473,-367,-175,61,302,470,520,450,273,22,-239,-451,-540,-505,-353,-96,191,413,528,519,373,129,-146,-370,-500,-520,-396,-166,107,348,502,524,407,184,-91,-344,-516,-558,-452,-227,65,337,530,589,491,259,-39,-340,-554,-630,-553,-327,-24,283,533,645,604,415,118,-214,-488,-645,-640,-481,-209,122,423,608,652,541,289,-30,-328,-552,-642,-574,-364,-76,242,0,0
62142,mtk,MTK 7916,2152772914,rx0-tx0,512,-330,-144,-159,-364,-223,-56,107,283,410,483,526,521,458,343,198,41,-128,-273,-396,-472,-495,-485,-426,-321,-189,-32,125,250,350,419,443,429,386,292,179,61,-66,-167,-255,-325,-370,-377,-355,-314,-225,-125,-31,74,173,263,323,347,362,340,278,210,114,24,-73,-162,-234,-290,-319,-343,-338,-288,-216,-133,-35,67,171,259,333,396,424,422,373,290,182,45,-119,-262,-397,-508,-564,-559,-505,-397,-254,-63,140,333,497,623,667,643,571,451,269,37,-180,-369,-548,-681,-729,-712,-628,-488,-293,-54,179,414,623,758,806,781,694,526,297,22,-249,-507,-725,-856,-907,-867,-714,-502,-364,41,351,609,815,926,953,889,713,462,160,-154,-463,-709,-900,-984,-972,-862,-645,-376,-65,259,551,781,939,1007,952,812,598,314,-8,-335,-610,-834,-972,-1002,-939,-775,-520,-227,83,414,696,912,1024,1014,911,725,447,136,-191,-512,-777,-946,-1023,-990,-861,-640,-350,-25,320,619,848,994,1043,970,782,519,202,-140,-444,-712,-923,-1001,-972,-840,-612,-328,0,325,596,800,918,930,813,628,366,67,-205,-451,-650,-772,-790,-736,-597,-387,-162,91,316,494,619,675,647,546,387,182,-41,-257,-425,-549,-603,-578,-466,-304,-107,105,296,441,505,487,386,229,36,-139,-265,-318,-60,-94,510,218,469,196,255,238,172,72,-56,-179,-276,-331,-333,-289,-193,-80,49,173,257,331,359,356,309,218,95,-51,-189,-306,-394,-438,-423,-366,-263,-114,48,207,345,453,492,488,414,281,109,-72,-232,-363,-471,-506,-481,-402,-252,-88,85,245,370,452,474,432,356,231,82,-59,-194,-298,-356,-381,-362,-288,-207,-89,41,125,202,268,278,272,244,163,71,-15,-95,-139,-181,-203,-195,-159,-113,-50,15,71,128,140,134,113,72,24,-9,-41,-77,-68,-70,-62,-43,-20,18,40,38,47,41,21,-11,-30,-37,-33,-39,-38,-33,-17,4,15,28,38,34,19,-1,1,-18,-26,-449,-18,-2,36,44,39,30,24,2,-23,-51,-93,-125,-144,-138,-101,-64,-2,60,140,202,237,246,230,172,86,-12,-114,-216,-299,-337,-351,-309,-238,-120,13,137,272,367,436,451,423,331,202,50,-122,-264,-408,-506,-535,-519,-448,-319,-153,36,214,367,501,581,580,525,402,252,76,-102,-267,-425,-532,-596,-592,-520,-395,-241,-51,144,327,471,571,605,592,505,372,201,10,-183,-353,-484,-560,-582,-558,-475,-347,-180,6,184,346,468,541,556,524,439,309,171,1,-160,-291,-422,-491,-529,-523,-441,-331,-191,-33,126,276,401,491,538,520,456,345,209,50,-122,-281,-477,-264,-82,-56,-22,389,491,526,525,474,354,221,62,-113,-275,-404,-481,-516,-502,-444,-335,-190,-34,117,264,377,450,485,452,381,290,161,28,-89,-211,-311,-364,-405,-396,-356,-293,-202,-96,20,117,211,304,334,363,361,327,256,164,71,-32,-141,-227,-289,-331,-346,-342,-303,-241,-156,-68,21,122,213,275,325,354,367,349,289,216,105,-10,-134,-252,-359,-444,-501,-497,-445,-358,-229,-51,127,305,456,569,630,626,554,431,252,40,-163,-353,-530,-666,-715,-677,-596,-468,-266,-38,193,401,574,711,770,757,685,518,290,32,-214,-453,-657,-812,-865,-830,-719,-521,-261,9,307,568,755,-49,942,878,718,489,202,-100,-403,-667,-859,-951,-957,-868,-683,-421,-104,206,504,741,907,994,961,819,607,338,26,-299,-575,-802,-959,-1017,-960,-810,-581,-276,53,380,664,871,984,1020,947,764,504,183,-149,-460,-742,-935,-1024,-1016,-896,-681,-399,-79,253,564,825,973,1040,986,819,583,289,-42,-383,-676,-888,-1007,-1001,-897,-721,-446,-107,225,532,770,921,968,906,736,497,210,-114,-405,-629,-798,-852,-814,-702,-515,-262,11,265,488,637,713,713,627,481,286,55,-179,-371,-520,-608,-624,-561,-435,-266,-60,154,346,482,556,544,457,298,102,-101,-276,-393,-431,-381,-263,-111,-116,-115,-82,918,836,88,-6,-127,-223,-296,-312,-274,-180,-60,68,190,283,339,356,311,237,135,12,-110,-237,-326,-389,-400,-370,-295,-180,-31,122,263,384,449,462,419,334,189,23,-147,-308,-431,-509,-515,-455,-350,-197,-11,157,326,438,489,486,423,312,169,4,-151,-275,-376,-417,-415,-373,-275,-165,-42,102,208,283,337,316,273,223,130,27,-58,-147,-224,-257,-266,-216,-159,-99,-32,34,98,141,161,155,142,112,53,3,-52,-86,-100,-85,-87,-51,-16,1,34,51,66,67,32,21,4,-27,-48,-60,-51,-27,-13,7,26,30,42,38,34,31,0,-16,-31,-18,-9,-14,3,26,1,26,22,-4,-20,-30,-51,-71,-82,-87,-70,-35,21,84,127,161,185,192,170,121,42,-46,-147,-232,-280,-293,-288,-243,-154,-43,82,206,304,384,411,403,341,226,93,-56,-207,-340,-428,-484,-476,-429,-331,-169,1,169,321,445,527,551,512,425,292,108,-81,-255,-408,-512,-584,-584,-540,-429,-261,-70,135,317,454,562,613,601,522,392,218,28,-168,-355,-491,-575,-598,-573,-490,-359,-181,4,179,337,471,558,576,541,460,326,176,-1,-173,-332,-439,-506,-533,-499,-443,-334,-184,-30,147,296,413,499,540,529,459,348,214,48,-117,-276,-403,-486,-534,-519,-440,737,854
62143,mtk,MTK 7916,2152772914,rx0-tx1,512,-686,130,245,-307,-510,-655,-745,-754,-696,-576,-418,-216,29,269,474,644,761,802,769,670,507,308,48,-211,-450,-684,-832,-903,-900,-815,-660,-433,-152,151,467,744,949,1070,1094,1015,826,547,185,-181,-540,-879,-1135,-1281,-1305,-1187,-938,-595,-168,293,722,1082,1354,1476,1453,1282,974,556,73,-422,-873,-1240,-1492,-1565,-1494,-1275,-917,-472,28,537,974,1313,1529,1587,1474,1217,824,357,-131,-631,-1044,-1345,-1516,-1545,-1391,-1111,-750,-290,185,624,1011,1290,1450,1458,1323,1061,694,281,-169,-603,-975,-1239,-1393,-1413,-1288,-1054,-700,-274,171,589,957,1233,1388,1398,1272,1004,647,238,-212,-632,-973,-1224,-1357,-1344,98,-948,-604,-191,237,645,992,1224,1337,1322,1162,910,560,152,-267,-655,-989,-1216,-1318,-1302,-1159,-890,-539,-131,283,667,1004,1240,1336,1317,1168,890,535,128,-294,-719,-1056,-1288,-1398,-1363,-1203,-923,-532,-72,402,826,1171,1415,1519,1435,1209,867,405,-91,-580,-1010,-1351,-1540,-1547,-1405,-1108,-679,-182,343,834,1202,1470,1571,1479,1224,822,366,-132,-647,-1043,-1333,-1465,-1412,-1213,-888,-473,4,465,847,1121,1263,1252,1094,850,500,113,-268,-606,-853,-1007,-1040,-952,-759,-487,-178,137,416,644,799,853,805,681,477,211,-53,-309,-524,-665,-720,-681,-556,-349,-86,173,405,555,598,532,377,161,-53,-223,-110,0,-150,-149,177,207,187,127,25,-99,-214,-295,-323,-298,-229,-114,22,148,266,350,385,364,292,191,61,-94,-239,-356,-434,-463,-435,-357,-226,-60,119,287,430,526,559,533,423,261,74,-133,-338,-505,-604,-637,-592,-475,-302,-92,133,343,518,638,689,651,540,393,180,-65,-298,-496,-645,-722,-722,-632,-492,-285,-34,223,450,622,734,778,721,593,407,145,-127,-393,-600,-745,-815,-797,-671,-481,-234,40,307,545,729,821,815,721,553,325,54,-215,-467,-658,-764,-794,-742,-584,-367,-133,127,354,536,664,711,686,583,422,234,21,-186,-375,-521,-592,-612,-564,-474,-336,-160,22,194,-282,459,527,529,489,401,287,140,-7,-153,-283,-382,-459,-480,-451,-396,-301,-186,-53,90,214,325,395,447,463,430,356,260,134,-9,-149,-281,-382,-459,-508,-514,-464,-381,-255,-88,93,269,433,578,666,682,623,495,316,100,-129,-358,-562,-710,-791,-791,-699,-519,-296,-44,221,468,679,819,860,809,676,486,250,-25,-293,-535,-724,-826,-842,-793,-657,-445,-192,72,326,546,710,807,823,758,611,409,179,-75,-308,-510,-671,-762,-768,-706,-571,-395,-178,52,273,463,601,697,722,675,574,420,222,4,-212,-412,-565,-673,-712,-684,-605,-467,-274,-64,155,355,531,659,717,719,71,-32,9,419,371,-676,-549,-369,-155,78,304,489,636,742,778,727,614,450,233,-1,-232,-459,-639,-783,-860,-839,-761,-601,-364,-102,180,456,695,883,988,1003,922,739,485,174,-157,-501,-806,-1056,-1194,-1199,-1113,-897,-583,-194,219,628,978,1240,1397,1389,1235,970,588,130,-339,-797,-1168,-1427,-1536,-1487,-1282,-955,-509,-13,474,930,1297,1517,1597,1502,1251,896,426,-84,-584,-1026,-1361,-1538,-1575,-1447,-1157,-774,-332,165,645,1028,1325,1489,1482,1344,1079,720,290,-170,-607,-997,-1268,-1423,-1446,-1316,-1050,-689,-284,161,585,963,1251,1400,1404,1278,1026,680,255,-193,-620,-984,-1235,-1380,-1389,-1241,-969,-614,-195,232,-999,967,1216,1339,1330,1191,926,576,176,-256,-646,-974,-1215,-1321,-1303,-1168,-911,-558,-156,263,665,991,1223,1331,1311,1161,897,534,127,-278,-685,-1025,-1248,-1359,-1348,-1189,-898,-526,-98,350,753,1109,1347,1454,1403,1211,897,494,10,-480,-905,-1267,-1491,-1539,-1434,-1178,-795,-304,201,695,1122,1435,1580,1550,1341,990,554,24,-496,-953,-1295,-1476,-1528,-1383,-1065,-664,-166,325,761,1103,1325,1387,1272,1035,687,266,-173,-564,-871,-1084,-1152,-1104,-928,-662,-329,27,359,636,828,922,912,793,609,351,65,-217,-468,-666,-768,-779,-699,-536,-307,-51,203,430,603,672,641,508,288,44,-195,-376,-469,-448,363,409,0,68,-11,68,-25,-128,-208,-262,-262,-211,-115,12,139,253,335,354,329,259,142,3,-145,-269,-360,-415,-419,-366,-267,-131,30,189,326,442,504,500,441,319,153,-32,-230,-410,-528,-592,-591,-521,-376,-193,22,250,440,579,653,651,571,432,241,15,-219,-409,-576,-683,-708,-651,-530,-343,-112,137,363,545,696,761,734,618,442,225,-32,-301,-518,-704,-804,-806,-718,-542,-328,-63,216,467,665,796,829,773,628,405,139,-136,-393,-607,-760,-822,-790,-677,-477,-229,27,293,516,655,738,740,650,498,298,64,-168,-378,-533,-625,-662,-627,-529,-370,-177,7,193,352,485,560,568,511,288,287,132,-28,-175,-309,-411,-484,-493,-470,-396,-300,-172,-15,123,253,357,428,468,452,407,334,229,111,-41,-186,-303,-389,-456,-485,-476,-418,-323,-198,-54,109,260,391,509,586,604,558,467,313,112,-104,-320,-497,-643,-727,-745,-683,-537,-328,-87,173,422,634,777,837,806,700,518,276,-3,-276,-520,-702,-825,-859,-809,-672,-462,-202,63,317,549,729,824,837,775,633,435,193,-72,-323,-541,-692,-782,-794,-720,-590,-405,-169,69,300,502,640,728,746,697,575,402,201,-23,-231,-425,-580,-685,-718,-686,-589,-439,-248,-36,179,372,549,668,706,691,609,484,295,91,-123,184,192
62144,mtk,MTK 7916,2152772914,rx1-tx0,512,0,-569,-719,-455,-466,-411,-305,-191,-57,95,217,313,376,398,386,330,237,115,-11,-133,-230,-309,-339,-345,-312,-239,-146,-30,79,183,284,332,346,315,243,134,-4,-120,-236,-324,-362,-353,-301,-213,-90,45,186,296,354,375,358,284,171,30,-91,-215,-319,-379,-377,-334,-263,-148,-23,109,217,292,343,365,361,299,198,87,-46,-163,-247,-333,-385,-386,-352,-289,-192,-79,44,187,311,386,433,458,424,333,212,64,-84,-243,-391,-473,-536,-535,-472,-370,-208,-24,177,358,526,633,666,644,529,366,161,-90,-320,-532,-688,-766,-759,-668,-491,-253,4,270,519,723,824,829,754,593,794,100,-183,-462,-682,-812,-854,-816,-672,-454,-182,113,387,615,782,865,859,741,532,284,-9,-296,-545,-726,-824,-847,-765,-601,-365,-91,192,448,661,782,817,759,626,437,199,-67,-321,-523,-680,-754,-736,-641,-478,-263,-54,183,401,566,677,697,653,536,344,142,-82,-302,-474,-587,-626,-602,-508,-360,-178,34,216,371,493,524,499,417,304,166,5,-136,-255,-357,-389,-391,-356,-269,-183,-71,41,128,211,251,282,282,242,180,107,34,-34,-104,-155,-184,-207,-216,-186,-148,-102,-28,31,87,159,203,224,226,181,124,37,-47,-129,-198,-231,-236,-196,-120,-17,76,148,178,426,97,0,-20,-369,110,-53,-220,-354,-443,-441,-349,-185,9,207,385,498,519,490,391,229,33,-166,-339,-466,-549,-567,-503,-392,-224,-27,164,331,489,579,601,566,468,320,124,-99,-298,-457,-584,-650,-640,-541,-398,-214,-11,216,431,584,687,692,638,505,320,121,-116,-341,-528,-638,-714,-704,-621,-469,-266,-41,184,404,568,663,683,644,554,393,194,-17,-223,-412,-559,-635,-643,-599,-515,-356,-176,5,209,372,496,581,600,570,501,374,215,37,-149,-332,-486,-565,-609,-622,-547,-413,-265,-64,162,345,502,603,657,641,558,419,237,23,-192,-370,-523,-623,-671,-633,-562,-408,-215,0,210,381,534,622,647,633,540,391,215,15,-195,-366,-501,-586,-619,-587,-514,-398,-231,-48,138,301,440,535,600,623,570,470,348,168,-23,-233,-415,-567,-684,-738,-693,-586,-442,-239,0,245,479,663,774,816,780,666,471,229,-36,-315,-563,-743,-853,-888,-820,-658,-448,-174,111,394,642,793,893,892,795,631,386,97,-190,-451,-661,-805,-865,-837,-724,-540,-292,-17,243,486,659,775,795,734,619,437,207,-41,-263,-453,-616,-686,-681,-641,-527,-364,-180,35,229,394,539,611,624,573,465,331,145,-51,-238,-404,-519,-591,-580,-521,-405,-257,-79,114,286,427,503,543,507,423,315,659,547,0,455,117,-98,54,200,312,381,431,423,357,268,144,15,-113,-235,-315,-366,-373,-341,-277,-181,-60,46,156,242,309,336,318,280,194,86,-33,-155,-253,-336,-359,-335,-277,-174,-49,86,204,307,367,374,336,237,118,-5,-142,-270,-356,-381,-359,-311,-212,-77,65,177,282,359,384,363,293,208,105,-3,-129,-247,-320,-367,-378,-327,-274,-198,-81,41,167,278,358,395,415,381,297,183,77,-59,-212,-336,-421,-470,-479,-453,-347,-210,-53,133,293,443,555,612,602,525,387,187,-23,-246,-447,-593,-693,-715,-656,-525,-327,-84,172,413,631,769,821,782,658,440,171,-108,-376,-612,572,-865,-848,-737,-533,-280,8,298,550,738,844,865,793,623,388,101,-201,-482,-693,-834,-890,-833,-680,-443,-178,103,376,598,759,835,817,713,513,264,-12,-269,-488,-649,-758,-782,-701,-553,-347,-112,131,357,553,673,719,703,592,428,214,-19,-232,-443,-578,-647,-662,-588,-442,-252,-35,164,345,491,577,587,513,407,248,64,-111,-259,-371,-442,-462,-426,-355,-235,-95,34,156,238,296,330,319,286,207,128,51,-39,-117,-177,-213,-230,-230,-202,-155,-107,-49,27,99,138,186,211,202,195,159,91,28,-57,-131,-193,-234,-234,-210,-145,-64,29,127,193,220,195,132,44,573,715,0,722,643,-300,-357,-314,-207,-40,156,331,445,491,468,364,184,-21,-210,-386,-504,-555,-526,-438,-296,-122,75,262,420,542,593,566,486,353,162,-36,-239,-423,-557,-633,-637,-549,-437,-272,-63,166,376,527,637,677,655,544,381,170,-67,-298,-498,-614,-696,-707,-630,-477,-282,-75,160,368,538,663,697,675,585,421,223,-2,-212,-400,-563,-655,-688,-648,-538,-367,-167,36,225,401,540,600,612,576,473,345,185,-1,-173,-331,-473,-562,-602,-590,-532,-398,-229,-63,138,340,477,580,655,630,545,405,229,34,-176,-367,-514,-615,-663,-629,-554,-413,-229,-8,198,385,545,642,678,634,-1037,396,208,19,-184,-370,-512,-600,-640,-606,-509,-375,-209,-24,168,332,474,571,613,595,537,428,285,122,-70,-267,-417,-549,-631,-661,-625,-527,-387,-203,31,256,445,616,740,784,746,630,447,223,-23,-276,-513,-705,-827,-871,-813,-678,-460,-213,62,349,586,770,884,892,814,632,402,137,-159,-426,-649,-817,-886,-868,-763,-578,-328,-56,217,462,672,809,840,797,676,489,244,-25,-251,-460,-624,-727,-747,-685,-576,-397,-171,40,240,432,567,645,666,603,503,353,158,-38,-242,-407,-528,-604,-600,-548,-443,-298,-108,89,268,410,508,570,563,498,361,201,26,-168,-307,-432,101,408
62145,mtk,MTK 7916,2152772914,rx1-tx1,512,0,0,0,-997,-767,-361,138,602,936,1071,978,669,208,-295,-732,-1028,-1095,-927,-560,-68,431,823,1055,1058,834,437,-47,-530,-898,-1062,-998,-731,-304,173,606,900,995,878,587,170,-287,-669,-889,-908,-732,-393,15,408,699,836,792,572,226,-156,-495,-710,-768,-669,-425,-84,272,566,715,709,545,272,-41,-329,-538,-618,-566,-399,-145,111,319,441,462,376,217,28,-161,-293,-329,-287,-182,-14,138,230,259,199,72,-72,-196,-280,-292,-208,-69,102,263,379,395,332,188,-25,-246,-409,-484,-457,-330,-108,161,404,555,596,515,312,31,-260,-509,-654,-669,-543,-285,46,379,643,763,721,0,251,-100,-451,-717,-822,-760,-549,-222,157,504,752,857,787,546,196,-187,-534,-778,-853,-755,-508,-169,205,538,753,813,702,451,117,-232,-537,-722,-751,-627,-383,-61,263,523,666,662,523,275,-25,-310,-520,-625,-600,-450,-212,76,351,524,584,528,379,147,-119,-346,-508,-561,-490,-329,-115,116,305,426,471,417,295,123,-78,-251,-346,-366,-320,-225,-92,45,159,237,264,222,152,71,-21,-108,-151,-138,-98,-44,6,44,69,78,57,20,-27,-75,-98,-90,-51,-7,46,97,130,139,122,71,6,-56,-104,-142,-157,-142,-103,-51,1,60,110,140,150,140,111,74,42,0,0,0,0,0,37,25,20,10,7,6,4,1,-2,-6,-22,-46,-63,-80,-102,-103,-82,-45,1,50,100,155,187,183,155,85,-21,-121,-206,-258,-270,-232,-160,-61,56,181,285,329,305,247,155,12,-141,-256,-319,-309,-265,-188,-66,67,173,239,260,235,169,86,-3,-74,-114,-132,-134,-98,-49,-10,10,11,-3,-22,-37,-39,-8,43,101,158,201,206,164,77,-56,-207,-331,-398,-395,-319,-164,53,284,465,571,572,465,253,-21,-309,-558,-718,-735,-597,-337,0,349,643,826,838,682,395,8,-392,-708,-883,-900,-737,-424,-14,420,759,939,948,758,415,-10,-449,-799,-974,-951,0,-381,52,477,807,955,911,678,300,-134,-533,-820,-928,-837,-571,-189,223,588,821,876,733,435,44,-345,-648,-818,-808,-628,-295,88,447,704,812,730,490,150,-218,-539,-731,-742,-588,-325,13,345,586,685,628,434,136,-173,-436,-600,-615,-470,-216,75,356,547,588,483,259,-32,-333,-554,-650,-579,-359,-33,313,598,741,728,555,229,-170,-540,-809,-910,-800,-507,-95,349,730,967,1012,829,455,-29,-506,-877,-1067,-1031,-772,-353,145,632,985,1126,1029,719,241,-296,-747,-1035,-1110,-947,-577,-81,422,826,1056,1066,827,406,-84,-546,-896,-1063,-987,-688,-244,247,678,966,1037,884,0,0,0,0,0,-312,-720,-993,-1055,-879,-508,-38,454,861,1073,1048,802,384,-109,-588,-950,-1099,-1013,-714,-262,244,692,987,1076,939,608,147,-339,-749,-993,-1024,-824,-459,-2,451,794,958,912,657,279,-142,-529,-791,-871,-767,-496,-114,281,600,787,803,629,320,-38,-382,-650,-756,-684,-483,-190,151,448,627,662,566,354,67,-221,-431,-542,-537,-416,-207,20,225,372,412,336,189,14,-140,-241,-276,-238,-117,37,161,235,250,179,55,-84,-222,-311,-331,-266,-125,70,264,398,452,400,240,15,-210,-407,-525,-544,-425,-191,80,339,548,657,609,428,150,-171,-464,-655,-719,-643,-427,-106,245,0,763,803,675,403,62,-296,-622,-806,-822,-680,-390,-16,361,663,834,833,669,367,-1,-372,-669,-815,-793,-623,-333,43,403,665,775,735,552,256,-81,-405,-629,-714,-663,-470,-179,134,415,608,668,590,390,108,-189,-452,-596,-606,-498,-295,-33,225,450,560,549,435,235,-2,-222,-403,-509,-489,-384,-211,-4,192,342,422,418,325,176,21,-135,-261,-315,-298,-227,-124,-9,93,166,199,183,138,74,-2,-70,-100,-102,-78,-30,17,59,78,67,36,12,-22,-75,-106,-100,-71,-13,41,86,128,141,135,100,55,1,-57,-116,-154,-157,-141,-114,-69,-16,28,65,93,100,0,0,0,0,0,29,31,34,36,34,29,22,29,43,44,45,50,43,11,-17,-50,-89,-130,-145,-132,-112,-67,-4,77,154,209,237,228,171,79,-33,-150,-240,-296,-311,-263,-158,-39,90,214,303,344,308,228,109,-32,-160,-241,-287,-285,-222,-117,-8,84,169,211,203,162,92,20,-32,-57,-75,-70,-51,-18,9,12,-26,-63,-98,-118,-119,-80,-2,99,199,283,325,301,195,29,-162,-334,-453,-499,-455,-310,-85,175,426,605,662,590,414,137,-190,-489,-707,-793,-719,-501,-171,195,541,795,897,821,577,210,-202,-586,-861,-953,-861,-607,-219,233,634,905,993,886,601,194,-259,0,-926,-995,-853,-543,-127,320,684,899,934,777,458,43,-381,-713,-886,-866,-669,-327,89,480,754,856,779,534,170,-218,-560,-782,-834,-690,-398,-33,322,614,763,732,545,249,-111,-450,-663,-727,-627,-388,-75,265,514,640,617,452,174,-132,-402,-573,-604,-484,-249,61,352,547,609,521,293,-5,-313,-576,-707,-650,-433,-117,243,571,789,831,679,355,-60,-467,-787,-952,-902,-659,-269,193,637,956,1064,947,625,165,-342,-775,-1049,-1099,-920,-549,-48,465,866,1076,1072,838,409,-102,-581,-932,-1091,-1012,-715,-255,248,697,990,1060,909,566,82,-411,-799,-1021,-1024,-798,-399,88,542,0,0
62146,mtk,MTK 7916,2152772914,rx2-tx0,512,0,0,0,470,996,1325,1368,1110,616,-14,-647,-1158,-1426,-1383,-1041,-483,170,793,1248,1438,1305,894,285,-377,-944,-1304,-1375,-1145,-671,-47,579,1073,1325,1279,956,429,-198,-776,-1170,-1304,-1153,-733,-159,436,929,1202,1209,949,489,-79,-614,-1009,-1161,-1043,-695,-204,325,755,1003,1015,798,396,-85,-536,-848,-949,-820,-502,-70,373,712,873,820,569,179,-258,-626,-824,-822,-629,-273,155,555,823,881,718,392,-39,-474,-809,-941,-853,-544,-95,391,797,1021,1004,758,327,-202,-707,-1062,-1178,-1014,-615,-61,514,993,1261,1263,975,461,-181,-792,-1245,-1427,-1308,-896,-274,422,1030,1435,1540,1311,789,80,-650,0,-1575,-1574,-1240,-638,103,815,1372,1639,1547,1123,463,-290,-984,-1469,-1636,-1458,-971,-275,474,1130,1525,1589,1322,775,53,-666,-1235,-1526,-1484,-1127,-510,204,866,1336,1501,1337,883,236,-459,-1047,-1416,-1462,-1177,-633,53,725,1232,1476,1396,1006,395,-305,-955,-1402,-1528,-1317,-839,-179,523,1130,1496,1539,1269,729,34,-664,-1231,-1531,-1502,-1174,-617,67,734,1240,1470,1399,1050,491,-157,-762,-1198,-1376,-1274,-925,-397,193,723,1090,1223,1113,780,300,-226,-687,-994,-1086,-970,-672,-251,203,593,850,933,838,581,221,-164,-493,-710,-792,-723,-535,-266,43,331,537,640,637,537,358,153,-48,-214,-324,-381,0,0,0,0,0,-396,-415,-372,-257,-82,134,362,554,681,718,633,424,133,-189,-493,-731,-845,-815,-632,-324,53,436,750,934,941,762,432,19,-408,-776,-1007,-1046,-868,-528,-74,417,832,1081,1126,949,589,119,-377,-809,-1076,-1123,-958,-597,-119,368,759,1006,1053,884,537,104,-346,-713,-930,-949,-749,-413,-16,386,684,805,775,589,275,-86,-399,-626,-714,-648,-438,-145,155,420,583,603,493,286,24,-218,-394,-464,-434,-319,-134,70,234,324,331,263,131,-9,-131,-213,-224,-168,-73,34,132,187,176,87,-29,-140,-215,-244,-203,-90,65,227,350,403,368,229,13,-227,-436,-564,-568,-447,-216,0,395,625,741,700,504,196,-180,-540,-799,-898,-807,-542,-156,279,665,926,1000,863,534,90,-374,-777,-1018,-1046,-855,-481,-9,457,840,1034,1023,798,387,-107,-556,-877,-1010,-929,-645,-236,211,602,856,923,795,487,78,-321,-628,-792,-780,-580,-260,104,433,637,682,564,318,6,-294,-518,-607,-544,-350,-68,218,447,561,536,372,123,-157,-392,-523,-527,-389,-152,127,377,530,548,428,196,-84,-360,-564,-617,-524,-291,30,355,604,720,663,443,108,-271,-589,-781,-800,-635,-316,92,502,817,956,872,592,164,-320,-733,-986,-1034,-848,-468,30,544,956,1157,1108,811,328,-244,-782,0,0,0,0,0,-1258,-923,-377,263,852,1261,1412,1272,854,240,-427,-994,-1353,-1417,-1178,-687,-61,589,1110,1388,1360,1040,503,-140,-757,-1199,-1360,-1228,-831,-244,390,940,1271,1309,1059,590,-15,-613,-1068,-1277,-1204,-866,-337,254,775,1119,1210,1021,611,86,-451,-877,-1089,-1044,-762,-307,208,650,925,983,822,449,-22,-461,-771,-912,-821,-535,-115,320,677,859,826,585,214,-204,-579,-816,-843,-664,-333,93,511,810,910,779,448,6,-445,-793,-973,-920,-636,-183,322,764,1049,1087,875,456,-84,-627,-1047,-1242,-1154,-800,-258,354,915,1281,1367,1158,690,51,-611,-1151,-1450,-1441,-1110,-526,168,849,1371,1596,1463,0,376,-369,-1053,-1504,-1623,-1411,-895,-175,584,1215,1588,1634,1329,737,-17,-758,-1330,-1625,-1571,-1182,-537,205,896,1398,1587,1424,966,308,-425,-1051,-1444,-1508,-1233,-694,-19,665,1202,1464,1401,1031,424,-266,-889,-1334,-1480,-1288,-809,-154,531,1097,1442,1479,1175,602,-87,-762,-1287,-1541,-1469,-1075,-451,270,932,1386,1563,1423,979,329,-381,-1004,-1417,-1532,-1317,-838,-216,453,1023,1360,1411,1192,741,147,-473,-976,-1251,-1272,-1043,-605,-61,471,901,1135,1131,897,496,15,-442,-806,-998,-974,-774,-433,-13,382,682,848,843,671,391,61,-264,-533,-691,-716,-618,-430,-183,79,308,469,540,525,446,320,175,0,0,0,0,0,4,-159,-324,-468,-561,-588,-530,-375,-144,129,409,645,781,783,652,407,74,-291,-612,-832,-906,-823,-567,-196,219,604,888,1001,921,661,265,-191,-624,-943,-1082,-1014,-751,-336,153,618,970,1131,1072,808,387,-116,-593,-945,-1097,-1030,-773,-357,129,562,871,1002,933,676,286,-156,-547,-813,-893,-785,-531,-181,207,543,740,762,624,363,49,-271,-529,-646,-619,-474,-236,56,305,474,534,475,316,108,-114,-301,-399,-398,-302,-149,18,163,257,267,210,119,-12,-125,-182,-193,-134,-23,79,164,208,181,83,-53,-187,-290,-328,-269,-136,49,250,416,503,482,336,107,-166,-431,-615,0,-585,-367,-50,302,601,792,823,676,381,-6,-424,-764,-940,-921,-717,-355,91,526,867,1042,992,720,305,-182,-626,-941,-1067,-957,-635,-201,278,693,968,1042,888,533,82,-383,-745,-946,-948,-750,-387,46,460,752,868,787,542,187,-201,-530,-712,-720,-572,-296,38,347,574,645,553,329,34,-248,-469,-581,-545,-362,-95,180,400,527,521,375,136,-135,-376,-518,-523,-398,-169,114,373,544,588,472,239,-58,-356,-590,-667,-582,-365,-43,314,608,763,740,540,204,-197,-564,-815,-890,-763,-456,-29,414,783,989,975,728,307,-186,-654,-986,-1117,-1000,-643,-139,405,878,1172,1212,976,0,0
62147,mtk,MTK 7916,2152772914,rx2-tx1,512,0,0,0,-156,-435,-612,-651,-558,-345,-72,200,419,540,548,431,233,8,-206,-372,-447,-417,-294,-110,83,240,319,332,261,137,-12,-134,-222,-259,-229,-140,-34,75,162,190,162,95,15,-50,-101,-126,-88,2,89,134,138,94,0,-112,-226,-292,-285,-226,-100,89,286,426,470,434,312,79,-199,-445,-614,-665,-566,-339,-32,290,559,728,757,613,328,-26,-387,-684,-833,-798,-578,-235,162,539,811,908,797,507,98,-335,-701,-926,-952,-765,-422,0,460,833,1017,981,744,345,-139,-590,-916,-1055,-971,-676,-227,256,677,976,1065,918,572,123,-342,-731,-961,-976,-785,-441,-3,422,735,0,840,629,277,-126,-487,-720,-781,-674,-417,-64,289,554,681,658,461,143,-178,-460,-631,-632,-465,-198,130,454,668,697,560,293,-62,-434,-743,-880,-811,-544,-127,355,794,1070,1117,925,518,-33,-612,-1091,-1376,-1377,-1081,-545,123,794,1327,1606,1568,1207,586,-155,-884,-1474,-1768,-1699,-1293,-630,184,973,1569,1852,1782,1356,654,-181,-971,-1575,-1873,-1801,-1379,-698,120,906,1498,1804,1757,1370,729,-30,-760,-1328,-1633,-1613,-1297,-750,-82,574,1096,1403,1424,1178,727,165,-394,-854,-1132,-1192,-1023,-675,-224,237,646,905,968,873,645,304,-87,-432,-681,-804,-784,-648,-439,-180,77,290,434,491,471,0,0,0,0,0,299,252,149,3,-156,-307,-434,-508,-508,-436,-288,-92,132,341,483,541,507,378,173,-61,-285,-444,-521,-496,-377,-182,50,286,463,531,496,362,150,-102,-343,-516,-583,-537,-388,-135,157,410,582,645,576,386,130,-167,-433,-608,-651,-565,-377,-103,199,465,623,653,554,349,74,-204,-452,-596,-609,-519,-330,-67,199,407,515,522,434,258,33,-178,-336,-406,-391,-304,-151,33,187,268,296,246,122,-16,-131,-221,-260,-225,-128,1,138,248,305,275,188,60,-95,-239,-321,-335,-283,-162,2,170,291,359,356,277,123,-41,-189,-310,-364,-337,-262,-142,33,196,296,326,288,0,104,-33,-147,-216,-238,-227,-191,-117,-30,47,102,134,137,119,81,60,56,56,41,16,-1,-40,-101,-149,-178,-198,-184,-108,3,123,231,324,366,333,223,61,-133,-322,-457,-501,-444,-294,-91,159,391,550,583,509,319,69,-207,-434,-594,-621,-520,-313,-36,257,500,641,632,480,234,-57,-348,-562,-646,-593,-401,-120,184,438,598,624,511,274,-24,-326,-555,-654,-608,-430,-150,173,447,631,690,583,340,14,-316,-581,-729,-712,-526,-228,124,445,666,754,680,459,151,-202,-530,-738,-784,-661,-406,-64,310,613,777,775,614,311,-46,-381,-640,-766,-732,-552,-256,92,407,0,0,0,0,0,652,512,259,-40,-309,-516,-611,-572,-411,-170,85,312,462,503,430,272,65,-127,-282,-379,-372,-276,-122,47,189,275,298,245,146,9,-114,-201,-231,-197,-118,-27,62,130,150,120,52,-28,-77,-106,-97,-28,57,137,192,201,138,30,-108,-257,-374,-410,-339,-179,34,256,446,562,564,444,210,-103,-395,-609,-721,-686,-491,-188,157,493,728,795,696,457,112,-281,-615,-835,-862,-694,-368,40,449,762,916,887,655,256,-204,-615,-908,-1007,-897,-598,-161,324,742,996,1042,867,510,49,-423,-818,-1049,-1042,-813,-421,53,521,870,1034,971,711,308,-152,-564,-844,-940,-834,-545,0,258,612,820,824,636,341,-29,-379,-635,-738,-661,-431,-113,224,511,655,637,458,172,-156,-439,-633,-666,-516,-223,128,463,697,781,681,409,0,-446,-789,-974,-961,-728,-295,236,732,1104,1277,1169,798,244,-392,-983,-1401,-1536,-1355,-883,-217,512,1166,1593,1709,1492,970,226,-577,-1269,-1725,-1840,-1591,-1014,-230,601,1313,1769,1878,1623,1048,269,-566,-1271,-1747,-1872,-1629,-1073,-341,454,1158,1622,1752,1545,1073,422,-304,-962,-1403,-1570,-1434,-1028,-453,174,746,1145,1311,1232,923,458,-70,-557,-910,-1072,-1032,-809,-445,-15,384,680,857,883,752,496,180,-136,-406,-592,-680,-661,-562,-401,-211,-30,0,0,0,0,0,176,299,395,451,454,386,248,72,-124,-311,-463,-543,-531,-426,-255,-37,189,382,502,533,465,300,82,-154,-363,-485,-521,-465,-294,-39,216,412,535,565,471,268,0,-262,-467,-588,-603,-490,-269,21,312,527,642,624,490,245,-44,-323,-542,-661,-630,-466,-221,49,325,538,650,612,443,197,-77,-336,-520,-594,-542,-398,-187,63,274,417,473,414,275,103,-86,-251,-335,-333,-264,-145,5,147,249,267,210,106,-16,-156,-256,-282,-237,-137,-4,136,256,312,309,239,103,-59,-200,-310,-357,-323,-212,-63,105,249,346,369,312,198,56,-108,-252,-343,-352,-289,-169,-30,103,0,288,308,259,158,39,-61,-146,-195,-199,-173,-138,-81,-14,29,50,70,72,83,91,110,129,142,122,76,18,-58,-146,-234,-279,-283,-237,-115,45,209,343,433,430,329,154,-43,-246,-414,-511,-513,-399,-189,62,307,502,606,587,438,193,-93,-362,-558,-638,-587,-413,-144,162,432,609,644,534,320,46,-254,-493,-626,-614,-450,-189,98,369,568,630,557,365,72,-250,-507,-638,-640,-505,-239,95,403,613,698,639,433,131,-213,-519,-711,-746,-617,-350,-6,338,610,758,759,599,282,-101,-444,-688,-800,-740,-523,-201,166,497,718,781,681,451,126,-234,-525,-706,-741,-625,0,0
62148,mtk,MTK 7916,2152809524,rx0-tx0,512,-330,-144,-159,-436,-504,-534,-526,-477,-396,-283,-159,-25,122,274,386,463,510,515,482,410,315,200,54,-91,-203,-311,-397,-443,-456,-439,-393,-325,-215,-128,-36,84,176,259,321,353,374,383,357,302,217,136,61,-33,-124,-196,-260,-317,-355,-371,-349,-305,-249,-187,-110,-28,50,119,200,254,307,347,351,344,319,278,221,141,43,-48,-147,-261,-342,-411,-459,-475,-472,-445,-344,-228,-83,70,228,387,503,595,646,644,595,487,332,171,-22,-212,-385,-534,-638,-696,-707,-675,-585,-457,-280,-71,126,324,519,671,773,808,786,711,565,387,178,-59,-293,-522,-703,-832,-902,-895,-811,-662,-364,-234,43,306,549,755,896,956,949,877,726,513,244,-33,-311,-562,-764,-911,-983,-995,-908,-746,-531,-280,10,276,532,761,915,990,993,916,778,569,304,40,-241,-503,-736,-899,-993,-1030,-960,-809,-603,-349,-63,215,491,738,908,1010,1049,975,829,623,358,74,-209,-485,-721,-909,-1000,-1020,-963,-825,-607,-334,-45,243,511,753,916,998,993,921,745,506,231,-55,-323,-561,-757,-868,-899,-866,-743,-565,-350,-102,143,363,552,692,751,750,696,578,399,209,7,-198,-371,-516,-608,-654,-618,-531,-389,-216,-41,161,325,454,536,554,502,402,256,64,-114,-266,-366,-401,-358,-247,-60,-94,510,218,469,-123,-213,-267,-281,-247,-177,-79,41,154,247,309,350,347,302,228,135,25,-98,-195,-281,-350,-395,-398,-358,-273,-171,-65,68,210,324,417,470,481,446,357,240,96,-57,-209,-355,-464,-514,-519,-462,-375,-260,-120,46,206,335,427,466,473,426,340,244,119,-28,-161,-264,-329,-371,-370,-352,-302,-230,-128,-11,73,175,243,271,297,273,225,194,113,21,-50,-115,-152,-184,-208,-200,-185,-136,-91,-25,34,63,98,121,134,115,72,44,4,-26,-45,-51,-60,-52,-44,-26,3,25,32,41,47,45,37,22,-5,-9,-30,-36,-26,-38,-15,-21,-13,11,13,14,8,-449,-5,-19,-34,-48,-38,-17,-15,13,55,71,101,123,130,132,107,57,4,-58,-115,-179,-226,-245,-246,-226,-180,-118,-21,83,185,274,343,380,385,361,288,186,66,-59,-193,-314,-394,-465,-498,-465,-412,-312,-174,-44,118,280,388,492,547,560,527,443,324,180,15,-140,-299,-418,-521,-593,-593,-570,-487,-360,-211,-51,124,273,427,537,591,619,581,510,394,245,74,-100,-250,-383,-500,-586,-602,-583,-506,-406,-279,-120,32,186,330,435,511,542,555,520,431,334,207,59,-88,-226,-356,-440,-498,-531,-517,-471,-383,-267,-144,-6,131,263,388,474,518,531,510,447,348,-477,-264,-82,-56,-22,-334,-200,-57,97,241,370,455,510,535,529,470,364,243,108,-36,-182,-301,-394,-462,-504,-483,-437,-371,-262,-141,-26,85,187,285,351,379,409,400,359,304,223,130,38,-55,-148,-219,-286,-320,-347,-361,-335,-291,-238,-161,-79,7,100,177,240,294,332,348,336,316,276,217,154,62,-20,-93,-172,-237,-307,-360,-388,-394,-396,-360,-290,-208,-94,37,167,312,433,510,559,565,545,471,356,217,42,-134,-303,-465,-584,-658,-691,-653,-577,-462,-307,-119,75,270,443,583,697,747,740,696,585,430,241,27,-198,-423,-612,-747,-832,-848,-808,-699,-522,-319,-82,172,420,628,-49,901,942,891,780,597,362,92,-172,-436,-667,-839,-953,-982,-952,-823,-632,-387,-121,156,431,663,837,959,997,949,843,656,411,147,-126,-384,-617,-828,-959,-1012,-996,-883,-703,-457,-192,92,386,632,821,963,1019,1000,913,726,483,221,-82,-382,-626,-833,-971,-1025,-1008,-909,-742,-506,-222,62,356,614,829,968,1019,993,889,690,443,164,-118,-406,-674,-852,-951,-958,-890,-758,-558,-301,-48,219,462,645,777,828,805,707,572,377,154,-59,-270,-458,-598,-665,-691,-645,-546,-412,-240,-40,160,329,470,550,591,573,480,350,180,-15,-192,-340,-458,-504,-470,-374,-228,-61,99,209,-116,-115,-82,918,836,-194,-149,-55,54,166,250,308,322,293,228,136,33,-89,-195,-279,-338,-374,-364,-318,-251,-157,-42,84,208,307,360,406,426,392,320,215,82,-51,-208,-341,-441,-502,-510,-478,-396,-259,-100,70,215,334,424,485,507,465,367,239,99,-45,-184,-288,-362,-416,-424,-381,-316,-230,-122,-11,107,205,286,330,330,315,280,200,116,26,-75,-124,-174,-229,-238,-223,-202,-155,-114,-38,29,80,119,142,163,135,114,84,37,-3,-53,-62,-74,-88,-72,-49,-23,-1,22,37,49,52,48,37,30,1,-21,-34,-49,-40,-35,-32,2,5,19,21,12,24,24,8,4,-17,26,-24,-13,2,21,48,51,54,80,70,60,45,6,-39,-88,-135,-165,-173,-177,-176,-143,-86,-8,66,154,229,288,326,316,285,223,139,39,-74,-194,-304,-390,-426,-443,-414,-343,-241,-126,28,177,304,425,487,521,530,464,371,253,103,-56,-217,-366,-479,-556,-580,-562,-501,-398,-279,-113,52,211,373,500,576,610,587,533,454,302,143,-33,-209,-351,-480,-570,-616,-604,-548,-457,-337,-172,0,153,302,412,512,561,568,546,463,352,226,89,-50,-212,-340,-432,-510,-532,-523,-487,-406,-292,-177,-42,105,245,370,456,508,528,512,469,379,249,108,-26,-162,-289,-391,737,854
62149,mtk,MTK 7916,2152809524,rx0-tx1,512,-686,130,245,643,533,374,185,-14,-214,-401,-550,-662,-752,-777,-755,-678,-533,-375,-187,26,231,448,630,769,850,878,859,769,628,435,193,-63,-323,-564,-786,-954,-1061,-1089,-1029,-908,-699,-436,-114,219,544,840,1079,1247,1315,1292,1147,909,609,248,-166,-561,-903,-1213,-1423,-1511,-1472,-1336,-1084,-737,-328,94,524,920,1243,1461,1577,1570,1422,1174,839,432,-15,-452,-852,-1188,-1432,-1569,-1563,-1442,-1226,-899,-523,-96,333,714,1050,1311,1458,1477,1414,1237,965,633,257,-135,-525,-867,-1138,-1331,-1428,-1413,-1289,-1075,-797,-442,-54,333,702,1014,1241,1375,1405,1330,1159,893,561,193,-186,-562,-891,-1152,-1307,-1364,98,-1195,-976,-673,-321,58,432,758,1025,1222,1326,1342,1242,1041,780,457,86,-274,-610,-913,-1158,-1298,-1338,-1265,-1120,-892,-588,-242,139,506,824,1087,1278,1359,1360,1245,1027,738,384,10,-379,-751,-1061,-1296,-1440,-1468,-1375,-1160,-866,-490,-80,352,771,1126,1378,1541,1567,1453,1219,883,479,19,-442,-851,-1203,-1455,-1571,-1556,-1388,-1099,-753,-317,140,576,954,1241,1417,1465,1371,1168,865,504,106,-291,-639,-939,-1138,-1228,-1200,-1074,-863,-583,-262,72,383,652,826,941,967,910,787,582,342,89,-161,-394,-577,-707,-771,-760,-676,-535,-344,-113,119,340,520,639,670,613,476,282,59,-151,-319,-410,-223,-110,0,-150,-149,-120,-182,-223,-233,-200,-123,-21,97,210,288,332,340,308,233,123,8,-112,-230,-330,-405,-427,-409,-355,-253,-127,11,151,288,408,476,502,499,441,335,193,14,-154,-320,-469,-566,-617,-623,-553,-429,-265,-67,131,320,487,604,664,675,620,501,358,170,-36,-232,-400,-555,-672,-726,-718,-644,-505,-340,-139,96,318,500,657,744,788,757,650,497,291,59,-191,-426,-601,-745,-826,-832,-765,-633,-429,-199,42,296,509,659,787,826,793,681,525,325,91,-142,-358,-550,-667,-751,-741,-681,-579,-420,-228,-38,157,351,501,602,654,642,577,496,371,200,30,-141,-288,-409,-506,-282,-537,-519,-458,-351,-228,-88,46,166,275,368,443,476,468,448,400,316,204,86,-33,-159,-253,-339,-410,-450,-457,-451,-405,-330,-229,-122,1,123,236,351,443,508,549,553,510,438,322,179,6,-180,-364,-518,-637,-718,-743,-708,-609,-455,-260,-44,185,408,588,732,824,840,788,678,511,306,65,-170,-395,-598,-746,-853,-866,-811,-707,-546,-339,-116,108,338,531,678,787,821,800,720,590,418,211,-8,-223,-431,-600,-701,-761,-773,-714,-620,-483,-295,-95,116,305,458,586,679,719,709,657,551,403,239,53,-139,-313,-469,-603,-690,-719,-703,-638,-526,-377,-211,-18,174,354,71,-32,9,419,371,-367,-528,-658,-727,-754,-719,-639,-515,-368,-196,18,220,422,581,693,785,821,802,726,585,401,186,-36,-274,-494,-685,-845,-941,-973,-940,-835,-672,-436,-172,124,414,688,923,1104,1206,1205,1118,939,683,360,-3,-372,-731,-1025,-1253,-1412,-1450,-1347,-1159,-870,-499,-75,348,750,1105,1365,1509,1545,1473,1275,973,599,169,-288,-710,-1067,-1354,-1543,-1602,-1525,-1338,-1044,-678,-246,203,605,973,1266,1463,1551,1499,1338,1095,762,358,-42,-430,-813,-1106,-1317,-1426,-1446,-1351,-1147,-870,-528,-153,240,610,923,1181,1358,1415,1377,1236,1002,685,320,-73,-445,-790,-1080,-1284,-1382,-1378,-1271,-1067,-778,-435,-61,-999,659,970,1197,1328,1360,1279,1109,874,566,216,-161,-529,-836,-1090,-1270,-1338,-1305,-1183,-980,-694,-347,31,392,713,986,1192,1321,1356,1273,1080,826,490,125,-244,-624,-941,-1189,-1345,-1410,-1375,-1223,-970,-642,-258,156,569,939,1234,1440,1528,1500,1351,1070,702,282,-173,-611,-998,-1306,-1514,-1587,-1512,-1316,-1024,-634,-191,284,724,1075,1338,1504,1523,1407,1166,826,426,-16,-443,-812,-1106,-1286,-1349,-1296,-1136,-887,-550,-183,187,508,783,977,1081,1086,1000,819,581,316,16,-259,-508,-704,-819,-857,-829,-729,-569,-366,-131,110,336,522,663,722,705,617,467,259,26,-204,-402,-530,-570,-514,-383,-194,363,409,0,68,-11,-136,-94,-14,82,179,256,293,297,252,165,56,-68,-183,-286,-354,-376,-370,-326,-241,-121,18,148,269,374,432,457,438,384,285,149,4,-155,-312,-436,-531,-577,-561,-494,-373,-213,-39,144,341,489,601,654,641,580,460,301,115,-75,-283,-448,-584,-678,-707,-667,-580,-447,-262,-45,160,368,532,660,748,765,691,583,416,220,3,-241,-451,-635,-762,-813,-805,-706,-564,-376,-141,108,349,568,724,806,834,795,660,495,280,33,-213,-441,-616,-741,-794,-771,-704,-570,-388,-173,63,261,443,588,674,694,680,600,470,311,119,-68,-238,-374,-504,-585,-603,-581,-506,-404,-273,288,10,156,299,398,462,504,508,471,404,318,211,83,-44,-154,-264,-359,-426,-457,-473,-440,-380,-309,-211,-89,21,128,242,332,417,467,498,480,441,377,285,163,22,-128,-269,-393,-521,-606,-662,-661,-591,-473,-318,-132,71,281,475,636,744,794,785,709,571,394,171,-68,-300,-510,-684,-798,-857,-837,-766,-620,-437,-208,41,272,476,650,772,828,835,769,641,478,276,51,-170,-385,-571,-710,-794,-810,-771,-680,-518,-335,-148,68,268,446,600,699,745,740,670,566,429,257,69,-123,-308,-474,-590,-677,-716,-698,-630,-529,-394,-221,-39,150,328,490,611,691,723,695,623,184,192
62150,mtk,MTK 7916,2152809524,rx1-tx0,512,0,-569,-719,52,-64,-190,-298,-385,-417,-421,-389,-328,-245,-144,-30,81,182,251,319,367,354,322,271,181,90,-2,-105,-184,-252,-319,-344,-336,-280,-210,-124,-17,96,200,292,352,363,343,281,193,96,-22,-134,-253,-347,-383,-381,-339,-259,-154,-39,74,181,274,341,372,360,331,275,186,71,-24,-131,-219,-289,-354,-358,-356,-338,-268,-181,-77,29,129,237,316,371,415,416,394,333,244,126,-7,-123,-244,-359,-440,-495,-497,-481,-428,-320,-194,-38,123,285,424,552,633,641,612,527,398,223,21,-188,-377,-549,-690,-760,-770,-706,-564,-396,-179,63,293,510,671,787,845,801,686,794,310,64,-166,-400,-611,-772,-867,-882,-809,-677,-483,-250,4,262,498,691,805,878,868,764,594,398,149,-126,-357,-557,-725,-818,-841,-795,-680,-510,-298,-49,190,405,575,727,773,755,717,588,413,219,-4,-230,-420,-573,-665,-691,-684,-612,-506,-343,-137,46,253,416,541,634,643,611,534,394,224,45,-133,-292,-425,-492,-525,-514,-455,-358,-219,-92,40,162,249,326,379,372,343,301,212,138,54,-34,-103,-163,-215,-235,-258,-252,-211,-169,-130,-78,-20,52,111,151,183,223,220,197,176,134,82,18,-60,-133,-182,-214,-243,-239,-198,-130,-41,56,135,189,209,197,169,426,97,0,-20,-369,-262,-181,-34,133,291,412,486,479,395,258,101,-80,-243,-399,-502,-541,-541,-456,-334,-194,-31,143,305,444,545,588,569,520,417,275,107,-78,-255,-413,-523,-614,-640,-611,-541,-428,-278,-74,122,302,488,608,671,692,646,556,427,234,32,-166,-369,-520,-632,-686,-705,-657,-568,-433,-245,-35,168,347,500,627,675,682,646,544,405,241,61,-117,-300,-460,-559,-607,-623,-601,-515,-436,-314,-137,25,182,315,445,541,597,597,569,504,397,268,124,-44,-213,-370,-487,-577,-645,-641,-597,-500,-368,-195,-7,174,337,471,592,652,671,629,526,421,256,71,-110,-284,-439,-531,381,-666,-642,-582,-462,-309,-140,41,193,350,467,567,615,615,565,496,402,265,127,-43,-203,-343,-461,-557,-621,-627,-612,-553,-461,-325,-141,35,211,383,543,667,735,755,705,604,470,285,58,-172,-385,-571,-734,-822,-851,-809,-713,-570,-373,-129,118,358,575,738,852,911,882,787,622,415,160,-83,-325,-555,-718,-843,-883,-853,-771,-624,-416,-187,46,288,487,646,764,811,791,711,573,399,205,-3,-202,-391,-542,-638,-684,-692,-631,-529,-403,-251,-61,112,271,413,529,600,627,600,523,415,281,121,-58,-230,-363,-476,-544,-582,-565,-514,-405,-255,-101,55,215,339,433,499,659,547,0,455,117,-457,-446,-407,-330,-217,-97,21,134,231,315,372,394,383,330,260,178,63,-49,-137,-233,-300,-337,-353,-332,-274,-219,-123,-19,92,195,270,330,356,339,291,214,112,-5,-116,-229,-309,-366,-384,-352,-292,-183,-61,57,173,270,348,382,373,340,262,157,38,-69,-165,-259,-343,-363,-361,-337,-272,-216,-113,-4,73,187,283,340,381,377,363,322,239,153,41,-69,-186,-288,-368,-437,-463,-452,-410,-320,-217,-92,50,187,333,443,513,557,553,508,424,299,128,-57,-237,-409,-553,-657,-707,-700,-626,-504,-315,-100,125,350,537,679,789,812,764,647,466,267,17,-244,-458,572,-808,-855,-833,-752,-605,-400,-168,85,342,557,738,838,879,845,728,542,323,85,-189,-449,-645,-782,-869,-855,-769,-646,-456,-222,32,277,494,662,774,816,781,683,544,350,117,-81,-293,-503,-637,-722,-755,-710,-610,-468,-288,-84,121,318,482,626,684,690,637,515,375,184,-17,-194,-362,-493,-573,-598,-567,-493,-365,-214,-67,90,221,345,428,457,454,391,304,233,122,19,-69,-177,-256,-296,-313,-301,-269,-230,-163,-91,-26,54,115,155,182,203,218,217,185,144,107,55,-23,-70,-115,-164,-195,-227,-231,-203,-148,-90,-14,79,161,216,242,230,186,114,28,-57,-115,573,715,0,722,643,198,320,386,388,319,206,43,-149,-320,-440,-510,-519,-469,-367,-209,-41,141,317,426,515,555,553,489,374,220,38,-125,-276,-431,-545,-617,-624,-571,-469,-340,-178,17,206,369,499,609,666,648,608,500,331,153,-48,-255,-420,-575,-681,-703,-694,-605,-480,-310,-120,70,274,433,576,669,695,664,597,498,340,144,-48,-241,-409,-544,-628,-670,-652,-597,-478,-320,-164,-11,159,312,419,540,597,598,563,510,417,292,135,-33,-182,-338,-468,-549,-593,-613,-583,-511,-395,-264,-86,100,280,430,553,640,667,648,568,458,315,145,-36,-241,-395,-525,-628,-653,-650,-606,-500,-357,-1037,-38,142,307,464,565,639,644,612,529,413,277,112,-56,-212,-335,-462,-544,-596,-613,-577,-508,-405,-286,-124,30,184,335,477,594,656,674,656,583,465,299,112,-90,-301,-476,-623,-741,-801,-793,-720,-611,-430,-209,22,260,464,652,802,876,877,805,669,489,287,34,-222,-462,-661,-801,-882,-877,-841,-719,-537,-315,-58,180,395,601,746,823,848,805,674,507,310,79,-147,-356,-535,-648,-733,-757,-719,-620,-469,-298,-119,70,257,405,516,610,662,644,588,487,342,181,6,-166,-324,-446,-542,-595,-600,-547,-460,-344,-206,-39,121,276,429,510,547,543,493,402,298,164,101,408
62151,mtk,MTK 7916,2152809524,rx1-tx1,512,0,0,0,198,680,990,1049,827,394,-140,-636,-969,-1058,-884,-485,51,573,950,1076,941,571,58,-480,-895,-1083,-997,-666,-171,354,790,1023,990,718,277,-229,-671,-945,-977,-754,-330,158,590,864,904,706,347,-82,-496,-786,-859,-702,-381,38,437,699,787,672,383,0,-374,-639,-731,-630,-387,-52,282,544,648,580,372,89,-204,-425,-525,-486,-332,-108,134,330,404,357,226,38,-141,-252,-268,-219,-90,78,214,256,228,127,-35,-202,-299,-314,-230,-69,133,310,410,400,286,86,-159,-386,-518,-514,-365,-105,178,423,576,592,440,172,-149,-445,-651,-690,-559,-288,71,424,674,752,645,0,21,-351,-652,-808,-760,-516,-157,242,598,814,825,636,307,-106,-497,-773,-849,-724,-444,-55,358,676,828,782,542,179,-216,-554,-749,-751,-586,-284,82,425,656,718,599,336,6,-328,-567,-666,-586,-374,-71,236,481,611,593,411,134,-158,-406,-553,-572,-452,-223,59,312,481,528,464,292,46,-204,-384,-473,-447,-319,-134,61,234,345,368,303,176,23,-120,-227,-275,-240,-139,-37,55,137,174,157,108,42,-20,-67,-86,-82,-53,-2,47,68,65,37,-11,-61,-101,-114,-99,-49,2,67,131,162,150,113,49,-22,-83,-136,-163,-154,-120,-74,-14,43,85,112,113,93,0,0,0,0,0,-28,-1,2,0,14,23,25,27,29,31,48,65,71,55,21,-18,-61,-101,-137,-155,-138,-91,-10,79,146,200,234,208,128,18,-105,-212,-291,-313,-260,-157,-16,140,262,320,327,265,136,-16,-157,-268,-325,-310,-227,-100,38,143,208,225,204,131,39,-60,-116,-134,-128,-102,-43,-1,22,17,-8,-34,-30,-20,11,64,140,184,197,147,43,-101,-227,-334,-359,-307,-181,15,235,410,510,507,376,135,-155,-428,-623,-683,-582,-329,6,359,638,791,770,553,187,-225,-591,-829,-873,-719,-393,41,483,809,941,868,582,143,-327,-722,-953,-952,-722,-323,159,598,894,0,815,473,4,-471,-820,-965,-874,-577,-132,339,718,900,868,619,220,-229,-624,-856,-858,-650,-284,167,564,804,837,668,328,-92,-481,-731,-802,-669,-354,51,438,696,769,645,347,-25,-377,-640,-727,-609,-338,0,349,585,657,541,281,-51,-359,-560,-593,-461,-203,122,409,566,569,406,118,-228,-518,-666,-623,-400,-56,313,630,794,744,478,74,-366,-723,-909,-862,-588,-151,335,751,995,990,732,274,-255,-735,-1038,-1073,-841,-402,139,657,1008,1115,937,513,-43,-573,-950,-1096,-975,-602,-68,479,894,1080,994,653,146,-387,-823,-1050,-1007,-702,-225,310,763,1021,1007,741,287,-242,0,0,0,0,0,-1026,-788,-346,184,672,988,1050,851,437,-94,-611,-972,-1082,-916,-527,18,546,929,1083,969,614,120,-417,-852,-1055,-992,-697,-225,308,743,982,983,741,312,-193,-635,-907,-932,-732,-348,117,549,823,882,719,379,-63,-474,-739,-811,-689,-392,20,408,673,762,656,390,29,-326,-585,-693,-624,-393,-77,252,507,609,547,363,106,-171,-372,-454,-418,-279,-63,141,279,332,294,159,-19,-163,-234,-232,-151,-19,131,236,268,222,92,-93,-260,-348,-355,-259,-64,160,351,453,439,315,93,-180,-403,-521,-525,-398,-148,161,438,608,629,495,209,-139,-446,-658,-719,-602,-340,20,392,0,788,717,462,87,-303,-630,-809,-789,-577,-217,184,550,797,852,698,376,-35,-431,-727,-852,-763,-484,-102,301,628,799,775,572,236,-149,-485,-703,-745,-597,-314,43,368,599,681,605,370,45,-286,-548,-654,-590,-390,-104,202,463,593,583,428,171,-114,-361,-527,-572,-471,-263,-4,249,438,504,456,305,92,-123,-314,-436,-437,-328,-176,10,193,303,327,276,175,48,-84,-166,-197,-189,-144,-61,28,92,127,127,74,10,-33,-63,-76,-60,-17,35,73,80,74,47,-9,-68,-104,-125,-123,-84,-16,62,124,158,162,132,84,20,-44,-97,-139,-155,-138,-107,-67,-18,22,0,0,0,0,0,-38,-36,-36,-38,-37,-31,-29,-32,-31,-26,-9,13,48,81,97,100,98,83,39,-29,-102,-155,-190,-181,-144,-74,25,119,208,268,265,197,80,-59,-179,-267,-318,-293,-208,-83,62,190,287,328,298,201,58,-84,-199,-274,-288,-232,-125,-10,98,177,195,169,114,42,-27,-71,-91,-73,-31,-2,4,0,-32,-67,-89,-95,-80,-8,98,203,269,295,239,109,-63,-238,-383,-447,-420,-281,-51,199,424,584,612,487,238,-86,-407,-648,-745,-675,-442,-82,309,638,827,836,644,287,-137,-530,-817,-929,-809,-487,-47,404,770,952,915,654,237,-237,-661,-930,-973,-772,-386,0,541,863,978,856,526,77,-397,-769,-944,-879,-596,-179,276,651,865,861,639,250,-194,-586,-834,-855,-648,-295,127,520,780,829,666,346,-63,-456,-725,-801,-663,-361,37,417,666,726,615,347,-18,-364,-610,-692,-582,-315,23,351,571,623,497,235,-87,-386,-575,-594,-440,-160,172,464,626,608,398,64,-289,-572,-727,-682,-443,-60,353,692,859,804,524,101,-365,-753,-956,-923,-659,-218,303,758,1013,1019,768,329,-214,-715,-1040,-1089,-881,-454,86,617,991,1110,947,550,14,-516,-913,-1086,-985,-635,-128,423,860,1064,998,682,187,-349,-789,-1024,-1003,-721,-245,286,734,1002,1017,0,0
62152,mtk,MTK 7916,2152809524,rx2-tx0,512,0,0,0,1287,956,377,-313,-938,-1335,-1399,-1105,-539,168,836,1294,1430,1216,689,-18,-715,-1220,-1413,-1247,-764,-93,597,1127,1365,1248,810,162,-526,-1069,-1328,-1246,-847,-223,457,1002,1284,1223,852,264,-383,-930,-1232,-1195,-853,-297,325,850,1131,1118,810,291,-279,-767,-1042,-1018,-713,-241,288,725,954,914,624,170,-309,-700,-891,-814,-514,-66,393,736,854,725,393,-48,-480,-784,-870,-700,-327,144,575,852,885,659,239,-255,-688,-938,-928,-663,-198,344,808,1056,1027,711,187,-404,-913,-1184,-1143,-803,-238,412,959,1273,1265,920,316,-379,-1003,-1386,-1408,-1072,-457,293,989,1442,1534,1224,605,-171,-914,0,-1612,-1374,-781,4,793,1399,1650,1470,937,167,-648,-1306,-1636,-1549,-1074,-344,481,1176,1569,1572,1183,484,-331,-1036,-1477,-1548,-1222,-586,185,906,1394,1519,1238,643,-115,-839,-1332,-1478,-1247,-682,50,762,1279,1474,1272,743,24,-706,-1259,-1489,-1336,-827,-91,663,1246,1527,1417,953,251,-528,-1169,-1525,-1505,-1110,-442,319,1011,1459,1547,1254,657,-82,-784,-1294,-1488,-1314,-813,-146,546,1106,1382,1298,916,337,-307,-854,-1180,-1228,-990,-506,87,624,1002,1132,988,615,124,-379,-774,-980,-948,-708,-310,136,534,791,846,721,455,95,-271,-553,-708,-711,-556,-298,-6,272,474,568,556,454,290,107,-70,0,0,0,0,0,326,235,91,-109,-327,-518,-634,-643,-525,-301,4,335,618,791,804,644,348,-37,-440,-752,-906,-866,-634,-251,210,632,913,1000,861,509,30,-468,-869,-1076,-1029,-753,-296,236,727,1051,1134,952,559,33,-502,-919,-1115,-1051,-747,-270,267,736,1006,1031,826,424,-73,-534,-859,-958,-819,-496,-76,352,685,832,758,508,143,-249,-565,-720,-689,-483,-174,163,449,611,596,441,189,-97,-342,-485,-496,-388,-186,49,261,372,367,266,111,-59,-200,-273,-240,-145,-26,97,185,195,137,27,-95,-178,-193,-145,-34,122,255,318,279,153,-39,-233,-391,-450,-386,-212,38,310,530,625,560,0,33,-334,-632,-772,-731,-501,-127,293,657,874,880,671,282,-188,-627,-917,-995,-816,-427,68,547,901,1041,929,582,92,-432,-849,-1049,-980,-672,-201,317,762,1001,988,727,282,-225,-659,-914,-942,-732,-343,119,525,782,830,667,341,-67,-444,-690,-729,-568,-264,91,407,604,615,453,169,-154,-426,-563,-551,-379,-92,215,453,550,490,294,8,-286,-492,-550,-443,-204,94,362,525,542,398,122,-199,-471,-612,-570,-367,-54,292,582,712,644,391,22,-381,-691,-824,-728,-432,-15,425,769,918,819,492,21,-464,-851,-1023,-931,-584,-78,452,894,1122,1051,693,152,-451,-945,-1210,-1169,0,0,0,0,0,370,948,1312,1358,1046,461,-239,-888,-1331,-1440,-1184,-620,94,771,1255,1428,1236,727,37,-653,-1176,-1403,-1261,-798,-133,557,1098,1352,1245,826,196,-489,-1044,-1310,-1237,-858,-255,420,970,1250,1208,860,288,-351,-888,-1185,-1163,-839,-315,291,802,1070,1052,767,281,-276,-747,-995,-963,-674,-209,306,714,921,865,565,110,-356,-706,-866,-780,-469,-9,447,766,864,727,376,-83,-532,-820,-871,-674,-283,210,643,894,907,668,216,-310,-749,-989,-974,-686,-187,381,858,1131,1089,746,196,-421,-940,-1229,-1208,-859,-268,405,1004,1356,1353,998,379,-353,-1006,-1411,-1469,-1155,-531,239,967,1460,1580,1304,0,-92,-863,-1419,-1625,-1430,-869,-79,729,1345,1632,1517,1012,252,-570,-1245,-1604,-1569,-1142,-435,382,1101,1534,1563,1207,550,-246,-978,-1445,-1537,-1228,-610,154,864,1351,1482,1237,660,-77,-791,-1299,-1466,-1253,-721,6,739,1271,1475,1296,778,46,-700,-1269,-1506,-1371,-892,-181,586,1213,1539,1477,1030,342,-420,-1093,-1501,-1528,-1182,-550,213,910,1374,1509,1278,734,22,-681,-1208,-1432,-1318,-894,-263,422,986,1293,1283,964,433,-181,-744,-1106,-1192,-993,-569,-26,497,886,1050,971,660,207,-266,-656,-884,-903,-716,-375,28,404,684,792,717,509,202,-142,-432,-611,-660,-584,-407,-169,72,273,403,446,405,0,0,0,0,0,233,381,485,518,466,322,89,-191,-458,-658,-749,-695,-494,-175,190,530,780,873,771,494,105,-326,-695,-917,-948,-756,-377,83,541,900,1048,958,640,165,-349,-794,-1073,-1099,-871,-434,107,624,998,1157,1032,662,149,-381,-813,-1056,-1049,-792,-351,151,613,938,1019,832,465,3,-451,-772,-894,-806,-517,-107,306,630,782,735,506,153,-219,-513,-662,-650,-474,-187,133,384,527,536,412,176,-86,-297,-418,-426,-323,-149,52,221,315,303,209,72,-75,-185,-226,-188,-92,21,127,180,158,73,-46,-162,-237,-229,-143,14,189,318,373,329,179,-42,-275,-461,-541,-478,-279,8,323,0,725,659,418,65,-327,-659,-827,-803,-576,-196,250,639,896,937,741,358,-130,-602,-928,-1027,-884,-517,-5,501,889,1064,963,624,142,-378,-802,-1029,-992,-708,-258,256,702,966,982,754,337,-153,-595,-863,-910,-715,-348,86,477,735,787,624,305,-76,-411,-622,-656,-514,-231,115,419,593,591,423,138,-178,-434,-565,-527,-336,-52,249,471,546,456,233,-58,-320,-499,-541,-411,-150,149,413,572,562,378,81,-249,-529,-665,-608,-381,-30,347,643,770,684,409,8,-413,-743,-872,-779,-469,-20,446,805,978,886,549,59,-462,-874,-1069,-989,-642,-118,452,929,1166,1096,752,204,-418,0,0
62153,mtk,MTK 7916,2152809524,rx2-tx1,512,0,0,0,-654,-535,-275,48,357,577,630,524,304,18,-254,-442,-511,-449,-267,-43,167,327,405,362,213,27,-126,-254,-321,-283,-152,-1,126,214,240,193,96,-22,-118,-163,-159,-108,-27,51,95,86,42,-23,-88,-134,-134,-73,44,170,259,274,210,70,-115,-297,-416,-439,-358,-170,93,367,560,619,520,287,-26,-355,-622,-742,-662,-419,-65,319,626,796,781,557,166,-271,-631,-846,-859,-642,-234,243,640,881,904,692,299,-172,-620,-915,-994,-815,-421,79,567,925,1050,904,535,30,-473,-862,-1050,-981,-649,-157,356,789,1027,1007,731,283,-231,-683,-951,-976,-766,-364,117,564,863,0,749,405,-35,-456,-736,-816,-675,-350,37,393,648,724,587,292,-70,-419,-636,-658,-494,-188,174,496,664,643,434,78,-320,-636,-795,-729,-449,-31,434,816,990,908,580,72,-495,-969,-1207,-1157,-817,-243,439,1045,1424,1448,1136,535,-225,-976,-1493,-1661,-1452,-908,-107,747,1420,1785,1715,1243,475,-432,-1253,-1756,-1850,-1525,-847,28,910,1585,1880,1732,1198,387,-505,-1270,-1732,-1800,-1459,-794,53,857,1440,1688,1562,1091,390,-377,-1034,-1426,-1487,-1213,-688,-34,595,1067,1272,1195,851,337,-214,-677,-981,-1051,-886,-536,-98,348,687,868,866,683,369,18,-320,-581,-712,-704,-578,-374,-144,66,231,0,0,0,0,0,-146,-16,138,292,418,492,484,386,212,-16,-250,-434,-530,-527,-424,-230,18,269,450,535,510,361,118,-152,-373,-513,-535,-424,-205,61,314,492,554,489,301,22,-265,-474,-590,-575,-408,-125,188,452,597,615,491,250,-54,-356,-578,-657,-586,-367,-60,258,510,628,600,438,168,-156,-432,-592,-625,-495,-258,27,290,477,550,495,323,75,-177,-355,-423,-392,-270,-91,105,253,314,290,195,39,-115,-226,-258,-208,-98,44,179,256,274,214,85,-78,-226,-306,-302,-229,-94,79,232,320,333,273,140,-40,-212,-328,-352,-290,-166,-7,164,290,327,294,209,72,-78,-214,-305,0,-240,-126,10,142,218,237,218,163,85,1,-66,-108,-123,-115,-92,-67,-51,-39,-33,-13,36,82,126,172,199,181,110,-14,-150,-276,-354,-343,-253,-104,87,274,423,480,424,265,37,-214,-421,-533,-514,-368,-140,136,411,567,592,483,242,-73,-361,-577,-657,-566,-325,-8,306,551,652,588,385,82,-246,-510,-632,-578,-380,-89,238,500,622,580,387,95,-235,-516,-647,-613,-416,-115,228,522,685,661,462,133,-239,-537,-701,-699,-519,-193,194,535,729,743,568,252,-128,-485,-730,-786,-640,-340,51,429,696,790,688,404,31,-344,-632,-775,-722,-484,-131,245,561,724,709,0,0,0,0,0,-104,-414,-611,-647,-522,-284,2,283,500,577,491,293,49,-198,-383,-456,-409,-264,-54,146,288,342,303,190,39,-123,-251,-293,-234,-113,16,127,189,196,152,71,-31,-108,-136,-118,-53,26,84,102,70,-4,-90,-169,-201,-166,-64,87,242,344,359,277,113,-107,-331,-487,-539,-449,-227,63,362,597,683,611,381,30,-348,-638,-782,-731,-497,-132,282,651,827,786,561,189,-257,-640,-865,-866,-654,-282,186,629,905,951,747,357,-128,-601,-934,-1026,-863,-482,26,531,913,1057,934,591,107,-422,-846,-1048,-988,-687,-226,292,740,994,991,751,327,-166,-606,-903,-948,-750,-390,0,508,792,859,702,372,-37,-417,-684,-766,-622,-325,49,404,633,680,549,252,-120,-439,-623,-643,-472,-143,250,564,725,677,433,49,-379,-724,-884,-814,-501,-31,471,890,1105,1036,693,147,-469,-999,-1322,-1330,-994,-386,343,1019,1471,1589,1309,694,-94,-861,-1464,-1738,-1608,-1072,-269,601,1342,1777,1791,1380,654,-237,-1081,-1673,-1877,-1650,-1035,-171,725,1441,1825,1793,1343,603,-264,-1068,-1606,-1765,-1524,-949,-183,601,1233,1571,1542,1166,549,-162,-804,-1238,-1383,-1225,-792,-203,394,858,1126,1135,885,451,-47,-509,-832,-967,-889,-620,-241,169,520,744,805,720,507,219,-86,-343,-507,-565,-531,-420,0,0,0,0,0,-318,-394,-404,-342,-219,-41,160,350,482,532,490,347,122,-133,-357,-502,-543,-471,-301,-62,188,405,517,511,395,170,-90,-321,-488,-544,-458,-255,16,284,488,582,529,345,67,-240,-484,-609,-601,-452,-183,133,415,597,650,543,305,-10,-322,-564,-666,-598,-400,-112,207,472,614,610,472,221,-74,-363,-556,-591,-495,-301,-40,222,419,500,451,300,89,-125,-283,-359,-351,-237,-67,105,242,312,264,131,-13,-131,-229,-264,-211,-89,66,212,294,297,224,80,-88,-229,-325,-342,-266,-115,51,212,324,353,292,159,-19,-203,-329,-356,-299,-197,-46,122,248,331,328,228,78,0,-174,-253,-284,-245,-142,-34,65,141,185,170,130,84,35,-7,-38,-56,-59,-64,-71,-90,-109,-105,-75,-26,45,133,221,259,246,183,63,-100,-267,-378,-396,-334,-196,14,239,416,495,467,326,90,-178,-405,-561,-586,-446,-189,122,400,591,632,524,289,-19,-342,-569,-660,-582,-347,-36,276,517,640,595,377,74,-242,-493,-630,-599,-396,-72,259,508,629,599,409,92,-239,-505,-667,-647,-442,-123,225,533,695,662,474,160,-210,-530,-721,-721,-547,-225,170,515,729,774,617,303,-96,-470,-716,-781,-663,-374,16,393,675,788,696,442,88,-291,-604,-756,-728,-523,-191,181,0,0
62154,mtk,MTK 7916,2152840691,rx0-tx0,512,-330,-144,-159,-323,-212,-97,28,163,280,375,427,461,466,413,335,241,120,0,-121,-235,-319,-375,-418,-426,-395,-338,-259,-161,-56,49,156,241,299,338,366,360,323,277,212,134,52,-28,-100,-173,-231,-272,-313,-313,-294,-275,-224,-167,-98,-19,52,127,185,229,266,290,297,292,245,203,157,86,16,-58,-125,-191,-260,-307,-333,-357,-352,-323,-285,-196,-109,-5,114,232,343,415,478,505,480,424,327,199,73,-78,-234,-362,-465,-552,-596,-581,-519,-425,-301,-142,34,187,350,500,597,649,650,606,527,394,240,55,-145,-333,-493,-627,-709,-738,-713,-629,-496,-315,-104,114,333,531,-364,774,812,787,689,538,357,130,-100,-332,-547,-706,-798,-840,-809,-720,-576,-379,-155,96,327,538,708,828,862,838,752,600,405,177,-55,-301,-517,-688,-819,-870,-852,-775,-643,-450,-211,49,282,517,709,828,876,874,808,661,461,231,-23,-261,-496,-685,-821,-887,-876,-796,-650,-455,-217,28,274,499,674,806,875,857,779,623,419,169,-73,-322,-549,-704,-801,-825,-784,-664,-496,-286,-58,167,368,533,650,712,695,627,508,350,161,-33,-206,-372,-501,-571,-593,-561,-483,-372,-221,-51,116,266,391,471,511,496,425,311,171,7,-154,-290,-381,-432,-413,-331,-205,-65,75,180,-60,-94,510,218,469,-199,-156,-84,11,103,194,257,284,276,225,155,71,-29,-125,-216,-277,-314,-324,-301,-252,-181,-78,22,129,225,302,352,379,371,310,229,124,-7,-124,-245,-348,-414,-444,-415,-359,-272,-138,6,135,253,334,413,444,417,364,267,143,27,-104,-216,-298,-358,-367,-373,-316,-238,-139,-39,62,153,220,256,286,291,259,204,128,58,-13,-83,-139,-184,-205,-211,-196,-161,-105,-41,7,51,92,129,141,130,105,84,44,-4,-40,-64,-70,-75,-70,-63,-48,-13,26,44,36,45,40,37,17,6,-10,-29,-33,-44,-45,-32,-13,-3,1,21,20,20,18,8,4,1,-449,-21,-17,-8,7,37,55,50,63,76,63,47,26,-22,-64,-91,-133,-165,-171,-154,-122,-94,-29,46,119,185,242,282,298,275,213,146,60,-43,-138,-227,-309,-358,-376,-373,-319,-244,-157,-37,93,218,329,407,455,460,429,373,268,143,10,-125,-257,-382,-455,-498,-496,-459,-390,-276,-155,-18,132,266,381,470,518,528,491,414,315,179,32,-125,-266,-387,-460,-512,-528,-496,-429,-337,-217,-66,65,192,321,418,480,507,489,436,359,240,115,1,-133,-259,-354,-422,-460,-474,-444,-378,-288,-193,-70,61,165,268,360,425,458,463,422,360,263,155,33,-102,-221,-333,-477,-264,-82,-56,-22,346,415,451,471,446,383,285,174,65,-77,-209,-306,-383,-431,-448,-435,-381,-294,-203,-103,25,139,235,315,366,390,390,361,298,226,146,56,-43,-129,-201,-272,-310,-325,-322,-305,-276,-220,-154,-73,21,85,150,216,263,303,307,300,275,229,185,125,55,-16,-96,-172,-214,-265,-300,-309,-304,-277,-253,-205,-139,-64,17,114,196,285,362,395,428,421,385,311,214,107,-35,-175,-302,-421,-496,-544,-561,-518,-430,-318,-179,-7,165,310,429,530,601,615,588,533,415,264,97,-76,-243,-412,-545,-644,-699,-692,-632,-522,-372,-189,18,221,413,581,706,773,779,721,601,-49,232,11,-223,-439,-611,-744,-818,-826,-774,-656,-460,-248,-15,226,439,636,768,843,851,786,675,504,283,37,-190,-420,-609,-756,-839,-861,-819,-703,-540,-319,-73,170,395,597,764,869,887,844,741,561,331,81,-156,-395,-607,-759,-862,-880,-838,-737,-560,-348,-100,148,388,593,761,857,888,844,733,562,343,85,-174,-416,-615,-775,-852,-848,-806,-655,-465,-239,-1,243,463,625,735,776,738,645,505,324,120,-92,-276,-439,-559,-629,-635,-589,-507,-361,-199,-33,151,311,435,518,545,524,458,346,202,47,-119,-265,-378,-454,-481,-443,-347,-220,-73,85,222,312,346,316,226,-116,-115,-82,918,836,76,154,215,240,230,188,109,12,-90,-186,-245,-289,-300,-273,-223,-143,-59,27,126,212,288,333,344,328,281,204,112,-1,-128,-236,-318,-386,-409,-397,-348,-264,-152,-5,131,250,353,427,447,423,358,261,151,9,-116,-231,-330,-386,-399,-386,-326,-249,-137,-35,77,189,266,309,323,317,276,216,138,59,-31,-114,-182,-219,-236,-236,-219,-183,-130,-64,3,69,120,159,166,162,154,135,95,39,-11,-48,-74,-107,-109,-92,-68,-40,-14,10,30,56,61,57,28,18,8,-14,-33,-50,-45,-48,-32,-18,-7,11,20,29,30,30,25,10,12,2,-6,-11,-16,26,6,23,26,33,36,16,7,1,-30,-61,-77,-100,-117,-98,-84,-65,-19,32,80,121,169,213,221,202,176,126,54,-40,-146,-222,-278,-330,-349,-329,-278,-202,-97,9,121,233,319,385,427,419,382,307,210,86,-50,-175,-291,-393,-449,-477,-468,-422,-330,-214,-79,71,203,331,424,480,524,511,453,357,234,94,-44,-191,-318,-425,-500,-531,-519,-469,-375,-262,-134,16,166,298,400,480,511,506,471,398,283,154,18,-118,-239,-356,-436,-463,-469,-460,-399,-315,-217,-105,22,157,268,352,420,465,460,422,368,284,172,59,-74,-194,-300,-386,-430,-460,-445,-400,-320,737,854
62155,mtk,MTK 7916,2152840691,rx0-tx1,512,-686,130,245,-288,-443,-575,-669,-708,-694,-644,-544,-401,-233,-43,149,329,495,627,719,759,750,698,590,437,253,39,-188,-402,-595,-760,-866,-916,-900,-829,-689,-480,-232,38,315,576,807,999,1111,1135,1078,932,712,426,94,-252,-590,-892,-1134,-1284,-1340,-1293,-1142,-885,-562,-183,220,598,937,1208,1387,1467,1419,1249,992,647,264,-149,-545,-916,-1209,-1401,-1488,-1450,-1300,-1058,-723,-336,80,486,828,1128,1339,1435,1424,1301,1081,774,436,56,-319,-666,-967,-1196,-1332,-1361,-1295,-1137,-893,-582,-226,136,484,801,1061,1232,1322,1298,1191,982,698,380,21,-345,-690,-967,-1170,-1286,-1302,-1220,-1040,-778,-470,-136,98,552,846,1061,1204,1270,1227,1098,861,581,254,-99,-428,-732,-986,-1155,-1241,-1237,-1138,-956,-688,-377,-46,289,608,887,1113,1237,1254,1200,1047,811,533,189,-173,-515,-810,-1073,-1239,-1315,-1311,-1178,-949,-660,-305,84,469,818,1104,1309,1424,1406,1262,1030,704,330,-83,-513,-892,-1195,-1395,-1480,-1441,-1285,-1016,-657,-248,190,618,971,1242,1401,1438,1331,1125,820,442,51,-349,-716,-990,-1178,-1264,-1225,-1083,-860,-548,-221,118,439,701,894,1001,1021,944,791,586,327,55,-203,-433,-617,-746,-794,-778,-693,-540,-359,-146,80,295,467,597,673,651,584,446,253,39,-175,-362,-486,-521,-475,-362,-204,-223,-110,0,-150,-149,-158,-125,-48,37,135,221,263,282,264,202,104,-13,-131,-229,-306,-352,-359,-328,-265,-175,-55,75,201,301,390,436,435,405,326,210,70,-80,-230,-363,-465,-521,-538,-494,-411,-276,-111,64,237,390,503,580,602,570,490,364,211,13,-183,-356,-500,-594,-651,-658,-598,-492,-330,-146,52,252,435,574,665,715,687,600,473,298,98,-135,-349,-522,-654,-735,-748,-706,-598,-431,-232,7,235,433,609,725,779,768,671,525,352,127,-105,-320,-508,-642,-720,-734,-684,-577,-416,-237,-46,162,353,496,604,651,640,593,491,350,187,11,-148,-294,-413,-504,-552,-543,-503,-428,-320,-282,-50,88,213,311,392,445,458,451,405,325,231,129,13,-108,-206,-299,-371,-420,-434,-420,-386,-320,-243,-144,-48,77,183,280,369,418,450,463,441,399,307,204,80,-56,-201,-339,-455,-555,-608,-618,-580,-499,-349,-189,-8,196,373,531,648,722,744,706,592,443,242,26,-196,-413,-582,-715,-797,-814,-764,-639,-474,-278,-53,173,382,553,685,772,786,739,649,504,319,116,-92,-303,-479,-617,-711,-756,-738,-672,-553,-392,-200,0,200,368,513,622,679,684,657,577,455,300,126,-45,-229,-377,-512,-612,-663,-674,-626,-543,-413,-259,-92,84,257,413,537,621,665,666,619,71,-32,9,419,371,-615,-531,-399,-232,-41,143,316,474,598,680,728,719,664,560,413,235,43,-156,-354,-538,-685,-780,-826,-819,-754,-644,-466,-249,-14,236,465,688,863,973,1019,987,890,716,481,185,-127,-432,-721,-957,-1135,-1228,-1230,-1136,-944,-666,-325,39,410,763,1061,1274,1401,1403,1294,1079,780,417,9,-406,-774,-1086,-1318,-1452,-1471,-1374,-1173,-866,-505,-99,326,713,1050,1301,1441,1478,1375,1187,921,574,188,-214,-598,-935,-1175,-1333,-1400,-1354,-1214,-984,-684,-330,42,404,738,1016,1218,1325,1332,1243,1062,800,483,129,-235,-571,-880,-1105,-1261,-1324,-1275,-1124,-891,-593,-250,115,467,783,1031,1189,1268,-999,1155,958,680,365,15,-324,-651,-920,-1111,-1234,-1249,-1169,-1015,-779,-482,-157,187,511,805,1041,1192,1247,1215,1094,887,614,278,-63,-392,-716,-969,-1163,-1276,-1274,-1174,-1012,-761,-435,-88,289,662,961,1187,1330,1371,1300,1132,869,530,143,-277,-660,-991,-1253,-1411,-1470,-1399,-1193,-877,-499,-71,354,758,1098,1328,1449,1456,1325,1080,749,355,-72,-489,-835,-1130,-1297,-1351,-1293,-1113,-841,-516,-153,234,567,858,1050,1133,1135,1024,825,570,278,-22,-319,-564,-753,-872,-895,-848,-733,-561,-347,-111,122,346,526,645,719,719,646,514,348,123,-97,-295,-473,-582,-621,-585,-467,-282,-69,130,289,374,363,409,0,68,-11,71,150,210,232,220,153,60,-38,-150,-244,-305,-325,-302,-251,-169,-63,56,171,267,349,388,393,355,283,179,45,-87,-205,-331,-418,-472,-487,-447,-367,-241,-94,65,228,378,505,574,580,548,451,322,160,-32,-214,-375,-503,-600,-641,-611,-528,-406,-241,-63,128,308,471,596,664,677,631,541,388,221,18,-197,-379,-543,-658,-733,-742,-662,-540,-365,-160,63,285,489,641,744,778,738,646,497,295,72,-167,-391,-560,-687,-766,-764,-701,-571,-393,-185,34,238,429,572,659,709,686,594,459,295,106,-77,-250,-397,-512,-582,-606,-574,-504,-398,-258,-101,50,188,321,430,288,510,493,436,355,258,141,22,-93,-217,-312,-380,-428,-446,-427,-386,-324,-241,-144,-31,77,189,283,354,404,442,442,410,348,260,158,51,-66,-181,-295,-395,-465,-514,-529,-520,-456,-363,-230,-67,99,265,437,575,650,700,683,607,492,327,130,-83,-304,-496,-645,-747,-781,-768,-674,-536,-361,-157,65,291,491,646,753,808,793,706,574,405,198,-28,-238,-437,-596,-703,-756,-761,-713,-597,-446,-265,-59,142,333,503,629,706,731,701,619,499,339,151,-30,-204,-371,-504,-614,-665,-680,-639,-550,-440,-285,-115,64,242,392,524,612,661,667,626,540,408,249,65,-112,-283,184,192
62156,mtk,MTK 7916,2152840691,rx1-tx0,512,0,-569,-719,-385,-384,-349,-302,-215,-113,-22,88,182,250,288,321,332,297,239,160,85,6,-89,-166,-221,-260,-287,-291,-253,-198,-121,-27,59,142,217,260,289,282,250,194,114,29,-68,-163,-242,-296,-305,-304,-251,-169,-87,19,119,218,287,316,312,286,235,157,66,-35,-124,-208,-258,-298,-314,-288,-258,-200,-120,-35,50,138,203,260,316,336,329,283,231,149,58,-26,-139,-225,-305,-361,-368,-376,-363,-314,-219,-113,14,132,244,360,429,477,484,456,387,281,146,-7,-171,-320,-444,-539,-588,-598,-542,-441,-299,-115,65,248,417,556,645,682,667,588,443,263,45,-166,-351,794,-651,-717,-722,-673,-551,-378,-192,26,247,435,595,698,741,725,629,494,310,93,-129,-336,-506,-645,-715,-728,-678,-557,-407,-226,-5,196,377,533,640,693,672,593,488,321,132,-52,-231,-400,-531,-597,-620,-598,-524,-411,-261,-97,77,247,396,507,568,582,536,450,331,185,27,-130,-273,-389,-460,-499,-479,-426,-328,-200,-75,63,174,264,339,371,370,337,279,184,98,18,-69,-159,-217,-246,-258,-253,-230,-188,-140,-81,-20,30,84,127,160,182,186,178,154,127,93,44,-4,-48,-99,-143,-172,-183,-183,-162,-132,-82,-8,66,129,168,198,197,162,101,35,-36,-93,426,97,0,-20,-369,127,239,318,348,315,223,92,-65,-215,-339,-418,-437,-427,-356,-236,-104,61,205,316,416,466,476,448,369,255,117,-34,-183,-316,-421,-497,-524,-510,-452,-363,-232,-76,78,224,363,482,559,567,539,470,345,205,42,-124,-294,-433,-532,-596,-598,-551,-463,-340,-191,-34,141,314,448,543,592,599,551,464,342,197,37,-135,-284,-405,-495,-562,-554,-518,-450,-334,-212,-89,59,199,317,411,474,509,492,466,393,288,166,37,-85,-222,-325,-420,-502,-528,-517,-468,-382,-263,-120,26,177,311,423,503,540,538,513,439,310,172,25,-133,-275,-393,-492,-532,-551,-542,-481,-368,381,-68,70,209,339,441,504,538,522,466,390,280,163,22,-114,-243,-355,-433,-491,-513,-499,-454,-385,-270,-146,-27,110,250,370,470,531,578,580,537,458,322,162,1,-167,-337,-487,-603,-676,-682,-656,-573,-431,-272,-70,131,320,496,615,709,743,711,623,485,313,103,-101,-308,-495,-634,-724,-756,-731,-640,-510,-340,-134,78,281,455,592,674,704,683,608,481,331,143,-45,-230,-391,-512,-582,-620,-606,-548,-456,-311,-154,-3,157,289,408,494,541,553,512,431,326,207,63,-83,-217,-335,-435,-489,-493,-470,-418,-336,-219,-84,61,204,316,400,446,448,416,368,282,167,659,547,0,455,117,-99,26,125,220,308,344,359,343,293,223,147,65,-42,-138,-214,-265,-287,-300,-285,-242,-188,-113,-32,63,152,216,267,285,269,246,193,124,33,-64,-150,-225,-274,-303,-302,-261,-188,-94,2,95,199,260,308,318,296,244,156,65,-30,-125,-210,-272,-315,-316,-296,-238,-162,-86,16,100,172,237,280,301,299,281,236,182,105,3,-95,-182,-254,-316,-340,-358,-340,-289,-224,-130,-34,59,170,289,372,424,442,410,380,294,190,70,-78,-211,-344,-449,-522,-552,-529,-457,-357,-221,-67,109,287,431,557,633,651,618,522,375,197,2,-202,-396,-558,-670,-723,-696,-619,572,-305,-105,101,306,491,620,703,737,693,590,441,255,45,-187,-388,-556,-683,-745,-739,-663,-538,-355,-149,60,273,455,582,680,702,670,589,456,281,74,-132,-299,-448,-576,-629,-639,-597,-513,-371,-198,-30,155,325,469,564,597,582,525,426,293,133,-27,-190,-332,-452,-520,-541,-511,-444,-332,-203,-56,96,229,339,401,434,426,380,311,207,96,-16,-120,-216,-286,-305,-309,-302,-258,-186,-112,-51,14,82,140,185,210,208,201,186,151,111,55,10,-34,-79,-121,-153,-175,-171,-168,-156,-123,-72,-12,45,101,140,183,202,197,156,102,39,-38,-108,-156,-178,-169,-123,573,715,0,722,643,255,183,76,-60,-199,-318,-393,-415,-369,-273,-136,3,144,291,385,454,466,419,342,233,93,-49,-198,-329,-429,-486,-501,-470,-398,-296,-163,-10,140,280,401,492,539,528,488,406,289,129,-41,-182,-344,-462,-540,-583,-577,-526,-422,-290,-121,61,226,376,488,570,606,592,524,408,275,118,-55,-222,-362,-469,-536,-573,-564,-508,-409,-291,-125,41,181,311,414,483,525,532,485,410,311,200,57,-76,-205,-332,-421,-487,-505,-506,-464,-388,-306,-171,-14,127,264,374,470,523,541,520,454,355,226,79,-68,-206,-359,-461,-526,-559,-548,-488,-397,-276,-132,9,169,314,436,-1037,539,545,509,432,319,191,49,-106,-231,-354,-448,-505,-528,-502,-452,-370,-273,-159,-25,108,229,345,437,495,529,532,495,422,308,188,48,-126,-270,-420,-532,-596,-622,-614,-556,-446,-304,-128,60,235,416,556,656,719,705,651,532,382,203,-16,-225,-420,-565,-685,-751,-754,-701,-581,-415,-225,-18,194,385,546,677,741,745,678,573,421,238,43,-150,-344,-495,-609,-676,-670,-622,-527,-395,-236,-69,113,272,409,511,563,581,551,479,387,251,115,-40,-186,-311,-411,-485,-526,-510,-465,-392,-285,-143,1,135,261,365,446,482,479,429,347,245,123,-14,-138,-249,-348,-408,101,408
62157,mtk,MTK 7916,2152840691,rx1-tx1,512,0,0,0,-858,-623,-223,234,633,869,890,689,322,-130,-559,-851,-925,-769,-421,39,493,814,939,833,520,84,-362,-730,-912,-866,-613,-205,255,639,857,858,651,287,-144,-528,-777,-818,-653,-333,61,437,691,759,634,353,-1,-353,-616,-712,-623,-380,-49,300,562,652,586,379,78,-229,-470,-593,-566,-400,-152,126,371,506,498,366,154,-80,-272,-373,-384,-304,-135,55,205,279,269,174,37,-95,-187,-213,-162,-48,85,185,231,207,112,-36,-187,-292,-327,-279,-146,46,241,375,414,345,187,-38,-260,-424,-487,-429,-249,0,253,464,561,522,350,86,-211,-466,-611,-607,-451,-180,139,0,648,691,567,303,-37,-363,-607,-717,-651,-428,-98,258,551,712,721,552,240,-124,-440,-660,-722,-611,-362,-43,297,567,692,641,447,150,-178,-458,-615,-627,-478,-226,64,338,538,590,492,284,24,-251,-463,-550,-501,-329,-89,173,387,496,487,369,162,-81,-287,-432,-476,-405,-235,-21,185,346,425,402,282,105,-88,-243,-336,-347,-281,-154,-13,123,230,263,231,158,61,-49,-134,-168,-162,-120,-58,6,55,79,78,59,22,-18,-52,-57,-43,-12,23,61,86,89,54,4,-44,-86,-114,-108,-80,-40,13,64,113,133,125,100,59,3,-47,-86,-112,-114,-99,-76,-42,0,0,0,0,0,-23,-22,-20,-16,-12,-5,-1,7,12,14,29,59,75,80,75,51,16,-20,-71,-119,-147,-142,-116,-68,5,89,167,216,213,167,85,-20,-126,-204,-253,-259,-206,-97,34,151,241,286,277,205,83,-51,-154,-228,-262,-236,-150,-43,61,136,180,183,145,87,24,-38,-79,-88,-68,-43,-20,-7,2,-12,-35,-60,-64,-27,29,92,161,209,200,143,41,-101,-243,-339,-359,-304,-172,17,221,397,495,471,331,115,-143,-400,-576,-620,-531,-308,-1,316,579,713,691,504,193,-173,-515,-737,-787,-659,-373,4,388,687,829,774,528,165,-239,-599,-813,-828,-654,-332,80,0,758,853,748,456,61,-331,-648,-804,-758,-533,-184,225,574,757,749,568,253,-131,-473,-696,-748,-604,-293,66,403,640,721,611,343,-6,-337,-573,-674,-610,-373,-48,277,533,650,589,378,70,-240,-479,-588,-545,-347,-64,224,442,536,486,304,32,-244,-443,-507,-430,-233,38,305,487,539,439,191,-111,-397,-590,-622,-473,-199,140,461,682,725,585,288,-99,-481,-757,-850,-718,-391,38,457,783,920,834,530,95,-368,-741,-939,-896,-634,-218,258,675,924,939,730,330,-140,-573,-868,-946,-774,-417,40,488,816,927,812,489,41,-412,-755,-909,-830,-538,-113,336,694,879,841,0,0,0,0,0,-264,-644,-872,-880,-663,-282,171,594,877,922,731,366,-91,-535,-849,-944,-802,-466,-19,426,774,939,864,566,141,-300,-676,-890,-876,-635,-252,190,583,819,846,668,323,-100,-487,-734,-803,-668,-360,29,390,653,741,633,372,23,-316,-571,-687,-625,-387,-62,262,513,619,577,402,122,-180,-418,-543,-542,-388,-152,107,323,444,438,332,150,-59,-234,-325,-329,-238,-82,69,185,236,216,109,-31,-148,-205,-207,-140,-9,131,233,275,231,105,-49,-204,-320,-359,-299,-158,41,249,400,449,381,217,-14,-263,-452,-532,-479,-298,-33,252,479,597,566,387,117,-189,-463,-631,-640,0,-245,88,403,631,697,601,360,33,-310,-581,-720,-688,-492,-179,179,498,692,717,577,308,-38,-361,-597,-706,-645,-412,-95,239,513,655,636,462,189,-124,-388,-573,-620,-507,-271,16,304,500,562,492,314,59,-201,-416,-517,-494,-358,-131,125,340,459,469,378,196,-32,-259,-414,-457,-396,-250,-47,151,303,383,377,281,132,-35,-179,-278,-302,-263,-169,-42,80,168,213,200,143,63,-11,-77,-125,-128,-95,-38,17,55,70,65,28,-20,-54,-68,-63,-42,-12,34,80,100,96,68,17,-37,-81,-114,-130,-105,-66,-23,34,90,123,136,126,91,47,2,-34,-58,-71,0,0,0,0,0,-10,-15,-22,-27,-30,-26,-30,-33,-39,-33,-30,-27,-13,15,44,76,104,116,105,64,12,-48,-114,-167,-189,-177,-115,-25,58,144,224,251,226,153,43,-76,-182,-253,-278,-235,-150,-22,110,213,271,292,242,146,19,-97,-190,-230,-214,-160,-80,7,79,131,147,122,74,16,-34,-48,-41,-24,0,23,12,-17,-60,-100,-124,-118,-86,-3,106,210,274,276,208,89,-83,-258,-386,-441,-390,-242,-44,185,412,547,547,425,208,-82,-375,-585,-667,-600,-390,-83,263,553,723,738,582,278,-101,-464,-725,-805,-705,-446,-77,322,653,821,810,621,266,-158,-527,-779,-859,0,-404,1,397,707,837,762,506,129,-277,-602,-772,-759,-571,-235,166,514,721,748,591,293,-86,-440,-673,-735,-616,-343,20,366,611,707,618,365,28,-305,-558,-667,-604,-376,-55,275,522,619,568,376,87,-217,-461,-576,-521,-321,-50,225,435,530,464,259,-9,-272,-468,-526,-425,-206,75,344,528,567,449,195,-127,-430,-634,-668,-520,-233,139,494,734,792,648,339,-65,-470,-769,-877,-769,-469,-35,415,768,935,870,590,158,-320,-711,-928,-924,-681,-264,211,631,892,936,754,379,-99,-544,-850,-940,-796,-451,10,458,783,916,820,517,84,-369,-723,-896,-834,-571,-167,293,0,0
62158,mtk,MTK 7916,2152840691,rx2-tx0,512,0,0,0,462,975,1262,1241,912,351,-313,-908,-1286,-1338,-1057,-517,146,775,1211,1341,1141,655,11,-635,-1114,-1303,-1166,-743,-133,518,1033,1269,1172,788,212,-425,-954,-1233,-1184,-829,-272,343,874,1171,1160,850,327,-268,-784,-1086,-1096,-829,-361,195,680,982,1026,794,346,-179,-633,-904,-925,-707,-303,182,599,842,850,622,228,-222,-598,-798,-774,-525,-128,291,636,813,739,466,65,-367,-700,-828,-724,-419,13,456,773,877,734,381,-96,-551,-874,-968,-793,-384,127,619,973,1081,884,452,-101,-656,-1063,-1193,-1012,-564,43,659,1121,1301,1162,715,65,-610,-1141,-1400,-1309,-881,-226,504,1116,1452,1424,0,403,-351,-1015,-1436,-1502,-1194,-588,160,872,1373,1535,1315,768,36,-711,-1282,-1522,-1375,-901,-207,537,1138,1449,1408,1011,352,-379,-1009,-1386,-1402,-1060,-462,249,904,1306,1375,1098,537,-163,-810,-1249,-1360,-1127,-608,74,738,1208,1369,1183,682,2,-668,-1191,-1423,-1289,-817,-154,552,1121,1435,1384,988,359,-350,-997,-1386,-1438,-1147,-587,120,786,1257,1417,1235,772,129,-527,-1041,-1300,-1247,-898,-342,272,813,1144,1199,970,525,-35,-568,-944,-1091,-980,-638,-164,319,717,936,932,712,342,-86,-481,-748,-836,-739,-486,-134,229,521,687,698,569,325,27,-254,-459,-571,-574,-465,-289,-83,101,237,331,0,0,0,0,0,374,388,340,216,34,-190,-407,-575,-654,-613,-440,-170,151,457,675,775,724,505,164,-220,-571,-814,-878,-753,-458,-48,394,748,942,928,702,309,-168,-618,-928,-1029,-906,-572,-93,410,819,1042,1028,776,353,-153,-618,-937,-1032,-892,-557,-86,408,781,953,903,652,253,-207,-601,-831,-853,-674,-340,61,432,682,754,651,382,34,-301,-546,-651,-594,-388,-85,217,440,541,509,348,105,-152,-345,-436,-415,-298,-108,95,252,327,310,205,59,-85,-186,-223,-185,-98,22,127,175,155,79,-30,-134,-197,-194,-120,4,144,271,328,286,151,-43,-254,-407,-474,-420,-244,17,291,506,0,577,378,69,-274,-578,-746,-738,-540,-200,209,580,824,873,711,364,-88,-525,-837,-957,-852,-532,-77,397,780,972,936,671,226,-271,-685,-929,-948,-736,-339,140,578,869,941,774,421,-27,-459,-763,-861,-743,-455,-59,345,641,756,668,414,56,-297,-554,-652,-568,-333,-23,285,505,575,481,255,-42,-315,-497,-537,-415,-182,88,337,488,490,341,105,-164,-389,-509,-470,-280,-9,266,480,557,467,247,-47,-344,-555,-615,-497,-238,106,437,658,704,563,260,-133,-504,-740,-797,-651,-314,126,547,834,913,751,378,-101,-562,-889,-1002,-862,-497,7,534,930,1096,978,609,64,-498,0,0,0,0,0,-1169,-816,-249,387,933,1269,1297,999,444,-229,-838,-1240,-1340,-1116,-611,52,696,1157,1332,1168,702,62,-579,-1072,-1299,-1188,-772,-164,474,992,1248,1177,811,244,-384,-903,-1191,-1171,-843,-299,314,838,1138,1143,855,346,-235,-735,-1034,-1065,-822,-371,175,669,956,979,752,321,-188,-615,-866,-874,-654,-259,203,595,815,804,566,179,-266,-638,-809,-749,-485,-90,327,666,815,730,442,21,-417,-738,-854,-740,-403,54,502,818,916,762,385,-118,-599,-927,-1029,-847,-423,120,649,1020,1133,948,506,-83,-673,-1102,-1253,-1077,-629,-14,630,1128,1353,1234,786,127,-567,-1140,-1431,-1372,-962,-311,413,0,1459,1480,1123,496,-257,-961,-1430,-1534,-1261,-680,71,810,1338,1534,1360,848,121,-636,-1222,-1502,-1414,-969,-290,445,1066,1424,1411,1045,415,-303,-939,-1338,-1388,-1074,-494,195,835,1266,1375,1125,580,-123,-778,-1231,-1374,-1159,-638,44,707,1204,1399,1236,754,87,-620,-1177,-1433,-1335,-914,-258,466,1064,1404,1408,1062,460,-250,-896,-1327,-1433,-1197,-673,-3,663,1158,1374,1248,837,236,-412,-938,-1224,-1224,-935,-426,159,693,1051,1153,977,580,60,-446,-837,-1014,-948,-675,-255,208,597,833,884,732,418,22,-355,-638,-768,-725,-522,-221,111,399,590,653,578,400,164,-86,-295,-433,-484,-449,-348,-211,0,0,0,0,0,-13,140,299,441,532,539,438,242,-22,-299,-541,-695,-717,-594,-355,-22,341,641,805,807,632,314,-85,-480,-780,-910,-835,-570,-171,282,689,947,986,802,434,-41,-519,-893,-1065,-985,-685,-231,278,725,1006,1048,853,480,-17,-502,-851,-997,-915,-622,-188,287,673,886,891,677,289,-134,-502,-744,-799,-649,-365,6,362,612,705,622,385,61,-263,-500,-611,-561,-378,-107,171,395,495,458,324,123,-101,-279,-365,-358,-260,-85,93,223,274,246,143,12,-102,-176,-191,-139,-30,84,162,181,136,32,-99,-206,-258,-239,-139,26,208,356,406,345,184,-47,-293,-476,-552,-499,-311,0,298,565,709,671,452,114,-264,-592,-792,-802,-615,-271,153,549,825,915,780,440,0,-455,-811,-973,-888,-594,-145,339,740,959,955,715,287,-204,-636,-915,-954,-758,-387,73,514,820,913,769,440,21,-391,-704,-827,-726,-440,-59,313,588,704,623,383,61,-263,-517,-607,-524,-299,4,287,483,540,442,217,-62,-328,-501,-513,-380,-142,138,364,487,482,328,68,-210,-433,-528,-458,-261,12,304,515,574,467,238,-68,-388,-611,-652,-520,-245,123,474,707,757,606,278,-139,-533,-802,-861,-695,-351,101,542,862,961,807,441,-51,-552,-916,-1051,-921,-536,-9,531,955,1150,1052,0,0
62159,mtk,MTK 7916,2152840691,rx2-tx1,512,0,0,0,-143,-375,-520,-537,-417,-202,45,281,437,477,395,231,17,-188,-338,-381,-329,-206,-40,132,255,305,269,164,19,-119,-207,-229,-189,-108,-11,92,161,178,146,68,-29,-89,-109,-93,-50,16,73,89,66,-2,-78,-133,-164,-144,-61,58,172,267,311,260,130,-56,-254,-402,-461,-407,-240,-2,250,461,573,544,372,105,-193,-466,-627,-636,-488,-209,133,450,658,703,574,301,-68,-430,-680,-762,-651,-377,2,391,684,812,746,484,83,-339,-684,-861,-821,-581,-192,247,627,854,872,679,323,-123,-531,-807,-888,-760,-436,-6,423,735,859,764,503,130,-287,-630,-793,-755,-539,0,195,512,686,686,507,193,-152,-440,-612,-617,-459,-179,145,416,564,549,389,115,-191,-445,-559,-509,-308,-20,287,528,618,538,305,-36,-397,-668,-782,-670,-388,26,472,820,965,877,574,87,-456,-907,-1145,-1120,-818,-296,321,893,1261,1346,1118,621,-53,-734,-1245,-1473,-1363,-931,-275,454,1089,1473,1514,1210,624,-110,-828,-1360,-1587,-1441,-957,-267,456,1099,1498,1539,1220,650,-55,-743,-1252,-1467,-1341,-928,-324,321,886,1238,1302,1076,617,56,-491,-924,-1133,-1069,-777,-341,145,582,863,949,823,523,134,-259,-578,-766,-773,-621,-361,-41,273,511,630,625,518,330,105,-112,-279,-373,-401,0,0,0,0,0,-273,-219,-125,12,163,303,406,445,400,276,107,-86,-274,-409,-462,-419,-284,-93,118,307,430,448,368,206,-6,-217,-378,-454,-420,-277,-67,155,342,460,469,360,150,-96,-323,-477,-514,-438,-246,9,252,441,547,508,355,115,-157,-396,-540,-559,-443,-224,47,302,481,537,472,305,72,-185,-391,-495,-477,-356,-158,72,279,402,427,357,203,12,-160,-283,-341,-301,-176,-30,101,207,245,201,99,-16,-127,-207,-220,-163,-52,79,183,238,225,155,38,-97,-209,-263,-262,-202,-80,68,205,293,302,232,115,-28,-171,-273,-305,-263,-160,-20,111,225,289,268,190,77,-55,0,-226,-243,-205,-127,-34,63,142,181,176,138,77,25,-17,-46,-70,-67,-56,-52,-69,-77,-71,-51,-18,29,100,168,209,208,162,67,-58,-189,-289,-333,-303,-196,-26,161,322,412,404,299,117,-109,-305,-444,-493,-417,-231,16,258,451,542,495,313,72,-179,-407,-535,-521,-382,-143,128,372,515,521,399,183,-85,-344,-506,-541,-433,-206,68,321,505,556,444,222,-57,-321,-505,-562,-468,-246,33,310,514,592,520,302,-5,-300,-521,-627,-559,-354,-65,247,510,646,617,440,141,-191,-465,-622,-638,-505,-234,108,404,599,657,553,310,-1,-315,-541,-639,-577,-379,-88,224,0,0,0,0,0,542,414,189,-85,-333,-484,-509,-404,-212,15,228,378,425,367,227,27,-165,-295,-338,-303,-187,-27,129,239,267,214,122,10,-99,-181,-208,-168,-83,8,90,143,136,84,18,-43,-81,-84,-48,10,75,118,110,54,-26,-126,-210,-235,-186,-77,62,217,341,387,330,181,-37,-276,-449,-520,-472,-309,-57,233,477,610,594,435,157,-163,-457,-646,-674,-537,-259,90,431,665,738,613,322,-56,-421,-680,-782,-693,-421,-27,381,696,843,786,533,137,-299,-665,-861,-840,-626,-255,181,586,839,889,715,372,-58,-468,-768,-881,-759,-459,-51,361,684,831,770,521,152,-248,-574,0,-732,-539,-208,167,471,630,642,477,194,-138,-411,-571,-568,-409,-144,155,407,539,521,355,76,-229,-477,-590,-524,-312,6,340,603,699,604,335,-38,-438,-735,-853,-756,-451,-1,475,865,1067,1001,683,179,-399,-909,-1226,-1253,-975,-454,193,822,1275,1433,1245,763,96,-607,-1190,-1498,-1464,-1103,-471,288,985,1452,1576,1329,796,82,-667,-1244,-1555,-1524,-1129,-480,265,937,1393,1530,1309,803,146,-529,-1083,-1367,-1335,-1015,-490,133,699,1095,1231,1089,717,207,-319,-747,-1005,-1023,-816,-446,-5,413,725,866,800,575,244,-120,-442,-652,-719,-649,-466,-204,83,332,495,556,520,406,256,95,0,0,0,0,0,-146,-250,-334,-376,-360,-287,-149,33,212,351,435,440,353,200,3,-197,-359,-444,-438,-331,-147,64,259,395,447,393,243,24,-190,-369,-466,-441,-303,-102,128,337,475,500,403,194,-49,-293,-467,-533,-460,-292,-53,202,425,541,531,396,178,-96,-356,-518,-552,-463,-264,-5,240,426,522,493,347,126,-121,-327,-448,-463,-372,-188,26,215,345,392,335,197,26,-141,-247,-287,-243,-126,7,125,204,228,180,85,-49,-158,-221,-225,-169,-48,87,193,250,238,175,58,-93,-220,-283,-287,-220,-90,60,193,276,303,261,148,1,-144,-260,-306,-283,-201,-66,79,190,251,257,0,100,-12,-123,-199,-214,-182,-125,-56,16,80,114,119,103,68,45,22,8,0,-18,-45,-76,-109,-138,-143,-125,-74,13,102,189,263,284,228,112,-33,-187,-316,-382,-354,-230,-50,139,314,428,450,354,169,-58,-276,-440,-506,-450,-265,-20,230,439,548,520,365,116,-164,-399,-529,-533,-408,-177,94,341,502,523,408,197,-67,-320,-482,-518,-421,-210,69,330,500,542,452,247,-40,-332,-530,-575,-484,-274,24,318,531,606,537,331,43,-271,-514,-622,-589,-390,-90,225,488,637,629,468,184,-142,-439,-632,-667,-529,-275,46,354,576,649,566,348,45,-266,-509,-617,-581,0,0
62160,mtk,MTK 7916,2152852349,rx0-tx0,512,0,0,0,0,0,0,0,0,0,0,0,0,0,0,0,0,0,0,0,0,0,0,0,0,0,0,0,0,0,0,0,0,0,0,0,0,0,0,0,0,0,0,0,0,0,0,0,0,0,0,0,0,0,0,0,0,0,0,0,0,0,0,0,0,0,0,0,0,0,0,0,0,0,0,0,0,0,0,0,0,0,0,0,0,0,0,0,0,0,0,0,0,0,0,0,0,0,0,0,0,0,0,0,0,0,0,0,0,0,0,0,0,0,0,0,0,0,0,0,0,0,0,0,0,0,0,0,0,0,0,0,0,0,0,0,0,0,0,0,0,0,0,0,0,0,0,0,0,0,0,0,0,0,0,0,0,0,0,0,0,0,0,0,0,0,0,0,0,0,0,0,0,0,0,0,0,0,0,0,0,0,0,0,0,0,0,0,0,0,0,0,0,0,0,0,0,0,0,0,0,0,0,0,0,0,0,0,0,0,0,0,0,0,0,0,0,0,0,0,0,0,0,0,0,0,0,0,0,0,0,0,0,0,0,0,0,0,0,0,0,0,0,0,0,0,0,0,0,0,0,0,0,0,0,0,0,-364,774,812,673,771,678,409,45,-329,-658,-928,-1070,-1105,-1029,-856,-616,-305,31,368,696,994,1207,1325,1344,1272,1093,825,503,114,-271,-642,-973,-1239,-1419,-1518,-1529,-1423,-1226,-948,-598,-248,152,527,866,1175,1412,1564,1608,1590,1463,1245,979,633,264,-125,-527,-883,-1184,-1425,-1582,-1673,-1662,-1536,-1329,-1048,-724,-348,37,431,772,1061,1338,1513,1574,1567,1457,1262,1003,728,419,85,-237,-546,-815,-1032,-1176,-1251,-1265,-1237,-1133,-968,-777,-542,-292,-47,192,423,611,770,886,946,977,965,893,789,648,471,293,116,-76,-250,-405,-522,-601,-657,-672,-673,-637,-566,-482,-393,-292,-186,-99,-10,74,171,259,-330,312,367,400,426,447,458,454,429,417,393,331,265,177,80,-41,-165,-294,-417,-533,-646,-744,-801,-826,-812,-738,-642,-498,-319,-117,128,361,591,796,976,1102,1180,1205,1152,1019,834,620,358,41,-263,-552,-829,-1061,-1245,-1376,-1423,-1395,-1283,-1108,-879,-595,-263,79,417,740,1023,1258,1423,1529,1561,1489,1338,1118,803,455,91,-285,-661,-996,-1293,-1507,-1639,-1682,-1622,-1475,-1211,-889,-520,-105,306,715,1100,1390,1572,1690,1699,1589,1382,1081,714,290,-146,-556,-936,-1246,-1471,-1605,-1621,-1518,-1309,-1017,-672,-265,155,549,910,1214,1404,1491,1492,1376,1141,768,332,-174,-702,-1149,-1452,-1538,-1365,-1038,333,531,0,0,0,0,0,0,0,0,0,0,0,0,0,0,0,0,0,0,0,0,0,0,0,0,0,0,0,0,0,0,0,0,0,0,0,0,0,0,0,0,0,0,0,0,0,0,0,0,0,0,0,0,0,0,0,0,0,0,0,0,0,0,0,0,0,0,0,0,0,0,0,0,0,0,0,0,0,0,0,0,0,0,0,0,0,0,0,0,0,0,0,0,0,0,0,0,0,0,0,0,0,0,0,0,0,0,0,0,0,0,0,0,0,0,0,0,0,0,0,0,0,0,0,0,0,0,0,0,0,0,0,0,0,0,0,0,0,0,0,0,0,0,0,0,0,0,0,0,0,0,0,0,0,0,0,0,0,0,0,0,0,0,0,0,0,0,0,0,0,0,0,0,0,0,0,0,0,0,0,0,0,0,0,0,0,0,0,0,0,0,0,0,0,0,0,0,0,0,0,0,0,0,0,0,0,0,0,0,0,0,0,0,0,0,0,0,0,0,0,0,0,0,0,0,0,0,0,0,0,0,0,0,0,0,0,0,0,0,0,0,0,0,0,0,0,0,0,0,0,0,0,0,0,0,0,0,-49,232,11,112,-208,-579,-865,-1000,-970,-825,-562,-223,127,470,760,998,1152,1208,1160,1047,836,540,197,-169,-533,-877,-1146,-1353,-1460,-1449,-1351,-1156,-873,-522,-145,252,631,960,1242,1443,1554,1584,1493,1327,1093,780,403,33,-333,-717,-1035,-1322,-1535,-1634,-1668,-1589,-1403,-1173,-867,-522,-134,290,666,1002,1276,1482,1616,1654,1589,1422,1219,933,561,201,-167,-529,-862,-1109,-1294,-1417,-1435,-1389,-1269,-1097,-870,-608,-315,-39,232,490,704,881,1015,1089,1103,1087,999,862,709,509,299,87,-131,-320,-485,-642,-756,-810,-837,-824,-764,-684,-561,-436,-286,-132,6,156,270,356,420,469,487,497,500,483,448,388,-82,310,252,183,117,48,-22,-106,-170,-233,-326,-408,-470,-543,-595,-629,-630,-598,-537,-463,-355,-220,-52,110,301,489,643,799,908,1008,1034,1008,915,789,594,357,100,-174,-456,-731,-963,-1135,-1281,-1341,-1314,-1241,-1086,-870,-609,-314,12,336,648,922,1163,1350,1463,1481,1433,1307,1116,860,554,216,-165,-531,-846,-1151,-1390,-1539,-1621,-1610,-1507,-1316,-1040,-706,-335,59,460,857,1189,1429,1611,1699,1683,1574,1339,1008,632,237,-197,-615,-988,-1305,-1544,-1683,-1687,-1587,-1373,-1069,-705,-302,126,548,925,1214,1427,1535,1529,1430,1247,954,576,181,-246,-661,-1053,-1354,-1533,-1595,-1451,-1121,-634,-53,515,902,721,601
62161,mtk,MTK 7916,2152852349,rx0-tx1,512,0,0,0,0,0,0,0,0,0,0,0,0,0,0,0,0,0,0,0,0,0,0,0,0,0,0,0,0,0,0,0,0,0,0,0,0,0,0,0,0,0,0,0,0,0,0,0,0,0,0,0,0,0,0,0,0,0,0,0,0,0,0,0,0,0,0,0,0,0,0,0,0,0,0,0,0,0,0,0,0,0,0,0,0,0,0,0,0,0,0,0,0,0,0,0,0,0,0,0,0,0,0,0,0,0,0,0,0,0,0,0,0,0,0,0,0,0,0,0,0,0,0,0,0,0,0,0,0,0,0,0,0,0,0,0,0,0,0,0,0,0,0,0,0,0,0,0,0,0,0,0,0,0,0,0,0,0,0,0,0,0,0,0,0,0,0,0,0,0,0,0,0,0,0,0,0,0,0,0,0,0,0,0,0,0,0,0,0,0,0,0,0,0,0,0,0,0,0,0,0,0,0,0,0,0,0,0,0,0,0,0,0,0,0,0,0,0,0,0,0,0,0,0,0,0,0,0,0,0,0,0,0,0,0,0,0,0,0,0,0,0,0,0,0,0,0,0,0,0,0,0,0,0,0,0,0,-449,-21,-17,-455,-552,-542,-403,-177,103,365,600,770,845,843,751,589,362,95,-188,-465,-722,-942,-1088,-1126,-1087,-941,-722,-452,-91,264,617,929,1164,1300,1333,1283,1115,876,564,231,-117,-464,-746,-980,-1137,-1207,-1206,-1139,-994,-766,-516,-248,10,238,475,679,809,881,914,907,832,714,582,405,257,99,-65,-200,-293,-394,-465,-505,-543,-557,-565,-556,-535,-511,-468,-390,-288,-162,-19,124,276,422,564,669,742,774,769,709,616,490,339,166,-9,-170,-339,-495,-600,-676,-703,-699,-688,-647,-554,-453,-339,-203,-55,84,220,365,457,549,602,627,657,627,576,517,414,288,149,36,-103,-270,510,-496,-583,-626,-647,-643,-611,-541,-457,-366,-246,-124,5,135,251,361,430,525,583,612,645,630,586,532,454,353,246,123,-12,-164,-324,-496,-639,-754,-840,-901,-939,-905,-811,-677,-512,-294,-47,225,497,766,1010,1183,1291,1333,1297,1185,980,697,391,47,-340,-700,-1012,-1281,-1469,-1553,-1553,-1444,-1237,-959,-613,-217,196,585,938,1236,1441,1540,1558,1458,1269,1000,671,280,-106,-477,-821,-1103,-1290,-1395,-1410,-1317,-1119,-856,-548,-188,165,503,785,993,1122,1144,1086,964,745,503,239,-54,-294,-504,-673,-754,-790,-769,-673,-547,-378,-190,-11,167,321,445,543,577,539,461,314,119,-73,-205,4,1,0,0,0,0,0,0,0,0,0,0,0,0,0,0,0,0,0,0,0,0,0,0,0,0,0,0,0,0,0,0,0,0,0,0,0,0,0,0,0,0,0,0,0,0,0,0,0,0,0,0,0,0,0,0,0,0,0,0,0,0,0,0,0,0,0,0,0,0,0,0,0,0,0,0,0,0,0,0,0,0,0,0,0,0,0,0,0,0,0,0,0,0,0,0,0,0,0,0,0,0,0,0,0,0,0,0,0,0,0,0,0,0,0,0,0,0,0,0,0,0,0,0,0,0,0,0,0,0,0,0,0,0,0,0,0,0,0,0,0,0,0,0,0,0,0,0,0,0,0,0,0,0,0,0,0,0,0,0,0,0,0,0,0,0,0,0,0,0,0,0,0,0,0,0,0,0,0,0,0,0,0,0,0,0,0,0,0,0,0,0,0,0,0,0,0,0,0,0,0,0,0,0,0,0,0,0,0,0,0,0,0,0,0,0,0,0,0,0,0,0,0,0,0,0,0,0,0,0,0,0,0,0,0,0,0,0,0,0,0,0,0,0,0,0,0,0,0,0,0,0,0,0,0,0,0,0,26,6,23,-169,33,301,540,697,742,677,537,315,58,-210,-472,-699,-861,-965,-974,-916,-772,-550,-249,74,406,718,960,1157,1271,1256,1163,954,662,321,-37,-406,-741,-1014,-1208,-1299,-1326,-1227,-1053,-818,-515,-207,108,394,667,862,995,1070,1054,1009,910,743,542,338,130,-81,-289,-451,-586,-672,-704,-723,-703,-641,-568,-484,-378,-278,-192,-95,6,105,209,301,406,505,582,644,672,681,654,597,493,349,193,17,-161,-326,-478,-607,-708,-762,-759,-735,-696,-589,-462,-306,-145,-3,151,307,440,522,603,661,682,665,635,569,477,382,249,130,-26,-170,-291,-405,-522,-605,-642,-642,-651,-610,-82,-460,-332,-203,-72,67,212,334,434,526,597,628,638,622,581,496,424,344,212,113,-19,-154,-267,-373,-481,-575,-643,-687,-718,-719,-708,-641,-532,-402,-229,-58,154,367,563,747,921,1066,1142,1146,1088,967,761,505,208,-104,-428,-743,-1029,-1249,-1384,-1474,-1453,-1333,-1141,-875,-526,-141,253,642,985,1278,1481,1590,1579,1472,1295,1010,646,259,-148,-535,-882,-1168,-1381,-1499,-1499,-1408,-1226,-946,-608,-261,107,474,793,1041,1220,1308,1286,1167,963,704,396,63,-245,-522,-745,-879,-967,-970,-876,-756,-566,-338,-123,110,307,460,588,643,652,613,512,394,232,45,-137,-297,-432,-483,-451,-379,-11,-16
62162,mtk,MTK 7916,2152852349,rx1-tx0,512,0,0,0,0,0,0,0,0,0,0,0,0,0,0,0,0,0,0,0,0,0,0,0,0,0,0,0,0,0,0,0,0,0,0,0,0,0,0,0,0,0,0,0,0,0,0,0,0,0,0,0,0,0,0,0,0,0,0,0,0,0,0,0,0,0,0,0,0,0,0,0,0,0,0,0,0,0,0,0,0,0,0,0,0,0,0,0,0,0,0,0,0,0,0,0,0,0,0,0,0,0,0,0,0,0,0,0,0,0,0,0,0,0,0,0,0,0,0,0,0,0,0,0,0,0,0,0,0,0,0,0,0,0,0,0,0,0,0,0,0,0,0,0,0,0,0,0,0,0,0,0,0,0,0,0,0,0,0,0,0,0,0,0,0,0,0,0,0,0,0,0,0,0,0,0,0,0,0,0,0,0,0,0,0,0,0,0,0,0,0,0,0,0,0,0,0,0,0,0,0,0,0,0,0,0,0,0,0,0,0,0,0,0,0,0,0,0,0,0,0,0,0,0,0,0,0,0,0,0,0,0,0,0,0,0,0,0,0,0,0,0,0,0,0,0,0,0,0,0,0,0,0,0,0,0,0,98,552,846,582,791,855,730,450,69,-316,-671,-960,-1151,-1231,-1176,-1032,-768,-422,-40,362,777,1136,1420,1583,1632,1528,1293,954,500,2,-501,-982,-1393,-1674,-1848,-1873,-1747,-1512,-1128,-695,-231,274,736,1135,1439,1610,1683,1676,1547,1293,992,663,296,-68,-432,-742,-976,-1150,-1251,-1292,-1255,-1147,-1013,-829,-607,-372,-121,118,346,547,730,885,995,1049,1063,1013,923,790,618,431,196,-30,-268,-510,-697,-843,-933,-999,-1008,-922,-813,-667,-462,-257,-38,174,367,532,651,725,766,748,697,608,499,371,216,82,-61,-192,-272,-339,-383,-396,-397,-363,-304,-274,-229,-160,-99,-57,-28,-4,11,19,20,11,-686,29,58,70,100,154,190,220,268,291,305,317,316,286,221,160,91,-3,-110,-217,-338,-433,-527,-585,-607,-613,-581,-506,-411,-282,-137,14,189,364,528,693,805,882,905,853,779,658,478,258,27,-216,-449,-671,-849,-987,-1071,-1063,-994,-877,-706,-488,-263,-10,229,468,670,819,947,1001,1012,957,854,715,517,296,69,-172,-384,-586,-762,-856,-916,-916,-876,-790,-636,-466,-277,-54,145,339,516,651,740,779,764,701,617,492,344,194,24,-122,-250,-370,-474,-538,-574,-601,-595,-552,-474,-390,-272,-113,42,202,375,514,638,724,752,707,590,399,145,-150,-432,-660,-776,-774,-470,-136,0,0,0,0,0,0,0,0,0,0,0,0,0,0,0,0,0,0,0,0,0,0,0,0,0,0,0,0,0,0,0,0,0,0,0,0,0,0,0,0,0,0,0,0,0,0,0,0,0,0,0,0,0,0,0,0,0,0,0,0,0,0,0,0,0,0,0,0,0,0,0,0,0,0,0,0,0,0,0,0,0,0,0,0,0,0,0,0,0,0,0,0,0,0,0,0,0,0,0,0,0,0,0,0,0,0,0,0,0,0,0,0,0,0,0,0,0,0,0,0,0,0,0,0,0,0,0,0,0,0,0,0,0,0,0,0,0,0,0,0,0,0,0,0,0,0,0,0,0,0,0,0,0,0,0,0,0,0,0,0,0,0,0,0,0,0,0,0,0,0,0,0,0,0,0,0,0,0,0,0,0,0,0,0,0,0,0,0,0,0,0,0,0,0,0,0,0,0,0,0,0,0,0,0,0,0,0,0,0,0,0,0,0,0,0,0,0,0,0,0,0,0,0,0,0,0,0,0,0,0,0,0,0,0,0,0,0,0,0,0,0,0,0,0,0,0,0,0,0,0,0,0,0,0,0,0,-999,1155,958,357,106,-274,-647,-932,-1067,-1045,-911,-655,-323,60,447,794,1098,1307,1394,1400,1269,1013,655,231,-234,-713,-1129,-1482,-1719,-1806,-1771,-1582,-1236,-800,-324,192,678,1135,1495,1711,1843,1825,1667,1398,1032,630,210,-217,-640,-987,-1227,-1411,-1501,-1504,-1419,-1240,-999,-736,-456,-161,146,424,654,856,993,1089,1126,1110,1048,924,779,604,393,180,-49,-267,-483,-684,-846,-968,-1024,-1026,-1003,-902,-744,-568,-363,-153,112,350,532,699,820,886,917,882,790,661,495,324,143,-45,-205,-355,-468,-557,-592,-590,-575,-508,-423,-333,-229,-140,-51,40,102,148,199,214,211,191,184,168,149,139,126,128,9,151,145,150,172,169,137,129,98,34,-26,-93,-173,-259,-329,-381,-429,-465,-470,-453,-409,-330,-247,-122,-3,137,292,432,552,657,718,765,761,713,619,485,303,121,-110,-321,-512,-708,-858,-964,-1000,-985,-921,-790,-611,-398,-132,126,374,596,791,932,1016,1046,1018,943,788,607,394,149,-83,-318,-510,-690,-840,-943,-988,-969,-886,-775,-603,-399,-187,35,253,472,645,766,847,863,819,762,653,502,330,128,-58,-237,-390,-520,-600,-658,-674,-641,-591,-515,-412,-282,-151,-24,119,267,378,483,570,627,632,621,560,449,308,124,-94,-317,-526,-700,-808,-819,-716,-502,-199,90,1189,1268
62163,mtk,MTK 7916,2152852349,rx1-tx1,512,0,0,0,0,0,0,0,0,0,0,0,0,0,0,0,0,0,0,0,0,0,0,0,0,0,0,0,0,0,0,0,0,0,0,0,0,0,0,0,0,0,0,0,0,0,0,0,0,0,0,0,0,0,0,0,0,0,0,0,0,0,0,0,0,0,0,0,0,0,0,0,0,0,0,0,0,0,0,0,0,0,0,0,0,0,0,0,0,0,0,0,0,0,0,0,0,0,0,0,0,0,0,0,0,0,0,0,0,0,0,0,0,0,0,0,0,0,0,0,0,0,0,0,0,0,0,0,0,0,0,0,0,0,0,0,0,0,0,0,0,0,0,0,0,0,0,0,0,0,0,0,0,0,0,0,0,0,0,0,0,0,0,0,0,0,0,0,0,0,0,0,0,0,0,0,0,0,0,0,0,0,0,0,0,0,0,0,0,0,0,0,0,0,0,0,0,0,0,0,0,0,0,0,0,0,0,0,0,0,0,0,0,0,0,0,0,0,0,0,0,0,0,0,0,0,0,0,0,0,0,0,0,0,0,0,0,0,0,0,0,0,0,0,0,0,0,0,0,0,0,0,0,0,0,0,0,-282,-50,88,4,63,130,185,213,212,170,90,-13,-118,-205,-248,-229,-154,-48,74,187,250,249,186,76,-72,-210,-284,-289,-214,-75,90,239,325,324,225,44,-148,-299,-380,-354,-212,-2,211,379,432,362,196,-53,-302,-456,-497,-394,-173,112,373,543,563,413,131,-194,-462,-605,-586,-402,-86,264,563,715,656,394,29,-360,-648,-755,-654,-372,32,445,713,771,618,315,-101,-501,-748,-787,-598,-232,190,556,755,754,534,148,-269,-598,-759,-704,-438,-40,350,622,721,613,315,-66,-430,-660,-698,-540,-240,147,484,654,628,425,97,-259,-528,-633,-549,-301,25,332,521,557,439,196,0,-392,-541,-522,-337,-51,237,432,492,409,196,-82,-323,-460,-461,-313,-70,175,366,439,363,161,-81,-300,-424,-419,-277,-47,215,409,469,373,167,-103,-345,-490,-485,-340,-71,218,450,551,474,248,-52,-344,-543,-580,-439,-160,172,465,606,589,404,83,-293,-563,-657,-570,-328,14,348,594,671,549,270,-84,-429,-648,-670,-502,-203,157,472,630,614,433,128,-224,-499,-621,-556,-343,-32,304,550,627,544,312,-8,-332,-565,-635,-528,-292,26,351,574,622,523,300,-24,-338,-552,-618,-541,-335,-34,270,501,608,565,371,102,-187,-434,-574,-592,-500,-308,-66,179,375,477,489,-428,-320,0,0,0,0,0,0,0,0,0,0,0,0,0,0,0,0,0,0,0,0,0,0,0,0,0,0,0,0,0,0,0,0,0,0,0,0,0,0,0,0,0,0,0,0,0,0,0,0,0,0,0,0,0,0,0,0,0,0,0,0,0,0,0,0,0,0,0,0,0,0,0,0,0,0,0,0,0,0,0,0,0,0,0,0,0,0,0,0,0,0,0,0,0,0,0,0,0,0,0,0,0,0,0,0,0,0,0,0,0,0,0,0,0,0,0,0,0,0,0,0,0,0,0,0,0,0,0,0,0,0,0,0,0,0,0,0,0,0,0,0,0,0,0,0,0,0,0,0,0,0,0,0,0,0,0,0,0,0,0,0,0,0,0,0,0,0,0,0,0,0,0,0,0,0,0,0,0,0,0,0,0,0,0,0,0,0,0,0,0,0,0,0,0,0,0,0,0,0,0,0,0,0,0,0,0,0,0,0,0,0,0,0,0,0,0,0,0,0,0,0,0,0,0,0,0,0,0,0,0,0,0,0,0,0,0,0,0,0,0,0,0,0,0,0,0,0,0,0,0,0,0,0,0,0,0,0,288,510,493,-131,-163,-147,-97,-22,66,153,209,240,220,139,25,-95,-186,-243,-248,-191,-73,67,185,262,267,198,72,-88,-235,-314,-301,-201,-47,125,274,359,336,215,24,-175,-340,-408,-361,-208,8,240,416,481,390,179,-75,-320,-491,-526,-404,-141,162,436,585,572,399,113,-228,-513,-660,-618,-392,-52,308,599,729,649,390,14,-386,-683,-779,-659,-357,68,465,726,784,629,285,-136,-514,-744,-752,-551,-188,225,572,767,715,465,90,-319,-632,-744,-655,-382,0,371,634,722,592,273,-122,-463,-657,-663,-480,-151,201,493,636,600,378,44,-299,-523,-590,-485,-239,81,373,548,0,400,112,-190,-411,-522,-473,-270,5,276,460,490,358,133,-126,-334,-441,-407,-235,21,261,410,421,314,95,-158,-364,-451,-409,-236,13,281,459,482,343,112,-159,-405,-535,-496,-303,-15,281,487,543,443,204,-116,-409,-574,-575,-409,-112,229,516,653,586,365,29,-328,-583,-666,-568,-298,54,393,621,672,537,240,-115,-434,-623,-627,-450,-155,198,488,637,604,400,74,-274,-526,-625,-560,-343,-22,319,552,618,530,295,-32,-353,-568,-633,-539,-288,31,340,564,651,567,324,11,-281,-516,-634,-554,-339,-59,238,477,595,577,429,186,-104,-362,-526,-597,-551,-420,-236,-13,321,430
62164,mtk,MTK 7916,2152852349,rx2-tx0,512,0,0,0,0,0,0,0,0,0,0,0,0,0,0,0,0,0,0,0,0,0,0,0,0,0,0,0,0,0,0,0,0,0,0,0,0,0,0,0,0,0,0,0,0,0,0,0,0,0,0,0,0,0,0,0,0,0,0,0,0,0,0,0,0,0,0,0,0,0,0,0,0,0,0,0,0,0,0,0,0,0,0,0,0,0,0,0,0,0,0,0,0,0,0,0,0,0,0,0,0,0,0,0,0,0,0,0,0,0,0,0,0,0,0,0,0,0,0,0,0,0,0,0,0,0,0,0,0,0,0,0,0,0,0,0,0,0,0,0,0,0,0,0,0,0,0,0,0,0,0,0,0,0,0,0,0,0,0,0,0,0,0,0,0,0,0,0,0,0,0,0,0,0,0,0,0,0,0,0,0,0,0,0,0,0,0,0,0,0,0,0,0,0,0,0,0,0,0,0,0,0,0,0,0,0,0,0,0,0,0,0,0,0,0,0,0,0,0,0,0,0,0,0,0,0,0,0,0,0,0,0,0,0,0,0,0,0,0,0,0,0,0,0,0,0,0,0,0,0,0,0,0,0,0,0,0,794,-651,-717,112,92,45,-13,-77,-147,-196,-199,-170,-110,-18,89,168,210,196,141,59,-52,-156,-223,-233,-187,-99,7,131,229,258,228,142,23,-107,-196,-216,-189,-121,-19,88,173,196,157,78,-14,-116,-189,-191,-126,-39,61,153,182,163,110,9,-109,-186,-198,-159,-77,38,148,211,212,159,49,-91,-194,-233,-231,-149,-24,104,186,222,206,152,25,-95,-189,-212,-194,-118,-11,116,184,195,169,94,-22,-124,-194,-204,-147,-41,50,119,172,174,137,67,-22,-106,-158,-173,-148,-79,0,81,134,147,128,79,23,-39,-89,-112,-104,-78,-28,13,38,61,89,86,59,13,0,-58,-84,-93,-88,-66,-17,34,65,99,121,94,44,-7,-59,-117,-151,-156,-124,-48,52,126,164,161,106,32,-49,-130,-178,-160,-104,-34,42,128,183,178,112,25,-61,-141,-183,-173,-110,1,102,154,162,139,91,12,-80,-136,-150,-132,-78,1,65,103,93,45,-14,-56,-93,-109,-75,-11,35,75,115,123,79,30,-37,-115,-136,-122,-95,-27,42,91,126,125,87,23,-30,-84,-106,-102,-72,-23,32,53,46,34,21,5,-11,-21,-15,1,19,50,69,41,-5,-52,-88,-105,-96,-65,-13,42,102,145,160,145,98,27,-72,-160,-205,-206,-185,-137,-80,-21,-166,-351,0,0,0,0,0,0,0,0,0,0,0,0,0,0,0,0,0,0,0,0,0,0,0,0,0,0,0,0,0,0,0,0,0,0,0,0,0,0,0,0,0,0,0,0,0,0,0,0,0,0,0,0,0,0,0,0,0,0,0,0,0,0,0,0,0,0,0,0,0,0,0,0,0,0,0,0,0,0,0,0,0,0,0,0,0,0,0,0,0,0,0,0,0,0,0,0,0,0,0,0,0,0,0,0,0,0,0,0,0,0,0,0,0,0,0,0,0,0,0,0,0,0,0,0,0,0,0,0,0,0,0,0,0,0,0,0,0,0,0,0,0,0,0,0,0,0,0,0,0,0,0,0,0,0,0,0,0,0,0,0,0,0,0,0,0,0,0,0,0,0,0,0,0,0,0,0,0,0,0,0,0,0,0,0,0,0,0,0,0,0,0,0,0,0,0,0,0,0,0,0,0,0,0,0,0,0,0,0,0,0,0,0,0,0,0,0,0,0,0,0,0,0,0,0,0,0,0,0,0,0,0,0,0,0,0,0,0,0,0,0,0,0,0,0,0,0,0,0,0,0,0,0,0,0,0,0,572,-305,-105,74,128,163,179,168,125,56,-27,-114,-183,-208,-201,-145,-49,65,160,215,229,182,86,-36,-143,-210,-225,-203,-125,-8,110,196,233,209,139,28,-101,-190,-215,-174,-82,12,101,163,188,152,78,-40,-130,-165,-157,-119,-33,72,150,188,163,76,-30,-127,-191,-206,-153,-48,71,155,215,216,153,51,-64,-175,-229,-213,-149,-41,83,174,237,228,138,3,-116,-192,-215,-189,-111,-4,116,197,205,151,60,-46,-132,-182,-198,-152,-56,48,126,183,200,157,71,-19,-98,-152,-173,-138,-73,-3,49,110,144,121,69,23,-24,-70,-114,-102,-71,-30,3,27,61,93,0,88,47,-1,-42,-81,-110,-104,-81,-48,12,77,133,151,126,78,12,-72,-138,-160,-153,-122,-40,59,128,161,165,128,41,-60,-133,-163,-169,-117,-20,75,141,177,166,106,27,-63,-151,-201,-177,-100,-22,68,141,167,133,85,-5,-86,-128,-120,-92,-46,20,84,103,89,52,-1,-76,-118,-96,-66,-42,20,84,113,119,87,24,-42,-91,-124,-108,-70,-14,58,102,103,98,77,38,-11,-51,-84,-87,-51,-15,11,30,38,27,-4,-24,-16,-8,-7,30,74,79,66,48,0,-55,-112,-149,-136,-106,-48,22,98,157,196,191,147,75,-6,-85,-138,-161,-173,-696,-619
62165,mtk,MTK 7916,2152852349,rx2-tx1,512,0,0,0,0,0,0,0,0,0,0,0,0,0,0,0,0,0,0,0,0,0,0,0,0,0,0,0,0,0,0,0,0,0,0,0,0,0,0,0,0,0,0,0,0,0,0,0,0,0,0,0,0,0,0,0,0,0,0,0,0,0,0,0,0,0,0,0,0,0,0,0,0,0,0,0,0,0,0,0,0,0,0,0,0,0,0,0,0,0,0,0,0,0,0,0,0,0,0,0,0,0,0,0,0,0,0,0,0,0,0,0,0,0,0,0,0,0,0,0,0,0,0,0,0,0,0,0,0,0,0,0,0,0,0,0,0,0,0,0,0,0,0,0,0,0,0,0,0,0,0,0,0,0,0,0,0,0,0,0,0,0,0,0,0,0,0,0,0,0,0,0,0,0,0,0,0,0,0,0,0,0,0,0,0,0,0,0,0,0,0,0,0,0,0,0,0,0,0,0,0,0,0,0,0,0,0,0,0,0,0,0,0,0,0,0,0,0,0,0,0,0,0,0,0,0,0,0,0,0,0,0,0,0,0,0,0,0,0,0,0,0,0,0,0,0,0,0,0,0,0,0,0,0,0,0,0,381,-68,70,-53,-65,-69,-64,-57,-29,6,34,63,90,89,65,32,-7,-48,-85,-120,-123,-83,-12,46,95,147,159,121,57,-21,-116,-197,-217,-187,-103,-4,108,206,259,243,165,62,-76,-213,-303,-303,-215,-93,75,245,337,350,287,144,-63,-241,-371,-407,-337,-168,54,272,418,457,384,217,-20,-271,-438,-488,-420,-252,6,264,449,525,471,293,37,-220,-417,-527,-498,-327,-72,200,419,521,478,315,82,-174,-389,-478,-442,-294,-63,173,351,434,395,256,46,-180,-348,-415,-360,-211,-12,184,325,357,295,160,-32,-218,-339,-352,-266,-101,76,222,312,323,223,50,-118,-240,0,-275,-165,-9,152,262,298,249,135,-19,-161,-260,-282,-217,-92,51,180,252,242,174,51,-78,-194,-265,-249,-138,-3,121,223,271,220,93,-44,-159,-247,-262,-190,-59,85,215,282,269,196,43,-123,-232,-286,-293,-203,-49,99,227,294,279,197,63,-92,-221,-273,-236,-133,-32,72,170,232,226,145,33,-85,-185,-238,-219,-141,-21,90,171,206,180,113,14,-77,-162,-202,-186,-126,-35,65,143,192,190,141,67,-35,-133,-171,-175,-148,-108,-30,54,118,155,156,128,72,-8,-66,-102,-131,-143,-111,-51,9,53,98,122,126,104,54,3,-39,-75,-108,-118,-110,-98,-481,-368,0,0,0,0,0,0,0,0,0,0,0,0,0,0,0,0,0,0,0,0,0,0,0,0,0,0,0,0,0,0,0,0,0,0,0,0,0,0,0,0,0,0,0,0,0,0,0,0,0,0,0,0,0,0,0,0,0,0,0,0,0,0,0,0,0,0,0,0,0,0,0,0,0,0,0,0,0,0,0,0,0,0,0,0,0,0,0,0,0,0,0,0,0,0,0,0,0,0,0,0,0,0,0,0,0,0,0,0,0,0,0,0,0,0,0,0,0,0,0,0,0,0,0,0,0,0,0,0,0,0,0,0,0,0,0,0,0,0,0,0,0,0,0,0,0,0,0,0,0,0,0,0,0,0,0,0,0,0,0,0,0,0,0,0,0,0,0,0,0,0,0,0,0,0,0,0,0,0,0,0,0,0,0,0,0,0,0,0,0,0,0,0,0,0,0,0,0,0,0,0,0,0,0,0,0,0,0,0,0,0,0,0,0,0,0,0,0,0,0,0,0,0,0,0,0,0,0,0,0,0,0,0,0,0,0,0,0,0,0,0,0,0,0,0,0,0,0,0,0,0,0,0,0,0,0,0,-1037,539,545,21,6,-10,-31,-54,-78,-83,-70,-46,-5,35,64,81,101,96,70,22,-41,-107,-135,-134,-94,-37,39,109,159,181,162,97,3,-103,-180,-224,-219,-147,-20,102,207,287,279,203,66,-92,-236,-323,-339,-268,-124,70,255,371,386,317,155,-33,-228,-382,-435,-355,-188,29,249,425,475,413,243,6,-246,-439,-513,-445,-264,-19,239,438,523,478,316,64,-217,-431,-520,-487,-323,-76,174,394,512,474,311,81,-177,-383,-476,-441,-286,-60,167,338,418,382,237,39,-177,-333,-380,-322,-184,7,198,330,362,285,130,-56,-219,-320,-323,-233,-97,72,228,312,293,195,0,-134,-253,-300,-268,-154,2,144,255,286,231,114,-39,-185,-267,-276,-211,-77,75,192,255,254,168,34,-112,-209,-253,-231,-127,20,161,241,248,186,76,-72,-201,-279,-278,-191,-56,99,225,290,285,199,56,-104,-232,-296,-276,-182,-38,107,217,281,284,198,51,-98,-202,-257,-244,-156,-22,95,177,225,209,135,27,-89,-183,-223,-205,-130,-30,76,157,206,186,109,20,-71,-145,-200,-198,-132,-37,44,115,173,177,138,76,-9,-84,-141,-168,-159,-110,-43,27,92,132,149,135,98,40,-36,-97,-117,-126,-122,-79,-10,42,78,109,126,120,102,76,27,-29,-76,314,436
62166,mtk,MTK 7916,2152945136,rx0-tx0,512,-330,312,367,153,27,-101,-227,-331,-407,-455,-463,-447,-390,-292,-176,-62,54,173,278,364,409,434,414,369,298,204,102,-4,-107,-203,-282,-324,-360,-363,-341,-297,-230,-166,-76,15,89,164,228,276,309,314,298,266,237,181,112,31,-46,-111,-178,-230,-274,-291,-302,-285,-246,-210,-159,-84,-23,47,118,174,235,284,318,341,333,305,268,204,118,23,-76,-201,-303,-388,-443,-470,-464,-415,-338,-242,-103,40,187,324,438,526,569,576,528,447,318,159,7,-163,-327,-464,-557,-603,-627,-601,-522,-402,-261,-94,107,286,444,581,667,710,708,636,501,347,157,-61,-279,-470,-628,-733,-364,-780,-697,-572,-408,-186,54,279,494,659,780,836,823,743,600,406,182,-52,-289,-501,-671,-783,-834,-828,-750,-617,-430,-201,39,271,479,654,788,861,858,786,647,469,244,-9,-245,-472,-660,-787,-871,-886,-807,-664,-481,-255,-1,253,472,658,804,888,876,797,664,468,264,16,-248,-475,-659,-799,-864,-860,-797,-642,-435,-198,56,296,519,702,814,850,802,693,523,319,88,-150,-355,-543,-670,-725,-718,-660,-536,-374,-193,12,210,375,495,576,618,586,513,388,239,80,-93,-249,-380,-472,-525,-516,-462,-354,-209,-44,111,255,371,440,445,387,282,147,-9,-145,-235,-273,171,259,510,-496,-583,149,113,31,-70,-155,-223,-273,-278,-240,-181,-95,0,96,184,256,295,314,299,255,193,100,0,-90,-205,-288,-333,-356,-361,-323,-242,-149,-31,105,225,325,391,428,415,368,279,161,32,-109,-234,-330,-394,-433,-427,-367,-279,-183,-48,96,194,287,352,378,373,324,246,157,65,-44,-144,-218,-262,-285,-286,-265,-211,-137,-59,16,69,130,180,203,203,196,156,102,48,-15,-65,-107,-128,-129,-134,-131,-90,-58,-20,30,50,56,65,74,60,50,43,9,-14,-32,-52,-49,-56,-39,-11,-4,11,36,41,32,26,20,8,13,-3,-15,-21,-22,-12,-9,-5,4,-449,9,-1,-16,-30,-38,-56,-67,-67,-64,-39,-13,30,65,103,125,157,160,145,122,84,29,-47,-119,-184,-240,-271,-279,-259,-210,-141,-56,45,144,238,319,355,372,369,312,225,120,-2,-130,-242,-335,-412,-446,-453,-416,-332,-233,-109,28,160,280,383,454,498,487,431,365,256,114,-41,-177,-296,-413,-484,-507,-516,-476,-389,-274,-140,7,156,309,414,486,534,535,484,407,310,157,6,-130,-267,-363,-445,-497,-508,-477,-409,-307,-192,-62,78,196,299,386,431,460,455,406,342,250,140,8,-106,-220,-320,-397,-449,-462,-447,-399,-318,-212,-82,37,160,273,358,424,-103,-270,-82,310,252,-429,-459,-454,-411,-337,-236,-111,18,138,254,350,414,444,449,409,342,242,140,19,-100,-197,-288,-353,-395,-405,-383,-327,-253,-164,-77,25,107,185,244,305,342,334,312,286,236,169,92,10,-71,-128,-190,-248,-282,-305,-298,-282,-246,-190,-119,-50,18,92,149,195,253,281,294,301,276,243,198,142,67,-12,-103,-171,-245,-323,-373,-402,-405,-380,-323,-234,-124,-6,122,247,358,462,525,534,515,448,350,212,49,-108,-268,-399,-516,-577,-601,-599,-533,-427,-281,-131,32,205,367,501,597,667,671,607,520,386,219,40,-161,-371,-532,-644,-730,-755,-712,-613,-461,-268,-49,169,380,558,708,811,820,769,659,495,301,75,-167,-397,-594,-745,-828,-844,-803,-693,-527,-310,-72,170,392,576,737,829,859,814,702,541,346,109,-134,-362,-564,-727,-847,-877,-835,-736,-575,-375,-143,118,371,571,729,838,887,847,739,582,375,124,-141,-373,-579,-736,-837,-891,-849,-727,-569,-361,-109,135,381,605,753,848,859,797,684,501,272,19,-227,-442,-619,-731,-790,-767,-682,-543,-349,-136,74,275,457,582,656,677,630,526,385,228,41,-143,-304,-438,-515,-558,-550,-488,-378,-240,-83,81,231,365,459,494,470,401,283,133,-32,-183,-300,-367,-373,-312,-215,-99,448,388,-82,-460,-332,-123,-186,-236,-235,-199,-136,-46,59,150,225,276,298,285,246,174,88,-8,-103,-194,-266,-322,-332,-335,-293,-214,-115,-14,100,221,312,373,413,408,359,275,163,28,-110,-235,-343,-405,-444,-431,-369,-275,-163,-43,94,223,318,386,431,402,343,272,160,50,-65,-169,-251,-298,-331,-330,-294,-235,-161,-82,15,102,182,232,246,238,217,196,138,67,0,-63,-123,-155,-175,-175,-155,-122,-73,-35,8,56,85,89,103,98,74,60,36,-3,-42,-57,-69,-70,-48,-32,-13,5,10,40,43,36,42,26,3,-8,-11,-20,-15,-20,-26,-18,-10,-4,1,4,5,-5,26,-22,-25,-21,-19,-21,-16,9,37,69,81,97,106,100,88,63,23,-40,-90,-140,-182,-217,-230,-209,-173,-113,-30,51,141,218,280,311,326,301,262,176,71,-25,-136,-245,-318,-376,-407,-397,-348,-283,-177,-61,64,205,316,398,459,470,447,385,286,173,38,-114,-237,-348,-446,-507,-516,-478,-417,-323,-180,-52,90,235,359,450,503,525,511,447,340,224,82,-80,-224,-338,-434,-508,-517,-500,-437,-343,-230,-106,27,164,284,378,442,484,477,438,378,276,161,40,-97,-212,-308,-384,-439,-457,-441,-403,-331,-229,-114,11,130,246,342,415,447,448,429,363,278,173,-651,-610
62167,mtk,MTK 7916,2152945136,rx0-tx1,512,-686,29,58,514,622,694,709,667,590,460,296,121,-70,-261,-430,-572,-688,-758,-761,-715,-636,-490,-306,-107,103,329,531,690,810,882,897,836,719,544,322,72,-200,-469,-716,-914,-1041,-1111,-1097,-986,-784,-527,-243,101,448,764,1033,1228,1318,1323,1198,974,688,330,-67,-456,-820,-1122,-1333,-1444,-1442,-1325,-1108,-777,-400,12,428,808,1131,1356,1478,1479,1377,1163,856,472,60,-351,-739,-1071,-1311,-1435,-1451,-1363,-1173,-902,-551,-167,214,588,912,1166,1320,1384,1334,1192,969,667,316,-55,-422,-753,-1032,-1230,-1317,-1331,-1231,-1046,-784,-449,-92,269,614,911,1144,1284,1323,1258,1112,864,560,212,-150,-505,98,-1064,-1208,-1278,-1258,-1140,-923,-644,-315,33,368,692,958,1140,1264,1274,1176,1008,749,444,99,-262,-584,-873,-1101,-1240,-1283,-1233,-1072,-847,-563,-230,127,480,802,1067,1243,1328,1311,1190,981,692,352,-31,-430,-787,-1086,-1297,-1410,-1425,-1305,-1083,-773,-383,41,456,837,1169,1404,1499,1469,1316,1052,704,294,-157,-592,-943,-1220,-1400,-1456,-1391,-1189,-885,-506,-95,312,688,999,1214,1309,1279,1145,915,609,263,-99,-433,-720,-928,-1040,-1070,-1008,-850,-622,-355,-80,200,456,662,796,845,829,741,593,394,168,-54,-272,-468,-609,-684,-695,-637,-509,-327,-114,116,322,475,559,564,483,331,141,-42,20,11,0,-392,-541,130,82,2,-95,-181,-250,-289,-277,-227,-143,-28,89,203,289,350,366,343,286,191,74,-45,-169,-290,-381,-435,-438,-402,-335,-227,-106,47,192,335,443,516,545,520,435,313,145,-32,-205,-373,-506,-581,-615,-582,-494,-374,-218,-29,159,337,491,597,657,647,593,491,331,151,-41,-246,-415,-560,-663,-701,-683,-597,-465,-294,-96,114,321,511,657,740,770,713,601,439,240,17,-224,-435,-598,-721,-773,-768,-697,-552,-356,-129,100,319,504,649,728,745,704,597,435,245,39,-176,-360,-516,-621,-657,-655,-591,-484,-348,-182,-10,171,327,443,527,574,565,513,420,304,166,-282,-109,-244,-352,-424,-467,-483,-457,-396,-318,-211,-101,11,128,235,313,383,416,422,405,364,299,213,108,-3,-104,-214,-307,-381,-425,-451,-445,-419,-363,-280,-165,-39,94,236,360,473,536,586,603,551,455,321,152,-45,-225,-399,-558,-671,-741,-741,-672,-558,-392,-186,41,255,454,619,738,799,792,718,598,432,210,-21,-253,-444,-604,-725,-775,-777,-721,-607,-456,-261,-45,165,372,542,668,743,757,715,625,485,314,123,-79,-262,-427,-564,-657,-698,-695,-641,-525,-388,-229,-56,128,304,441,570,648,669,656,593,476,347,185,6,-164,-334,-488,-605,-659,-674,-653,-574,-455,439,196,9,151,145,458,310,139,-54,-234,-401,-555,-652,-711,-725,-681,-593,-465,-308,-118,89,279,465,634,739,798,817,783,678,531,338,115,-133,-376,-593,-785,-927,-1001,-995,-916,-766,-558,-297,-17,296,603,866,1057,1184,1233,1171,1010,773,451,105,-270,-648,-952,-1195,-1361,-1412,-1352,-1174,-895,-552,-162,247,635,986,1257,1420,1484,1420,1251,982,638,236,-187,-591,-959,-1243,-1427,-1496,-1454,-1295,-1026,-672,-284,107,495,848,1139,1340,1416,1398,1280,1067,774,424,48,-335,-679,-967,-1183,-1312,-1347,-1288,-1118,-884,-562,-217,148,517,825,1090,1258,1326,1307,1184,969,672,326,-35,-379,-708,-983,-1182,-1290,-1290,-1200,-999,-732,-425,-97,260,602,896,1108,1239,1273,1219,1073,825,537,209,-153,-489,-788,-1025,-1180,-1259,-1236,-1118,-932,-659,-328,24,385,703,954,1152,1269,1291,1221,1055,794,469,110,-255,-612,-923,-1168,-1330,-1386,-1327,-1159,-898,-561,-187,219,625,960,1239,1413,1457,1389,1212,931,552,120,-306,-712,-1051,-1312,-1464,-1495,-1371,-1131,-818,-429,1,432,819,1128,1322,1403,1358,1193,917,575,187,-196,-554,-866,-1081,-1191,-1186,-1083,-890,-618,-315,2,315,588,793,906,946,911,797,618,387,139,-111,-341,-534,-677,-752,-754,-691,-564,-384,-172,46,257,441,569,642,633,537,378,179,-33,-234,-379,-446,-428,126,128,0,400,112,-124,-183,-224,-221,-179,-103,1,114,210,288,326,318,275,199,94,-27,-143,-252,-335,-385,-398,-374,-305,-199,-71,66,195,321,410,468,487,459,389,273,131,-36,-214,-359,-487,-561,-579,-553,-472,-338,-177,5,203,367,498,597,645,624,554,434,270,85,-114,-302,-469,-592,-657,-679,-640,-548,-419,-236,-30,189,387,550,666,726,725,667,549,372,172,-58,-281,-477,-636,-737,-788,-758,-653,-502,-305,-74,151,377,565,705,775,771,702,579,405,192,-27,-246,-440,-584,-672,-711,-682,-598,-473,-295,-102,87,270,418,532,600,622,594,509,394,253,85,-75,-228,-357,-450,-507,288,-507,-451,-357,-249,-121,3,136,244,334,409,441,452,431,370,296,202,88,-17,-123,-220,-309,-381,-420,-430,-418,-389,-316,-233,-132,-12,98,209,315,403,472,504,515,484,422,311,174,40,-137,-301,-452,-576,-664,-685,-640,-568,-439,-271,-73,153,352,524,666,752,780,744,653,503,313,92,-138,-357,-536,-693,-788,-811,-765,-656,-515,-327,-117,96,305,493,638,744,773,752,683,553,384,187,-25,-222,-406,-564,-665,-723,-724,-674,-577,-435,-263,-75,108,292,447,555,638,676,670,604,506,376,206,34,-144,-319,-469,-569,-651,-676,-650,-590,-481,-332,-166,3,193,360,495,373,548
62168,mtk,MTK 7916,2152945136,rx1-tx0,512,0,-58,-84,391,344,276,184,81,-31,-135,-213,-272,-315,-328,-309,-268,-212,-130,-35,47,125,199,248,278,291,274,217,157,89,-1,-89,-164,-226,-286,-297,-274,-226,-166,-85,11,106,190,269,306,309,279,212,140,54,-53,-163,-253,-306,-328,-313,-280,-199,-110,-20,86,177,250,299,308,292,268,222,162,75,-29,-120,-179,-249,-295,-315,-319,-299,-254,-179,-91,0,112,193,267,331,378,385,360,299,230,136,25,-93,-201,-315,-403,-457,-477,-448,-397,-303,-175,-45,108,259,396,505,581,591,550,475,350,193,6,-185,-371,-518,-628,-676,-668,-608,-476,-310,-127,83,286,470,604,794,737,691,587,444,248,29,-189,-387,-554,-669,-732,-733,-669,-544,-369,-166,56,285,477,623,706,729,695,612,459,274,67,-152,-343,-504,-610,-687,-686,-634,-529,-371,-195,0,196,363,499,594,632,622,560,445,297,122,-62,-232,-384,-491,-566,-586,-553,-472,-349,-204,-46,121,280,392,471,513,508,454,370,248,110,-40,-169,-279,-357,-391,-401,-368,-308,-230,-125,-39,51,141,196,258,280,276,244,199,154,84,20,-39,-95,-144,-173,-197,-193,-185,-168,-122,-83,-49,-7,56,101,135,171,190,182,172,144,95,37,-32,-104,-165,-195,-204,-189,-139,-79,-6,67,126,151,59,13,0,-275,-165,-174,-283,-338,-329,-269,-148,-1,157,298,387,440,442,386,278,144,-6,-156,-293,-397,-461,-482,-464,-388,-276,-157,-5,149,277,388,472,514,502,454,365,235,96,-60,-220,-361,-472,-531,-570,-557,-475,-373,-227,-63,111,275,420,534,578,586,563,485,363,214,42,-135,-289,-424,-541,-607,-613,-565,-482,-345,-192,-39,119,273,406,500,562,572,535,464,349,219,70,-82,-215,-339,-429,-489,-524,-512,-476,-399,-285,-171,-28,101,231,348,434,501,528,517,466,373,254,109,-35,-183,-317,-436,-511,-545,-540,-506,-432,-311,-169,0,154,297,411,496,551,565,536,454,351,212,381,-92,-235,-364,-459,-524,-542,-523,-463,-379,-263,-124,17,148,277,390,459,499,511,485,431,354,248,120,-22,-150,-264,-376,-464,-531,-558,-555,-500,-409,-292,-128,50,209,370,512,611,657,673,629,526,388,207,16,-180,-368,-531,-652,-717,-733,-687,-584,-451,-263,-62,152,364,520,651,732,748,719,622,459,285,90,-137,-345,-504,-629,-714,-723,-677,-589,-445,-274,-93,101,295,452,566,610,637,611,533,418,270,107,-56,-213,-356,-450,-516,-543,-526,-466,-366,-259,-138,-6,136,259,371,461,496,497,451,387,291,166,24,-117,-225,-340,-430,-468,-468,-426,-352,-239,-119,5,-118,-240,0,88,47,-74,-181,-263,-326,-361,-361,-330,-271,-196,-106,-10,81,151,225,282,303,297,274,217,152,78,-9,-111,-187,-233,-270,-286,-267,-222,-169,-91,13,97,174,238,288,304,286,236,167,67,-38,-144,-224,-278,-314,-320,-282,-205,-122,-24,75,172,244,281,313,316,275,200,108,6,-69,-146,-216,-271,-316,-320,-283,-251,-197,-113,-35,58,149,233,295,328,348,346,296,241,164,57,-50,-150,-239,-315,-383,-416,-407,-376,-307,-210,-97,32,158,287,398,475,518,525,475,379,263,110,-62,-215,-376,-510,-599,-635,-610,-545,-426,-264,-64,144,345,511,627,695,715,657,536,373,572,-31,-249,-429,-585,-690,-735,-714,-634,-500,-315,-107,115,331,514,647,725,747,696,574,408,209,5,-207,-412,-577,-682,-724,-699,-612,-483,-324,-137,78,270,439,564,645,676,641,545,406,239,61,-119,-294,-438,-537,-600,-601,-563,-468,-333,-187,-8,157,315,440,518,557,542,472,366,240,96,-71,-214,-330,-415,-454,-459,-414,-344,-228,-121,1,128,214,294,325,323,326,275,217,158,66,-13,-93,-149,-196,-230,-226,-219,-188,-153,-108,-57,-10,31,90,132,152,165,180,171,147,117,73,15,-34,-77,-129,-166,-188,-194,-178,-132,-68,-1,77,138,171,183,165,114,55,61,93,0,-134,-253,-210,-129,3,139,265,365,408,394,310,189,50,-100,-253,-373,-439,-465,-444,-375,-263,-129,22,167,312,407,468,500,473,407,318,192,39,-106,-252,-386,-477,-531,-543,-506,-421,-294,-154,-3,176,334,454,547,581,571,516,426,290,128,-23,-194,-355,-486,-567,-599,-581,-517,-427,-290,-113,66,218,361,485,553,583,564,507,403,276,128,-31,-178,-312,-427,-501,-545,-534,-486,-410,-302,-183,-50,93,216,340,415,473,509,493,456,378,280,165,25,-127,-273,-398,-494,-547,-554,-521,-448,-341,-213,-69,80,233,376,477,549,572,544,487,388,273,129,-35,-201,-339,-447,-518,-1037,-552,-513,-425,-304,-165,-11,136,273,372,462,512,526,501,442,346,234,113,-23,-153,-270,-372,-455,-509,-528,-499,-451,-378,-269,-139,10,168,317,435,542,615,627,596,531,417,265,93,-89,-282,-441,-575,-671,-707,-694,-621,-504,-332,-143,63,269,453,604,712,753,746,658,528,370,172,-30,-238,-444,-582,-668,-733,-742,-674,-542,-380,-178,33,223,398,544,632,674,675,617,509,344,182,15,-170,-324,-457,-545,-588,-582,-540,-454,-340,-211,-51,101,247,360,442,501,522,502,441,352,222,85,-64,-193,-305,-406,-464,-488,-458,-406,-337,-218,-81,57,183,295,372,407,412,293,195
62169,mtk,MTK 7916,2152945136,rx1-tx1,512,0,0,0,922,844,561,137,-329,-718,-928,-901,-638,-215,257,673,922,939,716,317,-153,-592,-887,-948,-772,-415,43,499,830,947,823,497,53,-398,-734,-891,-815,-538,-134,297,647,815,778,549,186,-210,-547,-744,-743,-540,-205,165,488,678,696,529,229,-120,-427,-624,-658,-522,-252,67,357,549,601,496,272,-7,-269,-448,-506,-431,-255,-30,202,356,398,339,203,20,-155,-263,-280,-206,-85,54,169,215,191,100,-30,-160,-241,-246,-174,-31,131,266,322,295,180,15,-175,-333,-426,-399,-260,-35,192,385,491,474,327,88,-193,-424,-556,-546,-408,-160,145,427,611,642,505,244,-78,0,-614,-699,-610,-376,-47,305,586,732,712,502,168,-188,-499,-699,-733,-587,-307,44,391,644,739,647,401,71,-272,-547,-694,-670,-478,-189,141,436,612,626,500,270,-37,-344,-545,-597,-515,-310,-33,249,468,559,518,349,100,-168,-395,-516,-503,-374,-152,93,301,440,479,404,228,12,-212,-371,-434,-387,-255,-84,96,258,351,360,286,155,-16,-158,-248,-259,-230,-156,-63,49,142,179,165,124,57,-20,-74,-97,-91,-57,-13,25,48,53,36,0,-42,-73,-83,-72,-32,8,53,99,120,110,73,24,-28,-79,-120,-136,-127,-87,-30,22,70,102,117,112,97,69,29,0,0,0,0,0,19,23,28,30,31,26,23,18,21,26,22,2,-28,-60,-86,-99,-102,-80,-41,18,77,131,162,174,150,86,-5,-90,-169,-224,-226,-188,-114,-4,121,221,273,265,200,95,-35,-164,-254,-287,-271,-203,-88,47,160,228,238,212,143,28,-67,-129,-166,-164,-120,-65,2,47,59,60,51,24,2,2,23,55,94,105,82,28,-57,-153,-224,-255,-221,-113,27,177,312,403,393,280,102,-109,-337,-502,-547,-471,-282,-6,281,523,661,644,477,196,-150,-468,-680,-737,-632,-372,-16,363,661,798,756,543,192,-218,-580,-813,-851,-680,-351,70,479,762,869,769,476,0,-341,-667,-836,-813,-593,-235,188,557,782,807,629,303,-88,-459,-716,-786,-657,-361,26,393,653,758,666,396,33,-324,-595,-721,-655,-421,-88,266,548,683,636,423,110,-230,-510,-646,-609,-407,-110,208,464,590,560,373,88,-210,-445,-558,-506,-312,-41,239,451,530,457,250,-41,-329,-525,-580,-470,-213,113,416,622,662,520,230,-137,-483,-720,-778,-631,-308,116,520,796,881,743,419,-19,-475,-814,-942,-845,-531,-83,392,775,970,922,644,201,-289,-700,-940,-948,-716,-308,177,626,909,954,762,378,-101,-556,-860,-950,-801,-447,31,484,803,922,810,484,36,-418,-762,-910,0,0,0,0,0,-103,349,722,916,868,602,187,-286,-694,-918,-911,-667,-248,221,629,898,945,744,353,-110,-549,-855,-949,-803,-458,-1,444,775,921,825,516,99,-340,-687,-852,-795,-548,-164,258,602,785,769,556,203,-197,-526,-716,-725,-548,-228,137,459,661,684,529,250,-92,-404,-606,-639,-514,-271,37,315,502,560,481,276,3,-236,-399,-462,-401,-234,-33,156,296,339,288,156,-4,-145,-226,-227,-149,-29,102,207,233,167,49,-88,-211,-290,-283,-177,-15,149,290,374,355,221,34,-175,-352,-449,-426,-283,-56,198,412,526,520,373,113,-177,-430,-583,-601,-473,-209,109,401,605,660,0,317,-13,-344,-602,-718,-652,-437,-115,248,555,722,719,543,238,-124,-454,-682,-750,-630,-360,-10,340,597,712,674,463,138,-201,-491,-655,-659,-503,-225,91,374,562,618,516,288,-3,-287,-507,-586,-501,-305,-48,216,426,526,496,342,114,-132,-342,-477,-493,-385,-195,48,272,417,453,395,251,53,-161,-323,-402,-381,-282,-128,42,197,288,309,249,144,16,-102,-189,-222,-206,-155,-57,42,107,133,125,99,45,-18,-60,-73,-67,-32,13,49,62,51,29,-4,-46,-85,-97,-92,-62,-9,49,101,128,122,96,55,0,-56,-108,-138,-136,-115,-79,-35,14,51,73,84,0,0,0,0,0,-22,-13,-3,7,15,11,6,12,23,36,48,58,61,56,36,0,-41,-79,-114,-136,-129,-95,-37,39,109,166,200,193,132,38,-66,-159,-238,-270,-242,-162,-49,88,203,277,295,254,155,34,-92,-208,-273,-265,-206,-103,6,91,159,206,196,132,57,-16,-76,-105,-109,-97,-53,-11,15,25,5,-26,-38,-28,-6,47,120,173,188,141,52,-53,-168,-273,-335,-314,-213,-38,157,339,466,487,382,187,-55,-313,-517,-610,-561,-378,-95,228,515,683,706,559,273,-81,-423,-669,-773,-712,-471,-107,285,615,804,809,616,270,-140,-519,-787,-868,-727,-418,-18,390,704,0,811,553,165,-262,-621,-816,-813,-616,-267,136,500,742,796,648,332,-54,-419,-686,-772,-657,-380,-14,360,638,748,661,412,66,-292,-579,-700,-633,-416,-102,246,522,656,618,418,112,-217,-483,-622,-587,-400,-97,211,449,554,521,351,78,-217,-440,-533,-469,-269,-2,272,472,543,452,226,-76,-364,-564,-610,-489,-209,144,472,681,718,566,260,-127,-504,-764,-835,-683,-358,61,479,794,911,797,477,33,-427,-789,-960,-893,-601,-145,349,753,972,944,675,247,-239,-670,-932,-964,-749,-340,146,594,892,957,778,412,-55,-512,-833,-938,-804,-461,-6,446,779,916,830,518,60,0,0
62170,mtk,MTK 7916,2152945136,rx2-tx0,512,0,0,0,57,-584,-1104,-1359,-1263,-845,-219,470,1055,1373,1345,983,380,-318,-943,-1325,-1370,-1064,-502,188,827,1255,1365,1119,594,-79,-729,-1183,-1321,-1122,-635,11,653,1125,1299,1122,663,46,-577,-1044,-1234,-1104,-683,-101,499,959,1162,1052,673,129,-438,-868,-1066,-979,-624,-104,412,806,976,871,541,65,-423,-771,-891,-770,-428,28,456,756,844,683,323,-120,-518,-782,-821,-617,-246,208,615,842,829,580,166,-303,-702,-908,-854,-562,-95,414,819,1003,920,573,65,-486,-925,-1119,-1016,-645,-89,514,993,1235,1149,755,161,-497,-1051,-1341,-1284,-892,-258,456,1068,1413,1404,1048,418,-333,-1016,-1443,-1510,0,-607,177,914,1426,1588,1350,765,-8,-777,-1354,-1592,-1429,-912,-171,612,1241,1559,1485,1039,327,-461,-1118,-1483,-1477,-1096,-443,307,969,1395,1454,1142,536,-203,-883,-1338,-1445,-1167,-584,141,819,1285,1428,1198,646,-72,-759,-1248,-1431,-1244,-728,-20,692,1233,1462,1322,847,143,-588,-1179,-1490,-1431,-1005,-348,403,1065,1459,1476,1141,547,-182,-869,-1329,-1470,-1242,-718,-47,620,1138,1370,1272,873,277,-370,-909,-1216,-1222,-932,-440,130,660,1017,1127,966,576,73,-435,-824,-991,-923,-650,-246,194,576,811,846,694,399,30,-338,-615,-738,-701,-517,-237,65,338,542,626,575,423,218,5,-178,-307,-364,0,0,0,0,0,-201,-347,-461,-511,-473,-343,-132,131,400,608,718,694,527,235,-113,-461,-724,-846,-787,-555,-190,232,610,863,934,793,461,15,-438,-809,-1002,-967,-705,-266,233,697,1011,1085,907,530,22,-490,-898,-1098,-1040,-740,-276,249,703,990,1046,863,473,-14,-486,-839,-976,-868,-568,-136,320,680,849,804,573,211,-199,-535,-732,-737,-563,-264,97,420,617,650,519,257,-40,-307,-494,-553,-457,-251,-4,217,377,419,348,200,16,-161,-281,-313,-244,-111,26,140,200,186,118,13,-91,-166,-164,-100,8,128,218,237,167,31,-130,-268,-352,-354,-248,-36,199,406,525,508,347,90,-214,0,-660,-672,-516,-214,168,518,758,817,673,355,-66,-488,-802,-928,-824,-517,-70,415,798,981,934,667,223,-292,-736,-993,-1003,-769,-354,151,621,937,1009,831,451,-34,-513,-854,-981,-846,-509,-61,387,739,882,800,522,112,-305,-624,-764,-694,-447,-94,273,552,664,589,360,45,-283,-512,-582,-490,-270,32,316,500,539,431,188,-110,-367,-510,-497,-346,-96,186,418,529,478,284,3,-286,-501,-577,-480,-233,92,402,604,649,504,215,-152,-500,-717,-744,-570,-234,178,565,813,852,660,280,-191,-626,-906,-951,-749,-343,171,656,976,1060,866,424,-131,-658,-1036,-1160,-983,-543,52,0,0,0,0,0,1316,1189,756,127,-539,-1078,-1377,-1323,-933,-304,404,1003,1353,1367,1035,450,-246,-892,-1298,-1362,-1096,-550,138,777,1217,1347,1121,609,-55,-704,-1157,-1294,-1111,-645,-20,609,1087,1271,1119,679,73,-541,-1010,-1202,-1076,-682,-123,468,923,1116,1001,638,122,-422,-838,-1022,-920,-575,-88,407,783,932,828,493,25,-440,-764,-868,-726,-384,64,486,768,822,640,278,-159,-572,-817,-829,-593,-189,264,649,860,831,568,128,-357,-755,-955,-883,-559,-74,442,867,1063,972,616,75,-515,-976,-1186,-1088,-694,-107,518,1031,1289,1214,824,204,-482,-1060,-1380,-1355,-974,-336,403,1050,1441,1472,1131,503,-254,0,-1443,-1560,-1286,-686,94,853,1404,1601,1398,843,73,-708,-1312,-1592,-1480,-996,-259,535,1177,1527,1491,1077,401,-374,-1053,-1452,-1471,-1128,-502,248,927,1363,1444,1152,560,-174,-856,-1305,-1416,-1167,-620,87,780,1267,1419,1203,680,-27,-732,-1243,-1438,-1260,-767,-81,649,1220,1488,1384,930,237,-514,-1130,-1476,-1458,-1078,-437,301,965,1392,1471,1193,636,-72,-751,-1240,-1427,-1267,-806,-164,505,1027,1293,1254,910,360,-256,-792,-1121,-1173,-957,-519,38,554,917,1062,955,633,165,-324,-708,-904,-900,-695,-332,88,463,713,802,715,467,131,-207,-484,-644,-663,-555,-347,-78,181,379,494,511,440,314,161,0,0,0,0,0,332,250,115,-71,-280,-477,-612,-640,-543,-338,-55,265,559,746,787,663,392,20,-360,-680,-867,-877,-680,-320,110,525,837,964,879,589,150,-343,-765,-1020,-1041,-821,-410,109,605,972,1117,996,647,154,-370,-811,-1068,-1074,-820,-374,144,610,919,1005,858,514,57,-409,-761,-917,-849,-575,-173,253,599,780,769,577,233,-146,-475,-673,-704,-549,-274,56,353,541,591,494,275,-8,-271,-444,-486,-404,-228,-7,199,333,365,296,155,-15,-157,-247,-253,-172,-60,58,140,172,138,46,-66,-143,-185,-170,-77,66,206,297,294,193,27,-169,-353,-454,-438,-300,-69,216,459,591,580,0,133,-209,-523,-717,-744,-591,-273,122,507,788,876,748,431,-5,-454,-805,-972,-899,-595,-146,343,753,984,977,720,275,-229,-683,-970,-1012,-799,-398,96,563,885,985,850,496,11,-461,-799,-932,-837,-527,-93,346,672,816,746,487,109,-288,-582,-711,-649,-419,-68,278,533,629,542,302,-2,-294,-506,-570,-465,-222,69,330,494,515,378,135,-146,-385,-516,-498,-326,-44,242,461,552,482,271,-28,-332,-547,-607,-490,-229,109,436,657,692,534,216,-175,-533,-757,-790,-611,-251,192,603,863,903,707,311,-182,-636,-938,-1005,-809,-390,151,661,1011,1109,926,487,-87,-647,-1054,-1201,0,0
62171,mtk,MTK 7916,2152945136,rx2-tx1,512,0,0,0,-93,195,429,548,526,380,152,-97,-322,-450,-465,-366,-182,38,243,365,382,297,152,-28,-186,-290,-305,-234,-105,46,172,238,231,168,65,-44,-125,-169,-163,-104,-18,61,110,110,67,8,-57,-93,-84,-49,22,113,179,184,126,12,-119,-242,-323,-324,-229,-54,156,344,460,478,372,150,-128,-383,-562,-615,-503,-265,50,362,597,684,600,355,20,-332,-608,-730,-667,-437,-82,305,622,789,753,521,161,-247,-606,-819,-831,-625,-261,186,592,845,888,716,357,-93,-524,-821,-925,-806,-468,-14,423,768,922,840,552,132,-321,-687,-877,-855,-613,-226,209,568,787,809,622,0,-110,-462,-691,-736,-583,-284,79,400,598,627,509,252,-83,-383,-557,-573,-418,-150,145,408,565,540,345,51,-252,-503,-640,-588,-355,-1,376,674,806,723,426,-3,-456,-829,-1010,-920,-595,-106,451,920,1179,1167,862,322,-314,-913,-1310,-1399,-1160,-633,66,756,1276,1519,1406,953,267,-513,-1173,-1556,-1570,-1221,-595,162,901,1441,1644,1462,947,212,-575,-1220,-1573,-1566,-1207,-588,152,846,1349,1532,1350,882,237,-444,-1006,-1321,-1323,-1039,-548,52,617,1023,1179,1069,716,232,-268,-686,-933,-965,-792,-456,-35,373,674,810,772,581,279,-65,-378,-591,-677,-634,-483,-263,-26,190,347,420,415,0,0,0,0,0,276,343,364,319,216,68,-109,-279,-402,-459,-441,-331,-149,64,263,403,463,429,289,88,-132,-320,-439,-456,-376,-199,36,260,408,460,409,260,32,-210,-402,-506,-483,-332,-105,146,371,505,524,422,212,-53,-312,-502,-575,-501,-316,-66,210,442,560,544,399,161,-108,-352,-516,-557,-459,-236,20,251,422,504,473,319,92,-139,-316,-417,-410,-300,-117,73,218,304,306,226,84,-63,-180,-235,-227,-142,-22,99,195,232,204,122,-7,-146,-244,-270,-224,-118,30,163,262,296,248,132,-2,-146,-271,-328,-296,-192,-46,112,238,309,310,231,93,-50,-186,-285,-300,-246,-140,0,109,207,248,219,156,74,-19,-98,-140,-147,-133,-98,-52,-14,10,26,42,63,75,86,100,114,101,58,-1,-83,-181,-246,-253,-207,-114,24,177,299,366,353,249,78,-132,-326,-455,-461,-357,-170,50,265,441,519,461,281,29,-236,-449,-557,-526,-360,-111,171,416,554,544,414,178,-111,-368,-529,-555,-433,-204,71,331,507,540,437,223,-56,-335,-517,-555,-462,-241,50,321,516,576,482,256,-38,-326,-537,-619,-540,-310,12,315,546,644,577,362,48,-279,-542,-670,-629,-424,-112,226,506,669,657,480,194,-138,-446,-638,-675,-541,-278,48,363,590,655,561,332,31,0,0,0,0,0,-573,-544,-383,-126,154,382,510,499,370,163,-78,-284,-415,-430,-338,-170,24,203,318,331,255,122,-33,-175,-252,-253,-197,-90,45,164,212,199,132,38,-51,-119,-150,-136,-75,16,80,93,71,17,-49,-103,-130,-100,-13,91,197,262,245,164,28,-141,-303,-405,-410,-297,-87,157,376,514,541,431,205,-86,-371,-576,-644,-555,-308,22,344,588,704,644,409,55,-316,-605,-753,-714,-477,-112,287,622,803,780,560,194,-235,-613,-845,-864,-658,-291,147,561,845,915,762,424,-24,-479,-813,-931,-824,-516,-86,371,739,916,847,586,189,-251,-620,-826,-835,-627,-266,153,527,0,785,618,294,-81,-413,-630,-681,-540,-259,77,377,570,609,477,209,-102,-385,-567,-564,-391,-118,199,457,591,548,345,21,-323,-595,-712,-643,-378,14,417,734,882,807,499,37,-472,-885,-1097,-1048,-722,-200,393,922,1259,1294,1009,469,-197,-848,-1317,-1483,-1298,-794,-89,644,1233,1549,1510,1106,424,-363,-1060,-1514,-1627,-1359,-775,-15,756,1353,1623,1528,1089,397,-376,-1041,-1467,-1566,-1301,-748,-42,661,1196,1435,1357,984,404,-256,-829,-1190,-1287,-1094,-657,-114,430,854,1059,1019,762,354,-113,-529,-803,-893,-786,-518,-156,221,533,715,740,619,387,99,-183,-409,-550,-586,-516,-371,-201,-43,0,0,0,0,0,-158,-38,91,231,352,425,428,357,215,27,-174,-347,-455,-469,-394,-229,-16,193,363,459,455,342,152,-77,-291,-427,-464,-388,-224,3,238,410,490,452,296,68,-180,-390,-517,-521,-397,-170,95,348,521,565,459,261,-3,-273,-479,-570,-535,-362,-98,186,414,551,551,423,202,-64,-315,-475,-527,-467,-300,-60,197,383,463,433,310,118,-92,-269,-361,-355,-262,-115,40,180,274,277,187,56,-70,-174,-239,-227,-129,4,128,222,258,213,100,-30,-159,-254,-288,-242,-134,21,157,261,313,278,181,37,-128,-257,-313,-299,-213,-68,80,206,285,300,227,101,-28,-148,-258,0,-249,-163,-55,57,154,213,216,170,98,25,-37,-74,-95,-102,-95,-70,-49,-46,-40,-21,3,44,99,150,181,181,131,36,-68,-175,-275,-317,-279,-171,-16,158,310,401,399,298,122,-88,-300,-450,-485,-401,-224,10,258,466,548,495,328,76,-203,-428,-557,-550,-404,-149,144,388,537,553,428,200,-80,-346,-513,-549,-452,-235,56,325,506,554,460,227,-64,-341,-524,-572,-467,-247,52,346,543,599,509,281,-27,-336,-556,-634,-553,-325,-20,305,558,659,590,386,86,-246,-525,-668,-646,-463,-161,187,483,655,667,523,240,-103,-406,-607,-654,-544,-311,-1,318,546,628,0,0
62172,mtk,MTK 7916,2153032142,rx0-tx0,512,0,0,0,0,0,0,0,0,0,0,0,0,0,0,0,0,0,0,0,0,0,0,0,0,0,0,0,0,0,0,0,0,0,0,0,0,0,0,0,0,0,0,0,0,0,0,0,0,0,0,0,0,0,0,0,0,0,0,0,0,0,0,0,0,0,0,0,0,0,0,0,0,0,0,0,0,0,0,0,0,0,0,0,0,0,0,0,0,0,0,0,0,0,0,0,0,0,0,0,0,0,0,0,0,0,0,0,0,0,0,0,0,0,0,0,0,0,0,0,0,0,0,0,0,0,0,0,0,0,0,0,0,0,0,0,0,0,0,0,0,0,0,0,0,0,0,0,0,0,0,0,0,0,0,0,0,0,0,0,0,0,0,0,0,0,0,0,0,0,0,0,0,0,0,0,0,0,0,0,0,0,0,0,0,0,0,0,0,0,0,0,0,0,0,0,0,0,0,0,0,0,0,0,0,0,0,0,0,0,0,0,0,0,0,0,0,0,0,0,0,0,0,0,0,0,0,0,0,0,0,0,0,0,0,0,0,0,0,0,0,0,0,0,0,0,0,0,0,0,0,0,0,0,0,0,0,-364,406,222,-91,-551,-888,-850,-470,101,666,1020,1087,845,379,-217,-750,-1119,-1235,-1037,-585,35,660,1144,1376,1297,907,302,-391,-1021,-1420,-1502,-1270,-751,-35,678,1260,1570,1572,1203,613,-109,-811,-1366,-1647,-1585,-1199,-535,203,908,1448,1686,1590,1193,545,-207,-943,-1479,-1724,-1632,-1219,-546,203,900,1437,1698,1612,1191,543,-195,-900,-1439,-1665,-1558,-1150,-530,166,846,1317,1537,1447,1101,535,-120,-702,-1136,-1356,-1317,-1023,-556,-9,523,922,1172,1181,984,604,143,-336,-742,-987,-1049,-922,-630,-227,175,530,805,917,853,634,315,-41,-372,-609,-735,-733,-596,-348,-75,197,405,520,564,522,367,202,18,-164,-330,-387,-431,-403,-328,-224,-116,71,234,343,426,455,427,338,177,-16,-255,-458,-587,-642,-599,-440,-175,140,465,714,858,841,654,340,-73,-485,-820,-1036,-1054,-863,-499,-10,504,940,1198,1231,1018,604,81,-492,-968,-1262,-1345,-1144,-703,-154,454,1010,1347,1442,1256,828,236,-396,-981,-1388,-1534,-1368,-940,-330,345,979,1435,1584,1434,1001,355,-365,-1018,-1475,-1653,-1491,-1016,-338,429,1096,1561,1682,1488,984,260,-512,-1188,-1609,-1693,-1413,-833,-82,694,1299,1620,1600,1219,594,-164,-886,-1405,-1604,-1450,-984,-300,437,1057,1442,1497,1231,664,-44,-756,-1308,-1552,-1396,-862,-71,759,1388,1578,1235,467,-349,757,688,0,0,0,0,0,0,0,0,0,0,0,0,0,0,0,0,0,0,0,0,0,0,0,0,0,0,0,0,0,0,0,0,0,0,0,0,0,0,0,0,0,0,0,0,0,0,0,0,0,0,0,0,0,0,0,0,0,0,0,0,0,0,0,0,0,0,0,0,0,0,0,0,0,0,0,0,0,0,0,0,0,0,0,0,0,0,0,0,0,0,0,0,0,0,0,0,0,0,0,0,0,0,0,0,0,0,0,0,0,0,0,0,0,0,0,0,0,0,0,0,0,0,0,0,0,0,0,0,0,0,0,0,0,0,0,0,0,0,0,0,0,0,0,0,0,0,0,0,0,0,0,0,0,0,0,0,0,0,0,0,0,0,0,0,0,0,0,0,0,0,0,0,0,0,0,0,0,0,0,0,0,0,0,0,0,0,0,0,0,0,0,0,0,0,0,0,0,0,0,0,0,0,0,0,0,0,0,0,0,0,0,0,0,0,0,0,0,0,0,0,0,0,0,0,0,0,0,0,0,0,0,0,0,0,0,0,0,0,0,0,0,0,0,0,0,0,0,0,0,0,0,0,0,0,0,0,-49,-688,-770,-693,-592,-147,440,884,1041,833,369,-220,-744,-1093,-1153,-914,-458,144,726,1155,1315,1155,729,111,-552,-1118,-1429,-1431,-1092,-502,208,862,1375,1575,1432,974,320,-421,-1083,-1490,-1617,-1405,-915,-216,517,1165,1577,1652,1430,892,167,-575,-1214,-1610,-1699,-1452,-893,-177,585,1236,1637,1686,1447,902,195,-575,-1219,-1606,-1678,-1444,-901,-176,549,1156,1516,1600,1357,856,194,-475,-1031,-1392,-1447,-1230,-815,-260,333,845,1172,1273,1138,820,353,-175,-630,-963,-1097,-1045,-798,-416,30,458,806,966,944,776,470,73,-305,-614,-788,-825,-715,-495,-191,129,417,593,660,604,451,254,31,-195,-372,-452,-491,-434,-82,-213,-39,117,249,335,411,433,357,253,123,-41,-209,-377,-500,-566,-546,-405,-199,48,315,567,724,756,656,413,87,-303,-644,-896,-984,-884,-613,-210,265,707,1036,1165,1081,771,292,-246,-765,-1132,-1312,-1231,-897,-393,198,778,1185,1378,1336,1016,496,-123,-726,-1202,-1447,-1420,-1130,-603,48,703,1219,1518,1526,1249,697,-3,-685,-1255,-1582,-1591,-1279,-715,2,738,1318,1647,1633,1298,676,-74,-800,-1392,-1678,-1618,-1228,-565,210,946,1479,1695,1537,1048,349,-431,-1103,-1523,-1638,-1379,-821,-83,654,1246,1540,1483,1116,499,-215,-889,-1365,-1509,-1319,-798,-72,710,1320,1585,1400,792,-96,-932,-1413,-1353,-188,-376
62173,mtk,MTK 7916,2153032142,rx0-tx1,512,0,0,0,0,0,0,0,0,0,0,0,0,0,0,0,0,0,0,0,0,0,0,0,0,0,0,0,0,0,0,0,0,0,0,0,0,0,0,0,0,0,0,0,0,0,0,0,0,0,0,0,0,0,0,0,0,0,0,0,0,0,0,0,0,0,0,0,0,0,0,0,0,0,0,0,0,0,0,0,0,0,0,0,0,0,0,0,0,0,0,0,0,0,0,0,0,0,0,0,0,0,0,0,0,0,0,0,0,0,0,0,0,0,0,0,0,0,0,0,0,0,0,0,0,0,0,0,0,0,0,0,0,0,0,0,0,0,0,0,0,0,0,0,0,0,0,0,0,0,0,0,0,0,0,0,0,0,0,0,0,0,0,0,0,0,0,0,0,0,0,0,0,0,0,0,0,0,0,0,0,0,0,0,0,0,0,0,0,0,0,0,0,0,0,0,0,0,0,0,0,0,0,0,0,0,0,0,0,0,0,0,0,0,0,0,0,0,0,0,0,0,0,0,0,0,0,0,0,0,0,0,0,0,0,0,0,0,0,0,0,0,0,0,0,0,0,0,0,0,0,0,0,0,0,0,0,-449,-7,9,-23,302,582,638,437,55,-372,-693,-822,-709,-402,46,479,823,970,860,539,72,-452,-890,-1123,-1088,-784,-254,346,893,1243,1298,1039,532,-123,-746,-1195,-1360,-1207,-779,-197,444,975,1254,1268,1006,518,-47,-569,-976,-1145,-1081,-817,-383,105,547,868,1001,917,666,312,-79,-450,-707,-785,-736,-558,-294,2,252,443,564,577,509,395,212,18,-199,-397,-527,-581,-566,-433,-218,48,330,562,710,739,600,337,12,-342,-592,-752,-771,-620,-368,-46,286,540,690,731,615,392,117,-186,-448,-615,-671,-620,-454,-221,59,317,504,621,631,521,323,80,-193,-421,-574,-656,-588,-417,-194,66,510,519,620,615,487,268,15,-236,-442,-575,-613,-544,-373,-155,95,317,475,585,585,474,302,79,-155,-376,-548,-644,-617,-493,-290,-19,274,557,723,803,748,519,199,-192,-587,-882,-1024,-970,-722,-287,219,681,1069,1216,1147,843,313,-278,-849,-1249,-1404,-1268,-863,-272,403,1003,1408,1511,1312,815,141,-566,-1143,-1489,-1512,-1199,-641,41,732,1259,1515,1434,1047,447,-233,-871,-1302,-1430,-1257,-805,-204,434,993,1304,1316,1034,531,-93,-652,-1058,-1210,-1069,-698,-185,347,771,994,972,726,335,-99,-502,-749,-804,-676,-397,-63,271,520,630,603,433,168,-138,-401,-540,-523,-362,-97,191,387,434,-9,-22,0,0,0,0,0,0,0,0,0,0,0,0,0,0,0,0,0,0,0,0,0,0,0,0,0,0,0,0,0,0,0,0,0,0,0,0,0,0,0,0,0,0,0,0,0,0,0,0,0,0,0,0,0,0,0,0,0,0,0,0,0,0,0,0,0,0,0,0,0,0,0,0,0,0,0,0,0,0,0,0,0,0,0,0,0,0,0,0,0,0,0,0,0,0,0,0,0,0,0,0,0,0,0,0,0,0,0,0,0,0,0,0,0,0,0,0,0,0,0,0,0,0,0,0,0,0,0,0,0,0,0,0,0,0,0,0,0,0,0,0,0,0,0,0,0,0,0,0,0,0,0,0,0,0,0,0,0,0,0,0,0,0,0,0,0,0,0,0,0,0,0,0,0,0,0,0,0,0,0,0,0,0,0,0,0,0,0,0,0,0,0,0,0,0,0,0,0,0,0,0,0,0,0,0,0,0,0,0,0,0,0,0,0,0,0,0,0,0,0,0,0,0,0,0,0,0,0,0,0,0,0,0,0,0,0,0,0,0,0,0,0,0,0,0,0,0,0,0,0,0,0,0,0,0,0,0,26,19,28,478,457,200,-198,-556,-743,-674,-394,22,442,759,880,767,456,-16,-491,-865,-1048,-982,-666,-159,411,907,1194,1194,907,391,-249,-827,-1226,-1345,-1132,-662,-26,603,1090,1324,1273,909,366,-238,-787,-1146,-1224,-1072,-690,-172,333,773,1031,1063,888,551,115,-318,-661,-865,-899,-753,-450,-102,226,502,658,693,591,422,208,-38,-245,-412,-525,-567,-531,-412,-222,-10,223,455,604,663,592,416,146,-166,-481,-690,-779,-701,-477,-193,150,454,665,753,699,499,241,-75,-377,-583,-696,-681,-533,-287,-18,247,472,609,652,562,391,157,-121,-376,-554,-634,-597,-455,-252,13,271,471,602,634,-82,369,107,-166,-413,-564,-614,-565,-416,-206,38,288,471,578,589,490,342,130,-128,-348,-505,-589,-584,-494,-308,-59,214,435,611,694,676,530,265,-39,-400,-696,-867,-901,-751,-444,-29,421,821,1089,1116,953,565,37,-498,-993,-1277,-1305,-1068,-589,16,641,1150,1437,1428,1115,556,-135,-797,-1307,-1536,-1443,-1037,-417,313,961,1388,1537,1355,880,208,-494,-1077,-1414,-1457,-1182,-629,31,668,1150,1361,1308,950,374,-261,-823,-1195,-1271,-1060,-634,-60,493,909,1107,1037,727,261,-230,-643,-871,-903,-714,-377,18,378,619,718,649,428,135,-183,-436,-584,-586,-425,-155,135,367,488,439,246,9,-3,1
62174,mtk,MTK 7916,2153032142,rx1-tx0,512,0,0,0,0,0,0,0,0,0,0,0,0,0,0,0,0,0,0,0,0,0,0,0,0,0,0,0,0,0,0,0,0,0,0,0,0,0,0,0,0,0,0,0,0,0,0,0,0,0,0,0,0,0,0,0,0,0,0,0,0,0,0,0,0,0,0,0,0,0,0,0,0,0,0,0,0,0,0,0,0,0,0,0,0,0,0,0,0,0,0,0,0,0,0,0,0,0,0,0,0,0,0,0,0,0,0,0,0,0,0,0,0,0,0,0,0,0,0,0,0,0,0,0,0,0,0,0,0,0,0,0,0,0,0,0,0,0,0,0,0,0,0,0,0,0,0,0,0,0,0,0,0,0,0,0,0,0,0,0,0,0,0,0,0,0,0,0,0,0,0,0,0,0,0,0,0,0,0,0,0,0,0,0,0,0,0,0,0,0,0,0,0,0,0,0,0,0,0,0,0,0,0,0,0,0,0,0,0,0,0,0,0,0,0,0,0,0,0,0,0,0,0,0,0,0,0,0,0,0,0,0,0,0,0,0,0,0,0,0,0,0,0,0,0,0,0,0,0,0,0,0,0,0,0,0,0,98,1256,1157,209,-278,-758,-981,-813,-330,293,853,1157,1148,822,241,-423,-995,-1364,-1373,-1050,-442,308,1030,1530,1655,1397,770,-67,-946,-1598,-1870,-1703,-1133,-261,659,1421,1866,1880,1439,697,-203,-1032,-1610,-1836,-1658,-1119,-358,438,1101,1522,1611,1362,867,211,-464,-1021,-1336,-1399,-1173,-742,-199,359,821,1120,1203,1060,756,310,-154,-600,-930,-1083,-1028,-819,-452,10,450,822,1049,1066,884,548,101,-374,-774,-999,-1044,-877,-537,-105,319,683,909,943,783,477,95,-286,-612,-790,-802,-660,-404,-94,206,471,613,608,499,317,79,-125,-308,-402,-414,-346,-232,-97,27,129,191,205,188,143,121,72,33,16,-686,-49,-90,-126,-174,-202,-194,-135,-61,42,146,261,350,363,320,211,49,-162,-360,-484,-539,-492,-341,-133,129,400,586,667,635,448,186,-124,-456,-691,-848,-796,-588,-259,144,531,828,970,928,671,281,-181,-623,-932,-1075,-981,-687,-269,216,662,944,1067,966,656,248,-221,-640,-946,-1038,-931,-638,-223,217,611,894,983,892,623,231,-200,-587,-867,-956,-864,-591,-217,198,571,819,899,777,514,144,-235,-552,-735,-774,-662,-422,-104,221,474,632,675,559,372,119,-149,-390,-549,-609,-536,-374,-139,151,406,594,661,594,384,77,-275,-590,-768,-763,-526,-108,339,712,839,651,280,1090,1228,0,0,0,0,0,0,0,0,0,0,0,0,0,0,0,0,0,0,0,0,0,0,0,0,0,0,0,0,0,0,0,0,0,0,0,0,0,0,0,0,0,0,0,0,0,0,0,0,0,0,0,0,0,0,0,0,0,0,0,0,0,0,0,0,0,0,0,0,0,0,0,0,0,0,0,0,0,0,0,0,0,0,0,0,0,0,0,0,0,0,0,0,0,0,0,0,0,0,0,0,0,0,0,0,0,0,0,0,0,0,0,0,0,0,0,0,0,0,0,0,0,0,0,0,0,0,0,0,0,0,0,0,0,0,0,0,0,0,0,0,0,0,0,0,0,0,0,0,0,0,0,0,0,0,0,0,0,0,0,0,0,0,0,0,0,0,0,0,0,0,0,0,0,0,0,0,0,0,0,0,0,0,0,0,0,0,0,0,0,0,0,0,0,0,0,0,0,0,0,0,0,0,0,0,0,0,0,0,0,0,0,0,0,0,0,0,0,0,0,0,0,0,0,0,0,0,0,0,0,0,0,0,0,0,0,0,0,0,0,0,0,0,0,0,0,0,0,0,0,0,0,0,0,0,0,0,-999,-252,-556,-687,-761,-489,59,648,1032,1090,788,232,-386,-946,-1262,-1241,-909,-319,389,1013,1437,1509,1223,579,-228,-1012,-1586,-1797,-1564,-926,-63,828,1546,1898,1795,1288,486,-435,-1243,-1753,-1876,-1553,-914,-92,741,1392,1709,1667,1280,647,-121,-816,-1311,-1530,-1438,-1064,-510,107,688,1099,1284,1228,954,510,-8,-488,-872,-1090,-1097,-933,-578,-124,323,706,981,1057,964,694,285,-183,-605,-922,-1057,-1000,-732,-330,130,567,882,1003,933,704,328,-106,-503,-787,-886,-827,-603,-259,93,406,621,708,667,502,217,-68,-291,-460,-514,-475,-360,-180,4,157,262,304,292,233,141,46,-32,-65,-91,-121,-118,-133,9,-157,-132,-104,-60,27,125,208,261,290,269,213,78,-75,-223,-357,-449,-456,-357,-181,32,272,463,575,600,496,271,12,-297,-569,-713,-764,-641,-388,-48,349,656,863,910,774,468,78,-375,-746,-977,-1031,-851,-506,-48,439,815,1029,1051,835,460,14,-467,-827,-1021,-1029,-822,-465,-5,426,781,972,982,806,455,19,-403,-746,-936,-933,-761,-438,-13,401,730,904,905,717,386,-28,-415,-702,-835,-797,-592,-279,62,380,619,724,687,512,261,-49,-323,-519,-629,-610,-486,-258,11,283,477,607,611,487,264,-30,-334,-576,-704,-672,-471,-134,264,637,825,770,464,-15,-480,-713,694,399
62175,mtk,MTK 7916,2153032142,rx1-tx1,512,0,0,0,0,0,0,0,0,0,0,0,0,0,0,0,0,0,0,0,0,0,0,0,0,0,0,0,0,0,0,0,0,0,0,0,0,0,0,0,0,0,0,0,0,0,0,0,0,0,0,0,0,0,0,0,0,0,0,0,0,0,0,0,0,0,0,0,0,0,0,0,0,0,0,0,0,0,0,0,0,0,0,0,0,0,0,0,0,0,0,0,0,0,0,0,0,0,0,0,0,0,0,0,0,0,0,0,0,0,0,0,0,0,0,0,0,0,0,0,0,0,0,0,0,0,0,0,0,0,0,0,0,0,0,0,0,0,0,0,0,0,0,0,0,0,0,0,0,0,0,0,0,0,0,0,0,0,0,0,0,0,0,0,0,0,0,0,0,0,0,0,0,0,0,0,0,0,0,0,0,0,0,0,0,0,0,0,0,0,0,0,0,0,0,0,0,0,0,0,0,0,0,0,0,0,0,0,0,0,0,0,0,0,0,0,0,0,0,0,0,0,0,0,0,0,0,0,0,0,0,0,0,0,0,0,0,0,0,0,0,0,0,0,0,0,0,0,0,0,0,0,0,0,0,0,0,-282,262,365,-62,-96,-127,-163,-194,-215,-223,-223,-215,-177,-121,-77,-20,65,137,190,239,259,247,216,168,110,31,-57,-134,-220,-293,-321,-305,-259,-189,-98,19,144,261,344,383,391,352,265,143,2,-147,-288,-398,-463,-475,-437,-350,-222,-59,116,281,436,550,603,574,484,344,149,-72,-284,-469,-599,-680,-676,-597,-450,-251,-15,229,456,619,721,757,693,568,364,112,-151,-391,-590,-718,-770,-742,-632,-452,-214,46,306,532,680,747,759,668,482,246,3,-233,-459,-619,-700,-706,-639,-482,-278,-51,188,412,572,659,661,596,457,263,55,-165,-356,-497,-589,-592,-518,-401,-238,-34,0,333,440,497,505,454,344,200,14,-173,-322,-419,-467,-453,-376,-254,-114,39,198,323,394,406,372,293,162,6,-140,-265,-371,-434,-430,-354,-230,-76,78,226,352,449,483,462,373,225,45,-128,-299,-434,-508,-523,-488,-392,-240,-54,132,316,488,591,602,572,462,284,87,-110,-322,-502,-606,-641,-608,-504,-348,-154,70,278,458,577,622,598,517,371,192,-11,-219,-404,-523,-583,-591,-535,-400,-233,-45,145,322,477,578,611,580,498,360,163,-33,-217,-375,-508,-593,-603,-567,-487,-356,-187,-8,168,328,462,538,576,574,521,426,295,159,17,-121,-254,-352,-409,-441,-462,-86,48,0,0,0,0,0,0,0,0,0,0,0,0,0,0,0,0,0,0,0,0,0,0,0,0,0,0,0,0,0,0,0,0,0,0,0,0,0,0,0,0,0,0,0,0,0,0,0,0,0,0,0,0,0,0,0,0,0,0,0,0,0,0,0,0,0,0,0,0,0,0,0,0,0,0,0,0,0,0,0,0,0,0,0,0,0,0,0,0,0,0,0,0,0,0,0,0,0,0,0,0,0,0,0,0,0,0,0,0,0,0,0,0,0,0,0,0,0,0,0,0,0,0,0,0,0,0,0,0,0,0,0,0,0,0,0,0,0,0,0,0,0,0,0,0,0,0,0,0,0,0,0,0,0,0,0,0,0,0,0,0,0,0,0,0,0,0,0,0,0,0,0,0,0,0,0,0,0,0,0,0,0,0,0,0,0,0,0,0,0,0,0,0,0,0,0,0,0,0,0,0,0,0,0,0,0,0,0,0,0,0,0,0,0,0,0,0,0,0,0,0,0,0,0,0,0,0,0,0,0,0,0,0,0,0,0,0,0,0,0,0,0,0,0,0,0,0,0,0,0,0,0,0,0,0,0,0,288,431,344,122,134,136,119,91,56,8,-56,-104,-144,-196,-235,-246,-236,-219,-175,-113,-33,48,131,196,251,273,281,258,196,101,-5,-105,-191,-274,-327,-347,-320,-264,-176,-50,88,211,309,381,424,413,353,256,124,-39,-203,-339,-452,-530,-534,-483,-371,-191,14,190,365,516,606,637,596,471,300,88,-135,-360,-546,-680,-730,-700,-604,-441,-209,55,296,516,682,765,757,678,520,298,47,-215,-452,-646,-758,-776,-707,-567,-370,-118,145,380,577,691,735,702,583,380,137,-97,-324,-520,-644,-680,-645,-556,-396,-186,49,271,452,588,642,607,508,340,137,-55,-240,-410,-532,-583,0,-461,-312,-121,68,239,381,467,498,473,381,237,68,-111,-264,-361,-411,-421,-376,-273,-132,19,168,297,380,417,406,331,199,46,-116,-277,-398,-454,-452,-414,-309,-154,20,192,338,457,524,518,431,295,131,-56,-240,-405,-512,-570,-570,-482,-338,-165,49,266,416,551,635,623,523,383,211,2,-215,-400,-542,-615,-617,-561,-433,-265,-64,139,327,478,583,613,574,467,308,124,-80,-275,-439,-547,-602,-588,-503,-370,-201,-3,199,373,505,581,610,569,468,327,169,-15,-207,-359,-483,-564,-598,-568,-487,-379,-241,-76,100,261,396,497,563,582,572,535,461,365,273,166,525,523
62176,mtk,MTK 7916,2153032142,rx2-tx0,512,0,0,0,0,0,0,0,0,0,0,0,0,0,0,0,0,0,0,0,0,0,0,0,0,0,0,0,0,0,0,0,0,0,0,0,0,0,0,0,0,0,0,0,0,0,0,0,0,0,0,0,0,0,0,0,0,0,0,0,0,0,0,0,0,0,0,0,0,0,0,0,0,0,0,0,0,0,0,0,0,0,0,0,0,0,0,0,0,0,0,0,0,0,0,0,0,0,0,0,0,0,0,0,0,0,0,0,0,0,0,0,0,0,0,0,0,0,0,0,0,0,0,0,0,0,0,0,0,0,0,0,0,0,0,0,0,0,0,0,0,0,0,0,0,0,0,0,0,0,0,0,0,0,0,0,0,0,0,0,0,0,0,0,0,0,0,0,0,0,0,0,0,0,0,0,0,0,0,0,0,0,0,0,0,0,0,0,0,0,0,0,0,0,0,0,0,0,0,0,0,0,0,0,0,0,0,0,0,0,0,0,0,0,0,0,0,0,0,0,0,0,0,0,0,0,0,0,0,0,0,0,0,0,0,0,0,0,0,0,0,0,0,0,0,0,0,0,0,0,0,0,0,0,0,0,0,794,-477,-311,-74,-56,-36,-12,20,60,94,130,170,196,210,214,190,146,97,47,-10,-80,-147,-197,-227,-245,-239,-220,-172,-105,-35,36,110,170,201,222,221,190,149,104,33,-39,-96,-139,-179,-204,-184,-134,-69,-19,34,103,155,181,174,158,119,56,-2,-59,-124,-173,-194,-202,-191,-144,-87,-16,68,139,189,221,234,220,184,125,57,-12,-92,-162,-209,-234,-226,-195,-149,-83,0,67,124,202,232,217,184,155,96,33,-43,-100,-146,-172,-179,-176,-164,-135,-86,-25,35,80,111,148,168,159,144,124,82,39,12,-12,-56,-88,-90,-97,-106,-104,-87,-56,-36,-19,21,0,50,73,91,102,123,117,97,84,68,25,-4,-42,-77,-111,-146,-153,-147,-132,-106,-80,-41,11,65,124,160,164,163,152,123,72,19,-39,-86,-133,-168,-175,-164,-140,-96,-44,9,58,111,142,161,162,145,118,82,33,-9,-45,-89,-116,-120,-108,-88,-57,-14,26,57,89,104,93,70,59,35,-11,-47,-71,-106,-134,-128,-110,-86,-45,-1,38,70,83,96,107,109,89,72,44,5,-14,-25,-45,-44,-39,-43,-27,-9,6,22,17,7,2,1,-5,-28,-57,-86,-98,-99,-101,-84,-48,-18,11,45,90,130,149,167,187,193,188,162,128,105,89,40,-717,-692,0,0,0,0,0,0,0,0,0,0,0,0,0,0,0,0,0,0,0,0,0,0,0,0,0,0,0,0,0,0,0,0,0,0,0,0,0,0,0,0,0,0,0,0,0,0,0,0,0,0,0,0,0,0,0,0,0,0,0,0,0,0,0,0,0,0,0,0,0,0,0,0,0,0,0,0,0,0,0,0,0,0,0,0,0,0,0,0,0,0,0,0,0,0,0,0,0,0,0,0,0,0,0,0,0,0,0,0,0,0,0,0,0,0,0,0,0,0,0,0,0,0,0,0,0,0,0,0,0,0,0,0,0,0,0,0,0,0,0,0,0,0,0,0,0,0,0,0,0,0,0,0,0,0,0,0,0,0,0,0,0,0,0,0,0,0,0,0,0,0,0,0,0,0,0,0,0,0,0,0,0,0,0,0,0,0,0,0,0,0,0,0,0,0,0,0,0,0,0,0,0,0,0,0,0,0,0,0,0,0,0,0,0,0,0,0,0,0,0,0,0,0,0,0,0,0,0,0,0,0,0,0,0,0,0,0,0,0,0,0,0,0,0,0,0,0,0,0,0,0,0,0,0,0,0,0,572,557,661,-122,-145,-158,-177,-188,-182,-168,-139,-112,-73,-12,49,102,149,191,217,228,215,182,138,80,12,-51,-115,-172,-217,-232,-228,-218,-186,-120,-48,15,94,157,179,189,200,186,127,40,-34,-80,-109,-154,-188,-181,-138,-85,-26,36,101,151,183,198,183,148,101,47,-17,-99,-171,-201,-214,-207,-183,-116,-52,-2,61,142,198,225,228,209,166,97,29,-43,-113,-177,-205,-200,-188,-173,-126,-51,27,86,149,189,194,182,172,134,79,14,-38,-88,-135,-162,-177,-172,-156,-117,-73,-37,15,67,95,109,139,153,137,107,78,53,27,1,-39,-65,-76,-92,-101,-99,0,-82,-68,-47,-26,2,28,64,95,112,125,128,120,110,84,46,17,-23,-70,-118,-149,-159,-160,-136,-104,-72,-23,30,76,104,143,176,180,158,112,54,-2,-43,-88,-132,-154,-163,-159,-127,-83,-43,-8,50,103,138,140,130,113,94,59,10,-35,-66,-87,-109,-116,-82,-46,-17,25,70,98,103,106,101,84,43,2,-30,-57,-83,-100,-114,-117,-118,-99,-64,-17,24,60,80,75,75,93,81,59,35,4,-20,-18,-21,-16,-13,-2,21,36,49,53,47,35,14,0,-30,-73,-101,-114,-121,-137,-140,-128,-107,-77,-46,-4,38,79,110,133,148,146,147,27,223
62177,mtk,MTK 7916,2153032142,rx2-tx1,512,0,0,0,0,0,0,0,0,0,0,0,0,0,0,0,0,0,0,0,0,0,0,0,0,0,0,0,0,0,0,0,0,0,0,0,0,0,0,0,0,0,0,0,0,0,0,0,0,0,0,0,0,0,0,0,0,0,0,0,0,0,0,0,0,0,0,0,0,0,0,0,0,0,0,0,0,0,0,0,0,0,0,0,0,0,0,0,0,0,0,0,0,0,0,0,0,0,0,0,0,0,0,0,0,0,0,0,0,0,0,0,0,0,0,0,0,0,0,0,0,0,0,0,0,0,0,0,0,0,0,0,0,0,0,0,0,0,0,0,0,0,0,0,0,0,0,0,0,0,0,0,0,0,0,0,0,0,0,0,0,0,0,0,0,0,0,0,0,0,0,0,0,0,0,0,0,0,0,0,0,0,0,0,0,0,0,0,0,0,0,0,0,0,0,0,0,0,0,0,0,0,0,0,0,0,0,0,0,0,0,0,0,0,0,0,0,0,0,0,0,0,0,0,0,0,0,0,0,0,0,0,0,0,0,0,0,0,0,0,0,0,0,0,0,0,0,0,0,0,0,0,0,0,0,0,0,381,290,395,49,60,69,74,75,67,56,41,24,1,-19,-38,-63,-94,-108,-117,-131,-122,-93,-66,-29,27,81,118,156,193,198,179,156,127,83,17,-58,-126,-189,-231,-270,-271,-243,-197,-151,-83,6,109,208,289,337,347,347,317,240,127,2,-114,-225,-336,-417,-462,-443,-383,-300,-188,-37,117,260,385,461,497,494,446,363,219,49,-112,-271,-393,-477,-521,-520,-456,-360,-231,-70,93,242,373,465,514,501,430,339,214,49,-114,-249,-348,-414,-437,-419,-349,-247,-123,10,140,247,326,379,376,324,246,135,14,-93,-200,-294,-342,-346,-309,-233,-133,-43,55,156,237,278,0,287,242,164,74,-22,-128,-204,-259,-284,-277,-234,-173,-80,23,109,180,243,271,255,222,167,94,1,-90,-172,-233,-255,-250,-225,-171,-87,-2,80,160,233,277,282,259,200,110,22,-76,-161,-229,-274,-297,-281,-251,-177,-91,-8,82,172,228,268,289,283,226,157,84,6,-87,-162,-214,-238,-238,-218,-181,-115,-39,33,101,155,194,205,197,185,147,88,28,-23,-76,-136,-184,-207,-210,-186,-145,-105,-57,-3,51,108,148,165,174,179,177,142,96,61,23,-24,-66,-92,-117,-139,-156,-159,-148,-119,-90,-59,-39,-5,28,56,80,109,128,124,130,130,122,116,-138,-5,0,0,0,0,0,0,0,0,0,0,0,0,0,0,0,0,0,0,0,0,0,0,0,0,0,0,0,0,0,0,0,0,0,0,0,0,0,0,0,0,0,0,0,0,0,0,0,0,0,0,0,0,0,0,0,0,0,0,0,0,0,0,0,0,0,0,0,0,0,0,0,0,0,0,0,0,0,0,0,0,0,0,0,0,0,0,0,0,0,0,0,0,0,0,0,0,0,0,0,0,0,0,0,0,0,0,0,0,0,0,0,0,0,0,0,0,0,0,0,0,0,0,0,0,0,0,0,0,0,0,0,0,0,0,0,0,0,0,0,0,0,0,0,0,0,0,0,0,0,0,0,0,0,0,0,0,0,0,0,0,0,0,0,0,0,0,0,0,0,0,0,0,0,0,0,0,0,0,0,0,0,0,0,0,0,0,0,0,0,0,0,0,0,0,0,0,0,0,0,0,0,0,0,0,0,0,0,0,0,0,0,0,0,0,0,0,0,0,0,0,0,0,0,0,0,0,0,0,0,0,0,0,0,0,0,0,0,0,0,0,0,0,0,0,0,0,0,0,0,0,0,0,0,0,0,0,-1037,491,386,-8,-2,7,26,45,56,66,84,99,99,97,89,72,55,37,0,-47,-82,-115,-138,-142,-145,-155,-147,-103,-41,18,80,131,172,197,227,237,215,164,110,42,-37,-124,-209,-277,-323,-337,-309,-256,-184,-96,6,114,217,312,373,394,393,353,260,130,-13,-142,-265,-369,-427,-460,-467,-419,-316,-189,-51,85,246,399,501,538,524,467,358,211,57,-99,-246,-377,-484,-534,-525,-458,-357,-220,-53,102,238,358,437,468,454,395,302,171,25,-104,-231,-338,-386,-396,-369,-285,-178,-57,67,186,272,336,355,335,287,212,103,-19,-126,-219,-291,-323,-320,-276,-205,-129,0,103,188,246,289,295,260,205,121,24,-74,-162,-221,-254,-271,-264,-207,-127,-41,49,134,195,248,277,254,188,124,53,-33,-109,-178,-239,-260,-235,-190,-138,-62,32,129,199,260,288,277,246,187,116,22,-82,-177,-236,-283,-300,-278,-242,-183,-93,2,79,154,218,246,256,257,211,124,46,-21,-100,-165,-199,-221,-211,-197,-155,-97,-34,34,102,159,188,205,213,189,142,93,32,-31,-83,-131,-170,-196,-203,-194,-167,-132,-92,-51,7,66,102,132,155,164,160,142,129,111,77,26,-14,-53,-81,-115,-132,-138,-127,-124,-108,-97,-77,-54,-27,-8,7,31,50,538,560
62178,mtk,MTK 7916,2153089429,rx0-tx0,512,0,0,0,0,0,0,0,0,0,0,0,0,0,0,0,0,0,0,0,0,0,0,0,0,0,0,0,0,0,0,0,0,0,0,0,0,0,0,0,0,0,0,0,0,0,0,0,0,0,0,0,0,0,0,0,0,0,0,0,0,0,0,0,0,0,0,0,0,0,0,0,0,0,0,0,0,0,0,0,0,0,0,0,0,0,0,0,0,0,0,0,0,0,0,0,0,0,0,0,0,0,0,0,0,0,0,0,0,0,0,0,0,0,0,0,0,0,0,0,0,0,0,0,0,0,0,0,0,0,0,0,0,0,0,0,0,0,0,0,0,0,0,0,0,0,0,0,0,0,0,0,0,0,0,0,0,0,0,0,0,0,0,0,0,0,0,0,0,0,0,0,0,0,0,0,0,0,0,0,0,0,0,0,0,0,0,0,0,0,0,0,0,0,0,0,0,0,0,0,0,0,0,0,0,0,0,0,0,0,0,0,0,0,0,0,0,0,0,0,0,0,0,0,0,0,0,0,0,0,0,0,0,0,0,0,0,0,0,0,0,0,0,0,0,0,0,0,0,0,0,0,0,0,0,0,0,-364,406,222,-242,-46,238,531,768,953,1054,1103,1087,1027,936,790,632,455,244,54,-151,-375,-580,-787,-972,-1145,-1285,-1388,-1480,-1507,-1517,-1479,-1423,-1330,-1182,-1047,-877,-680,-480,-247,-20,177,392,599,803,997,1161,1307,1440,1567,1623,1684,1726,1711,1686,1647,1578,1481,1343,1196,1045,862,677,479,254,39,-168,-371,-579,-751,-932,-1105,-1254,-1382,-1469,-1549,-1584,-1606,-1597,-1561,-1523,-1447,-1370,-1242,-1121,-996,-845,-698,-560,-421,-277,-134,15,149,274,385,497,590,674,745,798,858,913,949,973,968,943,940,933,881,818,762,709,653,575,515,449,356,299,216,153,96,42,-24,-64,-100,-130,-145,-177,-330,-199,-205,-220,-237,-242,-258,-262,-263,-295,-330,-348,-372,-405,-440,-483,-540,-585,-610,-640,-667,-698,-717,-732,-751,-754,-741,-716,-683,-625,-561,-486,-398,-300,-199,-76,53,201,340,468,606,736,865,985,1097,1188,1252,1294,1340,1366,1364,1364,1340,1279,1219,1122,1006,898,769,622,464,301,135,-63,-247,-423,-604,-771,-927,-1082,-1234,-1362,-1467,-1546,-1597,-1631,-1644,-1633,-1597,-1524,-1429,-1303,-1161,-979,-785,-587,-365,-143,78,301,538,757,952,1133,1303,1442,1535,1593,1639,1650,1620,1542,1440,1294,1131,958,755,540,304,66,-181,-421,-641,-855,-1060,-1225,-1389,-1515,-1573,-1581,-1509,-1346,-1077,-710,-282,71,757,688,0,0,0,0,0,0,0,0,0,0,0,0,0,0,0,0,0,0,0,0,0,0,0,0,0,0,0,0,0,0,0,0,0,0,0,0,0,0,0,0,0,0,0,0,0,0,0,0,0,0,0,0,0,0,0,0,0,0,0,0,0,0,0,0,0,0,0,0,0,0,0,0,0,0,0,0,0,0,0,0,0,0,0,0,0,0,0,0,0,0,0,0,0,0,0,0,0,0,0,0,0,0,0,0,0,0,0,0,0,0,0,0,0,0,0,0,0,0,0,0,0,0,0,0,0,0,0,0,0,0,0,0,0,0,0,0,0,0,0,0,0,0,0,0,0,0,0,0,0,0,0,0,0,0,0,0,0,0,0,0,0,0,0,0,0,0,0,0,0,0,0,0,0,0,0,0,0,0,0,0,0,0,0,0,0,0,0,0,0,0,0,0,0,0,0,0,0,0,0,0,0,0,0,0,0,0,0,0,0,0,0,0,0,0,0,0,0,0,0,0,0,0,0,0,0,0,0,0,0,0,0,0,0,0,0,0,0,0,0,0,0,0,0,0,0,0,0,0,0,0,0,0,0,0,0,0,-49,-688,-770,656,797,859,807,662,452,218,-16,-268,-493,-700,-875,-1004,-1128,-1216,-1250,-1282,-1258,-1199,-1123,-994,-843,-658,-472,-265,-25,208,441,642,847,1034,1201,1362,1464,1561,1620,1634,1627,1598,1544,1459,1341,1199,1047,904,714,501,317,87,-125,-322,-539,-726,-920,-1089,-1239,-1395,-1520,-1612,-1687,-1729,-1736,-1720,-1693,-1628,-1541,-1439,-1300,-1144,-969,-794,-589,-391,-202,-4,160,329,487,645,804,917,1034,1115,1179,1228,1267,1262,1254,1232,1203,1170,1133,1070,984,888,777,682,588,486,392,292,180,82,-7,-111,-211,-287,-358,-429,-504,-556,-579,-619,-622,-622,-637,-623,-607,-602,-580,-554,-531,-484,-452,-422,-82,-390,-376,-365,-341,-328,-319,-308,-314,-320,-297,-279,-286,-291,-276,-246,-213,-180,-145,-97,-25,31,99,160,235,331,418,513,614,707,799,882,945,1002,1053,1108,1136,1144,1127,1104,1071,1005,941,851,738,608,454,318,163,6,-148,-297,-465,-622,-766,-924,-1046,-1156,-1266,-1351,-1419,-1480,-1511,-1537,-1520,-1488,-1442,-1358,-1273,-1173,-1049,-891,-716,-510,-310,-110,94,301,512,706,894,1074,1236,1390,1489,1593,1656,1683,1687,1667,1610,1509,1393,1250,1081,883,664,437,205,-45,-293,-517,-734,-933,-1106,-1255,-1371,-1460,-1504,-1523,-1509,-1461,-1376,-1260,-1103,-909,-703,-426,-118,204,544,875,1168,1372,1446,1391,-188,-376
62179,mtk,MTK 7916,2153089429,rx0-tx1,512,0,0,0,0,0,0,0,0,0,0,0,0,0,0,0,0,0,0,0,0,0,0,0,0,0,0,0,0,0,0,0,0,0,0,0,0,0,0,0,0,0,0,0,0,0,0,0,0,0,0,0,0,0,0,0,0,0,0,0,0,0,0,0,0,0,0,0,0,0,0,0,0,0,0,0,0,0,0,0,0,0,0,0,0,0,0,0,0,0,0,0,0,0,0,0,0,0,0,0,0,0,0,0,0,0,0,0,0,0,0,0,0,0,0,0,0,0,0,0,0,0,0,0,0,0,0,0,0,0,0,0,0,0,0,0,0,0,0,0,0,0,0,0,0,0,0,0,0,0,0,0,0,0,0,0,0,0,0,0,0,0,0,0,0,0,0,0,0,0,0,0,0,0,0,0,0,0,0,0,0,0,0,0,0,0,0,0,0,0,0,0,0,0,0,0,0,0,0,0,0,0,0,0,0,0,0,0,0,0,0,0,0,0,0,0,0,0,0,0,0,0,0,0,0,0,0,0,0,0,0,0,0,0,0,0,0,0,0,0,0,0,0,0,0,0,0,0,0,0,0,0,0,0,0,0,0,-449,-7,9,232,114,-64,-255,-449,-601,-699,-770,-802,-799,-751,-669,-567,-447,-299,-142,27,207,387,582,754,924,1056,1152,1232,1258,1268,1239,1155,1036,878,724,538,339,123,-84,-289,-483,-661,-822,-943,-1047,-1124,-1169,-1190,-1198,-1170,-1112,-1041,-949,-867,-774,-662,-539,-421,-296,-192,-72,39,106,193,285,333,373,426,458,468,470,474,511,511,498,524,539,543,565,573,612,646,647,633,628,624,606,572,517,455,403,333,246,150,56,-25,-113,-198,-268,-362,-423,-472,-516,-565,-600,-625,-652,-659,-660,-662,-651,-628,-628,-601,-579,-543,-511,-492,-437,-384,-331,-280,-225,-171,-104,-42,12,63,510,200,245,292,352,383,416,459,498,522,551,567,574,580,570,581,588,570,551,549,518,489,484,464,444,414,373,332,306,269,211,150,77,10,-50,-142,-253,-352,-461,-564,-665,-781,-890,-986,-1061,-1127,-1183,-1202,-1223,-1213,-1174,-1128,-1067,-953,-822,-689,-519,-339,-165,21,219,423,624,812,995,1163,1282,1371,1463,1510,1522,1519,1484,1390,1274,1161,1002,808,619,422,209,8,-207,-419,-600,-753,-892,-1023,-1130,-1193,-1240,-1265,-1247,-1175,-1102,-993,-836,-697,-541,-366,-195,-26,130,270,383,486,574,648,694,706,716,694,644,593,531,445,369,272,154,53,-63,-183,-275,-355,-403,-411,-9,-22,0,0,0,0,0,0,0,0,0,0,0,0,0,0,0,0,0,0,0,0,0,0,0,0,0,0,0,0,0,0,0,0,0,0,0,0,0,0,0,0,0,0,0,0,0,0,0,0,0,0,0,0,0,0,0,0,0,0,0,0,0,0,0,0,0,0,0,0,0,0,0,0,0,0,0,0,0,0,0,0,0,0,0,0,0,0,0,0,0,0,0,0,0,0,0,0,0,0,0,0,0,0,0,0,0,0,0,0,0,0,0,0,0,0,0,0,0,0,0,0,0,0,0,0,0,0,0,0,0,0,0,0,0,0,0,0,0,0,0,0,0,0,0,0,0,0,0,0,0,0,0,0,0,0,0,0,0,0,0,0,0,0,0,0,0,0,0,0,0,0,0,0,0,0,0,0,0,0,0,0,0,0,0,0,0,0,0,0,0,0,0,0,0,0,0,0,0,0,0,0,0,0,0,0,0,0,0,0,0,0,0,0,0,0,0,0,0,0,0,0,0,0,0,0,0,0,0,0,0,0,0,0,0,0,0,0,0,0,0,0,0,0,0,0,0,0,0,0,0,0,0,0,0,0,0,0,26,19,28,-411,-536,-610,-617,-556,-426,-277,-113,72,252,423,570,695,811,908,970,1027,1029,1003,934,838,720,562,392,191,-20,-227,-452,-659,-850,-1001,-1129,-1242,-1308,-1339,-1333,-1303,-1234,-1133,-1014,-881,-736,-565,-381,-212,-52,113,255,395,514,622,739,809,854,876,888,888,885,854,814,788,717,645,608,545,474,401,367,350,315,252,224,209,163,139,109,65,29,-34,-98,-166,-237,-316,-389,-472,-539,-599,-644,-702,-735,-753,-767,-767,-751,-715,-693,-668,-595,-543,-491,-428,-361,-297,-239,-166,-98,-39,32,79,137,201,258,316,361,412,467,505,524,544,562,603,631,631,615,605,-82,587,556,544,509,466,438,398,341,284,231,169,115,57,18,-20,-81,-147,-173,-218,-271,-308,-350,-389,-423,-471,-521,-553,-585,-633,-675,-721,-755,-781,-806,-842,-839,-827,-817,-782,-744,-685,-606,-511,-403,-283,-127,21,169,333,499,658,825,981,1108,1222,1333,1390,1444,1470,1468,1431,1360,1272,1155,1005,824,652,454,231,26,-174,-404,-615,-794,-958,-1115,-1229,-1309,-1388,-1427,-1428,-1412,-1356,-1257,-1142,-1015,-868,-684,-482,-295,-99,112,294,465,637,769,857,946,992,1003,992,942,875,785,693,587,468,343,216,99,-29,-132,-219,-327,-408,-461,-518,-536,-540,-539,-486,-417,-323,-201,-102,-3,1
62180,mtk,MTK 7916,2153089429,rx1-tx0,512,0,0,0,0,0,0,0,0,0,0,0,0,0,0,0,0,0,0,0,0,0,0,0,0,0,0,0,0,0,0,0,0,0,0,0,0,0,0,0,0,0,0,0,0,0,0,0,0,0,0,0,0,0,0,0,0,0,0,0,0,0,0,0,0,0,0,0,0,0,0,0,0,0,0,0,0,0,0,0,0,0,0,0,0,0,0,0,0,0,0,0,0,0,0,0,0,0,0,0,0,0,0,0,0,0,0,0,0,0,0,0,0,0,0,0,0,0,0,0,0,0,0,0,0,0,0,0,0,0,0,0,0,0,0,0,0,0,0,0,0,0,0,0,0,0,0,0,0,0,0,0,0,0,0,0,0,0,0,0,0,0,0,0,0,0,0,0,0,0,0,0,0,0,0,0,0,0,0,0,0,0,0,0,0,0,0,0,0,0,0,0,0,0,0,0,0,0,0,0,0,0,0,0,0,0,0,0,0,0,0,0,0,0,0,0,0,0,0,0,0,0,0,0,0,0,0,0,0,0,0,0,0,0,0,0,0,0,0,0,0,0,0,0,0,0,0,0,0,0,0,0,0,0,0,0,0,98,1256,1157,-482,-366,-121,171,461,732,936,1094,1187,1216,1217,1154,1057,918,733,529,301,39,-225,-497,-775,-1050,-1293,-1478,-1652,-1771,-1853,-1879,-1829,-1730,-1568,-1378,-1179,-911,-616,-326,-46,244,528,780,1005,1192,1356,1495,1588,1640,1644,1626,1599,1542,1426,1324,1203,1062,915,765,598,453,314,175,44,-99,-220,-321,-443,-544,-627,-698,-807,-879,-905,-967,-1019,-1055,-1086,-1098,-1075,-1065,-1061,-998,-924,-862,-766,-656,-563,-452,-327,-216,-82,55,175,285,378,477,546,618,666,704,731,742,740,732,712,658,602,554,492,435,370,296,245,208,148,95,60,40,15,-12,-34,-45,-41,-18,-2,-9,-4,-686,44,46,45,41,41,35,37,30,16,-22,-63,-78,-105,-145,-204,-270,-319,-370,-419,-468,-511,-549,-583,-614,-637,-648,-652,-659,-647,-613,-559,-501,-456,-377,-299,-201,-92,22,127,252,373,483,591,708,800,888,953,1007,1049,1083,1067,1039,1010,955,877,784,699,590,477,358,253,131,-8,-126,-251,-364,-478,-577,-675,-750,-808,-874,-916,-938,-957,-964,-950,-916,-860,-791,-715,-636,-528,-413,-308,-202,-80,28,125,229,306,394,456,496,559,582,611,631,622,623,619,617,603,567,531,490,449,411,354,291,206,109,13,-110,-219,-334,-480,-606,-717,-792,-835,-831,-751,-596,-437,1090,1228,0,0,0,0,0,0,0,0,0,0,0,0,0,0,0,0,0,0,0,0,0,0,0,0,0,0,0,0,0,0,0,0,0,0,0,0,0,0,0,0,0,0,0,0,0,0,0,0,0,0,0,0,0,0,0,0,0,0,0,0,0,0,0,0,0,0,0,0,0,0,0,0,0,0,0,0,0,0,0,0,0,0,0,0,0,0,0,0,0,0,0,0,0,0,0,0,0,0,0,0,0,0,0,0,0,0,0,0,0,0,0,0,0,0,0,0,0,0,0,0,0,0,0,0,0,0,0,0,0,0,0,0,0,0,0,0,0,0,0,0,0,0,0,0,0,0,0,0,0,0,0,0,0,0,0,0,0,0,0,0,0,0,0,0,0,0,0,0,0,0,0,0,0,0,0,0,0,0,0,0,0,0,0,0,0,0,0,0,0,0,0,0,0,0,0,0,0,0,0,0,0,0,0,0,0,0,0,0,0,0,0,0,0,0,0,0,0,0,0,0,0,0,0,0,0,0,0,0,0,0,0,0,0,0,0,0,0,0,0,0,0,0,0,0,0,0,0,0,0,0,0,0,0,0,0,0,-999,-252,-556,504,735,913,977,950,826,629,412,164,-71,-312,-572,-793,-1008,-1198,-1337,-1466,-1531,-1548,-1525,-1449,-1328,-1144,-936,-695,-401,-104,219,525,822,1101,1330,1539,1711,1822,1872,1898,1877,1796,1686,1546,1367,1168,939,712,476,241,33,-181,-402,-590,-735,-873,-997,-1072,-1159,-1222,-1241,-1267,-1256,-1250,-1218,-1157,-1122,-1077,-997,-914,-858,-796,-673,-591,-497,-385,-278,-174,-42,86,184,324,444,540,634,740,819,883,950,971,996,1020,1000,959,915,848,776,695,615,517,426,326,222,122,50,-30,-113,-177,-249,-299,-331,-366,-378,-375,-380,-379,-356,-326,-302,-286,-258,-225,-205,-180,-159,-158,-135,-99,9,-130,-133,-153,-158,-184,-209,-231,-263,-285,-314,-317,-333,-359,-371,-379,-361,-342,-337,-308,-261,-202,-142,-94,-37,26,108,185,265,356,443,518,576,655,736,799,846,882,907,922,932,906,861,812,739,647,545,429,304,181,39,-92,-209,-347,-483,-614,-700,-789,-869,-931,-972,-999,-1032,-1024,-1010,-990,-949,-889,-813,-732,-645,-564,-459,-321,-196,-76,38,152,279,392,493,570,647,732,779,815,839,839,814,787,751,710,659,579,515,442,358,287,201,118,58,-15,-78,-163,-233,-293,-358,-418,-482,-540,-588,-638,-660,-682,-689,-666,-648,-600,-507,-388,-229,-50,158,377,550,650,694,399
62181,mtk,MTK 7916,2153089429,rx1-tx1,512,0,0,0,0,0,0,0,0,0,0,0,0,0,0,0,0,0,0,0,0,0,0,0,0,0,0,0,0,0,0,0,0,0,0,0,0,0,0,0,0,0,0,0,0,0,0,0,0,0,0,0,0,0,0,0,0,0,0,0,0,0,0,0,0,0,0,0,0,0,0,0,0,0,0,0,0,0,0,0,0,0,0,0,0,0,0,0,0,0,0,0,0,0,0,0,0,0,0,0,0,0,0,0,0,0,0,0,0,0,0,0,0,0,0,0,0,0,0,0,0,0,0,0,0,0,0,0,0,0,0,0,0,0,0,0,0,0,0,0,0,0,0,0,0,0,0,0,0,0,0,0,0,0,0,0,0,0,0,0,0,0,0,0,0,0,0,0,0,0,0,0,0,0,0,0,0,0,0,0,0,0,0,0,0,0,0,0,0,0,0,0,0,0,0,0,0,0,0,0,0,0,0,0,0,0,0,0,0,0,0,0,0,0,0,0,0,0,0,0,0,0,0,0,0,0,0,0,0,0,0,0,0,0,0,0,0,0,0,0,0,0,0,0,0,0,0,0,0,0,0,0,0,0,0,0,0,-282,262,365,119,165,164,126,43,-71,-171,-226,-213,-131,5,140,226,232,161,18,-139,-242,-260,-161,-2,149,252,250,137,-48,-212,-283,-254,-117,93,268,337,276,84,-162,-335,-377,-251,-14,245,402,396,233,-34,-306,-464,-427,-178,166,431,524,409,108,-268,-539,-581,-371,-17,358,602,597,333,-81,-478,-683,-600,-256,207,579,732,568,138,-340,-675,-758,-527,-45,452,738,723,416,-71,-535,-770,-678,-298,211,628,767,580,158,-320,-667,-735,-482,-30,450,728,676,343,-120,-521,-700,-581,-207,257,599,675,461,58,-377,-620,-595,-323,78,455,623,517,192,-198,-489,-555,-376,-40,0,520,490,249,-100,-398,-509,-394,-109,224,452,473,282,-32,-315,-443,-379,-147,160,376,408,255,-14,-284,-425,-369,-134,172,389,411,259,-17,-301,-447,-393,-153,164,412,483,328,21,-305,-497,-466,-220,114,412,544,430,114,-255,-514,-548,-353,6,361,571,540,268,-145,-492,-630,-497,-162,246,556,620,435,78,-323,-582,-591,-340,51,423,604,527,241,-153,-477,-587,-449,-111,278,542,581,389,35,-333,-566,-558,-312,52,391,588,539,268,-115,-437,-590,-507,-220,153,468,603,508,211,-152,-458,-593,-504,-209,154,440,574,507,251,-92,-389,-556,-559,-381,-100,187,386,461,-86,48,0,0,0,0,0,0,0,0,0,0,0,0,0,0,0,0,0,0,0,0,0,0,0,0,0,0,0,0,0,0,0,0,0,0,0,0,0,0,0,0,0,0,0,0,0,0,0,0,0,0,0,0,0,0,0,0,0,0,0,0,0,0,0,0,0,0,0,0,0,0,0,0,0,0,0,0,0,0,0,0,0,0,0,0,0,0,0,0,0,0,0,0,0,0,0,0,0,0,0,0,0,0,0,0,0,0,0,0,0,0,0,0,0,0,0,0,0,0,0,0,0,0,0,0,0,0,0,0,0,0,0,0,0,0,0,0,0,0,0,0,0,0,0,0,0,0,0,0,0,0,0,0,0,0,0,0,0,0,0,0,0,0,0,0,0,0,0,0,0,0,0,0,0,0,0,0,0,0,0,0,0,0,0,0,0,0,0,0,0,0,0,0,0,0,0,0,0,0,0,0,0,0,0,0,0,0,0,0,0,0,0,0,0,0,0,0,0,0,0,0,0,0,0,0,0,0,0,0,0,0,0,0,0,0,0,0,0,0,0,0,0,0,0,0,0,0,0,0,0,0,0,0,0,0,0,0,288,431,344,-87,-9,75,158,214,207,139,31,-94,-193,-227,-186,-69,77,195,251,215,92,-76,-218,-269,-218,-83,99,248,300,218,45,-153,-295,-315,-195,11,236,359,332,169,-67,-298,-413,-343,-125,163,391,455,333,76,-242,-472,-497,-298,35,368,546,498,234,-133,-462,-611,-510,-170,239,565,667,476,72,-369,-671,-682,-417,20,469,741,680,338,-142,-574,-761,-628,-222,277,659,772,552,99,-386,-712,-740,-450,36,498,738,681,332,-159,-577,-744,-600,-191,298,645,710,471,42,-395,-662,-646,-348,95,488,665,550,193,-235,-550,-625,-431,-58,334,576,561,298,-84,-407,-543,0,-124,227,475,515,342,18,-305,-476,-439,-203,114,369,455,322,45,-252,-428,-407,-203,84,325,406,304,48,-235,-413,-394,-183,103,346,441,332,68,-239,-440,-432,-232,71,358,488,396,127,-207,-452,-499,-320,3,341,536,486,218,-144,-449,-569,-447,-132,260,557,620,411,25,-370,-608,-589,-321,91,455,629,535,215,-193,-507,-607,-455,-116,286,549,579,359,-7,-363,-576,-534,-259,111,446,599,485,172,-208,-494,-578,-435,-120,263,539,588,399,53,-313,-557,-563,-366,-37,321,558,573,375,39,-307,-530,-556,-369,-53,288,520,561,412,133,-183,-428,-548,-506,-330,-68,525,523
62182,mtk,MTK 7916,2153089429,rx2-tx0,512,0,0,0,0,0,0,0,0,0,0,0,0,0,0,0,0,0,0,0,0,0,0,0,0,0,0,0,0,0,0,0,0,0,0,0,0,0,0,0,0,0,0,0,0,0,0,0,0,0,0,0,0,0,0,0,0,0,0,0,0,0,0,0,0,0,0,0,0,0,0,0,0,0,0,0,0,0,0,0,0,0,0,0,0,0,0,0,0,0,0,0,0,0,0,0,0,0,0,0,0,0,0,0,0,0,0,0,0,0,0,0,0,0,0,0,0,0,0,0,0,0,0,0,0,0,0,0,0,0,0,0,0,0,0,0,0,0,0,0,0,0,0,0,0,0,0,0,0,0,0,0,0,0,0,0,0,0,0,0,0,0,0,0,0,0,0,0,0,0,0,0,0,0,0,0,0,0,0,0,0,0,0,0,0,0,0,0,0,0,0,0,0,0,0,0,0,0,0,0,0,0,0,0,0,0,0,0,0,0,0,0,0,0,0,0,0,0,0,0,0,0,0,0,0,0,0,0,0,0,0,0,0,0,0,0,0,0,0,0,0,0,0,0,0,0,0,0,0,0,0,0,0,0,0,0,0,794,-477,-311,-19,-81,-141,-183,-175,-121,-35,74,166,204,179,89,-45,-161,-222,-208,-111,28,160,230,210,122,-21,-160,-237,-246,-153,-7,137,222,232,139,-11,-139,-201,-193,-91,39,138,181,144,50,-71,-161,-170,-107,-1,115,174,165,71,-61,-156,-173,-135,-15,129,202,189,111,-17,-148,-211,-183,-72,65,179,222,172,63,-86,-209,-237,-163,-31,112,198,209,133,-4,-137,-215,-204,-104,38,153,213,178,45,-81,-163,-182,-132,-22,99,192,189,119,6,-97,-169,-176,-107,7,99,157,166,118,24,-71,-124,-133,-89,-11,54,104,118,87,35,-33,-81,-97,-80,-51,5,0,103,95,59,2,-41,-96,-124,-99,-32,38,100,137,127,63,-24,-117,-160,-150,-92,4,105,165,153,74,-29,-108,-159,-144,-62,37,116,151,127,51,-51,-152,-193,-133,-23,82,148,158,106,7,-95,-169,-174,-114,-23,72,127,141,82,-16,-86,-110,-97,-26,62,103,94,45,-27,-90,-111,-84,-12,74,118,116,56,-23,-82,-117,-116,-65,15,78,118,105,45,-32,-88,-105,-80,-44,10,60,77,52,9,-26,-43,-46,-30,-13,7,9,-5,-19,-30,-31,-8,33,83,89,62,11,-58,-123,-140,-112,-46,40,123,168,150,88,3,-91,-158,-196,-189,-123,-29,-717,-692,0,0,0,0,0,0,0,0,0,0,0,0,0,0,0,0,0,0,0,0,0,0,0,0,0,0,0,0,0,0,0,0,0,0,0,0,0,0,0,0,0,0,0,0,0,0,0,0,0,0,0,0,0,0,0,0,0,0,0,0,0,0,0,0,0,0,0,0,0,0,0,0,0,0,0,0,0,0,0,0,0,0,0,0,0,0,0,0,0,0,0,0,0,0,0,0,0,0,0,0,0,0,0,0,0,0,0,0,0,0,0,0,0,0,0,0,0,0,0,0,0,0,0,0,0,0,0,0,0,0,0,0,0,0,0,0,0,0,0,0,0,0,0,0,0,0,0,0,0,0,0,0,0,0,0,0,0,0,0,0,0,0,0,0,0,0,0,0,0,0,0,0,0,0,0,0,0,0,0,0,0,0,0,0,0,0,0,0,0,0,0,0,0,0,0,0,0,0,0,0,0,0,0,0,0,0,0,0,0,0,0,0,0,0,0,0,0,0,0,0,0,0,0,0,0,0,0,0,0,0,0,0,0,0,0,0,0,0,0,0,0,0,0,0,0,0,0,0,0,0,0,0,0,0,0,0,572,557,661,146,149,107,26,-69,-157,-202,-181,-104,2,114,193,203,144,34,-99,-193,-218,-170,-48,91,201,251,211,85,-78,-215,-261,-200,-61,88,202,231,172,52,-84,-165,-169,-116,-8,114,178,152,55,-51,-136,-168,-125,-16,93,177,182,94,-29,-136,-189,-161,-57,57,159,214,171,35,-108,-198,-214,-141,-4,137,229,222,123,-33,-162,-222,-192,-76,72,192,227,156,34,-95,-198,-208,-143,-15,122,198,181,104,-24,-138,-198,-184,-96,34,152,195,145,60,-56,-153,-173,-118,-38,54,133,157,122,48,-37,-103,-126,-115,-72,6,78,108,108,69,-2,-54,-80,-97,0,-27,42,91,120,111,63,-16,-87,-110,-119,-95,-18,58,128,152,108,25,-70,-145,-167,-127,-42,55,142,162,115,19,-80,-143,-149,-97,-3,100,159,166,100,-23,-127,-175,-164,-79,43,133,169,140,52,-43,-116,-159,-127,-42,51,112,124,68,-2,-68,-116,-107,-30,32,79,98,55,-16,-88,-105,-81,-33,37,108,118,88,34,-49,-104,-118,-85,-19,54,99,108,63,-5,-62,-90,-83,-37,15,49,52,54,38,12,-23,-28,-6,21,17,9,-13,-53,-69,-55,-18,28,66,94,92,45,-27,-97,-145,-146,-93,-12,86,161,191,162,96,10,-78,-144,-181,27,223
62183,mtk,MTK 7916,2153089429,rx2-tx1,512,0,0,0,0,0,0,0,0,0,0,0,0,0,0,0,0,0,0,0,0,0,0,0,0,0,0,0,0,0,0,0,0,0,0,0,0,0,0,0,0,0,0,0,0,0,0,0,0,0,0,0,0,0,0,0,0,0,0,0,0,0,0,0,0,0,0,0,0,0,0,0,0,0,0,0,0,0,0,0,0,0,0,0,0,0,0,0,0,0,0,0,0,0,0,0,0,0,0,0,0,0,0,0,0,0,0,0,0,0,0,0,0,0,0,0,0,0,0,0,0,0,0,0,0,0,0,0,0,0,0,0,0,0,0,0,0,0,0,0,0,0,0,0,0,0,0,0,0,0,0,0,0,0,0,0,0,0,0,0,0,0,0,0,0,0,0,0,0,0,0,0,0,0,0,0,0,0,0,0,0,0,0,0,0,0,0,0,0,0,0,0,0,0,0,0,0,0,0,0,0,0,0,0,0,0,0,0,0,0,0,0,0,0,0,0,0,0,0,0,0,0,0,0,0,0,0,0,0,0,0,0,0,0,0,0,0,0,0,0,0,0,0,0,0,0,0,0,0,0,0,0,0,0,0,0,0,381,290,395,-32,-35,-19,12,47,81,99,83,29,-40,-86,-100,-81,-33,22,81,123,120,78,-3,-82,-136,-140,-95,-12,91,177,196,135,23,-111,-208,-230,-170,-37,131,248,285,224,61,-135,-276,-325,-256,-79,142,318,364,256,47,-182,-343,-396,-290,-61,199,390,427,290,29,-241,-430,-455,-312,-45,239,466,502,326,22,-295,-512,-522,-329,6,320,501,500,304,-21,-337,-518,-494,-270,59,359,511,462,229,-74,-335,-475,-422,-186,121,347,436,360,125,-155,-338,-384,-279,-64,181,347,354,209,-17,-236,-359,-332,-166,66,256,336,280,97,-135,-299,-324,-220,-31,174,297,0,157,-26,-205,-301,-264,-123,69,221,277,217,53,-137,-258,-274,-182,-7,179,275,236,129,-29,-192,-267,-215,-75,95,224,242,154,-2,-157,-239,-233,-117,58,220,289,223,61,-113,-245,-278,-204,-47,132,253,273,192,13,-174,-289,-303,-204,-9,162,266,269,160,-15,-171,-263,-235,-116,32,161,236,204,92,-51,-184,-227,-177,-62,77,192,217,150,32,-92,-177,-196,-138,-26,94,184,209,149,32,-84,-165,-190,-153,-52,67,155,186,158,81,-20,-119,-180,-168,-82,2,69,131,154,101,25,-51,-111,-135,-119,-69,8,80,126,129,87,28,-33,-83,-120,-121,-93,-138,-5,0,0,0,0,0,0,0,0,0,0,0,0,0,0,0,0,0,0,0,0,0,0,0,0,0,0,0,0,0,0,0,0,0,0,0,0,0,0,0,0,0,0,0,0,0,0,0,0,0,0,0,0,0,0,0,0,0,0,0,0,0,0,0,0,0,0,0,0,0,0,0,0,0,0,0,0,0,0,0,0,0,0,0,0,0,0,0,0,0,0,0,0,0,0,0,0,0,0,0,0,0,0,0,0,0,0,0,0,0,0,0,0,0,0,0,0,0,0,0,0,0,0,0,0,0,0,0,0,0,0,0,0,0,0,0,0,0,0,0,0,0,0,0,0,0,0,0,0,0,0,0,0,0,0,0,0,0,0,0,0,0,0,0,0,0,0,0,0,0,0,0,0,0,0,0,0,0,0,0,0,0,0,0,0,0,0,0,0,0,0,0,0,0,0,0,0,0,0,0,0,0,0,0,0,0,0,0,0,0,0,0,0,0,0,0,0,0,0,0,0,0,0,0,0,0,0,0,0,0,0,0,0,0,0,0,0,0,0,0,0,0,0,0,0,0,0,0,0,0,0,0,0,0,0,0,0,-1037,491,386,-17,-48,-73,-73,-55,-24,17,65,93,88,60,12,-50,-100,-111,-93,-35,51,119,132,102,41,-49,-136,-173,-143,-68,53,167,218,193,97,-46,-181,-261,-239,-129,30,197,301,286,152,-32,-220,-342,-329,-172,56,273,387,349,172,-70,-301,-424,-361,-162,90,316,429,373,174,-107,-371,-500,-417,-169,134,387,502,441,197,-141,-432,-539,-432,-155,181,447,539,415,137,-181,-428,-509,-370,-95,217,451,503,341,69,-233,-429,-450,-285,-20,249,410,395,213,-41,-277,-396,-346,-150,100,293,365,284,88,-156,-329,-339,-219,-16,195,323,315,169,-55,-242,-323,-265,-95,0,246,301,228,54,-142,-276,-289,-166,21,193,288,250,112,-66,-212,-276,-219,-63,110,233,265,166,2,-151,-252,-241,-117,43,179,236,199,71,-97,-238,-275,-184,-21,139,247,258,143,-49,-215,-306,-276,-132,57,216,295,246,102,-76,-233,-284,-223,-84,90,228,276,211,58,-105,-214,-240,-168,-37,105,203,216,137,2,-130,-208,-208,-115,24,138,196,182,85,-37,-149,-209,-190,-93,27,138,204,188,99,-6,-115,-188,-192,-121,-9,88,158,175,134,38,-67,-144,-167,-144,-77,23,110,147,139,84,2,-71,-131,-155,-119,-43,30,90,117,124,106,54,-2,-60,538,560
62184,mtk,MTK 7916,2153172199,rx0-tx0,512,-330,413,425,-433,-356,-237,-90,57,197,326,411,462,462,418,321,180,31,-102,-236,-348,-411,-434,-418,-354,-260,-133,-3,120,242,323,371,377,352,308,219,107,-1,-104,-191,-275,-319,-332,-318,-272,-222,-143,-32,48,126,208,262,294,301,277,230,166,84,-8,-95,-157,-227,-281,-291,-295,-269,-220,-157,-79,4,93,186,256,306,347,346,322,252,168,59,-58,-193,-323,-421,-464,-475,-438,-341,-206,-61,117,299,432,523,562,548,461,330,164,-26,-221,-389,-513,-580,-611,-579,-481,-321,-129,70,279,455,587,671,665,595,469,291,73,-167,-378,-563,-689,-737,-717,-615,-446,-209,46,-364,527,692,779,786,703,550,323,68,-202,-455,-664,-790,-836,-783,-644,-440,-185,97,369,588,747,837,829,732,544,304,50,-247,-489,-685,-812,-848,-799,-645,-437,-178,108,377,608,785,872,850,752,565,302,25,-272,-522,-722,-858,-880,-807,-649,-424,-142,141,404,641,799,867,847,718,506,255,-49,-332,-569,-757,-849,-847,-752,-573,-310,-21,261,508,692,795,805,719,530,306,41,-223,-442,-608,-712,-725,-639,-482,-287,-69,160,365,517,606,613,552,439,276,74,-124,-317,-450,-524,-539,-482,-361,-209,-18,172,324,436,479,452,353,203,30,-145,-286,-364,-375,-299,-170,-34,255,340,510,-527,-588,-192,-194,-139,-53,54,160,235,274,270,229,131,29,-82,-183,-258,-300,-302,-262,-194,-96,22,135,236,306,347,349,309,224,108,-34,-158,-278,-365,-402,-393,-331,-223,-83,89,230,349,421,448,391,298,174,15,-130,-259,-350,-408,-406,-341,-236,-110,17,139,251,319,336,333,277,171,69,-27,-140,-233,-268,-278,-264,-212,-135,-47,34,109,156,194,202,177,128,68,10,-43,-101,-138,-137,-137,-115,-63,-26,23,61,64,80,88,80,52,10,-23,-41,-61,-66,-57,-41,-14,7,25,37,47,51,42,44,8,-8,-25,-30,-32,-45,-35,-22,-1,4,15,5,-20,-449,-22,-17,-8,1,33,55,71,73,62,64,50,6,-52,-95,-120,-157,-164,-159,-122,-65,5,83,162,239,276,284,235,172,93,-29,-152,-247,-328,-367,-368,-319,-232,-110,44,183,302,393,452,439,378,280,145,-3,-172,-315,-421,-493,-501,-452,-361,-220,-53,127,277,404,490,516,492,415,285,121,-58,-230,-373,-488,-551,-541,-470,-353,-220,-46,143,306,448,527,558,523,419,298,134,-46,-215,-361,-457,-505,-520,-465,-357,-225,-69,100,245,367,454,480,473,417,314,180,31,-113,-259,-367,-438,-471,-449,-388,-288,-163,-3,148,283,385,438,459,456,383,269,133,-21,-175,-323,-82,185,88,181,307,403,458,461,428,341,216,71,-85,-231,-359,-438,-454,-431,-379,-278,-148,-17,125,248,343,401,408,393,328,225,111,-14,-114,-217,-298,-339,-346,-326,-283,-208,-107,-6,93,170,236,301,317,297,277,218,142,56,-35,-121,-197,-257,-298,-303,-285,-243,-199,-110,-21,59,144,209,264,292,302,287,256,188,123,31,-70,-175,-276,-345,-399,-412,-396,-319,-199,-57,90,245,380,472,517,531,465,338,185,15,-176,-349,-482,-571,-593,-554,-460,-317,-145,42,246,417,546,611,627,590,477,320,111,-119,-325,-506,-640,-710,-692,-607,-459,-256,-22,225,452,642,756,780,-49,600,386,138,-131,-379,-604,-759,-821,-796,-684,-492,-258,8,284,522,708,826,842,753,590,368,108,-171,-430,-648,-776,-854,-833,-695,-503,-244,31,317,552,733,835,853,766,610,385,111,-173,-436,-679,-819,-877,-837,-694,-505,-233,66,344,582,768,857,849,762,583,338,63,-235,-505,-701,-827,-871,-794,-651,-427,-147,138,411,642,800,851,801,655,438,172,-93,-363,-569,-709,-780,-735,-604,-421,-188,69,307,488,604,656,638,534,371,162,-55,-250,-409,-530,-580,-561,-470,-314,-142,47,232,378,474,513,471,369,217,37,-143,-300,-398,-436,-400,-294,-145,28,177,263,283,413,347,-82,-310,-175,1,92,181,233,251,210,129,23,-86,-194,-267,-291,-285,-238,-161,-63,47,156,245,310,325,304,243,148,39,-86,-203,-298,-363,-378,-349,-282,-165,-20,131,269,364,430,428,360,261,123,-32,-187,-298,-394,-434,-410,-333,-222,-81,77,216,322,373,372,341,264,149,32,-81,-202,-273,-295,-303,-281,-196,-88,-4,80,155,215,237,238,192,133,68,-10,-75,-129,-166,-169,-169,-139,-81,-28,12,76,112,123,122,84,46,25,-18,-56,-84,-90,-74,-59,-41,-7,16,42,57,52,43,26,16,-8,-12,-36,-53,-40,-36,-19,-14,-2,10,15,7,6,13,-1,13,26,18,24,27,42,50,36,17,-14,-43,-69,-106,-124,-118,-84,-59,-25,35,87,147,191,215,214,192,122,31,-71,-173,-236,-306,-331,-301,-242,-157,-41,92,223,327,400,414,372,289,181,38,-122,-255,-370,-445,-474,-448,-360,-241,-88,80,240,363,466,516,501,435,321,166,-4,-175,-333,-466,-536,-541,-492,-393,-263,-88,105,277,403,491,549,525,455,331,164,3,-184,-328,-440,-515,-532,-487,-394,-251,-97,68,244,373,457,505,493,436,336,196,45,-107,-254,-376,-451,-478,-463,-414,-308,-176,-22,126,260,366,444,472,447,385,273,144,14,-135,-285,-387,-449,-465,-587,-539
62185,mtk,MTK 7916,2153172199,rx0-tx1,512,-686,65,77,-16,-217,-408,-566,-674,-704,-673,-567,-419,-223,3,232,438,607,718,759,731,630,471,243,4,-228,-474,-667,-805,-874,-860,-750,-551,-299,-9,304,582,810,971,1035,991,845,605,282,-63,-435,-785,-1038,-1193,-1231,-1137,-909,-572,-173,268,693,1039,1283,1396,1353,1156,838,420,-47,-517,-926,-1243,-1442,-1469,-1344,-1067,-667,-198,289,744,1117,1376,1492,1434,1234,899,466,-30,-508,-918,-1243,-1431,-1459,-1320,-1067,-706,-267,195,635,1002,1256,1379,1362,1205,926,554,122,-311,-705,-1022,-1256,-1351,-1290,-1104,-817,-433,-11,419,807,1121,1299,1336,1248,1024,693,295,-138,-555,-910,-1167,-1298,-1310,-1160,-899,98,-150,295,680,995,1204,1281,1235,1056,772,395,-15,-429,-801,-1070,-1241,-1275,-1186,-968,-646,-257,157,562,894,1143,1275,1254,1121,876,540,131,-290,-680,-1006,-1216,-1331,-1291,-1098,-799,-423,16,466,866,1181,1369,1404,1287,1029,667,218,-272,-742,-1119,-1382,-1489,-1418,-1215,-847,-372,137,625,1059,1361,1496,1472,1268,927,471,-48,-547,-963,-1281,-1441,-1409,-1232,-904,-470,5,471,864,1157,1298,1270,1105,818,434,26,-386,-738,-970,-1088,-1084,-934,-686,-367,-23,303,586,782,879,883,771,579,327,43,-227,-466,-638,-728,-738,-641,-463,-237,20,266,486,618,646,576,419,193,-58,-279,-421,-470,-400,52,52,0,-285,-464,-195,-174,-119,-27,85,192,272,301,279,198,79,-51,-182,-288,-351,-356,-320,-236,-124,21,174,300,386,437,425,358,237,90,-78,-253,-388,-482,-521,-497,-398,-242,-46,144,330,484,574,587,540,420,241,28,-193,-383,-539,-615,-630,-572,-439,-255,-32,190,390,546,649,681,624,490,296,74,-167,-399,-572,-673,-717,-670,-547,-361,-133,129,382,580,704,752,713,591,394,146,-115,-358,-571,-723,-776,-752,-611,-419,-173,103,355,566,704,772,729,613,418,168,-85,-323,-525,-645,-698,-670,-567,-400,-193,26,238,418,549,611,600,524,398,236,46,-132,-289,-431,-511,-527,-495,-282,-274,-139,19,167,292,396,445,450,421,339,240,117,-23,-150,-261,-353,-412,-421,-394,-332,-241,-126,-9,109,226,334,403,432,420,376,297,192,63,-81,-212,-341,-442,-512,-531,-482,-401,-271,-87,106,297,482,601,663,657,574,428,219,-4,-237,-466,-644,-747,-766,-701,-556,-346,-92,156,392,599,733,788,764,631,455,226,-25,-274,-496,-658,-746,-760,-697,-556,-363,-133,116,340,531,672,743,732,645,485,278,50,-172,-385,-560,-662,-705,-669,-570,-424,-234,-20,196,388,535,639,679,642,547,397,220,19,-195,-383,-531,-629,-653,-621,-540,-402,-209,-11,205,404,541,642,460,263,9,110,117,-687,-660,-565,-411,-212,6,220,420,577,692,727,687,587,434,239,13,-225,-445,-634,-758,-796,-782,-685,-500,-276,-15,260,519,735,879,948,914,780,576,302,-10,-347,-654,-918,-1071,-1126,-1081,-896,-604,-248,146,542,894,1156,1305,1315,1169,885,512,76,-389,-803,-1149,-1370,-1446,-1358,-1120,-770,-328,164,632,1039,1330,1476,1461,1288,979,573,93,-401,-847,-1200,-1422,-1493,-1387,-1157,-801,-349,139,587,964,1257,1410,1412,1263,983,611,184,-262,-677,-1018,-1254,-1356,-1316,-1147,-872,-503,-65,372,749,1061,1271,1339,1272,1076,756,356,-63,-486,-861,-1144,-1298,-1323,-1194,-945,-598,-209,213,620,939,-999,1292,1265,1092,828,461,57,-358,-734,-1035,-1218,-1285,-1214,-1008,-698,-317,92,485,834,1093,1250,1276,1165,924,603,195,-226,-613,-942,-1181,-1299,-1273,-1117,-839,-481,-70,374,775,1081,1287,1373,1297,1077,745,317,-148,-595,-980,-1262,-1426,-1434,-1269,-961,-545,-45,442,890,1248,1456,1493,1372,1088,661,174,-340,-813,-1189,-1434,-1498,-1378,-1110,-723,-230,267,723,1102,1329,1397,1291,1041,682,232,-220,-625,-952,-1153,-1203,-1127,-900,-578,-214,172,524,784,949,995,918,744,480,195,-113,-395,-614,-757,-802,-755,-620,-413,-168,91,346,536,661,691,633,483,248,-7,-253,-444,-562,-571,-465,-285,-62,140,138,118,0,456,252,17,108,193,243,246,192,94,-26,-150,-254,-320,-334,-297,-215,-86,53,183,297,375,412,382,295,171,20,-141,-287,-399,-459,-471,-417,-303,-158,14,203,373,500,560,545,472,327,142,-60,-267,-447,-571,-620,-586,-500,-342,-134,74,294,480,604,656,624,525,371,166,-62,-287,-476,-615,-695,-693,-590,-416,-212,25,261,473,629,717,732,645,472,254,5,-255,-487,-661,-754,-759,-679,-527,-292,-26,239,481,646,757,763,684,516,307,46,-213,-443,-623,-724,-732,-662,-508,-294,-64,167,378,536,633,654,602,491,321,114,-94,-280,-430,-533,-576,-547,-477,-353,-184,-7,171,288,414,471,490,452,373,255,107,-24,-163,-281,-361,-414,-427,-389,-326,-238,-125,6,129,246,340,387,410,397,361,281,161,35,-99,-221,-325,-407,-459,-467,-426,-358,-236,-85,91,255,390,518,590,598,549,435,257,53,-168,-383,-554,-672,-713,-688,-588,-404,-168,82,324,538,701,772,763,675,513,288,42,-220,-453,-628,-748,-781,-730,-603,-407,-172,77,322,528,669,753,748,659,517,314,87,-148,-372,-554,-672,-714,-693,-611,-453,-252,-30,193,380,538,644,685,655,546,408,227,12,-198,-393,-540,-628,-662,-636,-543,-397,-211,-2,200,380,548,642,668,649,535,386,201,335,524
62186,mtk,MTK 7916,2153172199,rx1-tx0,512,0,-48,-85,-296,-353,-375,-342,-272,-171,-74,41,148,234,293,308,290,245,167,68,-21,-106,-193,-251,-280,-284,-233,-162,-87,15,111,193,257,278,269,221,143,45,-67,-169,-242,-297,-305,-272,-197,-94,17,134,230,300,327,305,234,130,14,-98,-211,-290,-330,-323,-268,-199,-92,16,127,209,276,309,311,281,224,126,24,-83,-188,-267,-328,-348,-321,-270,-200,-98,14,142,248,323,380,396,364,304,198,65,-86,-213,-315,-412,-458,-445,-387,-287,-148,3,176,337,466,540,557,517,405,242,42,-169,-364,-516,-614,-643,-602,-482,-312,-93,162,374,562,683,716,663,533,339,115,794,-369,-556,-701,-742,-695,-577,-377,-143,108,361,548,692,749,718,596,401,160,-93,-335,-531,-674,-737,-695,-591,-423,-197,62,291,491,635,689,676,575,411,203,-40,-239,-424,-562,-621,-638,-568,-418,-237,-22,190,374,514,590,592,528,416,236,59,-125,-307,-447,-525,-538,-506,-398,-238,-65,118,277,397,454,475,424,312,176,45,-89,-219,-309,-354,-365,-314,-236,-156,-39,58,142,205,247,253,221,190,132,63,-2,-59,-127,-170,-190,-184,-165,-130,-90,-54,-3,59,113,146,165,173,155,130,85,19,-53,-104,-158,-187,-184,-158,-105,-25,54,116,167,190,163,99,16,54,10,0,-325,-233,17,155,286,356,367,289,148,-32,-205,-348,-439,-455,-398,-292,-141,48,216,360,455,485,466,381,249,75,-108,-273,-399,-487,-516,-471,-386,-252,-86,85,275,421,522,554,530,453,312,125,-70,-263,-430,-530,-594,-590,-508,-374,-191,24,220,383,523,596,599,542,430,253,46,-140,-324,-474,-582,-604,-562,-470,-324,-159,42,252,397,511,568,559,493,373,233,75,-111,-265,-383,-468,-513,-492,-425,-327,-196,-39,120,267,387,464,513,498,449,329,184,24,-147,-315,-446,-523,-544,-518,-440,-313,-149,26,205,365,490,547,547,502,412,255,82,-95,-267,-406,-505,-555,-529,381,-355,-196,-23,151,315,441,496,526,507,428,313,160,5,-162,-299,-411,-478,-508,-486,-415,-318,-188,-36,130,276,401,494,544,544,478,375,231,41,-148,-330,-482,-592,-638,-624,-531,-386,-201,19,240,444,589,683,715,652,519,344,126,-120,-344,-540,-676,-731,-715,-625,-455,-233,9,264,477,629,720,733,667,536,345,111,-127,-350,-544,-651,-705,-676,-573,-418,-210,10,228,405,539,616,628,566,455,287,93,-99,-274,-415,-508,-552,-534,-469,-353,-208,-30,152,288,398,481,508,467,393,270,121,-29,-194,-327,-425,-478,-473,-423,-313,-166,-16,129,259,368,418,431,377,-80,-232,0,99,61,-229,-125,2,130,238,300,334,337,291,222,123,20,-80,-176,-259,-293,-286,-260,-204,-127,-43,59,159,219,268,280,247,192,112,17,-82,-176,-247,-286,-287,-245,-172,-72,42,147,233,281,309,287,220,118,-6,-122,-225,-292,-320,-315,-261,-165,-56,63,159,248,310,328,305,246,165,55,-57,-164,-247,-302,-323,-319,-267,-196,-111,-6,111,206,293,342,365,339,274,189,84,-51,-176,-287,-373,-419,-425,-372,-307,-192,-39,122,264,389,470,507,493,404,271,107,-72,-255,-420,-540,-600,-584,-506,-362,-170,46,268,455,595,689,681,586,421,202,-37,-267,-475,-632,-713,572,-603,-467,-256,3,245,466,639,721,737,646,485,275,22,-227,-459,-630,-727,-739,-656,-506,-299,-43,194,412,589,707,712,634,505,311,82,-153,-377,-544,-661,-679,-618,-501,-305,-105,101,318,478,583,628,586,498,333,138,-68,-260,-427,-538,-570,-547,-466,-322,-145,34,214,379,478,509,493,406,278,129,-30,-192,-320,-384,-405,-387,-331,-229,-113,18,143,223,286,312,289,247,187,112,4,-68,-138,-186,-211,-202,-188,-163,-108,-53,10,66,112,135,154,172,165,135,90,41,-19,-74,-123,-168,-193,-177,-147,-105,-37,33,106,167,194,180,144,87,3,-77,-133,-152,76,117,0,-79,-209,278,269,179,41,-126,-284,-393,-429,-386,-286,-129,53,225,359,454,475,428,333,177,7,-173,-330,-439,-506,-502,-434,-316,-162,30,207,352,469,525,529,469,346,186,2,-167,-341,-492,-573,-588,-538,-407,-250,-66,138,323,480,581,609,555,455,317,116,-89,-275,-441,-561,-601,-586,-517,-386,-199,10,198,364,483,561,594,537,424,273,92,-95,-267,-399,-494,-549,-537,-454,-348,-207,-50,124,267,383,464,511,493,441,331,202,40,-122,-279,-402,-478,-522,-518,-452,-329,-172,-7,163,323,457,528,550,513,424,283,108,-67,-228,-387,-507,-555,-556,-494,-371,-228,-48,141,-1037,418,508,538,517,451,318,165,13,-155,-302,-421,-494,-519,-494,-415,-305,-163,-11,143,271,386,471,521,514,453,352,212,51,-124,-296,-428,-545,-603,-590,-516,-393,-213,-15,201,401,549,650,691,653,544,377,180,-60,-295,-496,-636,-726,-727,-647,-500,-285,-51,186,406,596,707,749,708,585,403,187,-67,-303,-500,-647,-718,-707,-631,-469,-266,-48,190,385,547,639,668,619,500,334,149,-57,-251,-412,-535,-586,-572,-499,-376,-223,-52,122,279,414,491,536,500,419,314,171,-5,-161,-294,-399,-456,-479,-447,-354,-225,-77,78,226,348,430,453,429,357,234,102,-40,-174,303,225
62187,mtk,MTK 7916,2153172199,rx1-tx1,512,0,0,0,-682,-344,79,489,791,932,879,640,268,-168,-570,-855,-953,-852,-587,-202,235,614,872,961,846,539,134,-284,-645,-875,-927,-798,-487,-79,327,657,862,872,707,400,17,-367,-656,-803,-787,-612,-310,51,396,652,751,688,482,178,-152,-430,-626,-694,-611,-390,-95,212,453,605,627,512,303,38,-236,-439,-529,-513,-401,-210,15,219,354,410,379,261,95,-74,-209,-276,-276,-199,-79,56,158,215,199,128,18,-99,-199,-246,-240,-164,-31,125,259,336,348,286,155,-25,-226,-384,-451,-415,-291,-110,108,318,471,532,476,311,79,-177,-415,-570,-615,-531,-334,-58,228,471,623,0,570,358,70,-247,-522,-686,-718,-616,-395,-87,239,521,705,752,644,410,100,-230,-516,-700,-736,-638,-416,-116,199,475,657,702,602,388,114,-175,-429,-594,-636,-546,-354,-98,180,421,557,579,481,299,60,-186,-391,-515,-534,-437,-257,-36,186,375,474,486,394,220,16,-179,-345,-441,-446,-379,-241,-46,136,272,357,380,325,205,60,-74,-191,-266,-287,-257,-173,-68,32,116,168,182,146,96,42,-21,-74,-95,-85,-56,-24,16,52,66,61,25,-19,-53,-72,-81,-81,-64,-22,23,61,103,129,132,108,59,2,-54,-93,-126,-139,-134,-108,-69,-32,3,41,66,70,0,0,0,0,0,-29,-24,-24,-21,-19,-15,-24,-32,-35,-34,-16,1,24,52,78,95,109,104,74,26,-31,-97,-155,-186,-194,-176,-119,-33,56,137,211,246,244,210,132,19,-94,-201,-274,-303,-279,-205,-87,28,137,223,270,271,225,135,37,-66,-155,-197,-200,-172,-118,-42,25,76,95,96,71,38,16,-4,-14,-6,20,51,87,94,61,-8,-92,-177,-240,-268,-241,-161,-22,141,287,391,437,402,278,84,-140,-350,-510,-596,-563,-411,-183,94,362,571,688,677,530,273,-50,-363,-615,-768,-785,-642,-368,-16,336,629,813,836,697,425,65,-318,-633,-829,-871,-734,-460,-94,304,0,832,867,736,458,93,-282,-599,-804,-837,-698,-420,-59,308,605,777,785,632,345,-16,-365,-631,-762,-739,-564,-265,88,409,635,734,682,478,178,-153,-448,-634,-685,-597,-374,-67,239,487,636,640,497,249,-44,-314,-511,-592,-536,-362,-109,170,405,533,534,410,181,-89,-342,-524,-582,-494,-291,-8,292,532,652,630,467,178,-162,-481,-703,-775,-692,-453,-101,284,619,836,883,744,449,54,-370,-722,-923,-946,-770,-433,5,436,783,971,960,746,384,-54,-484,-814,-972,-929,-702,-328,116,529,834,967,895,630,233,-201,-590,-855,-944,-837,-553,-139,291,648,871,911,758,452,0,0,0,0,0,-613,-858,-932,-807,-502,-99,329,692,910,939,775,435,8,-412,-748,-940,-935,-733,-387,36,462,786,947,908,694,342,-88,-490,-780,-912,-851,-617,-263,140,511,762,854,761,515,166,-214,-534,-730,-773,-659,-405,-71,268,543,702,706,557,292,-31,-339,-560,-663,-629,-468,-210,78,346,523,591,538,375,136,-120,-325,-443,-477,-410,-250,-52,131,277,348,320,226,95,-53,-174,-233,-227,-158,-48,70,171,233,214,138,24,-111,-226,-291,-291,-220,-84,91,260,371,405,354,212,11,-194,-367,-479,-487,-389,-213,24,273,473,574,554,416,198,-70,-341,-539,-637,-618,-469,-221,0,392,610,709,668,502,234,-87,-397,-632,-739,-692,-521,-254,72,390,626,741,707,536,264,-63,-369,-602,-713,-683,-529,-277,37,341,563,659,632,484,242,-48,-324,-518,-606,-575,-436,-210,50,303,489,564,516,379,176,-72,-300,-456,-510,-465,-339,-147,83,290,431,483,446,319,139,-48,-227,-357,-409,-391,-292,-139,27,166,269,320,312,244,141,7,-121,-199,-231,-220,-167,-83,-9,57,106,124,115,82,28,-22,-58,-69,-57,-42,-10,31,57,71,68,42,-2,-49,-86,-108,-116,-98,-65,-22,37,88,123,138,136,106,68,18,-36,-79,-113,-130,-121,-104,-81,-48,0,0,0,0,0,-4,-5,-7,-7,-9,-14,-20,-25,-36,-45,-62,-72,-73,-68,-52,-16,29,81,111,140,154,140,93,36,-32,-104,-174,-213,-232,-213,-133,-34,62,160,249,292,274,211,121,4,-119,-218,-279,-291,-252,-168,-64,48,146,218,247,230,172,96,2,-84,-131,-150,-134,-92,-49,-1,41,49,39,11,-17,-41,-41,-9,25,73,135,178,167,126,51,-53,-171,-278,-346,-345,-263,-130,37,222,390,494,508,424,250,18,-237,-465,-607,-631,-548,-361,-85,227,500,679,748,678,470,163,-174,-492,-736,-835,-757,-545,-226,149,505,760,865,809,605,280,-114,-486,-752,-869,-819,0,-276,98,459,738,870,816,603,281,-114,-474,-725,-820,-758,-546,-216,162,491,712,791,702,459,121,-224,-516,-712,-753,-637,-389,-57,279,556,704,697,549,284,-47,-360,-581,-674,-617,-443,-169,137,406,577,622,522,315,44,-230,-451,-573,-548,-395,-154,124,368,524,562,454,230,-42,-323,-526,-603,-558,-378,-90,234,514,690,712,579,309,-36,-390,-683,-837,-802,-598,-267,125,505,804,939,878,634,242,-196,-596,-874,-986,-893,-606,-199,243,645,919,993,860,558,145,-303,-686,-917,-964,-809,-491,-74,366,728,931,934,739,394,-27,-444,-765,-930,-894,-669,-307,113,505,788,0,0
62188,mtk,MTK 7916,2153172199,rx2-tx0,512,0,0,0,940,1254,1324,1112,674,86,-525,-1040,-1346,-1374,-1118,-637,-20,609,1109,1373,1354,1056,541,-80,-687,-1137,-1345,-1277,-940,-396,218,782,1177,1311,1160,772,224,-365,-864,-1179,-1256,-1045,-606,-53,506,953,1195,1166,888,435,-102,-603,-967,-1112,-1021,-703,-234,274,692,940,982,804,450,-1,-437,-767,-898,-826,-579,-189,242,598,808,822,641,309,-95,-481,-747,-827,-725,-437,-43,356,674,844,812,583,213,-209,-592,-845,-905,-753,-413,25,472,835,1014,957,685,259,-247,-725,-1060,-1155,-994,-616,-92,472,948,1233,1262,1023,540,-72,-684,-1162,-1397,-1336,-1008,-464,204,835,1297,1501,1391,996,392,0,-962,-1414,-1568,-1400,-959,-315,412,1051,1470,1590,1389,903,227,-492,-1106,-1497,-1571,-1320,-807,-133,568,1150,1485,1502,1213,684,5,-670,-1188,-1456,-1417,-1075,-515,144,779,1245,1427,1302,914,326,-342,-926,-1312,-1420,-1233,-771,-149,509,1062,1386,1422,1158,644,-10,-662,-1179,-1459,-1456,-1145,-587,85,738,1237,1494,1449,1114,550,-116,-759,-1238,-1467,-1397,-1063,-525,107,708,1153,1374,1313,990,485,-101,-649,-1062,-1261,-1199,-909,-452,69,556,920,1111,1064,820,442,-12,-456,-789,-961,-944,-749,-423,-34,339,631,797,810,676,437,130,-195,-466,-635,-691,-634,-479,-261,-18,207,385,490,510,459,362,230,0,0,0,0,0,356,427,453,417,312,146,-68,-302,-510,-659,-717,-658,-487,-237,73,388,653,817,841,720,463,113,-278,-618,-853,-938,-857,-620,-260,170,580,889,1039,996,763,376,-88,-535,-896,-1094,-1078,-862,-487,-15,456,836,1058,1084,895,541,97,-361,-743,-980,-1007,-835,-525,-121,311,669,877,905,741,433,63,-298,-595,-768,-779,-625,-357,-25,300,538,659,643,498,246,-31,-287,-477,-556,-501,-354,-154,73,272,392,408,348,225,51,-124,-241,-285,-261,-186,-75,47,146,192,176,110,1,-95,-157,-179,-146,-44,87,204,267,276,218,87,-88,-260,-403,-465,-422,-279,-57,198,433,586,0,535,327,38,-281,-567,-749,-782,-654,-387,-25,363,685,883,909,746,429,17,-414,-773,-979,-994,-801,-436,10,442,797,1003,993,776,418,-22,-461,-810,-995,-964,-729,-359,82,504,812,940,879,639,270,-142,-504,-749,-835,-735,-481,-132,227,515,673,678,522,263,-45,-338,-545,-616,-541,-339,-65,213,435,545,523,384,159,-116,-344,-486,-509,-407,-204,56,294,448,500,442,261,-2,-265,-472,-573,-528,-342,-77,218,476,629,643,507,239,-96,-425,-673,-779,-713,-470,-109,284,617,836,884,738,409,-9,-429,-784,-988,-970,-734,-340,146,617,964,1113,1027,721,252,-280,-765,-1096,0,0,0,0,0,-907,-400,194,758,1183,1375,1286,914,356,-266,-838,-1247,-1403,-1270,-868,-289,344,905,1265,1369,1189,758,171,-445,-963,-1275,-1316,-1065,-599,-6,581,1046,1277,1238,940,434,-158,-695,-1084,-1247,-1137,-783,-264,295,785,1088,1148,961,580,77,-430,-829,-1036,-1011,-764,-352,127,565,859,958,836,523,102,-330,-680,-863,-830,-608,-264,150,531,765,819,685,375,-20,-410,-700,-830,-755,-508,-140,273,634,845,850,654,302,-136,-552,-851,-956,-848,-538,-94,388,795,1042,1065,849,426,-92,-601,-1013,-1218,-1146,-819,-313,282,840,1231,1349,1185,779,189,-448,-1005,-1376,-1457,-1217,-742,-106,580,1148,1480,0,1237,683,-4,-686,-1242,-1546,-1529,-1203,-627,79,769,1304,1575,1516,1140,533,-179,-849,-1343,-1564,-1456,-1035,-412,277,913,1356,1511,1349,902,270,-411,-994,-1366,-1444,-1213,-726,-95,564,1099,1388,1381,1085,544,-106,-726,-1194,-1421,-1338,-972,-405,258,879,1316,1475,1327,902,285,-399,-1005,-1396,-1507,-1314,-855,-226,447,1036,1411,1497,1285,812,195,-445,-992,-1348,-1427,-1230,-798,-214,402,926,1250,1316,1137,736,198,-351,-817,-1110,-1179,-1023,-671,-200,286,705,974,1036,907,616,219,-205,-569,-810,-902,-827,-592,-256,98,422,653,761,730,571,320,39,-228,-450,-588,-621,-554,-419,-244,-56,120,245,317,0,0,0,0,0,-149,-32,121,294,449,563,609,570,436,224,-40,-331,-587,-750,-798,-712,-495,-189,150,484,754,897,870,682,368,-15,-413,-748,-955,-991,-837,-515,-91,352,742,1005,1080,957,643,205,-273,-702,-998,-1109,-1013,-731,-308,166,603,919,1059,982,730,338,-113,-531,-826,-955,-889,-650,-285,118,485,751,853,773,544,222,-122,-445,-659,-728,-645,-436,-145,164,420,576,603,518,323,69,-173,-364,-474,-485,-380,-195,6,182,308,357,317,211,69,-70,-181,-236,-213,-133,-36,67,152,172,134,61,-46,-150,-214,-218,-166,-47,102,242,333,364,304,165,-31,-241,-426,-537,-536,-407,-179,0,378,596,710,672,486,194,-151,-481,-742,-859,-791,-561,-218,179,560,845,963,885,618,221,-215,-611,-899,-1009,-915,-636,-226,240,652,928,1016,900,594,169,-281,-670,-923,-977,-822,-511,-105,320,667,859,869,695,383,7,-353,-626,-754,-718,-524,-220,119,416,615,656,540,312,19,-264,-469,-565,-525,-360,-110,167,393,504,500,389,180,-72,-314,-476,-505,-408,-218,34,280,457,535,481,295,28,-246,-474,-586,-564,-405,-141,168,460,660,707,597,343,2,-354,-652,-817,-803,-595,-251,160,553,841,949,852,574,154,-318,-723,-989,-1054,-890,-527,-43,468,887,1130,1144,905,462,0,0
62189,mtk,MTK 7916,2153172199,rx2-tx1,512,0,0,0,-378,-528,-567,-501,-334,-104,139,345,466,492,422,261,51,-143,-301,-385,-390,-309,-160,11,156,261,307,277,187,57,-74,-173,-230,-229,-176,-85,18,100,158,172,151,86,8,-62,-103,-108,-73,-18,49,106,128,92,12,-81,-167,-229,-244,-202,-99,47,206,337,408,391,289,120,-94,-311,-478,-560,-526,-371,-134,133,387,580,659,598,404,120,-194,-480,-664,-716,-626,-399,-76,270,562,750,771,627,352,3,-363,-661,-830,-826,-649,-336,61,444,730,878,850,640,295,-111,-496,-785,-919,-864,-642,-283,139,533,806,912,834,594,240,-167,-527,-771,-858,-767,-523,-178,185,0,709,757,654,405,71,-265,-530,-672,-658,-497,-239,68,340,525,587,505,299,40,-224,-455,-574,-543,-384,-123,177,437,617,649,508,248,-91,-430,-683,-818,-775,-542,-167,268,667,953,1065,945,614,147,-375,-860,-1179,-1280,-1136,-747,-196,402,961,1359,1485,1329,904,298,-375,-986,-1419,-1579,-1447,-1033,-414,291,945,1423,1628,1526,1140,541,-161,-836,-1354,-1609,-1549,-1211,-664,-2,651,1178,1484,1500,1250,787,184,-442,-964,-1284,-1362,-1199,-828,-319,221,700,1026,1152,1070,803,409,-38,-448,-766,-928,-916,-735,-439,-92,249,542,723,770,694,513,268,-3,-255,-447,-552,-584,-535,-423,-280,-120,0,0,0,0,0,-315,-316,-272,-178,-48,102,251,373,453,477,420,292,121,-70,-251,-395,-466,-465,-375,-220,-20,176,350,450,463,390,234,38,-162,-345,-461,-481,-413,-260,-39,195,385,508,523,440,266,45,-196,-403,-539,-569,-492,-312,-69,185,403,556,588,508,323,73,-182,-386,-523,-564,-504,-340,-109,136,354,507,545,473,313,108,-107,-290,-396,-420,-370,-252,-89,81,228,303,311,246,140,9,-115,-197,-221,-205,-139,-24,100,186,222,219,162,44,-91,-204,-267,-266,-228,-140,-9,131,244,315,314,244,119,-15,-150,-262,-324,-320,-244,-117,27,152,254,315,301,232,132,-2,-136,0,-265,-252,-211,-133,-33,62,132,173,182,160,106,55,15,-24,-39,-50,-52,-41,-49,-72,-93,-103,-104,-93,-54,6,87,177,241,263,240,166,47,-89,-224,-328,-386,-362,-268,-119,72,270,418,480,452,341,157,-72,-287,-454,-527,-499,-375,-164,82,315,484,562,528,380,148,-112,-349,-511,-559,-502,-333,-94,159,385,533,551,451,255,0,-251,-446,-549,-542,-410,-184,95,345,520,580,521,349,87,-197,-429,-580,-613,-522,-323,-44,258,512,651,647,513,275,-30,-323,-549,-675,-660,-498,-228,75,370,590,689,648,481,205,-101,-386,-593,-680,-624,-445,-183,111,377,556,0,0,0,0,0,464,240,-17,-255,-436,-534,-520,-397,-202,23,236,388,453,415,286,113,-68,-217,-323,-357,-301,-181,-33,117,229,276,260,184,70,-50,-140,-194,-217,-176,-95,-5,72,127,138,111,53,-9,-67,-106,-93,-34,41,108,164,177,126,34,-79,-198,-297,-344,-306,-191,-9,184,358,469,503,425,256,12,-241,-455,-576,-593,-495,-279,14,306,543,679,677,525,268,-70,-395,-632,-745,-711,-516,-205,145,477,728,821,732,509,163,-229,-576,-803,-879,-769,-493,-109,291,642,870,923,786,485,91,-331,-675,-888,-919,-756,-448,-55,350,678,858,870,708,402,16,-368,-657,-804,-789,0,-297,58,384,612,714,650,457,168,-150,-429,-596,-625,-510,-280,3,272,480,567,511,328,76,-200,-440,-587,-581,-430,-165,139,435,656,737,637,368,6,-377,-714,-909,-902,-710,-363,89,564,943,1152,1136,880,437,-113,-677,-1118,-1355,-1345,-1069,-556,68,703,1233,1518,1500,1195,666,3,-668,-1219,-1543,-1599,-1346,-802,-113,575,1161,1536,1620,1400,918,259,-434,-1040,-1445,-1595,-1446,-1025,-421,237,837,1271,1443,1362,1042,544,-32,-588,-1016,-1235,-1228,-1005,-612,-125,360,758,999,1044,900,610,234,-170,-519,-752,-842,-787,-613,-341,-14,289,518,659,693,621,471,268,46,-148,-297,-382,-409,0,0,0,0,0,-43,-155,-266,-360,-417,-423,-374,-269,-112,70,246,387,469,479,407,264,87,-107,-296,-432,-477,-439,-317,-147,57,257,419,489,452,336,154,-72,-281,-435,-507,-484,-363,-164,74,302,469,545,511,391,186,-69,-315,-496,-582,-550,-407,-200,46,295,479,569,546,421,216,-32,-284,-464,-542,-536,-425,-227,4,218,388,481,472,373,205,2,-174,-316,-386,-355,-257,-125,23,153,239,270,224,126,7,-100,-193,-226,-207,-134,-27,97,198,253,252,187,84,-51,-171,-256,-312,-293,-189,-64,74,209,297,313,279,189,52,-86,-211,-296,-317,-285,-196,-65,72,202,278,296,262,0,66,-42,-133,-196,-227,-212,-156,-77,-1,52,98,127,128,95,65,52,50,30,22,20,18,-2,-51,-107,-148,-184,-196,-150,-57,43,143,248,328,332,275,166,11,-171,-326,-424,-441,-374,-226,-23,203,374,475,502,430,260,36,-196,-389,-526,-550,-452,-268,-32,217,421,542,562,460,254,-8,-259,-460,-564,-535,-403,-187,69,320,504,569,495,329,99,-171,-399,-534,-551,-461,-263,-3,268,486,589,575,439,202,-85,-348,-545,-639,-595,-417,-153,139,416,614,675,598,399,109,-208,-478,-644,-687,-592,-372,-69,247,512,657,666,556,337,39,-276,-515,-647,-654,-527,-303,0,0
62190,mtk,MTK 7916,2153201937,rx0-tx0,512,-330,413,425,394,294,180,42,-98,-228,-346,-420,-464,-482,-463,-387,-302,-198,-58,77,198,304,396,441,446,428,374,296,206,87,-29,-135,-241,-306,-349,-374,-370,-338,-293,-228,-147,-64,37,115,189,241,282,316,332,319,282,228,163,87,-6,-86,-149,-218,-274,-305,-310,-299,-282,-240,-176,-121,-58,23,98,161,224,286,323,343,345,319,283,227,141,28,-83,-197,-318,-406,-471,-504,-493,-445,-368,-251,-105,50,199,349,482,571,618,603,536,443,320,161,-19,-198,-365,-501,-595,-659,-665,-617,-522,-382,-206,-15,180,357,516,647,715,741,707,602,444,257,41,-168,-383,-579,-713,-364,-819,-766,-644,-474,-266,-39,204,442,639,784,850,852,782,655,468,243,-6,-253,-477,-665,-786,-859,-870,-777,-646,-460,-237,12,260,482,669,802,869,877,794,650,466,225,-34,-290,-512,-698,-821,-885,-878,-793,-657,-458,-208,49,300,527,705,835,892,866,767,620,406,160,-96,-351,-562,-742,-860,-893,-865,-741,-553,-341,-86,179,423,625,766,840,836,761,627,416,178,-59,-284,-491,-633,-725,-753,-706,-598,-438,-255,-45,157,340,495,589,629,613,541,425,283,110,-74,-241,-382,-479,-538,-537,-481,-377,-236,-66,100,256,372,445,470,423,322,174,22,-124,-238,-296,-293,255,340,510,-527,-588,121,192,234,235,198,127,31,-73,-157,-231,-279,-302,-278,-223,-154,-64,35,134,215,278,326,337,307,256,185,79,-31,-146,-256,-338,-396,-421,-384,-310,-211,-90,48,181,289,379,435,438,404,314,193,79,-64,-184,-289,-381,-413,-412,-374,-290,-186,-67,56,161,244,306,349,341,307,236,154,62,-45,-124,-179,-229,-257,-246,-224,-180,-121,-48,13,74,129,159,178,177,156,116,71,16,-35,-71,-115,-128,-118,-104,-78,-58,-17,23,44,70,83,80,69,48,23,-9,-40,-51,-53,-50,-50,-41,-36,-9,8,16,23,35,44,36,36,26,12,8,6,-6,0,-449,18,17,11,-2,-24,-40,-63,-80,-92,-95,-90,-87,-63,-19,28,80,124,174,204,209,213,182,120,42,-36,-124,-213,-289,-337,-342,-314,-261,-183,-82,40,157,255,350,402,435,419,360,278,151,11,-115,-254,-377,-459,-495,-508,-482,-388,-269,-126,22,162,311,424,499,552,534,484,396,260,120,-41,-188,-329,-445,-530,-575,-562,-501,-405,-285,-123,44,193,348,458,526,552,549,498,402,267,137,-26,-184,-309,-427,-492,-519,-510,-480,-399,-280,-154,-22,111,243,353,437,488,497,466,406,328,205,78,-53,-194,-306,-392,-466,-504,-485,-441,-367,-250,-126,-6,135,271,-175,-323,-82,185,88,-293,-389,-461,-499,-488,-446,-358,-241,-130,1,148,280,366,435,471,462,418,355,255,126,6,-114,-230,-314,-382,-418,-410,-388,-336,-255,-171,-67,40,132,201,278,323,352,347,316,282,224,154,80,-10,-97,-175,-239,-277,-310,-321,-292,-262,-220,-161,-88,-17,47,122,196,245,281,308,318,291,264,224,170,106,25,-64,-160,-236,-313,-383,-420,-426,-411,-356,-262,-155,-21,131,268,391,491,555,564,542,470,352,204,38,-142,-287,-418,-528,-605,-626,-603,-531,-406,-265,-94,84,263,431,570,665,700,677,610,496,333,144,-60,-263,-458,-613,-728,-784,-764,-700,-555,-374,-49,78,308,514,670,779,827,822,734,582,373,131,-116,-355,-565,-733,-839,-877,-834,-732,-562,-350,-131,139,380,579,746,850,884,842,725,556,351,116,-135,-392,-593,-755,-859,-885,-842,-730,-561,-345,-102,160,399,612,791,885,899,837,713,536,327,69,-197,-441,-657,-811,-889,-902,-827,-693,-505,-261,-14,245,492,671,799,870,854,762,603,388,145,-107,-342,-555,-720,-803,-809,-760,-632,-442,-235,-3,221,410,557,647,681,654,574,436,267,77,-104,-274,-418,-522,-575,-573,-514,-408,-268,-102,71,228,359,456,501,494,425,305,162,2,-163,-302,-386,-403,-365,-267,-134,2,413,347,-82,-310,-175,157,108,21,-75,-163,-236,-276,-269,-236,-171,-86,18,125,200,262,306,311,289,226,159,71,-41,-141,-224,-305,-360,-370,-350,-288,-199,-100,27,166,275,363,413,428,397,330,235,95,-55,-187,-315,-386,-431,-442,-388,-318,-202,-70,53,167,277,349,386,381,336,266,180,66,-50,-146,-223,-266,-298,-291,-259,-213,-144,-47,38,107,162,207,222,210,192,145,89,28,-28,-76,-110,-130,-153,-140,-125,-92,-36,8,37,70,91,106,90,78,58,25,-10,-41,-55,-73,-77,-61,-42,-24,-7,16,36,54,58,49,41,37,29,6,-8,-19,-34,-34,-22,-20,-10,3,26,-13,-28,-38,-49,-49,-46,-43,-26,-1,29,51,88,126,152,149,141,121,93,26,-36,-106,-186,-247,-276,-280,-268,-226,-160,-68,46,157,253,338,380,399,364,313,226,113,-10,-150,-267,-375,-453,-477,-468,-427,-340,-207,-71,67,217,354,455,520,534,509,445,334,205,52,-122,-259,-395,-493,-551,-568,-528,-452,-339,-204,-38,130,282,400,501,559,560,528,458,337,194,44,-110,-276,-402,-492,-535,-557,-511,-441,-337,-204,-64,71,211,346,435,486,506,494,442,353,240,105,-31,-163,-277,-382,-455,-477,-485,-455,-380,-294,-181,-38,97,216,341,428,474,490,476,405,-587,-539
62191,mtk,MTK 7916,2153201937,rx0-tx1,512,-686,65,77,177,348,520,640,699,726,694,602,468,303,121,-85,-267,-435,-595,-701,-762,-785,-740,-629,-480,-302,-85,146,371,577,734,860,927,917,848,704,506,259,-20,-311,-575,-799,-996,-1118,-1126,-1067,-923,-696,-397,-63,294,647,956,1177,1311,1355,1276,1094,810,464,76,-346,-724,-1061,-1309,-1460,-1497,-1380,-1166,-866,-481,-59,363,757,1105,1354,1483,1506,1403,1186,876,501,78,-347,-746,-1076,-1313,-1445,-1461,-1377,-1169,-869,-520,-133,260,633,961,1212,1352,1386,1328,1167,920,590,228,-146,-505,-839,-1106,-1283,-1364,-1342,-1209,-971,-678,-324,60,430,770,1049,1242,1333,1318,1216,1018,725,384,5,-359,98,-986,-1189,-1300,-1309,-1214,-1024,-762,-439,-76,288,633,912,1130,1260,1300,1229,1052,803,489,139,-215,-566,-881,-1114,-1260,-1304,-1255,-1115,-878,-576,-235,147,511,824,1089,1274,1351,1328,1213,998,667,284,-114,-511,-864,-1161,-1370,-1469,-1439,-1284,-1018,-662,-260,175,612,984,1287,1474,1532,1462,1267,951,550,104,-359,-772,-1117,-1368,-1490,-1470,-1329,-1077,-710,-293,148,566,903,1170,1346,1363,1253,1044,753,395,23,-346,-682,-921,-1071,-1122,-1069,-930,-707,-431,-132,164,435,652,802,888,871,787,631,426,197,-47,-276,-473,-626,-713,-719,-666,-539,-355,-144,95,312,478,589,613,539,385,193,-21,-203,52,52,0,-285,-464,133,187,226,230,188,102,-13,-130,-229,-312,-345,-335,-276,-195,-87,44,163,273,361,410,416,378,298,190,58,-96,-230,-348,-449,-503,-495,-449,-350,-225,-67,108,282,424,531,591,586,532,421,259,84,-103,-301,-451,-569,-640,-647,-595,-484,-335,-145,48,232,423,571,657,703,669,590,445,270,52,-162,-356,-537,-653,-736,-732,-687,-581,-410,-183,56,277,468,620,736,780,753,648,487,289,53,-180,-406,-582,-719,-778,-774,-698,-553,-361,-133,96,305,495,637,708,715,672,565,407,210,10,-169,-346,-482,-583,-628,-622,-560,-450,-316,-161,13,175,308,425,512,538,528,-282,390,262,139,11,-124,-240,-326,-398,-440,-452,-426,-371,-297,-200,-96,21,134,231,322,388,415,407,398,344,276,183,75,-29,-136,-249,-332,-395,-442,-480,-460,-415,-351,-242,-105,26,172,321,456,564,620,628,584,488,354,190,-16,-215,-404,-576,-691,-749,-741,-670,-549,-375,-178,38,261,455,611,732,789,775,691,558,385,172,-52,-264,-465,-620,-720,-772,-760,-686,-564,-397,-195,8,215,403,550,674,728,730,687,572,416,240,52,-136,-318,-467,-591,-673,-699,-670,-594,-476,-311,-150,38,211,367,508,610,661,667,635,544,402,247,76,-115,-289,-443,-563,-644,-673,-658,460,263,9,110,117,675,609,502,332,161,-32,-238,-414,-556,-661,-733,-745,-692,-609,-469,-294,-110,92,307,495,646,769,842,842,782,658,495,295,43,-210,-455,-677,-856,-985,-1043,-1010,-891,-717,-482,-176,141,449,751,1001,1174,1250,1245,1133,909,600,254,-127,-515,-859,-1146,-1338,-1440,-1410,-1256,-1004,-669,-286,148,570,927,1228,1428,1506,1458,1310,1052,694,282,-152,-581,-945,-1236,-1427,-1512,-1470,-1305,-1033,-692,-301,111,511,880,1158,1344,1425,1397,1265,1041,733,370,-14,-393,-740,-1032,-1240,-1347,-1357,-1273,-1089,-808,-475,-100,277,646,951,1174,1327,1355,1284,1110,855,529,172,-200,-551,-877,-1129,-1287,-1337,-1274,-999,-883,-579,-232,138,502,815,1063,1237,1305,1273,1128,906,625,288,-71,-439,-760,-1016,-1201,-1285,-1268,-1165,-959,-682,-362,-5,351,691,983,1190,1315,1331,1231,1045,789,452,64,-312,-661,-991,-1241,-1381,-1418,-1339,-1150,-866,-497,-82,345,750,1087,1337,1471,1504,1392,1170,837,416,-40,-484,-888,-1219,-1444,-1539,-1497,-1312,-1029,-653,-210,242,658,1031,1296,1437,1450,1315,1069,755,357,-69,-452,-780,-1042,-1205,-1248,-1182,-996,-724,-413,-82,248,541,778,931,997,973,867,677,444,175,-97,-336,-546,-688,-772,-781,-718,-599,-422,-195,37,257,457,593,675,676,580,423,218,-16,-237,-396,-483,-482,-394,138,118,0,456,252,144,87,1,-100,-201,-275,-305,-288,-228,-137,-17,107,213,305,369,379,345,280,184,63,-79,-212,-325,-406,-452,-453,-402,-323,-204,-54,111,256,386,480,542,550,496,390,245,70,-112,-290,-457,-577,-629,-636,-568,-443,-300,-110,87,275,441,573,655,664,633,533,364,199,-3,-201,-390,-550,-655,-718,-698,-632,-499,-326,-126,94,299,494,655,752,773,723,609,446,237,4,-228,-442,-611,-737,-789,-769,-676,-532,-337,-102,130,357,542,682,750,751,686,567,390,175,-37,-243,-430,-574,-668,-688,-656,-566,-427,-269,-88,94,270,410,509,568,578,534,452,350,213,58,-89,288,-363,-434,-468,-483,-457,-392,-309,-217,-105,18,143,246,332,389,417,419,382,335,268,175,70,-29,-132,-235,-315,-382,-423,-434,-426,-380,-301,-209,-110,17,154,265,375,479,524,538,529,469,374,231,66,-104,-278,-435,-562,-660,-693,-671,-601,-472,-289,-81,137,344,530,679,767,791,746,632,480,288,57,-173,-386,-556,-691,-770,-781,-738,-636,-473,-285,-77,142,341,510,653,727,750,730,631,500,325,117,-78,-281,-463,-588,-674,-710,-703,-631,-508,-367,-195,-12,170,339,496,599,663,682,634,557,429,274,95,-80,-252,-414,-537,-619,-674,-675,-615,-518,-388,-220,-41,148,335,524
62192,mtk,MTK 7916,2153201937,rx1-tx0,512,0,-48,-85,344,381,360,321,261,168,64,-37,-140,-224,-278,-304,-303,-278,-251,-186,-109,-21,71,140,209,250,280,276,233,185,125,34,-57,-138,-216,-255,-275,-278,-254,-194,-112,-15,86,194,255,298,330,302,246,162,69,-47,-162,-241,-303,-339,-338,-293,-215,-138,-50,70,153,237,303,327,330,300,244,161,68,-17,-96,-190,-274,-306,-342,-359,-322,-269,-195,-105,-2,99,206,294,362,392,396,380,335,243,134,9,-124,-240,-345,-434,-497,-506,-480,-411,-299,-169,-12,148,308,446,556,607,603,561,461,301,129,-74,-274,-421,-579,-682,-699,-675,-580,-430,-248,-34,192,395,557,794,741,722,645,526,346,131,-101,-305,-498,-648,-738,-759,-720,-601,-441,-232,-13,207,406,574,691,742,722,628,491,316,112,-117,-329,-492,-603,-683,-699,-646,-535,-400,-212,-2,186,377,517,602,637,610,542,428,280,109,-67,-234,-384,-489,-576,-587,-542,-460,-340,-186,-24,131,307,421,477,512,490,424,308,186,48,-94,-220,-301,-361,-397,-383,-348,-280,-172,-76,20,111,175,237,277,267,250,213,162,99,47,-13,-73,-121,-161,-177,-170,-170,-166,-144,-100,-60,-21,27,78,122,148,169,179,165,139,98,39,-21,-73,-132,-186,-203,-191,-161,-97,-25,47,112,151,157,54,10,0,-325,-233,207,136,1,-149,-284,-388,-426,-396,-319,-192,-34,121,279,396,462,487,448,362,248,109,-53,-204,-342,-442,-504,-512,-476,-398,-279,-129,20,182,316,441,528,568,545,479,377,239,79,-92,-250,-406,-511,-580,-604,-572,-491,-352,-185,-20,158,321,477,574,624,617,552,438,316,154,-33,-198,-357,-478,-569,-604,-596,-536,-428,-300,-141,23,194,329,439,518,555,532,478,403,289,147,16,-119,-257,-368,-448,-506,-514,-493,-452,-357,-243,-105,44,183,305,415,500,538,536,509,414,285,143,-13,-157,-302,-426,-515,-561,-561,-511,-433,-332,-178,-22,136,286,408,512,552,550,381,441,332,199,42,-95,-236,-361,-456,-528,-539,-508,-455,-364,-254,-126,7,141,263,364,450,507,527,506,460,371,250,120,-28,-169,-311,-432,-540,-599,-614,-580,-506,-377,-227,-61,131,319,487,602,684,711,677,591,446,273,73,-139,-335,-511,-644,-728,-771,-714,-602,-471,-283,-76,141,340,520,655,725,755,715,601,451,260,51,-155,-338,-492,-620,-696,-700,-647,-549,-416,-234,-44,137,310,441,542,604,607,563,483,355,194,51,-100,-256,-372,-456,-514,-530,-507,-447,-332,-204,-89,58,208,312,403,479,503,480,423,324,203,64,-78,-207,-309,-391,-437,-438,-409,-351,-264,-80,-232,0,99,61,170,46,-69,-164,-253,-312,-329,-331,-310,-253,-177,-83,10,83,158,232,271,288,272,241,189,114,37,-62,-142,-198,-252,-280,-269,-247,-199,-125,-41,52,152,231,282,306,305,261,179,96,-10,-127,-217,-286,-322,-334,-297,-237,-156,-48,68,173,252,305,347,341,288,234,140,48,-42,-136,-216,-290,-321,-332,-334,-305,-222,-130,-55,47,146,236,308,352,367,359,327,266,166,62,-44,-151,-265,-357,-412,-438,-437,-393,-328,-228,-93,56,197,335,436,514,556,545,486,383,237,64,-105,-282,-453,-577,-653,-676,-611,-513,-384,-187,21,225,426,578,681,732,710,618,474,572,80,-155,-360,-537,-678,-751,-751,-689,-568,-400,-183,39,271,473,622,725,752,725,624,473,274,44,-186,-390,-541,-653,-720,-715,-641,-507,-351,-167,54,257,422,556,648,662,631,557,418,249,60,-128,-295,-447,-551,-600,-598,-547,-441,-317,-153,36,188,329,448,525,549,529,461,328,191,44,-122,-265,-366,-428,-463,-457,-393,-289,-181,-55,66,164,262,321,339,336,301,244,177,83,5,-64,-124,-175,-203,-210,-211,-188,-164,-132,-74,-25,12,61,114,150,162,163,164,153,121,84,41,-13,-78,-121,-159,-182,-178,-172,-141,-85,-11,52,119,178,193,184,140,74,6,76,117,0,-79,-209,-190,-288,-347,-337,-273,-150,13,177,313,418,455,442,387,267,134,-34,-197,-331,-429,-489,-502,-461,-380,-255,-110,48,203,340,450,514,531,504,428,323,177,18,-153,-294,-424,-517,-573,-570,-523,-435,-291,-132,36,220,371,509,588,628,604,530,412,255,87,-97,-284,-428,-525,-617,-628,-591,-512,-380,-230,-55,113,284,419,516,577,589,554,470,361,225,54,-104,-230,-348,-451,-507,-522,-522,-471,-372,-258,-129,11,140,277,391,468,517,522,494,427,330,199,48,-84,-229,-375,-468,-535,-552,-532,-476,-377,-248,-95,68,227,347,465,540,569,555,489,401,264,103,-47,-1037,-332,-434,-512,-540,-528,-483,-389,-285,-150,5,132,251,358,440,495,508,492,434,355,255,120,-18,-157,-280,-395,-479,-533,-560,-547,-498,-412,-271,-110,56,225,388,520,613,655,652,599,489,340,167,-42,-235,-413,-566,-668,-733,-738,-674,-558,-390,-197,23,260,431,587,711,768,755,678,549,375,178,-27,-250,-435,-581,-687,-736,-716,-637,-516,-360,-162,43,234,400,535,630,658,637,572,455,319,145,-35,-198,-349,-473,-531,-546,-545,-490,-393,-274,-142,6,144,281,393,448,489,505,460,374,279,152,3,-129,-252,-353,-425,-466,-459,-410,-331,-231,-98,30,154,262,346,303,225
62193,mtk,MTK 7916,2153201937,rx1-tx1,512,0,0,0,792,502,76,-382,-750,-926,-873,-601,-178,292,690,919,918,686,278,-203,-629,-892,-940,-765,-406,46,492,814,929,810,494,61,-378,-724,-882,-821,-565,-178,262,625,817,798,586,242,-145,-503,-728,-764,-593,-278,101,443,661,708,583,317,-29,-363,-591,-664,-570,-334,-21,292,525,618,549,347,70,-202,-410,-518,-506,-352,-118,114,304,400,383,267,104,-77,-219,-288,-266,-163,-23,106,204,222,160,42,-86,-191,-236,-214,-115,30,167,279,332,272,115,-77,-251,-372,-408,-336,-175,46,267,433,486,425,248,2,-264,-470,-570,-520,-337,-63,234,478,616,598,439,167,-157,0,-644,-685,-560,-306,15,356,618,719,652,436,114,-244,-545,-728,-736,-563,-260,85,410,651,731,621,371,43,-283,-540,-675,-652,-471,-177,149,427,599,625,503,268,-33,-312,-505,-580,-510,-305,-42,224,438,537,494,342,114,-145,-368,-483,-481,-380,-192,40,261,410,457,396,240,38,-167,-331,-411,-404,-304,-130,66,219,314,337,292,191,48,-102,-216,-252,-229,-175,-84,29,128,168,155,105,52,-1,-60,-90,-86,-54,-12,26,56,67,58,28,-24,-65,-92,-89,-58,-11,37,80,111,116,96,54,2,-60,-115,-146,-141,-117,-78,-24,34,78,107,118,112,91,63,0,0,0,0,0,16,9,0,2,5,-6,-5,-4,-20,-47,-61,-69,-76,-74,-46,-8,40,81,119,145,139,110,52,-28,-111,-182,-219,-208,-162,-77,32,146,238,274,249,184,83,-48,-172,-256,-293,-270,-184,-65,69,179,244,265,231,142,23,-93,-170,-194,-171,-126,-73,-4,64,104,121,95,40,-3,-16,-19,-5,25,64,76,35,-18,-86,-154,-184,-185,-147,-43,99,235,323,347,306,176,-22,-226,-395,-485,-476,-365,-143,129,388,575,645,550,326,23,-296,-563,-713,-702,-527,-227,136,484,729,802,694,424,51,-343,-670,-841,-809,-589,-233,180,551,812,876,725,408,-3,-413,0,-867,-807,-553,-155,281,624,820,816,619,278,-125,-494,-744,-803,-659,-351,42,413,676,782,691,413,39,-331,-613,-740,-685,-455,-104,261,554,707,688,479,160,-195,-497,-659,-641,-475,-192,139,432,605,614,461,186,-127,-402,-564,-571,-418,-151,147,397,537,528,362,98,-199,-445,-566,-533,-346,-45,274,525,646,596,371,44,-313,-605,-751,-709,-471,-89,320,658,846,821,584,198,-251,-656,-894,-914,-720,-345,136,579,884,976,829,475,1,-474,-819,-973,-886,-576,-127,355,745,953,919,651,229,-251,-661,-905,-924,-716,-321,144,565,851,923,752,385,-68,-498,-800,-905,-786,0,0,0,0,0,413,753,914,843,551,122,-339,-712,-914,-892,-646,-229,248,652,895,924,726,345,-123,-564,-856,-939,-792,-457,-6,447,787,915,824,539,123,-316,-661,-848,-826,-590,-201,207,557,772,786,594,265,-125,-476,-702,-733,-580,-294,59,396,625,688,578,323,-5,-326,-562,-639,-555,-349,-57,252,476,571,520,348,114,-136,-348,-463,-444,-311,-118,89,254,347,326,223,64,-96,-203,-243,-203,-101,31,145,213,212,142,9,-146,-248,-284,-246,-120,53,221,342,369,295,140,-62,-263,-408,-445,-374,-202,35,279,451,520,466,288,31,-254,-474,-582,-566,-409,-131,194,463,624,641,0,235,-97,-411,-639,-713,-608,-363,-39,292,574,733,703,490,178,-162,-482,-696,-731,-592,-324,21,356,599,702,642,431,128,-210,-497,-654,-649,-493,-223,91,377,558,601,505,295,8,-270,-473,-557,-508,-337,-78,181,387,514,514,371,150,-89,-293,-433,-476,-402,-234,-1,223,382,439,400,271,86,-113,-279,-365,-376,-302,-158,2,148,264,298,265,188,68,-57,-147,-200,-205,-158,-81,-1,64,106,113,85,40,-12,-57,-85,-66,-29,15,47,66,58,47,12,-36,-79,-100,-102,-80,-32,28,86,124,134,119,89,41,-17,-71,-110,-130,-129,-109,-66,-17,23,53,78,0,0,0,0,0,15,22,25,21,17,23,37,38,32,25,13,-1,-25,-52,-83,-104,-115,-98,-60,-8,59,121,167,187,165,95,14,-79,-166,-224,-232,-203,-126,-11,104,206,276,280,231,136,2,-128,-225,-280,-275,-216,-114,17,134,213,241,218,152,66,-33,-114,-155,-155,-123,-65,-7,39,65,54,21,-6,-32,-35,5,49,88,114,115,83,0,-108,-209,-266,-270,-211,-94,66,235,368,431,405,277,58,-193,-394,-530,-559,-454,-231,56,352,583,670,624,434,134,-219,-535,-742,-774,-620,-322,50,429,706,819,756,518,143,-269,-620,-834,-857,-682,-332,98,496,771,875,767,0,66,-341,-666,-848,-830,-595,-219,205,569,786,813,646,319,-74,-449,-703,-784,-669,-389,-5,379,654,757,685,443,88,-289,-586,-728,-677,-458,-133,225,529,686,664,478,181,-165,-453,-626,-636,-474,-192,130,406,576,594,452,184,-128,-389,-534,-525,-374,-123,170,410,531,503,333,62,-235,-480,-592,-540,-344,-34,308,575,701,649,415,48,-345,-660,-820,-771,-527,-141,296,670,879,870,649,261,-193,-610,-884,-944,-777,-412,71,531,868,988,859,520,57,-416,-790,-971,-913,-626,-181,302,706,933,924,685,275,-200,-620,-878,-921,-729,-355,104,537,835,920,762,429,-6,-439,0,0
62194,mtk,MTK 7916,2153201937,rx2-tx0,512,0,0,0,-647,-1097,-1287,-1160,-750,-141,509,1045,1332,1287,928,332,-347,-938,-1284,-1314,-1033,-493,173,791,1200,1299,1085,604,-42,-670,-1118,-1286,-1128,-671,-53,568,1038,1242,1124,722,137,-470,-952,-1181,-1106,-757,-220,365,847,1099,1062,755,259,-292,-749,-1003,-996,-726,-266,249,679,915,903,649,222,-245,-629,-841,-815,-560,-160,270,618,793,748,485,92,-328,-662,-798,-692,-402,-1,404,711,819,690,368,-61,-489,-786,-865,-702,-349,118,562,877,949,767,350,-157,-647,-985,-1070,-868,-434,128,678,1068,1193,1004,539,-72,-671,-1116,-1293,-1137,-688,-56,602,1125,1383,1302,894,240,-497,-1103,-1424,-1401,0,-427,325,1006,1424,1503,1214,618,-129,-840,-1358,-1534,-1338,-809,-73,678,1245,1508,1406,950,264,-475,-1095,-1445,-1433,-1060,-433,298,947,1354,1412,1117,542,-173,-828,-1273,-1393,-1152,-615,60,724,1198,1359,1181,695,35,-645,-1165,-1383,-1251,-800,-141,554,1121,1398,1324,923,300,-412,-1021,-1391,-1426,-1109,-510,195,861,1326,1463,1234,726,54,-626,-1146,-1399,-1308,-904,-300,356,919,1261,1298,1022,513,-95,-667,-1070,-1207,-1047,-659,-134,412,846,1064,1032,759,326,-166,-595,-877,-950,-800,-479,-64,349,662,813,778,577,257,-104,-424,-640,-706,-627,-427,-151,133,377,527,567,500,364,181,-11,-169,-276,0,0,0,0,0,-321,-253,-130,47,247,434,567,615,551,372,102,-209,-494,-692,-760,-675,-447,-114,261,598,817,861,714,409,5,-408,-749,-929,-903,-665,-279,184,622,934,1026,889,544,69,-431,-827,-1051,-1037,-785,-355,151,626,954,1053,910,565,88,-394,-777,-972,-939,-683,-280,179,585,839,877,701,381,-21,-415,-692,-788,-688,-437,-87,274,549,678,638,442,149,-170,-430,-570,-544,-395,-167,98,323,444,458,361,176,-41,-228,-335,-345,-261,-124,25,159,230,219,153,46,-74,-167,-187,-128,-24,88,168,178,126,29,-100,-222,-290,-279,-177,-3,189,361,445,421,278,45,-227,-453,-570,0,-405,-139,189,494,691,722,582,290,-87,-461,-743,-859,-760,-461,-48,388,744,926,881,626,208,-267,-674,-928,-967,-773,-388,97,560,875,976,840,500,38,-428,-786,-944,-867,-573,-149,294,663,865,838,603,232,-182,-540,-746,-756,-564,-236,134,447,632,638,469,182,-135,-411,-567,-561,-398,-120,176,410,524,496,315,54,-216,-417,-498,-429,-229,33,281,447,487,386,172,-99,-347,-509,-515,-365,-107,188,440,575,561,379,72,-258,-542,-693,-643,-420,-76,305,620,784,748,509,119,-318,-679,-878,-861,-611,-193,291,715,966,974,724,285,-241,-725,-1039,-1094,-870,-421,149,688,0,0,0,0,0,1079,645,39,-596,-1095,-1324,-1236,-844,-234,439,996,1307,1307,978,400,-274,-869,-1253,-1338,-1080,-543,109,727,1163,1307,1108,631,5,-618,-1082,-1258,-1115,-695,-102,517,990,1207,1115,738,173,-414,-889,-1146,-1096,-762,-231,345,815,1066,1034,743,271,-263,-709,-953,-944,-689,-256,235,662,887,866,609,201,-256,-638,-830,-786,-523,-124,306,646,810,729,436,32,-381,-689,-808,-698,-384,37,453,748,836,690,346,-110,-544,-823,-894,-738,-355,148,617,935,1014,812,401,-138,-671,-1033,-1124,-921,-477,106,681,1103,1243,1069,615,-3,-644,-1137,-1351,-1219,-781,-141,549,1120,1418,1357,961,312,-425,0,-1437,-1467,-1134,-525,215,908,1392,1532,1287,705,-36,-762,-1302,-1534,-1381,-886,-175,577,1176,1481,1427,1025,355,-394,-1033,-1399,-1419,-1094,-493,236,899,1315,1400,1130,579,-113,-772,-1241,-1391,-1169,-648,19,670,1182,1390,1225,756,77,-616,-1137,-1390,-1298,-859,-200,504,1087,1415,1389,1022,390,-336,-965,-1366,-1452,-1180,-619,79,749,1239,1429,1286,835,189,-498,-1049,-1342,-1311,-979,-421,233,805,1162,1247,1044,598,13,-551,-959,-1124,-1045,-711,-223,295,724,973,988,786,410,-53,-477,-776,-886,-796,-545,-185,208,541,729,754,610,345,19,-293,-524,-635,-615,-470,-263,-23,202,370,458,461,391,274,0,0,0,0,0,-178,-319,-428,-488,-472,-358,-164,86,352,569,687,687,544,281,-43,-373,-657,-815,-792,-594,-261,137,514,791,902,811,542,139,-308,-699,-931,-965,-774,-401,69,529,888,1050,970,671,212,-299,-732,-1009,-1060,-862,-466,33,518,877,1033,945,653,209,-280,-682,-908,-923,-722,-349,97,506,770,836,708,410,26,-343,-618,-736,-679,-446,-106,231,495,629,600,423,159,-136,-375,-506,-508,-381,-171,67,276,395,405,310,148,-31,-195,-286,-272,-190,-71,56,148,193,174,89,-13,-111,-161,-142,-67,37,146,210,219,149,17,-143,-278,-356,-333,-210,-19,198,398,514,492,328,67,0,-481,-643,-653,-498,-211,140,480,727,803,683,386,-27,-449,-769,-898,-829,-554,-130,334,722,946,933,692,292,-184,-621,-903,-978,-817,-449,32,496,837,972,869,547,98,-370,-729,-907,-865,-615,-210,239,612,815,794,582,241,-141,-490,-693,-697,-520,-216,129,424,588,592,436,158,-156,-410,-541,-522,-364,-99,193,424,513,453,270,12,-245,-432,-494,-412,-214,52,306,476,505,385,148,-138,-397,-549,-537,-370,-97,216,483,629,599,393,75,-285,-589,-740,-700,-469,-97,316,655,840,804,557,161,-297,-699,-926,-915,-673,-248,257,711,997,1037,810,362,-199,-725,-1066,-1136,-922,0,0
62195,mtk,MTK 7916,2153201937,rx2-tx1,512,0,0,0,224,446,557,524,368,124,-138,-358,-477,-478,-357,-165,60,261,371,386,312,153,-39,-198,-301,-315,-242,-124,24,157,242,254,188,82,-28,-128,-190,-197,-145,-55,41,105,128,108,48,-19,-69,-100,-93,-29,61,134,160,132,53,-62,-186,-268,-294,-237,-101,74,254,391,443,383,217,-13,-267,-477,-568,-520,-333,-50,237,475,622,612,444,170,-168,-475,-666,-688,-529,-247,97,434,675,749,634,346,-38,-418,-701,-814,-724,-446,-53,370,693,842,807,568,174,-267,-644,-859,-865,-661,-309,130,543,822,889,752,430,15,-408,-729,-870,-789,-518,-132,282,619,789,758,544,0,-171,-498,-697,-703,-528,-227,112,412,591,609,470,207,-105,-378,-539,-550,-404,-158,141,399,534,520,357,73,-247,-492,-602,-556,-348,-15,339,618,747,674,411,25,-405,-763,-939,-894,-619,-158,374,834,1117,1143,897,421,-191,-792,-1211,-1360,-1200,-735,-87,589,1149,1459,1414,1043,437,-286,-968,-1430,-1561,-1320,-798,-87,650,1254,1567,1522,1131,468,-287,-967,-1424,-1556,-1354,-841,-138,568,1129,1446,1431,1097,533,-123,-731,-1167,-1329,-1180,-790,-253,320,801,1081,1116,906,514,38,-427,-781,-937,-886,-650,-289,118,476,713,788,700,480,178,-147,-424,-592,-648,-590,-435,-223,-1,187,315,374,0,0,0,0,0,157,45,-82,-217,-339,-423,-437,-376,-238,-56,142,322,445,479,412,260,60,-152,-338,-452,-453,-362,-186,37,253,400,455,410,274,69,-159,-363,-487,-488,-362,-152,96,325,481,527,442,247,-4,-254,-461,-556,-513,-351,-114,150,390,552,568,447,232,-32,-299,-495,-563,-496,-316,-79,179,396,515,524,390,166,-75,-279,-414,-460,-398,-230,-23,163,300,365,324,212,56,-87,-213,-273,-242,-133,-8,116,200,219,170,75,-53,-175,-249,-246,-174,-58,76,200,273,286,222,97,-53,-192,-284,-306,-251,-141,0,145,258,311,291,199,58,-96,-222,-289,-289,-223,-102,43,179,0,267,231,152,45,-56,-142,-193,-190,-147,-90,-28,34,74,95,81,54,42,40,43,47,52,37,-8,-67,-127,-178,-197,-168,-91,25,146,245,301,304,229,81,-95,-253,-371,-410,-354,-203,4,217,384,470,442,303,87,-156,-376,-509,-524,-415,-198,80,334,497,555,476,270,-2,-265,-468,-555,-499,-314,-51,215,420,529,502,328,74,-187,-409,-541,-520,-364,-108,177,422,549,530,387,139,-158,-419,-571,-584,-444,-193,113,399,584,614,496,246,-79,-379,-577,-647,-555,-314,-6,307,557,670,615,395,80,-239,-508,-662,-653,-481,-192,143,433,615,645,523,275,-33,-316,0,0,0,0,0,-532,-352,-90,188,407,516,500,362,150,-93,-300,-428,-436,-335,-162,26,214,337,352,278,139,-25,-173,-267,-280,-221,-111,20,134,207,223,176,77,-39,-129,-177,-165,-95,-15,55,90,89,56,8,-59,-99,-105,-68,10,112,196,223,177,58,-88,-235,-342,-376,-298,-143,56,264,438,511,454,276,26,-248,-478,-593,-568,-403,-124,186,480,659,667,500,213,-133,-464,-678,-712,-577,-301,61,420,685,777,678,400,6,-389,-691,-839,-768,-496,-106,321,674,865,847,620,235,-201,-584,-832,-894,-731,-384,52,470,776,894,783,483,76,-353,-680,-837,-781,-537,-174,224,557,0,731,554,229,-151,-460,-626,-650,-506,-226,115,402,568,578,442,186,-117,-389,-542,-529,-380,-124,187,448,570,536,344,46,-281,-543,-674,-608,-361,-5,387,711,861,780,502,70,-411,-826,-1044,-1028,-751,-271,310,840,1185,1263,1044,560,-71,-710,-1206,-1412,-1302,-896,-265,459,1088,1455,1487,1190,603,-137,-856,-1375,-1574,-1427,-947,-249,505,1132,1511,1547,1235,656,-62,-765,-1301,-1531,-1409,-986,-352,346,945,1322,1399,1157,674,59,-534,-993,-1215,-1170,-875,-407,140,618,939,1041,908,585,169,-270,-630,-835,-842,-683,-389,-23,320,574,713,701,546,307,32,-221,-414,-520,-536,-467,-339,-175,0,0,0,0,0,271,333,355,323,232,87,-92,-258,-384,-450,-441,-339,-172,32,244,403,467,439,327,147,-82,-285,-419,-457,-385,-225,-15,203,380,472,451,320,104,-139,-348,-470,-489,-391,-194,48,280,458,528,477,314,63,-220,-436,-546,-538,-420,-194,95,356,514,556,476,282,26,-234,-443,-542,-510,-361,-137,118,344,480,497,405,222,-17,-218,-348,-401,-367,-235,-59,120,250,297,269,166,23,-110,-197,-221,-185,-99,15,131,209,222,175,68,-72,-196,-269,-276,-207,-84,68,206,290,299,245,126,-28,-184,-286,-316,-275,-171,-12,133,236,294,288,205,75,-68,-185,-265,-288,-237,0,15,116,193,231,211,145,61,-12,-78,-124,-130,-102,-79,-50,-15,14,23,31,37,44,62,92,113,116,89,39,-47,-145,-216,-247,-236,-161,-31,121,257,345,365,297,139,-62,-252,-386,-439,-396,-258,-46,184,384,501,496,361,143,-112,-338,-504,-560,-469,-240,30,289,488,559,487,299,35,-242,-445,-531,-491,-324,-75,212,433,535,509,352,100,-181,-420,-548,-526,-371,-115,168,411,556,553,407,151,-156,-421,-581,-609,-481,-213,111,402,586,638,537,292,-32,-351,-576,-662,-583,-360,-47,268,532,662,635,447,147,-184,-467,-635,-644,-502,-237,86,391,581,619,530,0,0
62196,mtk,MTK 7916,2153281684,rx0-tx0,512,0,0,0,0,0,0,0,0,0,0,0,0,0,0,0,0,0,0,0,0,0,0,0,0,0,0,0,0,0,0,0,0,0,0,0,0,0,0,0,0,0,0,0,0,0,0,0,0,0,0,0,0,0,0,0,0,0,0,0,0,0,0,0,0,0,0,0,0,0,0,0,0,0,0,0,0,0,0,0,0,0,0,0,0,0,0,0,0,0,0,0,0,0,0,0,0,0,0,0,0,0,0,0,0,0,0,0,0,0,0,0,0,0,0,0,0,0,0,0,0,0,0,0,0,0,0,0,0,0,0,0,0,0,0,0,0,0,0,0,0,0,0,0,0,0,0,0,0,0,0,0,0,0,0,0,0,0,0,0,0,0,0,0,0,0,0,0,0,0,0,0,0,0,0,0,0,0,0,0,0,0,0,0,0,0,0,0,0,0,0,0,0,0,0,0,0,0,0,0,0,0,0,0,0,0,0,0,0,0,0,0,0,0,0,0,0,0,0,0,0,0,0,0,0,0,0,0,0,0,0,0,0,0,0,0,0,0,0,0,0,0,0,0,0,0,0,0,0,0,0,0,0,0,0,0,0,-364,-732,-794,-167,149,533,839,995,978,800,523,174,-197,-545,-835,-1040,-1160,-1181,-1095,-906,-634,-289,110,481,840,1132,1331,1443,1430,1295,1059,726,342,-71,-469,-838,-1171,-1420,-1540,-1575,-1493,-1299,-1028,-678,-292,113,525,894,1222,1440,1581,1641,1573,1411,1165,823,423,25,-418,-796,-1133,-1404,-1566,-1652,-1636,-1509,-1280,-971,-584,-198,210,612,966,1247,1430,1532,1523,1414,1233,1007,690,355,15,-327,-626,-875,-1081,-1206,-1249,-1223,-1138,-975,-772,-555,-287,-36,205,468,674,818,929,977,967,908,803,654,476,284,73,-116,-292,-442,-563,-642,-682,-692,-660,-588,-497,-393,-277,-170,-45,50,126,205,273,322,-330,388,396,396,392,398,371,344,312,264,195,121,34,-81,-195,-345,-451,-544,-632,-690,-715,-722,-696,-602,-467,-298,-78,161,388,611,793,963,1070,1129,1119,1037,888,660,388,76,-241,-574,-852,-1081,-1267,-1370,-1368,-1292,-1156,-947,-655,-322,34,380,712,1027,1262,1421,1507,1499,1398,1219,944,618,265,-131,-530,-892,-1196,-1434,-1583,-1630,-1577,-1422,-1167,-851,-451,-18,418,817,1169,1449,1635,1714,1666,1499,1226,896,486,41,-438,-868,-1220,-1497,-1645,-1681,-1575,-1362,-1041,-658,-220,235,645,1012,1303,1494,1566,1503,1320,1045,701,290,-171,-603,-988,-1290,-1491,-1554,-1461,-1214,-776,-236,367,912,1277,1388,-275,-466,0,0,0,0,0,0,0,0,0,0,0,0,0,0,0,0,0,0,0,0,0,0,0,0,0,0,0,0,0,0,0,0,0,0,0,0,0,0,0,0,0,0,0,0,0,0,0,0,0,0,0,0,0,0,0,0,0,0,0,0,0,0,0,0,0,0,0,0,0,0,0,0,0,0,0,0,0,0,0,0,0,0,0,0,0,0,0,0,0,0,0,0,0,0,0,0,0,0,0,0,0,0,0,0,0,0,0,0,0,0,0,0,0,0,0,0,0,0,0,0,0,0,0,0,0,0,0,0,0,0,0,0,0,0,0,0,0,0,0,0,0,0,0,0,0,0,0,0,0,0,0,0,0,0,0,0,0,0,0,0,0,0,0,0,0,0,0,0,0,0,0,0,0,0,0,0,0,0,0,0,0,0,0,0,0,0,0,0,0,0,0,0,0,0,0,0,0,0,0,0,0,0,0,0,0,0,0,0,0,0,0,0,0,0,0,0,0,0,0,0,0,0,0,0,0,0,0,0,0,0,0,0,0,0,0,0,0,0,0,0,0,0,0,0,0,0,0,0,0,0,0,0,0,0,0,0,-49,-340,-125,668,774,697,433,69,-333,-676,-933,-1074,-1090,-988,-773,-492,-158,207,550,861,1105,1269,1314,1247,1092,820,480,93,-319,-709,-1056,-1312,-1473,-1519,-1451,-1294,-1035,-679,-285,142,550,915,1229,1462,1592,1611,1522,1350,1080,732,357,-59,-477,-851,-1178,-1449,-1599,-1654,-1622,-1455,-1221,-885,-498,-91,312,713,1066,1359,1542,1615,1612,1497,1297,998,652,275,-135,-499,-813,-1088,-1290,-1383,-1414,-1353,-1194,-984,-723,-442,-141,153,442,687,850,987,1083,1082,1057,970,806,621,408,171,-57,-273,-468,-625,-747,-824,-843,-809,-745,-650,-527,-362,-205,-35,133,257,362,431,480,511,515,487,459,429,359,291,-82,142,72,4,-54,-112,-184,-238,-302,-368,-434,-479,-530,-541,-543,-511,-437,-363,-242,-93,71,229,411,586,723,840,918,929,899,812,677,481,226,-41,-329,-590,-850,-1052,-1196,-1272,-1273,-1194,-1020,-798,-513,-173,176,498,797,1062,1281,1408,1441,1400,1283,1088,806,481,113,-263,-619,-958,-1240,-1426,-1547,-1578,-1512,-1337,-1075,-743,-359,46,456,847,1176,1435,1627,1693,1643,1477,1217,877,483,38,-412,-834,-1183,-1469,-1653,-1721,-1668,-1466,-1189,-814,-378,82,531,940,1272,1504,1631,1617,1475,1231,898,495,62,-367,-776,-1101,-1349,-1503,-1514,-1400,-1167,-826,-400,87,572,1035,1393,1573,1551,1258,749,207,-736,-647
62197,mtk,MTK 7916,2153281684,rx0-tx1,512,0,0,0,0,0,0,0,0,0,0,0,0,0,0,0,0,0,0,0,0,0,0,0,0,0,0,0,0,0,0,0,0,0,0,0,0,0,0,0,0,0,0,0,0,0,0,0,0,0,0,0,0,0,0,0,0,0,0,0,0,0,0,0,0,0,0,0,0,0,0,0,0,0,0,0,0,0,0,0,0,0,0,0,0,0,0,0,0,0,0,0,0,0,0,0,0,0,0,0,0,0,0,0,0,0,0,0,0,0,0,0,0,0,0,0,0,0,0,0,0,0,0,0,0,0,0,0,0,0,0,0,0,0,0,0,0,0,0,0,0,0,0,0,0,0,0,0,0,0,0,0,0,0,0,0,0,0,0,0,0,0,0,0,0,0,0,0,0,0,0,0,0,0,0,0,0,0,0,0,0,0,0,0,0,0,0,0,0,0,0,0,0,0,0,0,0,0,0,0,0,0,0,0,0,0,0,0,0,0,0,0,0,0,0,0,0,0,0,0,0,0,0,0,0,0,0,0,0,0,0,0,0,0,0,0,0,0,0,0,0,0,0,0,0,0,0,0,0,0,0,0,0,0,0,0,0,-449,19,38,194,-17,-286,-526,-680,-729,-652,-477,-241,33,304,554,762,897,947,908,801,584,299,-15,-356,-676,-962,-1158,-1257,-1226,-1075,-853,-537,-158,235,613,934,1169,1314,1353,1253,1064,809,480,138,-220,-542,-814,-1010,-1139,-1164,-1100,-983,-804,-573,-301,-33,214,438,622,746,833,859,817,719,626,488,326,180,29,-101,-211,-338,-402,-453,-497,-544,-554,-557,-546,-496,-434,-349,-236,-81,71,210,379,529,635,699,730,726,678,581,429,277,88,-95,-259,-425,-551,-628,-671,-684,-660,-609,-511,-410,-273,-124,19,143,285,395,476,566,617,628,609,550,474,354,238,111,-23,-169,-307,-425,510,-573,-607,-604,-588,-532,-433,-316,-201,-84,60,197,314,404,491,550,578,587,547,512,452,360,278,163,29,-97,-235,-363,-469,-577,-665,-746,-781,-747,-683,-590,-446,-273,-51,185,445,665,870,1024,1125,1156,1114,993,793,521,198,-136,-493,-838,-1097,-1305,-1424,-1450,-1386,-1197,-920,-574,-185,222,620,1001,1286,1462,1545,1522,1402,1152,820,420,7,-388,-787,-1110,-1330,-1472,-1472,-1375,-1177,-887,-541,-157,246,617,923,1140,1276,1309,1232,1035,770,456,104,-234,-546,-793,-948,-1009,-997,-884,-707,-487,-230,24,243,445,612,694,716,668,572,428,246,42,-154,-329,-460,-550,-548,-455,-302,-148,19,8,0,0,0,0,0,0,0,0,0,0,0,0,0,0,0,0,0,0,0,0,0,0,0,0,0,0,0,0,0,0,0,0,0,0,0,0,0,0,0,0,0,0,0,0,0,0,0,0,0,0,0,0,0,0,0,0,0,0,0,0,0,0,0,0,0,0,0,0,0,0,0,0,0,0,0,0,0,0,0,0,0,0,0,0,0,0,0,0,0,0,0,0,0,0,0,0,0,0,0,0,0,0,0,0,0,0,0,0,0,0,0,0,0,0,0,0,0,0,0,0,0,0,0,0,0,0,0,0,0,0,0,0,0,0,0,0,0,0,0,0,0,0,0,0,0,0,0,0,0,0,0,0,0,0,0,0,0,0,0,0,0,0,0,0,0,0,0,0,0,0,0,0,0,0,0,0,0,0,0,0,0,0,0,0,0,0,0,0,0,0,0,0,0,0,0,0,0,0,0,0,0,0,0,0,0,0,0,0,0,0,0,0,0,0,0,0,0,0,0,0,0,0,0,0,0,0,0,0,0,0,0,0,0,0,0,0,0,0,0,0,0,0,0,0,0,0,0,0,0,0,0,0,0,0,0,0,26,17,5,-431,-554,-541,-397,-163,122,392,611,758,828,808,684,492,227,-61,-337,-620,-867,-1027,-1098,-1065,-936,-709,-400,-43,347,694,993,1215,1316,1307,1196,970,666,308,-83,-471,-779,-1037,-1209,-1275,-1260,-1138,-924,-661,-367,-43,244,512,742,919,1008,1017,963,864,705,527,320,102,-126,-297,-438,-564,-628,-660,-660,-614,-576,-492,-403,-314,-230,-127,-8,78,198,307,411,506,593,656,661,649,598,489,348,183,11,-166,-328,-482,-613,-696,-745,-723,-680,-600,-466,-313,-165,4,159,305,427,515,597,635,627,614,576,479,392,280,135,-2,-149,-273,-395,-494,-556,-595,-617,-598,-542,-454,-82,-230,-77,57,179,313,427,506,557,598,603,566,502,425,335,210,93,-47,-169,-271,-380,-457,-523,-587,-613,-615,-600,-542,-473,-364,-244,-94,84,265,436,619,767,893,960,972,914,797,635,411,150,-133,-421,-711,-976,-1188,-1296,-1325,-1286,-1123,-889,-593,-215,153,543,905,1197,1412,1524,1525,1427,1222,891,515,103,-305,-703,-1045,-1317,-1486,-1520,-1472,-1321,-1035,-698,-298,124,499,852,1126,1312,1407,1380,1241,1002,694,346,-39,-413,-732,-966,-1129,-1183,-1138,-995,-771,-482,-193,112,396,611,776,845,829,753,650,473,261,41,-165,-345,-486,-592,-628,-589,-497,-351,-163,55,250,374,427,13,-1
62198,mtk,MTK 7916,2153281684,rx1-tx0,512,0,0,0,0,0,0,0,0,0,0,0,0,0,0,0,0,0,0,0,0,0,0,0,0,0,0,0,0,0,0,0,0,0,0,0,0,0,0,0,0,0,0,0,0,0,0,0,0,0,0,0,0,0,0,0,0,0,0,0,0,0,0,0,0,0,0,0,0,0,0,0,0,0,0,0,0,0,0,0,0,0,0,0,0,0,0,0,0,0,0,0,0,0,0,0,0,0,0,0,0,0,0,0,0,0,0,0,0,0,0,0,0,0,0,0,0,0,0,0,0,0,0,0,0,0,0,0,0,0,0,0,0,0,0,0,0,0,0,0,0,0,0,0,0,0,0,0,0,0,0,0,0,0,0,0,0,0,0,0,0,0,0,0,0,0,0,0,0,0,0,0,0,0,0,0,0,0,0,0,0,0,0,0,0,0,0,0,0,0,0,0,0,0,0,0,0,0,0,0,0,0,0,0,0,0,0,0,0,0,0,0,0,0,0,0,0,0,0,0,0,0,0,0,0,0,0,0,0,0,0,0,0,0,0,0,0,0,0,0,0,0,0,0,0,0,0,0,0,0,0,0,0,0,0,0,0,98,-412,-715,-443,-180,219,613,921,1085,1081,914,629,270,-138,-551,-916,-1198,-1374,-1433,-1356,-1148,-792,-357,124,628,1098,1470,1729,1832,1755,1532,1154,668,142,-412,-939,-1379,-1706,-1871,-1878,-1752,-1472,-1091,-641,-136,339,788,1152,1442,1572,1607,1554,1380,1126,819,471,97,-238,-564,-828,-1026,-1166,-1214,-1206,-1132,-1015,-826,-609,-357,-92,132,367,604,796,957,1054,1107,1067,976,835,651,434,177,-92,-362,-599,-793,-942,-1015,-1035,-974,-849,-675,-470,-228,-14,214,415,576,700,781,792,736,651,540,416,241,97,-48,-194,-294,-368,-406,-413,-423,-386,-323,-261,-199,-138,-88,-39,1,19,43,64,71,87,-686,101,119,142,180,201,235,258,278,278,249,214,166,101,22,-75,-184,-284,-385,-464,-518,-544,-541,-508,-437,-338,-201,-66,89,273,427,590,694,762,814,793,731,613,451,236,12,-224,-468,-673,-841,-959,-1018,-1002,-921,-774,-580,-329,-59,208,464,680,841,954,1015,1007,929,795,609,383,137,-107,-331,-560,-723,-865,-958,-966,-914,-799,-643,-461,-230,3,233,438,615,772,851,865,827,740,590,414,207,8,-191,-372,-503,-595,-652,-669,-631,-570,-465,-358,-244,-97,51,193,319,428,517,574,595,584,551,443,304,135,-65,-256,-452,-614,-740,-805,-756,-594,-323,-5,316,528,582,254,0,0,0,0,0,0,0,0,0,0,0,0,0,0,0,0,0,0,0,0,0,0,0,0,0,0,0,0,0,0,0,0,0,0,0,0,0,0,0,0,0,0,0,0,0,0,0,0,0,0,0,0,0,0,0,0,0,0,0,0,0,0,0,0,0,0,0,0,0,0,0,0,0,0,0,0,0,0,0,0,0,0,0,0,0,0,0,0,0,0,0,0,0,0,0,0,0,0,0,0,0,0,0,0,0,0,0,0,0,0,0,0,0,0,0,0,0,0,0,0,0,0,0,0,0,0,0,0,0,0,0,0,0,0,0,0,0,0,0,0,0,0,0,0,0,0,0,0,0,0,0,0,0,0,0,0,0,0,0,0,0,0,0,0,0,0,0,0,0,0,0,0,0,0,0,0,0,0,0,0,0,0,0,0,0,0,0,0,0,0,0,0,0,0,0,0,0,0,0,0,0,0,0,0,0,0,0,0,0,0,0,0,0,0,0,0,0,0,0,0,0,0,0,0,0,0,0,0,0,0,0,0,0,0,0,0,0,0,0,0,0,0,0,0,0,0,0,0,0,0,0,0,0,0,0,0,-999,-1225,-1076,568,799,886,770,495,102,-314,-701,-991,-1185,-1257,-1180,-973,-648,-258,169,610,1011,1347,1546,1621,1551,1322,962,505,-35,-575,-1085,-1502,-1771,-1884,-1867,-1678,-1334,-879,-359,184,681,1131,1467,1689,1783,1743,1560,1301,928,499,90,-345,-722,-1023,-1250,-1389,-1422,-1361,-1233,-1026,-788,-502,-208,85,359,609,828,971,1067,1097,1070,1025,913,751,552,319,49,-218,-466,-686,-871,-1007,-1082,-1081,-1017,-885,-701,-473,-225,29,284,520,690,836,913,918,889,769,618,447,253,47,-145,-309,-443,-550,-605,-602,-595,-536,-437,-330,-221,-126,-36,79,154,196,223,237,236,231,198,182,167,152,141,139,9,123,118,122,97,58,29,-23,-64,-135,-192,-241,-303,-355,-394,-423,-407,-368,-294,-199,-92,29,148,290,425,533,613,651,677,653,578,475,319,159,-37,-244,-445,-624,-775,-876,-920,-920,-857,-726,-532,-295,-37,227,473,682,860,980,1028,1022,939,783,577,339,96,-160,-404,-618,-812,-938,-1002,-994,-939,-821,-648,-446,-208,39,271,489,666,808,889,914,883,790,668,465,230,3,-214,-414,-583,-706,-762,-771,-727,-637,-512,-364,-210,-34,125,276,407,484,553,582,578,546,482,399,284,148,-1,-148,-305,-454,-565,-645,-674,-645,-563,-412,-208,58,346,599,777,821,728,528,-1165,-1277
62199,mtk,MTK 7916,2153281684,rx1-tx1,512,0,0,0,0,0,0,0,0,0,0,0,0,0,0,0,0,0,0,0,0,0,0,0,0,0,0,0,0,0,0,0,0,0,0,0,0,0,0,0,0,0,0,0,0,0,0,0,0,0,0,0,0,0,0,0,0,0,0,0,0,0,0,0,0,0,0,0,0,0,0,0,0,0,0,0,0,0,0,0,0,0,0,0,0,0,0,0,0,0,0,0,0,0,0,0,0,0,0,0,0,0,0,0,0,0,0,0,0,0,0,0,0,0,0,0,0,0,0,0,0,0,0,0,0,0,0,0,0,0,0,0,0,0,0,0,0,0,0,0,0,0,0,0,0,0,0,0,0,0,0,0,0,0,0,0,0,0,0,0,0,0,0,0,0,0,0,0,0,0,0,0,0,0,0,0,0,0,0,0,0,0,0,0,0,0,0,0,0,0,0,0,0,0,0,0,0,0,0,0,0,0,0,0,0,0,0,0,0,0,0,0,0,0,0,0,0,0,0,0,0,0,0,0,0,0,0,0,0,0,0,0,0,0,0,0,0,0,0,0,0,0,0,0,0,0,0,0,0,0,0,0,0,0,0,0,0,-282,287,378,142,160,168,146,89,9,-84,-162,-209,-229,-201,-126,-17,106,207,260,249,178,59,-74,-184,-251,-271,-215,-88,66,193,288,312,248,102,-79,-244,-334,-347,-272,-120,90,269,392,423,335,137,-103,-327,-467,-469,-342,-120,150,401,554,540,382,121,-182,-443,-583,-575,-410,-121,216,507,659,623,429,102,-268,-571,-725,-695,-471,-125,255,577,759,733,493,113,-298,-619,-775,-728,-459,-88,300,614,767,696,449,63,-349,-653,-773,-691,-412,-24,369,660,749,634,341,-37,-392,-631,-692,-558,-280,81,409,610,652,509,214,-117,-402,-574,-596,-444,-151,182,444,566,530,343,0,-190,-426,-526,-444,-239,25,279,447,472,374,165,-86,-313,-422,-407,-276,-65,182,360,420,360,194,-47,-272,-403,-418,-297,-78,157,354,460,414,237,-9,-251,-425,-476,-385,-190,62,326,503,519,390,142,-162,-418,-556,-543,-368,-72,247,491,596,529,316,24,-296,-544,-636,-554,-325,0,325,556,646,562,308,-22,-346,-581,-646,-531,-259,58,349,562,627,511,252,-77,-376,-577,-630,-501,-232,85,386,583,617,484,247,-67,-368,-569,-624,-515,-269,55,360,560,629,549,345,54,-253,-492,-599,-570,-410,-160,134,394,557,593,503,302,43,-207,-426,-558,-569,-502,-359,-164,-98,39,0,0,0,0,0,0,0,0,0,0,0,0,0,0,0,0,0,0,0,0,0,0,0,0,0,0,0,0,0,0,0,0,0,0,0,0,0,0,0,0,0,0,0,0,0,0,0,0,0,0,0,0,0,0,0,0,0,0,0,0,0,0,0,0,0,0,0,0,0,0,0,0,0,0,0,0,0,0,0,0,0,0,0,0,0,0,0,0,0,0,0,0,0,0,0,0,0,0,0,0,0,0,0,0,0,0,0,0,0,0,0,0,0,0,0,0,0,0,0,0,0,0,0,0,0,0,0,0,0,0,0,0,0,0,0,0,0,0,0,0,0,0,0,0,0,0,0,0,0,0,0,0,0,0,0,0,0,0,0,0,0,0,0,0,0,0,0,0,0,0,0,0,0,0,0,0,0,0,0,0,0,0,0,0,0,0,0,0,0,0,0,0,0,0,0,0,0,0,0,0,0,0,0,0,0,0,0,0,0,0,0,0,0,0,0,0,0,0,0,0,0,0,0,0,0,0,0,0,0,0,0,0,0,0,0,0,0,0,0,0,0,0,0,0,0,0,0,0,0,0,0,0,0,0,0,0,288,414,317,-38,11,64,124,188,223,209,157,74,-29,-130,-204,-235,-219,-158,-51,86,201,263,258,186,77,-48,-181,-271,-302,-245,-108,71,228,322,331,249,97,-84,-258,-371,-385,-290,-119,93,295,428,456,346,121,-130,-350,-495,-494,-348,-114,160,400,556,554,398,110,-213,-492,-643,-633,-441,-130,233,525,689,678,477,127,-261,-576,-752,-708,-461,-100,292,616,775,731,473,74,-327,-623,-774,-721,-466,-70,323,625,762,697,429,52,-352,-645,-746,-647,-374,-3,367,636,721,606,318,-50,-395,-622,-688,-561,-259,117,429,602,625,468,185,-146,-429,-595,-574,-397,-121,189,432,0,489,298,20,-252,-452,-520,-426,-209,56,294,447,449,316,107,-136,-334,-425,-388,-249,-19,221,391,423,328,138,-105,-319,-437,-414,-264,-44,189,383,477,423,234,-37,-296,-464,-507,-401,-166,133,391,532,511,362,94,-218,-466,-581,-544,-357,-50,279,516,619,557,335,18,-300,-549,-642,-544,-312,3,339,577,646,543,293,-45,-362,-572,-632,-523,-280,50,367,578,620,499,247,-70,-377,-570,-604,-480,-239,69,373,584,611,477,232,-66,-364,-554,-606,-517,-294,9,296,517,610,553,371,106,-186,-433,-573,-571,-439,-209,62,320,506,591,557,404,188,-18,-216,-365,-446,513,506
62200,mtk,MTK 7916,2153281684,rx2-tx0,512,0,0,0,0,0,0,0,0,0,0,0,0,0,0,0,0,0,0,0,0,0,0,0,0,0,0,0,0,0,0,0,0,0,0,0,0,0,0,0,0,0,0,0,0,0,0,0,0,0,0,0,0,0,0,0,0,0,0,0,0,0,0,0,0,0,0,0,0,0,0,0,0,0,0,0,0,0,0,0,0,0,0,0,0,0,0,0,0,0,0,0,0,0,0,0,0,0,0,0,0,0,0,0,0,0,0,0,0,0,0,0,0,0,0,0,0,0,0,0,0,0,0,0,0,0,0,0,0,0,0,0,0,0,0,0,0,0,0,0,0,0,0,0,0,0,0,0,0,0,0,0,0,0,0,0,0,0,0,0,0,0,0,0,0,0,0,0,0,0,0,0,0,0,0,0,0,0,0,0,0,0,0,0,0,0,0,0,0,0,0,0,0,0,0,0,0,0,0,0,0,0,0,0,0,0,0,0,0,0,0,0,0,0,0,0,0,0,0,0,0,0,0,0,0,0,0,0,0,0,0,0,0,0,0,0,0,0,0,0,0,0,0,0,0,0,0,0,0,0,0,0,0,0,0,0,0,794,611,689,-42,-92,-137,-169,-184,-174,-126,-56,33,127,194,214,197,135,33,-81,-172,-225,-233,-190,-100,19,118,191,227,215,151,39,-74,-168,-205,-210,-157,-65,40,133,191,190,135,57,-45,-140,-178,-158,-105,-14,96,153,163,134,66,-34,-112,-157,-175,-138,-51,60,162,233,224,161,74,-40,-159,-232,-225,-174,-77,51,162,221,233,176,65,-59,-163,-217,-224,-170,-67,56,164,227,210,155,56,-58,-145,-185,-187,-130,-36,58,153,208,199,138,54,-40,-117,-171,-201,-163,-82,-2,81,140,165,141,85,25,-29,-87,-125,-135,-117,-73,-10,46,86,101,87,78,56,0,-46,-79,-99,-104,-83,-36,9,40,68,102,124,95,44,-6,-70,-126,-135,-114,-71,-24,46,126,167,169,122,44,-46,-120,-156,-144,-107,-51,25,106,166,169,129,49,-30,-107,-163,-164,-133,-83,-7,93,143,146,120,65,5,-53,-107,-125,-79,-26,23,57,86,81,51,-7,-62,-86,-80,-63,-34,24,85,129,108,79,48,-15,-77,-117,-131,-105,-54,5,55,84,96,88,53,10,-30,-63,-77,-61,-34,-9,12,32,39,31,0,-16,-24,-15,7,35,63,76,66,51,3,-56,-96,-123,-134,-112,-61,3,75,134,171,181,163,104,31,-50,-110,-152,-183,88,286,0,0,0,0,0,0,0,0,0,0,0,0,0,0,0,0,0,0,0,0,0,0,0,0,0,0,0,0,0,0,0,0,0,0,0,0,0,0,0,0,0,0,0,0,0,0,0,0,0,0,0,0,0,0,0,0,0,0,0,0,0,0,0,0,0,0,0,0,0,0,0,0,0,0,0,0,0,0,0,0,0,0,0,0,0,0,0,0,0,0,0,0,0,0,0,0,0,0,0,0,0,0,0,0,0,0,0,0,0,0,0,0,0,0,0,0,0,0,0,0,0,0,0,0,0,0,0,0,0,0,0,0,0,0,0,0,0,0,0,0,0,0,0,0,0,0,0,0,0,0,0,0,0,0,0,0,0,0,0,0,0,0,0,0,0,0,0,0,0,0,0,0,0,0,0,0,0,0,0,0,0,0,0,0,0,0,0,0,0,0,0,0,0,0,0,0,0,0,0,0,0,0,0,0,0,0,0,0,0,0,0,0,0,0,0,0,0,0,0,0,0,0,0,0,0,0,0,0,0,0,0,0,0,0,0,0,0,0,0,0,0,0,0,0,0,0,0,0,0,0,0,0,0,0,0,0,572,407,233,134,121,86,30,-31,-93,-157,-201,-205,-167,-86,11,92,165,215,220,168,62,-52,-133,-210,-252,-218,-123,-19,93,184,239,221,146,55,-45,-152,-212,-196,-142,-67,42,132,173,165,120,36,-70,-156,-181,-143,-71,19,110,174,187,148,72,-38,-138,-191,-195,-153,-58,62,158,221,230,168,56,-58,-164,-230,-249,-179,-73,44,155,225,217,161,68,-42,-148,-214,-208,-143,-39,65,154,202,198,126,37,-65,-151,-203,-194,-144,-69,32,137,195,195,142,72,-22,-105,-158,-179,-158,-101,-14,71,126,144,133,99,41,-12,-57,-84,-91,-89,-62,-25,12,55,97,0,81,40,12,-22,-73,-125,-126,-100,-73,-33,33,99,147,165,118,62,5,-57,-112,-136,-138,-117,-50,46,109,140,154,125,46,-44,-121,-156,-170,-141,-59,38,106,157,171,130,68,-12,-91,-147,-155,-117,-62,2,75,118,135,106,53,-9,-68,-107,-95,-57,-15,39,88,96,77,35,-17,-60,-90,-107,-84,-34,24,75,108,125,97,34,-20,-72,-122,-126,-92,-50,-14,26,67,89,78,52,14,-31,-51,-57,-45,-20,-3,17,24,11,-8,-36,-54,-48,-31,7,59,85,89,90,81,42,-29,-92,-131,-155,-148,-109,-45,27,104,163,197,201,170,121,56,713,647
62201,mtk,MTK 7916,2153281684,rx2-tx1,512,0,0,0,0,0,0,0,0,0,0,0,0,0,0,0,0,0,0,0,0,0,0,0,0,0,0,0,0,0,0,0,0,0,0,0,0,0,0,0,0,0,0,0,0,0,0,0,0,0,0,0,0,0,0,0,0,0,0,0,0,0,0,0,0,0,0,0,0,0,0,0,0,0,0,0,0,0,0,0,0,0,0,0,0,0,0,0,0,0,0,0,0,0,0,0,0,0,0,0,0,0,0,0,0,0,0,0,0,0,0,0,0,0,0,0,0,0,0,0,0,0,0,0,0,0,0,0,0,0,0,0,0,0,0,0,0,0,0,0,0,0,0,0,0,0,0,0,0,0,0,0,0,0,0,0,0,0,0,0,0,0,0,0,0,0,0,0,0,0,0,0,0,0,0,0,0,0,0,0,0,0,0,0,0,0,0,0,0,0,0,0,0,0,0,0,0,0,0,0,0,0,0,0,0,0,0,0,0,0,0,0,0,0,0,0,0,0,0,0,0,0,0,0,0,0,0,0,0,0,0,0,0,0,0,0,0,0,0,0,0,0,0,0,0,0,0,0,0,0,0,0,0,0,0,0,0,381,262,362,-40,-33,-5,26,41,65,92,98,84,61,18,-27,-66,-101,-117,-91,-61,-20,42,112,142,142,120,63,-29,-112,-172,-190,-161,-108,-19,94,187,233,241,194,96,-34,-176,-282,-302,-259,-158,-4,162,276,344,331,228,58,-126,-293,-380,-369,-289,-142,70,282,413,442,364,187,-39,-250,-408,-488,-440,-276,-47,208,407,498,476,330,101,-157,-373,-507,-514,-384,-168,92,327,489,522,423,215,-44,-280,-434,-470,-399,-235,-16,203,370,449,401,234,1,-203,-340,-391,-349,-221,-30,168,326,377,318,167,-23,-192,-309,-346,-295,-167,6,165,273,311,263,147,1,-153,0,-302,-243,-121,30,174,270,282,218,96,-41,-175,-260,-272,-203,-91,62,188,245,246,189,61,-78,-176,-220,-213,-135,-31,88,185,228,206,135,11,-127,-237,-272,-222,-123,6,139,248,283,239,139,2,-139,-245,-285,-249,-149,-13,125,230,279,258,160,44,-91,-204,-271,-255,-171,-51,67,176,234,215,147,52,-67,-152,-193,-190,-143,-64,34,127,184,195,157,95,-9,-117,-187,-201,-171,-97,-2,79,152,198,198,153,69,-26,-103,-153,-175,-165,-113,-41,40,92,133,159,141,85,31,-24,-82,-127,-133,-112,-84,-42,29,81,111,130,127,99,61,28,-7,-52,-163,-21,0,0,0,0,0,0,0,0,0,0,0,0,0,0,0,0,0,0,0,0,0,0,0,0,0,0,0,0,0,0,0,0,0,0,0,0,0,0,0,0,0,0,0,0,0,0,0,0,0,0,0,0,0,0,0,0,0,0,0,0,0,0,0,0,0,0,0,0,0,0,0,0,0,0,0,0,0,0,0,0,0,0,0,0,0,0,0,0,0,0,0,0,0,0,0,0,0,0,0,0,0,0,0,0,0,0,0,0,0,0,0,0,0,0,0,0,0,0,0,0,0,0,0,0,0,0,0,0,0,0,0,0,0,0,0,0,0,0,0,0,0,0,0,0,0,0,0,0,0,0,0,0,0,0,0,0,0,0,0,0,0,0,0,0,0,0,0,0,0,0,0,0,0,0,0,0,0,0,0,0,0,0,0,0,0,0,0,0,0,0,0,0,0,0,0,0,0,0,0,0,0,0,0,0,0,0,0,0,0,0,0,0,0,0,0,0,0,0,0,0,0,0,0,0,0,0,0,0,0,0,0,0,0,0,0,0,0,0,0,0,0,0,0,0,0,0,0,0,0,0,0,0,0,0,0,0,-1037,468,402,-47,-60,-63,-70,-64,-45,-28,-1,37,74,97,87,62,31,-10,-62,-105,-134,-132,-86,-21,45,117,163,173,142,79,-6,-100,-172,-207,-208,-151,-39,87,186,250,268,231,115,-48,-175,-265,-326,-306,-198,-29,145,286,370,371,261,88,-103,-280,-399,-422,-342,-165,63,279,427,472,405,252,11,-235,-403,-484,-469,-337,-97,194,424,524,496,368,144,-111,-349,-493,-518,-421,-214,55,303,459,502,420,243,4,-233,-414,-470,-393,-226,-16,194,357,415,371,220,12,-181,-316,-374,-327,-194,-13,164,295,350,293,162,1,-166,-295,-341,-282,-147,23,169,272,294,238,0,-34,-165,-265,-290,-228,-122,32,176,273,283,219,95,-59,-195,-271,-275,-210,-84,59,176,253,244,162,44,-82,-185,-236,-219,-143,-21,111,206,246,209,120,-6,-134,-233,-276,-238,-129,16,151,250,288,255,144,-2,-133,-222,-281,-253,-160,-32,95,210,266,253,178,53,-90,-190,-241,-231,-159,-39,81,169,212,212,156,51,-66,-147,-199,-209,-163,-56,48,127,172,199,172,100,1,-99,-177,-207,-188,-134,-58,33,124,180,200,167,96,6,-57,-109,-164,-175,-134,-73,-10,67,128,155,137,113,73,15,-45,-100,-138,-135,-110,-68,-15,27,58,89,114,119,108,525,553
62202,mtk,MTK 7916,2153830752,rx0-tx0,512,0,0,0,0,0,0,0,0,0,0,0,0,0,0,0,0,0,0,0,0,0,0,0,0,0,0,0,0,0,0,0,0,0,0,0,0,0,0,0,0,0,0,0,0,0,0,0,0,0,0,0,0,0,0,0,0,0,0,0,0,0,0,0,0,0,0,0,0,0,0,0,0,0,0,0,0,0,0,0,0,0,0,0,0,0,0,0,0,0,0,0,0,0,0,0,0,0,0,0,0,0,0,0,0,0,0,0,0,0,0,0,0,0,0,0,0,0,0,0,0,0,0,0,0,0,0,0,0,0,0,0,0,0,0,0,0,0,0,0,0,0,0,0,0,0,0,0,0,0,0,0,0,0,0,0,0,0,0,0,0,0,0,0,0,0,0,0,0,0,0,0,0,0,0,0,0,0,0,0,0,0,0,0,0,0,0,0,0,0,0,0,0,0,0,0,0,0,0,0,0,0,0,0,0,0,0,0,0,0,0,0,0,0,0,0,0,0,0,0,0,0,0,0,0,0,0,0,0,0,0,0,0,0,0,0,0,0,0,0,0,0,0,0,0,0,0,0,0,0,0,0,0,0,0,0,0,-364,435,309,-353,-121,221,551,780,866,813,629,350,39,-287,-595,-826,-971,-1025,-957,-809,-569,-257,90,426,736,985,1126,1177,1116,939,690,379,8,-353,-669,-952,-1146,-1247,-1246,-1155,-967,-703,-388,-18,337,648,924,1133,1264,1286,1208,1072,854,544,204,-151,-514,-819,-1064,-1239,-1319,-1305,-1202,-1013,-732,-409,-62,306,650,931,1145,1288,1320,1238,1071,842,557,224,-114,-429,-680,-900,-1046,-1119,-1112,-1021,-854,-658,-426,-157,95,349,569,732,845,890,885,834,723,562,378,165,-43,-237,-405,-545,-641,-686,-690,-661,-573,-461,-323,-174,-49,89,206,305,385,433,442,425,402,375,327,273,217,140,-330,35,-31,-109,-180,-261,-347,-407,-456,-503,-529,-522,-482,-404,-279,-137,29,229,405,583,736,844,905,909,834,692,499,250,-49,-345,-621,-895,-1100,-1227,-1257,-1185,-1043,-803,-486,-134,234,592,929,1180,1339,1409,1385,1253,1025,728,365,-6,-403,-763,-1051,-1281,-1410,-1451,-1387,-1206,-972,-643,-279,106,504,863,1169,1373,1487,1491,1370,1164,884,515,102,-300,-699,-1042,-1318,-1483,-1531,-1460,-1279,-1006,-645,-227,216,641,1001,1288,1474,1517,1445,1259,960,586,153,-296,-706,-1043,-1290,-1431,-1426,-1297,-1071,-745,-359,59,452,813,1101,1280,1340,1268,1092,785,386,-63,-529,-960,-1266,-1411,-1326,-995,-484,11,611,586,0,0,0,0,0,0,0,0,0,0,0,0,0,0,0,0,0,0,0,0,0,0,0,0,0,0,0,0,0,0,0,0,0,0,0,0,0,0,0,0,0,0,0,0,0,0,0,0,0,0,0,0,0,0,0,0,0,0,0,0,0,0,0,0,0,0,0,0,0,0,0,0,0,0,0,0,0,0,0,0,0,0,0,0,0,0,0,0,0,0,0,0,0,0,0,0,0,0,0,0,0,0,0,0,0,0,0,0,0,0,0,0,0,0,0,0,0,0,0,0,0,0,0,0,0,0,0,0,0,0,0,0,0,0,0,0,0,0,0,0,0,0,0,0,0,0,0,0,0,0,0,0,0,0,0,0,0,0,0,0,0,0,0,0,0,0,0,0,0,0,0,0,0,0,0,0,0,0,0,0,0,0,0,0,0,0,0,0,0,0,0,0,0,0,0,0,0,0,0,0,0,0,0,0,0,0,0,0,0,0,0,0,0,0,0,0,0,0,0,0,0,0,0,0,0,0,0,0,0,0,0,0,0,0,0,0,0,0,0,0,0,0,0,0,0,0,0,0,0,0,0,0,0,0,0,0,-49,-429,-517,473,665,719,587,316,-23,-364,-656,-845,-929,-919,-775,-543,-254,76,396,687,920,1064,1100,1031,873,613,300,-52,-417,-744,-1003,-1180,-1251,-1190,-1049,-829,-518,-170,189,540,837,1061,1220,1287,1235,1100,880,604,279,-76,-411,-720,-998,-1196,-1289,-1313,-1226,-1046,-791,-476,-121,234,566,880,1120,1264,1322,1300,1152,935,662,326,-39,-393,-700,-939,-1120,-1220,-1227,-1141,-983,-759,-473,-172,131,416,647,821,947,997,979,914,782,606,406,183,-43,-268,-481,-639,-748,-803,-800,-750,-656,-526,-359,-177,-6,166,318,438,522,562,569,545,485,410,313,209,103,9,-63,-141,-216,-260,-306,-335,-82,-370,-391,-388,-370,-345,-291,-221,-136,-34,88,228,356,489,596,663,728,726,667,574,411,212,-12,-263,-509,-722,-908,-1041,-1098,-1061,-966,-793,-532,-219,140,471,780,1058,1241,1343,1344,1246,1049,750,427,56,-330,-692,-1006,-1247,-1393,-1437,-1380,-1200,-964,-661,-304,74,465,805,1095,1308,1429,1458,1381,1212,935,594,207,-208,-593,-922,-1210,-1428,-1522,-1496,-1360,-1111,-783,-388,29,447,832,1155,1395,1519,1524,1391,1161,829,421,-16,-452,-840,-1168,-1390,-1495,-1469,-1309,-1050,-702,-295,153,562,916,1183,1333,1366,1280,1085,776,399,-1,-397,-776,-1096,-1309,-1377,-1292,-1030,-621,-107,445,929,1202,1215,-37,-170
62203,mtk,MTK 7916,2153830752,rx0-tx1,512,0,0,0,0,0,0,0,0,0,0,0,0,0,0,0,0,0,0,0,0,0,0,0,0,0,0,0,0,0,0,0,0,0,0,0,0,0,0,0,0,0,0,0,0,0,0,0,0,0,0,0,0,0,0,0,0,0,0,0,0,0,0,0,0,0,0,0,0,0,0,0,0,0,0,0,0,0,0,0,0,0,0,0,0,0,0,0,0,0,0,0,0,0,0,0,0,0,0,0,0,0,0,0,0,0,0,0,0,0,0,0,0,0,0,0,0,0,0,0,0,0,0,0,0,0,0,0,0,0,0,0,0,0,0,0,0,0,0,0,0,0,0,0,0,0,0,0,0,0,0,0,0,0,0,0,0,0,0,0,0,0,0,0,0,0,0,0,0,0,0,0,0,0,0,0,0,0,0,0,0,0,0,0,0,0,0,0,0,0,0,0,0,0,0,0,0,0,0,0,0,0,0,0,0,0,0,0,0,0,0,0,0,0,0,0,0,0,0,0,0,0,0,0,0,0,0,0,0,0,0,0,0,0,0,0,0,0,0,0,0,0,0,0,0,0,0,0,0,0,0,0,0,0,0,0,0,-449,810,975,294,138,-89,-331,-526,-633,-620,-505,-315,-89,150,395,592,725,806,792,694,506,251,-44,-349,-637,-868,-1012,-1062,-999,-827,-572,-239,134,488,780,1010,1160,1166,1068,876,596,255,-85,-405,-698,-903,-1025,-1074,-1019,-889,-691,-441,-166,123,383,588,735,828,854,802,708,563,379,196,9,-170,-306,-431,-512,-539,-551,-528,-467,-425,-362,-272,-176,-62,45,151,270,373,451,523,563,557,522,456,337,205,50,-129,-274,-405,-525,-586,-616,-604,-548,-453,-327,-195,-43,101,231,353,446,512,537,529,497,445,351,245,115,-8,-125,-260,-369,-449,-502,-524,-521,-481,-420,-314,-179,-43,510,215,321,402,465,507,515,486,427,335,222,104,-4,-123,-223,-315,-390,-421,-447,-454,-434,-410,-348,-261,-179,-88,8,119,236,344,452,556,617,639,623,573,480,331,143,-72,-300,-516,-714,-863,-966,-988,-934,-811,-616,-346,-34,300,609,888,1114,1247,1285,1203,1017,754,403,11,-370,-738,-1063,-1289,-1399,-1404,-1281,-1048,-722,-324,97,519,896,1170,1350,1407,1346,1171,871,523,119,-302,-665,-967,-1209,-1316,-1302,-1158,-894,-573,-188,202,557,856,1058,1141,1108,951,702,409,84,-237,-494,-692,-810,-844,-780,-638,-462,-236,-8,205,394,537,600,596,530,389,214,7,-209,-370,-434,-408,69,345,0,0,0,0,0,0,0,0,0,0,0,0,0,0,0,0,0,0,0,0,0,0,0,0,0,0,0,0,0,0,0,0,0,0,0,0,0,0,0,0,0,0,0,0,0,0,0,0,0,0,0,0,0,0,0,0,0,0,0,0,0,0,0,0,0,0,0,0,0,0,0,0,0,0,0,0,0,0,0,0,0,0,0,0,0,0,0,0,0,0,0,0,0,0,0,0,0,0,0,0,0,0,0,0,0,0,0,0,0,0,0,0,0,0,0,0,0,0,0,0,0,0,0,0,0,0,0,0,0,0,0,0,0,0,0,0,0,0,0,0,0,0,0,0,0,0,0,0,0,0,0,0,0,0,0,0,0,0,0,0,0,0,0,0,0,0,0,0,0,0,0,0,0,0,0,0,0,0,0,0,0,0,0,0,0,0,0,0,0,0,0,0,0,0,0,0,0,0,0,0,0,0,0,0,0,0,0,0,0,0,0,0,0,0,0,0,0,0,0,0,0,0,0,0,0,0,0,0,0,0,0,0,0,0,0,0,0,0,0,0,0,0,0,0,0,0,0,0,0,0,0,0,0,0,0,0,26,724,508,-294,-449,-510,-455,-295,-54,201,427,597,680,699,628,475,274,22,-257,-521,-738,-885,-938,-893,-755,-522,-238,92,435,740,977,1126,1148,1049,852,580,234,-137,-467,-764,-993,-1116,-1123,-1040,-873,-624,-336,-30,283,541,757,899,974,959,860,702,515,296,44,-178,-376,-542,-649,-695,-706,-656,-577,-475,-327,-194,-60,84,187,270,353,416,458,483,484,482,455,387,298,179,30,-123,-257,-397,-504,-570,-620,-606,-545,-462,-350,-195,-44,113,273,395,496,562,590,571,519,439,330,201,60,-67,-187,-302,-408,-478,-520,-520,-512,-474,-387,-279,-159,-30,98,226,341,443,505,523,-82,485,409,317,211,81,-49,-173,-287,-372,-435,-465,-477,-462,-413,-357,-265,-166,-71,34,122,214,308,375,421,451,471,486,467,409,338,228,81,-73,-232,-395,-553,-686,-784,-818,-801,-714,-571,-365,-116,155,428,680,915,1079,1153,1131,1020,830,555,217,-150,-523,-846,-1112,-1298,-1360,-1312,-1169,-915,-563,-177,239,640,977,1236,1379,1419,1334,1123,808,431,17,-393,-773,-1079,-1286,-1382,-1334,-1161,-916,-580,-181,228,618,927,1135,1238,1223,1085,844,511,145,-209,-532,-773,-931,-994,-944,-798,-596,-334,-51,228,442,600,692,696,635,526,356,149,-58,-271,-432,-520,-548,-488,-338,-140,29,1056,1007
62204,mtk,MTK 7916,2153830752,rx1-tx0,512,0,0,0,0,0,0,0,0,0,0,0,0,0,0,0,0,0,0,0,0,0,0,0,0,0,0,0,0,0,0,0,0,0,0,0,0,0,0,0,0,0,0,0,0,0,0,0,0,0,0,0,0,0,0,0,0,0,0,0,0,0,0,0,0,0,0,0,0,0,0,0,0,0,0,0,0,0,0,0,0,0,0,0,0,0,0,0,0,0,0,0,0,0,0,0,0,0,0,0,0,0,0,0,0,0,0,0,0,0,0,0,0,0,0,0,0,0,0,0,0,0,0,0,0,0,0,0,0,0,0,0,0,0,0,0,0,0,0,0,0,0,0,0,0,0,0,0,0,0,0,0,0,0,0,0,0,0,0,0,0,0,0,0,0,0,0,0,0,0,0,0,0,0,0,0,0,0,0,0,0,0,0,0,0,0,0,0,0,0,0,0,0,0,0,0,0,0,0,0,0,0,0,0,0,0,0,0,0,0,0,0,0,0,0,0,0,0,0,0,0,0,0,0,0,0,0,0,0,0,0,0,0,0,0,0,0,0,0,0,0,0,0,0,0,0,0,0,0,0,0,0,0,0,0,0,0,98,-593,-570,-516,-385,-98,256,578,810,918,881,704,439,112,-244,-574,-859,-1083,-1171,-1147,-994,-716,-346,88,519,912,1222,1426,1478,1371,1120,754,295,-196,-657,-1055,-1356,-1521,-1535,-1402,-1144,-795,-392,47,471,842,1110,1277,1350,1285,1133,907,612,285,-54,-354,-623,-826,-957,-1040,-1027,-941,-814,-641,-421,-193,32,253,443,586,730,834,857,839,755,643,495,295,85,-143,-378,-558,-714,-801,-839,-833,-759,-635,-437,-216,-14,203,396,544,653,720,720,671,572,439,276,113,-47,-189,-306,-404,-459,-477,-457,-425,-362,-283,-195,-100,-27,51,108,150,192,231,241,242,246,239,233,211,192,148,-686,98,35,-36,-90,-160,-220,-279,-328,-369,-389,-374,-335,-279,-209,-122,-6,110,223,336,436,518,550,558,527,451,359,231,59,-104,-279,-450,-577,-693,-765,-779,-726,-625,-470,-259,-50,180,423,629,801,905,944,906,803,645,415,158,-111,-383,-630,-820,-942,-981,-957,-877,-709,-490,-244,16,273,524,716,859,920,918,866,723,544,328,68,-186,-415,-607,-769,-858,-860,-816,-702,-521,-313,-86,133,336,504,636,694,688,640,554,424,279,116,-66,-216,-330,-433,-507,-534,-539,-490,-417,-334,-214,-54,106,259,396,516,589,604,575,475,310,99,-153,-419,-625,-730,-709,-545,-322,-391,-496,0,0,0,0,0,0,0,0,0,0,0,0,0,0,0,0,0,0,0,0,0,0,0,0,0,0,0,0,0,0,0,0,0,0,0,0,0,0,0,0,0,0,0,0,0,0,0,0,0,0,0,0,0,0,0,0,0,0,0,0,0,0,0,0,0,0,0,0,0,0,0,0,0,0,0,0,0,0,0,0,0,0,0,0,0,0,0,0,0,0,0,0,0,0,0,0,0,0,0,0,0,0,0,0,0,0,0,0,0,0,0,0,0,0,0,0,0,0,0,0,0,0,0,0,0,0,0,0,0,0,0,0,0,0,0,0,0,0,0,0,0,0,0,0,0,0,0,0,0,0,0,0,0,0,0,0,0,0,0,0,0,0,0,0,0,0,0,0,0,0,0,0,0,0,0,0,0,0,0,0,0,0,0,0,0,0,0,0,0,0,0,0,0,0,0,0,0,0,0,0,0,0,0,0,0,0,0,0,0,0,0,0,0,0,0,0,0,0,0,0,0,0,0,0,0,0,0,0,0,0,0,0,0,0,0,0,0,0,0,0,0,0,0,0,0,0,0,0,0,0,0,0,0,0,0,0,-999,-54,102,291,554,743,762,618,352,6,-359,-674,-893,-1025,-1020,-903,-682,-368,-3,380,745,1051,1265,1335,1268,1056,734,321,-154,-623,-1038,-1342,-1523,-1538,-1408,-1155,-772,-323,159,611,980,1253,1423,1474,1386,1164,844,492,114,-271,-610,-889,-1082,-1173,-1178,-1101,-948,-726,-482,-216,67,314,528,706,837,897,906,862,756,620,469,248,33,-177,-379,-550,-708,-809,-852,-861,-786,-662,-489,-273,-59,171,379,573,722,783,801,769,676,535,370,185,-15,-197,-362,-493,-568,-601,-601,-549,-474,-367,-240,-103,25,129,226,288,336,353,348,327,287,254,215,162,105,55,15,-31,-76,-106,-144,-176,9,-230,-275,-291,-294,-288,-242,-193,-141,-67,29,133,221,289,359,431,471,472,444,374,289,170,32,-100,-255,-390,-495,-600,-645,-645,-627,-546,-427,-277,-83,133,337,525,699,806,850,861,793,654,468,235,-22,-291,-539,-752,-897,-960,-966,-901,-767,-567,-320,-57,202,454,683,843,929,954,914,802,633,409,156,-93,-350,-569,-722,-850,-911,-881,-792,-641,-445,-197,51,277,483,640,741,778,755,678,554,380,178,-9,-189,-354,-487,-572,-608,-599,-526,-447,-358,-222,-83,70,215,315,408,494,541,540,499,423,296,128,-56,-249,-443,-599,-687,-707,-616,-410,-132,173,434,577,-462,-347
62205,mtk,MTK 7916,2153830752,rx1-tx1,512,0,0,0,0,0,0,0,0,0,0,0,0,0,0,0,0,0,0,0,0,0,0,0,0,0,0,0,0,0,0,0,0,0,0,0,0,0,0,0,0,0,0,0,0,0,0,0,0,0,0,0,0,0,0,0,0,0,0,0,0,0,0,0,0,0,0,0,0,0,0,0,0,0,0,0,0,0,0,0,0,0,0,0,0,0,0,0,0,0,0,0,0,0,0,0,0,0,0,0,0,0,0,0,0,0,0,0,0,0,0,0,0,0,0,0,0,0,0,0,0,0,0,0,0,0,0,0,0,0,0,0,0,0,0,0,0,0,0,0,0,0,0,0,0,0,0,0,0,0,0,0,0,0,0,0,0,0,0,0,0,0,0,0,0,0,0,0,0,0,0,0,0,0,0,0,0,0,0,0,0,0,0,0,0,0,0,0,0,0,0,0,0,0,0,0,0,0,0,0,0,0,0,0,0,0,0,0,0,0,0,0,0,0,0,0,0,0,0,0,0,0,0,0,0,0,0,0,0,0,0,0,0,0,0,0,0,0,0,0,0,0,0,0,0,0,0,0,0,0,0,0,0,0,0,0,0,-282,908,986,125,149,155,131,73,0,-75,-136,-193,-208,-187,-128,-45,56,153,219,232,198,122,2,-113,-212,-257,-242,-172,-59,75,193,263,278,213,88,-66,-196,-299,-335,-272,-123,52,217,328,361,301,158,-32,-217,-365,-425,-382,-233,-15,218,401,478,427,270,39,-220,-432,-528,-505,-352,-85,208,459,596,586,425,160,-161,-453,-629,-638,-497,-234,103,408,603,668,559,309,-17,-348,-601,-691,-591,-350,-35,283,537,665,610,387,80,-247,-514,-636,-587,-398,-99,222,472,588,560,394,117,-184,-437,-549,-516,-356,-112,168,399,516,495,352,119,-146,-354,-456,-445,-317,-87,171,0,436,408,270,64,-157,-328,-416,-377,-224,-27,166,314,378,323,177,-8,-197,-326,-351,-265,-105,86,252,361,359,251,76,-142,-327,-410,-369,-224,-23,187,369,455,400,228,-5,-243,-429,-494,-426,-236,18,273,459,538,474,277,2,-285,-498,-584,-528,-337,-43,268,506,616,575,375,82,-230,-478,-622,-618,-434,-143,186,448,599,597,452,177,-130,-405,-570,-593,-468,-221,93,370,549,603,503,279,-26,-328,-544,-619,-552,-352,-61,241,480,603,592,442,196,-104,-376,-563,-612,-529,-332,-62,213,434,566,571,454,241,-19,-268,-466,-570,-563,-456,-277,-56,151,318,424,471,333,551,0,0,0,0,0,0,0,0,0,0,0,0,0,0,0,0,0,0,0,0,0,0,0,0,0,0,0,0,0,0,0,0,0,0,0,0,0,0,0,0,0,0,0,0,0,0,0,0,0,0,0,0,0,0,0,0,0,0,0,0,0,0,0,0,0,0,0,0,0,0,0,0,0,0,0,0,0,0,0,0,0,0,0,0,0,0,0,0,0,0,0,0,0,0,0,0,0,0,0,0,0,0,0,0,0,0,0,0,0,0,0,0,0,0,0,0,0,0,0,0,0,0,0,0,0,0,0,0,0,0,0,0,0,0,0,0,0,0,0,0,0,0,0,0,0,0,0,0,0,0,0,0,0,0,0,0,0,0,0,0,0,0,0,0,0,0,0,0,0,0,0,0,0,0,0,0,0,0,0,0,0,0,0,0,0,0,0,0,0,0,0,0,0,0,0,0,0,0,0,0,0,0,0,0,0,0,0,0,0,0,0,0,0,0,0,0,0,0,0,0,0,0,0,0,0,0,0,0,0,0,0,0,0,0,0,0,0,0,0,0,0,0,0,0,0,0,0,0,0,0,0,0,0,0,0,0,288,420,170,-24,19,76,131,177,194,187,152,90,1,-99,-174,-215,-215,-174,-84,28,138,216,250,234,155,25,-109,-200,-258,-253,-189,-74,70,204,289,294,235,122,-35,-199,-316,-350,-292,-147,38,222,347,394,345,199,-16,-234,-393,-461,-407,-257,-27,223,433,520,478,324,75,-218,-456,-576,-551,-387,-121,197,466,620,624,480,197,-135,-431,-636,-686,-551,-279,65,391,609,675,578,330,-9,-341,-594,-689,-604,-371,-56,283,549,655,594,389,90,-231,-491,-611,-574,-387,-107,197,438,568,548,399,131,-171,-409,-528,-507,-354,-110,158,369,482,460,324,104,-146,-369,-470,-425,0,-61,150,328,410,377,251,53,-163,-326,-394,-348,-200,2,200,327,354,292,147,-51,-240,-351,-354,-256,-85,115,284,376,365,244,43,-181,-347,-417,-374,-226,0,230,414,471,406,230,-2,-258,-447,-533,-475,-276,4,273,474,568,501,291,6,-277,-501,-608,-562,-365,-66,248,500,629,587,407,106,-212,-482,-619,-613,-436,-161,154,427,589,598,450,188,-112,-380,-559,-597,-476,-234,67,351,541,597,507,287,-3,-289,-511,-605,-557,-384,-119,177,439,600,618,494,264,-22,-297,-511,-601,-553,-391,-156,117,356,524,576,502,339,113,-133,-351,-504,-556,-517,-406,-257,-68,901,793
62206,mtk,MTK 7916,2153830752,rx2-tx0,512,0,0,0,0,0,0,0,0,0,0,0,0,0,0,0,0,0,0,0,0,0,0,0,0,0,0,0,0,0,0,0,0,0,0,0,0,0,0,0,0,0,0,0,0,0,0,0,0,0,0,0,0,0,0,0,0,0,0,0,0,0,0,0,0,0,0,0,0,0,0,0,0,0,0,0,0,0,0,0,0,0,0,0,0,0,0,0,0,0,0,0,0,0,0,0,0,0,0,0,0,0,0,0,0,0,0,0,0,0,0,0,0,0,0,0,0,0,0,0,0,0,0,0,0,0,0,0,0,0,0,0,0,0,0,0,0,0,0,0,0,0,0,0,0,0,0,0,0,0,0,0,0,0,0,0,0,0,0,0,0,0,0,0,0,0,0,0,0,0,0,0,0,0,0,0,0,0,0,0,0,0,0,0,0,0,0,0,0,0,0,0,0,0,0,0,0,0,0,0,0,0,0,0,0,0,0,0,0,0,0,0,0,0,0,0,0,0,0,0,0,0,0,0,0,0,0,0,0,0,0,0,0,0,0,0,0,0,0,0,0,0,0,0,0,0,0,0,0,0,0,0,0,0,0,0,0,794,1238,1098,-36,-80,-123,-151,-161,-152,-116,-57,15,92,156,181,172,140,71,-18,-106,-163,-191,-183,-139,-60,43,129,182,206,183,115,15,-80,-152,-187,-179,-127,-56,25,101,152,153,115,50,-32,-103,-142,-146,-108,-32,57,132,173,170,124,36,-73,-156,-188,-172,-121,-43,47,133,194,207,161,72,-36,-133,-198,-232,-204,-112,5,98,158,188,178,110,27,-69,-138,-170,-151,-106,-24,68,138,157,133,100,41,-40,-106,-143,-143,-111,-46,25,99,136,153,126,72,7,-51,-98,-115,-111,-95,-48,9,58,87,95,80,51,23,-3,-24,-51,-59,-56,-46,-29,-10,20,0,80,86,81,56,25,-18,-48,-80,-101,-102,-79,-46,9,55,96,129,130,103,50,-26,-93,-127,-141,-123,-76,-2,70,128,155,146,92,19,-56,-116,-162,-162,-126,-54,21,100,145,157,137,82,3,-78,-132,-162,-143,-103,-27,51,109,129,134,100,29,-30,-74,-95,-87,-63,-25,22,63,86,89,64,18,-26,-67,-97,-99,-67,-11,26,67,92,92,77,56,8,-40,-69,-94,-88,-78,-53,-25,7,28,47,56,59,62,55,40,25,-2,-23,-39,-55,-71,-82,-79,-65,-35,1,30,65,97,114,107,88,50,-1,-56,-103,-139,-160,-151,-131,-104,-55,22,1168,1281,0,0,0,0,0,0,0,0,0,0,0,0,0,0,0,0,0,0,0,0,0,0,0,0,0,0,0,0,0,0,0,0,0,0,0,0,0,0,0,0,0,0,0,0,0,0,0,0,0,0,0,0,0,0,0,0,0,0,0,0,0,0,0,0,0,0,0,0,0,0,0,0,0,0,0,0,0,0,0,0,0,0,0,0,0,0,0,0,0,0,0,0,0,0,0,0,0,0,0,0,0,0,0,0,0,0,0,0,0,0,0,0,0,0,0,0,0,0,0,0,0,0,0,0,0,0,0,0,0,0,0,0,0,0,0,0,0,0,0,0,0,0,0,0,0,0,0,0,0,0,0,0,0,0,0,0,0,0,0,0,0,0,0,0,0,0,0,0,0,0,0,0,0,0,0,0,0,0,0,0,0,0,0,0,0,0,0,0,0,0,0,0,0,0,0,0,0,0,0,0,0,0,0,0,0,0,0,0,0,0,0,0,0,0,0,0,0,0,0,0,0,0,0,0,0,0,0,0,0,0,0,0,0,0,0,0,0,0,0,0,0,0,0,0,0,0,0,0,0,0,0,0,0,0,0,0,572,-421,-715,109,113,89,44,-11,-74,-132,-170,-183,-157,-103,-30,57,130,176,195,182,117,23,-70,-140,-195,-203,-153,-69,11,89,167,204,185,123,37,-56,-123,-166,-169,-130,-57,30,108,156,150,104,33,-43,-119,-157,-146,-100,-31,58,144,184,178,131,47,-49,-139,-200,-197,-148,-58,44,138,195,218,179,91,-11,-107,-184,-213,-186,-110,-14,83,163,203,193,133,43,-41,-122,-166,-163,-107,-34,43,104,144,138,103,36,-46,-106,-143,-149,-115,-54,15,76,117,132,123,81,25,-36,-82,-109,-100,-77,-47,-15,24,52,59,54,46,30,2,-19,-31,-43,-64,-69,0,-23,-2,21,54,77,86,82,52,9,-33,-68,-99,-112,-98,-66,-23,30,91,144,159,121,63,-8,-80,-128,-148,-140,-100,-25,62,129,162,161,110,41,-47,-113,-152,-162,-133,-63,30,93,140,162,155,107,29,-55,-114,-138,-125,-93,-54,5,71,106,111,83,33,-26,-64,-93,-97,-67,-15,39,92,110,106,70,22,-27,-73,-98,-100,-81,-40,9,53,99,114,96,69,34,-12,-50,-67,-76,-64,-48,-32,-8,12,28,35,46,49,38,40,43,42,27,6,-24,-50,-67,-82,-87,-73,-41,-6,33,76,112,137,133,100,55,5,-48,-87,-113,-131,-129,575,262
62207,mtk,MTK 7916,2153830752,rx2-tx1,512,0,0,0,0,0,0,0,0,0,0,0,0,0,0,0,0,0,0,0,0,0,0,0,0,0,0,0,0,0,0,0,0,0,0,0,0,0,0,0,0,0,0,0,0,0,0,0,0,0,0,0,0,0,0,0,0,0,0,0,0,0,0,0,0,0,0,0,0,0,0,0,0,0,0,0,0,0,0,0,0,0,0,0,0,0,0,0,0,0,0,0,0,0,0,0,0,0,0,0,0,0,0,0,0,0,0,0,0,0,0,0,0,0,0,0,0,0,0,0,0,0,0,0,0,0,0,0,0,0,0,0,0,0,0,0,0,0,0,0,0,0,0,0,0,0,0,0,0,0,0,0,0,0,0,0,0,0,0,0,0,0,0,0,0,0,0,0,0,0,0,0,0,0,0,0,0,0,0,0,0,0,0,0,0,0,0,0,0,0,0,0,0,0,0,0,0,0,0,0,0,0,0,0,0,0,0,0,0,0,0,0,0,0,0,0,0,0,0,0,0,0,0,0,0,0,0,0,0,0,0,0,0,0,0,0,0,0,0,0,0,0,0,0,0,0,0,0,0,0,0,0,0,0,0,0,0,381,522,471,-33,-26,-9,13,37,57,75,78,64,46,21,-14,-48,-80,-104,-105,-88,-56,12,73,118,143,144,109,52,-26,-116,-173,-188,-170,-126,-47,53,161,226,242,208,125,19,-108,-214,-282,-287,-236,-111,35,176,286,339,313,201,40,-119,-263,-367,-379,-304,-164,26,220,357,415,380,246,59,-140,-313,-421,-439,-360,-169,55,264,416,475,414,268,59,-170,-360,-465,-457,-352,-176,54,275,418,451,389,246,45,-168,-336,-415,-391,-272,-105,88,251,347,358,285,140,-47,-202,-307,-341,-287,-161,-2,151,263,304,270,177,43,-113,-232,-287,-266,-173,-51,83,205,268,0,174,50,-70,-164,-228,-230,-158,-54,59,159,220,202,148,68,-35,-145,-201,-191,-135,-53,45,132,185,186,136,53,-43,-130,-187,-185,-126,-27,63,151,210,205,139,48,-58,-158,-218,-231,-193,-89,30,136,220,258,223,132,20,-99,-183,-230,-229,-177,-86,27,134,199,218,187,112,3,-92,-168,-192,-174,-107,-14,79,148,169,160,122,49,-41,-113,-161,-185,-157,-86,6,83,140,174,167,118,56,-10,-97,-161,-179,-167,-134,-75,4,87,156,177,158,122,69,-11,-76,-120,-143,-153,-125,-76,-14,44,94,124,140,129,98,47,-12,-69,-100,-109,-113,-113,-112,445,493,0,0,0,0,0,0,0,0,0,0,0,0,0,0,0,0,0,0,0,0,0,0,0,0,0,0,0,0,0,0,0,0,0,0,0,0,0,0,0,0,0,0,0,0,0,0,0,0,0,0,0,0,0,0,0,0,0,0,0,0,0,0,0,0,0,0,0,0,0,0,0,0,0,0,0,0,0,0,0,0,0,0,0,0,0,0,0,0,0,0,0,0,0,0,0,0,0,0,0,0,0,0,0,0,0,0,0,0,0,0,0,0,0,0,0,0,0,0,0,0,0,0,0,0,0,0,0,0,0,0,0,0,0,0,0,0,0,0,0,0,0,0,0,0,0,0,0,0,0,0,0,0,0,0,0,0,0,0,0,0,0,0,0,0,0,0,0,0,0,0,0,0,0,0,0,0,0,0,0,0,0,0,0,0,0,0,0,0,0,0,0,0,0,0,0,0,0,0,0,0,0,0,0,0,0,0,0,0,0,0,0,0,0,0,0,0,0,0,0,0,0,0,0,0,0,0,0,0,0,0,0,0,0,0,0,0,0,0,0,0,0,0,0,0,0,0,0,0,0,0,0,0,0,0,0,0,-1037,-96,-216,-29,-53,-73,-79,-70,-52,-27,3,33,64,90,95,83,54,18,-27,-67,-109,-128,-111,-74,-14,57,115,144,160,143,87,0,-87,-166,-216,-222,-178,-87,35,152,233,260,241,172,56,-80,-212,-291,-308,-258,-167,-7,161,283,328,327,246,101,-79,-234,-351,-397,-343,-190,2,201,354,434,417,306,118,-109,-319,-445,-469,-391,-214,10,225,389,470,444,313,112,-102,-297,-448,-481,-395,-214,4,215,366,434,399,268,61,-146,-308,-401,-393,-292,-119,61,224,338,358,280,142,-10,-174,-297,-340,-296,-180,-7,146,246,288,266,171,39,-103,-205,-261,-253,-175,-47,0,173,234,228,163,55,-76,-178,-225,-222,-163,-64,43,147,206,209,161,71,-53,-148,-194,-197,-152,-53,50,130,183,187,136,45,-57,-136,-177,-186,-151,-53,60,154,216,235,180,85,-37,-145,-226,-244,-212,-123,-5,111,185,223,211,157,50,-70,-155,-201,-213,-173,-87,17,117,194,215,174,90,11,-81,-151,-193,-180,-124,-35,54,118,166,180,148,76,-24,-116,-165,-175,-151,-107,-34,51,123,159,177,157,101,16,-63,-130,-175,-176,-152,-95,-18,50,100,147,164,145,95,32,-35,-79,-114,-135,-132,-99,-50,2,58,100,123,127,117,90,69,32,-5,-43,312,188
62208,mtk,MTK 7916,2153879474,rx0-tx0,512,0,0,0,0,0,0,0,0,0,0,0,0,0,0,0,0,0,0,0,0,0,0,0,0,0,0,0,0,0,0,0,0,0,0,0,0,0,0,0,0,0,0,0,0,0,0,0,0,0,0,0,0,0,0,0,0,0,0,0,0,0,0,0,0,0,0,0,0,0,0,0,0,0,0,0,0,0,0,0,0,0,0,0,0,0,0,0,0,0,0,0,0,0,0,0,0,0,0,0,0,0,0,0,0,0,0,0,0,0,0,0,0,0,0,0,0,0,0,0,0,0,0,0,0,0,0,0,0,0,0,0,0,0,0,0,0,0,0,0,0,0,0,0,0,0,0,0,0,0,0,0,0,0,0,0,0,0,0,0,0,0,0,0,0,0,0,0,0,0,0,0,0,0,0,0,0,0,0,0,0,0,0,0,0,0,0,0,0,0,0,0,0,0,0,0,0,0,0,0,0,0,0,0,0,0,0,0,0,0,0,0,0,0,0,0,0,0,0,0,0,0,0,0,0,0,0,0,0,0,0,0,0,0,0,0,0,0,0,0,0,0,0,0,0,0,0,0,0,0,0,0,0,0,0,0,0,-364,435,309,-601,-700,-649,-423,-90,277,598,840,964,968,868,641,364,45,-297,-611,-872,-1051,-1144,-1135,-1010,-783,-481,-141,226,592,893,1131,1269,1300,1221,1037,779,467,105,-268,-612,-905,-1142,-1280,-1333,-1299,-1153,-928,-662,-321,49,393,731,1021,1238,1358,1395,1323,1170,938,627,287,-75,-446,-785,-1065,-1270,-1373,-1394,-1304,-1134,-904,-587,-219,141,476,777,1030,1197,1278,1268,1163,1002,785,509,204,-100,-376,-624,-836,-974,-1047,-1044,-990,-869,-691,-489,-262,-39,200,416,579,706,773,822,807,721,618,475,310,144,-29,-187,-317,-407,-484,-532,-528,-516,-487,-425,-338,-259,-183,-104,-16,60,124,186,-330,285,339,381,427,457,471,462,438,385,299,200,49,-119,-286,-454,-611,-737,-829,-879,-879,-800,-666,-478,-232,58,354,620,872,1067,1212,1275,1230,1107,896,623,283,-87,-453,-812,-1112,-1328,-1459,-1487,-1422,-1234,-952,-620,-247,151,541,877,1175,1385,1492,1524,1426,1237,976,642,274,-139,-534,-880,-1183,-1409,-1536,-1561,-1469,-1269,-994,-655,-268,150,572,945,1252,1470,1591,1590,1470,1257,929,527,91,-346,-761,-1131,-1393,-1554,-1601,-1517,-1315,-1003,-616,-168,271,692,1048,1311,1476,1501,1404,1189,877,499,91,-329,-717,-1031,-1252,-1379,-1393,-1262,-1012,-662,-240,233,703,1101,1392,1493,1345,968,425,-91,611,586,0,0,0,0,0,0,0,0,0,0,0,0,0,0,0,0,0,0,0,0,0,0,0,0,0,0,0,0,0,0,0,0,0,0,0,0,0,0,0,0,0,0,0,0,0,0,0,0,0,0,0,0,0,0,0,0,0,0,0,0,0,0,0,0,0,0,0,0,0,0,0,0,0,0,0,0,0,0,0,0,0,0,0,0,0,0,0,0,0,0,0,0,0,0,0,0,0,0,0,0,0,0,0,0,0,0,0,0,0,0,0,0,0,0,0,0,0,0,0,0,0,0,0,0,0,0,0,0,0,0,0,0,0,0,0,0,0,0,0,0,0,0,0,0,0,0,0,0,0,0,0,0,0,0,0,0,0,0,0,0,0,0,0,0,0,0,0,0,0,0,0,0,0,0,0,0,0,0,0,0,0,0,0,0,0,0,0,0,0,0,0,0,0,0,0,0,0,0,0,0,0,0,0,0,0,0,0,0,0,0,0,0,0,0,0,0,0,0,0,0,0,0,0,0,0,0,0,0,0,0,0,0,0,0,0,0,0,0,0,0,0,0,0,0,0,0,0,0,0,0,0,0,0,0,0,0,-49,-429,-517,-203,84,433,727,888,880,726,457,123,-208,-535,-797,-971,-1054,-1043,-915,-692,-396,-60,290,624,915,1124,1228,1236,1112,900,615,264,-100,-466,-790,-1048,-1229,-1323,-1299,-1171,-977,-688,-363,-20,348,696,973,1189,1340,1366,1312,1174,948,643,289,-79,-446,-757,-1042,-1260,-1372,-1415,-1342,-1177,-934,-611,-253,120,479,784,1060,1277,1375,1353,1261,1083,831,526,195,-139,-454,-725,-949,-1097,-1167,-1147,-1064,-932,-725,-492,-236,27,279,520,712,850,917,947,907,808,662,485,304,104,-118,-312,-456,-562,-638,-681,-690,-644,-552,-452,-336,-196,-60,51,162,260,322,350,375,394,404,389,367,343,-82,290,230,170,95,7,-87,-192,-290,-406,-512,-593,-660,-664,-640,-584,-474,-320,-144,57,291,520,720,896,1024,1083,1055,954,803,566,272,-54,-388,-708,-985,-1222,-1366,-1401,-1357,-1188,-941,-613,-245,134,520,868,1167,1375,1505,1527,1414,1238,955,607,235,-157,-536,-884,-1171,-1382,-1502,-1532,-1446,-1270,-1009,-658,-271,138,541,894,1198,1427,1557,1585,1495,1282,979,618,202,-232,-651,-1027,-1333,-1524,-1597,-1565,-1422,-1153,-797,-384,60,509,911,1230,1461,1554,1534,1395,1129,786,370,-69,-492,-872,-1174,-1368,-1445,-1408,-1232,-955,-602,-209,213,631,981,1242,1395,1417,1268,963,517,-37,-599,-1043,-1281,-1267,-37,-170
62209,mtk,MTK 7916,2153879474,rx0-tx1,512,0,0,0,0,0,0,0,0,0,0,0,0,0,0,0,0,0,0,0,0,0,0,0,0,0,0,0,0,0,0,0,0,0,0,0,0,0,0,0,0,0,0,0,0,0,0,0,0,0,0,0,0,0,0,0,0,0,0,0,0,0,0,0,0,0,0,0,0,0,0,0,0,0,0,0,0,0,0,0,0,0,0,0,0,0,0,0,0,0,0,0,0,0,0,0,0,0,0,0,0,0,0,0,0,0,0,0,0,0,0,0,0,0,0,0,0,0,0,0,0,0,0,0,0,0,0,0,0,0,0,0,0,0,0,0,0,0,0,0,0,0,0,0,0,0,0,0,0,0,0,0,0,0,0,0,0,0,0,0,0,0,0,0,0,0,0,0,0,0,0,0,0,0,0,0,0,0,0,0,0,0,0,0,0,0,0,0,0,0,0,0,0,0,0,0,0,0,0,0,0,0,0,0,0,0,0,0,0,0,0,0,0,0,0,0,0,0,0,0,0,0,0,0,0,0,0,0,0,0,0,0,0,0,0,0,0,0,0,0,0,0,0,0,0,0,0,0,0,0,0,0,0,0,0,0,0,-449,810,975,389,498,492,358,134,-129,-383,-582,-698,-735,-689,-543,-349,-103,180,442,687,861,963,978,878,675,400,79,-271,-612,-908,-1117,-1220,-1203,-1051,-823,-521,-148,242,590,873,1081,1204,1206,1104,910,647,348,21,-289,-563,-781,-941,-1015,-1011,-927,-770,-575,-364,-119,120,334,516,658,734,747,726,641,527,419,286,144,8,-120,-229,-309,-388,-453,-499,-514,-512,-490,-452,-395,-299,-185,-40,118,260,394,501,589,632,625,591,496,393,250,83,-70,-218,-354,-464,-535,-582,-588,-554,-498,-417,-307,-189,-59,75,205,319,414,494,539,549,534,477,409,315,184,66,-63,-211,-329,-425,510,-534,-538,-505,-458,-393,-273,-148,-20,79,182,301,376,435,470,468,459,446,380,290,218,121,18,-69,-161,-230,-339,-469,-520,-566,-585,-572,-564,-489,-361,-214,-21,196,402,614,781,929,972,950,879,753,547,261,-41,-339,-652,-935,-1154,-1299,-1330,-1250,-1068,-804,-457,-78,314,709,1046,1291,1447,1499,1414,1209,915,514,80,-342,-743,-1095,-1360,-1502,-1514,-1397,-1172,-835,-445,-19,414,803,1123,1330,1436,1401,1232,963,620,216,-198,-579,-899,-1126,-1238,-1226,-1086,-840,-536,-197,145,452,708,859,927,907,797,608,375,138,-110,-333,-514,-632,-682,-654,-548,-382,-171,44,265,414,464,451,69,345,0,0,0,0,0,0,0,0,0,0,0,0,0,0,0,0,0,0,0,0,0,0,0,0,0,0,0,0,0,0,0,0,0,0,0,0,0,0,0,0,0,0,0,0,0,0,0,0,0,0,0,0,0,0,0,0,0,0,0,0,0,0,0,0,0,0,0,0,0,0,0,0,0,0,0,0,0,0,0,0,0,0,0,0,0,0,0,0,0,0,0,0,0,0,0,0,0,0,0,0,0,0,0,0,0,0,0,0,0,0,0,0,0,0,0,0,0,0,0,0,0,0,0,0,0,0,0,0,0,0,0,0,0,0,0,0,0,0,0,0,0,0,0,0,0,0,0,0,0,0,0,0,0,0,0,0,0,0,0,0,0,0,0,0,0,0,0,0,0,0,0,0,0,0,0,0,0,0,0,0,0,0,0,0,0,0,0,0,0,0,0,0,0,0,0,0,0,0,0,0,0,0,0,0,0,0,0,0,0,0,0,0,0,0,0,0,0,0,0,0,0,0,0,0,0,0,0,0,0,0,0,0,0,0,0,0,0,0,0,0,0,0,0,0,0,0,0,0,0,0,0,0,0,0,0,0,26,724,508,187,-8,-260,-480,-617,-648,-573,-406,-171,84,343,567,729,827,846,770,613,378,91,-224,-546,-815,-1007,-1106,-1103,-980,-754,-453,-104,282,634,918,1132,1243,1228,1093,865,574,230,-134,-468,-760,-970,-1104,-1147,-1090,-942,-724,-462,-186,78,352,575,746,860,902,868,782,655,494,286,81,-106,-285,-396,-480,-556,-579,-585,-559,-495,-426,-346,-260,-153,-43,57,170,280,388,478,538,581,588,545,468,358,221,56,-101,-261,-399,-498,-578,-622,-611,-574,-505,-387,-270,-132,13,153,285,400,483,525,548,542,511,435,357,244,119,-9,-147,-262,-360,-455,-515,-532,-551,-520,-445,-351,-82,-108,32,144,250,369,471,513,519,513,463,382,284,196,119,5,-79,-181,-294,-363,-417,-456,-465,-471,-457,-430,-411,-316,-199,-85,60,196,356,500,617,708,786,789,729,641,482,282,12,-262,-514,-761,-960,-1099,-1141,-1129,-1035,-824,-556,-224,145,512,851,1131,1323,1406,1400,1284,1035,706,320,-112,-548,-920,-1226,-1436,-1510,-1469,-1321,-1056,-689,-275,169,587,962,1252,1436,1498,1425,1232,930,566,148,-301,-691,-1007,-1232,-1341,-1325,-1190,-950,-613,-232,161,520,807,996,1089,1071,953,732,452,169,-116,-381,-591,-721,-774,-752,-656,-502,-305,-86,150,348,496,568,577,503,326,120,-58,1056,1007
62210,mtk,MTK 7916,2153879474,rx1-tx0,512,0,0,0,0,0,0,0,0,0,0,0,0,0,0,0,0,0,0,0,0,0,0,0,0,0,0,0,0,0,0,0,0,0,0,0,0,0,0,0,0,0,0,0,0,0,0,0,0,0,0,0,0,0,0,0,0,0,0,0,0,0,0,0,0,0,0,0,0,0,0,0,0,0,0,0,0,0,0,0,0,0,0,0,0,0,0,0,0,0,0,0,0,0,0,0,0,0,0,0,0,0,0,0,0,0,0,0,0,0,0,0,0,0,0,0,0,0,0,0,0,0,0,0,0,0,0,0,0,0,0,0,0,0,0,0,0,0,0,0,0,0,0,0,0,0,0,0,0,0,0,0,0,0,0,0,0,0,0,0,0,0,0,0,0,0,0,0,0,0,0,0,0,0,0,0,0,0,0,0,0,0,0,0,0,0,0,0,0,0,0,0,0,0,0,0,0,0,0,0,0,0,0,0,0,0,0,0,0,0,0,0,0,0,0,0,0,0,0,0,0,0,0,0,0,0,0,0,0,0,0,0,0,0,0,0,0,0,0,0,0,0,0,0,0,0,0,0,0,0,0,0,0,0,0,0,0,98,-593,-570,-434,-663,-768,-687,-456,-123,244,589,861,1018,1068,974,787,502,138,-251,-641,-967,-1221,-1364,-1368,-1232,-954,-581,-134,349,813,1207,1474,1610,1592,1419,1098,690,219,-258,-701,-1090,-1364,-1502,-1525,-1431,-1207,-876,-513,-130,262,598,889,1098,1210,1234,1174,1022,827,581,306,40,-232,-458,-646,-802,-893,-926,-911,-843,-732,-595,-427,-212,1,206,412,596,752,852,899,870,800,682,509,308,71,-161,-368,-562,-709,-801,-824,-792,-712,-582,-419,-243,-58,128,294,422,510,573,593,567,501,398,290,182,76,-28,-123,-191,-246,-280,-292,-300,-301,-273,-237,-215,-178,-140,-121,-80,-32,8,52,-686,146,207,256,304,334,342,348,328,298,247,159,67,-27,-136,-247,-355,-431,-509,-565,-566,-518,-456,-362,-223,-77,82,269,425,553,669,742,774,756,656,536,380,179,-35,-284,-526,-739,-877,-958,-986,-929,-812,-629,-386,-115,166,416,676,871,977,1041,1027,923,750,548,299,27,-257,-526,-735,-900,-1004,-1019,-961,-840,-665,-438,-189,70,330,569,745,863,922,902,826,688,499,272,34,-193,-396,-576,-697,-757,-753,-696,-609,-473,-302,-119,49,209,353,464,539,581,576,545,481,384,263,118,-45,-213,-369,-496,-593,-651,-652,-585,-451,-256,-21,242,496,703,801,746,553,303,-391,-496,0,0,0,0,0,0,0,0,0,0,0,0,0,0,0,0,0,0,0,0,0,0,0,0,0,0,0,0,0,0,0,0,0,0,0,0,0,0,0,0,0,0,0,0,0,0,0,0,0,0,0,0,0,0,0,0,0,0,0,0,0,0,0,0,0,0,0,0,0,0,0,0,0,0,0,0,0,0,0,0,0,0,0,0,0,0,0,0,0,0,0,0,0,0,0,0,0,0,0,0,0,0,0,0,0,0,0,0,0,0,0,0,0,0,0,0,0,0,0,0,0,0,0,0,0,0,0,0,0,0,0,0,0,0,0,0,0,0,0,0,0,0,0,0,0,0,0,0,0,0,0,0,0,0,0,0,0,0,0,0,0,0,0,0,0,0,0,0,0,0,0,0,0,0,0,0,0,0,0,0,0,0,0,0,0,0,0,0,0,0,0,0,0,0,0,0,0,0,0,0,0,0,0,0,0,0,0,0,0,0,0,0,0,0,0,0,0,0,0,0,0,0,0,0,0,0,0,0,0,0,0,0,0,0,0,0,0,0,0,0,0,0,0,0,0,0,0,0,0,0,0,0,0,0,0,0,-999,-54,102,-410,-206,126,477,760,925,931,795,534,213,-140,-495,-803,-1049,-1200,-1220,-1113,-868,-536,-128,312,752,1129,1386,1524,1501,1345,1040,630,156,-345,-816,-1199,-1466,-1612,-1585,-1437,-1159,-765,-342,88,512,888,1167,1333,1399,1345,1190,967,675,354,28,-295,-569,-793,-970,-1047,-1062,-1010,-897,-748,-550,-327,-100,117,329,518,669,800,869,875,861,788,663,492,283,64,-165,-380,-575,-728,-836,-881,-861,-790,-660,-478,-272,-46,165,356,520,622,684,710,685,608,504,368,221,63,-86,-224,-336,-397,-433,-442,-432,-398,-337,-264,-194,-116,-57,6,67,97,138,171,183,203,232,245,250,255,9,250,220,178,126,50,-19,-91,-170,-250,-322,-378,-410,-420,-437,-415,-357,-273,-168,-28,121,251,374,501,599,652,680,650,550,443,293,118,-49,-267,-457,-628,-765,-837,-870,-839,-757,-607,-396,-164,96,365,602,808,963,1035,1022,957,800,568,322,57,-225,-512,-722,-884,-994,-1040,-1012,-894,-722,-503,-248,30,298,536,739,885,964,971,914,780,584,364,115,-142,-384,-581,-739,-831,-851,-818,-724,-583,-395,-181,34,227,388,528,621,648,640,593,510,390,260,113,-35,-177,-316,-432,-521,-575,-601,-569,-492,-371,-211,-33,159,354,533,674,746,725,607,385,83,-240,-509,-646,-462,-347
62211,mtk,MTK 7916,2153879474,rx1-tx1,512,0,0,0,0,0,0,0,0,0,0,0,0,0,0,0,0,0,0,0,0,0,0,0,0,0,0,0,0,0,0,0,0,0,0,0,0,0,0,0,0,0,0,0,0,0,0,0,0,0,0,0,0,0,0,0,0,0,0,0,0,0,0,0,0,0,0,0,0,0,0,0,0,0,0,0,0,0,0,0,0,0,0,0,0,0,0,0,0,0,0,0,0,0,0,0,0,0,0,0,0,0,0,0,0,0,0,0,0,0,0,0,0,0,0,0,0,0,0,0,0,0,0,0,0,0,0,0,0,0,0,0,0,0,0,0,0,0,0,0,0,0,0,0,0,0,0,0,0,0,0,0,0,0,0,0,0,0,0,0,0,0,0,0,0,0,0,0,0,0,0,0,0,0,0,0,0,0,0,0,0,0,0,0,0,0,0,0,0,0,0,0,0,0,0,0,0,0,0,0,0,0,0,0,0,0,0,0,0,0,0,0,0,0,0,0,0,0,0,0,0,0,0,0,0,0,0,0,0,0,0,0,0,0,0,0,0,0,0,0,0,0,0,0,0,0,0,0,0,0,0,0,0,0,0,0,0,-282,908,986,60,20,-34,-93,-156,-203,-217,-188,-134,-51,53,148,214,241,218,131,18,-102,-210,-266,-248,-179,-65,61,193,283,294,224,109,-32,-183,-297,-337,-280,-150,33,203,330,376,321,165,-36,-224,-366,-433,-382,-207,30,258,428,495,427,238,-19,-284,-488,-572,-503,-297,-8,290,531,626,561,345,36,-303,-559,-668,-613,-402,-75,282,570,719,690,474,121,-249,-570,-749,-727,-504,-166,216,534,714,699,517,198,-180,-511,-688,-691,-504,-187,174,480,655,653,482,181,-171,-458,-621,-619,-447,-159,150,413,564,562,391,114,-170,-400,-528,-517,-357,-104,180,400,502,455,284,0,-190,-378,-452,-397,-232,-5,241,407,423,335,171,-62,-285,-376,-377,-274,-89,137,306,383,348,212,5,-204,-356,-389,-318,-148,68,280,424,445,320,104,-151,-367,-482,-458,-317,-79,204,433,543,504,333,58,-241,-489,-601,-539,-332,-41,275,521,631,578,374,55,-283,-560,-691,-637,-414,-96,249,538,686,646,433,107,-233,-509,-650,-625,-433,-139,196,479,633,625,443,140,-200,-494,-653,-630,-468,-189,142,443,618,651,518,253,-75,-375,-593,-670,-582,-354,-44,279,525,647,621,457,193,-113,-395,-581,-629,-537,-331,-67,211,449,588,602,517,339,103,-135,-324,-445,-487,333,551,0,0,0,0,0,0,0,0,0,0,0,0,0,0,0,0,0,0,0,0,0,0,0,0,0,0,0,0,0,0,0,0,0,0,0,0,0,0,0,0,0,0,0,0,0,0,0,0,0,0,0,0,0,0,0,0,0,0,0,0,0,0,0,0,0,0,0,0,0,0,0,0,0,0,0,0,0,0,0,0,0,0,0,0,0,0,0,0,0,0,0,0,0,0,0,0,0,0,0,0,0,0,0,0,0,0,0,0,0,0,0,0,0,0,0,0,0,0,0,0,0,0,0,0,0,0,0,0,0,0,0,0,0,0,0,0,0,0,0,0,0,0,0,0,0,0,0,0,0,0,0,0,0,0,0,0,0,0,0,0,0,0,0,0,0,0,0,0,0,0,0,0,0,0,0,0,0,0,0,0,0,0,0,0,0,0,0,0,0,0,0,0,0,0,0,0,0,0,0,0,0,0,0,0,0,0,0,0,0,0,0,0,0,0,0,0,0,0,0,0,0,0,0,0,0,0,0,0,0,0,0,0,0,0,0,0,0,0,0,0,0,0,0,0,0,0,0,0,0,0,0,0,0,0,0,0,288,420,170,118,161,181,175,141,73,-22,-111,-175,-224,-241,-191,-98,13,127,217,255,237,168,59,-68,-184,-258,-269,-223,-111,53,192,282,294,239,112,-45,-209,-324,-361,-289,-145,34,222,360,400,330,184,-19,-235,-392,-452,-399,-230,14,254,439,512,445,243,-18,-301,-508,-595,-519,-311,0,316,565,676,608,380,58,-286,-576,-721,-662,-434,-105,255,556,714,691,482,135,-244,-555,-722,-706,-500,-166,207,519,700,698,512,193,-171,-489,-677,-672,-492,-192,150,459,643,638,460,169,-156,-433,-593,-592,-423,-147,164,418,556,544,388,119,-171,-400,-508,-478,-312,-69,193,400,0,427,267,26,-218,-378,-450,-381,-188,50,237,373,411,315,135,-77,-259,-374,-357,-237,-50,171,332,380,319,183,-24,-238,-388,-422,-327,-137,98,319,441,448,321,96,-164,-396,-521,-502,-339,-68,223,463,567,525,336,55,-257,-510,-633,-581,-366,-55,284,551,662,601,395,72,-271,-535,-655,-619,-416,-102,247,527,670,621,422,119,-224,-506,-655,-630,-446,-152,182,472,634,629,459,158,-162,-450,-623,-635,-474,-204,119,410,609,656,544,303,-23,-340,-576,-674,-621,-418,-124,199,466,614,632,506,263,-25,-298,-508,-611,-572,-416,-198,67,323,503,583,561,465,313,108,901,793
62212,mtk,MTK 7916,2153879474,rx2-tx0,512,0,0,0,0,0,0,0,0,0,0,0,0,0,0,0,0,0,0,0,0,0,0,0,0,0,0,0,0,0,0,0,0,0,0,0,0,0,0,0,0,0,0,0,0,0,0,0,0,0,0,0,0,0,0,0,0,0,0,0,0,0,0,0,0,0,0,0,0,0,0,0,0,0,0,0,0,0,0,0,0,0,0,0,0,0,0,0,0,0,0,0,0,0,0,0,0,0,0,0,0,0,0,0,0,0,0,0,0,0,0,0,0,0,0,0,0,0,0,0,0,0,0,0,0,0,0,0,0,0,0,0,0,0,0,0,0,0,0,0,0,0,0,0,0,0,0,0,0,0,0,0,0,0,0,0,0,0,0,0,0,0,0,0,0,0,0,0,0,0,0,0,0,0,0,0,0,0,0,0,0,0,0,0,0,0,0,0,0,0,0,0,0,0,0,0,0,0,0,0,0,0,0,0,0,0,0,0,0,0,0,0,0,0,0,0,0,0,0,0,0,0,0,0,0,0,0,0,0,0,0,0,0,0,0,0,0,0,0,0,0,0,0,0,0,0,0,0,0,0,0,0,0,0,0,0,0,794,1238,1098,-138,-140,-132,-102,-46,27,94,146,182,187,146,81,0,-93,-162,-196,-197,-148,-57,40,128,197,214,189,126,16,-88,-158,-197,-204,-155,-70,39,136,203,214,153,59,-30,-105,-163,-167,-125,-56,29,108,161,163,121,27,-67,-144,-186,-184,-124,-23,80,165,200,191,145,58,-57,-168,-242,-251,-182,-77,41,143,214,232,194,110,-14,-124,-192,-195,-157,-83,9,101,170,172,139,76,-4,-95,-146,-164,-134,-73,8,75,139,169,154,92,18,-61,-120,-151,-142,-99,-31,29,73,106,118,105,67,14,-25,-59,-86,-87,-69,-50,-13,24,61,72,72,68,55,0,-16,-47,-68,-90,-89,-76,-30,42,84,114,147,141,83,54,-4,-71,-133,-155,-149,-105,-18,63,110,143,157,128,61,-19,-107,-163,-176,-134,-56,29,114,169,171,141,81,-14,-110,-168,-186,-158,-101,-6,86,150,172,180,136,60,-29,-111,-136,-131,-111,-53,28,88,107,107,84,26,-27,-79,-111,-110,-89,-40,24,77,99,103,80,34,-27,-80,-112,-107,-82,-53,-11,46,96,109,103,76,52,20,-18,-52,-69,-70,-63,-56,-47,-32,-16,-1,23,54,68,71,70,62,44,17,-23,-67,-100,-121,-122,-107,-60,0,53,97,130,148,145,127,91,44,-17,1168,1281,0,0,0,0,0,0,0,0,0,0,0,0,0,0,0,0,0,0,0,0,0,0,0,0,0,0,0,0,0,0,0,0,0,0,0,0,0,0,0,0,0,0,0,0,0,0,0,0,0,0,0,0,0,0,0,0,0,0,0,0,0,0,0,0,0,0,0,0,0,0,0,0,0,0,0,0,0,0,0,0,0,0,0,0,0,0,0,0,0,0,0,0,0,0,0,0,0,0,0,0,0,0,0,0,0,0,0,0,0,0,0,0,0,0,0,0,0,0,0,0,0,0,0,0,0,0,0,0,0,0,0,0,0,0,0,0,0,0,0,0,0,0,0,0,0,0,0,0,0,0,0,0,0,0,0,0,0,0,0,0,0,0,0,0,0,0,0,0,0,0,0,0,0,0,0,0,0,0,0,0,0,0,0,0,0,0,0,0,0,0,0,0,0,0,0,0,0,0,0,0,0,0,0,0,0,0,0,0,0,0,0,0,0,0,0,0,0,0,0,0,0,0,0,0,0,0,0,0,0,0,0,0,0,0,0,0,0,0,0,0,0,0,0,0,0,0,0,0,0,0,0,0,0,0,0,0,572,-421,-715,-1,-51,-97,-145,-177,-180,-157,-113,-46,45,128,181,199,173,109,24,-66,-150,-212,-226,-180,-93,17,100,176,224,209,143,51,-52,-130,-186,-187,-150,-64,29,115,167,179,133,58,-33,-119,-165,-167,-107,-35,61,136,189,175,120,28,-73,-161,-198,-179,-125,-35,68,160,217,221,167,66,-64,-174,-226,-223,-177,-74,38,139,204,216,177,97,-1,-111,-181,-203,-170,-93,14,98,148,169,132,59,-21,-93,-151,-162,-129,-70,6,90,144,164,149,98,28,-45,-105,-135,-123,-82,-39,8,55,90,99,87,57,20,-14,-47,-74,-82,-77,-47,-14,13,36,62,0,94,75,53,18,-28,-64,-101,-111,-89,-74,-42,51,126,138,134,126,75,12,-62,-138,-173,-167,-123,-60,38,123,168,168,124,58,-22,-96,-156,-175,-148,-78,4,83,148,175,149,90,7,-82,-137,-187,-195,-149,-46,54,120,153,152,126,64,-34,-106,-125,-119,-92,-35,37,85,106,93,49,-3,-48,-86,-118,-112,-68,-15,39,89,123,126,98,38,-11,-59,-94,-118,-107,-81,-41,3,43,68,79,84,72,52,23,8,-10,-36,-64,-68,-69,-64,-51,-27,-8,18,47,74,85,87,89,70,12,-45,-88,-115,-139,-135,-105,-64,-26,28,76,111,125,129,575,262
62213,mtk,MTK 7916,2153879474,rx2-tx1,512,0,0,0,0,0,0,0,0,0,0,0,0,0,0,0,0,0,0,0,0,0,0,0,0,0,0,0,0,0,0,0,0,0,0,0,0,0,0,0,0,0,0,0,0,0,0,0,0,0,0,0,0,0,0,0,0,0,0,0,0,0,0,0,0,0,0,0,0,0,0,0,0,0,0,0,0,0,0,0,0,0,0,0,0,0,0,0,0,0,0,0,0,0,0,0,0,0,0,0,0,0,0,0,0,0,0,0,0,0,0,0,0,0,0,0,0,0,0,0,0,0,0,0,0,0,0,0,0,0,0,0,0,0,0,0,0,0,0,0,0,0,0,0,0,0,0,0,0,0,0,0,0,0,0,0,0,0,0,0,0,0,0,0,0,0,0,0,0,0,0,0,0,0,0,0,0,0,0,0,0,0,0,0,0,0,0,0,0,0,0,0,0,0,0,0,0,0,0,0,0,0,0,0,0,0,0,0,0,0,0,0,0,0,0,0,0,0,0,0,0,0,0,0,0,0,0,0,0,0,0,0,0,0,0,0,0,0,0,0,0,0,0,0,0,0,0,0,0,0,0,0,0,0,0,0,0,381,522,471,20,45,61,69,77,71,58,30,-8,-53,-90,-107,-107,-81,-42,13,70,117,135,124,98,48,-38,-115,-148,-161,-161,-120,-33,71,164,226,229,183,103,-12,-140,-247,-288,-271,-192,-59,92,228,324,347,296,177,4,-179,-311,-376,-356,-246,-82,110,294,401,412,331,161,-55,-271,-422,-477,-421,-254,-23,209,402,513,487,351,141,-103,-338,-473,-513,-441,-257,0,246,420,498,468,323,91,-157,-346,-452,-462,-355,-146,87,285,414,437,347,183,-25,-218,-345,-386,-339,-198,-8,181,312,365,310,188,18,-157,-284,-335,-292,-174,-23,129,246,301,273,180,42,-111,0,-264,-246,-174,-49,89,198,241,215,124,12,-112,-199,-235,-225,-149,-35,68,166,210,191,119,26,-71,-151,-202,-181,-112,-12,98,170,194,160,82,-11,-115,-196,-218,-180,-103,21,156,243,263,223,127,8,-112,-211,-253,-217,-135,-31,68,165,232,245,201,98,-40,-154,-210,-223,-184,-94,18,107,170,197,173,110,20,-62,-134,-181,-183,-116,-28,58,131,181,195,150,65,-24,-103,-166,-191,-175,-136,-45,58,138,180,187,159,114,36,-61,-135,-168,-181,-157,-97,-25,45,111,151,155,136,97,41,-19,-71,-110,-135,-127,-100,-60,-3,45,85,111,125,118,104,445,493,0,0,0,0,0,0,0,0,0,0,0,0,0,0,0,0,0,0,0,0,0,0,0,0,0,0,0,0,0,0,0,0,0,0,0,0,0,0,0,0,0,0,0,0,0,0,0,0,0,0,0,0,0,0,0,0,0,0,0,0,0,0,0,0,0,0,0,0,0,0,0,0,0,0,0,0,0,0,0,0,0,0,0,0,0,0,0,0,0,0,0,0,0,0,0,0,0,0,0,0,0,0,0,0,0,0,0,0,0,0,0,0,0,0,0,0,0,0,0,0,0,0,0,0,0,0,0,0,0,0,0,0,0,0,0,0,0,0,0,0,0,0,0,0,0,0,0,0,0,0,0,0,0,0,0,0,0,0,0,0,0,0,0,0,0,0,0,0,0,0,0,0,0,0,0,0,0,0,0,0,0,0,0,0,0,0,0,0,0,0,0,0,0,0,0,0,0,0,0,0,0,0,0,0,0,0,0,0,0,0,0,0,0,0,0,0,0,0,0,0,0,0,0,0,0,0,0,0,0,0,0,0,0,0,0,0,0,0,0,0,0,0,0,0,0,0,0,0,0,0,0,0,0,0,0,0,-1037,-96,-216,-46,-41,-28,-10,15,39,58,77,92,82,58,18,-37,-84,-107,-116,-112,-73,-16,48,104,149,164,134,71,2,-71,-157,-209,-207,-159,-66,42,148,228,265,245,155,34,-102,-227,-315,-317,-229,-99,43,190,304,354,308,192,34,-152,-317,-406,-406,-299,-118,90,285,418,450,366,204,-2,-231,-414,-495,-452,-315,-106,140,365,498,514,399,196,-64,-293,-455,-509,-444,-278,-51,198,404,505,473,330,125,-111,-317,-430,-438,-349,-174,47,240,369,414,340,175,-23,-203,-334,-386,-344,-197,-7,164,284,347,310,189,31,-130,-250,-303,-286,-192,-52,106,228,282,254,0,28,-100,-212,-271,-250,-174,-44,106,216,254,226,131,15,-97,-192,-230,-196,-107,-4,85,176,225,182,87,-13,-109,-184,-204,-173,-100,13,111,183,213,175,67,-49,-151,-216,-242,-206,-127,2,123,215,253,235,158,46,-92,-201,-257,-253,-196,-76,82,180,219,231,197,110,-10,-126,-198,-217,-192,-113,-7,98,171,200,181,124,22,-85,-158,-190,-190,-142,-52,36,122,187,189,151,85,6,-73,-145,-187,-176,-132,-70,16,92,151,189,184,141,66,-14,-90,-149,-173,-162,-129,-75,-4,72,126,152,149,120,75,22,-37,-88,-125,-151,-144,-111,-67,-27,7,41,312,188
62214,mtk,MTK 7916,2153898930,rx0-tx0,512,-330,254,254,321,231,114,-8,-132,-257,-345,-411,-447,-455,-436,-378,-286,-177,-65,51,164,264,334,397,421,420,391,331,255,155,47,-53,-150,-224,-275,-317,-336,-340,-314,-254,-196,-141,-60,9,72,131,187,221,242,247,247,227,207,171,117,64,17,-23,-79,-125,-165,-183,-193,-200,-200,-193,-178,-155,-130,-104,-70,-19,28,83,139,187,246,284,310,318,301,266,205,137,47,-49,-167,-275,-356,-425,-461,-470,-433,-372,-301,-178,-40,102,240,349,442,519,551,547,508,431,324,185,38,-107,-257,-388,-497,-589,-636,-630,-576,-487,-365,-221,-37,148,320,489,614,687,707,696,629,-364,346,158,-37,-239,-437,-593,-710,-768,-774,-736,-624,-474,-291,-92,125,340,530,683,766,808,798,716,584,405,208,-19,-232,-421,-603,-728,-807,-828,-798,-710,-550,-365,-150,81,312,509,677,783,851,848,774,656,490,293,58,-174,-383,-577,-723,-808,-845,-814,-730,-597,-415,-199,39,261,472,640,772,842,850,784,659,478,261,25,-199,-403,-594,-722,-793,-796,-749,-643,-473,-279,-68,142,331,505,625,685,693,649,549,413,259,75,-116,-264,-414,-518,-568,-587,-538,-459,-350,-207,-48,101,239,349,434,482,475,426,333,212,71,-70,-211,-313,-373,-389,-345,-255,-148,-24,82,213,243,510,-534,-701,-210,-179,-120,-31,72,162,240,289,295,272,217,145,48,-47,-139,-228,-274,-302,-317,-301,-259,-183,-96,-19,77,178,254,325,365,371,342,279,181,88,-24,-135,-231,-321,-366,-376,-365,-336,-270,-163,-56,48,156,244,304,328,340,322,276,212,112,34,-40,-128,-197,-235,-263,-267,-253,-233,-172,-103,-48,12,78,114,139,162,175,166,157,115,80,56,27,1,-32,-61,-70,-85,-86,-73,-70,-49,-32,-35,-36,-14,-2,-17,-21,-16,-5,8,28,42,52,81,98,114,116,106,87,60,25,-23,-63,-100,-127,-155,-154,-139,-125,-90,-51,2,49,74,108,128,135,-449,107,78,45,8,-27,-46,-61,-78,-78,-65,-44,-23,4,30,53,47,44,30,12,-18,-60,-83,-94,-109,-103,-86,-55,-21,34,88,137,168,190,202,195,168,133,78,23,-54,-131,-186,-241,-272,-291,-289,-255,-199,-124,-45,46,130,210,287,338,358,349,337,284,202,106,2,-92,-194,-291,-354,-401,-413,-384,-346,-283,-188,-83,22,141,242,322,369,419,430,396,343,259,158,54,-41,-152,-247,-317,-383,-406,-416,-393,-339,-264,-181,-83,33,137,217,296,363,406,422,392,352,301,217,105,-2,-103,-207,-303,-372,-421,-440,-431,-387,-310,-225,-117,6,125,232,330,49,-147,-82,-39,-108,-328,-405,-454,-467,-458,-397,-312,-212,-91,25,147,263,350,418,450,451,421,352,273,173,56,-48,-153,-243,-314,-374,-387,-385,-349,-288,-215,-136,-57,30,120,187,228,271,290,289,274,254,210,141,83,26,-36,-91,-132,-181,-209,-226,-230,-222,-209,-179,-149,-106,-67,-22,23,63,105,137,158,188,212,231,238,234,210,184,147,88,27,-52,-138,-224,-304,-357,-395,-398,-392,-341,-269,-175,-55,79,216,312,403,477,518,523,481,403,307,181,36,-107,-243,-372,-479,-553,-583,-580,-542,-454,-343,-210,-45,119,281,430,543,637,681,660,609,512,367,190,3,-191,-390,-49,-665,-730,-755,-724,-635,-502,-330,-128,76,298,491,633,734,784,788,731,618,443,241,38,-192,-400,-573,-704,-785,-817,-777,-701,-567,-385,-185,32,241,452,627,744,825,846,800,696,531,326,109,-132,-343,-541,-693,-802,-851,-834,-760,-630,-447,-237,-18,215,427,614,749,827,842,790,698,542,357,134,-106,-331,-529,-691,-793,-835,-796,-722,-578,-391,-176,55,264,473,627,722,762,739,663,533,362,173,-32,-222,-392,-510,-587,-634,-600,-540,-452,-307,-156,14,179,304,423,504,529,515,448,350,233,85,-58,-200,-318,-398,-433,-432,-378,-274,-146,-6,132,233,291,301,262,125,72,-82,-714,-575,61,138,209,256,259,223,159,65,-35,-133,-210,-270,-302,-301,-284,-228,-144,-65,28,122,210,280,313,334,339,293,227,145,42,-61,-169,-265,-330,-366,-388,-363,-324,-247,-132,-17,86,189,281,341,363,368,345,280,196,103,8,-97,-186,-269,-301,-300,-298,-268,-212,-148,-81,-7,51,116,177,209,222,225,194,158,125,85,32,-14,-51,-91,-111,-128,-131,-128,-113,-79,-57,-37,-17,-9,5,27,27,28,34,44,44,40,48,53,62,75,74,61,54,42,25,4,-31,-60,-99,-128,-149,-143,-128,-98,-76,-37,17,55,100,122,145,152,145,133,102,57,7,26,-62,-89,-101,-117,-102,-76,-54,-23,1,21,37,53,56,52,26,-1,-16,-46,-62,-69,-60,-41,-26,-5,49,84,118,139,159,154,134,91,41,-24,-88,-135,-190,-232,-248,-256,-219,-186,-137,-62,15,103,184,247,293,321,326,304,270,203,116,15,-71,-157,-250,-314,-365,-381,-377,-343,-275,-195,-107,7,116,211,299,367,401,419,407,356,264,174,77,-46,-151,-248,-334,-389,-413,-418,-395,-330,-259,-165,-61,34,144,234,311,365,413,422,389,337,274,193,100,-12,-116,-208,-300,-379,-418,-426,-409,-378,-313,-225,-126,-9,112,232,328,395,440,455,435,397,324,-825,-833
62215,mtk,MTK 7916,2153898930,rx0-tx1,512,-686,-453,-595,137,280,421,532,608,653,668,630,537,418,282,116,-53,-222,-384,-527,-648,-719,-748,-727,-670,-565,-417,-235,-45,173,377,572,735,845,906,915,867,746,579,353,87,-183,-453,-706,-914,-1078,-1155,-1156,-1077,-915,-689,-384,-47,286,627,919,1155,1297,1353,1312,1188,963,657,301,-75,-451,-806,-1087,-1296,-1427,-1457,-1390,-1197,-920,-592,-208,189,562,904,1183,1386,1469,1448,1335,1130,845,495,110,-266,-630,-956,-1197,-1349,-1416,-1383,-1252,-1047,-770,-441,-85,280,611,896,1129,1286,1349,1312,1201,1001,746,439,89,-260,-590,-893,-1108,-1254,-1322,-1297,-1187,-1001,-732,-407,-74,273,593,873,1087,1229,98,1271,1148,952,708,385,48,-282,-593,-870,-1091,-1224,-1289,-1263,-1147,-950,-675,-364,-41,308,624,898,1115,1261,1308,1274,1163,959,684,360,24,-330,-654,-943,-1172,-1320,-1371,-1341,-1217,-986,-688,-350,39,418,766,1077,1308,1445,1474,1404,1228,962,615,214,-208,-606,-970,-1278,-1492,-1551,-1525,-1395,-1134,-784,-370,76,496,885,1214,1433,1532,1521,1372,1130,797,402,-21,-435,-817,-1121,-1309,-1396,-1370,-1235,-1000,-703,-336,37,377,690,929,1088,1156,1125,1003,797,542,259,-31,-305,-553,-736,-850,-904,-882,-767,-609,-411,-174,64,287,487,634,712,730,678,554,369,143,-92,-299,-458,-537,-534,-449,-296,70,-106,0,-122,-56,-209,-166,-86,23,128,234,318,352,347,287,194,76,-59,-193,-307,-386,-428,-429,-399,-315,-204,-78,69,210,321,420,485,508,505,432,322,186,31,-142,-304,-437,-553,-613,-618,-572,-478,-351,-200,5,194,358,509,620,662,662,625,517,369,201,5,-188,-371,-528,-644,-705,-723,-691,-582,-441,-257,-50,161,367,538,670,763,777,736,640,483,299,81,-146,-356,-536,-684,-775,-800,-761,-647,-491,-306,-85,139,342,521,663,735,749,716,626,475,291,72,-127,-305,-466,-586,-648,-668,-638,-557,-431,-284,-117,47,205,336,446,521,544,540,498,410,297,180,57,-79,-208,-308,-282,-420,-448,-436,-404,-352,-267,-159,-65,50,158,246,328,372,398,398,356,326,259,167,93,-1,-92,-167,-242,-291,-345,-367,-367,-357,-318,-264,-206,-120,-29,71,171,262,350,425,463,480,477,416,331,238,94,-56,-217,-352,-470,-575,-626,-631,-595,-509,-384,-220,-32,153,331,481,618,704,723,690,614,486,325,147,-51,-250,-421,-574,-674,-721,-725,-671,-569,-431,-264,-67,118,296,450,590,681,710,682,614,513,379,217,38,-132,-295,-435,-544,-615,-642,-633,-579,-480,-360,-211,-61,95,241,371,483,548,585,599,569,498,404,280,141,-10,-165,-311,-427,-523,-594,-614,-597,-142,-170,9,-567,-449,637,590,500,380,241,86,-79,-262,-416,-537,-629,-686,-690,-666,-600,-487,-345,-171,10,192,374,538,683,772,825,822,759,656,492,298,71,-164,-409,-634,-823,-973,-1043,-1043,-983,-847,-645,-392,-90,216,531,808,1041,1217,1280,1268,1159,956,682,355,-2,-373,-717,-1021,-1247,-1375,-1410,-1363,-1200,-942,-626,-263,117,509,862,1140,1335,1456,1460,1360,1169,900,554,160,-226,-606,-936,-1203,-1386,-1452,-1420,-1306,-1089,-797,-461,-96,281,631,923,1156,1311,1379,1348,1224,1026,763,436,83,-262,-588,-880,-1108,-1271,-1336,-1304,-1202,-1006,-736,-432,-92,253,578,871,1106,1242,1305,1279,1156,961,704,409,-999,-269,-603,-870,-1089,-1248,-1297,-1261,-1139,-945,-683,-384,-55,290,608,888,1101,1235,1306,1269,1151,953,692,376,20,-313,-640,-926,-1145,-1280,-1339,-1300,-1169,-967,-684,-357,-6,342,700,1000,1222,1373,1435,1382,1231,994,669,304,-84,-485,-859,-1174,-1397,-1514,-1518,-1416,-1214,-910,-508,-76,330,736,1097,1358,1533,1569,1480,1286,981,599,185,-258,-668,-1014,-1283,-1448,-1500,-1414,-1225,-924,-563,-178,230,594,902,1133,1269,1277,1195,1020,769,470,144,-193,-501,-751,-915,-1004,-1018,-951,-807,-593,-350,-100,155,391,576,721,796,792,730,603,412,200,-32,-255,-451,-595,-663,-649,-552,-387,-181,25,212,327,-687,-695,0,-119,-171,89,170,247,281,271,222,120,-1,-125,-243,-330,-389,-399,-363,-283,-178,-54,75,212,330,415,474,492,450,369,263,120,-26,-190,-342,-449,-524,-558,-558,-491,-401,-269,-98,73,256,411,518,618,650,612,543,432,272,83,-97,-286,-458,-579,-666,-703,-674,-606,-473,-299,-113,75,270,451,602,709,757,748,665,534,367,171,-42,-246,-445,-615,-728,-800,-788,-709,-579,-410,-198,24,251,463,616,737,795,781,706,580,397,183,-23,-226,-411,-562,-673,-721,-703,-638,-529,-371,-185,0,188,357,478,563,599,594,558,475,369,224,71,-73,-213,-335,-420,-480,-507,-504,-446,-369,288,-176,-52,74,176,279,363,396,418,417,379,326,248,160,73,-32,-122,-198,-287,-330,-351,-375,-355,-328,-273,-218,-150,-55,32,120,201,266,328,382,400,404,377,338,274,175,69,-40,-162,-293,-397,-496,-570,-576,-547,-469,-380,-241,-67,104,269,430,563,659,690,668,605,515,380,185,-23,-216,-391,-547,-653,-717,-729,-683,-597,-468,-294,-107,94,284,454,584,683,717,702,642,545,416,237,48,-139,-309,-457,-576,-655,-682,-662,-596,-491,-361,-215,-53,105,266,395,497,569,601,600,556,490,374,239,97,-53,-206,-343,-454,-540,-590,-611,-587,-530,-430,-318,-169,-15,142,102,22
62216,mtk,MTK 7916,2153898930,rx1-tx0,512,0,366,610,349,417,452,441,397,343,260,144,39,-53,-149,-238,-293,-328,-333,-325,-283,-224,-161,-78,12,94,159,212,257,268,251,224,169,106,32,-35,-95,-156,-193,-198,-198,-164,-123,-66,11,86,127,177,192,185,164,116,44,-23,-95,-156,-199,-219,-228,-210,-166,-116,-53,20,103,177,223,262,289,292,260,225,157,78,3,-89,-178,-255,-311,-334,-361,-365,-330,-276,-200,-91,17,111,219,308,382,442,458,451,411,337,237,105,-23,-163,-293,-411,-491,-560,-590,-558,-504,-410,-271,-102,63,253,435,566,676,724,710,660,550,409,202,-9,-221,-422,-611,-739,-806,-819,-758,794,-489,-279,-33,193,404,600,759,855,870,832,723,562,363,112,-131,-365,-592,-749,-848,-901,-867,-769,-607,-386,-165,88,322,525,697,811,849,830,750,623,439,218,-5,-234,-429,-609,-726,-778,-781,-726,-601,-452,-266,-56,139,328,497,609,690,715,675,581,451,291,103,-72,-254,-405,-502,-582,-610,-571,-498,-390,-257,-114,25,184,288,374,447,461,452,400,329,239,124,14,-75,-172,-227,-281,-316,-306,-300,-270,-214,-149,-84,-12,60,125,170,194,225,240,229,206,173,133,68,3,-69,-130,-183,-226,-241,-234,-210,-158,-92,-22,57,132,188,216,221,188,121,45,-26,-567,-315,0,-485,-195,147,273,367,418,403,314,181,9,-170,-321,-447,-522,-543,-506,-417,-279,-116,64,228,372,493,563,597,584,510,395,252,81,-102,-272,-434,-560,-645,-678,-666,-594,-467,-322,-142,74,276,451,611,719,768,754,678,556,391,195,-22,-245,-445,-612,-748,-814,-821,-758,-645,-490,-297,-65,169,383,569,714,792,816,786,691,551,376,179,-38,-249,-425,-582,-697,-757,-751,-700,-612,-473,-324,-143,61,240,406,537,628,683,687,654,585,481,335,169,-7,-184,-356,-503,-615,-675,-697,-671,-608,-486,-334,-166,14,202,370,498,625,685,694,677,595,489,352,172,-10,-184,-343,-490,381,-655,-686,-651,-578,-490,-354,-195,-23,142,288,431,537,615,652,650,611,531,416,285,132,-28,-192,-350,-502,-608,-684,-717,-698,-643,-555,-420,-254,-62,152,344,516,667,775,844,837,768,646,484,289,59,-173,-392,-589,-758,-864,-912,-896,-826,-688,-502,-284,-31,211,437,648,804,895,924,911,820,658,466,241,-13,-257,-483,-669,-807,-890,-912,-866,-757,-595,-395,-175,69,285,480,652,763,825,824,775,655,492,322,125,-76,-271,-441,-586,-682,-720,-719,-665,-570,-437,-276,-99,74,247,407,521,607,652,645,594,496,364,202,37,-124,-280,-405,-501,-561,-578,-551,-472,-357,-435,-609,0,-565,-302,311,200,80,-50,-161,-251,-337,-382,-384,-370,-341,-271,-187,-102,-16,74,161,219,263,291,302,270,226,169,96,18,-51,-121,-182,-222,-233,-222,-193,-146,-77,-19,47,105,147,185,201,178,146,100,27,-45,-115,-180,-214,-223,-220,-176,-104,-42,35,118,181,232,253,256,252,214,162,97,15,-75,-139,-205,-269,-301,-318,-322,-298,-245,-169,-82,1,107,200,274,345,397,409,402,368,294,213,99,-22,-137,-254,-348,-449,-498,-526,-514,-462,-377,-262,-132,39,195,339,473,580,633,650,627,538,410,255,55,-138,-333,-502,-652,-752,-782,-758,-686,-539,-340,-135,99,319,572,687,808,856,827,753,617,431,195,-44,-280,-506,-690,-831,-892,-867,-802,-676,-492,-271,-28,228,460,663,789,869,882,817,703,529,312,71,-162,-389,-576,-728,-808,-827,-790,-696,-551,-346,-135,73,291,474,622,725,757,723,653,529,373,197,-6,-200,-380,-511,-615,-665,-659,-614,-494,-358,-203,-25,139,286,403,487,521,528,486,385,304,181,51,-70,-188,-271,-337,-382,-378,-366,-318,-252,-192,-93,-11,63,135,195,235,266,275,263,227,176,125,75,1,-58,-115,-162,-206,-235,-243,-229,-204,-159,-94,-21,50,124,186,224,247,239,203,133,58,-20,-100,-159,-180,-163,-350,-589,0,-455,-656,300,246,129,-18,-197,-351,-458,-509,-481,-409,-292,-129,55,225,376,485,556,576,532,450,316,162,1,-177,-341,-470,-562,-619,-629,-584,-499,-359,-187,-5,181,369,524,635,717,731,677,585,452,264,54,-170,-378,-555,-689,-768,-798,-767,-674,-538,-356,-132,104,332,519,663,775,825,810,740,613,430,209,-4,-224,-428,-596,-720,-787,-798,-749,-654,-517,-342,-141,70,258,433,556,642,712,718,673,585,456,308,146,-36,-207,-366,-507,-613,-681,-696,-669,-598,-483,-341,-164,10,188,357,511,614,683,703,682,588,488,352,164,-2,-184,-362,-499,-610,-676,-689,-657,-594,-490,-1037,-200,-16,164,305,441,564,635,666,642,596,504,380,232,70,-90,-250,-396,-514,-598,-650,-666,-644,-584,-479,-343,-189,-6,180,346,500,630,722,777,773,703,595,446,269,60,-169,-378,-566,-713,-823,-885,-866,-796,-674,-495,-279,-50,182,414,633,797,913,948,910,826,682,484,248,10,-228,-472,-662,-804,-903,-928,-889,-786,-631,-439,-215,26,268,497,671,797,876,881,823,718,558,367,154,-67,-280,-480,-624,-720,-776,-772,-710,-602,-467,-283,-111,75,267,423,560,653,682,679,630,531,404,258,80,-95,-265,-407,-519,-592,-612,-590,-529,-420,-302,-162,-9,137,277,376,436,165
62217,mtk,MTK 7916,2153898930,rx1-tx1,512,0,0,0,731,470,66,-370,-708,-853,-775,-482,-55,371,706,868,797,512,88,-356,-716,-887,-824,-551,-128,327,688,873,830,573,166,-276,-642,-828,-809,-582,-200,223,585,789,774,555,202,-200,-534,-713,-697,-512,-194,175,497,669,657,460,145,-186,-451,-601,-597,-426,-130,186,432,561,549,398,137,-144,-365,-478,-469,-346,-145,95,288,378,362,267,109,-58,-191,-257,-245,-160,-35,68,125,138,100,20,-64,-114,-116,-64,16,112,183,199,146,34,-111,-231,-293,-276,-177,-22,165,309,370,345,226,18,-205,-373,-451,-420,-269,-31,215,422,526,501,341,89,-212,-471,-597,-561,-388,0,182,465,629,635,474,186,-151,-454,-653,-687,-548,-269,83,409,629,697,588,326,-5,-334,-595,-696,-612,-384,-66,269,518,643,600,403,111,-203,-468,-602,-570,-394,-131,157,413,556,545,389,135,-141,-381,-523,-516,-385,-157,116,349,483,500,386,173,-81,-295,-444,-478,-378,-192,26,239,392,452,390,217,11,-184,-328,-388,-345,-212,-36,117,233,292,282,205,74,-70,-170,-217,-205,-142,-45,54,124,155,136,82,8,-59,-112,-124,-98,-47,22,85,118,125,92,29,-44,-118,-156,-152,-114,-48,29,100,158,183,165,109,33,-43,-105,-155,-169,-154,-113,-62,-14,29,0,0,0,0,0,-32,-50,-46,-32,-28,-31,-23,-3,8,16,32,48,64,76,83,77,53,14,-42,-108,-147,-156,-136,-86,-15,66,151,221,232,181,104,6,-116,-217,-279,-279,-214,-84,65,196,270,301,275,180,37,-112,-234,-303,-308,-226,-95,47,167,245,258,213,118,9,-91,-165,-193,-164,-98,-23,46,90,96,62,6,-31,-48,-49,-10,60,115,140,124,56,-53,-162,-241,-278,-239,-127,35,209,361,434,387,234,10,-229,-432,-542,-535,-380,-115,193,456,634,669,529,253,-102,-444,-686,-757,-647,-377,-1,380,664,793,730,472,97,-304,-640,-824,-800,-571,-197,224,585,792,0,617,280,-139,-534,-784,-819,-649,-318,97,488,745,796,652,335,-79,-457,-713,-784,-644,-333,63,444,694,760,632,331,-49,-405,-660,-743,-621,-336,31,388,634,697,577,309,-51,-376,-595,-654,-539,-287,38,339,528,570,460,219,-71,-333,-480,-478,-339,-110,143,354,450,400,220,-21,-263,-422,-454,-348,-124,152,403,539,510,330,52,-259,-514,-636,-593,-375,-38,323,595,723,663,422,51,-346,-665,-805,-731,-467,-80,343,691,850,780,512,102,-332,-669,-834,-789,-525,-114,321,664,830,782,525,119,-314,-649,-814,-761,-515,-132,298,652,811,757,508,111,-315,-650,-810,-759,0,0,0,0,0,355,680,828,760,481,55,-368,-697,-867,-786,-493,-69,369,718,878,801,517,103,-354,-713,-881,-833,-566,-150,295,664,855,820,574,186,-242,-611,-817,-804,-572,-199,215,560,754,740,538,198,-184,-508,-690,-681,-487,-166,196,486,635,632,453,142,-189,-447,-596,-580,-395,-125,160,395,523,517,374,132,-125,-337,-456,-441,-313,-130,73,244,321,304,212,83,-62,-174,-214,-178,-90,5,82,123,108,42,-41,-111,-151,-128,-29,84,171,241,246,160,19,-134,-274,-350,-317,-201,-25,169,330,407,384,244,31,-206,-396,-498,-465,-307,-61,215,442,559,539,366,80,-221,-467,0,-608,-446,-161,179,467,636,656,516,236,-112,-427,-638,-694,-570,-305,29,363,608,690,607,369,37,-294,-558,-671,-600,-384,-85,226,491,623,591,414,132,-184,-441,-581,-569,-404,-142,150,395,534,531,388,149,-132,-363,-502,-516,-393,-157,103,330,466,490,389,183,-63,-283,-424,-458,-374,-207,-2,203,357,412,363,226,39,-140,-270,-336,-315,-215,-68,86,196,251,245,168,66,-49,-135,-181,-182,-131,-31,66,114,133,120,72,3,-69,-123,-134,-92,-29,43,103,134,128,93,22,-51,-112,-157,-163,-138,-86,2,91,143,165,164,137,84,10,-57,-103,-131,-136,-125,0,0,0,0,0,9,-2,-12,-28,-39,-38,-32,-35,-42,-48,-50,-49,-34,-9,23,62,102,115,110,93,49,-23,-92,-148,-182,-185,-143,-61,50,146,218,250,232,149,38,-90,-209,-291,-309,-254,-140,9,155,259,312,303,221,83,-73,-210,-285,-283,-219,-119,6,123,207,240,196,107,8,-71,-126,-143,-103,-50,9,44,62,49,2,-57,-87,-78,-40,31,114,169,188,160,69,-58,-195,-304,-344,-303,-177,17,239,422,497,455,300,65,-215,-467,-605,-593,-442,-181,139,442,654,710,593,313,-60,-423,-684,-777,-685,-417,-47,339,655,814,765,529,158,-264,-618,-820,-818,-603,-227,0,561,791,818,639,292,-126,-510,-754,-801,-635,-316,86,466,717,786,650,331,-78,-451,-708,-776,-642,-342,50,420,680,756,624,328,-47,-401,-646,-726,-612,-321,38,376,605,673,560,306,-32,-352,-558,-606,-493,-248,53,323,503,528,407,178,-104,-340,-466,-452,-297,-48,202,380,451,377,170,-91,-321,-468,-477,-329,-75,213,458,581,539,345,39,-295,-563,-692,-636,-398,-43,332,628,767,705,444,57,-349,-662,-808,-755,-499,-99,331,671,842,781,514,109,-322,-671,-843,-784,-525,-128,312,667,829,780,527,127,-305,-645,-822,-762,-500,-108,312,656,813,747,494,108,-306,0,0
62218,mtk,MTK 7916,2153898930,rx2-tx0,512,0,0,0,-661,-1068,-1212,-1027,-568,48,666,1118,1268,1078,617,-8,-639,-1104,-1279,-1109,-637,1,632,1088,1244,1079,616,-17,-631,-1069,-1229,-1051,-589,30,646,1074,1200,1010,546,-73,-671,-1071,-1178,-968,-492,105,661,1031,1121,902,443,-133,-662,-998,-1045,-803,-348,190,654,918,921,671,220,-270,-669,-864,-809,-524,-87,366,692,813,700,383,-50,-461,-733,-775,-582,-210,229,586,763,721,460,41,-391,-703,-818,-685,-339,113,539,829,878,658,240,-261,-713,-981,-966,-675,-179,386,862,1112,1061,707,139,-480,-990,-1242,-1154,-746,-122,564,1097,1351,1250,799,113,-610,-1176,-1442,-1336,-861,-140,628,1225,0,1412,942,207,-603,-1256,-1569,-1479,-996,-244,573,1240,1589,1512,1034,292,-532,-1220,-1581,-1531,-1089,-353,485,1186,1561,1519,1081,366,-443,-1137,-1523,-1502,-1076,-370,431,1109,1492,1468,1047,349,-431,-1110,-1487,-1443,-1013,-329,455,1126,1483,1449,1024,325,-477,-1140,-1499,-1464,-1038,-336,460,1133,1516,1504,1099,405,-391,-1085,-1492,-1519,-1157,-504,273,984,1429,1497,1180,596,-140,-843,-1310,-1437,-1207,-681,-6,652,1137,1321,1165,737,138,-487,-968,-1189,-1114,-763,-246,308,770,1036,1037,776,345,-143,-580,-856,-910,-756,-446,-39,362,661,782,721,514,205,-135,-420,-603,-651,-566,-377,-134,107,296,408,428,369,0,0,0,0,0,275,354,392,361,246,66,-149,-366,-534,-606,-553,-385,-121,189,475,664,717,617,349,-8,-369,-646,-791,-762,-541,-181,227,595,832,869,688,339,-110,-539,-837,-937,-822,-498,-31,437,800,988,931,634,184,-304,-703,-937,-942,-700,-289,181,597,853,881,687,342,-84,-485,-756,-821,-671,-343,73,432,666,729,596,314,-48,-394,-609,-644,-522,-268,66,360,549,577,440,195,-82,-330,-485,-492,-372,-155,96,311,425,409,279,76,-134,-285,-354,-308,-174,3,154,263,277,191,40,-126,-254,-285,-231,-90,96,271,359,345,219,12,-218,-385,-465,-426,-243,38,330,537,609,518,0,-78,-405,-653,-741,-616,-322,68,459,761,864,736,409,-32,-489,-826,-963,-849,-502,-17,477,856,1014,910,578,88,-438,-844,-1030,-956,-633,-141,385,805,1010,955,659,192,-311,-732,-950,-912,-634,-202,272,656,854,813,559,171,-237,-563,-729,-690,-455,-100,263,528,625,540,294,-21,-312,-503,-543,-411,-165,110,352,492,466,290,30,-230,-410,-465,-385,-182,76,323,461,456,307,62,-213,-431,-523,-452,-232,61,347,530,561,421,151,-177,-473,-646,-629,-425,-93,281,588,741,680,429,52,-363,-701,-845,-750,-442,-3,456,798,929,796,433,-59,-543,-895,-1021,-875,-481,60,598,0,0,0,0,0,983,536,-75,-674,-1094,-1242,-1076,-609,23,652,1118,1285,1109,640,8,-623,-1087,-1268,-1109,-643,-8,621,1079,1238,1059,601,-22,-633,-1069,-1213,-1029,-560,57,662,1073,1199,1001,533,-93,-686,-1077,-1160,-937,-477,110,669,1030,1087,851,389,-167,-656,-965,-998,-737,-281,231,671,910,884,612,176,-303,-673,-844,-759,-450,-24,398,696,784,632,287,-131,-511,-748,-757,-527,-133,305,641,785,691,393,-38,-471,-763,-837,-665,-286,204,651,923,927,673,215,-332,-807,-1055,-1021,-695,-155,444,933,1186,1113,718,112,-529,-1039,-1289,-1192,-761,-116,583,1144,1398,1278,826,140,-605,-1213,-1497,-1379,-890,0,618,1244,1544,1444,970,226,-591,-1246,-1576,-1497,-1017,-267,550,1223,1590,1538,1076,327,-494,-1195,-1574,-1535,-1094,-365,464,1155,1541,1523,1092,369,-441,-1127,-1505,-1477,-1058,-363,427,1109,1492,1466,1043,337,-453,-1112,-1476,-1445,-1011,-304,473,1129,1487,1436,1008,307,-480,-1141,-1508,-1494,-1080,-366,440,1123,1517,1522,1120,446,-336,-1035,-1475,-1520,-1183,-553,197,900,1362,1468,1206,653,-63,-748,-1233,-1385,-1192,-704,-61,561,1037,1255,1148,752,180,-410,-867,-1103,-1066,-762,-290,226,676,939,965,772,397,-60,-473,-752,-846,-747,-483,-118,256,547,700,693,542,288,-11,-284,-472,-552,-522,-405,-236,-61,93,0,0,0,0,0,-185,-68,78,249,403,497,505,422,236,-19,-295,-524,-651,-650,-508,-244,91,421,666,765,678,434,83,-295,-622,-819,-818,-615,-258,177,578,844,906,754,408,-36,-484,-832,-975,-871,-565,-125,357,757,964,928,660,240,-238,-650,-898,-918,-712,-327,130,535,799,860,685,344,-67,-458,-723,-776,-626,-319,53,405,627,684,557,280,-66,-379,-581,-618,-485,-234,70,346,512,538,420,182,-90,-319,-445,-454,-328,-114,117,300,381,350,230,45,-154,-287,-314,-254,-117,56,208,288,264,147,-20,-183,-294,-308,-218,-43,159,328,408,370,219,-15,-266,-469,-544,-467,-253,47,359,0,666,566,304,-66,-438,-709,-802,-681,-367,61,486,793,912,794,455,-18,-497,-855,-990,-878,-538,-53,461,863,1038,938,603,117,-400,-816,-1016,-958,-643,-163,354,775,984,933,653,211,-294,-700,-905,-870,-607,-196,248,609,791,754,518,145,-249,-543,-669,-606,-382,-46,290,516,579,483,240,-74,-344,-498,-502,-363,-114,168,387,479,421,240,-24,-280,-439,-463,-348,-120,145,370,485,443,261,-1,-275,-482,-541,-435,-192,126,422,595,588,422,123,-240,-544,-696,-654,-428,-62,332,650,787,712,429,21,-421,-751,-885,-777,-452,16,495,848,966,830,463,-50,-564,-942,-1074,-916,0,0
62219,mtk,MTK 7916,2153898930,rx2-tx1,512,0,0,0,327,502,546,453,253,4,-251,-428,-478,-406,-241,-15,201,348,403,351,206,14,-172,-296,-329,-275,-146,13,155,250,267,215,111,-24,-157,-222,-216,-152,-59,43,118,147,118,57,-8,-65,-83,-59,-10,46,97,109,66,-21,-118,-196,-229,-206,-103,53,216,334,362,302,151,-48,-267,-435,-496,-423,-233,37,297,487,569,507,297,1,-297,-526,-626,-559,-330,-21,313,566,654,569,337,5,-345,-611,-716,-625,-368,-10,361,648,765,678,417,46,-348,-658,-791,-709,-446,-75,334,655,796,738,492,118,-279,-611,-789,-744,-508,-157,233,564,724,688,490,165,-191,-483,-645,0,-444,-156,165,431,565,544,381,117,-170,-395,-489,-430,-253,-19,213,382,418,326,139,-91,-300,-417,-390,-236,10,260,436,493,405,172,-132,-413,-623,-663,-502,-176,218,591,834,860,645,252,-238,-699,-1000,-1065,-864,-423,147,708,1116,1253,1089,658,34,-611,-1113,-1359,-1267,-843,-220,463,1065,1395,1382,1048,448,-276,-937,-1366,-1459,-1206,-656,59,738,1226,1426,1291,844,209,-464,-1018,-1324,-1310,-985,-439,181,744,1122,1205,1008,595,50,-482,-878,-1047,-967,-665,-224,237,610,833,847,671,338,-48,-395,-641,-725,-633,-415,-116,200,450,595,601,479,278,46,-175,-345,-440,-448,-382,-266,0,0,0,0,0,-310,-355,-343,-257,-119,55,239,391,471,468,375,204,-22,-259,-425,-491,-468,-332,-106,136,338,460,476,385,187,-50,-277,-436,-499,-430,-245,10,268,458,527,462,275,25,-249,-469,-573,-526,-345,-78,205,461,609,585,416,139,-166,-449,-613,-628,-488,-226,86,375,581,648,552,313,0,-302,-525,-614,-558,-368,-97,196,418,540,523,385,155,-95,-293,-417,-432,-337,-166,32,219,325,325,250,116,-46,-166,-234,-219,-137,-11,106,187,213,181,87,-44,-168,-244,-246,-176,-53,78,185,256,257,186,73,-72,-199,-270,-269,-211,-86,50,173,259,284,229,109,-29,-156,-246,0,-219,-148,-39,86,185,241,246,205,110,3,-94,-161,-200,-204,-166,-104,-18,62,122,158,180,168,135,83,3,-85,-158,-214,-231,-199,-116,-9,109,217,273,273,224,114,-45,-201,-310,-350,-310,-200,-24,157,302,388,378,265,75,-134,-316,-421,-416,-318,-146,85,296,408,432,350,164,-71,-281,-421,-455,-356,-164,71,289,424,440,341,141,-94,-303,-432,-448,-331,-132,106,331,463,463,339,114,-154,-378,-504,-490,-347,-111,168,412,543,517,356,105,-186,-434,-569,-561,-407,-137,176,439,588,593,440,164,-160,-433,-596,-599,-457,-199,107,395,580,612,485,241,-65,-352,0,0,0,0,0,-475,-253,28,292,467,518,439,249,1,-227,-392,-449,-383,-224,-15,187,334,381,313,177,0,-164,-272,-305,-247,-117,31,158,237,247,181,68,-46,-137,-179,-168,-108,-20,49,96,107,74,15,-43,-81,-87,-42,42,125,168,155,83,-35,-168,-264,-299,-252,-127,49,224,371,424,353,185,-36,-270,-455,-535,-455,-244,19,294,510,601,527,315,7,-306,-541,-629,-556,-327,-1,325,580,689,601,346,-5,-368,-631,-739,-664,-396,-13,368,652,770,696,434,46,-342,-644,-795,-744,-487,-95,318,633,784,734,498,134,-258,-587,-750,-714,-501,-169,208,526,692,675,491,186,0,-449,-605,-590,-416,-142,154,393,511,479,322,80,-182,-382,-449,-379,-207,24,248,388,397,268,61,-171,-357,-442,-384,-183,82,335,514,561,433,154,-198,-510,-700,-727,-553,-210,235,644,905,958,752,330,-207,-708,-1069,-1170,-977,-528,67,661,1109,1302,1169,738,122,-548,-1095,-1375,-1317,-951,-327,401,1014,1373,1426,1130,549,-160,-828,-1290,-1442,-1257,-753,-79,599,1131,1380,1297,920,327,-342,-895,-1219,-1260,-1003,-519,61,603,985,1118,984,632,145,-349,-741,-938,-906,-666,-282,133,498,733,783,645,370,23,-313,-552,-656,-614,-450,-191,92,337,492,548,500,366,184,-3,-159,-264,0,0,0,0,0,88,-42,-182,-315,-412,-450,-399,-264,-74,130,322,456,498,434,279,63,-178,-379,-488,-478,-364,-170,74,295,449,487,399,216,-26,-274,-450,-507,-437,-244,15,270,458,546,497,321,53,-237,-457,-562,-547,-386,-112,197,454,602,603,445,185,-125,-413,-602,-642,-524,-267,55,361,571,652,572,351,51,-236,-472,-586,-544,-377,-139,131,367,493,483,365,174,-59,-254,-356,-364,-285,-128,48,191,259,255,187,69,-73,-179,-216,-191,-106,15,122,198,218,170,61,-61,-166,-228,-234,-170,-62,72,191,259,264,197,73,-66,-183,-263,-280,-221,-99,31,156,246,276,241,151,0,-107,-203,-256,-247,-166,-54,55,156,220,223,190,135,64,-31,-119,-177,-205,-188,-133,-67,-5,52,116,175,206,202,152,66,-37,-136,-215,-257,-239,-172,-67,62,194,296,327,279,156,-18,-200,-317,-361,-332,-231,-65,135,314,422,418,302,114,-104,-298,-417,-436,-346,-160,68,290,438,456,357,161,-72,-287,-424,-443,-346,-157,83,293,428,445,341,137,-103,-306,-430,-452,-341,-130,121,341,475,474,333,98,-167,-394,-522,-513,-356,-96,197,430,560,558,398,121,-183,-440,-583,-573,-419,-151,168,457,616,612,449,185,-125,-416,-597,-611,-474,-224,86,377,571,603,471,0,0
62220,mtk,MTK 7916,2153919178,rx0-tx0,512,0,0,0,0,0,0,0,0,0,0,0,0,0,0,0,0,0,0,0,0,0,0,0,0,0,0,0,0,0,0,0,0,0,0,0,0,0,0,0,0,0,0,0,0,0,0,0,0,0,0,0,0,0,0,0,0,0,0,0,0,0,0,0,0,0,0,0,0,0,0,0,0,0,0,0,0,0,0,0,0,0,0,0,0,0,0,0,0,0,0,0,0,0,0,0,0,0,0,0,0,0,0,0,0,0,0,0,0,0,0,0,0,0,0,0,0,0,0,0,0,0,0,0,0,0,0,0,0,0,0,0,0,0,0,0,0,0,0,0,0,0,0,0,0,0,0,0,0,0,0,0,0,0,0,0,0,0,0,0,0,0,0,0,0,0,0,0,0,0,0,0,0,0,0,0,0,0,0,0,0,0,0,0,0,0,0,0,0,0,0,0,0,0,0,0,0,0,0,0,0,0,0,0,0,0,0,0,0,0,0,0,0,0,0,0,0,0,0,0,0,0,0,0,0,0,0,0,0,0,0,0,0,0,0,0,0,0,0,0,0,0,0,0,0,0,0,0,0,0,0,0,0,0,0,0,0,-364,-768,-725,455,284,-27,-378,-674,-863,-927,-876,-718,-481,-189,131,424,686,906,1037,1096,1076,943,743,474,156,-181,-495,-789,-1033,-1197,-1278,-1267,-1167,-969,-716,-419,-97,240,573,865,1089,1249,1322,1327,1243,1089,866,600,289,-49,-376,-675,-949,-1164,-1320,-1390,-1369,-1278,-1119,-896,-607,-279,60,396,705,969,1181,1332,1394,1369,1276,1115,872,572,259,-59,-367,-665,-895,-1078,-1182,-1228,-1201,-1116,-976,-760,-535,-309,-43,216,445,646,800,916,978,984,935,835,703,548,377,176,-16,-201,-371,-506,-604,-668,-699,-690,-647,-577,-490,-379,-272,-151,-38,67,172,246,303,345,378,389,409,422,413,392,-330,335,301,284,213,145,76,-21,-135,-250,-359,-466,-574,-660,-725,-763,-765,-704,-606,-468,-296,-88,150,384,625,839,1020,1147,1201,1184,1114,965,735,468,145,-179,-509,-827,-1098,-1304,-1443,-1487,-1451,-1324,-1106,-825,-502,-140,229,590,902,1166,1371,1489,1532,1487,1351,1154,889,568,219,-157,-518,-847,-1140,-1372,-1504,-1564,-1537,-1415,-1207,-943,-623,-255,131,504,858,1166,1400,1553,1599,1561,1424,1184,872,504,98,-302,-697,-1045,-1312,-1496,-1572,-1562,-1435,-1201,-898,-524,-115,279,649,989,1238,1399,1462,1424,1272,1033,724,357,-29,-416,-762,-1067,-1275,-1395,-1395,-1274,-1021,-651,-170,350,844,1197,1328,1245,-521,-651,0,0,0,0,0,0,0,0,0,0,0,0,0,0,0,0,0,0,0,0,0,0,0,0,0,0,0,0,0,0,0,0,0,0,0,0,0,0,0,0,0,0,0,0,0,0,0,0,0,0,0,0,0,0,0,0,0,0,0,0,0,0,0,0,0,0,0,0,0,0,0,0,0,0,0,0,0,0,0,0,0,0,0,0,0,0,0,0,0,0,0,0,0,0,0,0,0,0,0,0,0,0,0,0,0,0,0,0,0,0,0,0,0,0,0,0,0,0,0,0,0,0,0,0,0,0,0,0,0,0,0,0,0,0,0,0,0,0,0,0,0,0,0,0,0,0,0,0,0,0,0,0,0,0,0,0,0,0,0,0,0,0,0,0,0,0,0,0,0,0,0,0,0,0,0,0,0,0,0,0,0,0,0,0,0,0,0,0,0,0,0,0,0,0,0,0,0,0,0,0,0,0,0,0,0,0,0,0,0,0,0,0,0,0,0,0,0,0,0,0,0,0,0,0,0,0,0,0,0,0,0,0,0,0,0,0,0,0,0,0,0,0,0,0,0,0,0,0,0,0,0,0,0,0,0,0,-49,43,253,-411,-649,-785,-753,-572,-287,34,355,643,856,984,1002,937,797,565,284,-20,-336,-636,-885,-1080,-1191,-1205,-1123,-963,-709,-406,-80,251,587,877,1096,1243,1306,1295,1193,1000,770,473,156,-175,-503,-790,-1034,-1221,-1345,-1378,-1314,-1183,-993,-749,-458,-123,218,536,832,1088,1274,1383,1403,1351,1212,1010,759,452,107,-234,-549,-839,-1084,-1237,-1321,-1327,-1276,-1144,-933,-686,-406,-118,170,424,674,861,983,1073,1110,1066,969,822,643,443,219,6,-209,-405,-573,-710,-801,-849,-850,-815,-728,-603,-450,-301,-137,21,163,284,388,468,526,562,555,527,479,418,350,291,213,147,85,9,-68,-128,-82,-236,-269,-336,-404,-445,-492,-533,-545,-532,-497,-432,-337,-210,-80,87,276,464,626,765,877,960,990,964,878,726,519,267,-11,-296,-584,-868,-1092,-1258,-1353,-1358,-1311,-1163,-941,-658,-322,35,394,741,1041,1269,1431,1517,1519,1426,1245,1002,684,339,-26,-387,-721,-1013,-1260,-1431,-1527,-1535,-1449,-1295,-1070,-764,-420,-59,317,672,987,1247,1447,1564,1578,1490,1323,1068,754,396,2,-381,-760,-1095,-1354,-1528,-1602,-1578,-1461,-1232,-919,-545,-147,258,663,1013,1291,1470,1535,1498,1371,1136,816,454,65,-324,-691,-988,-1226,-1364,-1406,-1335,-1169,-912,-573,-185,240,660,1036,1318,1465,1426,1185,754,225,-226,-542,-375
62221,mtk,MTK 7916,2153919178,rx0-tx1,512,0,0,0,0,0,0,0,0,0,0,0,0,0,0,0,0,0,0,0,0,0,0,0,0,0,0,0,0,0,0,0,0,0,0,0,0,0,0,0,0,0,0,0,0,0,0,0,0,0,0,0,0,0,0,0,0,0,0,0,0,0,0,0,0,0,0,0,0,0,0,0,0,0,0,0,0,0,0,0,0,0,0,0,0,0,0,0,0,0,0,0,0,0,0,0,0,0,0,0,0,0,0,0,0,0,0,0,0,0,0,0,0,0,0,0,0,0,0,0,0,0,0,0,0,0,0,0,0,0,0,0,0,0,0,0,0,0,0,0,0,0,0,0,0,0,0,0,0,0,0,0,0,0,0,0,0,0,0,0,0,0,0,0,0,0,0,0,0,0,0,0,0,0,0,0,0,0,0,0,0,0,0,0,0,0,0,0,0,0,0,0,0,0,0,0,0,0,0,0,0,0,0,0,0,0,0,0,0,0,0,0,0,0,0,0,0,0,0,0,0,0,0,0,0,0,0,0,0,0,0,0,0,0,0,0,0,0,0,0,0,0,0,0,0,0,0,0,0,0,0,0,0,0,0,0,0,-449,143,138,-337,-245,-41,205,435,606,680,666,575,418,206,-26,-262,-490,-694,-840,-911,-916,-825,-649,-414,-128,194,490,774,989,1142,1199,1134,981,741,432,101,-239,-576,-865,-1067,-1179,-1212,-1142,-1003,-796,-530,-232,71,354,608,799,940,1020,1014,956,840,663,479,276,45,-166,-344,-486,-604,-677,-700,-688,-633,-552,-461,-358,-254,-134,-37,48,147,224,298,380,436,479,514,544,523,488,430,354,240,104,-40,-184,-309,-426,-531,-581,-610,-615,-582,-502,-411,-295,-160,-43,79,201,314,400,476,522,537,539,521,452,393,308,192,83,-32,-146,-251,-344,-434,-509,-537,-553,-525,-488,-427,510,-224,-121,-4,120,234,330,410,472,499,501,492,454,406,341,256,162,62,-13,-103,-192,-266,-337,-394,-452,-492,-515,-529,-518,-490,-429,-339,-228,-94,70,221,402,586,730,846,912,945,907,811,663,456,199,-73,-367,-642,-907,-1108,-1244,-1313,-1280,-1170,-981,-711,-387,-14,366,718,1038,1274,1447,1518,1473,1329,1097,775,389,-13,-410,-786,-1108,-1339,-1489,-1531,-1461,-1270,-1001,-666,-284,135,531,861,1147,1343,1418,1391,1246,1010,700,335,-36,-392,-717,-968,-1117,-1183,-1132,-996,-773,-503,-209,88,360,572,718,809,823,764,657,478,279,61,-147,-342,-493,-586,-603,-560,-446,-256,-45,105,50,89,0,0,0,0,0,0,0,0,0,0,0,0,0,0,0,0,0,0,0,0,0,0,0,0,0,0,0,0,0,0,0,0,0,0,0,0,0,0,0,0,0,0,0,0,0,0,0,0,0,0,0,0,0,0,0,0,0,0,0,0,0,0,0,0,0,0,0,0,0,0,0,0,0,0,0,0,0,0,0,0,0,0,0,0,0,0,0,0,0,0,0,0,0,0,0,0,0,0,0,0,0,0,0,0,0,0,0,0,0,0,0,0,0,0,0,0,0,0,0,0,0,0,0,0,0,0,0,0,0,0,0,0,0,0,0,0,0,0,0,0,0,0,0,0,0,0,0,0,0,0,0,0,0,0,0,0,0,0,0,0,0,0,0,0,0,0,0,0,0,0,0,0,0,0,0,0,0,0,0,0,0,0,0,0,0,0,0,0,0,0,0,0,0,0,0,0,0,0,0,0,0,0,0,0,0,0,0,0,0,0,0,0,0,0,0,0,0,0,0,0,0,0,0,0,0,0,0,0,0,0,0,0,0,0,0,0,0,0,0,0,0,0,0,0,0,0,0,0,0,0,0,0,0,0,0,0,26,33,-26,248,422,544,559,463,277,44,-199,-424,-617,-736,-778,-767,-669,-507,-274,-18,247,513,748,930,1046,1063,984,817,561,260,-84,-421,-726,-990,-1157,-1232,-1220,-1112,-902,-607,-298,38,358,635,871,1036,1124,1135,1069,922,719,496,241,-23,-270,-502,-676,-783,-864,-880,-823,-739,-627,-479,-308,-138,25,169,293,389,458,509,532,523,520,487,432,396,328,259,180,89,-36,-169,-276,-376,-472,-553,-602,-614,-583,-521,-447,-327,-195,-72,73,222,351,450,537,566,570,560,530,462,387,297,178,60,-52,-178,-280,-362,-454,-500,-530,-546,-531,-494,-422,-344,-221,-104,18,136,237,343,-82,483,513,537,515,476,410,331,230,117,4,-99,-196,-271,-342,-404,-450,-465,-458,-461,-435,-401,-352,-288,-208,-111,-7,98,204,319,435,540,617,682,710,710,693,594,457,289,84,-145,-385,-603,-804,-975,-1090,-1132,-1107,-1017,-847,-605,-321,18,356,682,976,1212,1369,1437,1399,1287,1066,768,417,20,-375,-744,-1062,-1324,-1489,-1538,-1482,-1322,-1056,-730,-353,55,457,821,1109,1331,1460,1486,1384,1183,903,539,146,-252,-627,-945,-1177,-1300,-1309,-1223,-1054,-768,-451,-104,239,533,772,931,1004,992,885,705,498,264,19,-219,-428,-584,-672,-702,-677,-589,-434,-236,-22,182,364,485,489,439,140,118
62222,mtk,MTK 7916,2153919178,rx1-tx0,512,0,0,0,0,0,0,0,0,0,0,0,0,0,0,0,0,0,0,0,0,0,0,0,0,0,0,0,0,0,0,0,0,0,0,0,0,0,0,0,0,0,0,0,0,0,0,0,0,0,0,0,0,0,0,0,0,0,0,0,0,0,0,0,0,0,0,0,0,0,0,0,0,0,0,0,0,0,0,0,0,0,0,0,0,0,0,0,0,0,0,0,0,0,0,0,0,0,0,0,0,0,0,0,0,0,0,0,0,0,0,0,0,0,0,0,0,0,0,0,0,0,0,0,0,0,0,0,0,0,0,0,0,0,0,0,0,0,0,0,0,0,0,0,0,0,0,0,0,0,0,0,0,0,0,0,0,0,0,0,0,0,0,0,0,0,0,0,0,0,0,0,0,0,0,0,0,0,0,0,0,0,0,0,0,0,0,0,0,0,0,0,0,0,0,0,0,0,0,0,0,0,0,0,0,0,0,0,0,0,0,0,0,0,0,0,0,0,0,0,0,0,0,0,0,0,0,0,0,0,0,0,0,0,0,0,0,0,0,0,0,0,0,0,0,0,0,0,0,0,0,0,0,0,0,0,0,98,-902,-1130,570,513,300,-17,-363,-674,-881,-974,-960,-839,-620,-315,7,347,685,951,1174,1283,1276,1159,924,610,220,-198,-624,-1028,-1346,-1541,-1598,-1526,-1317,-1019,-650,-217,231,648,1017,1287,1464,1522,1468,1330,1082,761,438,76,-284,-588,-861,-1055,-1172,-1210,-1177,-1067,-921,-732,-506,-265,-44,183,384,564,724,827,875,893,860,795,713,580,432,254,75,-117,-318,-492,-638,-751,-843,-874,-852,-787,-667,-509,-327,-136,61,262,440,574,671,734,747,710,644,541,400,268,112,-37,-160,-261,-356,-423,-449,-449,-441,-404,-349,-283,-217,-161,-90,-25,14,53,91,108,126,161,181,192,227,247,250,-686,265,257,241,210,172,112,46,-29,-114,-189,-266,-352,-404,-454,-486,-501,-474,-426,-353,-249,-132,5,141,282,417,529,629,685,732,732,666,578,448,289,113,-85,-287,-490,-674,-801,-904,-959,-946,-879,-752,-576,-360,-115,137,391,629,827,967,1053,1077,1010,903,752,535,282,26,-228,-458,-666,-847,-972,-1007,-998,-945,-811,-639,-442,-197,50,283,501,683,814,895,913,879,781,635,459,257,53,-153,-337,-490,-611,-685,-711,-690,-632,-546,-419,-284,-149,-9,139,260,360,461,536,579,587,561,509,416,294,137,-38,-217,-384,-543,-665,-730,-730,-643,-466,-236,59,356,589,686,114,-241,0,0,0,0,0,0,0,0,0,0,0,0,0,0,0,0,0,0,0,0,0,0,0,0,0,0,0,0,0,0,0,0,0,0,0,0,0,0,0,0,0,0,0,0,0,0,0,0,0,0,0,0,0,0,0,0,0,0,0,0,0,0,0,0,0,0,0,0,0,0,0,0,0,0,0,0,0,0,0,0,0,0,0,0,0,0,0,0,0,0,0,0,0,0,0,0,0,0,0,0,0,0,0,0,0,0,0,0,0,0,0,0,0,0,0,0,0,0,0,0,0,0,0,0,0,0,0,0,0,0,0,0,0,0,0,0,0,0,0,0,0,0,0,0,0,0,0,0,0,0,0,0,0,0,0,0,0,0,0,0,0,0,0,0,0,0,0,0,0,0,0,0,0,0,0,0,0,0,0,0,0,0,0,0,0,0,0,0,0,0,0,0,0,0,0,0,0,0,0,0,0,0,0,0,0,0,0,0,0,0,0,0,0,0,0,0,0,0,0,0,0,0,0,0,0,0,0,0,0,0,0,0,0,0,0,0,0,0,0,0,0,0,0,0,0,0,0,0,0,0,0,0,0,0,0,0,-999,-990,-700,-171,-455,-703,-828,-806,-633,-363,-43,288,602,869,1037,1112,1096,959,737,444,79,-299,-681,-1016,-1281,-1442,-1474,-1387,-1156,-817,-402,41,489,899,1229,1477,1595,1588,1447,1198,874,489,82,-311,-694,-1010,-1228,-1351,-1402,-1329,-1188,-981,-722,-438,-148,156,414,632,818,948,1011,1016,982,885,758,599,411,231,42,-161,-336,-498,-637,-745,-831,-857,-860,-805,-706,-577,-417,-233,-20,178,373,546,687,778,825,830,784,675,536,383,212,34,-132,-286,-417,-507,-569,-607,-595,-543,-482,-399,-295,-183,-84,14,113,183,238,265,290,308,292,288,282,252,224,200,175,138,117,99,47,7,9,-75,-124,-182,-232,-286,-332,-359,-378,-375,-348,-326,-265,-192,-103,5,118,235,335,439,513,570,601,596,573,496,401,273,133,-17,-209,-381,-525,-663,-766,-834,-853,-823,-740,-602,-431,-244,-20,221,454,660,834,952,1020,1031,974,852,664,442,200,-73,-333,-547,-760,-924,-1017,-1049,-1015,-923,-783,-605,-364,-114,126,367,586,749,890,972,978,917,813,651,456,237,11,-208,-421,-593,-725,-810,-838,-809,-724,-595,-443,-275,-96,81,239,382,484,554,592,611,594,528,450,358,232,100,-49,-187,-322,-447,-551,-623,-649,-624,-558,-441,-264,-51,184,425,625,762,800,702,477,220,-1333,-1317
62223,mtk,MTK 7916,2153919178,rx1-tx1,512,0,0,0,0,0,0,0,0,0,0,0,0,0,0,0,0,0,0,0,0,0,0,0,0,0,0,0,0,0,0,0,0,0,0,0,0,0,0,0,0,0,0,0,0,0,0,0,0,0,0,0,0,0,0,0,0,0,0,0,0,0,0,0,0,0,0,0,0,0,0,0,0,0,0,0,0,0,0,0,0,0,0,0,0,0,0,0,0,0,0,0,0,0,0,0,0,0,0,0,0,0,0,0,0,0,0,0,0,0,0,0,0,0,0,0,0,0,0,0,0,0,0,0,0,0,0,0,0,0,0,0,0,0,0,0,0,0,0,0,0,0,0,0,0,0,0,0,0,0,0,0,0,0,0,0,0,0,0,0,0,0,0,0,0,0,0,0,0,0,0,0,0,0,0,0,0,0,0,0,0,0,0,0,0,0,0,0,0,0,0,0,0,0,0,0,0,0,0,0,0,0,0,0,0,0,0,0,0,0,0,0,0,0,0,0,0,0,0,0,0,0,0,0,0,0,0,0,0,0,0,0,0,0,0,0,0,0,0,0,0,0,0,0,0,0,0,0,0,0,0,0,0,0,0,0,0,-282,-195,-310,-107,-77,-27,38,110,175,216,217,175,93,-12,-114,-197,-243,-238,-161,-42,81,188,256,263,194,69,-79,-202,-281,-292,-221,-83,84,235,333,334,228,57,-122,-272,-362,-359,-247,-52,151,324,420,396,240,20,-210,-397,-485,-422,-240,23,288,483,542,459,242,-57,-355,-553,-601,-491,-233,102,423,629,663,519,224,-155,-496,-698,-706,-531,-218,155,511,728,724,514,166,-230,-556,-727,-696,-483,-138,257,581,718,648,418,87,-284,-572,-685,-597,-350,0,342,576,633,521,262,-71,-378,-568,-596,-449,-170,147,406,550,535,360,88,-199,-421,-519,-457,-267,0,258,437,0,382,164,-101,-317,-426,-418,-293,-65,174,345,405,342,179,-36,-240,-369,-381,-262,-57,156,324,385,328,162,-57,-273,-407,-413,-279,-53,181,371,456,404,220,-46,-306,-481,-507,-376,-139,129,381,541,539,370,83,-229,-488,-599,-547,-337,-28,311,564,658,566,306,-48,-393,-625,-686,-560,-281,83,410,624,679,542,252,-109,-435,-632,-650,-495,-199,164,482,652,636,452,150,-209,-511,-665,-637,-441,-119,221,515,661,631,434,118,-227,-507,-659,-644,-449,-152,176,466,642,658,506,227,-98,-384,-568,-637,-553,-323,-30,248,483,611,592,454,235,-26,-280,-456,-537,-525,-436,184,44,0,0,0,0,0,0,0,0,0,0,0,0,0,0,0,0,0,0,0,0,0,0,0,0,0,0,0,0,0,0,0,0,0,0,0,0,0,0,0,0,0,0,0,0,0,0,0,0,0,0,0,0,0,0,0,0,0,0,0,0,0,0,0,0,0,0,0,0,0,0,0,0,0,0,0,0,0,0,0,0,0,0,0,0,0,0,0,0,0,0,0,0,0,0,0,0,0,0,0,0,0,0,0,0,0,0,0,0,0,0,0,0,0,0,0,0,0,0,0,0,0,0,0,0,0,0,0,0,0,0,0,0,0,0,0,0,0,0,0,0,0,0,0,0,0,0,0,0,0,0,0,0,0,0,0,0,0,0,0,0,0,0,0,0,0,0,0,0,0,0,0,0,0,0,0,0,0,0,0,0,0,0,0,0,0,0,0,0,0,0,0,0,0,0,0,0,0,0,0,0,0,0,0,0,0,0,0,0,0,0,0,0,0,0,0,0,0,0,0,0,0,0,0,0,0,0,0,0,0,0,0,0,0,0,0,0,0,0,0,0,0,0,0,0,0,0,0,0,0,0,0,0,0,0,0,0,288,-464,-378,-91,-153,-185,-195,-175,-117,-36,58,158,231,247,208,121,15,-100,-202,-258,-254,-185,-66,70,190,265,277,211,69,-88,-220,-299,-305,-227,-75,107,261,342,334,232,59,-145,-321,-410,-386,-252,-38,190,368,442,412,257,9,-256,-442,-511,-425,-220,50,321,518,584,478,226,-95,-398,-607,-653,-509,-217,132,447,669,701,532,214,-174,-511,-696,-707,-522,-191,198,547,745,720,498,145,-242,-566,-718,-675,-453,-100,288,579,699,631,390,37,-325,-584,-675,-569,-309,31,356,581,635,506,232,-107,-399,-570,-567,-405,-135,167,426,546,501,322,59,-230,-440,-495,-412,-218,0,275,432,447,323,108,-127,-325,-424,-391,-235,-14,218,366,395,312,130,-98,-274,-365,-344,-212,0,214,355,386,293,107,-126,-324,-427,-399,-248,-13,234,423,492,414,193,-99,-351,-503,-527,-393,-132,179,436,579,556,360,53,-282,-543,-643,-568,-336,8,354,584,658,559,306,-44,-377,-614,-675,-537,-258,86,421,651,686,523,221,-130,-444,-631,-639,-467,-162,192,497,651,617,426,130,-226,-510,-655,-625,-429,-108,238,523,668,641,450,144,-204,-488,-648,-658,-500,-209,132,424,614,648,521,274,-36,-333,-533,-623,-575,-383,-109,175,420,579,612,526,362,155,-52,-248,-479,-502
62224,mtk,MTK 7916,2153919178,rx2-tx0,512,0,0,0,0,0,0,0,0,0,0,0,0,0,0,0,0,0,0,0,0,0,0,0,0,0,0,0,0,0,0,0,0,0,0,0,0,0,0,0,0,0,0,0,0,0,0,0,0,0,0,0,0,0,0,0,0,0,0,0,0,0,0,0,0,0,0,0,0,0,0,0,0,0,0,0,0,0,0,0,0,0,0,0,0,0,0,0,0,0,0,0,0,0,0,0,0,0,0,0,0,0,0,0,0,0,0,0,0,0,0,0,0,0,0,0,0,0,0,0,0,0,0,0,0,0,0,0,0,0,0,0,0,0,0,0,0,0,0,0,0,0,0,0,0,0,0,0,0,0,0,0,0,0,0,0,0,0,0,0,0,0,0,0,0,0,0,0,0,0,0,0,0,0,0,0,0,0,0,0,0,0,0,0,0,0,0,0,0,0,0,0,0,0,0,0,0,0,0,0,0,0,0,0,0,0,0,0,0,0,0,0,0,0,0,0,0,0,0,0,0,0,0,0,0,0,0,0,0,0,0,0,0,0,0,0,0,0,0,0,0,0,0,0,0,0,0,0,0,0,0,0,0,0,0,0,0,794,869,854,119,153,154,130,91,28,-54,-125,-171,-187,-169,-107,-26,68,152,207,210,161,73,-36,-128,-191,-216,-193,-114,-4,98,173,203,189,127,30,-84,-161,-195,-177,-109,-3,84,147,171,152,93,-1,-100,-163,-160,-120,-35,61,146,188,181,112,6,-102,-187,-226,-197,-116,-7,106,200,239,212,118,3,-114,-211,-241,-214,-125,3,116,199,233,203,122,6,-104,-183,-199,-165,-87,14,114,162,151,131,72,-34,-113,-152,-158,-118,-48,32,116,171,168,129,59,-23,-92,-129,-136,-117,-61,8,59,89,110,98,64,27,-12,-53,-82,-83,-62,-46,-19,12,46,80,0,76,54,24,-10,-44,-81,-106,-108,-71,-15,40,91,127,136,111,58,-5,-86,-145,-169,-154,-103,-21,67,138,168,161,118,35,-65,-135,-171,-173,-122,-33,64,149,193,195,131,34,-66,-142,-182,-183,-130,-36,58,128,165,158,121,66,-13,-98,-136,-135,-82,-22,45,95,113,94,60,4,-69,-117,-129,-103,-45,24,77,110,108,87,54,-7,-70,-110,-116,-97,-65,-26,39,96,114,105,88,49,-2,-37,-56,-66,-64,-59,-50,-41,-22,6,29,47,66,82,85,71,42,3,-33,-71,-106,-118,-105,-78,-35,14,67,109,141,142,122,86,39,-13,-43,-77,489,677,0,0,0,0,0,0,0,0,0,0,0,0,0,0,0,0,0,0,0,0,0,0,0,0,0,0,0,0,0,0,0,0,0,0,0,0,0,0,0,0,0,0,0,0,0,0,0,0,0,0,0,0,0,0,0,0,0,0,0,0,0,0,0,0,0,0,0,0,0,0,0,0,0,0,0,0,0,0,0,0,0,0,0,0,0,0,0,0,0,0,0,0,0,0,0,0,0,0,0,0,0,0,0,0,0,0,0,0,0,0,0,0,0,0,0,0,0,0,0,0,0,0,0,0,0,0,0,0,0,0,0,0,0,0,0,0,0,0,0,0,0,0,0,0,0,0,0,0,0,0,0,0,0,0,0,0,0,0,0,0,0,0,0,0,0,0,0,0,0,0,0,0,0,0,0,0,0,0,0,0,0,0,0,0,0,0,0,0,0,0,0,0,0,0,0,0,0,0,0,0,0,0,0,0,0,0,0,0,0,0,0,0,0,0,0,0,0,0,0,0,0,0,0,0,0,0,0,0,0,0,0,0,0,0,0,0,0,0,0,0,0,0,0,0,0,0,0,0,0,0,0,0,0,0,0,0,572,70,-185,-51,-11,50,108,155,182,178,135,75,-11,-95,-155,-188,-193,-142,-52,48,136,194,205,174,102,-8,-124,-207,-238,-212,-147,-37,81,171,208,194,117,23,-66,-144,-191,-169,-94,-1,98,163,183,146,61,-47,-135,-176,-168,-116,-27,78,157,199,181,101,-6,-103,-182,-227,-214,-135,-16,106,198,244,217,127,6,-112,-195,-226,-194,-113,-6,104,187,212,175,104,0,-98,-149,-168,-143,-61,33,111,162,165,119,44,-39,-113,-154,-156,-128,-57,29,106,147,147,110,48,-18,-71,-99,-123,-105,-69,-19,23,63,89,90,61,29,0,-33,-60,-75,-72,-57,-29,0,34,64,85,96,89,52,-3,-56,-106,-133,-130,-106,-48,16,76,138,167,143,85,9,-66,-140,-177,-162,-101,-21,62,134,178,168,119,31,-57,-138,-183,-181,-117,-27,67,151,199,183,125,38,-44,-128,-189,-186,-122,-39,48,111,148,157,120,47,-34,-89,-117,-121,-91,-17,41,74,106,100,51,-10,-67,-115,-124,-98,-42,31,89,115,124,113,61,-1,-57,-93,-123,-118,-78,-30,17,57,77,81,73,54,26,-8,-25,-36,-54,-62,-62,-53,-45,-29,-5,26,52,78,86,92,77,46,-10,-50,-86,-113,-130,-120,-80,-27,24,75,111,128,139,127,93,694,527
62225,mtk,MTK 7916,2153919178,rx2-tx1,512,0,0,0,0,0,0,0,0,0,0,0,0,0,0,0,0,0,0,0,0,0,0,0,0,0,0,0,0,0,0,0,0,0,0,0,0,0,0,0,0,0,0,0,0,0,0,0,0,0,0,0,0,0,0,0,0,0,0,0,0,0,0,0,0,0,0,0,0,0,0,0,0,0,0,0,0,0,0,0,0,0,0,0,0,0,0,0,0,0,0,0,0,0,0,0,0,0,0,0,0,0,0,0,0,0,0,0,0,0,0,0,0,0,0,0,0,0,0,0,0,0,0,0,0,0,0,0,0,0,0,0,0,0,0,0,0,0,0,0,0,0,0,0,0,0,0,0,0,0,0,0,0,0,0,0,0,0,0,0,0,0,0,0,0,0,0,0,0,0,0,0,0,0,0,0,0,0,0,0,0,0,0,0,0,0,0,0,0,0,0,0,0,0,0,0,0,0,0,0,0,0,0,0,0,0,0,0,0,0,0,0,0,0,0,0,0,0,0,0,0,0,0,0,0,0,0,0,0,0,0,0,0,0,0,0,0,0,0,0,0,0,0,0,0,0,0,0,0,0,0,0,0,0,0,0,0,381,-363,-507,-6,-27,-51,-77,-92,-87,-74,-46,-8,35,74,102,106,87,56,9,-44,-89,-128,-139,-109,-41,32,105,156,168,149,83,-6,-104,-181,-222,-217,-166,-63,74,197,266,279,228,112,-34,-187,-303,-339,-292,-182,-13,175,313,370,352,244,53,-156,-317,-413,-415,-301,-98,129,322,452,469,345,147,-89,-318,-476,-497,-404,-205,46,278,457,522,441,242,-20,-275,-445,-507,-460,-300,-42,214,404,498,468,305,73,-170,-373,-460,-424,-291,-87,140,323,407,381,260,79,-122,-289,-375,-351,-228,-38,146,284,341,314,209,36,-142,-272,-328,-287,-168,-6,146,256,302,260,0,-5,-145,-239,-258,-204,-91,47,165,232,234,171,61,-61,-164,-230,-223,-138,-20,83,157,203,182,101,-3,-107,-181,-206,-159,-65,48,152,213,219,155,44,-93,-193,-239,-216,-139,-20,107,205,256,240,152,26,-100,-207,-257,-228,-148,-35,88,199,257,242,160,49,-71,-177,-228,-211,-149,-63,54,154,205,205,153,49,-65,-146,-191,-186,-134,-53,48,135,188,192,144,56,-47,-138,-188,-193,-161,-91,-1,77,142,188,184,133,53,-23,-95,-150,-178,-162,-118,-42,40,100,138,159,148,101,31,-36,-100,-144,-147,-127,-83,-26,25,74,117,130,133,124,97,39,200,16,0,0,0,0,0,0,0,0,0,0,0,0,0,0,0,0,0,0,0,0,0,0,0,0,0,0,0,0,0,0,0,0,0,0,0,0,0,0,0,0,0,0,0,0,0,0,0,0,0,0,0,0,0,0,0,0,0,0,0,0,0,0,0,0,0,0,0,0,0,0,0,0,0,0,0,0,0,0,0,0,0,0,0,0,0,0,0,0,0,0,0,0,0,0,0,0,0,0,0,0,0,0,0,0,0,0,0,0,0,0,0,0,0,0,0,0,0,0,0,0,0,0,0,0,0,0,0,0,0,0,0,0,0,0,0,0,0,0,0,0,0,0,0,0,0,0,0,0,0,0,0,0,0,0,0,0,0,0,0,0,0,0,0,0,0,0,0,0,0,0,0,0,0,0,0,0,0,0,0,0,0,0,0,0,0,0,0,0,0,0,0,0,0,0,0,0,0,0,0,0,0,0,0,0,0,0,0,0,0,0,0,0,0,0,0,0,0,0,0,0,0,0,0,0,0,0,0,0,0,0,0,0,0,0,0,0,0,0,0,0,0,0,0,0,0,0,0,0,0,0,0,0,0,0,0,0,-1037,-617,-495,55,52,48,31,8,-16,-50,-79,-95,-93,-76,-35,19,66,104,123,116,80,26,-52,-124,-165,-167,-134,-72,18,110,183,214,200,128,37,-77,-177,-247,-259,-205,-88,58,191,290,314,264,144,-22,-181,-300,-346,-304,-196,-29,160,315,395,386,279,89,-133,-320,-432,-441,-329,-118,120,320,444,467,388,204,-58,-318,-480,-518,-431,-234,25,272,451,529,456,266,25,-233,-443,-516,-455,-295,-64,185,381,476,440,297,85,-155,-340,-436,-411,-277,-82,131,309,399,372,239,61,-129,-303,-389,-343,-202,-28,150,280,331,292,178,19,-139,-262,-305,-259,-148,-4,142,0,277,222,101,-39,-163,-235,-233,-173,-67,60,170,227,217,142,35,-75,-169,-224,-203,-126,-16,96,174,199,166,86,-18,-121,-200,-209,-151,-45,65,162,220,217,139,15,-107,-203,-257,-235,-151,-33,99,213,259,228,148,40,-87,-195,-249,-236,-171,-57,72,173,237,236,162,47,-66,-156,-216,-209,-146,-49,56,153,199,189,129,46,-47,-127,-177,-185,-141,-58,38,128,186,192,154,68,-30,-111,-160,-180,-163,-113,-40,51,124,174,178,144,91,21,-70,-138,-166,-168,-134,-63,15,79,119,143,145,107,49,-8,-66,-102,-119,-130,-121,-72,-22,22,59,89,105,-670,-705
62226,mtk,MTK 7916,2153931231,rx0-tx0,512,-330,335,301,-158,-290,-378,-443,-479,-444,-377,-269,-139,-1,159,279,374,435,449,426,362,263,144,8,-133,-242,-324,-386,-404,-395,-337,-253,-157,-43,70,172,257,306,322,313,300,248,175,96,12,-59,-127,-196,-233,-239,-248,-230,-198,-154,-100,-40,19,75,133,170,193,210,206,171,157,140,91,54,11,-42,-102,-149,-197,-239,-255,-262,-250,-213,-152,-84,-1,100,200,293,373,405,411,379,293,181,58,-93,-237,-368,-457,-518,-528,-486,-391,-258,-92,70,227,379,494,569,579,531,455,327,165,-12,-204,-375,-528,-625,-649,-639,-575,-418,-238,-33,188,388,560,681,736,720,639,-364,272,41,-190,-420,-599,-720,-797,-789,-682,-521,-309,-58,199,438,638,763,815,792,697,534,311,62,-193,-432,-641,-772,-838,-831,-733,-560,-342,-101,163,418,621,775,845,842,755,593,382,123,-159,-407,-621,-773,-866,-873,-777,-612,-385,-132,143,403,620,786,873,864,773,609,388,137,-142,-400,-621,-774,-857,-855,-750,-578,-360,-91,186,427,640,780,832,791,679,504,256,2,-245,-462,-628,-720,-736,-688,-553,-373,-159,58,269,450,566,614,602,538,418,251,52,-139,-300,-427,-509,-531,-488,-397,-268,-105,66,219,352,442,459,422,325,174,14,-139,-262,-327,-330,-273,-166,413,392,510,-224,-121,216,198,128,23,-88,-188,-269,-305,-291,-243,-152,-46,61,167,256,315,337,305,242,166,51,-50,-159,-255,-322,-366,-354,-307,-227,-122,0,132,250,339,380,390,355,283,182,53,-80,-197,-299,-373,-384,-356,-289,-202,-83,28,128,230,299,329,319,283,218,135,34,-65,-135,-192,-235,-257,-245,-204,-152,-93,-41,16,86,131,140,157,163,140,113,72,27,-10,-41,-63,-80,-79,-77,-70,-58,-58,-43,-34,-34,-26,-24,-16,11,35,41,60,83,94,106,99,84,60,19,-23,-57,-107,-142,-162,-167,-148,-106,-56,-11,50,109,132,148,150,142,116,68,7,-46,-449,-116,-127,-114,-98,-80,-31,7,40,61,63,59,54,39,9,-9,-26,-35,-37,-24,-11,30,64,80,104,101,86,51,13,-35,-84,-136,-171,-183,-187,-159,-113,-41,22,101,172,213,253,265,244,207,139,55,-46,-132,-206,-282,-317,-321,-309,-255,-164,-65,40,170,264,319,372,379,360,294,195,86,-38,-159,-284,-361,-392,-413,-395,-324,-222,-101,31,156,276,348,423,428,402,350,248,123,1,-126,-224,-318,-389,-413,-401,-356,-287,-190,-73,52,168,263,341,397,415,391,332,251,142,14,-107,-225,-316,-390,-434,-431,-385,-312,-198,-71,65,201,311,406,452,454,-488,-427,-82,-236,-269,-433,-361,-254,-132,21,164,281,378,436,470,446,375,273,141,1,-137,-257,-354,-413,-443,-414,-340,-257,-144,-28,92,206,281,338,365,355,316,248,157,60,-27,-112,-200,-256,-284,-285,-269,-246,-193,-117,-54,16,81,146,190,217,226,219,206,178,130,83,28,-33,-71,-92,-140,-177,-197,-208,-209,-196,-165,-138,-83,-23,46,122,201,254,296,328,331,303,249,148,22,-100,-233,-341,-410,-467,-476,-437,-337,-210,-71,87,242,380,485,539,542,503,414,280,120,-60,-222,-371,-506,-580,-618,-594,-508,-379,-200,-9,179,384,553,648,698,681,597,451,263,38,-191,-412,-49,-707,-767,-757,-668,-491,-289,-62,195,436,614,750,807,780,686,516,292,51,-205,-447,-644,-774,-830,-810,-720,-550,-320,-82,178,433,631,766,836,837,748,583,363,105,-152,-416,-634,-788,-876,-859,-760,-601,-383,-138,145,408,628,785,868,872,778,618,393,125,-150,-404,-623,-778,-862,-858,-761,-599,-380,-128,157,425,634,787,865,833,731,557,319,48,-217,-444,-640,-762,-785,-732,-605,-423,-204,19,246,452,591,664,671,611,486,301,96,-99,-278,-433,-541,-583,-552,-470,-346,-184,1,174,320,433,489,487,429,324,167,-5,-160,-301,-390,-411,-372,-272,-132,14,143,223,-68,-128,-82,483,513,-42,-133,-217,-263,-263,-224,-144,-24,93,198,279,314,310,269,193,99,-11,-130,-216,-298,-340,-334,-307,-237,-150,-37,91,203,301,368,394,372,306,199,81,-47,-178,-279,-354,-402,-394,-342,-255,-136,-7,117,221,301,346,343,321,264,173,69,-33,-132,-210,-268,-299,-279,-236,-184,-119,-43,40,108,159,189,204,201,183,122,66,27,-28,-61,-96,-121,-125,-122,-106,-84,-58,-35,-13,9,19,27,40,39,51,56,48,62,66,53,49,51,36,16,-12,-47,-70,-105,-134,-128,-127,-101,-52,-9,42,86,125,148,165,167,129,85,44,-17,-64,-114,-147,-156,-144,26,-72,-29,12,38,73,98,99,89,73,32,-3,-28,-47,-40,-31,-24,0,25,49,64,67,46,35,6,-35,-80,-111,-132,-146,-134,-101,-44,12,77,137,191,223,226,217,173,108,46,-45,-121,-193,-256,-297,-302,-269,-231,-157,-51,45,154,251,323,356,370,338,246,166,69,-40,-149,-260,-340,-388,-393,-362,-294,-182,-78,33,164,285,360,421,433,417,339,238,122,-23,-138,-249,-349,-399,-419,-405,-354,-281,-164,-32,93,209,299,373,406,404,367,307,222,113,-13,-138,-248,-335,-406,-424,-411,-359,-271,-168,-42,87,205,313,397,435,439,392,325,216,79,-58,237,343
62227,mtk,MTK 7916,2153931231,rx0-tx1,512,-686,265,257,646,670,648,547,402,232,34,-175,-373,-535,-650,-715,-722,-673,-557,-392,-203,22,244,462,628,753,823,821,744,605,410,154,-125,-377,-630,-832,-969,-1021,-968,-837,-617,-329,-4,354,686,961,1153,1231,1205,1058,794,459,70,-348,-743,-1063,-1294,-1402,-1381,-1217,-927,-544,-108,340,756,1111,1355,1480,1457,1289,1013,621,169,-276,-725,-1098,-1364,-1502,-1494,-1344,-1072,-702,-262,201,656,1027,1308,1465,1480,1361,1118,763,349,-105,-535,-897,-1210,-1391,-1432,-1349,-1153,-857,-476,-55,369,763,1061,1275,1371,1345,1200,940,597,208,-210,-610,-939,-1195,-1337,-1352,-1250,-1024,-701,-324,88,478,841,1126,1278,98,1273,1080,795,448,44,-366,-732,-1032,-1247,-1327,-1293,-1136,-880,-540,-161,238,628,951,1180,1320,1328,1210,986,679,289,-136,-521,-870,-1155,-1321,-1372,-1302,-1103,-806,-415,0,432,826,1127,1350,1446,1398,1225,925,527,70,-380,-809,-1176,-1442,-1553,-1512,-1331,-993,-564,-90,420,877,1255,1509,1610,1546,1315,944,495,-21,-516,-965,-1330,-1529,-1577,-1471,-1188,-796,-325,182,653,1036,1317,1451,1416,1239,940,542,94,-334,-724,-1013,-1195,-1244,-1154,-947,-647,-285,87,427,717,897,993,997,877,675,404,104,-190,-458,-656,-787,-826,-767,-616,-405,-148,113,361,566,682,694,601,422,186,-67,-285,-428,-462,247,250,0,382,164,210,183,97,-24,-149,-264,-339,-360,-313,-217,-97,66,216,333,415,444,417,336,200,43,-132,-277,-397,-480,-507,-478,-389,-256,-87,95,268,419,533,594,580,502,375,183,-23,-239,-418,-564,-655,-670,-599,-476,-306,-94,121,342,516,641,705,697,608,456,255,29,-208,-437,-603,-720,-781,-743,-622,-460,-231,29,287,505,682,792,809,757,605,398,144,-119,-363,-585,-742,-818,-821,-722,-538,-313,-54,213,451,644,763,806,764,638,450,223,-36,-275,-474,-636,-719,-717,-652,-526,-336,-127,84,285,447,565,624,626,554,424,277,107,-79,-240,-387,-489,-523,-526,-476,-377,-263,-282,15,169,302,386,431,457,425,378,287,163,62,-70,-193,-292,-375,-414,-406,-372,-309,-214,-121,-22,89,190,274,325,385,395,358,316,248,153,51,-60,-179,-293,-395,-455,-481,-463,-415,-332,-192,-38,139,305,454,576,631,617,559,433,260,63,-156,-359,-540,-666,-731,-724,-634,-488,-295,-60,175,401,595,722,770,756,665,505,310,73,-166,-388,-564,-694,-760,-752,-662,-512,-325,-115,119,342,524,657,720,715,650,522,344,154,-57,-256,-426,-574,-654,-661,-621,-536,-406,-235,-48,141,313,459,564,626,632,583,487,338,171,-20,-212,-371,-503,-601,-638,-624,-563,-443,-290,258,437,9,-75,-124,180,-21,-225,-413,-552,-653,-704,-689,-609,-481,-304,-109,104,308,488,627,716,757,734,649,498,303,65,-186,-420,-628,-797,-905,-914,-852,-720,-502,-237,67,367,644,886,1050,1125,1095,947,711,398,34,-345,-710,-1008,-1217,-1320,-1299,-1136,-864,-505,-90,348,756,1102,1343,1447,1415,1246,959,584,151,-318,-740,-1110,-1377,-1486,-1472,-1336,-1049,-671,-227,248,691,1064,1342,1489,1502,1367,1094,735,305,-152,-588,-970,-1260,-1418,-1450,-1336,-1131,-811,-404,22,439,812,1121,1318,1389,1350,1169,889,531,117,-293,-677,-1001,-1232,-1356,-1363,-1233,-992,-662,-265,143,545,894,1156,1307,1338,1251,1062,743,360,-999,-434,-798,-1068,-1262,-1340,-1294,-1119,-853,-494,-98,301,677,993,1216,1319,1308,1174,923,606,226,-186,-567,-898,-1159,-1333,-1350,-1259,-1060,-754,-371,49,469,852,1151,1336,1395,1351,1160,873,499,52,-393,-806,-1148,-1395,-1495,-1452,-1281,-981,-574,-93,389,851,1229,1463,1579,1533,1325,993,556,54,-456,-923,-1295,-1526,-1615,-1511,-1275,-893,-416,86,586,1022,1325,1502,1517,1366,1082,698,222,-259,-687,-1038,-1272,-1361,-1304,-1102,-791,-416,-5,390,721,971,1104,1106,1011,796,515,206,-133,-437,-679,-832,-896,-861,-732,-539,-284,-11,261,492,656,745,739,649,467,215,-53,-302,-491,-590,-583,-473,-284,-65,47,7,0,275,432,-74,-172,-258,-290,-274,-199,-85,60,201,310,382,403,352,256,131,-24,-175,-321,-422,-477,-468,-401,-291,-144,30,201,353,469,541,544,491,384,233,45,-161,-339,-500,-601,-636,-599,-495,-340,-138,84,299,470,617,685,687,611,465,281,61,-173,-392,-569,-693,-743,-733,-624,-453,-247,-8,245,459,637,760,796,740,613,432,189,-73,-329,-556,-717,-800,-799,-732,-587,-369,-116,150,412,617,754,822,790,681,496,263,4,-263,-486,-652,-748,-763,-695,-573,-388,-159,73,288,478,616,676,676,601,471,305,109,-90,-280,-427,-521,-584,-573,-502,-407,-256,-103,47,211,335,423,288,495,452,368,254,146,11,-130,-244,-349,-395,-422,-428,-374,-297,-199,-77,37,140,244,322,359,389,372,332,248,175,88,-30,-129,-216,-313,-372,-407,-412,-387,-331,-239,-123,5,149,288,421,517,559,557,496,396,239,45,-155,-345,-516,-633,-699,-694,-620,-487,-289,-61,179,396,561,689,747,737,659,500,293,61,-173,-396,-569,-695,-757,-753,-669,-516,-322,-91,145,368,552,676,743,735,653,509,325,119,-103,-307,-492,-616,-684,-694,-630,-532,-379,-180,18,203,369,507,606,648,630,558,443,287,114,-76,-255,-418,-539,-615,-640,-596,-504,-388,-227,-41,137,327,472,583,-412,-218
62228,mtk,MTK 7916,2153931231,rx1-tx0,512,0,76,54,463,359,235,101,-51,-180,-284,-356,-403,-412,-367,-292,-202,-86,36,132,218,281,324,319,282,225,141,53,-38,-135,-192,-241,-254,-255,-219,-148,-52,32,108,170,218,216,184,125,52,-13,-97,-165,-192,-203,-184,-143,-63,22,104,167,210,226,209,178,112,42,-57,-141,-212,-250,-275,-276,-227,-168,-99,-4,95,166,250,319,334,325,287,219,142,22,-96,-198,-301,-364,-400,-412,-383,-309,-201,-59,75,216,343,421,488,521,477,396,292,141,-29,-217,-377,-511,-598,-630,-611,-526,-387,-189,19,240,445,598,723,761,727,614,427,193,-62,-317,-537,-727,-829,-839,-778,794,-415,-150,122,397,630,800,891,888,797,628,380,102,-188,-480,-703,-856,-925,-900,-768,-560,-313,-25,264,530,749,868,904,861,717,511,245,-42,-329,-578,-740,-849,-864,-787,-632,-425,-177,90,345,548,693,779,788,709,558,374,130,-119,-334,-528,-642,-697,-693,-617,-477,-283,-76,144,346,489,572,610,579,505,370,188,12,-146,-301,-412,-477,-477,-427,-363,-243,-115,9,129,224,295,348,351,329,274,189,111,16,-71,-149,-217,-255,-269,-274,-240,-177,-106,-32,35,103,169,223,236,242,216,161,103,21,-76,-149,-206,-245,-247,-221,-150,-62,30,125,180,200,183,126,46,80,0,-5,-145,-100,-250,-376,-430,-403,-301,-132,68,257,418,533,559,502,374,198,1,-198,-371,-498,-586,-592,-535,-426,-252,-62,132,320,478,603,654,643,564,425,231,3,-233,-437,-592,-706,-748,-716,-605,-414,-197,49,288,521,713,792,811,742,603,411,169,-101,-359,-591,-753,-831,-843,-765,-604,-397,-146,127,399,605,753,839,830,747,583,392,140,-137,-362,-559,-702,-765,-766,-712,-592,-391,-181,40,264,450,602,685,713,691,603,463,288,72,-137,-337,-520,-647,-716,-709,-653,-536,-361,-161,55,286,470,624,712,720,678,590,430,237,11,-206,-386,-543,-655,-711,-698,-618,-496,-319,381,120,315,485,604,673,681,630,531,384,192,5,-192,-387,-531,-621,-672,-677,-620,-505,-355,-170,22,214,407,566,685,749,743,666,538,355,143,-94,-342,-565,-718,-814,-850,-804,-678,-485,-245,23,294,538,737,879,935,904,779,588,352,70,-238,-508,-732,-887,-953,-957,-860,-664,-416,-141,146,430,680,862,950,961,865,696,474,207,-87,-370,-613,-803,-909,-937,-862,-711,-494,-240,40,306,534,707,825,847,791,661,482,274,38,-216,-434,-594,-697,-751,-738,-642,-492,-302,-83,134,333,507,628,690,678,609,499,329,127,-78,-270,-434,-549,-604,-608,-550,-431,-274,-104,89,302,260,0,34,64,-202,-330,-403,-445,-447,-398,-324,-227,-102,35,163,252,321,370,363,325,256,172,71,-41,-136,-213,-268,-287,-291,-247,-186,-110,-24,54,145,207,230,220,193,145,69,-21,-93,-165,-193,-199,-188,-116,-56,18,100,169,223,220,186,131,66,-14,-84,-169,-225,-268,-271,-231,-162,-85,-13,85,169,235,285,317,292,255,205,117,14,-82,-186,-271,-348,-389,-369,-337,-268,-164,-50,70,199,309,404,461,463,444,358,249,123,-43,-213,-340,-463,-539,-572,-540,-449,-329,-156,31,220,399,558,662,700,682,574,415,210,-42,-283,-501,-678,-785,-818,-768,-638,-439,-171,91,356,572,785,863,869,798,633,411,128,-161,-436,-671,-833,-904,-903,-796,-597,-349,-58,237,512,721,858,918,872,747,538,274,-3,-293,-549,-747,-860,-890,-834,-673,-465,-211,68,332,552,710,807,823,750,591,397,165,-95,-340,-534,-674,-759,-741,-665,-519,-313,-104,121,343,520,627,671,656,568,417,246,50,-141,-318,-462,-544,-557,-521,-438,-300,-149,11,137,270,365,411,421,384,313,220,118,5,-92,-186,-242,-283,-305,-295,-257,-193,-111,-37,48,133,194,230,246,243,219,179,112,38,-29,-117,-180,-225,-255,-236,-192,-135,-54,37,128,199,228,233,194,118,33,-58,-112,-57,-29,0,277,222,-324,-279,-153,25,210,377,489,514,456,332,147,-65,-266,-427,-539,-582,-550,-454,-302,-116,92,279,442,560,618,610,537,414,234,33,-176,-388,-550,-667,-717,-677,-573,-412,-208,28,273,501,669,757,787,732,627,416,162,-81,-341,-557,-729,-825,-838,-758,-611,-384,-130,121,388,601,760,842,848,753,586,383,121,-135,-387,-584,-719,-825,-807,-718,-587,-380,-142,90,313,510,645,717,741,700,581,409,201,-2,-212,-406,-563,-677,-727,-700,-641,-507,-329,-117,99,301,489,633,714,735,681,560,400,181,-39,-238,-422,-578,-687,-734,-697,-602,-457,-273,-65,143,342,513,649,-1037,685,625,506,347,152,-57,-254,-432,-570,-652,-674,-659,-577,-437,-272,-93,110,298,461,591,676,701,680,596,458,276,62,-162,-369,-553,-696,-789,-811,-745,-611,-405,-185,55,315,547,732,860,904,865,745,550,306,22,-267,-525,-732,-878,-951,-937,-824,-640,-387,-108,186,477,723,875,955,953,869,698,456,173,-123,-416,-649,-825,-937,-950,-875,-712,-486,-222,63,345,588,768,875,903,835,695,499,263,-5,-257,-488,-653,-756,-796,-770,-653,-489,-288,-64,169,382,556,667,716,699,625,492,309,101,-112,-300,-470,-590,-644,-643,-587,-471,-305,-118,74,262,418,516,566,557,-4,142
62229,mtk,MTK 7916,2153931231,rx1-tx1,512,0,0,0,613,784,777,594,276,-111,-477,-742,-843,-755,-484,-95,303,629,831,852,682,361,-45,-451,-747,-871,-803,-567,-203,204,562,790,842,709,428,52,-325,-626,-788,-770,-575,-256,110,440,667,729,638,405,87,-249,-517,-652,-642,-491,-235,81,357,552,611,539,342,80,-190,-410,-539,-539,-410,-198,42,258,408,471,422,283,89,-105,-255,-343,-341,-260,-142,-11,106,186,195,156,80,-15,-87,-114,-101,-47,29,90,131,135,86,-4,-102,-186,-239,-231,-156,-36,112,259,338,334,270,138,-45,-226,-362,-422,-388,-273,-75,160,355,475,511,426,239,-10,-266,-474,-581,-569,-438,0,99,368,576,654,584,402,132,-182,-451,-627,-676,-584,-364,-66,253,506,660,688,567,312,-6,-309,-528,-641,-633,-484,-222,79,356,549,615,547,365,112,-162,-400,-546,-564,-457,-259,-7,253,446,532,507,368,155,-94,-318,-471,-516,-445,-278,-56,173,359,468,486,383,201,-10,-213,-361,-426,-407,-307,-137,58,230,335,375,335,227,80,-80,-203,-273,-289,-247,-154,-31,83,168,204,188,133,62,-22,-105,-144,-137,-114,-65,10,76,125,130,98,45,-14,-81,-132,-143,-128,-79,-10,53,106,155,167,137,86,20,-53,-112,-148,-168,-167,-136,-84,-26,25,73,105,114,0,0,0,0,0,34,44,43,32,27,20,15,13,12,-4,-17,-34,-44,-57,-75,-91,-83,-53,-17,29,82,136,171,171,131,76,7,-76,-158,-214,-243,-220,-150,-53,56,179,264,297,284,224,110,-21,-143,-246,-299,-296,-232,-125,3,131,231,283,270,207,112,9,-100,-178,-204,-191,-135,-60,16,72,106,108,79,30,-22,-52,-51,-24,16,64,107,137,106,38,-64,-166,-240,-269,-238,-157,-22,142,300,413,440,370,221,10,-222,-434,-563,-577,-468,-253,18,295,538,660,657,524,269,-61,-380,-629,-754,-732,-554,-248,118,463,713,817,752,527,190,-192,-532,-756,-821,-720,-462,0,280,601,787,802,644,352,-7,-378,-671,-794,-739,-543,-228,152,500,720,764,645,394,52,-309,-590,-735,-722,-544,-244,105,432,663,734,636,401,79,-255,-518,-663,-669,-517,-241,76,354,561,633,548,340,67,-206,-430,-548,-530,-381,-145,121,338,453,452,330,134,-94,-299,-422,-431,-322,-119,109,322,468,478,356,156,-99,-349,-527,-583,-500,-287,-3,311,565,689,655,475,172,-181,-500,-720,-778,-657,-384,-28,344,652,807,779,583,259,-128,-489,-743,-825,-719,-450,-79,303,616,797,801,622,298,-91,-462,-719,-813,-721,-474,-111,275,591,772,783,605,288,-91,-440,-686,0,0,0,0,0,-517,-175,215,561,782,823,674,370,-18,-401,-703,-849,-804,-582,-225,190,559,808,880,753,459,66,-332,-660,-847,-849,-657,-329,69,452,726,828,754,515,162,-212,-533,-727,-754,-610,-342,0,333,582,690,642,445,149,-169,-443,-607,-630,-519,-295,1,287,500,589,550,392,154,-113,-343,-480,-511,-439,-267,-39,173,331,406,388,278,128,-28,-170,-254,-264,-217,-119,-7,87,141,142,90,24,-48,-102,-110,-68,-7,69,146,194,179,113,-7,-136,-234,-293,-299,-220,-77,87,246,359,393,338,211,13,-203,-375,-467,-458,-353,-162,82,312,479,551,503,336,92,-178,-420,0,-614,-513,-296,-20,274,514,648,641,497,248,-60,-365,-592,-697,-649,-460,-177,142,418,605,677,609,397,101,-210,-457,-608,-642,-538,-319,-36,249,468,580,558,419,191,-78,-331,-498,-549,-487,-309,-68,175,374,498,517,414,221,-22,-259,-432,-496,-458,-339,-140,96,287,416,467,413,257,66,-126,-287,-388,-408,-344,-201,-26,139,262,323,321,245,119,-19,-134,-215,-252,-228,-147,-49,40,115,159,156,123,62,-11,-78,-125,-143,-109,-49,17,79,124,140,110,48,-23,-75,-118,-148,-149,-116,-52,24,95,146,165,163,138,89,19,-54,-116,-149,-160,-151,-130,-90,-35,0,0,0,0,0,-11,11,20,23,28,35,37,38,49,52,51,46,39,28,9,-22,-57,-90,-122,-137,-119,-75,-18,46,113,169,208,204,158,77,-19,-122,-215,-269,-277,-235,-142,-26,105,225,285,295,270,192,59,-82,-198,-278,-293,-252,-163,-51,66,162,225,239,210,144,50,-50,-124,-160,-152,-120,-57,12,54,72,49,12,-29,-59,-69,-58,-23,50,122,180,201,176,93,-31,-170,-294,-367,-349,-250,-96,87,275,426,504,481,342,125,-125,-375,-558,-634,-569,-382,-104,195,465,670,735,648,412,91,-260,-557,-745,-786,-664,-401,-44,339,639,794,792,627,324,-50,-418,-697,0,-775,-576,-245,150,506,736,812,713,452,96,-267,-571,-757,-765,-600,-316,48,407,668,774,701,478,149,-212,-532,-715,-729,-596,-335,7,344,589,696,647,464,171,-155,-438,-621,-654,-535,-303,-13,278,499,596,537,367,123,-146,-370,-493,-486,-362,-145,101,302,420,428,322,135,-87,-293,-422,-436,-336,-140,112,345,496,523,421,203,-75,-354,-556,-637,-568,-376,-79,253,542,708,718,562,269,-89,-430,-685,-800,-727,-489,-132,251,578,778,816,670,366,-22,-401,-692,-830,-783,-553,-199,194,548,772,808,668,385,15,-361,-656,-798,-754,-540,-194,183,516,735,791,664,379,0,0
62230,mtk,MTK 7916,2153931231,rx2-tx0,512,0,0,0,637,91,-477,-945,-1215,-1211,-938,-449,151,714,1114,1279,1149,767,212,-395,-917,-1228,-1256,-991,-507,87,650,1064,1240,1121,732,194,-390,-895,-1187,-1192,-923,-444,128,668,1053,1184,1043,670,141,-421,-881,-1125,-1096,-816,-358,184,663,975,1056,895,515,23,-446,-799,-960,-883,-591,-174,289,656,860,846,617,237,-171,-545,-768,-786,-602,-264,135,493,723,762,607,292,-98,-473,-732,-803,-665,-356,65,472,761,867,749,433,3,-441,-802,-977,-907,-601,-135,372,809,1070,1086,824,360,-190,-727,-1109,-1236,-1070,-658,-78,536,1047,1325,1301,981,428,-243,-868,-1304,-1461,-1279,-798,-129,567,1141,0,1496,1177,586,-160,-868,-1382,-1589,-1445,-979,-289,470,1130,1540,1603,1304,718,-25,-767,-1336,-1609,-1522,-1084,-393,368,1032,1476,1585,1334,784,68,-659,-1237,-1535,-1488,-1091,-452,286,965,1414,1518,1290,782,81,-641,-1206,-1487,-1433,-1058,-439,288,951,1410,1543,1318,796,104,-617,-1223,-1553,-1534,-1178,-564,178,869,1376,1588,1446,975,315,-406,-1039,-1442,-1531,-1290,-792,-126,563,1106,1395,1389,1087,575,-42,-651,-1109,-1299,-1213,-892,-392,182,697,1047,1170,1054,724,253,-251,-682,-959,-1027,-877,-574,-163,263,608,819,865,743,483,149,-199,-487,-667,-720,-646,-461,-208,58,280,436,520,515,433,305,153,0,0,0,0,0,-299,-354,-368,-328,-223,-62,140,335,495,591,589,484,284,23,-262,-514,-676,-718,-627,-407,-100,242,546,751,811,712,459,110,-279,-618,-832,-887,-766,-482,-85,334,691,908,940,780,463,40,-392,-744,-944,-941,-748,-405,21,435,750,904,860,637,273,-137,-499,-747,-831,-729,-474,-118,259,551,714,720,559,280,-61,-373,-585,-654,-583,-380,-97,197,437,565,558,422,190,-78,-311,-457,-493,-404,-225,-9,200,360,420,375,248,54,-139,-274,-335,-316,-208,-39,123,248,294,259,146,-10,-168,-286,-330,-275,-133,51,237,366,422,367,211,-21,-276,-488,-574,-518,-351,-95,200,0,667,708,580,311,-53,-424,-708,-841,-789,-552,-188,226,612,879,949,811,486,44,-419,-801,-1006,-996,-773,-367,126,585,921,1051,953,653,208,-286,-706,-971,-1018,-844,-495,-26,448,798,953,905,656,265,-167,-547,-792,-835,-696,-414,-44,330,589,700,643,438,127,-194,-454,-585,-570,-414,-152,137,381,518,511,374,149,-114,-350,-481,-484,-359,-139,118,340,475,482,362,140,-110,-334,-484,-509,-390,-163,109,365,534,568,453,212,-99,-391,-594,-657,-564,-325,16,361,629,755,701,470,118,-274,-613,-823,-842,-651,-303,129,551,844,951,828,510,64,-411,-808,-1032,-1023,-774,-341,0,0,0,0,0,1020,1207,1119,781,264,-322,-855,-1197,-1260,-1051,-613,-37,557,1021,1260,1210,883,357,-246,-794,-1163,-1254,-1060,-629,-56,531,992,1218,1151,824,319,-262,-784,-1117,-1201,-1008,-563,4,554,974,1169,1089,757,258,-304,-775,-1050,-1084,-862,-444,58,545,891,1015,892,562,101,-371,-731,-902,-858,-605,-202,234,600,811,813,605,264,-140,-510,-737,-770,-600,-271,120,475,714,760,612,309,-82,-466,-740,-830,-700,-378,39,461,777,906,812,508,62,-412,-802,-1015,-993,-713,-245,294,781,1109,1174,959,513,-57,-637,-1078,-1283,-1205,-838,-248,405,968,1319,1381,1136,623,-62,-740,-1246,-1487,-1399,-996,0,383,1028,1455,1567,1323,771,52,-685,-1271,-1584,-1542,-1143,-490,254,962,1462,1627,1431,923,209,-552,-1180,-1547,-1565,-1220,-608,136,848,1367,1576,1428,954,263,-478,-1102,-1467,-1502,-1203,-615,110,800,1311,1524,1380,915,246,-477,-1088,-1464,-1512,-1209,-623,101,808,1329,1545,1420,996,339,-406,-1070,-1492,-1577,-1314,-780,-73,654,1231,1529,1498,1148,558,-147,-808,-1287,-1485,-1364,-967,-364,307,895,1268,1369,1183,757,189,-406,-909,-1202,-1224,-1000,-586,-55,471,865,1074,1060,817,420,-40,-477,-797,-933,-886,-675,-347,41,400,668,789,749,576,317,15,-273,-495,-618,-629,-535,-364,-158,44,202,306,363,0,0,0,0,0,118,7,-133,-284,-416,-497,-511,-436,-281,-70,176,412,588,671,631,472,213,-92,-386,-624,-755,-738,-564,-274,79,430,701,841,813,613,289,-98,-485,-788,-928,-873,-642,-279,146,554,858,978,890,626,230,-210,-592,-856,-944,-824,-527,-133,280,625,828,857,696,389,10,-365,-647,-774,-722,-514,-200,144,453,645,690,566,316,13,-286,-511,-616,-569,-399,-146,139,386,521,534,421,219,-23,-254,-417,-463,-399,-242,-43,152,305,370,338,220,56,-116,-245,-314,-284,-177,-29,129,257,307,264,138,-31,-201,-323,-369,-309,-160,49,261,419,486,439,266,10,-268,-493,-610,-600,0,-197,148,471,699,774,675,411,52,-338,-678,-878,-872,-675,-328,104,525,848,994,919,637,205,-272,-700,-981,-1047,-880,-524,-50,439,817,1021,1005,758,349,-130,-577,-892,-1001,-898,-593,-157,303,674,884,893,704,354,-59,-428,-680,-772,-677,-427,-94,247,519,636,603,417,142,-148,-395,-546,-544,-395,-154,120,357,494,496,362,136,-121,-342,-471,-472,-348,-133,124,345,479,490,369,140,-128,-369,-518,-531,-410,-182,108,385,572,626,513,261,-62,-375,-616,-713,-636,-387,-41,325,628,792,771,563,203,-215,-596,-843,-893,-732,-399,42,493,842,1001,936,642,192,-312,-759,-1034,0,0
62231,mtk,MTK 7916,2153931231,rx2-tx1,512,0,0,0,-295,-33,218,405,507,500,379,176,-46,-254,-402,-454,-401,-268,-79,113,275,363,347,261,129,-31,-173,-264,-295,-251,-139,-3,108,189,218,202,140,46,-59,-134,-159,-143,-93,-20,40,74,81,47,-13,-70,-115,-116,-70,6,97,188,238,236,158,37,-125,-274,-373,-395,-338,-188,16,225,399,501,497,368,150,-108,-353,-518,-589,-524,-336,-68,218,466,607,620,482,235,-78,-380,-607,-686,-605,-396,-99,249,555,724,732,582,305,-54,-402,-668,-780,-724,-513,-192,192,538,754,803,682,409,48,-316,-621,-791,-774,-579,-275,79,412,652,740,668,453,144,-194,-470,-629,0,-515,-285,8,298,496,557,493,322,88,-156,-351,-448,-435,-310,-91,129,300,399,389,268,72,-144,-336,-433,-409,-280,-56,209,438,551,533,391,131,-192,-505,-715,-766,-635,-342,52,452,782,977,969,737,322,-186,-675,-1042,-1194,-1094,-761,-272,293,840,1225,1340,1188,790,220,-421,-975,-1324,-1406,-1208,-753,-142,502,1047,1382,1432,1193,715,85,-562,-1077,-1365,-1386,-1137,-657,-50,545,1016,1293,1292,1034,586,42,-499,-921,-1134,-1115,-902,-511,-35,425,767,948,939,750,423,30,-350,-633,-786,-767,-602,-336,-21,290,517,633,636,519,313,73,-159,-355,-485,-527,-486,-381,-237,-87,50,0,0,0,0,0,335,346,312,221,92,-63,-231,-376,-465,-485,-425,-292,-111,102,294,431,493,468,347,169,-53,-271,-428,-498,-466,-337,-135,91,301,448,500,450,292,63,-179,-386,-510,-527,-430,-236,9,264,468,572,554,436,205,-83,-347,-531,-612,-565,-400,-155,133,398,580,631,556,377,105,-180,-423,-575,-619,-532,-339,-73,192,418,539,545,452,271,40,-185,-349,-434,-426,-327,-165,16,179,288,317,273,168,33,-90,-189,-234,-206,-128,-25,89,175,211,188,119,18,-89,-188,-231,-229,-175,-67,56,167,242,260,227,151,32,-114,-218,-270,-278,-212,-110,6,118,214,270,270,210,0,-29,-129,-206,-251,-239,-197,-115,-12,83,161,217,224,183,135,69,-17,-85,-138,-177,-190,-182,-147,-94,-31,37,110,177,225,233,200,135,36,-76,-176,-253,-295,-275,-191,-80,59,202,306,351,325,236,82,-97,-260,-367,-408,-365,-235,-55,137,301,407,420,358,214,6,-201,-362,-452,-433,-316,-131,90,285,403,445,389,237,28,-188,-363,-451,-434,-314,-120,106,312,440,452,366,207,-13,-243,-425,-510,-477,-321,-98,151,375,523,544,446,247,-16,-286,-494,-584,-549,-396,-149,132,390,569,610,516,317,51,-248,-488,-614,-606,-470,-234,49,331,538,619,562,390,139,0,0,0,0,0,-465,-545,-493,-341,-122,130,343,465,485,406,240,26,-185,-340,-402,-384,-272,-96,85,220,297,312,258,136,-10,-142,-233,-263,-220,-135,-22,90,167,206,194,120,35,-41,-94,-118,-97,-42,29,79,90,65,9,-66,-135,-163,-151,-94,8,122,226,304,314,248,115,-68,-254,-396,-453,-417,-278,-66,176,388,529,552,452,240,-25,-286,-507,-622,-586,-415,-153,158,430,612,661,561,321,-5,-334,-571,-701,-679,-497,-194,157,481,710,776,663,405,56,-320,-623,-786,-788,-611,-288,85,424,689,801,733,508,175,-207,-531,-728,-769,-646,-389,-54,297,573,699,661,492,218,0,-381,-576,-617,-516,-311,-50,216,416,506,478,326,95,-133,-326,-433,-417,-290,-93,122,294,387,387,259,56,-179,-371,-483,-458,-307,-58,214,456,617,639,492,213,-143,-503,-779,-891,-800,-523,-110,363,776,1038,1102,928,543,26,-511,-973,-1236,-1255,-1009,-539,59,647,1120,1373,1332,1025,503,-136,-760,-1219,-1432,-1358,-1001,-422,224,825,1263,1445,1334,953,374,-263,-834,-1236,-1386,-1254,-884,-348,235,763,1131,1248,1108,772,308,-208,-677,-977,-1058,-938,-661,-251,183,557,805,881,779,523,182,-167,-463,-653,-714,-637,-442,-175,107,352,528,600,566,444,266,61,-125,-274,-369,-398,-371,0,0,0,0,0,-15,103,224,337,422,447,403,298,138,-60,-253,-403,-482,-487,-410,-248,-38,171,348,474,510,431,259,47,-175,-370,-486,-490,-400,-221,8,239,422,527,499,365,144,-104,-337,-501,-570,-514,-343,-93,177,412,564,603,514,305,25,-252,-476,-613,-618,-495,-277,7,291,508,620,598,456,226,-46,-315,-509,-595,-565,-412,-181,71,280,437,501,460,315,112,-87,-264,-369,-374,-306,-189,-30,116,210,259,242,161,32,-88,-175,-215,-203,-127,-21,96,175,219,209,141,36,-74,-172,-244,-257,-204,-112,16,144,237,274,248,171,58,-54,-163,-252,-274,-228,-158,-49,73,187,0,283,232,151,52,-59,-153,-203,-225,-214,-174,-90,0,82,145,191,200,186,136,71,5,-56,-132,-193,-203,-189,-166,-118,-36,54,143,226,263,258,214,121,0,-126,-237,-301,-309,-267,-163,-17,159,308,369,367,303,176,-1,-192,-353,-422,-405,-317,-161,51,261,401,444,398,271,79,-133,-318,-431,-442,-353,-185,15,223,391,456,401,270,79,-141,-329,-443,-455,-370,-168,75,287,418,480,432,272,37,-205,-407,-525,-516,-393,-174,91,336,506,574,508,326,63,-223,-459,-586,-597,-479,-242,47,325,536,630,575,399,141,-149,-412,-570,-610,-531,-327,-49,231,454,568,0,0
62232,mtk,MTK 7916,2153970100,rx0-tx0,512,-330,335,301,327,408,448,453,408,329,227,100,-34,-165,-273,-359,-419,-441,-423,-366,-273,-157,-49,83,203,301,358,386,389,354,287,208,103,-16,-121,-203,-262,-299,-310,-307,-266,-217,-152,-79,-4,80,144,190,218,236,237,230,204,157,107,47,-4,-54,-116,-153,-167,-185,-188,-190,-176,-147,-125,-88,-56,-18,30,83,131,178,220,248,264,267,234,184,112,30,-75,-182,-264,-339,-394,-422,-407,-339,-232,-128,11,151,274,397,473,503,492,446,354,221,80,-68,-234,-365,-480,-562,-581,-550,-485,-365,-219,-48,141,319,459,573,646,649,592,487,343,148,-61,-269,-452,-596,-704,-364,-705,-603,-446,-244,-27,197,414,586,709,770,755,679,531,346,117,-130,-360,-557,-704,-795,-813,-754,-617,-428,-211,38,272,476,661,769,816,785,693,526,313,77,-174,-416,-614,-749,-826,-843,-759,-618,-412,-182,65,323,541,712,821,854,809,684,497,275,23,-231,-469,-661,-791,-844,-820,-726,-555,-351,-97,178,404,601,754,820,794,714,563,355,118,-141,-383,-559,-700,-758,-738,-664,-508,-304,-99,127,331,505,614,653,647,561,425,263,77,-117,-287,-430,-523,-563,-540,-460,-343,-189,-27,139,286,393,459,472,431,338,204,45,-106,-240,-346,-393,-355,-272,-157,-25,84,413,392,510,-224,-121,217,197,140,57,-49,-158,-242,-281,-286,-261,-198,-108,14,113,210,280,310,316,299,242,150,50,-61,-166,-246,-318,-355,-344,-313,-235,-139,-30,98,216,311,374,397,384,313,216,105,-22,-139,-240,-319,-350,-352,-331,-260,-171,-71,39,134,209,271,307,307,278,197,123,44,-32,-86,-143,-189,-218,-216,-199,-164,-116,-55,-9,23,63,107,133,137,132,114,105,72,31,14,-12,-35,-54,-68,-61,-57,-67,-58,-58,-66,-66,-57,-37,-30,-20,6,35,69,97,100,111,119,108,93,58,10,-39,-89,-133,-156,-166,-161,-133,-92,-45,2,55,108,143,156,153,155,-449,57,-5,-48,-75,-94,-103,-98,-88,-61,-20,11,36,49,54,51,38,7,-21,-38,-57,-58,-56,-54,-22,22,46,86,122,143,142,114,64,11,-36,-88,-140,-193,-225,-222,-206,-173,-109,-21,62,135,195,255,291,297,260,211,151,58,-37,-137,-234,-307,-344,-358,-335,-288,-220,-129,-7,101,200,296,346,374,375,337,285,183,50,-61,-170,-275,-354,-407,-413,-391,-338,-246,-133,-11,115,227,311,368,392,398,360,303,205,100,-28,-131,-221,-316,-370,-403,-392,-359,-288,-198,-100,22,132,240,332,393,411,405,361,292,194,70,-48,-166,-282,-372,-424,-443,-427,-373,-488,-427,-82,-236,-269,317,204,75,-63,-196,-306,-392,-439,-445,-417,-349,-253,-141,-11,117,233,337,394,419,418,363,273,165,59,-53,-165,-253,-321,-368,-373,-335,-273,-202,-117,-37,57,139,198,248,270,273,255,217,175,128,62,-8,-67,-127,-169,-196,-210,-207,-207,-182,-139,-97,-58,-10,28,80,118,152,173,177,188,190,181,159,134,93,33,-31,-107,-180,-239,-295,-328,-348,-315,-261,-187,-89,32,170,299,381,432,472,451,404,314,171,24,-125,-270,-393,-484,-523,-534,-500,-412,-303,-145,31,191,345,473,564,614,605,534,416,273,89,-111,-302,-457,-597,-682,-702,-654,-539,-392,-201,-49,238,437,599,706,754,742,655,500,300,69,-167,-394,-579,-713,-796,-791,-717,-583,-397,-175,73,316,535,686,784,816,747,649,476,252,25,-212,-437,-632,-765,-833,-821,-729,-566,-362,-141,120,370,580,738,823,852,792,657,460,225,-27,-286,-511,-684,-800,-843,-817,-713,-537,-317,-63,188,437,627,758,844,824,729,580,362,104,-156,-390,-594,-739,-808,-810,-703,-542,-345,-100,130,343,539,655,714,707,615,470,277,79,-125,-320,-464,-553,-597,-575,-504,-391,-234,-61,121,275,398,479,507,484,404,289,139,-19,-182,-320,-410,-438,-404,-333,-212,-54,97,207,280,295,255,-68,-128,-82,483,513,-5,-117,-198,-254,-272,-241,-161,-56,50,151,239,300,310,287,242,156,64,-35,-134,-236,-297,-331,-332,-295,-235,-153,-32,81,192,290,345,380,379,325,237,124,4,-125,-239,-320,-372,-378,-344,-282,-190,-72,31,146,247,300,341,341,300,233,158,56,-28,-123,-197,-236,-266,-261,-232,-193,-131,-53,10,71,119,160,182,174,161,145,117,63,13,-30,-56,-73,-100,-93,-88,-86,-77,-69,-48,-18,-12,0,9,6,8,20,39,58,71,89,95,93,83,49,21,-4,-40,-66,-102,-142,-160,-152,-129,-89,-49,-2,51,108,150,162,166,154,123,77,19,-21,-58,26,-130,-130,-110,-92,-69,-31,2,36,60,70,67,58,37,16,-8,-35,-50,-45,-34,-16,11,30,59,95,101,85,66,27,-17,-62,-109,-150,-171,-179,-164,-138,-90,-20,57,119,181,232,253,250,221,184,123,41,-54,-139,-208,-275,-317,-324,-302,-252,-171,-87,12,125,222,298,353,373,353,318,245,144,42,-79,-187,-289,-369,-399,-395,-371,-309,-215,-95,27,140,252,334,393,415,406,351,271,170,60,-60,-177,-273,-347,-389,-400,-371,-330,-246,-143,-35,74,179,277,343,389,397,376,330,252,148,36,-81,-197,-299,-384,-424,-429,-406,-344,-235,-113,16,135,249,237,343
62233,mtk,MTK 7916,2153970100,rx0-tx1,512,-686,265,257,-668,-616,-508,-345,-172,17,220,399,536,649,699,707,660,545,400,224,15,-210,-408,-582,-724,-801,-818,-774,-660,-489,-277,-35,231,487,708,872,975,1002,938,796,560,285,-41,-373,-683,-945,-1124,-1208,-1195,-1078,-845,-511,-146,236,620,957,1215,1361,1387,1289,1079,752,349,-69,-496,-876,-1182,-1380,-1458,-1409,-1235,-945,-571,-154,277,699,1062,1320,1463,1478,1362,1123,791,380,-64,-493,-873,-1186,-1380,-1439,-1391,-1218,-947,-594,-206,204,607,949,1203,1353,1381,1297,1108,827,479,85,-311,-679,-991,-1216,-1342,-1346,-1235,-1018,-706,-350,34,420,765,1045,1242,1327,1288,1139,904,590,209,-184,-558,98,-1118,-1269,-1306,-1232,-1051,-778,-448,-85,291,655,961,1175,1276,1287,1190,980,702,350,-41,-419,-762,-1044,-1233,-1315,-1280,-1148,-905,-579,-208,180,537,874,1147,1324,1385,1303,1110,830,466,56,-337,-734,-1071,-1309,-1445,-1434,-1298,-1048,-696,-273,182,629,1009,1322,1502,1544,1441,1184,834,396,-92,-559,-972,-1297,-1490,-1553,-1486,-1245,-875,-445,39,514,921,1248,1446,1490,1383,1157,796,369,-72,-492,-858,-1130,-1279,-1309,-1192,-953,-649,-273,107,462,749,959,1065,1055,943,741,483,185,-131,-401,-630,-785,-852,-837,-733,-556,-336,-90,171,409,582,691,714,647,506,293,39,-204,-402,-525,-537,-455,-307,247,250,0,382,164,199,182,108,3,-117,-229,-316,-350,-335,-263,-144,-6,142,267,367,422,428,377,296,165,2,-157,-309,-411,-473,-497,-467,-385,-263,-106,72,248,406,509,569,590,530,418,251,53,-138,-330,-492,-606,-663,-646,-562,-426,-247,-39,177,376,543,659,708,698,617,472,282,69,-168,-402,-570,-703,-767,-753,-670,-508,-305,-71,179,408,599,748,811,794,686,530,328,78,-179,-414,-613,-747,-816,-805,-700,-529,-314,-58,185,405,604,728,781,747,644,489,284,57,-171,-383,-554,-653,-705,-672,-577,-454,-275,-79,107,284,435,529,571,580,527,419,290,132,-35,-189,-315,-411,-482,-282,-477,-416,-325,-205,-68,59,188,300,378,424,434,416,365,281,179,69,-48,-162,-262,-336,-378,-391,-386,-345,-284,-202,-109,-5,90,190,294,360,395,423,417,381,314,211,86,-61,-197,-339,-458,-528,-568,-564,-508,-393,-237,-51,140,328,495,626,689,699,654,520,352,144,-88,-305,-508,-655,-749,-783,-724,-604,-433,-231,-3,241,451,614,717,775,763,663,504,325,114,-110,-329,-517,-657,-731,-741,-689,-574,-407,-211,-11,197,381,543,648,688,671,602,484,335,163,-25,-206,-372,-513,-593,-637,-637,-567,-467,-334,-162,21,198,357,490,586,641,633,584,478,331,168,-15,258,437,9,-75,-124,98,291,473,597,663,693,662,570,447,279,90,-104,-308,-478,-611,-703,-758,-742,-654,-533,-351,-133,96,331,538,711,830,897,892,801,638,415,158,-136,-428,-709,-925,-1059,-1117,-1066,-936,-707,-401,-59,296,647,959,1180,1286,1294,1186,958,641,260,-149,-557,-921,-1212,-1375,-1423,-1356,-1157,-853,-470,-44,390,789,1126,1351,1459,1452,1310,1040,677,260,-175,-606,-973,-1257,-1441,-1481,-1395,-1192,-883,-484,-67,352,744,1065,1293,1401,1401,1273,1029,706,326,-73,-462,-814,-1097,-1284,-1359,-1320,-1178,-933,-607,-229,169,540,875,1128,1280,1328,1262,1084,822,481,93,-301,-653,-955,-1185,-1307,-1302,-1193,-999,-686,-331,59,430,767,1037,1214,1291,1266,1128,888,567,207,-174,-544,-850,-1086,-1243,-1297,-1234,-1063,-795,-461,-81,290,649,968,1192,1317,1324,1225,1021,719,354,-56,-464,-821,-1111,-1322,-1405,-1372,-1232,-946,-589,-166,274,682,1043,1324,1482,1505,1376,1132,782,334,-128,-596,-995,-1309,-1513,-1561,-1454,-1227,-879,-443,27,517,963,1283,1482,1542,1438,1198,853,415,-52,-501,-909,-1213,-1384,-1409,-1302,-1066,-726,-327,89,493,813,1045,1173,1177,1065,850,566,226,-112,-422,-679,-855,-957,-944,-832,-650,-405,-137,135,387,585,717,779,755,636,452,226,-26,-263,-466,-610,-651,-596,-452,-245,-12,196,344,47,7,0,275,432,-52,-149,-234,-279,-279,-222,-121,11,144,268,351,393,381,313,209,67,-86,-224,-342,-434,-467,-457,-386,-264,-124,38,193,343,451,523,542,506,407,256,94,-96,-285,-441,-569,-626,-614,-557,-420,-258,-54,166,362,532,647,697,679,589,449,258,41,-173,-387,-558,-670,-730,-728,-637,-484,-293,-58,177,405,583,709,783,772,682,532,325,73,-186,-422,-604,-755,-822,-802,-703,-535,-322,-84,185,421,615,746,805,765,679,518,298,58,-193,-407,-583,-698,-738,-713,-617,-461,-269,-68,149,330,477,595,637,621,550,425,265,102,-61,-243,-375,-484,-552,-550,-501,-409,-308,-176,288,118,245,348,426,462,460,420,341,235,125,7,-111,-231,-322,-386,-410,-408,-378,-317,-233,-124,-26,81,185,273,345,377,384,376,351,290,191,97,-2,-117,-232,-342,-426,-479,-492,-474,-414,-303,-169,-12,158,331,485,599,655,650,586,466,294,90,-114,-334,-518,-644,-730,-737,-683,-566,-390,-189,40,275,476,642,741,782,740,629,467,273,59,-189,-407,-577,-686,-754,-754,-686,-551,-366,-155,61,269,455,596,680,717,688,600,459,273,81,-113,-300,-460,-578,-647,-658,-619,-535,-401,-241,-71,117,291,433,548,621,634,600,522,401,255,77,-106,-281,-440,-555,-626,-658,-412,-218
62234,mtk,MTK 7916,2153970100,rx1-tx0,512,0,76,54,-314,-196,-53,86,212,317,388,416,409,376,291,187,77,-39,-137,-218,-292,-320,-329,-307,-247,-179,-96,2,89,165,223,257,274,248,197,130,53,-36,-110,-177,-211,-214,-200,-137,-71,-4,78,147,183,197,179,131,75,11,-78,-143,-188,-216,-217,-193,-129,-63,5,78,159,219,250,260,242,202,146,81,-5,-95,-168,-222,-285,-318,-318,-289,-223,-150,-50,49,155,249,328,379,396,390,343,255,142,25,-120,-256,-354,-439,-494,-501,-466,-376,-257,-114,43,218,385,501,593,636,622,535,398,217,8,-199,-400,-566,-681,-748,-727,-651,-510,-303,-67,171,413,619,741,794,824,730,561,350,91,-175,-419,-633,-798,-875,-857,-785,-621,-394,-132,150,413,644,801,882,882,787,623,416,160,-125,-393,-618,-786,-858,-860,-787,-611,-400,-162,108,354,557,708,782,797,733,605,430,197,-53,-283,-479,-628,-725,-742,-705,-587,-413,-209,7,220,406,545,632,662,632,530,374,193,-15,-184,-347,-467,-528,-558,-512,-419,-303,-166,-15,135,244,331,388,401,386,339,261,163,58,-35,-124,-204,-260,-290,-292,-259,-212,-150,-82,-13,64,128,184,215,240,234,202,166,114,37,-35,-101,-158,-208,-231,-232,-200,-147,-68,21,103,169,210,215,184,127,39,-28,46,80,0,-5,-145,-73,-226,-354,-418,-416,-332,-178,6,191,361,488,544,526,447,304,128,-53,-238,-397,-512,-575,-582,-522,-413,-256,-67,116,304,458,567,643,645,583,455,276,79,-130,-332,-532,-671,-727,-719,-659,-525,-330,-106,130,371,574,719,791,800,736,594,386,158,-92,-345,-556,-715,-808,-826,-766,-638,-442,-216,24,266,489,649,774,812,767,661,496,294,77,-161,-374,-539,-664,-725,-730,-660,-542,-380,-189,2,203,392,541,639,682,685,621,510,364,174,-28,-228,-414,-551,-647,-701,-688,-622,-503,-321,-128,82,284,459,598,690,716,677,590,443,277,82,-128,-322,-488,-604,-666,381,-639,-542,-402,-227,-37,147,322,482,591,643,651,610,510,389,240,50,-129,-309,-466,-572,-656,-693,-677,-585,-464,-304,-94,109,313,504,641,740,786,756,668,524,320,86,-168,-402,-599,-753,-844,-866,-827,-697,-515,-281,-5,262,503,700,856,932,918,834,661,431,186,-95,-378,-605,-790,-914,-941,-897,-774,-579,-338,-65,210,459,680,825,908,915,825,677,468,208,-64,-319,-540,-713,-819,-856,-809,-696,-540,-316,-76,153,363,556,684,739,754,702,580,409,207,-2,-200,-402,-549,-634,-683,-668,-592,-458,-303,-122,79,268,432,546,605,619,577,466,319,158,-21,-182,-319,302,260,0,34,64,368,437,467,452,401,314,200,77,-44,-160,-270,-333,-370,-371,-334,-286,-201,-97,2,106,192,242,286,291,268,230,157,82,-9,-98,-158,-206,-237,-227,-197,-138,-62,6,86,148,175,190,176,132,74,5,-76,-151,-189,-215,-196,-143,-87,-24,45,122,180,214,232,224,193,134,65,-17,-104,-181,-228,-266,-282,-276,-228,-186,-121,-18,68,164,243,308,351,356,337,280,202,93,-20,-146,-267,-365,-420,-448,-448,-398,-314,-207,-65,88,235,370,466,535,559,542,457,334,180,0,-197,-381,-532,-645,-688,-665,-595,-454,-272,-52,187,391,584,724,785,778,697,522,306,572,-184,-435,-630,-783,-855,-835,-742,-590,-379,-113,151,418,655,807,890,882,793,620,385,126,-146,-410,-624,-782,-874,-877,-782,-629,-401,-144,113,374,593,734,832,847,759,611,398,164,-81,-324,-517,-663,-760,-767,-713,-593,-419,-206,27,251,446,591,675,701,659,546,393,214,19,-185,-365,-500,-583,-604,-565,-484,-334,-178,-8,164,286,390,459,483,444,371,275,162,40,-74,-187,-262,-316,-325,-324,-297,-240,-162,-81,8,96,166,221,250,256,246,215,176,117,47,-45,-112,-155,-207,-228,-226,-207,-167,-109,-31,46,124,183,225,231,201,146,74,-19,-94,-160,-186,-161,-57,-29,0,277,222,-314,-291,-181,-24,157,331,451,489,462,371,222,37,-159,-337,-480,-552,-565,-520,-410,-262,-93,98,276,436,554,601,593,533,418,270,82,-130,-329,-501,-616,-678,-681,-628,-507,-307,-83,126,344,544,683,761,767,697,558,361,131,-107,-353,-565,-713,-794,-819,-758,-614,-415,-181,71,307,525,690,789,813,772,640,466,263,16,-215,-432,-610,-727,-776,-764,-665,-520,-343,-133,86,293,469,608,689,716,690,603,466,283,94,-110,-308,-465,-597,-676,-698,-680,-590,-442,-263,-57,145,331,507,635,697,700,641,532,384,197,-10,-212,-397,-539,-630,-686,-682,-619,-505,-338,-154,-1037,223,395,539,640,674,652,582,465,301,117,-61,-248,-405,-517,-618,-660,-646,-594,-482,-347,-182,13,219,402,541,669,736,725,679,564,405,220,3,-230,-436,-623,-764,-836,-832,-748,-599,-412,-176,65,329,564,736,864,919,881,767,604,380,100,-178,-448,-673,-821,-913,-944,-870,-714,-518,-256,28,297,548,744,871,922,887,788,624,400,152,-133,-395,-615,-781,-876,-889,-821,-689,-502,-268,-16,239,456,638,765,799,777,705,562,362,153,-67,-287,-484,-620,-692,-702,-672,-589,-437,-268,-75,133,324,477,577,646,649,588,469,309,137,-43,-220,-375,-487,-554,-569,-522,-442,-4,142
62235,mtk,MTK 7916,2153970100,rx1-tx1,512,0,0,0,-338,-631,-783,-749,-536,-202,184,535,766,824,688,374,-27,-410,-698,-837,-794,-561,-198,206,566,801,853,699,402,22,-372,-684,-827,-777,-551,-210,165,507,732,774,640,352,5,-327,-590,-719,-657,-453,-148,178,451,607,627,504,261,-44,-332,-534,-605,-526,-338,-79,200,414,524,525,404,185,-60,-275,-421,-460,-400,-259,-65,123,264,333,318,231,103,-27,-129,-186,-189,-142,-58,28,90,115,84,21,-45,-111,-141,-106,-21,74,163,218,225,180,83,-64,-204,-299,-335,-288,-157,19,200,339,411,395,287,96,-137,-338,-458,-494,-421,-235,17,260,453,555,531,385,146,0,-375,-563,-626,-538,-332,-60,232,492,642,649,515,264,-40,-345,-575,-678,-629,-446,-162,146,428,612,653,546,337,55,-238,-482,-604,-591,-438,-198,75,324,496,558,500,324,64,-205,-414,-514,-517,-401,-183,71,293,446,502,444,284,64,-170,-363,-467,-470,-371,-193,28,241,390,439,399,277,105,-82,-266,-382,-399,-326,-202,-43,109,242,322,312,228,109,-26,-133,-203,-228,-203,-127,-24,72,129,157,136,83,20,-51,-104,-120,-122,-90,-11,59,103,126,125,92,32,-38,-99,-137,-151,-130,-82,-11,54,117,164,181,156,103,39,-33,-94,-133,-151,-154,-131,-99,-62,0,0,0,0,0,26,25,14,1,-2,-6,-17,-28,-28,-27,-38,-51,-56,-60,-62,-42,-6,41,87,120,138,142,116,60,-4,-73,-141,-206,-230,-193,-120,-26,83,184,259,279,251,179,64,-72,-180,-256,-293,-275,-200,-78,61,183,257,276,257,173,55,-65,-160,-225,-228,-186,-108,-22,65,126,151,135,85,21,-21,-52,-63,-47,-5,47,78,70,23,-33,-95,-169,-212,-208,-131,-14,115,240,333,357,302,168,-13,-221,-406,-504,-487,-380,-179,75,323,524,622,586,412,158,-140,-438,-649,-714,-638,-424,-103,249,546,725,760,625,346,-9,-367,-659,-811,-790,-587,-247,133,476,716,0,725,468,110,-275,-594,-766,-781,-627,-320,58,413,666,763,685,456,120,-250,-559,-729,-734,-577,-286,83,424,650,734,659,416,84,-258,-536,-688,-686,-522,-234,102,399,597,647,549,325,29,-269,-486,-585,-553,-387,-123,144,364,493,492,360,143,-107,-320,-433,-424,-309,-115,104,296,415,408,283,91,-150,-367,-489,-474,-338,-103,166,411,564,589,472,225,-95,-402,-614,-690,-615,-397,-57,298,585,750,739,550,229,-141,-484,-733,-810,-684,-399,-34,342,641,787,753,551,221,-170,-523,-742,-787,-668,-384,7,384,644,768,722,492,145,-231,-548,-745,-758,-594,-295,77,438,0,0,0,0,0,700,475,117,-274,-588,-780,-799,-617,-289,99,469,737,832,735,462,84,-307,-629,-827,-840,-648,-299,113,489,752,840,747,489,119,-274,-600,-789,-793,-607,-286,87,424,649,737,661,423,88,-252,-520,-664,-653,-488,-210,110,398,580,614,512,298,9,-276,-476,-561,-526,-376,-135,131,349,474,492,414,232,3,-199,-339,-398,-356,-249,-98,72,207,259,248,187,88,-20,-105,-140,-128,-81,-12,55,89,89,42,-32,-109,-163,-183,-137,-44,70,181,260,274,225,107,-40,-194,-317,-370,-335,-218,-30,176,346,449,447,332,136,-81,-297,-470,-533,-468,-301,-57,199,420,555,0,478,248,-43,-325,-546,-648,-596,-422,-162,151,435,617,671,575,356,52,-260,-513,-646,-651,-513,-265,32,325,542,638,582,400,137,-145,-399,-567,-597,-491,-272,-7,250,452,553,517,358,131,-121,-347,-498,-522,-420,-229,3,236,409,483,452,325,123,-107,-301,-432,-468,-405,-242,-32,175,338,431,419,316,156,-30,-198,-306,-342,-314,-219,-78,71,197,265,265,209,115,5,-97,-158,-187,-172,-117,-41,49,116,147,131,82,19,-45,-106,-138,-128,-84,-20,49,105,138,147,119,51,-21,-91,-151,-177,-157,-112,-51,16,87,143,173,177,153,101,41,-18,-68,-96,-104,0,0,0,0,0,29,44,44,40,39,38,39,28,15,14,17,10,-7,-29,-56,-83,-99,-103,-91,-58,-6,48,105,156,175,162,124,54,-40,-141,-219,-258,-252,-195,-91,29,152,238,279,280,236,132,-8,-142,-240,-295,-294,-239,-130,-3,119,213,259,251,196,106,2,-105,-179,-202,-176,-117,-38,38,78,85,81,49,5,-32,-51,-49,-3,55,108,145,132,67,-25,-118,-207,-280,-284,-213,-79,93,255,378,433,397,271,69,-165,-378,-524,-574,-497,-306,-41,250,508,657,667,546,295,-39,-360,-612,-744,-717,-531,-219,144,476,701,785,707,478,136,-250,-578,-772,-804,-657,-352,0,383,661,795,764,558,225,-166,-510,-735,-794,-668,-393,-36,330,615,753,717,521,202,-164,-484,-694,-749,-619,-341,2,334,591,707,667,472,163,-174,-462,-648,-675,-536,-280,29,326,544,636,570,369,85,-205,-436,-556,-527,-371,-138,114,334,463,455,334,139,-95,-303,-417,-417,-299,-95,135,327,441,435,298,75,-172,-385,-523,-532,-399,-149,143,411,598,653,539,286,-33,-363,-624,-739,-678,-469,-147,222,545,742,765,611,321,-49,-414,-691,-802,-718,-479,-135,243,573,767,782,614,301,-85,-446,-700,-789,-699,-447,-84,297,602,752,740,557,236,-152,-485,-707,-768,-638,0,0
62236,mtk,MTK 7916,2153970100,rx2-tx0,512,0,0,0,-993,-587,-29,557,1006,1231,1174,843,312,-287,-821,-1180,-1270,-1066,-600,8,606,1044,1233,1146,795,252,-354,-867,-1174,-1200,-942,-459,134,689,1072,1200,1043,629,68,-503,-956,-1166,-1100,-777,-273,296,782,1082,1110,872,430,-104,-609,-960,-1057,-901,-532,-39,443,792,948,871,571,146,-304,-670,-857,-824,-581,-188,243,592,775,748,534,176,-233,-573,-754,-741,-531,-169,236,578,772,761,544,185,-238,-610,-827,-829,-611,-229,232,648,905,942,745,329,-174,-641,-976,-1084,-918,-518,28,594,1013,1198,1107,750,196,-423,-966,-1289,-1310,-1011,-468,189,809,1274,1442,1267,790,117,-594,-1163,-1473,0,-1093,-461,279,953,1428,1569,1346,810,86,-677,-1276,-1575,-1520,-1118,-455,305,999,1474,1605,1364,816,72,-690,-1281,-1567,-1493,-1082,-415,343,1014,1450,1558,1288,704,-33,-749,-1290,-1528,-1400,-947,-261,479,1105,1474,1496,1147,537,-192,-886,-1376,-1537,-1336,-832,-130,605,1209,1528,1500,1128,493,-263,-952,-1426,-1577,-1378,-854,-144,578,1177,1526,1518,1180,593,-121,-794,-1274,-1473,-1343,-925,-314,356,929,1281,1347,1121,653,65,-520,-977,-1209,-1170,-885,-420,114,605,940,1083,991,671,235,-214,-613,-871,-934,-807,-525,-152,232,553,749,783,668,438,142,-156,-413,-585,-640,-577,-426,-228,-21,155,275,338,0,0,0,0,0,-290,-251,-165,-31,135,306,451,536,542,448,260,15,-247,-485,-642,-676,-586,-382,-95,234,526,713,760,650,400,58,-299,-611,-808,-838,-686,-376,15,410,733,901,886,685,336,-98,-509,-812,-932,-865,-611,-234,196,577,830,902,771,476,65,-332,-639,-812,-792,-593,-277,104,456,676,736,634,385,54,-278,-529,-652,-622,-452,-174,141,412,564,576,451,228,-33,-272,-450,-517,-449,-269,-34,191,357,441,407,274,83,-120,-288,-364,-332,-220,-55,118,260,323,287,173,15,-155,-278,-317,-268,-134,49,229,355,387,302,139,-81,-295,-457,-503,-416,-218,44,317,538,639,597,0,95,-256,-556,-736,-755,-596,-281,111,487,771,899,817,530,116,-335,-725,-959,-975,-770,-384,91,548,898,1040,937,626,178,-321,-744,-994,-1024,-826,-433,54,520,860,999,907,615,191,-270,-670,-891,-896,-699,-351,67,450,712,790,675,410,60,-293,-551,-658,-602,-391,-90,221,458,568,527,354,77,-207,-426,-519,-474,-311,-68,205,408,489,444,285,37,-223,-419,-502,-452,-274,-23,235,437,533,475,278,0,-283,-510,-606,-537,-333,-37,287,545,674,637,431,104,-255,-571,-755,-753,-561,-229,178,554,808,864,718,387,-57,-499,-826,-963,-876,-569,-108,385,793,1029,1034,787,0,0,0,0,0,-652,-1049,-1209,-1094,-720,-177,415,918,1213,1225,959,476,-133,-718,-1122,-1262,-1112,-700,-130,461,952,1218,1181,862,343,-254,-791,-1129,-1202,-992,-538,42,608,1015,1186,1071,704,167,-398,-859,-1118,-1114,-840,-364,191,690,1014,1080,887,486,-15,-507,-863,-1005,-891,-563,-105,356,721,900,844,577,176,-274,-631,-804,-774,-559,-187,236,582,765,748,529,167,-231,-572,-760,-743,-525,-171,230,585,797,782,568,192,-245,-629,-861,-877,-656,-261,223,669,964,1038,846,418,-121,-620,-985,-1140,-1027,-634,-74,526,1003,1248,1208,891,336,-321,-903,-1278,-1373,-1139,-632,40,718,1227,1456,1363,944,291,0,-1075,-1477,-1535,-1222,-632,97,815,1355,1581,1441,970,268,-494,-1149,-1549,-1590,-1256,-639,115,845,1382,1594,1441,950,241,-518,-1159,-1521,-1519,-1171,-554,201,896,1376,1532,1341,829,116,-621,-1203,-1508,-1446,-1041,-400,326,999,1430,1518,1250,686,-49,-758,-1296,-1545,-1414,-961,-296,438,1099,1500,1562,1268,684,-60,-774,-1309,-1566,-1466,-1036,-374,370,1006,1404,1501,1268,760,100,-570,-1107,-1392,-1371,-1042,-495,143,723,1133,1287,1159,784,255,-318,-793,-1077,-1138,-958,-571,-73,413,785,985,975,765,400,-29,-420,-719,-858,-819,-618,-308,49,363,594,706,675,524,305,39,-210,-393,-493,-512,-449,-333,-191,0,0,0,0,0,-120,-243,-349,-420,-435,-376,-240,-45,175,382,541,622,593,446,202,-94,-388,-611,-715,-689,-532,-258,82,421,678,803,758,555,230,-160,-529,-789,-885,-792,-526,-148,271,635,869,921,781,477,59,-369,-712,-904,-909,-719,-371,50,449,738,860,794,544,186,-203,-539,-757,-786,-628,-334,22,358,598,693,629,418,115,-190,-455,-607,-609,-458,-205,95,354,523,554,454,256,17,-221,-409,-487,-443,-289,-65,162,337,423,387,244,59,-119,-269,-343,-311,-198,-40,130,262,311,273,151,-11,-177,-301,-343,-290,-135,67,260,397,438,352,173,-66,-306,-494,-562,-488,-290,-14,301,0,708,681,484,164,-201,-545,-778,-842,-713,-415,-2,428,765,928,887,649,246,-225,-651,-943,-1032,-871,-514,-44,445,834,1026,992,735,306,-187,-639,-944,-1035,-882,-538,-73,399,777,965,924,677,284,-167,-557,-810,-868,-711,-390,-8,357,621,727,644,405,80,-248,-511,-630,-576,-372,-93,201,434,543,510,334,66,-203,-410,-502,-453,-290,-54,195,399,498,452,282,39,-224,-423,-504,-450,-270,-12,251,462,557,505,303,15,-294,-538,-640,-586,-373,-54,284,560,720,702,500,164,-229,-581,-795,-821,-650,-307,118,530,820,923,800,470,14,-449,-823,-1010,-950,-661,-218,296,762,0,0
62237,mtk,MTK 7916,2153970100,rx2-tx1,512,0,0,0,437,250,3,-240,-411,-489,-460,-323,-119,91,280,398,422,340,190,4,-179,-309,-350,-304,-188,-34,115,227,277,255,173,57,-70,-168,-216,-212,-160,-71,28,108,139,133,88,21,-43,-75,-78,-50,4,63,106,116,89,16,-84,-178,-235,-240,-185,-56,111,265,371,385,313,162,-36,-245,-414,-493,-467,-329,-105,155,378,533,574,481,264,-23,-308,-518,-618,-580,-399,-114,197,466,635,659,516,250,-77,-400,-639,-723,-643,-416,-84,272,574,748,748,576,279,-90,-444,-689,-780,-702,-461,-100,269,576,761,771,607,308,-68,-402,-633,-732,-666,-447,-142,194,478,638,642,0,245,-55,-322,-504,-566,-485,-291,-39,209,398,480,433,273,55,-163,-336,-408,-366,-225,-31,178,352,430,368,184,-51,-273,-433,-494,-429,-231,59,359,588,690,628,405,57,-329,-675,-882,-894,-699,-346,105,568,941,1119,1060,750,260,-303,-809,-1170,-1279,-1109,-696,-134,472,986,1306,1347,1100,604,-28,-656,-1147,-1390,-1337,-1032,-504,150,764,1208,1394,1285,913,360,-261,-821,-1197,-1327,-1181,-789,-253,314,802,1109,1179,1000,629,156,-334,-745,-987,-1008,-829,-502,-80,340,657,817,809,640,355,17,-303,-552,-674,-664,-523,-282,-3,252,449,555,565,475,312,121,-71,-227,-328,-375,-367,0,0,0,0,0,239,168,69,-64,-218,-352,-437,-462,-412,-288,-114,94,287,422,481,460,350,168,-49,-260,-409,-470,-444,-329,-131,97,309,451,488,421,265,45,-187,-387,-491,-488,-380,-186,70,311,482,565,525,354,104,-172,-408,-557,-586,-492,-294,-26,257,482,599,602,467,220,-63,-321,-512,-600,-560,-401,-164,121,371,529,561,483,309,87,-153,-353,-472,-481,-390,-222,-25,170,309,360,327,231,89,-61,-177,-244,-249,-187,-73,53,159,211,197,131,39,-63,-162,-220,-212,-149,-48,64,162,221,244,206,101,-27,-142,-224,-263,-246,-168,-58,65,176,260,277,220,129,30,-90,-204,0,-252,-204,-121,-17,85,175,238,247,203,126,42,-54,-126,-176,-200,-188,-147,-99,-38,42,115,171,198,196,163,115,48,-29,-128,-210,-246,-245,-203,-117,7,124,212,278,295,245,143,11,-147,-285,-361,-359,-277,-138,37,212,352,408,379,264,94,-103,-282,-399,-426,-355,-197,-6,189,356,432,409,302,125,-91,-287,-413,-432,-345,-183,24,230,384,437,383,237,38,-176,-360,-461,-447,-322,-117,116,333,472,493,390,203,-33,-278,-468,-551,-494,-321,-77,185,417,551,561,442,221,-58,-328,-527,-600,-535,-358,-103,183,425,571,592,482,248,-28,-294,-493,-588,-541,-372,0,0,0,0,0,297,474,528,456,296,68,-169,-352,-455,-442,-333,-150,55,231,344,380,332,205,33,-138,-260,-308,-279,-186,-48,84,184,231,227,168,70,-38,-135,-189,-190,-141,-69,23,96,116,86,34,-23,-69,-83,-70,-15,54,120,170,179,115,8,-123,-241,-307,-309,-245,-107,83,264,400,450,401,240,28,-200,-401,-526,-532,-415,-195,85,351,539,601,528,330,51,-241,-494,-641,-618,-451,-179,147,456,653,696,589,344,6,-338,-612,-755,-712,-501,-180,187,520,742,775,634,361,8,-361,-645,-779,-740,-533,-209,159,487,705,762,639,380,40,-299,-560,-691,-675,-495,-202,126,0,571,610,507,287,4,-262,-452,-517,-455,-284,-51,181,358,435,395,255,42,-170,-327,-395,-348,-201,7,218,368,429,378,195,-57,-317,-511,-580,-511,-303,9,349,636,794,772,559,200,-236,-654,-948,-1031,-879,-526,-56,445,896,1173,1190,934,478,-101,-667,-1103,-1317,-1256,-917,-384,258,837,1230,1377,1254,840,235,-421,-982,-1338,-1413,-1194,-724,-101,529,1033,1320,1341,1084,602,3,-577,-1024,-1243,-1210,-939,-479,63,570,945,1108,1035,764,349,-120,-537,-817,-926,-846,-596,-241,141,470,690,759,665,439,145,-156,-407,-578,-629,-555,-389,-163,77,289,442,503,482,398,269,126,-17,0,0,0,0,0,211,299,363,388,354,257,114,-51,-229,-385,-473,-479,-403,-246,-42,163,345,464,484,403,246,45,-167,-347,-457,-468,-378,-194,30,247,422,504,465,329,113,-140,-357,-496,-526,-453,-275,-18,244,451,555,540,417,200,-68,-339,-535,-610,-551,-378,-114,175,417,574,616,532,329,49,-233,-456,-584,-591,-469,-258,5,264,447,536,512,373,164,-47,-250,-384,-428,-371,-234,-61,95,225,302,296,206,74,-60,-163,-217,-205,-143,-42,63,152,202,201,137,35,-80,-163,-215,-227,-176,-66,52,153,232,254,224,140,12,-109,-198,-256,-255,-195,-94,27,144,232,266,247,175,0,-67,-151,-216,-256,-234,-170,-77,36,123,183,222,214,162,94,19,-61,-130,-172,-185,-178,-154,-115,-40,44,107,159,203,220,201,131,29,-79,-168,-244,-283,-263,-198,-73,73,198,288,330,306,219,68,-94,-245,-354,-397,-343,-209,-20,176,332,409,406,320,160,-41,-233,-378,-442,-389,-255,-67,140,319,421,424,329,158,-56,-262,-407,-443,-363,-203,-5,207,380,454,413,282,81,-149,-348,-470,-477,-365,-162,87,315,468,515,443,258,3,-255,-459,-560,-528,-380,-146,128,381,546,589,494,283,0,-269,-481,-587,-572,-427,-175,123,378,554,598,509,317,55,-223,-449,0,0
62238,mtk,MTK 7916,2153988809,rx0-tx0,512,0,0,0,0,0,0,0,0,0,0,0,0,0,0,0,0,0,0,0,0,0,0,0,0,0,0,0,0,0,0,0,0,0,0,0,0,0,0,0,0,0,0,0,0,0,0,0,0,0,0,0,0,0,0,0,0,0,0,0,0,0,0,0,0,0,0,0,0,0,0,0,0,0,0,0,0,0,0,0,0,0,0,0,0,0,0,0,0,0,0,0,0,0,0,0,0,0,0,0,0,0,0,0,0,0,0,0,0,0,0,0,0,0,0,0,0,0,0,0,0,0,0,0,0,0,0,0,0,0,0,0,0,0,0,0,0,0,0,0,0,0,0,0,0,0,0,0,0,0,0,0,0,0,0,0,0,0,0,0,0,0,0,0,0,0,0,0,0,0,0,0,0,0,0,0,0,0,0,0,0,0,0,0,0,0,0,0,0,0,0,0,0,0,0,0,0,0,0,0,0,0,0,0,0,0,0,0,0,0,0,0,0,0,0,0,0,0,0,0,0,0,0,0,0,0,0,0,0,0,0,0,0,0,0,0,0,0,0,0,0,0,0,0,0,0,0,0,0,0,0,0,0,0,0,0,0,-364,703,653,607,571,384,89,-240,-555,-787,-927,-958,-897,-749,-529,-271,19,318,594,830,1014,1121,1154,1095,960,748,485,185,-139,-438,-733,-990,-1161,-1256,-1287,-1226,-1105,-933,-671,-387,-88,228,534,795,1006,1191,1294,1342,1325,1209,1047,824,555,266,-45,-360,-652,-917,-1136,-1295,-1398,-1416,-1343,-1210,-1021,-785,-497,-181,136,448,717,974,1170,1297,1342,1320,1238,1082,888,651,391,123,-163,-426,-652,-828,-958,-1065,-1111,-1071,-1000,-897,-740,-577,-380,-162,37,234,418,575,693,761,804,805,778,708,605,497,381,252,96,-42,-158,-257,-336,-423,-467,-488,-497,-488,-464,-429,-394,-347,-294,-237,-184,-146,-330,-21,44,107,179,262,343,419,502,571,629,667,667,642,585,497,381,211,34,-153,-372,-578,-777,-940,-1053,-1136,-1161,-1124,-1023,-842,-622,-355,-47,266,569,863,1102,1301,1431,1477,1451,1349,1171,925,621,278,-65,-397,-738,-1031,-1278,-1446,-1533,-1550,-1484,-1359,-1144,-880,-592,-251,92,427,758,1037,1272,1443,1554,1573,1499,1361,1158,888,581,241,-143,-507,-851,-1128,-1349,-1525,-1598,-1581,-1488,-1297,-1036,-719,-362,35,421,775,1082,1334,1504,1584,1566,1439,1227,931,584,213,-176,-542,-878,-1151,-1342,-1447,-1448,-1354,-1179,-924,-609,-258,108,473,816,1103,1328,1441,1419,1272,960,524,18,-493,-924,-1130,593,663,0,0,0,0,0,0,0,0,0,0,0,0,0,0,0,0,0,0,0,0,0,0,0,0,0,0,0,0,0,0,0,0,0,0,0,0,0,0,0,0,0,0,0,0,0,0,0,0,0,0,0,0,0,0,0,0,0,0,0,0,0,0,0,0,0,0,0,0,0,0,0,0,0,0,0,0,0,0,0,0,0,0,0,0,0,0,0,0,0,0,0,0,0,0,0,0,0,0,0,0,0,0,0,0,0,0,0,0,0,0,0,0,0,0,0,0,0,0,0,0,0,0,0,0,0,0,0,0,0,0,0,0,0,0,0,0,0,0,0,0,0,0,0,0,0,0,0,0,0,0,0,0,0,0,0,0,0,0,0,0,0,0,0,0,0,0,0,0,0,0,0,0,0,0,0,0,0,0,0,0,0,0,0,0,0,0,0,0,0,0,0,0,0,0,0,0,0,0,0,0,0,0,0,0,0,0,0,0,0,0,0,0,0,0,0,0,0,0,0,0,0,0,0,0,0,0,0,0,0,0,0,0,0,0,0,0,0,0,0,0,0,0,0,0,0,0,0,0,0,0,0,0,0,0,0,0,-49,-133,-318,-109,-404,-679,-833,-846,-723,-500,-212,101,399,651,848,983,1037,1012,900,725,480,196,-107,-411,-696,-944,-1117,-1223,-1226,-1162,-1036,-823,-538,-240,79,392,662,921,1121,1250,1321,1306,1213,1044,860,615,304,6,-316,-608,-855,-1085,-1246,-1343,-1388,-1334,-1217,-1046,-807,-545,-241,99,419,706,955,1159,1315,1389,1396,1302,1160,971,721,444,131,-166,-468,-724,-934,-1102,-1200,-1241,-1219,-1124,-978,-793,-594,-368,-120,120,328,535,706,829,922,946,932,890,819,704,548,381,207,33,-129,-292,-429,-529,-611,-664,-679,-655,-607,-542,-466,-382,-275,-182,-96,-12,73,139,205,259,302,340,362,393,-82,439,440,438,436,423,393,348,279,189,88,-41,-182,-338,-490,-628,-752,-849,-890,-917,-891,-819,-700,-525,-313,-71,192,464,728,956,1141,1279,1353,1346,1273,1123,905,644,339,8,-338,-677,-987,-1230,-1416,-1523,-1541,-1492,-1369,-1174,-926,-607,-268,95,440,756,1057,1272,1444,1548,1546,1495,1361,1155,909,609,278,-93,-446,-773,-1073,-1307,-1464,-1563,-1573,-1498,-1346,-1119,-848,-515,-130,238,614,954,1230,1439,1573,1615,1549,1404,1170,864,501,114,-278,-640,-964,-1227,-1411,-1510,-1510,-1408,-1219,-934,-608,-246,113,467,793,1069,1271,1378,1395,1316,1139,880,536,121,-307,-731,-1104,-1351,-1433,-1323,-992,-567,376,227
62239,mtk,MTK 7916,2153988809,rx0-tx1,512,0,0,0,0,0,0,0,0,0,0,0,0,0,0,0,0,0,0,0,0,0,0,0,0,0,0,0,0,0,0,0,0,0,0,0,0,0,0,0,0,0,0,0,0,0,0,0,0,0,0,0,0,0,0,0,0,0,0,0,0,0,0,0,0,0,0,0,0,0,0,0,0,0,0,0,0,0,0,0,0,0,0,0,0,0,0,0,0,0,0,0,0,0,0,0,0,0,0,0,0,0,0,0,0,0,0,0,0,0,0,0,0,0,0,0,0,0,0,0,0,0,0,0,0,0,0,0,0,0,0,0,0,0,0,0,0,0,0,0,0,0,0,0,0,0,0,0,0,0,0,0,0,0,0,0,0,0,0,0,0,0,0,0,0,0,0,0,0,0,0,0,0,0,0,0,0,0,0,0,0,0,0,0,0,0,0,0,0,0,0,0,0,0,0,0,0,0,0,0,0,0,0,0,0,0,0,0,0,0,0,0,0,0,0,0,0,0,0,0,0,0,0,0,0,0,0,0,0,0,0,0,0,0,0,0,0,0,0,0,0,0,0,0,0,0,0,0,0,0,0,0,0,0,0,0,0,-449,-153,-133,-426,-431,-321,-120,108,343,532,666,713,692,621,462,269,57,-201,-445,-645,-820,-946,-981,-942,-830,-635,-388,-91,231,542,820,1034,1172,1213,1172,1046,844,580,260,-65,-371,-660,-893,-1047,-1139,-1155,-1098,-970,-795,-565,-318,-65,190,405,596,740,824,885,883,827,741,609,447,277,119,-24,-175,-290,-390,-455,-491,-520,-522,-522,-487,-450,-411,-354,-302,-243,-162,-72,25,144,263,344,442,530,566,588,582,555,496,401,292,166,36,-81,-209,-318,-413,-489,-541,-564,-557,-519,-480,-429,-358,-261,-162,-51,69,172,267,358,428,491,529,538,524,505,450,378,290,168,74,-32,510,-259,-354,-423,-478,-525,-533,-512,-491,-433,-361,-290,-204,-109,-17,84,171,243,314,379,429,459,472,492,494,482,446,394,327,241,133,27,-108,-267,-416,-563,-699,-816,-885,-898,-874,-814,-704,-528,-315,-77,189,459,724,949,1128,1250,1308,1284,1173,996,736,435,86,-263,-606,-931,-1206,-1402,-1513,-1541,-1463,-1288,-1032,-704,-343,41,442,810,1110,1354,1508,1543,1498,1358,1120,806,445,56,-329,-690,-1003,-1243,-1392,-1445,-1381,-1211,-983,-672,-314,47,405,709,933,1091,1160,1139,1022,826,591,319,45,-218,-445,-618,-738,-786,-788,-725,-597,-428,-236,-23,180,363,508,585,591,499,341,188,-110,-144,0,0,0,0,0,0,0,0,0,0,0,0,0,0,0,0,0,0,0,0,0,0,0,0,0,0,0,0,0,0,0,0,0,0,0,0,0,0,0,0,0,0,0,0,0,0,0,0,0,0,0,0,0,0,0,0,0,0,0,0,0,0,0,0,0,0,0,0,0,0,0,0,0,0,0,0,0,0,0,0,0,0,0,0,0,0,0,0,0,0,0,0,0,0,0,0,0,0,0,0,0,0,0,0,0,0,0,0,0,0,0,0,0,0,0,0,0,0,0,0,0,0,0,0,0,0,0,0,0,0,0,0,0,0,0,0,0,0,0,0,0,0,0,0,0,0,0,0,0,0,0,0,0,0,0,0,0,0,0,0,0,0,0,0,0,0,0,0,0,0,0,0,0,0,0,0,0,0,0,0,0,0,0,0,0,0,0,0,0,0,0,0,0,0,0,0,0,0,0,0,0,0,0,0,0,0,0,0,0,0,0,0,0,0,0,0,0,0,0,0,0,0,0,0,0,0,0,0,0,0,0,0,0,0,0,0,0,0,0,0,0,0,0,0,0,0,0,0,0,0,0,0,0,0,0,0,26,7,45,34,240,447,580,620,563,420,218,-18,-232,-450,-638,-747,-822,-831,-750,-620,-443,-195,85,361,633,869,1025,1120,1119,1038,873,630,331,-7,-337,-653,-908,-1110,-1216,-1225,-1174,-1029,-806,-555,-269,17,316,579,774,935,1012,1049,1011,909,778,589,387,188,-38,-221,-387,-532,-631,-686,-706,-697,-654,-581,-487,-373,-271,-165,-68,23,119,183,258,320,373,423,478,501,521,524,485,436,374,266,134,21,-108,-228,-357,-458,-528,-576,-587,-587,-563,-502,-420,-318,-204,-92,30,145,237,331,413,489,524,543,531,498,470,410,329,235,123,0,-114,-215,-309,-381,-464,-508,-524,-535,-82,-467,-404,-322,-232,-127,-15,83,174,276,346,410,463,484,486,469,436,397,355,291,219,134,61,-16,-101,-201,-300,-394,-476,-560,-614,-655,-676,-647,-601,-530,-415,-268,-73,123,329,530,738,906,1023,1099,1116,1066,959,781,547,269,-43,-374,-674,-963,-1195,-1364,-1454,-1444,-1350,-1168,-897,-574,-221,157,539,883,1167,1382,1505,1546,1495,1326,1085,778,398,4,-377,-737,-1060,-1303,-1457,-1520,-1473,-1326,-1083,-769,-418,-32,356,697,981,1200,1309,1316,1232,1042,795,501,177,-146,-444,-683,-855,-954,-962,-899,-772,-599,-390,-172,49,266,441,581,663,687,649,553,393,198,-21,-233,-369,-440,-117,-82
62240,mtk,MTK 7916,2153988809,rx1-tx0,512,0,0,0,0,0,0,0,0,0,0,0,0,0,0,0,0,0,0,0,0,0,0,0,0,0,0,0,0,0,0,0,0,0,0,0,0,0,0,0,0,0,0,0,0,0,0,0,0,0,0,0,0,0,0,0,0,0,0,0,0,0,0,0,0,0,0,0,0,0,0,0,0,0,0,0,0,0,0,0,0,0,0,0,0,0,0,0,0,0,0,0,0,0,0,0,0,0,0,0,0,0,0,0,0,0,0,0,0,0,0,0,0,0,0,0,0,0,0,0,0,0,0,0,0,0,0,0,0,0,0,0,0,0,0,0,0,0,0,0,0,0,0,0,0,0,0,0,0,0,0,0,0,0,0,0,0,0,0,0,0,0,0,0,0,0,0,0,0,0,0,0,0,0,0,0,0,0,0,0,0,0,0,0,0,0,0,0,0,0,0,0,0,0,0,0,0,0,0,0,0,0,0,0,0,0,0,0,0,0,0,0,0,0,0,0,0,0,0,0,0,0,0,0,0,0,0,0,0,0,0,0,0,0,0,0,0,0,0,0,0,0,0,0,0,0,0,0,0,0,0,0,0,0,0,0,0,98,1009,1188,573,667,617,423,145,-192,-497,-760,-942,-1026,-1015,-889,-697,-441,-108,234,570,884,1135,1299,1365,1335,1185,935,594,197,-213,-644,-1006,-1312,-1504,-1577,-1549,-1410,-1159,-821,-436,-56,329,691,985,1220,1358,1395,1368,1263,1065,819,560,246,-57,-314,-550,-747,-894,-988,-1030,-1028,-973,-867,-725,-573,-403,-227,-55,133,288,433,585,702,773,816,831,818,765,663,540,386,224,26,-171,-344,-506,-632,-724,-791,-806,-769,-697,-586,-456,-311,-151,9,149,280,392,480,547,563,534,504,454,378,296,200,120,39,-24,-87,-145,-178,-200,-206,-227,-243,-235,-232,-231,-226,-233,-232,-223,-209,-181,-686,-112,-69,-9,41,103,178,228,291,355,407,439,448,450,429,367,295,214,110,-9,-125,-252,-376,-481,-570,-643,-685,-692,-681,-600,-501,-385,-234,-71,99,288,460,616,766,872,933,952,901,809,674,485,280,47,-207,-458,-673,-846,-983,-1056,-1075,-1038,-936,-787,-597,-361,-120,124,366,573,766,917,1006,1045,1018,929,799,633,431,202,-28,-254,-485,-665,-796,-877,-933,-919,-849,-735,-571,-395,-202,3,191,368,517,612,668,692,677,644,582,484,359,213,90,-41,-180,-298,-415,-506,-570,-615,-621,-584,-521,-430,-291,-131,50,246,438,612,734,803,780,652,417,125,-183,-413,170,480,0,0,0,0,0,0,0,0,0,0,0,0,0,0,0,0,0,0,0,0,0,0,0,0,0,0,0,0,0,0,0,0,0,0,0,0,0,0,0,0,0,0,0,0,0,0,0,0,0,0,0,0,0,0,0,0,0,0,0,0,0,0,0,0,0,0,0,0,0,0,0,0,0,0,0,0,0,0,0,0,0,0,0,0,0,0,0,0,0,0,0,0,0,0,0,0,0,0,0,0,0,0,0,0,0,0,0,0,0,0,0,0,0,0,0,0,0,0,0,0,0,0,0,0,0,0,0,0,0,0,0,0,0,0,0,0,0,0,0,0,0,0,0,0,0,0,0,0,0,0,0,0,0,0,0,0,0,0,0,0,0,0,0,0,0,0,0,0,0,0,0,0,0,0,0,0,0,0,0,0,0,0,0,0,0,0,0,0,0,0,0,0,0,0,0,0,0,0,0,0,0,0,0,0,0,0,0,0,0,0,0,0,0,0,0,0,0,0,0,0,0,0,0,0,0,0,0,0,0,0,0,0,0,0,0,0,0,0,0,0,0,0,0,0,0,0,0,0,0,0,0,0,0,0,0,0,-999,832,540,130,-126,-445,-702,-857,-887,-787,-599,-329,-20,302,607,858,1057,1181,1185,1115,940,667,334,-44,-445,-827,-1149,-1384,-1496,-1522,-1422,-1209,-905,-506,-89,330,734,1084,1337,1492,1537,1495,1339,1102,805,466,109,-224,-542,-817,-1001,-1160,-1246,-1214,-1143,-1021,-850,-645,-397,-179,39,243,435,594,712,812,859,881,857,786,718,610,464,311,156,-6,-175,-363,-520,-652,-746,-817,-862,-828,-772,-668,-528,-374,-196,-7,169,337,477,584,659,701,691,654,588,491,384,253,119,-2,-101,-204,-288,-346,-375,-386,-386,-367,-339,-291,-243,-198,-170,-137,-85,-47,-20,15,36,64,91,126,167,207,9,262,294,316,319,337,319,280,247,192,111,26,-55,-142,-248,-351,-429,-491,-550,-564,-569,-545,-480,-401,-302,-177,-35,115,267,421,551,667,755,806,821,797,717,611,466,276,78,-137,-365,-564,-761,-902,-992,-1043,-1041,-969,-833,-660,-445,-200,54,307,543,744,908,1020,1052,1049,985,871,731,517,302,59,-188,-415,-621,-786,-910,-971,-978,-947,-856,-705,-520,-322,-106,122,317,502,652,754,821,827,783,701,585,437,276,106,-56,-198,-331,-441,-536,-582,-593,-605,-578,-523,-441,-325,-207,-77,67,211,350,487,599,663,695,667,588,444,247,14,-261,-513,-705,-790,-757,-614,1294,1217
62241,mtk,MTK 7916,2153988809,rx1-tx1,512,0,0,0,0,0,0,0,0,0,0,0,0,0,0,0,0,0,0,0,0,0,0,0,0,0,0,0,0,0,0,0,0,0,0,0,0,0,0,0,0,0,0,0,0,0,0,0,0,0,0,0,0,0,0,0,0,0,0,0,0,0,0,0,0,0,0,0,0,0,0,0,0,0,0,0,0,0,0,0,0,0,0,0,0,0,0,0,0,0,0,0,0,0,0,0,0,0,0,0,0,0,0,0,0,0,0,0,0,0,0,0,0,0,0,0,0,0,0,0,0,0,0,0,0,0,0,0,0,0,0,0,0,0,0,0,0,0,0,0,0,0,0,0,0,0,0,0,0,0,0,0,0,0,0,0,0,0,0,0,0,0,0,0,0,0,0,0,0,0,0,0,0,0,0,0,0,0,0,0,0,0,0,0,0,0,0,0,0,0,0,0,0,0,0,0,0,0,0,0,0,0,0,0,0,0,0,0,0,0,0,0,0,0,0,0,0,0,0,0,0,0,0,0,0,0,0,0,0,0,0,0,0,0,0,0,0,0,0,0,0,0,0,0,0,0,0,0,0,0,0,0,0,0,0,0,0,-282,309,390,-114,-110,-68,4,81,156,207,226,195,116,-1,-115,-203,-250,-235,-149,-20,114,222,268,245,156,22,-122,-230,-281,-256,-154,18,193,294,311,246,105,-71,-239,-342,-341,-236,-61,155,343,421,369,206,-27,-259,-423,-459,-359,-144,120,365,509,508,340,55,-243,-482,-582,-515,-293,25,355,574,636,505,212,-155,-487,-678,-667,-465,-123,267,585,732,655,389,16,-376,-666,-745,-604,-287,116,475,694,690,484,147,-236,-565,-704,-630,-382,-14,358,600,654,517,221,-139,-445,-604,-574,-384,-73,252,492,578,482,231,-82,-354,-512,-511,-364,-95,197,410,488,421,216,-68,0,-436,-431,-289,-61,187,378,437,349,155,-78,-279,-384,-355,-214,2,226,365,366,245,51,-157,-326,-385,-305,-119,113,310,414,379,205,-45,-281,-436,-456,-327,-86,190,416,513,446,234,-52,-336,-528,-555,-411,-127,209,477,599,554,330,-10,-356,-592,-657,-525,-228,130,447,646,643,439,115,-245,-557,-702,-621,-340,21,365,613,673,536,233,-131,-458,-646,-641,-434,-110,249,528,647,588,346,-9,-360,-593,-661,-545,-272,81,410,635,682,524,225,-112,-420,-626,-661,-517,-238,107,423,628,665,510,229,-90,-377,-573,-625,-525,-305,-24,271,499,614,591,460,258,44,-177,-45,88,0,0,0,0,0,0,0,0,0,0,0,0,0,0,0,0,0,0,0,0,0,0,0,0,0,0,0,0,0,0,0,0,0,0,0,0,0,0,0,0,0,0,0,0,0,0,0,0,0,0,0,0,0,0,0,0,0,0,0,0,0,0,0,0,0,0,0,0,0,0,0,0,0,0,0,0,0,0,0,0,0,0,0,0,0,0,0,0,0,0,0,0,0,0,0,0,0,0,0,0,0,0,0,0,0,0,0,0,0,0,0,0,0,0,0,0,0,0,0,0,0,0,0,0,0,0,0,0,0,0,0,0,0,0,0,0,0,0,0,0,0,0,0,0,0,0,0,0,0,0,0,0,0,0,0,0,0,0,0,0,0,0,0,0,0,0,0,0,0,0,0,0,0,0,0,0,0,0,0,0,0,0,0,0,0,0,0,0,0,0,0,0,0,0,0,0,0,0,0,0,0,0,0,0,0,0,0,0,0,0,0,0,0,0,0,0,0,0,0,0,0,0,0,0,0,0,0,0,0,0,0,0,0,0,0,0,0,0,0,0,0,0,0,0,0,0,0,0,0,0,0,0,0,0,0,0,288,407,309,-65,-128,-173,-196,-189,-146,-72,20,118,202,234,205,134,25,-107,-205,-244,-230,-153,-29,109,218,276,247,146,4,-149,-260,-298,-267,-146,28,204,319,342,255,90,-105,-281,-381,-365,-239,-21,209,377,436,375,191,-61,-298,-451,-474,-331,-99,169,414,547,512,327,22,-288,-523,-614,-509,-244,106,430,627,647,490,169,-224,-547,-702,-665,-437,-70,329,631,746,633,333,-50,-428,-691,-732,-551,-218,174,517,697,670,443,90,-293,-575,-677,-577,-298,71,410,615,635,464,147,-206,-481,-596,-540,-325,-6,307,513,548,411,166,-128,-386,-512,-467,-277,-11,243,431,487,0,119,-133,-335,-425,-381,-203,28,246,390,400,276,61,-176,-337,-394,-320,-132,91,278,371,334,182,-33,-231,-368,-389,-262,-38,200,377,438,350,148,-111,-348,-485,-452,-276,-17,258,480,540,431,188,-122,-407,-569,-550,-358,-63,278,545,645,535,263,-91,-429,-636,-646,-476,-168,201,512,676,642,400,44,-315,-583,-674,-561,-283,86,427,627,640,475,174,-188,-491,-648,-611,-393,-52,306,576,674,578,312,-44,-386,-618,-678,-544,-250,108,433,633,666,518,229,-119,-439,-628,-651,-506,-239,99,403,588,622,508,253,-61,-338,-539,-618,-555,-365,-102,169,376,499,529,465,512,503
62242,mtk,MTK 7916,2153988809,rx2-tx0,512,0,0,0,0,0,0,0,0,0,0,0,0,0,0,0,0,0,0,0,0,0,0,0,0,0,0,0,0,0,0,0,0,0,0,0,0,0,0,0,0,0,0,0,0,0,0,0,0,0,0,0,0,0,0,0,0,0,0,0,0,0,0,0,0,0,0,0,0,0,0,0,0,0,0,0,0,0,0,0,0,0,0,0,0,0,0,0,0,0,0,0,0,0,0,0,0,0,0,0,0,0,0,0,0,0,0,0,0,0,0,0,0,0,0,0,0,0,0,0,0,0,0,0,0,0,0,0,0,0,0,0,0,0,0,0,0,0,0,0,0,0,0,0,0,0,0,0,0,0,0,0,0,0,0,0,0,0,0,0,0,0,0,0,0,0,0,0,0,0,0,0,0,0,0,0,0,0,0,0,0,0,0,0,0,0,0,0,0,0,0,0,0,0,0,0,0,0,0,0,0,0,0,0,0,0,0,0,0,0,0,0,0,0,0,0,0,0,0,0,0,0,0,0,0,0,0,0,0,0,0,0,0,0,0,0,0,0,0,0,0,0,0,0,0,0,0,0,0,0,0,0,0,0,0,0,0,794,-826,-785,112,143,159,149,115,60,-23,-104,-162,-186,-174,-122,-38,61,147,194,197,145,57,-39,-133,-198,-200,-154,-71,38,136,201,202,136,53,-24,-109,-172,-177,-125,-34,59,131,161,138,76,-16,-101,-147,-140,-86,-12,82,157,182,146,71,-27,-123,-192,-191,-127,-38,70,165,224,212,141,29,-91,-191,-237,-208,-121,-7,113,197,213,180,96,-27,-132,-190,-198,-152,-59,52,140,170,139,67,-14,-81,-126,-142,-130,-63,30,97,147,149,103,34,-35,-94,-126,-133,-104,-40,33,86,111,102,79,36,-16,-58,-83,-99,-81,-52,-9,40,69,75,67,46,24,-13,0,-78,-88,-96,-80,-21,28,62,107,125,104,63,4,-67,-127,-153,-130,-89,-21,59,130,163,162,112,25,-68,-142,-172,-152,-96,-7,80,159,196,175,95,-14,-113,-175,-189,-160,-80,30,136,196,192,137,49,-54,-137,-184,-177,-121,-43,41,111,150,142,87,11,-58,-107,-123,-95,-35,23,84,123,116,62,2,-58,-102,-119,-96,-47,14,64,105,120,98,57,0,-43,-79,-100,-107,-80,-29,31,61,79,83,76,55,33,2,-20,-42,-64,-80,-79,-61,-36,-7,25,55,84,97,95,70,29,-8,-55,-105,-135,-125,-97,-58,-12,38,88,128,145,124,82,-619,-732,0,0,0,0,0,0,0,0,0,0,0,0,0,0,0,0,0,0,0,0,0,0,0,0,0,0,0,0,0,0,0,0,0,0,0,0,0,0,0,0,0,0,0,0,0,0,0,0,0,0,0,0,0,0,0,0,0,0,0,0,0,0,0,0,0,0,0,0,0,0,0,0,0,0,0,0,0,0,0,0,0,0,0,0,0,0,0,0,0,0,0,0,0,0,0,0,0,0,0,0,0,0,0,0,0,0,0,0,0,0,0,0,0,0,0,0,0,0,0,0,0,0,0,0,0,0,0,0,0,0,0,0,0,0,0,0,0,0,0,0,0,0,0,0,0,0,0,0,0,0,0,0,0,0,0,0,0,0,0,0,0,0,0,0,0,0,0,0,0,0,0,0,0,0,0,0,0,0,0,0,0,0,0,0,0,0,0,0,0,0,0,0,0,0,0,0,0,0,0,0,0,0,0,0,0,0,0,0,0,0,0,0,0,0,0,0,0,0,0,0,0,0,0,0,0,0,0,0,0,0,0,0,0,0,0,0,0,0,0,0,0,0,0,0,0,0,0,0,0,0,0,0,0,0,0,0,572,83,307,-87,-45,6,69,132,166,172,153,96,14,-69,-144,-186,-186,-135,-42,60,137,188,198,153,64,-40,-133,-201,-212,-164,-75,33,129,187,189,143,56,-48,-131,-158,-152,-97,-12,66,115,146,117,37,-47,-120,-148,-124,-75,0,107,178,193,145,48,-69,-160,-205,-194,-134,-34,84,181,233,217,135,9,-126,-212,-217,-179,-93,11,121,193,218,147,50,-41,-129,-192,-182,-110,-28,52,125,159,142,80,-7,-96,-155,-165,-120,-54,27,99,144,153,105,33,-42,-104,-141,-129,-88,-41,19,75,100,96,76,41,11,-25,-71,-94,-81,-56,-25,21,57,72,85,0,64,10,-46,-84,-101,-99,-79,-46,7,71,129,155,125,83,27,-57,-133,-166,-161,-105,-17,79,140,178,176,117,21,-74,-143,-179,-158,-83,12,101,171,199,161,74,-28,-128,-189,-202,-155,-72,33,117,175,180,145,63,-40,-132,-173,-162,-110,-32,55,118,141,125,66,-18,-83,-107,-106,-81,-21,41,86,120,110,65,-2,-66,-114,-129,-101,-53,2,61,102,123,109,53,-4,-42,-79,-99,-93,-77,-42,3,31,50,67,75,73,59,32,8,-14,-45,-69,-83,-99,-86,-41,2,31,49,86,105,101,73,29,-33,-87,-124,-140,-139,-110,-59,-4,39,71,-522,-357
62243,mtk,MTK 7916,2153988809,rx2-tx1,512,0,0,0,0,0,0,0,0,0,0,0,0,0,0,0,0,0,0,0,0,0,0,0,0,0,0,0,0,0,0,0,0,0,0,0,0,0,0,0,0,0,0,0,0,0,0,0,0,0,0,0,0,0,0,0,0,0,0,0,0,0,0,0,0,0,0,0,0,0,0,0,0,0,0,0,0,0,0,0,0,0,0,0,0,0,0,0,0,0,0,0,0,0,0,0,0,0,0,0,0,0,0,0,0,0,0,0,0,0,0,0,0,0,0,0,0,0,0,0,0,0,0,0,0,0,0,0,0,0,0,0,0,0,0,0,0,0,0,0,0,0,0,0,0,0,0,0,0,0,0,0,0,0,0,0,0,0,0,0,0,0,0,0,0,0,0,0,0,0,0,0,0,0,0,0,0,0,0,0,0,0,0,0,0,0,0,0,0,0,0,0,0,0,0,0,0,0,0,0,0,0,0,0,0,0,0,0,0,0,0,0,0,0,0,0,0,0,0,0,0,0,0,0,0,0,0,0,0,0,0,0,0,0,0,0,0,0,0,0,0,0,0,0,0,0,0,0,0,0,0,0,0,0,0,0,0,381,481,583,3,-19,-48,-68,-81,-94,-88,-59,-14,31,78,102,105,88,48,-23,-82,-120,-143,-135,-92,-17,68,141,180,181,131,37,-78,-169,-218,-225,-176,-76,52,184,266,266,206,101,-49,-200,-301,-323,-267,-133,49,223,342,370,295,137,-72,-257,-385,-415,-331,-145,81,284,430,471,374,160,-98,-323,-466,-487,-382,-165,108,350,495,506,388,165,-109,-351,-496,-508,-375,-142,132,366,493,477,340,120,-131,-346,-460,-440,-304,-93,150,349,437,387,245,33,-189,-348,-387,-326,-180,21,219,341,368,282,112,-72,-228,-331,-331,-216,-45,123,247,296,263,150,-10,-152,-240,0,-200,-80,54,170,227,221,149,36,-90,-198,-234,-184,-96,29,142,201,203,136,32,-72,-155,-194,-158,-79,25,134,198,194,132,37,-67,-172,-217,-176,-85,28,144,225,238,185,75,-57,-176,-244,-240,-171,-48,94,198,246,234,154,30,-98,-199,-241,-213,-126,-9,113,195,214,177,97,-6,-116,-199,-208,-147,-52,45,141,194,195,140,58,-31,-118,-180,-188,-141,-40,70,148,191,190,145,56,-45,-128,-181,-194,-158,-81,13,92,151,175,166,111,27,-56,-119,-154,-156,-131,-69,-1,61,112,140,133,101,46,-15,-72,-114,-136,-125,-97,-60,-10,43,78,112,19,204,0,0,0,0,0,0,0,0,0,0,0,0,0,0,0,0,0,0,0,0,0,0,0,0,0,0,0,0,0,0,0,0,0,0,0,0,0,0,0,0,0,0,0,0,0,0,0,0,0,0,0,0,0,0,0,0,0,0,0,0,0,0,0,0,0,0,0,0,0,0,0,0,0,0,0,0,0,0,0,0,0,0,0,0,0,0,0,0,0,0,0,0,0,0,0,0,0,0,0,0,0,0,0,0,0,0,0,0,0,0,0,0,0,0,0,0,0,0,0,0,0,0,0,0,0,0,0,0,0,0,0,0,0,0,0,0,0,0,0,0,0,0,0,0,0,0,0,0,0,0,0,0,0,0,0,0,0,0,0,0,0,0,0,0,0,0,0,0,0,0,0,0,0,0,0,0,0,0,0,0,0,0,0,0,0,0,0,0,0,0,0,0,0,0,0,0,0,0,0,0,0,0,0,0,0,0,0,0,0,0,0,0,0,0,0,0,0,0,0,0,0,0,0,0,0,0,0,0,0,0,0,0,0,0,0,0,0,0,0,0,0,0,0,0,0,0,0,0,0,0,0,0,0,0,0,0,-1037,494,361,46,62,54,37,17,-13,-51,-82,-99,-100,-83,-32,28,73,114,128,114,73,18,-67,-132,-159,-150,-107,-27,76,165,212,202,146,54,-63,-176,-248,-254,-200,-86,60,193,282,310,249,121,-42,-204,-325,-364,-297,-139,53,231,344,386,312,150,-64,-272,-409,-431,-339,-164,79,301,450,485,378,155,-104,-339,-490,-506,-385,-157,113,358,499,505,374,148,-122,-354,-498,-518,-371,-126,133,353,480,461,316,94,-143,-347,-451,-420,-261,-41,174,336,401,353,206,-5,-207,-337,-361,-294,-139,52,225,326,337,258,99,-103,-255,-310,-280,-181,-27,133,245,284,239,119,0,-180,-254,-254,-181,-61,73,186,244,221,127,-10,-136,-221,-229,-168,-62,49,149,202,190,115,12,-95,-178,-201,-165,-80,39,142,197,180,101,-10,-118,-192,-223,-179,-72,51,162,237,241,165,37,-91,-192,-245,-243,-162,-39,93,202,249,225,149,22,-109,-196,-237,-208,-119,0,120,204,219,181,91,-29,-130,-190,-195,-149,-66,40,131,187,182,128,42,-57,-144,-196,-184,-123,-43,45,141,194,193,140,62,-29,-115,-175,-188,-156,-94,-14,67,133,167,172,130,58,-21,-93,-145,-157,-137,-83,-19,55,110,140,144,117,62,3,-51,-93,-121,-127,-118,-96,-60,688,656
62244,mtk,MTK 7916,2154061643,rx0-tx0,512,0,0,0,0,0,0,0,0,0,0,0,0,0,0,0,0,0,0,0,0,0,0,0,0,0,0,0,0,0,0,0,0,0,0,0,0,0,0,0,0,0,0,0,0,0,0,0,0,0,0,0,0,0,0,0,0,0,0,0,0,0,0,0,0,0,0,0,0,0,0,0,0,0,0,0,0,0,0,0,0,0,0,0,0,0,0,0,0,0,0,0,0,0,0,0,0,0,0,0,0,0,0,0,0,0,0,0,0,0,0,0,0,0,0,0,0,0,0,0,0,0,0,0,0,0,0,0,0,0,0,0,0,0,0,0,0,0,0,0,0,0,0,0,0,0,0,0,0,0,0,0,0,0,0,0,0,0,0,0,0,0,0,0,0,0,0,0,0,0,0,0,0,0,0,0,0,0,0,0,0,0,0,0,0,0,0,0,0,0,0,0,0,0,0,0,0,0,0,0,0,0,0,0,0,0,0,0,0,0,0,0,0,0,0,0,0,0,0,0,0,0,0,0,0,0,0,0,0,0,0,0,0,0,0,0,0,0,0,0,0,0,0,0,0,0,0,0,0,0,0,0,0,0,0,0,0,-364,703,653,-592,-660,-566,-332,-24,309,603,813,927,951,876,700,479,214,-89,-374,-637,-865,-1010,-1106,-1109,-1024,-859,-630,-357,-39,286,588,845,1063,1190,1236,1230,1129,946,712,437,142,-169,-470,-727,-956,-1146,-1262,-1303,-1281,-1158,-984,-749,-466,-175,142,436,711,955,1155,1289,1342,1308,1212,1068,845,584,293,-42,-358,-643,-895,-1102,-1256,-1297,-1269,-1184,-1039,-842,-599,-337,-63,212,465,685,855,983,1051,1062,1023,926,798,636,432,229,25,-177,-346,-507,-643,-739,-782,-802,-783,-721,-624,-518,-375,-237,-92,54,185,306,390,445,483,507,512,491,455,425,375,321,254,194,138,63,-1,-83,-330,-232,-309,-382,-457,-527,-565,-609,-637,-627,-590,-516,-410,-263,-96,100,307,508,696,862,999,1086,1112,1072,984,823,609,343,42,-283,-593,-882,-1128,-1319,-1432,-1478,-1442,-1292,-1086,-821,-491,-123,253,626,954,1223,1437,1559,1613,1564,1421,1202,918,588,227,-139,-495,-838,-1133,-1354,-1516,-1589,-1583,-1480,-1309,-1079,-790,-443,-57,325,679,1008,1279,1481,1603,1628,1554,1394,1150,831,491,107,-309,-694,-1039,-1312,-1510,-1619,-1631,-1541,-1343,-1057,-708,-320,109,517,876,1179,1406,1527,1543,1465,1279,1009,653,275,-112,-493,-841,-1108,-1303,-1414,-1418,-1315,-1100,-801,-420,3,448,873,1220,1442,1467,1247,838,396,593,663,0,0,0,0,0,0,0,0,0,0,0,0,0,0,0,0,0,0,0,0,0,0,0,0,0,0,0,0,0,0,0,0,0,0,0,0,0,0,0,0,0,0,0,0,0,0,0,0,0,0,0,0,0,0,0,0,0,0,0,0,0,0,0,0,0,0,0,0,0,0,0,0,0,0,0,0,0,0,0,0,0,0,0,0,0,0,0,0,0,0,0,0,0,0,0,0,0,0,0,0,0,0,0,0,0,0,0,0,0,0,0,0,0,0,0,0,0,0,0,0,0,0,0,0,0,0,0,0,0,0,0,0,0,0,0,0,0,0,0,0,0,0,0,0,0,0,0,0,0,0,0,0,0,0,0,0,0,0,0,0,0,0,0,0,0,0,0,0,0,0,0,0,0,0,0,0,0,0,0,0,0,0,0,0,0,0,0,0,0,0,0,0,0,0,0,0,0,0,0,0,0,0,0,0,0,0,0,0,0,0,0,0,0,0,0,0,0,0,0,0,0,0,0,0,0,0,0,0,0,0,0,0,0,0,0,0,0,0,0,0,0,0,0,0,0,0,0,0,0,0,0,0,0,0,0,0,-49,-133,-318,-88,198,505,740,855,835,689,452,170,-131,-433,-686,-869,-990,-1025,-968,-850,-644,-389,-104,213,517,784,988,1127,1192,1169,1066,899,655,356,49,-256,-570,-836,-1032,-1182,-1263,-1273,-1195,-1040,-841,-592,-293,4,317,610,849,1074,1221,1309,1324,1246,1124,933,680,390,73,-247,-536,-822,-1054,-1212,-1328,-1363,-1298,-1172,-983,-747,-450,-130,162,447,704,929,1095,1183,1210,1169,1066,923,723,494,248,14,-225,-429,-603,-756,-854,-919,-937,-898,-821,-710,-564,-396,-221,-54,123,280,408,524,610,650,666,656,620,550,460,359,260,156,47,-56,-135,-207,-275,-330,-374,-392,-418,-434,-440,-453,-82,-424,-389,-350,-292,-199,-103,-2,125,270,414,548,679,783,850,887,874,811,700,540,341,102,-161,-415,-670,-893,-1087,-1232,-1310,-1313,-1236,-1091,-876,-590,-260,82,447,783,1080,1328,1506,1579,1561,1459,1266,1024,708,358,-21,-399,-749,-1051,-1299,-1490,-1585,-1596,-1525,-1373,-1135,-847,-516,-161,212,573,894,1179,1401,1557,1611,1576,1461,1266,986,658,294,-92,-477,-839,-1155,-1396,-1553,-1641,-1629,-1498,-1285,-987,-629,-237,166,564,937,1243,1461,1590,1611,1514,1327,1060,709,312,-83,-476,-836,-1142,-1358,-1457,-1467,-1387,-1191,-911,-582,-202,186,565,908,1177,1365,1438,1385,1175,831,365,-177,-686,-1054,-1207,376,227
62245,mtk,MTK 7916,2154061643,rx0-tx1,512,0,0,0,0,0,0,0,0,0,0,0,0,0,0,0,0,0,0,0,0,0,0,0,0,0,0,0,0,0,0,0,0,0,0,0,0,0,0,0,0,0,0,0,0,0,0,0,0,0,0,0,0,0,0,0,0,0,0,0,0,0,0,0,0,0,0,0,0,0,0,0,0,0,0,0,0,0,0,0,0,0,0,0,0,0,0,0,0,0,0,0,0,0,0,0,0,0,0,0,0,0,0,0,0,0,0,0,0,0,0,0,0,0,0,0,0,0,0,0,0,0,0,0,0,0,0,0,0,0,0,0,0,0,0,0,0,0,0,0,0,0,0,0,0,0,0,0,0,0,0,0,0,0,0,0,0,0,0,0,0,0,0,0,0,0,0,0,0,0,0,0,0,0,0,0,0,0,0,0,0,0,0,0,0,0,0,0,0,0,0,0,0,0,0,0,0,0,0,0,0,0,0,0,0,0,0,0,0,0,0,0,0,0,0,0,0,0,0,0,0,0,0,0,0,0,0,0,0,0,0,0,0,0,0,0,0,0,0,0,0,0,0,0,0,0,0,0,0,0,0,0,0,0,0,0,0,-449,-153,-133,418,487,454,302,84,-168,-403,-582,-703,-745,-713,-608,-440,-232,16,272,516,742,908,1012,1015,944,774,536,247,-87,-409,-723,-982,-1164,-1236,-1217,-1111,-918,-646,-316,18,340,639,901,1084,1157,1162,1089,965,771,521,270,7,-256,-494,-680,-812,-882,-905,-879,-798,-681,-517,-355,-185,-5,153,276,391,468,526,543,558,533,489,455,407,336,290,213,127,12,-98,-193,-298,-404,-494,-553,-598,-616,-592,-532,-433,-324,-195,-61,79,215,342,445,521,566,580,579,542,510,420,324,214,84,-28,-148,-259,-348,-429,-493,-544,-556,-536,-507,-452,-369,-266,-163,-47,66,184,288,389,510,505,537,536,507,455,392,308,197,107,12,-96,-202,-281,-349,-418,-455,-477,-479,-461,-438,-406,-352,-287,-234,-144,-44,62,191,312,419,524,636,710,752,773,743,666,539,368,182,-49,-298,-538,-768,-960,-1106,-1192,-1201,-1155,-1000,-789,-534,-205,143,492,813,1104,1324,1460,1525,1455,1293,1057,728,361,-46,-467,-844,-1155,-1402,-1552,-1598,-1542,-1383,-1101,-752,-364,50,455,830,1136,1384,1506,1519,1448,1252,961,612,225,-183,-561,-901,-1151,-1296,-1345,-1280,-1122,-872,-553,-219,117,431,697,888,980,996,931,798,594,359,119,-116,-325,-498,-627,-697,-694,-648,-511,-316,-100,126,317,436,487,-110,-144,0,0,0,0,0,0,0,0,0,0,0,0,0,0,0,0,0,0,0,0,0,0,0,0,0,0,0,0,0,0,0,0,0,0,0,0,0,0,0,0,0,0,0,0,0,0,0,0,0,0,0,0,0,0,0,0,0,0,0,0,0,0,0,0,0,0,0,0,0,0,0,0,0,0,0,0,0,0,0,0,0,0,0,0,0,0,0,0,0,0,0,0,0,0,0,0,0,0,0,0,0,0,0,0,0,0,0,0,0,0,0,0,0,0,0,0,0,0,0,0,0,0,0,0,0,0,0,0,0,0,0,0,0,0,0,0,0,0,0,0,0,0,0,0,0,0,0,0,0,0,0,0,0,0,0,0,0,0,0,0,0,0,0,0,0,0,0,0,0,0,0,0,0,0,0,0,0,0,0,0,0,0,0,0,0,0,0,0,0,0,0,0,0,0,0,0,0,0,0,0,0,0,0,0,0,0,0,0,0,0,0,0,0,0,0,0,0,0,0,0,0,0,0,0,0,0,0,0,0,0,0,0,0,0,0,0,0,0,0,0,0,0,0,0,0,0,0,0,0,0,0,0,0,0,0,0,26,7,45,110,-83,-319,-519,-632,-648,-561,-399,-186,48,280,497,679,812,881,852,761,595,367,92,-213,-509,-780,-981,-1117,-1156,-1101,-961,-737,-428,-92,249,575,861,1085,1203,1227,1170,1041,838,555,254,-45,-342,-597,-817,-962,-1034,-1059,-1005,-884,-718,-523,-302,-87,134,324,490,621,685,736,733,674,607,508,404,289,167,55,-61,-137,-212,-297,-360,-405,-465,-509,-534,-521,-506,-468,-419,-319,-203,-76,74,214,339,453,536,598,628,613,574,505,412,302,175,50,-82,-194,-309,-408,-470,-531,-554,-558,-541,-493,-424,-337,-245,-135,-11,99,206,311,401,468,525,553,550,511,447,386,-82,176,70,-48,-152,-252,-333,-428,-487,-502,-517,-500,-461,-402,-348,-264,-170,-82,13,95,179,252,328,390,441,508,542,563,563,525,471,407,300,151,2,-175,-370,-546,-711,-838,-943,-1011,-981,-914,-778,-586,-354,-71,216,516,810,1037,1229,1357,1379,1314,1171,937,633,300,-88,-488,-831,-1141,-1375,-1529,-1607,-1554,-1374,-1109,-770,-373,41,453,841,1174,1407,1545,1575,1496,1323,1070,732,329,-71,-475,-858,-1158,-1357,-1459,-1461,-1336,-1120,-801,-437,-56,320,653,921,1095,1171,1160,1045,860,601,319,33,-244,-481,-664,-770,-816,-794,-719,-577,-397,-175,41,250,442,565,621,590,462,287,110,-117,-82
62246,mtk,MTK 7916,2154061643,rx1-tx0,512,0,0,0,0,0,0,0,0,0,0,0,0,0,0,0,0,0,0,0,0,0,0,0,0,0,0,0,0,0,0,0,0,0,0,0,0,0,0,0,0,0,0,0,0,0,0,0,0,0,0,0,0,0,0,0,0,0,0,0,0,0,0,0,0,0,0,0,0,0,0,0,0,0,0,0,0,0,0,0,0,0,0,0,0,0,0,0,0,0,0,0,0,0,0,0,0,0,0,0,0,0,0,0,0,0,0,0,0,0,0,0,0,0,0,0,0,0,0,0,0,0,0,0,0,0,0,0,0,0,0,0,0,0,0,0,0,0,0,0,0,0,0,0,0,0,0,0,0,0,0,0,0,0,0,0,0,0,0,0,0,0,0,0,0,0,0,0,0,0,0,0,0,0,0,0,0,0,0,0,0,0,0,0,0,0,0,0,0,0,0,0,0,0,0,0,0,0,0,0,0,0,0,0,0,0,0,0,0,0,0,0,0,0,0,0,0,0,0,0,0,0,0,0,0,0,0,0,0,0,0,0,0,0,0,0,0,0,0,0,0,0,0,0,0,0,0,0,0,0,0,0,0,0,0,0,0,98,1009,1188,-510,-681,-728,-617,-381,-64,269,580,828,986,1054,1009,879,657,356,18,-347,-702,-999,-1237,-1377,-1405,-1296,-1089,-780,-380,59,515,891,1234,1465,1570,1575,1462,1227,885,497,82,-334,-705,-1015,-1250,-1384,-1410,-1369,-1241,-1000,-740,-452,-140,145,417,659,827,944,1010,1037,988,885,774,622,442,257,62,-117,-302,-446,-579,-699,-783,-831,-827,-800,-723,-628,-500,-328,-152,33,228,407,571,690,767,797,779,721,645,525,367,199,23,-148,-286,-412,-511,-556,-591,-571,-519,-457,-384,-299,-194,-90,-8,71,140,200,234,241,259,261,244,241,237,220,209,203,179,162,145,105,74,30,-686,-48,-130,-201,-258,-300,-365,-395,-418,-427,-404,-361,-299,-218,-117,-4,120,245,357,443,536,602,630,654,624,559,469,343,196,24,-141,-310,-489,-638,-757,-836,-896,-887,-824,-724,-570,-382,-160,78,322,558,764,939,1052,1095,1068,980,838,647,417,156,-116,-379,-612,-814,-973,-1065,-1091,-1067,-967,-813,-622,-383,-145,113,365,581,771,915,1000,1025,975,869,719,521,304,72,-163,-375,-559,-704,-807,-847,-840,-774,-661,-534,-379,-193,-16,147,296,426,527,585,628,639,614,544,452,346,200,49,-103,-244,-395,-534,-638,-701,-720,-677,-567,-392,-165,101,368,608,787,821,729,538,170,480,0,0,0,0,0,0,0,0,0,0,0,0,0,0,0,0,0,0,0,0,0,0,0,0,0,0,0,0,0,0,0,0,0,0,0,0,0,0,0,0,0,0,0,0,0,0,0,0,0,0,0,0,0,0,0,0,0,0,0,0,0,0,0,0,0,0,0,0,0,0,0,0,0,0,0,0,0,0,0,0,0,0,0,0,0,0,0,0,0,0,0,0,0,0,0,0,0,0,0,0,0,0,0,0,0,0,0,0,0,0,0,0,0,0,0,0,0,0,0,0,0,0,0,0,0,0,0,0,0,0,0,0,0,0,0,0,0,0,0,0,0,0,0,0,0,0,0,0,0,0,0,0,0,0,0,0,0,0,0,0,0,0,0,0,0,0,0,0,0,0,0,0,0,0,0,0,0,0,0,0,0,0,0,0,0,0,0,0,0,0,0,0,0,0,0,0,0,0,0,0,0,0,0,0,0,0,0,0,0,0,0,0,0,0,0,0,0,0,0,0,0,0,0,0,0,0,0,0,0,0,0,0,0,0,0,0,0,0,0,0,0,0,0,0,0,0,0,0,0,0,0,0,0,0,0,0,-999,832,540,-321,-92,230,554,796,919,905,778,545,266,-54,-384,-682,-940,-1126,-1215,-1213,-1089,-855,-552,-173,247,649,993,1287,1476,1567,1491,1306,1014,609,183,-240,-659,-1034,-1313,-1489,-1553,-1498,-1336,-1100,-798,-449,-73,270,609,874,1055,1191,1243,1207,1118,956,749,529,292,48,-194,-388,-549,-703,-805,-867,-882,-864,-805,-709,-604,-466,-304,-123,57,228,398,539,674,769,809,829,805,722,598,443,258,77,-114,-283,-439,-580,-670,-716,-722,-683,-602,-516,-385,-256,-119,28,142,236,311,377,417,420,400,370,337,289,224,173,126,75,37,10,-35,-70,-80,-120,-151,-178,-217,-239,-258,-281,9,-318,-315,-286,-244,-202,-147,-58,17,119,214,293,370,444,504,532,543,516,451,385,301,174,46,-102,-263,-400,-521,-627,-709,-749,-755,-731,-660,-539,-387,-217,-17,216,414,603,777,905,987,1008,974,881,740,545,304,48,-219,-481,-717,-907,-1033,-1099,-1114,-1048,-922,-751,-533,-284,-17,246,499,709,883,1007,1066,1064,998,866,691,480,236,-8,-260,-480,-675,-825,-916,-947,-920,-834,-706,-538,-338,-135,77,268,437,571,678,724,709,668,606,518,395,261,121,-34,-180,-318,-425,-522,-597,-635,-633,-600,-532,-415,-271,-95,104,308,501,667,779,812,737,580,316,-1,-303,-529,1294,1217
62247,mtk,MTK 7916,2154061643,rx1-tx1,512,0,0,0,0,0,0,0,0,0,0,0,0,0,0,0,0,0,0,0,0,0,0,0,0,0,0,0,0,0,0,0,0,0,0,0,0,0,0,0,0,0,0,0,0,0,0,0,0,0,0,0,0,0,0,0,0,0,0,0,0,0,0,0,0,0,0,0,0,0,0,0,0,0,0,0,0,0,0,0,0,0,0,0,0,0,0,0,0,0,0,0,0,0,0,0,0,0,0,0,0,0,0,0,0,0,0,0,0,0,0,0,0,0,0,0,0,0,0,0,0,0,0,0,0,0,0,0,0,0,0,0,0,0,0,0,0,0,0,0,0,0,0,0,0,0,0,0,0,0,0,0,0,0,0,0,0,0,0,0,0,0,0,0,0,0,0,0,0,0,0,0,0,0,0,0,0,0,0,0,0,0,0,0,0,0,0,0,0,0,0,0,0,0,0,0,0,0,0,0,0,0,0,0,0,0,0,0,0,0,0,0,0,0,0,0,0,0,0,0,0,0,0,0,0,0,0,0,0,0,0,0,0,0,0,0,0,0,0,0,0,0,0,0,0,0,0,0,0,0,0,0,0,0,0,0,0,-282,309,390,110,61,1,-74,-147,-194,-220,-205,-142,-43,64,162,231,242,189,95,-27,-154,-248,-270,-224,-118,26,175,277,301,242,118,-35,-189,-301,-324,-245,-90,92,254,350,344,227,31,-178,-333,-406,-369,-219,16,247,408,466,387,186,-77,-330,-486,-496,-368,-118,183,442,575,554,361,48,-284,-548,-661,-583,-341,5,367,624,703,581,279,-96,-443,-685,-727,-546,-201,181,525,723,703,482,141,-254,-572,-721,-665,-415,-55,324,596,688,570,294,-65,-396,-609,-633,-469,-179,169,464,613,572,366,56,-259,-486,-557,-470,-247,51,327,497,504,358,113,-170,-394,-484,-430,-252,0,249,416,442,325,104,-146,-342,-420,-367,-198,36,249,374,386,274,70,-154,-320,-378,-304,-128,78,273,388,372,225,1,-230,-396,-441,-346,-132,133,368,498,470,285,18,-258,-466,-541,-450,-213,111,409,575,580,428,124,-239,-526,-648,-598,-374,-25,332,588,672,566,286,-84,-434,-659,-685,-517,-206,162,491,681,675,475,134,-238,-542,-689,-637,-392,-41,319,581,668,566,310,-50,-401,-632,-674,-535,-255,119,461,666,694,545,235,-136,-460,-663,-688,-532,-239,111,429,631,669,534,265,-65,-379,-593,-645,-543,-319,-25,274,510,628,610,457,208,-54,-281,-452,-529,-505,-45,88,0,0,0,0,0,0,0,0,0,0,0,0,0,0,0,0,0,0,0,0,0,0,0,0,0,0,0,0,0,0,0,0,0,0,0,0,0,0,0,0,0,0,0,0,0,0,0,0,0,0,0,0,0,0,0,0,0,0,0,0,0,0,0,0,0,0,0,0,0,0,0,0,0,0,0,0,0,0,0,0,0,0,0,0,0,0,0,0,0,0,0,0,0,0,0,0,0,0,0,0,0,0,0,0,0,0,0,0,0,0,0,0,0,0,0,0,0,0,0,0,0,0,0,0,0,0,0,0,0,0,0,0,0,0,0,0,0,0,0,0,0,0,0,0,0,0,0,0,0,0,0,0,0,0,0,0,0,0,0,0,0,0,0,0,0,0,0,0,0,0,0,0,0,0,0,0,0,0,0,0,0,0,0,0,0,0,0,0,0,0,0,0,0,0,0,0,0,0,0,0,0,0,0,0,0,0,0,0,0,0,0,0,0,0,0,0,0,0,0,0,0,0,0,0,0,0,0,0,0,0,0,0,0,0,0,0,0,0,0,0,0,0,0,0,0,0,0,0,0,0,0,0,0,0,0,0,288,407,309,112,156,183,189,154,78,-13,-107,-188,-232,-224,-173,-76,49,159,236,261,220,118,-21,-154,-247,-280,-239,-127,37,188,280,299,235,92,-80,-234,-332,-342,-247,-70,137,295,370,355,231,24,-200,-387,-445,-375,-198,43,283,447,494,386,152,-145,-399,-537,-523,-362,-84,240,497,623,572,350,16,-325,-580,-677,-579,-298,64,409,651,725,585,256,-141,-499,-710,-716,-524,-186,199,528,705,681,452,98,-284,-576,-695,-613,-352,14,369,612,674,531,223,-129,-430,-602,-598,-417,-111,224,473,585,514,292,-19,-312,-495,-533,-427,-186,110,352,482,473,309,44,-216,-401,0,-378,-181,67,289,414,397,256,41,-184,-355,-421,-332,-133,90,286,385,357,213,-7,-230,-369,-376,-266,-71,153,339,419,353,170,-72,-304,-455,-469,-331,-70,213,429,525,470,277,-30,-343,-535,-567,-447,-177,164,455,612,588,391,72,-278,-549,-659,-576,-319,40,388,631,697,564,265,-121,-468,-664,-677,-505,-185,194,513,692,668,433,65,-305,-573,-691,-605,-346,11,363,611,681,560,281,-80,-425,-637,-671,-525,-227,140,461,659,678,525,231,-134,-464,-655,-685,-542,-257,93,413,617,666,547,300,-19,-328,-552,-627,-551,-358,-95,190,435,582,610,524,346,140,-86,512,503
62248,mtk,MTK 7916,2154061643,rx2-tx0,512,0,0,0,0,0,0,0,0,0,0,0,0,0,0,0,0,0,0,0,0,0,0,0,0,0,0,0,0,0,0,0,0,0,0,0,0,0,0,0,0,0,0,0,0,0,0,0,0,0,0,0,0,0,0,0,0,0,0,0,0,0,0,0,0,0,0,0,0,0,0,0,0,0,0,0,0,0,0,0,0,0,0,0,0,0,0,0,0,0,0,0,0,0,0,0,0,0,0,0,0,0,0,0,0,0,0,0,0,0,0,0,0,0,0,0,0,0,0,0,0,0,0,0,0,0,0,0,0,0,0,0,0,0,0,0,0,0,0,0,0,0,0,0,0,0,0,0,0,0,0,0,0,0,0,0,0,0,0,0,0,0,0,0,0,0,0,0,0,0,0,0,0,0,0,0,0,0,0,0,0,0,0,0,0,0,0,0,0,0,0,0,0,0,0,0,0,0,0,0,0,0,0,0,0,0,0,0,0,0,0,0,0,0,0,0,0,0,0,0,0,0,0,0,0,0,0,0,0,0,0,0,0,0,0,0,0,0,0,0,0,0,0,0,0,0,0,0,0,0,0,0,0,0,0,0,0,794,-826,-785,-124,-143,-146,-123,-69,1,71,137,187,190,143,64,-26,-99,-161,-191,-174,-107,-10,93,166,206,200,141,35,-68,-154,-203,-199,-149,-56,55,138,171,164,109,25,-73,-133,-152,-130,-61,28,104,144,142,84,8,-78,-142,-163,-136,-72,24,124,186,187,147,63,-54,-159,-217,-227,-161,-34,87,176,223,214,157,61,-72,-175,-220,-195,-120,-22,76,156,191,160,98,9,-84,-153,-177,-143,-55,42,116,151,140,96,38,-50,-133,-162,-140,-89,-31,49,120,154,132,92,41,-23,-85,-123,-117,-83,-31,20,56,89,100,82,63,35,-19,-62,-87,-80,-68,-46,0,26,58,90,103,87,53,-1,-69,-120,-136,-131,-93,-36,19,92,152,156,134,76,-16,-96,-142,-170,-149,-83,16,108,163,177,149,81,-10,-113,-183,-196,-155,-72,22,125,194,211,159,79,-26,-128,-201,-210,-150,-67,20,108,166,168,134,61,-31,-106,-137,-125,-75,-12,55,95,116,99,46,-28,-82,-117,-121,-95,-40,31,89,119,123,95,39,-23,-78,-103,-102,-91,-61,-4,49,77,91,83,68,43,-4,-48,-65,-74,-74,-63,-37,-23,-14,22,57,83,91,86,73,48,7,-41,-82,-104,-120,-117,-91,-33,32,89,117,129,136,124,72,20,-12,-44,-619,-732,0,0,0,0,0,0,0,0,0,0,0,0,0,0,0,0,0,0,0,0,0,0,0,0,0,0,0,0,0,0,0,0,0,0,0,0,0,0,0,0,0,0,0,0,0,0,0,0,0,0,0,0,0,0,0,0,0,0,0,0,0,0,0,0,0,0,0,0,0,0,0,0,0,0,0,0,0,0,0,0,0,0,0,0,0,0,0,0,0,0,0,0,0,0,0,0,0,0,0,0,0,0,0,0,0,0,0,0,0,0,0,0,0,0,0,0,0,0,0,0,0,0,0,0,0,0,0,0,0,0,0,0,0,0,0,0,0,0,0,0,0,0,0,0,0,0,0,0,0,0,0,0,0,0,0,0,0,0,0,0,0,0,0,0,0,0,0,0,0,0,0,0,0,0,0,0,0,0,0,0,0,0,0,0,0,0,0,0,0,0,0,0,0,0,0,0,0,0,0,0,0,0,0,0,0,0,0,0,0,0,0,0,0,0,0,0,0,0,0,0,0,0,0,0,0,0,0,0,0,0,0,0,0,0,0,0,0,0,0,0,0,0,0,0,0,0,0,0,0,0,0,0,0,0,0,0,572,83,307,36,-19,-70,-116,-161,-184,-165,-118,-44,42,121,172,186,154,89,1,-102,-177,-202,-174,-116,-30,73,156,199,193,135,49,-39,-122,-180,-187,-128,-36,54,124,161,143,78,-3,-74,-133,-151,-115,-41,45,117,149,134,74,-22,-104,-159,-182,-161,-74,51,149,201,202,153,54,-61,-166,-236,-232,-162,-50,61,163,224,217,144,28,-81,-166,-205,-174,-99,-22,78,161,184,152,83,-15,-98,-155,-167,-122,-42,41,118,171,169,111,20,-58,-120,-148,-142,-97,-34,38,99,127,123,100,48,-13,-65,-96,-106,-75,-35,2,38,74,81,62,54,40,-2,-48,-81,0,-87,-64,-25,26,62,87,105,104,70,19,-49,-113,-142,-144,-117,-48,25,96,149,163,141,90,-3,-97,-153,-174,-148,-70,28,112,160,170,142,72,-35,-137,-192,-193,-147,-68,36,144,209,204,156,75,-26,-118,-172,-182,-138,-45,42,105,145,151,103,34,-32,-100,-140,-121,-66,2,64,109,119,98,46,-17,-87,-112,-108,-85,-36,38,97,114,109,84,28,-22,-73,-113,-116,-102,-68,-20,31,72,91,96,86,51,22,-1,-23,-44,-62,-78,-79,-66,-57,-25,21,48,76,95,91,75,44,5,-44,-86,-119,-136,-116,-73,-28,26,78,110,124,123,100,-522,-357
62249,mtk,MTK 7916,2154061643,rx2-tx1,512,0,0,0,0,0,0,0,0,0,0,0,0,0,0,0,0,0,0,0,0,0,0,0,0,0,0,0,0,0,0,0,0,0,0,0,0,0,0,0,0,0,0,0,0,0,0,0,0,0,0,0,0,0,0,0,0,0,0,0,0,0,0,0,0,0,0,0,0,0,0,0,0,0,0,0,0,0,0,0,0,0,0,0,0,0,0,0,0,0,0,0,0,0,0,0,0,0,0,0,0,0,0,0,0,0,0,0,0,0,0,0,0,0,0,0,0,0,0,0,0,0,0,0,0,0,0,0,0,0,0,0,0,0,0,0,0,0,0,0,0,0,0,0,0,0,0,0,0,0,0,0,0,0,0,0,0,0,0,0,0,0,0,0,0,0,0,0,0,0,0,0,0,0,0,0,0,0,0,0,0,0,0,0,0,0,0,0,0,0,0,0,0,0,0,0,0,0,0,0,0,0,0,0,0,0,0,0,0,0,0,0,0,0,0,0,0,0,0,0,0,0,0,0,0,0,0,0,0,0,0,0,0,0,0,0,0,0,0,0,0,0,0,0,0,0,0,0,0,0,0,0,0,0,0,0,0,381,481,583,30,49,69,83,91,87,59,19,-22,-60,-97,-112,-104,-62,-8,46,96,136,137,101,48,-29,-116,-176,-190,-160,-90,7,111,194,239,227,163,47,-90,-208,-280,-289,-213,-81,81,235,333,337,256,110,-67,-232,-351,-388,-320,-168,36,246,383,416,348,192,-35,-253,-411,-466,-398,-213,33,266,432,499,442,257,-5,-271,-455,-526,-462,-279,-15,249,447,535,470,290,37,-233,-432,-523,-479,-286,-31,210,399,492,435,262,26,-207,-388,-444,-383,-226,-8,216,366,398,318,157,-42,-220,-332,-350,-268,-112,74,233,321,312,226,78,-94,-229,-295,-273,-171,-29,103,0,258,230,126,-11,-138,-222,-237,-184,-82,46,168,235,224,154,47,-88,-178,-206,-176,-98,15,113,184,193,139,43,-59,-158,-204,-189,-107,11,128,194,221,182,85,-41,-164,-231,-231,-169,-51,81,180,240,239,175,54,-76,-192,-253,-242,-173,-55,82,183,222,212,140,34,-81,-180,-230,-218,-137,-19,86,167,219,201,126,10,-98,-166,-189,-162,-95,-11,82,159,189,176,116,21,-74,-148,-192,-187,-126,-41,53,134,190,202,162,87,-3,-95,-160,-192,-187,-138,-61,24,89,140,162,148,96,31,-38,-96,-127,-140,-134,-88,-23,35,84,119,140,137,113,68,19,204,0,0,0,0,0,0,0,0,0,0,0,0,0,0,0,0,0,0,0,0,0,0,0,0,0,0,0,0,0,0,0,0,0,0,0,0,0,0,0,0,0,0,0,0,0,0,0,0,0,0,0,0,0,0,0,0,0,0,0,0,0,0,0,0,0,0,0,0,0,0,0,0,0,0,0,0,0,0,0,0,0,0,0,0,0,0,0,0,0,0,0,0,0,0,0,0,0,0,0,0,0,0,0,0,0,0,0,0,0,0,0,0,0,0,0,0,0,0,0,0,0,0,0,0,0,0,0,0,0,0,0,0,0,0,0,0,0,0,0,0,0,0,0,0,0,0,0,0,0,0,0,0,0,0,0,0,0,0,0,0,0,0,0,0,0,0,0,0,0,0,0,0,0,0,0,0,0,0,0,0,0,0,0,0,0,0,0,0,0,0,0,0,0,0,0,0,0,0,0,0,0,0,0,0,0,0,0,0,0,0,0,0,0,0,0,0,0,0,0,0,0,0,0,0,0,0,0,0,0,0,0,0,0,0,0,0,0,0,0,0,0,0,0,0,0,0,0,0,0,0,0,0,0,0,0,0,-1037,494,361,-53,-46,-36,-18,18,56,85,96,93,73,39,-11,-65,-107,-126,-119,-81,-19,49,109,150,165,143,76,-21,-114,-176,-212,-202,-128,-22,97,194,235,232,177,57,-90,-219,-299,-316,-239,-88,90,233,321,349,306,156,-54,-240,-359,-389,-324,-167,39,249,401,446,368,199,-30,-265,-443,-495,-417,-228,23,274,450,517,464,281,18,-252,-452,-525,-467,-287,-29,239,443,512,440,271,32,-228,-421,-501,-458,-279,-34,204,381,460,402,249,30,-208,-363,-410,-357,-188,32,214,333,372,299,132,-58,-223,-329,-337,-251,-98,78,233,312,300,203,52,-110,-237,-292,-252,0,-3,136,227,250,214,111,-32,-159,-233,-240,-168,-51,73,169,223,204,122,7,-108,-191,-204,-160,-73,29,125,177,173,103,10,-93,-181,-213,-166,-82,29,141,215,227,179,75,-64,-180,-245,-248,-183,-63,76,196,254,243,169,48,-84,-190,-250,-241,-173,-50,88,191,223,201,135,23,-96,-169,-201,-194,-119,-16,83,162,195,172,107,12,-94,-186,-204,-160,-98,-21,91,175,203,182,131,42,-67,-151,-193,-185,-140,-65,27,111,161,186,176,122,34,-57,-129,-168,-177,-154,-84,-3,62,117,148,150,112,54,-8,-70,-125,-146,-141,-129,-91,-30,28,73,97,688,656
62250,mtk,MTK 7916,2154094565,rx0-tx0,512,0,0,0,0,0,0,0,0,0,0,0,0,0,0,0,0,0,0,0,0,0,0,0,0,0,0,0,0,0,0,0,0,0,0,0,0,0,0,0,0,0,0,0,0,0,0,0,0,0,0,0,0,0,0,0,0,0,0,0,0,0,0,0,0,0,0,0,0,0,0,0,0,0,0,0,0,0,0,0,0,0,0,0,0,0,0,0,0,0,0,0,0,0,0,0,0,0,0,0,0,0,0,0,0,0,0,0,0,0,0,0,0,0,0,0,0,0,0,0,0,0,0,0,0,0,0,0,0,0,0,0,0,0,0,0,0,0,0,0,0,0,0,0,0,0,0,0,0,0,0,0,0,0,0,0,0,0,0,0,0,0,0,0,0,0,0,0,0,0,0,0,0,0,0,0,0,0,0,0,0,0,0,0,0,0,0,0,0,0,0,0,0,0,0,0,0,0,0,0,0,0,0,0,0,0,0,0,0,0,0,0,0,0,0,0,0,0,0,0,0,0,0,0,0,0,0,0,0,0,0,0,0,0,0,0,0,0,0,0,0,0,0,0,0,0,0,0,0,0,0,0,0,0,0,0,0,-364,703,653,-483,-665,-741,-655,-431,-133,192,493,733,898,966,929,826,646,389,103,-196,-491,-757,-972,-1084,-1137,-1117,-992,-792,-529,-227,106,419,702,943,1131,1247,1270,1213,1070,864,604,310,-16,-325,-618,-873,-1077,-1217,-1303,-1306,-1227,-1073,-861,-594,-302,23,338,626,911,1126,1266,1357,1364,1277,1127,911,637,330,7,-326,-620,-889,-1118,-1240,-1298,-1284,-1205,-1053,-848,-609,-322,-47,239,494,713,880,999,1069,1065,1008,911,759,588,394,192,-29,-248,-439,-586,-695,-772,-816,-821,-756,-680,-565,-432,-293,-137,2,141,254,352,433,478,512,518,501,469,427,365,308,250,190,132,63,-3,-68,-330,-201,-279,-343,-412,-481,-545,-579,-600,-596,-551,-482,-390,-250,-85,97,298,491,671,829,958,1027,1061,1037,927,759,547,292,-2,-324,-632,-907,-1126,-1305,-1407,-1426,-1368,-1211,-985,-692,-354,25,408,740,1041,1289,1456,1552,1552,1450,1278,1034,724,373,26,-337,-682,-988,-1240,-1421,-1526,-1539,-1474,-1335,-1113,-818,-504,-150,232,590,912,1193,1413,1551,1586,1519,1386,1161,866,515,117,-271,-644,-988,-1262,-1466,-1581,-1600,-1513,-1319,-1034,-670,-286,118,516,884,1185,1385,1517,1536,1427,1228,933,579,211,-187,-561,-879,-1139,-1298,-1373,-1357,-1232,-1017,-719,-341,77,507,901,1214,1405,1439,1259,882,377,-99,593,663,0,0,0,0,0,0,0,0,0,0,0,0,0,0,0,0,0,0,0,0,0,0,0,0,0,0,0,0,0,0,0,0,0,0,0,0,0,0,0,0,0,0,0,0,0,0,0,0,0,0,0,0,0,0,0,0,0,0,0,0,0,0,0,0,0,0,0,0,0,0,0,0,0,0,0,0,0,0,0,0,0,0,0,0,0,0,0,0,0,0,0,0,0,0,0,0,0,0,0,0,0,0,0,0,0,0,0,0,0,0,0,0,0,0,0,0,0,0,0,0,0,0,0,0,0,0,0,0,0,0,0,0,0,0,0,0,0,0,0,0,0,0,0,0,0,0,0,0,0,0,0,0,0,0,0,0,0,0,0,0,0,0,0,0,0,0,0,0,0,0,0,0,0,0,0,0,0,0,0,0,0,0,0,0,0,0,0,0,0,0,0,0,0,0,0,0,0,0,0,0,0,0,0,0,0,0,0,0,0,0,0,0,0,0,0,0,0,0,0,0,0,0,0,0,0,0,0,0,0,0,0,0,0,0,0,0,0,0,0,0,0,0,0,0,0,0,0,0,0,0,0,0,0,0,0,0,-49,-133,-318,-373,-152,161,492,741,876,881,770,571,314,22,-275,-541,-780,-956,-1041,-1047,-969,-811,-563,-275,21,339,634,881,1070,1196,1235,1167,1019,796,538,233,-82,-402,-689,-940,-1120,-1245,-1290,-1253,-1146,-967,-717,-442,-144,184,492,779,1012,1188,1301,1336,1292,1197,1018,769,480,168,-167,-492,-774,-1023,-1209,-1324,-1357,-1315,-1188,-1017,-755,-465,-165,145,448,728,934,1090,1165,1185,1155,1051,898,693,471,222,-32,-264,-480,-660,-788,-887,-942,-951,-886,-788,-653,-502,-331,-153,37,210,352,487,575,635,664,661,627,566,494,385,282,169,61,-36,-120,-204,-267,-311,-351,-378,-411,-426,-426,-423,-82,-405,-363,-320,-273,-207,-119,-9,103,234,370,484,616,728,791,832,819,762,656,500,308,81,-153,-418,-677,-898,-1072,-1201,-1266,-1257,-1165,-1012,-784,-504,-159,185,527,855,1119,1335,1481,1539,1495,1364,1158,870,539,174,-209,-567,-893,-1167,-1387,-1511,-1540,-1502,-1373,-1183,-928,-615,-259,100,444,775,1085,1327,1477,1567,1557,1447,1269,1020,709,350,-36,-403,-757,-1088,-1331,-1511,-1590,-1571,-1471,-1258,-971,-627,-241,167,565,926,1228,1441,1551,1574,1492,1304,1011,664,278,-142,-531,-878,-1168,-1356,-1451,-1449,-1320,-1118,-834,-493,-125,261,623,937,1196,1363,1405,1321,1106,771,333,-175,-688,-1070,-1267,-1243,376,227
62251,mtk,MTK 7916,2154094565,rx0-tx1,512,0,0,0,0,0,0,0,0,0,0,0,0,0,0,0,0,0,0,0,0,0,0,0,0,0,0,0,0,0,0,0,0,0,0,0,0,0,0,0,0,0,0,0,0,0,0,0,0,0,0,0,0,0,0,0,0,0,0,0,0,0,0,0,0,0,0,0,0,0,0,0,0,0,0,0,0,0,0,0,0,0,0,0,0,0,0,0,0,0,0,0,0,0,0,0,0,0,0,0,0,0,0,0,0,0,0,0,0,0,0,0,0,0,0,0,0,0,0,0,0,0,0,0,0,0,0,0,0,0,0,0,0,0,0,0,0,0,0,0,0,0,0,0,0,0,0,0,0,0,0,0,0,0,0,0,0,0,0,0,0,0,0,0,0,0,0,0,0,0,0,0,0,0,0,0,0,0,0,0,0,0,0,0,0,0,0,0,0,0,0,0,0,0,0,0,0,0,0,0,0,0,0,0,0,0,0,0,0,0,0,0,0,0,0,0,0,0,0,0,0,0,0,0,0,0,0,0,0,0,0,0,0,0,0,0,0,0,0,0,0,0,0,0,0,0,0,0,0,0,0,0,0,0,0,0,0,-449,-153,-133,310,473,556,517,373,155,-87,-331,-537,-679,-771,-771,-699,-570,-380,-141,129,402,654,864,998,1054,1028,899,693,398,61,-278,-606,-896,-1102,-1220,-1254,-1191,-1017,-757,-450,-119,223,529,780,984,1120,1151,1115,1008,807,589,342,81,-168,-398,-595,-742,-842,-884,-856,-787,-684,-553,-386,-210,-45,86,225,350,417,460,508,520,506,492,448,417,373,297,225,134,47,-68,-178,-298,-405,-491,-561,-604,-599,-570,-513,-431,-313,-168,-40,102,224,351,453,526,572,579,572,531,453,378,287,175,56,-68,-180,-288,-375,-443,-503,-543,-545,-523,-482,-426,-343,-225,-116,3,127,242,355,510,497,538,550,540,511,447,359,253,155,37,-92,-181,-263,-354,-404,-449,-482,-490,-490,-472,-436,-379,-301,-218,-123,-15,85,199,326,448,556,641,717,764,767,736,642,495,325,116,-129,-359,-612,-833,-1003,-1152,-1207,-1181,-1087,-916,-673,-385,-51,306,649,958,1224,1414,1514,1500,1388,1170,872,510,92,-323,-722,-1069,-1346,-1513,-1598,-1590,-1442,-1190,-884,-491,-57,359,761,1094,1349,1520,1559,1481,1303,1034,676,269,-137,-534,-877,-1146,-1322,-1382,-1333,-1169,-907,-582,-238,122,455,723,914,1024,1043,967,814,602,360,97,-148,-354,-532,-664,-740,-727,-652,-521,-336,-119,114,317,460,513,478,-110,-144,0,0,0,0,0,0,0,0,0,0,0,0,0,0,0,0,0,0,0,0,0,0,0,0,0,0,0,0,0,0,0,0,0,0,0,0,0,0,0,0,0,0,0,0,0,0,0,0,0,0,0,0,0,0,0,0,0,0,0,0,0,0,0,0,0,0,0,0,0,0,0,0,0,0,0,0,0,0,0,0,0,0,0,0,0,0,0,0,0,0,0,0,0,0,0,0,0,0,0,0,0,0,0,0,0,0,0,0,0,0,0,0,0,0,0,0,0,0,0,0,0,0,0,0,0,0,0,0,0,0,0,0,0,0,0,0,0,0,0,0,0,0,0,0,0,0,0,0,0,0,0,0,0,0,0,0,0,0,0,0,0,0,0,0,0,0,0,0,0,0,0,0,0,0,0,0,0,0,0,0,0,0,0,0,0,0,0,0,0,0,0,0,0,0,0,0,0,0,0,0,0,0,0,0,0,0,0,0,0,0,0,0,0,0,0,0,0,0,0,0,0,0,0,0,0,0,0,0,0,0,0,0,0,0,0,0,0,0,0,0,0,0,0,0,0,0,0,0,0,0,0,0,0,0,0,0,26,7,45,305,163,-67,-311,-520,-646,-686,-639,-500,-313,-84,173,402,609,784,889,918,864,722,513,245,-51,-360,-657,-905,-1096,-1183,-1178,-1077,-868,-580,-249,88,436,754,1000,1164,1243,1218,1096,899,665,370,56,-225,-503,-735,-887,-1006,-1044,-999,-901,-751,-558,-363,-133,83,263,419,555,650,693,681,643,595,504,398,309,206,86,-7,-92,-173,-245,-330,-399,-453,-475,-509,-521,-513,-485,-411,-321,-212,-70,72,204,331,443,538,580,601,592,552,496,395,286,161,30,-96,-234,-334,-408,-472,-520,-551,-545,-523,-476,-405,-314,-218,-97,18,133,244,347,444,505,533,548,533,502,438,-82,241,119,-1,-111,-220,-323,-409,-466,-501,-532,-510,-465,-426,-354,-273,-193,-95,-5,80,171,261,350,419,476,523,554,563,562,533,472,378,276,135,-35,-215,-405,-590,-754,-877,-973,-1001,-968,-896,-723,-524,-267,32,334,622,898,1113,1273,1369,1367,1261,1066,799,471,99,-299,-684,-1031,-1307,-1504,-1589,-1569,-1445,-1218,-887,-499,-110,323,740,1079,1343,1533,1596,1552,1392,1129,797,407,-20,-428,-793,-1117,-1365,-1481,-1480,-1363,-1135,-848,-480,-93,297,654,935,1115,1202,1203,1081,878,616,329,19,-275,-527,-714,-828,-872,-823,-720,-577,-386,-164,77,284,453,580,638,614,501,326,114,-58,-117,-82
62252,mtk,MTK 7916,2154094565,rx1-tx0,512,0,0,0,0,0,0,0,0,0,0,0,0,0,0,0,0,0,0,0,0,0,0,0,0,0,0,0,0,0,0,0,0,0,0,0,0,0,0,0,0,0,0,0,0,0,0,0,0,0,0,0,0,0,0,0,0,0,0,0,0,0,0,0,0,0,0,0,0,0,0,0,0,0,0,0,0,0,0,0,0,0,0,0,0,0,0,0,0,0,0,0,0,0,0,0,0,0,0,0,0,0,0,0,0,0,0,0,0,0,0,0,0,0,0,0,0,0,0,0,0,0,0,0,0,0,0,0,0,0,0,0,0,0,0,0,0,0,0,0,0,0,0,0,0,0,0,0,0,0,0,0,0,0,0,0,0,0,0,0,0,0,0,0,0,0,0,0,0,0,0,0,0,0,0,0,0,0,0,0,0,0,0,0,0,0,0,0,0,0,0,0,0,0,0,0,0,0,0,0,0,0,0,0,0,0,0,0,0,0,0,0,0,0,0,0,0,0,0,0,0,0,0,0,0,0,0,0,0,0,0,0,0,0,0,0,0,0,0,0,0,0,0,0,0,0,0,0,0,0,0,0,0,0,0,0,0,98,1009,1188,-278,-540,-738,-796,-708,-491,-192,140,462,729,939,1053,1074,992,811,555,224,-137,-506,-865,-1140,-1332,-1426,-1384,-1223,-941,-590,-159,278,708,1084,1346,1519,1575,1502,1294,1007,655,255,-143,-521,-850,-1103,-1261,-1356,-1355,-1232,-1061,-831,-555,-271,22,280,520,722,884,958,989,958,899,794,658,491,324,148,-50,-238,-392,-526,-666,-753,-808,-838,-801,-749,-657,-520,-342,-158,37,241,412,563,686,761,797,778,723,615,481,329,149,-15,-159,-302,-407,-487,-540,-554,-538,-491,-434,-349,-257,-167,-74,5,89,145,182,227,238,250,255,241,238,230,230,216,181,168,169,134,86,47,-686,-50,-123,-190,-249,-299,-359,-398,-418,-413,-388,-352,-297,-223,-131,-16,99,213,339,447,531,592,629,636,615,530,431,319,159,-3,-171,-360,-522,-657,-760,-841,-884,-863,-786,-673,-518,-314,-80,172,414,634,824,966,1070,1082,1027,907,738,531,283,8,-260,-496,-723,-901,-1017,-1075,-1064,-985,-858,-677,-453,-196,63,309,540,737,893,984,1005,978,887,732,554,333,93,-130,-362,-555,-696,-791,-848,-844,-777,-664,-526,-357,-171,6,178,329,449,547,612,638,630,585,515,419,302,167,28,-121,-282,-423,-551,-632,-683,-683,-625,-512,-351,-132,121,373,603,774,842,755,554,312,170,480,0,0,0,0,0,0,0,0,0,0,0,0,0,0,0,0,0,0,0,0,0,0,0,0,0,0,0,0,0,0,0,0,0,0,0,0,0,0,0,0,0,0,0,0,0,0,0,0,0,0,0,0,0,0,0,0,0,0,0,0,0,0,0,0,0,0,0,0,0,0,0,0,0,0,0,0,0,0,0,0,0,0,0,0,0,0,0,0,0,0,0,0,0,0,0,0,0,0,0,0,0,0,0,0,0,0,0,0,0,0,0,0,0,0,0,0,0,0,0,0,0,0,0,0,0,0,0,0,0,0,0,0,0,0,0,0,0,0,0,0,0,0,0,0,0,0,0,0,0,0,0,0,0,0,0,0,0,0,0,0,0,0,0,0,0,0,0,0,0,0,0,0,0,0,0,0,0,0,0,0,0,0,0,0,0,0,0,0,0,0,0,0,0,0,0,0,0,0,0,0,0,0,0,0,0,0,0,0,0,0,0,0,0,0,0,0,0,0,0,0,0,0,0,0,0,0,0,0,0,0,0,0,0,0,0,0,0,0,0,0,0,0,0,0,0,0,0,0,0,0,0,0,0,0,0,0,-999,832,540,-519,-409,-157,170,488,753,909,949,866,693,444,131,-198,-536,-829,-1061,-1210,-1250,-1188,-1016,-731,-388,20,443,838,1165,1405,1538,1531,1408,1143,795,403,-25,-461,-843,-1150,-1367,-1484,-1481,-1378,-1167,-883,-562,-233,130,457,717,946,1093,1161,1163,1086,973,817,599,372,136,-87,-281,-475,-628,-734,-793,-835,-846,-807,-725,-634,-504,-340,-179,4,194,364,528,670,758,816,839,804,719,602,443,265,65,-121,-297,-446,-563,-663,-703,-686,-643,-563,-458,-336,-206,-74,48,153,244,317,367,400,408,396,360,301,256,203,152,114,56,24,-9,-41,-69,-117,-144,-155,-188,-232,-258,-286,9,-321,-304,-279,-242,-205,-150,-73,11,109,199,291,369,437,486,519,524,507,458,373,270,154,16,-129,-286,-427,-533,-644,-729,-749,-750,-703,-607,-479,-324,-159,47,265,467,644,808,933,999,989,920,801,633,427,182,-84,-343,-588,-797,-960,-1073,-1110,-1067,-975,-826,-615,-373,-111,151,402,627,822,974,1047,1059,1005,894,729,515,276,28,-208,-450,-646,-793,-902,-933,-918,-858,-714,-544,-354,-148,71,275,448,584,685,728,726,691,614,508,382,230,72,-72,-213,-341,-450,-536,-591,-621,-620,-576,-489,-356,-206,-38,151,344,519,664,773,795,727,571,328,12,-307,-554,-685,1294,1217
62253,mtk,MTK 7916,2154094565,rx1-tx1,512,0,0,0,0,0,0,0,0,0,0,0,0,0,0,0,0,0,0,0,0,0,0,0,0,0,0,0,0,0,0,0,0,0,0,0,0,0,0,0,0,0,0,0,0,0,0,0,0,0,0,0,0,0,0,0,0,0,0,0,0,0,0,0,0,0,0,0,0,0,0,0,0,0,0,0,0,0,0,0,0,0,0,0,0,0,0,0,0,0,0,0,0,0,0,0,0,0,0,0,0,0,0,0,0,0,0,0,0,0,0,0,0,0,0,0,0,0,0,0,0,0,0,0,0,0,0,0,0,0,0,0,0,0,0,0,0,0,0,0,0,0,0,0,0,0,0,0,0,0,0,0,0,0,0,0,0,0,0,0,0,0,0,0,0,0,0,0,0,0,0,0,0,0,0,0,0,0,0,0,0,0,0,0,0,0,0,0,0,0,0,0,0,0,0,0,0,0,0,0,0,0,0,0,0,0,0,0,0,0,0,0,0,0,0,0,0,0,0,0,0,0,0,0,0,0,0,0,0,0,0,0,0,0,0,0,0,0,0,0,0,0,0,0,0,0,0,0,0,0,0,0,0,0,0,0,0,-282,309,390,26,-34,-94,-152,-197,-215,-192,-124,-31,73,167,225,240,198,101,-22,-139,-229,-260,-224,-127,8,149,250,288,238,124,-21,-167,-275,-316,-258,-119,61,220,330,351,270,109,-104,-282,-378,-378,-276,-76,160,366,461,412,254,14,-246,-430,-505,-433,-230,53,324,514,562,457,203,-137,-445,-614,-615,-462,-172,192,514,682,661,451,115,-260,-575,-736,-673,-425,-60,323,618,737,636,364,-6,-367,-625,-700,-574,-270,108,442,646,671,502,188,-174,-473,-622,-595,-403,-98,243,514,615,539,303,-15,-318,-502,-543,-431,-183,111,347,494,487,326,67,-208,-414,-481,-399,-208,0,266,414,426,298,90,-139,-327,-405,-349,-190,25,235,368,368,254,62,-151,-312,-369,-309,-148,67,267,383,373,235,19,-207,-370,-422,-347,-154,103,338,465,455,310,62,-218,-438,-541,-471,-256,46,341,533,572,446,176,-158,-450,-608,-597,-412,-98,253,530,662,606,372,29,-321,-587,-694,-600,-322,48,397,625,667,531,238,-122,-436,-631,-653,-475,-162,187,483,654,635,428,100,-258,-536,-653,-596,-381,-60,281,556,675,611,377,41,-299,-558,-682,-623,-399,-70,267,524,649,618,433,145,-177,-455,-608,-611,-472,-228,74,350,548,629,575,398,157,-85,-291,-431,-494,-45,88,0,0,0,0,0,0,0,0,0,0,0,0,0,0,0,0,0,0,0,0,0,0,0,0,0,0,0,0,0,0,0,0,0,0,0,0,0,0,0,0,0,0,0,0,0,0,0,0,0,0,0,0,0,0,0,0,0,0,0,0,0,0,0,0,0,0,0,0,0,0,0,0,0,0,0,0,0,0,0,0,0,0,0,0,0,0,0,0,0,0,0,0,0,0,0,0,0,0,0,0,0,0,0,0,0,0,0,0,0,0,0,0,0,0,0,0,0,0,0,0,0,0,0,0,0,0,0,0,0,0,0,0,0,0,0,0,0,0,0,0,0,0,0,0,0,0,0,0,0,0,0,0,0,0,0,0,0,0,0,0,0,0,0,0,0,0,0,0,0,0,0,0,0,0,0,0,0,0,0,0,0,0,0,0,0,0,0,0,0,0,0,0,0,0,0,0,0,0,0,0,0,0,0,0,0,0,0,0,0,0,0,0,0,0,0,0,0,0,0,0,0,0,0,0,0,0,0,0,0,0,0,0,0,0,0,0,0,0,0,0,0,0,0,0,0,0,0,0,0,0,0,0,0,0,0,0,288,407,309,146,158,155,124,58,-25,-118,-189,-228,-219,-160,-70,45,155,233,251,207,103,-20,-141,-237,-275,-234,-132,11,158,265,294,252,133,-32,-196,-307,-337,-269,-113,77,256,366,366,261,92,-126,-322,-421,-392,-259,-48,186,392,479,425,250,-12,-304,-506,-549,-443,-215,78,373,578,608,460,171,-167,-473,-654,-645,-459,-136,244,550,693,660,444,89,-303,-603,-722,-648,-393,-25,357,635,730,618,320,-63,-412,-650,-692,-530,-222,137,447,626,632,452,135,-202,-477,-618,-576,-363,-46,279,511,585,480,239,-61,-327,-509,-536,-390,-132,151,385,499,452,261,6,-238,-403,0,-366,-153,99,303,418,397,251,30,-190,-347,-386,-302,-122,99,287,376,347,204,5,-199,-348,-367,-260,-68,143,326,416,371,197,-41,-278,-437,-462,-340,-118,154,381,498,458,281,4,-285,-498,-565,-464,-217,107,413,593,585,419,142,-197,-498,-645,-610,-407,-70,294,574,685,593,343,-6,-365,-625,-707,-579,-286,81,423,638,676,517,210,-150,-465,-645,-639,-451,-128,230,514,656,616,392,59,-272,-529,-660,-610,-381,-36,314,574,678,605,382,56,-290,-560,-684,-626,-411,-104,216,482,629,620,453,176,-141,-413,-586,-614,-508,-294,-21,251,472,591,586,482,315,109,512,503
62254,mtk,MTK 7916,2154094565,rx2-tx0,512,0,0,0,0,0,0,0,0,0,0,0,0,0,0,0,0,0,0,0,0,0,0,0,0,0,0,0,0,0,0,0,0,0,0,0,0,0,0,0,0,0,0,0,0,0,0,0,0,0,0,0,0,0,0,0,0,0,0,0,0,0,0,0,0,0,0,0,0,0,0,0,0,0,0,0,0,0,0,0,0,0,0,0,0,0,0,0,0,0,0,0,0,0,0,0,0,0,0,0,0,0,0,0,0,0,0,0,0,0,0,0,0,0,0,0,0,0,0,0,0,0,0,0,0,0,0,0,0,0,0,0,0,0,0,0,0,0,0,0,0,0,0,0,0,0,0,0,0,0,0,0,0,0,0,0,0,0,0,0,0,0,0,0,0,0,0,0,0,0,0,0,0,0,0,0,0,0,0,0,0,0,0,0,0,0,0,0,0,0,0,0,0,0,0,0,0,0,0,0,0,0,0,0,0,0,0,0,0,0,0,0,0,0,0,0,0,0,0,0,0,0,0,0,0,0,0,0,0,0,0,0,0,0,0,0,0,0,0,0,0,0,0,0,0,0,0,0,0,0,0,0,0,0,0,0,0,794,-826,-785,-137,-118,-94,-54,11,86,145,170,163,129,68,-14,-104,-166,-190,-169,-112,-26,68,153,196,196,144,54,-50,-138,-187,-189,-152,-69,34,124,170,166,120,53,-34,-112,-152,-134,-85,-15,68,139,157,121,43,-35,-107,-156,-164,-103,-19,65,140,189,176,105,-5,-121,-203,-225,-183,-99,6,118,211,237,191,99,-16,-128,-200,-213,-170,-82,26,122,176,187,154,63,-37,-115,-171,-171,-109,-27,52,121,148,139,91,5,-76,-131,-154,-131,-79,-17,61,123,139,126,85,30,-38,-94,-127,-122,-85,-30,19,65,87,100,93,68,19,-28,-62,-79,-79,-70,-52,0,37,70,87,98,85,54,-3,-61,-109,-136,-133,-112,-52,33,106,157,162,124,59,-21,-105,-164,-179,-146,-75,4,79,143,179,151,82,-15,-114,-181,-192,-152,-78,23,126,192,196,150,72,-22,-108,-166,-182,-142,-78,6,105,162,163,121,55,-25,-86,-118,-128,-91,-21,45,92,127,118,63,2,-54,-97,-119,-97,-41,20,67,103,114,89,53,3,-57,-99,-117,-118,-88,-32,28,78,105,96,75,50,28,-10,-40,-59,-75,-80,-69,-52,-30,-3,19,45,64,80,87,77,50,7,-43,-81,-114,-132,-121,-84,-39,24,80,123,142,144,126,89,38,-13,-619,-732,0,0,0,0,0,0,0,0,0,0,0,0,0,0,0,0,0,0,0,0,0,0,0,0,0,0,0,0,0,0,0,0,0,0,0,0,0,0,0,0,0,0,0,0,0,0,0,0,0,0,0,0,0,0,0,0,0,0,0,0,0,0,0,0,0,0,0,0,0,0,0,0,0,0,0,0,0,0,0,0,0,0,0,0,0,0,0,0,0,0,0,0,0,0,0,0,0,0,0,0,0,0,0,0,0,0,0,0,0,0,0,0,0,0,0,0,0,0,0,0,0,0,0,0,0,0,0,0,0,0,0,0,0,0,0,0,0,0,0,0,0,0,0,0,0,0,0,0,0,0,0,0,0,0,0,0,0,0,0,0,0,0,0,0,0,0,0,0,0,0,0,0,0,0,0,0,0,0,0,0,0,0,0,0,0,0,0,0,0,0,0,0,0,0,0,0,0,0,0,0,0,0,0,0,0,0,0,0,0,0,0,0,0,0,0,0,0,0,0,0,0,0,0,0,0,0,0,0,0,0,0,0,0,0,0,0,0,0,0,0,0,0,0,0,0,0,0,0,0,0,0,0,0,0,0,0,572,83,307,-29,-81,-120,-155,-175,-162,-101,-33,39,111,171,176,144,92,18,-73,-152,-192,-177,-119,-37,62,147,208,215,164,71,-37,-121,-174,-178,-140,-64,26,107,152,161,112,35,-56,-116,-142,-128,-68,14,78,130,145,113,35,-56,-125,-165,-156,-95,4,110,187,208,186,111,-1,-108,-184,-216,-193,-112,11,133,222,240,191,103,-4,-112,-187,-199,-153,-77,22,119,186,186,127,36,-56,-127,-157,-151,-100,-23,59,124,151,133,87,11,-72,-130,-147,-129,-83,-9,63,109,129,116,93,42,-17,-66,-99,-99,-76,-40,1,30,57,71,70,44,12,-13,-44,-88,0,-107,-72,-25,24,64,103,128,119,77,17,-50,-115,-155,-157,-123,-49,47,123,160,165,137,71,-15,-107,-169,-185,-144,-70,9,92,155,179,154,80,-17,-109,-184,-210,-178,-93,17,120,181,199,166,89,-6,-98,-172,-186,-142,-69,26,111,152,143,114,56,-20,-89,-121,-111,-80,-27,45,102,114,97,59,4,-70,-129,-127,-93,-42,19,81,121,124,98,59,7,-50,-90,-110,-105,-75,-39,1,43,63,72,73,61,39,21,-12,-37,-57,-77,-87,-78,-61,-36,-5,19,50,93,108,96,71,35,-17,-69,-115,-140,-137,-108,-74,-34,28,91,133,135,124,-522,-357
62255,mtk,MTK 7916,2154094565,rx2-tx1,512,0,0,0,0,0,0,0,0,0,0,0,0,0,0,0,0,0,0,0,0,0,0,0,0,0,0,0,0,0,0,0,0,0,0,0,0,0,0,0,0,0,0,0,0,0,0,0,0,0,0,0,0,0,0,0,0,0,0,0,0,0,0,0,0,0,0,0,0,0,0,0,0,0,0,0,0,0,0,0,0,0,0,0,0,0,0,0,0,0,0,0,0,0,0,0,0,0,0,0,0,0,0,0,0,0,0,0,0,0,0,0,0,0,0,0,0,0,0,0,0,0,0,0,0,0,0,0,0,0,0,0,0,0,0,0,0,0,0,0,0,0,0,0,0,0,0,0,0,0,0,0,0,0,0,0,0,0,0,0,0,0,0,0,0,0,0,0,0,0,0,0,0,0,0,0,0,0,0,0,0,0,0,0,0,0,0,0,0,0,0,0,0,0,0,0,0,0,0,0,0,0,0,0,0,0,0,0,0,0,0,0,0,0,0,0,0,0,0,0,0,0,0,0,0,0,0,0,0,0,0,0,0,0,0,0,0,0,0,0,0,0,0,0,0,0,0,0,0,0,0,0,0,0,0,0,0,381,481,583,43,57,73,81,73,53,17,-27,-68,-91,-98,-96,-69,-18,45,98,134,145,116,54,-15,-87,-150,-182,-162,-105,-21,75,174,221,208,159,59,-69,-178,-253,-271,-212,-107,25,177,289,328,289,170,3,-166,-305,-377,-346,-220,-32,160,319,406,389,271,75,-160,-353,-443,-427,-304,-110,140,350,479,475,354,140,-111,-347,-493,-509,-403,-182,101,345,495,516,397,183,-68,-310,-482,-513,-401,-186,64,283,432,467,382,194,-44,-266,-403,-430,-341,-160,62,258,377,379,275,111,-80,-253,-350,-338,-242,-88,98,263,333,303,195,40,-114,-230,-284,-259,-161,-18,131,0,269,221,125,4,-133,-226,-234,-164,-58,57,154,210,202,137,26,-84,-165,-198,-177,-97,17,120,186,193,143,58,-40,-143,-200,-178,-93,12,114,191,210,161,68,-41,-146,-222,-244,-181,-74,58,167,235,246,190,85,-52,-168,-231,-229,-177,-72,50,160,226,220,160,61,-54,-155,-208,-215,-160,-64,56,146,191,184,130,43,-46,-126,-187,-184,-122,-29,62,127,171,186,143,54,-34,-116,-180,-190,-159,-94,-2,88,142,171,170,124,50,-34,-115,-166,-175,-147,-88,-24,39,90,132,151,125,72,16,-40,-96,-123,-134,-121,-81,-25,36,83,115,129,124,100,19,204,0,0,0,0,0,0,0,0,0,0,0,0,0,0,0,0,0,0,0,0,0,0,0,0,0,0,0,0,0,0,0,0,0,0,0,0,0,0,0,0,0,0,0,0,0,0,0,0,0,0,0,0,0,0,0,0,0,0,0,0,0,0,0,0,0,0,0,0,0,0,0,0,0,0,0,0,0,0,0,0,0,0,0,0,0,0,0,0,0,0,0,0,0,0,0,0,0,0,0,0,0,0,0,0,0,0,0,0,0,0,0,0,0,0,0,0,0,0,0,0,0,0,0,0,0,0,0,0,0,0,0,0,0,0,0,0,0,0,0,0,0,0,0,0,0,0,0,0,0,0,0,0,0,0,0,0,0,0,0,0,0,0,0,0,0,0,0,0,0,0,0,0,0,0,0,0,0,0,0,0,0,0,0,0,0,0,0,0,0,0,0,0,0,0,0,0,0,0,0,0,0,0,0,0,0,0,0,0,0,0,0,0,0,0,0,0,0,0,0,0,0,0,0,0,0,0,0,0,0,0,0,0,0,0,0,0,0,0,0,0,0,0,0,0,0,0,0,0,0,0,0,0,0,0,0,0,-1037,494,361,-38,-24,-8,21,52,77,93,95,77,43,-4,-48,-85,-112,-122,-100,-38,34,95,132,152,140,89,7,-80,-155,-189,-188,-138,-48,64,171,248,263,199,88,-50,-190,-284,-300,-251,-139,10,165,294,356,327,203,30,-162,-326,-391,-363,-246,-54,165,339,426,411,294,88,-154,-358,-477,-467,-327,-100,147,370,495,498,375,155,-113,-355,-498,-512,-400,-187,80,333,481,503,397,193,-67,-310,-467,-496,-393,-190,47,268,415,456,365,177,-51,-258,-388,-405,-312,-137,75,254,358,352,252,91,-95,-260,-343,-318,-216,-61,117,246,298,283,193,41,-116,-236,-275,-234,0,3,136,226,248,206,106,-41,-165,-227,-223,-160,-46,79,183,234,210,113,0,-111,-190,-208,-155,-68,43,133,175,176,123,23,-89,-171,-205,-180,-101,2,108,198,223,175,75,-51,-156,-225,-243,-186,-78,57,169,245,250,189,81,-48,-168,-238,-235,-168,-65,50,158,221,212,155,51,-64,-155,-198,-194,-132,-41,49,125,178,191,129,34,-61,-142,-183,-178,-132,-51,51,131,174,184,151,76,-21,-110,-165,-184,-162,-100,-23,54,132,181,190,154,85,4,-72,-126,-154,-148,-116,-61,11,75,123,148,135,87,33,-21,-75,-114,-131,-130,-107,-74,-35,11,54,688,656
62256,mtk,MTK 7916,2154124150,rx0-tx0,512,0,0,0,0,0,0,0,0,0,0,0,0,0,0,0,0,0,0,0,0,0,0,0,0,0,0,0,0,0,0,0,0,0,0,0,0,0,0,0,0,0,0,0,0,0,0,0,0,0,0,0,0,0,0,0,0,0,0,0,0,0,0,0,0,0,0,0,0,0,0,0,0,0,0,0,0,0,0,0,0,0,0,0,0,0,0,0,0,0,0,0,0,0,0,0,0,0,0,0,0,0,0,0,0,0,0,0,0,0,0,0,0,0,0,0,0,0,0,0,0,0,0,0,0,0,0,0,0,0,0,0,0,0,0,0,0,0,0,0,0,0,0,0,0,0,0,0,0,0,0,0,0,0,0,0,0,0,0,0,0,0,0,0,0,0,0,0,0,0,0,0,0,0,0,0,0,0,0,0,0,0,0,0,0,0,0,0,0,0,0,0,0,0,0,0,0,0,0,0,0,0,0,0,0,0,0,0,0,0,0,0,0,0,0,0,0,0,0,0,0,0,0,0,0,0,0,0,0,0,0,0,0,0,0,0,0,0,0,0,0,0,0,0,0,0,0,0,0,0,0,0,0,0,0,0,0,-364,703,653,-610,-613,-408,-59,334,668,869,926,819,584,272,-92,-449,-767,-978,-1076,-1041,-857,-576,-224,167,554,881,1105,1207,1164,1003,723,359,-63,-463,-815,-1085,-1235,-1290,-1193,-976,-681,-306,111,507,867,1137,1294,1328,1239,1028,717,348,-60,-464,-824,-1128,-1326,-1375,-1325,-1146,-834,-462,-52,360,748,1073,1286,1385,1348,1181,903,549,144,-276,-648,-956,-1180,-1274,-1252,-1130,-882,-594,-257,100,439,722,931,1056,1085,1017,865,641,361,80,-193,-463,-666,-807,-884,-862,-791,-661,-459,-237,-36,191,378,519,616,656,641,580,480,351,205,59,-76,-202,-290,-361,-414,-427,-423,-398,-366,-315,-252,-185,-330,-7,115,226,322,439,525,586,604,572,501,371,211,5,-222,-450,-667,-837,-947,-977,-900,-749,-535,-231,118,477,798,1077,1250,1313,1254,1062,761,388,-59,-511,-919,-1236,-1449,-1519,-1455,-1265,-923,-489,-18,450,890,1256,1505,1597,1537,1349,1038,631,166,-309,-751,-1121,-1403,-1571,-1563,-1422,-1166,-805,-365,120,576,1007,1328,1529,1594,1512,1288,941,496,5,-484,-945,-1308,-1537,-1621,-1567,-1344,-981,-524,-29,502,970,1312,1559,1628,1532,1273,870,385,-135,-645,-1085,-1385,-1541,-1526,-1351,-1024,-587,-94,396,837,1170,1380,1428,1319,1051,670,208,-305,-762,-1144,-1393,-1444,-1292,-918,-357,282,844,1201,1264,593,663,0,0,0,0,0,0,0,0,0,0,0,0,0,0,0,0,0,0,0,0,0,0,0,0,0,0,0,0,0,0,0,0,0,0,0,0,0,0,0,0,0,0,0,0,0,0,0,0,0,0,0,0,0,0,0,0,0,0,0,0,0,0,0,0,0,0,0,0,0,0,0,0,0,0,0,0,0,0,0,0,0,0,0,0,0,0,0,0,0,0,0,0,0,0,0,0,0,0,0,0,0,0,0,0,0,0,0,0,0,0,0,0,0,0,0,0,0,0,0,0,0,0,0,0,0,0,0,0,0,0,0,0,0,0,0,0,0,0,0,0,0,0,0,0,0,0,0,0,0,0,0,0,0,0,0,0,0,0,0,0,0,0,0,0,0,0,0,0,0,0,0,0,0,0,0,0,0,0,0,0,0,0,0,0,0,0,0,0,0,0,0,0,0,0,0,0,0,0,0,0,0,0,0,0,0,0,0,0,0,0,0,0,0,0,0,0,0,0,0,0,0,0,0,0,0,0,0,0,0,0,0,0,0,0,0,0,0,0,0,0,0,0,0,0,0,0,0,0,0,0,0,0,0,0,0,0,-49,-133,-318,-7,328,652,829,810,601,272,-104,-480,-765,-947,-995,-914,-697,-381,-30,355,703,955,1110,1137,1024,787,459,75,-325,-696,-1007,-1203,-1262,-1172,-982,-678,-311,92,493,839,1096,1265,1299,1192,983,667,289,-102,-495,-847,-1112,-1281,-1342,-1262,-1063,-772,-390,10,403,795,1105,1300,1380,1336,1169,878,509,98,-324,-712,-1028,-1247,-1352,-1322,-1160,-910,-560,-174,203,565,850,1047,1172,1178,1070,869,605,306,-4,-317,-586,-806,-937,-966,-934,-825,-644,-430,-170,83,316,519,677,735,757,722,615,482,299,104,-83,-249,-371,-461,-520,-533,-521,-462,-377,-294,-189,-88,13,98,176,254,314,379,-82,431,439,409,372,307,191,52,-114,-273,-441,-588,-704,-781,-783,-709,-573,-367,-125,172,471,725,954,1105,1157,1088,918,650,296,-91,-495,-871,-1158,-1362,-1440,-1373,-1170,-858,-453,15,484,923,1281,1495,1566,1511,1310,980,553,76,-399,-832,-1201,-1459,-1578,-1556,-1384,-1096,-726,-270,223,670,1061,1366,1550,1581,1485,1247,882,446,-33,-511,-956,-1310,-1540,-1611,-1540,-1332,-975,-526,-39,468,936,1306,1544,1642,1578,1319,945,475,-57,-561,-1017,-1356,-1551,-1589,-1456,-1158,-736,-244,268,741,1132,1398,1495,1429,1199,848,408,-73,-546,-956,-1243,-1404,-1388,-1190,-854,-377,169,709,1166,1438,1431,1130,600,46,376,227
62257,mtk,MTK 7916,2154124150,rx0-tx1,512,0,0,0,0,0,0,0,0,0,0,0,0,0,0,0,0,0,0,0,0,0,0,0,0,0,0,0,0,0,0,0,0,0,0,0,0,0,0,0,0,0,0,0,0,0,0,0,0,0,0,0,0,0,0,0,0,0,0,0,0,0,0,0,0,0,0,0,0,0,0,0,0,0,0,0,0,0,0,0,0,0,0,0,0,0,0,0,0,0,0,0,0,0,0,0,0,0,0,0,0,0,0,0,0,0,0,0,0,0,0,0,0,0,0,0,0,0,0,0,0,0,0,0,0,0,0,0,0,0,0,0,0,0,0,0,0,0,0,0,0,0,0,0,0,0,0,0,0,0,0,0,0,0,0,0,0,0,0,0,0,0,0,0,0,0,0,0,0,0,0,0,0,0,0,0,0,0,0,0,0,0,0,0,0,0,0,0,0,0,0,0,0,0,0,0,0,0,0,0,0,0,0,0,0,0,0,0,0,0,0,0,0,0,0,0,0,0,0,0,0,0,0,0,0,0,0,0,0,0,0,0,0,0,0,0,0,0,0,0,0,0,0,0,0,0,0,0,0,0,0,0,0,0,0,0,0,-449,-153,-133,435,452,340,94,-191,-457,-636,-703,-651,-494,-257,18,302,575,778,881,870,741,509,181,-190,-547,-849,-1055,-1136,-1058,-850,-529,-142,290,691,1003,1201,1254,1140,893,560,164,-249,-611,-926,-1111,-1150,-1088,-911,-638,-298,46,362,645,839,945,963,870,704,480,224,-31,-277,-479,-615,-676,-680,-640,-526,-384,-248,-107,48,182,286,374,426,460,477,462,420,361,267,144,7,-147,-301,-427,-533,-596,-592,-538,-436,-303,-131,43,211,375,488,577,597,569,492,381,237,96,-77,-235,-364,-467,-532,-559,-553,-488,-378,-257,-115,39,194,332,453,526,565,559,482,388,264,107,-42,510,-359,-463,-524,-565,-536,-460,-352,-217,-88,49,188,314,415,484,497,480,444,376,285,168,54,-68,-201,-319,-434,-524,-563,-584,-569,-508,-387,-226,-33,175,399,616,788,893,922,855,714,487,205,-127,-472,-785,-1039,-1201,-1237,-1156,-948,-617,-227,216,654,1027,1313,1477,1490,1321,1007,608,116,-408,-889,-1280,-1518,-1601,-1520,-1273,-883,-385,147,655,1084,1412,1575,1563,1383,1050,605,89,-435,-893,-1251,-1470,-1496,-1362,-1072,-651,-162,327,772,1101,1304,1331,1176,895,516,91,-321,-673,-929,-1050,-1024,-881,-626,-328,3,306,549,714,777,755,617,406,146,-130,-378,-547,-632,-599,-424,-187,34,-110,-144,0,0,0,0,0,0,0,0,0,0,0,0,0,0,0,0,0,0,0,0,0,0,0,0,0,0,0,0,0,0,0,0,0,0,0,0,0,0,0,0,0,0,0,0,0,0,0,0,0,0,0,0,0,0,0,0,0,0,0,0,0,0,0,0,0,0,0,0,0,0,0,0,0,0,0,0,0,0,0,0,0,0,0,0,0,0,0,0,0,0,0,0,0,0,0,0,0,0,0,0,0,0,0,0,0,0,0,0,0,0,0,0,0,0,0,0,0,0,0,0,0,0,0,0,0,0,0,0,0,0,0,0,0,0,0,0,0,0,0,0,0,0,0,0,0,0,0,0,0,0,0,0,0,0,0,0,0,0,0,0,0,0,0,0,0,0,0,0,0,0,0,0,0,0,0,0,0,0,0,0,0,0,0,0,0,0,0,0,0,0,0,0,0,0,0,0,0,0,0,0,0,0,0,0,0,0,0,0,0,0,0,0,0,0,0,0,0,0,0,0,0,0,0,0,0,0,0,0,0,0,0,0,0,0,0,0,0,0,0,0,0,0,0,0,0,0,0,0,0,0,0,0,0,0,0,0,26,7,45,45,-190,-436,-594,-605,-484,-259,16,303,549,718,780,746,599,360,56,-272,-572,-826,-985,-1006,-904,-671,-343,52,455,805,1068,1209,1201,1025,726,347,-90,-510,-851,-1097,-1215,-1188,-1032,-761,-388,-16,349,672,915,1046,1043,970,794,531,247,-59,-337,-560,-727,-815,-836,-769,-629,-424,-211,-10,190,353,453,507,539,532,484,413,327,219,112,7,-115,-224,-335,-437,-507,-542,-535,-484,-372,-242,-78,104,272,418,531,599,607,577,475,339,182,7,-156,-313,-437,-518,-560,-572,-516,-427,-312,-169,-26,130,286,409,486,544,555,522,440,334,184,36,-139,-291,-399,-496,-543,-545,-82,-452,-313,-180,-21,150,285,405,483,518,524,486,410,306,175,32,-80,-205,-315,-404,-466,-491,-506,-484,-419,-334,-199,-57,85,242,406,547,655,717,731,691,567,377,130,-150,-430,-685,-906,-1042,-1091,-1021,-849,-581,-234,157,549,907,1182,1345,1389,1267,1007,635,183,-299,-778,-1155,-1425,-1573,-1525,-1326,-971,-503,4,526,989,1354,1575,1612,1472,1172,756,250,-277,-774,-1189,-1464,-1565,-1482,-1240,-877,-395,121,602,1020,1310,1443,1396,1181,824,386,-105,-548,-900,-1130,-1207,-1130,-912,-601,-217,155,484,728,871,900,813,629,383,106,-185,-433,-614,-704,-690,-567,-358,-109,167,387,487,489,-117,-82
62258,mtk,MTK 7916,2154124150,rx1-tx0,512,0,0,0,0,0,0,0,0,0,0,0,0,0,0,0,0,0,0,0,0,0,0,0,0,0,0,0,0,0,0,0,0,0,0,0,0,0,0,0,0,0,0,0,0,0,0,0,0,0,0,0,0,0,0,0,0,0,0,0,0,0,0,0,0,0,0,0,0,0,0,0,0,0,0,0,0,0,0,0,0,0,0,0,0,0,0,0,0,0,0,0,0,0,0,0,0,0,0,0,0,0,0,0,0,0,0,0,0,0,0,0,0,0,0,0,0,0,0,0,0,0,0,0,0,0,0,0,0,0,0,0,0,0,0,0,0,0,0,0,0,0,0,0,0,0,0,0,0,0,0,0,0,0,0,0,0,0,0,0,0,0,0,0,0,0,0,0,0,0,0,0,0,0,0,0,0,0,0,0,0,0,0,0,0,0,0,0,0,0,0,0,0,0,0,0,0,0,0,0,0,0,0,0,0,0,0,0,0,0,0,0,0,0,0,0,0,0,0,0,0,0,0,0,0,0,0,0,0,0,0,0,0,0,0,0,0,0,0,0,0,0,0,0,0,0,0,0,0,0,0,0,0,0,0,0,0,98,1009,1188,-547,-677,-632,-393,-28,370,700,917,992,903,670,320,-74,-486,-855,-1114,-1244,-1223,-1014,-660,-220,281,769,1165,1429,1526,1415,1113,686,143,-410,-906,-1298,-1532,-1584,-1431,-1124,-712,-224,291,741,1098,1321,1397,1338,1149,811,429,51,-337,-668,-913,-1075,-1128,-1053,-905,-690,-431,-149,138,401,619,763,839,855,799,695,547,344,112,-116,-336,-531,-699,-803,-843,-812,-705,-537,-315,-68,201,441,623,758,817,778,671,523,324,103,-119,-311,-468,-578,-627,-597,-538,-440,-291,-137,0,146,252,327,381,385,367,323,271,210,129,59,0,-49,-102,-158,-185,-217,-244,-251,-264,-260,-242,-199,-686,-78,16,98,186,277,346,391,411,414,382,292,178,62,-87,-254,-391,-511,-588,-602,-580,-491,-377,-224,-33,167,370,539,682,764,762,714,597,415,193,-52,-308,-557,-769,-907,-969,-932,-806,-587,-312,-4,331,624,857,1052,1106,1050,910,657,351,8,-334,-642,-894,-1054,-1106,-1068,-906,-659,-346,-18,303,610,839,1005,1066,1019,861,642,344,20,-296,-573,-772,-908,-955,-915,-775,-551,-281,-7,274,520,675,782,804,735,610,441,227,0,-206,-385,-511,-600,-632,-617,-553,-424,-250,-64,123,315,474,605,669,674,586,435,230,-29,-297,-541,-733,-819,-778,-578,-256,127,466,660,170,480,0,0,0,0,0,0,0,0,0,0,0,0,0,0,0,0,0,0,0,0,0,0,0,0,0,0,0,0,0,0,0,0,0,0,0,0,0,0,0,0,0,0,0,0,0,0,0,0,0,0,0,0,0,0,0,0,0,0,0,0,0,0,0,0,0,0,0,0,0,0,0,0,0,0,0,0,0,0,0,0,0,0,0,0,0,0,0,0,0,0,0,0,0,0,0,0,0,0,0,0,0,0,0,0,0,0,0,0,0,0,0,0,0,0,0,0,0,0,0,0,0,0,0,0,0,0,0,0,0,0,0,0,0,0,0,0,0,0,0,0,0,0,0,0,0,0,0,0,0,0,0,0,0,0,0,0,0,0,0,0,0,0,0,0,0,0,0,0,0,0,0,0,0,0,0,0,0,0,0,0,0,0,0,0,0,0,0,0,0,0,0,0,0,0,0,0,0,0,0,0,0,0,0,0,0,0,0,0,0,0,0,0,0,0,0,0,0,0,0,0,0,0,0,0,0,0,0,0,0,0,0,0,0,0,0,0,0,0,0,0,0,0,0,0,0,0,0,0,0,0,0,0,0,0,0,0,-999,832,540,-229,57,418,721,874,834,621,299,-97,-490,-822,-1035,-1107,-1039,-810,-467,-50,407,841,1161,1355,1391,1222,893,444,-77,-624,-1084,-1421,-1584,-1526,-1305,-926,-444,102,623,1054,1356,1505,1478,1282,957,546,85,-357,-758,-1063,-1198,-1253,-1187,-999,-728,-412,-53,276,554,772,912,965,936,839,681,474,244,-11,-251,-452,-624,-763,-827,-833,-761,-641,-467,-246,1,253,481,674,801,852,831,715,541,335,82,-167,-374,-558,-681,-735,-709,-618,-489,-313,-113,71,225,371,469,498,500,459,374,289,176,58,-40,-123,-177,-226,-267,-270,-261,-251,-229,-194,-152,-121,-72,-29,22,84,148,214,9,325,344,336,312,255,175,81,-29,-138,-270,-388,-456,-506,-528,-483,-398,-277,-121,43,224,387,516,628,677,670,602,478,322,100,-120,-345,-557,-729,-829,-870,-834,-717,-522,-266,21,312,593,830,978,1052,1006,849,645,350,2,-330,-642,-901,-1065,-1117,-1065,-910,-668,-356,-17,317,629,868,1026,1080,1048,890,658,372,43,-285,-578,-814,-972,-1016,-972,-817,-598,-324,-26,264,538,743,857,882,832,675,477,247,-12,-254,-453,-598,-690,-703,-655,-555,-408,-231,-38,146,322,480,576,618,612,550,438,278,76,-154,-379,-550,-682,-740,-699,-562,-321,-7,331,628,812,822,652,384,1294,1217
62259,mtk,MTK 7916,2154124150,rx1-tx1,512,0,0,0,0,0,0,0,0,0,0,0,0,0,0,0,0,0,0,0,0,0,0,0,0,0,0,0,0,0,0,0,0,0,0,0,0,0,0,0,0,0,0,0,0,0,0,0,0,0,0,0,0,0,0,0,0,0,0,0,0,0,0,0,0,0,0,0,0,0,0,0,0,0,0,0,0,0,0,0,0,0,0,0,0,0,0,0,0,0,0,0,0,0,0,0,0,0,0,0,0,0,0,0,0,0,0,0,0,0,0,0,0,0,0,0,0,0,0,0,0,0,0,0,0,0,0,0,0,0,0,0,0,0,0,0,0,0,0,0,0,0,0,0,0,0,0,0,0,0,0,0,0,0,0,0,0,0,0,0,0,0,0,0,0,0,0,0,0,0,0,0,0,0,0,0,0,0,0,0,0,0,0,0,0,0,0,0,0,0,0,0,0,0,0,0,0,0,0,0,0,0,0,0,0,0,0,0,0,0,0,0,0,0,0,0,0,0,0,0,0,0,0,0,0,0,0,0,0,0,0,0,0,0,0,0,0,0,0,0,0,0,0,0,0,0,0,0,0,0,0,0,0,0,0,0,0,-282,309,390,101,83,44,-15,-84,-144,-195,-234,-237,-197,-123,-29,73,165,235,264,239,172,61,-62,-179,-258,-291,-258,-170,-44,88,213,302,317,263,151,5,-166,-310,-366,-342,-257,-115,68,244,361,400,368,240,36,-183,-364,-469,-473,-388,-200,51,293,479,560,506,346,105,-183,-439,-592,-627,-521,-294,3,316,553,676,665,498,211,-122,-440,-660,-735,-655,-428,-102,246,546,725,745,610,337,-5,-335,-601,-729,-681,-475,-178,152,437,626,682,577,338,23,-282,-516,-640,-607,-432,-178,117,388,558,595,497,283,7,-261,-459,-544,-504,-360,-116,147,361,481,485,369,174,-50,0,-418,-448,-369,-205,-9,188,347,412,367,245,59,-140,-299,-383,-356,-236,-63,124,284,366,361,266,92,-106,-276,-394,-411,-306,-119,97,296,445,479,403,217,-37,-286,-459,-526,-473,-319,-86,192,434,564,569,451,219,-75,-343,-555,-654,-600,-391,-84,229,501,666,670,529,277,-41,-356,-597,-710,-653,-453,-158,162,449,644,699,589,353,34,-279,-527,-671,-667,-505,-225,98,392,604,684,613,415,121,-210,-495,-661,-685,-580,-351,-50,257,509,668,685,564,343,49,-259,-515,-662,-678,-570,-367,-85,205,443,596,636,568,403,174,-71,-309,-503,-605,-619,-550,-412,-249,-56,-45,88,0,0,0,0,0,0,0,0,0,0,0,0,0,0,0,0,0,0,0,0,0,0,0,0,0,0,0,0,0,0,0,0,0,0,0,0,0,0,0,0,0,0,0,0,0,0,0,0,0,0,0,0,0,0,0,0,0,0,0,0,0,0,0,0,0,0,0,0,0,0,0,0,0,0,0,0,0,0,0,0,0,0,0,0,0,0,0,0,0,0,0,0,0,0,0,0,0,0,0,0,0,0,0,0,0,0,0,0,0,0,0,0,0,0,0,0,0,0,0,0,0,0,0,0,0,0,0,0,0,0,0,0,0,0,0,0,0,0,0,0,0,0,0,0,0,0,0,0,0,0,0,0,0,0,0,0,0,0,0,0,0,0,0,0,0,0,0,0,0,0,0,0,0,0,0,0,0,0,0,0,0,0,0,0,0,0,0,0,0,0,0,0,0,0,0,0,0,0,0,0,0,0,0,0,0,0,0,0,0,0,0,0,0,0,0,0,0,0,0,0,0,0,0,0,0,0,0,0,0,0,0,0,0,0,0,0,0,0,0,0,0,0,0,0,0,0,0,0,0,0,0,0,0,0,0,0,288,407,309,103,147,180,198,197,169,105,20,-65,-151,-219,-250,-241,-189,-103,-2,113,208,266,270,221,118,-7,-136,-239,-298,-294,-219,-94,50,189,292,345,308,205,50,-119,-275,-369,-392,-321,-181,21,225,372,434,416,296,108,-127,-344,-492,-514,-421,-242,-6,248,452,563,559,441,190,-109,-390,-587,-671,-596,-400,-107,222,515,683,708,593,337,1,-341,-605,-740,-706,-517,-230,114,435,663,736,644,402,81,-254,-529,-695,-684,-524,-257,44,347,578,673,601,402,113,-195,-451,-594,-605,-476,-239,50,322,511,570,496,319,77,-180,-391,-500,-487,-368,-158,84,299,440,476,0,206,-18,-230,-383,-441,-381,-240,-36,170,325,397,369,249,68,-126,-291,-372,-349,-248,-85,112,285,384,378,270,90,-122,-307,-420,-445,-357,-163,79,294,452,511,440,263,26,-234,-450,-559,-540,-387,-143,136,397,582,624,516,282,1,-297,-554,-676,-628,-453,-182,142,437,643,706,608,382,64,-272,-536,-684,-698,-541,-259,66,377,609,695,627,427,136,-187,-465,-642,-681,-557,-308,-1,307,552,679,667,502,220,-101,-380,-598,-701,-652,-471,-197,116,398,598,689,644,470,208,-79,-353,-569,-665,-625,-480,-247,28,287,497,610,623,539,376,167,-50,-255,-417,-493,-505,512,503
62260,mtk,MTK 7916,2154124150,rx2-tx0,512,0,0,0,0,0,0,0,0,0,0,0,0,0,0,0,0,0,0,0,0,0,0,0,0,0,0,0,0,0,0,0,0,0,0,0,0,0,0,0,0,0,0,0,0,0,0,0,0,0,0,0,0,0,0,0,0,0,0,0,0,0,0,0,0,0,0,0,0,0,0,0,0,0,0,0,0,0,0,0,0,0,0,0,0,0,0,0,0,0,0,0,0,0,0,0,0,0,0,0,0,0,0,0,0,0,0,0,0,0,0,0,0,0,0,0,0,0,0,0,0,0,0,0,0,0,0,0,0,0,0,0,0,0,0,0,0,0,0,0,0,0,0,0,0,0,0,0,0,0,0,0,0,0,0,0,0,0,0,0,0,0,0,0,0,0,0,0,0,0,0,0,0,0,0,0,0,0,0,0,0,0,0,0,0,0,0,0,0,0,0,0,0,0,0,0,0,0,0,0,0,0,0,0,0,0,0,0,0,0,0,0,0,0,0,0,0,0,0,0,0,0,0,0,0,0,0,0,0,0,0,0,0,0,0,0,0,0,0,0,0,0,0,0,0,0,0,0,0,0,0,0,0,0,0,0,0,794,-826,-785,-113,-140,-151,-144,-121,-79,-21,44,107,148,166,166,144,81,8,-69,-142,-187,-195,-167,-115,-36,48,127,188,201,173,117,40,-38,-109,-161,-175,-140,-74,-5,52,112,148,142,104,36,-42,-90,-122,-139,-119,-50,37,106,158,176,155,96,10,-90,-161,-203,-213,-171,-82,24,127,193,223,210,158,75,-34,-132,-202,-226,-200,-137,-48,53,133,177,179,145,89,15,-71,-140,-174,-167,-111,-36,38,92,139,154,137,83,10,-60,-116,-151,-147,-120,-84,-28,45,102,124,122,115,83,22,-38,-71,-89,-98,-96,-71,-41,-10,25,64,86,92,78,57,27,-14,0,-82,-99,-103,-93,-75,-50,0,56,102,128,134,120,81,12,-52,-105,-146,-170,-153,-109,-38,29,95,146,166,148,101,36,-46,-119,-172,-192,-168,-108,-22,60,131,181,194,151,71,-4,-75,-136,-176,-183,-156,-94,3,82,134,160,162,127,59,-15,-77,-116,-134,-121,-71,-14,40,91,123,113,80,28,-30,-85,-112,-125,-106,-67,-13,28,72,106,111,101,72,24,-18,-53,-76,-87,-96,-86,-53,-23,10,38,52,66,77,85,69,45,30,19,-9,-28,-48,-74,-98,-104,-101,-86,-53,-15,31,75,107,123,131,126,93,53,11,-32,-87,-116,-131,-135,-124,-619,-732,0,0,0,0,0,0,0,0,0,0,0,0,0,0,0,0,0,0,0,0,0,0,0,0,0,0,0,0,0,0,0,0,0,0,0,0,0,0,0,0,0,0,0,0,0,0,0,0,0,0,0,0,0,0,0,0,0,0,0,0,0,0,0,0,0,0,0,0,0,0,0,0,0,0,0,0,0,0,0,0,0,0,0,0,0,0,0,0,0,0,0,0,0,0,0,0,0,0,0,0,0,0,0,0,0,0,0,0,0,0,0,0,0,0,0,0,0,0,0,0,0,0,0,0,0,0,0,0,0,0,0,0,0,0,0,0,0,0,0,0,0,0,0,0,0,0,0,0,0,0,0,0,0,0,0,0,0,0,0,0,0,0,0,0,0,0,0,0,0,0,0,0,0,0,0,0,0,0,0,0,0,0,0,0,0,0,0,0,0,0,0,0,0,0,0,0,0,0,0,0,0,0,0,0,0,0,0,0,0,0,0,0,0,0,0,0,0,0,0,0,0,0,0,0,0,0,0,0,0,0,0,0,0,0,0,0,0,0,0,0,0,0,0,0,0,0,0,0,0,0,0,0,0,0,0,0,572,83,307,35,13,-23,-71,-116,-151,-170,-171,-147,-98,-34,36,110,162,181,174,141,67,-16,-95,-154,-200,-202,-157,-79,-4,80,158,193,186,151,76,-14,-84,-133,-161,-150,-99,-29,44,98,125,128,90,30,-35,-99,-139,-163,-131,-64,12,77,144,191,181,116,36,-56,-143,-197,-220,-205,-133,-24,69,151,205,209,176,109,4,-95,-172,-216,-209,-151,-69,15,97,161,184,164,108,38,-39,-103,-141,-157,-130,-52,18,82,133,162,147,103,39,-19,-75,-116,-153,-148,-106,-49,2,57,98,117,100,78,40,3,-30,-65,-84,-88,-74,-63,-41,-5,28,60,91,97,0,63,46,8,-43,-84,-113,-120,-107,-72,-30,19,81,126,148,151,117,58,-1,-64,-126,-164,-168,-135,-80,-2,77,136,162,161,115,52,-14,-90,-149,-172,-167,-123,-49,40,121,177,192,170,116,41,-36,-113,-170,-190,-169,-109,-36,32,93,133,137,115,64,-1,-59,-96,-112,-91,-55,-17,38,89,109,101,82,45,-9,-57,-98,-117,-109,-80,-48,5,50,90,109,105,90,68,24,-30,-62,-77,-89,-90,-71,-48,-36,-18,5,28,45,57,62,73,71,66,60,31,-5,-34,-69,-102,-110,-102,-92,-76,-37,18,62,90,121,144,153,133,94,54,21,-19,-522,-357
62261,mtk,MTK 7916,2154124150,rx2-tx1,512,0,0,0,0,0,0,0,0,0,0,0,0,0,0,0,0,0,0,0,0,0,0,0,0,0,0,0,0,0,0,0,0,0,0,0,0,0,0,0,0,0,0,0,0,0,0,0,0,0,0,0,0,0,0,0,0,0,0,0,0,0,0,0,0,0,0,0,0,0,0,0,0,0,0,0,0,0,0,0,0,0,0,0,0,0,0,0,0,0,0,0,0,0,0,0,0,0,0,0,0,0,0,0,0,0,0,0,0,0,0,0,0,0,0,0,0,0,0,0,0,0,0,0,0,0,0,0,0,0,0,0,0,0,0,0,0,0,0,0,0,0,0,0,0,0,0,0,0,0,0,0,0,0,0,0,0,0,0,0,0,0,0,0,0,0,0,0,0,0,0,0,0,0,0,0,0,0,0,0,0,0,0,0,0,0,0,0,0,0,0,0,0,0,0,0,0,0,0,0,0,0,0,0,0,0,0,0,0,0,0,0,0,0,0,0,0,0,0,0,0,0,0,0,0,0,0,0,0,0,0,0,0,0,0,0,0,0,0,0,0,0,0,0,0,0,0,0,0,0,0,0,0,0,0,0,0,381,481,583,7,26,44,68,90,102,95,77,45,16,-15,-53,-101,-125,-124,-99,-61,-4,60,113,148,168,163,118,38,-42,-117,-178,-218,-219,-165,-86,18,132,225,272,283,239,143,6,-134,-253,-331,-347,-295,-184,-29,136,275,364,395,333,196,34,-153,-317,-410,-422,-367,-234,-47,162,336,452,483,407,250,52,-161,-357,-489,-522,-445,-277,-47,192,395,513,537,449,271,46,-187,-375,-487,-501,-420,-251,-37,181,357,463,474,375,212,17,-176,-335,-430,-416,-297,-144,31,214,349,392,347,239,90,-87,-240,-333,-342,-288,-183,-31,137,251,301,294,227,105,-26,-153,-246,0,-235,-151,-40,81,178,233,228,175,91,-9,-123,-208,-240,-203,-123,-30,72,163,207,202,151,66,-29,-114,-176,-196,-158,-85,11,107,181,206,176,114,30,-77,-170,-225,-230,-186,-93,13,124,208,237,230,184,93,-22,-124,-212,-242,-221,-168,-83,37,151,211,219,205,148,52,-43,-129,-194,-210,-172,-118,-38,66,151,188,190,156,88,8,-82,-160,-192,-182,-153,-84,-3,71,144,185,187,155,96,23,-62,-133,-175,-187,-167,-126,-62,11,72,120,156,159,147,115,58,-9,-66,-114,-135,-137,-118,-95,-60,-2,61,98,128,141,134,111,79,42,3,-35,-67,19,204,0,0,0,0,0,0,0,0,0,0,0,0,0,0,0,0,0,0,0,0,0,0,0,0,0,0,0,0,0,0,0,0,0,0,0,0,0,0,0,0,0,0,0,0,0,0,0,0,0,0,0,0,0,0,0,0,0,0,0,0,0,0,0,0,0,0,0,0,0,0,0,0,0,0,0,0,0,0,0,0,0,0,0,0,0,0,0,0,0,0,0,0,0,0,0,0,0,0,0,0,0,0,0,0,0,0,0,0,0,0,0,0,0,0,0,0,0,0,0,0,0,0,0,0,0,0,0,0,0,0,0,0,0,0,0,0,0,0,0,0,0,0,0,0,0,0,0,0,0,0,0,0,0,0,0,0,0,0,0,0,0,0,0,0,0,0,0,0,0,0,0,0,0,0,0,0,0,0,0,0,0,0,0,0,0,0,0,0,0,0,0,0,0,0,0,0,0,0,0,0,0,0,0,0,0,0,0,0,0,0,0,0,0,0,0,0,0,0,0,0,0,0,0,0,0,0,0,0,0,0,0,0,0,0,0,0,0,0,0,0,0,0,0,0,0,0,0,0,0,0,0,0,0,0,0,0,-1037,494,361,-66,-62,-61,-53,-29,4,38,67,90,101,101,85,59,19,-33,-89,-128,-148,-142,-105,-53,16,90,144,167,167,153,102,19,-75,-162,-229,-258,-229,-145,-50,65,183,260,295,288,218,109,-29,-186,-312,-372,-357,-265,-123,50,218,343,410,395,303,145,-54,-253,-390,-450,-429,-325,-139,63,256,417,503,483,367,162,-72,-296,-463,-536,-504,-384,-180,68,294,453,519,484,367,164,-71,-287,-434,-497,-462,-338,-143,78,263,398,441,387,256,78,-105,-264,-381,-413,-344,-202,-35,132,274,366,367,269,127,-23,-176,-286,-326,-299,-215,-75,69,198,278,285,239,137,0,-119,-212,-258,-236,-163,-57,48,148,223,239,190,104,7,-88,-181,-223,-195,-134,-47,52,134,174,184,155,85,-16,-113,-174,-183,-161,-92,-2,91,172,212,202,151,64,-45,-144,-216,-247,-221,-135,-33,75,170,244,259,221,136,28,-79,-172,-232,-241,-196,-104,3,93,178,229,211,154,81,-9,-102,-176,-212,-190,-132,-57,28,113,172,188,164,105,32,-43,-111,-162,-178,-158,-122,-60,26,107,163,191,182,144,80,4,-78,-141,-171,-173,-156,-124,-69,-2,66,116,154,162,141,95,39,-21,-72,-110,-128,-137,-125,-99,-59,-9,40,71,106,123,127,124,106,688,656
62262,mtk,MTK 7916,2154126812,rx0-tx0,512,-330,-7,115,339,266,169,55,-59,-185,-279,-346,-377,-384,-357,-285,-183,-76,34,152,257,324,359,357,329,275,187,78,-26,-130,-213,-266,-295,-302,-285,-237,-174,-94,-11,61,132,184,210,219,219,203,171,126,70,5,-37,-74,-116,-145,-168,-180,-167,-141,-118,-104,-62,-24,1,44,79,97,117,133,152,156,163,155,140,107,57,9,-51,-128,-209,-268,-289,-304,-287,-234,-161,-66,41,159,271,349,401,419,377,324,231,98,-23,-166,-289,-391,-455,-485,-475,-405,-294,-150,-8,140,287,397,494,554,549,489,378,240,73,-106,-283,-441,-549,-606,-609,-554,-452,-292,-106,90,282,-364,605,668,670,627,512,329,134,-72,-292,-481,-634,-705,-712,-656,-534,-364,-165,72,300,487,630,723,743,685,557,385,183,-48,-273,-471,-625,-724,-751,-712,-604,-429,-215,15,250,456,615,731,770,737,622,464,256,7,-223,-440,-627,-738,-783,-760,-660,-484,-261,-30,226,440,615,733,785,757,642,470,252,11,-243,-448,-608,-728,-761,-726,-603,-408,-198,25,261,460,599,681,688,627,501,321,123,-82,-269,-418,-536,-592,-580,-514,-387,-231,-45,124,280,404,477,505,475,406,286,136,-11,-169,-302,-395,-436,-432,-365,-257,-116,27,167,290,351,356,305,212,86,-49,-139,-252,-185,510,-359,-463,141,213,239,219,160,65,-40,-147,-222,-273,-295,-262,-202,-114,-5,93,180,247,299,309,291,240,158,54,-66,-163,-247,-309,-337,-347,-306,-214,-108,13,132,250,335,368,366,331,264,162,37,-77,-181,-274,-331,-344,-309,-268,-196,-91,6,104,188,254,263,280,250,195,144,68,-7,-88,-148,-193,-217,-214,-190,-153,-101,-39,8,44,96,123,120,131,113,86,63,42,21,-14,-34,-44,-58,-63,-58,-53,-50,-47,-41,-41,-37,-34,-29,0,19,39,69,82,99,114,118,89,61,26,-5,-55,-87,-107,-143,-143,-137,-107,-71,-27,38,99,136,135,130,127,114,-449,25,-32,-70,-102,-115,-114,-105,-67,-35,-4,30,46,61,61,54,26,-1,-23,-42,-60,-66,-53,-30,-4,37,79,109,129,121,102,65,21,-42,-100,-125,-164,-188,-184,-160,-118,-44,20,89,154,211,239,244,237,209,140,56,-27,-113,-179,-242,-287,-305,-301,-248,-169,-81,19,121,221,297,330,345,325,275,188,87,-18,-124,-212,-298,-338,-358,-340,-302,-222,-119,0,105,200,283,341,356,350,307,243,154,50,-54,-147,-233,-299,-328,-340,-320,-272,-204,-120,-23,78,172,261,304,340,346,322,261,175,82,-23,-125,-226,-302,-351,-366,-348,-292,-220,-119,-12,102,107,-42,-82,431,439,-193,-281,-352,-383,-386,-349,-272,-179,-69,46,167,270,342,374,381,361,278,178,67,-40,-144,-232,-311,-342,-345,-317,-256,-166,-84,2,90,163,219,259,267,255,225,170,104,45,-14,-74,-127,-171,-197,-198,-175,-156,-132,-97,-64,-12,43,75,87,113,142,141,139,140,120,102,82,54,24,-5,-40,-81,-122,-168,-197,-219,-232,-220,-178,-99,-26,53,155,238,310,345,363,346,291,196,89,-48,-178,-284,-386,-440,-455,-434,-363,-254,-125,8,153,296,411,480,510,500,430,324,206,43,-124,-284,-419,-517,-586,-589,-536,-426,-268,-101,85,273,442,580,637,641,584,-49,325,121,-80,-288,-480,-618,-683,-700,-648,-534,-364,-147,74,295,484,626,711,735,663,536,374,169,-61,-287,-480,-621,-711,-738,-687,-576,-410,-204,31,256,459,616,715,749,724,606,448,242,0,-238,-454,-618,-740,-774,-729,-637,-471,-246,-17,221,437,618,726,783,763,643,480,266,31,-214,-434,-604,-720,-770,-738,-620,-459,-244,5,240,461,610,691,718,676,549,369,158,-68,-270,-456,-570,-637,-634,-561,-443,-279,-86,101,271,411,502,544,518,449,331,185,17,-143,-283,-401,-459,-468,-433,-338,-214,-71,86,236,342,400,401,359,259,120,-21,-148,-243,-294,-277,-213,314,379,-82,-452,-313,157,85,-17,-117,-205,-260,-273,-240,-163,-78,33,137,212,275,306,295,253,181,82,-27,-123,-214,-281,-331,-332,-299,-233,-131,-22,96,211,292,336,359,345,299,198,79,-45,-159,-257,-336,-360,-351,-318,-237,-133,-6,102,186,278,316,316,287,236,147,69,-17,-111,-168,-214,-237,-237,-211,-167,-116,-58,19,68,117,149,164,160,157,139,75,47,8,-33,-62,-89,-94,-103,-96,-69,-55,-36,-16,-7,-4,-2,1,8,20,35,44,63,78,78,90,79,53,36,8,-39,-80,-110,-133,-146,-141,-101,-81,-44,8,60,107,133,157,155,135,84,35,-3,-47,-93,26,-143,-132,-109,-73,-33,6,47,73,85,92,74,49,20,-5,-29,-56,-54,-52,-31,-9,21,50,66,81,89,68,40,-9,-57,-88,-118,-136,-159,-142,-112,-66,4,72,123,177,206,206,194,163,117,50,-13,-91,-176,-244,-276,-276,-255,-215,-151,-74,17,119,210,268,298,316,303,265,175,76,-20,-124,-213,-293,-337,-361,-338,-291,-205,-99,10,107,207,295,351,370,340,297,225,123,22,-77,-174,-254,-319,-348,-340,-311,-259,-177,-85,13,123,212,279,317,337,323,294,233,153,65,-41,-141,-236,-300,-345,-359,-340,-289,-207,-108,0,115,214,296,353,378,373,-543,-545
62263,mtk,MTK 7916,2154126812,rx0-tx1,512,-686,-78,16,-95,123,320,490,627,704,723,679,597,440,240,27,-183,-385,-558,-698,-770,-784,-746,-628,-453,-233,17,258,499,695,843,937,943,855,681,448,164,-136,-438,-724,-950,-1096,-1138,-1075,-913,-664,-345,27,403,767,1057,1246,1332,1288,1116,839,472,41,-400,-799,-1119,-1338,-1440,-1404,-1226,-936,-557,-121,321,744,1096,1339,1465,1467,1310,1039,676,235,-214,-644,-1022,-1300,-1451,-1473,-1344,-1107,-768,-357,84,515,896,1192,1364,1425,1348,1156,850,490,87,-336,-719,-1039,-1249,-1350,-1341,-1191,-954,-633,-244,168,557,888,1155,1308,1337,1253,1038,744,381,-11,-400,-759,-1046,-1231,-1306,-1269,-1110,-839,-502,98,260,639,940,1157,1268,1267,1155,930,634,270,-109,-474,-813,-1074,-1237,-1283,-1205,-1026,-749,-399,-31,354,702,1002,1194,1277,1256,1122,875,554,180,-216,-602,-935,-1179,-1318,-1334,-1220,-1001,-697,-312,98,507,892,1196,1380,1424,1336,1141,810,388,-66,-508,-908,-1224,-1432,-1486,-1399,-1174,-817,-383,78,532,961,1277,1452,1496,1375,1113,754,306,-172,-632,-1001,-1281,-1425,-1410,-1241,-959,-566,-139,298,693,1010,1203,1257,1182,992,699,347,-23,-389,-693,-915,-1026,-1020,-908,-718,-454,-156,137,413,630,774,832,803,682,495,266,7,-253,-466,-621,-702,-696,-585,-410,-179,78,298,460,548,519,395,211,-242,-199,0,-418,-448,171,223,239,198,114,2,-126,-236,-315,-356,-332,-262,-152,-15,130,262,369,422,428,375,283,159,5,-157,-299,-417,-483,-503,-463,-361,-234,-62,114,288,446,548,590,569,485,338,158,-38,-255,-432,-551,-653,-660,-597,-465,-297,-104,115,324,513,628,695,699,613,451,270,46,-190,-392,-577,-699,-753,-733,-634,-461,-257,-22,233,471,655,766,794,760,634,450,211,-55,-320,-539,-700,-789,-818,-751,-593,-385,-136,135,376,581,722,782,761,683,517,296,53,-184,-400,-569,-673,-706,-667,-564,-423,-233,-23,176,362,489,579,619,593,511,374,226,47,-130,-273,-417,-508,-531,-282,-469,-380,-252,-106,40,180,304,400,453,469,449,378,278,167,48,-71,-184,-293,-364,-410,-425,-390,-349,-261,-169,-50,67,160,261,343,392,424,411,385,324,223,100,-32,-170,-309,-427,-514,-571,-579,-514,-403,-244,-57,140,337,515,637,721,713,637,501,305,95,-135,-368,-557,-698,-786,-788,-718,-561,-361,-124,120,360,563,716,802,800,731,604,404,168,-73,-312,-518,-675,-754,-790,-755,-631,-456,-241,-7,234,450,607,720,757,724,643,486,305,96,-125,-324,-492,-617,-680,-700,-653,-541,-387,-209,-15,191,378,531,629,684,684,611,496,339,150,-56,-255,-426,-567,-651,174,-50,9,325,344,705,704,637,531,363,157,-60,-260,-441,-603,-704,-746,-731,-655,-524,-339,-118,96,318,525,693,810,851,826,727,546,331,74,-198,-475,-711,-901,-1014,-1033,-968,-807,-563,-264,83,438,752,1005,1173,1236,1197,1035,757,407,7,-409,-787,-1100,-1318,-1412,-1368,-1186,-896,-519,-81,363,779,1116,1346,1459,1428,1270,987,610,184,-273,-707,-1062,-1324,-1472,-1471,-1344,-1084,-720,-295,165,594,964,1248,1409,1445,1344,1125,797,414,-11,-433,-810,-1109,-1298,-1391,-1344,-1178,-900,-550,-158,256,642,960,1200,1338,1347,1224,1014,704,318,-78,-480,-832,-1105,-1277,-1327,-1255,-1077,-793,-444,-61,331,699,993,1186,-999,1278,1134,881,562,192,-197,-571,-882,-1114,-1246,-1260,-1181,-982,-682,-344,37,409,756,1049,1224,1282,1230,1066,803,469,101,-279,-654,-960,-1179,-1295,-1292,-1179,-946,-621,-243,170,561,898,1163,1332,1363,1279,1074,753,354,-79,-497,-880,-1210,-1412,-1466,-1386,-1175,-842,-418,61,526,950,1268,1452,1496,1401,1168,795,345,-124,-590,-989,-1283,-1466,-1484,-1330,-1049,-671,-220,250,674,1024,1258,1349,1303,1124,828,450,47,-351,-696,-965,-1110,-1143,-1054,-854,-578,-249,90,403,656,842,919,908,800,608,361,89,-190,-427,-611,-728,-770,-715,-573,-372,-136,126,359,533,643,639,534,363,132,-104,-287,-384,148,214,0,206,-18,101,33,-74,-176,-259,-299,-291,-224,-121,13,153,270,355,397,381,317,207,61,-85,-233,-342,-430,-464,-439,-366,-253,-107,53,232,371,480,542,536,482,363,198,11,-180,-362,-504,-595,-637,-602,-473,-318,-125,95,294,470,587,669,673,603,458,274,77,-146,-376,-551,-668,-736,-708,-627,-476,-264,-32,209,434,608,720,777,754,635,457,221,-23,-272,-497,-676,-791,-814,-750,-601,-397,-170,82,346,566,725,809,801,704,549,337,94,-154,-385,-590,-711,-758,-727,-626,-463,-258,-36,189,373,527,633,664,629,526,383,228,36,-151,-323,-446,-529,-578,-540,-479,-375,-220,-71,288,211,348,443,486,480,444,374,264,136,1,-139,-261,-354,-403,-432,-423,-385,-315,-216,-104,29,138,238,319,380,418,407,379,324,238,139,23,-94,-202,-312,-404,-465,-491,-476,-422,-314,-186,-39,148,327,478,590,647,642,585,455,290,86,-150,-365,-559,-686,-752,-759,-686,-537,-346,-114,131,365,568,712,790,788,724,585,397,153,-107,-338,-544,-699,-787,-802,-747,-615,-428,-219,10,257,481,643,744,782,745,631,469,270,41,-180,-389,-555,-661,-722,-714,-636,-516,-343,-146,60,267,437,570,650,694,668,581,432,263,79,-128,-314,-476,-598,-676,-691,-636,-537,-389,-195,440,476
62264,mtk,MTK 7916,2154126812,rx1-tx0,512,0,-82,-99,272,380,446,458,432,369,267,158,28,-99,-212,-291,-346,-372,-362,-318,-229,-143,-45,63,144,224,284,299,298,255,188,98,3,-79,-164,-212,-245,-252,-224,-162,-75,10,83,144,186,192,177,142,84,10,-69,-127,-169,-189,-162,-123,-78,-1,68,123,160,190,201,172,128,75,3,-61,-128,-196,-219,-234,-244,-218,-166,-102,-25,63,128,214,268,309,313,287,232,159,55,-61,-167,-269,-332,-396,-408,-377,-330,-236,-116,26,157,293,412,487,518,497,438,332,181,6,-163,-336,-489,-603,-647,-621,-545,-408,-215,-7,218,434,594,704,756,712,600,427,198,-34,-284,794,-701,-802,-816,-762,-627,-418,-174,90,354,591,761,856,855,781,621,380,132,-148,-428,-635,-789,-859,-833,-743,-576,-337,-80,202,470,666,808,857,817,709,526,285,22,-230,-473,-645,-758,-805,-763,-642,-469,-245,9,237,452,617,716,726,689,576,378,173,-40,-259,-447,-576,-658,-662,-592,-470,-301,-116,72,254,415,512,552,522,459,360,205,49,-107,-251,-346,-399,-423,-403,-346,-260,-154,-49,61,163,239,281,298,292,261,203,133,55,-21,-99,-165,-206,-237,-248,-218,-180,-124,-59,14,77,141,196,225,234,205,156,86,-1,-78,-152,-204,-212,-189,-141,-65,16,81,27,-14,0,-235,-151,185,65,-99,-265,-391,-454,-446,-351,-204,-4,197,361,485,540,527,450,321,143,-45,-225,-387,-507,-579,-584,-524,-411,-243,-49,149,325,486,614,662,641,567,424,230,22,-198,-426,-596,-709,-758,-717,-606,-423,-209,34,257,489,667,767,805,752,616,411,191,-60,-319,-522,-693,-795,-816,-755,-627,-423,-179,55,291,512,683,776,798,744,611,443,224,-18,-235,-436,-594,-691,-736,-702,-620,-482,-292,-86,130,319,468,596,677,689,640,538,391,187,-15,-213,-409,-551,-651,-707,-685,-603,-464,-287,-81,134,325,495,621,690,695,645,525,366,171,-45,-262,-447,-582,-666,-706,381,-579,-437,-248,-44,143,317,472,588,667,666,607,511,376,200,1,-189,-366,-506,-612,-669,-661,-602,-500,-354,-176,18,226,424,577,695,739,742,686,550,353,121,-112,-348,-564,-729,-830,-861,-808,-680,-498,-259,4,285,534,723,861,925,901,793,599,356,72,-204,-478,-702,-854,-934,-923,-832,-673,-422,-154,129,409,628,809,916,924,841,694,492,229,-63,-339,-563,-746,-861,-889,-843,-709,-500,-267,-18,235,457,638,745,785,755,662,505,295,73,-147,-350,-521,-641,-699,-691,-625,-507,-342,-144,56,257,431,557,625,643,598,490,343,158,-32,-205,-349,-471,-550,-564,-511,-153,-246,0,63,46,387,286,152,10,-120,-248,-341,-400,-427,-407,-347,-249,-148,-35,76,183,262,306,340,333,288,229,132,31,-68,-163,-233,-277,-279,-262,-210,-126,-52,33,105,173,215,220,206,160,88,6,-66,-127,-171,-186,-168,-121,-66,0,77,121,167,198,183,144,90,35,-46,-112,-161,-200,-215,-210,-198,-144,-82,-28,42,129,198,242,272,259,241,199,119,32,-66,-157,-238,-306,-360,-362,-342,-273,-191,-89,43,160,273,368,441,458,437,382,273,150,-6,-160,-304,-441,-534,-579,-567,-495,-373,-207,-7,188,382,555,662,704,694,593,426,226,-14,-257,-465,-650,-757,-784,-744,572,-426,-186,70,313,549,730,836,856,790,628,417,152,-123,-387,-628,-785,-858,-878,-775,-603,-379,-101,178,430,658,797,860,847,723,541,314,36,-225,-470,-664,-791,-828,-799,-675,-484,-263,-6,241,461,630,744,767,731,615,439,207,-24,-235,-453,-604,-677,-695,-649,-522,-352,-159,59,260,427,552,606,603,534,411,251,79,-94,-239,-378,-460,-474,-456,-389,-282,-174,-48,81,187,276,332,352,350,292,213,131,57,-34,-123,-202,-240,-255,-252,-226,-184,-128,-74,8,79,132,184,219,229,216,184,127,56,-28,-108,-166,-211,-225,-217,-177,-100,-4,74,141,182,174,131,91,97,0,-119,-212,-271,-351,-373,-314,-188,-17,177,347,466,519,483,391,240,52,-141,-320,-462,-547,-556,-514,-415,-270,-89,114,296,453,560,615,596,530,421,238,25,-181,-375,-537,-651,-695,-681,-584,-414,-228,2,241,464,636,745,770,728,622,428,208,-43,-309,-541,-695,-782,-806,-754,-631,-447,-201,71,309,521,691,779,801,758,637,442,208,-33,-276,-478,-637,-746,-767,-717,-615,-446,-245,-29,191,381,554,664,713,694,612,491,341,144,-69,-271,-450,-603,-687,-702,-669,-577,-421,-243,-33,186,379,541,655,716,696,618,495,319,118,-95,-296,-471,-599,-678,-696,-647,-535,-384,-206,-3,-1037,376,534,637,677,659,593,472,321,134,-75,-258,-418,-549,-639,-664,-638,-558,-428,-271,-84,104,292,457,587,674,701,687,595,456,274,59,-152,-370,-569,-714,-794,-802,-747,-609,-419,-189,63,314,537,726,853,893,850,719,543,312,34,-238,-507,-720,-869,-936,-918,-820,-624,-387,-107,180,436,669,843,931,949,855,682,464,187,-100,-371,-598,-786,-901,-918,-842,-697,-503,-254,8,269,511,692,798,839,801,686,498,271,40,-192,-397,-578,-702,-744,-724,-637,-505,-331,-121,95,287,458,585,657,667,613,496,341,162,-32,-232,-392,-515,-588,-596,-551,-459,-332,-167,19,187,239,137
62265,mtk,MTK 7916,2154126812,rx1-tx1,512,0,0,0,534,242,-106,-433,-670,-754,-663,-417,-77,284,588,766,765,582,271,-88,-435,-689,-794,-727,-491,-134,242,557,755,787,644,357,-7,-356,-617,-742,-712,-516,-208,139,451,650,697,583,330,17,-279,-513,-638,-608,-430,-167,122,376,539,575,480,277,15,-239,-433,-521,-480,-347,-151,90,309,439,466,390,235,42,-137,-280,-364,-360,-267,-121,23,137,214,233,186,95,6,-67,-105,-107,-68,-6,50,80,74,43,-15,-77,-135,-164,-139,-62,38,146,233,258,226,145,18,-124,-250,-333,-342,-271,-129,58,245,382,437,396,257,46,-176,-365,-490,-511,-409,-214,21,269,468,0,548,404,161,-120,-371,-540,-606,-551,-377,-115,186,438,599,634,540,323,33,-263,-490,-618,-622,-493,-252,35,303,497,598,566,406,158,-106,-348,-506,-554,-474,-290,-51,197,408,509,493,380,180,-64,-285,-422,-473,-427,-282,-70,155,334,435,443,367,211,7,-206,-355,-429,-413,-305,-133,59,237,354,386,333,218,62,-99,-229,-294,-309,-262,-159,-20,102,184,222,217,165,79,-25,-113,-159,-169,-128,-66,4,70,112,123,114,69,-3,-70,-108,-123,-113,-67,0,59,109,147,147,112,51,-14,-80,-134,-168,-164,-132,-81,-23,50,111,151,168,153,115,78,40,3,0,0,0,0,0,22,15,6,-5,-11,-20,-30,-29,-27,-35,-47,-48,-44,-48,-53,-31,4,40,66,93,120,130,109,66,7,-61,-128,-181,-202,-184,-126,-37,64,160,223,250,233,184,92,-24,-136,-214,-267,-275,-215,-117,-4,112,210,261,264,210,115,-2,-99,-168,-204,-193,-137,-72,-1,65,113,114,94,68,18,-28,-33,-24,-1,38,59,63,37,-17,-80,-148,-186,-187,-150,-72,43,159,270,354,346,256,108,-89,-276,-413,-484,-455,-322,-121,125,362,529,608,558,378,119,-181,-458,-640,-697,-611,-382,-68,254,522,701,743,618,360,17,-326,-602,-761,-748,-577,-294,56,410,0,766,704,496,174,-189,-496,-698,-755,-639,-372,-43,295,569,715,701,521,230,-108,-412,-634,-716,-635,-395,-75,254,518,674,674,517,243,-82,-373,-581,-658,-576,-370,-90,202,453,601,593,435,191,-79,-320,-483,-530,-457,-268,-19,220,382,450,404,261,59,-155,-327,-390,-357,-238,-42,184,344,407,375,239,17,-212,-390,-481,-463,-322,-84,181,414,569,597,469,223,-76,-365,-588,-680,-620,-412,-107,230,522,696,709,563,294,-53,-394,-643,-743,-686,-472,-148,207,521,706,733,600,329,-24,-372,-635,-745,-680,-463,-139,215,509,699,732,582,303,-50,-377,-615,-714,-657,-447,0,0,0,0,0,483,692,741,605,331,-18,-369,-640,-770,-723,-512,-180,193,523,736,781,657,384,20,-349,-638,-798,-773,-568,-252,117,464,703,783,690,440,96,-252,-537,-701,-713,-561,-285,52,367,586,667,600,399,107,-197,-448,-587,-592,-462,-230,46,308,488,544,483,327,93,-171,-378,-487,-486,-386,-201,18,225,378,435,382,257,93,-85,-224,-294,-295,-222,-128,-18,94,156,167,136,66,-13,-59,-74,-49,-9,44,90,116,101,46,-30,-116,-195,-223,-183,-95,13,135,246,303,291,205,56,-114,-258,-359,-397,-329,-181,5,206,374,459,440,323,138,-96,-324,-494,-545,-486,-321,0,185,421,566,581,481,276,-2,-287,-512,-618,-600,-461,-219,81,358,560,645,590,413,146,-146,-400,-562,-604,-523,-329,-58,219,439,565,568,437,224,-27,-267,-448,-532,-488,-333,-107,135,341,464,497,411,226,-3,-212,-389,-488,-465,-327,-133,78,265,397,442,384,244,62,-131,-301,-397,-394,-321,-194,-22,152,287,351,335,250,119,-24,-163,-258,-277,-244,-169,-60,61,150,186,181,147,81,1,-73,-124,-137,-115,-68,-10,56,108,121,96,50,-13,-71,-122,-145,-128,-81,-27,42,106,146,160,136,90,28,-42,-109,-153,-174,-166,-129,-80,-23,37,86,114,126,124,0,0,0,0,0,37,44,41,39,42,32,21,16,9,8,7,0,-8,-17,-37,-67,-85,-88,-74,-46,-10,36,96,141,160,165,138,68,-17,-99,-175,-228,-226,-194,-120,-17,98,196,262,281,243,163,55,-66,-174,-248,-288,-255,-164,-64,45,157,230,246,210,143,57,-41,-124,-155,-150,-125,-75,-27,24,58,62,56,33,3,-15,-11,11,54,95,113,120,95,19,-76,-167,-241,-275,-250,-164,-31,133,296,397,421,355,212,3,-226,-418,-526,-545,-449,-247,20,283,507,642,646,503,248,-65,-363,-598,-714,-687,-507,-222,103,429,667,756,685,475,160,-190,-510,-719,-768,-658,0,-59,290,580,749,749,582,295,-57,-392,-651,-751,-673,-459,-155,203,509,685,704,565,306,-16,-346,-596,-702,-651,-461,-159,170,449,628,671,554,300,-12,-299,-513,-619,-595,-433,-161,148,405,546,557,456,254,-18,-261,-430,-497,-441,-274,-51,169,334,416,393,254,53,-162,-329,-397,-354,-221,-27,185,362,448,411,262,38,-206,-413,-528,-515,-373,-143,132,402,594,641,539,317,11,-315,-565,-693,-668,-487,-189,151,467,680,740,633,390,45,-309,-587,-730,-717,-531,-234,116,442,667,734,637,390,55,-289,-569,-722,-706,-518,-219,128,447,661,721,610,359,34,-298,-565,0,0
62266,mtk,MTK 7916,2154126812,rx2-tx0,512,0,0,0,-907,-1178,-1185,-919,-444,151,716,1118,1284,1157,759,187,-421,-940,-1239,-1247,-982,-492,111,687,1103,1263,1122,716,159,-435,-931,-1207,-1193,-893,-392,184,730,1113,1223,1043,628,62,-512,-955,-1169,-1109,-792,-298,261,749,1042,1094,887,478,-39,-541,-915,-1051,-916,-569,-98,376,757,947,901,624,209,-245,-625,-842,-838,-622,-265,149,536,776,799,619,283,-131,-512,-753,-798,-635,-320,91,494,776,846,689,354,-71,-494,-810,-925,-809,-486,-19,463,854,1040,977,675,204,-347,-826,-1115,-1151,-906,-426,156,709,1117,1280,1133,715,125,-509,-1039,-1335,-1342,-1034,-471,205,853,1316,1477,1302,828,0,-546,-1150,-1501,-1501,-1161,-561,175,886,1387,1583,1422,936,225,-523,-1146,-1526,-1569,-1249,-641,95,815,1349,1579,1440,976,289,-456,-1102,-1497,-1539,-1223,-635,95,812,1335,1538,1397,946,272,-473,-1093,-1465,-1499,-1180,-591,130,819,1323,1530,1387,913,219,-518,-1130,-1498,-1531,-1213,-614,133,844,1371,1600,1478,1006,325,-417,-1058,-1465,-1568,-1332,-798,-96,612,1179,1483,1468,1140,571,-109,-747,-1212,-1409,-1295,-910,-344,265,810,1180,1288,1109,703,174,-368,-818,-1086,-1107,-905,-534,-65,400,757,957,954,750,411,12,-376,-667,-818,-810,-642,-369,-45,267,519,660,669,570,392,171,-51,-238,-362,-411,-394,0,0,0,0,0,-245,-197,-102,33,192,349,471,527,502,385,188,-58,-309,-515,-645,-654,-545,-326,-33,281,552,720,749,628,376,44,-316,-617,-791,-806,-658,-370,16,400,702,874,871,677,331,-70,-458,-765,-908,-864,-644,-283,143,525,784,877,782,525,160,-239,-571,-771,-795,-638,-339,16,357,600,709,658,462,158,-182,-465,-623,-638,-509,-261,39,318,508,584,521,328,64,-200,-413,-518,-489,-352,-142,100,311,436,444,344,175,-29,-224,-362,-393,-322,-175,22,204,320,351,284,128,-63,-236,-348,-361,-273,-105,104,292,413,433,345,154,-93,-336,-514,-575,-492,-286,3,315,569,688,0,472,157,-196,-538,-784,-839,-697,-399,4,415,751,936,909,672,274,-191,-628,-933,-1034,-909,-580,-108,393,805,1038,1046,833,422,-82,-563,-917,-1053,-955,-647,-205,283,704,961,998,805,436,-21,-460,-775,-907,-827,-554,-180,227,570,760,751,573,260,-99,-415,-621,-668,-528,-268,41,337,534,592,500,271,-27,-305,-501,-558,-473,-268,10,270,469,545,471,271,5,-270,-471,-554,-488,-287,-3,290,516,601,533,331,29,-290,-542,-670,-630,-420,-96,254,548,726,737,552,229,-159,-534,-789,-850,-713,-404,26,466,791,933,866,599,168,-320,-737,-995,-1023,-799,-391,114,615,982,0,0,0,0,0,784,281,-297,-827,-1173,-1245,-1044,-609,-24,577,1048,1276,1217,884,351,-266,-822,-1188,-1270,-1062,-623,-33,565,1024,1235,1157,821,288,-317,-838,-1155,-1209,-977,-521,57,619,1035,1210,1094,720,184,-382,-856,-1122,-1123,-856,-396,151,648,986,1083,918,540,46,-453,-835,-996,-908,-601,-163,307,685,889,872,632,234,-207,-588,-811,-817,-629,-287,141,522,760,789,622,292,-120,-502,-760,-829,-672,-330,88,480,771,876,752,430,-15,-473,-819,-981,-899,-575,-102,414,846,1075,1049,785,315,-260,-786,-1133,-1219,-1023,-568,35,634,1096,1330,1251,868,286,-366,-962,-1359,-1431,-1170,-645,31,711,1237,0,1412,1008,365,-372,-1035,-1453,-1548,-1301,-755,-28,704,1279,1569,1498,1099,445,-316,-1004,-1462,-1590,-1359,-814,-83,662,1245,1550,1507,1116,468,-282,-959,-1418,-1550,-1325,-796,-91,632,1216,1513,1460,1059,418,-311,-964,-1401,-1505,-1262,-729,-36,682,1250,1524,1444,1062,432,-316,-998,-1456,-1588,-1342,-806,-97,639,1232,1561,1541,1177,576,-145,-836,-1347,-1559,-1424,-982,-345,353,976,1376,1465,1250,775,146,-503,-1024,-1308,-1314,-1036,-546,33,585,1002,1196,1119,825,366,-159,-620,-933,-1056,-952,-661,-255,183,566,823,899,792,542,207,-153,-477,-690,-756,-685,-500,-238,46,298,479,565,551,459,319,161,14,0,0,0,0,0,-161,-277,-366,-414,-407,-327,-178,14,224,418,554,610,558,382,134,-144,-418,-616,-701,-660,-486,-206,132,445,679,788,736,526,203,-171,-515,-757,-858,-784,-532,-169,233,598,839,903,779,491,109,-293,-639,-859,-891,-733,-415,-9,379,678,824,793,595,261,-123,-468,-691,-761,-656,-415,-87,256,527,671,652,481,217,-91,-385,-573,-617,-516,-292,-14,262,479,568,515,348,109,-144,-358,-481,-486,-370,-173,50,262,404,428,331,164,-36,-220,-349,-375,-291,-133,38,208,333,360,275,115,-78,-257,-378,-394,-303,-131,91,314,456,500,415,211,-60,-330,-550,-643,-578,-373,-73,0,580,747,754,586,270,-114,-499,-787,-904,-813,-542,-140,312,708,950,985,801,422,-62,-532,-884,-1054,-999,-723,-280,234,688,986,1072,908,548,68,-431,-820,-1012,-985,-740,-329,150,583,875,964,835,509,90,-326,-664,-837,-806,-584,-231,154,479,676,708,562,275,-67,-376,-586,-638,-524,-276,32,318,525,586,482,264,-13,-296,-496,-561,-474,-273,-7,266,476,556,486,286,10,-272,-488,-580,-506,-299,-5,293,525,629,583,373,56,-283,-564,-715,-679,-477,-162,209,559,768,802,644,314,-107,-498,-789,-904,-800,-494,-67,389,771,981,952,693,270,-228,-689,-1003,-1088,-908,-509,0,0
62267,mtk,MTK 7916,2154126812,rx2-tx1,512,0,0,0,429,513,489,355,145,-88,-283,-412,-447,-377,-231,-44,148,295,367,351,258,102,-58,-193,-277,-286,-229,-123,13,141,230,255,211,116,9,-86,-147,-176,-156,-90,-7,61,103,102,74,32,-33,-94,-117,-82,-7,82,158,199,186,104,-8,-133,-248,-337,-348,-265,-105,94,278,412,470,433,279,53,-195,-410,-552,-563,-449,-227,46,324,532,620,575,398,118,-185,-460,-627,-655,-540,-289,38,363,614,734,675,453,121,-220,-523,-723,-772,-632,-348,4,354,645,796,758,549,212,-169,-506,-734,-798,-689,-435,-83,289,588,753,739,567,279,-60,-381,-617,-708,-631,-415,-123,0,443,600,602,460,229,-33,-280,-466,-522,-434,-246,-13,214,375,440,394,241,18,-198,-344,-401,-350,-199,21,245,411,475,402,219,-37,-313,-540,-631,-576,-378,-62,304,616,800,820,648,322,-106,-543,-892,-1059,-1001,-730,-289,262,771,1118,1245,1119,748,209,-385,-913,-1261,-1342,-1135,-689,-99,520,1041,1340,1362,1110,619,9,-603,-1099,-1377,-1357,-1064,-558,45,640,1096,1325,1281,972,470,-100,-627,-1017,-1198,-1131,-847,-412,95,566,894,1035,971,707,317,-110,-491,-758,-852,-781,-565,-243,116,418,623,703,651,470,201,-82,-333,-514,-592,-566,-448,-261,-49,145,298,395,415,375,300,0,0,0,0,0,222,141,33,-101,-239,-350,-425,-444,-390,-269,-95,100,282,414,477,453,340,166,-37,-229,-385,-458,-433,-321,-150,65,274,414,460,413,271,72,-139,-335,-472,-502,-403,-216,5,232,422,535,528,398,185,-66,-312,-488,-564,-527,-372,-134,135,376,540,582,507,336,90,-190,-420,-564,-594,-499,-295,-43,207,415,533,541,433,251,28,-198,-374,-455,-431,-330,-165,16,171,288,326,291,191,42,-95,-179,-217,-199,-126,-33,67,146,178,168,112,29,-64,-142,-184,-173,-120,-44,54,155,226,230,170,86,-11,-122,-208,-237,-222,-169,-73,50,157,224,247,219,145,41,-63,0,-216,-241,-212,-144,-54,41,122,188,216,214,165,94,17,-58,-124,-164,-200,-205,-162,-100,-33,43,126,194,231,219,167,106,26,-74,-165,-238,-274,-258,-186,-75,52,171,276,324,300,228,102,-63,-211,-327,-388,-352,-244,-91,94,282,396,423,363,230,38,-165,-331,-421,-427,-341,-176,33,229,378,440,398,261,61,-153,-325,-420,-424,-333,-161,54,250,397,451,397,243,24,-195,-376,-469,-451,-328,-125,117,328,470,506,428,245,1,-242,-441,-539,-515,-366,-132,125,360,525,573,489,298,36,-247,-471,-592,-584,-447,-212,62,325,512,587,541,370,116,-165,-391,-516,0,0,0,0,0,-306,-76,155,355,473,473,366,195,-9,-208,-351,-405,-367,-249,-77,102,239,319,323,250,113,-43,-169,-243,-261,-221,-126,-5,117,193,208,178,110,24,-59,-118,-137,-120,-63,13,65,81,75,35,-35,-104,-143,-135,-77,9,107,208,263,252,183,58,-114,-284,-389,-399,-325,-181,31,261,433,515,495,365,145,-122,-380,-557,-605,-523,-325,-40,253,496,636,623,469,210,-108,-406,-612,-684,-603,-375,-48,290,575,739,721,538,246,-107,-448,-700,-798,-707,-453,-100,273,587,781,785,614,322,-39,-402,-670,-784,-726,-520,-194,174,506,704,747,619,358,32,-287,-543,-667,0,-450,-181,116,377,537,559,454,253,1,-249,-415,-467,-401,-240,-30,185,347,415,370,212,6,-211,-368,-432,-363,-186,52,290,474,536,468,274,-10,-331,-597,-732,-690,-502,-166,242,609,873,965,835,516,62,-432,-854,-1120,-1144,-918,-496,40,591,1043,1274,1247,961,467,-150,-736,-1168,-1367,-1284,-913,-354,263,837,1259,1409,1267,876,300,-333,-896,-1270,-1385,-1211,-796,-233,373,890,1211,1283,1100,701,171,-367,-805,-1078,-1128,-946,-580,-127,334,708,920,934,767,470,98,-283,-581,-745,-755,-617,-360,-49,253,487,613,623,524,338,87,-167,-361,-479,-519,-480,-374,-228,-69,76,183,0,0,0,0,0,205,306,358,372,338,248,97,-79,-242,-370,-454,-461,-377,-229,-40,154,329,450,478,408,258,60,-152,-323,-431,-457,-379,-220,-11,208,380,466,445,335,155,-63,-277,-449,-510,-459,-309,-92,160,378,520,562,462,254,9,-237,-457,-581,-576,-450,-238,28,286,488,591,562,429,203,-67,-328,-502,-570,-512,-371,-160,85,314,466,502,435,294,110,-93,-272,-369,-371,-317,-203,-45,107,217,262,236,169,62,-52,-148,-196,-181,-106,-10,77,145,176,159,96,12,-74,-149,-203,-198,-142,-57,44,147,215,239,212,126,10,-96,-180,-234,-241,-203,-119,-7,109,188,235,239,0,110,1,-105,-189,-232,-234,-191,-117,-27,57,137,189,211,200,152,89,25,-56,-129,-175,-198,-196,-166,-113,-36,55,138,197,230,233,194,117,11,-112,-225,-291,-299,-265,-163,-11,137,259,335,357,304,177,-3,-174,-305,-383,-393,-311,-162,27,216,369,433,404,286,102,-103,-288,-423,-458,-380,-214,-14,190,349,435,421,300,105,-101,-293,-423,-443,-350,-188,9,218,387,460,424,291,82,-157,-354,-460,-474,-374,-178,68,299,467,533,479,311,65,-209,-425,-556,-560,-442,-223,52,313,510,596,544,370,119,-157,-409,-563,-590,-490,-294,-27,244,464,577,565,419,182,0,0
62268,mtk,MTK 7916,2154154992,rx0-tx0,512,0,0,0,0,0,0,0,0,0,0,0,0,0,0,0,0,0,0,0,0,0,0,0,0,0,0,0,0,0,0,0,0,0,0,0,0,0,0,0,0,0,0,0,0,0,0,0,0,0,0,0,0,0,0,0,0,0,0,0,0,0,0,0,0,0,0,0,0,0,0,0,0,0,0,0,0,0,0,0,0,0,0,0,0,0,0,0,0,0,0,0,0,0,0,0,0,0,0,0,0,0,0,0,0,0,0,0,0,0,0,0,0,0,0,0,0,0,0,0,0,0,0,0,0,0,0,0,0,0,0,0,0,0,0,0,0,0,0,0,0,0,0,0,0,0,0,0,0,0,0,0,0,0,0,0,0,0,0,0,0,0,0,0,0,0,0,0,0,0,0,0,0,0,0,0,0,0,0,0,0,0,0,0,0,0,0,0,0,0,0,0,0,0,0,0,0,0,0,0,0,0,0,0,0,0,0,0,0,0,0,0,0,0,0,0,0,0,0,0,0,0,0,0,0,0,0,0,0,0,0,0,0,0,0,0,0,0,0,0,0,0,0,0,0,0,0,0,0,0,0,0,0,0,0,0,0,-364,-176,-369,-378,-140,218,575,815,877,768,532,200,-154,-498,-773,-945,-1012,-939,-749,-492,-143,227,572,865,1068,1153,1108,942,656,301,-100,-473,-806,-1069,-1199,-1241,-1157,-934,-627,-269,117,493,820,1075,1228,1276,1190,1017,765,393,14,-375,-722,-1009,-1221,-1310,-1280,-1149,-922,-593,-215,167,554,892,1161,1316,1333,1245,1050,754,398,4,-392,-730,-1015,-1186,-1261,-1216,-1053,-837,-534,-217,138,457,720,917,1029,1057,998,861,649,384,108,-155,-394,-615,-773,-849,-868,-798,-690,-523,-304,-102,104,306,461,562,610,629,610,531,420,285,148,12,-123,-221,-291,-356,-399,-424,-413,-398,-371,-312,-252,-173,-330,-15,101,210,319,426,514,576,602,600,541,429,273,66,-153,-389,-603,-789,-920,-974,-959,-853,-651,-374,-54,300,633,950,1176,1308,1331,1223,978,665,266,-170,-592,-991,-1290,-1481,-1534,-1443,-1223,-876,-469,-15,454,876,1242,1477,1569,1529,1370,1085,700,260,-199,-637,-1018,-1325,-1508,-1563,-1489,-1280,-958,-547,-100,371,813,1169,1437,1571,1572,1441,1160,776,326,-160,-636,-1059,-1379,-1577,-1632,-1527,-1275,-888,-430,71,575,1015,1359,1569,1617,1501,1223,831,348,-159,-641,-1052,-1342,-1497,-1489,-1328,-1033,-623,-139,335,769,1120,1338,1406,1328,1099,742,287,-215,-705,-1129,-1411,-1462,-1269,-841,-241,379,819,411,237,0,0,0,0,0,0,0,0,0,0,0,0,0,0,0,0,0,0,0,0,0,0,0,0,0,0,0,0,0,0,0,0,0,0,0,0,0,0,0,0,0,0,0,0,0,0,0,0,0,0,0,0,0,0,0,0,0,0,0,0,0,0,0,0,0,0,0,0,0,0,0,0,0,0,0,0,0,0,0,0,0,0,0,0,0,0,0,0,0,0,0,0,0,0,0,0,0,0,0,0,0,0,0,0,0,0,0,0,0,0,0,0,0,0,0,0,0,0,0,0,0,0,0,0,0,0,0,0,0,0,0,0,0,0,0,0,0,0,0,0,0,0,0,0,0,0,0,0,0,0,0,0,0,0,0,0,0,0,0,0,0,0,0,0,0,0,0,0,0,0,0,0,0,0,0,0,0,0,0,0,0,0,0,0,0,0,0,0,0,0,0,0,0,0,0,0,0,0,0,0,0,0,0,0,0,0,0,0,0,0,0,0,0,0,0,0,0,0,0,0,0,0,0,0,0,0,0,0,0,0,0,0,0,0,0,0,0,0,0,0,0,0,0,0,0,0,0,0,0,0,0,0,0,0,0,0,-49,-640,-550,459,664,723,578,275,-108,-466,-747,-910,-935,-828,-596,-303,46,412,704,942,1072,1058,935,697,377,7,-368,-715,-992,-1167,-1220,-1128,-938,-630,-266,107,502,838,1074,1223,1252,1157,959,674,329,-61,-451,-774,-1061,-1249,-1303,-1260,-1089,-831,-490,-106,284,641,961,1198,1310,1328,1226,1003,681,299,-94,-470,-814,-1100,-1270,-1330,-1254,-1064,-801,-472,-104,282,603,875,1058,1154,1161,1034,846,585,288,-16,-303,-558,-765,-900,-950,-922,-834,-684,-465,-235,12,251,452,626,717,740,735,658,531,365,196,36,-134,-284,-404,-480,-514,-520,-485,-415,-345,-263,-170,-64,22,99,189,265,328,383,-82,441,447,428,396,323,212,77,-79,-241,-421,-569,-698,-781,-796,-757,-641,-464,-230,47,337,627,886,1067,1161,1151,1047,831,519,160,-241,-639,-981,-1242,-1416,-1446,-1353,-1129,-784,-370,90,550,966,1292,1495,1568,1497,1307,992,576,115,-339,-763,-1146,-1412,-1551,-1548,-1422,-1185,-847,-417,39,494,910,1249,1476,1573,1537,1349,1057,676,229,-229,-695,-1094,-1393,-1568,-1595,-1484,-1227,-859,-418,82,576,1028,1366,1569,1630,1530,1270,893,419,-97,-609,-1051,-1372,-1551,-1561,-1420,-1136,-737,-263,236,688,1072,1347,1461,1416,1225,894,469,1,-458,-873,-1192,-1380,-1399,-1240,-913,-420,167,731,1179,1388,1282,953,-498,-599
62269,mtk,MTK 7916,2154154992,rx0-tx1,512,0,0,0,0,0,0,0,0,0,0,0,0,0,0,0,0,0,0,0,0,0,0,0,0,0,0,0,0,0,0,0,0,0,0,0,0,0,0,0,0,0,0,0,0,0,0,0,0,0,0,0,0,0,0,0,0,0,0,0,0,0,0,0,0,0,0,0,0,0,0,0,0,0,0,0,0,0,0,0,0,0,0,0,0,0,0,0,0,0,0,0,0,0,0,0,0,0,0,0,0,0,0,0,0,0,0,0,0,0,0,0,0,0,0,0,0,0,0,0,0,0,0,0,0,0,0,0,0,0,0,0,0,0,0,0,0,0,0,0,0,0,0,0,0,0,0,0,0,0,0,0,0,0,0,0,0,0,0,0,0,0,0,0,0,0,0,0,0,0,0,0,0,0,0,0,0,0,0,0,0,0,0,0,0,0,0,0,0,0,0,0,0,0,0,0,0,0,0,0,0,0,0,0,0,0,0,0,0,0,0,0,0,0,0,0,0,0,0,0,0,0,0,0,0,0,0,0,0,0,0,0,0,0,0,0,0,0,0,0,0,0,0,0,0,0,0,0,0,0,0,0,0,0,0,0,0,-449,-114,-119,285,145,-113,-376,-569,-650,-599,-446,-211,63,340,577,746,829,802,667,430,136,-194,-525,-804,-998,-1075,-1016,-825,-505,-129,263,659,980,1159,1208,1138,920,593,211,-195,-569,-894,-1107,-1189,-1133,-968,-714,-386,-38,305,595,811,947,990,934,778,569,338,52,-213,-425,-579,-685,-712,-686,-606,-465,-316,-162,-5,130,264,356,423,452,463,452,422,369,294,209,107,-23,-172,-306,-420,-511,-562,-577,-541,-441,-305,-151,16,194,357,473,553,592,578,509,405,286,129,-34,-180,-314,-422,-505,-550,-559,-503,-409,-304,-180,-32,120,272,397,489,542,554,522,455,347,214,62,-108,510,-386,-469,-517,-541,-509,-449,-360,-227,-88,53,190,306,389,455,480,468,441,383,310,196,82,-26,-133,-246,-357,-449,-519,-565,-591,-545,-466,-342,-175,33,245,461,650,805,903,919,847,681,450,161,-175,-517,-821,-1071,-1223,-1254,-1165,-963,-640,-240,195,612,990,1279,1441,1468,1337,1069,688,229,-267,-747,-1155,-1427,-1558,-1534,-1345,-1013,-581,-77,433,886,1247,1494,1555,1471,1222,847,382,-125,-616,-1029,-1316,-1444,-1416,-1243,-920,-503,-27,437,836,1119,1249,1237,1069,795,429,13,-356,-664,-872,-973,-957,-825,-595,-307,-7,277,508,667,739,705,586,399,143,-137,-380,-539,-584,-499,-341,-24,-75,0,0,0,0,0,0,0,0,0,0,0,0,0,0,0,0,0,0,0,0,0,0,0,0,0,0,0,0,0,0,0,0,0,0,0,0,0,0,0,0,0,0,0,0,0,0,0,0,0,0,0,0,0,0,0,0,0,0,0,0,0,0,0,0,0,0,0,0,0,0,0,0,0,0,0,0,0,0,0,0,0,0,0,0,0,0,0,0,0,0,0,0,0,0,0,0,0,0,0,0,0,0,0,0,0,0,0,0,0,0,0,0,0,0,0,0,0,0,0,0,0,0,0,0,0,0,0,0,0,0,0,0,0,0,0,0,0,0,0,0,0,0,0,0,0,0,0,0,0,0,0,0,0,0,0,0,0,0,0,0,0,0,0,0,0,0,0,0,0,0,0,0,0,0,0,0,0,0,0,0,0,0,0,0,0,0,0,0,0,0,0,0,0,0,0,0,0,0,0,0,0,0,0,0,0,0,0,0,0,0,0,0,0,0,0,0,0,0,0,0,0,0,0,0,0,0,0,0,0,0,0,0,0,0,0,0,0,0,0,0,0,0,0,0,0,0,0,0,0,0,0,0,0,0,0,0,26,-31,12,-287,-465,-533,-449,-247,25,294,526,677,730,670,508,283,1,-298,-575,-793,-911,-934,-833,-608,-303,63,427,761,1017,1136,1149,1022,727,337,-71,-472,-829,-1074,-1197,-1189,-1055,-805,-462,-87,289,620,880,1050,1103,1033,858,620,344,38,-273,-534,-709,-830,-866,-816,-688,-533,-333,-108,104,303,442,512,563,555,526,457,355,256,147,49,-53,-164,-279,-368,-436,-486,-519,-501,-446,-352,-218,-68,87,253,398,507,575,604,581,493,360,216,47,-126,-281,-403,-499,-568,-574,-538,-463,-367,-227,-83,79,241,358,452,517,542,542,495,398,270,125,-26,-169,-306,-435,-513,-558,-544,-82,-398,-278,-162,-7,147,274,396,471,506,505,465,395,307,199,59,-64,-182,-279,-362,-425,-452,-470,-457,-434,-364,-273,-154,-21,138,302,446,578,684,746,732,667,533,332,87,-199,-486,-734,-935,-1068,-1096,-1014,-829,-563,-217,174,555,902,1182,1346,1377,1271,1041,679,249,-220,-685,-1074,-1360,-1519,-1528,-1385,-1073,-648,-167,344,815,1203,1474,1590,1522,1294,940,482,-22,-510,-951,-1282,-1479,-1513,-1378,-1091,-686,-209,265,720,1080,1306,1378,1282,1044,676,251,-192,-591,-890,-1086,-1122,-1023,-821,-533,-199,146,447,676,812,843,769,605,372,106,-158,-390,-569,-669,-652,-520,-304,-42,204,348,-137,-117
62270,mtk,MTK 7916,2154154992,rx1-tx0,512,0,0,0,0,0,0,0,0,0,0,0,0,0,0,0,0,0,0,0,0,0,0,0,0,0,0,0,0,0,0,0,0,0,0,0,0,0,0,0,0,0,0,0,0,0,0,0,0,0,0,0,0,0,0,0,0,0,0,0,0,0,0,0,0,0,0,0,0,0,0,0,0,0,0,0,0,0,0,0,0,0,0,0,0,0,0,0,0,0,0,0,0,0,0,0,0,0,0,0,0,0,0,0,0,0,0,0,0,0,0,0,0,0,0,0,0,0,0,0,0,0,0,0,0,0,0,0,0,0,0,0,0,0,0,0,0,0,0,0,0,0,0,0,0,0,0,0,0,0,0,0,0,0,0,0,0,0,0,0,0,0,0,0,0,0,0,0,0,0,0,0,0,0,0,0,0,0,0,0,0,0,0,0,0,0,0,0,0,0,0,0,0,0,0,0,0,0,0,0,0,0,0,0,0,0,0,0,0,0,0,0,0,0,0,0,0,0,0,0,0,0,0,0,0,0,0,0,0,0,0,0,0,0,0,0,0,0,0,0,0,0,0,0,0,0,0,0,0,0,0,0,0,0,0,0,0,98,717,356,-511,-397,-97,280,625,857,930,830,587,255,-118,-499,-829,-1065,-1170,-1113,-928,-606,-178,285,732,1119,1365,1455,1371,1094,687,175,-370,-872,-1249,-1480,-1574,-1460,-1191,-781,-297,203,681,1060,1315,1433,1384,1199,923,550,137,-250,-598,-878,-1061,-1142,-1116,-1005,-800,-521,-236,54,309,528,708,818,873,850,777,643,465,260,35,-176,-399,-590,-728,-818,-838,-783,-667,-508,-301,-39,211,426,619,750,810,800,712,566,366,162,-60,-269,-450,-564,-630,-632,-574,-478,-358,-220,-59,87,204,297,364,387,385,363,314,255,189,116,55,-10,-71,-119,-156,-194,-231,-250,-273,-282,-263,-238,-198,-686,-77,11,99,189,278,351,409,438,434,385,302,211,82,-66,-238,-380,-473,-577,-626,-605,-542,-446,-298,-118,73,269,461,623,738,799,783,688,564,372,123,-140,-410,-644,-838,-966,-997,-945,-799,-577,-295,32,364,657,900,1045,1099,1059,923,693,389,58,-287,-600,-853,-1028,-1106,-1085,-967,-756,-475,-164,174,487,740,933,1044,1033,945,764,501,206,-95,-398,-658,-841,-927,-937,-861,-685,-469,-214,59,303,516,672,757,771,703,572,409,223,23,-173,-350,-482,-572,-627,-623,-562,-444,-306,-132,77,274,452,603,682,706,630,477,265,-13,-314,-583,-778,-852,-766,-514,-155,184,1276,1197,0,0,0,0,0,0,0,0,0,0,0,0,0,0,0,0,0,0,0,0,0,0,0,0,0,0,0,0,0,0,0,0,0,0,0,0,0,0,0,0,0,0,0,0,0,0,0,0,0,0,0,0,0,0,0,0,0,0,0,0,0,0,0,0,0,0,0,0,0,0,0,0,0,0,0,0,0,0,0,0,0,0,0,0,0,0,0,0,0,0,0,0,0,0,0,0,0,0,0,0,0,0,0,0,0,0,0,0,0,0,0,0,0,0,0,0,0,0,0,0,0,0,0,0,0,0,0,0,0,0,0,0,0,0,0,0,0,0,0,0,0,0,0,0,0,0,0,0,0,0,0,0,0,0,0,0,0,0,0,0,0,0,0,0,0,0,0,0,0,0,0,0,0,0,0,0,0,0,0,0,0,0,0,0,0,0,0,0,0,0,0,0,0,0,0,0,0,0,0,0,0,0,0,0,0,0,0,0,0,0,0,0,0,0,0,0,0,0,0,0,0,0,0,0,0,0,0,0,0,0,0,0,0,0,0,0,0,0,0,0,0,0,0,0,0,0,0,0,0,0,0,0,0,0,0,0,-999,-1066,-1219,246,542,746,767,599,288,-96,-480,-785,-976,-1033,-945,-724,-393,19,436,815,1119,1290,1297,1140,833,401,-75,-587,-1039,-1369,-1545,-1518,-1302,-926,-474,42,561,1007,1333,1498,1504,1345,1046,648,187,-266,-669,-999,-1231,-1299,-1238,-1076,-830,-512,-168,164,466,724,887,981,986,906,770,568,338,98,-143,-357,-553,-695,-789,-812,-798,-721,-585,-412,-192,48,292,496,657,794,848,806,714,562,344,111,-137,-354,-546,-669,-737,-737,-669,-537,-369,-193,4,181,328,433,501,521,488,420,335,234,120,20,-73,-157,-211,-253,-276,-278,-286,-265,-241,-203,-167,-122,-72,-26,47,112,170,225,9,336,354,354,335,283,200,98,-20,-134,-269,-373,-460,-519,-537,-508,-414,-317,-192,-16,166,326,475,601,671,693,667,574,425,239,20,-223,-435,-623,-788,-877,-885,-817,-677,-481,-221,79,376,651,874,1019,1080,1025,880,643,334,7,-328,-634,-887,-1048,-1113,-1085,-956,-742,-442,-111,225,535,800,985,1078,1078,963,767,508,197,-137,-429,-697,-887,-974,-988,-916,-741,-493,-216,63,348,585,752,851,858,785,642,443,211,-25,-250,-437,-571,-655,-677,-641,-554,-417,-269,-87,100,288,436,548,630,640,582,486,324,115,-113,-359,-555,-713,-789,-746,-581,-312,25,381,661,788,737,-77,-461
62271,mtk,MTK 7916,2154154992,rx1-tx1,512,0,0,0,0,0,0,0,0,0,0,0,0,0,0,0,0,0,0,0,0,0,0,0,0,0,0,0,0,0,0,0,0,0,0,0,0,0,0,0,0,0,0,0,0,0,0,0,0,0,0,0,0,0,0,0,0,0,0,0,0,0,0,0,0,0,0,0,0,0,0,0,0,0,0,0,0,0,0,0,0,0,0,0,0,0,0,0,0,0,0,0,0,0,0,0,0,0,0,0,0,0,0,0,0,0,0,0,0,0,0,0,0,0,0,0,0,0,0,0,0,0,0,0,0,0,0,0,0,0,0,0,0,0,0,0,0,0,0,0,0,0,0,0,0,0,0,0,0,0,0,0,0,0,0,0,0,0,0,0,0,0,0,0,0,0,0,0,0,0,0,0,0,0,0,0,0,0,0,0,0,0,0,0,0,0,0,0,0,0,0,0,0,0,0,0,0,0,0,0,0,0,0,0,0,0,0,0,0,0,0,0,0,0,0,0,0,0,0,0,0,0,0,0,0,0,0,0,0,0,0,0,0,0,0,0,0,0,0,0,0,0,0,0,0,0,0,0,0,0,0,0,0,0,0,0,0,-282,134,275,151,173,174,150,109,43,-45,-133,-201,-241,-247,-203,-118,-16,84,184,252,270,233,149,34,-100,-217,-280,-291,-244,-126,18,166,282,339,317,220,79,-93,-256,-358,-375,-315,-172,27,219,359,438,425,290,82,-136,-331,-482,-521,-422,-214,30,271,485,591,545,371,117,-190,-455,-614,-654,-556,-304,37,352,592,726,696,498,182,-172,-495,-714,-761,-642,-376,-26,331,617,758,725,534,223,-148,-469,-677,-735,-631,-377,-45,302,569,699,667,473,177,-146,-436,-627,-650,-527,-282,18,314,524,615,555,366,88,-192,-425,-556,-541,-399,-176,90,333,488,497,386,204,-24,0,-414,-460,-395,-232,-15,199,359,429,376,226,29,-171,-323,-396,-361,-231,-31,168,321,390,351,211,17,-178,-337,-415,-385,-244,-47,174,365,463,449,327,121,-145,-382,-526,-540,-416,-194,85,365,553,593,512,305,17,-286,-537,-664,-627,-441,-159,166,472,675,713,587,324,-10,-347,-617,-740,-681,-480,-179,171,483,675,713,595,347,19,-323,-582,-702,-662,-476,-181,157,465,665,707,594,345,14,-313,-567,-700,-687,-526,-245,95,410,629,720,672,486,194,-132,-424,-634,-713,-644,-449,-179,127,409,604,677,617,457,211,-71,-331,-532,-643,-651,-547,-376,-166,46,234,383,-313,-176,0,0,0,0,0,0,0,0,0,0,0,0,0,0,0,0,0,0,0,0,0,0,0,0,0,0,0,0,0,0,0,0,0,0,0,0,0,0,0,0,0,0,0,0,0,0,0,0,0,0,0,0,0,0,0,0,0,0,0,0,0,0,0,0,0,0,0,0,0,0,0,0,0,0,0,0,0,0,0,0,0,0,0,0,0,0,0,0,0,0,0,0,0,0,0,0,0,0,0,0,0,0,0,0,0,0,0,0,0,0,0,0,0,0,0,0,0,0,0,0,0,0,0,0,0,0,0,0,0,0,0,0,0,0,0,0,0,0,0,0,0,0,0,0,0,0,0,0,0,0,0,0,0,0,0,0,0,0,0,0,0,0,0,0,0,0,0,0,0,0,0,0,0,0,0,0,0,0,0,0,0,0,0,0,0,0,0,0,0,0,0,0,0,0,0,0,0,0,0,0,0,0,0,0,0,0,0,0,0,0,0,0,0,0,0,0,0,0,0,0,0,0,0,0,0,0,0,0,0,0,0,0,0,0,0,0,0,0,0,0,0,0,0,0,0,0,0,0,0,0,0,0,0,0,0,0,288,490,426,-30,32,85,136,191,228,226,197,138,43,-63,-152,-222,-260,-246,-183,-83,34,150,244,294,282,198,81,-62,-201,-299,-324,-279,-185,-49,119,277,361,367,280,123,-64,-243,-373,-421,-374,-243,-50,169,362,460,457,361,168,-82,-314,-483,-544,-479,-294,-36,244,474,612,614,463,193,-118,-409,-625,-697,-620,-393,-75,275,567,738,741,567,272,-81,-422,-675,-772,-691,-453,-126,225,538,737,766,606,310,-48,-387,-632,-721,-651,-432,-114,222,499,655,649,503,230,-99,-393,-572,-633,-544,-330,-43,249,473,577,540,380,132,-145,-379,-506,-518,-398,-185,62,295,438,470,0,237,10,-213,-379,-450,-397,-233,-26,180,337,398,350,217,32,-160,-318,-392,-356,-217,-28,175,339,407,355,218,19,-188,-355,-442,-431,-298,-70,176,374,501,508,380,143,-135,-383,-536,-573,-472,-252,32,326,550,642,571,376,76,-249,-513,-659,-677,-535,-261,88,417,652,729,645,419,89,-262,-554,-718,-718,-552,-265,87,409,625,705,620,404,92,-246,-533,-694,-688,-536,-267,67,393,628,714,636,430,134,-199,-488,-672,-721,-607,-359,-45,275,543,694,712,591,344,25,-289,-539,-674,-673,-554,-323,-30,258,488,626,647,564,390,139,-121,-350,-524,-607,-593,-512,-384,418,492
62272,mtk,MTK 7916,2154154992,rx2-tx0,512,0,0,0,0,0,0,0,0,0,0,0,0,0,0,0,0,0,0,0,0,0,0,0,0,0,0,0,0,0,0,0,0,0,0,0,0,0,0,0,0,0,0,0,0,0,0,0,0,0,0,0,0,0,0,0,0,0,0,0,0,0,0,0,0,0,0,0,0,0,0,0,0,0,0,0,0,0,0,0,0,0,0,0,0,0,0,0,0,0,0,0,0,0,0,0,0,0,0,0,0,0,0,0,0,0,0,0,0,0,0,0,0,0,0,0,0,0,0,0,0,0,0,0,0,0,0,0,0,0,0,0,0,0,0,0,0,0,0,0,0,0,0,0,0,0,0,0,0,0,0,0,0,0,0,0,0,0,0,0,0,0,0,0,0,0,0,0,0,0,0,0,0,0,0,0,0,0,0,0,0,0,0,0,0,0,0,0,0,0,0,0,0,0,0,0,0,0,0,0,0,0,0,0,0,0,0,0,0,0,0,0,0,0,0,0,0,0,0,0,0,0,0,0,0,0,0,0,0,0,0,0,0,0,0,0,0,0,0,0,0,0,0,0,0,0,0,0,0,0,0,0,0,0,0,0,0,794,161,400,-31,-77,-115,-144,-161,-158,-137,-100,-38,40,104,151,181,180,139,71,-9,-86,-152,-189,-192,-168,-108,-17,81,163,202,192,143,79,9,-69,-142,-175,-170,-125,-57,27,96,136,138,104,40,-32,-98,-150,-152,-119,-57,21,98,158,175,156,98,12,-82,-158,-207,-203,-159,-76,19,115,184,218,205,154,60,-52,-148,-207,-227,-202,-124,-24,85,165,209,194,144,73,-12,-94,-147,-168,-153,-88,-9,67,120,162,163,113,39,-28,-87,-134,-166,-159,-105,-41,30,87,124,143,133,90,37,-15,-60,-95,-105,-92,-71,-33,8,40,56,69,92,80,55,21,-14,0,-81,-102,-100,-82,-65,-35,11,72,117,128,124,109,70,-2,-62,-113,-150,-158,-124,-68,-4,62,123,161,168,141,75,-9,-87,-140,-171,-165,-119,-54,20,104,174,198,170,111,37,-55,-125,-172,-193,-161,-91,-20,57,120,165,173,142,73,-5,-74,-119,-131,-111,-74,-16,52,93,108,114,98,51,-21,-77,-109,-113,-95,-62,-20,42,88,108,114,105,61,8,-32,-65,-102,-111,-92,-66,-38,-8,18,47,78,91,90,72,48,23,3,5,-6,-46,-75,-80,-95,-89,-71,-49,-21,23,68,103,122,129,114,82,44,-15,-73,-109,-129,-144,-150,-129,-96,-52,-529,-332,0,0,0,0,0,0,0,0,0,0,0,0,0,0,0,0,0,0,0,0,0,0,0,0,0,0,0,0,0,0,0,0,0,0,0,0,0,0,0,0,0,0,0,0,0,0,0,0,0,0,0,0,0,0,0,0,0,0,0,0,0,0,0,0,0,0,0,0,0,0,0,0,0,0,0,0,0,0,0,0,0,0,0,0,0,0,0,0,0,0,0,0,0,0,0,0,0,0,0,0,0,0,0,0,0,0,0,0,0,0,0,0,0,0,0,0,0,0,0,0,0,0,0,0,0,0,0,0,0,0,0,0,0,0,0,0,0,0,0,0,0,0,0,0,0,0,0,0,0,0,0,0,0,0,0,0,0,0,0,0,0,0,0,0,0,0,0,0,0,0,0,0,0,0,0,0,0,0,0,0,0,0,0,0,0,0,0,0,0,0,0,0,0,0,0,0,0,0,0,0,0,0,0,0,0,0,0,0,0,0,0,0,0,0,0,0,0,0,0,0,0,0,0,0,0,0,0,0,0,0,0,0,0,0,0,0,0,0,0,0,0,0,0,0,0,0,0,0,0,0,0,0,0,0,0,0,572,792,695,109,122,109,75,26,-36,-94,-145,-181,-183,-151,-94,-30,49,120,170,189,179,125,42,-43,-120,-169,-200,-203,-143,-53,37,111,173,180,150,95,31,-39,-105,-155,-152,-112,-53,18,86,129,137,116,59,-24,-106,-143,-157,-137,-76,15,92,158,192,182,127,48,-47,-145,-216,-224,-187,-122,-19,96,181,223,230,187,100,-1,-95,-178,-210,-193,-137,-45,50,115,160,179,157,86,11,-67,-129,-159,-153,-106,-32,53,110,138,146,136,88,9,-61,-120,-160,-148,-107,-67,-12,53,106,143,133,101,61,15,-28,-57,-81,-93,-87,-67,-32,15,55,73,76,82,0,67,26,-17,-49,-81,-116,-126,-110,-68,-17,43,91,134,154,143,106,47,-27,-80,-127,-158,-160,-121,-61,24,106,164,181,162,102,21,-57,-120,-164,-173,-151,-91,1,81,151,196,186,137,73,-12,-95,-156,-176,-169,-116,-37,30,84,137,152,114,70,11,-58,-104,-115,-114,-84,-31,26,80,111,107,87,43,-21,-74,-101,-109,-92,-68,-38,13,71,106,110,100,78,39,-7,-40,-63,-77,-82,-82,-67,-41,-15,14,38,53,68,71,67,67,57,52,27,-10,-39,-67,-92,-102,-101,-96,-70,-28,16,62,106,137,149,147,113,68,19,-30,-71,-96,-111,571,716
62273,mtk,MTK 7916,2154154992,rx2-tx1,512,0,0,0,0,0,0,0,0,0,0,0,0,0,0,0,0,0,0,0,0,0,0,0,0,0,0,0,0,0,0,0,0,0,0,0,0,0,0,0,0,0,0,0,0,0,0,0,0,0,0,0,0,0,0,0,0,0,0,0,0,0,0,0,0,0,0,0,0,0,0,0,0,0,0,0,0,0,0,0,0,0,0,0,0,0,0,0,0,0,0,0,0,0,0,0,0,0,0,0,0,0,0,0,0,0,0,0,0,0,0,0,0,0,0,0,0,0,0,0,0,0,0,0,0,0,0,0,0,0,0,0,0,0,0,0,0,0,0,0,0,0,0,0,0,0,0,0,0,0,0,0,0,0,0,0,0,0,0,0,0,0,0,0,0,0,0,0,0,0,0,0,0,0,0,0,0,0,0,0,0,0,0,0,0,0,0,0,0,0,0,0,0,0,0,0,0,0,0,0,0,0,0,0,0,0,0,0,0,0,0,0,0,0,0,0,0,0,0,0,0,0,0,0,0,0,0,0,0,0,0,0,0,0,0,0,0,0,0,0,0,0,0,0,0,0,0,0,0,0,0,0,0,0,0,0,0,381,288,455,-47,-32,-12,14,35,64,93,107,103,89,69,25,-32,-77,-109,-134,-134,-107,-54,4,72,139,188,195,164,98,19,-79,-167,-227,-239,-223,-167,-63,71,184,257,295,273,195,68,-71,-207,-315,-365,-333,-236,-83,97,253,356,400,372,256,83,-127,-314,-432,-455,-392,-256,-66,154,357,486,510,427,259,48,-183,-395,-530,-534,-432,-262,-25,223,429,538,542,429,223,-23,-236,-414,-521,-509,-379,-186,47,261,427,498,466,325,122,-98,-280,-403,-432,-368,-228,-38,159,304,377,373,280,126,-45,-198,-315,-353,-307,-202,-55,105,235,300,302,236,125,-19,-153,-243,0,-252,-170,-38,90,179,235,238,186,82,-39,-141,-210,-230,-195,-114,-12,94,181,219,190,121,36,-68,-163,-196,-182,-131,-42,54,133,197,204,158,68,-39,-132,-202,-227,-202,-135,-33,73,170,237,254,207,115,-4,-111,-191,-244,-240,-177,-88,11,127,215,239,215,162,67,-48,-144,-208,-219,-182,-119,-32,74,158,193,191,159,84,-9,-88,-154,-190,-183,-139,-67,11,92,166,203,187,137,72,-12,-88,-149,-191,-195,-159,-98,-24,53,117,155,174,164,125,63,-1,-60,-112,-152,-160,-142,-98,-47,6,54,101,137,142,124,94,57,17,-25,-69,-94,-106,-114,-313,-113,0,0,0,0,0,0,0,0,0,0,0,0,0,0,0,0,0,0,0,0,0,0,0,0,0,0,0,0,0,0,0,0,0,0,0,0,0,0,0,0,0,0,0,0,0,0,0,0,0,0,0,0,0,0,0,0,0,0,0,0,0,0,0,0,0,0,0,0,0,0,0,0,0,0,0,0,0,0,0,0,0,0,0,0,0,0,0,0,0,0,0,0,0,0,0,0,0,0,0,0,0,0,0,0,0,0,0,0,0,0,0,0,0,0,0,0,0,0,0,0,0,0,0,0,0,0,0,0,0,0,0,0,0,0,0,0,0,0,0,0,0,0,0,0,0,0,0,0,0,0,0,0,0,0,0,0,0,0,0,0,0,0,0,0,0,0,0,0,0,0,0,0,0,0,0,0,0,0,0,0,0,0,0,0,0,0,0,0,0,0,0,0,0,0,0,0,0,0,0,0,0,0,0,0,0,0,0,0,0,0,0,0,0,0,0,0,0,0,0,0,0,0,0,0,0,0,0,0,0,0,0,0,0,0,0,0,0,0,0,0,0,0,0,0,0,0,0,0,0,0,0,0,0,0,0,0,-1037,607,490,-53,-62,-77,-87,-88,-74,-53,-20,20,55,85,106,114,92,58,13,-39,-101,-145,-161,-152,-115,-58,20,101,164,206,210,163,83,-6,-106,-204,-263,-274,-223,-131,-5,134,271,331,325,273,168,13,-145,-290,-371,-375,-304,-169,18,201,337,421,429,345,176,-39,-243,-402,-474,-454,-352,-170,54,276,453,536,496,358,155,-84,-313,-478,-545,-505,-357,-136,117,344,488,528,480,331,97,-148,-353,-480,-503,-413,-252,-51,169,354,457,447,338,176,-18,-219,-366,-427,-387,-254,-85,94,255,360,369,308,181,20,-146,-280,-349,-327,-231,-88,62,199,284,298,250,154,0,-103,-217,-260,-241,-180,-69,60,165,222,240,194,96,-20,-122,-200,-221,-194,-123,-18,81,152,187,180,127,45,-53,-139,-182,-175,-136,-55,49,135,193,219,187,104,5,-105,-195,-241,-242,-189,-78,46,149,219,249,223,152,48,-63,-155,-214,-240,-213,-132,-15,90,177,228,230,186,99,-14,-108,-170,-201,-189,-130,-53,31,114,177,202,173,103,26,-58,-138,-187,-195,-165,-103,-14,70,136,172,190,177,125,46,-38,-114,-168,-191,-171,-128,-72,-7,49,106,150,157,146,123,65,0,-60,-103,-127,-129,-114,-87,-57,-11,51,96,122,132,125,113,97,61,3,602,660
62274,mtk,MTK 7916,2154189692,rx0-tx0,512,0,0,0,0,0,0,0,0,0,0,0,0,0,0,0,0,0,0,0,0,0,0,0,0,0,0,0,0,0,0,0,0,0,0,0,0,0,0,0,0,0,0,0,0,0,0,0,0,0,0,0,0,0,0,0,0,0,0,0,0,0,0,0,0,0,0,0,0,0,0,0,0,0,0,0,0,0,0,0,0,0,0,0,0,0,0,0,0,0,0,0,0,0,0,0,0,0,0,0,0,0,0,0,0,0,0,0,0,0,0,0,0,0,0,0,0,0,0,0,0,0,0,0,0,0,0,0,0,0,0,0,0,0,0,0,0,0,0,0,0,0,0,0,0,0,0,0,0,0,0,0,0,0,0,0,0,0,0,0,0,0,0,0,0,0,0,0,0,0,0,0,0,0,0,0,0,0,0,0,0,0,0,0,0,0,0,0,0,0,0,0,0,0,0,0,0,0,0,0,0,0,0,0,0,0,0,0,0,0,0,0,0,0,0,0,0,0,0,0,0,0,0,0,0,0,0,0,0,0,0,0,0,0,0,0,0,0,0,0,0,0,0,0,0,0,0,0,0,0,0,0,0,0,0,0,0,-364,-176,-369,412,646,741,627,341,-36,-403,-704,-883,-923,-839,-616,-311,43,409,717,949,1065,1045,910,656,297,-89,-470,-808,-1045,-1185,-1181,-1050,-791,-436,-63,323,685,985,1171,1254,1189,1001,731,397,9,-372,-714,-1018,-1220,-1269,-1208,-1055,-785,-444,-54,348,701,1010,1211,1304,1278,1122,876,537,123,-284,-648,-973,-1201,-1285,-1270,-1138,-884,-564,-183,187,543,850,1044,1156,1146,1047,849,562,256,-82,-373,-620,-826,-936,-965,-910,-782,-595,-348,-101,145,375,566,701,771,761,690,574,417,233,27,-149,-309,-426,-493,-545,-545,-496,-410,-316,-201,-87,6,105,182,250,302,345,370,366,368,351,-330,266,182,79,-37,-170,-304,-432,-553,-629,-681,-666,-586,-439,-239,-6,248,517,741,923,1032,1045,954,766,498,145,-236,-601,-933,-1196,-1339,-1352,-1241,-1010,-651,-232,227,680,1055,1332,1499,1518,1386,1116,734,278,-188,-653,-1056,-1360,-1524,-1553,-1440,-1185,-839,-422,57,531,931,1258,1466,1554,1488,1294,988,564,97,-371,-829,-1205,-1457,-1572,-1545,-1377,-1077,-652,-178,320,795,1195,1471,1606,1591,1404,1068,649,139,-394,-860,-1268,-1529,-1619,-1555,-1313,-920,-444,79,591,1035,1356,1527,1531,1341,1016,589,104,-391,-826,-1160,-1360,-1406,-1283,-1012,-619,-154,355,830,1194,1415,1434,1205,751,143,-489,-972,-1176,411,237,0,0,0,0,0,0,0,0,0,0,0,0,0,0,0,0,0,0,0,0,0,0,0,0,0,0,0,0,0,0,0,0,0,0,0,0,0,0,0,0,0,0,0,0,0,0,0,0,0,0,0,0,0,0,0,0,0,0,0,0,0,0,0,0,0,0,0,0,0,0,0,0,0,0,0,0,0,0,0,0,0,0,0,0,0,0,0,0,0,0,0,0,0,0,0,0,0,0,0,0,0,0,0,0,0,0,0,0,0,0,0,0,0,0,0,0,0,0,0,0,0,0,0,0,0,0,0,0,0,0,0,0,0,0,0,0,0,0,0,0,0,0,0,0,0,0,0,0,0,0,0,0,0,0,0,0,0,0,0,0,0,0,0,0,0,0,0,0,0,0,0,0,0,0,0,0,0,0,0,0,0,0,0,0,0,0,0,0,0,0,0,0,0,0,0,0,0,0,0,0,0,0,0,0,0,0,0,0,0,0,0,0,0,0,0,0,0,0,0,0,0,0,0,0,0,0,0,0,0,0,0,0,0,0,0,0,0,0,0,0,0,0,0,0,0,0,0,0,0,0,0,0,0,0,0,0,-49,-640,-550,431,209,-151,-515,-781,-873,-789,-568,-239,113,459,747,927,993,922,730,448,101,-263,-612,-916,-1108,-1151,-1068,-850,-537,-165,237,608,933,1126,1211,1176,1023,755,402,11,-388,-732,-1006,-1191,-1256,-1187,-1021,-760,-409,-14,361,718,1024,1216,1302,1255,1098,845,491,107,-299,-673,-975,-1217,-1320,-1285,-1141,-904,-546,-152,229,618,933,1142,1248,1217,1105,870,559,223,-131,-452,-748,-948,-1054,-1067,-968,-811,-581,-303,-23,251,489,692,813,862,842,751,598,399,188,-51,-250,-428,-559,-634,-654,-607,-528,-399,-266,-122,23,160,262,351,414,414,407,382,342,297,226,154,68,-8,-75,-160,-82,-317,-398,-455,-482,-486,-450,-382,-265,-107,69,275,477,647,780,844,854,769,603,373,80,-234,-560,-837,-1064,-1203,-1212,-1112,-897,-575,-185,227,632,995,1279,1436,1462,1334,1062,693,254,-224,-691,-1080,-1367,-1522,-1538,-1418,-1161,-788,-329,138,612,1016,1313,1510,1561,1453,1226,898,488,27,-446,-860,-1218,-1466,-1562,-1529,-1350,-1026,-617,-150,330,781,1178,1451,1585,1586,1420,1095,668,180,-330,-824,-1219,-1499,-1637,-1581,-1380,-1031,-552,-39,476,956,1319,1532,1585,1456,1175,761,283,-242,-730,-1110,-1374,-1475,-1408,-1175,-825,-382,103,577,970,1252,1394,1360,1144,768,280,-286,-839,-1251,-1433,-1310,-895,-390,-498,-599
62275,mtk,MTK 7916,2154189692,rx0-tx1,512,0,0,0,0,0,0,0,0,0,0,0,0,0,0,0,0,0,0,0,0,0,0,0,0,0,0,0,0,0,0,0,0,0,0,0,0,0,0,0,0,0,0,0,0,0,0,0,0,0,0,0,0,0,0,0,0,0,0,0,0,0,0,0,0,0,0,0,0,0,0,0,0,0,0,0,0,0,0,0,0,0,0,0,0,0,0,0,0,0,0,0,0,0,0,0,0,0,0,0,0,0,0,0,0,0,0,0,0,0,0,0,0,0,0,0,0,0,0,0,0,0,0,0,0,0,0,0,0,0,0,0,0,0,0,0,0,0,0,0,0,0,0,0,0,0,0,0,0,0,0,0,0,0,0,0,0,0,0,0,0,0,0,0,0,0,0,0,0,0,0,0,0,0,0,0,0,0,0,0,0,0,0,0,0,0,0,0,0,0,0,0,0,0,0,0,0,0,0,0,0,0,0,0,0,0,0,0,0,0,0,0,0,0,0,0,0,0,0,0,0,0,0,0,0,0,0,0,0,0,0,0,0,0,0,0,0,0,0,0,0,0,0,0,0,0,0,0,0,0,0,0,0,0,0,0,0,-449,-114,-119,-263,-443,-538,-479,-287,-17,256,492,659,721,680,523,286,3,-314,-587,-802,-920,-914,-799,-568,-239,154,520,852,1084,1165,1106,910,574,170,-253,-649,-970,-1188,-1233,-1132,-917,-577,-193,201,580,864,1043,1126,1072,879,633,332,7,-312,-585,-779,-883,-890,-822,-684,-466,-246,-2,233,412,529,602,622,569,498,385,278,144,10,-94,-200,-301,-360,-420,-465,-467,-454,-391,-310,-182,-31,119,284,422,517,575,581,543,461,310,137,-33,-202,-365,-480,-574,-602,-572,-496,-371,-239,-97,65,223,359,472,541,566,544,486,370,234,73,-89,-244,-379,-479,-547,-565,-547,-462,-348,-212,510,123,281,393,499,554,548,513,433,330,186,41,-94,-243,-354,-435,-481,-480,-450,-412,-334,-238,-133,-8,119,246,361,461,550,583,581,569,466,313,140,-74,-303,-546,-747,-880,-935,-911,-799,-581,-297,35,375,710,979,1174,1247,1186,1008,701,325,-110,-559,-964,-1256,-1439,-1473,-1339,-1059,-652,-170,337,810,1213,1469,1574,1503,1267,896,411,-105,-603,-1055,-1380,-1553,-1542,-1361,-1051,-608,-71,428,887,1261,1444,1458,1316,1020,605,114,-381,-817,-1129,-1285,-1295,-1140,-839,-450,-25,390,722,953,1048,1014,845,583,271,-56,-368,-607,-764,-804,-739,-584,-349,-74,224,465,625,667,551,330,100,-24,-75,0,0,0,0,0,0,0,0,0,0,0,0,0,0,0,0,0,0,0,0,0,0,0,0,0,0,0,0,0,0,0,0,0,0,0,0,0,0,0,0,0,0,0,0,0,0,0,0,0,0,0,0,0,0,0,0,0,0,0,0,0,0,0,0,0,0,0,0,0,0,0,0,0,0,0,0,0,0,0,0,0,0,0,0,0,0,0,0,0,0,0,0,0,0,0,0,0,0,0,0,0,0,0,0,0,0,0,0,0,0,0,0,0,0,0,0,0,0,0,0,0,0,0,0,0,0,0,0,0,0,0,0,0,0,0,0,0,0,0,0,0,0,0,0,0,0,0,0,0,0,0,0,0,0,0,0,0,0,0,0,0,0,0,0,0,0,0,0,0,0,0,0,0,0,0,0,0,0,0,0,0,0,0,0,0,0,0,0,0,0,0,0,0,0,0,0,0,0,0,0,0,0,0,0,0,0,0,0,0,0,0,0,0,0,0,0,0,0,0,0,0,0,0,0,0,0,0,0,0,0,0,0,0,0,0,0,0,0,0,0,0,0,0,0,0,0,0,0,0,0,0,0,0,0,0,0,26,-31,12,-313,-185,63,336,546,641,610,471,237,-44,-318,-568,-738,-821,-798,-647,-412,-96,245,575,843,1022,1057,961,749,394,-22,-433,-805,-1073,-1198,-1189,-1029,-764,-384,52,459,812,1062,1171,1164,1022,761,440,83,-295,-609,-832,-980,-1022,-943,-771,-538,-264,9,272,505,667,747,777,704,562,402,229,33,-122,-260,-363,-431,-492,-473,-449,-405,-333,-257,-180,-72,53,179,301,405,499,536,533,492,394,265,101,-73,-233,-397,-519,-589,-588,-557,-466,-345,-204,-16,153,299,411,491,551,568,521,443,319,170,9,-149,-298,-418,-503,-557,-565,-530,-440,-309,-146,23,191,339,442,529,-82,569,490,386,263,97,-55,-201,-330,-431,-502,-513,-505,-452,-355,-245,-111,21,131,242,348,415,467,496,488,455,393,298,161,-7,-151,-314,-491,-609,-713,-755,-732,-636,-451,-225,39,318,615,870,1028,1096,1058,915,668,342,-62,-457,-829,-1126,-1316,-1381,-1284,-1053,-703,-284,196,670,1084,1380,1540,1523,1349,1011,557,45,-475,-932,-1302,-1523,-1568,-1461,-1177,-764,-260,268,751,1145,1429,1526,1445,1235,855,365,-136,-616,-1028,-1310,-1422,-1357,-1126,-756,-313,145,584,936,1132,1202,1096,866,545,166,-206,-535,-766,-886,-896,-786,-589,-328,-28,251,499,664,734,690,522,284,-16,-285,-460,-506,-137,-117
62276,mtk,MTK 7916,2154189692,rx1-tx0,512,0,0,0,0,0,0,0,0,0,0,0,0,0,0,0,0,0,0,0,0,0,0,0,0,0,0,0,0,0,0,0,0,0,0,0,0,0,0,0,0,0,0,0,0,0,0,0,0,0,0,0,0,0,0,0,0,0,0,0,0,0,0,0,0,0,0,0,0,0,0,0,0,0,0,0,0,0,0,0,0,0,0,0,0,0,0,0,0,0,0,0,0,0,0,0,0,0,0,0,0,0,0,0,0,0,0,0,0,0,0,0,0,0,0,0,0,0,0,0,0,0,0,0,0,0,0,0,0,0,0,0,0,0,0,0,0,0,0,0,0,0,0,0,0,0,0,0,0,0,0,0,0,0,0,0,0,0,0,0,0,0,0,0,0,0,0,0,0,0,0,0,0,0,0,0,0,0,0,0,0,0,0,0,0,0,0,0,0,0,0,0,0,0,0,0,0,0,0,0,0,0,0,0,0,0,0,0,0,0,0,0,0,0,0,0,0,0,0,0,0,0,0,0,0,0,0,0,0,0,0,0,0,0,0,0,0,0,0,0,0,0,0,0,0,0,0,0,0,0,0,0,0,0,0,0,0,98,717,356,182,497,744,808,662,364,-30,-423,-755,-973,-1055,-971,-747,-417,3,447,839,1140,1305,1303,1124,776,323,-181,-704,-1133,-1424,-1553,-1465,-1195,-753,-244,302,801,1213,1471,1539,1437,1166,775,315,-162,-617,-970,-1201,-1327,-1284,-1110,-859,-525,-165,203,525,777,948,995,990,890,712,495,250,-32,-263,-459,-647,-757,-800,-821,-759,-615,-441,-238,-15,221,449,618,750,823,817,734,564,363,105,-146,-362,-568,-700,-757,-750,-678,-536,-347,-142,62,235,398,498,538,540,500,416,304,168,48,-57,-157,-239,-293,-316,-319,-306,-293,-244,-195,-145,-87,-32,27,98,168,213,258,292,324,324,-686,263,205,125,8,-115,-227,-334,-411,-466,-487,-481,-426,-301,-163,-26,140,312,453,577,652,655,621,521,366,174,-40,-261,-478,-658,-781,-842,-829,-734,-580,-362,-95,187,462,720,918,1024,1039,945,751,486,164,-196,-551,-833,-1038,-1140,-1132,-1006,-781,-489,-136,227,553,844,1048,1137,1125,998,773,479,145,-223,-541,-796,-997,-1067,-1053,-934,-702,-430,-112,223,520,757,905,958,934,802,584,331,41,-240,-473,-648,-764,-797,-748,-625,-452,-243,-28,183,365,522,621,655,633,565,439,273,86,-126,-324,-503,-648,-694,-685,-598,-428,-191,95,379,640,804,853,756,480,101,-284,-542,1276,1197,0,0,0,0,0,0,0,0,0,0,0,0,0,0,0,0,0,0,0,0,0,0,0,0,0,0,0,0,0,0,0,0,0,0,0,0,0,0,0,0,0,0,0,0,0,0,0,0,0,0,0,0,0,0,0,0,0,0,0,0,0,0,0,0,0,0,0,0,0,0,0,0,0,0,0,0,0,0,0,0,0,0,0,0,0,0,0,0,0,0,0,0,0,0,0,0,0,0,0,0,0,0,0,0,0,0,0,0,0,0,0,0,0,0,0,0,0,0,0,0,0,0,0,0,0,0,0,0,0,0,0,0,0,0,0,0,0,0,0,0,0,0,0,0,0,0,0,0,0,0,0,0,0,0,0,0,0,0,0,0,0,0,0,0,0,0,0,0,0,0,0,0,0,0,0,0,0,0,0,0,0,0,0,0,0,0,0,0,0,0,0,0,0,0,0,0,0,0,0,0,0,0,0,0,0,0,0,0,0,0,0,0,0,0,0,0,0,0,0,0,0,0,0,0,0,0,0,0,0,0,0,0,0,0,0,0,0,0,0,0,0,0,0,0,0,0,0,0,0,0,0,0,0,0,0,0,-999,-1066,-1219,561,467,187,-211,-581,-845,-946,-871,-646,-314,74,480,812,1060,1184,1125,917,573,133,-345,-808,-1174,-1395,-1452,-1318,-982,-536,2,545,1033,1387,1555,1547,1337,993,505,-10,-507,-940,-1249,-1416,-1434,-1283,-983,-629,-208,223,587,882,1087,1164,1131,987,764,475,166,-127,-406,-628,-781,-879,-893,-810,-712,-553,-334,-120,102,343,537,675,768,812,797,695,533,326,82,-153,-400,-589,-734,-815,-791,-722,-582,-368,-137,101,316,503,614,666,649,590,485,320,154,-12,-167,-290,-377,-415,-415,-400,-358,-292,-205,-118,-39,23,95,169,204,236,255,262,273,269,236,192,141,83,9,-91,9,-240,-314,-381,-419,-410,-374,-307,-204,-84,49,187,341,455,532,574,578,512,408,279,96,-104,-297,-476,-612,-701,-738,-720,-640,-467,-270,-33,222,459,674,842,936,942,864,699,443,138,-185,-505,-779,-984,-1103,-1115,-1002,-787,-495,-159,203,554,826,1042,1148,1129,1009,791,476,135,-219,-563,-837,-1021,-1120,-1096,-955,-749,-458,-121,211,537,785,951,1038,1013,885,672,392,92,-222,-509,-712,-838,-887,-837,-704,-511,-270,-19,232,429,591,687,710,673,576,436,249,50,-135,-313,-473,-581,-653,-654,-586,-462,-267,-36,178,411,602,735,772,703,519,241,-92,-444,-726,-846,-765,-544,-77,-461
62277,mtk,MTK 7916,2154189692,rx1-tx1,512,0,0,0,0,0,0,0,0,0,0,0,0,0,0,0,0,0,0,0,0,0,0,0,0,0,0,0,0,0,0,0,0,0,0,0,0,0,0,0,0,0,0,0,0,0,0,0,0,0,0,0,0,0,0,0,0,0,0,0,0,0,0,0,0,0,0,0,0,0,0,0,0,0,0,0,0,0,0,0,0,0,0,0,0,0,0,0,0,0,0,0,0,0,0,0,0,0,0,0,0,0,0,0,0,0,0,0,0,0,0,0,0,0,0,0,0,0,0,0,0,0,0,0,0,0,0,0,0,0,0,0,0,0,0,0,0,0,0,0,0,0,0,0,0,0,0,0,0,0,0,0,0,0,0,0,0,0,0,0,0,0,0,0,0,0,0,0,0,0,0,0,0,0,0,0,0,0,0,0,0,0,0,0,0,0,0,0,0,0,0,0,0,0,0,0,0,0,0,0,0,0,0,0,0,0,0,0,0,0,0,0,0,0,0,0,0,0,0,0,0,0,0,0,0,0,0,0,0,0,0,0,0,0,0,0,0,0,0,0,0,0,0,0,0,0,0,0,0,0,0,0,0,0,0,0,0,-282,134,275,67,113,156,195,224,221,178,114,37,-52,-143,-211,-252,-245,-195,-111,-1,119,218,269,272,224,133,0,-137,-258,-324,-314,-236,-118,21,176,298,349,329,245,91,-104,-272,-385,-412,-357,-222,-42,165,359,473,472,367,167,-70,-296,-469,-550,-522,-372,-126,154,414,585,632,540,333,41,-271,-541,-690,-682,-543,-295,38,367,622,745,720,540,229,-139,-471,-688,-774,-689,-448,-113,237,538,732,763,626,348,1,-335,-596,-723,-692,-510,-212,117,415,625,676,583,368,82,-224,-474,-617,-617,-472,-222,64,330,519,579,507,318,56,-200,-399,-512,-505,-371,-159,79,296,0,483,402,226,6,-210,-374,-451,-411,-259,-57,146,306,389,375,277,106,-109,-281,-373,-373,-292,-128,78,284,414,438,350,179,-42,-255,-418,-487,-442,-273,-46,211,428,553,547,406,163,-109,-359,-546,-610,-530,-320,-40,263,512,649,650,501,229,-101,-413,-636,-727,-659,-444,-137,205,504,697,732,611,358,33,-297,-570,-721,-700,-524,-253,75,395,633,721,653,441,139,-193,-478,-667,-716,-610,-368,-47,283,558,710,719,577,328,4,-314,-567,-710,-729,-602,-350,-49,266,538,693,713,608,397,111,-186,-441,-610,-673,-620,-451,-220,44,293,491,611,649,597,477,316,125,-313,-176,0,0,0,0,0,0,0,0,0,0,0,0,0,0,0,0,0,0,0,0,0,0,0,0,0,0,0,0,0,0,0,0,0,0,0,0,0,0,0,0,0,0,0,0,0,0,0,0,0,0,0,0,0,0,0,0,0,0,0,0,0,0,0,0,0,0,0,0,0,0,0,0,0,0,0,0,0,0,0,0,0,0,0,0,0,0,0,0,0,0,0,0,0,0,0,0,0,0,0,0,0,0,0,0,0,0,0,0,0,0,0,0,0,0,0,0,0,0,0,0,0,0,0,0,0,0,0,0,0,0,0,0,0,0,0,0,0,0,0,0,0,0,0,0,0,0,0,0,0,0,0,0,0,0,0,0,0,0,0,0,0,0,0,0,0,0,0,0,0,0,0,0,0,0,0,0,0,0,0,0,0,0,0,0,0,0,0,0,0,0,0,0,0,0,0,0,0,0,0,0,0,0,0,0,0,0,0,0,0,0,0,0,0,0,0,0,0,0,0,0,0,0,0,0,0,0,0,0,0,0,0,0,0,0,0,0,0,0,0,0,0,0,0,0,0,0,0,0,0,0,0,0,0,0,0,0,288,490,426,-141,-138,-115,-65,-2,70,149,212,245,244,198,125,28,-78,-173,-236,-263,-244,-169,-53,71,176,257,286,269,189,66,-76,-213,-306,-331,-290,-180,-16,152,296,382,388,305,153,-38,-229,-380,-445,-419,-303,-112,108,311,468,520,445,271,27,-240,-452,-577,-580,-451,-216,70,353,571,674,620,432,150,-174,-477,-674,-730,-642,-417,-100,258,574,754,764,618,353,4,-352,-626,-762,-734,-540,-233,114,436,655,736,664,432,112,-222,-498,-675,-697,-562,-292,30,333,552,654,614,434,156,-150,-409,-568,-599,-493,-270,0,270,463,549,503,346,118,-139,-354,-466,-475,-386,0,27,258,419,464,398,252,41,-179,-343,-416,-386,-272,-87,113,286,386,387,281,102,-91,-260,-376,-405,-318,-137,78,277,410,447,378,210,-18,-248,-428,-516,-482,-337,-102,165,403,562,590,476,247,-30,-314,-540,-648,-599,-422,-134,197,474,655,695,585,344,14,-316,-579,-719,-703,-543,-254,85,407,644,744,665,450,146,-196,-499,-681,-712,-603,-351,-29,294,555,703,701,537,251,-84,-384,-612,-719,-678,-488,-198,134,439,658,734,667,477,182,-139,-432,-645,-735,-684,-501,-221,88,372,581,680,656,516,295,17,-265,-495,-631,-654,-593,-443,-234,-5,206,383,478,517,418,492
62278,mtk,MTK 7916,2154189692,rx2-tx0,512,0,0,0,0,0,0,0,0,0,0,0,0,0,0,0,0,0,0,0,0,0,0,0,0,0,0,0,0,0,0,0,0,0,0,0,0,0,0,0,0,0,0,0,0,0,0,0,0,0,0,0,0,0,0,0,0,0,0,0,0,0,0,0,0,0,0,0,0,0,0,0,0,0,0,0,0,0,0,0,0,0,0,0,0,0,0,0,0,0,0,0,0,0,0,0,0,0,0,0,0,0,0,0,0,0,0,0,0,0,0,0,0,0,0,0,0,0,0,0,0,0,0,0,0,0,0,0,0,0,0,0,0,0,0,0,0,0,0,0,0,0,0,0,0,0,0,0,0,0,0,0,0,0,0,0,0,0,0,0,0,0,0,0,0,0,0,0,0,0,0,0,0,0,0,0,0,0,0,0,0,0,0,0,0,0,0,0,0,0,0,0,0,0,0,0,0,0,0,0,0,0,0,0,0,0,0,0,0,0,0,0,0,0,0,0,0,0,0,0,0,0,0,0,0,0,0,0,0,0,0,0,0,0,0,0,0,0,0,0,0,0,0,0,0,0,0,0,0,0,0,0,0,0,0,0,0,794,161,400,82,63,29,-15,-63,-107,-152,-175,-175,-152,-105,-36,45,116,166,194,185,138,62,-19,-100,-166,-204,-199,-169,-106,-25,59,145,204,192,148,99,29,-61,-126,-161,-155,-101,-24,34,83,123,130,99,42,-24,-99,-151,-167,-149,-93,-7,72,156,208,201,161,103,2,-121,-193,-218,-224,-187,-82,34,128,205,239,216,164,70,-40,-123,-189,-215,-184,-115,-42,36,111,162,167,145,87,8,-76,-135,-164,-154,-125,-60,18,85,132,158,153,103,33,-26,-71,-112,-142,-137,-102,-49,6,56,94,112,117,99,51,8,-23,-52,-70,-83,-90,-71,-33,1,27,51,0,115,99,63,33,5,-37,-80,-121,-129,-118,-97,-63,-4,58,102,134,150,132,91,30,-51,-118,-155,-167,-150,-106,-37,47,116,163,176,144,82,17,-59,-134,-189,-205,-169,-109,-31,62,132,178,198,172,103,20,-60,-120,-163,-162,-126,-86,-27,47,103,129,116,75,34,-21,-73,-106,-109,-92,-50,-1,45,84,109,114,83,37,-11,-49,-79,-92,-100,-94,-67,-20,25,60,81,101,89,70,48,21,-17,-45,-61,-63,-56,-53,-56,-52,-45,-32,-16,14,48,75,84,94,111,107,72,22,-33,-78,-121,-147,-150,-131,-112,-69,-10,43,93,135,149,149,140,-529,-332,0,0,0,0,0,0,0,0,0,0,0,0,0,0,0,0,0,0,0,0,0,0,0,0,0,0,0,0,0,0,0,0,0,0,0,0,0,0,0,0,0,0,0,0,0,0,0,0,0,0,0,0,0,0,0,0,0,0,0,0,0,0,0,0,0,0,0,0,0,0,0,0,0,0,0,0,0,0,0,0,0,0,0,0,0,0,0,0,0,0,0,0,0,0,0,0,0,0,0,0,0,0,0,0,0,0,0,0,0,0,0,0,0,0,0,0,0,0,0,0,0,0,0,0,0,0,0,0,0,0,0,0,0,0,0,0,0,0,0,0,0,0,0,0,0,0,0,0,0,0,0,0,0,0,0,0,0,0,0,0,0,0,0,0,0,0,0,0,0,0,0,0,0,0,0,0,0,0,0,0,0,0,0,0,0,0,0,0,0,0,0,0,0,0,0,0,0,0,0,0,0,0,0,0,0,0,0,0,0,0,0,0,0,0,0,0,0,0,0,0,0,0,0,0,0,0,0,0,0,0,0,0,0,0,0,0,0,0,0,0,0,0,0,0,0,0,0,0,0,0,0,0,0,0,0,0,572,792,695,94,125,147,162,165,141,87,27,-34,-91,-147,-177,-175,-143,-90,-19,66,140,177,196,177,112,28,-47,-118,-178,-200,-182,-135,-65,26,103,153,162,135,84,17,-53,-110,-141,-142,-108,-45,34,100,128,134,124,69,-14,-94,-142,-177,-180,-123,-35,57,137,195,225,203,127,40,-54,-156,-216,-220,-189,-127,-25,93,181,213,216,190,117,14,-84,-158,-204,-191,-146,-78,11,92,142,167,150,95,32,-40,-104,-141,-156,-128,-76,-10,68,136,153,144,113,67,5,-45,-90,-123,-124,-89,-62,-27,17,56,89,109,96,71,46,9,-22,-57,-86,-91,-84,-74,0,-15,20,65,98,113,106,79,44,8,-37,-85,-120,-142,-137,-109,-52,20,79,123,161,172,140,74,-5,-86,-137,-156,-157,-124,-62,16,91,155,178,171,130,58,-19,-85,-144,-187,-171,-123,-60,24,104,147,177,170,131,61,-6,-77,-123,-139,-128,-97,-36,22,72,94,103,89,51,-11,-56,-87,-98,-88,-55,-23,21,71,103,106,92,70,37,-10,-56,-89,-99,-84,-64,-44,-17,16,51,73,92,84,68,53,36,15,4,-14,-38,-69,-82,-79,-85,-86,-62,-24,9,42,80,122,134,129,120,89,48,1,-57,-117,-150,-162,-165,-140,-107,-63,-20,28,571,716
62279,mtk,MTK 7916,2154189692,rx2-tx1,512,0,0,0,0,0,0,0,0,0,0,0,0,0,0,0,0,0,0,0,0,0,0,0,0,0,0,0,0,0,0,0,0,0,0,0,0,0,0,0,0,0,0,0,0,0,0,0,0,0,0,0,0,0,0,0,0,0,0,0,0,0,0,0,0,0,0,0,0,0,0,0,0,0,0,0,0,0,0,0,0,0,0,0,0,0,0,0,0,0,0,0,0,0,0,0,0,0,0,0,0,0,0,0,0,0,0,0,0,0,0,0,0,0,0,0,0,0,0,0,0,0,0,0,0,0,0,0,0,0,0,0,0,0,0,0,0,0,0,0,0,0,0,0,0,0,0,0,0,0,0,0,0,0,0,0,0,0,0,0,0,0,0,0,0,0,0,0,0,0,0,0,0,0,0,0,0,0,0,0,0,0,0,0,0,0,0,0,0,0,0,0,0,0,0,0,0,0,0,0,0,0,0,0,0,0,0,0,0,0,0,0,0,0,0,0,0,0,0,0,0,0,0,0,0,0,0,0,0,0,0,0,0,0,0,0,0,0,0,0,0,0,0,0,0,0,0,0,0,0,0,0,0,0,0,0,0,381,288,455,-61,-71,-79,-76,-61,-43,-9,28,72,104,119,114,103,74,30,-40,-105,-138,-155,-160,-134,-77,-5,73,140,186,202,182,126,30,-72,-163,-234,-271,-264,-196,-91,35,154,259,318,319,263,152,4,-150,-284,-366,-383,-322,-191,-30,141,306,413,437,380,242,38,-159,-335,-456,-491,-420,-269,-71,143,345,484,531,470,312,95,-140,-350,-500,-555,-492,-330,-113,121,336,492,545,481,321,121,-102,-312,-465,-508,-448,-306,-118,95,290,410,443,382,251,67,-124,-287,-384,-396,-330,-204,-36,140,287,353,340,264,135,-21,-166,-279,-336,-313,-219,-82,65,194,277,293,0,147,26,-87,-186,-249,-244,-188,-88,30,133,202,237,209,119,19,-70,-146,-199,-211,-169,-75,28,118,176,195,169,95,3,-84,-166,-204,-194,-145,-61,55,160,221,239,213,141,23,-90,-179,-237,-253,-213,-127,-17,93,193,251,246,201,120,3,-112,-194,-237,-234,-188,-106,0,100,178,205,201,162,91,-8,-101,-166,-196,-188,-138,-64,21,101,159,187,182,142,72,-21,-98,-152,-186,-183,-148,-89,-15,65,128,170,187,164,122,72,4,-75,-131,-162,-167,-151,-117,-66,-4,62,108,137,147,132,96,51,6,-41,-87,-115,-129,-128,-116,-92,-57,-14,20,55,-313,-113,0,0,0,0,0,0,0,0,0,0,0,0,0,0,0,0,0,0,0,0,0,0,0,0,0,0,0,0,0,0,0,0,0,0,0,0,0,0,0,0,0,0,0,0,0,0,0,0,0,0,0,0,0,0,0,0,0,0,0,0,0,0,0,0,0,0,0,0,0,0,0,0,0,0,0,0,0,0,0,0,0,0,0,0,0,0,0,0,0,0,0,0,0,0,0,0,0,0,0,0,0,0,0,0,0,0,0,0,0,0,0,0,0,0,0,0,0,0,0,0,0,0,0,0,0,0,0,0,0,0,0,0,0,0,0,0,0,0,0,0,0,0,0,0,0,0,0,0,0,0,0,0,0,0,0,0,0,0,0,0,0,0,0,0,0,0,0,0,0,0,0,0,0,0,0,0,0,0,0,0,0,0,0,0,0,0,0,0,0,0,0,0,0,0,0,0,0,0,0,0,0,0,0,0,0,0,0,0,0,0,0,0,0,0,0,0,0,0,0,0,0,0,0,0,0,0,0,0,0,0,0,0,0,0,0,0,0,0,0,0,0,0,0,0,0,0,0,0,0,0,0,0,0,0,0,0,-1037,607,490,17,1,-22,-45,-71,-93,-105,-104,-89,-66,-39,10,69,110,126,132,118,77,15,-51,-111,-152,-173,-175,-133,-63,19,110,185,234,234,195,110,0,-108,-198,-269,-294,-269,-189,-59,89,226,312,349,339,255,96,-84,-246,-361,-408,-383,-293,-140,52,241,392,466,446,335,165,-47,-249,-411,-507,-500,-380,-186,40,249,423,528,526,420,226,-18,-256,-434,-529,-532,-425,-235,-2,229,420,529,525,412,226,3,-216,-386,-481,-472,-375,-198,8,189,341,423,414,303,133,-55,-215,-340,-391,-353,-239,-84,92,235,319,340,290,179,39,-106,-229,-300,-290,-229,-132,-5,0,230,270,238,154,52,-51,-153,-223,-241,-204,-116,-6,105,187,214,196,140,47,-69,-149,-193,-202,-158,-86,8,110,174,192,169,112,23,-80,-166,-217,-225,-184,-87,29,128,195,240,232,172,70,-42,-151,-234,-253,-225,-161,-66,44,143,220,244,220,147,44,-49,-127,-198,-230,-207,-142,-44,47,132,195,206,169,98,16,-63,-132,-173,-183,-154,-92,-9,60,127,171,178,159,110,27,-50,-116,-162,-187,-172,-133,-73,5,82,139,166,171,162,119,50,-16,-71,-112,-141,-156,-137,-98,-56,-4,53,97,122,122,120,99,65,12,-33,-74,-93,-111,-124,-125,-102,602,660
62280,mtk,MTK 7916,2154219947,rx0-tx0,512,0,0,0,0,0,0,0,0,0,0,0,0,0,0,0,0,0,0,0,0,0,0,0,0,0,0,0,0,0,0,0,0,0,0,0,0,0,0,0,0,0,0,0,0,0,0,0,0,0,0,0,0,0,0,0,0,0,0,0,0,0,0,0,0,0,0,0,0,0,0,0,0,0,0,0,0,0,0,0,0,0,0,0,0,0,0,0,0,0,0,0,0,0,0,0,0,0,0,0,0,0,0,0,0,0,0,0,0,0,0,0,0,0,0,0,0,0,0,0,0,0,0,0,0,0,0,0,0,0,0,0,0,0,0,0,0,0,0,0,0,0,0,0,0,0,0,0,0,0,0,0,0,0,0,0,0,0,0,0,0,0,0,0,0,0,0,0,0,0,0,0,0,0,0,0,0,0,0,0,0,0,0,0,0,0,0,0,0,0,0,0,0,0,0,0,0,0,0,0,0,0,0,0,0,0,0,0,0,0,0,0,0,0,0,0,0,0,0,0,0,0,0,0,0,0,0,0,0,0,0,0,0,0,0,0,0,0,0,0,0,0,0,0,0,0,0,0,0,0,0,0,0,0,0,0,0,-364,-176,-369,361,90,-302,-654,-845,-840,-642,-309,81,462,772,947,977,862,614,266,-117,-519,-833,-1038,-1114,-1030,-795,-466,-52,371,756,1045,1199,1203,1039,751,383,-37,-460,-832,-1096,-1231,-1231,-1077,-810,-457,-26,401,770,1080,1247,1274,1176,932,602,187,-262,-663,-992,-1224,-1316,-1262,-1080,-765,-347,90,507,884,1149,1294,1288,1119,847,491,73,-339,-700,-997,-1170,-1192,-1087,-868,-576,-223,140,470,749,922,990,961,824,631,376,83,-202,-442,-637,-767,-794,-770,-649,-468,-267,-44,171,366,505,567,597,561,477,359,209,53,-93,-206,-289,-348,-371,-355,-347,-310,-248,-176,-114,-59,21,87,172,-330,338,399,445,451,433,364,235,69,-127,-338,-525,-677,-783,-814,-744,-589,-357,-63,259,602,868,1076,1146,1091,947,649,261,-165,-603,-987,-1278,-1412,-1398,-1214,-881,-439,58,564,1009,1339,1532,1567,1394,1057,609,106,-424,-900,-1266,-1511,-1577,-1469,-1210,-828,-337,195,679,1086,1384,1534,1529,1368,1042,602,93,-421,-895,-1262,-1492,-1564,-1480,-1230,-825,-326,213,738,1162,1458,1605,1566,1341,964,461,-95,-632,-1112,-1468,-1627,-1581,-1359,-956,-449,113,667,1140,1455,1577,1502,1243,825,295,-257,-784,-1175,-1407,-1464,-1319,-1022,-577,-64,441,899,1236,1391,1360,1136,711,142,-454,-999,-1356,-1428,-1168,-636,-46,411,237,0,0,0,0,0,0,0,0,0,0,0,0,0,0,0,0,0,0,0,0,0,0,0,0,0,0,0,0,0,0,0,0,0,0,0,0,0,0,0,0,0,0,0,0,0,0,0,0,0,0,0,0,0,0,0,0,0,0,0,0,0,0,0,0,0,0,0,0,0,0,0,0,0,0,0,0,0,0,0,0,0,0,0,0,0,0,0,0,0,0,0,0,0,0,0,0,0,0,0,0,0,0,0,0,0,0,0,0,0,0,0,0,0,0,0,0,0,0,0,0,0,0,0,0,0,0,0,0,0,0,0,0,0,0,0,0,0,0,0,0,0,0,0,0,0,0,0,0,0,0,0,0,0,0,0,0,0,0,0,0,0,0,0,0,0,0,0,0,0,0,0,0,0,0,0,0,0,0,0,0,0,0,0,0,0,0,0,0,0,0,0,0,0,0,0,0,0,0,0,0,0,0,0,0,0,0,0,0,0,0,0,0,0,0,0,0,0,0,0,0,0,0,0,0,0,0,0,0,0,0,0,0,0,0,0,0,0,0,0,0,0,0,0,0,0,0,0,0,0,0,0,0,0,0,0,0,-49,-640,-550,-482,-681,-699,-492,-132,280,638,863,930,830,584,230,-144,-512,-824,-1003,-1059,-951,-688,-349,58,482,827,1069,1173,1115,918,591,199,-240,-650,-963,-1171,-1233,-1155,-934,-590,-192,243,643,962,1190,1282,1203,1015,706,305,-119,-543,-895,-1150,-1298,-1278,-1122,-848,-477,-49,384,775,1096,1284,1311,1214,971,626,212,-231,-635,-963,-1187,-1274,-1201,-1013,-712,-328,61,446,751,981,1101,1081,955,738,435,131,-187,-460,-673,-839,-904,-865,-734,-557,-305,-57,186,418,573,671,707,671,573,405,229,49,-145,-301,-412,-479,-491,-463,-400,-314,-213,-100,-4,73,167,233,277,296,319,325,321,317,-82,207,117,1,-131,-270,-411,-524,-598,-626,-592,-493,-327,-100,163,440,678,870,968,973,854,635,332,-38,-411,-781,-1088,-1261,-1307,-1191,-947,-562,-109,360,823,1199,1442,1521,1419,1152,766,291,-245,-770,-1184,-1463,-1579,-1529,-1298,-940,-474,50,556,994,1336,1544,1555,1406,1124,716,228,-281,-765,-1163,-1438,-1562,-1526,-1305,-943,-478,30,539,1014,1367,1564,1593,1428,1100,658,135,-411,-904,-1308,-1565,-1626,-1497,-1194,-739,-192,368,889,1306,1549,1606,1464,1129,650,99,-451,-941,-1311,-1507,-1504,-1312,-928,-454,78,589,1015,1311,1411,1327,1072,665,160,-364,-866,-1267,-1444,-1378,-1073,-531,128,749,1169,1260,-498,-599
62281,mtk,MTK 7916,2154219947,rx0-tx1,512,0,0,0,0,0,0,0,0,0,0,0,0,0,0,0,0,0,0,0,0,0,0,0,0,0,0,0,0,0,0,0,0,0,0,0,0,0,0,0,0,0,0,0,0,0,0,0,0,0,0,0,0,0,0,0,0,0,0,0,0,0,0,0,0,0,0,0,0,0,0,0,0,0,0,0,0,0,0,0,0,0,0,0,0,0,0,0,0,0,0,0,0,0,0,0,0,0,0,0,0,0,0,0,0,0,0,0,0,0,0,0,0,0,0,0,0,0,0,0,0,0,0,0,0,0,0,0,0,0,0,0,0,0,0,0,0,0,0,0,0,0,0,0,0,0,0,0,0,0,0,0,0,0,0,0,0,0,0,0,0,0,0,0,0,0,0,0,0,0,0,0,0,0,0,0,0,0,0,0,0,0,0,0,0,0,0,0,0,0,0,0,0,0,0,0,0,0,0,0,0,0,0,0,0,0,0,0,0,0,0,0,0,0,0,0,0,0,0,0,0,0,0,0,0,0,0,0,0,0,0,0,0,0,0,0,0,0,0,0,0,0,0,0,0,0,0,0,0,0,0,0,0,0,0,0,0,-449,-114,-119,-287,-100,193,483,654,665,534,290,-34,-346,-609,-789,-838,-762,-562,-253,115,486,805,1017,1087,993,727,348,-93,-551,-932,-1204,-1301,-1199,-899,-484,-9,470,894,1197,1316,1275,1053,687,254,-213,-638,-967,-1155,-1210,-1107,-862,-534,-156,222,568,822,972,1000,916,728,461,164,-118,-371,-570,-710,-745,-708,-594,-439,-250,-74,103,246,370,451,509,521,504,436,347,244,83,-91,-237,-410,-512,-584,-602,-549,-450,-289,-96,110,299,460,562,622,625,520,411,251,61,-131,-306,-444,-550,-590,-557,-493,-387,-224,-58,105,278,423,520,580,569,499,398,246,53,-127,-298,-431,-526,-572,510,-504,-374,-221,-44,130,280,414,484,519,500,450,357,211,61,-79,-217,-318,-404,-453,-466,-450,-406,-325,-214,-87,42,200,341,478,569,629,641,578,443,235,7,-271,-520,-757,-925,-996,-948,-778,-507,-165,221,618,952,1190,1300,1241,1028,695,256,-251,-749,-1148,-1420,-1533,-1461,-1207,-779,-240,338,889,1324,1593,1670,1529,1180,687,107,-482,-1016,-1416,-1635,-1651,-1447,-1060,-519,58,639,1145,1483,1620,1538,1253,801,242,-341,-876,-1256,-1480,-1479,-1262,-877,-385,147,647,1019,1233,1261,1108,786,383,-57,-464,-783,-956,-995,-869,-635,-339,9,346,619,785,807,697,466,127,-213,-483,-612,-584,-24,-75,0,0,0,0,0,0,0,0,0,0,0,0,0,0,0,0,0,0,0,0,0,0,0,0,0,0,0,0,0,0,0,0,0,0,0,0,0,0,0,0,0,0,0,0,0,0,0,0,0,0,0,0,0,0,0,0,0,0,0,0,0,0,0,0,0,0,0,0,0,0,0,0,0,0,0,0,0,0,0,0,0,0,0,0,0,0,0,0,0,0,0,0,0,0,0,0,0,0,0,0,0,0,0,0,0,0,0,0,0,0,0,0,0,0,0,0,0,0,0,0,0,0,0,0,0,0,0,0,0,0,0,0,0,0,0,0,0,0,0,0,0,0,0,0,0,0,0,0,0,0,0,0,0,0,0,0,0,0,0,0,0,0,0,0,0,0,0,0,0,0,0,0,0,0,0,0,0,0,0,0,0,0,0,0,0,0,0,0,0,0,0,0,0,0,0,0,0,0,0,0,0,0,0,0,0,0,0,0,0,0,0,0,0,0,0,0,0,0,0,0,0,0,0,0,0,0,0,0,0,0,0,0,0,0,0,0,0,0,0,0,0,0,0,0,0,0,0,0,0,0,0,0,0,0,0,0,26,-31,12,339,499,538,400,135,-178,-465,-678,-760,-692,-514,-230,100,426,716,902,956,867,636,299,-109,-539,-897,-1120,-1195,-1088,-818,-424,57,549,960,1219,1324,1244,995,593,108,-368,-811,-1117,-1275,-1274,-1102,-778,-385,34,459,781,1011,1102,1061,904,643,328,-9,-338,-611,-803,-881,-859,-746,-574,-335,-84,148,346,491,571,605,588,518,413,285,151,9,-140,-277,-382,-475,-549,-537,-509,-417,-269,-114,88,271,442,564,626,616,550,429,253,83,-143,-323,-443,-552,-596,-572,-502,-383,-224,-44,130,276,425,527,562,557,507,392,246,77,-118,-282,-420,-534,-584,-569,-507,-390,-239,-63,-82,297,443,524,563,536,475,355,205,45,-110,-250,-382,-467,-481,-474,-430,-354,-254,-130,0,125,251,365,449,494,522,503,442,334,175,6,-203,-402,-600,-731,-809,-801,-696,-518,-249,79,419,736,981,1123,1158,1036,785,429,-8,-467,-875,-1193,-1405,-1432,-1267,-943,-509,6,532,1027,1390,1582,1585,1376,995,475,-116,-695,-1181,-1512,-1662,-1601,-1343,-893,-337,268,839,1307,1582,1649,1520,1178,684,110,-478,-1002,-1377,-1562,-1530,-1286,-873,-350,235,754,1142,1357,1381,1198,843,388,-105,-564,-916,-1096,-1118,-977,-709,-357,34,404,674,846,893,797,583,270,-70,-384,-633,-749,-693,-489,-183,93,-137,-117
62282,mtk,MTK 7916,2154219947,rx1-tx0,512,0,0,0,0,0,0,0,0,0,0,0,0,0,0,0,0,0,0,0,0,0,0,0,0,0,0,0,0,0,0,0,0,0,0,0,0,0,0,0,0,0,0,0,0,0,0,0,0,0,0,0,0,0,0,0,0,0,0,0,0,0,0,0,0,0,0,0,0,0,0,0,0,0,0,0,0,0,0,0,0,0,0,0,0,0,0,0,0,0,0,0,0,0,0,0,0,0,0,0,0,0,0,0,0,0,0,0,0,0,0,0,0,0,0,0,0,0,0,0,0,0,0,0,0,0,0,0,0,0,0,0,0,0,0,0,0,0,0,0,0,0,0,0,0,0,0,0,0,0,0,0,0,0,0,0,0,0,0,0,0,0,0,0,0,0,0,0,0,0,0,0,0,0,0,0,0,0,0,0,0,0,0,0,0,0,0,0,0,0,0,0,0,0,0,0,0,0,0,0,0,0,0,0,0,0,0,0,0,0,0,0,0,0,0,0,0,0,0,0,0,0,0,0,0,0,0,0,0,0,0,0,0,0,0,0,0,0,0,0,0,0,0,0,0,0,0,0,0,0,0,0,0,0,0,0,0,98,717,356,574,413,53,-389,-762,-970,-957,-747,-382,66,513,891,1131,1213,1112,807,365,-143,-659,-1106,-1399,-1495,-1351,-1012,-516,89,708,1227,1548,1680,1545,1193,698,100,-519,-1043,-1435,-1607,-1550,-1308,-913,-421,123,619,1005,1277,1356,1277,1078,738,349,-58,-425,-730,-957,-1060,-1049,-939,-733,-466,-171,127,404,603,748,852,872,793,660,444,206,-53,-319,-547,-744,-858,-870,-812,-658,-425,-146,148,427,650,798,863,822,692,474,234,-22,-272,-454,-594,-663,-660,-577,-445,-292,-109,74,223,322,408,447,422,379,309,229,127,18,-54,-126,-195,-244,-286,-312,-312,-316,-285,-222,-151,-64,44,158,-686,350,421,445,454,404,292,173,33,-137,-293,-437,-545,-603,-596,-535,-408,-237,-34,189,403,578,700,767,755,661,492,260,-13,-290,-551,-766,-900,-960,-911,-753,-529,-211,142,476,777,1008,1139,1124,976,714,360,-42,-455,-825,-1085,-1231,-1235,-1093,-843,-476,-48,368,734,1019,1221,1251,1136,890,550,143,-260,-628,-944,-1123,-1181,-1119,-922,-609,-228,170,533,833,1032,1094,1031,859,580,250,-98,-417,-697,-878,-938,-894,-753,-513,-249,32,309,537,684,761,748,668,517,304,67,-172,-402,-578,-684,-722,-686,-556,-350,-99,181,453,681,813,843,730,499,148,-250,-619,-881,-933,-735,-394,1276,1197,0,0,0,0,0,0,0,0,0,0,0,0,0,0,0,0,0,0,0,0,0,0,0,0,0,0,0,0,0,0,0,0,0,0,0,0,0,0,0,0,0,0,0,0,0,0,0,0,0,0,0,0,0,0,0,0,0,0,0,0,0,0,0,0,0,0,0,0,0,0,0,0,0,0,0,0,0,0,0,0,0,0,0,0,0,0,0,0,0,0,0,0,0,0,0,0,0,0,0,0,0,0,0,0,0,0,0,0,0,0,0,0,0,0,0,0,0,0,0,0,0,0,0,0,0,0,0,0,0,0,0,0,0,0,0,0,0,0,0,0,0,0,0,0,0,0,0,0,0,0,0,0,0,0,0,0,0,0,0,0,0,0,0,0,0,0,0,0,0,0,0,0,0,0,0,0,0,0,0,0,0,0,0,0,0,0,0,0,0,0,0,0,0,0,0,0,0,0,0,0,0,0,0,0,0,0,0,0,0,0,0,0,0,0,0,0,0,0,0,0,0,0,0,0,0,0,0,0,0,0,0,0,0,0,0,0,0,0,0,0,0,0,0,0,0,0,0,0,0,0,0,0,0,0,0,0,-999,-1066,-1219,-278,-601,-818,-798,-550,-146,311,715,992,1094,1008,732,341,-119,-607,-1012,-1270,-1353,-1231,-920,-438,136,708,1177,1493,1604,1473,1105,590,-24,-656,-1165,-1517,-1666,-1576,-1274,-806,-228,346,854,1239,1462,1501,1318,1015,583,93,-348,-751,-1045,-1190,-1209,-1090,-880,-580,-228,111,424,679,841,924,931,827,656,450,199,-88,-342,-574,-742,-832,-876,-819,-690,-483,-202,79,348,594,776,868,871,772,582,339,52,-233,-488,-674,-758,-778,-700,-557,-371,-148,74,272,403,502,553,533,455,358,243,95,-39,-142,-225,-290,-334,-333,-314,-290,-245,-190,-127,-54,20,94,187,251,312,355,379,365,9,258,138,11,-124,-284,-407,-478,-531,-529,-470,-359,-205,-24,164,349,510,623,678,680,593,449,253,26,-224,-466,-665,-806,-863,-824,-713,-503,-253,47,367,655,882,1032,1044,953,763,472,107,-289,-649,-951,-1147,-1224,-1159,-939,-612,-219,209,605,942,1180,1257,1183,987,712,324,-111,-512,-851,-1089,-1211,-1185,-1040,-765,-399,-19,368,723,990,1132,1123,991,745,415,38,-311,-630,-868,-997,-1003,-896,-687,-391,-74,237,517,721,821,847,773,608,394,142,-111,-343,-536,-664,-715,-702,-606,-434,-220,18,265,494,662,753,753,662,453,177,-156,-480,-749,-914,-893,-706,-353,104,527,758,-77,-461
62283,mtk,MTK 7916,2154219947,rx1-tx1,512,0,0,0,0,0,0,0,0,0,0,0,0,0,0,0,0,0,0,0,0,0,0,0,0,0,0,0,0,0,0,0,0,0,0,0,0,0,0,0,0,0,0,0,0,0,0,0,0,0,0,0,0,0,0,0,0,0,0,0,0,0,0,0,0,0,0,0,0,0,0,0,0,0,0,0,0,0,0,0,0,0,0,0,0,0,0,0,0,0,0,0,0,0,0,0,0,0,0,0,0,0,0,0,0,0,0,0,0,0,0,0,0,0,0,0,0,0,0,0,0,0,0,0,0,0,0,0,0,0,0,0,0,0,0,0,0,0,0,0,0,0,0,0,0,0,0,0,0,0,0,0,0,0,0,0,0,0,0,0,0,0,0,0,0,0,0,0,0,0,0,0,0,0,0,0,0,0,0,0,0,0,0,0,0,0,0,0,0,0,0,0,0,0,0,0,0,0,0,0,0,0,0,0,0,0,0,0,0,0,0,0,0,0,0,0,0,0,0,0,0,0,0,0,0,0,0,0,0,0,0,0,0,0,0,0,0,0,0,0,0,0,0,0,0,0,0,0,0,0,0,0,0,0,0,0,0,-282,134,275,-154,-151,-142,-109,-62,-1,74,154,210,241,243,207,137,48,-51,-151,-232,-266,-254,-208,-131,-23,105,216,280,304,269,177,43,-96,-217,-305,-338,-295,-200,-62,98,257,372,402,346,237,80,-106,-293,-433,-478,-431,-296,-98,132,342,503,548,479,331,124,-129,-376,-564,-634,-578,-410,-156,136,408,624,717,676,493,205,-116,-416,-633,-746,-722,-561,-269,81,399,639,764,745,576,312,-17,-337,-595,-731,-729,-581,-314,8,322,565,698,676,536,299,8,-294,-536,-657,-645,-502,-257,23,284,483,590,572,436,210,-58,-304,-474,-551,-506,-368,-149,96,313,454,502,444,0,79,-147,-335,-438,-444,-366,-211,1,203,350,417,391,283,103,-87,-252,-366,-399,-340,-202,-13,176,324,407,403,305,117,-95,-293,-429,-478,-417,-268,-50,189,393,528,550,449,249,-4,-260,-467,-599,-603,-471,-251,18,308,529,644,632,500,267,-30,-342,-580,-691,-674,-536,-288,26,342,586,710,697,549,306,5,-307,-557,-691,-691,-562,-321,-20,288,546,683,684,554,320,15,-279,-521,-684,-710,-590,-364,-75,236,508,687,732,641,447,173,-130,-405,-607,-718,-703,-568,-341,-64,223,467,633,690,638,481,249,-6,-253,-471,-615,-664,-622,-501,-314,-102,98,270,399,482,-313,-176,0,0,0,0,0,0,0,0,0,0,0,0,0,0,0,0,0,0,0,0,0,0,0,0,0,0,0,0,0,0,0,0,0,0,0,0,0,0,0,0,0,0,0,0,0,0,0,0,0,0,0,0,0,0,0,0,0,0,0,0,0,0,0,0,0,0,0,0,0,0,0,0,0,0,0,0,0,0,0,0,0,0,0,0,0,0,0,0,0,0,0,0,0,0,0,0,0,0,0,0,0,0,0,0,0,0,0,0,0,0,0,0,0,0,0,0,0,0,0,0,0,0,0,0,0,0,0,0,0,0,0,0,0,0,0,0,0,0,0,0,0,0,0,0,0,0,0,0,0,0,0,0,0,0,0,0,0,0,0,0,0,0,0,0,0,0,0,0,0,0,0,0,0,0,0,0,0,0,0,0,0,0,0,0,0,0,0,0,0,0,0,0,0,0,0,0,0,0,0,0,0,0,0,0,0,0,0,0,0,0,0,0,0,0,0,0,0,0,0,0,0,0,0,0,0,0,0,0,0,0,0,0,0,0,0,0,0,0,0,0,0,0,0,0,0,0,0,0,0,0,0,0,0,0,0,0,288,490,426,-35,-84,-131,-173,-206,-221,-213,-174,-117,-40,47,139,211,249,257,218,135,35,-62,-166,-251,-289,-266,-187,-89,23,152,263,317,301,239,122,-30,-179,-294,-361,-360,-282,-151,15,190,329,411,420,334,171,-28,-228,-386,-477,-482,-400,-224,16,251,444,574,589,473,268,8,-273,-521,-657,-667,-554,-337,-35,269,533,701,724,614,394,86,-247,-538,-731,-787,-688,-446,-128,208,502,702,766,686,474,167,-182,-471,-651,-710,-649,-452,-165,155,435,611,674,598,398,121,-163,-411,-574,-624,-547,-347,-83,176,399,546,575,477,292,52,-190,-379,-484,-501,-411,-233,-2,219,0,472,450,330,145,-60,-257,-400,-441,-374,-238,-59,123,282,378,394,311,151,-42,-217,-344,-406,-367,-238,-48,157,321,419,430,344,176,-28,-241,-413,-505,-485,-358,-157,93,343,512,574,521,365,120,-141,-386,-562,-627,-554,-370,-102,180,439,632,696,612,407,117,-195,-466,-655,-714,-628,-426,-147,175,458,650,716,650,444,166,-142,-430,-634,-702,-648,-467,-172,146,413,616,704,635,453,202,-104,-401,-603,-692,-668,-515,-266,33,325,564,701,717,610,395,109,-190,-449,-637,-701,-660,-523,-291,-14,261,482,618,670,618,461,248,2,-248,-447,-583,-641,-623,-543,-421,-250,418,492
62284,mtk,MTK 7916,2154219947,rx2-tx0,512,0,0,0,0,0,0,0,0,0,0,0,0,0,0,0,0,0,0,0,0,0,0,0,0,0,0,0,0,0,0,0,0,0,0,0,0,0,0,0,0,0,0,0,0,0,0,0,0,0,0,0,0,0,0,0,0,0,0,0,0,0,0,0,0,0,0,0,0,0,0,0,0,0,0,0,0,0,0,0,0,0,0,0,0,0,0,0,0,0,0,0,0,0,0,0,0,0,0,0,0,0,0,0,0,0,0,0,0,0,0,0,0,0,0,0,0,0,0,0,0,0,0,0,0,0,0,0,0,0,0,0,0,0,0,0,0,0,0,0,0,0,0,0,0,0,0,0,0,0,0,0,0,0,0,0,0,0,0,0,0,0,0,0,0,0,0,0,0,0,0,0,0,0,0,0,0,0,0,0,0,0,0,0,0,0,0,0,0,0,0,0,0,0,0,0,0,0,0,0,0,0,0,0,0,0,0,0,0,0,0,0,0,0,0,0,0,0,0,0,0,0,0,0,0,0,0,0,0,0,0,0,0,0,0,0,0,0,0,0,0,0,0,0,0,0,0,0,0,0,0,0,0,0,0,0,0,794,161,400,72,118,149,170,183,171,132,78,21,-44,-116,-168,-197,-199,-163,-98,-27,57,124,180,206,204,168,100,15,-66,-143,-197,-211,-188,-135,-59,23,106,159,185,181,132,61,-13,-84,-137,-160,-150,-103,-24,61,129,170,182,157,94,5,-89,-162,-210,-218,-190,-125,-42,57,157,223,249,217,150,52,-56,-156,-225,-246,-217,-164,-92,15,113,186,219,208,160,93,5,-76,-144,-177,-173,-131,-65,18,90,141,170,157,130,83,5,-78,-145,-177,-184,-159,-97,-33,26,91,143,157,141,106,72,24,-37,-92,-111,-109,-104,-86,-53,-21,17,59,87,90,85,73,0,17,-4,-47,-97,-126,-130,-116,-95,-58,-9,50,101,139,157,148,119,80,27,-36,-96,-146,-165,-151,-112,-57,1,68,141,182,186,146,85,10,-67,-143,-179,-184,-167,-127,-44,37,109,163,185,170,138,86,20,-57,-121,-163,-164,-125,-83,-37,21,76,107,122,103,70,23,-25,-64,-91,-98,-77,-51,-13,33,88,118,114,92,65,30,-13,-59,-93,-110,-104,-85,-56,-16,15,36,62,84,99,88,76,55,23,12,6,-21,-60,-71,-70,-91,-108,-97,-79,-48,-8,35,74,101,119,135,140,117,77,33,-17,-77,-126,-156,-172,-180,-161,-130,-99,-56,-5,-529,-332,0,0,0,0,0,0,0,0,0,0,0,0,0,0,0,0,0,0,0,0,0,0,0,0,0,0,0,0,0,0,0,0,0,0,0,0,0,0,0,0,0,0,0,0,0,0,0,0,0,0,0,0,0,0,0,0,0,0,0,0,0,0,0,0,0,0,0,0,0,0,0,0,0,0,0,0,0,0,0,0,0,0,0,0,0,0,0,0,0,0,0,0,0,0,0,0,0,0,0,0,0,0,0,0,0,0,0,0,0,0,0,0,0,0,0,0,0,0,0,0,0,0,0,0,0,0,0,0,0,0,0,0,0,0,0,0,0,0,0,0,0,0,0,0,0,0,0,0,0,0,0,0,0,0,0,0,0,0,0,0,0,0,0,0,0,0,0,0,0,0,0,0,0,0,0,0,0,0,0,0,0,0,0,0,0,0,0,0,0,0,0,0,0,0,0,0,0,0,0,0,0,0,0,0,0,0,0,0,0,0,0,0,0,0,0,0,0,0,0,0,0,0,0,0,0,0,0,0,0,0,0,0,0,0,0,0,0,0,0,0,0,0,0,0,0,0,0,0,0,0,0,0,0,0,0,0,572,792,695,-104,-93,-68,-22,29,73,121,165,185,176,149,102,37,-38,-107,-169,-209,-212,-172,-108,-34,53,129,180,206,200,161,94,-3,-79,-148,-197,-201,-160,-96,-27,49,116,168,167,128,77,7,-65,-131,-159,-161,-125,-58,28,106,166,195,185,141,59,-40,-124,-195,-239,-227,-178,-99,3,102,186,240,243,212,136,36,-81,-172,-224,-233,-204,-141,-63,40,136,185,195,169,118,38,-52,-117,-157,-177,-166,-118,-43,46,121,155,162,139,101,51,-11,-80,-135,-168,-144,-106,-71,-15,48,87,122,135,123,86,48,0,-49,-77,-92,-103,-100,-75,-49,-12,29,61,0,102,111,105,78,40,-3,-40,-84,-125,-140,-132,-110,-81,-31,46,110,142,155,156,126,71,0,-70,-124,-166,-173,-149,-117,-54,33,106,152,165,156,128,66,-18,-104,-161,-184,-188,-154,-93,-24,46,108,159,184,163,117,59,-4,-79,-133,-143,-132,-103,-48,14,76,109,113,107,89,48,-1,-47,-87,-103,-90,-61,-27,20,72,91,103,98,91,58,27,-10,-55,-89,-103,-96,-82,-68,-50,-16,16,42,66,86,95,86,72,69,55,28,-1,-32,-58,-82,-111,-132,-129,-113,-86,-50,-1,53,99,130,152,157,139,108,78,37,-24,-81,-121,-143,-141,-134,571,716
62285,mtk,MTK 7916,2154219947,rx2-tx1,512,0,0,0,0,0,0,0,0,0,0,0,0,0,0,0,0,0,0,0,0,0,0,0,0,0,0,0,0,0,0,0,0,0,0,0,0,0,0,0,0,0,0,0,0,0,0,0,0,0,0,0,0,0,0,0,0,0,0,0,0,0,0,0,0,0,0,0,0,0,0,0,0,0,0,0,0,0,0,0,0,0,0,0,0,0,0,0,0,0,0,0,0,0,0,0,0,0,0,0,0,0,0,0,0,0,0,0,0,0,0,0,0,0,0,0,0,0,0,0,0,0,0,0,0,0,0,0,0,0,0,0,0,0,0,0,0,0,0,0,0,0,0,0,0,0,0,0,0,0,0,0,0,0,0,0,0,0,0,0,0,0,0,0,0,0,0,0,0,0,0,0,0,0,0,0,0,0,0,0,0,0,0,0,0,0,0,0,0,0,0,0,0,0,0,0,0,0,0,0,0,0,0,0,0,0,0,0,0,0,0,0,0,0,0,0,0,0,0,0,0,0,0,0,0,0,0,0,0,0,0,0,0,0,0,0,0,0,0,0,0,0,0,0,0,0,0,0,0,0,0,0,0,0,0,0,0,381,288,455,36,14,-5,-25,-51,-74,-94,-101,-98,-90,-71,-34,17,67,104,133,145,131,99,52,-7,-71,-133,-180,-189,-177,-138,-58,25,108,181,237,257,228,158,60,-40,-151,-258,-314,-301,-246,-156,-32,110,241,338,394,377,296,157,-13,-189,-325,-416,-450,-393,-256,-82,101,286,422,494,478,385,206,-14,-225,-396,-525,-551,-477,-327,-116,120,329,490,568,538,412,223,-7,-240,-425,-524,-534,-449,-297,-107,112,316,457,516,473,342,164,-34,-227,-380,-457,-435,-346,-193,-3,178,315,398,398,323,185,32,-133,-266,-351,-355,-298,-195,-56,99,234,311,316,268,174,49,0,-189,-259,-273,-229,-151,-48,74,188,246,238,187,119,20,-93,-178,-218,-211,-163,-95,-6,91,162,185,184,150,80,-22,-109,-178,-205,-188,-143,-66,57,162,212,234,220,160,55,-57,-147,-225,-264,-244,-175,-89,11,126,226,279,258,197,114,17,-84,-178,-237,-247,-201,-129,-38,61,142,200,230,214,149,63,-25,-109,-174,-212,-203,-160,-86,0,83,141,187,204,176,107,28,-38,-102,-165,-200,-199,-166,-111,-42,31,107,149,173,190,165,112,52,-5,-55,-113,-154,-163,-154,-136,-92,-33,30,73,107,133,146,138,108,68,27,-16,-57,-86,-109,-122,-122,-117,-313,-113,0,0,0,0,0,0,0,0,0,0,0,0,0,0,0,0,0,0,0,0,0,0,0,0,0,0,0,0,0,0,0,0,0,0,0,0,0,0,0,0,0,0,0,0,0,0,0,0,0,0,0,0,0,0,0,0,0,0,0,0,0,0,0,0,0,0,0,0,0,0,0,0,0,0,0,0,0,0,0,0,0,0,0,0,0,0,0,0,0,0,0,0,0,0,0,0,0,0,0,0,0,0,0,0,0,0,0,0,0,0,0,0,0,0,0,0,0,0,0,0,0,0,0,0,0,0,0,0,0,0,0,0,0,0,0,0,0,0,0,0,0,0,0,0,0,0,0,0,0,0,0,0,0,0,0,0,0,0,0,0,0,0,0,0,0,0,0,0,0,0,0,0,0,0,0,0,0,0,0,0,0,0,0,0,0,0,0,0,0,0,0,0,0,0,0,0,0,0,0,0,0,0,0,0,0,0,0,0,0,0,0,0,0,0,0,0,0,0,0,0,0,0,0,0,0,0,0,0,0,0,0,0,0,0,0,0,0,0,0,0,0,0,0,0,0,0,0,0,0,0,0,0,0,0,0,0,-1037,607,490,60,73,82,86,85,63,36,10,-22,-61,-99,-119,-125,-119,-99,-57,9,70,123,161,167,154,122,66,-2,-82,-159,-212,-239,-221,-159,-73,24,121,208,254,277,246,165,59,-57,-192,-296,-345,-340,-281,-180,-35,125,276,375,421,392,280,118,-63,-236,-378,-466,-464,-374,-217,-27,170,349,474,522,481,356,164,-61,-281,-453,-547,-536,-426,-258,-60,162,370,509,563,517,375,164,-60,-271,-444,-530,-505,-408,-248,-38,174,347,456,474,405,268,92,-102,-268,-377,-422,-383,-262,-112,52,217,333,362,340,266,127,-38,-198,-293,-330,-322,-245,-128,2,138,241,285,0,215,107,-13,-138,-239,-269,-251,-184,-76,31,124,205,237,216,157,67,-43,-137,-190,-210,-189,-126,-34,64,148,193,195,169,97,0,-97,-178,-212,-205,-165,-84,18,112,204,247,252,208,118,-7,-118,-193,-244,-270,-242,-162,-57,46,149,223,253,231,175,83,-20,-116,-197,-227,-211,-167,-101,-1,98,168,196,199,175,113,26,-62,-134,-178,-202,-182,-127,-56,26,106,161,185,189,162,108,35,-47,-122,-167,-196,-189,-163,-112,-33,47,101,137,155,165,152,118,70,23,-36,-87,-121,-137,-141,-114,-75,-38,11,63,92,105,124,139,130,102,71,49,22,-23,602,660
62286,mtk,MTK 7916,2154251368,rx0-tx0,512,0,0,0,0,0,0,0,0,0,0,0,0,0,0,0,0,0,0,0,0,0,0,0,0,0,0,0,0,0,0,0,0,0,0,0,0,0,0,0,0,0,0,0,0,0,0,0,0,0,0,0,0,0,0,0,0,0,0,0,0,0,0,0,0,0,0,0,0,0,0,0,0,0,0,0,0,0,0,0,0,0,0,0,0,0,0,0,0,0,0,0,0,0,0,0,0,0,0,0,0,0,0,0,0,0,0,0,0,0,0,0,0,0,0,0,0,0,0,0,0,0,0,0,0,0,0,0,0,0,0,0,0,0,0,0,0,0,0,0,0,0,0,0,0,0,0,0,0,0,0,0,0,0,0,0,0,0,0,0,0,0,0,0,0,0,0,0,0,0,0,0,0,0,0,0,0,0,0,0,0,0,0,0,0,0,0,0,0,0,0,0,0,0,0,0,0,0,0,0,0,0,0,0,0,0,0,0,0,0,0,0,0,0,0,0,0,0,0,0,0,0,0,0,0,0,0,0,0,0,0,0,0,0,0,0,0,0,0,0,0,0,0,0,0,0,0,0,0,0,0,0,0,0,0,0,0,-364,-176,-369,-80,-426,-708,-802,-677,-385,-8,385,698,894,940,837,604,269,-118,-480,-796,-1001,-1079,-1001,-781,-471,-71,346,719,1004,1164,1182,1034,769,399,-10,-430,-793,-1072,-1216,-1225,-1102,-832,-472,-84,348,733,1023,1226,1303,1208,977,659,263,-178,-585,-939,-1204,-1314,-1302,-1130,-842,-481,-51,402,786,1084,1268,1310,1209,972,648,247,-203,-589,-912,-1132,-1214,-1173,-1010,-751,-418,-50,320,637,873,1002,1026,961,809,574,281,-25,-301,-554,-722,-811,-813,-768,-642,-449,-210,29,238,415,561,636,654,590,482,345,182,19,-129,-254,-343,-407,-432,-404,-364,-302,-226,-150,-72,2,80,161,230,291,-330,388,414,421,382,311,193,49,-113,-307,-484,-639,-743,-763,-716,-589,-385,-119,185,501,783,984,1106,1107,976,718,375,-26,-448,-847,-1162,-1353,-1401,-1289,-1022,-645,-174,332,802,1178,1439,1551,1484,1249,870,389,-127,-616,-1068,-1396,-1551,-1565,-1391,-1075,-662,-176,335,805,1178,1435,1543,1498,1292,937,500,3,-505,-956,-1302,-1518,-1577,-1452,-1180,-773,-283,239,761,1191,1476,1617,1555,1330,959,463,-86,-628,-1094,-1440,-1617,-1596,-1395,-1024,-517,41,597,1074,1404,1555,1515,1290,900,414,-126,-643,-1071,-1365,-1468,-1371,-1109,-720,-240,287,752,1131,1362,1389,1234,876,351,-232,-805,-1236,-1435,-1288,-825,-276,411,237,0,0,0,0,0,0,0,0,0,0,0,0,0,0,0,0,0,0,0,0,0,0,0,0,0,0,0,0,0,0,0,0,0,0,0,0,0,0,0,0,0,0,0,0,0,0,0,0,0,0,0,0,0,0,0,0,0,0,0,0,0,0,0,0,0,0,0,0,0,0,0,0,0,0,0,0,0,0,0,0,0,0,0,0,0,0,0,0,0,0,0,0,0,0,0,0,0,0,0,0,0,0,0,0,0,0,0,0,0,0,0,0,0,0,0,0,0,0,0,0,0,0,0,0,0,0,0,0,0,0,0,0,0,0,0,0,0,0,0,0,0,0,0,0,0,0,0,0,0,0,0,0,0,0,0,0,0,0,0,0,0,0,0,0,0,0,0,0,0,0,0,0,0,0,0,0,0,0,0,0,0,0,0,0,0,0,0,0,0,0,0,0,0,0,0,0,0,0,0,0,0,0,0,0,0,0,0,0,0,0,0,0,0,0,0,0,0,0,0,0,0,0,0,0,0,0,0,0,0,0,0,0,0,0,0,0,0,0,0,0,0,0,0,0,0,0,0,0,0,0,0,0,0,0,0,0,-49,-640,-550,-591,-536,-271,118,507,780,893,818,585,265,-108,-473,-771,-967,-1009,-909,-682,-354,37,437,773,1018,1142,1103,919,607,218,-209,-602,-935,-1150,-1225,-1153,-933,-620,-223,193,595,944,1156,1261,1231,1036,737,373,-56,-490,-845,-1110,-1276,-1294,-1165,-931,-563,-148,283,691,1006,1223,1338,1278,1076,768,372,-75,-497,-858,-1112,-1272,-1278,-1131,-878,-525,-117,271,631,907,1080,1141,1077,901,647,322,-12,-326,-594,-790,-900,-916,-860,-717,-506,-245,10,251,477,641,735,740,673,560,392,194,-10,-203,-354,-458,-528,-528,-488,-410,-311,-204,-72,46,133,225,271,311,326,336,337,318,275,220,-82,63,-35,-154,-274,-396,-502,-563,-594,-563,-469,-320,-102,139,384,611,796,912,944,867,683,412,84,-290,-651,-960,-1172,-1268,-1228,-1035,-711,-303,155,618,1028,1323,1487,1473,1295,967,531,26,-485,-954,-1309,-1529,-1559,-1440,-1182,-761,-280,227,726,1124,1402,1548,1522,1328,998,578,89,-407,-872,-1237,-1465,-1554,-1481,-1236,-867,-407,102,599,1050,1390,1569,1586,1426,1088,647,126,-423,-911,-1312,-1565,-1622,-1500,-1205,-768,-238,328,846,1271,1540,1607,1486,1176,730,199,-354,-857,-1246,-1477,-1512,-1360,-1038,-592,-69,446,891,1210,1395,1379,1179,834,352,-175,-695,-1140,-1397,-1425,-1202,-747,-117,547,1040,1226,-498,-599
62287,mtk,MTK 7916,2154251368,rx0-tx1,512,0,0,0,0,0,0,0,0,0,0,0,0,0,0,0,0,0,0,0,0,0,0,0,0,0,0,0,0,0,0,0,0,0,0,0,0,0,0,0,0,0,0,0,0,0,0,0,0,0,0,0,0,0,0,0,0,0,0,0,0,0,0,0,0,0,0,0,0,0,0,0,0,0,0,0,0,0,0,0,0,0,0,0,0,0,0,0,0,0,0,0,0,0,0,0,0,0,0,0,0,0,0,0,0,0,0,0,0,0,0,0,0,0,0,0,0,0,0,0,0,0,0,0,0,0,0,0,0,0,0,0,0,0,0,0,0,0,0,0,0,0,0,0,0,0,0,0,0,0,0,0,0,0,0,0,0,0,0,0,0,0,0,0,0,0,0,0,0,0,0,0,0,0,0,0,0,0,0,0,0,0,0,0,0,0,0,0,0,0,0,0,0,0,0,0,0,0,0,0,0,0,0,0,0,0,0,0,0,0,0,0,0,0,0,0,0,0,0,0,0,0,0,0,0,0,0,0,0,0,0,0,0,0,0,0,0,0,0,0,0,0,0,0,0,0,0,0,0,0,0,0,0,0,0,0,0,-449,-114,-119,29,297,522,619,555,345,48,-270,-540,-723,-800,-731,-536,-267,79,430,719,934,1020,944,732,383,-36,-463,-846,-1107,-1219,-1176,-951,-571,-97,380,797,1126,1305,1286,1097,778,357,-103,-535,-899,-1140,-1219,-1155,-950,-624,-256,124,496,771,957,1037,979,833,592,289,-15,-297,-550,-706,-785,-773,-671,-522,-349,-144,43,201,346,459,503,529,530,466,385,283,146,2,-165,-331,-458,-545,-576,-566,-527,-409,-223,-36,160,358,522,603,640,607,523,380,206,21,-182,-346,-475,-572,-594,-573,-499,-372,-214,-37,123,283,432,539,596,578,518,408,253,78,-120,-299,-435,-551,-598,-585,510,-417,-253,-80,103,289,436,524,565,554,496,397,266,112,-37,-194,-326,-419,-483,-515,-505,-432,-347,-236,-110,26,185,340,463,569,633,649,605,488,321,85,-174,-417,-668,-869,-977,-971,-874,-663,-348,17,396,771,1067,1255,1301,1185,919,548,110,-401,-862,-1217,-1457,-1524,-1404,-1106,-666,-128,444,971,1366,1611,1656,1475,1133,644,68,-530,-1059,-1429,-1641,-1637,-1446,-1069,-533,42,612,1115,1457,1604,1560,1296,860,321,-268,-803,-1211,-1447,-1485,-1293,-962,-490,55,550,953,1191,1265,1150,873,487,65,-348,-677,-894,-985,-929,-739,-453,-115,215,522,745,814,764,562,257,-98,-395,-573,-585,-24,-75,0,0,0,0,0,0,0,0,0,0,0,0,0,0,0,0,0,0,0,0,0,0,0,0,0,0,0,0,0,0,0,0,0,0,0,0,0,0,0,0,0,0,0,0,0,0,0,0,0,0,0,0,0,0,0,0,0,0,0,0,0,0,0,0,0,0,0,0,0,0,0,0,0,0,0,0,0,0,0,0,0,0,0,0,0,0,0,0,0,0,0,0,0,0,0,0,0,0,0,0,0,0,0,0,0,0,0,0,0,0,0,0,0,0,0,0,0,0,0,0,0,0,0,0,0,0,0,0,0,0,0,0,0,0,0,0,0,0,0,0,0,0,0,0,0,0,0,0,0,0,0,0,0,0,0,0,0,0,0,0,0,0,0,0,0,0,0,0,0,0,0,0,0,0,0,0,0,0,0,0,0,0,0,0,0,0,0,0,0,0,0,0,0,0,0,0,0,0,0,0,0,0,0,0,0,0,0,0,0,0,0,0,0,0,0,0,0,0,0,0,0,0,0,0,0,0,0,0,0,0,0,0,0,0,0,0,0,0,0,0,0,0,0,0,0,0,0,0,0,0,0,0,0,0,0,0,26,-31,12,435,422,232,-51,-362,-600,-710,-672,-501,-253,54,376,635,815,894,821,623,322,-59,-444,-782,-1035,-1134,-1067,-827,-451,-13,442,863,1164,1291,1237,1034,693,235,-258,-703,-1043,-1243,-1278,-1152,-884,-501,-69,347,718,975,1096,1116,986,744,444,82,-256,-548,-781,-898,-915,-830,-667,-434,-186,73,300,458,571,632,619,562,465,329,178,51,-113,-253,-354,-445,-508,-541,-543,-471,-357,-207,-34,135,311,489,581,619,610,540,398,222,23,-170,-359,-508,-574,-614,-586,-493,-381,-218,-29,148,324,456,545,584,566,504,390,241,55,-118,-279,-431,-530,-592,-593,-519,-412,-257,-68,117,-82,433,534,586,592,533,411,257,91,-83,-241,-380,-474,-529,-533,-491,-404,-289,-162,-28,130,261,363,454,513,540,532,460,359,220,37,-158,-365,-539,-692,-797,-804,-746,-604,-371,-73,244,562,855,1055,1137,1102,934,638,260,-179,-610,-993,-1260,-1417,-1407,-1183,-839,-386,144,674,1134,1453,1607,1564,1321,917,402,-188,-740,-1199,-1531,-1666,-1604,-1310,-860,-306,287,822,1283,1564,1641,1531,1211,721,159,-428,-966,-1347,-1552,-1540,-1321,-927,-428,137,660,1055,1332,1383,1235,926,506,32,-431,-814,-1052,-1118,-1028,-794,-476,-106,264,580,790,872,830,676,386,58,-268,-551,-713,-726,-567,-286,-2,-137,-117
62288,mtk,MTK 7916,2154251368,rx1-tx0,512,0,0,0,0,0,0,0,0,0,0,0,0,0,0,0,0,0,0,0,0,0,0,0,0,0,0,0,0,0,0,0,0,0,0,0,0,0,0,0,0,0,0,0,0,0,0,0,0,0,0,0,0,0,0,0,0,0,0,0,0,0,0,0,0,0,0,0,0,0,0,0,0,0,0,0,0,0,0,0,0,0,0,0,0,0,0,0,0,0,0,0,0,0,0,0,0,0,0,0,0,0,0,0,0,0,0,0,0,0,0,0,0,0,0,0,0,0,0,0,0,0,0,0,0,0,0,0,0,0,0,0,0,0,0,0,0,0,0,0,0,0,0,0,0,0,0,0,0,0,0,0,0,0,0,0,0,0,0,0,0,0,0,0,0,0,0,0,0,0,0,0,0,0,0,0,0,0,0,0,0,0,0,0,0,0,0,0,0,0,0,0,0,0,0,0,0,0,0,0,0,0,0,0,0,0,0,0,0,0,0,0,0,0,0,0,0,0,0,0,0,0,0,0,0,0,0,0,0,0,0,0,0,0,0,0,0,0,0,0,0,0,0,0,0,0,0,0,0,0,0,0,0,0,0,0,0,98,717,356,183,-151,-541,-829,-905,-758,-436,-19,424,779,1029,1106,1012,755,363,-101,-567,-984,-1266,-1373,-1277,-977,-523,19,586,1080,1445,1592,1513,1228,735,166,-415,-931,-1332,-1535,-1546,-1358,-974,-491,31,537,930,1204,1354,1328,1127,823,441,18,-375,-701,-933,-1062,-1083,-991,-789,-523,-226,59,335,566,730,820,858,796,670,502,286,33,-226,-465,-645,-785,-855,-824,-723,-530,-291,-11,276,518,709,823,845,775,607,388,132,-118,-351,-531,-641,-682,-650,-555,-402,-221,-47,136,283,375,433,465,435,370,282,193,92,1,-82,-151,-207,-254,-267,-273,-281,-270,-241,-197,-132,-62,28,128,218,-686,386,419,422,383,308,191,44,-110,-258,-415,-509,-575,-591,-545,-433,-277,-85,127,329,519,655,737,749,683,534,328,93,-181,-447,-649,-833,-923,-906,-804,-611,-329,-23,309,623,871,1051,1115,1038,853,573,202,-193,-579,-902,-1118,-1216,-1180,-1010,-722,-343,66,460,797,1057,1198,1193,1057,810,480,77,-299,-667,-953,-1116,-1144,-1057,-851,-552,-193,171,524,812,989,1047,999,836,573,257,-79,-394,-663,-833,-908,-884,-749,-535,-280,-9,254,467,634,733,732,666,535,351,127,-93,-321,-517,-645,-709,-698,-601,-417,-195,69,342,577,752,827,755,583,270,-115,-496,-800,-902,-778,-513,1276,1197,0,0,0,0,0,0,0,0,0,0,0,0,0,0,0,0,0,0,0,0,0,0,0,0,0,0,0,0,0,0,0,0,0,0,0,0,0,0,0,0,0,0,0,0,0,0,0,0,0,0,0,0,0,0,0,0,0,0,0,0,0,0,0,0,0,0,0,0,0,0,0,0,0,0,0,0,0,0,0,0,0,0,0,0,0,0,0,0,0,0,0,0,0,0,0,0,0,0,0,0,0,0,0,0,0,0,0,0,0,0,0,0,0,0,0,0,0,0,0,0,0,0,0,0,0,0,0,0,0,0,0,0,0,0,0,0,0,0,0,0,0,0,0,0,0,0,0,0,0,0,0,0,0,0,0,0,0,0,0,0,0,0,0,0,0,0,0,0,0,0,0,0,0,0,0,0,0,0,0,0,0,0,0,0,0,0,0,0,0,0,0,0,0,0,0,0,0,0,0,0,0,0,0,0,0,0,0,0,0,0,0,0,0,0,0,0,0,0,0,0,0,0,0,0,0,0,0,0,0,0,0,0,0,0,0,0,0,0,0,0,0,0,0,0,0,0,0,0,0,0,0,0,0,0,0,0,-999,-1066,-1219,-593,-693,-583,-262,163,580,868,1007,938,704,355,-88,-519,-896,-1159,-1239,-1146,-873,-446,60,589,1058,1380,1509,1412,1105,633,47,-518,-1055,-1431,-1591,-1553,-1300,-878,-333,237,772,1184,1422,1480,1356,1051,661,217,-263,-666,-977,-1173,-1219,-1125,-913,-629,-291,48,391,659,844,929,929,850,694,483,249,-12,-273,-490,-666,-790,-842,-815,-701,-525,-306,-45,233,472,670,810,862,814,676,471,216,-57,-328,-540,-694,-761,-756,-667,-505,-308,-81,137,327,474,534,565,533,442,319,200,57,-83,-190,-270,-321,-344,-340,-316,-268,-224,-158,-84,-18,47,116,175,235,285,317,339,330,304,9,130,6,-121,-239,-355,-455,-514,-511,-472,-377,-236,-80,108,289,464,583,655,663,601,481,302,93,-141,-374,-583,-724,-815,-833,-738,-582,-367,-72,227,515,770,937,1000,984,839,619,308,-65,-442,-758,-1022,-1164,-1174,-1055,-802,-455,-62,340,707,999,1181,1219,1119,905,593,199,-194,-568,-866,-1091,-1182,-1138,-980,-697,-339,42,412,738,972,1085,1075,953,717,401,46,-292,-610,-843,-968,-980,-888,-690,-423,-125,189,466,666,785,815,755,614,422,177,-60,-280,-476,-620,-696,-690,-625,-488,-296,-65,177,421,596,714,753,690,527,281,-41,-355,-636,-849,-896,-775,-462,-38,373,641,-77,-461
62289,mtk,MTK 7916,2154251368,rx1-tx1,512,0,0,0,0,0,0,0,0,0,0,0,0,0,0,0,0,0,0,0,0,0,0,0,0,0,0,0,0,0,0,0,0,0,0,0,0,0,0,0,0,0,0,0,0,0,0,0,0,0,0,0,0,0,0,0,0,0,0,0,0,0,0,0,0,0,0,0,0,0,0,0,0,0,0,0,0,0,0,0,0,0,0,0,0,0,0,0,0,0,0,0,0,0,0,0,0,0,0,0,0,0,0,0,0,0,0,0,0,0,0,0,0,0,0,0,0,0,0,0,0,0,0,0,0,0,0,0,0,0,0,0,0,0,0,0,0,0,0,0,0,0,0,0,0,0,0,0,0,0,0,0,0,0,0,0,0,0,0,0,0,0,0,0,0,0,0,0,0,0,0,0,0,0,0,0,0,0,0,0,0,0,0,0,0,0,0,0,0,0,0,0,0,0,0,0,0,0,0,0,0,0,0,0,0,0,0,0,0,0,0,0,0,0,0,0,0,0,0,0,0,0,0,0,0,0,0,0,0,0,0,0,0,0,0,0,0,0,0,0,0,0,0,0,0,0,0,0,0,0,0,0,0,0,0,0,0,-282,134,275,-155,-174,-183,-178,-149,-93,-16,51,122,204,249,255,222,151,60,-38,-146,-230,-270,-265,-220,-131,-16,105,209,285,308,277,172,39,-89,-210,-299,-336,-305,-212,-71,106,268,366,395,356,244,69,-120,-286,-422,-476,-418,-268,-65,157,359,492,542,492,333,86,-166,-411,-582,-641,-565,-383,-127,166,437,632,708,650,456,174,-152,-452,-674,-766,-702,-516,-226,109,426,653,758,718,535,258,-70,-389,-630,-738,-691,-517,-248,59,354,583,684,642,486,232,-72,-354,-552,-639,-596,-429,-170,112,355,519,582,525,362,117,-133,-341,-483,-524,-453,-286,-60,174,361,465,479,0,204,-7,-213,-378,-456,-423,-306,-133,70,254,378,413,356,207,24,-161,-316,-406,-385,-279,-109,79,254,381,425,369,238,35,-196,-388,-486,-476,-374,-196,38,266,450,546,531,388,157,-110,-355,-543,-611,-564,-395,-145,150,420,600,661,614,429,129,-183,-454,-650,-715,-631,-431,-150,176,463,648,707,642,456,171,-160,-445,-643,-710,-636,-436,-167,141,425,618,696,634,450,172,-139,-419,-622,-700,-643,-470,-209,103,387,601,710,692,552,317,17,-288,-531,-670,-715,-644,-454,-187,108,374,580,680,673,558,361,96,-174,-398,-569,-655,-651,-557,-403,-207,-13,167,318,447,-313,-176,0,0,0,0,0,0,0,0,0,0,0,0,0,0,0,0,0,0,0,0,0,0,0,0,0,0,0,0,0,0,0,0,0,0,0,0,0,0,0,0,0,0,0,0,0,0,0,0,0,0,0,0,0,0,0,0,0,0,0,0,0,0,0,0,0,0,0,0,0,0,0,0,0,0,0,0,0,0,0,0,0,0,0,0,0,0,0,0,0,0,0,0,0,0,0,0,0,0,0,0,0,0,0,0,0,0,0,0,0,0,0,0,0,0,0,0,0,0,0,0,0,0,0,0,0,0,0,0,0,0,0,0,0,0,0,0,0,0,0,0,0,0,0,0,0,0,0,0,0,0,0,0,0,0,0,0,0,0,0,0,0,0,0,0,0,0,0,0,0,0,0,0,0,0,0,0,0,0,0,0,0,0,0,0,0,0,0,0,0,0,0,0,0,0,0,0,0,0,0,0,0,0,0,0,0,0,0,0,0,0,0,0,0,0,0,0,0,0,0,0,0,0,0,0,0,0,0,0,0,0,0,0,0,0,0,0,0,0,0,0,0,0,0,0,0,0,0,0,0,0,0,0,0,0,0,0,288,490,426,33,-6,-53,-111,-171,-210,-228,-231,-203,-144,-66,25,123,211,262,261,229,159,58,-57,-156,-243,-292,-285,-220,-113,19,151,258,315,297,230,118,-23,-168,-289,-365,-364,-289,-151,25,203,350,425,422,325,161,-25,-234,-410,-501,-488,-376,-193,40,283,481,587,567,442,235,-23,-295,-527,-667,-661,-526,-299,1,318,570,710,721,603,365,50,-280,-549,-718,-758,-645,-401,-79,245,524,711,755,650,424,101,-233,-496,-668,-705,-605,-384,-91,217,467,621,646,550,341,54,-236,-462,-592,-598,-482,-277,-24,238,444,553,541,422,212,-30,-246,-405,-500,-483,-349,-137,86,0,418,464,405,257,59,-147,-312,-409,-419,-337,-178,9,201,353,419,373,247,75,-122,-286,-394,-410,-318,-159,30,235,399,464,429,296,95,-137,-351,-484,-521,-450,-290,-52,199,423,566,583,476,262,2,-267,-487,-617,-622,-495,-268,29,318,544,678,686,542,290,-16,-331,-577,-698,-698,-560,-304,8,305,553,694,690,548,311,15,-297,-554,-690,-679,-552,-319,-20,291,542,681,678,552,325,38,-269,-528,-686,-705,-603,-394,-117,196,467,649,715,664,496,242,-56,-342,-566,-683,-683,-575,-383,-126,149,400,579,662,638,527,350,116,-137,-355,-512,-603,-624,-583,-483,-320,418,492
