packet_sn,vendor,chip_id,timestamp,rx_chain_num,csi_cnt,csi_i_0,csi_i_1,csi_i_2,csi_i_3,csi_i_4,csi_i_5,csi_i_6,csi_i_7,csi_i_8,csi_i_9,csi_i_10,csi_i_11,csi_i_12,csi_i_13,csi_i_14,csi_i_15,csi_i_16,csi_i_17,csi_i_18,csi_i_19,csi_i_20,csi_i_21,csi_i_22,csi_i_23,csi_i_24,csi_i_25,csi_i_26,csi_i_27,csi_i_28,csi_i_29,csi_i_30,csi_i_31,csi_i_32,csi_i_33,csi_i_34,csi_i_35,csi_i_36,csi_i_37,csi_i_38,csi_i_39,csi_i_40,csi_i_41,csi_i_42,csi_i_43,csi_i_44,csi_i_45,csi_i_46,csi_i_47,csi_i_48,csi_i_49,csi_i_50,csi_i_51,csi_i_52,csi_i_53,csi_i_54,csi_i_55,csi_i_56,csi_i_57,csi_i_58,csi_i_59,csi_i_60,csi_i_61,csi_i_62,csi_i_63,csi_i_64,csi_i_65,csi_i_66,csi_i_67,csi_i_68,csi_i_69,csi_i_70,csi_i_71,csi_i_72,csi_i_73,csi_i_74,csi_i_75,csi_i_76,csi_i_77,csi_i_78,csi_i_79,csi_i_80,csi_i_81,csi_i_82,csi_i_83,csi_i_84,csi_i_85,csi_i_86,csi_i_87,csi_i_88,csi_i_89,csi_i_90,csi_i_91,csi_i_92,csi_i_93,csi_i_94,csi_i_95,csi_i_96,csi_i_97,csi_i_98,csi_i_99,csi_i_100,csi_i_101,csi_i_102,csi_i_103,csi_i_104,csi_i_105,csi_i_106,csi_i_107,csi_i_108,csi_i_109,csi_i_110,csi_i_111,csi_i_112,csi_i_113,csi_i_114,csi_i_115,csi_i_116,csi_i_117,csi_i_118,csi_i_119,csi_i_120,csi_i_121,csi_i_122,csi_i_123,csi_i_124,csi_i_125,csi_i_126,csi_i_127,csi_i_128,csi_i_129,csi_i_130,csi_i_131,csi_i_132,csi_i_133,csi_i_134,csi_i_135,csi_i_136,csi_i_137,csi_i_138,csi_i_139,csi_i_140,csi_i_141,csi_i_142,csi_i_143,csi_i_144,csi_i_145,csi_i_146,csi_i_147,csi_i_148,csi_i_149,csi_i_150,csi_i_151,csi_i_152,csi_i_153,csi_i_154,csi_i_155,csi_i_156,csi_i_157,csi_i_158,csi_i_159,csi_i_160,csi_i_161,csi_i_162,csi_i_163,csi_i_164,csi_i_165,csi_i_166,csi_i_167,csi_i_168,csi_i_169,csi_i_170,csi_i_171,csi_i_172,csi_i_173,csi_i_174,csi_i_175,csi_i_176,csi_i_177,csi_i_178,csi_i_179,csi_i_180,csi_i_181,csi_i_182,csi_i_183,csi_i_184,csi_i_185,csi_i_186,csi_i_187,csi_i_188,csi_i_189,csi_i_190,csi_i_191,csi_i_192,csi_i_193,csi_i_194,csi_i_195,csi_i_196,csi_i_197,csi_i_198,csi_i_199,csi_i_200,csi_i_201,csi_i_202,csi_i_203,csi_i_204,csi_i_205,csi_i_206,csi_i_207,csi_i_208,csi_i_209,csi_i_210,csi_i_211,csi_i_212,csi_i_213,csi_i_214,csi_i_215,csi_i_216,csi_i_217,csi_i_218,csi_i_219,csi_i_220,csi_i_221,csi_i_222,csi_i_223,csi_i_224,csi_i_225,csi_i_226,csi_i_227,csi_i_228,csi_i_229,csi_i_230,csi_i_231,csi_i_232,csi_i_233,csi_i_234,csi_i_235,csi_i_236,csi_i_237,csi_i_238,csi_i_239,csi_i_240,csi_i_241,csi_i_242,csi_i_243,csi_i_244,csi_i_245,csi_i_246,csi_i_247,csi_i_248,csi_i_249,csi_i_250,csi_i_251,csi_i_252,csi_i_253,csi_i_254,csi_i_255,csi_i_256,csi_i_257,csi_i_258,csi_i_259,csi_i_260,csi_i_261,csi_i_262,csi_i_263,csi_i_264,csi_i_265,csi_i_266,csi_i_267,csi_i_268,csi_i_269,csi_i_270,csi_i_271,csi_i_272,csi_i_273,csi_i_274,csi_i_275,csi_i_276,csi_i_277,csi_i_278,csi_i_279,csi_i_280,csi_i_281,csi_i_282,csi_i_283,csi_i_284,csi_i_285,csi_i_286,csi_i_287,csi_i_288,csi_i_289,csi_i_290,csi_i_291,csi_i_292,csi_i_293,csi_i_294,csi_i_295,csi_i_296,csi_i_297,csi_i_298,csi_i_299,csi_i_300,csi_i_301,csi_i_302,csi_i_303,csi_i_304,csi_i_305,csi_i_306,csi_i_307,csi_i_308,csi_i_309,csi_i_310,csi_i_311,csi_i_312,csi_i_313,csi_i_314,csi_i_315,csi_i_316,csi_i_317,csi_i_318,csi_i_319,csi_i_320,csi_i_321,csi_i_322,csi_i_323,csi_i_324,csi_i_325,csi_i_326,csi_i_327,csi_i_328,csi_i_329,csi_i_330,csi_i_331,csi_i_332,csi_i_333,csi_i_334,csi_i_335,csi_i_336,csi_i_337,csi_i_338,csi_i_339,csi_i_340,csi_i_341,csi_i_342,csi_i_343,csi_i_344,csi_i_345,csi_i_346,csi_i_347,csi_i_348,csi_i_349,csi_i_350,csi_i_351,csi_i_352,csi_i_353,csi_i_354,csi_i_355,csi_i_356,csi_i_357,csi_i_358,csi_i_359,csi_i_360,csi_i_361,csi_i_362,csi_i_363,csi_i_364,csi_i_365,csi_i_366,csi_i_367,csi_i_368,csi_i_369,csi_i_370,csi_i_371,csi_i_372,csi_i_373,csi_i_374,csi_i_375,csi_i_376,csi_i_377,csi_i_378,csi_i_379,csi_i_380,csi_i_381,csi_i_382,csi_i_383,csi_i_384,csi_i_385,csi_i_386,csi_i_387,csi_i_388,csi_i_389,csi_i_390,csi_i_391,csi_i_392,csi_i_393,csi_i_394,csi_i_395,csi_i_396,csi_i_397,csi_i_398,csi_i_399,csi_i_400,csi_i_401,csi_i_402,csi_i_403,csi_i_404,csi_i_405,csi_i_406,csi_i_407,csi_i_408,csi_i_409,csi_i_410,csi_i_411,csi_i_412,csi_i_413,csi_i_414,csi_i_415,csi_i_416,csi_i_417,csi_i_418,csi_i_419,csi_i_420,csi_i_421,csi_i_422,csi_i_423,csi_i_424,csi_i_425,csi_i_426,csi_i_427,csi_i_428,csi_i_429,csi_i_430,csi_i_431,csi_i_432,csi_i_433,csi_i_434,csi_i_435,csi_i_436,csi_i_437,csi_i_438,csi_i_439,csi_i_440,csi_i_441,csi_i_442,csi_i_443,csi_i_444,csi_i_445,csi_i_446,csi_i_447,csi_i_448,csi_i_449,csi_i_450,csi_i_451,csi_i_452,csi_i_453,csi_i_454,csi_i_455,csi_i_456,csi_i_457,csi_i_458,csi_i_459,csi_i_460,csi_i_461,csi_i_462,csi_i_463,csi_i_464,csi_i_465,csi_i_466,csi_i_467,csi_i_468,csi_i_469,csi_i_470,csi_i_471,csi_i_472,csi_i_473,csi_i_474,csi_i_475,csi_i_476,csi_i_477,csi_i_478,csi_i_479,csi_i_480,csi_i_481,csi_i_482,csi_i_483,csi_i_484,csi_i_485,csi_i_486,csi_i_487,csi_i_488,csi_i_489,csi_i_490,csi_i_491,csi_i_492,csi_i_493,csi_i_494,csi_i_495,csi_i_496,csi_i_497,csi_i_498,csi_i_499,csi_i_500,csi_i_501,csi_i_502,csi_i_503,csi_i_504,csi_i_505,csi_i_506,csi_i_507,csi_i_508,csi_i_509,csi_i_510,csi_i_511,csi_q_0,csi_q_1,csi_q_2,csi_q_3,csi_q_4,csi_q_5,csi_q_6,csi_q_7,csi_q_8,csi_q_9,csi_q_10,csi_q_11,csi_q_12,csi_q_13,csi_q_14,csi_q_15,csi_q_16,csi_q_17,csi_q_18,csi_q_19,csi_q_20,csi_q_21,csi_q_22,csi_q_23,csi_q_24,csi_q_25,csi_q_26,csi_q_27,csi_q_28,csi_q_29,csi_q_30,csi_q_31,csi_q_32,csi_q_33,csi_q_34,csi_q_35,csi_q_36,csi_q_37,csi_q_38,csi_q_39,csi_q_40,csi_q_41,csi_q_42,csi_q_43,csi_q_44,csi_q_45,csi_q_46,csi_q_47,csi_q_48,csi_q_49,csi_q_50,csi_q_51,csi_q_52,csi_q_53,csi_q_54,csi_q_55,csi_q_56,csi_q_57,csi_q_58,csi_q_59,csi_q_60,csi_q_61,csi_q_62,csi_q_63,csi_q_64,csi_q_65,csi_q_66,csi_q_67,csi_q_68,csi_q_69,csi_q_70,csi_q_71,csi_q_72,csi_q_73,csi_q_74,csi_q_75,csi_q_76,csi_q_77,csi_q_78,csi_q_79,csi_q_80,csi_q_81,csi_q_82,csi_q_83,csi_q_84,csi_q_85,csi_q_86,csi_q_87,csi_q_88,csi_q_89,csi_q_90,csi_q_91,csi_q_92,csi_q_93,csi_q_94,csi_q_95,csi_q_96,csi_q_97,csi_q_98,csi_q_99,csi_q_100,csi_q_101,csi_q_102,csi_q_103,csi_q_104,csi_q_105,csi_q_106,csi_q_107,csi_q_108,csi_q_109,csi_q_110,csi_q_111,csi_q_112,csi_q_113,csi_q_114,csi_q_115,csi_q_116,csi_q_117,csi_q_118,csi_q_119,csi_q_120,csi_q_121,csi_q_122,csi_q_123,csi_q_124,csi_q_125,csi_q_126,csi_q_127,csi_q_128,csi_q_129,csi_q_130,csi_q_131,csi_q_132,csi_q_133,csi_q_134,csi_q_135,csi_q_136,csi_q_137,csi_q_138,csi_q_139,csi_q_140,csi_q_141,csi_q_142,csi_q_143,csi_q_144,csi_q_145,csi_q_146,csi_q_147,csi_q_148,csi_q_149,csi_q_150,csi_q_151,csi_q_152,csi_q_153,csi_q_154,csi_q_155,csi_q_156,csi_q_157,csi_q_158,csi_q_159,csi_q_160,csi_q_161,csi_q_162,csi_q_163,csi_q_164,csi_q_165,csi_q_166,csi_q_167,csi_q_168,csi_q_169,csi_q_170,csi_q_171,csi_q_172,csi_q_173,csi_q_174,csi_q_175,csi_q_176,csi_q_177,csi_q_178,csi_q_179,csi_q_180,csi_q_181,csi_q_182,csi_q_183,csi_q_184,csi_q_185,csi_q_186,csi_q_187,csi_q_188,csi_q_189,csi_q_190,csi_q_191,csi_q_192,csi_q_193,csi_q_194,csi_q_195,csi_q_196,csi_q_197,csi_q_198,csi_q_199,csi_q_200,csi_q_201,csi_q_202,csi_q_203,csi_q_204,csi_q_205,csi_q_206,csi_q_207,csi_q_208,csi_q_209,csi_q_210,csi_q_211,csi_q_212,csi_q_213,csi_q_214,csi_q_215,csi_q_216,csi_q_217,csi_q_218,csi_q_219,csi_q_220,csi_q_221,csi_q_222,csi_q_223,csi_q_224,csi_q_225,csi_q_226,csi_q_227,csi_q_228,csi_q_229,csi_q_230,csi_q_231,csi_q_232,csi_q_233,csi_q_234,csi_q_235,csi_q_236,csi_q_237,csi_q_238,csi_q_239,csi_q_240,csi_q_241,csi_q_242,csi_q_243,csi_q_244,csi_q_245,csi_q_246,csi_q_247,csi_q_248,csi_q_249,csi_q_250,csi_q_251,csi_q_252,csi_q_253,csi_q_254,csi_q_255,csi_q_256,csi_q_257,csi_q_258,csi_q_259,csi_q_260,csi_q_261,csi_q_262,csi_q_263,csi_q_264,csi_q_265,csi_q_266,csi_q_267,csi_q_268,csi_q_269,csi_q_270,csi_q_271,csi_q_272,csi_q_273,csi_q_274,csi_q_275,csi_q_276,csi_q_277,csi_q_278,csi_q_279,csi_q_280,csi_q_281,csi_q_282,csi_q_283,csi_q_284,csi_q_285,csi_q_286,csi_q_287,csi_q_288,csi_q_289,csi_q_290,csi_q_291,csi_q_292,csi_q_293,csi_q_294,csi_q_295,csi_q_296,csi_q_297,csi_q_298,csi_q_299,csi_q_300,csi_q_301,csi_q_302,csi_q_303,csi_q_304,csi_q_305,csi_q_306,csi_q_307,csi_q_308,csi_q_309,csi_q_310,csi_q_311,csi_q_312,csi_q_313,csi_q_314,csi_q_315,csi_q_316,csi_q_317,csi_q_318,csi_q_319,csi_q_320,csi_q_321,csi_q_322,csi_q_323,csi_q_324,csi_q_325,csi_q_326,csi_q_327,csi_q_328,csi_q_329,csi_q_330,csi_q_331,csi_q_332,csi_q_333,csi_q_334,csi_q_335,csi_q_336,csi_q_337,csi_q_338,csi_q_339,csi_q_340,csi_q_341,csi_q_342,csi_q_343,csi_q_344,csi_q_345,csi_q_346,csi_q_347,csi_q_348,csi_q_349,csi_q_350,csi_q_351,csi_q_352,csi_q_353,csi_q_354,csi_q_355,csi_q_356,csi_q_357,csi_q_358,csi_q_359,csi_q_360,csi_q_361,csi_q_362,csi_q_363,csi_q_364,csi_q_365,csi_q_366,csi_q_367,csi_q_368,csi_q_369,csi_q_370,csi_q_371,csi_q_372,csi_q_373,csi_q_374,csi_q_375,csi_q_376,csi_q_377,csi_q_378,csi_q_379,csi_q_380,csi_q_381,csi_q_382,csi_q_383,csi_q_384,csi_q_385,csi_q_386,csi_q_387,csi_q_388,csi_q_389,csi_q_390,csi_q_391,csi_q_392,csi_q_393,csi_q_394,csi_q_395,csi_q_396,csi_q_397,csi_q_398,csi_q_399,csi_q_400,csi_q_401,csi_q_402,csi_q_403,csi_q_404,csi_q_405,csi_q_406,csi_q_407,csi_q_408,csi_q_409,csi_q_410,csi_q_411,csi_q_412,csi_q_413,csi_q_414,csi_q_415,csi_q_416,csi_q_417,csi_q_418,csi_q_419,csi_q_420,csi_q_421,csi_q_422,csi_q_423,csi_q_424,csi_q_425,csi_q_426,csi_q_427,csi_q_428,csi_q_429,csi_q_430,csi_q_431,csi_q_432,csi_q_433,csi_q_434,csi_q_435,csi_q_436,csi_q_437,csi_q_438,csi_q_439,csi_q_440,csi_q_441,csi_q_442,csi_q_443,csi_q_444,csi_q_445,csi_q_446,csi_q_447,csi_q_448,csi_q_449,csi_q_450,csi_q_451,csi_q_452,csi_q_453,csi_q_454,csi_q_455,csi_q_456,csi_q_457,csi_q_458,csi_q_459,csi_q_460,csi_q_461,csi_q_462,csi_q_463,csi_q_464,csi_q_465,csi_q_466,csi_q_467,csi_q_468,csi_q_469,csi_q_470,csi_q_471,csi_q_472,csi_q_473,csi_q_474,csi_q_475,csi_q_476,csi_q_477,csi_q_478,csi_q_479,csi_q_480,csi_q_481,csi_q_482,csi_q_483,csi_q_484,csi_q_485,csi_q_486,csi_q_487,csi_q_488,csi_q_489,csi_q_490,csi_q_491,csi_q_492,csi_q_493,csi_q_494,csi_q_495,csi_q_496,csi_q_497,csi_q_498,csi_q_499,csi_q_500,csi_q_501,csi_q_502,csi_q_503,csi_q_504,csi_q_505,csi_q_506,csi_q_507,csi_q_508,csi_q_509,csi_q_510,csi_q_511
28595,mtk,MTK 7916,2775649650,rx1-tx0,512,0,0,0,0,0,0,0,0,0,0,0,0,0,0,0,0,0,0,0,0,0,0,0,0,0,0,0,0,0,0,0,0,0,0,0,0,0,0,0,0,0,0,0,0,0,0,0,0,0,0,0,0,0,0,0,0,0,0,0,0,0,0,0,0,0,0,0,0,0,0,0,0,0,0,0,0,0,0,0,0,0,0,0,0,0,0,0,0,0,0,0,0,0,0,0,0,0,0,0,0,0,0,0,0,0,0,0,0,0,0,0,0,0,0,0,0,0,0,0,0,0,0,0,0,0,0,0,0,0,0,0,0,0,0,0,0,0,0,0,0,0,0,0,0,0,0,0,0,0,0,0,0,0,0,0,0,0,0,0,0,0,0,0,0,0,0,0,0,0,0,0,0,0,0,0,0,0,0,0,0,0,0,0,0,0,0,0,0,0,0,0,0,0,0,0,0,0,0,0,0,0,0,0,0,0,0,0,0,0,0,0,0,0,0,0,0,0,0,0,0,0,0,0,0,0,0,0,0,0,0,0,0,0,0,0,0,0,0,0,0,0,0,0,0,0,0,0,0,0,0,0,0,0,0,0,0,146,19,223,-3,79,165,221,230,202,142,52,-35,-120,-195,-247,-275,-273,-249,-199,-127,-38,48,133,212,267,298,314,296,243,180,101,11,-89,-168,-232,-266,-289,-297,-269,-229,-177,-106,-33,44,107,158,189,205,214,203,180,157,119,80,45,5,-23,-50,-70,-86,-93,-105,-105,-108,-104,-100,-94,-95,-92,-87,-75,-64,-46,-27,-6,34,82,123,158,204,235,257,269,252,216,158,88,6,-96,-199,-277,-347,-394,-423,-417,-376,-306,-215,-105,12,128,241,336,422,472,484,474,427,351,251,136,17,-111,-235,-337,-417,-467,-496,-497,-458,-388,-298,-191,-73,49,172,286,377,-144,492,503,477,429,354,252,139,14,-111,-226,-330,-409,-460,-484,-469,-431,-370,-282,-181,-67,48,159,253,328,383,415,426,405,350,282,208,117,19,-76,-163,-237,-300,-343,-362,-359,-330,-286,-232,-171,-94,-15,64,136,199,249,282,298,300,279,240,192,137,76,16,-54,-108,-159,-205,-228,-238,-242,-233,-207,-172,-133,-86,-36,17,65,115,161,191,226,235,225,220,197,157,105,34,-37,-104,-160,-213,-245,-262,-264,-245,-210,-144,-77,-5,75,154,219,264,279,275,245,198,132,53,-20,-91,-163,-209,-240,-247,-231,-191,-131,-59,15,96,162,203,226,207,146,86,-503,-351,0,0,0,0,0,0,0,0,0,0,0,0,0,0,0,0,0,0,0,0,0,0,0,0,0,0,0,0,0,0,0,0,0,0,0,0,0,0,0,0,0,0,0,0,0,0,0,0,0,0,0,0,0,0,0,0,0,0,0,0,0,0,0,0,0,0,0,0,0,0,0,0,0,0,0,0,0,0,0,0,0,0,0,0,0,0,0,0,0,0,0,0,0,0,0,0,0,0,0,0,0,0,0,0,0,0,0,0,0,0,0,0,0,0,0,0,0,0,0,0,0,0,0,0,0,0,0,0,0,0,0,0,0,0,0,0,0,0,0,0,0,0,0,0,0,0,0,0,0,0,0,0,0,0,0,0,0,0,0,0,0,0,0,0,0,0,0,0,0,0,0,0,0,0,0,0,0,0,0,0,0,0,0,0,0,0,0,0,0,0,0,0,0,0,0,0,0,0,0,0,0,0,0,0,0,0,0,0,0,0,0,0,0,0,0,0,0,0,0,0,0,0,0,0,0,0,0,0,0,0,0,0,0,0,0,0,0,0,0,0,0,0,0,0,0,0,0,0,0,0,0,0,0,0,0,0,206,942,923,173,179,135,51,-47,-136,-211,-252,-253,-235,-186,-115,-33,51,136,210,270,294,294,269,222,145,67,-23,-122,-200,-259,-300,-320,-307,-267,-208,-134,-60,33,112,171,222,252,265,258,232,192,138,89,31,-25,-68,-104,-137,-150,-160,-158,-141,-125,-102,-79,-66,-50,-31,-13,5,19,25,38,50,71,89,105,128,141,163,176,168,153,135,102,47,-11,-81,-151,-221,-277,-319,-347,-353,-322,-267,-192,-104,2,117,221,317,392,445,464,449,402,336,241,121,-2,-126,-241,-345,-426,-474,-495,-490,-445,-377,-280,-167,-46,82,206,306,394,460,499,502,470,404,320,147,102,-19,-140,-249,-351,-431,-475,-494,-480,-435,-367,-273,-164,-43,83,193,291,369,420,452,451,419,360,284,191,94,-9,-117,-211,-282,-339,-381,-397,-384,-351,-293,-226,-142,-50,38,120,188,244,293,323,331,320,287,240,180,120,51,-19,-96,-166,-214,-254,-269,-272,-260,-230,-200,-157,-102,-51,4,62,114,154,184,210,221,227,216,196,155,120,75,10,-46,-95,-150,-193,-230,-257,-254,-238,-208,-158,-94,-26,45,115,187,239,264,276,266,233,178,107,30,-48,-121,-183,-231,-257,-254,-242,-199,-135,-67,8,82,147,197,224,233,216,162,92,13,-75,-141,-169,747,845
28596,mtk,MTK 7916,2775649650,rx1-tx1,512,0,0,0,0,0,0,0,0,0,0,0,0,0,0,0,0,0,0,0,0,0,0,0,0,0,0,0,0,0,0,0,0,0,0,0,0,0,0,0,0,0,0,0,0,0,0,0,0,0,0,0,0,0,0,0,0,0,0,0,0,0,0,0,0,0,0,0,0,0,0,0,0,0,0,0,0,0,0,0,0,0,0,0,0,0,0,0,0,0,0,0,0,0,0,0,0,0,0,0,0,0,0,0,0,0,0,0,0,0,0,0,0,0,0,0,0,0,0,0,0,0,0,0,0,0,0,0,0,0,0,0,0,0,0,0,0,0,0,0,0,0,0,0,0,0,0,0,0,0,0,0,0,0,0,0,0,0,0,0,0,0,0,0,0,0,0,0,0,0,0,0,0,0,0,0,0,0,0,0,0,0,0,0,0,0,0,0,0,0,0,0,0,0,0,0,0,0,0,0,0,0,0,0,0,0,0,0,0,0,0,0,0,0,0,0,0,0,0,0,0,0,0,0,0,0,0,0,0,0,0,0,0,0,0,0,0,0,0,0,0,0,0,0,0,0,0,0,0,0,0,0,0,0,0,0,0,-411,-352,-352,40,15,-13,-43,-72,-92,-97,-92,-70,-28,24,70,101,106,88,54,7,-47,-92,-113,-105,-76,-24,32,75,99,103,80,37,-8,-58,-87,-94,-77,-40,8,46,67,70,53,20,-15,-42,-56,-47,-16,12,38,60,55,24,-15,-58,-83,-80,-54,-13,47,96,117,103,58,-3,-66,-121,-152,-133,-71,9,93,159,184,159,89,-5,-101,-171,-199,-174,-100,1,97,171,206,182,105,-2,-100,-170,-198,-176,-99,1,97,166,187,159,95,3,-90,-149,-166,-138,-80,-2,75,125,136,106,55,-9,-68,-106,-108,-86,-40,14,59,78,73,47,16,-13,-30,-33,0,6,15,21,14,-12,-47,-70,-75,-53,-11,52,109,142,139,94,20,-68,-152,-207,-211,-151,-46,76,193,267,276,212,85,-67,-208,-302,-325,-268,-135,33,196,317,355,303,174,-8,-184,-309,-357,-312,-189,-23,158,294,346,316,208,43,-138,-274,-332,-308,-204,-45,120,250,312,283,184,37,-119,-242,-296,-269,-174,-33,115,235,295,274,181,47,-103,-225,-279,-265,-190,-65,77,195,260,263,202,88,-51,-162,-232,-249,-202,-105,13,121,193,219,194,127,26,-79,-157,-186,-169,-115,-30,55,125,166,168,123,55,-26,-105,-165,-187,-173,-128,-58,22,90,138,167,-236,-286,0,0,0,0,0,0,0,0,0,0,0,0,0,0,0,0,0,0,0,0,0,0,0,0,0,0,0,0,0,0,0,0,0,0,0,0,0,0,0,0,0,0,0,0,0,0,0,0,0,0,0,0,0,0,0,0,0,0,0,0,0,0,0,0,0,0,0,0,0,0,0,0,0,0,0,0,0,0,0,0,0,0,0,0,0,0,0,0,0,0,0,0,0,0,0,0,0,0,0,0,0,0,0,0,0,0,0,0,0,0,0,0,0,0,0,0,0,0,0,0,0,0,0,0,0,0,0,0,0,0,0,0,0,0,0,0,0,0,0,0,0,0,0,0,0,0,0,0,0,0,0,0,0,0,0,0,0,0,0,0,0,0,0,0,0,0,0,0,0,0,0,0,0,0,0,0,0,0,0,0,0,0,0,0,0,0,0,0,0,0,0,0,0,0,0,0,0,0,0,0,0,0,0,0,0,0,0,0,0,0,0,0,0,0,0,0,0,0,0,0,0,0,0,0,0,0,0,0,0,0,0,0,0,0,0,0,0,0,0,0,0,0,0,0,0,0,0,0,0,0,0,0,0,0,0,0,-92,38,123,58,80,86,80,61,30,-10,-48,-81,-100,-102,-81,-36,15,55,94,114,102,65,16,-37,-80,-110,-114,-86,-42,14,69,106,107,87,46,-4,-48,-75,-76,-61,-32,12,45,62,55,34,5,-25,-48,-50,-35,-9,30,58,65,48,10,-34,-70,-91,-86,-53,3,67,115,131,119,68,-7,-87,-145,-167,-148,-88,-1,85,156,187,171,105,2,-106,-177,-198,-171,-100,2,104,178,206,175,103,5,-93,-171,-203,-175,-101,-4,87,152,170,149,86,0,-83,-139,-154,-127,-68,11,80,118,129,107,51,-15,-64,-93,-96,-71,-25,12,37,50,47,27,2,0,-25,-8,14,35,42,34,3,-35,-73,-100,-105,-76,-12,70,143,182,177,128,35,-80,-186,-242,-239,-177,-64,72,199,284,301,238,109,-54,-211,-320,-348,-285,-147,25,189,313,359,310,179,5,-175,-307,-354,-312,-199,-35,138,280,339,306,195,43,-123,-256,-315,-290,-190,-39,119,244,309,285,180,33,-121,-235,-283,-262,-171,-34,109,224,286,267,175,38,-98,-214,-276,-262,-189,-75,62,181,255,264,202,99,-21,-132,-213,-239,-197,-115,-12,96,169,197,180,118,26,-70,-145,-177,-167,-119,-44,46,119,169,181,152,89,8,-78,-144,-187,-194,-171,-125,-58,-194,-133
28597,mtk,MTK 7916,2775649650,rx2-tx0,512,0,0,0,0,0,0,0,0,0,0,0,0,0,0,0,0,0,0,0,0,0,0,0,0,0,0,0,0,0,0,0,0,0,0,0,0,0,0,0,0,0,0,0,0,0,0,0,0,0,0,0,0,0,0,0,0,0,0,0,0,0,0,0,0,0,0,0,0,0,0,0,0,0,0,0,0,0,0,0,0,0,0,0,0,0,0,0,0,0,0,0,0,0,0,0,0,0,0,0,0,0,0,0,0,0,0,0,0,0,0,0,0,0,0,0,0,0,0,0,0,0,0,0,0,0,0,0,0,0,0,0,0,0,0,0,0,0,0,0,0,0,0,0,0,0,0,0,0,0,0,0,0,0,0,0,0,0,0,0,0,0,0,0,0,0,0,0,0,0,0,0,0,0,0,0,0,0,0,0,0,0,0,0,0,0,0,0,0,0,0,0,0,0,0,0,0,0,0,0,0,0,0,0,0,0,0,0,0,0,0,0,0,0,0,0,0,0,0,0,0,0,0,0,0,0,0,0,0,0,0,0,0,0,0,0,0,0,0,0,0,0,0,0,0,0,0,0,0,0,0,0,0,0,0,0,0,-136,-134,7,-42,-66,-83,-91,-83,-59,-26,8,42,72,86,83,62,28,-12,-46,-70,-80,-77,-59,-25,14,46,69,76,69,54,31,2,-29,-55,-72,-75,-66,-47,-22,9,44,75,94,91,70,32,-15,-69,-117,-136,-121,-79,-18,58,128,170,173,127,45,-56,-150,-209,-216,-167,-71,55,169,242,257,200,84,-67,-205,-293,-306,-232,-87,91,249,347,353,264,98,-108,-293,-398,-400,-296,-110,118,324,445,448,331,117,-137,-357,-482,-482,-350,-120,147,382,517,511,366,120,-158,-392,-524,-519,-365,-107,177,415,536,506,334,72,-214,-443,-553,-503,-310,-34,253,471,562,0,298,4,-290,-504,-581,-498,-271,35,332,538,600,500,254,-70,-372,-578,-628,-514,-256,74,391,601,648,521,253,-85,-404,-620,-665,-532,-263,78,400,613,670,547,281,-54,-368,-589,-657,-554,-308,11,319,538,614,537,323,32,-253,-464,-551,-501,-324,-67,192,391,482,447,301,84,-144,-324,-412,-391,-271,-92,105,261,338,327,232,77,-86,-215,-287,-283,-203,-74,71,188,254,250,182,69,-57,-162,-226,-232,-178,-81,34,142,211,226,189,110,3,-104,-182,-213,-197,-138,-45,56,137,189,202,171,105,14,-77,-149,-193,-198,-163,-102,-21,60,122,163,179,168,133,-481,-382,0,0,0,0,0,0,0,0,0,0,0,0,0,0,0,0,0,0,0,0,0,0,0,0,0,0,0,0,0,0,0,0,0,0,0,0,0,0,0,0,0,0,0,0,0,0,0,0,0,0,0,0,0,0,0,0,0,0,0,0,0,0,0,0,0,0,0,0,0,0,0,0,0,0,0,0,0,0,0,0,0,0,0,0,0,0,0,0,0,0,0,0,0,0,0,0,0,0,0,0,0,0,0,0,0,0,0,0,0,0,0,0,0,0,0,0,0,0,0,0,0,0,0,0,0,0,0,0,0,0,0,0,0,0,0,0,0,0,0,0,0,0,0,0,0,0,0,0,0,0,0,0,0,0,0,0,0,0,0,0,0,0,0,0,0,0,0,0,0,0,0,0,0,0,0,0,0,0,0,0,0,0,0,0,0,0,0,0,0,0,0,0,0,0,0,0,0,0,0,0,0,0,0,0,0,0,0,0,0,0,0,0,0,0,0,0,0,0,0,0,0,0,0,0,0,0,0,0,0,0,0,0,0,0,0,0,0,0,0,0,0,0,0,0,0,0,0,0,0,0,0,0,0,0,0,0,1335,633,643,58,45,21,-9,-40,-69,-88,-91,-79,-52,-14,24,57,82,90,75,46,9,-27,-59,-77,-79,-63,-39,-10,20,47,64,71,65,44,21,-4,-35,-63,-80,-79,-67,-44,-6,40,82,111,119,102,65,1,-68,-124,-153,-150,-108,-37,49,129,186,190,143,56,-54,-160,-223,-229,-177,-69,64,191,271,278,215,88,-69,-223,-320,-331,-254,-101,86,264,371,377,278,101,-110,-300,-419,-425,-312,-108,128,337,466,469,341,116,-147,-375,-502,-494,-355,-122,149,386,519,505,350,104,-175,-415,-538,-508,-347,-86,201,430,542,507,331,54,-235,-458,-557,-499,-299,-16,0,491,567,489,279,-16,-318,-531,-597,-500,-264,52,355,558,611,506,255,-69,-376,-580,-629,-505,-240,91,398,607,659,528,249,-91,-407,-620,-674,-544,-275,64,384,604,662,549,297,-30,-347,-568,-639,-543,-314,-11,290,511,591,515,320,58,-216,-428,-519,-475,-313,-81,161,353,447,416,284,88,-126,-296,-378,-359,-247,-78,97,244,323,310,219,81,-75,-204,-272,-264,-194,-77,57,174,236,235,173,71,-44,-149,-215,-228,-182,-87,25,128,200,224,198,125,24,-80,-164,-210,-206,-159,-78,19,108,169,197,182,130,52,-31,-108,-166,-194,-185,-146,-89,-25,30,85,409,505
28598,mtk,MTK 7916,2775649650,rx2-tx1,512,0,0,0,0,0,0,0,0,0,0,0,0,0,0,0,0,0,0,0,0,0,0,0,0,0,0,0,0,0,0,0,0,0,0,0,0,0,0,0,0,0,0,0,0,0,0,0,0,0,0,0,0,0,0,0,0,0,0,0,0,0,0,0,0,0,0,0,0,0,0,0,0,0,0,0,0,0,0,0,0,0,0,0,0,0,0,0,0,0,0,0,0,0,0,0,0,0,0,0,0,0,0,0,0,0,0,0,0,0,0,0,0,0,0,0,0,0,0,0,0,0,0,0,0,0,0,0,0,0,0,0,0,0,0,0,0,0,0,0,0,0,0,0,0,0,0,0,0,0,0,0,0,0,0,0,0,0,0,0,0,0,0,0,0,0,0,0,0,0,0,0,0,0,0,0,0,0,0,0,0,0,0,0,0,0,0,0,0,0,0,0,0,0,0,0,0,0,0,0,0,0,0,0,0,0,0,0,0,0,0,0,0,0,0,0,0,0,0,0,0,0,0,0,0,0,0,0,0,0,0,0,0,0,0,0,0,0,0,0,0,0,0,0,0,0,0,0,0,0,0,0,0,0,0,0,0,236,-243,-171,-12,-34,-52,-64,-69,-65,-47,-19,11,41,66,80,72,44,5,-31,-64,-81,-78,-54,-11,33,66,90,92,59,13,-35,-75,-100,-97,-67,-20,43,94,120,103,60,1,-62,-115,-140,-114,-49,19,94,152,161,127,48,-54,-148,-203,-203,-147,-40,84,186,250,244,162,36,-109,-239,-311,-294,-202,-49,143,290,360,346,240,53,-158,-332,-419,-397,-272,-63,174,367,464,437,291,60,-189,-388,-493,-464,-311,-71,188,401,509,482,326,78,-185,-402,-518,-488,-320,-73,188,398,498,462,303,61,-194,-390,-472,-427,-264,-32,206,379,442,379,217,-8,-224,-363,-395,0,-152,63,257,375,385,287,104,-108,-292,-389,-376,-249,-53,163,338,414,367,217,9,-205,-368,-421,-360,-200,12,226,382,427,353,193,-19,-231,-374,-416,-348,-182,24,213,350,388,314,159,-33,-208,-324,-351,-283,-146,26,184,279,299,236,112,-36,-159,-237,-249,-188,-75,36,134,201,201,134,34,-60,-128,-163,-151,-89,-9,67,126,149,123,52,-23,-81,-119,-124,-93,-32,36,86,107,103,74,22,-35,-75,-99,-89,-57,-11,33,63,80,71,41,2,-31,-51,-61,-49,-16,13,35,47,48,31,9,-16,-37,-44,-39,-20,9,41,63,73,68,49,21,-11,-383,-360,0,0,0,0,0,0,0,0,0,0,0,0,0,0,0,0,0,0,0,0,0,0,0,0,0,0,0,0,0,0,0,0,0,0,0,0,0,0,0,0,0,0,0,0,0,0,0,0,0,0,0,0,0,0,0,0,0,0,0,0,0,0,0,0,0,0,0,0,0,0,0,0,0,0,0,0,0,0,0,0,0,0,0,0,0,0,0,0,0,0,0,0,0,0,0,0,0,0,0,0,0,0,0,0,0,0,0,0,0,0,0,0,0,0,0,0,0,0,0,0,0,0,0,0,0,0,0,0,0,0,0,0,0,0,0,0,0,0,0,0,0,0,0,0,0,0,0,0,0,0,0,0,0,0,0,0,0,0,0,0,0,0,0,0,0,0,0,0,0,0,0,0,0,0,0,0,0,0,0,0,0,0,0,0,0,0,0,0,0,0,0,0,0,0,0,0,0,0,0,0,0,0,0,0,0,0,0,0,0,0,0,0,0,0,0,0,0,0,0,0,0,0,0,0,0,0,0,0,0,0,0,0,0,0,0,0,0,0,0,0,0,0,0,0,0,0,0,0,0,0,0,0,0,0,0,0,-351,298,334,50,49,38,19,-5,-37,-61,-70,-69,-60,-33,2,41,66,77,70,47,13,-30,-68,-89,-86,-62,-24,20,64,86,88,63,16,-44,-90,-106,-96,-66,-11,51,97,119,108,60,-8,-75,-127,-142,-113,-44,42,119,169,181,137,47,-69,-168,-224,-220,-157,-43,94,208,270,265,185,46,-118,-262,-338,-327,-219,-43,150,311,389,371,251,56,-164,-350,-446,-417,-272,-59,181,382,483,452,298,66,-191,-394,-499,-474,-316,-70,190,402,508,475,316,74,-195,-405,-504,-467,-310,-67,193,398,491,445,277,45,-195,-381,-457,-399,-238,-9,217,376,419,351,180,-39,0,-373,-394,-306,-128,86,276,385,386,270,75,-148,-320,-403,-368,-233,-32,186,353,419,366,212,0,-209,-365,-422,-364,-204,19,232,378,419,348,182,-28,-229,-366,-404,-332,-173,26,219,340,359,287,148,-33,-201,-308,-325,-256,-125,30,172,265,276,209,92,-36,-151,-219,-222,-160,-61,49,141,180,168,115,29,-62,-122,-142,-124,-72,7,84,121,125,100,43,-24,-82,-112,-109,-73,-25,31,80,100,95,65,16,-37,-74,-90,-80,-54,-11,32,63,65,56,32,-1,-29,-46,-50,-41,-16,7,31,41,39,28,4,-23,-46,-55,-47,-30,-5,32,65,76,71,123,200
28599,mtk,MTK 7916,2775713652,rx0-tx0,512,0,0,0,0,0,0,0,0,0,0,0,0,0,0,0,0,0,0,0,0,0,0,0,0,0,0,0,0,0,0,0,0,0,0,0,0,0,0,0,0,0,0,0,0,0,0,0,0,0,0,0,0,0,0,0,0,0,0,0,0,0,0,0,0,0,0,0,0,0,0,0,0,0,0,0,0,0,0,0,0,0,0,0,0,0,0,0,0,0,0,0,0,0,0,0,0,0,0,0,0,0,0,0,0,0,0,0,0,0,0,0,0,0,0,0,0,0,0,0,0,0,0,0,0,0,0,0,0,0,0,0,0,0,0,0,0,0,0,0,0,0,0,0,0,0,0,0,0,0,0,0,0,0,0,0,0,0,0,0,0,0,0,0,0,0,0,0,0,0,0,0,0,0,0,0,0,0,0,0,0,0,0,0,0,0,0,0,0,0,0,0,0,0,0,0,0,0,0,0,0,0,0,0,0,0,0,0,0,0,0,0,0,0,0,0,0,0,0,0,0,0,0,0,0,0,0,0,0,0,0,0,0,0,0,0,0,0,0,0,0,0,0,0,0,0,0,0,0,0,0,0,0,0,0,0,0,-273,-266,-452,-239,-219,-124,22,165,280,344,351,307,222,108,-26,-158,-271,-362,-411,-424,-386,-305,-188,-39,120,269,401,502,554,541,468,348,175,-17,-209,-390,-535,-630,-656,-618,-519,-363,-173,38,249,433,573,663,703,674,579,439,255,48,-164,-365,-532,-662,-736,-748,-700,-586,-416,-200,30,265,487,665,786,839,824,728,555,339,86,-182,-432,-640,-786,-869,-862,-784,-638,-432,-189,70,316,537,708,796,816,769,655,488,285,65,-152,-346,-508,-622,-684,-682,-624,-524,-391,-231,-66,95,253,378,481,547,573,562,514,432,314,178,26,-133,-274,-402,-509,-580,-605,-585,-525,-420,-1687,-111,82,268,433,566,654,690,672,601,475,304,118,-90,-290,-464,-605,-700,-729,-705,-624,-499,-338,-143,61,258,442,598,715,780,787,735,616,451,240,-4,-255,-505,-710,-860,-963,-976,-890,-728,-491,-209,102,411,695,930,1087,1134,1081,930,686,378,30,-333,-657,-933,-1126,-1206,-1175,-1025,-788,-477,-129,237,586,877,1082,1176,1168,1058,842,549,205,-161,-495,-798,-1018,-1142,-1151,-1055,-858,-577,-239,124,472,762,983,1095,1091,981,772,481,149,-195,-506,-759,-930,-994,-957,-821,-601,-321,-19,273,536,734,845,876,807,651,428,145,-164,-454,-693,-850,-885,-780,-526,-170,205,479,336,137,0,0,0,0,0,0,0,0,0,0,0,0,0,0,0,0,0,0,0,0,0,0,0,0,0,0,0,0,0,0,0,0,0,0,0,0,0,0,0,0,0,0,0,0,0,0,0,0,0,0,0,0,0,0,0,0,0,0,0,0,0,0,0,0,0,0,0,0,0,0,0,0,0,0,0,0,0,0,0,0,0,0,0,0,0,0,0,0,0,0,0,0,0,0,0,0,0,0,0,0,0,0,0,0,0,0,0,0,0,0,0,0,0,0,0,0,0,0,0,0,0,0,0,0,0,0,0,0,0,0,0,0,0,0,0,0,0,0,0,0,0,0,0,0,0,0,0,0,0,0,0,0,0,0,0,0,0,0,0,0,0,0,0,0,0,0,0,0,0,0,0,0,0,0,0,0,0,0,0,0,0,0,0,0,0,0,0,0,0,0,0,0,0,0,0,0,0,0,0,0,0,0,0,0,0,0,0,0,0,0,0,0,0,0,0,0,0,0,0,0,0,0,0,0,0,0,0,0,0,0,0,0,0,0,0,0,0,0,0,0,0,0,0,0,0,0,0,0,0,0,0,0,0,0,0,0,-1322,-973,-903,46,170,280,326,297,209,80,-63,-196,-299,-363,-384,-359,-294,-192,-65,75,216,335,425,474,471,421,327,187,17,-167,-336,-480,-583,-612,-586,-498,-359,-174,30,240,428,570,661,687,646,543,387,204,-2,-218,-408,-564,-674,-720,-709,-635,-502,-330,-122,92,310,510,666,765,795,763,659,489,277,35,-215,-460,-661,-794,-869,-856,-765,-604,-388,-140,129,374,593,755,845,854,788,659,461,233,-3,-236,-447,-611,-720,-758,-729,-645,-509,-340,-148,51,232,387,508,586,616,607,547,449,329,186,39,-112,-254,-381,-482,-544,-579,-562,-506,-422,-300,-150,14,174,334,475,-175,650,660,614,517,378,208,17,-179,-367,-532,-645,-706,-720,-664,-552,-401,-214,-11,188,376,535,655,731,742,703,616,473,295,87,-132,-351,-550,-708,-823,-871,-855,-760,-596,-382,-123,177,461,708,900,1022,1055,995,847,615,308,-29,-368,-686,-942,-1112,-1182,-1141,-988,-752,-432,-72,292,631,910,1115,1208,1192,1057,823,516,163,-191,-533,-833,-1042,-1161,-1158,-1054,-857,-569,-235,124,466,767,992,1118,1134,1030,828,548,204,-149,-484,-772,-965,-1056,-1031,-902,-689,-402,-85,232,519,747,886,923,869,727,503,238,-48,-327,-565,-751,-858,-855,-747,-543,-252,91,438,717,843,794,607,-971,-1014
28600,mtk,MTK 7916,2775713652,rx0-tx1,512,0,0,0,0,0,0,0,0,0,0,0,0,0,0,0,0,0,0,0,0,0,0,0,0,0,0,0,0,0,0,0,0,0,0,0,0,0,0,0,0,0,0,0,0,0,0,0,0,0,0,0,0,0,0,0,0,0,0,0,0,0,0,0,0,0,0,0,0,0,0,0,0,0,0,0,0,0,0,0,0,0,0,0,0,0,0,0,0,0,0,0,0,0,0,0,0,0,0,0,0,0,0,0,0,0,0,0,0,0,0,0,0,0,0,0,0,0,0,0,0,0,0,0,0,0,0,0,0,0,0,0,0,0,0,0,0,0,0,0,0,0,0,0,0,0,0,0,0,0,0,0,0,0,0,0,0,0,0,0,0,0,0,0,0,0,0,0,0,0,0,0,0,0,0,0,0,0,0,0,0,0,0,0,0,0,0,0,0,0,0,0,0,0,0,0,0,0,0,0,0,0,0,0,0,0,0,0,0,0,0,0,0,0,0,0,0,0,0,0,0,0,0,0,0,0,0,0,0,0,0,0,0,0,0,0,0,0,0,0,0,0,0,0,0,0,0,0,0,0,0,0,0,0,0,0,0,-730,36,-64,201,125,-8,-156,-281,-355,-364,-309,-207,-75,75,219,337,423,460,440,376,263,112,-65,-243,-405,-533,-612,-622,-562,-439,-260,-40,193,415,603,734,796,781,677,504,275,3,-274,-529,-746,-893,-962,-934,-824,-618,-350,-49,272,573,826,1008,1095,1089,985,783,502,171,-185,-530,-835,-1069,-1205,-1239,-1148,-966,-693,-342,39,417,775,1059,1252,1344,1308,1163,908,569,175,-238,-643,-986,-1241,-1401,-1432,-1328,-1115,-788,-401,26,460,849,1167,1381,1477,1434,1272,995,625,209,-229,-653,-1009,-1280,-1437,-1464,-1367,-1151,-836,-452,-30,395,788,1106,1319,1420,1397,1255,1010,685,301,-107,-506,-854,-546,-1308,-1370,-1325,-1165,-917,-599,-223,164,537,874,1130,1295,1358,1305,1148,896,558,180,-211,-597,-925,-1190,-1355,-1403,-1327,-1143,-858,-497,-87,326,722,1049,1288,1422,1421,1301,1070,742,348,-68,-475,-841,-1135,-1325,-1402,-1358,-1191,-929,-588,-190,210,585,910,1150,1295,1330,1245,1058,783,440,69,-306,-659,-949,-1166,-1278,-1277,-1171,-957,-660,-304,78,458,804,1077,1249,1305,1237,1056,768,407,7,-393,-759,-1048,-1236,-1299,-1223,-1032,-729,-354,50,450,790,1046,1185,1190,1066,835,520,156,-209,-539,-801,-967,-1017,-958,-800,-562,-271,43,341,596,784,877,866,753,536,241,-98,-430,-688,-812,-759,-582,291,208,0,0,0,0,0,0,0,0,0,0,0,0,0,0,0,0,0,0,0,0,0,0,0,0,0,0,0,0,0,0,0,0,0,0,0,0,0,0,0,0,0,0,0,0,0,0,0,0,0,0,0,0,0,0,0,0,0,0,0,0,0,0,0,0,0,0,0,0,0,0,0,0,0,0,0,0,0,0,0,0,0,0,0,0,0,0,0,0,0,0,0,0,0,0,0,0,0,0,0,0,0,0,0,0,0,0,0,0,0,0,0,0,0,0,0,0,0,0,0,0,0,0,0,0,0,0,0,0,0,0,0,0,0,0,0,0,0,0,0,0,0,0,0,0,0,0,0,0,0,0,0,0,0,0,0,0,0,0,0,0,0,0,0,0,0,0,0,0,0,0,0,0,0,0,0,0,0,0,0,0,0,0,0,0,0,0,0,0,0,0,0,0,0,0,0,0,0,0,0,0,0,0,0,0,0,0,0,0,0,0,0,0,0,0,0,0,0,0,0,0,0,0,0,0,0,0,0,0,0,0,0,0,0,0,0,0,0,0,0,0,0,0,0,0,0,0,0,0,0,0,0,0,0,0,0,0,-128,-473,-481,-133,-242,-302,-286,-201,-68,82,223,328,393,404,358,268,144,-8,-161,-305,-430,-510,-535,-499,-404,-262,-81,129,331,508,646,711,703,620,469,262,20,-239,-479,-679,-820,-879,-853,-746,-557,-307,-14,284,560,797,953,1033,1020,900,695,416,93,-238,-561,-838,-1046,-1159,-1168,-1069,-872,-589,-247,124,487,806,1070,1239,1293,1236,1068,791,447,56,-345,-712,-1027,-1256,-1380,-1382,-1257,-1012,-679,-289,145,554,922,1214,1394,1463,1393,1198,892,515,85,-354,-753,-1098,-1336,-1457,-1462,-1326,-1072,-733,-322,110,533,907,1197,1384,1452,1393,1215,927,562,158,-261,-647,-980,-1228,-1377,-1398,-1301,-1097,1197,-449,-52,334,698,994,1218,1338,1340,1240,1036,741,395,11,-371,-729,-1033,-1254,-1356,-1359,-1241,-1027,-730,-357,52,457,822,1125,1331,1422,1392,1241,974,632,222,-204,-604,-955,-1227,-1384,-1421,-1339,-1140,-845,-471,-63,349,727,1032,1253,1361,1342,1215,987,678,321,-70,-449,-786,-1053,-1229,-1294,-1262,-1112,-871,-557,-196,182,547,870,1115,1257,1292,1212,1021,729,370,-25,-417,-773,-1063,-1245,-1305,-1241,-1060,-773,-407,4,406,765,1049,1216,1259,1165,949,643,266,-130,-502,-810,-1023,-1117,-1086,-943,-702,-390,-50,279,567,783,909,928,849,681,438,143,-164,-459,-700,-849,-874,-758,-512,-168,192,446,-366,-419
28601,mtk,MTK 7916,2775713652,rx1-tx0,512,0,0,0,0,0,0,0,0,0,0,0,0,0,0,0,0,0,0,0,0,0,0,0,0,0,0,0,0,0,0,0,0,0,0,0,0,0,0,0,0,0,0,0,0,0,0,0,0,0,0,0,0,0,0,0,0,0,0,0,0,0,0,0,0,0,0,0,0,0,0,0,0,0,0,0,0,0,0,0,0,0,0,0,0,0,0,0,0,0,0,0,0,0,0,0,0,0,0,0,0,0,0,0,0,0,0,0,0,0,0,0,0,0,0,0,0,0,0,0,0,0,0,0,0,0,0,0,0,0,0,0,0,0,0,0,0,0,0,0,0,0,0,0,0,0,0,0,0,0,0,0,0,0,0,0,0,0,0,0,0,0,0,0,0,0,0,0,0,0,0,0,0,0,0,0,0,0,0,0,0,0,0,0,0,0,0,0,0,0,0,0,0,0,0,0,0,0,0,0,0,0,0,0,0,0,0,0,0,0,0,0,0,0,0,0,0,0,0,0,0,0,0,0,0,0,0,0,0,0,0,0,0,0,0,0,0,0,0,0,0,0,0,0,0,0,0,0,0,0,0,0,0,0,0,0,0,146,19,223,70,146,189,179,122,31,-65,-151,-215,-244,-235,-185,-116,-25,69,156,225,265,267,239,184,97,3,-92,-181,-252,-291,-290,-262,-200,-113,-22,70,157,222,259,270,252,208,143,64,-9,-89,-150,-192,-222,-213,-192,-168,-117,-63,-13,39,81,109,126,147,147,136,119,90,68,43,13,-13,-42,-65,-91,-107,-120,-133,-142,-141,-119,-106,-81,-34,24,85,150,203,249,272,271,238,188,96,1,-110,-212,-298,-363,-391,-381,-336,-242,-126,9,146,265,359,431,459,438,372,270,141,-6,-143,-273,-381,-450,-485,-474,-411,-307,-177,-21,133,269,383,469,505,487,437,-144,203,51,-104,-244,-375,-466,-514,-510,-467,-365,-230,-75,89,232,359,449,500,500,454,358,232,87,-70,-206,-329,-415,-462,-469,-432,-353,-233,-107,24,148,265,357,397,405,386,328,239,133,21,-97,-201,-282,-336,-362,-363,-319,-250,-169,-71,36,142,226,283,317,318,291,243,169,87,-10,-97,-160,-227,-263,-272,-257,-221,-174,-117,-53,19,89,155,204,234,247,237,208,161,95,20,-53,-134,-204,-248,-262,-257,-233,-173,-97,-14,80,166,235,279,291,265,212,132,36,-66,-159,-230,-277,-287,-260,-205,-118,-17,84,174,240,275,268,218,136,26,-95,-189,-233,-230,-503,-351,0,0,0,0,0,0,0,0,0,0,0,0,0,0,0,0,0,0,0,0,0,0,0,0,0,0,0,0,0,0,0,0,0,0,0,0,0,0,0,0,0,0,0,0,0,0,0,0,0,0,0,0,0,0,0,0,0,0,0,0,0,0,0,0,0,0,0,0,0,0,0,0,0,0,0,0,0,0,0,0,0,0,0,0,0,0,0,0,0,0,0,0,0,0,0,0,0,0,0,0,0,0,0,0,0,0,0,0,0,0,0,0,0,0,0,0,0,0,0,0,0,0,0,0,0,0,0,0,0,0,0,0,0,0,0,0,0,0,0,0,0,0,0,0,0,0,0,0,0,0,0,0,0,0,0,0,0,0,0,0,0,0,0,0,0,0,0,0,0,0,0,0,0,0,0,0,0,0,0,0,0,0,0,0,0,0,0,0,0,0,0,0,0,0,0,0,0,0,0,0,0,0,0,0,0,0,0,0,0,0,0,0,0,0,0,0,0,0,0,0,0,0,0,0,0,0,0,0,0,0,0,0,0,0,0,0,0,0,0,0,0,0,0,0,0,0,0,0,0,0,0,0,0,0,0,0,206,942,923,132,89,3,-93,-175,-220,-219,-182,-107,-14,83,165,222,253,248,213,146,56,-43,-134,-211,-268,-284,-270,-223,-146,-51,43,135,216,265,287,276,238,167,85,-2,-88,-159,-216,-242,-241,-222,-175,-129,-61,12,65,117,160,174,180,170,146,110,74,40,-7,-37,-70,-95,-110,-119,-119,-111,-104,-94,-82,-56,-39,-13,18,59,91,124,162,195,207,204,177,129,68,-12,-100,-183,-260,-314,-341,-337,-292,-222,-123,-3,120,238,337,400,430,415,349,258,137,-3,-144,-276,-375,-447,-470,-448,-392,-291,-160,-14,142,281,387,466,499,480,421,326,200,36,-120,-260,147,-470,-512,-502,-451,-359,-225,-68,90,238,374,462,516,517,462,364,231,77,-80,-227,-349,-435,-488,-489,-442,-359,-239,-101,42,184,307,387,426,430,403,342,236,113,-3,-120,-236,-320,-369,-387,-368,-322,-245,-152,-48,67,177,254,311,341,340,308,243,167,75,-25,-114,-194,-255,-294,-306,-271,-230,-174,-93,-17,64,135,187,226,244,243,229,190,137,75,1,-71,-138,-197,-241,-252,-248,-231,-180,-109,-23,58,141,216,258,280,273,230,161,75,-23,-117,-201,-262,-292,-283,-242,-175,-88,16,117,201,263,285,269,219,142,44,-67,-165,-238,-274,-253,-173,-70,23,747,845
28602,mtk,MTK 7916,2775713652,rx1-tx1,512,0,0,0,0,0,0,0,0,0,0,0,0,0,0,0,0,0,0,0,0,0,0,0,0,0,0,0,0,0,0,0,0,0,0,0,0,0,0,0,0,0,0,0,0,0,0,0,0,0,0,0,0,0,0,0,0,0,0,0,0,0,0,0,0,0,0,0,0,0,0,0,0,0,0,0,0,0,0,0,0,0,0,0,0,0,0,0,0,0,0,0,0,0,0,0,0,0,0,0,0,0,0,0,0,0,0,0,0,0,0,0,0,0,0,0,0,0,0,0,0,0,0,0,0,0,0,0,0,0,0,0,0,0,0,0,0,0,0,0,0,0,0,0,0,0,0,0,0,0,0,0,0,0,0,0,0,0,0,0,0,0,0,0,0,0,0,0,0,0,0,0,0,0,0,0,0,0,0,0,0,0,0,0,0,0,0,0,0,0,0,0,0,0,0,0,0,0,0,0,0,0,0,0,0,0,0,0,0,0,0,0,0,0,0,0,0,0,0,0,0,0,0,0,0,0,0,0,0,0,0,0,0,0,0,0,0,0,0,0,0,0,0,0,0,0,0,0,0,0,0,0,0,0,0,0,0,-411,-352,-352,55,51,36,10,-18,-52,-81,-103,-112,-106,-81,-44,-2,44,82,110,119,109,75,25,-25,-70,-106,-124,-121,-95,-50,5,51,87,110,113,89,51,7,-37,-71,-85,-80,-64,-38,-4,23,43,50,39,20,5,-13,-26,-21,-9,7,16,24,28,22,1,-21,-45,-57,-59,-42,-10,27,62,95,99,84,48,4,-47,-96,-128,-133,-109,-56,4,64,116,145,144,119,61,-14,-84,-131,-155,-147,-108,-47,22,90,140,158,139,90,30,-33,-101,-142,-144,-121,-75,-9,53,101,129,127,89,41,-9,-57,-90,-101,-91,-66,-30,14,47,66,68,56,37,15,0,-14,-16,-11,-2,6,9,2,-19,-43,-62,-78,-76,-44,5,56,101,139,154,134,77,-2,-84,-158,-213,-228,-195,-119,-17,95,196,271,294,251,154,27,-101,-218,-301,-324,-281,-182,-44,105,233,313,333,296,192,46,-99,-227,-310,-329,-279,-182,-51,101,227,298,306,253,148,12,-124,-234,-289,-284,-224,-112,21,143,239,292,280,211,97,-33,-155,-245,-285,-266,-197,-93,30,147,233,272,264,203,98,-18,-132,-215,-253,-242,-192,-106,-5,90,166,207,202,161,90,12,-63,-130,-169,-164,-132,-80,-6,68,124,156,162,138,90,30,-30,-88,-137,-167,-175,-165,-236,-286,0,0,0,0,0,0,0,0,0,0,0,0,0,0,0,0,0,0,0,0,0,0,0,0,0,0,0,0,0,0,0,0,0,0,0,0,0,0,0,0,0,0,0,0,0,0,0,0,0,0,0,0,0,0,0,0,0,0,0,0,0,0,0,0,0,0,0,0,0,0,0,0,0,0,0,0,0,0,0,0,0,0,0,0,0,0,0,0,0,0,0,0,0,0,0,0,0,0,0,0,0,0,0,0,0,0,0,0,0,0,0,0,0,0,0,0,0,0,0,0,0,0,0,0,0,0,0,0,0,0,0,0,0,0,0,0,0,0,0,0,0,0,0,0,0,0,0,0,0,0,0,0,0,0,0,0,0,0,0,0,0,0,0,0,0,0,0,0,0,0,0,0,0,0,0,0,0,0,0,0,0,0,0,0,0,0,0,0,0,0,0,0,0,0,0,0,0,0,0,0,0,0,0,0,0,0,0,0,0,0,0,0,0,0,0,0,0,0,0,0,0,0,0,0,0,0,0,0,0,0,0,0,0,0,0,0,0,0,0,0,0,0,0,0,0,0,0,0,0,0,0,0,0,0,0,0,-92,38,123,40,66,86,97,100,91,72,41,-1,-45,-77,-103,-115,-106,-79,-42,5,54,92,117,120,100,60,13,-37,-80,-112,-121,-107,-75,-29,23,67,91,100,93,66,30,-11,-45,-62,-65,-56,-34,-4,17,29,31,30,22,-3,-20,-28,-23,-5,13,26,41,43,28,2,-24,-48,-73,-85,-66,-26,13,49,84,112,112,79,27,-31,-81,-125,-138,-124,-81,-22,49,108,142,154,139,91,16,-58,-113,-148,-160,-137,-78,-7,62,115,147,146,110,48,-21,-76,-114,-131,-122,-88,-30,31,78,106,113,93,59,11,-34,-69,-87,-87,-68,-37,-5,20,42,52,0,27,9,1,2,4,17,31,31,24,9,-21,-53,-89,-109,-104,-74,-24,39,104,162,191,181,132,53,-47,-141,-220,-258,-248,-186,-90,34,159,259,306,294,227,108,-41,-171,-272,-332,-323,-243,-122,25,173,285,336,322,242,115,-32,-170,-272,-322,-307,-225,-96,46,175,270,307,274,178,50,-78,-195,-275,-299,-255,-160,-36,96,209,276,294,245,145,24,-101,-205,-264,-279,-243,-156,-39,82,182,247,263,231,154,49,-60,-152,-210,-227,-202,-146,-60,35,115,165,182,165,119,49,-27,-95,-142,-159,-151,-111,-48,24,88,140,168,171,150,113,64,11,-47,-194,-133
28603,mtk,MTK 7916,2775713652,rx2-tx0,512,0,0,0,0,0,0,0,0,0,0,0,0,0,0,0,0,0,0,0,0,0,0,0,0,0,0,0,0,0,0,0,0,0,0,0,0,0,0,0,0,0,0,0,0,0,0,0,0,0,0,0,0,0,0,0,0,0,0,0,0,0,0,0,0,0,0,0,0,0,0,0,0,0,0,0,0,0,0,0,0,0,0,0,0,0,0,0,0,0,0,0,0,0,0,0,0,0,0,0,0,0,0,0,0,0,0,0,0,0,0,0,0,0,0,0,0,0,0,0,0,0,0,0,0,0,0,0,0,0,0,0,0,0,0,0,0,0,0,0,0,0,0,0,0,0,0,0,0,0,0,0,0,0,0,0,0,0,0,0,0,0,0,0,0,0,0,0,0,0,0,0,0,0,0,0,0,0,0,0,0,0,0,0,0,0,0,0,0,0,0,0,0,0,0,0,0,0,0,0,0,0,0,0,0,0,0,0,0,0,0,0,0,0,0,0,0,0,0,0,0,0,0,0,0,0,0,0,0,0,0,0,0,0,0,0,0,0,0,0,0,0,0,0,0,0,0,0,0,0,0,0,0,0,0,0,0,-136,-134,7,-34,-54,-67,-78,-78,-71,-54,-33,-2,27,50,62,69,63,52,32,5,-22,-41,-54,-60,-59,-47,-26,-4,13,28,40,49,52,49,40,26,12,-5,-28,-53,-70,-80,-78,-62,-31,11,55,92,121,130,111,68,8,-62,-128,-172,-181,-156,-97,-16,78,161,212,222,184,103,-6,-119,-213,-271,-269,-204,-91,46,181,279,322,300,206,62,-101,-251,-347,-371,-320,-192,-8,180,331,410,410,318,153,-49,-244,-402,-472,-438,-305,-108,117,319,461,502,429,267,47,-190,-386,-500,-505,-398,-200,38,265,441,520,486,342,114,-136,-353,-494,-525,-436,-251,-13,234,0,543,532,397,170,-94,-338,-514,-576,-511,-335,-85,192,432,579,599,486,266,-12,-288,-503,-617,-605,-461,-213,80,353,560,650,602,425,164,-131,-401,-592,-657,-580,-392,-126,165,417,579,619,534,344,95,-167,-398,-541,-565,-475,-304,-74,165,362,473,487,404,245,40,-162,-324,-407,-406,-322,-177,-7,152,277,344,333,251,127,-13,-142,-238,-281,-265,-191,-78,40,141,208,235,213,149,55,-46,-137,-193,-211,-190,-129,-41,51,130,185,200,177,125,51,-34,-109,-163,-189,-180,-139,-80,-9,64,125,162,176,161,120,63,-7,-72,-122,-155,-170,-165,-143,-108,-67,-20,-481,-382,0,0,0,0,0,0,0,0,0,0,0,0,0,0,0,0,0,0,0,0,0,0,0,0,0,0,0,0,0,0,0,0,0,0,0,0,0,0,0,0,0,0,0,0,0,0,0,0,0,0,0,0,0,0,0,0,0,0,0,0,0,0,0,0,0,0,0,0,0,0,0,0,0,0,0,0,0,0,0,0,0,0,0,0,0,0,0,0,0,0,0,0,0,0,0,0,0,0,0,0,0,0,0,0,0,0,0,0,0,0,0,0,0,0,0,0,0,0,0,0,0,0,0,0,0,0,0,0,0,0,0,0,0,0,0,0,0,0,0,0,0,0,0,0,0,0,0,0,0,0,0,0,0,0,0,0,0,0,0,0,0,0,0,0,0,0,0,0,0,0,0,0,0,0,0,0,0,0,0,0,0,0,0,0,0,0,0,0,0,0,0,0,0,0,0,0,0,0,0,0,0,0,0,0,0,0,0,0,0,0,0,0,0,0,0,0,0,0,0,0,0,0,0,0,0,0,0,0,0,0,0,0,0,0,0,0,0,0,0,0,0,0,0,0,0,0,0,0,0,0,0,0,0,0,0,0,1335,633,643,51,44,33,14,-9,-35,-54,-65,-71,-69,-56,-33,-3,24,44,60,64,58,46,25,1,-21,-39,-49,-52,-46,-38,-28,-14,4,21,36,46,52,57,56,47,30,-1,-37,-71,-94,-100,-96,-76,-33,24,83,131,156,151,110,50,-22,-104,-170,-201,-191,-136,-51,48,143,219,253,232,159,48,-82,-205,-284,-298,-250,-142,2,146,271,344,337,259,119,-52,-216,-342,-401,-367,-257,-90,115,302,417,448,383,231,27,-190,-373,-478,-478,-376,-191,34,262,435,508,474,338,130,-107,-325,-472,-515,-444,-272,-37,203,397,515,514,394,189,-60,-300,-472,-541,-488,0,-90,168,393,532,558,459,258,-5,-271,-480,-584,-563,-418,-177,99,361,552,621,555,367,101,-189,-439,-606,-642,-536,-316,-40,246,488,631,638,511,284,1,-289,-515,-632,-620,-481,-244,39,305,500,594,571,432,206,-53,-287,-457,-532,-501,-366,-164,58,260,399,456,413,292,117,-70,-234,-345,-379,-332,-227,-82,79,213,289,308,264,169,44,-82,-188,-248,-253,-209,-126,-17,92,172,216,214,172,96,2,-92,-165,-205,-204,-164,-92,-7,82,150,188,188,162,108,29,-50,-114,-160,-182,-172,-132,-71,-1,70,126,161,171,159,124,75,19,-37,-85,-119,-136,-144,409,505
28604,mtk,MTK 7916,2775713652,rx2-tx1,512,0,0,0,0,0,0,0,0,0,0,0,0,0,0,0,0,0,0,0,0,0,0,0,0,0,0,0,0,0,0,0,0,0,0,0,0,0,0,0,0,0,0,0,0,0,0,0,0,0,0,0,0,0,0,0,0,0,0,0,0,0,0,0,0,0,0,0,0,0,0,0,0,0,0,0,0,0,0,0,0,0,0,0,0,0,0,0,0,0,0,0,0,0,0,0,0,0,0,0,0,0,0,0,0,0,0,0,0,0,0,0,0,0,0,0,0,0,0,0,0,0,0,0,0,0,0,0,0,0,0,0,0,0,0,0,0,0,0,0,0,0,0,0,0,0,0,0,0,0,0,0,0,0,0,0,0,0,0,0,0,0,0,0,0,0,0,0,0,0,0,0,0,0,0,0,0,0,0,0,0,0,0,0,0,0,0,0,0,0,0,0,0,0,0,0,0,0,0,0,0,0,0,0,0,0,0,0,0,0,0,0,0,0,0,0,0,0,0,0,0,0,0,0,0,0,0,0,0,0,0,0,0,0,0,0,0,0,0,0,0,0,0,0,0,0,0,0,0,0,0,0,0,0,0,0,0,236,-243,-171,-7,-25,-43,-59,-74,-77,-69,-57,-39,-10,22,52,73,88,81,52,17,-18,-49,-73,-82,-78,-56,-18,24,61,86,92,85,56,16,-36,-81,-105,-101,-82,-41,15,69,100,103,87,51,3,-58,-110,-133,-124,-90,-29,48,116,160,172,144,79,-12,-107,-187,-227,-214,-152,-57,63,175,256,288,258,168,35,-119,-249,-335,-344,-284,-159,10,182,314,383,376,295,141,-54,-234,-363,-419,-394,-287,-99,109,289,414,453,390,249,48,-165,-338,-442,-455,-365,-198,10,213,368,444,422,308,136,-67,-252,-375,-422,-373,-236,-53,138,290,375,372,289,141,-40,-214,0,-375,-327,-202,-35,135,271,349,348,264,120,-60,-232,-342,-368,-323,-206,-42,142,302,387,380,291,143,-40,-205,-331,-389,-360,-254,-94,86,246,351,377,324,203,39,-127,-261,-336,-337,-268,-146,6,149,253,299,281,209,95,-39,-152,-229,-249,-207,-126,-29,72,152,188,181,134,54,-31,-101,-141,-151,-125,-64,15,81,123,134,118,70,9,-52,-98,-125,-121,-88,-34,26,77,113,121,101,63,14,-44,-87,-105,-105,-83,-42,9,48,78,90,80,50,20,-15,-46,-66,-68,-61,-38,-6,25,48,59,60,45,16,-12,-38,-66,-72,-58,-42,-18,11,35,53,-383,-360,0,0,0,0,0,0,0,0,0,0,0,0,0,0,0,0,0,0,0,0,0,0,0,0,0,0,0,0,0,0,0,0,0,0,0,0,0,0,0,0,0,0,0,0,0,0,0,0,0,0,0,0,0,0,0,0,0,0,0,0,0,0,0,0,0,0,0,0,0,0,0,0,0,0,0,0,0,0,0,0,0,0,0,0,0,0,0,0,0,0,0,0,0,0,0,0,0,0,0,0,0,0,0,0,0,0,0,0,0,0,0,0,0,0,0,0,0,0,0,0,0,0,0,0,0,0,0,0,0,0,0,0,0,0,0,0,0,0,0,0,0,0,0,0,0,0,0,0,0,0,0,0,0,0,0,0,0,0,0,0,0,0,0,0,0,0,0,0,0,0,0,0,0,0,0,0,0,0,0,0,0,0,0,0,0,0,0,0,0,0,0,0,0,0,0,0,0,0,0,0,0,0,0,0,0,0,0,0,0,0,0,0,0,0,0,0,0,0,0,0,0,0,0,0,0,0,0,0,0,0,0,0,0,0,0,0,0,0,0,0,0,0,0,0,0,0,0,0,0,0,0,0,0,0,0,0,-351,298,334,59,56,49,38,19,-7,-32,-52,-67,-76,-77,-63,-34,-1,29,57,75,80,67,39,0,-40,-75,-90,-89,-72,-40,7,54,84,97,92,64,21,-27,-76,-105,-105,-82,-43,4,51,94,116,108,67,4,-65,-121,-153,-153,-117,-50,31,116,183,206,177,105,9,-91,-183,-245,-254,-208,-106,23,147,257,317,301,218,85,-69,-215,-326,-369,-330,-220,-60,120,282,388,416,347,203,16,-177,-338,-428,-429,-340,-174,28,228,375,447,424,310,126,-84,-278,-411,-453,-400,-258,-63,148,319,419,430,345,188,-8,-194,-335,-400,-380,-267,-97,86,248,353,372,309,0,0,-165,-295,-356,-335,-236,-81,96,254,349,360,288,156,-9,-185,-322,-382,-354,-253,-90,96,263,368,392,328,202,31,-150,-300,-382,-379,-292,-150,20,188,320,370,342,243,96,-63,-205,-301,-329,-284,-185,-47,94,202,259,265,210,116,3,-110,-191,-216,-193,-132,-49,43,124,166,162,119,56,-13,-79,-128,-137,-114,-62,3,64,108,125,114,75,21,-43,-99,-130,-125,-91,-41,11,62,97,116,110,79,30,-16,-57,-92,-103,-86,-50,-9,32,63,80,75,59,31,-1,-37,-58,-64,-56,-39,-14,18,43,58,60,44,20,-5,-33,-57,-72,-77,-68,-56,123,200
28605,mtk,MTK 7916,2775742904,rx0-tx0,512,-1687,236,-49,36,125,202,272,324,359,371,368,341,294,228,143,53,-43,-153,-245,-334,-405,-447,-466,-462,-419,-340,-240,-127,7,144,274,387,476,535,560,541,488,399,281,148,-1,-151,-292,-417,-508,-570,-591,-575,-518,-430,-310,-179,-32,113,247,368,469,537,574,578,553,496,399,283,149,-4,-148,-293,-422,-524,-598,-636,-644,-606,-531,-420,-274,-114,56,230,395,547,667,743,770,749,678,559,393,189,-20,-234,-442,-624,-765,-859,-893,-861,-767,-618,-424,-193,50,290,512,702,840,926,942,890,775,612,399,159,-88,-333,-549,-735,-865,-930,-940,-879,-764,-597,-382,-148,100,341,-273,741,864,940,951,895,784,613,398,159,-96,-345,-569,-768,-909,-985,-997,-941,-817,-633,-401,-145,125,389,626,831,978,1050,1050,982,841,642,388,105,-187,-473,-722,-929,-1076,-1135,-1117,-1020,-845,-607,-326,-6,308,600,856,1049,1169,1203,1139,989,765,479,159,-173,-491,-783,-1011,-1143,-1193,-1154,-1022,-810,-543,-227,94,400,669,877,1016,1077,1046,938,756,525,260,-19,-288,-526,-719,-846,-906,-889,-805,-672,-492,-280,-51,160,362,534,656,722,729,685,587,445,283,98,-97,-278,-423,-539,-603,-617,-583,-497,-365,-199,-20,161,321,449,528,537,484,377,221,45,-121,-252,-330,-337,883,722,-546,-747,-1011,241,219,141,38,-83,-203,-293,-351,-361,-328,-267,-171,-53,61,175,276,346,390,397,370,314,231,127,18,-100,-220,-315,-391,-441,-452,-428,-377,-287,-170,-37,101,234,361,458,525,545,523,461,349,205,57,-96,-255,-393,-502,-570,-581,-555,-482,-365,-236,-80,85,223,358,457,517,542,527,476,394,281,144,10,-126,-248,-357,-435,-486,-508,-487,-435,-350,-243,-116,13,139,252,348,416,453,459,430,376,293,201,89,-31,-140,-238,-319,-376,-405,-406,-379,-328,-253,-171,-80,11,102,188,259,313,339,343,326,287,235,170,94,23,-57,-130,-181,-234,-273,-292,-298,-278,-730,-220,-162,-94,-24,52,128,200,258,309,337,337,317,274,207,124,35,-55,-146,-227,-281,-317,-339,-341,-300,-243,-179,-103,-28,50,123,181,218,247,259,259,247,219,180,137,92,40,-8,-68,-115,-156,-189,-223,-251,-257,-248,-232,-206,-157,-103,-32,41,116,186,245,292,322,335,320,277,229,157,74,-17,-109,-188,-257,-310,-342,-348,-335,-305,-251,-184,-102,-18,65,144,214,275,315,341,347,334,301,241,174,91,-3,-94,-182,-261,-316,-362,-382,-374,-343,-290,-213,-125,-28,72,165,249,317,359,381,372,338,290,229,149,59,-33,-122,-203,-268,-317,-342,-350,-337,330,-37,-175,-942,-964,359,335,298,243,173,92,4,-85,-175,-253,-323,-374,-401,-414,-394,-352,-292,-200,-91,22,139,258,361,439,496,522,507,458,376,263,134,-9,-152,-287,-409,-500,-559,-582,-565,-511,-414,-298,-158,-11,137,281,404,499,561,589,578,535,457,352,222,81,-62,-203,-334,-444,-528,-588,-606,-588,-540,-456,-347,-213,-62,95,255,401,529,623,681,700,675,607,494,345,167,-28,-225,-414,-579,-714,-802,-833,-812,-733,-600,-422,-211,24,259,482,664,810,900,924,886,778,614,411,178,-74,-317,-538,-725,-862,-931,-934,-878,-766,-603,-391,-156,90,331,548,733,861,931,940,882,-1322,599,391,158,-97,-339,-558,-745,-877,-950,-964,-908,-796,-625,-404,-158,101,360,594,787,930,1008,1021,959,832,644,397,124,-156,-427,-671,-876,-1020,-1087,-1086,-1003,-850,-638,-363,-60,240,528,787,990,1125,1177,1132,1017,821,559,252,-78,-402,-692,-938,-1117,-1206,-1199,-1105,-926,-664,-358,-34,299,607,856,1038,1139,1142,1062,898,665,393,89,-214,-492,-720,-883,-978,-996,-936,-813,-623,-400,-148,106,334,533,686,781,808,774,693,556,377,182,-20,-215,-390,-525,-619,-668,-664,-596,-487,-343,-165,13,188,347,477,558,586,552,461,332,160,-23,-194,-339,-434,-463,-420,-321,-180,-39,-402,-645,1197,-1034,-770,-66,-174,-263,-313,-321,-278,-194,-82,46,162,265,342,378,375,343,273,180,75,-41,-151,-255,-337,-392,-415,-415,-372,-298,-202,-83,46,170,282,386,453,492,490,455,376,262,125,-25,-171,-314,-445,-525,-560,-563,-520,-429,-301,-144,22,180,332,446,522,575,567,522,444,321,181,31,-114,-245,-361,-449,-504,-524,-505,-455,-372,-260,-142,-8,126,247,352,432,477,486,463,409,329,220,98,-29,-149,-253,-332,-389,-435,-440,-410,-354,-277,-181,-82,25,124,212,283,331,363,369,351,305,243,166,82,-4,-91,-164,-226,-273,-301,-311,-309,-277,-233,-186,-120,-57,14,86,-128,209,259,290,308,307,288,243,193,128,40,-46,-131,-212,-277,-323,-344,-346,-326,-270,-193,-114,-30,61,150,210,263,293,301,296,271,223,172,112,47,-11,-71,-125,-172,-198,-225,-233,-241,-237,-213,-185,-147,-108,-51,15,72,126,187,231,270,296,296,285,246,196,132,57,-24,-114,-192,-254,-310,-342,-352,-335,-297,-239,-172,-85,2,86,172,241,295,333,345,336,307,268,208,139,62,-27,-106,-193,-262,-315,-353,-367,-354,-321,-268,-197,-119,-20,81,172,254,321,363,388,381,347,292,213,129,35,-60,-151,-226,-292,-339,-362,-362,-344,-302,-243,-168,-86,-1,85,-1230,-1272
28606,mtk,MTK 7916,2775742904,rx0-tx1,512,-144,567,723,987,1004,963,859,699,502,268,15,-230,-480,-701,-870,-987,-1046,-1038,-961,-824,-632,-400,-144,123,387,636,830,982,1076,1102,1056,936,755,530,267,-20,-297,-562,-795,-980,-1099,-1156,-1134,-1035,-873,-654,-391,-106,194,485,740,955,1100,1178,1180,1099,957,748,496,205,-86,-379,-647,-871,-1036,-1131,-1165,-1130,-1024,-843,-622,-365,-70,216,491,743,949,1097,1171,1180,1111,973,767,517,234,-75,-380,-656,-893,-1084,-1202,-1237,-1198,-1083,-882,-623,-327,3,325,626,888,1092,1218,1255,1209,1088,888,633,336,14,-304,-594,-843,-1038,-1153,-1192,-1146,-1027,-849,-610,-336,-47,240,509,744,932,1048,1093,146,985,831,637,398,132,-148,-409,-638,-833,-973,-1057,-1067,-1008,-890,-708,-477,-217,58,340,594,805,967,1067,1093,1047,933,752,515,241,-37,-313,-573,-803,-977,-1081,-1110,-1071,-954,-773,-539,-268,22,308,576,811,986,1099,1128,1078,963,784,544,259,-34,-336,-619,-852,-1026,-1124,-1139,-1078,-935,-730,-466,-167,145,438,695,905,1043,1099,1074,963,785,553,284,-10,-290,-536,-740,-884,-955,-952,-875,-733,-543,-327,-93,143,367,539,671,756,779,733,650,516,342,149,-42,-231,-395,-524,-604,-636,-620,-555,-442,-293,-119,63,228,374,480,532,530,467,355,200,34,-124,-248,-324,-347,-311,-109,131,0,116,346,194,73,-90,-250,-382,-474,-498,-458,-358,-217,-48,124,282,409,512,558,551,502,406,281,137,-25,-189,-332,-460,-559,-613,-616,-575,-497,-377,-224,-52,128,307,470,601,695,749,744,678,569,407,211,-8,-237,-454,-651,-796,-887,-924,-882,-770,-594,-370,-123,151,421,650,840,969,1022,1002,913,748,534,280,7,-271,-526,-753,-924,-1020,-1051,-1007,-891,-713,-484,-224,58,333,585,794,946,1029,1038,978,848,670,447,186,-86,-344,-574,-772,-914,-987,-997,-942,-822,-660,-451,-209,41,283,513,707,853,949,975,945,852,712,518,291,51,-210,-448,-658,-835,-956,-1013,-1011,-939,-806,-411,-389,-131,141,406,653,857,1012,1105,1113,1052,916,725,476,187,-110,-414,-687,-921,-1095,-1189,-1205,-1141,-998,-788,-518,-205,116,430,712,945,1120,1213,1224,1160,1011,801,537,240,-73,-379,-657,-894,-1066,-1174,-1202,-1159,-1043,-859,-621,-353,-57,247,528,774,973,1113,1181,1176,1100,952,748,495,209,-90,-389,-662,-898,-1071,-1183,-1220,-1175,-1064,-876,-620,-338,-31,284,575,838,1035,1169,1228,1198,1100,925,689,413,114,-201,-498,-755,-964,-1115,-1192,-1190,-1108,-954,-738,-470,-178,117,403,666,876,1028,1119,1134,1074,942,749,514,253,-30,-301,-547,-757,-915,-1012,-1047,-1019,-920,-767,-568,-343,-95,-486,-356,147,641,459,196,-51,-297,-530,-725,-880,-983,-1018,-997,-916,-769,-569,-342,-88,181,433,664,853,989,1060,1064,1003,868,686,463,207,-66,-340,-594,-809,-975,-1086,-1120,-1086,-987,-822,-601,-342,-57,238,513,764,962,1103,1165,1162,1075,925,710,446,161,-144,-435,-697,-914,-1075,-1166,-1176,-1123,-991,-797,-555,-281,2,291,571,803,980,1111,1168,1145,1065,914,706,448,160,-135,-429,-692,-916,-1084,-1188,-1215,-1160,-1028,-835,-586,-287,22,334,635,900,1094,1217,1263,1215,1091,897,635,330,8,-314,-617,-878,-1073,-1200,-1238,-1190,-1062,-870,-619,-327,-20,284,559,800,987,1097,1134,1100,1001,840,623,362,89,206,-458,-687,-868,-1000,-1068,-1066,-989,-858,-671,-440,-178,98,361,603,814,970,1059,1082,1031,905,726,500,243,-42,-323,-585,-810,-977,-1076,-1101,-1057,-942,-760,-525,-256,29,312,581,807,977,1088,1120,1073,960,780,547,270,-29,-316,-585,-820,-1009,-1112,-1136,-1091,-960,-766,-517,-226,82,383,657,878,1039,1118,1117,1031,876,657,384,87,-210,-493,-726,-909,-1020,-1045,-985,-858,-671,-438,-171,94,344,557,715,817,858,838,752,616,446,240,15,-189,-368,-526,-637,-693,-700,-654,-555,-412,-241,-59,126,294,433,533,587,581,522,420,275,112,-61,-223,-357,-442,-463,-423,-325,-196,-53,73,830,832,0,-510,-398,-295,-379,-408,-364,-265,-114,62,236,382,488,537,529,467,366,226,58,-108,-264,-396,-495,-558,-581,-553,-486,-388,-247,-82,89,250,401,534,629,673,672,625,525,391,224,35,-171,-368,-545,-694,-791,-833,-820,-744,-603,-403,-179,71,322,558,759,897,975,984,907,768,577,329,54,-225,-485,-711,-887,-1000,-1042,-1006,-899,-736,-509,-249,26,306,562,779,941,1034,1061,1003,879,695,461,195,-86,-356,-597,-784,-931,-1014,-1022,-958,-836,-661,-439,-192,65,319,546,732,881,962,981,938,838,675,477,241,-4,-250,-480,-683,-845,-941,-990,-972,-887,-751,-568,-339,-89,169,422,648,-92,977,1053,1060,997,871,676,441,159,-128,-410,-670,-889,-1060,-1152,-1167,-1105,-965,-764,-500,-202,118,426,710,943,1120,1219,1232,1160,1009,793,522,211,-99,-412,-689,-922,-1095,-1192,-1213,-1153,-1021,-820,-573,-284,14,312,591,831,1017,1139,1197,1173,1069,905,685,419,127,-168,-460,-714,-930,-1090,-1180,-1198,-1140,-1012,-820,-569,-285,23,327,609,865,1056,1175,1231,1195,1083,903,659,381,64,-247,-540,-801,-1007,-1147,-1216,-1205,-1104,-939,-716,-448,-150,153,447,706,923,1074,1151,1152,1088,945,738,493,217,-73,-355,-609,-820,-969,-1063,-1090,-1040,-929,-761,-541,-292,-32,234,479,686,847,953,1007,-150,-364
28607,mtk,MTK 7916,2775742904,rx1-tx0,512,0,-651,-464,-636,-742,-800,-817,-774,-689,-566,-402,-225,-37,167,361,517,649,754,804,813,770,683,553,392,202,-3,-210,-411,-594,-748,-853,-899,-891,-829,-719,-558,-361,-134,103,342,566,759,907,996,1029,990,890,729,520,280,4,-275,-544,-787,-978,-1117,-1180,-1168,-1070,-905,-670,-372,-59,269,581,862,1091,1256,1326,1305,1191,990,726,402,45,-322,-660,-961,-1176,-1326,-1379,-1330,-1199,-982,-700,-359,-2,342,672,950,1162,1303,1346,1304,1173,953,685,359,5,-335,-658,-928,-1138,-1262,-1310,-1274,-1132,-931,-654,-334,11,351,660,923,1119,1237,1270,1209,1062,849,570,261,-61,-374,-659,-901,-1076,-1158,-136,-1109,-964,-751,-500,-207,97,385,646,854,1005,1089,1086,1023,886,683,437,167,-114,-386,-618,-812,-948,-1009,-1002,-931,-792,-604,-371,-110,147,382,596,758,860,909,888,808,687,521,311,91,-128,-342,-516,-646,-744,-781,-766,-710,-607,-468,-295,-115,65,232,394,534,631,681,688,667,603,489,352,191,12,-159,-324,-471,-590,-662,-694,-668,-605,-494,-338,-160,25,202,362,500,595,654,663,606,512,389,227,61,-113,-266,-393,-497,-565,-580,-545,-476,-372,-244,-101,51,196,322,412,469,492,469,403,309,189,51,-84,-215,-317,-381,-412,-390,-324,-226,-107,22,131,206,244,237,-317,-557,0,1027,801,-210,-220,-188,-119,-30,72,168,241,280,298,283,229,160,75,-13,-103,-180,-246,-289,-309,-310,-291,-248,-185,-120,-42,46,135,214,290,346,374,388,375,329,256,156,47,-71,-204,-324,-433,-511,-553,-549,-501,-425,-300,-139,31,203,376,515,626,691,701,655,557,422,247,51,-155,-348,-524,-655,-747,-784,-768,-689,-562,-400,-195,28,248,456,639,771,852,882,842,733,571,362,129,-116,-353,-575,-765,-891,-958,-941,-868,-724,-522,-293,-45,214,464,676,846,955,990,956,848,683,475,227,-35,-298,-536,-727,-877,-961,-981,-927,-815,-639,-418,-176,84,329,558,744,879,950,236,917,797,621,412,176,-78,-324,-550,-738,-881,-970,-992,-942,-832,-662,-448,-204,57,318,558,757,911,1001,1025,983,866,696,483,236,-27,-298,-538,-740,-903,-1005,-1034,-996,-903,-746,-540,-297,-34,230,488,709,881,1002,1068,1055,977,834,635,384,118,-159,-433,-681,-886,-1032,-1111,-1121,-1056,-910,-711,-460,-187,114,407,664,883,1057,1145,1158,1091,952,745,485,198,-105,-394,-656,-871,-1026,-1120,-1125,-1065,-928,-725,-480,-200,80,357,613,814,957,1042,1057,997,875,694,476,225,-37,-287,-517,-715,-867,-956,-973,-937,-837,-683,-490,-262,-16,219,434,624,774,868,892,863,783,655,498,309,738,0,-241,-514,-529,-345,-160,40,239,414,571,695,769,807,796,726,618,487,311,116,-83,-281,-460,-616,-737,-819,-851,-827,-753,-637,-482,-287,-70,159,373,574,745,873,945,957,912,805,648,439,203,-51,-308,-552,-768,-940,-1055,-1104,-1073,-976,-815,-600,-338,-43,261,555,816,1039,1189,1262,1254,1144,963,712,407,60,-291,-631,-925,-1155,-1309,-1374,-1338,-1208,-992,-710,-388,-22,337,669,957,1181,1325,1367,1319,1183,960,686,364,8,-339,-667,-940,-1146,-1290,-1330,-1285,-1159,-942,-665,-345,-13,337,655,920,1128,1255,1294,1244,1105,892,615,298,-34,-366,-664,-916,-1100,-1199,-1225,-1162,-1023,-813,-540,-235,1335,382,664,881,1040,1133,1134,1061,918,715,465,180,-114,-385,-635,-842,-978,-1053,-1053,-972,-830,-642,-403,-138,130,387,612,786,910,963,944,871,735,543,333,97,-144,-357,-549,-711,-814,-850,-837,-762,-635,-482,-298,-97,99,287,452,587,677,718,718,677,599,474,317,144,-21,-189,-359,-502,-604,-672,-692,-669,-605,-503,-362,-196,-15,175,339,492,605,673,691,652,579,448,293,123,-61,-231,-375,-502,-588,-621,-610,-548,-455,-329,-178,-7,148,289,405,486,527,530,487,401,283,157,20,-124,-250,-353,-427,-453,-439,-384,-286,-170,-38,100,212,298,340,332,279,193,94,0,610,394,0,218,671,-12,71,166,235,270,274,235,164,76,-16,-120,-203,-262,-297,-310,-293,-252,-195,-117,-40,42,127,205,261,298,328,335,315,275,219,132,44,-56,-163,-264,-349,-412,-444,-465,-445,-383,-295,-168,-26,129,279,416,539,610,629,613,542,422,272,92,-95,-284,-455,-605,-700,-746,-737,-677,-561,-398,-207,1,210,417,586,728,815,835,804,722,579,391,175,-60,-303,-519,-702,-836,-909,-917,-859,-743,-561,-337,-82,171,413,635,802,919,975,961,860,705,505,263,3,-263,-515,-717,-871,-962,-985,-941,-822,-650,-440,-190,69,322,554,748,882,963,970,911,795,625,413,170,-351,-325,-556,-742,-870,-950,-960,-913,-809,-644,-438,-195,67,320,549,745,890,982,1009,961,846,674,463,215,-45,-308,-555,-761,-914,-1005,-1034,-993,-879,-722,-510,-260,8,266,507,721,890,998,1043,1024,938,791,593,355,83,-197,-459,-690,-886,-1022,-1090,-1094,-1026,-881,-679,-427,-151,129,414,674,893,1047,1134,1152,1080,940,744,488,195,-109,-401,-668,-890,-1042,-1130,-1144,-1081,-948,-740,-491,-206,96,381,646,853,1000,1081,1094,1033,899,703,469,217,-55,-319,-558,-761,-905,-996,-1008,-959,-853,-690,-486,-246,0,244,473,667,814,908,939,904,818,681,495,271,42,-180,-391,-572,-709,-990,-729
28608,mtk,MTK 7916,2775742904,rx1-tx1,512,0,0,0,594,442,173,-141,-416,-578,-577,-412,-137,173,428,561,540,371,93,-212,-453,-564,-512,-311,-19,275,490,574,484,252,-48,-338,-539,-584,-461,-201,129,427,605,617,454,154,-200,-505,-677,-657,-452,-112,269,590,749,705,463,80,-332,-664,-826,-763,-485,-70,379,732,889,807,512,68,-401,-766,-927,-841,-528,-70,407,778,943,856,535,70,-412,-783,-942,-846,-523,-58,418,775,925,816,489,34,-426,-766,-889,-768,-445,-4,442,759,862,727,388,-57,-480,-768,-838,-677,-329,118,528,788,834,645,276,-169,-568,-817,-839,-623,-236,217,615,847,850,611,202,-265,-665,-889,-866,0,-171,315,717,930,893,607,155,-348,-767,-986,-942,-640,-160,371,810,1039,997,683,177,-378,-837,-1086,-1054,-742,-224,361,856,1128,1107,793,271,-329,-852,-1150,-1150,-855,-333,280,813,1136,1164,880,366,-242,-788,-1126,-1166,-887,-377,232,780,1126,1172,908,397,-225,-785,-1144,-1213,-954,-445,176,757,1150,1249,1029,544,-78,-682,-1116,-1266,-1097,-654,-49,568,1035,1232,1127,746,191,-400,-879,-1132,-1106,-808,-313,239,714,1001,1037,818,404,-92,-547,-851,-938,-794,-462,-26,401,711,840,762,508,143,-249,-575,-753,-749,-572,-271,80,404,630,716,653,459,191,-96,-348,-516,-571,-527,-414,-255,0,0,0,0,0,192,311,393,421,372,243,54,-165,-368,-510,-554,-483,-303,-51,221,455,593,598,460,209,-98,-391,-597,-665,-578,-341,-11,325,588,716,675,460,121,-259,-581,-761,-756,-562,-221,185,555,796,836,668,327,-106,-518,-805,-890,-759,-430,13,453,781,913,824,530,97,-362,-724,-901,-852,-589,-183,262,631,836,828,600,230,-185,-543,-751,-756,-562,-223,172,508,698,696,502,178,-185,-488,-653,-637,-448,-133,211,494,641,613,407,92,-248,-525,-656,-604,-385,-57,289,557,680,624,394,60,-293,-576,-703,-647,-425,-85,270,548,687,640,418,96,-245,-517,-642,-592,-391,-92,232,0,596,542,341,45,-263,-493,-576,-504,-295,0,297,508,578,482,245,-53,-329,-520,-572,-460,-211,95,375,546,564,430,170,-138,-405,-561,-559,-397,-120,194,454,589,559,370,66,-260,-520,-639,-580,-355,-25,319,574,679,605,355,4,-353,-619,-720,-629,-367,-2,371,640,741,641,372,6,-357,-627,-731,-636,-372,-13,343,601,689,592,339,6,-320,-553,-626,-525,-282,27,316,511,562,449,205,-85,-345,-500,-509,-362,-113,160,389,504,473,304,42,-230,-435,-526,-465,-262,13,294,496,556,458,236,-58,-340,-527,-571,-460,-220,88,374,558,587,459,207,-104,-394,-573,-588,0,0,0,0,0,142,418,581,588,435,159,-157,-424,-571,-558,-393,-121,185,435,557,522,335,54,-236,-465,-562,-498,-287,11,311,512,569,470,228,-87,-384,-575,-603,-459,-183,155,459,635,635,451,132,-238,-545,-705,-676,-454,-91,311,634,786,728,468,64,-365,-705,-861,-788,-500,-63,396,753,911,824,517,69,-405,-773,-935,-849,-531,-71,411,782,942,851,528,61,-417,-776,-930,-833,-506,-46,420,767,907,795,469,20,-432,-762,-882,-754,-418,28,461,764,847,702,363,-83,-504,-780,-835,-658,-303,141,549,806,836,638,259,-194,-594,-831,-835,-606,-214,241,644,869,851,603,187,-290,0,-918,-879,-607,-169,323,736,956,919,624,157,-356,-788,-1015,-966,-660,-172,372,828,1070,1032,714,203,-368,-850,-1113,-1083,-767,-247,342,846,1137,1132,828,301,-303,-833,-1144,-1154,-865,-345,269,815,1136,1161,886,371,-240,-779,-1121,-1169,-900,-393,218,776,1132,1188,927,423,-193,-765,-1144,-1227,-983,-484,139,735,1144,1264,1063,601,-13,-626,-1083,-1258,-1120,-711,-126,478,957,1196,1131,788,269,-306,-791,-1071,-1076,-819,-366,161,630,928,991,808,432,-35,-476,-790,-894,-779,-486,-83,328,647,800,759,541,199,-178,-503,-701,-736,-611,-362,-44,275,521,653,654,536,338,103,-121,-290,-388,0,0,0,0,0,-277,-204,-78,87,266,414,495,487,382,190,-52,-296,-492,-586,-553,-393,-138,161,427,599,635,525,283,-37,-357,-597,-692,-619,-396,-67,291,586,739,709,504,164,-229,-573,-779,-794,-611,-269,155,542,796,864,718,385,-54,-479,-788,-912,-799,-484,-48,403,752,913,848,563,142,-305,-678,-874,-836,-593,-207,220,580,789,788,583,229,-176,-525,-722,-720,-533,-206,173,492,667,657,472,157,-197,-494,-649,-621,-428,-119,231,516,651,609,394,71,-268,-536,-667,-612,-392,-57,296,571,692,636,407,67,-290,-568,-701,-648,-429,-97,257,537,665,619,414,102,-229,-489,-612,-566,0,-71,236,473,582,524,315,21,-279,-497,-576,-492,-268,30,317,515,568,462,230,-72,-361,-543,-571,-442,-192,112,384,552,561,409,144,-161,-430,-576,-555,-384,-101,223,488,615,567,357,41,-291,-552,-660,-585,-350,-15,333,601,706,619,359,-2,-360,-635,-742,-639,-368,-1,367,638,739,642,375,14,-347,-614,-710,-614,-358,-11,330,569,655,565,321,-5,-317,-530,-591,-490,-251,57,338,506,530,407,166,-124,-374,-507,-490,-331,-78,199,422,519,467,286,18,-263,-476,-549,-466,-250,38,317,513,569,467,229,-73,-356,-545,-582,-461,-217,92,382,567,597,464,201,-114,0,0
28609,mtk,MTK 7916,2775742904,rx2-tx0,512,0,0,0,792,681,389,-9,-403,-694,-805,-704,-419,-24,367,660,780,699,429,51,-330,-618,-738,-655,-402,-56,297,568,682,607,363,36,-287,-529,-619,-535,-309,-3,287,490,553,457,237,-46,-310,-478,-500,-376,-148,117,343,467,452,303,73,-178,-381,-467,-411,-238,3,249,419,466,373,169,-84,-316,-458,-471,-340,-110,156,383,511,493,332,67,-224,-452,-560,-509,-319,-41,252,480,575,515,317,28,-273,-502,-596,-527,-312,-20,276,507,593,517,303,8,-280,-489,-565,-486,-278,2,275,466,527,440,235,-27,-278,-451,-487,-384,-181,66,294,434,448,334,123,-118,-315,-426,-415,0,-53,186,364,437,387,227,-4,-240,-413,-465,-385,-194,67,310,460,494,393,171,-109,-363,-520,-536,-401,-150,151,413,573,581,421,141,-187,-477,-641,-628,-452,-144,217,527,698,686,488,150,-234,-567,-758,-752,-544,-179,242,615,834,835,613,229,-224,-633,-883,-911,-705,-310,171,610,899,960,779,398,-84,-539,-870,-986,-846,-495,-34,440,804,963,876,579,142,-324,-707,-906,-875,-629,-242,202,592,830,851,667,322,-91,-469,-722,-795,-674,-398,-34,325,591,714,663,456,150,-175,-446,-609,-629,-503,-267,13,278,473,558,522,386,181,-47,-243,-376,-431,-404,-311,-185,-52,0,0,0,0,0,103,204,286,332,325,251,119,-53,-232,-376,-452,-439,-337,-153,71,290,458,525,473,308,67,-193,-419,-554,-555,-418,-179,102,369,555,605,508,284,-20,-325,-550,-646,-584,-374,-61,271,541,682,654,453,143,-198,-493,-667,-681,-519,-221,131,445,647,682,545,276,-59,-379,-597,-655,-538,-286,26,326,535,599,495,266,-25,-297,-489,-546,-448,-229,44,295,460,499,390,170,-95,-330,-461,-461,-335,-111,147,369,488,468,314,72,-200,-420,-527,-489,-317,-54,231,454,555,507,323,46,-247,-474,-574,-526,-332,-48,249,480,573,506,311,32,-264,-485,-576,-512,-303,-4,295,0,588,510,290,-11,-314,-533,-605,-511,-277,33,339,562,630,517,267,-55,-361,-574,-634,-519,-261,72,389,593,633,502,229,-109,-410,-600,-627,-483,-200,142,442,619,629,464,168,-174,-472,-639,-632,-445,-131,223,515,666,636,426,98,-263,-550,-681,-631,-412,-81,283,566,694,625,390,52,-304,-572,-683,-606,-359,-12,330,574,654,554,298,-34,-350,-566,-624,-509,-241,96,399,590,615,463,176,-158,-453,-622,-616,-437,-133,210,498,646,615,412,94,-251,-529,-660,-609,-387,-56,289,556,676,607,366,20,-332,-600,-702,-613,-353,10,378,638,732,631,358,-18,-394,-669,-763,0,0,0,0,0,29,415,698,804,695,405,15,-381,-678,-795,-701,-421,-42,342,634,761,681,419,58,-312,-592,-711,-635,-394,-54,286,540,643,569,342,21,-292,-508,-581,-497,-276,20,298,483,527,419,192,-80,-320,-463,-468,-336,-111,145,356,455,423,267,31,-220,-402,-462,-385,-202,43,282,447,475,359,136,-125,-356,-483,-477,-335,-90,187,418,536,497,316,46,-241,-464,-566,-523,-328,-36,270,495,586,521,315,26,-277,-507,-594,-522,-312,-14,284,494,575,498,288,0,-281,-481,-549,-465,-257,12,272,456,508,414,207,-51,-289,-439,-461,-358,-154,92,306,425,425,299,88,-145,0,-440,-408,-254,-28,210,387,452,387,205,-40,-270,-435,-479,-382,-174,88,337,498,520,395,153,-132,-386,-547,-563,-418,-151,163,436,598,601,438,143,-201,-496,-660,-655,-467,-146,223,544,732,719,516,164,-244,-598,-794,-793,-579,-205,239,625,852,867,663,274,-196,-619,-883,-928,-742,-359,125,583,890,975,818,457,-22,-497,-847,-978,-866,-544,-90,388,762,939,883,611,190,-264,-644,-864,-869,-657,-291,142,528,778,827,677,364,-28,-400,-663,-762,-675,-432,-95,252,525,665,647,483,216,-93,-368,-550,-603,-517,-328,-81,172,375,486,500,420,267,84,-91,-225,-299,-311,0,0,0,0,0,-227,-192,-111,10,152,287,382,412,361,235,53,-154,-344,-469,-498,-414,-237,-2,242,440,542,522,377,134,-147,-394,-552,-585,-473,-240,59,346,558,630,548,323,20,-293,-543,-663,-615,-416,-109,234,520,679,669,495,193,-161,-472,-662,-690,-545,-257,96,418,620,667,549,290,-40,-359,-576,-627,-519,-284,20,307,506,565,474,254,-31,-298,-475,-523,-423,-201,67,308,459,476,357,135,-123,-349,-473,-460,-322,-91,171,393,511,480,311,60,-215,-435,-541,-502,-328,-60,236,464,562,514,324,47,-246,-471,-570,-514,-320,-38,255,481,576,512,311,19,-283,-499,-579,-505,0,3,300,520,600,513,283,-26,-330,-552,-619,-519,-277,43,352,560,624,513,261,-63,-370,-582,-632,-507,-241,89,397,596,632,491,215,-120,-426,-613,-635,-481,-189,154,453,634,628,450,148,-198,-496,-655,-631,-431,-110,243,534,677,631,414,83,-273,-561,-693,-632,-402,-56,298,569,685,620,381,41,-307,-568,-667,-575,-326,6,336,570,634,524,272,-58,-371,-573,-614,-482,-212,126,429,608,611,448,160,-180,-472,-633,-614,-419,-106,237,515,652,614,406,81,-273,-549,-669,-606,-380,-44,313,581,690,610,357,-1,-357,-617,-716,-621,-358,12,387,659,753,647,364,-18,0,0
28610,mtk,MTK 7916,2775742904,rx2-tx1,512,0,0,0,-634,-550,-320,0,324,566,659,582,358,38,-287,-545,-664,-607,-392,-84,257,528,653,609,412,106,-228,-502,-633,-597,-405,-107,220,486,621,593,415,116,-213,-473,-615,-593,-410,-115,206,478,632,614,429,129,-200,-472,-624,-626,-465,-176,158,442,617,628,477,207,-102,-386,-565,-597,-484,-242,55,330,511,560,459,249,-17,-272,-451,-511,-440,-260,-21,208,372,440,393,251,51,-147,-295,-366,-335,-229,-73,91,220,290,280,194,69,-63,-176,-227,-223,-162,-61,43,128,170,167,124,48,-28,-87,-119,-125,-89,-40,6,47,63,62,47,20,-8,-23,-30,-27,-12,1,0,-2,-19,-26,-27,-25,-15,7,39,62,67,54,27,-7,-46,-75,-98,-91,-55,-2,47,83,91,75,38,-11,-53,-77,-80,-61,-25,25,75,91,81,44,-13,-75,-112,-113,-83,-28,43,118,170,175,131,48,-57,-163,-241,-255,-203,-100,36,175,273,310,282,185,30,-145,-275,-350,-350,-258,-93,85,242,348,369,294,153,-23,-191,-317,-365,-316,-192,-30,141,282,352,328,220,67,-99,-243,-325,-314,-234,-104,51,190,282,305,250,137,-2,-145,-253,-289,-258,-173,-48,89,202,261,254,199,111,-9,-127,-211,-247,-230,-168,-74,26,108,168,192,181,143,87,28,0,0,0,0,0,-127,-148,-153,-130,-74,6,92,168,221,242,214,139,31,-86,-194,-266,-284,-235,-138,-13,124,237,295,289,217,95,-49,-180,-272,-305,-265,-165,-22,129,254,309,288,199,66,-85,-212,-280,-284,-224,-105,38,168,253,271,228,127,-8,-133,-219,-245,-196,-104,1,112,192,210,166,77,-24,-105,-161,-172,-128,-40,51,123,164,156,92,3,-84,-147,-163,-126,-50,44,132,192,190,136,36,-85,-186,-234,-227,-152,-26,121,241,291,259,164,13,-150,-281,-348,-328,-208,-26,167,323,405,371,236,42,-175,-356,-449,-438,-304,-83,163,372,497,494,359,126,-141,-379,-529,0,-404,-167,113,379,557,587,463,226,-77,-369,-572,-630,-524,-284,33,347,569,650,571,338,4,-322,-563,-665,-602,-379,-61,273,531,659,616,412,95,-235,-504,-639,-608,-415,-121,198,465,609,598,422,133,-185,-442,-581,-566,-405,-139,157,405,540,528,371,120,-154,-382,-501,-486,-343,-109,156,367,472,439,288,71,-163,-345,-422,-385,-240,-31,176,330,391,334,189,-6,-196,-320,-351,-283,-126,62,228,331,334,232,53,-137,-286,-350,-311,-180,13,213,362,402,323,162,-51,-267,-416,-456,-367,-170,81,317,478,523,426,207,-77,-342,-521,-564,-466,-244,43,330,536,606,0,0,0,0,0,-22,-327,-554,-644,-567,-340,-24,300,555,666,601,380,64,-269,-533,-659,-609,-398,-85,243,507,640,608,412,108,-212,-472,-616,-599,-412,-109,220,478,611,585,406,114,-211,-481,-622,-604,-421,-131,194,470,623,609,442,159,-171,-457,-623,-628,-470,-189,139,421,594,623,484,221,-77,-351,-542,-592,-482,-250,35,302,485,535,447,260,12,-238,-413,-470,-415,-254,-37,174,338,412,375,247,67,-121,-265,-331,-314,-217,-66,84,192,253,251,180,66,-50,-150,-202,-188,-136,-52,43,118,153,146,108,45,-16,-63,-90,-92,-68,-37,-3,24,42,41,25,7,-3,-7,-3,0,23,25,12,-8,-38,-59,-60,-50,-32,3,39,70,76,65,37,-4,-48,-80,-93,-81,-48,-2,41,76,96,82,40,-7,-49,-72,-72,-55,-14,44,79,95,84,41,-22,-90,-135,-145,-112,-41,60,152,208,213,171,79,-44,-169,-260,-294,-252,-141,8,155,274,336,315,218,63,-116,-269,-350,-356,-278,-135,52,224,339,368,310,174,0,-173,-298,-355,-325,-216,-61,109,254,329,319,233,90,-78,-217,-303,-312,-243,-114,38,178,269,298,254,154,24,-117,-228,-278,-263,-192,-76,54,164,235,256,217,136,30,-79,-167,-216,-221,-186,-122,-41,35,92,127,133,0,0,0,0,0,46,-3,-62,-124,-177,-202,-194,-149,-70,27,129,212,256,254,199,96,-33,-159,-252,-294,-270,-188,-60,87,210,287,301,251,138,-10,-157,-262,-306,-273,-177,-44,104,233,298,290,216,91,-56,-182,-266,-283,-227,-109,24,148,233,252,207,116,-6,-120,-194,-218,-181,-103,4,104,167,183,146,64,-35,-116,-153,-149,-101,-22,62,132,164,133,64,-17,-107,-172,-173,-121,-36,68,158,208,200,128,15,-111,-215,-262,-239,-146,-7,139,253,309,285,175,9,-168,-311,-380,-342,-215,-30,172,343,434,408,269,56,-174,-373,-480,-467,-333,-109,153,386,523,521,382,145,0,-391,-541,-557,-441,-201,102,378,563,611,497,246,-61,-363,-580,-646,-546,-306,17,341,574,668,595,365,31,-304,-560,-672,-615,-401,-86,254,523,653,616,430,121,-222,-492,-622,-600,-426,-136,185,457,604,584,414,137,-171,-424,-561,-546,-387,-131,153,395,526,507,349,107,-155,-368,-477,-457,-318,-86,163,350,435,408,269,52,-178,-351,-419,-369,-220,-16,186,327,372,309,159,-34,-209,-322,-342,-259,-96,88,250,336,317,197,14,-177,-314,-363,-315,-174,31,242,389,430,347,168,-67,-294,-454,-487,-391,-189,72,322,501,552,450,228,-58,-340,-534,-584,-487,-269,26,0,0
28611,mtk,MTK 7916,2775745106,rx0-tx0,512,0,0,0,0,0,0,0,0,0,0,0,0,0,0,0,0,0,0,0,0,0,0,0,0,0,0,0,0,0,0,0,0,0,0,0,0,0,0,0,0,0,0,0,0,0,0,0,0,0,0,0,0,0,0,0,0,0,0,0,0,0,0,0,0,0,0,0,0,0,0,0,0,0,0,0,0,0,0,0,0,0,0,0,0,0,0,0,0,0,0,0,0,0,0,0,0,0,0,0,0,0,0,0,0,0,0,0,0,0,0,0,0,0,0,0,0,0,0,0,0,0,0,0,0,0,0,0,0,0,0,0,0,0,0,0,0,0,0,0,0,0,0,0,0,0,0,0,0,0,0,0,0,0,0,0,0,0,0,0,0,0,0,0,0,0,0,0,0,0,0,0,0,0,0,0,0,0,0,0,0,0,0,0,0,0,0,0,0,0,0,0,0,0,0,0,0,0,0,0,0,0,0,0,0,0,0,0,0,0,0,0,0,0,0,0,0,0,0,0,0,0,0,0,0,0,0,0,0,0,0,0,0,0,0,0,0,0,0,0,0,0,0,0,0,0,0,0,0,0,0,0,0,0,0,0,0,-273,741,864,-123,-232,-299,-308,-253,-153,-23,106,220,314,377,396,381,323,240,127,-4,-149,-282,-398,-489,-538,-542,-496,-402,-261,-84,110,299,472,604,685,719,692,593,443,252,38,-192,-401,-574,-712,-788,-805,-768,-681,-523,-335,-119,113,336,543,719,828,887,883,820,692,501,281,35,-219,-460,-675,-842,-944,-977,-949,-851,-686,-469,-215,56,320,563,771,912,986,999,943,813,623,390,140,-122,-380,-600,-775,-886,-942,-943,-874,-749,-570,-359,-134,101,320,516,671,778,843,852,806,721,587,426,237,31,-172,-370,-539,-689,-800,-859,-861,-820,-721,-574,-395,-187,50,284,500,702,-1687,956,989,955,858,701,494,249,-11,-276,-532,-747,-919,-1027,-1066,-1039,-933,-773,-560,-306,-24,256,516,749,944,1075,1137,1132,1051,893,678,414,120,-191,-511,-788,-1031,-1207,-1301,-1309,-1230,-1056,-787,-469,-107,268,637,965,1226,1404,1477,1449,1312,1068,742,361,-50,-458,-838,-1159,-1392,-1515,-1531,-1434,-1226,-919,-556,-142,283,676,1020,1290,1459,1515,1460,1294,1034,690,297,-122,-531,-897,-1197,-1399,-1491,-1467,-1319,-1066,-728,-326,105,516,886,1172,1353,1420,1364,1183,912,561,169,-227,-603,-909,-1135,-1256,-1258,-1149,-939,-651,-313,49,407,720,980,1143,1196,1123,916,588,165,-294,-722,-1020,-1118,-1015,100,341,0,0,0,0,0,0,0,0,0,0,0,0,0,0,0,0,0,0,0,0,0,0,0,0,0,0,0,0,0,0,0,0,0,0,0,0,0,0,0,0,0,0,0,0,0,0,0,0,0,0,0,0,0,0,0,0,0,0,0,0,0,0,0,0,0,0,0,0,0,0,0,0,0,0,0,0,0,0,0,0,0,0,0,0,0,0,0,0,0,0,0,0,0,0,0,0,0,0,0,0,0,0,0,0,0,0,0,0,0,0,0,0,0,0,0,0,0,0,0,0,0,0,0,0,0,0,0,0,0,0,0,0,0,0,0,0,0,0,0,0,0,0,0,0,0,0,0,0,0,0,0,0,0,0,0,0,0,0,0,0,0,0,0,0,0,0,0,0,0,0,0,0,0,0,0,0,0,0,0,0,0,0,0,0,0,0,0,0,0,0,0,0,0,0,0,0,0,0,0,0,0,0,0,0,0,0,0,0,0,0,0,0,0,0,0,0,0,0,0,0,0,0,0,0,0,0,0,0,0,0,0,0,0,0,0,0,0,0,0,0,0,0,0,0,0,0,0,0,0,0,0,0,0,0,0,0,-1322,599,391,-206,-147,-36,99,227,319,359,344,292,212,101,-23,-145,-260,-357,-426,-461,-450,-392,-305,-180,-28,134,296,440,558,628,640,597,493,340,158,-45,-260,-455,-611,-721,-776,-762,-676,-548,-371,-164,56,270,479,649,766,834,842,790,681,515,304,81,-160,-396,-614,-777,-885,-936,-920,-839,-694,-493,-248,9,267,515,727,881,978,997,946,833,652,427,172,-89,-350,-586,-774,-910,-972,-983,-914,-780,-592,-368,-130,118,361,567,732,841,897,891,829,718,559,371,166,-51,-252,-437,-598,-721,-803,-840,-824,-756,-650,-502,-321,-112,103,310,515,683,812,899,933,892,803,654,-175,227,-32,-283,-523,-733,-897,-1001,-1035,-1006,-899,-735,-524,-270,-7,278,539,757,932,1048,1096,1070,979,831,619,355,74,-214,-500,-761,-973,-1126,-1206,-1219,-1141,-985,-765,-470,-135,205,544,865,1123,1306,1402,1398,1293,1081,795,443,51,-347,-739,-1078,-1329,-1488,-1530,-1466,-1288,-1013,-657,-259,159,566,942,1239,1437,1537,1510,1369,1136,819,430,11,-404,-786,-1109,-1346,-1477,-1501,-1406,-1207,-908,-537,-128,294,698,1039,1294,1445,1470,1377,1164,849,465,53,-364,-739,-1045,-1258,-1354,-1331,-1186,-941,-622,-257,126,490,796,1028,1164,1199,1123,941,672,326,-56,-449,-801,-1076,-1214,-1189,-979,-591,-110,307,940,882
28612,mtk,MTK 7916,2775745106,rx0-tx1,512,0,0,0,0,0,0,0,0,0,0,0,0,0,0,0,0,0,0,0,0,0,0,0,0,0,0,0,0,0,0,0,0,0,0,0,0,0,0,0,0,0,0,0,0,0,0,0,0,0,0,0,0,0,0,0,0,0,0,0,0,0,0,0,0,0,0,0,0,0,0,0,0,0,0,0,0,0,0,0,0,0,0,0,0,0,0,0,0,0,0,0,0,0,0,0,0,0,0,0,0,0,0,0,0,0,0,0,0,0,0,0,0,0,0,0,0,0,0,0,0,0,0,0,0,0,0,0,0,0,0,0,0,0,0,0,0,0,0,0,0,0,0,0,0,0,0,0,0,0,0,0,0,0,0,0,0,0,0,0,0,0,0,0,0,0,0,0,0,0,0,0,0,0,0,0,0,0,0,0,0,0,0,0,0,0,0,0,0,0,0,0,0,0,0,0,0,0,0,0,0,0,0,0,0,0,0,0,0,0,0,0,0,0,0,0,0,0,0,0,0,0,0,0,0,0,0,0,0,0,0,0,0,0,0,0,0,0,0,0,0,0,0,0,0,0,0,0,0,0,0,0,0,0,0,0,0,-730,-220,-162,228,263,222,118,-18,-161,-279,-353,-383,-370,-317,-220,-104,33,174,301,408,482,512,499,434,330,185,14,-167,-352,-507,-625,-694,-702,-644,-532,-375,-180,48,275,488,670,802,873,876,810,675,477,246,-19,-295,-541,-764,-936,-1032,-1061,-998,-849,-651,-394,-101,216,516,784,1000,1138,1208,1188,1071,863,603,297,-51,-406,-716,-987,-1194,-1314,-1341,-1264,-1102,-852,-544,-191,182,546,876,1146,1341,1438,1423,1310,1099,812,464,67,-323,-694,-1022,-1282,-1435,-1498,-1450,-1286,-1035,-721,-345,63,452,808,1112,1335,1460,1474,1384,1203,935,607,236,-148,-515,-851,-1120,-1318,-1414,-1422,-1317,-1134,-875,-546,-201,172,516,832,1086,1272,1373,1374,1289,1116,868,570,225,-125,-476,-800,-1068,-1259,-1370,-1392,-1320,-1158,-920,-613,-250,123,492,832,1116,1323,1436,1440,1347,1159,892,566,192,-199,-568,-886,-1148,-1330,-1413,-1395,-1279,-1078,-806,-478,-118,248,588,890,1121,1274,1346,1311,1196,997,726,414,80,-261,-585,-873,-1099,-1246,-1306,-1270,-1143,-936,-666,-341,16,371,704,986,1191,1303,1320,1229,1051,778,441,71,-307,-660,-960,-1174,-1288,-1292,-1186,-981,-688,-337,35,394,718,967,1117,1161,1106,952,711,414,93,-220,-506,-729,-880,-947,-930,-831,-652,-415,-144,141,417,653,821,883,829,647,356,14,-267,-298,-278,0,0,0,0,0,0,0,0,0,0,0,0,0,0,0,0,0,0,0,0,0,0,0,0,0,0,0,0,0,0,0,0,0,0,0,0,0,0,0,0,0,0,0,0,0,0,0,0,0,0,0,0,0,0,0,0,0,0,0,0,0,0,0,0,0,0,0,0,0,0,0,0,0,0,0,0,0,0,0,0,0,0,0,0,0,0,0,0,0,0,0,0,0,0,0,0,0,0,0,0,0,0,0,0,0,0,0,0,0,0,0,0,0,0,0,0,0,0,0,0,0,0,0,0,0,0,0,0,0,0,0,0,0,0,0,0,0,0,0,0,0,0,0,0,0,0,0,0,0,0,0,0,0,0,0,0,0,0,0,0,0,0,0,0,0,0,0,0,0,0,0,0,0,0,0,0,0,0,0,0,0,0,0,0,0,0,0,0,0,0,0,0,0,0,0,0,0,0,0,0,0,0,0,0,0,0,0,0,0,0,0,0,0,0,0,0,0,0,0,0,0,0,0,0,0,0,0,0,0,0,0,0,0,0,0,0,0,0,0,0,0,0,0,0,0,0,0,0,0,0,0,0,0,0,0,0,-128,209,259,42,-76,-208,-305,-344,-326,-247,-132,-1,133,258,354,416,439,417,353,256,128,-25,-181,-330,-456,-550,-597,-593,-531,-418,-266,-82,126,331,513,656,756,794,760,666,516,307,72,-178,-420,-635,-807,-921,-975,-939,-830,-666,-437,-172,118,415,677,887,1047,1133,1129,1036,869,625,338,25,-305,-625,-891,-1092,-1232,-1290,-1235,-1085,-866,-573,-232,127,479,798,1063,1261,1377,1384,1292,1102,833,510,129,-259,-629,-960,-1213,-1400,-1473,-1438,-1304,-1079,-769,-403,-11,396,771,1079,1313,1463,1497,1419,1250,991,658,279,-118,-503,-845,-1129,-1337,-1442,-1443,-1349,-1158,-898,-571,-213,165,526,841,1112,1197,1392,1384,1291,1114,863,559,212,-148,-494,-810,-1065,-1252,-1358,-1371,-1299,-1138,-892,-587,-248,115,471,800,1077,1286,1402,1421,1347,1178,916,595,226,-158,-527,-867,-1137,-1332,-1432,-1424,-1311,-1118,-852,-515,-139,238,589,895,1139,1307,1379,1350,1232,1027,754,439,89,-263,-589,-877,-1101,-1246,-1303,-1281,-1164,-970,-705,-392,-52,295,625,905,1122,1265,1312,1264,1119,886,583,240,-135,-496,-820,-1086,-1258,-1327,-1290,-1146,-908,-594,-229,155,517,835,1078,1220,1246,1166,983,715,389,41,-296,-607,-844,-999,-1054,-1015,-886,-679,-421,-136,151,419,642,799,880,878,785,605,343,33,-290,-572,-754,-789,-693,14,86
28613,mtk,MTK 7916,2775745106,rx1-tx0,512,0,0,0,0,0,0,0,0,0,0,0,0,0,0,0,0,0,0,0,0,0,0,0,0,0,0,0,0,0,0,0,0,0,0,0,0,0,0,0,0,0,0,0,0,0,0,0,0,0,0,0,0,0,0,0,0,0,0,0,0,0,0,0,0,0,0,0,0,0,0,0,0,0,0,0,0,0,0,0,0,0,0,0,0,0,0,0,0,0,0,0,0,0,0,0,0,0,0,0,0,0,0,0,0,0,0,0,0,0,0,0,0,0,0,0,0,0,0,0,0,0,0,0,0,0,0,0,0,0,0,0,0,0,0,0,0,0,0,0,0,0,0,0,0,0,0,0,0,0,0,0,0,0,0,0,0,0,0,0,0,0,0,0,0,0,0,0,0,0,0,0,0,0,0,0,0,0,0,0,0,0,0,0,0,0,0,0,0,0,0,0,0,0,0,0,0,0,0,0,0,0,0,0,0,0,0,0,0,0,0,0,0,0,0,0,0,0,0,0,0,0,0,0,0,0,0,0,0,0,0,0,0,0,0,0,0,0,0,0,0,0,0,0,0,0,0,0,0,0,0,0,0,0,0,0,0,146,985,831,-59,6,92,169,208,202,161,96,19,-62,-147,-202,-240,-243,-218,-169,-105,-22,62,139,204,247,270,264,227,158,82,-2,-84,-161,-216,-250,-255,-237,-199,-142,-76,-16,59,116,158,181,194,182,163,134,81,47,11,-29,-57,-86,-88,-90,-96,-89,-88,-73,-52,-48,-50,-48,-37,-25,-20,4,27,41,67,95,122,143,162,169,163,145,107,53,-8,-75,-147,-215,-272,-309,-319,-303,-259,-186,-88,18,133,235,319,383,418,414,381,312,198,82,-38,-165,-278,-378,-439,-462,-455,-415,-330,-218,-92,42,183,293,384,451,483,474,428,351,247,127,-11,-144,-269,-144,-455,-491,-494,-459,-380,-275,-144,-1,133,263,370,443,482,476,436,364,257,132,9,-116,-231,-329,-397,-432,-424,-388,-324,-243,-125,-15,88,197,284,344,370,363,326,274,211,125,37,-58,-142,-208,-257,-281,-287,-268,-238,-188,-121,-55,17,83,143,188,210,210,207,188,151,93,43,3,-41,-79,-100,-125,-144,-140,-131,-113,-93,-75,-46,-16,10,27,49,72,91,109,119,114,108,96,76,44,1,-31,-61,-95,-121,-142,-153,-141,-113,-81,-41,9,60,109,139,158,167,152,118,71,24,-25,-76,-116,-140,-159,-151,-120,-76,-29,28,78,120,139,131,104,65,1048,1093,0,0,0,0,0,0,0,0,0,0,0,0,0,0,0,0,0,0,0,0,0,0,0,0,0,0,0,0,0,0,0,0,0,0,0,0,0,0,0,0,0,0,0,0,0,0,0,0,0,0,0,0,0,0,0,0,0,0,0,0,0,0,0,0,0,0,0,0,0,0,0,0,0,0,0,0,0,0,0,0,0,0,0,0,0,0,0,0,0,0,0,0,0,0,0,0,0,0,0,0,0,0,0,0,0,0,0,0,0,0,0,0,0,0,0,0,0,0,0,0,0,0,0,0,0,0,0,0,0,0,0,0,0,0,0,0,0,0,0,0,0,0,0,0,0,0,0,0,0,0,0,0,0,0,0,0,0,0,0,0,0,0,0,0,0,0,0,0,0,0,0,0,0,0,0,0,0,0,0,0,0,0,0,0,0,0,0,0,0,0,0,0,0,0,0,0,0,0,0,0,0,0,0,0,0,0,0,0,0,0,0,0,0,0,0,0,0,0,0,0,0,0,0,0,0,0,0,0,0,0,0,0,0,0,0,0,0,0,0,0,0,0,0,0,0,0,0,0,0,0,0,0,0,0,0,0,206,-458,-687,126,162,160,107,22,-70,-145,-198,-222,-223,-186,-124,-51,36,115,181,228,254,252,224,166,92,6,-76,-154,-218,-256,-271,-258,-215,-152,-80,6,83,150,200,221,229,220,180,136,83,25,-35,-74,-113,-133,-137,-145,-130,-112,-85,-59,-44,-19,-2,15,35,39,42,50,58,65,61,73,89,86,94,98,86,63,34,-1,-46,-92,-139,-189,-221,-242,-240,-227,-187,-122,-37,55,151,238,313,359,378,369,320,244,147,30,-89,-209,-320,-400,-434,-443,-417,-353,-269,-150,-21,101,231,340,415,465,480,447,379,287,173,43,-96,-221,-334,-417,-472,-486,-464,-413,147,-202,-65,67,204,322,416,476,489,467,415,323,205,64,-74,-199,-309,-396,-439,-452,-435,-389,-304,-198,-70,52,164,260,343,396,397,383,345,267,177,76,-29,-123,-204,-271,-318,-330,-324,-284,-231,-165,-87,-3,77,143,203,239,255,253,231,194,142,78,22,-32,-89,-142,-174,-179,-180,-167,-137,-105,-79,-41,-2,28,57,73,92,106,111,105,99,92,78,63,41,6,-25,-51,-77,-100,-121,-132,-126,-122,-97,-66,-29,12,60,96,127,153,161,155,124,82,41,-11,-67,-118,-146,-158,-159,-143,-109,-65,-11,48,100,130,149,153,128,84,25,-31,-73,-97,362,89
28614,mtk,MTK 7916,2775745106,rx1-tx1,512,0,0,0,0,0,0,0,0,0,0,0,0,0,0,0,0,0,0,0,0,0,0,0,0,0,0,0,0,0,0,0,0,0,0,0,0,0,0,0,0,0,0,0,0,0,0,0,0,0,0,0,0,0,0,0,0,0,0,0,0,0,0,0,0,0,0,0,0,0,0,0,0,0,0,0,0,0,0,0,0,0,0,0,0,0,0,0,0,0,0,0,0,0,0,0,0,0,0,0,0,0,0,0,0,0,0,0,0,0,0,0,0,0,0,0,0,0,0,0,0,0,0,0,0,0,0,0,0,0,0,0,0,0,0,0,0,0,0,0,0,0,0,0,0,0,0,0,0,0,0,0,0,0,0,0,0,0,0,0,0,0,0,0,0,0,0,0,0,0,0,0,0,0,0,0,0,0,0,0,0,0,0,0,0,0,0,0,0,0,0,0,0,0,0,0,0,0,0,0,0,0,0,0,0,0,0,0,0,0,0,0,0,0,0,0,0,0,0,0,0,0,0,0,0,0,0,0,0,0,0,0,0,0,0,0,0,0,0,0,0,0,0,0,0,0,0,0,0,0,0,0,0,0,0,0,0,-411,-389,-131,15,14,11,10,3,-8,-18,-25,-31,-32,-27,-18,-3,10,26,36,39,30,20,4,-18,-36,-42,-42,-31,-12,10,31,42,42,41,28,2,-26,-51,-60,-52,-38,-14,18,52,72,70,57,23,-19,-52,-74,-85,-75,-46,-5,45,82,98,89,56,7,-43,-82,-105,-109,-84,-31,32,85,116,118,91,39,-23,-83,-124,-133,-112,-63,-1,66,125,152,139,83,12,-64,-122,-156,-151,-110,-29,53,118,157,161,124,49,-46,-127,-176,-182,-147,-67,27,118,180,201,171,98,-1,-107,-187,-221,-201,-135,-28,83,175,227,222,164,66,-49,-160,-235,-249,-200,0,1,116,210,253,236,165,54,-66,-162,-223,-238,-197,-107,-4,93,168,202,189,138,57,-36,-115,-153,-156,-133,-85,-24,31,74,101,107,86,54,21,-7,-31,-43,-47,-46,-46,-47,-43,-28,-6,21,51,82,94,79,53,19,-29,-85,-125,-140,-124,-80,2,86,150,186,186,133,44,-59,-152,-220,-234,-195,-105,18,143,237,279,258,176,50,-92,-220,-305,-321,-261,-132,26,178,293,347,325,233,86,-83,-232,-328,-359,-321,-208,-51,113,253,338,345,276,150,-1,-143,-253,-308,-296,-213,-83,59,184,269,296,260,171,52,-82,-205,-284,-312,-297,-233,-139,-28,-939,-806,0,0,0,0,0,0,0,0,0,0,0,0,0,0,0,0,0,0,0,0,0,0,0,0,0,0,0,0,0,0,0,0,0,0,0,0,0,0,0,0,0,0,0,0,0,0,0,0,0,0,0,0,0,0,0,0,0,0,0,0,0,0,0,0,0,0,0,0,0,0,0,0,0,0,0,0,0,0,0,0,0,0,0,0,0,0,0,0,0,0,0,0,0,0,0,0,0,0,0,0,0,0,0,0,0,0,0,0,0,0,0,0,0,0,0,0,0,0,0,0,0,0,0,0,0,0,0,0,0,0,0,0,0,0,0,0,0,0,0,0,0,0,0,0,0,0,0,0,0,0,0,0,0,0,0,0,0,0,0,0,0,0,0,0,0,0,0,0,0,0,0,0,0,0,0,0,0,0,0,0,0,0,0,0,0,0,0,0,0,0,0,0,0,0,0,0,0,0,0,0,0,0,0,0,0,0,0,0,0,0,0,0,0,0,0,0,0,0,0,0,0,0,0,0,0,0,0,0,0,0,0,0,0,0,0,0,0,0,0,0,0,0,0,0,0,0,0,0,0,0,0,0,0,0,0,0,-92,977,1053,6,11,18,24,27,28,27,18,5,-6,-18,-31,-36,-33,-26,-13,6,23,31,36,35,25,7,-13,-31,-46,-49,-40,-18,4,30,49,58,49,32,4,-26,-47,-60,-64,-52,-18,19,48,66,74,63,34,-6,-46,-74,-93,-84,-48,-2,42,83,107,100,62,11,-42,-92,-120,-119,-88,-33,27,79,122,131,101,56,-4,-70,-118,-136,-129,-86,-11,68,126,157,148,97,20,-59,-125,-164,-162,-112,-37,46,124,175,179,141,64,-35,-124,-178,-193,-160,-88,15,113,181,206,183,110,13,-96,-181,-220,-209,-151,-53,62,165,233,236,180,82,-36,-150,0,-245,-218,-135,-22,93,184,235,231,177,84,-23,-132,-207,-228,-194,-125,-34,64,139,181,185,143,71,-8,-72,-115,-135,-122,-85,-44,2,43,64,72,68,53,40,32,8,-10,-28,-43,-54,-64,-72,-63,-36,4,52,89,112,113,93,47,-13,-84,-141,-161,-143,-96,-21,64,139,187,199,160,75,-43,-157,-237,-258,-222,-136,-16,124,239,297,284,211,91,-64,-211,-308,-339,-293,-184,-26,136,264,343,356,283,153,-12,-176,-306,-368,-344,-249,-107,54,202,296,323,281,182,45,-102,-225,-290,-291,-232,-122,14,144,245,296,293,238,137,13,-112,-210,-261,-274,422,648
28615,mtk,MTK 7916,2775745106,rx2-tx0,512,0,0,0,0,0,0,0,0,0,0,0,0,0,0,0,0,0,0,0,0,0,0,0,0,0,0,0,0,0,0,0,0,0,0,0,0,0,0,0,0,0,0,0,0,0,0,0,0,0,0,0,0,0,0,0,0,0,0,0,0,0,0,0,0,0,0,0,0,0,0,0,0,0,0,0,0,0,0,0,0,0,0,0,0,0,0,0,0,0,0,0,0,0,0,0,0,0,0,0,0,0,0,0,0,0,0,0,0,0,0,0,0,0,0,0,0,0,0,0,0,0,0,0,0,0,0,0,0,0,0,0,0,0,0,0,0,0,0,0,0,0,0,0,0,0,0,0,0,0,0,0,0,0,0,0,0,0,0,0,0,0,0,0,0,0,0,0,0,0,0,0,0,0,0,0,0,0,0,0,0,0,0,0,0,0,0,0,0,0,0,0,0,0,0,0,0,0,0,0,0,0,0,0,0,0,0,0,0,0,0,0,0,0,0,0,0,0,0,0,0,0,0,0,0,0,0,0,0,0,0,0,0,0,0,0,0,0,0,0,0,0,0,0,0,0,0,0,0,0,0,0,0,0,0,0,0,-136,-1109,-964,-24,-41,-55,-69,-79,-73,-56,-33,-5,23,55,79,92,85,69,36,-9,-62,-99,-118,-120,-102,-60,1,66,126,166,173,144,82,-1,-87,-161,-211,-222,-183,-100,6,119,214,271,267,205,96,-38,-171,-269,-309,-280,-188,-50,110,249,325,332,264,129,-45,-207,-322,-368,-328,-206,-34,147,305,392,383,277,104,-101,-282,-405,-430,-349,-182,36,251,405,463,411,259,38,-200,-392,-492,-475,-341,-127,119,347,498,528,425,222,-29,-274,-453,-523,-468,-304,-68,179,387,500,489,360,151,-97,-319,-454,-479,-391,-206,25,247,413,472,410,244,22,-200,-373,-450,-413,0,-82,147,337,442,438,329,140,-85,-294,-430,-460,-378,-209,13,232,398,461,423,284,80,-145,-339,-451,-460,-368,-193,31,245,404,472,437,301,97,-127,-319,-438,-464,-389,-229,-25,185,351,439,437,345,179,-25,-223,-368,-428,-398,-289,-124,63,227,344,391,351,238,83,-88,-236,-330,-354,-301,-184,-32,122,249,319,315,240,114,-27,-161,-261,-300,-270,-181,-56,85,203,270,273,214,109,-17,-141,-235,-275,-251,-173,-61,73,190,263,279,236,137,11,-117,-224,-282,-279,-216,-110,17,141,248,301,287,219,108,-23,-150,-251,-310,-317,-272,-183,-67,48,144,216,264,-1076,-1158,0,0,0,0,0,0,0,0,0,0,0,0,0,0,0,0,0,0,0,0,0,0,0,0,0,0,0,0,0,0,0,0,0,0,0,0,0,0,0,0,0,0,0,0,0,0,0,0,0,0,0,0,0,0,0,0,0,0,0,0,0,0,0,0,0,0,0,0,0,0,0,0,0,0,0,0,0,0,0,0,0,0,0,0,0,0,0,0,0,0,0,0,0,0,0,0,0,0,0,0,0,0,0,0,0,0,0,0,0,0,0,0,0,0,0,0,0,0,0,0,0,0,0,0,0,0,0,0,0,0,0,0,0,0,0,0,0,0,0,0,0,0,0,0,0,0,0,0,0,0,0,0,0,0,0,0,0,0,0,0,0,0,0,0,0,0,0,0,0,0,0,0,0,0,0,0,0,0,0,0,0,0,0,0,0,0,0,0,0,0,0,0,0,0,0,0,0,0,0,0,0,0,0,0,0,0,0,0,0,0,0,0,0,0,0,0,0,0,0,0,0,0,0,0,0,0,0,0,0,0,0,0,0,0,0,0,0,0,0,0,0,0,0,0,0,0,0,0,0,0,0,0,0,0,0,0,1335,382,664,49,44,36,20,-3,-29,-54,-70,-79,-79,-68,-44,-8,36,73,100,111,100,67,19,-36,-88,-128,-147,-138,-99,-41,37,114,171,195,182,133,52,-47,-142,-213,-247,-224,-153,-41,86,200,273,291,242,138,2,-142,-263,-325,-316,-234,-89,76,226,329,354,295,168,0,-176,-314,-383,-353,-245,-75,127,300,394,402,313,139,-71,-270,-403,-443,-377,-212,11,233,407,486,447,299,75,-167,-377,-494,-495,-383,-177,77,309,471,524,445,262,20,-228,-420,-515,-485,-337,-113,136,351,482,490,378,178,-65,-290,-440,-482,-401,-229,2,229,393,459,415,264,56,-162,0,-446,-431,-300,-98,119,308,433,454,361,178,-49,-264,-414,-466,-411,-254,-39,189,372,462,446,325,134,-87,-295,-434,-468,-402,-246,-31,190,368,464,460,353,162,-62,-262,-408,-468,-427,-294,-105,106,287,407,439,380,237,50,-143,-303,-395,-404,-332,-192,-17,157,296,367,355,275,136,-28,-186,-294,-337,-310,-223,-87,69,207,292,308,256,156,20,-120,-230,-283,-272,-200,-85,49,171,253,273,231,141,17,-112,-212,-266,-265,-204,-94,38,160,249,287,262,180,60,-75,-190,-267,-292,-262,-169,-39,98,211,286,308,270,184,69,-64,-183,-269,-321,-323,-276,-204,-109,-540,-235
28616,mtk,MTK 7916,2775745106,rx2-tx1,512,0,0,0,0,0,0,0,0,0,0,0,0,0,0,0,0,0,0,0,0,0,0,0,0,0,0,0,0,0,0,0,0,0,0,0,0,0,0,0,0,0,0,0,0,0,0,0,0,0,0,0,0,0,0,0,0,0,0,0,0,0,0,0,0,0,0,0,0,0,0,0,0,0,0,0,0,0,0,0,0,0,0,0,0,0,0,0,0,0,0,0,0,0,0,0,0,0,0,0,0,0,0,0,0,0,0,0,0,0,0,0,0,0,0,0,0,0,0,0,0,0,0,0,0,0,0,0,0,0,0,0,0,0,0,0,0,0,0,0,0,0,0,0,0,0,0,0,0,0,0,0,0,0,0,0,0,0,0,0,0,0,0,0,0,0,0,0,0,0,0,0,0,0,0,0,0,0,0,0,0,0,0,0,0,0,0,0,0,0,0,0,0,0,0,0,0,0,0,0,0,0,0,0,0,0,0,0,0,0,0,0,0,0,0,0,0,0,0,0,0,0,0,0,0,0,0,0,0,0,0,0,0,0,0,0,0,0,0,0,0,0,0,0,0,0,0,0,0,0,0,0,0,0,0,0,0,236,917,797,-23,-38,-56,-68,-75,-70,-51,-26,5,39,65,79,76,61,30,-5,-39,-62,-71,-63,-37,-1,35,64,74,67,42,2,-41,-69,-86,-80,-48,0,44,83,106,94,57,2,-56,-107,-138,-129,-83,-15,70,141,177,167,115,27,-73,-154,-208,-219,-165,-65,56,159,238,260,220,115,-32,-172,-269,-306,-275,-177,-22,150,283,347,328,230,73,-106,-268,-375,-398,-309,-139,63,251,377,415,359,211,10,-198,-361,-439,-405,-269,-67,146,326,427,427,316,135,-72,-267,-394,-414,-340,-187,14,208,346,404,347,207,28,-148,-293,-358,-329,-210,-44,130,265,324,295,0,43,-120,-251,-312,-292,-194,-40,123,253,319,290,190,43,-120,-255,-318,-296,-206,-62,103,245,328,319,230,89,-81,-231,-321,-335,-270,-137,34,194,300,329,277,159,9,-142,-251,-294,-267,-178,-34,101,203,255,242,162,54,-63,-156,-209,-205,-147,-57,44,124,162,156,108,30,-52,-120,-148,-132,-83,-8,70,128,148,128,71,-2,-74,-130,-156,-139,-82,0,76,132,159,148,96,21,-55,-117,-156,-157,-115,-44,31,98,147,157,125,68,-1,-70,-124,-149,-137,-92,-35,31,92,127,120,91,45,-13,-74,-116,-129,-114,-80,-23,36,91,127,143,136,107,54,879,950,0,0,0,0,0,0,0,0,0,0,0,0,0,0,0,0,0,0,0,0,0,0,0,0,0,0,0,0,0,0,0,0,0,0,0,0,0,0,0,0,0,0,0,0,0,0,0,0,0,0,0,0,0,0,0,0,0,0,0,0,0,0,0,0,0,0,0,0,0,0,0,0,0,0,0,0,0,0,0,0,0,0,0,0,0,0,0,0,0,0,0,0,0,0,0,0,0,0,0,0,0,0,0,0,0,0,0,0,0,0,0,0,0,0,0,0,0,0,0,0,0,0,0,0,0,0,0,0,0,0,0,0,0,0,0,0,0,0,0,0,0,0,0,0,0,0,0,0,0,0,0,0,0,0,0,0,0,0,0,0,0,0,0,0,0,0,0,0,0,0,0,0,0,0,0,0,0,0,0,0,0,0,0,0,0,0,0,0,0,0,0,0,0,0,0,0,0,0,0,0,0,0,0,0,0,0,0,0,0,0,0,0,0,0,0,0,0,0,0,0,0,0,0,0,0,0,0,0,0,0,0,0,0,0,0,0,0,0,0,0,0,0,0,0,0,0,0,0,0,0,0,0,0,0,0,0,-351,-325,-556,49,50,42,23,-3,-33,-60,-71,-74,-65,-45,-14,17,47,67,74,61,33,-4,-40,-64,-71,-67,-42,1,40,67,81,71,39,1,-47,-87,-102,-84,-50,-3,57,107,123,109,70,10,-60,-119,-152,-142,-90,-8,75,146,184,179,131,43,-62,-169,-240,-255,-194,-79,55,176,267,299,250,134,-7,-152,-273,-342,-320,-206,-40,134,283,368,367,272,100,-94,-267,-383,-400,-325,-173,28,225,374,430,379,234,40,-169,-344,-436,-416,-294,-102,114,299,409,423,332,158,-47,-237,-369,-408,-344,-203,-9,177,310,365,330,209,39,-138,-276,-341,-312,-209,-48,126,0,315,293,193,39,-122,-241,-302,-286,-189,-39,124,249,310,299,204,48,-121,-253,-327,-318,-225,-74,97,245,326,331,253,111,-51,-208,-311,-332,-269,-142,18,168,272,309,272,167,19,-125,-231,-280,-262,-176,-51,82,185,234,223,160,62,-45,-136,-186,-180,-126,-46,41,111,146,139,91,19,-54,-112,-146,-136,-80,-1,77,128,151,134,81,7,-78,-144,-157,-130,-79,-10,71,133,158,146,100,32,-47,-116,-151,-152,-121,-57,19,91,139,160,139,86,17,-49,-108,-140,-133,-95,-35,35,91,124,124,100,58,4,-59,-105,-133,-132,-101,-53,-2,50,94,126,413,170
28617,mtk,MTK 7916,2775775148,rx0-tx0,512,0,0,0,0,0,0,0,0,0,0,0,0,0,0,0,0,0,0,0,0,0,0,0,0,0,0,0,0,0,0,0,0,0,0,0,0,0,0,0,0,0,0,0,0,0,0,0,0,0,0,0,0,0,0,0,0,0,0,0,0,0,0,0,0,0,0,0,0,0,0,0,0,0,0,0,0,0,0,0,0,0,0,0,0,0,0,0,0,0,0,0,0,0,0,0,0,0,0,0,0,0,0,0,0,0,0,0,0,0,0,0,0,0,0,0,0,0,0,0,0,0,0,0,0,0,0,0,0,0,0,0,0,0,0,0,0,0,0,0,0,0,0,0,0,0,0,0,0,0,0,0,0,0,0,0,0,0,0,0,0,0,0,0,0,0,0,0,0,0,0,0,0,0,0,0,0,0,0,0,0,0,0,0,0,0,0,0,0,0,0,0,0,0,0,0,0,0,0,0,0,0,0,0,0,0,0,0,0,0,0,0,0,0,0,0,0,0,0,0,0,0,0,0,0,0,0,0,0,0,0,0,0,0,0,0,0,0,0,0,0,0,0,0,0,0,0,0,0,0,0,0,0,0,0,0,0,-273,-536,-709,-103,65,256,404,462,425,307,136,-66,-256,-415,-524,-562,-533,-438,-286,-94,131,343,525,658,724,706,602,423,180,-103,-386,-627,-819,-918,-912,-806,-606,-332,-9,310,609,855,1002,1039,974,810,566,261,-73,-405,-689,-918,-1067,-1105,-1038,-874,-624,-322,22,367,686,949,1121,1202,1164,1013,764,438,53,-332,-687,-998,-1217,-1312,-1284,-1124,-860,-507,-109,302,689,1007,1244,1353,1324,1164,902,553,141,-271,-643,-948,-1168,-1277,-1266,-1138,-900,-593,-231,146,485,783,1002,1120,1140,1067,899,661,369,54,-250,-537,-775,-933,-1017,-1021,-937,-782,-563,-294,-1,290,563,782,937,1018,1014,926,-1687,508,219,-80,-384,-656,-865,-1005,-1051,-1014,-885,-671,-409,-114,201,499,742,924,1029,1040,968,816,591,321,28,-276,-557,-782,-954,-1042,-1051,-983,-819,-588,-296,19,349,660,912,1097,1190,1174,1057,832,531,172,-208,-576,-906,-1153,-1293,-1322,-1216,-998,-686,-296,133,539,902,1189,1367,1410,1313,1092,757,346,-90,-526,-912,-1210,-1381,-1423,-1326,-1088,-747,-339,110,545,917,1208,1376,1404,1293,1037,681,260,-189,-622,-981,-1240,-1370,-1340,-1164,-868,-485,-44,392,773,1057,1224,1250,1136,897,564,169,-228,-590,-877,-1053,-1106,-1039,-850,-566,-216,159,516,816,1022,1087,981,724,337,-129,-565,-860,-937,15,-176,0,0,0,0,0,0,0,0,0,0,0,0,0,0,0,0,0,0,0,0,0,0,0,0,0,0,0,0,0,0,0,0,0,0,0,0,0,0,0,0,0,0,0,0,0,0,0,0,0,0,0,0,0,0,0,0,0,0,0,0,0,0,0,0,0,0,0,0,0,0,0,0,0,0,0,0,0,0,0,0,0,0,0,0,0,0,0,0,0,0,0,0,0,0,0,0,0,0,0,0,0,0,0,0,0,0,0,0,0,0,0,0,0,0,0,0,0,0,0,0,0,0,0,0,0,0,0,0,0,0,0,0,0,0,0,0,0,0,0,0,0,0,0,0,0,0,0,0,0,0,0,0,0,0,0,0,0,0,0,0,0,0,0,0,0,0,0,0,0,0,0,0,0,0,0,0,0,0,0,0,0,0,0,0,0,0,0,0,0,0,0,0,0,0,0,0,0,0,0,0,0,0,0,0,0,0,0,0,0,0,0,0,0,0,0,0,0,0,0,0,0,0,0,0,0,0,0,0,0,0,0,0,0,0,0,0,0,0,0,0,0,0,0,0,0,0,0,0,0,0,0,0,0,0,0,0,-1322,-1010,-900,314,368,323,178,-19,-223,-385,-487,-512,-457,-344,-174,19,216,400,533,621,633,561,430,234,1,-246,-477,-667,-793,-833,-770,-619,-389,-96,213,505,752,924,990,949,816,585,276,-54,-381,-668,-891,-1032,-1070,-996,-828,-589,-283,59,394,695,930,1087,1147,1102,954,702,386,23,-350,-692,-969,-1176,-1263,-1225,-1081,-832,-483,-92,320,696,1012,1236,1335,1315,1159,899,554,141,-287,-675,-997,-1232,-1336,-1303,-1147,-896,-569,-190,198,571,877,1094,1215,1209,1102,900,616,287,-47,-373,-663,-887,-1034,-1080,-1039,-920,-714,-458,-176,122,411,656,850,976,1016,979,855,659,410,124,-174,-463,-175,-907,-1014,-1043,-985,-830,-603,-317,-10,297,587,816,971,1050,1040,928,736,491,199,-106,-399,-657,-863,-991,-1041,-1013,-891,-700,-451,-153,145,444,708,922,1064,1115,1082,941,716,430,86,-270,-611,-908,-1126,-1245,-1249,-1144,-930,-619,-253,152,550,899,1171,1341,1372,1274,1063,738,339,-100,-528,-904,-1205,-1380,-1424,-1334,-1103,-764,-354,84,525,912,1202,1371,1415,1302,1070,732,312,-132,-566,-946,-1215,-1366,-1379,-1239,-972,-607,-164,288,697,1021,1238,1324,1250,1039,718,325,-98,-496,-833,-1072,-1180,-1151,-995,-730,-390,-15,354,681,920,1055,1061,939,696,354,-56,-469,-816,-1041,-1074,-883,-509,-106,-1138,-1119
28618,mtk,MTK 7916,2775775148,rx0-tx1,512,0,0,0,0,0,0,0,0,0,0,0,0,0,0,0,0,0,0,0,0,0,0,0,0,0,0,0,0,0,0,0,0,0,0,0,0,0,0,0,0,0,0,0,0,0,0,0,0,0,0,0,0,0,0,0,0,0,0,0,0,0,0,0,0,0,0,0,0,0,0,0,0,0,0,0,0,0,0,0,0,0,0,0,0,0,0,0,0,0,0,0,0,0,0,0,0,0,0,0,0,0,0,0,0,0,0,0,0,0,0,0,0,0,0,0,0,0,0,0,0,0,0,0,0,0,0,0,0,0,0,0,0,0,0,0,0,0,0,0,0,0,0,0,0,0,0,0,0,0,0,0,0,0,0,0,0,0,0,0,0,0,0,0,0,0,0,0,0,0,0,0,0,0,0,0,0,0,0,0,0,0,0,0,0,0,0,0,0,0,0,0,0,0,0,0,0,0,0,0,0,0,0,0,0,0,0,0,0,0,0,0,0,0,0,0,0,0,0,0,0,0,0,0,0,0,0,0,0,0,0,0,0,0,0,0,0,0,0,0,0,0,0,0,0,0,0,0,0,0,0,0,0,0,0,0,0,-730,-544,-594,-70,-190,-282,-303,-254,-142,1,146,270,351,389,374,304,197,59,-90,-241,-373,-465,-510,-497,-419,-288,-118,74,280,460,599,672,674,600,457,259,24,-229,-465,-655,-789,-842,-801,-676,-482,-232,56,345,615,824,949,995,936,786,540,236,-94,-414,-713,-950,-1096,-1137,-1070,-893,-625,-290,76,446,778,1034,1199,1263,1200,1013,725,367,-33,-435,-796,-1089,-1281,-1362,-1316,-1132,-840,-465,-44,384,787,1109,1334,1431,1392,1227,938,559,124,-322,-749,-1090,-1323,-1449,-1431,-1272,-1008,-641,-211,230,653,1011,1273,1414,1418,1290,1053,715,314,-111,-523,-884,-1163,-1333,-1380,-1299,-1110,-815,-455,-53,-546,712,1006,1205,1310,1293,1165,932,622,262,-129,-504,-829,-1092,-1254,-1309,-1251,-1079,-811,-467,-84,305,681,991,1220,1340,1341,1213,972,642,255,-162,-565,-911,-1181,-1342,-1379,-1281,-1066,-758,-382,24,432,795,1086,1272,1342,1287,1114,842,494,103,-291,-660,-957,-1169,-1274,-1260,-1133,-907,-600,-241,137,500,824,1075,1225,1260,1177,985,697,348,-39,-430,-773,-1045,-1221,-1271,-1194,-997,-699,-329,74,480,832,1091,1235,1253,1129,887,545,152,-250,-626,-928,-1117,-1171,-1096,-895,-596,-242,127,475,751,926,992,941,787,547,265,-46,-341,-586,-760,-838,-818,-697,-491,-206,117,421,662,790,753,558,296,-322,-400,0,0,0,0,0,0,0,0,0,0,0,0,0,0,0,0,0,0,0,0,0,0,0,0,0,0,0,0,0,0,0,0,0,0,0,0,0,0,0,0,0,0,0,0,0,0,0,0,0,0,0,0,0,0,0,0,0,0,0,0,0,0,0,0,0,0,0,0,0,0,0,0,0,0,0,0,0,0,0,0,0,0,0,0,0,0,0,0,0,0,0,0,0,0,0,0,0,0,0,0,0,0,0,0,0,0,0,0,0,0,0,0,0,0,0,0,0,0,0,0,0,0,0,0,0,0,0,0,0,0,0,0,0,0,0,0,0,0,0,0,0,0,0,0,0,0,0,0,0,0,0,0,0,0,0,0,0,0,0,0,0,0,0,0,0,0,0,0,0,0,0,0,0,0,0,0,0,0,0,0,0,0,0,0,0,0,0,0,0,0,0,0,0,0,0,0,0,0,0,0,0,0,0,0,0,0,0,0,0,0,0,0,0,0,0,0,0,0,0,0,0,0,0,0,0,0,0,0,0,0,0,0,0,0,0,0,0,0,0,0,0,0,0,0,0,0,0,0,0,0,0,0,0,0,0,0,-128,-280,-187,-215,-180,-69,76,213,314,354,333,254,137,3,-142,-271,-370,-430,-437,-394,-298,-161,2,180,351,486,567,597,556,445,278,67,-162,-380,-566,-695,-762,-743,-637,-464,-240,28,301,548,743,871,909,865,729,501,226,-85,-395,-673,-898,-1029,-1064,-1001,-839,-583,-265,82,428,749,997,1154,1199,1136,948,670,331,-52,-445,-797,-1073,-1250,-1312,-1251,-1068,-786,-422,-17,408,794,1107,1317,1400,1357,1179,885,511,81,-353,-765,-1107,-1342,-1450,-1426,-1261,-963,-596,-168,283,700,1048,1309,1434,1427,1290,1034,682,261,-178,-594,-951,-1222,-1376,-1404,-1299,-1082,-761,-376,41,440,802,1088,1276,1353,1197,1140,862,531,151,-245,-609,-922,-1149,-1281,-1303,-1199,-1006,-719,-371,16,406,758,1046,1237,1320,1295,1149,897,567,179,-227,-622,-953,-1203,-1348,-1370,-1255,-1030,-708,-323,98,507,859,1137,1307,1365,1294,1097,804,439,43,-360,-729,-1025,-1226,-1309,-1276,-1125,-875,-550,-171,216,580,887,1116,1241,1255,1153,949,655,302,-80,-453,-791,-1049,-1209,-1266,-1191,-1001,-712,-352,48,440,794,1069,1234,1273,1181,963,643,264,-151,-552,-883,-1121,-1224,-1198,-1041,-764,-405,-9,375,707,949,1072,1075,955,720,419,86,-244,-536,-750,-871,-896,-811,-640,-398,-114,181,450,670,809,824,711,484,160,-192,-478,-623,-500,-437
28619,mtk,MTK 7916,2775775148,rx1-tx0,512,0,0,0,0,0,0,0,0,0,0,0,0,0,0,0,0,0,0,0,0,0,0,0,0,0,0,0,0,0,0,0,0,0,0,0,0,0,0,0,0,0,0,0,0,0,0,0,0,0,0,0,0,0,0,0,0,0,0,0,0,0,0,0,0,0,0,0,0,0,0,0,0,0,0,0,0,0,0,0,0,0,0,0,0,0,0,0,0,0,0,0,0,0,0,0,0,0,0,0,0,0,0,0,0,0,0,0,0,0,0,0,0,0,0,0,0,0,0,0,0,0,0,0,0,0,0,0,0,0,0,0,0,0,0,0,0,0,0,0,0,0,0,0,0,0,0,0,0,0,0,0,0,0,0,0,0,0,0,0,0,0,0,0,0,0,0,0,0,0,0,0,0,0,0,0,0,0,0,0,0,0,0,0,0,0,0,0,0,0,0,0,0,0,0,0,0,0,0,0,0,0,0,0,0,0,0,0,0,0,0,0,0,0,0,0,0,0,0,0,0,0,0,0,0,0,0,0,0,0,0,0,0,0,0,0,0,0,0,0,0,0,0,0,0,0,0,0,0,0,0,0,0,0,0,0,0,146,294,461,164,155,84,-22,-130,-216,-250,-240,-183,-97,9,117,200,262,283,261,213,132,27,-76,-184,-258,-303,-314,-284,-213,-115,-5,102,197,265,304,300,266,199,108,24,-69,-161,-222,-254,-262,-244,-204,-148,-75,-6,58,117,158,189,183,169,154,119,82,37,-1,-37,-69,-100,-115,-134,-131,-126,-132,-135,-105,-71,-36,8,56,109,156,208,235,245,239,203,145,67,-35,-136,-233,-316,-377,-391,-369,-299,-192,-70,74,221,345,431,468,462,414,315,174,16,-140,-284,-412,-494,-518,-491,-418,-305,-149,23,177,326,446,501,522,491,411,292,141,-32,-191,-335,-444,-512,-144,-490,-399,-273,-120,49,213,351,464,519,520,479,381,249,95,-67,-226,-348,-439,-484,-475,-423,-330,-206,-58,80,216,320,385,419,410,362,279,169,59,-62,-172,-262,-320,-336,-337,-301,-239,-160,-62,28,110,181,240,274,283,265,216,159,95,13,-58,-113,-169,-206,-221,-215,-199,-169,-119,-59,-1,55,98,140,175,202,205,188,157,111,64,8,-61,-124,-173,-217,-242,-238,-212,-155,-91,-14,77,162,238,284,294,271,218,135,38,-70,-164,-245,-300,-315,-289,-229,-139,-30,79,175,249,289,299,262,185,92,-10,-122,-208,-276,-299,-266,-194,-92,32,156,237,252,-207,-44,0,0,0,0,0,0,0,0,0,0,0,0,0,0,0,0,0,0,0,0,0,0,0,0,0,0,0,0,0,0,0,0,0,0,0,0,0,0,0,0,0,0,0,0,0,0,0,0,0,0,0,0,0,0,0,0,0,0,0,0,0,0,0,0,0,0,0,0,0,0,0,0,0,0,0,0,0,0,0,0,0,0,0,0,0,0,0,0,0,0,0,0,0,0,0,0,0,0,0,0,0,0,0,0,0,0,0,0,0,0,0,0,0,0,0,0,0,0,0,0,0,0,0,0,0,0,0,0,0,0,0,0,0,0,0,0,0,0,0,0,0,0,0,0,0,0,0,0,0,0,0,0,0,0,0,0,0,0,0,0,0,0,0,0,0,0,0,0,0,0,0,0,0,0,0,0,0,0,0,0,0,0,0,0,0,0,0,0,0,0,0,0,0,0,0,0,0,0,0,0,0,0,0,0,0,0,0,0,0,0,0,0,0,0,0,0,0,0,0,0,0,0,0,0,0,0,0,0,0,0,0,0,0,0,0,0,0,0,0,0,0,0,0,0,0,0,0,0,0,0,0,0,0,0,0,0,206,909,850,-18,-110,-192,-223,-200,-123,-20,86,182,245,273,245,189,105,0,-96,-187,-263,-294,-296,-251,-172,-75,31,142,234,293,314,297,246,164,61,-44,-142,-228,-269,-282,-277,-233,-162,-85,-5,78,140,194,220,217,204,171,126,71,9,-33,-75,-107,-133,-148,-153,-141,-130,-100,-73,-45,-6,20,45,88,123,144,168,177,179,167,139,92,23,-42,-114,-189,-253,-305,-329,-307,-253,-177,-69,49,171,291,384,436,449,403,308,181,35,-113,-260,-390,-471,-500,-481,-417,-311,-162,5,168,310,431,507,520,492,419,290,138,-21,-186,-334,-444,-511,-526,-491,-409,-281,-129,147,202,343,446,510,528,484,399,271,104,-56,-221,-357,-455,-503,-506,-453,-345,-222,-65,83,223,341,420,450,440,392,299,184,53,-79,-195,-287,-348,-380,-377,-330,-259,-155,-57,39,137,215,275,307,303,281,233,165,84,1,-85,-154,-202,-245,-258,-233,-203,-158,-95,-29,38,92,142,181,199,201,185,161,126,84,36,-22,-75,-128,-171,-199,-216,-215,-187,-144,-92,-15,66,138,199,237,268,266,231,164,73,-23,-115,-204,-268,-303,-298,-256,-190,-93,13,123,216,287,318,299,251,169,71,-40,-149,-235,-277,-294,-271,-202,-115,5,126,218,276,288,232,128,17,902,934
28620,mtk,MTK 7916,2775775148,rx1-tx1,512,0,0,0,0,0,0,0,0,0,0,0,0,0,0,0,0,0,0,0,0,0,0,0,0,0,0,0,0,0,0,0,0,0,0,0,0,0,0,0,0,0,0,0,0,0,0,0,0,0,0,0,0,0,0,0,0,0,0,0,0,0,0,0,0,0,0,0,0,0,0,0,0,0,0,0,0,0,0,0,0,0,0,0,0,0,0,0,0,0,0,0,0,0,0,0,0,0,0,0,0,0,0,0,0,0,0,0,0,0,0,0,0,0,0,0,0,0,0,0,0,0,0,0,0,0,0,0,0,0,0,0,0,0,0,0,0,0,0,0,0,0,0,0,0,0,0,0,0,0,0,0,0,0,0,0,0,0,0,0,0,0,0,0,0,0,0,0,0,0,0,0,0,0,0,0,0,0,0,0,0,0,0,0,0,0,0,0,0,0,0,0,0,0,0,0,0,0,0,0,0,0,0,0,0,0,0,0,0,0,0,0,0,0,0,0,0,0,0,0,0,0,0,0,0,0,0,0,0,0,0,0,0,0,0,0,0,0,0,0,0,0,0,0,0,0,0,0,0,0,0,0,0,0,0,0,0,-411,-231,-126,11,21,30,39,44,47,45,35,18,-2,-23,-38,-47,-53,-48,-35,-20,1,26,48,60,64,57,38,13,-22,-55,-75,-81,-74,-55,-28,5,40,67,84,83,70,46,8,-36,-70,-85,-91,-80,-51,-9,31,61,84,90,73,47,15,-30,-71,-95,-90,-67,-34,7,50,80,95,88,58,15,-29,-66,-94,-103,-88,-54,-3,44,91,116,121,96,51,-6,-53,-98,-125,-126,-101,-42,18,73,121,146,129,87,31,-32,-90,-132,-144,-127,-80,-17,55,113,149,152,122,66,-3,-76,-133,-159,-153,-121,-64,13,86,147,176,172,135,63,-31,-107,-162,-186,0,-131,-58,26,106,165,188,181,139,67,-18,-87,-140,-167,-165,-133,-83,-17,49,103,129,133,123,91,42,-6,-45,-76,-99,-105,-96,-82,-55,-15,16,33,59,79,91,95,82,51,23,-16,-61,-104,-128,-133,-117,-75,-19,52,114,162,177,168,119,44,-47,-129,-191,-217,-200,-141,-53,51,146,222,259,229,151,51,-70,-186,-272,-307,-279,-192,-66,84,222,315,353,330,243,107,-58,-212,-330,-390,-381,-302,-165,0,158,293,375,392,339,228,81,-80,-222,-322,-358,-329,-243,-115,25,158,255,307,301,245,145,18,-107,-214,-288,-316,-293,-229,-144,-53,41,143,-441,-381,0,0,0,0,0,0,0,0,0,0,0,0,0,0,0,0,0,0,0,0,0,0,0,0,0,0,0,0,0,0,0,0,0,0,0,0,0,0,0,0,0,0,0,0,0,0,0,0,0,0,0,0,0,0,0,0,0,0,0,0,0,0,0,0,0,0,0,0,0,0,0,0,0,0,0,0,0,0,0,0,0,0,0,0,0,0,0,0,0,0,0,0,0,0,0,0,0,0,0,0,0,0,0,0,0,0,0,0,0,0,0,0,0,0,0,0,0,0,0,0,0,0,0,0,0,0,0,0,0,0,0,0,0,0,0,0,0,0,0,0,0,0,0,0,0,0,0,0,0,0,0,0,0,0,0,0,0,0,0,0,0,0,0,0,0,0,0,0,0,0,0,0,0,0,0,0,0,0,0,0,0,0,0,0,0,0,0,0,0,0,0,0,0,0,0,0,0,0,0,0,0,0,0,0,0,0,0,0,0,0,0,0,0,0,0,0,0,0,0,0,0,0,0,0,0,0,0,0,0,0,0,0,0,0,0,0,0,0,0,0,0,0,0,0,0,0,0,0,0,0,0,0,0,0,0,0,-92,494,542,-24,-26,-24,-13,-1,8,20,34,47,54,50,35,21,5,-19,-38,-50,-57,-51,-38,-16,11,37,56,67,70,59,34,2,-33,-64,-82,-82,-66,-41,-18,14,53,82,95,90,60,22,-16,-58,-86,-94,-89,-68,-34,7,50,85,97,87,61,24,-14,-54,-86,-95,-83,-54,-15,27,63,88,92,71,33,-9,-55,-89,-109,-101,-68,-22,30,77,109,124,113,77,25,-35,-92,-125,-135,-112,-69,-9,57,113,145,143,107,61,-5,-74,-128,-155,-145,-95,-40,25,92,145,164,141,90,26,-45,-108,-154,-169,-150,-94,-16,65,130,178,184,151,87,10,0,-141,-183,-191,-163,-100,-17,63,129,173,183,153,102,37,-34,-98,-140,-162,-151,-112,-59,-1,58,94,106,107,102,79,43,4,-23,-50,-77,-86,-80,-72,-55,-26,-1,17,45,80,99,105,102,73,23,-32,-85,-133,-157,-149,-120,-68,4,91,161,201,203,166,94,0,-96,-184,-238,-243,-195,-111,-2,113,216,271,279,230,124,-12,-144,-252,-317,-324,-265,-151,-8,137,271,361,380,322,204,52,-107,-252,-356,-393,-362,-272,-127,44,196,310,374,372,296,169,23,-120,-234,-308,-330,-283,-186,-63,65,183,267,305,284,218,125,6,-114,-212,-277,-304,-286,-237,238,327
28621,mtk,MTK 7916,2775775148,rx2-tx0,512,0,0,0,0,0,0,0,0,0,0,0,0,0,0,0,0,0,0,0,0,0,0,0,0,0,0,0,0,0,0,0,0,0,0,0,0,0,0,0,0,0,0,0,0,0,0,0,0,0,0,0,0,0,0,0,0,0,0,0,0,0,0,0,0,0,0,0,0,0,0,0,0,0,0,0,0,0,0,0,0,0,0,0,0,0,0,0,0,0,0,0,0,0,0,0,0,0,0,0,0,0,0,0,0,0,0,0,0,0,0,0,0,0,0,0,0,0,0,0,0,0,0,0,0,0,0,0,0,0,0,0,0,0,0,0,0,0,0,0,0,0,0,0,0,0,0,0,0,0,0,0,0,0,0,0,0,0,0,0,0,0,0,0,0,0,0,0,0,0,0,0,0,0,0,0,0,0,0,0,0,0,0,0,0,0,0,0,0,0,0,0,0,0,0,0,0,0,0,0,0,0,0,0,0,0,0,0,0,0,0,0,0,0,0,0,0,0,0,0,0,0,0,0,0,0,0,0,0,0,0,0,0,0,0,0,0,0,0,0,0,0,0,0,0,0,0,0,0,0,0,0,0,0,0,0,0,-136,88,233,51,57,57,51,39,22,-2,-31,-58,-77,-88,-89,-78,-57,-23,21,62,93,115,123,109,74,25,-32,-93,-145,-174,-179,-154,-98,-23,64,146,207,237,228,172,82,-26,-135,-225,-272,-281,-235,-143,-23,107,227,306,325,284,185,47,-106,-241,-331,-359,-317,-203,-48,115,260,355,381,333,212,43,-140,-297,-394,-409,-342,-204,-17,183,341,430,433,350,188,-22,-234,-397,-485,-475,-365,-178,51,266,427,510,493,371,174,-62,-290,-456,-529,-503,-371,-164,72,289,449,517,479,343,140,-92,-300,-441,-489,-436,-289,-90,125,316,438,467,399,245,43,-163,-337,-443,0,-359,-200,1,202,358,438,431,337,170,-35,-231,-377,-449,-429,-319,-147,52,248,392,454,431,323,148,-53,-238,-382,-455,-439,-338,-174,23,216,366,448,446,364,210,17,-171,-324,-427,-447,-389,-263,-88,99,262,382,434,406,303,157,-12,-182,-319,-393,-398,-329,-205,-49,106,239,327,355,321,229,96,-53,-183,-277,-323,-305,-227,-106,25,147,240,285,277,211,107,-13,-131,-223,-273,-268,-211,-109,6,121,216,270,273,224,130,12,-110,-214,-275,-288,-250,-165,-52,73,186,262,294,275,214,116,-7,-128,-226,-293,-313,-281,-213,-117,-1,112,202,264,297,297,261,-281,-162,0,0,0,0,0,0,0,0,0,0,0,0,0,0,0,0,0,0,0,0,0,0,0,0,0,0,0,0,0,0,0,0,0,0,0,0,0,0,0,0,0,0,0,0,0,0,0,0,0,0,0,0,0,0,0,0,0,0,0,0,0,0,0,0,0,0,0,0,0,0,0,0,0,0,0,0,0,0,0,0,0,0,0,0,0,0,0,0,0,0,0,0,0,0,0,0,0,0,0,0,0,0,0,0,0,0,0,0,0,0,0,0,0,0,0,0,0,0,0,0,0,0,0,0,0,0,0,0,0,0,0,0,0,0,0,0,0,0,0,0,0,0,0,0,0,0,0,0,0,0,0,0,0,0,0,0,0,0,0,0,0,0,0,0,0,0,0,0,0,0,0,0,0,0,0,0,0,0,0,0,0,0,0,0,0,0,0,0,0,0,0,0,0,0,0,0,0,0,0,0,0,0,0,0,0,0,0,0,0,0,0,0,0,0,0,0,0,0,0,0,0,0,0,0,0,0,0,0,0,0,0,0,0,0,0,0,0,0,0,0,0,0,0,0,0,0,0,0,0,0,0,0,0,0,0,0,1335,697,671,1,15,32,47,62,72,77,73,62,40,10,-21,-52,-78,-97,-106,-99,-72,-30,23,76,117,145,152,134,89,28,-46,-121,-177,-207,-206,-171,-102,-9,95,183,244,268,240,165,59,-64,-175,-263,-306,-292,-220,-104,35,166,273,338,332,256,126,-31,-182,-299,-365,-357,-275,-133,37,208,335,395,375,275,121,-63,-244,-379,-431,-396,-278,-98,109,300,429,466,418,282,75,-151,-343,-471,-507,-436,-272,-58,169,365,492,524,449,280,53,-180,-377,-501,-522,-436,-257,-31,197,380,488,497,400,224,2,-218,-382,-466,-455,-351,-173,38,239,389,456,429,313,130,0,-273,-406,-448,-397,-270,-87,122,305,420,448,387,246,55,-147,-318,-431,-453,-384,-240,-48,154,325,433,456,387,246,61,-138,-312,-429,-468,-412,-274,-95,97,275,403,455,423,311,147,-44,-226,-362,-435,-431,-349,-211,-35,145,296,387,415,370,260,108,-57,-214,-323,-369,-355,-278,-150,4,147,263,328,330,269,161,30,-103,-217,-286,-303,-261,-172,-52,81,195,265,282,250,168,53,-72,-181,-253,-281,-251,-170,-62,61,173,251,283,270,200,94,-30,-149,-241,-289,-284,-231,-139,-22,101,209,279,300,273,202,97,-21,-133,-231,-299,-322,-301,-250,-175,-86,5,100,635,671
28622,mtk,MTK 7916,2775775148,rx2-tx1,512,0,0,0,0,0,0,0,0,0,0,0,0,0,0,0,0,0,0,0,0,0,0,0,0,0,0,0,0,0,0,0,0,0,0,0,0,0,0,0,0,0,0,0,0,0,0,0,0,0,0,0,0,0,0,0,0,0,0,0,0,0,0,0,0,0,0,0,0,0,0,0,0,0,0,0,0,0,0,0,0,0,0,0,0,0,0,0,0,0,0,0,0,0,0,0,0,0,0,0,0,0,0,0,0,0,0,0,0,0,0,0,0,0,0,0,0,0,0,0,0,0,0,0,0,0,0,0,0,0,0,0,0,0,0,0,0,0,0,0,0,0,0,0,0,0,0,0,0,0,0,0,0,0,0,0,0,0,0,0,0,0,0,0,0,0,0,0,0,0,0,0,0,0,0,0,0,0,0,0,0,0,0,0,0,0,0,0,0,0,0,0,0,0,0,0,0,0,0,0,0,0,0,0,0,0,0,0,0,0,0,0,0,0,0,0,0,0,0,0,0,0,0,0,0,0,0,0,0,0,0,0,0,0,0,0,0,0,0,0,0,0,0,0,0,0,0,0,0,0,0,0,0,0,0,0,0,236,260,310,60,65,65,58,45,23,-8,-42,-66,-80,-82,-75,-52,-18,16,50,73,78,69,50,19,-18,-52,-69,-75,-69,-44,-7,36,74,91,87,66,31,-14,-60,-96,-110,-99,-66,-10,50,97,125,133,110,58,-22,-100,-154,-176,-163,-119,-43,55,157,218,230,189,114,5,-110,-208,-270,-280,-226,-121,14,154,263,325,324,252,123,-43,-203,-321,-375,-362,-265,-106,81,248,374,426,382,263,88,-108,-290,-407,-442,-383,-251,-59,143,317,431,452,379,231,36,-167,-326,-420,-429,-340,-187,0,190,329,392,378,282,126,-50,-212,-322,-356,-319,-211,-46,115,242,319,0,243,117,-39,-182,-282,-316,-274,-170,-30,119,245,317,316,242,110,-49,-199,-306,-345,-317,-214,-62,106,249,342,363,305,190,34,-134,-279,-356,-352,-277,-153,2,153,277,338,315,235,115,-24,-156,-256,-302,-283,-199,-77,48,155,226,244,203,127,36,-61,-143,-182,-175,-130,-57,23,97,141,146,119,63,-7,-77,-127,-145,-125,-74,-12,53,114,146,140,105,52,-21,-87,-125,-137,-123,-83,-26,40,101,141,143,121,75,18,-44,-99,-132,-135,-108,-61,-3,51,95,117,117,84,40,-3,-46,-86,-112,-112,-86,-45,7,63,106,133,132,113,82,42,-3,-50,77,147,0,0,0,0,0,0,0,0,0,0,0,0,0,0,0,0,0,0,0,0,0,0,0,0,0,0,0,0,0,0,0,0,0,0,0,0,0,0,0,0,0,0,0,0,0,0,0,0,0,0,0,0,0,0,0,0,0,0,0,0,0,0,0,0,0,0,0,0,0,0,0,0,0,0,0,0,0,0,0,0,0,0,0,0,0,0,0,0,0,0,0,0,0,0,0,0,0,0,0,0,0,0,0,0,0,0,0,0,0,0,0,0,0,0,0,0,0,0,0,0,0,0,0,0,0,0,0,0,0,0,0,0,0,0,0,0,0,0,0,0,0,0,0,0,0,0,0,0,0,0,0,0,0,0,0,0,0,0,0,0,0,0,0,0,0,0,0,0,0,0,0,0,0,0,0,0,0,0,0,0,0,0,0,0,0,0,0,0,0,0,0,0,0,0,0,0,0,0,0,0,0,0,0,0,0,0,0,0,0,0,0,0,0,0,0,0,0,0,0,0,0,0,0,0,0,0,0,0,0,0,0,0,0,0,0,0,0,0,0,0,0,0,0,0,0,0,0,0,0,0,0,0,0,0,0,0,-351,323,267,-1,8,27,47,64,74,79,73,52,24,-4,-32,-60,-81,-81,-65,-37,-2,33,60,74,74,64,42,4,-39,-73,-86,-80,-54,-17,25,66,87,97,87,55,2,-53,-100,-123,-119,-88,-31,32,89,137,153,128,78,1,-83,-155,-202,-206,-157,-76,27,137,224,264,249,181,57,-78,-199,-277,-306,-275,-190,-54,106,251,342,367,317,200,32,-146,-289,-383,-406,-340,-184,10,202,344,420,416,327,170,-25,-221,-372,-441,-423,-319,-152,53,247,384,441,411,295,120,-75,-257,-385,-421,-372,-250,-77,119,280,366,371,298,168,10,-153,-283,-346,-323,-229,-92,0,211,296,318,269,151,-11,-159,-263,-314,-302,-206,-67,85,228,317,332,277,165,8,-150,-279,-355,-349,-263,-123,39,197,320,366,337,241,94,-70,-218,-317,-347,-307,-208,-55,98,221,299,318,267,169,35,-100,-206,-265,-265,-211,-112,-3,106,181,208,192,138,54,-36,-110,-157,-162,-133,-69,15,88,129,140,116,66,2,-59,-112,-137,-137,-95,-34,34,91,131,140,119,65,-2,-66,-117,-150,-149,-109,-51,15,78,120,136,126,95,47,-20,-87,-118,-124,-115,-85,-36,23,78,110,113,97,66,11,-39,-76,-112,-131,-113,-76,-27,29,74,108,131,137,120,435,403
28623,mtk,MTK 7916,2775815503,rx0-tx0,512,0,0,0,0,0,0,0,0,0,0,0,0,0,0,0,0,0,0,0,0,0,0,0,0,0,0,0,0,0,0,0,0,0,0,0,0,0,0,0,0,0,0,0,0,0,0,0,0,0,0,0,0,0,0,0,0,0,0,0,0,0,0,0,0,0,0,0,0,0,0,0,0,0,0,0,0,0,0,0,0,0,0,0,0,0,0,0,0,0,0,0,0,0,0,0,0,0,0,0,0,0,0,0,0,0,0,0,0,0,0,0,0,0,0,0,0,0,0,0,0,0,0,0,0,0,0,0,0,0,0,0,0,0,0,0,0,0,0,0,0,0,0,0,0,0,0,0,0,0,0,0,0,0,0,0,0,0,0,0,0,0,0,0,0,0,0,0,0,0,0,0,0,0,0,0,0,0,0,0,0,0,0,0,0,0,0,0,0,0,0,0,0,0,0,0,0,0,0,0,0,0,0,0,0,0,0,0,0,0,0,0,0,0,0,0,0,0,0,0,0,0,0,0,0,0,0,0,0,0,0,0,0,0,0,0,0,0,0,0,0,0,0,0,0,0,0,0,0,0,0,0,0,0,0,0,0,-273,-536,-709,27,-74,-181,-265,-299,-284,-228,-142,-38,77,186,278,350,395,403,369,305,205,82,-57,-199,-334,-449,-527,-567,-555,-495,-385,-240,-61,128,305,465,594,678,694,660,583,451,289,104,-86,-268,-442,-580,-682,-738,-739,-695,-602,-475,-312,-128,66,258,451,612,733,811,833,799,711,575,395,185,-43,-268,-477,-667,-812,-888,-919,-881,-787,-633,-443,-228,10,247,465,655,796,883,913,882,792,652,477,267,47,-182,-383,-553,-693,-787,-836,-823,-760,-662,-520,-355,-178,21,208,375,519,631,715,757,756,713,634,518,375,205,26,-149,-324,-490,-628,-725,-785,-797,-770,-694,-1687,-409,-222,-27,176,380,557,700,802,865,877,829,738,595,425,223,2,-220,-422,-605,-764,-881,-942,-955,-919,-822,-674,-481,-258,-1,260,514,749,936,1081,1160,1172,1108,957,741,471,155,-179,-522,-831,-1083,-1281,-1389,-1400,-1314,-1134,-865,-531,-159,238,616,950,1219,1397,1485,1469,1341,1116,814,459,72,-325,-692,-1008,-1249,-1397,-1442,-1396,-1251,-1013,-710,-355,27,385,724,1019,1228,1355,1379,1301,1131,879,554,191,-181,-540,-850,-1093,-1252,-1301,-1251,-1105,-856,-552,-217,130,470,754,971,1102,1139,1083,946,729,458,159,-158,-454,-706,-905,-1027,-1055,-977,-789,-507,-146,246,617,878,977,905,15,-176,0,0,0,0,0,0,0,0,0,0,0,0,0,0,0,0,0,0,0,0,0,0,0,0,0,0,0,0,0,0,0,0,0,0,0,0,0,0,0,0,0,0,0,0,0,0,0,0,0,0,0,0,0,0,0,0,0,0,0,0,0,0,0,0,0,0,0,0,0,0,0,0,0,0,0,0,0,0,0,0,0,0,0,0,0,0,0,0,0,0,0,0,0,0,0,0,0,0,0,0,0,0,0,0,0,0,0,0,0,0,0,0,0,0,0,0,0,0,0,0,0,0,0,0,0,0,0,0,0,0,0,0,0,0,0,0,0,0,0,0,0,0,0,0,0,0,0,0,0,0,0,0,0,0,0,0,0,0,0,0,0,0,0,0,0,0,0,0,0,0,0,0,0,0,0,0,0,0,0,0,0,0,0,0,0,0,0,0,0,0,0,0,0,0,0,0,0,0,0,0,0,0,0,0,0,0,0,0,0,0,0,0,0,0,0,0,0,0,0,0,0,0,0,0,0,0,0,0,0,0,0,0,0,0,0,0,0,0,0,0,0,0,0,0,0,0,0,0,0,0,0,0,0,0,0,0,-1322,-1010,-900,-206,-226,-192,-107,6,124,221,294,337,342,309,239,148,37,-88,-204,-312,-402,-457,-479,-456,-394,-286,-150,10,182,341,483,582,641,642,591,492,347,163,-35,-221,-399,-552,-656,-709,-709,-665,-575,-445,-285,-100,93,287,458,600,704,760,773,748,664,527,354,159,-52,-268,-464,-638,-769,-851,-882,-847,-760,-620,-421,-207,27,260,480,672,807,901,929,894,804,657,463,243,5,-227,-444,-621,-757,-845,-883,-862,-780,-660,-498,-307,-98,112,297,469,614,712,773,787,751,678,567,429,265,85,-94,-266,-419,-549,-656,-732,-761,-754,-704,-611,-470,-316,-133,54,249,441,-175,721,803,840,829,769,657,507,323,120,-99,-306,-497,-663,-788,-873,-909,-887,-816,-700,-537,-337,-117,103,332,555,744,899,1000,1051,1037,967,825,625,380,97,-198,-499,-777,-1005,-1183,-1284,-1303,-1230,-1060,-825,-526,-176,194,559,889,1162,1346,1452,1456,1348,1142,854,504,122,-280,-663,-986,-1239,-1404,-1480,-1449,-1308,-1078,-772,-408,-34,343,698,1006,1234,1376,1407,1339,1199,958,651,299,-83,-446,-773,-1050,-1247,-1346,-1340,-1231,-1024,-745,-405,-35,320,657,934,1120,1220,1223,1116,920,658,349,24,-294,-582,-821,-978,-1059,-1051,-950,-776,-535,-235,97,429,726,952,1071,1053,870,546,142,-221,-1138,-1119
28624,mtk,MTK 7916,2775815503,rx0-tx1,512,0,0,0,0,0,0,0,0,0,0,0,0,0,0,0,0,0,0,0,0,0,0,0,0,0,0,0,0,0,0,0,0,0,0,0,0,0,0,0,0,0,0,0,0,0,0,0,0,0,0,0,0,0,0,0,0,0,0,0,0,0,0,0,0,0,0,0,0,0,0,0,0,0,0,0,0,0,0,0,0,0,0,0,0,0,0,0,0,0,0,0,0,0,0,0,0,0,0,0,0,0,0,0,0,0,0,0,0,0,0,0,0,0,0,0,0,0,0,0,0,0,0,0,0,0,0,0,0,0,0,0,0,0,0,0,0,0,0,0,0,0,0,0,0,0,0,0,0,0,0,0,0,0,0,0,0,0,0,0,0,0,0,0,0,0,0,0,0,0,0,0,0,0,0,0,0,0,0,0,0,0,0,0,0,0,0,0,0,0,0,0,0,0,0,0,0,0,0,0,0,0,0,0,0,0,0,0,0,0,0,0,0,0,0,0,0,0,0,0,0,0,0,0,0,0,0,0,0,0,0,0,0,0,0,0,0,0,0,0,0,0,0,0,0,0,0,0,0,0,0,0,0,0,0,0,0,-730,-544,-594,191,266,292,249,151,22,-113,-234,-326,-383,-404,-377,-314,-223,-102,27,166,298,406,496,540,543,500,409,278,112,-75,-263,-434,-585,-694,-744,-748,-689,-568,-396,-193,37,278,497,683,826,915,934,888,784,600,374,117,-156,-417,-668,-869,-1014,-1101,-1104,-1034,-883,-671,-413,-103,202,498,772,998,1159,1238,1246,1170,1001,768,475,149,-195,-535,-830,-1076,-1258,-1356,-1366,-1281,-1107,-852,-543,-204,168,521,845,1114,1303,1417,1431,1345,1173,928,611,255,-103,-465,-794,-1069,-1278,-1403,-1430,-1365,-1216,-982,-678,-341,18,373,692,976,1191,1326,1379,1343,1219,1023,755,455,124,-223,-542,-829,-546,-1219,-1305,-1311,-1242,-1095,-881,-619,-320,-4,319,616,879,1092,1237,1310,1302,1221,1056,828,547,232,-110,-445,-755,-1024,-1234,-1363,-1407,-1355,-1218,-1006,-719,-385,-25,345,689,991,1218,1365,1433,1409,1285,1075,798,471,111,-247,-586,-889,-1134,-1303,-1376,-1375,-1281,-1097,-847,-550,-213,130,469,774,1021,1204,1312,1340,1270,1119,895,610,284,-62,-400,-716,-991,-1182,-1302,-1328,-1254,-1095,-854,-551,-210,155,500,810,1060,1224,1293,1263,1130,913,624,287,-71,-417,-721,-954,-1105,-1158,-1120,-988,-774,-498,-194,110,392,630,813,917,943,889,765,583,346,76,-200,-463,-681,-832,-887,-829,-646,-360,-26,244,-322,-400,0,0,0,0,0,0,0,0,0,0,0,0,0,0,0,0,0,0,0,0,0,0,0,0,0,0,0,0,0,0,0,0,0,0,0,0,0,0,0,0,0,0,0,0,0,0,0,0,0,0,0,0,0,0,0,0,0,0,0,0,0,0,0,0,0,0,0,0,0,0,0,0,0,0,0,0,0,0,0,0,0,0,0,0,0,0,0,0,0,0,0,0,0,0,0,0,0,0,0,0,0,0,0,0,0,0,0,0,0,0,0,0,0,0,0,0,0,0,0,0,0,0,0,0,0,0,0,0,0,0,0,0,0,0,0,0,0,0,0,0,0,0,0,0,0,0,0,0,0,0,0,0,0,0,0,0,0,0,0,0,0,0,0,0,0,0,0,0,0,0,0,0,0,0,0,0,0,0,0,0,0,0,0,0,0,0,0,0,0,0,0,0,0,0,0,0,0,0,0,0,0,0,0,0,0,0,0,0,0,0,0,0,0,0,0,0,0,0,0,0,0,0,0,0,0,0,0,0,0,0,0,0,0,0,0,0,0,0,0,0,0,0,0,0,0,0,0,0,0,0,0,0,0,0,0,0,-128,-280,-187,143,50,-81,-212,-308,-355,-350,-294,-201,-88,40,172,283,376,439,459,452,392,303,178,22,-136,-298,-441,-554,-628,-653,-626,-546,-415,-233,-35,174,383,571,714,807,851,821,727,577,381,150,-108,-353,-591,-791,-929,-1017,-1026,-965,-831,-628,-385,-115,179,465,727,939,1093,1174,1167,1090,939,717,440,129,-195,-523,-816,-1045,-1218,-1303,-1311,-1222,-1045,-815,-514,-178,178,526,842,1103,1284,1393,1406,1319,1149,892,582,230,-140,-497,-822,-1106,-1315,-1423,-1440,-1361,-1193,-947,-650,-298,70,424,755,1036,1247,1375,1417,1357,1218,997,715,395,52,-294,-620,-908,-1134,-1278,-1353,-1331,-1226,-1058,1197,-530,-207,115,432,725,968,1150,1265,1307,1270,1148,967,720,439,120,-205,-528,-816,-1050,-1224,-1333,-1357,-1293,-1147,-931,-651,-320,31,395,723,1011,1234,1373,1432,1397,1268,1050,761,428,69,-298,-646,-948,-1184,-1344,-1417,-1390,-1285,-1098,-834,-513,-163,186,530,833,1075,1253,1344,1346,1266,1103,872,585,260,-83,-420,-724,-989,-1186,-1301,-1325,-1263,-1122,-891,-597,-265,91,436,751,1018,1205,1307,1311,1214,1034,767,444,92,-267,-603,-887,-1101,-1223,-1242,-1160,-981,-725,-418,-87,239,544,794,966,1047,1037,941,774,550,286,6,-266,-506,-697,-831,-888,-867,-761,-571,-313,-7,306,582,762,797,703,-500,-437
28625,mtk,MTK 7916,2775815503,rx1-tx0,512,0,0,0,0,0,0,0,0,0,0,0,0,0,0,0,0,0,0,0,0,0,0,0,0,0,0,0,0,0,0,0,0,0,0,0,0,0,0,0,0,0,0,0,0,0,0,0,0,0,0,0,0,0,0,0,0,0,0,0,0,0,0,0,0,0,0,0,0,0,0,0,0,0,0,0,0,0,0,0,0,0,0,0,0,0,0,0,0,0,0,0,0,0,0,0,0,0,0,0,0,0,0,0,0,0,0,0,0,0,0,0,0,0,0,0,0,0,0,0,0,0,0,0,0,0,0,0,0,0,0,0,0,0,0,0,0,0,0,0,0,0,0,0,0,0,0,0,0,0,0,0,0,0,0,0,0,0,0,0,0,0,0,0,0,0,0,0,0,0,0,0,0,0,0,0,0,0,0,0,0,0,0,0,0,0,0,0,0,0,0,0,0,0,0,0,0,0,0,0,0,0,0,0,0,0,0,0,0,0,0,0,0,0,0,0,0,0,0,0,0,0,0,0,0,0,0,0,0,0,0,0,0,0,0,0,0,0,0,0,0,0,0,0,0,0,0,0,0,0,0,0,0,0,0,0,0,146,294,461,-111,-72,0,85,150,192,203,181,130,64,-8,-84,-147,-194,-230,-235,-218,-178,-126,-58,23,106,172,224,262,266,252,208,148,77,-6,-78,-156,-213,-245,-262,-256,-233,-176,-114,-45,22,81,129,159,188,196,179,164,134,99,65,31,-9,-40,-68,-94,-108,-121,-129,-118,-115,-111,-95,-85,-66,-57,-38,-4,27,47,83,104,132,162,183,195,193,184,157,107,56,-10,-93,-165,-226,-282,-314,-322,-313,-279,-208,-124,-31,70,172,267,333,384,396,385,356,276,183,76,-39,-148,-250,-324,-387,-416,-413,-393,-336,-256,-155,-44,62,172,272,349,400,424,421,381,-144,232,128,14,-106,-212,-299,-370,-413,-430,-412,-356,-285,-192,-82,31,140,240,315,367,387,382,362,301,222,131,29,-68,-158,-235,-294,-331,-346,-326,-286,-230,-162,-90,0,82,156,210,243,281,283,257,222,175,118,57,-7,-69,-125,-162,-199,-206,-205,-191,-155,-118,-70,-22,11,49,93,123,131,135,121,104,96,78,58,35,21,7,-14,-33,-52,-66,-84,-99,-107,-112,-113,-105,-81,-58,-18,12,54,94,117,139,151,153,136,107,71,19,-36,-79,-126,-151,-173,-169,-148,-126,-85,-24,26,79,120,151,173,175,150,105,54,-1,-66,-125,-164,-164,-136,-95,-207,-44,0,0,0,0,0,0,0,0,0,0,0,0,0,0,0,0,0,0,0,0,0,0,0,0,0,0,0,0,0,0,0,0,0,0,0,0,0,0,0,0,0,0,0,0,0,0,0,0,0,0,0,0,0,0,0,0,0,0,0,0,0,0,0,0,0,0,0,0,0,0,0,0,0,0,0,0,0,0,0,0,0,0,0,0,0,0,0,0,0,0,0,0,0,0,0,0,0,0,0,0,0,0,0,0,0,0,0,0,0,0,0,0,0,0,0,0,0,0,0,0,0,0,0,0,0,0,0,0,0,0,0,0,0,0,0,0,0,0,0,0,0,0,0,0,0,0,0,0,0,0,0,0,0,0,0,0,0,0,0,0,0,0,0,0,0,0,0,0,0,0,0,0,0,0,0,0,0,0,0,0,0,0,0,0,0,0,0,0,0,0,0,0,0,0,0,0,0,0,0,0,0,0,0,0,0,0,0,0,0,0,0,0,0,0,0,0,0,0,0,0,0,0,0,0,0,0,0,0,0,0,0,0,0,0,0,0,0,0,0,0,0,0,0,0,0,0,0,0,0,0,0,0,0,0,0,0,206,909,850,78,135,171,166,119,50,-27,-103,-164,-202,-219,-205,-164,-114,-47,25,97,160,213,250,259,236,188,131,55,-28,-100,-172,-219,-261,-270,-255,-225,-162,-94,-20,54,122,180,213,232,230,213,178,139,88,23,-28,-67,-104,-132,-150,-162,-158,-140,-123,-102,-80,-55,-23,7,20,48,67,85,97,102,121,130,128,133,125,102,84,55,23,-17,-71,-120,-176,-219,-242,-267,-260,-226,-188,-127,-47,38,127,216,289,335,362,367,344,280,205,107,-4,-106,-214,-309,-369,-410,-416,-393,-336,-260,-170,-58,47,155,258,335,390,409,408,389,328,240,139,30,-83,-195,147,-365,-408,-428,-415,-371,-301,-211,-101,15,133,232,309,374,408,412,387,333,256,159,51,-47,-152,-242,-309,-353,-370,-359,-327,-271,-197,-112,-21,76,155,223,266,297,312,292,260,202,143,77,-8,-79,-142,-196,-232,-248,-247,-228,-192,-152,-95,-34,15,71,109,142,165,165,160,155,135,94,54,20,-14,-29,-48,-68,-81,-87,-89,-95,-94,-89,-82,-72,-58,-32,-6,19,43,71,94,116,129,130,129,105,76,44,5,-41,-89,-122,-152,-168,-163,-153,-123,-79,-29,29,72,114,160,175,173,156,122,80,31,-31,-90,-134,-162,-171,-164,-128,-64,8,70,106,902,934
28626,mtk,MTK 7916,2775815503,rx1-tx1,512,0,0,0,0,0,0,0,0,0,0,0,0,0,0,0,0,0,0,0,0,0,0,0,0,0,0,0,0,0,0,0,0,0,0,0,0,0,0,0,0,0,0,0,0,0,0,0,0,0,0,0,0,0,0,0,0,0,0,0,0,0,0,0,0,0,0,0,0,0,0,0,0,0,0,0,0,0,0,0,0,0,0,0,0,0,0,0,0,0,0,0,0,0,0,0,0,0,0,0,0,0,0,0,0,0,0,0,0,0,0,0,0,0,0,0,0,0,0,0,0,0,0,0,0,0,0,0,0,0,0,0,0,0,0,0,0,0,0,0,0,0,0,0,0,0,0,0,0,0,0,0,0,0,0,0,0,0,0,0,0,0,0,0,0,0,0,0,0,0,0,0,0,0,0,0,0,0,0,0,0,0,0,0,0,0,0,0,0,0,0,0,0,0,0,0,0,0,0,0,0,0,0,0,0,0,0,0,0,0,0,0,0,0,0,0,0,0,0,0,0,0,0,0,0,0,0,0,0,0,0,0,0,0,0,0,0,0,0,0,0,0,0,0,0,0,0,0,0,0,0,0,0,0,0,0,0,-411,-231,-126,2,-8,-19,-28,-37,-45,-45,-38,-25,-10,11,29,46,56,54,36,15,-10,-33,-54,-67,-64,-44,-15,17,48,71,76,67,41,8,-26,-56,-75,-77,-62,-32,8,43,68,82,76,50,13,-29,-60,-74,-70,-51,-20,16,43,60,60,46,18,-22,-50,-59,-56,-40,-8,26,54,66,63,39,1,-42,-74,-90,-85,-52,-2,46,80,98,98,69,12,-41,-83,-111,-112,-73,-16,39,80,111,109,75,24,-30,-81,-113,-112,-75,-20,41,93,124,122,82,20,-47,-104,-136,-134,-98,-29,46,117,154,154,120,56,-30,-108,-164,-179,-152,-89,-1,96,174,0,182,125,44,-50,-133,-184,-198,-163,-89,-1,83,152,190,181,133,63,-17,-92,-139,-157,-141,-94,-37,21,72,106,116,108,82,40,-9,-44,-72,-94,-94,-82,-64,-32,6,47,87,116,124,111,67,4,-66,-124,-155,-161,-131,-74,5,96,169,196,183,129,36,-72,-166,-230,-233,-176,-75,42,157,239,272,235,141,8,-135,-245,-306,-301,-217,-77,78,223,323,349,293,174,12,-158,-294,-361,-349,-260,-111,63,225,339,373,319,202,52,-112,-254,-332,-333,-266,-143,12,152,254,300,275,191,66,-68,-184,-255,-271,-231,-145,-32,94,205,271,291,267,209,120,-441,-381,0,0,0,0,0,0,0,0,0,0,0,0,0,0,0,0,0,0,0,0,0,0,0,0,0,0,0,0,0,0,0,0,0,0,0,0,0,0,0,0,0,0,0,0,0,0,0,0,0,0,0,0,0,0,0,0,0,0,0,0,0,0,0,0,0,0,0,0,0,0,0,0,0,0,0,0,0,0,0,0,0,0,0,0,0,0,0,0,0,0,0,0,0,0,0,0,0,0,0,0,0,0,0,0,0,0,0,0,0,0,0,0,0,0,0,0,0,0,0,0,0,0,0,0,0,0,0,0,0,0,0,0,0,0,0,0,0,0,0,0,0,0,0,0,0,0,0,0,0,0,0,0,0,0,0,0,0,0,0,0,0,0,0,0,0,0,0,0,0,0,0,0,0,0,0,0,0,0,0,0,0,0,0,0,0,0,0,0,0,0,0,0,0,0,0,0,0,0,0,0,0,0,0,0,0,0,0,0,0,0,0,0,0,0,0,0,0,0,0,0,0,0,0,0,0,0,0,0,0,0,0,0,0,0,0,0,0,0,0,0,0,0,0,0,0,0,0,0,0,0,0,0,0,0,0,0,-92,494,542,26,29,27,25,18,5,-12,-28,-39,-48,-49,-43,-28,-8,18,42,55,56,50,30,-3,-34,-54,-68,-71,-58,-28,6,41,62,70,69,55,23,-15,-52,-78,-86,-70,-40,-2,37,70,83,75,47,15,-16,-50,-75,-73,-49,-21,10,42,64,65,45,14,-21,-48,-68,-65,-42,-9,24,57,74,67,43,2,-47,-84,-96,-87,-61,-12,47,87,97,95,70,19,-41,-87,-108,-103,-71,-22,31,78,107,105,73,25,-29,-85,-122,-118,-82,-25,39,92,126,126,92,29,-44,-108,-149,-150,-108,-39,42,115,168,176,136,66,-22,-112,-173,-198,-178,-115,0,78,156,201,195,148,74,-18,-112,-175,-193,-172,-117,-33,54,125,164,168,134,78,12,-55,-109,-137,-136,-110,-65,-9,41,79,99,108,101,77,36,-8,-44,-71,-93,-109,-103,-72,-30,21,77,122,146,135,96,35,-39,-111,-160,-177,-155,-95,-4,90,166,212,216,156,55,-58,-161,-232,-250,-209,-114,14,142,242,287,264,174,40,-107,-238,-314,-320,-255,-124,44,201,316,356,322,216,59,-117,-268,-357,-370,-304,-170,6,173,300,351,331,244,102,-55,-196,-290,-312,-270,-171,-34,115,224,273,266,208,99,-31,-147,-238,-284,-275,-212,-114,2,111,187,237,238,327
28627,mtk,MTK 7916,2775815503,rx2-tx0,512,0,0,0,0,0,0,0,0,0,0,0,0,0,0,0,0,0,0,0,0,0,0,0,0,0,0,0,0,0,0,0,0,0,0,0,0,0,0,0,0,0,0,0,0,0,0,0,0,0,0,0,0,0,0,0,0,0,0,0,0,0,0,0,0,0,0,0,0,0,0,0,0,0,0,0,0,0,0,0,0,0,0,0,0,0,0,0,0,0,0,0,0,0,0,0,0,0,0,0,0,0,0,0,0,0,0,0,0,0,0,0,0,0,0,0,0,0,0,0,0,0,0,0,0,0,0,0,0,0,0,0,0,0,0,0,0,0,0,0,0,0,0,0,0,0,0,0,0,0,0,0,0,0,0,0,0,0,0,0,0,0,0,0,0,0,0,0,0,0,0,0,0,0,0,0,0,0,0,0,0,0,0,0,0,0,0,0,0,0,0,0,0,0,0,0,0,0,0,0,0,0,0,0,0,0,0,0,0,0,0,0,0,0,0,0,0,0,0,0,0,0,0,0,0,0,0,0,0,0,0,0,0,0,0,0,0,0,0,0,0,0,0,0,0,0,0,0,0,0,0,0,0,0,0,0,0,-136,88,233,-56,-62,-60,-51,-33,-9,18,46,73,88,86,73,46,7,-32,-70,-102,-114,-104,-71,-23,30,86,133,150,135,97,39,-37,-112,-169,-195,-182,-124,-37,65,158,220,233,195,115,1,-117,-215,-272,-265,-196,-81,56,186,274,305,262,151,4,-145,-264,-325,-302,-201,-53,114,255,335,331,249,101,-77,-244,-358,-375,-293,-137,56,240,369,412,354,200,-9,-220,-387,-454,-410,-263,-51,181,372,470,456,335,133,-110,-329,-464,-485,-390,-199,42,275,435,487,427,258,25,-209,-391,-474,-435,-293,-79,153,340,440,430,308,110,-110,-306,-421,-427,-324,-139,75,272,0,426,347,181,-32,-237,-382,-435,-376,-225,-20,193,355,430,404,279,81,-134,-316,-419,-423,-323,-144,68,265,401,439,376,229,30,-179,-355,-442,-425,-320,-141,71,259,388,433,384,247,60,-142,-310,-406,-413,-334,-184,8,193,331,391,371,274,122,-58,-222,-330,-367,-328,-213,-54,111,244,325,335,266,138,-11,-155,-261,-303,-279,-191,-61,82,201,273,280,226,115,-23,-149,-239,-272,-246,-163,-37,96,204,264,269,210,101,-35,-158,-250,-284,-254,-166,-44,86,199,271,281,227,127,3,-125,-227,-279,-278,-222,-116,15,138,240,300,306,265,183,81,-24,-116,-196,-281,-162,0,0,0,0,0,0,0,0,0,0,0,0,0,0,0,0,0,0,0,0,0,0,0,0,0,0,0,0,0,0,0,0,0,0,0,0,0,0,0,0,0,0,0,0,0,0,0,0,0,0,0,0,0,0,0,0,0,0,0,0,0,0,0,0,0,0,0,0,0,0,0,0,0,0,0,0,0,0,0,0,0,0,0,0,0,0,0,0,0,0,0,0,0,0,0,0,0,0,0,0,0,0,0,0,0,0,0,0,0,0,0,0,0,0,0,0,0,0,0,0,0,0,0,0,0,0,0,0,0,0,0,0,0,0,0,0,0,0,0,0,0,0,0,0,0,0,0,0,0,0,0,0,0,0,0,0,0,0,0,0,0,0,0,0,0,0,0,0,0,0,0,0,0,0,0,0,0,0,0,0,0,0,0,0,0,0,0,0,0,0,0,0,0,0,0,0,0,0,0,0,0,0,0,0,0,0,0,0,0,0,0,0,0,0,0,0,0,0,0,0,0,0,0,0,0,0,0,0,0,0,0,0,0,0,0,0,0,0,0,0,0,0,0,0,0,0,0,0,0,0,0,0,0,0,0,0,1335,697,671,5,-18,-36,-53,-68,-81,-81,-69,-46,-13,23,52,77,93,94,75,42,-4,-52,-92,-117,-125,-108,-62,4,71,124,163,175,144,76,-9,-96,-170,-211,-210,-166,-78,32,142,227,260,239,164,47,-88,-198,-269,-285,-230,-116,25,162,266,309,275,174,28,-132,-264,-333,-317,-227,-78,97,253,346,354,273,123,-67,-245,-363,-394,-327,-175,24,230,380,428,372,227,21,-200,-377,-466,-438,-303,-91,147,352,472,474,366,165,-81,-305,-456,-499,-416,-231,5,238,408,475,427,273,53,-176,-363,-460,-437,-301,-92,136,327,437,430,319,129,-93,-288,-409,-431,-343,0,54,251,388,431,361,200,-8,-214,-364,-428,-390,-250,-43,176,347,434,415,299,112,-102,-293,-414,-438,-357,-193,17,221,373,441,406,275,78,-133,-310,-421,-432,-346,-191,5,201,354,427,408,298,123,-76,-257,-377,-417,-369,-239,-63,117,275,372,378,308,176,8,-158,-286,-351,-337,-246,-99,64,207,296,320,272,166,23,-120,-236,-299,-285,-210,-93,44,174,260,285,240,138,9,-117,-219,-271,-257,-182,-66,64,182,261,275,227,129,3,-129,-234,-284,-269,-201,-91,43,168,255,289,260,176,55,-74,-189,-268,-297,-271,-194,-81,44,160,247,295,299,264,188,635,671
28628,mtk,MTK 7916,2775815503,rx2-tx1,512,0,0,0,0,0,0,0,0,0,0,0,0,0,0,0,0,0,0,0,0,0,0,0,0,0,0,0,0,0,0,0,0,0,0,0,0,0,0,0,0,0,0,0,0,0,0,0,0,0,0,0,0,0,0,0,0,0,0,0,0,0,0,0,0,0,0,0,0,0,0,0,0,0,0,0,0,0,0,0,0,0,0,0,0,0,0,0,0,0,0,0,0,0,0,0,0,0,0,0,0,0,0,0,0,0,0,0,0,0,0,0,0,0,0,0,0,0,0,0,0,0,0,0,0,0,0,0,0,0,0,0,0,0,0,0,0,0,0,0,0,0,0,0,0,0,0,0,0,0,0,0,0,0,0,0,0,0,0,0,0,0,0,0,0,0,0,0,0,0,0,0,0,0,0,0,0,0,0,0,0,0,0,0,0,0,0,0,0,0,0,0,0,0,0,0,0,0,0,0,0,0,0,0,0,0,0,0,0,0,0,0,0,0,0,0,0,0,0,0,0,0,0,0,0,0,0,0,0,0,0,0,0,0,0,0,0,0,0,0,0,0,0,0,0,0,0,0,0,0,0,0,0,0,0,0,0,236,260,310,-53,-62,-59,-48,-29,-2,27,53,70,74,63,37,5,-27,-57,-75,-70,-49,-18,15,48,74,78,57,19,-19,-56,-81,-86,-71,-33,15,59,94,104,81,38,-21,-81,-119,-126,-97,-43,22,92,136,147,121,58,-29,-107,-166,-185,-148,-71,31,132,206,237,204,114,-9,-135,-238,-277,-247,-150,-8,139,259,328,310,201,43,-136,-288,-373,-361,-259,-92,101,287,403,416,327,156,-53,-256,-403,-446,-373,-210,5,215,374,451,416,269,56,-167,-347,-441,-425,-305,-108,110,299,409,412,303,127,-75,-247,-364,-378,-298,-137,54,228,333,347,270,131,-39,-203,0,-325,-245,-100,63,205,294,306,234,95,-69,-219,-308,-314,-239,-95,82,229,319,321,237,96,-69,-225,-314,-326,-257,-120,57,211,311,333,271,141,-21,-180,-293,-323,-269,-151,2,150,253,288,254,160,26,-104,-207,-249,-225,-149,-35,82,164,200,189,124,30,-68,-142,-170,-148,-87,-5,74,128,148,126,63,-22,-100,-143,-145,-110,-49,29,108,154,156,115,47,-34,-100,-146,-154,-118,-57,15,87,131,142,121,74,1,-72,-120,-138,-124,-76,-13,53,105,131,125,92,30,-33,-84,-113,-119,-94,-46,23,79,112,123,112,73,21,-31,-84,-124,-138,-124,-92,77,147,0,0,0,0,0,0,0,0,0,0,0,0,0,0,0,0,0,0,0,0,0,0,0,0,0,0,0,0,0,0,0,0,0,0,0,0,0,0,0,0,0,0,0,0,0,0,0,0,0,0,0,0,0,0,0,0,0,0,0,0,0,0,0,0,0,0,0,0,0,0,0,0,0,0,0,0,0,0,0,0,0,0,0,0,0,0,0,0,0,0,0,0,0,0,0,0,0,0,0,0,0,0,0,0,0,0,0,0,0,0,0,0,0,0,0,0,0,0,0,0,0,0,0,0,0,0,0,0,0,0,0,0,0,0,0,0,0,0,0,0,0,0,0,0,0,0,0,0,0,0,0,0,0,0,0,0,0,0,0,0,0,0,0,0,0,0,0,0,0,0,0,0,0,0,0,0,0,0,0,0,0,0,0,0,0,0,0,0,0,0,0,0,0,0,0,0,0,0,0,0,0,0,0,0,0,0,0,0,0,0,0,0,0,0,0,0,0,0,0,0,0,0,0,0,0,0,0,0,0,0,0,0,0,0,0,0,0,0,0,0,0,0,0,0,0,0,0,0,0,0,0,0,0,0,0,0,-351,323,267,14,-14,-33,-51,-66,-72,-69,-56,-31,8,41,58,67,66,51,17,-22,-51,-65,-73,-61,-27,16,48,75,81,62,26,-17,-57,-87,-92,-71,-27,22,70,102,111,89,38,-22,-82,-127,-134,-110,-51,26,102,152,168,139,66,-35,-127,-196,-216,-178,-83,29,147,231,255,218,128,-8,-151,-262,-311,-282,-180,-28,135,281,358,342,235,66,-129,-292,-386,-384,-289,-128,72,268,406,437,355,184,-29,-243,-398,-447,-391,-242,-28,197,371,456,427,289,78,-146,-332,-430,-418,-306,-116,97,279,386,391,297,133,-58,-236,-346,-363,-284,-132,47,209,309,326,260,0,-66,-220,-309,-316,-241,-105,62,213,302,308,232,92,-76,-225,-318,-319,-231,-87,77,225,323,328,249,108,-63,-221,-317,-335,-271,-139,37,198,296,324,272,155,-6,-163,-274,-308,-264,-154,-12,129,232,276,250,163,33,-91,-188,-229,-207,-131,-33,71,152,188,164,103,23,-71,-136,-153,-128,-72,13,92,142,150,119,52,-32,-101,-148,-155,-121,-54,25,99,151,158,118,48,-24,-89,-138,-154,-124,-61,10,75,125,141,120,73,10,-62,-117,-137,-124,-85,-23,42,97,124,121,89,38,-21,-73,-109,-116,-94,-53,0,59,105,131,131,105,65,10,-35,-70,435,403
28629,mtk,MTK 7916,2775873744,rx0-tx0,512,0,0,0,0,0,0,0,0,0,0,0,0,0,0,0,0,0,0,0,0,0,0,0,0,0,0,0,0,0,0,0,0,0,0,0,0,0,0,0,0,0,0,0,0,0,0,0,0,0,0,0,0,0,0,0,0,0,0,0,0,0,0,0,0,0,0,0,0,0,0,0,0,0,0,0,0,0,0,0,0,0,0,0,0,0,0,0,0,0,0,0,0,0,0,0,0,0,0,0,0,0,0,0,0,0,0,0,0,0,0,0,0,0,0,0,0,0,0,0,0,0,0,0,0,0,0,0,0,0,0,0,0,0,0,0,0,0,0,0,0,0,0,0,0,0,0,0,0,0,0,0,0,0,0,0,0,0,0,0,0,0,0,0,0,0,0,0,0,0,0,0,0,0,0,0,0,0,0,0,0,0,0,0,0,0,0,0,0,0,0,0,0,0,0,0,0,0,0,0,0,0,0,0,0,0,0,0,0,0,0,0,0,0,0,0,0,0,0,0,0,0,0,0,0,0,0,0,0,0,0,0,0,0,0,0,0,0,0,0,0,0,0,0,0,0,0,0,0,0,0,0,0,0,0,0,0,-273,-536,-709,-5,131,267,350,355,285,157,0,-159,-291,-395,-446,-439,-377,-270,-129,35,208,367,490,566,582,519,405,236,16,-211,-426,-602,-713,-741,-689,-564,-373,-129,126,369,583,738,809,804,725,557,342,104,-165,-411,-610,-773,-860,-861,-795,-647,-435,-193,80,346,590,791,910,955,907,772,570,304,9,-292,-579,-817,-973,-1046,-1015,-883,-665,-391,-77,246,545,801,982,1055,1034,915,706,449,136,-176,-462,-709,-878,-965,-973,-885,-708,-486,-230,46,305,535,705,801,837,806,707,550,352,142,-77,-291,-473,-612,-706,-740,-719,-646,-520,-355,-166,34,234,415,572,688,741,736,-1687,554,383,188,-32,-254,-461,-615,-720,-780,-778,-705,-561,-382,-176,59,280,478,629,728,794,787,715,603,430,209,-33,-265,-493,-691,-837,-926,-933,-859,-714,-500,-228,73,387,688,927,1084,1156,1113,958,707,388,27,-349,-703,-992,-1190,-1263,-1232,-1074,-811,-459,-68,323,694,1002,1200,1291,1254,1099,845,502,115,-279,-643,-947,-1159,-1252,-1225,-1081,-838,-514,-140,234,596,889,1092,1199,1183,1046,811,491,117,-263,-617,-904,-1088,-1160,-1116,-949,-683,-344,20,375,680,905,1030,1039,934,732,456,142,-182,-478,-717,-881,-939,-896,-758,-524,-225,109,440,725,921,974,876,610,216,-207,-516,15,-176,0,0,0,0,0,0,0,0,0,0,0,0,0,0,0,0,0,0,0,0,0,0,0,0,0,0,0,0,0,0,0,0,0,0,0,0,0,0,0,0,0,0,0,0,0,0,0,0,0,0,0,0,0,0,0,0,0,0,0,0,0,0,0,0,0,0,0,0,0,0,0,0,0,0,0,0,0,0,0,0,0,0,0,0,0,0,0,0,0,0,0,0,0,0,0,0,0,0,0,0,0,0,0,0,0,0,0,0,0,0,0,0,0,0,0,0,0,0,0,0,0,0,0,0,0,0,0,0,0,0,0,0,0,0,0,0,0,0,0,0,0,0,0,0,0,0,0,0,0,0,0,0,0,0,0,0,0,0,0,0,0,0,0,0,0,0,0,0,0,0,0,0,0,0,0,0,0,0,0,0,0,0,0,0,0,0,0,0,0,0,0,0,0,0,0,0,0,0,0,0,0,0,0,0,0,0,0,0,0,0,0,0,0,0,0,0,0,0,0,0,0,0,0,0,0,0,0,0,0,0,0,0,0,0,0,0,0,0,0,0,0,0,0,0,0,0,0,0,0,0,0,0,0,0,0,0,-1322,-1010,-900,260,266,192,52,-112,-262,-365,-407,-382,-307,-191,-38,117,267,391,473,507,480,389,256,81,-121,-313,-476,-609,-669,-652,-559,-399,-183,63,302,518,687,782,787,714,566,346,94,-157,-402,-613,-751,-841,-843,-745,-589,-381,-128,130,382,610,776,873,902,845,717,507,247,-36,-324,-584,-800,-949,-1004,-964,-840,-626,-353,-48,279,574,815,979,1059,1029,910,708,425,113,-212,-517,-761,-941,-1030,-1012,-913,-721,-466,-180,120,412,646,808,903,915,845,708,509,280,44,-200,-418,-592,-709,-767,-770,-714,-597,-440,-252,-46,156,344,508,635,708,728,688,599,468,289,81,-130,-175,-518,-654,-740,-768,-736,-633,-470,-284,-66,160,378,558,682,767,789,741,642,479,290,77,-163,-369,-558,-716,-820,-853,-820,-730,-566,-361,-116,158,433,677,872,1002,1039,997,851,614,320,-21,-382,-707,-965,-1141,-1217,-1188,-1033,-774,-428,-50,339,701,1003,1204,1289,1254,1106,835,489,98,-304,-672,-982,-1193,-1281,-1245,-1088,-839,-509,-129,255,615,913,1128,1225,1208,1075,829,517,152,-233,-589,-886,-1098,-1194,-1162,-1016,-759,-425,-58,315,650,914,1071,1112,1032,844,572,244,-106,-431,-705,-891,-978,-957,-836,-629,-355,-43,264,546,772,906,937,844,637,320,-57,-437,-761,-926,-886,-690,-1138,-1119
28630,mtk,MTK 7916,2775873744,rx0-tx1,512,0,0,0,0,0,0,0,0,0,0,0,0,0,0,0,0,0,0,0,0,0,0,0,0,0,0,0,0,0,0,0,0,0,0,0,0,0,0,0,0,0,0,0,0,0,0,0,0,0,0,0,0,0,0,0,0,0,0,0,0,0,0,0,0,0,0,0,0,0,0,0,0,0,0,0,0,0,0,0,0,0,0,0,0,0,0,0,0,0,0,0,0,0,0,0,0,0,0,0,0,0,0,0,0,0,0,0,0,0,0,0,0,0,0,0,0,0,0,0,0,0,0,0,0,0,0,0,0,0,0,0,0,0,0,0,0,0,0,0,0,0,0,0,0,0,0,0,0,0,0,0,0,0,0,0,0,0,0,0,0,0,0,0,0,0,0,0,0,0,0,0,0,0,0,0,0,0,0,0,0,0,0,0,0,0,0,0,0,0,0,0,0,0,0,0,0,0,0,0,0,0,0,0,0,0,0,0,0,0,0,0,0,0,0,0,0,0,0,0,0,0,0,0,0,0,0,0,0,0,0,0,0,0,0,0,0,0,0,0,0,0,0,0,0,0,0,0,0,0,0,0,0,0,0,0,0,-730,-544,-594,-172,-275,-318,-274,-163,-5,158,292,382,419,395,313,193,44,-117,-272,-406,-496,-529,-507,-420,-278,-99,102,303,480,614,688,688,605,450,251,11,-236,-479,-670,-789,-844,-806,-689,-505,-256,27,309,573,805,948,995,959,826,601,317,-12,-341,-637,-897,-1073,-1145,-1113,-970,-732,-419,-61,308,662,952,1159,1269,1265,1130,884,555,172,-232,-627,-965,-1206,-1351,-1378,-1265,-1033,-708,-302,120,536,920,1210,1401,1451,1368,1172,853,453,17,-422,-839,-1163,-1383,-1481,-1434,-1257,-973,-593,-163,280,693,1045,1303,1434,1435,1304,1073,732,333,-89,-504,-864,-1151,-1334,-1394,-1334,-1163,-880,-526,-138,-546,643,962,1192,1331,1351,1250,1045,751,397,7,-380,-746,-1046,-1244,-1357,-1349,-1213,-979,-662,-274,126,533,911,1191,1367,1436,1367,1179,885,499,67,-367,-771,-1106,-1342,-1461,-1437,-1279,-1017,-666,-251,195,611,967,1241,1388,1421,1335,1122,810,428,11,-407,-777,-1080,-1286,-1373,-1338,-1197,-939,-596,-209,197,588,934,1200,1344,1371,1272,1050,736,343,-92,-510,-882,-1179,-1355,-1406,-1314,-1079,-749,-343,115,551,924,1212,1364,1369,1230,958,585,155,-286,-694,-1016,-1212,-1275,-1188,-971,-653,-269,135,503,801,993,1074,1025,862,614,306,-24,-342,-610,-807,-911,-902,-771,-545,-239,121,460,724,838,774,575,-322,-400,0,0,0,0,0,0,0,0,0,0,0,0,0,0,0,0,0,0,0,0,0,0,0,0,0,0,0,0,0,0,0,0,0,0,0,0,0,0,0,0,0,0,0,0,0,0,0,0,0,0,0,0,0,0,0,0,0,0,0,0,0,0,0,0,0,0,0,0,0,0,0,0,0,0,0,0,0,0,0,0,0,0,0,0,0,0,0,0,0,0,0,0,0,0,0,0,0,0,0,0,0,0,0,0,0,0,0,0,0,0,0,0,0,0,0,0,0,0,0,0,0,0,0,0,0,0,0,0,0,0,0,0,0,0,0,0,0,0,0,0,0,0,0,0,0,0,0,0,0,0,0,0,0,0,0,0,0,0,0,0,0,0,0,0,0,0,0,0,0,0,0,0,0,0,0,0,0,0,0,0,0,0,0,0,0,0,0,0,0,0,0,0,0,0,0,0,0,0,0,0,0,0,0,0,0,0,0,0,0,0,0,0,0,0,0,0,0,0,0,0,0,0,0,0,0,0,0,0,0,0,0,0,0,0,0,0,0,0,0,0,0,0,0,0,0,0,0,0,0,0,0,0,0,0,0,0,-128,-280,-187,-179,-92,59,214,330,384,358,271,141,-10,-167,-302,-403,-458,-458,-404,-298,-149,24,204,375,509,590,609,559,442,267,52,-177,-400,-578,-707,-768,-750,-651,-468,-243,12,287,532,738,874,922,879,762,558,278,-26,-334,-628,-860,-1015,-1078,-1031,-895,-668,-369,-26,324,657,933,1121,1205,1182,1047,806,488,121,-275,-656,-970,-1199,-1317,-1318,-1195,-950,-627,-244,175,588,940,1217,1378,1406,1325,1109,787,394,-52,-477,-874,-1198,-1398,-1463,-1409,-1218,-909,-528,-88,358,767,1106,1348,1466,1443,1290,1022,658,239,-198,-609,-960,-1236,-1386,-1421,-1321,-1112,-805,-434,-19,383,759,1066,1268,1365,1197,1212,956,639,265,-136,-520,-860,-1123,-1291,-1348,-1292,-1133,-858,-532,-153,253,642,972,1228,1366,1388,1306,1099,780,398,-22,-455,-832,-1154,-1376,-1465,-1420,-1242,-956,-591,-166,281,689,1033,1289,1431,1438,1307,1073,736,335,-81,-505,-873,-1163,-1343,-1401,-1335,-1149,-866,-507,-102,297,676,1002,1228,1342,1346,1226,1001,674,285,-125,-536,-897,-1172,-1350,-1389,-1295,-1086,-760,-358,80,519,899,1183,1365,1404,1287,1047,694,262,-187,-618,-980,-1230,-1343,-1309,-1133,-827,-439,-12,407,766,1028,1168,1166,1031,791,474,116,-245,-558,-795,-937,-971,-893,-715,-459,-150,184,490,731,885,904,772,502,142,-232,-493,-500,-437
28631,mtk,MTK 7916,2775873744,rx1-tx0,512,0,0,0,0,0,0,0,0,0,0,0,0,0,0,0,0,0,0,0,0,0,0,0,0,0,0,0,0,0,0,0,0,0,0,0,0,0,0,0,0,0,0,0,0,0,0,0,0,0,0,0,0,0,0,0,0,0,0,0,0,0,0,0,0,0,0,0,0,0,0,0,0,0,0,0,0,0,0,0,0,0,0,0,0,0,0,0,0,0,0,0,0,0,0,0,0,0,0,0,0,0,0,0,0,0,0,0,0,0,0,0,0,0,0,0,0,0,0,0,0,0,0,0,0,0,0,0,0,0,0,0,0,0,0,0,0,0,0,0,0,0,0,0,0,0,0,0,0,0,0,0,0,0,0,0,0,0,0,0,0,0,0,0,0,0,0,0,0,0,0,0,0,0,0,0,0,0,0,0,0,0,0,0,0,0,0,0,0,0,0,0,0,0,0,0,0,0,0,0,0,0,0,0,0,0,0,0,0,0,0,0,0,0,0,0,0,0,0,0,0,0,0,0,0,0,0,0,0,0,0,0,0,0,0,0,0,0,0,0,0,0,0,0,0,0,0,0,0,0,0,0,0,0,0,0,0,146,294,461,141,88,-9,-119,-205,-244,-237,-176,-88,8,112,196,249,273,249,193,112,12,-90,-187,-254,-289,-285,-252,-187,-90,17,120,202,255,284,268,234,175,92,0,-82,-153,-202,-228,-231,-210,-171,-115,-53,10,69,117,147,163,159,149,128,98,70,30,-10,-42,-64,-86,-107,-115,-116,-114,-105,-96,-71,-50,-39,-7,33,69,106,136,166,189,193,181,155,99,34,-44,-133,-207,-265,-313,-328,-302,-242,-143,-41,75,195,298,372,414,405,354,260,142,2,-133,-258,-364,-433,-450,-420,-359,-253,-132,11,150,276,377,451,466,434,365,264,130,-12,-152,-288,-384,-442,-144,-441,-375,-272,-136,8,152,288,391,458,469,434,367,248,111,-22,-157,-280,-379,-445,-442,-414,-339,-217,-97,30,161,261,339,390,399,373,298,204,89,-26,-132,-236,-305,-326,-344,-330,-263,-181,-97,3,100,185,255,286,300,290,251,182,98,13,-75,-149,-204,-241,-254,-239,-202,-149,-91,-26,38,93,147,179,195,194,176,151,105,63,7,-50,-102,-142,-174,-188,-188,-169,-141,-96,-36,29,98,149,188,217,210,184,132,67,3,-70,-145,-199,-222,-224,-195,-144,-77,-3,80,148,190,211,208,174,120,55,-25,-103,-160,-199,-203,-177,-120,-45,40,120,162,165,-207,-44,0,0,0,0,0,0,0,0,0,0,0,0,0,0,0,0,0,0,0,0,0,0,0,0,0,0,0,0,0,0,0,0,0,0,0,0,0,0,0,0,0,0,0,0,0,0,0,0,0,0,0,0,0,0,0,0,0,0,0,0,0,0,0,0,0,0,0,0,0,0,0,0,0,0,0,0,0,0,0,0,0,0,0,0,0,0,0,0,0,0,0,0,0,0,0,0,0,0,0,0,0,0,0,0,0,0,0,0,0,0,0,0,0,0,0,0,0,0,0,0,0,0,0,0,0,0,0,0,0,0,0,0,0,0,0,0,0,0,0,0,0,0,0,0,0,0,0,0,0,0,0,0,0,0,0,0,0,0,0,0,0,0,0,0,0,0,0,0,0,0,0,0,0,0,0,0,0,0,0,0,0,0,0,0,0,0,0,0,0,0,0,0,0,0,0,0,0,0,0,0,0,0,0,0,0,0,0,0,0,0,0,0,0,0,0,0,0,0,0,0,0,0,0,0,0,0,0,0,0,0,0,0,0,0,0,0,0,0,0,0,0,0,0,0,0,0,0,0,0,0,0,0,0,0,0,0,206,909,850,-88,-171,-211,-193,-119,-18,90,182,235,256,235,171,88,-8,-113,-195,-257,-283,-275,-224,-144,-40,67,157,236,282,295,271,211,136,39,-57,-143,-215,-258,-262,-241,-201,-138,-63,16,85,140,180,201,203,185,146,99,50,1,-43,-86,-108,-125,-133,-130,-117,-95,-80,-58,-30,-5,20,37,61,92,102,121,137,134,128,111,81,51,4,-47,-98,-160,-211,-239,-251,-234,-193,-130,-49,55,161,258,326,362,369,334,255,148,23,-110,-233,-336,-407,-436,-419,-360,-264,-137,9,141,270,373,437,458,432,362,262,129,-23,-161,-284,-380,-441,-457,-439,-373,-262,-134,147,155,282,386,453,470,446,376,267,133,-23,-161,-289,-393,-446,-456,-431,-350,-242,-102,37,152,282,367,406,427,390,313,217,92,-32,-151,-241,-320,-361,-367,-352,-290,-188,-85,7,117,212,265,305,325,306,260,182,95,11,-76,-164,-231,-267,-284,-271,-225,-165,-100,-21,52,122,176,212,227,214,190,153,96,40,-19,-71,-125,-158,-180,-193,-186,-163,-128,-78,-25,34,90,137,180,200,202,183,139,92,19,-54,-118,-173,-202,-216,-216,-179,-112,-42,37,111,172,207,222,209,168,108,34,-47,-120,-170,-202,-216,-186,-132,-62,22,95,155,191,194,151,72,-1,902,934
28632,mtk,MTK 7916,2775873744,rx1-tx1,512,0,0,0,0,0,0,0,0,0,0,0,0,0,0,0,0,0,0,0,0,0,0,0,0,0,0,0,0,0,0,0,0,0,0,0,0,0,0,0,0,0,0,0,0,0,0,0,0,0,0,0,0,0,0,0,0,0,0,0,0,0,0,0,0,0,0,0,0,0,0,0,0,0,0,0,0,0,0,0,0,0,0,0,0,0,0,0,0,0,0,0,0,0,0,0,0,0,0,0,0,0,0,0,0,0,0,0,0,0,0,0,0,0,0,0,0,0,0,0,0,0,0,0,0,0,0,0,0,0,0,0,0,0,0,0,0,0,0,0,0,0,0,0,0,0,0,0,0,0,0,0,0,0,0,0,0,0,0,0,0,0,0,0,0,0,0,0,0,0,0,0,0,0,0,0,0,0,0,0,0,0,0,0,0,0,0,0,0,0,0,0,0,0,0,0,0,0,0,0,0,0,0,0,0,0,0,0,0,0,0,0,0,0,0,0,0,0,0,0,0,0,0,0,0,0,0,0,0,0,0,0,0,0,0,0,0,0,0,0,0,0,0,0,0,0,0,0,0,0,0,0,0,0,0,0,0,-411,-231,-126,9,14,24,35,45,51,51,47,38,18,-6,-29,-48,-61,-67,-62,-49,-22,12,42,66,85,88,76,50,10,-33,-74,-105,-119,-104,-70,-32,17,71,110,130,127,96,46,-11,-74,-121,-143,-136,-107,-55,10,76,127,149,145,111,55,-14,-80,-134,-162,-150,-105,-34,38,104,151,173,153,102,25,-54,-121,-171,-182,-148,-86,-12,71,142,176,173,135,73,-4,-89,-156,-182,-170,-123,-51,34,115,169,182,159,103,21,-68,-142,-177,-173,-137,-67,23,109,168,186,167,115,38,-56,-140,-189,-200,-168,-97,-5,85,160,207,211,171,91,-8,-105,-183,-228,0,-172,-91,13,115,190,227,223,170,91,-1,-95,-172,-209,-213,-177,-108,-18,62,133,180,192,158,102,42,-19,-77,-117,-138,-143,-124,-82,-34,13,59,95,119,128,115,86,45,0,-44,-89,-122,-136,-137,-106,-61,-8,59,115,144,161,144,97,25,-52,-119,-170,-201,-186,-130,-42,55,148,211,237,217,152,44,-75,-183,-257,-284,-255,-179,-62,81,208,297,333,307,219,80,-77,-214,-320,-370,-347,-261,-126,32,184,306,375,373,300,180,31,-124,-252,-329,-346,-299,-199,-66,75,199,280,309,279,205,91,-39,-162,-254,-306,-306,-263,-177,-70,40,134,207,260,-441,-381,0,0,0,0,0,0,0,0,0,0,0,0,0,0,0,0,0,0,0,0,0,0,0,0,0,0,0,0,0,0,0,0,0,0,0,0,0,0,0,0,0,0,0,0,0,0,0,0,0,0,0,0,0,0,0,0,0,0,0,0,0,0,0,0,0,0,0,0,0,0,0,0,0,0,0,0,0,0,0,0,0,0,0,0,0,0,0,0,0,0,0,0,0,0,0,0,0,0,0,0,0,0,0,0,0,0,0,0,0,0,0,0,0,0,0,0,0,0,0,0,0,0,0,0,0,0,0,0,0,0,0,0,0,0,0,0,0,0,0,0,0,0,0,0,0,0,0,0,0,0,0,0,0,0,0,0,0,0,0,0,0,0,0,0,0,0,0,0,0,0,0,0,0,0,0,0,0,0,0,0,0,0,0,0,0,0,0,0,0,0,0,0,0,0,0,0,0,0,0,0,0,0,0,0,0,0,0,0,0,0,0,0,0,0,0,0,0,0,0,0,0,0,0,0,0,0,0,0,0,0,0,0,0,0,0,0,0,0,0,0,0,0,0,0,0,0,0,0,0,0,0,0,0,0,0,0,-92,494,542,-28,-33,-33,-28,-18,-7,9,27,45,54,57,55,45,22,-9,-37,-57,-73,-78,-69,-47,-14,22,59,92,108,101,73,41,-1,-55,-101,-122,-122,-103,-65,-16,37,87,124,136,122,84,21,-45,-100,-134,-149,-132,-88,-22,45,106,146,152,129,83,13,-64,-124,-157,-161,-131,-73,4,84,146,173,163,121,52,-27,-99,-152,-181,-167,-114,-42,42,122,176,191,162,99,19,-66,-134,-174,-179,-144,-75,11,90,150,181,168,114,39,-43,-118,-174,-191,-160,-91,-7,79,154,197,186,139,65,-28,-118,-177,-206,-189,-131,-46,51,142,208,234,204,133,38,0,-155,-213,-228,-204,-134,-30,74,150,201,224,208,155,65,-38,-124,-181,-204,-188,-147,-83,1,72,125,163,165,127,83,40,-13,-66,-105,-123,-128,-115,-79,-36,6,50,81,108,126,122,93,51,-3,-56,-100,-128,-142,-134,-101,-48,21,91,149,175,178,146,84,4,-83,-158,-210,-219,-177,-99,2,111,202,251,254,203,105,-14,-135,-239,-295,-299,-246,-135,9,152,265,335,348,294,179,26,-136,-272,-355,-374,-330,-226,-77,81,228,325,364,339,253,123,-23,-165,-276,-327,-316,-250,-140,-11,117,229,295,304,259,174,60,-65,-183,-268,-314,-319,-279,-218,-129,238,327
28633,mtk,MTK 7916,2775873744,rx2-tx0,512,0,0,0,0,0,0,0,0,0,0,0,0,0,0,0,0,0,0,0,0,0,0,0,0,0,0,0,0,0,0,0,0,0,0,0,0,0,0,0,0,0,0,0,0,0,0,0,0,0,0,0,0,0,0,0,0,0,0,0,0,0,0,0,0,0,0,0,0,0,0,0,0,0,0,0,0,0,0,0,0,0,0,0,0,0,0,0,0,0,0,0,0,0,0,0,0,0,0,0,0,0,0,0,0,0,0,0,0,0,0,0,0,0,0,0,0,0,0,0,0,0,0,0,0,0,0,0,0,0,0,0,0,0,0,0,0,0,0,0,0,0,0,0,0,0,0,0,0,0,0,0,0,0,0,0,0,0,0,0,0,0,0,0,0,0,0,0,0,0,0,0,0,0,0,0,0,0,0,0,0,0,0,0,0,0,0,0,0,0,0,0,0,0,0,0,0,0,0,0,0,0,0,0,0,0,0,0,0,0,0,0,0,0,0,0,0,0,0,0,0,0,0,0,0,0,0,0,0,0,0,0,0,0,0,0,0,0,0,0,0,0,0,0,0,0,0,0,0,0,0,0,0,0,0,0,0,-136,88,233,57,63,68,66,56,40,16,-8,-38,-64,-83,-92,-89,-71,-43,-4,38,78,107,122,122,100,57,0,-56,-108,-154,-177,-169,-130,-66,16,101,173,220,232,203,135,40,-68,-173,-250,-281,-260,-197,-86,47,170,259,310,310,238,113,-34,-174,-284,-339,-324,-244,-114,44,196,310,370,348,251,105,-64,-233,-354,-398,-358,-243,-78,109,281,397,427,366,226,41,-163,-338,-445,-457,-369,-211,-9,200,373,471,477,384,207,-14,-228,-395,-485,-478,-369,-184,35,242,404,480,454,334,148,-67,-265,-402,-450,-408,-282,-95,110,289,402,425,360,225,36,-162,-319,-407,0,-320,-167,16,196,339,407,386,281,115,-73,-241,-359,-411,-371,-257,-89,97,269,381,416,368,244,72,-109,-276,-397,-429,-373,-250,-82,107,274,391,428,392,283,121,-65,-235,-363,-425,-406,-315,-170,5,176,317,398,403,335,209,55,-104,-252,-350,-378,-343,-250,-112,41,182,287,337,329,258,139,0,-133,-242,-299,-306,-250,-149,-21,107,210,266,274,229,143,27,-90,-188,-249,-263,-221,-137,-25,88,185,245,257,218,136,26,-88,-187,-248,-267,-234,-159,-57,63,174,249,279,263,201,99,-17,-127,-223,-284,-295,-259,-186,-86,33,146,233,286,310,297,252,178,-281,-162,0,0,0,0,0,0,0,0,0,0,0,0,0,0,0,0,0,0,0,0,0,0,0,0,0,0,0,0,0,0,0,0,0,0,0,0,0,0,0,0,0,0,0,0,0,0,0,0,0,0,0,0,0,0,0,0,0,0,0,0,0,0,0,0,0,0,0,0,0,0,0,0,0,0,0,0,0,0,0,0,0,0,0,0,0,0,0,0,0,0,0,0,0,0,0,0,0,0,0,0,0,0,0,0,0,0,0,0,0,0,0,0,0,0,0,0,0,0,0,0,0,0,0,0,0,0,0,0,0,0,0,0,0,0,0,0,0,0,0,0,0,0,0,0,0,0,0,0,0,0,0,0,0,0,0,0,0,0,0,0,0,0,0,0,0,0,0,0,0,0,0,0,0,0,0,0,0,0,0,0,0,0,0,0,0,0,0,0,0,0,0,0,0,0,0,0,0,0,0,0,0,0,0,0,0,0,0,0,0,0,0,0,0,0,0,0,0,0,0,0,0,0,0,0,0,0,0,0,0,0,0,0,0,0,0,0,0,0,0,0,0,0,0,0,0,0,0,0,0,0,0,0,0,0,0,0,1335,697,671,-17,-2,13,33,51,66,78,82,75,56,30,1,-34,-69,-91,-102,-102,-86,-55,-7,44,88,123,146,144,117,68,0,-79,-145,-185,-203,-189,-135,-56,36,131,213,258,255,207,119,3,-117,-217,-286,-301,-255,-162,-35,103,226,309,331,287,183,43,-109,-244,-330,-350,-301,-183,-27,132,271,361,376,308,174,3,-173,-322,-407,-405,-310,-150,43,231,374,441,422,310,126,-84,-279,-424,-486,-443,-308,-111,108,310,450,499,441,293,87,-132,-326,-453,-489,-423,-265,-58,156,336,448,464,378,216,12,-190,-352,-437,-425,-326,-159,38,228,366,420,386,274,104,0,-258,-376,-409,-356,-229,-54,135,294,391,403,333,192,9,-178,-325,-404,-405,-323,-171,18,199,336,415,406,312,158,-25,-209,-349,-424,-420,-332,-184,-5,176,325,414,429,358,220,49,-127,-286,-391,-422,-377,-266,-111,61,221,338,391,378,300,166,8,-145,-271,-348,-360,-304,-193,-53,91,213,296,321,291,208,84,-52,-173,-259,-293,-268,-196,-89,37,152,229,266,254,188,84,-36,-146,-228,-260,-244,-178,-79,37,144,225,265,255,196,99,-17,-129,-218,-270,-271,-222,-131,-20,100,204,267,284,254,183,80,-38,-150,-237,-294,-308,-282,-217,-128,-29,65,141,206,635,671
28634,mtk,MTK 7916,2775873744,rx2-tx1,512,0,0,0,0,0,0,0,0,0,0,0,0,0,0,0,0,0,0,0,0,0,0,0,0,0,0,0,0,0,0,0,0,0,0,0,0,0,0,0,0,0,0,0,0,0,0,0,0,0,0,0,0,0,0,0,0,0,0,0,0,0,0,0,0,0,0,0,0,0,0,0,0,0,0,0,0,0,0,0,0,0,0,0,0,0,0,0,0,0,0,0,0,0,0,0,0,0,0,0,0,0,0,0,0,0,0,0,0,0,0,0,0,0,0,0,0,0,0,0,0,0,0,0,0,0,0,0,0,0,0,0,0,0,0,0,0,0,0,0,0,0,0,0,0,0,0,0,0,0,0,0,0,0,0,0,0,0,0,0,0,0,0,0,0,0,0,0,0,0,0,0,0,0,0,0,0,0,0,0,0,0,0,0,0,0,0,0,0,0,0,0,0,0,0,0,0,0,0,0,0,0,0,0,0,0,0,0,0,0,0,0,0,0,0,0,0,0,0,0,0,0,0,0,0,0,0,0,0,0,0,0,0,0,0,0,0,0,0,0,0,0,0,0,0,0,0,0,0,0,0,0,0,0,0,0,0,236,260,310,45,50,54,54,47,32,11,-12,-36,-53,-56,-55,-46,-30,-5,24,47,56,52,34,10,-13,-39,-57,-63,-50,-25,5,40,76,88,81,58,27,-14,-65,-102,-115,-101,-66,-7,57,115,143,141,111,52,-19,-92,-151,-188,-184,-133,-49,48,140,209,237,209,129,25,-92,-198,-269,-275,-227,-134,2,153,270,327,322,251,122,-35,-195,-324,-386,-367,-261,-98,84,256,381,423,375,255,74,-125,-288,-401,-437,-380,-240,-48,155,322,424,435,356,201,3,-192,-344,-421,-407,-315,-155,38,219,345,391,354,247,94,-80,-237,-334,-349,-286,-166,-13,143,269,325,0,207,76,-69,-194,-281,-300,-246,-134,11,153,263,308,279,194,57,-94,-223,-305,-320,-253,-131,11,149,272,338,328,237,87,-70,-212,-310,-331,-278,-179,-40,124,253,318,316,251,133,-10,-148,-245,-299,-294,-211,-83,43,160,237,250,215,138,34,-82,-174,-223,-208,-150,-70,21,111,166,175,155,93,9,-76,-136,-168,-159,-110,-39,40,109,152,159,131,79,7,-72,-133,-157,-151,-110,-46,26,93,140,152,132,90,24,-45,-100,-134,-146,-121,-73,-11,46,91,128,133,103,55,0,-53,-94,-115,-117,-88,-44,11,65,105,128,132,114,77,29,-19,-62,-104,77,147,0,0,0,0,0,0,0,0,0,0,0,0,0,0,0,0,0,0,0,0,0,0,0,0,0,0,0,0,0,0,0,0,0,0,0,0,0,0,0,0,0,0,0,0,0,0,0,0,0,0,0,0,0,0,0,0,0,0,0,0,0,0,0,0,0,0,0,0,0,0,0,0,0,0,0,0,0,0,0,0,0,0,0,0,0,0,0,0,0,0,0,0,0,0,0,0,0,0,0,0,0,0,0,0,0,0,0,0,0,0,0,0,0,0,0,0,0,0,0,0,0,0,0,0,0,0,0,0,0,0,0,0,0,0,0,0,0,0,0,0,0,0,0,0,0,0,0,0,0,0,0,0,0,0,0,0,0,0,0,0,0,0,0,0,0,0,0,0,0,0,0,0,0,0,0,0,0,0,0,0,0,0,0,0,0,0,0,0,0,0,0,0,0,0,0,0,0,0,0,0,0,0,0,0,0,0,0,0,0,0,0,0,0,0,0,0,0,0,0,0,0,0,0,0,0,0,0,0,0,0,0,0,0,0,0,0,0,0,0,0,0,0,0,0,0,0,0,0,0,0,0,0,0,0,0,0,-351,323,267,-22,-6,9,25,37,51,57,53,44,31,11,-15,-38,-52,-55,-49,-33,-11,15,38,52,49,36,18,-6,-38,-60,-70,-66,-43,-6,37,74,94,94,70,31,-15,-61,-102,-125,-125,-96,-41,34,105,146,160,144,94,11,-78,-154,-203,-205,-157,-85,16,130,215,251,245,184,73,-59,-182,-270,-310,-284,-196,-55,102,244,334,364,311,191,20,-150,-296,-385,-395,-319,-178,8,192,338,418,411,317,162,-30,-232,-384,-453,-425,-302,-122,70,258,394,442,393,267,89,-108,-279,-385,-412,-351,-213,-34,148,291,362,359,281,140,-32,-188,-297,-337,-302,-199,-48,0,231,293,286,212,91,-51,-180,-269,-303,-271,-157,-8,130,244,305,296,222,96,-67,-207,-297,-342,-309,-184,-27,120,250,330,331,263,140,-14,-171,-278,-330,-316,-239,-94,59,198,289,317,271,175,39,-103,-217,-268,-262,-209,-117,2,120,200,233,209,150,60,-46,-137,-187,-189,-155,-85,10,94,154,179,162,103,23,-57,-127,-167,-164,-119,-54,23,92,144,158,139,90,20,-54,-110,-144,-148,-117,-64,0,72,120,145,142,111,53,-13,-75,-121,-140,-132,-90,-34,25,81,116,127,111,73,25,-29,-78,-112,-125,-110,-72,-23,32,84,123,137,135,121,86,435,403
28635,mtk,MTK 7916,2775914018,rx0-tx0,512,0,0,0,0,0,0,0,0,0,0,0,0,0,0,0,0,0,0,0,0,0,0,0,0,0,0,0,0,0,0,0,0,0,0,0,0,0,0,0,0,0,0,0,0,0,0,0,0,0,0,0,0,0,0,0,0,0,0,0,0,0,0,0,0,0,0,0,0,0,0,0,0,0,0,0,0,0,0,0,0,0,0,0,0,0,0,0,0,0,0,0,0,0,0,0,0,0,0,0,0,0,0,0,0,0,0,0,0,0,0,0,0,0,0,0,0,0,0,0,0,0,0,0,0,0,0,0,0,0,0,0,0,0,0,0,0,0,0,0,0,0,0,0,0,0,0,0,0,0,0,0,0,0,0,0,0,0,0,0,0,0,0,0,0,0,0,0,0,0,0,0,0,0,0,0,0,0,0,0,0,0,0,0,0,0,0,0,0,0,0,0,0,0,0,0,0,0,0,0,0,0,0,0,0,0,0,0,0,0,0,0,0,0,0,0,0,0,0,0,0,0,0,0,0,0,0,0,0,0,0,0,0,0,0,0,0,0,0,0,0,0,0,0,0,0,0,0,0,0,0,0,0,0,0,0,0,-273,-536,-709,256,280,252,170,55,-72,-191,-291,-363,-407,-426,-404,-360,-292,-195,-82,38,163,290,406,498,574,618,617,581,506,389,245,81,-100,-276,-446,-589,-707,-790,-819,-807,-749,-642,-509,-349,-171,18,208,378,553,696,795,880,914,899,860,775,645,496,315,114,-92,-300,-507,-699,-852,-976,-1050,-1081,-1056,-980,-865,-693,-489,-274,-32,213,455,678,863,1013,1111,1153,1145,1080,963,797,599,386,146,-99,-332,-542,-720,-870,-981,-1034,-1045,-1019,-944,-833,-687,-516,-338,-146,36,215,387,541,673,774,847,888,891,866,808,729,621,489,337,180,6,-168,-334,-483,-629,-752,-845,-910,-1687,-927,-866,-782,-673,-535,-365,-182,5,197,389,559,713,839,931,987,1011,999,949,860,730,576,397,200,-19,-242,-462,-670,-855,-1019,-1144,-1230,-1251,-1219,-1137,-1005,-828,-597,-335,-47,253,543,814,1057,1255,1390,1465,1484,1424,1287,1095,848,554,235,-97,-435,-749,-1028,-1258,-1424,-1527,-1547,-1497,-1371,-1188,-950,-665,-347,-9,330,636,908,1146,1324,1438,1481,1445,1343,1175,950,683,390,71,-255,-556,-825,-1069,-1250,-1356,-1396,-1355,-1244,-1074,-843,-568,-261,59,370,652,886,1067,1194,1242,1215,1119,961,755,512,237,-46,-317,-570,-791,-957,-1080,-1126,-1100,-996,-810,-537,-195,182,553,853,1023,1029,15,-176,0,0,0,0,0,0,0,0,0,0,0,0,0,0,0,0,0,0,0,0,0,0,0,0,0,0,0,0,0,0,0,0,0,0,0,0,0,0,0,0,0,0,0,0,0,0,0,0,0,0,0,0,0,0,0,0,0,0,0,0,0,0,0,0,0,0,0,0,0,0,0,0,0,0,0,0,0,0,0,0,0,0,0,0,0,0,0,0,0,0,0,0,0,0,0,0,0,0,0,0,0,0,0,0,0,0,0,0,0,0,0,0,0,0,0,0,0,0,0,0,0,0,0,0,0,0,0,0,0,0,0,0,0,0,0,0,0,0,0,0,0,0,0,0,0,0,0,0,0,0,0,0,0,0,0,0,0,0,0,0,0,0,0,0,0,0,0,0,0,0,0,0,0,0,0,0,0,0,0,0,0,0,0,0,0,0,0,0,0,0,0,0,0,0,0,0,0,0,0,0,0,0,0,0,0,0,0,0,0,0,0,0,0,0,0,0,0,0,0,0,0,0,0,0,0,0,0,0,0,0,0,0,0,0,0,0,0,0,0,0,0,0,0,0,0,0,0,0,0,0,0,0,0,0,0,0,-1322,-1010,-900,32,-78,-202,-307,-365,-375,-342,-269,-173,-73,42,159,265,361,436,480,502,494,454,376,275,153,2,-148,-297,-444,-573,-670,-729,-741,-709,-630,-512,-372,-193,-6,185,371,536,676,784,843,862,834,785,699,551,393,220,20,-171,-354,-534,-689,-817,-924,-982,-992,-969,-893,-762,-604,-410,-196,28,267,485,694,878,1010,1099,1145,1126,1055,933,766,568,327,80,-176,-417,-639,-827,-966,-1069,-1126,-1126,-1067,-962,-823,-654,-449,-223,-6,207,404,580,729,840,913,950,947,913,848,744,614,471,316,153,-23,-197,-351,-496,-630,-738,-818,-869,-894,-880,-833,-758,-658,-519,-364,-196,-175,175,359,519,666,796,894,954,977,966,906,810,692,543,372,181,-17,-214,-406,-591,-758,-893,-1000,-1073,-1112,-1098,-1045,-942,-800,-615,-405,-167,92,345,603,837,1045,1208,1318,1377,1377,1304,1174,986,740,455,152,-168,-496,-788,-1049,-1266,-1425,-1516,-1538,-1487,-1354,-1163,-911,-617,-288,54,388,702,978,1211,1383,1494,1530,1479,1360,1192,960,680,367,47,-281,-586,-864,-1097,-1272,-1388,-1440,-1408,-1304,-1149,-934,-656,-355,-37,286,586,854,1075,1227,1316,1327,1266,1130,933,697,415,109,-193,-472,-715,-912,-1053,-1138,-1146,-1090,-976,-798,-577,-317,-28,273,566,832,1042,1160,1166,1028,757,377,26,-1138,-1119
28636,mtk,MTK 7916,2775914018,rx0-tx1,512,0,0,0,0,0,0,0,0,0,0,0,0,0,0,0,0,0,0,0,0,0,0,0,0,0,0,0,0,0,0,0,0,0,0,0,0,0,0,0,0,0,0,0,0,0,0,0,0,0,0,0,0,0,0,0,0,0,0,0,0,0,0,0,0,0,0,0,0,0,0,0,0,0,0,0,0,0,0,0,0,0,0,0,0,0,0,0,0,0,0,0,0,0,0,0,0,0,0,0,0,0,0,0,0,0,0,0,0,0,0,0,0,0,0,0,0,0,0,0,0,0,0,0,0,0,0,0,0,0,0,0,0,0,0,0,0,0,0,0,0,0,0,0,0,0,0,0,0,0,0,0,0,0,0,0,0,0,0,0,0,0,0,0,0,0,0,0,0,0,0,0,0,0,0,0,0,0,0,0,0,0,0,0,0,0,0,0,0,0,0,0,0,0,0,0,0,0,0,0,0,0,0,0,0,0,0,0,0,0,0,0,0,0,0,0,0,0,0,0,0,0,0,0,0,0,0,0,0,0,0,0,0,0,0,0,0,0,0,0,0,0,0,0,0,0,0,0,0,0,0,0,0,0,0,0,0,-730,-544,-594,-150,-79,40,167,276,352,380,369,321,249,159,45,-68,-182,-296,-387,-460,-507,-523,-510,-464,-385,-273,-141,3,160,317,464,588,681,734,747,725,661,557,410,246,64,-138,-338,-517,-679,-813,-907,-958,-972,-920,-823,-695,-525,-318,-93,147,382,601,807,976,1091,1157,1179,1135,1037,891,700,472,213,-57,-327,-590,-831,-1032,-1189,-1286,-1336,-1320,-1233,-1094,-907,-684,-415,-127,169,463,728,968,1170,1314,1403,1422,1375,1281,1115,891,629,347,42,-264,-551,-816,-1049,-1229,-1352,-1426,-1422,-1351,-1229,-1054,-832,-575,-295,0,282,556,806,1019,1187,1299,1347,1349,1293,1180,1026,818,582,333,-546,-216,-477,-706,-913,-1089,-1220,-1297,-1317,-1290,-1202,-1070,-902,-689,-453,-190,81,352,605,840,1050,1208,1316,1381,1382,1322,1202,1027,805,535,254,-43,-343,-622,-884,-1099,-1277,-1392,-1436,-1417,-1345,-1209,-1019,-783,-511,-226,72,363,644,888,1091,1235,1336,1381,1363,1279,1135,956,733,484,208,-74,-356,-618,-851,-1051,-1205,-1307,-1348,-1319,-1232,-1096,-905,-670,-396,-106,199,490,751,981,1158,1278,1336,1318,1230,1085,884,619,328,22,-287,-566,-815,-1019,-1159,-1226,-1217,-1140,-998,-798,-562,-293,-14,256,493,692,843,940,976,947,870,747,583,385,167,-63,-294,-512,-693,-826,-889,-871,-740,-518,-232,27,-322,-400,0,0,0,0,0,0,0,0,0,0,0,0,0,0,0,0,0,0,0,0,0,0,0,0,0,0,0,0,0,0,0,0,0,0,0,0,0,0,0,0,0,0,0,0,0,0,0,0,0,0,0,0,0,0,0,0,0,0,0,0,0,0,0,0,0,0,0,0,0,0,0,0,0,0,0,0,0,0,0,0,0,0,0,0,0,0,0,0,0,0,0,0,0,0,0,0,0,0,0,0,0,0,0,0,0,0,0,0,0,0,0,0,0,0,0,0,0,0,0,0,0,0,0,0,0,0,0,0,0,0,0,0,0,0,0,0,0,0,0,0,0,0,0,0,0,0,0,0,0,0,0,0,0,0,0,0,0,0,0,0,0,0,0,0,0,0,0,0,0,0,0,0,0,0,0,0,0,0,0,0,0,0,0,0,0,0,0,0,0,0,0,0,0,0,0,0,0,0,0,0,0,0,0,0,0,0,0,0,0,0,0,0,0,0,0,0,0,0,0,0,0,0,0,0,0,0,0,0,0,0,0,0,0,0,0,0,0,0,0,0,0,0,0,0,0,0,0,0,0,0,0,0,0,0,0,0,-128,-280,-187,191,270,311,293,227,120,-1,-121,-231,-320,-392,-431,-436,-420,-368,-289,-192,-73,55,188,318,437,536,601,634,632,591,512,403,257,84,-91,-265,-430,-583,-710,-799,-852,-859,-816,-736,-618,-455,-262,-63,154,379,574,754,904,1005,1063,1073,1025,939,797,612,388,151,-103,-366,-609,-830,-1018,-1156,-1235,-1260,-1231,-1144,-999,-803,-565,-304,-27,263,542,787,1005,1186,1319,1380,1381,1314,1190,1018,791,529,241,-65,-359,-648,-913,-1126,-1285,-1396,-1448,-1421,-1331,-1184,-984,-736,-467,-168,143,432,701,942,1144,1288,1370,1393,1357,1267,1122,933,697,433,151,-121,-402,-647,-873,-1066,-1204,-1303,1197,-1321,-1232,-1106,-943,-740,-501,-245,17,280,534,758,962,1131,1250,1318,1335,1294,1197,1058,867,636,384,111,-179,-465,-733,-973,-1171,-1319,-1403,-1438,-1396,-1296,-1136,-929,-682,-393,-89,208,497,770,1006,1199,1333,1402,1417,1366,1258,1092,873,626,356,67,-222,-501,-749,-965,-1138,-1260,-1331,-1343,-1296,-1186,-1031,-831,-598,-328,-39,251,524,772,992,1169,1286,1341,1333,1253,1116,921,675,402,103,-208,-499,-762,-998,-1173,-1275,-1310,-1265,-1151,-979,-751,-482,-188,109,389,651,860,1012,1098,1108,1055,943,781,579,347,105,-132,-352,-544,-706,-818,-884,-890,-841,-730,-561,-339,-78,204,474,672,772,756,-500,-437
28637,mtk,MTK 7916,2775914018,rx1-tx0,512,0,0,0,0,0,0,0,0,0,0,0,0,0,0,0,0,0,0,0,0,0,0,0,0,0,0,0,0,0,0,0,0,0,0,0,0,0,0,0,0,0,0,0,0,0,0,0,0,0,0,0,0,0,0,0,0,0,0,0,0,0,0,0,0,0,0,0,0,0,0,0,0,0,0,0,0,0,0,0,0,0,0,0,0,0,0,0,0,0,0,0,0,0,0,0,0,0,0,0,0,0,0,0,0,0,0,0,0,0,0,0,0,0,0,0,0,0,0,0,0,0,0,0,0,0,0,0,0,0,0,0,0,0,0,0,0,0,0,0,0,0,0,0,0,0,0,0,0,0,0,0,0,0,0,0,0,0,0,0,0,0,0,0,0,0,0,0,0,0,0,0,0,0,0,0,0,0,0,0,0,0,0,0,0,0,0,0,0,0,0,0,0,0,0,0,0,0,0,0,0,0,0,0,0,0,0,0,0,0,0,0,0,0,0,0,0,0,0,0,0,0,0,0,0,0,0,0,0,0,0,0,0,0,0,0,0,0,0,0,0,0,0,0,0,0,0,0,0,0,0,0,0,0,0,0,0,146,294,461,-108,-171,-206,-202,-159,-87,-6,78,155,213,252,267,261,240,189,123,51,-30,-108,-180,-236,-278,-307,-308,-292,-255,-198,-125,-46,39,118,182,241,283,304,306,281,255,206,143,87,25,-42,-106,-150,-187,-215,-226,-228,-223,-200,-182,-145,-107,-75,-29,-5,23,55,76,95,111,116,123,128,119,121,117,115,115,107,102,97,90,71,54,17,-29,-60,-105,-154,-193,-237,-270,-297,-298,-285,-263,-211,-147,-73,16,112,199,282,346,402,430,440,423,373,304,235,141,31,-72,-176,-271,-344,-406,-447,-467,-457,-428,-384,-312,-227,-138,-32,73,168,260,343,411,459,-144,476,448,402,336,256,153,40,-66,-164,-259,-336,-407,-462,-474,-471,-447,-389,-322,-237,-138,-41,67,170,253,318,368,408,417,408,385,340,275,205,128,33,-55,-132,-211,-275,-314,-348,-360,-345,-324,-293,-250,-194,-119,-54,10,76,143,195,238,270,288,295,275,245,210,168,113,58,1,-52,-96,-134,-171,-192,-211,-218,-206,-190,-171,-143,-115,-83,-38,0,34,74,113,140,164,188,193,190,179,162,131,96,63,12,-40,-87,-130,-166,-194,-206,-203,-196,-172,-137,-92,-38,22,76,118,157,176,191,191,177,153,103,49,-5,-66,-113,-156,-180,-179,-152,-105,-55,-207,-44,0,0,0,0,0,0,0,0,0,0,0,0,0,0,0,0,0,0,0,0,0,0,0,0,0,0,0,0,0,0,0,0,0,0,0,0,0,0,0,0,0,0,0,0,0,0,0,0,0,0,0,0,0,0,0,0,0,0,0,0,0,0,0,0,0,0,0,0,0,0,0,0,0,0,0,0,0,0,0,0,0,0,0,0,0,0,0,0,0,0,0,0,0,0,0,0,0,0,0,0,0,0,0,0,0,0,0,0,0,0,0,0,0,0,0,0,0,0,0,0,0,0,0,0,0,0,0,0,0,0,0,0,0,0,0,0,0,0,0,0,0,0,0,0,0,0,0,0,0,0,0,0,0,0,0,0,0,0,0,0,0,0,0,0,0,0,0,0,0,0,0,0,0,0,0,0,0,0,0,0,0,0,0,0,0,0,0,0,0,0,0,0,0,0,0,0,0,0,0,0,0,0,0,0,0,0,0,0,0,0,0,0,0,0,0,0,0,0,0,0,0,0,0,0,0,0,0,0,0,0,0,0,0,0,0,0,0,0,0,0,0,0,0,0,0,0,0,0,0,0,0,0,0,0,0,0,206,909,850,-119,-74,5,95,172,225,248,244,207,151,82,1,-71,-145,-212,-255,-285,-292,-277,-236,-179,-113,-38,44,125,198,258,300,321,324,294,255,207,134,59,-20,-86,-142,-203,-240,-262,-277,-269,-240,-207,-172,-121,-67,-15,34,74,107,139,157,177,179,164,158,145,122,100,77,58,47,19,-3,-15,-30,-37,-53,-70,-84,-101,-121,-142,-164,-191,-201,-197,-200,-172,-150,-119,-66,-8,73,144,216,282,325,364,384,373,345,297,232,145,50,-45,-146,-246,-319,-381,-439,-456,-450,-424,-368,-308,-228,-136,-31,82,177,271,350,400,443,465,461,436,392,328,243,145,147,-66,-171,-267,-346,-413,-461,-481,-476,-450,-399,-330,-251,-145,-36,64,171,265,341,401,431,446,451,420,371,302,221,126,27,-61,-150,-230,-297,-340,-382,-400,-386,-359,-317,-258,-191,-125,-37,37,103,167,225,274,306,312,315,304,276,233,183,123,65,-5,-74,-129,-172,-214,-239,-250,-251,-241,-213,-185,-149,-106,-67,-19,29,68,108,139,156,178,192,188,185,181,155,123,95,55,12,-31,-73,-112,-151,-169,-194,-206,-200,-182,-155,-123,-81,-30,21,73,123,161,184,204,206,191,167,123,76,24,-31,-75,-122,-160,-182,-198,-189,-159,-111,-52,16,76,122,149,902,934
28638,mtk,MTK 7916,2775914018,rx1-tx1,512,0,0,0,0,0,0,0,0,0,0,0,0,0,0,0,0,0,0,0,0,0,0,0,0,0,0,0,0,0,0,0,0,0,0,0,0,0,0,0,0,0,0,0,0,0,0,0,0,0,0,0,0,0,0,0,0,0,0,0,0,0,0,0,0,0,0,0,0,0,0,0,0,0,0,0,0,0,0,0,0,0,0,0,0,0,0,0,0,0,0,0,0,0,0,0,0,0,0,0,0,0,0,0,0,0,0,0,0,0,0,0,0,0,0,0,0,0,0,0,0,0,0,0,0,0,0,0,0,0,0,0,0,0,0,0,0,0,0,0,0,0,0,0,0,0,0,0,0,0,0,0,0,0,0,0,0,0,0,0,0,0,0,0,0,0,0,0,0,0,0,0,0,0,0,0,0,0,0,0,0,0,0,0,0,0,0,0,0,0,0,0,0,0,0,0,0,0,0,0,0,0,0,0,0,0,0,0,0,0,0,0,0,0,0,0,0,0,0,0,0,0,0,0,0,0,0,0,0,0,0,0,0,0,0,0,0,0,0,0,0,0,0,0,0,0,0,0,0,0,0,0,0,0,0,0,0,-411,-231,-126,-17,-20,-18,-10,2,12,20,28,37,35,26,10,-5,-20,-37,-44,-40,-29,-11,11,32,48,51,38,14,-12,-41,-58,-60,-49,-25,11,39,60,76,70,38,-4,-47,-75,-85,-76,-44,4,47,74,82,67,37,-11,-57,-82,-76,-60,-24,22,59,80,78,49,5,-34,-71,-85,-68,-31,10,54,83,81,56,14,-36,-77,-90,-72,-35,12,56,86,96,70,19,-35,-72,-92,-86,-48,13,63,84,80,57,11,-46,-94,-107,-82,-28,29,79,113,107,58,-9,-74,-119,-129,-100,-35,39,106,150,144,92,19,-63,-139,-180,-165,-92,9,108,172,185,0,86,-22,-131,-197,-209,-160,-71,38,136,202,211,165,71,-43,-136,-191,-200,-162,-79,28,121,175,182,153,90,-5,-96,-149,-164,-143,-91,-22,51,115,146,138,105,54,-17,-83,-130,-147,-127,-79,-19,46,113,150,143,103,45,-32,-105,-155,-166,-132,-58,39,128,181,196,155,61,-59,-164,-228,-234,-167,-51,83,199,260,253,182,44,-109,-237,-315,-302,-199,-36,140,285,352,328,214,45,-137,-292,-375,-350,-232,-56,131,287,369,347,233,68,-108,-263,-345,-334,-236,-79,96,236,307,297,210,71,-85,-219,-291,-284,-209,-84,66,197,286,315,277,192,78,-49,-441,-381,0,0,0,0,0,0,0,0,0,0,0,0,0,0,0,0,0,0,0,0,0,0,0,0,0,0,0,0,0,0,0,0,0,0,0,0,0,0,0,0,0,0,0,0,0,0,0,0,0,0,0,0,0,0,0,0,0,0,0,0,0,0,0,0,0,0,0,0,0,0,0,0,0,0,0,0,0,0,0,0,0,0,0,0,0,0,0,0,0,0,0,0,0,0,0,0,0,0,0,0,0,0,0,0,0,0,0,0,0,0,0,0,0,0,0,0,0,0,0,0,0,0,0,0,0,0,0,0,0,0,0,0,0,0,0,0,0,0,0,0,0,0,0,0,0,0,0,0,0,0,0,0,0,0,0,0,0,0,0,0,0,0,0,0,0,0,0,0,0,0,0,0,0,0,0,0,0,0,0,0,0,0,0,0,0,0,0,0,0,0,0,0,0,0,0,0,0,0,0,0,0,0,0,0,0,0,0,0,0,0,0,0,0,0,0,0,0,0,0,0,0,0,0,0,0,0,0,0,0,0,0,0,0,0,0,0,0,0,0,0,0,0,0,0,0,0,0,0,0,0,0,0,0,0,0,0,-92,494,542,-8,-13,-22,-28,-31,-30,-24,-14,-2,11,24,34,38,35,23,3,-18,-36,-44,-37,-26,-10,12,36,53,59,42,18,-10,-41,-65,-70,-57,-32,3,33,58,71,66,44,4,-43,-77,-86,-71,-37,5,50,83,89,71,38,-8,-53,-80,-80,-60,-25,23,59,79,74,40,-3,-47,-79,-86,-64,-26,31,75,89,84,54,3,-47,-81,-95,-72,-28,23,62,87,86,60,10,-46,-90,-99,-67,-16,32,66,92,88,48,-12,-65,-100,-102,-69,-11,55,106,120,97,45,-24,-92,-130,-137,-101,-31,58,125,159,152,100,11,-89,-169,-195,-164,-83,20,0,187,209,162,75,-30,-136,-206,-214,-169,-74,36,135,198,209,164,78,-30,-128,-189,-197,-154,-76,19,106,162,180,150,80,1,-74,-131,-157,-141,-94,-31,36,94,134,146,119,58,-8,-66,-116,-141,-134,-94,-32,42,111,153,158,120,50,-35,-121,-176,-185,-141,-60,37,134,204,205,145,45,-68,-175,-237,-238,-164,-39,103,225,294,279,186,36,-127,-265,-336,-311,-202,-43,137,285,360,341,227,46,-145,-297,-374,-357,-246,-68,125,281,363,344,241,80,-101,-250,-325,-309,-217,-74,84,220,295,287,205,72,-80,-211,-293,-302,-240,-123,16,145,241,281,270,238,327
28639,mtk,MTK 7916,2775914018,rx2-tx0,512,0,0,0,0,0,0,0,0,0,0,0,0,0,0,0,0,0,0,0,0,0,0,0,0,0,0,0,0,0,0,0,0,0,0,0,0,0,0,0,0,0,0,0,0,0,0,0,0,0,0,0,0,0,0,0,0,0,0,0,0,0,0,0,0,0,0,0,0,0,0,0,0,0,0,0,0,0,0,0,0,0,0,0,0,0,0,0,0,0,0,0,0,0,0,0,0,0,0,0,0,0,0,0,0,0,0,0,0,0,0,0,0,0,0,0,0,0,0,0,0,0,0,0,0,0,0,0,0,0,0,0,0,0,0,0,0,0,0,0,0,0,0,0,0,0,0,0,0,0,0,0,0,0,0,0,0,0,0,0,0,0,0,0,0,0,0,0,0,0,0,0,0,0,0,0,0,0,0,0,0,0,0,0,0,0,0,0,0,0,0,0,0,0,0,0,0,0,0,0,0,0,0,0,0,0,0,0,0,0,0,0,0,0,0,0,0,0,0,0,0,0,0,0,0,0,0,0,0,0,0,0,0,0,0,0,0,0,0,0,0,0,0,0,0,0,0,0,0,0,0,0,0,0,0,0,0,-136,88,233,-16,-2,21,48,70,82,78,66,42,3,-40,-78,-100,-101,-81,-39,18,72,113,130,115,76,14,-60,-126,-173,-178,-134,-56,43,138,206,225,186,97,-20,-141,-231,-263,-229,-129,14,155,260,300,258,146,-7,-173,-295,-333,-281,-148,30,200,320,346,273,118,-71,-244,-351,-356,-256,-73,130,299,388,360,218,12,-197,-359,-410,-336,-166,61,282,418,422,301,91,-153,-356,-455,-421,-263,-21,230,414,482,411,211,-50,-295,-459,-482,-364,-143,123,348,474,462,312,69,-187,-393,-474,-413,-235,13,258,417,447,344,136,-112,-321,-435,-417,-270,-43,195,367,426,0,194,-48,-275,-414,-427,-318,-111,133,335,433,411,267,39,-206,-388,-457,-395,-219,23,258,418,459,369,173,-72,-297,-438,-454,-348,-144,103,323,451,454,335,127,-112,-324,-453,-456,-332,-130,102,311,434,438,330,136,-94,-288,-408,-421,-323,-139,66,247,368,388,305,146,-50,-229,-340,-353,-273,-123,49,210,310,328,248,106,-65,-213,-303,-307,-227,-81,81,215,288,278,195,60,-98,-223,-284,-264,-169,-27,123,239,292,264,161,10,-143,-255,-301,-273,-167,-12,142,254,303,273,177,33,-123,-245,-304,-292,-206,-68,86,219,306,326,277,172,39,-93,-200,-265,-282,-281,-162,0,0,0,0,0,0,0,0,0,0,0,0,0,0,0,0,0,0,0,0,0,0,0,0,0,0,0,0,0,0,0,0,0,0,0,0,0,0,0,0,0,0,0,0,0,0,0,0,0,0,0,0,0,0,0,0,0,0,0,0,0,0,0,0,0,0,0,0,0,0,0,0,0,0,0,0,0,0,0,0,0,0,0,0,0,0,0,0,0,0,0,0,0,0,0,0,0,0,0,0,0,0,0,0,0,0,0,0,0,0,0,0,0,0,0,0,0,0,0,0,0,0,0,0,0,0,0,0,0,0,0,0,0,0,0,0,0,0,0,0,0,0,0,0,0,0,0,0,0,0,0,0,0,0,0,0,0,0,0,0,0,0,0,0,0,0,0,0,0,0,0,0,0,0,0,0,0,0,0,0,0,0,0,0,0,0,0,0,0,0,0,0,0,0,0,0,0,0,0,0,0,0,0,0,0,0,0,0,0,0,0,0,0,0,0,0,0,0,0,0,0,0,0,0,0,0,0,0,0,0,0,0,0,0,0,0,0,0,0,0,0,0,0,0,0,0,0,0,0,0,0,0,0,0,0,0,1335,697,671,-49,-67,-71,-61,-40,-11,22,54,81,92,84,60,20,-28,-72,-103,-113,-99,-58,3,66,121,154,145,97,29,-57,-139,-189,-195,-158,-78,32,143,223,247,205,113,-10,-142,-250,-290,-251,-141,11,163,270,314,269,143,-21,-182,-299,-336,-274,-131,54,224,334,353,268,101,-102,-277,-367,-353,-239,-49,169,337,395,341,186,-31,-245,-385,-416,-322,-126,113,323,440,429,290,61,-190,-392,-483,-424,-238,16,267,445,492,398,181,-90,-330,-471,-479,-345,-109,157,372,472,437,271,24,-229,-404,-457,-375,-186,56,285,430,441,311,89,-156,-353,-442,-391,-228,-5,0,388,433,340,146,-93,-298,-421,-423,-297,-79,164,357,446,400,236,2,-233,-406,-457,-375,-185,51,277,431,463,359,159,-85,-308,-444,-456,-343,-140,108,325,450,453,343,134,-109,-322,-443,-447,-336,-139,95,303,424,433,332,147,-73,-266,-387,-402,-314,-147,55,241,354,374,293,137,-56,-226,-329,-344,-267,-123,49,206,300,307,238,94,-72,-215,-297,-291,-204,-63,90,221,289,271,176,36,-111,-231,-288,-263,-160,-13,136,247,292,261,153,5,-141,-254,-304,-274,-169,-16,136,252,308,287,192,49,-105,-237,-309,-305,-230,-106,43,182,282,325,309,240,139,10,635,671
28640,mtk,MTK 7916,2775914018,rx2-tx1,512,0,0,0,0,0,0,0,0,0,0,0,0,0,0,0,0,0,0,0,0,0,0,0,0,0,0,0,0,0,0,0,0,0,0,0,0,0,0,0,0,0,0,0,0,0,0,0,0,0,0,0,0,0,0,0,0,0,0,0,0,0,0,0,0,0,0,0,0,0,0,0,0,0,0,0,0,0,0,0,0,0,0,0,0,0,0,0,0,0,0,0,0,0,0,0,0,0,0,0,0,0,0,0,0,0,0,0,0,0,0,0,0,0,0,0,0,0,0,0,0,0,0,0,0,0,0,0,0,0,0,0,0,0,0,0,0,0,0,0,0,0,0,0,0,0,0,0,0,0,0,0,0,0,0,0,0,0,0,0,0,0,0,0,0,0,0,0,0,0,0,0,0,0,0,0,0,0,0,0,0,0,0,0,0,0,0,0,0,0,0,0,0,0,0,0,0,0,0,0,0,0,0,0,0,0,0,0,0,0,0,0,0,0,0,0,0,0,0,0,0,0,0,0,0,0,0,0,0,0,0,0,0,0,0,0,0,0,0,0,0,0,0,0,0,0,0,0,0,0,0,0,0,0,0,0,0,236,260,310,-26,-3,23,45,66,77,73,50,19,-14,-43,-64,-76,-61,-24,13,48,66,70,55,20,-24,-54,-71,-69,-40,12,58,85,87,65,23,-34,-92,-115,-99,-54,6,72,121,129,94,34,-50,-124,-161,-147,-94,4,104,175,198,161,61,-61,-166,-227,-222,-143,-17,127,238,279,232,119,-34,-191,-296,-308,-235,-87,103,272,354,328,215,25,-186,-340,-394,-332,-168,52,258,392,402,302,111,-126,-326,-432,-416,-270,-40,202,386,454,389,199,-45,-267,-412,-434,-322,-119,114,313,420,392,250,38,-183,-336,-384,-316,-152,54,240,344,336,225,45,-152,-295,-344,0,-129,61,232,320,298,177,9,-168,-295,-326,-248,-94,92,255,338,314,192,7,-183,-320,-360,-284,-116,79,250,355,352,230,42,-152,-299,-358,-302,-159,31,210,322,334,249,86,-96,-243,-315,-289,-176,-23,135,250,283,231,109,-42,-173,-238,-230,-155,-41,79,171,207,170,75,-33,-125,-179,-164,-100,-11,80,143,156,121,40,-53,-124,-154,-133,-70,10,88,138,147,112,39,-44,-109,-140,-128,-74,-4,70,118,126,101,44,-24,-83,-110,-111,-74,-17,46,90,105,85,44,-11,-63,-93,-93,-66,-19,36,79,102,96,54,1,-51,-98,-129,-129,-98,-55,-7,77,147,0,0,0,0,0,0,0,0,0,0,0,0,0,0,0,0,0,0,0,0,0,0,0,0,0,0,0,0,0,0,0,0,0,0,0,0,0,0,0,0,0,0,0,0,0,0,0,0,0,0,0,0,0,0,0,0,0,0,0,0,0,0,0,0,0,0,0,0,0,0,0,0,0,0,0,0,0,0,0,0,0,0,0,0,0,0,0,0,0,0,0,0,0,0,0,0,0,0,0,0,0,0,0,0,0,0,0,0,0,0,0,0,0,0,0,0,0,0,0,0,0,0,0,0,0,0,0,0,0,0,0,0,0,0,0,0,0,0,0,0,0,0,0,0,0,0,0,0,0,0,0,0,0,0,0,0,0,0,0,0,0,0,0,0,0,0,0,0,0,0,0,0,0,0,0,0,0,0,0,0,0,0,0,0,0,0,0,0,0,0,0,0,0,0,0,0,0,0,0,0,0,0,0,0,0,0,0,0,0,0,0,0,0,0,0,0,0,0,0,0,0,0,0,0,0,0,0,0,0,0,0,0,0,0,0,0,0,0,0,0,0,0,0,0,0,0,0,0,0,0,0,0,0,0,0,0,-351,323,267,-48,-60,-65,-58,-37,-5,28,58,74,75,55,24,-13,-51,-77,-75,-56,-22,16,54,76,72,42,4,-39,-76,-83,-60,-23,22,71,99,91,63,19,-44,-102,-120,-97,-45,25,102,142,145,96,10,-81,-148,-176,-152,-76,29,133,202,209,154,44,-87,-198,-252,-236,-140,11,159,259,295,242,101,-77,-234,-329,-328,-224,-43,156,309,377,331,186,-18,-232,-380,-412,-323,-137,92,301,427,416,282,76,-166,-368,-449,-402,-236,7,242,401,449,364,160,-88,-295,-411,-414,-297,-86,153,329,400,354,203,-13,-218,-344,-364,-270,-95,98,263,341,309,177,-11,0,-299,-325,-232,-60,123,262,324,286,145,-47,-216,-315,-322,-222,-50,136,281,345,299,155,-39,-222,-335,-344,-247,-76,120,282,357,323,196,8,-185,-319,-348,-278,-132,51,222,323,320,218,56,-114,-244,-302,-265,-147,13,161,248,256,197,78,-68,-178,-223,-200,-117,-1,113,182,182,126,39,-66,-146,-173,-143,-70,31,114,157,149,94,15,-70,-131,-149,-114,-47,29,94,137,133,84,13,-58,-111,-132,-113,-60,16,79,115,118,82,21,-40,-84,-106,-101,-62,-3,56,92,102,82,41,-20,-69,-93,-93,-69,-17,49,96,112,102,71,21,-32,-75,-110,-120,435,403
28641,mtk,MTK 7916,2775945603,rx0-tx0,512,0,0,0,0,0,0,0,0,0,0,0,0,0,0,0,0,0,0,0,0,0,0,0,0,0,0,0,0,0,0,0,0,0,0,0,0,0,0,0,0,0,0,0,0,0,0,0,0,0,0,0,0,0,0,0,0,0,0,0,0,0,0,0,0,0,0,0,0,0,0,0,0,0,0,0,0,0,0,0,0,0,0,0,0,0,0,0,0,0,0,0,0,0,0,0,0,0,0,0,0,0,0,0,0,0,0,0,0,0,0,0,0,0,0,0,0,0,0,0,0,0,0,0,0,0,0,0,0,0,0,0,0,0,0,0,0,0,0,0,0,0,0,0,0,0,0,0,0,0,0,0,0,0,0,0,0,0,0,0,0,0,0,0,0,0,0,0,0,0,0,0,0,0,0,0,0,0,0,0,0,0,0,0,0,0,0,0,0,0,0,0,0,0,0,0,0,0,0,0,0,0,0,0,0,0,0,0,0,0,0,0,0,0,0,0,0,0,0,0,0,0,0,0,0,0,0,0,0,0,0,0,0,0,0,0,0,0,0,0,0,0,0,0,0,0,0,0,0,0,0,0,0,0,0,0,0,-273,-430,-632,189,265,287,233,125,-10,-147,-262,-339,-379,-374,-318,-231,-114,23,159,283,397,471,500,480,404,292,142,-37,-226,-399,-543,-634,-662,-634,-535,-376,-189,29,251,445,602,715,759,735,649,511,328,116,-107,-326,-520,-677,-788,-831,-811,-729,-573,-381,-156,89,342,570,756,889,948,937,851,691,460,198,-84,-377,-640,-847,-989,-1056,-1040,-923,-738,-497,-208,99,396,664,877,1009,1068,1048,939,752,509,227,-66,-349,-607,-812,-945,-1003,-993,-897,-747,-543,-291,-37,218,460,662,812,903,937,899,801,649,452,235,-20,-264,-494,-690,-834,-929,-957,-913,-806,-641,-412,-160,109,-1687,627,817,951,1023,1012,919,767,557,305,28,-248,-504,-730,-903,-1015,-1054,-1017,-913,-733,-502,-234,55,343,626,868,1041,1153,1184,1120,979,754,456,120,-239,-585,-897,-1146,-1310,-1373,-1332,-1174,-918,-571,-184,227,625,973,1258,1445,1505,1436,1254,972,605,178,-259,-681,-1049,-1321,-1488,-1523,-1440,-1234,-928,-542,-106,326,730,1076,1318,1451,1471,1368,1152,839,453,34,-384,-769,-1089,-1303,-1417,-1409,-1270,-1027,-686,-281,137,545,897,1165,1326,1357,1267,1048,739,374,-26,-413,-755,-1017,-1173,-1215,-1136,-960,-687,-354,-7,339,652,896,1047,1093,1036,865,591,245,-148,-541,-874,-1089,-1125,-951,-593,-199,259,22,0,0,0,0,0,0,0,0,0,0,0,0,0,0,0,0,0,0,0,0,0,0,0,0,0,0,0,0,0,0,0,0,0,0,0,0,0,0,0,0,0,0,0,0,0,0,0,0,0,0,0,0,0,0,0,0,0,0,0,0,0,0,0,0,0,0,0,0,0,0,0,0,0,0,0,0,0,0,0,0,0,0,0,0,0,0,0,0,0,0,0,0,0,0,0,0,0,0,0,0,0,0,0,0,0,0,0,0,0,0,0,0,0,0,0,0,0,0,0,0,0,0,0,0,0,0,0,0,0,0,0,0,0,0,0,0,0,0,0,0,0,0,0,0,0,0,0,0,0,0,0,0,0,0,0,0,0,0,0,0,0,0,0,0,0,0,0,0,0,0,0,0,0,0,0,0,0,0,0,0,0,0,0,0,0,0,0,0,0,0,0,0,0,0,0,0,0,0,0,0,0,0,0,0,0,0,0,0,0,0,0,0,0,0,0,0,0,0,0,0,0,0,0,0,0,0,0,0,0,0,0,0,0,0,0,0,0,0,0,0,0,0,0,0,0,0,0,0,0,0,0,0,0,0,0,0,-1322,-1022,-921,140,42,-91,-223,-314,-349,-325,-251,-143,-21,112,236,332,403,431,409,351,254,117,-32,-195,-349,-470,-554,-587,-557,-477,-338,-155,48,253,445,588,685,725,686,583,436,241,21,-200,-406,-579,-705,-773,-780,-724,-608,-452,-249,-16,212,443,636,775,865,891,841,718,544,313,54,-214,-474,-711,-884,-980,-1013,-956,-813,-604,-345,-59,252,541,776,958,1062,1079,1003,850,623,349,56,-244,-528,-762,-931,-1028,-1040,-978,-843,-641,-389,-120,163,425,644,828,932,959,934,836,681,479,249,2,-248,-477,-667,-808,-905,-938,-897,-800,-635,-439,-201,57,315,548,753,899,975,993,-175,804,603,367,95,-192,-459,-686,-868,-987,-1036,-1007,-909,-741,-524,-261,18,297,561,790,958,1063,1098,1062,943,742,490,197,-123,-445,-742,-997,-1174,-1269,-1273,-1175,-980,-695,-350,22,412,772,1085,1313,1429,1440,1324,1102,788,406,-27,-448,-841,-1169,-1401,-1517,-1497,-1370,-1118,-776,-363,74,503,891,1201,1424,1514,1476,1321,1048,692,289,-136,-550,-915,-1204,-1389,-1454,-1394,-1220,-936,-578,-180,246,641,978,1237,1377,1393,1280,1052,734,347,-61,-468,-827,-1086,-1247,-1288,-1205,-1015,-723,-370,11,372,689,941,1087,1130,1066,907,651,338,-12,-364,-684,-934,-1086,-1113,-992,-723,-338,120,555,869,974,-1076,-1099
28642,mtk,MTK 7916,2775945603,rx0-tx1,512,0,0,0,0,0,0,0,0,0,0,0,0,0,0,0,0,0,0,0,0,0,0,0,0,0,0,0,0,0,0,0,0,0,0,0,0,0,0,0,0,0,0,0,0,0,0,0,0,0,0,0,0,0,0,0,0,0,0,0,0,0,0,0,0,0,0,0,0,0,0,0,0,0,0,0,0,0,0,0,0,0,0,0,0,0,0,0,0,0,0,0,0,0,0,0,0,0,0,0,0,0,0,0,0,0,0,0,0,0,0,0,0,0,0,0,0,0,0,0,0,0,0,0,0,0,0,0,0,0,0,0,0,0,0,0,0,0,0,0,0,0,0,0,0,0,0,0,0,0,0,0,0,0,0,0,0,0,0,0,0,0,0,0,0,0,0,0,0,0,0,0,0,0,0,0,0,0,0,0,0,0,0,0,0,0,0,0,0,0,0,0,0,0,0,0,0,0,0,0,0,0,0,0,0,0,0,0,0,0,0,0,0,0,0,0,0,0,0,0,0,0,0,0,0,0,0,0,0,0,0,0,0,0,0,0,0,0,0,0,0,0,0,0,0,0,0,0,0,0,0,0,0,0,0,0,0,-730,96,247,-224,-192,-89,55,202,318,377,377,326,232,101,-45,-191,-328,-431,-489,-502,-461,-362,-228,-60,132,322,486,612,684,689,625,490,297,71,-174,-407,-612,-774,-856,-865,-801,-655,-446,-186,93,370,633,842,988,1044,1009,894,688,422,109,-222,-533,-807,-1027,-1161,-1199,-1130,-972,-729,-415,-62,299,644,936,1147,1276,1310,1226,1035,762,423,48,-337,-692,-990,-1216,-1347,-1370,-1282,-1095,-805,-459,-87,311,686,1000,1240,1377,1420,1333,1142,865,515,121,-277,-648,-975,-1220,-1370,-1413,-1343,-1173,-898,-555,-181,209,583,907,1153,1313,1375,1321,1175,932,623,272,-96,-461,-779,-1045,-1227,-1309,-1304,-546,-1006,-726,-412,-63,295,629,915,1131,1275,1323,1261,1120,890,596,246,-121,-488,-815,-1079,-1277,-1370,-1365,-1264,-1050,-744,-389,3,399,768,1077,1307,1428,1429,1332,1122,820,459,56,-347,-718,-1035,-1271,-1401,-1419,-1325,-1127,-842,-498,-117,272,628,938,1172,1314,1351,1279,1113,859,543,191,-180,-530,-830,-1078,-1244,-1307,-1266,-1120,-891,-587,-239,133,499,819,1075,1244,1305,1255,1099,845,522,149,-243,-608,-915,-1146,-1268,-1270,-1156,-940,-635,-269,117,485,799,1029,1158,1167,1063,857,569,238,-106,-424,-686,-878,-974,-967,-872,-695,-454,-175,117,392,629,803,888,867,734,493,173,-175,-495,-706,-749,-308,-180,0,0,0,0,0,0,0,0,0,0,0,0,0,0,0,0,0,0,0,0,0,0,0,0,0,0,0,0,0,0,0,0,0,0,0,0,0,0,0,0,0,0,0,0,0,0,0,0,0,0,0,0,0,0,0,0,0,0,0,0,0,0,0,0,0,0,0,0,0,0,0,0,0,0,0,0,0,0,0,0,0,0,0,0,0,0,0,0,0,0,0,0,0,0,0,0,0,0,0,0,0,0,0,0,0,0,0,0,0,0,0,0,0,0,0,0,0,0,0,0,0,0,0,0,0,0,0,0,0,0,0,0,0,0,0,0,0,0,0,0,0,0,0,0,0,0,0,0,0,0,0,0,0,0,0,0,0,0,0,0,0,0,0,0,0,0,0,0,0,0,0,0,0,0,0,0,0,0,0,0,0,0,0,0,0,0,0,0,0,0,0,0,0,0,0,0,0,0,0,0,0,0,0,0,0,0,0,0,0,0,0,0,0,0,0,0,0,0,0,0,0,0,0,0,0,0,0,0,0,0,0,0,0,0,0,0,0,0,0,0,0,0,0,0,0,0,0,0,0,0,0,0,0,0,0,0,-128,683,655,75,195,293,328,292,190,50,-96,-232,-344,-417,-435,-411,-331,-211,-66,94,259,403,513,582,593,537,423,259,55,-165,-380,-568,-703,-774,-776,-704,-569,-369,-116,148,405,637,816,923,950,898,764,562,302,-1,-305,-599,-844,-1015,-1111,-1109,-1012,-834,-573,-260,87,432,742,1000,1175,1254,1229,1104,881,582,242,-136,-512,-836,-1097,-1268,-1341,-1307,-1159,-929,-619,-258,129,509,855,1130,1306,1391,1370,1225,987,672,307,-92,-495,-840,-1124,-1324,-1420,-1392,-1264,-1028,-716,-348,45,433,790,1083,1282,1383,1381,1269,1055,756,416,33,-345,-689,-987,-1198,-1319,-1346,-1262,-1087,-835,-512,-162,200,1197,864,1094,1241,1311,1279,1151,939,662,338,-28,-380,-703,-982,-1192,-1316,-1340,-1261,-1085,-835,-510,-140,237,607,938,1194,1357,1421,1371,1208,953,618,228,-173,-564,-919,-1192,-1369,-1442,-1395,-1241,-990,-663,-282,116,501,844,1119,1309,1393,1359,1215,985,684,335,-38,-403,-739,-1016,-1207,-1305,-1303,-1193,-999,-735,-406,-45,321,658,947,1159,1276,1294,1203,1010,737,398,24,-353,-704,-991,-1193,-1292,-1282,-1151,-920,-605,-225,160,531,852,1091,1227,1237,1130,919,622,269,-103,-453,-749,-961,-1070,-1068,-962,-771,-510,-203,105,392,633,807,899,897,804,630,383,90,-219,-513,-745,-869,-856,-690,-390,-78,565,621
28643,mtk,MTK 7916,2775945603,rx1-tx0,512,0,0,0,0,0,0,0,0,0,0,0,0,0,0,0,0,0,0,0,0,0,0,0,0,0,0,0,0,0,0,0,0,0,0,0,0,0,0,0,0,0,0,0,0,0,0,0,0,0,0,0,0,0,0,0,0,0,0,0,0,0,0,0,0,0,0,0,0,0,0,0,0,0,0,0,0,0,0,0,0,0,0,0,0,0,0,0,0,0,0,0,0,0,0,0,0,0,0,0,0,0,0,0,0,0,0,0,0,0,0,0,0,0,0,0,0,0,0,0,0,0,0,0,0,0,0,0,0,0,0,0,0,0,0,0,0,0,0,0,0,0,0,0,0,0,0,0,0,0,0,0,0,0,0,0,0,0,0,0,0,0,0,0,0,0,0,0,0,0,0,0,0,0,0,0,0,0,0,0,0,0,0,0,0,0,0,0,0,0,0,0,0,0,0,0,0,0,0,0,0,0,0,0,0,0,0,0,0,0,0,0,0,0,0,0,0,0,0,0,0,0,0,0,0,0,0,0,0,0,0,0,0,0,0,0,0,0,0,0,0,0,0,0,0,0,0,0,0,0,0,0,0,0,0,0,0,146,341,521,-6,-94,-178,-225,-215,-162,-76,28,121,200,260,275,259,210,129,27,-73,-168,-248,-299,-316,-307,-256,-175,-71,43,153,243,305,344,343,300,235,147,39,-70,-173,-249,-302,-327,-310,-276,-224,-138,-55,30,115,170,221,253,257,244,211,173,121,50,-12,-61,-106,-148,-177,-191,-198,-186,-167,-135,-104,-75,-27,16,46,93,132,168,201,218,228,241,218,171,116,40,-48,-141,-225,-308,-372,-393,-388,-342,-267,-156,-22,115,248,367,457,503,506,457,364,250,110,-55,-218,-362,-461,-520,-549,-518,-451,-348,-206,-46,121,266,395,495,556,567,524,450,322,167,5,-144,-315,-439,-526,-581,-576,-514,-422,-291,-125,57,220,370,487,558,579,546,477,355,207,52,-105,-263,-397,-487,-532,-535,-495,-413,-296,-156,-8,135,272,380,447,480,476,427,342,236,112,-15,-140,-258,-340,-385,-414,-416,-366,-298,-208,-94,21,131,227,310,362,380,364,319,252,158,65,-33,-128,-206,-264,-300,-308,-298,-266,-203,-134,-61,19,98,169,224,266,283,272,252,194,124,59,-25,-114,-189,-247,-287,-295,-274,-230,-165,-82,9,107,187,253,285,298,275,216,142,43,-49,-137,-211,-264,-281,-274,-232,-154,-63,39,133,203,256,279,249,173,68,-43,-141,-201,-268,-63,0,0,0,0,0,0,0,0,0,0,0,0,0,0,0,0,0,0,0,0,0,0,0,0,0,0,0,0,0,0,0,0,0,0,0,0,0,0,0,0,0,0,0,0,0,0,0,0,0,0,0,0,0,0,0,0,0,0,0,0,0,0,0,0,0,0,0,0,0,0,0,0,0,0,0,0,0,0,0,0,0,0,0,0,0,0,0,0,0,0,0,0,0,0,0,0,0,0,0,0,0,0,0,0,0,0,0,0,0,0,0,0,0,0,0,0,0,0,0,0,0,0,0,0,0,0,0,0,0,0,0,0,0,0,0,0,0,0,0,0,0,0,0,0,0,0,0,0,0,0,0,0,0,0,0,0,0,0,0,0,0,0,0,0,0,0,0,0,0,0,0,0,0,0,0,0,0,0,0,0,0,0,0,0,0,0,0,0,0,0,0,0,0,0,0,0,0,0,0,0,0,0,0,0,0,0,0,0,0,0,0,0,0,0,0,0,0,0,0,0,0,0,0,0,0,0,0,0,0,0,0,0,0,0,0,0,0,0,0,0,0,0,0,0,0,0,0,0,0,0,0,0,0,0,0,0,206,892,807,-152,-160,-108,-11,93,182,241,254,224,171,87,-14,-108,-196,-264,-297,-297,-262,-193,-97,4,112,214,288,335,342,309,240,152,48,-65,-169,-247,-311,-337,-331,-288,-222,-140,-40,53,133,214,271,291,292,257,208,156,85,14,-55,-115,-161,-208,-229,-221,-203,-179,-144,-98,-53,1,48,89,124,145,171,189,182,179,174,150,120,79,29,-22,-82,-158,-209,-257,-301,-321,-306,-263,-195,-102,5,120,243,349,425,457,447,408,326,202,63,-92,-239,-363,-460,-522,-536,-495,-406,-288,-149,8,170,310,432,517,556,542,481,392,262,110,-65,-219,-363,-483,-550,-580,147,-489,-370,-231,-71,107,263,399,515,581,589,545,459,325,167,-6,-163,-319,-445,-528,-560,-551,-499,-391,-250,-98,54,207,336,439,499,511,489,424,315,193,57,-82,-215,-318,-396,-439,-446,-425,-362,-266,-158,-52,77,190,277,352,391,390,360,308,234,132,23,-88,-178,-254,-305,-329,-335,-311,-255,-185,-98,-9,69,155,221,260,282,282,260,222,173,106,21,-54,-129,-207,-250,-280,-295,-269,-222,-156,-72,18,105,186,251,287,303,279,233,164,74,-18,-119,-198,-261,-290,-286,-254,-189,-104,-9,81,170,233,266,273,237,175,95,-12,-121,-206,-254,-252,-202,-123,886,926
28644,mtk,MTK 7916,2775945603,rx1-tx1,512,0,0,0,0,0,0,0,0,0,0,0,0,0,0,0,0,0,0,0,0,0,0,0,0,0,0,0,0,0,0,0,0,0,0,0,0,0,0,0,0,0,0,0,0,0,0,0,0,0,0,0,0,0,0,0,0,0,0,0,0,0,0,0,0,0,0,0,0,0,0,0,0,0,0,0,0,0,0,0,0,0,0,0,0,0,0,0,0,0,0,0,0,0,0,0,0,0,0,0,0,0,0,0,0,0,0,0,0,0,0,0,0,0,0,0,0,0,0,0,0,0,0,0,0,0,0,0,0,0,0,0,0,0,0,0,0,0,0,0,0,0,0,0,0,0,0,0,0,0,0,0,0,0,0,0,0,0,0,0,0,0,0,0,0,0,0,0,0,0,0,0,0,0,0,0,0,0,0,0,0,0,0,0,0,0,0,0,0,0,0,0,0,0,0,0,0,0,0,0,0,0,0,0,0,0,0,0,0,0,0,0,0,0,0,0,0,0,0,0,0,0,0,0,0,0,0,0,0,0,0,0,0,0,0,0,0,0,0,0,0,0,0,0,0,0,0,0,0,0,0,0,0,0,0,0,0,-411,533,515,-21,7,33,59,87,107,112,101,79,39,-9,-52,-87,-113,-116,-100,-67,-20,33,83,114,128,117,82,33,-24,-78,-117,-127,-114,-84,-39,15,60,92,105,94,63,24,-15,-45,-69,-77,-61,-31,-5,18,30,33,27,9,-7,-12,-9,-7,-4,15,29,33,29,16,-11,-41,-63,-68,-57,-35,2,46,83,96,91,71,29,-26,-77,-107,-116,-101,-60,-6,51,95,122,123,95,48,-12,-68,-108,-126,-110,-71,-20,39,85,104,105,87,47,-5,-50,-79,-101,-96,-66,-19,16,41,66,76,59,34,8,-16,-29,-34,-30,-19,-13,-9,-3,-1,-3,-10,0,8,25,45,66,79,76,54,11,-42,-95,-136,-152,-135,-88,-10,78,154,207,223,191,114,4,-117,-217,-275,-279,-226,-123,12,150,265,327,319,243,114,-36,-185,-298,-347,-324,-233,-86,80,225,326,361,312,193,38,-121,-257,-343,-351,-278,-147,13,166,284,342,321,225,80,-73,-215,-313,-345,-297,-182,-34,127,263,340,342,270,142,-7,-164,-286,-346,-336,-253,-118,38,185,290,332,307,224,104,-33,-166,-268,-311,-290,-217,-105,26,145,228,261,243,177,84,-22,-117,-183,-211,-193,-138,-58,31,116,176,199,176,127,60,-24,-104,-160,-193,-210,-193,-145,-73,418,471,0,0,0,0,0,0,0,0,0,0,0,0,0,0,0,0,0,0,0,0,0,0,0,0,0,0,0,0,0,0,0,0,0,0,0,0,0,0,0,0,0,0,0,0,0,0,0,0,0,0,0,0,0,0,0,0,0,0,0,0,0,0,0,0,0,0,0,0,0,0,0,0,0,0,0,0,0,0,0,0,0,0,0,0,0,0,0,0,0,0,0,0,0,0,0,0,0,0,0,0,0,0,0,0,0,0,0,0,0,0,0,0,0,0,0,0,0,0,0,0,0,0,0,0,0,0,0,0,0,0,0,0,0,0,0,0,0,0,0,0,0,0,0,0,0,0,0,0,0,0,0,0,0,0,0,0,0,0,0,0,0,0,0,0,0,0,0,0,0,0,0,0,0,0,0,0,0,0,0,0,0,0,0,0,0,0,0,0,0,0,0,0,0,0,0,0,0,0,0,0,0,0,0,0,0,0,0,0,0,0,0,0,0,0,0,0,0,0,0,0,0,0,0,0,0,0,0,0,0,0,0,0,0,0,0,0,0,0,0,0,0,0,0,0,0,0,0,0,0,0,0,0,0,0,0,0,-92,-87,-209,-74,-84,-89,-84,-64,-29,13,50,86,110,114,102,76,39,-12,-62,-99,-122,-125,-100,-57,1,56,96,123,131,106,60,10,-41,-89,-117,-116,-91,-56,-11,30,59,76,79,63,32,-2,-27,-45,-53,-44,-25,-8,12,25,17,7,2,-10,-25,-28,-12,15,40,52,54,38,14,-13,-46,-77,-85,-76,-52,-10,43,81,102,107,85,45,-6,-60,-108,-129,-114,-76,-26,34,81,110,125,111,66,6,-53,-93,-115,-118,-93,-44,9,61,98,108,90,59,19,-31,-70,-83,-77,-58,-34,0,31,50,53,50,36,13,-4,-18,-22,-16,-11,-8,-10,-18,0,-41,-50,-37,-15,13,46,82,110,111,90,43,-25,-96,-152,-180,-172,-130,-56,42,143,224,255,231,164,59,-73,-195,-278,-309,-276,-183,-46,100,229,321,341,289,177,18,-145,-274,-350,-350,-275,-150,11,178,301,354,333,240,100,-62,-215,-322,-354,-308,-190,-41,113,249,334,332,258,133,-30,-184,-293,-339,-320,-229,-85,78,221,318,351,307,199,49,-109,-247,-329,-344,-293,-183,-40,104,231,311,317,266,170,41,-100,-210,-275,-285,-239,-149,-35,76,168,226,233,192,114,20,-74,-146,-193,-203,-165,-94,-6,83,154,196,199,173,123,56,-13,-79,-138,-182,298,186
28645,mtk,MTK 7916,2775945603,rx2-tx0,512,0,0,0,0,0,0,0,0,0,0,0,0,0,0,0,0,0,0,0,0,0,0,0,0,0,0,0,0,0,0,0,0,0,0,0,0,0,0,0,0,0,0,0,0,0,0,0,0,0,0,0,0,0,0,0,0,0,0,0,0,0,0,0,0,0,0,0,0,0,0,0,0,0,0,0,0,0,0,0,0,0,0,0,0,0,0,0,0,0,0,0,0,0,0,0,0,0,0,0,0,0,0,0,0,0,0,0,0,0,0,0,0,0,0,0,0,0,0,0,0,0,0,0,0,0,0,0,0,0,0,0,0,0,0,0,0,0,0,0,0,0,0,0,0,0,0,0,0,0,0,0,0,0,0,0,0,0,0,0,0,0,0,0,0,0,0,0,0,0,0,0,0,0,0,0,0,0,0,0,0,0,0,0,0,0,0,0,0,0,0,0,0,0,0,0,0,0,0,0,0,0,0,0,0,0,0,0,0,0,0,0,0,0,0,0,0,0,0,0,0,0,0,0,0,0,0,0,0,0,0,0,0,0,0,0,0,0,0,0,0,0,0,0,0,0,0,0,0,0,0,0,0,0,0,0,0,-136,54,217,69,85,91,89,77,53,20,-14,-48,-73,-89,-93,-80,-53,-17,23,56,77,83,77,58,33,5,-24,-48,-64,-71,-69,-56,-40,-16,13,36,53,68,79,75,62,36,1,-36,-72,-104,-121,-116,-88,-42,18,84,140,170,167,127,54,-34,-117,-182,-209,-189,-132,-46,63,166,240,257,216,121,-8,-141,-240,-295,-286,-203,-67,85,225,322,340,280,147,-28,-202,-332,-389,-362,-251,-73,129,307,421,438,351,182,-30,-245,-411,-483,-444,-304,-93,146,357,492,511,413,219,-27,-266,-446,-524,-478,-320,-91,164,384,513,526,412,199,-60,-307,-486,-549,-481,-299,0,219,444,562,547,407,169,-111,-369,-546,-600,-508,-296,-14,275,508,620,591,430,170,-134,-415,-605,-658,-562,-336,-34,273,525,662,653,500,237,-83,-384,-601,-681,-613,-417,-134,179,449,618,653,551,332,47,-239,-470,-590,-583,-451,-234,25,271,452,528,492,349,137,-90,-281,-408,-445,-383,-239,-54,130,279,362,362,285,150,-11,-161,-270,-316,-289,-199,-74,60,180,252,264,223,139,22,-93,-184,-236,-238,-186,-95,12,115,192,230,221,169,87,-9,-104,-177,-217,-213,-169,-98,-14,75,148,192,199,172,116,44,-36,-109,-165,-194,-193,-170,-126,-69,-8,43,89,-423,-277,0,0,0,0,0,0,0,0,0,0,0,0,0,0,0,0,0,0,0,0,0,0,0,0,0,0,0,0,0,0,0,0,0,0,0,0,0,0,0,0,0,0,0,0,0,0,0,0,0,0,0,0,0,0,0,0,0,0,0,0,0,0,0,0,0,0,0,0,0,0,0,0,0,0,0,0,0,0,0,0,0,0,0,0,0,0,0,0,0,0,0,0,0,0,0,0,0,0,0,0,0,0,0,0,0,0,0,0,0,0,0,0,0,0,0,0,0,0,0,0,0,0,0,0,0,0,0,0,0,0,0,0,0,0,0,0,0,0,0,0,0,0,0,0,0,0,0,0,0,0,0,0,0,0,0,0,0,0,0,0,0,0,0,0,0,0,0,0,0,0,0,0,0,0,0,0,0,0,0,0,0,0,0,0,0,0,0,0,0,0,0,0,0,0,0,0,0,0,0,0,0,0,0,0,0,0,0,0,0,0,0,0,0,0,0,0,0,0,0,0,0,0,0,0,0,0,0,0,0,0,0,0,0,0,0,0,0,0,0,0,0,0,0,0,0,0,0,0,0,0,0,0,0,0,0,0,1335,746,710,-39,-19,6,35,63,85,97,95,81,57,22,-15,-49,-74,-85,-84,-71,-45,-11,24,51,72,79,73,53,31,7,-19,-42,-58,-65,-68,-64,-52,-29,1,32,60,82,94,95,83,52,3,-51,-102,-133,-142,-125,-82,-17,57,127,176,193,161,87,-7,-98,-177,-228,-227,-176,-84,39,159,246,277,246,158,26,-116,-239,-312,-315,-245,-109,59,219,328,368,324,201,22,-168,-326,-414,-404,-301,-128,84,286,424,468,407,247,27,-201,-391,-492,-483,-364,-159,87,315,472,524,453,273,33,-215,-418,-523,-506,-369,-147,114,348,506,545,450,245,-12,-264,-465,0,-517,-355,-107,173,416,564,581,464,237,-51,-331,-535,-618,-555,-367,-93,205,463,618,633,505,259,-52,-354,-578,-669,-611,-420,-138,182,466,644,677,563,329,26,-279,-526,-662,-645,-488,-235,63,348,552,634,575,401,145,-130,-370,-528,-568,-485,-306,-66,174,363,473,477,377,202,-9,-204,-346,-407,-379,-270,-108,68,219,313,338,288,181,39,-107,-222,-280,-280,-216,-109,17,133,222,255,233,160,60,-53,-154,-221,-242,-213,-141,-42,63,154,211,226,198,132,45,-45,-130,-187,-206,-189,-143,-71,17,100,159,194,192,161,107,42,-26,-91,-145,-174,-182,-168,-130,600,694
28646,mtk,MTK 7916,2775945603,rx2-tx1,512,0,0,0,0,0,0,0,0,0,0,0,0,0,0,0,0,0,0,0,0,0,0,0,0,0,0,0,0,0,0,0,0,0,0,0,0,0,0,0,0,0,0,0,0,0,0,0,0,0,0,0,0,0,0,0,0,0,0,0,0,0,0,0,0,0,0,0,0,0,0,0,0,0,0,0,0,0,0,0,0,0,0,0,0,0,0,0,0,0,0,0,0,0,0,0,0,0,0,0,0,0,0,0,0,0,0,0,0,0,0,0,0,0,0,0,0,0,0,0,0,0,0,0,0,0,0,0,0,0,0,0,0,0,0,0,0,0,0,0,0,0,0,0,0,0,0,0,0,0,0,0,0,0,0,0,0,0,0,0,0,0,0,0,0,0,0,0,0,0,0,0,0,0,0,0,0,0,0,0,0,0,0,0,0,0,0,0,0,0,0,0,0,0,0,0,0,0,0,0,0,0,0,0,0,0,0,0,0,0,0,0,0,0,0,0,0,0,0,0,0,0,0,0,0,0,0,0,0,0,0,0,0,0,0,0,0,0,0,0,0,0,0,0,0,0,0,0,0,0,0,0,0,0,0,0,0,236,67,-9,35,47,61,73,71,56,33,7,-20,-46,-72,-79,-73,-56,-28,11,48,72,78,71,51,16,-24,-60,-89,-96,-79,-44,5,55,88,111,101,65,12,-41,-90,-115,-113,-90,-42,26,89,126,138,112,62,-13,-92,-154,-180,-167,-110,-18,90,180,230,224,168,64,-63,-182,-264,-293,-260,-157,-3,150,277,356,346,257,111,-64,-237,-359,-410,-371,-236,-42,161,331,435,438,345,173,-41,-255,-410,-474,-432,-293,-87,145,346,473,490,400,221,-8,-237,-415,-497,-467,-323,-114,117,321,450,473,387,213,-6,-215,-371,-440,-409,-278,-90,125,304,398,397,302,134,0,-239,-363,-397,-331,-180,7,194,339,397,360,237,54,-144,-305,-395,-393,-301,-136,66,249,375,411,360,219,28,-164,-318,-400,-394,-294,-123,78,241,352,393,343,208,35,-142,-281,-349,-333,-249,-116,45,192,285,309,258,159,31,-103,-201,-245,-235,-162,-60,42,127,176,184,150,77,-13,-95,-147,-152,-119,-60,8,74,119,132,110,62,-3,-69,-116,-133,-111,-71,-19,43,95,119,115,87,41,-18,-69,-97,-106,-93,-55,-6,34,67,84,84,60,26,-11,-49,-73,-71,-52,-29,1,28,42,53,52,32,3,-24,-50,-60,-53,-41,-15,15,41,63,76,69,286,220,0,0,0,0,0,0,0,0,0,0,0,0,0,0,0,0,0,0,0,0,0,0,0,0,0,0,0,0,0,0,0,0,0,0,0,0,0,0,0,0,0,0,0,0,0,0,0,0,0,0,0,0,0,0,0,0,0,0,0,0,0,0,0,0,0,0,0,0,0,0,0,0,0,0,0,0,0,0,0,0,0,0,0,0,0,0,0,0,0,0,0,0,0,0,0,0,0,0,0,0,0,0,0,0,0,0,0,0,0,0,0,0,0,0,0,0,0,0,0,0,0,0,0,0,0,0,0,0,0,0,0,0,0,0,0,0,0,0,0,0,0,0,0,0,0,0,0,0,0,0,0,0,0,0,0,0,0,0,0,0,0,0,0,0,0,0,0,0,0,0,0,0,0,0,0,0,0,0,0,0,0,0,0,0,0,0,0,0,0,0,0,0,0,0,0,0,0,0,0,0,0,0,0,0,0,0,0,0,0,0,0,0,0,0,0,0,0,0,0,0,0,0,0,0,0,0,0,0,0,0,0,0,0,0,0,0,0,0,0,0,0,0,0,0,0,0,0,0,0,0,0,0,0,0,0,0,-351,-366,-355,-37,-28,-15,2,26,52,69,72,71,62,41,9,-30,-60,-79,-86,-71,-33,0,33,62,78,79,64,27,-22,-53,-75,-91,-85,-55,-6,47,88,114,109,81,28,-31,-85,-120,-121,-92,-42,24,87,139,169,148,79,-8,-102,-178,-210,-199,-131,-34,76,180,246,257,208,108,-29,-167,-276,-327,-306,-209,-61,106,252,352,382,320,179,-6,-193,-351,-425,-402,-289,-107,103,295,428,467,397,235,17,-207,-391,-482,-467,-346,-152,84,300,451,498,436,270,43,-181,-363,-467,-461,-350,-164,56,270,416,457,396,258,52,-166,-337,-420,-404,-291,-114,84,262,379,0,325,164,-36,-217,-345,-390,-339,-206,-19,170,318,393,374,266,91,-106,-278,-389,-405,-326,-174,17,209,355,411,371,255,84,-108,-280,-391,-403,-319,-167,15,190,320,368,331,232,80,-87,-231,-319,-329,-259,-146,-2,141,241,273,245,163,48,-72,-168,-216,-210,-159,-68,29,108,161,169,131,72,-7,-79,-128,-140,-116,-56,15,73,116,133,115,68,4,-55,-100,-121,-112,-80,-26,35,83,113,121,98,55,0,-56,-92,-98,-85,-62,-28,20,56,75,78,63,33,-6,-32,-49,-63,-52,-25,-2,23,45,55,52,29,-2,-31,-50,-63,-70,-65,-44,-18,9,-262,-318
28647,mtk,MTK 7916,2776014755,rx0-tx0,512,0,0,0,0,0,0,0,0,0,0,0,0,0,0,0,0,0,0,0,0,0,0,0,0,0,0,0,0,0,0,0,0,0,0,0,0,0,0,0,0,0,0,0,0,0,0,0,0,0,0,0,0,0,0,0,0,0,0,0,0,0,0,0,0,0,0,0,0,0,0,0,0,0,0,0,0,0,0,0,0,0,0,0,0,0,0,0,0,0,0,0,0,0,0,0,0,0,0,0,0,0,0,0,0,0,0,0,0,0,0,0,0,0,0,0,0,0,0,0,0,0,0,0,0,0,0,0,0,0,0,0,0,0,0,0,0,0,0,0,0,0,0,0,0,0,0,0,0,0,0,0,0,0,0,0,0,0,0,0,0,0,0,0,0,0,0,0,0,0,0,0,0,0,0,0,0,0,0,0,0,0,0,0,0,0,0,0,0,0,0,0,0,0,0,0,0,0,0,0,0,0,0,0,0,0,0,0,0,0,0,0,0,0,0,0,0,0,0,0,0,0,0,0,0,0,0,0,0,0,0,0,0,0,0,0,0,0,0,0,0,0,0,0,0,0,0,0,0,0,0,0,0,0,0,0,0,-273,-823,-745,-218,-188,-112,0,115,219,296,341,354,339,299,232,148,47,-54,-156,-258,-347,-418,-464,-484,-479,-438,-371,-279,-153,-12,141,289,426,534,617,677,685,656,581,470,342,176,2,-163,-332,-483,-602,-699,-761,-780,-760,-713,-626,-503,-361,-193,-15,160,336,512,659,771,856,903,895,846,765,635,469,280,80,-136,-352,-544,-716,-844,-940,-984,-985,-944,-841,-705,-533,-331,-121,97,310,502,671,804,894,938,944,910,828,716,567,401,222,32,-149,-318,-472,-597,-696,-774,-817,-823,-797,-740,-659,-550,-425,-284,-134,26,182,331,476,604,704,784,831,843,832,772,680,566,-1687,245,62,-118,-307,-488,-643,-765,-855,-921,-948,-921,-864,-766,-644,-490,-310,-115,85,280,469,645,800,919,1005,1051,1062,1014,919,791,623,413,183,-60,-311,-565,-795,-986,-1134,-1229,-1276,-1264,-1188,-1051,-862,-627,-350,-54,244,536,809,1039,1227,1350,1406,1399,1309,1158,943,696,403,88,-229,-540,-808,-1046,-1227,-1342,-1394,-1373,-1291,-1138,-927,-676,-395,-94,222,529,797,1027,1197,1309,1364,1340,1245,1080,859,586,282,-36,-361,-654,-919,-1117,-1254,-1319,-1294,-1197,-1022,-788,-518,-219,101,399,663,880,1036,1132,1153,1100,978,797,566,299,9,-290,-576,-829,-1020,-1131,-1133,-1009,-759,-404,2,327,-962,-926,0,0,0,0,0,0,0,0,0,0,0,0,0,0,0,0,0,0,0,0,0,0,0,0,0,0,0,0,0,0,0,0,0,0,0,0,0,0,0,0,0,0,0,0,0,0,0,0,0,0,0,0,0,0,0,0,0,0,0,0,0,0,0,0,0,0,0,0,0,0,0,0,0,0,0,0,0,0,0,0,0,0,0,0,0,0,0,0,0,0,0,0,0,0,0,0,0,0,0,0,0,0,0,0,0,0,0,0,0,0,0,0,0,0,0,0,0,0,0,0,0,0,0,0,0,0,0,0,0,0,0,0,0,0,0,0,0,0,0,0,0,0,0,0,0,0,0,0,0,0,0,0,0,0,0,0,0,0,0,0,0,0,0,0,0,0,0,0,0,0,0,0,0,0,0,0,0,0,0,0,0,0,0,0,0,0,0,0,0,0,0,0,0,0,0,0,0,0,0,0,0,0,0,0,0,0,0,0,0,0,0,0,0,0,0,0,0,0,0,0,0,0,0,0,0,0,0,0,0,0,0,0,0,0,0,0,0,0,0,0,0,0,0,0,0,0,0,0,0,0,0,0,0,0,0,0,-1322,523,629,86,183,270,314,308,256,173,72,-33,-132,-222,-298,-359,-394,-405,-388,-349,-283,-194,-89,28,155,280,388,486,553,591,593,555,474,359,230,73,-98,-262,-418,-543,-645,-718,-741,-731,-683,-584,-462,-324,-164,9,177,346,500,629,731,801,827,819,779,697,567,421,249,51,-156,-344,-531,-698,-817,-903,-951,-960,-915,-817,-679,-506,-306,-92,116,332,531,699,843,934,980,982,936,847,716,549,356,157,-41,-239,-421,-585,-716,-811,-874,-893,-869,-810,-718,-597,-468,-317,-153,13,177,327,468,587,680,751,792,803,784,740,668,561,430,286,118,-50,-224,-394,-542,-679,-175,-872,-903,-900,-860,-780,-665,-523,-361,-179,19,216,396,567,709,832,923,972,983,949,877,771,626,460,271,60,-162,-393,-597,-781,-949,-1075,-1147,-1172,-1151,-1075,-941,-754,-527,-278,-10,269,547,803,1021,1194,1309,1352,1344,1271,1129,927,676,385,82,-232,-537,-819,-1057,-1239,-1362,-1408,-1394,-1304,-1152,-952,-693,-405,-93,221,522,798,1027,1202,1318,1371,1358,1268,1116,909,648,365,56,-258,-558,-826,-1054,-1232,-1326,-1353,-1300,-1173,-982,-728,-434,-115,205,509,784,1001,1150,1234,1235,1155,1009,808,556,277,-15,-303,-566,-789,-961,-1067,-1111,-1074,-962,-767,-500,-179,180,532,831,1020,1048,929,146,282
28648,mtk,MTK 7916,2776014755,rx0-tx1,512,0,0,0,0,0,0,0,0,0,0,0,0,0,0,0,0,0,0,0,0,0,0,0,0,0,0,0,0,0,0,0,0,0,0,0,0,0,0,0,0,0,0,0,0,0,0,0,0,0,0,0,0,0,0,0,0,0,0,0,0,0,0,0,0,0,0,0,0,0,0,0,0,0,0,0,0,0,0,0,0,0,0,0,0,0,0,0,0,0,0,0,0,0,0,0,0,0,0,0,0,0,0,0,0,0,0,0,0,0,0,0,0,0,0,0,0,0,0,0,0,0,0,0,0,0,0,0,0,0,0,0,0,0,0,0,0,0,0,0,0,0,0,0,0,0,0,0,0,0,0,0,0,0,0,0,0,0,0,0,0,0,0,0,0,0,0,0,0,0,0,0,0,0,0,0,0,0,0,0,0,0,0,0,0,0,0,0,0,0,0,0,0,0,0,0,0,0,0,0,0,0,0,0,0,0,0,0,0,0,0,0,0,0,0,0,0,0,0,0,0,0,0,0,0,0,0,0,0,0,0,0,0,0,0,0,0,0,0,0,0,0,0,0,0,0,0,0,0,0,0,0,0,0,0,0,0,-730,533,525,93,-8,-143,-267,-358,-395,-381,-328,-236,-127,1,137,260,374,466,522,554,545,487,399,276,125,-43,-214,-380,-533,-661,-752,-790,-781,-712,-608,-469,-296,-89,132,340,538,713,847,937,985,974,905,798,646,437,213,-24,-271,-511,-729,-909,-1045,-1127,-1163,-1149,-1055,-911,-727,-497,-231,39,308,576,810,1003,1159,1263,1304,1273,1183,1039,841,598,327,45,-238,-520,-792,-1018,-1200,-1326,-1382,-1383,-1315,-1179,-988,-747,-476,-181,128,437,721,971,1184,1331,1412,1434,1381,1262,1098,878,608,312,8,-295,-590,-853,-1081,-1248,-1357,-1408,-1393,-1314,-1175,-983,-744,-478,-185,104,392,662,896,1097,-546,1340,1362,1332,1251,1110,917,690,440,161,-134,-414,-675,-909,-1103,-1258,-1353,-1388,-1365,-1280,-1130,-931,-693,-421,-122,186,482,766,1014,1215,1357,1436,1445,1388,1272,1089,853,573,273,-31,-339,-632,-894,-1111,-1274,-1371,-1401,-1371,-1284,-1135,-930,-686,-413,-127,162,442,701,924,1100,1227,1297,1299,1251,1144,986,786,544,279,2,-279,-545,-786,-990,-1150,-1248,-1288,-1266,-1169,-1018,-814,-560,-286,10,310,589,838,1041,1186,1256,1259,1184,1042,840,590,308,5,-290,-557,-788,-960,-1066,-1106,-1072,-971,-814,-615,-383,-133,117,346,549,708,823,881,887,833,718,545,329,75,-202,-460,-673,-797,-798,-700,507,533,0,0,0,0,0,0,0,0,0,0,0,0,0,0,0,0,0,0,0,0,0,0,0,0,0,0,0,0,0,0,0,0,0,0,0,0,0,0,0,0,0,0,0,0,0,0,0,0,0,0,0,0,0,0,0,0,0,0,0,0,0,0,0,0,0,0,0,0,0,0,0,0,0,0,0,0,0,0,0,0,0,0,0,0,0,0,0,0,0,0,0,0,0,0,0,0,0,0,0,0,0,0,0,0,0,0,0,0,0,0,0,0,0,0,0,0,0,0,0,0,0,0,0,0,0,0,0,0,0,0,0,0,0,0,0,0,0,0,0,0,0,0,0,0,0,0,0,0,0,0,0,0,0,0,0,0,0,0,0,0,0,0,0,0,0,0,0,0,0,0,0,0,0,0,0,0,0,0,0,0,0,0,0,0,0,0,0,0,0,0,0,0,0,0,0,0,0,0,0,0,0,0,0,0,0,0,0,0,0,0,0,0,0,0,0,0,0,0,0,0,0,0,0,0,0,0,0,0,0,0,0,0,0,0,0,0,0,0,0,0,0,0,0,0,0,0,0,0,0,0,0,0,0,0,0,0,-128,-116,-193,-232,-291,-295,-235,-128,7,140,263,360,427,464,454,409,334,228,104,-35,-189,-335,-461,-563,-638,-669,-655,-601,-497,-358,-183,6,202,396,565,710,817,884,888,848,760,616,433,232,14,-219,-440,-639,-826,-963,-1040,-1082,-1064,-986,-852,-676,-459,-220,33,301,558,775,968,1122,1210,1230,1204,1118,963,769,537,270,-13,-297,-565,-808,-1022,-1188,-1291,-1339,-1326,-1258,-1118,-919,-680,-402,-109,189,492,768,1013,1202,1331,1406,1420,1362,1229,1046,816,537,244,-67,-379,-660,-913,-1133,-1299,-1394,-1422,-1393,-1297,-1141,-932,-671,-394,-93,209,497,761,994,1174,1306,1372,1374,1327,1212,1045,836,1197,296,9,-265,-537,-790,-1003,-1168,-1288,-1360,-1363,-1301,-1192,-1023,-818,-568,-292,-4,287,568,825,1044,1223,1354,1419,1412,1347,1216,1029,786,510,212,-101,-411,-705,-965,-1176,-1326,-1414,-1439,-1399,-1287,-1117,-900,-636,-346,-46,251,538,800,1021,1190,1303,1354,1343,1277,1147,962,737,484,207,-77,-349,-609,-835,-1030,-1178,-1262,-1290,-1257,-1167,-1020,-825,-585,-313,-31,263,541,788,1005,1162,1252,1285,1246,1141,974,747,473,180,-125,-419,-683,-911,-1078,-1184,-1213,-1155,-1037,-855,-625,-364,-82,196,451,664,827,935,982,959,881,753,585,384,158,-74,-304,-514,-690,-819,-885,-863,-747,-545,-266,38,279,95,20
28649,mtk,MTK 7916,2776014755,rx1-tx0,512,0,0,0,0,0,0,0,0,0,0,0,0,0,0,0,0,0,0,0,0,0,0,0,0,0,0,0,0,0,0,0,0,0,0,0,0,0,0,0,0,0,0,0,0,0,0,0,0,0,0,0,0,0,0,0,0,0,0,0,0,0,0,0,0,0,0,0,0,0,0,0,0,0,0,0,0,0,0,0,0,0,0,0,0,0,0,0,0,0,0,0,0,0,0,0,0,0,0,0,0,0,0,0,0,0,0,0,0,0,0,0,0,0,0,0,0,0,0,0,0,0,0,0,0,0,0,0,0,0,0,0,0,0,0,0,0,0,0,0,0,0,0,0,0,0,0,0,0,0,0,0,0,0,0,0,0,0,0,0,0,0,0,0,0,0,0,0,0,0,0,0,0,0,0,0,0,0,0,0,0,0,0,0,0,0,0,0,0,0,0,0,0,0,0,0,0,0,0,0,0,0,0,0,0,0,0,0,0,0,0,0,0,0,0,0,0,0,0,0,0,0,0,0,0,0,0,0,0,0,0,0,0,0,0,0,0,0,0,0,0,0,0,0,0,0,0,0,0,0,0,0,0,0,0,0,0,146,908,834,133,174,179,142,73,-7,-89,-160,-213,-243,-251,-230,-196,-143,-72,4,79,155,217,268,294,298,282,246,197,121,43,-37,-123,-187,-239,-285,-307,-302,-284,-251,-207,-146,-76,-1,72,132,185,216,236,256,251,239,215,177,135,95,56,2,-54,-87,-122,-153,-173,-184,-188,-190,-180,-168,-146,-128,-108,-83,-55,-21,-4,31,53,81,114,147,176,197,220,239,252,245,223,186,140,84,20,-65,-151,-223,-295,-341,-382,-412,-405,-373,-331,-257,-170,-69,44,141,240,331,394,445,478,478,455,407,328,240,139,32,-79,-183,-288,-374,-442,-485,-504,-506,-472,-420,-340,-144,-126,-7,110,227,334,422,487,532,544,526,477,402,302,191,65,-55,-166,-279,-370,-437,-482,-505,-497,-463,-406,-326,-234,-130,-16,88,186,275,345,400,428,435,417,381,321,258,182,97,8,-72,-154,-230,-284,-332,-359,-358,-345,-321,-282,-224,-163,-97,-15,56,124,183,228,258,271,280,276,256,215,173,124,69,21,-33,-81,-123,-158,-183,-202,-213,-215,-213,-192,-164,-127,-97,-48,6,51,99,143,183,204,224,233,221,197,155,111,60,0,-56,-120,-169,-199,-230,-243,-227,-194,-158,-112,-47,28,84,131,176,204,216,214,189,136,75,3,-67,-126,-164,-166,994,987,0,0,0,0,0,0,0,0,0,0,0,0,0,0,0,0,0,0,0,0,0,0,0,0,0,0,0,0,0,0,0,0,0,0,0,0,0,0,0,0,0,0,0,0,0,0,0,0,0,0,0,0,0,0,0,0,0,0,0,0,0,0,0,0,0,0,0,0,0,0,0,0,0,0,0,0,0,0,0,0,0,0,0,0,0,0,0,0,0,0,0,0,0,0,0,0,0,0,0,0,0,0,0,0,0,0,0,0,0,0,0,0,0,0,0,0,0,0,0,0,0,0,0,0,0,0,0,0,0,0,0,0,0,0,0,0,0,0,0,0,0,0,0,0,0,0,0,0,0,0,0,0,0,0,0,0,0,0,0,0,0,0,0,0,0,0,0,0,0,0,0,0,0,0,0,0,0,0,0,0,0,0,0,0,0,0,0,0,0,0,0,0,0,0,0,0,0,0,0,0,0,0,0,0,0,0,0,0,0,0,0,0,0,0,0,0,0,0,0,0,0,0,0,0,0,0,0,0,0,0,0,0,0,0,0,0,0,0,0,0,0,0,0,0,0,0,0,0,0,0,0,0,0,0,0,0,206,-467,-596,67,2,-80,-157,-207,-225,-215,-178,-118,-46,33,110,170,228,264,275,269,240,188,121,43,-39,-119,-186,-248,-290,-304,-307,-285,-244,-195,-130,-48,36,107,174,230,263,282,291,276,251,205,145,101,49,-10,-64,-120,-161,-187,-204,-221,-229,-213,-189,-169,-139,-107,-71,-36,3,36,67,98,114,132,146,162,167,176,181,171,158,143,127,100,70,31,-8,-61,-114,-175,-228,-272,-302,-329,-346,-328,-294,-238,-169,-96,3,107,197,286,363,415,453,456,440,405,334,255,161,51,-64,-174,-276,-362,-427,-475,-497,-492,-462,-411,-336,-243,-138,-28,91,204,304,401,147,513,527,515,481,420,333,231,109,-18,-138,-260,-362,-440,-492,-517,-517,-497,-445,-360,-258,-154,-39,79,185,284,364,421,459,469,455,422,359,283,193,102,7,-84,-179,-251,-309,-355,-380,-381,-372,-350,-299,-235,-167,-90,-8,69,140,207,255,287,319,329,314,289,244,191,131,73,11,-53,-111,-159,-191,-226,-242,-249,-238,-218,-193,-159,-119,-79,-34,10,57,100,135,160,189,216,219,213,201,176,133,88,38,-17,-75,-125,-169,-204,-231,-239,-233,-209,-164,-120,-63,3,72,123,165,207,233,228,205,179,134,79,16,-44,-112,-169,-203,-215,-195,-153,-87,-23,-54,-198
28650,mtk,MTK 7916,2776014755,rx1-tx1,512,0,0,0,0,0,0,0,0,0,0,0,0,0,0,0,0,0,0,0,0,0,0,0,0,0,0,0,0,0,0,0,0,0,0,0,0,0,0,0,0,0,0,0,0,0,0,0,0,0,0,0,0,0,0,0,0,0,0,0,0,0,0,0,0,0,0,0,0,0,0,0,0,0,0,0,0,0,0,0,0,0,0,0,0,0,0,0,0,0,0,0,0,0,0,0,0,0,0,0,0,0,0,0,0,0,0,0,0,0,0,0,0,0,0,0,0,0,0,0,0,0,0,0,0,0,0,0,0,0,0,0,0,0,0,0,0,0,0,0,0,0,0,0,0,0,0,0,0,0,0,0,0,0,0,0,0,0,0,0,0,0,0,0,0,0,0,0,0,0,0,0,0,0,0,0,0,0,0,0,0,0,0,0,0,0,0,0,0,0,0,0,0,0,0,0,0,0,0,0,0,0,0,0,0,0,0,0,0,0,0,0,0,0,0,0,0,0,0,0,0,0,0,0,0,0,0,0,0,0,0,0,0,0,0,0,0,0,0,0,0,0,0,0,0,0,0,0,0,0,0,0,0,0,0,0,0,-411,-135,-234,41,23,1,-28,-58,-81,-93,-87,-68,-32,14,51,80,95,87,55,12,-37,-76,-99,-96,-70,-29,13,55,84,91,77,43,3,-37,-63,-74,-65,-43,-11,22,41,42,33,28,16,2,-2,-3,-7,-4,-4,-11,-23,-28,-24,-18,-6,19,49,63,62,45,13,-33,-71,-92,-90,-62,-11,46,95,130,125,79,12,-54,-109,-138,-125,-79,-7,67,126,149,130,72,-5,-79,-131,-144,-121,-64,10,83,132,140,103,40,-32,-95,-126,-118,-81,-22,40,88,107,96,56,1,-52,-84,-84,-64,-26,22,56,61,50,25,-11,-40,-51,-34,-3,26,49,53,0,-2,-46,-78,-89,-70,-21,49,111,147,144,94,9,-85,-167,-208,-192,-115,-2,117,215,261,233,136,-6,-156,-261,-297,-259,-152,11,171,287,330,283,156,-12,-177,-296,-338,-284,-151,20,186,305,340,280,139,-34,-195,-298,-324,-254,-118,51,195,285,297,219,82,-72,-205,-278,-272,-186,-47,104,226,287,264,173,35,-115,-234,-285,-259,-161,-25,113,217,266,244,157,27,-108,-211,-258,-237,-152,-35,80,176,225,214,151,53,-50,-137,-183,-179,-129,-50,37,106,145,147,104,37,-34,-97,-135,-132,-99,-39,34,96,133,138,112,62,0,-66,-116,-144,-147,-124,151,57,0,0,0,0,0,0,0,0,0,0,0,0,0,0,0,0,0,0,0,0,0,0,0,0,0,0,0,0,0,0,0,0,0,0,0,0,0,0,0,0,0,0,0,0,0,0,0,0,0,0,0,0,0,0,0,0,0,0,0,0,0,0,0,0,0,0,0,0,0,0,0,0,0,0,0,0,0,0,0,0,0,0,0,0,0,0,0,0,0,0,0,0,0,0,0,0,0,0,0,0,0,0,0,0,0,0,0,0,0,0,0,0,0,0,0,0,0,0,0,0,0,0,0,0,0,0,0,0,0,0,0,0,0,0,0,0,0,0,0,0,0,0,0,0,0,0,0,0,0,0,0,0,0,0,0,0,0,0,0,0,0,0,0,0,0,0,0,0,0,0,0,0,0,0,0,0,0,0,0,0,0,0,0,0,0,0,0,0,0,0,0,0,0,0,0,0,0,0,0,0,0,0,0,0,0,0,0,0,0,0,0,0,0,0,0,0,0,0,0,0,0,0,0,0,0,0,0,0,0,0,0,0,0,0,0,0,0,0,0,0,0,0,0,0,0,0,0,0,0,0,0,0,0,0,0,0,-92,-522,-506,48,69,79,79,68,41,5,-27,-60,-88,-97,-81,-46,0,45,76,90,89,65,20,-25,-65,-93,-94,-74,-37,5,42,69,80,68,42,9,-23,-53,-62,-53,-28,-6,12,21,28,24,19,11,4,4,14,12,3,-9,-23,-37,-46,-49,-35,-3,32,63,81,76,50,14,-35,-79,-101,-100,-75,-16,54,109,131,121,74,6,-64,-121,-147,-132,-79,-1,82,130,143,126,70,-10,-84,-131,-149,-124,-57,25,95,131,134,99,33,-37,-91,-119,-106,-63,-8,46,86,98,76,34,-11,-51,-75,-73,-47,-7,28,50,53,34,-1,-30,-42,-40,-16,21,0,69,62,28,-27,-80,-112,-117,-86,-22,61,138,175,161,100,4,-108,-201,-239,-213,-128,1,136,238,281,250,144,-7,-160,-272,-314,-275,-155,14,180,295,333,280,156,-14,-189,-306,-338,-285,-153,22,187,302,329,257,118,-44,-196,-290,-304,-236,-99,68,209,290,285,206,71,-82,-212,-281,-271,-184,-47,105,226,280,258,162,21,-119,-231,-279,-255,-163,-30,111,213,257,241,159,34,-90,-187,-236,-219,-147,-45,65,157,203,196,140,48,-50,-123,-167,-166,-122,-44,37,101,135,135,99,35,-39,-97,-132,-135,-97,-38,28,92,137,150,136,100,46,-12,-68,-480,-499
28651,mtk,MTK 7916,2776014755,rx2-tx0,512,0,0,0,0,0,0,0,0,0,0,0,0,0,0,0,0,0,0,0,0,0,0,0,0,0,0,0,0,0,0,0,0,0,0,0,0,0,0,0,0,0,0,0,0,0,0,0,0,0,0,0,0,0,0,0,0,0,0,0,0,0,0,0,0,0,0,0,0,0,0,0,0,0,0,0,0,0,0,0,0,0,0,0,0,0,0,0,0,0,0,0,0,0,0,0,0,0,0,0,0,0,0,0,0,0,0,0,0,0,0,0,0,0,0,0,0,0,0,0,0,0,0,0,0,0,0,0,0,0,0,0,0,0,0,0,0,0,0,0,0,0,0,0,0,0,0,0,0,0,0,0,0,0,0,0,0,0,0,0,0,0,0,0,0,0,0,0,0,0,0,0,0,0,0,0,0,0,0,0,0,0,0,0,0,0,0,0,0,0,0,0,0,0,0,0,0,0,0,0,0,0,0,0,0,0,0,0,0,0,0,0,0,0,0,0,0,0,0,0,0,0,0,0,0,0,0,0,0,0,0,0,0,0,0,0,0,0,0,0,0,0,0,0,0,0,0,0,0,0,0,0,0,0,0,0,0,-136,689,673,-24,-51,-74,-88,-88,-74,-47,-10,30,62,81,83,68,39,2,-35,-62,-79,-78,-55,-22,11,40,60,69,64,49,25,-2,-32,-57,-72,-71,-60,-40,-11,23,61,88,94,81,47,-2,-59,-103,-130,-129,-93,-24,55,125,166,168,120,37,-62,-155,-205,-198,-142,-37,86,185,235,224,141,13,-124,-235,-284,-250,-141,15,177,293,323,257,112,-70,-240,-347,-357,-258,-77,132,310,405,384,246,37,-190,-375,-455,-401,-227,12,252,428,484,399,196,-68,-316,-473,-495,-369,-137,137,371,498,479,325,77,-199,-420,-514,-456,-261,11,287,477,522,414,186,-101,0,-520,-527,-376,-106,199,440,565,526,324,27,-286,-519,-598,-503,-263,60,367,576,617,482,209,-129,-433,-618,-630,-460,-156,192,482,641,626,434,119,-230,-516,-661,-618,-404,-85,254,525,650,594,375,67,-253,-503,-613,-548,-337,-46,244,461,554,494,297,28,-232,-423,-492,-426,-246,-8,221,383,438,368,200,-12,-209,-337,-370,-303,-155,28,195,303,326,257,121,-43,-190,-275,-283,-217,-93,53,180,256,264,199,81,-55,-171,-241,-250,-196,-89,39,152,225,245,205,114,-4,-115,-195,-225,-206,-140,-39,66,152,204,209,169,92,-5,-93,-161,-198,-204,-172,-121,-51,644,665,0,0,0,0,0,0,0,0,0,0,0,0,0,0,0,0,0,0,0,0,0,0,0,0,0,0,0,0,0,0,0,0,0,0,0,0,0,0,0,0,0,0,0,0,0,0,0,0,0,0,0,0,0,0,0,0,0,0,0,0,0,0,0,0,0,0,0,0,0,0,0,0,0,0,0,0,0,0,0,0,0,0,0,0,0,0,0,0,0,0,0,0,0,0,0,0,0,0,0,0,0,0,0,0,0,0,0,0,0,0,0,0,0,0,0,0,0,0,0,0,0,0,0,0,0,0,0,0,0,0,0,0,0,0,0,0,0,0,0,0,0,0,0,0,0,0,0,0,0,0,0,0,0,0,0,0,0,0,0,0,0,0,0,0,0,0,0,0,0,0,0,0,0,0,0,0,0,0,0,0,0,0,0,0,0,0,0,0,0,0,0,0,0,0,0,0,0,0,0,0,0,0,0,0,0,0,0,0,0,0,0,0,0,0,0,0,0,0,0,0,0,0,0,0,0,0,0,0,0,0,0,0,0,0,0,0,0,0,0,0,0,0,0,0,0,0,0,0,0,0,0,0,0,0,0,0,1335,-94,-210,67,58,38,10,-21,-52,-79,-91,-85,-63,-29,9,47,73,81,72,49,14,-23,-55,-73,-72,-61,-39,-5,28,48,62,67,58,40,14,-14,-43,-63,-77,-78,-60,-28,14,64,98,114,105,69,14,-52,-111,-145,-145,-106,-33,53,134,182,183,132,40,-68,-162,-219,-216,-147,-35,94,203,258,238,149,9,-143,-257,-299,-253,-131,41,206,315,336,258,98,-101,-276,-375,-367,-250,-56,160,337,422,386,241,13,-226,-408,-474,-406,-216,40,285,450,490,389,175,-93,-334,-481,-490,-356,-111,163,394,513,477,296,31,-246,-452,-527,-445,-229,54,321,494,523,0,153,-147,-401,-542,-525,-350,-63,247,488,585,515,293,-15,-328,-546,-609,-497,-236,94,398,592,620,471,184,-164,-463,-633,-632,-449,-136,212,505,658,629,422,98,-250,-528,-657,-603,-387,-73,259,520,635,575,361,52,-261,-492,-587,-523,-322,-39,240,443,526,464,276,22,-224,-398,-458,-393,-223,6,219,362,403,333,175,-23,-208,-328,-350,-275,-135,35,187,280,295,230,99,-52,-185,-267,-276,-205,-82,59,182,254,256,195,81,-46,-161,-234,-250,-200,-101,21,129,203,234,204,123,13,-97,-177,-218,-208,-152,-59,43,133,195,217,194,139,60,-22,-92,-140,-171,230,129
28652,mtk,MTK 7916,2776014755,rx2-tx1,512,0,0,0,0,0,0,0,0,0,0,0,0,0,0,0,0,0,0,0,0,0,0,0,0,0,0,0,0,0,0,0,0,0,0,0,0,0,0,0,0,0,0,0,0,0,0,0,0,0,0,0,0,0,0,0,0,0,0,0,0,0,0,0,0,0,0,0,0,0,0,0,0,0,0,0,0,0,0,0,0,0,0,0,0,0,0,0,0,0,0,0,0,0,0,0,0,0,0,0,0,0,0,0,0,0,0,0,0,0,0,0,0,0,0,0,0,0,0,0,0,0,0,0,0,0,0,0,0,0,0,0,0,0,0,0,0,0,0,0,0,0,0,0,0,0,0,0,0,0,0,0,0,0,0,0,0,0,0,0,0,0,0,0,0,0,0,0,0,0,0,0,0,0,0,0,0,0,0,0,0,0,0,0,0,0,0,0,0,0,0,0,0,0,0,0,0,0,0,0,0,0,0,0,0,0,0,0,0,0,0,0,0,0,0,0,0,0,0,0,0,0,0,0,0,0,0,0,0,0,0,0,0,0,0,0,0,0,0,0,0,0,0,0,0,0,0,0,0,0,0,0,0,0,0,0,0,236,-358,-359,-5,-25,-44,-57,-59,-54,-39,-14,18,45,62,65,53,28,-6,-41,-67,-68,-52,-21,15,50,73,79,59,21,-29,-76,-102,-98,-67,-10,48,96,120,107,53,-14,-78,-123,-143,-117,-48,36,106,155,165,119,32,-64,-153,-201,-195,-120,-1,122,212,245,209,104,-36,-167,-265,-294,-228,-90,78,228,324,325,227,61,-132,-296,-378,-349,-223,-31,176,344,417,369,214,-14,-239,-393,-442,-372,-194,46,274,429,457,350,140,-105,-323,-448,-448,-320,-105,143,348,448,421,274,47,-193,-367,-436,-381,-215,8,224,374,405,317,134,-82,-263,-367,-355,-231,-41,156,0,356,303,152,-47,-230,-343,-356,-256,-73,129,286,359,329,194,-3,-200,-334,-375,-301,-138,66,248,358,364,270,94,-111,-288,-370,-345,-220,-38,152,291,354,314,179,-6,-178,-296,-330,-263,-124,44,193,283,282,201,73,-72,-191,-244,-226,-144,-22,103,183,208,167,84,-19,-112,-170,-168,-113,-19,70,129,144,118,63,-17,-93,-134,-133,-93,-32,35,96,129,116,68,4,-62,-103,-118,-92,-42,11,56,85,94,75,31,-18,-54,-72,-67,-44,-9,27,50,61,54,28,-6,-33,-41,-39,-28,0,24,35,39,28,7,-19,-40,-54,-60,-44,-15,16,37,53,-293,-329,0,0,0,0,0,0,0,0,0,0,0,0,0,0,0,0,0,0,0,0,0,0,0,0,0,0,0,0,0,0,0,0,0,0,0,0,0,0,0,0,0,0,0,0,0,0,0,0,0,0,0,0,0,0,0,0,0,0,0,0,0,0,0,0,0,0,0,0,0,0,0,0,0,0,0,0,0,0,0,0,0,0,0,0,0,0,0,0,0,0,0,0,0,0,0,0,0,0,0,0,0,0,0,0,0,0,0,0,0,0,0,0,0,0,0,0,0,0,0,0,0,0,0,0,0,0,0,0,0,0,0,0,0,0,0,0,0,0,0,0,0,0,0,0,0,0,0,0,0,0,0,0,0,0,0,0,0,0,0,0,0,0,0,0,0,0,0,0,0,0,0,0,0,0,0,0,0,0,0,0,0,0,0,0,0,0,0,0,0,0,0,0,0,0,0,0,0,0,0,0,0,0,0,0,0,0,0,0,0,0,0,0,0,0,0,0,0,0,0,0,0,0,0,0,0,0,0,0,0,0,0,0,0,0,0,0,0,0,0,0,0,0,0,0,0,0,0,0,0,0,0,0,0,0,0,0,-351,-138,-81,49,47,39,22,-4,-31,-49,-62,-64,-51,-24,7,41,59,61,50,25,-16,-53,-75,-80,-58,-22,22,63,90,91,67,22,-36,-86,-113,-103,-66,-2,66,115,124,108,62,-10,-91,-142,-142,-109,-38,50,129,174,177,126,26,-93,-186,-227,-199,-114,10,144,244,272,219,102,-45,-192,-294,-305,-222,-84,94,257,347,332,226,56,-152,-321,-394,-362,-224,-13,211,368,427,373,207,-23,-259,-421,-457,-363,-173,79,302,435,449,345,133,-122,-338,-458,-446,-300,-78,164,363,454,406,242,17,-204,-372,-427,-351,-178,40,245,373,384,273,89,-116,-283,-365,-330,0,-1,190,322,353,272,106,-92,-260,-351,-337,-216,-33,160,314,371,313,167,-35,-222,-345,-378,-296,-117,94,270,370,360,247,66,-134,-298,-369,-331,-202,-17,172,302,336,281,152,-21,-185,-289,-304,-230,-91,69,198,265,256,174,41,-96,-198,-238,-202,-109,7,110,176,190,146,51,-51,-131,-162,-146,-85,-2,71,123,144,116,44,-33,-101,-131,-123,-84,-17,55,107,126,111,67,3,-53,-96,-109,-88,-40,14,57,86,83,51,15,-19,-55,-70,-64,-36,-3,24,43,49,36,11,-14,-32,-39,-39,-18,9,33,43,45,27,0,-26,-57,-77,-75,-60,-42,-280,-226
28653,mtk,MTK 7916,2776045611,rx0-tx0,512,0,0,0,0,0,0,0,0,0,0,0,0,0,0,0,0,0,0,0,0,0,0,0,0,0,0,0,0,0,0,0,0,0,0,0,0,0,0,0,0,0,0,0,0,0,0,0,0,0,0,0,0,0,0,0,0,0,0,0,0,0,0,0,0,0,0,0,0,0,0,0,0,0,0,0,0,0,0,0,0,0,0,0,0,0,0,0,0,0,0,0,0,0,0,0,0,0,0,0,0,0,0,0,0,0,0,0,0,0,0,0,0,0,0,0,0,0,0,0,0,0,0,0,0,0,0,0,0,0,0,0,0,0,0,0,0,0,0,0,0,0,0,0,0,0,0,0,0,0,0,0,0,0,0,0,0,0,0,0,0,0,0,0,0,0,0,0,0,0,0,0,0,0,0,0,0,0,0,0,0,0,0,0,0,0,0,0,0,0,0,0,0,0,0,0,0,0,0,0,0,0,0,0,0,0,0,0,0,0,0,0,0,0,0,0,0,0,0,0,0,0,0,0,0,0,0,0,0,0,0,0,0,0,0,0,0,0,0,0,0,0,0,0,0,0,0,0,0,0,0,0,0,0,0,0,0,-273,-321,-510,-105,-39,55,146,221,271,286,276,240,185,118,39,-46,-126,-206,-272,-325,-364,-382,-386,-361,-315,-243,-153,-51,66,188,308,408,492,549,569,568,537,469,369,249,118,-28,-175,-314,-439,-543,-620,-676,-705,-690,-640,-573,-476,-355,-215,-57,106,267,424,565,683,775,837,858,834,772,674,536,375,195,0,-196,-392,-561,-713,-833,-909,-951,-943,-891,-798,-676,-514,-328,-131,79,273,458,626,755,848,903,918,909,843,740,613,467,299,122,-49,-215,-368,-502,-613,-704,-764,-791,-794,-766,-710,-630,-531,-413,-284,-144,4,154,300,433,549,657,739,784,818,808,764,704,-1687,490,340,183,7,-171,-335,-484,-622,-735,-824,-882,-902,-888,-843,-762,-657,-521,-363,-190,0,185,373,555,718,848,953,1032,1066,1052,992,897,759,580,373,143,-105,-356,-591,-804,-990,-1137,-1234,-1278,-1267,-1198,-1071,-888,-665,-414,-132,162,451,715,955,1153,1289,1370,1381,1331,1225,1049,829,574,287,-9,-302,-585,-837,-1049,-1205,-1302,-1342,-1325,-1248,-1103,-909,-672,-402,-116,173,461,718,945,1130,1258,1329,1319,1235,1098,894,645,365,60,-245,-527,-784,-994,-1138,-1217,-1223,-1167,-1033,-838,-604,-346,-71,203,460,681,864,996,1067,1070,1012,881,689,436,144,-177,-499,-785,-983,-1062,-978,-783,283,81,0,0,0,0,0,0,0,0,0,0,0,0,0,0,0,0,0,0,0,0,0,0,0,0,0,0,0,0,0,0,0,0,0,0,0,0,0,0,0,0,0,0,0,0,0,0,0,0,0,0,0,0,0,0,0,0,0,0,0,0,0,0,0,0,0,0,0,0,0,0,0,0,0,0,0,0,0,0,0,0,0,0,0,0,0,0,0,0,0,0,0,0,0,0,0,0,0,0,0,0,0,0,0,0,0,0,0,0,0,0,0,0,0,0,0,0,0,0,0,0,0,0,0,0,0,0,0,0,0,0,0,0,0,0,0,0,0,0,0,0,0,0,0,0,0,0,0,0,0,0,0,0,0,0,0,0,0,0,0,0,0,0,0,0,0,0,0,0,0,0,0,0,0,0,0,0,0,0,0,0,0,0,0,0,0,0,0,0,0,0,0,0,0,0,0,0,0,0,0,0,0,0,0,0,0,0,0,0,0,0,0,0,0,0,0,0,0,0,0,0,0,0,0,0,0,0,0,0,0,0,0,0,0,0,0,0,0,0,0,0,0,0,0,0,0,0,0,0,0,0,0,0,0,0,0,0,-1322,-895,-810,164,217,235,211,155,73,-16,-102,-182,-246,-292,-318,-321,-309,-277,-227,-160,-78,12,107,200,291,370,431,470,482,468,424,350,256,130,-3,-133,-271,-395,-501,-576,-624,-643,-627,-582,-508,-405,-278,-145,7,163,300,432,552,653,727,765,765,735,673,579,447,295,124,-60,-243,-417,-576,-714,-817,-892,-925,-911,-854,-746,-611,-440,-251,-56,147,341,517,677,812,898,949,954,912,838,717,564,391,205,20,-169,-354,-508,-639,-747,-827,-860,-858,-821,-755,-662,-547,-410,-260,-111,40,192,336,461,571,658,721,764,780,765,724,656,567,456,313,171,21,-145,-297,-445,-175,-692,-777,-832,-858,-844,-799,-732,-631,-498,-348,-175,4,182,350,510,654,780,874,937,966,955,911,829,706,551,385,189,-20,-240,-452,-645,-830,-980,-1096,-1167,-1188,-1148,-1059,-927,-752,-534,-284,-17,252,517,764,981,1152,1274,1346,1349,1286,1167,996,763,500,212,-87,-375,-660,-908,-1104,-1257,-1349,-1376,-1344,-1244,-1086,-875,-625,-357,-65,229,511,764,981,1154,1270,1323,1320,1250,1114,928,692,421,127,-182,-464,-730,-967,-1143,-1259,-1299,-1266,-1164,-1001,-776,-512,-227,68,356,626,842,1000,1101,1137,1111,1014,860,660,423,163,-105,-371,-618,-829,-992,-1084,-1089,-990,-784,-479,-108,271,537,-914,-944
28654,mtk,MTK 7916,2776045611,rx0-tx1,512,0,0,0,0,0,0,0,0,0,0,0,0,0,0,0,0,0,0,0,0,0,0,0,0,0,0,0,0,0,0,0,0,0,0,0,0,0,0,0,0,0,0,0,0,0,0,0,0,0,0,0,0,0,0,0,0,0,0,0,0,0,0,0,0,0,0,0,0,0,0,0,0,0,0,0,0,0,0,0,0,0,0,0,0,0,0,0,0,0,0,0,0,0,0,0,0,0,0,0,0,0,0,0,0,0,0,0,0,0,0,0,0,0,0,0,0,0,0,0,0,0,0,0,0,0,0,0,0,0,0,0,0,0,0,0,0,0,0,0,0,0,0,0,0,0,0,0,0,0,0,0,0,0,0,0,0,0,0,0,0,0,0,0,0,0,0,0,0,0,0,0,0,0,0,0,0,0,0,0,0,0,0,0,0,0,0,0,0,0,0,0,0,0,0,0,0,0,0,0,0,0,0,0,0,0,0,0,0,0,0,0,0,0,0,0,0,0,0,0,0,0,0,0,0,0,0,0,0,0,0,0,0,0,0,0,0,0,0,0,0,0,0,0,0,0,0,0,0,0,0,0,0,0,0,0,0,-730,-492,-569,-107,-210,-301,-342,-333,-274,-175,-56,69,187,299,388,451,487,489,457,397,301,177,38,-114,-268,-415,-537,-636,-701,-726,-707,-642,-533,-383,-216,-33,162,355,535,689,811,893,927,917,861,759,605,433,232,-2,-232,-455,-657,-830,-969,-1067,-1112,-1105,-1048,-939,-781,-593,-365,-110,144,393,631,846,1018,1145,1224,1255,1224,1134,993,805,580,337,68,-204,-467,-717,-947,-1123,-1257,-1331,-1346,-1310,-1207,-1053,-851,-602,-343,-61,232,510,761,992,1188,1308,1370,1381,1333,1223,1073,874,619,350,71,-218,-497,-746,-969,-1144,-1268,-1341,-1359,-1319,-1225,-1075,-884,-658,-397,-136,144,406,645,871,-546,1196,1284,1318,1306,1243,1125,962,768,537,280,12,-261,-524,-757,-975,-1154,-1281,-1356,-1380,-1345,-1255,-1118,-923,-679,-405,-118,182,478,757,997,1194,1344,1427,1449,1415,1318,1146,926,680,410,115,-190,-481,-747,-978,-1166,-1300,-1379,-1396,-1346,-1242,-1084,-888,-659,-396,-121,161,431,666,890,1062,1184,1265,1290,1260,1180,1046,863,640,397,134,-149,-416,-666,-883,-1066,-1199,-1268,-1280,-1230,-1123,-959,-740,-487,-209,85,379,637,866,1059,1178,1237,1227,1140,990,787,542,268,-15,-287,-537,-752,-911,-1009,-1043,-1018,-938,-790,-611,-404,-174,62,286,497,672,805,884,905,846,706,489,212,-97,-379,-556,-176,-285,0,0,0,0,0,0,0,0,0,0,0,0,0,0,0,0,0,0,0,0,0,0,0,0,0,0,0,0,0,0,0,0,0,0,0,0,0,0,0,0,0,0,0,0,0,0,0,0,0,0,0,0,0,0,0,0,0,0,0,0,0,0,0,0,0,0,0,0,0,0,0,0,0,0,0,0,0,0,0,0,0,0,0,0,0,0,0,0,0,0,0,0,0,0,0,0,0,0,0,0,0,0,0,0,0,0,0,0,0,0,0,0,0,0,0,0,0,0,0,0,0,0,0,0,0,0,0,0,0,0,0,0,0,0,0,0,0,0,0,0,0,0,0,0,0,0,0,0,0,0,0,0,0,0,0,0,0,0,0,0,0,0,0,0,0,0,0,0,0,0,0,0,0,0,0,0,0,0,0,0,0,0,0,0,0,0,0,0,0,0,0,0,0,0,0,0,0,0,0,0,0,0,0,0,0,0,0,0,0,0,0,0,0,0,0,0,0,0,0,0,0,0,0,0,0,0,0,0,0,0,0,0,0,0,0,0,0,0,0,0,0,0,0,0,0,0,0,0,0,0,0,0,0,0,0,0,-128,-333,-218,-224,-192,-100,24,149,268,355,404,413,389,334,242,136,11,-120,-243,-362,-466,-543,-591,-601,-573,-503,-399,-268,-104,72,252,421,576,694,779,828,827,783,687,554,393,196,-13,-223,-422,-612,-772,-899,-995,-1030,-1011,-952,-845,-688,-496,-275,-41,195,436,659,855,1008,1122,1181,1177,1130,1033,885,692,463,214,-51,-320,-569,-800,-994,-1144,-1251,-1300,-1291,-1223,-1109,-941,-725,-479,-202,78,357,630,869,1078,1232,1327,1382,1369,1285,1151,977,744,474,201,-83,-372,-639,-873,-1085,-1242,-1329,-1373,-1363,-1285,-1159,-977,-751,-508,-234,45,321,588,819,1013,1172,1280,1333,1339,1267,1157,1009,1197,591,324,63,-199,-457,-703,-911,-1086,-1220,-1307,-1340,-1321,-1239,-1115,-950,-735,-486,-219,57,341,607,858,1077,1247,1360,1426,1430,1365,1233,1050,830,568,273,-31,-329,-623,-888,-1100,-1264,-1379,-1436,-1420,-1342,-1211,-1026,-796,-535,-256,32,316,583,827,1031,1190,1296,1339,1325,1247,1130,972,759,529,276,2,-266,-522,-756,-955,-1109,-1213,-1276,-1270,-1210,-1098,-930,-722,-466,-195,81,358,616,851,1044,1178,1256,1276,1217,1096,921,687,418,135,-160,-444,-696,-901,-1052,-1141,-1158,-1106,-995,-815,-596,-351,-97,152,397,601,755,867,928,932,876,769,608,407,178,-71,-332,-571,-759,-863,-854,-722,-531,-531,-484
28655,mtk,MTK 7916,2776045611,rx1-tx0,512,0,0,0,0,0,0,0,0,0,0,0,0,0,0,0,0,0,0,0,0,0,0,0,0,0,0,0,0,0,0,0,0,0,0,0,0,0,0,0,0,0,0,0,0,0,0,0,0,0,0,0,0,0,0,0,0,0,0,0,0,0,0,0,0,0,0,0,0,0,0,0,0,0,0,0,0,0,0,0,0,0,0,0,0,0,0,0,0,0,0,0,0,0,0,0,0,0,0,0,0,0,0,0,0,0,0,0,0,0,0,0,0,0,0,0,0,0,0,0,0,0,0,0,0,0,0,0,0,0,0,0,0,0,0,0,0,0,0,0,0,0,0,0,0,0,0,0,0,0,0,0,0,0,0,0,0,0,0,0,0,0,0,0,0,0,0,0,0,0,0,0,0,0,0,0,0,0,0,0,0,0,0,0,0,0,0,0,0,0,0,0,0,0,0,0,0,0,0,0,0,0,0,0,0,0,0,0,0,0,0,0,0,0,0,0,0,0,0,0,0,0,0,0,0,0,0,0,0,0,0,0,0,0,0,0,0,0,0,0,0,0,0,0,0,0,0,0,0,0,0,0,0,0,0,0,0,146,229,450,168,165,118,40,-52,-144,-207,-251,-263,-252,-223,-167,-101,-23,57,128,199,256,295,307,302,280,233,168,95,15,-63,-140,-208,-269,-313,-333,-332,-314,-278,-229,-172,-100,-21,57,125,186,230,256,280,295,286,265,241,201,154,112,60,7,-40,-89,-130,-171,-198,-217,-243,-254,-245,-235,-224,-190,-163,-133,-93,-44,6,51,95,146,188,233,273,310,334,339,341,318,281,240,167,82,-14,-113,-194,-281,-366,-431,-480,-495,-489,-458,-399,-327,-230,-122,-10,106,220,323,413,481,530,552,539,494,444,379,272,157,39,-79,-199,-308,-397,-480,-540,-564,-566,-537,-476,-144,-314,-197,-79,42,166,288,396,482,540,567,568,548,495,417,319,203,82,-39,-150,-259,-354,-431,-487,-514,-520,-498,-447,-380,-300,-206,-103,7,103,191,279,346,394,422,426,416,385,334,278,204,130,48,-38,-118,-184,-246,-290,-318,-333,-328,-315,-275,-235,-190,-139,-75,-11,42,97,151,190,212,233,240,230,221,199,168,136,96,58,20,-18,-58,-94,-124,-153,-178,-196,-214,-209,-195,-182,-149,-113,-66,-18,31,78,131,171,202,224,232,222,198,166,121,62,2,-57,-107,-155,-193,-213,-212,-204,-181,-141,-88,-40,18,72,126,166,190,191,169,126,60,6,-452,-252,0,0,0,0,0,0,0,0,0,0,0,0,0,0,0,0,0,0,0,0,0,0,0,0,0,0,0,0,0,0,0,0,0,0,0,0,0,0,0,0,0,0,0,0,0,0,0,0,0,0,0,0,0,0,0,0,0,0,0,0,0,0,0,0,0,0,0,0,0,0,0,0,0,0,0,0,0,0,0,0,0,0,0,0,0,0,0,0,0,0,0,0,0,0,0,0,0,0,0,0,0,0,0,0,0,0,0,0,0,0,0,0,0,0,0,0,0,0,0,0,0,0,0,0,0,0,0,0,0,0,0,0,0,0,0,0,0,0,0,0,0,0,0,0,0,0,0,0,0,0,0,0,0,0,0,0,0,0,0,0,0,0,0,0,0,0,0,0,0,0,0,0,0,0,0,0,0,0,0,0,0,0,0,0,0,0,0,0,0,0,0,0,0,0,0,0,0,0,0,0,0,0,0,0,0,0,0,0,0,0,0,0,0,0,0,0,0,0,0,0,0,0,0,0,0,0,0,0,0,0,0,0,0,0,0,0,0,0,0,0,0,0,0,0,0,0,0,0,0,0,0,0,0,0,0,0,206,1022,946,-27,-107,-182,-226,-236,-206,-150,-79,5,85,160,224,263,284,281,258,222,164,89,8,-72,-152,-225,-280,-314,-330,-330,-306,-258,-196,-123,-42,36,113,181,230,272,303,316,310,287,248,191,135,87,24,-43,-92,-141,-182,-212,-236,-259,-265,-260,-242,-217,-186,-143,-109,-65,-12,31,65,112,155,183,214,239,256,262,257,257,245,218,188,144,93,23,-36,-105,-180,-245,-306,-357,-392,-421,-419,-397,-361,-294,-215,-112,2,109,222,315,403,473,515,534,524,491,434,352,250,143,21,-103,-216,-317,-412,-485,-534,-556,-556,-525,-464,-390,-303,-188,-64,56,183,294,147,480,537,566,577,559,515,437,338,215,86,-42,-168,-283,-380,-460,-517,-544,-545,-519,-472,-398,-307,-203,-88,20,131,230,316,392,442,473,470,446,413,362,289,201,107,17,-69,-153,-225,-286,-332,-358,-375,-373,-347,-310,-259,-192,-131,-58,6,79,148,194,234,265,288,286,274,253,219,174,132,88,34,-14,-61,-103,-133,-163,-185,-199,-207,-201,-189,-175,-159,-135,-97,-60,-17,37,76,117,155,186,215,225,222,212,191,150,102,52,-4,-65,-119,-160,-198,-214,-221,-213,-195,-164,-117,-56,2,52,105,154,183,195,196,179,155,107,47,-18,-78,-127,-155,-155,907,995
28656,mtk,MTK 7916,2776045611,rx1-tx1,512,0,0,0,0,0,0,0,0,0,0,0,0,0,0,0,0,0,0,0,0,0,0,0,0,0,0,0,0,0,0,0,0,0,0,0,0,0,0,0,0,0,0,0,0,0,0,0,0,0,0,0,0,0,0,0,0,0,0,0,0,0,0,0,0,0,0,0,0,0,0,0,0,0,0,0,0,0,0,0,0,0,0,0,0,0,0,0,0,0,0,0,0,0,0,0,0,0,0,0,0,0,0,0,0,0,0,0,0,0,0,0,0,0,0,0,0,0,0,0,0,0,0,0,0,0,0,0,0,0,0,0,0,0,0,0,0,0,0,0,0,0,0,0,0,0,0,0,0,0,0,0,0,0,0,0,0,0,0,0,0,0,0,0,0,0,0,0,0,0,0,0,0,0,0,0,0,0,0,0,0,0,0,0,0,0,0,0,0,0,0,0,0,0,0,0,0,0,0,0,0,0,0,0,0,0,0,0,0,0,0,0,0,0,0,0,0,0,0,0,0,0,0,0,0,0,0,0,0,0,0,0,0,0,0,0,0,0,0,0,0,0,0,0,0,0,0,0,0,0,0,0,0,0,0,0,0,-411,-341,-223,52,63,65,54,33,2,-33,-64,-77,-80,-67,-39,2,42,71,83,79,54,16,-25,-65,-90,-91,-65,-27,16,56,75,76,63,35,-1,-32,-53,-58,-54,-41,-11,12,25,30,30,27,21,15,4,-5,-15,-27,-31,-32,-31,-28,-11,16,40,58,65,53,22,-13,-50,-80,-92,-75,-34,18,70,99,107,84,32,-34,-88,-121,-119,-87,-26,47,108,135,121,73,1,-64,-106,-126,-115,-63,14,81,122,123,95,43,-21,-80,-113,-110,-73,-21,38,78,95,84,45,-7,-51,-74,-72,-45,-9,22,49,57,37,-1,-28,-39,-36,-17,10,35,49,43,0,-43,-75,-89,-80,-39,33,98,138,144,102,25,-65,-146,-195,-190,-124,-22,98,200,250,224,133,2,-138,-249,-291,-253,-141,15,169,283,319,259,130,-35,-199,-308,-325,-256,-115,62,219,304,306,228,82,-92,-232,-301,-285,-189,-42,117,239,286,255,153,4,-141,-241,-268,-214,-100,44,179,255,253,184,61,-79,-196,-255,-245,-165,-38,93,205,256,231,146,27,-101,-205,-247,-218,-133,-23,93,181,221,202,128,20,-85,-163,-194,-173,-105,-17,69,132,156,133,76,7,-66,-121,-140,-116,-62,6,67,113,128,107,63,4,-62,-117,-144,-142,-115,-60,0,63,-521,-510,0,0,0,0,0,0,0,0,0,0,0,0,0,0,0,0,0,0,0,0,0,0,0,0,0,0,0,0,0,0,0,0,0,0,0,0,0,0,0,0,0,0,0,0,0,0,0,0,0,0,0,0,0,0,0,0,0,0,0,0,0,0,0,0,0,0,0,0,0,0,0,0,0,0,0,0,0,0,0,0,0,0,0,0,0,0,0,0,0,0,0,0,0,0,0,0,0,0,0,0,0,0,0,0,0,0,0,0,0,0,0,0,0,0,0,0,0,0,0,0,0,0,0,0,0,0,0,0,0,0,0,0,0,0,0,0,0,0,0,0,0,0,0,0,0,0,0,0,0,0,0,0,0,0,0,0,0,0,0,0,0,0,0,0,0,0,0,0,0,0,0,0,0,0,0,0,0,0,0,0,0,0,0,0,0,0,0,0,0,0,0,0,0,0,0,0,0,0,0,0,0,0,0,0,0,0,0,0,0,0,0,0,0,0,0,0,0,0,0,0,0,0,0,0,0,0,0,0,0,0,0,0,0,0,0,0,0,0,0,0,0,0,0,0,0,0,0,0,0,0,0,0,0,0,0,0,-92,463,547,-15,5,29,54,75,83,76,53,23,-14,-50,-72,-83,-79,-52,-10,35,71,88,83,57,16,-30,-66,-85,-87,-65,-30,9,45,68,67,55,34,7,-22,-40,-43,-41,-31,-17,1,11,18,20,20,18,18,17,12,2,-21,-39,-49,-50,-42,-17,22,55,72,76,64,30,-21,-64,-91,-99,-85,-44,17,79,118,115,80,26,-33,-90,-123,-122,-80,-16,57,108,132,116,64,-5,-69,-118,-134,-107,-48,22,83,119,119,87,27,-36,-85,-108,-100,-64,-12,41,79,90,70,30,-17,-52,-65,-56,-31,4,33,43,37,14,-13,-32,-35,-18,10,41,0,63,33,-14,-68,-110,-118,-90,-33,47,125,171,169,119,25,-83,-176,-219,-209,-139,-18,122,229,271,239,139,-9,-158,-266,-305,-261,-138,26,187,291,320,253,117,-50,-202,-303,-320,-245,-99,77,229,313,304,211,62,-97,-231,-299,-276,-170,-23,131,246,287,241,129,-16,-153,-246,-266,-197,-71,66,184,257,250,168,48,-91,-206,-260,-241,-160,-32,102,202,248,227,142,21,-103,-202,-242,-209,-127,-18,91,173,207,187,120,21,-78,-147,-173,-151,-94,-15,69,129,145,121,70,2,-71,-120,-133,-109,-59,6,70,115,135,125,86,25,-43,-96,-130,-142,-122,55,195
28657,mtk,MTK 7916,2776045611,rx2-tx0,512,0,0,0,0,0,0,0,0,0,0,0,0,0,0,0,0,0,0,0,0,0,0,0,0,0,0,0,0,0,0,0,0,0,0,0,0,0,0,0,0,0,0,0,0,0,0,0,0,0,0,0,0,0,0,0,0,0,0,0,0,0,0,0,0,0,0,0,0,0,0,0,0,0,0,0,0,0,0,0,0,0,0,0,0,0,0,0,0,0,0,0,0,0,0,0,0,0,0,0,0,0,0,0,0,0,0,0,0,0,0,0,0,0,0,0,0,0,0,0,0,0,0,0,0,0,0,0,0,0,0,0,0,0,0,0,0,0,0,0,0,0,0,0,0,0,0,0,0,0,0,0,0,0,0,0,0,0,0,0,0,0,0,0,0,0,0,0,0,0,0,0,0,0,0,0,0,0,0,0,0,0,0,0,0,0,0,0,0,0,0,0,0,0,0,0,0,0,0,0,0,0,0,0,0,0,0,0,0,0,0,0,0,0,0,0,0,0,0,0,0,0,0,0,0,0,0,0,0,0,0,0,0,0,0,0,0,0,0,0,0,0,0,0,0,0,0,0,0,0,0,0,0,0,0,0,0,-136,-45,119,49,30,2,-32,-61,-84,-92,-83,-58,-21,22,58,80,84,72,44,5,-36,-66,-81,-78,-57,-21,17,48,70,74,66,48,19,-11,-41,-68,-77,-72,-56,-24,17,54,82,98,96,68,17,-44,-98,-130,-134,-102,-38,43,121,166,167,119,34,-66,-154,-198,-187,-126,-22,97,196,235,207,119,-9,-145,-244,-273,-217,-87,72,216,299,293,194,34,-144,-284,-350,-304,-162,35,234,365,388,295,113,-114,-315,-419,-399,-261,-37,201,384,457,398,212,-39,-278,-437,-472,-362,-140,128,358,476,451,289,37,-226,-423,-493,-413,-207,68,320,471,481,340,94,-184,0,-523,-467,-263,25,307,496,537,415,164,-141,-413,-561,-536,-348,-61,254,496,592,511,273,-50,-360,-568,-609,-472,-195,145,443,610,595,412,113,-225,-505,-637,-585,-364,-38,293,533,622,534,295,-29,-336,-541,-591,-476,-228,73,344,517,540,408,167,-114,-353,-482,-468,-326,-100,143,337,428,392,247,45,-163,-320,-379,-326,-184,1,180,302,331,261,120,-50,-198,-285,-285,-206,-73,81,211,270,252,170,42,-96,-211,-264,-241,-155,-31,96,199,248,229,151,32,-92,-185,-232,-222,-156,-58,57,157,214,216,174,89,-15,-111,-184,-215,-201,-153,-78,7,85,138,166,-469,-353,0,0,0,0,0,0,0,0,0,0,0,0,0,0,0,0,0,0,0,0,0,0,0,0,0,0,0,0,0,0,0,0,0,0,0,0,0,0,0,0,0,0,0,0,0,0,0,0,0,0,0,0,0,0,0,0,0,0,0,0,0,0,0,0,0,0,0,0,0,0,0,0,0,0,0,0,0,0,0,0,0,0,0,0,0,0,0,0,0,0,0,0,0,0,0,0,0,0,0,0,0,0,0,0,0,0,0,0,0,0,0,0,0,0,0,0,0,0,0,0,0,0,0,0,0,0,0,0,0,0,0,0,0,0,0,0,0,0,0,0,0,0,0,0,0,0,0,0,0,0,0,0,0,0,0,0,0,0,0,0,0,0,0,0,0,0,0,0,0,0,0,0,0,0,0,0,0,0,0,0,0,0,0,0,0,0,0,0,0,0,0,0,0,0,0,0,0,0,0,0,0,0,0,0,0,0,0,0,0,0,0,0,0,0,0,0,0,0,0,0,0,0,0,0,0,0,0,0,0,0,0,0,0,0,0,0,0,0,0,0,0,0,0,0,0,0,0,0,0,0,0,0,0,0,0,0,1335,672,677,55,73,85,85,69,38,1,-39,-70,-87,-87,-67,-32,7,46,75,87,79,53,13,-27,-60,-73,-71,-62,-36,2,33,56,70,73,60,34,2,-28,-61,-85,-88,-75,-48,-2,45,85,113,115,85,25,-48,-111,-147,-149,-111,-41,45,127,180,179,121,27,-78,-165,-214,-199,-125,-9,120,219,255,211,103,-41,-182,-274,-280,-205,-65,104,250,329,305,182,1,-187,-328,-370,-297,-136,74,273,394,395,278,73,-159,-349,-443,-402,-241,-4,243,414,463,376,177,-80,-318,-462,-463,-329,-93,172,389,487,439,254,-11,-277,-459,-500,-383,-150,127,371,502,480,0,39,-244,-456,-535,-444,-210,85,357,530,542,388,115,-198,-455,-580,-529,-317,-10,307,535,601,488,234,-92,-397,-590,-608,-446,-153,186,477,626,594,395,81,-261,-525,-634,-563,-333,-8,310,535,609,508,268,-45,-342,-536,-571,-444,-201,93,354,504,502,364,130,-130,-343,-451,-429,-288,-71,159,331,398,355,215,19,-179,-312,-351,-292,-150,27,187,291,308,230,91,-65,-202,-279,-271,-184,-54,86,200,259,245,162,35,-101,-207,-256,-237,-156,-36,90,188,241,226,149,38,-75,-168,-217,-217,-164,-71,39,134,198,215,185,115,20,-76,-152,-199,-204,-172,-124,-56,453,556
28658,mtk,MTK 7916,2776045611,rx2-tx1,512,0,0,0,0,0,0,0,0,0,0,0,0,0,0,0,0,0,0,0,0,0,0,0,0,0,0,0,0,0,0,0,0,0,0,0,0,0,0,0,0,0,0,0,0,0,0,0,0,0,0,0,0,0,0,0,0,0,0,0,0,0,0,0,0,0,0,0,0,0,0,0,0,0,0,0,0,0,0,0,0,0,0,0,0,0,0,0,0,0,0,0,0,0,0,0,0,0,0,0,0,0,0,0,0,0,0,0,0,0,0,0,0,0,0,0,0,0,0,0,0,0,0,0,0,0,0,0,0,0,0,0,0,0,0,0,0,0,0,0,0,0,0,0,0,0,0,0,0,0,0,0,0,0,0,0,0,0,0,0,0,0,0,0,0,0,0,0,0,0,0,0,0,0,0,0,0,0,0,0,0,0,0,0,0,0,0,0,0,0,0,0,0,0,0,0,0,0,0,0,0,0,0,0,0,0,0,0,0,0,0,0,0,0,0,0,0,0,0,0,0,0,0,0,0,0,0,0,0,0,0,0,0,0,0,0,0,0,0,0,0,0,0,0,0,0,0,0,0,0,0,0,0,0,0,0,0,236,68,148,31,28,11,-11,-32,-48,-58,-54,-44,-21,7,35,53,57,48,23,-13,-48,-58,-59,-48,-19,21,55,72,69,44,5,-45,-86,-94,-67,-25,25,74,102,93,65,18,-51,-106,-134,-117,-54,30,100,146,155,110,22,-74,-157,-197,-174,-98,11,125,210,232,187,86,-55,-193,-271,-273,-186,-37,127,259,321,291,174,-7,-191,-329,-370,-294,-136,63,253,374,391,293,100,-131,-332,-430,-393,-246,-24,210,383,443,375,197,-40,-268,-423,-448,-336,-127,115,326,445,428,279,58,-184,-362,-423,-368,-201,32,250,383,396,297,109,-114,-294,-376,-339,-192,9,202,0,354,263,88,-115,-277,-349,-315,-179,16,202,325,348,259,84,-118,-287,-366,-333,-195,-2,194,335,373,295,131,-76,-259,-358,-344,-235,-54,137,289,356,312,172,-9,-182,-294,-320,-248,-103,68,218,294,272,177,38,-108,-221,-261,-216,-108,21,143,208,206,147,43,-72,-155,-188,-158,-78,16,101,147,145,91,10,-67,-125,-147,-117,-50,23,96,136,127,77,11,-52,-101,-123,-106,-55,10,69,101,109,77,26,-21,-59,-87,-86,-61,-20,28,63,75,57,28,2,-27,-48,-48,-30,-11,13,29,32,22,5,-20,-34,-30,-20,-6,14,39,57,61,54,37,-129,-59,0,0,0,0,0,0,0,0,0,0,0,0,0,0,0,0,0,0,0,0,0,0,0,0,0,0,0,0,0,0,0,0,0,0,0,0,0,0,0,0,0,0,0,0,0,0,0,0,0,0,0,0,0,0,0,0,0,0,0,0,0,0,0,0,0,0,0,0,0,0,0,0,0,0,0,0,0,0,0,0,0,0,0,0,0,0,0,0,0,0,0,0,0,0,0,0,0,0,0,0,0,0,0,0,0,0,0,0,0,0,0,0,0,0,0,0,0,0,0,0,0,0,0,0,0,0,0,0,0,0,0,0,0,0,0,0,0,0,0,0,0,0,0,0,0,0,0,0,0,0,0,0,0,0,0,0,0,0,0,0,0,0,0,0,0,0,0,0,0,0,0,0,0,0,0,0,0,0,0,0,0,0,0,0,0,0,0,0,0,0,0,0,0,0,0,0,0,0,0,0,0,0,0,0,0,0,0,0,0,0,0,0,0,0,0,0,0,0,0,0,0,0,0,0,0,0,0,0,0,0,0,0,0,0,0,0,0,0,0,0,0,0,0,0,0,0,0,0,0,0,0,0,0,0,0,0,-351,325,303,22,40,50,53,51,34,9,-16,-40,-52,-56,-45,-22,11,36,54,56,44,18,-13,-42,-61,-61,-44,-11,36,76,90,74,37,-14,-61,-93,-95,-67,-24,33,84,110,103,63,-4,-77,-132,-141,-107,-47,36,119,170,171,112,11,-95,-180,-219,-191,-102,32,159,241,253,186,63,-83,-222,-298,-284,-190,-25,155,297,348,298,160,-33,-228,-358,-386,-293,-114,99,296,415,410,282,66,-177,-366,-440,-391,-229,2,241,411,458,366,164,-89,-315,-441,-435,-309,-93,157,357,443,393,234,11,-219,-381,-417,-326,-146,74,270,381,369,245,49,-162,-315,-361,-296,0,60,236,342,333,216,31,-162,-304,-352,-293,-134,66,245,350,346,234,45,-158,-306,-370,-323,-177,30,234,359,367,267,86,-117,-286,-366,-336,-213,-29,164,295,337,278,138,-40,-202,-296,-305,-219,-70,87,211,276,250,138,-4,-134,-214,-236,-181,-72,51,152,200,178,108,9,-86,-147,-165,-119,-36,49,115,147,129,75,-6,-80,-129,-138,-102,-33,38,106,135,118,67,4,-60,-106,-116,-92,-45,15,67,98,92,65,23,-24,-67,-84,-74,-42,-4,34,51,53,44,18,-15,-33,-36,-30,-14,7,20,33,33,17,-7,-31,-47,-44,-36,-17,12,36,51,331,332
28659,mtk,MTK 7916,2776065605,rx0-tx0,512,-1687,-483,-301,-318,-336,-330,-294,-235,-148,-53,54,157,254,330,381,404,389,340,264,148,16,-121,-256,-368,-448,-490,-485,-429,-340,-216,-69,97,255,385,487,538,548,503,412,273,112,-57,-219,-365,-486,-556,-574,-548,-469,-347,-194,-20,154,305,438,529,579,584,533,445,312,138,-30,-205,-363,-494,-593,-639,-626,-556,-438,-295,-112,91,287,466,612,702,736,695,593,435,233,-2,-246,-464,-644,-776,-835,-814,-725,-556,-327,-65,206,459,677,845,922,903,808,625,383,101,-196,-471,-708,-867,-951,-944,-839,-658,-418,-132,164,446,675,854,949,945,851,686,456,178,-115,-403,-653,-832,-273,-949,-886,-728,-505,-231,66,349,604,807,933,974,922,779,568,297,-4,-307,-584,-805,-950,-1010,-970,-845,-632,-355,-48,274,573,821,981,1056,1040,907,692,405,65,-270,-591,-858,-1042,-1125,-1092,-948,-725,-424,-63,299,638,909,1089,1164,1120,952,691,359,-9,-375,-704,-955,-1116,-1144,-1054,-865,-590,-250,108,446,733,941,1048,1046,930,721,449,136,-190,-483,-712,-866,-929,-894,-769,-567,-318,-55,213,452,635,753,784,730,621,438,216,-14,-234,-428,-573,-653,-666,-608,-489,-319,-117,93,289,451,556,603,572,475,319,120,-92,-283,-435,-521,-524,-442,-296,-110,83,242,338,347,-840,-767,-546,-1273,-1345,208,265,268,218,121,-9,-144,-261,-337,-360,-327,-256,-146,-19,114,229,315,370,377,344,277,183,61,-68,-190,-298,-367,-400,-398,-353,-263,-145,-8,136,270,377,443,469,459,387,261,108,-55,-213,-354,-461,-513,-506,-454,-354,-207,-55,106,274,408,489,517,490,416,305,167,11,-143,-277,-388,-453,-473,-459,-388,-283,-160,-20,116,240,347,428,461,443,391,301,183,44,-96,-226,-325,-396,-432,-423,-370,-281,-175,-54,75,184,284,359,386,377,344,279,184,77,-35,-142,-234,-299,-339,-346,-323,-268,-197,-110,-16,81,165,235,280,303,301,271,224,150,76,-11,-100,-730,-232,-283,-310,-307,-276,-233,-157,-58,41,142,231,293,329,338,312,256,171,71,-38,-143,-228,-287,-318,-321,-291,-232,-160,-70,16,95,169,216,247,252,236,212,163,113,63,2,-64,-118,-156,-190,-211,-222,-219,-187,-155,-110,-50,21,98,159,215,257,280,276,247,195,120,38,-54,-144,-221,-276,-311,-315,-286,-234,-164,-71,25,111,197,264,295,310,293,253,197,119,37,-44,-125,-191,-248,-286,-295,-282,-246,-188,-114,-28,62,144,216,274,304,309,291,242,170,86,-7,-104,-187,-249,-295,-310,-306,-271,-215,-143,-53,37,128,202,252,292,308,299,265,203,136,-684,-929,-175,794,870,-96,-2,94,184,267,323,356,364,336,283,201,102,-15,-136,-246,-344,-416,-445,-442,-391,-303,-180,-37,117,258,375,465,520,525,470,379,244,88,-76,-243,-385,-497,-557,-565,-524,-437,-308,-145,23,188,344,468,553,585,562,496,387,243,81,-90,-258,-401,-518,-584,-596,-575,-500,-379,-220,-35,153,333,483,598,671,675,625,525,370,176,-44,-267,-463,-629,-740,-793,-764,-661,-502,-288,-32,220,462,667,811,882,867,767,599,366,87,-198,-470,-700,-861,-943,-933,-838,-651,-403,-119,180,461,689,861,951,946,848,672,440,150,-149,-425,-664,-846,-945,-956,-877,-710,-479,-1322,92,381,632,824,941,963,899,750,531,262,-31,-327,-588,-799,-941,-990,-952,-811,-594,-323,-18,285,567,804,962,1033,1006,878,658,380,66,-267,-581,-833,-1014,-1092,-1063,-936,-709,-411,-70,283,606,873,1070,1151,1116,971,723,400,36,-337,-680,-944,-1115,-1167,-1096,-914,-643,-302,71,422,725,961,1093,1101,1000,800,519,193,-150,-476,-732,-908,-991,-969,-847,-647,-388,-92,202,470,682,809,853,809,682,498,270,19,-216,-430,-602,-694,-715,-665,-552,-381,-179,41,253,434,564,628,622,550,418,238,36,-171,-352,-494,-572,-567,-486,-339,-147,66,254,392,458,435,336,180,20,336,511,1197,-522,-232,130,30,-95,-209,-294,-333,-310,-237,-119,16,144,255,338,370,353,291,203,91,-40,-165,-269,-349,-387,-382,-342,-259,-152,-30,105,235,340,410,443,433,370,262,123,-19,-169,-312,-426,-489,-498,-458,-366,-234,-72,95,250,391,476,505,504,447,335,187,23,-140,-284,-398,-473,-500,-474,-403,-296,-153,-13,133,269,365,438,461,444,387,296,177,28,-111,-234,-339,-411,-444,-434,-379,-284,-175,-45,90,212,310,374,405,393,346,283,179,57,-55,-162,-259,-328,-363,-366,-336,-278,-195,-97,7,113,199,266,307,326,308,264,204,121,35,-54,-131,-200,-250,-281,-297,-280,-128,-196,-121,-32,62,143,222,291,324,330,309,252,166,67,-39,-141,-233,-301,-339,-342,-307,-245,-165,-69,31,131,203,260,288,287,265,219,157,88,11,-53,-116,-165,-197,-218,-231,-223,-191,-152,-108,-57,1,68,128,171,211,243,255,237,203,156,93,12,-73,-155,-224,-272,-298,-302,-276,-219,-145,-58,39,130,207,270,309,313,294,251,174,91,4,-89,-165,-235,-277,-291,-290,-263,-216,-154,-72,12,89,167,231,280,304,299,270,223,150,57,-35,-128,-209,-265,-304,-319,-303,-259,-196,-113,-23,69,158,228,280,306,307,284,231,162,88,-1,-88,-173,-238,-288,-1188,-1019
28660,mtk,MTK 7916,2776065605,rx0-tx1,512,-144,279,168,-405,-134,150,428,661,848,961,987,937,795,579,313,24,-275,-555,-785,-952,-1037,-1023,-913,-731,-480,-184,126,433,699,907,1038,1074,1022,871,644,366,46,-283,-581,-835,-1020,-1113,-1105,-1002,-812,-544,-220,121,457,755,980,1120,1160,1089,929,684,382,41,-313,-622,-878,-1059,-1142,-1127,-1017,-814,-546,-227,110,437,727,950,1095,1139,1089,946,716,425,101,-242,-559,-836,-1040,-1151,-1163,-1073,-885,-612,-284,65,421,733,985,1160,1209,1155,1000,748,422,55,-310,-651,-931,-1120,-1201,-1177,-1041,-805,-499,-149,206,547,826,1026,1130,1127,1022,825,562,246,-81,-399,-675,-891,-1023,-1070,-1014,-862,146,-373,-72,237,524,767,939,1031,1029,932,752,508,223,-102,-409,-677,-893,-1021,-1052,-997,-842,-608,-323,-12,310,609,845,1005,1073,1042,909,695,419,106,-228,-536,-797,-980,-1074,-1064,-962,-775,-506,-190,144,466,748,958,1081,1104,1020,838,574,255,-93,-431,-722,-953,-1089,-1120,-1040,-845,-574,-254,96,435,719,935,1063,1082,984,795,520,195,-135,-457,-722,-903,-990,-980,-862,-662,-403,-106,188,448,661,798,851,820,704,525,297,42,-203,-418,-585,-694,-722,-678,-566,-395,-190,26,236,413,543,605,599,525,393,218,17,-175,-343,-468,-524,-498,-405,-255,-75,104,248,333,343,288,504,463,0,262,253,351,336,233,70,-120,-305,-447,-520,-508,-417,-263,-75,115,292,438,534,554,514,419,272,105,-78,-258,-412,-532,-591,-593,-539,-425,-270,-92,110,309,482,610,677,681,629,512,337,111,-134,-365,-569,-725,-821,-820,-750,-604,-381,-112,180,461,709,876,963,952,841,650,379,66,-256,-554,-791,-958,-1032,-1000,-875,-654,-364,-50,276,573,821,991,1058,1027,895,674,385,66,-266,-565,-811,-973,-1041,-1016,-889,-680,-408,-98,216,502,744,917,997,985,879,701,469,186,-110,-390,-638,-828,-943,-965,-907,-774,-564,-307,-24,263,525,746,901,973,956,861,683,450,166,-137,-427,-691,-411,-1005,-1039,-978,-829,-601,-308,17,344,647,889,1055,1131,1096,955,733,428,86,-270,-610,-889,-1093,-1192,-1176,-1046,-822,-519,-170,201,559,850,1068,1189,1199,1095,890,605,269,-85,-430,-736,-975,-1132,-1175,-1118,-969,-734,-434,-92,250,564,834,1038,1140,1147,1052,863,605,289,-49,-385,-689,-936,-1095,-1163,-1126,-994,-769,-483,-147,195,532,815,1034,1154,1175,1093,901,638,315,-36,-380,-703,-951,-1111,-1173,-1129,-986,-748,-451,-116,232,561,835,1028,1129,1131,1035,830,559,242,-92,-413,-703,-924,-1053,-1095,-1034,-881,-658,-373,-60,248,542,777,937,1017,1009,904,729,495,215,-79,-361,-610,-813,-36,88,147,-457,-512,883,964,969,883,721,497,227,-59,-347,-614,-820,-959,-1011,-985,-865,-664,-410,-108,204,496,743,933,1034,1045,967,799,569,278,-37,-355,-644,-870,-1030,-1102,-1070,-941,-733,-456,-131,201,518,791,1003,1122,1138,1056,872,613,297,-47,-388,-692,-938,-1099,-1170,-1120,-972,-748,-456,-121,216,536,807,1005,1121,1134,1050,874,627,322,-13,-337,-642,-892,-1062,-1147,-1126,-1011,-810,-530,-203,146,482,782,1012,1155,1195,1128,949,694,364,-1,-356,-689,-963,-1147,-1219,-1180,-1032,-785,-466,-106,256,601,883,1078,1171,1155,1033,811,525,196,-149,-478,-753,-961,-1076,-1092,-1015,-846,-605,-315,1,323,600,206,971,1042,1017,902,705,447,154,-161,-460,-717,-906,-1026,-1046,-962,-804,-568,-274,40,354,645,869,1012,1062,1020,878,655,376,57,-270,-570,-819,-987,-1075,-1058,-940,-739,-466,-148,184,495,768,969,1080,1087,995,809,544,225,-114,-449,-736,-955,-1089,-1118,-1032,-850,-584,-260,86,430,731,950,1081,1109,1016,821,559,233,-113,-440,-720,-933,-1040,-1044,-940,-736,-468,-164,156,455,693,855,925,896,783,593,343,76,-193,-430,-616,-739,-783,-738,-627,-458,-247,-13,209,410,557,643,661,605,484,313,115,-90,-282,-436,-537,-568,-527,-427,-270,-74,118,285,400,447,420,323,180,19,-109,-161,-276,0,-45,94,-36,-202,-352,-440,-453,-381,-239,-50,153,336,469,537,535,463,337,164,-32,-212,-378,-497,-562,-580,-524,-422,-265,-80,106,288,444,555,618,631,574,460,290,91,-122,-330,-515,-664,-755,-759,-696,-550,-356,-113,155,401,635,808,895,899,817,636,385,90,-226,-515,-765,-939,-1011,-984,-853,-645,-376,-53,269,570,821,979,1048,1014,886,671,382,57,-272,-574,-821,-984,-1058,-1026,-890,-668,-385,-73,243,540,781,946,1021,996,881,688,428,138,-162,-442,-679,-862,-965,-971,-894,-737,-517,-244,49,324,581,789,920,970,934,816,626,379,93,-199,-475,-713,-888,-988,-999,-921,-759,-92,-240,70,379,656,882,1031,1085,1042,899,665,375,34,-315,-629,-892,-1081,-1164,-1149,-1014,-781,-479,-118,244,591,881,1091,1200,1197,1074,852,559,213,-151,-501,-797,-1029,-1157,-1186,-1104,-926,-671,-349,6,344,654,908,1081,1162,1130,1009,806,522,191,-149,-487,-770,-991,-1126,-1159,-1093,-936,-689,-385,-47,291,610,873,1059,1151,1147,1039,841,565,233,-112,-462,-763,-994,-1138,-1178,-1116,-955,-698,-388,-41,311,635,897,1070,1152,1136,1013,797,511,182,-157,-488,-770,-972,-1094,-1112,-1036,-863,-606,-304,19,341,621,851,1000,1056,1025,901,691,429,136,-172,-464,-701,-879,-974,-987,-911,-765,-553,-249,-238
28661,mtk,MTK 7916,2776065605,rx1-tx0,512,0,411,358,634,459,255,23,-212,-425,-592,-711,-783,-783,-708,-577,-404,-197,33,265,471,632,758,808,800,720,574,379,147,-105,-344,-561,-735,-847,-893,-851,-739,-564,-332,-68,212,473,697,870,962,970,899,743,522,247,-62,-368,-649,-877,-1035,-1100,-1074,-946,-732,-433,-92,263,605,890,1114,1231,1224,1104,882,564,187,-211,-589,-923,-1163,-1297,-1309,-1198,-971,-645,-254,166,555,901,1154,1301,1323,1216,994,690,321,-84,-474,-816,-1086,-1246,-1281,-1219,-1029,-744,-398,-10,373,718,998,1186,1256,1210,1054,795,463,89,-293,-636,-935,-1123,-1205,-1182,-1042,-810,-496,-136,233,576,856,1048,1149,1134,1010,-136,509,168,-173,-499,-774,-971,-1081,-1081,-984,-795,-527,-218,118,433,703,897,1010,1029,939,759,527,243,-67,-360,-624,-821,-928,-949,-886,-740,-522,-260,19,295,533,718,828,860,817,692,509,281,33,-207,-429,-606,-716,-753,-733,-646,-511,-322,-116,93,299,464,591,666,677,640,542,396,218,19,-173,-364,-522,-628,-680,-658,-586,-461,-281,-82,134,332,497,614,676,662,581,445,267,59,-153,-342,-488,-589,-629,-605,-522,-382,-202,-13,177,344,477,548,558,512,412,278,115,-64,-229,-369,-462,-494,-470,-396,-270,-113,50,199,325,402,413,368,269,130,-11,-140,-228,-264,-238,-16,199,0,-298,-237,-116,-204,-248,-246,-198,-109,0,106,211,281,312,305,249,168,68,-46,-142,-223,-288,-325,-320,-284,-224,-142,-52,54,158,252,326,363,379,360,294,202,84,-55,-198,-315,-415,-485,-510,-474,-393,-259,-99,83,264,419,543,621,636,566,445,272,61,-154,-364,-548,-670,-723,-712,-627,-472,-272,-43,196,427,614,746,796,778,678,512,299,41,-225,-462,-661,-806,-863,-842,-742,-554,-314,-42,240,496,711,854,913,884,766,577,322,34,-248,-519,-736,-877,-944,-912,-792,-596,-339,-41,253,521,737,896,959,918,805,601,342,57,-237,-503,-725,-880,-946,-920,-808,-624,-384,-101,236,438,666,846,928,932,859,699,468,197,-92,-371,-623,-818,-933,-970,-919,-773,-559,-295,3,307,578,797,935,997,966,841,642,382,87,-216,-505,-741,-918,-1000,-990,-901,-730,-483,-199,100,403,658,856,993,1036,986,847,630,353,46,-272,-570,-813,-988,-1080,-1072,-963,-770,-496,-175,157,480,758,978,1101,1125,1049,866,605,293,-53,-408,-713,-940,-1099,-1146,-1086,-927,-678,-365,-13,333,636,889,1061,1129,1084,940,719,430,103,-227,-537,-791,-968,-1057,-1041,-931,-742,-484,-188,125,420,670,860,964,975,908,752,531,276,-12,-295,-545,-733,-856,-905,-862,-756,-582,-353,-102,157,393,6,-159,0,3,214,-496,-658,-763,-803,-770,-666,-515,-330,-114,119,340,530,673,770,801,759,650,494,288,55,-179,-405,-596,-743,-833,-849,-793,-665,-474,-240,19,282,521,723,866,931,918,819,654,426,154,-135,-415,-674,-867,-998,-1037,-992,-848,-627,-338,-16,312,625,888,1084,1172,1160,1034,813,512,147,-237,-597,-916,-1156,-1279,-1284,-1168,-939,-608,-227,184,574,918,1175,1314,1324,1210,984,661,286,-124,-521,-863,-1123,-1281,-1310,-1216,-1011,-721,-355,29,413,771,1041,1216,1277,1215,1041,777,435,52,-327,-678,-968,-1160,-1241,-1200,-1052,-800,-466,-108,257,600,883,1084,1179,1160,1030,798,497,156,-207,-532,1335,-1017,-1117,-1106,-1001,-795,-523,-198,141,456,736,931,1043,1052,959,776,528,236,-86,-399,-663,-855,-979,-997,-919,-759,-524,-249,40,328,582,775,887,916,859,716,512,269,8,-252,-491,-671,-782,-820,-779,-679,-507,-292,-67,159,364,535,656,706,702,637,514,361,173,-30,-227,-407,-543,-639,-673,-650,-573,-435,-264,-59,149,336,503,621,674,669,595,461,290,80,-136,-336,-498,-612,-659,-639,-550,-412,-242,-45,152,335,487,578,607,572,476,332,154,-26,-204,-349,-457,-520,-520,-463,-356,-207,-44,120,270,387,449,449,396,294,147,-10,-158,-278,-343,-346,-291,-191,-67,52,-411,-361,0,-38,-190,-177,-115,-16,90,192,267,293,281,227,129,19,-94,-196,-265,-311,-316,-282,-227,-149,-48,59,153,234,299,335,342,314,256,165,62,-49,-174,-283,-364,-417,-433,-397,-337,-240,-104,64,228,375,486,556,576,531,428,274,87,-123,-325,-485,-618,-680,-674,-605,-466,-268,-52,171,394,580,706,764,744,651,492,281,43,-205,-446,-635,-778,-839,-807,-700,-536,-309,-43,223,483,692,829,893,866,759,571,320,36,-252,-512,-727,-874,-934,-909,-795,-587,-330,-37,259,524,741,891,954,917,796,601,349,49,-245,-517,-745,-888,-954,-924,-801,-609,-365,-77,211,483,702,855,925,-351,813,657,424,150,-127,-400,-644,-827,-931,-946,-881,-736,-511,-244,42,337,599,801,937,987,945,810,597,328,34,-272,-545,-766,-924,-996,-978,-875,-687,-433,-136,171,452,703,889,993,1021,953,786,565,288,-21,-325,-609,-836,-993,-1060,-1034,-906,-697,-427,-114,214,523,788,986,1090,1096,1008,825,560,232,-108,-442,-738,-960,-1098,-1146,-1080,-901,-652,-342,16,358,672,922,1082,1149,1088,936,704,398,61,-280,-580,-827,-1006,-1086,-1063,-941,-729,-460,-149,176,472,726,910,1012,1014,921,747,507,223,-68,-352,-605,-792,-911,-950,-896,-759,-554,-312,-37,229,462,666,799,861,842,752,305,256
28662,mtk,MTK 7916,2776065605,rx1-tx1,512,0,0,0,-308,-571,-705,-687,-509,-212,130,441,653,709,605,363,36,-298,-560,-696,-671,-486,-188,159,465,663,705,582,321,-17,-356,-614,-731,-679,-466,-142,218,535,729,759,607,307,-63,-424,-695,-807,-733,-486,-114,285,619,817,833,659,328,-89,-492,-789,-905,-816,-542,-142,296,675,904,931,752,400,-48,-488,-814,-966,-910,-641,-229,232,639,896,952,795,457,25,-411,-755,-923,-877,-631,-248,188,582,836,891,747,430,20,-390,-712,-858,-806,-574,-210,206,569,794,839,692,377,-23,-415,-710,-843,-781,-537,-166,244,602,817,842,679,354,-60,-464,-760,-877,-798,-538,-146,280,649,0,911,726,372,-66,-495,-826,-976,-903,-623,-192,283,702,977,1045,879,504,6,-497,-893,-1106,-1079,-817,-365,177,687,1045,1183,1070,719,202,-360,-851,-1164,-1223,-1020,-592,-39,525,988,1235,1209,924,443,-139,-696,-1111,-1276,-1154,-783,-237,366,891,1221,1294,1086,635,45,-556,-1051,-1327,-1314,-1022,-508,116,721,1184,1398,1310,959,414,-220,-808,-1221,-1389,-1272,-891,-330,282,829,1205,1332,1187,808,277,-305,-808,-1134,-1226,-1071,-702,-208,311,751,1029,1094,936,598,156,-305,-688,-920,-972,-827,-525,-135,266,611,822,870,758,515,188,-165,-478,-696,-791,-757,-604,-375,-110,150,356,485,535,511,0,0,0,0,0,197,107,-8,-149,-292,-410,-476,-474,-397,-252,-48,176,375,515,576,532,389,165,-104,-355,-548,-646,-613,-462,-221,63,362,601,717,685,512,239,-102,-429,-676,-794,-750,-540,-225,130,484,763,872,799,568,214,-188,-555,-820,-915,-824,-560,-180,235,607,858,926,808,519,123,-289,-631,-847,-881,-728,-420,-31,352,645,806,796,601,275,-97,-437,-678,-764,-677,-439,-106,246,538,706,708,556,280,-66,-400,-635,-731,-659,-438,-118,231,526,707,731,590,311,-37,-373,-632,-759,-717,-512,-192,162,484,705,770,663,417,87,-257,-542,-709,-719,-568,-299,31,348,579,674,616,424,0,-168,-434,-599,-617,-486,-245,53,333,531,602,534,339,65,-230,-472,-606,-597,-445,-185,121,400,588,636,537,312,9,-298,-541,-662,-628,-448,-160,179,482,673,704,574,311,-35,-386,-650,-771,-720,-497,-152,228,570,792,831,688,393,-4,-414,-726,-878,-845,-626,-264,164,559,829,926,818,521,116,-306,-654,-861,-881,-714,-384,26,422,710,839,786,554,205,-179,-516,-729,-770,-632,-354,-2,340,593,703,653,447,137,-195,-473,-641,-652,-508,-243,79,379,587,655,570,348,40,-276,-528,-659,-635,-461,-181,142,435,636,693,582,342,19,-311,-567,-692,-667,-490,-197,142,451,0,0,0,0,0,648,437,122,-221,-514,-687,-706,-565,-298,39,368,605,702,634,420,107,-230,-511,-677,-685,-531,-253,86,412,642,722,633,397,63,-294,-580,-731,-716,-536,-226,142,481,711,779,668,397,26,-360,-666,-823,-791,-574,-218,188,561,812,878,742,430,21,-399,-741,-920,-883,-652,-274,171,586,874,965,837,521,87,-369,-740,-940,-935,-726,-352,103,529,834,947,849,557,140,-299,-666,-878,-890,-695,-347,81,479,766,880,787,507,120,-295,-641,-829,-827,-637,-301,109,491,753,837,729,453,70,-333,-663,-835,-816,-612,-259,160,538,787,861,742,452,52,-370,-709,-888,-861,-638,0,179,584,861,947,816,497,57,-408,-785,-988,-980,-753,-345,146,609,948,1083,980,656,181,-344,-803,-1097,-1153,-948,-538,-6,530,959,1192,1170,884,402,-166,-702,-1091,-1249,-1136,-782,-246,345,862,1189,1259,1047,616,47,-542,-1020,-1268,-1242,-942,-434,171,739,1158,1331,1210,828,271,-345,-902,-1273,-1374,-1181,-747,-153,482,1014,1331,1379,1145,668,57,-555,-1046,-1328,-1339,-1072,-594,-8,571,1021,1256,1234,966,508,-41,-559,-953,-1151,-1110,-847,-423,66,529,873,1028,975,736,359,-75,-476,-773,-910,-867,-659,-333,46,405,678,823,815,668,415,108,-205,-467,-643,-711,-673,-548,-365,-169,11,0,0,0,0,0,243,329,379,379,320,206,45,-144,-324,-458,-528,-516,-415,-234,3,249,456,588,608,516,318,55,-227,-481,-645,-676,-583,-380,-82,247,529,710,751,642,401,70,-289,-604,-792,-824,-692,-413,-37,355,677,862,875,708,385,-12,-408,-736,-908,-894,-706,-370,48,446,750,904,867,646,287,-121,-491,-755,-857,-775,-530,-171,215,548,748,780,645,372,20,-334,-609,-742,-703,-503,-193,151,463,671,722,610,357,21,-315,-585,-725,-697,-509,-208,143,462,679,748,652,412,73,-278,-572,-744,-749,-594,-316,37,379,632,750,709,511,204,-137,-441,-646,-702,-604,-375,-68,252,507,0,619,464,201,-111,-390,-564,-605,-508,-292,-9,279,502,608,568,393,118,-183,-442,-602,-624,-499,-248,59,355,564,649,585,383,82,-244,-519,-672,-664,-505,-227,110,437,664,735,641,399,59,-310,-616,-787,-779,-593,-268,128,501,771,873,778,505,123,-285,-642,-869,-905,-730,-392,24,436,757,910,867,632,259,-167,-546,-803,-880,-762,-476,-96,294,617,801,794,602,286,-82,-423,-658,-738,-650,-411,-78,260,536,678,654,480,193,-137,-425,-605,-649,-539,-300,15,326,560,658,603,407,112,-210,-487,-651,-666,-530,-265,64,378,606,699,631,418,107,-233,-522,-686,-695,-554,0,0
28663,mtk,MTK 7916,2776065605,rx2-tx0,512,0,0,0,-238,-519,-700,-728,-589,-326,15,349,602,724,687,497,199,-141,-455,-656,-713,-606,-364,-45,281,544,681,661,495,222,-102,-404,-607,-664,-574,-357,-58,252,497,624,610,456,198,-99,-369,-555,-602,-507,-300,-23,259,468,568,535,373,121,-157,-390,-530,-544,-425,-205,63,316,490,542,467,274,9,-252,-451,-553,-524,-366,-113,168,409,558,581,464,229,-55,-330,-537,-622,-558,-370,-91,209,464,611,624,492,245,-59,-349,-559,-639,-574,-373,-89,216,471,618,632,501,246,-66,-359,-573,-657,-588,-388,-107,197,462,618,633,507,267,-31,-324,-535,-624,-572,-388,-113,178,425,0,602,475,237,-51,-329,-531,-606,-538,-348,-76,216,465,603,602,461,206,-100,-382,-585,-663,-588,-370,-62,261,528,679,684,529,255,-86,-411,-649,-742,-671,-446,-118,239,551,740,770,627,339,-33,-406,-690,-822,-773,-550,-198,207,576,820,883,764,477,76,-353,-716,-929,-942,-750,-393,49,487,830,1006,963,715,325,-134,-571,-887,-1027,-949,-674,-264,198,615,900,1004,903,624,220,-220,-615,-872,-945,-828,-556,-176,232,586,813,874,763,500,150,-220,-536,-736,-788,-690,-465,-160,161,444,637,698,631,452,203,-71,-324,-511,-601,-590,-488,-317,-117,79,245,354,397,385,330,0,0,0,0,0,245,219,158,58,-74,-217,-342,-424,-439,-387,-265,-97,102,293,437,511,497,383,192,-36,-270,-455,-545,-541,-435,-238,17,278,483,592,592,475,246,-42,-316,-534,-650,-634,-482,-229,77,377,603,709,669,488,208,-112,-415,-631,-719,-661,-467,-176,157,451,644,700,614,399,97,-216,-473,-624,-643,-524,-300,-13,270,486,588,563,416,177,-96,-333,-488,-526,-446,-266,-24,220,402,483,453,313,97,-137,-343,-471,-484,-379,-185,55,283,454,520,462,294,63,-189,-405,-533,-537,-423,-210,50,307,497,573,517,347,103,-166,-404,-552,-575,-469,-253,24,295,503,598,552,382,0,-158,-409,-573,-610,-509,-294,1,295,513,621,593,428,165,-136,-411,-597,-644,-546,-323,-18,290,529,650,624,458,183,-136,-420,-611,-666,-570,-346,-40,275,528,658,637,469,200,-123,-418,-611,-661,-565,-334,-26,292,540,665,638,463,174,-159,-460,-653,-697,-578,-327,0,331,585,708,674,484,179,-166,-473,-673,-721,-606,-354,-22,318,583,710,678,492,201,-136,-436,-639,-697,-591,-347,-30,288,538,658,631,458,179,-140,-425,-605,-636,-525,-296,1,296,522,625,573,389,115,-182,-439,-595,-615,-484,-239,58,346,563,651,577,374,79,-243,-505,-653,-661,-518,-251,71,383,0,0,0,0,0,690,510,216,-120,-437,-663,-740,-651,-420,-97,251,533,698,708,562,290,-46,-372,-605,-703,-644,-443,-139,188,470,645,671,538,288,-21,-325,-552,-651,-603,-414,-133,172,433,589,610,488,255,-35,-315,-518,-592,-525,-340,-78,200,428,549,537,399,169,-104,-348,-502,-535,-442,-238,22,283,473,546,492,314,59,-208,-431,-556,-551,-412,-168,116,377,555,603,510,297,18,-274,-508,-627,-599,-435,-164,143,415,593,637,534,312,16,-284,-521,-641,-615,-444,-169,140,416,598,646,548,322,21,-284,-528,-652,-617,-449,-190,116,399,588,638,548,336,44,-254,-489,-612,-590,-435,0,106,373,551,594,498,288,15,-270,-493,-600,-567,-403,-141,156,423,598,633,520,290,-16,-321,-556,-673,-638,-452,-164,169,470,668,720,608,353,14,-329,-606,-756,-731,-536,-224,144,487,727,802,703,443,80,-309,-638,-833,-844,-663,-334,74,480,784,923,859,609,227,-219,-624,-900,-989,-869,-561,-136,326,722,968,1013,852,516,73,-387,-767,-983,-998,-815,-462,-22,421,769,956,947,748,401,-20,-427,-736,-895,-872,-682,-358,34,404,686,827,798,619,324,-26,-356,-605,-732,-720,-571,-320,-24,268,501,633,646,552,369,133,-106,-313,-457,-521,-505,-423,-291,-137,2,114,0,0,0,0,0,100,197,284,345,368,331,233,92,-77,-242,-378,-466,-477,-401,-249,-49,170,372,502,539,475,322,103,-142,-371,-532,-587,-530,-363,-116,157,410,589,648,566,369,95,-209,-474,-646,-685,-584,-365,-71,247,522,684,703,585,348,36,-287,-550,-696,-694,-546,-287,17,318,560,680,646,473,210,-90,-368,-566,-631,-555,-363,-99,181,407,538,555,444,234,-22,-265,-441,-511,-456,-294,-64,172,363,464,462,342,137,-99,-312,-461,-502,-422,-242,1,247,436,527,502,361,129,-130,-363,-516,-559,-474,-284,-23,238,449,564,556,416,180,-99,-356,-531,-586,-510,-316,-47,234,464,0,589,455,212,-84,-361,-555,-624,-551,-355,-81,221,475,616,620,490,240,-66,-358,-569,-657,-592,-392,-105,207,477,638,653,523,271,-39,-343,-570,-664,-607,-411,-120,199,472,638,660,523,268,-44,-353,-587,-677,-606,-402,-101,226,500,660,665,517,255,-72,-395,-628,-714,-633,-405,-88,249,536,696,704,551,267,-83,-402,-632,-722,-648,-426,-106,236,521,689,699,544,269,-59,-369,-591,-681,-617,-408,-103,215,478,637,643,500,240,-70,-360,-563,-632,-553,-346,-61,238,479,604,587,436,175,-130,-403,-585,-631,-534,-309,-7,301,538,654,620,444,165,-161,-453,-643,-692,-587,0,0
28664,mtk,MTK 7916,2776065605,rx2-tx1,512,0,0,0,244,507,666,688,563,315,-14,-334,-582,-711,-684,-510,-233,95,407,632,719,646,439,138,-195,-488,-669,-702,-586,-340,-22,302,558,688,666,500,225,-107,-417,-627,-703,-629,-418,-112,219,504,682,711,583,335,18,-312,-574,-712,-693,-527,-249,76,386,611,699,638,447,166,-150,-418,-593,-648,-560,-350,-72,210,441,574,589,470,257,-3,-253,-441,-525,-502,-375,-163,69,270,406,445,389,255,75,-118,-270,-360,-372,-293,-153,3,152,258,305,280,196,76,-54,-167,-236,-250,-204,-119,-13,92,166,198,187,130,45,-44,-107,-138,-140,-110,-58,9,64,101,112,92,45,0,-56,-94,-99,-75,-30,23,70,105,116,98,56,-5,-63,-108,-127,-122,-86,-32,27,86,126,135,117,77,20,-35,-76,-100,-105,-88,-51,-9,21,42,44,34,20,-2,-17,-14,-3,14,40,62,69,64,34,-22,-86,-138,-164,-160,-125,-56,33,124,202,246,241,189,96,-28,-154,-254,-310,-303,-237,-116,29,168,275,340,335,260,132,-24,-177,-299,-354,-345,-267,-141,17,172,286,344,337,262,132,-20,-162,-274,-335,-327,-252,-127,14,150,254,305,297,233,125,-3,-124,-224,-283,-289,-236,-141,-27,90,188,249,269,243,182,100,10,-77,-146,-186,-197,-181,-146,0,0,0,0,0,-68,-30,22,83,142,188,208,199,168,106,26,-73,-166,-237,-262,-248,-193,-106,4,120,213,269,280,231,142,29,-91,-195,-263,-284,-251,-163,-40,84,193,269,290,255,173,53,-72,-174,-245,-273,-241,-159,-49,66,153,209,230,201,132,35,-66,-138,-172,-175,-152,-86,-8,57,104,118,104,75,24,-27,-59,-76,-71,-39,5,49,66,62,40,2,-47,-89,-108,-96,-60,-1,66,133,178,180,141,72,-26,-128,-215,-255,-235,-159,-49,80,201,284,314,272,166,19,-138,-278,-362,-369,-302,-164,11,187,340,423,416,318,153,-53,-248,-399,-477,-452,-325,-127,103,0,470,528,467,304,74,-175,-390,-527,-553,-465,-277,-26,235,453,574,571,450,228,-45,-309,-509,-608,-579,-418,-170,112,372,565,630,553,362,100,-193,-436,-582,-604,-506,-292,-10,271,482,594,572,422,187,-79,-328,-508,-573,-512,-341,-96,166,380,511,534,429,229,-10,-245,-424,-501,-463,-321,-115,111,300,419,436,357,191,-15,-214,-355,-401,-356,-231,-53,141,297,381,363,255,89,-100,-273,-371,-379,-302,-158,43,234,370,421,375,230,22,-194,-364,-457,-449,-332,-135,98,316,467,520,461,292,46,-217,-434,-569,-579,-455,-232,43,322,536,628,590,431,172,-131,-412,0,0,0,0,0,-646,-476,-194,134,432,643,720,636,420,111,-222,-502,-678,-714,-591,-339,-23,304,562,698,683,527,249,-86,-398,-620,-699,-625,-420,-120,212,495,664,690,563,319,-2,-325,-580,-710,-685,-511,-226,116,436,648,725,653,436,125,-201,-480,-663,-704,-593,-362,-49,270,524,660,658,521,282,-19,-313,-530,-618,-576,-418,-176,102,349,512,562,492,321,86,-157,-355,-466,-474,-389,-224,-17,186,340,407,381,279,121,-57,-212,-311,-340,-293,-189,-48,96,209,271,271,201,93,-23,-127,-198,-221,-197,-126,-30,58,128,170,167,120,50,-21,-88,-128,-123,-95,-51,12,65,96,0,84,38,-16,-63,-94,-103,-87,-40,14,67,107,118,102,66,18,-50,-103,-133,-133,-100,-48,1,51,100,122,114,81,37,-7,-45,-68,-73,-67,-45,-15,12,16,16,11,-8,-32,-46,-35,1,40,72,103,122,115,70,-1,-77,-147,-198,-214,-187,-118,-18,92,196,266,285,247,155,36,-92,-218,-307,-337,-294,-193,-57,100,245,336,353,307,208,66,-99,-240,-337,-367,-319,-204,-57,97,226,312,340,301,195,51,-98,-217,-300,-325,-284,-190,-62,77,198,274,302,266,180,66,-49,-163,-248,-284,-267,-206,-110,-4,99,181,230,242,222,173,109,38,-29,-77,0,0,0,0,0,-117,-147,-163,-159,-129,-75,-5,76,153,213,246,244,198,115,16,-87,-182,-250,-268,-243,-175,-72,43,156,243,286,269,201,98,-27,-151,-240,-282,-278,-216,-111,11,128,230,283,271,213,120,-5,-129,-214,-256,-244,-190,-100,4,105,178,210,195,142,67,-16,-88,-136,-153,-135,-93,-29,30,82,102,92,54,15,-20,-52,-68,-50,-12,26,58,77,71,47,-2,-68,-119,-144,-144,-99,-22,63,140,202,228,195,110,1,-115,-219,-281,-280,-221,-110,33,176,292,352,329,231,87,-80,-242,-358,-404,-358,-234,-63,131,311,431,459,393,238,36,-186,-374,-479,-484,0,-220,7,244,437,543,527,395,182,-75,-324,-507,-576,-527,-364,-128,140,385,556,602,522,333,64,-221,-451,-594,-614,-494,-266,11,286,499,609,588,443,201,-88,-354,-537,-609,-547,-363,-110,164,414,562,588,482,276,21,-243,-456,-559,-533,-391,-172,77,309,468,515,443,282,55,-173,-360,-456,-449,-339,-154,66,261,391,424,359,210,14,-178,-321,-392,-363,-243,-72,115,275,370,370,284,125,-62,-243,-363,-402,-339,-185,19,215,365,434,402,279,84,-146,-348,-465,-484,-394,-209,34,276,467,558,530,378,133,-139,-388,-560,-610,-527,-333,-61,232,477,628,642,513,0,0
28665,mtk,MTK 7916,2776097991,rx0-tx0,512,-1687,-483,-301,207,257,299,335,360,366,359,339,308,269,207,134,59,-26,-116,-200,-283,-355,-415,-458,-484,-487,-469,-424,-365,-283,-184,-73,43,160,270,371,457,522,566,578,566,531,470,392,294,184,61,-64,-182,-302,-403,-484,-550,-590,-601,-595,-561,-513,-440,-350,-246,-128,0,125,243,361,463,544,615,661,675,667,626,564,478,369,236,90,-64,-217,-373,-514,-632,-723,-794,-828,-822,-777,-697,-579,-437,-274,-88,110,301,489,646,778,887,943,958,930,842,729,581,388,186,-25,-240,-444,-623,-774,-886,-964,-994,-965,-907,-803,-659,-489,-291,-78,142,345,535,701,833,931,982,-273,954,877,756,606,419,206,-13,-229,-428,-617,-780,-904,-996,-1030,-1017,-964,-864,-727,-544,-342,-114,116,336,548,739,897,1013,1077,1087,1055,974,844,669,451,214,-31,-274,-515,-738,-928,-1075,-1159,-1185,-1162,-1077,-936,-749,-510,-251,13,283,545,783,978,1115,1192,1210,1167,1058,891,681,437,172,-98,-365,-599,-799,-963,-1059,-1106,-1092,-1019,-892,-725,-524,-301,-71,165,382,575,724,832,898,902,871,795,679,532,369,189,8,-174,-340,-479,-596,-669,-702,-708,-676,-607,-504,-376,-233,-74,78,233,363,470,552,596,602,567,491,386,246,90,-72,-224,-351,-441,-471,-448,-373,-264,-140,-840,-767,-546,-1273,-1345,208,162,81,-24,-130,-232,-307,-351,-368,-346,-298,-232,-142,-44,60,158,244,315,363,390,392,376,345,286,209,121,37,-65,-163,-252,-336,-399,-448,-468,-469,-447,-387,-302,-208,-95,25,137,256,363,448,515,548,549,515,450,370,271,154,24,-103,-221,-325,-411,-475,-514,-521,-509,-459,-399,-320,-223,-124,-25,71,174,268,342,404,447,466,459,443,398,329,252,163,61,-28,-122,-212,-294,-348,-391,-415,-420,-410,-375,-323,-267,-193,-104,-25,57,127,191,261,305,335,356,355,340,310,272,218,154,95,24,-40,-98,-153,-205,-249,-272,-288,-297,-301,-289,-257,-224,-176,-730,-90,-30,35,94,146,210,268,302,324,339,333,318,277,229,161,91,7,-75,-144,-206,-263,-307,-321,-331,-324,-301,-267,-220,-168,-106,-47,8,59,102,137,171,194,216,235,243,236,219,213,196,178,146,109,62,20,-25,-68,-121,-175,-215,-252,-284,-304,-308,-298,-267,-238,-196,-145,-80,-6,58,127,188,243,291,326,338,341,330,306,264,208,144,82,21,-49,-111,-162,-214,-263,-293,-315,-323,-317,-306,-275,-243,-198,-141,-80,-16,54,121,184,238,284,323,335,337,327,305,269,227,165,103,39,-34,-98,-158,-216,-254,-294,-322,-327,-327,-311,-284,-253,-206,-143,-684,-929,-175,794,870,277,228,177,122,55,-18,-92,-165,-228,-293,-352,-387,-410,-423,-418,-394,-353,-289,-210,-119,-21,80,185,281,366,441,497,534,540,522,480,419,336,238,125,2,-117,-235,-340,-437,-514,-567,-598,-592,-568,-519,-447,-361,-263,-140,-20,100,214,326,428,510,568,609,626,615,587,533,448,354,247,115,-20,-160,-289,-413,-525,-622,-693,-736,-748,-728,-680,-597,-480,-341,-189,-19,157,332,494,637,753,843,894,902,865,785,663,518,338,138,-63,-276,-473,-637,-793,-905,-963,-987,-962,-889,-774,-618,-432,-233,-15,197,397,586,735,856,947,991,985,931,844,706,541,347,135,-1322,-299,-489,-663,-806,-923,-987,-1012,-984,-914,-809,-657,-479,-276,-53,167,384,583,756,898,998,1057,1048,1002,912,781,610,404,171,-69,-302,-527,-729,-904,-1035,-1114,-1137,-1112,-1032,-902,-725,-501,-247,9,272,525,760,954,1103,1183,1214,1184,1092,937,729,483,214,-59,-336,-589,-807,-985,-1109,-1170,-1169,-1112,-995,-831,-609,-363,-117,143,382,601,775,910,984,1010,983,903,779,619,435,229,22,-168,-359,-526,-650,-738,-785,-799,-767,-689,-585,-457,-300,-140,26,183,326,454,555,623,649,643,604,520,411,279,132,-23,-182,-324,-439,-519,-556,-549,-489,-387,-245,-86,66,199,291,338,336,511,1197,-522,-232,-149,-226,-288,-316,-304,-257,-176,-77,31,137,226,301,357,381,380,350,307,241,160,63,-35,-122,-213,-293,-356,-390,-419,-432,-405,-362,-293,-208,-112,-6,93,203,308,391,459,504,511,498,461,388,293,181,59,-69,-196,-310,-403,-475,-524,-543,-533,-492,-427,-333,-231,-113,-9,105,214,301,385,438,472,479,471,444,386,318,242,156,55,-48,-150,-247,-324,-380,-430,-447,-449,-427,-384,-319,-246,-173,-80,2,91,176,242,298,350,379,386,377,349,320,270,199,131,58,-20,-85,-150,-206,-262,-293,-313,-320,-310,-300,-269,-235,-181,-124,-67,-10,41,98,144,191,231,-128,292,311,313,296,278,252,200,136,74,1,-72,-145,-212,-267,-309,-337,-355,-347,-324,-286,-229,-159,-94,-28,49,115,169,211,248,268,275,275,264,239,213,177,141,109,74,29,-18,-58,-94,-134,-168,-200,-226,-243,-255,-261,-261,-249,-217,-181,-143,-96,-38,26,95,153,203,252,293,323,330,327,314,283,240,183,115,44,-26,-97,-163,-221,-268,-300,-319,-335,-334,-310,-277,-247,-195,-136,-79,-17,40,105,166,215,264,299,320,333,332,317,282,239,190,130,58,-11,-78,-146,-203,-254,-295,-319,-340,-338,-321,-295,-255,-209,-164,-98,-32,32,95,152,204,254,287,-1188,-1019
28666,mtk,MTK 7916,2776097991,rx0-tx1,512,-144,279,168,872,763,620,453,269,77,-129,-332,-515,-689,-831,-939,-1009,-1045,-1027,-966,-871,-730,-562,-361,-145,71,289,497,678,840,964,1048,1088,1092,1047,947,813,635,446,230,-2,-234,-464,-673,-848,-990,-1100,-1157,-1161,-1120,-1034,-893,-719,-515,-282,-43,200,433,660,843,990,1098,1163,1172,1129,1052,926,760,559,347,119,-124,-357,-571,-759,-916,-1038,-1129,-1164,-1154,-1095,-999,-847,-672,-461,-230,6,254,489,708,898,1052,1164,1222,1222,1165,1056,913,717,487,239,-27,-284,-527,-755,-944,-1086,-1180,-1216,-1193,-1120,-996,-831,-632,-405,-159,84,317,531,721,879,996,1068,1096,1075,1008,901,759,584,146,169,-49,-264,-460,-651,-807,-929,-1016,-1050,-1046,-998,-902,-772,-606,-412,-203,22,252,463,657,823,952,1027,1075,1071,1011,910,757,581,378,158,-71,-299,-516,-702,-862,-984,-1069,-1103,-1085,-1013,-894,-741,-557,-338,-100,130,366,581,783,936,1048,1115,1131,1081,981,841,659,444,202,-46,-292,-524,-733,-908,-1021,-1089,-1106,-1063,-973,-825,-638,-422,-192,51,288,505,684,831,928,972,964,913,806,668,499,305,114,-89,-271,-432,-566,-675,-742,-770,-757,-698,-609,-496,-354,-199,-28,129,277,409,509,577,611,610,568,489,385,250,104,-45,-190,-310,-400,-452,-459,-421,-338,-225,-103,21,504,463,0,262,253,103,-16,-162,-300,-412,-488,-507,-473,-401,-287,-147,-1,146,284,403,491,547,570,565,526,449,354,241,111,-31,-164,-294,-412,-505,-586,-639,-662,-643,-603,-530,-424,-295,-151,2,164,325,483,612,724,800,841,848,800,704,581,417,218,12,-214,-423,-613,-784,-911,-998,-1029,-1005,-933,-806,-644,-447,-227,11,239,460,658,829,956,1038,1074,1056,975,864,700,503,291,55,-182,-393,-605,-773,-908,-998,-1041,-1039,-983,-883,-736,-570,-377,-162,50,251,445,624,764,876,951,980,967,919,827,701,542,367,176,-21,-228,-417,-590,-745,-864,-948,-990,-989,-950,-880,-764,-612,-432,-225,-411,209,423,623,794,935,1045,1107,1122,1071,980,846,663,459,226,-25,-273,-519,-741,-925,-1074,-1179,-1222,-1210,-1134,-1018,-851,-640,-399,-139,125,381,622,826,995,1116,1192,1214,1180,1102,972,806,602,378,137,-107,-353,-570,-774,-935,-1059,-1139,-1181,-1168,-1104,-992,-843,-664,-449,-226,11,254,482,688,866,1015,1115,1164,1176,1142,1057,920,748,540,309,65,-182,-418,-640,-840,-994,-1111,-1188,-1193,-1158,-1086,-953,-773,-566,-331,-89,152,392,612,803,956,1072,1139,1153,1117,1033,903,737,548,327,93,-131,-351,-556,-739,-875,-979,-1050,-1069,-1037,-966,-859,-717,-542,-346,-140,57,255,446,615,767,-36,88,147,-457,-512,-456,-630,-775,-887,-961,-1004,-1006,-954,-872,-754,-601,-420,-223,-10,209,407,599,765,905,1002,1056,1065,1037,954,839,688,501,296,77,-140,-371,-578,-772,-920,-1029,-1110,-1140,-1117,-1049,-935,-780,-594,-376,-136,104,341,570,774,937,1068,1148,1182,1163,1100,990,827,640,424,192,-54,-292,-513,-718,-891,-1021,-1110,-1154,-1156,-1101,-1013,-874,-705,-512,-300,-62,175,405,622,811,968,1092,1161,1188,1168,1090,968,802,611,383,132,-131,-385,-616,-828,-1009,-1132,-1214,-1237,-1200,-1112,-971,-785,-568,-332,-75,178,425,652,845,992,1097,1149,1150,1103,1002,862,685,486,268,41,-184,-393,-589,-762,-902,206,-1052,-1061,-1024,-951,-838,-678,-507,-298,-80,137,353,552,727,877,983,1049,1076,1043,967,850,695,496,284,66,-168,-388,-594,-774,-913,-1016,-1075,-1088,-1051,-965,-831,-663,-469,-251,-20,214,434,639,813,953,1056,1104,1112,1062,959,810,622,410,176,-75,-320,-545,-747,-918,-1045,-1118,-1132,-1087,-991,-852,-669,-451,-218,34,282,510,717,872,985,1043,1053,1008,899,749,572,365,152,-69,-282,-477,-631,-758,-833,-869,-859,-796,-700,-578,-427,-253,-77,99,264,408,530,617,672,689,663,603,511,396,259,106,-48,-194,-322,-432,-513,-544,-544,-499,-415,-297,-157,-11,123,233,304,331,316,-161,-276,0,-45,94,-335,-391,-393,-335,-232,-93,64,212,347,457,526,552,539,485,397,285,155,18,-120,-257,-374,-466,-537,-584,-595,-577,-537,-462,-367,-255,-120,27,171,306,442,558,648,706,737,730,695,615,506,365,195,18,-172,-375,-547,-699,-831,-913,-954,-946,-877,-776,-621,-428,-215,14,237,459,660,824,949,1031,1055,1027,954,833,673,469,249,21,-220,-442,-643,-820,-943,-1033,-1080,-1055,-991,-875,-711,-525,-315,-102,128,350,550,720,847,945,998,1004,970,900,778,628,457,261,54,-149,-347,-526,-682,-809,-908,-964,-978,-950,-882,-787,-650,-485,-300,-98,107,307,497,675,821,942,1016,-92,1033,979,878,734,559,349,126,-113,-348,-567,-774,-943,-1068,-1151,-1178,-1152,-1082,-949,-771,-562,-314,-55,208,458,690,896,1064,1176,1230,1226,1168,1070,915,720,491,246,-8,-253,-496,-715,-897,-1041,-1133,-1185,-1187,-1139,-1042,-907,-729,-520,-301,-64,178,416,632,815,973,1085,1153,1184,1159,1076,955,799,611,387,153,-82,-323,-549,-756,-930,-1069,-1157,-1198,-1184,-1123,-1016,-857,-664,-454,-208,46,282,514,737,914,1047,1136,1173,1168,1111,1000,851,664,456,222,-16,-254,-478,-683,-854,-985,-1076,-1105,-1097,-1045,-954,-809,-632,-434,-221,1,213,414,597,751,876,963,1010,1010,980,898,785,636,-249,-238
28667,mtk,MTK 7916,2776097991,rx1-tx0,512,0,411,358,-839,-822,-768,-676,-569,-433,-288,-127,36,190,347,484,604,711,785,827,839,813,764,671,560,427,264,97,-76,-255,-427,-576,-708,-820,-904,-944,-946,-904,-823,-714,-575,-410,-217,-16,191,392,587,753,898,1007,1076,1105,1085,1014,889,732,548,323,69,-179,-426,-673,-886,-1056,-1202,-1280,-1303,-1277,-1172,-1012,-812,-556,-277,17,314,597,846,1057,1231,1349,1388,1363,1275,1137,946,697,423,133,-166,-441,-702,-942,-1126,-1260,-1329,-1335,-1284,-1189,-1037,-829,-591,-320,-40,240,515,763,970,1127,1243,1302,1288,1214,1088,916,705,458,182,-82,-338,-588,-813,-986,-1116,-1193,-1219,-1178,-1083,-936,-749,-136,-305,-51,206,437,655,842,986,1082,1112,1111,1054,942,797,610,398,166,-68,-294,-506,-689,-839,-949,-1006,-1026,-1005,-918,-797,-638,-452,-249,-41,167,370,545,690,799,863,897,885,842,755,635,494,326,149,-23,-193,-351,-483,-588,-673,-725,-761,-736,-697,-629,-534,-425,-296,-156,-13,138,273,396,513,592,663,700,702,676,612,527,416,276,131,-20,-181,-326,-449,-564,-639,-678,-697,-666,-600,-519,-397,-262,-123,24,163,297,414,495,565,597,596,562,495,404,291,162,29,-96,-221,-334,-413,-478,-508,-495,-459,-396,-300,-186,-63,66,185,283,344,369,360,311,229,133,39,-16,199,0,-298,-237,-225,-208,-163,-88,2,93,178,249,297,320,314,291,243,187,107,23,-55,-129,-197,-252,-293,-323,-338,-335,-318,-283,-241,-186,-124,-47,43,124,209,286,361,426,466,484,481,448,393,326,223,99,-30,-158,-290,-413,-522,-610,-658,-667,-655,-605,-517,-405,-257,-99,73,241,395,530,646,741,784,796,775,703,592,459,305,125,-62,-247,-425,-589,-721,-815,-874,-897,-882,-811,-699,-551,-373,-179,27,241,443,614,764,879,947,966,940,866,757,605,421,221,9,-217,-423,-609,-768,-889,-965,-991,-975,-911,-807,-656,-476,-287,-75,142,357,542,703,829,924,975,974,930,848,236,576,398,204,-2,-200,-396,-578,-744,-861,-943,-986,-985,-942,-857,-725,-562,-377,-172,48,257,462,650,806,923,1001,1037,1021,958,853,715,549,354,143,-85,-294,-493,-664,-824,-953,-1018,-1060,-1053,-983,-889,-758,-581,-391,-164,57,280,494,693,847,990,1082,1123,1118,1065,973,831,647,419,183,-51,-293,-526,-741,-923,-1057,-1147,-1180,-1169,-1106,-986,-814,-621,-384,-126,117,363,594,808,965,1086,1158,1185,1149,1050,903,731,520,293,49,-185,-416,-622,-799,-930,-1021,-1080,-1080,-1024,-924,-791,-627,-432,-229,-22,198,400,571,734,852,921,953,945,898,820,702,559,386,206,24,-161,-337,6,-159,0,3,214,10,181,344,481,604,707,776,820,822,802,749,664,557,430,278,121,-49,-214,-375,-522,-642,-752,-832,-867,-878,-855,-796,-700,-576,-422,-255,-69,121,315,499,661,801,908,976,1012,1002,950,861,726,566,367,163,-57,-281,-508,-710,-887,-1028,-1143,-1197,-1195,-1153,-1051,-887,-694,-457,-183,87,370,646,883,1082,1237,1327,1372,1350,1259,1101,893,647,354,52,-251,-531,-789,-1015,-1193,-1310,-1376,-1361,-1284,-1170,-993,-767,-508,-228,63,342,608,850,1040,1190,1286,1322,1299,1211,1071,880,655,407,130,-150,-418,-679,-894,-1069,-1189,-1255,-1253,-1199,-1090,-929,-730,-503,-250,14,275,515,736,912,1335,1134,1176,1143,1067,947,783,583,354,113,-119,-365,-574,-763,-915,-1018,-1069,-1070,-1025,-931,-795,-623,-421,-204,9,232,435,611,765,877,944,966,945,878,770,632,465,287,98,-98,-280,-452,-590,-707,-788,-823,-823,-790,-721,-625,-510,-371,-226,-61,96,235,376,495,587,655,700,722,705,648,587,492,376,243,88,-59,-211,-349,-475,-577,-650,-688,-702,-685,-622,-543,-429,-286,-141,13,181,310,435,538,602,640,645,612,559,463,353,230,88,-51,-184,-303,-403,-487,-537,-554,-536,-502,-418,-321,-209,-80,47,166,277,369,424,449,436,392,308,202,90,-22,-129,-206,-247,-246,-411,-361,0,-38,-190,55,134,211,266,289,285,251,185,106,16,-66,-148,-217,-271,-316,-334,-329,-308,-265,-214,-157,-91,-13,60,131,195,258,314,351,380,388,384,363,314,252,173,83,-16,-125,-236,-332,-427,-508,-558,-578,-575,-541,-468,-370,-248,-109,37,191,355,490,605,683,731,741,713,652,557,431,275,98,-70,-249,-419,-565,-683,-784,-847,-858,-825,-755,-651,-516,-344,-158,45,243,437,602,748,855,924,948,926,844,728,581,396,193,-17,-236,-435,-611,-763,-878,-953,-989,-966,-893,-783,-632,-449,-240,-28,190,396,583,750,863,947,990,983,920,810,673,509,331,120,-87,-292,-475,-351,-798,-894,-957,-978,-953,-895,-793,-650,-478,-287,-81,135,339,529,700,833,937,1003,1022,994,921,800,639,459,258,46,-181,-394,-587,-757,-891,-988,-1046,-1050,-1005,-920,-800,-654,-458,-251,-48,179,391,579,758,904,1004,1076,1081,1057,988,868,713,529,303,69,-171,-395,-609,-797,-964,-1079,-1144,-1163,-1133,-1048,-918,-744,-529,-292,-40,207,453,681,871,1019,1136,1185,1182,1132,1027,873,676,453,215,-34,-282,-515,-710,-882,-1019,-1107,-1134,-1108,-1039,-925,-769,-577,-373,-152,87,312,512,683,827,933,994,1023,1003,923,814,678,499,313,115,-87,-278,-457,-614,-747,-837,-887,-901,-877,-812,305,256
28668,mtk,MTK 7916,2776097991,rx1-tx1,512,0,0,0,630,704,554,221,-182,-526,-702,-639,-367,19,398,648,681,488,137,-264,-578,-703,-595,-282,128,494,696,681,436,31,-388,-678,-744,-565,-194,242,604,776,694,378,-68,-497,-770,-789,-550,-126,356,727,855,706,328,-161,-611,-876,-851,-545,-55,458,832,946,748,302,-244,-717,-963,-900,-554,-34,501,889,983,755,298,-254,-730,-965,-894,-536,-6,521,881,947,708,255,-280,-721,-914,-811,-454,52,536,838,856,595,147,-345,-723,-864,-715,-330,155,591,827,781,476,15,-447,-763,-830,-619,-204,281,678,849,736,379,-107,-551,-822,-831,-559,-102,391,766,891,718,310,-209,-664,0,-858,-532,-24,511,887,978,755,284,-290,-784,-1037,-963,-569,9,588,999,1107,861,333,-316,-873,-1160,-1089,-675,-45,609,1085,1226,988,432,-260,-875,-1223,-1196,-799,-150,546,1075,1278,1082,530,-189,-833,-1219,-1237,-872,-218,502,1062,1295,1117,584,-139,-821,-1250,-1291,-930,-275,469,1081,1367,1228,714,-12,-746,-1261,-1390,-1086,-460,296,966,1346,1317,896,215,-525,-1109,-1358,-1195,-689,8,691,1168,1282,1022,471,-204,-796,-1139,-1143,-809,-243,368,848,1068,974,602,65,-477,-867,-994,-832,-440,71,542,842,902,713,326,-139,-550,-805,-846,-667,-323,87,453,691,763,665,427,124,-160,-370,-476,0,0,0,0,0,162,286,368,380,306,145,-72,-286,-451,-517,-458,-278,-13,262,481,584,526,318,14,-305,-551,-644,-555,-304,43,384,622,695,564,253,-138,-500,-729,-739,-524,-154,276,631,802,747,459,12,-438,-760,-866,-720,-358,112,558,842,881,648,219,-276,-692,-902,-835,-525,-64,418,777,895,738,355,-126,-556,-812,-818,-561,-137,315,661,793,673,338,-97,-493,-730,-732,-498,-107,316,637,745,615,285,-136,-514,-720,-699,-449,-50,366,672,768,608,254,-181,-559,-763,-728,-463,-48,383,698,793,644,296,-149,-546,-762,-748,-508,-115,315,642,757,635,321,-86,-456,-670,-666,-450,-94,0,558,642,518,220,-146,-456,-618,-568,-325,24,365,578,597,422,96,-269,-538,-638,-529,-237,141,471,643,614,375,1,-372,-627,-673,-500,-158,244,574,710,610,313,-96,-488,-731,-726,-474,-70,373,702,805,646,279,-185,-616,-856,-817,-514,-41,453,810,907,718,303,-216,-679,-928,-887,-566,-63,459,829,939,762,347,-173,-633,-887,-859,-563,-98,383,736,852,689,313,-156,-566,-777,-729,-457,-43,374,659,717,529,175,-231,-554,-689,-589,-291,106,456,653,635,398,30,-346,-608,-673,-513,-180,209,535,688,610,329,-58,-429,-662,-677,-469,-112,284,592,709,589,273,-130,-487,0,0,0,0,0,-324,74,449,677,689,473,102,-298,-600,-703,-576,-260,138,494,687,647,393,7,-390,-655,-699,-523,-167,258,596,739,634,315,-115,-507,-736,-735,-489,-70,375,700,798,634,261,-206,-616,-833,-773,-452,21,492,804,862,644,207,-312,-735,-922,-805,-426,89,585,901,922,651,166,-383,-810,-976,-842,-439,111,629,943,952,656,158,-393,-811,-961,-808,-399,137,621,899,887,585,94,-417,-786,-893,-718,-311,198,641,861,796,470,-8,-478,-787,-830,-603,-181,306,694,844,707,338,-138,-572,-821,-797,-511,-59,413,761,852,657,245,-254,-672,-870,-789,-442,56,540,850,886,635,0,-364,-782,-952,-822,-424,129,649,964,977,676,151,-439,-904,-1082,-918,-459,161,741,1093,1107,779,204,-451,-975,-1198,-1044,-556,111,747,1155,1215,894,292,-408,-984,-1257,-1144,-671,15,697,1160,1262,965,374,-335,-954,-1268,-1181,-726,-38,670,1168,1302,1023,429,-297,-947,-1309,-1262,-816,-118,613,1173,1380,1155,580,-173,-876,-1320,-1367,-1004,-338,423,1054,1360,1265,802,106,-617,-1147,-1330,-1114,-576,115,754,1163,1222,920,360,-293,-846,-1124,-1067,-706,-154,430,868,1036,902,511,-18,-524,-863,-949,-764,-373,116,558,832,870,677,310,-128,-521,-767,-817,-664,-363,-5,333,571,661,605,448,229,0,0,0,0,0,-259,-181,-45,128,296,423,466,395,217,-22,-267,-464,-557,-505,-313,-23,284,515,610,539,315,-8,-341,-587,-673,-563,-283,82,435,675,720,547,210,-197,-560,-763,-742,-498,-102,334,684,840,737,419,-33,-496,-812,-875,-688,-292,199,632,880,866,594,140,-354,-740,-904,-793,-447,22,489,804,860,655,256,-221,-615,-814,-754,-461,-29,403,701,771,596,231,-196,-559,-738,-670,-394,9,412,679,723,535,172,-252,-596,-743,-648,-349,64,466,725,744,528,147,-288,-636,-784,-690,-377,51,463,738,788,582,197,-240,-598,-773,-702,-421,-13,388,661,722,552,210,-182,-509,-668,0,-336,26,377,597,612,419,93,-260,-526,-617,-500,-213,146,461,620,571,332,-19,-367,-605,-636,-456,-123,260,560,676,569,277,-113,-473,-675,-655,-417,-35,368,652,723,554,197,-242,-609,-776,-698,-389,58,491,783,825,589,157,-329,-721,-899,-788,-421,88,568,874,910,652,186,-335,-755,-948,-840,-464,52,547,869,911,670,228,-281,-698,-885,-785,-444,25,474,760,794,573,168,-280,-620,-752,-639,-315,102,477,682,655,415,38,-352,-616,-669,-502,-162,232,542,673,580,290,-97,-446,-653,-647,-420,-52,331,609,693,550,219,-187,-526,-692,-641,-378,10,391,650,698,515,0,0
28669,mtk,MTK 7916,2776097991,rx2-tx0,512,0,0,0,587,720,619,325,-66,-439,-680,-702,-495,-136,259,576,705,602,313,-77,-440,-658,-670,-462,-104,275,560,671,564,269,-116,-460,-648,-625,-396,-48,312,571,640,500,198,-161,-459,-609,-555,-320,24,351,556,575,404,96,-237,-487,-573,-468,-200,129,408,544,497,283,-25,-326,-515,-526,-359,-69,246,481,555,439,176,-149,-433,-571,-511,-282,42,352,554,579,406,92,-251,-516,-613,-502,-231,113,428,605,581,367,34,-305,-546,-612,-474,-181,174,473,613,546,298,-41,-363,-576,-605,-426,-109,240,517,625,523,258,-90,-413,-604,-598,-396,-70,268,524,611,493,213,-131,-427,0,-549,-338,-12,320,545,596,439,130,-213,-487,-604,-527,-273,80,412,608,609,411,71,-301,-579,-669,-550,-248,148,493,687,667,430,44,-363,-655,-742,-591,-249,181,560,762,727,466,35,-415,-723,-804,-638,-261,209,612,823,786,491,27,-450,-792,-890,-705,-297,206,653,910,887,584,103,-416,-818,-975,-834,-438,94,600,922,963,723,260,-281,-732,-968,-916,-585,-83,430,804,948,807,429,-64,-533,-837,-880,-673,-274,203,608,825,801,544,136,-296,-636,-791,-710,-436,-56,332,614,716,620,364,12,-334,-568,-647,-563,-338,-39,252,464,551,508,361,152,-65,-236,-332,-352,0,0,0,0,0,14,139,257,341,358,292,146,-51,-248,-395,-459,-410,-248,-14,233,426,509,459,279,10,-268,-475,-555,-477,-262,33,325,532,582,466,208,-123,-426,-602,-600,-422,-117,235,526,666,606,360,3,-353,-607,-686,-560,-266,109,455,663,666,471,138,-236,-533,-661,-597,-349,6,355,591,635,482,194,-155,-450,-587,-539,-323,-11,292,493,537,412,151,-154,-396,-504,-443,-237,45,312,465,458,298,36,-239,-438,-494,-383,-139,160,415,529,472,259,-46,-344,-530,-549,-399,-113,216,475,584,512,272,-65,-380,-569,-583,-416,-118,223,500,612,520,270,-69,-397,-597,-600,-408,-86,0,535,632,529,254,-108,-435,-625,-611,-403,-70,293,562,650,527,234,-140,-470,-648,-617,-380,-23,338,596,667,519,202,-179,-504,-664,-607,-350,20,383,620,654,471,142,-234,-539,-668,-575,-290,90,432,638,637,421,64,-322,-602,-675,-529,-209,188,522,683,625,362,-22,-410,-671,-707,-508,-147,265,596,732,629,327,-78,-462,-695,-703,-488,-113,298,607,718,596,286,-113,-476,-685,-662,-425,-60,324,603,675,530,218,-167,-489,-650,-588,-339,17,370,593,615,432,110,-241,-510,-617,-517,-237,121,439,610,577,359,19,-336,-584,-639,-477,-158,210,522,668,594,324,-51,-409,0,0,0,0,0,-390,-20,364,640,715,565,233,-174,-525,-708,-667,-412,-32,354,630,697,537,207,-191,-523,-681,-621,-367,7,376,620,659,484,150,-226,-521,-646,-568,-302,61,394,598,602,406,88,-259,-523,-606,-490,-216,129,427,572,525,309,-13,-328,-527,-547,-382,-92,224,464,547,437,180,-139,-410,-543,-488,-268,44,340,526,537,364,63,-266,-506,-577,-460,-190,145,441,595,555,329,-8,-347,-567,-600,-446,-143,206,488,615,537,276,-74,-397,-586,-586,-397,-72,281,540,619,496,214,-142,-450,-613,-580,-356,-14,330,568,620,470,171,-184,-474,-610,-552,-315,29,362,571,593,426,0,-233,-494,-594,-503,-245,102,413,581,560,352,30,-305,-553,-618,-472,-171,192,498,646,584,330,-31,-391,-632,-673,-494,-145,253,579,723,627,334,-67,-463,-709,-731,-525,-149,289,645,789,683,357,-89,-506,-777,-805,-568,-146,332,711,868,752,399,-84,-549,-848,-887,-654,-206,311,739,946,864,513,7,-514,-886,-986,-782,-349,188,673,952,945,661,173,-360,-776,-961,-862,-506,-1,494,834,922,741,347,-143,-578,-841,-857,-618,-208,248,624,811,757,489,91,-322,-628,-750,-664,-399,-31,338,598,681,584,341,22,-294,-524,-610,-544,-350,-88,170,368,465,452,349,201,42,0,0,0,0,0,-269,-256,-186,-61,98,262,383,419,354,202,-9,-235,-417,-493,-438,-266,-20,240,442,527,468,276,-1,-289,-505,-577,-471,-230,77,373,566,594,441,160,-175,-474,-638,-608,-396,-64,293,569,678,584,310,-65,-417,-643,-684,-521,-202,178,498,673,650,420,69,-294,-564,-663,-551,-274,80,402,589,588,405,100,-226,-475,-573,-481,-244,67,352,508,493,320,49,-232,-437,-494,-383,-141,144,380,486,426,220,-63,-329,-487,-482,-313,-38,254,469,540,434,180,-136,-414,-563,-539,-339,-25,296,529,596,469,196,-141,-437,-593,-557,-343,-18,317,552,612,475,180,-170,-467,-620,0,-343,6,354,591,633,472,155,-208,-505,-647,-583,-325,36,384,610,640,460,130,-244,-542,-662,-571,-299,78,429,638,641,437,94,-280,-562,-667,-558,-262,124,463,644,617,391,33,-342,-601,-658,-503,-176,208,524,667,589,314,-67,-428,-656,-661,-450,-95,296,600,708,578,258,-148,-510,-709,-679,-429,-37,367,652,725,564,221,-192,-545,-720,-660,-388,-3,384,652,708,528,170,-232,-549,-687,-608,-327,55,414,632,643,444,99,-271,-548,-640,-523,-237,124,446,615,571,340,-2,-342,-571,-607,-434,-120,238,518,626,533,266,-98,-442,-637,-620,-405,-51,321,594,679,541,0,0
28670,mtk,MTK 7916,2776097991,rx2-tx1,512,0,0,0,-573,-691,-589,-301,75,431,666,685,487,142,-247,-562,-702,-630,-361,29,401,645,700,536,193,-205,-529,-690,-639,-384,-6,372,637,700,541,218,-175,-519,-698,-654,-399,-20,361,635,716,563,231,-162,-511,-705,-682,-447,-81,309,609,723,606,296,-93,-445,-654,-663,-472,-138,233,520,646,568,322,-12,-338,-551,-588,-450,-180,137,402,535,491,307,34,-243,-426,-476,-383,-173,85,301,414,391,253,44,-169,-314,-349,-282,-133,53,212,290,275,174,21,-136,-237,-255,-190,-76,50,159,214,193,108,0,-96,-155,-151,-103,-25,62,120,125,95,38,-34,-96,-114,-74,-11,0,82,110,93,28,-46,-104,-123,-108,-55,27,97,138,136,75,-5,-76,-134,-156,-123,-55,26,107,149,145,98,21,-56,-107,-124,-105,-62,1,56,76,73,51,10,-29,-43,-33,4,37,46,40,18,-31,-88,-112,-97,-54,16,100,170,190,150,62,-55,-169,-247,-251,-188,-60,96,228,297,281,186,28,-146,-279,-331,-292,-168,12,194,313,343,282,140,-49,-224,-334,-347,-247,-80,91,241,336,322,211,42,-137,-275,-331,-291,-170,-2,162,277,311,256,137,-24,-183,-277,-288,-228,-106,39,176,264,276,221,114,-19,-148,-231,-251,-219,-144,-42,57,129,164,169,0,0,0,0,0,-81,-137,-168,-166,-125,-50,53,150,220,244,211,125,4,-122,-221,-271,-247,-159,-34,105,226,276,254,170,32,-121,-237,-283,-255,-157,-13,144,265,298,247,131,-28,-180,-276,-292,-226,-104,46,189,270,262,191,73,-73,-194,-249,-223,-135,-15,107,190,209,171,83,-27,-117,-165,-152,-94,-17,57,109,120,86,21,-38,-76,-81,-49,0,50,86,77,36,-24,-83,-122,-111,-55,26,116,172,176,124,29,-89,-190,-226,-191,-88,52,191,277,273,186,30,-140,-275,-340,-296,-146,48,236,361,380,281,85,-146,-338,-430,-397,-242,-2,243,416,470,385,177,-93,-342,0,-490,-332,-75,214,442,533,465,246,-54,-348,-541,-560,-407,-138,180,457,599,551,331,5,-327,-559,-624,-496,-211,130,428,610,603,404,83,-272,-544,-641,-541,-281,59,397,604,608,434,124,-222,-486,-599,-533,-298,31,345,550,574,419,132,-187,-443,-559,-484,-254,33,311,492,501,350,99,-183,-400,-480,-403,-193,74,308,429,410,259,26,-209,-372,-409,-305,-104,142,336,399,331,158,-74,-290,-403,-370,-212,18,244,391,409,279,55,-189,-382,-445,-369,-165,106,343,480,469,297,20,-275,-486,-540,-425,-175,141,429,589,568,368,42,-302,-557,-638,-521,-240,112,435,0,0,0,0,0,366,7,-366,-625,-688,-548,-237,155,500,689,664,437,72,-320,-613,-709,-583,-279,116,470,675,676,464,100,-297,-601,-707,-591,-296,92,454,674,678,471,120,-273,-586,-709,-609,-331,67,448,678,699,506,151,-244,-566,-720,-646,-379,4,391,640,698,552,229,-161,-483,-660,-632,-407,-69,276,531,617,516,255,-83,-381,-543,-540,-372,-104,190,427,518,438,233,-28,-273,-425,-439,-314,-106,119,302,385,345,192,-14,-202,-315,-324,-235,-80,94,227,279,236,119,-24,-146,-223,-229,-160,-37,89,169,195,160,68,-38,-111,-145,-128,-70,8,80,116,104,53,-11,-72,-106,0,-60,6,72,113,105,59,-2,-68,-118,-126,-88,-24,50,119,147,125,66,-19,-94,-147,-157,-123,-55,30,98,136,132,83,11,-60,-101,-106,-78,-35,8,48,57,35,8,-16,-37,-35,-5,41,76,80,51,-5,-69,-121,-149,-132,-66,41,143,206,227,170,53,-81,-197,-268,-265,-181,-45,121,256,315,292,184,8,-165,-293,-346,-290,-149,31,207,322,342,264,104,-88,-259,-343,-327,-228,-65,122,268,331,300,187,20,-157,-288,-330,-276,-144,23,173,272,301,245,114,-38,-177,-266,-278,-223,-108,42,168,245,266,221,121,4,-103,-187,-225,-208,-149,-75,-1,0,0,0,0,0,105,64,4,-74,-150,-200,-212,-179,-100,16,131,218,253,231,153,28,-108,-216,-272,-254,-164,-27,113,225,288,269,168,24,-130,-249,-296,-259,-149,6,158,266,299,247,125,-35,-180,-269,-289,-227,-90,71,201,267,250,161,41,-87,-188,-222,-190,-108,7,115,182,182,127,43,-48,-115,-145,-124,-57,17,66,85,78,45,-7,-61,-83,-59,-4,52,90,97,72,4,-69,-126,-147,-115,-34,66,155,203,188,106,-15,-143,-238,-263,-196,-70,88,229,297,272,156,-16,-187,-313,-354,-283,-116,92,279,396,388,254,46,-189,-377,-456,-395,-215,41,294,457,478,352,0,-156,-395,-517,-478,-291,-14,281,491,553,456,208,-115,-400,-568,-563,-378,-71,262,516,610,526,281,-62,-390,-592,-616,-455,-147,201,487,628,574,345,7,-332,-562,-625,-492,-199,146,442,599,574,368,45,-287,-528,-604,-479,-212,116,407,564,537,347,56,-246,-468,-533,-423,-180,117,367,496,458,286,26,-242,-418,-449,-334,-112,135,335,425,369,181,-67,-277,-390,-381,-240,-11,214,363,390,286,76,-162,-337,-407,-339,-146,100,307,419,399,233,-22,-273,-439,-466,-339,-94,196,421,520,455,237,-65,-360,-550,-568,-409,-117,223,499,619,548,307,-40,-377,-601,-646,-484,0,0
28671,mtk,MTK 7916,2776113762,rx0-tx0,512,0,0,0,0,0,0,0,0,0,0,0,0,0,0,0,0,0,0,0,0,0,0,0,0,0,0,0,0,0,0,0,0,0,0,0,0,0,0,0,0,0,0,0,0,0,0,0,0,0,0,0,0,0,0,0,0,0,0,0,0,0,0,0,0,0,0,0,0,0,0,0,0,0,0,0,0,0,0,0,0,0,0,0,0,0,0,0,0,0,0,0,0,0,0,0,0,0,0,0,0,0,0,0,0,0,0,0,0,0,0,0,0,0,0,0,0,0,0,0,0,0,0,0,0,0,0,0,0,0,0,0,0,0,0,0,0,0,0,0,0,0,0,0,0,0,0,0,0,0,0,0,0,0,0,0,0,0,0,0,0,0,0,0,0,0,0,0,0,0,0,0,0,0,0,0,0,0,0,0,0,0,0,0,0,0,0,0,0,0,0,0,0,0,0,0,0,0,0,0,0,0,0,0,0,0,0,0,0,0,0,0,0,0,0,0,0,0,0,0,0,0,0,0,0,0,0,0,0,0,0,0,0,0,0,0,0,0,0,0,0,0,0,0,0,0,0,0,0,0,0,0,0,0,0,0,0,-273,-83,167,114,32,-78,-185,-266,-306,-311,-280,-214,-137,-42,60,154,241,319,368,402,406,374,320,239,137,12,-113,-243,-371,-476,-553,-589,-589,-537,-453,-343,-205,-42,131,299,448,563,644,694,707,671,595,492,355,197,31,-146,-327,-492,-631,-734,-805,-837,-820,-754,-646,-492,-316,-112,111,325,527,708,844,937,982,970,897,774,599,393,164,-78,-313,-534,-716,-869,-974,-1007,-1000,-928,-806,-653,-456,-243,-14,214,417,603,751,854,910,923,894,812,699,548,367,183,-6,-192,-370,-524,-646,-734,-804,-824,-809,-764,-683,-580,-444,-282,-119,52,235,400,550,685,793,856,889,879,-1687,724,582,414,224,20,-191,-387,-566,-726,-853,-940,-987,-979,-924,-825,-686,-510,-307,-89,141,376,600,791,959,1075,1144,1161,1122,1012,856,651,392,116,-187,-484,-762,-1006,-1198,-1332,-1403,-1386,-1295,-1127,-891,-596,-262,84,445,769,1053,1289,1450,1524,1516,1420,1233,976,670,327,-48,-412,-741,-1030,-1266,-1433,-1516,-1498,-1393,-1215,-981,-690,-354,-4,353,676,964,1193,1353,1438,1437,1354,1191,947,655,322,-38,-397,-725,-1011,-1230,-1371,-1410,-1366,-1229,-1004,-720,-389,-43,311,631,897,1101,1217,1252,1200,1064,857,596,299,-8,-312,-599,-842,-1027,-1130,-1145,-1068,-887,-614,-253,148,546,864,1027,1015,-738,-552,0,0,0,0,0,0,0,0,0,0,0,0,0,0,0,0,0,0,0,0,0,0,0,0,0,0,0,0,0,0,0,0,0,0,0,0,0,0,0,0,0,0,0,0,0,0,0,0,0,0,0,0,0,0,0,0,0,0,0,0,0,0,0,0,0,0,0,0,0,0,0,0,0,0,0,0,0,0,0,0,0,0,0,0,0,0,0,0,0,0,0,0,0,0,0,0,0,0,0,0,0,0,0,0,0,0,0,0,0,0,0,0,0,0,0,0,0,0,0,0,0,0,0,0,0,0,0,0,0,0,0,0,0,0,0,0,0,0,0,0,0,0,0,0,0,0,0,0,0,0,0,0,0,0,0,0,0,0,0,0,0,0,0,0,0,0,0,0,0,0,0,0,0,0,0,0,0,0,0,0,0,0,0,0,0,0,0,0,0,0,0,0,0,0,0,0,0,0,0,0,0,0,0,0,0,0,0,0,0,0,0,0,0,0,0,0,0,0,0,0,0,0,0,0,0,0,0,0,0,0,0,0,0,0,0,0,0,0,0,0,0,0,0,0,0,0,0,0,0,0,0,0,0,0,0,0,-1322,962,953,-181,-237,-255,-220,-145,-42,62,164,248,310,345,348,322,279,210,120,18,-99,-208,-304,-386,-453,-490,-486,-460,-389,-289,-162,-16,142,294,423,531,611,657,651,609,521,395,249,86,-88,-255,-406,-540,-649,-719,-751,-749,-704,-621,-493,-340,-161,29,226,413,589,735,841,909,916,871,783,640,458,250,26,-210,-439,-640,-810,-925,-995,-1008,-965,-871,-722,-543,-318,-82,154,389,589,756,881,957,987,959,875,750,584,398,194,-17,-227,-419,-581,-716,-806,-852,-861,-835,-767,-666,-535,-389,-226,-44,129,296,449,578,695,769,811,835,807,742,647,522,364,186,2,-198,-175,-567,-717,-830,-903,-939,-925,-866,-769,-632,-458,-260,-46,177,381,579,755,899,998,1047,1048,1008,911,776,593,364,120,-140,-400,-656,-872,-1068,-1197,-1270,-1288,-1229,-1107,-905,-654,-369,-45,289,616,917,1163,1350,1455,1491,1443,1299,1087,811,475,119,-242,-601,-924,-1186,-1380,-1506,-1541,-1477,-1336,-1120,-839,-519,-163,199,547,859,1117,1316,1438,1477,1427,1294,1090,828,522,180,-171,-511,-825,-1085,-1277,-1402,-1437,-1378,-1235,-1011,-724,-387,-26,325,663,950,1168,1302,1345,1298,1155,943,669,356,25,-295,-596,-847,-1036,-1146,-1170,-1117,-986,-778,-516,-207,124,458,762,1011,1159,1172,1035,737,339,-30,622,796
28672,mtk,MTK 7916,2776113762,rx0-tx1,512,0,0,0,0,0,0,0,0,0,0,0,0,0,0,0,0,0,0,0,0,0,0,0,0,0,0,0,0,0,0,0,0,0,0,0,0,0,0,0,0,0,0,0,0,0,0,0,0,0,0,0,0,0,0,0,0,0,0,0,0,0,0,0,0,0,0,0,0,0,0,0,0,0,0,0,0,0,0,0,0,0,0,0,0,0,0,0,0,0,0,0,0,0,0,0,0,0,0,0,0,0,0,0,0,0,0,0,0,0,0,0,0,0,0,0,0,0,0,0,0,0,0,0,0,0,0,0,0,0,0,0,0,0,0,0,0,0,0,0,0,0,0,0,0,0,0,0,0,0,0,0,0,0,0,0,0,0,0,0,0,0,0,0,0,0,0,0,0,0,0,0,0,0,0,0,0,0,0,0,0,0,0,0,0,0,0,0,0,0,0,0,0,0,0,0,0,0,0,0,0,0,0,0,0,0,0,0,0,0,0,0,0,0,0,0,0,0,0,0,0,0,0,0,0,0,0,0,0,0,0,0,0,0,0,0,0,0,0,0,0,0,0,0,0,0,0,0,0,0,0,0,0,0,0,0,0,-730,-285,-297,103,216,314,355,331,250,134,-1,-139,-264,-370,-440,-476,-480,-443,-364,-258,-123,32,196,353,494,604,673,696,664,587,463,294,97,-114,-315,-508,-675,-808,-882,-897,-864,-764,-614,-429,-208,28,267,500,712,877,995,1059,1066,1008,892,707,472,235,-36,-317,-578,-806,-999,-1140,-1208,-1215,-1155,-1029,-838,-599,-334,-41,271,556,815,1030,1198,1307,1333,1294,1179,1010,778,497,192,-137,-449,-741,-1002,-1196,-1342,-1412,-1400,-1324,-1163,-942,-665,-359,-28,307,614,900,1137,1306,1403,1436,1395,1270,1077,827,533,210,-122,-441,-733,-992,-1197,-1336,-1405,-1404,-1328,-1179,-974,-722,-437,-122,189,493,-546,1015,1193,1316,1367,1362,1284,1144,953,711,420,116,-189,-500,-778,-1031,-1227,-1362,-1426,-1428,-1348,-1197,-989,-725,-415,-74,272,611,912,1170,1362,1491,1525,1480,1359,1162,902,589,246,-104,-446,-765,-1045,-1266,-1415,-1481,-1465,-1374,-1218,-999,-720,-410,-78,250,558,843,1070,1241,1348,1384,1344,1238,1069,840,572,275,-40,-353,-648,-907,-1117,-1266,-1342,-1353,-1280,-1132,-921,-656,-349,-25,310,622,895,1114,1265,1340,1326,1228,1051,806,512,184,-152,-475,-764,-999,-1158,-1229,-1213,-1117,-948,-712,-433,-133,172,445,681,860,975,1018,987,887,730,522,275,11,-262,-522,-740,-893,-955,-909,-742,-468,-130,159,-175,-227,0,0,0,0,0,0,0,0,0,0,0,0,0,0,0,0,0,0,0,0,0,0,0,0,0,0,0,0,0,0,0,0,0,0,0,0,0,0,0,0,0,0,0,0,0,0,0,0,0,0,0,0,0,0,0,0,0,0,0,0,0,0,0,0,0,0,0,0,0,0,0,0,0,0,0,0,0,0,0,0,0,0,0,0,0,0,0,0,0,0,0,0,0,0,0,0,0,0,0,0,0,0,0,0,0,0,0,0,0,0,0,0,0,0,0,0,0,0,0,0,0,0,0,0,0,0,0,0,0,0,0,0,0,0,0,0,0,0,0,0,0,0,0,0,0,0,0,0,0,0,0,0,0,0,0,0,0,0,0,0,0,0,0,0,0,0,0,0,0,0,0,0,0,0,0,0,0,0,0,0,0,0,0,0,0,0,0,0,0,0,0,0,0,0,0,0,0,0,0,0,0,0,0,0,0,0,0,0,0,0,0,0,0,0,0,0,0,0,0,0,0,0,0,0,0,0,0,0,0,0,0,0,0,0,0,0,0,0,0,0,0,0,0,0,0,0,0,0,0,0,0,0,0,0,0,0,-128,-57,15,233,196,97,-41,-184,-301,-378,-414,-403,-356,-269,-150,-22,120,259,382,479,548,577,562,501,403,265,100,-86,-274,-449,-606,-723,-791,-800,-758,-668,-528,-348,-131,95,317,534,713,856,951,982,960,886,749,558,337,87,-169,-424,-666,-881,-1023,-1115,-1159,-1128,-1025,-870,-664,-406,-123,164,445,711,938,1107,1224,1283,1268,1172,1014,803,549,258,-53,-355,-646,-902,-1122,-1274,-1364,-1378,-1310,-1186,-985,-731,-441,-112,209,529,827,1077,1268,1391,1445,1406,1302,1126,888,599,285,-40,-375,-684,-957,-1179,-1338,-1421,-1428,-1359,-1228,-1027,-771,-479,-161,158,479,766,1010,1197,1328,1385,1374,1306,1197,949,695,412,109,-194,-495,-761,-996,-1190,-1323,-1378,-1381,-1310,-1174,-970,-714,-421,-111,211,533,826,1081,1286,1428,1490,1475,1378,1206,964,672,343,-14,-359,-695,-990,-1229,-1403,-1497,-1505,-1437,-1294,-1076,-805,-493,-153,190,521,820,1070,1259,1375,1424,1393,1299,1132,903,639,338,22,-295,-588,-854,-1072,-1235,-1337,-1366,-1315,-1188,-1003,-769,-486,-182,140,458,746,994,1187,1308,1356,1326,1206,1012,758,461,133,-205,-531,-813,-1045,-1213,-1300,-1297,-1201,-1027,-790,-498,-175,150,458,725,936,1068,1127,1103,1001,831,608,358,84,-185,-439,-653,-817,-922,-953,-917,-800,-604,-343,-41,278,569,777,853,793,-226,-177
28673,mtk,MTK 7916,2776113762,rx1-tx0,512,0,0,0,0,0,0,0,0,0,0,0,0,0,0,0,0,0,0,0,0,0,0,0,0,0,0,0,0,0,0,0,0,0,0,0,0,0,0,0,0,0,0,0,0,0,0,0,0,0,0,0,0,0,0,0,0,0,0,0,0,0,0,0,0,0,0,0,0,0,0,0,0,0,0,0,0,0,0,0,0,0,0,0,0,0,0,0,0,0,0,0,0,0,0,0,0,0,0,0,0,0,0,0,0,0,0,0,0,0,0,0,0,0,0,0,0,0,0,0,0,0,0,0,0,0,0,0,0,0,0,0,0,0,0,0,0,0,0,0,0,0,0,0,0,0,0,0,0,0,0,0,0,0,0,0,0,0,0,0,0,0,0,0,0,0,0,0,0,0,0,0,0,0,0,0,0,0,0,0,0,0,0,0,0,0,0,0,0,0,0,0,0,0,0,0,0,0,0,0,0,0,0,0,0,0,0,0,0,0,0,0,0,0,0,0,0,0,0,0,0,0,0,0,0,0,0,0,0,0,0,0,0,0,0,0,0,0,0,0,0,0,0,0,0,0,0,0,0,0,0,0,0,0,0,0,0,146,899,999,-170,-165,-119,-33,64,153,217,258,268,244,196,132,46,-48,-128,-205,-266,-306,-322,-309,-265,-201,-129,-38,56,148,238,306,345,355,342,306,247,172,86,-4,-97,-181,-242,-298,-330,-328,-310,-277,-235,-178,-109,-44,21,87,146,185,218,241,251,247,238,226,193,153,108,60,23,-24,-84,-124,-155,-190,-222,-243,-260,-264,-259,-247,-219,-179,-127,-59,12,95,183,266,328,377,421,430,416,386,314,224,117,-8,-135,-254,-357,-450,-510,-546,-544,-514,-432,-342,-230,-91,51,186,312,423,503,558,577,561,518,448,343,210,86,-56,-197,-309,-418,-510,-567,-591,-579,-144,-452,-340,-217,-73,66,205,335,442,517,575,588,562,503,430,322,187,50,-85,-212,-333,-431,-501,-532,-533,-511,-457,-363,-263,-150,-29,87,198,294,371,419,450,450,421,363,306,235,143,48,-43,-133,-214,-285,-333,-361,-369,-352,-322,-274,-215,-139,-67,7,90,157,220,262,278,287,276,247,220,171,117,61,6,-49,-98,-129,-164,-203,-219,-224,-217,-206,-186,-148,-103,-59,-11,41,95,144,182,214,234,236,222,199,154,100,39,-25,-84,-152,-192,-226,-251,-247,-224,-179,-122,-55,9,79,143,186,214,227,219,189,145,85,17,-52,-126,-173,-199,-196,-149,-96,289,534,0,0,0,0,0,0,0,0,0,0,0,0,0,0,0,0,0,0,0,0,0,0,0,0,0,0,0,0,0,0,0,0,0,0,0,0,0,0,0,0,0,0,0,0,0,0,0,0,0,0,0,0,0,0,0,0,0,0,0,0,0,0,0,0,0,0,0,0,0,0,0,0,0,0,0,0,0,0,0,0,0,0,0,0,0,0,0,0,0,0,0,0,0,0,0,0,0,0,0,0,0,0,0,0,0,0,0,0,0,0,0,0,0,0,0,0,0,0,0,0,0,0,0,0,0,0,0,0,0,0,0,0,0,0,0,0,0,0,0,0,0,0,0,0,0,0,0,0,0,0,0,0,0,0,0,0,0,0,0,0,0,0,0,0,0,0,0,0,0,0,0,0,0,0,0,0,0,0,0,0,0,0,0,0,0,0,0,0,0,0,0,0,0,0,0,0,0,0,0,0,0,0,0,0,0,0,0,0,0,0,0,0,0,0,0,0,0,0,0,0,0,0,0,0,0,0,0,0,0,0,0,0,0,0,0,0,0,0,0,0,0,0,0,0,0,0,0,0,0,0,0,0,0,0,0,0,206,537,290,16,97,177,227,235,204,139,61,-35,-128,-201,-255,-294,-291,-268,-224,-157,-78,16,112,198,263,311,341,336,310,264,190,100,5,-86,-173,-248,-308,-341,-347,-329,-288,-234,-171,-85,2,74,140,197,244,275,285,280,266,234,194,153,98,41,-19,-57,-106,-152,-189,-220,-232,-233,-241,-224,-197,-179,-156,-120,-74,-21,39,95,150,201,250,296,326,338,340,321,284,216,141,49,-58,-156,-262,-359,-424,-479,-506,-498,-452,-382,-283,-165,-38,94,224,347,436,513,558,564,539,483,393,281,153,9,-129,-259,-379,-482,-544,-574,-588,-550,-483,-406,-291,-153,-10,136,147,395,485,552,581,576,553,491,395,277,139,-12,-158,-282,-388,-489,-545,-568,-552,-512,-444,-347,-231,-102,22,147,267,364,431,477,494,477,440,374,288,194,90,-17,-123,-208,-275,-345,-391,-405,-395,-368,-323,-265,-190,-109,-20,69,141,209,265,309,324,334,315,277,230,163,101,33,-46,-104,-158,-198,-224,-244,-251,-246,-219,-190,-162,-116,-61,-12,34,76,121,165,199,216,221,222,206,176,138,88,34,-27,-84,-140,-191,-224,-247,-245,-229,-196,-141,-92,-23,52,113,168,213,231,232,219,184,138,77,15,-56,-117,-166,-201,-213,-211,-178,-115,-47,35,104,134,1025,920
28674,mtk,MTK 7916,2776113762,rx1-tx1,512,0,0,0,0,0,0,0,0,0,0,0,0,0,0,0,0,0,0,0,0,0,0,0,0,0,0,0,0,0,0,0,0,0,0,0,0,0,0,0,0,0,0,0,0,0,0,0,0,0,0,0,0,0,0,0,0,0,0,0,0,0,0,0,0,0,0,0,0,0,0,0,0,0,0,0,0,0,0,0,0,0,0,0,0,0,0,0,0,0,0,0,0,0,0,0,0,0,0,0,0,0,0,0,0,0,0,0,0,0,0,0,0,0,0,0,0,0,0,0,0,0,0,0,0,0,0,0,0,0,0,0,0,0,0,0,0,0,0,0,0,0,0,0,0,0,0,0,0,0,0,0,0,0,0,0,0,0,0,0,0,0,0,0,0,0,0,0,0,0,0,0,0,0,0,0,0,0,0,0,0,0,0,0,0,0,0,0,0,0,0,0,0,0,0,0,0,0,0,0,0,0,0,0,0,0,0,0,0,0,0,0,0,0,0,0,0,0,0,0,0,0,0,0,0,0,0,0,0,0,0,0,0,0,0,0,0,0,0,0,0,0,0,0,0,0,0,0,0,0,0,0,0,0,0,0,0,-411,-1003,-892,-66,-67,-57,-35,-9,22,54,84,99,93,69,34,-16,-61,-92,-98,-88,-63,-20,28,71,99,102,81,46,0,-48,-82,-96,-93,-68,-26,18,51,71,73,54,26,0,-24,-43,-42,-35,-23,-8,2,6,3,5,9,8,10,19,23,18,10,-7,-30,-44,-54,-59,-43,-10,28,67,89,87,66,22,-31,-82,-113,-115,-86,-32,33,91,124,125,95,41,-26,-89,-124,-132,-106,-51,15,75,122,134,103,49,-13,-71,-114,-127,-98,-44,11,61,97,100,75,32,-13,-51,-72,-72,-49,-14,19,34,41,33,20,3,-12,-11,2,15,28,34,20,-11,0,-68,-82,-76,-43,15,73,125,147,126,69,-13,-109,-187,-222,-202,-129,-20,108,218,278,268,185,49,-102,-231,-312,-315,-238,-91,85,237,328,347,280,137,-43,-213,-333,-366,-308,-171,12,192,314,357,309,180,10,-165,-289,-333,-295,-183,-22,138,261,319,288,177,21,-135,-250,-299,-270,-171,-26,123,242,297,270,173,35,-115,-240,-301,-283,-197,-64,80,207,284,284,212,92,-47,-170,-255,-274,-224,-124,-4,115,200,232,214,150,53,-56,-146,-194,-192,-139,-59,27,96,143,155,129,69,-11,-82,-127,-145,-131,-85,-11,63,122,155,158,133,91,36,-24,-87,-914,-1006,0,0,0,0,0,0,0,0,0,0,0,0,0,0,0,0,0,0,0,0,0,0,0,0,0,0,0,0,0,0,0,0,0,0,0,0,0,0,0,0,0,0,0,0,0,0,0,0,0,0,0,0,0,0,0,0,0,0,0,0,0,0,0,0,0,0,0,0,0,0,0,0,0,0,0,0,0,0,0,0,0,0,0,0,0,0,0,0,0,0,0,0,0,0,0,0,0,0,0,0,0,0,0,0,0,0,0,0,0,0,0,0,0,0,0,0,0,0,0,0,0,0,0,0,0,0,0,0,0,0,0,0,0,0,0,0,0,0,0,0,0,0,0,0,0,0,0,0,0,0,0,0,0,0,0,0,0,0,0,0,0,0,0,0,0,0,0,0,0,0,0,0,0,0,0,0,0,0,0,0,0,0,0,0,0,0,0,0,0,0,0,0,0,0,0,0,0,0,0,0,0,0,0,0,0,0,0,0,0,0,0,0,0,0,0,0,0,0,0,0,0,0,0,0,0,0,0,0,0,0,0,0,0,0,0,0,0,0,0,0,0,0,0,0,0,0,0,0,0,0,0,0,0,0,0,0,-92,312,560,-5,-30,-57,-77,-90,-92,-75,-44,-6,35,74,95,99,83,50,0,-48,-85,-102,-100,-75,-36,13,57,91,105,92,59,18,-25,-68,-90,-86,-63,-31,3,38,62,66,49,27,3,-17,-26,-25,-27,-23,-12,-8,-14,-13,-8,-1,8,23,39,50,42,26,4,-28,-59,-78,-74,-49,-13,29,75,102,96,66,22,-35,-90,-118,-118,-94,-42,32,96,132,133,102,42,-25,-85,-126,-133,-104,-49,15,81,123,129,98,47,-14,-76,-111,-110,-86,-39,14,57,78,80,64,26,-11,-42,-58,-57,-35,-4,18,25,26,15,-3,-17,-13,2,24,41,48,0,21,-21,-67,-101,-113,-99,-56,13,89,154,185,172,105,1,-110,-205,-251,-233,-155,-32,111,232,302,296,210,72,-90,-242,-333,-338,-261,-113,60,220,332,357,289,148,-29,-202,-321,-360,-306,-176,0,176,309,357,312,194,27,-147,-277,-326,-290,-182,-29,128,256,311,281,176,23,-133,-254,-308,-274,-175,-29,122,240,299,281,187,48,-97,-221,-290,-280,-210,-89,61,186,260,272,216,106,-24,-146,-231,-261,-223,-136,-29,84,176,222,209,150,59,-37,-118,-166,-176,-145,-70,18,90,137,153,134,76,1,-68,-124,-156,-144,-102,-41,27,93,138,158,153,119,-446,-199
28675,mtk,MTK 7916,2776113762,rx2-tx0,512,0,0,0,0,0,0,0,0,0,0,0,0,0,0,0,0,0,0,0,0,0,0,0,0,0,0,0,0,0,0,0,0,0,0,0,0,0,0,0,0,0,0,0,0,0,0,0,0,0,0,0,0,0,0,0,0,0,0,0,0,0,0,0,0,0,0,0,0,0,0,0,0,0,0,0,0,0,0,0,0,0,0,0,0,0,0,0,0,0,0,0,0,0,0,0,0,0,0,0,0,0,0,0,0,0,0,0,0,0,0,0,0,0,0,0,0,0,0,0,0,0,0,0,0,0,0,0,0,0,0,0,0,0,0,0,0,0,0,0,0,0,0,0,0,0,0,0,0,0,0,0,0,0,0,0,0,0,0,0,0,0,0,0,0,0,0,0,0,0,0,0,0,0,0,0,0,0,0,0,0,0,0,0,0,0,0,0,0,0,0,0,0,0,0,0,0,0,0,0,0,0,0,0,0,0,0,0,0,0,0,0,0,0,0,0,0,0,0,0,0,0,0,0,0,0,0,0,0,0,0,0,0,0,0,0,0,0,0,0,0,0,0,0,0,0,0,0,0,0,0,0,0,0,0,0,0,-136,-908,-1039,-30,-4,26,57,84,99,99,80,48,5,-38,-73,-96,-99,-82,-48,-6,38,75,96,96,77,45,4,-41,-75,-91,-89,-75,-47,-9,31,62,84,91,81,57,20,-23,-64,-99,-118,-114,-82,-33,30,90,135,153,135,84,4,-86,-161,-196,-182,-121,-30,77,168,217,213,154,46,-83,-194,-258,-255,-183,-54,99,232,307,295,200,52,-117,-264,-344,-327,-214,-39,149,306,382,356,231,30,-182,-349,-434,-400,-249,-31,204,393,471,423,261,26,-222,-414,-494,-438,-262,-11,241,430,505,434,244,-18,-272,-452,-509,-421,-214,53,304,471,512,405,178,-96,-345,0,-520,-387,-143,141,392,537,536,382,118,-181,-437,-575,-553,-377,-96,213,468,599,571,380,81,-241,-501,-631,-589,-386,-81,249,515,647,608,410,102,-237,-513,-649,-614,-423,-124,206,481,630,609,433,151,-165,-434,-584,-584,-434,-174,120,374,523,538,415,191,-72,-309,-451,-472,-373,-185,42,253,388,415,334,171,-29,-215,-338,-364,-292,-156,16,180,290,318,264,144,-8,-157,-256,-284,-241,-135,6,141,239,272,239,151,23,-113,-217,-267,-251,-181,-66,65,171,234,248,208,118,1,-113,-194,-229,-220,-165,-74,32,123,192,223,207,153,79,-7,-86,-142,-171,-180,-163,-448,0,0,0,0,0,0,0,0,0,0,0,0,0,0,0,0,0,0,0,0,0,0,0,0,0,0,0,0,0,0,0,0,0,0,0,0,0,0,0,0,0,0,0,0,0,0,0,0,0,0,0,0,0,0,0,0,0,0,0,0,0,0,0,0,0,0,0,0,0,0,0,0,0,0,0,0,0,0,0,0,0,0,0,0,0,0,0,0,0,0,0,0,0,0,0,0,0,0,0,0,0,0,0,0,0,0,0,0,0,0,0,0,0,0,0,0,0,0,0,0,0,0,0,0,0,0,0,0,0,0,0,0,0,0,0,0,0,0,0,0,0,0,0,0,0,0,0,0,0,0,0,0,0,0,0,0,0,0,0,0,0,0,0,0,0,0,0,0,0,0,0,0,0,0,0,0,0,0,0,0,0,0,0,0,0,0,0,0,0,0,0,0,0,0,0,0,0,0,0,0,0,0,0,0,0,0,0,0,0,0,0,0,0,0,0,0,0,0,0,0,0,0,0,0,0,0,0,0,0,0,0,0,0,0,0,0,0,0,0,0,0,0,0,0,0,0,0,0,0,0,0,0,0,0,0,0,1335,-672,-407,-69,-85,-87,-78,-54,-18,24,59,86,97,96,70,28,-18,-57,-83,-96,-89,-62,-22,20,56,84,94,85,56,22,-16,-53,-81,-93,-88,-67,-36,-2,39,76,101,104,88,56,7,-48,-93,-124,-133,-109,-57,11,88,143,169,154,99,14,-81,-163,-205,-194,-134,-38,75,179,239,239,171,49,-90,-214,-286,-277,-193,-56,111,248,315,301,206,47,-134,-287,-365,-345,-226,-41,160,329,414,380,240,30,-197,-372,-454,-413,-256,-22,220,402,478,429,259,9,-242,-428,-500,-439,-253,1,253,438,504,427,230,-34,-287,-462,-506,-408,-195,76,330,493,519,398,0,-117,-371,-521,-524,-381,-133,158,413,554,541,375,101,-206,-459,-591,-561,-378,-84,233,488,618,578,385,83,-243,-510,-641,-600,-399,-91,243,512,649,617,418,107,-227,-502,-643,-619,-435,-138,189,458,605,598,439,172,-136,-401,-553,-562,-427,-185,97,340,490,505,395,190,-55,-276,-416,-447,-362,-184,35,237,363,387,316,166,-25,-202,-315,-340,-278,-149,14,168,273,302,253,137,-12,-154,-252,-283,-243,-144,-11,123,224,268,245,161,41,-87,-195,-255,-254,-190,-89,30,139,216,246,215,136,35,-71,-164,-220,-226,-187,-113,-15,82,159,206,222,202,149,86,14,-1131,-1047
28676,mtk,MTK 7916,2776113762,rx2-tx1,512,0,0,0,0,0,0,0,0,0,0,0,0,0,0,0,0,0,0,0,0,0,0,0,0,0,0,0,0,0,0,0,0,0,0,0,0,0,0,0,0,0,0,0,0,0,0,0,0,0,0,0,0,0,0,0,0,0,0,0,0,0,0,0,0,0,0,0,0,0,0,0,0,0,0,0,0,0,0,0,0,0,0,0,0,0,0,0,0,0,0,0,0,0,0,0,0,0,0,0,0,0,0,0,0,0,0,0,0,0,0,0,0,0,0,0,0,0,0,0,0,0,0,0,0,0,0,0,0,0,0,0,0,0,0,0,0,0,0,0,0,0,0,0,0,0,0,0,0,0,0,0,0,0,0,0,0,0,0,0,0,0,0,0,0,0,0,0,0,0,0,0,0,0,0,0,0,0,0,0,0,0,0,0,0,0,0,0,0,0,0,0,0,0,0,0,0,0,0,0,0,0,0,0,0,0,0,0,0,0,0,0,0,0,0,0,0,0,0,0,0,0,0,0,0,0,0,0,0,0,0,0,0,0,0,0,0,0,0,0,0,0,0,0,0,0,0,0,0,0,0,0,0,0,0,0,0,236,805,891,-26,-18,-4,12,34,48,57,60,49,17,-16,-40,-53,-58,-49,-29,-2,28,52,64,57,32,-6,-43,-70,-76,-63,-35,1,43,79,89,71,37,-14,-59,-91,-105,-86,-34,31,90,125,119,85,22,-57,-124,-158,-150,-99,-6,91,156,194,187,116,1,-123,-220,-255,-224,-127,14,159,263,298,257,148,-18,-190,-318,-360,-306,-163,28,215,356,407,343,182,-26,-232,-389,-433,-360,-194,24,245,403,450,384,205,-33,-262,-417,-460,-379,-199,38,267,421,461,377,193,-40,-257,-408,-439,-351,-169,64,269,394,412,312,122,-89,-273,-371,-368,-258,-76,119,286,0,343,210,18,-172,-315,-362,-303,-152,41,216,333,363,286,119,-82,-259,-363,-367,-262,-89,112,285,373,355,245,67,-139,-307,-384,-351,-226,-48,140,295,367,328,202,36,-134,-268,-330,-294,-173,-9,145,256,300,259,143,-1,-140,-236,-259,-209,-104,20,133,198,211,161,57,-52,-139,-187,-181,-118,-25,70,135,163,144,77,-13,-82,-130,-150,-117,-51,25,92,133,138,108,49,-22,-86,-123,-122,-90,-36,27,75,98,100,76,33,-19,-61,-79,-77,-55,-14,23,43,52,51,32,1,-22,-38,-42,-27,-5,19,41,45,34,22,3,-28,-56,-68,-69,-60,-30,251,473,0,0,0,0,0,0,0,0,0,0,0,0,0,0,0,0,0,0,0,0,0,0,0,0,0,0,0,0,0,0,0,0,0,0,0,0,0,0,0,0,0,0,0,0,0,0,0,0,0,0,0,0,0,0,0,0,0,0,0,0,0,0,0,0,0,0,0,0,0,0,0,0,0,0,0,0,0,0,0,0,0,0,0,0,0,0,0,0,0,0,0,0,0,0,0,0,0,0,0,0,0,0,0,0,0,0,0,0,0,0,0,0,0,0,0,0,0,0,0,0,0,0,0,0,0,0,0,0,0,0,0,0,0,0,0,0,0,0,0,0,0,0,0,0,0,0,0,0,0,0,0,0,0,0,0,0,0,0,0,0,0,0,0,0,0,0,0,0,0,0,0,0,0,0,0,0,0,0,0,0,0,0,0,0,0,0,0,0,0,0,0,0,0,0,0,0,0,0,0,0,0,0,0,0,0,0,0,0,0,0,0,0,0,0,0,0,0,0,0,0,0,0,0,0,0,0,0,0,0,0,0,0,0,0,0,0,0,0,0,0,0,0,0,0,0,0,0,0,0,0,0,0,0,0,0,0,-351,454,242,-28,-42,-51,-52,-45,-27,-4,17,38,53,58,47,23,-8,-36,-53,-61,-54,-29,3,33,56,66,59,28,-13,-46,-67,-76,-67,-35,9,52,81,92,75,31,-23,-74,-110,-111,-80,-20,47,111,150,142,90,12,-78,-152,-186,-164,-99,-6,93,184,230,206,112,-18,-144,-240,-281,-245,-135,12,170,290,332,278,144,-35,-214,-339,-372,-317,-170,36,232,372,424,359,188,-39,-246,-395,-447,-375,-194,31,251,414,461,381,201,-31,-260,-417,-459,-376,-196,36,258,416,460,370,177,-54,-261,-398,-427,-336,-150,79,277,389,388,281,104,-104,-278,-368,-348,-234,0,146,296,354,310,175,-18,-208,-330,-361,-291,-134,59,239,355,371,275,103,-97,-268,-362,-358,-255,-78,127,297,374,357,245,64,-140,-299,-371,-343,-222,-36,153,295,351,318,198,27,-142,-269,-319,-278,-161,-5,147,251,282,233,121,-17,-145,-222,-232,-175,-79,31,125,182,184,134,40,-63,-137,-167,-150,-97,-14,69,132,153,127,64,-15,-89,-131,-134,-109,-49,24,89,125,128,96,38,-25,-74,-105,-106,-77,-31,23,62,83,86,67,31,-14,-53,-67,-59,-37,-10,16,41,48,39,25,0,-25,-36,-37,-24,1,21,44,56,46,30,4,-27,-51,-71,892,798
28677,mtk,MTK 7916,2776144022,rx0-tx0,512,0,0,0,0,0,0,0,0,0,0,0,0,0,0,0,0,0,0,0,0,0,0,0,0,0,0,0,0,0,0,0,0,0,0,0,0,0,0,0,0,0,0,0,0,0,0,0,0,0,0,0,0,0,0,0,0,0,0,0,0,0,0,0,0,0,0,0,0,0,0,0,0,0,0,0,0,0,0,0,0,0,0,0,0,0,0,0,0,0,0,0,0,0,0,0,0,0,0,0,0,0,0,0,0,0,0,0,0,0,0,0,0,0,0,0,0,0,0,0,0,0,0,0,0,0,0,0,0,0,0,0,0,0,0,0,0,0,0,0,0,0,0,0,0,0,0,0,0,0,0,0,0,0,0,0,0,0,0,0,0,0,0,0,0,0,0,0,0,0,0,0,0,0,0,0,0,0,0,0,0,0,0,0,0,0,0,0,0,0,0,0,0,0,0,0,0,0,0,0,0,0,0,0,0,0,0,0,0,0,0,0,0,0,0,0,0,0,0,0,0,0,0,0,0,0,0,0,0,0,0,0,0,0,0,0,0,0,0,0,0,0,0,0,0,0,0,0,0,0,0,0,0,0,0,0,0,-273,916,906,164,270,332,308,206,57,-99,-243,-355,-411,-416,-359,-269,-138,14,163,304,423,498,523,484,390,251,80,-119,-311,-473,-600,-661,-659,-576,-435,-252,-24,208,425,601,717,762,727,630,475,271,41,-189,-419,-612,-739,-810,-816,-750,-609,-417,-184,72,336,567,758,891,944,915,793,599,351,61,-238,-530,-772,-957,-1050,-1043,-940,-751,-497,-193,133,447,718,924,1047,1073,1008,839,607,325,6,-308,-588,-804,-944,-1014,-991,-882,-701,-461,-190,91,357,585,755,862,901,866,754,592,398,173,-66,-295,-495,-648,-762,-816,-804,-735,-614,-450,-244,-24,206,422,611,757,832,862,-1687,718,536,326,84,-170,-416,-628,-791,-901,-948,-904,-789,-607,-377,-112,159,434,688,869,1001,1053,1034,917,718,450,145,-186,-507,-801,-1028,-1178,-1237,-1189,-1032,-780,-451,-67,342,720,1039,1278,1409,1407,1284,1041,689,276,-169,-618,-999,-1287,-1474,-1510,-1423,-1203,-855,-438,20,479,896,1226,1443,1521,1466,1274,961,561,107,-345,-758,-1104,-1341,-1460,-1437,-1286,-1024,-656,-236,213,633,986,1257,1401,1422,1296,1045,688,274,-170,-606,-969,-1227,-1363,-1354,-1208,-934,-566,-151,277,663,973,1178,1251,1179,990,705,348,-37,-406,-739,-973,-1104,-1118,-1003,-770,-435,-32,382,774,1052,1165,1078,772,314,-115,801,880,0,0,0,0,0,0,0,0,0,0,0,0,0,0,0,0,0,0,0,0,0,0,0,0,0,0,0,0,0,0,0,0,0,0,0,0,0,0,0,0,0,0,0,0,0,0,0,0,0,0,0,0,0,0,0,0,0,0,0,0,0,0,0,0,0,0,0,0,0,0,0,0,0,0,0,0,0,0,0,0,0,0,0,0,0,0,0,0,0,0,0,0,0,0,0,0,0,0,0,0,0,0,0,0,0,0,0,0,0,0,0,0,0,0,0,0,0,0,0,0,0,0,0,0,0,0,0,0,0,0,0,0,0,0,0,0,0,0,0,0,0,0,0,0,0,0,0,0,0,0,0,0,0,0,0,0,0,0,0,0,0,0,0,0,0,0,0,0,0,0,0,0,0,0,0,0,0,0,0,0,0,0,0,0,0,0,0,0,0,0,0,0,0,0,0,0,0,0,0,0,0,0,0,0,0,0,0,0,0,0,0,0,0,0,0,0,0,0,0,0,0,0,0,0,0,0,0,0,0,0,0,0,0,0,0,0,0,0,0,0,0,0,0,0,0,0,0,0,0,0,0,0,0,0,0,0,-1322,-26,-178,201,126,-17,-180,-310,-378,-379,-321,-207,-67,82,225,341,428,460,437,371,257,104,-65,-242,-395,-513,-583,-595,-534,-420,-252,-46,172,384,546,669,725,701,606,443,243,9,-224,-436,-615,-737,-779,-766,-687,-530,-325,-98,140,378,586,746,848,881,833,707,518,272,-6,-291,-555,-770,-924,-999,-981,-875,-688,-433,-124,192,502,755,950,1061,1069,986,806,557,254,-65,-383,-663,-872,-1017,-1065,-1012,-867,-649,-391,-103,201,470,703,866,950,959,881,728,522,284,35,-218,-447,-629,-760,-836,-842,-786,-665,-508,-313,-85,141,350,532,681,784,825,808,726,593,399,176,-54,-175,-527,-707,-829,-895,-892,-813,-668,-468,-235,31,304,547,761,900,977,979,915,757,543,276,-16,-319,-603,-842,-1019,-1125,-1139,-1054,-871,-606,-294,55,423,771,1053,1250,1342,1310,1165,913,579,171,-259,-668,-1030,-1303,-1458,-1492,-1382,-1129,-791,-359,104,548,963,1282,1476,1541,1459,1243,915,502,42,-412,-837,-1172,-1406,-1506,-1457,-1284,-995,-608,-178,272,682,1040,1296,1432,1433,1293,1040,690,277,-164,-593,-967,-1242,-1387,-1402,-1269,-1006,-650,-228,216,633,976,1208,1316,1282,1110,830,462,49,-357,-704,-973,-1136,-1173,-1091,-883,-581,-229,153,522,830,1052,1140,1087,876,513,63,-417,-819,-1025,-999,454,304
28678,mtk,MTK 7916,2776144022,rx0-tx1,512,0,0,0,0,0,0,0,0,0,0,0,0,0,0,0,0,0,0,0,0,0,0,0,0,0,0,0,0,0,0,0,0,0,0,0,0,0,0,0,0,0,0,0,0,0,0,0,0,0,0,0,0,0,0,0,0,0,0,0,0,0,0,0,0,0,0,0,0,0,0,0,0,0,0,0,0,0,0,0,0,0,0,0,0,0,0,0,0,0,0,0,0,0,0,0,0,0,0,0,0,0,0,0,0,0,0,0,0,0,0,0,0,0,0,0,0,0,0,0,0,0,0,0,0,0,0,0,0,0,0,0,0,0,0,0,0,0,0,0,0,0,0,0,0,0,0,0,0,0,0,0,0,0,0,0,0,0,0,0,0,0,0,0,0,0,0,0,0,0,0,0,0,0,0,0,0,0,0,0,0,0,0,0,0,0,0,0,0,0,0,0,0,0,0,0,0,0,0,0,0,0,0,0,0,0,0,0,0,0,0,0,0,0,0,0,0,0,0,0,0,0,0,0,0,0,0,0,0,0,0,0,0,0,0,0,0,0,0,0,0,0,0,0,0,0,0,0,0,0,0,0,0,0,0,0,0,-730,-118,0,-250,-266,-202,-70,92,245,353,405,393,323,209,55,-105,-265,-400,-488,-529,-509,-420,-284,-105,95,299,481,616,691,692,617,470,256,10,-240,-478,-671,-812,-864,-827,-710,-520,-269,14,307,579,801,953,1026,984,851,639,355,36,-297,-613,-872,-1057,-1152,-1134,-1011,-796,-499,-153,215,569,875,1108,1242,1263,1174,978,686,327,-65,-447,-803,-1088,-1272,-1352,-1312,-1159,-892,-549,-154,269,659,1002,1261,1397,1417,1307,1082,766,372,-49,-474,-855,-1174,-1372,-1446,-1398,-1229,-950,-595,-184,246,649,992,1248,1399,1425,1323,1108,807,427,18,-381,-758,-1064,-1277,-1382,-1368,-1234,-998,-680,-310,82,-546,811,1085,1260,1342,1317,1175,937,634,266,-129,-508,-853,-1120,-1295,-1374,-1336,-1182,-929,-603,-209,207,612,961,1237,1411,1452,1378,1182,870,481,61,-379,-779,-1120,-1367,-1486,-1459,-1309,-1055,-708,-297,143,559,918,1211,1392,1438,1366,1172,880,522,115,-292,-673,-999,-1214,-1341,-1353,-1244,-1029,-732,-369,22,416,773,1052,1250,1336,1300,1153,898,557,170,-238,-621,-954,-1193,-1321,-1328,-1200,-962,-629,-235,183,575,919,1166,1291,1288,1146,886,547,150,-260,-635,-931,-1127,-1196,-1129,-946,-665,-324,43,393,681,887,992,985,875,673,403,97,-217,-502,-726,-874,-910,-828,-632,-330,30,394,672,800,754,-391,-316,0,0,0,0,0,0,0,0,0,0,0,0,0,0,0,0,0,0,0,0,0,0,0,0,0,0,0,0,0,0,0,0,0,0,0,0,0,0,0,0,0,0,0,0,0,0,0,0,0,0,0,0,0,0,0,0,0,0,0,0,0,0,0,0,0,0,0,0,0,0,0,0,0,0,0,0,0,0,0,0,0,0,0,0,0,0,0,0,0,0,0,0,0,0,0,0,0,0,0,0,0,0,0,0,0,0,0,0,0,0,0,0,0,0,0,0,0,0,0,0,0,0,0,0,0,0,0,0,0,0,0,0,0,0,0,0,0,0,0,0,0,0,0,0,0,0,0,0,0,0,0,0,0,0,0,0,0,0,0,0,0,0,0,0,0,0,0,0,0,0,0,0,0,0,0,0,0,0,0,0,0,0,0,0,0,0,0,0,0,0,0,0,0,0,0,0,0,0,0,0,0,0,0,0,0,0,0,0,0,0,0,0,0,0,0,0,0,0,0,0,0,0,0,0,0,0,0,0,0,0,0,0,0,0,0,0,0,0,0,0,0,0,0,0,0,0,0,0,0,0,0,0,0,0,0,0,-128,610,623,-25,109,252,344,358,296,176,22,-138,-281,-389,-447,-450,-401,-296,-153,18,204,374,506,587,607,564,445,272,56,-174,-399,-588,-726,-781,-759,-658,-488,-259,13,286,535,745,886,943,908,779,568,310,2,-315,-602,-848,-1015,-1088,-1060,-931,-710,-426,-89,266,597,884,1092,1200,1200,1089,877,583,229,-148,-515,-849,-1113,-1273,-1316,-1245,-1065,-787,-435,-48,356,736,1053,1269,1385,1372,1235,998,654,252,-166,-579,-932,-1216,-1392,-1441,-1364,-1170,-867,-477,-61,365,759,1087,1316,1434,1422,1286,1034,701,305,-118,-524,-884,-1164,-1345,-1403,-1345,-1173,-900,-551,-163,245,626,950,1189,1331,1365,1197,1094,799,458,83,-308,-678,-971,-1197,-1332,-1353,-1262,-1067,-770,-437,-48,356,725,1035,1264,1390,1396,1287,1059,747,350,-73,-488,-875,-1188,-1391,-1482,-1436,-1260,-979,-607,-173,268,674,1027,1294,1452,1468,1347,1122,806,408,-15,-436,-813,-1111,-1310,-1392,-1351,-1215,-956,-624,-252,156,536,872,1133,1292,1340,1273,1088,819,476,85,-311,-681,-994,-1217,-1329,-1319,-1190,-946,-608,-222,194,591,925,1175,1306,1308,1185,946,606,213,-203,-601,-926,-1149,-1255,-1222,-1062,-792,-445,-51,335,668,923,1067,1094,998,802,528,208,-124,-429,-683,-854,-929,-901,-769,-553,-267,61,379,656,847,905,801,543,181,-150,434,501
28679,mtk,MTK 7916,2776144022,rx1-tx0,512,0,0,0,0,0,0,0,0,0,0,0,0,0,0,0,0,0,0,0,0,0,0,0,0,0,0,0,0,0,0,0,0,0,0,0,0,0,0,0,0,0,0,0,0,0,0,0,0,0,0,0,0,0,0,0,0,0,0,0,0,0,0,0,0,0,0,0,0,0,0,0,0,0,0,0,0,0,0,0,0,0,0,0,0,0,0,0,0,0,0,0,0,0,0,0,0,0,0,0,0,0,0,0,0,0,0,0,0,0,0,0,0,0,0,0,0,0,0,0,0,0,0,0,0,0,0,0,0,0,0,0,0,0,0,0,0,0,0,0,0,0,0,0,0,0,0,0,0,0,0,0,0,0,0,0,0,0,0,0,0,0,0,0,0,0,0,0,0,0,0,0,0,0,0,0,0,0,0,0,0,0,0,0,0,0,0,0,0,0,0,0,0,0,0,0,0,0,0,0,0,0,0,0,0,0,0,0,0,0,0,0,0,0,0,0,0,0,0,0,0,0,0,0,0,0,0,0,0,0,0,0,0,0,0,0,0,0,0,0,0,0,0,0,0,0,0,0,0,0,0,0,0,0,0,0,0,146,-977,-996,37,-48,-144,-213,-227,-194,-122,-24,85,178,247,277,260,216,141,41,-61,-160,-244,-299,-317,-297,-239,-152,-38,81,186,271,326,342,315,260,184,76,-43,-149,-233,-297,-328,-317,-281,-218,-126,-38,55,145,208,248,264,260,237,193,127,58,-13,-74,-126,-165,-202,-210,-207,-187,-158,-118,-74,-31,21,67,112,142,169,195,201,205,187,166,126,63,-13,-91,-164,-239,-298,-329,-339,-310,-245,-158,-51,69,194,308,390,438,450,405,335,218,67,-76,-227,-349,-444,-505,-508,-464,-381,-254,-93,66,218,359,459,519,535,486,406,281,132,-31,-189,-331,-452,-524,-546,-144,-440,-307,-162,-6,164,322,443,521,563,538,468,347,187,27,-138,-293,-421,-500,-530,-519,-446,-335,-195,-41,106,244,359,438,479,470,420,330,214,78,-56,-188,-292,-361,-404,-420,-387,-320,-225,-111,3,117,213,288,338,364,344,300,238,152,49,-49,-152,-235,-289,-314,-308,-281,-236,-158,-74,14,99,158,211,244,253,244,218,175,115,52,-18,-84,-149,-198,-227,-236,-224,-203,-160,-95,-21,62,133,194,246,271,257,223,163,91,8,-92,-180,-237,-278,-284,-250,-196,-111,-16,80,164,220,257,261,232,170,85,-4,-100,-177,-234,-256,-233,-166,-69,32,131,171,-725,-837,0,0,0,0,0,0,0,0,0,0,0,0,0,0,0,0,0,0,0,0,0,0,0,0,0,0,0,0,0,0,0,0,0,0,0,0,0,0,0,0,0,0,0,0,0,0,0,0,0,0,0,0,0,0,0,0,0,0,0,0,0,0,0,0,0,0,0,0,0,0,0,0,0,0,0,0,0,0,0,0,0,0,0,0,0,0,0,0,0,0,0,0,0,0,0,0,0,0,0,0,0,0,0,0,0,0,0,0,0,0,0,0,0,0,0,0,0,0,0,0,0,0,0,0,0,0,0,0,0,0,0,0,0,0,0,0,0,0,0,0,0,0,0,0,0,0,0,0,0,0,0,0,0,0,0,0,0,0,0,0,0,0,0,0,0,0,0,0,0,0,0,0,0,0,0,0,0,0,0,0,0,0,0,0,0,0,0,0,0,0,0,0,0,0,0,0,0,0,0,0,0,0,0,0,0,0,0,0,0,0,0,0,0,0,0,0,0,0,0,0,0,0,0,0,0,0,0,0,0,0,0,0,0,0,0,0,0,0,0,0,0,0,0,0,0,0,0,0,0,0,0,0,0,0,0,0,206,-129,57,-154,-177,-144,-60,43,141,215,250,242,192,115,12,-91,-177,-250,-286,-290,-257,-187,-91,20,130,226,300,337,325,284,213,109,-8,-123,-215,-292,-345,-348,-309,-242,-156,-45,66,154,231,280,297,294,260,191,119,42,-39,-108,-174,-218,-237,-236,-222,-188,-151,-92,-31,26,77,119,153,170,189,191,180,163,125,96,48,-6,-59,-114,-159,-205,-242,-263,-259,-240,-195,-118,-28,70,180,276,338,382,395,364,296,190,68,-74,-209,-329,-435,-478,-478,-435,-348,-237,-93,66,215,347,456,511,512,479,389,262,115,-50,-207,-347,-461,-522,-539,-502,-428,-307,-149,17,147,335,449,517,551,535,455,329,185,17,-152,-302,-436,-516,-546,-525,-458,-344,-192,-42,123,273,387,466,494,482,425,329,207,62,-87,-221,-335,-414,-446,-439,-400,-314,-218,-105,28,158,258,339,379,394,370,314,237,150,36,-81,-172,-256,-313,-338,-329,-299,-233,-151,-59,36,118,193,252,278,284,262,218,163,92,19,-55,-116,-178,-214,-236,-239,-225,-195,-144,-80,-9,64,128,191,229,249,249,217,168,98,12,-70,-146,-206,-251,-277,-273,-223,-150,-61,39,131,204,258,277,265,211,142,59,-35,-125,-199,-247,-258,-236,-182,-103,-4,97,182,223,232,184,102,-621,-479
28680,mtk,MTK 7916,2776144022,rx1-tx1,512,0,0,0,0,0,0,0,0,0,0,0,0,0,0,0,0,0,0,0,0,0,0,0,0,0,0,0,0,0,0,0,0,0,0,0,0,0,0,0,0,0,0,0,0,0,0,0,0,0,0,0,0,0,0,0,0,0,0,0,0,0,0,0,0,0,0,0,0,0,0,0,0,0,0,0,0,0,0,0,0,0,0,0,0,0,0,0,0,0,0,0,0,0,0,0,0,0,0,0,0,0,0,0,0,0,0,0,0,0,0,0,0,0,0,0,0,0,0,0,0,0,0,0,0,0,0,0,0,0,0,0,0,0,0,0,0,0,0,0,0,0,0,0,0,0,0,0,0,0,0,0,0,0,0,0,0,0,0,0,0,0,0,0,0,0,0,0,0,0,0,0,0,0,0,0,0,0,0,0,0,0,0,0,0,0,0,0,0,0,0,0,0,0,0,0,0,0,0,0,0,0,0,0,0,0,0,0,0,0,0,0,0,0,0,0,0,0,0,0,0,0,0,0,0,0,0,0,0,0,0,0,0,0,0,0,0,0,0,0,0,0,0,0,0,0,0,0,0,0,0,0,0,0,0,0,0,-411,508,538,-10,12,35,59,83,96,99,92,71,38,-3,-43,-77,-100,-106,-93,-62,-24,16,58,89,107,102,83,46,2,-42,-76,-95,-90,-75,-52,-16,27,58,70,68,59,38,14,-11,-30,-43,-38,-28,-11,4,14,9,-6,-17,-18,-19,-23,-13,14,43,55,59,56,38,5,-31,-65,-92,-102,-85,-46,3,48,90,120,126,94,43,-15,-76,-123,-142,-131,-94,-38,25,82,133,156,139,92,23,-46,-102,-137,-145,-121,-73,-9,52,95,121,124,103,54,-8,-55,-84,-97,-92,-73,-31,11,38,55,62,46,26,11,-6,-20,-22,-13,-1,8,15,9,-13,0,-64,-74,-70,-44,1,58,112,148,152,118,58,-16,-99,-170,-213,-221,-182,-88,22,130,223,283,279,220,116,-17,-151,-263,-330,-328,-264,-143,12,165,288,354,343,267,139,-19,-171,-295,-367,-358,-275,-141,20,172,291,348,327,244,110,-46,-189,-289,-323,-287,-201,-70,76,202,286,309,263,165,34,-107,-221,-290,-297,-247,-143,-13,118,228,291,293,244,147,18,-111,-217,-277,-284,-239,-151,-37,79,175,238,260,235,158,55,-45,-131,-191,-211,-194,-140,-60,22,97,147,167,151,110,46,-22,-84,-123,-141,-144,-114,-53,12,68,116,152,163,152,126,86,33,305,382,0,0,0,0,0,0,0,0,0,0,0,0,0,0,0,0,0,0,0,0,0,0,0,0,0,0,0,0,0,0,0,0,0,0,0,0,0,0,0,0,0,0,0,0,0,0,0,0,0,0,0,0,0,0,0,0,0,0,0,0,0,0,0,0,0,0,0,0,0,0,0,0,0,0,0,0,0,0,0,0,0,0,0,0,0,0,0,0,0,0,0,0,0,0,0,0,0,0,0,0,0,0,0,0,0,0,0,0,0,0,0,0,0,0,0,0,0,0,0,0,0,0,0,0,0,0,0,0,0,0,0,0,0,0,0,0,0,0,0,0,0,0,0,0,0,0,0,0,0,0,0,0,0,0,0,0,0,0,0,0,0,0,0,0,0,0,0,0,0,0,0,0,0,0,0,0,0,0,0,0,0,0,0,0,0,0,0,0,0,0,0,0,0,0,0,0,0,0,0,0,0,0,0,0,0,0,0,0,0,0,0,0,0,0,0,0,0,0,0,0,0,0,0,0,0,0,0,0,0,0,0,0,0,0,0,0,0,0,0,0,0,0,0,0,0,0,0,0,0,0,0,0,0,0,0,0,-92,107,-9,-66,-80,-84,-74,-54,-27,9,46,76,96,106,99,75,40,-5,-48,-81,-104,-106,-87,-55,-13,32,69,94,102,94,70,32,-14,-52,-76,-86,-81,-61,-28,4,30,52,57,47,34,15,-6,-20,-22,-18,-8,0,11,16,11,-8,-30,-43,-41,-33,-18,5,35,62,74,75,59,23,-20,-57,-93,-110,-102,-75,-28,35,89,128,139,119,74,16,-47,-105,-141,-148,-118,-70,-8,64,119,141,143,117,62,-9,-77,-124,-138,-126,-89,-34,20,73,107,117,99,56,11,-31,-68,-86,-77,-58,-30,-2,23,41,41,29,15,1,-6,-4,5,17,32,42,0,10,-21,-58,-87,-105,-106,-82,-23,46,117,168,186,171,115,32,-61,-154,-238,-260,-231,-165,-62,71,190,281,314,283,195,68,-82,-223,-321,-354,-316,-210,-63,92,233,333,369,329,212,49,-106,-237,-328,-351,-301,-192,-55,105,245,323,331,278,160,8,-132,-242,-304,-305,-243,-127,17,153,252,296,285,210,84,-57,-177,-260,-300,-277,-199,-77,56,175,260,294,267,193,84,-43,-157,-241,-278,-259,-195,-105,3,114,198,236,231,190,115,20,-75,-149,-190,-190,-153,-94,-24,48,108,145,150,126,78,17,-48,-104,-142,-156,-143,-107,-60,-3,52,100,129,140,375,297
28681,mtk,MTK 7916,2776144022,rx2-tx0,512,0,0,0,0,0,0,0,0,0,0,0,0,0,0,0,0,0,0,0,0,0,0,0,0,0,0,0,0,0,0,0,0,0,0,0,0,0,0,0,0,0,0,0,0,0,0,0,0,0,0,0,0,0,0,0,0,0,0,0,0,0,0,0,0,0,0,0,0,0,0,0,0,0,0,0,0,0,0,0,0,0,0,0,0,0,0,0,0,0,0,0,0,0,0,0,0,0,0,0,0,0,0,0,0,0,0,0,0,0,0,0,0,0,0,0,0,0,0,0,0,0,0,0,0,0,0,0,0,0,0,0,0,0,0,0,0,0,0,0,0,0,0,0,0,0,0,0,0,0,0,0,0,0,0,0,0,0,0,0,0,0,0,0,0,0,0,0,0,0,0,0,0,0,0,0,0,0,0,0,0,0,0,0,0,0,0,0,0,0,0,0,0,0,0,0,0,0,0,0,0,0,0,0,0,0,0,0,0,0,0,0,0,0,0,0,0,0,0,0,0,0,0,0,0,0,0,0,0,0,0,0,0,0,0,0,0,0,0,0,0,0,0,0,0,0,0,0,0,0,0,0,0,0,0,0,0,-136,-569,-617,59,76,86,90,82,62,30,-3,-36,-64,-87,-97,-90,-66,-36,-2,33,64,83,91,84,62,36,3,-31,-57,-75,-84,-79,-66,-46,-17,13,44,70,88,93,88,69,35,-5,-43,-80,-112,-130,-124,-95,-45,24,89,139,172,173,137,70,-12,-104,-174,-214,-214,-166,-78,29,138,223,262,250,183,68,-68,-195,-286,-319,-280,-178,-32,125,258,344,355,293,166,-8,-192,-334,-409,-397,-292,-117,82,271,407,460,409,270,75,-145,-342,-465,-485,-405,-233,-10,219,405,502,486,363,164,-72,-296,-457,-514,-454,-299,-75,170,371,490,505,404,209,-34,-273,-451,0,-492,-342,-111,148,374,516,549,462,264,4,-258,-465,-582,-566,-427,-189,90,359,550,625,565,377,106,-190,-446,-609,-647,-548,-336,-46,249,496,641,645,519,288,-5,-300,-529,-646,-631,-489,-251,34,308,513,608,582,439,216,-54,-303,-486,-567,-526,-384,-171,64,275,427,485,440,306,113,-92,-263,-375,-411,-359,-233,-66,100,238,329,346,289,174,28,-116,-228,-294,-291,-227,-121,6,128,227,275,268,202,102,-19,-135,-227,-275,-265,-203,-110,-2,107,197,252,259,219,137,35,-63,-153,-218,-243,-223,-169,-89,1,89,163,213,231,214,175,119,54,-13,-69,-122,-300,-399,0,0,0,0,0,0,0,0,0,0,0,0,0,0,0,0,0,0,0,0,0,0,0,0,0,0,0,0,0,0,0,0,0,0,0,0,0,0,0,0,0,0,0,0,0,0,0,0,0,0,0,0,0,0,0,0,0,0,0,0,0,0,0,0,0,0,0,0,0,0,0,0,0,0,0,0,0,0,0,0,0,0,0,0,0,0,0,0,0,0,0,0,0,0,0,0,0,0,0,0,0,0,0,0,0,0,0,0,0,0,0,0,0,0,0,0,0,0,0,0,0,0,0,0,0,0,0,0,0,0,0,0,0,0,0,0,0,0,0,0,0,0,0,0,0,0,0,0,0,0,0,0,0,0,0,0,0,0,0,0,0,0,0,0,0,0,0,0,0,0,0,0,0,0,0,0,0,0,0,0,0,0,0,0,0,0,0,0,0,0,0,0,0,0,0,0,0,0,0,0,0,0,0,0,0,0,0,0,0,0,0,0,0,0,0,0,0,0,0,0,0,0,0,0,0,0,0,0,0,0,0,0,0,0,0,0,0,0,0,0,0,0,0,0,0,0,0,0,0,0,0,0,0,0,0,0,1335,-285,-164,-40,-23,-1,25,51,76,92,99,90,69,39,5,-33,-64,-83,-91,-86,-68,-37,0,33,63,81,84,78,61,36,7,-28,-55,-72,-82,-83,-71,-53,-21,11,45,73,98,112,108,80,43,-1,-55,-109,-143,-155,-140,-95,-26,56,124,175,202,186,121,32,-67,-161,-224,-242,-213,-140,-28,98,204,269,285,234,124,-19,-165,-277,-333,-321,-235,-90,78,237,350,386,339,221,56,-133,-303,-413,-432,-356,-200,3,213,383,473,463,347,155,-74,-287,-445,-506,-456,-309,-95,144,349,479,503,412,230,2,-230,-414,-502,-479,-352,-148,95,319,472,522,452,277,0,-210,-420,-538,-527,-403,-190,68,319,501,578,520,347,102,-176,-422,-576,-602,-500,-284,-7,272,495,617,607,468,219,-74,-354,-566,-654,-614,-443,-171,134,412,600,664,590,395,122,-172,-431,-602,-647,-559,-360,-96,176,417,557,582,488,302,63,-179,-384,-498,-508,-417,-244,-29,185,352,438,435,344,183,-10,-183,-312,-370,-358,-269,-124,32,174,282,324,291,201,75,-59,-179,-260,-286,-253,-173,-53,77,186,255,273,240,158,44,-73,-170,-236,-261,-238,-170,-73,36,138,212,246,238,192,109,12,-80,-163,-218,-234,-213,-164,-92,-6,81,150,195,217,212,186,143,-539,-474
28682,mtk,MTK 7916,2776144022,rx2-tx1,512,0,0,0,0,0,0,0,0,0,0,0,0,0,0,0,0,0,0,0,0,0,0,0,0,0,0,0,0,0,0,0,0,0,0,0,0,0,0,0,0,0,0,0,0,0,0,0,0,0,0,0,0,0,0,0,0,0,0,0,0,0,0,0,0,0,0,0,0,0,0,0,0,0,0,0,0,0,0,0,0,0,0,0,0,0,0,0,0,0,0,0,0,0,0,0,0,0,0,0,0,0,0,0,0,0,0,0,0,0,0,0,0,0,0,0,0,0,0,0,0,0,0,0,0,0,0,0,0,0,0,0,0,0,0,0,0,0,0,0,0,0,0,0,0,0,0,0,0,0,0,0,0,0,0,0,0,0,0,0,0,0,0,0,0,0,0,0,0,0,0,0,0,0,0,0,0,0,0,0,0,0,0,0,0,0,0,0,0,0,0,0,0,0,0,0,0,0,0,0,0,0,0,0,0,0,0,0,0,0,0,0,0,0,0,0,0,0,0,0,0,0,0,0,0,0,0,0,0,0,0,0,0,0,0,0,0,0,0,0,0,0,0,0,0,0,0,0,0,0,0,0,0,0,0,0,0,236,238,197,17,34,48,52,51,45,35,17,-6,-29,-47,-58,-62,-53,-33,-9,17,42,57,60,46,25,-5,-32,-54,-70,-70,-47,-16,23,60,82,83,72,45,-2,-56,-93,-110,-107,-73,-20,34,90,136,151,124,70,3,-77,-143,-177,-175,-129,-46,47,134,204,237,216,138,23,-103,-206,-269,-280,-233,-129,11,159,284,352,345,250,106,-55,-216,-339,-397,-367,-262,-100,94,276,394,434,377,233,38,-165,-328,-425,-445,-359,-183,22,214,373,447,431,327,145,-73,-270,-400,-443,-394,-260,-70,127,296,403,414,330,186,7,-181,-319,-380,-353,-247,-87,87,239,335,0,282,149,-24,-187,-309,-364,-329,-204,-42,120,263,350,346,272,139,-30,-197,-329,-380,-345,-230,-68,109,260,359,379,310,168,0,-174,-311,-375,-353,-259,-110,61,214,318,349,311,210,59,-99,-228,-307,-310,-247,-135,0,130,225,269,250,178,73,-40,-136,-201,-217,-182,-107,-12,78,143,176,165,115,39,-37,-103,-146,-149,-115,-59,8,74,127,140,121,81,19,-49,-102,-123,-120,-92,-49,7,58,95,110,104,67,24,-15,-54,-80,-86,-80,-59,-20,21,44,54,56,42,17,-6,-22,-37,-41,-34,-16,6,21,36,46,43,27,4,-23,-46,-59,-65,-64,321,298,0,0,0,0,0,0,0,0,0,0,0,0,0,0,0,0,0,0,0,0,0,0,0,0,0,0,0,0,0,0,0,0,0,0,0,0,0,0,0,0,0,0,0,0,0,0,0,0,0,0,0,0,0,0,0,0,0,0,0,0,0,0,0,0,0,0,0,0,0,0,0,0,0,0,0,0,0,0,0,0,0,0,0,0,0,0,0,0,0,0,0,0,0,0,0,0,0,0,0,0,0,0,0,0,0,0,0,0,0,0,0,0,0,0,0,0,0,0,0,0,0,0,0,0,0,0,0,0,0,0,0,0,0,0,0,0,0,0,0,0,0,0,0,0,0,0,0,0,0,0,0,0,0,0,0,0,0,0,0,0,0,0,0,0,0,0,0,0,0,0,0,0,0,0,0,0,0,0,0,0,0,0,0,0,0,0,0,0,0,0,0,0,0,0,0,0,0,0,0,0,0,0,0,0,0,0,0,0,0,0,0,0,0,0,0,0,0,0,0,0,0,0,0,0,0,0,0,0,0,0,0,0,0,0,0,0,0,0,0,0,0,0,0,0,0,0,0,0,0,0,0,0,0,0,0,0,-351,-182,-228,-27,-24,-15,-1,15,29,41,54,58,53,33,12,-8,-27,-51,-66,-65,-43,-14,12,34,56,65,59,39,6,-32,-60,-75,-79,-61,-26,17,57,88,99,89,55,16,-39,-89,-114,-114,-91,-44,26,95,144,162,147,94,14,-72,-151,-201,-206,-169,-92,11,118,206,253,251,189,72,-69,-190,-275,-305,-283,-199,-64,104,256,355,368,310,186,13,-161,-312,-401,-404,-316,-162,33,220,368,438,417,303,112,-102,-288,-420,-469,-414,-265,-63,153,324,425,445,369,206,3,-196,-351,-431,-418,-308,-130,62,240,364,400,345,224,54,-129,-281,-366,-359,-267,-117,0,209,317,353,311,189,16,-162,-295,-356,-334,-236,-81,91,248,352,380,313,176,4,-172,-309,-375,-359,-271,-121,54,221,350,393,339,219,60,-109,-261,-353,-358,-285,-166,-7,158,276,326,312,227,99,-43,-171,-260,-293,-256,-156,-37,83,188,235,230,185,93,-18,-109,-171,-199,-174,-111,-31,57,131,163,155,115,46,-34,-90,-128,-142,-121,-64,1,65,110,136,129,97,38,-29,-71,-97,-114,-107,-71,-21,37,79,96,94,80,49,7,-36,-61,-67,-65,-48,-24,1,27,49,55,42,18,-6,-27,-40,-40,-32,-21,-4,19,41,51,49,44,31,3,-27,-57,-123
28683,mtk,MTK 7916,2776180044,rx0-tx0,512,0,0,0,0,0,0,0,0,0,0,0,0,0,0,0,0,0,0,0,0,0,0,0,0,0,0,0,0,0,0,0,0,0,0,0,0,0,0,0,0,0,0,0,0,0,0,0,0,0,0,0,0,0,0,0,0,0,0,0,0,0,0,0,0,0,0,0,0,0,0,0,0,0,0,0,0,0,0,0,0,0,0,0,0,0,0,0,0,0,0,0,0,0,0,0,0,0,0,0,0,0,0,0,0,0,0,0,0,0,0,0,0,0,0,0,0,0,0,0,0,0,0,0,0,0,0,0,0,0,0,0,0,0,0,0,0,0,0,0,0,0,0,0,0,0,0,0,0,0,0,0,0,0,0,0,0,0,0,0,0,0,0,0,0,0,0,0,0,0,0,0,0,0,0,0,0,0,0,0,0,0,0,0,0,0,0,0,0,0,0,0,0,0,0,0,0,0,0,0,0,0,0,0,0,0,0,0,0,0,0,0,0,0,0,0,0,0,0,0,0,0,0,0,0,0,0,0,0,0,0,0,0,0,0,0,0,0,0,0,0,0,0,0,0,0,0,0,0,0,0,0,0,0,0,0,0,-273,916,906,-110,-221,-310,-347,-326,-259,-157,-40,76,186,284,361,406,425,418,382,321,236,131,13,-112,-230,-345,-440,-513,-555,-561,-538,-476,-389,-269,-128,19,160,299,429,533,609,644,644,616,558,469,348,228,95,-61,-194,-324,-439,-525,-605,-662,-675,-673,-646,-579,-480,-366,-236,-83,77,238,396,537,651,735,795,823,790,725,632,498,339,166,-23,-205,-384,-545,-685,-777,-838,-857,-828,-765,-661,-527,-367,-195,-22,154,315,454,566,651,706,725,709,673,604,504,395,268,145,22,-101,-210,-310,-391,-455,-511,-546,-560,-562,-544,-506,-457,-387,-308,-219,-114,0,115,226,336,-1687,527,588,631,651,651,620,562,483,375,251,115,-25,-168,-306,-440,-554,-652,-726,-774,-799,-773,-725,-656,-548,-407,-248,-72,116,304,484,658,802,916,997,1038,1025,961,850,687,493,267,17,-232,-483,-722,-924,-1085,-1201,-1254,-1237,-1155,-1015,-826,-595,-323,-34,252,533,789,1000,1159,1254,1287,1259,1165,1011,802,552,285,4,-270,-530,-764,-958,-1110,-1194,-1215,-1184,-1091,-938,-741,-511,-250,22,290,562,793,967,1098,1164,1159,1088,959,776,543,285,10,-262,-505,-719,-883,-987,-1031,-1008,-929,-794,-610,-397,-170,67,303,516,684,820,900,925,881,763,570,311,10,-306,-578,-761,-807,801,880,0,0,0,0,0,0,0,0,0,0,0,0,0,0,0,0,0,0,0,0,0,0,0,0,0,0,0,0,0,0,0,0,0,0,0,0,0,0,0,0,0,0,0,0,0,0,0,0,0,0,0,0,0,0,0,0,0,0,0,0,0,0,0,0,0,0,0,0,0,0,0,0,0,0,0,0,0,0,0,0,0,0,0,0,0,0,0,0,0,0,0,0,0,0,0,0,0,0,0,0,0,0,0,0,0,0,0,0,0,0,0,0,0,0,0,0,0,0,0,0,0,0,0,0,0,0,0,0,0,0,0,0,0,0,0,0,0,0,0,0,0,0,0,0,0,0,0,0,0,0,0,0,0,0,0,0,0,0,0,0,0,0,0,0,0,0,0,0,0,0,0,0,0,0,0,0,0,0,0,0,0,0,0,0,0,0,0,0,0,0,0,0,0,0,0,0,0,0,0,0,0,0,0,0,0,0,0,0,0,0,0,0,0,0,0,0,0,0,0,0,0,0,0,0,0,0,0,0,0,0,0,0,0,0,0,0,0,0,0,0,0,0,0,0,0,0,0,0,0,0,0,0,0,0,0,0,-1322,-26,-178,-229,-195,-101,28,159,271,349,383,381,352,294,205,106,-5,-117,-222,-319,-397,-460,-490,-485,-455,-393,-303,-196,-65,71,214,344,456,545,605,623,606,560,476,365,238,85,-64,-208,-343,-460,-551,-611,-660,-661,-625,-577,-496,-397,-285,-146,-3,128,273,411,530,623,698,743,746,722,662,563,439,297,140,-49,-239,-399,-552,-682,-775,-835,-851,-829,-763,-667,-528,-362,-183,12,197,369,522,651,744,796,812,788,728,635,513,375,225,69,-80,-217,-349,-453,-535,-593,-618,-628,-611,-568,-510,-432,-356,-263,-161,-60,44,145,245,335,415,475,530,571,591,585,556,510,-175,354,245,129,0,-132,-263,-383,-490,-580,-651,-697,-715,-703,-664,-597,-506,-388,-251,-109,56,219,367,511,645,756,836,889,901,869,803,699,557,387,184,-33,-256,-472,-679,-858,-1003,-1105,-1154,-1145,-1082,-957,-782,-566,-314,-40,240,509,758,973,1141,1255,1291,1270,1183,1034,831,579,304,13,-275,-548,-788,-989,-1135,-1224,-1259,-1216,-1119,-969,-776,-542,-270,-2,266,526,756,945,1088,1173,1193,1157,1057,882,674,433,159,-123,-392,-636,-847,-1000,-1088,-1117,-1073,-966,-806,-594,-355,-97,155,391,602,766,876,933,942,892,778,616,420,191,-58,-312,-552,-762,-899,-951,-886,-704,-425,-139,454,304
28684,mtk,MTK 7916,2776180044,rx0-tx1,512,0,0,0,0,0,0,0,0,0,0,0,0,0,0,0,0,0,0,0,0,0,0,0,0,0,0,0,0,0,0,0,0,0,0,0,0,0,0,0,0,0,0,0,0,0,0,0,0,0,0,0,0,0,0,0,0,0,0,0,0,0,0,0,0,0,0,0,0,0,0,0,0,0,0,0,0,0,0,0,0,0,0,0,0,0,0,0,0,0,0,0,0,0,0,0,0,0,0,0,0,0,0,0,0,0,0,0,0,0,0,0,0,0,0,0,0,0,0,0,0,0,0,0,0,0,0,0,0,0,0,0,0,0,0,0,0,0,0,0,0,0,0,0,0,0,0,0,0,0,0,0,0,0,0,0,0,0,0,0,0,0,0,0,0,0,0,0,0,0,0,0,0,0,0,0,0,0,0,0,0,0,0,0,0,0,0,0,0,0,0,0,0,0,0,0,0,0,0,0,0,0,0,0,0,0,0,0,0,0,0,0,0,0,0,0,0,0,0,0,0,0,0,0,0,0,0,0,0,0,0,0,0,0,0,0,0,0,0,0,0,0,0,0,0,0,0,0,0,0,0,0,0,0,0,0,0,-730,-118,0,204,291,336,313,235,115,-23,-158,-279,-375,-438,-470,-465,-430,-362,-259,-138,-3,144,287,425,541,626,673,679,637,556,437,283,103,-93,-282,-467,-630,-768,-856,-895,-895,-835,-728,-589,-405,-197,35,262,488,694,861,996,1077,1101,1076,990,850,678,454,203,-61,-328,-581,-814,-1004,-1147,-1243,-1280,-1241,-1145,-1002,-801,-554,-281,7,294,582,843,1062,1233,1347,1406,1384,1300,1157,947,703,432,111,-204,-509,-798,-1040,-1242,-1389,-1461,-1462,-1402,-1276,-1079,-843,-565,-252,68,375,676,939,1154,1322,1420,1453,1423,1323,1158,951,693,415,117,-187,-477,-744,-969,-1156,-1282,-1367,-1378,-1329,-1237,-546,-882,-627,-368,-94,183,458,710,932,1116,1257,1333,1365,1337,1248,1111,917,682,424,138,-162,-454,-733,-981,-1190,-1349,-1445,-1478,-1442,-1331,-1161,-934,-656,-354,-25,297,612,892,1126,1313,1433,1491,1477,1387,1233,1021,768,483,176,-138,-441,-713,-952,-1153,-1291,-1373,-1389,-1341,-1241,-1083,-877,-630,-356,-75,222,500,749,976,1158,1284,1350,1349,1285,1148,959,723,444,142,-166,-469,-752,-991,-1178,-1301,-1356,-1338,-1240,-1068,-843,-567,-262,61,375,656,900,1085,1198,1235,1194,1081,905,672,403,120,-155,-411,-629,-803,-918,-974,-972,-910,-791,-625,-423,-193,58,312,546,743,873,919,855,681,410,137,-391,-316,0,0,0,0,0,0,0,0,0,0,0,0,0,0,0,0,0,0,0,0,0,0,0,0,0,0,0,0,0,0,0,0,0,0,0,0,0,0,0,0,0,0,0,0,0,0,0,0,0,0,0,0,0,0,0,0,0,0,0,0,0,0,0,0,0,0,0,0,0,0,0,0,0,0,0,0,0,0,0,0,0,0,0,0,0,0,0,0,0,0,0,0,0,0,0,0,0,0,0,0,0,0,0,0,0,0,0,0,0,0,0,0,0,0,0,0,0,0,0,0,0,0,0,0,0,0,0,0,0,0,0,0,0,0,0,0,0,0,0,0,0,0,0,0,0,0,0,0,0,0,0,0,0,0,0,0,0,0,0,0,0,0,0,0,0,0,0,0,0,0,0,0,0,0,0,0,0,0,0,0,0,0,0,0,0,0,0,0,0,0,0,0,0,0,0,0,0,0,0,0,0,0,0,0,0,0,0,0,0,0,0,0,0,0,0,0,0,0,0,0,0,0,0,0,0,0,0,0,0,0,0,0,0,0,0,0,0,0,0,0,0,0,0,0,0,0,0,0,0,0,0,0,0,0,0,0,-128,610,623,165,79,-52,-194,-312,-390,-416,-397,-338,-248,-138,-10,122,248,366,458,522,555,556,520,443,331,189,31,-139,-311,-468,-609,-712,-780,-793,-766,-696,-577,-416,-221,-18,190,404,593,761,891,973,1002,985,918,786,619,416,185,-58,-309,-550,-759,-940,-1086,-1170,-1196,-1167,-1077,-927,-726,-492,-232,50,331,590,833,1050,1214,1308,1341,1313,1227,1079,874,634,358,56,-251,-542,-822,-1060,-1239,-1376,-1447,-1434,-1366,-1225,-1025,-784,-498,-185,137,451,752,1008,1206,1363,1451,1462,1415,1303,1122,897,624,327,20,-289,-589,-853,-1074,-1249,-1360,-1416,-1403,-1328,-1191,-1008,-772,-518,-238,59,339,607,1197,1053,1200,1299,1350,1345,1276,1150,984,775,526,255,-20,-308,-574,-826,-1046,-1218,-1339,-1405,-1406,-1345,-1235,-1065,-840,-562,-261,55,368,677,948,1178,1347,1454,1502,1477,1380,1210,990,720,418,101,-226,-539,-821,-1063,-1249,-1378,-1448,-1445,-1371,-1237,-1051,-817,-549,-265,36,324,598,845,1048,1210,1305,1352,1339,1256,1127,938,697,428,139,-152,-450,-726,-961,-1154,-1291,-1361,-1358,-1287,-1145,-941,-687,-396,-80,237,546,820,1045,1210,1301,1316,1249,1112,913,659,365,61,-245,-525,-765,-950,-1066,-1111,-1084,-992,-844,-647,-420,-175,73,309,521,693,825,903,921,870,749,558,306,12,-292,-552,-728,-771,434,501
28685,mtk,MTK 7916,2776180044,rx1-tx0,512,0,0,0,0,0,0,0,0,0,0,0,0,0,0,0,0,0,0,0,0,0,0,0,0,0,0,0,0,0,0,0,0,0,0,0,0,0,0,0,0,0,0,0,0,0,0,0,0,0,0,0,0,0,0,0,0,0,0,0,0,0,0,0,0,0,0,0,0,0,0,0,0,0,0,0,0,0,0,0,0,0,0,0,0,0,0,0,0,0,0,0,0,0,0,0,0,0,0,0,0,0,0,0,0,0,0,0,0,0,0,0,0,0,0,0,0,0,0,0,0,0,0,0,0,0,0,0,0,0,0,0,0,0,0,0,0,0,0,0,0,0,0,0,0,0,0,0,0,0,0,0,0,0,0,0,0,0,0,0,0,0,0,0,0,0,0,0,0,0,0,0,0,0,0,0,0,0,0,0,0,0,0,0,0,0,0,0,0,0,0,0,0,0,0,0,0,0,0,0,0,0,0,0,0,0,0,0,0,0,0,0,0,0,0,0,0,0,0,0,0,0,0,0,0,0,0,0,0,0,0,0,0,0,0,0,0,0,0,0,0,0,0,0,0,0,0,0,0,0,0,0,0,0,0,0,0,146,-977,-996,-91,-59,-9,54,111,152,169,163,142,104,56,0,-51,-98,-146,-176,-193,-197,-188,-156,-111,-62,-2,56,102,143,180,201,210,204,179,143,102,57,11,-32,-83,-119,-150,-169,-178,-167,-152,-128,-103,-75,-33,-7,15,40,50,66,78,78,81,77,75,77,74,72,62,56,56,53,57,46,40,26,16,2,-38,-60,-88,-121,-143,-176,-197,-211,-206,-192,-170,-119,-65,6,85,157,224,280,325,355,358,337,295,237,164,70,-27,-119,-209,-292,-354,-396,-423,-412,-388,-340,-264,-191,-93,16,114,206,281,344,388,413,417,400,353,291,225,138,43,-56,-146,-144,-307,-363,-399,-407,-399,-371,-316,-250,-169,-80,7,96,190,262,315,357,376,368,341,298,253,181,103,29,-43,-110,-181,-236,-275,-304,-313,-298,-271,-230,-191,-134,-69,-14,46,101,146,180,204,221,225,215,206,179,146,112,67,21,-21,-60,-98,-127,-152,-165,-176,-179,-167,-141,-122,-90,-60,-35,-4,25,51,74,100,115,131,135,131,125,122,105,86,61,32,5,-25,-54,-82,-109,-136,-151,-158,-153,-145,-124,-87,-52,-11,39,82,120,160,179,182,179,165,131,94,47,-8,-62,-111,-146,-175,-180,-178,-159,-123,-87,-30,34,87,130,167,175,153,111,55,-725,-837,0,0,0,0,0,0,0,0,0,0,0,0,0,0,0,0,0,0,0,0,0,0,0,0,0,0,0,0,0,0,0,0,0,0,0,0,0,0,0,0,0,0,0,0,0,0,0,0,0,0,0,0,0,0,0,0,0,0,0,0,0,0,0,0,0,0,0,0,0,0,0,0,0,0,0,0,0,0,0,0,0,0,0,0,0,0,0,0,0,0,0,0,0,0,0,0,0,0,0,0,0,0,0,0,0,0,0,0,0,0,0,0,0,0,0,0,0,0,0,0,0,0,0,0,0,0,0,0,0,0,0,0,0,0,0,0,0,0,0,0,0,0,0,0,0,0,0,0,0,0,0,0,0,0,0,0,0,0,0,0,0,0,0,0,0,0,0,0,0,0,0,0,0,0,0,0,0,0,0,0,0,0,0,0,0,0,0,0,0,0,0,0,0,0,0,0,0,0,0,0,0,0,0,0,0,0,0,0,0,0,0,0,0,0,0,0,0,0,0,0,0,0,0,0,0,0,0,0,0,0,0,0,0,0,0,0,0,0,0,0,0,0,0,0,0,0,0,0,0,0,0,0,0,0,0,0,206,-129,57,71,110,139,144,116,69,11,-44,-97,-144,-175,-186,-177,-157,-122,-76,-22,27,84,135,169,195,209,201,183,154,110,58,1,-57,-105,-145,-168,-191,-192,-185,-165,-138,-104,-65,-22,18,51,83,103,125,129,120,118,105,90,78,55,36,24,7,0,-7,-15,-24,-35,-38,-49,-59,-68,-77,-82,-97,-103,-122,-128,-119,-119,-101,-75,-46,-4,47,95,143,197,238,266,287,284,267,227,176,106,24,-63,-152,-229,-296,-351,-386,-395,-385,-349,-292,-209,-129,-25,80,170,261,324,380,417,426,411,377,315,239,151,59,-34,-133,-221,-290,-348,-393,-412,-406,-379,147,-278,-203,-112,-12,80,171,247,308,360,387,393,386,345,287,218,142,49,-40,-123,-189,-248,-297,-325,-336,-332,-311,-268,-214,-153,-87,-14,57,120,169,213,248,257,262,256,229,196,156,115,69,15,-29,-76,-122,-149,-174,-192,-195,-195,-184,-164,-133,-97,-67,-33,9,55,82,106,132,143,150,155,143,134,119,96,74,51,17,-14,-39,-65,-88,-105,-123,-130,-137,-139,-138,-125,-103,-70,-35,2,40,74,113,142,163,178,178,160,135,100,48,3,-39,-89,-126,-158,-179,-187,-178,-152,-119,-70,-17,36,91,124,157,178,177,153,120,72,5,-52,-100,-121,-621,-479
28686,mtk,MTK 7916,2776180044,rx1-tx1,512,0,0,0,0,0,0,0,0,0,0,0,0,0,0,0,0,0,0,0,0,0,0,0,0,0,0,0,0,0,0,0,0,0,0,0,0,0,0,0,0,0,0,0,0,0,0,0,0,0,0,0,0,0,0,0,0,0,0,0,0,0,0,0,0,0,0,0,0,0,0,0,0,0,0,0,0,0,0,0,0,0,0,0,0,0,0,0,0,0,0,0,0,0,0,0,0,0,0,0,0,0,0,0,0,0,0,0,0,0,0,0,0,0,0,0,0,0,0,0,0,0,0,0,0,0,0,0,0,0,0,0,0,0,0,0,0,0,0,0,0,0,0,0,0,0,0,0,0,0,0,0,0,0,0,0,0,0,0,0,0,0,0,0,0,0,0,0,0,0,0,0,0,0,0,0,0,0,0,0,0,0,0,0,0,0,0,0,0,0,0,0,0,0,0,0,0,0,0,0,0,0,0,0,0,0,0,0,0,0,0,0,0,0,0,0,0,0,0,0,0,0,0,0,0,0,0,0,0,0,0,0,0,0,0,0,0,0,0,0,0,0,0,0,0,0,0,0,0,0,0,0,0,0,0,0,0,-411,508,538,-52,-68,-82,-87,-73,-46,-11,25,62,91,103,87,52,8,-44,-87,-108,-103,-77,-31,25,76,108,109,80,34,-19,-69,-96,-97,-79,-41,6,54,77,78,58,32,-5,-38,-55,-51,-35,-12,9,21,21,18,6,-9,-17,-10,4,20,33,36,26,-2,-34,-54,-61,-60,-39,2,48,87,94,73,28,-26,-76,-104,-106,-76,-19,45,91,117,115,75,3,-64,-112,-132,-120,-76,-2,76,127,134,115,57,-18,-80,-123,-135,-106,-45,23,77,107,110,77,27,-25,-65,-90,-84,-56,-21,16,52,60,50,33,16,-7,-22,-26,-18,-11,-11,-16,-17,-18,0,-11,17,50,78,84,67,32,-20,-80,-131,-150,-124,-54,37,123,185,199,161,77,-37,-154,-237,-256,-201,-91,47,180,272,292,233,108,-50,-200,-297,-314,-245,-109,56,207,308,323,245,103,-68,-216,-304,-310,-229,-87,75,219,303,300,209,61,-101,-233,-298,-275,-173,-26,125,237,284,250,142,-5,-147,-251,-284,-236,-129,17,161,257,282,233,119,-30,-165,-254,-279,-228,-115,23,147,233,260,222,124,-3,-122,-204,-232,-198,-117,-14,90,163,190,170,103,11,-74,-133,-157,-139,-84,-7,68,124,143,128,79,7,-68,-126,-159,-151,-109,-56,9,73,120,148,305,382,0,0,0,0,0,0,0,0,0,0,0,0,0,0,0,0,0,0,0,0,0,0,0,0,0,0,0,0,0,0,0,0,0,0,0,0,0,0,0,0,0,0,0,0,0,0,0,0,0,0,0,0,0,0,0,0,0,0,0,0,0,0,0,0,0,0,0,0,0,0,0,0,0,0,0,0,0,0,0,0,0,0,0,0,0,0,0,0,0,0,0,0,0,0,0,0,0,0,0,0,0,0,0,0,0,0,0,0,0,0,0,0,0,0,0,0,0,0,0,0,0,0,0,0,0,0,0,0,0,0,0,0,0,0,0,0,0,0,0,0,0,0,0,0,0,0,0,0,0,0,0,0,0,0,0,0,0,0,0,0,0,0,0,0,0,0,0,0,0,0,0,0,0,0,0,0,0,0,0,0,0,0,0,0,0,0,0,0,0,0,0,0,0,0,0,0,0,0,0,0,0,0,0,0,0,0,0,0,0,0,0,0,0,0,0,0,0,0,0,0,0,0,0,0,0,0,0,0,0,0,0,0,0,0,0,0,0,0,0,0,0,0,0,0,0,0,0,0,0,0,0,0,0,0,0,0,-92,107,-9,47,34,9,-23,-55,-79,-94,-94,-70,-34,10,53,88,106,99,67,18,-38,-85,-110,-105,-78,-36,20,72,105,110,85,40,-16,-63,-89,-91,-76,-40,3,42,63,65,48,20,-5,-26,-39,-34,-22,-9,3,13,12,-2,-16,-19,-20,-10,11,32,47,41,21,-3,-38,-69,-75,-59,-27,16,65,98,100,74,20,-40,-92,-120,-116,-78,-16,53,106,130,118,68,4,-63,-111,-136,-116,-60,13,79,126,137,108,54,-16,-85,-125,-123,-92,-40,21,74,99,95,66,25,-22,-60,-78,-72,-48,-16,10,34,46,40,28,15,3,2,5,4,-4,-11,0,-49,-54,-41,-14,26,71,99,110,91,42,-31,-106,-159,-172,-137,-63,34,137,208,224,187,94,-37,-166,-250,-272,-220,-103,44,182,279,311,253,115,-54,-204,-302,-321,-254,-115,57,211,308,319,242,95,-79,-225,-309,-306,-223,-81,87,225,296,278,187,49,-110,-236,-289,-259,-157,-14,135,245,286,245,131,-19,-158,-257,-286,-235,-121,23,161,252,277,227,114,-27,-156,-242,-270,-225,-120,13,142,231,256,217,129,6,-109,-185,-214,-190,-117,-16,78,146,175,155,94,17,-61,-123,-150,-130,-78,-5,69,125,146,129,83,19,-54,-118,-153,-161,-142,-102,-36,375,297
28687,mtk,MTK 7916,2776180044,rx2-tx0,512,0,0,0,0,0,0,0,0,0,0,0,0,0,0,0,0,0,0,0,0,0,0,0,0,0,0,0,0,0,0,0,0,0,0,0,0,0,0,0,0,0,0,0,0,0,0,0,0,0,0,0,0,0,0,0,0,0,0,0,0,0,0,0,0,0,0,0,0,0,0,0,0,0,0,0,0,0,0,0,0,0,0,0,0,0,0,0,0,0,0,0,0,0,0,0,0,0,0,0,0,0,0,0,0,0,0,0,0,0,0,0,0,0,0,0,0,0,0,0,0,0,0,0,0,0,0,0,0,0,0,0,0,0,0,0,0,0,0,0,0,0,0,0,0,0,0,0,0,0,0,0,0,0,0,0,0,0,0,0,0,0,0,0,0,0,0,0,0,0,0,0,0,0,0,0,0,0,0,0,0,0,0,0,0,0,0,0,0,0,0,0,0,0,0,0,0,0,0,0,0,0,0,0,0,0,0,0,0,0,0,0,0,0,0,0,0,0,0,0,0,0,0,0,0,0,0,0,0,0,0,0,0,0,0,0,0,0,0,0,0,0,0,0,0,0,0,0,0,0,0,0,0,0,0,0,0,-136,-569,-617,-62,-55,-37,-9,26,60,83,89,80,55,17,-24,-61,-84,-85,-66,-37,4,41,68,79,72,51,18,-19,-52,-71,-74,-65,-43,-15,12,44,65,70,63,48,23,-10,-44,-72,-91,-95,-77,-34,21,75,118,134,115,65,-7,-88,-148,-172,-149,-80,17,112,186,220,186,90,-34,-157,-239,-255,-203,-85,68,203,289,291,204,51,-123,-269,-341,-319,-194,-2,192,338,389,329,167,-52,-263,-406,-425,-327,-128,118,330,451,446,304,70,-189,-393,-490,-446,-264,-7,255,444,502,415,204,-72,-328,-487,-496,-363,-126,155,395,509,475,296,20,-262,-467,-533,-443,0,82,353,518,530,384,116,-186,-439,-564,-521,-320,-26,281,510,588,493,253,-66,-371,-575,-608,-461,-178,158,447,614,609,427,116,-225,-504,-643,-601,-387,-66,277,541,648,572,343,21,-307,-545,-629,-538,-301,9,310,520,578,473,248,-34,-303,-482,-518,-414,-204,55,287,428,443,337,148,-73,-265,-372,-374,-277,-103,93,249,325,310,213,61,-105,-231,-286,-255,-156,-19,117,219,258,218,116,-12,-135,-220,-244,-204,-108,20,139,214,236,199,106,-16,-127,-204,-231,-204,-128,-24,88,178,222,212,155,59,-51,-144,-200,-216,-194,-127,-33,58,136,188,204,187,141,-300,-399,0,0,0,0,0,0,0,0,0,0,0,0,0,0,0,0,0,0,0,0,0,0,0,0,0,0,0,0,0,0,0,0,0,0,0,0,0,0,0,0,0,0,0,0,0,0,0,0,0,0,0,0,0,0,0,0,0,0,0,0,0,0,0,0,0,0,0,0,0,0,0,0,0,0,0,0,0,0,0,0,0,0,0,0,0,0,0,0,0,0,0,0,0,0,0,0,0,0,0,0,0,0,0,0,0,0,0,0,0,0,0,0,0,0,0,0,0,0,0,0,0,0,0,0,0,0,0,0,0,0,0,0,0,0,0,0,0,0,0,0,0,0,0,0,0,0,0,0,0,0,0,0,0,0,0,0,0,0,0,0,0,0,0,0,0,0,0,0,0,0,0,0,0,0,0,0,0,0,0,0,0,0,0,0,0,0,0,0,0,0,0,0,0,0,0,0,0,0,0,0,0,0,0,0,0,0,0,0,0,0,0,0,0,0,0,0,0,0,0,0,0,0,0,0,0,0,0,0,0,0,0,0,0,0,0,0,0,0,0,0,0,0,0,0,0,0,0,0,0,0,0,0,0,0,0,0,1335,-285,-164,-29,-52,-73,-88,-89,-70,-38,0,36,69,89,89,68,30,-14,-51,-78,-88,-73,-45,-9,27,59,76,73,54,29,-2,-33,-56,-69,-71,-56,-31,-2,27,54,71,77,73,51,17,-29,-73,-108,-116,-96,-45,21,85,134,155,135,75,-11,-103,-177,-204,-171,-88,20,132,211,234,189,86,-46,-180,-273,-282,-202,-62,101,240,318,306,202,31,-164,-311,-372,-326,-179,27,227,368,412,332,147,-89,-299,-431,-443,-320,-99,155,366,477,447,287,43,-221,-424,-501,-427,-231,30,288,470,508,391,158,-122,-365,-503,-490,-328,-75,207,426,520,451,244,-33,-305,0,-545,-423,-169,137,401,543,531,360,75,-234,-477,-584,-511,-284,22,330,539,596,479,224,-110,-415,-602,-611,-442,-144,195,483,631,606,411,97,-247,-520,-645,-586,-362,-34,301,550,642,556,322,3,-316,-537,-604,-508,-278,21,306,500,549,446,226,-50,-305,-461,-483,-376,-173,65,274,403,417,311,125,-82,-254,-349,-345,-247,-82,97,235,301,283,184,35,-115,-226,-269,-237,-137,-5,129,220,248,208,108,-17,-133,-216,-246,-200,-105,15,132,211,236,201,114,0,-111,-195,-232,-214,-143,-39,71,160,211,215,168,84,-14,-108,-183,-212,-205,-170,-104,-23,50,116,-539,-474
28688,mtk,MTK 7916,2776180044,rx2-tx1,512,0,0,0,0,0,0,0,0,0,0,0,0,0,0,0,0,0,0,0,0,0,0,0,0,0,0,0,0,0,0,0,0,0,0,0,0,0,0,0,0,0,0,0,0,0,0,0,0,0,0,0,0,0,0,0,0,0,0,0,0,0,0,0,0,0,0,0,0,0,0,0,0,0,0,0,0,0,0,0,0,0,0,0,0,0,0,0,0,0,0,0,0,0,0,0,0,0,0,0,0,0,0,0,0,0,0,0,0,0,0,0,0,0,0,0,0,0,0,0,0,0,0,0,0,0,0,0,0,0,0,0,0,0,0,0,0,0,0,0,0,0,0,0,0,0,0,0,0,0,0,0,0,0,0,0,0,0,0,0,0,0,0,0,0,0,0,0,0,0,0,0,0,0,0,0,0,0,0,0,0,0,0,0,0,0,0,0,0,0,0,0,0,0,0,0,0,0,0,0,0,0,0,0,0,0,0,0,0,0,0,0,0,0,0,0,0,0,0,0,0,0,0,0,0,0,0,0,0,0,0,0,0,0,0,0,0,0,0,0,0,0,0,0,0,0,0,0,0,0,0,0,0,0,0,0,0,236,238,197,-37,-49,-49,-39,-14,11,38,62,69,56,34,4,-30,-58,-71,-68,-47,-11,27,59,69,65,39,2,-40,-70,-81,-66,-30,11,54,85,86,62,20,-30,-84,-109,-96,-52,8,73,118,121,83,23,-54,-120,-147,-136,-81,5,98,164,185,148,57,-57,-168,-229,-223,-149,-35,104,223,276,250,162,12,-159,-290,-336,-281,-147,35,221,349,379,297,122,-91,-284,-404,-403,-284,-84,147,335,430,406,268,41,-200,-378,-450,-395,-225,14,248,409,452,369,183,-57,-284,-420,-426,-307,-99,133,323,418,384,238,33,-178,-335,-379,-312,-158,48,241,352,342,232,0,-130,-283,-343,-292,-151,45,231,336,331,236,61,-132,-281,-348,-313,-174,21,209,333,356,274,109,-93,-270,-362,-348,-236,-53,151,311,382,328,186,-1,-192,-327,-359,-286,-139,46,216,315,320,233,78,-94,-228,-292,-268,-165,-23,113,212,255,208,98,-25,-129,-195,-195,-131,-34,62,138,170,143,73,-17,-93,-140,-141,-96,-18,55,105,126,114,57,-16,-79,-116,-115,-82,-25,34,85,106,102,62,-1,-59,-89,-96,-79,-41,14,63,82,81,62,21,-19,-51,-68,-61,-41,-8,26,45,49,38,15,-12,-35,-51,-52,-26,11,39,57,71,68,44,11,-26,321,298,0,0,0,0,0,0,0,0,0,0,0,0,0,0,0,0,0,0,0,0,0,0,0,0,0,0,0,0,0,0,0,0,0,0,0,0,0,0,0,0,0,0,0,0,0,0,0,0,0,0,0,0,0,0,0,0,0,0,0,0,0,0,0,0,0,0,0,0,0,0,0,0,0,0,0,0,0,0,0,0,0,0,0,0,0,0,0,0,0,0,0,0,0,0,0,0,0,0,0,0,0,0,0,0,0,0,0,0,0,0,0,0,0,0,0,0,0,0,0,0,0,0,0,0,0,0,0,0,0,0,0,0,0,0,0,0,0,0,0,0,0,0,0,0,0,0,0,0,0,0,0,0,0,0,0,0,0,0,0,0,0,0,0,0,0,0,0,0,0,0,0,0,0,0,0,0,0,0,0,0,0,0,0,0,0,0,0,0,0,0,0,0,0,0,0,0,0,0,0,0,0,0,0,0,0,0,0,0,0,0,0,0,0,0,0,0,0,0,0,0,0,0,0,0,0,0,0,0,0,0,0,0,0,0,0,0,0,0,0,0,0,0,0,0,0,0,0,0,0,0,0,0,0,0,0,0,-351,-182,-228,1,-14,-33,-53,-64,-62,-50,-28,1,32,57,63,58,38,8,-23,-52,-70,-65,-40,-5,35,65,73,56,25,-12,-50,-79,-83,-66,-29,26,74,97,89,54,4,-48,-91,-113,-98,-48,23,95,136,135,91,10,-76,-144,-173,-150,-77,26,130,201,210,155,48,-79,-190,-254,-248,-161,-19,132,253,307,273,154,-17,-194,-319,-359,-292,-139,60,253,378,390,294,111,-113,-313,-425,-413,-277,-66,164,360,454,409,250,14,-225,-400,-455,-379,-194,39,257,408,446,340,134,-103,-306,-424,-414,-282,-72,154,329,399,350,196,-14,-213,-341,-364,-273,-100,96,253,0,324,192,6,-180,-311,-343,-262,-101,89,253,343,322,204,17,-176,-312,-357,-297,-143,61,248,357,354,250,81,-116,-288,-376,-349,-213,-18,176,315,364,308,160,-30,-206,-319,-342,-266,-112,71,222,302,290,194,49,-104,-223,-266,-234,-138,-4,125,204,214,165,72,-37,-135,-184,-170,-97,-6,81,139,150,115,43,-40,-101,-134,-128,-76,-5,64,112,124,97,42,-27,-86,-123,-114,-72,-15,40,85,104,86,45,-9,-51,-81,-91,-71,-28,19,59,82,79,50,9,-25,-51,-58,-48,-22,5,35,49,45,32,7,-27,-53,-58,-47,-25,8,43,68,80,75,-57,-123
28689,mtk,MTK 7916,2776213400,rx0-tx0,512,0,0,0,0,0,0,0,0,0,0,0,0,0,0,0,0,0,0,0,0,0,0,0,0,0,0,0,0,0,0,0,0,0,0,0,0,0,0,0,0,0,0,0,0,0,0,0,0,0,0,0,0,0,0,0,0,0,0,0,0,0,0,0,0,0,0,0,0,0,0,0,0,0,0,0,0,0,0,0,0,0,0,0,0,0,0,0,0,0,0,0,0,0,0,0,0,0,0,0,0,0,0,0,0,0,0,0,0,0,0,0,0,0,0,0,0,0,0,0,0,0,0,0,0,0,0,0,0,0,0,0,0,0,0,0,0,0,0,0,0,0,0,0,0,0,0,0,0,0,0,0,0,0,0,0,0,0,0,0,0,0,0,0,0,0,0,0,0,0,0,0,0,0,0,0,0,0,0,0,0,0,0,0,0,0,0,0,0,0,0,0,0,0,0,0,0,0,0,0,0,0,0,0,0,0,0,0,0,0,0,0,0,0,0,0,0,0,0,0,0,0,0,0,0,0,0,0,0,0,0,0,0,0,0,0,0,0,0,0,0,0,0,0,0,0,0,0,0,0,0,0,0,0,0,0,0,-273,-437,-613,32,137,231,272,253,183,80,-33,-143,-226,-288,-317,-306,-265,-190,-93,16,132,240,319,380,396,371,312,215,93,-48,-188,-311,-410,-467,-484,-454,-378,-265,-120,39,193,334,442,509,531,508,448,351,213,64,-93,-246,-383,-489,-562,-585,-568,-497,-392,-243,-72,106,288,453,577,662,697,657,567,425,244,38,-186,-387,-558,-677,-747,-761,-700,-579,-404,-196,33,256,457,617,721,765,744,650,504,317,112,-94,-299,-464,-584,-662,-679,-637,-555,-430,-269,-104,62,219,354,454,528,558,554,517,439,339,216,74,-65,-204,-330,-442,-519,-563,-572,-540,-474,-364,-226,-64,-1687,270,425,545,633,670,657,593,480,330,142,-53,-244,-431,-577,-696,-755,-756,-700,-587,-432,-238,-15,207,424,614,761,857,879,845,740,567,332,71,-206,-481,-727,-919,-1036,-1061,-1009,-873,-641,-351,-22,321,643,912,1108,1211,1206,1090,879,574,218,-157,-522,-844,-1079,-1227,-1264,-1180,-1001,-732,-395,-22,340,674,948,1120,1202,1175,1057,841,544,208,-145,-483,-781,-1006,-1133,-1163,-1092,-917,-662,-346,4,357,674,925,1088,1139,1081,917,665,344,-7,-345,-644,-881,-1017,-1045,-961,-786,-528,-231,80,382,629,809,901,901,807,627,378,90,-220,-511,-742,-887,-909,-782,-522,-158,223,489,212,-4,0,0,0,0,0,0,0,0,0,0,0,0,0,0,0,0,0,0,0,0,0,0,0,0,0,0,0,0,0,0,0,0,0,0,0,0,0,0,0,0,0,0,0,0,0,0,0,0,0,0,0,0,0,0,0,0,0,0,0,0,0,0,0,0,0,0,0,0,0,0,0,0,0,0,0,0,0,0,0,0,0,0,0,0,0,0,0,0,0,0,0,0,0,0,0,0,0,0,0,0,0,0,0,0,0,0,0,0,0,0,0,0,0,0,0,0,0,0,0,0,0,0,0,0,0,0,0,0,0,0,0,0,0,0,0,0,0,0,0,0,0,0,0,0,0,0,0,0,0,0,0,0,0,0,0,0,0,0,0,0,0,0,0,0,0,0,0,0,0,0,0,0,0,0,0,0,0,0,0,0,0,0,0,0,0,0,0,0,0,0,0,0,0,0,0,0,0,0,0,0,0,0,0,0,0,0,0,0,0,0,0,0,0,0,0,0,0,0,0,0,0,0,0,0,0,0,0,0,0,0,0,0,0,0,0,0,0,0,0,0,0,0,0,0,0,0,0,0,0,0,0,0,0,0,0,0,-1322,-1036,-934,197,185,110,-6,-124,-226,-283,-300,-264,-201,-116,-7,97,196,277,328,352,341,284,198,87,-42,-165,-278,-372,-427,-446,-417,-345,-235,-100,47,195,328,438,503,519,488,407,291,151,-6,-160,-301,-427,-509,-548,-546,-503,-418,-298,-148,13,181,338,473,579,629,631,584,480,336,167,-39,-243,-421,-574,-676,-736,-727,-642,-506,-320,-114,110,328,518,661,753,778,733,625,463,260,42,-187,-391,-556,-671,-725,-725,-664,-540,-385,-200,2,187,348,484,569,605,601,555,466,354,218,71,-67,-210,-331,-427,-503,-539,-541,-513,-445,-351,-220,-82,71,219,359,484,575,628,-175,587,487,355,197,17,-166,-345,-500,-621,-703,-717,-687,-598,-461,-293,-89,119,326,508,657,763,807,792,719,586,407,178,-66,-315,-552,-757,-902,-972,-968,-885,-726,-496,-214,93,394,685,926,1086,1159,1127,992,768,475,132,-232,-578,-884,-1111,-1236,-1249,-1152,-946,-656,-316,68,436,760,1018,1182,1239,1183,1031,779,461,118,-236,-569,-859,-1068,-1172,-1175,-1077,-886,-613,-287,58,403,711,954,1110,1162,1107,943,688,365,10,-340,-652,-906,-1065,-1106,-1032,-865,-610,-297,41,364,643,850,952,969,879,699,454,169,-128,-407,-645,-811,-889,-873,-744,-520,-219,133,473,737,867,811,625,-1101,-1118
28690,mtk,MTK 7916,2776213400,rx0-tx1,512,0,0,0,0,0,0,0,0,0,0,0,0,0,0,0,0,0,0,0,0,0,0,0,0,0,0,0,0,0,0,0,0,0,0,0,0,0,0,0,0,0,0,0,0,0,0,0,0,0,0,0,0,0,0,0,0,0,0,0,0,0,0,0,0,0,0,0,0,0,0,0,0,0,0,0,0,0,0,0,0,0,0,0,0,0,0,0,0,0,0,0,0,0,0,0,0,0,0,0,0,0,0,0,0,0,0,0,0,0,0,0,0,0,0,0,0,0,0,0,0,0,0,0,0,0,0,0,0,0,0,0,0,0,0,0,0,0,0,0,0,0,0,0,0,0,0,0,0,0,0,0,0,0,0,0,0,0,0,0,0,0,0,0,0,0,0,0,0,0,0,0,0,0,0,0,0,0,0,0,0,0,0,0,0,0,0,0,0,0,0,0,0,0,0,0,0,0,0,0,0,0,0,0,0,0,0,0,0,0,0,0,0,0,0,0,0,0,0,0,0,0,0,0,0,0,0,0,0,0,0,0,0,0,0,0,0,0,0,0,0,0,0,0,0,0,0,0,0,0,0,0,0,0,0,0,0,-730,-559,-606,-159,-262,-314,-281,-181,-36,117,254,355,411,417,358,259,127,-33,-192,-336,-452,-522,-545,-507,-411,-264,-84,124,330,505,644,719,722,646,501,307,70,-188,-429,-634,-793,-877,-878,-797,-638,-414,-141,145,436,688,875,997,1033,975,826,593,306,-8,-332,-634,-886,-1062,-1151,-1138,-1024,-819,-540,-213,143,481,793,1051,1214,1265,1215,1065,818,495,133,-240,-606,-923,-1165,-1304,-1349,-1269,-1081,-812,-451,-65,334,714,1022,1255,1390,1402,1294,1084,772,391,-15,-427,-798,-1105,-1322,-1426,-1407,-1266,-1031,-709,-320,92,496,845,1128,1322,1404,1366,1214,976,644,273,-120,-496,-835,-1107,-1282,-1369,-546,-1203,-956,-656,-305,76,450,787,1064,1259,1358,1347,1239,1022,730,372,-21,-413,-773,-1075,-1300,-1422,-1425,-1315,-1092,-774,-393,34,459,853,1175,1402,1509,1487,1337,1078,726,307,-133,-556,-930,-1231,-1428,-1494,-1434,-1262,-977,-617,-210,214,611,947,1199,1355,1398,1323,1144,869,528,152,-235,-600,-913,-1147,-1287,-1333,-1262,-1084,-817,-479,-106,279,642,956,1190,1315,1324,1219,1004,690,314,-83,-484,-839,-1111,-1285,-1335,-1251,-1049,-747,-369,44,444,796,1067,1220,1247,1144,922,618,262,-124,-477,-772,-973,-1063,-1043,-912,-697,-420,-103,215,500,728,875,926,876,723,471,144,-210,-543,-790,-883,-792,-575,-327,-431,0,0,0,0,0,0,0,0,0,0,0,0,0,0,0,0,0,0,0,0,0,0,0,0,0,0,0,0,0,0,0,0,0,0,0,0,0,0,0,0,0,0,0,0,0,0,0,0,0,0,0,0,0,0,0,0,0,0,0,0,0,0,0,0,0,0,0,0,0,0,0,0,0,0,0,0,0,0,0,0,0,0,0,0,0,0,0,0,0,0,0,0,0,0,0,0,0,0,0,0,0,0,0,0,0,0,0,0,0,0,0,0,0,0,0,0,0,0,0,0,0,0,0,0,0,0,0,0,0,0,0,0,0,0,0,0,0,0,0,0,0,0,0,0,0,0,0,0,0,0,0,0,0,0,0,0,0,0,0,0,0,0,0,0,0,0,0,0,0,0,0,0,0,0,0,0,0,0,0,0,0,0,0,0,0,0,0,0,0,0,0,0,0,0,0,0,0,0,0,0,0,0,0,0,0,0,0,0,0,0,0,0,0,0,0,0,0,0,0,0,0,0,0,0,0,0,0,0,0,0,0,0,0,0,0,0,0,0,0,0,0,0,0,0,0,0,0,0,0,0,0,0,0,0,0,0,-128,-224,-110,-182,-107,37,192,312,373,367,301,189,50,-105,-250,-360,-441,-474,-447,-375,-254,-102,73,257,420,547,624,639,575,455,283,68,-167,-392,-581,-723,-803,-802,-713,-559,-351,-91,181,443,673,846,941,958,888,719,489,213,-90,-393,-681,-901,-1042,-1098,-1058,-929,-708,-423,-95,248,574,858,1068,1190,1206,1116,946,680,347,-17,-380,-714,-1001,-1201,-1295,-1294,-1178,-960,-657,-301,87,482,824,1110,1305,1377,1351,1199,944,622,234,-176,-570,-923,-1205,-1375,-1432,-1368,-1186,-904,-552,-148,268,653,984,1241,1391,1425,1333,1129,850,489,92,-311,-677,-993,-1228,-1355,-1375,-1282,-1095,-807,-467,-93,1197,652,959,1178,1318,1354,1280,1107,849,520,144,-236,-604,-931,-1174,-1336,-1394,-1339,-1179,-919,-582,-193,219,616,970,1246,1421,1484,1418,1231,941,571,143,-295,-714,-1069,-1339,-1489,-1509,-1400,-1182,-868,-469,-34,391,783,1107,1329,1448,1436,1306,1068,748,372,-36,-429,-781,-1068,-1258,-1348,-1329,-1202,-979,-677,-328,53,431,772,1049,1235,1322,1296,1162,924,599,225,-174,-556,-895,-1156,-1304,-1341,-1256,-1043,-739,-368,46,450,805,1085,1257,1302,1214,1008,702,327,-72,-460,-790,-1024,-1152,-1153,-1032,-809,-509,-171,171,481,729,899,975,940,814,598,323,14,-298,-583,-804,-922,-909,-757,-465,-92,286,538,-475,-408
28691,mtk,MTK 7916,2776213400,rx1-tx0,512,0,0,0,0,0,0,0,0,0,0,0,0,0,0,0,0,0,0,0,0,0,0,0,0,0,0,0,0,0,0,0,0,0,0,0,0,0,0,0,0,0,0,0,0,0,0,0,0,0,0,0,0,0,0,0,0,0,0,0,0,0,0,0,0,0,0,0,0,0,0,0,0,0,0,0,0,0,0,0,0,0,0,0,0,0,0,0,0,0,0,0,0,0,0,0,0,0,0,0,0,0,0,0,0,0,0,0,0,0,0,0,0,0,0,0,0,0,0,0,0,0,0,0,0,0,0,0,0,0,0,0,0,0,0,0,0,0,0,0,0,0,0,0,0,0,0,0,0,0,0,0,0,0,0,0,0,0,0,0,0,0,0,0,0,0,0,0,0,0,0,0,0,0,0,0,0,0,0,0,0,0,0,0,0,0,0,0,0,0,0,0,0,0,0,0,0,0,0,0,0,0,0,0,0,0,0,0,0,0,0,0,0,0,0,0,0,0,0,0,0,0,0,0,0,0,0,0,0,0,0,0,0,0,0,0,0,0,0,0,0,0,0,0,0,0,0,0,0,0,0,0,0,0,0,0,0,146,295,479,150,122,53,-43,-136,-203,-233,-216,-160,-91,0,96,169,223,255,250,219,158,78,-19,-114,-195,-259,-289,-287,-245,-188,-107,-4,84,167,235,278,284,258,218,151,75,-13,-87,-146,-206,-235,-231,-216,-195,-147,-86,-30,24,74,120,153,172,176,174,165,144,112,77,29,-17,-56,-95,-129,-162,-187,-200,-208,-198,-167,-124,-73,3,81,155,219,274,318,340,320,269,197,94,-30,-153,-270,-369,-430,-450,-434,-374,-265,-135,10,168,301,411,491,512,487,417,304,162,8,-139,-278,-401,-471,-501,-489,-433,-334,-207,-56,90,233,348,432,484,483,442,362,255,126,-144,-152,-284,-373,-431,-463,-443,-388,-295,-170,-42,92,214,315,386,421,418,377,314,213,96,-18,-140,-237,-305,-357,-371,-353,-305,-223,-135,-49,51,149,222,274,303,307,282,234,171,104,20,-61,-123,-190,-237,-259,-260,-236,-202,-153,-89,-22,52,110,159,199,220,224,203,162,116,65,8,-55,-106,-139,-167,-188,-186,-160,-140,-108,-68,-18,38,81,122,157,174,187,180,153,106,58,4,-56,-113,-164,-191,-212,-199,-169,-124,-63,10,80,137,186,223,218,185,144,82,11,-60,-131,-184,-209,-205,-176,-126,-64,8,80,134,170,183,168,129,65,-14,-84,-129,-141,-286,-95,0,0,0,0,0,0,0,0,0,0,0,0,0,0,0,0,0,0,0,0,0,0,0,0,0,0,0,0,0,0,0,0,0,0,0,0,0,0,0,0,0,0,0,0,0,0,0,0,0,0,0,0,0,0,0,0,0,0,0,0,0,0,0,0,0,0,0,0,0,0,0,0,0,0,0,0,0,0,0,0,0,0,0,0,0,0,0,0,0,0,0,0,0,0,0,0,0,0,0,0,0,0,0,0,0,0,0,0,0,0,0,0,0,0,0,0,0,0,0,0,0,0,0,0,0,0,0,0,0,0,0,0,0,0,0,0,0,0,0,0,0,0,0,0,0,0,0,0,0,0,0,0,0,0,0,0,0,0,0,0,0,0,0,0,0,0,0,0,0,0,0,0,0,0,0,0,0,0,0,0,0,0,0,0,0,0,0,0,0,0,0,0,0,0,0,0,0,0,0,0,0,0,0,0,0,0,0,0,0,0,0,0,0,0,0,0,0,0,0,0,0,0,0,0,0,0,0,0,0,0,0,0,0,0,0,0,0,0,0,0,0,0,0,0,0,0,0,0,0,0,0,0,0,0,0,0,206,931,860,-37,-117,-182,-205,-176,-104,-8,95,169,219,248,232,184,116,24,-67,-152,-221,-263,-278,-251,-204,-130,-36,61,153,222,279,292,273,236,169,84,-13,-96,-166,-228,-259,-266,-236,-198,-147,-69,0,58,118,169,196,203,197,183,155,115,68,20,-28,-69,-109,-133,-158,-175,-175,-174,-159,-128,-93,-46,-7,47,108,165,208,243,264,258,235,194,135,58,-43,-153,-245,-327,-384,-401,-385,-331,-237,-110,30,162,294,401,462,496,472,397,296,151,-8,-160,-300,-413,-488,-511,-488,-429,-321,-183,-33,115,256,376,460,497,487,437,344,231,89,-61,-195,-314,-401,-462,147,-448,-374,-268,-154,-18,123,246,351,414,445,440,388,302,195,67,-61,-172,-275,-355,-393,-398,-366,-295,-215,-121,-16,89,187,267,314,340,336,296,232,157,75,-19,-107,-181,-232,-262,-281,-264,-235,-192,-125,-55,23,91,148,194,222,235,226,197,160,110,48,-20,-86,-137,-170,-191,-204,-199,-166,-130,-89,-36,28,75,106,146,171,185,174,151,125,88,45,-3,-61,-118,-161,-180,-193,-187,-167,-121,-66,-2,69,123,170,210,220,201,165,114,45,-42,-107,-162,-207,-221,-210,-173,-111,-35,40,107,158,190,203,182,139,79,9,-62,-127,-171,-177,-145,-84,-25,900,944
28692,mtk,MTK 7916,2776213400,rx1-tx1,512,0,0,0,0,0,0,0,0,0,0,0,0,0,0,0,0,0,0,0,0,0,0,0,0,0,0,0,0,0,0,0,0,0,0,0,0,0,0,0,0,0,0,0,0,0,0,0,0,0,0,0,0,0,0,0,0,0,0,0,0,0,0,0,0,0,0,0,0,0,0,0,0,0,0,0,0,0,0,0,0,0,0,0,0,0,0,0,0,0,0,0,0,0,0,0,0,0,0,0,0,0,0,0,0,0,0,0,0,0,0,0,0,0,0,0,0,0,0,0,0,0,0,0,0,0,0,0,0,0,0,0,0,0,0,0,0,0,0,0,0,0,0,0,0,0,0,0,0,0,0,0,0,0,0,0,0,0,0,0,0,0,0,0,0,0,0,0,0,0,0,0,0,0,0,0,0,0,0,0,0,0,0,0,0,0,0,0,0,0,0,0,0,0,0,0,0,0,0,0,0,0,0,0,0,0,0,0,0,0,0,0,0,0,0,0,0,0,0,0,0,0,0,0,0,0,0,0,0,0,0,0,0,0,0,0,0,0,0,0,0,0,0,0,0,0,0,0,0,0,0,0,0,0,0,0,0,-411,-108,-1,61,65,65,59,47,22,-6,-36,-65,-83,-89,-85,-66,-36,2,46,80,92,92,82,56,16,-28,-63,-86,-94,-89,-64,-25,11,44,73,84,75,55,26,-9,-34,-50,-54,-44,-24,-6,11,24,32,26,7,-15,-30,-34,-29,-16,9,37,57,67,55,23,-6,-38,-70,-86,-83,-63,-25,22,63,93,109,100,69,19,-36,-84,-112,-118,-98,-57,-5,48,93,119,123,98,50,-12,-69,-110,-123,-121,-93,-40,18,69,109,126,116,80,31,-23,-71,-101,-110,-99,-71,-32,12,52,76,86,79,60,31,2,-23,-42,-54,-55,-53,-43,-35,-27,-14,6,0,46,65,75,80,68,38,1,-46,-88,-117,-138,-136,-96,-39,30,101,164,198,194,157,88,-7,-108,-189,-243,-250,-206,-123,-8,112,213,281,289,237,144,18,-113,-226,-300,-309,-254,-155,-27,106,214,283,302,255,150,15,-117,-224,-287,-286,-232,-127,4,130,226,273,270,209,97,-27,-147,-241,-281,-254,-182,-74,52,169,251,283,257,181,66,-58,-165,-243,-275,-253,-183,-71,51,156,233,268,248,184,88,-25,-130,-199,-230,-222,-175,-98,-6,83,155,194,189,149,87,9,-71,-131,-160,-162,-133,-80,-9,60,117,156,168,146,100,45,-16,-78,-127,-154,-162,-394,-328,0,0,0,0,0,0,0,0,0,0,0,0,0,0,0,0,0,0,0,0,0,0,0,0,0,0,0,0,0,0,0,0,0,0,0,0,0,0,0,0,0,0,0,0,0,0,0,0,0,0,0,0,0,0,0,0,0,0,0,0,0,0,0,0,0,0,0,0,0,0,0,0,0,0,0,0,0,0,0,0,0,0,0,0,0,0,0,0,0,0,0,0,0,0,0,0,0,0,0,0,0,0,0,0,0,0,0,0,0,0,0,0,0,0,0,0,0,0,0,0,0,0,0,0,0,0,0,0,0,0,0,0,0,0,0,0,0,0,0,0,0,0,0,0,0,0,0,0,0,0,0,0,0,0,0,0,0,0,0,0,0,0,0,0,0,0,0,0,0,0,0,0,0,0,0,0,0,0,0,0,0,0,0,0,0,0,0,0,0,0,0,0,0,0,0,0,0,0,0,0,0,0,0,0,0,0,0,0,0,0,0,0,0,0,0,0,0,0,0,0,0,0,0,0,0,0,0,0,0,0,0,0,0,0,0,0,0,0,0,0,0,0,0,0,0,0,0,0,0,0,0,0,0,0,0,0,-92,492,521,-4,8,27,47,67,82,87,81,64,37,1,-34,-63,-86,-98,-89,-63,-27,13,54,83,95,94,78,44,4,-37,-72,-91,-93,-77,-49,-14,19,41,57,64,51,25,1,-19,-29,-30,-30,-20,-4,17,27,25,10,-5,-17,-28,-40,-38,-18,11,33,55,67,71,48,11,-32,-68,-92,-94,-79,-50,-6,45,86,110,112,82,37,-15,-66,-105,-119,-112,-82,-30,32,86,120,129,108,69,12,-47,-94,-126,-133,-104,-52,0,50,93,118,118,93,54,3,-44,-77,-97,-100,-83,-54,-14,27,55,65,68,66,53,34,12,-6,-24,-41,-52,-55,-53,0,-48,-31,-5,32,67,94,108,108,85,46,-10,-67,-122,-158,-167,-151,-102,-23,67,145,205,232,209,147,54,-56,-161,-240,-273,-251,-186,-77,52,175,264,301,281,206,91,-42,-173,-268,-309,-290,-211,-87,47,171,261,298,278,197,73,-64,-183,-263,-284,-253,-171,-54,76,186,261,281,236,137,17,-99,-201,-268,-276,-224,-125,-5,114,217,273,273,221,127,6,-114,-212,-268,-273,-225,-140,-26,90,183,241,251,217,143,43,-57,-142,-203,-214,-189,-139,-54,39,108,158,176,154,107,42,-33,-101,-148,-165,-149,-107,-51,16,83,139,175,184,170,131,79,16,265,361
28693,mtk,MTK 7916,2776213400,rx2-tx0,512,0,0,0,0,0,0,0,0,0,0,0,0,0,0,0,0,0,0,0,0,0,0,0,0,0,0,0,0,0,0,0,0,0,0,0,0,0,0,0,0,0,0,0,0,0,0,0,0,0,0,0,0,0,0,0,0,0,0,0,0,0,0,0,0,0,0,0,0,0,0,0,0,0,0,0,0,0,0,0,0,0,0,0,0,0,0,0,0,0,0,0,0,0,0,0,0,0,0,0,0,0,0,0,0,0,0,0,0,0,0,0,0,0,0,0,0,0,0,0,0,0,0,0,0,0,0,0,0,0,0,0,0,0,0,0,0,0,0,0,0,0,0,0,0,0,0,0,0,0,0,0,0,0,0,0,0,0,0,0,0,0,0,0,0,0,0,0,0,0,0,0,0,0,0,0,0,0,0,0,0,0,0,0,0,0,0,0,0,0,0,0,0,0,0,0,0,0,0,0,0,0,0,0,0,0,0,0,0,0,0,0,0,0,0,0,0,0,0,0,0,0,0,0,0,0,0,0,0,0,0,0,0,0,0,0,0,0,0,0,0,0,0,0,0,0,0,0,0,0,0,0,0,0,0,0,0,-136,11,142,38,22,2,-22,-49,-70,-83,-87,-79,-57,-30,-2,33,64,80,80,72,53,24,-10,-39,-60,-71,-72,-62,-45,-22,3,27,46,61,68,64,53,39,18,-11,-38,-61,-76,-85,-82,-66,-33,10,55,96,123,132,118,73,13,-56,-121,-164,-181,-160,-98,-11,82,160,208,218,181,100,-4,-116,-217,-279,-277,-208,-95,47,186,288,330,301,204,60,-106,-256,-360,-384,-323,-191,-14,173,331,424,419,325,159,-51,-250,-401,-474,-442,-308,-102,126,325,459,499,425,258,37,-195,-393,-499,-494,-378,-184,52,277,451,517,465,308,81,-162,-372,-502,-520,-419,-225,0,266,457,543,506,360,132,-131,-370,-529,-567,-481,-286,-23,248,460,577,571,438,205,-76,-343,-535,-614,-564,-390,-130,159,416,587,634,545,343,67,-228,-474,-615,-629,-520,-300,-18,265,480,596,591,468,254,-9,-267,-464,-560,-539,-414,-210,33,256,415,488,458,336,156,-47,-236,-365,-414,-380,-269,-109,65,216,315,344,303,200,61,-82,-199,-268,-279,-231,-141,-22,95,186,238,240,185,99,-2,-99,-178,-219,-218,-170,-89,11,104,171,206,205,167,101,18,-69,-144,-186,-194,-171,-122,-50,30,102,153,180,178,148,97,34,-33,-91,-139,-167,-176,-162,-133,-89,-378,-264,0,0,0,0,0,0,0,0,0,0,0,0,0,0,0,0,0,0,0,0,0,0,0,0,0,0,0,0,0,0,0,0,0,0,0,0,0,0,0,0,0,0,0,0,0,0,0,0,0,0,0,0,0,0,0,0,0,0,0,0,0,0,0,0,0,0,0,0,0,0,0,0,0,0,0,0,0,0,0,0,0,0,0,0,0,0,0,0,0,0,0,0,0,0,0,0,0,0,0,0,0,0,0,0,0,0,0,0,0,0,0,0,0,0,0,0,0,0,0,0,0,0,0,0,0,0,0,0,0,0,0,0,0,0,0,0,0,0,0,0,0,0,0,0,0,0,0,0,0,0,0,0,0,0,0,0,0,0,0,0,0,0,0,0,0,0,0,0,0,0,0,0,0,0,0,0,0,0,0,0,0,0,0,0,0,0,0,0,0,0,0,0,0,0,0,0,0,0,0,0,0,0,0,0,0,0,0,0,0,0,0,0,0,0,0,0,0,0,0,0,0,0,0,0,0,0,0,0,0,0,0,0,0,0,0,0,0,0,0,0,0,0,0,0,0,0,0,0,0,0,0,0,0,0,0,0,1335,653,658,59,74,83,81,73,55,25,-6,-34,-61,-80,-86,-78,-59,-29,3,33,61,80,82,66,42,19,-10,-37,-54,-62,-69,-66,-48,-24,-2,21,41,55,64,70,65,50,28,-6,-44,-78,-97,-104,-100,-78,-30,27,79,123,152,150,112,49,-27,-109,-172,-195,-183,-133,-54,48,147,221,252,231,155,38,-89,-201,-278,-301,-257,-150,-4,151,281,351,345,263,124,-50,-221,-352,-409,-380,-263,-87,119,304,426,456,390,236,29,-189,-369,-469,-473,-373,-188,43,266,430,499,462,328,116,-126,-337,-475,-510,-427,-250,-19,226,421,516,496,367,153,-94,-322,-483,0,-466,-291,-47,208,423,542,539,417,203,-59,-314,-502,-576,-525,-361,-111,162,405,568,603,504,300,28,-256,-488,-615,-607,-472,-237,51,331,542,636,600,439,185,-107,-376,-568,-636,-568,-390,-139,137,382,544,591,520,344,104,-147,-359,-499,-531,-453,-285,-71,146,330,438,450,371,222,38,-146,-289,-371,-370,-295,-162,-1,150,258,308,295,223,104,-29,-149,-230,-260,-238,-167,-62,47,145,209,231,206,140,46,-56,-145,-200,-218,-195,-133,-46,46,127,183,207,190,137,67,-14,-91,-150,-182,-187,-155,-101,-29,42,105,150,176,178,152,109,60,3,-47,-84,-114,522,585
28694,mtk,MTK 7916,2776213400,rx2-tx1,512,0,0,0,0,0,0,0,0,0,0,0,0,0,0,0,0,0,0,0,0,0,0,0,0,0,0,0,0,0,0,0,0,0,0,0,0,0,0,0,0,0,0,0,0,0,0,0,0,0,0,0,0,0,0,0,0,0,0,0,0,0,0,0,0,0,0,0,0,0,0,0,0,0,0,0,0,0,0,0,0,0,0,0,0,0,0,0,0,0,0,0,0,0,0,0,0,0,0,0,0,0,0,0,0,0,0,0,0,0,0,0,0,0,0,0,0,0,0,0,0,0,0,0,0,0,0,0,0,0,0,0,0,0,0,0,0,0,0,0,0,0,0,0,0,0,0,0,0,0,0,0,0,0,0,0,0,0,0,0,0,0,0,0,0,0,0,0,0,0,0,0,0,0,0,0,0,0,0,0,0,0,0,0,0,0,0,0,0,0,0,0,0,0,0,0,0,0,0,0,0,0,0,0,0,0,0,0,0,0,0,0,0,0,0,0,0,0,0,0,0,0,0,0,0,0,0,0,0,0,0,0,0,0,0,0,0,0,0,0,0,0,0,0,0,0,0,0,0,0,0,0,0,0,0,0,0,236,211,264,42,39,27,10,-8,-28,-50,-63,-68,-66,-55,-33,-1,32,57,66,66,56,34,2,-30,-56,-70,-71,-58,-28,14,52,70,72,69,50,13,-28,-62,-86,-82,-57,-20,22,67,94,99,87,46,-17,-80,-121,-141,-130,-88,-20,61,132,176,184,151,73,-27,-127,-197,-231,-221,-159,-52,75,192,271,297,260,162,26,-123,-265,-351,-359,-285,-152,19,187,321,394,385,286,122,-62,-236,-374,-438,-404,-278,-92,123,304,419,453,389,233,28,-177,-344,-437,-440,-344,-172,32,224,371,438,402,281,107,-90,-266,-376,-400,-338,-197,-13,167,302,363,344,251,101,0,-230,-329,-347,-284,-158,3,171,299,343,306,210,63,-104,-249,-336,-344,-273,-142,19,184,313,363,333,227,72,-104,-258,-352,-363,-293,-172,-17,151,288,351,328,244,113,-44,-193,-291,-316,-275,-191,-59,86,197,264,277,221,117,-1,-108,-195,-230,-213,-149,-56,41,123,174,179,137,67,-9,-75,-123,-139,-121,-75,-9,58,105,127,119,84,26,-39,-97,-121,-123,-95,-50,4,56,99,113,101,69,23,-29,-71,-92,-96,-78,-42,0,39,65,82,83,60,21,-13,-40,-62,-70,-58,-34,-7,20,48,60,52,34,13,-18,-48,-65,-69,-62,-44,-22,7,43,25,91,0,0,0,0,0,0,0,0,0,0,0,0,0,0,0,0,0,0,0,0,0,0,0,0,0,0,0,0,0,0,0,0,0,0,0,0,0,0,0,0,0,0,0,0,0,0,0,0,0,0,0,0,0,0,0,0,0,0,0,0,0,0,0,0,0,0,0,0,0,0,0,0,0,0,0,0,0,0,0,0,0,0,0,0,0,0,0,0,0,0,0,0,0,0,0,0,0,0,0,0,0,0,0,0,0,0,0,0,0,0,0,0,0,0,0,0,0,0,0,0,0,0,0,0,0,0,0,0,0,0,0,0,0,0,0,0,0,0,0,0,0,0,0,0,0,0,0,0,0,0,0,0,0,0,0,0,0,0,0,0,0,0,0,0,0,0,0,0,0,0,0,0,0,0,0,0,0,0,0,0,0,0,0,0,0,0,0,0,0,0,0,0,0,0,0,0,0,0,0,0,0,0,0,0,0,0,0,0,0,0,0,0,0,0,0,0,0,0,0,0,0,0,0,0,0,0,0,0,0,0,0,0,0,0,0,0,0,0,0,0,0,0,0,0,0,0,0,0,0,0,0,0,0,0,0,0,-351,282,240,23,39,52,61,67,64,50,28,2,-27,-50,-63,-70,-66,-47,-20,11,41,61,66,60,42,18,-19,-50,-64,-66,-62,-38,-4,34,64,82,78,55,15,-29,-62,-87,-96,-75,-29,21,66,105,117,99,55,-3,-69,-120,-153,-150,-109,-38,51,133,190,207,182,108,8,-97,-197,-263,-268,-211,-105,24,157,270,335,318,223,82,-79,-234,-346,-392,-351,-229,-55,133,292,396,418,351,204,10,-192,-348,-437,-436,-336,-159,45,237,383,456,424,301,113,-96,-289,-414,-442,-379,-239,-46,156,316,404,406,323,172,-23,-207,-339,-386,-344,-225,-60,113,258,339,0,269,130,-46,-202,-307,-340,-294,-180,-23,139,272,344,328,230,89,-74,-220,-323,-356,-311,-183,-12,154,286,358,345,259,121,-45,-209,-318,-358,-316,-211,-61,101,234,318,330,272,154,12,-136,-248,-296,-280,-210,-95,36,156,234,258,220,142,35,-79,-162,-203,-196,-144,-66,18,93,146,159,127,69,-1,-61,-109,-135,-121,-74,-15,46,98,127,123,89,34,-26,-78,-106,-116,-101,-63,-10,44,79,100,106,83,35,-13,-54,-82,-89,-76,-51,-21,15,53,73,69,50,28,0,-33,-50,-55,-51,-33,-7,20,46,61,57,44,22,-7,-39,-57,-69,-82,-79,381,374
28695,mtk,MTK 7916,2776231285,rx0-tx0,512,-1687,537,429,265,304,336,354,353,337,298,247,178,101,16,-71,-159,-248,-322,-383,-433,-459,-458,-434,-382,-304,-216,-108,12,141,256,366,455,513,552,554,531,476,387,277,155,18,-120,-254,-375,-478,-551,-592,-604,-578,-525,-447,-347,-225,-92,45,180,300,411,504,564,600,610,584,530,451,353,236,98,-46,-188,-315,-437,-542,-616,-662,-678,-662,-607,-524,-403,-259,-98,67,236,411,559,674,759,812,811,766,673,545,376,179,-21,-225,-418,-595,-734,-838,-897,-896,-848,-746,-601,-416,-211,3,218,421,608,753,852,908,903,855,765,628,450,253,42,-175,-386,-574,-730,-840,-910,-273,-896,-810,-680,-514,-308,-98,116,341,543,708,849,939,972,947,877,750,578,370,134,-101,-341,-559,-749,-901,-1000,-1036,-1019,-948,-810,-623,-404,-155,102,359,609,816,976,1076,1116,1091,996,849,639,396,119,-174,-444,-695,-907,-1061,-1151,-1174,-1117,-990,-804,-562,-286,4,298,570,812,993,1099,1144,1118,1007,841,624,369,91,-189,-444,-669,-843,-961,-1013,-998,-918,-780,-603,-399,-172,59,278,478,638,743,803,815,769,688,567,411,229,38,-141,-315,-460,-567,-646,-674,-660,-603,-504,-373,-218,-50,123,288,426,532,587,596,552,455,320,157,-18,-186,-324,-414,-447,-415,-327,-201,617,634,-546,836,1083,103,10,-98,-204,-288,-336,-345,-318,-252,-155,-47,68,174,263,333,376,386,373,329,267,180,78,-20,-127,-223,-312,-378,-421,-437,-426,-385,-318,-225,-127,-11,120,238,346,437,498,517,506,465,391,283,157,22,-124,-251,-369,-469,-530,-553,-549,-503,-420,-313,-190,-62,80,206,310,399,464,499,506,488,438,364,270,155,42,-75,-190,-297,-383,-442,-477,-490,-458,-408,-340,-241,-137,-24,82,184,277,354,399,420,425,397,350,291,213,129,32,-55,-140,-218,-277,-323,-352,-358,-343,-311,-268,-208,-141,-70,6,79,148,205,247,272,289,297,282,254,221,177,134,84,-730,-38,-99,-155,-205,-255,-288,-301,-310,-303,-273,-226,-167,-89,-7,72,157,232,291,329,347,346,317,281,228,144,66,-6,-72,-140,-194,-240,-262,-269,-268,-247,-224,-190,-149,-108,-68,-19,31,70,106,138,173,196,214,230,237,228,214,197,148,108,65,-3,-67,-125,-183,-235,-270,-300,-307,-293,-270,-236,-181,-119,-51,20,93,158,217,265,297,306,305,290,259,221,168,105,47,-18,-86,-149,-205,-251,-287,-306,-320,-314,-283,-248,-197,-128,-56,19,100,168,228,281,320,341,339,316,288,236,177,110,33,-41,-109,-172,-223,-267,-306,-322,-317,-305,-284,-243,-184,-115,-172,191,-175,-366,-493,217,154,90,15,-67,-144,-218,-282,-337,-375,-399,-401,-385,-344,-281,-212,-123,-18,88,197,300,385,451,499,518,510,469,402,302,189,69,-65,-199,-330,-437,-512,-565,-593,-582,-538,-467,-371,-248,-115,29,169,296,406,501,562,596,600,573,520,444,336,214,85,-51,-190,-312,-420,-508,-578,-623,-634,-613,-562,-486,-376,-247,-109,40,197,346,481,600,681,734,743,720,655,542,407,247,61,-138,-323,-495,-648,-772,-846,-871,-845,-777,-658,-501,-314,-102,120,326,520,684,808,886,914,887,813,690,525,335,122,-101,-307,-499,-669,-794,-876,-916,-903,-836,-717,-560,-375,-177,-1322,253,461,640,789,889,931,935,888,778,635,456,236,2,-225,-441,-639,-804,-927,-994,-1002,-958,-853,-698,-505,-272,-24,223,468,687,861,986,1059,1067,1023,916,741,525,274,8,-263,-521,-757,-946,-1073,-1144,-1137,-1065,-933,-736,-486,-213,81,370,630,854,1030,1136,1169,1127,1017,845,611,341,51,-245,-517,-742,-920,-1039,-1089,-1063,-973,-822,-626,-391,-139,118,363,574,735,851,912,904,849,741,582,400,202,-5,-204,-380,-533,-646,-715,-736,-715,-652,-536,-395,-233,-60,107,270,419,530,602,630,614,550,446,306,144,-28,-196,-348,-461,-530,-539,-487,-380,-236,-76,83,212,286,104,-62,1197,1082,813,-233,-277,-280,-239,-158,-57,60,172,274,341,374,376,339,274,191,90,-11,-112,-210,-293,-361,-392,-404,-389,-351,-282,-193,-91,17,126,229,324,393,445,478,472,428,363,267,142,10,-121,-246,-364,-462,-520,-549,-543,-494,-418,-303,-163,-32,103,244,357,446,502,536,538,492,421,335,228,109,-17,-144,-255,-351,-429,-477,-496,-491,-457,-395,-310,-207,-99,20,142,237,330,399,437,456,446,412,353,268,167,72,-23,-120,-207,-282,-344,-379,-386,-375,-351,-306,-243,-172,-93,-11,71,150,216,270,301,322,322,308,281,234,180,116,59,-4,-69,-123,-175,-216,-241,-264,-128,-280,-270,-245,-213,-168,-101,-34,34,113,186,243,293,329,343,340,315,268,202,125,45,-48,-126,-188,-259,-303,-322,-320,-305,-274,-227,-175,-105,-49,18,66,111,153,184,202,219,232,226,210,188,170,143,101,65,20,-25,-71,-112,-165,-209,-228,-257,-273,-266,-251,-225,-178,-124,-62,11,80,145,207,256,289,307,316,300,270,225,170,103,36,-31,-101,-162,-217,-260,-280,-293,-299,-292,-271,-231,-184,-122,-60,9,86,152,209,264,301,320,329,321,289,248,193,119,43,-39,-110,-175,-236,-278,-314,-327,-324,-304,-272,-227,-174,-111,-37,31,93,158,218,261,289,1350,1350
28696,mtk,MTK 7916,2776231285,rx0-tx1,512,-144,-420,-342,727,551,365,148,-84,-303,-513,-693,-843,-956,-1014,-1024,-980,-880,-736,-559,-347,-110,130,367,591,777,923,1025,1078,1074,1010,887,726,532,293,38,-209,-455,-675,-864,-1007,-1103,-1145,-1118,-1025,-890,-704,-480,-220,49,313,561,780,954,1079,1149,1158,1110,1001,839,630,389,138,-120,-371,-604,-810,-967,-1079,-1134,-1131,-1067,-951,-800,-596,-364,-117,134,388,621,821,982,1093,1152,1149,1093,976,802,588,340,70,-212,-476,-717,-928,-1089,-1180,-1212,-1180,-1077,-916,-704,-449,-171,112,394,640,854,1016,1115,1161,1141,1055,918,735,506,245,-10,-261,-492,-701,-863,-980,-1045,-1053,-1012,-916,-763,-582,146,-153,83,307,518,708,860,962,1017,1022,971,871,721,532,319,82,-162,-398,-623,-809,-954,-1049,-1081,-1057,-970,-833,-645,-416,-170,85,346,579,785,948,1054,1115,1104,1026,885,702,483,229,-32,-291,-540,-764,-938,-1062,-1125,-1125,-1052,-929,-753,-528,-265,13,282,542,774,951,1074,1134,1123,1048,906,711,463,201,-67,-339,-582,-786,-944,-1032,-1062,-1027,-923,-760,-552,-315,-74,167,395,586,739,839,884,867,801,696,540,362,174,-26,-223,-392,-532,-641,-699,-712,-683,-609,-494,-354,-187,-17,143,292,422,516,572,580,543,460,342,202,39,-113,-250,-362,-424,-433,-388,-300,-181,-56,-457,-486,0,-51,-38,-103,-240,-362,-437,-463,-425,-332,-198,-38,128,284,407,501,552,560,522,439,329,197,56,-95,-247,-379,-488,-562,-603,-615,-582,-513,-420,-288,-135,25,185,351,494,610,699,746,753,716,623,495,330,140,-61,-281,-487,-659,-796,-896,-943,-922,-842,-708,-526,-307,-65,188,425,642,818,952,1017,1027,978,870,713,505,264,17,-237,-476,-694,-876,-998,-1057,-1057,-1000,-878,-706,-495,-256,1,252,484,692,860,973,1024,1025,966,852,700,503,284,59,-171,-393,-590,-754,-873,-954,-981,-949,-870,-742,-581,-391,-181,39,262,471,650,804,918,979,988,951,860,723,549,337,107,-128,-411,-579,-772,-924,-1034,-1087,-1077,-1013,-896,-718,-501,-245,25,296,555,788,980,1113,1189,1201,1140,1013,826,599,323,38,-255,-537,-784,-987,-1130,-1213,-1234,-1175,-1063,-888,-664,-407,-132,155,419,654,868,1029,1131,1187,1175,1091,970,785,567,329,64,-203,-459,-689,-883,-1038,-1136,-1171,-1158,-1081,-948,-768,-537,-292,-23,245,501,732,931,1090,1180,1213,1176,1080,924,712,472,210,-71,-346,-607,-825,-995,-1129,-1193,-1190,-1121,-999,-821,-597,-351,-85,190,448,676,874,1019,1107,1136,1105,1020,883,692,469,221,-33,-282,-514,-718,-886,-1000,-1065,-1062,-1008,-911,-764,-577,-359,-127,102,323,523,691,828,-57,-59,147,234,336,-676,-813,-916,-988,-994,-954,-866,-730,-560,-357,-132,99,331,547,729,878,990,1046,1050,1002,891,729,540,318,80,-170,-415,-636,-817,-967,-1068,-1105,-1093,-1021,-893,-714,-503,-271,-11,256,502,721,908,1051,1138,1159,1119,1021,869,672,439,182,-87,-348,-594,-806,-973,-1086,-1140,-1141,-1087,-974,-809,-602,-366,-120,138,384,606,804,965,1072,1127,1129,1076,962,798,595,363,106,-154,-413,-659,-867,-1028,-1144,-1196,-1181,-1098,-962,-774,-537,-272,9,295,568,799,991,1127,1190,1199,1135,1010,834,605,350,78,-204,-464,-687,-876,-1019,-1096,-1113,-1072,-981,-834,-643,-422,-179,58,290,516,709,854,206,1020,1022,974,879,738,560,349,129,-110,-342,-556,-746,-891,-995,-1049,-1039,-979,-860,-691,-492,-254,-4,249,488,702,885,1013,1079,1094,1045,930,773,565,334,79,-194,-450,-676,-860,-1007,-1092,-1113,-1081,-985,-829,-623,-391,-134,140,409,647,854,1012,1113,1141,1104,1007,840,623,379,108,-164,-432,-675,-881,-1026,-1098,-1109,-1053,-927,-754,-529,-279,-18,242,481,688,847,948,981,959,868,736,560,349,124,-102,-298,-482,-627,-724,-779,-786,-738,-647,-523,-368,-188,-8,168,329,464,569,635,645,613,547,440,303,146,-19,-175,-318,-428,-499,-525,-496,-425,-311,-165,-14,120,228,294,308,-163,-28,0,-39,-65,-333,-303,-210,-76,84,246,383,482,529,525,465,365,239,87,-74,-229,-362,-467,-537,-576,-578,-538,-459,-352,-221,-79,77,235,372,493,590,649,665,659,611,513,387,232,56,-126,-312,-490,-635,-754,-823,-850,-825,-739,-608,-434,-231,5,241,463,665,832,942,1001,992,924,798,620,401,156,-92,-342,-572,-769,-929,-1019,-1056,-1029,-944,-804,-610,-379,-131,122,372,602,793,936,1029,1061,1026,934,792,599,374,138,-107,-347,-557,-737,-879,-964,-996,-980,-904,-783,-624,-434,-224,3,227,436,627,779,895,960,975,942,850,720,562,363,146,-81,-305,-519,-701,-855,-963,-1018,-1022,-92,-886,-727,-534,-309,-58,200,448,675,867,1020,1121,1151,1119,1024,876,672,428,159,-125,-408,-672,-893,-1074,-1190,-1233,-1214,-1119,-962,-749,-496,-220,70,353,612,840,1022,1143,1205,1198,1121,1003,832,599,351,89,-190,-443,-677,-876,-1020,-1120,-1173,-1158,-1082,-950,-770,-555,-306,-46,217,477,705,904,1052,1147,1192,1167,1078,936,754,521,264,-14,-290,-548,-783,-976,-1109,-1192,-1207,-1157,-1049,-872,-663,-416,-141,134,400,645,860,1018,1125,1174,1158,1073,939,755,531,281,16,-246,-490,-707,-889,-1018,-1094,-1110,-1067,-968,-822,-626,-406,-164,80,307,521,711,864,966,1016,1016,963,856,710,529,20,5
28697,mtk,MTK 7916,2776231285,rx1-tx0,512,0,-506,-348,-777,-696,-594,-462,-299,-129,46,209,370,514,634,717,763,783,773,711,615,493,344,180,0,-179,-348,-505,-647,-753,-829,-863,-848,-795,-697,-557,-395,-203,-1,208,411,594,753,868,945,984,966,903,782,621,423,197,-51,-293,-523,-742,-922,-1063,-1140,-1161,-1116,-1012,-841,-626,-367,-74,216,506,779,1002,1179,1283,1312,1274,1157,968,724,438,118,-208,-517,-795,-1028,-1201,-1297,-1333,-1291,-1177,-993,-751,-469,-159,147,447,724,961,1134,1247,1293,1262,1160,1000,784,517,226,-71,-355,-633,-873,-1071,-1196,-1246,-1230,-1144,-996,-783,-526,-255,32,317,582,807,987,1120,1177,1157,1086,949,756,-136,269,-8,-278,-524,-740,-917,-1035,-1084,-1079,-1014,-896,-721,-502,-267,-20,223,454,662,823,943,1004,1006,953,833,677,491,278,49,-181,-390,-583,-745,-855,-914,-922,-866,-773,-641,-475,-273,-67,136,334,500,639,740,790,791,763,688,576,445,291,118,-45,-209,-364,-490,-589,-657,-697,-697,-654,-577,-481,-355,-199,-50,104,260,411,527,610,658,668,647,587,488,350,205,46,-112,-260,-398,-507,-573,-612,-614,-574,-507,-401,-267,-124,23,155,284,391,471,520,535,507,448,362,251,132,3,-124,-243,-338,-408,-450,-443,-405,-339,-243,-123,6,122,218,290,320,304,260,183,87,-228,-436,0,301,176,-147,-88,-4,93,178,249,292,306,284,233,162,80,-11,-102,-179,-245,-287,-314,-319,-306,-271,-214,-160,-89,-11,75,155,219,281,336,369,380,374,354,308,230,144,42,-69,-191,-307,-407,-492,-542,-571,-548,-493,-406,-280,-148,8,177,330,473,596,684,718,707,653,560,425,260,81,-104,-291,-456,-597,-710,-779,-804,-785,-703,-592,-444,-264,-61,150,355,537,695,811,879,893,858,761,625,449,239,14,-205,-423,-619,-774,-884,-952,-949,-892,-786,-619,-428,-211,23,249,464,668,818,914,966,960,894,778,611,416,203,-26,-254,-466,-655,-806,-905,-958,-945,-887,-782,-622,236,-236,-15,207,426,612,762,880,955,967,924,840,703,529,322,97,-137,-371,-584,-751,-884,-978,-1013,-991,-901,-778,-607,-398,-169,65,299,517,713,858,961,1013,1010,949,838,682,504,294,60,-174,-404,-611,-786,-925,-1023,-1057,-1041,-969,-834,-668,-458,-221,32,293,529,741,911,1044,1114,1120,1062,958,799,586,342,76,-190,-452,-703,-901,-1048,-1133,-1163,-1118,-1017,-861,-647,-407,-142,131,383,629,829,982,1083,1122,1098,1005,866,687,453,200,-46,-295,-522,-713,-870,-976,-1027,-1017,-955,-838,-684,-502,-279,-52,172,393,581,738,844,909,924,889,808,685,529,344,147,-56,-247,-436,195,318,0,-194,-413,231,392,525,645,734,775,783,751,691,592,463,311,151,-13,-189,-362,-499,-622,-719,-787,-813,-791,-740,-649,-528,-373,-202,-8,184,373,547,690,809,890,920,903,844,737,588,408,213,-3,-231,-453,-659,-831,-964,-1051,-1078,-1046,-963,-827,-643,-419,-163,104,379,635,866,1047,1185,1244,1232,1163,1015,811,549,250,-55,-361,-657,-918,-1120,-1262,-1329,-1320,-1234,-1079,-857,-586,-289,19,334,628,886,1094,1239,1307,1302,1228,1089,883,634,353,49,-259,-545,-796,-1015,-1168,-1253,-1265,-1214,-1094,-909,-673,-397,-103,191,474,727,941,1092,1185,1209,1166,1054,875,657,398,113,-162,-430,-679,-880,1335,-1113,-1138,-1093,-988,-837,-634,-389,-133,124,370,598,791,927,1010,1045,1016,933,790,604,394,158,-82,-321,-542,-711,-848,-935,-971,-942,-865,-746,-579,-378,-168,61,276,460,629,762,846,864,852,785,677,535,360,173,-13,-191,-357,-493,-603,-685,-727,-728,-705,-630,-524,-393,-248,-95,72,233,372,485,594,654,677,670,625,543,426,291,141,-19,-178,-329,-466,-566,-624,-656,-640,-589,-507,-383,-248,-101,55,204,335,447,523,563,569,542,483,390,271,136,-3,-141,-253,-358,-435,-479,-490,-465,-406,-319,-216,-88,39,156,262,344,394,397,361,294,195,80,-28,-120,-189,-218,486,321,0,175,302,162,218,255,254,218,151,62,-36,-131,-208,-268,-303,-315,-300,-263,-207,-134,-55,27,103,179,237,283,319,335,332,304,262,214,144,64,-26,-111,-199,-290,-362,-417,-459,-470,-452,-399,-324,-220,-101,40,187,320,453,550,615,653,634,574,484,361,206,28,-158,-337,-496,-621,-710,-758,-765,-721,-622,-503,-350,-167,25,235,419,576,708,801,849,843,788,686,539,356,148,-72,-292,-496,-663,-804,-896,-927,-905,-833,-710,-539,-342,-113,122,341,554,728,850,931,958,924,845,705,519,315,87,-151,-376,-575,-743,-865,-939,-958,-922,-835,-699,-521,-319,-92,138,347,549,721,-351,921,951,932,862,739,577,385,169,-61,-280,-490,-676,-825,-931,-987,-985,-928,-817,-654,-468,-247,-11,232,452,648,821,944,1010,1015,973,880,732,549,342,109,-135,-366,-576,-749,-889,-996,-1038,-1028,-966,-847,-684,-482,-256,-15,219,454,667,848,992,1070,1092,1057,967,825,637,414,159,-107,-361,-595,-813,-985,-1096,-1147,-1127,-1061,-923,-729,-507,-257,16,295,552,782,959,1079,1143,1130,1063,947,766,551,303,41,-222,-464,-672,-855,-993,-1059,-1071,-1027,-916,-766,-573,-356,-120,118,349,560,727,866,951,976,959,886,765,601,408,202,-17,-228,-421,-588,-725,-820,-873,-867,-821,-730,-306,-175
28698,mtk,MTK 7916,2776231285,rx1-tx1,512,0,0,0,547,738,709,469,92,-314,-628,-750,-647,-356,42,426,682,730,560,225,-184,-545,-734,-694,-443,-68,335,648,762,644,330,-88,-486,-737,-767,-566,-190,255,627,809,751,459,21,-422,-750,-856,-706,-333,143,583,859,881,636,196,-310,-737,-954,-885,-548,-43,474,870,1013,851,436,-104,-627,-971,-1032,-795,-318,251,750,1035,1020,706,189,-384,-846,-1058,-963,-588,-39,521,921,1050,870,440,-114,-627,-953,-996,-756,-293,253,717,963,922,606,116,-403,-796,-948,-816,-443,61,539,854,920,706,275,-231,-662,-895,-861,-567,-101,393,769,919,795,431,-61,-536,-851,-916,-712,-291,224,0,922,901,614,140,-379,-787,-971,-868,-506,10,531,901,1006,818,397,-151,-670,-998,-1031,-766,-282,298,803,1082,1049,712,165,-433,-919,-1143,-1036,-638,-54,552,1005,1177,1012,559,-57,-656,-1072,-1183,-957,-460,167,751,1117,1159,871,326,-308,-849,-1151,-1128,-780,-202,437,959,1208,1113,703,92,-547,-1040,-1245,-1106,-661,-31,615,1086,1260,1091,623,-8,-640,-1089,-1234,-1051,-593,24,622,1038,1173,994,551,-20,-563,-946,-1067,-896,-495,19,513,853,957,801,442,-23,-462,-762,-852,-715,-390,22,416,689,778,666,382,10,-350,-618,-732,-667,-450,-138,186,451,607,633,535,346,117,-97,-261,0,0,0,0,0,194,315,396,411,340,190,-17,-244,-436,-541,-528,-394,-162,119,382,561,603,495,259,-50,-360,-586,-666,-573,-328,15,361,613,707,619,359,-10,-389,-658,-755,-656,-375,19,423,717,815,691,374,-56,-472,-769,-859,-711,-369,83,520,816,900,736,368,-107,-550,-841,-900,-715,-331,140,567,833,868,664,273,-184,-574,-800,-800,-570,-184,251,598,769,717,455,66,-337,-638,-752,-637,-329,73,445,684,721,545,208,-186,-528,-715,-689,-458,-95,303,613,749,665,385,-16,-415,-685,-765,-632,-311,103,483,723,755,577,235,-173,-529,-731,-716,-496,-139,247,553,695,629,379,26,0,-583,-656,-530,-240,121,441,627,619,422,94,-266,-546,-662,-575,-313,50,401,639,687,529,208,-185,-528,-719,-690,-449,-77,325,637,760,658,364,-49,-451,-727,-787,-612,-243,201,593,812,794,541,121,-341,-709,-872,-784,-457,6,475,817,922,751,364,-133,-596,-891,-932,-701,-261,244,675,917,892,610,158,-334,-728,-898,-811,-496,-45,414,745,846,700,359,-81,-490,-742,-760,-553,-189,221,549,703,646,390,14,-356,-612,-674,-525,-217,151,475,656,634,410,60,-312,-591,-690,-573,-283,94,443,666,692,510,171,-225,-557,-725,-671,-415,-40,348,638,741,629,328,-71,-444,0,0,0,0,0,-509,-150,258,591,747,678,411,29,-369,-655,-744,-610,-295,111,481,704,716,513,150,-261,-597,-746,-670,-391,10,412,693,766,603,256,-176,-559,-775,-762,-519,-112,340,689,836,734,404,-61,-510,-807,-872,-675,-266,234,668,908,884,600,122,-401,-811,-986,-871,-493,35,559,923,1023,823,383,-181,-697,-1007,-1028,-756,-253,327,805,1057,999,642,110,-449,-883,-1060,-922,-519,35,572,937,1028,816,367,-186,-678,-968,-965,-682,-204,326,757,958,871,528,33,-463,-821,-927,-755,-357,146,605,880,890,637,187,-312,-717,-907,-827,-500,-24,462,812,920,754,357,-146,-608,-891,-915,0,-211,301,728,948,889,562,65,-456,-849,-987,-844,-449,84,598,943,1023,800,337,-224,-732,-1038,-1042,-747,-225,372,861,1109,1049,679,103,-498,-958,-1153,-1029,-615,-13,593,1034,1177,983,509,-111,-702,-1091,-1168,-911,-392,239,807,1145,1149,825,265,-367,-900,-1187,-1131,-745,-153,487,997,1228,1111,686,59,-586,-1067,-1254,-1098,-637,-2,630,1086,1248,1075,604,-23,-629,-1063,-1209,-1026,-569,21,594,997,1126,951,532,-17,-543,-904,-1019,-858,-471,24,493,809,904,762,422,-18,-439,-732,-820,-684,-379,10,387,655,751,657,408,67,-280,-554,-691,-666,-502,-253,33,290,466,533,500,385,0,0,0,0,0,-275,-189,-52,125,305,440,497,453,304,78,-180,-414,-560,-576,-454,-221,78,369,570,628,531,296,-31,-356,-597,-684,-589,-341,4,364,638,742,637,363,-15,-397,-684,-788,-675,-371,37,446,741,838,703,375,-69,-503,-800,-880,-729,-373,94,541,839,906,721,347,-118,-553,-841,-891,-696,-309,158,570,818,837,627,234,-217,-595,-791,-764,-521,-131,291,625,765,681,397,0,-391,-658,-733,-594,-278,128,489,705,709,506,146,-258,-581,-738,-681,-426,-37,365,660,761,646,348,-56,-449,-710,-765,-605,-269,138,500,725,746,544,191,-204,-538,-711,-672,-442,-86,289,569,679,0,312,-45,-389,-611,-644,-474,-166,192,491,644,597,363,18,-336,-591,-675,-551,-253,124,471,677,684,488,140,-258,-586,-739,-677,-407,-14,388,680,773,631,305,-118,-524,-774,-795,-574,-178,281,660,849,789,495,52,-414,-767,-904,-777,-413,70,535,856,930,732,317,-190,-641,-906,-910,-651,-207,300,710,912,854,555,99,-380,-736,-876,-761,-423,28,456,739,800,625,270,-154,-523,-728,-708,-472,-103,292,589,700,592,307,-72,-424,-638,-655,-473,-139,237,531,665,602,348,-19,-384,-633,-695,-547,-228,159,501,699,687,462,101,-292,-604,-741,-654,-377,12,400,673,743,601,0,0
28699,mtk,MTK 7916,2776231285,rx2-tx0,512,0,0,0,480,713,741,558,215,-197,-552,-749,-731,-502,-134,269,591,745,685,426,42,-346,-626,-726,-614,-324,50,404,639,678,519,217,-147,-459,-625,-604,-415,-104,236,491,592,511,280,-27,-315,-505,-534,-397,-139,153,395,512,465,277,0,-274,-458,-489,-369,-136,138,377,494,453,262,-12,-283,-466,-505,-379,-136,146,392,536,503,307,14,-284,-505,-576,-470,-219,102,398,582,599,432,129,-216,-492,-631,-581,-358,-33,303,557,653,551,282,-69,-392,-598,-636,-482,-187,157,455,619,606,410,94,-250,-515,-623,-549,-318,5,326,546,607,483,219,-102,-390,-557,-558,-392,-109,200,0,562,496,286,-5,-294,-491,-542,-425,-179,130,391,533,513,338,59,-248,-486,-573,-483,-255,58,362,563,600,451,161,-179,-470,-629,-604,-395,-65,288,556,668,587,331,-36,-401,-650,-706,-557,-241,146,501,723,734,522,157,-268,-621,-799,-749,-484,-67,378,723,875,777,451,-2,-461,-800,-920,-787,-435,40,511,853,958,799,420,-67,-541,-873,-954,-777,-402,73,530,839,916,749,388,-75,-514,-797,-861,-694,-351,80,476,738,800,651,331,-62,-426,-674,-742,-609,-325,30,369,606,677,578,343,33,-278,-512,-615,-568,-394,-143,128,352,485,510,434,282,96,-81,-213,-285,0,0,0,0,0,58,172,269,331,337,269,135,-40,-226,-375,-443,-420,-296,-95,136,340,474,496,391,182,-83,-332,-496,-537,-445,-233,47,321,515,578,485,259,-43,-339,-545,-607,-509,-269,56,364,577,640,530,275,-57,-379,-604,-658,-531,-261,73,391,602,641,503,228,-110,-414,-596,-607,-448,-168,150,422,573,562,389,108,-190,-430,-546,-493,-301,-23,250,442,494,402,193,-70,-310,-449,-442,-299,-66,187,381,459,393,205,-46,-292,-456,-476,-347,-111,155,378,503,476,299,25,-263,-472,-543,-464,-256,38,324,513,552,427,172,-136,-409,-567,-552,-376,-94,221,478,596,540,323,4,0,-546,-611,-500,-242,90,398,595,617,457,159,-185,-482,-642,-609,-393,-64,287,560,665,569,311,-40,-386,-627,-686,-532,-217,155,487,676,665,460,113,-268,-568,-697,-628,-371,-1,367,626,700,566,266,-119,-472,-678,-683,-488,-140,249,565,714,644,377,2,-370,-644,-726,-585,-274,116,473,691,704,503,155,-234,-559,-715,-657,-403,-36,338,612,705,579,282,-95,-446,-660,-668,-473,-144,224,528,671,612,369,14,-348,-600,-671,-544,-251,113,439,638,644,448,121,-235,-522,-661,-594,-345,7,354,600,665,533,233,-137,-469,-661,-665,-462,-116,266,567,701,633,383,11,-372,0,0,0,0,0,-573,-246,153,514,735,741,532,171,-238,-579,-752,-712,-468,-94,302,610,742,657,379,0,-374,-631,-703,-570,-277,95,432,628,640,467,159,-189,-473,-612,-565,-347,-33,282,502,567,459,218,-86,-360,-512,-500,-338,-72,216,427,499,422,208,-72,-323,-471,-466,-315,-62,216,428,496,408,197,-79,-335,-492,-502,-349,-77,225,456,553,483,261,-50,-350,-551,-590,-454,-178,159,451,615,595,397,77,-265,-535,-647,-571,-328,19,357,591,647,521,245,-107,-431,-620,-619,-441,-138,204,490,631,584,364,38,-291,-535,-619,-518,-268,57,362,555,585,442,169,-159,-431,-565,-531,0,-47,253,469,548,462,224,-72,-340,-514,-532,-384,-115,189,440,558,504,292,-12,-312,-524,-583,-474,-218,116,426,601,596,424,117,-236,-521,-656,-599,-359,-16,342,606,692,578,289,-94,-457,-684,-721,-547,-199,212,561,763,752,512,116,-316,-665,-832,-766,-474,-34,418,756,893,787,445,-29,-495,-827,-939,-794,-431,59,536,866,958,788,408,-76,-536,-852,-936,-768,-397,76,519,821,896,724,364,-78,-492,-769,-830,-675,-347,66,454,713,775,628,328,-49,-403,-641,-705,-591,-334,-2,328,562,645,572,368,84,-207,-440,-561,-552,-424,-219,17,227,367,423,395,302,170,0,0,0,0,0,-251,-231,-157,-32,122,265,367,408,361,225,31,-181,-363,-469,-468,-351,-144,104,334,486,522,422,208,-64,-327,-508,-556,-464,-248,43,328,529,593,498,263,-45,-345,-560,-627,-519,-270,55,367,585,646,526,267,-62,-381,-595,-644,-518,-249,91,405,600,622,481,209,-122,-415,-581,-581,-417,-138,173,428,559,528,339,63,-221,-434,-520,-452,-248,23,281,441,462,349,132,-123,-340,-451,-417,-253,-9,241,419,465,368,156,-111,-353,-484,-474,-326,-73,207,431,527,469,269,-12,-295,-493,-552,-451,-215,87,370,545,562,413,135,-180,-445,-585,-551,-351,-47,271,513,609,0,288,-39,-357,-577,-628,-491,-206,143,449,624,618,428,114,-237,-523,-654,-589,-351,-5,344,590,671,555,268,-102,-440,-646,-668,-495,-173,208,524,690,650,416,63,-309,-595,-702,-598,-313,70,426,653,693,531,209,-181,-518,-701,-671,-442,-82,307,605,720,619,333,-56,-426,-669,-717,-548,-219,182,524,704,677,454,95,-292,-589,-710,-618,-345,31,396,637,689,531,213,-168,-489,-665,-642,-429,-85,285,564,670,577,312,-47,-398,-625,-659,-499,-195,169,485,653,621,398,63,-296,-565,-662,-560,-290,69,410,631,661,492,176,-200,-524,-688,-647,-418,-64,313,601,717,621,0,0
28700,mtk,MTK 7916,2776231285,rx2-tx1,512,0,0,0,-456,-612,-595,-414,-115,223,499,630,590,383,65,-275,-527,-633,-561,-332,-2,325,560,638,530,271,-56,-373,-588,-625,-473,-191,145,437,608,598,416,114,-218,-480,-617,-578,-368,-43,289,542,647,561,314,-14,-341,-575,-645,-535,-276,62,376,584,625,487,216,-113,-404,-575,-575,-424,-157,152,412,547,525,357,88,-198,-418,-516,-470,-284,-29,218,400,471,397,215,-15,-232,-378,-410,-325,-152,61,244,350,356,251,75,-104,-245,-313,-281,-172,-27,124,241,283,229,112,-26,-159,-237,-244,-184,-69,64,166,210,194,126,21,-84,-156,-178,-149,-73,20,97,143,148,101,0,-62,-115,-136,-121,-68,14,86,134,138,93,20,-50,-108,-133,-117,-67,4,74,119,131,113,62,-6,-76,-122,-128,-103,-63,-2,57,85,79,61,40,7,-18,-32,-23,-17,-9,-1,-9,-29,-50,-60,-46,-12,32,79,125,138,111,51,-36,-128,-182,-198,-173,-99,23,142,225,256,225,134,-2,-144,-253,-301,-268,-161,-11,137,254,315,286,182,26,-135,-259,-311,-287,-185,-30,132,255,312,288,184,36,-124,-249,-319,-296,-193,-47,105,232,298,286,199,65,-85,-207,-279,-276,-203,-83,54,181,256,264,214,128,16,-105,-197,-241,-233,-182,-100,-10,68,120,145,0,0,0,0,0,-93,-136,-159,-152,-114,-46,44,132,196,227,215,152,52,-64,-169,-240,-262,-219,-121,3,133,235,279,257,170,34,-106,-226,-292,-278,-197,-71,79,217,296,291,219,96,-58,-196,-278,-292,-245,-129,22,162,252,272,228,130,7,-113,-204,-236,-206,-127,-23,78,154,185,168,108,29,-42,-93,-122,-112,-74,-25,13,32,38,41,41,32,33,40,47,38,15,-15,-50,-91,-120,-120,-85,-17,70,147,194,192,142,40,-79,-189,-261,-273,-200,-67,91,226,309,312,231,81,-104,-261,-360,-372,-276,-93,115,301,414,413,293,96,-125,-326,-442,-442,-317,-97,155,369,0,449,305,70,-195,-405,-502,-463,-300,-49,223,434,529,474,284,15,-257,-462,-538,-464,-260,16,295,498,558,454,226,-68,-340,-522,-561,-432,-184,112,368,528,541,397,137,-158,-404,-535,-503,-336,-77,208,432,525,475,289,12,-254,-441,-505,-424,-216,43,281,436,460,348,139,-107,-313,-423,-405,-267,-55,165,331,396,341,176,-38,-235,-357,-369,-266,-85,119,282,362,327,184,-22,-212,-334,-356,-268,-92,109,282,374,343,196,-4,-204,-351,-394,-317,-135,96,303,420,416,286,65,-188,-391,-484,-434,-259,-1,266,468,534,447,232,-58,-340,-528,-566,-448,-207,105,397,0,0,0,0,0,416,124,-198,-472,-620,-592,-398,-90,248,517,638,578,358,40,-294,-546,-637,-547,-302,30,352,568,625,505,238,-96,-403,-586,-600,-441,-150,185,470,616,587,384,71,-266,-528,-644,-574,-344,-15,315,559,647,548,288,-48,-369,-592,-642,-511,-244,87,397,587,608,456,177,-141,-406,-559,-554,-390,-122,167,411,536,497,314,60,-210,-416,-490,-428,-257,-14,227,393,438,359,189,-36,-238,-359,-370,-283,-116,78,240,332,322,213,39,-124,-248,-302,-265,-142,15,154,240,264,211,92,-46,-158,-219,-214,-156,-45,79,162,191,168,96,-4,-95,-150,-164,-124,-48,42,115,0,128,80,8,-74,-127,-140,-108,-39,38,98,135,129,83,14,-65,-121,-138,-121,-71,-1,72,127,138,109,53,-13,-71,-97,-102,-86,-47,3,42,65,70,50,22,-3,-17,-12,8,25,22,6,-16,-53,-81,-94,-82,-41,33,99,150,175,141,63,-29,-133,-217,-241,-193,-101,15,138,245,291,258,149,4,-148,-264,-307,-273,-172,-22,133,249,306,289,185,29,-130,-255,-314,-288,-190,-38,126,255,312,287,189,42,-111,-236,-300,-281,-189,-59,88,220,290,281,200,73,-72,-196,-266,-269,-207,-103,26,148,229,253,230,159,55,-52,-141,-192,-205,-179,-124,-60,0,0,0,0,0,81,45,-12,-83,-148,-191,-200,-174,-107,-8,101,191,241,240,191,94,-31,-152,-240,-278,-246,-150,-17,120,232,286,269,186,55,-96,-223,-294,-290,-215,-84,68,205,288,297,229,110,-34,-176,-271,-290,-236,-132,4,139,229,262,227,140,17,-95,-181,-215,-197,-122,-32,51,112,148,138,96,35,-20,-65,-86,-80,-54,-36,-18,-8,-7,-2,17,29,39,53,70,73,47,2,-60,-125,-170,-163,-109,-29,68,164,231,237,176,61,-76,-201,-277,-287,-221,-79,92,238,331,348,262,96,-105,-282,-381,-385,-283,-100,122,313,419,417,303,99,-142,-345,-464,-451,-306,0,162,369,482,464,306,59,-202,-409,-514,-471,-298,-37,238,452,533,466,270,-8,-285,-481,-549,-466,-245,43,322,511,556,445,207,-86,-354,-526,-549,-415,-166,127,388,530,516,360,102,-188,-423,-533,-493,-315,-55,224,438,518,446,256,-9,-271,-449,-494,-398,-185,73,303,438,441,312,92,-146,-333,-417,-377,-223,-8,199,338,380,307,131,-80,-255,-358,-344,-219,-29,166,306,354,292,134,-63,-243,-354,-349,-230,-49,153,312,371,320,168,-47,-256,-387,-409,-306,-105,137,343,449,421,268,32,-225,-428,-513,-444,-240,31,304,500,557,453,216,-83,-364,-544,-576,-445,0,0
28701,mtk,MTK 7916,2776259670,rx0-tx0,512,0,0,0,0,0,0,0,0,0,0,0,0,0,0,0,0,0,0,0,0,0,0,0,0,0,0,0,0,0,0,0,0,0,0,0,0,0,0,0,0,0,0,0,0,0,0,0,0,0,0,0,0,0,0,0,0,0,0,0,0,0,0,0,0,0,0,0,0,0,0,0,0,0,0,0,0,0,0,0,0,0,0,0,0,0,0,0,0,0,0,0,0,0,0,0,0,0,0,0,0,0,0,0,0,0,0,0,0,0,0,0,0,0,0,0,0,0,0,0,0,0,0,0,0,0,0,0,0,0,0,0,0,0,0,0,0,0,0,0,0,0,0,0,0,0,0,0,0,0,0,0,0,0,0,0,0,0,0,0,0,0,0,0,0,0,0,0,0,0,0,0,0,0,0,0,0,0,0,0,0,0,0,0,0,0,0,0,0,0,0,0,0,0,0,0,0,0,0,0,0,0,0,0,0,0,0,0,0,0,0,0,0,0,0,0,0,0,0,0,0,0,0,0,0,0,0,0,0,0,0,0,0,0,0,0,0,0,0,0,0,0,0,0,0,0,0,0,0,0,0,0,0,0,0,0,0,-273,227,480,-202,-122,12,161,292,377,405,385,317,220,102,-34,-166,-290,-393,-463,-501,-496,-450,-371,-252,-113,48,207,363,498,599,657,662,617,520,390,217,26,-169,-353,-516,-644,-738,-781,-761,-698,-594,-450,-273,-69,138,332,515,678,794,867,890,850,769,637,463,243,0,-233,-475,-687,-863,-988,-1052,-1048,-976,-852,-664,-415,-144,138,413,677,902,1064,1161,1180,1137,1009,807,563,275,-28,-326,-618,-851,-1034,-1146,-1175,-1144,-1036,-867,-634,-381,-107,175,429,660,837,952,1012,1024,965,855,703,520,310,84,-129,-332,-510,-666,-783,-858,-884,-870,-817,-720,-576,-411,-229,-23,176,367,-1687,699,805,870,897,875,805,692,539,363,155,-59,-266,-470,-640,-779,-889,-946,-953,-915,-814,-673,-508,-318,-85,162,394,621,805,970,1080,1133,1116,1043,904,703,456,159,-154,-466,-757,-1018,-1216,-1347,-1396,-1349,-1214,-1003,-726,-394,-20,358,722,1039,1292,1466,1535,1506,1383,1162,862,505,102,-301,-673,-1014,-1278,-1443,-1521,-1502,-1381,-1167,-874,-529,-160,225,600,921,1180,1361,1442,1429,1326,1127,843,511,146,-233,-595,-904,-1147,-1305,-1362,-1319,-1175,-946,-645,-306,50,394,692,928,1085,1159,1140,1031,854,613,337,52,-241,-510,-742,-904,-994,-1012,-941,-788,-549,-238,115,468,772,955,968,835,-554,-316,0,0,0,0,0,0,0,0,0,0,0,0,0,0,0,0,0,0,0,0,0,0,0,0,0,0,0,0,0,0,0,0,0,0,0,0,0,0,0,0,0,0,0,0,0,0,0,0,0,0,0,0,0,0,0,0,0,0,0,0,0,0,0,0,0,0,0,0,0,0,0,0,0,0,0,0,0,0,0,0,0,0,0,0,0,0,0,0,0,0,0,0,0,0,0,0,0,0,0,0,0,0,0,0,0,0,0,0,0,0,0,0,0,0,0,0,0,0,0,0,0,0,0,0,0,0,0,0,0,0,0,0,0,0,0,0,0,0,0,0,0,0,0,0,0,0,0,0,0,0,0,0,0,0,0,0,0,0,0,0,0,0,0,0,0,0,0,0,0,0,0,0,0,0,0,0,0,0,0,0,0,0,0,0,0,0,0,0,0,0,0,0,0,0,0,0,0,0,0,0,0,0,0,0,0,0,0,0,0,0,0,0,0,0,0,0,0,0,0,0,0,0,0,0,0,0,0,0,0,0,0,0,0,0,0,0,0,0,0,0,0,0,0,0,0,0,0,0,0,0,0,0,0,0,0,0,-1322,1102,1002,181,283,337,324,249,125,-11,-152,-275,-367,-424,-442,-418,-361,-268,-149,-19,128,265,390,488,555,579,560,494,381,238,66,-116,-296,-452,-586,-681,-726,-722,-661,-555,-406,-228,-24,180,369,536,675,771,820,810,757,670,529,353,150,-70,-292,-487,-671,-826,-934,-974,-954,-876,-740,-561,-336,-87,184,442,682,899,1053,1125,1129,1065,933,744,495,218,-80,-372,-654,-886,-1068,-1177,-1201,-1158,-1032,-840,-603,-321,-29,262,539,779,960,1074,1130,1105,1016,869,666,437,202,-51,-299,-509,-685,-815,-908,-946,-930,-864,-759,-611,-438,-251,-48,149,342,518,669,772,853,882,859,804,-175,552,373,187,-15,-219,-411,-588,-734,-843,-910,-914,-886,-806,-675,-515,-324,-105,108,328,530,702,839,947,1019,1018,970,859,702,504,265,2,-273,-536,-788,-993,-1150,-1245,-1263,-1208,-1079,-873,-599,-285,64,413,739,1027,1266,1424,1490,1456,1324,1102,810,458,67,-327,-701,-1033,-1293,-1478,-1559,-1524,-1395,-1179,-874,-516,-134,261,635,960,1228,1399,1484,1471,1351,1148,876,535,167,-203,-561,-890,-1154,-1326,-1410,-1399,-1275,-1056,-774,-430,-67,297,638,926,1137,1252,1272,1190,1019,779,488,173,-153,-450,-702,-897,-1011,-1054,-1022,-907,-724,-477,-203,95,394,664,883,1021,1042,940,698,346,-53,-364,962,1070
28702,mtk,MTK 7916,2776259670,rx0-tx1,512,0,0,0,0,0,0,0,0,0,0,0,0,0,0,0,0,0,0,0,0,0,0,0,0,0,0,0,0,0,0,0,0,0,0,0,0,0,0,0,0,0,0,0,0,0,0,0,0,0,0,0,0,0,0,0,0,0,0,0,0,0,0,0,0,0,0,0,0,0,0,0,0,0,0,0,0,0,0,0,0,0,0,0,0,0,0,0,0,0,0,0,0,0,0,0,0,0,0,0,0,0,0,0,0,0,0,0,0,0,0,0,0,0,0,0,0,0,0,0,0,0,0,0,0,0,0,0,0,0,0,0,0,0,0,0,0,0,0,0,0,0,0,0,0,0,0,0,0,0,0,0,0,0,0,0,0,0,0,0,0,0,0,0,0,0,0,0,0,0,0,0,0,0,0,0,0,0,0,0,0,0,0,0,0,0,0,0,0,0,0,0,0,0,0,0,0,0,0,0,0,0,0,0,0,0,0,0,0,0,0,0,0,0,0,0,0,0,0,0,0,0,0,0,0,0,0,0,0,0,0,0,0,0,0,0,0,0,0,0,0,0,0,0,0,0,0,0,0,0,0,0,0,0,0,0,0,-730,288,398,9,-109,-236,-325,-355,-327,-246,-128,1,128,250,348,417,454,448,402,329,221,80,-74,-232,-378,-502,-589,-636,-627,-574,-472,-323,-143,54,252,446,614,742,810,829,789,686,529,336,118,-118,-356,-574,-767,-904,-975,-995,-949,-827,-656,-435,-176,88,360,615,830,998,1101,1131,1091,990,826,597,326,44,-251,-543,-812,-1015,-1166,-1242,-1245,-1167,-1021,-815,-541,-249,79,404,702,963,1161,1297,1357,1322,1211,1018,771,473,130,-208,-542,-842,-1103,-1280,-1385,-1406,-1330,-1172,-961,-681,-348,-6,339,662,945,1169,1321,1386,1371,1272,1098,864,567,256,-76,-403,-709,-959,-1161,-1292,-1341,-1325,-546,-1046,-800,-528,-230,85,398,685,926,1124,1262,1317,1304,1213,1059,839,569,266,-52,-373,-677,-940,-1158,-1315,-1395,-1380,-1286,-1116,-872,-573,-243,109,452,771,1053,1260,1394,1437,1392,1253,1051,782,458,114,-231,-564,-854,-1095,-1274,-1363,-1372,-1290,-1136,-918,-652,-351,-23,295,595,857,1064,1210,1275,1270,1198,1046,828,563,265,-48,-369,-661,-913,-1108,-1235,-1283,-1241,-1119,-932,-672,-364,-37,296,607,881,1087,1215,1260,1206,1068,852,572,265,-66,-389,-676,-906,-1055,-1123,-1105,-1003,-820,-582,-305,-14,262,514,714,846,919,922,846,707,520,288,29,-232,-484,-699,-846,-901,-849,-670,-386,-46,237,-133,0,0,0,0,0,0,0,0,0,0,0,0,0,0,0,0,0,0,0,0,0,0,0,0,0,0,0,0,0,0,0,0,0,0,0,0,0,0,0,0,0,0,0,0,0,0,0,0,0,0,0,0,0,0,0,0,0,0,0,0,0,0,0,0,0,0,0,0,0,0,0,0,0,0,0,0,0,0,0,0,0,0,0,0,0,0,0,0,0,0,0,0,0,0,0,0,0,0,0,0,0,0,0,0,0,0,0,0,0,0,0,0,0,0,0,0,0,0,0,0,0,0,0,0,0,0,0,0,0,0,0,0,0,0,0,0,0,0,0,0,0,0,0,0,0,0,0,0,0,0,0,0,0,0,0,0,0,0,0,0,0,0,0,0,0,0,0,0,0,0,0,0,0,0,0,0,0,0,0,0,0,0,0,0,0,0,0,0,0,0,0,0,0,0,0,0,0,0,0,0,0,0,0,0,0,0,0,0,0,0,0,0,0,0,0,0,0,0,0,0,0,0,0,0,0,0,0,0,0,0,0,0,0,0,0,0,0,0,0,0,0,0,0,0,0,0,0,0,0,0,0,0,0,0,0,0,0,-128,498,415,-240,-257,-206,-97,39,179,294,369,396,387,339,249,141,9,-131,-258,-372,-468,-526,-542,-512,-445,-332,-187,-15,169,343,506,632,710,734,710,633,502,323,118,-100,-321,-529,-703,-828,-901,-911,-858,-751,-594,-376,-135,117,376,609,806,957,1047,1068,1026,914,737,513,245,-40,-318,-585,-825,-1021,-1137,-1186,-1176,-1094,-928,-702,-429,-131,184,485,758,996,1166,1272,1312,1251,1122,913,653,358,20,-316,-636,-919,-1133,-1302,-1380,-1373,-1283,-1114,-871,-574,-252,108,453,761,1019,1234,1362,1402,1359,1233,1031,770,460,123,-211,-539,-831,-1076,-1248,-1341,-1362,-1298,-1158,-949,-695,-390,-71,249,1197,836,1058,1211,1303,1325,1263,1128,931,689,399,90,-224,-527,-797,-1035,-1210,-1319,-1348,-1302,-1174,-984,-744,-449,-113,238,562,863,1112,1296,1408,1431,1357,1208,977,692,361,8,-349,-678,-964,-1196,-1348,-1413,-1393,-1290,-1102,-861,-561,-234,110,437,735,985,1170,1287,1321,1280,1168,984,742,458,151,-156,-461,-748,-978,-1147,-1247,-1275,-1229,-1093,-893,-636,-339,-14,315,616,883,1096,1229,1278,1240,1119,920,652,340,2,-331,-638,-899,-1083,-1189,-1209,-1130,-970,-735,-447,-135,176,464,707,887,1001,1025,975,848,655,428,180,-84,-336,-554,-725,-844,-888,-856,-751,-563,-305,-6,308,590,772,819,734,515,558
28703,mtk,MTK 7916,2776259670,rx1-tx0,512,0,0,0,0,0,0,0,0,0,0,0,0,0,0,0,0,0,0,0,0,0,0,0,0,0,0,0,0,0,0,0,0,0,0,0,0,0,0,0,0,0,0,0,0,0,0,0,0,0,0,0,0,0,0,0,0,0,0,0,0,0,0,0,0,0,0,0,0,0,0,0,0,0,0,0,0,0,0,0,0,0,0,0,0,0,0,0,0,0,0,0,0,0,0,0,0,0,0,0,0,0,0,0,0,0,0,0,0,0,0,0,0,0,0,0,0,0,0,0,0,0,0,0,0,0,0,0,0,0,0,0,0,0,0,0,0,0,0,0,0,0,0,0,0,0,0,0,0,0,0,0,0,0,0,0,0,0,0,0,0,0,0,0,0,0,0,0,0,0,0,0,0,0,0,0,0,0,0,0,0,0,0,0,0,0,0,0,0,0,0,0,0,0,0,0,0,0,0,0,0,0,0,0,0,0,0,0,0,0,0,0,0,0,0,0,0,0,0,0,0,0,0,0,0,0,0,0,0,0,0,0,0,0,0,0,0,0,0,0,0,0,0,0,0,0,0,0,0,0,0,0,0,0,0,0,0,146,-62,-319,163,178,157,92,5,-89,-171,-227,-249,-242,-209,-147,-64,15,100,183,247,285,297,281,235,170,87,-8,-109,-192,-258,-307,-320,-317,-276,-208,-136,-54,41,119,181,234,268,266,250,226,181,118,55,2,-46,-101,-151,-163,-167,-171,-159,-136,-111,-91,-66,-45,-16,9,32,41,41,55,66,71,87,105,119,133,141,146,144,127,108,68,21,-31,-96,-158,-223,-281,-321,-341,-336,-297,-228,-137,-36,77,190,300,391,445,484,478,430,357,253,124,-17,-146,-260,-373,-467,-523,-525,-498,-442,-354,-233,-106,30,166,290,395,475,518,541,514,449,362,256,130,-6,-144,-281,-392,-475,-521,-542,-517,-461,-378,-270,-135,2,132,257,368,459,503,515,501,448,367,266,150,20,-104,-216,-324,-405,-446,-465,-451,-416,-354,-271,-165,-55,53,164,252,329,382,411,420,401,351,276,195,106,-2,-105,-196,-263,-329,-368,-374,-361,-323,-271,-203,-119,-29,61,142,211,264,307,319,311,283,246,200,135,62,-14,-86,-150,-204,-242,-274,-285,-275,-255,-222,-168,-97,-20,51,129,199,249,289,308,296,274,230,158,65,-22,-106,-187,-253,-299,-320,-312,-272,-206,-125,-29,64,146,222,279,301,293,262,203,121,21,-72,-166,-242,-287,-283,-223,-136,-45,576,390,0,0,0,0,0,0,0,0,0,0,0,0,0,0,0,0,0,0,0,0,0,0,0,0,0,0,0,0,0,0,0,0,0,0,0,0,0,0,0,0,0,0,0,0,0,0,0,0,0,0,0,0,0,0,0,0,0,0,0,0,0,0,0,0,0,0,0,0,0,0,0,0,0,0,0,0,0,0,0,0,0,0,0,0,0,0,0,0,0,0,0,0,0,0,0,0,0,0,0,0,0,0,0,0,0,0,0,0,0,0,0,0,0,0,0,0,0,0,0,0,0,0,0,0,0,0,0,0,0,0,0,0,0,0,0,0,0,0,0,0,0,0,0,0,0,0,0,0,0,0,0,0,0,0,0,0,0,0,0,0,0,0,0,0,0,0,0,0,0,0,0,0,0,0,0,0,0,0,0,0,0,0,0,0,0,0,0,0,0,0,0,0,0,0,0,0,0,0,0,0,0,0,0,0,0,0,0,0,0,0,0,0,0,0,0,0,0,0,0,0,0,0,0,0,0,0,0,0,0,0,0,0,0,0,0,0,0,0,0,0,0,0,0,0,0,0,0,0,0,0,0,0,0,0,0,0,206,-941,-901,40,-39,-129,-200,-231,-222,-176,-98,-8,78,154,222,263,273,263,217,152,69,-17,-109,-192,-258,-304,-323,-304,-257,-194,-108,-15,81,170,235,282,307,305,268,224,166,82,0,-64,-128,-186,-223,-234,-226,-211,-186,-142,-91,-59,-10,34,69,90,107,119,115,112,109,101,88,84,73,62,59,58,41,29,7,-21,-51,-93,-133,-165,-205,-222,-237,-236,-216,-185,-125,-46,45,143,232,312,368,406,417,391,338,245,138,17,-120,-240,-346,-434,-495,-515,-489,-435,-356,-243,-110,29,163,290,400,474,517,530,506,446,353,242,115,-20,-165,-289,-390,-472,-524,-540,147,-461,-370,-254,-133,0,145,272,382,468,526,536,516,463,376,261,132,3,-126,-251,-349,-424,-469,-490,-475,-437,-369,-261,-150,-34,86,190,288,365,421,443,441,402,343,268,172,77,-29,-132,-223,-300,-346,-389,-402,-384,-335,-276,-203,-105,-8,84,167,237,299,335,355,345,312,259,197,118,32,-46,-119,-175,-229,-274,-297,-300,-282,-247,-196,-138,-77,-2,63,121,186,239,277,287,284,268,223,158,90,9,-69,-139,-218,-282,-313,-318,-298,-257,-189,-105,-14,84,168,235,287,316,307,277,220,132,37,-55,-141,-214,-274,-296,-285,-244,-167,-66,53,150,211,232,-712,-843
28704,mtk,MTK 7916,2776259670,rx1-tx1,512,0,0,0,0,0,0,0,0,0,0,0,0,0,0,0,0,0,0,0,0,0,0,0,0,0,0,0,0,0,0,0,0,0,0,0,0,0,0,0,0,0,0,0,0,0,0,0,0,0,0,0,0,0,0,0,0,0,0,0,0,0,0,0,0,0,0,0,0,0,0,0,0,0,0,0,0,0,0,0,0,0,0,0,0,0,0,0,0,0,0,0,0,0,0,0,0,0,0,0,0,0,0,0,0,0,0,0,0,0,0,0,0,0,0,0,0,0,0,0,0,0,0,0,0,0,0,0,0,0,0,0,0,0,0,0,0,0,0,0,0,0,0,0,0,0,0,0,0,0,0,0,0,0,0,0,0,0,0,0,0,0,0,0,0,0,0,0,0,0,0,0,0,0,0,0,0,0,0,0,0,0,0,0,0,0,0,0,0,0,0,0,0,0,0,0,0,0,0,0,0,0,0,0,0,0,0,0,0,0,0,0,0,0,0,0,0,0,0,0,0,0,0,0,0,0,0,0,0,0,0,0,0,0,0,0,0,0,0,0,0,0,0,0,0,0,0,0,0,0,0,0,0,0,0,0,0,-411,399,297,21,28,27,22,18,8,-7,-17,-28,-35,-36,-32,-27,-12,8,25,36,43,39,26,7,-14,-33,-48,-54,-49,-35,-10,18,39,56,62,53,28,-3,-34,-52,-68,-70,-54,-20,23,55,69,75,60,33,2,-32,-63,-74,-64,-36,-7,27,57,67,62,40,-4,-45,-60,-62,-56,-30,4,36,61,74,65,31,-12,-49,-71,-79,-60,-27,18,60,89,88,66,25,-27,-75,-94,-90,-64,-22,31,75,103,105,74,14,-50,-100,-121,-106,-65,-9,54,107,134,124,84,12,-69,-132,-161,-154,-103,-21,71,145,180,166,111,35,-63,-150,-196,-198,-151,-55,0,144,206,225,186,96,-15,-117,-194,-228,-212,-143,-43,71,158,205,209,162,71,-25,-107,-170,-196,-177,-118,-33,48,111,150,153,126,79,21,-38,-85,-111,-113,-100,-72,-32,11,53,88,101,100,86,58,8,-48,-96,-128,-134,-115,-73,-4,69,131,174,171,124,51,-41,-131,-197,-216,-182,-98,14,126,211,251,234,152,24,-113,-231,-294,-293,-221,-92,61,204,307,346,292,161,-1,-162,-293,-357,-339,-242,-89,83,236,337,359,301,177,13,-148,-271,-331,-314,-230,-95,57,192,274,294,245,137,-2,-138,-239,-285,-272,-206,-93,46,172,261,304,300,249,153,474,485,0,0,0,0,0,0,0,0,0,0,0,0,0,0,0,0,0,0,0,0,0,0,0,0,0,0,0,0,0,0,0,0,0,0,0,0,0,0,0,0,0,0,0,0,0,0,0,0,0,0,0,0,0,0,0,0,0,0,0,0,0,0,0,0,0,0,0,0,0,0,0,0,0,0,0,0,0,0,0,0,0,0,0,0,0,0,0,0,0,0,0,0,0,0,0,0,0,0,0,0,0,0,0,0,0,0,0,0,0,0,0,0,0,0,0,0,0,0,0,0,0,0,0,0,0,0,0,0,0,0,0,0,0,0,0,0,0,0,0,0,0,0,0,0,0,0,0,0,0,0,0,0,0,0,0,0,0,0,0,0,0,0,0,0,0,0,0,0,0,0,0,0,0,0,0,0,0,0,0,0,0,0,0,0,0,0,0,0,0,0,0,0,0,0,0,0,0,0,0,0,0,0,0,0,0,0,0,0,0,0,0,0,0,0,0,0,0,0,0,0,0,0,0,0,0,0,0,0,0,0,0,0,0,0,0,0,0,0,0,0,0,0,0,0,0,0,0,0,0,0,0,0,0,0,0,0,-92,-333,-441,-2,6,15,23,28,32,34,31,23,12,-4,-19,-31,-39,-39,-30,-18,-3,20,38,48,46,36,19,-4,-31,-52,-58,-58,-47,-19,13,40,56,62,55,34,5,-24,-54,-75,-81,-64,-27,11,46,71,77,66,39,-2,-37,-63,-75,-66,-41,-11,25,54,67,56,34,2,-33,-60,-68,-54,-31,8,42,65,74,60,23,-19,-52,-74,-85,-71,-27,26,68,90,89,65,28,-25,-73,-102,-103,-71,-18,39,89,116,109,71,17,-45,-97,-133,-128,-84,-9,61,117,142,138,91,13,-71,-138,-172,-164,-106,-23,70,155,198,186,128,41,-62,-156,-212,0,-170,-78,33,131,196,222,197,118,8,-94,-177,-223,-213,-157,-65,44,143,202,207,166,101,17,-75,-144,-171,-164,-123,-59,16,77,120,138,129,98,53,2,-47,-89,-115,-110,-85,-55,-17,24,63,98,118,116,92,43,-21,-84,-131,-159,-148,-96,-25,53,134,181,185,145,69,-31,-132,-205,-227,-193,-117,-8,120,227,275,262,184,51,-92,-218,-305,-314,-247,-128,25,179,301,353,315,197,39,-129,-274,-356,-357,-274,-135,38,199,312,350,310,205,55,-103,-231,-298,-297,-231,-117,27,164,259,290,258,167,40,-96,-212,-282,-296,-253,-163,-51,62,155,228,85,-57
28705,mtk,MTK 7916,2776259670,rx2-tx0,512,0,0,0,0,0,0,0,0,0,0,0,0,0,0,0,0,0,0,0,0,0,0,0,0,0,0,0,0,0,0,0,0,0,0,0,0,0,0,0,0,0,0,0,0,0,0,0,0,0,0,0,0,0,0,0,0,0,0,0,0,0,0,0,0,0,0,0,0,0,0,0,0,0,0,0,0,0,0,0,0,0,0,0,0,0,0,0,0,0,0,0,0,0,0,0,0,0,0,0,0,0,0,0,0,0,0,0,0,0,0,0,0,0,0,0,0,0,0,0,0,0,0,0,0,0,0,0,0,0,0,0,0,0,0,0,0,0,0,0,0,0,0,0,0,0,0,0,0,0,0,0,0,0,0,0,0,0,0,0,0,0,0,0,0,0,0,0,0,0,0,0,0,0,0,0,0,0,0,0,0,0,0,0,0,0,0,0,0,0,0,0,0,0,0,0,0,0,0,0,0,0,0,0,0,0,0,0,0,0,0,0,0,0,0,0,0,0,0,0,0,0,0,0,0,0,0,0,0,0,0,0,0,0,0,0,0,0,0,0,0,0,0,0,0,0,0,0,0,0,0,0,0,0,0,0,0,-136,125,-65,39,26,8,-17,-41,-62,-77,-81,-74,-55,-24,14,51,79,98,100,79,37,-15,-68,-112,-134,-135,-105,-45,27,98,155,186,181,132,51,-46,-145,-214,-235,-207,-136,-26,94,199,267,275,214,107,-30,-167,-267,-306,-272,-171,-22,139,263,326,314,219,68,-102,-255,-337,-337,-256,-110,75,240,347,366,293,139,-57,-247,-376,-404,-330,-173,39,251,404,446,378,213,-14,-240,-406,-478,-434,-272,-37,209,405,502,472,323,98,-155,-370,-493,-492,-365,-146,109,331,467,487,385,186,-54,-281,-432,-465,-378,-194,37,254,401,450,377,205,-13,-225,-381,-434,-371,-217,0,206,362,423,372,225,21,-191,-354,-423,-384,-245,-46,165,338,428,407,282,86,-131,-314,-424,-428,-326,-146,69,274,412,453,382,220,5,-213,-382,-458,-432,-305,-104,117,311,434,460,383,221,3,-212,-374,-450,-431,-315,-128,88,279,404,437,374,228,33,-164,-319,-397,-386,-285,-122,62,230,348,375,315,187,20,-151,-285,-347,-323,-222,-73,88,231,318,318,239,113,-39,-184,-285,-317,-267,-150,0,153,270,323,298,199,52,-107,-239,-318,-326,-261,-136,21,171,282,332,309,213,73,-81,-218,-312,-339,-294,-187,-46,98,228,322,353,323,240,129,8,-98,-197,559,436,0,0,0,0,0,0,0,0,0,0,0,0,0,0,0,0,0,0,0,0,0,0,0,0,0,0,0,0,0,0,0,0,0,0,0,0,0,0,0,0,0,0,0,0,0,0,0,0,0,0,0,0,0,0,0,0,0,0,0,0,0,0,0,0,0,0,0,0,0,0,0,0,0,0,0,0,0,0,0,0,0,0,0,0,0,0,0,0,0,0,0,0,0,0,0,0,0,0,0,0,0,0,0,0,0,0,0,0,0,0,0,0,0,0,0,0,0,0,0,0,0,0,0,0,0,0,0,0,0,0,0,0,0,0,0,0,0,0,0,0,0,0,0,0,0,0,0,0,0,0,0,0,0,0,0,0,0,0,0,0,0,0,0,0,0,0,0,0,0,0,0,0,0,0,0,0,0,0,0,0,0,0,0,0,0,0,0,0,0,0,0,0,0,0,0,0,0,0,0,0,0,0,0,0,0,0,0,0,0,0,0,0,0,0,0,0,0,0,0,0,0,0,0,0,0,0,0,0,0,0,0,0,0,0,0,0,0,0,0,0,0,0,0,0,0,0,0,0,0,0,0,0,0,0,0,0,1335,-690,-712,49,56,67,74,67,49,23,-9,-42,-67,-85,-91,-83,-54,-13,35,77,108,122,111,74,21,-47,-110,-149,-161,-144,-94,-12,76,150,201,211,173,95,-9,-114,-208,-258,-247,-176,-60,69,181,268,297,249,142,-3,-154,-265,-316,-293,-193,-43,120,260,337,325,233,86,-88,-245,-345,-357,-279,-128,62,241,361,390,315,152,-52,-246,-381,-423,-352,-187,31,243,405,466,405,237,11,-227,-413,-499,-458,-300,-64,186,386,497,486,348,120,-130,-346,-474,-486,-376,-169,83,306,445,475,384,192,-47,-274,-421,-456,-380,-208,19,236,390,435,370,210,-9,-222,-369,0,-370,-215,-5,199,357,423,377,235,32,-185,-357,-433,-395,-263,-67,148,325,423,414,303,117,-100,-297,-419,-439,-356,-185,36,249,400,462,410,262,53,-167,-350,-457,-455,-343,-155,60,262,406,457,406,264,63,-147,-326,-433,-437,-345,-180,24,216,356,421,387,260,82,-112,-276,-374,-385,-312,-163,20,194,315,359,320,208,48,-122,-262,-335,-324,-236,-94,67,210,303,322,257,128,-26,-173,-282,-320,-282,-178,-30,125,255,326,316,235,100,-63,-207,-305,-335,-287,-177,-27,130,254,322,322,255,132,-23,-170,-279,-337,-330,-260,-141,4,141,253,323,335,302,231,-417,-536
28706,mtk,MTK 7916,2776259670,rx2-tx1,512,0,0,0,0,0,0,0,0,0,0,0,0,0,0,0,0,0,0,0,0,0,0,0,0,0,0,0,0,0,0,0,0,0,0,0,0,0,0,0,0,0,0,0,0,0,0,0,0,0,0,0,0,0,0,0,0,0,0,0,0,0,0,0,0,0,0,0,0,0,0,0,0,0,0,0,0,0,0,0,0,0,0,0,0,0,0,0,0,0,0,0,0,0,0,0,0,0,0,0,0,0,0,0,0,0,0,0,0,0,0,0,0,0,0,0,0,0,0,0,0,0,0,0,0,0,0,0,0,0,0,0,0,0,0,0,0,0,0,0,0,0,0,0,0,0,0,0,0,0,0,0,0,0,0,0,0,0,0,0,0,0,0,0,0,0,0,0,0,0,0,0,0,0,0,0,0,0,0,0,0,0,0,0,0,0,0,0,0,0,0,0,0,0,0,0,0,0,0,0,0,0,0,0,0,0,0,0,0,0,0,0,0,0,0,0,0,0,0,0,0,0,0,0,0,0,0,0,0,0,0,0,0,0,0,0,0,0,0,0,0,0,0,0,0,0,0,0,0,0,0,0,0,0,0,0,0,236,-31,-118,34,26,11,-13,-43,-63,-75,-81,-71,-51,-14,30,61,70,69,56,27,-16,-51,-71,-71,-52,-16,17,49,70,74,57,20,-22,-67,-92,-94,-69,-21,31,81,106,104,79,27,-44,-105,-128,-124,-85,-15,72,142,173,166,104,2,-101,-179,-216,-199,-125,-6,119,210,252,242,160,29,-117,-241,-310,-301,-208,-47,125,271,346,337,240,78,-118,-285,-377,-382,-295,-111,104,293,406,428,329,152,-70,-278,-417,-450,-364,-187,44,251,400,452,389,214,-1,-211,-373,-437,-383,-230,-21,182,333,397,356,212,25,-161,-301,-367,-323,-194,-17,153,271,318,278,156,0,-161,-268,-300,-242,-116,37,186,282,300,231,89,-77,-215,-295,-300,-217,-68,97,232,306,301,213,56,-118,-258,-327,-323,-227,-74,92,240,326,323,232,82,-89,-235,-315,-312,-232,-92,70,204,285,288,212,85,-56,-182,-250,-250,-190,-79,43,152,217,220,161,61,-47,-133,-182,-177,-121,-36,61,139,171,149,83,-1,-81,-140,-157,-132,-71,12,94,146,153,124,65,-15,-89,-139,-153,-121,-60,9,76,121,133,109,65,4,-65,-115,-125,-99,-58,-6,46,88,107,93,57,7,-39,-75,-85,-74,-43,2,50,81,97,97,68,18,-37,-84,-113,-118,-108,-84,272,170,0,0,0,0,0,0,0,0,0,0,0,0,0,0,0,0,0,0,0,0,0,0,0,0,0,0,0,0,0,0,0,0,0,0,0,0,0,0,0,0,0,0,0,0,0,0,0,0,0,0,0,0,0,0,0,0,0,0,0,0,0,0,0,0,0,0,0,0,0,0,0,0,0,0,0,0,0,0,0,0,0,0,0,0,0,0,0,0,0,0,0,0,0,0,0,0,0,0,0,0,0,0,0,0,0,0,0,0,0,0,0,0,0,0,0,0,0,0,0,0,0,0,0,0,0,0,0,0,0,0,0,0,0,0,0,0,0,0,0,0,0,0,0,0,0,0,0,0,0,0,0,0,0,0,0,0,0,0,0,0,0,0,0,0,0,0,0,0,0,0,0,0,0,0,0,0,0,0,0,0,0,0,0,0,0,0,0,0,0,0,0,0,0,0,0,0,0,0,0,0,0,0,0,0,0,0,0,0,0,0,0,0,0,0,0,0,0,0,0,0,0,0,0,0,0,0,0,0,0,0,0,0,0,0,0,0,0,0,0,0,0,0,0,0,0,0,0,0,0,0,0,0,0,0,0,0,-351,-431,-420,47,60,73,80,68,43,16,-10,-40,-67,-82,-75,-47,-16,19,50,73,77,58,24,-15,-49,-73,-75,-56,-27,11,49,79,86,64,22,-23,-69,-96,-95,-69,-18,40,85,109,110,77,15,-62,-123,-147,-136,-88,-6,87,158,193,178,119,16,-97,-190,-238,-219,-134,-20,110,221,276,258,170,34,-121,-260,-334,-319,-221,-61,118,271,369,360,254,85,-108,-284,-393,-400,-309,-135,83,280,413,439,346,166,-60,-274,-418,-450,-374,-208,11,230,383,436,385,234,14,-199,-351,-412,-373,-233,-37,171,322,379,339,218,35,-157,-295,-346,-302,-179,-7,153,266,0,261,139,-24,-175,-270,-298,-241,-112,51,203,295,307,223,76,-90,-230,-308,-304,-214,-64,103,240,319,317,226,63,-115,-261,-335,-325,-233,-79,102,248,326,322,233,85,-80,-221,-298,-298,-216,-81,68,195,266,270,205,85,-49,-163,-229,-229,-170,-68,50,152,199,191,129,38,-56,-128,-173,-165,-98,-7,73,128,155,139,74,-9,-81,-138,-159,-132,-63,16,85,141,157,125,59,-10,-73,-123,-140,-117,-65,0,68,118,132,104,53,-3,-54,-98,-120,-101,-59,-6,45,80,98,86,51,3,-45,-78,-93,-81,-43,0,46,87,105,101,80,46,-1,-44,-80,-348,-408
28707,mtk,MTK 7916,2776314593,rx0-tx0,512,0,0,0,0,0,0,0,0,0,0,0,0,0,0,0,0,0,0,0,0,0,0,0,0,0,0,0,0,0,0,0,0,0,0,0,0,0,0,0,0,0,0,0,0,0,0,0,0,0,0,0,0,0,0,0,0,0,0,0,0,0,0,0,0,0,0,0,0,0,0,0,0,0,0,0,0,0,0,0,0,0,0,0,0,0,0,0,0,0,0,0,0,0,0,0,0,0,0,0,0,0,0,0,0,0,0,0,0,0,0,0,0,0,0,0,0,0,0,0,0,0,0,0,0,0,0,0,0,0,0,0,0,0,0,0,0,0,0,0,0,0,0,0,0,0,0,0,0,0,0,0,0,0,0,0,0,0,0,0,0,0,0,0,0,0,0,0,0,0,0,0,0,0,0,0,0,0,0,0,0,0,0,0,0,0,0,0,0,0,0,0,0,0,0,0,0,0,0,0,0,0,0,0,0,0,0,0,0,0,0,0,0,0,0,0,0,0,0,0,0,0,0,0,0,0,0,0,0,0,0,0,0,0,0,0,0,0,0,0,0,0,0,0,0,0,0,0,0,0,0,0,0,0,0,0,0,-273,786,889,119,11,-130,-259,-348,-376,-348,-274,-163,-35,98,228,336,418,466,472,437,362,249,104,-52,-213,-372,-502,-599,-650,-644,-579,-466,-300,-101,102,301,491,646,742,783,765,689,553,374,173,-40,-256,-455,-631,-758,-824,-848,-820,-732,-581,-388,-179,39,269,481,663,806,899,933,897,806,656,461,234,-10,-252,-489,-695,-856,-960,-996,-970,-878,-724,-528,-295,-44,224,476,688,848,955,1008,985,897,757,559,336,89,-154,-381,-593,-753,-866,-918,-924,-868,-754,-603,-418,-214,0,211,407,574,714,803,847,839,788,692,551,384,189,-10,-213,-395,-566,-705,-801,-844,-836,-791,-1687,-553,-367,-165,42,242,435,599,728,817,857,846,788,682,535,365,170,-41,-239,-434,-601,-739,-845,-899,-913,-869,-773,-634,-452,-226,7,255,496,711,896,1032,1112,1110,1028,895,696,428,129,-186,-491,-773,-1013,-1182,-1279,-1286,-1201,-1034,-796,-490,-155,195,532,834,1083,1256,1343,1327,1224,1045,786,472,133,-216,-545,-841,-1071,-1230,-1309,-1294,-1185,-1001,-746,-444,-113,242,572,861,1094,1244,1305,1269,1142,923,633,298,-66,-424,-744,-1008,-1189,-1273,-1247,-1122,-900,-615,-286,60,403,705,935,1078,1126,1084,950,742,474,176,-139,-444,-708,-912,-1024,-1044,-961,-763,-453,-72,331,672,882,916,356,515,0,0,0,0,0,0,0,0,0,0,0,0,0,0,0,0,0,0,0,0,0,0,0,0,0,0,0,0,0,0,0,0,0,0,0,0,0,0,0,0,0,0,0,0,0,0,0,0,0,0,0,0,0,0,0,0,0,0,0,0,0,0,0,0,0,0,0,0,0,0,0,0,0,0,0,0,0,0,0,0,0,0,0,0,0,0,0,0,0,0,0,0,0,0,0,0,0,0,0,0,0,0,0,0,0,0,0,0,0,0,0,0,0,0,0,0,0,0,0,0,0,0,0,0,0,0,0,0,0,0,0,0,0,0,0,0,0,0,0,0,0,0,0,0,0,0,0,0,0,0,0,0,0,0,0,0,0,0,0,0,0,0,0,0,0,0,0,0,0,0,0,0,0,0,0,0,0,0,0,0,0,0,0,0,0,0,0,0,0,0,0,0,0,0,0,0,0,0,0,0,0,0,0,0,0,0,0,0,0,0,0,0,0,0,0,0,0,0,0,0,0,0,0,0,0,0,0,0,0,0,0,0,0,0,0,0,0,0,0,0,0,0,0,0,0,0,0,0,0,0,0,0,0,0,0,0,-1322,786,660,-227,-291,-293,-228,-111,30,166,284,366,409,408,364,286,178,48,-91,-228,-357,-460,-530,-548,-530,-461,-346,-195,-13,180,364,525,658,720,728,681,580,421,230,14,-203,-411,-590,-717,-793,-820,-783,-695,-552,-362,-156,56,272,477,657,786,857,884,854,764,620,432,210,-29,-265,-490,-685,-836,-926,-956,-934,-845,-697,-497,-264,-13,242,487,695,857,959,1009,993,900,744,541,310,60,-198,-439,-650,-814,-918,-970,-960,-895,-762,-581,-366,-139,90,317,512,673,789,859,883,850,764,639,479,289,90,-115,-307,-486,-637,-751,-822,-842,-811,-736,-626,-473,-289,-83,122,321,-175,665,777,842,855,822,740,612,449,261,57,-146,-345,-528,-673,-778,-849,-864,-836,-765,-641,-491,-309,-106,109,335,539,713,861,957,1002,995,912,777,586,354,85,-210,-483,-730,-951,-1115,-1200,-1208,-1137,-988,-761,-475,-158,183,514,810,1059,1239,1324,1324,1225,1050,798,496,150,-207,-544,-842,-1087,-1252,-1331,-1317,-1212,-1025,-768,-467,-126,222,550,838,1072,1225,1302,1282,1168,980,719,399,48,-305,-640,-932,-1141,-1269,-1300,-1223,-1060,-809,-493,-135,231,573,861,1072,1189,1207,1126,948,696,392,65,-262,-557,-798,-964,-1047,-1048,-953,-778,-526,-221,111,448,753,972,1065,1000,770,415,58,1066,995
28708,mtk,MTK 7916,2776314593,rx0-tx1,512,0,0,0,0,0,0,0,0,0,0,0,0,0,0,0,0,0,0,0,0,0,0,0,0,0,0,0,0,0,0,0,0,0,0,0,0,0,0,0,0,0,0,0,0,0,0,0,0,0,0,0,0,0,0,0,0,0,0,0,0,0,0,0,0,0,0,0,0,0,0,0,0,0,0,0,0,0,0,0,0,0,0,0,0,0,0,0,0,0,0,0,0,0,0,0,0,0,0,0,0,0,0,0,0,0,0,0,0,0,0,0,0,0,0,0,0,0,0,0,0,0,0,0,0,0,0,0,0,0,0,0,0,0,0,0,0,0,0,0,0,0,0,0,0,0,0,0,0,0,0,0,0,0,0,0,0,0,0,0,0,0,0,0,0,0,0,0,0,0,0,0,0,0,0,0,0,0,0,0,0,0,0,0,0,0,0,0,0,0,0,0,0,0,0,0,0,0,0,0,0,0,0,0,0,0,0,0,0,0,0,0,0,0,0,0,0,0,0,0,0,0,0,0,0,0,0,0,0,0,0,0,0,0,0,0,0,0,0,0,0,0,0,0,0,0,0,0,0,0,0,0,0,0,0,0,0,-730,-2,109,132,239,315,320,263,153,14,-127,-256,-352,-414,-436,-411,-345,-247,-122,20,173,317,440,528,577,578,525,432,284,109,-81,-275,-455,-601,-704,-758,-756,-691,-562,-393,-191,33,263,477,659,800,881,906,870,756,592,384,145,-107,-362,-595,-790,-929,-1014,-1031,-978,-858,-680,-443,-178,101,379,641,856,1017,1124,1158,1112,987,796,548,268,-41,-350,-636,-886,-1079,-1215,-1266,-1234,-1112,-917,-674,-374,-45,294,617,891,1120,1272,1346,1323,1214,1025,765,461,119,-234,-565,-857,-1105,-1273,-1359,-1353,-1258,-1091,-844,-547,-212,131,465,771,1023,1207,1314,1334,1280,1139,924,660,346,20,-310,-546,-889,-1100,-1237,-1307,-1298,-1206,-1038,-812,-536,-222,106,429,731,986,1183,1310,1354,1311,1193,995,735,424,80,-272,-616,-917,-1164,-1335,-1422,-1414,-1319,-1123,-866,-549,-193,172,533,853,1109,1302,1417,1427,1346,1180,937,629,282,-72,-430,-753,-1023,-1234,-1356,-1385,-1327,-1179,-970,-687,-367,-21,320,639,909,1125,1274,1335,1299,1180,987,722,415,74,-272,-598,-887,-1113,-1253,-1309,-1278,-1145,-933,-654,-321,34,385,700,971,1160,1254,1251,1144,956,690,365,20,-322,-627,-872,-1036,-1113,-1090,-978,-785,-532,-250,43,316,551,733,850,894,859,752,579,361,109,-157,-414,-637,-788,-839,-767,-574,-290,-24,-315,-224,0,0,0,0,0,0,0,0,0,0,0,0,0,0,0,0,0,0,0,0,0,0,0,0,0,0,0,0,0,0,0,0,0,0,0,0,0,0,0,0,0,0,0,0,0,0,0,0,0,0,0,0,0,0,0,0,0,0,0,0,0,0,0,0,0,0,0,0,0,0,0,0,0,0,0,0,0,0,0,0,0,0,0,0,0,0,0,0,0,0,0,0,0,0,0,0,0,0,0,0,0,0,0,0,0,0,0,0,0,0,0,0,0,0,0,0,0,0,0,0,0,0,0,0,0,0,0,0,0,0,0,0,0,0,0,0,0,0,0,0,0,0,0,0,0,0,0,0,0,0,0,0,0,0,0,0,0,0,0,0,0,0,0,0,0,0,0,0,0,0,0,0,0,0,0,0,0,0,0,0,0,0,0,0,0,0,0,0,0,0,0,0,0,0,0,0,0,0,0,0,0,0,0,0,0,0,0,0,0,0,0,0,0,0,0,0,0,0,0,0,0,0,0,0,0,0,0,0,0,0,0,0,0,0,0,0,0,0,0,0,0,0,0,0,0,0,0,0,0,0,0,0,0,0,0,0,-128,691,699,205,151,31,-113,-244,-344,-385,-376,-316,-217,-98,39,176,297,400,469,502,486,423,323,188,29,-149,-315,-466,-588,-659,-686,-650,-555,-411,-234,-35,176,387,568,707,800,833,805,715,573,384,157,-78,-323,-551,-732,-877,-960,-976,-926,-805,-628,-411,-157,109,373,611,818,979,1064,1086,1035,913,721,487,218,-77,-371,-640,-877,-1052,-1165,-1211,-1168,-1054,-862,-616,-324,-3,323,634,895,1106,1252,1310,1284,1166,978,724,417,83,-266,-590,-886,-1120,-1285,-1365,-1350,-1244,-1068,-818,-506,-168,190,521,825,1079,1253,1349,1353,1273,1113,882,593,274,-63,-392,-704,-956,-1157,-1280,-1322,-1291,1197,-984,-719,-428,-113,211,527,809,1036,1209,1307,1321,1259,1115,905,635,322,-14,-349,-662,-941,-1165,-1321,-1392,-1378,-1266,-1075,-810,-492,-137,225,576,888,1137,1330,1428,1435,1342,1154,899,595,244,-127,-484,-808,-1079,-1276,-1385,-1416,-1350,-1189,-956,-660,-320,28,378,691,967,1177,1306,1350,1304,1177,975,714,400,61,-280,-599,-884,-1106,-1251,-1313,-1288,-1172,-977,-704,-387,-49,304,636,914,1132,1264,1299,1231,1078,841,537,193,-166,-501,-790,-1023,-1161,-1206,-1148,-995,-761,-477,-159,162,463,714,891,985,991,916,770,567,326,61,-197,-437,-635,-772,-843,-831,-740,-564,-311,-10,296,550,693,702,591,636
28709,mtk,MTK 7916,2776314593,rx1-tx0,512,0,0,0,0,0,0,0,0,0,0,0,0,0,0,0,0,0,0,0,0,0,0,0,0,0,0,0,0,0,0,0,0,0,0,0,0,0,0,0,0,0,0,0,0,0,0,0,0,0,0,0,0,0,0,0,0,0,0,0,0,0,0,0,0,0,0,0,0,0,0,0,0,0,0,0,0,0,0,0,0,0,0,0,0,0,0,0,0,0,0,0,0,0,0,0,0,0,0,0,0,0,0,0,0,0,0,0,0,0,0,0,0,0,0,0,0,0,0,0,0,0,0,0,0,0,0,0,0,0,0,0,0,0,0,0,0,0,0,0,0,0,0,0,0,0,0,0,0,0,0,0,0,0,0,0,0,0,0,0,0,0,0,0,0,0,0,0,0,0,0,0,0,0,0,0,0,0,0,0,0,0,0,0,0,0,0,0,0,0,0,0,0,0,0,0,0,0,0,0,0,0,0,0,0,0,0,0,0,0,0,0,0,0,0,0,0,0,0,0,0,0,0,0,0,0,0,0,0,0,0,0,0,0,0,0,0,0,0,0,0,0,0,0,0,0,0,0,0,0,0,0,0,0,0,0,0,146,-448,-577,-128,-110,-50,31,108,178,208,207,176,123,60,-17,-87,-157,-209,-239,-254,-231,-187,-125,-40,45,125,188,249,285,291,269,219,149,68,-22,-98,-171,-231,-257,-267,-257,-222,-169,-107,-37,30,90,147,177,199,210,204,175,138,96,57,18,-20,-58,-82,-104,-121,-125,-121,-112,-95,-82,-72,-66,-51,-35,-23,-3,11,30,45,72,94,115,132,147,162,162,151,126,88,40,-26,-93,-155,-220,-270,-297,-301,-279,-236,-179,-95,0,93,182,265,327,363,381,364,302,234,155,51,-54,-156,-244,-311,-360,-389,-382,-355,-312,-232,-131,-30,75,180,268,338,387,409,-144,367,304,213,116,4,-105,-205,-303,-366,-405,-406,-384,-338,-265,-171,-66,40,139,229,300,349,374,361,336,279,209,135,43,-44,-128,-199,-256,-292,-315,-312,-288,-246,-188,-133,-68,9,81,151,203,242,266,270,256,228,192,139,71,2,-66,-122,-180,-221,-240,-244,-232,-213,-173,-127,-76,-9,44,92,134,167,191,209,206,196,172,131,91,49,-5,-59,-107,-153,-191,-220,-222,-215,-197,-154,-106,-40,26,97,160,207,245,256,246,218,161,95,15,-62,-133,-194,-239,-262,-257,-223,-174,-103,-24,52,127,187,228,244,231,197,134,54,-30,-116,-178,-207,-204,-164,10,-138,0,0,0,0,0,0,0,0,0,0,0,0,0,0,0,0,0,0,0,0,0,0,0,0,0,0,0,0,0,0,0,0,0,0,0,0,0,0,0,0,0,0,0,0,0,0,0,0,0,0,0,0,0,0,0,0,0,0,0,0,0,0,0,0,0,0,0,0,0,0,0,0,0,0,0,0,0,0,0,0,0,0,0,0,0,0,0,0,0,0,0,0,0,0,0,0,0,0,0,0,0,0,0,0,0,0,0,0,0,0,0,0,0,0,0,0,0,0,0,0,0,0,0,0,0,0,0,0,0,0,0,0,0,0,0,0,0,0,0,0,0,0,0,0,0,0,0,0,0,0,0,0,0,0,0,0,0,0,0,0,0,0,0,0,0,0,0,0,0,0,0,0,0,0,0,0,0,0,0,0,0,0,0,0,0,0,0,0,0,0,0,0,0,0,0,0,0,0,0,0,0,0,0,0,0,0,0,0,0,0,0,0,0,0,0,0,0,0,0,0,0,0,0,0,0,0,0,0,0,0,0,0,0,0,0,0,0,0,0,0,0,0,0,0,0,0,0,0,0,0,0,0,0,0,0,0,206,-857,-779,43,110,168,183,165,113,35,-45,-120,-177,-217,-232,-219,-183,-120,-50,31,114,178,236,266,269,245,202,142,53,-35,-121,-195,-247,-281,-288,-266,-230,-161,-88,-11,69,139,191,227,244,240,226,188,131,78,19,-38,-83,-116,-143,-157,-160,-158,-141,-115,-93,-61,-37,-9,19,47,61,64,70,74,78,87,93,95,95,96,95,81,66,41,15,-23,-70,-114,-159,-195,-224,-240,-231,-207,-165,-106,-26,57,142,216,279,328,352,341,306,245,165,77,-18,-133,-226,-288,-347,-384,-385,-358,-305,-231,-143,-38,71,158,248,331,377,398,395,365,303,221,123,18,147,-190,-286,-357,-401,-421,-397,-360,-291,-198,-91,24,129,226,308,366,393,393,369,315,237,150,48,-45,-137,-221,-277,-318,-339,-333,-311,-265,-205,-131,-48,37,111,178,226,259,284,289,279,241,193,132,62,-8,-75,-132,-183,-229,-257,-267,-253,-225,-188,-128,-68,-3,56,115,164,191,220,225,213,191,160,123,79,26,-27,-72,-121,-154,-173,-196,-208,-202,-181,-152,-108,-52,13,66,126,175,214,238,242,229,194,146,78,0,-75,-146,-207,-249,-268,-260,-228,-178,-110,-28,54,129,189,235,251,241,209,155,91,15,-62,-135,-196,-231,-234,-207,-139,-58,30,96,-943,-932
28710,mtk,MTK 7916,2776314593,rx1-tx1,512,0,0,0,0,0,0,0,0,0,0,0,0,0,0,0,0,0,0,0,0,0,0,0,0,0,0,0,0,0,0,0,0,0,0,0,0,0,0,0,0,0,0,0,0,0,0,0,0,0,0,0,0,0,0,0,0,0,0,0,0,0,0,0,0,0,0,0,0,0,0,0,0,0,0,0,0,0,0,0,0,0,0,0,0,0,0,0,0,0,0,0,0,0,0,0,0,0,0,0,0,0,0,0,0,0,0,0,0,0,0,0,0,0,0,0,0,0,0,0,0,0,0,0,0,0,0,0,0,0,0,0,0,0,0,0,0,0,0,0,0,0,0,0,0,0,0,0,0,0,0,0,0,0,0,0,0,0,0,0,0,0,0,0,0,0,0,0,0,0,0,0,0,0,0,0,0,0,0,0,0,0,0,0,0,0,0,0,0,0,0,0,0,0,0,0,0,0,0,0,0,0,0,0,0,0,0,0,0,0,0,0,0,0,0,0,0,0,0,0,0,0,0,0,0,0,0,0,0,0,0,0,0,0,0,0,0,0,0,0,0,0,0,0,0,0,0,0,0,0,0,0,0,0,0,0,0,-411,536,541,56,47,34,12,-16,-46,-77,-102,-108,-91,-55,-8,46,91,122,130,112,64,0,-71,-128,-163,-160,-121,-53,32,116,173,191,165,100,8,-93,-172,-212,-200,-140,-44,57,152,219,231,178,79,-39,-148,-222,-239,-193,-101,17,136,227,253,217,129,-1,-131,-224,-261,-230,-139,-9,128,235,275,243,152,16,-132,-243,-294,-266,-162,-19,127,241,298,278,181,32,-123,-243,-301,-284,-189,-44,109,231,295,280,186,43,-107,-226,-286,-271,-179,-38,113,235,294,267,167,26,-124,-244,-298,-274,-173,-20,141,266,322,293,190,32,-140,-280,-349,-327,-221,-60,118,269,0,346,257,103,-77,-240,-338,-351,-283,-143,30,193,303,335,293,182,30,-127,-250,-302,-277,-189,-63,68,173,233,235,178,88,-12,-102,-163,-175,-145,-85,-16,42,79,95,91,61,19,-11,-30,-34,-27,-19,-14,-13,-17,-30,-35,-24,-3,21,57,91,97,74,27,-29,-91,-133,-146,-124,-69,17,103,174,208,187,116,9,-105,-203,-259,-255,-185,-66,75,204,292,319,268,148,-6,-162,-289,-356,-343,-244,-87,88,243,341,368,318,190,23,-140,-272,-348,-341,-254,-126,28,183,287,323,293,197,61,-86,-211,-285,-300,-260,-168,-39,94,209,284,302,273,216,124,415,471,0,0,0,0,0,0,0,0,0,0,0,0,0,0,0,0,0,0,0,0,0,0,0,0,0,0,0,0,0,0,0,0,0,0,0,0,0,0,0,0,0,0,0,0,0,0,0,0,0,0,0,0,0,0,0,0,0,0,0,0,0,0,0,0,0,0,0,0,0,0,0,0,0,0,0,0,0,0,0,0,0,0,0,0,0,0,0,0,0,0,0,0,0,0,0,0,0,0,0,0,0,0,0,0,0,0,0,0,0,0,0,0,0,0,0,0,0,0,0,0,0,0,0,0,0,0,0,0,0,0,0,0,0,0,0,0,0,0,0,0,0,0,0,0,0,0,0,0,0,0,0,0,0,0,0,0,0,0,0,0,0,0,0,0,0,0,0,0,0,0,0,0,0,0,0,0,0,0,0,0,0,0,0,0,0,0,0,0,0,0,0,0,0,0,0,0,0,0,0,0,0,0,0,0,0,0,0,0,0,0,0,0,0,0,0,0,0,0,0,0,0,0,0,0,0,0,0,0,0,0,0,0,0,0,0,0,0,0,0,0,0,0,0,0,0,0,0,0,0,0,0,0,0,0,0,0,-92,-4,-105,21,45,65,80,88,81,59,24,-20,-64,-99,-119,-113,-86,-40,19,81,129,150,140,96,28,-52,-125,-172,-180,-150,-80,11,101,171,202,190,131,33,-77,-169,-220,-224,-167,-67,54,155,217,231,187,96,-20,-141,-224,-247,-207,-111,10,132,228,261,222,124,-9,-138,-233,-271,-238,-141,-4,132,238,281,251,154,17,-129,-242,-289,-263,-173,-27,131,248,299,277,186,44,-115,-242,-304,-288,-198,-50,109,229,290,271,178,41,-104,-224,-284,-266,-170,-27,119,235,290,263,162,20,-133,-255,-310,-282,-182,-32,137,272,334,310,204,46,-128,-268,-344,-333,-232,0,105,260,354,356,271,124,-53,-217,-325,-353,-296,-167,0,164,279,323,285,185,48,-95,-211,-270,-256,-184,-78,40,141,199,208,167,89,2,-76,-125,-136,-118,-78,-28,19,52,64,54,33,14,3,2,2,2,4,0,-17,-39,-60,-65,-51,-18,24,70,105,118,99,47,-23,-94,-156,-178,-153,-87,3,105,188,230,217,151,38,-88,-201,-276,-287,-225,-110,44,196,299,335,297,190,35,-131,-274,-357,-360,-276,-139,27,192,315,364,334,234,85,-86,-229,-315,-332,-281,-170,-21,128,242,301,301,231,113,-32,-163,-259,-306,-296,-234,-131,-12,100,182,237,282,198
28711,mtk,MTK 7916,2776314593,rx2-tx0,512,0,0,0,0,0,0,0,0,0,0,0,0,0,0,0,0,0,0,0,0,0,0,0,0,0,0,0,0,0,0,0,0,0,0,0,0,0,0,0,0,0,0,0,0,0,0,0,0,0,0,0,0,0,0,0,0,0,0,0,0,0,0,0,0,0,0,0,0,0,0,0,0,0,0,0,0,0,0,0,0,0,0,0,0,0,0,0,0,0,0,0,0,0,0,0,0,0,0,0,0,0,0,0,0,0,0,0,0,0,0,0,0,0,0,0,0,0,0,0,0,0,0,0,0,0,0,0,0,0,0,0,0,0,0,0,0,0,0,0,0,0,0,0,0,0,0,0,0,0,0,0,0,0,0,0,0,0,0,0,0,0,0,0,0,0,0,0,0,0,0,0,0,0,0,0,0,0,0,0,0,0,0,0,0,0,0,0,0,0,0,0,0,0,0,0,0,0,0,0,0,0,0,0,0,0,0,0,0,0,0,0,0,0,0,0,0,0,0,0,0,0,0,0,0,0,0,0,0,0,0,0,0,0,0,0,0,0,0,0,0,0,0,0,0,0,0,0,0,0,0,0,0,0,0,0,0,-136,-304,-416,-30,-39,-50,-59,-63,-54,-32,-3,29,61,88,103,99,68,20,-38,-95,-136,-155,-138,-86,-9,83,164,217,228,187,96,-27,-148,-240,-292,-279,-198,-66,91,237,338,361,299,157,-27,-207,-340,-402,-369,-249,-69,140,324,425,420,313,125,-101,-304,-435,-462,-364,-173,58,278,437,484,403,218,-22,-267,-452,-514,-442,-263,-5,258,461,548,493,306,38,-243,-469,-587,-558,-383,-105,197,454,606,603,442,175,-128,-399,-572,-608,-496,-258,42,328,530,592,506,297,22,-255,-464,-550,-495,-317,-63,201,410,508,476,321,89,-159,-357,-461,-447,-316,-109,121,312,419,0,310,118,-99,-285,-401,-410,-314,-145,57,244,372,402,330,183,-7,-190,-318,-368,-330,-214,-48,121,255,326,321,240,110,-42,-184,-280,-308,-265,-169,-44,84,195,259,271,228,143,29,-82,-169,-225,-239,-213,-145,-47,54,142,208,238,225,165,72,-36,-141,-218,-256,-243,-178,-73,51,165,250,280,248,160,38,-100,-215,-283,-286,-222,-106,30,164,265,302,264,166,31,-120,-245,-305,-292,-220,-92,63,201,292,316,267,157,11,-137,-254,-316,-305,-223,-96,56,198,292,320,280,177,37,-107,-227,-300,-310,-257,-152,-14,129,249,316,326,291,211,102,-15,-113,-196,35,-81,0,0,0,0,0,0,0,0,0,0,0,0,0,0,0,0,0,0,0,0,0,0,0,0,0,0,0,0,0,0,0,0,0,0,0,0,0,0,0,0,0,0,0,0,0,0,0,0,0,0,0,0,0,0,0,0,0,0,0,0,0,0,0,0,0,0,0,0,0,0,0,0,0,0,0,0,0,0,0,0,0,0,0,0,0,0,0,0,0,0,0,0,0,0,0,0,0,0,0,0,0,0,0,0,0,0,0,0,0,0,0,0,0,0,0,0,0,0,0,0,0,0,0,0,0,0,0,0,0,0,0,0,0,0,0,0,0,0,0,0,0,0,0,0,0,0,0,0,0,0,0,0,0,0,0,0,0,0,0,0,0,0,0,0,0,0,0,0,0,0,0,0,0,0,0,0,0,0,0,0,0,0,0,0,0,0,0,0,0,0,0,0,0,0,0,0,0,0,0,0,0,0,0,0,0,0,0,0,0,0,0,0,0,0,0,0,0,0,0,0,0,0,0,0,0,0,0,0,0,0,0,0,0,0,0,0,0,0,0,0,0,0,0,0,0,0,0,0,0,0,0,0,0,0,0,0,1335,-639,-571,27,21,13,-3,-25,-50,-68,-80,-81,-67,-36,8,59,99,121,124,104,53,-21,-93,-151,-188,-182,-131,-46,58,160,231,259,227,143,18,-123,-246,-315,-316,-247,-111,59,217,333,379,334,203,20,-175,-336,-416,-399,-284,-97,116,309,429,443,345,155,-77,-293,-436,-468,-386,-200,42,274,436,491,422,238,-11,-260,-452,-533,-468,-288,-27,252,470,572,527,343,72,-219,-460,-590,-571,-410,-145,159,424,583,602,467,215,-89,-370,-558,-610,-511,-282,14,300,502,573,505,313,46,-227,-436,-530,-485,-319,-75,172,372,475,452,311,95,-146,-344,-447,-435,-315,-111,0,299,411,416,316,137,-81,-272,-386,-404,-323,-160,33,213,345,386,329,199,22,-161,-296,-353,-328,-232,-81,84,225,308,317,261,145,0,-137,-235,-280,-268,-205,-97,27,139,215,246,229,174,85,-21,-115,-189,-234,-238,-192,-113,-14,91,179,235,249,211,131,19,-100,-205,-263,-268,-218,-121,10,136,235,284,268,193,74,-65,-190,-275,-295,-245,-135,9,147,251,302,284,196,58,-94,-226,-305,-313,-248,-127,26,172,277,319,291,191,50,-98,-226,-308,-318,-249,-133,12,158,265,314,300,217,89,-58,-193,-285,-322,-295,-216,-98,35,163,260,312,316,279,201,-683,-686
28712,mtk,MTK 7916,2776314593,rx2-tx1,512,0,0,0,0,0,0,0,0,0,0,0,0,0,0,0,0,0,0,0,0,0,0,0,0,0,0,0,0,0,0,0,0,0,0,0,0,0,0,0,0,0,0,0,0,0,0,0,0,0,0,0,0,0,0,0,0,0,0,0,0,0,0,0,0,0,0,0,0,0,0,0,0,0,0,0,0,0,0,0,0,0,0,0,0,0,0,0,0,0,0,0,0,0,0,0,0,0,0,0,0,0,0,0,0,0,0,0,0,0,0,0,0,0,0,0,0,0,0,0,0,0,0,0,0,0,0,0,0,0,0,0,0,0,0,0,0,0,0,0,0,0,0,0,0,0,0,0,0,0,0,0,0,0,0,0,0,0,0,0,0,0,0,0,0,0,0,0,0,0,0,0,0,0,0,0,0,0,0,0,0,0,0,0,0,0,0,0,0,0,0,0,0,0,0,0,0,0,0,0,0,0,0,0,0,0,0,0,0,0,0,0,0,0,0,0,0,0,0,0,0,0,0,0,0,0,0,0,0,0,0,0,0,0,0,0,0,0,0,0,0,0,0,0,0,0,0,0,0,0,0,0,0,0,0,0,0,236,265,210,-56,-46,-28,4,41,77,101,114,107,79,32,-20,-74,-117,-133,-121,-83,-20,50,110,147,153,121,58,-17,-94,-156,-184,-165,-108,-24,72,158,205,202,148,55,-50,-141,-199,-220,-185,-94,27,133,207,233,194,101,-14,-131,-218,-247,-206,-116,13,145,239,272,234,132,-12,-158,-262,-302,-259,-151,6,173,300,349,313,194,16,-168,-310,-378,-355,-242,-58,148,318,403,387,272,92,-116,-303,-411,-411,-312,-140,78,275,404,432,351,181,-25,-221,-371,-420,-363,-215,-23,169,317,388,355,230,55,-127,-269,-330,-309,-218,-70,94,227,293,271,181,50,-83,-186,0,-222,-143,-25,91,182,218,187,97,-12,-117,-195,-209,-155,-66,44,145,209,215,151,46,-75,-181,-237,-224,-153,-37,89,190,245,233,162,43,-91,-201,-261,-256,-184,-59,82,203,278,274,187,62,-72,-191,-262,-261,-193,-80,56,179,257,264,201,80,-54,-171,-237,-249,-193,-90,36,149,225,239,193,96,-21,-131,-202,-220,-182,-101,0,104,184,212,174,102,9,-87,-161,-194,-172,-112,-28,61,131,163,153,101,34,-40,-105,-135,-132,-98,-49,12,72,110,114,89,44,-13,-65,-101,-109,-82,-38,13,57,91,107,95,61,8,-48,-96,-125,-127,-107,-77,-26,394,361,0,0,0,0,0,0,0,0,0,0,0,0,0,0,0,0,0,0,0,0,0,0,0,0,0,0,0,0,0,0,0,0,0,0,0,0,0,0,0,0,0,0,0,0,0,0,0,0,0,0,0,0,0,0,0,0,0,0,0,0,0,0,0,0,0,0,0,0,0,0,0,0,0,0,0,0,0,0,0,0,0,0,0,0,0,0,0,0,0,0,0,0,0,0,0,0,0,0,0,0,0,0,0,0,0,0,0,0,0,0,0,0,0,0,0,0,0,0,0,0,0,0,0,0,0,0,0,0,0,0,0,0,0,0,0,0,0,0,0,0,0,0,0,0,0,0,0,0,0,0,0,0,0,0,0,0,0,0,0,0,0,0,0,0,0,0,0,0,0,0,0,0,0,0,0,0,0,0,0,0,0,0,0,0,0,0,0,0,0,0,0,0,0,0,0,0,0,0,0,0,0,0,0,0,0,0,0,0,0,0,0,0,0,0,0,0,0,0,0,0,0,0,0,0,0,0,0,0,0,0,0,0,0,0,0,0,0,0,0,0,0,0,0,0,0,0,0,0,0,0,0,0,0,0,0,0,-351,-352,-385,-42,-67,-86,-95,-97,-80,-45,2,47,85,110,116,99,59,6,-58,-113,-144,-142,-108,-43,34,106,157,173,148,91,5,-91,-165,-197,-188,-130,-42,61,147,204,217,174,79,-36,-140,-207,-219,-182,-99,17,133,212,235,199,106,-18,-144,-234,-258,-216,-119,15,161,262,289,250,143,-14,-174,-290,-330,-286,-171,-8,168,307,366,335,209,29,-162,-318,-395,-369,-255,-80,124,311,410,402,300,116,-102,-293,-410,-430,-336,-156,55,249,385,427,358,201,1,-203,-355,-409,-358,-225,-43,147,302,373,343,225,58,-114,-247,-314,-300,-209,-65,91,212,267,248,166,0,-91,-190,-227,-201,-120,0,112,183,202,169,83,-28,-132,-198,-212,-156,-57,58,158,219,217,152,41,-83,-187,-248,-240,-158,-38,92,200,261,249,169,47,-88,-203,-268,-262,-188,-63,82,202,268,264,190,68,-69,-186,-254,-264,-201,-87,49,171,248,254,196,89,-44,-159,-228,-237,-187,-97,18,131,209,230,188,101,-12,-120,-194,-214,-185,-106,-3,98,173,201,172,105,16,-73,-146,-184,-168,-110,-34,47,116,148,138,99,40,-28,-92,-124,-126,-98,-48,11,63,98,106,89,47,-10,-57,-91,-106,-91,-47,9,60,93,109,109,83,39,-14,-61,-99,-117,-225,-274
28713,mtk,MTK 7916,2776345928,rx0-tx0,512,0,0,0,0,0,0,0,0,0,0,0,0,0,0,0,0,0,0,0,0,0,0,0,0,0,0,0,0,0,0,0,0,0,0,0,0,0,0,0,0,0,0,0,0,0,0,0,0,0,0,0,0,0,0,0,0,0,0,0,0,0,0,0,0,0,0,0,0,0,0,0,0,0,0,0,0,0,0,0,0,0,0,0,0,0,0,0,0,0,0,0,0,0,0,0,0,0,0,0,0,0,0,0,0,0,0,0,0,0,0,0,0,0,0,0,0,0,0,0,0,0,0,0,0,0,0,0,0,0,0,0,0,0,0,0,0,0,0,0,0,0,0,0,0,0,0,0,0,0,0,0,0,0,0,0,0,0,0,0,0,0,0,0,0,0,0,0,0,0,0,0,0,0,0,0,0,0,0,0,0,0,0,0,0,0,0,0,0,0,0,0,0,0,0,0,0,0,0,0,0,0,0,0,0,0,0,0,0,0,0,0,0,0,0,0,0,0,0,0,0,0,0,0,0,0,0,0,0,0,0,0,0,0,0,0,0,0,0,0,0,0,0,0,0,0,0,0,0,0,0,0,0,0,0,0,0,-273,786,889,-201,-98,61,227,357,437,456,416,328,208,60,-99,-242,-372,-480,-550,-584,-573,-502,-394,-244,-58,136,323,504,655,762,811,791,709,561,374,153,-91,-337,-557,-738,-884,-955,-945,-886,-767,-590,-367,-131,120,361,583,771,910,1003,1025,983,890,739,541,311,54,-212,-476,-715,-912,-1056,-1139,-1170,-1108,-978,-785,-533,-242,71,382,669,917,1115,1235,1282,1238,1129,930,675,377,49,-262,-562,-826,-1023,-1164,-1225,-1203,-1116,-957,-743,-488,-217,70,335,571,773,912,1001,1029,1005,924,785,616,427,218,0,-216,-414,-576,-710,-808,-864,-874,-840,-768,-660,-510,-350,-167,31,221,402,-1687,697,800,852,864,836,753,635,488,309,106,-88,-276,-460,-615,-741,-831,-890,-899,-856,-773,-653,-500,-319,-114,106,323,532,719,882,1005,1072,1084,1040,929,762,539,268,-22,-331,-634,-900,-1126,-1288,-1369,-1372,-1275,-1108,-866,-555,-201,176,542,885,1172,1381,1497,1524,1450,1281,1030,708,329,-64,-452,-816,-1125,-1357,-1493,-1533,-1479,-1321,-1085,-779,-417,-35,351,708,1018,1262,1420,1478,1443,1299,1073,787,432,51,-331,-696,-999,-1226,-1367,-1405,-1341,-1175,-923,-603,-247,123,473,773,1009,1166,1237,1205,1078,876,613,316,-12,-334,-614,-854,-1026,-1115,-1111,-999,-785,-476,-100,307,684,954,1054,979,356,515,0,0,0,0,0,0,0,0,0,0,0,0,0,0,0,0,0,0,0,0,0,0,0,0,0,0,0,0,0,0,0,0,0,0,0,0,0,0,0,0,0,0,0,0,0,0,0,0,0,0,0,0,0,0,0,0,0,0,0,0,0,0,0,0,0,0,0,0,0,0,0,0,0,0,0,0,0,0,0,0,0,0,0,0,0,0,0,0,0,0,0,0,0,0,0,0,0,0,0,0,0,0,0,0,0,0,0,0,0,0,0,0,0,0,0,0,0,0,0,0,0,0,0,0,0,0,0,0,0,0,0,0,0,0,0,0,0,0,0,0,0,0,0,0,0,0,0,0,0,0,0,0,0,0,0,0,0,0,0,0,0,0,0,0,0,0,0,0,0,0,0,0,0,0,0,0,0,0,0,0,0,0,0,0,0,0,0,0,0,0,0,0,0,0,0,0,0,0,0,0,0,0,0,0,0,0,0,0,0,0,0,0,0,0,0,0,0,0,0,0,0,0,0,0,0,0,0,0,0,0,0,0,0,0,0,0,0,0,0,0,0,0,0,0,0,0,0,0,0,0,0,0,0,0,0,0,-1322,786,660,230,333,383,348,243,100,-61,-217,-349,-446,-500,-497,-458,-386,-272,-129,30,203,364,504,618,685,687,644,548,396,203,-15,-242,-463,-648,-788,-876,-897,-854,-736,-575,-367,-110,139,378,602,785,905,974,987,928,808,641,438,205,-57,-301,-535,-740,-902,-1022,-1078,-1074,-999,-862,-663,-416,-150,138,427,688,919,1098,1213,1243,1191,1061,865,615,321,-1,-317,-624,-890,-1089,-1227,-1271,-1240,-1140,-959,-719,-437,-126,175,459,713,910,1049,1128,1139,1070,950,768,553,317,67,-174,-405,-600,-750,-862,-926,-940,-903,-814,-693,-538,-365,-177,24,211,387,549,681,780,847,862,832,768,-175,514,333,139,-55,-254,-439,-596,-727,-824,-871,-866,-835,-758,-636,-476,-297,-106,97,292,477,644,780,882,946,962,929,847,718,539,325,83,-167,-424,-669,-887,-1067,-1182,-1236,-1220,-1124,-951,-713,-417,-93,254,593,893,1159,1349,1458,1467,1381,1216,959,636,272,-112,-498,-855,-1152,-1380,-1513,-1546,-1482,-1323,-1074,-746,-381,10,405,760,1065,1301,1452,1503,1459,1316,1094,794,442,67,-315,-681,-983,-1228,-1393,-1453,-1414,-1265,-1025,-724,-370,8,385,728,1012,1212,1314,1319,1218,1028,767,457,119,-226,-540,-803,-996,-1114,-1150,-1086,-939,-728,-449,-135,205,538,831,1046,1147,1108,912,575,149,-216,1066,995
28714,mtk,MTK 7916,2776345928,rx0-tx1,512,0,0,0,0,0,0,0,0,0,0,0,0,0,0,0,0,0,0,0,0,0,0,0,0,0,0,0,0,0,0,0,0,0,0,0,0,0,0,0,0,0,0,0,0,0,0,0,0,0,0,0,0,0,0,0,0,0,0,0,0,0,0,0,0,0,0,0,0,0,0,0,0,0,0,0,0,0,0,0,0,0,0,0,0,0,0,0,0,0,0,0,0,0,0,0,0,0,0,0,0,0,0,0,0,0,0,0,0,0,0,0,0,0,0,0,0,0,0,0,0,0,0,0,0,0,0,0,0,0,0,0,0,0,0,0,0,0,0,0,0,0,0,0,0,0,0,0,0,0,0,0,0,0,0,0,0,0,0,0,0,0,0,0,0,0,0,0,0,0,0,0,0,0,0,0,0,0,0,0,0,0,0,0,0,0,0,0,0,0,0,0,0,0,0,0,0,0,0,0,0,0,0,0,0,0,0,0,0,0,0,0,0,0,0,0,0,0,0,0,0,0,0,0,0,0,0,0,0,0,0,0,0,0,0,0,0,0,0,0,0,0,0,0,0,0,0,0,0,0,0,0,0,0,0,0,0,-730,-2,109,-27,-139,-250,-318,-329,-283,-197,-82,47,163,272,358,411,432,418,368,288,172,36,-109,-259,-394,-509,-588,-625,-613,-547,-439,-290,-104,95,291,472,632,757,814,821,779,664,500,305,81,-162,-404,-619,-806,-936,-998,-1011,-946,-818,-639,-401,-144,126,405,657,878,1041,1144,1177,1121,998,821,587,303,2,-307,-606,-875,-1078,-1220,-1293,-1289,-1203,-1034,-808,-527,-211,127,459,767,1030,1224,1354,1399,1350,1236,1026,755,448,94,-260,-593,-897,-1154,-1332,-1426,-1433,-1351,-1187,-960,-673,-338,16,367,693,975,1198,1347,1412,1396,1290,1114,881,585,260,-75,-402,-710,-962,-1168,-1299,-1355,-1342,-546,-1073,-830,-561,-264,54,370,653,902,1110,1252,1322,1323,1243,1103,891,630,335,17,-305,-616,-891,-1120,-1295,-1391,-1402,-1331,-1182,-956,-671,-349,3,351,676,975,1212,1377,1453,1438,1338,1161,918,613,265,-85,-431,-748,-1019,-1241,-1375,-1422,-1381,-1265,-1072,-817,-514,-184,156,481,780,1028,1212,1330,1366,1316,1196,1000,736,430,85,-260,-584,-876,-1115,-1275,-1356,-1350,-1247,-1071,-817,-501,-161,195,543,837,1074,1240,1313,1281,1160,960,686,372,33,-304,-613,-860,-1037,-1133,-1137,-1049,-885,-661,-395,-112,168,428,638,788,883,907,856,747,580,367,128,-126,-375,-595,-765,-855,-841,-712,-475,-168,99,-315,-224,0,0,0,0,0,0,0,0,0,0,0,0,0,0,0,0,0,0,0,0,0,0,0,0,0,0,0,0,0,0,0,0,0,0,0,0,0,0,0,0,0,0,0,0,0,0,0,0,0,0,0,0,0,0,0,0,0,0,0,0,0,0,0,0,0,0,0,0,0,0,0,0,0,0,0,0,0,0,0,0,0,0,0,0,0,0,0,0,0,0,0,0,0,0,0,0,0,0,0,0,0,0,0,0,0,0,0,0,0,0,0,0,0,0,0,0,0,0,0,0,0,0,0,0,0,0,0,0,0,0,0,0,0,0,0,0,0,0,0,0,0,0,0,0,0,0,0,0,0,0,0,0,0,0,0,0,0,0,0,0,0,0,0,0,0,0,0,0,0,0,0,0,0,0,0,0,0,0,0,0,0,0,0,0,0,0,0,0,0,0,0,0,0,0,0,0,0,0,0,0,0,0,0,0,0,0,0,0,0,0,0,0,0,0,0,0,0,0,0,0,0,0,0,0,0,0,0,0,0,0,0,0,0,0,0,0,0,0,0,0,0,0,0,0,0,0,0,0,0,0,0,0,0,0,0,0,-128,691,699,-229,-227,-162,-48,83,206,300,361,372,349,295,202,93,-28,-155,-273,-382,-464,-506,-514,-475,-397,-285,-142,23,205,375,522,639,711,725,691,605,475,289,75,-136,-355,-563,-727,-848,-918,-923,-856,-739,-571,-344,-99,163,425,651,853,998,1072,1093,1035,914,729,488,219,-75,-370,-640,-878,-1073,-1191,-1231,-1207,-1108,-930,-686,-400,-89,232,547,827,1060,1232,1334,1355,1284,1138,912,637,327,-26,-365,-688,-978,-1189,-1350,-1430,-1409,-1300,-1118,-861,-548,-211,146,490,803,1067,1271,1398,1433,1383,1253,1046,776,458,116,-226,-557,-847,-1093,-1267,-1361,-1375,-1320,-1179,-972,-716,-411,-92,239,1197,818,1047,1206,1307,1332,1277,1152,974,731,445,141,-171,-476,-755,-1002,-1186,-1309,-1361,-1331,-1224,-1045,-810,-527,-200,145,480,794,1062,1263,1399,1448,1404,1282,1080,809,489,136,-223,-565,-870,-1125,-1321,-1429,-1444,-1378,-1223,-1007,-725,-400,-53,289,615,907,1137,1301,1382,1379,1297,1136,907,631,316,-23,-357,-667,-943,-1157,-1303,-1364,-1339,-1234,-1052,-792,-480,-146,209,543,842,1091,1258,1337,1334,1230,1037,779,466,111,-242,-570,-859,-1072,-1201,-1245,-1194,-1049,-823,-550,-243,79,380,639,840,966,1017,990,886,714,502,262,4,-244,-463,-648,-780,-850,-851,-771,-623,-404,-129,171,456,673,764,728,591,636
28715,mtk,MTK 7916,2776345928,rx1-tx0,512,0,0,0,0,0,0,0,0,0,0,0,0,0,0,0,0,0,0,0,0,0,0,0,0,0,0,0,0,0,0,0,0,0,0,0,0,0,0,0,0,0,0,0,0,0,0,0,0,0,0,0,0,0,0,0,0,0,0,0,0,0,0,0,0,0,0,0,0,0,0,0,0,0,0,0,0,0,0,0,0,0,0,0,0,0,0,0,0,0,0,0,0,0,0,0,0,0,0,0,0,0,0,0,0,0,0,0,0,0,0,0,0,0,0,0,0,0,0,0,0,0,0,0,0,0,0,0,0,0,0,0,0,0,0,0,0,0,0,0,0,0,0,0,0,0,0,0,0,0,0,0,0,0,0,0,0,0,0,0,0,0,0,0,0,0,0,0,0,0,0,0,0,0,0,0,0,0,0,0,0,0,0,0,0,0,0,0,0,0,0,0,0,0,0,0,0,0,0,0,0,0,0,0,0,0,0,0,0,0,0,0,0,0,0,0,0,0,0,0,0,0,0,0,0,0,0,0,0,0,0,0,0,0,0,0,0,0,0,0,0,0,0,0,0,0,0,0,0,0,0,0,0,0,0,0,0,146,-448,-577,132,151,120,52,-27,-103,-164,-206,-222,-205,-166,-105,-34,37,117,176,221,250,249,229,188,128,52,-25,-100,-176,-229,-260,-274,-265,-221,-167,-112,-36,44,112,165,203,234,235,222,189,143,99,47,-8,-55,-92,-119,-143,-157,-151,-137,-117,-103,-81,-61,-40,-19,-2,21,26,29,40,64,72,84,105,113,119,130,138,133,117,92,61,25,-30,-88,-154,-213,-263,-304,-308,-299,-268,-211,-136,-43,58,164,264,351,406,437,434,398,333,233,118,5,-114,-234,-342,-422,-464,-480,-470,-433,-348,-243,-124,6,129,250,348,428,481,495,483,436,367,262,145,25,-144,-243,-351,-431,-487,-512,-498,-451,-378,-275,-144,-14,111,238,345,425,468,487,466,417,338,242,131,13,-100,-204,-294,-357,-398,-415,-407,-366,-300,-223,-138,-44,46,133,210,268,316,335,329,316,269,216,151,82,9,-73,-135,-194,-248,-271,-278,-259,-241,-215,-172,-117,-47,2,60,114,157,191,214,228,232,207,176,143,98,49,1,-43,-89,-139,-175,-197,-221,-232,-220,-188,-153,-99,-37,20,87,140,195,237,255,260,244,201,143,77,-9,-87,-156,-210,-250,-270,-264,-235,-183,-122,-46,35,111,176,229,253,251,230,196,127,46,-44,-130,-200,-240,-239,-195,-120,10,-138,0,0,0,0,0,0,0,0,0,0,0,0,0,0,0,0,0,0,0,0,0,0,0,0,0,0,0,0,0,0,0,0,0,0,0,0,0,0,0,0,0,0,0,0,0,0,0,0,0,0,0,0,0,0,0,0,0,0,0,0,0,0,0,0,0,0,0,0,0,0,0,0,0,0,0,0,0,0,0,0,0,0,0,0,0,0,0,0,0,0,0,0,0,0,0,0,0,0,0,0,0,0,0,0,0,0,0,0,0,0,0,0,0,0,0,0,0,0,0,0,0,0,0,0,0,0,0,0,0,0,0,0,0,0,0,0,0,0,0,0,0,0,0,0,0,0,0,0,0,0,0,0,0,0,0,0,0,0,0,0,0,0,0,0,0,0,0,0,0,0,0,0,0,0,0,0,0,0,0,0,0,0,0,0,0,0,0,0,0,0,0,0,0,0,0,0,0,0,0,0,0,0,0,0,0,0,0,0,0,0,0,0,0,0,0,0,0,0,0,0,0,0,0,0,0,0,0,0,0,0,0,0,0,0,0,0,0,0,0,0,0,0,0,0,0,0,0,0,0,0,0,0,0,0,0,0,206,-857,-779,19,-50,-129,-181,-195,-175,-129,-63,15,94,155,204,225,234,214,169,113,34,-45,-116,-180,-232,-265,-270,-254,-208,-140,-73,-2,76,153,200,243,269,263,233,189,137,67,-3,-62,-116,-154,-179,-196,-193,-181,-154,-125,-92,-49,-8,24,55,75,86,95,97,99,101,92,81,77,75,68,50,53,38,19,2,-17,-48,-82,-110,-142,-174,-208,-225,-222,-207,-168,-117,-44,39,116,209,281,337,372,380,360,315,231,129,18,-102,-215,-318,-401,-449,-466,-462,-414,-335,-226,-113,5,121,245,353,421,472,485,467,426,346,249,127,3,-122,-235,-343,-430,-477,-509,147,-446,-367,-269,-155,-22,113,240,348,435,488,496,492,446,365,254,132,12,-110,-223,-315,-387,-436,-450,-435,-398,-327,-235,-138,-29,78,181,257,314,354,375,367,336,284,219,146,58,-21,-106,-181,-233,-272,-298,-316,-299,-261,-228,-169,-107,-29,39,94,154,201,237,245,241,232,208,172,132,84,35,-26,-85,-121,-158,-189,-207,-213,-204,-192,-171,-131,-89,-41,23,81,133,182,223,241,248,236,208,167,99,28,-43,-117,-177,-223,-260,-277,-261,-224,-171,-104,-27,51,134,189,236,262,262,236,194,127,50,-30,-97,-171,-223,-253,-256,-224,-157,-66,25,113,164,-943,-932
28716,mtk,MTK 7916,2776345928,rx1-tx1,512,0,0,0,0,0,0,0,0,0,0,0,0,0,0,0,0,0,0,0,0,0,0,0,0,0,0,0,0,0,0,0,0,0,0,0,0,0,0,0,0,0,0,0,0,0,0,0,0,0,0,0,0,0,0,0,0,0,0,0,0,0,0,0,0,0,0,0,0,0,0,0,0,0,0,0,0,0,0,0,0,0,0,0,0,0,0,0,0,0,0,0,0,0,0,0,0,0,0,0,0,0,0,0,0,0,0,0,0,0,0,0,0,0,0,0,0,0,0,0,0,0,0,0,0,0,0,0,0,0,0,0,0,0,0,0,0,0,0,0,0,0,0,0,0,0,0,0,0,0,0,0,0,0,0,0,0,0,0,0,0,0,0,0,0,0,0,0,0,0,0,0,0,0,0,0,0,0,0,0,0,0,0,0,0,0,0,0,0,0,0,0,0,0,0,0,0,0,0,0,0,0,0,0,0,0,0,0,0,0,0,0,0,0,0,0,0,0,0,0,0,0,0,0,0,0,0,0,0,0,0,0,0,0,0,0,0,0,0,0,0,0,0,0,0,0,0,0,0,0,0,0,0,0,0,0,0,-411,536,541,5,15,26,34,40,38,35,23,7,-11,-31,-45,-51,-47,-32,-11,8,30,51,60,55,30,3,-23,-49,-67,-71,-56,-27,9,42,72,81,67,42,10,-32,-73,-97,-95,-78,-37,19,69,95,97,78,40,-8,-53,-89,-107,-88,-48,-7,40,83,102,88,55,7,-46,-89,-104,-92,-50,6,59,91,99,76,37,-7,-55,-87,-96,-76,-32,28,71,93,94,68,17,-39,-87,-116,-107,-65,-10,51,93,111,100,62,2,-53,-100,-124,-108,-54,16,83,128,140,111,50,-26,-98,-144,-155,-125,-57,26,105,162,179,141,68,-20,-108,-167,-190,-160,-89,0,102,175,210,189,121,21,-87,-166,-204,-200,-151,-64,38,125,181,195,163,97,16,-74,-140,-173,-169,-128,-58,24,93,134,147,135,104,44,-21,-73,-112,-136,-129,-95,-46,7,59,105,133,133,104,53,-11,-81,-135,-159,-147,-100,-26,56,130,182,195,156,67,-40,-135,-204,-231,-197,-112,7,133,228,268,238,155,26,-122,-252,-319,-309,-223,-81,91,240,343,367,297,154,-31,-214,-347,-404,-365,-245,-64,134,307,400,399,313,157,-34,-213,-344,-401,-355,-229,-59,123,269,351,351,266,131,-36,-201,-311,-345,-312,-210,-61,102,240,335,372,349,266,149,10,415,471,0,0,0,0,0,0,0,0,0,0,0,0,0,0,0,0,0,0,0,0,0,0,0,0,0,0,0,0,0,0,0,0,0,0,0,0,0,0,0,0,0,0,0,0,0,0,0,0,0,0,0,0,0,0,0,0,0,0,0,0,0,0,0,0,0,0,0,0,0,0,0,0,0,0,0,0,0,0,0,0,0,0,0,0,0,0,0,0,0,0,0,0,0,0,0,0,0,0,0,0,0,0,0,0,0,0,0,0,0,0,0,0,0,0,0,0,0,0,0,0,0,0,0,0,0,0,0,0,0,0,0,0,0,0,0,0,0,0,0,0,0,0,0,0,0,0,0,0,0,0,0,0,0,0,0,0,0,0,0,0,0,0,0,0,0,0,0,0,0,0,0,0,0,0,0,0,0,0,0,0,0,0,0,0,0,0,0,0,0,0,0,0,0,0,0,0,0,0,0,0,0,0,0,0,0,0,0,0,0,0,0,0,0,0,0,0,0,0,0,0,0,0,0,0,0,0,0,0,0,0,0,0,0,0,0,0,0,0,0,0,0,0,0,0,0,0,0,0,0,0,0,0,0,0,0,0,-92,-4,-105,-19,-22,-21,-15,-3,11,26,38,43,42,33,20,1,-20,-37,-45,-49,-44,-25,2,27,51,69,67,47,16,-15,-45,-70,-78,-67,-38,0,46,75,89,87,63,20,-23,-63,-96,-105,-79,-38,9,54,90,104,85,43,-12,-55,-85,-101,-94,-58,-6,44,82,100,94,56,-1,-52,-85,-89,-75,-42,7,53,87,100,80,32,-20,-57,-94,-102,-79,-30,33,86,110,98,63,22,-34,-86,-112,-101,-62,-2,53,100,119,102,56,-7,-71,-122,-139,-111,-57,11,83,132,139,113,56,-21,-100,-156,-162,-121,-55,23,105,163,177,149,77,-19,-110,-176,0,-173,-109,-12,93,174,210,193,128,32,-62,-145,-201,-205,-154,-76,15,100,166,192,172,113,33,-48,-116,-154,-155,-133,-87,-20,54,106,135,138,110,63,11,-44,-91,-120,-125,-109,-79,-25,43,101,136,146,130,82,12,-64,-127,-168,-165,-123,-46,42,126,189,206,174,96,-16,-133,-222,-252,-217,-130,-7,127,235,295,278,185,47,-112,-248,-331,-341,-267,-121,53,219,339,388,338,204,22,-172,-336,-413,-391,-287,-115,92,273,388,416,350,206,13,-173,-313,-382,-361,-252,-94,82,237,330,347,286,159,0,-158,-285,-353,-343,-268,-150,-2,147,255,314,325,282,198
28717,mtk,MTK 7916,2776345928,rx2-tx0,512,0,0,0,0,0,0,0,0,0,0,0,0,0,0,0,0,0,0,0,0,0,0,0,0,0,0,0,0,0,0,0,0,0,0,0,0,0,0,0,0,0,0,0,0,0,0,0,0,0,0,0,0,0,0,0,0,0,0,0,0,0,0,0,0,0,0,0,0,0,0,0,0,0,0,0,0,0,0,0,0,0,0,0,0,0,0,0,0,0,0,0,0,0,0,0,0,0,0,0,0,0,0,0,0,0,0,0,0,0,0,0,0,0,0,0,0,0,0,0,0,0,0,0,0,0,0,0,0,0,0,0,0,0,0,0,0,0,0,0,0,0,0,0,0,0,0,0,0,0,0,0,0,0,0,0,0,0,0,0,0,0,0,0,0,0,0,0,0,0,0,0,0,0,0,0,0,0,0,0,0,0,0,0,0,0,0,0,0,0,0,0,0,0,0,0,0,0,0,0,0,0,0,0,0,0,0,0,0,0,0,0,0,0,0,0,0,0,0,0,0,0,0,0,0,0,0,0,0,0,0,0,0,0,0,0,0,0,0,0,0,0,0,0,0,0,0,0,0,0,0,0,0,0,0,0,0,-136,-304,-416,53,51,42,24,-2,-34,-61,-81,-90,-87,-68,-34,9,53,91,114,117,94,48,-8,-68,-123,-155,-151,-117,-57,22,107,174,205,191,138,51,-59,-160,-230,-252,-214,-122,-4,120,231,290,277,203,75,-77,-213,-301,-324,-262,-135,25,187,307,348,305,186,13,-168,-301,-366,-339,-218,-36,154,307,386,364,240,49,-154,-325,-413,-392,-266,-68,154,341,442,429,307,99,-141,-347,-464,-470,-348,-134,115,332,476,497,387,171,-86,-319,-470,-501,-406,-205,49,284,447,495,413,224,-16,-246,-410,-466,-397,-219,9,232,391,445,380,218,-5,-226,-381,-435,-376,-220,0,213,373,432,379,224,10,-208,-372,-436,-388,-241,-31,189,359,439,408,272,63,-164,-344,-437,-428,-315,-116,112,313,436,456,364,180,-45,-262,-413,-466,-409,-255,-43,180,362,456,444,337,148,-83,-287,-418,-455,-394,-240,-36,173,340,429,415,309,135,-66,-244,-364,-401,-346,-209,-22,159,299,365,345,242,84,-92,-239,-328,-336,-262,-131,31,181,285,318,270,157,10,-142,-251,-297,-268,-174,-36,115,236,294,280,198,66,-85,-213,-299,-312,-248,-127,18,162,271,317,293,200,62,-89,-220,-299,-316,-270,-163,-19,130,251,325,337,287,191,69,-56,-163,-237,-280,35,-81,0,0,0,0,0,0,0,0,0,0,0,0,0,0,0,0,0,0,0,0,0,0,0,0,0,0,0,0,0,0,0,0,0,0,0,0,0,0,0,0,0,0,0,0,0,0,0,0,0,0,0,0,0,0,0,0,0,0,0,0,0,0,0,0,0,0,0,0,0,0,0,0,0,0,0,0,0,0,0,0,0,0,0,0,0,0,0,0,0,0,0,0,0,0,0,0,0,0,0,0,0,0,0,0,0,0,0,0,0,0,0,0,0,0,0,0,0,0,0,0,0,0,0,0,0,0,0,0,0,0,0,0,0,0,0,0,0,0,0,0,0,0,0,0,0,0,0,0,0,0,0,0,0,0,0,0,0,0,0,0,0,0,0,0,0,0,0,0,0,0,0,0,0,0,0,0,0,0,0,0,0,0,0,0,0,0,0,0,0,0,0,0,0,0,0,0,0,0,0,0,0,0,0,0,0,0,0,0,0,0,0,0,0,0,0,0,0,0,0,0,0,0,0,0,0,0,0,0,0,0,0,0,0,0,0,0,0,0,0,0,0,0,0,0,0,0,0,0,0,0,0,0,0,0,0,0,1335,-639,-571,24,42,63,76,83,79,66,38,2,-35,-69,-96,-107,-94,-63,-18,31,81,119,135,122,83,20,-54,-119,-161,-176,-153,-93,-7,88,171,218,225,178,87,-29,-148,-238,-276,-252,-168,-40,96,220,299,307,238,110,-50,-198,-303,-331,-283,-163,7,179,305,363,322,200,25,-161,-313,-382,-356,-235,-49,152,317,400,379,255,62,-146,-325,-426,-412,-286,-80,153,348,453,442,316,105,-137,-350,-480,-485,-366,-153,102,335,483,503,394,189,-65,-303,-459,-498,-407,-213,29,260,429,484,405,221,-13,-242,-405,-460,-397,-224,9,226,379,434,379,219,2,-214,-374,0,-382,-221,-3,212,374,435,380,233,22,-197,-372,-445,-400,-258,-50,174,351,441,422,295,93,-138,-334,-440,-436,-332,-149,78,290,429,465,384,216,2,-219,-394,-469,-433,-299,-96,132,326,441,456,369,198,-18,-230,-381,-443,-404,-276,-84,126,303,406,415,329,171,-18,-199,-337,-393,-350,-230,-66,117,268,348,341,257,114,-54,-209,-305,-324,-264,-140,17,164,266,305,266,160,13,-134,-242,-295,-272,-181,-43,102,229,297,291,222,102,-50,-196,-289,-316,-268,-156,-10,134,248,311,306,233,107,-43,-183,-287,-331,-307,-222,-93,52,186,288,339,336,284,200,82,-683,-686
28718,mtk,MTK 7916,2776345928,rx2-tx1,512,0,0,0,0,0,0,0,0,0,0,0,0,0,0,0,0,0,0,0,0,0,0,0,0,0,0,0,0,0,0,0,0,0,0,0,0,0,0,0,0,0,0,0,0,0,0,0,0,0,0,0,0,0,0,0,0,0,0,0,0,0,0,0,0,0,0,0,0,0,0,0,0,0,0,0,0,0,0,0,0,0,0,0,0,0,0,0,0,0,0,0,0,0,0,0,0,0,0,0,0,0,0,0,0,0,0,0,0,0,0,0,0,0,0,0,0,0,0,0,0,0,0,0,0,0,0,0,0,0,0,0,0,0,0,0,0,0,0,0,0,0,0,0,0,0,0,0,0,0,0,0,0,0,0,0,0,0,0,0,0,0,0,0,0,0,0,0,0,0,0,0,0,0,0,0,0,0,0,0,0,0,0,0,0,0,0,0,0,0,0,0,0,0,0,0,0,0,0,0,0,0,0,0,0,0,0,0,0,0,0,0,0,0,0,0,0,0,0,0,0,0,0,0,0,0,0,0,0,0,0,0,0,0,0,0,0,0,0,0,0,0,0,0,0,0,0,0,0,0,0,0,0,0,0,0,0,236,265,210,51,52,41,16,-11,-37,-59,-74,-82,-72,-41,-1,35,63,71,64,50,15,-28,-57,-68,-66,-45,-5,37,71,87,81,49,-4,-57,-100,-117,-106,-62,0,62,113,134,111,64,-1,-82,-145,-161,-139,-77,15,114,182,203,167,78,-33,-138,-211,-239,-199,-101,36,169,256,281,232,115,-49,-202,-304,-334,-275,-138,43,213,336,369,307,156,-44,-238,-373,-414,-348,-186,31,245,394,445,382,216,-15,-246,-410,-469,-409,-240,-2,232,409,482,421,254,25,-210,-391,-470,-424,-266,-38,193,369,444,393,237,23,-188,-343,-406,-358,-211,-10,187,324,370,319,173,0,-209,-324,-351,-282,-124,68,232,330,338,255,96,-103,-267,-346,-329,-233,-69,124,285,369,343,227,48,-150,-312,-391,-357,-232,-48,147,307,381,354,234,53,-135,-286,-357,-333,-225,-60,116,257,332,312,208,61,-95,-222,-282,-261,-174,-44,91,191,235,216,139,22,-90,-165,-186,-160,-95,5,107,166,171,127,54,-31,-110,-160,-156,-105,-29,54,122,155,142,86,10,-66,-127,-149,-131,-78,-5,72,121,139,119,72,-1,-69,-116,-135,-119,-72,-12,52,106,125,110,68,13,-47,-93,-107,-99,-68,-16,44,87,107,106,82,30,-28,-81,-119,-135,-126,-100,-53,394,361,0,0,0,0,0,0,0,0,0,0,0,0,0,0,0,0,0,0,0,0,0,0,0,0,0,0,0,0,0,0,0,0,0,0,0,0,0,0,0,0,0,0,0,0,0,0,0,0,0,0,0,0,0,0,0,0,0,0,0,0,0,0,0,0,0,0,0,0,0,0,0,0,0,0,0,0,0,0,0,0,0,0,0,0,0,0,0,0,0,0,0,0,0,0,0,0,0,0,0,0,0,0,0,0,0,0,0,0,0,0,0,0,0,0,0,0,0,0,0,0,0,0,0,0,0,0,0,0,0,0,0,0,0,0,0,0,0,0,0,0,0,0,0,0,0,0,0,0,0,0,0,0,0,0,0,0,0,0,0,0,0,0,0,0,0,0,0,0,0,0,0,0,0,0,0,0,0,0,0,0,0,0,0,0,0,0,0,0,0,0,0,0,0,0,0,0,0,0,0,0,0,0,0,0,0,0,0,0,0,0,0,0,0,0,0,0,0,0,0,0,0,0,0,0,0,0,0,0,0,0,0,0,0,0,0,0,0,0,0,0,0,0,0,0,0,0,0,0,0,0,0,0,0,0,0,0,-351,-352,-385,12,40,58,68,72,66,48,21,-13,-46,-67,-72,-67,-45,-10,27,56,70,67,45,7,-37,-70,-83,-79,-49,-6,48,89,104,89,52,-5,-61,-103,-115,-99,-56,7,74,124,149,128,63,-15,-94,-159,-184,-150,-76,24,128,190,207,179,92,-31,-148,-245,-276,-221,-100,37,174,283,315,258,125,-38,-204,-322,-355,-291,-146,45,232,365,399,330,171,-33,-243,-392,-439,-361,-191,28,240,404,462,388,214,-12,-237,-413,-482,-415,-245,-12,225,403,472,423,266,37,-195,-374,-450,-407,-252,-33,191,355,425,381,230,22,-181,-333,-385,-337,-200,-5,188,322,0,295,151,-42,-220,-329,-345,-264,-106,81,240,335,335,235,67,-115,-268,-355,-351,-242,-58,150,303,375,353,233,51,-152,-314,-383,-345,-225,-51,140,305,384,353,231,57,-128,-272,-344,-323,-225,-62,115,258,314,285,190,53,-94,-212,-263,-240,-161,-47,87,185,219,189,111,5,-95,-160,-180,-147,-72,23,105,153,158,117,38,-49,-115,-155,-144,-95,-22,62,130,153,133,84,11,-67,-123,-143,-131,-79,-5,65,121,141,125,71,3,-60,-108,-131,-123,-81,-15,51,98,120,110,69,13,-41,-88,-111,-98,-67,-17,35,80,111,119,98,55,-2,-60,-99,-125,-225,-274
28719,mtk,MTK 7916,2776405585,rx0-tx0,512,0,0,0,0,0,0,0,0,0,0,0,0,0,0,0,0,0,0,0,0,0,0,0,0,0,0,0,0,0,0,0,0,0,0,0,0,0,0,0,0,0,0,0,0,0,0,0,0,0,0,0,0,0,0,0,0,0,0,0,0,0,0,0,0,0,0,0,0,0,0,0,0,0,0,0,0,0,0,0,0,0,0,0,0,0,0,0,0,0,0,0,0,0,0,0,0,0,0,0,0,0,0,0,0,0,0,0,0,0,0,0,0,0,0,0,0,0,0,0,0,0,0,0,0,0,0,0,0,0,0,0,0,0,0,0,0,0,0,0,0,0,0,0,0,0,0,0,0,0,0,0,0,0,0,0,0,0,0,0,0,0,0,0,0,0,0,0,0,0,0,0,0,0,0,0,0,0,0,0,0,0,0,0,0,0,0,0,0,0,0,0,0,0,0,0,0,0,0,0,0,0,0,0,0,0,0,0,0,0,0,0,0,0,0,0,0,0,0,0,0,0,0,0,0,0,0,0,0,0,0,0,0,0,0,0,0,0,0,0,0,0,0,0,0,0,0,0,0,0,0,0,0,0,0,0,0,-273,-1140,-1195,237,151,6,-162,-304,-396,-431,-405,-331,-226,-91,52,185,316,424,485,505,497,443,346,211,50,-125,-295,-448,-576,-669,-705,-681,-595,-444,-267,-60,163,378,566,716,819,847,801,695,543,349,125,-102,-321,-525,-686,-807,-876,-881,-826,-708,-550,-365,-145,89,316,523,704,850,935,959,918,813,657,448,211,-57,-326,-569,-783,-938,-1027,-1058,-1013,-888,-704,-473,-200,79,361,611,802,952,1040,1037,963,833,642,421,171,-82,-328,-545,-716,-830,-895,-901,-834,-719,-570,-395,-199,6,197,369,512,627,696,713,706,654,568,454,317,167,11,-138,-279,-407,-514,-587,-635,-651,-1687,-558,-457,-341,-207,-47,108,250,381,487,563,614,624,603,544,450,339,215,85,-60,-197,-313,-425,-511,-573,-614,-626,-606,-559,-475,-361,-223,-66,102,280,451,607,736,826,859,846,776,642,455,228,-18,-280,-535,-761,-941,-1053,-1091,-1053,-943,-762,-518,-229,86,391,669,904,1076,1165,1175,1093,931,708,430,125,-192,-490,-741,-953,-1090,-1138,-1112,-1009,-828,-596,-321,-21,278,560,792,961,1064,1087,1022,879,672,405,119,-164,-439,-672,-851,-956,-980,-928,-799,-605,-372,-117,147,382,576,720,801,818,771,662,500,303,81,-147,-373,-570,-710,-788,-786,-679,-484,-212,97,381,557,-734,-896,0,0,0,0,0,0,0,0,0,0,0,0,0,0,0,0,0,0,0,0,0,0,0,0,0,0,0,0,0,0,0,0,0,0,0,0,0,0,0,0,0,0,0,0,0,0,0,0,0,0,0,0,0,0,0,0,0,0,0,0,0,0,0,0,0,0,0,0,0,0,0,0,0,0,0,0,0,0,0,0,0,0,0,0,0,0,0,0,0,0,0,0,0,0,0,0,0,0,0,0,0,0,0,0,0,0,0,0,0,0,0,0,0,0,0,0,0,0,0,0,0,0,0,0,0,0,0,0,0,0,0,0,0,0,0,0,0,0,0,0,0,0,0,0,0,0,0,0,0,0,0,0,0,0,0,0,0,0,0,0,0,0,0,0,0,0,0,0,0,0,0,0,0,0,0,0,0,0,0,0,0,0,0,0,0,0,0,0,0,0,0,0,0,0,0,0,0,0,0,0,0,0,0,0,0,0,0,0,0,0,0,0,0,0,0,0,0,0,0,0,0,0,0,0,0,0,0,0,0,0,0,0,0,0,0,0,0,0,0,0,0,0,0,0,0,0,0,0,0,0,0,0,0,0,0,0,-1322,-464,-248,-182,-299,-369,-361,-276,-147,8,162,290,390,448,454,424,363,256,122,-17,-162,-307,-434,-532,-590,-593,-551,-461,-327,-153,50,249,448,608,716,778,776,707,578,403,196,-44,-276,-481,-653,-780,-848,-854,-807,-690,-531,-341,-118,108,337,536,696,815,894,909,866,770,618,421,188,-62,-310,-542,-738,-890,-988,-1024,-978,-867,-694,-465,-207,65,344,594,802,963,1050,1061,1004,863,675,451,181,-97,-353,-591,-782,-911,-980,-978,-913,-786,-610,-399,-176,64,282,469,618,729,795,806,763,682,565,422,250,79,-87,-252,-391,-507,-595,-648,-660,-638,-588,-507,-392,-259,-118,37,-175,329,452,538,607,638,623,579,505,397,269,126,-22,-166,-305,-422,-509,-563,-600,-605,-573,-520,-441,-334,-207,-72,71,208,344,476,581,665,712,725,695,623,514,362,170,-42,-259,-475,-675,-839,-944,-989,-974,-882,-728,-510,-246,36,324,598,842,1030,1139,1160,1095,958,752,485,182,-134,-448,-721,-941,-1096,-1167,-1155,-1050,-880,-653,-370,-67,232,521,768,951,1073,1114,1074,954,758,517,243,-55,-352,-614,-829,-976,-1035,-1025,-929,-759,-532,-264,16,287,531,718,840,898,880,793,648,451,222,-17,-246,-451,-615,-729,-780,-767,-689,-539,-340,-100,169,429,640,766,771,641,429,-981,-858
28720,mtk,MTK 7916,2776405585,rx0-tx1,512,0,0,0,0,0,0,0,0,0,0,0,0,0,0,0,0,0,0,0,0,0,0,0,0,0,0,0,0,0,0,0,0,0,0,0,0,0,0,0,0,0,0,0,0,0,0,0,0,0,0,0,0,0,0,0,0,0,0,0,0,0,0,0,0,0,0,0,0,0,0,0,0,0,0,0,0,0,0,0,0,0,0,0,0,0,0,0,0,0,0,0,0,0,0,0,0,0,0,0,0,0,0,0,0,0,0,0,0,0,0,0,0,0,0,0,0,0,0,0,0,0,0,0,0,0,0,0,0,0,0,0,0,0,0,0,0,0,0,0,0,0,0,0,0,0,0,0,0,0,0,0,0,0,0,0,0,0,0,0,0,0,0,0,0,0,0,0,0,0,0,0,0,0,0,0,0,0,0,0,0,0,0,0,0,0,0,0,0,0,0,0,0,0,0,0,0,0,0,0,0,0,0,0,0,0,0,0,0,0,0,0,0,0,0,0,0,0,0,0,0,0,0,0,0,0,0,0,0,0,0,0,0,0,0,0,0,0,0,0,0,0,0,0,0,0,0,0,0,0,0,0,0,0,0,0,0,-730,361,236,-139,-46,92,229,332,378,360,296,190,61,-76,-214,-329,-423,-481,-490,-460,-384,-264,-114,53,226,391,526,628,676,661,602,481,313,113,-103,-322,-520,-688,-802,-855,-851,-772,-632,-440,-206,48,302,540,752,906,991,1018,975,848,661,422,145,-133,-416,-676,-891,-1051,-1140,-1148,-1078,-932,-721,-458,-165,142,451,740,975,1141,1240,1251,1178,1037,823,553,229,-99,-432,-742,-1007,-1207,-1320,-1363,-1306,-1160,-942,-649,-317,42,407,738,1023,1246,1391,1429,1380,1236,1006,718,386,10,-361,-706,-1002,-1231,-1383,-1444,-1401,-1264,-1057,-773,-445,-89,273,614,913,1149,1314,1391,1382,1277,1096,856,-546,216,-141,-467,-770,-1030,-1219,-1326,-1364,-1316,-1185,-976,-719,-405,-73,270,599,893,1138,1310,1400,1403,1325,1154,902,589,240,-131,-500,-842,-1126,-1342,-1462,-1488,-1415,-1248,-1002,-684,-321,59,435,782,1083,1304,1433,1472,1410,1251,1024,718,371,13,-348,-682,-972,-1196,-1341,-1393,-1348,-1229,-1027,-757,-445,-102,250,582,873,1106,1265,1345,1325,1220,1030,762,443,100,-254,-597,-887,-1120,-1273,-1326,-1280,-1141,-924,-638,-298,70,413,729,990,1154,1242,1218,1094,889,613,295,-42,-372,-650,-869,-1011,-1060,-1018,-902,-716,-475,-196,83,339,566,746,855,891,852,732,535,283,-9,-317,-590,-784,-853,-762,-575,636,580,0,0,0,0,0,0,0,0,0,0,0,0,0,0,0,0,0,0,0,0,0,0,0,0,0,0,0,0,0,0,0,0,0,0,0,0,0,0,0,0,0,0,0,0,0,0,0,0,0,0,0,0,0,0,0,0,0,0,0,0,0,0,0,0,0,0,0,0,0,0,0,0,0,0,0,0,0,0,0,0,0,0,0,0,0,0,0,0,0,0,0,0,0,0,0,0,0,0,0,0,0,0,0,0,0,0,0,0,0,0,0,0,0,0,0,0,0,0,0,0,0,0,0,0,0,0,0,0,0,0,0,0,0,0,0,0,0,0,0,0,0,0,0,0,0,0,0,0,0,0,0,0,0,0,0,0,0,0,0,0,0,0,0,0,0,0,0,0,0,0,0,0,0,0,0,0,0,0,0,0,0,0,0,0,0,0,0,0,0,0,0,0,0,0,0,0,0,0,0,0,0,0,0,0,0,0,0,0,0,0,0,0,0,0,0,0,0,0,0,0,0,0,0,0,0,0,0,0,0,0,0,0,0,0,0,0,0,0,0,0,0,0,0,0,0,0,0,0,0,0,0,0,0,0,0,0,-128,-667,-735,196,279,303,253,145,2,-140,-266,-363,-416,-428,-388,-312,-202,-63,83,231,370,480,549,575,551,477,358,200,8,-189,-381,-551,-677,-753,-775,-733,-626,-465,-256,-26,212,446,649,811,913,946,906,811,652,427,172,-98,-371,-620,-826,-986,-1071,-1084,-1027,-891,-690,-444,-152,151,443,716,934,1097,1180,1192,1131,987,768,500,193,-139,-458,-748,-990,-1177,-1280,-1304,-1252,-1105,-887,-594,-273,70,424,741,1020,1232,1356,1405,1352,1210,983,692,345,-23,-382,-727,-1019,-1240,-1390,-1444,-1393,-1254,-1032,-749,-415,-44,328,670,963,1199,1354,1423,1393,1272,1071,805,489,145,-210,-551,-847,-1096,1197,-1368,-1368,-1286,-1135,-910,-622,-308,25,366,684,954,1167,1313,1377,1355,1250,1065,813,507,166,-185,-537,-864,-1130,-1324,-1436,-1459,-1387,-1216,-968,-656,-293,89,470,815,1107,1328,1457,1487,1421,1260,1014,698,349,-23,-402,-743,-1036,-1259,-1385,-1422,-1373,-1234,-1017,-735,-408,-52,296,623,913,1138,1289,1354,1334,1224,1039,779,467,120,-232,-564,-862,-1105,-1266,-1335,-1320,-1199,-994,-723,-396,-38,318,649,928,1141,1270,1292,1216,1053,794,484,145,-210,-536,-814,-1020,-1139,-1164,-1084,-915,-683,-396,-85,216,483,707,869,948,942,860,719,520,276,13,-258,-508,-711,-843,-891,-835,-660,-391,-55,274,500,-354,-468
28721,mtk,MTK 7916,2776405585,rx1-tx0,512,0,0,0,0,0,0,0,0,0,0,0,0,0,0,0,0,0,0,0,0,0,0,0,0,0,0,0,0,0,0,0,0,0,0,0,0,0,0,0,0,0,0,0,0,0,0,0,0,0,0,0,0,0,0,0,0,0,0,0,0,0,0,0,0,0,0,0,0,0,0,0,0,0,0,0,0,0,0,0,0,0,0,0,0,0,0,0,0,0,0,0,0,0,0,0,0,0,0,0,0,0,0,0,0,0,0,0,0,0,0,0,0,0,0,0,0,0,0,0,0,0,0,0,0,0,0,0,0,0,0,0,0,0,0,0,0,0,0,0,0,0,0,0,0,0,0,0,0,0,0,0,0,0,0,0,0,0,0,0,0,0,0,0,0,0,0,0,0,0,0,0,0,0,0,0,0,0,0,0,0,0,0,0,0,0,0,0,0,0,0,0,0,0,0,0,0,0,0,0,0,0,0,0,0,0,0,0,0,0,0,0,0,0,0,0,0,0,0,0,0,0,0,0,0,0,0,0,0,0,0,0,0,0,0,0,0,0,0,0,0,0,0,0,0,0,0,0,0,0,0,0,0,0,0,0,0,146,756,861,-113,-150,-157,-121,-56,26,101,165,203,215,199,160,98,28,-50,-119,-180,-222,-237,-235,-204,-156,-86,-8,74,152,204,243,259,243,203,149,83,9,-61,-121,-166,-195,-202,-193,-168,-125,-84,-33,14,50,82,102,106,104,92,77,59,40,22,14,5,-3,2,3,16,18,11,8,-1,-18,-38,-64,-99,-119,-135,-143,-144,-134,-97,-46,6,64,127,192,245,282,285,271,245,179,97,2,-107,-202,-292,-360,-392,-400,-368,-298,-216,-119,-4,117,228,322,389,425,429,392,340,254,144,27,-87,-193,-288,-365,-410,-427,-418,-368,-298,-200,-98,15,130,228,319,-144,412,418,385,331,252,150,46,-71,-176,-269,-337,-376,-400,-379,-336,-275,-184,-86,17,120,198,260,306,339,339,306,263,205,126,45,-30,-113,-183,-226,-257,-267,-262,-243,-207,-159,-101,-36,25,78,132,172,202,219,228,216,183,142,95,49,0,-50,-95,-138,-163,-174,-184,-174,-160,-130,-94,-56,-20,18,59,99,121,141,154,154,154,140,123,93,57,15,-36,-72,-115,-151,-178,-193,-193,-171,-136,-95,-40,21,81,135,177,208,219,214,189,140,80,11,-64,-123,-181,-215,-232,-229,-195,-138,-70,1,75,150,204,235,232,204,150,74,-12,-95,-163,-195,-184,330,485,0,0,0,0,0,0,0,0,0,0,0,0,0,0,0,0,0,0,0,0,0,0,0,0,0,0,0,0,0,0,0,0,0,0,0,0,0,0,0,0,0,0,0,0,0,0,0,0,0,0,0,0,0,0,0,0,0,0,0,0,0,0,0,0,0,0,0,0,0,0,0,0,0,0,0,0,0,0,0,0,0,0,0,0,0,0,0,0,0,0,0,0,0,0,0,0,0,0,0,0,0,0,0,0,0,0,0,0,0,0,0,0,0,0,0,0,0,0,0,0,0,0,0,0,0,0,0,0,0,0,0,0,0,0,0,0,0,0,0,0,0,0,0,0,0,0,0,0,0,0,0,0,0,0,0,0,0,0,0,0,0,0,0,0,0,0,0,0,0,0,0,0,0,0,0,0,0,0,0,0,0,0,0,0,0,0,0,0,0,0,0,0,0,0,0,0,0,0,0,0,0,0,0,0,0,0,0,0,0,0,0,0,0,0,0,0,0,0,0,0,0,0,0,0,0,0,0,0,0,0,0,0,0,0,0,0,0,0,0,0,0,0,0,0,0,0,0,0,0,0,0,0,0,0,0,0,206,566,422,-75,-20,57,128,180,195,177,128,60,-13,-85,-150,-199,-224,-228,-203,-157,-90,-14,63,138,201,242,258,248,210,152,87,5,-75,-140,-189,-227,-238,-224,-193,-141,-83,-24,32,81,119,149,161,158,137,111,76,43,13,-13,-32,-47,-52,-52,-44,-44,-29,-20,-23,-24,-39,-45,-55,-68,-74,-75,-80,-66,-38,-12,23,63,114,167,196,221,223,210,172,113,35,-53,-126,-208,-279,-326,-353,-344,-308,-244,-149,-43,64,177,271,344,399,419,403,353,279,182,73,-51,-162,-259,-351,-405,-426,-415,-377,-315,-224,-121,-12,102,211,301,369,410,424,400,351,282,147,67,-46,-156,-249,-335,-388,-413,-412,-375,-313,-219,-120,-10,101,193,276,339,367,370,342,295,232,157,64,-37,-120,-190,-249,-293,-307,-303,-279,-229,-175,-111,-39,30,97,151,196,230,246,242,225,194,150,100,51,-5,-63,-110,-152,-178,-194,-198,-189,-170,-141,-99,-55,-9,41,81,112,138,154,162,161,147,124,98,75,33,-1,-36,-71,-105,-136,-155,-174,-172,-160,-139,-101,-60,-12,44,95,138,176,206,215,202,171,123,63,-2,-71,-131,-182,-216,-237,-229,-201,-149,-78,-10,66,137,190,221,229,222,187,123,43,-36,-111,-178,-219,-227,-195,-133,-46,32,868,802
28722,mtk,MTK 7916,2776405585,rx1-tx1,512,0,0,0,0,0,0,0,0,0,0,0,0,0,0,0,0,0,0,0,0,0,0,0,0,0,0,0,0,0,0,0,0,0,0,0,0,0,0,0,0,0,0,0,0,0,0,0,0,0,0,0,0,0,0,0,0,0,0,0,0,0,0,0,0,0,0,0,0,0,0,0,0,0,0,0,0,0,0,0,0,0,0,0,0,0,0,0,0,0,0,0,0,0,0,0,0,0,0,0,0,0,0,0,0,0,0,0,0,0,0,0,0,0,0,0,0,0,0,0,0,0,0,0,0,0,0,0,0,0,0,0,0,0,0,0,0,0,0,0,0,0,0,0,0,0,0,0,0,0,0,0,0,0,0,0,0,0,0,0,0,0,0,0,0,0,0,0,0,0,0,0,0,0,0,0,0,0,0,0,0,0,0,0,0,0,0,0,0,0,0,0,0,0,0,0,0,0,0,0,0,0,0,0,0,0,0,0,0,0,0,0,0,0,0,0,0,0,0,0,0,0,0,0,0,0,0,0,0,0,0,0,0,0,0,0,0,0,0,0,0,0,0,0,0,0,0,0,0,0,0,0,0,0,0,0,0,-411,-484,-542,-24,-34,-33,-29,-24,-9,9,22,35,43,41,35,25,3,-21,-38,-48,-48,-40,-24,-1,21,40,57,64,50,26,0,-31,-65,-75,-66,-48,-23,9,40,63,70,66,50,14,-23,-53,-66,-66,-60,-32,5,34,48,55,54,38,6,-26,-45,-56,-48,-25,6,32,43,45,40,21,-12,-40,-56,-59,-41,-10,18,51,77,76,56,19,-28,-70,-94,-95,-75,-35,16,74,117,125,100,48,-17,-79,-118,-135,-117,-73,-5,67,125,156,146,90,20,-58,-127,-163,-157,-112,-36,53,127,171,178,141,59,-36,-125,-190,-203,-167,-98,-3,105,194,230,206,0,44,-64,-162,-224,-236,-188,-96,16,126,206,243,224,151,50,-61,-161,-215,-220,-183,-113,-15,82,155,194,191,148,76,-4,-81,-141,-167,-158,-116,-61,7,73,124,143,134,104,58,-2,-59,-110,-139,-144,-120,-72,-6,58,116,153,163,135,77,-4,-85,-150,-186,-182,-137,-55,43,141,210,231,188,101,-9,-118,-210,-266,-256,-183,-61,72,191,281,315,265,149,8,-146,-273,-338,-326,-242,-102,62,216,319,355,316,205,46,-119,-259,-338,-342,-278,-160,1,156,263,311,292,207,78,-65,-185,-262,-289,-248,-150,-24,110,223,285,294,254,172,63,-48,-142,-217,-181,-289,0,0,0,0,0,0,0,0,0,0,0,0,0,0,0,0,0,0,0,0,0,0,0,0,0,0,0,0,0,0,0,0,0,0,0,0,0,0,0,0,0,0,0,0,0,0,0,0,0,0,0,0,0,0,0,0,0,0,0,0,0,0,0,0,0,0,0,0,0,0,0,0,0,0,0,0,0,0,0,0,0,0,0,0,0,0,0,0,0,0,0,0,0,0,0,0,0,0,0,0,0,0,0,0,0,0,0,0,0,0,0,0,0,0,0,0,0,0,0,0,0,0,0,0,0,0,0,0,0,0,0,0,0,0,0,0,0,0,0,0,0,0,0,0,0,0,0,0,0,0,0,0,0,0,0,0,0,0,0,0,0,0,0,0,0,0,0,0,0,0,0,0,0,0,0,0,0,0,0,0,0,0,0,0,0,0,0,0,0,0,0,0,0,0,0,0,0,0,0,0,0,0,0,0,0,0,0,0,0,0,0,0,0,0,0,0,0,0,0,0,0,0,0,0,0,0,0,0,0,0,0,0,0,0,0,0,0,0,0,0,0,0,0,0,0,0,0,0,0,0,0,0,0,0,0,0,-92,-296,-186,3,-3,-14,-25,-34,-37,-38,-36,-27,-11,8,25,38,46,43,29,11,-10,-32,-51,-63,-58,-37,-16,10,37,58,69,62,39,9,-23,-52,-71,-75,-65,-38,-6,26,51,70,69,50,22,-10,-42,-59,-62,-56,-35,-3,29,51,65,57,32,-5,-35,-48,-51,-41,-19,3,26,47,50,39,21,-11,-44,-66,-64,-49,-13,29,63,83,86,67,26,-30,-78,-103,-107,-88,-42,15,74,117,133,108,60,-1,-67,-120,-143,-129,-84,-12,64,125,157,151,104,31,-56,-130,-169,-167,-124,-53,37,132,191,197,161,84,-26,-124,-187,-215,-195,-119,-12,95,0,233,226,166,72,-43,-146,-215,-239,-206,-126,-22,90,183,227,219,169,82,-25,-122,-190,-214,-195,-132,-47,45,119,169,185,158,105,32,-48,-113,-147,-153,-133,-91,-34,36,95,128,141,126,85,25,-29,-81,-132,-156,-142,-105,-44,26,100,159,183,163,104,18,-74,-153,-205,-211,-163,-82,22,127,214,249,220,144,31,-100,-214,-279,-286,-229,-108,42,184,284,327,296,200,46,-118,-253,-342,-354,-283,-154,5,170,296,357,335,247,103,-58,-203,-303,-336,-291,-185,-44,100,219,289,288,222,108,-27,-153,-242,-287,-268,-193,-78,49,169,255,298,291,243,158,-500,-461
28723,mtk,MTK 7916,2776405585,rx2-tx0,512,0,0,0,0,0,0,0,0,0,0,0,0,0,0,0,0,0,0,0,0,0,0,0,0,0,0,0,0,0,0,0,0,0,0,0,0,0,0,0,0,0,0,0,0,0,0,0,0,0,0,0,0,0,0,0,0,0,0,0,0,0,0,0,0,0,0,0,0,0,0,0,0,0,0,0,0,0,0,0,0,0,0,0,0,0,0,0,0,0,0,0,0,0,0,0,0,0,0,0,0,0,0,0,0,0,0,0,0,0,0,0,0,0,0,0,0,0,0,0,0,0,0,0,0,0,0,0,0,0,0,0,0,0,0,0,0,0,0,0,0,0,0,0,0,0,0,0,0,0,0,0,0,0,0,0,0,0,0,0,0,0,0,0,0,0,0,0,0,0,0,0,0,0,0,0,0,0,0,0,0,0,0,0,0,0,0,0,0,0,0,0,0,0,0,0,0,0,0,0,0,0,0,0,0,0,0,0,0,0,0,0,0,0,0,0,0,0,0,0,0,0,0,0,0,0,0,0,0,0,0,0,0,0,0,0,0,0,0,0,0,0,0,0,0,0,0,0,0,0,0,0,0,0,0,0,0,-136,599,711,-45,-33,-18,8,39,66,87,96,95,81,48,3,-47,-86,-111,-119,-106,-71,-18,43,98,140,159,146,98,26,-57,-132,-189,-209,-180,-111,-20,84,176,234,246,198,104,-14,-137,-236,-284,-266,-189,-65,81,209,292,303,245,128,-20,-173,-284,-327,-291,-183,-23,145,276,343,330,225,61,-118,-273,-367,-367,-270,-96,97,273,384,402,316,142,-76,-276,-414,-452,-377,-201,27,253,419,488,438,276,43,-204,-403,-503,-485,-347,-121,132,356,495,512,402,194,-59,-295,-458,-506,-429,-248,-10,232,414,484,429,273,54,-186,-369,-454,-427,-295,-87,141,335,438,430,0,124,-104,-304,-428,-442,-346,-166,53,261,400,439,372,213,1,-215,-378,-447,-406,-270,-67,152,336,437,435,333,146,-71,-274,-413,-457,-397,-240,-31,182,350,445,444,338,150,-68,-262,-404,-460,-409,-269,-74,131,312,421,433,351,198,9,-186,-338,-413,-395,-292,-123,67,235,347,381,327,204,39,-131,-273,-347,-338,-252,-113,46,196,296,326,280,167,15,-137,-250,-305,-289,-203,-63,85,207,285,301,241,122,-22,-160,-259,-300,-274,-187,-56,88,212,288,295,239,135,-2,-139,-244,-300,-290,-216,-98,39,170,265,306,290,221,109,-19,-139,-234,-290,-300,-271,-202,198,336,0,0,0,0,0,0,0,0,0,0,0,0,0,0,0,0,0,0,0,0,0,0,0,0,0,0,0,0,0,0,0,0,0,0,0,0,0,0,0,0,0,0,0,0,0,0,0,0,0,0,0,0,0,0,0,0,0,0,0,0,0,0,0,0,0,0,0,0,0,0,0,0,0,0,0,0,0,0,0,0,0,0,0,0,0,0,0,0,0,0,0,0,0,0,0,0,0,0,0,0,0,0,0,0,0,0,0,0,0,0,0,0,0,0,0,0,0,0,0,0,0,0,0,0,0,0,0,0,0,0,0,0,0,0,0,0,0,0,0,0,0,0,0,0,0,0,0,0,0,0,0,0,0,0,0,0,0,0,0,0,0,0,0,0,0,0,0,0,0,0,0,0,0,0,0,0,0,0,0,0,0,0,0,0,0,0,0,0,0,0,0,0,0,0,0,0,0,0,0,0,0,0,0,0,0,0,0,0,0,0,0,0,0,0,0,0,0,0,0,0,0,0,0,0,0,0,0,0,0,0,0,0,0,0,0,0,0,0,0,0,0,0,0,0,0,0,0,0,0,0,0,0,0,0,0,0,1335,553,426,-43,-65,-79,-85,-81,-66,-41,-8,29,66,95,107,100,77,37,-15,-68,-110,-137,-138,-110,-59,8,84,145,177,175,135,65,-24,-114,-189,-227,-214,-156,-59,57,165,235,262,235,150,23,-111,-220,-286,-288,-219,-95,50,185,284,315,268,159,3,-160,-283,-336,-307,-202,-45,127,275,354,339,241,81,-107,-275,-370,-375,-285,-117,89,279,404,425,339,167,-51,-266,-418,-470,-405,-238,-3,234,416,500,464,315,81,-175,-390,-509,-502,-377,-162,95,330,483,517,422,229,-18,-258,-428,-490,-429,-260,-27,204,386,474,436,284,67,-161,-350,-449,-430,-296,-101,116,0,430,435,327,138,-86,-283,-408,-435,-357,-188,33,242,394,446,391,239,32,-184,-355,-442,-424,-302,-109,114,308,430,449,358,191,-22,-229,-386,-456,-425,-291,-89,128,317,435,451,369,210,6,-204,-366,-447,-429,-321,-144,58,249,384,431,381,252,71,-124,-284,-378,-388,-316,-170,12,181,309,367,340,235,80,-93,-238,-322,-331,-265,-142,12,160,271,318,287,188,46,-104,-226,-294,-293,-219,-94,53,183,271,299,257,154,12,-131,-242,-298,-291,-217,-94,51,183,274,304,265,173,45,-95,-214,-285,-303,-256,-156,-27,104,220,293,315,286,216,113,4,-93,-173,766,719
28724,mtk,MTK 7916,2776405585,rx2-tx1,512,0,0,0,0,0,0,0,0,0,0,0,0,0,0,0,0,0,0,0,0,0,0,0,0,0,0,0,0,0,0,0,0,0,0,0,0,0,0,0,0,0,0,0,0,0,0,0,0,0,0,0,0,0,0,0,0,0,0,0,0,0,0,0,0,0,0,0,0,0,0,0,0,0,0,0,0,0,0,0,0,0,0,0,0,0,0,0,0,0,0,0,0,0,0,0,0,0,0,0,0,0,0,0,0,0,0,0,0,0,0,0,0,0,0,0,0,0,0,0,0,0,0,0,0,0,0,0,0,0,0,0,0,0,0,0,0,0,0,0,0,0,0,0,0,0,0,0,0,0,0,0,0,0,0,0,0,0,0,0,0,0,0,0,0,0,0,0,0,0,0,0,0,0,0,0,0,0,0,0,0,0,0,0,0,0,0,0,0,0,0,0,0,0,0,0,0,0,0,0,0,0,0,0,0,0,0,0,0,0,0,0,0,0,0,0,0,0,0,0,0,0,0,0,0,0,0,0,0,0,0,0,0,0,0,0,0,0,0,0,0,0,0,0,0,0,0,0,0,0,0,0,0,0,0,0,0,236,-329,-285,-44,-28,-11,9,33,52,66,68,58,43,18,-20,-53,-71,-69,-55,-31,-1,31,57,65,57,36,3,-39,-66,-70,-59,-33,4,45,79,89,74,32,-22,-69,-95,-104,-89,-47,16,80,120,129,107,46,-34,-115,-166,-174,-137,-60,30,123,191,217,180,88,-32,-146,-230,-260,-230,-129,17,166,273,315,283,180,26,-147,-290,-367,-349,-241,-71,126,297,396,392,290,121,-89,-286,-413,-435,-352,-179,49,260,403,455,393,228,11,-208,-382,-456,-416,-276,-67,163,339,423,406,285,94,-117,-290,-389,-387,-281,-110,84,254,348,345,258,107,-76,-231,-312,-310,0,-81,88,226,303,294,207,66,-99,-232,-295,-281,-191,-47,121,252,312,285,186,35,-132,-267,-331,-306,-203,-49,124,265,330,312,216,61,-108,-248,-326,-317,-230,-87,78,217,294,302,231,100,-53,-187,-263,-267,-213,-105,27,146,222,238,181,78,-34,-123,-182,-191,-144,-55,42,122,160,152,106,31,-58,-132,-162,-148,-97,-16,74,138,161,139,80,7,-69,-136,-156,-129,-78,-12,63,128,153,137,89,18,-57,-112,-149,-149,-105,-34,42,105,142,140,109,52,-17,-85,-128,-141,-118,-63,0,62,114,139,127,87,27,-39,-97,-129,-137,-125,-98,-51,8,60,-420,-400,0,0,0,0,0,0,0,0,0,0,0,0,0,0,0,0,0,0,0,0,0,0,0,0,0,0,0,0,0,0,0,0,0,0,0,0,0,0,0,0,0,0,0,0,0,0,0,0,0,0,0,0,0,0,0,0,0,0,0,0,0,0,0,0,0,0,0,0,0,0,0,0,0,0,0,0,0,0,0,0,0,0,0,0,0,0,0,0,0,0,0,0,0,0,0,0,0,0,0,0,0,0,0,0,0,0,0,0,0,0,0,0,0,0,0,0,0,0,0,0,0,0,0,0,0,0,0,0,0,0,0,0,0,0,0,0,0,0,0,0,0,0,0,0,0,0,0,0,0,0,0,0,0,0,0,0,0,0,0,0,0,0,0,0,0,0,0,0,0,0,0,0,0,0,0,0,0,0,0,0,0,0,0,0,0,0,0,0,0,0,0,0,0,0,0,0,0,0,0,0,0,0,0,0,0,0,0,0,0,0,0,0,0,0,0,0,0,0,0,0,0,0,0,0,0,0,0,0,0,0,0,0,0,0,0,0,0,0,0,0,0,0,0,0,0,0,0,0,0,0,0,0,0,0,0,0,-351,207,270,-27,-51,-63,-68,-63,-48,-24,7,39,59,68,68,53,19,-13,-43,-63,-68,-53,-32,3,38,58,65,55,30,-2,-41,-72,-80,-65,-33,12,60,89,99,80,31,-25,-71,-112,-120,-89,-38,27,90,133,149,120,51,-37,-115,-173,-191,-159,-80,35,145,219,238,204,112,-20,-155,-258,-289,-253,-153,-6,153,282,337,312,211,51,-141,-300,-384,-374,-270,-92,111,290,403,416,324,146,-67,-271,-412,-447,-368,-199,18,235,391,456,406,250,33,-190,-368,-445,-410,-279,-79,131,310,410,400,289,105,-99,-266,-366,-372,-278,-114,76,241,329,331,246,101,-64,0,-323,-313,-219,-71,93,222,293,283,196,53,-109,-245,-306,-283,-181,-37,117,250,317,300,198,40,-130,-267,-341,-312,-205,-53,113,260,330,313,223,81,-89,-233,-311,-309,-231,-97,62,201,282,290,219,97,-41,-163,-242,-254,-199,-98,27,136,195,199,151,68,-26,-112,-169,-170,-121,-45,48,126,163,153,103,23,-64,-130,-162,-146,-90,-10,73,134,157,143,88,5,-73,-123,-152,-150,-93,-8,68,119,148,142,97,23,-49,-111,-148,-148,-111,-47,27,95,133,138,111,61,-11,-81,-122,-132,-117,-81,-18,51,104,131,133,103,55,0,-57,-113,-144,-145,-126,14,81
28725,mtk,MTK 7916,2776445480,rx0-tx0,512,0,0,0,0,0,0,0,0,0,0,0,0,0,0,0,0,0,0,0,0,0,0,0,0,0,0,0,0,0,0,0,0,0,0,0,0,0,0,0,0,0,0,0,0,0,0,0,0,0,0,0,0,0,0,0,0,0,0,0,0,0,0,0,0,0,0,0,0,0,0,0,0,0,0,0,0,0,0,0,0,0,0,0,0,0,0,0,0,0,0,0,0,0,0,0,0,0,0,0,0,0,0,0,0,0,0,0,0,0,0,0,0,0,0,0,0,0,0,0,0,0,0,0,0,0,0,0,0,0,0,0,0,0,0,0,0,0,0,0,0,0,0,0,0,0,0,0,0,0,0,0,0,0,0,0,0,0,0,0,0,0,0,0,0,0,0,0,0,0,0,0,0,0,0,0,0,0,0,0,0,0,0,0,0,0,0,0,0,0,0,0,0,0,0,0,0,0,0,0,0,0,0,0,0,0,0,0,0,0,0,0,0,0,0,0,0,0,0,0,0,0,0,0,0,0,0,0,0,0,0,0,0,0,0,0,0,0,0,0,0,0,0,0,0,0,0,0,0,0,0,0,0,0,0,0,0,-273,-1140,-1195,-2,-113,-219,-285,-281,-223,-124,-1,122,230,306,340,340,296,217,112,-10,-143,-265,-360,-422,-447,-418,-345,-228,-75,92,260,404,513,564,557,486,366,204,8,-183,-350,-494,-587,-617,-595,-513,-379,-223,-43,147,309,458,571,624,625,575,476,342,176,-16,-209,-394,-543,-648,-698,-693,-629,-494,-314,-115,107,336,529,676,763,780,734,614,437,226,-7,-244,-464,-634,-750,-789,-761,-670,-516,-315,-93,136,348,525,651,714,710,658,549,388,212,17,-172,-338,-469,-557,-601,-597,-551,-464,-341,-207,-49,104,237,367,463,518,542,528,473,390,273,135,-13,-162,-297,-424,-1687,-566,-572,-535,-460,-356,-218,-56,115,270,416,526,598,628,605,546,439,295,131,-53,-241,-412,-564,-681,-745,-746,-696,-585,-413,-200,35,291,523,719,872,949,949,856,679,437,150,-169,-488,-765,-973,-1101,-1128,-1051,-875,-612,-285,69,423,739,993,1157,1209,1152,982,719,391,26,-345,-675,-945,-1134,-1212,-1170,-1023,-776,-469,-119,249,585,867,1064,1158,1149,1025,807,513,179,-170,-506,-792,-1005,-1113,-1113,-1000,-787,-495,-156,188,506,779,968,1052,1020,882,664,378,59,-262,-548,-764,-896,-934,-870,-720,-493,-220,74,360,604,786,883,868,753,533,217,-143,-492,-762,-882,-811,-598,-734,-896,0,0,0,0,0,0,0,0,0,0,0,0,0,0,0,0,0,0,0,0,0,0,0,0,0,0,0,0,0,0,0,0,0,0,0,0,0,0,0,0,0,0,0,0,0,0,0,0,0,0,0,0,0,0,0,0,0,0,0,0,0,0,0,0,0,0,0,0,0,0,0,0,0,0,0,0,0,0,0,0,0,0,0,0,0,0,0,0,0,0,0,0,0,0,0,0,0,0,0,0,0,0,0,0,0,0,0,0,0,0,0,0,0,0,0,0,0,0,0,0,0,0,0,0,0,0,0,0,0,0,0,0,0,0,0,0,0,0,0,0,0,0,0,0,0,0,0,0,0,0,0,0,0,0,0,0,0,0,0,0,0,0,0,0,0,0,0,0,0,0,0,0,0,0,0,0,0,0,0,0,0,0,0,0,0,0,0,0,0,0,0,0,0,0,0,0,0,0,0,0,0,0,0,0,0,0,0,0,0,0,0,0,0,0,0,0,0,0,0,0,0,0,0,0,0,0,0,0,0,0,0,0,0,0,0,0,0,0,0,0,0,0,0,0,0,0,0,0,0,0,0,0,0,0,0,0,-1322,-464,-248,-214,-212,-150,-33,99,212,289,319,301,242,150,36,-84,-199,-295,-359,-390,-376,-314,-219,-96,44,194,325,438,499,510,464,365,215,39,-145,-318,-456,-561,-602,-574,-500,-370,-196,-8,178,352,485,576,625,601,534,428,272,95,-91,-267,-424,-548,-634,-666,-638,-557,-422,-248,-48,158,362,538,660,727,745,687,560,387,172,-58,-291,-499,-660,-762,-794,-765,-657,-488,-274,-33,201,418,598,711,763,749,668,532,351,143,-66,-265,-444,-572,-646,-670,-635,-549,-430,-276,-111,60,221,362,466,537,568,546,501,417,300,162,17,-129,-268,-383,-477,-533,-553,-529,-472,-384,-175,-107,55,212,353,469,557,598,589,542,451,323,170,-1,-169,-334,-479,-585,-652,-677,-644,-561,-437,-271,-75,136,342,544,703,805,855,832,722,556,328,63,-224,-505,-750,-925,-1031,-1051,-966,-784,-530,-220,119,457,760,995,1140,1178,1106,935,671,345,-17,-384,-719,-988,-1159,-1226,-1170,-1007,-757,-436,-70,296,634,907,1095,1186,1164,1029,798,497,153,-205,-545,-827,-1029,-1131,-1130,-1020,-811,-523,-185,166,504,787,990,1088,1073,955,747,456,120,-224,-531,-777,-937,-995,-951,-805,-580,-301,3,302,559,752,863,883,809,643,408,115,-202,-494,-744,-898,-913,-781,-506,-129,262,533,-981,-858
28726,mtk,MTK 7916,2776445480,rx0-tx1,512,0,0,0,0,0,0,0,0,0,0,0,0,0,0,0,0,0,0,0,0,0,0,0,0,0,0,0,0,0,0,0,0,0,0,0,0,0,0,0,0,0,0,0,0,0,0,0,0,0,0,0,0,0,0,0,0,0,0,0,0,0,0,0,0,0,0,0,0,0,0,0,0,0,0,0,0,0,0,0,0,0,0,0,0,0,0,0,0,0,0,0,0,0,0,0,0,0,0,0,0,0,0,0,0,0,0,0,0,0,0,0,0,0,0,0,0,0,0,0,0,0,0,0,0,0,0,0,0,0,0,0,0,0,0,0,0,0,0,0,0,0,0,0,0,0,0,0,0,0,0,0,0,0,0,0,0,0,0,0,0,0,0,0,0,0,0,0,0,0,0,0,0,0,0,0,0,0,0,0,0,0,0,0,0,0,0,0,0,0,0,0,0,0,0,0,0,0,0,0,0,0,0,0,0,0,0,0,0,0,0,0,0,0,0,0,0,0,0,0,0,0,0,0,0,0,0,0,0,0,0,0,0,0,0,0,0,0,0,0,0,0,0,0,0,0,0,0,0,0,0,0,0,0,0,0,0,-730,361,236,172,267,312,271,163,11,-148,-282,-376,-417,-401,-331,-217,-69,92,243,382,485,533,526,458,337,164,-33,-240,-437,-590,-689,-714,-664,-534,-355,-126,125,379,599,762,858,864,781,626,402,133,-162,-447,-702,-892,-990,-1007,-934,-767,-515,-210,115,431,721,949,1089,1132,1072,915,670,360,14,-336,-660,-927,-1122,-1225,-1214,-1091,-873,-571,-216,162,528,854,1108,1269,1328,1257,1082,803,451,66,-344,-724,-1046,-1277,-1386,-1390,-1260,-1019,-681,-286,146,558,913,1203,1376,1429,1362,1165,867,499,85,-335,-724,-1049,-1281,-1391,-1394,-1271,-1042,-721,-342,55,454,811,1100,1283,1369,1332,1185,943,-546,245,-159,-529,-864,-1128,-1299,-1356,-1298,-1142,-887,-558,-182,212,581,912,1173,1330,1376,1310,1128,850,503,111,-302,-693,-1020,-1271,-1412,-1425,-1321,-1104,-783,-394,33,459,842,1153,1364,1448,1413,1249,978,618,209,-213,-619,-959,-1228,-1384,-1406,-1316,-1113,-807,-444,-44,358,725,1023,1236,1338,1323,1200,970,660,291,-106,-492,-835,-1106,-1280,-1336,-1274,-1093,-808,-456,-54,354,729,1037,1244,1329,1290,1123,844,483,74,-343,-719,-1026,-1227,-1288,-1214,-1017,-719,-348,60,443,772,1006,1115,1111,989,758,454,117,-220,-520,-745,-886,-933,-874,-724,-492,-219,80,376,628,805,874,818,629,327,-33,-371,-577,636,580,0,0,0,0,0,0,0,0,0,0,0,0,0,0,0,0,0,0,0,0,0,0,0,0,0,0,0,0,0,0,0,0,0,0,0,0,0,0,0,0,0,0,0,0,0,0,0,0,0,0,0,0,0,0,0,0,0,0,0,0,0,0,0,0,0,0,0,0,0,0,0,0,0,0,0,0,0,0,0,0,0,0,0,0,0,0,0,0,0,0,0,0,0,0,0,0,0,0,0,0,0,0,0,0,0,0,0,0,0,0,0,0,0,0,0,0,0,0,0,0,0,0,0,0,0,0,0,0,0,0,0,0,0,0,0,0,0,0,0,0,0,0,0,0,0,0,0,0,0,0,0,0,0,0,0,0,0,0,0,0,0,0,0,0,0,0,0,0,0,0,0,0,0,0,0,0,0,0,0,0,0,0,0,0,0,0,0,0,0,0,0,0,0,0,0,0,0,0,0,0,0,0,0,0,0,0,0,0,0,0,0,0,0,0,0,0,0,0,0,0,0,0,0,0,0,0,0,0,0,0,0,0,0,0,0,0,0,0,0,0,0,0,0,0,0,0,0,0,0,0,0,0,0,0,0,0,-128,-667,-735,181,92,-52,-208,-324,-377,-359,-279,-156,-6,146,285,395,455,466,418,328,185,15,-162,-335,-485,-587,-624,-600,-500,-340,-135,91,320,522,678,774,788,726,574,368,120,-158,-423,-654,-832,-929,-936,-859,-699,-451,-157,148,451,717,927,1048,1069,999,834,591,280,-56,-394,-702,-947,-1114,-1179,-1144,-1000,-767,-468,-113,259,605,905,1125,1251,1270,1170,978,687,343,-49,-440,-797,-1089,-1277,-1366,-1335,-1180,-920,-568,-173,245,648,992,1246,1399,1427,1314,1099,782,390,-31,-450,-834,-1137,-1335,-1422,-1383,-1224,-963,-609,-209,198,596,938,1193,1343,1380,1303,1117,826,475,89,-307,-673,-992,1197,-1348,-1348,-1240,-1040,-752,-399,-10,375,728,1026,1238,1346,1341,1223,1008,706,339,-53,-443,-803,-1094,-1301,-1407,-1387,-1241,-994,-659,-261,169,578,943,1224,1395,1453,1382,1188,892,511,93,-335,-734,-1071,-1307,-1426,-1426,-1291,-1050,-724,-327,91,487,850,1129,1306,1378,1324,1157,894,560,175,-220,-592,-918,-1159,-1303,-1331,-1235,-1037,-744,-386,7,407,772,1062,1254,1334,1287,1118,846,485,83,-330,-715,-1024,-1233,-1317,-1267,-1090,-807,-436,-21,385,744,1019,1186,1217,1114,899,585,227,-143,-490,-770,-955,-1029,-993,-845,-615,-335,-27,275,541,738,851,874,794,613,347,29,-305,-597,-789,-827,-694,-457,-354,-468
28727,mtk,MTK 7916,2776445480,rx1-tx0,512,0,0,0,0,0,0,0,0,0,0,0,0,0,0,0,0,0,0,0,0,0,0,0,0,0,0,0,0,0,0,0,0,0,0,0,0,0,0,0,0,0,0,0,0,0,0,0,0,0,0,0,0,0,0,0,0,0,0,0,0,0,0,0,0,0,0,0,0,0,0,0,0,0,0,0,0,0,0,0,0,0,0,0,0,0,0,0,0,0,0,0,0,0,0,0,0,0,0,0,0,0,0,0,0,0,0,0,0,0,0,0,0,0,0,0,0,0,0,0,0,0,0,0,0,0,0,0,0,0,0,0,0,0,0,0,0,0,0,0,0,0,0,0,0,0,0,0,0,0,0,0,0,0,0,0,0,0,0,0,0,0,0,0,0,0,0,0,0,0,0,0,0,0,0,0,0,0,0,0,0,0,0,0,0,0,0,0,0,0,0,0,0,0,0,0,0,0,0,0,0,0,0,0,0,0,0,0,0,0,0,0,0,0,0,0,0,0,0,0,0,0,0,0,0,0,0,0,0,0,0,0,0,0,0,0,0,0,0,0,0,0,0,0,0,0,0,0,0,0,0,0,0,0,0,0,0,146,756,861,-109,-55,25,111,173,199,182,132,54,-32,-112,-178,-216,-224,-202,-152,-75,7,90,163,218,244,236,195,134,51,-34,-110,-187,-224,-237,-222,-175,-115,-41,30,94,150,186,195,182,146,97,43,-16,-61,-92,-117,-118,-110,-86,-53,-27,2,20,34,44,39,32,13,0,-12,-21,-29,-14,7,33,48,72,93,93,89,67,28,-11,-61,-113,-158,-186,-192,-180,-141,-87,-17,67,133,195,246,265,262,233,170,71,-22,-114,-201,-272,-317,-323,-286,-229,-151,-48,52,142,233,298,327,327,299,238,153,57,-52,-147,-225,-282,-317,-317,-279,-234,-157,-58,32,124,-144,279,305,312,287,234,152,60,-23,-111,-194,-248,-275,-278,-254,-198,-140,-68,15,82,144,189,214,226,212,176,136,83,27,-26,-79,-123,-149,-170,-180,-169,-143,-106,-73,-33,20,67,104,134,156,162,151,140,109,63,19,-26,-68,-105,-138,-155,-150,-138,-116,-78,-39,1,42,66,94,118,133,136,126,107,84,48,9,-32,-64,-95,-129,-149,-149,-134,-115,-81,-37,5,65,122,149,181,186,163,132,84,22,-41,-108,-160,-190,-207,-196,-153,-101,-34,36,106,164,196,202,188,144,87,13,-58,-130,-174,-190,-189,-157,-99,-36,42,116,167,188,170,110,49,330,485,0,0,0,0,0,0,0,0,0,0,0,0,0,0,0,0,0,0,0,0,0,0,0,0,0,0,0,0,0,0,0,0,0,0,0,0,0,0,0,0,0,0,0,0,0,0,0,0,0,0,0,0,0,0,0,0,0,0,0,0,0,0,0,0,0,0,0,0,0,0,0,0,0,0,0,0,0,0,0,0,0,0,0,0,0,0,0,0,0,0,0,0,0,0,0,0,0,0,0,0,0,0,0,0,0,0,0,0,0,0,0,0,0,0,0,0,0,0,0,0,0,0,0,0,0,0,0,0,0,0,0,0,0,0,0,0,0,0,0,0,0,0,0,0,0,0,0,0,0,0,0,0,0,0,0,0,0,0,0,0,0,0,0,0,0,0,0,0,0,0,0,0,0,0,0,0,0,0,0,0,0,0,0,0,0,0,0,0,0,0,0,0,0,0,0,0,0,0,0,0,0,0,0,0,0,0,0,0,0,0,0,0,0,0,0,0,0,0,0,0,0,0,0,0,0,0,0,0,0,0,0,0,0,0,0,0,0,0,0,0,0,0,0,0,0,0,0,0,0,0,0,0,0,0,0,0,206,566,422,88,142,165,142,78,-7,-93,-163,-205,-209,-183,-130,-56,27,108,177,224,234,220,175,104,19,-74,-152,-214,-247,-240,-215,-158,-82,-7,76,146,196,219,214,190,146,85,14,-50,-104,-140,-158,-157,-136,-106,-65,-20,21,59,75,80,75,57,47,21,3,-14,-24,-18,-12,1,20,38,49,48,45,34,4,-29,-66,-103,-126,-137,-142,-124,-83,-30,35,101,168,210,236,235,204,162,84,-5,-86,-172,-251,-297,-302,-284,-238,-165,-69,41,144,225,297,328,321,296,240,153,51,-52,-149,-238,-293,-325,-325,-290,-230,-152,-60,46,137,212,284,310,310,293,147,155,62,-32,-126,-211,-270,-293,-292,-272,-220,-141,-63,20,108,171,213,245,247,226,188,133,73,5,-62,-113,-149,-179,-195,-195,-178,-141,-98,-55,-2,51,97,127,143,161,166,152,129,98,51,-3,-47,-87,-126,-143,-151,-153,-141,-114,-77,-31,16,55,97,127,137,139,131,115,93,60,23,-13,-46,-74,-104,-124,-133,-125,-112,-101,-72,-28,22,65,104,139,154,163,162,127,90,45,-24,-81,-131,-173,-190,-193,-172,-126,-71,-3,73,136,179,206,209,181,132,60,-12,-83,-144,-182,-201,-194,-162,-102,-35,37,113,160,185,187,150,90,10,-75,-134,-152,868,802
28728,mtk,MTK 7916,2776445480,rx1-tx1,512,0,0,0,0,0,0,0,0,0,0,0,0,0,0,0,0,0,0,0,0,0,0,0,0,0,0,0,0,0,0,0,0,0,0,0,0,0,0,0,0,0,0,0,0,0,0,0,0,0,0,0,0,0,0,0,0,0,0,0,0,0,0,0,0,0,0,0,0,0,0,0,0,0,0,0,0,0,0,0,0,0,0,0,0,0,0,0,0,0,0,0,0,0,0,0,0,0,0,0,0,0,0,0,0,0,0,0,0,0,0,0,0,0,0,0,0,0,0,0,0,0,0,0,0,0,0,0,0,0,0,0,0,0,0,0,0,0,0,0,0,0,0,0,0,0,0,0,0,0,0,0,0,0,0,0,0,0,0,0,0,0,0,0,0,0,0,0,0,0,0,0,0,0,0,0,0,0,0,0,0,0,0,0,0,0,0,0,0,0,0,0,0,0,0,0,0,0,0,0,0,0,0,0,0,0,0,0,0,0,0,0,0,0,0,0,0,0,0,0,0,0,0,0,0,0,0,0,0,0,0,0,0,0,0,0,0,0,0,0,0,0,0,0,0,0,0,0,0,0,0,0,0,0,0,0,0,-411,-484,-542,-1,-12,-21,-27,-30,-33,-34,-29,-18,-7,7,21,34,40,36,30,18,0,-20,-36,-48,-51,-45,-32,-14,15,37,57,66,65,49,26,-6,-40,-65,-72,-73,-63,-33,2,33,67,86,85,66,42,5,-34,-63,-82,-86,-64,-31,2,33,64,80,75,52,21,-18,-55,-82,-82,-59,-30,-2,36,66,75,72,53,15,-31,-65,-88,-96,-80,-39,5,44,79,100,93,63,17,-30,-73,-102,-108,-85,-47,2,61,102,117,111,76,20,-37,-93,-131,-132,-107,-61,0,68,121,152,152,114,48,-26,-95,-150,-173,-159,-112,-41,40,117,172,190,167,113,0,-43,-128,-184,-198,-174,-121,-47,40,118,170,187,169,121,52,-27,-97,-140,-156,-146,-110,-53,2,53,94,111,111,93,61,19,-14,-43,-64,-74,-69,-60,-48,-34,-14,6,28,47,65,72,71,59,31,-9,-41,-71,-97,-107,-94,-66,-14,40,91,132,147,125,74,10,-61,-125,-170,-177,-144,-82,-2,88,170,214,219,179,94,-12,-114,-203,-257,-259,-206,-110,5,123,223,284,286,232,130,6,-125,-233,-298,-303,-252,-155,-28,97,205,276,289,253,175,61,-64,-174,-243,-262,-235,-166,-67,46,149,221,256,244,184,96,-7,-109,-193,-247,-266,-251,-204,-126,-181,-289,0,0,0,0,0,0,0,0,0,0,0,0,0,0,0,0,0,0,0,0,0,0,0,0,0,0,0,0,0,0,0,0,0,0,0,0,0,0,0,0,0,0,0,0,0,0,0,0,0,0,0,0,0,0,0,0,0,0,0,0,0,0,0,0,0,0,0,0,0,0,0,0,0,0,0,0,0,0,0,0,0,0,0,0,0,0,0,0,0,0,0,0,0,0,0,0,0,0,0,0,0,0,0,0,0,0,0,0,0,0,0,0,0,0,0,0,0,0,0,0,0,0,0,0,0,0,0,0,0,0,0,0,0,0,0,0,0,0,0,0,0,0,0,0,0,0,0,0,0,0,0,0,0,0,0,0,0,0,0,0,0,0,0,0,0,0,0,0,0,0,0,0,0,0,0,0,0,0,0,0,0,0,0,0,0,0,0,0,0,0,0,0,0,0,0,0,0,0,0,0,0,0,0,0,0,0,0,0,0,0,0,0,0,0,0,0,0,0,0,0,0,0,0,0,0,0,0,0,0,0,0,0,0,0,0,0,0,0,0,0,0,0,0,0,0,0,0,0,0,0,0,0,0,0,0,0,-92,-296,-186,19,19,20,17,9,0,-12,-19,-28,-36,-36,-31,-21,-6,10,25,38,46,44,34,17,-5,-26,-43,-54,-56,-47,-30,-5,23,48,68,73,65,49,21,-16,-51,-73,-84,-79,-59,-25,13,51,76,85,76,54,20,-19,-48,-73,-86,-75,-47,-16,25,59,75,74,54,29,-7,-43,-65,-71,-67,-47,-13,31,66,78,74,59,28,-15,-55,-86,-99,-85,-53,-9,42,83,101,98,73,32,-18,-66,-104,-112,-98,-60,-8,48,96,125,120,89,39,-24,-85,-128,-144,-128,-84,-22,53,115,153,166,146,85,5,-74,-140,-182,-185,-149,-85,0,85,150,0,196,155,80,-6,-89,-155,-190,-189,-150,-85,-6,72,136,173,173,143,89,20,-51,-105,-130,-135,-118,-80,-35,11,50,81,93,87,73,55,28,-1,-24,-38,-52,-68,-65,-54,-41,-26,-1,27,58,81,92,87,62,28,-11,-55,-95,-119,-122,-96,-47,18,83,129,148,146,114,50,-34,-112,-168,-195,-185,-133,-45,60,151,213,236,214,150,50,-72,-178,-251,-283,-255,-176,-62,68,186,274,306,276,200,85,-48,-172,-269,-311,-289,-218,-110,15,134,227,275,269,212,117,4,-105,-192,-242,-244,-201,-120,-16,84,173,235,256,235,184,107,13,-79,-150,-201,-500,-461
28729,mtk,MTK 7916,2776445480,rx2-tx0,512,0,0,0,0,0,0,0,0,0,0,0,0,0,0,0,0,0,0,0,0,0,0,0,0,0,0,0,0,0,0,0,0,0,0,0,0,0,0,0,0,0,0,0,0,0,0,0,0,0,0,0,0,0,0,0,0,0,0,0,0,0,0,0,0,0,0,0,0,0,0,0,0,0,0,0,0,0,0,0,0,0,0,0,0,0,0,0,0,0,0,0,0,0,0,0,0,0,0,0,0,0,0,0,0,0,0,0,0,0,0,0,0,0,0,0,0,0,0,0,0,0,0,0,0,0,0,0,0,0,0,0,0,0,0,0,0,0,0,0,0,0,0,0,0,0,0,0,0,0,0,0,0,0,0,0,0,0,0,0,0,0,0,0,0,0,0,0,0,0,0,0,0,0,0,0,0,0,0,0,0,0,0,0,0,0,0,0,0,0,0,0,0,0,0,0,0,0,0,0,0,0,0,0,0,0,0,0,0,0,0,0,0,0,0,0,0,0,0,0,0,0,0,0,0,0,0,0,0,0,0,0,0,0,0,0,0,0,0,0,0,0,0,0,0,0,0,0,0,0,0,0,0,0,0,0,0,-136,599,711,-52,-62,-67,-66,-59,-45,-23,5,34,61,87,99,97,77,44,6,-36,-79,-112,-131,-132,-106,-59,0,63,119,161,178,165,121,51,-34,-123,-192,-227,-222,-179,-97,2,108,201,261,269,227,140,19,-111,-219,-286,-300,-255,-157,-21,125,243,310,321,267,149,-1,-151,-275,-342,-335,-258,-126,37,197,317,375,346,243,84,-96,-261,-369,-401,-348,-219,-34,163,323,420,430,348,188,-15,-218,-375,-460,-451,-342,-155,60,260,406,469,437,309,115,-99,-290,-423,-465,-407,-264,-68,137,310,415,430,351,194,-1,-191,-337,-414,-398,-292,-128,62,239,360,404,367,0,59,-127,-285,-385,-401,-330,-187,-5,175,316,393,385,296,146,-37,-217,-343,-400,-380,-281,-121,63,234,356,404,374,270,110,-70,-234,-357,-409,-379,-273,-119,55,222,346,405,383,290,148,-19,-188,-316,-385,-380,-308,-181,-24,136,266,347,368,321,214,71,-83,-216,-306,-335,-304,-217,-88,50,177,265,302,279,208,98,-33,-154,-235,-271,-254,-189,-85,39,148,222,256,242,172,69,-45,-151,-227,-255,-232,-162,-58,60,166,239,269,249,179,68,-53,-160,-238,-278,-265,-201,-101,17,131,222,276,283,242,160,48,-72,-179,-261,-304,-301,-262,-192,-102,-7,77,155,198,336,0,0,0,0,0,0,0,0,0,0,0,0,0,0,0,0,0,0,0,0,0,0,0,0,0,0,0,0,0,0,0,0,0,0,0,0,0,0,0,0,0,0,0,0,0,0,0,0,0,0,0,0,0,0,0,0,0,0,0,0,0,0,0,0,0,0,0,0,0,0,0,0,0,0,0,0,0,0,0,0,0,0,0,0,0,0,0,0,0,0,0,0,0,0,0,0,0,0,0,0,0,0,0,0,0,0,0,0,0,0,0,0,0,0,0,0,0,0,0,0,0,0,0,0,0,0,0,0,0,0,0,0,0,0,0,0,0,0,0,0,0,0,0,0,0,0,0,0,0,0,0,0,0,0,0,0,0,0,0,0,0,0,0,0,0,0,0,0,0,0,0,0,0,0,0,0,0,0,0,0,0,0,0,0,0,0,0,0,0,0,0,0,0,0,0,0,0,0,0,0,0,0,0,0,0,0,0,0,0,0,0,0,0,0,0,0,0,0,0,0,0,0,0,0,0,0,0,0,0,0,0,0,0,0,0,0,0,0,0,0,0,0,0,0,0,0,0,0,0,0,0,0,0,0,0,0,1335,553,426,24,8,-9,-29,-48,-65,-78,-84,-79,-65,-40,-8,29,67,98,111,106,87,53,6,-48,-98,-138,-156,-149,-116,-60,14,94,159,199,207,180,117,31,-68,-160,-228,-255,-234,-168,-67,52,166,251,291,273,202,91,-44,-175,-275,-317,-294,-213,-89,61,199,298,340,306,206,62,-95,-239,-337,-359,-307,-188,-23,156,297,375,374,294,149,-33,-214,-357,-421,-398,-289,-114,88,276,407,454,405,267,72,-138,-324,-445,-468,-391,-237,-32,183,358,454,455,360,190,-16,-218,-373,-448,-424,-314,-138,66,254,386,433,382,249,68,-123,-286,-387,-403,-331,-186,-3,184,0,405,384,282,123,-62,-233,-353,-401,-361,-241,-69,112,271,377,401,342,216,39,-146,-301,-394,-405,-335,-198,-21,157,305,396,403,333,197,25,-153,-300,-392,-407,-344,-215,-49,123,274,372,400,347,235,81,-83,-232,-338,-381,-351,-257,-122,36,182,292,348,344,273,151,7,-132,-241,-305,-313,-259,-155,-30,97,206,276,287,239,146,29,-89,-187,-249,-263,-224,-135,-21,91,182,243,251,202,113,3,-107,-198,-249,-250,-203,-114,0,114,205,263,270,225,135,25,-90,-194,-260,-280,-251,-177,-70,51,162,247,291,286,239,156,49,-67,-171,-247,-288,-295,-273,-219,766,719
28730,mtk,MTK 7916,2776445480,rx2-tx1,512,0,0,0,0,0,0,0,0,0,0,0,0,0,0,0,0,0,0,0,0,0,0,0,0,0,0,0,0,0,0,0,0,0,0,0,0,0,0,0,0,0,0,0,0,0,0,0,0,0,0,0,0,0,0,0,0,0,0,0,0,0,0,0,0,0,0,0,0,0,0,0,0,0,0,0,0,0,0,0,0,0,0,0,0,0,0,0,0,0,0,0,0,0,0,0,0,0,0,0,0,0,0,0,0,0,0,0,0,0,0,0,0,0,0,0,0,0,0,0,0,0,0,0,0,0,0,0,0,0,0,0,0,0,0,0,0,0,0,0,0,0,0,0,0,0,0,0,0,0,0,0,0,0,0,0,0,0,0,0,0,0,0,0,0,0,0,0,0,0,0,0,0,0,0,0,0,0,0,0,0,0,0,0,0,0,0,0,0,0,0,0,0,0,0,0,0,0,0,0,0,0,0,0,0,0,0,0,0,0,0,0,0,0,0,0,0,0,0,0,0,0,0,0,0,0,0,0,0,0,0,0,0,0,0,0,0,0,0,0,0,0,0,0,0,0,0,0,0,0,0,0,0,0,0,0,0,236,-329,-285,-40,-51,-56,-55,-44,-31,-12,8,29,47,57,53,43,21,-1,-22,-41,-53,-47,-28,-5,17,37,52,60,50,22,-10,-46,-73,-84,-75,-52,-14,32,77,107,111,87,44,-19,-77,-112,-134,-133,-94,-23,52,126,172,172,145,81,-16,-114,-187,-232,-229,-171,-65,55,168,256,290,260,170,45,-100,-230,-319,-335,-289,-173,-7,169,302,373,373,289,134,-47,-222,-356,-421,-393,-281,-106,98,283,406,444,390,253,67,-140,-317,-426,-444,-366,-208,-14,183,337,421,415,326,158,-39,-218,-343,-390,-361,-252,-87,97,243,329,343,282,156,-5,-162,-273,-319,-290,0,-51,94,212,281,281,209,92,-43,-169,-259,-289,-248,-147,-4,141,250,296,278,197,72,-72,-211,-299,-313,-260,-152,-9,135,250,314,311,234,103,-49,-179,-271,-310,-278,-186,-59,77,195,271,279,228,126,3,-109,-200,-245,-225,-156,-60,47,134,184,193,159,84,-3,-88,-147,-164,-144,-89,-11,62,122,151,143,103,33,-43,-109,-143,-149,-125,-66,9,72,130,155,143,98,31,-43,-103,-143,-150,-128,-78,-12,59,110,136,139,114,63,-2,-61,-102,-125,-119,-85,-45,5,62,101,112,100,69,25,-25,-71,-102,-114,-104,-72,-32,14,62,99,122,124,102,-420,-400,0,0,0,0,0,0,0,0,0,0,0,0,0,0,0,0,0,0,0,0,0,0,0,0,0,0,0,0,0,0,0,0,0,0,0,0,0,0,0,0,0,0,0,0,0,0,0,0,0,0,0,0,0,0,0,0,0,0,0,0,0,0,0,0,0,0,0,0,0,0,0,0,0,0,0,0,0,0,0,0,0,0,0,0,0,0,0,0,0,0,0,0,0,0,0,0,0,0,0,0,0,0,0,0,0,0,0,0,0,0,0,0,0,0,0,0,0,0,0,0,0,0,0,0,0,0,0,0,0,0,0,0,0,0,0,0,0,0,0,0,0,0,0,0,0,0,0,0,0,0,0,0,0,0,0,0,0,0,0,0,0,0,0,0,0,0,0,0,0,0,0,0,0,0,0,0,0,0,0,0,0,0,0,0,0,0,0,0,0,0,0,0,0,0,0,0,0,0,0,0,0,0,0,0,0,0,0,0,0,0,0,0,0,0,0,0,0,0,0,0,0,0,0,0,0,0,0,0,0,0,0,0,0,0,0,0,0,0,0,0,0,0,0,0,0,0,0,0,0,0,0,0,0,0,0,0,-351,207,270,26,7,-7,-22,-39,-50,-55,-55,-50,-33,-11,14,36,48,53,45,25,1,-19,-38,-54,-55,-37,-14,19,52,73,70,60,38,2,-47,-75,-87,-92,-71,-21,27,74,112,128,115,69,-2,-70,-123,-158,-157,-119,-49,40,126,186,210,187,119,20,-88,-184,-248,-258,-209,-117,5,142,253,306,297,226,103,-49,-200,-317,-361,-327,-222,-68,108,273,380,400,346,217,31,-161,-321,-416,-427,-340,-182,18,219,376,444,426,320,142,-63,-255,-392,-443,-401,-277,-89,115,283,392,418,348,203,24,-154,-292,-368,-356,-268,-126,35,186,291,328,286,179,33,-113,0,-297,-282,-202,-73,70,193,269,287,230,118,-25,-156,-250,-289,-265,-173,-37,107,228,301,302,230,110,-38,-181,-280,-319,-293,-202,-63,92,221,295,309,260,149,8,-133,-239,-293,-281,-207,-94,37,156,233,252,224,149,35,-78,-163,-212,-209,-161,-82,18,113,161,174,154,92,4,-72,-126,-152,-143,-93,-21,52,108,146,144,108,49,-21,-91,-142,-158,-131,-73,-1,65,120,151,147,109,49,-19,-83,-128,-148,-137,-94,-32,28,84,123,131,120,83,25,-36,-84,-114,-120,-97,-52,-6,40,79,102,101,78,42,-6,-53,-91,-118,-120,-101,-75,-42,4,49,14,81
28731,mtk,MTK 7916,2776483941,rx0-tx0,512,0,0,0,0,0,0,0,0,0,0,0,0,0,0,0,0,0,0,0,0,0,0,0,0,0,0,0,0,0,0,0,0,0,0,0,0,0,0,0,0,0,0,0,0,0,0,0,0,0,0,0,0,0,0,0,0,0,0,0,0,0,0,0,0,0,0,0,0,0,0,0,0,0,0,0,0,0,0,0,0,0,0,0,0,0,0,0,0,0,0,0,0,0,0,0,0,0,0,0,0,0,0,0,0,0,0,0,0,0,0,0,0,0,0,0,0,0,0,0,0,0,0,0,0,0,0,0,0,0,0,0,0,0,0,0,0,0,0,0,0,0,0,0,0,0,0,0,0,0,0,0,0,0,0,0,0,0,0,0,0,0,0,0,0,0,0,0,0,0,0,0,0,0,0,0,0,0,0,0,0,0,0,0,0,0,0,0,0,0,0,0,0,0,0,0,0,0,0,0,0,0,0,0,0,0,0,0,0,0,0,0,0,0,0,0,0,0,0,0,0,0,0,0,0,0,0,0,0,0,0,0,0,0,0,0,0,0,0,0,0,0,0,0,0,0,0,0,0,0,0,0,0,0,0,0,0,-273,-1140,-1195,231,198,104,-31,-171,-285,-357,-380,-355,-293,-198,-73,53,183,305,401,465,491,469,410,313,176,18,-141,-305,-455,-573,-646,-660,-615,-516,-372,-197,2,213,400,561,680,740,748,702,601,457,280,87,-113,-311,-482,-625,-724,-776,-779,-731,-634,-497,-322,-129,81,283,468,638,766,840,859,827,731,590,416,200,-34,-264,-482,-665,-814,-908,-934,-903,-800,-661,-466,-233,3,247,467,661,810,895,918,881,789,658,485,284,61,-152,-352,-531,-668,-766,-811,-810,-765,-674,-551,-394,-222,-35,153,333,489,615,714,766,777,746,668,559,412,245,55,-137,-323,-498,-641,-749,-1687,-839,-797,-721,-603,-442,-246,-40,173,378,560,715,827,892,902,864,770,621,442,245,14,-221,-439,-648,-821,-944,-1012,-1026,-976,-860,-695,-477,-215,58,347,617,860,1050,1172,1225,1198,1092,901,647,345,5,-334,-662,-955,-1173,-1317,-1367,-1323,-1195,-977,-691,-349,13,372,716,1000,1212,1347,1379,1330,1176,941,651,312,-52,-406,-731,-1006,-1213,-1336,-1357,-1281,-1121,-881,-574,-231,127,482,803,1059,1231,1319,1305,1181,977,701,360,1,-348,-676,-947,-1129,-1221,-1215,-1110,-919,-650,-332,-4,318,610,844,1005,1078,1058,960,776,528,236,-81,-391,-675,-905,-1046,-1072,-962,-728,-371,48,447,708,-734,-896,0,0,0,0,0,0,0,0,0,0,0,0,0,0,0,0,0,0,0,0,0,0,0,0,0,0,0,0,0,0,0,0,0,0,0,0,0,0,0,0,0,0,0,0,0,0,0,0,0,0,0,0,0,0,0,0,0,0,0,0,0,0,0,0,0,0,0,0,0,0,0,0,0,0,0,0,0,0,0,0,0,0,0,0,0,0,0,0,0,0,0,0,0,0,0,0,0,0,0,0,0,0,0,0,0,0,0,0,0,0,0,0,0,0,0,0,0,0,0,0,0,0,0,0,0,0,0,0,0,0,0,0,0,0,0,0,0,0,0,0,0,0,0,0,0,0,0,0,0,0,0,0,0,0,0,0,0,0,0,0,0,0,0,0,0,0,0,0,0,0,0,0,0,0,0,0,0,0,0,0,0,0,0,0,0,0,0,0,0,0,0,0,0,0,0,0,0,0,0,0,0,0,0,0,0,0,0,0,0,0,0,0,0,0,0,0,0,0,0,0,0,0,0,0,0,0,0,0,0,0,0,0,0,0,0,0,0,0,0,0,0,0,0,0,0,0,0,0,0,0,0,0,0,0,0,0,-1322,-464,-248,-82,-195,-290,-329,-305,-225,-108,26,160,271,361,412,421,398,335,233,111,-31,-179,-312,-433,-526,-568,-563,-514,-410,-268,-95,97,287,455,588,680,723,703,613,484,316,117,-84,-289,-465,-606,-708,-761,-763,-706,-599,-457,-285,-92,108,305,481,624,735,801,812,768,678,548,364,157,-57,-276,-483,-654,-793,-887,-913,-875,-774,-624,-435,-214,19,257,479,668,826,911,936,899,801,658,465,242,13,-217,-426,-607,-743,-832,-865,-842,-779,-663,-511,-327,-132,61,250,424,572,684,753,782,768,708,603,471,318,136,-49,-231,-401,-550,-670,-753,-795,-789,-744,-652,-511,-345,-175,45,248,433,604,740,832,873,863,802,688,534,350,134,-83,-305,-515,-687,-814,-908,-954,-932,-863,-746,-572,-355,-123,128,381,617,823,992,1089,1124,1090,986,812,574,292,-13,-328,-633,-906,-1115,-1255,-1306,-1273,-1158,-960,-684,-356,0,357,691,983,1209,1343,1387,1338,1197,964,671,330,-33,-391,-730,-1002,-1211,-1341,-1375,-1308,-1152,-914,-621,-281,78,433,756,1028,1221,1320,1332,1246,1065,805,490,143,-228,-571,-866,-1105,-1252,-1286,-1227,-1074,-830,-525,-187,161,493,783,1003,1123,1150,1089,944,725,449,140,-170,-466,-721,-910,-1024,-1046,-973,-811,-558,-236,130,491,802,1010,1043,892,627,-981,-858
28732,mtk,MTK 7916,2776483941,rx0-tx1,512,0,0,0,0,0,0,0,0,0,0,0,0,0,0,0,0,0,0,0,0,0,0,0,0,0,0,0,0,0,0,0,0,0,0,0,0,0,0,0,0,0,0,0,0,0,0,0,0,0,0,0,0,0,0,0,0,0,0,0,0,0,0,0,0,0,0,0,0,0,0,0,0,0,0,0,0,0,0,0,0,0,0,0,0,0,0,0,0,0,0,0,0,0,0,0,0,0,0,0,0,0,0,0,0,0,0,0,0,0,0,0,0,0,0,0,0,0,0,0,0,0,0,0,0,0,0,0,0,0,0,0,0,0,0,0,0,0,0,0,0,0,0,0,0,0,0,0,0,0,0,0,0,0,0,0,0,0,0,0,0,0,0,0,0,0,0,0,0,0,0,0,0,0,0,0,0,0,0,0,0,0,0,0,0,0,0,0,0,0,0,0,0,0,0,0,0,0,0,0,0,0,0,0,0,0,0,0,0,0,0,0,0,0,0,0,0,0,0,0,0,0,0,0,0,0,0,0,0,0,0,0,0,0,0,0,0,0,0,0,0,0,0,0,0,0,0,0,0,0,0,0,0,0,0,0,0,-730,361,236,-64,67,217,335,389,374,299,181,39,-109,-249,-365,-445,-485,-483,-430,-344,-220,-65,103,269,422,541,627,655,629,550,422,255,52,-158,-363,-546,-692,-795,-828,-801,-718,-569,-375,-149,96,339,560,747,892,969,975,919,791,605,370,108,-166,-432,-681,-886,-1027,-1104,-1113,-1037,-887,-682,-426,-137,169,462,728,958,1132,1224,1235,1165,1020,803,522,222,-108,-441,-750,-1004,-1200,-1318,-1349,-1301,-1161,-935,-645,-310,47,407,745,1032,1252,1397,1450,1400,1253,1022,722,372,7,-370,-726,-1025,-1258,-1408,-1468,-1430,-1289,-1067,-781,-436,-75,293,646,944,1188,1351,1423,1404,1304,1108,844,539,-546,-172,-516,-812,-1066,-1258,-1366,-1386,-1320,-1178,-957,-677,-360,-15,317,647,931,1153,1306,1381,1369,1268,1095,851,547,205,-151,-506,-818,-1083,-1286,-1406,-1426,-1353,-1196,-968,-674,-326,40,401,728,1009,1231,1365,1411,1358,1217,1011,740,414,62,-286,-614,-900,-1122,-1271,-1334,-1317,-1217,-1042,-797,-502,-180,152,475,776,1021,1200,1300,1318,1240,1083,852,561,224,-129,-479,-793,-1054,-1241,-1333,-1329,-1231,-1032,-754,-427,-64,310,652,949,1168,1282,1292,1205,1009,729,400,49,-305,-621,-880,-1049,-1119,-1094,-985,-795,-543,-256,39,318,559,748,869,912,880,764,580,338,57,-241,-519,-738,-858,-831,-655,-415,636,580,0,0,0,0,0,0,0,0,0,0,0,0,0,0,0,0,0,0,0,0,0,0,0,0,0,0,0,0,0,0,0,0,0,0,0,0,0,0,0,0,0,0,0,0,0,0,0,0,0,0,0,0,0,0,0,0,0,0,0,0,0,0,0,0,0,0,0,0,0,0,0,0,0,0,0,0,0,0,0,0,0,0,0,0,0,0,0,0,0,0,0,0,0,0,0,0,0,0,0,0,0,0,0,0,0,0,0,0,0,0,0,0,0,0,0,0,0,0,0,0,0,0,0,0,0,0,0,0,0,0,0,0,0,0,0,0,0,0,0,0,0,0,0,0,0,0,0,0,0,0,0,0,0,0,0,0,0,0,0,0,0,0,0,0,0,0,0,0,0,0,0,0,0,0,0,0,0,0,0,0,0,0,0,0,0,0,0,0,0,0,0,0,0,0,0,0,0,0,0,0,0,0,0,0,0,0,0,0,0,0,0,0,0,0,0,0,0,0,0,0,0,0,0,0,0,0,0,0,0,0,0,0,0,0,0,0,0,0,0,0,0,0,0,0,0,0,0,0,0,0,0,0,0,0,0,0,-128,-667,-735,259,299,264,156,6,-151,-287,-383,-430,-428,-380,-283,-164,-24,129,272,398,496,552,559,520,431,303,142,-46,-234,-418,-572,-688,-747,-742,-682,-564,-403,-199,29,258,474,663,801,887,909,861,747,586,375,122,-137,-401,-636,-831,-969,-1039,-1044,-977,-840,-641,-394,-123,172,465,720,930,1082,1166,1170,1096,950,744,474,168,-149,-456,-745,-992,-1168,-1269,-1292,-1234,-1088,-867,-590,-260,82,422,751,1027,1238,1366,1400,1353,1211,986,688,345,-27,-397,-739,-1037,-1267,-1408,-1460,-1421,-1279,-1047,-749,-403,-26,350,700,1000,1235,1386,1448,1420,1289,1082,807,478,117,-238,-583,-894,-1135,-1310,1197,-1400,-1298,-1130,-896,-601,-265,81,417,728,997,1198,1333,1376,1337,1216,1013,752,451,118,-229,-562,-861,-1112,-1291,-1390,-1406,-1326,-1155,-915,-615,-271,93,448,776,1053,1271,1396,1426,1361,1209,992,704,368,10,-350,-674,-954,-1183,-1325,-1377,-1338,-1218,-1020,-760,-452,-122,214,535,824,1059,1220,1305,1306,1228,1066,834,544,225,-119,-457,-755,-1015,-1207,-1316,-1329,-1246,-1078,-834,-524,-172,189,542,864,1110,1274,1344,1302,1158,925,614,257,-107,-465,-787,-1031,-1179,-1229,-1174,-1022,-789,-491,-166,157,457,711,891,985,992,919,772,569,319,53,-221,-471,-681,-830,-896,-863,-724,-489,-176,166,460,624,-354,-468
28733,mtk,MTK 7916,2776483941,rx1-tx0,512,0,0,0,0,0,0,0,0,0,0,0,0,0,0,0,0,0,0,0,0,0,0,0,0,0,0,0,0,0,0,0,0,0,0,0,0,0,0,0,0,0,0,0,0,0,0,0,0,0,0,0,0,0,0,0,0,0,0,0,0,0,0,0,0,0,0,0,0,0,0,0,0,0,0,0,0,0,0,0,0,0,0,0,0,0,0,0,0,0,0,0,0,0,0,0,0,0,0,0,0,0,0,0,0,0,0,0,0,0,0,0,0,0,0,0,0,0,0,0,0,0,0,0,0,0,0,0,0,0,0,0,0,0,0,0,0,0,0,0,0,0,0,0,0,0,0,0,0,0,0,0,0,0,0,0,0,0,0,0,0,0,0,0,0,0,0,0,0,0,0,0,0,0,0,0,0,0,0,0,0,0,0,0,0,0,0,0,0,0,0,0,0,0,0,0,0,0,0,0,0,0,0,0,0,0,0,0,0,0,0,0,0,0,0,0,0,0,0,0,0,0,0,0,0,0,0,0,0,0,0,0,0,0,0,0,0,0,0,0,0,0,0,0,0,0,0,0,0,0,0,0,0,0,0,0,0,146,756,861,-148,-180,-159,-96,-10,89,167,224,244,229,194,124,45,-43,-134,-204,-260,-292,-282,-248,-192,-113,-18,79,162,236,288,305,296,259,193,114,25,-56,-135,-201,-248,-270,-262,-236,-193,-130,-56,8,66,120,154,176,192,189,155,118,82,41,3,-23,-46,-67,-79,-75,-73,-72,-54,-31,-24,-19,-18,-12,-17,-34,-43,-49,-53,-49,-41,-15,15,52,90,128,153,181,192,184,159,110,52,-19,-100,-172,-235,-271,-298,-303,-280,-219,-140,-58,31,127,216,286,337,363,349,317,270,188,92,-2,-108,-196,-271,-339,-368,-373,-357,-304,-242,-156,-47,49,142,229,293,-144,365,361,334,281,207,118,17,-86,-178,-255,-307,-346,-351,-330,-296,-232,-153,-69,18,105,182,240,280,302,299,280,246,186,127,58,-13,-80,-141,-194,-236,-250,-250,-247,-218,-180,-129,-72,-15,45,100,145,188,219,231,229,213,183,138,90,33,-26,-81,-138,-180,-207,-216,-212,-199,-179,-139,-87,-30,20,67,119,159,183,210,214,202,186,157,105,48,-10,-70,-123,-175,-217,-233,-226,-213,-179,-123,-63,8,87,148,203,242,246,237,204,152,92,20,-53,-123,-181,-217,-237,-225,-193,-143,-84,-16,52,109,161,192,196,187,150,94,22,-49,-113,-162,-173,-152,330,485,0,0,0,0,0,0,0,0,0,0,0,0,0,0,0,0,0,0,0,0,0,0,0,0,0,0,0,0,0,0,0,0,0,0,0,0,0,0,0,0,0,0,0,0,0,0,0,0,0,0,0,0,0,0,0,0,0,0,0,0,0,0,0,0,0,0,0,0,0,0,0,0,0,0,0,0,0,0,0,0,0,0,0,0,0,0,0,0,0,0,0,0,0,0,0,0,0,0,0,0,0,0,0,0,0,0,0,0,0,0,0,0,0,0,0,0,0,0,0,0,0,0,0,0,0,0,0,0,0,0,0,0,0,0,0,0,0,0,0,0,0,0,0,0,0,0,0,0,0,0,0,0,0,0,0,0,0,0,0,0,0,0,0,0,0,0,0,0,0,0,0,0,0,0,0,0,0,0,0,0,0,0,0,0,0,0,0,0,0,0,0,0,0,0,0,0,0,0,0,0,0,0,0,0,0,0,0,0,0,0,0,0,0,0,0,0,0,0,0,0,0,0,0,0,0,0,0,0,0,0,0,0,0,0,0,0,0,0,0,0,0,0,0,0,0,0,0,0,0,0,0,0,0,0,0,0,206,566,422,-44,29,120,188,226,220,169,94,-4,-89,-168,-228,-257,-264,-237,-186,-117,-25,70,153,222,274,300,291,254,194,107,10,-79,-164,-233,-277,-295,-282,-248,-191,-122,-42,40,112,168,214,228,226,212,176,122,74,22,-35,-84,-112,-130,-134,-126,-115,-98,-73,-41,-20,-10,12,30,30,25,16,15,7,-6,-3,10,24,44,63,81,104,117,124,118,89,57,17,-41,-99,-158,-208,-241,-260,-256,-224,-164,-88,-10,73,161,240,295,327,339,322,270,202,124,25,-74,-164,-245,-314,-348,-365,-358,-319,-261,-178,-76,23,124,215,285,349,374,366,342,292,226,147,38,-61,-156,-244,-313,-359,-374,-358,-320,-261,-184,-94,8,99,184,257,299,322,328,307,268,210,139,63,-20,-92,-163,-221,-251,-273,-274,-252,-228,-182,-126,-61,-3,63,127,174,208,225,235,234,214,189,147,84,23,-36,-89,-144,-186,-210,-226,-220,-204,-180,-132,-86,-31,27,72,120,162,195,211,210,203,174,130,91,41,-17,-65,-108,-157,-193,-213,-221,-213,-187,-148,-93,-25,36,95,164,209,237,250,230,194,146,77,0,-72,-144,-193,-230,-242,-236,-206,-151,-87,-12,59,117,165,200,219,208,177,131,62,-5,-69,-130,-175,-193,-185,-153,-94,-18,42,868,802
28734,mtk,MTK 7916,2776483941,rx1-tx1,512,0,0,0,0,0,0,0,0,0,0,0,0,0,0,0,0,0,0,0,0,0,0,0,0,0,0,0,0,0,0,0,0,0,0,0,0,0,0,0,0,0,0,0,0,0,0,0,0,0,0,0,0,0,0,0,0,0,0,0,0,0,0,0,0,0,0,0,0,0,0,0,0,0,0,0,0,0,0,0,0,0,0,0,0,0,0,0,0,0,0,0,0,0,0,0,0,0,0,0,0,0,0,0,0,0,0,0,0,0,0,0,0,0,0,0,0,0,0,0,0,0,0,0,0,0,0,0,0,0,0,0,0,0,0,0,0,0,0,0,0,0,0,0,0,0,0,0,0,0,0,0,0,0,0,0,0,0,0,0,0,0,0,0,0,0,0,0,0,0,0,0,0,0,0,0,0,0,0,0,0,0,0,0,0,0,0,0,0,0,0,0,0,0,0,0,0,0,0,0,0,0,0,0,0,0,0,0,0,0,0,0,0,0,0,0,0,0,0,0,0,0,0,0,0,0,0,0,0,0,0,0,0,0,0,0,0,0,0,0,0,0,0,0,0,0,0,0,0,0,0,0,0,0,0,0,0,-411,-484,-542,-14,-16,-17,-17,-14,-9,-1,11,19,23,25,25,21,9,-5,-14,-23,-32,-31,-23,-14,3,23,37,40,35,25,10,-13,-32,-45,-53,-51,-31,-1,29,49,62,62,46,21,-10,-47,-74,-80,-66,-41,-6,35,72,87,84,53,12,-31,-69,-92,-85,-59,-21,23,60,81,84,65,22,-27,-69,-95,-100,-74,-28,24,79,116,120,92,43,-20,-84,-128,-137,-117,-60,14,82,122,141,121,63,-17,-86,-136,-153,-127,-74,1,87,149,167,139,79,-2,-88,-152,-175,-155,-95,-10,81,155,193,180,116,15,-85,-164,-209,-211,-156,-52,62,158,217,230,0,86,-34,-144,-219,-242,-213,-131,-21,93,188,236,225,161,64,-48,-147,-209,-224,-185,-108,-6,90,160,188,176,131,63,-18,-93,-143,-162,-143,-95,-31,35,80,104,113,103,73,29,-14,-46,-72,-88,-88,-71,-37,-7,28,66,97,108,94,62,14,-40,-89,-124,-132,-114,-71,-6,69,131,167,165,122,50,-44,-134,-194,-209,-179,-102,5,110,197,245,237,169,59,-68,-179,-255,-276,-236,-137,-4,134,238,292,283,213,91,-53,-177,-262,-293,-258,-164,-42,87,196,252,251,200,106,-13,-130,-217,-253,-232,-163,-56,60,160,233,259,236,173,87,-9,-95,-172,-181,-289,0,0,0,0,0,0,0,0,0,0,0,0,0,0,0,0,0,0,0,0,0,0,0,0,0,0,0,0,0,0,0,0,0,0,0,0,0,0,0,0,0,0,0,0,0,0,0,0,0,0,0,0,0,0,0,0,0,0,0,0,0,0,0,0,0,0,0,0,0,0,0,0,0,0,0,0,0,0,0,0,0,0,0,0,0,0,0,0,0,0,0,0,0,0,0,0,0,0,0,0,0,0,0,0,0,0,0,0,0,0,0,0,0,0,0,0,0,0,0,0,0,0,0,0,0,0,0,0,0,0,0,0,0,0,0,0,0,0,0,0,0,0,0,0,0,0,0,0,0,0,0,0,0,0,0,0,0,0,0,0,0,0,0,0,0,0,0,0,0,0,0,0,0,0,0,0,0,0,0,0,0,0,0,0,0,0,0,0,0,0,0,0,0,0,0,0,0,0,0,0,0,0,0,0,0,0,0,0,0,0,0,0,0,0,0,0,0,0,0,0,0,0,0,0,0,0,0,0,0,0,0,0,0,0,0,0,0,0,0,0,0,0,0,0,0,0,0,0,0,0,0,0,0,0,0,0,-92,-296,-186,3,1,-6,-13,-19,-18,-23,-26,-22,-14,-5,6,17,25,30,27,17,5,-7,-17,-29,-38,-35,-19,0,22,39,47,49,44,24,-1,-30,-51,-58,-53,-40,-12,20,48,66,74,66,35,-1,-39,-70,-81,-75,-53,-13,34,70,85,80,55,17,-26,-66,-88,-84,-61,-22,27,73,95,88,67,27,-32,-82,-107,-112,-86,-32,28,84,116,127,103,45,-20,-77,-119,-136,-121,-67,10,82,127,147,126,66,-11,-87,-140,-160,-134,-70,14,90,142,163,145,83,1,-84,-158,-191,-167,-98,-9,85,163,202,191,129,31,-75,-172,-222,-217,-164,-70,45,0,219,236,193,103,-14,-129,-214,-249,-220,-143,-41,68,168,225,230,181,92,-18,-114,-181,-205,-183,-122,-40,55,133,169,166,130,75,1,-66,-115,-138,-128,-96,-50,-4,40,74,96,98,81,50,14,-23,-54,-83,-99,-92,-70,-36,9,54,86,110,114,88,37,-20,-74,-117,-143,-137,-93,-18,67,139,182,184,146,74,-26,-127,-206,-235,-208,-138,-30,93,195,257,264,207,99,-32,-159,-253,-286,-256,-173,-47,89,207,282,296,237,128,-6,-135,-233,-282,-266,-190,-73,54,165,241,265,225,134,18,-100,-195,-247,-244,-201,-116,0,110,194,243,252,231,173,-500,-461
28735,mtk,MTK 7916,2776483941,rx2-tx0,512,0,0,0,0,0,0,0,0,0,0,0,0,0,0,0,0,0,0,0,0,0,0,0,0,0,0,0,0,0,0,0,0,0,0,0,0,0,0,0,0,0,0,0,0,0,0,0,0,0,0,0,0,0,0,0,0,0,0,0,0,0,0,0,0,0,0,0,0,0,0,0,0,0,0,0,0,0,0,0,0,0,0,0,0,0,0,0,0,0,0,0,0,0,0,0,0,0,0,0,0,0,0,0,0,0,0,0,0,0,0,0,0,0,0,0,0,0,0,0,0,0,0,0,0,0,0,0,0,0,0,0,0,0,0,0,0,0,0,0,0,0,0,0,0,0,0,0,0,0,0,0,0,0,0,0,0,0,0,0,0,0,0,0,0,0,0,0,0,0,0,0,0,0,0,0,0,0,0,0,0,0,0,0,0,0,0,0,0,0,0,0,0,0,0,0,0,0,0,0,0,0,0,0,0,0,0,0,0,0,0,0,0,0,0,0,0,0,0,0,0,0,0,0,0,0,0,0,0,0,0,0,0,0,0,0,0,0,0,0,0,0,0,0,0,0,0,0,0,0,0,0,0,0,0,0,0,-136,599,711,-41,-37,-23,-1,26,50,69,85,89,75,47,11,-29,-68,-98,-109,-103,-75,-30,28,81,125,147,140,101,37,-39,-112,-169,-197,-181,-123,-39,59,151,218,242,210,128,18,-100,-206,-275,-277,-218,-109,35,170,269,310,277,175,28,-129,-256,-325,-314,-225,-85,78,231,328,342,272,130,-44,-212,-339,-385,-327,-181,4,200,352,412,369,235,38,-177,-349,-437,-420,-296,-92,139,339,457,463,354,154,-91,-312,-460,-496,-412,-228,14,252,429,500,445,286,59,-180,-371,-471,-451,-318,-110,120,318,437,444,338,146,-81,-287,-411,-433,-345,-173,38,238,376,420,0,203,-8,-211,-357,-416,-368,-223,-23,176,334,412,385,258,64,-144,-315,-409,-403,-302,-130,75,263,390,425,356,204,7,-195,-350,-428,-401,-282,-98,109,293,408,431,359,207,6,-199,-353,-425,-405,-300,-128,70,249,372,411,360,234,59,-124,-274,-367,-378,-303,-163,7,168,286,342,322,235,89,-72,-212,-298,-316,-260,-149,-7,137,249,297,272,187,59,-80,-192,-260,-266,-206,-97,31,145,229,260,226,135,11,-115,-212,-263,-253,-182,-68,60,175,253,274,234,142,19,-111,-217,-279,-280,-219,-115,7,135,235,288,286,232,135,16,-105,-206,-272,-297,-278,-218,198,336,0,0,0,0,0,0,0,0,0,0,0,0,0,0,0,0,0,0,0,0,0,0,0,0,0,0,0,0,0,0,0,0,0,0,0,0,0,0,0,0,0,0,0,0,0,0,0,0,0,0,0,0,0,0,0,0,0,0,0,0,0,0,0,0,0,0,0,0,0,0,0,0,0,0,0,0,0,0,0,0,0,0,0,0,0,0,0,0,0,0,0,0,0,0,0,0,0,0,0,0,0,0,0,0,0,0,0,0,0,0,0,0,0,0,0,0,0,0,0,0,0,0,0,0,0,0,0,0,0,0,0,0,0,0,0,0,0,0,0,0,0,0,0,0,0,0,0,0,0,0,0,0,0,0,0,0,0,0,0,0,0,0,0,0,0,0,0,0,0,0,0,0,0,0,0,0,0,0,0,0,0,0,0,0,0,0,0,0,0,0,0,0,0,0,0,0,0,0,0,0,0,0,0,0,0,0,0,0,0,0,0,0,0,0,0,0,0,0,0,0,0,0,0,0,0,0,0,0,0,0,0,0,0,0,0,0,0,0,0,0,0,0,0,0,0,0,0,0,0,0,0,0,0,0,0,0,1335,553,426,-35,-53,-67,-76,-75,-62,-41,-12,23,54,80,96,95,77,43,-7,-55,-94,-121,-129,-108,-59,3,67,124,164,171,143,85,2,-90,-168,-217,-219,-177,-93,20,135,219,261,250,179,63,-67,-186,-269,-293,-250,-142,4,151,268,327,305,207,57,-110,-247,-328,-336,-262,-118,57,221,334,359,298,164,-21,-208,-341,-392,-347,-213,-16,189,355,430,396,259,55,-168,-355,-451,-440,-328,-131,112,325,459,479,388,199,-44,-278,-443,-493,-426,-255,-20,219,401,487,447,303,88,-149,-349,-456,-447,-330,-129,104,303,424,435,337,160,-61,-265,-395,-426,-349,-185,24,0,377,417,351,205,14,-186,-349,-420,-379,-243,-46,158,324,410,395,283,103,-101,-284,-396,-408,-319,-156,44,234,370,422,376,239,42,-164,-333,-429,-421,-320,-151,55,252,386,435,384,251,67,-131,-299,-400,-411,-334,-184,0,186,331,397,376,278,121,-63,-227,-337,-368,-322,-208,-50,117,255,333,334,258,131,-23,-169,-270,-303,-264,-167,-34,101,214,274,266,195,79,-52,-168,-245,-263,-216,-113,12,137,228,268,245,161,40,-89,-201,-265,-266,-208,-107,17,142,235,272,252,182,66,-64,-179,-259,-288,-255,-168,-48,77,188,271,307,288,228,136,33,-62,-155,766,719
28736,mtk,MTK 7916,2776483941,rx2-tx1,512,0,0,0,0,0,0,0,0,0,0,0,0,0,0,0,0,0,0,0,0,0,0,0,0,0,0,0,0,0,0,0,0,0,0,0,0,0,0,0,0,0,0,0,0,0,0,0,0,0,0,0,0,0,0,0,0,0,0,0,0,0,0,0,0,0,0,0,0,0,0,0,0,0,0,0,0,0,0,0,0,0,0,0,0,0,0,0,0,0,0,0,0,0,0,0,0,0,0,0,0,0,0,0,0,0,0,0,0,0,0,0,0,0,0,0,0,0,0,0,0,0,0,0,0,0,0,0,0,0,0,0,0,0,0,0,0,0,0,0,0,0,0,0,0,0,0,0,0,0,0,0,0,0,0,0,0,0,0,0,0,0,0,0,0,0,0,0,0,0,0,0,0,0,0,0,0,0,0,0,0,0,0,0,0,0,0,0,0,0,0,0,0,0,0,0,0,0,0,0,0,0,0,0,0,0,0,0,0,0,0,0,0,0,0,0,0,0,0,0,0,0,0,0,0,0,0,0,0,0,0,0,0,0,0,0,0,0,0,0,0,0,0,0,0,0,0,0,0,0,0,0,0,0,0,0,0,236,-329,-285,-32,-35,-26,-6,15,34,52,62,60,46,22,-8,-32,-52,-57,-48,-27,1,31,48,59,51,29,-4,-40,-64,-71,-59,-29,11,51,84,104,94,58,5,-50,-94,-110,-99,-58,-1,66,124,142,127,80,-3,-91,-158,-186,-167,-97,1,105,189,232,213,133,12,-115,-221,-279,-266,-184,-48,114,247,322,324,237,86,-93,-249,-357,-376,-297,-141,54,244,375,411,349,195,-8,-214,-377,-444,-396,-252,-40,185,358,443,422,297,94,-134,-331,-439,-441,-339,-147,81,279,402,421,336,172,-35,-232,-362,-393,-323,-174,21,202,323,355,293,153,-22,-183,-290,-321,0,-130,30,182,280,296,231,101,-55,-200,-284,-292,-217,-83,77,219,305,304,222,78,-88,-234,-319,-321,-237,-96,78,234,329,338,260,113,-61,-214,-314,-336,-267,-136,31,186,290,309,257,146,-3,-147,-243,-280,-247,-146,-11,119,212,240,206,123,17,-88,-169,-197,-166,-89,-2,85,146,167,129,58,-27,-98,-145,-153,-119,-51,31,104,145,148,105,30,-43,-108,-150,-154,-114,-39,46,114,152,149,109,46,-29,-98,-144,-153,-124,-64,11,81,128,146,127,74,5,-57,-106,-127,-114,-81,-30,30,82,112,111,85,40,-16,-70,-109,-127,-121,-94,-59,-12,45,-420,-400,0,0,0,0,0,0,0,0,0,0,0,0,0,0,0,0,0,0,0,0,0,0,0,0,0,0,0,0,0,0,0,0,0,0,0,0,0,0,0,0,0,0,0,0,0,0,0,0,0,0,0,0,0,0,0,0,0,0,0,0,0,0,0,0,0,0,0,0,0,0,0,0,0,0,0,0,0,0,0,0,0,0,0,0,0,0,0,0,0,0,0,0,0,0,0,0,0,0,0,0,0,0,0,0,0,0,0,0,0,0,0,0,0,0,0,0,0,0,0,0,0,0,0,0,0,0,0,0,0,0,0,0,0,0,0,0,0,0,0,0,0,0,0,0,0,0,0,0,0,0,0,0,0,0,0,0,0,0,0,0,0,0,0,0,0,0,0,0,0,0,0,0,0,0,0,0,0,0,0,0,0,0,0,0,0,0,0,0,0,0,0,0,0,0,0,0,0,0,0,0,0,0,0,0,0,0,0,0,0,0,0,0,0,0,0,0,0,0,0,0,0,0,0,0,0,0,0,0,0,0,0,0,0,0,0,0,0,0,0,0,0,0,0,0,0,0,0,0,0,0,0,0,0,0,0,0,-351,207,270,-29,-40,-53,-61,-60,-52,-34,-12,15,42,58,56,42,21,-1,-25,-49,-60,-52,-29,2,31,52,58,49,25,-9,-39,-69,-86,-73,-32,14,57,90,100,89,48,-3,-65,-111,-133,-114,-60,12,83,134,159,144,85,-3,-99,-175,-202,-179,-115,-14,108,205,252,234,151,23,-109,-235,-306,-296,-208,-66,91,240,343,354,267,114,-69,-244,-366,-404,-326,-164,36,233,379,432,376,222,16,-194,-366,-453,-421,-273,-60,166,351,449,433,310,111,-106,-303,-427,-440,-341,-161,57,258,389,413,330,170,-27,-211,-334,-370,-305,-165,14,188,307,341,275,138,-25,0,-279,-303,-240,-111,47,199,286,295,222,88,-74,-215,-298,-298,-216,-72,92,230,313,310,228,83,-85,-234,-328,-334,-251,-103,76,237,333,342,268,128,-42,-204,-308,-330,-272,-149,12,164,266,293,248,147,9,-124,-226,-262,-231,-141,-15,106,186,213,191,118,13,-94,-161,-176,-144,-76,14,96,142,150,118,52,-35,-111,-146,-144,-110,-43,39,108,150,148,106,37,-38,-112,-154,-148,-103,-39,37,109,146,153,117,54,-23,-91,-138,-146,-122,-66,1,65,112,131,118,79,21,-43,-95,-121,-113,-85,-36,26,82,114,124,107,67,6,-53,-91,-119,-130,-119,14,81
28737,mtk,MTK 7916,2776515985,rx0-tx0,512,0,0,0,0,0,0,0,0,0,0,0,0,0,0,0,0,0,0,0,0,0,0,0,0,0,0,0,0,0,0,0,0,0,0,0,0,0,0,0,0,0,0,0,0,0,0,0,0,0,0,0,0,0,0,0,0,0,0,0,0,0,0,0,0,0,0,0,0,0,0,0,0,0,0,0,0,0,0,0,0,0,0,0,0,0,0,0,0,0,0,0,0,0,0,0,0,0,0,0,0,0,0,0,0,0,0,0,0,0,0,0,0,0,0,0,0,0,0,0,0,0,0,0,0,0,0,0,0,0,0,0,0,0,0,0,0,0,0,0,0,0,0,0,0,0,0,0,0,0,0,0,0,0,0,0,0,0,0,0,0,0,0,0,0,0,0,0,0,0,0,0,0,0,0,0,0,0,0,0,0,0,0,0,0,0,0,0,0,0,0,0,0,0,0,0,0,0,0,0,0,0,0,0,0,0,0,0,0,0,0,0,0,0,0,0,0,0,0,0,0,0,0,0,0,0,0,0,0,0,0,0,0,0,0,0,0,0,0,0,0,0,0,0,0,0,0,0,0,0,0,0,0,0,0,0,0,-273,-124,66,153,251,296,266,175,44,-98,-221,-315,-368,-380,-339,-260,-153,-26,116,247,363,445,486,479,417,309,162,-13,-198,-375,-517,-614,-652,-613,-511,-362,-164,62,285,473,625,714,732,684,576,408,211,1,-231,-431,-585,-702,-753,-738,-672,-546,-378,-184,36,261,461,621,750,820,810,736,604,415,191,-54,-306,-545,-739,-860,-911,-891,-799,-634,-410,-152,121,385,625,800,916,944,893,776,582,339,74,-183,-427,-636,-785,-860,-869,-815,-689,-519,-317,-85,147,355,535,675,758,789,756,668,542,373,186,-20,-222,-411,-569,-682,-755,-770,-726,-639,-494,-316,-119,104,314,511,-1687,793,839,829,758,620,430,209,-27,-270,-495,-683,-824,-900,-905,-850,-719,-537,-314,-63,199,455,672,845,962,1011,983,871,688,450,164,-142,-449,-731,-971,-1137,-1208,-1181,-1045,-826,-534,-187,196,579,897,1155,1317,1370,1313,1126,835,477,67,-351,-745,-1082,-1318,-1439,-1433,-1302,-1054,-713,-313,118,541,920,1207,1387,1443,1374,1187,886,518,97,-330,-723,-1050,-1282,-1405,-1400,-1253,-1006,-668,-262,166,577,932,1200,1340,1356,1236,1004,670,278,-138,-537,-866,-1113,-1240,-1237,-1110,-877,-555,-182,195,534,815,1012,1094,1061,929,699,398,50,-296,-610,-873,-1035,-1067,-952,-694,-324,120,533,829,925,-640,-476,0,0,0,0,0,0,0,0,0,0,0,0,0,0,0,0,0,0,0,0,0,0,0,0,0,0,0,0,0,0,0,0,0,0,0,0,0,0,0,0,0,0,0,0,0,0,0,0,0,0,0,0,0,0,0,0,0,0,0,0,0,0,0,0,0,0,0,0,0,0,0,0,0,0,0,0,0,0,0,0,0,0,0,0,0,0,0,0,0,0,0,0,0,0,0,0,0,0,0,0,0,0,0,0,0,0,0,0,0,0,0,0,0,0,0,0,0,0,0,0,0,0,0,0,0,0,0,0,0,0,0,0,0,0,0,0,0,0,0,0,0,0,0,0,0,0,0,0,0,0,0,0,0,0,0,0,0,0,0,0,0,0,0,0,0,0,0,0,0,0,0,0,0,0,0,0,0,0,0,0,0,0,0,0,0,0,0,0,0,0,0,0,0,0,0,0,0,0,0,0,0,0,0,0,0,0,0,0,0,0,0,0,0,0,0,0,0,0,0,0,0,0,0,0,0,0,0,0,0,0,0,0,0,0,0,0,0,0,0,0,0,0,0,0,0,0,0,0,0,0,0,0,0,0,0,0,-1322,1096,1103,177,97,-34,-173,-283,-347,-342,-286,-187,-68,63,194,298,369,416,414,369,280,152,2,-157,-310,-441,-534,-573,-555,-471,-337,-166,39,251,432,584,682,712,661,546,385,168,-58,-278,-474,-622,-710,-749,-721,-615,-470,-286,-70,143,349,532,667,756,786,750,644,494,301,67,-171,-390,-586,-744,-839,-866,-830,-719,-535,-302,-44,215,468,689,848,929,930,862,714,506,250,-35,-299,-546,-749,-877,-928,-902,-811,-647,-434,-195,52,298,513,672,781,827,802,725,601,429,230,20,-193,-379,-544,-666,-739,-762,-734,-648,-513,-348,-155,53,255,446,610,721,794,803,745,640,-175,281,50,-180,-408,-606,-753,-845,-882,-846,-742,-579,-372,-130,114,363,587,766,891,947,936,850,697,503,256,-18,-302,-574,-799,-975,-1078,-1100,-1034,-885,-656,-355,-24,327,656,931,1150,1279,1301,1194,982,691,330,-62,-465,-833,-1128,-1328,-1417,-1382,-1227,-960,-602,-188,237,649,1006,1268,1419,1444,1346,1133,812,421,-11,-432,-823,-1128,-1336,-1428,-1389,-1230,-957,-603,-196,239,643,980,1242,1380,1384,1260,1024,684,285,-138,-548,-894,-1158,-1301,-1313,-1188,-951,-626,-241,158,529,841,1067,1171,1149,1013,784,476,127,-222,-545,-808,-987,-1054,-1003,-851,-597,-258,119,501,816,1025,1054,880,541,160,914,1002
28738,mtk,MTK 7916,2776515985,rx0-tx1,512,0,0,0,0,0,0,0,0,0,0,0,0,0,0,0,0,0,0,0,0,0,0,0,0,0,0,0,0,0,0,0,0,0,0,0,0,0,0,0,0,0,0,0,0,0,0,0,0,0,0,0,0,0,0,0,0,0,0,0,0,0,0,0,0,0,0,0,0,0,0,0,0,0,0,0,0,0,0,0,0,0,0,0,0,0,0,0,0,0,0,0,0,0,0,0,0,0,0,0,0,0,0,0,0,0,0,0,0,0,0,0,0,0,0,0,0,0,0,0,0,0,0,0,0,0,0,0,0,0,0,0,0,0,0,0,0,0,0,0,0,0,0,0,0,0,0,0,0,0,0,0,0,0,0,0,0,0,0,0,0,0,0,0,0,0,0,0,0,0,0,0,0,0,0,0,0,0,0,0,0,0,0,0,0,0,0,0,0,0,0,0,0,0,0,0,0,0,0,0,0,0,0,0,0,0,0,0,0,0,0,0,0,0,0,0,0,0,0,0,0,0,0,0,0,0,0,0,0,0,0,0,0,0,0,0,0,0,0,0,0,0,0,0,0,0,0,0,0,0,0,0,0,0,0,0,0,-730,240,334,-274,-296,-226,-81,94,263,384,443,433,363,241,76,-92,-255,-399,-498,-551,-539,-466,-344,-171,29,232,421,578,673,700,664,553,381,161,-82,-321,-533,-711,-811,-837,-801,-670,-475,-241,18,295,548,760,913,972,950,850,671,425,137,-170,-469,-732,-940,-1067,-1100,-1041,-891,-663,-372,-47,283,599,872,1072,1185,1209,1120,934,673,348,-10,-374,-710,-983,-1185,-1299,-1301,-1190,-988,-684,-329,62,467,816,1116,1323,1406,1388,1260,1010,667,275,-157,-568,-929,-1222,-1412,-1481,-1430,-1257,-968,-596,-184,247,662,1021,1289,1440,1480,1392,1191,894,515,104,-311,-701,-1033,-1275,-1421,-1435,-1336,-1141,-546,-486,-82,312,685,1005,1238,1368,1399,1312,1122,848,498,116,-265,-647,-976,-1218,-1366,-1405,-1331,-1157,-888,-546,-154,256,650,993,1247,1403,1440,1361,1169,879,518,114,-301,-691,-1016,-1253,-1391,-1418,-1321,-1115,-821,-454,-59,329,696,1003,1223,1337,1341,1242,1039,752,412,40,-330,-669,-958,-1161,-1269,-1279,-1186,-997,-723,-386,-17,353,697,973,1176,1284,1275,1152,929,623,264,-128,-509,-842,-1107,-1265,-1300,-1215,-1017,-719,-354,44,440,789,1057,1214,1249,1146,931,631,264,-120,-479,-774,-977,-1077,-1058,-928,-716,-430,-112,199,490,715,857,907,855,717,500,216,-98,-412,-674,-839,-862,-724,-450,-147,-65,26,0,0,0,0,0,0,0,0,0,0,0,0,0,0,0,0,0,0,0,0,0,0,0,0,0,0,0,0,0,0,0,0,0,0,0,0,0,0,0,0,0,0,0,0,0,0,0,0,0,0,0,0,0,0,0,0,0,0,0,0,0,0,0,0,0,0,0,0,0,0,0,0,0,0,0,0,0,0,0,0,0,0,0,0,0,0,0,0,0,0,0,0,0,0,0,0,0,0,0,0,0,0,0,0,0,0,0,0,0,0,0,0,0,0,0,0,0,0,0,0,0,0,0,0,0,0,0,0,0,0,0,0,0,0,0,0,0,0,0,0,0,0,0,0,0,0,0,0,0,0,0,0,0,0,0,0,0,0,0,0,0,0,0,0,0,0,0,0,0,0,0,0,0,0,0,0,0,0,0,0,0,0,0,0,0,0,0,0,0,0,0,0,0,0,0,0,0,0,0,0,0,0,0,0,0,0,0,0,0,0,0,0,0,0,0,0,0,0,0,0,0,0,0,0,0,0,0,0,0,0,0,0,0,0,0,0,0,0,0,0,0,0,0,0,0,0,0,0,0,0,0,0,0,0,0,0,-128,524,490,-25,119,273,373,392,329,199,35,-138,-292,-413,-480,-487,-440,-335,-189,-18,166,337,485,587,625,600,513,362,158,-64,-292,-498,-658,-755,-777,-728,-612,-426,-185,66,322,566,745,860,911,877,758,576,325,42,-247,-523,-757,-928,-1021,-1031,-946,-778,-537,-247,72,387,674,916,1076,1146,1124,1007,797,518,193,-158,-506,-803,-1046,-1202,-1261,-1217,-1064,-829,-523,-162,223,585,907,1162,1317,1378,1308,1126,858,498,101,-300,-693,-1036,-1278,-1427,-1456,-1352,-1140,-829,-442,-17,409,808,1142,1361,1471,1463,1333,1086,748,348,-72,-494,-869,-1168,-1372,-1451,-1415,-1273,-1014,-684,-294,123,515,870,1197,1343,1408,1368,1228,991,664,293,-100,-486,-827,-1111,-1304,-1386,-1368,-1242,-1005,-691,-332,60,452,808,1106,1318,1418,1409,1283,1042,721,333,-82,-481,-847,-1141,-1347,-1442,-1414,-1263,-1007,-675,-291,119,520,869,1147,1328,1390,1344,1197,946,616,238,-151,-521,-847,-1099,-1256,-1319,-1268,-1121,-879,-569,-221,147,505,823,1071,1230,1285,1232,1079,834,523,157,-232,-591,-901,-1133,-1271,-1296,-1193,-989,-694,-328,67,457,807,1078,1240,1283,1199,1000,700,335,-65,-453,-777,-1025,-1160,-1169,-1053,-829,-528,-186,171,486,742,916,978,943,820,604,339,41,-255,-518,-731,-862,-885,-790,-574,-269,86,419,651,727,553,571
28739,mtk,MTK 7916,2776515985,rx1-tx0,512,0,0,0,0,0,0,0,0,0,0,0,0,0,0,0,0,0,0,0,0,0,0,0,0,0,0,0,0,0,0,0,0,0,0,0,0,0,0,0,0,0,0,0,0,0,0,0,0,0,0,0,0,0,0,0,0,0,0,0,0,0,0,0,0,0,0,0,0,0,0,0,0,0,0,0,0,0,0,0,0,0,0,0,0,0,0,0,0,0,0,0,0,0,0,0,0,0,0,0,0,0,0,0,0,0,0,0,0,0,0,0,0,0,0,0,0,0,0,0,0,0,0,0,0,0,0,0,0,0,0,0,0,0,0,0,0,0,0,0,0,0,0,0,0,0,0,0,0,0,0,0,0,0,0,0,0,0,0,0,0,0,0,0,0,0,0,0,0,0,0,0,0,0,0,0,0,0,0,0,0,0,0,0,0,0,0,0,0,0,0,0,0,0,0,0,0,0,0,0,0,0,0,0,0,0,0,0,0,0,0,0,0,0,0,0,0,0,0,0,0,0,0,0,0,0,0,0,0,0,0,0,0,0,0,0,0,0,0,0,0,0,0,0,0,0,0,0,0,0,0,0,0,0,0,0,0,146,398,230,33,-41,-128,-191,-208,-178,-113,-30,61,142,208,238,232,196,136,61,-29,-123,-194,-246,-264,-254,-206,-143,-65,30,119,196,247,267,254,218,151,80,2,-82,-142,-190,-219,-213,-191,-150,-99,-39,19,67,108,129,136,134,116,96,71,41,14,-5,-18,-36,-48,-38,-40,-48,-48,-49,-47,-53,-56,-61,-59,-58,-56,-34,-11,24,74,112,153,185,191,194,165,117,44,-32,-113,-203,-268,-314,-326,-302,-251,-176,-74,40,162,275,350,390,397,371,296,196,85,-48,-185,-290,-362,-419,-432,-396,-328,-227,-100,24,150,268,357,410,429,413,360,271,155,26,-99,-144,-315,-384,-421,-422,-390,-313,-208,-85,47,164,273,352,396,408,379,324,235,123,13,-103,-208,-289,-348,-372,-361,-325,-261,-166,-62,36,127,210,273,315,323,303,258,201,126,37,-48,-127,-191,-245,-274,-275,-258,-221,-170,-104,-34,48,117,173,219,249,250,227,200,147,85,17,-52,-101,-157,-203,-222,-226,-211,-185,-136,-74,-16,51,113,167,212,228,235,218,177,121,56,-24,-107,-173,-226,-257,-261,-240,-184,-117,-32,58,136,210,255,267,254,206,129,49,-41,-118,-181,-231,-242,-227,-187,-126,-46,38,108,166,200,201,189,144,73,-10,-88,-152,-180,-167,-130,779,677,0,0,0,0,0,0,0,0,0,0,0,0,0,0,0,0,0,0,0,0,0,0,0,0,0,0,0,0,0,0,0,0,0,0,0,0,0,0,0,0,0,0,0,0,0,0,0,0,0,0,0,0,0,0,0,0,0,0,0,0,0,0,0,0,0,0,0,0,0,0,0,0,0,0,0,0,0,0,0,0,0,0,0,0,0,0,0,0,0,0,0,0,0,0,0,0,0,0,0,0,0,0,0,0,0,0,0,0,0,0,0,0,0,0,0,0,0,0,0,0,0,0,0,0,0,0,0,0,0,0,0,0,0,0,0,0,0,0,0,0,0,0,0,0,0,0,0,0,0,0,0,0,0,0,0,0,0,0,0,0,0,0,0,0,0,0,0,0,0,0,0,0,0,0,0,0,0,0,0,0,0,0,0,0,0,0,0,0,0,0,0,0,0,0,0,0,0,0,0,0,0,0,0,0,0,0,0,0,0,0,0,0,0,0,0,0,0,0,0,0,0,0,0,0,0,0,0,0,0,0,0,0,0,0,0,0,0,0,0,0,0,0,0,0,0,0,0,0,0,0,0,0,0,0,0,0,206,-913,-980,-133,-162,-134,-63,30,120,186,222,220,183,118,27,-60,-140,-202,-240,-257,-229,-173,-98,-9,81,164,219,263,269,242,188,110,22,-64,-144,-203,-235,-252,-230,-183,-129,-59,14,77,130,161,183,179,164,135,86,42,-4,-41,-70,-87,-97,-91,-78,-71,-64,-39,-24,-25,-18,-14,-8,-9,-6,2,19,45,60,85,105,122,131,125,104,75,21,-30,-93,-161,-214,-249,-256,-256,-222,-154,-68,39,138,230,307,354,369,345,278,179,69,-53,-174,-286,-360,-413,-431,-390,-308,-213,-96,45,174,282,371,421,429,412,347,250,133,7,-123,-246,-345,-409,-431,-422,147,-288,-178,-59,67,186,298,373,416,420,383,318,218,105,-14,-127,-234,-324,-374,-391,-375,-321,-246,-145,-38,70,164,254,315,340,335,310,257,183,92,-7,-96,-176,-233,-276,-301,-292,-261,-210,-146,-68,11,90,159,212,244,262,262,231,189,128,56,-20,-83,-142,-196,-227,-238,-224,-198,-167,-108,-46,16,77,131,180,208,222,223,199,160,101,37,-35,-108,-170,-216,-243,-259,-234,-196,-132,-50,34,122,194,244,270,262,228,171,94,7,-81,-167,-226,-254,-251,-215,-165,-91,-3,76,147,197,227,221,195,143,69,-8,-83,-154,-197,-206,-180,-124,-46,34,92,-563,-683
28740,mtk,MTK 7916,2776515985,rx1-tx1,512,0,0,0,0,0,0,0,0,0,0,0,0,0,0,0,0,0,0,0,0,0,0,0,0,0,0,0,0,0,0,0,0,0,0,0,0,0,0,0,0,0,0,0,0,0,0,0,0,0,0,0,0,0,0,0,0,0,0,0,0,0,0,0,0,0,0,0,0,0,0,0,0,0,0,0,0,0,0,0,0,0,0,0,0,0,0,0,0,0,0,0,0,0,0,0,0,0,0,0,0,0,0,0,0,0,0,0,0,0,0,0,0,0,0,0,0,0,0,0,0,0,0,0,0,0,0,0,0,0,0,0,0,0,0,0,0,0,0,0,0,0,0,0,0,0,0,0,0,0,0,0,0,0,0,0,0,0,0,0,0,0,0,0,0,0,0,0,0,0,0,0,0,0,0,0,0,0,0,0,0,0,0,0,0,0,0,0,0,0,0,0,0,0,0,0,0,0,0,0,0,0,0,0,0,0,0,0,0,0,0,0,0,0,0,0,0,0,0,0,0,0,0,0,0,0,0,0,0,0,0,0,0,0,0,0,0,0,0,0,0,0,0,0,0,0,0,0,0,0,0,0,0,0,0,0,0,-411,410,347,-19,-21,-16,-7,8,21,31,38,42,43,38,26,6,-15,-35,-48,-55,-51,-38,-17,9,33,57,69,69,54,26,-7,-40,-70,-84,-81,-65,-36,5,45,78,92,95,73,35,-9,-48,-82,-99,-97,-73,-33,20,65,97,109,100,68,19,-41,-89,-116,-118,-94,-47,4,60,106,127,115,74,20,-36,-89,-122,-129,-105,-56,7,69,118,141,130,91,30,-45,-105,-138,-144,-121,-73,-1,68,119,143,130,88,25,-45,-104,-137,-141,-111,-51,20,82,122,145,132,83,11,-63,-124,-160,-157,-110,-42,36,110,167,178,148,85,8,-75,-147,-195,-195,-148,0,20,106,175,212,201,141,58,-29,-116,-181,-204,-188,-138,-60,24,101,158,185,172,128,60,-16,-82,-129,-154,-154,-125,-71,-11,45,94,124,132,115,86,47,-1,-39,-74,-100,-118,-114,-98,-61,-7,46,87,129,145,134,100,44,-25,-92,-146,-175,-174,-138,-69,17,103,173,210,201,149,64,-41,-145,-219,-248,-229,-168,-60,69,179,257,289,265,179,56,-79,-204,-296,-327,-287,-185,-49,98,225,311,333,291,192,58,-85,-212,-301,-329,-291,-195,-70,64,186,270,298,263,175,58,-60,-168,-249,-282,-251,-171,-63,53,164,252,297,289,240,161,68,-26,-120,468,472,0,0,0,0,0,0,0,0,0,0,0,0,0,0,0,0,0,0,0,0,0,0,0,0,0,0,0,0,0,0,0,0,0,0,0,0,0,0,0,0,0,0,0,0,0,0,0,0,0,0,0,0,0,0,0,0,0,0,0,0,0,0,0,0,0,0,0,0,0,0,0,0,0,0,0,0,0,0,0,0,0,0,0,0,0,0,0,0,0,0,0,0,0,0,0,0,0,0,0,0,0,0,0,0,0,0,0,0,0,0,0,0,0,0,0,0,0,0,0,0,0,0,0,0,0,0,0,0,0,0,0,0,0,0,0,0,0,0,0,0,0,0,0,0,0,0,0,0,0,0,0,0,0,0,0,0,0,0,0,0,0,0,0,0,0,0,0,0,0,0,0,0,0,0,0,0,0,0,0,0,0,0,0,0,0,0,0,0,0,0,0,0,0,0,0,0,0,0,0,0,0,0,0,0,0,0,0,0,0,0,0,0,0,0,0,0,0,0,0,0,0,0,0,0,0,0,0,0,0,0,0,0,0,0,0,0,0,0,0,0,0,0,0,0,0,0,0,0,0,0,0,0,0,0,0,0,-92,-312,-396,-14,-24,-32,-39,-44,-41,-36,-27,-11,10,30,46,52,47,37,24,2,-23,-43,-55,-60,-54,-39,-13,19,47,68,80,76,49,9,-32,-65,-83,-89,-76,-48,-12,28,65,94,104,89,52,7,-41,-85,-113,-115,-91,-46,4,59,102,122,114,85,37,-19,-75,-108,-118,-102,-64,-10,48,99,124,121,91,33,-32,-82,-117,-136,-123,-82,-8,60,112,142,143,111,51,-22,-91,-132,-145,-124,-79,-18,50,108,140,136,100,40,-28,-86,-128,-143,-122,-63,9,80,133,156,141,96,22,-53,-120,-165,-167,-127,-63,15,97,163,196,176,116,36,-49,-132,0,-206,-177,-113,-27,68,156,206,209,174,108,17,-75,-152,-195,-198,-162,-96,-16,66,126,163,174,154,97,27,-39,-92,-126,-141,-138,-107,-54,2,49,85,111,117,109,92,53,9,-36,-78,-111,-125,-122,-95,-51,2,61,120,156,163,136,86,17,-65,-134,-175,-191,-174,-110,-18,78,164,228,236,193,114,6,-115,-210,-258,-266,-218,-124,5,140,245,296,296,236,126,-15,-156,-269,-326,-318,-245,-123,21,161,271,327,323,256,135,-5,-142,-250,-305,-303,-245,-134,-1,126,224,274,271,215,113,-12,-127,-217,-271,-279,-244,-157,-40,76,176,252,289,284,242,-1,-102
28741,mtk,MTK 7916,2776515985,rx2-tx0,512,0,0,0,0,0,0,0,0,0,0,0,0,0,0,0,0,0,0,0,0,0,0,0,0,0,0,0,0,0,0,0,0,0,0,0,0,0,0,0,0,0,0,0,0,0,0,0,0,0,0,0,0,0,0,0,0,0,0,0,0,0,0,0,0,0,0,0,0,0,0,0,0,0,0,0,0,0,0,0,0,0,0,0,0,0,0,0,0,0,0,0,0,0,0,0,0,0,0,0,0,0,0,0,0,0,0,0,0,0,0,0,0,0,0,0,0,0,0,0,0,0,0,0,0,0,0,0,0,0,0,0,0,0,0,0,0,0,0,0,0,0,0,0,0,0,0,0,0,0,0,0,0,0,0,0,0,0,0,0,0,0,0,0,0,0,0,0,0,0,0,0,0,0,0,0,0,0,0,0,0,0,0,0,0,0,0,0,0,0,0,0,0,0,0,0,0,0,0,0,0,0,0,0,0,0,0,0,0,0,0,0,0,0,0,0,0,0,0,0,0,0,0,0,0,0,0,0,0,0,0,0,0,0,0,0,0,0,0,0,0,0,0,0,0,0,0,0,0,0,0,0,0,0,0,0,0,-136,358,216,28,42,55,66,75,76,65,41,13,-17,-46,-72,-91,-97,-87,-62,-26,21,69,106,128,132,110,67,7,-59,-120,-164,-183,-173,-127,-54,35,126,196,231,226,177,91,-14,-126,-225,-280,-274,-218,-122,2,134,245,306,304,240,120,-24,-166,-276,-336,-324,-236,-93,66,207,314,356,319,205,41,-132,-282,-368,-373,-296,-151,28,211,352,415,379,264,91,-113,-305,-428,-451,-377,-218,-15,197,372,469,464,364,184,-40,-263,-433,-500,-460,-325,-122,112,322,457,491,419,261,47,-172,-355,-458,-453,-351,-174,35,236,384,448,408,270,77,-119,-291,-404,-426,-348,0,-2,197,344,416,398,285,110,-84,-257,-379,-417,-362,-226,-41,153,316,410,414,328,176,-10,-199,-351,-425,-408,-311,-150,44,230,372,441,416,305,139,-56,-241,-381,-442,-410,-299,-140,44,219,357,431,414,321,175,-3,-184,-326,-401,-403,-330,-196,-20,153,290,370,383,319,195,41,-117,-248,-328,-341,-292,-185,-40,109,224,293,308,259,155,25,-109,-223,-281,-283,-229,-131,-1,127,227,278,271,203,93,-32,-149,-239,-277,-259,-191,-84,39,160,252,293,277,203,92,-35,-154,-246,-292,-283,-222,-125,-8,118,223,292,314,286,208,100,-13,-120,-209,-264,-285,-280,654,586,0,0,0,0,0,0,0,0,0,0,0,0,0,0,0,0,0,0,0,0,0,0,0,0,0,0,0,0,0,0,0,0,0,0,0,0,0,0,0,0,0,0,0,0,0,0,0,0,0,0,0,0,0,0,0,0,0,0,0,0,0,0,0,0,0,0,0,0,0,0,0,0,0,0,0,0,0,0,0,0,0,0,0,0,0,0,0,0,0,0,0,0,0,0,0,0,0,0,0,0,0,0,0,0,0,0,0,0,0,0,0,0,0,0,0,0,0,0,0,0,0,0,0,0,0,0,0,0,0,0,0,0,0,0,0,0,0,0,0,0,0,0,0,0,0,0,0,0,0,0,0,0,0,0,0,0,0,0,0,0,0,0,0,0,0,0,0,0,0,0,0,0,0,0,0,0,0,0,0,0,0,0,0,0,0,0,0,0,0,0,0,0,0,0,0,0,0,0,0,0,0,0,0,0,0,0,0,0,0,0,0,0,0,0,0,0,0,0,0,0,0,0,0,0,0,0,0,0,0,0,0,0,0,0,0,0,0,0,0,0,0,0,0,0,0,0,0,0,0,0,0,0,0,0,0,0,1335,-691,-748,-48,-44,-35,-19,2,25,49,71,82,82,75,56,26,-11,-52,-86,-109,-114,-100,-68,-23,30,90,137,156,149,120,66,-9,-86,-151,-197,-212,-185,-123,-30,73,168,236,258,232,160,50,-73,-186,-268,-297,-263,-180,-60,80,208,296,321,282,180,36,-116,-244,-324,-332,-273,-149,15,181,304,363,345,253,99,-82,-249,-365,-400,-342,-210,-26,171,335,424,421,322,156,-49,-252,-402,-471,-439,-305,-101,126,327,458,493,423,254,33,-194,-378,-484,-478,-378,-196,30,251,408,481,453,323,124,-101,-299,-425,-455,-387,-227,-25,175,336,430,421,313,137,-64,-248,0,-422,-373,-239,-52,146,306,399,409,327,172,-23,-210,-346,-417,-398,-288,-115,84,265,388,421,370,249,72,-127,-300,-407,-430,-366,-229,-45,151,318,416,435,371,234,49,-143,-306,-409,-435,-377,-244,-64,120,277,391,430,381,263,98,-80,-241,-352,-399,-373,-273,-122,48,200,309,360,338,250,115,-36,-181,-283,-330,-313,-232,-105,38,170,260,297,273,196,80,-49,-172,-261,-287,-246,-159,-46,79,190,262,279,237,145,23,-100,-203,-273,-287,-242,-149,-28,99,210,278,290,251,164,42,-81,-188,-266,-301,-277,-206,-99,21,141,240,301,319,295,237,154,66,-32,-393,-508
28742,mtk,MTK 7916,2776515985,rx2-tx1,512,0,0,0,0,0,0,0,0,0,0,0,0,0,0,0,0,0,0,0,0,0,0,0,0,0,0,0,0,0,0,0,0,0,0,0,0,0,0,0,0,0,0,0,0,0,0,0,0,0,0,0,0,0,0,0,0,0,0,0,0,0,0,0,0,0,0,0,0,0,0,0,0,0,0,0,0,0,0,0,0,0,0,0,0,0,0,0,0,0,0,0,0,0,0,0,0,0,0,0,0,0,0,0,0,0,0,0,0,0,0,0,0,0,0,0,0,0,0,0,0,0,0,0,0,0,0,0,0,0,0,0,0,0,0,0,0,0,0,0,0,0,0,0,0,0,0,0,0,0,0,0,0,0,0,0,0,0,0,0,0,0,0,0,0,0,0,0,0,0,0,0,0,0,0,0,0,0,0,0,0,0,0,0,0,0,0,0,0,0,0,0,0,0,0,0,0,0,0,0,0,0,0,0,0,0,0,0,0,0,0,0,0,0,0,0,0,0,0,0,0,0,0,0,0,0,0,0,0,0,0,0,0,0,0,0,0,0,0,0,0,0,0,0,0,0,0,0,0,0,0,0,0,0,0,0,0,236,43,-25,22,33,50,67,72,68,57,34,1,-23,-47,-60,-63,-56,-36,-10,11,39,66,67,48,21,-10,-39,-61,-72,-63,-35,6,43,74,94,98,68,20,-30,-77,-113,-124,-101,-49,18,79,129,160,146,94,28,-59,-139,-193,-203,-162,-77,29,137,213,244,223,153,34,-99,-213,-284,-298,-242,-125,22,166,286,355,340,239,81,-97,-258,-363,-392,-342,-211,-23,174,335,421,421,320,152,-54,-249,-393,-455,-426,-294,-92,124,316,442,468,392,225,11,-204,-367,-446,-427,-318,-140,61,250,381,416,362,233,47,-140,-284,-367,-366,-280,-133,42,206,307,328,271,0,3,-149,-264,-307,-269,-170,-34,113,236,298,285,205,73,-82,-218,-291,-297,-240,-124,27,179,294,339,298,187,31,-124,-255,-328,-335,-265,-133,25,174,286,331,299,205,65,-85,-212,-282,-286,-232,-127,0,126,222,256,231,154,53,-55,-144,-195,-203,-158,-72,19,94,152,164,129,66,-12,-85,-130,-146,-122,-66,8,80,130,153,136,83,8,-63,-121,-150,-144,-102,-34,48,115,152,153,121,70,5,-64,-126,-158,-151,-103,-44,20,78,129,153,140,94,34,-33,-87,-119,-128,-116,-79,-25,38,90,117,118,95,54,-2,-58,-100,-126,-134,-121,-95,-56,-3,234,171,0,0,0,0,0,0,0,0,0,0,0,0,0,0,0,0,0,0,0,0,0,0,0,0,0,0,0,0,0,0,0,0,0,0,0,0,0,0,0,0,0,0,0,0,0,0,0,0,0,0,0,0,0,0,0,0,0,0,0,0,0,0,0,0,0,0,0,0,0,0,0,0,0,0,0,0,0,0,0,0,0,0,0,0,0,0,0,0,0,0,0,0,0,0,0,0,0,0,0,0,0,0,0,0,0,0,0,0,0,0,0,0,0,0,0,0,0,0,0,0,0,0,0,0,0,0,0,0,0,0,0,0,0,0,0,0,0,0,0,0,0,0,0,0,0,0,0,0,0,0,0,0,0,0,0,0,0,0,0,0,0,0,0,0,0,0,0,0,0,0,0,0,0,0,0,0,0,0,0,0,0,0,0,0,0,0,0,0,0,0,0,0,0,0,0,0,0,0,0,0,0,0,0,0,0,0,0,0,0,0,0,0,0,0,0,0,0,0,0,0,0,0,0,0,0,0,0,0,0,0,0,0,0,0,0,0,0,0,0,0,0,0,0,0,0,0,0,0,0,0,0,0,0,0,0,0,-351,-383,-383,-49,-49,-41,-24,-1,22,46,63,69,65,53,27,-5,-29,-49,-62,-60,-43,-17,16,46,68,72,59,32,-13,-54,-74,-78,-77,-56,-7,48,91,111,108,80,32,-22,-77,-126,-143,-127,-82,-8,72,138,170,165,126,46,-47,-142,-206,-220,-183,-109,-8,113,214,267,254,194,83,-62,-202,-296,-333,-295,-187,-27,141,283,365,364,289,150,-32,-216,-353,-412,-385,-269,-90,117,305,427,449,377,221,10,-197,-362,-459,-456,-343,-158,58,263,408,462,418,284,83,-128,-311,-421,-433,-354,-199,-1,195,343,407,369,257,94,-92,-250,-339,-350,-280,-146,19,174,0,320,276,167,25,-130,-251,-297,-276,-191,-57,98,222,292,296,224,93,-60,-197,-293,-320,-266,-150,3,153,270,333,320,229,86,-75,-217,-311,-337,-283,-167,-18,134,251,315,306,225,99,-43,-169,-252,-282,-247,-154,-31,87,176,223,213,155,64,-34,-115,-172,-179,-140,-71,13,92,145,155,122,60,-8,-76,-131,-147,-120,-67,4,74,126,146,133,87,16,-58,-121,-155,-156,-122,-59,17,87,132,150,134,96,28,-51,-113,-147,-156,-133,-76,-6,59,113,140,134,102,56,-6,-65,-108,-130,-121,-83,-32,22,74,116,135,123,90,44,-11,-64,-99,-119,-124,-351,-381
28743,mtk,MTK 7916,2776549025,rx0-tx0,512,0,0,0,0,0,0,0,0,0,0,0,0,0,0,0,0,0,0,0,0,0,0,0,0,0,0,0,0,0,0,0,0,0,0,0,0,0,0,0,0,0,0,0,0,0,0,0,0,0,0,0,0,0,0,0,0,0,0,0,0,0,0,0,0,0,0,0,0,0,0,0,0,0,0,0,0,0,0,0,0,0,0,0,0,0,0,0,0,0,0,0,0,0,0,0,0,0,0,0,0,0,0,0,0,0,0,0,0,0,0,0,0,0,0,0,0,0,0,0,0,0,0,0,0,0,0,0,0,0,0,0,0,0,0,0,0,0,0,0,0,0,0,0,0,0,0,0,0,0,0,0,0,0,0,0,0,0,0,0,0,0,0,0,0,0,0,0,0,0,0,0,0,0,0,0,0,0,0,0,0,0,0,0,0,0,0,0,0,0,0,0,0,0,0,0,0,0,0,0,0,0,0,0,0,0,0,0,0,0,0,0,0,0,0,0,0,0,0,0,0,0,0,0,0,0,0,0,0,0,0,0,0,0,0,0,0,0,0,0,0,0,0,0,0,0,0,0,0,0,0,0,0,0,0,0,0,-273,-819,-887,217,166,59,-75,-202,-306,-361,-377,-344,-276,-187,-77,34,146,255,339,409,454,459,433,366,278,161,29,-115,-257,-386,-501,-580,-624,-616,-561,-469,-336,-174,-2,179,353,497,612,690,717,704,646,549,423,261,84,-102,-274,-430,-569,-680,-745,-773,-765,-707,-605,-466,-295,-110,82,277,458,625,749,826,873,866,799,688,535,344,139,-78,-299,-503,-682,-812,-903,-937,-917,-835,-705,-545,-338,-124,96,317,498,662,776,843,868,839,777,670,520,356,178,-14,-184,-350,-502,-619,-698,-740,-756,-731,-669,-581,-476,-340,-179,-18,143,298,446,573,673,744,784,781,736,659,-1687,392,214,25,-171,-360,-533,-679,-789,-863,-889,-860,-797,-682,-532,-352,-165,47,256,450,623,766,878,957,963,933,860,736,570,363,136,-105,-343,-574,-794,-966,-1096,-1162,-1157,-1095,-980,-788,-539,-257,55,378,682,935,1148,1299,1359,1339,1240,1061,813,510,179,-167,-501,-809,-1071,-1258,-1372,-1403,-1347,-1211,-995,-720,-397,-55,287,610,896,1126,1285,1362,1360,1265,1090,849,557,227,-118,-453,-760,-1023,-1207,-1314,-1335,-1253,-1094,-862,-568,-228,118,451,748,984,1147,1226,1207,1100,912,671,387,71,-239,-525,-756,-934,-1040,-1061,-1008,-878,-676,-419,-117,209,523,800,1004,1081,1014,797,443,102,-473,-614,0,0,0,0,0,0,0,0,0,0,0,0,0,0,0,0,0,0,0,0,0,0,0,0,0,0,0,0,0,0,0,0,0,0,0,0,0,0,0,0,0,0,0,0,0,0,0,0,0,0,0,0,0,0,0,0,0,0,0,0,0,0,0,0,0,0,0,0,0,0,0,0,0,0,0,0,0,0,0,0,0,0,0,0,0,0,0,0,0,0,0,0,0,0,0,0,0,0,0,0,0,0,0,0,0,0,0,0,0,0,0,0,0,0,0,0,0,0,0,0,0,0,0,0,0,0,0,0,0,0,0,0,0,0,0,0,0,0,0,0,0,0,0,0,0,0,0,0,0,0,0,0,0,0,0,0,0,0,0,0,0,0,0,0,0,0,0,0,0,0,0,0,0,0,0,0,0,0,0,0,0,0,0,0,0,0,0,0,0,0,0,0,0,0,0,0,0,0,0,0,0,0,0,0,0,0,0,0,0,0,0,0,0,0,0,0,0,0,0,0,0,0,0,0,0,0,0,0,0,0,0,0,0,0,0,0,0,0,0,0,0,0,0,0,0,0,0,0,0,0,0,0,0,0,0,0,-1322,-538,-394,-128,-230,-310,-329,-290,-200,-81,46,172,270,347,391,402,386,338,259,165,44,-83,-209,-322,-418,-494,-534,-538,-491,-416,-309,-172,-15,158,318,462,580,653,686,673,608,499,359,194,18,-158,-330,-484,-609,-693,-739,-740,-693,-615,-498,-348,-173,-3,183,361,522,657,755,813,821,784,703,578,410,229,29,-188,-396,-574,-730,-838,-897,-912,-872,-783,-637,-456,-248,-26,199,413,597,752,860,905,915,854,751,617,437,244,31,-169,-357,-524,-656,-744,-797,-804,-766,-704,-602,-470,-318,-162,5,174,326,456,567,666,726,742,726,687,615,505,369,211,44,-135,-309,-474,-175,-732,-807,-841,-834,-779,-683,-541,-377,-192,15,214,410,588,729,829,893,917,884,811,691,538,362,151,-71,-279,-491,-679,-839,-961,-1034,-1053,-1013,-924,-780,-586,-358,-86,201,477,737,969,1132,1247,1290,1254,1132,936,691,394,61,-260,-582,-884,-1125,-1300,-1388,-1391,-1311,-1153,-913,-616,-292,55,396,721,993,1204,1340,1388,1358,1238,1045,787,481,149,-195,-527,-821,-1060,-1238,-1338,-1350,-1272,-1116,-879,-586,-262,86,433,741,1002,1192,1290,1292,1210,1030,783,486,156,-173,-484,-755,-960,-1097,-1144,-1101,-977,-789,-551,-267,26,317,584,805,964,1047,1042,932,723,417,42,-339,-675,-883,-913,-868,-777
28744,mtk,MTK 7916,2776549025,rx0-tx1,512,0,0,0,0,0,0,0,0,0,0,0,0,0,0,0,0,0,0,0,0,0,0,0,0,0,0,0,0,0,0,0,0,0,0,0,0,0,0,0,0,0,0,0,0,0,0,0,0,0,0,0,0,0,0,0,0,0,0,0,0,0,0,0,0,0,0,0,0,0,0,0,0,0,0,0,0,0,0,0,0,0,0,0,0,0,0,0,0,0,0,0,0,0,0,0,0,0,0,0,0,0,0,0,0,0,0,0,0,0,0,0,0,0,0,0,0,0,0,0,0,0,0,0,0,0,0,0,0,0,0,0,0,0,0,0,0,0,0,0,0,0,0,0,0,0,0,0,0,0,0,0,0,0,0,0,0,0,0,0,0,0,0,0,0,0,0,0,0,0,0,0,0,0,0,0,0,0,0,0,0,0,0,0,0,0,0,0,0,0,0,0,0,0,0,0,0,0,0,0,0,0,0,0,0,0,0,0,0,0,0,0,0,0,0,0,0,0,0,0,0,0,0,0,0,0,0,0,0,0,0,0,0,0,0,0,0,0,0,0,0,0,0,0,0,0,0,0,0,0,0,0,0,0,0,0,0,-730,-375,-301,-122,-12,138,279,376,417,392,317,206,71,-78,-222,-347,-448,-515,-539,-524,-461,-349,-208,-41,135,312,477,604,688,731,721,650,528,360,165,-50,-270,-479,-652,-788,-878,-901,-869,-785,-646,-458,-227,14,260,496,698,870,993,1046,1043,975,833,656,428,165,-109,-376,-622,-845,-1016,-1131,-1176,-1162,-1067,-909,-706,-453,-163,133,427,700,937,1121,1244,1301,1277,1186,1016,790,516,201,-120,-445,-746,-1003,-1216,-1356,-1409,-1393,-1288,-1113,-859,-564,-233,125,469,792,1063,1273,1414,1480,1456,1343,1147,886,577,237,-123,-477,-794,-1074,-1285,-1422,-1478,-1446,-1333,-1147,-892,-594,-258,93,429,742,-546,1234,1364,1435,1421,1329,1167,941,668,358,17,-313,-624,-904,-1136,-1312,-1418,-1439,-1380,-1250,-1045,-781,-479,-146,215,555,855,1126,1323,1441,1487,1443,1307,1096,825,510,162,-189,-528,-836,-1088,-1287,-1403,-1443,-1393,-1261,-1064,-810,-517,-199,132,446,738,978,1164,1288,1331,1299,1199,1036,816,557,262,-48,-349,-638,-886,-1085,-1219,-1287,-1286,-1203,-1052,-834,-564,-259,67,391,686,947,1148,1266,1308,1267,1140,941,672,356,18,-324,-639,-908,-1109,-1230,-1259,-1197,-1042,-820,-536,-220,104,412,680,887,1019,1069,1043,931,754,536,278,6,-259,-501,-705,-852,-928,-924,-834,-652,-389,-78,253,542,730,781,-519,-495,0,0,0,0,0,0,0,0,0,0,0,0,0,0,0,0,0,0,0,0,0,0,0,0,0,0,0,0,0,0,0,0,0,0,0,0,0,0,0,0,0,0,0,0,0,0,0,0,0,0,0,0,0,0,0,0,0,0,0,0,0,0,0,0,0,0,0,0,0,0,0,0,0,0,0,0,0,0,0,0,0,0,0,0,0,0,0,0,0,0,0,0,0,0,0,0,0,0,0,0,0,0,0,0,0,0,0,0,0,0,0,0,0,0,0,0,0,0,0,0,0,0,0,0,0,0,0,0,0,0,0,0,0,0,0,0,0,0,0,0,0,0,0,0,0,0,0,0,0,0,0,0,0,0,0,0,0,0,0,0,0,0,0,0,0,0,0,0,0,0,0,0,0,0,0,0,0,0,0,0,0,0,0,0,0,0,0,0,0,0,0,0,0,0,0,0,0,0,0,0,0,0,0,0,0,0,0,0,0,0,0,0,0,0,0,0,0,0,0,0,0,0,0,0,0,0,0,0,0,0,0,0,0,0,0,0,0,0,0,0,0,0,0,0,0,0,0,0,0,0,0,0,0,0,0,0,-128,426,485,243,312,322,257,135,-18,-170,-301,-398,-457,-469,-432,-358,-247,-110,40,195,347,475,567,620,629,588,495,352,181,-13,-219,-415,-585,-713,-793,-823,-795,-711,-571,-392,-180,58,284,501,685,839,939,977,961,868,726,541,311,59,-197,-457,-684,-867,-1018,-1103,-1116,-1060,-948,-779,-554,-293,-13,272,544,783,986,1145,1232,1239,1181,1050,859,618,337,35,-280,-579,-857,-1076,-1249,-1340,-1358,-1300,-1159,-958,-700,-383,-54,286,611,908,1155,1328,1435,1456,1388,1242,1014,731,411,56,-301,-644,-948,-1190,-1370,-1470,-1488,-1412,-1260,-1034,-744,-419,-62,291,623,918,1161,1336,1443,1456,1387,1248,1197,768,456,131,-211,-537,-832,-1080,-1265,-1391,-1435,-1391,-1283,-1103,-864,-576,-249,88,418,728,1005,1224,1380,1468,1464,1359,1199,964,663,326,-23,-376,-706,-993,-1227,-1387,-1469,-1458,-1370,-1194,-960,-674,-349,-6,340,655,927,1140,1293,1373,1371,1293,1138,926,673,376,62,-248,-541,-802,-1018,-1175,-1271,-1291,-1244,-1130,-949,-712,-430,-128,188,490,767,1003,1179,1280,1308,1248,1114,916,643,333,5,-328,-638,-912,-1127,-1258,-1302,-1255,-1125,-915,-639,-317,21,357,657,905,1080,1170,1171,1081,912,679,403,110,-184,-459,-679,-846,-949,-970,-921,-803,-623,-394,-128,155,433,678,850,926,879,696,408,121,176,263
28745,mtk,MTK 7916,2776549025,rx1-tx0,512,0,0,0,0,0,0,0,0,0,0,0,0,0,0,0,0,0,0,0,0,0,0,0,0,0,0,0,0,0,0,0,0,0,0,0,0,0,0,0,0,0,0,0,0,0,0,0,0,0,0,0,0,0,0,0,0,0,0,0,0,0,0,0,0,0,0,0,0,0,0,0,0,0,0,0,0,0,0,0,0,0,0,0,0,0,0,0,0,0,0,0,0,0,0,0,0,0,0,0,0,0,0,0,0,0,0,0,0,0,0,0,0,0,0,0,0,0,0,0,0,0,0,0,0,0,0,0,0,0,0,0,0,0,0,0,0,0,0,0,0,0,0,0,0,0,0,0,0,0,0,0,0,0,0,0,0,0,0,0,0,0,0,0,0,0,0,0,0,0,0,0,0,0,0,0,0,0,0,0,0,0,0,0,0,0,0,0,0,0,0,0,0,0,0,0,0,0,0,0,0,0,0,0,0,0,0,0,0,0,0,0,0,0,0,0,0,0,0,0,0,0,0,0,0,0,0,0,0,0,0,0,0,0,0,0,0,0,0,0,0,0,0,0,0,0,0,0,0,0,0,0,0,0,0,0,0,146,660,784,-124,-157,-164,-132,-66,13,95,162,205,223,214,182,131,65,-3,-73,-143,-201,-231,-250,-238,-208,-155,-88,-21,57,126,184,220,243,243,224,189,140,82,20,-49,-107,-149,-181,-196,-191,-176,-154,-118,-84,-32,8,44,70,86,98,105,100,87,72,56,42,32,24,8,6,5,2,11,17,22,20,11,-4,-26,-44,-68,-94,-119,-145,-157,-154,-137,-110,-76,-23,42,100,163,210,256,292,296,279,233,174,100,14,-71,-166,-243,-309,-355,-372,-362,-337,-279,-200,-113,-11,94,185,271,346,379,399,397,363,307,234,146,41,-57,-155,-243,-320,-375,-410,-415,-144,-347,-278,-192,-89,21,121,216,303,368,401,409,400,366,304,214,113,17,-78,-173,-257,-314,-352,-369,-370,-332,-299,-232,-141,-51,41,116,184,242,289,314,312,304,275,233,173,98,24,-45,-107,-155,-200,-246,-262,-259,-248,-220,-181,-137,-85,-30,26,82,132,174,199,211,221,206,185,158,120,79,30,-10,-55,-96,-127,-163,-187,-197,-196,-191,-166,-131,-93,-43,6,63,118,158,203,220,226,226,197,150,101,33,-37,-106,-155,-194,-223,-231,-228,-200,-154,-101,-26,46,100,152,187,206,205,193,156,105,49,-12,-70,-125,-169,-180,-178,-155,-105,-41,23,71,197,352,0,0,0,0,0,0,0,0,0,0,0,0,0,0,0,0,0,0,0,0,0,0,0,0,0,0,0,0,0,0,0,0,0,0,0,0,0,0,0,0,0,0,0,0,0,0,0,0,0,0,0,0,0,0,0,0,0,0,0,0,0,0,0,0,0,0,0,0,0,0,0,0,0,0,0,0,0,0,0,0,0,0,0,0,0,0,0,0,0,0,0,0,0,0,0,0,0,0,0,0,0,0,0,0,0,0,0,0,0,0,0,0,0,0,0,0,0,0,0,0,0,0,0,0,0,0,0,0,0,0,0,0,0,0,0,0,0,0,0,0,0,0,0,0,0,0,0,0,0,0,0,0,0,0,0,0,0,0,0,0,0,0,0,0,0,0,0,0,0,0,0,0,0,0,0,0,0,0,0,0,0,0,0,0,0,0,0,0,0,0,0,0,0,0,0,0,0,0,0,0,0,0,0,0,0,0,0,0,0,0,0,0,0,0,0,0,0,0,0,0,0,0,0,0,0,0,0,0,0,0,0,0,0,0,0,0,0,0,0,0,0,0,0,0,0,0,0,0,0,0,0,0,0,0,0,0,206,733,613,-71,-18,57,135,187,204,189,143,77,7,-68,-134,-191,-224,-233,-225,-198,-142,-77,-6,68,130,192,232,253,249,220,176,119,55,-21,-85,-142,-186,-218,-233,-231,-197,-151,-99,-41,13,59,103,131,152,159,146,132,105,82,55,27,-3,-21,-37,-42,-47,-43,-47,-46,-34,-35,-27,-23,-29,-36,-46,-56,-67,-78,-81,-79,-67,-46,-16,29,78,119,155,194,224,237,225,195,148,100,31,-51,-132,-210,-273,-322,-342,-340,-312,-259,-193,-101,0,93,185,270,331,373,395,390,349,301,216,122,29,-81,-182,-259,-326,-382,-404,-399,-374,-325,-261,-171,-70,39,147,232,311,370,407,409,391,357,291,200,101,-1,-98,-195,-280,-343,-376,-391,-379,-349,-290,-210,-127,-38,57,142,214,288,330,350,349,325,280,226,156,73,-6,-85,-155,-202,-245,-270,-286,-280,-257,-223,-184,-129,-50,8,65,118,159,199,223,239,236,215,189,149,101,58,1,-57,-100,-142,-169,-190,-200,-200,-194,-170,-142,-111,-64,-13,30,79,125,157,188,202,213,211,185,152,105,43,-10,-72,-138,-183,-216,-238,-238,-215,-173,-128,-64,2,68,135,176,211,226,211,192,155,99,32,-27,-86,-139,-171,-185,-184,-173,-147,-91,-28,35,96,139,161,150,132,943,899
28746,mtk,MTK 7916,2776549025,rx1-tx1,512,0,0,0,0,0,0,0,0,0,0,0,0,0,0,0,0,0,0,0,0,0,0,0,0,0,0,0,0,0,0,0,0,0,0,0,0,0,0,0,0,0,0,0,0,0,0,0,0,0,0,0,0,0,0,0,0,0,0,0,0,0,0,0,0,0,0,0,0,0,0,0,0,0,0,0,0,0,0,0,0,0,0,0,0,0,0,0,0,0,0,0,0,0,0,0,0,0,0,0,0,0,0,0,0,0,0,0,0,0,0,0,0,0,0,0,0,0,0,0,0,0,0,0,0,0,0,0,0,0,0,0,0,0,0,0,0,0,0,0,0,0,0,0,0,0,0,0,0,0,0,0,0,0,0,0,0,0,0,0,0,0,0,0,0,0,0,0,0,0,0,0,0,0,0,0,0,0,0,0,0,0,0,0,0,0,0,0,0,0,0,0,0,0,0,0,0,0,0,0,0,0,0,0,0,0,0,0,0,0,0,0,0,0,0,0,0,0,0,0,0,0,0,0,0,0,0,0,0,0,0,0,0,0,0,0,0,0,0,0,0,0,0,0,0,0,0,0,0,0,0,0,0,0,0,0,0,-411,431,500,-10,-22,-25,-21,-17,-10,0,9,20,29,34,32,23,8,-8,-26,-41,-43,-35,-22,-7,17,41,57,57,46,17,-15,-44,-64,-75,-67,-38,3,39,70,87,83,59,19,-30,-71,-94,-91,-73,-40,3,53,92,98,80,48,3,-44,-79,-101,-88,-47,4,52,85,95,82,43,-8,-55,-85,-97,-78,-36,16,64,96,101,82,37,-24,-74,-105,-109,-84,-31,28,77,109,110,78,20,-33,-75,-99,-98,-65,-11,45,86,102,87,50,-4,-63,-102,-105,-80,-33,26,84,123,125,83,17,-52,-104,-135,-127,-87,-23,59,134,170,156,106,28,-57,-134,0,-184,-136,-48,48,131,187,195,154,79,-16,-103,-163,-193,-169,-103,-20,66,148,184,164,116,55,-28,-101,-139,-143,-133,-96,-32,38,87,115,121,100,58,9,-31,-63,-86,-99,-97,-66,-26,10,59,98,111,105,89,41,-22,-73,-115,-141,-127,-75,-14,53,122,171,172,123,46,-39,-128,-193,-206,-163,-82,18,119,201,236,205,117,-5,-132,-232,-275,-253,-167,-40,101,218,286,288,215,87,-60,-199,-291,-311,-258,-147,-2,142,251,299,284,199,63,-79,-197,-264,-268,-209,-105,23,143,229,260,226,139,22,-103,-202,-259,-263,-211,-117,-3,108,198,250,260,148,250,0,0,0,0,0,0,0,0,0,0,0,0,0,0,0,0,0,0,0,0,0,0,0,0,0,0,0,0,0,0,0,0,0,0,0,0,0,0,0,0,0,0,0,0,0,0,0,0,0,0,0,0,0,0,0,0,0,0,0,0,0,0,0,0,0,0,0,0,0,0,0,0,0,0,0,0,0,0,0,0,0,0,0,0,0,0,0,0,0,0,0,0,0,0,0,0,0,0,0,0,0,0,0,0,0,0,0,0,0,0,0,0,0,0,0,0,0,0,0,0,0,0,0,0,0,0,0,0,0,0,0,0,0,0,0,0,0,0,0,0,0,0,0,0,0,0,0,0,0,0,0,0,0,0,0,0,0,0,0,0,0,0,0,0,0,0,0,0,0,0,0,0,0,0,0,0,0,0,0,0,0,0,0,0,0,0,0,0,0,0,0,0,0,0,0,0,0,0,0,0,0,0,0,0,0,0,0,0,0,0,0,0,0,0,0,0,0,0,0,0,0,0,0,0,0,0,0,0,0,0,0,0,0,0,0,0,0,0,0,0,0,0,0,0,0,0,0,0,0,0,0,0,0,0,0,0,-92,316,246,5,3,-4,-10,-16,-21,-27,-30,-25,-15,-1,16,28,36,41,36,19,-4,-26,-38,-48,-48,-34,-9,17,44,57,58,49,29,-4,-42,-75,-85,-72,-43,-9,35,72,91,84,57,17,-23,-61,-88,-95,-81,-46,7,57,90,95,79,45,2,-47,-86,-101,-90,-49,2,51,78,90,81,44,-11,-62,-95,-100,-77,-32,15,65,100,100,74,32,-24,-78,-106,-106,-79,-31,32,84,106,104,73,25,-38,-84,-102,-94,-61,-1,56,91,102,83,36,-21,-76,-111,-110,-84,-30,37,97,128,125,84,22,-46,-109,-149,-145,-99,-27,54,127,172,167,119,0,-56,-140,-188,-186,-142,-66,27,116,176,189,159,93,7,-87,-163,-199,-179,-118,-33,48,114,155,165,132,71,-7,-76,-119,-134,-127,-91,-43,8,63,101,107,98,81,53,10,-42,-84,-98,-97,-85,-55,-10,41,83,108,123,112,65,-4,-69,-124,-152,-143,-101,-36,44,123,174,182,141,56,-42,-131,-197,-219,-185,-102,16,131,214,254,226,136,13,-117,-229,-282,-269,-195,-68,82,211,291,304,243,119,-28,-172,-279,-318,-272,-172,-33,110,223,282,277,202,84,-49,-168,-247,-265,-213,-115,5,122,216,261,242,164,54,-67,-175,-252,-281,-258,-195,-110,-5,482,460
28747,mtk,MTK 7916,2776549025,rx2-tx0,512,0,0,0,0,0,0,0,0,0,0,0,0,0,0,0,0,0,0,0,0,0,0,0,0,0,0,0,0,0,0,0,0,0,0,0,0,0,0,0,0,0,0,0,0,0,0,0,0,0,0,0,0,0,0,0,0,0,0,0,0,0,0,0,0,0,0,0,0,0,0,0,0,0,0,0,0,0,0,0,0,0,0,0,0,0,0,0,0,0,0,0,0,0,0,0,0,0,0,0,0,0,0,0,0,0,0,0,0,0,0,0,0,0,0,0,0,0,0,0,0,0,0,0,0,0,0,0,0,0,0,0,0,0,0,0,0,0,0,0,0,0,0,0,0,0,0,0,0,0,0,0,0,0,0,0,0,0,0,0,0,0,0,0,0,0,0,0,0,0,0,0,0,0,0,0,0,0,0,0,0,0,0,0,0,0,0,0,0,0,0,0,0,0,0,0,0,0,0,0,0,0,0,0,0,0,0,0,0,0,0,0,0,0,0,0,0,0,0,0,0,0,0,0,0,0,0,0,0,0,0,0,0,0,0,0,0,0,0,0,0,0,0,0,0,0,0,0,0,0,0,0,0,0,0,0,0,-136,390,493,-21,-7,13,34,54,69,77,72,55,29,-6,-43,-75,-93,-97,-82,-44,3,52,96,127,130,105,54,-13,-86,-143,-174,-169,-128,-51,45,134,198,220,192,115,6,-110,-203,-253,-246,-181,-70,62,186,270,290,235,121,-25,-171,-275,-309,-265,-153,2,158,276,329,294,179,14,-156,-291,-352,-319,-196,-19,167,310,374,338,214,25,-175,-335,-406,-376,-236,-27,191,359,435,405,265,49,-185,-375,-471,-445,-297,-70,174,376,485,470,332,104,-148,-353,-468,-467,-342,-130,114,330,453,454,336,132,-103,-308,-432,-436,-329,-134,93,296,416,420,314,124,-93,-287,0,-419,-316,-125,97,292,409,418,317,137,-83,-284,-407,-425,-332,-156,62,266,400,432,359,187,-32,-238,-389,-447,-392,-238,-27,187,356,445,427,300,99,-123,-318,-433,-443,-354,-182,36,245,391,445,400,261,67,-138,-313,-416,-419,-329,-164,40,228,357,404,353,223,45,-139,-287,-367,-356,-263,-111,66,222,320,338,276,145,-18,-171,-274,-311,-274,-169,-21,130,245,293,270,183,52,-97,-220,-286,-278,-201,-72,75,207,289,300,233,115,-31,-174,-277,-312,-277,-176,-32,118,240,308,307,238,114,-38,-178,-282,-330,-306,-218,-92,48,182,285,338,335,285,202,82,-1,137,0,0,0,0,0,0,0,0,0,0,0,0,0,0,0,0,0,0,0,0,0,0,0,0,0,0,0,0,0,0,0,0,0,0,0,0,0,0,0,0,0,0,0,0,0,0,0,0,0,0,0,0,0,0,0,0,0,0,0,0,0,0,0,0,0,0,0,0,0,0,0,0,0,0,0,0,0,0,0,0,0,0,0,0,0,0,0,0,0,0,0,0,0,0,0,0,0,0,0,0,0,0,0,0,0,0,0,0,0,0,0,0,0,0,0,0,0,0,0,0,0,0,0,0,0,0,0,0,0,0,0,0,0,0,0,0,0,0,0,0,0,0,0,0,0,0,0,0,0,0,0,0,0,0,0,0,0,0,0,0,0,0,0,0,0,0,0,0,0,0,0,0,0,0,0,0,0,0,0,0,0,0,0,0,0,0,0,0,0,0,0,0,0,0,0,0,0,0,0,0,0,0,0,0,0,0,0,0,0,0,0,0,0,0,0,0,0,0,0,0,0,0,0,0,0,0,0,0,0,0,0,0,0,0,0,0,0,0,0,0,0,0,0,0,0,0,0,0,0,0,0,0,0,0,0,0,1335,623,537,-44,-58,-63,-58,-47,-30,-2,34,61,80,88,77,52,17,-23,-63,-95,-111,-104,-74,-26,33,95,139,152,133,85,15,-69,-147,-192,-199,-161,-82,21,125,207,245,224,148,35,-88,-195,-261,-275,-215,-99,41,178,274,301,254,139,-16,-168,-281,-324,-286,-170,-8,158,284,341,305,187,18,-157,-300,-364,-332,-205,-24,168,322,394,360,223,21,-189,-351,-427,-389,-250,-39,191,374,460,425,281,63,-176,-382,-482,-454,-313,-95,154,367,484,471,335,113,-134,-344,-461,-461,-339,-130,109,313,434,444,331,127,-101,-297,-417,-430,-328,-133,99,293,409,419,315,0,-95,-291,-408,-415,-314,-133,86,286,406,420,322,140,-79,-276,-404,-430,-344,-169,44,253,398,440,367,208,-3,-217,-376,-447,-411,-270,-60,161,341,441,440,329,139,-77,-278,-416,-449,-379,-226,-20,189,355,434,408,293,113,-92,-271,-382,-410,-343,-195,-7,179,326,387,354,242,82,-100,-257,-347,-348,-274,-137,33,191,295,325,271,152,4,-144,-259,-308,-275,-176,-40,107,229,290,275,187,53,-91,-216,-286,-282,-213,-87,60,193,277,300,253,149,-1,-152,-268,-315,-292,-203,-68,81,212,301,322,268,157,19,-129,-252,-325,-339,-289,-190,-64,63,170,241,284,725,722
28748,mtk,MTK 7916,2776549025,rx2-tx1,512,0,0,0,0,0,0,0,0,0,0,0,0,0,0,0,0,0,0,0,0,0,0,0,0,0,0,0,0,0,0,0,0,0,0,0,0,0,0,0,0,0,0,0,0,0,0,0,0,0,0,0,0,0,0,0,0,0,0,0,0,0,0,0,0,0,0,0,0,0,0,0,0,0,0,0,0,0,0,0,0,0,0,0,0,0,0,0,0,0,0,0,0,0,0,0,0,0,0,0,0,0,0,0,0,0,0,0,0,0,0,0,0,0,0,0,0,0,0,0,0,0,0,0,0,0,0,0,0,0,0,0,0,0,0,0,0,0,0,0,0,0,0,0,0,0,0,0,0,0,0,0,0,0,0,0,0,0,0,0,0,0,0,0,0,0,0,0,0,0,0,0,0,0,0,0,0,0,0,0,0,0,0,0,0,0,0,0,0,0,0,0,0,0,0,0,0,0,0,0,0,0,0,0,0,0,0,0,0,0,0,0,0,0,0,0,0,0,0,0,0,0,0,0,0,0,0,0,0,0,0,0,0,0,0,0,0,0,0,0,0,0,0,0,0,0,0,0,0,0,0,0,0,0,0,0,0,236,367,350,-22,-3,14,35,57,71,72,56,33,6,-26,-52,-67,-68,-54,-18,18,45,65,63,42,8,-26,-53,-66,-63,-37,1,44,76,86,75,42,-8,-64,-101,-115,-97,-51,17,85,136,145,113,56,-24,-107,-166,-177,-141,-58,49,153,220,228,175,70,-58,-173,-252,-268,-210,-81,72,209,301,319,242,97,-77,-243,-356,-371,-289,-123,78,263,378,410,330,151,-76,-280,-413,-449,-357,-171,60,275,433,477,396,201,-47,-285,-446,-490,-409,-224,20,251,419,478,402,224,-1,-224,-390,-452,-388,-220,4,215,357,401,337,186,-11,-203,-333,-363,-296,-147,38,209,0,322,238,91,-82,-226,-296,-282,-194,-42,121,252,306,268,152,-9,-167,-282,-318,-261,-140,23,195,312,329,253,112,-59,-218,-319,-333,-258,-110,58,214,319,327,243,107,-49,-198,-295,-306,-228,-99,53,185,265,268,194,73,-58,-165,-223,-221,-153,-48,60,138,176,166,107,13,-81,-150,-167,-131,-56,30,108,148,151,110,33,-61,-130,-161,-149,-98,-17,67,133,157,142,93,16,-70,-135,-160,-146,-89,-12,64,125,149,137,87,19,-53,-111,-136,-123,-83,-29,33,86,116,112,78,21,-38,-85,-109,-111,-81,-27,31,76,107,114,99,61,13,-39,-83,-110,362,377,0,0,0,0,0,0,0,0,0,0,0,0,0,0,0,0,0,0,0,0,0,0,0,0,0,0,0,0,0,0,0,0,0,0,0,0,0,0,0,0,0,0,0,0,0,0,0,0,0,0,0,0,0,0,0,0,0,0,0,0,0,0,0,0,0,0,0,0,0,0,0,0,0,0,0,0,0,0,0,0,0,0,0,0,0,0,0,0,0,0,0,0,0,0,0,0,0,0,0,0,0,0,0,0,0,0,0,0,0,0,0,0,0,0,0,0,0,0,0,0,0,0,0,0,0,0,0,0,0,0,0,0,0,0,0,0,0,0,0,0,0,0,0,0,0,0,0,0,0,0,0,0,0,0,0,0,0,0,0,0,0,0,0,0,0,0,0,0,0,0,0,0,0,0,0,0,0,0,0,0,0,0,0,0,0,0,0,0,0,0,0,0,0,0,0,0,0,0,0,0,0,0,0,0,0,0,0,0,0,0,0,0,0,0,0,0,0,0,0,0,0,0,0,0,0,0,0,0,0,0,0,0,0,0,0,0,0,0,0,0,0,0,0,0,0,0,0,0,0,0,0,0,0,0,0,0,-351,-41,-94,-51,-61,-62,-55,-40,-15,16,43,60,67,68,48,16,-20,-46,-59,-59,-46,-15,18,51,67,61,38,9,-28,-64,-77,-68,-38,6,53,92,105,90,48,-10,-74,-122,-134,-107,-51,20,96,154,169,129,51,-41,-130,-187,-202,-157,-65,56,166,237,247,197,78,-66,-193,-278,-301,-231,-92,67,221,324,338,268,127,-63,-247,-368,-393,-311,-138,83,279,407,432,342,161,-63,-280,-428,-462,-373,-184,58,286,438,478,392,204,-30,-260,-430,-482,-408,-225,14,250,411,460,397,230,0,-221,-379,-429,-360,-201,1,199,339,383,317,162,-29,-202,-315,-345,-275,0,58,211,300,299,208,63,-101,-243,-312,-281,-177,-28,138,269,309,265,152,-26,-196,-291,-316,-257,-115,61,210,299,322,260,116,-59,-215,-313,-326,-251,-112,58,212,303,317,245,110,-57,-199,-279,-288,-222,-94,52,169,237,244,176,61,-63,-161,-210,-193,-126,-35,66,147,175,146,80,-7,-89,-145,-156,-125,-49,39,111,152,152,101,19,-65,-127,-156,-142,-86,-7,70,129,158,142,87,11,-69,-128,-160,-142,-85,-12,59,115,147,139,95,26,-51,-107,-129,-121,-87,-30,31,87,114,111,80,28,-32,-80,-106,-103,-80,-37,15,63,101,123,114,89,50,134,72
28749,mtk,MTK 7916,2776584052,rx0-tx0,512,0,0,0,0,0,0,0,0,0,0,0,0,0,0,0,0,0,0,0,0,0,0,0,0,0,0,0,0,0,0,0,0,0,0,0,0,0,0,0,0,0,0,0,0,0,0,0,0,0,0,0,0,0,0,0,0,0,0,0,0,0,0,0,0,0,0,0,0,0,0,0,0,0,0,0,0,0,0,0,0,0,0,0,0,0,0,0,0,0,0,0,0,0,0,0,0,0,0,0,0,0,0,0,0,0,0,0,0,0,0,0,0,0,0,0,0,0,0,0,0,0,0,0,0,0,0,0,0,0,0,0,0,0,0,0,0,0,0,0,0,0,0,0,0,0,0,0,0,0,0,0,0,0,0,0,0,0,0,0,0,0,0,0,0,0,0,0,0,0,0,0,0,0,0,0,0,0,0,0,0,0,0,0,0,0,0,0,0,0,0,0,0,0,0,0,0,0,0,0,0,0,0,0,0,0,0,0,0,0,0,0,0,0,0,0,0,0,0,0,0,0,0,0,0,0,0,0,0,0,0,0,0,0,0,0,0,0,0,0,0,0,0,0,0,0,0,0,0,0,0,0,0,0,0,0,0,-273,-819,-887,-85,61,223,346,391,354,249,100,-65,-215,-341,-420,-449,-427,-349,-228,-79,91,258,402,509,563,557,485,353,175,-27,-244,-443,-598,-690,-711,-652,-524,-329,-92,154,389,589,721,782,768,684,522,314,77,-180,-413,-606,-749,-818,-822,-747,-593,-395,-158,102,362,578,753,870,900,848,723,525,269,-8,-288,-567,-781,-921,-985,-956,-833,-640,-373,-86,213,495,743,914,998,998,902,722,470,185,-116,-419,-657,-846,-965,-978,-902,-761,-537,-277,1,276,519,712,840,899,875,771,608,405,170,-81,-313,-521,-681,-783,-826,-806,-714,-565,-374,-151,83,301,515,686,793,845,-1687,733,570,363,122,-126,-378,-591,-750,-854,-880,-832,-721,-534,-315,-57,201,438,639,788,874,889,831,711,532,302,53,-209,-464,-679,-853,-966,-990,-935,-802,-592,-325,-12,317,619,878,1075,1174,1162,1038,816,515,151,-233,-603,-930,-1169,-1301,-1302,-1176,-946,-611,-223,191,598,941,1187,1331,1345,1229,991,659,270,-148,-563,-913,-1164,-1312,-1330,-1221,-997,-676,-281,135,537,890,1145,1301,1321,1200,965,629,221,-206,-615,-951,-1187,-1286,-1249,-1089,-798,-421,-15,394,747,1004,1152,1165,1049,825,513,151,-222,-556,-821,-994,-1046,-983,-810,-535,-198,170,534,837,1025,1058,915,597,155,-297,-612,-473,-614,0,0,0,0,0,0,0,0,0,0,0,0,0,0,0,0,0,0,0,0,0,0,0,0,0,0,0,0,0,0,0,0,0,0,0,0,0,0,0,0,0,0,0,0,0,0,0,0,0,0,0,0,0,0,0,0,0,0,0,0,0,0,0,0,0,0,0,0,0,0,0,0,0,0,0,0,0,0,0,0,0,0,0,0,0,0,0,0,0,0,0,0,0,0,0,0,0,0,0,0,0,0,0,0,0,0,0,0,0,0,0,0,0,0,0,0,0,0,0,0,0,0,0,0,0,0,0,0,0,0,0,0,0,0,0,0,0,0,0,0,0,0,0,0,0,0,0,0,0,0,0,0,0,0,0,0,0,0,0,0,0,0,0,0,0,0,0,0,0,0,0,0,0,0,0,0,0,0,0,0,0,0,0,0,0,0,0,0,0,0,0,0,0,0,0,0,0,0,0,0,0,0,0,0,0,0,0,0,0,0,0,0,0,0,0,0,0,0,0,0,0,0,0,0,0,0,0,0,0,0,0,0,0,0,0,0,0,0,0,0,0,0,0,0,0,0,0,0,0,0,0,0,0,0,0,0,-1322,-538,-394,269,312,269,145,-20,-192,-325,-405,-419,-371,-279,-138,14,171,316,420,486,499,449,348,200,24,-163,-342,-496,-597,-642,-617,-516,-351,-139,92,323,526,684,756,752,672,515,305,68,-177,-411,-613,-744,-809,-796,-699,-550,-338,-102,147,393,600,751,841,862,793,653,465,216,-60,-326,-572,-773,-899,-939,-908,-786,-580,-328,-36,263,538,767,923,992,974,872,685,427,139,-165,-460,-711,-892,-990,-1010,-919,-744,-518,-233,69,345,598,798,911,945,893,765,573,342,79,-185,-424,-614,-757,-843,-848,-783,-657,-479,-271,-40,194,416,592,725,807,814,769,662,482,269,36,-175,-446,-641,-786,-858,-870,-800,-649,-453,-216,43,290,524,708,828,884,862,771,616,415,176,-81,-326,-548,-735,-863,-922,-910,-819,-659,-455,-195,94,378,647,866,1015,1086,1055,930,724,438,91,-271,-620,-909,-1128,-1243,-1244,-1132,-901,-584,-195,218,606,945,1191,1322,1339,1218,972,642,251,-169,-575,-925,-1173,-1313,-1339,-1228,-994,-670,-282,136,535,878,1146,1300,1324,1223,989,668,276,-152,-559,-904,-1166,-1303,-1307,-1166,-905,-546,-127,288,677,993,1179,1239,1166,960,659,292,-107,-480,-791,-1005,-1100,-1073,-927,-686,-369,-15,335,647,883,1012,1023,904,648,286,-136,-547,-872,-1014,-933,-696,-868,-777
28750,mtk,MTK 7916,2776584052,rx0-tx1,512,0,0,0,0,0,0,0,0,0,0,0,0,0,0,0,0,0,0,0,0,0,0,0,0,0,0,0,0,0,0,0,0,0,0,0,0,0,0,0,0,0,0,0,0,0,0,0,0,0,0,0,0,0,0,0,0,0,0,0,0,0,0,0,0,0,0,0,0,0,0,0,0,0,0,0,0,0,0,0,0,0,0,0,0,0,0,0,0,0,0,0,0,0,0,0,0,0,0,0,0,0,0,0,0,0,0,0,0,0,0,0,0,0,0,0,0,0,0,0,0,0,0,0,0,0,0,0,0,0,0,0,0,0,0,0,0,0,0,0,0,0,0,0,0,0,0,0,0,0,0,0,0,0,0,0,0,0,0,0,0,0,0,0,0,0,0,0,0,0,0,0,0,0,0,0,0,0,0,0,0,0,0,0,0,0,0,0,0,0,0,0,0,0,0,0,0,0,0,0,0,0,0,0,0,0,0,0,0,0,0,0,0,0,0,0,0,0,0,0,0,0,0,0,0,0,0,0,0,0,0,0,0,0,0,0,0,0,0,0,0,0,0,0,0,0,0,0,0,0,0,0,0,0,0,0,0,-730,-375,-301,-73,-213,-321,-352,-299,-172,-11,158,303,405,457,435,365,239,72,-107,-286,-436,-543,-588,-559,-466,-312,-112,113,337,535,674,747,737,634,465,242,-16,-283,-530,-720,-843,-883,-824,-689,-476,-210,83,374,642,850,969,1003,942,785,544,245,-80,-398,-696,-928,-1075,-1117,-1059,-894,-647,-334,18,373,700,958,1143,1228,1189,1036,790,467,97,-293,-654,-955,-1175,-1297,-1298,-1170,-943,-616,-240,162,570,914,1180,1344,1375,1300,1093,781,395,-26,-461,-848,-1146,-1358,-1438,-1385,-1210,-917,-541,-110,325,728,1082,1328,1448,1434,1296,1031,674,256,-184,-599,-966,-1238,-1396,-1429,-1337,-1117,-805,-426,-546,411,791,1092,1302,1403,1376,1220,963,628,233,-176,-578,-927,-1198,-1367,-1412,-1334,-1139,-843,-464,-47,378,780,1109,1340,1451,1436,1284,1009,645,219,-228,-647,-1019,-1291,-1448,-1462,-1345,-1110,-777,-370,74,503,871,1165,1353,1413,1349,1165,871,508,103,-316,-693,-1010,-1227,-1332,-1324,-1199,-959,-641,-270,124,514,859,1114,1267,1313,1236,1042,757,392,-12,-420,-786,-1082,-1268,-1330,-1263,-1065,-763,-386,35,448,813,1101,1267,1298,1198,969,634,237,-187,-588,-914,-1126,-1213,-1169,-990,-702,-345,44,408,713,928,1038,1022,893,669,374,43,-282,-569,-789,-913,-933,-826,-604,-288,90,454,738,871,814,611,-519,-495,0,0,0,0,0,0,0,0,0,0,0,0,0,0,0,0,0,0,0,0,0,0,0,0,0,0,0,0,0,0,0,0,0,0,0,0,0,0,0,0,0,0,0,0,0,0,0,0,0,0,0,0,0,0,0,0,0,0,0,0,0,0,0,0,0,0,0,0,0,0,0,0,0,0,0,0,0,0,0,0,0,0,0,0,0,0,0,0,0,0,0,0,0,0,0,0,0,0,0,0,0,0,0,0,0,0,0,0,0,0,0,0,0,0,0,0,0,0,0,0,0,0,0,0,0,0,0,0,0,0,0,0,0,0,0,0,0,0,0,0,0,0,0,0,0,0,0,0,0,0,0,0,0,0,0,0,0,0,0,0,0,0,0,0,0,0,0,0,0,0,0,0,0,0,0,0,0,0,0,0,0,0,0,0,0,0,0,0,0,0,0,0,0,0,0,0,0,0,0,0,0,0,0,0,0,0,0,0,0,0,0,0,0,0,0,0,0,0,0,0,0,0,0,0,0,0,0,0,0,0,0,0,0,0,0,0,0,0,0,0,0,0,0,0,0,0,0,0,0,0,0,0,0,0,0,0,-128,426,485,-251,-212,-90,75,238,358,409,389,300,170,7,-162,-313,-435,-505,-511,-457,-343,-180,17,222,411,560,650,666,606,473,279,50,-208,-446,-635,-766,-817,-785,-658,-458,-216,65,341,586,788,908,942,887,742,505,218,-87,-396,-673,-895,-1032,-1063,-1001,-841,-597,-289,49,389,700,944,1111,1171,1127,965,718,403,37,-342,-682,-969,-1166,-1267,-1246,-1098,-865,-541,-171,232,608,936,1180,1317,1348,1247,1022,707,318,-93,-502,-881,-1172,-1351,-1418,-1357,-1153,-855,-474,-38,393,789,1117,1345,1449,1415,1260,985,605,182,-262,-675,-1036,-1296,-1435,-1436,-1316,-1071,-736,-329,92,513,882,1166,1356,1197,1357,1160,877,518,118,-303,-688,-1012,-1252,-1382,-1388,-1276,-1048,-738,-350,66,479,851,1151,1350,1429,1390,1228,942,566,146,-299,-719,-1073,-1332,-1468,-1461,-1325,-1069,-717,-298,151,573,943,1229,1402,1445,1347,1134,827,436,13,-410,-787,-1093,-1287,-1375,-1336,-1175,-913,-567,-179,216,598,924,1157,1292,1313,1221,1008,706,341,-57,-455,-810,-1084,-1266,-1327,-1264,-1072,-773,-399,8,418,788,1081,1268,1324,1241,1036,720,325,-92,-504,-865,-1123,-1257,-1258,-1119,-855,-505,-107,296,662,935,1099,1132,1032,827,538,190,-165,-486,-742,-912,-972,-916,-760,-514,-209,128,455,722,899,937,815,542,169,-222,-499,176,263
28751,mtk,MTK 7916,2776584052,rx1-tx0,512,0,0,0,0,0,0,0,0,0,0,0,0,0,0,0,0,0,0,0,0,0,0,0,0,0,0,0,0,0,0,0,0,0,0,0,0,0,0,0,0,0,0,0,0,0,0,0,0,0,0,0,0,0,0,0,0,0,0,0,0,0,0,0,0,0,0,0,0,0,0,0,0,0,0,0,0,0,0,0,0,0,0,0,0,0,0,0,0,0,0,0,0,0,0,0,0,0,0,0,0,0,0,0,0,0,0,0,0,0,0,0,0,0,0,0,0,0,0,0,0,0,0,0,0,0,0,0,0,0,0,0,0,0,0,0,0,0,0,0,0,0,0,0,0,0,0,0,0,0,0,0,0,0,0,0,0,0,0,0,0,0,0,0,0,0,0,0,0,0,0,0,0,0,0,0,0,0,0,0,0,0,0,0,0,0,0,0,0,0,0,0,0,0,0,0,0,0,0,0,0,0,0,0,0,0,0,0,0,0,0,0,0,0,0,0,0,0,0,0,0,0,0,0,0,0,0,0,0,0,0,0,0,0,0,0,0,0,0,0,0,0,0,0,0,0,0,0,0,0,0,0,0,0,0,0,0,146,660,784,127,102,38,-50,-131,-183,-194,-175,-117,-33,52,132,184,220,228,194,137,61,-30,-116,-180,-232,-255,-239,-196,-122,-27,64,146,216,255,253,226,174,98,14,-73,-145,-200,-227,-226,-194,-150,-93,-21,52,104,138,153,152,136,97,68,19,-14,-45,-70,-72,-68,-64,-46,-32,-10,5,5,-2,-8,-15,-29,-47,-49,-47,-32,-4,33,70,104,132,155,158,135,85,27,-39,-111,-180,-232,-263,-262,-230,-169,-76,23,114,207,285,327,333,302,240,148,39,-80,-195,-282,-346,-371,-356,-302,-219,-119,-3,110,218,308,365,379,360,307,219,110,-14,-142,-251,-334,-144,-391,-365,-303,-207,-92,37,159,264,338,384,384,354,284,180,59,-62,-173,-271,-340,-366,-357,-313,-241,-147,-41,70,173,248,298,327,320,269,203,117,28,-76,-152,-209,-258,-273,-265,-236,-179,-111,-42,33,106,167,211,238,234,211,174,123,58,-15,-79,-135,-179,-198,-195,-188,-159,-113,-61,1,55,97,131,156,166,163,146,118,75,27,-21,-65,-102,-136,-160,-168,-168,-145,-110,-57,2,65,122,163,191,201,186,140,81,16,-57,-125,-171,-200,-208,-186,-135,-64,7,74,138,183,203,194,151,98,33,-40,-104,-150,-180,-177,-144,-93,-19,47,108,137,131,197,352,0,0,0,0,0,0,0,0,0,0,0,0,0,0,0,0,0,0,0,0,0,0,0,0,0,0,0,0,0,0,0,0,0,0,0,0,0,0,0,0,0,0,0,0,0,0,0,0,0,0,0,0,0,0,0,0,0,0,0,0,0,0,0,0,0,0,0,0,0,0,0,0,0,0,0,0,0,0,0,0,0,0,0,0,0,0,0,0,0,0,0,0,0,0,0,0,0,0,0,0,0,0,0,0,0,0,0,0,0,0,0,0,0,0,0,0,0,0,0,0,0,0,0,0,0,0,0,0,0,0,0,0,0,0,0,0,0,0,0,0,0,0,0,0,0,0,0,0,0,0,0,0,0,0,0,0,0,0,0,0,0,0,0,0,0,0,0,0,0,0,0,0,0,0,0,0,0,0,0,0,0,0,0,0,0,0,0,0,0,0,0,0,0,0,0,0,0,0,0,0,0,0,0,0,0,0,0,0,0,0,0,0,0,0,0,0,0,0,0,0,0,0,0,0,0,0,0,0,0,0,0,0,0,0,0,0,0,0,0,0,0,0,0,0,0,0,0,0,0,0,0,0,0,0,0,0,206,733,613,-42,-108,-163,-171,-136,-63,22,105,180,213,211,170,114,47,-44,-127,-192,-238,-245,-218,-162,-88,4,95,170,230,258,251,220,154,65,-28,-108,-180,-230,-243,-232,-195,-134,-54,30,100,144,182,200,187,150,100,47,-4,-53,-82,-108,-119,-108,-92,-60,-31,-15,8,22,28,30,15,1,-5,-9,-18,-21,-1,30,58,83,101,105,97,76,44,2,-57,-123,-174,-202,-211,-194,-157,-95,-16,71,158,236,289,307,288,242,161,58,-47,-156,-251,-320,-352,-347,-307,-231,-137,-21,100,210,295,355,374,357,305,222,110,-15,-131,-237,-328,-378,-397,-367,-297,-205,147,29,144,252,331,380,394,363,291,193,70,-52,-169,-280,-350,-387,-380,-339,-269,-165,-44,72,180,265,322,354,345,300,219,130,30,-84,-173,-237,-283,-306,-295,-244,-189,-111,-29,48,126,189,225,242,239,216,174,116,45,-29,-89,-144,-191,-221,-224,-199,-167,-118,-55,2,62,118,152,174,185,170,144,111,61,10,-40,-82,-120,-151,-164,-164,-147,-127,-95,-52,-4,54,106,148,182,191,183,149,101,41,-28,-97,-154,-188,-207,-203,-168,-113,-47,25,102,163,197,202,189,153,93,20,-57,-122,-164,-192,-190,-152,-100,-38,36,99,152,173,160,116,45,-19,943,899
28752,mtk,MTK 7916,2776584052,rx1-tx1,512,0,0,0,0,0,0,0,0,0,0,0,0,0,0,0,0,0,0,0,0,0,0,0,0,0,0,0,0,0,0,0,0,0,0,0,0,0,0,0,0,0,0,0,0,0,0,0,0,0,0,0,0,0,0,0,0,0,0,0,0,0,0,0,0,0,0,0,0,0,0,0,0,0,0,0,0,0,0,0,0,0,0,0,0,0,0,0,0,0,0,0,0,0,0,0,0,0,0,0,0,0,0,0,0,0,0,0,0,0,0,0,0,0,0,0,0,0,0,0,0,0,0,0,0,0,0,0,0,0,0,0,0,0,0,0,0,0,0,0,0,0,0,0,0,0,0,0,0,0,0,0,0,0,0,0,0,0,0,0,0,0,0,0,0,0,0,0,0,0,0,0,0,0,0,0,0,0,0,0,0,0,0,0,0,0,0,0,0,0,0,0,0,0,0,0,0,0,0,0,0,0,0,0,0,0,0,0,0,0,0,0,0,0,0,0,0,0,0,0,0,0,0,0,0,0,0,0,0,0,0,0,0,0,0,0,0,0,0,0,0,0,0,0,0,0,0,0,0,0,0,0,0,0,0,0,0,-411,431,500,10,6,11,17,22,27,28,24,16,8,1,-10,-22,-33,-39,-40,-36,-21,-1,20,37,50,53,48,37,17,-11,-37,-59,-75,-76,-57,-32,0,36,66,83,89,76,46,12,-26,-61,-85,-91,-81,-57,-19,28,70,91,97,85,51,13,-23,-65,-93,-99,-83,-51,-3,38,66,82,80,59,24,-17,-58,-87,-91,-78,-48,-3,47,85,110,101,72,32,-21,-71,-102,-108,-94,-61,-12,38,85,115,124,100,48,-13,-66,-109,-131,-119,-77,-21,37,93,131,139,114,65,-2,-77,-131,-159,-155,-118,-53,29,107,157,179,168,119,38,-52,-127,-183,-208,0,-134,-46,49,140,207,229,211,154,64,-34,-126,-196,-226,-215,-166,-81,17,106,171,205,205,169,97,13,-65,-126,-163,-174,-155,-118,-64,1,61,100,123,125,114,82,38,-10,-48,-77,-98,-104,-98,-79,-48,-10,30,64,93,124,130,103,62,13,-43,-95,-133,-151,-144,-105,-44,35,107,161,188,185,148,78,-17,-108,-182,-227,-229,-189,-109,2,111,201,257,269,230,144,26,-96,-206,-279,-305,-274,-194,-74,59,182,266,305,293,232,123,-6,-129,-222,-278,-285,-236,-147,-32,84,183,245,263,234,164,61,-54,-156,-230,-274,-280,-241,-173,-90,-1,84,166,148,250,0,0,0,0,0,0,0,0,0,0,0,0,0,0,0,0,0,0,0,0,0,0,0,0,0,0,0,0,0,0,0,0,0,0,0,0,0,0,0,0,0,0,0,0,0,0,0,0,0,0,0,0,0,0,0,0,0,0,0,0,0,0,0,0,0,0,0,0,0,0,0,0,0,0,0,0,0,0,0,0,0,0,0,0,0,0,0,0,0,0,0,0,0,0,0,0,0,0,0,0,0,0,0,0,0,0,0,0,0,0,0,0,0,0,0,0,0,0,0,0,0,0,0,0,0,0,0,0,0,0,0,0,0,0,0,0,0,0,0,0,0,0,0,0,0,0,0,0,0,0,0,0,0,0,0,0,0,0,0,0,0,0,0,0,0,0,0,0,0,0,0,0,0,0,0,0,0,0,0,0,0,0,0,0,0,0,0,0,0,0,0,0,0,0,0,0,0,0,0,0,0,0,0,0,0,0,0,0,0,0,0,0,0,0,0,0,0,0,0,0,0,0,0,0,0,0,0,0,0,0,0,0,0,0,0,0,0,0,0,0,0,0,0,0,0,0,0,0,0,0,0,0,0,0,0,0,-92,316,246,-11,-12,-13,-13,-11,-7,2,11,20,29,32,31,27,17,0,-18,-30,-37,-46,-49,-40,-21,1,24,44,58,63,57,42,15,-15,-45,-70,-85,-72,-51,-26,11,54,79,87,85,69,37,-3,-45,-78,-96,-97,-76,-38,6,47,80,96,89,67,33,-9,-54,-83,-89,-78,-49,-7,36,69,87,84,63,32,-9,-51,-85,-103,-88,-54,-9,36,79,108,112,89,48,-4,-56,-96,-115,-116,-89,-39,24,74,112,124,106,65,7,-54,-105,-133,-130,-96,-43,24,85,132,149,136,90,24,-55,-124,-162,-167,-141,-85,-3,88,159,195,199,163,88,-13,0,-177,-220,-220,-177,-102,-5,95,172,218,226,187,111,17,-79,-158,-207,-221,-193,-133,-52,41,124,178,198,181,137,72,-1,-67,-121,-153,-155,-132,-92,-42,7,55,91,111,113,99,77,47,8,-34,-69,-96,-108,-105,-90,-60,-15,30,77,113,132,130,111,65,-1,-67,-120,-161,-172,-149,-94,-17,68,138,189,212,194,131,41,-59,-156,-224,-253,-231,-165,-68,44,159,249,286,275,220,115,-15,-142,-244,-302,-303,-252,-158,-31,102,214,284,304,269,186,78,-43,-161,-243,-273,-257,-201,-105,12,122,206,257,264,230,153,51,-56,-155,-236,-279,-288,-267,-212,482,460
28753,mtk,MTK 7916,2776584052,rx2-tx0,512,0,0,0,0,0,0,0,0,0,0,0,0,0,0,0,0,0,0,0,0,0,0,0,0,0,0,0,0,0,0,0,0,0,0,0,0,0,0,0,0,0,0,0,0,0,0,0,0,0,0,0,0,0,0,0,0,0,0,0,0,0,0,0,0,0,0,0,0,0,0,0,0,0,0,0,0,0,0,0,0,0,0,0,0,0,0,0,0,0,0,0,0,0,0,0,0,0,0,0,0,0,0,0,0,0,0,0,0,0,0,0,0,0,0,0,0,0,0,0,0,0,0,0,0,0,0,0,0,0,0,0,0,0,0,0,0,0,0,0,0,0,0,0,0,0,0,0,0,0,0,0,0,0,0,0,0,0,0,0,0,0,0,0,0,0,0,0,0,0,0,0,0,0,0,0,0,0,0,0,0,0,0,0,0,0,0,0,0,0,0,0,0,0,0,0,0,0,0,0,0,0,0,0,0,0,0,0,0,0,0,0,0,0,0,0,0,0,0,0,0,0,0,0,0,0,0,0,0,0,0,0,0,0,0,0,0,0,0,0,0,0,0,0,0,0,0,0,0,0,0,0,0,0,0,0,0,-136,390,493,39,44,38,26,12,-5,-26,-47,-66,-79,-78,-66,-45,-16,17,52,84,103,110,99,66,21,-27,-79,-119,-141,-147,-131,-87,-20,56,124,178,208,201,153,76,-15,-105,-185,-237,-252,-223,-149,-39,81,190,258,280,254,178,65,-67,-189,-279,-310,-283,-204,-78,76,209,292,328,301,210,71,-84,-226,-325,-362,-325,-220,-61,116,270,367,390,334,212,40,-151,-311,-408,-426,-359,-217,-27,174,341,438,454,377,224,25,-183,-356,-449,-455,-375,-217,-15,182,342,435,439,357,195,-3,-193,-341,-422,-416,-316,-157,26,206,349,410,382,281,119,-68,-236,-350,-394,0,-252,-86,93,251,362,398,350,228,60,-116,-273,-374,-399,-344,-218,-50,124,281,389,418,356,229,62,-118,-281,-392,-425,-381,-261,-90,91,259,381,428,400,300,144,-38,-212,-351,-425,-423,-340,-202,-31,145,296,391,413,367,261,112,-60,-219,-335,-388,-376,-298,-162,-6,143,267,345,355,300,192,50,-99,-223,-301,-321,-284,-197,-69,69,190,273,302,269,185,67,-59,-171,-254,-290,-268,-192,-82,45,165,250,289,272,207,100,-29,-151,-244,-295,-290,-239,-146,-25,105,215,284,304,276,200,90,-39,-157,-245,-298,-310,-275,-193,-88,28,135,222,279,302,289,248,-1,137,0,0,0,0,0,0,0,0,0,0,0,0,0,0,0,0,0,0,0,0,0,0,0,0,0,0,0,0,0,0,0,0,0,0,0,0,0,0,0,0,0,0,0,0,0,0,0,0,0,0,0,0,0,0,0,0,0,0,0,0,0,0,0,0,0,0,0,0,0,0,0,0,0,0,0,0,0,0,0,0,0,0,0,0,0,0,0,0,0,0,0,0,0,0,0,0,0,0,0,0,0,0,0,0,0,0,0,0,0,0,0,0,0,0,0,0,0,0,0,0,0,0,0,0,0,0,0,0,0,0,0,0,0,0,0,0,0,0,0,0,0,0,0,0,0,0,0,0,0,0,0,0,0,0,0,0,0,0,0,0,0,0,0,0,0,0,0,0,0,0,0,0,0,0,0,0,0,0,0,0,0,0,0,0,0,0,0,0,0,0,0,0,0,0,0,0,0,0,0,0,0,0,0,0,0,0,0,0,0,0,0,0,0,0,0,0,0,0,0,0,0,0,0,0,0,0,0,0,0,0,0,0,0,0,0,0,0,0,0,0,0,0,0,0,0,0,0,0,0,0,0,0,0,0,0,0,1335,623,537,18,32,45,56,66,70,65,53,34,9,-17,-44,-70,-89,-93,-84,-60,-26,18,62,98,121,129,112,77,27,-33,-97,-148,-175,-174,-145,-94,-15,75,154,207,227,205,149,61,-44,-145,-223,-266,-258,-202,-108,9,133,233,289,292,240,135,4,-134,-250,-315,-319,-263,-152,-6,147,273,338,337,273,147,-13,-175,-306,-375,-366,-280,-137,40,210,345,407,385,288,129,-65,-245,-381,-443,-418,-304,-125,78,265,408,463,423,302,126,-83,-274,-407,-459,-425,-301,-116,93,277,401,446,395,265,85,-107,-277,-388,-414,-357,-230,-53,136,290,384,395,324,189,17,0,-310,-387,-386,-302,-155,21,196,330,398,379,287,142,-38,-210,-338,-404,-392,-297,-145,36,212,347,415,405,315,158,-23,-200,-336,-417,-421,-347,-205,-28,152,309,405,424,368,250,85,-94,-260,-372,-420,-394,-301,-158,14,183,317,392,399,333,212,62,-101,-244,-344,-379,-341,-239,-102,49,185,286,334,323,250,134,-5,-146,-254,-305,-300,-244,-139,-8,120,221,281,286,235,139,15,-111,-213,-276,-287,-241,-147,-22,105,210,276,293,256,175,60,-71,-184,-263,-301,-284,-217,-112,14,138,235,295,307,263,177,68,-53,-166,-256,-311,-322,-291,-228,-145,-56,27,112,725,722
28754,mtk,MTK 7916,2776584052,rx2-tx1,512,0,0,0,0,0,0,0,0,0,0,0,0,0,0,0,0,0,0,0,0,0,0,0,0,0,0,0,0,0,0,0,0,0,0,0,0,0,0,0,0,0,0,0,0,0,0,0,0,0,0,0,0,0,0,0,0,0,0,0,0,0,0,0,0,0,0,0,0,0,0,0,0,0,0,0,0,0,0,0,0,0,0,0,0,0,0,0,0,0,0,0,0,0,0,0,0,0,0,0,0,0,0,0,0,0,0,0,0,0,0,0,0,0,0,0,0,0,0,0,0,0,0,0,0,0,0,0,0,0,0,0,0,0,0,0,0,0,0,0,0,0,0,0,0,0,0,0,0,0,0,0,0,0,0,0,0,0,0,0,0,0,0,0,0,0,0,0,0,0,0,0,0,0,0,0,0,0,0,0,0,0,0,0,0,0,0,0,0,0,0,0,0,0,0,0,0,0,0,0,0,0,0,0,0,0,0,0,0,0,0,0,0,0,0,0,0,0,0,0,0,0,0,0,0,0,0,0,0,0,0,0,0,0,0,0,0,0,0,0,0,0,0,0,0,0,0,0,0,0,0,0,0,0,0,0,0,236,367,350,48,45,39,27,13,-5,-24,-45,-58,-60,-54,-43,-18,11,34,45,54,51,37,15,-11,-32,-44,-43,-30,-16,5,38,65,73,65,43,11,-34,-72,-93,-98,-87,-51,3,63,104,131,129,99,44,-25,-94,-154,-191,-170,-108,-31,55,141,202,223,200,128,20,-95,-193,-253,-266,-228,-133,-3,137,254,320,323,264,143,-11,-173,-301,-369,-364,-285,-135,44,212,340,410,402,306,140,-62,-248,-386,-445,-421,-303,-126,78,265,395,451,420,306,123,-86,-275,-398,-439,-387,-267,-93,102,279,381,402,347,220,46,-126,-268,-344,-341,-269,-141,16,158,270,331,0,204,64,-87,-210,-282,-294,-237,-127,14,156,255,299,276,186,47,-92,-212,-291,-311,-259,-146,-3,141,260,321,309,237,110,-39,-178,-279,-321,-298,-213,-86,56,189,274,301,269,184,55,-77,-184,-245,-264,-226,-135,-13,96,178,220,212,158,75,-20,-107,-160,-177,-151,-89,-6,70,122,148,134,86,24,-41,-103,-144,-147,-104,-46,21,83,134,155,146,101,33,-45,-104,-137,-148,-132,-83,-22,51,110,142,147,127,77,6,-59,-111,-141,-149,-125,-72,-10,50,99,123,124,97,56,5,-53,-98,-120,-121,-96,-47,5,56,95,123,133,125,98,54,6,-43,362,377,0,0,0,0,0,0,0,0,0,0,0,0,0,0,0,0,0,0,0,0,0,0,0,0,0,0,0,0,0,0,0,0,0,0,0,0,0,0,0,0,0,0,0,0,0,0,0,0,0,0,0,0,0,0,0,0,0,0,0,0,0,0,0,0,0,0,0,0,0,0,0,0,0,0,0,0,0,0,0,0,0,0,0,0,0,0,0,0,0,0,0,0,0,0,0,0,0,0,0,0,0,0,0,0,0,0,0,0,0,0,0,0,0,0,0,0,0,0,0,0,0,0,0,0,0,0,0,0,0,0,0,0,0,0,0,0,0,0,0,0,0,0,0,0,0,0,0,0,0,0,0,0,0,0,0,0,0,0,0,0,0,0,0,0,0,0,0,0,0,0,0,0,0,0,0,0,0,0,0,0,0,0,0,0,0,0,0,0,0,0,0,0,0,0,0,0,0,0,0,0,0,0,0,0,0,0,0,0,0,0,0,0,0,0,0,0,0,0,0,0,0,0,0,0,0,0,0,0,0,0,0,0,0,0,0,0,0,0,0,0,0,0,0,0,0,0,0,0,0,0,0,0,0,0,0,0,-351,-41,-94,6,28,44,57,66,64,57,42,24,2,-25,-48,-55,-52,-43,-29,-10,15,40,51,45,31,11,-14,-37,-54,-59,-51,-29,2,34,64,87,83,55,19,-22,-67,-101,-113,-109,-76,-17,48,105,146,158,128,71,-5,-87,-155,-196,-196,-155,-80,25,129,214,252,230,165,72,-46,-168,-259,-300,-283,-200,-69,86,228,325,351,309,213,63,-109,-271,-378,-400,-347,-227,-55,132,303,416,434,367,228,35,-170,-338,-438,-446,-366,-216,-25,174,340,433,438,355,199,2,-187,-336,-415,-405,-312,-163,20,194,324,377,350,249,99,-63,-205,-311,-345,-292,-171,-22,0,236,298,293,219,92,-55,-185,-267,-288,-249,-153,-15,125,239,300,297,223,98,-51,-187,-287,-319,-281,-190,-53,100,230,307,326,280,173,27,-120,-244,-309,-307,-250,-145,-6,130,237,284,271,206,101,-28,-142,-224,-254,-226,-148,-52,53,137,192,199,159,83,3,-73,-133,-152,-135,-85,-14,56,112,148,143,100,30,-37,-95,-138,-153,-131,-83,-14,61,123,156,152,115,53,-14,-77,-134,-163,-152,-111,-47,23,89,135,152,137,98,38,-30,-88,-121,-135,-127,-92,-32,27,79,105,112,100,74,18,-39,-83,-114,-129,-122,-89,-44,9,61,104,128,134,123,134,72
28755,mtk,MTK 7916,2776614506,rx0-tx0,512,0,0,0,0,0,0,0,0,0,0,0,0,0,0,0,0,0,0,0,0,0,0,0,0,0,0,0,0,0,0,0,0,0,0,0,0,0,0,0,0,0,0,0,0,0,0,0,0,0,0,0,0,0,0,0,0,0,0,0,0,0,0,0,0,0,0,0,0,0,0,0,0,0,0,0,0,0,0,0,0,0,0,0,0,0,0,0,0,0,0,0,0,0,0,0,0,0,0,0,0,0,0,0,0,0,0,0,0,0,0,0,0,0,0,0,0,0,0,0,0,0,0,0,0,0,0,0,0,0,0,0,0,0,0,0,0,0,0,0,0,0,0,0,0,0,0,0,0,0,0,0,0,0,0,0,0,0,0,0,0,0,0,0,0,0,0,0,0,0,0,0,0,0,0,0,0,0,0,0,0,0,0,0,0,0,0,0,0,0,0,0,0,0,0,0,0,0,0,0,0,0,0,0,0,0,0,0,0,0,0,0,0,0,0,0,0,0,0,0,0,0,0,0,0,0,0,0,0,0,0,0,0,0,0,0,0,0,0,0,0,0,0,0,0,0,0,0,0,0,0,0,0,0,0,0,0,-273,-819,-887,154,29,-139,-298,-414,-472,-475,-428,-334,-216,-81,75,214,341,459,542,595,613,593,533,427,292,131,-47,-229,-413,-574,-711,-807,-858,-848,-785,-677,-527,-339,-114,109,327,532,702,838,931,970,958,906,808,655,474,271,57,-153,-362,-567,-741,-876,-984,-1050,-1061,-1022,-931,-800,-626,-419,-190,56,295,519,739,923,1063,1150,1187,1162,1088,957,781,570,322,60,-212,-467,-702,-909,-1068,-1181,-1237,-1223,-1164,-1030,-855,-661,-420,-157,94,345,591,788,941,1060,1126,1136,1096,1008,877,713,523,313,98,-125,-332,-525,-691,-822,-921,-977,-999,-984,-927,-833,-704,-552,-379,-190,9,208,-1687,580,738,859,947,1000,1005,972,895,781,632,449,261,53,-150,-342,-523,-691,-815,-905,-968,-989,-975,-929,-840,-720,-572,-402,-209,-1,206,411,607,781,933,1056,1130,1164,1146,1071,956,784,565,322,50,-227,-507,-766,-1003,-1192,-1326,-1388,-1390,-1324,-1180,-986,-737,-442,-126,190,506,794,1051,1253,1384,1451,1443,1364,1216,1004,746,449,134,-192,-509,-799,-1044,-1238,-1370,-1427,-1408,-1316,-1163,-937,-663,-365,-33,302,611,887,1112,1275,1350,1352,1278,1113,897,631,331,18,-293,-579,-822,-1001,-1114,-1162,-1143,-1043,-892,-685,-440,-174,95,360,611,815,975,1072,1079,998,812,526,165,-219,-552,-753,-473,-614,0,0,0,0,0,0,0,0,0,0,0,0,0,0,0,0,0,0,0,0,0,0,0,0,0,0,0,0,0,0,0,0,0,0,0,0,0,0,0,0,0,0,0,0,0,0,0,0,0,0,0,0,0,0,0,0,0,0,0,0,0,0,0,0,0,0,0,0,0,0,0,0,0,0,0,0,0,0,0,0,0,0,0,0,0,0,0,0,0,0,0,0,0,0,0,0,0,0,0,0,0,0,0,0,0,0,0,0,0,0,0,0,0,0,0,0,0,0,0,0,0,0,0,0,0,0,0,0,0,0,0,0,0,0,0,0,0,0,0,0,0,0,0,0,0,0,0,0,0,0,0,0,0,0,0,0,0,0,0,0,0,0,0,0,0,0,0,0,0,0,0,0,0,0,0,0,0,0,0,0,0,0,0,0,0,0,0,0,0,0,0,0,0,0,0,0,0,0,0,0,0,0,0,0,0,0,0,0,0,0,0,0,0,0,0,0,0,0,0,0,0,0,0,0,0,0,0,0,0,0,0,0,0,0,0,0,0,0,0,0,0,0,0,0,0,0,0,0,0,0,0,0,0,0,0,0,-1322,-538,-394,-295,-371,-386,-327,-209,-54,105,257,383,468,523,532,495,437,347,220,80,-72,-231,-385,-521,-631,-707,-736,-723,-657,-549,-401,-220,-18,202,406,589,744,864,926,933,892,793,653,477,272,51,-175,-383,-582,-747,-866,-956,-998,-989,-947,-852,-711,-545,-352,-134,97,327,541,739,902,1024,1105,1130,1090,1015,890,711,497,258,5,-248,-499,-728,-924,-1076,-1176,-1223,-1211,-1139,-1011,-838,-619,-373,-105,160,420,666,860,1027,1146,1196,1184,1141,1033,865,678,464,227,-16,-253,-477,-675,-830,-951,-1027,-1063,-1051,-995,-900,-770,-607,-423,-230,-31,167,362,541,697,820,914,969,988,968,-175,817,676,511,326,127,-78,-276,-467,-638,-789,-899,-972,-1002,-984,-932,-852,-724,-567,-401,-219,-21,175,366,542,699,830,936,1008,1039,1032,986,893,764,603,405,183,-50,-297,-535,-757,-965,-1123,-1234,-1294,-1287,-1222,-1092,-911,-684,-413,-115,193,511,792,1035,1239,1379,1442,1440,1365,1223,1019,751,456,136,-189,-503,-798,-1049,-1243,-1372,-1431,-1423,-1344,-1191,-980,-721,-422,-101,226,533,816,1066,1243,1359,1409,1363,1249,1066,824,532,208,-112,-438,-732,-964,-1145,-1247,-1273,-1224,-1098,-908,-666,-394,-109,182,450,680,872,1003,1068,1070,1009,876,685,444,159,-152,-463,-751,-972,-1079,-1037,-846,-585,-868,-777
28756,mtk,MTK 7916,2776614506,rx0-tx1,512,0,0,0,0,0,0,0,0,0,0,0,0,0,0,0,0,0,0,0,0,0,0,0,0,0,0,0,0,0,0,0,0,0,0,0,0,0,0,0,0,0,0,0,0,0,0,0,0,0,0,0,0,0,0,0,0,0,0,0,0,0,0,0,0,0,0,0,0,0,0,0,0,0,0,0,0,0,0,0,0,0,0,0,0,0,0,0,0,0,0,0,0,0,0,0,0,0,0,0,0,0,0,0,0,0,0,0,0,0,0,0,0,0,0,0,0,0,0,0,0,0,0,0,0,0,0,0,0,0,0,0,0,0,0,0,0,0,0,0,0,0,0,0,0,0,0,0,0,0,0,0,0,0,0,0,0,0,0,0,0,0,0,0,0,0,0,0,0,0,0,0,0,0,0,0,0,0,0,0,0,0,0,0,0,0,0,0,0,0,0,0,0,0,0,0,0,0,0,0,0,0,0,0,0,0,0,0,0,0,0,0,0,0,0,0,0,0,0,0,0,0,0,0,0,0,0,0,0,0,0,0,0,0,0,0,0,0,0,0,0,0,0,0,0,0,0,0,0,0,0,0,0,0,0,0,0,-730,-375,-301,64,185,301,371,380,327,234,113,-24,-155,-280,-380,-452,-498,-507,-483,-419,-326,-207,-63,96,253,402,529,628,693,719,698,631,519,368,200,12,-181,-378,-552,-701,-817,-884,-905,-885,-812,-686,-524,-336,-122,108,333,547,735,886,999,1063,1068,1033,942,795,609,394,153,-106,-354,-593,-804,-978,-1107,-1188,-1214,-1183,-1089,-941,-754,-526,-274,1,274,541,778,986,1156,1266,1328,1318,1242,1126,944,710,452,166,-126,-423,-702,-951,-1144,-1299,-1399,-1420,-1381,-1278,-1112,-888,-632,-337,-24,286,588,860,1095,1283,1400,1450,1440,1359,1217,1021,773,494,184,-122,-425,-704,-949,-1156,-1302,-1399,-546,-1401,-1291,-1142,-940,-702,-426,-137,156,449,721,961,1163,1314,1404,1438,1410,1308,1155,951,700,411,100,-213,-521,-806,-1062,-1271,-1418,-1500,-1506,-1453,-1321,-1126,-880,-591,-275,53,379,677,939,1168,1330,1431,1469,1431,1331,1177,967,702,415,125,-175,-471,-733,-959,-1143,-1273,-1348,-1359,-1307,-1203,-1040,-826,-583,-317,-36,257,535,785,1002,1166,1285,1343,1325,1240,1093,889,644,361,54,-246,-540,-811,-1031,-1196,-1302,-1332,-1282,-1158,-971,-729,-443,-135,183,482,745,961,1108,1185,1187,1116,976,779,538,273,2,-261,-500,-698,-845,-940,-977,-949,-857,-712,-513,-276,-6,280,548,771,903,912,790,587,-519,-495,0,0,0,0,0,0,0,0,0,0,0,0,0,0,0,0,0,0,0,0,0,0,0,0,0,0,0,0,0,0,0,0,0,0,0,0,0,0,0,0,0,0,0,0,0,0,0,0,0,0,0,0,0,0,0,0,0,0,0,0,0,0,0,0,0,0,0,0,0,0,0,0,0,0,0,0,0,0,0,0,0,0,0,0,0,0,0,0,0,0,0,0,0,0,0,0,0,0,0,0,0,0,0,0,0,0,0,0,0,0,0,0,0,0,0,0,0,0,0,0,0,0,0,0,0,0,0,0,0,0,0,0,0,0,0,0,0,0,0,0,0,0,0,0,0,0,0,0,0,0,0,0,0,0,0,0,0,0,0,0,0,0,0,0,0,0,0,0,0,0,0,0,0,0,0,0,0,0,0,0,0,0,0,0,0,0,0,0,0,0,0,0,0,0,0,0,0,0,0,0,0,0,0,0,0,0,0,0,0,0,0,0,0,0,0,0,0,0,0,0,0,0,0,0,0,0,0,0,0,0,0,0,0,0,0,0,0,0,0,0,0,0,0,0,0,0,0,0,0,0,0,0,0,0,0,0,-128,426,485,258,246,168,38,-111,-247,-350,-418,-444,-430,-376,-283,-176,-50,85,221,349,452,535,591,604,574,509,404,272,110,-68,-248,-417,-569,-686,-768,-812,-807,-755,-650,-512,-340,-140,65,273,475,652,799,914,985,997,953,864,732,559,355,120,-119,-350,-583,-786,-946,-1063,-1132,-1144,-1100,-1009,-861,-672,-448,-201,63,329,586,805,992,1135,1232,1273,1253,1170,1027,850,621,367,85,-209,-484,-744,-985,-1168,-1295,-1365,-1373,-1326,-1211,-1032,-804,-548,-251,56,358,647,910,1128,1297,1412,1453,1423,1327,1169,963,705,411,101,-210,-517,-795,-1035,-1227,-1363,-1435,-1438,-1384,-1259,-1082,-849,-581,-302,1197,306,591,844,1065,1238,1361,1415,1412,1348,1223,1044,826,560,276,-21,-328,-617,-878,-1105,-1287,-1414,-1476,-1474,-1398,-1257,-1063,-806,-516,-190,133,453,756,1015,1235,1393,1488,1508,1452,1327,1151,922,643,345,29,-286,-578,-841,-1079,-1253,-1363,-1409,-1399,-1321,-1177,-987,-758,-499,-221,69,352,614,854,1053,1200,1300,1342,1316,1224,1075,877,639,373,75,-224,-514,-778,-1005,-1180,-1299,-1344,-1321,-1236,-1073,-855,-590,-294,26,338,627,884,1087,1222,1283,1267,1172,1010,786,517,227,-70,-356,-612,-825,-978,-1062,-1076,-1022,-912,-743,-536,-304,-52,198,432,640,805,919,963,925,793,573,272,-57,-368,-570,176,263
28757,mtk,MTK 7916,2776614506,rx1-tx0,512,0,0,0,0,0,0,0,0,0,0,0,0,0,0,0,0,0,0,0,0,0,0,0,0,0,0,0,0,0,0,0,0,0,0,0,0,0,0,0,0,0,0,0,0,0,0,0,0,0,0,0,0,0,0,0,0,0,0,0,0,0,0,0,0,0,0,0,0,0,0,0,0,0,0,0,0,0,0,0,0,0,0,0,0,0,0,0,0,0,0,0,0,0,0,0,0,0,0,0,0,0,0,0,0,0,0,0,0,0,0,0,0,0,0,0,0,0,0,0,0,0,0,0,0,0,0,0,0,0,0,0,0,0,0,0,0,0,0,0,0,0,0,0,0,0,0,0,0,0,0,0,0,0,0,0,0,0,0,0,0,0,0,0,0,0,0,0,0,0,0,0,0,0,0,0,0,0,0,0,0,0,0,0,0,0,0,0,0,0,0,0,0,0,0,0,0,0,0,0,0,0,0,0,0,0,0,0,0,0,0,0,0,0,0,0,0,0,0,0,0,0,0,0,0,0,0,0,0,0,0,0,0,0,0,0,0,0,0,0,0,0,0,0,0,0,0,0,0,0,0,0,0,0,0,0,0,146,660,784,-145,-139,-93,-19,63,141,200,231,228,210,170,113,50,-28,-106,-169,-224,-268,-284,-277,-248,-201,-136,-58,19,95,165,227,271,299,291,273,240,187,123,47,-29,-94,-146,-192,-238,-250,-238,-217,-188,-145,-104,-66,-13,32,57,84,100,108,110,101,93,82,62,56,46,36,39,39,39,41,45,53,56,54,44,29,3,-33,-65,-106,-141,-183,-217,-228,-238,-228,-209,-168,-112,-46,34,116,196,282,345,375,398,400,374,328,251,162,60,-45,-153,-253,-335,-403,-452,-476,-473,-442,-388,-313,-229,-121,2,108,219,309,387,453,479,495,486,449,380,295,197,-144,-32,-142,-250,-351,-423,-471,-506,-511,-491,-441,-370,-282,-171,-52,64,173,277,363,429,475,497,492,456,393,325,229,130,27,-79,-177,-267,-344,-399,-431,-442,-440,-412,-352,-286,-208,-119,-21,71,156,234,300,346,373,389,381,349,307,261,190,111,37,-42,-117,-191,-253,-294,-322,-328,-322,-305,-271,-222,-160,-104,-45,19,81,137,183,224,257,272,284,274,248,218,182,129,67,-3,-73,-143,-199,-244,-291,-313,-305,-289,-260,-206,-141,-63,19,105,181,237,281,307,316,295,256,190,118,33,-53,-125,-189,-246,-277,-288,-278,-233,-174,-97,-5,89,170,224,237,207,197,352,0,0,0,0,0,0,0,0,0,0,0,0,0,0,0,0,0,0,0,0,0,0,0,0,0,0,0,0,0,0,0,0,0,0,0,0,0,0,0,0,0,0,0,0,0,0,0,0,0,0,0,0,0,0,0,0,0,0,0,0,0,0,0,0,0,0,0,0,0,0,0,0,0,0,0,0,0,0,0,0,0,0,0,0,0,0,0,0,0,0,0,0,0,0,0,0,0,0,0,0,0,0,0,0,0,0,0,0,0,0,0,0,0,0,0,0,0,0,0,0,0,0,0,0,0,0,0,0,0,0,0,0,0,0,0,0,0,0,0,0,0,0,0,0,0,0,0,0,0,0,0,0,0,0,0,0,0,0,0,0,0,0,0,0,0,0,0,0,0,0,0,0,0,0,0,0,0,0,0,0,0,0,0,0,0,0,0,0,0,0,0,0,0,0,0,0,0,0,0,0,0,0,0,0,0,0,0,0,0,0,0,0,0,0,0,0,0,0,0,0,0,0,0,0,0,0,0,0,0,0,0,0,0,0,0,0,0,0,0,0,0,0,0,0,0,0,0,0,0,0,0,0,0,0,0,0,206,733,613,27,99,167,200,203,172,113,40,-36,-107,-178,-223,-250,-256,-238,-201,-155,-85,-9,69,143,209,261,287,293,280,248,198,135,52,-34,-102,-170,-226,-262,-281,-277,-252,-217,-177,-118,-44,15,64,118,160,175,181,181,161,145,122,86,56,32,6,-9,-30,-33,-36,-39,-29,-22,-22,-26,-33,-39,-48,-61,-81,-104,-123,-135,-138,-141,-136,-123,-96,-51,-4,54,120,179,240,288,318,338,327,306,258,180,95,12,-92,-188,-278,-356,-406,-443,-456,-438,-397,-328,-246,-140,-28,87,196,294,371,438,483,495,483,447,381,308,210,105,-2,-115,-230,-329,-407,-468,147,-515,-494,-454,-379,-286,-185,-75,45,162,270,357,431,486,512,504,476,421,346,256,150,38,-76,-185,-274,-355,-422,-459,-477,-463,-431,-377,-300,-214,-115,-22,71,175,258,322,374,408,417,405,379,337,271,195,117,33,-56,-140,-207,-276,-329,-355,-363,-357,-332,-295,-239,-179,-109,-32,39,109,170,222,259,282,295,292,277,254,219,174,114,57,5,-61,-121,-178,-232,-269,-288,-291,-284,-267,-228,-181,-114,-31,44,112,181,242,285,312,318,304,259,204,137,63,-20,-105,-184,-242,-276,-300,-295,-268,-224,-157,-78,1,86,164,222,266,277,256,202,124,29,-49,943,899
28758,mtk,MTK 7916,2776614506,rx1-tx1,512,0,0,0,0,0,0,0,0,0,0,0,0,0,0,0,0,0,0,0,0,0,0,0,0,0,0,0,0,0,0,0,0,0,0,0,0,0,0,0,0,0,0,0,0,0,0,0,0,0,0,0,0,0,0,0,0,0,0,0,0,0,0,0,0,0,0,0,0,0,0,0,0,0,0,0,0,0,0,0,0,0,0,0,0,0,0,0,0,0,0,0,0,0,0,0,0,0,0,0,0,0,0,0,0,0,0,0,0,0,0,0,0,0,0,0,0,0,0,0,0,0,0,0,0,0,0,0,0,0,0,0,0,0,0,0,0,0,0,0,0,0,0,0,0,0,0,0,0,0,0,0,0,0,0,0,0,0,0,0,0,0,0,0,0,0,0,0,0,0,0,0,0,0,0,0,0,0,0,0,0,0,0,0,0,0,0,0,0,0,0,0,0,0,0,0,0,0,0,0,0,0,0,0,0,0,0,0,0,0,0,0,0,0,0,0,0,0,0,0,0,0,0,0,0,0,0,0,0,0,0,0,0,0,0,0,0,0,0,0,0,0,0,0,0,0,0,0,0,0,0,0,0,0,0,0,0,-411,431,500,-2,-10,-18,-27,-33,-30,-23,-14,2,20,35,45,43,31,14,-10,-34,-45,-49,-45,-22,6,28,48,63,59,38,1,-31,-62,-86,-81,-46,-6,35,67,87,90,64,11,-40,-80,-103,-94,-52,-7,40,80,98,83,47,-2,-47,-87,-103,-85,-43,9,60,95,97,69,19,-33,-77,-98,-88,-49,5,56,98,108,78,27,-32,-87,-118,-112,-70,-3,64,106,117,92,41,-22,-83,-124,-122,-80,-15,52,105,122,105,48,-25,-89,-130,-134,-95,-27,54,122,152,133,67,-19,-99,-159,-171,-133,-47,58,147,193,191,130,26,-87,-179,-225,-204,-123,-8,0,216,247,208,121,2,-126,-222,-248,-207,-116,6,120,205,239,209,122,4,-109,-186,-214,-193,-125,-24,78,151,179,167,117,39,-40,-105,-135,-135,-111,-59,9,60,89,109,105,82,40,-2,-47,-88,-109,-100,-83,-41,15,69,110,131,118,81,20,-50,-123,-165,-155,-97,-14,79,149,183,177,117,19,-92,-181,-222,-202,-125,-7,114,210,259,235,141,6,-136,-253,-298,-264,-162,-7,151,272,323,293,187,27,-146,-278,-331,-301,-199,-42,129,263,321,299,204,64,-94,-226,-295,-283,-201,-68,80,210,287,283,214,96,-58,-194,-282,-321,-291,-201,-85,35,155,148,250,0,0,0,0,0,0,0,0,0,0,0,0,0,0,0,0,0,0,0,0,0,0,0,0,0,0,0,0,0,0,0,0,0,0,0,0,0,0,0,0,0,0,0,0,0,0,0,0,0,0,0,0,0,0,0,0,0,0,0,0,0,0,0,0,0,0,0,0,0,0,0,0,0,0,0,0,0,0,0,0,0,0,0,0,0,0,0,0,0,0,0,0,0,0,0,0,0,0,0,0,0,0,0,0,0,0,0,0,0,0,0,0,0,0,0,0,0,0,0,0,0,0,0,0,0,0,0,0,0,0,0,0,0,0,0,0,0,0,0,0,0,0,0,0,0,0,0,0,0,0,0,0,0,0,0,0,0,0,0,0,0,0,0,0,0,0,0,0,0,0,0,0,0,0,0,0,0,0,0,0,0,0,0,0,0,0,0,0,0,0,0,0,0,0,0,0,0,0,0,0,0,0,0,0,0,0,0,0,0,0,0,0,0,0,0,0,0,0,0,0,0,0,0,0,0,0,0,0,0,0,0,0,0,0,0,0,0,0,0,0,0,0,0,0,0,0,0,0,0,0,0,0,0,0,0,0,-92,316,246,14,17,13,8,0,-11,-25,-34,-35,-30,-18,-1,18,32,41,45,33,16,-3,-29,-53,-60,-54,-33,3,35,59,71,67,42,10,-35,-70,-84,-77,-59,-18,37,77,94,91,68,18,-44,-89,-105,-96,-60,-3,47,86,101,86,50,-2,-54,-95,-101,-80,-33,25,75,95,83,51,5,-47,-91,-103,-81,-39,23,80,109,106,73,14,-52,-104,-123,-105,-53,16,75,111,117,87,26,-44,-105,-128,-112,-62,1,67,115,128,94,34,-42,-108,-150,-150,-94,-2,90,153,167,130,59,-31,-121,-175,-179,-129,-40,70,159,206,190,122,19,-97,-193,-240,0,-128,-6,115,207,243,207,120,0,-125,-214,-247,-214,-118,-1,111,194,228,196,116,14,-95,-173,-199,-175,-112,-28,56,127,165,157,109,44,-18,-74,-119,-125,-107,-75,-27,32,75,96,105,97,65,19,-27,-74,-109,-124,-105,-52,4,61,116,155,144,94,21,-64,-135,-170,-166,-113,-17,82,160,205,191,119,14,-103,-200,-241,-216,-133,-9,128,230,281,257,152,3,-149,-262,-314,-281,-167,-10,151,271,329,300,188,29,-133,-264,-328,-306,-208,-59,106,239,302,288,204,62,-93,-215,-286,-281,-198,-69,75,203,287,300,244,132,-7,-143,-251,-306,-306,-251,482,460
28759,mtk,MTK 7916,2776614506,rx2-tx0,512,0,0,0,0,0,0,0,0,0,0,0,0,0,0,0,0,0,0,0,0,0,0,0,0,0,0,0,0,0,0,0,0,0,0,0,0,0,0,0,0,0,0,0,0,0,0,0,0,0,0,0,0,0,0,0,0,0,0,0,0,0,0,0,0,0,0,0,0,0,0,0,0,0,0,0,0,0,0,0,0,0,0,0,0,0,0,0,0,0,0,0,0,0,0,0,0,0,0,0,0,0,0,0,0,0,0,0,0,0,0,0,0,0,0,0,0,0,0,0,0,0,0,0,0,0,0,0,0,0,0,0,0,0,0,0,0,0,0,0,0,0,0,0,0,0,0,0,0,0,0,0,0,0,0,0,0,0,0,0,0,0,0,0,0,0,0,0,0,0,0,0,0,0,0,0,0,0,0,0,0,0,0,0,0,0,0,0,0,0,0,0,0,0,0,0,0,0,0,0,0,0,0,0,0,0,0,0,0,0,0,0,0,0,0,0,0,0,0,0,0,0,0,0,0,0,0,0,0,0,0,0,0,0,0,0,0,0,0,0,0,0,0,0,0,0,0,0,0,0,0,0,0,0,0,0,0,-136,390,493,-45,-40,-27,-6,21,49,71,83,81,61,27,-13,-56,-88,-100,-91,-67,-22,35,88,125,136,113,58,-15,-88,-150,-180,-164,-108,-25,77,168,220,216,157,55,-64,-172,-249,-263,-204,-89,48,181,274,295,237,113,-44,-191,-289,-317,-254,-116,56,217,319,334,252,98,-86,-255,-352,-347,-244,-71,127,292,381,357,224,19,-191,-351,-411,-353,-193,29,248,400,444,360,168,-78,-303,-445,-462,-346,-130,127,348,472,464,328,96,-167,-381,-487,-456,-296,-54,200,397,477,420,246,3,-235,-403,-452,-370,-181,58,272,404,424,316,114,-120,-317,-419,-399,-263,-51,0,345,419,370,213,-2,-219,-376,-425,-343,-165,60,267,401,423,325,134,-94,-296,-416,-423,-310,-115,114,318,436,431,310,106,-128,-328,-439,-434,-318,-117,117,320,438,441,329,131,-98,-300,-422,-437,-341,-158,62,266,400,430,351,186,-24,-231,-369,-410,-349,-205,-4,193,334,386,335,200,17,-164,-298,-351,-308,-184,-17,151,273,324,287,169,8,-155,-276,-315,-267,-152,3,162,269,303,255,138,-20,-172,-278,-311,-262,-138,24,177,282,314,266,149,-7,-165,-279,-320,-283,-180,-29,130,256,321,306,213,72,-85,-221,-313,-340,-292,-185,-46,96,215,292,313,279,-1,137,0,0,0,0,0,0,0,0,0,0,0,0,0,0,0,0,0,0,0,0,0,0,0,0,0,0,0,0,0,0,0,0,0,0,0,0,0,0,0,0,0,0,0,0,0,0,0,0,0,0,0,0,0,0,0,0,0,0,0,0,0,0,0,0,0,0,0,0,0,0,0,0,0,0,0,0,0,0,0,0,0,0,0,0,0,0,0,0,0,0,0,0,0,0,0,0,0,0,0,0,0,0,0,0,0,0,0,0,0,0,0,0,0,0,0,0,0,0,0,0,0,0,0,0,0,0,0,0,0,0,0,0,0,0,0,0,0,0,0,0,0,0,0,0,0,0,0,0,0,0,0,0,0,0,0,0,0,0,0,0,0,0,0,0,0,0,0,0,0,0,0,0,0,0,0,0,0,0,0,0,0,0,0,0,0,0,0,0,0,0,0,0,0,0,0,0,0,0,0,0,0,0,0,0,0,0,0,0,0,0,0,0,0,0,0,0,0,0,0,0,0,0,0,0,0,0,0,0,0,0,0,0,0,0,0,0,0,0,0,0,0,0,0,0,0,0,0,0,0,0,0,0,0,0,0,0,1335,623,537,-26,-45,-61,-73,-75,-63,-40,-8,29,61,84,90,78,46,2,-48,-91,-115,-113,-84,-34,27,90,138,154,136,85,5,-86,-155,-192,-189,-134,-42,69,171,237,243,185,74,-55,-171,-251,-272,-222,-106,46,185,278,302,245,119,-49,-205,-308,-328,-256,-109,74,239,335,340,253,89,-109,-275,-362,-347,-229,-43,162,328,398,352,206,2,-218,-380,-430,-354,-182,49,269,416,447,351,145,-103,-324,-461,-466,-337,-113,140,364,486,467,317,78,-184,-388,-484,-446,-277,-32,214,396,466,399,217,-22,-253,-406,-439,-342,-150,83,292,414,411,290,84,-146,-330,-416,0,-234,-20,198,363,426,361,187,-36,-249,-395,-429,-338,-151,77,283,411,426,321,124,-108,-309,-429,-430,-312,-109,126,329,439,435,315,111,-125,-328,-441,-435,-319,-121,108,311,428,433,329,139,-87,-289,-414,-436,-349,-170,48,246,384,424,351,191,-10,-203,-343,-394,-346,-207,-15,176,312,363,319,193,22,-152,-287,-342,-297,-177,-16,146,264,309,272,160,4,-152,-264,-306,-262,-147,9,163,272,305,256,139,-14,-171,-282,-310,-258,-141,16,173,286,322,274,158,8,-147,-270,-323,-292,-193,-44,113,244,320,319,246,123,-34,-185,-290,-338,-329,-263,-159,-38,92,725,722
28760,mtk,MTK 7916,2776614506,rx2-tx1,512,0,0,0,0,0,0,0,0,0,0,0,0,0,0,0,0,0,0,0,0,0,0,0,0,0,0,0,0,0,0,0,0,0,0,0,0,0,0,0,0,0,0,0,0,0,0,0,0,0,0,0,0,0,0,0,0,0,0,0,0,0,0,0,0,0,0,0,0,0,0,0,0,0,0,0,0,0,0,0,0,0,0,0,0,0,0,0,0,0,0,0,0,0,0,0,0,0,0,0,0,0,0,0,0,0,0,0,0,0,0,0,0,0,0,0,0,0,0,0,0,0,0,0,0,0,0,0,0,0,0,0,0,0,0,0,0,0,0,0,0,0,0,0,0,0,0,0,0,0,0,0,0,0,0,0,0,0,0,0,0,0,0,0,0,0,0,0,0,0,0,0,0,0,0,0,0,0,0,0,0,0,0,0,0,0,0,0,0,0,0,0,0,0,0,0,0,0,0,0,0,0,0,0,0,0,0,0,0,0,0,0,0,0,0,0,0,0,0,0,0,0,0,0,0,0,0,0,0,0,0,0,0,0,0,0,0,0,0,0,0,0,0,0,0,0,0,0,0,0,0,0,0,0,0,0,0,236,367,350,-31,-40,-30,-8,15,37,56,65,61,40,7,-22,-45,-62,-62,-39,-10,20,42,54,52,32,-4,-42,-58,-60,-41,-9,29,64,78,64,31,-17,-65,-96,-98,-69,-21,36,87,120,120,81,6,-81,-140,-154,-128,-66,24,119,183,192,144,46,-72,-179,-234,-225,-147,-23,118,237,292,252,127,-23,-177,-301,-337,-264,-117,70,244,358,372,275,90,-125,-310,-418,-401,-256,-37,188,365,438,389,230,4,-231,-408,-463,-382,-193,50,283,433,462,354,137,-114,-322,-433,-431,-303,-87,148,339,426,390,238,13,-205,-347,-386,-315,-143,58,237,340,332,230,61,0,-286,-339,-280,-141,31,198,310,322,224,55,-132,-275,-331,-284,-144,38,211,323,330,240,80,-111,-274,-356,-331,-198,-1,183,316,365,308,156,-42,-224,-332,-347,-259,-99,75,226,312,308,213,56,-111,-242,-293,-252,-137,2,138,231,246,179,72,-58,-160,-209,-190,-116,-6,94,160,175,134,43,-53,-128,-162,-147,-83,11,100,155,164,120,40,-47,-124,-164,-148,-90,-6,83,147,158,131,68,-23,-110,-157,-159,-114,-35,47,112,146,139,95,22,-54,-111,-131,-117,-69,-3,61,111,127,104,55,-4,-65,-111,-122,-93,-44,13,74,122,134,119,87,39,-19,362,377,0,0,0,0,0,0,0,0,0,0,0,0,0,0,0,0,0,0,0,0,0,0,0,0,0,0,0,0,0,0,0,0,0,0,0,0,0,0,0,0,0,0,0,0,0,0,0,0,0,0,0,0,0,0,0,0,0,0,0,0,0,0,0,0,0,0,0,0,0,0,0,0,0,0,0,0,0,0,0,0,0,0,0,0,0,0,0,0,0,0,0,0,0,0,0,0,0,0,0,0,0,0,0,0,0,0,0,0,0,0,0,0,0,0,0,0,0,0,0,0,0,0,0,0,0,0,0,0,0,0,0,0,0,0,0,0,0,0,0,0,0,0,0,0,0,0,0,0,0,0,0,0,0,0,0,0,0,0,0,0,0,0,0,0,0,0,0,0,0,0,0,0,0,0,0,0,0,0,0,0,0,0,0,0,0,0,0,0,0,0,0,0,0,0,0,0,0,0,0,0,0,0,0,0,0,0,0,0,0,0,0,0,0,0,0,0,0,0,0,0,0,0,0,0,0,0,0,0,0,0,0,0,0,0,0,0,0,0,0,0,0,0,0,0,0,0,0,0,0,0,0,0,0,0,0,0,-351,-41,-94,-19,-37,-52,-59,-59,-49,-31,-3,25,50,63,57,35,12,-12,-41,-57,-51,-31,1,25,47,60,47,10,-25,-52,-67,-65,-45,-8,37,76,98,81,29,-29,-78,-110,-114,-81,-20,49,105,139,126,65,-16,-93,-157,-179,-139,-51,53,152,215,217,144,23,-111,-216,-266,-237,-139,2,156,270,310,261,129,-51,-220,-331,-353,-271,-103,104,283,391,387,265,64,-156,-338,-423,-382,-238,-20,214,393,456,392,210,-34,-268,-427,-467,-369,-171,75,303,445,452,335,124,-121,-327,-434,-411,-269,-51,176,340,408,348,189,-25,-222,-344,-359,-269,-99,97,255,343,0,190,7,-178,-300,-323,-246,-97,85,242,321,295,179,9,-167,-294,-336,-268,-112,80,251,340,336,230,50,-142,-299,-370,-327,-187,5,196,328,360,284,127,-59,-226,-324,-325,-236,-80,95,236,306,278,173,23,-124,-231,-269,-224,-113,26,145,213,218,151,41,-72,-163,-199,-161,-75,24,111,164,169,113,22,-74,-144,-166,-136,-64,30,113,156,149,107,29,-67,-138,-159,-132,-68,14,96,153,164,119,41,-44,-109,-144,-140,-100,-29,51,114,144,132,85,17,-54,-105,-126,-113,-67,0,66,108,121,100,48,-18,-72,-110,-121,-101,-60,-10,53,105,129,126,134,72
28761,mtk,MTK 7916,2776645574,rx0-tx0,512,0,0,0,0,0,0,0,0,0,0,0,0,0,0,0,0,0,0,0,0,0,0,0,0,0,0,0,0,0,0,0,0,0,0,0,0,0,0,0,0,0,0,0,0,0,0,0,0,0,0,0,0,0,0,0,0,0,0,0,0,0,0,0,0,0,0,0,0,0,0,0,0,0,0,0,0,0,0,0,0,0,0,0,0,0,0,0,0,0,0,0,0,0,0,0,0,0,0,0,0,0,0,0,0,0,0,0,0,0,0,0,0,0,0,0,0,0,0,0,0,0,0,0,0,0,0,0,0,0,0,0,0,0,0,0,0,0,0,0,0,0,0,0,0,0,0,0,0,0,0,0,0,0,0,0,0,0,0,0,0,0,0,0,0,0,0,0,0,0,0,0,0,0,0,0,0,0,0,0,0,0,0,0,0,0,0,0,0,0,0,0,0,0,0,0,0,0,0,0,0,0,0,0,0,0,0,0,0,0,0,0,0,0,0,0,0,0,0,0,0,0,0,0,0,0,0,0,0,0,0,0,0,0,0,0,0,0,0,0,0,0,0,0,0,0,0,0,0,0,0,0,0,0,0,0,0,-273,-819,-887,-82,-228,-366,-443,-452,-392,-282,-141,14,166,306,421,508,562,576,550,489,391,263,107,-63,-237,-407,-552,-678,-758,-799,-785,-719,-605,-440,-254,-40,175,392,587,750,868,935,954,919,828,696,529,333,117,-107,-323,-532,-706,-841,-952,-1014,-1020,-990,-906,-784,-622,-415,-192,51,297,528,724,898,1032,1121,1158,1144,1063,923,742,522,276,2,-263,-511,-742,-938,-1102,-1203,-1240,-1208,-1122,-995,-803,-575,-327,-55,201,455,689,879,1028,1121,1167,1148,1089,973,803,615,411,181,-57,-280,-482,-661,-802,-918,-992,-1014,-998,-939,-851,-720,-562,-393,-201,-7,196,380,555,713,841,934,-1687,997,956,883,772,632,459,259,51,-154,-364,-549,-703,-842,-943,-992,-1005,-978,-907,-805,-667,-504,-319,-114,89,281,477,657,804,934,1026,1083,1091,1056,968,843,671,465,234,-19,-278,-536,-778,-996,-1162,-1277,-1340,-1332,-1261,-1121,-921,-671,-385,-61,256,569,864,1098,1292,1417,1464,1442,1348,1171,941,663,349,18,-307,-619,-902,-1138,-1316,-1418,-1445,-1403,-1278,-1093,-855,-574,-258,66,400,710,969,1174,1323,1395,1383,1287,1121,886,611,303,-30,-360,-648,-897,-1091,-1210,-1256,-1217,-1103,-930,-702,-433,-141,142,412,653,844,979,1057,1067,1003,864,666,408,107,-216,-542,-820,-1011,-1056,-938,-721,-473,-614,0,0,0,0,0,0,0,0,0,0,0,0,0,0,0,0,0,0,0,0,0,0,0,0,0,0,0,0,0,0,0,0,0,0,0,0,0,0,0,0,0,0,0,0,0,0,0,0,0,0,0,0,0,0,0,0,0,0,0,0,0,0,0,0,0,0,0,0,0,0,0,0,0,0,0,0,0,0,0,0,0,0,0,0,0,0,0,0,0,0,0,0,0,0,0,0,0,0,0,0,0,0,0,0,0,0,0,0,0,0,0,0,0,0,0,0,0,0,0,0,0,0,0,0,0,0,0,0,0,0,0,0,0,0,0,0,0,0,0,0,0,0,0,0,0,0,0,0,0,0,0,0,0,0,0,0,0,0,0,0,0,0,0,0,0,0,0,0,0,0,0,0,0,0,0,0,0,0,0,0,0,0,0,0,0,0,0,0,0,0,0,0,0,0,0,0,0,0,0,0,0,0,0,0,0,0,0,0,0,0,0,0,0,0,0,0,0,0,0,0,0,0,0,0,0,0,0,0,0,0,0,0,0,0,0,0,0,0,0,0,0,0,0,0,0,0,0,0,0,0,0,0,0,0,0,0,-1322,-538,-394,-323,-300,-201,-45,124,284,405,482,512,500,440,342,220,78,-74,-222,-360,-488,-585,-653,-675,-657,-593,-490,-345,-167,27,232,421,604,742,844,895,888,834,715,556,365,150,-74,-295,-495,-670,-815,-925,-980,-983,-942,-855,-717,-548,-356,-132,88,305,523,708,871,989,1060,1091,1068,980,849,684,475,238,-14,-274,-535,-752,-936,-1074,-1175,-1216,-1185,-1108,-965,-791,-569,-312,-37,241,494,727,931,1073,1177,1216,1193,1128,992,815,592,353,101,-153,-388,-614,-792,-925,-1026,-1083,-1088,-1033,-945,-814,-653,-475,-269,-56,147,342,522,679,806,902,961,984,961,902,811,682,524,343,-175,-58,-269,-460,-630,-780,-900,-980,-1007,-994,-943,-837,-716,-560,-375,-172,29,234,425,596,749,869,964,1012,1009,977,916,804,663,492,294,85,-137,-361,-576,-771,-944,-1082,-1176,-1222,-1209,-1135,-1009,-826,-596,-337,-49,246,540,815,1056,1237,1372,1432,1414,1336,1169,950,690,380,52,-281,-602,-890,-1129,-1318,-1435,-1468,-1431,-1326,-1152,-920,-635,-318,11,335,650,921,1144,1308,1396,1416,1364,1224,1022,772,477,149,-185,-506,-801,-1042,-1215,-1322,-1351,-1288,-1144,-945,-683,-390,-79,237,524,774,969,1094,1140,1121,1041,894,689,449,189,-88,-372,-626,-845,-1008,-1086,-1073,-954,-726,-403,-20,352,599,-868,-777
28762,mtk,MTK 7916,2776645574,rx0-tx1,512,0,0,0,0,0,0,0,0,0,0,0,0,0,0,0,0,0,0,0,0,0,0,0,0,0,0,0,0,0,0,0,0,0,0,0,0,0,0,0,0,0,0,0,0,0,0,0,0,0,0,0,0,0,0,0,0,0,0,0,0,0,0,0,0,0,0,0,0,0,0,0,0,0,0,0,0,0,0,0,0,0,0,0,0,0,0,0,0,0,0,0,0,0,0,0,0,0,0,0,0,0,0,0,0,0,0,0,0,0,0,0,0,0,0,0,0,0,0,0,0,0,0,0,0,0,0,0,0,0,0,0,0,0,0,0,0,0,0,0,0,0,0,0,0,0,0,0,0,0,0,0,0,0,0,0,0,0,0,0,0,0,0,0,0,0,0,0,0,0,0,0,0,0,0,0,0,0,0,0,0,0,0,0,0,0,0,0,0,0,0,0,0,0,0,0,0,0,0,0,0,0,0,0,0,0,0,0,0,0,0,0,0,0,0,0,0,0,0,0,0,0,0,0,0,0,0,0,0,0,0,0,0,0,0,0,0,0,0,0,0,0,0,0,0,0,0,0,0,0,0,0,0,0,0,0,0,-730,-375,-301,200,283,320,290,209,87,-46,-173,-286,-373,-429,-447,-436,-392,-310,-207,-83,55,195,332,453,553,612,640,622,554,462,329,168,-15,-203,-379,-543,-674,-778,-829,-833,-793,-707,-580,-415,-221,-7,205,413,620,781,901,988,1016,991,916,783,612,417,184,-55,-298,-529,-737,-912,-1037,-1114,-1138,-1109,-1022,-884,-704,-485,-234,24,291,539,762,955,1102,1209,1241,1226,1155,1024,842,608,353,92,-192,-469,-721,-945,-1118,-1260,-1335,-1335,-1279,-1165,-996,-762,-510,-224,82,377,652,907,1117,1269,1368,1398,1365,1267,1103,883,628,337,38,-268,-561,-825,-1050,-1219,-1338,-1393,-1386,-1307,-1172,-994,-546,-486,-188,102,392,667,909,1113,1264,1358,1391,1356,1277,1131,934,685,411,114,-188,-482,-761,-1003,-1211,-1358,-1442,-1457,-1402,-1279,-1097,-855,-571,-264,59,376,681,947,1173,1338,1433,1462,1422,1312,1137,909,641,350,41,-261,-558,-819,-1038,-1198,-1312,-1357,-1334,-1260,-1120,-935,-712,-454,-179,103,375,631,864,1052,1191,1268,1286,1245,1146,989,779,527,254,-25,-322,-599,-837,-1039,-1186,-1272,-1289,-1226,-1104,-920,-683,-406,-103,207,493,751,965,1120,1203,1213,1141,999,797,553,282,-7,-282,-533,-738,-886,-974,-998,-963,-868,-717,-524,-308,-77,166,396,604,772,876,910,858,715,481,178,-138,-375,-519,-495,0,0,0,0,0,0,0,0,0,0,0,0,0,0,0,0,0,0,0,0,0,0,0,0,0,0,0,0,0,0,0,0,0,0,0,0,0,0,0,0,0,0,0,0,0,0,0,0,0,0,0,0,0,0,0,0,0,0,0,0,0,0,0,0,0,0,0,0,0,0,0,0,0,0,0,0,0,0,0,0,0,0,0,0,0,0,0,0,0,0,0,0,0,0,0,0,0,0,0,0,0,0,0,0,0,0,0,0,0,0,0,0,0,0,0,0,0,0,0,0,0,0,0,0,0,0,0,0,0,0,0,0,0,0,0,0,0,0,0,0,0,0,0,0,0,0,0,0,0,0,0,0,0,0,0,0,0,0,0,0,0,0,0,0,0,0,0,0,0,0,0,0,0,0,0,0,0,0,0,0,0,0,0,0,0,0,0,0,0,0,0,0,0,0,0,0,0,0,0,0,0,0,0,0,0,0,0,0,0,0,0,0,0,0,0,0,0,0,0,0,0,0,0,0,0,0,0,0,0,0,0,0,0,0,0,0,0,0,0,0,0,0,0,0,0,0,0,0,0,0,0,0,0,0,0,0,-128,426,485,148,66,-63,-196,-307,-377,-395,-369,-305,-210,-97,28,152,276,382,457,511,529,513,461,371,248,104,-50,-220,-374,-513,-631,-705,-743,-725,-674,-575,-439,-269,-72,128,324,509,671,801,889,925,909,864,758,588,405,190,-41,-267,-495,-698,-857,-982,-1062,-1083,-1051,-964,-834,-653,-435,-193,55,305,543,757,936,1081,1171,1197,1171,1080,943,762,540,295,28,-233,-498,-742,-953,-1117,-1224,-1284,-1290,-1221,-1095,-913,-696,-446,-155,133,421,690,936,1129,1260,1352,1372,1320,1221,1055,832,573,282,-22,-327,-619,-879,-1096,-1261,-1365,-1406,-1381,-1285,-1139,-927,-681,-402,-109,195,489,755,992,1197,1309,1365,1373,1327,1219,1051,836,582,303,3,-290,-569,-830,-1052,-1228,-1354,-1413,-1409,-1339,-1207,-1022,-787,-509,-207,113,426,723,985,1206,1361,1460,1480,1431,1308,1128,897,615,309,-9,-325,-625,-894,-1118,-1278,-1376,-1413,-1385,-1293,-1135,-921,-672,-397,-97,188,463,722,935,1112,1233,1298,1301,1242,1128,962,751,511,241,-41,-321,-586,-822,-1026,-1177,-1259,-1286,-1247,-1136,-975,-763,-508,-223,82,377,651,888,1080,1212,1272,1248,1154,994,781,516,225,-78,-375,-635,-852,-1009,-1102,-1119,-1059,-940,-762,-546,-302,-46,198,428,623,772,868,910,897,817,678,486,248,-19,-301,-557,-759,-851,-815,-683,176,263
28763,mtk,MTK 7916,2776645574,rx1-tx0,512,0,0,0,0,0,0,0,0,0,0,0,0,0,0,0,0,0,0,0,0,0,0,0,0,0,0,0,0,0,0,0,0,0,0,0,0,0,0,0,0,0,0,0,0,0,0,0,0,0,0,0,0,0,0,0,0,0,0,0,0,0,0,0,0,0,0,0,0,0,0,0,0,0,0,0,0,0,0,0,0,0,0,0,0,0,0,0,0,0,0,0,0,0,0,0,0,0,0,0,0,0,0,0,0,0,0,0,0,0,0,0,0,0,0,0,0,0,0,0,0,0,0,0,0,0,0,0,0,0,0,0,0,0,0,0,0,0,0,0,0,0,0,0,0,0,0,0,0,0,0,0,0,0,0,0,0,0,0,0,0,0,0,0,0,0,0,0,0,0,0,0,0,0,0,0,0,0,0,0,0,0,0,0,0,0,0,0,0,0,0,0,0,0,0,0,0,0,0,0,0,0,0,0,0,0,0,0,0,0,0,0,0,0,0,0,0,0,0,0,0,0,0,0,0,0,0,0,0,0,0,0,0,0,0,0,0,0,0,0,0,0,0,0,0,0,0,0,0,0,0,0,0,0,0,0,0,146,660,784,-88,-28,57,143,198,227,227,193,133,66,-19,-97,-161,-225,-265,-281,-278,-252,-205,-135,-53,32,116,192,255,296,321,321,288,237,170,91,11,-75,-153,-208,-257,-285,-292,-275,-244,-202,-142,-79,-14,50,105,146,171,183,185,176,161,134,97,69,41,7,-12,-34,-54,-57,-61,-48,-34,-31,-32,-25,-21,-28,-34,-40,-62,-75,-93,-110,-124,-136,-128,-107,-70,-30,9,69,124,170,225,265,285,289,282,249,195,128,55,-32,-124,-205,-279,-338,-375,-385,-379,-356,-310,-242,-160,-70,23,118,206,280,344,398,432,426,406,369,309,229,138,35,-67,-170,-257,-144,-400,-443,-460,-454,-426,-366,-281,-192,-99,15,113,215,306,372,425,450,454,432,381,314,234,142,41,-59,-155,-240,-322,-369,-402,-412,-407,-375,-330,-270,-199,-115,-24,58,142,220,279,327,351,362,358,334,294,236,173,104,33,-44,-122,-190,-244,-279,-308,-320,-309,-292,-254,-207,-151,-83,-26,40,104,154,198,238,267,271,265,258,232,186,138,93,37,-30,-91,-137,-186,-235,-270,-285,-284,-260,-222,-184,-123,-56,12,90,156,209,253,284,291,284,256,200,130,62,-13,-95,-161,-213,-250,-271,-271,-243,-200,-142,-77,1,74,149,213,245,248,218,160,81,2,197,352,0,0,0,0,0,0,0,0,0,0,0,0,0,0,0,0,0,0,0,0,0,0,0,0,0,0,0,0,0,0,0,0,0,0,0,0,0,0,0,0,0,0,0,0,0,0,0,0,0,0,0,0,0,0,0,0,0,0,0,0,0,0,0,0,0,0,0,0,0,0,0,0,0,0,0,0,0,0,0,0,0,0,0,0,0,0,0,0,0,0,0,0,0,0,0,0,0,0,0,0,0,0,0,0,0,0,0,0,0,0,0,0,0,0,0,0,0,0,0,0,0,0,0,0,0,0,0,0,0,0,0,0,0,0,0,0,0,0,0,0,0,0,0,0,0,0,0,0,0,0,0,0,0,0,0,0,0,0,0,0,0,0,0,0,0,0,0,0,0,0,0,0,0,0,0,0,0,0,0,0,0,0,0,0,0,0,0,0,0,0,0,0,0,0,0,0,0,0,0,0,0,0,0,0,0,0,0,0,0,0,0,0,0,0,0,0,0,0,0,0,0,0,0,0,0,0,0,0,0,0,0,0,0,0,0,0,0,0,0,0,0,0,0,0,0,0,0,0,0,0,0,0,0,0,0,0,206,733,613,132,178,194,159,93,16,-69,-151,-208,-245,-259,-241,-210,-161,-87,-8,71,148,218,273,302,305,287,249,187,111,29,-63,-143,-215,-272,-305,-320,-311,-272,-221,-157,-89,-9,69,135,195,234,253,254,239,210,165,119,72,25,-19,-63,-97,-112,-116,-122,-120,-105,-90,-68,-48,-32,-12,-12,-21,-17,-16,-29,-34,-33,-37,-36,-28,-21,-5,16,55,96,134,163,186,211,218,196,171,135,74,9,-55,-132,-209,-271,-313,-336,-354,-335,-304,-253,-181,-96,-9,78,168,254,324,375,403,412,397,357,302,233,153,51,-51,-140,-233,-313,-375,-418,-442,-441,-413,-356,147,-211,-111,-9,94,197,292,367,417,457,468,442,410,341,263,171,69,-39,-148,-242,-317,-376,-420,-440,-433,-402,-359,-290,-207,-118,-27,66,154,227,293,338,375,381,370,352,310,255,181,103,27,-48,-128,-203,-265,-307,-330,-340,-333,-309,-270,-217,-161,-100,-25,44,113,174,222,261,282,289,288,266,228,191,150,87,23,-29,-80,-139,-189,-221,-242,-262,-264,-251,-232,-202,-155,-91,-25,42,115,166,218,261,278,291,280,245,200,142,69,-8,-78,-152,-216,-256,-278,-287,-272,-231,-176,-108,-40,36,105,169,220,253,260,245,212,146,67,-21,-101,-166,-208,-213,943,899
28764,mtk,MTK 7916,2776645574,rx1-tx1,512,0,0,0,0,0,0,0,0,0,0,0,0,0,0,0,0,0,0,0,0,0,0,0,0,0,0,0,0,0,0,0,0,0,0,0,0,0,0,0,0,0,0,0,0,0,0,0,0,0,0,0,0,0,0,0,0,0,0,0,0,0,0,0,0,0,0,0,0,0,0,0,0,0,0,0,0,0,0,0,0,0,0,0,0,0,0,0,0,0,0,0,0,0,0,0,0,0,0,0,0,0,0,0,0,0,0,0,0,0,0,0,0,0,0,0,0,0,0,0,0,0,0,0,0,0,0,0,0,0,0,0,0,0,0,0,0,0,0,0,0,0,0,0,0,0,0,0,0,0,0,0,0,0,0,0,0,0,0,0,0,0,0,0,0,0,0,0,0,0,0,0,0,0,0,0,0,0,0,0,0,0,0,0,0,0,0,0,0,0,0,0,0,0,0,0,0,0,0,0,0,0,0,0,0,0,0,0,0,0,0,0,0,0,0,0,0,0,0,0,0,0,0,0,0,0,0,0,0,0,0,0,0,0,0,0,0,0,0,0,0,0,0,0,0,0,0,0,0,0,0,0,0,0,0,0,0,-411,431,500,17,17,11,-2,-16,-29,-39,-46,-41,-28,-11,8,29,45,53,47,28,3,-28,-56,-69,-66,-44,-9,27,63,88,80,54,17,-29,-72,-90,-88,-67,-18,35,79,101,102,69,15,-44,-84,-108,-100,-60,-7,49,97,110,92,49,-4,-67,-103,-109,-84,-35,31,84,109,108,77,17,-53,-106,-121,-97,-52,22,92,128,126,86,17,-54,-112,-141,-123,-66,5,83,139,145,109,40,-48,-120,-157,-142,-82,-3,75,136,155,120,52,-39,-122,-160,-148,-96,-11,83,155,180,151,65,-38,-130,-190,-189,-128,-30,79,171,212,193,119,6,-116,-211,-242,-204,0,13,139,228,249,199,95,-31,-154,-233,-246,-193,-91,35,150,217,221,171,78,-32,-129,-191,-195,-153,-79,12,100,153,166,140,78,7,-56,-101,-119,-103,-73,-32,10,50,74,81,78,61,36,-3,-39,-72,-94,-96,-79,-38,17,77,121,139,122,67,-6,-87,-146,-167,-143,-75,20,114,179,199,158,68,-46,-146,-223,-234,-170,-60,68,191,265,267,194,57,-92,-219,-300,-304,-220,-72,101,248,327,324,232,75,-96,-248,-332,-325,-237,-89,83,230,312,316,235,96,-68,-209,-290,-293,-221,-92,63,199,286,299,235,113,-28,-165,-274,-322,-306,-233,-129,3,148,250,0,0,0,0,0,0,0,0,0,0,0,0,0,0,0,0,0,0,0,0,0,0,0,0,0,0,0,0,0,0,0,0,0,0,0,0,0,0,0,0,0,0,0,0,0,0,0,0,0,0,0,0,0,0,0,0,0,0,0,0,0,0,0,0,0,0,0,0,0,0,0,0,0,0,0,0,0,0,0,0,0,0,0,0,0,0,0,0,0,0,0,0,0,0,0,0,0,0,0,0,0,0,0,0,0,0,0,0,0,0,0,0,0,0,0,0,0,0,0,0,0,0,0,0,0,0,0,0,0,0,0,0,0,0,0,0,0,0,0,0,0,0,0,0,0,0,0,0,0,0,0,0,0,0,0,0,0,0,0,0,0,0,0,0,0,0,0,0,0,0,0,0,0,0,0,0,0,0,0,0,0,0,0,0,0,0,0,0,0,0,0,0,0,0,0,0,0,0,0,0,0,0,0,0,0,0,0,0,0,0,0,0,0,0,0,0,0,0,0,0,0,0,0,0,0,0,0,0,0,0,0,0,0,0,0,0,0,0,0,0,0,0,0,0,0,0,0,0,0,0,0,0,0,0,0,0,-92,316,246,14,24,32,36,35,27,13,-5,-23,-38,-46,-45,-36,-20,4,30,50,58,53,30,-1,-33,-60,-72,-65,-40,-4,35,70,93,93,65,24,-26,-71,-97,-96,-69,-19,35,83,112,103,65,11,-47,-89,-109,-99,-58,0,59,100,109,87,45,-14,-72,-110,-113,-82,-22,41,90,113,96,51,-13,-75,-115,-117,-86,-29,45,110,137,121,71,-3,-83,-135,-144,-112,-52,32,107,148,142,94,15,-71,-133,-159,-137,-69,22,99,152,151,105,22,-72,-141,-165,-147,-85,7,102,174,192,142,45,-63,-154,-206,-197,-124,-13,107,195,232,203,109,-15,-137,0,-258,-209,-106,29,153,230,244,197,96,-31,-153,-231,-242,-180,-72,49,148,208,213,167,83,-23,-119,-173,-180,-143,-73,6,76,122,133,115,72,19,-37,-79,-98,-95,-74,-43,-12,22,66,84,84,76,60,29,-22,-70,-112,-121,-101,-56,10,78,129,146,131,72,-13,-101,-164,-180,-152,-75,30,134,199,212,167,74,-57,-171,-234,-247,-190,-66,83,215,293,284,200,68,-98,-236,-310,-309,-230,-77,99,247,333,331,238,84,-89,-239,-330,-328,-241,-89,76,218,305,304,226,89,-66,-206,-288,-291,-224,-99,49,187,278,309,268,168,32,-107,-215,-277,-291,482,460
28765,mtk,MTK 7916,2776645574,rx2-tx0,512,0,0,0,0,0,0,0,0,0,0,0,0,0,0,0,0,0,0,0,0,0,0,0,0,0,0,0,0,0,0,0,0,0,0,0,0,0,0,0,0,0,0,0,0,0,0,0,0,0,0,0,0,0,0,0,0,0,0,0,0,0,0,0,0,0,0,0,0,0,0,0,0,0,0,0,0,0,0,0,0,0,0,0,0,0,0,0,0,0,0,0,0,0,0,0,0,0,0,0,0,0,0,0,0,0,0,0,0,0,0,0,0,0,0,0,0,0,0,0,0,0,0,0,0,0,0,0,0,0,0,0,0,0,0,0,0,0,0,0,0,0,0,0,0,0,0,0,0,0,0,0,0,0,0,0,0,0,0,0,0,0,0,0,0,0,0,0,0,0,0,0,0,0,0,0,0,0,0,0,0,0,0,0,0,0,0,0,0,0,0,0,0,0,0,0,0,0,0,0,0,0,0,0,0,0,0,0,0,0,0,0,0,0,0,0,0,0,0,0,0,0,0,0,0,0,0,0,0,0,0,0,0,0,0,0,0,0,0,0,0,0,0,0,0,0,0,0,0,0,0,0,0,0,0,0,0,-136,390,493,-32,-47,-62,-69,-64,-49,-28,1,34,65,82,83,64,30,-9,-53,-94,-111,-101,-67,-14,50,104,138,146,117,53,-27,-106,-164,-185,-166,-103,-3,102,182,228,219,144,25,-97,-196,-256,-254,-178,-46,99,221,283,267,179,41,-122,-249,-311,-286,-181,-20,152,286,336,289,163,-16,-198,-319,-352,-281,-127,76,260,365,365,257,76,-132,-307,-400,-378,-240,-25,199,370,435,379,213,-20,-250,-412,-452,-366,-173,75,301,446,469,354,134,-124,-344,-463,-446,-303,-76,169,362,452,411,249,11,-224,-387,-431,-352,-171,55,260,391,406,298,101,-124,-312,-403,-374,0,-21,190,350,404,338,175,-42,-248,-385,-411,-317,-129,99,293,405,403,289,93,-134,-328,-432,-411,-272,-60,163,349,437,405,266,47,-184,-365,-447,-411,-262,-43,185,360,441,410,266,52,-179,-355,-437,-409,-273,-72,148,323,414,395,279,88,-124,-294,-380,-372,-272,-103,94,265,359,353,260,96,-89,-242,-325,-319,-226,-76,93,235,307,298,205,60,-99,-234,-299,-275,-176,-36,113,231,292,272,175,25,-132,-253,-302,-268,-162,-13,141,257,308,278,171,17,-137,-254,-311,-288,-190,-50,103,231,302,298,225,101,-48,-189,-291,-329,-297,-210,-88,43,158,234,268,-1,137,0,0,0,0,0,0,0,0,0,0,0,0,0,0,0,0,0,0,0,0,0,0,0,0,0,0,0,0,0,0,0,0,0,0,0,0,0,0,0,0,0,0,0,0,0,0,0,0,0,0,0,0,0,0,0,0,0,0,0,0,0,0,0,0,0,0,0,0,0,0,0,0,0,0,0,0,0,0,0,0,0,0,0,0,0,0,0,0,0,0,0,0,0,0,0,0,0,0,0,0,0,0,0,0,0,0,0,0,0,0,0,0,0,0,0,0,0,0,0,0,0,0,0,0,0,0,0,0,0,0,0,0,0,0,0,0,0,0,0,0,0,0,0,0,0,0,0,0,0,0,0,0,0,0,0,0,0,0,0,0,0,0,0,0,0,0,0,0,0,0,0,0,0,0,0,0,0,0,0,0,0,0,0,0,0,0,0,0,0,0,0,0,0,0,0,0,0,0,0,0,0,0,0,0,0,0,0,0,0,0,0,0,0,0,0,0,0,0,0,0,0,0,0,0,0,0,0,0,0,0,0,0,0,0,0,0,0,0,0,0,0,0,0,0,0,0,0,0,0,0,0,0,0,0,0,0,1335,623,537,40,34,20,-1,-27,-53,-73,-81,-72,-50,-17,24,62,85,95,83,51,3,-49,-99,-128,-126,-95,-38,37,105,154,167,141,77,-12,-107,-182,-211,-188,-114,-12,103,197,242,225,155,37,-99,-212,-271,-260,-178,-42,108,233,299,284,189,32,-131,-259,-320,-293,-172,2,176,304,345,285,145,-39,-217,-340,-364,-276,-99,105,282,384,372,250,52,-168,-343,-422,-387,-232,-3,224,387,447,377,193,-54,-286,-437,-464,-360,-151,102,328,460,464,331,107,-149,-364,-465,-435,-285,-51,192,375,444,379,206,-22,-245,-391,-420,-329,-144,82,282,397,390,262,60,-161,0,-405,-362,-210,8,223,371,414,330,148,-71,-268,-392,-406,-302,-110,117,312,417,406,281,75,-156,-344,-435,-408,-269,-55,181,364,446,409,262,46,-182,-358,-441,-407,-260,-45,184,359,438,407,270,63,-159,-340,-426,-399,-278,-87,128,304,399,397,285,96,-100,-271,-372,-366,-264,-98,92,255,345,336,239,87,-90,-235,-317,-311,-221,-73,92,231,301,286,193,48,-105,-230,-289,-271,-176,-27,127,244,300,272,165,10,-143,-260,-304,-267,-161,-14,141,259,310,286,185,37,-120,-244,-307,-294,-208,-69,83,216,302,314,256,140,-4,-144,-256,-317,-321,-272,-184,-61,725,722
28766,mtk,MTK 7916,2776645574,rx2-tx1,512,0,0,0,0,0,0,0,0,0,0,0,0,0,0,0,0,0,0,0,0,0,0,0,0,0,0,0,0,0,0,0,0,0,0,0,0,0,0,0,0,0,0,0,0,0,0,0,0,0,0,0,0,0,0,0,0,0,0,0,0,0,0,0,0,0,0,0,0,0,0,0,0,0,0,0,0,0,0,0,0,0,0,0,0,0,0,0,0,0,0,0,0,0,0,0,0,0,0,0,0,0,0,0,0,0,0,0,0,0,0,0,0,0,0,0,0,0,0,0,0,0,0,0,0,0,0,0,0,0,0,0,0,0,0,0,0,0,0,0,0,0,0,0,0,0,0,0,0,0,0,0,0,0,0,0,0,0,0,0,0,0,0,0,0,0,0,0,0,0,0,0,0,0,0,0,0,0,0,0,0,0,0,0,0,0,0,0,0,0,0,0,0,0,0,0,0,0,0,0,0,0,0,0,0,0,0,0,0,0,0,0,0,0,0,0,0,0,0,0,0,0,0,0,0,0,0,0,0,0,0,0,0,0,0,0,0,0,0,0,0,0,0,0,0,0,0,0,0,0,0,0,0,0,0,0,0,236,367,350,-21,-41,-54,-59,-57,-43,-20,12,40,55,61,54,28,-7,-33,-56,-66,-56,-24,12,46,64,68,49,10,-35,-68,-83,-75,-36,15,63,90,96,73,28,-36,-88,-118,-115,-69,4,79,128,140,111,46,-40,-123,-172,-167,-116,-24,92,181,213,189,100,-28,-157,-237,-254,-195,-74,81,222,299,290,189,31,-145,-290,-353,-313,-181,19,216,346,393,327,147,-82,-284,-404,-412,-314,-110,135,337,441,422,269,38,-196,-380,-458,-404,-228,18,258,416,455,367,166,-80,-294,-423,-427,-300,-90,139,328,407,363,217,11,-199,-339,-369,-291,-126,73,246,338,327,0,28,-157,-286,-322,-256,-100,82,229,315,299,183,11,-159,-283,-323,-258,-108,81,242,329,317,209,32,-152,-290,-343,-288,-148,39,220,332,340,254,91,-96,-253,-334,-318,-204,-37,134,259,307,266,142,-24,-172,-260,-264,-194,-75,61,172,226,207,123,2,-110,-184,-190,-136,-46,55,137,167,149,79,-18,-109,-159,-160,-103,-15,71,141,167,139,69,-16,-93,-149,-156,-110,-29,54,126,154,136,77,-3,-81,-133,-145,-116,-55,22,89,135,144,112,34,-45,-107,-136,-124,-84,-27,45,98,122,110,63,0,-54,-99,-122,-110,-70,-9,53,103,128,123,95,54,362,377,0,0,0,0,0,0,0,0,0,0,0,0,0,0,0,0,0,0,0,0,0,0,0,0,0,0,0,0,0,0,0,0,0,0,0,0,0,0,0,0,0,0,0,0,0,0,0,0,0,0,0,0,0,0,0,0,0,0,0,0,0,0,0,0,0,0,0,0,0,0,0,0,0,0,0,0,0,0,0,0,0,0,0,0,0,0,0,0,0,0,0,0,0,0,0,0,0,0,0,0,0,0,0,0,0,0,0,0,0,0,0,0,0,0,0,0,0,0,0,0,0,0,0,0,0,0,0,0,0,0,0,0,0,0,0,0,0,0,0,0,0,0,0,0,0,0,0,0,0,0,0,0,0,0,0,0,0,0,0,0,0,0,0,0,0,0,0,0,0,0,0,0,0,0,0,0,0,0,0,0,0,0,0,0,0,0,0,0,0,0,0,0,0,0,0,0,0,0,0,0,0,0,0,0,0,0,0,0,0,0,0,0,0,0,0,0,0,0,0,0,0,0,0,0,0,0,0,0,0,0,0,0,0,0,0,0,0,0,0,0,0,0,0,0,0,0,0,0,0,0,0,0,0,0,0,0,-351,-41,-94,43,35,19,-1,-27,-52,-62,-63,-58,-33,7,42,58,59,45,23,-5,-30,-53,-60,-49,-19,17,48,72,72,41,-4,-48,-77,-85,-72,-33,23,73,109,111,71,12,-53,-112,-137,-116,-62,18,101,152,158,117,33,-67,-156,-203,-182,-110,5,123,209,237,193,80,-56,-184,-271,-281,-205,-63,108,252,331,308,188,6,-179,-318,-373,-316,-159,44,248,384,407,310,120,-111,-312,-427,-418,-291,-78,160,356,454,415,254,10,-231,-397,-455,-384,-201,44,276,423,445,342,138,-105,-306,-419,-401,-264,-50,171,335,391,332,177,-27,-220,-341,-348,-255,-86,112,0,342,296,157,-22,-192,-300,-314,-224,-64,119,266,322,276,147,-28,-204,-313,-315,-230,-71,118,279,350,310,174,-6,-181,-307,-347,-277,-124,68,239,332,329,232,64,-120,-258,-319,-286,-171,-8,151,264,298,238,110,-46,-172,-241,-238,-160,-36,91,183,213,179,90,-21,-119,-177,-171,-107,-16,71,140,166,134,56,-43,-121,-162,-151,-88,4,91,146,165,128,51,-41,-120,-160,-150,-96,-16,70,132,154,131,69,-16,-97,-147,-148,-113,-56,20,95,140,140,100,39,-33,-94,-128,-124,-77,-15,46,99,122,110,66,9,-54,-108,-131,-121,-85,-29,29,75,115,134,72
28767,mtk,MTK 7916,2776672340,rx0-tx0,512,-1687,-861,-941,30,-59,-154,-230,-302,-350,-386,-393,-383,-348,-287,-207,-110,-9,103,207,307,391,456,490,489,459,390,289,177,42,-105,-235,-359,-459,-531,-565,-554,-517,-440,-332,-205,-58,91,240,379,480,550,596,595,552,473,367,240,89,-61,-197,-320,-431,-526,-582,-596,-590,-544,-463,-360,-224,-79,78,233,376,505,605,663,690,670,605,510,378,203,8,-187,-368,-550,-681,-786,-825,-816,-761,-633,-467,-266,-34,201,424,624,791,890,936,919,826,681,477,241,-9,-260,-504,-707,-857,-948,-970,-928,-818,-654,-442,-200,50,305,525,715,865,945,959,903,796,633,426,193,-64,-303,-273,-721,-858,-941,-960,-919,-821,-658,-447,-206,47,299,530,735,886,981,1003,958,852,688,463,207,-61,-335,-577,-789,-948,-1041,-1067,-1010,-887,-702,-456,-172,115,408,677,899,1056,1126,1132,1049,885,672,399,91,-232,-542,-802,-1012,-1156,-1206,-1165,-1040,-835,-559,-243,79,411,713,944,1103,1187,1172,1065,880,624,324,6,-312,-596,-821,-985,-1076,-1077,-999,-828,-616,-366,-84,193,451,661,816,905,920,868,743,571,361,139,-85,-307,-500,-639,-717,-742,-716,-632,-511,-355,-164,34,225,387,515,606,645,617,539,421,271,82,-103,-273,-425,-524,-554,-514,-415,-274,-98,74,221,320,340,-294,-523,-546,1087,793,-233,-213,-144,-45,70,184,274,333,341,316,259,170,66,-46,-153,-249,-320,-362,-380,-356,-314,-240,-140,-43,74,184,276,359,409,432,420,368,288,185,59,-74,-202,-322,-412,-479,-512,-500,-452,-355,-229,-91,69,213,344,448,509,537,521,463,370,252,114,-32,-173,-291,-395,-466,-501,-502,-471,-406,-307,-191,-68,67,177,283,376,448,481,480,445,388,293,184,60,-74,-193,-302,-384,-439,-462,-451,-412,-339,-248,-142,-34,81,198,289,365,406,419,405,361,295,203,101,9,-92,-177,-261,-319,-351,-354,-336,-305,-253,-191,-112,-28,52,124,178,229,271,290,302,286,-730,224,172,101,29,-51,-122,-188,-249,-293,-320,-335,-319,-279,-213,-140,-46,46,124,209,275,316,336,332,295,251,187,111,27,-54,-125,-179,-215,-246,-253,-255,-238,-205,-164,-123,-84,-28,18,68,108,138,181,202,216,226,220,213,190,148,102,42,-17,-80,-151,-207,-255,-287,-303,-300,-274,-229,-169,-97,-15,70,149,216,273,314,332,327,303,256,189,120,42,-46,-120,-190,-242,-284,-313,-324,-314,-287,-239,-175,-104,-24,59,135,206,268,314,332,343,322,277,224,145,66,-27,-107,-178,-250,-293,-323,-338,-322,-297,-254,-187,-113,-36,50,125,198,258,308,338,351,1396,1393,-175,-423,-174,-359,-367,-347,-302,-241,-161,-73,25,119,219,299,370,415,439,433,396,336,253,150,31,-94,-221,-335,-425,-492,-538,-537,-492,-424,-323,-197,-49,100,242,375,476,553,589,586,549,462,340,215,69,-81,-228,-352,-461,-544,-595,-599,-567,-503,-411,-290,-148,-8,137,278,398,501,583,623,631,597,534,431,295,141,-22,-198,-364,-508,-632,-721,-757,-740,-687,-581,-432,-250,-31,178,395,589,733,842,890,875,800,668,480,255,20,-236,-471,-676,-835,-932,-968,-935,-833,-664,-454,-213,40,290,520,717,865,940,959,912,799,644,432,190,-62,-307,-528,-720,-856,-945,-959,-905,-1322,-637,-427,-192,56,294,517,714,858,946,971,925,827,663,456,215,-47,-306,-549,-763,-927,-1014,-1039,-988,-865,-693,-458,-192,98,378,624,835,998,1086,1098,1042,898,697,432,148,-152,-462,-734,-952,-1107,-1178,-1169,-1065,-879,-636,-339,-9,311,618,883,1076,1177,1195,1141,973,734,444,124,-210,-515,-784,-987,-1108,-1148,-1098,-963,-757,-501,-205,105,406,656,833,957,1010,979,873,696,481,232,-20,-264,-485,-654,-763,-813,-808,-750,-625,-453,-256,-54,154,344,490,607,673,684,641,540,406,240,45,-150,-317,-452,-552,-602,-576,-509,-384,-214,-27,158,309,421,470,440,353,218,73,-894,-792,1197,-895,-1152,55,152,242,293,304,269,194,86,-34,-144,-245,-313,-353,-358,-332,-274,-183,-85,22,126,220,309,361,385,395,354,300,209,101,-16,-132,-246,-342,-422,-472,-476,-447,-374,-274,-152,-12,135,269,391,470,527,537,498,422,303,174,28,-123,-267,-387,-469,-519,-529,-498,-433,-339,-219,-88,48,176,292,382,446,487,485,448,390,306,197,68,-59,-180,-292,-387,-445,-475,-469,-430,-364,-265,-155,-35,82,200,303,377,429,443,437,388,322,230,124,12,-94,-191,-279,-349,-383,-393,-379,-337,-274,-191,-101,-8,76,158,229,277,309,313,308,279,237,190,122,57,-15,-89,-128,-207,-249,-283,-301,-309,-285,-248,-197,-128,-53,34,121,201,265,311,342,336,315,273,197,116,30,-61,-145,-200,-252,-286,-305,-296,-269,-217,-170,-104,-45,12,77,127,169,189,214,228,225,216,187,167,134,84,43,-8,-55,-102,-154,-197,-234,-258,-264,-265,-244,-203,-148,-79,-4,75,147,213,269,312,328,319,287,240,180,105,21,-62,-146,-223,-277,-308,-327,-322,-297,-262,-206,-147,-74,4,85,159,229,274,306,329,326,300,260,203,130,53,-33,-127,-202,-264,-312,-337,-345,-322,-294,-238,-161,-87,2,86,155,223,279,310,334,333,315,276,218,149,66,-19,182,-208
28768,mtk,MTK 7916,2776672340,rx0-tx1,512,-144,230,320,-1011,-1029,-990,-893,-739,-539,-289,-22,233,490,708,883,1011,1069,1062,983,838,645,409,150,-124,-393,-644,-854,-1004,-1092,-1114,-1064,-945,-758,-534,-269,22,309,575,800,986,1100,1151,1133,1037,867,654,384,89,-204,-492,-747,-952,-1109,-1181,-1180,-1105,-959,-754,-492,-207,78,377,636,865,1036,1144,1169,1132,1031,859,629,364,72,-226,-506,-747,-953,-1105,-1183,-1186,-1110,-966,-762,-514,-217,94,395,671,902,1088,1204,1238,1189,1057,850,589,297,-31,-346,-641,-892,-1088,-1199,-1235,-1188,-1057,-857,-605,-301,12,312,592,832,1015,1117,1151,1105,990,814,589,323,44,-233,-495,-724,-897,-1008,-1060,146,-951,-815,-632,-400,-138,116,380,616,798,941,1029,1046,989,871,699,478,227,-43,-312,-559,-783,-942,-1035,-1066,-1031,-922,-750,-528,-266,5,285,545,775,951,1061,1095,1058,955,783,560,288,3,-280,-544,-771,-958,-1072,-1106,-1070,-976,-799,-564,-299,-5,299,572,805,990,1097,1119,1080,954,761,498,207,-84,-380,-648,-873,-1028,-1097,-1088,-994,-830,-608,-336,-53,235,501,726,888,973,988,930,796,610,382,126,-122,-354,-553,-700,-793,-818,-783,-688,-547,-369,-165,45,241,414,547,634,669,645,570,446,290,111,-77,-245,-392,-494,-548,-543,-471,-353,-197,-26,134,259,336,352,300,-101,19,0,-141,-226,-217,-90,72,232,374,475,513,478,378,237,70,-102,-271,-415,-511,-556,-559,-519,-434,-308,-159,6,175,327,460,555,611,621,591,520,399,244,76,-105,-290,-450,-591,-694,-744,-750,-697,-595,-449,-253,-34,192,416,620,782,890,929,900,797,649,425,166,-105,-376,-609,-805,-955,-1037,-1034,-949,-798,-591,-340,-65,222,490,723,907,1024,1071,1037,938,774,544,276,-5,-294,-556,-777,-947,-1042,-1074,-1023,-900,-720,-489,-227,48,309,549,750,895,991,1015,967,862,705,496,252,5,-246,-480,-687,-848,-957,-1001,-980,-896,-760,-578,-348,-101,164,415,639,831,966,1049,1055,993,874,-411,446,181,-103,-383,-643,-869,-1040,-1138,-1160,-1107,-970,-773,-519,-226,82,401,692,928,1115,1225,1256,1190,1048,832,563,239,-93,-415,-718,-964,-1146,-1251,-1277,-1204,-1051,-840,-574,-266,59,370,660,904,1087,1195,1229,1191,1079,886,642,365,69,-230,-527,-792,-992,-1133,-1211,-1211,-1131,-971,-763,-505,-208,93,390,672,914,1084,1192,1227,1180,1066,876,624,346,33,-281,-572,-829,-1031,-1167,-1230,-1203,-1110,-939,-708,-434,-123,191,482,743,957,1108,1189,1183,1107,958,746,490,205,-99,-384,-644,-867,-1023,-1113,-1129,-1075,-955,-769,-544,-284,-2,266,524,740,910,1019,1062,1045,952,794,604,375,120,177,88,147,325,246,-219,44,293,530,732,898,1014,1050,1031,947,789,597,360,93,-181,-448,-683,-876,-1015,-1085,-1088,-1022,-894,-702,-463,-202,72,349,613,830,992,1101,1136,1099,989,820,599,330,48,-249,-535,-779,-974,-1119,-1175,-1162,-1074,-917,-705,-439,-144,153,440,696,916,1075,1160,1184,1127,990,800,552,274,-19,-295,-567,-808,-1000,-1122,-1183,-1161,-1069,-916,-709,-444,-151,153,444,709,929,1099,1200,1215,1155,1014,816,567,270,-47,-366,-661,-913,-1093,-1213,-1251,-1198,-1070,-872,-609,-310,8,334,627,874,1061,1178,1201,1153,1024,833,580,301,13,-282,-547,-777,-951,-1064,-1098,-1069,-969,-809,-597,-357,-91,206,438,656,840,971,1033,1032,983,843,658,439,189,-77,-341,-581,-787,-936,-1029,-1051,-1003,-894,-731,-500,-251,22,295,554,770,943,1043,1081,1043,936,765,541,277,-3,-280,-538,-763,-941,-1059,-1099,-1071,-964,-794,-570,-297,-5,279,549,789,964,1078,1127,1082,959,783,547,254,-43,-337,-610,-838,-1011,-1097,-1111,-1047,-905,-699,-443,-148,147,438,693,899,1029,1069,1029,912,733,496,224,-52,-318,-541,-720,-851,-904,-881,-799,-661,-478,-264,-34,187,384,545,666,733,740,682,576,425,249,52,-141,-317,-458,-561,-612,-601,-537,-426,-277,-103,80,244,371,453,473,427,325,191,41,-78,384,392,0,213,126,294,383,416,383,287,137,-41,-223,-378,-489,-547,-545,-496,-388,-242,-78,84,242,383,495,567,598,576,505,403,262,109,-67,-230,-392,-525,-617,-668,-683,-639,-543,-417,-248,-65,134,340,520,676,784,833,825,761,633,452,224,-25,-281,-513,-727,-896,-980,-996,-935,-804,-624,-389,-114,172,438,678,870,1001,1064,1043,945,783,567,313,34,-257,-521,-760,-940,-1047,-1085,-1047,-925,-747,-507,-238,37,314,559,774,932,1024,1043,989,875,697,484,240,-28,-284,-515,-712,-878,-972,-1007,-974,-876,-721,-525,-294,-47,206,449,659,835,954,1016,1014,941,811,627,401,145,-134,-395,-638,-92,-1003,-1091,-1113,-1055,-934,-740,-491,-201,95,391,662,892,1077,1186,1214,1156,1011,807,546,237,-95,-414,-709,-957,-1150,-1262,-1272,-1204,-1056,-835,-558,-244,86,413,693,937,1121,1236,1257,1200,1066,858,599,305,0,-307,-598,-855,-1042,-1170,-1219,-1202,-1107,-932,-702,-437,-142,162,462,722,939,1111,1201,1211,1155,1026,823,569,286,-25,-330,-622,-871,-1056,-1179,-1235,-1201,-1091,-914,-673,-391,-76,233,523,785,989,1139,1218,1201,1112,951,727,460,166,-136,-429,-696,-912,-1061,-1151,-1156,-1087,-955,-756,-512,-242,48,325,589,802,965,1068,1100,1056,952,783,571,322,62,-208,-465,-677,-841,-965,-1022,171,231
28769,mtk,MTK 7916,2776672340,rx1-tx0,512,0,-181,-339,660,766,818,837,792,704,576,402,217,17,-183,-365,-534,-672,-769,-823,-812,-769,-687,-554,-383,-187,18,223,421,602,749,846,903,902,840,721,559,358,128,-103,-343,-560,-749,-901,-998,-1034,-1010,-908,-750,-543,-289,-9,273,543,787,988,1126,1199,1196,1098,932,697,392,80,-253,-584,-877,-1112,-1275,-1344,-1327,-1228,-1025,-747,-419,-55,302,645,960,1193,1353,1408,1360,1227,1010,715,388,21,-339,-671,-969,-1192,-1327,-1385,-1345,-1195,-981,-706,-372,-31,324,649,939,1152,1295,1346,1300,1166,960,682,356,14,-334,-663,-937,-1124,-1252,-1295,-1242,-1097,-884,-614,-302,27,358,657,905,1085,1177,-136,1140,988,782,530,245,-58,-362,-634,-856,-1018,-1106,-1125,-1056,-924,-720,-475,-197,96,370,618,827,963,1036,1039,972,835,640,406,149,-117,-365,-593,-770,-886,-948,-944,-872,-743,-565,-363,-126,109,322,516,671,782,835,827,766,662,512,334,143,-50,-250,-426,-560,-668,-738,-743,-704,-633,-519,-370,-187,2,187,360,508,633,708,722,692,633,518,357,165,-31,-226,-389,-529,-637,-689,-694,-644,-544,-411,-247,-58,113,272,419,535,598,616,587,507,394,256,99,-64,-201,-332,-439,-503,-521,-491,-420,-320,-195,-54,92,228,341,411,435,405,335,233,103,-25,-142,-227,-266,-249,371,223,0,137,274,234,239,206,135,35,-73,-180,-264,-312,-334,-308,-263,-191,-92,5,109,187,249,309,337,334,309,267,209,128,34,-56,-146,-231,-312,-365,-407,-415,-404,-353,-274,-172,-50,79,212,351,463,550,587,580,541,447,322,157,-28,-208,-393,-535,-657,-733,-741,-693,-588,-442,-265,-59,164,373,556,691,795,827,809,721,596,426,206,-24,-255,-489,-668,-811,-903,-918,-876,-772,-595,-377,-147,112,370,593,783,914,985,981,906,759,564,324,55,-212,-474,-696,-861,-971,-1024,-990,-885,-728,-507,-249,22,295,547,750,907,1005,1032,977,856,675,448,197,-69,-333,-566,-758,-901,-992,236,-961,-846,-670,-452,-201,60,320,551,760,919,1004,1042,998,886,717,491,231,-44,-311,-563,-783,-945,-1042,-1066,-1031,-924,-750,-526,-267,7,285,537,760,930,1045,1088,1055,969,806,589,330,55,-227,-490,-720,-918,-1057,-1120,-1115,-1035,-893,-699,-440,-153,149,439,700,922,1079,1172,1193,1125,977,772,509,201,-115,-416,-705,-944,-1123,-1223,-1244,-1168,-1014,-794,-522,-223,107,425,709,949,1110,1202,1209,1131,984,758,486,195,-108,-403,-670,-881,-1033,-1116,-1109,-1046,-916,-721,-475,-201,69,344,575,770,921,1006,1023,969,856,684,483,249,1,-247,-476,-668,-811,-893,-923,-896,-797,-657,-491,-324,-210,0,394,258,523,335,150,-48,-257,-435,-603,-719,-790,-820,-797,-732,-628,-477,-304,-101,105,291,477,636,749,827,851,830,760,636,475,276,67,-166,-384,-583,-747,-875,-939,-957,-925,-823,-664,-450,-206,47,307,555,764,939,1056,1111,1086,1000,837,619,354,63,-255,-561,-826,-1058,-1203,-1265,-1266,-1172,-989,-730,-416,-68,276,620,936,1172,1334,1397,1360,1244,1026,740,404,32,-333,-673,-978,-1193,-1340,-1399,-1345,-1212,-992,-710,-388,-40,334,673,951,1176,1306,1356,1313,1185,968,690,373,24,-326,-648,-929,-1146,-1275,-1314,-1273,-1142,-919,-641,-333,9,352,664,923,1114,1227,1254,1194,1045,830,555,254,1335,-382,-653,-880,-1047,-1152,-1167,-1101,-951,-748,-499,-220,80,369,632,845,988,1075,1073,1007,876,679,430,172,-103,-363,-605,-787,-914,-985,-987,-919,-789,-592,-376,-136,111,346,550,716,830,894,878,816,703,539,344,129,-89,-289,-469,-611,-713,-760,-767,-727,-634,-505,-359,-169,26,212,384,532,644,714,736,713,638,522,373,184,-7,-185,-360,-525,-641,-703,-716,-685,-601,-480,-302,-115,69,246,402,529,623,653,632,573,473,337,179,14,-155,-307,-427,-517,-565,-556,-511,-436,-313,-166,-14,134,269,377,452,480,466,404,306,177,34,-108,-227,-317,-358,-352,-298,-208,-96,10,219,371,0,-328,-215,23,-75,-171,-250,-292,-299,-266,-187,-91,15,119,203,283,324,339,322,269,213,137,42,-49,-133,-212,-282,-336,-355,-354,-332,-293,-229,-149,-55,53,165,278,369,445,491,497,473,410,312,190,30,-129,-296,-442,-562,-649,-675,-654,-581,-457,-306,-100,108,306,487,636,735,790,779,714,589,427,234,11,-208,-418,-589,-738,-840,-869,-855,-756,-599,-412,-184,65,305,534,735,860,940,954,888,758,578,354,105,-162,-421,-649,-828,-957,-1008,-996,-906,-744,-535,-294,-25,260,507,726,894,989,1019,979,866,696,477,225,-53,-320,-562,-772,-920,-995,-1009,-952,-836,-659,-447,-196,-351,325,559,755,898,991,1011,965,850,693,461,217,-48,-316,-554,-763,-930,-1036,-1064,-1016,-906,-728,-497,-238,33,297,562,781,945,1040,1077,1036,933,768,551,297,14,-261,-520,-750,-936,-1056,-1104,-1085,-987,-846,-643,-389,-104,182,457,699,914,1071,1155,1161,1088,945,736,479,192,-126,-435,-712,-934,-1110,-1209,-1216,-1153,-1010,-793,-520,-217,107,424,708,944,1113,1211,1231,1156,1008,782,506,200,-112,-416,-695,-930,-1079,-1158,-1163,-1091,-942,-737,-491,-207,84,361,617,825,977,1050,1064,1006,873,702,475,224,-39,-289,-524,-715,-861,-948,-973,-933,-830,-674,-479,-260,-33,205,423,598,737,-160,-293
28770,mtk,MTK 7916,2776672340,rx1-tx1,512,0,0,0,-717,-503,-154,236,563,737,708,480,122,-267,-578,-737,-690,-450,-88,300,603,729,656,404,26,-359,-644,-755,-652,-362,29,414,687,769,637,320,-92,-476,-734,-790,-622,-272,156,543,787,809,604,228,-216,-613,-842,-836,-595,-180,290,689,900,864,581,131,-360,-762,-966,-908,-601,-126,396,820,1017,938,616,117,-412,-834,-1037,-956,-621,-119,412,836,1024,929,596,98,-434,-841,-1012,-900,-548,-61,445,833,984,862,502,10,-478,-836,-962,-821,-443,50,521,847,941,771,390,-106,-578,-884,-944,-745,-342,156,608,900,949,727,303,-207,-658,-927,-944,-705,-269,239,685,947,951,0,225,-295,-740,-989,-970,-683,-201,342,797,1044,1008,696,192,-372,-849,-1105,-1064,-729,-197,392,895,1168,1125,784,232,-390,-921,-1221,-1201,-858,-283,368,931,1253,1245,920,350,-314,-899,-1255,-1279,-956,-382,291,885,1254,1296,989,423,-261,-879,-1264,-1317,-1019,-453,230,869,1289,1366,1097,537,-169,-827,-1276,-1404,-1173,-640,60,733,1218,1407,1242,766,99,-592,-1117,-1357,-1267,-862,-250,404,946,1241,1225,911,380,-232,-766,-1099,-1151,-919,-473,72,581,924,1032,890,524,46,-422,-773,-923,-848,-572,-163,269,628,827,827,636,306,-80,-438,-694,-801,-735,-521,-218,100,374,563,636,595,468,286,0,0,0,0,0,-218,-328,-392,-394,-323,-184,9,222,403,516,531,433,232,-26,-281,-485,-590,-561,-397,-136,163,432,607,640,520,267,-55,-365,-592,-685,-610,-377,-50,294,575,717,677,458,127,-240,-556,-736,-720,-521,-191,192,539,745,755,579,253,-144,-509,-747,-795,-638,-308,94,469,727,797,662,353,-41,-415,-686,-777,-658,-362,17,386,651,742,631,345,-24,-380,-636,-717,-604,-321,43,393,647,710,583,308,-56,-416,-657,-717,-585,-292,71,418,663,731,599,299,-82,-438,-681,-750,-615,-316,67,431,682,753,628,339,-30,-387,-640,-723,-614,-348,0,337,578,652,554,307,-19,-332,0,-588,-478,-242,66,352,531,547,400,146,-149,-406,-547,-526,-352,-67,243,478,586,530,315,2,-312,-550,-639,-544,-295,48,385,622,695,575,283,-89,-450,-686,-739,-589,-271,133,517,766,803,630,275,-173,-576,-834,-872,-677,-293,172,594,870,915,717,327,-157,-602,-886,-945,-753,-360,123,565,853,918,746,376,-93,-523,-801,-864,-708,-358,82,477,733,790,631,302,-102,-461,-673,-692,-518,-202,160,467,632,613,419,107,-238,-511,-628,-563,-339,-13,319,555,633,532,281,-61,-388,-603,-656,-524,-236,124,454,657,677,512,209,-165,-498,-691,-703,-527,-198,189,525,719,712,0,0,0,0,0,-234,-561,-740,-719,-496,-139,251,569,738,702,471,115,-270,-589,-738,-676,-423,-57,323,619,743,654,379,-6,-387,-659,-756,-638,-338,60,449,710,779,632,305,-114,-510,-755,-791,-610,-256,182,571,799,813,598,203,-263,-660,-876,-853,-587,-156,329,739,950,896,592,121,-389,-806,-1008,-933,-607,-122,411,833,1030,955,620,120,-416,-836,-1033,-952,-612,-110,421,835,1024,932,585,83,-436,-830,-994,-883,-533,-34,466,837,975,830,464,-25,-507,-849,-954,-795,-414,88,561,872,942,753,359,-129,-591,-892,-940,-729,-322,177,636,920,945,713,287,-223,-678,-947,-949,-690,-249,266,0,979,959,684,219,-312,-765,-1017,-987,-678,-183,356,821,1076,1040,714,188,-397,-884,-1141,-1107,-768,-219,394,914,1201,1173,828,269,-364,-916,-1236,-1225,-886,-313,343,913,1247,1258,939,363,-305,-899,-1256,-1274,-962,-400,276,885,1259,1305,1009,442,-248,-882,-1278,-1336,-1048,-487,203,850,1292,1394,1121,571,-123,-797,-1269,-1418,-1207,-691,-10,668,1185,1392,1259,817,179,-487,-1025,-1312,-1269,-903,-319,319,856,1180,1200,924,432,-149,-672,-1015,-1093,-900,-493,21,512,854,982,873,551,103,-350,-699,-876,-838,-603,-230,183,538,762,815,691,413,54,-294,-569,-720,-727,-603,-386,-123,129,316,429,0,0,0,0,0,249,153,22,-140,-307,-434,-487,-453,-326,-121,117,342,505,566,506,324,64,-217,-464,-604,-602,-465,-215,101,399,603,663,563,325,0,-335,-584,-698,-645,-425,-88,271,562,716,691,488,158,-221,-546,-734,-741,-555,-224,164,520,750,777,605,290,-106,-490,-742,-795,-647,-335,63,440,710,787,649,353,-32,-412,-673,-755,-643,-361,21,392,650,728,611,333,-32,-387,-641,-722,-599,-318,41,391,641,721,596,305,-73,-426,-661,-718,-588,-296,84,437,677,742,601,302,-79,-440,-681,-747,-619,-328,48,410,660,733,617,349,-17,-376,-617,-691,-583,-331,6,331,555,620,513,0,-47,-333,-525,-561,-436,-188,112,377,525,522,369,103,-199,-448,-568,-525,-329,-31,282,523,621,543,306,-16,-350,-589,-662,-556,-294,63,413,657,717,571,274,-113,-487,-730,-779,-613,-267,164,549,793,834,647,281,-174,-587,-852,-900,-702,-307,174,612,887,933,735,343,-139,-587,-885,-945,-757,-370,103,545,838,903,725,365,-81,-494,-768,-835,-676,-331,85,455,698,747,578,249,-131,-458,-651,-653,-471,-163,190,486,632,590,374,59,-271,-528,-627,-543,-304,24,350,581,654,530,249,-99,-419,-629,-669,-519,-225,136,472,680,698,527,201,-181,-511,-707,-712,-525,-189,204,0,0
28771,mtk,MTK 7916,2776672340,rx2-tx0,512,0,0,0,-663,-528,-250,97,416,632,682,546,262,-83,-400,-613,-666,-542,-269,70,382,586,633,510,241,-84,-379,-577,-607,-469,-214,91,366,539,558,423,177,-112,-361,-502,-503,-362,-116,156,372,476,444,285,41,-211,-390,-459,-395,-208,40,268,423,455,351,141,-106,-326,-456,-448,-306,-72,191,402,497,448,266,2,-264,-463,-544,-458,-241,42,322,523,574,459,225,-77,-367,-553,-592,-469,-207,109,392,577,602,459,190,-132,-423,-591,-597,-447,-175,149,430,589,590,429,147,-178,-456,-606,-584,-399,-105,213,471,604,572,382,85,-235,-484,-598,-545,-343,-45,266,504,600,522,0,-5,-312,-531,-601,-506,-271,53,369,579,632,509,239,-104,-418,-620,-664,-524,-231,123,453,673,704,535,225,-152,-501,-721,-753,-583,-239,174,534,753,785,606,254,-175,-564,-805,-839,-644,-270,184,589,842,875,678,299,-173,-616,-894,-941,-744,-348,148,606,917,1005,824,425,-81,-570,-917,-1034,-892,-527,-22,491,865,1015,918,591,123,-376,-780,-979,-922,-637,-203,277,682,912,909,675,282,-177,-583,-833,-868,-686,-345,70,466,730,809,698,419,40,-332,-612,-740,-689,-480,-160,184,469,645,669,536,287,-14,-297,-503,-596,-563,-420,-201,40,250,396,460,435,338,206,63,0,0,0,0,0,-81,-194,-287,-342,-343,-282,-153,19,194,350,442,445,355,191,-22,-242,-413,-494,-461,-323,-111,131,348,485,509,407,201,-50,-293,-468,-528,-459,-273,-14,249,456,551,501,324,67,-212,-445,-559,-535,-371,-114,175,415,553,547,402,145,-147,-396,-537,-544,-407,-167,114,368,522,529,391,154,-118,-354,-495,-502,-360,-125,140,363,483,476,330,94,-158,-369,-481,-459,-297,-59,202,415,510,459,275,13,-261,-467,-551,-486,-278,8,291,507,596,528,310,-3,-313,-539,-631,-562,-347,-28,294,535,638,573,364,62,-263,-516,-627,-575,-365,-58,250,490,601,548,343,46,-258,0,-588,-522,-315,-23,275,498,587,505,281,-10,-298,-509,-579,-486,-257,41,326,525,584,475,227,-78,-365,-555,-583,-451,-195,115,396,564,576,438,174,-148,-424,-581,-580,-420,-138,186,454,593,570,392,98,-226,-491,-615,-568,-358,-52,275,532,642,568,342,13,-322,-563,-654,-568,-330,7,339,575,658,552,292,-40,-360,-586,-647,-535,-277,57,376,587,633,500,229,-95,-394,-587,-615,-468,-191,137,420,582,587,428,146,-177,-441,-577,-563,-394,-101,217,469,594,548,349,58,-250,-489,-591,-525,-315,-14,287,510,599,514,280,-33,-342,-558,-620,-513,-265,58,371,582,638,0,0,0,0,0,-99,-413,-617,-659,-534,-261,89,412,627,678,546,271,-73,-398,-613,-661,-526,-260,69,384,582,621,496,239,-85,-369,-546,-569,-441,-197,98,362,519,529,392,147,-134,-369,-491,-478,-333,-84,179,374,464,419,245,4,-233,-404,-451,-359,-169,72,302,445,452,323,93,-161,-373,-476,-444,-282,-42,223,431,510,447,253,-20,-287,-481,-547,-456,-230,66,348,538,582,467,222,-89,-386,-570,-593,-458,-205,104,395,592,608,445,173,-140,-421,-590,-597,-438,-156,176,456,602,590,425,130,-197,-463,-604,-579,-390,-102,211,469,600,562,363,59,-259,-500,-599,-535,-319,-18,282,0,605,514,290,-18,-332,-558,-627,-511,-247,85,395,605,649,515,233,-119,-442,-653,-691,-539,-233,136,480,703,742,569,238,-153,-508,-736,-768,-591,-251,168,540,779,810,619,262,-174,-582,-836,-859,-654,-278,185,612,875,907,709,319,-168,-618,-918,-978,-787,-390,115,591,923,1025,865,472,-42,-536,-899,-1041,-913,-557,-63,439,828,1008,934,627,167,-330,-729,-940,-923,-674,-252,222,628,873,890,681,314,-120,-516,-775,-837,-695,-380,19,403,680,778,691,443,96,-264,-549,-696,-681,-508,-228,98,387,583,645,562,363,95,-173,-388,-515,-532,-448,-294,-102,85,228,310,333,0,0,0,0,0,250,215,139,23,-119,-261,-367,-412,-377,-267,-97,103,295,432,478,420,267,51,-181,-379,-494,-495,-377,-165,91,320,473,518,431,239,-11,-264,-458,-536,-479,-301,-46,232,452,553,511,345,83,-197,-427,-556,-545,-392,-138,157,409,551,540,403,165,-129,-384,-523,-530,-401,-164,112,359,507,506,367,134,-129,-355,-487,-481,-345,-109,156,367,481,463,318,79,-181,-391,-494,-456,-288,-33,229,431,520,467,277,0,-282,-483,-567,-504,-292,8,303,521,610,540,326,18,-301,-544,-638,-563,-344,-39,276,517,626,572,368,63,-257,-500,-607,-553,-354,-60,254,495,595,532,0,27,-263,-489,-584,-515,-305,-15,282,500,572,493,273,-27,-313,-515,-577,-472,-236,62,350,544,586,459,208,-94,-371,-552,-586,-447,-185,119,400,574,587,432,155,-161,-434,-586,-574,-402,-118,202,472,608,568,379,82,-247,-510,-629,-571,-352,-31,295,541,643,569,331,0,-333,-576,-660,-562,-310,25,353,582,653,543,286,-45,-367,-586,-645,-527,-259,78,384,586,626,490,214,-121,-412,-588,-604,-448,-173,150,432,591,582,412,126,-192,-450,-583,-558,-374,-82,229,473,592,538,328,34,-272,-501,-584,-510,-296,4,309,535,608,514,279,-40,-354,-566,-626,-522,-265,74,0,0
28772,mtk,MTK 7916,2776672340,rx2-tx1,512,0,0,0,598,453,191,-127,-411,-595,-636,-498,-225,96,390,590,644,532,280,-57,-371,-584,-651,-550,-295,28,340,572,651,554,315,-5,-329,-566,-655,-570,-334,-12,312,560,668,593,353,22,-311,-565,-678,-621,-399,-70,266,540,687,657,448,136,-203,-491,-659,-652,-478,-185,142,426,593,604,473,221,-84,-357,-530,-560,-451,-234,34,288,462,508,424,234,-2,-231,-393,-450,-393,-231,-19,177,314,374,341,221,50,-123,-253,-313,-301,-208,-66,79,199,261,248,173,60,-54,-143,-190,-186,-141,-69,14,84,133,143,107,60,4,-52,-82,-81,-69,-49,-16,11,28,37,33,21,0,7,6,4,4,3,-8,-25,-38,-44,-45,-31,-5,19,38,52,63,58,33,2,-33,-62,-66,-49,-18,7,26,40,44,17,-9,-27,-45,-43,-17,13,50,84,84,54,17,-39,-107,-145,-150,-117,-47,48,150,220,245,208,119,-10,-151,-262,-313,-295,-220,-74,103,253,348,375,305,163,-15,-197,-341,-396,-358,-232,-54,130,285,377,381,282,116,-65,-232,-345,-373,-311,-168,14,183,300,346,313,206,43,-125,-253,-319,-310,-224,-83,71,203,286,298,236,123,-19,-153,-245,-283,-261,-177,-51,81,190,260,273,227,144,39,-71,-154,-209,-221,-195,-139,-74,-12,0,0,0,0,0,112,149,166,152,104,34,-53,-144,-217,-250,-236,-181,-84,40,162,254,298,279,203,76,-79,-211,-304,-325,-268,-158,-10,145,274,345,327,237,89,-83,-235,-334,-362,-298,-162,7,165,288,343,325,232,72,-99,-234,-314,-318,-249,-133,19,171,269,288,234,135,15,-102,-189,-225,-201,-135,-34,57,122,159,142,85,21,-35,-76,-83,-59,-24,9,38,50,40,2,-38,-75,-83,-55,-5,50,100,131,121,68,-10,-87,-156,-197,-178,-104,-1,105,204,252,230,147,22,-121,-241,-295,-270,-176,-39,117,256,336,333,238,67,-112,-265,-368,-380,-281,-99,101,280,396,0,324,149,-65,-272,-424,-458,-370,-190,45,277,434,482,411,230,-10,-252,-428,-492,-430,-261,-25,230,429,518,469,305,61,-205,-408,-511,-486,-342,-102,163,375,495,484,341,119,-126,-339,-470,-472,-336,-123,105,312,433,432,324,131,-85,-272,-391,-396,-295,-127,70,244,343,345,256,97,-71,-212,-296,-288,-199,-59,90,197,247,231,140,3,-121,-191,-204,-167,-76,37,138,191,177,108,5,-107,-179,-199,-162,-56,78,197,254,236,155,13,-146,-273,-327,-293,-175,-2,194,343,404,362,216,0,-225,-399,-483,-447,-280,-35,224,438,544,513,350,98,-189,-436,-576,-559,0,0,0,0,0,157,434,601,612,465,200,-121,-415,-603,-646,-521,-254,73,384,599,658,537,281,-42,-352,-571,-644,-550,-310,16,334,565,644,556,323,-1,-322,-564,-666,-585,-349,-21,320,573,672,610,377,44,-285,-549,-678,-623,-419,-106,240,521,664,643,452,150,-178,-460,-630,-634,-471,-195,118,389,563,594,468,229,-65,-321,-489,-532,-440,-241,16,254,419,476,412,247,15,-213,-369,-427,-367,-222,-43,140,292,361,330,214,55,-91,-216,-287,-272,-184,-65,58,160,215,213,162,66,-40,-129,-174,-167,-125,-61,14,76,112,121,99,53,11,-24,-54,-75,-65,-38,-20,-4,16,0,-1,3,9,16,21,26,27,16,-3,-24,-41,-53,-52,-39,-12,23,44,50,58,54,25,-4,-35,-63,-61,-37,-10,18,34,34,25,7,-28,-49,-50,-43,-9,38,74,106,118,88,30,-50,-132,-190,-200,-164,-86,26,150,248,295,266,160,27,-125,-262,-335,-339,-262,-116,63,233,350,389,338,206,15,-176,-319,-395,-377,-271,-103,92,263,364,378,294,141,-35,-199,-322,-368,-316,-182,-17,146,276,337,315,214,63,-97,-232,-308,-305,-233,-105,49,190,274,293,253,152,14,-117,-219,-276,-272,-208,-102,29,147,219,250,242,186,98,5,-75,-133,-161,-163,0,0,0,0,0,-65,-19,34,101,165,209,219,185,111,12,-95,-194,-261,-277,-237,-145,-15,122,237,298,298,241,118,-37,-184,-294,-334,-297,-191,-43,116,255,336,341,271,133,-38,-201,-316,-352,-315,-203,-33,138,266,337,332,250,108,-53,-192,-289,-311,-254,-133,6,126,212,251,224,134,20,-87,-163,-185,-159,-103,-34,46,96,114,102,59,6,-35,-58,-54,-38,3,38,52,48,15,-32,-75,-99,-99,-65,0,69,126,156,147,95,15,-92,-185,-222,-199,-123,-6,117,218,270,245,159,40,-114,-249,-311,-288,-203,-55,124,277,362,359,259,93,-103,-277,-379,-389,-298,-124,0,281,405,429,345,165,-63,-273,-411,-453,-380,-202,40,266,434,493,422,244,1,-245,-438,-511,-455,-288,-43,218,417,510,477,317,88,-170,-398,-507,-479,-342,-120,144,365,482,477,349,132,-116,-330,-451,-453,-341,-141,88,291,409,417,315,131,-79,-261,-364,-362,-267,-111,74,235,319,311,223,82,-78,-207,-271,-256,-168,-38,98,193,227,193,105,-18,-126,-183,-185,-132,-30,80,156,195,178,86,-39,-146,-212,-217,-148,-35,102,224,289,268,163,1,-174,-309,-364,-321,-184,13,223,380,446,401,248,21,-221,-420,-521,-483,-322,-70,208,439,559,544,390,122,-185,0,0
28773,mtk,MTK 7916,2776715772,rx0-tx0,512,0,0,0,0,0,0,0,0,0,0,0,0,0,0,0,0,0,0,0,0,0,0,0,0,0,0,0,0,0,0,0,0,0,0,0,0,0,0,0,0,0,0,0,0,0,0,0,0,0,0,0,0,0,0,0,0,0,0,0,0,0,0,0,0,0,0,0,0,0,0,0,0,0,0,0,0,0,0,0,0,0,0,0,0,0,0,0,0,0,0,0,0,0,0,0,0,0,0,0,0,0,0,0,0,0,0,0,0,0,0,0,0,0,0,0,0,0,0,0,0,0,0,0,0,0,0,0,0,0,0,0,0,0,0,0,0,0,0,0,0,0,0,0,0,0,0,0,0,0,0,0,0,0,0,0,0,0,0,0,0,0,0,0,0,0,0,0,0,0,0,0,0,0,0,0,0,0,0,0,0,0,0,0,0,0,0,0,0,0,0,0,0,0,0,0,0,0,0,0,0,0,0,0,0,0,0,0,0,0,0,0,0,0,0,0,0,0,0,0,0,0,0,0,0,0,0,0,0,0,0,0,0,0,0,0,0,0,0,0,0,0,0,0,0,0,0,0,0,0,0,0,0,0,0,0,0,-273,-721,-858,-237,-129,57,256,402,463,435,324,158,-18,-206,-366,-481,-545,-526,-451,-330,-145,71,287,471,608,682,676,582,422,206,-63,-308,-552,-735,-823,-841,-751,-573,-315,-47,250,522,732,875,918,867,734,527,253,-44,-323,-580,-794,-919,-954,-906,-764,-564,-310,-6,308,586,815,978,1031,997,865,642,360,45,-286,-604,-859,-1030,-1110,-1082,-946,-722,-417,-86,255,585,858,1047,1138,1106,978,762,459,127,-228,-553,-809,-1001,-1101,-1088,-967,-767,-487,-170,142,441,691,879,986,1002,926,769,548,289,0,-281,-528,-727,-870,-937,-922,-831,-664,-447,-188,84,349,589,781,907,952,916,-1687,607,357,77,-209,-479,-711,-883,-974,-975,-887,-728,-502,-231,65,353,606,810,946,999,968,846,653,409,125,-168,-451,-705,-901,-1021,-1055,-1004,-859,-632,-348,-19,320,637,905,1097,1200,1191,1063,828,512,138,-255,-637,-974,-1220,-1339,-1330,-1203,-933,-569,-159,281,701,1046,1294,1410,1381,1208,925,552,109,-336,-735,-1069,-1294,-1391,-1341,-1155,-855,-475,-52,376,760,1068,1265,1326,1260,1066,748,364,-48,-468,-842,-1113,-1266,-1278,-1152,-899,-557,-152,266,644,943,1135,1190,1108,907,603,242,-139,-492,-774,-963,-1038,-999,-846,-596,-279,67,407,699,912,1014,967,773,451,35,-400,-749,-915,-873,-64,-303,0,0,0,0,0,0,0,0,0,0,0,0,0,0,0,0,0,0,0,0,0,0,0,0,0,0,0,0,0,0,0,0,0,0,0,0,0,0,0,0,0,0,0,0,0,0,0,0,0,0,0,0,0,0,0,0,0,0,0,0,0,0,0,0,0,0,0,0,0,0,0,0,0,0,0,0,0,0,0,0,0,0,0,0,0,0,0,0,0,0,0,0,0,0,0,0,0,0,0,0,0,0,0,0,0,0,0,0,0,0,0,0,0,0,0,0,0,0,0,0,0,0,0,0,0,0,0,0,0,0,0,0,0,0,0,0,0,0,0,0,0,0,0,0,0,0,0,0,0,0,0,0,0,0,0,0,0,0,0,0,0,0,0,0,0,0,0,0,0,0,0,0,0,0,0,0,0,0,0,0,0,0,0,0,0,0,0,0,0,0,0,0,0,0,0,0,0,0,0,0,0,0,0,0,0,0,0,0,0,0,0,0,0,0,0,0,0,0,0,0,0,0,0,0,0,0,0,0,0,0,0,0,0,0,0,0,0,0,0,0,0,0,0,0,0,0,0,0,0,0,0,0,0,0,0,0,-1322,-637,-427,202,333,393,346,205,15,-186,-358,-460,-497,-471,-360,-220,-30,172,333,481,577,602,556,436,264,52,-189,-418,-607,-737,-775,-714,-594,-378,-122,155,429,671,813,877,861,730,534,278,-12,-302,-563,-776,-914,-941,-885,-757,-542,-265,24,320,584,786,936,998,950,814,606,328,11,-300,-600,-840,-999,-1072,-1052,-914,-684,-388,-58,281,599,866,1047,1119,1094,973,747,452,103,-255,-575,-847,-1033,-1121,-1105,-969,-753,-472,-150,191,499,763,958,1049,1044,945,759,515,231,-69,-360,-614,-808,-930,-971,-917,-794,-601,-371,-98,179,438,659,822,917,938,875,740,535,281,2,-280,-175,-744,-896,-964,-949,-848,-670,-430,-152,144,418,659,848,958,986,922,780,571,311,28,-266,-536,-759,-920,-1002,-999,-913,-746,-514,-233,72,379,667,896,1055,1126,1093,963,738,438,88,-285,-640,-936,-1155,-1272,-1266,-1142,-907,-566,-163,256,669,1023,1258,1381,1375,1222,945,573,139,-311,-723,-1056,-1304,-1414,-1369,-1191,-897,-515,-84,355,751,1072,1278,1357,1300,1114,818,431,10,-406,-784,-1081,-1254,-1303,-1226,-1005,-682,-286,142,553,897,1131,1241,1209,1038,760,398,0,-388,-724,-970,-1098,-1106,-974,-743,-432,-88,260,576,823,970,1001,908,703,413,49,-332,-674,-923,-1027,-935,-647,-227,161,-959,-905
28774,mtk,MTK 7916,2776715772,rx0-tx1,512,0,0,0,0,0,0,0,0,0,0,0,0,0,0,0,0,0,0,0,0,0,0,0,0,0,0,0,0,0,0,0,0,0,0,0,0,0,0,0,0,0,0,0,0,0,0,0,0,0,0,0,0,0,0,0,0,0,0,0,0,0,0,0,0,0,0,0,0,0,0,0,0,0,0,0,0,0,0,0,0,0,0,0,0,0,0,0,0,0,0,0,0,0,0,0,0,0,0,0,0,0,0,0,0,0,0,0,0,0,0,0,0,0,0,0,0,0,0,0,0,0,0,0,0,0,0,0,0,0,0,0,0,0,0,0,0,0,0,0,0,0,0,0,0,0,0,0,0,0,0,0,0,0,0,0,0,0,0,0,0,0,0,0,0,0,0,0,0,0,0,0,0,0,0,0,0,0,0,0,0,0,0,0,0,0,0,0,0,0,0,0,0,0,0,0,0,0,0,0,0,0,0,0,0,0,0,0,0,0,0,0,0,0,0,0,0,0,0,0,0,0,0,0,0,0,0,0,0,0,0,0,0,0,0,0,0,0,0,0,0,0,0,0,0,0,0,0,0,0,0,0,0,0,0,0,0,-730,224,172,36,-99,-242,-333,-349,-283,-161,-7,156,296,397,440,424,361,238,78,-99,-273,-418,-527,-574,-552,-458,-310,-113,110,330,525,670,729,712,622,451,233,-26,-303,-536,-734,-846,-873,-815,-663,-437,-158,144,448,711,898,1000,1007,908,706,435,107,-220,-543,-823,-1024,-1121,-1114,-995,-764,-466,-118,253,596,887,1104,1215,1207,1075,845,533,158,-229,-600,-918,-1154,-1290,-1301,-1185,-962,-630,-244,166,579,925,1198,1351,1374,1279,1056,728,326,-112,-546,-924,-1217,-1395,-1443,-1346,-1125,-796,-382,65,502,902,1212,1409,1460,1376,1176,849,445,10,-431,-826,-1147,-1355,-1435,-1384,-1207,-910,-536,-118,-546,722,1058,1285,1402,1392,1255,1000,658,253,-176,-582,-940,-1218,-1385,-1431,-1334,-1118,-803,-410,30,473,869,1189,1402,1477,1418,1226,914,516,62,-401,-820,-1159,-1397,-1501,-1458,-1272,-966,-574,-129,326,750,1096,1333,1446,1418,1258,989,615,191,-236,-647,-992,-1232,-1357,-1358,-1230,-988,-662,-278,132,520,861,1126,1283,1320,1236,1026,712,340,-70,-473,-831,-1114,-1279,-1322,-1232,-1016,-693,-298,126,538,898,1156,1296,1296,1149,881,523,92,-329,-713,-1019,-1195,-1238,-1135,-899,-565,-182,216,576,858,1026,1071,989,796,520,195,-136,-445,-695,-855,-911,-859,-701,-457,-145,188,505,751,876,840,627,292,-37,302,286,0,0,0,0,0,0,0,0,0,0,0,0,0,0,0,0,0,0,0,0,0,0,0,0,0,0,0,0,0,0,0,0,0,0,0,0,0,0,0,0,0,0,0,0,0,0,0,0,0,0,0,0,0,0,0,0,0,0,0,0,0,0,0,0,0,0,0,0,0,0,0,0,0,0,0,0,0,0,0,0,0,0,0,0,0,0,0,0,0,0,0,0,0,0,0,0,0,0,0,0,0,0,0,0,0,0,0,0,0,0,0,0,0,0,0,0,0,0,0,0,0,0,0,0,0,0,0,0,0,0,0,0,0,0,0,0,0,0,0,0,0,0,0,0,0,0,0,0,0,0,0,0,0,0,0,0,0,0,0,0,0,0,0,0,0,0,0,0,0,0,0,0,0,0,0,0,0,0,0,0,0,0,0,0,0,0,0,0,0,0,0,0,0,0,0,0,0,0,0,0,0,0,0,0,0,0,0,0,0,0,0,0,0,0,0,0,0,0,0,0,0,0,0,0,0,0,0,0,0,0,0,0,0,0,0,0,0,0,0,0,0,0,0,0,0,0,0,0,0,0,0,0,0,0,0,0,-128,-207,-249,-241,-264,-203,-69,94,249,351,397,374,292,167,9,-145,-294,-417,-483,-495,-441,-335,-185,7,209,396,542,631,648,591,465,267,33,-205,-436,-622,-750,-814,-770,-644,-447,-181,97,379,630,820,928,949,877,695,442,135,-189,-510,-776,-969,-1064,-1058,-952,-741,-449,-111,239,581,863,1062,1168,1157,1027,801,494,133,-251,-609,-911,-1138,-1253,-1251,-1128,-904,-585,-207,197,584,924,1183,1320,1350,1239,1009,683,279,-140,-559,-930,-1211,-1375,-1418,-1319,-1094,-762,-356,90,527,913,1217,1408,1453,1366,1149,817,407,-43,-477,-871,-1187,-1382,-1450,-1383,-1187,-871,-483,-51,382,781,1107,1324,1423,1197,1225,941,583,176,-249,-653,-1000,-1254,-1398,-1408,-1290,-1063,-734,-341,99,532,906,1204,1391,1455,1380,1178,871,470,20,-427,-844,-1177,-1406,-1505,-1450,-1258,-947,-549,-96,365,784,1131,1366,1473,1437,1265,970,593,156,-288,-700,-1049,-1293,-1400,-1382,-1240,-977,-628,-232,181,583,919,1170,1313,1328,1220,1005,692,315,-86,-483,-841,-1114,-1279,-1320,-1232,-1028,-718,-335,82,494,856,1132,1290,1317,1211,969,627,225,-210,-619,-951,-1189,-1289,-1232,-1056,-751,-364,51,460,807,1045,1160,1136,982,716,376,5,-350,-648,-862,-963,-953,-840,-629,-351,-38,278,555,768,882,873,739,480,136,-241,-566,-746,-756,-15,-89
28775,mtk,MTK 7916,2776715772,rx1-tx0,512,0,0,0,0,0,0,0,0,0,0,0,0,0,0,0,0,0,0,0,0,0,0,0,0,0,0,0,0,0,0,0,0,0,0,0,0,0,0,0,0,0,0,0,0,0,0,0,0,0,0,0,0,0,0,0,0,0,0,0,0,0,0,0,0,0,0,0,0,0,0,0,0,0,0,0,0,0,0,0,0,0,0,0,0,0,0,0,0,0,0,0,0,0,0,0,0,0,0,0,0,0,0,0,0,0,0,0,0,0,0,0,0,0,0,0,0,0,0,0,0,0,0,0,0,0,0,0,0,0,0,0,0,0,0,0,0,0,0,0,0,0,0,0,0,0,0,0,0,0,0,0,0,0,0,0,0,0,0,0,0,0,0,0,0,0,0,0,0,0,0,0,0,0,0,0,0,0,0,0,0,0,0,0,0,0,0,0,0,0,0,0,0,0,0,0,0,0,0,0,0,0,0,0,0,0,0,0,0,0,0,0,0,0,0,0,0,0,0,0,0,0,0,0,0,0,0,0,0,0,0,0,0,0,0,0,0,0,0,0,0,0,0,0,0,0,0,0,0,0,0,0,0,0,0,0,0,146,-951,-815,146,147,96,13,-89,-173,-208,-210,-166,-96,-9,86,153,215,245,216,163,92,18,-75,-172,-217,-248,-252,-220,-157,-64,33,128,199,237,258,233,191,132,22,-56,-131,-196,-216,-213,-185,-116,-45,4,66,105,144,160,137,109,41,9,-43,-54,-74,-87,-76,-57,-24,11,40,65,72,65,46,9,-46,-82,-108,-124,-123,-108,-64,1,69,123,171,221,234,211,164,80,-10,-106,-205,-277,-315,-317,-284,-212,-114,9,129,235,317,364,375,334,250,152,35,-88,-214,-315,-385,-398,-376,-311,-215,-106,22,160,268,340,389,393,350,278,183,69,-67,-189,-292,-364,-144,-402,-351,-263,-154,-27,102,221,319,382,403,379,323,233,114,-24,-144,-244,-327,-372,-375,-340,-269,-178,-67,44,152,243,303,329,325,295,228,140,39,-57,-141,-213,-263,-290,-282,-247,-194,-116,-40,34,113,178,229,250,240,212,173,114,41,-34,-99,-162,-200,-222,-225,-199,-162,-110,-49,18,89,136,165,193,199,183,145,101,49,-18,-77,-124,-158,-184,-197,-177,-148,-105,-46,19,85,140,184,207,200,178,130,66,5,-68,-128,-179,-207,-205,-183,-133,-69,9,84,142,181,196,186,150,98,34,-43,-106,-152,-177,-175,-148,-99,-33,44,104,143,152,125,81,-1008,-1060,0,0,0,0,0,0,0,0,0,0,0,0,0,0,0,0,0,0,0,0,0,0,0,0,0,0,0,0,0,0,0,0,0,0,0,0,0,0,0,0,0,0,0,0,0,0,0,0,0,0,0,0,0,0,0,0,0,0,0,0,0,0,0,0,0,0,0,0,0,0,0,0,0,0,0,0,0,0,0,0,0,0,0,0,0,0,0,0,0,0,0,0,0,0,0,0,0,0,0,0,0,0,0,0,0,0,0,0,0,0,0,0,0,0,0,0,0,0,0,0,0,0,0,0,0,0,0,0,0,0,0,0,0,0,0,0,0,0,0,0,0,0,0,0,0,0,0,0,0,0,0,0,0,0,0,0,0,0,0,0,0,0,0,0,0,0,0,0,0,0,0,0,0,0,0,0,0,0,0,0,0,0,0,0,0,0,0,0,0,0,0,0,0,0,0,0,0,0,0,0,0,0,0,0,0,0,0,0,0,0,0,0,0,0,0,0,0,0,0,0,0,0,0,0,0,0,0,0,0,0,0,0,0,0,0,0,0,0,0,0,0,0,0,0,0,0,0,0,0,0,0,0,0,0,0,0,206,438,656,11,-72,-148,-189,-189,-122,-38,57,140,198,229,217,173,111,12,-86,-160,-213,-253,-265,-211,-129,-35,53,135,202,253,262,238,173,93,6,-85,-155,-226,-255,-233,-198,-127,-35,46,118,170,178,181,174,137,87,9,-42,-96,-115,-118,-108,-84,-68,-19,19,54,71,68,52,28,-13,-48,-75,-98,-93,-66,-40,3,48,105,156,178,170,143,106,41,-52,-132,-204,-255,-272,-269,-220,-141,-47,67,173,264,327,351,332,276,182,67,-55,-176,-277,-348,-390,-385,-331,-242,-123,8,133,249,332,381,407,373,293,195,82,-50,-170,-273,-351,-405,-405,-358,-277,-169,147,75,205,307,380,413,392,338,249,128,1,-124,-234,-318,-380,-388,-353,-292,-198,-81,40,154,246,313,348,342,308,238,147,46,-54,-156,-236,-287,-313,-301,-270,-212,-132,-41,55,136,206,248,261,265,238,188,125,43,-35,-107,-173,-219,-238,-233,-211,-168,-108,-43,28,93,143,185,206,215,193,146,105,50,-14,-76,-128,-158,-189,-201,-182,-148,-101,-53,16,81,129,169,195,199,186,149,92,21,-47,-107,-162,-192,-204,-192,-153,-102,-30,39,102,154,190,202,183,137,80,11,-57,-117,-160,-185,-183,-152,-102,-38,30,94,137,167,163,122,68,-2,-67,-105,-357,-91
28776,mtk,MTK 7916,2776715772,rx1-tx1,512,0,0,0,0,0,0,0,0,0,0,0,0,0,0,0,0,0,0,0,0,0,0,0,0,0,0,0,0,0,0,0,0,0,0,0,0,0,0,0,0,0,0,0,0,0,0,0,0,0,0,0,0,0,0,0,0,0,0,0,0,0,0,0,0,0,0,0,0,0,0,0,0,0,0,0,0,0,0,0,0,0,0,0,0,0,0,0,0,0,0,0,0,0,0,0,0,0,0,0,0,0,0,0,0,0,0,0,0,0,0,0,0,0,0,0,0,0,0,0,0,0,0,0,0,0,0,0,0,0,0,0,0,0,0,0,0,0,0,0,0,0,0,0,0,0,0,0,0,0,0,0,0,0,0,0,0,0,0,0,0,0,0,0,0,0,0,0,0,0,0,0,0,0,0,0,0,0,0,0,0,0,0,0,0,0,0,0,0,0,0,0,0,0,0,0,0,0,0,0,0,0,0,0,0,0,0,0,0,0,0,0,0,0,0,0,0,0,0,0,0,0,0,0,0,0,0,0,0,0,0,0,0,0,0,0,0,0,0,0,0,0,0,0,0,0,0,0,0,0,0,0,0,0,0,0,0,-411,446,181,5,13,23,34,42,47,49,46,30,7,-1,-13,-39,-60,-66,-67,-48,-14,7,30,61,86,92,79,43,9,-25,-57,-93,-110,-106,-85,-52,-3,45,84,109,109,94,71,24,-38,-78,-108,-122,-109,-64,-13,30,74,112,125,103,60,6,-44,-88,-112,-117,-97,-48,11,60,96,119,113,79,25,-39,-95,-122,-128,-112,-70,-7,51,95,118,127,105,53,-16,-77,-119,-135,-129,-90,-27,44,97,121,125,100,50,-15,-77,-135,-155,-137,-94,-25,56,121,164,172,143,82,-2,-92,-159,-195,-192,-152,-74,20,113,189,231,227,170,75,-33,-133,-216,-259,0,-182,-87,32,141,218,255,242,190,102,-6,-121,-210,-254,-249,-200,-119,-18,85,164,205,217,184,123,47,-33,-102,-151,-169,-155,-117,-72,-21,35,81,102,108,102,84,64,39,0,-39,-60,-81,-95,-99,-89,-65,-24,21,61,98,124,128,109,69,12,-55,-111,-149,-165,-159,-113,-38,51,133,192,216,200,140,46,-62,-165,-237,-271,-253,-184,-70,67,192,278,315,298,226,106,-38,-184,-293,-346,-338,-274,-153,-6,143,264,341,355,303,197,62,-84,-219,-305,-333,-303,-218,-93,47,179,271,313,299,235,131,3,-128,-238,-315,-343,-316,-246,-155,-51,55,160,993,874,0,0,0,0,0,0,0,0,0,0,0,0,0,0,0,0,0,0,0,0,0,0,0,0,0,0,0,0,0,0,0,0,0,0,0,0,0,0,0,0,0,0,0,0,0,0,0,0,0,0,0,0,0,0,0,0,0,0,0,0,0,0,0,0,0,0,0,0,0,0,0,0,0,0,0,0,0,0,0,0,0,0,0,0,0,0,0,0,0,0,0,0,0,0,0,0,0,0,0,0,0,0,0,0,0,0,0,0,0,0,0,0,0,0,0,0,0,0,0,0,0,0,0,0,0,0,0,0,0,0,0,0,0,0,0,0,0,0,0,0,0,0,0,0,0,0,0,0,0,0,0,0,0,0,0,0,0,0,0,0,0,0,0,0,0,0,0,0,0,0,0,0,0,0,0,0,0,0,0,0,0,0,0,0,0,0,0,0,0,0,0,0,0,0,0,0,0,0,0,0,0,0,0,0,0,0,0,0,0,0,0,0,0,0,0,0,0,0,0,0,0,0,0,0,0,0,0,0,0,0,0,0,0,0,0,0,0,0,0,0,0,0,0,0,0,0,0,0,0,0,0,0,0,0,0,0,-92,-1003,-1091,-26,-28,-28,-28,-19,-8,8,30,46,50,52,51,48,17,-4,-22,-35,-69,-77,-69,-50,-28,5,39,75,81,81,80,58,11,-30,-80,-116,-119,-101,-74,-33,20,70,108,123,120,103,60,4,-53,-105,-135,-136,-109,-55,8,60,94,119,117,82,36,-24,-76,-100,-112,-99,-60,-5,45,83,109,116,91,37,-21,-72,-109,-124,-109,-81,-30,30,88,126,135,116,67,5,-55,-105,-137,-134,-95,-37,29,91,133,144,123,73,6,-64,-125,-157,-160,-127,-57,34,108,163,189,176,118,35,-55,-141,-198,-212,-185,-120,-22,81,170,227,244,211,131,16,0,-187,-244,-261,-225,-142,-31,76,175,238,258,227,149,47,-61,-153,-217,-238,-217,-162,-76,20,108,169,196,190,148,89,25,-42,-93,-126,-136,-128,-106,-70,-24,20,52,81,94,92,78,64,43,17,-18,-57,-92,-115,-118,-103,-72,-31,23,78,126,153,149,121,67,-5,-83,-146,-188,-191,-154,-84,8,109,190,235,236,194,106,-13,-126,-216,-275,-288,-239,-143,-16,125,243,318,336,288,185,50,-93,-230,-325,-357,-326,-241,-112,43,187,292,348,340,271,149,4,-135,-245,-307,-312,-266,-171,-46,88,203,286,319,296,224,118,-11,-136,-241,-310,-336,-320,-266,-395,-638
28777,mtk,MTK 7916,2776715772,rx2-tx0,512,0,0,0,0,0,0,0,0,0,0,0,0,0,0,0,0,0,0,0,0,0,0,0,0,0,0,0,0,0,0,0,0,0,0,0,0,0,0,0,0,0,0,0,0,0,0,0,0,0,0,0,0,0,0,0,0,0,0,0,0,0,0,0,0,0,0,0,0,0,0,0,0,0,0,0,0,0,0,0,0,0,0,0,0,0,0,0,0,0,0,0,0,0,0,0,0,0,0,0,0,0,0,0,0,0,0,0,0,0,0,0,0,0,0,0,0,0,0,0,0,0,0,0,0,0,0,0,0,0,0,0,0,0,0,0,0,0,0,0,0,0,0,0,0,0,0,0,0,0,0,0,0,0,0,0,0,0,0,0,0,0,0,0,0,0,0,0,0,0,0,0,0,0,0,0,0,0,0,0,0,0,0,0,0,0,0,0,0,0,0,0,0,0,0,0,0,0,0,0,0,0,0,0,0,0,0,0,0,0,0,0,0,0,0,0,0,0,0,0,0,0,0,0,0,0,0,0,0,0,0,0,0,0,0,0,0,0,0,0,0,0,0,0,0,0,0,0,0,0,0,0,0,0,0,0,0,-136,1140,988,58,64,64,56,44,21,-8,-37,-63,-85,-96,-96,-84,-58,-19,26,74,108,124,127,114,78,20,-44,-102,-158,-188,-185,-151,-90,-4,71,141,209,250,235,165,70,-33,-140,-230,-274,-273,-221,-127,-2,122,225,296,313,267,163,33,-108,-246,-332,-345,-289,-174,-23,133,268,353,366,305,180,16,-155,-304,-391,-395,-323,-177,10,197,346,436,435,340,161,-50,-243,-400,-480,-458,-345,-163,59,269,428,509,488,367,170,-65,-285,-441,-514,-483,-356,-163,67,280,436,501,463,332,136,-85,-285,-425,-478,-431,-297,-102,110,300,416,449,387,247,54,-150,-320,-421,0,-360,-208,-13,184,342,426,425,339,182,-17,-211,-362,-441,-435,-338,-170,28,219,371,453,441,344,180,-17,-214,-367,-456,-462,-376,-215,-19,180,352,454,472,400,259,75,-124,-303,-427,-473,-433,-313,-145,51,236,373,442,438,354,210,27,-157,-307,-400,-425,-370,-246,-88,86,239,342,380,350,256,124,-32,-184,-295,-345,-332,-258,-131,19,153,258,317,314,247,136,-2,-140,-246,-305,-304,-242,-134,-5,129,241,307,309,257,163,34,-106,-226,-301,-324,-289,-205,-79,62,183,274,320,310,250,150,19,-116,-228,-304,-333,-312,-250,-152,-31,91,195,270,312,316,289,1085,1177,0,0,0,0,0,0,0,0,0,0,0,0,0,0,0,0,0,0,0,0,0,0,0,0,0,0,0,0,0,0,0,0,0,0,0,0,0,0,0,0,0,0,0,0,0,0,0,0,0,0,0,0,0,0,0,0,0,0,0,0,0,0,0,0,0,0,0,0,0,0,0,0,0,0,0,0,0,0,0,0,0,0,0,0,0,0,0,0,0,0,0,0,0,0,0,0,0,0,0,0,0,0,0,0,0,0,0,0,0,0,0,0,0,0,0,0,0,0,0,0,0,0,0,0,0,0,0,0,0,0,0,0,0,0,0,0,0,0,0,0,0,0,0,0,0,0,0,0,0,0,0,0,0,0,0,0,0,0,0,0,0,0,0,0,0,0,0,0,0,0,0,0,0,0,0,0,0,0,0,0,0,0,0,0,0,0,0,0,0,0,0,0,0,0,0,0,0,0,0,0,0,0,0,0,0,0,0,0,0,0,0,0,0,0,0,0,0,0,0,0,0,0,0,0,0,0,0,0,0,0,0,0,0,0,0,0,0,0,0,0,0,0,0,0,0,0,0,0,0,0,0,0,0,0,0,0,1335,-382,-653,1,14,31,50,69,82,87,81,63,38,6,-28,-60,-90,-110,-111,-101,-76,-25,32,80,121,151,158,134,79,17,-51,-121,-180,-208,-198,-154,-85,1,100,185,251,265,230,155,51,-77,-192,-276,-303,-278,-198,-70,68,188,278,324,308,229,100,-56,-197,-302,-359,-341,-248,-103,65,223,337,390,364,255,93,-90,-258,-376,-418,-377,-260,-78,129,312,428,458,396,255,61,-162,-352,-468,-496,-428,-267,-51,175,366,486,514,441,272,46,-177,-369,-485,-507,-427,-259,-43,181,368,478,481,389,222,12,-202,-367,-456,-447,-344,-171,36,230,378,442,420,309,128,0,-256,-390,-442,-400,-276,-98,95,277,401,444,396,264,73,-130,-305,-425,-458,-404,-267,-75,128,302,422,465,414,285,101,-101,-287,-420,-474,-438,-318,-143,58,249,393,462,453,362,201,6,-185,-342,-442,-463,-400,-259,-78,117,282,393,439,407,298,141,-34,-204,-334,-396,-388,-313,-186,-27,139,268,343,355,310,204,55,-96,-226,-310,-340,-301,-202,-64,76,203,292,318,284,195,68,-72,-195,-282,-311,-284,-205,-87,53,182,275,315,300,230,119,-9,-143,-256,-319,-321,-268,-169,-46,86,211,300,332,308,242,139,8,-125,-231,-309,-350,-339,-285,-207,-115,-20,83,555,254
28778,mtk,MTK 7916,2776715772,rx2-tx1,512,0,0,0,0,0,0,0,0,0,0,0,0,0,0,0,0,0,0,0,0,0,0,0,0,0,0,0,0,0,0,0,0,0,0,0,0,0,0,0,0,0,0,0,0,0,0,0,0,0,0,0,0,0,0,0,0,0,0,0,0,0,0,0,0,0,0,0,0,0,0,0,0,0,0,0,0,0,0,0,0,0,0,0,0,0,0,0,0,0,0,0,0,0,0,0,0,0,0,0,0,0,0,0,0,0,0,0,0,0,0,0,0,0,0,0,0,0,0,0,0,0,0,0,0,0,0,0,0,0,0,0,0,0,0,0,0,0,0,0,0,0,0,0,0,0,0,0,0,0,0,0,0,0,0,0,0,0,0,0,0,0,0,0,0,0,0,0,0,0,0,0,0,0,0,0,0,0,0,0,0,0,0,0,0,0,0,0,0,0,0,0,0,0,0,0,0,0,0,0,0,0,0,0,0,0,0,0,0,0,0,0,0,0,0,0,0,0,0,0,0,0,0,0,0,0,0,0,0,0,0,0,0,0,0,0,0,0,0,0,0,0,0,0,0,0,0,0,0,0,0,0,0,0,0,0,0,236,-961,-846,41,45,47,42,24,4,-21,-42,-51,-50,-36,-27,-19,-2,27,43,57,45,20,-8,-22,-30,-36,-42,-46,-17,11,36,67,93,88,53,9,-26,-58,-86,-112,-127,-102,-54,18,80,137,159,145,101,24,-77,-158,-208,-208,-175,-87,20,90,155,235,254,199,102,-16,-136,-244,-295,-286,-229,-114,35,185,300,363,351,263,104,-74,-235,-355,-403,-374,-264,-96,96,273,395,434,391,259,70,-132,-305,-429,-466,-399,-251,-54,154,331,448,472,391,234,33,-165,-339,-443,-448,-361,-203,-7,184,334,411,398,302,144,-42,-205,-324,-381,-350,-231,-73,92,236,326,0,280,162,-2,-166,-280,-326,-299,-215,-76,76,207,298,329,277,155,2,-154,-277,-335,-318,-235,-103,53,202,309,353,317,214,74,-92,-235,-324,-347,-301,-186,-38,113,239,315,316,253,145,6,-131,-232,-283,-275,-207,-102,18,126,205,239,211,142,56,-45,-130,-172,-182,-152,-75,13,83,137,158,138,89,17,-56,-111,-144,-142,-104,-36,37,91,127,149,133,82,14,-54,-119,-153,-147,-113,-67,2,72,119,142,138,106,47,-19,-80,-120,-138,-132,-98,-40,17,62,99,115,106,74,34,-15,-64,-102,-113,-103,-75,-37,9,55,95,120,124,104,71,36,-1,-901,-992,0,0,0,0,0,0,0,0,0,0,0,0,0,0,0,0,0,0,0,0,0,0,0,0,0,0,0,0,0,0,0,0,0,0,0,0,0,0,0,0,0,0,0,0,0,0,0,0,0,0,0,0,0,0,0,0,0,0,0,0,0,0,0,0,0,0,0,0,0,0,0,0,0,0,0,0,0,0,0,0,0,0,0,0,0,0,0,0,0,0,0,0,0,0,0,0,0,0,0,0,0,0,0,0,0,0,0,0,0,0,0,0,0,0,0,0,0,0,0,0,0,0,0,0,0,0,0,0,0,0,0,0,0,0,0,0,0,0,0,0,0,0,0,0,0,0,0,0,0,0,0,0,0,0,0,0,0,0,0,0,0,0,0,0,0,0,0,0,0,0,0,0,0,0,0,0,0,0,0,0,0,0,0,0,0,0,0,0,0,0,0,0,0,0,0,0,0,0,0,0,0,0,0,0,0,0,0,0,0,0,0,0,0,0,0,0,0,0,0,0,0,0,0,0,0,0,0,0,0,0,0,0,0,0,0,0,0,0,0,0,0,0,0,0,0,0,0,0,0,0,0,0,0,0,0,0,-351,325,559,2,13,27,39,51,54,47,43,28,4,-16,-36,-44,-53,-42,-21,3,13,39,53,46,33,14,-22,-55,-79,-84,-66,-43,-20,31,78,97,101,92,68,2,-65,-120,-129,-122,-110,-55,19,84,140,165,164,140,79,-28,-138,-215,-227,-202,-141,-57,66,179,252,278,251,159,35,-99,-221,-311,-334,-283,-178,-29,138,278,363,379,319,188,13,-179,-334,-423,-414,-329,-182,13,211,371,452,432,325,162,-36,-234,-384,-466,-450,-336,-155,56,254,399,463,425,304,133,-79,-270,-394,-437,-396,-265,-84,104,266,375,396,329,195,24,-148,-281,-350,-347,-264,-125,0,200,300,330,290,179,27,-122,-243,-313,-321,-247,-116,35,178,285,326,295,197,50,-109,-242,-324,-337,-280,-168,-8,156,285,344,333,259,122,-37,-179,-285,-342,-323,-236,-102,54,190,276,304,272,185,64,-65,-175,-243,-256,-214,-124,-22,73,151,196,200,152,70,-26,-112,-160,-164,-139,-87,-13,73,123,143,134,94,28,-45,-105,-142,-148,-118,-65,4,73,124,148,141,102,38,-34,-98,-135,-148,-131,-85,-23,43,102,136,144,120,75,16,-45,-100,-127,-131,-110,-67,-11,44,81,104,113,100,58,4,-45,-85,-109,-118,-105,-74,-32,21,67,93,106,115,-447,-196
28779,mtk,MTK 7916,2776774713,rx0-tx0,512,0,0,0,0,0,0,0,0,0,0,0,0,0,0,0,0,0,0,0,0,0,0,0,0,0,0,0,0,0,0,0,0,0,0,0,0,0,0,0,0,0,0,0,0,0,0,0,0,0,0,0,0,0,0,0,0,0,0,0,0,0,0,0,0,0,0,0,0,0,0,0,0,0,0,0,0,0,0,0,0,0,0,0,0,0,0,0,0,0,0,0,0,0,0,0,0,0,0,0,0,0,0,0,0,0,0,0,0,0,0,0,0,0,0,0,0,0,0,0,0,0,0,0,0,0,0,0,0,0,0,0,0,0,0,0,0,0,0,0,0,0,0,0,0,0,0,0,0,0,0,0,0,0,0,0,0,0,0,0,0,0,0,0,0,0,0,0,0,0,0,0,0,0,0,0,0,0,0,0,0,0,0,0,0,0,0,0,0,0,0,0,0,0,0,0,0,0,0,0,0,0,0,0,0,0,0,0,0,0,0,0,0,0,0,0,0,0,0,0,0,0,0,0,0,0,0,0,0,0,0,0,0,0,0,0,0,0,0,0,0,0,0,0,0,0,0,0,0,0,0,0,0,0,0,0,0,-273,-721,-858,-199,-145,-39,90,212,305,354,363,329,268,184,71,-40,-155,-265,-355,-426,-465,-468,-440,-382,-284,-161,-27,122,275,418,533,612,650,633,579,486,354,187,8,-174,-339,-495,-617,-690,-730,-730,-676,-593,-477,-315,-151,26,214,378,537,663,746,799,816,780,700,581,430,248,40,-169,-372,-558,-714,-834,-912,-949,-918,-828,-696,-519,-311,-82,151,368,574,752,892,965,990,956,861,734,556,351,128,-105,-313,-507,-682,-813,-893,-927,-909,-834,-732,-583,-410,-226,-40,159,347,499,627,727,792,820,808,748,660,544,399,236,64,-108,-282,-440,-578,-683,-765,-803,-804,-774,-1687,-589,-437,-275,-99,85,271,436,587,708,794,836,843,805,727,609,465,302,120,-68,-259,-431,-589,-719,-818,-878,-894,-874,-813,-705,-564,-391,-192,21,243,452,659,835,962,1042,1081,1061,971,816,619,384,121,-158,-445,-703,-926,-1092,-1201,-1243,-1218,-1115,-929,-698,-427,-126,186,485,752,973,1138,1235,1256,1195,1066,877,642,371,72,-224,-505,-749,-951,-1088,-1167,-1165,-1098,-972,-785,-552,-284,-1,281,542,768,948,1059,1092,1067,977,813,592,342,69,-203,-456,-674,-840,-942,-977,-951,-856,-701,-498,-271,-30,211,438,628,778,870,893,851,729,540,283,-20,-331,-618,-811,-865,-792,-64,-303,0,0,0,0,0,0,0,0,0,0,0,0,0,0,0,0,0,0,0,0,0,0,0,0,0,0,0,0,0,0,0,0,0,0,0,0,0,0,0,0,0,0,0,0,0,0,0,0,0,0,0,0,0,0,0,0,0,0,0,0,0,0,0,0,0,0,0,0,0,0,0,0,0,0,0,0,0,0,0,0,0,0,0,0,0,0,0,0,0,0,0,0,0,0,0,0,0,0,0,0,0,0,0,0,0,0,0,0,0,0,0,0,0,0,0,0,0,0,0,0,0,0,0,0,0,0,0,0,0,0,0,0,0,0,0,0,0,0,0,0,0,0,0,0,0,0,0,0,0,0,0,0,0,0,0,0,0,0,0,0,0,0,0,0,0,0,0,0,0,0,0,0,0,0,0,0,0,0,0,0,0,0,0,0,0,0,0,0,0,0,0,0,0,0,0,0,0,0,0,0,0,0,0,0,0,0,0,0,0,0,0,0,0,0,0,0,0,0,0,0,0,0,0,0,0,0,0,0,0,0,0,0,0,0,0,0,0,0,0,0,0,0,0,0,0,0,0,0,0,0,0,0,0,0,0,0,-1322,-637,-427,135,233,301,314,273,182,66,-57,-175,-269,-348,-392,-405,-389,-342,-264,-163,-43,85,211,333,442,515,556,561,518,434,318,178,11,-163,-326,-474,-595,-677,-706,-690,-633,-531,-387,-227,-59,119,293,447,588,689,739,767,746,680,584,440,277,107,-83,-276,-457,-613,-743,-835,-876,-870,-818,-715,-568,-385,-180,43,278,482,665,816,919,973,960,905,795,644,442,216,-15,-258,-469,-655,-813,-910,-967,-962,-900,-804,-659,-480,-277,-65,158,355,524,672,773,831,855,844,777,674,543,387,216,38,-144,-316,-461,-593,-703,-770,-795,-792,-749,-671,-555,-418,-264,-90,88,266,-175,584,699,778,824,830,791,709,598,455,287,106,-83,-274,-441,-594,-712,-800,-852,-859,-822,-747,-644,-508,-345,-154,43,239,425,599,747,867,943,975,955,899,791,621,414,191,-53,-309,-562,-784,-959,-1091,-1163,-1175,-1123,-993,-801,-559,-281,14,315,606,854,1051,1194,1268,1258,1170,1016,803,543,250,-60,-361,-636,-867,-1048,-1169,-1216,-1186,-1091,-936,-723,-468,-186,105,375,629,841,1006,1106,1135,1098,987,822,596,330,52,-220,-484,-716,-890,-1001,-1046,-1017,-925,-768,-561,-314,-56,200,440,642,793,885,917,887,792,640,446,209,-42,-301,-545,-743,-883,-929,-870,-694,-406,-66,219,-959,-905
28780,mtk,MTK 7916,2776774713,rx0-tx1,512,0,0,0,0,0,0,0,0,0,0,0,0,0,0,0,0,0,0,0,0,0,0,0,0,0,0,0,0,0,0,0,0,0,0,0,0,0,0,0,0,0,0,0,0,0,0,0,0,0,0,0,0,0,0,0,0,0,0,0,0,0,0,0,0,0,0,0,0,0,0,0,0,0,0,0,0,0,0,0,0,0,0,0,0,0,0,0,0,0,0,0,0,0,0,0,0,0,0,0,0,0,0,0,0,0,0,0,0,0,0,0,0,0,0,0,0,0,0,0,0,0,0,0,0,0,0,0,0,0,0,0,0,0,0,0,0,0,0,0,0,0,0,0,0,0,0,0,0,0,0,0,0,0,0,0,0,0,0,0,0,0,0,0,0,0,0,0,0,0,0,0,0,0,0,0,0,0,0,0,0,0,0,0,0,0,0,0,0,0,0,0,0,0,0,0,0,0,0,0,0,0,0,0,0,0,0,0,0,0,0,0,0,0,0,0,0,0,0,0,0,0,0,0,0,0,0,0,0,0,0,0,0,0,0,0,0,0,0,0,0,0,0,0,0,0,0,0,0,0,0,0,0,0,0,0,0,-730,224,172,28,-89,-219,-318,-370,-359,-296,-198,-72,56,181,292,383,446,472,466,425,345,235,102,-49,-204,-354,-483,-585,-644,-662,-641,-568,-447,-292,-115,75,268,464,626,748,830,863,839,760,632,460,247,25,-215,-457,-654,-831,-963,-1031,-1046,-995,-876,-724,-514,-266,5,278,533,772,962,1096,1172,1191,1131,1003,830,601,326,41,-253,-535,-795,-1017,-1177,-1270,-1301,-1273,-1159,-974,-743,-457,-149,159,486,768,1015,1218,1337,1396,1380,1285,1109,880,599,273,-53,-390,-702,-972,-1188,-1348,-1430,-1431,-1349,-1197,-981,-713,-398,-67,260,585,870,1112,1283,1386,1419,1375,1250,1067,834,547,239,-84,-546,-704,-959,-1154,-1305,-1391,-1394,-1321,-1187,-993,-737,-453,-147,174,479,773,1022,1221,1355,1421,1406,1318,1173,961,684,361,30,-313,-637,-930,-1174,-1356,-1449,-1472,-1414,-1285,-1081,-804,-494,-161,181,508,822,1075,1259,1378,1414,1382,1282,1103,865,587,283,-37,-345,-630,-882,-1080,-1228,-1308,-1310,-1249,-1125,-944,-709,-437,-144,160,453,730,969,1149,1266,1311,1283,1181,1004,764,484,161,-166,-483,-780,-1019,-1197,-1301,-1319,-1247,-1094,-868,-577,-255,77,404,704,945,1108,1194,1194,1107,940,713,437,139,-151,-420,-651,-824,-932,-973,-946,-849,-696,-496,-258,-7,257,502,703,853,909,862,705,440,117,-158,302,286,0,0,0,0,0,0,0,0,0,0,0,0,0,0,0,0,0,0,0,0,0,0,0,0,0,0,0,0,0,0,0,0,0,0,0,0,0,0,0,0,0,0,0,0,0,0,0,0,0,0,0,0,0,0,0,0,0,0,0,0,0,0,0,0,0,0,0,0,0,0,0,0,0,0,0,0,0,0,0,0,0,0,0,0,0,0,0,0,0,0,0,0,0,0,0,0,0,0,0,0,0,0,0,0,0,0,0,0,0,0,0,0,0,0,0,0,0,0,0,0,0,0,0,0,0,0,0,0,0,0,0,0,0,0,0,0,0,0,0,0,0,0,0,0,0,0,0,0,0,0,0,0,0,0,0,0,0,0,0,0,0,0,0,0,0,0,0,0,0,0,0,0,0,0,0,0,0,0,0,0,0,0,0,0,0,0,0,0,0,0,0,0,0,0,0,0,0,0,0,0,0,0,0,0,0,0,0,0,0,0,0,0,0,0,0,0,0,0,0,0,0,0,0,0,0,0,0,0,0,0,0,0,0,0,0,0,0,0,0,0,0,0,0,0,0,0,0,0,0,0,0,0,0,0,0,0,-128,-207,-249,-251,-275,-236,-138,-6,138,256,349,401,412,388,324,235,119,-8,-138,-270,-387,-477,-540,-563,-547,-488,-389,-254,-92,78,255,425,571,674,741,762,738,661,524,357,166,-50,-268,-476,-657,-807,-903,-953,-956,-877,-745,-579,-365,-123,132,392,621,815,980,1085,1130,1102,1017,867,660,413,146,-133,-417,-669,-893,-1082,-1205,-1251,-1234,-1147,-997,-789,-527,-247,48,351,653,908,1119,1270,1342,1357,1289,1137,937,671,372,55,-275,-592,-879,-1112,-1297,-1403,-1432,-1385,-1253,-1050,-804,-501,-168,167,497,794,1056,1260,1387,1434,1417,1314,1144,914,623,315,-21,-347,-655,-917,-1138,-1294,-1380,-1409,1197,-1219,-1010,-768,-491,-181,142,447,730,984,1184,1313,1391,1388,1318,1171,965,709,415,100,-232,-541,-835,-1091,-1286,-1407,-1453,-1430,-1324,-1140,-895,-598,-268,68,413,730,1014,1233,1375,1449,1445,1366,1207,968,693,381,55,-268,-589,-866,-1092,-1247,-1341,-1364,-1309,-1193,-1006,-775,-509,-211,90,384,657,898,1095,1229,1298,1291,1218,1082,881,629,332,22,-294,-589,-861,-1079,-1237,-1319,-1312,-1236,-1079,-848,-569,-249,90,428,726,982,1168,1262,1280,1209,1052,817,530,215,-112,-420,-685,-894,-1036,-1094,-1071,-975,-808,-591,-346,-85,176,419,620,778,877,908,874,755,574,331,37,-263,-545,-745,-815,-765,-15,-89
28781,mtk,MTK 7916,2776774713,rx1-tx0,512,0,0,0,0,0,0,0,0,0,0,0,0,0,0,0,0,0,0,0,0,0,0,0,0,0,0,0,0,0,0,0,0,0,0,0,0,0,0,0,0,0,0,0,0,0,0,0,0,0,0,0,0,0,0,0,0,0,0,0,0,0,0,0,0,0,0,0,0,0,0,0,0,0,0,0,0,0,0,0,0,0,0,0,0,0,0,0,0,0,0,0,0,0,0,0,0,0,0,0,0,0,0,0,0,0,0,0,0,0,0,0,0,0,0,0,0,0,0,0,0,0,0,0,0,0,0,0,0,0,0,0,0,0,0,0,0,0,0,0,0,0,0,0,0,0,0,0,0,0,0,0,0,0,0,0,0,0,0,0,0,0,0,0,0,0,0,0,0,0,0,0,0,0,0,0,0,0,0,0,0,0,0,0,0,0,0,0,0,0,0,0,0,0,0,0,0,0,0,0,0,0,0,0,0,0,0,0,0,0,0,0,0,0,0,0,0,0,0,0,0,0,0,0,0,0,0,0,0,0,0,0,0,0,0,0,0,0,0,0,0,0,0,0,0,0,0,0,0,0,0,0,0,0,0,0,0,146,-951,-815,131,150,135,86,14,-71,-133,-179,-200,-201,-174,-124,-68,0,63,118,171,206,214,204,178,141,90,25,-43,-104,-148,-180,-197,-199,-182,-150,-111,-66,-10,39,80,111,134,141,137,120,85,54,22,-5,-29,-47,-56,-55,-47,-29,-10,5,18,29,40,43,36,23,-1,-30,-61,-87,-108,-124,-135,-138,-117,-90,-53,-2,51,108,170,217,249,271,273,252,209,146,69,-19,-110,-199,-277,-343,-380,-382,-368,-326,-258,-167,-66,46,155,246,326,384,413,417,391,341,272,182,82,-21,-123,-222,-304,-362,-400,-406,-394,-359,-304,-229,-138,-38,51,145,233,301,357,-144,386,362,329,273,200,112,22,-70,-157,-234,-288,-332,-355,-350,-335,-287,-229,-159,-80,-3,71,147,208,256,293,305,297,280,249,207,148,79,14,-55,-115,-171,-213,-243,-258,-260,-250,-230,-195,-147,-97,-38,18,77,131,174,204,228,239,233,215,189,145,95,41,-12,-63,-108,-155,-184,-201,-212,-205,-189,-167,-132,-84,-39,3,54,96,131,156,175,197,189,174,149,109,73,27,-22,-69,-108,-145,-174,-188,-193,-183,-154,-119,-72,-26,29,84,119,151,176,186,177,148,111,68,22,-29,-80,-122,-146,-155,-154,-142,-113,-71,-24,26,67,105,129,127,108,89,-1008,-1060,0,0,0,0,0,0,0,0,0,0,0,0,0,0,0,0,0,0,0,0,0,0,0,0,0,0,0,0,0,0,0,0,0,0,0,0,0,0,0,0,0,0,0,0,0,0,0,0,0,0,0,0,0,0,0,0,0,0,0,0,0,0,0,0,0,0,0,0,0,0,0,0,0,0,0,0,0,0,0,0,0,0,0,0,0,0,0,0,0,0,0,0,0,0,0,0,0,0,0,0,0,0,0,0,0,0,0,0,0,0,0,0,0,0,0,0,0,0,0,0,0,0,0,0,0,0,0,0,0,0,0,0,0,0,0,0,0,0,0,0,0,0,0,0,0,0,0,0,0,0,0,0,0,0,0,0,0,0,0,0,0,0,0,0,0,0,0,0,0,0,0,0,0,0,0,0,0,0,0,0,0,0,0,0,0,0,0,0,0,0,0,0,0,0,0,0,0,0,0,0,0,0,0,0,0,0,0,0,0,0,0,0,0,0,0,0,0,0,0,0,0,0,0,0,0,0,0,0,0,0,0,0,0,0,0,0,0,0,0,0,0,0,0,0,0,0,0,0,0,0,0,0,0,0,0,0,206,438,656,35,-30,-103,-161,-193,-184,-144,-90,-23,47,115,165,197,210,198,174,132,69,6,-56,-111,-157,-196,-214,-212,-186,-146,-97,-44,16,72,116,147,166,174,161,136,107,70,29,-8,-52,-81,-93,-97,-90,-74,-57,-38,-15,7,33,39,33,19,7,-4,-21,-42,-60,-78,-85,-79,-62,-35,-9,20,64,111,146,177,197,202,199,173,120,63,1,-75,-153,-221,-279,-315,-333,-330,-300,-243,-163,-65,31,129,230,316,373,408,416,391,338,263,170,65,-42,-149,-245,-321,-379,-412,-416,-398,-355,-287,-210,-109,-7,92,181,262,328,371,387,384,370,321,250,168,147,-19,-107,-189,-263,-323,-360,-375,-370,-338,-285,-219,-148,-52,36,125,201,254,298,326,332,323,293,243,189,121,43,-27,-95,-153,-210,-254,-279,-287,-278,-253,-222,-176,-123,-57,9,66,120,172,205,229,244,243,232,201,158,117,70,15,-38,-90,-142,-186,-210,-222,-221,-209,-191,-155,-111,-68,-15,37,86,124,159,180,185,192,186,164,137,104,71,23,-32,-76,-118,-148,-173,-190,-192,-177,-154,-121,-78,-28,18,71,118,152,174,182,187,168,138,102,55,0,-54,-98,-136,-159,-172,-167,-149,-118,-72,-26,22,66,107,131,143,140,119,92,46,-10,-49,-78,-357,-91
28782,mtk,MTK 7916,2776774713,rx1-tx1,512,0,0,0,0,0,0,0,0,0,0,0,0,0,0,0,0,0,0,0,0,0,0,0,0,0,0,0,0,0,0,0,0,0,0,0,0,0,0,0,0,0,0,0,0,0,0,0,0,0,0,0,0,0,0,0,0,0,0,0,0,0,0,0,0,0,0,0,0,0,0,0,0,0,0,0,0,0,0,0,0,0,0,0,0,0,0,0,0,0,0,0,0,0,0,0,0,0,0,0,0,0,0,0,0,0,0,0,0,0,0,0,0,0,0,0,0,0,0,0,0,0,0,0,0,0,0,0,0,0,0,0,0,0,0,0,0,0,0,0,0,0,0,0,0,0,0,0,0,0,0,0,0,0,0,0,0,0,0,0,0,0,0,0,0,0,0,0,0,0,0,0,0,0,0,0,0,0,0,0,0,0,0,0,0,0,0,0,0,0,0,0,0,0,0,0,0,0,0,0,0,0,0,0,0,0,0,0,0,0,0,0,0,0,0,0,0,0,0,0,0,0,0,0,0,0,0,0,0,0,0,0,0,0,0,0,0,0,0,0,0,0,0,0,0,0,0,0,0,0,0,0,0,0,0,0,0,-411,446,181,18,23,29,31,29,23,12,-2,-15,-28,-39,-44,-39,-23,-2,21,41,53,53,42,21,-5,-35,-57,-66,-60,-38,-6,25,53,75,79,59,24,-12,-48,-76,-84,-70,-41,0,42,76,88,76,49,4,-41,-77,-88,-81,-48,-7,36,70,86,74,47,6,-35,-72,-85,-70,-38,0,41,73,81,61,23,-24,-62,-80,-76,-51,-13,28,62,79,69,37,-1,-41,-73,-83,-63,-23,24,64,82,73,48,4,-48,-83,-96,-85,-45,14,66,104,111,83,27,-37,-93,-131,-131,-89,-21,51,118,158,147,101,31,-58,-131,-171,-167,-118,-37,53,134,186,0,137,52,-48,-137,-188,-193,-154,-73,29,115,174,194,162,93,5,-86,-155,-173,-153,-106,-35,43,109,144,145,112,61,3,-58,-101,-119,-114,-90,-45,6,51,87,102,99,79,43,-3,-49,-85,-107,-104,-78,-36,14,63,103,126,117,77,13,-59,-118,-150,-146,-101,-28,54,127,172,175,132,49,-54,-149,-206,-213,-163,-64,58,171,239,247,193,90,-43,-169,-256,-280,-234,-126,11,148,255,300,269,172,31,-114,-235,-297,-279,-195,-73,70,194,269,274,213,102,-31,-154,-231,-252,-207,-113,8,125,215,254,231,150,34,-92,-197,-266,-285,-250,-173,-78,34,993,874,0,0,0,0,0,0,0,0,0,0,0,0,0,0,0,0,0,0,0,0,0,0,0,0,0,0,0,0,0,0,0,0,0,0,0,0,0,0,0,0,0,0,0,0,0,0,0,0,0,0,0,0,0,0,0,0,0,0,0,0,0,0,0,0,0,0,0,0,0,0,0,0,0,0,0,0,0,0,0,0,0,0,0,0,0,0,0,0,0,0,0,0,0,0,0,0,0,0,0,0,0,0,0,0,0,0,0,0,0,0,0,0,0,0,0,0,0,0,0,0,0,0,0,0,0,0,0,0,0,0,0,0,0,0,0,0,0,0,0,0,0,0,0,0,0,0,0,0,0,0,0,0,0,0,0,0,0,0,0,0,0,0,0,0,0,0,0,0,0,0,0,0,0,0,0,0,0,0,0,0,0,0,0,0,0,0,0,0,0,0,0,0,0,0,0,0,0,0,0,0,0,0,0,0,0,0,0,0,0,0,0,0,0,0,0,0,0,0,0,0,0,0,0,0,0,0,0,0,0,0,0,0,0,0,0,0,0,0,0,0,0,0,0,0,0,0,0,0,0,0,0,0,0,0,0,0,-92,-1003,-1091,-10,-9,-5,5,18,31,38,39,33,25,12,-8,-25,-37,-47,-47,-34,-11,13,37,55,60,50,29,2,-30,-57,-70,-68,-51,-21,16,53,76,81,64,30,-9,-48,-78,-88,-74,-40,-1,40,73,86,77,50,9,-35,-70,-87,-78,-45,-2,39,71,85,75,41,-6,-46,-70,-78,-62,-28,14,51,76,81,61,18,-28,-63,-79,-75,-49,-6,35,60,74,68,35,-10,-50,-76,-80,-61,-15,33,70,87,81,48,0,-55,-96,-102,-78,-36,25,82,117,118,88,31,-39,-108,-142,-135,-93,-22,62,128,160,155,109,32,-60,-143,-185,-176,-124,-44,0,144,192,193,145,61,-39,-130,-188,-200,-161,-80,18,108,168,188,162,98,15,-66,-128,-164,-155,-110,-47,17,78,124,139,120,78,27,-29,-73,-98,-107,-91,-60,-18,25,62,91,104,93,64,21,-32,-76,-110,-120,-103,-60,-5,55,108,133,126,87,25,-54,-128,-167,-160,-114,-37,56,137,190,189,139,50,-59,-163,-230,-235,-180,-77,51,167,246,265,214,108,-27,-162,-261,-291,-246,-144,-7,138,249,299,278,189,49,-99,-215,-281,-281,-214,-92,50,170,246,263,210,104,-20,-138,-221,-247,-212,-129,-11,112,213,265,258,193,86,-35,-143,-219,-254,-251,-395,-638
28783,mtk,MTK 7916,2776774713,rx2-tx0,512,0,0,0,0,0,0,0,0,0,0,0,0,0,0,0,0,0,0,0,0,0,0,0,0,0,0,0,0,0,0,0,0,0,0,0,0,0,0,0,0,0,0,0,0,0,0,0,0,0,0,0,0,0,0,0,0,0,0,0,0,0,0,0,0,0,0,0,0,0,0,0,0,0,0,0,0,0,0,0,0,0,0,0,0,0,0,0,0,0,0,0,0,0,0,0,0,0,0,0,0,0,0,0,0,0,0,0,0,0,0,0,0,0,0,0,0,0,0,0,0,0,0,0,0,0,0,0,0,0,0,0,0,0,0,0,0,0,0,0,0,0,0,0,0,0,0,0,0,0,0,0,0,0,0,0,0,0,0,0,0,0,0,0,0,0,0,0,0,0,0,0,0,0,0,0,0,0,0,0,0,0,0,0,0,0,0,0,0,0,0,0,0,0,0,0,0,0,0,0,0,0,0,0,0,0,0,0,0,0,0,0,0,0,0,0,0,0,0,0,0,0,0,0,0,0,0,0,0,0,0,0,0,0,0,0,0,0,0,0,0,0,0,0,0,0,0,0,0,0,0,0,0,0,0,0,0,-136,1140,988,48,38,24,3,-25,-51,-74,-88,-87,-71,-42,-2,42,79,107,113,92,49,-6,-64,-117,-149,-149,-114,-50,29,111,175,202,180,114,19,-87,-183,-241,-239,-184,-80,50,174,261,288,244,140,-6,-161,-279,-326,-292,-182,-24,145,282,345,318,206,40,-143,-297,-374,-348,-225,-41,155,311,390,360,230,37,-174,-345,-418,-377,-231,-21,198,368,444,399,239,7,-230,-408,-477,-418,-249,-4,250,433,499,437,257,-2,-255,-444,-511,-442,-254,-2,254,439,504,434,248,-4,-256,-433,-486,-411,-229,12,253,415,458,375,194,-43,-263,-407,-437,-347,-159,75,285,416,0,319,130,-96,-295,-418,-425,-313,-118,108,307,425,421,304,108,-114,-311,-424,-428,-322,-127,106,306,428,441,344,157,-72,-279,-416,-448,-369,-195,31,243,394,449,395,237,23,-191,-357,-437,-416,-297,-107,108,292,408,426,341,177,-18,-212,-358,-412,-364,-234,-50,143,298,378,369,269,107,-80,-240,-339,-351,-276,-137,35,197,306,335,277,154,-8,-164,-277,-316,-273,-166,-13,145,263,310,278,173,25,-131,-251,-308,-288,-193,-50,108,239,311,309,231,90,-70,-207,-298,-318,-261,-142,7,154,271,326,303,212,76,-80,-217,-312,-351,-319,-227,-101,34,151,233,282,1085,1177,0,0,0,0,0,0,0,0,0,0,0,0,0,0,0,0,0,0,0,0,0,0,0,0,0,0,0,0,0,0,0,0,0,0,0,0,0,0,0,0,0,0,0,0,0,0,0,0,0,0,0,0,0,0,0,0,0,0,0,0,0,0,0,0,0,0,0,0,0,0,0,0,0,0,0,0,0,0,0,0,0,0,0,0,0,0,0,0,0,0,0,0,0,0,0,0,0,0,0,0,0,0,0,0,0,0,0,0,0,0,0,0,0,0,0,0,0,0,0,0,0,0,0,0,0,0,0,0,0,0,0,0,0,0,0,0,0,0,0,0,0,0,0,0,0,0,0,0,0,0,0,0,0,0,0,0,0,0,0,0,0,0,0,0,0,0,0,0,0,0,0,0,0,0,0,0,0,0,0,0,0,0,0,0,0,0,0,0,0,0,0,0,0,0,0,0,0,0,0,0,0,0,0,0,0,0,0,0,0,0,0,0,0,0,0,0,0,0,0,0,0,0,0,0,0,0,0,0,0,0,0,0,0,0,0,0,0,0,0,0,0,0,0,0,0,0,0,0,0,0,0,0,0,0,0,0,1335,-382,-653,30,50,66,74,76,66,43,10,-26,-59,-87,-101,-93,-67,-26,24,75,113,128,116,78,20,-51,-119,-164,-174,-146,-80,9,102,178,220,213,151,53,-66,-179,-256,-269,-215,-110,27,164,265,306,268,157,6,-154,-280,-335,-306,-201,-37,144,288,360,337,222,42,-150,-304,-379,-354,-234,-45,164,332,406,372,235,30,-192,-362,-435,-391,-239,-16,218,390,463,412,244,5,-240,-422,-490,-429,-248,1,253,443,511,438,249,-2,-254,-448,-516,-442,-250,4,253,434,496,423,239,-7,-244,-413,-466,-391,-208,31,259,411,446,361,178,-52,-272,-411,-433,-337,-143,0,286,411,423,316,122,-100,-297,-414,-420,-311,-111,116,310,426,429,314,125,-103,-304,-424,-431,-326,-135,89,290,419,444,352,167,-57,-264,-410,-452,-380,-216,-2,215,378,446,409,269,70,-149,-329,-429,-425,-322,-143,66,250,377,419,358,210,14,-181,-330,-397,-368,-252,-75,114,270,359,364,277,124,-52,-211,-318,-345,-280,-146,19,178,287,320,273,155,0,-154,-267,-310,-273,-167,-21,132,256,310,279,181,37,-117,-243,-308,-295,-206,-67,86,222,306,315,243,114,-42,-190,-289,-324,-282,-176,-28,127,255,328,328,261,144,-6,-155,-271,-339,-349,-301,-216,-96,555,254
28784,mtk,MTK 7916,2776774713,rx2-tx1,512,0,0,0,0,0,0,0,0,0,0,0,0,0,0,0,0,0,0,0,0,0,0,0,0,0,0,0,0,0,0,0,0,0,0,0,0,0,0,0,0,0,0,0,0,0,0,0,0,0,0,0,0,0,0,0,0,0,0,0,0,0,0,0,0,0,0,0,0,0,0,0,0,0,0,0,0,0,0,0,0,0,0,0,0,0,0,0,0,0,0,0,0,0,0,0,0,0,0,0,0,0,0,0,0,0,0,0,0,0,0,0,0,0,0,0,0,0,0,0,0,0,0,0,0,0,0,0,0,0,0,0,0,0,0,0,0,0,0,0,0,0,0,0,0,0,0,0,0,0,0,0,0,0,0,0,0,0,0,0,0,0,0,0,0,0,0,0,0,0,0,0,0,0,0,0,0,0,0,0,0,0,0,0,0,0,0,0,0,0,0,0,0,0,0,0,0,0,0,0,0,0,0,0,0,0,0,0,0,0,0,0,0,0,0,0,0,0,0,0,0,0,0,0,0,0,0,0,0,0,0,0,0,0,0,0,0,0,0,0,0,0,0,0,0,0,0,0,0,0,0,0,0,0,0,0,0,236,-961,-846,35,30,17,-6,-31,-48,-57,-59,-49,-29,2,33,56,61,52,26,-6,-39,-64,-70,-58,-27,16,57,82,86,65,21,-39,-91,-117,-111,-83,-29,41,110,147,144,100,25,-63,-136,-178,-171,-115,-14,94,177,219,202,125,15,-114,-220,-263,-232,-131,15,167,275,315,268,142,-27,-191,-311,-353,-297,-147,49,233,359,393,323,158,-56,-258,-393,-433,-345,-151,82,287,425,453,360,165,-84,-311,-449,-468,-361,-154,98,323,458,464,342,128,-119,-333,-454,-448,-325,-115,128,327,431,421,292,81,-150,-322,-403,-375,-244,-39,167,309,356,309,172,-15,-191,-305,0,-262,-109,76,227,306,295,197,39,-132,-266,-318,-271,-145,18,184,299,321,243,100,-73,-234,-329,-325,-234,-76,110,263,343,324,216,51,-133,-273,-334,-310,-196,-27,141,265,318,283,168,17,-136,-247,-285,-234,-124,13,142,218,232,186,86,-38,-134,-190,-193,-133,-34,61,139,171,143,74,-11,-95,-151,-154,-106,-28,59,130,161,139,81,3,-81,-142,-156,-127,-61,21,95,143,152,122,53,-35,-108,-149,-156,-120,-45,38,104,143,150,117,50,-30,-93,-133,-135,-102,-40,30,85,116,125,93,34,-24,-76,-114,-125,-102,-57,0,59,104,122,116,94,50,-901,-992,0,0,0,0,0,0,0,0,0,0,0,0,0,0,0,0,0,0,0,0,0,0,0,0,0,0,0,0,0,0,0,0,0,0,0,0,0,0,0,0,0,0,0,0,0,0,0,0,0,0,0,0,0,0,0,0,0,0,0,0,0,0,0,0,0,0,0,0,0,0,0,0,0,0,0,0,0,0,0,0,0,0,0,0,0,0,0,0,0,0,0,0,0,0,0,0,0,0,0,0,0,0,0,0,0,0,0,0,0,0,0,0,0,0,0,0,0,0,0,0,0,0,0,0,0,0,0,0,0,0,0,0,0,0,0,0,0,0,0,0,0,0,0,0,0,0,0,0,0,0,0,0,0,0,0,0,0,0,0,0,0,0,0,0,0,0,0,0,0,0,0,0,0,0,0,0,0,0,0,0,0,0,0,0,0,0,0,0,0,0,0,0,0,0,0,0,0,0,0,0,0,0,0,0,0,0,0,0,0,0,0,0,0,0,0,0,0,0,0,0,0,0,0,0,0,0,0,0,0,0,0,0,0,0,0,0,0,0,0,0,0,0,0,0,0,0,0,0,0,0,0,0,0,0,0,0,-351,325,559,23,42,55,61,58,40,9,-20,-38,-53,-62,-53,-30,-3,29,55,65,54,28,-10,-50,-73,-76,-62,-26,25,71,100,103,79,28,-36,-97,-134,-136,-97,-31,54,127,163,153,107,25,-73,-155,-197,-184,-115,-11,103,195,238,214,128,7,-126,-243,-294,-252,-133,20,175,292,332,286,153,-33,-218,-346,-378,-303,-155,44,249,388,416,331,154,-67,-273,-413,-444,-355,-163,82,308,440,457,355,155,-89,-315,-460,-474,-354,-141,105,326,454,454,331,120,-121,-332,-446,-431,-303,-105,124,314,407,392,268,67,-151,-313,-385,-345,-209,-15,171,300,341,283,144,0,-207,-311,-312,-224,-72,102,242,310,287,174,6,-163,-280,-318,-266,-130,42,207,315,327,243,90,-93,-254,-340,-326,-228,-62,122,270,341,321,210,42,-135,-273,-329,-296,-182,-23,137,251,294,258,149,0,-143,-237,-261,-210,-100,30,136,200,209,159,64,-46,-136,-176,-162,-96,-1,90,143,154,122,53,-37,-113,-154,-144,-90,-8,74,132,158,138,73,-15,-91,-143,-159,-125,-54,33,108,152,156,115,44,-36,-109,-152,-152,-116,-49,32,104,143,140,103,42,-28,-90,-128,-132,-99,-42,23,78,114,118,98,51,-9,-70,-111,-128,-115,-75,-20,30,72,102,-447,-196
28785,mtk,MTK 7916,2776814563,rx0-tx0,512,0,0,0,0,0,0,0,0,0,0,0,0,0,0,0,0,0,0,0,0,0,0,0,0,0,0,0,0,0,0,0,0,0,0,0,0,0,0,0,0,0,0,0,0,0,0,0,0,0,0,0,0,0,0,0,0,0,0,0,0,0,0,0,0,0,0,0,0,0,0,0,0,0,0,0,0,0,0,0,0,0,0,0,0,0,0,0,0,0,0,0,0,0,0,0,0,0,0,0,0,0,0,0,0,0,0,0,0,0,0,0,0,0,0,0,0,0,0,0,0,0,0,0,0,0,0,0,0,0,0,0,0,0,0,0,0,0,0,0,0,0,0,0,0,0,0,0,0,0,0,0,0,0,0,0,0,0,0,0,0,0,0,0,0,0,0,0,0,0,0,0,0,0,0,0,0,0,0,0,0,0,0,0,0,0,0,0,0,0,0,0,0,0,0,0,0,0,0,0,0,0,0,0,0,0,0,0,0,0,0,0,0,0,0,0,0,0,0,0,0,0,0,0,0,0,0,0,0,0,0,0,0,0,0,0,0,0,0,0,0,0,0,0,0,0,0,0,0,0,0,0,0,0,0,0,0,-273,-1123,-1104,184,128,21,-110,-227,-303,-327,-303,-229,-127,-8,119,231,324,385,403,384,320,218,83,-71,-225,-361,-467,-539,-548,-499,-396,-246,-59,139,319,483,598,659,650,578,457,279,81,-129,-332,-498,-626,-704,-723,-672,-565,-415,-228,-20,197,404,577,706,790,804,746,623,452,229,-22,-271,-507,-707,-845,-911,-906,-823,-659,-443,-183,99,379,630,822,946,983,945,816,616,377,85,-198,-471,-709,-863,-959,-967,-892,-749,-539,-290,-20,243,485,677,809,879,876,805,672,492,278,41,-185,-390,-563,-703,-781,-786,-754,-666,-526,-348,-150,61,269,458,610,724,787,780,722,615,-1687,255,30,-189,-395,-580,-724,-805,-828,-791,-696,-535,-342,-115,119,346,547,706,813,861,844,766,637,456,233,-7,-257,-499,-706,-861,-954,-982,-924,-798,-599,-349,-60,245,533,785,987,1120,1155,1084,916,671,358,11,-346,-684,-960,-1156,-1252,-1242,-1127,-904,-585,-229,148,521,842,1082,1230,1274,1202,1021,756,423,59,-313,-644,-913,-1107,-1196,-1181,-1066,-860,-580,-253,99,439,731,966,1108,1152,1093,932,682,373,26,-322,-636,-881,-1041,-1101,-1051,-903,-671,-368,-35,293,590,825,967,1005,940,786,553,272,-31,-331,-589,-784,-896,-912,-827,-652,-385,-64,284,612,849,945,863,604,286,-880,-1002,0,0,0,0,0,0,0,0,0,0,0,0,0,0,0,0,0,0,0,0,0,0,0,0,0,0,0,0,0,0,0,0,0,0,0,0,0,0,0,0,0,0,0,0,0,0,0,0,0,0,0,0,0,0,0,0,0,0,0,0,0,0,0,0,0,0,0,0,0,0,0,0,0,0,0,0,0,0,0,0,0,0,0,0,0,0,0,0,0,0,0,0,0,0,0,0,0,0,0,0,0,0,0,0,0,0,0,0,0,0,0,0,0,0,0,0,0,0,0,0,0,0,0,0,0,0,0,0,0,0,0,0,0,0,0,0,0,0,0,0,0,0,0,0,0,0,0,0,0,0,0,0,0,0,0,0,0,0,0,0,0,0,0,0,0,0,0,0,0,0,0,0,0,0,0,0,0,0,0,0,0,0,0,0,0,0,0,0,0,0,0,0,0,0,0,0,0,0,0,0,0,0,0,0,0,0,0,0,0,0,0,0,0,0,0,0,0,0,0,0,0,0,0,0,0,0,0,0,0,0,0,0,0,0,0,0,0,0,0,0,0,0,0,0,0,0,0,0,0,0,0,0,0,0,0,0,-1322,-61,174,-113,-210,-273,-273,-211,-102,23,148,255,324,357,346,294,207,92,-35,-170,-292,-393,-456,-472,-440,-356,-235,-73,108,279,432,546,611,606,543,427,258,62,-150,-342,-510,-629,-683,-687,-622,-500,-333,-138,72,278,460,607,708,748,732,652,514,338,123,-110,-341,-543,-707,-823,-862,-830,-730,-556,-329,-75,189,450,680,848,949,965,896,750,534,277,-6,-292,-566,-774,-923,-994,-967,-876,-688,-456,-192,95,362,602,784,900,934,898,787,606,394,148,-100,-336,-538,-693,-800,-836,-805,-718,-583,-408,-192,24,226,424,589,701,767,780,732,629,479,306,98,-118,-326,-518,-175,-771,-811,-789,-713,-585,-400,-185,41,263,476,646,769,838,838,778,657,487,281,51,-186,-408,-604,-767,-865,-904,-879,-785,-629,-414,-171,100,371,617,831,980,1062,1046,944,765,523,222,-115,-448,-747,-988,-1153,-1216,-1183,-1039,-798,-489,-130,242,599,914,1135,1252,1269,1180,971,678,333,-46,-420,-752,-1014,-1181,-1244,-1197,-1041,-811,-508,-158,198,534,822,1032,1149,1167,1079,904,645,328,-15,-357,-668,-915,-1074,-1133,-1085,-933,-692,-387,-44,299,600,845,1006,1056,1002,854,618,322,1,-308,-580,-790,-914,-945,-876,-716,-487,-208,100,395,658,848,936,907,736,438,59,-335,-644,-782,-700,-499
28786,mtk,MTK 7916,2776814563,rx0-tx1,512,0,0,0,0,0,0,0,0,0,0,0,0,0,0,0,0,0,0,0,0,0,0,0,0,0,0,0,0,0,0,0,0,0,0,0,0,0,0,0,0,0,0,0,0,0,0,0,0,0,0,0,0,0,0,0,0,0,0,0,0,0,0,0,0,0,0,0,0,0,0,0,0,0,0,0,0,0,0,0,0,0,0,0,0,0,0,0,0,0,0,0,0,0,0,0,0,0,0,0,0,0,0,0,0,0,0,0,0,0,0,0,0,0,0,0,0,0,0,0,0,0,0,0,0,0,0,0,0,0,0,0,0,0,0,0,0,0,0,0,0,0,0,0,0,0,0,0,0,0,0,0,0,0,0,0,0,0,0,0,0,0,0,0,0,0,0,0,0,0,0,0,0,0,0,0,0,0,0,0,0,0,0,0,0,0,0,0,0,0,0,0,0,0,0,0,0,0,0,0,0,0,0,0,0,0,0,0,0,0,0,0,0,0,0,0,0,0,0,0,0,0,0,0,0,0,0,0,0,0,0,0,0,0,0,0,0,0,0,0,0,0,0,0,0,0,0,0,0,0,0,0,0,0,0,0,0,-730,366,296,-44,83,225,326,361,321,219,84,-73,-223,-349,-429,-459,-445,-375,-247,-98,79,262,417,538,613,622,557,432,251,31,-202,-421,-609,-737,-792,-772,-678,-507,-277,-23,248,505,710,859,936,924,820,647,410,121,-179,-475,-734,-925,-1045,-1068,-998,-845,-607,-319,8,338,639,900,1079,1166,1155,1047,841,571,252,-112,-466,-774,-1024,-1190,-1259,-1223,-1084,-857,-559,-212,171,534,858,1113,1273,1344,1288,1123,871,529,162,-227,-608,-935,-1186,-1343,-1393,-1311,-1128,-859,-511,-120,284,666,995,1234,1375,1407,1320,1129,832,467,83,-321,-703,-1018,-1252,-1383,-1397,-1306,-1102,-818,-462,-65,334,712,-546,1245,1367,1389,1301,1117,829,473,88,-309,-687,-996,-1236,-1381,-1415,-1332,-1147,-867,-517,-120,297,682,1021,1282,1436,1473,1387,1187,884,496,79,-352,-754,-1089,-1337,-1476,-1491,-1367,-1134,-813,-426,-5,420,800,1112,1324,1418,1399,1273,1035,718,353,-41,-425,-770,-1053,-1235,-1317,-1299,-1182,-964,-671,-327,36,399,729,999,1196,1287,1272,1150,933,637,280,-102,-475,-815,-1086,-1259,-1313,-1252,-1080,-805,-449,-55,342,718,1019,1216,1300,1247,1077,803,450,57,-342,-691,-964,-1132,-1180,-1102,-914,-636,-299,52,385,670,870,975,979,882,696,443,146,-163,-451,-699,-860,-914,-852,-662,-364,1,364,636,745,474,453,0,0,0,0,0,0,0,0,0,0,0,0,0,0,0,0,0,0,0,0,0,0,0,0,0,0,0,0,0,0,0,0,0,0,0,0,0,0,0,0,0,0,0,0,0,0,0,0,0,0,0,0,0,0,0,0,0,0,0,0,0,0,0,0,0,0,0,0,0,0,0,0,0,0,0,0,0,0,0,0,0,0,0,0,0,0,0,0,0,0,0,0,0,0,0,0,0,0,0,0,0,0,0,0,0,0,0,0,0,0,0,0,0,0,0,0,0,0,0,0,0,0,0,0,0,0,0,0,0,0,0,0,0,0,0,0,0,0,0,0,0,0,0,0,0,0,0,0,0,0,0,0,0,0,0,0,0,0,0,0,0,0,0,0,0,0,0,0,0,0,0,0,0,0,0,0,0,0,0,0,0,0,0,0,0,0,0,0,0,0,0,0,0,0,0,0,0,0,0,0,0,0,0,0,0,0,0,0,0,0,0,0,0,0,0,0,0,0,0,0,0,0,0,0,0,0,0,0,0,0,0,0,0,0,0,0,0,0,0,0,0,0,0,0,0,0,0,0,0,0,0,0,0,0,0,0,-128,-366,-441,247,272,224,105,-48,-204,-323,-393,-406,-361,-268,-130,16,171,329,442,514,541,494,391,244,58,-151,-349,-520,-647,-712,-702,-618,-463,-251,-11,235,469,671,803,865,853,742,559,329,60,-227,-502,-732,-908,-998,-996,-913,-739,-502,-208,107,416,695,922,1071,1129,1082,946,724,434,104,-235,-565,-846,-1053,-1189,-1227,-1145,-970,-716,-396,-37,327,666,950,1157,1283,1298,1196,998,708,367,-10,-403,-745,-1045,-1251,-1348,-1354,-1237,-1012,-700,-337,66,464,809,1102,1305,1398,1378,1238,996,671,296,-109,-502,-860,-1149,-1330,-1411,-1379,-1225,-976,-646,-268,137,522,870,1140,1330,1403,1361,1213,1197,641,262,-129,-511,-856,-1139,-1320,-1399,-1378,-1237,-994,-684,-305,94,494,850,1145,1345,1441,1414,1274,1039,711,321,-103,-519,-896,-1203,-1405,-1490,-1460,-1294,-1024,-668,-261,174,592,949,1231,1410,1473,1407,1221,941,576,175,-228,-619,-952,-1198,-1343,-1373,-1295,-1115,-846,-508,-144,228,583,886,1117,1253,1288,1226,1060,819,502,137,-239,-593,-895,-1130,-1271,-1300,-1216,-1024,-741,-385,6,393,750,1044,1240,1314,1270,1101,822,474,75,-334,-698,-992,-1178,-1251,-1192,-1010,-735,-384,-4,366,686,928,1062,1080,992,800,529,222,-100,-399,-649,-830,-918,-907,-799,-595,-314,6,336,630,832,897,788,524,215,-75,-175
28787,mtk,MTK 7916,2776814563,rx1-tx0,512,0,0,0,0,0,0,0,0,0,0,0,0,0,0,0,0,0,0,0,0,0,0,0,0,0,0,0,0,0,0,0,0,0,0,0,0,0,0,0,0,0,0,0,0,0,0,0,0,0,0,0,0,0,0,0,0,0,0,0,0,0,0,0,0,0,0,0,0,0,0,0,0,0,0,0,0,0,0,0,0,0,0,0,0,0,0,0,0,0,0,0,0,0,0,0,0,0,0,0,0,0,0,0,0,0,0,0,0,0,0,0,0,0,0,0,0,0,0,0,0,0,0,0,0,0,0,0,0,0,0,0,0,0,0,0,0,0,0,0,0,0,0,0,0,0,0,0,0,0,0,0,0,0,0,0,0,0,0,0,0,0,0,0,0,0,0,0,0,0,0,0,0,0,0,0,0,0,0,0,0,0,0,0,0,0,0,0,0,0,0,0,0,0,0,0,0,0,0,0,0,0,0,0,0,0,0,0,0,0,0,0,0,0,0,0,0,0,0,0,0,0,0,0,0,0,0,0,0,0,0,0,0,0,0,0,0,0,0,0,0,0,0,0,0,0,0,0,0,0,0,0,0,0,0,0,0,146,981,1011,-164,-178,-136,-42,70,168,237,263,241,184,97,-10,-114,-199,-271,-303,-299,-251,-166,-65,48,156,246,303,331,315,260,172,71,-47,-154,-235,-292,-316,-307,-258,-178,-87,6,100,174,230,252,252,223,176,106,37,-30,-85,-128,-154,-162,-157,-130,-97,-64,-28,6,35,52,61,63,52,39,31,22,14,11,11,23,45,54,72,75,55,34,5,-40,-85,-120,-159,-185,-190,-176,-137,-78,-4,82,155,217,262,283,269,237,179,90,-4,-104,-196,-272,-319,-339,-322,-284,-210,-121,-18,89,183,264,325,352,350,309,237,155,53,-55,-161,-246,-315,-347,-350,-327,-144,-195,-98,7,110,203,278,331,357,345,300,229,137,28,-79,-167,-251,-304,-329,-329,-298,-244,-171,-78,18,110,186,244,284,299,277,244,188,118,42,-38,-115,-171,-223,-259,-258,-238,-203,-151,-97,-25,45,107,162,204,225,230,216,177,123,69,6,-56,-112,-161,-193,-208,-208,-189,-156,-110,-54,2,63,112,146,172,183,184,173,138,95,42,-15,-67,-120,-161,-182,-191,-187,-166,-122,-69,-10,50,108,155,192,204,196,169,122,65,-6,-70,-130,-176,-205,-209,-183,-137,-81,-15,57,119,163,189,190,168,124,66,4,-67,-130,-162,-175,-160,-120,-57,20,72,640,789,0,0,0,0,0,0,0,0,0,0,0,0,0,0,0,0,0,0,0,0,0,0,0,0,0,0,0,0,0,0,0,0,0,0,0,0,0,0,0,0,0,0,0,0,0,0,0,0,0,0,0,0,0,0,0,0,0,0,0,0,0,0,0,0,0,0,0,0,0,0,0,0,0,0,0,0,0,0,0,0,0,0,0,0,0,0,0,0,0,0,0,0,0,0,0,0,0,0,0,0,0,0,0,0,0,0,0,0,0,0,0,0,0,0,0,0,0,0,0,0,0,0,0,0,0,0,0,0,0,0,0,0,0,0,0,0,0,0,0,0,0,0,0,0,0,0,0,0,0,0,0,0,0,0,0,0,0,0,0,0,0,0,0,0,0,0,0,0,0,0,0,0,0,0,0,0,0,0,0,0,0,0,0,0,0,0,0,0,0,0,0,0,0,0,0,0,0,0,0,0,0,0,0,0,0,0,0,0,0,0,0,0,0,0,0,0,0,0,0,0,0,0,0,0,0,0,0,0,0,0,0,0,0,0,0,0,0,0,0,0,0,0,0,0,0,0,0,0,0,0,0,0,0,0,0,0,206,217,8,-22,70,167,230,232,186,102,-5,-111,-200,-266,-286,-263,-207,-124,-25,82,185,263,309,318,287,216,119,10,-104,-208,-282,-324,-330,-286,-220,-129,-29,75,175,247,283,291,267,210,139,58,-23,-96,-156,-199,-211,-206,-174,-132,-78,-29,22,61,85,105,114,106,88,60,38,17,0,-5,-8,-10,-4,0,8,18,14,1,-15,-50,-79,-99,-126,-139,-127,-100,-69,-16,47,110,171,215,240,242,212,166,96,5,-87,-170,-249,-300,-323,-314,-270,-195,-104,-2,99,193,274,323,351,338,296,227,138,32,-74,-183,-260,-318,-351,-350,-318,-260,-176,-74,31,133,147,296,338,353,337,292,223,132,22,-91,-192,-271,-325,-349,-336,-296,-236,-150,-58,40,135,212,272,306,309,289,243,178,107,12,-76,-149,-213,-250,-270,-272,-244,-200,-151,-74,4,75,142,185,225,243,235,210,172,118,58,-11,-77,-143,-185,-212,-223,-212,-190,-149,-93,-32,27,83,129,171,195,201,189,158,118,72,19,-32,-87,-132,-165,-188,-191,-181,-153,-105,-53,-2,54,111,161,186,195,186,162,125,74,7,-55,-117,-164,-194,-199,-186,-153,-105,-44,27,93,145,179,197,191,157,106,43,-25,-90,-142,-173,-187,-177,-134,-74,-8,60,110,148,146,121,738,583
28788,mtk,MTK 7916,2776814563,rx1-tx1,512,0,0,0,0,0,0,0,0,0,0,0,0,0,0,0,0,0,0,0,0,0,0,0,0,0,0,0,0,0,0,0,0,0,0,0,0,0,0,0,0,0,0,0,0,0,0,0,0,0,0,0,0,0,0,0,0,0,0,0,0,0,0,0,0,0,0,0,0,0,0,0,0,0,0,0,0,0,0,0,0,0,0,0,0,0,0,0,0,0,0,0,0,0,0,0,0,0,0,0,0,0,0,0,0,0,0,0,0,0,0,0,0,0,0,0,0,0,0,0,0,0,0,0,0,0,0,0,0,0,0,0,0,0,0,0,0,0,0,0,0,0,0,0,0,0,0,0,0,0,0,0,0,0,0,0,0,0,0,0,0,0,0,0,0,0,0,0,0,0,0,0,0,0,0,0,0,0,0,0,0,0,0,0,0,0,0,0,0,0,0,0,0,0,0,0,0,0,0,0,0,0,0,0,0,0,0,0,0,0,0,0,0,0,0,0,0,0,0,0,0,0,0,0,0,0,0,0,0,0,0,0,0,0,0,0,0,0,0,0,0,0,0,0,0,0,0,0,0,0,0,0,0,0,0,0,0,-411,-460,-521,-11,-17,-19,-19,-20,-16,-8,0,8,17,27,35,35,30,23,9,-9,-26,-37,-46,-47,-39,-24,-4,23,46,56,61,57,38,10,-22,-50,-66,-72,-64,-45,-14,19,49,72,80,73,50,15,-24,-56,-75,-81,-69,-38,2,37,63,77,73,52,18,-23,-56,-75,-73,-51,-20,14,48,71,76,61,31,-9,-46,-78,-96,-87,-56,-13,37,85,115,113,86,39,-23,-85,-125,-139,-122,-79,-18,51,115,153,151,113,49,-27,-100,-156,-179,-161,-101,-20,69,143,186,195,157,77,-17,-106,-180,-218,-209,-154,-60,48,144,212,240,215,144,38,-80,-175,0,-253,-217,-132,-21,89,181,236,247,208,123,12,-97,-182,-230,-233,-189,-112,-15,78,154,202,203,163,96,24,-49,-115,-155,-162,-142,-103,-49,10,64,100,117,114,96,68,36,-6,-47,-80,-97,-102,-92,-68,-38,4,51,89,109,119,110,77,22,-34,-89,-135,-149,-132,-89,-27,48,118,170,186,163,103,18,-76,-158,-214,-227,-192,-118,-14,103,200,256,260,216,125,8,-119,-223,-286,-293,-243,-143,-12,118,227,295,305,253,159,37,-90,-202,-268,-281,-243,-160,-45,77,177,240,253,219,137,32,-81,-181,-243,-258,-229,-163,-66,44,146,221,263,272,246,-140,-249,0,0,0,0,0,0,0,0,0,0,0,0,0,0,0,0,0,0,0,0,0,0,0,0,0,0,0,0,0,0,0,0,0,0,0,0,0,0,0,0,0,0,0,0,0,0,0,0,0,0,0,0,0,0,0,0,0,0,0,0,0,0,0,0,0,0,0,0,0,0,0,0,0,0,0,0,0,0,0,0,0,0,0,0,0,0,0,0,0,0,0,0,0,0,0,0,0,0,0,0,0,0,0,0,0,0,0,0,0,0,0,0,0,0,0,0,0,0,0,0,0,0,0,0,0,0,0,0,0,0,0,0,0,0,0,0,0,0,0,0,0,0,0,0,0,0,0,0,0,0,0,0,0,0,0,0,0,0,0,0,0,0,0,0,0,0,0,0,0,0,0,0,0,0,0,0,0,0,0,0,0,0,0,0,0,0,0,0,0,0,0,0,0,0,0,0,0,0,0,0,0,0,0,0,0,0,0,0,0,0,0,0,0,0,0,0,0,0,0,0,0,0,0,0,0,0,0,0,0,0,0,0,0,0,0,0,0,0,0,0,0,0,0,0,0,0,0,0,0,0,0,0,0,0,0,0,-92,-278,-169,2,2,-2,-10,-16,-22,-27,-31,-31,-26,-19,-8,5,22,33,41,43,39,25,3,-17,-32,-46,-53,-48,-34,-14,11,36,58,70,67,52,25,-7,-37,-61,-74,-75,-60,-31,8,42,69,88,85,58,24,-11,-46,-74,-84,-73,-47,-12,26,56,73,70,46,18,-17,-54,-77,-76,-60,-28,15,56,83,91,74,41,0,-49,-91,-107,-100,-70,-27,27,83,117,124,104,59,-3,-67,-120,-147,-132,-91,-35,36,113,159,161,128,72,-2,-81,-152,-192,-181,-129,-51,39,127,190,212,187,115,16,-87,-168,-217,-226,-188,-103,7,116,200,245,236,175,0,-28,-136,-219,-256,-236,-168,-69,43,143,214,247,229,158,62,-41,-137,-202,-225,-208,-148,-63,26,106,163,184,171,130,72,3,-60,-114,-139,-141,-119,-80,-31,10,49,81,99,101,90,67,40,2,-41,-84,-108,-109,-97,-70,-33,16,68,109,129,131,104,53,-11,-77,-131,-164,-164,-126,-65,13,97,168,204,197,150,63,-36,-133,-210,-247,-227,-165,-69,53,166,250,288,262,183,70,-60,-180,-263,-299,-280,-210,-98,38,167,260,296,282,215,106,-22,-137,-229,-275,-255,-189,-92,23,132,211,247,231,175,86,-19,-125,-217,-273,-284,-246,-181,-100,-11,85,-476,-433
28789,mtk,MTK 7916,2776814563,rx2-tx0,512,0,0,0,0,0,0,0,0,0,0,0,0,0,0,0,0,0,0,0,0,0,0,0,0,0,0,0,0,0,0,0,0,0,0,0,0,0,0,0,0,0,0,0,0,0,0,0,0,0,0,0,0,0,0,0,0,0,0,0,0,0,0,0,0,0,0,0,0,0,0,0,0,0,0,0,0,0,0,0,0,0,0,0,0,0,0,0,0,0,0,0,0,0,0,0,0,0,0,0,0,0,0,0,0,0,0,0,0,0,0,0,0,0,0,0,0,0,0,0,0,0,0,0,0,0,0,0,0,0,0,0,0,0,0,0,0,0,0,0,0,0,0,0,0,0,0,0,0,0,0,0,0,0,0,0,0,0,0,0,0,0,0,0,0,0,0,0,0,0,0,0,0,0,0,0,0,0,0,0,0,0,0,0,0,0,0,0,0,0,0,0,0,0,0,0,0,0,0,0,0,0,0,0,0,0,0,0,0,0,0,0,0,0,0,0,0,0,0,0,0,0,0,0,0,0,0,0,0,0,0,0,0,0,0,0,0,0,0,0,0,0,0,0,0,0,0,0,0,0,0,0,0,0,0,0,0,-136,674,731,-41,-34,-22,-1,23,47,67,83,88,85,68,39,0,-41,-77,-105,-118,-110,-83,-40,14,71,123,158,165,143,94,22,-59,-135,-195,-219,-205,-152,-69,35,135,217,261,258,203,105,-19,-144,-248,-304,-297,-234,-121,21,163,275,334,321,243,110,-51,-202,-319,-366,-333,-230,-78,98,254,359,391,333,200,22,-165,-319,-406,-407,-319,-156,50,248,395,458,423,295,96,-127,-327,-458,-492,-420,-254,-32,199,393,502,502,395,207,-27,-255,-427,-510,-480,-344,-139,93,300,443,494,437,284,68,-158,-341,-450,-460,-369,-196,22,233,386,450,422,296,102,-106,-292,0,-441,-371,-222,-24,179,339,430,428,330,159,-48,-248,-394,-452,-416,-294,-109,102,289,413,453,396,263,77,-127,-306,-428,-460,-400,-260,-64,141,317,432,463,399,260,73,-129,-305,-419,-454,-404,-277,-102,93,276,400,436,399,294,128,-57,-229,-353,-409,-393,-304,-157,15,181,305,371,367,289,159,7,-151,-280,-350,-344,-270,-144,1,144,256,313,305,238,120,-24,-159,-255,-299,-282,-204,-87,45,168,259,297,271,195,82,-54,-181,-274,-311,-286,-206,-86,48,174,270,312,292,224,115,-20,-150,-250,-310,-318,-270,-174,-53,77,196,286,333,336,298,232,145,41,311,448,0,0,0,0,0,0,0,0,0,0,0,0,0,0,0,0,0,0,0,0,0,0,0,0,0,0,0,0,0,0,0,0,0,0,0,0,0,0,0,0,0,0,0,0,0,0,0,0,0,0,0,0,0,0,0,0,0,0,0,0,0,0,0,0,0,0,0,0,0,0,0,0,0,0,0,0,0,0,0,0,0,0,0,0,0,0,0,0,0,0,0,0,0,0,0,0,0,0,0,0,0,0,0,0,0,0,0,0,0,0,0,0,0,0,0,0,0,0,0,0,0,0,0,0,0,0,0,0,0,0,0,0,0,0,0,0,0,0,0,0,0,0,0,0,0,0,0,0,0,0,0,0,0,0,0,0,0,0,0,0,0,0,0,0,0,0,0,0,0,0,0,0,0,0,0,0,0,0,0,0,0,0,0,0,0,0,0,0,0,0,0,0,0,0,0,0,0,0,0,0,0,0,0,0,0,0,0,0,0,0,0,0,0,0,0,0,0,0,0,0,0,0,0,0,0,0,0,0,0,0,0,0,0,0,0,0,0,0,0,0,0,0,0,0,0,0,0,0,0,0,0,0,0,0,0,0,1335,325,170,-41,-55,-69,-78,-78,-72,-54,-27,4,36,67,90,101,97,75,41,-3,-52,-94,-123,-138,-132,-95,-38,32,98,153,186,187,151,87,-1,-96,-175,-225,-235,-203,-135,-37,81,191,262,287,258,173,47,-88,-212,-300,-326,-281,-185,-46,110,250,334,350,292,171,11,-152,-292,-372,-370,-290,-140,42,214,344,404,376,264,90,-109,-291,-405,-437,-370,-219,-16,193,365,461,460,355,169,-57,-272,-431,-501,-465,-332,-121,115,324,468,515,452,287,58,-178,-372,-486,-494,-397,-219,3,228,397,477,450,327,136,-85,-291,-422,-462,-401,-250,-43,172,345,434,429,337,0,-46,-241,-381,-441,-406,-284,-101,108,297,417,441,372,226,31,-176,-343,-437,-438,-353,-184,19,215,365,446,439,343,169,-37,-235,-387,-464,-443,-335,-164,38,230,377,452,439,345,183,-13,-205,-358,-441,-440,-358,-208,-19,168,320,410,422,354,224,57,-117,-270,-375,-399,-342,-227,-77,86,232,333,364,323,223,76,-81,-214,-303,-331,-286,-192,-65,79,208,289,309,267,168,36,-102,-211,-279,-294,-249,-149,-16,115,226,294,299,242,140,15,-121,-233,-298,-308,-259,-160,-34,100,218,294,314,278,192,75,-57,-183,-277,-324,-323,-275,-187,-72,47,150,226,269,285,656,570
28790,mtk,MTK 7916,2776814563,rx2-tx1,512,0,0,0,0,0,0,0,0,0,0,0,0,0,0,0,0,0,0,0,0,0,0,0,0,0,0,0,0,0,0,0,0,0,0,0,0,0,0,0,0,0,0,0,0,0,0,0,0,0,0,0,0,0,0,0,0,0,0,0,0,0,0,0,0,0,0,0,0,0,0,0,0,0,0,0,0,0,0,0,0,0,0,0,0,0,0,0,0,0,0,0,0,0,0,0,0,0,0,0,0,0,0,0,0,0,0,0,0,0,0,0,0,0,0,0,0,0,0,0,0,0,0,0,0,0,0,0,0,0,0,0,0,0,0,0,0,0,0,0,0,0,0,0,0,0,0,0,0,0,0,0,0,0,0,0,0,0,0,0,0,0,0,0,0,0,0,0,0,0,0,0,0,0,0,0,0,0,0,0,0,0,0,0,0,0,0,0,0,0,0,0,0,0,0,0,0,0,0,0,0,0,0,0,0,0,0,0,0,0,0,0,0,0,0,0,0,0,0,0,0,0,0,0,0,0,0,0,0,0,0,0,0,0,0,0,0,0,0,0,0,0,0,0,0,0,0,0,0,0,0,0,0,0,0,0,0,236,-388,-345,-41,-31,-17,4,28,46,60,70,69,55,31,4,-24,-48,-63,-65,-48,-20,7,34,60,72,62,35,2,-34,-64,-83,-84,-66,-23,25,67,99,116,103,60,5,-52,-104,-139,-143,-111,-49,31,108,161,184,159,89,3,-88,-172,-215,-214,-165,-70,46,153,233,269,236,146,25,-114,-235,-312,-321,-253,-120,39,191,309,365,348,250,84,-104,-272,-381,-411,-351,-212,-25,173,333,420,417,326,158,-45,-240,-390,-452,-416,-289,-96,114,299,416,440,366,219,22,-172,-331,-415,-410,-307,-138,54,224,345,388,334,203,37,-129,-264,-333,-316,-226,-93,57,194,0,298,240,125,-27,-171,-262,-288,-253,-157,-15,136,249,303,285,197,59,-97,-237,-318,-322,-251,-125,29,182,294,340,314,216,63,-101,-246,-330,-346,-285,-161,-2,157,281,337,314,225,94,-57,-190,-276,-299,-260,-162,-31,101,200,249,241,175,78,-34,-131,-194,-199,-160,-86,3,88,148,171,146,88,6,-75,-140,-165,-149,-103,-33,48,122,159,160,126,63,-20,-97,-150,-165,-147,-94,-23,53,113,154,152,117,65,-3,-78,-132,-154,-143,-101,-38,30,88,127,137,115,74,21,-37,-85,-114,-119,-100,-58,-4,50,91,116,122,103,67,22,-27,-71,-104,-121,-369,-398,0,0,0,0,0,0,0,0,0,0,0,0,0,0,0,0,0,0,0,0,0,0,0,0,0,0,0,0,0,0,0,0,0,0,0,0,0,0,0,0,0,0,0,0,0,0,0,0,0,0,0,0,0,0,0,0,0,0,0,0,0,0,0,0,0,0,0,0,0,0,0,0,0,0,0,0,0,0,0,0,0,0,0,0,0,0,0,0,0,0,0,0,0,0,0,0,0,0,0,0,0,0,0,0,0,0,0,0,0,0,0,0,0,0,0,0,0,0,0,0,0,0,0,0,0,0,0,0,0,0,0,0,0,0,0,0,0,0,0,0,0,0,0,0,0,0,0,0,0,0,0,0,0,0,0,0,0,0,0,0,0,0,0,0,0,0,0,0,0,0,0,0,0,0,0,0,0,0,0,0,0,0,0,0,0,0,0,0,0,0,0,0,0,0,0,0,0,0,0,0,0,0,0,0,0,0,0,0,0,0,0,0,0,0,0,0,0,0,0,0,0,0,0,0,0,0,0,0,0,0,0,0,0,0,0,0,0,0,0,0,0,0,0,0,0,0,0,0,0,0,0,0,0,0,0,0,-351,66,139,-32,-51,-64,-71,-68,-54,-35,-10,15,40,62,69,60,43,17,-15,-43,-64,-69,-55,-31,-1,34,64,77,73,53,15,-30,-73,-102,-101,-79,-43,8,65,105,125,118,86,24,-49,-111,-152,-161,-135,-69,14,96,168,202,186,125,35,-73,-176,-237,-241,-193,-102,23,145,240,292,276,194,64,-86,-228,-324,-352,-297,-177,-19,153,299,383,383,306,154,-39,-225,-361,-423,-390,-267,-91,109,292,409,437,374,232,31,-179,-352,-443,-433,-330,-163,46,246,385,436,393,268,89,-107,-277,-381,-394,-320,-179,0,174,302,357,330,228,73,-94,-229,-304,-308,-240,0,39,179,275,299,245,136,-3,-153,-266,-305,-269,-170,-32,119,244,310,301,226,93,-68,-218,-312,-337,-288,-174,-13,151,276,346,340,253,110,-52,-201,-309,-347,-307,-203,-52,107,236,308,314,253,138,-6,-142,-236,-278,-252,-171,-57,61,163,217,218,171,88,-17,-110,-168,-181,-154,-91,-4,83,146,169,149,88,10,-65,-123,-160,-158,-112,-41,37,108,151,160,136,74,-4,-76,-129,-155,-149,-110,-42,33,97,141,157,134,79,11,-53,-107,-143,-143,-109,-57,5,62,101,123,122,88,38,-18,-68,-104,-121,-115,-84,-33,20,68,109,130,128,106,73,28,-165,-88
28791,mtk,MTK 7916,2776869788,rx0-tx0,512,0,0,0,0,0,0,0,0,0,0,0,0,0,0,0,0,0,0,0,0,0,0,0,0,0,0,0,0,0,0,0,0,0,0,0,0,0,0,0,0,0,0,0,0,0,0,0,0,0,0,0,0,0,0,0,0,0,0,0,0,0,0,0,0,0,0,0,0,0,0,0,0,0,0,0,0,0,0,0,0,0,0,0,0,0,0,0,0,0,0,0,0,0,0,0,0,0,0,0,0,0,0,0,0,0,0,0,0,0,0,0,0,0,0,0,0,0,0,0,0,0,0,0,0,0,0,0,0,0,0,0,0,0,0,0,0,0,0,0,0,0,0,0,0,0,0,0,0,0,0,0,0,0,0,0,0,0,0,0,0,0,0,0,0,0,0,0,0,0,0,0,0,0,0,0,0,0,0,0,0,0,0,0,0,0,0,0,0,0,0,0,0,0,0,0,0,0,0,0,0,0,0,0,0,0,0,0,0,0,0,0,0,0,0,0,0,0,0,0,0,0,0,0,0,0,0,0,0,0,0,0,0,0,0,0,0,0,0,0,0,0,0,0,0,0,0,0,0,0,0,0,0,0,0,0,0,-273,-1123,-1104,-14,109,221,276,245,141,5,-136,-251,-319,-330,-271,-160,-19,139,278,379,424,388,289,134,-66,-267,-434,-536,-553,-475,-300,-64,199,434,602,680,636,482,247,-35,-316,-553,-700,-736,-662,-491,-232,58,354,588,733,788,719,546,293,-13,-323,-584,-779,-860,-818,-652,-392,-50,298,608,844,959,929,762,480,109,-289,-631,-894,-1023,-1008,-833,-528,-148,252,624,907,1045,1031,860,558,184,-232,-598,-867,-1015,-999,-848,-572,-229,141,492,759,897,920,816,595,307,-13,-329,-587,-759,-829,-791,-655,-433,-155,135,400,617,746,787,719,563,336,66,-224,-482,-681,-789,-801,-698,-1687,-237,65,350,605,779,847,790,639,406,109,-204,-487,-719,-853,-874,-787,-592,-315,6,335,623,849,964,953,816,552,207,-178,-567,-891,-1101,-1152,-1048,-785,-393,71,540,952,1231,1334,1243,953,501,-26,-559,-1022,-1333,-1450,-1346,-1035,-561,-7,560,1049,1374,1486,1375,1053,574,12,-550,-1030,-1345,-1456,-1348,-1040,-569,-22,527,983,1291,1410,1306,1010,573,38,-487,-942,-1244,-1349,-1264,-979,-537,-25,491,932,1223,1311,1201,896,439,-64,-558,-964,-1202,-1232,-1066,-726,-273,217,662,984,1136,1099,879,521,81,-361,-732,-978,-1049,-943,-674,-287,156,586,915,1066,1002,710,239,-303,-760,-979,-911,-880,-1002,0,0,0,0,0,0,0,0,0,0,0,0,0,0,0,0,0,0,0,0,0,0,0,0,0,0,0,0,0,0,0,0,0,0,0,0,0,0,0,0,0,0,0,0,0,0,0,0,0,0,0,0,0,0,0,0,0,0,0,0,0,0,0,0,0,0,0,0,0,0,0,0,0,0,0,0,0,0,0,0,0,0,0,0,0,0,0,0,0,0,0,0,0,0,0,0,0,0,0,0,0,0,0,0,0,0,0,0,0,0,0,0,0,0,0,0,0,0,0,0,0,0,0,0,0,0,0,0,0,0,0,0,0,0,0,0,0,0,0,0,0,0,0,0,0,0,0,0,0,0,0,0,0,0,0,0,0,0,0,0,0,0,0,0,0,0,0,0,0,0,0,0,0,0,0,0,0,0,0,0,0,0,0,0,0,0,0,0,0,0,0,0,0,0,0,0,0,0,0,0,0,0,0,0,0,0,0,0,0,0,0,0,0,0,0,0,0,0,0,0,0,0,0,0,0,0,0,0,0,0,0,0,0,0,0,0,0,0,0,0,0,0,0,0,0,0,0,0,0,0,0,0,0,0,0,0,-1322,-61,174,203,203,126,-10,-159,-266,-308,-282,-192,-65,82,223,321,369,358,275,147,-25,-201,-348,-454,-487,-433,-298,-103,125,351,529,621,601,479,273,11,-267,-501,-657,-714,-655,-483,-232,61,338,570,719,758,687,499,251,-42,-342,-587,-760,-827,-764,-598,-341,-25,301,590,804,910,868,710,439,90,-281,-615,-868,-1003,-972,-798,-507,-134,265,638,905,1043,1022,859,553,167,-237,-613,-890,-1037,-1029,-853,-567,-193,197,552,816,956,966,839,583,259,-76,-408,-668,-823,-874,-796,-615,-362,-67,230,492,687,791,781,685,495,245,-32,-314,-544,-714,-796,-769,-640,-426,-156,138,424,-175,793,817,748,577,322,15,-291,-553,-755,-856,-836,-715,-496,-208,109,417,678,854,918,862,700,436,99,-254,-593,-862,-1014,-1048,-931,-674,-302,123,545,916,1166,1248,1154,882,461,-37,-548,-999,-1298,-1397,-1302,-998,-538,11,567,1044,1357,1470,1366,1049,569,1,-567,-1049,-1368,-1473,-1366,-1051,-576,-18,545,1021,1331,1440,1330,1024,579,38,-505,-956,-1264,-1380,-1281,-995,-551,-40,472,927,1224,1329,1231,943,497,-13,-519,-953,-1218,-1278,-1145,-823,-362,142,610,977,1174,1174,979,625,176,-294,-698,-977,-1089,-1014,-781,-410,24,447,790,996,1025,869,540,90,-393,-817,-1057,-1030,-720,-216,265,-700,-499
28792,mtk,MTK 7916,2776869788,rx0-tx1,512,0,0,0,0,0,0,0,0,0,0,0,0,0,0,0,0,0,0,0,0,0,0,0,0,0,0,0,0,0,0,0,0,0,0,0,0,0,0,0,0,0,0,0,0,0,0,0,0,0,0,0,0,0,0,0,0,0,0,0,0,0,0,0,0,0,0,0,0,0,0,0,0,0,0,0,0,0,0,0,0,0,0,0,0,0,0,0,0,0,0,0,0,0,0,0,0,0,0,0,0,0,0,0,0,0,0,0,0,0,0,0,0,0,0,0,0,0,0,0,0,0,0,0,0,0,0,0,0,0,0,0,0,0,0,0,0,0,0,0,0,0,0,0,0,0,0,0,0,0,0,0,0,0,0,0,0,0,0,0,0,0,0,0,0,0,0,0,0,0,0,0,0,0,0,0,0,0,0,0,0,0,0,0,0,0,0,0,0,0,0,0,0,0,0,0,0,0,0,0,0,0,0,0,0,0,0,0,0,0,0,0,0,0,0,0,0,0,0,0,0,0,0,0,0,0,0,0,0,0,0,0,0,0,0,0,0,0,0,0,0,0,0,0,0,0,0,0,0,0,0,0,0,0,0,0,0,-730,366,296,-185,-290,-303,-202,-24,175,329,411,396,294,129,-75,-260,-411,-492,-483,-388,-210,12,247,451,583,618,546,373,122,-160,-435,-639,-744,-720,-584,-350,-47,281,572,772,867,818,631,345,-6,-367,-678,-896,-990,-910,-694,-374,22,413,761,998,1078,1011,780,429,9,-424,-799,-1063,-1169,-1104,-873,-512,-61,403,815,1120,1256,1205,982,608,145,-350,-792,-1126,-1302,-1298,-1098,-727,-253,273,756,1134,1356,1378,1201,833,353,-182,-697,-1109,-1365,-1420,-1275,-926,-457,82,613,1047,1334,1432,1313,1009,558,27,-503,-961,-1284,-1409,-1342,-1085,-671,-164,365,832,1188,1372,1359,1151,791,313,-199,-688,-546,-1320,-1360,-1227,-921,-487,18,522,949,1255,1382,1308,1067,664,177,-350,-829,-1196,-1396,-1402,-1207,-834,-348,196,721,1151,1413,1468,1319,968,475,-82,-636,-1089,-1398,-1498,-1383,-1063,-592,-40,517,1001,1337,1469,1388,1118,687,157,-397,-887,-1241,-1410,-1379,-1155,-763,-267,264,751,1128,1343,1363,1186,842,384,-133,-634,-1042,-1294,-1355,-1222,-906,-462,55,571,999,1275,1355,1226,920,462,-64,-580,-1015,-1280,-1342,-1201,-859,-373,153,663,1063,1271,1272,1066,677,182,-332,-774,-1078,-1190,-1095,-817,-406,63,499,835,1014,1010,839,531,146,-250,-595,-829,-914,-835,-605,-247,154,535,814,894,754,412,-26,-381,474,453,0,0,0,0,0,0,0,0,0,0,0,0,0,0,0,0,0,0,0,0,0,0,0,0,0,0,0,0,0,0,0,0,0,0,0,0,0,0,0,0,0,0,0,0,0,0,0,0,0,0,0,0,0,0,0,0,0,0,0,0,0,0,0,0,0,0,0,0,0,0,0,0,0,0,0,0,0,0,0,0,0,0,0,0,0,0,0,0,0,0,0,0,0,0,0,0,0,0,0,0,0,0,0,0,0,0,0,0,0,0,0,0,0,0,0,0,0,0,0,0,0,0,0,0,0,0,0,0,0,0,0,0,0,0,0,0,0,0,0,0,0,0,0,0,0,0,0,0,0,0,0,0,0,0,0,0,0,0,0,0,0,0,0,0,0,0,0,0,0,0,0,0,0,0,0,0,0,0,0,0,0,0,0,0,0,0,0,0,0,0,0,0,0,0,0,0,0,0,0,0,0,0,0,0,0,0,0,0,0,0,0,0,0,0,0,0,0,0,0,0,0,0,0,0,0,0,0,0,0,0,0,0,0,0,0,0,0,0,0,0,0,0,0,0,0,0,0,0,0,0,0,0,0,0,0,0,-128,-366,-441,-181,-55,129,293,377,349,228,49,-151,-318,-426,-446,-384,-249,-52,158,358,500,556,518,376,164,-90,-338,-547,-666,-681,-575,-360,-75,230,504,707,805,773,605,339,15,-335,-629,-837,-922,-862,-660,-360,17,402,724,956,1041,963,742,391,-15,-427,-791,-1036,-1135,-1059,-826,-461,-25,425,813,1093,1211,1150,926,558,95,-380,-811,-1123,-1276,-1248,-1029,-674,-206,298,776,1135,1336,1338,1140,785,301,-228,-731,-1134,-1358,-1402,-1234,-889,-404,134,663,1093,1354,1431,1293,963,508,-33,-567,-1011,-1313,-1423,-1328,-1049,-617,-93,428,901,1238,1397,1344,1115,724,234,-293,-768,-1139,-1343,-1361,-1198,1197,-399,113,601,1018,1287,1380,1272,996,579,74,-434,-885,-1223,-1388,-1362,-1142,-757,-266,264,773,1162,1397,1439,1272,915,421,-135,-675,-1132,-1410,-1495,-1352,-1019,-538,22,579,1048,1365,1482,1390,1100,640,90,-461,-942,-1284,-1441,-1395,-1142,-729,-216,320,812,1182,1377,1370,1170,807,332,-191,-684,-1073,-1307,-1358,-1207,-886,-427,87,593,1009,1273,1355,1231,920,470,-58,-568,-998,-1280,-1355,-1229,-902,-430,98,612,1036,1280,1316,1146,778,287,-235,-720,-1082,-1250,-1201,-953,-548,-61,422,818,1059,1112,969,672,268,-162,-548,-826,-954,-916,-722,-408,-23,355,678,871,887,729,396,-34,-454,-743,-807,-656,-75,-175
28793,mtk,MTK 7916,2776869788,rx1-tx0,512,0,0,0,0,0,0,0,0,0,0,0,0,0,0,0,0,0,0,0,0,0,0,0,0,0,0,0,0,0,0,0,0,0,0,0,0,0,0,0,0,0,0,0,0,0,0,0,0,0,0,0,0,0,0,0,0,0,0,0,0,0,0,0,0,0,0,0,0,0,0,0,0,0,0,0,0,0,0,0,0,0,0,0,0,0,0,0,0,0,0,0,0,0,0,0,0,0,0,0,0,0,0,0,0,0,0,0,0,0,0,0,0,0,0,0,0,0,0,0,0,0,0,0,0,0,0,0,0,0,0,0,0,0,0,0,0,0,0,0,0,0,0,0,0,0,0,0,0,0,0,0,0,0,0,0,0,0,0,0,0,0,0,0,0,0,0,0,0,0,0,0,0,0,0,0,0,0,0,0,0,0,0,0,0,0,0,0,0,0,0,0,0,0,0,0,0,0,0,0,0,0,0,0,0,0,0,0,0,0,0,0,0,0,0,0,0,0,0,0,0,0,0,0,0,0,0,0,0,0,0,0,0,0,0,0,0,0,0,0,0,0,0,0,0,0,0,0,0,0,0,0,0,0,0,0,0,146,981,1011,139,43,-94,-214,-267,-239,-143,-2,143,247,298,282,211,91,-54,-185,-289,-337,-308,-222,-87,64,197,295,340,316,234,113,-23,-168,-275,-327,-309,-247,-145,-17,104,207,268,271,229,157,59,-43,-112,-155,-187,-179,-144,-91,-33,16,56,84,99,102,87,66,49,35,19,-1,-14,-32,-46,-60,-82,-90,-102,-99,-80,-52,5,70,129,181,210,212,184,113,9,-91,-201,-288,-316,-303,-241,-136,4,150,278,378,403,362,262,110,-65,-229,-354,-425,-435,-374,-253,-90,93,253,372,442,443,373,248,85,-95,-255,-379,-444,-443,-366,-241,-83,90,254,374,434,440,-144,253,93,-80,-247,-382,-450,-448,-384,-262,-89,93,254,374,432,427,369,246,83,-88,-249,-360,-422,-413,-345,-225,-77,81,224,328,384,385,323,214,74,-66,-199,-294,-352,-355,-297,-203,-83,49,163,252,294,304,273,196,94,-22,-137,-222,-259,-271,-247,-176,-89,6,105,177,219,238,219,173,93,10,-71,-136,-172,-195,-200,-170,-116,-48,19,91,158,197,205,187,145,73,-15,-100,-171,-218,-228,-199,-143,-59,39,129,203,236,232,187,104,3,-99,-183,-230,-235,-199,-126,-31,75,162,212,226,195,120,29,-69,-153,-201,-203,-168,-98,2,97,164,172,133,66,640,789,0,0,0,0,0,0,0,0,0,0,0,0,0,0,0,0,0,0,0,0,0,0,0,0,0,0,0,0,0,0,0,0,0,0,0,0,0,0,0,0,0,0,0,0,0,0,0,0,0,0,0,0,0,0,0,0,0,0,0,0,0,0,0,0,0,0,0,0,0,0,0,0,0,0,0,0,0,0,0,0,0,0,0,0,0,0,0,0,0,0,0,0,0,0,0,0,0,0,0,0,0,0,0,0,0,0,0,0,0,0,0,0,0,0,0,0,0,0,0,0,0,0,0,0,0,0,0,0,0,0,0,0,0,0,0,0,0,0,0,0,0,0,0,0,0,0,0,0,0,0,0,0,0,0,0,0,0,0,0,0,0,0,0,0,0,0,0,0,0,0,0,0,0,0,0,0,0,0,0,0,0,0,0,0,0,0,0,0,0,0,0,0,0,0,0,0,0,0,0,0,0,0,0,0,0,0,0,0,0,0,0,0,0,0,0,0,0,0,0,0,0,0,0,0,0,0,0,0,0,0,0,0,0,0,0,0,0,0,0,0,0,0,0,0,0,0,0,0,0,0,0,0,0,0,0,0,206,217,8,-132,-211,-218,-138,-4,139,248,292,258,160,30,-110,-227,-303,-313,-259,-157,-12,135,252,326,329,270,165,23,-124,-242,-312,-334,-290,-183,-48,84,189,271,296,275,206,99,-18,-116,-195,-231,-224,-174,-121,-53,29,90,129,141,131,109,78,42,2,-31,-46,-52,-53,-56,-58,-59,-64,-56,-57,-36,-17,15,62,99,136,163,155,138,83,9,-72,-157,-234,-260,-261,-225,-124,0,126,244,327,364,338,264,130,-34,-192,-326,-407,-430,-371,-258,-103,72,241,366,441,436,364,244,86,-93,-253,-381,-446,-443,-370,-242,-78,98,260,379,438,442,381,249,94,-81,147,-375,-442,-444,-382,-255,-90,90,251,380,453,448,376,247,86,-88,-242,-370,-432,-431,-359,-237,-85,83,233,348,401,398,330,222,79,-71,-213,-320,-369,-368,-314,-215,-92,57,185,274,328,327,280,196,86,-28,-148,-236,-288,-299,-266,-189,-93,6,115,201,243,257,230,163,92,5,-84,-159,-211,-222,-208,-162,-102,-41,39,110,161,189,193,179,133,61,-17,-91,-159,-206,-220,-202,-151,-74,18,107,176,225,230,199,128,39,-56,-149,-218,-243,-223,-165,-74,30,125,200,231,219,162,76,-15,-111,-178,-206,-201,-149,-57,36,120,183,201,171,91,-6,-89,-139,738,583
28794,mtk,MTK 7916,2776869788,rx1-tx1,512,0,0,0,0,0,0,0,0,0,0,0,0,0,0,0,0,0,0,0,0,0,0,0,0,0,0,0,0,0,0,0,0,0,0,0,0,0,0,0,0,0,0,0,0,0,0,0,0,0,0,0,0,0,0,0,0,0,0,0,0,0,0,0,0,0,0,0,0,0,0,0,0,0,0,0,0,0,0,0,0,0,0,0,0,0,0,0,0,0,0,0,0,0,0,0,0,0,0,0,0,0,0,0,0,0,0,0,0,0,0,0,0,0,0,0,0,0,0,0,0,0,0,0,0,0,0,0,0,0,0,0,0,0,0,0,0,0,0,0,0,0,0,0,0,0,0,0,0,0,0,0,0,0,0,0,0,0,0,0,0,0,0,0,0,0,0,0,0,0,0,0,0,0,0,0,0,0,0,0,0,0,0,0,0,0,0,0,0,0,0,0,0,0,0,0,0,0,0,0,0,0,0,0,0,0,0,0,0,0,0,0,0,0,0,0,0,0,0,0,0,0,0,0,0,0,0,0,0,0,0,0,0,0,0,0,0,0,0,0,0,0,0,0,0,0,0,0,0,0,0,0,0,0,0,0,0,-411,-460,-521,-1,-2,4,10,13,20,26,31,36,37,38,35,25,13,-2,-21,-35,-39,-46,-52,-50,-42,-27,-6,13,33,55,69,69,67,60,47,20,-15,-43,-65,-82,-85,-76,-60,-37,-8,19,49,73,84,86,73,45,14,-14,-40,-66,-81,-78,-67,-42,-9,21,48,69,81,75,56,30,-5,-41,-73,-96,-103,-92,-65,-27,20,62,95,122,131,116,82,36,-15,-64,-107,-140,-151,-135,-97,-47,14,69,118,152,162,149,116,54,-13,-75,-131,-174,-186,-174,-132,-69,9,84,151,203,223,209,163,94,15,-70,-148,-209,-239,-236,-199,-136,-49,48,135,207,0,257,235,177,99,16,-75,-164,-228,-259,-259,-225,-166,-84,6,90,154,198,224,226,193,142,78,9,-60,-114,-149,-173,-181,-160,-127,-96,-52,3,50,83,107,123,132,138,126,95,60,26,-17,-62,-103,-137,-162,-169,-151,-123,-81,-21,52,115,167,201,212,194,150,82,0,-82,-155,-213,-248,-249,-215,-149,-67,30,134,230,289,309,289,236,147,37,-83,-195,-288,-341,-351,-320,-247,-140,-17,111,229,314,357,357,314,233,130,13,-108,-212,-288,-324,-318,-274,-198,-95,18,114,192,249,278,268,216,136,45,-48,-139,-211,-267,-297,-295,-267,-220,-157,-85,-3,-140,-249,0,0,0,0,0,0,0,0,0,0,0,0,0,0,0,0,0,0,0,0,0,0,0,0,0,0,0,0,0,0,0,0,0,0,0,0,0,0,0,0,0,0,0,0,0,0,0,0,0,0,0,0,0,0,0,0,0,0,0,0,0,0,0,0,0,0,0,0,0,0,0,0,0,0,0,0,0,0,0,0,0,0,0,0,0,0,0,0,0,0,0,0,0,0,0,0,0,0,0,0,0,0,0,0,0,0,0,0,0,0,0,0,0,0,0,0,0,0,0,0,0,0,0,0,0,0,0,0,0,0,0,0,0,0,0,0,0,0,0,0,0,0,0,0,0,0,0,0,0,0,0,0,0,0,0,0,0,0,0,0,0,0,0,0,0,0,0,0,0,0,0,0,0,0,0,0,0,0,0,0,0,0,0,0,0,0,0,0,0,0,0,0,0,0,0,0,0,0,0,0,0,0,0,0,0,0,0,0,0,0,0,0,0,0,0,0,0,0,0,0,0,0,0,0,0,0,0,0,0,0,0,0,0,0,0,0,0,0,0,0,0,0,0,0,0,0,0,0,0,0,0,0,0,0,0,0,-92,-278,-169,-19,-24,-27,-28,-30,-30,-24,-18,-10,1,13,21,34,43,47,44,38,27,13,-5,-25,-44,-56,-67,-71,-62,-44,-20,7,28,46,65,78,83,75,56,25,-4,-27,-53,-79,-91,-84,-66,-42,-15,13,40,61,75,76,67,43,15,-12,-42,-67,-78,-77,-56,-32,-6,23,61,86,87,79,59,25,-13,-48,-86,-114,-119,-105,-75,-34,14,65,111,132,135,123,90,41,-13,-70,-118,-146,-155,-140,-106,-54,11,76,128,162,174,160,120,60,-13,-81,-138,-183,-201,-185,-146,-89,-8,80,152,201,224,209,165,104,24,-66,-144,-207,-246,-251,-218,-153,0,13,108,191,243,266,254,208,136,49,-44,-132,-199,-238,-247,-227,-185,-121,-42,33,103,160,190,201,191,159,109,52,-5,-53,-96,-129,-146,-151,-143,-121,-87,-50,-10,27,66,100,126,140,146,134,110,76,30,-26,-81,-128,-165,-186,-189,-168,-121,-57,19,101,161,203,231,229,187,117,33,-61,-153,-226,-274,-285,-257,-194,-110,-2,113,219,294,331,323,280,198,86,-38,-155,-261,-336,-363,-345,-288,-194,-72,60,179,271,333,353,329,260,166,60,-53,-161,-241,-281,-291,-265,-202,-117,-22,78,167,234,267,272,243,184,107,20,-74,-156,-220,-263,-287,-292,-476,-433
28795,mtk,MTK 7916,2776869788,rx2-tx0,512,0,0,0,0,0,0,0,0,0,0,0,0,0,0,0,0,0,0,0,0,0,0,0,0,0,0,0,0,0,0,0,0,0,0,0,0,0,0,0,0,0,0,0,0,0,0,0,0,0,0,0,0,0,0,0,0,0,0,0,0,0,0,0,0,0,0,0,0,0,0,0,0,0,0,0,0,0,0,0,0,0,0,0,0,0,0,0,0,0,0,0,0,0,0,0,0,0,0,0,0,0,0,0,0,0,0,0,0,0,0,0,0,0,0,0,0,0,0,0,0,0,0,0,0,0,0,0,0,0,0,0,0,0,0,0,0,0,0,0,0,0,0,0,0,0,0,0,0,0,0,0,0,0,0,0,0,0,0,0,0,0,0,0,0,0,0,0,0,0,0,0,0,0,0,0,0,0,0,0,0,0,0,0,0,0,0,0,0,0,0,0,0,0,0,0,0,0,0,0,0,0,0,0,0,0,0,0,0,0,0,0,0,0,0,0,0,0,0,0,0,0,0,0,0,0,0,0,0,0,0,0,0,0,0,0,0,0,0,0,0,0,0,0,0,0,0,0,0,0,0,0,0,0,0,0,0,-136,674,731,50,63,71,75,76,71,59,44,27,1,-28,-55,-81,-99,-111,-112,-104,-84,-54,-12,35,81,121,154,173,172,157,120,62,-2,-71,-141,-196,-233,-250,-229,-183,-114,-25,72,161,237,288,300,279,223,135,28,-86,-198,-284,-334,-344,-309,-222,-107,23,152,269,348,375,352,280,165,27,-114,-246,-344,-400,-398,-330,-212,-62,98,247,360,425,435,379,264,110,-62,-229,-364,-454,-481,-438,-327,-173,9,195,357,467,509,480,392,250,66,-128,-301,-424,-495,-499,-429,-293,-123,59,234,375,454,464,414,305,150,-24,-189,-331,-419,-443,-407,-306,-163,0,164,307,0,443,408,318,188,28,-137,-280,-383,-434,-421,-343,-220,-69,92,241,360,430,437,385,282,140,-17,-179,-321,-418,-450,-429,-356,-236,-80,84,234,353,431,457,422,337,207,53,-109,-253,-364,-430,-451,-417,-331,-210,-67,84,224,333,403,425,398,325,212,78,-63,-196,-299,-364,-385,-360,-292,-188,-68,57,172,265,321,334,306,241,146,34,-78,-181,-256,-296,-295,-257,-184,-86,23,123,205,260,283,270,219,135,32,-76,-171,-242,-286,-296,-264,-197,-110,-9,91,183,255,294,301,274,210,125,27,-77,-173,-246,-295,-317,-310,-267,-201,-124,-39,45,119,179,217,245,311,448,0,0,0,0,0,0,0,0,0,0,0,0,0,0,0,0,0,0,0,0,0,0,0,0,0,0,0,0,0,0,0,0,0,0,0,0,0,0,0,0,0,0,0,0,0,0,0,0,0,0,0,0,0,0,0,0,0,0,0,0,0,0,0,0,0,0,0,0,0,0,0,0,0,0,0,0,0,0,0,0,0,0,0,0,0,0,0,0,0,0,0,0,0,0,0,0,0,0,0,0,0,0,0,0,0,0,0,0,0,0,0,0,0,0,0,0,0,0,0,0,0,0,0,0,0,0,0,0,0,0,0,0,0,0,0,0,0,0,0,0,0,0,0,0,0,0,0,0,0,0,0,0,0,0,0,0,0,0,0,0,0,0,0,0,0,0,0,0,0,0,0,0,0,0,0,0,0,0,0,0,0,0,0,0,0,0,0,0,0,0,0,0,0,0,0,0,0,0,0,0,0,0,0,0,0,0,0,0,0,0,0,0,0,0,0,0,0,0,0,0,0,0,0,0,0,0,0,0,0,0,0,0,0,0,0,0,0,0,0,0,0,0,0,0,0,0,0,0,0,0,0,0,0,0,0,0,1335,325,170,-23,-14,-2,11,25,42,59,76,86,91,91,83,66,41,9,-25,-62,-96,-122,-135,-139,-131,-104,-61,-11,47,106,157,193,210,206,179,127,53,-31,-114,-187,-242,-273,-275,-240,-173,-83,22,129,223,292,327,319,267,181,72,-53,-174,-277,-346,-363,-330,-251,-139,-2,137,254,343,388,372,303,190,45,-104,-243,-356,-415,-410,-351,-240,-84,84,242,370,447,460,408,297,141,-41,-219,-365,-463,-499,-464,-365,-211,-30,162,328,446,501,491,413,272,91,-95,-270,-402,-475,-486,-430,-307,-142,42,212,347,432,457,415,312,163,-9,-173,-315,-411,-437,-402,-313,0,-9,151,292,391,429,407,331,205,48,-120,-265,-371,-426,-426,-364,-250,-102,63,224,347,422,442,406,318,184,24,-144,-291,-395,-448,-449,-396,-288,-143,17,172,307,405,453,441,376,273,134,-22,-174,-301,-391,-436,-432,-375,-274,-145,-1,145,266,354,403,400,346,257,143,7,-125,-234,-312,-355,-350,-304,-217,-109,7,122,222,289,315,299,247,164,62,-48,-147,-230,-283,-289,-261,-199,-109,-5,99,191,254,284,281,241,163,66,-35,-134,-222,-280,-299,-286,-239,-164,-68,39,138,219,279,308,301,258,190,101,3,-91,-180,-255,-303,-327,-329,-307,-261,-207,-138,656,570
28796,mtk,MTK 7916,2776869788,rx2-tx1,512,0,0,0,0,0,0,0,0,0,0,0,0,0,0,0,0,0,0,0,0,0,0,0,0,0,0,0,0,0,0,0,0,0,0,0,0,0,0,0,0,0,0,0,0,0,0,0,0,0,0,0,0,0,0,0,0,0,0,0,0,0,0,0,0,0,0,0,0,0,0,0,0,0,0,0,0,0,0,0,0,0,0,0,0,0,0,0,0,0,0,0,0,0,0,0,0,0,0,0,0,0,0,0,0,0,0,0,0,0,0,0,0,0,0,0,0,0,0,0,0,0,0,0,0,0,0,0,0,0,0,0,0,0,0,0,0,0,0,0,0,0,0,0,0,0,0,0,0,0,0,0,0,0,0,0,0,0,0,0,0,0,0,0,0,0,0,0,0,0,0,0,0,0,0,0,0,0,0,0,0,0,0,0,0,0,0,0,0,0,0,0,0,0,0,0,0,0,0,0,0,0,0,0,0,0,0,0,0,0,0,0,0,0,0,0,0,0,0,0,0,0,0,0,0,0,0,0,0,0,0,0,0,0,0,0,0,0,0,0,0,0,0,0,0,0,0,0,0,0,0,0,0,0,0,0,0,236,-388,-345,56,64,76,84,79,67,51,33,11,-13,-41,-61,-69,-70,-62,-47,-26,3,35,58,72,75,64,44,13,-28,-61,-82,-100,-111,-100,-65,-14,44,93,130,156,165,144,93,29,-42,-117,-181,-221,-222,-193,-136,-55,41,139,224,279,288,257,188,92,-29,-167,-278,-347,-375,-350,-262,-138,10,169,308,405,451,433,345,200,28,-154,-316,-439,-506,-503,-425,-278,-85,125,319,468,555,563,488,343,154,-59,-265,-434,-543,-576,-525,-398,-210,5,215,394,522,570,532,418,246,44,-161,-337,-461,-509,-485,-387,-233,-56,130,296,403,443,418,331,190,20,-144,-283,0,-400,-362,-273,-143,23,186,307,372,380,329,221,77,-84,-232,-351,-405,-393,-329,-217,-56,116,267,384,437,424,352,231,63,-112,-266,-379,-435,-429,-358,-241,-90,79,234,342,402,405,344,237,105,-44,-181,-285,-339,-346,-296,-209,-102,19,137,228,278,278,231,151,55,-49,-138,-196,-220,-208,-165,-98,-9,75,146,193,207,180,125,53,-25,-102,-163,-198,-205,-176,-123,-47,39,115,171,199,202,180,136,73,-8,-87,-148,-186,-200,-190,-152,-87,-19,40,99,144,164,158,132,94,51,-8,-63,-106,-134,-136,-119,-94,-56,-12,36,86,123,137,141,132,114,86,-369,-398,0,0,0,0,0,0,0,0,0,0,0,0,0,0,0,0,0,0,0,0,0,0,0,0,0,0,0,0,0,0,0,0,0,0,0,0,0,0,0,0,0,0,0,0,0,0,0,0,0,0,0,0,0,0,0,0,0,0,0,0,0,0,0,0,0,0,0,0,0,0,0,0,0,0,0,0,0,0,0,0,0,0,0,0,0,0,0,0,0,0,0,0,0,0,0,0,0,0,0,0,0,0,0,0,0,0,0,0,0,0,0,0,0,0,0,0,0,0,0,0,0,0,0,0,0,0,0,0,0,0,0,0,0,0,0,0,0,0,0,0,0,0,0,0,0,0,0,0,0,0,0,0,0,0,0,0,0,0,0,0,0,0,0,0,0,0,0,0,0,0,0,0,0,0,0,0,0,0,0,0,0,0,0,0,0,0,0,0,0,0,0,0,0,0,0,0,0,0,0,0,0,0,0,0,0,0,0,0,0,0,0,0,0,0,0,0,0,0,0,0,0,0,0,0,0,0,0,0,0,0,0,0,0,0,0,0,0,0,0,0,0,0,0,0,0,0,0,0,0,0,0,0,0,0,0,0,-351,66,139,-32,-18,-6,6,27,45,64,73,79,76,67,44,23,-2,-27,-51,-65,-66,-59,-38,-11,15,41,64,79,82,75,54,12,-35,-74,-110,-135,-140,-125,-81,-26,40,98,150,182,190,172,124,47,-43,-133,-202,-244,-261,-238,-174,-74,42,157,247,310,329,300,227,107,-30,-168,-292,-379,-404,-376,-297,-173,-16,154,311,436,488,464,382,248,63,-136,-315,-450,-529,-537,-460,-309,-118,94,305,465,548,562,507,377,184,-42,-256,-429,-532,-575,-536,-408,-219,-15,190,373,495,540,509,408,248,49,-145,-310,-435,-492,-461,-369,-226,-47,132,286,389,422,395,312,0,0,-156,-285,-369,-396,-352,-245,-97,61,205,321,387,391,326,208,58,-96,-244,-360,-414,-406,-328,-205,-54,108,269,391,444,428,358,234,78,-92,-248,-363,-421,-424,-366,-245,-98,57,203,315,372,380,331,241,114,-34,-157,-248,-302,-310,-268,-185,-81,23,124,207,246,230,190,122,33,-59,-136,-187,-204,-195,-150,-76,11,97,169,206,209,183,127,53,-29,-109,-174,-206,-214,-192,-142,-66,20,97,160,193,197,179,142,79,6,-65,-125,-168,-189,-178,-145,-95,-38,29,86,126,146,146,126,91,47,-7,-57,-96,-124,-139,-132,-109,-74,-36,-2,40,77,102,-165,-88
28797,mtk,MTK 7916,2776913641,rx0-tx0,512,0,0,0,0,0,0,0,0,0,0,0,0,0,0,0,0,0,0,0,0,0,0,0,0,0,0,0,0,0,0,0,0,0,0,0,0,0,0,0,0,0,0,0,0,0,0,0,0,0,0,0,0,0,0,0,0,0,0,0,0,0,0,0,0,0,0,0,0,0,0,0,0,0,0,0,0,0,0,0,0,0,0,0,0,0,0,0,0,0,0,0,0,0,0,0,0,0,0,0,0,0,0,0,0,0,0,0,0,0,0,0,0,0,0,0,0,0,0,0,0,0,0,0,0,0,0,0,0,0,0,0,0,0,0,0,0,0,0,0,0,0,0,0,0,0,0,0,0,0,0,0,0,0,0,0,0,0,0,0,0,0,0,0,0,0,0,0,0,0,0,0,0,0,0,0,0,0,0,0,0,0,0,0,0,0,0,0,0,0,0,0,0,0,0,0,0,0,0,0,0,0,0,0,0,0,0,0,0,0,0,0,0,0,0,0,0,0,0,0,0,0,0,0,0,0,0,0,0,0,0,0,0,0,0,0,0,0,0,0,0,0,0,0,0,0,0,0,0,0,0,0,0,0,0,0,0,-273,-1123,-1104,-21,-129,-232,-283,-276,-211,-106,16,140,239,313,352,345,299,214,104,-25,-161,-284,-386,-447,-464,-432,-350,-219,-53,125,300,447,550,600,583,508,373,191,-11,-217,-403,-552,-647,-674,-642,-546,-402,-220,-4,205,399,560,668,725,718,640,513,344,128,-100,-323,-527,-684,-792,-822,-780,-668,-492,-272,-19,242,493,704,845,905,888,790,616,379,112,-165,-434,-660,-824,-913,-913,-838,-683,-458,-205,61,329,552,725,831,861,813,697,522,306,81,-147,-354,-529,-658,-722,-732,-684,-583,-441,-267,-79,111,289,439,559,635,660,639,577,464,322,156,-29,-213,-383,-527,-638,-1687,-701,-646,-545,-397,-212,-13,196,391,556,689,756,765,711,601,437,235,21,-199,-414,-600,-738,-818,-840,-793,-679,-510,-293,-46,221,476,698,869,968,990,928,781,553,272,-35,-353,-656,-905,-1078,-1143,-1115,-985,-761,-455,-113,252,598,892,1114,1234,1233,1113,894,583,222,-165,-532,-849,-1082,-1222,-1247,-1149,-942,-651,-295,74,433,754,1001,1150,1192,1125,945,680,354,-1,-354,-678,-933,-1096,-1156,-1101,-933,-674,-354,10,367,680,917,1062,1089,1000,809,535,214,-120,-436,-706,-889,-968,-944,-821,-614,-350,-51,245,511,716,840,874,807,646,396,84,-251,-564,-796,-893,-810,-564,-254,-880,-1002,0,0,0,0,0,0,0,0,0,0,0,0,0,0,0,0,0,0,0,0,0,0,0,0,0,0,0,0,0,0,0,0,0,0,0,0,0,0,0,0,0,0,0,0,0,0,0,0,0,0,0,0,0,0,0,0,0,0,0,0,0,0,0,0,0,0,0,0,0,0,0,0,0,0,0,0,0,0,0,0,0,0,0,0,0,0,0,0,0,0,0,0,0,0,0,0,0,0,0,0,0,0,0,0,0,0,0,0,0,0,0,0,0,0,0,0,0,0,0,0,0,0,0,0,0,0,0,0,0,0,0,0,0,0,0,0,0,0,0,0,0,0,0,0,0,0,0,0,0,0,0,0,0,0,0,0,0,0,0,0,0,0,0,0,0,0,0,0,0,0,0,0,0,0,0,0,0,0,0,0,0,0,0,0,0,0,0,0,0,0,0,0,0,0,0,0,0,0,0,0,0,0,0,0,0,0,0,0,0,0,0,0,0,0,0,0,0,0,0,0,0,0,0,0,0,0,0,0,0,0,0,0,0,0,0,0,0,0,0,0,0,0,0,0,0,0,0,0,0,0,0,0,0,0,0,0,-1322,-61,174,-207,-203,-131,-12,115,226,296,320,295,229,138,19,-103,-220,-318,-379,-405,-384,-321,-216,-79,75,228,366,473,532,534,476,363,206,17,-180,-359,-513,-613,-648,-618,-526,-377,-188,22,228,411,559,662,704,669,584,444,266,60,-159,-364,-535,-672,-757,-767,-711,-592,-420,-200,46,286,512,691,817,872,845,744,563,327,65,-204,-464,-688,-844,-920,-915,-829,-659,-430,-161,120,385,627,799,889,906,835,690,495,256,0,-248,-463,-641,-752,-795,-774,-687,-555,-377,-174,38,240,413,549,642,686,676,613,509,371,204,24,-152,-323,-471,-579,-654,-677,-645,-564,-441,-286,-175,96,293,464,608,698,735,717,633,502,326,117,-95,-306,-495,-652,-753,-791,-776,-697,-557,-372,-154,80,320,537,717,840,902,892,807,652,431,162,-128,-418,-684,-891,-1028,-1076,-1036,-899,-673,-376,-43,302,627,909,1108,1197,1190,1060,835,531,172,-211,-567,-883,-1113,-1239,-1251,-1141,-923,-623,-266,122,493,813,1054,1194,1216,1135,945,668,334,-30,-393,-719,-965,-1120,-1169,-1114,-951,-692,-373,-15,345,674,924,1085,1136,1067,889,627,296,-59,-397,-693,-906,-1019,-1018,-917,-719,-446,-133,183,474,703,852,908,861,727,515,253,-40,-332,-594,-795,-888,-864,-705,-426,-61,316,609,739,-700,-499
28798,mtk,MTK 7916,2776913641,rx0-tx1,512,0,0,0,0,0,0,0,0,0,0,0,0,0,0,0,0,0,0,0,0,0,0,0,0,0,0,0,0,0,0,0,0,0,0,0,0,0,0,0,0,0,0,0,0,0,0,0,0,0,0,0,0,0,0,0,0,0,0,0,0,0,0,0,0,0,0,0,0,0,0,0,0,0,0,0,0,0,0,0,0,0,0,0,0,0,0,0,0,0,0,0,0,0,0,0,0,0,0,0,0,0,0,0,0,0,0,0,0,0,0,0,0,0,0,0,0,0,0,0,0,0,0,0,0,0,0,0,0,0,0,0,0,0,0,0,0,0,0,0,0,0,0,0,0,0,0,0,0,0,0,0,0,0,0,0,0,0,0,0,0,0,0,0,0,0,0,0,0,0,0,0,0,0,0,0,0,0,0,0,0,0,0,0,0,0,0,0,0,0,0,0,0,0,0,0,0,0,0,0,0,0,0,0,0,0,0,0,0,0,0,0,0,0,0,0,0,0,0,0,0,0,0,0,0,0,0,0,0,0,0,0,0,0,0,0,0,0,0,0,0,0,0,0,0,0,0,0,0,0,0,0,0,0,0,0,0,-730,366,296,185,282,315,260,144,-16,-176,-308,-393,-421,-392,-307,-186,-36,126,275,408,501,537,519,435,296,115,-85,-294,-479,-623,-710,-717,-645,-494,-292,-54,202,454,661,806,875,854,746,563,322,38,-265,-543,-782,-947,-1017,-1002,-887,-686,-413,-89,240,555,828,1025,1122,1126,1036,835,556,223,-136,-491,-799,-1044,-1202,-1253,-1194,-1012,-742,-410,-30,363,716,1011,1217,1325,1316,1180,940,612,234,-175,-582,-923,-1190,-1352,-1388,-1310,-1112,-807,-437,-28,396,770,1074,1293,1385,1364,1228,978,637,250,-160,-557,-904,-1169,-1330,-1370,-1299,-1118,-839,-488,-101,291,666,975,1198,1318,1333,1224,1013,729,-546,-7,-389,-728,-1013,-1216,-1313,-1303,-1182,-967,-668,-314,62,447,788,1071,1265,1349,1326,1194,948,623,248,-156,-558,-916,-1194,-1367,-1423,-1352,-1172,-879,-508,-94,339,730,1065,1300,1425,1420,1294,1063,733,336,-93,-504,-871,-1160,-1352,-1422,-1364,-1187,-906,-551,-151,261,643,978,1223,1359,1377,1270,1054,747,373,-34,-439,-809,-1103,-1298,-1373,-1324,-1159,-883,-523,-107,323,718,1042,1266,1367,1337,1178,899,534,114,-317,-720,-1043,-1250,-1327,-1272,-1080,-778,-388,34,436,784,1037,1171,1174,1051,812,491,131,-228,-551,-800,-949,-992,-923,-757,-514,-223,91,401,657,841,912,857,674,373,2,-359,-629,-728,474,453,0,0,0,0,0,0,0,0,0,0,0,0,0,0,0,0,0,0,0,0,0,0,0,0,0,0,0,0,0,0,0,0,0,0,0,0,0,0,0,0,0,0,0,0,0,0,0,0,0,0,0,0,0,0,0,0,0,0,0,0,0,0,0,0,0,0,0,0,0,0,0,0,0,0,0,0,0,0,0,0,0,0,0,0,0,0,0,0,0,0,0,0,0,0,0,0,0,0,0,0,0,0,0,0,0,0,0,0,0,0,0,0,0,0,0,0,0,0,0,0,0,0,0,0,0,0,0,0,0,0,0,0,0,0,0,0,0,0,0,0,0,0,0,0,0,0,0,0,0,0,0,0,0,0,0,0,0,0,0,0,0,0,0,0,0,0,0,0,0,0,0,0,0,0,0,0,0,0,0,0,0,0,0,0,0,0,0,0,0,0,0,0,0,0,0,0,0,0,0,0,0,0,0,0,0,0,0,0,0,0,0,0,0,0,0,0,0,0,0,0,0,0,0,0,0,0,0,0,0,0,0,0,0,0,0,0,0,0,0,0,0,0,0,0,0,0,0,0,0,0,0,0,0,0,0,0,-128,-366,-441,177,74,-79,-229,-337,-385,-354,-263,-128,26,181,313,410,464,462,405,302,151,-23,-203,-374,-515,-600,-626,-581,-464,-298,-84,153,386,582,719,792,790,701,529,298,32,-247,-509,-724,-878,-952,-929,-815,-624,-355,-52,264,564,811,994,1080,1069,962,758,476,148,-189,-524,-821,-1041,-1170,-1194,-1109,-919,-650,-314,58,434,771,1035,1215,1298,1259,1096,842,509,131,-266,-648,-970,-1208,-1341,-1364,-1252,-1024,-711,-326,83,486,853,1142,1327,1404,1351,1168,900,542,136,-273,-666,-1003,-1243,-1366,-1379,-1275,-1052,-741,-362,43,430,785,1077,1269,1347,1317,1171,923,602,237,-153,-532,-855,-1113,1197,-1329,-1263,-1100,-848,-524,-155,226,588,903,1149,1290,1334,1263,1087,815,473,89,-297,-670,-997,-1229,-1362,-1384,-1286,-1072,-763,-381,35,449,828,1141,1342,1436,1398,1239,976,618,207,-219,-618,-969,-1237,-1401,-1429,-1337,-1132,-827,-451,-34,383,758,1068,1286,1395,1373,1234,988,655,270,-145,-540,-885,-1152,-1321,-1375,-1310,-1122,-828,-460,-53,357,735,1056,1275,1374,1343,1178,905,542,125,-299,-695,-1029,-1256,-1355,-1321,-1151,-859,-483,-62,362,744,1044,1229,1270,1176,959,641,259,-133,-503,-808,-1009,-1093,-1055,-902,-656,-351,-18,304,583,788,902,917,822,628,358,29,-310,-611,-825,-886,-776,-509,-196,-75,-175
28799,mtk,MTK 7916,2776913641,rx1-tx0,512,0,0,0,0,0,0,0,0,0,0,0,0,0,0,0,0,0,0,0,0,0,0,0,0,0,0,0,0,0,0,0,0,0,0,0,0,0,0,0,0,0,0,0,0,0,0,0,0,0,0,0,0,0,0,0,0,0,0,0,0,0,0,0,0,0,0,0,0,0,0,0,0,0,0,0,0,0,0,0,0,0,0,0,0,0,0,0,0,0,0,0,0,0,0,0,0,0,0,0,0,0,0,0,0,0,0,0,0,0,0,0,0,0,0,0,0,0,0,0,0,0,0,0,0,0,0,0,0,0,0,0,0,0,0,0,0,0,0,0,0,0,0,0,0,0,0,0,0,0,0,0,0,0,0,0,0,0,0,0,0,0,0,0,0,0,0,0,0,0,0,0,0,0,0,0,0,0,0,0,0,0,0,0,0,0,0,0,0,0,0,0,0,0,0,0,0,0,0,0,0,0,0,0,0,0,0,0,0,0,0,0,0,0,0,0,0,0,0,0,0,0,0,0,0,0,0,0,0,0,0,0,0,0,0,0,0,0,0,0,0,0,0,0,0,0,0,0,0,0,0,0,0,0,0,0,0,146,981,1011,-107,-45,47,143,208,227,195,126,37,-62,-149,-216,-249,-253,-217,-155,-73,30,127,199,257,281,270,224,143,50,-51,-149,-223,-271,-287,-267,-210,-141,-57,36,116,191,231,239,227,199,138,72,3,-62,-110,-148,-169,-160,-146,-122,-82,-42,-9,22,52,73,76,81,77,68,56,42,30,26,27,31,22,16,14,4,-19,-45,-72,-101,-128,-142,-150,-132,-97,-58,3,69,133,202,242,264,258,222,158,68,-34,-134,-224,-296,-332,-349,-318,-256,-172,-62,54,171,270,340,382,387,345,275,176,65,-51,-177,-284,-354,-396,-403,-372,-297,-202,-85,52,172,288,-144,430,424,391,320,211,88,-42,-166,-285,-371,-414,-421,-389,-309,-209,-91,39,165,274,351,398,398,366,301,207,96,-26,-138,-239,-306,-349,-363,-338,-279,-198,-104,-1,93,178,243,292,314,296,253,198,118,35,-48,-128,-195,-242,-264,-263,-244,-205,-136,-59,11,84,147,201,227,228,220,190,148,87,16,-45,-99,-151,-185,-200,-203,-188,-156,-109,-51,7,62,118,165,189,199,199,179,134,73,-1,-72,-125,-169,-206,-217,-199,-166,-108,-43,31,103,162,203,216,204,173,120,48,-25,-96,-159,-195,-208,-197,-153,-92,-19,60,131,174,195,185,135,61,-23,-91,640,789,0,0,0,0,0,0,0,0,0,0,0,0,0,0,0,0,0,0,0,0,0,0,0,0,0,0,0,0,0,0,0,0,0,0,0,0,0,0,0,0,0,0,0,0,0,0,0,0,0,0,0,0,0,0,0,0,0,0,0,0,0,0,0,0,0,0,0,0,0,0,0,0,0,0,0,0,0,0,0,0,0,0,0,0,0,0,0,0,0,0,0,0,0,0,0,0,0,0,0,0,0,0,0,0,0,0,0,0,0,0,0,0,0,0,0,0,0,0,0,0,0,0,0,0,0,0,0,0,0,0,0,0,0,0,0,0,0,0,0,0,0,0,0,0,0,0,0,0,0,0,0,0,0,0,0,0,0,0,0,0,0,0,0,0,0,0,0,0,0,0,0,0,0,0,0,0,0,0,0,0,0,0,0,0,0,0,0,0,0,0,0,0,0,0,0,0,0,0,0,0,0,0,0,0,0,0,0,0,0,0,0,0,0,0,0,0,0,0,0,0,0,0,0,0,0,0,0,0,0,0,0,0,0,0,0,0,0,0,0,0,0,0,0,0,0,0,0,0,0,0,0,0,0,0,0,0,206,217,8,113,170,189,154,71,-31,-127,-198,-236,-237,-200,-129,-44,52,144,211,261,273,240,182,104,2,-95,-187,-254,-288,-294,-256,-186,-95,6,103,181,234,270,266,237,180,100,21,-53,-129,-185,-209,-215,-198,-160,-114,-54,1,41,84,112,119,112,102,89,61,40,19,-1,-14,-24,-28,-31,-28,-26,-35,-48,-51,-58,-72,-85,-90,-87,-67,-31,10,56,106,148,181,208,204,187,143,66,-12,-98,-176,-246,-295,-311,-290,-240,-158,-62,47,161,246,314,358,367,338,266,169,59,-66,-185,-282,-353,-385,-393,-365,-289,-186,-69,55,181,287,362,413,414,379,319,147,87,-46,-168,-287,-373,-413,-422,-394,-324,-220,-97,32,169,285,361,411,417,385,310,211,93,-34,-150,-254,-328,-375,-382,-352,-287,-196,-98,16,124,214,281,323,330,308,260,195,117,21,-71,-150,-217,-265,-282,-282,-256,-205,-133,-53,27,97,171,226,248,250,236,197,140,71,4,-60,-125,-178,-213,-217,-205,-183,-148,-95,-39,17,76,125,168,191,198,192,165,118,58,1,-55,-118,-170,-209,-223,-204,-169,-125,-64,12,81,140,185,207,212,188,144,82,11,-64,-128,-184,-211,-209,-187,-140,-74,-4,73,141,183,201,195,154,92,18,-68,-139,-175,-173,-137,738,583
28800,mtk,MTK 7916,2776913641,rx1-tx1,512,0,0,0,0,0,0,0,0,0,0,0,0,0,0,0,0,0,0,0,0,0,0,0,0,0,0,0,0,0,0,0,0,0,0,0,0,0,0,0,0,0,0,0,0,0,0,0,0,0,0,0,0,0,0,0,0,0,0,0,0,0,0,0,0,0,0,0,0,0,0,0,0,0,0,0,0,0,0,0,0,0,0,0,0,0,0,0,0,0,0,0,0,0,0,0,0,0,0,0,0,0,0,0,0,0,0,0,0,0,0,0,0,0,0,0,0,0,0,0,0,0,0,0,0,0,0,0,0,0,0,0,0,0,0,0,0,0,0,0,0,0,0,0,0,0,0,0,0,0,0,0,0,0,0,0,0,0,0,0,0,0,0,0,0,0,0,0,0,0,0,0,0,0,0,0,0,0,0,0,0,0,0,0,0,0,0,0,0,0,0,0,0,0,0,0,0,0,0,0,0,0,0,0,0,0,0,0,0,0,0,0,0,0,0,0,0,0,0,0,0,0,0,0,0,0,0,0,0,0,0,0,0,0,0,0,0,0,0,0,0,0,0,0,0,0,0,0,0,0,0,0,0,0,0,0,0,-411,-460,-521,-33,-51,-66,-78,-85,-81,-67,-43,-10,26,62,84,95,92,74,41,4,-36,-74,-100,-104,-89,-61,-21,25,67,95,106,98,78,44,-3,-50,-76,-88,-88,-70,-38,-4,32,56,67,63,54,32,5,-19,-30,-32,-25,-17,-7,3,7,2,-4,-10,-17,-18,-15,-5,12,30,44,55,52,35,1,-28,-57,-81,-89,-77,-46,-1,41,76,100,106,91,55,10,-39,-81,-104,-106,-91,-53,-5,46,94,116,105,75,38,-8,-53,-86,-98,-93,-68,-29,15,52,76,84,73,47,15,-21,-55,-73,-73,-61,-36,-9,17,38,51,56,47,31,16,6,-6,0,-13,-16,-27,-39,-44,-45,-42,-37,-25,0,37,76,107,118,107,75,27,-36,-101,-154,-186,-176,-131,-62,23,113,192,236,239,193,107,-4,-119,-220,-279,-284,-236,-144,-18,109,224,297,310,264,168,33,-110,-228,-303,-323,-280,-177,-43,97,212,288,308,266,169,37,-104,-217,-281,-290,-243,-142,-19,106,215,282,284,231,136,11,-119,-221,-277,-275,-219,-129,-18,105,211,270,273,228,137,21,-85,-173,-236,-248,-212,-141,-50,49,140,195,212,187,130,54,-29,-102,-149,-166,-153,-111,-48,21,83,126,147,140,103,40,-25,-81,-126,-159,-172,-156,-119,-72,-13,-140,-249,0,0,0,0,0,0,0,0,0,0,0,0,0,0,0,0,0,0,0,0,0,0,0,0,0,0,0,0,0,0,0,0,0,0,0,0,0,0,0,0,0,0,0,0,0,0,0,0,0,0,0,0,0,0,0,0,0,0,0,0,0,0,0,0,0,0,0,0,0,0,0,0,0,0,0,0,0,0,0,0,0,0,0,0,0,0,0,0,0,0,0,0,0,0,0,0,0,0,0,0,0,0,0,0,0,0,0,0,0,0,0,0,0,0,0,0,0,0,0,0,0,0,0,0,0,0,0,0,0,0,0,0,0,0,0,0,0,0,0,0,0,0,0,0,0,0,0,0,0,0,0,0,0,0,0,0,0,0,0,0,0,0,0,0,0,0,0,0,0,0,0,0,0,0,0,0,0,0,0,0,0,0,0,0,0,0,0,0,0,0,0,0,0,0,0,0,0,0,0,0,0,0,0,0,0,0,0,0,0,0,0,0,0,0,0,0,0,0,0,0,0,0,0,0,0,0,0,0,0,0,0,0,0,0,0,0,0,0,0,0,0,0,0,0,0,0,0,0,0,0,0,0,0,0,0,0,-92,-278,-169,51,46,34,13,-12,-39,-63,-80,-88,-88,-72,-43,-5,34,65,88,100,94,70,31,-14,-54,-85,-105,-107,-86,-51,-8,38,76,100,109,92,57,20,-17,-51,-75,-82,-76,-54,-25,7,32,51,54,40,25,13,-5,-15,-17,-13,-1,7,12,14,3,-15,-34,-40,-42,-33,-15,10,38,61,71,71,56,25,-16,-54,-83,-96,-92,-69,-28,20,60,96,114,109,77,28,-26,-70,-102,-116,-104,-70,-23,25,71,98,102,87,60,18,-30,-69,-91,-89,-70,-40,-1,39,68,83,79,60,31,-5,-34,-53,-60,-56,-43,-26,-7,11,25,29,34,37,0,23,25,23,15,8,-2,-23,-46,-67,-79,-78,-65,-39,9,62,109,140,151,134,82,6,-70,-142,-198,-216,-188,-128,-42,64,163,238,265,244,178,73,-58,-178,-264,-302,-284,-209,-92,46,174,272,320,310,235,106,-39,-166,-262,-311,-298,-225,-105,32,159,256,295,276,204,91,-41,-169,-255,-287,-264,-195,-84,46,169,255,289,263,183,71,-58,-168,-247,-284,-263,-185,-77,38,151,232,265,248,182,89,-19,-118,-192,-227,-222,-179,-98,-5,77,142,180,181,145,84,11,-56,-111,-146,-152,-127,-72,-5,59,108,141,154,136,97,43,-22,-81,-121,-145,-158,-476,-433
28801,mtk,MTK 7916,2776913641,rx2-tx0,512,0,0,0,0,0,0,0,0,0,0,0,0,0,0,0,0,0,0,0,0,0,0,0,0,0,0,0,0,0,0,0,0,0,0,0,0,0,0,0,0,0,0,0,0,0,0,0,0,0,0,0,0,0,0,0,0,0,0,0,0,0,0,0,0,0,0,0,0,0,0,0,0,0,0,0,0,0,0,0,0,0,0,0,0,0,0,0,0,0,0,0,0,0,0,0,0,0,0,0,0,0,0,0,0,0,0,0,0,0,0,0,0,0,0,0,0,0,0,0,0,0,0,0,0,0,0,0,0,0,0,0,0,0,0,0,0,0,0,0,0,0,0,0,0,0,0,0,0,0,0,0,0,0,0,0,0,0,0,0,0,0,0,0,0,0,0,0,0,0,0,0,0,0,0,0,0,0,0,0,0,0,0,0,0,0,0,0,0,0,0,0,0,0,0,0,0,0,0,0,0,0,0,0,0,0,0,0,0,0,0,0,0,0,0,0,0,0,0,0,0,0,0,0,0,0,0,0,0,0,0,0,0,0,0,0,0,0,0,0,0,0,0,0,0,0,0,0,0,0,0,0,0,0,0,0,0,-136,674,731,-54,-50,-36,-13,11,38,62,78,84,82,69,46,15,-21,-50,-74,-88,-88,-75,-52,-21,10,41,73,91,92,82,68,42,4,-32,-67,-91,-105,-108,-97,-66,-25,21,72,123,148,145,125,81,18,-53,-125,-179,-191,-174,-126,-45,49,141,212,236,213,151,61,-54,-166,-252,-282,-249,-170,-55,89,219,299,319,275,168,16,-145,-277,-357,-368,-297,-152,33,206,344,417,400,297,127,-79,-274,-417,-478,-436,-297,-97,131,338,475,510,435,270,51,-186,-390,-507,-515,-417,-233,9,250,432,525,506,373,154,-99,-325,-484,-541,-475,-301,-66,185,400,526,541,0,234,-24,-278,-470,-561,-535,-394,-159,115,363,536,599,529,341,80,-206,-449,-593,-617,-506,-289,-16,265,503,629,619,486,258,-31,-324,-549,-657,-629,-477,-227,69,344,550,650,612,449,205,-79,-342,-522,-603,-573,-429,-194,67,301,464,537,502,372,172,-51,-258,-406,-457,-418,-308,-143,46,216,332,374,342,247,109,-47,-186,-278,-308,-276,-191,-70,62,169,238,260,223,140,37,-71,-165,-220,-229,-190,-112,-17,79,158,208,217,182,117,27,-61,-137,-191,-215,-198,-143,-63,20,95,158,195,200,168,109,35,-43,-116,-170,-200,-200,-173,-127,-71,-13,42,87,126,311,448,0,0,0,0,0,0,0,0,0,0,0,0,0,0,0,0,0,0,0,0,0,0,0,0,0,0,0,0,0,0,0,0,0,0,0,0,0,0,0,0,0,0,0,0,0,0,0,0,0,0,0,0,0,0,0,0,0,0,0,0,0,0,0,0,0,0,0,0,0,0,0,0,0,0,0,0,0,0,0,0,0,0,0,0,0,0,0,0,0,0,0,0,0,0,0,0,0,0,0,0,0,0,0,0,0,0,0,0,0,0,0,0,0,0,0,0,0,0,0,0,0,0,0,0,0,0,0,0,0,0,0,0,0,0,0,0,0,0,0,0,0,0,0,0,0,0,0,0,0,0,0,0,0,0,0,0,0,0,0,0,0,0,0,0,0,0,0,0,0,0,0,0,0,0,0,0,0,0,0,0,0,0,0,0,0,0,0,0,0,0,0,0,0,0,0,0,0,0,0,0,0,0,0,0,0,0,0,0,0,0,0,0,0,0,0,0,0,0,0,0,0,0,0,0,0,0,0,0,0,0,0,0,0,0,0,0,0,0,0,0,0,0,0,0,0,0,0,0,0,0,0,0,0,0,0,0,1335,325,170,-38,-60,-74,-84,-87,-80,-64,-40,-7,26,52,73,86,88,73,48,17,-17,-48,-72,-84,-88,-79,-56,-27,4,37,66,87,98,96,78,46,11,-25,-70,-106,-126,-129,-115,-77,-25,35,97,148,172,166,131,67,-12,-97,-170,-211,-212,-177,-104,-1,106,196,248,254,207,110,-8,-126,-230,-299,-297,-225,-102,39,178,289,340,326,240,89,-91,-250,-360,-396,-347,-222,-46,155,323,423,443,370,209,3,-210,-388,-486,-477,-369,-184,47,268,434,516,486,347,139,-98,-321,-478,-534,-473,-302,-69,175,383,509,528,432,235,-18,-262,-444,-533,-512,-373,-154,98,0,509,563,489,309,67,-194,-423,-559,-575,-468,-253,24,292,500,603,577,428,190,-93,-365,-560,-630,-570,-396,-135,161,424,598,653,568,371,97,-200,-463,-624,-653,-554,-347,-74,208,449,598,627,528,331,70,-204,-431,-556,-572,-481,-301,-66,171,361,476,500,416,253,52,-149,-308,-399,-409,-334,-200,-41,123,259,332,330,264,154,19,-119,-223,-276,-267,-202,-104,8,119,207,244,229,168,73,-32,-121,-186,-221,-205,-151,-74,20,113,185,216,203,160,92,5,-83,-152,-194,-202,-180,-126,-46,38,109,165,200,198,160,104,36,-36,-100,-152,-186,-195,-180,-149,-104,656,570
28802,mtk,MTK 7916,2776913641,rx2-tx1,512,0,0,0,0,0,0,0,0,0,0,0,0,0,0,0,0,0,0,0,0,0,0,0,0,0,0,0,0,0,0,0,0,0,0,0,0,0,0,0,0,0,0,0,0,0,0,0,0,0,0,0,0,0,0,0,0,0,0,0,0,0,0,0,0,0,0,0,0,0,0,0,0,0,0,0,0,0,0,0,0,0,0,0,0,0,0,0,0,0,0,0,0,0,0,0,0,0,0,0,0,0,0,0,0,0,0,0,0,0,0,0,0,0,0,0,0,0,0,0,0,0,0,0,0,0,0,0,0,0,0,0,0,0,0,0,0,0,0,0,0,0,0,0,0,0,0,0,0,0,0,0,0,0,0,0,0,0,0,0,0,0,0,0,0,0,0,0,0,0,0,0,0,0,0,0,0,0,0,0,0,0,0,0,0,0,0,0,0,0,0,0,0,0,0,0,0,0,0,0,0,0,0,0,0,0,0,0,0,0,0,0,0,0,0,0,0,0,0,0,0,0,0,0,0,0,0,0,0,0,0,0,0,0,0,0,0,0,0,0,0,0,0,0,0,0,0,0,0,0,0,0,0,0,0,0,0,236,-388,-345,-47,-45,-42,-30,-14,9,37,58,68,72,67,50,23,-9,-41,-61,-70,-69,-53,-21,15,46,71,81,69,46,15,-25,-67,-90,-88,-75,-44,8,64,98,110,102,74,26,-35,-92,-130,-144,-122,-63,14,91,155,187,181,136,48,-53,-144,-212,-241,-214,-135,-24,104,215,281,297,253,145,-9,-162,-286,-357,-358,-278,-135,42,220,357,417,388,285,117,-81,-272,-408,-457,-408,-276,-91,124,318,445,478,416,257,44,-176,-364,-477,-486,-393,-215,6,227,400,483,464,346,164,-54,-261,-410,-461,-410,-276,-84,121,291,399,422,346,193,4,-183,-328,-390,-364,0,-97,85,254,364,377,305,169,-11,-188,-320,-380,-356,-252,-88,103,270,371,392,332,196,10,-184,-341,-412,-391,-294,-140,49,226,356,414,378,259,85,-103,-265,-362,-386,-335,-206,-37,130,264,344,344,273,147,-6,-145,-244,-294,-276,-199,-84,42,153,215,234,200,119,20,-75,-152,-191,-184,-130,-44,41,118,162,159,124,62,-16,-90,-139,-154,-137,-89,-18,57,118,153,153,118,60,-11,-74,-120,-148,-139,-99,-45,17,77,119,134,124,91,43,-13,-68,-107,-119,-104,-76,-34,13,49,71,81,73,47,16,-15,-37,-51,-55,-47,-33,-11,17,40,52,56,-369,-398,0,0,0,0,0,0,0,0,0,0,0,0,0,0,0,0,0,0,0,0,0,0,0,0,0,0,0,0,0,0,0,0,0,0,0,0,0,0,0,0,0,0,0,0,0,0,0,0,0,0,0,0,0,0,0,0,0,0,0,0,0,0,0,0,0,0,0,0,0,0,0,0,0,0,0,0,0,0,0,0,0,0,0,0,0,0,0,0,0,0,0,0,0,0,0,0,0,0,0,0,0,0,0,0,0,0,0,0,0,0,0,0,0,0,0,0,0,0,0,0,0,0,0,0,0,0,0,0,0,0,0,0,0,0,0,0,0,0,0,0,0,0,0,0,0,0,0,0,0,0,0,0,0,0,0,0,0,0,0,0,0,0,0,0,0,0,0,0,0,0,0,0,0,0,0,0,0,0,0,0,0,0,0,0,0,0,0,0,0,0,0,0,0,0,0,0,0,0,0,0,0,0,0,0,0,0,0,0,0,0,0,0,0,0,0,0,0,0,0,0,0,0,0,0,0,0,0,0,0,0,0,0,0,0,0,0,0,0,0,0,0,0,0,0,0,0,0,0,0,0,0,0,0,0,0,0,-351,66,139,-15,-27,-42,-54,-61,-67,-65,-49,-24,5,31,50,63,70,61,38,6,-30,-58,-71,-74,-58,-29,3,37,67,81,78,57,20,-24,-67,-99,-104,-88,-50,-5,45,92,122,124,88,30,-34,-94,-142,-160,-147,-97,-18,71,151,205,213,172,88,-21,-135,-223,-272,-260,-188,-67,66,196,290,333,311,211,56,-113,-263,-368,-392,-340,-210,-32,161,321,422,436,357,196,-8,-213,-374,-463,-455,-352,-172,37,252,416,488,453,330,134,-91,-298,-443,-495,-432,-279,-72,145,332,449,471,396,228,18,-186,-347,-435,-428,-327,-156,48,237,365,409,364,232,53,-127,0,-379,-374,-283,-129,55,221,333,376,332,206,32,-146,-296,-386,-381,-290,-143,43,225,360,409,366,246,78,-113,-281,-387,-407,-346,-200,-17,168,321,407,395,302,149,-31,-201,-325,-380,-354,-256,-102,63,211,303,325,274,176,44,-92,-202,-261,-263,-205,-109,7,110,185,210,185,122,36,-56,-132,-172,-166,-121,-51,31,103,149,160,131,70,-4,-79,-130,-151,-141,-102,-37,34,104,150,153,130,84,21,-49,-108,-137,-141,-120,-75,-8,52,95,121,127,104,64,17,-32,-75,-97,-97,-76,-45,-7,30,61,71,66,50,24,-7,-35,-56,-62,-57,-44,-25,0,-165,-88
28803,mtk,MTK 7916,2776973360,rx0-tx0,512,0,0,0,0,0,0,0,0,0,0,0,0,0,0,0,0,0,0,0,0,0,0,0,0,0,0,0,0,0,0,0,0,0,0,0,0,0,0,0,0,0,0,0,0,0,0,0,0,0,0,0,0,0,0,0,0,0,0,0,0,0,0,0,0,0,0,0,0,0,0,0,0,0,0,0,0,0,0,0,0,0,0,0,0,0,0,0,0,0,0,0,0,0,0,0,0,0,0,0,0,0,0,0,0,0,0,0,0,0,0,0,0,0,0,0,0,0,0,0,0,0,0,0,0,0,0,0,0,0,0,0,0,0,0,0,0,0,0,0,0,0,0,0,0,0,0,0,0,0,0,0,0,0,0,0,0,0,0,0,0,0,0,0,0,0,0,0,0,0,0,0,0,0,0,0,0,0,0,0,0,0,0,0,0,0,0,0,0,0,0,0,0,0,0,0,0,0,0,0,0,0,0,0,0,0,0,0,0,0,0,0,0,0,0,0,0,0,0,0,0,0,0,0,0,0,0,0,0,0,0,0,0,0,0,0,0,0,0,0,0,0,0,0,0,0,0,0,0,0,0,0,0,0,0,0,0,-273,-1123,-1104,-99,10,146,259,314,302,229,118,-20,-150,-262,-344,-378,-366,-305,-201,-65,87,238,370,463,503,485,404,266,79,-126,-329,-494,-604,-647,-609,-497,-325,-100,142,361,547,671,724,692,588,416,192,-44,-279,-488,-644,-748,-770,-712,-583,-389,-157,94,347,570,739,836,848,776,615,383,108,-180,-450,-684,-846,-923,-909,-785,-594,-336,-40,258,528,747,878,934,888,752,545,281,-4,-285,-536,-732,-862,-898,-846,-720,-518,-278,-14,259,501,683,795,847,806,687,513,298,57,-187,-406,-588,-719,-786,-778,-705,-578,-392,-161,74,308,517,679,787,821,784,678,499,277,15,-1687,-492,-689,-823,-889,-868,-766,-589,-353,-79,200,472,697,865,947,948,857,682,447,161,-148,-441,-702,-908,-1028,-1059,-993,-828,-574,-260,80,435,751,1012,1179,1235,1166,975,683,305,-106,-522,-903,-1202,-1371,-1397,-1287,-1036,-669,-219,261,719,1110,1385,1513,1475,1282,950,517,29,-470,-918,-1256,-1462,-1518,-1401,-1145,-760,-294,187,651,1036,1314,1454,1425,1243,939,540,78,-392,-808,-1135,-1346,-1402,-1305,-1071,-714,-272,183,621,994,1243,1351,1297,1088,754,344,-105,-539,-896,-1136,-1241,-1188,-1002,-697,-314,99,488,805,1024,1110,1063,890,604,233,-168,-557,-887,-1085,-1127,-976,-635,-162,346,751,938,-880,-1002,0,0,0,0,0,0,0,0,0,0,0,0,0,0,0,0,0,0,0,0,0,0,0,0,0,0,0,0,0,0,0,0,0,0,0,0,0,0,0,0,0,0,0,0,0,0,0,0,0,0,0,0,0,0,0,0,0,0,0,0,0,0,0,0,0,0,0,0,0,0,0,0,0,0,0,0,0,0,0,0,0,0,0,0,0,0,0,0,0,0,0,0,0,0,0,0,0,0,0,0,0,0,0,0,0,0,0,0,0,0,0,0,0,0,0,0,0,0,0,0,0,0,0,0,0,0,0,0,0,0,0,0,0,0,0,0,0,0,0,0,0,0,0,0,0,0,0,0,0,0,0,0,0,0,0,0,0,0,0,0,0,0,0,0,0,0,0,0,0,0,0,0,0,0,0,0,0,0,0,0,0,0,0,0,0,0,0,0,0,0,0,0,0,0,0,0,0,0,0,0,0,0,0,0,0,0,0,0,0,0,0,0,0,0,0,0,0,0,0,0,0,0,0,0,0,0,0,0,0,0,0,0,0,0,0,0,0,0,0,0,0,0,0,0,0,0,0,0,0,0,0,0,0,0,0,0,-1322,-61,174,201,253,237,152,23,-121,-239,-320,-345,-316,-247,-135,-4,130,258,356,417,429,387,291,148,-20,-197,-354,-483,-561,-571,-513,-382,-198,26,254,450,599,687,683,602,454,249,15,-223,-439,-613,-715,-742,-697,-571,-390,-167,75,313,525,690,787,803,741,604,395,139,-134,-402,-633,-802,-884,-883,-788,-610,-361,-75,230,505,721,876,936,899,772,565,302,18,-278,-534,-742,-872,-915,-867,-735,-532,-279,4,276,522,716,828,870,829,700,509,285,31,-232,-461,-641,-759,-812,-783,-688,-533,-335,-105,133,352,547,699,780,793,742,622,440,218,-31,-270,-496,-677,-805,-866,-175,-730,-545,-316,-48,229,487,701,854,923,911,809,631,395,118,-173,-459,-700,-880,-986,-995,-912,-747,-510,-216,103,423,715,945,1084,1134,1078,907,645,297,-80,-466,-812,-1094,-1272,-1323,-1239,-1027,-693,-275,171,610,1003,1298,1453,1453,1301,1007,602,126,-369,-822,-1199,-1440,-1531,-1458,-1220,-857,-412,87,575,990,1304,1467,1478,1329,1043,655,187,-293,-731,-1088,-1332,-1433,-1375,-1164,-841,-423,42,490,889,1194,1356,1359,1222,936,548,100,-360,-772,-1079,-1259,-1292,-1171,-908,-549,-126,306,685,978,1141,1165,1046,807,475,87,-302,-656,-928,-1080,-1087,-956,-683,-298,148,596,950,1119,1047,739,334,-700,-499
28804,mtk,MTK 7916,2776973360,rx0-tx1,512,0,0,0,0,0,0,0,0,0,0,0,0,0,0,0,0,0,0,0,0,0,0,0,0,0,0,0,0,0,0,0,0,0,0,0,0,0,0,0,0,0,0,0,0,0,0,0,0,0,0,0,0,0,0,0,0,0,0,0,0,0,0,0,0,0,0,0,0,0,0,0,0,0,0,0,0,0,0,0,0,0,0,0,0,0,0,0,0,0,0,0,0,0,0,0,0,0,0,0,0,0,0,0,0,0,0,0,0,0,0,0,0,0,0,0,0,0,0,0,0,0,0,0,0,0,0,0,0,0,0,0,0,0,0,0,0,0,0,0,0,0,0,0,0,0,0,0,0,0,0,0,0,0,0,0,0,0,0,0,0,0,0,0,0,0,0,0,0,0,0,0,0,0,0,0,0,0,0,0,0,0,0,0,0,0,0,0,0,0,0,0,0,0,0,0,0,0,0,0,0,0,0,0,0,0,0,0,0,0,0,0,0,0,0,0,0,0,0,0,0,0,0,0,0,0,0,0,0,0,0,0,0,0,0,0,0,0,0,0,0,0,0,0,0,0,0,0,0,0,0,0,0,0,0,0,0,-730,366,296,-105,-241,-331,-335,-255,-105,72,241,371,439,443,378,260,98,-84,-258,-412,-521,-567,-541,-444,-283,-77,148,374,561,690,739,695,567,358,99,-176,-445,-678,-831,-897,-864,-723,-498,-210,108,430,710,914,1040,1035,915,702,399,48,-317,-653,-924,-1103,-1172,-1115,-935,-656,-310,86,478,819,1080,1240,1259,1159,943,620,219,-202,-604,-949,-1209,-1347,-1347,-1210,-944,-594,-161,290,718,1081,1326,1445,1410,1230,930,521,69,-402,-837,-1175,-1397,-1487,-1419,-1201,-869,-445,23,491,903,1224,1428,1476,1379,1144,795,374,-92,-538,-924,-1231,-1411,-1444,-1332,-1102,-757,-341,112,537,920,1207,1373,1415,-546,1084,747,350,-83,-515,-893,-1185,-1362,-1411,-1327,-1112,-797,-399,43,486,884,1198,1393,1458,1376,1167,838,418,-48,-513,-929,-1260,-1467,-1519,-1424,-1184,-819,-378,109,584,1001,1320,1490,1518,1404,1140,756,303,-174,-635,-1029,-1322,-1484,-1486,-1337,-1059,-674,-221,245,684,1047,1310,1432,1412,1253,966,584,152,-298,-724,-1068,-1302,-1402,-1357,-1172,-867,-478,-30,418,820,1138,1333,1383,1283,1044,695,267,-194,-625,-984,-1237,-1348,-1294,-1098,-772,-356,91,526,890,1138,1248,1202,1010,700,320,-92,-483,-796,-1010,-1086,-1025,-841,-563,-227,122,450,721,894,948,882,699,416,64,-311,-642,-871,-925,-785,-473,-123,474,453,0,0,0,0,0,0,0,0,0,0,0,0,0,0,0,0,0,0,0,0,0,0,0,0,0,0,0,0,0,0,0,0,0,0,0,0,0,0,0,0,0,0,0,0,0,0,0,0,0,0,0,0,0,0,0,0,0,0,0,0,0,0,0,0,0,0,0,0,0,0,0,0,0,0,0,0,0,0,0,0,0,0,0,0,0,0,0,0,0,0,0,0,0,0,0,0,0,0,0,0,0,0,0,0,0,0,0,0,0,0,0,0,0,0,0,0,0,0,0,0,0,0,0,0,0,0,0,0,0,0,0,0,0,0,0,0,0,0,0,0,0,0,0,0,0,0,0,0,0,0,0,0,0,0,0,0,0,0,0,0,0,0,0,0,0,0,0,0,0,0,0,0,0,0,0,0,0,0,0,0,0,0,0,0,0,0,0,0,0,0,0,0,0,0,0,0,0,0,0,0,0,0,0,0,0,0,0,0,0,0,0,0,0,0,0,0,0,0,0,0,0,0,0,0,0,0,0,0,0,0,0,0,0,0,0,0,0,0,0,0,0,0,0,0,0,0,0,0,0,0,0,0,0,0,0,0,-128,-366,-441,-240,-184,-43,130,287,389,408,353,230,70,-104,-268,-396,-478,-497,-449,-343,-181,17,222,409,556,636,644,568,412,202,-50,-299,-530,-708,-802,-809,-723,-542,-290,1,305,586,805,939,975,903,714,457,134,-219,-541,-823,-1021,-1108,-1080,-931,-678,-353,23,399,737,1000,1170,1224,1140,933,634,256,-147,-536,-883,-1153,-1303,-1311,-1187,-945,-600,-187,246,662,1003,1265,1401,1383,1229,938,554,112,-356,-780,-1133,-1373,-1465,-1424,-1223,-897,-487,-20,456,880,1208,1421,1486,1399,1173,830,404,-65,-522,-930,-1238,-1425,-1467,-1354,-1128,-782,-353,105,543,924,1220,1392,1422,1318,1092,745,335,-110,1197,-901,-1189,-1359,-1407,-1316,-1092,-769,-372,61,492,878,1176,1372,1430,1348,1136,808,406,-38,-487,-890,-1220,-1430,-1493,-1408,-1187,-841,-408,77,550,977,1297,1484,1529,1417,1169,795,342,-133,-604,-1022,-1330,-1495,-1509,-1374,-1100,-720,-268,212,662,1044,1319,1458,1446,1291,1008,625,183,-267,-694,-1049,-1293,-1404,-1384,-1214,-924,-544,-105,344,758,1087,1305,1393,1324,1117,791,379,-70,-512,-899,-1187,-1349,-1355,-1209,-932,-550,-102,349,756,1080,1265,1303,1187,928,564,139,-298,-686,-978,-1141,-1169,-1044,-799,-465,-83,293,617,855,976,978,864,646,347,7,-327,-625,-845,-943,-894,-695,-362,48,437,712,793,-75,-175
28805,mtk,MTK 7916,2776973360,rx1-tx0,512,0,0,0,0,0,0,0,0,0,0,0,0,0,0,0,0,0,0,0,0,0,0,0,0,0,0,0,0,0,0,0,0,0,0,0,0,0,0,0,0,0,0,0,0,0,0,0,0,0,0,0,0,0,0,0,0,0,0,0,0,0,0,0,0,0,0,0,0,0,0,0,0,0,0,0,0,0,0,0,0,0,0,0,0,0,0,0,0,0,0,0,0,0,0,0,0,0,0,0,0,0,0,0,0,0,0,0,0,0,0,0,0,0,0,0,0,0,0,0,0,0,0,0,0,0,0,0,0,0,0,0,0,0,0,0,0,0,0,0,0,0,0,0,0,0,0,0,0,0,0,0,0,0,0,0,0,0,0,0,0,0,0,0,0,0,0,0,0,0,0,0,0,0,0,0,0,0,0,0,0,0,0,0,0,0,0,0,0,0,0,0,0,0,0,0,0,0,0,0,0,0,0,0,0,0,0,0,0,0,0,0,0,0,0,0,0,0,0,0,0,0,0,0,0,0,0,0,0,0,0,0,0,0,0,0,0,0,0,0,0,0,0,0,0,0,0,0,0,0,0,0,0,0,0,0,0,146,981,1011,174,148,57,-67,-179,-249,-260,-214,-129,-29,84,181,247,283,269,212,133,29,-80,-177,-245,-284,-284,-244,-169,-68,36,142,222,267,273,248,200,120,28,-53,-131,-186,-209,-212,-193,-157,-101,-29,25,63,98,124,130,133,116,92,66,46,26,0,-15,-34,-51,-62,-75,-82,-99,-95,-97,-87,-63,-34,2,38,90,134,173,201,215,200,165,99,20,-72,-175,-270,-329,-359,-347,-281,-192,-67,76,208,338,420,456,433,362,255,103,-54,-216,-351,-445,-489,-479,-415,-299,-147,19,190,326,431,488,491,443,348,210,51,-102,-251,-375,-455,-490,-478,-399,-278,-133,-144,182,321,419,479,488,435,335,198,46,-115,-264,-381,-456,-471,-440,-356,-234,-105,52,196,309,392,426,415,359,261,142,7,-129,-240,-332,-381,-379,-327,-256,-163,-49,64,163,244,293,304,285,232,158,80,-12,-99,-168,-210,-232,-228,-196,-144,-83,-22,42,93,131,156,154,139,115,78,45,21,-21,-54,-67,-78,-82,-85,-80,-68,-61,-44,-25,-1,26,54,77,92,98,98,87,63,27,-8,-41,-83,-106,-123,-125,-114,-85,-36,14,60,106,132,141,128,101,62,15,-39,-86,-114,-130,-128,-97,-60,-9,36,83,115,118,107,82,35,-19,-64,-92,-93,-69,640,789,0,0,0,0,0,0,0,0,0,0,0,0,0,0,0,0,0,0,0,0,0,0,0,0,0,0,0,0,0,0,0,0,0,0,0,0,0,0,0,0,0,0,0,0,0,0,0,0,0,0,0,0,0,0,0,0,0,0,0,0,0,0,0,0,0,0,0,0,0,0,0,0,0,0,0,0,0,0,0,0,0,0,0,0,0,0,0,0,0,0,0,0,0,0,0,0,0,0,0,0,0,0,0,0,0,0,0,0,0,0,0,0,0,0,0,0,0,0,0,0,0,0,0,0,0,0,0,0,0,0,0,0,0,0,0,0,0,0,0,0,0,0,0,0,0,0,0,0,0,0,0,0,0,0,0,0,0,0,0,0,0,0,0,0,0,0,0,0,0,0,0,0,0,0,0,0,0,0,0,0,0,0,0,0,0,0,0,0,0,0,0,0,0,0,0,0,0,0,0,0,0,0,0,0,0,0,0,0,0,0,0,0,0,0,0,0,0,0,0,0,0,0,0,0,0,0,0,0,0,0,0,0,0,0,0,0,0,0,0,0,0,0,0,0,0,0,0,0,0,0,0,0,0,0,0,0,206,217,8,-40,-140,-220,-235,-185,-85,37,152,232,273,267,207,125,24,-90,-177,-250,-285,-277,-226,-145,-48,60,160,235,278,282,254,182,91,-9,-97,-173,-230,-247,-240,-204,-141,-65,7,75,131,171,179,160,137,112,71,30,-8,-44,-67,-78,-83,-90,-87,-83,-79,-65,-57,-36,-23,0,27,45,76,105,129,141,150,145,122,88,28,-46,-121,-190,-242,-275,-286,-262,-195,-97,13,146,259,347,411,412,378,291,156,6,-154,-288,-398,-464,-478,-441,-343,-200,-39,126,277,397,475,497,466,381,253,97,-67,-222,-356,-456,-492,-482,-425,-318,-179,-24,140,290,397,466,147,452,372,248,102,-66,-223,-352,-441,-479,-471,-406,-298,-151,5,155,292,383,443,454,403,310,186,48,-93,-221,-322,-382,-405,-377,-313,-219,-94,40,153,243,316,343,329,281,211,116,7,-88,-175,-227,-254,-261,-235,-185,-119,-50,30,95,146,178,192,183,152,114,59,3,-40,-78,-105,-114,-121,-121,-93,-71,-51,-28,2,26,39,55,72,83,92,93,85,62,31,0,-30,-66,-95,-111,-117,-114,-92,-58,-12,29,72,110,133,132,120,90,51,1,-44,-89,-119,-136,-134,-111,-69,-23,39,87,113,123,118,98,51,2,-41,-85,-115,-115,-93,-49,2,41,738,583
28806,mtk,MTK 7916,2776973360,rx1-tx1,512,0,0,0,0,0,0,0,0,0,0,0,0,0,0,0,0,0,0,0,0,0,0,0,0,0,0,0,0,0,0,0,0,0,0,0,0,0,0,0,0,0,0,0,0,0,0,0,0,0,0,0,0,0,0,0,0,0,0,0,0,0,0,0,0,0,0,0,0,0,0,0,0,0,0,0,0,0,0,0,0,0,0,0,0,0,0,0,0,0,0,0,0,0,0,0,0,0,0,0,0,0,0,0,0,0,0,0,0,0,0,0,0,0,0,0,0,0,0,0,0,0,0,0,0,0,0,0,0,0,0,0,0,0,0,0,0,0,0,0,0,0,0,0,0,0,0,0,0,0,0,0,0,0,0,0,0,0,0,0,0,0,0,0,0,0,0,0,0,0,0,0,0,0,0,0,0,0,0,0,0,0,0,0,0,0,0,0,0,0,0,0,0,0,0,0,0,0,0,0,0,0,0,0,0,0,0,0,0,0,0,0,0,0,0,0,0,0,0,0,0,0,0,0,0,0,0,0,0,0,0,0,0,0,0,0,0,0,0,0,0,0,0,0,0,0,0,0,0,0,0,0,0,0,0,0,0,-411,-460,-521,65,81,92,100,96,80,56,25,-14,-51,-84,-105,-113,-108,-85,-45,-1,47,85,111,121,114,92,52,0,-54,-91,-115,-127,-115,-79,-32,18,63,94,107,104,86,53,14,-23,-54,-75,-82,-75,-51,-21,6,31,44,46,44,35,19,2,-13,-23,-19,-4,6,12,16,13,2,-15,-32,-43,-52,-45,-28,-4,21,46,58,61,61,44,24,-8,-43,-68,-81,-80,-61,-33,1,35,62,73,75,68,43,8,-26,-54,-69,-69,-58,-37,-13,9,33,52,59,55,43,24,1,-21,-35,-39,-42,-41,-31,-16,-2,10,25,39,42,41,42,39,28,11,0,-37,-64,-80,-90,-95,-79,-44,1,50,94,131,152,149,120,67,-4,-81,-153,-209,-228,-206,-148,-65,34,138,223,275,280,233,145,35,-88,-204,-287,-324,-300,-225,-108,25,162,274,337,338,283,179,43,-102,-231,-317,-348,-320,-230,-97,52,183,281,332,326,252,131,-9,-145,-255,-321,-329,-270,-158,-18,124,244,317,334,290,195,63,-76,-204,-298,-339,-318,-239,-122,17,155,262,319,326,275,179,60,-70,-190,-274,-302,-281,-221,-127,-13,100,189,243,252,221,151,56,-42,-127,-184,-212,-199,-155,-81,6,90,157,203,217,197,147,82,13,-56,-117,-162,-190,-140,-249,0,0,0,0,0,0,0,0,0,0,0,0,0,0,0,0,0,0,0,0,0,0,0,0,0,0,0,0,0,0,0,0,0,0,0,0,0,0,0,0,0,0,0,0,0,0,0,0,0,0,0,0,0,0,0,0,0,0,0,0,0,0,0,0,0,0,0,0,0,0,0,0,0,0,0,0,0,0,0,0,0,0,0,0,0,0,0,0,0,0,0,0,0,0,0,0,0,0,0,0,0,0,0,0,0,0,0,0,0,0,0,0,0,0,0,0,0,0,0,0,0,0,0,0,0,0,0,0,0,0,0,0,0,0,0,0,0,0,0,0,0,0,0,0,0,0,0,0,0,0,0,0,0,0,0,0,0,0,0,0,0,0,0,0,0,0,0,0,0,0,0,0,0,0,0,0,0,0,0,0,0,0,0,0,0,0,0,0,0,0,0,0,0,0,0,0,0,0,0,0,0,0,0,0,0,0,0,0,0,0,0,0,0,0,0,0,0,0,0,0,0,0,0,0,0,0,0,0,0,0,0,0,0,0,0,0,0,0,0,0,0,0,0,0,0,0,0,0,0,0,0,0,0,0,0,0,-92,-278,-169,-44,-25,-8,13,39,67,91,108,115,103,77,43,1,-44,-81,-113,-126,-115,-90,-52,-3,47,90,119,125,114,88,44,-6,-53,-92,-117,-117,-102,-72,-26,19,58,84,96,87,66,38,8,-26,-54,-67,-65,-53,-31,-5,17,30,32,27,16,3,-4,-11,-14,-10,6,18,26,27,23,9,-9,-33,-56,-62,-58,-48,-27,-1,32,59,78,77,68,46,11,-24,-50,-74,-85,-77,-53,-24,9,39,61,73,72,56,28,-2,-33,-57,-68,-62,-52,-34,-10,17,37,48,52,47,33,12,-5,-22,-32,-35,-37,-42,-41,-22,0,11,21,38,49,53,0,62,48,21,-9,-43,-81,-105,-119,-118,-95,-50,5,65,125,165,186,177,136,65,-21,-107,-185,-241,-250,-220,-153,-54,64,174,262,307,299,237,139,13,-119,-237,-309,-333,-303,-213,-83,60,194,289,336,331,265,146,0,-144,-262,-329,-341,-288,-185,-52,92,225,312,333,293,202,75,-68,-197,-291,-332,-313,-231,-110,34,170,273,326,324,265,154,13,-125,-240,-322,-343,-297,-211,-92,47,178,273,317,308,250,152,27,-96,-197,-265,-285,-253,-182,-89,19,115,185,224,228,185,111,24,-64,-136,-189,-208,-189,-142,-74,9,94,164,210,228,221,190,142,76,-476,-433
28807,mtk,MTK 7916,2776973360,rx2-tx0,512,0,0,0,0,0,0,0,0,0,0,0,0,0,0,0,0,0,0,0,0,0,0,0,0,0,0,0,0,0,0,0,0,0,0,0,0,0,0,0,0,0,0,0,0,0,0,0,0,0,0,0,0,0,0,0,0,0,0,0,0,0,0,0,0,0,0,0,0,0,0,0,0,0,0,0,0,0,0,0,0,0,0,0,0,0,0,0,0,0,0,0,0,0,0,0,0,0,0,0,0,0,0,0,0,0,0,0,0,0,0,0,0,0,0,0,0,0,0,0,0,0,0,0,0,0,0,0,0,0,0,0,0,0,0,0,0,0,0,0,0,0,0,0,0,0,0,0,0,0,0,0,0,0,0,0,0,0,0,0,0,0,0,0,0,0,0,0,0,0,0,0,0,0,0,0,0,0,0,0,0,0,0,0,0,0,0,0,0,0,0,0,0,0,0,0,0,0,0,0,0,0,0,0,0,0,0,0,0,0,0,0,0,0,0,0,0,0,0,0,0,0,0,0,0,0,0,0,0,0,0,0,0,0,0,0,0,0,0,0,0,0,0,0,0,0,0,0,0,0,0,0,0,0,0,0,0,-136,674,731,42,34,20,-2,-24,-44,-61,-74,-77,-72,-59,-38,-11,14,35,56,69,70,62,47,23,0,-23,-43,-58,-69,-74,-65,-47,-29,-3,25,48,70,88,91,83,68,40,0,-48,-92,-121,-137,-135,-106,-56,9,78,136,168,178,160,107,31,-55,-140,-202,-229,-209,-149,-63,42,147,228,261,246,186,90,-32,-164,-264,-310,-299,-227,-106,42,187,302,358,351,271,134,-39,-211,-344,-413,-404,-315,-157,34,225,376,456,450,359,191,-14,-222,-389,-487,-488,-396,-225,-4,217,394,495,503,408,233,5,-218,-400,-505,-512,-413,-230,-7,218,405,511,511,413,233,0,-245,-433,-534,-529,-418,-220,22,260,453,557,547,429,227,-24,-275,-475,-577,-571,-460,-257,5,264,475,595,598,490,290,30,-239,-468,-604,-621,-528,-338,-85,181,415,570,620,558,394,158,-104,-336,-502,-575,-547,-424,-225,13,238,409,502,506,421,265,69,-133,-301,-407,-436,-384,-265,-107,62,213,319,358,332,246,124,-13,-141,-238,-285,-279,-223,-126,-13,95,179,234,244,200,126,37,-61,-143,-195,-212,-192,-139,-64,26,109,170,199,198,167,105,28,-51,-120,-168,-194,-189,-151,-91,-20,53,113,156,178,177,152,106,48,-16,-74,-122,-156,-171,-172,-156,-124,311,448,0,0,0,0,0,0,0,0,0,0,0,0,0,0,0,0,0,0,0,0,0,0,0,0,0,0,0,0,0,0,0,0,0,0,0,0,0,0,0,0,0,0,0,0,0,0,0,0,0,0,0,0,0,0,0,0,0,0,0,0,0,0,0,0,0,0,0,0,0,0,0,0,0,0,0,0,0,0,0,0,0,0,0,0,0,0,0,0,0,0,0,0,0,0,0,0,0,0,0,0,0,0,0,0,0,0,0,0,0,0,0,0,0,0,0,0,0,0,0,0,0,0,0,0,0,0,0,0,0,0,0,0,0,0,0,0,0,0,0,0,0,0,0,0,0,0,0,0,0,0,0,0,0,0,0,0,0,0,0,0,0,0,0,0,0,0,0,0,0,0,0,0,0,0,0,0,0,0,0,0,0,0,0,0,0,0,0,0,0,0,0,0,0,0,0,0,0,0,0,0,0,0,0,0,0,0,0,0,0,0,0,0,0,0,0,0,0,0,0,0,0,0,0,0,0,0,0,0,0,0,0,0,0,0,0,0,0,0,0,0,0,0,0,0,0,0,0,0,0,0,0,0,0,0,0,0,1335,325,170,51,60,73,80,79,70,50,25,0,-25,-46,-63,-71,-70,-62,-44,-19,8,31,50,64,70,66,53,36,15,-10,-35,-52,-66,-77,-80,-70,-51,-24,12,48,79,105,118,109,88,53,0,-57,-113,-149,-165,-151,-109,-49,21,98,164,200,202,169,102,7,-92,-178,-232,-246,-207,-128,-22,94,198,272,291,250,156,28,-113,-239,-321,-338,-288,-185,-36,123,265,360,392,347,230,58,-132,-299,-410,-447,-396,-266,-81,126,310,440,487,442,304,103,-118,-317,-456,-509,-467,-333,-125,108,314,460,518,466,325,121,-113,-327,-471,-523,-474,-327,-113,128,340,487,0,479,322,105,-136,-364,-516,-560,-496,-334,-103,149,372,527,578,515,352,121,-143,-385,-547,-604,-547,-382,-139,128,376,553,624,577,421,186,-85,-337,-523,-618,-598,-466,-245,16,273,474,588,596,494,305,69,-176,-385,-515,-551,-489,-340,-140,79,275,412,472,447,341,181,-4,-181,-318,-390,-388,-314,-188,-39,111,235,305,318,277,189,72,-57,-166,-236,-260,-238,-172,-79,26,124,194,223,215,167,91,2,-88,-160,-202,-209,-180,-119,-44,37,114,169,197,190,155,95,21,-54,-119,-165,-182,-175,-142,-90,-29,38,100,149,175,180,164,134,93,46,-3,-44,-84,656,570
28808,mtk,MTK 7916,2776973360,rx2-tx1,512,0,0,0,0,0,0,0,0,0,0,0,0,0,0,0,0,0,0,0,0,0,0,0,0,0,0,0,0,0,0,0,0,0,0,0,0,0,0,0,0,0,0,0,0,0,0,0,0,0,0,0,0,0,0,0,0,0,0,0,0,0,0,0,0,0,0,0,0,0,0,0,0,0,0,0,0,0,0,0,0,0,0,0,0,0,0,0,0,0,0,0,0,0,0,0,0,0,0,0,0,0,0,0,0,0,0,0,0,0,0,0,0,0,0,0,0,0,0,0,0,0,0,0,0,0,0,0,0,0,0,0,0,0,0,0,0,0,0,0,0,0,0,0,0,0,0,0,0,0,0,0,0,0,0,0,0,0,0,0,0,0,0,0,0,0,0,0,0,0,0,0,0,0,0,0,0,0,0,0,0,0,0,0,0,0,0,0,0,0,0,0,0,0,0,0,0,0,0,0,0,0,0,0,0,0,0,0,0,0,0,0,0,0,0,0,0,0,0,0,0,0,0,0,0,0,0,0,0,0,0,0,0,0,0,0,0,0,0,0,0,0,0,0,0,0,0,0,0,0,0,0,0,0,0,0,0,236,-388,-345,50,50,44,29,5,-21,-46,-66,-81,-83,-75,-58,-32,6,40,72,86,82,69,39,4,-33,-68,-87,-91,-82,-54,-10,35,71,96,98,76,38,-7,-58,-98,-122,-119,-89,-40,23,94,139,161,149,103,25,-61,-144,-195,-218,-196,-120,-15,92,195,263,281,249,163,29,-123,-256,-343,-367,-323,-213,-61,118,289,404,444,404,273,90,-117,-307,-459,-511,-460,-322,-124,106,323,482,553,511,372,159,-85,-321,-497,-571,-534,-401,-188,70,304,485,581,556,420,207,-51,-293,-471,-564,-545,-416,-216,27,260,442,525,502,380,192,-33,-251,-413,-483,-452,-335,-150,0,270,405,457,416,282,90,-120,-305,-421,-444,-380,-242,-47,160,342,445,452,368,212,8,-197,-364,-458,-462,-368,-202,5,212,373,466,466,367,206,4,-201,-362,-443,-442,-351,-194,-5,178,324,400,399,318,175,14,-145,-281,-349,-342,-273,-159,-23,117,230,280,268,203,100,-19,-124,-201,-232,-213,-147,-56,38,127,180,191,168,113,29,-59,-132,-175,-182,-153,-90,-15,59,125,162,161,134,82,16,-53,-106,-139,-144,-124,-76,-19,39,90,113,107,86,59,19,-27,-59,-79,-88,-74,-39,-9,23,52,65,61,50,27,-7,-35,-53,-69,-78,-60,-37,-16,8,-369,-398,0,0,0,0,0,0,0,0,0,0,0,0,0,0,0,0,0,0,0,0,0,0,0,0,0,0,0,0,0,0,0,0,0,0,0,0,0,0,0,0,0,0,0,0,0,0,0,0,0,0,0,0,0,0,0,0,0,0,0,0,0,0,0,0,0,0,0,0,0,0,0,0,0,0,0,0,0,0,0,0,0,0,0,0,0,0,0,0,0,0,0,0,0,0,0,0,0,0,0,0,0,0,0,0,0,0,0,0,0,0,0,0,0,0,0,0,0,0,0,0,0,0,0,0,0,0,0,0,0,0,0,0,0,0,0,0,0,0,0,0,0,0,0,0,0,0,0,0,0,0,0,0,0,0,0,0,0,0,0,0,0,0,0,0,0,0,0,0,0,0,0,0,0,0,0,0,0,0,0,0,0,0,0,0,0,0,0,0,0,0,0,0,0,0,0,0,0,0,0,0,0,0,0,0,0,0,0,0,0,0,0,0,0,0,0,0,0,0,0,0,0,0,0,0,0,0,0,0,0,0,0,0,0,0,0,0,0,0,0,0,0,0,0,0,0,0,0,0,0,0,0,0,0,0,0,0,-351,66,139,28,46,61,75,85,83,72,50,24,-3,-32,-63,-81,-84,-78,-58,-25,13,46,73,87,82,62,31,-12,-59,-87,-97,-89,-68,-28,25,70,95,111,103,66,13,-46,-100,-130,-140,-123,-64,10,83,147,185,178,142,68,-26,-124,-206,-250,-234,-175,-81,39,163,269,326,315,238,114,-47,-207,-329,-395,-398,-317,-162,32,220,377,471,473,378,207,-9,-225,-405,-506,-517,-430,-251,-18,210,406,534,558,468,287,45,-204,-415,-550,-579,-494,-315,-76,180,399,542,578,501,332,100,-151,-371,-515,-552,-481,-317,-91,149,348,471,502,429,272,62,-154,-337,-454,0,-384,-220,-11,195,360,446,435,327,159,-43,-241,-388,-456,-430,-311,-124,84,274,416,471,427,301,116,-104,-300,-427,-467,-427,-298,-108,106,294,420,466,421,288,100,-102,-283,-401,-435,-394,-276,-108,75,237,350,387,349,245,97,-66,-199,-284,-316,-285,-196,-72,61,171,241,255,211,135,39,-75,-164,-209,-204,-162,-92,-2,93,160,193,186,142,70,-15,-99,-163,-183,-163,-114,-52,23,92,144,160,139,98,42,-20,-74,-112,-132,-118,-87,-39,12,61,86,98,90,68,30,-8,-42,-64,-74,-66,-48,-19,15,41,61,67,56,40,16,-15,-43,-68,-79,-78,-165,-88
28809,mtk,MTK 7916,2777009139,rx0-tx0,512,0,0,0,0,0,0,0,0,0,0,0,0,0,0,0,0,0,0,0,0,0,0,0,0,0,0,0,0,0,0,0,0,0,0,0,0,0,0,0,0,0,0,0,0,0,0,0,0,0,0,0,0,0,0,0,0,0,0,0,0,0,0,0,0,0,0,0,0,0,0,0,0,0,0,0,0,0,0,0,0,0,0,0,0,0,0,0,0,0,0,0,0,0,0,0,0,0,0,0,0,0,0,0,0,0,0,0,0,0,0,0,0,0,0,0,0,0,0,0,0,0,0,0,0,0,0,0,0,0,0,0,0,0,0,0,0,0,0,0,0,0,0,0,0,0,0,0,0,0,0,0,0,0,0,0,0,0,0,0,0,0,0,0,0,0,0,0,0,0,0,0,0,0,0,0,0,0,0,0,0,0,0,0,0,0,0,0,0,0,0,0,0,0,0,0,0,0,0,0,0,0,0,0,0,0,0,0,0,0,0,0,0,0,0,0,0,0,0,0,0,0,0,0,0,0,0,0,0,0,0,0,0,0,0,0,0,0,0,0,0,0,0,0,0,0,0,0,0,0,0,0,0,0,0,0,0,-273,-1123,-1104,-98,8,144,274,367,402,387,329,231,116,-8,-137,-254,-360,-441,-492,-516,-502,-445,-357,-238,-99,56,212,366,502,605,681,707,686,604,494,350,179,-11,-207,-384,-540,-665,-746,-783,-780,-724,-628,-506,-359,-184,-8,166,334,480,610,706,760,788,784,740,656,535,391,225,47,-140,-326,-496,-645,-760,-844,-890,-890,-841,-750,-616,-452,-263,-51,158,361,548,713,831,908,937,917,857,745,591,414,212,14,-184,-376,-543,-672,-763,-814,-825,-801,-741,-638,-515,-384,-234,-74,77,220,350,463,560,623,659,679,667,627,567,480,381,265,134,-8,-137,-267,-395,-502,-590,-1687,-699,-703,-684,-627,-548,-440,-318,-177,-18,133,281,419,534,633,704,744,751,728,677,594,488,360,213,59,-110,-281,-434,-580,-709,-805,-874,-906,-896,-846,-758,-618,-442,-244,-25,204,434,649,848,995,1095,1140,1129,1063,928,745,514,251,-34,-314,-587,-832,-1033,-1175,-1256,-1259,-1198,-1075,-891,-655,-387,-92,200,479,738,946,1099,1197,1230,1194,1093,927,713,467,192,-89,-359,-621,-837,-1003,-1121,-1170,-1142,-1052,-900,-693,-455,-179,97,361,605,802,945,1028,1045,993,882,715,508,270,25,-216,-438,-622,-769,-867,-903,-881,-799,-660,-476,-254,1,262,522,742,882,921,830,609,353,-880,-1002,0,0,0,0,0,0,0,0,0,0,0,0,0,0,0,0,0,0,0,0,0,0,0,0,0,0,0,0,0,0,0,0,0,0,0,0,0,0,0,0,0,0,0,0,0,0,0,0,0,0,0,0,0,0,0,0,0,0,0,0,0,0,0,0,0,0,0,0,0,0,0,0,0,0,0,0,0,0,0,0,0,0,0,0,0,0,0,0,0,0,0,0,0,0,0,0,0,0,0,0,0,0,0,0,0,0,0,0,0,0,0,0,0,0,0,0,0,0,0,0,0,0,0,0,0,0,0,0,0,0,0,0,0,0,0,0,0,0,0,0,0,0,0,0,0,0,0,0,0,0,0,0,0,0,0,0,0,0,0,0,0,0,0,0,0,0,0,0,0,0,0,0,0,0,0,0,0,0,0,0,0,0,0,0,0,0,0,0,0,0,0,0,0,0,0,0,0,0,0,0,0,0,0,0,0,0,0,0,0,0,0,0,0,0,0,0,0,0,0,0,0,0,0,0,0,0,0,0,0,0,0,0,0,0,0,0,0,0,0,0,0,0,0,0,0,0,0,0,0,0,0,0,0,0,0,0,-1322,-61,174,256,309,310,248,133,-7,-141,-263,-360,-421,-448,-434,-388,-311,-205,-88,40,178,312,428,519,581,606,587,528,421,288,130,-46,-231,-404,-545,-663,-734,-767,-742,-674,-566,-415,-241,-61,126,304,465,600,703,765,778,767,712,622,504,356,194,28,-149,-323,-478,-612,-719,-797,-833,-833,-786,-704,-584,-432,-258,-62,139,336,522,681,803,893,937,930,869,770,623,442,243,23,-186,-385,-571,-714,-827,-886,-895,-874,-802,-685,-538,-373,-198,-19,154,324,467,577,663,720,738,722,683,616,528,417,290,164,32,-109,-237,-360,-463,-549,-615,-664,-678,-662,-632,-564,-474,-364,-175,-97,50,194,336,459,570,651,710,732,721,684,615,516,397,254,103,-53,-203,-351,-485,-600,-695,-759,-795,-803,-768,-703,-615,-486,-335,-163,24,220,411,596,767,892,982,1027,1027,973,867,708,502,272,18,-242,-501,-740,-940,-1093,-1191,-1225,-1194,-1101,-939,-719,-469,-183,115,402,671,899,1083,1206,1264,1239,1158,1010,807,565,295,5,-280,-547,-787,-975,-1111,-1186,-1186,-1133,-1018,-833,-614,-356,-72,211,473,712,902,1040,1116,1112,1046,915,724,496,244,-20,-276,-512,-710,-858,-944,-970,-932,-835,-688,-504,-284,-52,181,401,599,753,864,911,879,768,564,290,-28,-354,-613,-734,-700,-499
28810,mtk,MTK 7916,2777009139,rx0-tx1,512,0,0,0,0,0,0,0,0,0,0,0,0,0,0,0,0,0,0,0,0,0,0,0,0,0,0,0,0,0,0,0,0,0,0,0,0,0,0,0,0,0,0,0,0,0,0,0,0,0,0,0,0,0,0,0,0,0,0,0,0,0,0,0,0,0,0,0,0,0,0,0,0,0,0,0,0,0,0,0,0,0,0,0,0,0,0,0,0,0,0,0,0,0,0,0,0,0,0,0,0,0,0,0,0,0,0,0,0,0,0,0,0,0,0,0,0,0,0,0,0,0,0,0,0,0,0,0,0,0,0,0,0,0,0,0,0,0,0,0,0,0,0,0,0,0,0,0,0,0,0,0,0,0,0,0,0,0,0,0,0,0,0,0,0,0,0,0,0,0,0,0,0,0,0,0,0,0,0,0,0,0,0,0,0,0,0,0,0,0,0,0,0,0,0,0,0,0,0,0,0,0,0,0,0,0,0,0,0,0,0,0,0,0,0,0,0,0,0,0,0,0,0,0,0,0,0,0,0,0,0,0,0,0,0,0,0,0,0,0,0,0,0,0,0,0,0,0,0,0,0,0,0,0,0,0,0,-730,366,296,-76,-190,-287,-337,-328,-268,-171,-58,66,184,282,358,410,437,432,394,330,239,120,-11,-147,-282,-407,-512,-590,-631,-635,-599,-519,-400,-245,-75,107,293,470,622,747,833,868,848,782,669,509,312,95,-137,-374,-582,-769,-921,-1017,-1066,-1053,-977,-858,-692,-479,-232,29,291,543,767,959,1104,1202,1218,1179,1092,937,725,475,201,-90,-376,-651,-898,-1106,-1247,-1336,-1358,-1306,-1196,-1007,-778,-510,-198,123,434,731,988,1202,1352,1429,1437,1376,1243,1040,790,496,174,-150,-466,-765,-1021,-1219,-1360,-1437,-1437,-1365,-1223,-1020,-781,-493,-188,125,431,715,962,1156,1300,1372,1387,1325,1205,1030,-546,552,260,-23,-315,-591,-838,-1041,-1202,-1302,-1349,-1335,-1255,-1116,-937,-702,-430,-144,145,441,724,965,1167,1315,1403,1421,1373,1250,1064,827,547,236,-87,-404,-708,-976,-1201,-1354,-1436,-1461,-1411,-1294,-1106,-858,-578,-269,56,378,680,949,1166,1321,1411,1433,1382,1262,1081,844,574,273,-41,-350,-641,-898,-1112,-1271,-1371,-1392,-1343,-1227,-1045,-808,-527,-216,106,422,724,978,1178,1316,1376,1362,1271,1095,862,581,265,-73,-395,-693,-953,-1143,-1257,-1295,-1244,-1108,-909,-658,-368,-57,241,517,754,927,1035,1066,1025,920,762,558,322,75,-169,-401,-603,-762,-868,-907,-872,-762,-564,-300,7,308,554,678,474,453,0,0,0,0,0,0,0,0,0,0,0,0,0,0,0,0,0,0,0,0,0,0,0,0,0,0,0,0,0,0,0,0,0,0,0,0,0,0,0,0,0,0,0,0,0,0,0,0,0,0,0,0,0,0,0,0,0,0,0,0,0,0,0,0,0,0,0,0,0,0,0,0,0,0,0,0,0,0,0,0,0,0,0,0,0,0,0,0,0,0,0,0,0,0,0,0,0,0,0,0,0,0,0,0,0,0,0,0,0,0,0,0,0,0,0,0,0,0,0,0,0,0,0,0,0,0,0,0,0,0,0,0,0,0,0,0,0,0,0,0,0,0,0,0,0,0,0,0,0,0,0,0,0,0,0,0,0,0,0,0,0,0,0,0,0,0,0,0,0,0,0,0,0,0,0,0,0,0,0,0,0,0,0,0,0,0,0,0,0,0,0,0,0,0,0,0,0,0,0,0,0,0,0,0,0,0,0,0,0,0,0,0,0,0,0,0,0,0,0,0,0,0,0,0,0,0,0,0,0,0,0,0,0,0,0,0,0,0,0,0,0,0,0,0,0,0,0,0,0,0,0,0,0,0,0,0,-128,-366,-441,-235,-205,-120,2,133,249,330,379,388,358,296,207,108,-6,-131,-243,-344,-431,-493,-524,-519,-481,-409,-303,-174,-19,141,306,455,587,679,736,755,723,645,520,364,175,-32,-243,-445,-629,-782,-893,-961,-979,-927,-820,-674,-487,-264,-24,229,470,683,874,1025,1117,1147,1122,1033,888,699,474,213,-67,-333,-597,-844,-1043,-1183,-1270,-1289,-1244,-1143,-977,-761,-498,-210,99,399,687,946,1151,1314,1409,1417,1357,1226,1033,791,500,186,-139,-464,-766,-1024,-1222,-1369,-1439,-1440,-1378,-1243,-1035,-780,-489,-175,150,467,758,1003,1198,1337,1405,1412,1345,1213,1012,775,505,214,-84,-382,-661,-912,1197,-1256,-1333,-1353,-1316,-1218,-1059,-857,-618,-345,-62,235,516,766,988,1173,1301,1363,1368,1312,1182,998,770,507,211,-103,-415,-716,-971,-1186,-1349,-1445,-1461,-1406,-1284,-1098,-859,-568,-260,63,390,694,968,1189,1345,1440,1459,1401,1285,1098,861,581,272,-50,-367,-663,-925,-1140,-1291,-1385,-1401,-1354,-1241,-1065,-832,-561,-263,52,358,654,913,1123,1279,1368,1386,1326,1189,982,730,432,107,-218,-540,-830,-1061,-1232,-1333,-1349,-1281,-1141,-925,-655,-348,-25,306,602,845,1036,1154,1194,1149,1034,848,613,347,67,-203,-447,-654,-811,-910,-944,-921,-836,-692,-501,-269,-11,247,500,713,850,884,795,592,348,-75,-175
28811,mtk,MTK 7916,2777009139,rx1-tx0,512,0,0,0,0,0,0,0,0,0,0,0,0,0,0,0,0,0,0,0,0,0,0,0,0,0,0,0,0,0,0,0,0,0,0,0,0,0,0,0,0,0,0,0,0,0,0,0,0,0,0,0,0,0,0,0,0,0,0,0,0,0,0,0,0,0,0,0,0,0,0,0,0,0,0,0,0,0,0,0,0,0,0,0,0,0,0,0,0,0,0,0,0,0,0,0,0,0,0,0,0,0,0,0,0,0,0,0,0,0,0,0,0,0,0,0,0,0,0,0,0,0,0,0,0,0,0,0,0,0,0,0,0,0,0,0,0,0,0,0,0,0,0,0,0,0,0,0,0,0,0,0,0,0,0,0,0,0,0,0,0,0,0,0,0,0,0,0,0,0,0,0,0,0,0,0,0,0,0,0,0,0,0,0,0,0,0,0,0,0,0,0,0,0,0,0,0,0,0,0,0,0,0,0,0,0,0,0,0,0,0,0,0,0,0,0,0,0,0,0,0,0,0,0,0,0,0,0,0,0,0,0,0,0,0,0,0,0,0,0,0,0,0,0,0,0,0,0,0,0,0,0,0,0,0,0,0,146,981,1011,132,122,80,16,-56,-124,-173,-200,-201,-178,-143,-91,-27,38,96,147,193,220,228,223,195,149,94,33,-28,-89,-146,-198,-227,-239,-236,-217,-183,-139,-86,-25,28,75,123,155,182,200,192,176,160,129,93,61,31,-4,-28,-55,-80,-89,-102,-111,-107,-108,-107,-102,-85,-72,-62,-49,-46,-34,-24,-9,8,27,49,66,93,121,146,180,197,208,210,191,160,117,60,-13,-85,-159,-229,-294,-342,-363,-369,-356,-310,-233,-149,-59,47,144,243,331,391,428,452,441,397,339,253,162,61,-53,-161,-256,-338,-401,-442,-462,-451,-413,-364,-286,-193,-93,20,132,234,-144,391,439,462,466,443,389,320,223,119,7,-102,-208,-302,-374,-423,-450,-450,-423,-378,-311,-225,-129,-28,73,167,253,324,371,392,396,386,350,292,218,144,58,-25,-112,-185,-249,-288,-320,-336,-326,-310,-268,-215,-153,-92,-26,38,112,171,212,247,266,273,262,238,202,161,111,66,11,-48,-93,-131,-168,-195,-207,-216,-211,-193,-175,-146,-112,-75,-36,17,63,101,149,181,198,216,216,204,180,142,92,38,-14,-71,-122,-171,-207,-230,-236,-223,-199,-163,-111,-48,22,89,145,186,212,224,221,201,164,108,51,-11,-76,-140,-183,-210,-213,-193,-148,-74,6,68,640,789,0,0,0,0,0,0,0,0,0,0,0,0,0,0,0,0,0,0,0,0,0,0,0,0,0,0,0,0,0,0,0,0,0,0,0,0,0,0,0,0,0,0,0,0,0,0,0,0,0,0,0,0,0,0,0,0,0,0,0,0,0,0,0,0,0,0,0,0,0,0,0,0,0,0,0,0,0,0,0,0,0,0,0,0,0,0,0,0,0,0,0,0,0,0,0,0,0,0,0,0,0,0,0,0,0,0,0,0,0,0,0,0,0,0,0,0,0,0,0,0,0,0,0,0,0,0,0,0,0,0,0,0,0,0,0,0,0,0,0,0,0,0,0,0,0,0,0,0,0,0,0,0,0,0,0,0,0,0,0,0,0,0,0,0,0,0,0,0,0,0,0,0,0,0,0,0,0,0,0,0,0,0,0,0,0,0,0,0,0,0,0,0,0,0,0,0,0,0,0,0,0,0,0,0,0,0,0,0,0,0,0,0,0,0,0,0,0,0,0,0,0,0,0,0,0,0,0,0,0,0,0,0,0,0,0,0,0,0,0,0,0,0,0,0,0,0,0,0,0,0,0,0,0,0,0,0,206,217,8,-22,-90,-146,-176,-178,-147,-93,-28,42,98,147,191,213,214,197,166,118,53,-8,-74,-135,-183,-215,-234,-234,-220,-193,-151,-90,-29,38,96,146,182,208,219,211,200,171,128,88,33,-13,-48,-86,-119,-138,-142,-154,-152,-139,-131,-103,-80,-64,-38,-17,-3,14,34,48,56,66,72,79,89,94,103,107,111,106,108,111,97,77,47,4,-36,-92,-148,-194,-238,-275,-296,-297,-278,-242,-188,-114,-32,59,157,252,326,373,409,418,397,360,291,202,108,5,-112,-210,-298,-374,-422,-455,-459,-430,-382,-311,-220,-123,-18,95,194,289,368,421,456,467,451,403,147,256,154,47,-62,-174,-268,-351,-418,-458,-471,-458,-422,-357,-276,-177,-70,41,139,232,313,376,415,428,419,385,337,267,178,88,-5,-96,-183,-257,-310,-349,-369,-367,-348,-309,-256,-189,-122,-34,40,112,178,227,268,289,299,296,276,235,188,134,75,13,-45,-102,-149,-186,-211,-225,-239,-229,-207,-184,-149,-106,-64,-23,26,69,110,144,170,189,205,211,192,182,157,113,71,22,-32,-85,-129,-171,-207,-222,-229,-219,-194,-157,-106,-48,13,70,124,174,215,235,235,216,186,140,86,21,-42,-100,-152,-190,-212,-221,-210,-172,-115,-50,22,91,154,188,189,164,738,583
28812,mtk,MTK 7916,2777009139,rx1-tx1,512,0,0,0,0,0,0,0,0,0,0,0,0,0,0,0,0,0,0,0,0,0,0,0,0,0,0,0,0,0,0,0,0,0,0,0,0,0,0,0,0,0,0,0,0,0,0,0,0,0,0,0,0,0,0,0,0,0,0,0,0,0,0,0,0,0,0,0,0,0,0,0,0,0,0,0,0,0,0,0,0,0,0,0,0,0,0,0,0,0,0,0,0,0,0,0,0,0,0,0,0,0,0,0,0,0,0,0,0,0,0,0,0,0,0,0,0,0,0,0,0,0,0,0,0,0,0,0,0,0,0,0,0,0,0,0,0,0,0,0,0,0,0,0,0,0,0,0,0,0,0,0,0,0,0,0,0,0,0,0,0,0,0,0,0,0,0,0,0,0,0,0,0,0,0,0,0,0,0,0,0,0,0,0,0,0,0,0,0,0,0,0,0,0,0,0,0,0,0,0,0,0,0,0,0,0,0,0,0,0,0,0,0,0,0,0,0,0,0,0,0,0,0,0,0,0,0,0,0,0,0,0,0,0,0,0,0,0,0,0,0,0,0,0,0,0,0,0,0,0,0,0,0,0,0,0,0,-411,-460,-521,76,78,80,70,45,7,-36,-75,-101,-108,-90,-52,-2,50,92,119,116,83,33,-26,-83,-119,-123,-100,-52,8,68,111,127,113,67,5,-53,-99,-116,-106,-70,-14,43,80,95,91,64,21,-27,-61,-67,-60,-39,-6,26,43,43,33,11,-9,-20,-19,-12,5,19,26,24,8,-17,-38,-46,-43,-25,6,43,66,68,51,20,-24,-67,-90,-84,-58,-21,33,74,96,92,63,11,-42,-85,-104,-100,-64,-10,41,84,103,90,56,6,-47,-87,-100,-86,-46,3,43,74,81,60,31,-6,-45,-71,-74,-52,-22,8,33,44,45,34,20,6,-3,-7,0,-10,-15,-26,-37,-39,-38,-26,3,39,70,91,93,69,22,-44,-111,-150,-155,-120,-51,42,131,191,207,175,90,-27,-146,-234,-262,-219,-116,16,148,251,295,257,150,3,-149,-264,-313,-277,-165,-9,142,262,321,285,177,24,-135,-263,-313,-277,-169,-19,135,248,297,263,154,8,-138,-247,-287,-252,-146,2,152,254,283,237,128,-15,-157,-253,-287,-247,-137,8,146,248,288,249,144,8,-127,-231,-275,-247,-158,-34,96,196,243,230,161,59,-54,-152,-209,-207,-152,-65,34,120,174,178,135,64,-22,-100,-152,-165,-139,-84,-4,79,140,171,171,142,95,33,-140,-249,0,0,0,0,0,0,0,0,0,0,0,0,0,0,0,0,0,0,0,0,0,0,0,0,0,0,0,0,0,0,0,0,0,0,0,0,0,0,0,0,0,0,0,0,0,0,0,0,0,0,0,0,0,0,0,0,0,0,0,0,0,0,0,0,0,0,0,0,0,0,0,0,0,0,0,0,0,0,0,0,0,0,0,0,0,0,0,0,0,0,0,0,0,0,0,0,0,0,0,0,0,0,0,0,0,0,0,0,0,0,0,0,0,0,0,0,0,0,0,0,0,0,0,0,0,0,0,0,0,0,0,0,0,0,0,0,0,0,0,0,0,0,0,0,0,0,0,0,0,0,0,0,0,0,0,0,0,0,0,0,0,0,0,0,0,0,0,0,0,0,0,0,0,0,0,0,0,0,0,0,0,0,0,0,0,0,0,0,0,0,0,0,0,0,0,0,0,0,0,0,0,0,0,0,0,0,0,0,0,0,0,0,0,0,0,0,0,0,0,0,0,0,0,0,0,0,0,0,0,0,0,0,0,0,0,0,0,0,0,0,0,0,0,0,0,0,0,0,0,0,0,0,0,0,0,0,-92,-278,-169,-20,3,32,64,87,100,97,78,41,-11,-59,-93,-109,-101,-72,-21,37,87,114,120,93,39,-21,-77,-117,-128,-107,-62,-4,55,105,126,112,71,13,-47,-92,-114,-99,-62,-16,28,64,87,83,51,11,-24,-50,-56,-45,-24,3,21,27,23,10,-7,-21,-22,-13,4,21,32,32,17,-9,-34,-52,-59,-52,-23,19,54,73,77,57,19,-25,-69,-97,-96,-61,-15,34,82,107,97,65,15,-44,-90,-107,-97,-62,-9,41,80,100,89,51,1,-45,-80,-93,-75,-35,10,48,70,76,63,28,-9,-41,-60,-56,-42,-20,0,16,23,27,27,24,0,13,12,16,8,-8,-30,-54,-71,-66,-46,-7,43,91,121,127,100,39,-42,-122,-176,-182,-147,-73,31,139,214,234,198,109,-22,-153,-245,-281,-243,-135,11,151,256,298,263,157,8,-150,-274,-316,-278,-171,-18,143,262,313,285,183,24,-137,-256,-303,-269,-166,-18,136,251,294,256,149,0,-149,-260,-292,-242,-133,10,156,255,285,239,131,-13,-150,-250,-285,-250,-144,4,143,241,280,252,156,23,-114,-217,-265,-242,-161,-46,74,172,224,217,159,63,-42,-131,-182,-187,-146,-66,30,110,160,170,135,67,-17,-92,-149,-174,-156,-111,-46,30,98,136,150,-476,-433
28813,mtk,MTK 7916,2777009139,rx2-tx0,512,0,0,0,0,0,0,0,0,0,0,0,0,0,0,0,0,0,0,0,0,0,0,0,0,0,0,0,0,0,0,0,0,0,0,0,0,0,0,0,0,0,0,0,0,0,0,0,0,0,0,0,0,0,0,0,0,0,0,0,0,0,0,0,0,0,0,0,0,0,0,0,0,0,0,0,0,0,0,0,0,0,0,0,0,0,0,0,0,0,0,0,0,0,0,0,0,0,0,0,0,0,0,0,0,0,0,0,0,0,0,0,0,0,0,0,0,0,0,0,0,0,0,0,0,0,0,0,0,0,0,0,0,0,0,0,0,0,0,0,0,0,0,0,0,0,0,0,0,0,0,0,0,0,0,0,0,0,0,0,0,0,0,0,0,0,0,0,0,0,0,0,0,0,0,0,0,0,0,0,0,0,0,0,0,0,0,0,0,0,0,0,0,0,0,0,0,0,0,0,0,0,0,0,0,0,0,0,0,0,0,0,0,0,0,0,0,0,0,0,0,0,0,0,0,0,0,0,0,0,0,0,0,0,0,0,0,0,0,0,0,0,0,0,0,0,0,0,0,0,0,0,0,0,0,0,0,-136,674,731,34,18,-6,-34,-60,-79,-85,-75,-52,-20,18,52,74,83,75,50,14,-27,-62,-80,-81,-71,-49,-12,31,69,89,93,82,53,13,-31,-75,-103,-111,-100,-66,-13,47,99,136,145,118,57,-20,-99,-159,-182,-164,-99,-5,93,172,211,196,127,18,-105,-201,-248,-230,-146,-16,122,231,281,250,145,-5,-162,-281,-323,-270,-137,38,212,334,361,285,121,-80,-268,-386,-399,-292,-102,125,325,438,424,293,76,-171,-380,-485,-455,-293,-45,220,428,513,456,269,3,-263,-452,-516,-436,-226,50,310,482,513,400,175,-107,-363,-507,-504,-355,-99,185,412,523,481,0,31,-254,-468,-547,-469,-252,42,326,514,558,435,186,-115,-385,-549,-558,-407,-137,178,442,583,564,387,93,-232,-488,-608,-563,-362,-54,269,520,630,560,338,30,-280,-517,-617,-544,-325,-24,283,511,594,523,314,27,-260,-467,-547,-487,-301,-36,226,416,486,426,263,38,-189,-355,-420,-374,-228,-31,162,305,360,311,186,20,-141,-258,-300,-258,-150,-11,120,213,244,209,121,0,-116,-193,-214,-181,-95,11,114,184,207,172,92,-6,-98,-169,-195,-170,-104,-15,76,148,181,172,124,49,-39,-117,-165,-177,-149,-85,-5,71,134,172,176,150,98,32,-30,-79,-115,311,448,0,0,0,0,0,0,0,0,0,0,0,0,0,0,0,0,0,0,0,0,0,0,0,0,0,0,0,0,0,0,0,0,0,0,0,0,0,0,0,0,0,0,0,0,0,0,0,0,0,0,0,0,0,0,0,0,0,0,0,0,0,0,0,0,0,0,0,0,0,0,0,0,0,0,0,0,0,0,0,0,0,0,0,0,0,0,0,0,0,0,0,0,0,0,0,0,0,0,0,0,0,0,0,0,0,0,0,0,0,0,0,0,0,0,0,0,0,0,0,0,0,0,0,0,0,0,0,0,0,0,0,0,0,0,0,0,0,0,0,0,0,0,0,0,0,0,0,0,0,0,0,0,0,0,0,0,0,0,0,0,0,0,0,0,0,0,0,0,0,0,0,0,0,0,0,0,0,0,0,0,0,0,0,0,0,0,0,0,0,0,0,0,0,0,0,0,0,0,0,0,0,0,0,0,0,0,0,0,0,0,0,0,0,0,0,0,0,0,0,0,0,0,0,0,0,0,0,0,0,0,0,0,0,0,0,0,0,0,0,0,0,0,0,0,0,0,0,0,0,0,0,0,0,0,0,0,1335,325,170,57,72,78,75,60,32,-4,-39,-66,-83,-83,-67,-36,1,37,67,86,85,65,29,-11,-45,-72,-88,-85,-64,-30,10,49,81,99,100,77,34,-16,-62,-103,-122,-117,-85,-31,37,103,145,158,137,78,-5,-94,-162,-192,-176,-114,-13,97,186,232,215,132,15,-108,-215,-266,-241,-145,-5,140,251,297,263,147,-23,-190,-305,-340,-279,-133,60,241,359,377,290,111,-106,-303,-418,-417,-297,-88,151,352,462,440,291,57,-197,-404,-502,-455,-280,-24,246,443,517,449,253,-18,-286,-472,-519,-418,-198,81,334,493,509,378,141,-140,-381,-515,-493,-326,-62,223,0,541,477,275,-7,-290,-489,-548,-447,-218,78,354,531,555,417,157,-148,-416,-572,-563,-394,-112,202,464,597,563,373,74,-252,-505,-618,-565,-350,-41,277,521,626,560,340,24,-293,-524,-615,-539,-322,-27,267,488,575,503,306,36,-235,-440,-521,-461,-279,-33,208,384,456,403,248,32,-179,-331,-385,-339,-207,-30,150,278,323,282,171,16,-133,-235,-270,-233,-134,-4,117,200,231,198,110,-2,-112,-190,-211,-179,-98,10,110,176,197,167,96,3,-90,-162,-194,-177,-118,-30,60,133,174,176,131,59,-23,-100,-154,-176,-160,-111,-47,25,94,144,167,161,132,82,656,570
28814,mtk,MTK 7916,2777009139,rx2-tx1,512,0,0,0,0,0,0,0,0,0,0,0,0,0,0,0,0,0,0,0,0,0,0,0,0,0,0,0,0,0,0,0,0,0,0,0,0,0,0,0,0,0,0,0,0,0,0,0,0,0,0,0,0,0,0,0,0,0,0,0,0,0,0,0,0,0,0,0,0,0,0,0,0,0,0,0,0,0,0,0,0,0,0,0,0,0,0,0,0,0,0,0,0,0,0,0,0,0,0,0,0,0,0,0,0,0,0,0,0,0,0,0,0,0,0,0,0,0,0,0,0,0,0,0,0,0,0,0,0,0,0,0,0,0,0,0,0,0,0,0,0,0,0,0,0,0,0,0,0,0,0,0,0,0,0,0,0,0,0,0,0,0,0,0,0,0,0,0,0,0,0,0,0,0,0,0,0,0,0,0,0,0,0,0,0,0,0,0,0,0,0,0,0,0,0,0,0,0,0,0,0,0,0,0,0,0,0,0,0,0,0,0,0,0,0,0,0,0,0,0,0,0,0,0,0,0,0,0,0,0,0,0,0,0,0,0,0,0,0,0,0,0,0,0,0,0,0,0,0,0,0,0,0,0,0,0,0,236,-388,-345,36,27,12,-11,-38,-62,-72,-73,-59,-24,14,43,68,79,71,43,7,-35,-68,-81,-71,-39,4,47,76,87,71,33,-14,-61,-93,-99,-68,-12,42,86,116,106,63,-5,-75,-124,-136,-108,-45,39,114,161,166,117,21,-83,-172,-215,-205,-129,-2,134,235,272,231,121,-32,-186,-300,-331,-263,-117,66,244,361,378,286,113,-109,-309,-422,-415,-301,-95,144,352,468,448,296,61,-196,-400,-495,-454,-283,-32,235,436,516,449,258,-8,-271,-463,-522,-426,-212,55,300,464,499,391,170,-90,-321,-457,-456,-326,-106,138,336,432,405,257,33,-193,-352,-412,-345,0,49,245,370,373,267,82,-134,-305,-374,-337,-201,-2,198,340,379,302,136,-76,-275,-386,-376,-265,-77,143,319,401,369,230,24,-192,-357,-415,-349,-184,27,221,354,383,301,139,-64,-239,-348,-360,-264,-95,88,240,320,299,197,47,-103,-221,-273,-241,-144,-9,123,211,228,179,80,-39,-138,-186,-176,-119,-25,70,137,159,138,72,-12,-91,-140,-147,-101,-27,48,109,135,117,69,6,-59,-108,-122,-99,-49,11,69,109,110,79,24,-32,-77,-96,-89,-60,-14,38,72,86,77,47,0,-46,-75,-78,-60,-24,14,53,77,82,68,37,-9,-50,-77,-92,-89,-369,-398,0,0,0,0,0,0,0,0,0,0,0,0,0,0,0,0,0,0,0,0,0,0,0,0,0,0,0,0,0,0,0,0,0,0,0,0,0,0,0,0,0,0,0,0,0,0,0,0,0,0,0,0,0,0,0,0,0,0,0,0,0,0,0,0,0,0,0,0,0,0,0,0,0,0,0,0,0,0,0,0,0,0,0,0,0,0,0,0,0,0,0,0,0,0,0,0,0,0,0,0,0,0,0,0,0,0,0,0,0,0,0,0,0,0,0,0,0,0,0,0,0,0,0,0,0,0,0,0,0,0,0,0,0,0,0,0,0,0,0,0,0,0,0,0,0,0,0,0,0,0,0,0,0,0,0,0,0,0,0,0,0,0,0,0,0,0,0,0,0,0,0,0,0,0,0,0,0,0,0,0,0,0,0,0,0,0,0,0,0,0,0,0,0,0,0,0,0,0,0,0,0,0,0,0,0,0,0,0,0,0,0,0,0,0,0,0,0,0,0,0,0,0,0,0,0,0,0,0,0,0,0,0,0,0,0,0,0,0,0,0,0,0,0,0,0,0,0,0,0,0,0,0,0,0,0,0,-351,66,139,38,54,64,65,57,39,14,-19,-52,-73,-77,-61,-31,6,37,60,78,74,46,3,-37,-70,-83,-73,-42,9,53,79,87,74,35,-21,-73,-106,-106,-67,-6,56,104,125,110,56,-18,-91,-139,-145,-106,-38,60,149,193,185,122,11,-111,-202,-251,-229,-123,27,171,272,296,248,127,-46,-217,-329,-352,-274,-109,90,279,393,405,296,100,-126,-329,-443,-430,-301,-87,164,377,475,444,294,53,-215,-425,-511,-455,-271,-11,254,453,521,443,246,-21,-285,-464,-509,-410,-197,70,315,465,481,358,135,-120,-337,-453,-438,-300,-78,164,350,428,376,217,-6,-227,0,-387,-302,-131,86,277,381,364,231,31,-175,-326,-381,-324,-168,43,241,359,378,289,105,-115,-302,-407,-383,-250,-50,170,343,407,357,208,-2,-213,-363,-405,-330,-162,43,236,360,376,287,127,-69,-246,-340,-336,-237,-79,92,229,296,273,177,31,-117,-217,-249,-212,-115,11,125,192,201,148,53,-52,-136,-170,-153,-91,1,86,139,154,124,53,-33,-101,-135,-131,-87,-18,53,107,128,109,59,-6,-71,-107,-112,-86,-37,23,77,110,102,65,16,-37,-81,-98,-85,-50,-3,40,70,84,67,34,-4,-46,-73,-76,-59,-29,16,55,81,91,76,46,11,-28,-165,-88
28815,mtk,MTK 7916,2777045001,rx0-tx0,512,0,0,0,0,0,0,0,0,0,0,0,0,0,0,0,0,0,0,0,0,0,0,0,0,0,0,0,0,0,0,0,0,0,0,0,0,0,0,0,0,0,0,0,0,0,0,0,0,0,0,0,0,0,0,0,0,0,0,0,0,0,0,0,0,0,0,0,0,0,0,0,0,0,0,0,0,0,0,0,0,0,0,0,0,0,0,0,0,0,0,0,0,0,0,0,0,0,0,0,0,0,0,0,0,0,0,0,0,0,0,0,0,0,0,0,0,0,0,0,0,0,0,0,0,0,0,0,0,0,0,0,0,0,0,0,0,0,0,0,0,0,0,0,0,0,0,0,0,0,0,0,0,0,0,0,0,0,0,0,0,0,0,0,0,0,0,0,0,0,0,0,0,0,0,0,0,0,0,0,0,0,0,0,0,0,0,0,0,0,0,0,0,0,0,0,0,0,0,0,0,0,0,0,0,0,0,0,0,0,0,0,0,0,0,0,0,0,0,0,0,0,0,0,0,0,0,0,0,0,0,0,0,0,0,0,0,0,0,0,0,0,0,0,0,0,0,0,0,0,0,0,0,0,0,0,0,-273,-1123,-1104,-91,17,155,273,347,364,327,250,142,21,-104,-226,-327,-399,-448,-458,-429,-358,-255,-127,22,177,326,451,549,606,616,582,494,365,194,4,-188,-373,-534,-654,-729,-748,-710,-623,-501,-337,-145,58,250,435,592,703,783,811,784,715,594,429,246,33,-183,-386,-567,-726,-839,-901,-909,-853,-744,-578,-379,-155,88,334,553,738,872,950,977,933,828,675,483,247,8,-231,-460,-654,-807,-904,-937,-919,-840,-710,-551,-356,-145,65,269,456,606,717,788,814,798,736,637,504,347,175,-2,-180,-342,-488,-604,-696,-749,-766,-736,-668,-573,-442,-286,-106,72,249,425,575,697,-1687,826,816,762,670,536,366,174,-26,-228,-420,-588,-728,-825,-881,-887,-842,-754,-622,-453,-255,-40,178,394,594,766,901,989,1022,993,907,767,573,344,79,-198,-475,-732,-945,-1101,-1197,-1224,-1163,-1028,-823,-557,-256,63,392,700,962,1159,1280,1331,1289,1157,947,680,375,36,-310,-624,-903,-1120,-1265,-1320,-1296,-1185,-992,-740,-438,-115,216,534,809,1033,1193,1264,1257,1161,984,751,468,147,-181,-495,-783,-1018,-1163,-1235,-1210,-1097,-907,-653,-350,-17,305,607,856,1028,1118,1125,1040,874,646,376,79,-215,-491,-716,-880,-977,-997,-934,-795,-584,-311,-3,322,630,874,1018,1012,844,536,211,-880,-1002,0,0,0,0,0,0,0,0,0,0,0,0,0,0,0,0,0,0,0,0,0,0,0,0,0,0,0,0,0,0,0,0,0,0,0,0,0,0,0,0,0,0,0,0,0,0,0,0,0,0,0,0,0,0,0,0,0,0,0,0,0,0,0,0,0,0,0,0,0,0,0,0,0,0,0,0,0,0,0,0,0,0,0,0,0,0,0,0,0,0,0,0,0,0,0,0,0,0,0,0,0,0,0,0,0,0,0,0,0,0,0,0,0,0,0,0,0,0,0,0,0,0,0,0,0,0,0,0,0,0,0,0,0,0,0,0,0,0,0,0,0,0,0,0,0,0,0,0,0,0,0,0,0,0,0,0,0,0,0,0,0,0,0,0,0,0,0,0,0,0,0,0,0,0,0,0,0,0,0,0,0,0,0,0,0,0,0,0,0,0,0,0,0,0,0,0,0,0,0,0,0,0,0,0,0,0,0,0,0,0,0,0,0,0,0,0,0,0,0,0,0,0,0,0,0,0,0,0,0,0,0,0,0,0,0,0,0,0,0,0,0,0,0,0,0,0,0,0,0,0,0,0,0,0,0,0,-1322,-61,174,231,285,276,199,84,-53,-181,-286,-363,-398,-396,-354,-273,-171,-51,78,211,335,432,503,529,515,459,365,237,74,-102,-279,-439,-570,-661,-695,-681,-613,-495,-338,-151,48,249,427,579,696,760,771,743,668,531,366,179,-23,-225,-414,-589,-719,-808,-852,-841,-777,-669,-518,-316,-99,134,358,562,733,859,936,959,912,800,637,432,202,-45,-294,-517,-702,-856,-952,-974,-946,-850,-705,-517,-292,-63,164,385,565,715,826,875,874,823,722,584,425,240,49,-144,-323,-481,-614,-704,-758,-774,-748,-687,-586,-460,-312,-145,32,211,375,520,641,731,777,780,754,678,561,417,-175,55,-147,-333,-505,-657,-771,-836,-855,-832,-761,-645,-491,-308,-112,98,305,498,664,799,891,930,928,873,765,609,419,193,-46,-295,-533,-745,-921,-1043,-1115,-1119,-1058,-912,-708,-462,-183,122,432,720,964,1148,1252,1281,1236,1107,898,629,318,-16,-356,-676,-945,-1151,-1284,-1338,-1298,-1176,-979,-718,-404,-69,263,584,865,1086,1231,1293,1272,1166,990,750,457,135,-190,-506,-784,-1005,-1165,-1244,-1235,-1145,-975,-726,-435,-113,228,542,817,1026,1160,1200,1146,1011,792,520,218,-96,-407,-670,-876,-1009,-1059,-1027,-915,-729,-493,-224,66,346,600,809,956,1016,975,818,556,211,-174,-533,-785,-869,-700,-499
28816,mtk,MTK 7916,2777045001,rx0-tx1,512,0,0,0,0,0,0,0,0,0,0,0,0,0,0,0,0,0,0,0,0,0,0,0,0,0,0,0,0,0,0,0,0,0,0,0,0,0,0,0,0,0,0,0,0,0,0,0,0,0,0,0,0,0,0,0,0,0,0,0,0,0,0,0,0,0,0,0,0,0,0,0,0,0,0,0,0,0,0,0,0,0,0,0,0,0,0,0,0,0,0,0,0,0,0,0,0,0,0,0,0,0,0,0,0,0,0,0,0,0,0,0,0,0,0,0,0,0,0,0,0,0,0,0,0,0,0,0,0,0,0,0,0,0,0,0,0,0,0,0,0,0,0,0,0,0,0,0,0,0,0,0,0,0,0,0,0,0,0,0,0,0,0,0,0,0,0,0,0,0,0,0,0,0,0,0,0,0,0,0,0,0,0,0,0,0,0,0,0,0,0,0,0,0,0,0,0,0,0,0,0,0,0,0,0,0,0,0,0,0,0,0,0,0,0,0,0,0,0,0,0,0,0,0,0,0,0,0,0,0,0,0,0,0,0,0,0,0,0,0,0,0,0,0,0,0,0,0,0,0,0,0,0,0,0,0,0,-730,366,296,-138,-241,-309,-315,-260,-153,-25,106,229,329,397,424,416,372,291,185,56,-91,-239,-379,-490,-570,-606,-599,-540,-427,-274,-86,111,313,501,656,766,821,819,746,614,443,220,-16,-259,-493,-692,-850,-961,-1006,-970,-870,-714,-506,-260,14,288,547,776,962,1085,1138,1120,1031,863,646,383,93,-206,-503,-772,-996,-1170,-1266,-1273,-1206,-1063,-851,-578,-267,58,382,699,980,1190,1334,1393,1358,1251,1050,779,466,112,-239,-586,-899,-1149,-1328,-1435,-1450,-1360,-1203,-961,-658,-311,46,402,736,1013,1234,1379,1433,1405,1293,1094,837,522,179,-167,-502,-803,-1055,-1243,-1359,-1387,-1342,-1211,-1005,-748,-546,-131,211,520,805,1045,1228,1330,1362,1319,1193,1004,758,459,145,-191,-522,-821,-1070,-1262,-1385,-1420,-1373,-1249,-1045,-768,-447,-92,271,622,935,1196,1376,1472,1479,1398,1232,978,668,320,-43,-400,-745,-1040,-1260,-1406,-1466,-1435,-1319,-1121,-854,-540,-192,166,507,821,1081,1268,1382,1416,1359,1221,1010,734,412,61,-294,-629,-927,-1168,-1332,-1408,-1399,-1292,-1101,-837,-508,-143,228,590,906,1151,1327,1406,1377,1251,1038,739,393,26,-345,-684,-966,-1166,-1278,-1280,-1179,-995,-735,-428,-95,234,536,779,955,1048,1048,972,823,611,366,96,-178,-427,-642,-803,-901,-919,-838,-666,-412,-95,242,534,725,772,474,453,0,0,0,0,0,0,0,0,0,0,0,0,0,0,0,0,0,0,0,0,0,0,0,0,0,0,0,0,0,0,0,0,0,0,0,0,0,0,0,0,0,0,0,0,0,0,0,0,0,0,0,0,0,0,0,0,0,0,0,0,0,0,0,0,0,0,0,0,0,0,0,0,0,0,0,0,0,0,0,0,0,0,0,0,0,0,0,0,0,0,0,0,0,0,0,0,0,0,0,0,0,0,0,0,0,0,0,0,0,0,0,0,0,0,0,0,0,0,0,0,0,0,0,0,0,0,0,0,0,0,0,0,0,0,0,0,0,0,0,0,0,0,0,0,0,0,0,0,0,0,0,0,0,0,0,0,0,0,0,0,0,0,0,0,0,0,0,0,0,0,0,0,0,0,0,0,0,0,0,0,0,0,0,0,0,0,0,0,0,0,0,0,0,0,0,0,0,0,0,0,0,0,0,0,0,0,0,0,0,0,0,0,0,0,0,0,0,0,0,0,0,0,0,0,0,0,0,0,0,0,0,0,0,0,0,0,0,0,0,0,0,0,0,0,0,0,0,0,0,0,0,0,0,0,0,0,-128,-366,-441,-196,-139,-23,115,244,334,373,368,320,238,128,-1,-129,-253,-362,-441,-496,-507,-475,-403,-288,-143,23,196,367,518,638,710,725,687,585,439,249,36,-194,-418,-610,-768,-875,-913,-897,-810,-662,-465,-233,30,293,534,752,918,1028,1072,1044,948,789,571,313,33,-254,-536,-785,-986,-1129,-1198,-1200,-1117,-964,-748,-483,-173,144,455,740,991,1188,1302,1339,1292,1169,958,688,374,26,-322,-654,-957,-1185,-1346,-1423,-1408,-1318,-1133,-873,-560,-214,155,503,819,1094,1294,1412,1446,1393,1248,1026,743,417,64,-286,-622,-921,-1153,-1321,-1406,-1404,-1315,-1150,-916,-633,-308,27,358,670,935,1146,1197,1365,1350,1259,1099,877,599,291,-28,-359,-665,-927,-1147,-1295,-1371,-1376,-1291,-1130,-907,-632,-306,41,386,713,1003,1236,1393,1468,1451,1340,1151,889,567,213,-160,-518,-851,-1127,-1331,-1455,-1483,-1429,-1285,-1053,-764,-434,-75,286,630,932,1170,1339,1427,1427,1341,1174,927,632,307,-41,-388,-709,-985,-1201,-1349,-1414,-1391,-1272,-1071,-802,-480,-131,234,588,896,1149,1331,1415,1404,1294,1089,820,489,113,-266,-621,-930,-1175,-1316,-1364,-1309,-1155,-911,-606,-258,107,447,746,979,1126,1180,1141,1008,802,542,247,-54,-335,-584,-775,-897,-951,-928,-828,-666,-445,-182,106,390,640,824,914,869,689,402,111,-75,-175
28817,mtk,MTK 7916,2777045001,rx1-tx0,512,0,0,0,0,0,0,0,0,0,0,0,0,0,0,0,0,0,0,0,0,0,0,0,0,0,0,0,0,0,0,0,0,0,0,0,0,0,0,0,0,0,0,0,0,0,0,0,0,0,0,0,0,0,0,0,0,0,0,0,0,0,0,0,0,0,0,0,0,0,0,0,0,0,0,0,0,0,0,0,0,0,0,0,0,0,0,0,0,0,0,0,0,0,0,0,0,0,0,0,0,0,0,0,0,0,0,0,0,0,0,0,0,0,0,0,0,0,0,0,0,0,0,0,0,0,0,0,0,0,0,0,0,0,0,0,0,0,0,0,0,0,0,0,0,0,0,0,0,0,0,0,0,0,0,0,0,0,0,0,0,0,0,0,0,0,0,0,0,0,0,0,0,0,0,0,0,0,0,0,0,0,0,0,0,0,0,0,0,0,0,0,0,0,0,0,0,0,0,0,0,0,0,0,0,0,0,0,0,0,0,0,0,0,0,0,0,0,0,0,0,0,0,0,0,0,0,0,0,0,0,0,0,0,0,0,0,0,0,0,0,0,0,0,0,0,0,0,0,0,0,0,0,0,0,0,0,146,981,1011,140,114,53,-32,-112,-177,-218,-223,-196,-142,-76,1,75,149,208,244,259,251,215,160,87,1,-82,-152,-221,-267,-286,-275,-244,-194,-120,-46,25,108,172,214,244,253,237,206,155,98,44,-11,-67,-106,-139,-159,-166,-158,-149,-130,-105,-79,-47,-30,-3,18,29,41,55,72,79,85,95,102,108,120,125,117,108,84,55,15,-28,-77,-122,-170,-222,-255,-273,-278,-256,-209,-147,-64,20,114,209,288,352,390,401,384,329,259,159,39,-76,-183,-286,-369,-425,-452,-445,-403,-340,-251,-143,-27,92,204,304,374,427,450,430,398,340,255,159,45,-77,-190,-289,-144,-425,-454,-450,-419,-356,-269,-161,-47,77,194,285,366,416,438,430,392,325,239,142,29,-70,-179,-263,-323,-364,-384,-374,-334,-283,-208,-128,-40,53,135,207,259,301,318,314,287,243,195,133,62,-12,-84,-140,-182,-223,-245,-246,-234,-213,-177,-125,-74,-25,30,80,121,150,169,178,184,179,162,138,107,63,25,-11,-47,-82,-117,-136,-157,-167,-171,-165,-142,-115,-78,-37,8,61,110,150,174,192,192,183,155,116,64,5,-52,-107,-156,-193,-209,-207,-192,-154,-102,-46,15,75,120,160,188,189,180,154,106,54,-5,-69,-119,-158,-181,-181,-147,-93,-25,40,640,789,0,0,0,0,0,0,0,0,0,0,0,0,0,0,0,0,0,0,0,0,0,0,0,0,0,0,0,0,0,0,0,0,0,0,0,0,0,0,0,0,0,0,0,0,0,0,0,0,0,0,0,0,0,0,0,0,0,0,0,0,0,0,0,0,0,0,0,0,0,0,0,0,0,0,0,0,0,0,0,0,0,0,0,0,0,0,0,0,0,0,0,0,0,0,0,0,0,0,0,0,0,0,0,0,0,0,0,0,0,0,0,0,0,0,0,0,0,0,0,0,0,0,0,0,0,0,0,0,0,0,0,0,0,0,0,0,0,0,0,0,0,0,0,0,0,0,0,0,0,0,0,0,0,0,0,0,0,0,0,0,0,0,0,0,0,0,0,0,0,0,0,0,0,0,0,0,0,0,0,0,0,0,0,0,0,0,0,0,0,0,0,0,0,0,0,0,0,0,0,0,0,0,0,0,0,0,0,0,0,0,0,0,0,0,0,0,0,0,0,0,0,0,0,0,0,0,0,0,0,0,0,0,0,0,0,0,0,0,0,0,0,0,0,0,0,0,0,0,0,0,0,0,0,0,0,0,206,217,8,-59,-122,-179,-197,-173,-121,-44,42,121,184,223,238,229,196,139,70,-5,-81,-154,-216,-259,-277,-262,-233,-183,-107,-21,66,139,206,252,268,273,252,198,139,75,2,-67,-126,-175,-200,-210,-210,-198,-167,-131,-84,-37,4,32,64,85,105,108,108,109,99,91,87,79,70,58,50,38,20,4,-15,-49,-78,-106,-135,-157,-178,-192,-197,-186,-162,-117,-54,10,82,164,233,291,330,345,342,300,239,157,62,-42,-159,-259,-340,-405,-433,-423,-394,-334,-247,-137,-21,95,202,296,374,431,452,444,402,329,237,142,21,-90,-192,-291,-366,-424,-454,-448,-411,-353,147,-163,-45,70,181,285,375,430,458,454,408,346,259,150,36,-80,-186,-279,-347,-396,-413,-407,-373,-303,-225,-135,-39,64,151,228,292,333,352,346,312,262,202,131,50,-34,-117,-176,-224,-260,-282,-280,-258,-222,-182,-132,-67,-2,56,107,155,192,205,215,210,191,164,126,84,43,-1,-45,-86,-116,-143,-156,-160,-164,-162,-153,-125,-92,-55,-15,22,65,102,139,164,179,188,183,161,123,78,29,-23,-77,-125,-167,-197,-207,-200,-175,-137,-86,-30,26,84,141,177,200,205,187,157,113,53,-10,-67,-118,-157,-175,-183,-175,-139,-94,-31,44,108,147,163,144,738,583
28818,mtk,MTK 7916,2777045001,rx1-tx1,512,0,0,0,0,0,0,0,0,0,0,0,0,0,0,0,0,0,0,0,0,0,0,0,0,0,0,0,0,0,0,0,0,0,0,0,0,0,0,0,0,0,0,0,0,0,0,0,0,0,0,0,0,0,0,0,0,0,0,0,0,0,0,0,0,0,0,0,0,0,0,0,0,0,0,0,0,0,0,0,0,0,0,0,0,0,0,0,0,0,0,0,0,0,0,0,0,0,0,0,0,0,0,0,0,0,0,0,0,0,0,0,0,0,0,0,0,0,0,0,0,0,0,0,0,0,0,0,0,0,0,0,0,0,0,0,0,0,0,0,0,0,0,0,0,0,0,0,0,0,0,0,0,0,0,0,0,0,0,0,0,0,0,0,0,0,0,0,0,0,0,0,0,0,0,0,0,0,0,0,0,0,0,0,0,0,0,0,0,0,0,0,0,0,0,0,0,0,0,0,0,0,0,0,0,0,0,0,0,0,0,0,0,0,0,0,0,0,0,0,0,0,0,0,0,0,0,0,0,0,0,0,0,0,0,0,0,0,0,0,0,0,0,0,0,0,0,0,0,0,0,0,0,0,0,0,0,-411,-460,-521,50,75,89,91,85,67,31,-16,-58,-89,-106,-104,-80,-39,8,53,94,114,105,72,23,-31,-78,-108,-115,-99,-55,0,51,91,107,97,66,17,-30,-65,-85,-83,-58,-25,10,39,58,59,40,10,-22,-41,-42,-31,-11,15,37,41,34,15,-14,-39,-54,-55,-37,-1,36,65,81,73,42,-2,-51,-93,-108,-97,-60,-1,58,99,119,107,66,5,-52,-101,-128,-117,-77,-21,43,96,122,115,77,23,-38,-91,-117,-115,-87,-32,27,77,108,106,77,31,-19,-60,-86,-87,-66,-33,11,49,67,64,50,28,0,-19,-31,-34,-24,-16,-10,-6,-10,0,-14,-9,7,30,52,69,74,55,17,-32,-85,-127,-140,-120,-63,17,98,170,209,194,127,25,-88,-189,-249,-254,-200,-91,51,181,275,306,265,156,3,-157,-278,-332,-307,-210,-64,105,255,338,335,255,109,-67,-231,-333,-349,-277,-143,23,186,302,337,289,169,5,-159,-274,-323,-291,-189,-35,131,265,327,305,212,63,-103,-245,-326,-326,-245,-104,60,212,312,338,284,163,5,-152,-274,-329,-306,-212,-74,74,195,273,293,245,143,9,-115,-206,-247,-232,-167,-65,42,131,188,195,157,90,1,-85,-151,-181,-167,-116,-42,38,108,157,178,164,122,69,5,-140,-249,0,0,0,0,0,0,0,0,0,0,0,0,0,0,0,0,0,0,0,0,0,0,0,0,0,0,0,0,0,0,0,0,0,0,0,0,0,0,0,0,0,0,0,0,0,0,0,0,0,0,0,0,0,0,0,0,0,0,0,0,0,0,0,0,0,0,0,0,0,0,0,0,0,0,0,0,0,0,0,0,0,0,0,0,0,0,0,0,0,0,0,0,0,0,0,0,0,0,0,0,0,0,0,0,0,0,0,0,0,0,0,0,0,0,0,0,0,0,0,0,0,0,0,0,0,0,0,0,0,0,0,0,0,0,0,0,0,0,0,0,0,0,0,0,0,0,0,0,0,0,0,0,0,0,0,0,0,0,0,0,0,0,0,0,0,0,0,0,0,0,0,0,0,0,0,0,0,0,0,0,0,0,0,0,0,0,0,0,0,0,0,0,0,0,0,0,0,0,0,0,0,0,0,0,0,0,0,0,0,0,0,0,0,0,0,0,0,0,0,0,0,0,0,0,0,0,0,0,0,0,0,0,0,0,0,0,0,0,0,0,0,0,0,0,0,0,0,0,0,0,0,0,0,0,0,0,-92,-278,-169,-47,-34,-12,17,51,82,102,100,85,59,19,-29,-73,-104,-111,-92,-57,-10,42,91,114,109,80,38,-18,-65,-96,-111,-103,-68,-16,38,79,96,89,63,25,-18,-51,-69,-67,-51,-17,17,42,51,46,30,3,-25,-41,-41,-25,0,29,44,46,33,9,-23,-54,-72,-67,-44,-3,47,82,96,90,54,2,-55,-98,-114,-97,-57,-2,53,101,120,112,74,11,-53,-98,-125,-120,-80,-19,48,100,126,119,83,30,-29,-82,-108,-111,-85,-31,26,69,95,95,70,28,-15,-57,-78,-79,-57,-24,7,33,49,50,38,20,1,-9,-11,-9,-10,-12,0,-23,-32,-41,-40,-28,-4,34,72,98,106,85,35,-32,-99,-147,-168,-151,-92,-6,94,186,232,220,158,58,-65,-185,-266,-282,-232,-123,25,172,283,327,290,183,26,-138,-268,-343,-330,-228,-80,78,232,338,347,263,121,-48,-203,-310,-342,-285,-159,5,171,293,330,281,170,13,-151,-275,-328,-299,-191,-39,122,255,327,318,227,79,-86,-230,-320,-332,-265,-138,25,183,294,333,294,187,42,-111,-242,-311,-299,-224,-111,22,154,243,271,242,160,43,-75,-166,-218,-216,-163,-77,20,109,164,181,158,102,20,-64,-133,-167,-168,-141,-82,-5,61,110,144,160,-476,-433
28819,mtk,MTK 7916,2777045001,rx2-tx0,512,0,0,0,0,0,0,0,0,0,0,0,0,0,0,0,0,0,0,0,0,0,0,0,0,0,0,0,0,0,0,0,0,0,0,0,0,0,0,0,0,0,0,0,0,0,0,0,0,0,0,0,0,0,0,0,0,0,0,0,0,0,0,0,0,0,0,0,0,0,0,0,0,0,0,0,0,0,0,0,0,0,0,0,0,0,0,0,0,0,0,0,0,0,0,0,0,0,0,0,0,0,0,0,0,0,0,0,0,0,0,0,0,0,0,0,0,0,0,0,0,0,0,0,0,0,0,0,0,0,0,0,0,0,0,0,0,0,0,0,0,0,0,0,0,0,0,0,0,0,0,0,0,0,0,0,0,0,0,0,0,0,0,0,0,0,0,0,0,0,0,0,0,0,0,0,0,0,0,0,0,0,0,0,0,0,0,0,0,0,0,0,0,0,0,0,0,0,0,0,0,0,0,0,0,0,0,0,0,0,0,0,0,0,0,0,0,0,0,0,0,0,0,0,0,0,0,0,0,0,0,0,0,0,0,0,0,0,0,0,0,0,0,0,0,0,0,0,0,0,0,0,0,0,0,0,0,-136,674,731,60,58,44,19,-14,-46,-73,-91,-93,-80,-54,-17,25,60,84,93,86,61,22,-22,-58,-83,-96,-90,-65,-32,7,50,82,101,101,81,47,11,-31,-77,-114,-128,-116,-78,-20,44,99,139,158,142,88,10,-74,-147,-189,-193,-154,-69,42,143,209,234,201,110,-13,-134,-225,-264,-239,-151,-16,129,243,297,277,184,34,-133,-269,-336,-316,-208,-42,140,293,377,362,245,56,-151,-322,-417,-402,-284,-88,140,345,454,442,318,111,-131,-343,-472,-482,-365,-150,105,330,470,492,382,168,-94,-332,-480,-499,-385,-170,88,326,478,503,389,167,-99,-337,-485,-509,0,-168,102,346,494,513,401,176,-103,-357,-514,-535,-413,-180,106,363,527,555,434,204,-93,-366,-538,-576,-468,-240,56,344,543,600,501,279,-7,-297,-522,-608,-531,-329,-49,244,477,587,545,369,117,-161,-399,-537,-537,-404,-178,81,309,456,493,405,221,-4,-218,-374,-423,-365,-233,-51,142,291,360,336,227,75,-86,-220,-293,-294,-219,-89,49,165,234,242,193,101,-19,-131,-201,-219,-180,-98,7,105,180,209,185,113,22,-70,-151,-199,-196,-150,-69,25,113,171,193,172,113,34,-49,-127,-179,-190,-164,-107,-29,56,128,174,188,173,128,64,-1,-60,-105,-137,311,448,0,0,0,0,0,0,0,0,0,0,0,0,0,0,0,0,0,0,0,0,0,0,0,0,0,0,0,0,0,0,0,0,0,0,0,0,0,0,0,0,0,0,0,0,0,0,0,0,0,0,0,0,0,0,0,0,0,0,0,0,0,0,0,0,0,0,0,0,0,0,0,0,0,0,0,0,0,0,0,0,0,0,0,0,0,0,0,0,0,0,0,0,0,0,0,0,0,0,0,0,0,0,0,0,0,0,0,0,0,0,0,0,0,0,0,0,0,0,0,0,0,0,0,0,0,0,0,0,0,0,0,0,0,0,0,0,0,0,0,0,0,0,0,0,0,0,0,0,0,0,0,0,0,0,0,0,0,0,0,0,0,0,0,0,0,0,0,0,0,0,0,0,0,0,0,0,0,0,0,0,0,0,0,0,0,0,0,0,0,0,0,0,0,0,0,0,0,0,0,0,0,0,0,0,0,0,0,0,0,0,0,0,0,0,0,0,0,0,0,0,0,0,0,0,0,0,0,0,0,0,0,0,0,0,0,0,0,0,0,0,0,0,0,0,0,0,0,0,0,0,0,0,0,0,0,0,1335,325,170,26,51,73,87,92,85,60,26,-13,-48,-78,-95,-92,-69,-39,-2,38,74,92,91,73,42,5,-34,-71,-94,-97,-85,-62,-24,21,59,89,106,105,84,45,-8,-62,-109,-139,-140,-113,-58,15,87,141,175,172,123,41,-58,-146,-199,-208,-168,-87,24,137,218,249,221,131,6,-123,-231,-286,-264,-165,-25,129,252,316,293,194,45,-128,-284,-358,-332,-224,-57,144,311,395,383,265,68,-148,-334,-443,-433,-308,-104,132,338,462,467,341,127,-119,-336,-470,-484,-370,-151,103,330,477,496,384,172,-92,-329,-478,-498,-387,-173,87,325,479,500,384,169,-95,0,-491,-509,-391,-165,104,343,500,522,402,173,-105,-361,-524,-548,-425,-188,101,366,537,566,447,206,-85,-354,-537,-583,-481,-253,41,328,533,604,523,310,18,-276,-499,-595,-545,-362,-85,205,438,562,543,394,153,-120,-363,-502,-514,-402,-201,41,259,408,456,391,231,23,-180,-325,-383,-348,-232,-66,113,251,320,306,218,81,-65,-191,-268,-272,-208,-94,34,146,219,236,187,93,-17,-122,-195,-216,-185,-108,-7,92,164,199,190,135,48,-52,-134,-186,-197,-163,-91,-1,86,151,187,184,146,75,-13,-101,-163,-189,-180,-141,-74,2,77,140,181,186,164,128,77,656,570
28820,mtk,MTK 7916,2777045001,rx2-tx1,512,0,0,0,0,0,0,0,0,0,0,0,0,0,0,0,0,0,0,0,0,0,0,0,0,0,0,0,0,0,0,0,0,0,0,0,0,0,0,0,0,0,0,0,0,0,0,0,0,0,0,0,0,0,0,0,0,0,0,0,0,0,0,0,0,0,0,0,0,0,0,0,0,0,0,0,0,0,0,0,0,0,0,0,0,0,0,0,0,0,0,0,0,0,0,0,0,0,0,0,0,0,0,0,0,0,0,0,0,0,0,0,0,0,0,0,0,0,0,0,0,0,0,0,0,0,0,0,0,0,0,0,0,0,0,0,0,0,0,0,0,0,0,0,0,0,0,0,0,0,0,0,0,0,0,0,0,0,0,0,0,0,0,0,0,0,0,0,0,0,0,0,0,0,0,0,0,0,0,0,0,0,0,0,0,0,0,0,0,0,0,0,0,0,0,0,0,0,0,0,0,0,0,0,0,0,0,0,0,0,0,0,0,0,0,0,0,0,0,0,0,0,0,0,0,0,0,0,0,0,0,0,0,0,0,0,0,0,0,0,0,0,0,0,0,0,0,0,0,0,0,0,0,0,0,0,0,236,-388,-345,51,56,54,40,16,-12,-38,-58,-71,-79,-67,-34,6,40,64,77,70,45,16,-23,-62,-75,-71,-52,-16,25,56,73,77,58,16,-28,-61,-82,-84,-57,-9,44,85,100,88,47,-14,-76,-122,-135,-100,-35,38,105,153,164,124,43,-59,-149,-208,-221,-172,-63,69,185,260,276,218,92,-67,-217,-316,-338,-276,-130,56,237,367,405,332,167,-45,-243,-392,-453,-396,-222,11,242,413,479,420,261,32,-220,-420,-504,-457,-296,-62,194,402,503,474,325,88,-169,-377,-485,-472,-334,-109,137,344,460,445,316,112,-123,-322,-429,-418,-294,-94,128,311,401,384,0,60,-146,-315,-396,-352,-212,-22,177,325,384,342,204,2,-202,-346,-393,-331,-186,19,216,362,407,339,181,-17,-215,-359,-410,-350,-192,14,205,340,390,336,196,5,-184,-318,-365,-320,-192,-14,159,280,322,284,179,27,-129,-246,-288,-255,-158,-28,102,196,227,197,117,9,-95,-161,-179,-154,-86,8,90,133,140,101,39,-30,-90,-126,-118,-79,-21,39,92,118,110,70,11,-47,-91,-110,-97,-57,-5,42,77,94,86,53,6,-43,-70,-77,-69,-45,-3,33,53,59,50,27,-3,-31,-51,-50,-32,-6,18,43,61,65,45,13,-21,-53,-77,-89,-87,-62,-369,-398,0,0,0,0,0,0,0,0,0,0,0,0,0,0,0,0,0,0,0,0,0,0,0,0,0,0,0,0,0,0,0,0,0,0,0,0,0,0,0,0,0,0,0,0,0,0,0,0,0,0,0,0,0,0,0,0,0,0,0,0,0,0,0,0,0,0,0,0,0,0,0,0,0,0,0,0,0,0,0,0,0,0,0,0,0,0,0,0,0,0,0,0,0,0,0,0,0,0,0,0,0,0,0,0,0,0,0,0,0,0,0,0,0,0,0,0,0,0,0,0,0,0,0,0,0,0,0,0,0,0,0,0,0,0,0,0,0,0,0,0,0,0,0,0,0,0,0,0,0,0,0,0,0,0,0,0,0,0,0,0,0,0,0,0,0,0,0,0,0,0,0,0,0,0,0,0,0,0,0,0,0,0,0,0,0,0,0,0,0,0,0,0,0,0,0,0,0,0,0,0,0,0,0,0,0,0,0,0,0,0,0,0,0,0,0,0,0,0,0,0,0,0,0,0,0,0,0,0,0,0,0,0,0,0,0,0,0,0,0,0,0,0,0,0,0,0,0,0,0,0,0,0,0,0,0,0,-351,66,139,-1,21,40,57,72,76,67,47,17,-18,-49,-70,-79,-64,-37,-4,34,66,75,68,49,14,-27,-62,-82,-80,-55,-17,20,59,85,79,52,16,-35,-78,-96,-86,-54,-4,57,98,106,92,54,-14,-81,-132,-145,-114,-44,39,123,180,190,147,52,-67,-173,-238,-246,-188,-73,68,199,288,311,245,107,-71,-237,-346,-372,-307,-158,45,248,387,428,361,201,-20,-246,-409,-472,-416,-250,-12,233,418,498,455,287,47,-206,-407,-506,-477,-318,-77,181,391,496,472,327,103,-143,-353,-471,-463,-328,-107,134,332,441,430,303,98,-127,-312,-412,-394,-269,-73,143,0,394,362,237,48,-159,-315,-388,-349,-208,-11,188,334,387,336,188,-11,-206,-354,-406,-342,-187,21,229,368,404,337,191,-15,-216,-354,-394,-336,-195,-3,190,326,380,336,192,7,-174,-304,-350,-302,-184,-23,140,261,309,272,174,32,-109,-210,-251,-227,-143,-24,92,176,203,170,98,8,-81,-148,-162,-132,-65,19,87,125,132,100,37,-30,-89,-119,-117,-79,-19,43,86,112,105,66,7,-47,-83,-100,-87,-54,-6,39,76,87,73,45,9,-30,-62,-75,-61,-35,-5,29,52,57,41,14,-19,-40,-51,-54,-44,-13,26,51,70,79,70,40,7,-28,-60,-165,-88
28821,mtk,MTK 7916,2777074619,rx0-tx0,512,-1687,-733,-558,-128,-207,-271,-316,-335,-320,-282,-211,-119,-18,92,193,282,349,384,388,353,283,188,64,-68,-194,-313,-403,-452,-457,-424,-345,-226,-80,74,220,345,444,500,506,460,372,250,94,-67,-223,-356,-456,-513,-522,-481,-396,-276,-135,26,187,328,436,511,538,516,447,340,205,40,-121,-278,-413,-518,-572,-576,-529,-430,-294,-129,50,232,407,546,635,664,630,542,393,198,-20,-248,-447,-616,-724,-764,-730,-621,-448,-224,27,282,508,684,800,834,783,657,452,204,-67,-335,-566,-745,-844,-862,-791,-643,-428,-167,106,366,596,757,849,862,780,619,406,146,-128,-388,-611,-773,-273,-864,-780,-617,-397,-130,149,414,642,804,886,879,787,617,372,105,-177,-446,-677,-844,-917,-901,-796,-607,-356,-74,216,495,720,875,948,920,806,601,332,32,-270,-555,-786,-932,-996,-955,-804,-575,-281,45,357,651,874,1005,1032,943,762,503,173,-181,-499,-761,-949,-1040,-1009,-867,-638,-337,-5,318,612,823,946,972,881,702,454,156,-149,-430,-662,-806,-866,-830,-703,-505,-265,1,253,475,636,726,735,666,531,343,127,-96,-310,-476,-583,-631,-607,-523,-385,-200,0,197,370,496,561,562,493,362,193,0,-193,-359,-471,-514,-482,-373,-210,-22,157,306,383,377,299,163,-927,-916,-546,19,329,-209,-236,-210,-129,-15,109,215,287,314,294,224,120,6,-114,-216,-290,-332,-329,-288,-212,-106,12,122,225,302,345,355,326,257,163,43,-89,-208,-312,-379,-409,-403,-336,-230,-100,42,182,308,405,454,444,389,287,158,12,-136,-274,-375,-445,-456,-415,-338,-213,-82,57,198,306,384,422,415,370,286,173,44,-84,-207,-300,-371,-408,-401,-350,-264,-152,-32,96,213,308,366,391,371,314,224,119,4,-107,-213,-295,-338,-356,-330,-270,-193,-96,9,108,194,259,304,309,287,240,162,81,-11,-94,-161,-218,-247,-253,-239,-205,-150,-88,-17,47,105,154,191,213,214,-730,180,135,80,19,-57,-119,-179,-228,-253,-256,-232,-184,-118,-35,54,137,206,247,270,265,228,171,92,1,-71,-140,-190,-218,-233,-215,-178,-132,-79,-20,31,78,110,142,161,159,153,133,111,86,45,8,-36,-76,-117,-147,-170,-190,-190,-166,-125,-84,-27,41,106,166,219,244,243,221,180,125,45,-35,-116,-184,-236,-268,-275,-252,-207,-145,-63,17,94,164,224,261,267,261,232,179,109,26,-51,-133,-208,-263,-296,-302,-274,-223,-151,-62,34,132,214,276,311,316,294,240,158,68,-27,-123,-204,-264,-304,-314,-293,-246,-181,-100,-6,82,164,232,285,309,298,-825,-577,-175,572,732,-291,-247,-181,-95,9,108,197,274,327,356,352,314,247,156,46,-75,-192,-294,-374,-424,-427,-392,-319,-208,-73,69,209,337,433,486,487,440,356,237,87,-73,-228,-355,-460,-515,-516,-468,-380,-256,-105,58,212,350,451,513,531,493,413,300,159,-1,-157,-303,-421,-507,-548,-535,-484,-387,-249,-86,82,252,407,524,593,609,579,491,347,168,-32,-232,-421,-581,-681,-718,-683,-584,-427,-215,17,258,472,645,763,802,760,636,450,219,-44,-301,-536,-720,-826,-851,-790,-646,-434,-183,89,352,581,756,852,860,789,631,408,156,-117,-385,-606,-769,-858,-859,-780,-619,-400,-1322,142,407,628,789,873,865,782,618,386,115,-168,-430,-660,-819,-891,-882,-788,-611,-368,-85,201,470,699,855,927,909,802,606,352,58,-244,-523,-760,-914,-974,-941,-813,-589,-310,-5,315,604,831,979,1015,951,796,542,236,-104,-429,-703,-917,-1039,-1031,-912,-700,-422,-89,255,557,800,956,1005,951,790,539,247,-77,-383,-638,-826,-922,-910,-808,-612,-357,-74,218,474,662,779,809,754,620,420,186,-61,-287,-479,-611,-673,-669,-592,-451,-275,-68,140,327,479,573,596,558,455,299,117,-78,-265,-417,-513,-542,-502,-395,-232,-44,153,324,434,465,417,301,133,-36,-183,-266,-64,160,1197,1260,1212,-58,43,154,243,284,272,211,113,-7,-128,-235,-303,-329,-311,-247,-157,-48,70,178,270,330,346,327,273,182,74,-45,-164,-266,-341,-388,-382,-335,-250,-135,-9,130,263,362,421,433,401,321,200,53,-102,-242,-356,-432,-460,-439,-368,-255,-119,41,180,304,392,431,439,397,306,193,59,-76,-197,-303,-375,-406,-402,-350,-270,-171,-48,86,214,313,375,398,390,338,250,140,17,-109,-219,-307,-361,-375,-353,-298,-207,-106,6,120,212,281,322,331,306,253,180,86,-15,-102,-184,-243,-280,-291,-265,-219,-157,-79,-3,71,140,191,218,228,220,197,160,109,50,-13,-128,-132,-174,-207,-229,-230,-205,-170,-111,-35,44,123,189,236,265,265,239,181,104,25,-66,-146,-207,-247,-256,-234,-203,-145,-82,-11,64,118,158,188,198,188,165,131,94,44,1,-40,-75,-104,-135,-152,-160,-157,-147,-124,-88,-51,-3,54,112,155,193,220,224,200,165,106,33,-38,-111,-171,-227,-262,-265,-245,-199,-135,-57,27,112,181,232,266,269,252,213,155,79,0,-74,-149,-214,-258,-276,-274,-253,-204,-135,-52,43,138,214,271,306,310,283,228,150,59,-39,-133,-217,-278,-308,-315,-293,-240,-172,-86,13,106,186,247,292,309,295,256,196,121,31,-60,954,1123
28822,mtk,MTK 7916,2777074619,rx0-tx1,512,-144,-129,-323,-938,-812,-620,-370,-82,211,494,731,901,1005,1004,902,731,486,189,-122,-428,-694,-898,-1028,-1053,-982,-820,-582,-284,46,363,652,890,1044,1109,1061,907,678,382,48,-294,-614,-879,-1059,-1144,-1126,-998,-773,-466,-119,237,571,856,1059,1165,1156,1045,835,539,197,-161,-494,-781,-1005,-1133,-1152,-1068,-880,-620,-314,27,370,670,915,1078,1138,1100,968,745,452,111,-241,-574,-861,-1068,-1177,-1180,-1077,-862,-564,-215,166,529,845,1096,1230,1238,1136,914,606,239,-152,-527,-857,-1101,-1232,-1237,-1126,-900,-592,-223,159,515,828,1048,1162,1164,1055,842,557,227,-118,-450,-736,-951,-1068,-1087,-1000,-822,146,-282,48,363,649,869,1004,1058,1008,858,631,343,22,-301,-598,-837,-998,-1067,-1030,-896,-676,-385,-56,270,582,834,1010,1082,1051,914,692,399,73,-265,-583,-841,-1014,-1093,-1064,-930,-702,-403,-75,272,588,849,1027,1107,1077,938,700,395,58,-293,-619,-887,-1053,-1118,-1066,-911,-660,-335,17,367,682,922,1065,1096,1009,814,543,217,-131,-464,-733,-926,-1019,-993,-866,-651,-373,-59,248,519,730,854,885,819,672,457,211,-51,-301,-520,-669,-741,-735,-651,-498,-296,-73,150,361,526,620,647,598,481,312,108,-103,-300,-452,-539,-554,-493,-363,-185,11,197,338,415,410,328,196,45,431,262,0,-413,-574,-318,-246,-102,82,265,415,496,493,408,255,63,-135,-321,-468,-551,-560,-503,-389,-226,-33,166,345,488,577,606,567,469,324,135,-72,-276,-458,-594,-683,-700,-632,-508,-324,-98,142,379,583,740,820,814,719,547,315,32,-256,-531,-760,-907,-967,-915,-764,-526,-224,104,421,699,903,1011,1025,927,730,457,141,-190,-504,-776,-964,-1052,-1034,-910,-694,-405,-74,264,575,833,1000,1061,1022,879,644,346,17,-308,-597,-832,-974,-1023,-971,-833,-607,-336,-25,287,563,784,929,982,941,817,609,348,63,-230,-500,-726,-885,-958,-949,-845,-671,-429,-141,162,450,697,882,987,1003,926,-411,511,218,-106,-422,-706,-922,-1059,-1104,-1031,-854,-587,-269,81,431,748,996,1138,1183,1107,916,631,285,-93,-476,-803,-1052,-1203,-1228,-1134,-929,-636,-285,97,469,788,1033,1180,1205,1122,930,659,325,-50,-411,-725,-970,-1131,-1192,-1128,-963,-722,-407,-61,296,626,895,1078,1165,1149,1021,801,511,172,-179,-518,-811,-1031,-1155,-1174,-1088,-891,-615,-280,78,427,747,1000,1157,1197,1123,953,687,350,-5,-371,-699,-958,-1129,-1191,-1140,-979,-732,-411,-49,309,639,903,1079,1151,1114,974,743,442,96,-251,-567,-832,-1015,-1094,-1071,-951,-739,-460,-148,176,472,729,912,1004,1005,918,753,515,234,-69,422,167,147,-839,-783,270,538,754,912,981,965,864,669,430,140,-174,-461,-711,-910,-1018,-1029,-948,-774,-537,-237,88,401,682,896,1038,1075,1016,867,634,340,10,-332,-635,-880,-1051,-1125,-1097,-964,-738,-439,-100,261,595,875,1067,1157,1146,1025,805,509,162,-198,-534,-830,-1041,-1153,-1155,-1048,-859,-588,-254,98,440,738,957,1100,1146,1080,919,682,380,43,-294,-613,-882,-1070,-1157,-1140,-1022,-816,-521,-176,187,542,850,1076,1206,1219,1111,901,599,230,-156,-533,-861,-1099,-1235,-1244,-1136,-917,-605,-228,158,529,846,1077,1204,1202,1090,874,568,220,-145,-496,-790,-1000,-1112,-1118,-1022,-830,-561,-246,87,413,690,206,1038,1066,997,838,594,306,-9,-329,-617,-847,-1001,-1058,-1014,-876,-655,-370,-45,287,588,838,1006,1072,1038,910,687,398,67,-271,-584,-839,-1015,-1086,-1066,-931,-702,-410,-74,274,594,854,1024,1095,1069,932,704,405,70,-278,-596,-859,-1034,-1111,-1083,-937,-690,-377,-26,328,649,910,1069,1116,1052,881,615,290,-63,-413,-713,-929,-1054,-1062,-953,-746,-465,-135,201,505,752,908,966,916,777,560,285,-6,-287,-530,-700,-795,-804,-732,-587,-376,-140,104,333,517,639,688,668,577,414,212,-3,-217,-397,-528,-593,-584,-505,-362,-175,28,224,382,478,497,438,311,141,-41,-192,-288,-311,-711,-793,0,410,140,145,293,400,430,378,247,59,-146,-333,-471,-536,-529,-450,-307,-119,80,263,422,530,584,566,485,349,171,-26,-226,-400,-539,-625,-646,-596,-485,-325,-124,107,329,514,661,741,745,675,533,328,76,-196,-455,-665,-824,-899,-867,-753,-546,-274,31,345,623,839,969,996,920,753,493,186,-142,-465,-739,-938,-1036,-1025,-915,-711,-429,-106,228,544,806,989,1068,1037,904,674,374,44,-288,-600,-844,-997,-1050,-996,-850,-617,-324,-6,305,589,814,950,1005,952,811,601,331,35,-261,-532,-755,-902,-962,-938,-821,-632,-382,-101,193,476,707,885,974,973,882,709,470,180,-127,-430,-92,-896,-1020,-1048,-975,-803,-551,-251,90,430,729,959,1095,1139,1070,894,615,283,-84,-452,-780,-1030,-1174,-1216,-1131,-927,-639,-285,101,474,805,1050,1199,1229,1135,929,645,290,-85,-447,-765,-1001,-1158,-1198,-1122,-940,-680,-360,-2,360,676,933,1104,1172,1136,992,757,451,112,-242,-572,-848,-1053,-1155,-1154,-1049,-846,-571,-237,117,471,780,1019,1161,1190,1114,931,656,317,-50,-404,-722,-983,-1137,-1190,-1141,-974,-717,-387,-26,341,667,931,1111,1178,1131,983,738,423,70,-286,-605,-868,-1047,-1129,-1096,-960,-739,-449,-119,210,523,785,964,1053,1041,932,741,478,180,-129,-417,-671,-862,-965,-984,380,550
28823,mtk,MTK 7916,2777074619,rx1-tx0,512,0,400,45,811,819,756,618,431,204,-41,-269,-492,-666,-775,-816,-789,-695,-538,-326,-82,162,392,602,754,840,849,775,647,451,202,-64,-326,-568,-753,-874,-924,-884,-757,-562,-310,-29,263,545,765,926,1017,999,882,690,429,126,-202,-519,-784,-992,-1105,-1118,-1031,-838,-548,-214,158,522,853,1097,1232,1246,1151,928,608,226,-189,-584,-931,-1176,-1301,-1309,-1183,-930,-588,-183,236,621,957,1192,1300,1285,1150,893,556,167,-241,-606,-929,-1161,-1268,-1260,-1122,-876,-552,-183,217,594,905,1134,1239,1228,1093,857,533,153,-230,-594,-900,-1107,-1201,-1186,-1052,-808,-490,-122,255,595,887,1081,1159,1127,983,-136,437,78,-276,-606,-869,-1043,-1113,-1068,-916,-684,-387,-60,279,584,825,991,1049,1006,865,631,345,26,-294,-583,-807,-958,-1002,-944,-797,-572,-297,6,309,576,768,895,932,870,726,512,251,-27,-298,-535,-710,-818,-847,-795,-655,-454,-226,23,256,471,640,735,761,722,608,440,235,5,-214,-419,-582,-689,-723,-685,-588,-433,-232,-15,217,418,570,661,686,640,525,363,172,-44,-256,-424,-552,-614,-622,-561,-437,-278,-95,102,272,416,514,547,527,458,329,175,3,-170,-320,-423,-485,-493,-432,-328,-183,-19,147,280,382,431,414,343,215,70,-78,-206,-289,-314,-279,-198,-91,577,708,0,-723,-240,178,239,250,208,121,7,-114,-222,-295,-327,-311,-247,-152,-34,79,182,271,323,338,318,260,179,78,-35,-145,-247,-324,-364,-376,-357,-296,-203,-79,49,196,322,413,490,502,457,370,234,63,-113,-297,-456,-567,-628,-617,-539,-393,-197,21,244,450,610,704,728,668,550,361,123,-121,-358,-570,-713,-786,-790,-695,-537,-323,-64,200,448,657,800,867,837,724,539,284,0,-280,-538,-747,-886,-926,-872,-721,-494,-225,77,371,630,823,940,958,862,685,439,151,-156,-453,-693,-862,-957,-941,-834,-649,-389,-98,201,480,720,867,935,917,806,608,351,63,-225,-492,-716,-873,236,-902,-794,-611,-368,-88,198,478,710,870,954,941,835,661,403,106,-200,-481,-721,-905,-996,-984,-879,-686,-421,-119,191,493,741,922,1018,1004,904,711,457,155,-166,-464,-729,-918,-1014,-1029,-939,-764,-514,-214,111,423,704,915,1049,1074,1002,834,578,274,-60,-393,-689,-927,-1078,-1119,-1059,-893,-641,-319,24,373,690,935,1100,1150,1092,929,672,354,-5,-372,-693,-941,-1097,-1157,-1091,-914,-664,-345,4,358,669,914,1067,1113,1049,884,642,338,-1,-327,-621,-858,-1007,-1048,-992,-845,-610,-328,-23,290,563,779,927,981,934,806,600,336,59,-230,-492,-701,-845,-905,-870,-760,-581,-351,-706,-995,0,584,711,162,-85,-326,-536,-697,-796,-811,-765,-655,-475,-260,-25,211,437,629,767,827,810,733,591,382,145,-116,-359,-575,-758,-866,-890,-840,-705,-504,-260,11,295,555,766,910,965,941,819,620,375,82,-231,-526,-775,-959,-1059,-1067,-965,-776,-502,-174,169,505,812,1038,1169,1192,1099,887,583,218,-173,-551,-891,-1135,-1273,-1284,-1171,-932,-598,-207,209,618,955,1189,1311,1299,1172,925,575,171,-237,-619,-942,-1164,-1286,-1269,-1135,-902,-561,-174,228,608,916,1130,1242,1236,1106,873,547,170,-224,-590,-899,-1125,-1228,-1209,-1078,-838,-512,-146,235,598,898,1101,1196,1163,1022,784,458,98,-265,-600,1335,-1052,-1131,-1097,-958,-717,-411,-65,284,597,840,1007,1072,1036,886,661,364,38,-282,-584,-823,-970,-1026,-977,-831,-608,-323,-8,304,578,786,922,966,912,760,533,271,-22,-310,-563,-753,-866,-888,-827,-687,-483,-245,21,279,509,671,769,792,745,631,447,228,-9,-242,-450,-606,-712,-739,-700,-600,-438,-238,-7,215,407,566,666,705,675,568,400,198,-23,-240,-428,-562,-643,-661,-599,-481,-317,-125,72,269,422,530,586,572,500,387,227,44,-132,-299,-427,-501,-526,-491,-395,-262,-110,64,222,348,433,463,431,346,223,67,-91,-236,-338,-378,-364,-289,-172,-39,89,183,226,-413,-63,0,-739,-1006,127,41,-73,-182,-262,-303,-290,-227,-127,-9,117,220,296,329,318,280,204,100,-11,-121,-219,-293,-345,-357,-336,-273,-175,-66,47,166,275,365,419,434,413,327,222,82,-91,-243,-379,-488,-547,-556,-505,-385,-224,-28,177,372,538,639,676,644,539,367,156,-87,-316,-516,-678,-749,-752,-686,-541,-331,-98,159,401,598,747,819,811,719,549,314,39,-241,-494,-708,-852,-901,-860,-735,-528,-260,36,334,596,792,912,939,867,707,472,183,-121,-419,-665,-855,-950,-956,-858,-667,-419,-120,194,470,713,876,949,927,822,624,362,83,-215,-492,-723,-876,-937,-909,-794,-602,-350,-351,214,479,704,864,934,918,819,629,383,99,-206,-475,-713,-896,-980,-966,-856,-671,-418,-113,200,491,740,924,1007,1003,897,699,442,128,-186,-486,-736,-916,-1016,-1016,-919,-738,-475,-176,145,453,717,917,1031,1046,972,799,551,246,-88,-405,-700,-924,-1057,-1098,-1030,-865,-618,-302,41,375,688,937,1085,1138,1086,917,665,342,-16,-370,-691,-940,-1100,-1163,-1103,-928,-668,-344,10,375,683,927,1086,1139,1077,905,653,335,-8,-349,-653,-891,-1039,-1082,-1016,-861,-630,-329,-6,308,593,816,950,1004,959,817,605,337,30,-265,-533,-754,-890,-938,-902,-780,-588,-348,-71,207,455,653,785,753,290
28824,mtk,MTK 7916,2777074619,rx1-tx1,512,0,0,0,-719,-729,-574,-288,61,398,646,748,680,462,140,-216,-526,-719,-747,-607,-328,30,378,643,768,724,510,179,-198,-532,-752,-801,-669,-387,-15,369,673,825,791,584,239,-171,-542,-789,-861,-740,-450,-56,354,692,880,869,665,305,-129,-538,-831,-942,-842,-554,-141,310,699,931,958,777,423,-29,-477,-822,-984,-928,-681,-280,180,606,889,977,850,541,114,-339,-716,-924,-925,-727,-367,74,491,793,912,831,563,171,-255,-618,-844,-875,-710,-381,31,424,722,857,799,555,187,-220,-580,-807,-851,-704,-401,-5,394,705,857,813,585,226,-186,-560,-807,-875,-749,-456,-59,359,700,0,873,668,315,-115,-520,-817,-934,-848,-573,-164,286,674,921,977,813,469,17,-442,-813,-1014,-999,-764,-363,125,592,927,1074,990,691,242,-265,-711,-1007,-1104,-961,-607,-122,391,811,1057,1085,882,483,-15,-505,-893,-1088,-1049,-784,-348,164,634,972,1106,1002,681,213,-304,-757,-1058,-1130,-966,-593,-95,426,858,1114,1134,917,516,13,-498,-906,-1126,-1115,-886,-481,25,520,899,1095,1070,842,442,-38,-494,-841,-1021,-985,-761,-398,31,442,753,907,879,684,356,-29,-389,-660,-798,-778,-610,-329,6,329,576,707,713,591,367,87,-204,-446,-600,-655,-608,-474,-283,-72,129,286,380,414,0,0,0,0,0,-274,-317,-314,-265,-166,-28,130,281,404,470,457,372,220,23,-188,-376,-500,-527,-463,-311,-94,149,370,524,581,520,349,107,-157,-401,-570,-630,-567,-380,-107,192,460,643,695,601,382,78,-251,-535,-717,-762,-646,-396,-61,296,602,786,819,687,407,42,-331,-639,-820,-833,-677,-389,-18,352,642,792,783,612,314,-47,-387,-641,-756,-708,-505,-197,146,457,662,718,612,380,67,-263,-531,-677,-677,-524,-253,65,371,597,687,621,420,118,-205,-481,-656,-691,-574,-329,-7,316,571,702,673,500,224,-100,-408,-629,-715,-635,-416,-117,208,492,661,684,559,313,-4,-321,-567,0,-647,-467,-184,147,444,640,692,589,356,44,-284,-553,-697,-689,-525,-250,88,408,637,726,653,437,119,-222,-513,-693,-716,-576,-305,29,354,607,721,669,464,152,-190,-494,-687,-718,-590,-326,19,367,634,757,709,500,181,-187,-522,-746,-804,-679,-402,-32,351,659,823,813,623,296,-99,-471,-746,-861,-788,-536,-171,224,566,780,821,684,401,37,-325,-614,-758,-730,-543,-241,108,426,639,701,601,364,48,-271,-523,-652,-625,-452,-175,139,422,607,649,538,304,-6,-318,-558,-671,-634,-447,-152,177,465,655,698,581,333,11,-315,-580,-715,-687,-506,-219,124,446,665,736,0,0,0,0,0,185,-166,-482,-694,-748,-635,-381,-43,311,595,741,720,537,233,-123,-454,-687,-764,-667,-418,-73,293,597,769,769,600,286,-96,-456,-711,-814,-734,-482,-119,270,609,809,828,664,343,-59,-451,-748,-878,-807,-560,-185,244,620,856,908,758,432,0,-435,-777,-949,-912,-671,-282,174,595,887,984,870,561,126,-339,-722,-950,-970,-778,-421,27,473,812,964,900,640,243,-204,-603,-863,-929,-784,-467,-54,366,703,880,859,644,286,-135,-523,-783,-865,-753,-473,-89,319,652,832,823,632,294,-113,-495,-766,-859,-758,-490,-107,299,642,845,859,679,352,-61,-462,-761,-889,-822,-571,0,238,615,856,908,759,439,19,-412,-759,-945,-921,-694,-313,140,570,889,1011,909,612,184,-291,-712,-981,-1041,-886,-533,-58,428,826,1055,1060,833,427,-70,-553,-925,-1101,-1042,-758,-312,194,659,987,1108,987,648,174,-334,-773,-1044,-1091,-903,-522,-27,477,882,1093,1073,827,404,-112,-612,-981,-1141,-1070,-774,-316,212,697,1036,1158,1044,720,251,-267,-734,-1039,-1136,-1014,-683,-220,274,700,985,1074,942,624,193,-264,-654,-904,-971,-845,-562,-180,229,579,801,864,758,506,165,-194,-505,-706,-763,-678,-471,-181,132,409,607,696,660,517,296,39,-207,-405,-536,-578,-535,-428,-289,-130,0,0,0,0,0,73,-35,-149,-265,-361,-417,-415,-348,-218,-47,141,315,447,505,474,358,175,-51,-275,-450,-543,-536,-427,-227,22,270,470,589,589,465,248,-27,-306,-530,-652,-640,-497,-244,63,364,598,717,691,525,240,-101,-428,-676,-799,-753,-547,-230,136,482,735,843,777,557,226,-155,-505,-745,-831,-751,-514,-173,195,519,726,779,667,416,86,-259,-551,-717,-718,-568,-297,39,359,596,696,647,453,152,-176,-457,-642,-687,-575,-338,-27,293,544,676,661,495,223,-99,-408,-621,-698,-625,-412,-110,214,499,677,704,579,327,9,-309,-565,-696,-667,-499,-225,100,403,614,688,609,392,0,-240,-503,-657,-668,-530,-269,55,371,602,698,641,442,142,-191,-485,-673,-711,-597,-347,-17,318,576,713,693,512,221,-122,-438,-651,-719,-630,-397,-70,277,558,704,692,528,237,-109,-434,-660,-741,-650,-407,-68,288,585,758,761,597,294,-83,-451,-716,-823,-754,-521,-168,229,580,800,843,711,421,38,-353,-669,-835,-816,-628,-303,83,441,696,795,719,490,156,-208,-516,-701,-720,-576,-306,26,342,577,675,619,413,118,-201,-472,-629,-639,-501,-243,72,369,581,658,584,374,74,-250,-520,-668,-666,-514,-246,81,394,625,714,643,429,118,-224,-519,-696,-723,-594,-325,18,0,0
28825,mtk,MTK 7916,2777074619,rx2-tx0,512,0,0,0,-699,-778,-685,-445,-111,253,560,745,771,631,349,-6,-354,-626,-761,-724,-530,-221,134,456,676,746,650,419,99,-244,-534,-698,-710,-563,-291,42,361,592,686,630,434,145,-167,-437,-609,-639,-524,-290,6,292,503,595,555,381,118,-167,-405,-545,-559,-444,-225,53,314,493,555,489,307,55,-209,-425,-542,-535,-405,-172,104,347,513,565,485,288,25,-242,-455,-567,-545,-397,-165,107,360,533,577,488,293,39,-230,-447,-562,-540,-401,-170,98,342,510,562,478,291,42,-220,-430,-550,-540,-401,-178,86,333,504,559,487,304,54,-205,-417,-535,-527,-403,-193,62,305,480,0,482,303,60,-196,-407,-524,-520,-399,-184,76,321,491,554,487,305,50,-221,-451,-580,-580,-452,-221,70,350,556,641,587,396,115,-202,-480,-649,-677,-561,-319,0,323,580,714,691,509,217,-126,-448,-674,-753,-672,-443,-107,263,579,770,801,667,378,-9,-402,-707,-866,-854,-657,-315,98,492,793,937,892,657,285,-148,-545,-834,-961,-894,-642,-260,169,563,836,943,856,603,241,-170,-546,-799,-889,-807,-566,-224,158,504,742,822,743,527,216,-128,-438,-652,-739,-685,-500,-229,70,345,553,650,624,489,278,27,-217,-412,-534,-562,-501,-369,-193,-5,160,284,351,364,328,0,0,0,0,0,-213,-293,-339,-344,-301,-206,-70,92,254,392,471,478,406,260,66,-149,-344,-480,-531,-488,-355,-153,92,320,487,562,535,400,184,-78,-330,-521,-613,-579,-427,-195,85,355,553,639,597,433,187,-108,-384,-580,-659,-605,-426,-155,144,405,579,645,573,377,107,-184,-435,-588,-612,-511,-298,-20,254,466,582,574,434,202,-61,-309,-487,-552,-497,-332,-96,156,365,487,501,396,205,-32,-262,-432,-496,-445,-289,-65,172,376,495,502,394,191,-61,-302,-476,-546,-496,-335,-96,168,400,546,570,462,252,-13,-282,-490,-590,-559,-399,-155,127,390,572,626,542,329,45,-251,-496,0,-651,-509,-253,63,366,592,693,641,450,157,-175,-468,-661,-713,-608,-371,-48,288,556,697,687,529,254,-81,-399,-632,-724,-654,-434,-127,208,497,676,705,575,310,-24,-346,-586,-698,-657,-464,-164,175,474,661,703,583,326,-9,-336,-588,-709,-666,-468,-165,180,490,692,736,610,345,6,-340,-615,-754,-719,-521,-205,154,480,702,771,666,412,68,-290,-586,-747,-734,-561,-270,83,422,664,748,667,446,125,-228,-524,-693,-712,-570,-294,45,365,602,700,641,439,134,-199,-478,-657,-694,-567,-301,33,354,597,704,650,447,140,-196,-496,-683,-720,-600,-347,-14,330,601,736,0,0,0,0,0,328,-20,-370,-641,-772,-737,-547,-233,134,470,704,784,694,448,110,-248,-549,-728,-750,-611,-334,14,352,607,732,697,503,197,-145,-447,-647,-704,-608,-377,-63,257,512,648,635,482,219,-90,-371,-562,-623,-538,-334,-56,228,458,575,558,413,172,-103,-352,-514,-559,-471,-269,-4,253,454,545,505,349,116,-148,-385,-527,-543,-435,-227,38,302,495,572,516,347,92,-184,-418,-556,-571,-456,-236,34,296,490,571,526,359,109,-163,-395,-533,-553,-446,-236,30,283,473,555,511,350,108,-158,-389,-531,-552,-447,-238,23,272,466,555,514,358,123,-144,-370,-513,-545,-455,-259,0,252,445,532,501,354,124,-133,-362,-507,-538,-444,-247,12,271,476,567,533,379,132,-157,-411,-574,-615,-515,-298,-9,289,530,657,640,483,217,-106,-407,-625,-711,-639,-420,-114,218,516,704,735,608,340,-13,-365,-641,-777,-746,-556,-239,144,498,753,855,764,513,153,-254,-616,-851,-911,-782,-489,-95,330,696,914,949,797,478,62,-370,-725,-930,-944,-772,-453,-43,373,702,886,899,738,428,34,-358,-667,-835,-838,-678,-387,-33,316,597,756,765,630,377,57,-257,-511,-665,-689,-581,-376,-110,168,406,561,617,564,415,209,-16,-221,-379,-470,-487,-433,-328,-196,-63,60,0,0,0,0,0,183,107,5,-121,-247,-358,-427,-436,-375,-255,-88,102,286,428,504,495,397,221,-2,-226,-413,-531,-552,-463,-285,-48,202,419,553,583,500,316,58,-218,-450,-596,-626,-531,-326,-54,227,474,628,646,534,315,30,-257,-494,-631,-639,-511,-273,15,293,514,625,601,459,218,-71,-339,-535,-611,-550,-370,-120,153,392,546,570,474,285,32,-226,-426,-526,-507,-375,-157,96,315,456,496,425,253,23,-217,-411,-508,-480,-345,-131,121,348,497,533,443,253,11,-237,-441,-550,-539,-402,-171,96,344,523,588,518,330,70,-211,-452,-588,-593,-473,-251,41,335,550,645,603,424,0,-165,-435,-622,-678,-581,-356,-49,273,534,683,683,533,263,-63,-377,-611,-718,-667,-461,-156,179,482,682,719,598,357,32,-307,-572,-706,-686,-511,-215,121,422,634,706,612,381,68,-256,-530,-690,-690,-526,-243,94,411,634,709,622,394,73,-272,-549,-703,-699,-539,-255,93,423,660,748,670,437,102,-253,-551,-731,-748,-602,-318,37,384,644,760,706,496,177,-187,-510,-711,-750,-623,-358,-16,328,596,729,699,514,208,-142,-452,-655,-716,-618,-375,-50,279,544,687,671,501,215,-118,-424,-633,-700,-607,-374,-55,274,544,697,691,530,248,-97,-419,-648,-738,-666,-442,-117,0,0
28826,mtk,MTK 7916,2777074619,rx2-tx1,512,0,0,0,547,566,465,263,2,-256,-464,-575,-570,-438,-211,55,316,509,597,553,392,146,-127,-374,-539,-591,-513,-327,-67,204,436,572,577,460,244,-29,-304,-504,-599,-567,-411,-168,115,376,555,622,561,374,102,-187,-440,-600,-635,-538,-328,-52,233,464,600,612,500,276,-1,-266,-466,-569,-551,-423,-203,50,280,445,518,476,340,142,-84,-290,-427,-467,-400,-250,-62,125,280,371,383,308,165,-4,-158,-270,-316,-292,-211,-83,58,183,259,273,227,130,14,-100,-188,-230,-219,-163,-70,35,126,183,196,161,91,8,-75,-137,-164,-151,-105,-34,45,108,137,135,96,35,-38,0,-136,-129,-92,-38,26,90,138,153,130,81,14,-62,-129,-166,-173,-141,-74,6,76,140,181,179,138,77,6,-70,-125,-155,-150,-116,-53,3,40,78,92,82,63,30,-3,-17,-15,-8,2,13,17,18,-6,-35,-66,-105,-128,-115,-72,-13,62,136,194,220,200,140,51,-62,-167,-241,-282,-274,-203,-85,47,175,276,326,313,238,115,-32,-172,-283,-339,-332,-268,-146,12,164,276,342,344,284,169,13,-140,-261,-330,-336,-277,-179,-48,96,215,290,302,262,179,63,-61,-171,-248,-279,-259,-192,-98,6,105,187,234,240,210,153,76,-3,-71,-126,-157,-163,-147,0,0,0,0,0,123,140,136,111,67,6,-62,-133,-195,-230,-225,-185,-112,-23,71,162,226,250,237,182,92,-17,-123,-216,-268,-268,-220,-134,-16,105,210,273,278,230,148,38,-87,-194,-264,-281,-246,-163,-48,75,178,243,261,233,162,58,-55,-153,-213,-235,-209,-147,-51,53,128,175,186,155,93,23,-44,-96,-128,-131,-100,-52,0,47,70,74,58,25,-13,-43,-58,-46,-23,5,49,83,86,68,30,-22,-79,-129,-147,-127,-77,-1,81,152,196,200,163,90,-14,-121,-209,-258,-252,-189,-80,57,188,285,329,305,211,70,-87,-231,-335,-375,-336,-228,-62,126,293,398,425,0,227,42,-169,-355,-463,-473,-385,-218,-8,208,388,496,504,397,204,-28,-265,-451,-541,-518,-391,-180,71,306,477,562,527,377,147,-104,-333,-498,-552,-498,-337,-110,145,366,503,527,450,277,39,-199,-392,-496,-495,-390,-203,27,244,404,479,445,318,132,-78,-276,-405,-434,-369,-227,-35,159,303,378,370,278,119,-64,-222,-323,-347,-286,-162,-8,154,281,329,295,192,50,-106,-238,-317,-319,-243,-106,54,201,313,346,291,178,17,-159,-295,-364,-348,-255,-100,87,257,367,403,355,217,21,-187,-356,-447,-446,-346,-165,54,263,426,507,470,332,122,-115,-337,-491,-542,0,0,0,0,0,-157,100,342,516,582,524,361,111,-165,-398,-548,-586,-501,-307,-50,215,442,572,575,457,241,-25,-290,-495,-588,-549,-394,-154,126,373,542,595,518,327,61,-217,-448,-587,-602,-487,-263,16,296,514,627,616,467,213,-77,-349,-552,-634,-588,-423,-173,110,365,541,600,530,355,115,-149,-370,-511,-550,-470,-290,-59,175,367,478,480,378,200,-9,-204,-355,-428,-397,-281,-123,53,213,324,359,310,195,47,-102,-225,-295,-293,-228,-115,20,138,217,247,225,151,43,-67,-153,-207,-213,-169,-87,15,101,158,171,149,99,24,-62,-121,-142,-136,-101,-35,37,95,133,138,0,33,-30,-88,-129,-132,-103,-56,5,76,132,158,148,109,42,-35,-108,-160,-179,-157,-104,-36,34,101,156,175,155,105,36,-32,-88,-120,-126,-111,-81,-37,6,43,64,54,31,20,14,0,-7,17,45,64,71,58,26,-24,-85,-132,-161,-165,-136,-68,14,106,190,244,244,207,125,15,-112,-224,-294,-306,-264,-167,-34,112,236,320,343,300,196,57,-97,-231,-318,-352,-322,-224,-82,72,211,306,344,319,229,95,-53,-187,-282,-322,-304,-233,-122,7,133,232,285,281,225,133,25,-87,-193,-257,-268,-235,-171,-75,25,110,173,208,210,188,144,86,28,-26,0,0,0,0,0,-28,23,75,128,170,193,192,165,106,27,-64,-146,-206,-236,-231,-193,-116,-17,91,187,250,264,238,170,58,-62,-165,-242,-280,-262,-189,-85,38,161,247,285,275,213,105,-18,-131,-224,-278,-278,-216,-116,-2,112,205,255,250,194,103,-5,-99,-171,-208,-199,-149,-79,3,81,142,164,145,98,42,-15,-66,-96,-102,-87,-48,-3,34,62,69,45,9,-27,-56,-68,-49,-18,24,73,106,112,91,52,-15,-84,-138,-170,-167,-115,-32,56,147,218,243,218,138,22,-103,-210,-282,-296,-249,-150,-6,144,271,345,355,280,144,-21,-186,-319,-391,-384,-294,-141,43,0,379,445,418,304,125,-87,-283,-426,-488,-449,-307,-100,131,341,484,528,463,306,81,-171,-386,-521,-554,-470,-282,-40,212,416,537,548,448,258,0,-254,-442,-535,-523,-399,-191,56,282,450,526,489,343,135,-105,-327,-467,-496,-424,-267,-54,167,349,448,445,352,185,-24,-212,-346,-403,-372,-253,-84,101,261,353,358,283,142,-28,-182,-291,-329,-289,-182,-28,130,259,324,309,222,80,-79,-224,-318,-335,-270,-141,25,187,306,348,320,216,58,-124,-277,-370,-380,-306,-159,35,224,367,432,404,278,83,-128,-319,-447,-480,-405,-247,-32,201,396,508,518,412,213,-29,0,0
28827,mtk,MTK 7916,2777086832,rx0-tx0,512,0,0,0,0,0,0,0,0,0,0,0,0,0,0,0,0,0,0,0,0,0,0,0,0,0,0,0,0,0,0,0,0,0,0,0,0,0,0,0,0,0,0,0,0,0,0,0,0,0,0,0,0,0,0,0,0,0,0,0,0,0,0,0,0,0,0,0,0,0,0,0,0,0,0,0,0,0,0,0,0,0,0,0,0,0,0,0,0,0,0,0,0,0,0,0,0,0,0,0,0,0,0,0,0,0,0,0,0,0,0,0,0,0,0,0,0,0,0,0,0,0,0,0,0,0,0,0,0,0,0,0,0,0,0,0,0,0,0,0,0,0,0,0,0,0,0,0,0,0,0,0,0,0,0,0,0,0,0,0,0,0,0,0,0,0,0,0,0,0,0,0,0,0,0,0,0,0,0,0,0,0,0,0,0,0,0,0,0,0,0,0,0,0,0,0,0,0,0,0,0,0,0,0,0,0,0,0,0,0,0,0,0,0,0,0,0,0,0,0,0,0,0,0,0,0,0,0,0,0,0,0,0,0,0,0,0,0,0,0,0,0,0,0,0,0,0,0,0,0,0,0,0,0,0,0,0,-273,-532,-690,99,204,302,348,337,281,191,84,-38,-153,-257,-342,-408,-448,-457,-434,-389,-313,-211,-93,38,179,316,436,542,615,658,658,617,534,407,258,92,-84,-267,-432,-579,-693,-767,-799,-788,-744,-658,-523,-378,-212,-22,159,341,508,641,755,838,873,873,840,771,657,510,338,138,-67,-275,-468,-648,-796,-907,-982,-1014,-997,-920,-809,-656,-472,-257,-36,188,411,611,793,921,1017,1057,1050,998,887,736,560,345,126,-93,-309,-508,-677,-814,-911,-956,-958,-921,-841,-730,-595,-437,-264,-86,91,256,404,535,643,719,767,784,781,753,684,604,501,374,233,91,-55,-210,-356,-495,-1687,-700,-770,-811,-818,-792,-728,-642,-528,-386,-227,-63,105,266,420,567,684,775,840,872,870,828,765,677,555,409,241,56,-128,-323,-517,-695,-843,-964,-1054,-1099,-1095,-1035,-925,-769,-583,-359,-97,175,435,687,917,1107,1248,1326,1341,1282,1163,986,752,482,182,-130,-439,-727,-974,-1171,-1308,-1381,-1389,-1318,-1183,-982,-741,-460,-163,131,432,694,920,1100,1224,1287,1285,1215,1084,910,686,416,134,-151,-432,-690,-903,-1065,-1174,-1215,-1183,-1085,-927,-712,-466,-200,75,338,569,766,918,1012,1040,1006,909,761,583,372,140,-91,-318,-527,-705,-841,-929,-948,-893,-763,-549,-274,55,380,639,766,106,-119,0,0,0,0,0,0,0,0,0,0,0,0,0,0,0,0,0,0,0,0,0,0,0,0,0,0,0,0,0,0,0,0,0,0,0,0,0,0,0,0,0,0,0,0,0,0,0,0,0,0,0,0,0,0,0,0,0,0,0,0,0,0,0,0,0,0,0,0,0,0,0,0,0,0,0,0,0,0,0,0,0,0,0,0,0,0,0,0,0,0,0,0,0,0,0,0,0,0,0,0,0,0,0,0,0,0,0,0,0,0,0,0,0,0,0,0,0,0,0,0,0,0,0,0,0,0,0,0,0,0,0,0,0,0,0,0,0,0,0,0,0,0,0,0,0,0,0,0,0,0,0,0,0,0,0,0,0,0,0,0,0,0,0,0,0,0,0,0,0,0,0,0,0,0,0,0,0,0,0,0,0,0,0,0,0,0,0,0,0,0,0,0,0,0,0,0,0,0,0,0,0,0,0,0,0,0,0,0,0,0,0,0,0,0,0,0,0,0,0,0,0,0,0,0,0,0,0,0,0,0,0,0,0,0,0,0,0,0,0,0,0,0,0,0,0,0,0,0,0,0,0,0,0,0,0,0,-1322,-639,-473,235,206,120,-6,-132,-245,-326,-381,-398,-381,-333,-258,-167,-59,60,178,290,394,471,522,543,538,490,414,304,165,12,-153,-313,-468,-593,-682,-738,-753,-721,-639,-526,-379,-208,-24,157,330,497,632,734,813,840,824,781,693,572,426,257,70,-111,-300,-479,-639,-773,-875,-939,-950,-921,-849,-744,-591,-413,-212,3,233,443,636,800,932,1018,1050,1043,971,867,712,517,306,73,-153,-374,-584,-752,-895,-991,-1022,-1021,-972,-873,-739,-576,-385,-182,21,223,402,556,681,780,842,867,856,806,728,629,506,366,219,70,-77,-229,-368,-486,-596,-685,-746,-776,-790,-765,-708,-630,-175,-391,-246,-89,77,242,393,528,648,743,809,838,838,804,742,640,513,372,220,55,-122,-289,-446,-599,-726,-831,-906,-944,-950,-922,-856,-748,-602,-431,-223,2,233,464,681,872,1033,1156,1226,1233,1181,1078,909,691,437,159,-140,-433,-708,-960,-1161,-1306,-1381,-1389,-1329,-1202,-1010,-763,-481,-178,138,445,723,964,1154,1287,1347,1346,1274,1134,945,711,443,158,-135,-424,-678,-896,-1077,-1199,-1255,-1247,-1175,-1038,-843,-608,-341,-52,229,495,736,927,1054,1123,1125,1055,935,760,545,301,44,-202,-433,-624,-776,-888,-943,-938,-885,-776,-615,-416,-177,83,344,597,802,938,970,868,640,382,-828,-826
28828,mtk,MTK 7916,2777086832,rx0-tx1,512,0,0,0,0,0,0,0,0,0,0,0,0,0,0,0,0,0,0,0,0,0,0,0,0,0,0,0,0,0,0,0,0,0,0,0,0,0,0,0,0,0,0,0,0,0,0,0,0,0,0,0,0,0,0,0,0,0,0,0,0,0,0,0,0,0,0,0,0,0,0,0,0,0,0,0,0,0,0,0,0,0,0,0,0,0,0,0,0,0,0,0,0,0,0,0,0,0,0,0,0,0,0,0,0,0,0,0,0,0,0,0,0,0,0,0,0,0,0,0,0,0,0,0,0,0,0,0,0,0,0,0,0,0,0,0,0,0,0,0,0,0,0,0,0,0,0,0,0,0,0,0,0,0,0,0,0,0,0,0,0,0,0,0,0,0,0,0,0,0,0,0,0,0,0,0,0,0,0,0,0,0,0,0,0,0,0,0,0,0,0,0,0,0,0,0,0,0,0,0,0,0,0,0,0,0,0,0,0,0,0,0,0,0,0,0,0,0,0,0,0,0,0,0,0,0,0,0,0,0,0,0,0,0,0,0,0,0,0,0,0,0,0,0,0,0,0,0,0,0,0,0,0,0,0,0,0,-730,-223,-215,-225,-290,-301,-252,-157,-30,97,223,325,397,446,450,423,369,284,174,44,-95,-238,-377,-495,-590,-644,-665,-648,-576,-467,-328,-155,36,229,413,583,724,833,887,894,853,758,619,447,248,26,-205,-428,-639,-814,-950,-1045,-1087,-1071,-1003,-882,-709,-506,-270,-19,241,487,713,914,1072,1177,1227,1220,1149,1026,855,638,383,115,-159,-432,-686,-906,-1092,-1228,-1304,-1337,-1294,-1184,-1029,-818,-572,-305,-9,282,564,821,1032,1212,1336,1388,1379,1313,1180,992,768,499,210,-87,-379,-653,-907,-1111,-1262,-1360,-1392,-1367,-1274,-1120,-929,-687,-423,-138,151,424,686,911,1093,1225,1315,1338,1301,1223,-546,894,663,418,159,-107,-377,-625,-845,-1042,-1196,-1289,-1336,-1328,-1269,-1148,-978,-765,-524,-254,42,329,613,876,1102,1284,1405,1469,1462,1379,1239,1048,794,506,186,-142,-461,-762,-1020,-1231,-1386,-1473,-1499,-1448,-1328,-1149,-918,-656,-360,-52,261,554,820,1051,1223,1345,1402,1394,1330,1202,1025,805,544,265,-27,-326,-605,-853,-1063,-1226,-1330,-1369,-1344,-1255,-1104,-899,-648,-355,-53,263,561,820,1048,1217,1316,1348,1305,1187,1003,771,490,184,-124,-420,-696,-922,-1086,-1186,-1210,-1160,-1043,-866,-638,-381,-110,156,409,625,800,921,979,980,922,806,639,424,181,-79,-349,-600,-801,-926,-946,-835,-606,-346,-169,-202,0,0,0,0,0,0,0,0,0,0,0,0,0,0,0,0,0,0,0,0,0,0,0,0,0,0,0,0,0,0,0,0,0,0,0,0,0,0,0,0,0,0,0,0,0,0,0,0,0,0,0,0,0,0,0,0,0,0,0,0,0,0,0,0,0,0,0,0,0,0,0,0,0,0,0,0,0,0,0,0,0,0,0,0,0,0,0,0,0,0,0,0,0,0,0,0,0,0,0,0,0,0,0,0,0,0,0,0,0,0,0,0,0,0,0,0,0,0,0,0,0,0,0,0,0,0,0,0,0,0,0,0,0,0,0,0,0,0,0,0,0,0,0,0,0,0,0,0,0,0,0,0,0,0,0,0,0,0,0,0,0,0,0,0,0,0,0,0,0,0,0,0,0,0,0,0,0,0,0,0,0,0,0,0,0,0,0,0,0,0,0,0,0,0,0,0,0,0,0,0,0,0,0,0,0,0,0,0,0,0,0,0,0,0,0,0,0,0,0,0,0,0,0,0,0,0,0,0,0,0,0,0,0,0,0,0,0,0,0,0,0,0,0,0,0,0,0,0,0,0,0,0,0,0,0,0,-128,13,67,-104,-12,119,243,338,385,383,343,262,167,52,-79,-199,-314,-415,-488,-535,-545,-523,-458,-359,-229,-78,81,255,421,564,683,762,792,771,711,608,461,279,73,-138,-348,-549,-719,-852,-947,-991,-978,-924,-822,-659,-465,-238,-1,240,478,695,877,1018,1117,1162,1144,1068,944,775,562,316,58,-210,-470,-710,-921,-1096,-1219,-1277,-1283,-1223,-1100,-937,-724,-478,-211,69,362,628,871,1078,1229,1333,1372,1345,1258,1107,911,677,397,106,-190,-482,-755,-987,-1173,-1312,-1383,-1395,-1346,-1236,-1067,-843,-593,-310,-14,280,564,812,1022,1191,1303,1360,1350,1288,1168,996,781,539,277,-4,-276,-540,1197,-975,-1133,-1241,-1305,-1321,-1274,-1165,-1017,-827,-596,-342,-75,199,462,719,947,1137,1281,1376,1403,1369,1285,1138,937,680,399,90,-227,-540,-822,-1077,-1279,-1417,-1501,-1507,-1446,-1306,-1107,-865,-579,-274,49,373,669,931,1144,1307,1419,1456,1425,1330,1178,974,727,453,157,-138,-428,-697,-927,-1123,-1263,-1346,-1375,-1339,-1239,-1080,-871,-621,-337,-43,259,547,810,1033,1212,1322,1366,1345,1244,1087,872,601,306,-3,-318,-614,-865,-1071,-1218,-1289,-1284,-1209,-1063,-851,-599,-313,-14,278,542,766,941,1052,1095,1074,982,834,645,417,176,-71,-312,-531,-719,-856,-935,-957,-902,-758,-536,-253,70,383,628,745,-134,-92
28829,mtk,MTK 7916,2777086832,rx1-tx0,512,0,0,0,0,0,0,0,0,0,0,0,0,0,0,0,0,0,0,0,0,0,0,0,0,0,0,0,0,0,0,0,0,0,0,0,0,0,0,0,0,0,0,0,0,0,0,0,0,0,0,0,0,0,0,0,0,0,0,0,0,0,0,0,0,0,0,0,0,0,0,0,0,0,0,0,0,0,0,0,0,0,0,0,0,0,0,0,0,0,0,0,0,0,0,0,0,0,0,0,0,0,0,0,0,0,0,0,0,0,0,0,0,0,0,0,0,0,0,0,0,0,0,0,0,0,0,0,0,0,0,0,0,0,0,0,0,0,0,0,0,0,0,0,0,0,0,0,0,0,0,0,0,0,0,0,0,0,0,0,0,0,0,0,0,0,0,0,0,0,0,0,0,0,0,0,0,0,0,0,0,0,0,0,0,0,0,0,0,0,0,0,0,0,0,0,0,0,0,0,0,0,0,0,0,0,0,0,0,0,0,0,0,0,0,0,0,0,0,0,0,0,0,0,0,0,0,0,0,0,0,0,0,0,0,0,0,0,0,0,0,0,0,0,0,0,0,0,0,0,0,0,0,0,0,0,0,146,-1021,-896,87,35,-41,-118,-177,-211,-216,-187,-139,-84,-10,63,128,188,229,245,253,241,204,148,85,8,-63,-129,-194,-244,-270,-276,-265,-236,-184,-128,-72,-8,62,124,166,200,217,216,210,195,163,125,79,36,0,-32,-62,-85,-106,-114,-112,-107,-99,-100,-97,-83,-75,-61,-52,-49,-43,-35,-14,-6,-4,4,22,39,64,83,105,132,157,178,193,191,189,175,137,91,34,-27,-101,-174,-234,-302,-343,-361,-371,-352,-304,-242,-155,-52,41,137,238,322,384,430,460,460,425,369,299,208,107,-9,-112,-207,-299,-382,-429,-457,-471,-455,-415,-351,-264,-178,-79,34,139,-144,325,394,440,473,480,457,406,339,252,140,34,-72,-183,-269,-348,-403,-444,-456,-442,-402,-341,-272,-190,-93,5,101,185,252,314,357,377,382,366,329,290,227,148,71,-2,-73,-148,-206,-245,-273,-293,-305,-299,-275,-241,-196,-138,-86,-24,41,95,146,191,220,245,251,243,228,207,172,125,79,27,-17,-58,-98,-138,-167,-186,-196,-202,-195,-183,-161,-131,-95,-57,-17,25,71,111,148,173,193,213,209,191,165,128,82,27,-25,-81,-125,-161,-190,-215,-219,-206,-179,-136,-83,-30,25,80,129,164,188,202,199,176,141,88,28,-31,-90,-141,-174,-181,-160,-121,-929,-1029,0,0,0,0,0,0,0,0,0,0,0,0,0,0,0,0,0,0,0,0,0,0,0,0,0,0,0,0,0,0,0,0,0,0,0,0,0,0,0,0,0,0,0,0,0,0,0,0,0,0,0,0,0,0,0,0,0,0,0,0,0,0,0,0,0,0,0,0,0,0,0,0,0,0,0,0,0,0,0,0,0,0,0,0,0,0,0,0,0,0,0,0,0,0,0,0,0,0,0,0,0,0,0,0,0,0,0,0,0,0,0,0,0,0,0,0,0,0,0,0,0,0,0,0,0,0,0,0,0,0,0,0,0,0,0,0,0,0,0,0,0,0,0,0,0,0,0,0,0,0,0,0,0,0,0,0,0,0,0,0,0,0,0,0,0,0,0,0,0,0,0,0,0,0,0,0,0,0,0,0,0,0,0,0,0,0,0,0,0,0,0,0,0,0,0,0,0,0,0,0,0,0,0,0,0,0,0,0,0,0,0,0,0,0,0,0,0,0,0,0,0,0,0,0,0,0,0,0,0,0,0,0,0,0,0,0,0,0,0,0,0,0,0,0,0,0,0,0,0,0,0,0,0,0,0,0,206,304,560,-114,-160,-180,-160,-108,-36,44,116,170,210,235,228,207,167,101,37,-32,-106,-176,-221,-253,-271,-260,-239,-196,-134,-68,2,71,142,197,233,256,261,251,214,174,128,69,20,-31,-83,-126,-154,-170,-173,-169,-160,-142,-119,-95,-62,-43,-24,-6,11,35,45,54,61,62,63,64,78,85,83,85,91,97,101,104,98,91,74,48,17,-23,-65,-107,-160,-206,-245,-274,-292,-297,-265,-228,-170,-89,-10,75,171,257,331,396,421,422,410,371,305,223,137,32,-81,-190,-275,-352,-414,-458,-473,-453,-418,-369,-287,-188,-89,22,129,229,322,391,435,470,476,458,147,345,258,165,62,-46,-154,-252,-338,-417,-461,-472,-473,-437,-378,-300,-213,-119,-17,89,193,276,341,388,413,416,398,358,310,247,165,81,-6,-90,-164,-229,-287,-326,-336,-338,-331,-303,-259,-200,-141,-78,-11,52,114,166,212,243,259,273,267,247,224,184,136,87,23,-36,-87,-131,-170,-192,-212,-220,-213,-205,-190,-160,-120,-79,-39,2,42,82,117,147,169,182,192,199,188,169,140,100,60,11,-47,-89,-134,-172,-201,-211,-213,-201,-173,-138,-95,-44,19,72,123,166,194,209,207,194,162,121,74,18,-43,-98,-143,-179,-199,-198,-174,-129,-68,-2,62,100,-521,-253
28830,mtk,MTK 7916,2777086832,rx1-tx1,512,0,0,0,0,0,0,0,0,0,0,0,0,0,0,0,0,0,0,0,0,0,0,0,0,0,0,0,0,0,0,0,0,0,0,0,0,0,0,0,0,0,0,0,0,0,0,0,0,0,0,0,0,0,0,0,0,0,0,0,0,0,0,0,0,0,0,0,0,0,0,0,0,0,0,0,0,0,0,0,0,0,0,0,0,0,0,0,0,0,0,0,0,0,0,0,0,0,0,0,0,0,0,0,0,0,0,0,0,0,0,0,0,0,0,0,0,0,0,0,0,0,0,0,0,0,0,0,0,0,0,0,0,0,0,0,0,0,0,0,0,0,0,0,0,0,0,0,0,0,0,0,0,0,0,0,0,0,0,0,0,0,0,0,0,0,0,0,0,0,0,0,0,0,0,0,0,0,0,0,0,0,0,0,0,0,0,0,0,0,0,0,0,0,0,0,0,0,0,0,0,0,0,0,0,0,0,0,0,0,0,0,0,0,0,0,0,0,0,0,0,0,0,0,0,0,0,0,0,0,0,0,0,0,0,0,0,0,0,0,0,0,0,0,0,0,0,0,0,0,0,0,0,0,0,0,0,-411,-896,-734,6,37,67,96,111,106,79,39,-12,-63,-100,-118,-108,-68,-11,45,93,122,117,82,29,-33,-86,-119,-122,-92,-41,19,70,99,103,78,33,-16,-58,-79,-77,-51,-14,22,42,48,38,16,-6,-18,-19,-4,14,26,30,23,1,-27,-52,-69,-63,-26,22,65,101,108,77,15,-58,-117,-146,-136,-90,-13,74,146,178,152,84,-4,-98,-166,-185,-147,-70,30,118,177,186,140,50,-56,-149,-189,-176,-118,-24,77,151,178,150,80,-9,-90,-146,-158,-124,-61,21,93,133,131,89,23,-43,-87,-103,-91,-57,-11,34,64,71,57,25,-5,-22,-24,-14,0,10,4,-15,-38,-57,-66,-47,-2,51,100,127,115,71,-2,-87,-159,-192,-171,-97,13,133,225,263,223,116,-29,-177,-282,-311,-256,-128,44,202,308,336,270,123,-69,-241,-344,-347,-261,-102,91,260,349,346,247,77,-116,-274,-356,-332,-219,-45,138,283,346,306,176,-2,-176,-298,-331,-272,-135,44,208,303,313,239,96,-78,-227,-307,-307,-219,-68,100,235,304,289,193,49,-104,-230,-298,-284,-192,-52,90,204,264,257,177,57,-70,-173,-223,-213,-150,-48,59,144,185,171,113,29,-57,-128,-160,-150,-94,-15,62,122,158,152,105,35,-40,-107,-148,-162,-143,-972,-1020,0,0,0,0,0,0,0,0,0,0,0,0,0,0,0,0,0,0,0,0,0,0,0,0,0,0,0,0,0,0,0,0,0,0,0,0,0,0,0,0,0,0,0,0,0,0,0,0,0,0,0,0,0,0,0,0,0,0,0,0,0,0,0,0,0,0,0,0,0,0,0,0,0,0,0,0,0,0,0,0,0,0,0,0,0,0,0,0,0,0,0,0,0,0,0,0,0,0,0,0,0,0,0,0,0,0,0,0,0,0,0,0,0,0,0,0,0,0,0,0,0,0,0,0,0,0,0,0,0,0,0,0,0,0,0,0,0,0,0,0,0,0,0,0,0,0,0,0,0,0,0,0,0,0,0,0,0,0,0,0,0,0,0,0,0,0,0,0,0,0,0,0,0,0,0,0,0,0,0,0,0,0,0,0,0,0,0,0,0,0,0,0,0,0,0,0,0,0,0,0,0,0,0,0,0,0,0,0,0,0,0,0,0,0,0,0,0,0,0,0,0,0,0,0,0,0,0,0,0,0,0,0,0,0,0,0,0,0,0,0,0,0,0,0,0,0,0,0,0,0,0,0,0,0,0,0,-92,515,742,-80,-84,-74,-48,-7,38,79,107,118,100,57,4,-51,-96,-119,-111,-78,-24,40,88,114,118,88,34,-25,-80,-113,-115,-87,-37,15,56,85,85,62,24,-15,-47,-62,-54,-30,-6,19,36,30,12,-4,-15,-20,-11,11,34,49,46,24,-12,-53,-83,-92,-73,-24,39,96,128,124,83,16,-60,-132,-167,-149,-89,-4,89,159,184,156,80,-21,-116,-175,-188,-150,-64,42,132,181,178,122,31,-67,-145,-183,-166,-102,-9,85,150,167,136,71,-18,-98,-140,-141,-104,-37,37,97,126,114,71,17,-36,-77,-89,-76,-42,-3,25,43,44,31,11,-7,0,7,23,33,23,0,-30,-71,-96,-90,-55,2,71,131,163,153,92,-5,-110,-193,-224,-192,-104,19,148,246,284,242,124,-37,-193,-305,-331,-264,-121,54,221,332,350,266,108,-80,-247,-349,-355,-261,-91,106,269,356,340,231,57,-129,-281,-351,-318,-199,-23,158,290,335,286,154,-28,-195,-299,-320,-257,-112,63,219,314,319,230,74,-97,-235,-307,-299,-208,-61,100,233,300,283,194,56,-101,-223,-281,-267,-183,-51,87,189,239,228,159,51,-61,-157,-202,-190,-131,-43,53,128,166,154,98,18,-65,-130,-159,-145,-94,-21,62,130,168,171,137,84,15,-57,-283,-11
28831,mtk,MTK 7916,2777086832,rx2-tx0,512,0,0,0,0,0,0,0,0,0,0,0,0,0,0,0,0,0,0,0,0,0,0,0,0,0,0,0,0,0,0,0,0,0,0,0,0,0,0,0,0,0,0,0,0,0,0,0,0,0,0,0,0,0,0,0,0,0,0,0,0,0,0,0,0,0,0,0,0,0,0,0,0,0,0,0,0,0,0,0,0,0,0,0,0,0,0,0,0,0,0,0,0,0,0,0,0,0,0,0,0,0,0,0,0,0,0,0,0,0,0,0,0,0,0,0,0,0,0,0,0,0,0,0,0,0,0,0,0,0,0,0,0,0,0,0,0,0,0,0,0,0,0,0,0,0,0,0,0,0,0,0,0,0,0,0,0,0,0,0,0,0,0,0,0,0,0,0,0,0,0,0,0,0,0,0,0,0,0,0,0,0,0,0,0,0,0,0,0,0,0,0,0,0,0,0,0,0,0,0,0,0,0,0,0,0,0,0,0,0,0,0,0,0,0,0,0,0,0,0,0,0,0,0,0,0,0,0,0,0,0,0,0,0,0,0,0,0,0,0,0,0,0,0,0,0,0,0,0,0,0,0,0,0,0,0,0,-136,1121,1022,79,92,91,74,41,-2,-48,-83,-103,-106,-86,-47,3,50,86,102,97,69,25,-24,-66,-95,-104,-92,-58,-10,37,77,101,105,87,50,2,-44,-82,-107,-112,-92,-47,9,65,115,140,129,88,24,-56,-131,-172,-170,-126,-48,54,144,198,201,146,41,-73,-173,-231,-224,-148,-25,116,227,271,241,135,-19,-171,-279,-311,-249,-104,76,241,339,338,231,46,-160,-327,-399,-353,-203,21,248,404,445,360,157,-96,-325,-470,-475,-336,-98,177,403,509,472,295,18,-268,-470,-538,-446,-219,73,344,515,526,377,118,-177,-426,-544,-495,-297,-7,288,495,553,445,0,-116,-391,-553,-549,-376,-86,233,483,592,524,291,-31,-343,-558,-610,-479,-201,143,446,619,610,416,101,-244,-521,-652,-596,-358,-15,335,590,677,564,291,-66,-404,-624,-662,-515,-226,126,438,621,627,460,168,-163,-443,-596,-575,-395,-115,187,428,540,496,319,62,-206,-402,-475,-415,-245,-11,216,371,418,342,175,-33,-225,-347,-360,-272,-114,68,220,305,302,210,63,-97,-223,-284,-262,-169,-32,113,226,270,235,141,11,-121,-221,-259,-228,-138,-12,114,207,245,220,144,33,-85,-179,-225,-218,-158,-61,49,144,203,215,179,109,14,-79,-154,-202,-207,-178,-128,-59,898,1054,0,0,0,0,0,0,0,0,0,0,0,0,0,0,0,0,0,0,0,0,0,0,0,0,0,0,0,0,0,0,0,0,0,0,0,0,0,0,0,0,0,0,0,0,0,0,0,0,0,0,0,0,0,0,0,0,0,0,0,0,0,0,0,0,0,0,0,0,0,0,0,0,0,0,0,0,0,0,0,0,0,0,0,0,0,0,0,0,0,0,0,0,0,0,0,0,0,0,0,0,0,0,0,0,0,0,0,0,0,0,0,0,0,0,0,0,0,0,0,0,0,0,0,0,0,0,0,0,0,0,0,0,0,0,0,0,0,0,0,0,0,0,0,0,0,0,0,0,0,0,0,0,0,0,0,0,0,0,0,0,0,0,0,0,0,0,0,0,0,0,0,0,0,0,0,0,0,0,0,0,0,0,0,0,0,0,0,0,0,0,0,0,0,0,0,0,0,0,0,0,0,0,0,0,0,0,0,0,0,0,0,0,0,0,0,0,0,0,0,0,0,0,0,0,0,0,0,0,0,0,0,0,0,0,0,0,0,0,0,0,0,0,0,0,0,0,0,0,0,0,0,0,0,0,0,0,1335,-173,-473,-24,7,41,74,98,108,97,70,29,-19,-64,-93,-107,-96,-58,-9,36,75,96,98,78,41,-8,-54,-89,-104,-94,-67,-27,17,59,92,108,99,72,30,-26,-78,-113,-127,-117,-74,-10,59,119,155,151,109,37,-53,-136,-186,-187,-136,-47,61,161,222,216,145,33,-96,-203,-259,-239,-141,1,142,252,294,243,117,-50,-210,-311,-326,-240,-72,126,289,373,354,225,16,-201,-364,-429,-367,-185,56,286,439,465,350,126,-141,-369,-494,-478,-318,-62,216,437,529,460,256,-22,-299,-491,-532,-411,-167,129,388,533,511,337,67,-224,-451,-549,-476,-247,56,343,0,554,412,140,-173,-441,-582,-541,-336,-30,288,525,604,502,246,-84,-394,-586,-609,-451,-154,193,487,641,602,390,58,-292,-560,-660,-574,-322,26,370,607,671,539,258,-96,-424,-629,-653,-493,-198,147,446,610,603,431,142,-173,-434,-567,-538,-361,-87,200,419,508,458,280,33,-213,-388,-451,-383,-208,15,221,352,379,304,144,-49,-220,-322,-326,-239,-90,81,225,296,280,188,45,-106,-222,-273,-247,-152,-17,120,223,262,231,137,9,-120,-213,-250,-222,-136,-19,100,197,242,221,149,44,-69,-164,-219,-218,-166,-77,24,117,183,213,203,151,73,-10,-83,-135,-165,713,435
28832,mtk,MTK 7916,2777086832,rx2-tx1,512,0,0,0,0,0,0,0,0,0,0,0,0,0,0,0,0,0,0,0,0,0,0,0,0,0,0,0,0,0,0,0,0,0,0,0,0,0,0,0,0,0,0,0,0,0,0,0,0,0,0,0,0,0,0,0,0,0,0,0,0,0,0,0,0,0,0,0,0,0,0,0,0,0,0,0,0,0,0,0,0,0,0,0,0,0,0,0,0,0,0,0,0,0,0,0,0,0,0,0,0,0,0,0,0,0,0,0,0,0,0,0,0,0,0,0,0,0,0,0,0,0,0,0,0,0,0,0,0,0,0,0,0,0,0,0,0,0,0,0,0,0,0,0,0,0,0,0,0,0,0,0,0,0,0,0,0,0,0,0,0,0,0,0,0,0,0,0,0,0,0,0,0,0,0,0,0,0,0,0,0,0,0,0,0,0,0,0,0,0,0,0,0,0,0,0,0,0,0,0,0,0,0,0,0,0,0,0,0,0,0,0,0,0,0,0,0,0,0,0,0,0,0,0,0,0,0,0,0,0,0,0,0,0,0,0,0,0,0,0,0,0,0,0,0,0,0,0,0,0,0,0,0,0,0,0,0,236,896,934,36,50,58,56,43,20,-8,-36,-57,-65,-58,-37,-4,25,47,64,64,41,4,-32,-58,-67,-56,-30,5,43,68,74,53,15,-34,-73,-91,-80,-46,10,63,103,105,74,18,-52,-113,-138,-122,-64,20,98,157,175,133,45,-66,-166,-226,-213,-130,2,140,242,275,236,121,-38,-206,-318,-340,-256,-95,109,289,390,378,256,51,-179,-366,-456,-411,-240,6,259,443,504,419,202,-79,-337,-503,-523,-395,-146,146,394,534,521,349,78,-213,-446,-541,-480,-284,-3,279,476,528,424,199,-78,-326,-477,-477,-338,-97,165,375,467,413,232,-14,-241,-392,-426,-332,0,121,314,406,371,218,-2,-221,-365,-400,-312,-121,108,300,400,375,236,23,-197,-359,-409,-329,-147,78,269,381,387,275,74,-146,-319,-396,-350,-201,2,198,334,372,293,131,-67,-242,-337,-328,-226,-60,116,243,291,262,158,7,-140,-231,-247,-191,-80,49,157,202,183,110,2,-96,-153,-164,-122,-42,43,117,149,121,52,-24,-93,-132,-127,-80,-10,65,112,129,108,52,-20,-85,-128,-131,-94,-27,41,95,121,111,66,6,-55,-99,-108,-84,-43,6,52,87,92,64,28,-12,-50,-68,-65,-42,-11,23,42,54,44,20,-12,-41,-59,-60,-51,-22,8,29,413,623,0,0,0,0,0,0,0,0,0,0,0,0,0,0,0,0,0,0,0,0,0,0,0,0,0,0,0,0,0,0,0,0,0,0,0,0,0,0,0,0,0,0,0,0,0,0,0,0,0,0,0,0,0,0,0,0,0,0,0,0,0,0,0,0,0,0,0,0,0,0,0,0,0,0,0,0,0,0,0,0,0,0,0,0,0,0,0,0,0,0,0,0,0,0,0,0,0,0,0,0,0,0,0,0,0,0,0,0,0,0,0,0,0,0,0,0,0,0,0,0,0,0,0,0,0,0,0,0,0,0,0,0,0,0,0,0,0,0,0,0,0,0,0,0,0,0,0,0,0,0,0,0,0,0,0,0,0,0,0,0,0,0,0,0,0,0,0,0,0,0,0,0,0,0,0,0,0,0,0,0,0,0,0,0,0,0,0,0,0,0,0,0,0,0,0,0,0,0,0,0,0,0,0,0,0,0,0,0,0,0,0,0,0,0,0,0,0,0,0,0,0,0,0,0,0,0,0,0,0,0,0,0,0,0,0,0,0,0,0,0,0,0,0,0,0,0,0,0,0,0,0,0,0,0,0,0,-351,275,20,-27,-16,3,27,47,60,63,58,35,4,-26,-47,-61,-63,-48,-10,25,49,60,57,35,1,-38,-66,-71,-54,-25,18,60,86,84,50,2,-46,-85,-100,-79,-33,26,84,117,117,76,8,-69,-132,-155,-128,-59,36,138,197,193,124,16,-104,-209,-254,-213,-115,17,162,277,317,248,100,-82,-251,-360,-365,-265,-73,149,333,428,399,250,24,-222,-410,-478,-415,-226,42,305,474,512,401,171,-115,-369,-523,-525,-370,-103,188,425,542,507,319,40,-250,-465,-543,-460,-248,34,303,478,508,385,146,-127,-356,-475,-448,-287,-52,194,376,446,379,183,-61,-277,0,-402,-277,-65,172,345,412,347,171,-56,-258,-384,-392,-274,-72,150,330,404,352,191,-22,-233,-372,-394,-300,-114,109,295,393,372,240,34,-174,-327,-382,-330,-176,30,220,336,352,259,93,-90,-240,-321,-303,-193,-29,127,242,278,224,106,-29,-152,-224,-224,-154,-43,74,156,182,153,74,-26,-109,-153,-147,-91,-6,79,132,138,104,38,-41,-113,-145,-124,-70,-2,72,121,130,102,46,-28,-94,-127,-117,-78,-18,52,101,114,98,57,1,-54,-92,-101,-78,-35,10,49,73,76,57,20,-16,-47,-57,-49,-26,3,28,47,53,43,19,-11,-43,-64,-64,-49,832,694
28833,mtk,MTK 7916,2777113502,rx0-tx0,512,-1687,513,764,-258,-194,-114,-11,93,186,271,335,375,385,361,319,243,145,30,-91,-209,-315,-402,-453,-471,-446,-379,-279,-150,-1,154,296,420,511,548,538,481,383,252,89,-75,-249,-392,-498,-569,-592,-560,-475,-350,-201,-26,147,302,439,535,584,591,547,460,336,187,18,-152,-314,-454,-554,-604,-621,-584,-492,-368,-211,-27,156,340,493,605,680,698,652,553,402,214,10,-209,-410,-582,-717,-782,-782,-709,-576,-391,-163,88,333,553,730,846,872,826,705,522,287,24,-250,-501,-702,-843,-902,-883,-783,-615,-390,-134,135,398,614,782,878,896,843,704,505,269,-1,-264,-512,-705,-273,-911,-897,-797,-634,-413,-150,127,392,624,798,909,937,880,748,549,298,27,-260,-534,-757,-901,-971,-962,-858,-681,-434,-155,149,448,708,902,1019,1046,970,815,573,284,-44,-374,-661,-901,-1061,-1115,-1071,-922,-683,-377,-34,313,640,905,1085,1154,1122,973,727,418,64,-296,-626,-894,-1076,-1145,-1101,-954,-715,-406,-63,277,595,850,1008,1065,1017,873,641,343,35,-275,-550,-761,-891,-929,-877,-744,-543,-282,-18,236,464,640,752,782,738,626,454,245,18,-209,-414,-567,-653,-675,-630,-515,-350,-154,65,268,438,554,607,584,488,329,125,-93,-279,-430,-492,-478,-382,-229,-49,112,-437,-123,-546,1243,1238,-200,-272,-288,-244,-150,-21,115,241,327,364,350,296,207,83,-52,-185,-291,-358,-385,-378,-327,-244,-132,-12,122,238,333,394,420,405,350,262,138,5,-139,-274,-384,-458,-482,-464,-401,-288,-149,15,176,324,442,511,532,502,418,291,138,-36,-199,-340,-449,-520,-533,-501,-419,-288,-142,19,171,310,416,481,506,484,416,310,176,27,-121,-258,-371,-453,-494,-482,-420,-330,-203,-69,76,219,328,400,444,442,397,318,205,90,-32,-148,-244,-326,-365,-384,-357,-304,-226,-131,-30,73,158,236,291,314,314,286,240,176,93,12,-64,-131,-188,-231,-259,-270,-257,-231,-188,-730,-68,9,87,163,229,282,301,305,284,232,152,62,-40,-138,-232,-300,-340,-351,-332,-276,-192,-87,23,126,205,278,324,328,299,253,187,109,23,-58,-129,-176,-215,-237,-236,-218,-190,-151,-103,-50,2,49,93,136,170,196,205,211,199,172,129,78,15,-44,-114,-176,-226,-261,-268,-254,-225,-174,-107,-28,55,138,203,255,291,297,286,244,189,109,13,-72,-155,-225,-270,-307,-316,-296,-258,-197,-119,-30,64,157,232,292,336,345,332,275,206,121,13,-93,-189,-265,-325,-353,-350,-317,-260,-176,-85,19,116,199,269,313,338,337,302,247,171,80,-11,-104,-187,564,888,-175,899,684,233,289,343,363,347,308,252,167,69,-43,-145,-238,-322,-384,-417,-419,-386,-317,-214,-91,42,182,314,418,486,514,496,436,337,196,38,-125,-278,-404,-509,-558,-572,-529,-431,-297,-146,25,195,351,473,556,596,579,518,414,267,105,-66,-237,-382,-502,-576,-607,-584,-521,-412,-264,-101,66,244,396,515,603,640,628,572,453,306,128,-73,-270,-452,-602,-701,-740,-720,-633,-500,-316,-88,151,382,578,727,817,835,779,651,464,222,-39,-295,-526,-721,-845,-895,-860,-748,-570,-336,-71,193,445,658,814,892,898,813,659,451,202,-68,-331,-576,-745,-867,-909,-869,-750,-563,-1322,-79,194,448,657,821,909,912,837,686,478,224,-57,-332,-576,-779,-905,-958,-931,-815,-621,-369,-91,211,491,730,902,998,1011,921,742,501,216,-102,-410,-681,-896,-1028,-1084,-1021,-868,-635,-330,3,335,650,899,1069,1135,1101,958,720,409,65,-292,-633,-901,-1082,-1161,-1121,-977,-734,-421,-61,289,610,872,1049,1108,1064,915,675,372,41,-286,-584,-813,-950,-993,-950,-804,-587,-319,-29,255,499,696,812,846,807,686,504,274,28,-213,-427,-592,-694,-723,-682,-575,-410,-209,12,228,413,546,627,636,574,448,274,64,-151,-342,-484,-564,-552,-466,-315,-115,82,255,360,390,332,939,1028,1197,193,-211,-148,-48,78,198,292,339,331,269,157,27,-107,-223,-315,-371,-376,-338,-257,-148,-29,95,215,312,371,398,385,330,244,129,1,-133,-250,-353,-419,-446,-431,-376,-278,-146,6,154,304,416,487,510,478,406,287,137,-26,-188,-340,-450,-522,-537,-496,-413,-291,-136,35,192,337,439,500,514,481,405,295,161,11,-143,-282,-391,-468,-497,-485,-422,-331,-202,-61,97,235,353,433,465,465,416,327,217,85,-58,-184,-292,-371,-408,-423,-387,-322,-224,-114,-1,110,205,283,328,352,337,302,242,154,59,-33,-121,-185,-243,-278,-286,-274,-242,-201,-143,-77,-2,67,130,189,-128,264,281,270,240,189,117,37,-49,-140,-229,-294,-332,-339,-316,-264,-182,-81,25,136,232,302,340,348,316,263,188,92,-10,-99,-176,-230,-271,-277,-268,-226,-174,-122,-56,7,65,111,155,182,203,204,196,176,148,115,69,21,-35,-90,-140,-183,-219,-240,-240,-225,-183,-133,-66,14,85,154,214,261,289,288,258,205,144,66,-17,-105,-181,-238,-289,-303,-293,-266,-212,-150,-73,16,104,182,253,300,324,324,297,239,169,75,-25,-126,-222,-285,-339,-360,-346,-295,-228,-143,-41,64,159,242,304,339,352,325,282,209,123,29,-67,-158,-233,-298,-334,-344,-327,-288,1136,897
28834,mtk,MTK 7916,2777113502,rx0-tx1,512,-144,-855,-817,497,719,882,976,993,918,781,577,323,38,-249,-522,-758,-929,-1021,-1037,-953,-794,-573,-298,5,310,589,816,984,1065,1067,973,799,557,270,-49,-359,-649,-883,-1047,-1131,-1121,-1010,-812,-540,-222,111,448,749,985,1133,1183,1134,992,758,469,134,-207,-529,-811,-1019,-1148,-1174,-1107,-941,-703,-408,-85,249,561,822,1023,1139,1155,1087,926,689,395,66,-263,-584,-856,-1054,-1168,-1189,-1105,-927,-674,-359,-10,341,666,932,1127,1225,1207,1096,880,583,249,-113,-471,-787,-1032,-1172,-1218,-1150,-986,-742,-419,-80,268,593,861,1047,1139,1123,1016,830,576,273,-42,-351,-625,-841,-989,-1051,-1019,-909,146,-485,-197,95,381,635,842,977,1023,992,872,675,425,143,-154,-445,-698,-892,-1008,-1047,-990,-847,-628,-351,-44,265,555,793,970,1057,1053,962,776,530,238,-86,-403,-680,-903,-1047,-1090,-1044,-906,-689,-405,-86,242,555,806,992,1104,1095,999,818,551,233,-110,-438,-725,-953,-1090,-1117,-1052,-887,-634,-329,8,339,653,893,1047,1088,1034,877,647,341,6,-313,-595,-812,-947,-980,-922,-770,-560,-298,-10,256,489,676,785,820,772,656,481,263,33,-194,-402,-559,-656,-687,-645,-547,-393,-201,5,204,378,505,581,581,512,388,220,32,-160,-317,-422,-472,-439,-347,-200,-39,108,211,-500,-685,0,359,65,-351,-338,-243,-86,102,283,431,510,513,448,315,136,-54,-244,-402,-514,-567,-563,-495,-376,-215,-35,150,323,477,579,619,610,534,412,249,56,-153,-344,-514,-645,-721,-726,-662,-532,-352,-136,106,356,571,744,856,882,819,672,468,206,-79,-379,-646,-843,-964,-1000,-943,-790,-552,-259,53,360,637,858,996,1048,999,863,638,365,50,-276,-575,-828,-995,-1076,-1054,-934,-727,-461,-152,171,491,754,935,1034,1042,958,792,550,268,-34,-336,-599,-808,-942,-996,-969,-860,-673,-435,-160,128,396,639,816,939,975,929,804,612,371,100,-185,-453,-687,-869,-972,-1000,-943,-805,-595,-325,-411,262,547,791,972,1072,1075,992,813,561,262,-68,-403,-697,-945,-1112,-1182,-1147,-1009,-778,-482,-126,242,583,887,1104,1230,1242,1140,933,645,307,-57,-420,-740,-993,-1163,-1227,-1190,-1044,-813,-521,-185,172,505,795,1011,1144,1179,1116,971,743,453,127,-209,-525,-797,-1002,-1129,-1164,-1099,-950,-721,-432,-103,229,543,822,1026,1149,1180,1117,945,702,406,72,-279,-604,-878,-1078,-1182,-1191,-1102,-917,-656,-328,20,371,687,937,1111,1196,1166,1041,834,548,220,-125,-451,-747,-973,-1103,-1152,-1094,-943,-718,-433,-116,207,514,765,954,1063,1073,992,837,609,333,46,-251,-527,-757,-919,-998,-996,-914,593,649,147,-17,251,854,679,451,185,-107,-379,-625,-824,-962,-1017,-983,-880,-694,-448,-168,135,428,677,877,1015,1058,1019,891,696,433,130,-185,-484,-743,-942,-1071,-1107,-1054,-915,-691,-405,-90,241,553,821,1026,1135,1157,1083,911,660,348,11,-328,-643,-907,-1089,-1182,-1166,-1061,-864,-593,-277,66,397,699,935,1097,1160,1140,1018,821,555,236,-92,-414,-704,-939,-1098,-1166,-1145,-1031,-821,-544,-227,120,458,759,992,1152,1212,1174,1033,796,490,133,-228,-571,-881,-1097,-1215,-1229,-1139,-946,-665,-332,27,382,689,950,1115,1181,1148,1013,787,500,171,-163,-473,-742,-943,-1062,-1090,-1026,-872,-652,-381,-75,228,507,206,916,1010,1019,952,806,594,322,31,-263,-538,-767,-928,-1015,-1019,-935,-772,-538,-261,48,353,628,849,999,1058,1026,908,708,447,135,-178,-482,-743,-935,-1059,-1083,-1009,-846,-614,-317,1,319,610,850,1016,1094,1077,959,752,495,172,-174,-485,-765,-977,-1100,-1125,-1034,-857,-600,-284,52,383,691,921,1065,1106,1053,894,648,336,4,-326,-619,-852,-1005,-1039,-978,-828,-599,-316,-12,281,542,736,866,896,838,717,527,290,38,-213,-433,-608,-712,-743,-708,-603,-443,-248,-29,189,382,529,614,633,587,478,325,138,-65,-251,-406,-506,-542,-506,-396,-247,-64,116,262,359,376,329,228,-679,-498,0,555,665,28,191,343,440,460,400,267,79,-116,-299,-448,-533,-554,-507,-395,-238,-57,128,303,447,549,590,577,508,386,215,31,-161,-345,-494,-607,-663,-656,-583,-465,-294,-87,135,352,544,689,781,803,745,605,410,167,-103,-371,-606,-793,-913,-948,-892,-732,-506,-231,75,376,656,867,993,1023,966,814,587,305,-8,-321,-615,-849,-1006,-1072,-1037,-904,-693,-414,-100,233,540,794,972,1063,1060,958,756,496,198,-118,-418,-682,-880,-995,-1027,-971,-826,-612,-343,-56,231,500,724,886,971,972,899,743,521,262,-22,-295,-552,-760,-908,-975,-967,-871,-708,-478,-208,77,367,625,836,971,-92,1018,903,712,455,157,-160,-471,-749,-956,-1089,-1133,-1075,-919,-685,-381,-36,316,646,916,1111,1214,1199,1083,868,566,219,-154,-510,-826,-1060,-1201,-1241,-1174,-994,-737,-413,-59,301,634,901,1095,1194,1192,1083,896,632,321,-25,-360,-667,-917,-1089,-1170,-1155,-1046,-852,-589,-281,53,380,676,916,1081,1159,1139,1040,846,578,260,-76,-417,-719,-954,-1117,-1192,-1166,-1032,-818,-531,-200,146,487,782,1017,1160,1202,1145,985,743,442,102,-250,-569,-848,-1050,-1157,-1162,-1071,-897,-634,-329,-2,337,632,873,1038,1114,1096,981,785,533,232,-87,-387,-652,-862,-995,-1040,-1010,-886,-695,-446,-166,122,391,-256,40
28835,mtk,MTK 7916,2777113502,rx1-tx0,512,0,643,704,-57,-282,-477,-636,-744,-792,-781,-698,-571,-397,-185,34,257,460,616,731,795,792,719,597,420,214,-19,-257,-471,-649,-778,-844,-844,-782,-648,-462,-236,23,273,511,717,856,935,930,853,704,496,242,-35,-326,-588,-805,-977,-1058,-1044,-955,-772,-521,-224,109,436,737,981,1145,1205,1168,1017,774,452,90,-282,-649,-959,-1182,-1293,-1288,-1167,-947,-630,-254,141,523,856,1103,1261,1298,1222,1049,765,431,58,-324,-662,-949,-1160,-1257,-1243,-1132,-911,-614,-271,101,472,785,1028,1189,1240,1178,1019,764,449,86,-283,-624,-908,-1108,-1199,-1194,-1081,-874,-578,-238,120,454,758,990,1131,1159,1095,-136,674,369,43,-294,-604,-855,-1026,-1106,-1090,-971,-762,-493,-177,145,455,709,902,1026,1058,984,821,590,304,0,-310,-582,-795,-942,-1001,-956,-839,-647,-398,-114,173,441,670,823,905,904,820,665,460,216,-43,-287,-500,-670,-773,-808,-765,-670,-524,-323,-110,118,333,509,639,709,734,692,586,441,254,49,-173,-368,-518,-640,-700,-700,-636,-511,-343,-140,73,276,462,588,665,681,624,511,351,165,-32,-229,-398,-525,-597,-601,-562,-461,-324,-152,31,204,351,464,529,536,482,386,258,96,-69,-218,-340,-428,-459,-434,-357,-248,-103,50,188,287,352,354,298,201,76,-42,-136,-158,168,0,-859,-1035,133,211,254,254,208,118,7,-109,-211,-280,-310,-302,-258,-187,-98,5,110,199,266,311,319,300,261,190,99,2,-95,-196,-280,-338,-381,-382,-343,-283,-183,-76,51,196,323,429,497,517,498,412,288,129,-47,-231,-406,-546,-622,-652,-623,-518,-362,-173,46,276,470,620,725,754,711,606,445,228,-7,-241,-462,-650,-768,-828,-804,-705,-544,-311,-57,201,462,672,813,893,890,796,623,398,126,-151,-424,-671,-841,-935,-938,-865,-693,-479,-210,90,375,623,814,938,968,907,772,554,293,8,-287,-550,-761,-901,-954,-931,-814,-625,-387,-110,180,443,662,844,938,949,866,236,511,255,-13,-293,-548,-755,-900,-965,-940,-840,-663,-426,-151,128,405,650,845,962,987,939,802,583,322,26,-271,-554,-774,-929,-1018,-1001,-907,-745,-501,-228,73,373,632,841,984,1039,1007,895,695,445,155,-151,-445,-704,-906,-1031,-1075,-1026,-887,-667,-385,-73,254,558,816,1009,1119,1128,1035,861,606,288,-52,-378,-689,-941,-1109,-1169,-1137,-999,-767,-478,-141,202,531,814,1021,1138,1149,1058,882,624,305,-33,-360,-660,-889,-1041,-1086,-1056,-935,-725,-454,-149,170,459,705,891,997,1013,941,799,576,325,31,-249,-505,-716,-863,-924,-909,-822,-670,-471,-216,45,297,523,689,798,837,435,-33,0,-284,34,-811,-759,-648,-483,-279,-64,162,369,546,690,771,782,743,637,488,303,89,-139,-356,-546,-697,-792,-830,-790,-689,-537,-339,-106,132,372,583,745,852,886,845,747,574,352,103,-161,-414,-647,-828,-948,-993,-956,-828,-641,-391,-91,214,508,775,974,1102,1137,1071,910,662,344,-11,-368,-706,-980,-1178,-1265,-1243,-1111,-862,-545,-167,215,591,904,1151,1282,1301,1203,994,702,350,-45,-420,-771,-1043,-1214,-1296,-1246,-1087,-845,-526,-162,210,569,879,1099,1225,1257,1166,972,700,361,-10,-369,-699,-964,-1149,-1229,-1199,-1056,-826,-515,-165,193,537,831,1053,1172,1180,1086,900,629,304,-43,-382,1335,-931,-1075,-1124,-1086,-950,-729,-439,-121,215,529,789,974,1068,1070,968,783,546,252,-70,-388,-652,-861,-987,-1029,-975,-826,-617,-355,-57,241,510,730,884,952,936,839,659,424,165,-111,-370,-590,-753,-846,-856,-791,-662,-486,-264,-30,205,406,585,702,756,756,674,548,376,184,-29,-246,-429,-570,-672,-720,-704,-604,-474,-300,-97,111,314,486,618,688,691,635,515,344,158,-58,-260,-434,-558,-625,-639,-593,-489,-342,-159,28,212,374,488,557,566,524,434,302,137,-42,-210,-340,-441,-495,-491,-434,-335,-197,-34,122,257,361,416,411,346,246,116,-29,-151,-240,-279,-262,-199,-690,-688,0,585,132,176,118,18,-87,-193,-270,-302,-287,-226,-137,-34,75,173,249,298,318,299,250,176,85,-16,-106,-196,-268,-317,-335,-329,-300,-227,-143,-42,79,185,288,371,419,448,428,359,250,106,-50,-208,-359,-476,-555,-586,-558,-480,-335,-154,36,245,433,580,676,716,674,560,405,202,-34,-264,-472,-642,-748,-781,-753,-658,-491,-272,-29,230,458,661,799,856,851,761,578,352,96,-182,-442,-664,-825,-916,-916,-840,-667,-434,-163,120,403,651,826,939,957,883,727,512,241,-56,-339,-602,-802,-918,-967,-926,-796,-594,-334,-59,232,507,723,877,951,937,829,669,446,179,-103,-380,-351,-807,-911,-948,-908,-784,-591,-348,-64,216,482,709,875,960,969,898,740,518,237,-58,-341,-614,-817,-955,-1008,-983,-859,-657,-411,-120,185,455,706,890,1002,1031,967,817,600,327,28,-263,-538,-775,-944,-1041,-1048,-959,-793,-549,-265,41,347,632,870,1026,1101,1081,963,765,501,189,-151,-468,-753,-978,-1122,-1150,-1091,-941,-698,-391,-45,296,620,878,1060,1158,1146,1037,832,553,229,-118,-448,-737,-968,-1102,-1130,-1067,-903,-671,-376,-56,254,558,808,975,1058,1042,933,759,515,230,-73,-351,-607,-802,-930,-978,-933,-817,-632,-391,-119,151,405,617,779,871,881,826,700,512,295,48,944,1041
28836,mtk,MTK 7916,2777113502,rx1-tx1,512,0,0,0,377,10,-360,-646,-781,-726,-499,-157,227,559,754,762,586,273,-106,-466,-716,-785,-661,-382,-10,365,653,786,728,492,131,-264,-602,-793,-789,-599,-256,154,528,775,839,695,380,-32,-439,-747,-870,-781,-501,-93,350,716,909,882,642,242,-221,-645,-921,-979,-800,-427,58,538,889,1035,943,622,155,-350,-784,-1037,-1040,-805,-385,132,619,958,1069,932,572,80,-436,-841,-1041,-997,-719,-268,241,686,970,1024,825,429,-59,-535,-880,-1016,-907,-574,-112,373,773,990,970,708,277,-214,-654,-942,-1003,-825,-452,30,514,876,1022,924,607,150,-348,-770,-1015,-1016,-771,-343,163,637,968,0,909,545,49,-470,-878,-1080,-1031,-744,-281,260,744,1057,1122,930,520,-20,-560,-976,-1172,-1096,-764,-252,329,845,1162,1211,986,532,-51,-626,-1067,-1263,-1175,-821,-277,343,884,1223,1287,1060,590,-18,-624,-1091,-1307,-1224,-866,-312,315,870,1232,1307,1087,619,7,-612,-1095,-1325,-1263,-911,-339,301,866,1254,1367,1170,718,108,-529,-1049,-1341,-1338,-1051,-531,99,694,1138,1340,1247,891,354,-252,-786,-1141,-1254,-1092,-708,-191,349,802,1071,1107,913,532,55,-416,-780,-968,-946,-727,-363,58,451,737,859,806,596,270,-100,-438,-679,-777,-732,-557,-280,25,310,531,653,662,576,416,217,23,-145,0,0,0,0,0,-316,-316,-260,-149,1,169,330,453,505,473,359,168,-65,-291,-469,-570,-555,-429,-215,49,313,523,625,603,454,202,-99,-385,-596,-688,-635,-442,-135,214,518,714,762,651,395,41,-335,-653,-836,-826,-642,-314,87,476,769,904,850,612,238,-192,-585,-852,-935,-817,-526,-125,308,667,866,870,693,372,-36,-427,-709,-821,-749,-499,-146,237,558,736,739,572,274,-89,-427,-659,-728,-623,-372,-30,321,594,719,675,475,155,-202,-514,-706,-733,-583,-294,68,416,669,759,677,444,100,-275,-583,-756,-761,-589,-275,103,457,699,783,685,435,81,-295,-594,-746,-733,-549,-225,146,0,701,748,615,343,-8,-362,-631,-749,-684,-456,-117,250,556,731,737,562,247,-125,-464,-697,-763,-637,-362,-4,366,652,772,702,469,118,-274,-598,-773,-766,-571,-231,177,547,787,843,689,362,-56,-473,-782,-914,-832,-550,-128,331,727,959,968,747,348,-136,-594,-923,-1042,-920,-585,-119,379,798,1027,1011,773,366,-132,-598,-919,-1018,-888,-563,-111,361,738,939,915,681,299,-143,-545,-809,-867,-719,-404,-2,382,664,786,710,464,105,-269,-569,-723,-694,-497,-180,184,500,689,705,544,248,-106,-437,-663,-727,-616,-352,4,361,628,747,688,462,121,-251,-564,-749,-744,-561,-257,0,0,0,0,0,673,780,697,448,88,-297,-603,-761,-738,-540,-214,168,516,741,777,624,323,-51,-414,-682,-786,-701,-445,-72,320,627,790,767,544,189,-209,-560,-779,-810,-645,-316,93,485,764,856,735,431,20,-400,-731,-893,-835,-569,-158,297,686,922,933,719,332,-146,-593,-901,-1009,-874,-529,-52,446,844,1043,997,717,273,-245,-708,-997,-1059,-873,-478,28,528,904,1065,966,644,174,-338,-767,-1015,-1023,-783,-354,150,614,931,1022,872,519,41,-444,-827,-1008,-936,-646,-203,290,711,964,981,758,356,-132,-592,-911,-1014,-874,-521,-44,443,833,1027,975,698,253,-254,-705,-994,-1047,-848,-445,0,557,918,1080,986,650,158,-366,-808,-1069,-1082,-835,-389,154,666,1030,1159,1017,638,111,-450,-916,-1174,-1166,-882,-387,189,736,1127,1256,1096,687,117,-483,-976,-1257,-1243,-944,-432,180,758,1158,1290,1135,725,139,-480,-989,-1271,-1273,-980,-459,173,764,1181,1324,1173,758,163,-466,-1001,-1315,-1329,-1048,-541,98,715,1173,1370,1272,891,316,-320,-882,-1262,-1366,-1166,-721,-134,476,978,1264,1272,1015,546,-30,-577,-976,-1168,-1117,-828,-376,147,620,942,1051,943,646,224,-229,-616,-862,-916,-780,-496,-115,276,594,783,814,684,423,93,-244,-523,-693,-737,-654,-468,-225,37,275,444,522,518,451,0,0,0,0,0,-37,-163,-285,-384,-436,-424,-341,-197,-9,202,390,513,542,470,308,81,-170,-397,-551,-604,-525,-338,-73,216,462,617,649,550,325,9,-312,-568,-709,-708,-550,-260,95,440,696,804,750,523,175,-215,-574,-811,-877,-757,-471,-73,344,694,903,914,728,392,-30,-452,-772,-918,-863,-624,-253,167,546,790,856,727,441,63,-321,-626,-784,-752,-550,-220,159,488,698,736,596,322,-23,-369,-629,-733,-654,-421,-93,259,552,711,701,525,219,-141,-463,-681,-747,-637,-369,-10,357,641,775,728,513,185,-190,-523,-736,-777,-640,-358,8,373,646,768,714,496,160,-225,-540,-719,-740,0,-282,76,416,664,753,658,401,50,-310,-600,-749,-714,-511,-187,187,514,715,745,597,308,-57,-412,-669,-764,-675,-416,-52,321,617,765,730,515,168,-225,-566,-776,-800,-624,-291,115,510,795,883,759,451,29,-413,-769,-945,-900,-643,-226,246,676,957,1013,836,466,-19,-505,-876,-1045,-979,-688,-233,268,709,979,1027,848,478,-2,-472,-826,-986,-916,-633,-212,241,633,870,896,704,354,-63,-457,-731,-825,-721,-439,-58,323,622,754,698,477,143,-227,-529,-695,-693,-517,-210,149,474,683,721,575,291,-60,-403,-652,-738,-646,-400,-54,309,601,749,719,515,185,-190,-519,-727,0,0
28837,mtk,MTK 7916,2777113502,rx2-tx0,512,0,0,0,462,126,-235,-548,-736,-753,-599,-306,57,405,662,768,698,467,127,-234,-541,-720,-730,-574,-286,61,388,625,717,641,414,99,-236,-509,-652,-634,-477,-212,101,383,562,604,508,286,7,-262,-465,-551,-496,-324,-77,175,377,482,462,322,101,-137,-329,-437,-431,-308,-108,114,310,424,425,309,109,-121,-316,-431,-441,-335,-137,100,320,464,494,398,204,-50,-299,-482,-550,-483,-299,-41,234,460,571,545,387,134,-150,-402,-564,-591,-480,-251,43,327,532,612,547,353,81,-212,-457,-595,-590,-451,-206,84,356,545,598,506,300,22,-255,-467,-569,-535,-372,-114,158,389,523,0,409,183,-80,-320,-486,-531,-441,-239,18,273,463,548,494,315,57,-224,-452,-572,-559,-410,-153,147,413,583,624,513,276,-29,-337,-570,-672,-615,-415,-107,231,517,678,683,527,247,-100,-432,-662,-740,-649,-400,-46,329,628,786,771,570,225,-171,-538,-796,-872,-751,-462,-60,365,716,913,904,705,343,-104,-524,-837,-970,-894,-622,-213,235,634,899,967,822,511,93,-342,-698,-898,-905,-724,-390,15,403,703,847,808,604,277,-102,-445,-687,-778,-708,-493,-183,151,444,640,702,618,416,145,-146,-403,-569,-616,-549,-387,-165,76,289,443,511,494,402,259,98,-56,-171,-238,0,0,0,0,0,-235,-285,-292,-248,-164,-41,108,252,365,425,412,323,170,-23,-218,-380,-474,-477,-386,-214,7,234,421,527,523,405,202,-42,-294,-496,-589,-553,-400,-157,119,380,572,637,561,364,85,-221,-487,-645,-665,-543,-309,-2,307,550,676,655,486,213,-113,-415,-618,-690,-613,-391,-87,222,483,636,645,512,263,-32,-317,-529,-610,-550,-370,-111,165,394,521,518,392,186,-60,-292,-443,-476,-391,-214,14,244,410,471,407,241,22,-213,-402,-492,-451,-304,-80,172,383,499,511,394,173,-93,-332,-504,-562,-481,-282,-20,254,469,577,551,389,133,-156,-418,-583,-613,-500,-266,31,0,554,647,588,393,98,-218,-484,-642,-658,-514,-245,83,391,613,693,610,376,56,-271,-536,-679,-660,-483,-192,148,450,651,695,570,316,-13,-346,-589,-694,-636,-421,-105,233,517,676,671,503,222,-114,-430,-641,-700,-584,-322,13,346,602,709,643,423,98,-254,-551,-717,-707,-528,-223,137,463,682,743,631,366,7,-345,-610,-729,-680,-474,-155,205,502,675,690,546,266,-77,-389,-606,-681,-584,-339,-24,284,532,650,605,412,124,-191,-456,-607,-608,-460,-199,116,395,579,620,505,266,-37,-333,-548,-638,-568,-350,-49,268,526,667,648,465,167,-170,-469,-664,-707,-583,-322,0,0,0,0,0,601,750,728,538,223,-147,-478,-708,-775,-660,-398,-49,317,605,748,719,525,213,-147,-472,-683,-733,-613,-353,-14,315,572,689,644,454,165,-160,-448,-620,-638,-508,-262,40,317,511,577,509,315,49,-213,-414,-509,-472,-320,-87,163,361,458,439,308,107,-120,-311,-420,-423,-303,-107,116,313,426,428,324,125,-107,-319,-449,-463,-362,-168,73,303,471,518,435,242,-12,-271,-472,-564,-521,-347,-86,198,435,577,579,445,201,-91,-362,-543,-601,-520,-314,-25,267,492,605,572,403,143,-149,-406,-563,-588,-471,-245,40,315,513,589,523,334,71,-205,-422,-548,-541,-396,-164,0,362,506,526,424,216,-47,-302,-480,-536,-460,-269,-10,256,463,559,524,358,94,-193,-443,-586,-593,-457,-207,94,372,584,656,566,342,34,-292,-551,-678,-648,-472,-177,167,473,667,706,579,316,-29,-378,-646,-766,-701,-476,-134,258,598,802,827,655,332,-67,-469,-780,-913,-847,-586,-197,240,639,897,958,816,497,64,-385,-745,-944,-945,-738,-374,65,486,800,936,877,630,248,-179,-559,-810,-887,-779,-508,-132,262,586,781,813,670,398,50,-302,-581,-729,-725,-573,-313,1,303,532,652,637,499,278,8,-250,-446,-555,-564,-473,-310,-109,94,261,371,414,391,319,217,0,0,0,0,0,95,5,-101,-215,-311,-368,-371,-313,-192,-35,140,305,418,457,412,290,106,-111,-317,-465,-514,-463,-317,-99,143,361,511,559,489,309,54,-216,-444,-587,-608,-491,-269,19,309,531,652,630,467,198,-113,-405,-612,-680,-609,-411,-108,223,500,666,688,563,313,2,-307,-557,-675,-637,-467,-193,125,404,585,634,541,330,45,-237,-458,-569,-542,-396,-163,102,333,471,490,394,201,-41,-262,-417,-467,-395,-226,3,231,404,471,423,266,43,-196,-394,-501,-486,-344,-120,134,363,509,536,439,230,-33,-292,-494,-579,-524,-343,-71,212,443,583,586,446,200,-103,-379,-568,-625,0,-322,-26,275,524,653,630,453,170,-153,-446,-642,-683,-562,-312,12,328,571,685,642,440,130,-210,-500,-670,-683,-538,-259,81,400,620,692,603,371,46,-288,-554,-687,-653,-464,-168,172,473,660,692,551,271,-72,-398,-633,-704,-612,-380,-47,304,578,712,677,476,163,-194,-512,-704,-728,-585,-297,64,406,649,741,658,421,85,-270,-557,-710,-699,-517,-214,138,451,651,691,567,308,-17,-335,-568,-669,-601,-387,-83,245,501,631,611,444,166,-151,-425,-592,-613,-480,-231,74,367,570,631,533,305,2,-306,-543,-651,-603,-406,-104,222,500,666,675,519,242,-96,-417,-641,0,0
28838,mtk,MTK 7916,2777113502,rx2-tx1,512,0,0,0,-239,32,296,499,587,539,380,126,-155,-402,-568,-605,-499,-281,1,282,497,597,565,404,141,-151,-401,-563,-598,-500,-283,2,291,507,599,554,388,125,-172,-433,-598,-627,-511,-273,24,315,537,644,602,426,159,-146,-424,-600,-633,-530,-314,-23,272,493,603,576,426,184,-93,-347,-516,-558,-477,-291,-45,200,401,499,480,358,159,-74,-283,-413,-452,-388,-227,-28,165,317,389,371,264,97,-78,-231,-328,-341,-269,-135,19,157,260,300,256,155,19,-105,-209,-266,-259,-190,-77,50,161,232,246,196,98,-10,-109,-187,-212,-179,-110,-17,78,151,183,162,109,25,-69,0,-171,-163,-122,-49,38,116,164,171,141,74,-24,-111,-165,-186,-175,-117,-33,58,130,173,181,144,78,1,-76,-131,-152,-140,-101,-51,1,52,89,97,88,66,28,-7,-15,-13,-10,-1,11,13,10,-10,-43,-72,-84,-80,-52,6,72,119,162,176,142,79,-8,-106,-184,-232,-240,-193,-107,9,131,236,292,281,215,103,-32,-164,-269,-308,-280,-207,-90,52,177,268,306,281,201,74,-73,-197,-274,-300,-260,-160,-36,86,199,271,278,229,142,20,-103,-198,-252,-256,-208,-122,-13,93,179,227,235,200,125,30,-59,-139,-197,-212,-193,-153,-95,-29,36,80,105,0,0,0,0,0,93,88,62,18,-31,-82,-127,-166,-179,-159,-111,-45,30,108,171,205,207,170,88,-5,-93,-169,-218,-222,-182,-111,-16,87,174,225,230,188,104,1,-106,-192,-234,-229,-178,-92,11,114,202,234,213,153,71,-24,-112,-171,-196,-173,-122,-42,49,122,157,161,129,72,4,-62,-106,-114,-98,-63,-17,29,59,75,65,40,0,-38,-57,-59,-36,0,42,67,80,70,35,-22,-75,-115,-137,-122,-71,-1,79,153,198,192,138,55,-48,-157,-227,-255,-227,-143,-18,110,218,289,298,235,118,-35,-192,-314,-360,-330,-228,-75,98,260,372,397,337,205,17,-186,-351,0,-432,-325,-152,56,262,416,472,425,291,80,-160,-359,-483,-502,-407,-218,12,238,423,513,485,341,123,-112,-327,-479,-517,-442,-276,-48,196,391,489,481,367,165,-70,-286,-433,-482,-420,-254,-36,181,356,445,437,334,143,-78,-275,-402,-429,-357,-203,0,189,320,385,362,251,78,-112,-267,-352,-352,-271,-116,62,217,315,332,271,142,-31,-194,-301,-336,-287,-163,4,170,287,331,299,193,32,-140,-270,-333,-319,-222,-66,101,245,341,349,266,111,-73,-237,-349,-381,-322,-178,20,215,362,433,400,269,69,-155,-354,-477,-490,-392,-194,51,282,458,530,488,334,92,0,0,0,0,0,-522,-581,-510,-318,-54,225,453,578,578,443,205,-77,-343,-534,-599,-534,-349,-81,212,455,587,582,448,206,-86,-350,-534,-604,-540,-344,-61,237,476,604,592,449,203,-99,-374,-558,-628,-555,-349,-59,239,485,626,627,480,230,-67,-348,-554,-626,-568,-381,-100,183,415,561,576,463,249,-17,-271,-454,-537,-496,-335,-109,130,333,457,467,372,195,-21,-219,-362,-423,-380,-247,-60,127,275,364,360,265,121,-49,-201,-300,-323,-269,-154,-13,136,245,288,262,176,51,-79,-184,-251,-255,-191,-91,25,129,197,216,180,102,4,-91,-161,-194,-175,-115,-30,65,143,181,179,0,38,-56,-128,-166,-167,-123,-55,28,111,166,180,151,86,1,-86,-147,-175,-168,-124,-54,30,108,151,164,147,100,28,-44,-94,-125,-131,-102,-52,-9,25,56,66,58,39,17,1,-3,0,19,37,39,32,12,-23,-73,-116,-135,-131,-105,-44,40,132,199,222,201,144,50,-61,-167,-241,-273,-249,-170,-54,86,209,282,309,268,162,30,-107,-225,-295,-307,-252,-137,-3,128,240,304,295,228,112,-27,-151,-243,-290,-276,-209,-96,36,156,239,275,253,182,78,-41,-155,-232,-259,-234,-163,-66,29,123,195,226,216,172,105,20,-62,-122,-156,-164,-152,-125,-83,0,0,0,0,0,22,75,111,130,139,133,96,40,-25,-99,-158,-191,-203,-177,-114,-31,57,140,195,218,198,141,57,-43,-138,-203,-226,-207,-148,-52,50,139,210,237,206,141,48,-60,-158,-222,-246,-210,-138,-41,64,149,202,209,173,102,0,-93,-148,-170,-165,-127,-59,20,89,136,142,108,62,11,-46,-88,-107,-97,-56,-8,31,61,69,49,14,-16,-45,-61,-53,-30,12,59,98,111,90,50,-12,-82,-144,-169,-156,-105,-21,72,160,219,222,179,98,-20,-143,-232,-275,-264,-191,-63,85,220,306,329,286,179,18,-159,-301,-378,-371,-286,-142,42,227,361,417,387,267,0,-131,-310,-426,-455,-379,-218,-3,218,393,481,472,352,145,-87,-296,-449,-509,-451,-294,-69,172,385,509,516,407,206,-33,-259,-432,-509,-467,-319,-106,127,338,472,494,399,211,-17,-232,-393,-467,-432,-298,-97,125,319,431,437,346,177,-34,-230,-366,-417,-368,-226,-41,145,297,374,358,262,98,-87,-241,-330,-338,-266,-131,41,204,312,337,277,152,-7,-171,-293,-334,-287,-174,-21,141,269,326,307,210,54,-117,-261,-338,-333,-242,-93,81,241,338,358,289,142,-48,-237,-372,-417,-364,-218,-17,187,359,459,452,330,128,-113,-335,-475,-513,-434,-261,-32,221,435,544,0,0
28839,mtk,MTK 7916,2777119371,rx0-tx0,512,0,0,0,0,0,0,0,0,0,0,0,0,0,0,0,0,0,0,0,0,0,0,0,0,0,0,0,0,0,0,0,0,0,0,0,0,0,0,0,0,0,0,0,0,0,0,0,0,0,0,0,0,0,0,0,0,0,0,0,0,0,0,0,0,0,0,0,0,0,0,0,0,0,0,0,0,0,0,0,0,0,0,0,0,0,0,0,0,0,0,0,0,0,0,0,0,0,0,0,0,0,0,0,0,0,0,0,0,0,0,0,0,0,0,0,0,0,0,0,0,0,0,0,0,0,0,0,0,0,0,0,0,0,0,0,0,0,0,0,0,0,0,0,0,0,0,0,0,0,0,0,0,0,0,0,0,0,0,0,0,0,0,0,0,0,0,0,0,0,0,0,0,0,0,0,0,0,0,0,0,0,0,0,0,0,0,0,0,0,0,0,0,0,0,0,0,0,0,0,0,0,0,0,0,0,0,0,0,0,0,0,0,0,0,0,0,0,0,0,0,0,0,0,0,0,0,0,0,0,0,0,0,0,0,0,0,0,0,0,0,0,0,0,0,0,0,0,0,0,0,0,0,0,0,0,0,-273,-200,-457,26,141,253,319,322,261,161,38,-97,-219,-317,-383,-410,-400,-343,-255,-141,4,150,290,410,501,548,543,492,387,241,60,-126,-316,-485,-605,-680,-690,-644,-535,-380,-197,12,222,404,558,673,736,743,694,586,439,256,55,-150,-350,-530,-667,-766,-813,-798,-722,-594,-426,-218,14,240,452,647,788,874,901,866,758,585,380,141,-114,-359,-582,-760,-884,-950,-937,-858,-723,-518,-281,-33,233,465,668,822,907,929,879,772,606,407,173,-63,-277,-477,-638,-744,-803,-814,-762,-664,-528,-367,-185,2,191,358,506,626,702,741,738,686,591,459,298,119,-74,-267,-446,-602,-1687,-791,-805,-773,-687,-552,-383,-181,36,250,448,618,750,829,854,825,745,612,442,245,22,-199,-415,-609,-767,-882,-941,-940,-878,-751,-576,-358,-95,176,449,698,909,1059,1134,1128,1049,885,643,343,11,-320,-639,-915,-1131,-1267,-1296,-1224,-1056,-810,-504,-153,221,574,874,1107,1261,1318,1275,1130,898,595,258,-106,-450,-765,-1015,-1175,-1260,-1239,-1127,-930,-663,-344,-5,335,650,913,1102,1205,1208,1115,928,666,352,9,-337,-646,-898,-1070,-1147,-1116,-989,-781,-502,-192,126,426,676,861,966,981,907,755,541,286,15,-252,-494,-688,-818,-874,-847,-733,-534,-262,66,393,664,826,830,694,581,348,0,0,0,0,0,0,0,0,0,0,0,0,0,0,0,0,0,0,0,0,0,0,0,0,0,0,0,0,0,0,0,0,0,0,0,0,0,0,0,0,0,0,0,0,0,0,0,0,0,0,0,0,0,0,0,0,0,0,0,0,0,0,0,0,0,0,0,0,0,0,0,0,0,0,0,0,0,0,0,0,0,0,0,0,0,0,0,0,0,0,0,0,0,0,0,0,0,0,0,0,0,0,0,0,0,0,0,0,0,0,0,0,0,0,0,0,0,0,0,0,0,0,0,0,0,0,0,0,0,0,0,0,0,0,0,0,0,0,0,0,0,0,0,0,0,0,0,0,0,0,0,0,0,0,0,0,0,0,0,0,0,0,0,0,0,0,0,0,0,0,0,0,0,0,0,0,0,0,0,0,0,0,0,0,0,0,0,0,0,0,0,0,0,0,0,0,0,0,0,0,0,0,0,0,0,0,0,0,0,0,0,0,0,0,0,0,0,0,0,0,0,0,0,0,0,0,0,0,0,0,0,0,0,0,0,0,0,0,0,0,0,0,0,0,0,0,0,0,0,0,0,0,0,0,0,0,-1322,-885,-784,233,228,158,35,-105,-232,-318,-364,-360,-313,-234,-121,3,139,265,360,440,474,461,408,309,178,19,-143,-306,-453,-567,-628,-628,-576,-461,-304,-120,84,285,464,604,695,731,702,612,479,306,105,-98,-297,-472,-614,-715,-764,-756,-697,-580,-421,-241,-30,186,395,573,717,815,850,820,741,601,410,184,-57,-300,-532,-712,-843,-919,-925,-864,-738,-562,-340,-90,169,413,631,804,907,953,926,826,675,463,229,-28,-271,-489,-669,-801,-876,-875,-819,-713,-551,-362,-166,49,250,425,569,677,743,760,731,655,553,410,241,63,-126,-305,-466,-598,-696,-755,-773,-733,-647,-517,-175,-164,48,253,450,615,740,819,838,803,715,585,409,203,-11,-231,-436,-615,-747,-840,-880,-862,-797,-673,-507,-300,-69,172,411,635,816,960,1035,1036,973,840,639,376,83,-222,-519,-796,-1024,-1175,-1231,-1199,-1077,-872,-599,-271,89,440,762,1029,1216,1317,1309,1199,997,725,391,28,-336,-671,-953,-1160,-1277,-1292,-1207,-1038,-779,-476,-134,218,548,829,1053,1191,1235,1187,1042,818,533,199,-144,-478,-773,-1001,-1144,-1194,-1138,-985,-754,-455,-121,221,530,790,976,1065,1062,959,773,529,247,-48,-327,-574,-760,-869,-903,-856,-738,-549,-310,-44,233,494,714,864,909,816,600,281,-84,-365,-692,-833
28840,mtk,MTK 7916,2777119371,rx0-tx1,512,0,0,0,0,0,0,0,0,0,0,0,0,0,0,0,0,0,0,0,0,0,0,0,0,0,0,0,0,0,0,0,0,0,0,0,0,0,0,0,0,0,0,0,0,0,0,0,0,0,0,0,0,0,0,0,0,0,0,0,0,0,0,0,0,0,0,0,0,0,0,0,0,0,0,0,0,0,0,0,0,0,0,0,0,0,0,0,0,0,0,0,0,0,0,0,0,0,0,0,0,0,0,0,0,0,0,0,0,0,0,0,0,0,0,0,0,0,0,0,0,0,0,0,0,0,0,0,0,0,0,0,0,0,0,0,0,0,0,0,0,0,0,0,0,0,0,0,0,0,0,0,0,0,0,0,0,0,0,0,0,0,0,0,0,0,0,0,0,0,0,0,0,0,0,0,0,0,0,0,0,0,0,0,0,0,0,0,0,0,0,0,0,0,0,0,0,0,0,0,0,0,0,0,0,0,0,0,0,0,0,0,0,0,0,0,0,0,0,0,0,0,0,0,0,0,0,0,0,0,0,0,0,0,0,0,0,0,0,0,0,0,0,0,0,0,0,0,0,0,0,0,0,0,0,0,0,-730,45,-32,-207,-291,-315,-260,-140,13,164,298,390,436,432,369,270,138,-21,-178,-326,-452,-539,-583,-564,-489,-366,-204,-12,193,387,560,681,746,745,677,554,376,159,-79,-316,-536,-718,-844,-902,-887,-802,-651,-450,-202,78,347,594,807,957,1042,1044,958,809,590,322,24,-279,-569,-821,-1009,-1132,-1164,-1121,-981,-773,-511,-194,143,461,752,990,1163,1250,1243,1157,982,740,432,92,-254,-593,-882,-1115,-1278,-1339,-1307,-1176,-965,-684,-345,17,378,714,1013,1228,1353,1383,1312,1151,910,593,232,-139,-497,-828,-1102,-1291,-1380,-1371,-1276,-1082,-812,-490,-131,226,572,870,1116,1270,1342,1319,1212,1018,-546,449,103,-240,-567,-859,-1102,-1260,-1337,-1332,-1235,-1044,-791,-480,-138,223,578,890,1146,1330,1418,1412,1310,1117,829,467,81,-316,-700,-1036,-1297,-1473,-1524,-1466,-1310,-1056,-718,-325,84,484,842,1145,1363,1473,1474,1371,1170,890,550,171,-216,-575,-897,-1154,-1322,-1399,-1373,-1254,-1048,-772,-439,-78,282,626,928,1155,1305,1356,1307,1166,937,643,296,-77,-448,-775,-1050,-1244,-1339,-1334,-1217,-1006,-715,-359,16,388,730,1010,1203,1300,1277,1144,919,617,264,-108,-461,-770,-1006,-1139,-1170,-1096,-921,-672,-365,-40,279,567,790,933,990,955,834,640,383,87,-220,-509,-754,-915,-962,-866,-633,-296,84,376,224,177,0,0,0,0,0,0,0,0,0,0,0,0,0,0,0,0,0,0,0,0,0,0,0,0,0,0,0,0,0,0,0,0,0,0,0,0,0,0,0,0,0,0,0,0,0,0,0,0,0,0,0,0,0,0,0,0,0,0,0,0,0,0,0,0,0,0,0,0,0,0,0,0,0,0,0,0,0,0,0,0,0,0,0,0,0,0,0,0,0,0,0,0,0,0,0,0,0,0,0,0,0,0,0,0,0,0,0,0,0,0,0,0,0,0,0,0,0,0,0,0,0,0,0,0,0,0,0,0,0,0,0,0,0,0,0,0,0,0,0,0,0,0,0,0,0,0,0,0,0,0,0,0,0,0,0,0,0,0,0,0,0,0,0,0,0,0,0,0,0,0,0,0,0,0,0,0,0,0,0,0,0,0,0,0,0,0,0,0,0,0,0,0,0,0,0,0,0,0,0,0,0,0,0,0,0,0,0,0,0,0,0,0,0,0,0,0,0,0,0,0,0,0,0,0,0,0,0,0,0,0,0,0,0,0,0,0,0,0,0,0,0,0,0,0,0,0,0,0,0,0,0,0,0,0,0,0,-128,-280,-280,-154,-50,97,245,352,392,371,291,166,23,-128,-270,-383,-466,-503,-484,-421,-308,-160,13,195,367,514,620,671,657,584,454,275,65,-161,-376,-565,-712,-806,-827,-785,-675,-503,-286,-40,216,459,674,844,957,985,932,815,630,390,112,-185,-464,-710,-915,-1052,-1108,-1082,-977,-792,-547,-254,60,377,670,907,1094,1204,1217,1138,983,754,463,138,-198,-520,-811,-1052,-1222,-1292,-1280,-1169,-971,-717,-392,-39,319,657,944,1176,1320,1366,1310,1169,941,634,292,-79,-442,-774,-1055,-1262,-1375,-1384,-1299,-1127,-862,-538,-180,188,540,861,1116,1286,1362,1346,1234,1046,779,457,113,-242,-579,-883,1197,-1266,-1333,-1313,-1204,-1022,-767,-461,-127,220,563,861,1102,1275,1360,1360,1263,1075,820,497,129,-251,-620,-956,-1229,-1409,-1486,-1464,-1331,-1089,-777,-407,4,403,784,1107,1351,1484,1513,1426,1244,976,629,239,-160,-543,-884,-1158,-1353,-1447,-1425,-1308,-1101,-817,-484,-118,256,604,907,1144,1298,1358,1326,1205,991,709,381,15,-346,-687,-974,-1185,-1316,-1349,-1275,-1104,-850,-525,-163,214,578,889,1134,1287,1334,1271,1103,845,523,152,-234,-588,-886,-1106,-1232,-1243,-1143,-943,-662,-331,17,360,659,894,1036,1078,1024,875,655,382,83,-218,-490,-718,-877,-949,-923,-802,-589,-297,52,402,689,856,856,714,-141,-207
28841,mtk,MTK 7916,2777119371,rx1-tx0,512,0,0,0,0,0,0,0,0,0,0,0,0,0,0,0,0,0,0,0,0,0,0,0,0,0,0,0,0,0,0,0,0,0,0,0,0,0,0,0,0,0,0,0,0,0,0,0,0,0,0,0,0,0,0,0,0,0,0,0,0,0,0,0,0,0,0,0,0,0,0,0,0,0,0,0,0,0,0,0,0,0,0,0,0,0,0,0,0,0,0,0,0,0,0,0,0,0,0,0,0,0,0,0,0,0,0,0,0,0,0,0,0,0,0,0,0,0,0,0,0,0,0,0,0,0,0,0,0,0,0,0,0,0,0,0,0,0,0,0,0,0,0,0,0,0,0,0,0,0,0,0,0,0,0,0,0,0,0,0,0,0,0,0,0,0,0,0,0,0,0,0,0,0,0,0,0,0,0,0,0,0,0,0,0,0,0,0,0,0,0,0,0,0,0,0,0,0,0,0,0,0,0,0,0,0,0,0,0,0,0,0,0,0,0,0,0,0,0,0,0,0,0,0,0,0,0,0,0,0,0,0,0,0,0,0,0,0,0,0,0,0,0,0,0,0,0,0,0,0,0,0,0,0,0,0,0,146,-1013,-1025,132,67,-33,-144,-226,-264,-255,-202,-115,-11,91,187,257,296,304,278,217,127,22,-86,-188,-272,-322,-339,-328,-267,-180,-86,21,131,217,283,322,324,298,246,169,82,-17,-103,-170,-231,-263,-258,-241,-207,-159,-104,-45,13,66,112,148,165,169,160,143,114,83,52,21,-6,-32,-39,-52,-58,-53,-57,-59,-64,-71,-81,-96,-101,-107,-103,-91,-63,-23,25,88,150,205,239,271,280,257,205,138,45,-64,-165,-260,-334,-377,-395,-382,-336,-244,-137,-17,111,231,334,404,446,446,402,334,237,122,-5,-137,-253,-354,-418,-455,-454,-418,-351,-252,-135,-6,120,234,-144,405,445,452,414,350,263,147,27,-95,-217,-312,-377,-418,-416,-389,-339,-252,-152,-44,59,157,242,304,341,357,341,300,253,173,91,9,-77,-156,-232,-278,-302,-303,-291,-255,-204,-143,-73,2,76,143,208,254,279,289,281,249,195,132,57,-23,-100,-167,-217,-257,-284,-286,-257,-218,-162,-90,-16,60,125,183,226,255,261,251,231,186,123,52,-15,-89,-158,-216,-259,-276,-279,-254,-208,-146,-68,18,114,195,252,300,308,291,248,178,91,-8,-106,-193,-256,-295,-305,-276,-227,-149,-54,44,137,211,258,278,267,227,155,69,-31,-129,-208,-254,-256,-211,-124,-44,-499,-740,0,0,0,0,0,0,0,0,0,0,0,0,0,0,0,0,0,0,0,0,0,0,0,0,0,0,0,0,0,0,0,0,0,0,0,0,0,0,0,0,0,0,0,0,0,0,0,0,0,0,0,0,0,0,0,0,0,0,0,0,0,0,0,0,0,0,0,0,0,0,0,0,0,0,0,0,0,0,0,0,0,0,0,0,0,0,0,0,0,0,0,0,0,0,0,0,0,0,0,0,0,0,0,0,0,0,0,0,0,0,0,0,0,0,0,0,0,0,0,0,0,0,0,0,0,0,0,0,0,0,0,0,0,0,0,0,0,0,0,0,0,0,0,0,0,0,0,0,0,0,0,0,0,0,0,0,0,0,0,0,0,0,0,0,0,0,0,0,0,0,0,0,0,0,0,0,0,0,0,0,0,0,0,0,0,0,0,0,0,0,0,0,0,0,0,0,0,0,0,0,0,0,0,0,0,0,0,0,0,0,0,0,0,0,0,0,0,0,0,0,0,0,0,0,0,0,0,0,0,0,0,0,0,0,0,0,0,0,0,0,0,0,0,0,0,0,0,0,0,0,0,0,0,0,0,0,206,-194,109,-117,-189,-221,-195,-116,-14,91,185,254,282,279,231,152,56,-48,-146,-234,-298,-325,-320,-277,-202,-105,-2,112,220,290,335,351,320,257,179,81,-25,-122,-207,-263,-299,-303,-276,-234,-172,-87,-7,62,126,171,198,214,209,190,157,112,68,25,-19,-58,-87,-103,-112,-113,-112,-92,-81,-70,-54,-45,-41,-31,-24,-12,-7,11,30,50,81,115,147,174,190,190,172,125,72,6,-79,-164,-240,-296,-341,-346,-321,-265,-175,-73,33,144,254,345,402,432,423,373,287,180,62,-73,-194,-300,-388,-436,-455,-436,-383,-302,-190,-68,64,187,296,380,437,454,437,388,147,204,76,-49,-172,-271,-359,-421,-439,-430,-382,-300,-206,-94,27,138,238,316,365,387,380,347,285,209,120,19,-80,-162,-232,-289,-312,-325,-310,-278,-221,-151,-77,-1,76,153,209,251,277,282,273,249,206,141,69,-4,-80,-153,-213,-259,-288,-291,-270,-228,-173,-113,-41,44,117,174,227,257,275,266,237,192,138,71,2,-67,-133,-193,-239,-262,-268,-261,-224,-176,-105,-32,48,130,199,253,287,295,283,232,173,87,-14,-107,-194,-260,-304,-316,-296,-245,-169,-79,26,120,201,263,292,290,253,190,111,21,-73,-157,-223,-256,-264,-236,-171,-75,32,137,198,210,-921,-732
28842,mtk,MTK 7916,2777119371,rx1-tx1,512,0,0,0,0,0,0,0,0,0,0,0,0,0,0,0,0,0,0,0,0,0,0,0,0,0,0,0,0,0,0,0,0,0,0,0,0,0,0,0,0,0,0,0,0,0,0,0,0,0,0,0,0,0,0,0,0,0,0,0,0,0,0,0,0,0,0,0,0,0,0,0,0,0,0,0,0,0,0,0,0,0,0,0,0,0,0,0,0,0,0,0,0,0,0,0,0,0,0,0,0,0,0,0,0,0,0,0,0,0,0,0,0,0,0,0,0,0,0,0,0,0,0,0,0,0,0,0,0,0,0,0,0,0,0,0,0,0,0,0,0,0,0,0,0,0,0,0,0,0,0,0,0,0,0,0,0,0,0,0,0,0,0,0,0,0,0,0,0,0,0,0,0,0,0,0,0,0,0,0,0,0,0,0,0,0,0,0,0,0,0,0,0,0,0,0,0,0,0,0,0,0,0,0,0,0,0,0,0,0,0,0,0,0,0,0,0,0,0,0,0,0,0,0,0,0,0,0,0,0,0,0,0,0,0,0,0,0,0,0,0,0,0,0,0,0,0,0,0,0,0,0,0,0,0,0,0,-411,-350,-631,52,72,83,85,73,48,14,-20,-55,-86,-100,-99,-81,-48,-5,37,74,98,107,92,55,13,-25,-66,-98,-106,-94,-65,-21,26,59,79,85,78,52,18,-15,-37,-51,-50,-38,-21,0,12,15,16,11,1,-1,2,7,12,20,26,22,9,-7,-31,-49,-60,-58,-42,-16,18,57,82,90,83,56,11,-42,-86,-111,-111,-82,-37,16,67,104,119,106,70,16,-44,-89,-111,-114,-91,-42,17,66,96,109,99,62,11,-40,-81,-99,-95,-71,-36,5,45,74,80,67,42,14,-16,-38,-48,-47,-36,-20,-6,4,8,5,3,5,11,24,34,39,0,35,12,-16,-55,-90,-109,-103,-78,-24,42,112,163,185,166,106,16,-79,-167,-228,-244,-204,-113,5,125,228,288,284,219,105,-36,-178,-284,-329,-301,-207,-62,97,235,324,349,291,168,9,-151,-278,-348,-342,-257,-112,49,201,306,345,306,191,41,-114,-245,-321,-323,-252,-123,33,179,281,316,278,176,38,-115,-243,-313,-314,-247,-123,32,178,283,327,299,210,76,-73,-207,-297,-321,-277,-180,-43,98,211,284,293,245,149,27,-95,-192,-250,-253,-204,-115,-8,94,174,212,205,157,76,-20,-107,-171,-200,-184,-135,-66,17,104,172,210,212,180,127,67,-7,538,257,0,0,0,0,0,0,0,0,0,0,0,0,0,0,0,0,0,0,0,0,0,0,0,0,0,0,0,0,0,0,0,0,0,0,0,0,0,0,0,0,0,0,0,0,0,0,0,0,0,0,0,0,0,0,0,0,0,0,0,0,0,0,0,0,0,0,0,0,0,0,0,0,0,0,0,0,0,0,0,0,0,0,0,0,0,0,0,0,0,0,0,0,0,0,0,0,0,0,0,0,0,0,0,0,0,0,0,0,0,0,0,0,0,0,0,0,0,0,0,0,0,0,0,0,0,0,0,0,0,0,0,0,0,0,0,0,0,0,0,0,0,0,0,0,0,0,0,0,0,0,0,0,0,0,0,0,0,0,0,0,0,0,0,0,0,0,0,0,0,0,0,0,0,0,0,0,0,0,0,0,0,0,0,0,0,0,0,0,0,0,0,0,0,0,0,0,0,0,0,0,0,0,0,0,0,0,0,0,0,0,0,0,0,0,0,0,0,0,0,0,0,0,0,0,0,0,0,0,0,0,0,0,0,0,0,0,0,0,0,0,0,0,0,0,0,0,0,0,0,0,0,0,0,0,0,0,-92,-981,-845,-32,-18,3,27,54,78,96,97,80,52,19,-19,-57,-89,-103,-98,-72,-32,11,51,86,102,100,79,40,-6,-48,-80,-93,-88,-72,-40,-3,35,62,71,66,48,21,-3,-24,-38,-39,-33,-21,-10,1,4,0,-2,-5,-10,-7,6,22,34,41,40,30,5,-26,-52,-71,-79,-66,-33,6,45,79,104,100,69,22,-26,-74,-107,-114,-90,-49,2,57,103,120,107,75,25,-30,-81,-111,-119,-100,-60,0,53,87,100,96,76,34,-18,-60,-84,-91,-74,-40,-7,27,55,66,61,44,18,-6,-20,-27,-27,-21,-16,-14,-15,-19,-22,-18,-6,7,0,53,69,73,67,41,0,-50,-102,-138,-144,-118,-66,12,101,174,208,201,153,65,-44,-152,-234,-272,-248,-169,-47,91,216,296,314,266,158,14,-137,-263,-334,-335,-261,-130,33,192,310,357,323,218,67,-97,-239,-330,-347,-280,-153,3,154,275,332,314,221,77,-85,-220,-304,-321,-270,-154,-2,150,269,324,304,218,83,-71,-211,-305,-328,-273,-166,-25,123,246,315,314,247,129,-15,-157,-264,-314,-299,-222,-100,36,161,248,281,258,188,80,-45,-152,-218,-240,-216,-148,-50,55,140,192,202,169,103,22,-64,-135,-181,-195,-176,-123,-49,34,109,161,183,180,-873,-993
28843,mtk,MTK 7916,2777119371,rx2-tx0,512,0,0,0,0,0,0,0,0,0,0,0,0,0,0,0,0,0,0,0,0,0,0,0,0,0,0,0,0,0,0,0,0,0,0,0,0,0,0,0,0,0,0,0,0,0,0,0,0,0,0,0,0,0,0,0,0,0,0,0,0,0,0,0,0,0,0,0,0,0,0,0,0,0,0,0,0,0,0,0,0,0,0,0,0,0,0,0,0,0,0,0,0,0,0,0,0,0,0,0,0,0,0,0,0,0,0,0,0,0,0,0,0,0,0,0,0,0,0,0,0,0,0,0,0,0,0,0,0,0,0,0,0,0,0,0,0,0,0,0,0,0,0,0,0,0,0,0,0,0,0,0,0,0,0,0,0,0,0,0,0,0,0,0,0,0,0,0,0,0,0,0,0,0,0,0,0,0,0,0,0,0,0,0,0,0,0,0,0,0,0,0,0,0,0,0,0,0,0,0,0,0,0,0,0,0,0,0,0,0,0,0,0,0,0,0,0,0,0,0,0,0,0,0,0,0,0,0,0,0,0,0,0,0,0,0,0,0,0,0,0,0,0,0,0,0,0,0,0,0,0,0,0,0,0,0,0,-136,1087,1134,58,47,26,-1,-30,-61,-87,-99,-96,-79,-50,-10,31,65,85,94,87,61,22,-16,-49,-76,-91,-86,-68,-40,-7,29,60,79,86,82,64,37,6,-25,-60,-88,-105,-105,-82,-46,-2,49,96,129,143,129,84,15,-56,-121,-168,-184,-154,-91,-10,83,171,219,214,162,70,-44,-161,-242,-267,-231,-140,-9,134,253,315,298,208,68,-93,-246,-352,-370,-296,-152,35,222,367,430,387,250,53,-165,-355,-465,-467,-359,-159,80,305,463,517,447,272,33,-220,-432,-538,-514,-369,-140,124,361,511,536,435,230,-34,-288,-474,-549,-490,-308,-47,227,440,547,527,0,143,-143,-395,-547,-569,-458,-232,59,337,526,595,524,323,42,-253,-489,-608,-588,-425,-158,153,428,603,634,520,286,-19,-326,-556,-662,-615,-422,-134,184,463,635,664,546,301,-8,-311,-540,-647,-607,-436,-172,124,384,553,597,507,310,52,-209,-413,-521,-513,-390,-184,51,263,407,457,405,266,76,-121,-280,-368,-377,-300,-153,13,165,275,320,290,192,60,-75,-192,-264,-267,-210,-108,9,124,210,247,226,156,57,-52,-151,-214,-230,-197,-129,-32,69,150,202,215,184,115,27,-61,-135,-184,-197,-173,-121,-47,38,110,163,190,184,151,105,46,-17,-72,-110,-130,363,680,0,0,0,0,0,0,0,0,0,0,0,0,0,0,0,0,0,0,0,0,0,0,0,0,0,0,0,0,0,0,0,0,0,0,0,0,0,0,0,0,0,0,0,0,0,0,0,0,0,0,0,0,0,0,0,0,0,0,0,0,0,0,0,0,0,0,0,0,0,0,0,0,0,0,0,0,0,0,0,0,0,0,0,0,0,0,0,0,0,0,0,0,0,0,0,0,0,0,0,0,0,0,0,0,0,0,0,0,0,0,0,0,0,0,0,0,0,0,0,0,0,0,0,0,0,0,0,0,0,0,0,0,0,0,0,0,0,0,0,0,0,0,0,0,0,0,0,0,0,0,0,0,0,0,0,0,0,0,0,0,0,0,0,0,0,0,0,0,0,0,0,0,0,0,0,0,0,0,0,0,0,0,0,0,0,0,0,0,0,0,0,0,0,0,0,0,0,0,0,0,0,0,0,0,0,0,0,0,0,0,0,0,0,0,0,0,0,0,0,0,0,0,0,0,0,0,0,0,0,0,0,0,0,0,0,0,0,0,0,0,0,0,0,0,0,0,0,0,0,0,0,0,0,0,0,0,1335,372,30,51,72,90,102,95,75,49,14,-27,-62,-88,-99,-95,-73,-39,4,46,75,89,92,76,48,13,-25,-55,-77,-90,-84,-67,-42,-10,24,56,81,94,91,74,47,13,-28,-70,-101,-116,-112,-86,-43,13,76,127,154,152,116,51,-34,-122,-179,-200,-188,-128,-31,76,174,234,245,202,108,-21,-150,-249,-293,-265,-175,-39,112,247,325,330,253,109,-67,-239,-361,-398,-342,-204,-4,206,373,454,433,309,106,-132,-337,-470,-501,-413,-226,21,268,449,530,491,334,88,-175,-396,-525,-532,-408,-187,83,332,503,549,464,269,6,-259,-462,-551,-509,-344,-94,181,0,550,547,412,176,-106,-360,-535,-585,-488,-272,14,300,515,610,560,374,100,-206,-470,-618,-620,-475,-216,91,377,586,656,571,353,57,-257,-514,-655,-642,-486,-215,101,391,590,664,580,370,78,-222,-468,-610,-615,-482,-247,30,295,490,573,522,360,128,-122,-334,-466,-491,-404,-233,-21,187,344,415,388,279,115,-68,-228,-329,-350,-291,-178,-31,120,237,292,282,208,93,-39,-157,-235,-257,-223,-142,-29,86,177,228,227,176,91,-9,-105,-179,-219,-211,-158,-74,22,109,171,200,191,147,74,-11,-91,-156,-192,-188,-154,-99,-27,45,108,156,182,180,154,112,61,1100,925
28844,mtk,MTK 7916,2777119371,rx2-tx1,512,0,0,0,0,0,0,0,0,0,0,0,0,0,0,0,0,0,0,0,0,0,0,0,0,0,0,0,0,0,0,0,0,0,0,0,0,0,0,0,0,0,0,0,0,0,0,0,0,0,0,0,0,0,0,0,0,0,0,0,0,0,0,0,0,0,0,0,0,0,0,0,0,0,0,0,0,0,0,0,0,0,0,0,0,0,0,0,0,0,0,0,0,0,0,0,0,0,0,0,0,0,0,0,0,0,0,0,0,0,0,0,0,0,0,0,0,0,0,0,0,0,0,0,0,0,0,0,0,0,0,0,0,0,0,0,0,0,0,0,0,0,0,0,0,0,0,0,0,0,0,0,0,0,0,0,0,0,0,0,0,0,0,0,0,0,0,0,0,0,0,0,0,0,0,0,0,0,0,0,0,0,0,0,0,0,0,0,0,0,0,0,0,0,0,0,0,0,0,0,0,0,0,0,0,0,0,0,0,0,0,0,0,0,0,0,0,0,0,0,0,0,0,0,0,0,0,0,0,0,0,0,0,0,0,0,0,0,0,0,0,0,0,0,0,0,0,0,0,0,0,0,0,0,0,0,0,236,-444,-168,53,52,47,33,13,-12,-37,-55,-66,-68,-58,-40,-13,21,49,67,70,55,28,-2,-38,-60,-68,-58,-42,-9,33,68,80,76,54,14,-31,-64,-88,-92,-68,-24,29,76,103,106,80,31,-29,-90,-129,-140,-115,-58,28,110,171,196,169,93,-12,-118,-213,-262,-242,-160,-30,111,232,307,318,251,115,-50,-214,-342,-389,-342,-218,-34,174,343,441,437,322,134,-92,-300,-446,-489,-425,-257,-23,223,415,515,498,360,139,-116,-343,-498,-534,-442,-247,-2,248,439,524,484,335,107,-147,-361,-484,-494,-387,-189,47,268,419,465,402,243,18,-196,-353,-425,-391,0,-64,141,308,396,383,276,94,-110,-281,-381,-391,-305,-135,75,258,368,390,320,167,-30,-218,-358,-408,-353,-212,-29,161,321,401,381,267,94,-99,-266,-372,-383,-299,-149,28,200,317,359,314,196,31,-129,-250,-306,-293,-213,-83,65,185,250,253,196,100,-19,-127,-196,-210,-169,-88,5,96,162,179,148,80,-2,-80,-135,-157,-138,-82,-10,62,117,144,134,86,19,-47,-99,-124,-121,-84,-35,24,77,106,109,87,43,-7,-54,-86,-96,-83,-53,-10,32,66,83,76,55,22,-15,-45,-63,-66,-45,-19,10,38,60,68,56,30,1,-30,-56,-71,-74,-65,-937,-842,0,0,0,0,0,0,0,0,0,0,0,0,0,0,0,0,0,0,0,0,0,0,0,0,0,0,0,0,0,0,0,0,0,0,0,0,0,0,0,0,0,0,0,0,0,0,0,0,0,0,0,0,0,0,0,0,0,0,0,0,0,0,0,0,0,0,0,0,0,0,0,0,0,0,0,0,0,0,0,0,0,0,0,0,0,0,0,0,0,0,0,0,0,0,0,0,0,0,0,0,0,0,0,0,0,0,0,0,0,0,0,0,0,0,0,0,0,0,0,0,0,0,0,0,0,0,0,0,0,0,0,0,0,0,0,0,0,0,0,0,0,0,0,0,0,0,0,0,0,0,0,0,0,0,0,0,0,0,0,0,0,0,0,0,0,0,0,0,0,0,0,0,0,0,0,0,0,0,0,0,0,0,0,0,0,0,0,0,0,0,0,0,0,0,0,0,0,0,0,0,0,0,0,0,0,0,0,0,0,0,0,0,0,0,0,0,0,0,0,0,0,0,0,0,0,0,0,0,0,0,0,0,0,0,0,0,0,0,0,0,0,0,0,0,0,0,0,0,0,0,0,0,0,0,0,0,-351,848,941,8,22,40,58,67,68,60,45,21,-10,-38,-59,-68,-65,-47,-20,17,46,63,69,64,37,3,-33,-63,-80,-73,-45,-10,23,55,77,83,64,21,-30,-68,-96,-101,-78,-27,35,90,120,121,92,38,-34,-106,-161,-169,-135,-68,20,112,183,220,198,120,8,-117,-224,-282,-281,-202,-68,81,224,329,362,302,164,-20,-205,-349,-421,-397,-275,-80,138,330,448,461,374,201,-28,-267,-438,-505,-459,-316,-94,162,380,509,517,408,204,-53,-300,-465,-528,-473,-307,-63,192,402,514,497,364,153,-90,-306,-449,-486,-405,-223,5,227,387,451,397,252,55,-161,0,-416,-388,-267,-85,123,298,390,385,281,109,-94,-269,-380,-393,-309,-142,53,243,370,401,340,197,0,-203,-347,-404,-365,-247,-68,127,293,384,380,292,132,-62,-232,-338,-362,-306,-178,-6,161,282,330,300,204,63,-94,-219,-278,-269,-201,-90,36,153,229,239,188,96,-8,-108,-171,-190,-162,-89,6,87,145,162,139,80,-2,-77,-130,-154,-139,-83,-11,61,114,133,127,97,36,-35,-91,-119,-112,-84,-40,16,68,97,99,87,55,4,-44,-71,-81,-76,-53,-20,23,59,73,74,60,25,-12,-35,-54,-66,-55,-25,5,37,59,68,67,51,19,-10,-35,168,443
28845,mtk,MTK 7916,2777152883,rx0-tx0,512,0,0,0,0,0,0,0,0,0,0,0,0,0,0,0,0,0,0,0,0,0,0,0,0,0,0,0,0,0,0,0,0,0,0,0,0,0,0,0,0,0,0,0,0,0,0,0,0,0,0,0,0,0,0,0,0,0,0,0,0,0,0,0,0,0,0,0,0,0,0,0,0,0,0,0,0,0,0,0,0,0,0,0,0,0,0,0,0,0,0,0,0,0,0,0,0,0,0,0,0,0,0,0,0,0,0,0,0,0,0,0,0,0,0,0,0,0,0,0,0,0,0,0,0,0,0,0,0,0,0,0,0,0,0,0,0,0,0,0,0,0,0,0,0,0,0,0,0,0,0,0,0,0,0,0,0,0,0,0,0,0,0,0,0,0,0,0,0,0,0,0,0,0,0,0,0,0,0,0,0,0,0,0,0,0,0,0,0,0,0,0,0,0,0,0,0,0,0,0,0,0,0,0,0,0,0,0,0,0,0,0,0,0,0,0,0,0,0,0,0,0,0,0,0,0,0,0,0,0,0,0,0,0,0,0,0,0,0,0,0,0,0,0,0,0,0,0,0,0,0,0,0,0,0,0,0,-273,873,905,237,266,243,168,64,-56,-169,-264,-337,-376,-384,-358,-310,-243,-151,-47,62,176,282,370,440,488,510,496,446,370,267,139,1,-152,-291,-420,-529,-603,-645,-648,-615,-543,-438,-313,-168,-19,129,281,416,523,611,670,699,697,658,588,488,374,241,83,-76,-237,-387,-518,-646,-736,-790,-807,-786,-729,-638,-507,-355,-177,13,197,376,542,685,799,874,903,881,819,719,589,421,234,38,-163,-354,-527,-668,-775,-842,-864,-847,-795,-705,-581,-428,-269,-107,63,218,358,483,579,648,690,701,689,653,600,518,420,309,193,64,-69,-193,-314,-430,-529,-613,-679,-719,-720,-698,-1687,-560,-454,-330,-181,-26,137,295,435,565,675,746,800,817,798,742,660,550,418,269,94,-75,-250,-424,-576,-713,-826,-913,-960,-963,-928,-856,-734,-574,-379,-161,78,325,562,787,973,1119,1214,1245,1209,1116,963,754,504,217,-73,-366,-647,-894,-1097,-1254,-1341,-1349,-1290,-1168,-979,-748,-477,-174,125,417,687,915,1106,1231,1290,1280,1213,1075,885,656,399,120,-160,-434,-689,-908,-1079,-1192,-1227,-1200,-1115,-967,-765,-518,-240,46,331,588,808,977,1089,1129,1103,1008,855,647,410,156,-101,-348,-561,-731,-864,-939,-954,-907,-812,-660,-467,-233,23,281,527,747,906,971,917,741,457,172,349,574,0,0,0,0,0,0,0,0,0,0,0,0,0,0,0,0,0,0,0,0,0,0,0,0,0,0,0,0,0,0,0,0,0,0,0,0,0,0,0,0,0,0,0,0,0,0,0,0,0,0,0,0,0,0,0,0,0,0,0,0,0,0,0,0,0,0,0,0,0,0,0,0,0,0,0,0,0,0,0,0,0,0,0,0,0,0,0,0,0,0,0,0,0,0,0,0,0,0,0,0,0,0,0,0,0,0,0,0,0,0,0,0,0,0,0,0,0,0,0,0,0,0,0,0,0,0,0,0,0,0,0,0,0,0,0,0,0,0,0,0,0,0,0,0,0,0,0,0,0,0,0,0,0,0,0,0,0,0,0,0,0,0,0,0,0,0,0,0,0,0,0,0,0,0,0,0,0,0,0,0,0,0,0,0,0,0,0,0,0,0,0,0,0,0,0,0,0,0,0,0,0,0,0,0,0,0,0,0,0,0,0,0,0,0,0,0,0,0,0,0,0,0,0,0,0,0,0,0,0,0,0,0,0,0,0,0,0,0,0,0,0,0,0,0,0,0,0,0,0,0,0,0,0,0,0,0,-1322,256,-2,49,-57,-176,-272,-329,-342,-311,-246,-159,-58,47,154,247,327,392,421,429,411,357,284,192,83,-44,-173,-297,-403,-498,-561,-593,-587,-539,-465,-354,-220,-70,88,245,387,505,598,656,675,666,621,543,440,317,175,31,-119,-266,-402,-522,-613,-690,-735,-739,-715,-651,-565,-448,-297,-131,44,220,385,538,676,775,846,861,840,785,686,557,393,210,8,-186,-372,-540,-691,-809,-876,-907,-888,-827,-724,-588,-424,-243,-53,125,295,462,599,703,760,784,774,728,665,571,453,326,187,52,-88,-217,-340,-447,-533,-599,-648,-676,-671,-645,-603,-537,-445,-337,-213,-71,76,218,-175,492,599,687,748,778,777,732,657,560,429,288,131,-37,-200,-360,-504,-631,-733,-810,-852,-863,-848,-793,-700,-574,-425,-245,-52,156,352,548,730,885,1008,1091,1124,1094,1011,877,695,471,212,-66,-340,-596,-842,-1044,-1204,-1295,-1314,-1278,-1166,-992,-768,-504,-205,96,394,675,918,1110,1250,1325,1324,1262,1130,942,706,434,146,-140,-422,-684,-905,-1076,-1193,-1245,-1234,-1166,-1037,-849,-616,-345,-61,217,488,734,937,1087,1175,1195,1141,1016,836,613,355,83,-196,-454,-679,-859,-977,-1037,-1031,-957,-828,-657,-450,-212,33,262,478,665,816,909,939,899,791,608,350,42,-286,-572,-770,-821,833,693
28846,mtk,MTK 7916,2777152883,rx0-tx1,512,0,0,0,0,0,0,0,0,0,0,0,0,0,0,0,0,0,0,0,0,0,0,0,0,0,0,0,0,0,0,0,0,0,0,0,0,0,0,0,0,0,0,0,0,0,0,0,0,0,0,0,0,0,0,0,0,0,0,0,0,0,0,0,0,0,0,0,0,0,0,0,0,0,0,0,0,0,0,0,0,0,0,0,0,0,0,0,0,0,0,0,0,0,0,0,0,0,0,0,0,0,0,0,0,0,0,0,0,0,0,0,0,0,0,0,0,0,0,0,0,0,0,0,0,0,0,0,0,0,0,0,0,0,0,0,0,0,0,0,0,0,0,0,0,0,0,0,0,0,0,0,0,0,0,0,0,0,0,0,0,0,0,0,0,0,0,0,0,0,0,0,0,0,0,0,0,0,0,0,0,0,0,0,0,0,0,0,0,0,0,0,0,0,0,0,0,0,0,0,0,0,0,0,0,0,0,0,0,0,0,0,0,0,0,0,0,0,0,0,0,0,0,0,0,0,0,0,0,0,0,0,0,0,0,0,0,0,0,0,0,0,0,0,0,0,0,0,0,0,0,0,0,0,0,0,0,-730,-22,-98,-226,-183,-76,62,198,312,386,414,400,354,276,169,46,-84,-216,-326,-428,-508,-553,-560,-530,-464,-363,-239,-87,80,244,407,552,657,726,762,756,695,595,456,287,105,-101,-306,-490,-655,-792,-896,-948,-953,-904,-806,-667,-491,-285,-47,191,422,633,820,969,1074,1125,1117,1056,938,769,559,322,67,-193,-451,-693,-905,-1066,-1186,-1245,-1250,-1186,-1066,-908,-698,-452,-170,110,392,662,897,1091,1236,1321,1352,1311,1209,1056,844,590,306,12,-288,-576,-830,-1056,-1233,-1342,-1401,-1387,-1306,-1161,-963,-724,-450,-151,158,456,722,960,1156,1296,1373,1385,1339,1229,1064,858,609,329,41,-250,-546,-781,-1004,-1178,-1298,-1370,-1386,-1325,-1215,-1052,-833,-585,-309,-13,280,571,841,1082,1268,1400,1470,1469,1410,1279,1083,828,535,210,-128,-466,-776,-1052,-1277,-1437,-1537,-1558,-1497,-1363,-1168,-917,-628,-309,35,362,667,939,1168,1335,1438,1478,1439,1340,1179,962,709,424,117,-192,-484,-747,-978,-1169,-1301,-1367,-1372,-1318,-1199,-1019,-796,-526,-226,72,371,659,915,1121,1276,1357,1370,1317,1190,997,744,451,139,-177,-488,-775,-1014,-1194,-1298,-1320,-1273,-1143,-947,-694,-403,-96,210,498,748,939,1064,1121,1102,1015,865,666,440,185,-72,-311,-527,-715,-848,-925,-937,-880,-752,-551,-292,8,321,587,753,788,174,107,0,0,0,0,0,0,0,0,0,0,0,0,0,0,0,0,0,0,0,0,0,0,0,0,0,0,0,0,0,0,0,0,0,0,0,0,0,0,0,0,0,0,0,0,0,0,0,0,0,0,0,0,0,0,0,0,0,0,0,0,0,0,0,0,0,0,0,0,0,0,0,0,0,0,0,0,0,0,0,0,0,0,0,0,0,0,0,0,0,0,0,0,0,0,0,0,0,0,0,0,0,0,0,0,0,0,0,0,0,0,0,0,0,0,0,0,0,0,0,0,0,0,0,0,0,0,0,0,0,0,0,0,0,0,0,0,0,0,0,0,0,0,0,0,0,0,0,0,0,0,0,0,0,0,0,0,0,0,0,0,0,0,0,0,0,0,0,0,0,0,0,0,0,0,0,0,0,0,0,0,0,0,0,0,0,0,0,0,0,0,0,0,0,0,0,0,0,0,0,0,0,0,0,0,0,0,0,0,0,0,0,0,0,0,0,0,0,0,0,0,0,0,0,0,0,0,0,0,0,0,0,0,0,0,0,0,0,0,0,0,0,0,0,0,0,0,0,0,0,0,0,0,0,0,0,0,-128,-273,-265,126,235,323,353,325,245,130,-5,-137,-256,-356,-428,-469,-477,-446,-383,-298,-180,-43,101,243,379,496,587,649,661,636,575,471,325,161,-15,-205,-382,-544,-683,-784,-843,-860,-823,-740,-620,-462,-270,-61,153,372,571,746,888,993,1048,1042,980,874,716,522,297,51,-198,-449,-674,-874,-1029,-1136,-1191,-1183,-1120,-1002,-828,-621,-377,-115,160,432,679,899,1078,1210,1285,1295,1254,1144,977,768,517,244,-47,-344,-620,-873,-1088,-1247,-1343,-1383,-1361,-1268,-1118,-914,-660,-377,-84,224,519,790,1021,1204,1335,1402,1402,1324,1199,1016,788,521,226,-69,-368,-640,-881,-1082,-1239,-1336,-1374,-1356,1197,-1134,-940,-711,-449,-177,122,406,670,918,1122,1272,1375,1413,1393,1310,1167,971,722,444,129,-193,-507,-804,-1060,-1275,-1428,-1520,-1536,-1473,-1339,-1142,-886,-590,-262,81,415,728,1009,1236,1400,1503,1531,1478,1363,1180,942,660,356,41,-280,-572,-845,-1073,-1247,-1370,-1426,-1408,-1319,-1179,-986,-751,-474,-183,112,406,683,922,1125,1277,1360,1374,1328,1212,1027,796,525,224,-87,-400,-693,-948,-1153,-1293,-1357,-1347,-1264,-1109,-889,-614,-303,16,333,629,878,1069,1193,1238,1208,1105,929,700,437,151,-131,-395,-624,-800,-928,-990,-988,-923,-809,-640,-426,-187,73,329,567,765,894,936,867,677,392,116,-208,-246
28847,mtk,MTK 7916,2777152883,rx1-tx0,512,0,0,0,0,0,0,0,0,0,0,0,0,0,0,0,0,0,0,0,0,0,0,0,0,0,0,0,0,0,0,0,0,0,0,0,0,0,0,0,0,0,0,0,0,0,0,0,0,0,0,0,0,0,0,0,0,0,0,0,0,0,0,0,0,0,0,0,0,0,0,0,0,0,0,0,0,0,0,0,0,0,0,0,0,0,0,0,0,0,0,0,0,0,0,0,0,0,0,0,0,0,0,0,0,0,0,0,0,0,0,0,0,0,0,0,0,0,0,0,0,0,0,0,0,0,0,0,0,0,0,0,0,0,0,0,0,0,0,0,0,0,0,0,0,0,0,0,0,0,0,0,0,0,0,0,0,0,0,0,0,0,0,0,0,0,0,0,0,0,0,0,0,0,0,0,0,0,0,0,0,0,0,0,0,0,0,0,0,0,0,0,0,0,0,0,0,0,0,0,0,0,0,0,0,0,0,0,0,0,0,0,0,0,0,0,0,0,0,0,0,0,0,0,0,0,0,0,0,0,0,0,0,0,0,0,0,0,0,0,0,0,0,0,0,0,0,0,0,0,0,0,0,0,0,0,0,146,685,434,-11,-84,-160,-203,-214,-188,-134,-62,23,98,160,212,247,256,242,211,164,98,29,-47,-126,-191,-238,-269,-286,-270,-238,-189,-131,-67,12,84,141,186,219,234,237,221,197,165,114,59,17,-26,-63,-94,-120,-132,-141,-136,-134,-120,-101,-89,-71,-56,-45,-26,-15,-7,2,8,17,28,36,52,62,75,96,122,140,150,170,169,161,147,112,65,14,-39,-111,-185,-244,-292,-331,-351,-345,-323,-270,-206,-123,-18,85,190,270,348,411,438,447,436,385,316,223,117,14,-87,-196,-287,-357,-416,-447,-448,-430,-387,-318,-243,-156,-57,47,138,227,306,360,399,425,-144,388,329,270,196,111,23,-71,-150,-222,-299,-345,-366,-374,-358,-326,-277,-216,-145,-75,2,71,136,192,242,270,287,296,283,259,226,183,137,77,17,-32,-83,-129,-168,-205,-221,-233,-238,-226,-208,-182,-147,-103,-58,-10,41,91,129,163,190,215,212,211,198,169,137,107,58,12,-22,-61,-92,-120,-152,-175,-178,-172,-174,-155,-136,-106,-74,-42,0,45,80,121,159,183,196,201,191,167,141,104,54,5,-46,-97,-141,-176,-201,-212,-199,-176,-144,-91,-36,16,67,114,153,175,188,187,171,131,86,38,-13,-63,-103,-136,-154,-158,-145,-113,-64,-8,45,78,1059,1008,0,0,0,0,0,0,0,0,0,0,0,0,0,0,0,0,0,0,0,0,0,0,0,0,0,0,0,0,0,0,0,0,0,0,0,0,0,0,0,0,0,0,0,0,0,0,0,0,0,0,0,0,0,0,0,0,0,0,0,0,0,0,0,0,0,0,0,0,0,0,0,0,0,0,0,0,0,0,0,0,0,0,0,0,0,0,0,0,0,0,0,0,0,0,0,0,0,0,0,0,0,0,0,0,0,0,0,0,0,0,0,0,0,0,0,0,0,0,0,0,0,0,0,0,0,0,0,0,0,0,0,0,0,0,0,0,0,0,0,0,0,0,0,0,0,0,0,0,0,0,0,0,0,0,0,0,0,0,0,0,0,0,0,0,0,0,0,0,0,0,0,0,0,0,0,0,0,0,0,0,0,0,0,0,0,0,0,0,0,0,0,0,0,0,0,0,0,0,0,0,0,0,0,0,0,0,0,0,0,0,0,0,0,0,0,0,0,0,0,0,0,0,0,0,0,0,0,0,0,0,0,0,0,0,0,0,0,0,0,0,0,0,0,0,0,0,0,0,0,0,0,0,0,0,0,0,206,-785,-949,-156,-160,-115,-40,44,123,184,231,244,228,191,135,68,-14,-89,-155,-212,-247,-267,-267,-243,-197,-138,-72,8,83,148,203,241,270,276,255,218,170,117,60,-4,-63,-112,-153,-180,-188,-184,-183,-168,-148,-114,-80,-45,-17,7,35,55,68,81,78,82,88,83,84,77,76,77,73,74,78,74,75,70,55,27,7,-27,-75,-111,-155,-202,-238,-253,-266,-259,-232,-192,-141,-77,6,98,187,267,328,384,416,422,388,330,264,169,64,-40,-149,-248,-330,-397,-442,-453,-445,-415,-351,-278,-191,-82,26,124,226,304,364,409,437,427,400,364,297,218,129,30,147,-154,-231,-294,-349,-383,-402,-392,-357,-314,-253,-168,-91,-6,78,159,224,273,307,330,337,320,290,249,192,134,75,8,-57,-114,-160,-199,-232,-252,-252,-245,-234,-214,-184,-141,-88,-41,10,58,100,143,180,205,221,225,225,204,178,146,111,62,12,-27,-74,-117,-143,-175,-201,-199,-194,-181,-154,-130,-104,-65,-20,9,46,87,116,144,162,175,188,180,163,143,110,73,35,-16,-68,-113,-146,-181,-198,-202,-198,-178,-144,-99,-59,-2,57,107,156,187,193,194,184,163,123,73,24,-29,-87,-135,-159,-171,-168,-151,-123,-81,-36,10,59,105,134,139,122,95,5,-299
28848,mtk,MTK 7916,2777152883,rx1-tx1,512,0,0,0,0,0,0,0,0,0,0,0,0,0,0,0,0,0,0,0,0,0,0,0,0,0,0,0,0,0,0,0,0,0,0,0,0,0,0,0,0,0,0,0,0,0,0,0,0,0,0,0,0,0,0,0,0,0,0,0,0,0,0,0,0,0,0,0,0,0,0,0,0,0,0,0,0,0,0,0,0,0,0,0,0,0,0,0,0,0,0,0,0,0,0,0,0,0,0,0,0,0,0,0,0,0,0,0,0,0,0,0,0,0,0,0,0,0,0,0,0,0,0,0,0,0,0,0,0,0,0,0,0,0,0,0,0,0,0,0,0,0,0,0,0,0,0,0,0,0,0,0,0,0,0,0,0,0,0,0,0,0,0,0,0,0,0,0,0,0,0,0,0,0,0,0,0,0,0,0,0,0,0,0,0,0,0,0,0,0,0,0,0,0,0,0,0,0,0,0,0,0,0,0,0,0,0,0,0,0,0,0,0,0,0,0,0,0,0,0,0,0,0,0,0,0,0,0,0,0,0,0,0,0,0,0,0,0,0,0,0,0,0,0,0,0,0,0,0,0,0,0,0,0,0,0,0,-411,-635,-861,-30,-11,16,45,69,88,91,79,51,7,-41,-73,-89,-91,-72,-32,19,67,98,101,81,43,-8,-54,-86,-99,-87,-57,-11,41,77,86,76,52,14,-29,-57,-54,-48,-32,-6,20,31,28,20,3,-18,-25,-15,4,17,35,41,28,2,-30,-62,-73,-56,-21,19,57,85,90,67,21,-37,-88,-118,-119,-82,-17,49,108,139,131,81,11,-66,-123,-144,-125,-76,-4,67,126,154,132,71,-8,-81,-130,-142,-112,-54,14,83,131,136,100,43,-15,-69,-108,-116,-87,-37,19,65,89,92,73,33,-8,-40,-58,-65,-56,-37,-16,5,19,30,39,46,0,51,38,10,-27,-60,-83,-98,-91,-55,1,65,122,156,155,105,15,-82,-166,-215,-209,-148,-49,75,189,256,254,189,72,-74,-208,-292,-296,-225,-93,74,224,311,318,241,93,-84,-236,-324,-328,-238,-83,96,243,329,326,229,73,-100,-248,-325,-308,-203,-47,125,262,326,296,184,21,-152,-276,-322,-278,-155,8,168,288,332,270,136,-33,-193,-309,-335,-271,-143,24,184,293,328,277,153,-4,-162,-278,-318,-273,-161,-15,131,236,282,253,163,31,-102,-203,-250,-230,-153,-37,80,168,209,197,138,46,-61,-149,-199,-197,-148,-66,29,116,180,209,200,156,83,233,-67,0,0,0,0,0,0,0,0,0,0,0,0,0,0,0,0,0,0,0,0,0,0,0,0,0,0,0,0,0,0,0,0,0,0,0,0,0,0,0,0,0,0,0,0,0,0,0,0,0,0,0,0,0,0,0,0,0,0,0,0,0,0,0,0,0,0,0,0,0,0,0,0,0,0,0,0,0,0,0,0,0,0,0,0,0,0,0,0,0,0,0,0,0,0,0,0,0,0,0,0,0,0,0,0,0,0,0,0,0,0,0,0,0,0,0,0,0,0,0,0,0,0,0,0,0,0,0,0,0,0,0,0,0,0,0,0,0,0,0,0,0,0,0,0,0,0,0,0,0,0,0,0,0,0,0,0,0,0,0,0,0,0,0,0,0,0,0,0,0,0,0,0,0,0,0,0,0,0,0,0,0,0,0,0,0,0,0,0,0,0,0,0,0,0,0,0,0,0,0,0,0,0,0,0,0,0,0,0,0,0,0,0,0,0,0,0,0,0,0,0,0,0,0,0,0,0,0,0,0,0,0,0,0,0,0,0,0,0,0,0,0,0,0,0,0,0,0,0,0,0,0,0,0,0,0,0,-92,-848,-633,-60,-72,-77,-70,-51,-21,15,49,79,94,85,56,20,-24,-68,-98,-105,-82,-40,11,56,94,106,86,52,11,-40,-84,-101,-90,-53,-10,28,60,77,70,43,10,-20,-41,-50,-42,-20,6,24,24,16,0,-14,-22,-22,-7,14,33,43,44,23,-10,-51,-80,-82,-56,-17,26,70,106,104,71,19,-39,-96,-132,-125,-82,-13,59,118,142,129,78,5,-72,-126,-145,-125,-68,7,81,128,143,121,66,-13,-87,-136,-138,-111,-52,18,81,116,122,97,43,-20,-73,-109,-109,-85,-39,13,55,77,80,66,40,11,-16,-40,-53,-51,-42,-30,-14,-3,0,40,57,69,75,63,29,-16,-68,-111,-129,-120,-75,-4,74,146,186,182,127,33,-74,-172,-233,-232,-167,-56,79,202,278,282,211,78,-81,-219,-304,-307,-230,-88,84,232,319,322,236,83,-93,-245,-328,-324,-235,-78,99,251,329,319,222,67,-111,-256,-318,-294,-193,-38,132,267,323,286,166,-3,-171,-287,-327,-277,-146,25,187,293,326,273,140,-30,-191,-302,-328,-267,-146,18,181,296,329,276,156,3,-152,-268,-312,-269,-160,-22,113,220,269,246,163,40,-86,-181,-223,-212,-142,-35,72,158,200,191,133,45,-56,-144,-199,-215,-186,-116,-27,59,124,174,-1011,-1042
28849,mtk,MTK 7916,2777152883,rx2-tx0,512,0,0,0,0,0,0,0,0,0,0,0,0,0,0,0,0,0,0,0,0,0,0,0,0,0,0,0,0,0,0,0,0,0,0,0,0,0,0,0,0,0,0,0,0,0,0,0,0,0,0,0,0,0,0,0,0,0,0,0,0,0,0,0,0,0,0,0,0,0,0,0,0,0,0,0,0,0,0,0,0,0,0,0,0,0,0,0,0,0,0,0,0,0,0,0,0,0,0,0,0,0,0,0,0,0,0,0,0,0,0,0,0,0,0,0,0,0,0,0,0,0,0,0,0,0,0,0,0,0,0,0,0,0,0,0,0,0,0,0,0,0,0,0,0,0,0,0,0,0,0,0,0,0,0,0,0,0,0,0,0,0,0,0,0,0,0,0,0,0,0,0,0,0,0,0,0,0,0,0,0,0,0,0,0,0,0,0,0,0,0,0,0,0,0,0,0,0,0,0,0,0,0,0,0,0,0,0,0,0,0,0,0,0,0,0,0,0,0,0,0,0,0,0,0,0,0,0,0,0,0,0,0,0,0,0,0,0,0,0,0,0,0,0,0,0,0,0,0,0,0,0,0,0,0,0,0,-136,-875,-609,51,69,81,83,73,49,12,-28,-61,-81,-88,-76,-41,3,39,67,86,82,61,28,-13,-48,-74,-83,-74,-54,-22,20,55,79,87,75,50,16,-24,-60,-84,-97,-91,-64,-18,34,76,109,123,110,64,-6,-78,-133,-156,-146,-97,-12,85,165,207,188,113,7,-105,-200,-244,-218,-126,11,149,247,281,231,109,-47,-199,-304,-327,-248,-88,101,270,368,357,244,58,-158,-338,-419,-380,-232,-9,226,405,465,390,205,-46,-294,-461,-497,-385,-166,105,352,496,496,354,105,-176,-408,-520,-476,-296,-29,246,447,516,434,223,-58,-324,-494,-520,-391,-141,152,404,0,510,330,47,-252,-476,-561,-483,-258,45,334,534,576,445,180,-138,-420,-583,-574,-396,-105,221,483,608,561,351,33,-296,-545,-636,-550,-307,26,346,569,641,531,272,-66,-378,-582,-617,-484,-223,89,376,560,588,450,192,-105,-364,-516,-526,-395,-165,101,329,460,461,331,118,-115,-300,-401,-393,-273,-83,118,275,349,319,206,44,-121,-245,-294,-263,-158,-16,122,219,251,210,117,-5,-125,-206,-228,-181,-90,20,128,202,216,169,83,-19,-115,-183,-208,-177,-98,-1,92,161,191,175,116,28,-66,-141,-180,-178,-138,-70,6,83,147,177,175,139,85,24,-37,-96,-1153,-1162,0,0,0,0,0,0,0,0,0,0,0,0,0,0,0,0,0,0,0,0,0,0,0,0,0,0,0,0,0,0,0,0,0,0,0,0,0,0,0,0,0,0,0,0,0,0,0,0,0,0,0,0,0,0,0,0,0,0,0,0,0,0,0,0,0,0,0,0,0,0,0,0,0,0,0,0,0,0,0,0,0,0,0,0,0,0,0,0,0,0,0,0,0,0,0,0,0,0,0,0,0,0,0,0,0,0,0,0,0,0,0,0,0,0,0,0,0,0,0,0,0,0,0,0,0,0,0,0,0,0,0,0,0,0,0,0,0,0,0,0,0,0,0,0,0,0,0,0,0,0,0,0,0,0,0,0,0,0,0,0,0,0,0,0,0,0,0,0,0,0,0,0,0,0,0,0,0,0,0,0,0,0,0,0,0,0,0,0,0,0,0,0,0,0,0,0,0,0,0,0,0,0,0,0,0,0,0,0,0,0,0,0,0,0,0,0,0,0,0,0,0,0,0,0,0,0,0,0,0,0,0,0,0,0,0,0,0,0,0,0,0,0,0,0,0,0,0,0,0,0,0,0,0,0,0,0,1335,766,981,-51,-35,-13,15,47,76,92,83,61,31,-6,-47,-75,-86,-78,-54,-13,29,62,83,86,69,38,0,-39,-68,-85,-80,-59,-31,-2,35,64,81,82,68,39,-1,-43,-82,-110,-111,-87,-42,19,80,124,145,133,82,5,-80,-150,-184,-168,-108,-13,93,181,217,194,117,0,-128,-224,-262,-229,-123,27,175,278,303,240,103,-71,-234,-335,-336,-242,-73,128,301,386,365,238,31,-192,-367,-439,-389,-218,24,263,428,480,394,189,-76,-323,-479,-499,-369,-131,144,376,502,488,331,73,-209,-428,-525,-463,-265,12,285,474,521,415,181,-110,-370,-516,-514,-361,0,206,440,544,494,296,5,-293,-503,-563,-463,-220,96,386,560,570,416,140,-184,-456,-598,-572,-377,-72,261,519,625,558,333,7,-324,-562,-640,-535,-286,47,366,584,636,509,246,-78,-380,-574,-609,-475,-217,95,370,536,553,422,178,-108,-353,-489,-487,-359,-140,113,323,434,422,302,102,-117,-290,-376,-358,-243,-68,117,258,321,290,180,27,-121,-230,-273,-239,-136,-2,123,211,239,200,105,-15,-125,-199,-221,-180,-89,21,119,185,205,172,95,-6,-109,-182,-205,-178,-109,-12,81,153,189,180,128,50,-38,-120,-167,-177,-156,-103,-28,45,106,149,163,151,112,-206,147
28850,mtk,MTK 7916,2777152883,rx2-tx1,512,0,0,0,0,0,0,0,0,0,0,0,0,0,0,0,0,0,0,0,0,0,0,0,0,0,0,0,0,0,0,0,0,0,0,0,0,0,0,0,0,0,0,0,0,0,0,0,0,0,0,0,0,0,0,0,0,0,0,0,0,0,0,0,0,0,0,0,0,0,0,0,0,0,0,0,0,0,0,0,0,0,0,0,0,0,0,0,0,0,0,0,0,0,0,0,0,0,0,0,0,0,0,0,0,0,0,0,0,0,0,0,0,0,0,0,0,0,0,0,0,0,0,0,0,0,0,0,0,0,0,0,0,0,0,0,0,0,0,0,0,0,0,0,0,0,0,0,0,0,0,0,0,0,0,0,0,0,0,0,0,0,0,0,0,0,0,0,0,0,0,0,0,0,0,0,0,0,0,0,0,0,0,0,0,0,0,0,0,0,0,0,0,0,0,0,0,0,0,0,0,0,0,0,0,0,0,0,0,0,0,0,0,0,0,0,0,0,0,0,0,0,0,0,0,0,0,0,0,0,0,0,0,0,0,0,0,0,0,0,0,0,0,0,0,0,0,0,0,0,0,0,0,0,0,0,0,236,-171,99,9,35,55,70,77,70,50,21,-18,-59,-84,-87,-72,-40,3,46,74,86,73,45,-6,-53,-86,-94,-77,-31,19,65,90,97,74,22,-36,-78,-102,-95,-56,-4,54,101,119,83,19,-47,-101,-132,-125,-76,8,95,160,170,124,43,-56,-157,-213,-201,-122,-6,122,226,276,241,123,-38,-187,-289,-317,-250,-108,75,256,365,366,261,77,-141,-324,-420,-399,-256,-37,201,386,462,407,232,-19,-263,-440,-489,-393,-187,75,322,476,496,372,135,-133,-367,-489,-468,-314,-73,188,391,486,439,264,15,-240,-418,-457,-368,-177,60,283,414,420,300,94,-135,-316,0,-356,-205,8,211,350,380,292,113,-97,-276,-375,-354,-222,-25,180,329,376,307,147,-57,-244,-356,-370,-265,-78,130,302,382,339,205,16,-180,-328,-370,-303,-154,42,222,333,346,257,99,-85,-239,-313,-292,-193,-39,124,239,271,231,127,-15,-142,-216,-227,-167,-64,58,156,194,172,100,0,-98,-162,-170,-122,-44,46,126,161,139,75,-11,-87,-133,-144,-108,-42,37,104,134,124,90,25,-50,-109,-128,-115,-67,-1,56,90,104,90,45,-8,-54,-86,-94,-66,-23,24,61,76,69,42,6,-28,-54,-65,-51,-24,9,40,64,71,52,17,-18,-45,-68,-81,-841,-673,0,0,0,0,0,0,0,0,0,0,0,0,0,0,0,0,0,0,0,0,0,0,0,0,0,0,0,0,0,0,0,0,0,0,0,0,0,0,0,0,0,0,0,0,0,0,0,0,0,0,0,0,0,0,0,0,0,0,0,0,0,0,0,0,0,0,0,0,0,0,0,0,0,0,0,0,0,0,0,0,0,0,0,0,0,0,0,0,0,0,0,0,0,0,0,0,0,0,0,0,0,0,0,0,0,0,0,0,0,0,0,0,0,0,0,0,0,0,0,0,0,0,0,0,0,0,0,0,0,0,0,0,0,0,0,0,0,0,0,0,0,0,0,0,0,0,0,0,0,0,0,0,0,0,0,0,0,0,0,0,0,0,0,0,0,0,0,0,0,0,0,0,0,0,0,0,0,0,0,0,0,0,0,0,0,0,0,0,0,0,0,0,0,0,0,0,0,0,0,0,0,0,0,0,0,0,0,0,0,0,0,0,0,0,0,0,0,0,0,0,0,0,0,0,0,0,0,0,0,0,0,0,0,0,0,0,0,0,0,0,0,0,0,0,0,0,0,0,0,0,0,0,0,0,0,0,-351,937,945,-52,-55,-41,-20,7,38,65,84,85,62,23,-17,-52,-76,-85,-77,-44,0,43,80,92,75,39,-7,-58,-94,-97,-70,-27,25,74,99,90,56,14,-39,-89,-110,-95,-47,24,89,124,119,71,2,-71,-127,-153,-125,-54,32,122,178,183,131,30,-90,-189,-237,-215,-129,7,149,258,296,244,111,-55,-216,-326,-344,-259,-87,112,285,389,377,250,53,-174,-362,-436,-390,-237,-10,226,405,470,400,208,-49,-297,-456,-493,-381,-163,101,339,482,487,352,115,-158,-384,-492,-452,-286,-48,206,397,472,405,223,-16,-255,-414,-445,-343,-138,99,301,413,387,249,0,-171,-331,-389,-328,-166,54,253,366,367,259,69,-141,-308,-380,-334,-181,22,213,346,376,289,113,-96,-278,-377,-361,-239,-48,154,310,369,327,186,-13,-206,-330,-352,-278,-125,72,236,322,319,223,58,-108,-236,-296,-270,-164,-16,132,232,255,201,92,-37,-143,-205,-200,-132,-29,73,149,177,150,77,-27,-113,-158,-153,-101,-14,76,131,150,124,62,-18,-92,-139,-144,-100,-29,40,98,128,120,81,14,-58,-104,-120,-101,-53,8,60,93,97,79,35,-17,-58,-79,-83,-55,-11,29,53,63,55,35,-2,-37,-59,-62,-48,-15,23,51,65,71,60,31,-6,454,687
28851,mtk,MTK 7916,2777157139,rx0-tx0,512,-1687,-560,-454,-38,-130,-212,-278,-327,-353,-357,-333,-279,-207,-120,-12,96,210,307,382,438,453,431,373,278,159,24,-129,-269,-381,-483,-535,-541,-506,-420,-301,-147,23,190,338,463,549,598,588,526,423,280,117,-48,-222,-374,-492,-574,-602,-584,-525,-428,-294,-134,28,190,348,469,568,626,627,582,491,362,207,27,-160,-343,-499,-618,-694,-710,-679,-591,-445,-253,-47,182,392,577,722,808,832,780,660,478,256,8,-250,-492,-700,-844,-910,-904,-822,-661,-443,-180,104,381,626,811,923,960,914,793,597,343,60,-222,-486,-708,-859,-954,-956,-874,-724,-507,-248,26,305,554,760,899,-273,953,846,674,450,180,-105,-380,-627,-825,-945,-995,-957,-831,-638,-390,-95,203,484,725,908,1017,1032,964,811,582,307,-6,-324,-612,-847,-1015,-1103,-1083,-968,-765,-504,-182,166,491,779,1007,1142,1172,1109,928,658,337,-24,-383,-709,-973,-1152,-1235,-1185,-1030,-771,-445,-85,298,645,930,1125,1208,1175,1030,788,480,120,-246,-567,-846,-1036,-1118,-1089,-967,-746,-456,-140,186,478,729,894,967,942,827,646,418,153,-115,-364,-566,-715,-785,-777,-702,-569,-385,-166,61,275,459,592,669,673,607,482,314,111,-97,-289,-458,-566,-605,-571,-469,-301,-99,109,295,425,477,448,340,186,27,-720,-698,-546,-781,-1004,-59,-167,-261,-313,-313,-257,-152,-17,117,236,326,376,375,335,253,139,10,-115,-233,-329,-387,-412,-389,-327,-247,-125,7,140,271,375,438,473,458,396,292,148,-4,-165,-313,-446,-526,-559,-532,-450,-321,-164,12,194,356,486,558,579,548,457,317,160,-18,-186,-335,-460,-528,-551,-525,-450,-330,-195,-40,118,257,371,454,499,501,457,376,255,120,-28,-180,-301,-394,-459,-472,-449,-384,-285,-168,-29,105,226,315,382,420,412,368,296,202,93,-15,-118,-212,-274,-319,-340,-330,-289,-227,-151,-68,13,96,167,220,246,262,259,241,202,155,94,34,-25,-89,-148,-198,-730,-262,-267,-251,-229,-178,-102,-22,60,151,226,288,330,338,312,266,182,83,-22,-124,-213,-295,-328,-341,-316,-269,-209,-130,-34,55,132,202,250,272,275,257,226,177,114,55,-3,-70,-124,-170,-207,-223,-235,-230,-208,-177,-127,-71,-14,57,132,191,235,275,285,278,254,197,127,46,-46,-134,-217,-281,-329,-337,-321,-276,-208,-132,-39,54,143,228,296,323,338,319,284,228,143,56,-35,-128,-204,-275,-323,-340,-338,-301,-245,-167,-73,23,114,202,278,333,350,344,312,248,167,75,-21,-114,-204,-272,-317,-339,-332,-305,-253,-175,-95,-3,90,169,241,291,326,334,41,-250,-175,492,599,-336,-319,-275,-210,-127,-34,60,162,255,327,379,399,389,357,288,205,94,-35,-164,-287,-388,-461,-503,-500,-443,-360,-244,-89,69,234,375,487,563,587,556,475,358,210,44,-132,-293,-430,-534,-586,-596,-564,-473,-352,-197,-33,134,289,426,533,595,608,586,509,394,256,84,-92,-262,-416,-543,-628,-669,-658,-591,-480,-327,-141,56,250,438,598,705,763,758,685,559,377,159,-79,-323,-542,-716,-830,-880,-854,-757,-586,-353,-89,181,443,665,832,929,944,878,726,514,257,-20,-296,-548,-759,-900,-961,-936,-838,-658,-432,-164,126,399,631,816,925,966,916,786,591,348,-1322,-212,-477,-698,-862,-960,-972,-904,-764,-544,-285,-1,289,559,775,933,1009,1000,910,735,493,204,-102,-394,-659,-873,-1014,-1070,-1026,-888,-676,-411,-92,240,551,814,1007,1124,1128,1036,859,591,265,-81,-426,-752,-993,-1154,-1209,-1148,-990,-732,-413,-40,341,679,968,1147,1236,1193,1038,791,465,96,-278,-622,-895,-1086,-1175,-1136,-998,-778,-473,-130,219,537,803,966,1041,1015,904,704,435,138,-155,-418,-635,-791,-874,-860,-768,-608,-401,-158,87,318,512,652,723,725,664,534,356,148,-75,-276,-449,-572,-634,-622,-553,-420,-234,-22,181,360,493,551,533,438,275,85,-107,-259,-347,-353,76,218,1197,-1134,-940,-250,-222,-140,-26,105,231,320,359,343,284,184,59,-75,-194,-302,-369,-395,-376,-327,-235,-123,1,137,248,348,415,431,415,360,259,134,-2,-156,-285,-407,-481,-517,-500,-434,-314,-159,8,180,336,465,542,573,541,455,325,160,-14,-192,-363,-484,-551,-571,-527,-456,-327,-168,1,162,308,416,491,521,505,436,345,219,83,-65,-206,-332,-429,-481,-496,-458,-378,-279,-149,-3,134,263,351,423,450,437,376,290,187,65,-65,-175,-266,-333,-368,-370,-351,-294,-214,-127,-29,67,153,222,272,294,300,281,238,172,106,41,-27,-92,-150,-195,-230,-238,-244,-234,-208,-168,-128,-56,21,94,161,239,285,306,309,279,225,154,62,-43,-138,-224,-300,-337,-349,-325,-277,-197,-94,-1,98,180,250,302,315,300,268,214,141,66,-6,-76,-137,-190,-224,-238,-248,-236,-207,-166,-114,-60,-7,60,114,169,214,240,259,260,240,197,151,76,-5,-84,-164,-237,-279,-313,-315,-294,-245,-181,-96,4,98,192,260,312,340,332,303,254,177,91,-3,-102,-183,-258,-309,-328,-334,-309,-261,-202,-112,-24,69,163,240,304,341,347,331,290,224,130,22,-72,-171,-246,-303,-336,-345,-327,-283,-208,-126,-33,60,146,227,282,314,329,315,279,225,154,74,-31,-1374,-1356
28852,mtk,MTK 7916,2777157139,rx0-tx1,512,-144,388,329,-976,-959,-867,-699,-471,-208,78,355,600,809,949,1020,1008,911,746,517,241,-45,-337,-605,-821,-981,-1057,-1046,-956,-787,-559,-276,28,333,614,846,1007,1093,1101,1008,840,606,314,-14,-334,-629,-879,-1054,-1145,-1148,-1050,-867,-618,-311,25,344,643,894,1069,1165,1157,1049,869,625,321,-4,-332,-631,-863,-1039,-1134,-1136,-1058,-893,-649,-362,-52,269,573,836,1032,1144,1162,1095,942,709,410,81,-259,-574,-850,-1066,-1186,-1201,-1131,-962,-698,-385,-35,308,635,902,1106,1206,1203,1096,900,624,310,-36,-376,-680,-925,-1083,-1152,-1119,-992,-787,-531,-228,96,397,662,874,1010,1060,1030,912,724,146,208,-89,-370,-626,-836,-972,-1039,-1008,-898,-718,-496,-215,87,377,640,846,988,1054,1018,902,720,472,180,-126,-425,-697,-899,-1034,-1073,-1023,-892,-688,-415,-112,204,502,760,953,1072,1098,1015,856,627,345,28,-294,-589,-836,-1011,-1098,-1096,-998,-807,-546,-239,92,408,698,926,1072,1122,1065,914,686,395,65,-266,-580,-834,-1007,-1085,-1059,-934,-729,-452,-133,184,473,712,883,969,958,859,675,437,172,-97,-349,-552,-712,-791,-804,-744,-608,-425,-211,14,233,422,567,647,669,626,520,366,177,-21,-218,-384,-498,-566,-565,-498,-376,-211,-23,163,314,417,452,415,314,172,17,-106,399,425,0,51,38,-294,-384,-407,-355,-228,-52,140,326,464,536,537,472,347,180,-8,-199,-363,-486,-565,-588,-550,-451,-314,-146,38,229,390,521,604,643,612,533,409,238,37,-170,-369,-543,-670,-748,-749,-697,-583,-388,-160,89,345,574,755,875,918,869,745,545,287,-11,-316,-577,-791,-945,-1016,-982,-862,-664,-402,-108,199,494,752,929,1026,1036,954,790,554,263,-53,-356,-646,-865,-1010,-1064,-1016,-890,-683,-419,-120,185,474,713,895,1004,1017,945,800,579,323,38,-240,-497,-718,-876,-964,-968,-889,-748,-540,-291,-22,253,500,718,874,959,971,899,760,559,309,21,-257,-520,-756,-920,-1008,-411,-957,-814,-592,-322,-12,301,584,835,1016,1105,1110,1026,851,596,290,-50,-387,-697,-951,-1127,-1213,-1189,-1064,-838,-545,-205,161,518,820,1047,1195,1239,1172,1020,769,459,113,-237,-565,-836,-1054,-1176,-1195,-1125,-967,-724,-439,-111,225,534,796,1016,1151,1177,1116,968,748,473,154,-176,-496,-775,-990,-1123,-1180,-1140,-1006,-791,-513,-193,146,472,765,1003,1150,1208,1167,1030,802,517,188,-164,-493,-779,-1006,-1148,-1200,-1148,-1003,-764,-479,-155,188,506,777,993,1118,1150,1089,948,720,439,124,-195,-491,-752,-951,-1064,-1086,-1026,-886,-673,-407,-111,183,461,698,889,994,1025,974,844,648,405,128,39,46,147,-154,-231,-47,229,487,709,877,979,1005,939,810,617,365,86,-212,-486,-725,-904,-1010,-1037,-990,-857,-653,-399,-106,190,475,725,919,1040,1078,1033,907,697,436,143,-174,-482,-746,-955,-1095,-1135,-1089,-961,-748,-467,-150,183,501,777,996,1138,1171,1113,975,750,470,148,-192,-504,-768,-983,-1116,-1157,-1114,-970,-757,-492,-179,141,451,735,953,1090,1149,1120,1003,808,542,229,-100,-418,-708,-950,-1113,-1187,-1160,-1037,-835,-561,-232,110,443,758,997,1158,1219,1177,1039,814,523,180,-174,-516,-810,-1027,-1151,-1183,-1116,-957,-715,-415,-89,243,549,798,982,1092,1102,1016,859,632,357,60,-243,-526,-758,206,-1022,-1031,-960,-818,-606,-352,-62,234,503,724,898,1015,1032,967,824,607,352,54,-253,-534,-768,-950,-1047,-1054,-980,-814,-584,-306,12,318,599,833,1002,1080,1068,965,777,522,233,-93,-401,-670,-894,-1038,-1099,-1063,-935,-725,-449,-140,182,494,768,973,1092,1114,1036,873,619,318,-10,-338,-637,-882,-1047,-1109,-1074,-942,-717,-434,-108,220,526,775,960,1038,1016,900,703,454,162,-132,-411,-639,-793,-879,-877,-787,-637,-431,-194,48,287,486,634,718,736,683,564,397,198,-11,-217,-398,-531,-605,-618,-570,-457,-303,-121,79,259,401,496,525,482,377,224,48,-121,-257,-334,-341,-283,129,30,0,40,57,-209,-74,100,271,413,488,489,415,269,86,-110,-291,-438,-534,-571,-538,-444,-310,-145,41,227,387,504,581,607,571,480,343,178,-12,-205,-376,-527,-643,-695,-682,-611,-481,-308,-97,130,336,546,707,801,838,785,657,461,224,-51,-322,-576,-781,-926,-982,-937,-792,-598,-342,-49,261,545,782,940,1016,1006,914,721,470,179,-125,-427,-689,-900,-1029,-1059,-1002,-854,-627,-348,-31,277,562,798,962,1039,1025,924,739,503,217,-85,-364,-621,-821,-944,-994,-951,-842,-665,-429,-167,116,378,609,799,916,967,935,824,650,420,162,-119,-386,-625,-810,-945,-1000,-967,-866,-685,-442,-169,-92,404,668,880,1019,1082,1044,927,731,458,149,-172,-492,-779,-1002,-1137,-1177,-1120,-971,-728,-421,-72,284,617,901,1104,1224,1236,1131,927,654,329,-36,-378,-695,-957,-1138,-1220,-1193,-1071,-871,-607,-276,64,395,695,936,1100,1183,1157,1044,862,618,298,-37,-360,-657,-901,-1075,-1167,-1165,-1071,-888,-635,-340,-16,316,627,883,1069,1177,1184,1099,929,674,362,21,-321,-639,-899,-1086,-1195,-1203,-1099,-915,-650,-340,4,345,653,907,1073,1171,1163,1057,867,610,302,-23,-344,-640,-878,-1040,-1115,-1099,-995,-818,-566,-275,35,337,610,835,986,1050,1036,942,774,539,259,-23,-307,-563,-770,-914,-981,-14,-3
28853,mtk,MTK 7916,2777157139,rx1-tx0,512,0,510,330,697,773,783,734,626,475,295,84,-128,-327,-505,-642,-725,-764,-746,-674,-540,-365,-173,43,252,451,618,727,802,804,751,625,457,254,22,-209,-430,-629,-778,-875,-902,-852,-737,-560,-341,-91,180,436,670,864,986,1025,992,874,671,417,118,-194,-510,-793,-1007,-1142,-1176,-1127,-977,-730,-415,-50,307,650,952,1180,1293,1293,1184,969,668,312,-83,-469,-813,-1077,-1259,-1324,-1283,-1127,-856,-535,-164,218,576,888,1120,1254,1291,1218,1037,762,432,74,-293,-634,-931,-1133,-1249,-1255,-1149,-950,-665,-328,36,389,716,979,1157,1236,1194,1063,844,541,192,-171,-514,-794,-1019,-1151,-1185,-1112,-941,-136,-390,-57,278,591,843,1030,1119,1106,999,813,553,257,-71,-384,-660,-883,-1023,-1067,-1024,-893,-680,-416,-125,169,455,705,883,980,996,915,760,541,279,4,-278,-526,-721,-848,-904,-884,-781,-617,-408,-167,83,319,511,674,760,790,759,670,525,327,117,-98,-294,-467,-605,-695,-727,-698,-610,-490,-308,-120,87,290,461,599,689,711,678,580,422,235,34,-183,-378,-531,-628,-681,-666,-579,-452,-288,-86,115,291,442,541,598,594,540,433,288,116,-51,-219,-359,-461,-519,-521,-476,-378,-246,-93,74,221,343,419,455,434,359,247,101,-47,-182,-287,-336,-336,-285,-187,-71,35,152,404,0,-356,-205,-13,83,180,250,277,256,202,115,0,-104,-200,-272,-304,-309,-274,-212,-133,-33,56,150,221,277,311,318,305,255,185,102,7,-99,-193,-280,-352,-395,-413,-387,-320,-228,-104,45,193,332,453,529,558,539,471,343,178,-3,-191,-382,-539,-649,-698,-682,-601,-457,-271,-55,177,396,577,714,778,781,707,572,378,142,-103,-335,-553,-721,-835,-871,-822,-693,-508,-272,-11,256,511,721,870,932,919,822,639,394,122,-175,-442,-675,-859,-960,-977,-904,-751,-530,-262,32,323,585,785,929,976,947,837,640,391,115,-181,-452,-679,-851,-957,-964,-884,-744,-532,-280,0,275,522,236,881,947,936,856,710,479,216,-54,-325,-570,-770,-922,-986,-954,-858,-680,-444,-173,108,392,646,835,959,1002,964,841,645,407,117,-179,-449,-684,-862,-981,-1013,-962,-828,-632,-388,-104,187,467,701,893,1006,1042,1004,862,655,410,118,-195,-492,-751,-948,-1068,-1106,-1053,-910,-684,-403,-85,249,557,820,1022,1143,1157,1079,909,651,342,8,-332,-644,-909,-1090,-1177,-1167,-1047,-847,-572,-249,95,427,721,950,1100,1145,1090,947,734,451,137,-183,-480,-741,-921,-1024,-1053,-985,-842,-625,-353,-65,221,491,716,878,957,958,888,737,527,282,22,-240,-477,-669,-798,-864,-862,-784,-647,-455,-135,-316,0,206,440,373,165,-50,-263,-460,-612,-717,-768,-759,-699,-580,-412,-219,-16,193,386,557,677,754,780,736,650,498,318,109,-119,-334,-532,-683,-799,-852,-831,-752,-610,-416,-186,68,317,547,738,877,951,949,867,723,512,242,-39,-323,-599,-828,-994,-1084,-1092,-1014,-838,-582,-272,67,402,731,992,1175,1251,1224,1100,876,553,176,-207,-570,-899,-1142,-1293,-1329,-1246,-1049,-765,-414,-31,344,713,997,1198,1297,1283,1165,956,657,315,-65,-433,-776,-1042,-1204,-1277,-1241,-1104,-868,-558,-213,164,514,827,1065,1213,1256,1186,1022,760,443,81,-279,-606,-896,-1101,-1205,-1203,-1090,-893,-620,-293,58,400,704,1335,1093,1145,1110,973,759,480,152,-176,-480,-747,-945,-1069,-1100,-1023,-866,-635,-348,-40,269,562,794,950,1026,1010,915,734,490,209,-92,-380,-619,-809,-916,-955,-907,-777,-583,-340,-85,178,421,622,763,841,844,770,647,470,246,28,-197,-392,-563,-679,-740,-741,-683,-567,-414,-221,-20,194,370,536,650,701,715,651,539,389,194,-15,-218,-418,-570,-661,-706,-685,-593,-445,-263,-69,146,330,480,592,646,625,561,442,292,110,-72,-251,-401,-511,-561,-563,-519,-416,-281,-116,53,212,351,442,491,484,425,323,191,40,-119,-253,-354,-409,-404,-349,-245,-112,19,144,228,260,240,-514,-361,0,-171,-331,215,219,175,95,-13,-119,-210,-282,-305,-285,-237,-150,-55,47,145,222,282,307,303,278,218,152,64,-22,-117,-210,-277,-323,-348,-341,-307,-250,-157,-50,70,190,300,390,464,486,461,399,293,146,-17,-189,-358,-506,-598,-633,-620,-540,-403,-228,-14,196,397,567,686,753,742,657,514,315,87,-147,-377,-566,-724,-811,-818,-768,-638,-452,-215,43,306,531,725,854,904,876,766,587,340,61,-218,-490,-716,-871,-956,-954,-856,-695,-461,-183,107,386,629,829,950,983,926,783,582,323,30,-251,-522,-744,-893,-976,-972,-871,-692,-468,-195,96,368,613,809,921,960,917,808,-351,384,114,-160,-418,-658,-837,-934,-958,-906,-774,-584,-342,-55,227,484,719,884,976,986,921,764,548,289,-2,-292,-561,-772,-925,-1006,-989,-901,-739,-521,-254,37,322,583,792,945,1019,1012,921,756,529,257,-31,-333,-614,-824,-978,-1062,-1060,-961,-787,-546,-258,56,371,663,897,1054,1132,1110,992,796,532,222,-119,-441,-746,-980,-1128,-1182,-1135,-989,-758,-457,-129,223,547,822,1033,1147,1166,1078,903,653,351,18,-310,-603,-849,-1019,-1099,-1084,-985,-798,-541,-258,54,352,617,828,964,1009,981,869,687,448,175,-100,-366,-606,-782,-893,-930,-885,-769,-594,-376,-140,113,345,543,698,387,249
28854,mtk,MTK 7916,2777157139,rx1-tx1,512,0,0,0,-833,-733,-458,-71,335,664,834,797,569,203,-206,-564,-790,-822,-653,-325,82,462,731,826,707,423,35,-368,-682,-816,-748,-499,-121,287,618,795,776,563,208,-200,-561,-783,-810,-628,-286,137,523,787,855,704,376,-52,-474,-787,-906,-799,-496,-60,405,776,955,906,641,212,-285,-715,-974,-1007,-794,-388,114,601,943,1055,922,561,72,-432,-837,-1042,-994,-708,-262,249,696,975,1012,799,401,-84,-549,-877,-985,-853,-517,-61,406,771,941,879,600,181,-282,-673,-897,-894,-669,-287,170,589,855,903,735,388,-55,-487,-801,-917,-810,-502,-68,384,742,919,866,602,196,-266,-665,0,-914,-707,-328,131,566,870,965,821,479,9,-465,-829,-1003,-940,-644,-180,332,762,1019,1050,824,384,-150,-652,-1012,-1131,-986,-611,-84,470,925,1167,1135,836,341,-240,-767,-1118,-1216,-1026,-590,-16,562,1012,1224,1153,809,272,-321,-849,-1180,-1239,-1009,-540,66,666,1108,1299,1191,801,219,-412,-953,-1277,-1320,-1068,-577,54,670,1134,1348,1259,895,342,-293,-862,-1225,-1318,-1125,-695,-123,473,952,1213,1204,933,474,-73,-593,-965,-1121,-1032,-724,-273,222,649,924,994,849,525,101,-325,-668,-863,-867,-691,-380,2,369,647,794,783,624,355,26,-289,-533,-680,-705,-616,-442,-218,2,185,319,0,0,0,0,0,-214,-116,7,156,306,427,483,464,363,188,-32,-256,-448,-564,-574,-466,-265,-2,271,504,634,635,504,259,-52,-359,-597,-713,-676,-495,-195,157,481,716,798,694,439,85,-305,-633,-824,-846,-677,-351,59,465,773,919,861,604,217,-223,-624,-889,-950,-801,-484,-59,380,733,924,900,673,307,-123,-521,-791,-875,-748,-450,-59,337,648,793,743,531,192,-200,-535,-734,-752,-585,-275,98,444,689,760,647,378,16,-358,-643,-767,-711,-483,-129,257,575,762,774,598,271,-128,-496,-747,-821,-701,-417,-40,351,670,830,792,570,206,-195,-540,-764,-813,-666,-355,38,413,687,791,0,442,90,-288,-607,-767,-733,-528,-187,197,526,726,754,593,287,-97,-450,-690,-767,-653,-373,4,383,668,779,697,453,84,-311,-631,-793,-758,-533,-170,250,607,819,832,638,280,-159,-572,-853,-927,-776,-437,26,490,845,1003,918,615,155,-346,-774,-1028,-1039,-799,-373,146,644,984,1093,952,594,90,-433,-854,-1074,-1041,-762,-311,209,665,964,1035,855,483,2,-460,-801,-945,-862,-573,-154,293,655,841,816,597,240,-173,-537,-754,-779,-604,-282,102,454,690,748,611,318,-55,-410,-659,-744,-642,-381,-16,362,646,770,709,466,104,-280,-600,-777,-764,-558,-217,177,534,764,803,0,0,0,0,0,2,-396,-699,-834,-775,-523,-143,268,616,815,817,619,273,-138,-522,-772,-828,-682,-372,25,418,708,819,731,458,71,-330,-648,-803,-762,-532,-169,239,587,787,790,598,252,-166,-539,-778,-826,-667,-327,97,504,786,877,753,438,3,-447,-790,-942,-864,-563,-127,346,748,976,965,721,293,-207,-654,-956,-1040,-871,-489,22,518,888,1053,961,640,165,-342,-771,-1010,-1005,-759,-328,178,632,927,1000,832,469,-4,-471,-819,-968,-871,-567,-132,335,718,913,883,634,226,-227,-623,-867,-894,-700,-331,127,549,832,916,779,442,-2,-439,-778,-923,-843,-564,-141,323,706,910,895,663,0,-203,-620,-884,-939,-766,-401,69,531,865,987,878,555,88,-408,-816,-1026,-994,-726,-278,249,720,1027,1096,908,495,-40,-576,-982,-1160,-1066,-724,-206,363,856,1152,1185,940,476,-101,-659,-1073,-1232,-1087,-695,-153,437,934,1207,1197,905,403,-208,-773,-1159,-1281,-1108,-669,-74,544,1046,1304,1266,941,401,-236,-836,-1246,-1366,-1181,-735,-137,483,1002,1305,1315,1037,535,-79,-664,-1094,-1281,-1184,-830,-301,275,777,1097,1172,995,609,104,-403,-816,-1035,-1028,-803,-416,47,483,806,941,873,621,251,-156,-518,-764,-847,-754,-512,-176,177,486,693,765,700,512,250,-29,-287,-475,-572,-578,-501,-358,0,0,0,0,0,-243,-335,-390,-385,-318,-193,-16,186,367,497,548,497,349,132,-120,-365,-545,-616,-560,-392,-136,163,440,623,682,596,375,74,-254,-547,-723,-742,-603,-322,41,397,679,822,780,560,209,-193,-563,-825,-902,-775,-477,-71,352,713,918,917,715,361,-79,-505,-815,-941,-860,-588,-189,246,627,859,884,713,385,-24,-420,-714,-826,-745,-495,-125,262,585,769,763,562,238,-141,-491,-715,-758,-615,-324,45,399,659,763,676,428,72,-309,-615,-770,-742,-535,-193,197,539,759,803,651,342,-51,-437,-716,-831,-754,-502,-133,274,612,804,805,615,291,-103,-472,-723,-798,-679,-397,-17,0,646,777,724,493,141,-248,-566,-746,-745,-558,-234,143,487,711,758,616,322,-45,-407,-675,-772,-677,-409,-46,340,647,789,731,487,125,-271,-610,-802,-792,-583,-220,204,590,837,878,701,343,-105,-540,-849,-963,-848,-518,-60,423,817,1022,985,712,263,-256,-717,-1017,-1074,-881,-478,37,547,928,1092,1012,688,196,-327,-771,-1029,-1038,-816,-407,92,562,891,1003,873,540,87,-374,-728,-896,-842,-592,-207,222,586,798,795,597,260,-135,-488,-710,-753,-604,-301,75,431,676,748,626,342,-21,-381,-653,-757,-668,-419,-61,319,617,773,738,512,159,-231,-570,-771,-790,-612,-278,117,0,0
28855,mtk,MTK 7916,2777157139,rx2-tx0,512,0,0,0,-762,-720,-508,-173,201,526,725,755,607,322,-32,-381,-648,-755,-683,-446,-112,238,531,696,693,522,230,-103,-408,-610,-661,-558,-322,-10,295,518,607,550,363,89,-201,-427,-543,-520,-366,-123,140,358,483,481,354,141,-104,-314,-439,-453,-347,-146,92,299,423,435,330,139,-91,-300,-434,-450,-342,-141,102,324,471,492,386,181,-75,-326,-504,-548,-458,-256,14,290,498,589,535,354,83,-212,-455,-592,-590,-441,-183,116,385,562,604,494,263,-19,-295,-515,-603,-542,-348,-71,218,450,575,555,404,153,-133,-379,-530,-550,-441,-225,50,306,483,540,459,263,10,-249,-444,0,-458,-289,-46,209,405,501,476,330,94,-175,-403,-525,-515,-379,-144,136,387,541,568,458,232,-64,-350,-551,-621,-536,-321,-28,288,544,668,631,445,135,-209,-504,-685,-703,-554,-267,99,450,694,783,684,418,42,-353,-670,-842,-823,-603,-235,196,588,853,935,802,472,32,-423,-795,-986,-951,-709,-307,170,608,910,1011,896,584,144,-329,-724,-958,-977,-779,-420,23,455,791,947,884,633,256,-168,-546,-801,-870,-755,-480,-107,276,589,771,787,630,346,0,-332,-586,-713,-687,-522,-260,45,332,544,641,609,465,238,-21,-259,-440,-536,-533,-447,-301,-120,57,194,283,318,0,0,0,0,0,-232,-202,-137,-32,99,231,338,400,390,314,184,7,-185,-348,-453,-472,-401,-244,-32,193,384,503,521,426,236,-4,-251,-447,-548,-541,-416,-187,88,343,532,606,554,371,99,-195,-452,-621,-643,-526,-294,12,319,552,660,624,450,168,-150,-427,-606,-658,-565,-342,-42,266,511,632,607,449,189,-107,-367,-539,-581,-487,-285,-16,246,434,508,468,318,86,-161,-357,-455,-438,-310,-100,135,329,443,439,318,118,-115,-330,-460,-480,-373,-172,78,310,474,523,442,254,-7,-270,-470,-559,-521,-353,-97,186,431,575,578,442,194,-99,-367,-559,-620,-524,-302,-6,295,530,642,0,408,120,-205,-487,-648,-654,-513,-243,87,397,613,685,595,360,33,-297,-556,-688,-655,-462,-157,188,488,667,688,541,266,-67,-394,-622,-694,-597,-359,-29,309,566,681,634,428,118,-223,-509,-670,-670,-500,-200,147,458,656,691,555,285,-59,-396,-632,-715,-624,-379,-41,313,588,718,675,469,147,-213,-516,-692,-703,-540,-246,104,423,639,695,578,324,-10,-341,-582,-676,-607,-377,-55,266,529,660,622,431,132,-197,-476,-639,-645,-487,-211,117,416,609,650,532,282,-44,-353,-578,-661,-583,-356,-32,298,556,684,643,441,130,-216,-515,-691,-697,-537,-251,99,434,670,738,0,0,0,0,0,90,-272,-579,-749,-748,-573,-258,118,463,697,768,661,402,50,-312,-593,-728,-689,-494,-185,165,468,651,678,543,283,-48,-354,-563,-637,-556,-340,-50,249,472,574,538,365,110,-164,-390,-515,-505,-368,-143,117,336,456,460,347,146,-90,-303,-432,-437,-330,-131,99,295,423,441,332,134,-100,-318,-454,-473,-368,-166,89,328,483,519,421,219,-47,-310,-501,-572,-499,-300,-25,258,486,600,571,403,138,-158,-416,-580,-603,-475,-231,63,339,532,597,522,317,31,-259,-482,-583,-542,-374,-116,170,411,547,549,423,190,-92,-348,-511,-544,-443,-242,16,269,459,527,458,275,0,-235,-425,-509,-472,-311,-67,190,399,510,488,348,116,-157,-394,-532,-538,-412,-180,105,371,551,599,501,275,-28,-326,-549,-645,-587,-387,-86,250,527,681,672,497,200,-152,-476,-690,-741,-611,-323,40,397,682,813,745,500,131,-280,-640,-861,-886,-705,-354,88,520,835,967,882,596,170,-297,-709,-964,-1000,-818,-456,8,464,816,993,951,694,288,-177,-602,-886,-971,-848,-540,-120,319,673,877,884,700,375,-27,-421,-707,-833,-783,-573,-240,133,463,688,762,673,446,135,-190,-465,-635,-678,-585,-371,-97,180,417,563,596,521,360,148,-72,-258,-390,-451,-438,-359,-246,-115,0,0,0,0,0,-88,-190,-272,-324,-330,-286,-189,-46,121,282,400,446,414,303,129,-76,-275,-429,-499,-467,-340,-139,99,318,480,540,484,327,89,-180,-407,-549,-583,-487,-280,-2,279,498,618,600,444,189,-111,-393,-592,-660,-582,-377,-88,227,493,644,651,521,269,-52,-350,-566,-657,-596,-401,-121,185,442,587,599,476,249,-31,-300,-480,-543,-480,-302,-56,195,385,478,449,308,94,-140,-341,-447,-430,-306,-106,122,323,445,448,339,132,-114,-329,-472,-500,-399,-202,49,298,480,551,486,299,46,-226,-454,-575,-557,-400,-149,145,403,565,596,481,246,-46,-335,-545,-627,-559,-353,-57,0,514,644,627,460,178,-149,-439,-631,-677,-558,-305,24,349,587,692,630,408,90,-247,-528,-683,-675,-505,-218,127,439,643,688,567,312,-20,-351,-597,-695,-624,-397,-76,263,542,685,654,460,157,-187,-482,-660,-682,-536,-254,97,422,644,709,598,334,-13,-352,-610,-718,-652,-428,-92,264,548,701,689,507,196,-161,-472,-671,-705,-565,-285,58,381,606,684,591,352,27,-305,-556,-671,-616,-407,-106,227,502,649,635,463,173,-158,-448,-625,-648,-507,-236,91,395,600,660,558,317,0,-328,-573,-674,-613,-400,-86,255,533,685,671,493,191,-165,-483,-680,-725,-593,-314,46,0,0
28856,mtk,MTK 7916,2777157139,rx2-tx1,512,0,0,0,628,505,266,-29,-323,-552,-651,-600,-406,-115,197,468,638,660,527,272,-55,-364,-586,-675,-606,-396,-95,229,506,665,660,500,217,-113,-411,-615,-680,-584,-350,-25,315,578,704,670,482,178,-168,-478,-676,-717,-597,-344,-13,319,582,709,667,478,189,-145,-439,-627,-666,-550,-313,-5,296,523,621,575,400,145,-141,-396,-544,-548,-435,-225,38,276,446,512,451,288,64,-170,-350,-442,-429,-318,-133,69,252,371,393,319,171,-9,-185,-313,-351,-309,-202,-46,119,247,302,285,205,77,-64,-190,-269,-274,-214,-105,24,133,211,240,198,116,8,-97,-172,-203,-190,-122,-24,0,141,185,170,117,41,-54,-138,-180,-167,-119,-48,38,118,162,177,152,82,-3,-81,-138,-161,-146,-96,-28,44,100,127,119,92,47,-8,-44,-71,-76,-58,-24,5,26,35,24,-7,-35,-50,-51,-30,2,37,89,128,131,104,40,-44,-125,-195,-226,-202,-134,-28,88,190,268,291,243,139,8,-131,-247,-317,-322,-261,-136,22,173,286,339,325,241,91,-70,-208,-310,-351,-313,-212,-66,97,235,315,326,275,162,8,-139,-253,-316,-309,-240,-122,21,155,253,299,275,199,91,-32,-144,-228,-268,-253,-197,-99,10,113,187,223,225,199,139,60,-17,-77,-118,-137,0,0,0,0,0,49,6,-43,-99,-150,-181,-189,-169,-119,-45,41,131,198,231,227,182,93,-6,-110,-206,-255,-253,-202,-112,2,118,208,262,260,203,105,-22,-144,-238,-283,-261,-191,-89,33,156,246,279,245,173,68,-58,-172,-240,-252,-219,-147,-41,81,171,211,202,154,80,-2,-90,-150,-171,-145,-93,-28,36,90,111,92,58,20,-28,-60,-60,-35,1,36,61,72,61,23,-35,-97,-134,-134,-96,-37,45,123,183,211,181,104,-2,-114,-210,-257,-251,-184,-72,57,186,280,312,278,172,11,-151,-288,-367,-357,-272,-124,65,245,373,422,361,230,40,-163,-335,-438,-439,-337,0,54,262,416,480,428,285,71,-168,-371,-490,-502,-394,-192,48,283,457,523,473,313,74,-175,-387,-519,-523,-402,-200,57,296,463,523,465,295,51,-196,-395,-504,-492,-367,-160,91,323,473,512,427,242,2,-237,-421,-500,-463,-319,-94,147,349,463,468,360,169,-56,-271,-409,-441,-381,-228,-19,188,336,408,382,256,66,-133,-292,-372,-360,-255,-93,97,261,352,349,258,99,-85,-244,-336,-343,-264,-119,62,233,339,352,279,129,-57,-231,-356,-391,-321,-170,32,234,386,446,389,237,26,-202,-397,-502,-488,-350,-126,132,372,537,568,476,272,-5,-285,-501,-603,-566,0,0,0,0,0,102,387,587,648,559,349,50,-267,-522,-656,-641,-479,-200,121,418,618,672,564,331,19,-293,-542,-663,-631,-445,-151,180,463,640,669,537,276,-50,-363,-599,-700,-632,-415,-101,237,523,694,702,539,254,-85,-404,-636,-725,-643,-418,-101,240,520,671,675,518,239,-83,-382,-588,-652,-568,-362,-78,221,462,586,570,424,181,-92,-336,-495,-538,-456,-273,-31,215,397,473,436,297,96,-113,-296,-406,-412,-317,-158,38,223,339,369,314,188,18,-153,-280,-331,-309,-212,-65,91,217,284,284,214,94,-36,-154,-237,-255,-208,-110,6,113,190,219,189,117,17,-81,-152,-188,0,-107,-27,64,139,170,164,128,50,-44,-127,-173,-173,-131,-65,10,82,147,168,146,96,20,-60,-108,-133,-133,-97,-43,14,67,96,104,81,37,0,-29,-47,-50,-33,-7,21,31,26,5,-28,-60,-83,-87,-65,-15,51,115,164,186,157,82,-10,-114,-202,-246,-245,-197,-99,32,165,272,311,279,199,72,-77,-213,-306,-337,-296,-186,-45,112,249,330,338,269,141,-12,-160,-274,-336,-321,-242,-107,47,192,288,328,300,208,67,-81,-200,-284,-306,-269,-175,-40,92,205,268,278,235,147,35,-83,-183,-240,-252,-225,-159,-65,27,109,170,194,188,158,113,55,0,0,0,0,0,107,138,144,129,90,32,-42,-112,-170,-211,-218,-184,-120,-35,66,163,230,253,227,158,59,-55,-160,-235,-266,-239,-161,-51,72,181,254,275,236,152,41,-89,-201,-267,-281,-237,-144,-24,99,208,267,264,208,112,-11,-119,-202,-240,-221,-160,-66,37,120,174,185,157,95,11,-72,-130,-142,-118,-73,-19,36,75,87,64,24,-9,-41,-65,-59,-32,14,67,93,90,71,28,-46,-118,-155,-159,-136,-70,25,123,196,233,217,148,41,-86,-201,-277,-289,-236,-130,19,174,292,351,332,224,63,-114,-274,-378,-394,-325,-182,1,202,369,436,401,282,104,-111,-310,0,-463,-397,-222,6,223,402,495,473,340,131,-115,-336,-481,-514,-434,-260,-18,230,421,520,502,360,133,-112,-333,-485,-521,-433,-242,-1,244,432,517,480,330,105,-142,-356,-492,-511,-403,-198,48,284,452,507,446,280,50,-190,-380,-489,-485,-355,-139,95,299,435,463,372,198,-26,-234,-372,-424,-382,-238,-37,165,320,397,368,253,82,-106,-272,-366,-357,-256,-97,86,250,339,337,252,109,-61,-230,-338,-350,-268,-121,62,233,339,360,296,151,-47,-245,-378,-415,-355,-202,12,226,396,477,437,293,77,-172,-387,-514,-528,-417,-201,69,325,512,590,526,336,67,-221,0,0
28857,mtk,MTK 7916,2777187856,rx0-tx0,512,0,0,0,0,0,0,0,0,0,0,0,0,0,0,0,0,0,0,0,0,0,0,0,0,0,0,0,0,0,0,0,0,0,0,0,0,0,0,0,0,0,0,0,0,0,0,0,0,0,0,0,0,0,0,0,0,0,0,0,0,0,0,0,0,0,0,0,0,0,0,0,0,0,0,0,0,0,0,0,0,0,0,0,0,0,0,0,0,0,0,0,0,0,0,0,0,0,0,0,0,0,0,0,0,0,0,0,0,0,0,0,0,0,0,0,0,0,0,0,0,0,0,0,0,0,0,0,0,0,0,0,0,0,0,0,0,0,0,0,0,0,0,0,0,0,0,0,0,0,0,0,0,0,0,0,0,0,0,0,0,0,0,0,0,0,0,0,0,0,0,0,0,0,0,0,0,0,0,0,0,0,0,0,0,0,0,0,0,0,0,0,0,0,0,0,0,0,0,0,0,0,0,0,0,0,0,0,0,0,0,0,0,0,0,0,0,0,0,0,0,0,0,0,0,0,0,0,0,0,0,0,0,0,0,0,0,0,0,0,0,0,0,0,0,0,0,0,0,0,0,0,0,0,0,0,0,-273,953,846,-241,-199,-87,55,195,312,386,409,373,312,215,92,-37,-169,-292,-395,-470,-513,-511,-469,-385,-272,-125,39,214,382,522,627,687,697,648,550,409,231,30,-177,-377,-551,-684,-768,-804,-778,-698,-564,-410,-222,-19,184,378,550,688,785,833,831,785,690,555,377,181,-34,-264,-457,-645,-794,-896,-949,-930,-868,-744,-563,-352,-116,133,370,591,778,919,1006,1022,971,860,701,485,248,-2,-261,-493,-687,-836,-934,-974,-959,-881,-743,-569,-364,-140,77,280,467,619,728,798,830,803,739,649,511,351,188,15,-155,-309,-454,-573,-663,-722,-735,-721,-664,-584,-477,-335,-172,-1,-1687,351,496,625,723,779,798,767,694,588,450,286,103,-89,-271,-453,-601,-723,-811,-857,-850,-802,-724,-598,-436,-248,-33,193,405,605,783,920,1011,1039,1015,926,780,581,331,53,-227,-503,-765,-982,-1138,-1219,-1226,-1152,-1016,-803,-534,-239,86,410,703,967,1155,1276,1315,1264,1127,920,657,357,31,-295,-596,-868,-1081,-1222,-1282,-1258,-1155,-971,-728,-442,-128,194,503,776,998,1154,1237,1229,1143,975,734,453,136,-194,-499,-774,-997,-1133,-1193,-1161,-1030,-833,-576,-282,25,330,598,815,965,1041,1031,935,777,569,320,48,-230,-489,-708,-871,-968,-983,-888,-692,-411,-65,312,632,836,876,760,899,0,0,0,0,0,0,0,0,0,0,0,0,0,0,0,0,0,0,0,0,0,0,0,0,0,0,0,0,0,0,0,0,0,0,0,0,0,0,0,0,0,0,0,0,0,0,0,0,0,0,0,0,0,0,0,0,0,0,0,0,0,0,0,0,0,0,0,0,0,0,0,0,0,0,0,0,0,0,0,0,0,0,0,0,0,0,0,0,0,0,0,0,0,0,0,0,0,0,0,0,0,0,0,0,0,0,0,0,0,0,0,0,0,0,0,0,0,0,0,0,0,0,0,0,0,0,0,0,0,0,0,0,0,0,0,0,0,0,0,0,0,0,0,0,0,0,0,0,0,0,0,0,0,0,0,0,0,0,0,0,0,0,0,0,0,0,0,0,0,0,0,0,0,0,0,0,0,0,0,0,0,0,0,0,0,0,0,0,0,0,0,0,0,0,0,0,0,0,0,0,0,0,0,0,0,0,0,0,0,0,0,0,0,0,0,0,0,0,0,0,0,0,0,0,0,0,0,0,0,0,0,0,0,0,0,0,0,0,0,0,0,0,0,0,0,0,0,0,0,0,0,0,0,0,0,0,-1322,-212,-477,113,233,326,355,321,230,109,-34,-167,-280,-377,-432,-452,-431,-376,-283,-170,-32,115,261,395,504,582,607,592,522,407,254,73,-121,-312,-479,-621,-715,-762,-748,-679,-559,-388,-200,5,213,409,572,698,786,814,796,729,618,464,289,93,-117,-315,-510,-670,-790,-864,-893,-857,-775,-653,-478,-276,-44,193,422,636,806,923,991,992,931,815,642,434,193,-63,-315,-542,-746,-900,-984,-1020,-984,-879,-730,-533,-308,-68,173,395,587,741,855,911,902,848,743,597,432,249,54,-143,-308,-465,-606,-693,-750,-769,-743,-681,-594,-472,-336,-178,-11,155,316,451,577,680,739,759,-175,682,589,473,317,146,-40,-226,-399,-549,-676,-765,-817,-819,-787,-704,-583,-437,-262,-69,131,319,500,667,791,884,932,924,869,764,610,417,184,-62,-315,-555,-765,-946,-1077,-1139,-1134,-1065,-918,-705,-439,-149,159,456,739,983,1154,1256,1284,1219,1083,875,604,305,-30,-357,-660,-917,-1120,-1252,-1304,-1264,-1150,-960,-707,-410,-86,235,546,815,1031,1182,1258,1251,1153,983,751,474,156,-174,-484,-762,-983,-1138,-1224,-1210,-1110,-937,-684,-386,-71,257,552,798,987,1095,1119,1052,904,694,439,161,-127,-401,-634,-815,-932,-978,-952,-842,-663,-428,-152,155,461,723,914,1002,949,742,418,91,591,348
28858,mtk,MTK 7916,2777187856,rx0-tx1,512,0,0,0,0,0,0,0,0,0,0,0,0,0,0,0,0,0,0,0,0,0,0,0,0,0,0,0,0,0,0,0,0,0,0,0,0,0,0,0,0,0,0,0,0,0,0,0,0,0,0,0,0,0,0,0,0,0,0,0,0,0,0,0,0,0,0,0,0,0,0,0,0,0,0,0,0,0,0,0,0,0,0,0,0,0,0,0,0,0,0,0,0,0,0,0,0,0,0,0,0,0,0,0,0,0,0,0,0,0,0,0,0,0,0,0,0,0,0,0,0,0,0,0,0,0,0,0,0,0,0,0,0,0,0,0,0,0,0,0,0,0,0,0,0,0,0,0,0,0,0,0,0,0,0,0,0,0,0,0,0,0,0,0,0,0,0,0,0,0,0,0,0,0,0,0,0,0,0,0,0,0,0,0,0,0,0,0,0,0,0,0,0,0,0,0,0,0,0,0,0,0,0,0,0,0,0,0,0,0,0,0,0,0,0,0,0,0,0,0,0,0,0,0,0,0,0,0,0,0,0,0,0,0,0,0,0,0,0,0,0,0,0,0,0,0,0,0,0,0,0,0,0,0,0,0,0,-730,-262,-267,114,4,-146,-279,-368,-395,-364,-283,-166,-32,110,247,359,443,492,497,467,389,270,126,-36,-204,-362,-496,-600,-652,-663,-627,-532,-391,-213,-23,181,372,550,692,783,829,813,738,617,447,246,13,-221,-453,-654,-810,-927,-991,-982,-908,-773,-584,-363,-102,166,426,664,869,1016,1099,1114,1067,958,768,533,268,-26,-318,-591,-838,-1025,-1157,-1229,-1212,-1133,-991,-781,-502,-208,108,430,708,959,1159,1277,1328,1298,1181,996,745,455,127,-211,-542,-839,-1078,-1262,-1364,-1370,-1313,-1171,-955,-683,-366,-34,303,630,911,1132,1283,1371,1362,1278,1120,897,621,310,-20,-339,-648,-914,-1121,-1280,-546,-1348,-1260,-1115,-893,-634,-327,-2,323,640,915,1133,1297,1379,1393,1323,1173,952,676,355,3,-348,-686,-990,-1229,-1398,-1476,-1471,-1376,-1191,-943,-629,-267,101,470,804,1090,1306,1441,1486,1445,1323,1107,828,500,152,-203,-544,-851,-1105,-1288,-1393,-1412,-1346,-1211,-998,-715,-407,-76,258,575,854,1083,1253,1344,1355,1280,1125,900,619,303,-32,-376,-691,-963,-1174,-1310,-1359,-1314,-1183,-966,-691,-369,-13,337,659,937,1147,1276,1309,1240,1080,849,551,217,-130,-454,-735,-961,-1101,-1150,-1104,-975,-779,-528,-248,42,320,554,743,875,928,910,821,673,464,212,-64,-344,-596,-790,-886,-865,-713,-445,-167,-148,-198,0,0,0,0,0,0,0,0,0,0,0,0,0,0,0,0,0,0,0,0,0,0,0,0,0,0,0,0,0,0,0,0,0,0,0,0,0,0,0,0,0,0,0,0,0,0,0,0,0,0,0,0,0,0,0,0,0,0,0,0,0,0,0,0,0,0,0,0,0,0,0,0,0,0,0,0,0,0,0,0,0,0,0,0,0,0,0,0,0,0,0,0,0,0,0,0,0,0,0,0,0,0,0,0,0,0,0,0,0,0,0,0,0,0,0,0,0,0,0,0,0,0,0,0,0,0,0,0,0,0,0,0,0,0,0,0,0,0,0,0,0,0,0,0,0,0,0,0,0,0,0,0,0,0,0,0,0,0,0,0,0,0,0,0,0,0,0,0,0,0,0,0,0,0,0,0,0,0,0,0,0,0,0,0,0,0,0,0,0,0,0,0,0,0,0,0,0,0,0,0,0,0,0,0,0,0,0,0,0,0,0,0,0,0,0,0,0,0,0,0,0,0,0,0,0,0,0,0,0,0,0,0,0,0,0,0,0,0,0,0,0,0,0,0,0,0,0,0,0,0,0,0,0,0,0,0,-128,-56,21,-229,-297,-299,-230,-109,39,184,308,393,435,438,389,303,187,48,-95,-240,-374,-480,-551,-579,-561,-495,-390,-244,-70,111,299,468,605,699,744,740,678,569,408,217,10,-214,-425,-613,-761,-860,-907,-897,-825,-686,-503,-292,-49,206,452,667,844,977,1052,1058,992,868,680,438,171,-110,-382,-642,-863,-1021,-1135,-1178,-1147,-1048,-881,-651,-383,-85,222,505,769,1000,1164,1250,1281,1222,1084,894,628,328,13,-320,-627,-907,-1130,-1282,-1358,-1348,-1259,-1088,-861,-576,-247,95,427,742,1007,1210,1336,1383,1350,1233,1042,781,497,169,-171,-487,-786,-1030,-1216,-1329,-1357,-1317,-1199,-1003,-759,-476,1197,185,495,783,1027,1211,1334,1369,1335,1225,1037,795,503,178,-154,-493,-798,-1062,-1263,-1396,-1444,-1407,-1291,-1094,-827,-497,-145,225,585,907,1174,1376,1482,1497,1432,1274,1037,739,394,27,-332,-680,-983,-1214,-1375,-1450,-1443,-1340,-1162,-917,-620,-293,62,399,709,986,1191,1325,1383,1362,1246,1058,813,523,204,-133,-457,-760,-1013,-1201,-1323,-1356,-1303,-1159,-947,-674,-358,-15,328,656,937,1151,1290,1341,1291,1153,933,651,323,-31,-381,-694,-953,-1140,-1239,-1237,-1138,-959,-708,-411,-88,233,520,760,928,1017,1026,947,803,611,372,113,-149,-392,-607,-776,-879,-903,-839,-685,-447,-147,185,488,693,756,-208,-168
28859,mtk,MTK 7916,2777187856,rx1-tx0,512,0,0,0,0,0,0,0,0,0,0,0,0,0,0,0,0,0,0,0,0,0,0,0,0,0,0,0,0,0,0,0,0,0,0,0,0,0,0,0,0,0,0,0,0,0,0,0,0,0,0,0,0,0,0,0,0,0,0,0,0,0,0,0,0,0,0,0,0,0,0,0,0,0,0,0,0,0,0,0,0,0,0,0,0,0,0,0,0,0,0,0,0,0,0,0,0,0,0,0,0,0,0,0,0,0,0,0,0,0,0,0,0,0,0,0,0,0,0,0,0,0,0,0,0,0,0,0,0,0,0,0,0,0,0,0,0,0,0,0,0,0,0,0,0,0,0,0,0,0,0,0,0,0,0,0,0,0,0,0,0,0,0,0,0,0,0,0,0,0,0,0,0,0,0,0,0,0,0,0,0,0,0,0,0,0,0,0,0,0,0,0,0,0,0,0,0,0,0,0,0,0,0,0,0,0,0,0,0,0,0,0,0,0,0,0,0,0,0,0,0,0,0,0,0,0,0,0,0,0,0,0,0,0,0,0,0,0,0,0,0,0,0,0,0,0,0,0,0,0,0,0,0,0,0,0,0,146,208,-89,98,152,184,166,107,29,-58,-134,-184,-214,-225,-206,-162,-103,-26,47,129,192,227,249,249,218,166,110,31,-44,-113,-181,-216,-242,-247,-225,-191,-138,-66,0,57,105,143,170,182,182,167,145,111,71,34,-9,-52,-70,-85,-96,-94,-91,-90,-79,-66,-54,-39,-38,-32,-24,-29,-29,-14,2,13,24,46,74,104,132,150,163,169,152,131,97,53,-12,-83,-149,-215,-274,-309,-304,-303,-269,-203,-120,-19,79,175,269,333,380,401,388,348,274,184,90,-28,-143,-241,-323,-376,-406,-406,-386,-338,-256,-161,-56,48,153,245,319,375,401,397,368,320,245,158,-144,-51,-143,-235,-313,-364,-393,-394,-363,-310,-236,-148,-52,51,143,218,287,339,353,349,312,258,197,121,39,-43,-119,-191,-243,-282,-293,-282,-264,-226,-176,-111,-51,13,79,130,181,214,230,230,217,200,159,113,62,2,-45,-95,-139,-169,-183,-187,-184,-163,-135,-99,-60,-19,27,72,105,130,140,143,146,138,118,92,62,32,1,-31,-65,-90,-106,-114,-125,-126,-116,-102,-83,-64,-25,14,39,76,105,125,134,130,127,109,76,35,-7,-48,-76,-115,-141,-142,-135,-118,-90,-50,-8,34,69,104,129,125,115,103,80,41,-5,-43,-78,-104,-107,-98,-71,-37,912,724,0,0,0,0,0,0,0,0,0,0,0,0,0,0,0,0,0,0,0,0,0,0,0,0,0,0,0,0,0,0,0,0,0,0,0,0,0,0,0,0,0,0,0,0,0,0,0,0,0,0,0,0,0,0,0,0,0,0,0,0,0,0,0,0,0,0,0,0,0,0,0,0,0,0,0,0,0,0,0,0,0,0,0,0,0,0,0,0,0,0,0,0,0,0,0,0,0,0,0,0,0,0,0,0,0,0,0,0,0,0,0,0,0,0,0,0,0,0,0,0,0,0,0,0,0,0,0,0,0,0,0,0,0,0,0,0,0,0,0,0,0,0,0,0,0,0,0,0,0,0,0,0,0,0,0,0,0,0,0,0,0,0,0,0,0,0,0,0,0,0,0,0,0,0,0,0,0,0,0,0,0,0,0,0,0,0,0,0,0,0,0,0,0,0,0,0,0,0,0,0,0,0,0,0,0,0,0,0,0,0,0,0,0,0,0,0,0,0,0,0,0,0,0,0,0,0,0,0,0,0,0,0,0,0,0,0,0,0,0,0,0,0,0,0,0,0,0,0,0,0,0,0,0,0,0,0,206,-1022,-1031,106,58,-21,-111,-175,-211,-211,-170,-110,-43,29,105,165,211,232,229,209,159,99,32,-54,-130,-186,-230,-255,-250,-228,-181,-121,-56,18,85,146,193,220,223,208,183,142,94,43,-10,-55,-92,-127,-151,-154,-150,-121,-92,-76,-50,-28,-12,9,26,37,44,39,37,45,41,43,60,76,77,75,83,87,87,74,53,24,-12,-62,-110,-153,-189,-226,-245,-238,-218,-181,-123,-35,47,126,219,288,335,352,346,330,272,195,103,-9,-117,-219,-305,-360,-403,-418,-392,-337,-260,-165,-63,40,139,240,316,374,401,401,377,326,256,162,54,-51,-143,-237,-316,-365,147,-390,-362,-319,-245,-157,-55,51,154,238,306,347,366,362,331,281,221,132,40,-51,-143,-209,-267,-309,-325,-317,-287,-240,-182,-110,-32,41,104,167,216,247,253,253,234,202,164,107,47,-9,-56,-109,-156,-186,-213,-217,-208,-190,-153,-109,-59,-15,36,85,123,153,165,172,169,149,121,87,55,25,-10,-49,-81,-103,-116,-123,-127,-124,-113,-96,-72,-48,-19,13,44,69,97,118,134,122,116,107,79,46,9,-24,-53,-86,-112,-132,-141,-134,-118,-94,-48,-1,35,71,102,121,134,127,108,87,45,4,-32,-68,-100,-125,-126,-112,-94,-50,-4,39,74,87,-526,-758
28860,mtk,MTK 7916,2777187856,rx1-tx1,512,0,0,0,0,0,0,0,0,0,0,0,0,0,0,0,0,0,0,0,0,0,0,0,0,0,0,0,0,0,0,0,0,0,0,0,0,0,0,0,0,0,0,0,0,0,0,0,0,0,0,0,0,0,0,0,0,0,0,0,0,0,0,0,0,0,0,0,0,0,0,0,0,0,0,0,0,0,0,0,0,0,0,0,0,0,0,0,0,0,0,0,0,0,0,0,0,0,0,0,0,0,0,0,0,0,0,0,0,0,0,0,0,0,0,0,0,0,0,0,0,0,0,0,0,0,0,0,0,0,0,0,0,0,0,0,0,0,0,0,0,0,0,0,0,0,0,0,0,0,0,0,0,0,0,0,0,0,0,0,0,0,0,0,0,0,0,0,0,0,0,0,0,0,0,0,0,0,0,0,0,0,0,0,0,0,0,0,0,0,0,0,0,0,0,0,0,0,0,0,0,0,0,0,0,0,0,0,0,0,0,0,0,0,0,0,0,0,0,0,0,0,0,0,0,0,0,0,0,0,0,0,0,0,0,0,0,0,0,0,0,0,0,0,0,0,0,0,0,0,0,0,0,0,0,0,0,-411,-957,-814,2,7,13,17,17,17,15,11,-4,-13,-16,-21,-29,-25,-13,-2,8,22,35,35,26,14,3,-16,-36,-45,-39,-26,-13,11,34,46,47,35,21,-2,-27,-50,-57,-44,-26,-3,20,45,50,46,29,1,-28,-50,-52,-47,-27,3,37,57,55,43,21,-20,-52,-61,-54,-36,-4,41,69,74,68,48,7,-40,-71,-86,-81,-56,-3,56,98,113,96,55,-5,-62,-98,-115,-101,-54,9,72,121,132,103,50,-15,-85,-130,-139,-114,-53,29,104,152,164,124,48,-41,-118,-172,-187,-148,-62,40,126,185,205,171,85,-27,-138,-216,-241,-204,-118,-11,0,205,247,223,147,33,-92,-198,-252,-240,-171,-67,54,165,230,240,197,108,-8,-110,-186,-221,-203,-135,-39,54,137,184,189,150,83,5,-64,-121,-150,-141,-106,-59,2,63,108,132,129,99,53,2,-51,-96,-121,-117,-100,-58,6,72,118,147,150,118,53,-29,-111,-174,-185,-152,-84,3,105,190,229,209,137,32,-87,-190,-258,-264,-208,-97,46,185,278,307,269,162,9,-144,-274,-344,-329,-237,-93,71,227,330,357,298,176,16,-145,-278,-345,-329,-234,-94,58,198,290,307,253,144,10,-129,-239,-286,-267,-187,-70,64,183,271,306,282,207,105,4,-96,-920,-1008,0,0,0,0,0,0,0,0,0,0,0,0,0,0,0,0,0,0,0,0,0,0,0,0,0,0,0,0,0,0,0,0,0,0,0,0,0,0,0,0,0,0,0,0,0,0,0,0,0,0,0,0,0,0,0,0,0,0,0,0,0,0,0,0,0,0,0,0,0,0,0,0,0,0,0,0,0,0,0,0,0,0,0,0,0,0,0,0,0,0,0,0,0,0,0,0,0,0,0,0,0,0,0,0,0,0,0,0,0,0,0,0,0,0,0,0,0,0,0,0,0,0,0,0,0,0,0,0,0,0,0,0,0,0,0,0,0,0,0,0,0,0,0,0,0,0,0,0,0,0,0,0,0,0,0,0,0,0,0,0,0,0,0,0,0,0,0,0,0,0,0,0,0,0,0,0,0,0,0,0,0,0,0,0,0,0,0,0,0,0,0,0,0,0,0,0,0,0,0,0,0,0,0,0,0,0,0,0,0,0,0,0,0,0,0,0,0,0,0,0,0,0,0,0,0,0,0,0,0,0,0,0,0,0,0,0,0,0,0,0,0,0,0,0,0,0,0,0,0,0,0,0,0,0,0,0,-92,404,668,-2,-8,-6,-4,0,7,14,17,18,23,22,7,-6,-17,-26,-29,-27,-19,-10,1,18,34,41,37,23,0,-21,-39,-46,-42,-33,-13,10,34,41,45,42,20,-7,-31,-49,-57,-47,-22,5,29,44,55,51,33,-3,-35,-57,-63,-46,-17,6,32,49,53,37,10,-26,-58,-75,-65,-37,-1,38,70,81,74,48,-1,-48,-80,-96,-93,-57,-2,54,98,116,99,54,-3,-63,-105,-115,-98,-53,13,78,118,130,112,56,-21,-94,-146,-155,-122,-53,34,108,158,168,133,60,-41,-131,-183,-195,-154,-72,32,132,203,221,185,101,-13,-129,-208,-239,0,-142,-23,105,206,252,231,158,49,-72,-181,-242,-241,-182,-85,27,129,206,234,207,127,19,-83,-158,-201,-195,-147,-68,22,101,152,171,152,95,28,-34,-95,-132,-134,-112,-74,-25,32,81,111,121,109,75,24,-29,-81,-124,-142,-126,-82,-21,45,107,147,157,132,70,-21,-108,-171,-198,-174,-107,-5,97,187,242,238,162,54,-71,-191,-268,-286,-242,-132,22,169,278,328,301,199,55,-117,-261,-345,-347,-275,-137,33,194,304,352,321,213,57,-107,-239,-313,-316,-248,-123,28,165,258,288,253,162,35,-103,-216,-279,-289,-238,-129,-2,119,218,278,285,249,-442,-169
28861,mtk,MTK 7916,2777187856,rx2-tx0,512,0,0,0,0,0,0,0,0,0,0,0,0,0,0,0,0,0,0,0,0,0,0,0,0,0,0,0,0,0,0,0,0,0,0,0,0,0,0,0,0,0,0,0,0,0,0,0,0,0,0,0,0,0,0,0,0,0,0,0,0,0,0,0,0,0,0,0,0,0,0,0,0,0,0,0,0,0,0,0,0,0,0,0,0,0,0,0,0,0,0,0,0,0,0,0,0,0,0,0,0,0,0,0,0,0,0,0,0,0,0,0,0,0,0,0,0,0,0,0,0,0,0,0,0,0,0,0,0,0,0,0,0,0,0,0,0,0,0,0,0,0,0,0,0,0,0,0,0,0,0,0,0,0,0,0,0,0,0,0,0,0,0,0,0,0,0,0,0,0,0,0,0,0,0,0,0,0,0,0,0,0,0,0,0,0,0,0,0,0,0,0,0,0,0,0,0,0,0,0,0,0,0,0,0,0,0,0,0,0,0,0,0,0,0,0,0,0,0,0,0,0,0,0,0,0,0,0,0,0,0,0,0,0,0,0,0,0,0,0,0,0,0,0,0,0,0,0,0,0,0,0,0,0,0,0,0,-136,-390,-57,39,28,15,-8,-33,-54,-70,-77,-73,-58,-30,8,47,80,100,100,78,40,-12,-71,-119,-142,-143,-111,-48,30,104,166,192,180,131,41,-66,-162,-231,-250,-208,-119,-1,122,229,285,283,214,83,-75,-214,-311,-336,-275,-141,25,191,318,368,323,196,20,-165,-315,-392,-360,-237,-56,146,318,404,390,273,81,-141,-325,-427,-418,-301,-101,128,326,447,452,331,122,-116,-334,-472,-488,-379,-166,89,322,476,510,410,205,-56,-300,-464,-511,-428,-232,22,266,437,498,429,250,8,-228,-404,-474,-418,-252,-17,211,377,447,403,252,33,-194,-368,-435,-385,-235,-19,0,361,428,382,237,34,-182,-357,-432,-392,-255,-53,163,339,429,406,282,85,-141,-326,-423,-422,-316,-128,93,287,414,442,360,188,-29,-242,-391,-449,-403,-261,-57,156,335,438,436,333,154,-58,-252,-387,-438,-385,-243,-51,145,313,408,411,318,156,-35,-214,-340,-388,-350,-231,-58,120,267,352,352,265,121,-48,-198,-303,-334,-281,-162,-9,145,256,304,283,191,46,-104,-225,-291,-286,-207,-79,69,199,276,285,227,111,-36,-170,-265,-302,-266,-165,-21,125,239,301,296,221,94,-54,-188,-280,-312,-274,-178,-46,97,226,305,325,288,197,75,-59,-176,-258,-292,-286,-1112,-941,0,0,0,0,0,0,0,0,0,0,0,0,0,0,0,0,0,0,0,0,0,0,0,0,0,0,0,0,0,0,0,0,0,0,0,0,0,0,0,0,0,0,0,0,0,0,0,0,0,0,0,0,0,0,0,0,0,0,0,0,0,0,0,0,0,0,0,0,0,0,0,0,0,0,0,0,0,0,0,0,0,0,0,0,0,0,0,0,0,0,0,0,0,0,0,0,0,0,0,0,0,0,0,0,0,0,0,0,0,0,0,0,0,0,0,0,0,0,0,0,0,0,0,0,0,0,0,0,0,0,0,0,0,0,0,0,0,0,0,0,0,0,0,0,0,0,0,0,0,0,0,0,0,0,0,0,0,0,0,0,0,0,0,0,0,0,0,0,0,0,0,0,0,0,0,0,0,0,0,0,0,0,0,0,0,0,0,0,0,0,0,0,0,0,0,0,0,0,0,0,0,0,0,0,0,0,0,0,0,0,0,0,0,0,0,0,0,0,0,0,0,0,0,0,0,0,0,0,0,0,0,0,0,0,0,0,0,0,0,0,0,0,0,0,0,0,0,0,0,0,0,0,0,0,0,0,1335,1093,1145,35,52,63,66,63,52,30,-2,-36,-65,-82,-85,-77,-55,-16,34,78,111,123,109,71,16,-52,-113,-151,-162,-143,-83,-1,86,165,215,220,173,83,-34,-151,-237,-272,-249,-168,-42,103,227,305,311,242,114,-44,-201,-312,-343,-296,-174,0,180,318,377,340,212,33,-154,-312,-393,-371,-257,-71,138,320,418,403,283,90,-133,-329,-439,-435,-315,-109,129,336,462,466,351,148,-104,-333,-472,-493,-390,-179,76,312,471,516,426,225,-32,-286,-459,-505,-431,-253,-1,248,422,483,424,255,17,-218,-395,-463,-408,-245,-23,205,372,442,393,238,24,-194,-361,-433,0,-243,-34,181,347,427,392,244,35,-177,-342,-423,-397,-265,-62,151,328,421,408,292,104,-114,-306,-423,-434,-333,-152,64,269,404,444,378,224,14,-191,-355,-442,-424,-298,-103,114,302,415,439,364,203,-2,-200,-355,-428,-404,-283,-106,93,268,384,404,336,193,10,-173,-315,-375,-347,-244,-90,84,237,333,346,274,140,-20,-172,-282,-324,-286,-182,-35,121,244,302,286,201,65,-86,-213,-286,-286,-216,-95,51,188,276,297,242,131,-8,-146,-254,-301,-282,-188,-53,91,219,297,304,245,134,-4,-148,-263,-316,-301,-228,-111,28,163,269,327,330,279,191,89,-30,400,704
28862,mtk,MTK 7916,2777187856,rx2-tx1,512,0,0,0,0,0,0,0,0,0,0,0,0,0,0,0,0,0,0,0,0,0,0,0,0,0,0,0,0,0,0,0,0,0,0,0,0,0,0,0,0,0,0,0,0,0,0,0,0,0,0,0,0,0,0,0,0,0,0,0,0,0,0,0,0,0,0,0,0,0,0,0,0,0,0,0,0,0,0,0,0,0,0,0,0,0,0,0,0,0,0,0,0,0,0,0,0,0,0,0,0,0,0,0,0,0,0,0,0,0,0,0,0,0,0,0,0,0,0,0,0,0,0,0,0,0,0,0,0,0,0,0,0,0,0,0,0,0,0,0,0,0,0,0,0,0,0,0,0,0,0,0,0,0,0,0,0,0,0,0,0,0,0,0,0,0,0,0,0,0,0,0,0,0,0,0,0,0,0,0,0,0,0,0,0,0,0,0,0,0,0,0,0,0,0,0,0,0,0,0,0,0,0,0,0,0,0,0,0,0,0,0,0,0,0,0,0,0,0,0,0,0,0,0,0,0,0,0,0,0,0,0,0,0,0,0,0,0,0,0,0,0,0,0,0,0,0,0,0,0,0,0,0,0,0,0,0,236,881,947,42,30,9,-15,-40,-66,-78,-76,-63,-39,0,32,58,73,70,44,11,-28,-65,-80,-76,-50,-8,42,77,85,74,46,0,-50,-93,-114,-106,-65,-1,65,118,140,125,77,3,-81,-152,-181,-161,-90,9,101,181,217,186,100,-15,-129,-219,-252,-222,-132,12,154,259,302,266,158,0,-164,-289,-344,-318,-196,-10,177,321,391,358,223,20,-184,-345,-421,-391,-249,-45,180,356,437,411,274,51,-184,-374,-471,-442,-294,-73,166,362,465,447,311,98,-142,-340,-444,-436,-314,-106,123,311,423,413,285,86,-122,-289,-379,-374,-262,-78,121,284,356,322,207,38,0,-281,-328,-285,-170,-6,159,288,322,252,113,-51,-205,-305,-316,-234,-86,84,234,323,324,229,70,-109,-258,-337,-327,-235,-70,114,266,346,333,228,66,-115,-253,-327,-321,-230,-75,98,234,308,296,201,58,-91,-214,-274,-254,-171,-45,88,191,236,209,126,16,-91,-174,-206,-169,-90,0,98,170,182,144,71,-21,-110,-167,-177,-131,-49,46,125,168,166,118,38,-56,-128,-163,-157,-110,-31,52,120,151,145,101,31,-53,-113,-144,-144,-103,-32,36,91,124,122,91,43,-16,-70,-106,-113,-85,-36,15,65,105,109,87,46,-16,-68,-98,-117,-117,-91,-47,8,275,522,0,0,0,0,0,0,0,0,0,0,0,0,0,0,0,0,0,0,0,0,0,0,0,0,0,0,0,0,0,0,0,0,0,0,0,0,0,0,0,0,0,0,0,0,0,0,0,0,0,0,0,0,0,0,0,0,0,0,0,0,0,0,0,0,0,0,0,0,0,0,0,0,0,0,0,0,0,0,0,0,0,0,0,0,0,0,0,0,0,0,0,0,0,0,0,0,0,0,0,0,0,0,0,0,0,0,0,0,0,0,0,0,0,0,0,0,0,0,0,0,0,0,0,0,0,0,0,0,0,0,0,0,0,0,0,0,0,0,0,0,0,0,0,0,0,0,0,0,0,0,0,0,0,0,0,0,0,0,0,0,0,0,0,0,0,0,0,0,0,0,0,0,0,0,0,0,0,0,0,0,0,0,0,0,0,0,0,0,0,0,0,0,0,0,0,0,0,0,0,0,0,0,0,0,0,0,0,0,0,0,0,0,0,0,0,0,0,0,0,0,0,0,0,0,0,0,0,0,0,0,0,0,0,0,0,0,0,0,0,0,0,0,0,0,0,0,0,0,0,0,0,0,0,0,0,0,-351,384,114,41,59,71,72,64,47,17,-15,-45,-69,-75,-67,-48,-10,29,58,74,69,46,8,-31,-64,-79,-72,-48,-6,46,85,102,96,62,3,-65,-108,-127,-114,-69,1,70,132,169,149,83,-3,-91,-162,-191,-171,-107,-4,109,193,224,203,125,-5,-139,-239,-288,-249,-142,5,153,271,327,291,168,3,-166,-303,-364,-327,-207,-23,190,349,408,360,222,26,-184,-360,-442,-405,-255,-40,185,366,453,425,282,63,-173,-363,-471,-448,-305,-80,161,360,460,447,319,102,-140,-327,-429,-427,-316,-109,121,305,397,388,283,106,-101,-272,-364,-348,-235,-63,121,271,343,0,184,16,-150,-273,-320,-275,-146,28,190,290,309,244,99,-72,-223,-316,-316,-230,-81,96,244,325,324,234,72,-113,-267,-347,-331,-230,-66,115,263,336,323,225,68,-107,-255,-329,-310,-216,-68,94,226,289,281,194,58,-88,-198,-251,-234,-154,-42,79,177,215,192,117,3,-107,-172,-188,-152,-79,21,116,171,175,133,54,-44,-121,-168,-166,-122,-42,51,127,164,158,107,31,-55,-127,-161,-150,-99,-29,52,122,158,149,105,38,-37,-105,-141,-134,-100,-45,24,80,114,119,89,40,-16,-70,-101,-103,-81,-37,17,72,108,116,93,53,5,-43,-81,-105,-110,917,808
28863,mtk,MTK 7916,2777219513,rx0-tx0,512,0,0,0,0,0,0,0,0,0,0,0,0,0,0,0,0,0,0,0,0,0,0,0,0,0,0,0,0,0,0,0,0,0,0,0,0,0,0,0,0,0,0,0,0,0,0,0,0,0,0,0,0,0,0,0,0,0,0,0,0,0,0,0,0,0,0,0,0,0,0,0,0,0,0,0,0,0,0,0,0,0,0,0,0,0,0,0,0,0,0,0,0,0,0,0,0,0,0,0,0,0,0,0,0,0,0,0,0,0,0,0,0,0,0,0,0,0,0,0,0,0,0,0,0,0,0,0,0,0,0,0,0,0,0,0,0,0,0,0,0,0,0,0,0,0,0,0,0,0,0,0,0,0,0,0,0,0,0,0,0,0,0,0,0,0,0,0,0,0,0,0,0,0,0,0,0,0,0,0,0,0,0,0,0,0,0,0,0,0,0,0,0,0,0,0,0,0,0,0,0,0,0,0,0,0,0,0,0,0,0,0,0,0,0,0,0,0,0,0,0,0,0,0,0,0,0,0,0,0,0,0,0,0,0,0,0,0,0,0,0,0,0,0,0,0,0,0,0,0,0,0,0,0,0,0,0,-273,953,846,259,191,46,-136,-298,-402,-426,-384,-280,-136,32,193,335,446,500,498,439,324,163,-20,-213,-391,-536,-626,-652,-600,-476,-296,-71,181,410,604,736,794,764,652,465,232,-39,-300,-527,-709,-817,-842,-796,-670,-470,-231,21,278,518,709,831,877,858,756,584,356,88,-182,-456,-679,-849,-945,-957,-876,-708,-484,-206,105,395,662,859,989,1030,961,818,596,311,-6,-310,-597,-828,-970,-1026,-994,-854,-642,-373,-89,199,477,706,861,935,929,834,672,453,209,-47,-292,-501,-667,-774,-814,-790,-702,-561,-378,-169,46,258,443,595,702,750,745,682,562,404,209,-6,-218,-422,-1687,-724,-784,-786,-724,-603,-427,-213,19,251,466,646,769,828,824,749,621,437,212,-40,-286,-505,-700,-833,-902,-901,-821,-674,-463,-208,66,343,607,827,983,1057,1041,921,717,445,129,-209,-544,-836,-1052,-1172,-1191,-1105,-908,-620,-268,109,482,815,1081,1238,1281,1200,1009,725,365,-27,-418,-775,-1054,-1234,-1302,-1234,-1049,-765,-416,-24,370,726,1011,1200,1277,1215,1039,773,430,44,-349,-707,-987,-1172,-1246,-1183,-999,-719,-358,36,420,762,1017,1157,1166,1055,834,528,163,-205,-543,-820,-997,-1058,-1004,-843,-591,-279,58,381,656,862,972,967,840,602,268,-118,-506,-820,-988,-962,-724,-388,760,899,0,0,0,0,0,0,0,0,0,0,0,0,0,0,0,0,0,0,0,0,0,0,0,0,0,0,0,0,0,0,0,0,0,0,0,0,0,0,0,0,0,0,0,0,0,0,0,0,0,0,0,0,0,0,0,0,0,0,0,0,0,0,0,0,0,0,0,0,0,0,0,0,0,0,0,0,0,0,0,0,0,0,0,0,0,0,0,0,0,0,0,0,0,0,0,0,0,0,0,0,0,0,0,0,0,0,0,0,0,0,0,0,0,0,0,0,0,0,0,0,0,0,0,0,0,0,0,0,0,0,0,0,0,0,0,0,0,0,0,0,0,0,0,0,0,0,0,0,0,0,0,0,0,0,0,0,0,0,0,0,0,0,0,0,0,0,0,0,0,0,0,0,0,0,0,0,0,0,0,0,0,0,0,0,0,0,0,0,0,0,0,0,0,0,0,0,0,0,0,0,0,0,0,0,0,0,0,0,0,0,0,0,0,0,0,0,0,0,0,0,0,0,0,0,0,0,0,0,0,0,0,0,0,0,0,0,0,0,0,0,0,0,0,0,0,0,0,0,0,0,0,0,0,0,0,0,-1322,-212,-477,-127,-265,-362,-369,-287,-134,40,209,346,433,461,423,343,208,42,-130,-296,-437,-531,-570,-547,-460,-314,-126,89,307,500,644,726,725,633,477,261,10,-246,-480,-671,-790,-829,-774,-655,-461,-214,50,307,541,719,824,862,825,707,517,282,23,-235,-486,-692,-839,-909,-904,-817,-646,-421,-151,138,423,668,856,983,1008,936,772,540,259,-56,-361,-629,-849,-990,-1033,-978,-847,-621,-343,-41,272,553,775,923,980,963,851,662,416,149,-131,-397,-615,-774,-855,-868,-805,-678,-504,-294,-65,166,382,557,685,753,767,722,621,476,286,83,-127,-328,-504,-640,-737,-765,-740,-661,-175,-324,-105,121,341,536,692,786,817,781,682,523,316,83,-155,-383,-583,-743,-843,-867,-820,-715,-551,-335,-90,176,425,651,827,936,971,929,806,604,340,43,-276,-578,-829,-1017,-1119,-1126,-1026,-821,-535,-202,154,506,827,1072,1215,1241,1155,961,678,321,-68,-455,-802,-1073,-1239,-1289,-1222,-1039,-751,-394,4,406,758,1032,1214,1279,1224,1049,772,429,34,-362,-714,-996,-1190,-1259,-1206,-1027,-756,-416,-27,372,722,1000,1174,1218,1140,938,636,268,-119,-485,-793,-1014,-1114,-1091,-957,-718,-402,-53,292,594,828,971,996,911,730,468,146,-203,-532,-804,-970,-1007,-888,-609,-215,226,607,802,591,348
28864,mtk,MTK 7916,2777219513,rx0-tx1,512,0,0,0,0,0,0,0,0,0,0,0,0,0,0,0,0,0,0,0,0,0,0,0,0,0,0,0,0,0,0,0,0,0,0,0,0,0,0,0,0,0,0,0,0,0,0,0,0,0,0,0,0,0,0,0,0,0,0,0,0,0,0,0,0,0,0,0,0,0,0,0,0,0,0,0,0,0,0,0,0,0,0,0,0,0,0,0,0,0,0,0,0,0,0,0,0,0,0,0,0,0,0,0,0,0,0,0,0,0,0,0,0,0,0,0,0,0,0,0,0,0,0,0,0,0,0,0,0,0,0,0,0,0,0,0,0,0,0,0,0,0,0,0,0,0,0,0,0,0,0,0,0,0,0,0,0,0,0,0,0,0,0,0,0,0,0,0,0,0,0,0,0,0,0,0,0,0,0,0,0,0,0,0,0,0,0,0,0,0,0,0,0,0,0,0,0,0,0,0,0,0,0,0,0,0,0,0,0,0,0,0,0,0,0,0,0,0,0,0,0,0,0,0,0,0,0,0,0,0,0,0,0,0,0,0,0,0,0,0,0,0,0,0,0,0,0,0,0,0,0,0,0,0,0,0,0,-730,-262,-267,-112,16,182,314,382,374,285,146,-19,-186,-330,-431,-482,-472,-397,-273,-115,72,262,424,544,611,606,530,393,195,-38,-270,-482,-647,-742,-768,-712,-579,-375,-125,140,400,625,800,894,896,818,643,416,133,-178,-459,-718,-917,-1022,-1033,-942,-753,-504,-192,141,466,758,982,1113,1135,1064,888,619,291,-60,-414,-742,-1000,-1164,-1227,-1172,-1016,-774,-448,-84,291,643,948,1167,1288,1283,1165,951,632,259,-140,-533,-870,-1145,-1322,-1369,-1282,-1094,-805,-424,-23,390,764,1074,1285,1383,1355,1202,938,595,194,-218,-612,-946,-1195,-1347,-1372,-1273,-1059,-764,-394,3,407,763,1061,1263,1354,1335,-546,946,614,237,-160,-543,-887,-1150,-1314,-1373,-1309,-1123,-860,-507,-109,307,700,1034,1282,1415,1420,1305,1078,746,343,-101,-530,-923,-1228,-1427,-1497,-1435,-1233,-924,-528,-85,369,785,1124,1364,1482,1466,1316,1036,673,255,-188,-608,-978,-1254,-1414,-1441,-1339,-1118,-796,-418,3,423,797,1097,1299,1376,1340,1180,912,568,168,-252,-639,-973,-1217,-1349,-1363,-1236,-986,-654,-253,178,584,936,1199,1342,1350,1214,966,625,212,-224,-628,-967,-1200,-1300,-1264,-1093,-796,-421,-7,397,747,1001,1138,1147,1026,795,480,133,-220,-531,-772,-921,-966,-907,-740,-495,-200,124,437,693,865,925,835,608,266,-126,-475,-672,-148,-198,0,0,0,0,0,0,0,0,0,0,0,0,0,0,0,0,0,0,0,0,0,0,0,0,0,0,0,0,0,0,0,0,0,0,0,0,0,0,0,0,0,0,0,0,0,0,0,0,0,0,0,0,0,0,0,0,0,0,0,0,0,0,0,0,0,0,0,0,0,0,0,0,0,0,0,0,0,0,0,0,0,0,0,0,0,0,0,0,0,0,0,0,0,0,0,0,0,0,0,0,0,0,0,0,0,0,0,0,0,0,0,0,0,0,0,0,0,0,0,0,0,0,0,0,0,0,0,0,0,0,0,0,0,0,0,0,0,0,0,0,0,0,0,0,0,0,0,0,0,0,0,0,0,0,0,0,0,0,0,0,0,0,0,0,0,0,0,0,0,0,0,0,0,0,0,0,0,0,0,0,0,0,0,0,0,0,0,0,0,0,0,0,0,0,0,0,0,0,0,0,0,0,0,0,0,0,0,0,0,0,0,0,0,0,0,0,0,0,0,0,0,0,0,0,0,0,0,0,0,0,0,0,0,0,0,0,0,0,0,0,0,0,0,0,0,0,0,0,0,0,0,0,0,0,0,0,-128,-56,21,237,305,288,182,28,-148,-298,-395,-433,-407,-319,-183,-20,155,318,440,523,548,499,392,233,38,-177,-376,-544,-662,-703,-670,-559,-379,-154,91,337,556,729,817,830,757,601,386,118,-160,-434,-674,-848,-960,-961,-868,-704,-454,-155,163,478,746,948,1070,1086,1003,823,561,233,-110,-450,-763,-1003,-1142,-1178,-1114,-950,-691,-374,-7,361,700,980,1170,1256,1225,1092,861,546,175,-220,-591,-917,-1170,-1307,-1330,-1228,-1017,-722,-351,63,467,823,1129,1316,1382,1330,1149,867,511,107,-308,-697,-1026,-1256,-1377,-1369,-1240,-997,-681,-297,117,513,862,1132,1306,1362,1300,1121,852,502,115,-283,1197,-983,-1208,-1334,-1344,-1247,-1039,-737,-372,20,429,783,1080,1296,1393,1371,1225,971,632,230,-197,-607,-977,-1262,-1434,-1472,-1384,-1163,-839,-431,9,454,860,1183,1409,1505,1463,1281,983,602,166,-280,-705,-1061,-1310,-1453,-1457,-1335,-1089,-746,-341,93,515,890,1178,1354,1415,1343,1151,867,497,92,-323,-709,-1028,-1257,-1374,-1354,-1213,-964,-622,-229,194,600,944,1196,1351,1361,1234,995,655,256,-178,-592,-941,-1192,-1328,-1318,-1175,-909,-544,-125,297,690,999,1190,1245,1164,953,646,280,-111,-474,-777,-976,-1059,-1023,-871,-637,-340,-16,303,585,785,905,915,809,599,312,-32,-384,-680,-861,-868,-688,-408,-208,-168
28865,mtk,MTK 7916,2777219513,rx1-tx0,512,0,0,0,0,0,0,0,0,0,0,0,0,0,0,0,0,0,0,0,0,0,0,0,0,0,0,0,0,0,0,0,0,0,0,0,0,0,0,0,0,0,0,0,0,0,0,0,0,0,0,0,0,0,0,0,0,0,0,0,0,0,0,0,0,0,0,0,0,0,0,0,0,0,0,0,0,0,0,0,0,0,0,0,0,0,0,0,0,0,0,0,0,0,0,0,0,0,0,0,0,0,0,0,0,0,0,0,0,0,0,0,0,0,0,0,0,0,0,0,0,0,0,0,0,0,0,0,0,0,0,0,0,0,0,0,0,0,0,0,0,0,0,0,0,0,0,0,0,0,0,0,0,0,0,0,0,0,0,0,0,0,0,0,0,0,0,0,0,0,0,0,0,0,0,0,0,0,0,0,0,0,0,0,0,0,0,0,0,0,0,0,0,0,0,0,0,0,0,0,0,0,0,0,0,0,0,0,0,0,0,0,0,0,0,0,0,0,0,0,0,0,0,0,0,0,0,0,0,0,0,0,0,0,0,0,0,0,0,0,0,0,0,0,0,0,0,0,0,0,0,0,0,0,0,0,0,146,208,-89,-114,-178,-191,-145,-60,43,144,214,246,239,192,110,19,-78,-170,-242,-276,-274,-233,-167,-78,31,130,209,265,283,277,235,161,62,-41,-132,-207,-262,-278,-262,-229,-172,-95,-7,69,134,183,217,226,209,170,124,75,16,-42,-80,-123,-155,-163,-168,-161,-135,-111,-74,-29,1,45,82,112,143,153,156,157,148,125,91,42,-9,-59,-123,-176,-220,-244,-259,-250,-209,-139,-50,50,154,249,317,363,372,338,276,182,48,-83,-204,-318,-402,-438,-424,-379,-288,-169,-37,113,247,353,433,463,449,380,283,153,9,-132,-267,-368,-429,-456,-447,-379,-286,-151,-11,124,-144,367,431,449,437,383,274,151,8,-141,-269,-368,-425,-451,-423,-360,-257,-128,5,141,260,350,394,397,375,317,225,112,-5,-130,-224,-305,-349,-352,-329,-273,-200,-102,-2,93,178,256,294,297,285,245,184,105,11,-73,-146,-214,-250,-264,-254,-219,-161,-101,-30,51,118,167,204,208,206,180,136,90,31,-31,-86,-126,-155,-165,-170,-148,-121,-94,-45,2,49,90,124,146,152,144,128,94,48,8,-39,-82,-126,-154,-160,-146,-122,-88,-34,21,72,112,141,157,148,126,91,47,-13,-71,-113,-136,-144,-138,-108,-64,-14,42,89,118,134,127,87,35,-18,-61,912,724,0,0,0,0,0,0,0,0,0,0,0,0,0,0,0,0,0,0,0,0,0,0,0,0,0,0,0,0,0,0,0,0,0,0,0,0,0,0,0,0,0,0,0,0,0,0,0,0,0,0,0,0,0,0,0,0,0,0,0,0,0,0,0,0,0,0,0,0,0,0,0,0,0,0,0,0,0,0,0,0,0,0,0,0,0,0,0,0,0,0,0,0,0,0,0,0,0,0,0,0,0,0,0,0,0,0,0,0,0,0,0,0,0,0,0,0,0,0,0,0,0,0,0,0,0,0,0,0,0,0,0,0,0,0,0,0,0,0,0,0,0,0,0,0,0,0,0,0,0,0,0,0,0,0,0,0,0,0,0,0,0,0,0,0,0,0,0,0,0,0,0,0,0,0,0,0,0,0,0,0,0,0,0,0,0,0,0,0,0,0,0,0,0,0,0,0,0,0,0,0,0,0,0,0,0,0,0,0,0,0,0,0,0,0,0,0,0,0,0,0,0,0,0,0,0,0,0,0,0,0,0,0,0,0,0,0,0,0,0,0,0,0,0,0,0,0,0,0,0,0,0,0,0,0,0,0,206,-1022,-1031,-110,-43,59,153,212,226,192,116,19,-83,-175,-238,-261,-257,-214,-135,-38,61,155,227,282,294,263,206,119,20,-86,-181,-252,-292,-289,-255,-198,-118,-23,60,138,204,246,252,235,195,140,76,2,-63,-117,-155,-183,-194,-177,-154,-129,-87,-42,0,49,83,109,137,145,153,153,134,118,87,44,3,-39,-82,-128,-162,-194,-198,-201,-185,-150,-96,-30,44,126,209,271,313,324,302,249,168,61,-61,-179,-283,-368,-418,-407,-376,-295,-182,-38,101,231,342,417,451,445,382,286,160,15,-130,-259,-361,-435,-458,-443,-378,-275,-145,-16,132,259,362,435,453,439,147,284,151,11,-124,-263,-371,-429,-461,-435,-370,-267,-144,0,142,262,356,410,433,407,341,238,109,-14,-132,-243,-326,-371,-385,-352,-287,-210,-103,3,112,203,273,314,323,309,269,196,96,5,-81,-163,-226,-271,-286,-263,-229,-170,-100,-20,61,133,189,218,238,233,197,154,87,24,-42,-109,-150,-179,-196,-186,-161,-122,-85,-39,18,68,102,133,152,160,156,131,96,49,1,-44,-87,-127,-144,-155,-155,-132,-102,-52,4,50,89,131,156,159,144,112,69,12,-45,-96,-128,-148,-156,-139,-102,-54,-1,48,97,122,136,133,105,66,18,-46,-94,-114,-112,-92,-526,-758
28866,mtk,MTK 7916,2777219513,rx1-tx1,512,0,0,0,0,0,0,0,0,0,0,0,0,0,0,0,0,0,0,0,0,0,0,0,0,0,0,0,0,0,0,0,0,0,0,0,0,0,0,0,0,0,0,0,0,0,0,0,0,0,0,0,0,0,0,0,0,0,0,0,0,0,0,0,0,0,0,0,0,0,0,0,0,0,0,0,0,0,0,0,0,0,0,0,0,0,0,0,0,0,0,0,0,0,0,0,0,0,0,0,0,0,0,0,0,0,0,0,0,0,0,0,0,0,0,0,0,0,0,0,0,0,0,0,0,0,0,0,0,0,0,0,0,0,0,0,0,0,0,0,0,0,0,0,0,0,0,0,0,0,0,0,0,0,0,0,0,0,0,0,0,0,0,0,0,0,0,0,0,0,0,0,0,0,0,0,0,0,0,0,0,0,0,0,0,0,0,0,0,0,0,0,0,0,0,0,0,0,0,0,0,0,0,0,0,0,0,0,0,0,0,0,0,0,0,0,0,0,0,0,0,0,0,0,0,0,0,0,0,0,0,0,0,0,0,0,0,0,0,0,0,0,0,0,0,0,0,0,0,0,0,0,0,0,0,0,0,-411,-957,-814,-46,-39,-29,-15,6,31,53,71,80,80,67,43,11,-26,-57,-79,-89,-87,-68,-36,2,39,72,88,89,78,53,13,-30,-57,-73,-81,-75,-47,-15,16,48,64,59,50,32,7,-23,-41,-44,-38,-23,-1,12,26,31,25,5,-14,-34,-50,-44,-23,-8,13,38,60,68,65,43,9,-33,-68,-90,-88,-77,-48,-6,46,92,117,111,82,45,-3,-53,-94,-116,-112,-88,-42,11,59,94,111,106,79,37,-10,-57,-91,-106,-101,-69,-29,13,55,79,81,71,53,20,-19,-46,-57,-58,-51,-35,-16,5,12,13,20,28,26,24,25,28,30,29,0,10,-27,-58,-78,-94,-96,-72,-34,16,68,120,157,163,139,87,13,-72,-149,-206,-230,-209,-142,-44,73,175,243,277,263,195,81,-46,-170,-268,-316,-298,-225,-108,35,172,276,329,316,240,118,-21,-158,-267,-324,-322,-250,-125,19,155,263,317,307,237,120,-19,-158,-268,-320,-301,-224,-108,30,162,266,313,295,218,103,-34,-167,-271,-317,-300,-232,-124,13,151,257,305,302,252,147,12,-114,-211,-273,-280,-239,-162,-60,58,158,220,242,223,163,75,-18,-101,-168,-201,-190,-143,-77,3,81,140,171,172,142,83,10,-60,-122,-168,-187,-181,-154,-106,-54,1,-920,-1008,0,0,0,0,0,0,0,0,0,0,0,0,0,0,0,0,0,0,0,0,0,0,0,0,0,0,0,0,0,0,0,0,0,0,0,0,0,0,0,0,0,0,0,0,0,0,0,0,0,0,0,0,0,0,0,0,0,0,0,0,0,0,0,0,0,0,0,0,0,0,0,0,0,0,0,0,0,0,0,0,0,0,0,0,0,0,0,0,0,0,0,0,0,0,0,0,0,0,0,0,0,0,0,0,0,0,0,0,0,0,0,0,0,0,0,0,0,0,0,0,0,0,0,0,0,0,0,0,0,0,0,0,0,0,0,0,0,0,0,0,0,0,0,0,0,0,0,0,0,0,0,0,0,0,0,0,0,0,0,0,0,0,0,0,0,0,0,0,0,0,0,0,0,0,0,0,0,0,0,0,0,0,0,0,0,0,0,0,0,0,0,0,0,0,0,0,0,0,0,0,0,0,0,0,0,0,0,0,0,0,0,0,0,0,0,0,0,0,0,0,0,0,0,0,0,0,0,0,0,0,0,0,0,0,0,0,0,0,0,0,0,0,0,0,0,0,0,0,0,0,0,0,0,0,0,0,-92,404,668,-31,-48,-63,-73,-76,-74,-62,-40,-10,20,51,70,79,80,68,37,3,-33,-62,-80,-89,-83,-59,-23,19,53,73,87,86,65,33,-3,-37,-66,-77,-71,-55,-30,2,25,38,45,45,28,7,-7,-24,-39,-33,-16,3,20,32,32,21,4,-22,-45,-46,-44,-42,-25,12,50,73,87,81,58,28,-11,-56,-92,-113,-101,-67,-28,24,74,109,118,103,71,21,-37,-88,-115,-122,-102,-63,-13,39,80,98,103,85,53,7,-40,-73,-89,-88,-74,-42,-2,32,56,67,67,56,34,7,-20,-38,-44,-37,-32,-21,-10,-10,-11,-3,4,7,14,27,0,52,58,50,29,0,-37,-78,-113,-130,-124,-94,-38,34,104,160,198,195,146,69,-22,-120,-207,-255,-251,-203,-119,-7,119,226,288,297,254,157,24,-117,-233,-303,-319,-283,-188,-48,102,226,306,331,289,191,57,-94,-224,-307,-332,-293,-194,-55,88,208,288,315,274,179,49,-92,-221,-301,-315,-262,-161,-28,107,221,298,317,271,170,37,-100,-216,-298,-319,-274,-183,-68,68,189,273,303,277,200,95,-24,-144,-236,-275,-256,-200,-118,-17,86,164,209,218,181,112,27,-57,-128,-171,-180,-158,-106,-38,38,104,155,178,170,137,84,16,-53,-107,-149,-174,-178,-442,-169
28867,mtk,MTK 7916,2777219513,rx2-tx0,512,0,0,0,0,0,0,0,0,0,0,0,0,0,0,0,0,0,0,0,0,0,0,0,0,0,0,0,0,0,0,0,0,0,0,0,0,0,0,0,0,0,0,0,0,0,0,0,0,0,0,0,0,0,0,0,0,0,0,0,0,0,0,0,0,0,0,0,0,0,0,0,0,0,0,0,0,0,0,0,0,0,0,0,0,0,0,0,0,0,0,0,0,0,0,0,0,0,0,0,0,0,0,0,0,0,0,0,0,0,0,0,0,0,0,0,0,0,0,0,0,0,0,0,0,0,0,0,0,0,0,0,0,0,0,0,0,0,0,0,0,0,0,0,0,0,0,0,0,0,0,0,0,0,0,0,0,0,0,0,0,0,0,0,0,0,0,0,0,0,0,0,0,0,0,0,0,0,0,0,0,0,0,0,0,0,0,0,0,0,0,0,0,0,0,0,0,0,0,0,0,0,0,0,0,0,0,0,0,0,0,0,0,0,0,0,0,0,0,0,0,0,0,0,0,0,0,0,0,0,0,0,0,0,0,0,0,0,0,0,0,0,0,0,0,0,0,0,0,0,0,0,0,0,0,0,0,-136,-390,-57,14,36,56,73,84,89,81,63,38,8,-26,-57,-79,-87,-84,-71,-46,-13,22,53,76,87,86,76,54,24,-12,-44,-70,-90,-94,-88,-73,-46,-12,25,63,98,118,120,104,73,24,-32,-89,-138,-167,-164,-133,-82,-11,73,150,201,216,188,122,26,-77,-172,-238,-257,-224,-151,-36,93,208,285,306,261,161,26,-124,-257,-339,-350,-283,-154,13,183,323,400,392,301,147,-43,-235,-382,-454,-430,-316,-133,80,287,444,503,452,309,107,-124,-332,-475,-521,-457,-295,-72,167,376,504,522,431,248,10,-230,-418,-517,-509,-391,-180,68,299,466,536,494,344,0,-135,-371,-523,-559,-479,-296,-44,221,437,564,576,464,243,-31,-290,-498,-607,-586,-437,-199,83,346,543,632,589,423,174,-117,-386,-582,-659,-596,-415,-159,132,397,583,651,589,413,163,-116,-370,-547,-616,-564,-401,-167,90,320,479,545,505,369,164,-63,-267,-409,-465,-432,-318,-155,34,212,336,389,362,260,116,-40,-180,-278,-319,-295,-213,-92,37,155,240,271,247,175,70,-50,-151,-218,-242,-217,-150,-56,46,137,202,229,211,156,73,-23,-112,-180,-215,-216,-180,-112,-27,63,139,188,207,194,150,85,6,-74,-139,-180,-200,-195,-163,-113,-52,12,66,107,138,-1112,-941,0,0,0,0,0,0,0,0,0,0,0,0,0,0,0,0,0,0,0,0,0,0,0,0,0,0,0,0,0,0,0,0,0,0,0,0,0,0,0,0,0,0,0,0,0,0,0,0,0,0,0,0,0,0,0,0,0,0,0,0,0,0,0,0,0,0,0,0,0,0,0,0,0,0,0,0,0,0,0,0,0,0,0,0,0,0,0,0,0,0,0,0,0,0,0,0,0,0,0,0,0,0,0,0,0,0,0,0,0,0,0,0,0,0,0,0,0,0,0,0,0,0,0,0,0,0,0,0,0,0,0,0,0,0,0,0,0,0,0,0,0,0,0,0,0,0,0,0,0,0,0,0,0,0,0,0,0,0,0,0,0,0,0,0,0,0,0,0,0,0,0,0,0,0,0,0,0,0,0,0,0,0,0,0,0,0,0,0,0,0,0,0,0,0,0,0,0,0,0,0,0,0,0,0,0,0,0,0,0,0,0,0,0,0,0,0,0,0,0,0,0,0,0,0,0,0,0,0,0,0,0,0,0,0,0,0,0,0,0,0,0,0,0,0,0,0,0,0,0,0,0,0,0,0,0,0,1335,1093,1145,-65,-64,-57,-44,-22,6,36,61,78,88,86,70,43,13,-22,-52,-78,-89,-86,-71,-48,-14,20,51,78,94,94,86,63,31,0,-32,-66,-90,-103,-103,-89,-65,-23,26,76,114,137,138,124,82,25,-45,-114,-166,-192,-187,-140,-60,30,119,194,234,227,175,86,-27,-141,-234,-279,-268,-204,-95,43,177,278,326,302,218,83,-73,-226,-339,-383,-341,-232,-67,122,289,401,434,377,233,39,-172,-349,-455,-469,-389,-225,-8,219,400,499,495,389,202,-28,-254,-435,-524,-502,-372,-166,77,302,468,533,482,327,100,-151,-364,-502,-528,-442,-263,-24,218,416,0,537,411,201,-53,-299,-483,-572,-535,-374,-138,130,376,545,599,527,345,90,-194,-437,-587,-617,-526,-320,-43,243,478,621,641,528,304,24,-263,-500,-631,-638,-520,-303,-20,261,487,613,622,510,299,32,-234,-445,-564,-574,-475,-284,-48,188,379,487,500,417,256,53,-148,-313,-409,-424,-359,-220,-46,121,259,338,343,287,177,35,-110,-225,-281,-281,-232,-139,-16,100,188,242,247,201,111,3,-99,-179,-228,-229,-183,-106,-11,82,161,214,229,199,136,47,-46,-129,-190,-220,-210,-163,-90,-8,72,143,190,207,192,152,88,10,-63,-127,-173,-197,-198,-176,-140,-96,400,704
28868,mtk,MTK 7916,2777219513,rx2-tx1,512,0,0,0,0,0,0,0,0,0,0,0,0,0,0,0,0,0,0,0,0,0,0,0,0,0,0,0,0,0,0,0,0,0,0,0,0,0,0,0,0,0,0,0,0,0,0,0,0,0,0,0,0,0,0,0,0,0,0,0,0,0,0,0,0,0,0,0,0,0,0,0,0,0,0,0,0,0,0,0,0,0,0,0,0,0,0,0,0,0,0,0,0,0,0,0,0,0,0,0,0,0,0,0,0,0,0,0,0,0,0,0,0,0,0,0,0,0,0,0,0,0,0,0,0,0,0,0,0,0,0,0,0,0,0,0,0,0,0,0,0,0,0,0,0,0,0,0,0,0,0,0,0,0,0,0,0,0,0,0,0,0,0,0,0,0,0,0,0,0,0,0,0,0,0,0,0,0,0,0,0,0,0,0,0,0,0,0,0,0,0,0,0,0,0,0,0,0,0,0,0,0,0,0,0,0,0,0,0,0,0,0,0,0,0,0,0,0,0,0,0,0,0,0,0,0,0,0,0,0,0,0,0,0,0,0,0,0,0,0,0,0,0,0,0,0,0,0,0,0,0,0,0,0,0,0,0,236,881,947,-6,10,26,42,60,70,73,71,55,27,-3,-29,-54,-69,-75,-65,-38,-7,27,61,78,81,72,44,-2,-43,-76,-90,-90,-73,-31,20,60,94,113,110,82,25,-39,-96,-133,-141,-113,-63,-1,69,135,170,169,130,61,-31,-121,-191,-226,-211,-147,-45,72,176,247,279,254,158,23,-124,-244,-313,-326,-275,-157,0,161,302,381,378,294,147,-40,-220,-364,-433,-404,-297,-132,67,265,410,467,420,293,107,-105,-302,-445,-494,-433,-281,-75,144,337,460,489,416,258,49,-167,-352,-454,-456,-359,-193,4,197,349,421,403,299,129,-62,-234,-349,-385,-334,-208,0,136,280,361,355,263,118,-55,-210,-323,-364,-320,-200,-39,138,282,365,369,291,149,-25,-201,-341,-399,-370,-267,-103,90,254,358,393,352,230,56,-119,-266,-357,-370,-307,-188,-27,140,263,326,325,252,125,-22,-150,-241,-289,-273,-194,-78,45,154,225,241,197,119,27,-71,-156,-200,-189,-133,-52,34,111,164,176,143,81,6,-71,-133,-162,-154,-110,-48,18,85,133,148,128,82,23,-42,-94,-129,-139,-123,-75,-14,45,91,116,118,99,60,15,-35,-76,-99,-96,-82,-51,-12,28,51,63,63,47,23,-3,-21,-37,-41,-40,-32,-10,21,42,51,55,56,275,522,0,0,0,0,0,0,0,0,0,0,0,0,0,0,0,0,0,0,0,0,0,0,0,0,0,0,0,0,0,0,0,0,0,0,0,0,0,0,0,0,0,0,0,0,0,0,0,0,0,0,0,0,0,0,0,0,0,0,0,0,0,0,0,0,0,0,0,0,0,0,0,0,0,0,0,0,0,0,0,0,0,0,0,0,0,0,0,0,0,0,0,0,0,0,0,0,0,0,0,0,0,0,0,0,0,0,0,0,0,0,0,0,0,0,0,0,0,0,0,0,0,0,0,0,0,0,0,0,0,0,0,0,0,0,0,0,0,0,0,0,0,0,0,0,0,0,0,0,0,0,0,0,0,0,0,0,0,0,0,0,0,0,0,0,0,0,0,0,0,0,0,0,0,0,0,0,0,0,0,0,0,0,0,0,0,0,0,0,0,0,0,0,0,0,0,0,0,0,0,0,0,0,0,0,0,0,0,0,0,0,0,0,0,0,0,0,0,0,0,0,0,0,0,0,0,0,0,0,0,0,0,0,0,0,0,0,0,0,0,0,0,0,0,0,0,0,0,0,0,0,0,0,0,0,0,0,-351,384,114,-49,-56,-59,-52,-41,-22,6,28,45,69,80,68,48,21,-13,-42,-66,-79,-72,-52,-24,10,46,75,85,79,58,17,-30,-74,-99,-103,-87,-56,-4,51,97,124,128,107,52,-18,-79,-127,-155,-144,-102,-30,57,130,174,193,178,112,3,-110,-202,-252,-246,-192,-106,17,147,252,309,295,208,81,-64,-202,-313,-358,-329,-222,-60,118,272,375,410,360,228,45,-151,-317,-422,-444,-374,-223,-24,190,362,459,465,373,197,-14,-228,-397,-480,-463,-355,-165,53,255,404,478,446,315,120,-89,-275,-411,-449,-394,-255,-73,122,293,399,403,317,172,-8,-184,-317,0,-341,-244,-90,87,239,334,352,290,160,-8,-177,-305,-366,-346,-243,-88,88,246,348,378,333,207,33,-145,-294,-385,-394,-310,-168,10,188,323,377,359,269,121,-46,-207,-321,-364,-328,-226,-78,77,207,295,314,267,168,40,-98,-207,-259,-252,-194,-93,17,114,187,216,191,122,29,-65,-132,-168,-174,-140,-72,8,87,145,165,144,94,19,-61,-121,-150,-151,-126,-73,-2,69,121,152,148,106,50,-12,-72,-114,-132,-122,-91,-41,11,59,94,111,103,77,32,-14,-48,-72,-79,-65,-47,-22,9,41,54,51,44,29,1,-28,-47,-50,-46,-38,-23,-7,8,917,808
28869,mtk,MTK 7916,2777264200,rx0-tx0,512,0,0,0,0,0,0,0,0,0,0,0,0,0,0,0,0,0,0,0,0,0,0,0,0,0,0,0,0,0,0,0,0,0,0,0,0,0,0,0,0,0,0,0,0,0,0,0,0,0,0,0,0,0,0,0,0,0,0,0,0,0,0,0,0,0,0,0,0,0,0,0,0,0,0,0,0,0,0,0,0,0,0,0,0,0,0,0,0,0,0,0,0,0,0,0,0,0,0,0,0,0,0,0,0,0,0,0,0,0,0,0,0,0,0,0,0,0,0,0,0,0,0,0,0,0,0,0,0,0,0,0,0,0,0,0,0,0,0,0,0,0,0,0,0,0,0,0,0,0,0,0,0,0,0,0,0,0,0,0,0,0,0,0,0,0,0,0,0,0,0,0,0,0,0,0,0,0,0,0,0,0,0,0,0,0,0,0,0,0,0,0,0,0,0,0,0,0,0,0,0,0,0,0,0,0,0,0,0,0,0,0,0,0,0,0,0,0,0,0,0,0,0,0,0,0,0,0,0,0,0,0,0,0,0,0,0,0,0,0,0,0,0,0,0,0,0,0,0,0,0,0,0,0,0,0,0,-273,953,846,102,-12,-155,-288,-374,-408,-396,-344,-255,-150,-33,90,206,314,399,461,500,505,476,421,341,234,110,-29,-174,-307,-439,-553,-630,-666,-671,-646,-571,-463,-328,-175,-6,167,326,471,597,681,732,751,731,691,602,485,355,207,54,-116,-282,-418,-544,-655,-736,-788,-811,-788,-734,-656,-536,-388,-232,-54,125,294,463,616,726,811,866,879,849,783,680,541,387,213,27,-170,-344,-500,-647,-758,-822,-858,-849,-798,-720,-609,-475,-332,-175,-2,156,293,420,534,616,671,691,690,665,610,541,450,350,244,133,10,-111,-219,-316,-404,-470,-531,-576,-594,-600,-590,-554,-493,-418,-1687,-223,-97,19,139,254,365,460,542,599,631,642,631,596,539,465,371,265,152,33,-93,-216,-324,-437,-542,-623,-687,-729,-755,-748,-708,-642,-538,-418,-266,-94,83,273,464,631,783,901,987,1030,1018,962,862,714,525,319,84,-162,-405,-632,-822,-983,-1099,-1159,-1171,-1120,-1013,-861,-661,-435,-182,76,330,567,774,948,1070,1137,1162,1123,1030,897,709,485,250,-9,-262,-504,-717,-887,-1021,-1103,-1122,-1085,-987,-842,-649,-417,-173,77,329,550,738,883,968,999,975,899,772,602,406,191,-30,-239,-432,-599,-729,-817,-862,-850,-791,-684,-521,-312,-72,193,456,683,835,880,796,632,760,899,0,0,0,0,0,0,0,0,0,0,0,0,0,0,0,0,0,0,0,0,0,0,0,0,0,0,0,0,0,0,0,0,0,0,0,0,0,0,0,0,0,0,0,0,0,0,0,0,0,0,0,0,0,0,0,0,0,0,0,0,0,0,0,0,0,0,0,0,0,0,0,0,0,0,0,0,0,0,0,0,0,0,0,0,0,0,0,0,0,0,0,0,0,0,0,0,0,0,0,0,0,0,0,0,0,0,0,0,0,0,0,0,0,0,0,0,0,0,0,0,0,0,0,0,0,0,0,0,0,0,0,0,0,0,0,0,0,0,0,0,0,0,0,0,0,0,0,0,0,0,0,0,0,0,0,0,0,0,0,0,0,0,0,0,0,0,0,0,0,0,0,0,0,0,0,0,0,0,0,0,0,0,0,0,0,0,0,0,0,0,0,0,0,0,0,0,0,0,0,0,0,0,0,0,0,0,0,0,0,0,0,0,0,0,0,0,0,0,0,0,0,0,0,0,0,0,0,0,0,0,0,0,0,0,0,0,0,0,0,0,0,0,0,0,0,0,0,0,0,0,0,0,0,0,0,0,-1322,-212,-477,-264,-321,-322,-253,-137,-3,126,249,347,411,443,440,411,346,263,164,49,-78,-208,-325,-428,-510,-567,-591,-574,-527,-456,-344,-201,-50,106,263,415,538,636,705,736,720,661,577,459,315,163,-5,-169,-322,-467,-577,-672,-737,-775,-778,-729,-652,-563,-441,-299,-143,23,194,354,504,641,735,802,840,834,803,739,626,480,321,141,-51,-232,-406,-563,-691,-785,-852,-884,-869,-805,-715,-596,-433,-267,-92,91,257,413,547,653,726,776,786,754,700,622,513,386,252,113,-22,-157,-275,-381,-472,-537,-581,-610,-621,-602,-569,-516,-446,-369,-275,-167,-54,50,159,273,377,463,-175,585,614,625,615,574,518,441,347,234,114,-10,-131,-250,-353,-449,-535,-596,-639,-664,-665,-640,-595,-533,-441,-333,-218,-94,49,200,349,489,614,726,825,881,906,886,818,718,584,424,232,10,-215,-430,-637,-822,-964,-1058,-1115,-1114,-1063,-961,-808,-614,-380,-137,120,374,607,812,972,1093,1164,1180,1136,1035,885,692,462,219,-34,-287,-517,-725,-915,-1040,-1118,-1144,-1113,-1028,-883,-699,-482,-236,26,283,515,719,888,1011,1067,1074,1013,892,732,529,302,63,-170,-389,-581,-734,-844,-904,-908,-864,-774,-641,-474,-285,-73,143,347,537,703,823,889,884,791,610,347,35,-273,-479,591,348
28870,mtk,MTK 7916,2777264200,rx0-tx1,512,0,0,0,0,0,0,0,0,0,0,0,0,0,0,0,0,0,0,0,0,0,0,0,0,0,0,0,0,0,0,0,0,0,0,0,0,0,0,0,0,0,0,0,0,0,0,0,0,0,0,0,0,0,0,0,0,0,0,0,0,0,0,0,0,0,0,0,0,0,0,0,0,0,0,0,0,0,0,0,0,0,0,0,0,0,0,0,0,0,0,0,0,0,0,0,0,0,0,0,0,0,0,0,0,0,0,0,0,0,0,0,0,0,0,0,0,0,0,0,0,0,0,0,0,0,0,0,0,0,0,0,0,0,0,0,0,0,0,0,0,0,0,0,0,0,0,0,0,0,0,0,0,0,0,0,0,0,0,0,0,0,0,0,0,0,0,0,0,0,0,0,0,0,0,0,0,0,0,0,0,0,0,0,0,0,0,0,0,0,0,0,0,0,0,0,0,0,0,0,0,0,0,0,0,0,0,0,0,0,0,0,0,0,0,0,0,0,0,0,0,0,0,0,0,0,0,0,0,0,0,0,0,0,0,0,0,0,0,0,0,0,0,0,0,0,0,0,0,0,0,0,0,0,0,0,0,-730,-262,-267,31,153,273,356,388,361,287,183,61,-67,-198,-316,-409,-480,-522,-520,-494,-432,-329,-207,-63,93,251,401,533,641,713,744,729,673,573,433,270,91,-106,-299,-477,-638,-771,-875,-925,-929,-892,-801,-677,-516,-316,-106,120,346,557,752,911,1020,1089,1114,1088,999,867,692,478,244,-14,-269,-515,-735,-927,-1090,-1208,-1266,-1258,-1198,-1085,-922,-711,-472,-214,65,339,604,840,1047,1206,1310,1369,1362,1289,1159,972,749,491,202,-91,-383,-662,-916,-1123,-1282,-1385,-1425,-1401,-1326,-1186,-980,-741,-473,-181,113,405,678,918,1112,1265,1366,1400,1376,1294,1151,967,738,494,227,-62,-334,-593,-546,-1026,-1183,-1287,-1346,-1353,-1305,-1198,-1045,-854,-622,-365,-94,189,453,711,948,1147,1295,1393,1430,1411,1331,1200,1002,759,485,182,-127,-443,-737,-994,-1211,-1374,-1481,-1516,-1492,-1387,-1223,-1013,-756,-466,-159,159,469,747,997,1202,1346,1434,1455,1412,1315,1160,953,709,432,146,-149,-436,-700,-930,-1121,-1264,-1358,-1384,-1350,-1262,-1111,-909,-662,-392,-100,199,486,753,990,1173,1300,1365,1358,1287,1143,944,700,421,117,-195,-492,-756,-984,-1159,-1265,-1295,-1248,-1130,-954,-721,-445,-160,126,397,637,836,973,1043,1058,1007,896,742,544,321,88,-148,-380,-579,-747,-872,-939,-920,-815,-632,-362,-51,257,465,-148,-198,0,0,0,0,0,0,0,0,0,0,0,0,0,0,0,0,0,0,0,0,0,0,0,0,0,0,0,0,0,0,0,0,0,0,0,0,0,0,0,0,0,0,0,0,0,0,0,0,0,0,0,0,0,0,0,0,0,0,0,0,0,0,0,0,0,0,0,0,0,0,0,0,0,0,0,0,0,0,0,0,0,0,0,0,0,0,0,0,0,0,0,0,0,0,0,0,0,0,0,0,0,0,0,0,0,0,0,0,0,0,0,0,0,0,0,0,0,0,0,0,0,0,0,0,0,0,0,0,0,0,0,0,0,0,0,0,0,0,0,0,0,0,0,0,0,0,0,0,0,0,0,0,0,0,0,0,0,0,0,0,0,0,0,0,0,0,0,0,0,0,0,0,0,0,0,0,0,0,0,0,0,0,0,0,0,0,0,0,0,0,0,0,0,0,0,0,0,0,0,0,0,0,0,0,0,0,0,0,0,0,0,0,0,0,0,0,0,0,0,0,0,0,0,0,0,0,0,0,0,0,0,0,0,0,0,0,0,0,0,0,0,0,0,0,0,0,0,0,0,0,0,0,0,0,0,0,-128,-56,21,268,264,201,91,-47,-192,-305,-388,-434,-448,-426,-360,-270,-157,-26,108,238,370,481,561,614,628,605,542,440,303,142,-37,-216,-389,-545,-677,-771,-830,-844,-803,-726,-611,-455,-271,-66,134,338,538,708,856,956,1010,1028,989,902,768,591,382,163,-74,-314,-547,-759,-936,-1074,-1161,-1198,-1175,-1099,-969,-802,-596,-355,-87,181,440,681,904,1087,1216,1298,1319,1279,1190,1045,849,609,344,67,-229,-508,-769,-995,-1177,-1321,-1399,-1412,-1361,-1257,-1090,-876,-629,-345,-46,251,535,809,1039,1211,1340,1410,1417,1367,1248,1073,858,609,333,45,-239,-512,-765,-983,-1161,-1279,-1362,-1369,-1319,-1232,1197,-903,-664,-415,-148,123,396,652,874,1061,1214,1317,1375,1373,1311,1200,1035,821,574,300,10,-284,-566,-830,-1068,-1259,-1400,-1476,-1486,-1433,-1313,-1139,-910,-640,-334,-20,301,612,884,1116,1307,1432,1497,1494,1419,1285,1099,860,590,300,-10,-311,-598,-860,-1075,-1245,-1352,-1402,-1400,-1333,-1208,-1033,-819,-569,-290,6,290,570,826,1044,1207,1313,1367,1357,1282,1150,957,712,439,136,-169,-466,-739,-972,-1154,-1281,-1342,-1331,-1243,-1091,-879,-618,-326,-21,284,566,811,1007,1133,1188,1175,1092,949,751,511,259,3,-253,-478,-669,-817,-911,-949,-934,-859,-729,-555,-336,-79,200,464,693,847,890,803,639,-208,-168
28871,mtk,MTK 7916,2777264200,rx1-tx0,512,0,0,0,0,0,0,0,0,0,0,0,0,0,0,0,0,0,0,0,0,0,0,0,0,0,0,0,0,0,0,0,0,0,0,0,0,0,0,0,0,0,0,0,0,0,0,0,0,0,0,0,0,0,0,0,0,0,0,0,0,0,0,0,0,0,0,0,0,0,0,0,0,0,0,0,0,0,0,0,0,0,0,0,0,0,0,0,0,0,0,0,0,0,0,0,0,0,0,0,0,0,0,0,0,0,0,0,0,0,0,0,0,0,0,0,0,0,0,0,0,0,0,0,0,0,0,0,0,0,0,0,0,0,0,0,0,0,0,0,0,0,0,0,0,0,0,0,0,0,0,0,0,0,0,0,0,0,0,0,0,0,0,0,0,0,0,0,0,0,0,0,0,0,0,0,0,0,0,0,0,0,0,0,0,0,0,0,0,0,0,0,0,0,0,0,0,0,0,0,0,0,0,0,0,0,0,0,0,0,0,0,0,0,0,0,0,0,0,0,0,0,0,0,0,0,0,0,0,0,0,0,0,0,0,0,0,0,0,0,0,0,0,0,0,0,0,0,0,0,0,0,0,0,0,0,0,146,208,-89,-136,-164,-147,-96,-20,60,132,192,227,233,219,188,139,76,13,-54,-117,-177,-222,-251,-261,-250,-218,-177,-129,-58,15,84,144,194,230,249,249,236,210,174,131,73,18,-32,-78,-118,-147,-168,-181,-172,-163,-151,-135,-115,-89,-64,-34,-11,2,33,55,73,88,89,97,96,101,104,108,109,102,103,98,93,82,61,35,6,-33,-64,-101,-138,-174,-207,-225,-239,-254,-244,-211,-173,-118,-52,21,96,168,238,298,340,369,373,356,322,264,192,108,16,-80,-160,-244,-311,-360,-389,-404,-397,-365,-314,-245,-161,-80,7,101,185,264,319,355,388,398,380,341,-144,230,150,70,-25,-109,-186,-258,-313,-355,-380,-378,-346,-309,-263,-201,-127,-38,39,117,189,239,284,314,319,313,286,239,196,139,76,15,-43,-95,-147,-186,-220,-236,-240,-230,-212,-178,-146,-112,-70,-30,12,53,93,121,148,168,169,162,156,144,124,106,74,42,13,-25,-51,-73,-93,-102,-118,-132,-123,-116,-107,-85,-69,-51,-34,-15,11,29,47,66,76,95,110,111,118,110,90,74,50,30,9,-21,-54,-84,-108,-120,-128,-133,-121,-101,-84,-53,-20,9,43,79,102,112,118,120,109,93,69,37,3,-36,-76,-101,-117,-127,-113,-100,-63,-16,22,50,912,724,0,0,0,0,0,0,0,0,0,0,0,0,0,0,0,0,0,0,0,0,0,0,0,0,0,0,0,0,0,0,0,0,0,0,0,0,0,0,0,0,0,0,0,0,0,0,0,0,0,0,0,0,0,0,0,0,0,0,0,0,0,0,0,0,0,0,0,0,0,0,0,0,0,0,0,0,0,0,0,0,0,0,0,0,0,0,0,0,0,0,0,0,0,0,0,0,0,0,0,0,0,0,0,0,0,0,0,0,0,0,0,0,0,0,0,0,0,0,0,0,0,0,0,0,0,0,0,0,0,0,0,0,0,0,0,0,0,0,0,0,0,0,0,0,0,0,0,0,0,0,0,0,0,0,0,0,0,0,0,0,0,0,0,0,0,0,0,0,0,0,0,0,0,0,0,0,0,0,0,0,0,0,0,0,0,0,0,0,0,0,0,0,0,0,0,0,0,0,0,0,0,0,0,0,0,0,0,0,0,0,0,0,0,0,0,0,0,0,0,0,0,0,0,0,0,0,0,0,0,0,0,0,0,0,0,0,0,0,0,0,0,0,0,0,0,0,0,0,0,0,0,0,0,0,0,0,206,-1022,-1031,-29,38,112,170,203,202,179,129,60,-13,-80,-140,-197,-230,-243,-237,-215,-180,-127,-65,7,80,141,188,232,261,266,255,223,177,119,60,-3,-60,-114,-160,-198,-217,-219,-211,-193,-166,-130,-98,-59,-19,15,50,82,107,123,133,136,128,126,125,112,97,80,64,49,32,17,3,-14,-30,-44,-58,-77,-100,-117,-139,-148,-160,-165,-166,-166,-146,-122,-82,-38,5,59,133,183,232,278,308,325,322,301,255,194,121,38,-52,-136,-217,-293,-344,-383,-399,-388,-362,-319,-251,-178,-91,0,99,188,260,327,373,397,404,390,355,303,224,152,73,-15,-108,-190,147,-315,-355,-379,-382,-359,-329,-286,-225,-151,-63,37,118,186,247,302,344,356,347,323,278,226,170,96,25,-48,-118,-172,-214,-254,-275,-279,-270,-254,-219,-173,-124,-69,-22,24,74,113,142,172,190,197,195,183,162,140,115,80,35,1,-30,-65,-95,-119,-136,-135,-142,-144,-130,-111,-88,-65,-46,-17,14,27,49,70,78,86,91,99,106,103,93,77,61,52,28,7,-14,-45,-67,-91,-111,-116,-122,-119,-113,-97,-72,-48,-18,15,51,73,95,115,124,128,126,104,74,46,12,-26,-58,-84,-106,-122,-126,-120,-100,-68,-40,0,38,70,105,113,102,86,-526,-758
28872,mtk,MTK 7916,2777264200,rx1-tx1,512,0,0,0,0,0,0,0,0,0,0,0,0,0,0,0,0,0,0,0,0,0,0,0,0,0,0,0,0,0,0,0,0,0,0,0,0,0,0,0,0,0,0,0,0,0,0,0,0,0,0,0,0,0,0,0,0,0,0,0,0,0,0,0,0,0,0,0,0,0,0,0,0,0,0,0,0,0,0,0,0,0,0,0,0,0,0,0,0,0,0,0,0,0,0,0,0,0,0,0,0,0,0,0,0,0,0,0,0,0,0,0,0,0,0,0,0,0,0,0,0,0,0,0,0,0,0,0,0,0,0,0,0,0,0,0,0,0,0,0,0,0,0,0,0,0,0,0,0,0,0,0,0,0,0,0,0,0,0,0,0,0,0,0,0,0,0,0,0,0,0,0,0,0,0,0,0,0,0,0,0,0,0,0,0,0,0,0,0,0,0,0,0,0,0,0,0,0,0,0,0,0,0,0,0,0,0,0,0,0,0,0,0,0,0,0,0,0,0,0,0,0,0,0,0,0,0,0,0,0,0,0,0,0,0,0,0,0,0,0,0,0,0,0,0,0,0,0,0,0,0,0,0,0,0,0,0,-411,-957,-814,-50,-64,-67,-62,-43,-14,21,57,83,90,74,43,3,-41,-73,-85,-85,-58,-14,31,69,93,88,63,24,-22,-66,-90,-87,-63,-27,20,58,71,71,54,17,-18,-42,-52,-53,-36,-10,13,30,29,21,5,-4,-13,-9,4,16,23,22,8,-10,-24,-43,-49,-36,-6,28,59,75,66,34,-2,-43,-78,-97,-81,-34,25,76,100,96,68,17,-38,-82,-108,-104,-62,-1,52,79,92,83,45,-12,-59,-91,-98,-70,-18,30,66,79,73,49,6,-38,-62,-70,-58,-25,12,36,49,46,30,13,0,-18,-25,-18,-14,-12,-10,-13,-17,-12,0,18,0,57,67,55,19,-28,-76,-113,-126,-105,-43,42,125,173,178,138,51,-62,-167,-232,-234,-165,-50,85,207,278,269,182,46,-108,-242,-314,-297,-190,-31,138,273,336,304,185,10,-169,-303,-340,-284,-155,20,196,313,342,272,122,-63,-226,-325,-335,-242,-82,96,246,318,298,194,32,-143,-275,-323,-273,-145,17,178,295,324,257,121,-47,-205,-308,-324,-246,-104,63,213,302,306,226,83,-75,-211,-285,-282,-210,-81,70,194,262,255,184,72,-55,-162,-223,-218,-154,-51,56,142,185,177,119,30,-66,-142,-177,-167,-114,-27,68,141,185,192,155,92,12,-65,-135,-920,-1008,0,0,0,0,0,0,0,0,0,0,0,0,0,0,0,0,0,0,0,0,0,0,0,0,0,0,0,0,0,0,0,0,0,0,0,0,0,0,0,0,0,0,0,0,0,0,0,0,0,0,0,0,0,0,0,0,0,0,0,0,0,0,0,0,0,0,0,0,0,0,0,0,0,0,0,0,0,0,0,0,0,0,0,0,0,0,0,0,0,0,0,0,0,0,0,0,0,0,0,0,0,0,0,0,0,0,0,0,0,0,0,0,0,0,0,0,0,0,0,0,0,0,0,0,0,0,0,0,0,0,0,0,0,0,0,0,0,0,0,0,0,0,0,0,0,0,0,0,0,0,0,0,0,0,0,0,0,0,0,0,0,0,0,0,0,0,0,0,0,0,0,0,0,0,0,0,0,0,0,0,0,0,0,0,0,0,0,0,0,0,0,0,0,0,0,0,0,0,0,0,0,0,0,0,0,0,0,0,0,0,0,0,0,0,0,0,0,0,0,0,0,0,0,0,0,0,0,0,0,0,0,0,0,0,0,0,0,0,0,0,0,0,0,0,0,0,0,0,0,0,0,0,0,0,0,0,-92,404,668,20,4,-19,-45,-69,-82,-80,-61,-32,6,49,80,94,85,52,8,-35,-74,-95,-92,-64,-19,30,67,94,99,69,23,-22,-63,-86,-88,-62,-22,16,44,65,63,42,12,-17,-36,-49,-40,-21,0,10,17,19,9,-9,-17,-10,-4,9,21,30,27,9,-21,-46,-56,-48,-28,7,43,69,82,72,35,-14,-60,-89,-90,-73,-33,26,74,101,100,71,17,-37,-78,-98,-89,-50,5,60,95,97,69,25,-18,-58,-84,-81,-50,-8,32,60,70,60,31,-4,-34,-53,-57,-44,-18,9,25,31,29,22,13,0,-7,-7,-4,-2,-5,-18,-29,-31,0,-11,23,57,82,89,75,29,-36,-102,-148,-156,-120,-44,52,139,200,209,162,59,-72,-184,-248,-250,-176,-50,94,217,287,283,191,42,-123,-261,-327,-302,-187,-18,156,290,341,295,160,-14,-185,-309,-347,-279,-144,40,212,318,329,255,103,-84,-242,-323,-311,-216,-60,122,264,326,295,174,-2,-168,-287,-323,-269,-138,36,197,297,321,252,114,-56,-210,-307,-319,-241,-95,72,211,295,300,220,83,-65,-194,-269,-263,-194,-78,57,175,241,237,171,64,-56,-149,-195,-190,-135,-46,58,143,181,169,114,27,-64,-140,-185,-183,-128,-47,41,123,177,195,181,134,-442,-169
28873,mtk,MTK 7916,2777264200,rx2-tx0,512,0,0,0,0,0,0,0,0,0,0,0,0,0,0,0,0,0,0,0,0,0,0,0,0,0,0,0,0,0,0,0,0,0,0,0,0,0,0,0,0,0,0,0,0,0,0,0,0,0,0,0,0,0,0,0,0,0,0,0,0,0,0,0,0,0,0,0,0,0,0,0,0,0,0,0,0,0,0,0,0,0,0,0,0,0,0,0,0,0,0,0,0,0,0,0,0,0,0,0,0,0,0,0,0,0,0,0,0,0,0,0,0,0,0,0,0,0,0,0,0,0,0,0,0,0,0,0,0,0,0,0,0,0,0,0,0,0,0,0,0,0,0,0,0,0,0,0,0,0,0,0,0,0,0,0,0,0,0,0,0,0,0,0,0,0,0,0,0,0,0,0,0,0,0,0,0,0,0,0,0,0,0,0,0,0,0,0,0,0,0,0,0,0,0,0,0,0,0,0,0,0,0,0,0,0,0,0,0,0,0,0,0,0,0,0,0,0,0,0,0,0,0,0,0,0,0,0,0,0,0,0,0,0,0,0,0,0,0,0,0,0,0,0,0,0,0,0,0,0,0,0,0,0,0,0,0,-136,-390,-57,-48,-27,-1,29,60,80,87,78,53,20,-19,-57,-82,-85,-70,-40,-2,39,68,81,80,61,26,-12,-48,-73,-83,-75,-53,-21,18,55,82,97,84,52,11,-35,-79,-110,-118,-99,-57,5,76,135,159,140,84,0,-93,-163,-192,-174,-102,5,116,198,229,194,97,-33,-162,-254,-273,-206,-75,83,218,294,291,194,31,-146,-292,-354,-308,-165,31,229,361,391,298,108,-124,-319,-425,-408,-261,-32,209,398,468,401,208,-56,-308,-466,-490,-370,-132,153,384,502,474,303,34,-246,-451,-516,-424,-204,76,336,496,497,347,93,-196,-424,-518,-459,-256,33,313,0,528,392,131,-170,-418,-543,-501,-302,-7,290,506,573,462,204,-115,-404,-576,-578,-398,-95,236,492,605,542,316,-11,-334,-564,-631,-511,-238,105,418,609,625,454,154,-187,-466,-613,-584,-388,-83,233,480,593,532,324,28,-264,-470,-539,-456,-248,16,269,436,468,370,174,-66,-279,-393,-393,-291,-110,92,261,344,323,210,45,-126,-251,-299,-254,-141,4,143,234,254,203,92,-41,-161,-230,-231,-162,-51,72,174,223,209,142,37,-82,-174,-223,-214,-145,-42,68,163,214,208,152,63,-44,-140,-198,-204,-163,-84,10,103,172,200,187,142,69,-15,-90,-142,-167,-163,-1112,-941,0,0,0,0,0,0,0,0,0,0,0,0,0,0,0,0,0,0,0,0,0,0,0,0,0,0,0,0,0,0,0,0,0,0,0,0,0,0,0,0,0,0,0,0,0,0,0,0,0,0,0,0,0,0,0,0,0,0,0,0,0,0,0,0,0,0,0,0,0,0,0,0,0,0,0,0,0,0,0,0,0,0,0,0,0,0,0,0,0,0,0,0,0,0,0,0,0,0,0,0,0,0,0,0,0,0,0,0,0,0,0,0,0,0,0,0,0,0,0,0,0,0,0,0,0,0,0,0,0,0,0,0,0,0,0,0,0,0,0,0,0,0,0,0,0,0,0,0,0,0,0,0,0,0,0,0,0,0,0,0,0,0,0,0,0,0,0,0,0,0,0,0,0,0,0,0,0,0,0,0,0,0,0,0,0,0,0,0,0,0,0,0,0,0,0,0,0,0,0,0,0,0,0,0,0,0,0,0,0,0,0,0,0,0,0,0,0,0,0,0,0,0,0,0,0,0,0,0,0,0,0,0,0,0,0,0,0,0,0,0,0,0,0,0,0,0,0,0,0,0,0,0,0,0,0,0,1335,1093,1145,-46,-69,-81,-82,-67,-38,0,38,69,85,84,66,33,-10,-47,-70,-83,-79,-56,-17,25,60,80,80,65,42,6,-34,-64,-81,-84,-67,-38,-2,42,82,102,104,84,40,-22,-79,-121,-140,-126,-75,1,82,142,171,157,93,-3,-97,-176,-215,-188,-103,15,133,224,249,200,93,-48,-185,-274,-278,-193,-52,112,255,324,296,179,1,-186,-323,-369,-300,-136,73,266,390,395,276,66,-167,-357,-442,-401,-238,8,257,435,491,390,169,-99,-345,-492,-489,-336,-88,193,420,519,462,262,-24,-296,-480,-519,-396,-152,132,380,514,485,300,26,-252,-457,-522,-424,0,105,373,529,519,350,78,-224,-467,-567,-489,-260,49,352,545,572,428,155,-174,-455,-595,-555,-354,-45,285,532,621,523,271,-60,-382,-592,-624,-474,-191,147,450,621,608,418,116,-216,-485,-610,-561,-359,-58,251,481,571,501,292,9,-267,-455,-510,-417,-214,37,270,414,435,332,140,-84,-271,-370,-357,-247,-75,112,259,323,287,175,17,-139,-245,-277,-229,-113,28,153,235,243,181,69,-60,-169,-229,-219,-151,-40,82,176,225,210,143,39,-74,-169,-218,-212,-149,-48,64,155,205,206,154,64,-34,-122,-182,-206,-178,-109,-17,71,146,193,201,173,119,55,-16,400,704
28874,mtk,MTK 7916,2777264200,rx2-tx1,512,0,0,0,0,0,0,0,0,0,0,0,0,0,0,0,0,0,0,0,0,0,0,0,0,0,0,0,0,0,0,0,0,0,0,0,0,0,0,0,0,0,0,0,0,0,0,0,0,0,0,0,0,0,0,0,0,0,0,0,0,0,0,0,0,0,0,0,0,0,0,0,0,0,0,0,0,0,0,0,0,0,0,0,0,0,0,0,0,0,0,0,0,0,0,0,0,0,0,0,0,0,0,0,0,0,0,0,0,0,0,0,0,0,0,0,0,0,0,0,0,0,0,0,0,0,0,0,0,0,0,0,0,0,0,0,0,0,0,0,0,0,0,0,0,0,0,0,0,0,0,0,0,0,0,0,0,0,0,0,0,0,0,0,0,0,0,0,0,0,0,0,0,0,0,0,0,0,0,0,0,0,0,0,0,0,0,0,0,0,0,0,0,0,0,0,0,0,0,0,0,0,0,0,0,0,0,0,0,0,0,0,0,0,0,0,0,0,0,0,0,0,0,0,0,0,0,0,0,0,0,0,0,0,0,0,0,0,0,0,0,0,0,0,0,0,0,0,0,0,0,0,0,0,0,0,0,236,881,947,-40,-43,-29,-3,21,44,61,66,51,29,3,-28,-54,-64,-60,-35,1,39,65,68,54,30,-11,-54,-75,-74,-57,-19,32,74,93,81,44,-14,-68,-103,-110,-84,-30,41,108,140,127,67,-15,-99,-152,-157,-114,-36,64,147,196,181,103,-12,-124,-211,-240,-187,-70,68,196,274,272,180,26,-145,-279,-335,-296,-160,34,218,342,378,295,117,-99,-291,-402,-393,-260,-47,191,374,441,384,219,-18,-267,-434,-467,-354,-142,112,337,465,454,304,67,-193,-401,-489,-424,-228,27,260,417,450,342,132,-107,-314,-422,-393,-242,-24,197,356,400,323,140,-84,-280,0,-360,-221,-12,198,342,372,281,106,-96,-278,-373,-339,-199,-2,197,347,390,304,118,-101,-289,-385,-370,-241,-31,188,340,396,329,160,-57,-248,-366,-373,-270,-80,123,284,360,328,196,14,-167,-294,-329,-261,-122,52,197,272,264,182,36,-110,-209,-242,-200,-106,16,130,197,187,124,24,-86,-157,-170,-137,-61,32,111,156,147,83,-4,-85,-143,-147,-105,-35,40,104,137,124,76,12,-57,-114,-128,-108,-58,9,75,112,111,81,30,-30,-71,-90,-86,-56,-13,29,59,68,55,24,-8,-30,-44,-44,-29,-5,18,33,35,19,0,-23,-38,-48,-52,-37,1,275,522,0,0,0,0,0,0,0,0,0,0,0,0,0,0,0,0,0,0,0,0,0,0,0,0,0,0,0,0,0,0,0,0,0,0,0,0,0,0,0,0,0,0,0,0,0,0,0,0,0,0,0,0,0,0,0,0,0,0,0,0,0,0,0,0,0,0,0,0,0,0,0,0,0,0,0,0,0,0,0,0,0,0,0,0,0,0,0,0,0,0,0,0,0,0,0,0,0,0,0,0,0,0,0,0,0,0,0,0,0,0,0,0,0,0,0,0,0,0,0,0,0,0,0,0,0,0,0,0,0,0,0,0,0,0,0,0,0,0,0,0,0,0,0,0,0,0,0,0,0,0,0,0,0,0,0,0,0,0,0,0,0,0,0,0,0,0,0,0,0,0,0,0,0,0,0,0,0,0,0,0,0,0,0,0,0,0,0,0,0,0,0,0,0,0,0,0,0,0,0,0,0,0,0,0,0,0,0,0,0,0,0,0,0,0,0,0,0,0,0,0,0,0,0,0,0,0,0,0,0,0,0,0,0,0,0,0,0,0,0,0,0,0,0,0,0,0,0,0,0,0,0,0,0,0,0,0,-351,384,114,-18,-37,-53,-59,-59,-50,-29,2,34,55,61,53,33,3,-28,-57,-69,-60,-33,6,43,71,77,57,18,-23,-61,-84,-79,-45,-3,44,89,98,75,35,-18,-81,-122,-118,-76,-10,64,122,145,121,50,-43,-125,-178,-174,-109,-13,88,174,211,183,93,-35,-162,-241,-246,-185,-59,103,236,307,290,178,1,-180,-315,-353,-289,-145,59,256,375,386,279,82,-149,-335,-423,-387,-239,-11,225,401,456,383,184,-75,-309,-452,-464,-338,-104,161,373,475,436,269,30,-222,-411,-470,-384,-188,62,289,423,420,293,83,-155,-335,-405,-357,-196,28,239,370,379,269,0,-139,-309,-374,-319,-163,53,247,359,362,248,52,-158,-313,-373,-325,-167,50,250,369,380,275,76,-146,-322,-397,-349,-199,12,219,360,390,296,117,-92,-278,-371,-346,-226,-45,154,297,350,297,160,-18,-185,-287,-300,-224,-80,87,209,257,237,138,0,-128,-203,-219,-161,-56,54,143,185,161,84,-13,-96,-150,-155,-109,-24,65,123,142,125,64,-21,-97,-140,-143,-97,-25,51,109,134,120,68,-6,-69,-114,-121,-89,-37,19,72,104,103,67,18,-26,-61,-81,-75,-43,-5,29,50,55,43,21,-4,-27,-39,-35,-14,10,27,37,42,28,3,-21,-44,-55,917,808
28875,mtk,MTK 7916,2777319762,rx0-tx0,512,0,0,0,0,0,0,0,0,0,0,0,0,0,0,0,0,0,0,0,0,0,0,0,0,0,0,0,0,0,0,0,0,0,0,0,0,0,0,0,0,0,0,0,0,0,0,0,0,0,0,0,0,0,0,0,0,0,0,0,0,0,0,0,0,0,0,0,0,0,0,0,0,0,0,0,0,0,0,0,0,0,0,0,0,0,0,0,0,0,0,0,0,0,0,0,0,0,0,0,0,0,0,0,0,0,0,0,0,0,0,0,0,0,0,0,0,0,0,0,0,0,0,0,0,0,0,0,0,0,0,0,0,0,0,0,0,0,0,0,0,0,0,0,0,0,0,0,0,0,0,0,0,0,0,0,0,0,0,0,0,0,0,0,0,0,0,0,0,0,0,0,0,0,0,0,0,0,0,0,0,0,0,0,0,0,0,0,0,0,0,0,0,0,0,0,0,0,0,0,0,0,0,0,0,0,0,0,0,0,0,0,0,0,0,0,0,0,0,0,0,0,0,0,0,0,0,0,0,0,0,0,0,0,0,0,0,0,0,0,0,0,0,0,0,0,0,0,0,0,0,0,0,0,0,0,0,-273,953,846,-242,-247,-187,-73,61,189,288,347,367,350,296,204,94,-26,-148,-253,-345,-411,-445,-448,-409,-337,-234,-112,29,174,308,431,521,569,562,524,448,331,188,24,-143,-301,-438,-531,-594,-625,-614,-553,-463,-338,-192,-41,120,272,406,522,608,648,658,635,568,466,329,163,-16,-192,-362,-508,-627,-712,-745,-735,-679,-574,-433,-261,-69,129,312,480,614,706,768,777,726,635,502,346,173,-27,-200,-362,-515,-618,-682,-711,-690,-629,-546,-426,-281,-133,28,180,312,430,521,582,612,612,584,524,443,332,207,81,-62,-197,-327,-437,-528,-601,-640,-647,-614,-554,-456,-331,-185,-1687,149,315,458,581,682,744,753,718,643,530,387,220,44,-143,-329,-488,-630,-739,-803,-824,-806,-740,-630,-479,-300,-104,115,334,533,714,867,968,1013,997,918,785,586,339,68,-212,-492,-756,-969,-1121,-1209,-1214,-1137,-983,-758,-469,-155,176,499,795,1035,1200,1289,1288,1201,1033,794,507,183,-156,-478,-762,-996,-1157,-1244,-1241,-1159,-996,-776,-499,-196,117,426,702,930,1084,1167,1168,1088,940,725,452,152,-149,-446,-716,-923,-1059,-1114,-1086,-973,-783,-539,-263,30,313,566,771,913,974,961,873,717,517,278,16,-239,-482,-673,-815,-889,-885,-805,-639,-393,-83,253,557,775,852,784,760,899,0,0,0,0,0,0,0,0,0,0,0,0,0,0,0,0,0,0,0,0,0,0,0,0,0,0,0,0,0,0,0,0,0,0,0,0,0,0,0,0,0,0,0,0,0,0,0,0,0,0,0,0,0,0,0,0,0,0,0,0,0,0,0,0,0,0,0,0,0,0,0,0,0,0,0,0,0,0,0,0,0,0,0,0,0,0,0,0,0,0,0,0,0,0,0,0,0,0,0,0,0,0,0,0,0,0,0,0,0,0,0,0,0,0,0,0,0,0,0,0,0,0,0,0,0,0,0,0,0,0,0,0,0,0,0,0,0,0,0,0,0,0,0,0,0,0,0,0,0,0,0,0,0,0,0,0,0,0,0,0,0,0,0,0,0,0,0,0,0,0,0,0,0,0,0,0,0,0,0,0,0,0,0,0,0,0,0,0,0,0,0,0,0,0,0,0,0,0,0,0,0,0,0,0,0,0,0,0,0,0,0,0,0,0,0,0,0,0,0,0,0,0,0,0,0,0,0,0,0,0,0,0,0,0,0,0,0,0,0,0,0,0,0,0,0,0,0,0,0,0,0,0,0,0,0,0,-1322,-212,-477,5,122,240,318,335,296,210,98,-21,-138,-245,-331,-383,-403,-387,-335,-257,-150,-30,102,230,342,430,487,514,491,434,340,209,56,-99,-246,-387,-498,-574,-605,-597,-547,-443,-312,-168,-15,146,300,430,536,597,629,627,582,501,389,248,90,-65,-225,-378,-507,-613,-684,-708,-690,-631,-522,-386,-217,-29,155,340,504,634,728,771,761,707,608,467,305,126,-74,-265,-438,-574,-669,-739,-753,-708,-642,-526,-380,-222,-55,121,277,416,535,609,651,662,623,558,471,357,228,88,-57,-192,-317,-424,-509,-565,-601,-605,-579,-524,-437,-338,-213,-71,84,234,373,497,591,663,-175,695,643,557,440,293,118,-67,-242,-409,-557,-670,-744,-782,-779,-724,-632,-508,-344,-158,33,226,412,584,728,829,894,910,863,767,633,454,234,-5,-261,-504,-730,-923,-1053,-1112,-1113,-1044,-901,-689,-425,-132,185,492,778,1017,1183,1265,1268,1188,1026,783,494,169,-173,-495,-790,-1018,-1184,-1276,-1277,-1192,-1026,-790,-503,-187,139,450,728,956,1118,1198,1205,1128,977,754,486,193,-121,-417,-686,-914,-1067,-1142,-1136,-1056,-891,-657,-383,-85,222,511,750,927,1028,1052,991,855,659,410,137,-136,-391,-608,-770,-883,-914,-876,-764,-591,-374,-116,156,423,662,839,926,891,731,455,106,-193,591,348
28876,mtk,MTK 7916,2777319762,rx0-tx1,512,0,0,0,0,0,0,0,0,0,0,0,0,0,0,0,0,0,0,0,0,0,0,0,0,0,0,0,0,0,0,0,0,0,0,0,0,0,0,0,0,0,0,0,0,0,0,0,0,0,0,0,0,0,0,0,0,0,0,0,0,0,0,0,0,0,0,0,0,0,0,0,0,0,0,0,0,0,0,0,0,0,0,0,0,0,0,0,0,0,0,0,0,0,0,0,0,0,0,0,0,0,0,0,0,0,0,0,0,0,0,0,0,0,0,0,0,0,0,0,0,0,0,0,0,0,0,0,0,0,0,0,0,0,0,0,0,0,0,0,0,0,0,0,0,0,0,0,0,0,0,0,0,0,0,0,0,0,0,0,0,0,0,0,0,0,0,0,0,0,0,0,0,0,0,0,0,0,0,0,0,0,0,0,0,0,0,0,0,0,0,0,0,0,0,0,0,0,0,0,0,0,0,0,0,0,0,0,0,0,0,0,0,0,0,0,0,0,0,0,0,0,0,0,0,0,0,0,0,0,0,0,0,0,0,0,0,0,0,0,0,0,0,0,0,0,0,0,0,0,0,0,0,0,0,0,0,-730,-262,-267,192,133,15,-126,-252,-341,-383,-370,-311,-221,-102,38,172,296,405,479,514,507,452,360,223,62,-112,-288,-454,-592,-681,-725,-705,-623,-490,-316,-116,106,328,533,707,834,895,893,827,707,528,299,49,-214,-468,-689,-874,-1007,-1066,-1055,-970,-816,-617,-365,-83,217,505,757,969,1113,1188,1191,1117,961,747,481,177,-143,-451,-738,-988,-1172,-1278,-1301,-1256,-1127,-925,-653,-338,-3,339,656,940,1174,1318,1387,1369,1255,1075,823,517,170,-180,-529,-844,-1098,-1290,-1393,-1408,-1343,-1190,-956,-669,-337,14,361,678,955,1168,1311,1369,1349,1242,1057,824,533,217,-119,-435,-725,-971,-1157,-1284,-546,-1298,-1178,-1000,-770,-489,-175,136,442,729,981,1169,1296,1342,1314,1210,1029,786,493,174,-163,-496,-806,-1071,-1273,-1395,-1436,-1388,-1248,-1032,-751,-420,-58,307,661,970,1220,1389,1463,1445,1345,1164,908,594,242,-120,-471,-789,-1060,-1262,-1386,-1421,-1359,-1224,-1020,-748,-433,-93,253,579,870,1100,1266,1354,1360,1288,1120,887,595,258,-90,-430,-746,-1017,-1225,-1341,-1376,-1309,-1149,-913,-613,-280,79,437,762,1030,1214,1319,1316,1218,1032,768,445,92,-254,-583,-857,-1056,-1166,-1181,-1098,-939,-704,-423,-120,185,464,693,855,951,970,908,777,586,346,76,-203,-472,-700,-868,-936,-881,-705,-417,-65,228,-148,-198,0,0,0,0,0,0,0,0,0,0,0,0,0,0,0,0,0,0,0,0,0,0,0,0,0,0,0,0,0,0,0,0,0,0,0,0,0,0,0,0,0,0,0,0,0,0,0,0,0,0,0,0,0,0,0,0,0,0,0,0,0,0,0,0,0,0,0,0,0,0,0,0,0,0,0,0,0,0,0,0,0,0,0,0,0,0,0,0,0,0,0,0,0,0,0,0,0,0,0,0,0,0,0,0,0,0,0,0,0,0,0,0,0,0,0,0,0,0,0,0,0,0,0,0,0,0,0,0,0,0,0,0,0,0,0,0,0,0,0,0,0,0,0,0,0,0,0,0,0,0,0,0,0,0,0,0,0,0,0,0,0,0,0,0,0,0,0,0,0,0,0,0,0,0,0,0,0,0,0,0,0,0,0,0,0,0,0,0,0,0,0,0,0,0,0,0,0,0,0,0,0,0,0,0,0,0,0,0,0,0,0,0,0,0,0,0,0,0,0,0,0,0,0,0,0,0,0,0,0,0,0,0,0,0,0,0,0,0,0,0,0,0,0,0,0,0,0,0,0,0,0,0,0,0,0,0,-128,-56,21,-141,-243,-312,-313,-252,-143,-8,132,256,352,420,439,416,358,264,139,-5,-155,-304,-436,-542,-601,-615,-577,-488,-344,-169,29,234,425,590,717,796,815,771,661,501,299,64,-176,-411,-625,-800,-921,-983,-979,-901,-758,-567,-326,-56,222,493,732,924,1066,1136,1129,1043,890,675,413,121,-185,-489,-758,-978,-1148,-1245,-1260,-1187,-1046,-830,-556,-248,72,391,699,965,1171,1296,1351,1316,1195,1008,738,422,85,-271,-598,-893,-1140,-1314,-1400,-1401,-1318,-1143,-896,-595,-252,103,446,769,1038,1237,1363,1403,1350,1220,1012,739,432,93,-243,-563,-844,-1070,-1236,-1327,-1336,-1259,-1118,-904,-642,-343,1197,292,594,849,1067,1226,1307,1309,1242,1105,898,640,342,21,-297,-612,-893,-1121,-1284,-1370,-1378,-1306,-1154,-930,-638,-303,46,401,734,1022,1256,1407,1469,1435,1313,1108,835,504,139,-224,-575,-889,-1149,-1335,-1436,-1445,-1363,-1200,-966,-675,-340,18,370,688,967,1187,1324,1386,1362,1259,1075,820,523,193,-150,-490,-797,-1047,-1235,-1344,-1365,-1298,-1149,-926,-626,-290,66,422,743,1017,1215,1330,1352,1281,1118,870,560,210,-156,-499,-805,-1049,-1213,-1272,-1233,-1105,-886,-600,-280,56,374,654,877,1014,1072,1045,935,753,521,255,-30,-301,-541,-732,-866,-923,-902,-796,-609,-348,-31,295,583,784,841,761,-208,-168
28877,mtk,MTK 7916,2777319762,rx1-tx0,512,0,0,0,0,0,0,0,0,0,0,0,0,0,0,0,0,0,0,0,0,0,0,0,0,0,0,0,0,0,0,0,0,0,0,0,0,0,0,0,0,0,0,0,0,0,0,0,0,0,0,0,0,0,0,0,0,0,0,0,0,0,0,0,0,0,0,0,0,0,0,0,0,0,0,0,0,0,0,0,0,0,0,0,0,0,0,0,0,0,0,0,0,0,0,0,0,0,0,0,0,0,0,0,0,0,0,0,0,0,0,0,0,0,0,0,0,0,0,0,0,0,0,0,0,0,0,0,0,0,0,0,0,0,0,0,0,0,0,0,0,0,0,0,0,0,0,0,0,0,0,0,0,0,0,0,0,0,0,0,0,0,0,0,0,0,0,0,0,0,0,0,0,0,0,0,0,0,0,0,0,0,0,0,0,0,0,0,0,0,0,0,0,0,0,0,0,0,0,0,0,0,0,0,0,0,0,0,0,0,0,0,0,0,0,0,0,0,0,0,0,0,0,0,0,0,0,0,0,0,0,0,0,0,0,0,0,0,0,0,0,0,0,0,0,0,0,0,0,0,0,0,0,0,0,0,0,146,208,-89,69,134,175,183,149,85,5,-76,-150,-201,-228,-227,-206,-160,-102,-31,55,129,190,232,257,260,234,188,115,36,-42,-122,-187,-230,-256,-258,-243,-202,-153,-88,-11,54,114,159,190,210,204,186,159,127,83,37,1,-40,-75,-97,-111,-111,-111,-105,-95,-84,-70,-61,-47,-43,-32,-19,-13,-5,13,36,58,80,104,123,147,166,169,167,154,117,71,11,-59,-134,-202,-263,-307,-337,-335,-306,-252,-172,-73,27,141,253,328,399,442,437,408,337,248,151,27,-101,-218,-324,-404,-447,-469,-452,-403,-330,-228,-112,9,129,235,332,406,444,455,441,390,315,224,-144,-10,-128,-237,-331,-400,-442,-453,-430,-386,-310,-207,-100,13,127,227,308,362,398,408,384,340,271,195,97,1,-86,-178,-250,-300,-336,-343,-331,-308,-265,-202,-124,-39,36,107,185,233,276,304,315,307,269,216,157,88,12,-66,-139,-198,-244,-287,-302,-295,-267,-219,-162,-97,-24,44,111,178,227,256,265,264,238,206,167,102,36,-22,-88,-148,-195,-232,-250,-257,-235,-204,-158,-100,-46,28,103,167,211,248,263,245,220,175,109,37,-43,-114,-170,-220,-247,-241,-226,-187,-124,-60,12,79,143,180,203,214,199,165,112,46,-24,-89,-147,-182,-186,-161,-99,-39,912,724,0,0,0,0,0,0,0,0,0,0,0,0,0,0,0,0,0,0,0,0,0,0,0,0,0,0,0,0,0,0,0,0,0,0,0,0,0,0,0,0,0,0,0,0,0,0,0,0,0,0,0,0,0,0,0,0,0,0,0,0,0,0,0,0,0,0,0,0,0,0,0,0,0,0,0,0,0,0,0,0,0,0,0,0,0,0,0,0,0,0,0,0,0,0,0,0,0,0,0,0,0,0,0,0,0,0,0,0,0,0,0,0,0,0,0,0,0,0,0,0,0,0,0,0,0,0,0,0,0,0,0,0,0,0,0,0,0,0,0,0,0,0,0,0,0,0,0,0,0,0,0,0,0,0,0,0,0,0,0,0,0,0,0,0,0,0,0,0,0,0,0,0,0,0,0,0,0,0,0,0,0,0,0,0,0,0,0,0,0,0,0,0,0,0,0,0,0,0,0,0,0,0,0,0,0,0,0,0,0,0,0,0,0,0,0,0,0,0,0,0,0,0,0,0,0,0,0,0,0,0,0,0,0,0,0,0,0,0,0,0,0,0,0,0,0,0,0,0,0,0,0,0,0,0,0,0,206,-1022,-1031,127,91,21,-60,-138,-192,-213,-207,-167,-104,-32,44,116,175,217,242,243,215,164,101,27,-51,-128,-192,-245,-270,-272,-250,-194,-133,-61,13,86,154,201,236,243,231,202,156,108,49,-10,-60,-104,-134,-164,-168,-165,-152,-125,-96,-68,-42,-18,4,20,36,47,57,63,69,76,76,76,84,95,96,93,90,74,59,34,-6,-45,-88,-141,-189,-229,-253,-260,-246,-210,-156,-86,4,96,186,269,337,379,402,395,336,260,172,48,-71,-186,-296,-374,-439,-471,-462,-415,-345,-239,-126,-7,124,236,335,410,447,460,440,391,319,214,99,-12,-125,-236,-320,-387,147,-452,-437,-392,-312,-215,-105,14,124,231,324,390,421,428,409,359,286,192,91,-13,-112,-202,-279,-337,-374,-373,-360,-326,-260,-187,-106,-17,61,135,206,263,300,321,314,305,271,208,148,72,-6,-84,-158,-214,-259,-290,-305,-299,-275,-226,-167,-99,-18,58,127,192,235,268,280,267,252,213,160,99,32,-38,-105,-153,-196,-233,-242,-242,-236,-207,-165,-111,-46,28,99,152,202,230,252,260,240,199,145,84,0,-72,-133,-195,-234,-253,-255,-224,-183,-129,-50,21,90,159,204,228,234,221,181,124,62,-9,-77,-135,-181,-205,-205,-179,-135,-67,8,80,128,138,-526,-758
28878,mtk,MTK 7916,2777319762,rx1-tx1,512,0,0,0,0,0,0,0,0,0,0,0,0,0,0,0,0,0,0,0,0,0,0,0,0,0,0,0,0,0,0,0,0,0,0,0,0,0,0,0,0,0,0,0,0,0,0,0,0,0,0,0,0,0,0,0,0,0,0,0,0,0,0,0,0,0,0,0,0,0,0,0,0,0,0,0,0,0,0,0,0,0,0,0,0,0,0,0,0,0,0,0,0,0,0,0,0,0,0,0,0,0,0,0,0,0,0,0,0,0,0,0,0,0,0,0,0,0,0,0,0,0,0,0,0,0,0,0,0,0,0,0,0,0,0,0,0,0,0,0,0,0,0,0,0,0,0,0,0,0,0,0,0,0,0,0,0,0,0,0,0,0,0,0,0,0,0,0,0,0,0,0,0,0,0,0,0,0,0,0,0,0,0,0,0,0,0,0,0,0,0,0,0,0,0,0,0,0,0,0,0,0,0,0,0,0,0,0,0,0,0,0,0,0,0,0,0,0,0,0,0,0,0,0,0,0,0,0,0,0,0,0,0,0,0,0,0,0,0,0,0,0,0,0,0,0,0,0,0,0,0,0,0,0,0,0,0,-411,-957,-814,27,17,-1,-26,-54,-75,-88,-88,-74,-44,-2,38,70,89,90,72,43,5,-41,-83,-102,-98,-74,-35,6,46,82,100,89,64,24,-25,-58,-77,-80,-65,-35,1,26,41,44,44,33,12,-11,-16,-16,-15,-6,3,8,6,-5,-20,-30,-28,-19,-3,19,45,59,57,41,14,-27,-62,-83,-82,-64,-33,18,71,99,100,86,52,2,-54,-95,-109,-101,-70,-17,43,89,107,101,74,26,-28,-78,-107,-106,-78,-37,18,66,88,96,81,44,-3,-43,-70,-84,-73,-42,-5,23,44,58,55,38,17,1,-13,-22,-24,-21,-19,-21,-27,-23,-16,-3,0,36,62,78,78,55,19,-31,-77,-120,-140,-125,-79,-9,74,148,194,200,153,65,-46,-146,-223,-253,-219,-132,-8,120,222,283,278,205,82,-69,-210,-299,-312,-259,-145,9,166,279,324,293,195,44,-115,-250,-327,-322,-233,-88,73,220,310,326,266,136,-34,-183,-278,-314,-269,-155,-5,145,259,306,280,192,54,-103,-236,-307,-304,-233,-104,48,190,285,311,260,155,15,-129,-236,-290,-282,-208,-94,40,162,237,255,219,140,31,-85,-170,-209,-202,-151,-67,29,110,160,172,139,75,0,-75,-134,-158,-150,-103,-28,49,116,164,177,159,114,53,-15,-71,-121,-920,-1008,0,0,0,0,0,0,0,0,0,0,0,0,0,0,0,0,0,0,0,0,0,0,0,0,0,0,0,0,0,0,0,0,0,0,0,0,0,0,0,0,0,0,0,0,0,0,0,0,0,0,0,0,0,0,0,0,0,0,0,0,0,0,0,0,0,0,0,0,0,0,0,0,0,0,0,0,0,0,0,0,0,0,0,0,0,0,0,0,0,0,0,0,0,0,0,0,0,0,0,0,0,0,0,0,0,0,0,0,0,0,0,0,0,0,0,0,0,0,0,0,0,0,0,0,0,0,0,0,0,0,0,0,0,0,0,0,0,0,0,0,0,0,0,0,0,0,0,0,0,0,0,0,0,0,0,0,0,0,0,0,0,0,0,0,0,0,0,0,0,0,0,0,0,0,0,0,0,0,0,0,0,0,0,0,0,0,0,0,0,0,0,0,0,0,0,0,0,0,0,0,0,0,0,0,0,0,0,0,0,0,0,0,0,0,0,0,0,0,0,0,0,0,0,0,0,0,0,0,0,0,0,0,0,0,0,0,0,0,0,0,0,0,0,0,0,0,0,0,0,0,0,0,0,0,0,0,-92,404,668,48,66,74,74,63,41,6,-27,-53,-80,-93,-83,-59,-23,19,59,88,99,88,57,20,-23,-65,-93,-103,-89,-59,-13,36,72,84,84,65,27,-12,-39,-59,-67,-55,-31,-12,9,24,38,37,21,3,-2,-6,-8,3,15,16,8,-2,-19,-38,-45,-41,-26,-4,26,55,72,72,56,23,-22,-61,-84,-95,-77,-36,15,61,95,111,99,57,3,-48,-91,-111,-103,-71,-19,42,84,112,111,81,33,-24,-79,-110,-102,-74,-35,12,54,84,92,74,40,5,-32,-64,-73,-63,-45,-19,9,33,43,40,33,22,12,4,0,-8,-19,-24,-28,-35,0,-44,-34,-5,34,68,96,109,93,47,-13,-83,-144,-176,-162,-115,-41,57,153,216,230,187,103,-10,-132,-231,-274,-251,-174,-52,95,221,290,295,230,107,-42,-186,-293,-328,-279,-165,-17,141,268,326,303,215,70,-102,-244,-323,-324,-249,-115,48,193,294,316,262,144,-7,-158,-265,-311,-279,-177,-33,120,246,310,297,209,75,-76,-213,-296,-309,-251,-133,12,152,257,303,279,187,58,-75,-195,-271,-275,-215,-117,4,125,211,241,219,152,52,-53,-136,-186,-192,-150,-76,8,89,143,157,135,82,10,-66,-128,-158,-160,-131,-67,11,82,141,173,177,156,115,-442,-169
28879,mtk,MTK 7916,2777319762,rx2-tx0,512,0,0,0,0,0,0,0,0,0,0,0,0,0,0,0,0,0,0,0,0,0,0,0,0,0,0,0,0,0,0,0,0,0,0,0,0,0,0,0,0,0,0,0,0,0,0,0,0,0,0,0,0,0,0,0,0,0,0,0,0,0,0,0,0,0,0,0,0,0,0,0,0,0,0,0,0,0,0,0,0,0,0,0,0,0,0,0,0,0,0,0,0,0,0,0,0,0,0,0,0,0,0,0,0,0,0,0,0,0,0,0,0,0,0,0,0,0,0,0,0,0,0,0,0,0,0,0,0,0,0,0,0,0,0,0,0,0,0,0,0,0,0,0,0,0,0,0,0,0,0,0,0,0,0,0,0,0,0,0,0,0,0,0,0,0,0,0,0,0,0,0,0,0,0,0,0,0,0,0,0,0,0,0,0,0,0,0,0,0,0,0,0,0,0,0,0,0,0,0,0,0,0,0,0,0,0,0,0,0,0,0,0,0,0,0,0,0,0,0,0,0,0,0,0,0,0,0,0,0,0,0,0,0,0,0,0,0,0,0,0,0,0,0,0,0,0,0,0,0,0,0,0,0,0,0,0,-136,-390,-57,-34,-56,-73,-80,-75,-60,-35,-3,30,57,74,77,65,40,11,-20,-51,-72,-78,-66,-47,-23,5,36,63,76,73,61,41,13,-18,-52,-73,-81,-82,-71,-41,-4,39,78,109,118,104,66,13,-57,-116,-151,-160,-135,-71,14,105,174,205,188,121,19,-91,-185,-238,-236,-169,-56,72,188,265,278,217,94,-61,-209,-308,-323,-259,-128,45,218,337,367,303,161,-35,-229,-366,-414,-359,-204,8,220,385,457,408,248,24,-210,-397,-482,-445,-291,-60,190,385,489,467,325,97,-159,-376,-493,-479,-339,-115,141,366,489,482,349,127,-135,-364,-494,-493,-361,-129,0,377,510,508,369,136,-129,-372,-524,-540,-405,-161,121,375,539,564,439,197,-102,-377,-554,-586,-478,-247,57,352,551,611,527,307,0,-308,-532,-630,-580,-382,-84,228,479,612,595,434,171,-132,-399,-567,-596,-477,-254,25,294,483,549,484,307,63,-182,-376,-469,-453,-323,-127,90,279,385,394,314,161,-25,-195,-308,-342,-287,-166,-15,136,246,286,254,166,42,-95,-197,-246,-236,-168,-60,62,167,223,226,176,86,-23,-127,-202,-224,-201,-131,-29,76,159,209,212,172,93,-4,-96,-167,-204,-200,-152,-74,15,101,166,201,199,159,96,24,-54,-120,-160,-171,-162,-1112,-941,0,0,0,0,0,0,0,0,0,0,0,0,0,0,0,0,0,0,0,0,0,0,0,0,0,0,0,0,0,0,0,0,0,0,0,0,0,0,0,0,0,0,0,0,0,0,0,0,0,0,0,0,0,0,0,0,0,0,0,0,0,0,0,0,0,0,0,0,0,0,0,0,0,0,0,0,0,0,0,0,0,0,0,0,0,0,0,0,0,0,0,0,0,0,0,0,0,0,0,0,0,0,0,0,0,0,0,0,0,0,0,0,0,0,0,0,0,0,0,0,0,0,0,0,0,0,0,0,0,0,0,0,0,0,0,0,0,0,0,0,0,0,0,0,0,0,0,0,0,0,0,0,0,0,0,0,0,0,0,0,0,0,0,0,0,0,0,0,0,0,0,0,0,0,0,0,0,0,0,0,0,0,0,0,0,0,0,0,0,0,0,0,0,0,0,0,0,0,0,0,0,0,0,0,0,0,0,0,0,0,0,0,0,0,0,0,0,0,0,0,0,0,0,0,0,0,0,0,0,0,0,0,0,0,0,0,0,0,0,0,0,0,0,0,0,0,0,0,0,0,0,0,0,0,0,0,1335,1093,1145,52,41,23,-3,-33,-58,-75,-85,-79,-57,-25,6,36,61,78,75,60,34,4,-28,-55,-71,-71,-62,-43,-14,16,44,68,78,72,59,38,8,-24,-56,-83,-98,-95,-74,-35,13,68,116,139,132,98,40,-36,-109,-163,-184,-161,-93,-3,98,182,220,207,146,38,-88,-196,-260,-257,-191,-73,70,203,289,308,245,113,-56,-215,-320,-347,-284,-142,43,221,349,390,329,185,-15,-222,-378,-434,-375,-220,-7,219,389,464,426,273,37,-207,-398,-484,-457,-315,-83,169,374,490,478,337,105,-150,-370,-495,-487,-352,-122,144,370,497,492,356,121,-144,-368,-500,0,-365,-136,136,376,518,523,391,153,-129,-380,-534,-551,-419,-176,107,374,548,579,454,211,-85,-361,-552,-605,-505,-274,26,322,545,636,558,340,41,-270,-513,-626,-588,-410,-130,184,448,596,598,461,217,-73,-343,-526,-577,-483,-282,-23,236,431,513,471,321,97,-138,-322,-424,-423,-319,-142,59,237,345,369,306,168,-1,-160,-273,-311,-274,-175,-30,115,223,267,242,166,49,-77,-176,-232,-231,-170,-68,46,150,215,226,188,109,4,-103,-184,-223,-210,-151,-61,42,134,196,215,189,124,37,-58,-141,-193,-206,-177,-113,-35,49,126,178,199,189,158,106,44,-22,400,704
28880,mtk,MTK 7916,2777319762,rx2-tx1,512,0,0,0,0,0,0,0,0,0,0,0,0,0,0,0,0,0,0,0,0,0,0,0,0,0,0,0,0,0,0,0,0,0,0,0,0,0,0,0,0,0,0,0,0,0,0,0,0,0,0,0,0,0,0,0,0,0,0,0,0,0,0,0,0,0,0,0,0,0,0,0,0,0,0,0,0,0,0,0,0,0,0,0,0,0,0,0,0,0,0,0,0,0,0,0,0,0,0,0,0,0,0,0,0,0,0,0,0,0,0,0,0,0,0,0,0,0,0,0,0,0,0,0,0,0,0,0,0,0,0,0,0,0,0,0,0,0,0,0,0,0,0,0,0,0,0,0,0,0,0,0,0,0,0,0,0,0,0,0,0,0,0,0,0,0,0,0,0,0,0,0,0,0,0,0,0,0,0,0,0,0,0,0,0,0,0,0,0,0,0,0,0,0,0,0,0,0,0,0,0,0,0,0,0,0,0,0,0,0,0,0,0,0,0,0,0,0,0,0,0,0,0,0,0,0,0,0,0,0,0,0,0,0,0,0,0,0,0,0,0,0,0,0,0,0,0,0,0,0,0,0,0,0,0,0,0,236,881,947,-9,-29,-48,-59,-65,-62,-48,-24,4,33,53,61,59,40,10,-27,-55,-69,-67,-52,-23,11,49,78,81,64,34,-11,-56,-85,-97,-88,-44,15,62,95,107,96,54,-9,-78,-120,-130,-109,-62,17,97,156,172,144,75,-15,-112,-187,-217,-180,-98,19,140,231,263,227,125,-17,-164,-271,-313,-282,-174,-9,160,298,370,343,223,44,-154,-327,-418,-396,-279,-91,127,326,442,443,336,140,-95,-309,-450,-477,-387,-194,51,283,435,478,405,230,-3,-238,-408,-476,-422,-259,-29,199,376,451,402,251,47,-163,-333,-413,-383,-252,-54,151,315,392,353,220,39,0,-292,-367,-332,-198,-14,171,313,365,313,178,-8,-191,-320,-368,-320,-178,16,204,339,383,322,181,-11,-204,-343,-390,-336,-199,-10,186,333,386,336,210,29,-162,-300,-358,-329,-220,-49,124,260,330,307,204,61,-91,-226,-290,-268,-182,-63,72,181,231,218,155,56,-54,-147,-193,-179,-123,-36,62,136,167,148,92,14,-66,-125,-145,-124,-67,5,74,121,135,111,58,-11,-68,-112,-131,-110,-59,0,60,104,119,100,64,12,-43,-84,-101,-89,-62,-16,29,60,73,69,57,28,-9,-42,-54,-51,-38,-17,10,29,38,39,23,1,-19,-27,-39,-44,-36,-16,275,522,0,0,0,0,0,0,0,0,0,0,0,0,0,0,0,0,0,0,0,0,0,0,0,0,0,0,0,0,0,0,0,0,0,0,0,0,0,0,0,0,0,0,0,0,0,0,0,0,0,0,0,0,0,0,0,0,0,0,0,0,0,0,0,0,0,0,0,0,0,0,0,0,0,0,0,0,0,0,0,0,0,0,0,0,0,0,0,0,0,0,0,0,0,0,0,0,0,0,0,0,0,0,0,0,0,0,0,0,0,0,0,0,0,0,0,0,0,0,0,0,0,0,0,0,0,0,0,0,0,0,0,0,0,0,0,0,0,0,0,0,0,0,0,0,0,0,0,0,0,0,0,0,0,0,0,0,0,0,0,0,0,0,0,0,0,0,0,0,0,0,0,0,0,0,0,0,0,0,0,0,0,0,0,0,0,0,0,0,0,0,0,0,0,0,0,0,0,0,0,0,0,0,0,0,0,0,0,0,0,0,0,0,0,0,0,0,0,0,0,0,0,0,0,0,0,0,0,0,0,0,0,0,0,0,0,0,0,0,0,0,0,0,0,0,0,0,0,0,0,0,0,0,0,0,0,0,-351,384,114,40,40,30,14,-6,-27,-42,-54,-60,-52,-34,-5,28,57,73,67,45,21,-12,-45,-64,-72,-61,-27,14,48,75,83,66,35,-4,-51,-92,-108,-98,-55,6,63,103,124,108,57,-16,-85,-132,-152,-134,-64,25,110,173,190,154,79,-23,-129,-205,-235,-206,-111,19,150,249,290,254,148,0,-158,-285,-338,-310,-202,-28,168,314,384,365,253,69,-146,-326,-423,-413,-303,-115,114,319,444,457,354,161,-74,-292,-442,-485,-405,-215,30,259,425,484,421,245,16,-216,-390,-462,-419,-272,-50,182,368,440,401,261,60,-163,-337,-413,-373,-233,-42,155,309,376,0,209,23,-172,-315,-364,-313,-183,3,188,320,373,322,178,-15,-199,-338,-379,-324,-179,20,212,341,384,324,180,-7,-192,-327,-385,-347,-209,-20,167,313,381,342,213,39,-142,-281,-345,-321,-216,-58,110,241,301,285,200,66,-80,-201,-262,-247,-172,-60,61,167,219,203,136,41,-58,-143,-181,-164,-104,-21,70,130,151,134,79,3,-68,-122,-142,-120,-66,6,69,120,134,111,61,-3,-68,-106,-117,-104,-67,-5,51,85,102,97,64,18,-32,-74,-94,-88,-59,-27,13,50,66,62,49,23,-5,-28,-44,-47,-39,-18,5,26,45,45,26,2,-15,-36,-53,917,808
28881,mtk,MTK 7916,2777326979,rx0-tx0,512,-1687,149,315,-193,-251,-300,-340,-356,-360,-348,-305,-248,-184,-100,-5,88,178,272,351,413,453,468,457,414,345,254,141,14,-117,-246,-366,-458,-531,-566,-567,-534,-467,-368,-245,-110,33,180,320,442,536,591,612,608,557,470,366,237,95,-49,-196,-329,-446,-538,-595,-630,-622,-582,-514,-418,-297,-153,-6,146,295,431,548,634,695,705,684,621,522,392,228,50,-138,-324,-489,-636,-751,-817,-839,-813,-732,-602,-440,-237,-11,214,430,627,784,893,941,934,864,738,572,363,129,-117,-357,-573,-749,-884,-957,-975,-935,-826,-669,-472,-244,-9,233,460,657,824,921,970,964,891,766,597,-273,156,-92,-327,-549,-739,-880,-967,-1001,-964,-868,-718,-530,-310,-56,195,435,648,828,952,1022,1035,968,848,676,461,212,-51,-324,-570,-782,-948,-1063,-1091,-1068,-974,-813,-594,-339,-67,220,498,751,958,1105,1180,1163,1080,925,697,430,134,-184,-490,-761,-983,-1136,-1215,-1211,-1115,-942,-708,-425,-111,200,502,766,974,1116,1168,1138,1029,846,605,343,51,-243,-506,-721,-885,-979,-1006,-958,-846,-680,-473,-240,-2,226,434,608,728,800,812,769,670,535,375,181,-18,-212,-396,-532,-634,-682,-677,-627,-523,-383,-213,-28,162,330,469,558,596,576,484,350,183,-5,-179,-313,-387,-397,-341,-331,-185,-546,-1298,-1178,94,-2,-110,-214,-297,-335,-332,-293,-213,-112,2,121,220,295,351,378,368,326,268,185,85,-20,-121,-216,-304,-362,-403,-417,-396,-347,-277,-179,-67,55,170,284,380,451,490,500,461,393,295,173,36,-107,-250,-363,-452,-511,-534,-524,-470,-386,-269,-140,-6,131,256,364,438,487,507,487,435,362,267,154,40,-80,-198,-298,-380,-447,-487,-489,-457,-403,-316,-205,-91,32,154,261,354,415,448,454,428,381,300,207,106,2,-100,-194,-273,-334,-370,-386,-378,-338,-285,-221,-146,-66,23,106,175,233,278,300,308,300,271,232,182,124,63,-2,-55,-108,-161,-204,-240,-730,-270,-273,-266,-237,-198,-139,-71,-6,72,153,213,273,309,332,336,311,271,208,127,44,-37,-121,-195,-255,-292,-312,-313,-298,-263,-211,-150,-87,-24,37,89,143,185,216,234,241,245,235,217,182,150,101,50,0,-58,-118,-172,-216,-253,-276,-288,-285,-275,-240,-179,-119,-45,33,110,179,241,291,322,333,328,291,248,188,122,48,-31,-111,-175,-235,-283,-304,-317,-312,-293,-254,-199,-149,-79,-7,63,137,201,256,294,319,329,318,298,251,186,113,34,-46,-126,-201,-260,-304,-332,-339,-328,-295,-255,-199,-121,-46,27,103,170,228,281,313,324,320,302,267,211,-1157,-1284,-175,695,643,-286,-230,-176,-101,-18,57,143,220,285,345,392,407,398,380,339,270,184,78,-35,-154,-267,-362,-445,-502,-531,-523,-484,-409,-312,-194,-59,82,223,353,464,541,587,603,580,519,423,301,161,24,-125,-275,-395,-494,-572,-611,-616,-588,-525,-441,-325,-193,-52,98,241,371,485,575,630,651,641,594,515,404,275,123,-44,-209,-374,-517,-640,-726,-767,-772,-724,-639,-509,-338,-140,62,268,462,630,766,862,898,878,807,683,509,301,73,-163,-396,-604,-777,-899,-964,-969,-911,-791,-621,-420,-186,53,297,525,711,854,940,971,950,858,725,533,313,81,-162,-399,-605,-778,-1322,-973,-980,-926,-820,-660,-459,-234,8,259,489,690,850,965,1018,1000,926,797,610,382,135,-126,-383,-610,-806,-947,-1037,-1060,-1021,-903,-735,-530,-276,-4,265,533,769,960,1078,1137,1124,1031,877,656,402,101,-201,-488,-757,-972,-1117,-1200,-1197,-1106,-945,-723,-449,-136,187,497,764,986,1142,1210,1187,1084,906,668,386,74,-230,-512,-757,-934,-1046,-1093,-1053,-934,-765,-544,-287,-18,244,477,668,813,892,903,857,756,605,417,210,-6,-221,-410,-557,-666,-733,-741,-708,-612,-472,-307,-116,70,248,408,530,614,645,617,534,404,239,59,-134,-307,-429,-507,-520,-465,-350,-199,-35,107,591,663,1197,292,594,-242,-272,-270,-227,-139,-25,90,201,292,343,367,352,297,221,130,19,-90,-186,-267,-336,-380,-392,-376,-332,-263,-171,-76,38,149,248,335,401,445,450,429,375,289,183,62,-73,-213,-326,-429,-496,-529,-527,-479,-392,-284,-153,-12,133,269,380,468,512,527,504,454,368,262,144,14,-113,-227,-327,-412,-469,-491,-489,-447,-384,-299,-199,-77,54,171,282,381,444,473,481,451,396,313,207,96,-23,-131,-234,-318,-379,-417,-427,-410,-362,-300,-214,-125,-31,67,156,226,283,321,345,348,324,282,227,159,85,12,-64,-127,-182,-223,-252,-269,-273,-262,-249,-219,-180,-124,-128,-19,41,111,168,221,263,292,304,310,282,244,188,106,26,-62,-142,-214,-275,-316,-331,-335,-319,-275,-212,-137,-64,13,87,160,214,249,270,275,268,248,224,181,134,82,34,-18,-69,-120,-161,-196,-229,-247,-257,-258,-238,-206,-166,-119,-65,-2,60,128,201,255,289,312,312,298,269,218,156,79,8,-72,-149,-215,-273,-307,-328,-331,-311,-270,-225,-156,-87,-18,55,124,191,237,274,308,316,312,293,251,200,132,63,-17,-93,-165,-237,-283,-318,-337,-341,-323,-282,-225,-157,-79,3,84,159,221,282,316,327,327,311,274,233,174,103,27,-46,-117,-188,-246,-642,-343
28882,mtk,MTK 7916,2777326979,rx0-tx1,512,-144,-10,-128,-856,-727,-556,-353,-134,90,326,537,720,862,961,1006,995,925,806,640,434,202,-43,-292,-525,-722,-885,-997,-1063,-1058,-991,-876,-704,-489,-245,19,277,525,746,924,1053,1118,1118,1056,937,760,529,270,-10,-287,-548,-774,-961,-1100,-1160,-1156,-1092,-961,-772,-541,-277,-5,260,524,757,946,1073,1143,1144,1090,966,794,580,339,67,-199,-460,-697,-902,-1054,-1143,-1166,-1132,-1030,-861,-653,-403,-120,173,456,710,933,1091,1191,1228,1185,1065,879,643,363,63,-241,-524,-777,-984,-1124,-1198,-1196,-1122,-988,-788,-544,-262,33,313,567,785,954,1063,1108,1084,1000,857,672,454,211,-47,-296,-523,146,-878,-978,-1022,-1016,-949,-825,-659,-456,-217,26,265,500,698,860,971,1024,1021,957,830,658,443,197,-59,-312,-539,-743,-900,-1007,-1056,-1033,-956,-817,-622,-396,-149,113,373,606,798,949,1044,1077,1039,939,780,577,336,68,-208,-470,-707,-896,-1038,-1112,-1111,-1030,-900,-707,-465,-192,97,384,636,851,1003,1089,1107,1054,919,734,493,214,-71,-339,-589,-793,-936,-1003,-1001,-938,-812,-627,-407,-172,73,299,501,651,760,822,812,765,660,507,329,141,-53,-245,-413,-546,-637,-677,-669,-612,-511,-376,-215,-45,126,289,417,506,555,550,493,390,254,94,-70,-215,-323,-379,-379,-322,-234,315,224,0,36,62,-109,-249,-370,-435,-447,-401,-292,-141,25,191,342,459,534,550,532,465,351,215,65,-92,-249,-382,-492,-568,-602,-596,-553,-472,-357,-212,-53,113,272,424,558,654,711,722,686,609,480,317,128,-77,-286,-486,-654,-789,-880,-899,-864,-765,-618,-416,-181,72,322,556,759,913,994,1016,970,862,693,475,233,-32,-295,-532,-738,-907,-1007,-1048,-1025,-929,-773,-571,-334,-68,205,461,678,850,969,1030,1025,959,831,649,431,185,-61,-299,-525,-711,-855,-949,-977,-964,-888,-753,-578,-374,-146,85,311,521,707,846,928,965,943,878,755,587,389,166,-76,-317,-529,-724,-876,-985,-1030,-411,-950,-819,-634,-416,-168,101,363,614,828,993,1104,1140,1123,1023,870,657,394,108,-188,-478,-746,-961,-1126,-1220,-1224,-1170,-1037,-835,-582,-287,10,309,590,836,1029,1161,1218,1208,1124,972,768,519,235,-49,-329,-592,-815,-1002,-1113,-1170,-1170,-1101,-967,-770,-538,-281,-2,276,538,766,954,1092,1158,1167,1111,990,815,582,325,53,-231,-497,-742,-944,-1086,-1173,-1192,-1139,-1017,-840,-615,-344,-62,224,505,752,950,1087,1165,1171,1119,996,810,583,316,35,-236,-500,-731,-924,-1053,-1121,-1121,-1058,-927,-755,-535,-285,-24,236,480,691,863,979,1034,1039,978,857,700,500,275,39,-205,-415,-613,-16,-3,147,-452,-437,457,649,804,913,966,977,933,827,684,500,287,52,-186,-412,-618,-799,-934,-1011,-1036,-1005,-909,-764,-570,-347,-99,162,405,629,825,971,1067,1093,1065,976,827,630,393,131,-139,-405,-650,-868,-1028,-1128,-1161,-1125,-1021,-863,-658,-410,-131,141,411,667,880,1038,1134,1157,1126,1034,873,668,424,163,-109,-375,-619,-821,-979,-1096,-1146,-1130,-1053,-921,-732,-500,-233,38,311,580,809,990,1126,1195,1192,1113,979,781,533,257,-45,-344,-624,-861,-1048,-1171,-1225,-1204,-1111,-952,-730,-457,-168,133,414,674,890,1049,1143,1159,1108,994,821,600,352,88,-176,-431,-655,-835,-965,-1040,-1054,-1005,-902,206,-561,-331,-94,149,388,601,785,923,1004,1016,984,895,749,564,339,94,-158,-403,-622,-807,-945,-1027,-1046,-998,-892,-741,-537,-305,-43,214,453,676,856,983,1053,1065,1004,882,708,490,240,-25,-290,-536,-752,-921,-1038,-1094,-1080,-999,-850,-649,-412,-140,144,416,657,872,1024,1109,1121,1053,920,732,495,224,-67,-359,-613,-816,-978,-1065,-1073,-1005,-876,-689,-459,-196,72,322,550,728,847,908,911,853,730,564,376,156,-59,-256,-445,-594,-694,-744,-743,-690,-588,-457,-290,-108,75,248,398,516,590,616,599,531,414,268,104,-69,-225,-359,-448,-489,-469,-401,-289,-151,-6,123,211,-320,-387,0,-44,-34,-338,-295,-191,-47,112,274,412,497,524,498,417,299,145,-16,-172,-326,-442,-520,-563,-570,-529,-450,-339,-197,-40,115,265,401,519,606,650,650,606,529,407,256,85,-96,-273,-447,-606,-720,-791,-808,-777,-689,-547,-373,-162,72,304,526,714,860,951,975,932,818,652,438,199,-58,-323,-561,-762,-910,-1007,-1043,-1002,-895,-738,-525,-277,-15,253,506,722,889,1006,1058,1040,950,800,601,369,116,-144,-387,-608,-787,-918,-989,-999,-957,-854,-696,-504,-275,-45,191,425,625,782,896,960,963,917,813,667,476,263,34,-196,-416,-620,-779,-898,-969,-992,-945,-848,-704,-513,-288,-33,-92,450,669,850,984,1066,1084,1037,931,758,537,275,1,-284,-553,-787,-984,-1120,-1187,-1184,-1113,-968,-753,-500,-197,105,399,683,920,1103,1211,1238,1203,1086,907,672,397,106,-191,-480,-732,-938,-1094,-1182,-1200,-1155,-1037,-868,-648,-383,-119,163,434,682,887,1041,1140,1177,1142,1045,888,685,433,165,-104,-379,-631,-855,-1027,-1130,-1186,-1161,-1078,-937,-731,-486,-211,82,368,629,849,1032,1150,1190,1170,1082,933,726,478,198,-92,-367,-629,-842,-1015,-1124,-1159,-1130,-1038,-884,-678,-430,-164,110,379,614,816,970,1060,1085,1052,961,817,625,391,147,-96,-343,-557,-739,-891,-973,-1014,-979,-896,-777,-28,-35
28883,mtk,MTK 7916,2777326979,rx1-tx0,512,0,377,510,798,770,712,608,459,302,124,-64,-237,-395,-534,-650,-730,-774,-778,-739,-661,-543,-401,-235,-52,133,321,482,628,751,823,852,835,771,670,515,341,145,-77,-289,-501,-680,-820,-924,-974,-971,-914,-801,-641,-435,-204,44,313,550,771,958,1085,1150,1142,1077,938,732,486,206,-100,-409,-700,-946,-1129,-1261,-1306,-1260,-1140,-957,-701,-401,-71,265,591,881,1106,1254,1327,1327,1238,1084,851,564,249,-80,-400,-700,-947,-1123,-1252,-1304,-1268,-1147,-973,-726,-443,-145,171,485,766,992,1151,1245,1269,1210,1072,875,616,312,-1,-313,-596,-846,-1032,-1161,-1210,-1186,-1095,-927,-703,-448,-151,149,427,-136,874,1035,1119,1141,1083,963,783,552,289,12,-267,-522,-739,-907,-1028,-1070,-1052,-968,-816,-624,-390,-133,135,372,589,769,896,968,973,917,810,649,455,230,-2,-225,-435,-621,-749,-822,-852,-832,-761,-647,-492,-308,-123,60,248,405,534,636,699,724,705,642,553,431,295,133,-32,-187,-334,-466,-578,-649,-687,-681,-629,-553,-436,-280,-121,55,234,387,524,617,679,689,656,572,453,303,143,-29,-202,-351,-470,-567,-614,-619,-591,-515,-398,-261,-115,43,192,316,420,504,539,532,483,401,290,159,14,-131,-261,-357,-426,-452,-436,-381,-286,-165,-33,92,202,273,304,280,221,-361,-129,0,-292,-367,-138,-77,14,110,195,263,301,298,268,204,119,25,-60,-149,-229,-277,-309,-322,-308,-276,-225,-153,-83,2,92,171,246,311,349,377,369,352,313,249,167,57,-62,-176,-291,-398,-475,-531,-547,-525,-459,-367,-246,-101,60,222,383,514,613,674,696,654,574,453,298,113,-80,-279,-449,-595,-709,-769,-787,-757,-668,-546,-371,-175,34,246,455,636,772,854,891,866,777,642,461,247,8,-228,-437,-640,-794,-898,-945,-927,-851,-708,-528,-317,-77,176,399,606,789,898,947,948,890,764,597,384,145,-87,-323,-538,-714,-849,-924,-946,-910,-811,-664,-475,-266,-35,203,415,602,236,864,926,932,874,773,618,431,219,-9,-247,-464,-653,-813,-926,-974,-969,-896,-781,-616,-406,-179,72,321,545,738,893,984,1011,984,894,761,584,367,128,-128,-379,-600,-772,-915,-1007,-1038,-1000,-904,-767,-583,-359,-119,143,392,614,802,958,1050,1084,1057,955,808,609,365,103,-168,-442,-687,-877,-1032,-1122,-1146,-1091,-974,-809,-584,-316,-29,253,514,763,961,1091,1157,1146,1062,921,716,477,204,-75,-345,-599,-805,-959,-1056,-1091,-1048,-953,-806,-606,-368,-129,129,387,596,769,904,987,997,953,847,699,513,304,75,-154,-375,-566,-714,-818,-885,-893,-847,-753,-621,-459,-259,-53,149,220,39,0,-365,-136,3,-178,-353,-518,-639,-721,-777,-777,-743,-668,-564,-421,-260,-89,89,264,431,572,685,766,805,801,751,656,536,373,192,0,-202,-395,-572,-718,-820,-892,-909,-873,-796,-657,-491,-280,-51,181,405,620,802,946,1027,1064,1032,933,795,588,349,75,-202,-476,-743,-958,-1116,-1216,-1242,-1189,-1055,-851,-607,-315,17,348,649,920,1130,1270,1332,1316,1217,1031,777,477,157,-176,-491,-784,-1033,-1208,-1299,-1321,-1259,-1125,-908,-652,-359,-27,302,596,853,1061,1192,1262,1268,1188,1029,806,537,237,-77,-392,-670,-904,-1099,-1212,-1248,-1204,-1087,-900,-660,-388,-83,213,506,761,958,1101,1178,1164,1082,1335,744,498,222,-60,-340,-589,-812,-979,-1078,-1110,-1066,-959,-795,-593,-345,-74,188,447,663,840,962,1029,1021,948,820,640,423,182,-66,-305,-517,-699,-827,-910,-921,-886,-797,-660,-474,-275,-67,147,342,512,653,736,775,776,732,632,512,370,208,42,-131,-289,-430,-547,-630,-679,-682,-651,-592,-501,-375,-217,-52,120,273,409,541,626,674,689,649,574,457,308,139,-38,-212,-375,-508,-601,-649,-662,-622,-541,-435,-298,-132,27,186,335,452,532,577,582,534,453,354,226,75,-70,-209,-326,-422,-480,-503,-480,-415,-315,-194,-53,84,212,313,377,393,363,290,188,72,-43,-122,-368,-500,0,209,23,164,221,252,245,201,129,30,-70,-160,-240,-292,-314,-308,-283,-220,-148,-76,9,96,173,242,289,320,343,335,303,256,182,103,15,-77,-163,-258,-334,-401,-442,-454,-436,-398,-317,-211,-86,52,198,333,453,545,610,627,608,535,421,273,106,-82,-271,-431,-573,-676,-742,-758,-716,-620,-494,-326,-135,62,268,448,606,736,810,836,808,735,599,422,212,-3,-235,-444,-632,-779,-875,-918,-889,-817,-689,-503,-289,-44,199,436,635,790,903,961,945,865,751,566,338,108,-131,-374,-585,-752,-880,-945,-949,-903,-790,-632,-428,-197,34,266,482,666,811,904,946,918,833,705,-351,346,126,-110,-331,-531,-706,-838,-922,-957,-925,-833,-703,-533,-317,-84,159,393,597,779,907,982,1001,948,842,689,494,260,17,-236,-473,-670,-840,-952,-1015,-1016,-950,-823,-664,-470,-236,18,270,496,699,864,979,1043,1050,989,872,706,489,241,-17,-285,-533,-750,-930,-1054,-1106,-1104,-1039,-898,-715,-486,-221,65,346,593,816,998,1116,1160,1126,1036,882,655,397,119,-167,-438,-685,-886,-1029,-1113,-1124,-1074,-956,-772,-550,-298,-22,247,491,701,878,980,1026,1030,956,825,656,451,215,-29,-266,-491,-673,-811,-901,-941,-927,-858,-733,-566,-385,-177,47,260,452,606,735,819,842,820,309,376
28884,mtk,MTK 7916,2777326979,rx1-tx1,512,0,0,0,-647,-789,-705,-417,-16,389,681,776,651,339,-67,-452,-705,-746,-569,-234,165,515,714,700,473,113,-279,-588,-725,-652,-377,8,393,663,735,589,269,-135,-500,-720,-729,-515,-150,261,602,762,702,431,20,-407,-708,-798,-665,-327,122,545,809,834,617,216,-255,-667,-891,-863,-582,-122,380,779,967,876,531,35,-474,-853,-997,-859,-474,46,554,903,1001,811,388,-143,-622,-929,-967,-725,-285,233,678,927,907,628,170,-326,-721,-903,-822,-500,-38,425,764,881,734,369,-103,-542,-820,-861,-651,-242,233,638,864,835,558,118,-360,-733,-894,-798,-467,1,475,818,924,760,374,0,-598,-898,-945,-721,-288,237,706,981,971,680,193,-357,-814,-1052,-1006,-659,-116,463,924,1145,1040,639,58,-548,-1015,-1200,-1061,-622,-4,619,1085,1256,1071,596,-36,-667,-1124,-1264,-1062,-571,92,734,1162,1274,1042,510,-163,-792,-1202,-1276,-999,-446,241,867,1248,1288,982,399,-298,-920,-1298,-1320,-984,-385,324,953,1328,1342,1000,402,-301,-926,-1300,-1341,-1026,-432,258,864,1243,1291,1005,465,-191,-782,-1150,-1213,-966,-472,129,670,1027,1111,906,478,-58,-565,-908,-1010,-849,-476,3,460,794,919,807,497,77,-345,-676,-839,-793,-566,-218,166,500,705,755,654,429,136,-154,-385,-514,-539,-477,0,0,0,0,0,-38,115,263,392,462,448,336,139,-98,-331,-510,-580,-525,-341,-70,226,479,625,621,460,180,-154,-470,-667,-699,-554,-260,111,464,704,770,630,316,-84,-471,-750,-840,-709,-384,56,493,814,918,782,440,-40,-521,-868,-986,-844,-482,17,521,891,1030,903,538,32,-497,-889,-1047,-927,-564,-56,459,846,1001,894,539,42,-444,-807,-941,-815,-478,-12,451,782,877,725,376,-77,-496,-770,-827,-646,-277,165,547,771,780,563,181,-255,-610,-788,-747,-495,-98,327,657,797,713,426,17,-391,-688,-795,-677,-366,36,425,702,779,624,293,-110,-479,-713,-742,-551,-202,197,535,718,0,449,88,-299,-605,-735,-651,-374,21,414,686,757,607,289,-119,-500,-740,-764,-565,-199,230,597,789,755,513,107,-333,-672,-822,-731,-428,-1,436,752,847,700,344,-124,-567,-847,-881,-654,-238,248,678,925,900,618,154,-361,-783,-996,-914,-571,-70,460,872,1040,914,534,3,-532,-920,-1056,-893,-476,65,590,944,1031,830,407,-119,-612,-928,-975,-746,-321,185,630,883,876,626,204,-273,-654,-837,-771,-481,-63,363,678,785,655,335,-75,-454,-701,-737,-546,-193,211,552,735,698,446,64,-336,-639,-757,-652,-357,43,435,704,766,607,270,-146,-518,-748,-762,-560,-195,228,577,0,0,0,0,0,446,55,-352,-663,-790,-683,-382,25,422,694,764,615,292,-108,-477,-709,-725,-528,-177,222,553,721,674,431,58,-330,-626,-737,-622,-327,66,445,694,733,553,209,-202,-553,-742,-713,-474,-89,330,652,785,679,364,-57,-470,-759,-825,-644,-273,192,609,855,856,606,170,-323,-727,-928,-864,-552,-77,427,818,981,862,497,-11,-518,-884,-998,-835,-436,93,591,914,982,773,339,-186,-650,-924,-941,-687,-235,270,690,912,864,563,109,-371,-747,-893,-779,-439,30,488,795,871,691,309,-167,-590,-838,-848,-606,-181,299,690,879,821,523,63,-419,-781,-908,-778,-424,55,529,852,0,736,332,-181,-650,-938,-963,-705,-239,298,760,1017,981,662,150,-411,-874,-1098,-1016,-646,-87,508,972,1174,1050,624,26,-585,-1052,-1230,-1062,-603,21,650,1109,1270,1079,586,-69,-707,-1155,-1283,-1053,-536,131,761,1181,1276,1015,478,-198,-820,-1215,-1278,-988,-416,281,895,1267,1306,986,388,-318,-945,-1309,-1319,-978,-381,323,946,1319,1344,1014,412,-289,-906,-1286,-1317,-1005,-442,228,825,1199,1254,980,467,-153,-722,-1089,-1162,-930,-476,81,611,969,1059,877,484,-22,-510,-850,-961,-820,-478,-34,408,739,880,802,527,137,-272,-604,-788,-786,-614,-321,29,351,581,682,647,503,290,60,-140,0,0,0,0,0,-332,-353,-308,-188,-9,194,377,499,529,440,254,-1,-278,-500,-613,-583,-413,-132,190,470,647,664,510,222,-130,-458,-680,-733,-597,-299,97,472,730,806,666,347,-72,-486,-785,-878,-741,-401,59,516,841,956,817,456,-26,-515,-878,-1013,-884,-521,-10,512,893,1038,921,560,38,-479,-871,-1036,-918,-550,-53,451,821,970,856,511,32,-449,-796,-917,-776,-429,24,470,773,850,680,320,-117,-519,-779,-809,-608,-240,200,580,788,771,529,134,-296,-638,-798,-730,-459,-61,362,678,794,694,403,-4,-415,-702,-788,-656,-341,68,453,711,755,580,249,-152,-509,-716,-711,-500,-144,0,574,726,672,414,30,-364,-654,-749,-633,-333,73,458,714,766,595,248,-172,-550,-771,-765,-537,-157,279,637,808,745,466,51,-385,-713,-841,-719,-381,63,494,795,865,672,280,-192,-618,-878,-887,-641,-204,307,739,955,905,598,113,-411,-830,-1017,-917,-557,-38,502,910,1060,911,507,-31,-565,-943,-1055,-871,-451,90,599,937,1006,798,370,-153,-617,-902,-930,-688,-260,223,634,856,821,553,135,-314,-661,-802,-706,-412,2,411,686,750,597,266,-145,-512,-717,-713,-492,-122,276,595,744,673,402,11,-389,-676,-763,-634,-316,97,484,733,773,588,230,-189,-554,-767,-759,-529,0,0
28885,mtk,MTK 7916,2777326979,rx2-tx0,512,0,0,0,-556,-714,-665,-428,-71,304,595,724,647,391,36,-327,-602,-702,-600,-337,18,362,598,663,536,256,-89,-402,-597,-618,-463,-177,158,435,577,555,379,91,-219,-457,-558,-494,-284,2,280,475,524,416,180,-105,-349,-485,-479,-331,-79,196,404,488,422,230,-33,-283,-444,-471,-353,-129,135,357,475,441,272,23,-236,-435,-501,-413,-202,71,327,488,507,373,129,-152,-397,-534,-511,-331,-57,230,456,548,481,279,-7,-289,-488,-538,-434,-207,84,350,508,523,385,131,-159,-403,-529,-497,-322,-52,233,450,538,469,262,-18,-298,-484,-522,-412,-183,96,347,500,506,362,110,0,-409,-515,-476,-298,-25,253,459,534,449,227,-61,-339,-518,-542,-410,-158,149,422,573,565,388,87,-240,-494,-619,-572,-353,-25,315,574,675,578,314,-38,-388,-635,-702,-573,-277,110,474,709,743,573,239,-181,-553,-773,-784,-571,-188,250,627,845,828,577,165,-301,-694,-908,-873,-597,-156,328,731,947,910,629,179,-322,-736,-955,-925,-650,-215,279,700,935,917,664,243,-233,-644,-882,-888,-662,-270,180,574,806,824,635,288,-125,-491,-722,-766,-615,-316,54,402,634,696,586,339,18,-296,-529,-627,-572,-386,-123,157,394,532,547,444,259,45,-160,-320,-406,-401,-327,-217,0,0,0,0,0,-168,-77,42,182,308,389,396,321,173,-20,-219,-381,-467,-448,-323,-117,115,325,466,500,407,204,-59,-302,-471,-531,-454,-260,2,276,478,551,480,286,7,-281,-495,-583,-521,-314,-15,288,516,608,534,322,26,-287,-521,-614,-546,-327,-25,283,521,611,532,317,10,-294,-522,-606,-511,-277,19,308,514,574,472,231,-59,-323,-495,-530,-414,-177,106,348,477,471,328,89,-178,-384,-469,-419,-243,2,251,425,473,381,171,-92,-336,-482,-485,-350,-117,163,400,516,488,324,57,-232,-450,-547,-488,-286,-1,283,490,558,469,239,-66,-352,-539,-578,-450,-190,121,406,583,0,422,140,-183,-464,-619,-595,-397,-90,244,510,638,583,360,30,-303,-550,-642,-550,-298,39,363,584,635,501,222,-117,-426,-612,-619,-448,-147,196,485,635,599,390,66,-283,-550,-653,-562,-309,35,370,596,651,515,226,-132,-460,-650,-650,-462,-131,242,543,690,640,399,43,-325,-606,-717,-614,-332,42,406,655,713,567,260,-125,-475,-688,-702,-520,-183,209,535,709,674,449,94,-293,-589,-710,-631,-372,-8,358,620,699,578,297,-68,-409,-627,-664,-500,-195,157,465,642,626,422,100,-251,-528,-652,-582,-342,-4,338,585,656,531,253,-92,-420,-635,-660,-498,-195,177,505,0,0,0,0,0,441,97,-280,-579,-718,-662,-420,-57,317,599,709,624,365,5,-346,-598,-685,-574,-299,57,390,602,644,504,221,-120,-418,-588,-585,-417,-132,187,445,570,527,332,43,-254,-467,-534,-445,-232,48,314,479,497,363,127,-142,-367,-477,-441,-278,-24,239,422,474,384,173,-90,-324,-460,-457,-319,-77,188,396,482,425,240,-25,-288,-461,-497,-391,-168,113,365,514,512,358,99,-193,-436,-550,-501,-314,-39,249,466,546,465,244,-44,-323,-503,-532,-408,-169,120,373,517,510,350,89,-192,-420,-529,-483,-292,-15,268,467,530,443,231,-52,-321,-494,-516,-388,-148,138,383,517,0,333,66,-219,-437,-526,-461,-259,22,299,489,538,430,189,-113,-381,-548,-556,-400,-124,195,462,601,564,367,59,-275,-536,-647,-571,-328,9,350,600,688,577,298,-77,-435,-674,-731,-579,-250,154,521,743,761,563,204,-214,-591,-810,-798,-564,-167,289,678,883,846,581,155,-320,-718,-932,-891,-608,-160,329,739,957,915,638,198,-296,-715,-948,-928,-661,-228,260,674,906,901,667,263,-205,-610,-847,-854,-641,-276,149,531,766,795,627,302,-88,-443,-676,-729,-597,-321,27,354,580,659,581,366,66,-240,-476,-592,-569,-417,-184,71,299,451,500,447,319,151,-18,-157,-247,0,0,0,0,0,-211,-293,-326,-298,-210,-67,105,271,393,442,396,256,56,-164,-355,-468,-476,-368,-167,80,309,465,513,435,237,-23,-281,-472,-539,-468,-273,0,278,489,573,502,297,11,-285,-503,-597,-534,-321,-20,285,517,614,549,331,19,-289,-519,-614,-548,-329,-17,299,526,605,523,298,-8,-312,-522,-585,-487,-262,40,318,505,551,437,206,-76,-333,-492,-503,-369,-130,136,358,475,444,285,46,-210,-406,-479,-403,-207,49,295,458,484,368,143,-125,-361,-498,-494,-347,-92,192,423,532,491,309,31,-260,-477,-557,-482,-267,30,323,522,574,464,216,-97,-381,-562,-592,-446,-167,0,442,600,587,410,115,-218,-494,-631,-588,-379,-64,270,530,643,569,327,-1,-330,-565,-638,-529,-264,75,390,598,633,484,193,-156,-455,-619,-611,-424,-105,239,510,637,574,342,16,-320,-572,-650,-534,-263,86,415,625,651,490,180,-190,-504,-669,-644,-434,-91,282,576,706,628,363,-5,-371,-635,-718,-594,-300,85,445,678,710,544,223,-169,-511,-695,-688,-483,-137,248,564,714,654,410,51,-322,-599,-700,-602,-332,34,393,633,686,549,254,-115,-446,-642,-652,-469,-149,206,498,645,602,381,49,-297,-551,-646,-559,-303,46,383,607,661,522,232,-128,-457,-661,-675,-489,0,0
28886,mtk,MTK 7916,2777326979,rx2-tx1,512,0,0,0,560,637,541,303,-24,-352,-580,-649,-541,-281,53,375,598,657,533,266,-77,-397,-612,-650,-507,-231,110,421,618,643,478,183,-169,-469,-639,-631,-453,-151,198,501,659,627,424,109,-245,-535,-678,-625,-407,-81,275,558,677,613,390,66,-280,-546,-660,-593,-369,-51,272,515,618,547,324,20,-281,-492,-570,-495,-283,-3,264,452,516,436,230,-24,-257,-416,-454,-369,-183,52,250,367,385,294,128,-70,-242,-344,-340,-240,-82,88,238,307,281,182,34,-113,-221,-261,-229,-134,-1,126,208,225,172,77,-22,-124,-181,-173,-119,-36,48,114,153,141,83,2,-71,-124,-137,0,-24,37,84,107,109,71,4,-68,-119,-133,-106,-44,30,97,135,131,88,30,-39,-101,-135,-127,-83,-28,33,87,114,108,74,24,-24,-58,-81,-70,-37,-7,16,33,36,20,-12,-38,-35,-9,22,62,95,102,74,14,-66,-132,-169,-167,-127,-47,63,164,228,245,199,92,-45,-171,-260,-282,-238,-135,7,151,266,311,275,178,35,-120,-233,-290,-275,-182,-49,86,206,269,260,186,63,-75,-192,-256,-255,-181,-59,70,173,235,236,170,61,-53,-145,-205,-214,-165,-70,36,126,187,204,168,94,3,-90,-166,-194,-182,-133,-60,22,93,139,155,144,110,63,0,0,0,0,0,-9,-73,-124,-159,-174,-164,-115,-34,61,147,205,226,205,132,26,-91,-192,-253,-258,-199,-88,37,162,255,281,235,134,8,-126,-234,-284,-268,-182,-49,99,217,285,284,214,92,-59,-194,-276,-288,-231,-114,28,153,235,253,213,125,5,-110,-195,-222,-188,-118,-14,87,142,161,139,78,1,-63,-97,-109,-94,-51,-7,26,42,35,20,-4,-20,-20,-1,27,57,78,64,23,-28,-87,-135,-145,-110,-40,53,148,209,213,161,60,-78,-192,-267,-289,-224,-90,71,224,321,336,261,112,-80,-265,-384,-403,-313,-138,78,282,420,450,361,173,-70,-300,-454,-491,-393,0,87,328,489,521,412,190,-90,-353,-528,-564,-451,-216,89,372,559,592,468,218,-89,-376,-563,-603,-473,-214,94,382,572,605,472,218,-95,-385,-565,-589,-454,-193,120,394,563,567,415,161,-142,-400,-546,-541,-378,-108,174,403,524,491,314,59,-205,-413,-496,-436,-253,-11,228,403,463,376,183,-49,-268,-400,-415,-316,-127,101,291,390,374,248,42,-165,-321,-383,-325,-167,49,246,354,363,271,83,-133,-295,-377,-348,-203,5,218,369,411,332,155,-79,-295,-429,-446,-331,-109,152,373,491,483,333,84,-204,-444,-556,-513,-335,-58,246,477,585,536,335,39,-273,-510,0,0,0,0,0,-313,13,328,562,645,547,298,-39,-365,-594,-660,-543,-279,60,389,610,656,522,243,-102,-414,-613,-652,-500,-207,135,446,630,633,465,163,-190,-488,-649,-630,-438,-113,239,518,659,630,419,87,-268,-544,-672,-617,-397,-75,277,555,671,607,386,56,-287,-541,-641,-577,-354,-38,275,508,590,511,309,25,-265,-473,-539,-456,-251,17,267,434,481,396,205,-36,-261,-407,-427,-331,-144,67,240,347,364,267,105,-79,-239,-316,-297,-203,-55,105,221,269,249,155,13,-123,-210,-239,-209,-123,7,121,183,199,157,65,-41,-124,-163,-152,-103,-26,58,121,145,116,55,-20,0,-113,-115,-81,-16,49,103,122,101,47,-23,-85,-128,-128,-86,-32,38,108,139,127,89,24,-45,-96,-122,-122,-90,-25,39,84,98,90,62,17,-24,-48,-57,-42,-14,9,22,21,0,-27,-48,-56,-42,-8,49,97,126,129,92,19,-67,-152,-209,-216,-164,-60,62,181,255,273,222,116,-17,-153,-258,-303,-265,-160,-11,140,256,306,276,168,33,-107,-231,-293,-277,-190,-56,85,198,265,258,180,59,-72,-180,-238,-235,-175,-69,55,165,224,222,166,71,-36,-133,-200,-209,-163,-84,14,112,181,204,180,117,28,-65,-138,-175,-178,-151,-96,-29,32,75,101,0,0,0,0,0,125,123,92,43,-23,-98,-167,-205,-207,-171,-88,19,121,205,245,236,173,62,-58,-168,-250,-271,-219,-124,12,144,237,278,257,163,23,-115,-233,-300,-282,-192,-59,76,197,279,295,229,101,-45,-178,-262,-274,-220,-119,1,124,219,245,199,116,11,-96,-168,-185,-160,-96,-13,65,122,138,116,68,4,-49,-72,-72,-51,-23,5,20,20,4,-26,-36,-35,-20,15,61,103,114,92,40,-32,-110,-165,-184,-151,-59,59,166,232,241,189,79,-66,-210,-298,-310,-238,-94,81,247,359,379,292,125,-80,-273,-405,-429,-339,-153,79,298,444,476,378,171,-81,-327,0,-513,-409,-198,82,344,511,549,436,203,-83,-359,-541,-577,-458,-214,94,381,568,605,476,229,-86,-391,-580,-605,-475,-227,86,382,566,593,454,197,-106,-392,-570,-577,-435,-182,124,402,556,554,402,139,-161,-406,-533,-515,-352,-89,195,413,511,468,289,32,-222,-407,-478,-413,-232,22,254,400,435,347,153,-80,-283,-400,-398,-281,-82,141,310,378,341,201,2,-204,-347,-373,-283,-120,79,266,367,344,228,41,-172,-338,-399,-337,-176,41,254,398,425,331,132,-117,-334,-462,-463,-329,-93,176,403,522,495,331,67,-227,-468,-577,-529,-340,-48,262,503,609,550,334,0,0
28887,mtk,MTK 7916,2777356777,rx0-tx0,512,0,0,0,0,0,0,0,0,0,0,0,0,0,0,0,0,0,0,0,0,0,0,0,0,0,0,0,0,0,0,0,0,0,0,0,0,0,0,0,0,0,0,0,0,0,0,0,0,0,0,0,0,0,0,0,0,0,0,0,0,0,0,0,0,0,0,0,0,0,0,0,0,0,0,0,0,0,0,0,0,0,0,0,0,0,0,0,0,0,0,0,0,0,0,0,0,0,0,0,0,0,0,0,0,0,0,0,0,0,0,0,0,0,0,0,0,0,0,0,0,0,0,0,0,0,0,0,0,0,0,0,0,0,0,0,0,0,0,0,0,0,0,0,0,0,0,0,0,0,0,0,0,0,0,0,0,0,0,0,0,0,0,0,0,0,0,0,0,0,0,0,0,0,0,0,0,0,0,0,0,0,0,0,0,0,0,0,0,0,0,0,0,0,0,0,0,0,0,0,0,0,0,0,0,0,0,0,0,0,0,0,0,0,0,0,0,0,0,0,0,0,0,0,0,0,0,0,0,0,0,0,0,0,0,0,0,0,0,0,0,0,0,0,0,0,0,0,0,0,0,0,0,0,0,0,0,-273,-800,-912,208,190,117,11,-107,-217,-295,-341,-354,-339,-292,-214,-127,-30,77,181,281,362,420,461,471,451,394,314,206,76,-66,-213,-350,-468,-550,-607,-633,-619,-560,-464,-344,-208,-57,100,253,390,501,588,646,680,675,640,577,482,366,229,81,-79,-234,-390,-524,-641,-739,-792,-802,-773,-715,-616,-486,-320,-142,47,244,435,601,739,835,901,916,882,813,693,545,369,157,-49,-246,-438,-608,-759,-858,-912,-920,-878,-809,-701,-561,-390,-202,-6,181,348,497,621,714,772,798,792,756,683,587,465,325,183,32,-125,-277,-413,-534,-630,-704,-750,-771,-751,-707,-638,-525,-396,-256,-1687,73,235,386,531,652,747,804,828,825,779,699,599,464,315,145,-29,-210,-374,-529,-669,-780,-870,-929,-942,-916,-855,-750,-609,-433,-235,-21,207,431,649,852,1017,1134,1195,1200,1145,1033,864,642,377,86,-212,-505,-789,-1025,-1210,-1334,-1389,-1371,-1278,-1122,-905,-632,-323,-5,313,617,891,1110,1276,1361,1385,1340,1212,1029,789,514,219,-95,-393,-667,-921,-1113,-1243,-1308,-1297,-1226,-1086,-885,-639,-352,-46,269,557,809,1012,1162,1234,1230,1152,994,785,537,255,-30,-310,-568,-776,-925,-1011,-1041,-997,-893,-742,-550,-329,-91,149,377,587,756,883,943,926,833,649,390,70,-260,-542,-710,-135,-393,0,0,0,0,0,0,0,0,0,0,0,0,0,0,0,0,0,0,0,0,0,0,0,0,0,0,0,0,0,0,0,0,0,0,0,0,0,0,0,0,0,0,0,0,0,0,0,0,0,0,0,0,0,0,0,0,0,0,0,0,0,0,0,0,0,0,0,0,0,0,0,0,0,0,0,0,0,0,0,0,0,0,0,0,0,0,0,0,0,0,0,0,0,0,0,0,0,0,0,0,0,0,0,0,0,0,0,0,0,0,0,0,0,0,0,0,0,0,0,0,0,0,0,0,0,0,0,0,0,0,0,0,0,0,0,0,0,0,0,0,0,0,0,0,0,0,0,0,0,0,0,0,0,0,0,0,0,0,0,0,0,0,0,0,0,0,0,0,0,0,0,0,0,0,0,0,0,0,0,0,0,0,0,0,0,0,0,0,0,0,0,0,0,0,0,0,0,0,0,0,0,0,0,0,0,0,0,0,0,0,0,0,0,0,0,0,0,0,0,0,0,0,0,0,0,0,0,0,0,0,0,0,0,0,0,0,0,0,0,0,0,0,0,0,0,0,0,0,0,0,0,0,0,0,0,0,-1322,-526,-288,-69,-171,-257,-305,-305,-255,-175,-75,31,134,232,309,362,393,397,373,325,247,154,43,-80,-207,-321,-419,-495,-541,-561,-544,-486,-385,-260,-125,26,179,328,451,549,621,657,659,620,547,450,323,189,38,-112,-255,-397,-516,-611,-680,-722,-726,-704,-645,-548,-426,-279,-112,65,236,409,564,698,797,852,871,848,776,667,523,352,154,-54,-254,-443,-616,-755,-868,-928,-933,-901,-819,-702,-547,-363,-171,34,230,411,570,699,793,851,873,848,787,692,565,411,248,76,-91,-251,-395,-521,-633,-709,-750,-765,-754,-711,-646,-548,-428,-295,-147,10,170,315,463,591,681,756,-175,807,773,712,621,505,361,202,37,-135,-309,-457,-595,-704,-788,-845,-864,-845,-789,-710,-589,-445,-288,-108,84,278,469,642,800,926,1016,1061,1059,1005,904,755,561,332,78,-190,-461,-709,-935,-1121,-1250,-1315,-1306,-1243,-1110,-909,-658,-369,-54,264,569,844,1079,1258,1369,1406,1371,1261,1082,853,576,269,-38,-360,-652,-907,-1115,-1253,-1342,-1349,-1278,-1154,-967,-723,-448,-146,157,449,722,952,1132,1250,1295,1262,1150,976,750,475,174,-124,-415,-684,-894,-1050,-1132,-1142,-1090,-962,-777,-548,-299,-35,225,453,649,802,907,947,931,860,727,546,322,63,-206,-475,-708,-877,-948,-887,-699,-456,-942,-878
28888,mtk,MTK 7916,2777356777,rx0-tx1,512,0,0,0,0,0,0,0,0,0,0,0,0,0,0,0,0,0,0,0,0,0,0,0,0,0,0,0,0,0,0,0,0,0,0,0,0,0,0,0,0,0,0,0,0,0,0,0,0,0,0,0,0,0,0,0,0,0,0,0,0,0,0,0,0,0,0,0,0,0,0,0,0,0,0,0,0,0,0,0,0,0,0,0,0,0,0,0,0,0,0,0,0,0,0,0,0,0,0,0,0,0,0,0,0,0,0,0,0,0,0,0,0,0,0,0,0,0,0,0,0,0,0,0,0,0,0,0,0,0,0,0,0,0,0,0,0,0,0,0,0,0,0,0,0,0,0,0,0,0,0,0,0,0,0,0,0,0,0,0,0,0,0,0,0,0,0,0,0,0,0,0,0,0,0,0,0,0,0,0,0,0,0,0,0,0,0,0,0,0,0,0,0,0,0,0,0,0,0,0,0,0,0,0,0,0,0,0,0,0,0,0,0,0,0,0,0,0,0,0,0,0,0,0,0,0,0,0,0,0,0,0,0,0,0,0,0,0,0,0,0,0,0,0,0,0,0,0,0,0,0,0,0,0,0,0,0,-730,-167,-222,-94,12,143,265,348,377,360,306,213,103,-17,-144,-260,-360,-436,-482,-503,-489,-438,-353,-236,-97,54,206,359,491,598,677,708,693,635,543,413,250,62,-134,-325,-505,-664,-782,-866,-901,-887,-820,-713,-567,-372,-154,64,294,507,702,869,981,1048,1075,1040,948,807,622,396,151,-106,-362,-607,-823,-994,-1127,-1216,-1234,-1184,-1079,-922,-711,-465,-193,87,368,638,890,1092,1243,1327,1344,1310,1208,1036,814,543,254,-52,-364,-648,-910,-1120,-1290,-1387,-1412,-1370,-1252,-1075,-862,-599,-300,7,311,599,861,1075,1231,1326,1361,1335,1244,1094,889,660,392,108,-180,-442,-691,-907,-1078,-1207,-546,-1289,-1233,-1134,-986,-800,-571,-321,-61,209,474,707,922,1097,1217,1291,1309,1265,1167,1014,805,563,298,7,-296,-587,-847,-1075,-1252,-1366,-1427,-1414,-1319,-1169,-959,-704,-415,-100,223,529,805,1044,1232,1356,1414,1404,1322,1188,997,756,474,175,-128,-423,-692,-931,-1119,-1251,-1333,-1349,-1297,-1184,-1015,-802,-549,-269,21,318,598,848,1058,1215,1313,1342,1300,1185,1010,779,510,213,-100,-401,-688,-932,-1124,-1253,-1308,-1288,-1186,-1019,-794,-522,-226,82,389,663,881,1048,1142,1156,1103,982,798,574,316,50,-210,-448,-649,-806,-902,-940,-919,-839,-709,-524,-301,-45,224,481,699,850,903,830,635,395,38,-36,0,0,0,0,0,0,0,0,0,0,0,0,0,0,0,0,0,0,0,0,0,0,0,0,0,0,0,0,0,0,0,0,0,0,0,0,0,0,0,0,0,0,0,0,0,0,0,0,0,0,0,0,0,0,0,0,0,0,0,0,0,0,0,0,0,0,0,0,0,0,0,0,0,0,0,0,0,0,0,0,0,0,0,0,0,0,0,0,0,0,0,0,0,0,0,0,0,0,0,0,0,0,0,0,0,0,0,0,0,0,0,0,0,0,0,0,0,0,0,0,0,0,0,0,0,0,0,0,0,0,0,0,0,0,0,0,0,0,0,0,0,0,0,0,0,0,0,0,0,0,0,0,0,0,0,0,0,0,0,0,0,0,0,0,0,0,0,0,0,0,0,0,0,0,0,0,0,0,0,0,0,0,0,0,0,0,0,0,0,0,0,0,0,0,0,0,0,0,0,0,0,0,0,0,0,0,0,0,0,0,0,0,0,0,0,0,0,0,0,0,0,0,0,0,0,0,0,0,0,0,0,0,0,0,0,0,0,0,0,0,0,0,0,0,0,0,0,0,0,0,0,0,0,0,0,0,-128,-239,-189,236,288,286,224,115,-16,-141,-259,-349,-405,-431,-416,-371,-294,-195,-79,49,184,311,425,517,580,606,593,534,434,308,155,-19,-197,-368,-520,-651,-746,-802,-805,-762,-677,-543,-379,-194,11,222,429,611,771,892,957,987,968,883,755,582,369,154,-87,-335,-563,-769,-936,-1063,-1136,-1155,-1118,-1021,-860,-661,-434,-174,106,377,634,858,1056,1190,1269,1289,1245,1152,990,767,509,224,-70,-361,-654,-907,-1116,-1273,-1362,-1399,-1355,-1240,-1063,-839,-573,-270,34,345,636,892,1104,1272,1369,1394,1356,1256,1090,872,618,333,46,-251,-537,-790,-997,-1153,-1266,-1313,-1295,-1223,-1107,-929,-712,-468,1197,69,336,583,808,1000,1148,1236,1277,1263,1191,1064,905,692,454,189,-92,-373,-634,-871,-1070,-1222,-1327,-1379,-1357,-1261,-1111,-907,-650,-363,-59,259,559,827,1068,1256,1384,1442,1424,1332,1186,986,732,442,134,-182,-480,-752,-997,-1185,-1315,-1373,-1371,-1307,-1185,-1001,-765,-506,-225,66,358,630,870,1068,1218,1305,1334,1296,1196,1032,816,556,267,-30,-335,-621,-879,-1088,-1232,-1319,-1328,-1270,-1139,-937,-688,-402,-96,223,521,783,1001,1152,1234,1247,1176,1029,820,573,286,-8,-286,-548,-762,-921,-1020,-1044,-1004,-900,-745,-549,-322,-82,162,387,589,753,867,922,895,791,603,344,32,-283,-542,-676,-281,-279
28889,mtk,MTK 7916,2777356777,rx1-tx0,512,0,0,0,0,0,0,0,0,0,0,0,0,0,0,0,0,0,0,0,0,0,0,0,0,0,0,0,0,0,0,0,0,0,0,0,0,0,0,0,0,0,0,0,0,0,0,0,0,0,0,0,0,0,0,0,0,0,0,0,0,0,0,0,0,0,0,0,0,0,0,0,0,0,0,0,0,0,0,0,0,0,0,0,0,0,0,0,0,0,0,0,0,0,0,0,0,0,0,0,0,0,0,0,0,0,0,0,0,0,0,0,0,0,0,0,0,0,0,0,0,0,0,0,0,0,0,0,0,0,0,0,0,0,0,0,0,0,0,0,0,0,0,0,0,0,0,0,0,0,0,0,0,0,0,0,0,0,0,0,0,0,0,0,0,0,0,0,0,0,0,0,0,0,0,0,0,0,0,0,0,0,0,0,0,0,0,0,0,0,0,0,0,0,0,0,0,0,0,0,0,0,0,0,0,0,0,0,0,0,0,0,0,0,0,0,0,0,0,0,0,0,0,0,0,0,0,0,0,0,0,0,0,0,0,0,0,0,0,0,0,0,0,0,0,0,0,0,0,0,0,0,0,0,0,0,0,146,-865,-673,-135,-184,-200,-175,-114,-33,58,144,210,255,269,254,225,177,108,30,-55,-138,-212,-271,-304,-315,-307,-270,-211,-138,-55,38,115,189,257,297,317,314,290,255,194,126,50,-26,-94,-146,-188,-220,-242,-243,-226,-201,-173,-137,-91,-49,-7,29,62,95,114,128,137,136,128,129,122,99,83,79,71,59,49,47,30,16,6,-28,-71,-105,-138,-171,-197,-225,-247,-252,-242,-207,-166,-108,-43,52,143,207,283,345,376,400,395,361,309,227,136,39,-72,-172,-271,-350,-410,-443,-457,-444,-396,-324,-247,-146,-40,60,166,253,329,386,423,441,426,395,342,269,189,-144,-5,-102,-194,-271,-341,-389,-412,-413,-395,-351,-290,-214,-121,-35,48,134,212,273,317,343,345,330,306,266,205,145,81,12,-55,-116,-166,-210,-243,-258,-264,-254,-232,-209,-176,-134,-87,-41,2,48,94,138,162,193,212,221,216,204,173,150,119,71,25,-23,-65,-102,-139,-165,-181,-199,-198,-182,-171,-143,-108,-79,-42,-2,36,69,111,144,171,191,194,195,184,168,143,100,54,1,-49,-97,-148,-188,-215,-231,-233,-210,-174,-131,-77,-11,51,109,158,193,222,228,214,190,147,94,39,-19,-82,-130,-163,-187,-198,-189,-171,-127,-69,-6,66,122,149,163,151,-1015,-1044,0,0,0,0,0,0,0,0,0,0,0,0,0,0,0,0,0,0,0,0,0,0,0,0,0,0,0,0,0,0,0,0,0,0,0,0,0,0,0,0,0,0,0,0,0,0,0,0,0,0,0,0,0,0,0,0,0,0,0,0,0,0,0,0,0,0,0,0,0,0,0,0,0,0,0,0,0,0,0,0,0,0,0,0,0,0,0,0,0,0,0,0,0,0,0,0,0,0,0,0,0,0,0,0,0,0,0,0,0,0,0,0,0,0,0,0,0,0,0,0,0,0,0,0,0,0,0,0,0,0,0,0,0,0,0,0,0,0,0,0,0,0,0,0,0,0,0,0,0,0,0,0,0,0,0,0,0,0,0,0,0,0,0,0,0,0,0,0,0,0,0,0,0,0,0,0,0,0,0,0,0,0,0,0,0,0,0,0,0,0,0,0,0,0,0,0,0,0,0,0,0,0,0,0,0,0,0,0,0,0,0,0,0,0,0,0,0,0,0,0,0,0,0,0,0,0,0,0,0,0,0,0,0,0,0,0,0,0,0,0,0,0,0,0,0,0,0,0,0,0,0,0,0,0,0,0,206,568,773,-100,-38,50,140,209,248,250,211,150,77,-2,-83,-156,-219,-265,-285,-290,-264,-217,-154,-73,11,97,178,249,295,331,328,298,262,198,121,41,-44,-117,-181,-232,-266,-285,-289,-268,-228,-185,-131,-76,-15,46,98,135,170,185,196,195,180,162,130,105,85,54,24,-1,-18,-40,-61,-60,-66,-77,-89,-92,-104,-121,-123,-137,-146,-148,-142,-135,-113,-76,-37,13,75,137,197,249,291,331,345,318,287,243,167,78,-15,-118,-211,-300,-371,-413,-440,-439,-406,-352,-267,-175,-77,19,127,227,307,373,425,443,445,417,358,293,207,119,14,-89,-181,-266,-334,-380,147,-421,-413,-375,-321,-250,-164,-67,28,123,213,280,340,372,379,377,354,306,247,175,95,11,-62,-129,-199,-248,-275,-293,-298,-288,-268,-232,-188,-130,-75,-16,39,86,127,167,198,216,224,223,218,207,175,140,104,61,16,-25,-75,-119,-149,-183,-206,-209,-208,-193,-172,-148,-108,-74,-31,20,51,86,124,149,169,183,185,177,169,156,129,98,58,16,-31,-81,-120,-160,-187,-208,-215,-208,-196,-169,-128,-74,-17,47,108,152,188,221,238,229,212,171,124,66,-5,-63,-120,-170,-198,-207,-213,-198,-160,-116,-65,-6,51,109,156,179,187,175,127,77,15,-39,-248,38
28890,mtk,MTK 7916,2777356777,rx1-tx1,512,0,0,0,0,0,0,0,0,0,0,0,0,0,0,0,0,0,0,0,0,0,0,0,0,0,0,0,0,0,0,0,0,0,0,0,0,0,0,0,0,0,0,0,0,0,0,0,0,0,0,0,0,0,0,0,0,0,0,0,0,0,0,0,0,0,0,0,0,0,0,0,0,0,0,0,0,0,0,0,0,0,0,0,0,0,0,0,0,0,0,0,0,0,0,0,0,0,0,0,0,0,0,0,0,0,0,0,0,0,0,0,0,0,0,0,0,0,0,0,0,0,0,0,0,0,0,0,0,0,0,0,0,0,0,0,0,0,0,0,0,0,0,0,0,0,0,0,0,0,0,0,0,0,0,0,0,0,0,0,0,0,0,0,0,0,0,0,0,0,0,0,0,0,0,0,0,0,0,0,0,0,0,0,0,0,0,0,0,0,0,0,0,0,0,0,0,0,0,0,0,0,0,0,0,0,0,0,0,0,0,0,0,0,0,0,0,0,0,0,0,0,0,0,0,0,0,0,0,0,0,0,0,0,0,0,0,0,0,0,0,0,0,0,0,0,0,0,0,0,0,0,0,0,0,0,0,-411,-906,-1006,2,1,-4,-11,-15,-20,-20,-14,0,10,15,23,27,21,11,1,-15,-27,-39,-45,-36,-11,19,42,56,63,46,11,-23,-48,-72,-73,-52,-17,21,60,84,82,57,21,-27,-72,-93,-88,-60,-13,37,81,103,97,58,3,-48,-89,-106,-90,-46,10,67,106,111,77,27,-33,-90,-116,-105,-63,1,72,119,128,101,45,-29,-94,-133,-137,-98,-22,55,110,142,134,79,-4,-77,-125,-142,-110,-41,35,102,142,131,74,-2,-74,-131,-149,-116,-46,41,116,153,147,94,3,-91,-155,-177,-150,-73,33,131,192,198,147,49,-66,-165,-221,-213,-144,-31,0,194,238,215,136,18,-106,-202,-246,-229,-143,-18,106,195,232,210,131,15,-103,-186,-215,-188,-113,-16,83,161,197,177,115,34,-51,-122,-158,-147,-106,-51,14,75,116,124,105,61,8,-44,-85,-104,-105,-84,-42,14,64,100,115,108,71,12,-50,-104,-135,-128,-88,-21,61,131,166,161,105,12,-85,-162,-197,-190,-127,-17,100,188,233,222,140,15,-114,-218,-271,-257,-172,-34,114,231,296,283,193,53,-100,-225,-299,-295,-210,-76,78,212,286,284,216,94,-52,-184,-258,-255,-193,-88,42,165,239,244,189,87,-38,-157,-237,-262,-231,-152,-42,67,151,210,-244,-505,0,0,0,0,0,0,0,0,0,0,0,0,0,0,0,0,0,0,0,0,0,0,0,0,0,0,0,0,0,0,0,0,0,0,0,0,0,0,0,0,0,0,0,0,0,0,0,0,0,0,0,0,0,0,0,0,0,0,0,0,0,0,0,0,0,0,0,0,0,0,0,0,0,0,0,0,0,0,0,0,0,0,0,0,0,0,0,0,0,0,0,0,0,0,0,0,0,0,0,0,0,0,0,0,0,0,0,0,0,0,0,0,0,0,0,0,0,0,0,0,0,0,0,0,0,0,0,0,0,0,0,0,0,0,0,0,0,0,0,0,0,0,0,0,0,0,0,0,0,0,0,0,0,0,0,0,0,0,0,0,0,0,0,0,0,0,0,0,0,0,0,0,0,0,0,0,0,0,0,0,0,0,0,0,0,0,0,0,0,0,0,0,0,0,0,0,0,0,0,0,0,0,0,0,0,0,0,0,0,0,0,0,0,0,0,0,0,0,0,0,0,0,0,0,0,0,0,0,0,0,0,0,0,0,0,0,0,0,0,0,0,0,0,0,0,0,0,0,0,0,0,0,0,0,0,0,-92,-490,-231,10,8,8,9,6,0,-6,-14,-24,-25,-17,-8,3,16,25,30,32,23,6,-13,-33,-48,-51,-34,-10,16,44,61,62,48,19,-19,-53,-73,-75,-59,-22,26,64,81,84,64,24,-28,-67,-95,-95,-63,-11,40,79,98,91,55,1,-57,-99,-104,-81,-37,20,75,104,104,70,9,-49,-101,-130,-109,-50,18,86,134,137,101,41,-32,-103,-145,-136,-88,-14,62,122,146,118,56,-19,-93,-140,-136,-89,-21,55,117,140,123,68,-20,-101,-147,-148,-104,-24,65,137,167,147,77,-17,-107,-174,-193,-151,-64,46,150,214,213,150,43,-76,-174,-225,0,-145,-27,102,198,241,218,132,14,-106,-203,-244,-213,-126,-8,110,200,233,206,129,18,-91,-170,-199,-184,-118,-24,65,133,172,164,115,36,-41,-97,-128,-132,-102,-54,0,59,100,116,108,76,24,-25,-70,-99,-105,-87,-53,-4,50,98,125,115,75,15,-58,-121,-149,-137,-94,-21,71,140,177,170,115,14,-90,-177,-220,-204,-134,-22,107,210,256,240,158,28,-108,-219,-283,-271,-185,-45,100,228,295,281,200,70,-87,-225,-305,-301,-218,-84,65,190,264,271,207,90,-44,-161,-233,-243,-187,-80,46,156,225,241,195,102,-15,-123,-213,-264,-259,-199,-106,-970,-871
28891,mtk,MTK 7916,2777356777,rx2-tx0,512,0,0,0,0,0,0,0,0,0,0,0,0,0,0,0,0,0,0,0,0,0,0,0,0,0,0,0,0,0,0,0,0,0,0,0,0,0,0,0,0,0,0,0,0,0,0,0,0,0,0,0,0,0,0,0,0,0,0,0,0,0,0,0,0,0,0,0,0,0,0,0,0,0,0,0,0,0,0,0,0,0,0,0,0,0,0,0,0,0,0,0,0,0,0,0,0,0,0,0,0,0,0,0,0,0,0,0,0,0,0,0,0,0,0,0,0,0,0,0,0,0,0,0,0,0,0,0,0,0,0,0,0,0,0,0,0,0,0,0,0,0,0,0,0,0,0,0,0,0,0,0,0,0,0,0,0,0,0,0,0,0,0,0,0,0,0,0,0,0,0,0,0,0,0,0,0,0,0,0,0,0,0,0,0,0,0,0,0,0,0,0,0,0,0,0,0,0,0,0,0,0,0,0,0,0,0,0,0,0,0,0,0,0,0,0,0,0,0,0,0,0,0,0,0,0,0,0,0,0,0,0,0,0,0,0,0,0,0,0,0,0,0,0,0,0,0,0,0,0,0,0,0,0,0,0,0,-136,1029,843,-51,-46,-34,-14,11,38,61,76,79,67,38,-3,-45,-77,-98,-100,-79,-37,19,78,119,140,127,79,8,-71,-143,-182,-180,-136,-51,55,150,214,232,187,88,-36,-157,-246,-277,-231,-122,22,170,279,309,258,140,-23,-187,-303,-338,-278,-137,42,212,328,359,282,123,-73,-251,-360,-370,-272,-89,122,295,387,369,245,41,-179,-351,-421,-370,-206,21,243,399,444,356,161,-84,-304,-442,-457,-338,-120,131,348,470,459,312,74,-182,-385,-480,-434,-259,-19,222,401,463,389,205,-34,-261,-406,-433,-337,-137,99,301,409,399,273,68,-154,-332,-404,-358,-210,2,0,363,401,322,149,-71,-266,-380,-387,-280,-93,122,299,392,376,252,50,-164,-334,-411,-372,-228,-20,190,350,411,362,212,2,-210,-367,-428,-368,-208,5,216,374,434,378,222,12,-203,-366,-435,-392,-249,-43,172,343,426,396,268,76,-133,-308,-402,-389,-281,-108,96,274,376,373,271,106,-84,-250,-347,-352,-266,-108,76,231,318,319,236,90,-81,-224,-302,-299,-211,-68,92,221,292,278,185,39,-117,-245,-301,-270,-172,-27,128,250,308,283,184,36,-126,-251,-310,-293,-202,-56,106,239,312,309,228,95,-61,-205,-299,-328,-285,-180,-38,105,225,304,324,287,203,1064,1146,0,0,0,0,0,0,0,0,0,0,0,0,0,0,0,0,0,0,0,0,0,0,0,0,0,0,0,0,0,0,0,0,0,0,0,0,0,0,0,0,0,0,0,0,0,0,0,0,0,0,0,0,0,0,0,0,0,0,0,0,0,0,0,0,0,0,0,0,0,0,0,0,0,0,0,0,0,0,0,0,0,0,0,0,0,0,0,0,0,0,0,0,0,0,0,0,0,0,0,0,0,0,0,0,0,0,0,0,0,0,0,0,0,0,0,0,0,0,0,0,0,0,0,0,0,0,0,0,0,0,0,0,0,0,0,0,0,0,0,0,0,0,0,0,0,0,0,0,0,0,0,0,0,0,0,0,0,0,0,0,0,0,0,0,0,0,0,0,0,0,0,0,0,0,0,0,0,0,0,0,0,0,0,0,0,0,0,0,0,0,0,0,0,0,0,0,0,0,0,0,0,0,0,0,0,0,0,0,0,0,0,0,0,0,0,0,0,0,0,0,0,0,0,0,0,0,0,0,0,0,0,0,0,0,0,0,0,0,0,0,0,0,0,0,0,0,0,0,0,0,0,0,0,0,0,0,1335,-498,-766,-17,-37,-55,-67,-69,-63,-45,-18,19,55,78,85,79,57,16,-33,-78,-109,-120,-100,-54,12,76,129,161,155,104,30,-63,-148,-200,-207,-162,-70,47,159,233,253,209,108,-29,-165,-265,-295,-251,-134,21,173,287,323,270,139,-32,-200,-314,-345,-283,-138,53,231,350,365,275,109,-95,-277,-375,-370,-260,-71,148,321,402,365,224,13,-211,-376,-433,-361,-181,48,271,421,449,350,150,-102,-326,-453,-457,-328,-99,154,371,481,447,290,52,-202,-393,-469,-414,-241,1,244,409,448,359,170,-68,-286,-416,-421,-304,-99,133,314,402,377,243,31,-187,-347,-406,0,-180,33,237,371,395,302,122,-95,-283,-389,-382,-268,-76,145,324,406,373,235,29,-180,-340,-409,-362,-212,-7,206,366,425,367,211,-1,-216,-374,-429,-374,-218,-3,214,368,426,381,234,24,-192,-355,-431,-396,-260,-57,154,327,413,398,283,93,-117,-291,-388,-383,-279,-108,91,263,359,358,267,108,-76,-235,-327,-333,-248,-98,76,227,312,310,221,73,-87,-223,-295,-286,-199,-55,103,230,297,282,186,37,-123,-246,-309,-284,-180,-31,128,252,309,288,192,42,-120,-248,-311,-296,-213,-74,89,227,306,316,251,128,-23,-169,-283,-337,-323,-249,-134,-7,106,204,453,139
28892,mtk,MTK 7916,2777356777,rx2-tx1,512,0,0,0,0,0,0,0,0,0,0,0,0,0,0,0,0,0,0,0,0,0,0,0,0,0,0,0,0,0,0,0,0,0,0,0,0,0,0,0,0,0,0,0,0,0,0,0,0,0,0,0,0,0,0,0,0,0,0,0,0,0,0,0,0,0,0,0,0,0,0,0,0,0,0,0,0,0,0,0,0,0,0,0,0,0,0,0,0,0,0,0,0,0,0,0,0,0,0,0,0,0,0,0,0,0,0,0,0,0,0,0,0,0,0,0,0,0,0,0,0,0,0,0,0,0,0,0,0,0,0,0,0,0,0,0,0,0,0,0,0,0,0,0,0,0,0,0,0,0,0,0,0,0,0,0,0,0,0,0,0,0,0,0,0,0,0,0,0,0,0,0,0,0,0,0,0,0,0,0,0,0,0,0,0,0,0,0,0,0,0,0,0,0,0,0,0,0,0,0,0,0,0,0,0,0,0,0,0,0,0,0,0,0,0,0,0,0,0,0,0,0,0,0,0,0,0,0,0,0,0,0,0,0,0,0,0,0,0,0,0,0,0,0,0,0,0,0,0,0,0,0,0,0,0,0,0,236,237,467,-43,-33,-19,-4,16,37,50,47,35,21,-2,-25,-33,-39,-31,-10,13,38,50,44,27,-3,-41,-68,-75,-62,-23,27,75,101,98,76,32,-32,-96,-132,-128,-92,-20,75,147,174,152,93,-2,-106,-182,-197,-162,-82,36,153,225,233,173,54,-88,-215,-291,-278,-172,-17,146,277,335,285,153,-27,-208,-341,-371,-296,-129,83,276,388,392,284,87,-145,-340,-440,-407,-262,-41,193,376,455,397,217,-28,-258,-413,-458,-375,-176,77,301,438,449,329,109,-133,-337,-441,-406,-257,-44,184,349,404,346,190,-27,-222,-341,-359,-276,-106,94,261,330,293,174,10,0,-276,-304,-231,-88,83,221,292,263,151,-8,-163,-269,-290,-216,-72,97,234,301,281,169,1,-171,-283,-314,-251,-115,59,221,314,308,216,60,-115,-250,-306,-276,-163,-2,154,260,290,232,108,-38,-169,-246,-248,-181,-58,76,177,219,190,109,4,-103,-175,-183,-134,-45,49,130,160,135,70,-11,-86,-141,-145,-98,-22,56,121,143,118,60,-12,-85,-133,-135,-96,-29,52,115,140,128,73,-10,-80,-121,-133,-114,-55,16,73,112,122,93,36,-29,-84,-110,-98,-65,-13,38,75,96,84,50,1,-46,-83,-86,-69,-36,11,59,91,100,84,48,6,-35,-72,-507,-260,0,0,0,0,0,0,0,0,0,0,0,0,0,0,0,0,0,0,0,0,0,0,0,0,0,0,0,0,0,0,0,0,0,0,0,0,0,0,0,0,0,0,0,0,0,0,0,0,0,0,0,0,0,0,0,0,0,0,0,0,0,0,0,0,0,0,0,0,0,0,0,0,0,0,0,0,0,0,0,0,0,0,0,0,0,0,0,0,0,0,0,0,0,0,0,0,0,0,0,0,0,0,0,0,0,0,0,0,0,0,0,0,0,0,0,0,0,0,0,0,0,0,0,0,0,0,0,0,0,0,0,0,0,0,0,0,0,0,0,0,0,0,0,0,0,0,0,0,0,0,0,0,0,0,0,0,0,0,0,0,0,0,0,0,0,0,0,0,0,0,0,0,0,0,0,0,0,0,0,0,0,0,0,0,0,0,0,0,0,0,0,0,0,0,0,0,0,0,0,0,0,0,0,0,0,0,0,0,0,0,0,0,0,0,0,0,0,0,0,0,0,0,0,0,0,0,0,0,0,0,0,0,0,0,0,0,0,0,0,0,0,0,0,0,0,0,0,0,0,0,0,0,0,0,0,0,-351,885,788,-18,-28,-38,-46,-48,-40,-22,1,24,42,50,38,16,-6,-26,-39,-42,-29,1,34,51,59,51,25,-17,-59,-89,-89,-60,-16,33,81,114,120,84,18,-55,-119,-154,-145,-88,-7,81,158,188,160,82,-26,-134,-203,-220,-174,-65,70,185,252,252,179,43,-108,-237,-301,-273,-162,0,176,305,349,289,145,-57,-239,-361,-378,-287,-103,118,305,410,399,268,57,-172,-360,-451,-409,-249,-17,228,406,463,389,199,-47,-283,-436,-463,-354,-148,103,325,442,422,290,76,-158,-344,-425,-381,-225,-13,200,352,389,304,142,-59,-235,-337,-339,-234,-56,131,263,310,0,136,-36,-199,-293,-286,-193,-37,127,250,295,242,108,-54,-202,-291,-286,-194,-43,127,264,317,269,141,-33,-194,-301,-315,-237,-90,87,237,318,299,195,36,-131,-261,-310,-268,-148,17,165,251,266,206,87,-54,-177,-242,-234,-152,-26,89,172,206,167,73,-32,-117,-166,-166,-111,-20,73,134,148,111,42,-39,-109,-141,-130,-74,8,83,127,141,113,48,-34,-101,-135,-132,-85,-13,60,115,137,115,59,-11,-75,-117,-129,-99,-38,28,83,112,108,74,24,-33,-80,-96,-82,-50,-10,37,73,87,69,31,-13,-51,-80,-91,-71,-33,16,59,88,104,95,61,775,888
28893,mtk,MTK 7916,2777400187,rx0-tx0,512,0,0,0,0,0,0,0,0,0,0,0,0,0,0,0,0,0,0,0,0,0,0,0,0,0,0,0,0,0,0,0,0,0,0,0,0,0,0,0,0,0,0,0,0,0,0,0,0,0,0,0,0,0,0,0,0,0,0,0,0,0,0,0,0,0,0,0,0,0,0,0,0,0,0,0,0,0,0,0,0,0,0,0,0,0,0,0,0,0,0,0,0,0,0,0,0,0,0,0,0,0,0,0,0,0,0,0,0,0,0,0,0,0,0,0,0,0,0,0,0,0,0,0,0,0,0,0,0,0,0,0,0,0,0,0,0,0,0,0,0,0,0,0,0,0,0,0,0,0,0,0,0,0,0,0,0,0,0,0,0,0,0,0,0,0,0,0,0,0,0,0,0,0,0,0,0,0,0,0,0,0,0,0,0,0,0,0,0,0,0,0,0,0,0,0,0,0,0,0,0,0,0,0,0,0,0,0,0,0,0,0,0,0,0,0,0,0,0,0,0,0,0,0,0,0,0,0,0,0,0,0,0,0,0,0,0,0,0,0,0,0,0,0,0,0,0,0,0,0,0,0,0,0,0,0,0,-273,783,895,-244,-294,-279,-207,-98,31,156,268,350,400,422,407,363,295,204,88,-34,-162,-285,-395,-489,-550,-587,-581,-541,-453,-339,-197,-33,136,298,445,583,679,734,746,720,646,535,397,235,62,-115,-284,-444,-581,-687,-762,-807,-812,-774,-708,-598,-460,-310,-130,55,255,431,588,739,843,917,956,939,865,754,604,428,216,-6,-232,-447,-645,-811,-932,-1008,-1037,-1019,-944,-817,-656,-457,-244,-25,208,422,602,750,859,934,962,946,874,769,631,469,304,121,-64,-231,-386,-524,-630,-711,-756,-768,-760,-721,-655,-565,-458,-329,-194,-58,81,216,354,471,572,661,725,753,753,726,-1687,583,463,332,185,30,-130,-288,-436,-560,-668,-745,-797,-815,-801,-752,-674,-574,-443,-304,-150,19,188,359,526,674,796,893,948,980,964,918,813,662,481,268,34,-209,-463,-694,-898,-1075,-1193,-1256,-1256,-1193,-1063,-880,-646,-380,-82,221,520,792,1015,1196,1316,1370,1355,1262,1101,892,637,357,55,-258,-545,-802,-1017,-1179,-1274,-1311,-1277,-1176,-1028,-829,-580,-302,-19,271,542,777,982,1133,1221,1240,1197,1084,904,680,420,136,-144,-420,-669,-877,-1026,-1106,-1129,-1085,-971,-797,-583,-339,-80,171,411,619,781,897,958,960,894,776,613,404,162,-106,-381,-632,-835,-951,-961,-841,-592,-325,300,477,0,0,0,0,0,0,0,0,0,0,0,0,0,0,0,0,0,0,0,0,0,0,0,0,0,0,0,0,0,0,0,0,0,0,0,0,0,0,0,0,0,0,0,0,0,0,0,0,0,0,0,0,0,0,0,0,0,0,0,0,0,0,0,0,0,0,0,0,0,0,0,0,0,0,0,0,0,0,0,0,0,0,0,0,0,0,0,0,0,0,0,0,0,0,0,0,0,0,0,0,0,0,0,0,0,0,0,0,0,0,0,0,0,0,0,0,0,0,0,0,0,0,0,0,0,0,0,0,0,0,0,0,0,0,0,0,0,0,0,0,0,0,0,0,0,0,0,0,0,0,0,0,0,0,0,0,0,0,0,0,0,0,0,0,0,0,0,0,0,0,0,0,0,0,0,0,0,0,0,0,0,0,0,0,0,0,0,0,0,0,0,0,0,0,0,0,0,0,0,0,0,0,0,0,0,0,0,0,0,0,0,0,0,0,0,0,0,0,0,0,0,0,0,0,0,0,0,0,0,0,0,0,0,0,0,0,0,0,0,0,0,0,0,0,0,0,0,0,0,0,0,0,0,0,0,0,-1322,844,711,-71,40,172,282,354,378,357,294,202,95,-20,-141,-248,-342,-421,-472,-491,-483,-437,-367,-259,-133,11,161,308,442,550,637,681,680,633,557,440,285,115,-58,-238,-408,-553,-667,-740,-777,-778,-737,-661,-547,-407,-252,-80,103,275,440,590,703,792,852,877,857,782,682,539,367,181,-24,-237,-432,-612,-771,-898,-987,-1013,-996,-920,-805,-647,-451,-239,-10,220,444,636,798,920,992,1024,1001,915,794,636,452,254,47,-155,-347,-516,-664,-768,-836,-872,-855,-805,-732,-626,-505,-364,-208,-55,97,245,376,492,587,663,708,728,727,702,649,566,464,346,204,55,-96,-251,-175,-522,-628,-707,-760,-785,-777,-741,-669,-565,-442,-298,-151,5,162,323,464,599,708,783,838,859,850,811,736,623,489,320,136,-65,-269,-470,-671,-836,-976,-1083,-1134,-1138,-1081,-959,-804,-597,-347,-77,209,485,744,967,1153,1281,1342,1331,1249,1100,903,659,375,71,-242,-543,-807,-1030,-1199,-1304,-1356,-1330,-1229,-1070,-860,-607,-328,-38,259,538,779,989,1147,1239,1271,1240,1136,983,782,534,257,-30,-317,-590,-823,-1008,-1140,-1199,-1188,-1111,-967,-773,-530,-264,13,286,534,743,901,1006,1042,1016,930,785,601,385,155,-93,-329,-538,-722,-859,-944,-961,-897,-748,-518,-223,107,429,670,780,1114,1049
28894,mtk,MTK 7916,2777400187,rx0-tx1,512,0,0,0,0,0,0,0,0,0,0,0,0,0,0,0,0,0,0,0,0,0,0,0,0,0,0,0,0,0,0,0,0,0,0,0,0,0,0,0,0,0,0,0,0,0,0,0,0,0,0,0,0,0,0,0,0,0,0,0,0,0,0,0,0,0,0,0,0,0,0,0,0,0,0,0,0,0,0,0,0,0,0,0,0,0,0,0,0,0,0,0,0,0,0,0,0,0,0,0,0,0,0,0,0,0,0,0,0,0,0,0,0,0,0,0,0,0,0,0,0,0,0,0,0,0,0,0,0,0,0,0,0,0,0,0,0,0,0,0,0,0,0,0,0,0,0,0,0,0,0,0,0,0,0,0,0,0,0,0,0,0,0,0,0,0,0,0,0,0,0,0,0,0,0,0,0,0,0,0,0,0,0,0,0,0,0,0,0,0,0,0,0,0,0,0,0,0,0,0,0,0,0,0,0,0,0,0,0,0,0,0,0,0,0,0,0,0,0,0,0,0,0,0,0,0,0,0,0,0,0,0,0,0,0,0,0,0,0,0,0,0,0,0,0,0,0,0,0,0,0,0,0,0,0,0,0,-730,-101,-216,211,166,63,-74,-205,-312,-381,-406,-390,-343,-263,-155,-38,86,210,323,422,499,541,554,526,464,368,245,100,-64,-231,-396,-542,-658,-729,-764,-759,-712,-621,-480,-315,-133,78,282,472,645,788,891,954,971,924,827,696,525,314,89,-153,-386,-597,-796,-953,-1066,-1129,-1132,-1083,-974,-819,-627,-392,-139,120,384,636,866,1043,1170,1252,1281,1243,1139,998,800,556,276,-15,-310,-602,-856,-1076,-1248,-1362,-1414,-1389,-1303,-1161,-951,-703,-407,-85,236,540,820,1068,1258,1381,1446,1447,1369,1223,1020,778,499,193,-118,-418,-689,-940,-1140,-1282,-1362,-1381,-1343,-1246,-1086,-881,-643,-375,-93,193,-546,712,924,1090,1218,1300,1324,1284,1197,1059,865,637,387,111,-161,-441,-700,-930,-1122,-1264,-1348,-1377,-1347,-1261,-1106,-892,-644,-361,-59,249,547,824,1052,1229,1362,1427,1427,1351,1211,1019,786,513,218,-87,-384,-659,-901,-1100,-1254,-1349,-1374,-1330,-1232,-1082,-893,-661,-392,-112,173,453,713,927,1108,1242,1314,1329,1283,1173,1002,780,521,238,-68,-366,-648,-895,-1099,-1248,-1335,-1353,-1288,-1160,-973,-723,-436,-125,190,497,768,996,1169,1261,1280,1229,1095,897,649,365,64,-228,-493,-727,-908,-1022,-1069,-1046,-962,-817,-627,-411,-168,75,302,508,684,811,890,905,848,711,501,227,-77,-366,-593,-699,231,135,0,0,0,0,0,0,0,0,0,0,0,0,0,0,0,0,0,0,0,0,0,0,0,0,0,0,0,0,0,0,0,0,0,0,0,0,0,0,0,0,0,0,0,0,0,0,0,0,0,0,0,0,0,0,0,0,0,0,0,0,0,0,0,0,0,0,0,0,0,0,0,0,0,0,0,0,0,0,0,0,0,0,0,0,0,0,0,0,0,0,0,0,0,0,0,0,0,0,0,0,0,0,0,0,0,0,0,0,0,0,0,0,0,0,0,0,0,0,0,0,0,0,0,0,0,0,0,0,0,0,0,0,0,0,0,0,0,0,0,0,0,0,0,0,0,0,0,0,0,0,0,0,0,0,0,0,0,0,0,0,0,0,0,0,0,0,0,0,0,0,0,0,0,0,0,0,0,0,0,0,0,0,0,0,0,0,0,0,0,0,0,0,0,0,0,0,0,0,0,0,0,0,0,0,0,0,0,0,0,0,0,0,0,0,0,0,0,0,0,0,0,0,0,0,0,0,0,0,0,0,0,0,0,0,0,0,0,0,0,0,0,0,0,0,0,0,0,0,0,0,0,0,0,0,0,0,-128,-656,-639,-135,-239,-319,-344,-311,-228,-113,15,138,252,351,418,456,463,438,379,295,185,52,-90,-236,-370,-490,-581,-644,-665,-647,-587,-485,-344,-179,-2,183,362,536,678,782,851,872,835,763,645,488,299,94,-125,-349,-553,-734,-888,-994,-1050,-1055,-996,-901,-753,-568,-349,-107,143,396,629,833,1002,1125,1185,1197,1156,1062,908,702,466,207,-83,-363,-618,-845,-1052,-1216,-1317,-1349,-1328,-1236,-1081,-886,-632,-348,-37,275,562,839,1078,1265,1395,1449,1433,1353,1212,1003,739,445,141,-182,-492,-774,-1019,-1213,-1355,-1427,-1428,-1362,-1240,-1055,-824,-561,-270,20,315,591,839,1038,1194,1291,1338,1335,1197,1143,953,738,496,238,-38,-305,-564,-804,-1011,-1162,-1275,-1331,-1330,-1279,-1161,-991,-776,-525,-249,37,327,610,870,1088,1255,1370,1420,1403,1323,1180,970,727,439,135,-174,-472,-742,-979,-1176,-1319,-1393,-1401,-1344,-1231,-1058,-836,-582,-304,-6,278,554,800,1006,1174,1280,1330,1326,1263,1129,946,734,479,199,-89,-377,-649,-891,-1087,-1236,-1323,-1347,-1299,-1186,-1013,-785,-514,-219,96,403,681,936,1135,1265,1327,1316,1230,1071,851,580,276,-28,-334,-622,-862,-1042,-1157,-1195,-1156,-1051,-883,-657,-398,-130,137,384,602,768,888,950,945,883,768,606,401,167,-84,-339,-572,-759,-873,-880,-777,-563,-323,-573,-616
28895,mtk,MTK 7916,2777400187,rx1-tx0,512,0,0,0,0,0,0,0,0,0,0,0,0,0,0,0,0,0,0,0,0,0,0,0,0,0,0,0,0,0,0,0,0,0,0,0,0,0,0,0,0,0,0,0,0,0,0,0,0,0,0,0,0,0,0,0,0,0,0,0,0,0,0,0,0,0,0,0,0,0,0,0,0,0,0,0,0,0,0,0,0,0,0,0,0,0,0,0,0,0,0,0,0,0,0,0,0,0,0,0,0,0,0,0,0,0,0,0,0,0,0,0,0,0,0,0,0,0,0,0,0,0,0,0,0,0,0,0,0,0,0,0,0,0,0,0,0,0,0,0,0,0,0,0,0,0,0,0,0,0,0,0,0,0,0,0,0,0,0,0,0,0,0,0,0,0,0,0,0,0,0,0,0,0,0,0,0,0,0,0,0,0,0,0,0,0,0,0,0,0,0,0,0,0,0,0,0,0,0,0,0,0,0,0,0,0,0,0,0,0,0,0,0,0,0,0,0,0,0,0,0,0,0,0,0,0,0,0,0,0,0,0,0,0,0,0,0,0,0,0,0,0,0,0,0,0,0,0,0,0,0,0,0,0,0,0,0,146,-420,-557,51,130,198,228,217,172,100,16,-69,-151,-219,-259,-277,-274,-246,-194,-130,-50,39,120,190,253,296,319,321,290,234,169,95,6,-73,-149,-211,-264,-295,-300,-283,-253,-215,-155,-90,-22,37,94,151,185,207,211,204,197,168,137,103,66,31,-5,-31,-54,-74,-77,-81,-83,-79,-75,-67,-60,-61,-62,-72,-72,-73,-83,-93,-96,-88,-64,-48,-23,14,60,114,168,205,235,267,288,279,255,208,145,72,-13,-107,-187,-265,-330,-376,-405,-407,-377,-317,-257,-176,-85,15,114,210,289,349,397,424,423,399,349,286,208,118,27,-66,-160,-237,-306,-363,-395,-413,-144,-389,-333,-266,-185,-95,2,89,175,252,324,368,394,395,379,347,287,211,129,52,-34,-114,-178,-235,-282,-317,-332,-324,-305,-276,-232,-179,-120,-54,17,81,141,190,227,253,266,276,261,237,214,168,124,83,13,-52,-99,-146,-191,-223,-232,-232,-227,-216,-191,-145,-94,-49,-3,32,74,118,138,154,161,159,154,151,134,118,97,72,49,20,-14,-39,-73,-104,-135,-160,-174,-182,-179,-166,-143,-116,-75,-25,25,76,124,173,195,204,212,197,171,136,84,23,-35,-89,-140,-177,-194,-206,-205,-182,-149,-95,-42,12,73,134,174,197,204,183,137,76,9,-59,86,-90,0,0,0,0,0,0,0,0,0,0,0,0,0,0,0,0,0,0,0,0,0,0,0,0,0,0,0,0,0,0,0,0,0,0,0,0,0,0,0,0,0,0,0,0,0,0,0,0,0,0,0,0,0,0,0,0,0,0,0,0,0,0,0,0,0,0,0,0,0,0,0,0,0,0,0,0,0,0,0,0,0,0,0,0,0,0,0,0,0,0,0,0,0,0,0,0,0,0,0,0,0,0,0,0,0,0,0,0,0,0,0,0,0,0,0,0,0,0,0,0,0,0,0,0,0,0,0,0,0,0,0,0,0,0,0,0,0,0,0,0,0,0,0,0,0,0,0,0,0,0,0,0,0,0,0,0,0,0,0,0,0,0,0,0,0,0,0,0,0,0,0,0,0,0,0,0,0,0,0,0,0,0,0,0,0,0,0,0,0,0,0,0,0,0,0,0,0,0,0,0,0,0,0,0,0,0,0,0,0,0,0,0,0,0,0,0,0,0,0,0,0,0,0,0,0,0,0,0,0,0,0,0,0,0,0,0,0,0,0,0,0,0,0,0,0,0,0,0,0,0,0,0,0,0,0,0,206,-863,-787,160,141,82,-9,-101,-183,-237,-256,-250,-223,-167,-92,-10,74,154,217,266,299,301,281,245,187,108,21,-69,-150,-219,-273,-313,-326,-310,-276,-232,-169,-90,-8,71,132,191,235,260,261,249,235,201,155,97,38,-4,-49,-89,-122,-140,-150,-152,-149,-136,-121,-98,-77,-60,-36,-21,-11,2,5,2,3,6,15,17,22,42,73,101,121,135,157,174,188,184,161,125,83,34,-39,-118,-188,-252,-299,-334,-357,-351,-321,-279,-209,-130,-34,67,168,252,321,383,414,419,411,370,304,226,138,45,-52,-144,-231,-302,-358,-396,-410,-413,-390,-341,-280,-195,-97,-7,147,169,249,312,363,397,408,395,365,319,252,167,80,-12,-97,-185,-264,-321,-352,-373,-372,-343,-297,-246,-191,-120,-46,33,97,155,210,248,278,298,301,287,258,216,169,113,60,2,-59,-109,-160,-200,-218,-243,-263,-246,-226,-200,-165,-113,-60,-8,40,90,143,184,201,207,203,189,186,157,122,94,58,25,-8,-45,-79,-101,-122,-136,-148,-156,-157,-153,-146,-125,-103,-69,-35,4,44,89,131,160,185,197,197,191,177,136,82,36,-20,-79,-125,-168,-200,-214,-212,-198,-170,-123,-67,-18,46,103,152,182,190,196,190,162,112,56,-11,-80,-139,-171,-183,-167,-937,-940
28896,mtk,MTK 7916,2777400187,rx1-tx1,512,0,0,0,0,0,0,0,0,0,0,0,0,0,0,0,0,0,0,0,0,0,0,0,0,0,0,0,0,0,0,0,0,0,0,0,0,0,0,0,0,0,0,0,0,0,0,0,0,0,0,0,0,0,0,0,0,0,0,0,0,0,0,0,0,0,0,0,0,0,0,0,0,0,0,0,0,0,0,0,0,0,0,0,0,0,0,0,0,0,0,0,0,0,0,0,0,0,0,0,0,0,0,0,0,0,0,0,0,0,0,0,0,0,0,0,0,0,0,0,0,0,0,0,0,0,0,0,0,0,0,0,0,0,0,0,0,0,0,0,0,0,0,0,0,0,0,0,0,0,0,0,0,0,0,0,0,0,0,0,0,0,0,0,0,0,0,0,0,0,0,0,0,0,0,0,0,0,0,0,0,0,0,0,0,0,0,0,0,0,0,0,0,0,0,0,0,0,0,0,0,0,0,0,0,0,0,0,0,0,0,0,0,0,0,0,0,0,0,0,0,0,0,0,0,0,0,0,0,0,0,0,0,0,0,0,0,0,0,0,0,0,0,0,0,0,0,0,0,0,0,0,0,0,0,0,0,-411,-777,-764,13,11,9,10,12,9,-1,-6,-10,-15,-18,-13,-8,-2,5,13,17,14,9,-2,-9,-18,-25,-25,-16,0,15,22,24,21,12,-2,-17,-32,-35,-24,-11,5,25,35,37,29,9,-15,-30,-42,-42,-28,1,27,42,50,42,23,0,-23,-44,-48,-33,-6,21,43,55,53,26,-13,-47,-73,-75,-57,-19,24,62,84,78,50,9,-41,-85,-97,-81,-42,13,65,96,97,74,28,-34,-86,-109,-97,-57,3,66,117,128,95,31,-38,-98,-132,-128,-84,-12,72,133,156,138,78,-13,-107,-167,-184,-149,-68,40,136,192,189,139,44,-70,-165,-216,0,-139,-32,82,175,219,203,133,29,-87,-175,-216,-198,-121,-20,80,165,206,180,112,27,-69,-137,-157,-141,-97,-26,47,99,122,119,87,34,-22,-61,-75,-78,-69,-43,-10,14,37,54,56,51,37,17,-8,-38,-67,-77,-71,-52,-10,40,76,102,104,70,16,-43,-96,-121,-117,-71,-3,68,125,161,141,70,-20,-108,-173,-196,-161,-78,36,143,212,226,178,83,-42,-167,-248,-257,-201,-86,54,177,257,271,208,91,-50,-175,-258,-274,-219,-103,35,160,245,260,205,99,-30,-149,-226,-233,-177,-76,44,152,220,244,202,109,-13,-128,-213,-259,-257,-205,-114,-650,-712,0,0,0,0,0,0,0,0,0,0,0,0,0,0,0,0,0,0,0,0,0,0,0,0,0,0,0,0,0,0,0,0,0,0,0,0,0,0,0,0,0,0,0,0,0,0,0,0,0,0,0,0,0,0,0,0,0,0,0,0,0,0,0,0,0,0,0,0,0,0,0,0,0,0,0,0,0,0,0,0,0,0,0,0,0,0,0,0,0,0,0,0,0,0,0,0,0,0,0,0,0,0,0,0,0,0,0,0,0,0,0,0,0,0,0,0,0,0,0,0,0,0,0,0,0,0,0,0,0,0,0,0,0,0,0,0,0,0,0,0,0,0,0,0,0,0,0,0,0,0,0,0,0,0,0,0,0,0,0,0,0,0,0,0,0,0,0,0,0,0,0,0,0,0,0,0,0,0,0,0,0,0,0,0,0,0,0,0,0,0,0,0,0,0,0,0,0,0,0,0,0,0,0,0,0,0,0,0,0,0,0,0,0,0,0,0,0,0,0,0,0,0,0,0,0,0,0,0,0,0,0,0,0,0,0,0,0,0,0,0,0,0,0,0,0,0,0,0,0,0,0,0,0,0,0,0,-92,61,207,-10,-2,1,5,9,12,13,14,12,4,-4,-9,-17,-20,-16,-9,-3,6,16,20,18,13,3,-9,-20,-24,-20,-10,2,13,21,28,26,16,-5,-24,-33,-33,-31,-16,13,36,47,43,29,7,-18,-35,-43,-41,-28,-1,26,42,44,39,24,-5,-41,-59,-54,-33,-4,27,52,65,55,21,-22,-53,-75,-76,-54,-11,37,76,93,80,43,-9,-61,-93,-99,-78,-30,27,76,109,108,66,3,-60,-104,-119,-98,-49,17,83,126,130,92,24,-52,-119,-153,-137,-77,5,90,155,176,146,71,-32,-126,-181,-191,-144,-48,58,150,205,203,143,37,0,-171,-225,-214,-138,-33,80,177,224,204,125,14,-95,-170,-204,-180,-110,-13,75,146,182,163,98,22,-57,-115,-142,-129,-84,-29,26,69,92,96,71,31,-5,-34,-59,-71,-71,-48,-19,5,19,42,62,62,54,38,6,-35,-70,-94,-88,-60,-17,40,83,106,103,73,15,-54,-107,-135,-118,-65,10,90,154,167,140,77,-19,-122,-193,-205,-161,-73,41,153,230,244,193,86,-52,-174,-253,-270,-212,-91,55,191,271,284,225,106,-38,-169,-251,-268,-213,-102,30,154,233,245,191,86,-41,-148,-220,-238,-188,-90,31,149,229,255,227,150,47,-63,-150,-210,-386,-250
28897,mtk,MTK 7916,2777400187,rx2-tx0,512,0,0,0,0,0,0,0,0,0,0,0,0,0,0,0,0,0,0,0,0,0,0,0,0,0,0,0,0,0,0,0,0,0,0,0,0,0,0,0,0,0,0,0,0,0,0,0,0,0,0,0,0,0,0,0,0,0,0,0,0,0,0,0,0,0,0,0,0,0,0,0,0,0,0,0,0,0,0,0,0,0,0,0,0,0,0,0,0,0,0,0,0,0,0,0,0,0,0,0,0,0,0,0,0,0,0,0,0,0,0,0,0,0,0,0,0,0,0,0,0,0,0,0,0,0,0,0,0,0,0,0,0,0,0,0,0,0,0,0,0,0,0,0,0,0,0,0,0,0,0,0,0,0,0,0,0,0,0,0,0,0,0,0,0,0,0,0,0,0,0,0,0,0,0,0,0,0,0,0,0,0,0,0,0,0,0,0,0,0,0,0,0,0,0,0,0,0,0,0,0,0,0,0,0,0,0,0,0,0,0,0,0,0,0,0,0,0,0,0,0,0,0,0,0,0,0,0,0,0,0,0,0,0,0,0,0,0,0,0,0,0,0,0,0,0,0,0,0,0,0,0,0,0,0,0,0,-136,-318,-419,25,7,-12,-35,-57,-74,-80,-74,-51,-17,24,64,95,103,89,52,2,-54,-103,-132,-134,-99,-36,40,111,163,183,155,82,-20,-115,-196,-234,-211,-133,-13,121,223,270,252,165,32,-119,-244,-309,-290,-192,-36,136,276,342,312,191,20,-158,-303,-366,-319,-177,18,212,346,384,313,149,-61,-258,-388,-405,-301,-101,132,336,437,411,264,32,-210,-392,-467,-400,-221,26,277,451,490,391,176,-95,-343,-490,-495,-359,-123,156,388,509,483,319,65,-204,-419,-506,-442,-253,2,254,425,470,373,169,-83,-301,-426,-430,-307,-89,144,333,430,393,231,6,-219,-378,0,-341,-162,66,272,400,408,292,92,-130,-314,-409,-384,-244,-36,180,346,419,370,214,-7,-221,-375,-425,-357,-186,43,256,403,443,358,177,-53,-268,-408,-444,-361,-183,52,275,419,446,365,187,-41,-255,-399,-443,-380,-213,8,228,390,451,385,228,21,-194,-354,-419,-372,-233,-31,176,331,396,350,215,22,-169,-310,-365,-326,-197,-14,167,295,344,295,165,-10,-178,-293,-327,-272,-138,36,194,301,324,255,114,-56,-213,-308,-321,-249,-108,63,218,312,327,253,113,-55,-209,-307,-324,-257,-129,30,185,295,329,284,174,23,-141,-273,-340,-343,-283,-176,-46,77,189,83,-45,0,0,0,0,0,0,0,0,0,0,0,0,0,0,0,0,0,0,0,0,0,0,0,0,0,0,0,0,0,0,0,0,0,0,0,0,0,0,0,0,0,0,0,0,0,0,0,0,0,0,0,0,0,0,0,0,0,0,0,0,0,0,0,0,0,0,0,0,0,0,0,0,0,0,0,0,0,0,0,0,0,0,0,0,0,0,0,0,0,0,0,0,0,0,0,0,0,0,0,0,0,0,0,0,0,0,0,0,0,0,0,0,0,0,0,0,0,0,0,0,0,0,0,0,0,0,0,0,0,0,0,0,0,0,0,0,0,0,0,0,0,0,0,0,0,0,0,0,0,0,0,0,0,0,0,0,0,0,0,0,0,0,0,0,0,0,0,0,0,0,0,0,0,0,0,0,0,0,0,0,0,0,0,0,0,0,0,0,0,0,0,0,0,0,0,0,0,0,0,0,0,0,0,0,0,0,0,0,0,0,0,0,0,0,0,0,0,0,0,0,0,0,0,0,0,0,0,0,0,0,0,0,0,0,0,0,0,0,0,0,0,0,0,0,0,0,0,0,0,0,0,0,0,0,0,0,1335,-687,-627,48,61,67,64,48,23,-10,-45,-75,-89,-86,-69,-36,11,57,93,115,110,76,20,-47,-109,-153,-158,-126,-64,27,120,187,210,181,103,-5,-122,-211,-250,-232,-150,-20,116,229,288,275,181,38,-121,-251,-316,-296,-194,-31,145,288,352,318,192,7,-183,-322,-371,-319,-175,33,236,369,393,307,128,-99,-303,-414,-409,-285,-67,175,365,453,405,236,5,-236,-421,-481,-398,-201,54,305,468,494,377,149,-123,-362,-501,-497,-346,-97,180,401,501,456,286,34,-230,-424,-492,-415,-218,39,282,433,453,340,132,-117,-328,-435,-411,-271,-52,181,355,422,365,196,0,-245,-390,-418,-316,-127,95,296,405,392,269,62,-160,-333,-416,-379,-225,-11,209,375,429,364,198,-23,-243,-393,-436,-356,-179,48,265,409,442,355,173,-52,-268,-413,-447,-363,-180,50,265,413,453,376,202,-20,-237,-397,-451,-384,-223,-8,207,369,434,386,233,26,-180,-340,-404,-363,-224,-28,171,318,384,343,207,21,-164,-300,-351,-308,-183,-7,169,292,330,275,150,-21,-188,-299,-321,-263,-128,46,204,302,320,246,108,-63,-219,-316,-324,-247,-107,61,210,312,327,255,123,-42,-204,-306,-324,-267,-149,11,169,286,338,315,222,77,-76,-207,-298,-332,-310,-234,-731,-749
28898,mtk,MTK 7916,2777400187,rx2-tx1,512,0,0,0,0,0,0,0,0,0,0,0,0,0,0,0,0,0,0,0,0,0,0,0,0,0,0,0,0,0,0,0,0,0,0,0,0,0,0,0,0,0,0,0,0,0,0,0,0,0,0,0,0,0,0,0,0,0,0,0,0,0,0,0,0,0,0,0,0,0,0,0,0,0,0,0,0,0,0,0,0,0,0,0,0,0,0,0,0,0,0,0,0,0,0,0,0,0,0,0,0,0,0,0,0,0,0,0,0,0,0,0,0,0,0,0,0,0,0,0,0,0,0,0,0,0,0,0,0,0,0,0,0,0,0,0,0,0,0,0,0,0,0,0,0,0,0,0,0,0,0,0,0,0,0,0,0,0,0,0,0,0,0,0,0,0,0,0,0,0,0,0,0,0,0,0,0,0,0,0,0,0,0,0,0,0,0,0,0,0,0,0,0,0,0,0,0,0,0,0,0,0,0,0,0,0,0,0,0,0,0,0,0,0,0,0,0,0,0,0,0,0,0,0,0,0,0,0,0,0,0,0,0,0,0,0,0,0,0,0,0,0,0,0,0,0,0,0,0,0,0,0,0,0,0,0,0,236,-30,25,24,5,-15,-36,-54,-60,-56,-46,-24,14,41,52,58,49,24,-12,-42,-60,-64,-42,-1,40,67,74,59,19,-32,-75,-101,-100,-67,-15,49,105,133,118,72,-4,-80,-139,-153,-131,-65,29,126,180,181,123,23,-93,-189,-228,-205,-116,17,148,243,271,208,72,-88,-224,-299,-293,-193,-37,136,286,363,327,192,-12,-216,-354,-396,-324,-146,76,283,412,423,309,102,-138,-347,-460,-439,-276,-33,217,397,468,401,217,-27,-264,-432,-467,-363,-151,92,306,435,433,299,82,-154,-338,-420,-374,-216,-4,201,341,381,301,138,-65,-239,-335,-322,-206,-25,154,278,0,240,104,-65,-215,-290,-265,-163,-6,153,259,279,215,76,-98,-234,-288,-264,-163,1,169,285,305,228,79,-88,-232,-310,-293,-191,-28,143,271,313,264,135,-38,-196,-287,-285,-201,-65,85,208,269,253,157,15,-118,-208,-232,-193,-94,34,141,196,189,121,18,-74,-145,-175,-142,-59,42,122,153,138,83,-6,-94,-143,-143,-103,-32,53,123,154,133,73,-6,-83,-133,-142,-105,-39,36,99,128,119,78,11,-61,-107,-118,-101,-58,4,63,99,102,73,23,-26,-68,-94,-89,-57,-8,41,78,92,75,34,-12,-60,-93,-101,-78,-29,21,62,101,125,116,85,-205,-135,0,0,0,0,0,0,0,0,0,0,0,0,0,0,0,0,0,0,0,0,0,0,0,0,0,0,0,0,0,0,0,0,0,0,0,0,0,0,0,0,0,0,0,0,0,0,0,0,0,0,0,0,0,0,0,0,0,0,0,0,0,0,0,0,0,0,0,0,0,0,0,0,0,0,0,0,0,0,0,0,0,0,0,0,0,0,0,0,0,0,0,0,0,0,0,0,0,0,0,0,0,0,0,0,0,0,0,0,0,0,0,0,0,0,0,0,0,0,0,0,0,0,0,0,0,0,0,0,0,0,0,0,0,0,0,0,0,0,0,0,0,0,0,0,0,0,0,0,0,0,0,0,0,0,0,0,0,0,0,0,0,0,0,0,0,0,0,0,0,0,0,0,0,0,0,0,0,0,0,0,0,0,0,0,0,0,0,0,0,0,0,0,0,0,0,0,0,0,0,0,0,0,0,0,0,0,0,0,0,0,0,0,0,0,0,0,0,0,0,0,0,0,0,0,0,0,0,0,0,0,0,0,0,0,0,0,0,0,0,0,0,0,0,0,0,0,0,0,0,0,0,0,0,0,0,0,-351,345,347,46,58,61,54,37,10,-19,-44,-58,-61,-50,-26,5,39,58,58,43,14,-23,-53,-69,-60,-30,9,53,87,94,68,14,-41,-81,-107,-106,-69,-9,64,120,142,122,67,-16,-99,-161,-168,-123,-38,64,152,196,187,118,5,-119,-213,-244,-202,-101,41,185,278,286,210,62,-112,-259,-326,-300,-188,-6,183,321,374,321,169,-38,-247,-391,-418,-313,-124,110,320,437,420,289,74,-171,-374,-464,-420,-250,-3,243,414,469,390,194,-64,-300,-437,-452,-338,-128,123,327,432,408,264,44,-178,-340,-402,-343,-174,39,224,343,359,257,78,-115,-264,-326,-290,-168,0,184,288,292,201,57,-109,-239,-288,-245,-125,42,195,281,277,184,26,-141,-260,-297,-243,-113,54,205,292,295,212,61,-116,-254,-316,-284,-161,5,167,275,304,241,108,-56,-202,-280,-266,-176,-43,100,209,251,218,119,-8,-121,-199,-213,-157,-55,61,146,177,156,86,-6,-93,-148,-153,-103,-28,58,131,155,125,54,-36,-114,-146,-137,-92,-16,68,128,146,120,58,-19,-89,-135,-138,-95,-30,41,100,127,116,69,8,-48,-95,-114,-87,-38,18,67,94,94,65,17,-32,-73,-89,-77,-42,2,49,80,85,68,32,-24,-73,-99,-107,-93,-54,1,44,75,323,337
28899,mtk,MTK 7916,2777474118,rx0-tx0,512,-1687,299,-42,-331,-348,-344,-319,-280,-216,-149,-63,27,120,212,289,354,397,423,425,397,341,262,168,58,-71,-192,-305,-405,-472,-516,-532,-504,-442,-357,-234,-99,38,185,317,435,515,570,585,566,517,420,305,171,24,-124,-266,-394,-500,-575,-607,-606,-578,-515,-416,-291,-148,7,169,321,449,567,644,685,682,640,564,446,296,123,-62,-240,-415,-573,-700,-782,-812,-784,-713,-599,-431,-227,-14,210,423,618,774,882,933,917,838,697,516,294,39,-210,-456,-673,-847,-954,-997,-975,-883,-734,-531,-295,-38,221,462,679,839,946,995,968,885,738,538,315,70,-188,-434,-651,-817,-936,-273,-978,-900,-769,-588,-362,-113,150,393,615,799,935,1001,1007,946,822,634,413,157,-119,-386,-623,-823,-968,-1055,-1068,-1008,-881,-686,-449,-179,113,400,669,891,1040,1128,1140,1073,930,720,450,149,-165,-470,-750,-975,-1136,-1204,-1180,-1082,-908,-664,-368,-52,279,577,843,1046,1165,1196,1145,1000,783,516,199,-117,-411,-689,-904,-1036,-1092,-1070,-963,-788,-563,-301,-29,242,486,689,834,911,916,862,743,571,368,139,-86,-303,-484,-626,-722,-752,-734,-667,-549,-399,-220,-28,166,347,485,587,640,638,598,496,354,182,0,-176,-347,-473,-558,-574,-521,-412,-261,-84,98,252,355,388,344,990,837,-546,-622,-927,235,276,270,217,128,13,-112,-222,-305,-358,-366,-342,-277,-189,-86,34,140,234,311,365,382,383,345,281,196,86,-26,-142,-248,-332,-401,-441,-443,-422,-358,-267,-148,-20,111,241,357,447,507,528,500,443,346,215,65,-80,-229,-356,-456,-525,-548,-534,-469,-374,-253,-113,27,156,284,388,456,494,499,472,407,313,215,100,-18,-147,-261,-353,-419,-454,-456,-436,-383,-301,-202,-83,28,137,230,312,380,414,415,383,338,273,184,90,-9,-100,-183,-256,-311,-346,-353,-347,-311,-255,-188,-112,-24,58,130,199,245,277,293,288,274,242,198,144,86,21,-45,-103,-163,-730,-246,-277,-295,-287,-269,-231,-177,-102,-28,56,142,204,270,320,336,344,316,267,200,103,18,-69,-152,-214,-275,-300,-307,-291,-260,-213,-157,-84,-31,29,84,126,159,184,197,205,209,200,177,150,127,93,55,6,-36,-86,-132,-180,-221,-246,-256,-260,-242,-216,-170,-111,-39,42,122,190,251,293,314,321,305,260,207,137,56,-25,-104,-174,-231,-275,-297,-302,-298,-262,-217,-169,-106,-40,25,88,151,200,249,281,294,293,277,246,196,136,62,-15,-91,-161,-231,-281,-313,-328,-317,-293,-252,-191,-121,-44,42,118,190,246,288,315,324,317,283,241,185,109,32,522,141,-175,-989,-1026,-83,-3,83,157,232,287,333,366,376,367,332,278,203,116,20,-86,-195,-294,-374,-434,-474,-480,-451,-401,-309,-198,-76,55,195,314,420,504,543,562,539,483,390,272,135,-16,-160,-305,-428,-512,-575,-598,-593,-546,-462,-352,-216,-72,74,218,358,476,568,626,649,635,572,488,369,217,54,-118,-279,-436,-574,-673,-735,-748,-717,-649,-526,-370,-185,20,223,414,590,738,832,872,858,784,658,482,271,34,-209,-446,-651,-814,-930,-975,-953,-874,-725,-529,-289,-36,225,467,679,845,951,999,973,885,734,529,301,46,-209,-448,-668,-833,-939,-989,-975,-893,-749,-556,-334,-1322,169,409,626,805,931,996,990,913,786,605,378,126,-131,-384,-615,-807,-942,-1029,-1044,-981,-854,-666,-434,-171,108,378,638,852,1002,1092,1107,1045,915,707,453,168,-133,-427,-694,-916,-1079,-1163,-1168,-1092,-933,-705,-422,-106,214,514,791,1013,1154,1213,1179,1059,864,599,290,-33,-353,-649,-883,-1059,-1153,-1144,-1065,-912,-681,-408,-113,192,468,700,873,983,1019,974,858,686,469,213,-46,-283,-499,-660,-774,-829,-818,-753,-639,-484,-293,-81,120,310,469,591,670,698,671,587,458,303,125,-54,-231,-397,-519,-593,-608,-581,-495,-355,-182,15,200,352,459,503,476,382,241,77,-67,-308,-609,1197,-1061,-802,96,-1,-117,-218,-295,-338,-332,-276,-193,-83,32,146,249,319,368,375,351,299,223,120,13,-95,-199,-286,-356,-403,-416,-396,-342,-266,-175,-53,63,187,301,393,457,482,480,438,355,247,120,-24,-169,-300,-417,-500,-538,-537,-497,-411,-306,-166,-19,133,270,381,464,514,520,497,438,340,224,95,-31,-157,-278,-363,-427,-466,-477,-457,-395,-309,-205,-90,27,138,246,335,399,434,432,408,352,283,191,87,-21,-124,-213,-296,-348,-379,-381,-360,-319,-259,-183,-94,-4,83,166,231,283,317,328,315,290,246,187,125,48,-21,-89,-153,-210,-250,-270,-280,-270,-255,-225,-128,-135,-74,-2,72,138,203,260,296,317,326,299,254,200,115,29,-58,-150,-222,-290,-325,-330,-327,-285,-242,-175,-94,-17,62,132,190,232,250,252,253,229,197,160,119,74,31,-15,-62,-101,-130,-158,-183,-205,-212,-210,-206,-193,-171,-124,-65,-7,56,118,178,236,276,302,300,278,244,194,124,47,-35,-117,-189,-247,-296,-318,-321,-300,-263,-211,-147,-74,-8,65,138,192,238,272,281,283,275,246,207,159,93,28,-42,-109,-181,-237,-284,-312,-319,-306,-274,-226,-158,-89,-8,66,140,209,265,302,326,323,301,267,214,152,75,-1,-84,-161,-221,-276,-310,-327,-1115,-1225
28900,mtk,MTK 7916,2777474118,rx0-tx1,512,-144,476,664,-366,-130,105,339,554,737,886,972,1008,978,890,744,552,334,74,-185,-427,-644,-838,-972,-1042,-1052,-1005,-886,-720,-506,-254,9,279,530,755,930,1049,1110,1099,1023,878,680,439,164,-123,-404,-663,-883,-1044,-1142,-1171,-1126,-1007,-826,-590,-318,-31,253,535,781,965,1095,1157,1153,1075,940,745,497,228,-55,-344,-601,-825,-1001,-1122,-1167,-1142,-1062,-909,-706,-446,-162,132,422,686,914,1088,1197,1226,1182,1059,873,624,335,24,-294,-598,-862,-1067,-1208,-1266,-1237,-1125,-949,-703,-411,-95,218,524,792,995,1142,1209,1195,1104,942,725,464,169,-123,-414,-668,-874,-1021,-1103,-1115,-1057,-936,-757,146,-272,-7,259,515,726,897,1014,1069,1047,968,830,641,406,147,-126,-394,-631,-828,-972,-1056,-1080,-1027,-905,-731,-502,-240,35,307,562,780,954,1065,1104,1075,970,803,578,319,46,-240,-510,-744,-934,-1063,-1119,-1107,-1014,-844,-627,-367,-79,211,493,738,929,1065,1132,1116,1019,842,619,346,47,-247,-529,-762,-939,-1056,-1097,-1045,-930,-749,-507,-243,39,312,557,752,891,963,949,871,741,559,345,106,-127,-343,-533,-672,-752,-788,-762,-668,-544,-389,-201,-8,181,357,494,590,642,642,594,494,363,199,30,-138,-295,-422,-503,-537,-522,-450,-327,-177,-13,144,272,346,368,331,247,-245,2,0,194,432,326,292,191,52,-110,-271,-404,-484,-504,-477,-394,-269,-115,51,208,349,454,523,558,537,483,387,261,116,-44,-197,-343,-476,-567,-626,-639,-599,-525,-412,-262,-93,96,278,450,597,712,774,783,734,624,477,289,70,-172,-401,-607,-778,-896,-947,-930,-848,-687,-484,-242,25,295,536,747,906,992,1018,965,851,683,450,200,-68,-334,-575,-787,-937,-1025,-1042,-977,-863,-683,-448,-193,74,332,581,779,916,1000,1018,965,843,675,460,219,-27,-274,-499,-695,-842,-931,-970,-942,-854,-725,-538,-318,-84,161,392,593,765,886,959,968,919,810,648,450,217,-26,-273,-512,-720,-882,-411,-1039,-1026,-944,-793,-603,-363,-92,189,456,699,905,1057,1135,1141,1076,934,729,477,190,-126,-428,-702,-935,-1109,-1201,-1219,-1161,-1015,-801,-542,-244,75,375,654,891,1066,1181,1206,1162,1051,865,629,356,68,-226,-507,-751,-950,-1084,-1157,-1162,-1096,-964,-771,-530,-266,26,305,569,798,980,1105,1161,1155,1067,924,717,465,188,-107,-397,-664,-890,-1064,-1170,-1196,-1152,-1042,-859,-625,-355,-49,259,537,785,988,1123,1184,1169,1086,934,723,463,179,-114,-400,-660,-872,-1027,-1112,-1128,-1085,-970,-786,-560,-304,-25,244,505,718,891,1008,1061,1043,970,831,645,416,170,-81,-332,-551,-738,-872,-962,-539,-363,147,661,484,909,968,981,933,818,659,457,226,-16,-266,-499,-703,-859,-978,-1040,-1023,-946,-819,-639,-409,-158,100,356,596,794,956,1051,1082,1050,949,794,584,347,79,-198,-468,-708,-903,-1051,-1133,-1140,-1078,-949,-761,-518,-242,49,339,607,839,1018,1126,1164,1143,1050,880,660,406,128,-163,-444,-691,-904,-1052,-1136,-1162,-1110,-992,-821,-600,-337,-52,228,498,747,953,1107,1179,1187,1120,987,788,540,255,-50,-349,-637,-883,-1082,-1203,-1250,-1216,-1105,-921,-673,-383,-62,261,558,825,1041,1187,1245,1224,1128,950,719,444,128,-186,-479,-738,-942,-1087,-1156,-1153,-1083,-936,-734,-491,-220,63,339,588,798,206,1057,1082,1052,946,786,586,345,73,-196,-443,-669,-858,-989,-1058,-1064,-999,-873,-686,-456,-200,77,347,594,803,967,1062,1088,1047,937,763,545,280,4,-273,-538,-764,-945,-1054,-1104,-1087,-986,-821,-607,-350,-71,217,498,741,931,1069,1132,1115,1025,855,637,375,81,-220,-506,-753,-943,-1073,-1115,-1087,-981,-804,-574,-305,-8,282,540,771,935,1023,1043,979,847,655,425,167,-95,-339,-557,-725,-832,-872,-846,-768,-636,-462,-267,-60,161,350,498,618,690,708,678,592,462,306,128,-52,-230,-379,-494,-570,-590,-568,-494,-375,-222,-56,114,268,386,455,471,428,329,197,55,-82,-176,765,799,0,-588,-442,-95,-235,-352,-423,-438,-389,-281,-127,37,200,349,461,526,537,500,421,300,166,9,-146,-294,-425,-518,-577,-592,-561,-495,-385,-245,-94,78,245,394,525,626,689,705,659,567,437,276,82,-120,-333,-523,-681,-797,-868,-870,-797,-676,-495,-273,-19,233,479,692,853,967,1003,959,847,690,463,213,-55,-319,-558,-770,-927,-1010,-1036,-986,-871,-690,-453,-202,79,341,580,788,937,1017,1032,977,857,666,450,203,-59,-317,-549,-742,-887,-966,-991,-950,-851,-692,-491,-265,-22,227,444,644,807,913,960,953,883,763,590,383,150,-93,-329,-549,-732,-876,-963,-990,-961,-872,-722,-521,-92,-40,216,477,699,880,1017,1086,1081,1005,866,669,424,145,-149,-441,-708,-924,-1079,-1176,-1190,-1121,-983,-775,-509,-212,97,407,692,925,1094,1199,1225,1163,1039,832,583,291,-14,-307,-592,-834,-1015,-1136,-1185,-1168,-1073,-908,-692,-438,-163,120,402,657,882,1043,1144,1173,1125,1019,842,621,357,78,-210,-480,-724,-936,-1085,-1169,-1184,-1121,-989,-796,-557,-276,23,319,600,843,1025,1152,1204,1170,1065,905,679,409,109,-189,-473,-723,-932,-1080,-1160,-1161,-1094,-954,-754,-508,-235,40,316,581,803,963,1069,1103,1073,971,806,602,361,101,-159,-411,-637,-820,-950,-1015,-1031,-969,-847,-681,-479,-256,-267,-491
28901,mtk,MTK 7916,2777474118,rx1-tx0,512,0,-619,-421,621,458,290,90,-99,-279,-456,-600,-706,-775,-796,-776,-701,-598,-450,-277,-91,100,293,472,624,738,820,844,821,748,630,467,280,80,-138,-354,-543,-711,-835,-905,-927,-891,-806,-664,-480,-267,-32,219,459,666,851,980,1045,1052,993,869,691,462,199,-93,-380,-649,-885,-1062,-1179,-1225,-1181,-1056,-870,-609,-296,23,353,669,945,1144,1268,1314,1268,1136,925,648,334,4,-333,-641,-908,-1121,-1249,-1296,-1258,-1138,-947,-695,-403,-79,252,558,829,1042,1200,1264,1253,1148,979,746,451,141,-179,-493,-769,-987,-1150,-1237,-1232,-1142,-983,-757,-473,-162,155,464,735,949,1104,1179,1173,1089,938,-136,456,175,-123,-419,-674,-874,-1027,-1100,-1095,-1026,-888,-693,-448,-178,109,373,604,810,955,1028,1030,962,833,658,432,178,-80,-333,-559,-734,-869,-930,-947,-901,-773,-609,-408,-175,57,282,485,647,759,828,834,787,700,544,381,198,-1,-188,-356,-506,-623,-690,-726,-712,-648,-550,-418,-261,-89,78,251,402,532,622,672,679,640,564,433,293,125,-55,-216,-372,-497,-591,-646,-650,-606,-511,-396,-246,-87,83,238,376,480,541,566,552,497,408,289,156,9,-134,-265,-373,-450,-485,-487,-446,-375,-267,-139,-9,126,242,328,392,417,390,322,226,101,-23,-137,-217,-259,-256,-219,-437,-633,0,998,751,-141,-208,-244,-243,-207,-136,-46,54,153,229,280,308,296,264,216,144,58,-28,-120,-194,-250,-305,-331,-333,-318,-267,-208,-139,-50,48,136,227,316,386,429,442,422,377,298,202,77,-62,-207,-344,-459,-546,-597,-617,-575,-480,-357,-203,-17,175,356,510,620,702,745,720,641,509,348,156,-45,-261,-454,-614,-738,-813,-819,-773,-685,-547,-359,-146,92,331,533,701,825,885,892,836,715,552,343,100,-145,-390,-603,-783,-898,-956,-946,-869,-734,-536,-304,-58,195,431,650,816,927,977,957,864,721,535,300,39,-210,-449,-663,-822,-929,-974,-940,-853,-725,-536,-306,-63,185,236,629,792,910,955,963,898,767,590,370,133,-115,-361,-584,-767,-905,-994,-1007,-954,-836,-662,-453,-201,55,316,554,756,900,990,1028,987,893,731,527,288,29,-221,-463,-684,-855,-969,-1044,-1037,-954,-829,-647,-417,-167,93,353,594,795,953,1055,1088,1050,950,782,569,309,34,-249,-519,-751,-947,-1077,-1144,-1125,-1046,-895,-677,-419,-135,174,462,713,925,1075,1148,1144,1080,932,718,453,176,-119,-407,-653,-868,-1013,-1091,-1103,-1037,-902,-723,-492,-226,37,298,548,750,891,979,1009,980,883,730,526,309,59,-184,-410,-615,-774,-880,-931,-914,-850,-724,-559,-365,-147,75,288,476,636,501,864,0,-319,-561,-530,-660,-754,-801,-791,-746,-657,-518,-364,-182,7,200,377,530,666,756,803,805,763,664,531,372,191,-13,-214,-410,-583,-723,-816,-872,-878,-816,-712,-567,-376,-163,62,284,494,687,832,932,978,972,891,765,591,357,104,-159,-418,-653,-856,-1012,-1115,-1147,-1101,-984,-797,-549,-268,41,360,654,911,1121,1239,1279,1238,1109,898,631,331,-2,-347,-668,-938,-1150,-1271,-1323,-1274,-1139,-937,-675,-367,-46,286,590,866,1080,1222,1287,1253,1150,965,725,432,110,-206,-517,-786,-1021,-1177,-1247,-1246,-1157,-982,-745,-466,-151,169,471,742,972,1133,1210,1205,1121,953,735,464,163,-150,-441,-700,1335,-1056,-1134,-1137,-1060,-905,-703,-451,-168,115,384,632,837,985,1068,1073,993,865,677,435,175,-97,-356,-585,-776,-915,-986,-992,-931,-806,-635,-419,-178,59,305,521,686,818,887,890,839,732,579,392,181,-39,-236,-429,-578,-681,-760,-779,-741,-665,-553,-401,-236,-59,131,306,454,568,645,681,685,646,559,436,283,122,-50,-215,-378,-516,-608,-673,-671,-632,-554,-429,-284,-114,59,231,373,486,568,605,605,556,468,340,195,46,-104,-248,-371,-460,-512,-530,-506,-442,-345,-225,-90,43,175,289,384,436,455,435,368,274,158,23,-113,-221,-308,-352,-350,-301,-216,-112,-6,86,543,293,0,324,738,-146,-91,-7,82,174,244,285,294,259,193,117,25,-72,-153,-224,-279,-304,-312,-298,-246,-196,-126,-35,45,136,214,275,327,363,369,353,324,264,173,70,-46,-158,-273,-372,-452,-506,-526,-508,-447,-348,-211,-61,107,278,426,541,641,686,675,613,502,354,183,-21,-228,-412,-571,-689,-765,-785,-748,-647,-509,-342,-138,80,285,478,654,776,854,871,816,696,544,340,116,-121,-361,-569,-736,-865,-926,-925,-863,-731,-547,-320,-75,178,416,628,801,910,965,949,869,726,532,307,54,-208,-451,-657,-826,-934,-974,-949,-873,-726,-525,-299,-41,210,431,634,806,915,958,934,-351,735,556,332,96,-137,-387,-598,-785,-910,-966,-967,-911,-796,-629,-416,-170,94,341,570,756,912,1001,1024,978,865,694,479,238,-28,-283,-515,-727,-885,-997,-1027,-1001,-921,-777,-575,-351,-103,170,416,636,828,960,1032,1048,999,881,711,496,245,-34,-308,-562,-780,-950,-1069,-1112,-1096,-995,-841,-624,-368,-82,207,482,740,945,1079,1158,1153,1066,920,713,447,149,-148,-429,-695,-912,-1060,-1133,-1141,-1062,-921,-724,-466,-194,91,366,607,804,960,1041,1055,1010,893,713,505,268,13,-246,-483,-682,-828,-928,-973,-941,-865,-728,-547,-336,-104,127,350,554,709,824,879,877,824,720,579,-928,-605
28902,mtk,MTK 7916,2777474118,rx1-tx1,512,0,0,0,-308,-562,-672,-599,-366,-32,316,576,668,573,323,-13,-348,-588,-657,-536,-266,78,403,611,644,494,196,-161,-471,-657,-653,-460,-133,244,553,703,654,428,66,-335,-644,-768,-682,-399,14,429,734,836,708,380,-67,-509,-823,-919,-754,-374,116,580,903,990,801,384,-132,-623,-960,-1037,-831,-400,143,655,992,1064,851,402,-155,-661,-996,-1063,-839,-392,164,669,995,1049,814,358,-187,-678,-978,-1012,-773,-325,213,688,968,980,719,263,-263,-707,-948,-931,-655,-197,310,735,952,899,592,126,-372,-770,-958,-870,-535,-55,442,818,978,862,503,6,-499,-875,-1013,-870,-483,44,561,0,1047,879,468,-77,-609,-984,-1095,-908,-473,100,657,1043,1150,952,498,-97,-675,-1086,-1206,-1010,-541,82,690,1120,1254,1058,575,-61,-684,-1131,-1293,-1118,-642,12,656,1137,1314,1144,677,27,-625,-1113,-1305,-1153,-704,-60,605,1104,1310,1173,719,68,-604,-1117,-1328,-1188,-743,-102,575,1106,1350,1251,815,169,-517,-1082,-1365,-1299,-904,-282,411,999,1330,1320,984,409,-261,-857,-1230,-1297,-1039,-527,103,692,1087,1208,1038,616,44,-511,-923,-1100,-997,-655,-170,343,752,962,929,672,265,-189,-584,-823,-860,-687,-355,47,420,686,789,710,479,154,-192,-484,-666,-702,-605,-404,-151,102,299,415,458,0,0,0,0,0,260,186,58,-112,-288,-432,-504,-484,-365,-165,84,332,519,597,545,371,98,-200,-455,-621,-643,-511,-249,80,401,632,712,619,371,22,-346,-637,-775,-718,-479,-111,295,628,813,803,589,206,-240,-625,-857,-880,-682,-313,151,591,878,946,781,415,-62,-526,-859,-982,-858,-514,-41,432,792,947,865,566,125,-350,-721,-891,-833,-560,-145,293,647,821,772,521,138,-279,-611,-767,-713,-470,-97,298,605,751,684,425,60,-320,-615,-735,-654,-399,-25,349,624,731,643,379,4,-373,-648,-751,-655,-377,-6,361,635,741,648,388,27,-346,-612,-709,-618,-362,-12,335,582,663,565,0,-25,-347,-575,-633,-508,-242,90,394,590,618,466,184,-151,-450,-623,-618,-438,-129,220,510,659,626,418,96,-258,-553,-692,-637,-407,-62,310,596,715,636,377,11,-366,-643,-746,-642,-358,30,417,688,771,644,332,-77,-466,-737,-805,-657,-326,100,501,765,832,672,327,-109,-517,-789,-847,-674,-327,103,499,757,811,649,315,-95,-473,-713,-753,-593,-276,106,450,659,678,513,208,-150,-448,-606,-590,-408,-116,206,461,577,526,320,19,-287,-508,-580,-487,-250,63,354,548,587,455,189,-136,-425,-595,-599,-437,-154,178,471,633,616,428,121,-226,-508,-652,-618,-412,-89,264,0,0,0,0,0,604,373,39,-306,-570,-677,-596,-348,-5,331,575,662,559,298,-43,-374,-597,-648,-513,-228,122,436,629,646,473,159,-199,-505,-679,-660,-441,-91,286,594,740,678,416,26,-380,-686,-802,-691,-382,40,469,780,876,732,381,-88,-549,-868,-954,-777,-384,124,608,934,1007,811,395,-141,-642,-978,-1052,-841,-403,148,666,1000,1070,850,398,-157,-676,-1009,-1063,-831,-380,172,678,990,1032,792,342,-197,-678,-975,-1002,-750,-291,240,697,954,948,686,231,-282,-711,-945,-913,-623,-161,349,759,953,883,567,93,-405,-800,-967,-864,-523,-36,466,846,988,859,489,-20,-527,-900,-1029,-869,0,57,581,958,1080,898,463,-95,-635,-1012,-1115,-924,-484,97,665,1065,1182,978,510,-97,-691,-1112,-1238,-1035,-558,76,690,1128,1280,1096,609,-38,-671,-1138,-1311,-1135,-658,-9,647,1130,1308,1146,686,43,-615,-1113,-1318,-1172,-708,-67,591,1098,1319,1181,727,83,-582,-1106,-1343,-1221,-778,-130,559,1100,1361,1270,855,218,-476,-1046,-1351,-1313,-944,-340,350,941,1290,1316,1018,474,-184,-781,-1170,-1260,-1038,-570,23,593,1003,1156,1019,631,108,-421,-833,-1029,-967,-670,-216,273,672,893,894,681,311,-120,-507,-762,-828,-700,-412,-43,319,599,744,728,555,275,-32,-312,-516,-610,-586,-468,-295,-102,0,0,0,0,0,206,320,399,417,359,221,22,-198,-395,-526,-555,-471,-277,-12,263,491,614,601,447,181,-138,-432,-632,-688,-573,-311,30,370,633,741,661,418,64,-322,-636,-795,-757,-525,-152,268,630,837,838,625,250,-201,-608,-872,-923,-730,-351,111,557,873,967,823,471,-5,-478,-831,-973,-870,-545,-84,381,741,915,848,566,141,-310,-670,-847,-798,-544,-152,275,623,795,742,492,119,-280,-598,-748,-693,-451,-81,307,608,738,666,411,40,-342,-628,-739,-650,-381,-12,365,643,749,650,381,4,-375,-646,-749,-655,-388,-20,351,628,729,633,377,19,-335,-594,-690,-596,-343,2,339,0,645,536,275,-59,-372,-576,-617,-483,-207,125,422,606,621,452,158,-187,-484,-648,-629,-434,-117,235,523,669,632,414,79,-283,-570,-705,-642,-392,-31,331,610,728,635,360,-11,-386,-668,-759,-638,-340,51,438,716,800,656,330,-93,-492,-760,-823,-661,-326,101,506,777,837,678,329,-108,-510,-777,-839,-667,-329,92,485,738,787,623,299,-97,-455,-679,-718,-558,-245,126,444,627,633,459,159,-175,-452,-593,-559,-362,-62,250,480,575,501,280,-25,-325,-534,-582,-460,-212,99,390,575,597,449,169,-159,-443,-614,-614,-438,-136,206,491,636,612,420,100,-246,-518,-656,-618,0,0
28903,mtk,MTK 7916,2777474118,rx2-tx0,512,0,0,0,-129,-488,-719,-759,-594,-270,118,472,711,763,611,299,-95,-461,-698,-742,-595,-293,86,435,659,706,563,271,-88,-415,-623,-662,-522,-243,94,397,585,609,467,202,-112,-388,-545,-551,-407,-151,137,378,505,485,326,83,-179,-384,-469,-416,-244,-8,223,388,434,348,171,-54,-265,-389,-396,-285,-88,138,316,400,366,219,6,-208,-368,-427,-356,-182,49,268,415,447,350,147,-98,-319,-452,-456,-336,-122,132,352,466,449,308,76,-183,-382,-475,-438,-273,-34,215,405,485,431,252,6,-238,-416,-480,-404,-211,39,271,427,471,376,175,-75,-303,-447,-459,-337,-131,117,340,0,451,315,88,-162,-371,-478,-445,-286,-36,228,421,499,445,259,-7,-279,-486,-557,-471,-252,41,337,543,601,488,241,-73,-380,-594,-650,-524,-245,110,441,653,701,561,258,-123,-486,-725,-773,-607,-273,137,526,790,837,666,314,-137,-564,-847,-911,-745,-378,103,563,880,986,840,476,-18,-520,-889,-1036,-919,-571,-78,440,842,1035,976,672,202,-309,-737,-979,-976,-731,-312,178,626,905,947,759,397,-50,-482,-784,-883,-765,-473,-73,342,666,809,750,519,176,-194,-508,-689,-702,-552,-278,48,345,554,630,563,377,118,-154,-376,-508,-532,-456,-296,-94,101,253,340,355,316,0,0,0,0,0,247,227,165,58,-79,-223,-336,-394,-384,-295,-131,72,264,404,464,425,285,76,-158,-363,-481,-492,-384,-184,66,308,478,535,457,262,-2,-273,-480,-574,-524,-333,-59,235,475,596,568,394,120,-188,-460,-612,-613,-457,-181,140,432,616,635,486,213,-105,-392,-584,-630,-506,-246,68,354,550,602,489,253,-48,-328,-513,-562,-455,-230,49,309,479,517,409,188,-80,-316,-461,-477,-357,-130,131,353,473,457,318,91,-173,-391,-491,-455,-296,-43,231,434,514,464,286,15,-254,-455,-533,-466,-271,-1,276,474,540,460,252,-29,-306,-499,-556,-461,-234,67,354,545,580,458,0,-111,-403,-589,-618,-476,-202,138,441,627,644,487,196,-162,-480,-669,-675,-497,-181,183,507,700,704,518,189,-191,-526,-720,-714,-512,-171,217,554,738,718,505,153,-245,-581,-757,-721,-488,-124,277,604,763,713,467,96,-307,-623,-766,-707,-457,-72,337,644,771,694,425,36,-356,-650,-770,-677,-397,-18,365,649,751,647,367,-5,-374,-632,-704,-585,-310,57,399,620,666,528,236,-113,-426,-616,-630,-466,-174,173,468,624,604,413,108,-232,-507,-631,-580,-374,-58,281,540,643,565,327,-4,-338,-579,-664,-559,-295,52,387,618,681,556,277,-87,-426,-654,-705,-562,-266,105,0,0,0,0,0,743,584,267,-124,-487,-725,-768,-605,-284,110,471,700,751,602,292,-94,-447,-673,-722,-578,-281,85,422,642,690,552,264,-90,-406,-602,-632,-490,-222,97,383,562,580,433,169,-131,-386,-531,-523,-366,-109,163,380,487,451,291,54,-195,-380,-453,-390,-210,23,242,385,408,315,128,-98,-289,-390,-380,-258,-50,174,348,415,364,201,-22,-242,-398,-435,-347,-162,74,294,429,445,338,132,-116,-336,-464,-459,-323,-99,153,361,465,440,294,61,-190,-389,-473,-427,-266,-26,226,414,484,415,237,-12,-258,-431,-477,-395,-199,57,284,432,466,363,150,-99,-318,-450,-459,-338,0,140,358,475,451,295,58,-195,-395,-491,-446,-271,-18,251,454,534,463,258,-20,-302,-512,-578,-481,-242,66,358,569,628,510,248,-92,-415,-631,-681,-545,-254,116,464,694,736,576,257,-139,-507,-752,-801,-635,-291,143,548,817,880,704,338,-125,-566,-865,-951,-795,-426,66,550,899,1019,882,522,25,-486,-874,-1039,-946,-623,-144,374,798,1014,981,705,259,-244,-684,-952,-975,-753,-356,117,552,843,922,776,439,1,-419,-720,-844,-767,-503,-128,267,583,747,730,542,233,-120,-434,-630,-674,-563,-329,-31,258,475,582,562,426,208,-36,-249,-400,-466,-442,-339,-196,-47,88,0,0,0,0,0,52,158,252,321,338,289,184,28,-151,-312,-415,-438,-366,-215,-11,205,384,481,468,346,135,-114,-333,-483,-517,-425,-227,30,283,473,550,490,297,24,-251,-473,-581,-544,-360,-87,210,463,604,588,418,145,-167,-447,-620,-623,-468,-196,122,411,598,628,499,240,-76,-373,-570,-617,-496,-247,56,338,533,576,472,244,-47,-318,-502,-544,-440,-220,51,301,468,500,382,159,-101,-322,-459,-465,-333,-108,151,366,479,459,305,64,-204,-414,-506,-465,-287,-27,242,445,529,467,272,1,-264,-463,-545,-468,-256,22,297,492,555,466,242,-52,-331,-525,-569,-451,-215,87,373,0,597,465,202,-122,-417,-608,-633,-480,-193,151,461,646,667,504,195,-166,-487,-681,-690,-506,-187,187,517,708,706,513,176,-212,-542,-730,-716,-505,-156,238,564,742,719,496,138,-259,-591,-760,-718,-478,-113,278,602,762,705,458,85,-315,-637,-780,-708,-443,-56,340,645,777,691,421,35,-359,-647,-759,-665,-386,-5,371,636,723,610,328,-34,-381,-620,-686,-557,-272,88,416,622,648,493,201,-143,-444,-616,-613,-435,-132,205,482,628,600,398,79,-259,-520,-639,-574,-349,-25,304,552,648,564,315,-32,-368,-603,-667,-549,-278,69,406,637,694,558,263,-100,-441,-672,-723,0,0
28904,mtk,MTK 7916,2777474118,rx2-tx1,512,0,0,0,156,452,619,625,476,194,-138,-427,-612,-646,-506,-231,104,408,606,646,515,255,-73,-383,-585,-630,-509,-258,63,370,571,611,491,251,-66,-370,-564,-607,-485,-231,84,375,570,610,487,234,-87,-387,-578,-616,-501,-244,79,368,570,632,518,268,-46,-342,-545,-607,-514,-294,3,294,498,577,506,305,35,-241,-437,-515,-469,-300,-57,187,373,455,412,267,60,-148,-304,-384,-362,-240,-62,116,252,321,301,197,52,-96,-207,-252,-227,-143,-23,97,180,207,184,111,16,-79,-145,-165,-145,-84,-4,62,98,105,85,46,-11,-54,-70,-67,-42,-2,35,51,48,34,3,0,-63,-63,-34,5,54,90,96,80,42,-10,-69,-116,-130,-105,-53,16,87,131,142,117,62,-11,-83,-129,-139,-112,-61,7,64,101,110,76,21,-38,-82,-102,-84,-36,30,90,129,129,86,12,-82,-152,-184,-175,-111,-4,122,222,273,253,164,21,-139,-272,-344,-339,-248,-97,91,267,375,394,315,159,-35,-229,-374,-430,-385,-242,-44,170,340,419,401,283,99,-105,-289,-396,-404,-317,-154,48,236,360,398,332,193,13,-173,-310,-370,-345,-236,-73,105,252,332,334,258,126,-35,-184,-281,-317,-288,-197,-64,77,199,275,292,253,171,64,-41,-127,-180,-198,-181,0,0,0,0,0,-60,-18,44,108,164,203,203,162,88,-9,-114,-201,-252,-254,-203,-110,10,132,230,278,270,197,71,-69,-196,-275,-290,-247,-141,0,135,255,311,283,196,58,-99,-233,-307,-304,-236,-102,56,182,269,297,250,139,-3,-143,-242,-274,-240,-147,-21,106,202,243,219,136,26,-83,-164,-200,-168,-103,-14,78,136,150,126,64,-22,-95,-124,-111,-69,-8,62,111,127,97,30,-51,-126,-166,-153,-89,6,101,179,221,188,100,-16,-136,-235,-277,-240,-127,22,168,288,341,303,174,-7,-193,-336,-391,-344,-214,-19,192,359,441,408,263,55,-171,-367,-472,-461,-315,-79,0,393,508,492,349,113,-165,-398,-527,-532,-391,-145,133,389,553,574,442,197,-107,-387,-568,-596,-477,-238,70,364,559,609,502,265,-37,-331,-539,-605,-509,-285,10,308,520,593,507,281,-7,-295,-512,-574,-483,-278,-1,274,476,543,463,264,-2,-264,-451,-509,-426,-228,23,260,426,469,378,193,-41,-268,-413,-427,-328,-140,89,284,393,391,277,90,-132,-307,-385,-358,-233,-29,180,332,392,344,192,-20,-226,-372,-403,-321,-152,72,287,419,428,317,117,-120,-329,-458,-468,-337,-102,166,388,513,505,360,111,-171,-415,-556,-552,-403,-141,169,435,581,578,426,162,-154,0,0,0,0,0,-615,-461,-181,145,435,621,644,491,212,-123,-425,-614,-646,-515,-243,91,394,591,637,519,257,-70,-371,-582,-634,-512,-259,66,365,557,603,483,228,-78,-371,-569,-604,-473,-226,87,383,582,624,495,236,-79,-386,-585,-628,-515,-265,57,361,563,623,520,293,-8,-309,-524,-596,-514,-308,-21,268,474,554,491,304,45,-206,-404,-496,-449,-285,-58,167,343,422,388,259,70,-126,-279,-351,-320,-211,-56,111,243,292,266,174,41,-91,-188,-232,-213,-137,-24,85,163,192,168,104,9,-78,-131,-147,-123,-59,8,61,87,88,69,24,-19,-52,-67,-47,-12,16,41,54,0,9,-32,-67,-89,-80,-39,15,61,102,117,97,45,-23,-85,-131,-136,-110,-58,10,78,126,133,108,59,-12,-84,-120,-120,-99,-42,29,85,108,97,54,-6,-65,-105,-115,-88,-24,61,133,163,145,86,-8,-104,-194,-235,-209,-131,-8,134,246,304,296,211,68,-106,-268,-364,-366,-283,-128,64,252,381,418,350,200,2,-205,-356,-420,-390,-262,-65,139,313,414,407,299,127,-74,-263,-378,-399,-324,-171,22,206,337,380,336,214,32,-143,-276,-346,-335,-246,-98,74,222,308,325,274,159,9,-134,-244,-300,-292,-226,-110,17,128,211,253,246,198,128,49,-24,0,0,0,0,0,-114,-151,-166,-146,-93,-16,70,148,207,238,220,154,57,-56,-167,-247,-274,-247,-164,-36,99,211,281,285,217,100,-44,-178,-268,-302,-270,-163,-22,128,251,312,297,216,82,-73,-218,-304,-312,-247,-127,23,161,258,289,250,149,11,-118,-212,-251,-225,-141,-26,88,178,222,201,127,26,-74,-156,-181,-144,-84,-7,71,120,126,93,27,-41,-96,-118,-99,-48,25,93,139,143,93,8,-83,-158,-193,-173,-95,14,132,219,246,214,120,-18,-163,-271,-313,-272,-154,13,184,311,362,322,193,6,-188,-341,-418,-379,-240,-39,186,372,464,436,291,67,-179,-378,-486,0,-340,-105,163,392,514,508,379,145,-137,-390,-544,-554,-422,-179,117,382,553,584,460,214,-90,-376,-560,-602,-489,-250,55,346,550,610,512,274,-40,-336,-532,-589,-503,-284,13,308,517,587,497,283,-2,-286,-487,-559,-482,-272,0,271,462,518,443,241,-21,-262,-434,-489,-404,-211,33,260,406,444,355,160,-79,-284,-398,-407,-300,-104,111,287,383,369,250,60,-152,-323,-393,-347,-206,-6,196,345,397,326,158,-57,-261,-393,-410,-318,-128,101,309,437,443,324,112,-139,-359,-488,-486,-347,-105,171,404,537,529,378,119,-177,-431,-573,-564,-410,-145,160,425,592,608,0,0
28905,mtk,MTK 7916,2777476798,rx0-tx0,512,0,0,0,0,0,0,0,0,0,0,0,0,0,0,0,0,0,0,0,0,0,0,0,0,0,0,0,0,0,0,0,0,0,0,0,0,0,0,0,0,0,0,0,0,0,0,0,0,0,0,0,0,0,0,0,0,0,0,0,0,0,0,0,0,0,0,0,0,0,0,0,0,0,0,0,0,0,0,0,0,0,0,0,0,0,0,0,0,0,0,0,0,0,0,0,0,0,0,0,0,0,0,0,0,0,0,0,0,0,0,0,0,0,0,0,0,0,0,0,0,0,0,0,0,0,0,0,0,0,0,0,0,0,0,0,0,0,0,0,0,0,0,0,0,0,0,0,0,0,0,0,0,0,0,0,0,0,0,0,0,0,0,0,0,0,0,0,0,0,0,0,0,0,0,0,0,0,0,0,0,0,0,0,0,0,0,0,0,0,0,0,0,0,0,0,0,0,0,0,0,0,0,0,0,0,0,0,0,0,0,0,0,0,0,0,0,0,0,0,0,0,0,0,0,0,0,0,0,0,0,0,0,0,0,0,0,0,0,0,0,0,0,0,0,0,0,0,0,0,0,0,0,0,0,0,0,-273,-978,-900,-231,-265,-196,-37,151,297,362,333,220,58,-118,-279,-384,-407,-358,-229,-55,144,329,460,503,456,309,101,-141,-376,-544,-619,-572,-407,-159,119,393,598,700,670,511,265,-44,-338,-577,-719,-733,-620,-403,-111,201,464,669,763,725,568,318,13,-293,-574,-756,-812,-744,-544,-244,91,422,695,854,858,726,476,134,-240,-568,-805,-900,-850,-655,-342,14,373,666,855,884,763,518,196,-145,-464,-691,-802,-784,-634,-397,-103,194,459,627,692,654,526,325,69,-169,-368,-524,-591,-579,-481,-323,-125,89,284,444,540,576,523,397,212,-6,-233,-431,-568,-625,-593,-466,-260,-12,-1687,473,632,689,645,500,278,7,-270,-515,-674,-724,-676,-522,-289,-7,278,526,695,763,723,570,335,38,-280,-557,-751,-853,-825,-657,-384,-42,324,654,902,1007,953,724,378,-43,-471,-842,-1083,-1139,-1013,-714,-278,210,680,1045,1244,1213,980,580,80,-452,-904,-1205,-1312,-1191,-848,-368,168,687,1084,1292,1273,1042,632,120,-412,-871,-1176,-1277,-1160,-844,-388,131,622,1012,1217,1209,1006,626,129,-386,-835,-1128,-1219,-1086,-762,-299,212,679,1019,1169,1091,817,390,-98,-557,-907,-1069,-1032,-808,-442,2,432,769,959,962,782,456,43,-393,-745,-955,-965,-752,-362,136,612,924,961,691,269,-817,-936,0,0,0,0,0,0,0,0,0,0,0,0,0,0,0,0,0,0,0,0,0,0,0,0,0,0,0,0,0,0,0,0,0,0,0,0,0,0,0,0,0,0,0,0,0,0,0,0,0,0,0,0,0,0,0,0,0,0,0,0,0,0,0,0,0,0,0,0,0,0,0,0,0,0,0,0,0,0,0,0,0,0,0,0,0,0,0,0,0,0,0,0,0,0,0,0,0,0,0,0,0,0,0,0,0,0,0,0,0,0,0,0,0,0,0,0,0,0,0,0,0,0,0,0,0,0,0,0,0,0,0,0,0,0,0,0,0,0,0,0,0,0,0,0,0,0,0,0,0,0,0,0,0,0,0,0,0,0,0,0,0,0,0,0,0,0,0,0,0,0,0,0,0,0,0,0,0,0,0,0,0,0,0,0,0,0,0,0,0,0,0,0,0,0,0,0,0,0,0,0,0,0,0,0,0,0,0,0,0,0,0,0,0,0,0,0,0,0,0,0,0,0,0,0,0,0,0,0,0,0,0,0,0,0,0,0,0,0,0,0,0,0,0,0,0,0,0,0,0,0,0,0,0,0,0,0,-1322,169,409,-71,77,234,326,310,193,21,-160,-302,-374,-369,-280,-129,51,228,367,443,437,343,174,-38,-257,-440,-536,-546,-443,-249,5,273,500,630,653,556,345,65,-238,-501,-675,-728,-642,-452,-177,128,411,630,745,721,585,360,57,-251,-522,-709,-785,-739,-570,-292,32,357,633,801,840,746,525,201,-160,-487,-745,-888,-869,-703,-415,-56,308,631,833,901,815,601,282,-89,-430,-689,-829,-834,-701,-452,-147,181,460,659,749,721,577,343,75,-188,-412,-578,-640,-598,-494,-318,-99,126,329,477,561,565,491,346,169,-40,-251,-424,-545,-593,-552,-431,-239,-13,224,445,593,660,-175,492,272,9,-260,-495,-655,-717,-668,-516,-275,-3,271,512,675,740,694,542,301,17,-280,-537,-720,-803,-766,-603,-357,-48,294,606,823,928,886,709,402,16,-394,-751,-989,-1075,-990,-734,-340,124,572,949,1165,1189,1019,674,190,-331,-797,-1131,-1283,-1220,-930,-492,38,574,1009,1259,1308,1127,750,242,-297,-786,-1137,-1291,-1229,-950,-510,8,526,945,1200,1252,1092,740,258,-250,-716,-1067,-1231,-1172,-907,-475,34,534,932,1159,1172,973,595,105,-392,-807,-1070,-1121,-971,-637,-191,275,675,946,1030,917,639,244,-189,-582,-859,-972,-893,-625,-227,233,651,934,997,799,373,-162,-625,-836,-556,-334
28906,mtk,MTK 7916,2777476798,rx0-tx1,512,0,0,0,0,0,0,0,0,0,0,0,0,0,0,0,0,0,0,0,0,0,0,0,0,0,0,0,0,0,0,0,0,0,0,0,0,0,0,0,0,0,0,0,0,0,0,0,0,0,0,0,0,0,0,0,0,0,0,0,0,0,0,0,0,0,0,0,0,0,0,0,0,0,0,0,0,0,0,0,0,0,0,0,0,0,0,0,0,0,0,0,0,0,0,0,0,0,0,0,0,0,0,0,0,0,0,0,0,0,0,0,0,0,0,0,0,0,0,0,0,0,0,0,0,0,0,0,0,0,0,0,0,0,0,0,0,0,0,0,0,0,0,0,0,0,0,0,0,0,0,0,0,0,0,0,0,0,0,0,0,0,0,0,0,0,0,0,0,0,0,0,0,0,0,0,0,0,0,0,0,0,0,0,0,0,0,0,0,0,0,0,0,0,0,0,0,0,0,0,0,0,0,0,0,0,0,0,0,0,0,0,0,0,0,0,0,0,0,0,0,0,0,0,0,0,0,0,0,0,0,0,0,0,0,0,0,0,0,0,0,0,0,0,0,0,0,0,0,0,0,0,0,0,0,0,0,-730,-246,-277,233,176,14,-185,-336,-389,-328,-179,22,221,375,452,433,322,136,-89,-306,-478,-557,-534,-399,-173,101,369,584,687,662,511,257,-66,-389,-643,-793,-803,-661,-384,-38,326,650,853,912,819,579,224,-173,-566,-858,-1002,-996,-806,-473,-47,395,774,1029,1127,1030,748,338,-127,-595,-953,-1162,-1190,-1013,-657,-193,308,775,1126,1279,1229,971,553,36,-490,-942,-1253,-1359,-1248,-917,-436,131,663,1103,1369,1404,1210,810,280,-308,-852,-1253,-1451,-1407,-1139,-671,-102,495,1007,1348,1476,1365,1021,510,-83,-661,-1131,-1408,-1455,-1261,-877,-348,239,782,1188,1402,1393,1163,739,206,-358,-859,-1218,-1389,-546,-1055,-619,-99,440,911,1236,1362,1278,1003,561,40,-491,-948,-1254,-1365,-1264,-959,-503,35,571,1014,1314,1404,1272,928,433,-138,-686,-1132,-1395,-1435,-1235,-846,-315,272,815,1224,1430,1412,1163,729,167,-421,-931,-1291,-1434,-1350,-1056,-584,-12,553,1020,1319,1407,1264,912,420,-141,-669,-1090,-1330,-1354,-1157,-780,-265,285,786,1156,1344,1303,1044,610,73,-474,-943,-1255,-1346,-1215,-870,-373,180,712,1116,1316,1287,1024,575,34,-510,-964,-1233,-1269,-1075,-685,-172,364,824,1118,1189,1043,702,232,-263,-688,-969,-1060,-946,-658,-254,184,579,857,955,869,604,220,-224,-623,-884,-937,-751,-355,138,558,750,-103,-163,0,0,0,0,0,0,0,0,0,0,0,0,0,0,0,0,0,0,0,0,0,0,0,0,0,0,0,0,0,0,0,0,0,0,0,0,0,0,0,0,0,0,0,0,0,0,0,0,0,0,0,0,0,0,0,0,0,0,0,0,0,0,0,0,0,0,0,0,0,0,0,0,0,0,0,0,0,0,0,0,0,0,0,0,0,0,0,0,0,0,0,0,0,0,0,0,0,0,0,0,0,0,0,0,0,0,0,0,0,0,0,0,0,0,0,0,0,0,0,0,0,0,0,0,0,0,0,0,0,0,0,0,0,0,0,0,0,0,0,0,0,0,0,0,0,0,0,0,0,0,0,0,0,0,0,0,0,0,0,0,0,0,0,0,0,0,0,0,0,0,0,0,0,0,0,0,0,0,0,0,0,0,0,0,0,0,0,0,0,0,0,0,0,0,0,0,0,0,0,0,0,0,0,0,0,0,0,0,0,0,0,0,0,0,0,0,0,0,0,0,0,0,0,0,0,0,0,0,0,0,0,0,0,0,0,0,0,0,0,0,0,0,0,0,0,0,0,0,0,0,0,0,0,0,0,0,-128,-135,-74,-78,-229,-326,-301,-166,34,230,369,420,369,236,41,-168,-354,-477,-501,-428,-259,-28,221,442,592,627,542,342,57,-244,-515,-700,-762,-670,-457,-155,193,525,760,863,822,621,304,-71,-441,-752,-932,-964,-824,-519,-137,285,675,949,1072,1008,773,413,-34,-492,-873,-1103,-1161,-1020,-700,-266,224,689,1040,1220,1206,999,609,113,-407,-866,-1190,-1321,-1231,-954,-502,31,575,1027,1319,1385,1222,875,362,-214,-759,-1183,-1413,-1420,-1181,-751,-186,402,935,1310,1471,1395,1078,589,14,-577,-1072,-1386,-1474,-1320,-946,-420,171,732,1161,1413,1433,1214,800,270,-305,-825,-1213,-1398,-1367,-1108,-680,-146,1197,892,1219,1360,1295,1027,593,68,-462,-927,-1248,-1361,-1273,-978,-536,-4,528,981,1280,1378,1255,942,480,-71,-616,-1072,-1356,-1424,-1259,-889,-374,206,749,1173,1421,1430,1209,781,240,-339,-869,-1260,-1449,-1390,-1109,-652,-90,475,975,1313,1433,1310,974,493,-67,-618,-1057,-1328,-1382,-1209,-847,-344,207,721,1118,1338,1328,1104,701,183,-374,-862,-1210,-1352,-1269,-967,-496,55,592,1035,1291,1331,1141,741,216,-343,-845,-1187,-1310,-1201,-877,-388,163,673,1057,1240,1183,907,462,-54,-542,-926,-1116,-1087,-856,-476,-16,432,781,972,973,790,454,38,-382,-718,-914,-922,-717,-347,117,561,853,885,642,263,-255,-225
28907,mtk,MTK 7916,2777476798,rx1-tx0,512,0,0,0,0,0,0,0,0,0,0,0,0,0,0,0,0,0,0,0,0,0,0,0,0,0,0,0,0,0,0,0,0,0,0,0,0,0,0,0,0,0,0,0,0,0,0,0,0,0,0,0,0,0,0,0,0,0,0,0,0,0,0,0,0,0,0,0,0,0,0,0,0,0,0,0,0,0,0,0,0,0,0,0,0,0,0,0,0,0,0,0,0,0,0,0,0,0,0,0,0,0,0,0,0,0,0,0,0,0,0,0,0,0,0,0,0,0,0,0,0,0,0,0,0,0,0,0,0,0,0,0,0,0,0,0,0,0,0,0,0,0,0,0,0,0,0,0,0,0,0,0,0,0,0,0,0,0,0,0,0,0,0,0,0,0,0,0,0,0,0,0,0,0,0,0,0,0,0,0,0,0,0,0,0,0,0,0,0,0,0,0,0,0,0,0,0,0,0,0,0,0,0,0,0,0,0,0,0,0,0,0,0,0,0,0,0,0,0,0,0,0,0,0,0,0,0,0,0,0,0,0,0,0,0,0,0,0,0,0,0,0,0,0,0,0,0,0,0,0,0,0,0,0,0,0,0,146,-272,-7,37,127,184,167,87,-28,-136,-208,-223,-177,-91,26,140,220,253,226,148,39,-85,-193,-266,-275,-220,-129,-3,126,228,277,270,206,96,-22,-138,-230,-263,-246,-181,-83,20,126,192,222,214,157,82,-13,-94,-146,-167,-154,-112,-53,0,45,82,96,86,66,42,12,-11,-22,-18,-8,-3,1,2,-17,-34,-56,-78,-77,-60,-25,23,76,134,172,170,142,76,-24,-123,-207,-253,-251,-213,-126,5,134,246,321,335,283,174,22,-140,-265,-356,-383,-335,-231,-86,85,243,354,401,383,289,143,-15,-187,-328,-399,-406,-342,-216,-45,127,276,382,431,392,288,138,-144,-233,-362,-430,-430,-352,-193,-16,172,322,415,435,374,244,75,-107,-264,-376,-419,-383,-276,-131,27,186,308,376,375,300,179,24,-116,-243,-315,-344,-302,-211,-86,46,162,255,292,280,224,131,23,-89,-180,-233,-242,-217,-153,-64,19,111,173,200,194,162,104,22,-55,-117,-159,-169,-152,-110,-52,4,55,94,119,126,116,88,45,2,-45,-71,-100,-107,-109,-91,-54,-18,32,83,112,129,131,101,50,-13,-70,-126,-153,-159,-132,-66,4,75,135,172,173,131,63,-19,-92,-149,-181,-164,-114,-43,41,115,160,167,144,83,1,-87,-151,-175,-141,-67,20,89,-936,-757,0,0,0,0,0,0,0,0,0,0,0,0,0,0,0,0,0,0,0,0,0,0,0,0,0,0,0,0,0,0,0,0,0,0,0,0,0,0,0,0,0,0,0,0,0,0,0,0,0,0,0,0,0,0,0,0,0,0,0,0,0,0,0,0,0,0,0,0,0,0,0,0,0,0,0,0,0,0,0,0,0,0,0,0,0,0,0,0,0,0,0,0,0,0,0,0,0,0,0,0,0,0,0,0,0,0,0,0,0,0,0,0,0,0,0,0,0,0,0,0,0,0,0,0,0,0,0,0,0,0,0,0,0,0,0,0,0,0,0,0,0,0,0,0,0,0,0,0,0,0,0,0,0,0,0,0,0,0,0,0,0,0,0,0,0,0,0,0,0,0,0,0,0,0,0,0,0,0,0,0,0,0,0,0,0,0,0,0,0,0,0,0,0,0,0,0,0,0,0,0,0,0,0,0,0,0,0,0,0,0,0,0,0,0,0,0,0,0,0,0,0,0,0,0,0,0,0,0,0,0,0,0,0,0,0,0,0,0,0,0,0,0,0,0,0,0,0,0,0,0,0,0,0,0,0,0,206,1057,1082,141,107,11,-104,-187,-213,-169,-75,41,146,216,238,202,115,-3,-120,-212,-263,-256,-195,-85,50,167,248,283,253,169,47,-78,-194,-259,-268,-233,-142,-25,84,181,234,244,203,121,30,-72,-146,-197,-204,-167,-104,-29,42,96,125,125,113,81,35,-8,-35,-54,-60,-48,-33,-17,-7,-8,-8,-24,-40,-33,-28,6,45,81,109,117,113,81,13,-63,-137,-200,-222,-197,-134,-34,71,177,270,308,282,206,85,-63,-203,-307,-362,-337,-256,-134,30,188,308,382,386,316,183,27,-143,-291,-375,-407,-371,-251,-93,76,238,363,423,406,318,181,4,-179,-319,-416,147,-380,-251,-87,101,283,406,449,417,305,145,-44,-223,-359,-425,-414,-331,-191,-18,154,296,374,394,345,235,86,-84,-223,-323,-360,-335,-258,-135,4,148,247,307,310,267,174,52,-69,-174,-243,-272,-254,-188,-96,5,100,184,218,222,194,122,39,-40,-112,-168,-191,-178,-140,-79,-10,53,108,138,144,127,91,45,-2,-46,-87,-112,-117,-104,-76,-50,-10,29,73,101,120,124,98,57,14,-45,-99,-138,-150,-136,-97,-32,31,105,149,161,148,103,35,-48,-120,-162,-173,-146,-94,-21,63,127,170,173,134,61,-16,-92,-154,-173,-153,-86,0,92,144,150,111,588,798
28908,mtk,MTK 7916,2777476798,rx1-tx1,512,0,0,0,0,0,0,0,0,0,0,0,0,0,0,0,0,0,0,0,0,0,0,0,0,0,0,0,0,0,0,0,0,0,0,0,0,0,0,0,0,0,0,0,0,0,0,0,0,0,0,0,0,0,0,0,0,0,0,0,0,0,0,0,0,0,0,0,0,0,0,0,0,0,0,0,0,0,0,0,0,0,0,0,0,0,0,0,0,0,0,0,0,0,0,0,0,0,0,0,0,0,0,0,0,0,0,0,0,0,0,0,0,0,0,0,0,0,0,0,0,0,0,0,0,0,0,0,0,0,0,0,0,0,0,0,0,0,0,0,0,0,0,0,0,0,0,0,0,0,0,0,0,0,0,0,0,0,0,0,0,0,0,0,0,0,0,0,0,0,0,0,0,0,0,0,0,0,0,0,0,0,0,0,0,0,0,0,0,0,0,0,0,0,0,0,0,0,0,0,0,0,0,0,0,0,0,0,0,0,0,0,0,0,0,0,0,0,0,0,0,0,0,0,0,0,0,0,0,0,0,0,0,0,0,0,0,0,0,0,0,0,0,0,0,0,0,0,0,0,0,0,0,0,0,0,0,-411,-1039,-1026,23,25,27,26,26,24,17,10,5,-3,-17,-28,-37,-43,-46,-42,-33,-26,-13,4,17,29,47,61,64,60,50,35,13,-5,-24,-45,-64,-71,-76,-68,-49,-30,-10,13,36,52,64,68,63,49,33,14,-11,-36,-56,-66,-69,-60,-45,-27,2,28,46,60,68,62,50,32,11,-15,-40,-60,-78,-78,-61,-38,-10,22,52,70,80,81,75,59,28,-8,-44,-74,-98,-107,-103,-86,-56,-18,22,63,97,115,117,102,73,37,-7,-54,-92,-117,-130,-127,-104,-65,-13,37,84,121,144,147,129,101,59,1,-57,-106,-142,-162,-163,-147,-107,-58,1,0,121,163,185,181,158,123,75,12,-49,-100,-140,-169,-176,-158,-126,-89,-40,14,61,99,125,135,133,117,94,67,31,-6,-35,-60,-77,-93,-99,-94,-80,-72,-55,-35,-10,19,47,74,92,99,103,108,99,74,39,-3,-46,-92,-128,-150,-155,-145,-121,-78,-25,33,97,153,188,205,197,163,107,36,-46,-131,-206,-252,-269,-257,-214,-153,-65,41,141,223,291,326,323,283,213,117,2,-114,-214,-293,-338,-354,-333,-275,-185,-76,41,145,234,298,329,323,281,213,124,25,-73,-165,-231,-267,-275,-262,-216,-146,-62,26,106,177,236,271,283,274,253,218,162,-720,-882,0,0,0,0,0,0,0,0,0,0,0,0,0,0,0,0,0,0,0,0,0,0,0,0,0,0,0,0,0,0,0,0,0,0,0,0,0,0,0,0,0,0,0,0,0,0,0,0,0,0,0,0,0,0,0,0,0,0,0,0,0,0,0,0,0,0,0,0,0,0,0,0,0,0,0,0,0,0,0,0,0,0,0,0,0,0,0,0,0,0,0,0,0,0,0,0,0,0,0,0,0,0,0,0,0,0,0,0,0,0,0,0,0,0,0,0,0,0,0,0,0,0,0,0,0,0,0,0,0,0,0,0,0,0,0,0,0,0,0,0,0,0,0,0,0,0,0,0,0,0,0,0,0,0,0,0,0,0,0,0,0,0,0,0,0,0,0,0,0,0,0,0,0,0,0,0,0,0,0,0,0,0,0,0,0,0,0,0,0,0,0,0,0,0,0,0,0,0,0,0,0,0,0,0,0,0,0,0,0,0,0,0,0,0,0,0,0,0,0,0,0,0,0,0,0,0,0,0,0,0,0,0,0,0,0,0,0,0,0,0,0,0,0,0,0,0,0,0,0,0,0,0,0,0,0,0,-92,-40,216,1,1,7,13,16,21,28,31,35,36,34,29,19,9,-2,-17,-35,-43,-42,-45,-48,-42,-31,-13,7,24,40,55,61,68,66,53,32,13,-4,-25,-49,-65,-72,-74,-67,-51,-24,1,25,47,65,71,68,62,48,22,-6,-26,-49,-67,-68,-63,-55,-30,-1,23,47,65,74,69,57,40,13,-20,-49,-70,-80,-80,-74,-51,-16,18,47,76,93,99,90,70,38,-3,-38,-66,-90,-111,-113,-95,-66,-25,16,59,96,123,128,114,89,48,1,-41,-83,-123,-141,-138,-120,-86,-34,24,72,117,144,157,150,123,77,20,-36,-89,-131,-163,-181,0,-135,-87,-28,28,82,134,169,179,171,150,107,51,-2,-59,-108,-138,-153,-153,-140,-110,-69,-23,19,53,85,102,110,112,104,86,67,44,18,-13,-36,-56,-75,-88,-97,-102,-90,-69,-47,-29,1,40,79,108,127,135,133,116,79,32,-18,-70,-120,-156,-182,-179,-157,-119,-63,8,80,143,196,228,234,206,157,86,-2,-93,-181,-251,-294,-303,-275,-216,-132,-30,77,177,264,325,351,338,285,198,92,-26,-138,-231,-300,-342,-348,-318,-253,-158,-54,47,149,229,275,294,285,244,175,90,-3,-91,-168,-230,-266,-273,-257,-220,-159,-82,-8,57,114,154,195,-722,-521
28909,mtk,MTK 7916,2777476798,rx2-tx0,512,0,0,0,0,0,0,0,0,0,0,0,0,0,0,0,0,0,0,0,0,0,0,0,0,0,0,0,0,0,0,0,0,0,0,0,0,0,0,0,0,0,0,0,0,0,0,0,0,0,0,0,0,0,0,0,0,0,0,0,0,0,0,0,0,0,0,0,0,0,0,0,0,0,0,0,0,0,0,0,0,0,0,0,0,0,0,0,0,0,0,0,0,0,0,0,0,0,0,0,0,0,0,0,0,0,0,0,0,0,0,0,0,0,0,0,0,0,0,0,0,0,0,0,0,0,0,0,0,0,0,0,0,0,0,0,0,0,0,0,0,0,0,0,0,0,0,0,0,0,0,0,0,0,0,0,0,0,0,0,0,0,0,0,0,0,0,0,0,0,0,0,0,0,0,0,0,0,0,0,0,0,0,0,0,0,0,0,0,0,0,0,0,0,0,0,0,0,0,0,0,0,0,0,0,0,0,0,0,0,0,0,0,0,0,0,0,0,0,0,0,0,0,0,0,0,0,0,0,0,0,0,0,0,0,0,0,0,0,0,0,0,0,0,0,0,0,0,0,0,0,0,0,0,0,0,0,-136,456,175,17,10,3,-8,-20,-33,-48,-60,-72,-80,-86,-82,-73,-56,-33,-5,24,55,83,108,123,130,126,107,77,37,-10,-62,-112,-155,-182,-197,-191,-163,-121,-58,10,86,154,212,248,257,235,190,121,33,-63,-153,-225,-274,-298,-284,-230,-149,-47,59,158,241,301,324,301,244,153,42,-80,-194,-284,-341,-357,-323,-244,-134,-4,136,261,346,393,395,345,239,102,-45,-190,-316,-408,-450,-429,-349,-234,-91,71,231,365,444,470,445,362,231,76,-85,-239,-368,-445,-465,-424,-331,-197,-43,116,258,363,420,425,372,274,142,-11,-162,-282,-364,-403,-388,-321,-213,-74,0,197,309,375,392,364,282,165,28,-113,-239,-330,-385,-393,-350,-259,-141,-5,136,264,355,398,395,349,262,143,5,-135,-255,-350,-410,-419,-379,-298,-182,-44,97,223,329,401,424,403,342,244,117,-16,-147,-266,-351,-401,-410,-374,-301,-196,-70,57,173,274,342,376,367,317,232,123,6,-107,-203,-278,-327,-341,-305,-238,-154,-49,64,167,243,290,305,286,227,142,47,-50,-147,-228,-277,-291,-274,-230,-156,-63,41,140,225,280,304,292,250,182,90,-14,-109,-196,-265,-306,-315,-289,-235,-158,-67,32,123,204,269,311,319,305,268,212,143,66,-6,-67,-115,-166,1089,938,0,0,0,0,0,0,0,0,0,0,0,0,0,0,0,0,0,0,0,0,0,0,0,0,0,0,0,0,0,0,0,0,0,0,0,0,0,0,0,0,0,0,0,0,0,0,0,0,0,0,0,0,0,0,0,0,0,0,0,0,0,0,0,0,0,0,0,0,0,0,0,0,0,0,0,0,0,0,0,0,0,0,0,0,0,0,0,0,0,0,0,0,0,0,0,0,0,0,0,0,0,0,0,0,0,0,0,0,0,0,0,0,0,0,0,0,0,0,0,0,0,0,0,0,0,0,0,0,0,0,0,0,0,0,0,0,0,0,0,0,0,0,0,0,0,0,0,0,0,0,0,0,0,0,0,0,0,0,0,0,0,0,0,0,0,0,0,0,0,0,0,0,0,0,0,0,0,0,0,0,0,0,0,0,0,0,0,0,0,0,0,0,0,0,0,0,0,0,0,0,0,0,0,0,0,0,0,0,0,0,0,0,0,0,0,0,0,0,0,0,0,0,0,0,0,0,0,0,0,0,0,0,0,0,0,0,0,0,0,0,0,0,0,0,0,0,0,0,0,0,0,0,0,0,0,0,1335,-1056,-1134,50,57,65,70,69,66,58,47,31,11,-8,-29,-54,-73,-87,-98,-104,-98,-82,-54,-23,13,58,101,131,151,162,155,134,100,48,-13,-74,-133,-180,-215,-230,-221,-187,-129,-52,32,117,188,244,275,272,241,182,96,-1,-99,-191,-262,-302,-305,-270,-200,-101,13,122,217,291,334,331,285,201,91,-35,-165,-273,-341,-369,-353,-287,-183,-48,95,228,333,405,428,389,301,170,17,-141,-286,-396,-458,-464,-413,-310,-166,4,168,310,418,473,468,405,289,138,-25,-181,-313,-407,-450,-431,-354,-237,-95,57,207,330,399,415,381,301,178,31,-111,-242,-342,-395,0,-347,-252,-121,24,161,277,361,394,378,318,213,82,-61,-196,-301,-374,-401,-378,-307,-201,-67,73,205,315,389,411,387,322,217,85,-52,-183,-296,-380,-423,-417,-364,-271,-148,-9,127,246,341,402,416,388,323,222,94,-38,-162,-271,-347,-387,-388,-351,-274,-169,-50,71,184,276,335,358,336,279,197,91,-23,-131,-223,-286,-317,-314,-271,-198,-103,3,102,192,267,302,294,254,186,95,-8,-107,-193,-264,-302,-298,-262,-202,-117,-15,86,178,252,297,311,293,242,164,71,-28,-124,-209,-270,-305,-314,-290,-238,-167,-81,14,106,184,248,293,316,321,307,275,223,-441,-700
28910,mtk,MTK 7916,2777476798,rx2-tx1,512,0,0,0,0,0,0,0,0,0,0,0,0,0,0,0,0,0,0,0,0,0,0,0,0,0,0,0,0,0,0,0,0,0,0,0,0,0,0,0,0,0,0,0,0,0,0,0,0,0,0,0,0,0,0,0,0,0,0,0,0,0,0,0,0,0,0,0,0,0,0,0,0,0,0,0,0,0,0,0,0,0,0,0,0,0,0,0,0,0,0,0,0,0,0,0,0,0,0,0,0,0,0,0,0,0,0,0,0,0,0,0,0,0,0,0,0,0,0,0,0,0,0,0,0,0,0,0,0,0,0,0,0,0,0,0,0,0,0,0,0,0,0,0,0,0,0,0,0,0,0,0,0,0,0,0,0,0,0,0,0,0,0,0,0,0,0,0,0,0,0,0,0,0,0,0,0,0,0,0,0,0,0,0,0,0,0,0,0,0,0,0,0,0,0,0,0,0,0,0,0,0,0,0,0,0,0,0,0,0,0,0,0,0,0,0,0,0,0,0,0,0,0,0,0,0,0,0,0,0,0,0,0,0,0,0,0,0,0,0,0,0,0,0,0,0,0,0,0,0,0,0,0,0,0,0,0,236,629,792,24,17,7,-9,-24,-41,-59,-73,-82,-84,-80,-64,-44,-17,8,32,56,73,81,81,71,48,22,-13,-43,-70,-85,-92,-82,-63,-36,-4,35,75,102,114,110,93,61,19,-25,-73,-106,-121,-124,-109,-75,-29,24,83,135,158,161,151,118,57,-16,-91,-153,-202,-227,-218,-181,-114,-23,69,159,231,277,289,258,192,97,-14,-123,-219,-303,-346,-346,-294,-197,-79,49,179,289,366,397,377,309,195,50,-97,-233,-338,-400,-414,-376,-291,-170,-22,130,261,358,408,397,335,244,127,-16,-152,-264,-342,-367,-344,-279,-176,-47,81,190,269,312,308,260,179,69,0,-153,-230,-276,-281,-242,-172,-78,34,139,219,274,292,259,187,84,-28,-130,-219,-285,-308,-287,-224,-130,-24,88,191,270,310,311,270,202,102,-16,-128,-221,-279,-304,-283,-221,-140,-50,47,136,209,249,254,227,176,93,5,-73,-139,-187,-206,-191,-152,-93,-26,33,87,128,148,136,108,66,15,-37,-81,-113,-124,-116,-93,-52,7,50,92,123,132,115,88,54,9,-42,-86,-114,-125,-120,-103,-71,-33,10,56,99,120,122,117,99,66,24,-23,-66,-95,-106,-111,-107,-82,-42,1,32,60,88,102,98,87,64,30,-4,-36,-69,-95,-114,-122,-120,-111,-93,-63,185,0,0,0,0,0,0,0,0,0,0,0,0,0,0,0,0,0,0,0,0,0,0,0,0,0,0,0,0,0,0,0,0,0,0,0,0,0,0,0,0,0,0,0,0,0,0,0,0,0,0,0,0,0,0,0,0,0,0,0,0,0,0,0,0,0,0,0,0,0,0,0,0,0,0,0,0,0,0,0,0,0,0,0,0,0,0,0,0,0,0,0,0,0,0,0,0,0,0,0,0,0,0,0,0,0,0,0,0,0,0,0,0,0,0,0,0,0,0,0,0,0,0,0,0,0,0,0,0,0,0,0,0,0,0,0,0,0,0,0,0,0,0,0,0,0,0,0,0,0,0,0,0,0,0,0,0,0,0,0,0,0,0,0,0,0,0,0,0,0,0,0,0,0,0,0,0,0,0,0,0,0,0,0,0,0,0,0,0,0,0,0,0,0,0,0,0,0,0,0,0,0,0,0,0,0,0,0,0,0,0,0,0,0,0,0,0,0,0,0,0,0,0,0,0,0,0,0,0,0,0,0,0,0,0,0,0,0,0,0,0,0,0,0,0,0,0,0,0,0,0,0,0,0,0,0,0,-351,735,556,51,63,73,76,75,69,54,39,19,-4,-29,-48,-67,-79,-84,-78,-61,-38,-12,18,45,67,83,90,79,55,32,2,-36,-73,-90,-97,-93,-76,-52,-16,27,64,94,114,117,96,63,27,-26,-78,-114,-135,-143,-134,-96,-42,27,88,140,174,193,185,144,79,4,-86,-169,-228,-256,-252,-213,-145,-56,39,145,240,298,315,303,252,156,37,-94,-212,-310,-366,-375,-339,-256,-134,4,148,270,358,404,407,354,251,113,-33,-178,-303,-387,-412,-394,-327,-219,-70,77,204,308,374,388,352,270,153,23,-111,-228,-304,-334,-324,-272,-177,-58,61,167,253,301,0,247,172,75,-36,-144,-226,-273,-284,-246,-169,-74,28,131,221,281,294,265,205,116,7,-113,-215,-281,-310,-302,-253,-168,-61,52,161,249,297,306,282,221,133,21,-90,-178,-246,-284,-279,-235,-164,-77,19,110,181,224,233,215,165,99,25,-44,-108,-148,-167,-167,-137,-83,-26,29,82,119,129,120,95,51,0,-45,-84,-110,-123,-119,-94,-55,-6,44,88,117,121,114,99,63,15,-30,-69,-102,-122,-132,-120,-81,-36,6,43,81,107,115,112,102,72,33,-5,-45,-79,-98,-100,-92,-78,-50,-15,18,52,81,99,108,105,90,68,44,14,-18,-47,-76,958,934
28911,mtk,MTK 7916,2777526805,rx0-tx0,512,-1687,700,586,-193,-254,-299,-317,-318,-297,-258,-197,-121,-30,68,155,234,310,364,395,397,361,302,223,125,3,-116,-233,-333,-412,-456,-472,-452,-391,-304,-192,-61,77,205,324,428,496,519,510,460,374,260,135,-1,-142,-277,-391,-473,-522,-534,-509,-450,-362,-247,-113,30,173,304,413,496,550,570,549,487,394,268,122,-36,-195,-345,-473,-571,-637,-653,-624,-551,-430,-270,-93,100,295,472,612,707,760,750,676,555,391,183,-39,-259,-466,-642,-761,-822,-823,-760,-634,-460,-247,-8,224,436,615,744,821,833,776,666,502,292,75,-148,-363,-556,-703,-793,-828,-798,-708,-568,-380,-163,-273,280,487,650,764,831,830,769,644,468,268,41,-195,-414,-603,-755,-851,-877,-843,-741,-579,-373,-130,133,374,590,775,893,942,920,820,658,445,187,-86,-360,-605,-807,-944,-1011,-994,-894,-720,-481,-209,82,374,641,845,980,1045,1024,913,727,472,178,-127,-413,-669,-870,-995,-1036,-988,-851,-648,-400,-119,172,443,669,839,930,946,881,735,534,291,32,-221,-453,-641,-764,-821,-806,-725,-584,-400,-193,30,235,419,557,642,674,644,567,441,285,112,-62,-233,-384,-489,-549,-567,-530,-440,-315,-165,0,166,311,420,483,492,448,350,212,49,-112,-251,-344,-378,-345,-257,-143,644,721,-546,917,1168,153,91,5,-93,-186,-254,-284,-274,-228,-154,-58,45,146,232,293,320,314,280,215,136,40,-63,-157,-244,-310,-352,-355,-329,-278,-203,-105,8,122,230,323,392,423,413,373,288,178,53,-78,-204,-315,-403,-451,-455,-416,-352,-253,-129,1,134,260,353,413,443,426,381,315,214,103,-17,-134,-231,-314,-368,-398,-399,-358,-294,-214,-120,-9,104,199,281,341,369,376,346,289,212,121,20,-81,-173,-246,-302,-333,-335,-320,-265,-200,-119,-29,57,129,192,248,276,280,269,231,184,128,63,-9,-76,-128,-172,-203,-213,-211,-194,-169,-134,-86,-42,-4,39,75,109,139,-730,177,182,182,167,145,107,49,0,-60,-119,-165,-206,-233,-237,-225,-197,-144,-93,-21,50,119,172,204,227,227,212,182,139,87,31,-26,-75,-114,-149,-165,-173,-173,-159,-142,-115,-85,-53,-18,16,50,81,117,140,159,169,175,169,144,118,84,43,-8,-66,-127,-178,-213,-236,-235,-225,-196,-151,-93,-24,43,106,168,217,250,265,255,228,186,131,66,1,-66,-129,-181,-217,-239,-248,-242,-219,-182,-138,-76,-9,60,121,177,224,252,267,258,232,192,141,78,7,-61,-130,-188,-234,-261,-269,-263,-236,-192,-137,-74,-2,65,130,187,231,262,273,272,247,207,-200,204,-175,-295,-503,-226,-176,-106,-27,56,137,212,278,323,353,351,322,282,218,129,30,-83,-186,-280,-355,-416,-438,-425,-384,-312,-214,-96,32,164,282,380,453,493,494,457,393,293,159,24,-112,-249,-368,-457,-509,-528,-508,-456,-364,-248,-119,23,158,286,399,484,534,546,517,455,363,250,115,-30,-181,-317,-434,-526,-586,-605,-583,-519,-416,-282,-121,58,232,398,540,638,694,709,667,568,421,246,41,-177,-379,-546,-686,-778,-802,-767,-674,-522,-323,-103,126,350,544,701,806,847,809,713,565,377,160,-78,-306,-503,-672,-779,-820,-812,-744,-617,-439,-233,-12,218,425,604,736,810,-1322,782,676,514,325,106,-126,-345,-543,-693,-794,-853,-836,-753,-613,-430,-206,32,270,495,683,821,901,906,833,717,532,292,31,-237,-486,-694,-862,-961,-984,-924,-789,-593,-345,-69,224,498,734,909,1008,1032,976,829,605,342,53,-245,-521,-762,-945,-1037,-1040,-958,-802,-575,-298,1,298,563,776,923,995,981,876,707,481,216,-56,-330,-562,-746,-858,-895,-852,-740,-568,-355,-119,120,346,528,658,729,741,690,583,427,246,49,-141,-319,-465,-565,-611,-604,-553,-449,-308,-153,14,184,329,439,508,530,501,417,291,136,-30,-193,-326,-416,-448,-422,-341,-214,-62,86,200,258,338,138,1197,979,655,-133,-201,-238,-238,-193,-113,-10,97,190,264,302,306,274,214,131,33,-65,-161,-240,-302,-337,-333,-303,-244,-169,-70,39,143,238,315,368,385,373,327,253,148,22,-104,-227,-331,-402,-438,-438,-401,-325,-223,-93,44,170,286,381,437,453,435,375,280,172,40,-89,-198,-299,-372,-411,-419,-386,-332,-252,-159,-59,56,168,256,328,373,392,378,331,263,166,65,-37,-141,-230,-302,-349,-368,-349,-308,-241,-163,-71,22,115,197,253,295,312,300,271,224,161,78,3,-69,-137,-189,-225,-250,-253,-231,-198,-153,-98,-41,13,66,107,144,170,180,185,177,160,139,106,-128,35,-11,-55,-101,-144,-186,-209,-209,-207,-185,-153,-111,-48,21,83,152,197,231,253,245,222,173,120,54,-14,-74,-127,-166,-195,-207,-203,-180,-155,-119,-74,-35,10,51,82,115,134,146,153,151,147,138,120,87,57,21,-18,-70,-117,-153,-182,-197,-205,-200,-179,-140,-96,-38,27,88,148,197,236,255,254,234,202,147,86,14,-59,-124,-183,-227,-251,-258,-252,-224,-178,-123,-66,-4,60,121,165,211,240,255,248,227,192,141,82,14,-58,-126,-183,-229,-260,-268,-259,-234,-192,-137,-71,-4,66,130,188,229,262,275,265,242,200,148,85,13,-59,-133,-191,1330,1330
28912,mtk,MTK 7916,2777526805,rx0-tx1,512,-144,-389,-304,-755,-566,-332,-77,180,424,646,831,954,1019,1005,909,764,562,315,48,-229,-486,-720,-895,-1009,-1055,-1031,-923,-753,-529,-269,9,297,566,792,960,1069,1099,1051,933,750,505,219,-82,-374,-643,-874,-1048,-1143,-1156,-1084,-928,-711,-444,-137,181,482,746,967,1110,1174,1146,1050,875,637,359,52,-255,-541,-788,-977,-1107,-1152,-1122,-1015,-844,-607,-327,-18,288,571,820,1013,1138,1186,1139,1021,822,558,266,-54,-377,-666,-916,-1112,-1207,-1217,-1144,-979,-742,-448,-124,211,528,803,1024,1165,1212,1166,1037,829,567,253,-74,-384,-657,-881,-1042,-1116,-1116,-1037,-877,-657,-392,-110,177,454,694,879,146,1049,1024,931,767,555,307,32,-246,-506,-728,-897,-1007,-1039,-996,-883,-713,-489,-219,70,351,607,825,979,1056,1063,988,836,627,361,69,-223,-498,-750,-938,-1058,-1106,-1069,-943,-746,-491,-201,102,407,675,888,1045,1124,1118,1012,838,596,308,-4,-330,-626,-871,-1039,-1120,-1131,-1043,-871,-625,-331,-17,297,582,823,998,1085,1079,988,819,580,299,-2,-308,-574,-780,-923,-981,-958,-853,-685,-462,-210,50,293,506,667,769,808,776,681,531,348,148,-57,-259,-435,-571,-653,-672,-633,-538,-405,-239,-52,136,305,437,532,563,540,459,332,169,-13,-184,-323,-411,-432,-388,-292,-157,-21,-388,-443,0,-142,-71,44,-101,-258,-380,-450,-455,-391,-267,-99,80,250,392,492,535,533,472,362,222,58,-107,-267,-406,-509,-574,-592,-561,-478,-355,-204,-26,157,334,491,607,683,702,671,580,440,258,39,-180,-391,-586,-734,-830,-857,-815,-705,-528,-304,-44,227,487,711,877,968,982,907,769,565,308,26,-263,-527,-757,-920,-1014,-1025,-954,-810,-608,-358,-71,226,506,741,912,1018,1039,988,856,653,401,114,-174,-446,-678,-856,-977,-1016,-972,-857,-687,-466,-215,48,309,541,733,880,953,953,887,762,588,360,113,-140,-387,-601,-773,-895,-954,-946,-870,-731,-541,-305,-47,212,467,690,862,979,-411,997,893,722,502,235,-56,-348,-618,-840,-1002,-1104,-1122,-1052,-898,-678,-400,-95,229,533,805,1023,1159,1208,1158,1030,817,539,222,-114,-438,-723,-965,-1127,-1209,-1194,-1094,-915,-674,-381,-56,256,556,813,1002,1132,1181,1131,1004,809,570,298,-7,-311,-594,-835,-1010,-1111,-1140,-1096,-972,-779,-528,-244,51,339,616,856,1028,1130,1156,1096,965,761,498,203,-113,-424,-701,-925,-1083,-1171,-1172,-1073,-918,-697,-411,-99,220,516,780,990,1117,1157,1127,1013,822,573,288,-15,-329,-604,-824,-994,-1089,-1106,-1041,-897,-699,-446,-167,123,401,644,838,973,1038,1027,946,798,594,348,83,-184,-431,-654,-167,-190,147,200,314,622,806,930,984,973,895,755,559,326,71,-204,-463,-681,-865,-984,-1035,-1015,-923,-765,-545,-293,-17,264,530,756,930,1036,1073,1037,923,743,512,244,-49,-333,-598,-828,-1004,-1109,-1132,-1071,-942,-743,-484,-184,128,435,706,925,1087,1168,1165,1070,911,681,401,91,-221,-511,-776,-974,-1110,-1170,-1137,-1027,-850,-615,-337,-27,276,557,801,991,1115,1161,1126,1014,836,588,304,-8,-319,-611,-871,-1054,-1172,-1207,-1150,-1004,-796,-520,-199,128,454,750,983,1142,1218,1207,1100,916,659,351,22,-302,-604,-855,-1046,-1160,-1176,-1104,-950,-736,-467,-165,132,426,684,883,1018,1074,1061,972,812,592,206,63,-216,-476,-704,-876,-990,-1037,-1004,-903,-736,-522,-265,18,296,546,760,927,1029,1048,992,864,670,421,147,-137,-425,-676,-883,-1023,-1080,-1055,-965,-801,-565,-295,1,305,583,816,989,1090,1112,1048,892,676,413,109,-208,-512,-770,-971,-1091,-1139,-1098,-964,-752,-471,-168,150,463,737,949,1075,1121,1078,950,746,476,169,-144,-442,-699,-895,-1015,-1053,-1003,-855,-645,-389,-109,172,428,641,798,876,885,818,691,510,294,62,-169,-374,-542,-660,-717,-721,-665,-554,-398,-208,-9,185,355,489,579,615,591,512,389,230,47,-131,-296,-423,-501,-514,-462,-356,-204,-36,119,240,307,306,-203,-67,0,-141,-185,-341,-362,-314,-201,-48,127,293,426,502,512,462,361,212,49,-118,-284,-416,-512,-560,-556,-504,-409,-275,-118,53,224,376,497,589,635,627,569,458,308,125,-71,-262,-448,-599,-714,-771,-760,-702,-575,-390,-171,74,317,548,734,862,927,915,824,664,438,170,-124,-404,-646,-844,-966,-1016,-979,-869,-689,-453,-182,105,382,632,834,976,1041,1023,921,749,517,240,-54,-342,-609,-817,-966,-1032,-1022,-929,-767,-556,-298,-17,260,509,716,877,963,980,925,802,630,409,151,-108,-353,-575,-757,-885,-944,-942,-875,-740,-552,-332,-80,174,420,636,806,923,974,961,878,725,518,272,-92,-274,-533,-757,-932,-1045,-1078,-1028,-902,-704,-456,-175,133,433,706,930,1087,1167,1157,1050,872,619,320,-9,-333,-635,-898,-1090,-1196,-1214,-1132,-972,-744,-455,-137,196,509,780,994,1140,1191,1160,1050,853,607,324,11,-299,-584,-824,-1003,-1118,-1159,-1111,-991,-795,-543,-259,33,330,605,838,1015,1120,1140,1092,969,770,518,235,-72,-373,-651,-889,-1060,-1156,-1171,-1101,-948,-728,-462,-155,173,477,739,962,1113,1176,1153,1049,873,630,341,37,-266,-561,-812,-997,-1103,-1140,-1091,-952,-755,-507,-216,77,371,628,843,995,1070,1070,992,845,639,391,119,-159,-418,-652,-836,-956,-1009,-987,-900,-756,100,17
28913,mtk,MTK 7916,2777526805,rx1-tx0,512,0,-337,-223,793,711,593,432,234,26,-189,-385,-552,-689,-772,-798,-776,-705,-590,-431,-242,-37,178,371,549,697,793,837,828,766,643,474,277,57,-183,-411,-612,-775,-883,-934,-915,-833,-705,-513,-279,-31,228,487,712,894,1022,1067,1038,938,763,533,259,-46,-363,-656,-904,-1087,-1203,-1222,-1148,-982,-736,-433,-101,258,600,901,1135,1279,1321,1267,1118,881,563,201,-167,-525,-838,-1075,-1248,-1321,-1290,-1166,-953,-657,-328,26,371,688,967,1162,1269,1286,1203,1029,777,472,133,-218,-548,-838,-1066,-1211,-1263,-1216,-1076,-862,-582,-248,100,431,732,976,1134,1209,1196,1085,892,637,331,-2,-330,-624,-874,-136,-1142,-1149,-1060,-893,-663,-386,-82,227,517,758,947,1060,1079,1023,891,697,449,165,-128,-413,-652,-839,-964,-1009,-975,-867,-693,-473,-214,51,297,533,727,857,922,908,817,678,501,279,43,-188,-411,-593,-717,-795,-808,-760,-659,-516,-340,-143,61,255,433,567,658,705,711,656,555,420,252,72,-112,-300,-460,-575,-652,-683,-671,-603,-489,-331,-147,47,239,396,531,621,665,649,578,464,317,140,-40,-214,-366,-491,-564,-586,-570,-500,-396,-261,-102,57,219,347,450,510,522,486,410,295,159,5,-144,-273,-377,-436,-446,-407,-320,-213,-76,66,190,280,320,309,257,166,65,-254,-355,0,239,148,-199,-167,-99,-3,104,194,263,296,290,249,180,86,-13,-99,-188,-258,-299,-312,-305,-261,-205,-139,-54,41,131,216,283,330,364,374,348,293,208,108,-10,-135,-260,-375,-458,-511,-527,-497,-421,-306,-143,32,204,375,523,626,678,677,606,487,324,127,-76,-294,-490,-634,-732,-780,-759,-671,-531,-343,-123,103,320,526,689,790,841,815,738,599,396,170,-76,-318,-539,-721,-845,-909,-903,-814,-662,-453,-196,66,325,569,754,886,954,939,858,705,488,246,-16,-296,-544,-746,-891,-963,-963,-889,-745,-535,-292,-17,252,502,715,869,955,961,896,775,592,357,96,-173,-423,236,-817,-927,-972,-943,-842,-680,-472,-227,45,308,546,755,902,991,1002,936,800,603,361,84,-200,-466,-704,-885,-999,-1039,-999,-893,-708,-474,-210,71,336,590,799,953,1036,1036,970,827,629,382,107,-170,-446,-684,-879,-1016,-1071,-1060,-966,-809,-586,-308,-17,273,552,794,985,1094,1130,1074,948,756,497,197,-115,-424,-699,-924,-1080,-1161,-1160,-1059,-877,-636,-341,-16,299,593,854,1041,1137,1155,1094,938,716,452,141,-172,-465,-721,-921,-1048,-1097,-1067,-954,-774,-536,-258,21,305,554,759,907,987,993,932,799,616,383,129,-131,-375,-592,-761,-870,-919,-895,-814,-668,-478,-256,-23,208,166,251,0,-196,-323,-186,-392,-561,-697,-779,-809,-783,-705,-584,-424,-229,-27,176,371,547,683,771,811,797,725,616,453,260,48,-168,-382,-574,-722,-822,-881,-880,-801,-678,-496,-277,-41,210,439,653,834,943,989,974,892,738,534,281,-4,-291,-566,-804,-990,-1108,-1153,-1103,-970,-766,-504,-201,134,472,776,1026,1192,1274,1273,1154,949,666,328,-33,-393,-725,-1009,-1215,-1317,-1323,-1231,-1034,-767,-450,-88,276,613,911,1134,1264,1303,1240,1095,869,570,238,-121,-466,-773,-1019,-1187,-1267,-1250,-1142,-952,-688,-370,-25,327,645,917,1115,1229,1243,1164,1001,753,448,120,-220,-540,-808,-1013,-1145,-1189,-1129,-990,-780,1335,-201,124,431,697,911,1057,1118,1090,974,794,563,277,-24,-318,-584,-805,-962,-1039,-1039,-955,-797,-588,-331,-49,228,488,697,855,950,957,903,783,600,377,124,-137,-372,-567,-719,-825,-862,-840,-753,-599,-409,-199,26,243,437,584,690,736,737,695,599,457,284,99,-94,-280,-433,-562,-650,-688,-681,-624,-515,-381,-213,-30,162,337,490,598,664,681,639,540,407,236,52,-134,-311,-453,-562,-623,-626,-586,-498,-364,-203,-39,132,289,410,501,548,555,505,412,289,142,-14,-168,-301,-402,-468,-487,-455,-386,-276,-136,10,154,272,355,400,387,324,220,94,-28,-134,-208,-222,297,152,0,139,232,82,159,226,262,254,204,126,23,-82,-177,-253,-299,-304,-288,-250,-181,-96,-8,87,174,237,289,323,329,306,264,195,121,28,-77,-181,-277,-356,-408,-438,-430,-388,-309,-197,-67,81,235,371,494,577,607,588,522,397,231,48,-152,-350,-516,-647,-720,-734,-691,-576,-415,-231,-14,214,419,593,723,794,805,749,634,459,256,30,-203,-427,-631,-777,-862,-882,-835,-717,-534,-307,-61,202,445,655,822,914,933,889,762,575,351,89,-181,-434,-662,-828,-931,-969,-924,-797,-621,-396,-139,134,397,637,814,926,972,941,837,667,445,187,-86,-343,-575,-766,-898,-960,-947,-860,-351,-524,-285,-26,237,479,691,853,956,984,928,821,644,417,159,-123,-392,-633,-822,-954,-1018,-1009,-923,-765,-542,-282,2,277,539,764,924,1013,1030,976,852,659,420,150,-128,-398,-643,-840,-979,-1042,-1034,-958,-805,-607,-351,-67,219,489,730,921,1048,1091,1067,966,789,548,260,-46,-349,-621,-852,-1031,-1126,-1145,-1078,-925,-707,-433,-125,198,520,784,991,1130,1174,1130,1008,804,532,232,-81,-393,-680,-895,-1048,-1127,-1112,-1019,-851,-617,-343,-52,240,511,742,920,1018,1047,1001,873,684,450,184,-86,-348,-578,-766,-895,-954,-945,-870,-736,-548,-320,-70,182,410,607,753,843,869,830,-232,-124
28914,mtk,MTK 7916,2777526805,rx1-tx1,512,0,0,0,-596,-674,-577,-331,1,335,578,669,586,351,27,-308,-561,-660,-587,-358,-28,306,560,671,600,365,29,-319,-582,-693,-618,-375,-28,335,618,735,659,402,29,-357,-654,-780,-704,-442,-52,366,691,842,770,491,73,-372,-727,-902,-848,-567,-128,353,749,960,930,654,200,-316,-755,-1004,-1001,-750,-301,229,702,997,1049,829,400,-131,-628,-966,-1060,-884,-482,41,548,909,1040,903,537,30,-472,-850,-1007,-904,-561,-78,413,795,971,887,577,121,-362,-748,-934,-876,-584,-136,344,727,921,875,601,165,-313,-708,-921,-893,-626,-197,281,692,927,920,670,242,-251,-677,-925,-944,-723,0,206,654,940,987,775,358,-155,-634,-953,-1028,-843,-441,80,588,955,1077,926,538,4,-546,-963,-1135,-1023,-657,-114,466,940,1183,1134,794,252,-355,-877,-1189,-1208,-925,-409,214,792,1176,1268,1043,558,-65,-672,-1117,-1293,-1139,-701,-86,554,1062,1308,1228,841,254,-400,-967,-1300,-1315,-1007,-451,216,826,1237,1357,1152,665,25,-618,-1110,-1340,-1253,-865,-282,358,906,1231,1260,1003,515,-85,-647,-1045,-1185,-1050,-674,-161,381,810,1038,1016,763,341,-146,-580,-863,-939,-798,-477,-59,359,679,832,792,577,243,-134,-467,-692,-763,-674,-448,-138,188,462,635,680,602,430,201,-35,-233,-366,-424,0,0,0,0,0,95,203,284,333,331,271,149,-11,-185,-332,-422,-436,-360,-205,1,208,379,477,474,363,165,-74,-308,-476,-544,-485,-310,-55,215,444,574,571,437,198,-102,-386,-581,-638,-550,-332,-24,305,553,677,647,464,164,-182,-487,-684,-719,-580,-300,47,383,637,735,652,423,95,-267,-551,-691,-671,-490,-192,145,444,626,644,504,249,-69,-363,-559,-607,-499,-263,29,319,519,574,477,265,-15,-293,-494,-564,-489,-286,-4,275,481,565,500,304,27,-258,-478,-574,-526,-345,-71,227,462,580,554,386,121,-171,-421,-562,-560,-418,-169,126,378,531,543,415,184,-93,-345,-504,-531,0,-176,96,345,502,520,403,181,-102,-361,-522,-544,-421,-188,98,362,542,575,454,215,-84,-367,-554,-596,-483,-241,68,365,569,623,517,274,-52,-370,-591,-663,-561,-307,38,376,621,711,620,365,8,-356,-630,-752,-684,-435,-73,313,626,781,730,498,148,-246,-583,-771,-765,-563,-221,171,518,727,754,593,281,-101,-445,-665,-714,-586,-312,42,374,592,652,540,286,-36,-335,-538,-589,-480,-248,47,330,519,554,440,209,-81,-346,-516,-545,-420,-180,109,372,538,556,427,179,-123,-397,-571,-593,-452,-190,121,403,585,623,491,229,-94,-400,-601,-644,-526,-269,64,384,600,0,0,0,0,0,310,-16,-344,-584,-673,-589,-351,-16,321,569,665,589,359,34,-304,-561,-666,-588,-356,-28,311,574,684,607,366,27,-330,-602,-713,-637,-387,-26,347,633,757,680,418,42,-357,-671,-813,-735,-460,-54,372,712,869,803,526,101,-359,-738,-934,-889,-604,-161,332,750,982,967,705,256,-269,-726,-1003,-1031,-795,-352,183,670,987,1054,859,445,-85,-593,-945,-1050,-893,-511,0,510,883,1026,902,551,65,-438,-819,-982,-892,-570,-106,383,768,948,877,576,124,-358,-746,-935,-874,-586,-144,332,721,926,885,613,182,-301,-704,-923,-902,-646,-221,266,686,932,936,698,273,-222,-659,0,-964,-745,-327,178,638,943,1006,808,397,-122,-614,-955,-1054,-885,-487,42,572,960,1108,981,602,62,-507,-953,-1162,-1078,-721,-178,415,912,1189,1168,855,327,-289,-838,-1183,-1237,-988,-483,147,738,1145,1277,1089,633,11,-619,-1089,-1292,-1180,-773,-162,493,1017,1289,1258,918,341,-324,-911,-1277,-1338,-1075,-553,106,739,1194,1355,1198,768,159,-492,-1017,-1289,-1264,-941,-404,217,777,1146,1236,1034,599,44,-510,-930,-1115,-1038,-730,-255,263,704,958,977,780,419,-29,-463,-771,-889,-798,-530,-153,243,575,770,783,625,337,-12,-344,-593,-723,-700,-539,-287,1,267,469,577,578,486,340,167,0,0,0,0,0,-243,-202,-126,-12,127,262,359,401,370,267,106,-85,-270,-407,-467,-427,-292,-88,144,352,485,512,424,237,-12,-261,-462,-564,-530,-374,-131,155,419,584,611,499,265,-38,-339,-572,-671,-603,-393,-90,242,527,690,688,523,231,-114,-438,-663,-734,-624,-365,-22,320,586,716,670,459,144,-200,-492,-652,-655,-502,-230,103,399,586,623,502,256,-52,-341,-534,-585,-487,-265,27,305,502,569,488,276,-4,-285,-489,-561,-487,-285,-7,272,482,571,512,318,41,-247,-477,-583,-544,-364,-90,205,446,576,558,398,144,-145,-397,-546,-553,-415,-173,105,352,503,526,410,181,-97,0,-503,-514,-397,-174,103,352,510,534,414,181,-103,-361,-527,-559,-442,-203,89,362,547,588,474,234,-77,-371,-565,-618,-508,-255,65,367,584,649,539,284,-48,-372,-605,-686,-585,-329,20,371,634,734,650,393,32,-334,-624,-769,-716,-473,-104,289,604,770,748,539,186,-217,-557,-752,-758,-577,-250,135,484,700,734,586,294,-67,-410,-632,-681,-558,-295,34,344,555,617,512,266,-43,-328,-521,-571,-460,-230,62,334,513,546,428,191,-97,-360,-522,-542,-419,-177,119,386,551,569,434,184,-125,-403,-580,-606,-473,-210,112,406,596,632,505,245,-88,-398,-608,-659,-541,-284,0,0
28915,mtk,MTK 7916,2777526805,rx2-tx0,512,0,0,0,-509,-729,-764,-605,-299,83,446,696,767,645,363,-4,-372,-643,-747,-659,-408,-53,308,589,711,648,424,92,-258,-530,-662,-628,-427,-117,217,484,623,597,410,121,-196,-451,-582,-563,-391,-116,180,424,555,533,361,96,-190,-418,-531,-493,-325,-74,194,415,515,465,285,27,-231,-431,-516,-462,-272,-9,256,459,540,465,262,-11,-286,-489,-564,-491,-283,7,292,501,583,507,295,4,-284,-500,-587,-523,-320,-37,264,495,590,526,328,48,-247,-474,-577,-525,-340,-63,232,465,571,525,343,71,-216,-444,-555,-520,-350,-83,206,439,555,527,352,88,-195,-427,-543,-522,-364,0,185,416,541,521,361,106,-180,-418,-540,-521,-364,-101,196,438,564,539,377,109,-197,-464,-608,-584,-409,-130,191,468,636,645,479,177,-170,-481,-677,-700,-536,-233,136,487,715,765,619,314,-78,-463,-738,-823,-702,-402,8,430,753,892,809,528,103,-357,-735,-938,-910,-668,-254,227,655,923,978,797,416,-64,-528,-868,-1002,-897,-586,-135,347,744,960,945,710,312,-152,-568,-848,-922,-777,-459,-45,378,700,848,796,560,204,-184,-523,-731,-763,-623,-352,-3,336,584,693,647,457,173,-135,-404,-573,-622,-535,-341,-92,164,377,505,525,449,301,116,-73,-225,-320,-349,-320,0,0,0,0,0,-22,88,198,298,368,379,318,192,17,-170,-333,-447,-479,-414,-258,-47,181,379,501,520,424,234,-21,-272,-463,-556,-529,-378,-133,151,399,555,584,481,260,-23,-303,-518,-615,-564,-381,-101,202,462,615,622,476,218,-87,-369,-558,-613,-524,-306,-13,277,490,579,526,350,79,-202,-424,-539,-516,-359,-121,144,364,486,478,344,126,-116,-325,-449,-447,-329,-125,112,315,432,425,297,93,-137,-338,-449,-435,-307,-90,155,363,479,471,334,101,-156,-377,-506,-510,-378,-147,126,369,519,534,411,182,-96,-351,-519,-554,-444,-221,61,331,516,569,473,249,-47,-328,-527,-595,0,-289,13,312,532,612,538,326,23,-296,-535,-639,-577,-364,-56,273,535,659,610,401,88,-249,-528,-669,-632,-432,-122,226,517,678,659,469,155,-209,-523,-697,-690,-504,-184,188,518,716,730,555,234,-157,-505,-725,-759,-598,-278,115,478,724,781,632,320,-75,-452,-712,-787,-656,-356,31,406,681,774,670,392,13,-367,-645,-756,-671,-413,-43,334,611,730,653,402,50,-309,-587,-703,-635,-410,-72,293,577,699,637,407,73,-280,-555,-683,-630,-414,-88,264,545,676,631,420,99,-252,-538,-681,-640,-429,-105,248,538,690,664,461,136,-229,-537,-704,-692,-503,-182,193,516,0,0,0,0,0,575,258,-128,-477,-711,-770,-636,-336,49,415,668,756,659,391,24,-345,-614,-721,-649,-418,-82,272,556,687,635,419,100,-238,-506,-640,-611,-421,-125,201,471,611,584,405,125,-182,-434,-565,-545,-381,-111,178,412,533,510,343,84,-196,-418,-519,-479,-311,-56,214,424,517,466,285,20,-249,-452,-532,-464,-270,-3,269,469,542,473,269,-15,-293,-493,-569,-492,-285,-3,290,505,586,517,315,27,-272,-499,-591,-525,-323,-41,254,480,576,527,339,55,-238,-468,-576,-530,-340,-67,222,458,572,528,346,76,-211,-447,-560,-524,-354,-91,198,429,544,518,357,106,-179,-424,0,-519,-356,-101,182,413,534,514,357,100,-186,-424,-554,-534,-369,-103,193,445,583,566,398,118,-195,-466,-617,-610,-439,-151,183,481,662,670,504,209,-154,-482,-693,-728,-575,-268,116,478,733,793,654,353,-47,-450,-743,-849,-750,-452,-36,402,750,920,858,587,169,-299,-710,-949,-956,-731,-335,149,596,907,1002,857,503,37,-434,-805,-980,-924,-655,-225,251,657,907,933,741,389,-51,-474,-776,-888,-796,-521,-127,289,623,801,790,603,284,-90,-429,-663,-741,-647,-413,-94,234,497,639,638,500,264,-22,-294,-488,-573,-544,-408,-200,30,242,387,450,439,359,227,83,-48,0,0,0,0,0,-258,-283,-251,-167,-45,107,262,383,443,423,322,151,-60,-266,-425,-505,-481,-352,-143,103,330,492,547,484,308,59,-207,-427,-552,-556,-432,-205,87,359,545,607,529,322,36,-256,-491,-615,-593,-427,-160,148,422,593,620,503,271,-30,-315,-524,-606,-536,-332,-56,228,452,561,523,355,98,-173,-393,-510,-497,-362,-131,128,346,464,464,341,122,-120,-326,-443,-436,-313,-111,124,323,431,427,305,95,-145,-350,-463,-450,-318,-94,159,373,493,486,352,126,-139,-376,-520,-528,-395,-161,113,361,522,546,430,206,-77,-344,-520,-560,-454,-231,54,331,522,578,484,258,-34,0,-534,-604,-519,-301,-3,300,538,635,564,349,42,-278,-531,-647,-597,-389,-76,258,524,656,618,416,101,-239,-521,-673,-647,-449,-130,223,523,689,674,486,168,-196,-516,-706,-707,-528,-210,170,514,724,746,572,247,-136,-492,-727,-773,-615,-295,102,468,713,780,642,337,-56,-431,-694,-782,-665,-374,8,388,662,764,669,401,23,-353,-626,-739,-660,-406,-51,311,589,717,653,413,62,-298,-582,-710,-646,-408,-67,291,572,696,634,408,78,-273,-556,-687,-633,-414,-91,260,541,679,635,423,99,-253,-537,-687,-660,-453,-123,237,534,696,675,477,153,-216,-531,-713,-711,-525,0,0
28916,mtk,MTK 7916,2777526805,rx2-tx1,512,0,0,0,418,600,627,495,248,-63,-366,-578,-648,-563,-340,-30,288,531,640,592,404,113,-210,-480,-627,-614,-455,-188,127,403,581,616,491,239,-68,-352,-555,-620,-518,-283,20,319,538,620,551,347,56,-252,-499,-621,-588,-416,-148,161,425,584,600,471,233,-55,-329,-512,-562,-475,-280,-21,236,426,509,469,312,81,-156,-346,-448,-441,-327,-133,84,263,371,387,316,172,-11,-179,-290,-325,-279,-172,-33,109,216,263,230,150,44,-65,-149,-190,-178,-120,-41,48,117,149,140,103,41,-28,-81,-103,-95,-68,-25,23,46,59,58,42,10,-21,-39,-43,-29,0,21,33,32,0,-9,-34,-48,-50,-42,-22,10,42,64,67,49,15,-23,-56,-78,-77,-55,-20,22,61,88,87,62,24,-21,-66,-88,-82,-51,-4,43,75,86,70,26,-38,-96,-126,-123,-89,-27,61,139,188,194,147,55,-52,-168,-256,-284,-248,-149,-2,153,273,336,334,248,95,-86,-246,-361,-398,-346,-213,-27,176,336,415,402,297,130,-68,-258,-390,-428,-361,-215,-22,175,326,402,389,287,119,-82,-261,-371,-397,-335,-196,-19,161,306,377,352,255,109,-58,-212,-316,-344,-294,-186,-39,116,237,301,305,246,142,15,-113,-220,-281,-283,-232,-151,-52,51,132,178,190,175,0,0,0,0,0,-74,-125,-154,-165,-151,-108,-39,42,125,196,235,228,178,93,-16,-125,-215,-267,-263,-205,-106,23,151,238,282,270,197,76,-62,-190,-272,-298,-251,-151,-17,117,230,292,285,216,103,-39,-169,-254,-287,-256,-162,-31,99,196,245,239,177,69,-46,-142,-197,-197,-151,-74,14,95,145,148,116,55,-22,-89,-122,-114,-71,-10,45,87,99,76,30,-37,-99,-132,-123,-80,-6,74,143,184,177,112,8,-104,-198,-248,-233,-155,-36,97,220,289,290,217,88,-73,-226,-327,-353,-289,-144,41,219,351,409,371,236,42,-164,-348,-448,-432,-316,-117,117,329,460,479,382,0,-51,-282,-453,-519,-455,-273,-17,244,446,541,513,355,108,-170,-412,-555,-558,-423,-189,89,353,528,574,482,269,2,-274,-488,-585,-531,-346,-74,213,441,557,541,391,137,-144,-378,-518,-530,-412,-190,80,323,484,518,424,221,-34,-277,-440,-480,-405,-239,-11,222,389,450,389,237,27,-183,-340,-410,-370,-224,-26,173,321,367,320,188,9,-174,-303,-346,-291,-162,13,185,301,333,273,133,-45,-206,-316,-337,-264,-112,74,245,352,364,279,112,-87,-274,-394,-406,-308,-132,90,304,446,474,376,180,-67,-309,-480,-534,-459,-264,2,274,480,574,529,353,83,-211,-453,0,0,0,0,0,-456,-198,113,399,588,644,542,300,-23,-335,-557,-652,-590,-378,-75,244,502,635,605,427,151,-160,-439,-603,-611,-471,-216,95,381,569,618,507,264,-42,-335,-545,-614,-532,-317,-22,280,512,622,575,386,105,-204,-463,-604,-600,-452,-198,104,376,549,588,487,263,-27,-289,-471,-542,-480,-305,-62,190,396,489,454,318,120,-104,-297,-411,-412,-317,-155,36,218,331,359,304,180,9,-150,-258,-292,-258,-167,-38,89,187,227,207,146,51,-53,-132,-167,-155,-105,-36,37,95,122,116,79,29,-20,-63,-87,-84,-56,-16,19,46,52,37,18,-2,-21,-36,-33,-11,13,0,46,37,14,-10,-33,-53,-62,-47,-13,26,51,64,64,52,21,-21,-68,-89,-85,-61,-22,24,61,77,68,42,7,-35,-68,-84,-75,-39,13,68,97,102,78,15,-54,-110,-154,-163,-118,-37,60,154,222,237,191,98,-29,-167,-277,-320,-287,-188,-41,120,271,364,375,300,152,-39,-229,-369,-421,-379,-258,-75,122,300,410,418,332,176,-20,-220,-367,-419,-374,-254,-69,126,292,389,401,314,159,-28,-211,-341,-388,-344,-230,-65,114,262,349,359,284,146,-9,-160,-277,-328,-306,-219,-86,61,187,270,298,271,191,78,-45,-148,-219,-254,-244,-191,-120,-45,28,0,0,0,0,0,104,73,23,-37,-104,-166,-205,-209,-179,-118,-24,82,174,237,261,230,153,46,-76,-189,-265,-283,-241,-151,-23,109,216,279,282,220,108,-27,-157,-259,-303,-275,-189,-62,78,205,281,291,237,126,-12,-141,-230,-269,-245,-165,-59,59,159,218,221,169,78,-27,-108,-158,-172,-137,-66,13,84,124,132,95,34,-33,-82,-98,-88,-57,5,66,108,109,78,17,-57,-121,-149,-139,-90,-3,92,168,208,200,134,19,-105,-212,-273,-266,-195,-70,84,227,312,324,258,125,-52,-220,-342,-380,-329,-190,-7,191,350,429,407,276,75,-142,-332,-456,-464,-353,-154,90,316,0,500,420,238,-8,-255,-447,-536,-486,-308,-57,203,425,550,539,388,146,-130,-382,-547,-577,-463,-236,50,320,521,594,522,317,35,-249,-471,-574,-529,-362,-117,161,400,532,530,399,167,-109,-354,-504,-527,-414,-201,61,298,458,499,416,228,-19,-251,-408,-465,-405,-240,-21,201,364,427,379,230,26,-178,-326,-378,-330,-202,-21,167,306,361,311,179,5,-170,-303,-345,-283,-147,28,195,308,338,274,128,-58,-232,-339,-351,-266,-106,85,259,373,385,286,111,-99,-294,-420,-443,-348,-158,83,307,459,499,414,218,-35,-291,-480,-553,-492,-307,-33,252,472,584,554,384,0,0
28917,mtk,MTK 7916,2777533717,rx0-tx0,512,0,0,0,0,0,0,0,0,0,0,0,0,0,0,0,0,0,0,0,0,0,0,0,0,0,0,0,0,0,0,0,0,0,0,0,0,0,0,0,0,0,0,0,0,0,0,0,0,0,0,0,0,0,0,0,0,0,0,0,0,0,0,0,0,0,0,0,0,0,0,0,0,0,0,0,0,0,0,0,0,0,0,0,0,0,0,0,0,0,0,0,0,0,0,0,0,0,0,0,0,0,0,0,0,0,0,0,0,0,0,0,0,0,0,0,0,0,0,0,0,0,0,0,0,0,0,0,0,0,0,0,0,0,0,0,0,0,0,0,0,0,0,0,0,0,0,0,0,0,0,0,0,0,0,0,0,0,0,0,0,0,0,0,0,0,0,0,0,0,0,0,0,0,0,0,0,0,0,0,0,0,0,0,0,0,0,0,0,0,0,0,0,0,0,0,0,0,0,0,0,0,0,0,0,0,0,0,0,0,0,0,0,0,0,0,0,0,0,0,0,0,0,0,0,0,0,0,0,0,0,0,0,0,0,0,0,0,0,0,0,0,0,0,0,0,0,0,0,0,0,0,0,0,0,0,0,-273,-754,-667,293,311,249,127,-21,-176,-310,-410,-466,-481,-454,-384,-287,-156,-14,134,285,418,530,610,646,643,592,500,360,187,0,-202,-395,-563,-704,-795,-849,-842,-774,-654,-493,-314,-98,121,329,526,686,814,892,936,915,839,728,582,403,198,-20,-242,-445,-642,-805,-923,-996,-1030,-1009,-924,-801,-625,-416,-176,69,313,553,767,929,1054,1116,1122,1068,958,805,602,370,111,-142,-395,-627,-822,-976,-1078,-1118,-1097,-1019,-897,-734,-531,-304,-66,163,386,577,730,856,933,962,955,905,813,688,535,368,190,-2,-189,-365,-517,-655,-769,-846,-892,-901,-863,-797,-697,-565,-402,-214,-19,185,-1687,554,713,849,946,992,997,954,862,732,560,365,159,-65,-280,-494,-683,-839,-955,-1037,-1069,-1055,-999,-890,-742,-557,-344,-101,143,393,630,843,1020,1154,1243,1273,1236,1128,963,744,483,185,-127,-440,-737,-1001,-1215,-1365,-1454,-1463,-1394,-1244,-1033,-757,-444,-97,257,595,907,1162,1356,1480,1521,1479,1361,1162,904,593,251,-95,-439,-754,-1034,-1249,-1393,-1472,-1461,-1368,-1209,-977,-683,-361,-19,325,645,935,1174,1343,1433,1432,1339,1162,923,624,284,-69,-414,-730,-997,-1188,-1300,-1329,-1264,-1114,-894,-621,-314,11,332,616,856,1040,1154,1177,1121,982,762,473,123,-250,-620,-931,-1132,-1162,-1015,-762,-814,-826,0,0,0,0,0,0,0,0,0,0,0,0,0,0,0,0,0,0,0,0,0,0,0,0,0,0,0,0,0,0,0,0,0,0,0,0,0,0,0,0,0,0,0,0,0,0,0,0,0,0,0,0,0,0,0,0,0,0,0,0,0,0,0,0,0,0,0,0,0,0,0,0,0,0,0,0,0,0,0,0,0,0,0,0,0,0,0,0,0,0,0,0,0,0,0,0,0,0,0,0,0,0,0,0,0,0,0,0,0,0,0,0,0,0,0,0,0,0,0,0,0,0,0,0,0,0,0,0,0,0,0,0,0,0,0,0,0,0,0,0,0,0,0,0,0,0,0,0,0,0,0,0,0,0,0,0,0,0,0,0,0,0,0,0,0,0,0,0,0,0,0,0,0,0,0,0,0,0,0,0,0,0,0,0,0,0,0,0,0,0,0,0,0,0,0,0,0,0,0,0,0,0,0,0,0,0,0,0,0,0,0,0,0,0,0,0,0,0,0,0,0,0,0,0,0,0,0,0,0,0,0,0,0,0,0,0,0,0,0,0,0,0,0,0,0,0,0,0,0,0,0,0,0,0,0,0,-1322,336,486,1,-138,-284,-385,-428,-408,-334,-218,-82,62,203,329,439,515,552,548,505,423,310,164,-4,-179,-352,-502,-629,-712,-756,-756,-689,-580,-418,-232,-29,184,392,575,726,831,891,887,842,744,604,426,233,21,-207,-411,-594,-747,-868,-942,-969,-942,-877,-763,-604,-405,-192,33,280,498,698,866,989,1060,1077,1044,959,811,624,404,152,-110,-362,-596,-798,-965,-1086,-1142,-1129,-1071,-945,-776,-571,-330,-75,178,417,628,807,942,1017,1045,1028,962,842,690,511,310,105,-92,-292,-476,-629,-749,-836,-890,-905,-878,-811,-726,-609,-458,-293,-113,71,257,426,586,719,832,905,945,941,-175,791,658,499,300,91,-124,-334,-534,-712,-858,-953,-1013,-1031,-998,-922,-797,-636,-453,-241,-16,211,438,647,820,964,1078,1142,1153,1106,1010,864,665,438,175,-104,-388,-659,-901,-1109,-1273,-1368,-1388,-1335,-1216,-1030,-779,-490,-163,168,506,808,1080,1299,1440,1513,1489,1394,1222,983,690,358,5,-348,-684,-986,-1222,-1396,-1487,-1499,-1434,-1291,-1075,-795,-486,-146,204,537,836,1096,1288,1401,1447,1409,1288,1101,834,524,187,-173,-516,-823,-1080,-1269,-1378,-1390,-1319,-1167,-936,-644,-321,19,355,664,919,1107,1214,1241,1182,1037,836,582,281,-38,-355,-651,-908,-1098,-1196,-1183,-1044,-784,-407,27,441,719,-163,10
28918,mtk,MTK 7916,2777533717,rx0-tx1,512,0,0,0,0,0,0,0,0,0,0,0,0,0,0,0,0,0,0,0,0,0,0,0,0,0,0,0,0,0,0,0,0,0,0,0,0,0,0,0,0,0,0,0,0,0,0,0,0,0,0,0,0,0,0,0,0,0,0,0,0,0,0,0,0,0,0,0,0,0,0,0,0,0,0,0,0,0,0,0,0,0,0,0,0,0,0,0,0,0,0,0,0,0,0,0,0,0,0,0,0,0,0,0,0,0,0,0,0,0,0,0,0,0,0,0,0,0,0,0,0,0,0,0,0,0,0,0,0,0,0,0,0,0,0,0,0,0,0,0,0,0,0,0,0,0,0,0,0,0,0,0,0,0,0,0,0,0,0,0,0,0,0,0,0,0,0,0,0,0,0,0,0,0,0,0,0,0,0,0,0,0,0,0,0,0,0,0,0,0,0,0,0,0,0,0,0,0,0,0,0,0,0,0,0,0,0,0,0,0,0,0,0,0,0,0,0,0,0,0,0,0,0,0,0,0,0,0,0,0,0,0,0,0,0,0,0,0,0,0,0,0,0,0,0,0,0,0,0,0,0,0,0,0,0,0,0,-730,-176,-182,-128,-43,84,210,310,367,371,334,259,162,51,-71,-189,-300,-391,-453,-497,-500,-463,-398,-297,-170,-19,137,292,439,569,666,717,720,674,590,463,303,114,-91,-295,-484,-660,-793,-877,-924,-915,-845,-734,-578,-370,-142,96,340,564,768,936,1050,1108,1111,1050,929,760,543,288,17,-259,-529,-775,-977,-1132,-1237,-1281,-1248,-1147,-986,-769,-509,-220,82,379,665,920,1138,1284,1368,1384,1324,1205,1013,760,479,167,-150,-469,-771,-1023,-1219,-1363,-1438,-1430,-1351,-1201,-988,-728,-435,-117,207,521,805,1045,1237,1367,1416,1391,1311,1154,945,694,408,107,-205,-497,-765,-986,-1168,-1291,-1349,-1348,-546,-1155,-954,-724,-466,-192,102,389,653,887,1088,1232,1316,1341,1313,1218,1058,847,604,321,16,-286,-589,-865,-1097,-1276,-1391,-1445,-1420,-1314,-1151,-929,-651,-347,-12,313,628,911,1140,1314,1426,1459,1420,1305,1127,890,610,312,-10,-328,-628,-892,-1110,-1273,-1365,-1394,-1346,-1238,-1066,-845,-578,-284,23,328,616,874,1086,1243,1332,1350,1300,1187,1007,768,489,180,-148,-464,-749,-1000,-1189,-1307,-1354,-1316,-1198,-1017,-766,-469,-150,187,507,788,1015,1176,1255,1246,1160,994,764,495,196,-111,-391,-638,-832,-960,-1019,-1007,-928,-787,-604,-384,-141,99,333,542,711,829,883,858,739,538,261,-41,-327,-517,-150,-165,0,0,0,0,0,0,0,0,0,0,0,0,0,0,0,0,0,0,0,0,0,0,0,0,0,0,0,0,0,0,0,0,0,0,0,0,0,0,0,0,0,0,0,0,0,0,0,0,0,0,0,0,0,0,0,0,0,0,0,0,0,0,0,0,0,0,0,0,0,0,0,0,0,0,0,0,0,0,0,0,0,0,0,0,0,0,0,0,0,0,0,0,0,0,0,0,0,0,0,0,0,0,0,0,0,0,0,0,0,0,0,0,0,0,0,0,0,0,0,0,0,0,0,0,0,0,0,0,0,0,0,0,0,0,0,0,0,0,0,0,0,0,0,0,0,0,0,0,0,0,0,0,0,0,0,0,0,0,0,0,0,0,0,0,0,0,0,0,0,0,0,0,0,0,0,0,0,0,0,0,0,0,0,0,0,0,0,0,0,0,0,0,0,0,0,0,0,0,0,0,0,0,0,0,0,0,0,0,0,0,0,0,0,0,0,0,0,0,0,0,0,0,0,0,0,0,0,0,0,0,0,0,0,0,0,0,0,0,0,0,0,0,0,0,0,0,0,0,0,0,0,0,0,0,0,0,-128,-14,18,204,273,298,259,172,50,-76,-199,-302,-375,-414,-420,-394,-336,-249,-144,-23,114,246,370,478,558,599,602,569,487,369,220,48,-135,-316,-485,-629,-737,-806,-823,-787,-711,-579,-408,-220,-9,219,440,634,804,931,1000,1026,990,893,750,560,329,85,-181,-439,-672,-877,-1040,-1152,-1198,-1184,-1104,-960,-765,-529,-260,34,333,606,860,1063,1220,1313,1331,1291,1175,1005,772,496,197,-117,-428,-717,-985,-1192,-1334,-1410,-1413,-1351,-1214,-1008,-751,-459,-133,195,504,797,1042,1237,1372,1433,1426,1334,1177,971,714,413,91,-221,-520,-798,-1029,-1209,-1324,-1378,-1360,-1276,-1133,-939,-703,-424,-127,168,1197,710,938,1115,1246,1321,1338,1277,1160,999,786,531,249,-37,-323,-609,-866,-1076,-1237,-1345,-1384,-1363,-1279,-1123,-911,-646,-355,-32,298,613,896,1136,1313,1421,1461,1430,1329,1152,914,632,323,-2,-328,-634,-912,-1138,-1300,-1398,-1435,-1389,-1274,-1097,-867,-592,-294,20,332,621,882,1086,1241,1333,1357,1318,1209,1043,822,551,253,-61,-366,-652,-912,-1120,-1271,-1352,-1356,-1278,-1137,-930,-661,-360,-32,299,607,879,1103,1255,1325,1315,1214,1038,802,511,190,-133,-436,-711,-925,-1079,-1157,-1144,-1050,-892,-684,-437,-175,94,344,560,733,852,911,902,835,703,522,301,48,-223,-482,-693,-818,-826,-715,-529,-98,-68
28919,mtk,MTK 7916,2777533717,rx1-tx0,512,0,0,0,0,0,0,0,0,0,0,0,0,0,0,0,0,0,0,0,0,0,0,0,0,0,0,0,0,0,0,0,0,0,0,0,0,0,0,0,0,0,0,0,0,0,0,0,0,0,0,0,0,0,0,0,0,0,0,0,0,0,0,0,0,0,0,0,0,0,0,0,0,0,0,0,0,0,0,0,0,0,0,0,0,0,0,0,0,0,0,0,0,0,0,0,0,0,0,0,0,0,0,0,0,0,0,0,0,0,0,0,0,0,0,0,0,0,0,0,0,0,0,0,0,0,0,0,0,0,0,0,0,0,0,0,0,0,0,0,0,0,0,0,0,0,0,0,0,0,0,0,0,0,0,0,0,0,0,0,0,0,0,0,0,0,0,0,0,0,0,0,0,0,0,0,0,0,0,0,0,0,0,0,0,0,0,0,0,0,0,0,0,0,0,0,0,0,0,0,0,0,0,0,0,0,0,0,0,0,0,0,0,0,0,0,0,0,0,0,0,0,0,0,0,0,0,0,0,0,0,0,0,0,0,0,0,0,0,0,0,0,0,0,0,0,0,0,0,0,0,0,0,0,0,0,0,146,19,231,-88,-141,-184,-192,-163,-100,-30,45,115,177,216,237,232,213,177,111,47,-25,-103,-167,-224,-257,-272,-270,-250,-204,-141,-75,1,77,143,194,238,263,275,255,225,187,131,73,16,-32,-78,-118,-148,-173,-190,-191,-180,-175,-159,-134,-111,-85,-59,-41,-14,19,44,75,105,128,148,181,199,207,215,211,195,176,147,100,47,-19,-93,-168,-235,-299,-359,-398,-410,-402,-362,-308,-235,-121,-4,120,243,347,447,509,549,556,516,454,374,259,124,-16,-168,-298,-419,-513,-571,-595,-593,-565,-492,-393,-270,-128,16,160,287,405,504,568,601,601,573,512,417,302,170,-144,-125,-259,-373,-481,-558,-602,-605,-578,-517,-423,-309,-182,-44,92,228,338,431,498,537,539,512,469,398,305,189,68,-45,-155,-258,-342,-408,-441,-451,-444,-406,-352,-279,-196,-110,-17,74,164,235,284,325,347,350,342,307,260,211,144,76,10,-62,-120,-171,-216,-250,-262,-271,-265,-235,-204,-167,-123,-78,-26,23,68,114,149,181,206,220,226,220,218,199,162,125,74,11,-47,-113,-172,-208,-243,-269,-277,-263,-237,-192,-129,-56,22,97,171,230,275,286,291,272,220,164,85,11,-62,-133,-190,-235,-256,-259,-240,-206,-155,-82,-2,79,153,213,242,228,186,131,-593,-401,0,0,0,0,0,0,0,0,0,0,0,0,0,0,0,0,0,0,0,0,0,0,0,0,0,0,0,0,0,0,0,0,0,0,0,0,0,0,0,0,0,0,0,0,0,0,0,0,0,0,0,0,0,0,0,0,0,0,0,0,0,0,0,0,0,0,0,0,0,0,0,0,0,0,0,0,0,0,0,0,0,0,0,0,0,0,0,0,0,0,0,0,0,0,0,0,0,0,0,0,0,0,0,0,0,0,0,0,0,0,0,0,0,0,0,0,0,0,0,0,0,0,0,0,0,0,0,0,0,0,0,0,0,0,0,0,0,0,0,0,0,0,0,0,0,0,0,0,0,0,0,0,0,0,0,0,0,0,0,0,0,0,0,0,0,0,0,0,0,0,0,0,0,0,0,0,0,0,0,0,0,0,0,0,0,0,0,0,0,0,0,0,0,0,0,0,0,0,0,0,0,0,0,0,0,0,0,0,0,0,0,0,0,0,0,0,0,0,0,0,0,0,0,0,0,0,0,0,0,0,0,0,0,0,0,0,0,0,0,0,0,0,0,0,0,0,0,0,0,0,0,0,0,0,0,0,206,1048,1020,-119,-92,-27,59,140,194,217,220,195,151,88,15,-57,-120,-185,-230,-255,-267,-247,-211,-153,-85,-13,59,133,203,250,276,287,273,237,189,132,69,0,-66,-119,-170,-210,-232,-232,-224,-211,-182,-147,-106,-60,-17,13,42,76,101,119,137,146,149,163,156,158,157,143,124,96,67,30,-1,-34,-85,-131,-175,-220,-257,-284,-300,-304,-286,-250,-201,-136,-48,40,141,238,327,411,469,491,495,458,395,302,184,63,-83,-223,-341,-446,-531,-583,-604,-578,-520,-433,-319,-185,-46,88,233,365,468,553,601,611,591,538,456,345,216,79,-63,-202,-335,-441,-523,-585,147,-601,-548,-477,-374,-249,-104,33,169,304,416,498,557,580,572,524,449,360,250,120,-19,-144,-255,-354,-428,-481,-491,-487,-461,-403,-329,-232,-133,-34,74,165,247,313,357,389,401,386,352,297,237,166,84,6,-72,-142,-196,-245,-285,-304,-312,-299,-271,-237,-191,-129,-65,-13,52,104,143,181,205,223,231,224,216,197,170,138,95,50,-2,-47,-90,-142,-184,-215,-245,-251,-246,-237,-202,-159,-107,-40,29,100,163,225,265,282,283,267,230,179,106,34,-37,-126,-190,-240,-273,-276,-268,-238,-192,-131,-53,22,92,153,204,241,252,240,203,137,47,-46,-119,-163,889,985
28920,mtk,MTK 7916,2777533717,rx1-tx1,512,0,0,0,0,0,0,0,0,0,0,0,0,0,0,0,0,0,0,0,0,0,0,0,0,0,0,0,0,0,0,0,0,0,0,0,0,0,0,0,0,0,0,0,0,0,0,0,0,0,0,0,0,0,0,0,0,0,0,0,0,0,0,0,0,0,0,0,0,0,0,0,0,0,0,0,0,0,0,0,0,0,0,0,0,0,0,0,0,0,0,0,0,0,0,0,0,0,0,0,0,0,0,0,0,0,0,0,0,0,0,0,0,0,0,0,0,0,0,0,0,0,0,0,0,0,0,0,0,0,0,0,0,0,0,0,0,0,0,0,0,0,0,0,0,0,0,0,0,0,0,0,0,0,0,0,0,0,0,0,0,0,0,0,0,0,0,0,0,0,0,0,0,0,0,0,0,0,0,0,0,0,0,0,0,0,0,0,0,0,0,0,0,0,0,0,0,0,0,0,0,0,0,0,0,0,0,0,0,0,0,0,0,0,0,0,0,0,0,0,0,0,0,0,0,0,0,0,0,0,0,0,0,0,0,0,0,0,0,0,0,0,0,0,0,0,0,0,0,0,0,0,0,0,0,0,0,-411,-965,-873,-29,-23,-5,18,42,61,69,64,47,20,-10,-38,-62,-73,-65,-37,-5,34,63,75,69,48,16,-22,-56,-74,-73,-55,-19,16,40,52,49,35,11,-17,-39,-48,-43,-20,5,29,38,36,17,-7,-25,-38,-41,-26,5,37,58,56,42,13,-27,-63,-79,-74,-47,2,52,86,101,93,51,-7,-62,-105,-122,-103,-54,15,84,127,133,106,54,-16,-87,-133,-139,-107,-50,23,87,123,124,96,38,-32,-94,-126,-120,-83,-31,33,87,114,105,68,14,-38,-78,-97,-88,-56,-9,37,68,76,65,40,6,-24,-46,-51,-44,-22,-6,0,6,10,10,0,17,28,37,36,30,16,-9,-41,-71,-92,-87,-50,1,64,115,147,143,99,21,-67,-151,-203,-200,-139,-45,67,171,232,234,183,83,-53,-180,-258,-271,-221,-112,36,179,269,287,234,116,-29,-167,-263,-290,-242,-129,12,159,263,294,243,134,-11,-151,-246,-273,-230,-127,8,145,241,264,223,115,-21,-148,-243,-273,-219,-108,29,152,239,263,216,117,-7,-137,-234,-259,-218,-127,-5,114,210,254,230,149,39,-76,-174,-226,-220,-163,-71,34,121,176,187,147,69,-17,-95,-145,-156,-131,-71,3,72,123,142,123,71,5,-60,-112,-144,-149,-121,-74,-22,36,-985,-1015,0,0,0,0,0,0,0,0,0,0,0,0,0,0,0,0,0,0,0,0,0,0,0,0,0,0,0,0,0,0,0,0,0,0,0,0,0,0,0,0,0,0,0,0,0,0,0,0,0,0,0,0,0,0,0,0,0,0,0,0,0,0,0,0,0,0,0,0,0,0,0,0,0,0,0,0,0,0,0,0,0,0,0,0,0,0,0,0,0,0,0,0,0,0,0,0,0,0,0,0,0,0,0,0,0,0,0,0,0,0,0,0,0,0,0,0,0,0,0,0,0,0,0,0,0,0,0,0,0,0,0,0,0,0,0,0,0,0,0,0,0,0,0,0,0,0,0,0,0,0,0,0,0,0,0,0,0,0,0,0,0,0,0,0,0,0,0,0,0,0,0,0,0,0,0,0,0,0,0,0,0,0,0,0,0,0,0,0,0,0,0,0,0,0,0,0,0,0,0,0,0,0,0,0,0,0,0,0,0,0,0,0,0,0,0,0,0,0,0,0,0,0,0,0,0,0,0,0,0,0,0,0,0,0,0,0,0,0,0,0,0,0,0,0,0,0,0,0,0,0,0,0,0,0,0,0,-92,375,569,-37,-54,-66,-67,-56,-34,-5,22,46,63,68,58,35,0,-35,-59,-72,-70,-46,-12,22,56,76,75,55,23,-18,-52,-63,-61,-45,-17,14,40,54,46,25,2,-16,-36,-44,-32,-5,19,33,35,26,6,-22,-44,-54,-49,-20,20,53,69,66,42,2,-42,-72,-90,-87,-53,2,58,102,121,103,51,-18,-78,-118,-131,-111,-55,13,75,126,140,112,53,-14,-82,-125,-134,-106,-46,25,89,128,126,89,32,-32,-85,-111,-111,-77,-21,37,80,102,90,58,12,-41,-78,-91,-78,-47,-9,28,56,65,56,34,6,-22,-32,-32,-30,-21,-6,-2,0,-14,-11,0,12,30,50,66,62,37,-9,-61,-106,-121,-113,-76,-13,63,136,180,178,122,29,-73,-163,-217,-222,-168,-66,57,172,253,263,204,97,-37,-170,-263,-287,-230,-108,38,170,264,293,238,121,-22,-163,-263,-286,-239,-134,6,146,254,288,242,131,-14,-152,-242,-261,-219,-121,9,141,236,267,220,111,-28,-159,-237,-258,-215,-114,20,146,233,260,221,121,-7,-133,-222,-257,-230,-144,-22,95,190,241,227,158,53,-56,-151,-201,-198,-145,-68,24,107,162,175,140,70,-13,-83,-133,-149,-128,-74,-6,66,123,145,131,93,36,-28,-83,-120,-138,-135,-225,-26
28921,mtk,MTK 7916,2777533717,rx2-tx0,512,0,0,0,0,0,0,0,0,0,0,0,0,0,0,0,0,0,0,0,0,0,0,0,0,0,0,0,0,0,0,0,0,0,0,0,0,0,0,0,0,0,0,0,0,0,0,0,0,0,0,0,0,0,0,0,0,0,0,0,0,0,0,0,0,0,0,0,0,0,0,0,0,0,0,0,0,0,0,0,0,0,0,0,0,0,0,0,0,0,0,0,0,0,0,0,0,0,0,0,0,0,0,0,0,0,0,0,0,0,0,0,0,0,0,0,0,0,0,0,0,0,0,0,0,0,0,0,0,0,0,0,0,0,0,0,0,0,0,0,0,0,0,0,0,0,0,0,0,0,0,0,0,0,0,0,0,0,0,0,0,0,0,0,0,0,0,0,0,0,0,0,0,0,0,0,0,0,0,0,0,0,0,0,0,0,0,0,0,0,0,0,0,0,0,0,0,0,0,0,0,0,0,0,0,0,0,0,0,0,0,0,0,0,0,0,0,0,0,0,0,0,0,0,0,0,0,0,0,0,0,0,0,0,0,0,0,0,0,0,0,0,0,0,0,0,0,0,0,0,0,0,0,0,0,0,0,-136,115,-130,26,51,73,87,87,70,40,5,-28,-59,-83,-83,-68,-42,-5,37,67,80,78,60,30,-7,-45,-74,-86,-78,-55,-24,10,45,71,82,77,61,32,-5,-47,-81,-105,-103,-81,-39,16,72,121,147,137,90,19,-63,-138,-180,-180,-133,-42,62,154,212,222,164,55,-71,-185,-254,-258,-189,-61,90,227,306,298,205,50,-126,-270,-348,-334,-217,-39,159,325,407,364,217,7,-210,-380,-448,-389,-214,26,266,437,484,400,205,-58,-309,-477,-513,-402,-181,94,346,505,522,393,148,-140,-389,-521,-504,-343,-85,200,429,534,483,298,24,-263,-474,-548,-463,-241,0,336,520,551,430,181,-127,-403,-560,-561,-398,-116,196,456,597,569,373,69,-259,-520,-630,-562,-339,-26,305,555,650,559,315,-13,-342,-584,-668,-568,-312,24,355,590,662,553,302,-29,-348,-570,-634,-526,-286,20,318,525,584,495,281,1,-272,-462,-523,-449,-259,-7,236,403,452,388,226,13,-195,-340,-387,-327,-186,-4,170,283,319,273,154,-2,-149,-247,-272,-222,-118,13,135,215,236,195,99,-20,-126,-201,-227,-186,-94,16,119,191,215,187,112,13,-88,-168,-207,-201,-144,-52,47,131,185,199,170,99,10,-75,-148,-187,-191,-158,-99,-28,44,104,139,160,790,584,0,0,0,0,0,0,0,0,0,0,0,0,0,0,0,0,0,0,0,0,0,0,0,0,0,0,0,0,0,0,0,0,0,0,0,0,0,0,0,0,0,0,0,0,0,0,0,0,0,0,0,0,0,0,0,0,0,0,0,0,0,0,0,0,0,0,0,0,0,0,0,0,0,0,0,0,0,0,0,0,0,0,0,0,0,0,0,0,0,0,0,0,0,0,0,0,0,0,0,0,0,0,0,0,0,0,0,0,0,0,0,0,0,0,0,0,0,0,0,0,0,0,0,0,0,0,0,0,0,0,0,0,0,0,0,0,0,0,0,0,0,0,0,0,0,0,0,0,0,0,0,0,0,0,0,0,0,0,0,0,0,0,0,0,0,0,0,0,0,0,0,0,0,0,0,0,0,0,0,0,0,0,0,0,0,0,0,0,0,0,0,0,0,0,0,0,0,0,0,0,0,0,0,0,0,0,0,0,0,0,0,0,0,0,0,0,0,0,0,0,0,0,0,0,0,0,0,0,0,0,0,0,0,0,0,0,0,0,0,0,0,0,0,0,0,0,0,0,0,0,0,0,0,0,0,0,1335,-1148,-1145,-63,-57,-39,-11,22,54,79,85,79,60,28,-12,-47,-74,-85,-73,-50,-15,25,59,76,78,66,41,10,-25,-60,-80,-82,-70,-45,-12,22,59,85,91,81,56,15,-33,-79,-113,-126,-110,-63,2,69,123,157,154,108,32,-56,-141,-197,-197,-148,-55,61,167,237,247,184,60,-80,-196,-273,-281,-206,-63,105,248,331,317,216,46,-144,-301,-375,-348,-222,-19,190,349,422,382,225,-6,-237,-405,-470,-400,-209,39,281,450,493,400,192,-78,-329,-492,-521,-398,-163,118,364,509,508,361,111,-172,-407,-525,-497,-321,-50,231,447,541,475,267,-18,-300,-500,0,-446,-206,93,363,535,555,413,147,-165,-431,-577,-558,-381,-89,228,485,608,561,352,44,-283,-532,-636,-560,-330,-2,330,573,656,563,315,-21,-353,-589,-664,-559,-305,29,351,579,647,540,290,-32,-336,-548,-613,-517,-283,13,299,498,559,475,274,5,-254,-430,-487,-416,-239,-5,217,368,418,356,201,4,-184,-316,-358,-301,-169,-2,154,264,295,248,135,-7,-141,-227,-248,-202,-104,18,134,211,228,187,97,-20,-129,-200,-223,-186,-105,-2,102,178,211,196,129,32,-69,-154,-199,-197,-153,-74,19,105,167,196,184,130,48,-37,-110,-166,-193,-184,-144,-101,-44,-876,-1021
28922,mtk,MTK 7916,2777533717,rx2-tx1,512,0,0,0,0,0,0,0,0,0,0,0,0,0,0,0,0,0,0,0,0,0,0,0,0,0,0,0,0,0,0,0,0,0,0,0,0,0,0,0,0,0,0,0,0,0,0,0,0,0,0,0,0,0,0,0,0,0,0,0,0,0,0,0,0,0,0,0,0,0,0,0,0,0,0,0,0,0,0,0,0,0,0,0,0,0,0,0,0,0,0,0,0,0,0,0,0,0,0,0,0,0,0,0,0,0,0,0,0,0,0,0,0,0,0,0,0,0,0,0,0,0,0,0,0,0,0,0,0,0,0,0,0,0,0,0,0,0,0,0,0,0,0,0,0,0,0,0,0,0,0,0,0,0,0,0,0,0,0,0,0,0,0,0,0,0,0,0,0,0,0,0,0,0,0,0,0,0,0,0,0,0,0,0,0,0,0,0,0,0,0,0,0,0,0,0,0,0,0,0,0,0,0,0,0,0,0,0,0,0,0,0,0,0,0,0,0,0,0,0,0,0,0,0,0,0,0,0,0,0,0,0,0,0,0,0,0,0,0,0,0,0,0,0,0,0,0,0,0,0,0,0,0,0,0,0,0,236,853,932,3,18,42,62,76,79,68,44,10,-28,-60,-81,-80,-57,-25,17,63,83,83,64,31,-15,-60,-95,-105,-85,-35,28,76,102,101,70,11,-48,-91,-112,-100,-55,5,62,108,122,100,42,-36,-110,-151,-142,-84,-4,86,163,189,159,80,-31,-145,-223,-245,-189,-68,81,214,290,286,201,60,-112,-273,-358,-334,-214,-44,157,330,407,368,226,18,-204,-380,-455,-398,-227,7,244,427,485,403,215,-38,-284,-453,-494,-406,-200,68,316,484,508,388,161,-107,-344,-483,-487,-354,-124,137,355,466,455,314,89,-156,-350,-444,-404,-250,-34,195,360,407,339,174,0,-234,-367,-373,-262,-86,118,284,363,329,195,-4,-199,-330,-359,-287,-132,65,250,360,359,254,76,-121,-285,-371,-348,-217,-27,169,317,371,319,184,0,-185,-317,-352,-289,-147,26,195,302,313,237,100,-63,-203,-280,-272,-194,-64,77,183,231,210,122,6,-100,-169,-190,-150,-68,24,102,147,142,96,20,-64,-120,-133,-105,-52,22,93,129,125,83,12,-55,-103,-128,-110,-53,17,74,112,121,92,34,-28,-82,-114,-110,-73,-23,36,87,107,92,60,10,-41,-75,-87,-76,-43,-1,38,67,80,63,32,-5,-47,-74,-81,-65,-37,4,44,76,86,78,57,455,616,0,0,0,0,0,0,0,0,0,0,0,0,0,0,0,0,0,0,0,0,0,0,0,0,0,0,0,0,0,0,0,0,0,0,0,0,0,0,0,0,0,0,0,0,0,0,0,0,0,0,0,0,0,0,0,0,0,0,0,0,0,0,0,0,0,0,0,0,0,0,0,0,0,0,0,0,0,0,0,0,0,0,0,0,0,0,0,0,0,0,0,0,0,0,0,0,0,0,0,0,0,0,0,0,0,0,0,0,0,0,0,0,0,0,0,0,0,0,0,0,0,0,0,0,0,0,0,0,0,0,0,0,0,0,0,0,0,0,0,0,0,0,0,0,0,0,0,0,0,0,0,0,0,0,0,0,0,0,0,0,0,0,0,0,0,0,0,0,0,0,0,0,0,0,0,0,0,0,0,0,0,0,0,0,0,0,0,0,0,0,0,0,0,0,0,0,0,0,0,0,0,0,0,0,0,0,0,0,0,0,0,0,0,0,0,0,0,0,0,0,0,0,0,0,0,0,0,0,0,0,0,0,0,0,0,0,0,0,0,0,0,0,0,0,0,0,0,0,0,0,0,0,0,0,0,0,-351,436,253,-54,-58,-53,-39,-14,16,51,74,81,73,55,20,-25,-63,-81,-83,-66,-28,19,63,91,90,66,30,-15,-66,-99,-96,-60,-18,29,79,105,92,55,1,-61,-107,-114,-94,-42,21,92,129,126,87,22,-63,-139,-168,-142,-71,19,115,188,214,175,73,-59,-182,-258,-267,-195,-60,99,242,322,303,209,47,-147,-307,-381,-356,-233,-33,181,352,434,389,228,4,-220,-398,-463,-398,-224,19,271,446,495,400,200,-49,-296,-467,-501,-392,-178,87,329,481,494,374,151,-124,-351,-475,-470,-339,-106,157,364,465,433,280,54,-173,-347,-421,-368,-206,8,216,357,0,301,129,-87,-270,-365,-353,-235,-44,161,309,367,317,167,-32,-219,-342,-364,-279,-106,100,274,364,346,239,62,-146,-311,-378,-335,-198,-8,183,319,356,299,164,-19,-189,-301,-330,-263,-122,52,199,281,289,213,78,-72,-192,-256,-245,-163,-41,89,184,210,169,91,-9,-106,-164,-169,-119,-37,46,110,142,128,70,-9,-81,-124,-130,-91,-27,48,113,135,114,66,0,-68,-112,-122,-95,-44,17,76,111,112,86,34,-24,-77,-108,-105,-68,-17,33,74,95,86,62,16,-42,-80,-87,-72,-44,3,41,62,72,60,23,-15,-48,-66,-76,-67,-42,-7,26,61,853,743
28923,mtk,MTK 7916,2777565533,rx0-tx0,512,0,0,0,0,0,0,0,0,0,0,0,0,0,0,0,0,0,0,0,0,0,0,0,0,0,0,0,0,0,0,0,0,0,0,0,0,0,0,0,0,0,0,0,0,0,0,0,0,0,0,0,0,0,0,0,0,0,0,0,0,0,0,0,0,0,0,0,0,0,0,0,0,0,0,0,0,0,0,0,0,0,0,0,0,0,0,0,0,0,0,0,0,0,0,0,0,0,0,0,0,0,0,0,0,0,0,0,0,0,0,0,0,0,0,0,0,0,0,0,0,0,0,0,0,0,0,0,0,0,0,0,0,0,0,0,0,0,0,0,0,0,0,0,0,0,0,0,0,0,0,0,0,0,0,0,0,0,0,0,0,0,0,0,0,0,0,0,0,0,0,0,0,0,0,0,0,0,0,0,0,0,0,0,0,0,0,0,0,0,0,0,0,0,0,0,0,0,0,0,0,0,0,0,0,0,0,0,0,0,0,0,0,0,0,0,0,0,0,0,0,0,0,0,0,0,0,0,0,0,0,0,0,0,0,0,0,0,0,0,0,0,0,0,0,0,0,0,0,0,0,0,0,0,0,0,0,-273,-754,-667,232,302,324,280,188,61,-79,-209,-319,-398,-450,-468,-444,-387,-296,-184,-57,84,231,370,489,585,641,659,636,556,438,288,117,-76,-274,-457,-615,-733,-814,-837,-815,-744,-624,-462,-282,-81,122,314,499,654,778,860,904,909,865,771,636,467,282,70,-143,-356,-553,-721,-869,-968,-1025,-1027,-979,-874,-723,-545,-330,-96,141,380,598,794,944,1050,1101,1092,1037,926,765,567,340,104,-141,-375,-578,-761,-909,-999,-1044,-1041,-986,-881,-741,-572,-377,-174,36,232,417,580,718,819,885,915,894,845,759,641,505,354,182,6,-166,-336,-494,-630,-742,-820,-862,-884,-861,-800,-710,-1687,-437,-256,-72,120,307,484,638,766,864,936,958,939,877,791,660,496,310,110,-90,-297,-494,-672,-832,-956,-1042,-1090,-1086,-1038,-935,-796,-619,-396,-151,116,381,639,878,1077,1225,1321,1356,1324,1221,1045,821,542,234,-95,-423,-730,-1002,-1234,-1401,-1494,-1517,-1443,-1300,-1091,-821,-505,-166,179,517,825,1090,1290,1427,1491,1469,1375,1212,985,704,389,61,-274,-586,-862,-1102,-1282,-1386,-1421,-1377,-1254,-1070,-826,-527,-205,137,471,766,1021,1210,1326,1362,1309,1180,970,707,410,91,-231,-532,-791,-995,-1131,-1188,-1172,-1081,-918,-707,-448,-156,152,452,726,952,1105,1167,1112,935,629,231,-186,-492,-814,-826,0,0,0,0,0,0,0,0,0,0,0,0,0,0,0,0,0,0,0,0,0,0,0,0,0,0,0,0,0,0,0,0,0,0,0,0,0,0,0,0,0,0,0,0,0,0,0,0,0,0,0,0,0,0,0,0,0,0,0,0,0,0,0,0,0,0,0,0,0,0,0,0,0,0,0,0,0,0,0,0,0,0,0,0,0,0,0,0,0,0,0,0,0,0,0,0,0,0,0,0,0,0,0,0,0,0,0,0,0,0,0,0,0,0,0,0,0,0,0,0,0,0,0,0,0,0,0,0,0,0,0,0,0,0,0,0,0,0,0,0,0,0,0,0,0,0,0,0,0,0,0,0,0,0,0,0,0,0,0,0,0,0,0,0,0,0,0,0,0,0,0,0,0,0,0,0,0,0,0,0,0,0,0,0,0,0,0,0,0,0,0,0,0,0,0,0,0,0,0,0,0,0,0,0,0,0,0,0,0,0,0,0,0,0,0,0,0,0,0,0,0,0,0,0,0,0,0,0,0,0,0,0,0,0,0,0,0,0,0,0,0,0,0,0,0,0,0,0,0,0,0,0,0,0,0,0,-1322,336,486,130,36,-102,-238,-340,-400,-404,-366,-290,-189,-73,58,188,304,409,484,532,547,519,453,356,228,73,-90,-260,-426,-568,-681,-749,-772,-735,-656,-532,-371,-178,29,229,419,590,725,820,872,870,825,739,610,446,260,61,-142,-341,-533,-695,-819,-908,-957,-962,-921,-827,-693,-517,-317,-92,142,371,580,752,903,1020,1081,1080,1020,910,756,564,341,98,-148,-381,-611,-801,-950,-1041,-1084,-1085,-1021,-909,-757,-562,-351,-131,99,321,521,689,827,923,973,977,932,851,740,597,433,256,62,-125,-302,-469,-608,-719,-807,-861,-874,-855,-801,-721,-605,-469,-303,-137,35,219,389,547,-175,804,873,911,910,872,793,684,542,382,194,-9,-207,-397,-569,-730,-854,-946,-990,-1003,-972,-898,-790,-643,-462,-257,-35,196,426,646,835,1005,1127,1203,1224,1190,1102,948,744,492,214,-82,-388,-682,-940,-1156,-1320,-1423,-1461,-1414,-1287,-1096,-845,-542,-213,137,482,789,1065,1285,1438,1508,1506,1419,1262,1037,764,455,109,-232,-552,-841,-1088,-1283,-1399,-1447,-1420,-1318,-1153,-918,-632,-321,2,335,643,915,1143,1305,1386,1393,1311,1158,938,658,340,3,-330,-637,-901,-1102,-1230,-1283,-1248,-1136,-957,-722,-444,-143,157,450,705,910,1056,1130,1127,1044,887,647,345,-2,-370,-709,-977,-1109,-1061,-880,-163,10
28924,mtk,MTK 7916,2777565533,rx0-tx1,512,0,0,0,0,0,0,0,0,0,0,0,0,0,0,0,0,0,0,0,0,0,0,0,0,0,0,0,0,0,0,0,0,0,0,0,0,0,0,0,0,0,0,0,0,0,0,0,0,0,0,0,0,0,0,0,0,0,0,0,0,0,0,0,0,0,0,0,0,0,0,0,0,0,0,0,0,0,0,0,0,0,0,0,0,0,0,0,0,0,0,0,0,0,0,0,0,0,0,0,0,0,0,0,0,0,0,0,0,0,0,0,0,0,0,0,0,0,0,0,0,0,0,0,0,0,0,0,0,0,0,0,0,0,0,0,0,0,0,0,0,0,0,0,0,0,0,0,0,0,0,0,0,0,0,0,0,0,0,0,0,0,0,0,0,0,0,0,0,0,0,0,0,0,0,0,0,0,0,0,0,0,0,0,0,0,0,0,0,0,0,0,0,0,0,0,0,0,0,0,0,0,0,0,0,0,0,0,0,0,0,0,0,0,0,0,0,0,0,0,0,0,0,0,0,0,0,0,0,0,0,0,0,0,0,0,0,0,0,0,0,0,0,0,0,0,0,0,0,0,0,0,0,0,0,0,0,-730,-176,-182,-205,-160,-61,65,187,292,357,384,371,323,249,148,36,-83,-207,-311,-405,-479,-517,-526,-502,-433,-334,-216,-73,91,257,417,548,653,720,745,731,669,564,415,238,48,-157,-359,-548,-711,-836,-914,-956,-950,-875,-752,-597,-398,-169,70,314,540,741,925,1057,1136,1150,1109,1019,859,650,411,143,-133,-406,-664,-900,-1090,-1223,-1298,-1303,-1249,-1130,-949,-727,-459,-175,127,428,720,968,1159,1309,1400,1407,1351,1225,1038,802,523,218,-103,-408,-713,-975,-1181,-1340,-1424,-1433,-1386,-1272,-1089,-856,-581,-279,35,347,647,906,1117,1278,1375,1409,1373,1275,1114,909,660,381,87,-215,-499,-762,-546,-1166,-1281,-1341,-1349,-1297,-1186,-1015,-806,-562,-283,0,287,563,814,1036,1212,1329,1391,1391,1320,1189,1007,781,504,189,-127,-441,-737,-1005,-1220,-1384,-1468,-1477,-1426,-1306,-1120,-875,-582,-275,47,369,676,944,1160,1315,1407,1430,1390,1282,1112,889,629,337,35,-270,-559,-811,-1028,-1196,-1304,-1348,-1335,-1253,-1114,-926,-692,-423,-129,182,473,733,968,1159,1282,1344,1338,1259,1113,901,639,343,21,-300,-599,-871,-1086,-1244,-1326,-1325,-1234,-1078,-862,-585,-276,47,356,633,868,1035,1133,1157,1101,971,788,563,305,46,-211,-449,-643,-793,-890,-920,-893,-808,-666,-464,-223,42,318,569,758,838,792,657,-150,-165,0,0,0,0,0,0,0,0,0,0,0,0,0,0,0,0,0,0,0,0,0,0,0,0,0,0,0,0,0,0,0,0,0,0,0,0,0,0,0,0,0,0,0,0,0,0,0,0,0,0,0,0,0,0,0,0,0,0,0,0,0,0,0,0,0,0,0,0,0,0,0,0,0,0,0,0,0,0,0,0,0,0,0,0,0,0,0,0,0,0,0,0,0,0,0,0,0,0,0,0,0,0,0,0,0,0,0,0,0,0,0,0,0,0,0,0,0,0,0,0,0,0,0,0,0,0,0,0,0,0,0,0,0,0,0,0,0,0,0,0,0,0,0,0,0,0,0,0,0,0,0,0,0,0,0,0,0,0,0,0,0,0,0,0,0,0,0,0,0,0,0,0,0,0,0,0,0,0,0,0,0,0,0,0,0,0,0,0,0,0,0,0,0,0,0,0,0,0,0,0,0,0,0,0,0,0,0,0,0,0,0,0,0,0,0,0,0,0,0,0,0,0,0,0,0,0,0,0,0,0,0,0,0,0,0,0,0,0,0,0,0,0,0,0,0,0,0,0,0,0,0,0,0,0,0,0,-128,-14,18,117,219,297,319,292,217,109,-10,-132,-240,-331,-395,-427,-434,-409,-352,-273,-161,-31,100,238,372,481,568,627,640,613,544,436,298,130,-47,-230,-405,-568,-701,-795,-847,-852,-806,-716,-577,-401,-198,14,240,461,649,816,956,1033,1060,1028,935,805,623,403,156,-108,-363,-614,-839,-1015,-1145,-1226,-1237,-1181,-1069,-904,-685,-436,-151,138,430,705,937,1136,1272,1350,1363,1309,1187,988,755,495,195,-119,-428,-723,-975,-1183,-1333,-1421,-1429,-1378,-1263,-1066,-832,-554,-242,78,385,680,942,1155,1317,1411,1435,1392,1278,1098,877,610,315,12,-296,-583,-840,-1054,-1220,-1331,-1383,-1360,-1276,-1138,1197,-721,-446,-172,116,398,663,895,1084,1233,1325,1352,1331,1240,1102,907,667,397,109,-191,-488,-763,-999,-1199,-1353,-1433,-1445,-1389,-1269,-1078,-837,-556,-232,89,410,712,978,1203,1359,1445,1471,1421,1301,1115,878,605,303,-11,-323,-619,-883,-1094,-1254,-1353,-1387,-1364,-1261,-1107,-904,-662,-385,-93,203,490,746,974,1153,1275,1341,1336,1259,1126,938,694,407,109,-206,-505,-777,-1015,-1197,-1315,-1356,-1313,-1202,-1024,-786,-504,-186,145,464,739,976,1150,1246,1261,1194,1055,848,590,309,11,-278,-542,-751,-910,-997,-1017,-981,-874,-716,-525,-295,-55,183,409,615,778,874,902,842,691,448,147,-160,-389,-98,-68
28925,mtk,MTK 7916,2777565533,rx1-tx0,512,0,0,0,0,0,0,0,0,0,0,0,0,0,0,0,0,0,0,0,0,0,0,0,0,0,0,0,0,0,0,0,0,0,0,0,0,0,0,0,0,0,0,0,0,0,0,0,0,0,0,0,0,0,0,0,0,0,0,0,0,0,0,0,0,0,0,0,0,0,0,0,0,0,0,0,0,0,0,0,0,0,0,0,0,0,0,0,0,0,0,0,0,0,0,0,0,0,0,0,0,0,0,0,0,0,0,0,0,0,0,0,0,0,0,0,0,0,0,0,0,0,0,0,0,0,0,0,0,0,0,0,0,0,0,0,0,0,0,0,0,0,0,0,0,0,0,0,0,0,0,0,0,0,0,0,0,0,0,0,0,0,0,0,0,0,0,0,0,0,0,0,0,0,0,0,0,0,0,0,0,0,0,0,0,0,0,0,0,0,0,0,0,0,0,0,0,0,0,0,0,0,0,0,0,0,0,0,0,0,0,0,0,0,0,0,0,0,0,0,0,0,0,0,0,0,0,0,0,0,0,0,0,0,0,0,0,0,0,0,0,0,0,0,0,0,0,0,0,0,0,0,0,0,0,0,0,146,19,231,-24,-80,-143,-182,-181,-152,-104,-45,27,90,142,184,208,215,202,174,127,71,12,-53,-123,-176,-212,-239,-248,-239,-210,-161,-107,-47,19,80,127,178,205,210,218,209,177,136,95,55,15,-28,-58,-90,-108,-122,-129,-132,-123,-111,-104,-87,-78,-66,-56,-41,-31,-22,-6,9,26,46,67,97,113,131,156,169,166,172,172,159,131,85,45,-12,-74,-139,-205,-263,-313,-337,-344,-337,-305,-250,-188,-96,18,117,218,307,375,436,465,451,426,377,296,203,103,-13,-123,-228,-331,-404,-453,-487,-485,-456,-399,-330,-237,-134,-25,97,201,295,370,435,471,479,469,-144,358,266,176,63,-50,-163,-264,-340,-406,-449,-457,-437,-396,-346,-270,-183,-83,10,110,193,265,326,364,381,377,347,314,259,189,117,38,-35,-113,-176,-230,-274,-289,-302,-299,-283,-250,-202,-136,-79,-28,34,95,144,182,213,226,229,227,218,188,146,111,72,22,-23,-64,-104,-131,-150,-165,-166,-167,-159,-135,-117,-91,-58,-28,-7,17,40,64,82,107,126,132,143,143,134,114,99,75,33,-10,-47,-84,-116,-138,-159,-162,-158,-151,-125,-89,-52,-7,35,79,118,146,161,163,154,133,106,68,26,-26,-63,-97,-130,-146,-144,-142,-115,-70,-21,27,70,94,-593,-401,0,0,0,0,0,0,0,0,0,0,0,0,0,0,0,0,0,0,0,0,0,0,0,0,0,0,0,0,0,0,0,0,0,0,0,0,0,0,0,0,0,0,0,0,0,0,0,0,0,0,0,0,0,0,0,0,0,0,0,0,0,0,0,0,0,0,0,0,0,0,0,0,0,0,0,0,0,0,0,0,0,0,0,0,0,0,0,0,0,0,0,0,0,0,0,0,0,0,0,0,0,0,0,0,0,0,0,0,0,0,0,0,0,0,0,0,0,0,0,0,0,0,0,0,0,0,0,0,0,0,0,0,0,0,0,0,0,0,0,0,0,0,0,0,0,0,0,0,0,0,0,0,0,0,0,0,0,0,0,0,0,0,0,0,0,0,0,0,0,0,0,0,0,0,0,0,0,0,0,0,0,0,0,0,0,0,0,0,0,0,0,0,0,0,0,0,0,0,0,0,0,0,0,0,0,0,0,0,0,0,0,0,0,0,0,0,0,0,0,0,0,0,0,0,0,0,0,0,0,0,0,0,0,0,0,0,0,0,0,0,0,0,0,0,0,0,0,0,0,0,0,0,0,0,0,0,206,1048,1020,-121,-121,-89,-22,52,119,167,199,202,182,149,99,43,-22,-84,-140,-186,-212,-225,-231,-211,-165,-114,-55,8,73,137,185,217,237,242,220,193,156,98,47,-6,-66,-114,-146,-165,-175,-184,-174,-160,-134,-109,-79,-52,-16,11,21,38,49,65,75,83,97,99,105,106,104,110,113,115,99,80,69,49,13,-26,-53,-96,-138,-178,-215,-242,-265,-265,-253,-226,-183,-118,-36,41,129,226,302,361,412,424,406,377,313,234,143,24,-82,-178,-279,-367,-424,-462,-478,-457,-425,-354,-258,-164,-56,62,175,277,359,426,467,491,482,439,376,297,207,94,-15,-125,147,-333,-392,-440,-468,-467,-449,-393,-319,-236,-128,-18,88,181,268,345,397,420,423,404,358,301,231,148,59,-33,-114,-186,-257,-302,-333,-343,-339,-322,-286,-239,-170,-96,-33,35,97,160,211,247,258,268,267,246,214,182,135,80,21,-26,-80,-126,-154,-176,-198,-206,-193,-180,-158,-125,-97,-59,-24,9,46,72,91,115,133,132,132,131,124,116,105,90,60,32,7,-27,-59,-87,-112,-140,-160,-160,-157,-146,-123,-93,-47,0,41,78,117,144,159,168,167,155,124,83,36,-3,-45,-86,-121,-143,-153,-147,-131,-115,-82,-35,5,49,96,126,137,127,99,62,889,985
28926,mtk,MTK 7916,2777565533,rx1-tx1,512,0,0,0,0,0,0,0,0,0,0,0,0,0,0,0,0,0,0,0,0,0,0,0,0,0,0,0,0,0,0,0,0,0,0,0,0,0,0,0,0,0,0,0,0,0,0,0,0,0,0,0,0,0,0,0,0,0,0,0,0,0,0,0,0,0,0,0,0,0,0,0,0,0,0,0,0,0,0,0,0,0,0,0,0,0,0,0,0,0,0,0,0,0,0,0,0,0,0,0,0,0,0,0,0,0,0,0,0,0,0,0,0,0,0,0,0,0,0,0,0,0,0,0,0,0,0,0,0,0,0,0,0,0,0,0,0,0,0,0,0,0,0,0,0,0,0,0,0,0,0,0,0,0,0,0,0,0,0,0,0,0,0,0,0,0,0,0,0,0,0,0,0,0,0,0,0,0,0,0,0,0,0,0,0,0,0,0,0,0,0,0,0,0,0,0,0,0,0,0,0,0,0,0,0,0,0,0,0,0,0,0,0,0,0,0,0,0,0,0,0,0,0,0,0,0,0,0,0,0,0,0,0,0,0,0,0,0,0,0,0,0,0,0,0,0,0,0,0,0,0,0,0,0,0,0,0,-411,-965,-873,8,31,57,77,86,81,62,33,-2,-46,-81,-92,-86,-61,-21,28,69,93,90,67,29,-13,-57,-91,-98,-74,-35,10,50,79,90,69,32,-11,-50,-67,-63,-46,-16,27,53,59,47,23,-11,-43,-61,-58,-35,4,46,69,72,50,7,-39,-71,-87,-75,-43,4,61,106,113,84,31,-36,-96,-131,-129,-95,-25,55,119,153,140,90,17,-62,-133,-166,-145,-85,-11,68,132,152,131,76,-3,-81,-139,-154,-126,-67,10,80,129,145,110,46,-21,-84,-130,-129,-94,-38,28,84,110,108,77,28,-23,-68,-90,-85,-63,-31,8,37,47,50,43,27,0,4,-10,-16,-13,-20,-32,-40,-42,-38,-18,14,51,84,101,94,61,9,-54,-113,-149,-149,-109,-34,58,138,189,195,148,59,-50,-155,-222,-229,-184,-89,41,160,236,248,197,91,-40,-166,-250,-267,-218,-111,27,158,241,264,218,115,-20,-152,-238,-252,-202,-99,30,153,233,243,187,88,-39,-154,-227,-235,-180,-75,50,162,230,240,179,70,-52,-161,-229,-234,-184,-86,34,153,224,233,185,94,-27,-133,-196,-219,-189,-108,1,100,175,199,174,108,20,-69,-137,-164,-147,-94,-19,62,123,154,146,98,27,-49,-118,-159,-163,-132,-77,-6,66,125,154,153,-985,-1015,0,0,0,0,0,0,0,0,0,0,0,0,0,0,0,0,0,0,0,0,0,0,0,0,0,0,0,0,0,0,0,0,0,0,0,0,0,0,0,0,0,0,0,0,0,0,0,0,0,0,0,0,0,0,0,0,0,0,0,0,0,0,0,0,0,0,0,0,0,0,0,0,0,0,0,0,0,0,0,0,0,0,0,0,0,0,0,0,0,0,0,0,0,0,0,0,0,0,0,0,0,0,0,0,0,0,0,0,0,0,0,0,0,0,0,0,0,0,0,0,0,0,0,0,0,0,0,0,0,0,0,0,0,0,0,0,0,0,0,0,0,0,0,0,0,0,0,0,0,0,0,0,0,0,0,0,0,0,0,0,0,0,0,0,0,0,0,0,0,0,0,0,0,0,0,0,0,0,0,0,0,0,0,0,0,0,0,0,0,0,0,0,0,0,0,0,0,0,0,0,0,0,0,0,0,0,0,0,0,0,0,0,0,0,0,0,0,0,0,0,0,0,0,0,0,0,0,0,0,0,0,0,0,0,0,0,0,0,0,0,0,0,0,0,0,0,0,0,0,0,0,0,0,0,0,0,-92,375,569,-64,-64,-54,-35,-4,32,65,86,92,82,54,11,-35,-74,-97,-95,-71,-27,21,61,88,98,81,39,-11,-51,-79,-91,-73,-38,6,46,74,82,64,24,-15,-46,-65,-62,-38,0,35,56,61,47,10,-30,-53,-61,-49,-20,20,58,77,68,41,-5,-53,-83,-91,-76,-32,25,81,114,115,82,24,-50,-115,-144,-129,-84,-13,62,127,158,146,88,9,-75,-135,-163,-149,-92,-3,84,143,161,137,76,-6,-87,-138,-148,-124,-66,15,90,131,135,102,48,-23,-82,-115,-120,-92,-35,27,73,95,95,76,31,-21,-58,-73,-70,-47,-24,-1,21,36,0,29,26,21,16,13,10,1,-18,-41,-61,-75,-67,-38,-1,45,97,124,119,86,25,-55,-126,-166,-173,-137,-54,54,148,204,211,166,72,-50,-161,-229,-247,-199,-98,31,158,245,266,212,102,-31,-155,-241,-264,-217,-112,27,157,238,259,212,107,-28,-150,-233,-251,-203,-96,35,149,228,245,193,86,-45,-161,-226,-236,-182,-76,45,153,223,233,181,78,-43,-152,-229,-243,-186,-86,29,135,212,229,184,96,-12,-116,-185,-206,-180,-110,-12,85,154,180,160,100,17,-65,-126,-157,-144,-92,-17,58,120,154,147,107,44,-31,-104,-155,-169,-153,-114,-62,2,-225,-26
28927,mtk,MTK 7916,2777565533,rx2-tx0,512,0,0,0,0,0,0,0,0,0,0,0,0,0,0,0,0,0,0,0,0,0,0,0,0,0,0,0,0,0,0,0,0,0,0,0,0,0,0,0,0,0,0,0,0,0,0,0,0,0,0,0,0,0,0,0,0,0,0,0,0,0,0,0,0,0,0,0,0,0,0,0,0,0,0,0,0,0,0,0,0,0,0,0,0,0,0,0,0,0,0,0,0,0,0,0,0,0,0,0,0,0,0,0,0,0,0,0,0,0,0,0,0,0,0,0,0,0,0,0,0,0,0,0,0,0,0,0,0,0,0,0,0,0,0,0,0,0,0,0,0,0,0,0,0,0,0,0,0,0,0,0,0,0,0,0,0,0,0,0,0,0,0,0,0,0,0,0,0,0,0,0,0,0,0,0,0,0,0,0,0,0,0,0,0,0,0,0,0,0,0,0,0,0,0,0,0,0,0,0,0,0,0,0,0,0,0,0,0,0,0,0,0,0,0,0,0,0,0,0,0,0,0,0,0,0,0,0,0,0,0,0,0,0,0,0,0,0,0,0,0,0,0,0,0,0,0,0,0,0,0,0,0,0,0,0,0,-136,115,-130,72,79,80,68,42,4,-32,-64,-86,-91,-75,-45,-9,28,64,83,81,60,31,-4,-43,-71,-81,-77,-56,-24,12,44,67,74,70,54,29,-4,-38,-64,-83,-89,-76,-48,-7,44,88,111,117,95,45,-25,-93,-142,-161,-139,-81,5,97,171,198,171,96,-13,-131,-216,-246,-211,-113,26,164,261,291,236,111,-51,-214,-318,-332,-250,-96,96,269,374,370,265,77,-142,-323,-423,-407,-272,-48,193,388,479,435,264,14,-245,-437,-508,-434,-238,31,296,478,525,422,198,-84,-342,-506,-524,-391,-142,147,390,524,506,342,75,-218,-448,-547,-488,-279,9,294,0,559,451,212,-90,-370,-541,-559,-413,-145,165,443,590,564,377,85,-243,-502,-619,-560,-342,-21,307,548,640,553,304,-32,-360,-588,-658,-546,-280,62,385,607,665,536,264,-77,-394,-602,-646,-516,-244,83,376,562,603,476,226,-74,-343,-513,-537,-423,-203,66,301,449,472,367,168,-64,-271,-392,-405,-311,-137,63,235,330,337,253,103,-67,-209,-289,-290,-207,-75,72,193,257,246,171,51,-74,-177,-234,-225,-157,-52,66,165,218,215,160,64,-50,-151,-206,-210,-171,-91,16,115,182,208,186,121,34,-64,-147,-193,-196,-161,-95,-13,72,142,183,193,174,131,67,790,584,0,0,0,0,0,0,0,0,0,0,0,0,0,0,0,0,0,0,0,0,0,0,0,0,0,0,0,0,0,0,0,0,0,0,0,0,0,0,0,0,0,0,0,0,0,0,0,0,0,0,0,0,0,0,0,0,0,0,0,0,0,0,0,0,0,0,0,0,0,0,0,0,0,0,0,0,0,0,0,0,0,0,0,0,0,0,0,0,0,0,0,0,0,0,0,0,0,0,0,0,0,0,0,0,0,0,0,0,0,0,0,0,0,0,0,0,0,0,0,0,0,0,0,0,0,0,0,0,0,0,0,0,0,0,0,0,0,0,0,0,0,0,0,0,0,0,0,0,0,0,0,0,0,0,0,0,0,0,0,0,0,0,0,0,0,0,0,0,0,0,0,0,0,0,0,0,0,0,0,0,0,0,0,0,0,0,0,0,0,0,0,0,0,0,0,0,0,0,0,0,0,0,0,0,0,0,0,0,0,0,0,0,0,0,0,0,0,0,0,0,0,0,0,0,0,0,0,0,0,0,0,0,0,0,0,0,0,0,0,0,0,0,0,0,0,0,0,0,0,0,0,0,0,0,0,0,1335,-1148,-1145,-25,-2,28,58,82,91,86,64,31,-8,-46,-75,-86,-81,-58,-20,24,59,76,77,67,41,8,-24,-52,-72,-77,-63,-41,-11,23,51,69,76,69,49,25,-14,-56,-85,-99,-93,-71,-25,32,88,126,134,107,54,-18,-94,-157,-179,-156,-87,11,116,196,226,197,112,-13,-142,-234,-262,-221,-114,32,182,287,314,244,99,-75,-237,-347,-352,-257,-91,113,300,401,390,269,71,-163,-360,-457,-428,-274,-37,216,413,495,437,253,-9,-270,-462,-521,-434,-226,44,313,489,523,410,179,-111,-369,-514,-510,-365,-115,177,424,537,490,302,24,-261,-472,-550,-470,0,49,331,519,562,437,187,-125,-404,-567,-564,-395,-111,207,472,605,566,361,49,-281,-533,-635,-558,-323,2,331,576,656,548,291,-47,-377,-605,-664,-543,-275,73,398,610,653,522,252,-80,-389,-592,-626,-496,-238,81,366,539,570,450,218,-68,-325,-486,-511,-400,-187,64,287,422,436,335,150,-69,-257,-368,-373,-281,-118,67,224,314,315,227,87,-72,-203,-268,-260,-187,-63,72,186,243,235,163,47,-76,-175,-228,-223,-158,-51,64,159,218,219,166,70,-36,-131,-195,-214,-179,-105,-5,94,168,201,193,139,55,-34,-116,-178,-202,-188,-144,-78,-1,69,119,144,-876,-1021
28928,mtk,MTK 7916,2777565533,rx2-tx1,512,0,0,0,0,0,0,0,0,0,0,0,0,0,0,0,0,0,0,0,0,0,0,0,0,0,0,0,0,0,0,0,0,0,0,0,0,0,0,0,0,0,0,0,0,0,0,0,0,0,0,0,0,0,0,0,0,0,0,0,0,0,0,0,0,0,0,0,0,0,0,0,0,0,0,0,0,0,0,0,0,0,0,0,0,0,0,0,0,0,0,0,0,0,0,0,0,0,0,0,0,0,0,0,0,0,0,0,0,0,0,0,0,0,0,0,0,0,0,0,0,0,0,0,0,0,0,0,0,0,0,0,0,0,0,0,0,0,0,0,0,0,0,0,0,0,0,0,0,0,0,0,0,0,0,0,0,0,0,0,0,0,0,0,0,0,0,0,0,0,0,0,0,0,0,0,0,0,0,0,0,0,0,0,0,0,0,0,0,0,0,0,0,0,0,0,0,0,0,0,0,0,0,0,0,0,0,0,0,0,0,0,0,0,0,0,0,0,0,0,0,0,0,0,0,0,0,0,0,0,0,0,0,0,0,0,0,0,0,0,0,0,0,0,0,0,0,0,0,0,0,0,0,0,0,0,0,236,853,932,40,56,71,77,66,43,12,-25,-57,-75,-79,-67,-40,-2,39,71,85,76,48,5,-43,-78,-93,-82,-49,4,61,101,106,82,33,-26,-77,-109,-111,-81,-19,53,102,124,113,61,-19,-90,-139,-150,-116,-39,54,142,191,183,118,6,-119,-212,-240,-207,-116,20,165,269,299,241,110,-60,-224,-337,-359,-280,-103,107,295,400,395,277,78,-155,-353,-453,-431,-289,-59,194,396,491,449,282,34,-235,-440,-522,-452,-251,16,278,470,532,441,224,-49,-307,-485,-523,-406,-181,93,336,477,488,363,132,-133,-349,-465,-439,-288,-58,183,362,431,373,203,-22,-232,0,-402,-303,-117,100,284,373,354,229,34,-173,-326,-375,-315,-153,54,245,364,377,272,88,-123,-298,-390,-363,-230,-36,174,330,385,334,191,-8,-208,-340,-371,-296,-133,60,228,328,337,247,88,-89,-232,-302,-289,-202,-50,106,221,266,226,126,-2,-124,-204,-215,-166,-68,48,136,177,159,95,9,-82,-149,-166,-130,-56,39,115,156,145,89,5,-79,-135,-154,-127,-67,20,94,141,145,113,47,-28,-94,-128,-131,-98,-39,34,99,131,117,79,22,-38,-80,-101,-100,-72,-25,25,65,76,66,41,1,-29,-50,-60,-45,-18,13,38,53,51,40,22,-5,-35,455,616,0,0,0,0,0,0,0,0,0,0,0,0,0,0,0,0,0,0,0,0,0,0,0,0,0,0,0,0,0,0,0,0,0,0,0,0,0,0,0,0,0,0,0,0,0,0,0,0,0,0,0,0,0,0,0,0,0,0,0,0,0,0,0,0,0,0,0,0,0,0,0,0,0,0,0,0,0,0,0,0,0,0,0,0,0,0,0,0,0,0,0,0,0,0,0,0,0,0,0,0,0,0,0,0,0,0,0,0,0,0,0,0,0,0,0,0,0,0,0,0,0,0,0,0,0,0,0,0,0,0,0,0,0,0,0,0,0,0,0,0,0,0,0,0,0,0,0,0,0,0,0,0,0,0,0,0,0,0,0,0,0,0,0,0,0,0,0,0,0,0,0,0,0,0,0,0,0,0,0,0,0,0,0,0,0,0,0,0,0,0,0,0,0,0,0,0,0,0,0,0,0,0,0,0,0,0,0,0,0,0,0,0,0,0,0,0,0,0,0,0,0,0,0,0,0,0,0,0,0,0,0,0,0,0,0,0,0,0,0,0,0,0,0,0,0,0,0,0,0,0,0,0,0,0,0,0,-351,436,253,-40,-28,-10,18,48,71,83,84,67,33,-7,-45,-76,-88,-74,-43,-7,37,74,87,74,45,2,-45,-84,-95,-77,-37,14,66,104,111,80,24,-40,-90,-119,-114,-71,-3,68,119,135,114,54,-33,-119,-168,-171,-123,-30,86,175,219,202,121,-7,-140,-234,-270,-228,-115,44,199,301,322,251,100,-91,-261,-362,-371,-276,-96,123,317,427,410,280,69,-177,-379,-474,-439,-280,-39,217,413,502,449,268,8,-261,-457,-526,-453,-250,28,296,480,530,432,211,-75,-328,-483,-506,-384,-150,110,337,473,465,322,95,-156,-359,-449,-407,-248,-22,203,363,411,335,0,-57,-253,-372,-376,-262,-74,137,304,385,336,184,-20,-217,-346,-370,-291,-119,89,274,381,372,252,61,-149,-317,-392,-353,-211,-8,198,348,386,313,155,-39,-219,-335,-351,-267,-113,70,228,319,313,214,60,-104,-230,-287,-262,-161,-17,125,212,240,196,97,-27,-136,-195,-188,-127,-29,67,141,173,146,66,-28,-105,-148,-150,-109,-27,68,142,164,138,79,0,-80,-138,-153,-120,-57,22,94,139,144,103,39,-34,-97,-131,-128,-87,-19,43,86,113,108,74,26,-26,-66,-85,-79,-53,-15,20,51,63,55,33,0,-32,-52,-54,-41,-13,15,41,60,66,55,853,743
28929,mtk,MTK 7916,2777582331,rx0-tx0,512,-1687,-437,-256,129,40,-48,-135,-213,-282,-353,-391,-410,-426,-409,-363,-309,-230,-137,-30,84,195,295,389,465,518,540,525,486,406,306,189,50,-94,-235,-366,-474,-566,-612,-626,-606,-542,-454,-332,-189,-34,121,263,400,509,584,628,635,614,551,460,353,226,86,-64,-203,-337,-448,-543,-608,-646,-651,-613,-556,-471,-352,-210,-57,106,262,400,543,651,728,764,752,704,610,485,324,130,-75,-272,-462,-632,-762,-854,-898,-885,-821,-707,-539,-339,-112,121,340,558,742,871,954,981,939,832,698,510,279,40,-198,-430,-640,-805,-922,-989,-991,-935,-821,-661,-459,-235,11,255,482,685,842,-273,1004,995,929,801,640,431,192,-57,-308,-540,-732,-891,-1006,-1053,-1033,-947,-813,-621,-384,-131,134,397,636,836,1003,1098,1122,1084,977,806,574,314,33,-259,-538,-788,-985,-1121,-1190,-1183,-1102,-949,-736,-466,-160,159,465,745,967,1135,1233,1248,1179,1027,806,539,234,-94,-412,-700,-939,-1109,-1198,-1210,-1140,-998,-784,-520,-224,82,368,634,846,992,1072,1074,1001,858,677,450,187,-71,-307,-520,-694,-814,-880,-881,-821,-713,-553,-384,-178,42,231,405,553,655,714,721,676,588,453,295,116,-67,-244,-406,-525,-605,-635,-610,-528,-403,-237,-47,136,307,432,495,501,432,310,156,12,-800,-710,-546,-1166,-1281,136,30,-91,-206,-300,-363,-379,-345,-269,-166,-46,76,193,289,364,408,410,385,335,256,160,46,-69,-182,-279,-355,-410,-451,-454,-418,-358,-271,-159,-43,92,217,335,438,499,529,524,486,410,291,150,15,-130,-272,-390,-475,-538,-560,-549,-497,-402,-291,-148,-3,141,265,369,449,501,526,503,457,389,287,184,73,-44,-162,-272,-363,-429,-473,-476,-464,-412,-344,-256,-141,-26,91,201,293,370,415,430,423,398,350,279,187,92,-8,-100,-194,-265,-319,-360,-370,-358,-324,-284,-223,-143,-62,20,92,157,205,247,277,285,282,263,232,188,140,98,48,-3,-57,-110,-730,-192,-227,-256,-268,-270,-262,-240,-203,-144,-78,-5,74,147,213,276,318,332,336,323,273,211,138,59,-23,-94,-166,-227,-265,-292,-301,-297,-279,-243,-202,-152,-93,-34,24,84,137,185,225,257,280,282,291,272,240,187,135,78,2,-77,-154,-222,-278,-333,-367,-376,-362,-325,-274,-201,-120,-28,73,170,258,322,366,397,400,384,343,284,216,129,33,-57,-155,-229,-291,-342,-367,-381,-382,-353,-311,-256,-177,-96,-11,82,181,263,326,378,410,411,395,357,296,212,116,24,-80,-178,-257,-329,-374,-396,-408,-391,-351,-295,-223,-137,-46,45,130,208,283,331,363,378,-499,-762,-175,804,873,-369,-390,-392,-372,-329,-289,-219,-127,-41,54,159,245,326,396,446,476,474,445,393,321,223,110,-16,-141,-268,-389,-475,-546,-586,-588,-556,-480,-387,-263,-119,31,189,329,447,544,611,639,626,584,508,399,268,122,-29,-173,-315,-430,-525,-598,-632,-628,-594,-533,-442,-335,-205,-70,78,221,354,479,580,651,688,698,653,589,487,345,186,8,-174,-346,-513,-647,-760,-824,-833,-800,-724,-598,-433,-242,-30,191,405,604,766,877,942,940,889,787,618,416,197,-44,-287,-502,-690,-854,-952,-984,-965,-893,-760,-577,-368,-136,109,347,567,748,889,972,1001,963,877,733,543,-1322,76,-165,-402,-615,-794,-934,-1011,-1032,-986,-872,-711,-524,-295,-44,222,469,687,877,1006,1076,1086,1028,899,722,495,224,-51,-325,-583,-813,-994,-1111,-1164,-1143,-1052,-890,-663,-395,-101,201,493,759,979,1136,1218,1220,1149,998,774,506,201,-115,-430,-721,-958,-1126,-1229,-1243,-1174,-1029,-812,-542,-240,73,381,664,900,1062,1147,1146,1081,945,737,491,220,-64,-339,-582,-770,-915,-984,-975,-902,-784,-612,-411,-188,53,267,464,616,723,797,786,733,642,513,346,159,-41,-225,-393,-525,-618,-673,-670,-622,-516,-379,-217,-34,153,323,460,557,590,561,472,329,162,-17,-185,-306,-368,-358,389,547,1197,-721,-446,-238,-300,-307,-269,-185,-74,59,183,286,361,399,396,359,288,196,83,-37,-146,-255,-340,-401,-427,-427,-394,-332,-247,-151,-39,87,204,302,395,457,491,489,449,387,288,166,28,-112,-246,-369,-470,-527,-553,-550,-498,-404,-288,-158,-8,138,280,392,477,536,550,535,470,391,280,163,34,-98,-210,-319,-405,-456,-491,-492,-460,-405,-323,-230,-112,7,125,237,323,399,445,459,450,409,352,267,165,57,-52,-150,-246,-322,-376,-403,-405,-385,-341,-273,-203,-120,-33,56,137,205,270,301,324,329,316,279,231,171,101,34,-29,-88,-138,-183,-205,-229,-242,-245,-239,-229,-128,-168,-134,-79,-21,42,103,164,221,270,299,317,316,290,251,191,109,29,-48,-131,-206,-259,-301,-328,-327,-311,-277,-226,-169,-100,-28,41,104,158,204,243,268,277,274,267,242,212,169,124,60,3,-62,-134,-197,-245,-280,-314,-337,-333,-310,-264,-205,-141,-64,21,113,200,277,339,372,390,391,370,322,245,166,69,-29,-123,-207,-275,-333,-378,-392,-388,-364,-312,-260,-182,-98,-19,72,159,233,302,352,382,397,396,366,309,240,161,67,-31,-124,-216,-297,-357,-395,-414,-410,-375,-324,-256,-165,-77,17,116,199,273,327,367,386,385,365,326,270,196,119,28,-1276,-1138
28930,mtk,MTK 7916,2777582331,rx0-tx1,512,-144,358,266,-859,-970,-1031,-1035,-974,-880,-727,-532,-318,-65,185,420,636,826,971,1059,1094,1068,981,836,645,417,167,-96,-360,-606,-816,-984,-1093,-1150,-1140,-1063,-932,-753,-519,-259,22,297,553,799,997,1129,1206,1212,1151,1025,836,603,331,40,-252,-530,-776,-977,-1123,-1212,-1220,-1166,-1047,-877,-651,-397,-121,156,426,682,890,1049,1156,1198,1171,1090,951,757,523,257,-16,-295,-559,-797,-996,-1140,-1218,-1232,-1175,-1047,-865,-635,-359,-62,241,537,791,1012,1169,1257,1268,1205,1076,883,631,351,45,-259,-543,-799,-998,-1140,-1213,-1208,-1140,-1005,-814,-579,-317,-35,242,500,719,907,1038,1109,1112,1058,948,146,578,340,79,-178,-417,-638,-835,-974,-1057,-1087,-1050,-961,-818,-621,-391,-131,129,392,631,829,991,1086,1126,1091,1001,843,636,399,132,-142,-419,-667,-865,-1021,-1118,-1151,-1112,-1002,-840,-622,-372,-101,181,455,705,910,1063,1144,1157,1110,986,810,581,309,14,-271,-546,-793,-977,-1111,-1174,-1156,-1062,-900,-687,-428,-143,155,443,683,874,1013,1088,1084,1015,876,679,444,182,-84,-334,-553,-733,-864,-919,-921,-869,-758,-599,-405,-192,24,231,418,568,682,746,757,720,635,508,346,169,-20,-206,-366,-495,-588,-640,-627,-566,-465,-316,-151,21,197,335,439,494,485,418,305,160,14,-104,479,469,0,4,-10,-86,-232,-368,-456,-486,-454,-354,-212,-42,130,291,432,531,580,578,528,439,315,172,17,-144,-296,-425,-523,-601,-628,-612,-572,-488,-367,-218,-55,119,298,459,584,692,761,778,741,653,526,368,169,-60,-282,-490,-679,-822,-916,-960,-932,-843,-695,-483,-256,1,270,515,739,908,1017,1063,1038,940,791,589,352,87,-169,-430,-657,-849,-998,-1078,-1093,-1032,-912,-729,-512,-256,20,284,533,748,913,1029,1076,1052,968,831,636,420,177,-73,-317,-538,-732,-876,-974,-1013,-990,-923,-795,-620,-417,-188,50,292,496,687,837,942,1005,1002,948,836,678,485,259,26,-216,-460,-679,-853,-411,-1070,-1085,-1049,-942,-780,-576,-328,-59,213,490,731,939,1097,1188,1211,1159,1032,854,616,334,33,-273,-566,-827,-1041,-1200,-1280,-1274,-1197,-1049,-845,-584,-304,1,299,590,840,1037,1168,1247,1252,1175,1048,846,612,337,52,-242,-523,-764,-966,-1128,-1216,-1242,-1196,-1084,-915,-698,-447,-162,128,417,682,906,1087,1209,1269,1249,1159,1004,800,549,267,-39,-327,-614,-867,-1068,-1202,-1267,-1269,-1190,-1034,-837,-585,-302,1,302,576,827,1028,1165,1235,1236,1164,1031,840,602,327,31,-253,-517,-758,-950,-1085,-1166,-1173,-1117,-992,-814,-597,-350,-80,187,446,667,857,988,1053,1080,1052,947,797,611,386,43,27,147,-333,-392,-588,-366,-137,112,348,561,764,902,1006,1059,1044,980,863,699,484,246,-10,-267,-513,-729,-908,-1034,-1104,-1116,-1065,-957,-796,-584,-337,-72,197,456,691,899,1056,1154,1190,1152,1061,904,688,433,160,-132,-414,-673,-894,-1067,-1187,-1233,-1208,-1111,-956,-749,-500,-216,76,352,614,846,1028,1147,1206,1191,1125,991,807,584,328,48,-227,-488,-729,-931,-1085,-1173,-1204,-1170,-1076,-921,-713,-459,-180,107,398,665,893,1079,1203,1256,1247,1153,995,775,505,215,-92,-393,-674,-921,-1103,-1212,-1258,-1222,-1124,-954,-730,-467,-175,120,398,655,868,1027,1134,1167,1135,1033,884,688,449,188,-80,-336,-575,206,-935,-1043,-1092,-1077,-1009,-887,-712,-487,-248,10,269,512,730,901,1026,1091,1095,1038,911,741,523,266,0,-268,-517,-749,-927,-1055,-1121,-1122,-1063,-926,-738,-514,-254,19,302,564,791,968,1086,1147,1139,1061,917,720,484,211,-69,-359,-621,-846,-1021,-1140,-1181,-1145,-1046,-865,-638,-379,-92,206,488,733,932,1071,1146,1144,1055,901,699,452,166,-114,-380,-620,-813,-948,-1019,-1020,-954,-824,-646,-420,-177,55,281,487,646,762,825,834,789,688,547,380,185,-12,-206,-381,-528,-627,-684,-693,-651,-559,-434,-281,-101,82,247,392,503,558,575,529,426,294,129,-41,-194,-310,-367,-361,-312,-15,-125,0,29,26,-362,-340,-246,-102,66,242,394,502,554,542,484,380,238,77,-93,-250,-388,-495,-564,-596,-588,-536,-443,-321,-177,-8,142,295,443,562,641,682,689,650,562,439,289,105,-90,-282,-465,-621,-751,-844,-872,-841,-760,-621,-432,-220,25,276,511,729,889,991,1035,997,904,747,538,290,29,-235,-487,-714,-895,-1020,-1069,-1063,-994,-858,-673,-438,-169,104,367,608,815,970,1070,1090,1043,940,777,577,337,72,-188,-434,-660,-839,-958,-1028,-1037,-989,-879,-718,-514,-287,-46,188,414,623,789,909,978,999,959,862,730,543,338,106,-130,-358,-574,-756,-905,-995,-1029,-1013,-941,-807,-626,-92,-177,77,339,588,794,965,1088,1142,1134,1056,913,723,477,198,-94,-393,-663,-894,-1087,-1209,-1260,-1241,-1139,-971,-735,-464,-158,147,448,726,969,1144,1245,1277,1234,1125,943,715,452,168,-142,-428,-691,-918,-1086,-1197,-1243,-1227,-1128,-971,-774,-527,-247,40,330,595,838,1027,1164,1236,1237,1178,1044,864,627,361,66,-231,-512,-769,-984,-1147,-1250,-1276,-1230,-1122,-938,-705,-431,-139,165,468,726,951,1128,1239,1273,1231,1121,953,720,454,170,-129,-418,-682,-902,-1068,-1180,-1220,-1184,-1087,-930,-715,-470,-199,82,353,604,813,975,1083,1130,1108,1025,887,705,472,233,-9,-267,-506,-699,-855,-964,21,36
28931,mtk,MTK 7916,2777582331,rx1-tx0,512,0,559,451,388,550,671,764,814,823,786,710,607,462,291,110,-75,-259,-433,-585,-700,-781,-836,-838,-801,-709,-588,-440,-258,-62,141,344,529,698,825,909,944,951,882,762,605,408,193,-40,-298,-530,-728,-899,-1023,-1090,-1102,-1048,-939,-771,-556,-290,0,275,555,816,1021,1181,1265,1282,1218,1080,873,603,307,-32,-363,-668,-945,-1166,-1314,-1384,-1368,-1274,-1093,-840,-538,-209,132,465,779,1035,1221,1343,1380,1343,1223,1026,772,475,146,-183,-495,-795,-1032,-1212,-1308,-1342,-1289,-1158,-964,-714,-416,-89,229,546,826,1041,1207,1290,1293,1216,1080,866,603,308,-17,-325,-606,-855,-1050,-1172,-1222,-1198,-1102,-136,-728,-467,-185,108,393,640,857,1018,1106,1138,1093,991,826,605,352,90,-180,-433,-655,-843,-979,-1045,-1031,-972,-864,-698,-496,-266,-12,227,461,654,797,892,939,921,857,735,573,377,165,-48,-250,-435,-593,-715,-788,-806,-794,-723,-614,-480,-322,-155,20,188,347,487,599,677,715,706,657,579,477,337,171,10,-160,-311,-455,-569,-647,-687,-687,-648,-565,-446,-292,-133,41,217,368,491,586,636,642,613,531,441,304,151,3,-160,-300,-413,-502,-551,-563,-541,-473,-380,-258,-125,17,156,283,387,453,485,475,432,346,230,97,-47,-173,-272,-346,-372,-352,-291,-193,-81,19,9,294,0,-402,-303,-162,-109,-30,62,153,230,284,301,287,243,178,97,0,-85,-168,-238,-288,-315,-324,-315,-280,-229,-168,-84,5,84,172,250,303,359,394,401,381,343,279,196,86,-26,-147,-276,-388,-478,-539,-577,-566,-516,-428,-306,-166,-7,171,342,495,615,706,744,732,667,551,405,220,25,-177,-380,-545,-683,-787,-843,-833,-779,-667,-524,-334,-126,105,337,544,704,834,917,945,902,804,656,448,215,-25,-280,-502,-700,-863,-960,-1001,-973,-888,-750,-564,-327,-72,168,418,643,811,926,997,1004,941,825,656,447,209,-41,-282,-513,-709,-864,-957,-992,-978,-896,-766,-590,-370,-132,106,236,552,733,872,956,984,958,885,748,574,365,125,-111,-348,-576,-771,-910,-1001,-1029,-999,-920,-772,-575,-355,-114,139,384,608,790,931,1014,1046,1014,924,786,602,380,123,-125,-359,-597,-795,-939,-1041,-1076,-1060,-983,-852,-661,-437,-191,66,329,574,797,961,1069,1136,1124,1045,911,723,483,217,-49,-338,-597,-829,-1015,-1131,-1191,-1183,-1095,-944,-743,-498,-217,84,370,636,859,1036,1145,1178,1150,1051,896,684,425,160,-117,-396,-635,-833,-983,-1077,-1099,-1068,-963,-810,-611,-381,-129,120,363,575,757,903,985,1010,977,891,760,577,361,138,-90,-318,-515,-682,-813,-896,-921,-882,-804,-691,-22,-232,0,49,331,755,630,487,318,133,-55,-244,-403,-555,-682,-761,-807,-811,-779,-709,-594,-439,-280,-88,101,295,471,615,739,825,874,884,837,741,599,429,230,24,-195,-425,-617,-787,-922,-998,-1034,-1005,-901,-770,-593,-367,-122,142,398,639,852,1024,1149,1191,1174,1095,937,719,452,149,-164,-476,-755,-1006,-1188,-1315,-1362,-1310,-1190,-1003,-740,-426,-88,259,583,890,1129,1296,1377,1386,1316,1163,930,652,340,7,-320,-635,-907,-1126,-1282,-1359,-1340,-1260,-1097,-873,-600,-294,25,364,668,930,1132,1270,1324,1301,1210,1025,788,514,200,-119,-430,-713,-957,-1130,-1242,-1278,-1222,-1105,-924,-676,-397,-92,209,497,1335,955,1102,1172,1177,1104,970,783,543,278,-3,-284,-536,-761,-930,-1039,-1088,-1076,-990,-847,-660,-437,-180,79,324,554,747,886,979,998,960,867,715,531,322,97,-133,-349,-543,-701,-814,-872,-876,-827,-734,-597,-435,-248,-63,130,320,472,603,693,737,741,709,645,541,407,253,84,-93,-255,-398,-521,-629,-681,-694,-668,-614,-527,-402,-252,-86,85,250,402,531,621,667,677,632,545,433,300,146,-10,-179,-321,-440,-548,-593,-608,-581,-508,-412,-291,-145,1,150,281,385,467,510,524,491,424,320,200,62,-73,-206,-319,-397,-439,-435,-383,-303,-195,-65,62,170,243,268,250,-550,-470,0,-57,-253,140,204,243,256,232,179,91,-13,-113,-195,-255,-299,-317,-305,-275,-218,-145,-65,16,98,176,241,297,336,340,335,318,268,208,135,42,-59,-156,-254,-342,-415,-463,-479,-477,-435,-364,-259,-134,9,163,312,447,561,625,665,654,603,500,366,196,6,-181,-372,-537,-673,-761,-792,-787,-718,-598,-451,-268,-61,145,348,530,689,808,875,894,850,738,583,399,177,-68,-312,-524,-712,-859,-940,-978,-949,-847,-696,-496,-264,-24,225,457,663,834,959,1000,991,929,784,595,385,147,-112,-361,-582,-772,-914,-995,-1007,-964,-868,-717,-524,-286,-44,203,438,631,802,916,973,971,-351,825,673,475,250,12,-225,-458,-663,-817,-937,-996,-1000,-953,-843,-676,-475,-246,5,248,479,695,856,965,1030,1029,975,854,685,475,240,-9,-261,-489,-695,-861,-989,-1045,-1038,-999,-897,-727,-526,-290,-34,222,468,690,877,1007,1090,1106,1064,963,805,591,356,82,-201,-464,-699,-905,-1061,-1144,-1177,-1137,-1016,-851,-626,-367,-88,206,489,739,941,1089,1179,1194,1142,1016,829,594,323,35,-252,-523,-753,-950,-1083,-1142,-1147,-1069,-933,-749,-525,-269,-5,256,502,706,872,989,1050,1045,981,858,698,492,255,16,-221,-439,-638,-802,-904,-957,-959,-901,-789,-645,-464,-252,-28,183,366,540,411,335
28932,mtk,MTK 7916,2777582331,rx1-tx1,512,0,0,0,-613,-297,100,470,709,742,566,222,-196,-546,-733,-713,-489,-122,284,611,750,668,392,-6,-406,-684,-757,-612,-285,130,509,741,755,541,160,-272,-630,-804,-741,-454,-32,406,731,843,706,358,-101,-539,-824,-866,-654,-240,246,672,906,871,583,121,-382,-786,-968,-874,-519,-11,506,884,1011,847,442,-96,-607,-947,-1021,-790,-343,192,676,971,984,713,245,-297,-740,-965,-918,-608,-115,402,794,946,819,461,-23,-503,-826,-896,-710,-323,158,584,837,839,588,174,-286,-663,-845,-776,-484,-41,414,738,842,701,353,-108,-535,-797,-826,-619,-227,238,636,846,808,535,99,-369,-725,0,-767,-437,24,487,812,903,730,345,-146,-611,-899,-928,-692,-252,265,722,978,956,660,176,-365,-810,-1029,-964,-618,-96,458,894,1078,954,568,22,-547,-963,-1099,-931,-512,60,613,1001,1111,900,428,-156,-696,-1041,-1094,-837,-349,244,766,1073,1082,787,258,-337,-842,-1116,-1078,-734,-182,424,919,1163,1088,715,147,-466,-952,-1181,-1097,-713,-136,470,945,1166,1079,707,154,-436,-907,-1122,-1036,-684,-161,386,818,1024,960,649,179,-326,-732,-930,-879,-603,-189,266,639,830,798,565,192,-218,-557,-747,-743,-553,-234,133,453,656,701,585,340,32,-274,-503,-614,-598,-469,-270,-51,145,294,0,0,0,0,0,25,184,337,458,502,450,299,62,-203,-444,-601,-633,-522,-281,36,358,604,712,646,419,76,-303,-609,-767,-734,-510,-146,263,618,820,802,570,189,-261,-650,-869,-866,-630,-211,272,692,935,934,681,235,-282,-733,-991,-979,-711,-252,292,769,1040,1028,751,273,-288,-776,-1050,-1039,-754,-270,287,756,1011,995,711,221,-316,-748,-970,-926,-621,-148,352,752,939,851,526,53,-424,-772,-898,-767,-421,43,494,800,873,694,315,-155,-571,-816,-829,-608,-214,244,637,847,803,533,121,-333,-697,-861,-773,-473,-48,392,727,850,730,404,-32,-452,-740,-818,-665,-319,112,502,741,765,0,203,-204,-552,-740,-706,-464,-86,323,628,740,639,351,-47,-433,-687,-742,-583,-252,155,519,730,726,508,146,-265,-598,-755,-689,-416,-22,376,668,764,632,310,-109,-498,-742,-776,-580,-202,241,609,801,764,498,82,-361,-702,-843,-746,-430,19,466,779,871,713,349,-115,-545,-820,-864,-658,-270,192,593,827,820,582,183,-256,-609,-785,-734,-480,-95,307,610,721,619,345,-20,-363,-585,-625,-481,-193,152,433,569,531,327,22,-285,-498,-558,-442,-182,130,404,555,525,333,45,-269,-513,-599,-503,-254,82,401,606,632,474,171,-192,-505,-674,-642,-424,-79,293,586,719,640,0,0,0,0,0,-440,-692,-753,-593,-259,144,505,725,735,528,166,-240,-571,-739,-695,-446,-63,339,642,757,640,334,-70,-462,-722,-763,-578,-223,206,575,779,756,504,100,-336,-676,-823,-728,-412,32,467,769,854,680,302,-171,-604,-862,-871,-617,-188,307,727,940,877,555,62,-453,-834,-990,-869,-490,43,559,915,1015,826,396,-145,-646,-969,-1007,-761,-297,244,708,969,954,666,191,-341,-766,-962,-875,-534,-50,438,800,920,766,399,-82,-541,-830,-869,-652,-248,219,624,839,807,535,101,-359,-708,-841,-734,-411,34,475,774,841,658,284,-176,-585,-820,-819,-576,-163,302,680,859,794,498,0,-435,-773,-892,-756,-399,84,550,863,924,712,301,-208,-665,-937,-940,-675,-211,318,764,1005,959,636,127,-422,-852,-1052,-953,-582,-45,512,932,1086,945,543,-22,-588,-986,-1110,-924,-473,106,649,1015,1096,870,400,-187,-723,-1059,-1095,-811,-305,283,803,1093,1076,757,222,-380,-882,-1138,-1077,-719,-160,450,946,1183,1091,711,141,-475,-957,-1182,-1089,-706,-134,463,925,1143,1060,700,163,-413,-861,-1068,-997,-666,-174,355,777,978,921,628,178,-302,-689,-876,-837,-589,-192,244,601,786,764,554,212,-176,-508,-705,-722,-566,-282,62,380,603,679,603,412,151,-124,-349,-485,-516,-460,-332,0,0,0,0,0,-368,-364,-289,-136,69,288,477,586,571,426,186,-109,-399,-606,-675,-589,-351,-20,321,601,739,694,464,109,-283,-608,-787,-771,-550,-177,255,634,845,835,602,192,-276,-672,-907,-904,-647,-213,286,715,960,958,697,242,-291,-755,-1021,-1013,-738,-272,286,779,1050,1041,761,276,-289,-771,-1036,-1022,-737,-254,295,755,998,961,665,190,-332,-755,-959,-897,-580,-106,383,756,911,807,473,4,-458,-782,-883,-728,-365,100,534,808,852,650,263,-197,-603,-835,-827,-582,-171,290,668,850,798,513,78,-376,-719,-854,-758,-449,-7,430,741,836,696,366,-67,-473,-733,-783,-611,-264,159,0,741,731,512,143,-267,-597,-748,-673,-406,-24,369,655,749,618,298,-105,-475,-717,-742,-544,-188,217,563,747,710,466,80,-330,-643,-768,-669,-366,43,441,706,768,600,254,-172,-555,-778,-762,-525,-133,307,661,826,757,469,34,-415,-745,-859,-724,-384,67,508,804,870,686,303,-158,-578,-831,-842,-627,-239,224,613,811,788,543,146,-282,-612,-760,-686,-415,-38,332,593,671,548,268,-83,-396,-580,-579,-404,-111,213,465,564,485,256,-54,-345,-525,-545,-390,-107,209,466,583,519,298,-19,-339,-561,-619,-492,-214,136,458,644,639,449,126,-240,-548,-698,-645,-404,-38,339,0,0
28933,mtk,MTK 7916,2777582331,rx2-tx0,512,0,0,0,-668,-390,1,398,681,773,653,347,-66,-450,-703,-765,-614,-290,114,487,717,737,557,226,-171,-517,-704,-688,-483,-145,232,537,683,627,388,40,-305,-550,-634,-535,-283,37,340,541,573,437,176,-138,-399,-524,-488,-305,-36,237,434,492,402,186,-91,-331,-463,-453,-298,-48,219,411,477,397,192,-79,-334,-486,-493,-348,-89,201,430,538,488,287,-5,-303,-510,-562,-456,-214,101,390,563,571,408,131,-190,-463,-600,-557,-359,-48,273,513,605,523,293,-29,-340,-548,-603,-479,-218,108,402,575,580,422,144,-177,-444,-577,-541,-350,-61,244,474,567,489,269,-24,-309,-496,0,-411,-171,110,352,501,494,328,73,-202,-422,-512,-448,-248,32,303,487,528,403,151,-141,-396,-540,-521,-353,-71,242,491,602,528,295,-22,-339,-567,-632,-508,-231,116,439,646,668,488,160,-226,-551,-723,-692,-460,-90,323,653,802,732,454,34,-410,-746,-879,-777,-453,5,476,822,954,824,467,-18,-496,-848,-980,-849,-495,-9,481,844,978,857,507,30,-446,-802,-949,-838,-503,-49,409,748,886,791,492,72,-356,-677,-822,-746,-483,-107,286,595,736,691,475,141,-218,-504,-659,-645,-478,-201,116,393,560,589,483,277,21,-229,-413,-494,-472,-362,-190,-6,150,251,291,0,0,0,0,0,-102,-4,117,239,334,381,349,233,59,-139,-319,-443,-471,-389,-212,19,255,440,521,476,313,66,-206,-429,-550,-533,-375,-119,172,425,569,567,411,139,-168,-435,-593,-592,-431,-158,159,441,607,612,449,166,-164,-450,-610,-611,-446,-160,176,454,601,588,410,125,-194,-458,-591,-555,-366,-82,217,448,556,510,309,31,-244,-447,-518,-436,-236,19,277,443,460,351,146,-107,-326,-433,-410,-259,-31,205,381,445,371,179,-71,-301,-441,-452,-324,-99,157,379,490,455,293,45,-228,-436,-514,-440,-243,33,304,485,527,422,187,-105,-369,-533,-541,-391,-121,194,452,582,542,0,44,-270,-513,-613,-538,-309,12,341,567,629,514,247,-95,-412,-614,-643,-484,-180,175,477,647,636,439,118,-242,-535,-667,-598,-360,-22,328,585,669,557,280,-82,-419,-636,-663,-495,-189,175,492,656,634,427,84,-284,-566,-685,-600,-341,20,380,623,685,551,247,-137,-478,-676,-683,-490,-158,229,550,703,656,422,59,-318,-589,-690,-595,-328,38,390,622,670,514,209,-146,-454,-630,-617,-423,-102,248,519,630,553,309,-23,-351,-577,-619,-476,-201,133,440,621,603,409,96,-250,-520,-635,-561,-318,21,354,591,653,519,236,-133,-467,-659,-670,-484,-154,221,545,717,675,0,0,0,0,0,-370,-654,-763,-662,-372,27,421,701,778,634,318,-85,-467,-709,-750,-584,-252,148,501,716,719,519,175,-211,-532,-694,-655,-435,-96,267,546,661,581,340,4,-326,-555,-612,-488,-230,83,365,536,537,373,108,-183,-409,-506,-445,-246,25,288,452,473,348,112,-155,-368,-477,-434,-250,15,275,453,490,375,138,-142,-386,-515,-483,-314,-48,249,478,561,478,245,-61,-348,-539,-574,-439,-171,147,427,580,567,391,96,-229,-488,-602,-538,-316,-5,307,534,605,501,252,-67,-372,-564,-588,-453,-182,144,424,576,563,384,94,-217,-461,-569,-515,-318,-27,272,484,550,452,223,0,-335,-494,-510,-374,-128,154,393,508,465,287,22,-262,-461,-518,-425,-201,90,359,515,523,377,113,-192,-441,-568,-526,-319,-15,297,528,615,517,265,-68,-392,-606,-648,-499,-193,175,496,685,673,469,123,-274,-601,-760,-710,-455,-58,364,697,843,749,444,3,-453,-785,-915,-803,-466,16,492,847,978,848,487,-1,-494,-853,-991,-866,-506,-13,477,833,970,848,510,44,-426,-783,-923,-811,-495,-63,380,717,853,765,483,85,-324,-641,-785,-720,-476,-125,252,554,705,672,472,166,-170,-450,-609,-619,-481,-233,55,317,495,556,492,320,98,-114,-286,-392,-415,-354,-241,-106,0,0,0,0,0,-236,-287,-291,-237,-124,26,195,345,431,425,323,147,-71,-287,-441,-498,-437,-266,-28,224,431,530,499,342,92,-183,-422,-559,-549,-393,-135,163,427,580,580,423,157,-154,-435,-604,-600,-440,-161,163,443,606,610,446,161,-168,-453,-616,-608,-438,-143,185,451,594,575,390,101,-201,-449,-574,-533,-345,-59,237,457,545,478,279,3,-263,-444,-492,-399,-197,57,286,428,432,302,85,-153,-344,-431,-383,-219,20,258,414,447,347,140,-112,-336,-471,-464,-317,-74,197,417,508,455,273,11,-263,-467,-533,-449,-226,70,336,508,533,394,142,-149,-408,-555,-542,-371,-87,236,0,604,539,327,14,-314,-549,-629,-531,-281,54,372,589,642,502,212,-134,-443,-635,-642,-458,-142,214,509,659,620,399,57,-299,-570,-680,-590,-330,25,372,611,671,531,236,-126,-450,-644,-648,-462,-137,238,540,675,614,384,35,-330,-600,-693,-581,-294,77,426,653,692,523,195,-189,-518,-697,-673,-458,-109,274,573,700,636,379,10,-350,-606,-684,-555,-268,87,414,621,640,463,154,-196,-488,-632,-585,-369,-37,304,545,624,519,259,-76,-390,-590,-614,-440,-147,193,482,624,575,353,29,-311,-569,-654,-542,-277,75,415,630,660,498,190,-174,-495,-685,-675,-464,-112,273,0,0
28934,mtk,MTK 7916,2777582331,rx2-tx1,512,0,0,0,482,262,-38,-333,-535,-594,-496,-257,60,358,553,601,482,228,-97,-391,-575,-602,-466,-193,137,423,583,583,428,141,-188,-457,-593,-566,-375,-78,247,503,612,550,335,18,-310,-553,-647,-553,-299,33,358,588,663,552,289,-51,-372,-591,-653,-545,-283,52,360,568,614,491,239,-71,-355,-535,-572,-447,-203,85,347,500,506,383,166,-94,-320,-443,-444,-321,-122,98,288,393,375,255,82,-105,-256,-329,-301,-189,-32,115,227,272,232,134,8,-114,-190,-205,-163,-77,31,121,165,149,97,23,-56,-111,-134,-114,-58,13,70,100,94,50,-6,-59,-96,-96,-67,-12,52,0,103,84,41,-27,-91,-121,-114,-79,-22,44,100,140,133,76,4,-68,-122,-141,-125,-81,-11,59,106,127,114,69,7,-48,-80,-84,-63,-31,3,29,35,22,0,-22,-36,-27,0,43,84,101,86,52,-17,-99,-166,-196,-180,-108,5,128,232,284,255,169,35,-120,-266,-344,-334,-237,-81,102,265,368,381,296,134,-69,-248,-361,-387,-315,-159,36,227,352,386,321,179,-7,-193,-325,-367,-318,-187,-5,180,306,346,309,199,37,-128,-258,-323,-297,-198,-57,93,220,289,285,209,92,-43,-173,-252,-268,-228,-138,-19,98,185,230,231,187,110,23,-52,-107,-133,0,0,0,0,0,-41,-94,-144,-177,-175,-139,-77,12,108,188,234,230,177,84,-31,-150,-238,-265,-230,-148,-19,118,224,277,266,189,63,-82,-208,-286,-288,-214,-86,62,198,283,302,242,118,-37,-182,-287,-318,-255,-130,11,152,248,274,238,138,-2,-129,-219,-247,-201,-114,-1,110,189,209,171,85,-17,-95,-140,-146,-113,-48,35,98,108,85,35,-26,-73,-91,-79,-36,28,88,119,107,47,-30,-104,-160,-171,-126,-39,71,176,234,226,152,26,-115,-238,-298,-277,-176,-15,157,291,349,311,195,13,-185,-337,-409,-365,-204,10,225,388,449,395,229,-9,-249,-427,-495,-424,-231,0,291,469,527,439,223,-53,-318,-505,-551,-449,-222,77,357,536,579,468,225,-87,-373,-558,-594,-468,-206,112,398,576,593,443,180,-131,-410,-581,-591,-432,-147,168,434,582,569,395,116,-191,-438,-561,-531,-345,-60,234,456,550,484,280,3,-271,-461,-512,-430,-229,40,291,450,475,363,153,-98,-316,-432,-414,-283,-70,162,332,409,364,208,-4,-207,-344,-381,-301,-134,73,252,348,335,218,44,-149,-289,-335,-281,-138,52,234,331,328,233,58,-145,-298,-361,-318,-176,26,225,357,396,316,127,-111,-313,-430,-431,-309,-93,161,376,484,462,306,58,-217,-433,-527,-474,0,0,0,0,0,308,516,584,492,262,-46,-339,-543,-600,-487,-244,68,369,564,608,481,209,-119,-409,-585,-594,-438,-161,166,443,593,575,399,108,-215,-480,-610,-564,-358,-46,282,531,633,556,320,-11,-339,-570,-644,-547,-301,30,363,593,652,544,295,-45,-369,-585,-644,-526,-268,59,362,552,593,469,214,-84,-346,-514,-540,-417,-180,94,329,476,482,351,139,-101,-310,-422,-410,-294,-104,105,270,352,343,231,63,-103,-241,-301,-263,-158,-21,112,201,231,193,94,-22,-118,-180,-189,-131,-47,43,113,143,134,77,-3,-70,-106,-106,-77,-21,40,89,100,70,26,-31,-80,-96,-84,0,20,72,104,113,88,35,-32,-96,-130,-122,-81,-14,59,115,137,127,87,14,-60,-110,-127,-116,-68,-7,57,97,107,96,57,1,-42,-65,-57,-33,-4,15,24,21,-6,-44,-61,-58,-31,11,69,121,146,140,79,-18,-114,-196,-240,-218,-135,-9,127,239,301,289,204,64,-118,-275,-357,-350,-261,-101,84,254,364,385,300,140,-52,-231,-353,-383,-322,-173,25,205,335,382,329,185,0,-180,-307,-352,-313,-192,-17,155,285,337,307,203,53,-112,-244,-307,-294,-207,-72,73,201,277,279,218,111,-20,-138,-224,-261,-234,-158,-62,38,127,181,197,178,134,76,0,0,0,0,0,126,106,68,13,-61,-136,-192,-215,-191,-126,-31,76,177,241,249,202,112,-5,-128,-232,-279,-256,-166,-35,102,210,277,282,202,66,-79,-211,-293,-300,-229,-97,56,195,295,317,250,129,-24,-176,-277,-298,-255,-147,-1,138,236,267,227,138,6,-126,-202,-223,-187,-102,8,111,166,173,137,65,-19,-87,-123,-115,-71,-14,45,92,97,56,5,-50,-89,-94,-63,-5,69,127,145,115,41,-52,-147,-214,-215,-145,-32,95,207,262,249,167,27,-137,-259,-320,-310,-197,-11,178,320,379,341,208,13,-196,-362,-435,-378,-220,-1,232,406,467,405,227,-17,-268,-451,0,-429,-224,40,300,486,539,448,228,-60,-340,-526,-566,-451,-217,84,369,553,592,466,211,-107,-399,-585,-613,-468,-189,136,422,587,601,450,170,-154,-423,-577,-570,-404,-129,182,442,571,538,358,77,-227,-461,-559,-502,-313,-40,241,453,536,462,255,-15,-273,-449,-494,-398,-188,77,308,444,453,331,113,-134,-335,-424,-393,-250,-37,180,337,390,325,161,-41,-222,-343,-357,-252,-74,111,270,348,313,183,-1,-187,-313,-334,-256,-103,93,260,348,321,193,8,-184,-330,-375,-312,-152,59,267,405,421,314,112,-135,-349,-467,-447,-296,-63,192,404,510,471,296,31,-248,0,0
28935,mtk,MTK 7916,2777604155,rx0-tx0,512,0,0,0,0,0,0,0,0,0,0,0,0,0,0,0,0,0,0,0,0,0,0,0,0,0,0,0,0,0,0,0,0,0,0,0,0,0,0,0,0,0,0,0,0,0,0,0,0,0,0,0,0,0,0,0,0,0,0,0,0,0,0,0,0,0,0,0,0,0,0,0,0,0,0,0,0,0,0,0,0,0,0,0,0,0,0,0,0,0,0,0,0,0,0,0,0,0,0,0,0,0,0,0,0,0,0,0,0,0,0,0,0,0,0,0,0,0,0,0,0,0,0,0,0,0,0,0,0,0,0,0,0,0,0,0,0,0,0,0,0,0,0,0,0,0,0,0,0,0,0,0,0,0,0,0,0,0,0,0,0,0,0,0,0,0,0,0,0,0,0,0,0,0,0,0,0,0,0,0,0,0,0,0,0,0,0,0,0,0,0,0,0,0,0,0,0,0,0,0,0,0,0,0,0,0,0,0,0,0,0,0,0,0,0,0,0,0,0,0,0,0,0,0,0,0,0,0,0,0,0,0,0,0,0,0,0,0,0,0,0,0,0,0,0,0,0,0,0,0,0,0,0,0,0,0,0,-273,1004,995,-320,-346,-299,-185,-34,128,269,386,465,505,509,470,396,291,170,41,-110,-259,-394,-516,-610,-666,-696,-676,-615,-512,-373,-206,-18,179,364,534,680,786,856,875,845,774,653,498,322,126,-74,-264,-447,-611,-739,-837,-896,-926,-902,-845,-759,-632,-477,-299,-111,91,301,494,665,808,925,1004,1034,1021,965,859,723,540,330,110,-119,-342,-551,-743,-899,-1016,-1084,-1098,-1058,-978,-858,-688,-493,-281,-61,150,364,552,709,835,926,970,973,945,870,765,631,475,303,130,-42,-215,-372,-502,-619,-710,-772,-805,-812,-790,-741,-669,-576,-459,-333,-193,-47,105,251,396,528,630,719,-1687,825,822,795,738,653,545,413,261,102,-70,-229,-382,-531,-653,-751,-821,-868,-885,-863,-810,-732,-628,-506,-356,-179,-3,181,368,542,700,845,960,1029,1076,1084,1041,944,808,622,413,179,-81,-344,-598,-833,-1039,-1192,-1303,-1348,-1335,-1264,-1123,-936,-695,-414,-116,188,491,771,1013,1203,1344,1411,1423,1367,1240,1052,814,547,252,-58,-359,-638,-896,-1106,-1263,-1361,-1388,-1356,-1251,-1089,-875,-607,-317,-14,302,596,860,1076,1229,1317,1331,1273,1143,948,707,422,119,-177,-454,-699,-900,-1042,-1119,-1130,-1076,-961,-800,-594,-357,-107,145,388,608,793,940,1025,1028,952,784,529,204,-148,-473,-676,685,842,0,0,0,0,0,0,0,0,0,0,0,0,0,0,0,0,0,0,0,0,0,0,0,0,0,0,0,0,0,0,0,0,0,0,0,0,0,0,0,0,0,0,0,0,0,0,0,0,0,0,0,0,0,0,0,0,0,0,0,0,0,0,0,0,0,0,0,0,0,0,0,0,0,0,0,0,0,0,0,0,0,0,0,0,0,0,0,0,0,0,0,0,0,0,0,0,0,0,0,0,0,0,0,0,0,0,0,0,0,0,0,0,0,0,0,0,0,0,0,0,0,0,0,0,0,0,0,0,0,0,0,0,0,0,0,0,0,0,0,0,0,0,0,0,0,0,0,0,0,0,0,0,0,0,0,0,0,0,0,0,0,0,0,0,0,0,0,0,0,0,0,0,0,0,0,0,0,0,0,0,0,0,0,0,0,0,0,0,0,0,0,0,0,0,0,0,0,0,0,0,0,0,0,0,0,0,0,0,0,0,0,0,0,0,0,0,0,0,0,0,0,0,0,0,0,0,0,0,0,0,0,0,0,0,0,0,0,0,0,0,0,0,0,0,0,0,0,0,0,0,0,0,0,0,0,0,-1322,76,-165,-16,122,277,396,454,449,392,298,173,35,-104,-245,-367,-466,-532,-574,-586,-552,-484,-384,-249,-100,65,241,403,550,669,756,802,795,737,640,507,340,150,-54,-257,-444,-612,-746,-841,-896,-907,-869,-799,-686,-537,-366,-182,10,206,382,549,699,820,907,958,968,939,861,747,598,424,224,11,-203,-417,-618,-791,-933,-1020,-1074,-1080,-1036,-945,-805,-634,-428,-208,32,262,477,668,834,953,1029,1053,1034,976,866,730,565,377,173,-25,-219,-401,-553,-680,-781,-851,-882,-883,-853,-779,-684,-567,-433,-289,-142,10,163,306,438,552,644,718,768,793,786,755,704,615,505,383,-175,77,-85,-239,-391,-524,-642,-739,-810,-849,-857,-821,-769,-684,-574,-439,-289,-128,43,210,368,522,655,773,868,924,950,944,908,824,720,590,412,221,11,-214,-439,-644,-837,-1004,-1129,-1218,-1248,-1219,-1133,-996,-807,-575,-313,-29,259,546,808,1034,1223,1351,1415,1414,1344,1208,1005,770,486,184,-122,-432,-714,-966,-1163,-1307,-1397,-1412,-1357,-1250,-1080,-855,-592,-294,8,309,602,853,1073,1240,1338,1379,1340,1227,1061,832,562,256,-60,-366,-652,-893,-1076,-1201,-1252,-1228,-1136,-982,-774,-529,-265,11,275,518,721,879,987,1029,1017,943,814,638,413,143,-148,-432,-697,-902,-1009,-993,-837,-606,733,543
28936,mtk,MTK 7916,2777604155,rx0-tx1,512,0,0,0,0,0,0,0,0,0,0,0,0,0,0,0,0,0,0,0,0,0,0,0,0,0,0,0,0,0,0,0,0,0,0,0,0,0,0,0,0,0,0,0,0,0,0,0,0,0,0,0,0,0,0,0,0,0,0,0,0,0,0,0,0,0,0,0,0,0,0,0,0,0,0,0,0,0,0,0,0,0,0,0,0,0,0,0,0,0,0,0,0,0,0,0,0,0,0,0,0,0,0,0,0,0,0,0,0,0,0,0,0,0,0,0,0,0,0,0,0,0,0,0,0,0,0,0,0,0,0,0,0,0,0,0,0,0,0,0,0,0,0,0,0,0,0,0,0,0,0,0,0,0,0,0,0,0,0,0,0,0,0,0,0,0,0,0,0,0,0,0,0,0,0,0,0,0,0,0,0,0,0,0,0,0,0,0,0,0,0,0,0,0,0,0,0,0,0,0,0,0,0,0,0,0,0,0,0,0,0,0,0,0,0,0,0,0,0,0,0,0,0,0,0,0,0,0,0,0,0,0,0,0,0,0,0,0,0,0,0,0,0,0,0,0,0,0,0,0,0,0,0,0,0,0,0,-730,-192,-227,185,134,35,-84,-197,-289,-344,-365,-353,-306,-240,-151,-50,56,170,267,363,442,492,514,503,464,394,299,179,40,-111,-266,-412,-542,-639,-699,-734,-732,-688,-599,-479,-335,-160,32,220,403,578,731,843,927,957,937,884,783,636,458,250,24,-199,-427,-637,-827,-974,-1083,-1149,-1152,-1102,-1002,-858,-663,-441,-201,63,336,583,807,997,1152,1254,1297,1292,1220,1098,921,701,450,173,-111,-392,-668,-905,-1102,-1255,-1348,-1400,-1381,-1295,-1154,-962,-722,-451,-166,124,418,693,930,1135,1294,1387,1411,1382,1299,1159,957,715,454,170,-116,-397,-660,-887,-1083,-1226,-1313,-1351,-1338,-1261,-1132,-970,-546,-519,-255,3,268,520,757,954,1111,1235,1310,1325,1290,1205,1078,903,685,438,172,-97,-372,-635,-871,-1090,-1251,-1356,-1412,-1412,-1346,-1206,-1034,-810,-539,-254,48,347,637,891,1108,1270,1381,1435,1418,1346,1210,1016,789,538,255,-31,-313,-578,-819,-1021,-1179,-1287,-1333,-1331,-1271,-1160,-995,-791,-557,-297,-28,240,503,746,957,1131,1254,1316,1317,1259,1144,973,758,497,210,-79,-372,-649,-889,-1079,-1219,-1299,-1306,-1248,-1117,-931,-696,-414,-121,173,455,710,913,1059,1139,1159,1107,984,817,602,359,111,-134,-366,-566,-728,-844,-905,-916,-871,-779,-635,-449,-227,23,277,520,719,838,855,748,571,-57,-110,0,0,0,0,0,0,0,0,0,0,0,0,0,0,0,0,0,0,0,0,0,0,0,0,0,0,0,0,0,0,0,0,0,0,0,0,0,0,0,0,0,0,0,0,0,0,0,0,0,0,0,0,0,0,0,0,0,0,0,0,0,0,0,0,0,0,0,0,0,0,0,0,0,0,0,0,0,0,0,0,0,0,0,0,0,0,0,0,0,0,0,0,0,0,0,0,0,0,0,0,0,0,0,0,0,0,0,0,0,0,0,0,0,0,0,0,0,0,0,0,0,0,0,0,0,0,0,0,0,0,0,0,0,0,0,0,0,0,0,0,0,0,0,0,0,0,0,0,0,0,0,0,0,0,0,0,0,0,0,0,0,0,0,0,0,0,0,0,0,0,0,0,0,0,0,0,0,0,0,0,0,0,0,0,0,0,0,0,0,0,0,0,0,0,0,0,0,0,0,0,0,0,0,0,0,0,0,0,0,0,0,0,0,0,0,0,0,0,0,0,0,0,0,0,0,0,0,0,0,0,0,0,0,0,0,0,0,0,0,0,0,0,0,0,0,0,0,0,0,0,0,0,0,0,0,0,-128,-168,-134,-136,-226,-288,-302,-270,-195,-95,17,130,232,312,374,409,422,405,359,297,201,90,-32,-161,-286,-401,-499,-575,-618,-626,-597,-534,-436,-302,-152,9,183,358,506,638,741,817,846,828,774,680,540,378,190,-25,-233,-434,-630,-791,-925,-1018,-1055,-1050,-994,-897,-748,-556,-342,-99,150,397,630,838,1007,1125,1207,1245,1216,1120,978,792,566,309,42,-227,-499,-744,-967,-1137,-1265,-1340,-1352,-1312,-1203,-1035,-829,-581,-312,-27,272,551,808,1036,1220,1346,1408,1416,1360,1233,1065,850,595,306,12,-276,-560,-819,-1040,-1202,-1322,-1381,-1385,-1327,-1207,-1048,-839,-598,-331,-65,212,482,723,940,1197,1230,1296,1320,1293,1217,1087,910,707,478,222,-43,-309,-562,-790,-996,-1163,-1283,-1351,-1364,-1321,-1219,-1077,-889,-645,-375,-96,203,499,768,998,1204,1342,1418,1440,1402,1299,1136,923,671,397,101,-197,-484,-754,-981,-1158,-1291,-1377,-1393,-1348,-1249,-1094,-900,-671,-411,-140,135,404,650,871,1048,1189,1280,1315,1300,1224,1088,907,684,429,158,-128,-404,-669,-903,-1094,-1238,-1311,-1326,-1279,-1163,-980,-754,-497,-210,90,390,664,893,1083,1206,1258,1239,1152,997,788,540,271,-6,-285,-530,-737,-899,-994,-1026,-1001,-919,-790,-620,-419,-197,32,249,452,629,771,868,897,854,734,534,268,-29,-318,-508,-239,-229
28937,mtk,MTK 7916,2777604155,rx1-tx0,512,0,0,0,0,0,0,0,0,0,0,0,0,0,0,0,0,0,0,0,0,0,0,0,0,0,0,0,0,0,0,0,0,0,0,0,0,0,0,0,0,0,0,0,0,0,0,0,0,0,0,0,0,0,0,0,0,0,0,0,0,0,0,0,0,0,0,0,0,0,0,0,0,0,0,0,0,0,0,0,0,0,0,0,0,0,0,0,0,0,0,0,0,0,0,0,0,0,0,0,0,0,0,0,0,0,0,0,0,0,0,0,0,0,0,0,0,0,0,0,0,0,0,0,0,0,0,0,0,0,0,0,0,0,0,0,0,0,0,0,0,0,0,0,0,0,0,0,0,0,0,0,0,0,0,0,0,0,0,0,0,0,0,0,0,0,0,0,0,0,0,0,0,0,0,0,0,0,0,0,0,0,0,0,0,0,0,0,0,0,0,0,0,0,0,0,0,0,0,0,0,0,0,0,0,0,0,0,0,0,0,0,0,0,0,0,0,0,0,0,0,0,0,0,0,0,0,0,0,0,0,0,0,0,0,0,0,0,0,0,0,0,0,0,0,0,0,0,0,0,0,0,0,0,0,0,0,146,578,340,67,132,183,203,183,135,71,-7,-85,-146,-199,-234,-248,-242,-222,-180,-125,-57,17,87,154,215,256,271,280,267,244,200,143,74,0,-65,-130,-188,-235,-260,-273,-267,-247,-216,-171,-116,-60,-8,38,88,121,148,174,179,181,179,158,142,124,104,80,52,33,14,-5,-14,-32,-44,-58,-73,-83,-106,-119,-132,-156,-169,-177,-186,-185,-169,-156,-119,-69,-20,39,102,172,232,293,339,367,382,367,334,292,219,132,36,-69,-169,-272,-368,-430,-474,-490,-485,-463,-407,-330,-235,-130,-19,95,218,314,401,465,511,535,527,495,435,365,277,167,45,-75,-191,-305,-144,-468,-520,-550,-552,-521,-474,-394,-296,-185,-61,62,185,293,388,460,502,535,533,505,452,379,281,181,69,-45,-145,-244,-326,-393,-443,-468,-467,-448,-401,-339,-272,-184,-88,-2,87,174,234,297,340,367,384,377,355,318,264,189,124,57,-17,-88,-157,-214,-253,-289,-311,-307,-301,-281,-241,-191,-137,-87,-26,24,77,129,162,199,217,230,237,228,219,203,172,126,86,44,-7,-57,-111,-157,-197,-226,-246,-254,-244,-217,-182,-130,-75,-20,44,109,164,208,247,260,255,238,206,160,107,37,-36,-97,-145,-194,-224,-231,-221,-201,-165,-105,-34,35,104,160,187,176,1058,948,0,0,0,0,0,0,0,0,0,0,0,0,0,0,0,0,0,0,0,0,0,0,0,0,0,0,0,0,0,0,0,0,0,0,0,0,0,0,0,0,0,0,0,0,0,0,0,0,0,0,0,0,0,0,0,0,0,0,0,0,0,0,0,0,0,0,0,0,0,0,0,0,0,0,0,0,0,0,0,0,0,0,0,0,0,0,0,0,0,0,0,0,0,0,0,0,0,0,0,0,0,0,0,0,0,0,0,0,0,0,0,0,0,0,0,0,0,0,0,0,0,0,0,0,0,0,0,0,0,0,0,0,0,0,0,0,0,0,0,0,0,0,0,0,0,0,0,0,0,0,0,0,0,0,0,0,0,0,0,0,0,0,0,0,0,0,0,0,0,0,0,0,0,0,0,0,0,0,0,0,0,0,0,0,0,0,0,0,0,0,0,0,0,0,0,0,0,0,0,0,0,0,0,0,0,0,0,0,0,0,0,0,0,0,0,0,0,0,0,0,0,0,0,0,0,0,0,0,0,0,0,0,0,0,0,0,0,0,0,0,0,0,0,0,0,0,0,0,0,0,0,0,0,0,0,0,206,-935,-1043,133,105,44,-36,-112,-175,-214,-232,-219,-187,-142,-76,-6,63,128,190,235,264,270,260,232,189,122,54,-18,-90,-153,-209,-256,-287,-288,-276,-254,-215,-157,-91,-29,34,97,152,192,218,228,234,232,209,170,136,94,54,19,-18,-49,-68,-85,-100,-114,-120,-123,-127,-123,-123,-121,-113,-110,-96,-92,-85,-68,-58,-34,0,21,53,97,138,179,222,249,272,289,287,267,234,187,110,29,-57,-149,-222,-302,-377,-422,-451,-453,-430,-388,-318,-231,-133,-18,93,201,301,387,453,497,512,511,476,419,345,250,146,29,-85,-201,-303,-385,-461,-516,-543,-541,-519,-467,147,-286,-175,-57,69,180,291,395,472,529,557,553,526,469,391,287,180,70,-54,-176,-278,-369,-436,-483,-510,-507,-479,-426,-354,-273,-181,-82,20,124,220,295,354,402,425,424,418,373,323,270,190,117,32,-51,-123,-191,-256,-301,-326,-343,-350,-334,-302,-254,-193,-141,-67,0,60,124,175,216,239,259,266,257,252,220,189,152,104,59,8,-40,-83,-124,-174,-205,-222,-239,-243,-242,-222,-187,-144,-96,-48,11,72,127,176,220,242,257,257,238,198,159,99,30,-30,-91,-145,-192,-224,-246,-244,-221,-190,-147,-87,-23,40,101,162,205,224,215,188,137,66,0,-336,-575
28938,mtk,MTK 7916,2777604155,rx1-tx1,512,0,0,0,0,0,0,0,0,0,0,0,0,0,0,0,0,0,0,0,0,0,0,0,0,0,0,0,0,0,0,0,0,0,0,0,0,0,0,0,0,0,0,0,0,0,0,0,0,0,0,0,0,0,0,0,0,0,0,0,0,0,0,0,0,0,0,0,0,0,0,0,0,0,0,0,0,0,0,0,0,0,0,0,0,0,0,0,0,0,0,0,0,0,0,0,0,0,0,0,0,0,0,0,0,0,0,0,0,0,0,0,0,0,0,0,0,0,0,0,0,0,0,0,0,0,0,0,0,0,0,0,0,0,0,0,0,0,0,0,0,0,0,0,0,0,0,0,0,0,0,0,0,0,0,0,0,0,0,0,0,0,0,0,0,0,0,0,0,0,0,0,0,0,0,0,0,0,0,0,0,0,0,0,0,0,0,0,0,0,0,0,0,0,0,0,0,0,0,0,0,0,0,0,0,0,0,0,0,0,0,0,0,0,0,0,0,0,0,0,0,0,0,0,0,0,0,0,0,0,0,0,0,0,0,0,0,0,0,0,0,0,0,0,0,0,0,0,0,0,0,0,0,0,0,0,0,-411,-1070,-1085,53,50,29,-8,-48,-82,-105,-110,-96,-53,4,58,105,126,109,71,15,-45,-101,-132,-127,-88,-31,36,100,133,132,100,40,-29,-90,-122,-122,-85,-31,26,76,102,98,66,18,-27,-55,-61,-53,-32,-3,18,29,25,18,3,-7,-5,1,15,36,42,30,3,-35,-62,-74,-68,-36,17,64,106,114,90,28,-43,-106,-139,-136,-97,-25,61,130,164,150,95,12,-83,-152,-176,-147,-81,7,93,158,177,130,48,-38,-107,-156,-160,-109,-29,46,114,151,137,84,10,-66,-115,-125,-107,-60,4,65,103,110,83,36,-12,-49,-74,-74,-55,-30,-7,19,0,40,40,35,35,31,18,-3,-27,-54,-74,-82,-70,-35,15,72,118,136,119,67,-7,-94,-166,-193,-165,-92,13,130,222,249,207,116,-15,-151,-250,-284,-237,-120,39,190,290,312,248,109,-62,-215,-313,-330,-254,-96,83,233,325,326,230,68,-109,-259,-334,-304,-186,-18,149,272,322,280,145,-26,-186,-292,-313,-250,-111,59,211,301,306,222,77,-88,-228,-313,-304,-200,-47,112,237,302,283,185,42,-110,-228,-279,-259,-172,-38,101,205,251,229,145,24,-98,-182,-208,-180,-106,-2,98,173,194,157,81,-12,-102,-173,-197,-169,-106,-17,78,153,197,206,171,-679,-853,0,0,0,0,0,0,0,0,0,0,0,0,0,0,0,0,0,0,0,0,0,0,0,0,0,0,0,0,0,0,0,0,0,0,0,0,0,0,0,0,0,0,0,0,0,0,0,0,0,0,0,0,0,0,0,0,0,0,0,0,0,0,0,0,0,0,0,0,0,0,0,0,0,0,0,0,0,0,0,0,0,0,0,0,0,0,0,0,0,0,0,0,0,0,0,0,0,0,0,0,0,0,0,0,0,0,0,0,0,0,0,0,0,0,0,0,0,0,0,0,0,0,0,0,0,0,0,0,0,0,0,0,0,0,0,0,0,0,0,0,0,0,0,0,0,0,0,0,0,0,0,0,0,0,0,0,0,0,0,0,0,0,0,0,0,0,0,0,0,0,0,0,0,0,0,0,0,0,0,0,0,0,0,0,0,0,0,0,0,0,0,0,0,0,0,0,0,0,0,0,0,0,0,0,0,0,0,0,0,0,0,0,0,0,0,0,0,0,0,0,0,0,0,0,0,0,0,0,0,0,0,0,0,0,0,0,0,0,0,0,0,0,0,0,0,0,0,0,0,0,0,0,0,0,0,0,-92,-177,77,40,67,89,96,93,72,31,-17,-64,-104,-119,-106,-67,-10,47,94,126,118,80,23,-45,-99,-133,-132,-92,-28,38,92,128,127,94,38,-26,-78,-106,-107,-81,-35,20,67,85,74,47,11,-23,-45,-50,-38,-20,3,20,22,14,-2,-13,-15,-3,14,42,58,49,21,-13,-56,-93,-101,-78,-33,26,83,123,129,95,30,-46,-115,-152,-142,-97,-19,71,143,172,153,84,-7,-93,-154,-168,-134,-61,30,113,166,166,122,47,-41,-125,-161,-146,-98,-24,58,120,140,117,62,-3,-64,-108,-123,-101,-45,15,60,87,91,70,34,-4,-35,-55,-57,-41,0,-23,-8,7,18,31,37,45,51,41,16,-23,-67,-94,-109,-102,-59,13,83,141,170,154,87,-12,-115,-194,-222,-189,-107,15,145,240,270,223,120,-26,-172,-274,-303,-251,-122,48,204,300,317,246,99,-74,-228,-317,-320,-231,-82,94,250,326,306,209,46,-132,-267,-326,-293,-174,-6,167,284,312,258,130,-40,-197,-298,-312,-236,-90,82,228,312,309,218,64,-104,-239,-303,-285,-192,-47,111,237,292,266,172,33,-112,-216,-267,-248,-156,-30,93,190,230,204,124,14,-93,-168,-198,-170,-94,7,105,176,197,163,90,-8,-106,-182,-216,-203,-149,-64,22,95,-807,-626
28939,mtk,MTK 7916,2777604155,rx2-tx0,512,0,0,0,0,0,0,0,0,0,0,0,0,0,0,0,0,0,0,0,0,0,0,0,0,0,0,0,0,0,0,0,0,0,0,0,0,0,0,0,0,0,0,0,0,0,0,0,0,0,0,0,0,0,0,0,0,0,0,0,0,0,0,0,0,0,0,0,0,0,0,0,0,0,0,0,0,0,0,0,0,0,0,0,0,0,0,0,0,0,0,0,0,0,0,0,0,0,0,0,0,0,0,0,0,0,0,0,0,0,0,0,0,0,0,0,0,0,0,0,0,0,0,0,0,0,0,0,0,0,0,0,0,0,0,0,0,0,0,0,0,0,0,0,0,0,0,0,0,0,0,0,0,0,0,0,0,0,0,0,0,0,0,0,0,0,0,0,0,0,0,0,0,0,0,0,0,0,0,0,0,0,0,0,0,0,0,0,0,0,0,0,0,0,0,0,0,0,0,0,0,0,0,0,0,0,0,0,0,0,0,0,0,0,0,0,0,0,0,0,0,0,0,0,0,0,0,0,0,0,0,0,0,0,0,0,0,0,0,0,0,0,0,0,0,0,0,0,0,0,0,0,0,0,0,0,0,-136,-728,-467,-18,-47,-71,-86,-87,-72,-40,-2,34,63,82,82,61,28,-12,-50,-72,-77,-68,-44,-7,30,55,66,66,54,28,-3,-35,-59,-73,-74,-63,-37,-2,33,62,82,89,78,42,-8,-63,-110,-131,-117,-70,-4,74,136,164,150,93,-2,-102,-176,-207,-183,-102,20,137,217,239,188,73,-73,-197,-266,-258,-170,-17,152,278,322,272,137,-52,-234,-350,-358,-258,-72,138,324,418,382,222,-7,-246,-421,-471,-378,-164,101,343,486,481,332,85,-196,-424,-528,-471,-266,20,303,489,530,413,166,-133,-394,-527,-499,-319,-39,261,480,553,450,199,-109,-382,-542,-534,0,-63,247,486,576,492,250,-74,-379,-568,-580,-416,-123,216,494,622,559,326,-13,-351,-580,-639,-506,-219,138,455,636,628,441,115,-249,-538,-672,-602,-357,-9,339,589,668,550,277,-78,-400,-599,-627,-480,-191,141,426,578,558,383,110,-189,-426,-527,-475,-299,-44,218,399,459,388,214,-14,-227,-360,-383,-297,-131,63,227,322,317,216,57,-103,-229,-286,-252,-147,-9,127,219,242,197,94,-37,-149,-218,-225,-168,-60,58,163,219,218,153,53,-59,-154,-211,-208,-148,-57,45,135,188,192,150,71,-24,-111,-174,-193,-162,-102,-21,63,134,176,187,164,113,52,-17,-1198,-1102,0,0,0,0,0,0,0,0,0,0,0,0,0,0,0,0,0,0,0,0,0,0,0,0,0,0,0,0,0,0,0,0,0,0,0,0,0,0,0,0,0,0,0,0,0,0,0,0,0,0,0,0,0,0,0,0,0,0,0,0,0,0,0,0,0,0,0,0,0,0,0,0,0,0,0,0,0,0,0,0,0,0,0,0,0,0,0,0,0,0,0,0,0,0,0,0,0,0,0,0,0,0,0,0,0,0,0,0,0,0,0,0,0,0,0,0,0,0,0,0,0,0,0,0,0,0,0,0,0,0,0,0,0,0,0,0,0,0,0,0,0,0,0,0,0,0,0,0,0,0,0,0,0,0,0,0,0,0,0,0,0,0,0,0,0,0,0,0,0,0,0,0,0,0,0,0,0,0,0,0,0,0,0,0,0,0,0,0,0,0,0,0,0,0,0,0,0,0,0,0,0,0,0,0,0,0,0,0,0,0,0,0,0,0,0,0,0,0,0,0,0,0,0,0,0,0,0,0,0,0,0,0,0,0,0,0,0,0,0,0,0,0,0,0,0,0,0,0,0,0,0,0,0,0,0,0,1335,955,1102,63,59,43,14,-22,-55,-78,-86,-78,-54,-16,24,57,78,83,63,32,-2,-35,-64,-80,-73,-50,-19,16,44,64,73,67,48,14,-19,-46,-67,-78,-71,-53,-25,14,62,99,115,97,57,-2,-66,-122,-148,-137,-89,-14,75,153,184,161,94,-6,-116,-200,-221,-181,-88,44,170,247,258,182,48,-101,-234,-300,-273,-155,14,183,306,342,267,105,-99,-281,-383,-373,-250,-40,192,373,442,379,199,-50,-293,-451,-473,-359,-129,150,386,507,479,304,33,-246,-458,-536,-447,-216,78,348,508,512,363,100,-201,-443,-546,-478,-265,30,317,512,541,399,134,-179,0,-560,-514,-302,10,318,525,581,459,183,-153,-441,-596,-574,-373,-56,284,536,629,531,273,-73,-400,-610,-632,-467,-160,199,504,662,624,401,61,-299,-568,-668,-572,-311,35,368,593,645,510,226,-113,-410,-591,-600,-438,-151,167,427,554,522,346,81,-198,-408,-492,-428,-252,-14,221,381,418,340,168,-44,-232,-341,-348,-259,-101,82,229,299,279,177,31,-118,-223,-263,-226,-119,20,142,220,235,180,75,-49,-160,-222,-219,-158,-56,62,160,210,203,149,53,-56,-150,-202,-202,-152,-66,34,123,183,193,154,84,-4,-89,-154,-186,-178,-134,-65,16,87,131,152,154,209,497
28940,mtk,MTK 7916,2777604155,rx2-tx1,512,0,0,0,0,0,0,0,0,0,0,0,0,0,0,0,0,0,0,0,0,0,0,0,0,0,0,0,0,0,0,0,0,0,0,0,0,0,0,0,0,0,0,0,0,0,0,0,0,0,0,0,0,0,0,0,0,0,0,0,0,0,0,0,0,0,0,0,0,0,0,0,0,0,0,0,0,0,0,0,0,0,0,0,0,0,0,0,0,0,0,0,0,0,0,0,0,0,0,0,0,0,0,0,0,0,0,0,0,0,0,0,0,0,0,0,0,0,0,0,0,0,0,0,0,0,0,0,0,0,0,0,0,0,0,0,0,0,0,0,0,0,0,0,0,0,0,0,0,0,0,0,0,0,0,0,0,0,0,0,0,0,0,0,0,0,0,0,0,0,0,0,0,0,0,0,0,0,0,0,0,0,0,0,0,0,0,0,0,0,0,0,0,0,0,0,0,0,0,0,0,0,0,0,0,0,0,0,0,0,0,0,0,0,0,0,0,0,0,0,0,0,0,0,0,0,0,0,0,0,0,0,0,0,0,0,0,0,0,0,0,0,0,0,0,0,0,0,0,0,0,0,0,0,0,0,0,236,552,733,17,-15,-41,-64,-81,-85,-74,-45,-4,36,75,97,88,59,16,-36,-77,-94,-88,-57,-5,49,84,95,83,51,-5,-68,-109,-116,-88,-33,30,84,110,109,71,-1,-74,-122,-136,-103,-31,52,121,156,138,73,-18,-111,-173,-185,-128,-26,91,186,231,194,90,-44,-178,-267,-280,-195,-47,123,267,338,302,173,-21,-218,-353,-386,-307,-126,108,312,429,418,286,65,-190,-393,-487,-438,-245,39,303,472,506,391,151,-133,-380,-516,-500,-336,-67,226,440,519,447,250,-26,-301,-479,-501,-369,-133,135,361,468,432,271,27,-221,-395,-442,-343,-142,99,308,410,375,0,-8,-213,-355,-389,-294,-102,120,304,387,342,186,-34,-246,-381,-389,-273,-74,149,328,407,358,194,-36,-255,-395,-413,-311,-110,126,317,410,381,239,17,-201,-357,-403,-333,-155,62,252,360,360,247,67,-121,-269,-333,-289,-157,8,158,257,271,205,75,-73,-181,-224,-198,-107,9,107,166,170,118,35,-60,-132,-149,-118,-52,31,99,137,131,75,-6,-79,-122,-128,-93,-35,39,102,124,109,63,3,-66,-111,-115,-87,-38,25,79,105,102,72,16,-44,-84,-96,-78,-43,3,45,70,75,56,19,-19,-54,-65,-52,-27,4,37,60,71,61,34,-3,-36,-62,-132,106,0,0,0,0,0,0,0,0,0,0,0,0,0,0,0,0,0,0,0,0,0,0,0,0,0,0,0,0,0,0,0,0,0,0,0,0,0,0,0,0,0,0,0,0,0,0,0,0,0,0,0,0,0,0,0,0,0,0,0,0,0,0,0,0,0,0,0,0,0,0,0,0,0,0,0,0,0,0,0,0,0,0,0,0,0,0,0,0,0,0,0,0,0,0,0,0,0,0,0,0,0,0,0,0,0,0,0,0,0,0,0,0,0,0,0,0,0,0,0,0,0,0,0,0,0,0,0,0,0,0,0,0,0,0,0,0,0,0,0,0,0,0,0,0,0,0,0,0,0,0,0,0,0,0,0,0,0,0,0,0,0,0,0,0,0,0,0,0,0,0,0,0,0,0,0,0,0,0,0,0,0,0,0,0,0,0,0,0,0,0,0,0,0,0,0,0,0,0,0,0,0,0,0,0,0,0,0,0,0,0,0,0,0,0,0,0,0,0,0,0,0,0,0,0,0,0,0,0,0,0,0,0,0,0,0,0,0,0,0,0,0,0,0,0,0,0,0,0,0,0,0,0,0,0,0,0,-351,825,673,60,68,64,50,23,-14,-53,-82,-95,-86,-53,-15,31,71,96,96,67,15,-38,-81,-102,-95,-59,-7,48,96,112,90,41,-19,-78,-119,-121,-81,-23,48,107,132,112,59,-16,-100,-144,-138,-89,-8,79,141,167,132,43,-59,-152,-203,-192,-121,-2,129,225,248,201,85,-76,-222,-298,-284,-181,-8,177,314,365,310,157,-55,-269,-404,-411,-297,-95,143,356,458,419,261,15,-248,-445,-506,-412,-199,81,344,502,510,374,119,-177,-418,-524,-480,-292,-19,260,457,521,426,199,-91,-339,-478,-468,-318,-82,174,376,457,393,210,-31,-262,-404,-407,-280,-74,156,0,405,336,169,-53,-259,-376,-369,-240,-35,183,343,394,316,130,-96,-285,-386,-371,-234,-22,203,367,414,325,139,-88,-295,-411,-396,-264,-59,160,339,411,354,194,-19,-229,-359,-381,-284,-108,99,268,346,316,196,19,-154,-270,-304,-248,-114,36,166,246,242,157,39,-83,-175,-199,-159,-76,33,127,170,149,86,-1,-89,-146,-149,-101,-26,59,122,140,112,47,-30,-100,-139,-128,-80,-10,61,109,124,104,53,-13,-74,-115,-113,-78,-29,30,81,99,86,49,3,-40,-70,-81,-65,-27,13,48,70,66,42,6,-33,-55,-65,-50,-24,7,40,63,70,64,44,973,971
28941,mtk,MTK 7916,2777645575,rx0-tx0,512,0,0,0,0,0,0,0,0,0,0,0,0,0,0,0,0,0,0,0,0,0,0,0,0,0,0,0,0,0,0,0,0,0,0,0,0,0,0,0,0,0,0,0,0,0,0,0,0,0,0,0,0,0,0,0,0,0,0,0,0,0,0,0,0,0,0,0,0,0,0,0,0,0,0,0,0,0,0,0,0,0,0,0,0,0,0,0,0,0,0,0,0,0,0,0,0,0,0,0,0,0,0,0,0,0,0,0,0,0,0,0,0,0,0,0,0,0,0,0,0,0,0,0,0,0,0,0,0,0,0,0,0,0,0,0,0,0,0,0,0,0,0,0,0,0,0,0,0,0,0,0,0,0,0,0,0,0,0,0,0,0,0,0,0,0,0,0,0,0,0,0,0,0,0,0,0,0,0,0,0,0,0,0,0,0,0,0,0,0,0,0,0,0,0,0,0,0,0,0,0,0,0,0,0,0,0,0,0,0,0,0,0,0,0,0,0,0,0,0,0,0,0,0,0,0,0,0,0,0,0,0,0,0,0,0,0,0,0,0,0,0,0,0,0,0,0,0,0,0,0,0,0,0,0,0,0,-273,-952,-859,-177,-260,-304,-288,-220,-117,1,120,228,309,364,389,386,356,297,213,115,-5,-133,-252,-367,-457,-523,-552,-541,-499,-410,-284,-139,24,196,354,493,605,677,704,686,630,522,383,225,52,-138,-310,-461,-595,-689,-741,-767,-748,-684,-582,-454,-294,-125,65,252,427,588,721,817,860,863,820,729,596,425,233,25,-199,-406,-590,-747,-863,-932,-947,-911,-821,-696,-518,-318,-99,124,330,526,683,795,875,900,870,804,693,555,387,202,16,-164,-326,-475,-601,-681,-730,-748,-738,-688,-606,-502,-376,-250,-106,44,186,321,446,546,625,682,714,709,668,603,511,393,255,95,-1687,-237,-392,-525,-648,-733,-784,-798,-776,-714,-618,-492,-338,-167,14,197,366,524,656,758,826,863,865,823,732,610,465,282,85,-127,-339,-535,-717,-875,-991,-1059,-1072,-1024,-928,-777,-583,-341,-70,209,480,732,945,1102,1218,1257,1219,1115,940,711,447,153,-158,-459,-732,-970,-1149,-1251,-1291,-1258,-1153,-982,-756,-494,-197,107,399,673,904,1076,1188,1236,1215,1116,963,755,493,215,-80,-376,-642,-870,-1052,-1169,-1200,-1162,-1057,-873,-643,-371,-70,224,498,743,929,1057,1106,1075,969,802,582,335,67,-197,-444,-655,-813,-921,-964,-937,-839,-672,-453,-193,97,398,666,870,966,918,736,482,-899,-966,0,0,0,0,0,0,0,0,0,0,0,0,0,0,0,0,0,0,0,0,0,0,0,0,0,0,0,0,0,0,0,0,0,0,0,0,0,0,0,0,0,0,0,0,0,0,0,0,0,0,0,0,0,0,0,0,0,0,0,0,0,0,0,0,0,0,0,0,0,0,0,0,0,0,0,0,0,0,0,0,0,0,0,0,0,0,0,0,0,0,0,0,0,0,0,0,0,0,0,0,0,0,0,0,0,0,0,0,0,0,0,0,0,0,0,0,0,0,0,0,0,0,0,0,0,0,0,0,0,0,0,0,0,0,0,0,0,0,0,0,0,0,0,0,0,0,0,0,0,0,0,0,0,0,0,0,0,0,0,0,0,0,0,0,0,0,0,0,0,0,0,0,0,0,0,0,0,0,0,0,0,0,0,0,0,0,0,0,0,0,0,0,0,0,0,0,0,0,0,0,0,0,0,0,0,0,0,0,0,0,0,0,0,0,0,0,0,0,0,0,0,0,0,0,0,0,0,0,0,0,0,0,0,0,0,0,0,0,0,0,0,0,0,0,0,0,0,0,0,0,0,0,0,0,0,0,-1322,273,490,-172,-95,24,153,259,330,356,346,296,220,124,15,-94,-203,-303,-375,-433,-465,-457,-418,-342,-240,-119,23,165,309,443,546,612,646,633,571,473,335,171,-9,-190,-358,-509,-623,-696,-740,-735,-681,-598,-477,-315,-149,23,203,372,524,653,745,795,812,782,712,604,459,278,84,-117,-325,-515,-679,-802,-887,-933,-921,-844,-725,-568,-375,-165,60,274,477,654,794,885,936,926,870,766,613,441,247,36,-168,-360,-528,-660,-756,-809,-822,-795,-730,-639,-509,-354,-202,-41,117,271,405,519,605,667,706,706,678,622,541,435,314,183,36,-118,-265,-400,-523,-623,-705,-760,-175,-737,-659,-568,-444,-290,-127,47,220,388,535,657,746,806,830,811,753,657,530,380,212,36,-151,-341,-516,-666,-794,-888,-941,-953,-919,-837,-718,-545,-336,-109,138,382,617,823,994,1115,1179,1172,1102,970,774,538,269,-27,-324,-601,-859,-1064,-1207,-1283,-1282,-1208,-1072,-875,-616,-328,-27,280,575,834,1033,1179,1254,1256,1193,1061,868,627,353,65,-236,-515,-757,-967,-1113,-1192,-1214,-1154,-1025,-840,-599,-317,-17,276,561,807,990,1116,1166,1132,1031,856,623,361,77,-207,-465,-694,-869,-979,-1019,-986,-891,-733,-534,-298,-37,221,468,680,845,949,973,901,728,468,132,-220,-528,-711,-400,-181
28942,mtk,MTK 7916,2777645575,rx0-tx1,512,0,0,0,0,0,0,0,0,0,0,0,0,0,0,0,0,0,0,0,0,0,0,0,0,0,0,0,0,0,0,0,0,0,0,0,0,0,0,0,0,0,0,0,0,0,0,0,0,0,0,0,0,0,0,0,0,0,0,0,0,0,0,0,0,0,0,0,0,0,0,0,0,0,0,0,0,0,0,0,0,0,0,0,0,0,0,0,0,0,0,0,0,0,0,0,0,0,0,0,0,0,0,0,0,0,0,0,0,0,0,0,0,0,0,0,0,0,0,0,0,0,0,0,0,0,0,0,0,0,0,0,0,0,0,0,0,0,0,0,0,0,0,0,0,0,0,0,0,0,0,0,0,0,0,0,0,0,0,0,0,0,0,0,0,0,0,0,0,0,0,0,0,0,0,0,0,0,0,0,0,0,0,0,0,0,0,0,0,0,0,0,0,0,0,0,0,0,0,0,0,0,0,0,0,0,0,0,0,0,0,0,0,0,0,0,0,0,0,0,0,0,0,0,0,0,0,0,0,0,0,0,0,0,0,0,0,0,0,0,0,0,0,0,0,0,0,0,0,0,0,0,0,0,0,0,0,-730,109,70,237,259,220,122,-6,-141,-259,-345,-396,-409,-384,-323,-230,-115,10,138,270,387,479,544,566,550,491,393,260,98,-77,-259,-432,-579,-683,-752,-776,-748,-671,-542,-378,-184,40,258,457,641,788,888,947,952,883,765,608,409,180,-65,-311,-547,-748,-915,-1037,-1099,-1095,-1034,-911,-736,-523,-278,-5,275,526,762,970,1120,1208,1229,1182,1075,906,693,442,159,-136,-438,-703,-943,-1138,-1263,-1339,-1331,-1245,-1109,-893,-631,-344,-24,294,597,877,1113,1282,1378,1403,1354,1227,1046,808,514,192,-131,-450,-748,-996,-1195,-1329,-1394,-1382,-1301,-1150,-937,-682,-394,-83,236,528,798,1025,1198,1311,-546,1332,1229,1079,878,628,346,53,-242,-525,-785,-1003,-1182,-1295,-1346,-1334,-1247,-1098,-899,-652,-367,-66,237,545,832,1069,1250,1375,1421,1389,1292,1123,892,613,303,-22,-352,-665,-936,-1153,-1313,-1408,-1428,-1363,-1229,-1039,-785,-499,-189,133,448,733,980,1176,1304,1365,1354,1272,1130,935,683,393,94,-214,-520,-801,-1024,-1205,-1323,-1358,-1331,-1227,-1049,-810,-520,-204,132,458,755,1019,1214,1336,1381,1333,1204,1007,737,420,80,-262,-592,-873,-1092,-1240,-1297,-1258,-1137,-942,-681,-380,-69,241,524,760,934,1035,1059,1008,891,715,500,255,-3,-257,-492,-681,-831,-915,-921,-835,-662,-407,-90,232,510,662,201,176,0,0,0,0,0,0,0,0,0,0,0,0,0,0,0,0,0,0,0,0,0,0,0,0,0,0,0,0,0,0,0,0,0,0,0,0,0,0,0,0,0,0,0,0,0,0,0,0,0,0,0,0,0,0,0,0,0,0,0,0,0,0,0,0,0,0,0,0,0,0,0,0,0,0,0,0,0,0,0,0,0,0,0,0,0,0,0,0,0,0,0,0,0,0,0,0,0,0,0,0,0,0,0,0,0,0,0,0,0,0,0,0,0,0,0,0,0,0,0,0,0,0,0,0,0,0,0,0,0,0,0,0,0,0,0,0,0,0,0,0,0,0,0,0,0,0,0,0,0,0,0,0,0,0,0,0,0,0,0,0,0,0,0,0,0,0,0,0,0,0,0,0,0,0,0,0,0,0,0,0,0,0,0,0,0,0,0,0,0,0,0,0,0,0,0,0,0,0,0,0,0,0,0,0,0,0,0,0,0,0,0,0,0,0,0,0,0,0,0,0,0,0,0,0,0,0,0,0,0,0,0,0,0,0,0,0,0,0,0,0,0,0,0,0,0,0,0,0,0,0,0,0,0,0,0,0,-128,-196,-220,19,-93,-216,-311,-355,-345,-285,-189,-71,55,179,294,386,444,471,465,426,345,236,103,-49,-204,-354,-484,-588,-653,-676,-655,-582,-456,-296,-119,77,274,464,621,748,835,868,841,764,645,474,274,56,-181,-412,-614,-790,-927,-1011,-1034,-1000,-904,-760,-569,-345,-87,174,428,670,864,1017,1122,1172,1145,1056,923,725,483,216,-73,-357,-631,-868,-1057,-1194,-1268,-1285,-1224,-1092,-911,-666,-393,-102,221,517,797,1043,1209,1331,1385,1356,1252,1085,858,582,278,-49,-376,-681,-943,-1162,-1323,-1399,-1402,-1338,-1196,-996,-743,-445,-130,196,505,783,1017,1192,1316,1374,1352,1260,1110,898,644,357,1197,-247,-536,-789,-1015,-1188,-1296,-1337,-1317,-1233,-1085,-885,-643,-362,-77,232,529,795,1028,1206,1324,1372,1362,1288,1130,908,653,352,28,-296,-606,-886,-1119,-1290,-1398,-1433,-1396,-1275,-1086,-842,-561,-250,87,413,708,966,1171,1311,1391,1395,1318,1175,977,724,437,136,-175,-478,-750,-988,-1175,-1293,-1344,-1333,-1253,-1098,-886,-632,-331,-13,302,608,885,1109,1271,1360,1372,1298,1154,938,657,342,7,-336,-652,-933,-1154,-1297,-1351,-1325,-1208,-1003,-745,-437,-96,239,550,820,1027,1152,1192,1149,1022,829,587,315,32,-243,-488,-692,-841,-929,-953,-907,-793,-626,-409,-150,130,407,648,829,903,845,661,422,-101,-140
28943,mtk,MTK 7916,2777645575,rx1-tx0,512,0,0,0,0,0,0,0,0,0,0,0,0,0,0,0,0,0,0,0,0,0,0,0,0,0,0,0,0,0,0,0,0,0,0,0,0,0,0,0,0,0,0,0,0,0,0,0,0,0,0,0,0,0,0,0,0,0,0,0,0,0,0,0,0,0,0,0,0,0,0,0,0,0,0,0,0,0,0,0,0,0,0,0,0,0,0,0,0,0,0,0,0,0,0,0,0,0,0,0,0,0,0,0,0,0,0,0,0,0,0,0,0,0,0,0,0,0,0,0,0,0,0,0,0,0,0,0,0,0,0,0,0,0,0,0,0,0,0,0,0,0,0,0,0,0,0,0,0,0,0,0,0,0,0,0,0,0,0,0,0,0,0,0,0,0,0,0,0,0,0,0,0,0,0,0,0,0,0,0,0,0,0,0,0,0,0,0,0,0,0,0,0,0,0,0,0,0,0,0,0,0,0,0,0,0,0,0,0,0,0,0,0,0,0,0,0,0,0,0,0,0,0,0,0,0,0,0,0,0,0,0,0,0,0,0,0,0,0,0,0,0,0,0,0,0,0,0,0,0,0,0,0,0,0,0,0,146,-162,89,-51,4,73,133,171,182,159,118,58,-6,-63,-121,-165,-191,-197,-193,-172,-131,-77,-15,36,90,146,188,207,210,196,167,128,84,29,-20,-70,-116,-153,-165,-171,-163,-146,-127,-106,-71,-34,-1,22,41,56,64,76,83,77,88,92,88,88,91,95,91,78,63,42,20,0,-37,-75,-110,-147,-171,-193,-218,-221,-211,-187,-146,-104,-42,19,95,172,236,299,349,371,379,359,295,223,132,23,-97,-206,-302,-389,-444,-476,-479,-449,-388,-297,-194,-68,57,177,297,383,450,491,491,473,424,340,244,137,16,-98,-211,-309,-387,-444,-474,-476,-447,-394,-313,-212,-144,-2,113,220,306,374,417,440,443,407,351,282,191,85,-20,-112,-200,-273,-335,-376,-396,-382,-352,-313,-244,-166,-83,7,86,155,217,275,311,327,326,303,267,218,157,87,20,-54,-120,-177,-228,-268,-287,-284,-266,-244,-210,-156,-96,-33,33,97,156,198,232,251,250,229,196,158,115,67,15,-35,-84,-124,-151,-169,-181,-177,-165,-145,-117,-86,-58,-25,15,45,78,102,124,145,144,138,134,115,84,58,28,-7,-48,-87,-110,-138,-157,-152,-145,-127,-93,-55,-11,32,75,108,124,135,140,136,108,77,36,-9,-50,-84,-106,-120,-119,-102,-73,-30,18,49,-801,-615,0,0,0,0,0,0,0,0,0,0,0,0,0,0,0,0,0,0,0,0,0,0,0,0,0,0,0,0,0,0,0,0,0,0,0,0,0,0,0,0,0,0,0,0,0,0,0,0,0,0,0,0,0,0,0,0,0,0,0,0,0,0,0,0,0,0,0,0,0,0,0,0,0,0,0,0,0,0,0,0,0,0,0,0,0,0,0,0,0,0,0,0,0,0,0,0,0,0,0,0,0,0,0,0,0,0,0,0,0,0,0,0,0,0,0,0,0,0,0,0,0,0,0,0,0,0,0,0,0,0,0,0,0,0,0,0,0,0,0,0,0,0,0,0,0,0,0,0,0,0,0,0,0,0,0,0,0,0,0,0,0,0,0,0,0,0,0,0,0,0,0,0,0,0,0,0,0,0,0,0,0,0,0,0,0,0,0,0,0,0,0,0,0,0,0,0,0,0,0,0,0,0,0,0,0,0,0,0,0,0,0,0,0,0,0,0,0,0,0,0,0,0,0,0,0,0,0,0,0,0,0,0,0,0,0,0,0,0,0,0,0,0,0,0,0,0,0,0,0,0,0,0,0,0,0,0,206,1053,1059,115,143,137,100,42,-29,-96,-149,-187,-194,-184,-160,-113,-58,1,60,117,167,200,212,206,193,161,105,48,-10,-65,-115,-154,-183,-194,-188,-178,-156,-115,-72,-29,18,54,80,101,120,128,122,117,107,89,75,60,38,33,24,4,-14,-25,-33,-47,-67,-86,-105,-119,-122,-133,-143,-143,-132,-110,-78,-50,-14,45,99,156,204,244,281,297,293,272,233,172,90,0,-86,-190,-285,-353,-410,-442,-434,-400,-350,-268,-161,-49,79,197,307,394,456,494,495,470,406,319,216,96,-29,-148,-263,-358,-423,-471,-490,-474,-435,-364,-279,-177,-67,45,160,261,351,410,147,459,447,405,341,257,160,57,-58,-165,-251,-325,-377,-410,-413,-395,-364,-300,-226,-136,-34,61,138,218,282,321,348,357,339,302,257,196,120,46,-32,-110,-169,-223,-264,-288,-302,-294,-267,-238,-190,-133,-62,7,72,126,183,226,253,273,271,253,213,163,108,51,-14,-75,-125,-165,-189,-206,-210,-198,-178,-143,-108,-74,-33,8,45,79,110,127,135,148,146,141,127,101,79,46,8,-20,-48,-86,-109,-127,-142,-144,-144,-122,-98,-72,-20,23,55,91,121,145,154,149,133,97,62,26,-11,-59,-96,-117,-132,-130,-117,-93,-60,-19,27,64,93,107,97,78,725,877
28944,mtk,MTK 7916,2777645575,rx1-tx1,512,0,0,0,0,0,0,0,0,0,0,0,0,0,0,0,0,0,0,0,0,0,0,0,0,0,0,0,0,0,0,0,0,0,0,0,0,0,0,0,0,0,0,0,0,0,0,0,0,0,0,0,0,0,0,0,0,0,0,0,0,0,0,0,0,0,0,0,0,0,0,0,0,0,0,0,0,0,0,0,0,0,0,0,0,0,0,0,0,0,0,0,0,0,0,0,0,0,0,0,0,0,0,0,0,0,0,0,0,0,0,0,0,0,0,0,0,0,0,0,0,0,0,0,0,0,0,0,0,0,0,0,0,0,0,0,0,0,0,0,0,0,0,0,0,0,0,0,0,0,0,0,0,0,0,0,0,0,0,0,0,0,0,0,0,0,0,0,0,0,0,0,0,0,0,0,0,0,0,0,0,0,0,0,0,0,0,0,0,0,0,0,0,0,0,0,0,0,0,0,0,0,0,0,0,0,0,0,0,0,0,0,0,0,0,0,0,0,0,0,0,0,0,0,0,0,0,0,0,0,0,0,0,0,0,0,0,0,0,0,0,0,0,0,0,0,0,0,0,0,0,0,0,0,0,0,0,-411,3,-246,-23,-54,-78,-95,-102,-89,-58,-22,19,65,101,111,94,59,12,-38,-83,-110,-113,-88,-46,12,64,102,116,108,75,23,-34,-78,-100,-97,-74,-31,18,56,74,80,61,24,-7,-32,-43,-46,-34,-10,11,20,21,10,-5,-20,-21,-7,8,27,50,61,47,8,-29,-65,-96,-96,-67,-21,42,99,135,141,100,28,-46,-114,-163,-173,-139,-62,34,121,176,185,138,61,-35,-128,-189,-195,-149,-74,23,120,188,198,153,69,-30,-122,-175,-185,-144,-63,27,103,156,168,129,59,-24,-99,-140,-144,-112,-59,12,77,120,130,100,45,-10,-53,-77,-76,-56,0,10,28,33,27,17,10,2,7,21,33,43,38,8,-33,-70,-98,-106,-87,-36,31,100,155,175,145,65,-30,-121,-193,-219,-195,-116,6,134,227,264,237,152,24,-114,-231,-289,-272,-186,-42,118,239,297,285,195,54,-96,-227,-300,-290,-204,-67,84,212,281,281,200,66,-82,-207,-280,-279,-199,-67,82,213,285,281,203,74,-71,-200,-276,-279,-212,-96,50,183,265,271,215,107,-22,-152,-236,-262,-227,-134,-13,106,197,234,212,141,38,-73,-156,-196,-182,-124,-38,51,127,169,166,118,41,-45,-116,-160,-174,-144,-79,9,100,166,200,203,172,120,47,690,485,0,0,0,0,0,0,0,0,0,0,0,0,0,0,0,0,0,0,0,0,0,0,0,0,0,0,0,0,0,0,0,0,0,0,0,0,0,0,0,0,0,0,0,0,0,0,0,0,0,0,0,0,0,0,0,0,0,0,0,0,0,0,0,0,0,0,0,0,0,0,0,0,0,0,0,0,0,0,0,0,0,0,0,0,0,0,0,0,0,0,0,0,0,0,0,0,0,0,0,0,0,0,0,0,0,0,0,0,0,0,0,0,0,0,0,0,0,0,0,0,0,0,0,0,0,0,0,0,0,0,0,0,0,0,0,0,0,0,0,0,0,0,0,0,0,0,0,0,0,0,0,0,0,0,0,0,0,0,0,0,0,0,0,0,0,0,0,0,0,0,0,0,0,0,0,0,0,0,0,0,0,0,0,0,0,0,0,0,0,0,0,0,0,0,0,0,0,0,0,0,0,0,0,0,0,0,0,0,0,0,0,0,0,0,0,0,0,0,0,0,0,0,0,0,0,0,0,0,0,0,0,0,0,0,0,0,0,0,0,0,0,0,0,0,0,0,0,0,0,0,0,0,0,0,0,0,-92,-1073,-1055,65,63,47,19,-14,-53,-87,-105,-102,-86,-49,-1,53,91,111,112,80,29,-25,-74,-111,-123,-106,-62,-2,57,93,110,107,79,31,-26,-74,-94,-90,-67,-29,13,46,64,62,43,17,-7,-25,-33,-24,-7,8,17,15,4,-16,-30,-37,-30,-11,20,52,72,72,54,10,-41,-86,-115,-122,-92,-33,42,110,150,157,121,45,-44,-126,-178,-182,-141,-61,42,131,186,193,150,67,-36,-132,-191,-196,-156,-77,24,124,185,192,149,70,-27,-109,-162,-175,-140,-66,22,100,152,159,121,55,-21,-84,-126,-132,-104,-54,6,68,102,102,77,38,-2,-35,0,-52,-41,-24,-3,7,8,1,-13,-15,0,22,47,66,69,56,22,-29,-87,-123,-137,-112,-53,31,110,169,195,171,93,-17,-126,-214,-249,-220,-130,-6,129,236,283,255,165,26,-119,-236,-298,-278,-188,-51,105,234,300,286,202,65,-88,-216,-293,-289,-202,-68,79,208,278,277,205,72,-85,-213,-285,-279,-198,-69,77,205,279,285,210,78,-69,-195,-271,-281,-223,-109,36,170,254,275,225,120,-8,-131,-220,-247,-212,-131,-22,81,167,210,194,128,35,-62,-142,-178,-172,-122,-41,49,122,168,169,127,52,-37,-115,-171,-191,-175,-119,-41,39,106,154,186,-806,-946
28945,mtk,MTK 7916,2777645575,rx2-tx0,512,0,0,0,0,0,0,0,0,0,0,0,0,0,0,0,0,0,0,0,0,0,0,0,0,0,0,0,0,0,0,0,0,0,0,0,0,0,0,0,0,0,0,0,0,0,0,0,0,0,0,0,0,0,0,0,0,0,0,0,0,0,0,0,0,0,0,0,0,0,0,0,0,0,0,0,0,0,0,0,0,0,0,0,0,0,0,0,0,0,0,0,0,0,0,0,0,0,0,0,0,0,0,0,0,0,0,0,0,0,0,0,0,0,0,0,0,0,0,0,0,0,0,0,0,0,0,0,0,0,0,0,0,0,0,0,0,0,0,0,0,0,0,0,0,0,0,0,0,0,0,0,0,0,0,0,0,0,0,0,0,0,0,0,0,0,0,0,0,0,0,0,0,0,0,0,0,0,0,0,0,0,0,0,0,0,0,0,0,0,0,0,0,0,0,0,0,0,0,0,0,0,0,0,0,0,0,0,0,0,0,0,0,0,0,0,0,0,0,0,0,0,0,0,0,0,0,0,0,0,0,0,0,0,0,0,0,0,0,0,0,0,0,0,0,0,0,0,0,0,0,0,0,0,0,0,0,-136,302,24,-66,-66,-58,-38,-8,28,58,79,85,82,59,23,-19,-51,-75,-88,-82,-54,-18,20,51,75,85,79,55,19,-17,-52,-77,-87,-82,-67,-38,1,45,79,100,102,85,49,2,-53,-100,-127,-130,-99,-43,27,102,160,176,150,82,-13,-106,-177,-211,-190,-116,-5,110,203,247,226,138,6,-128,-234,-288,-266,-158,-6,156,278,326,292,170,-8,-191,-324,-377,-328,-185,17,224,373,425,360,196,-29,-252,-413,-465,-387,-198,45,279,446,495,404,202,-53,-296,-469,-511,-411,-198,66,315,475,506,399,181,-91,-337,-490,-507,-381,-145,135,381,516,509,357,101,0,-414,-534,-501,-336,-73,221,455,563,513,320,32,-260,-483,-584,-525,-315,-21,287,517,606,531,314,4,-307,-533,-622,-546,-319,-5,313,550,637,560,335,17,-303,-538,-631,-565,-351,-46,259,495,601,553,362,88,-206,-440,-550,-513,-356,-116,149,360,476,470,340,128,-104,-297,-402,-404,-304,-131,64,237,345,354,264,118,-47,-195,-287,-302,-235,-106,38,168,248,258,203,103,-27,-148,-221,-235,-190,-91,26,132,206,230,194,111,2,-102,-180,-217,-203,-138,-45,57,151,204,211,170,94,-2,-96,-166,-202,-197,-146,-66,22,105,167,197,194,158,99,35,-25,-82,1000,801,0,0,0,0,0,0,0,0,0,0,0,0,0,0,0,0,0,0,0,0,0,0,0,0,0,0,0,0,0,0,0,0,0,0,0,0,0,0,0,0,0,0,0,0,0,0,0,0,0,0,0,0,0,0,0,0,0,0,0,0,0,0,0,0,0,0,0,0,0,0,0,0,0,0,0,0,0,0,0,0,0,0,0,0,0,0,0,0,0,0,0,0,0,0,0,0,0,0,0,0,0,0,0,0,0,0,0,0,0,0,0,0,0,0,0,0,0,0,0,0,0,0,0,0,0,0,0,0,0,0,0,0,0,0,0,0,0,0,0,0,0,0,0,0,0,0,0,0,0,0,0,0,0,0,0,0,0,0,0,0,0,0,0,0,0,0,0,0,0,0,0,0,0,0,0,0,0,0,0,0,0,0,0,0,0,0,0,0,0,0,0,0,0,0,0,0,0,0,0,0,0,0,0,0,0,0,0,0,0,0,0,0,0,0,0,0,0,0,0,0,0,0,0,0,0,0,0,0,0,0,0,0,0,0,0,0,0,0,0,0,0,0,0,0,0,0,0,0,0,0,0,0,0,0,0,0,1335,-1138,-1169,-7,-33,-57,-75,-86,-83,-65,-36,-1,37,69,86,85,71,40,2,-36,-67,-84,-84,-66,-37,-2,33,64,81,83,71,43,8,-27,-59,-86,-98,-90,-64,-24,22,65,97,116,113,75,20,-42,-105,-150,-154,-124,-62,19,100,161,189,165,97,-2,-108,-189,-225,-206,-132,-11,125,224,266,240,156,17,-137,-258,-311,-283,-169,-3,166,298,348,308,179,-11,-208,-355,-405,-343,-184,28,244,400,446,370,199,-36,-271,-435,-479,-395,-207,46,291,455,509,425,213,-58,-310,-474,-513,-412,-198,72,328,486,513,397,166,-116,-357,-504,-508,-368,-127,153,392,519,0,351,91,-197,-430,-546,-505,-322,-50,239,470,571,513,312,18,-283,-508,-596,-527,-309,-7,297,527,620,536,305,-2,-316,-548,-629,-548,-322,-10,310,544,634,557,339,35,-276,-515,-622,-562,-361,-67,241,474,575,536,365,105,-176,-404,-519,-500,-353,-123,125,332,444,438,324,132,-87,-272,-376,-379,-284,-129,54,216,318,330,254,117,-41,-180,-265,-279,-220,-103,34,154,231,245,190,89,-27,-138,-213,-233,-196,-109,7,121,202,233,205,131,25,-85,-169,-211,-206,-156,-69,31,121,184,207,179,115,33,-56,-138,-189,-203,-175,-110,-27,50,116,164,182,168,134,-661,-874
28946,mtk,MTK 7916,2777645575,rx2-tx1,512,0,0,0,0,0,0,0,0,0,0,0,0,0,0,0,0,0,0,0,0,0,0,0,0,0,0,0,0,0,0,0,0,0,0,0,0,0,0,0,0,0,0,0,0,0,0,0,0,0,0,0,0,0,0,0,0,0,0,0,0,0,0,0,0,0,0,0,0,0,0,0,0,0,0,0,0,0,0,0,0,0,0,0,0,0,0,0,0,0,0,0,0,0,0,0,0,0,0,0,0,0,0,0,0,0,0,0,0,0,0,0,0,0,0,0,0,0,0,0,0,0,0,0,0,0,0,0,0,0,0,0,0,0,0,0,0,0,0,0,0,0,0,0,0,0,0,0,0,0,0,0,0,0,0,0,0,0,0,0,0,0,0,0,0,0,0,0,0,0,0,0,0,0,0,0,0,0,0,0,0,0,0,0,0,0,0,0,0,0,0,0,0,0,0,0,0,0,0,0,0,0,0,0,0,0,0,0,0,0,0,0,0,0,0,0,0,0,0,0,0,0,0,0,0,0,0,0,0,0,0,0,0,0,0,0,0,0,0,0,0,0,0,0,0,0,0,0,0,0,0,0,0,0,0,0,0,236,-698,-521,-55,-69,-69,-55,-35,-6,29,60,80,85,71,40,0,-38,-74,-93,-85,-60,-22,24,65,90,90,66,23,-33,-81,-108,-108,-82,-25,37,88,112,105,65,7,-59,-106,-124,-106,-58,13,86,137,144,105,39,-47,-134,-182,-179,-128,-21,91,177,219,201,118,-1,-120,-226,-273,-243,-138,12,167,287,327,286,158,-20,-211,-338,-377,-324,-176,33,249,389,431,360,196,-36,-266,-421,-459,-379,-201,41,274,436,480,391,196,-52,-288,-445,-484,-389,-191,51,282,438,467,367,168,-67,-282,-420,-439,-339,-153,77,278,389,390,284,98,-104,-279,-371,-352,-236,-59,0,294,349,300,171,-7,-191,-314,-338,-265,-118,67,235,332,329,235,68,-121,-274,-347,-321,-207,-36,147,294,351,309,186,6,-174,-304,-349,-302,-177,-1,179,298,326,267,137,-24,-177,-280,-300,-240,-119,39,178,256,255,188,75,-53,-155,-210,-213,-154,-44,71,148,178,159,91,2,-80,-143,-157,-118,-51,26,96,135,128,84,17,-58,-119,-142,-123,-69,6,79,124,135,112,59,-8,-70,-114,-126,-104,-53,10,65,103,108,87,43,-11,-63,-86,-88,-71,-35,9,48,74,75,53,19,-17,-40,-52,-50,-28,0,24,45,57,52,33,4,-27,-56,-70,-63,-972,-923,0,0,0,0,0,0,0,0,0,0,0,0,0,0,0,0,0,0,0,0,0,0,0,0,0,0,0,0,0,0,0,0,0,0,0,0,0,0,0,0,0,0,0,0,0,0,0,0,0,0,0,0,0,0,0,0,0,0,0,0,0,0,0,0,0,0,0,0,0,0,0,0,0,0,0,0,0,0,0,0,0,0,0,0,0,0,0,0,0,0,0,0,0,0,0,0,0,0,0,0,0,0,0,0,0,0,0,0,0,0,0,0,0,0,0,0,0,0,0,0,0,0,0,0,0,0,0,0,0,0,0,0,0,0,0,0,0,0,0,0,0,0,0,0,0,0,0,0,0,0,0,0,0,0,0,0,0,0,0,0,0,0,0,0,0,0,0,0,0,0,0,0,0,0,0,0,0,0,0,0,0,0,0,0,0,0,0,0,0,0,0,0,0,0,0,0,0,0,0,0,0,0,0,0,0,0,0,0,0,0,0,0,0,0,0,0,0,0,0,0,0,0,0,0,0,0,0,0,0,0,0,0,0,0,0,0,0,0,0,0,0,0,0,0,0,0,0,0,0,0,0,0,0,0,0,0,-351,667,810,11,-5,-29,-52,-68,-80,-78,-56,-25,7,42,75,88,78,51,13,-33,-74,-95,-90,-65,-22,25,66,95,102,72,19,-36,-78,-109,-109,-74,-19,41,92,115,109,67,-3,-67,-111,-132,-106,-45,32,103,154,160,117,31,-67,-150,-197,-183,-112,-4,117,205,243,223,132,-6,-146,-251,-301,-268,-152,19,191,312,356,303,164,-34,-225,-366,-406,-342,-179,38,254,398,441,373,199,-46,-280,-430,-467,-386,-200,48,280,443,489,400,206,-48,-284,-441,-479,-392,-190,59,285,436,464,357,159,-71,-279,-408,-423,-320,-129,95,280,383,372,263,86,-121,-286,-363,0,-200,-12,164,289,338,278,131,-47,-213,-320,-335,-257,-100,91,251,337,328,218,49,-130,-280,-357,-328,-201,-18,164,302,362,312,174,0,-173,-294,-341,-291,-157,12,172,288,318,256,127,-32,-175,-265,-277,-213,-95,42,164,231,236,177,62,-61,-148,-195,-192,-124,-25,67,131,159,141,74,-21,-99,-137,-142,-101,-27,51,108,141,129,77,7,-62,-117,-136,-116,-64,7,78,125,134,107,51,-18,-76,-105,-113,-92,-47,12,62,93,99,81,44,-5,-43,-72,-77,-60,-26,7,39,57,56,41,11,-24,-47,-57,-55,-35,0,33,59,72,68,47,18,-11,57,272
28947,mtk,MTK 7916,2777676107,rx0-tx0,512,0,0,0,0,0,0,0,0,0,0,0,0,0,0,0,0,0,0,0,0,0,0,0,0,0,0,0,0,0,0,0,0,0,0,0,0,0,0,0,0,0,0,0,0,0,0,0,0,0,0,0,0,0,0,0,0,0,0,0,0,0,0,0,0,0,0,0,0,0,0,0,0,0,0,0,0,0,0,0,0,0,0,0,0,0,0,0,0,0,0,0,0,0,0,0,0,0,0,0,0,0,0,0,0,0,0,0,0,0,0,0,0,0,0,0,0,0,0,0,0,0,0,0,0,0,0,0,0,0,0,0,0,0,0,0,0,0,0,0,0,0,0,0,0,0,0,0,0,0,0,0,0,0,0,0,0,0,0,0,0,0,0,0,0,0,0,0,0,0,0,0,0,0,0,0,0,0,0,0,0,0,0,0,0,0,0,0,0,0,0,0,0,0,0,0,0,0,0,0,0,0,0,0,0,0,0,0,0,0,0,0,0,0,0,0,0,0,0,0,0,0,0,0,0,0,0,0,0,0,0,0,0,0,0,0,0,0,0,0,0,0,0,0,0,0,0,0,0,0,0,0,0,0,0,0,0,-273,-952,-859,216,303,331,277,168,21,-133,-265,-368,-426,-441,-408,-335,-229,-91,59,203,345,462,537,576,557,492,379,218,33,-162,-355,-525,-656,-726,-742,-695,-588,-426,-222,-6,215,432,605,739,816,826,776,674,526,330,110,-109,-327,-527,-687,-802,-869,-875,-825,-717,-552,-351,-115,127,361,579,763,894,964,958,906,783,592,363,106,-151,-408,-636,-823,-957,-1014,-1007,-934,-784,-581,-342,-82,182,435,652,829,936,975,958,872,730,543,327,91,-143,-360,-557,-713,-811,-859,-849,-796,-691,-550,-380,-188,15,205,382,528,649,742,782,778,730,647,528,366,186,-1,-199,-386,-551,-1687,-794,-846,-844,-793,-688,-540,-361,-151,73,292,493,670,808,889,920,894,809,678,508,299,68,-165,-394,-613,-795,-925,-1003,-1026,-984,-888,-720,-494,-236,42,335,617,863,1059,1182,1232,1197,1073,871,597,279,-74,-416,-738,-1024,-1226,-1341,-1362,-1284,-1113,-862,-547,-192,178,538,850,1101,1274,1358,1340,1228,1031,762,435,84,-276,-612,-897,-1119,-1264,-1307,-1266,-1134,-919,-635,-303,43,391,716,983,1171,1268,1273,1173,988,722,390,42,-313,-645,-926,-1111,-1202,-1197,-1085,-887,-618,-303,29,352,638,862,1018,1071,1034,914,718,460,163,-155,-464,-734,-942,-1058,-1052,-908,-637,-256,172,555,775,-899,-966,0,0,0,0,0,0,0,0,0,0,0,0,0,0,0,0,0,0,0,0,0,0,0,0,0,0,0,0,0,0,0,0,0,0,0,0,0,0,0,0,0,0,0,0,0,0,0,0,0,0,0,0,0,0,0,0,0,0,0,0,0,0,0,0,0,0,0,0,0,0,0,0,0,0,0,0,0,0,0,0,0,0,0,0,0,0,0,0,0,0,0,0,0,0,0,0,0,0,0,0,0,0,0,0,0,0,0,0,0,0,0,0,0,0,0,0,0,0,0,0,0,0,0,0,0,0,0,0,0,0,0,0,0,0,0,0,0,0,0,0,0,0,0,0,0,0,0,0,0,0,0,0,0,0,0,0,0,0,0,0,0,0,0,0,0,0,0,0,0,0,0,0,0,0,0,0,0,0,0,0,0,0,0,0,0,0,0,0,0,0,0,0,0,0,0,0,0,0,0,0,0,0,0,0,0,0,0,0,0,0,0,0,0,0,0,0,0,0,0,0,0,0,0,0,0,0,0,0,0,0,0,0,0,0,0,0,0,0,0,0,0,0,0,0,0,0,0,0,0,0,0,0,0,0,0,0,-1322,273,490,158,60,-91,-239,-348,-400,-387,-322,-215,-83,57,196,317,415,481,495,470,405,283,145,-24,-195,-356,-501,-605,-661,-665,-607,-489,-317,-115,98,310,502,662,757,798,782,690,549,368,152,-73,-297,-491,-657,-775,-832,-838,-790,-682,-522,-332,-112,117,338,541,710,843,915,917,861,744,578,363,115,-135,-377,-617,-806,-933,-994,-988,-920,-784,-593,-361,-92,166,425,656,835,954,1008,996,914,773,572,331,82,-170,-408,-613,-768,-876,-927,-909,-835,-709,-537,-342,-132,83,291,469,616,724,796,815,778,704,588,445,277,86,-101,-280,-446,-593,-711,-776,-803,-783,-715,-612,-175,-282,-71,136,343,528,684,801,873,890,848,752,611,426,218,-9,-242,-461,-645,-798,-901,-953,-948,-891,-775,-600,-392,-157,94,351,597,816,981,1078,1125,1102,999,817,573,283,-33,-361,-672,-945,-1155,-1287,-1325,-1260,-1123,-894,-587,-248,121,483,810,1081,1270,1364,1365,1268,1080,815,492,133,-236,-577,-877,-1112,-1268,-1332,-1308,-1179,-969,-698,-369,-17,325,650,927,1137,1262,1291,1231,1076,838,538,196,-165,-512,-814,-1061,-1208,-1257,-1212,-1070,-833,-522,-186,165,498,783,995,1115,1141,1070,911,683,395,80,-231,-518,-762,-939,-1029,-1029,-930,-742,-474,-141,228,587,878,1046,1035,832,534,-400,-181
28948,mtk,MTK 7916,2777676107,rx0-tx1,512,0,0,0,0,0,0,0,0,0,0,0,0,0,0,0,0,0,0,0,0,0,0,0,0,0,0,0,0,0,0,0,0,0,0,0,0,0,0,0,0,0,0,0,0,0,0,0,0,0,0,0,0,0,0,0,0,0,0,0,0,0,0,0,0,0,0,0,0,0,0,0,0,0,0,0,0,0,0,0,0,0,0,0,0,0,0,0,0,0,0,0,0,0,0,0,0,0,0,0,0,0,0,0,0,0,0,0,0,0,0,0,0,0,0,0,0,0,0,0,0,0,0,0,0,0,0,0,0,0,0,0,0,0,0,0,0,0,0,0,0,0,0,0,0,0,0,0,0,0,0,0,0,0,0,0,0,0,0,0,0,0,0,0,0,0,0,0,0,0,0,0,0,0,0,0,0,0,0,0,0,0,0,0,0,0,0,0,0,0,0,0,0,0,0,0,0,0,0,0,0,0,0,0,0,0,0,0,0,0,0,0,0,0,0,0,0,0,0,0,0,0,0,0,0,0,0,0,0,0,0,0,0,0,0,0,0,0,0,0,0,0,0,0,0,0,0,0,0,0,0,0,0,0,0,0,0,-730,109,70,-249,-251,-180,-51,97,236,342,396,398,354,270,148,13,-134,-276,-390,-479,-527,-523,-469,-370,-238,-72,114,298,468,599,686,714,676,576,433,255,40,-190,-403,-588,-738,-832,-863,-825,-727,-567,-353,-121,129,380,595,785,928,993,988,915,764,571,326,53,-232,-503,-749,-952,-1080,-1130,-1115,-1016,-832,-601,-322,-11,307,612,876,1078,1211,1261,1215,1098,902,644,329,-6,-344,-672,-946,-1167,-1305,-1361,-1327,-1184,-963,-683,-343,19,385,729,1026,1247,1383,1427,1366,1207,977,677,326,-51,-419,-759,-1055,-1272,-1400,-1426,-1367,-1211,-974,-676,-320,43,403,731,1013,1224,1363,1399,1337,1206,-546,704,366,24,-327,-658,-947,-1166,-1311,-1380,-1356,-1245,-1053,-794,-487,-133,225,577,883,1136,1322,1412,1416,1336,1153,883,564,196,-182,-552,-888,-1163,-1352,-1448,-1458,-1366,-1181,-906,-572,-208,170,546,880,1142,1326,1427,1413,1317,1139,879,557,205,-160,-505,-815,-1072,-1246,-1342,-1342,-1260,-1093,-852,-559,-233,111,457,769,1025,1210,1315,1335,1245,1075,832,522,175,-189,-541,-851,-1104,-1268,-1331,-1300,-1168,-940,-642,-299,77,442,768,1029,1200,1270,1235,1099,864,560,221,-125,-458,-747,-957,-1070,-1097,-1030,-870,-645,-368,-72,215,479,699,847,917,909,815,645,413,119,-197,-495,-738,-873,-865,-698,-448,201,176,0,0,0,0,0,0,0,0,0,0,0,0,0,0,0,0,0,0,0,0,0,0,0,0,0,0,0,0,0,0,0,0,0,0,0,0,0,0,0,0,0,0,0,0,0,0,0,0,0,0,0,0,0,0,0,0,0,0,0,0,0,0,0,0,0,0,0,0,0,0,0,0,0,0,0,0,0,0,0,0,0,0,0,0,0,0,0,0,0,0,0,0,0,0,0,0,0,0,0,0,0,0,0,0,0,0,0,0,0,0,0,0,0,0,0,0,0,0,0,0,0,0,0,0,0,0,0,0,0,0,0,0,0,0,0,0,0,0,0,0,0,0,0,0,0,0,0,0,0,0,0,0,0,0,0,0,0,0,0,0,0,0,0,0,0,0,0,0,0,0,0,0,0,0,0,0,0,0,0,0,0,0,0,0,0,0,0,0,0,0,0,0,0,0,0,0,0,0,0,0,0,0,0,0,0,0,0,0,0,0,0,0,0,0,0,0,0,0,0,0,0,0,0,0,0,0,0,0,0,0,0,0,0,0,0,0,0,0,0,0,0,0,0,0,0,0,0,0,0,0,0,0,0,0,0,0,-128,-196,-220,13,139,264,339,348,296,190,52,-94,-229,-342,-419,-456,-450,-394,-299,-178,-26,140,300,439,541,610,621,576,472,319,137,-66,-273,-460,-610,-723,-782,-775,-697,-571,-399,-181,57,295,515,701,835,912,932,867,738,565,341,79,-186,-455,-688,-870,-1004,-1068,-1052,-960,-803,-583,-312,-22,274,567,812,1006,1143,1200,1173,1058,867,616,319,-10,-336,-635,-906,-1124,-1265,-1304,-1271,-1140,-930,-664,-340,-2,359,698,980,1207,1355,1405,1349,1208,982,683,340,-35,-411,-750,-1038,-1265,-1404,-1436,-1369,-1216,-978,-669,-314,58,417,759,1040,1252,1380,1410,1351,1203,970,683,350,-17,-370,-696,1197,-1206,-1332,-1379,-1346,-1223,-1013,-740,-423,-84,270,606,904,1138,1307,1393,1385,1289,1099,848,526,172,-187,-544,-875,-1145,-1338,-1445,-1452,-1360,-1176,-908,-571,-206,179,552,888,1162,1346,1440,1448,1353,1158,883,562,196,-179,-527,-853,-1112,-1293,-1379,-1372,-1281,-1114,-862,-558,-220,131,465,773,1026,1208,1312,1334,1261,1097,856,559,226,-132,-477,-785,-1045,-1231,-1327,-1327,-1228,-1038,-766,-433,-75,291,638,933,1150,1281,1314,1229,1049,783,457,100,-262,-603,-886,-1082,-1180,-1182,-1089,-895,-622,-310,12,331,603,815,949,993,953,839,648,406,138,-141,-409,-641,-819,-913,-899,-773,-542,-222,132,453,636,-101,-140
28949,mtk,MTK 7916,2777676107,rx1-tx0,512,0,0,0,0,0,0,0,0,0,0,0,0,0,0,0,0,0,0,0,0,0,0,0,0,0,0,0,0,0,0,0,0,0,0,0,0,0,0,0,0,0,0,0,0,0,0,0,0,0,0,0,0,0,0,0,0,0,0,0,0,0,0,0,0,0,0,0,0,0,0,0,0,0,0,0,0,0,0,0,0,0,0,0,0,0,0,0,0,0,0,0,0,0,0,0,0,0,0,0,0,0,0,0,0,0,0,0,0,0,0,0,0,0,0,0,0,0,0,0,0,0,0,0,0,0,0,0,0,0,0,0,0,0,0,0,0,0,0,0,0,0,0,0,0,0,0,0,0,0,0,0,0,0,0,0,0,0,0,0,0,0,0,0,0,0,0,0,0,0,0,0,0,0,0,0,0,0,0,0,0,0,0,0,0,0,0,0,0,0,0,0,0,0,0,0,0,0,0,0,0,0,0,0,0,0,0,0,0,0,0,0,0,0,0,0,0,0,0,0,0,0,0,0,0,0,0,0,0,0,0,0,0,0,0,0,0,0,0,0,0,0,0,0,0,0,0,0,0,0,0,0,0,0,0,0,0,146,-162,89,-1,-80,-166,-219,-229,-192,-117,-21,80,161,222,264,273,250,197,121,33,-67,-159,-229,-281,-306,-306,-272,-200,-115,-23,78,172,240,289,313,303,269,211,131,45,-38,-120,-187,-228,-257,-257,-239,-211,-156,-93,-33,22,81,126,152,170,173,172,152,130,109,74,38,12,-17,-43,-60,-80,-88,-101,-111,-113,-114,-121,-114,-102,-95,-72,-41,-11,31,75,124,171,215,242,244,239,207,152,97,12,-73,-159,-242,-304,-346,-364,-350,-299,-235,-142,-23,94,196,285,358,401,416,387,328,255,166,50,-59,-166,-261,-334,-382,-405,-398,-355,-281,-198,-107,1,108,204,-144,340,380,391,369,320,249,155,53,-48,-146,-229,-297,-346,-365,-355,-331,-270,-192,-107,-6,83,170,241,293,322,324,319,280,212,142,62,-19,-102,-170,-215,-255,-276,-274,-264,-238,-178,-119,-61,4,73,133,181,218,242,251,243,217,174,121,69,2,-68,-129,-175,-207,-225,-228,-221,-188,-151,-104,-42,7,61,116,160,196,211,210,203,177,133,95,44,-12,-71,-124,-163,-194,-216,-220,-210,-175,-124,-65,4,71,132,181,226,246,236,206,165,100,24,-46,-120,-181,-217,-244,-239,-209,-157,-94,-18,57,128,186,215,221,204,168,106,25,-55,-134,-184,-190,-169,-801,-615,0,0,0,0,0,0,0,0,0,0,0,0,0,0,0,0,0,0,0,0,0,0,0,0,0,0,0,0,0,0,0,0,0,0,0,0,0,0,0,0,0,0,0,0,0,0,0,0,0,0,0,0,0,0,0,0,0,0,0,0,0,0,0,0,0,0,0,0,0,0,0,0,0,0,0,0,0,0,0,0,0,0,0,0,0,0,0,0,0,0,0,0,0,0,0,0,0,0,0,0,0,0,0,0,0,0,0,0,0,0,0,0,0,0,0,0,0,0,0,0,0,0,0,0,0,0,0,0,0,0,0,0,0,0,0,0,0,0,0,0,0,0,0,0,0,0,0,0,0,0,0,0,0,0,0,0,0,0,0,0,0,0,0,0,0,0,0,0,0,0,0,0,0,0,0,0,0,0,0,0,0,0,0,0,0,0,0,0,0,0,0,0,0,0,0,0,0,0,0,0,0,0,0,0,0,0,0,0,0,0,0,0,0,0,0,0,0,0,0,0,0,0,0,0,0,0,0,0,0,0,0,0,0,0,0,0,0,0,0,0,0,0,0,0,0,0,0,0,0,0,0,0,0,0,0,0,206,1053,1059,-164,-172,-125,-39,60,157,222,257,250,207,146,61,-31,-118,-199,-254,-289,-293,-255,-195,-116,-26,75,173,248,291,316,317,276,207,128,31,-68,-152,-225,-271,-291,-286,-257,-208,-148,-74,9,81,136,183,207,213,210,192,158,123,79,33,-16,-59,-84,-110,-130,-135,-134,-131,-119,-111,-88,-68,-50,-23,-3,12,28,56,81,109,142,164,171,182,180,162,131,78,19,-46,-110,-185,-240,-283,-312,-309,-289,-238,-163,-70,30,137,229,300,365,397,388,348,286,196,94,-17,-132,-227,-309,-375,-409,-405,-371,-305,-227,-131,-27,90,204,284,341,381,395,380,330,147,176,78,-25,-129,-218,-293,-350,-381,-384,-357,-298,-222,-130,-28,63,156,243,298,336,348,333,301,244,175,87,1,-87,-174,-240,-282,-306,-309,-287,-245,-192,-131,-55,14,74,149,204,234,257,266,254,221,175,123,66,2,-62,-124,-179,-209,-236,-244,-237,-209,-166,-117,-54,10,72,126,167,205,227,222,210,184,144,93,39,-11,-63,-118,-160,-187,-209,-214,-207,-183,-144,-98,-37,31,97,162,200,226,230,224,201,161,102,22,-58,-119,-179,-227,-244,-242,-222,-170,-108,-33,52,124,178,215,229,223,192,136,67,-7,-78,-142,-197,-218,-209,-171,-90,-5,57,725,877
28950,mtk,MTK 7916,2777676107,rx1-tx1,512,0,0,0,0,0,0,0,0,0,0,0,0,0,0,0,0,0,0,0,0,0,0,0,0,0,0,0,0,0,0,0,0,0,0,0,0,0,0,0,0,0,0,0,0,0,0,0,0,0,0,0,0,0,0,0,0,0,0,0,0,0,0,0,0,0,0,0,0,0,0,0,0,0,0,0,0,0,0,0,0,0,0,0,0,0,0,0,0,0,0,0,0,0,0,0,0,0,0,0,0,0,0,0,0,0,0,0,0,0,0,0,0,0,0,0,0,0,0,0,0,0,0,0,0,0,0,0,0,0,0,0,0,0,0,0,0,0,0,0,0,0,0,0,0,0,0,0,0,0,0,0,0,0,0,0,0,0,0,0,0,0,0,0,0,0,0,0,0,0,0,0,0,0,0,0,0,0,0,0,0,0,0,0,0,0,0,0,0,0,0,0,0,0,0,0,0,0,0,0,0,0,0,0,0,0,0,0,0,0,0,0,0,0,0,0,0,0,0,0,0,0,0,0,0,0,0,0,0,0,0,0,0,0,0,0,0,0,0,0,0,0,0,0,0,0,0,0,0,0,0,0,0,0,0,0,0,-411,3,-246,6,12,17,19,20,19,15,14,7,-3,-9,-14,-15,-17,-14,-10,-4,1,13,23,27,24,17,10,1,-15,-32,-40,-40,-32,-23,-8,11,32,47,51,42,22,7,-17,-40,-53,-54,-46,-24,3,27,48,59,56,37,5,-23,-42,-56,-55,-44,-26,6,41,63,60,46,17,-15,-45,-68,-75,-58,-23,17,53,81,87,74,42,-2,-52,-93,-108,-95,-59,-10,43,93,117,109,77,23,-42,-95,-123,-116,-78,-24,40,108,143,138,103,43,-30,-96,-144,-152,-122,-65,15,90,146,168,152,90,3,-85,-151,-186,-176,-122,-38,59,145,199,214,178,0,-19,-124,-203,-235,-215,-151,-46,70,164,221,228,186,102,-2,-104,-184,-225,-210,-150,-63,35,123,184,204,180,124,48,-40,-116,-165,-179,-156,-108,-45,24,86,129,144,133,102,49,-12,-65,-103,-126,-127,-105,-64,-6,55,113,152,159,125,77,4,-74,-144,-184,-182,-139,-70,22,118,190,219,205,140,40,-70,-177,-248,-255,-208,-117,8,141,246,297,281,205,83,-68,-208,-305,-338,-296,-186,-41,118,252,335,346,279,155,1,-147,-265,-328,-319,-238,-111,27,157,254,293,263,180,56,-75,-182,-246,-257,-218,-132,-9,112,216,276,283,245,169,70,-27,-121,690,485,0,0,0,0,0,0,0,0,0,0,0,0,0,0,0,0,0,0,0,0,0,0,0,0,0,0,0,0,0,0,0,0,0,0,0,0,0,0,0,0,0,0,0,0,0,0,0,0,0,0,0,0,0,0,0,0,0,0,0,0,0,0,0,0,0,0,0,0,0,0,0,0,0,0,0,0,0,0,0,0,0,0,0,0,0,0,0,0,0,0,0,0,0,0,0,0,0,0,0,0,0,0,0,0,0,0,0,0,0,0,0,0,0,0,0,0,0,0,0,0,0,0,0,0,0,0,0,0,0,0,0,0,0,0,0,0,0,0,0,0,0,0,0,0,0,0,0,0,0,0,0,0,0,0,0,0,0,0,0,0,0,0,0,0,0,0,0,0,0,0,0,0,0,0,0,0,0,0,0,0,0,0,0,0,0,0,0,0,0,0,0,0,0,0,0,0,0,0,0,0,0,0,0,0,0,0,0,0,0,0,0,0,0,0,0,0,0,0,0,0,0,0,0,0,0,0,0,0,0,0,0,0,0,0,0,0,0,0,0,0,0,0,0,0,0,0,0,0,0,0,0,0,0,0,0,0,-92,-1073,-1055,-7,-11,-9,-5,-1,7,14,16,17,18,16,12,4,-3,-11,-20,-20,-16,-14,-9,-2,10,22,30,37,36,22,6,-11,-25,-35,-42,-46,-34,-16,8,29,43,50,47,34,10,-10,-29,-43,-53,-52,-33,-2,28,47,54,47,35,9,-19,-41,-57,-61,-44,-13,18,48,69,73,62,31,-11,-43,-64,-78,-67,-30,12,53,81,92,80,48,-7,-58,-90,-103,-95,-64,-16,44,92,113,107,83,28,-35,-89,-118,-125,-96,-34,34,98,141,143,108,43,-33,-103,-150,-164,-138,-79,2,93,160,185,169,116,25,-74,-158,-202,-197,-144,-62,34,131,0,229,194,109,0,-106,-192,-236,-220,-162,-69,37,140,211,236,206,132,34,-69,-155,-207,-213,-175,-105,-16,77,147,181,174,138,79,0,-73,-127,-150,-147,-124,-78,-13,54,104,136,146,131,88,30,-34,-91,-130,-148,-138,-100,-39,25,85,139,165,152,107,40,-44,-126,-176,-191,-166,-107,-14,97,190,233,220,167,77,-42,-161,-254,-290,-254,-161,-30,108,229,308,316,249,136,-12,-166,-282,-335,-322,-244,-104,57,198,290,331,304,208,65,-84,-215,-295,-307,-254,-149,-17,111,215,270,265,201,88,-42,-155,-241,-275,-254,-180,-72,41,146,233,284,286,242,-806,-946
28951,mtk,MTK 7916,2777676107,rx2-tx0,512,0,0,0,0,0,0,0,0,0,0,0,0,0,0,0,0,0,0,0,0,0,0,0,0,0,0,0,0,0,0,0,0,0,0,0,0,0,0,0,0,0,0,0,0,0,0,0,0,0,0,0,0,0,0,0,0,0,0,0,0,0,0,0,0,0,0,0,0,0,0,0,0,0,0,0,0,0,0,0,0,0,0,0,0,0,0,0,0,0,0,0,0,0,0,0,0,0,0,0,0,0,0,0,0,0,0,0,0,0,0,0,0,0,0,0,0,0,0,0,0,0,0,0,0,0,0,0,0,0,0,0,0,0,0,0,0,0,0,0,0,0,0,0,0,0,0,0,0,0,0,0,0,0,0,0,0,0,0,0,0,0,0,0,0,0,0,0,0,0,0,0,0,0,0,0,0,0,0,0,0,0,0,0,0,0,0,0,0,0,0,0,0,0,0,0,0,0,0,0,0,0,0,0,0,0,0,0,0,0,0,0,0,0,0,0,0,0,0,0,0,0,0,0,0,0,0,0,0,0,0,0,0,0,0,0,0,0,0,0,0,0,0,0,0,0,0,0,0,0,0,0,0,0,0,0,0,-136,302,24,25,46,62,76,86,83,65,38,4,-35,-72,-98,-106,-98,-73,-30,23,78,122,146,143,111,50,-24,-97,-158,-199,-198,-153,-75,23,124,211,254,243,181,80,-49,-172,-261,-298,-272,-186,-56,93,227,310,325,264,138,-20,-174,-302,-357,-323,-217,-59,124,285,374,371,286,131,-60,-243,-370,-410,-349,-206,-10,202,363,433,397,266,66,-159,-348,-452,-443,-330,-136,99,315,460,494,412,225,-17,-263,-446,-526,-481,-318,-80,172,383,505,508,384,168,-82,-303,-449,-492,-418,-244,-11,221,397,471,427,275,58,-169,-349,-447,-436,-320,-127,96,286,406,433,348,0,-39,-239,-372,-416,-363,-213,-11,189,344,419,388,262,73,-136,-308,-406,-412,-320,-154,45,237,379,433,383,243,52,-150,-319,-413,-423,-333,-164,41,227,368,436,404,282,101,-103,-286,-404,-438,-380,-242,-53,143,309,408,417,339,194,13,-168,-319,-404,-397,-304,-148,32,196,315,365,336,237,83,-87,-234,-328,-346,-289,-170,-16,141,268,328,308,225,91,-62,-199,-288,-310,-257,-148,-8,132,242,295,285,206,74,-77,-202,-281,-304,-264,-158,-17,128,244,303,296,232,116,-25,-161,-267,-319,-303,-225,-99,42,172,274,331,327,261,153,29,-99,-208,-273,-298,-294,1000,801,0,0,0,0,0,0,0,0,0,0,0,0,0,0,0,0,0,0,0,0,0,0,0,0,0,0,0,0,0,0,0,0,0,0,0,0,0,0,0,0,0,0,0,0,0,0,0,0,0,0,0,0,0,0,0,0,0,0,0,0,0,0,0,0,0,0,0,0,0,0,0,0,0,0,0,0,0,0,0,0,0,0,0,0,0,0,0,0,0,0,0,0,0,0,0,0,0,0,0,0,0,0,0,0,0,0,0,0,0,0,0,0,0,0,0,0,0,0,0,0,0,0,0,0,0,0,0,0,0,0,0,0,0,0,0,0,0,0,0,0,0,0,0,0,0,0,0,0,0,0,0,0,0,0,0,0,0,0,0,0,0,0,0,0,0,0,0,0,0,0,0,0,0,0,0,0,0,0,0,0,0,0,0,0,0,0,0,0,0,0,0,0,0,0,0,0,0,0,0,0,0,0,0,0,0,0,0,0,0,0,0,0,0,0,0,0,0,0,0,0,0,0,0,0,0,0,0,0,0,0,0,0,0,0,0,0,0,0,0,0,0,0,0,0,0,0,0,0,0,0,0,0,0,0,0,0,1335,-1138,-1169,-53,-52,-40,-18,11,41,68,87,98,94,75,43,-4,-52,-94,-125,-133,-113,-75,-17,51,112,159,179,157,99,20,-67,-148,-204,-227,-201,-130,-25,88,189,257,275,229,129,-5,-138,-247,-313,-308,-226,-93,62,209,308,342,302,189,25,-151,-287,-362,-359,-260,-94,91,252,362,387,319,168,-29,-221,-362,-419,-369,-229,-33,178,355,449,431,304,102,-134,-342,-467,-475,-373,-181,60,290,454,508,437,264,33,-214,-409,-509,-489,-350,-126,129,354,489,507,407,207,-34,-261,-428,-491,-428,-264,-47,188,372,458,431,297,94,-125,-312,-422,-421,-317,-138,75,275,0,425,347,192,-13,-219,-371,-432,-387,-248,-52,159,324,411,403,298,114,-92,-273,-390,-417,-345,-194,6,207,358,431,409,288,103,-104,-289,-408,-441,-380,-235,-37,166,332,425,427,338,179,-18,-210,-358,-422,-398,-297,-129,64,248,372,415,370,251,81,-102,-266,-368,-390,-330,-201,-32,140,282,361,355,271,138,-21,-179,-293,-335,-299,-200,-56,95,226,303,306,235,113,-31,-169,-266,-300,-265,-171,-39,108,231,301,301,232,112,-33,-169,-271,-313,-288,-199,-66,77,203,288,315,271,170,36,-104,-225,-303,-320,-272,-172,-43,95,217,305,341,323,262,174,74,-38,-661,-874
28952,mtk,MTK 7916,2777676107,rx2-tx1,512,0,0,0,0,0,0,0,0,0,0,0,0,0,0,0,0,0,0,0,0,0,0,0,0,0,0,0,0,0,0,0,0,0,0,0,0,0,0,0,0,0,0,0,0,0,0,0,0,0,0,0,0,0,0,0,0,0,0,0,0,0,0,0,0,0,0,0,0,0,0,0,0,0,0,0,0,0,0,0,0,0,0,0,0,0,0,0,0,0,0,0,0,0,0,0,0,0,0,0,0,0,0,0,0,0,0,0,0,0,0,0,0,0,0,0,0,0,0,0,0,0,0,0,0,0,0,0,0,0,0,0,0,0,0,0,0,0,0,0,0,0,0,0,0,0,0,0,0,0,0,0,0,0,0,0,0,0,0,0,0,0,0,0,0,0,0,0,0,0,0,0,0,0,0,0,0,0,0,0,0,0,0,0,0,0,0,0,0,0,0,0,0,0,0,0,0,0,0,0,0,0,0,0,0,0,0,0,0,0,0,0,0,0,0,0,0,0,0,0,0,0,0,0,0,0,0,0,0,0,0,0,0,0,0,0,0,0,0,0,0,0,0,0,0,0,0,0,0,0,0,0,0,0,0,0,0,236,-698,-521,33,47,64,77,77,63,44,15,-21,-52,-70,-72,-65,-48,-19,19,55,76,74,52,25,-4,-40,-70,-72,-58,-28,16,56,80,90,82,49,-4,-54,-94,-113,-94,-49,5,62,113,137,118,65,-13,-89,-145,-169,-149,-84,9,94,160,200,184,116,15,-103,-204,-259,-247,-168,-46,92,216,290,298,235,106,-67,-223,-326,-346,-288,-156,20,201,337,394,353,229,42,-163,-331,-417,-403,-296,-115,97,299,424,440,354,178,-34,-242,-391,-446,-387,-236,-32,179,347,428,402,281,93,-110,-280,-383,-382,-281,-117,68,228,326,348,278,130,-40,-194,-299,-317,-254,0,27,185,282,289,224,108,-43,-180,-271,-290,-226,-101,55,199,287,299,233,110,-48,-192,-296,-324,-268,-142,28,191,296,334,292,178,20,-143,-274,-330,-303,-201,-59,90,215,289,289,214,91,-50,-172,-248,-258,-208,-103,13,117,191,216,175,90,-11,-105,-160,-162,-126,-59,24,95,128,134,101,33,-41,-102,-134,-136,-95,-20,57,114,145,142,93,24,-47,-109,-148,-151,-115,-46,37,108,149,151,122,65,-13,-85,-132,-146,-126,-76,-10,62,118,142,131,90,28,-35,-82,-111,-110,-89,-48,2,55,93,112,102,69,17,-35,-83,-121,-134,-116,-83,-47,4,-972,-923,0,0,0,0,0,0,0,0,0,0,0,0,0,0,0,0,0,0,0,0,0,0,0,0,0,0,0,0,0,0,0,0,0,0,0,0,0,0,0,0,0,0,0,0,0,0,0,0,0,0,0,0,0,0,0,0,0,0,0,0,0,0,0,0,0,0,0,0,0,0,0,0,0,0,0,0,0,0,0,0,0,0,0,0,0,0,0,0,0,0,0,0,0,0,0,0,0,0,0,0,0,0,0,0,0,0,0,0,0,0,0,0,0,0,0,0,0,0,0,0,0,0,0,0,0,0,0,0,0,0,0,0,0,0,0,0,0,0,0,0,0,0,0,0,0,0,0,0,0,0,0,0,0,0,0,0,0,0,0,0,0,0,0,0,0,0,0,0,0,0,0,0,0,0,0,0,0,0,0,0,0,0,0,0,0,0,0,0,0,0,0,0,0,0,0,0,0,0,0,0,0,0,0,0,0,0,0,0,0,0,0,0,0,0,0,0,0,0,0,0,0,0,0,0,0,0,0,0,0,0,0,0,0,0,0,0,0,0,0,0,0,0,0,0,0,0,0,0,0,0,0,0,0,0,0,0,-351,667,810,-48,-46,-34,-12,14,40,67,81,82,64,36,3,-31,-55,-70,-71,-55,-24,11,42,60,72,60,28,-12,-53,-75,-81,-64,-28,14,51,83,95,78,37,-16,-68,-100,-115,-101,-57,7,71,120,142,123,68,-12,-92,-154,-186,-170,-105,-5,100,185,230,217,146,28,-112,-225,-275,-266,-195,-69,78,213,305,329,268,130,-49,-219,-339,-378,-323,-194,-9,189,337,403,376,258,80,-127,-313,-422,-425,-326,-156,60,258,400,442,372,212,3,-208,-373,-437,-388,-252,-64,142,311,399,392,289,119,-88,-263,-362,-367,-286,-130,47,210,313,329,256,124,-37,-188,0,-297,-239,-111,49,188,279,288,225,97,-52,-192,-284,-297,-228,-98,58,202,303,320,254,124,-41,-191,-295,-328,-277,-160,0,164,283,330,301,196,40,-123,-248,-312,-295,-212,-82,66,195,271,276,208,99,-30,-146,-215,-228,-188,-98,17,115,180,196,153,72,-16,-88,-135,-142,-109,-50,28,94,134,133,94,24,-52,-113,-140,-129,-88,-23,49,110,144,139,96,32,-43,-115,-155,-149,-114,-50,24,92,139,150,120,69,0,-71,-121,-139,-128,-82,-23,40,94,123,121,93,43,-17,-73,-106,-114,-99,-60,-6,51,95,122,123,96,53,-3,-57,-94,-117,-123,57,272
28953,mtk,MTK 7916,2777714206,rx0-tx0,512,0,0,0,0,0,0,0,0,0,0,0,0,0,0,0,0,0,0,0,0,0,0,0,0,0,0,0,0,0,0,0,0,0,0,0,0,0,0,0,0,0,0,0,0,0,0,0,0,0,0,0,0,0,0,0,0,0,0,0,0,0,0,0,0,0,0,0,0,0,0,0,0,0,0,0,0,0,0,0,0,0,0,0,0,0,0,0,0,0,0,0,0,0,0,0,0,0,0,0,0,0,0,0,0,0,0,0,0,0,0,0,0,0,0,0,0,0,0,0,0,0,0,0,0,0,0,0,0,0,0,0,0,0,0,0,0,0,0,0,0,0,0,0,0,0,0,0,0,0,0,0,0,0,0,0,0,0,0,0,0,0,0,0,0,0,0,0,0,0,0,0,0,0,0,0,0,0,0,0,0,0,0,0,0,0,0,0,0,0,0,0,0,0,0,0,0,0,0,0,0,0,0,0,0,0,0,0,0,0,0,0,0,0,0,0,0,0,0,0,0,0,0,0,0,0,0,0,0,0,0,0,0,0,0,0,0,0,0,0,0,0,0,0,0,0,0,0,0,0,0,0,0,0,0,0,0,-273,-952,-859,44,148,246,304,307,261,178,68,-42,-151,-250,-329,-377,-391,-379,-334,-265,-161,-43,79,208,326,430,497,538,534,485,398,278,126,-42,-205,-363,-495,-597,-656,-674,-638,-555,-433,-291,-124,56,229,383,525,632,700,730,714,652,557,427,270,94,-98,-279,-451,-603,-730,-805,-830,-816,-755,-638,-480,-292,-83,138,361,559,720,841,917,939,890,801,653,469,255,22,-216,-441,-628,-785,-890,-935,-935,-872,-754,-604,-419,-211,9,225,427,591,722,815,851,845,797,710,584,425,257,70,-118,-296,-454,-587,-693,-762,-792,-790,-742,-656,-536,-393,-219,-36,149,333,499,646,-1687,842,863,837,776,673,532,362,163,-40,-247,-447,-626,-768,-866,-920,-924,-882,-789,-656,-487,-288,-75,140,360,567,749,900,1005,1060,1063,1001,868,703,477,215,-64,-359,-635,-876,-1088,-1228,-1300,-1293,-1194,-1024,-792,-499,-164,179,526,838,1105,1302,1409,1430,1358,1200,963,663,327,-38,-394,-721,-1010,-1235,-1364,-1413,-1375,-1240,-1033,-769,-447,-98,246,572,868,1092,1252,1337,1321,1225,1053,810,516,186,-161,-499,-787,-1024,-1190,-1263,-1252,-1150,-969,-719,-412,-87,236,541,793,974,1083,1117,1065,924,722,482,206,-82,-361,-609,-805,-942,-1003,-980,-892,-711,-443,-121,236,576,845,989,954,786,-899,-966,0,0,0,0,0,0,0,0,0,0,0,0,0,0,0,0,0,0,0,0,0,0,0,0,0,0,0,0,0,0,0,0,0,0,0,0,0,0,0,0,0,0,0,0,0,0,0,0,0,0,0,0,0,0,0,0,0,0,0,0,0,0,0,0,0,0,0,0,0,0,0,0,0,0,0,0,0,0,0,0,0,0,0,0,0,0,0,0,0,0,0,0,0,0,0,0,0,0,0,0,0,0,0,0,0,0,0,0,0,0,0,0,0,0,0,0,0,0,0,0,0,0,0,0,0,0,0,0,0,0,0,0,0,0,0,0,0,0,0,0,0,0,0,0,0,0,0,0,0,0,0,0,0,0,0,0,0,0,0,0,0,0,0,0,0,0,0,0,0,0,0,0,0,0,0,0,0,0,0,0,0,0,0,0,0,0,0,0,0,0,0,0,0,0,0,0,0,0,0,0,0,0,0,0,0,0,0,0,0,0,0,0,0,0,0,0,0,0,0,0,0,0,0,0,0,0,0,0,0,0,0,0,0,0,0,0,0,0,0,0,0,0,0,0,0,0,0,0,0,0,0,0,0,0,0,0,-1322,273,490,216,209,141,31,-93,-204,-290,-339,-348,-326,-272,-186,-83,28,141,244,337,411,446,458,429,365,271,146,6,-150,-297,-425,-530,-601,-617,-592,-526,-419,-281,-113,64,239,401,529,627,690,700,661,596,494,348,182,1,-177,-342,-490,-617,-712,-768,-777,-737,-658,-543,-381,-185,14,215,410,588,729,827,886,894,842,729,574,384,170,-63,-291,-499,-688,-829,-923,-959,-941,-850,-715,-541,-326,-106,122,347,541,703,817,889,905,876,795,659,504,315,118,-79,-266,-446,-600,-707,-777,-810,-802,-756,-665,-543,-399,-231,-57,123,304,461,596,705,786,821,815,762,670,543,-175,207,1,-195,-382,-553,-698,-808,-875,-893,-866,-790,-666,-507,-325,-114,103,314,513,681,815,914,963,971,927,824,680,498,277,36,-213,-468,-690,-881,-1052,-1150,-1197,-1165,-1054,-883,-659,-377,-71,265,589,867,1105,1279,1379,1388,1306,1139,894,590,248,-111,-468,-797,-1081,-1284,-1408,-1442,-1374,-1232,-1012,-717,-379,-32,323,655,935,1156,1308,1367,1343,1240,1050,792,501,164,-181,-505,-802,-1042,-1211,-1299,-1300,-1211,-1031,-790,-483,-148,189,513,792,1016,1154,1202,1171,1052,850,597,312,5,-303,-578,-789,-941,-1023,-1027,-956,-814,-612,-366,-81,208,488,749,933,1032,1019,877,607,238,-162,-454,-400,-181
28954,mtk,MTK 7916,2777714206,rx0-tx1,512,0,0,0,0,0,0,0,0,0,0,0,0,0,0,0,0,0,0,0,0,0,0,0,0,0,0,0,0,0,0,0,0,0,0,0,0,0,0,0,0,0,0,0,0,0,0,0,0,0,0,0,0,0,0,0,0,0,0,0,0,0,0,0,0,0,0,0,0,0,0,0,0,0,0,0,0,0,0,0,0,0,0,0,0,0,0,0,0,0,0,0,0,0,0,0,0,0,0,0,0,0,0,0,0,0,0,0,0,0,0,0,0,0,0,0,0,0,0,0,0,0,0,0,0,0,0,0,0,0,0,0,0,0,0,0,0,0,0,0,0,0,0,0,0,0,0,0,0,0,0,0,0,0,0,0,0,0,0,0,0,0,0,0,0,0,0,0,0,0,0,0,0,0,0,0,0,0,0,0,0,0,0,0,0,0,0,0,0,0,0,0,0,0,0,0,0,0,0,0,0,0,0,0,0,0,0,0,0,0,0,0,0,0,0,0,0,0,0,0,0,0,0,0,0,0,0,0,0,0,0,0,0,0,0,0,0,0,0,0,0,0,0,0,0,0,0,0,0,0,0,0,0,0,0,0,0,-730,109,70,-204,-280,-304,-260,-159,-24,114,240,338,404,431,412,355,265,151,16,-126,-269,-395,-498,-564,-590,-571,-498,-387,-226,-47,144,333,502,640,737,782,771,706,581,413,218,-7,-237,-452,-646,-801,-903,-952,-944,-855,-718,-537,-310,-57,205,459,684,870,1014,1088,1097,1037,911,723,488,221,-62,-352,-618,-842,-1030,-1163,-1223,-1197,-1106,-948,-727,-466,-165,134,437,719,963,1146,1270,1308,1270,1170,986,743,459,134,-194,-510,-803,-1047,-1226,-1336,-1377,-1326,-1198,-1002,-740,-429,-106,233,561,857,1098,1272,1376,1397,1333,1186,983,720,413,81,-260,-569,-855,-1096,-1263,-1361,-1387,-1317,-1182,-988,-546,-431,-95,226,542,827,1064,1238,1345,1382,1340,1218,1035,788,494,168,-169,-497,-800,-1058,-1258,-1385,-1443,-1414,-1304,-1109,-849,-541,-197,165,521,846,1113,1319,1452,1493,1446,1312,1095,816,501,150,-217,-564,-874,-1128,-1313,-1418,-1442,-1377,-1231,-1016,-741,-425,-92,246,558,840,1074,1241,1331,1348,1292,1159,960,701,401,79,-249,-563,-849,-1078,-1243,-1334,-1343,-1267,-1106,-873,-587,-258,93,438,756,1021,1207,1321,1344,1267,1095,853,554,211,-143,-478,-775,-1011,-1168,-1229,-1199,-1075,-872,-611,-309,1,305,579,796,944,1014,1006,921,769,564,317,41,-236,-497,-723,-885,-962,-931,-780,-523,-183,173,434,201,176,0,0,0,0,0,0,0,0,0,0,0,0,0,0,0,0,0,0,0,0,0,0,0,0,0,0,0,0,0,0,0,0,0,0,0,0,0,0,0,0,0,0,0,0,0,0,0,0,0,0,0,0,0,0,0,0,0,0,0,0,0,0,0,0,0,0,0,0,0,0,0,0,0,0,0,0,0,0,0,0,0,0,0,0,0,0,0,0,0,0,0,0,0,0,0,0,0,0,0,0,0,0,0,0,0,0,0,0,0,0,0,0,0,0,0,0,0,0,0,0,0,0,0,0,0,0,0,0,0,0,0,0,0,0,0,0,0,0,0,0,0,0,0,0,0,0,0,0,0,0,0,0,0,0,0,0,0,0,0,0,0,0,0,0,0,0,0,0,0,0,0,0,0,0,0,0,0,0,0,0,0,0,0,0,0,0,0,0,0,0,0,0,0,0,0,0,0,0,0,0,0,0,0,0,0,0,0,0,0,0,0,0,0,0,0,0,0,0,0,0,0,0,0,0,0,0,0,0,0,0,0,0,0,0,0,0,0,0,0,0,0,0,0,0,0,0,0,0,0,0,0,0,0,0,0,0,-128,-196,-220,-139,-46,88,224,326,377,371,315,224,108,-21,-157,-278,-376,-453,-491,-493,-448,-363,-246,-99,60,232,389,529,633,683,689,638,539,394,215,9,-200,-407,-588,-730,-828,-872,-853,-776,-648,-464,-243,-13,236,470,673,847,970,1030,1020,945,803,625,391,131,-142,-414,-660,-877,-1031,-1130,-1163,-1123,-1001,-824,-605,-339,-44,253,540,800,1013,1169,1250,1260,1200,1069,863,605,309,-12,-322,-624,-898,-1111,-1264,-1341,-1331,-1253,-1100,-879,-597,-288,50,386,692,960,1174,1316,1383,1375,1281,1101,860,572,249,-88,-423,-728,-986,-1193,-1334,-1390,-1361,-1258,-1090,-855,-568,-254,81,410,705,969,1197,1319,1371,1354,1268,1106,879,609,302,-24,-354,-661,-932,-1155,-1308,-1392,-1397,-1324,-1172,-958,-680,-365,-28,321,652,950,1192,1367,1465,1473,1396,1232,991,698,354,-10,-370,-711,-1007,-1234,-1394,-1476,-1464,-1358,-1177,-930,-627,-289,67,409,721,989,1201,1337,1393,1367,1262,1091,851,566,251,-67,-387,-684,-941,-1148,-1281,-1341,-1320,-1219,-1047,-809,-521,-194,146,480,785,1038,1227,1334,1352,1283,1127,890,595,265,-92,-445,-756,-1009,-1195,-1292,-1290,-1198,-1015,-761,-450,-110,228,540,803,996,1104,1122,1064,919,712,457,179,-108,-378,-612,-795,-915,-960,-923,-814,-629,-375,-70,257,555,785,896,852,697,-101,-140
28955,mtk,MTK 7916,2777714206,rx1-tx0,512,0,0,0,0,0,0,0,0,0,0,0,0,0,0,0,0,0,0,0,0,0,0,0,0,0,0,0,0,0,0,0,0,0,0,0,0,0,0,0,0,0,0,0,0,0,0,0,0,0,0,0,0,0,0,0,0,0,0,0,0,0,0,0,0,0,0,0,0,0,0,0,0,0,0,0,0,0,0,0,0,0,0,0,0,0,0,0,0,0,0,0,0,0,0,0,0,0,0,0,0,0,0,0,0,0,0,0,0,0,0,0,0,0,0,0,0,0,0,0,0,0,0,0,0,0,0,0,0,0,0,0,0,0,0,0,0,0,0,0,0,0,0,0,0,0,0,0,0,0,0,0,0,0,0,0,0,0,0,0,0,0,0,0,0,0,0,0,0,0,0,0,0,0,0,0,0,0,0,0,0,0,0,0,0,0,0,0,0,0,0,0,0,0,0,0,0,0,0,0,0,0,0,0,0,0,0,0,0,0,0,0,0,0,0,0,0,0,0,0,0,0,0,0,0,0,0,0,0,0,0,0,0,0,0,0,0,0,0,0,0,0,0,0,0,0,0,0,0,0,0,0,0,0,0,0,0,146,-162,89,100,51,-22,-98,-158,-194,-195,-166,-114,-48,16,84,146,192,216,220,207,176,124,55,-9,-84,-147,-200,-237,-248,-234,-212,-166,-100,-19,52,113,164,201,229,227,216,183,128,83,30,-25,-76,-120,-133,-145,-151,-144,-124,-88,-62,-38,-19,-2,10,22,30,37,36,34,41,49,46,48,61,69,73,88,87,85,79,62,36,3,-40,-83,-124,-169,-211,-233,-241,-231,-200,-157,-90,-7,75,158,225,297,340,344,335,306,242,162,73,-32,-134,-225,-298,-353,-382,-384,-361,-314,-236,-152,-55,49,139,226,300,349,376,375,356,312,245,163,66,-29,-117,-203,-144,-325,-354,-363,-352,-312,-245,-170,-87,-2,93,170,240,295,331,339,324,286,227,166,97,13,-74,-145,-201,-241,-276,-290,-277,-252,-213,-168,-106,-37,17,77,129,168,200,217,215,213,192,161,123,75,28,-17,-55,-93,-136,-169,-182,-187,-181,-160,-138,-111,-76,-34,11,54,92,120,142,154,151,149,138,110,80,52,24,-6,-38,-70,-99,-122,-142,-150,-143,-133,-114,-89,-52,-15,31,76,103,140,168,171,166,147,113,73,28,-23,-81,-127,-160,-172,-176,-166,-137,-99,-46,9,57,102,138,150,153,146,118,85,42,-8,-53,-96,-125,-135,-127,-92,-45,-3,-801,-615,0,0,0,0,0,0,0,0,0,0,0,0,0,0,0,0,0,0,0,0,0,0,0,0,0,0,0,0,0,0,0,0,0,0,0,0,0,0,0,0,0,0,0,0,0,0,0,0,0,0,0,0,0,0,0,0,0,0,0,0,0,0,0,0,0,0,0,0,0,0,0,0,0,0,0,0,0,0,0,0,0,0,0,0,0,0,0,0,0,0,0,0,0,0,0,0,0,0,0,0,0,0,0,0,0,0,0,0,0,0,0,0,0,0,0,0,0,0,0,0,0,0,0,0,0,0,0,0,0,0,0,0,0,0,0,0,0,0,0,0,0,0,0,0,0,0,0,0,0,0,0,0,0,0,0,0,0,0,0,0,0,0,0,0,0,0,0,0,0,0,0,0,0,0,0,0,0,0,0,0,0,0,0,0,0,0,0,0,0,0,0,0,0,0,0,0,0,0,0,0,0,0,0,0,0,0,0,0,0,0,0,0,0,0,0,0,0,0,0,0,0,0,0,0,0,0,0,0,0,0,0,0,0,0,0,0,0,0,0,0,0,0,0,0,0,0,0,0,0,0,0,0,0,0,0,0,206,1053,1059,-89,-145,-167,-152,-103,-32,46,116,169,197,209,199,162,109,40,-23,-89,-152,-207,-235,-242,-232,-196,-143,-75,5,72,133,193,234,251,241,217,172,125,56,-14,-70,-132,-168,-185,-199,-189,-171,-130,-87,-53,-16,22,55,74,81,87,94,91,77,65,55,44,31,25,29,26,18,19,17,0,-8,-20,-38,-54,-85,-115,-141,-156,-167,-162,-148,-120,-72,-12,51,114,178,234,288,310,307,280,230,167,74,-18,-106,-202,-284,-335,-371,-384,-365,-312,-243,-151,-54,47,141,231,309,357,388,383,354,304,231,143,50,-48,-134,-215,-286,-337,-368,-366,-350,-317,147,-165,-78,13,101,190,259,311,345,362,342,300,247,175,92,4,-79,-159,-221,-268,-306,-321,-304,-267,-220,-164,-105,-27,45,110,166,207,238,243,246,235,205,161,112,53,5,-40,-88,-125,-157,-181,-196,-193,-184,-167,-139,-101,-54,-10,39,82,114,140,160,170,165,151,131,105,78,39,7,-28,-67,-99,-117,-135,-141,-149,-145,-130,-104,-76,-44,-6,27,63,100,131,155,162,166,144,123,96,51,0,-44,-94,-137,-163,-177,-176,-159,-125,-86,-40,7,65,110,145,161,161,151,132,94,45,0,-52,-92,-122,-140,-142,-127,-98,-55,-9,40,81,106,114,725,877
28956,mtk,MTK 7916,2777714206,rx1-tx1,512,0,0,0,0,0,0,0,0,0,0,0,0,0,0,0,0,0,0,0,0,0,0,0,0,0,0,0,0,0,0,0,0,0,0,0,0,0,0,0,0,0,0,0,0,0,0,0,0,0,0,0,0,0,0,0,0,0,0,0,0,0,0,0,0,0,0,0,0,0,0,0,0,0,0,0,0,0,0,0,0,0,0,0,0,0,0,0,0,0,0,0,0,0,0,0,0,0,0,0,0,0,0,0,0,0,0,0,0,0,0,0,0,0,0,0,0,0,0,0,0,0,0,0,0,0,0,0,0,0,0,0,0,0,0,0,0,0,0,0,0,0,0,0,0,0,0,0,0,0,0,0,0,0,0,0,0,0,0,0,0,0,0,0,0,0,0,0,0,0,0,0,0,0,0,0,0,0,0,0,0,0,0,0,0,0,0,0,0,0,0,0,0,0,0,0,0,0,0,0,0,0,0,0,0,0,0,0,0,0,0,0,0,0,0,0,0,0,0,0,0,0,0,0,0,0,0,0,0,0,0,0,0,0,0,0,0,0,0,0,0,0,0,0,0,0,0,0,0,0,0,0,0,0,0,0,0,-411,3,-246,21,51,74,90,97,87,61,24,-18,-58,-87,-103,-94,-70,-32,21,69,97,104,91,60,14,-38,-78,-102,-105,-80,-42,5,48,82,96,85,50,8,-27,-58,-70,-58,-36,-16,9,26,34,28,13,-5,-8,-8,-6,6,20,18,11,-2,-22,-42,-52,-50,-33,-2,42,74,91,87,59,11,-41,-91,-121,-119,-83,-26,42,99,132,137,105,41,-36,-100,-136,-141,-112,-49,30,98,137,141,106,49,-22,-85,-127,-138,-106,-49,17,74,112,114,86,42,-11,-65,-100,-98,-69,-27,16,53,73,69,46,16,-14,-38,-44,-36,-20,-5,4,12,8,-11,0,-43,-37,-12,24,59,84,84,65,18,-45,-109,-144,-148,-117,-54,38,131,199,214,177,90,-30,-146,-228,-262,-234,-143,-5,134,244,305,288,192,51,-105,-243,-321,-319,-244,-105,67,226,320,340,274,136,-38,-195,-304,-334,-285,-164,3,161,276,318,284,179,26,-138,-258,-306,-281,-182,-37,122,250,309,277,184,46,-105,-230,-297,-293,-217,-87,65,204,288,297,237,121,-28,-168,-265,-299,-260,-159,-27,109,217,269,259,187,72,-49,-154,-222,-237,-191,-102,3,103,174,201,177,110,19,-70,-141,-180,-178,-134,-57,37,122,181,207,189,140,77,3,-73,-142,690,485,0,0,0,0,0,0,0,0,0,0,0,0,0,0,0,0,0,0,0,0,0,0,0,0,0,0,0,0,0,0,0,0,0,0,0,0,0,0,0,0,0,0,0,0,0,0,0,0,0,0,0,0,0,0,0,0,0,0,0,0,0,0,0,0,0,0,0,0,0,0,0,0,0,0,0,0,0,0,0,0,0,0,0,0,0,0,0,0,0,0,0,0,0,0,0,0,0,0,0,0,0,0,0,0,0,0,0,0,0,0,0,0,0,0,0,0,0,0,0,0,0,0,0,0,0,0,0,0,0,0,0,0,0,0,0,0,0,0,0,0,0,0,0,0,0,0,0,0,0,0,0,0,0,0,0,0,0,0,0,0,0,0,0,0,0,0,0,0,0,0,0,0,0,0,0,0,0,0,0,0,0,0,0,0,0,0,0,0,0,0,0,0,0,0,0,0,0,0,0,0,0,0,0,0,0,0,0,0,0,0,0,0,0,0,0,0,0,0,0,0,0,0,0,0,0,0,0,0,0,0,0,0,0,0,0,0,0,0,0,0,0,0,0,0,0,0,0,0,0,0,0,0,0,0,0,0,-92,-1073,-1055,-65,-61,-44,-19,14,50,78,95,99,83,51,6,-40,-79,-104,-106,-86,-44,5,55,89,111,102,71,27,-22,-67,-96,-104,-84,-47,-5,33,65,79,67,39,8,-18,-37,-46,-41,-25,-4,12,15,15,8,-4,-11,-12,-3,12,27,35,33,19,-6,-34,-61,-80,-78,-51,-7,42,84,104,100,74,26,-42,-97,-132,-134,-98,-34,39,105,139,141,110,49,-30,-95,-136,-140,-110,-50,20,90,134,135,104,49,-15,-77,-116,-123,-92,-41,18,70,106,109,83,36,-17,-65,-89,-83,-57,-21,17,48,61,55,35,9,-14,-29,-31,-19,-2,10,16,0,-8,-37,-55,-61,-48,-13,31,75,110,118,94,37,-47,-123,-172,-186,-153,-73,34,139,217,241,205,116,-8,-142,-249,-294,-266,-171,-31,122,244,313,304,214,67,-96,-235,-324,-336,-262,-124,49,210,312,334,275,152,-14,-178,-295,-336,-286,-167,-11,148,265,316,288,185,26,-134,-252,-302,-280,-182,-41,109,232,294,283,204,70,-88,-222,-296,-299,-230,-98,57,188,274,295,247,143,1,-142,-240,-279,-256,-170,-52,79,192,251,243,186,90,-22,-131,-206,-219,-185,-110,-12,87,160,190,177,125,38,-56,-139,-190,-197,-161,-93,-8,82,158,200,208,188,131,-806,-946
28957,mtk,MTK 7916,2777714206,rx2-tx0,512,0,0,0,0,0,0,0,0,0,0,0,0,0,0,0,0,0,0,0,0,0,0,0,0,0,0,0,0,0,0,0,0,0,0,0,0,0,0,0,0,0,0,0,0,0,0,0,0,0,0,0,0,0,0,0,0,0,0,0,0,0,0,0,0,0,0,0,0,0,0,0,0,0,0,0,0,0,0,0,0,0,0,0,0,0,0,0,0,0,0,0,0,0,0,0,0,0,0,0,0,0,0,0,0,0,0,0,0,0,0,0,0,0,0,0,0,0,0,0,0,0,0,0,0,0,0,0,0,0,0,0,0,0,0,0,0,0,0,0,0,0,0,0,0,0,0,0,0,0,0,0,0,0,0,0,0,0,0,0,0,0,0,0,0,0,0,0,0,0,0,0,0,0,0,0,0,0,0,0,0,0,0,0,0,0,0,0,0,0,0,0,0,0,0,0,0,0,0,0,0,0,0,0,0,0,0,0,0,0,0,0,0,0,0,0,0,0,0,0,0,0,0,0,0,0,0,0,0,0,0,0,0,0,0,0,0,0,0,0,0,0,0,0,0,0,0,0,0,0,0,0,0,0,0,0,0,-136,302,24,74,80,78,63,38,5,-32,-65,-88,-92,-79,-56,-20,21,54,79,89,80,58,21,-21,-56,-79,-90,-85,-62,-26,13,46,69,85,92,78,43,2,-38,-74,-103,-113,-97,-57,-5,48,96,131,139,115,61,-10,-88,-150,-180,-164,-107,-18,80,166,214,214,153,44,-77,-185,-248,-248,-185,-64,78,207,290,294,221,86,-86,-239,-329,-336,-252,-98,86,260,370,381,284,108,-101,-289,-410,-427,-323,-128,105,312,445,462,358,156,-97,-328,-469,-491,-390,-180,84,329,482,506,394,177,-83,-326,-491,-512,-390,-168,96,343,497,512,384,150,-123,-364,-509,-518,0,-140,143,388,529,529,383,128,-164,-410,-547,-545,-392,-125,183,437,576,566,400,124,-185,-451,-600,-586,-421,-144,178,452,611,615,452,167,-154,-438,-607,-621,-476,-209,108,391,576,619,506,263,-46,-336,-534,-589,-499,-294,-20,249,450,533,479,305,65,-185,-376,-468,-439,-301,-93,126,306,401,387,277,106,-83,-242,-330,-336,-254,-112,46,189,278,289,225,107,-36,-160,-236,-257,-213,-116,13,131,211,241,212,129,13,-101,-192,-233,-216,-152,-54,55,150,209,219,183,105,5,-97,-175,-212,-203,-152,-71,23,108,172,204,199,153,85,6,-73,-132,-164,-173,-158,1000,801,0,0,0,0,0,0,0,0,0,0,0,0,0,0,0,0,0,0,0,0,0,0,0,0,0,0,0,0,0,0,0,0,0,0,0,0,0,0,0,0,0,0,0,0,0,0,0,0,0,0,0,0,0,0,0,0,0,0,0,0,0,0,0,0,0,0,0,0,0,0,0,0,0,0,0,0,0,0,0,0,0,0,0,0,0,0,0,0,0,0,0,0,0,0,0,0,0,0,0,0,0,0,0,0,0,0,0,0,0,0,0,0,0,0,0,0,0,0,0,0,0,0,0,0,0,0,0,0,0,0,0,0,0,0,0,0,0,0,0,0,0,0,0,0,0,0,0,0,0,0,0,0,0,0,0,0,0,0,0,0,0,0,0,0,0,0,0,0,0,0,0,0,0,0,0,0,0,0,0,0,0,0,0,0,0,0,0,0,0,0,0,0,0,0,0,0,0,0,0,0,0,0,0,0,0,0,0,0,0,0,0,0,0,0,0,0,0,0,0,0,0,0,0,0,0,0,0,0,0,0,0,0,0,0,0,0,0,0,0,0,0,0,0,0,0,0,0,0,0,0,0,0,0,0,0,0,1335,-1138,-1169,-15,9,35,60,80,90,88,69,35,-4,-41,-73,-89,-87,-67,-36,0,36,69,87,87,70,41,7,-31,-65,-82,-87,-79,-56,-21,20,59,85,94,90,71,32,-21,-69,-105,-126,-121,-88,-37,30,97,144,164,143,86,6,-84,-158,-195,-185,-126,-33,76,175,232,229,167,58,-76,-192,-263,-274,-208,-80,80,220,305,312,233,88,-85,-243,-350,-364,-273,-105,93,274,390,401,304,121,-99,-305,-431,-444,-338,-143,100,321,460,480,377,168,-92,-328,-476,-503,-394,-179,87,332,488,510,399,177,-97,-340,-487,-506,-392,-168,107,354,502,508,377,148,-128,0,-520,-522,-381,-133,153,398,543,540,383,123,-173,-425,-564,-550,-391,-125,179,443,590,580,409,127,-185,-452,-597,-591,-432,-155,163,442,611,622,467,194,-130,-417,-598,-623,-495,-240,77,366,560,612,508,276,-16,-294,-491,-561,-491,-302,-43,220,420,504,459,308,86,-152,-337,-428,-408,-290,-104,105,272,361,353,261,110,-64,-215,-303,-313,-241,-109,41,174,261,276,222,113,-20,-141,-222,-246,-207,-117,2,119,202,232,207,131,30,-83,-179,-227,-221,-170,-84,24,129,201,222,196,130,38,-61,-140,-192,-205,-177,-112,-28,61,133,182,200,187,140,83,24,-39,-661,-874
28958,mtk,MTK 7916,2777714206,rx2-tx1,512,0,0,0,0,0,0,0,0,0,0,0,0,0,0,0,0,0,0,0,0,0,0,0,0,0,0,0,0,0,0,0,0,0,0,0,0,0,0,0,0,0,0,0,0,0,0,0,0,0,0,0,0,0,0,0,0,0,0,0,0,0,0,0,0,0,0,0,0,0,0,0,0,0,0,0,0,0,0,0,0,0,0,0,0,0,0,0,0,0,0,0,0,0,0,0,0,0,0,0,0,0,0,0,0,0,0,0,0,0,0,0,0,0,0,0,0,0,0,0,0,0,0,0,0,0,0,0,0,0,0,0,0,0,0,0,0,0,0,0,0,0,0,0,0,0,0,0,0,0,0,0,0,0,0,0,0,0,0,0,0,0,0,0,0,0,0,0,0,0,0,0,0,0,0,0,0,0,0,0,0,0,0,0,0,0,0,0,0,0,0,0,0,0,0,0,0,0,0,0,0,0,0,0,0,0,0,0,0,0,0,0,0,0,0,0,0,0,0,0,0,0,0,0,0,0,0,0,0,0,0,0,0,0,0,0,0,0,0,0,0,0,0,0,0,0,0,0,0,0,0,0,0,0,0,0,0,236,-698,-521,58,72,77,73,57,28,-10,-49,-79,-93,-89,-66,-33,10,57,91,101,85,47,0,-49,-88,-104,-95,-67,-13,44,93,115,105,68,18,-43,-101,-122,-104,-59,-1,68,117,131,107,56,-17,-96,-152,-162,-125,-41,61,149,197,194,136,35,-81,-188,-246,-234,-163,-41,109,238,305,294,200,44,-132,-276,-355,-344,-238,-57,144,319,413,396,270,64,-162,-349,-449,-435,-310,-89,163,368,475,465,333,120,-139,-372,-501,-494,-365,-141,129,365,498,501,369,139,-120,-345,-478,-484,-361,-142,110,325,447,452,332,118,-118,-316,-429,-419,-289,-85,133,314,400,371,0,44,-163,-322,-383,-333,-190,8,207,343,379,313,155,-56,-249,-370,-393,-301,-125,80,259,383,397,299,113,-96,-281,-388,-394,-288,-101,105,282,385,388,285,107,-94,-263,-358,-356,-259,-95,85,236,321,316,227,80,-73,-201,-271,-269,-185,-60,68,169,222,207,133,25,-77,-155,-181,-152,-79,9,87,143,151,115,48,-33,-102,-142,-135,-88,-19,54,114,144,135,85,11,-59,-114,-136,-121,-73,-8,53,103,127,110,71,16,-43,-93,-112,-101,-61,-10,40,76,90,73,43,3,-38,-63,-66,-60,-37,-4,31,57,64,50,28,-1,-37,-63,-76,-77,-59,-30,-972,-923,0,0,0,0,0,0,0,0,0,0,0,0,0,0,0,0,0,0,0,0,0,0,0,0,0,0,0,0,0,0,0,0,0,0,0,0,0,0,0,0,0,0,0,0,0,0,0,0,0,0,0,0,0,0,0,0,0,0,0,0,0,0,0,0,0,0,0,0,0,0,0,0,0,0,0,0,0,0,0,0,0,0,0,0,0,0,0,0,0,0,0,0,0,0,0,0,0,0,0,0,0,0,0,0,0,0,0,0,0,0,0,0,0,0,0,0,0,0,0,0,0,0,0,0,0,0,0,0,0,0,0,0,0,0,0,0,0,0,0,0,0,0,0,0,0,0,0,0,0,0,0,0,0,0,0,0,0,0,0,0,0,0,0,0,0,0,0,0,0,0,0,0,0,0,0,0,0,0,0,0,0,0,0,0,0,0,0,0,0,0,0,0,0,0,0,0,0,0,0,0,0,0,0,0,0,0,0,0,0,0,0,0,0,0,0,0,0,0,0,0,0,0,0,0,0,0,0,0,0,0,0,0,0,0,0,0,0,0,0,0,0,0,0,0,0,0,0,0,0,0,0,0,0,0,0,0,-351,667,810,-34,-10,13,41,69,84,86,78,54,17,-25,-66,-96,-98,-76,-43,0,48,84,102,95,59,10,-45,-90,-109,-102,-67,-14,44,93,119,106,63,-1,-65,-111,-129,-112,-63,5,78,130,148,113,39,-37,-108,-168,-186,-135,-31,73,160,214,210,139,30,-94,-209,-274,-267,-185,-43,122,259,327,307,207,48,-144,-305,-391,-373,-257,-67,145,334,440,424,292,86,-147,-352,-469,-459,-333,-108,154,367,488,487,354,123,-140,-369,-499,-502,-362,-131,126,352,490,497,372,145,-121,-342,-471,-476,-351,-134,106,310,433,435,309,104,-120,-308,-408,-387,-257,-63,144,0,393,354,216,18,-188,-335,-381,-321,-170,33,226,354,381,303,140,-68,-256,-374,-390,-293,-117,90,277,386,388,281,106,-98,-281,-391,-392,-287,-110,92,272,371,373,273,104,-87,-251,-346,-343,-248,-89,82,221,292,286,211,82,-70,-190,-248,-238,-163,-55,67,161,203,178,110,15,-76,-140,-165,-136,-63,24,99,142,144,106,39,-47,-122,-154,-138,-82,-12,61,120,147,127,72,9,-54,-105,-126,-111,-67,-11,50,103,120,104,65,10,-45,-84,-100,-89,-53,-4,36,64,78,72,44,5,-32,-57,-64,-51,-25,10,41,64,70,59,39,5,-30,-55,-66,57,272
28959,mtk,MTK 7916,2777744490,rx0-tx0,512,-1687,-857,-921,-268,-301,-317,-306,-268,-202,-126,-31,73,173,255,322,362,368,345,288,201,90,-30,-156,-271,-364,-427,-449,-423,-356,-253,-123,22,165,295,400,468,492,466,395,288,151,1,-152,-296,-408,-475,-506,-495,-431,-326,-193,-45,115,257,373,459,510,518,477,396,272,128,-31,-183,-320,-446,-529,-568,-559,-492,-383,-243,-75,112,293,448,569,642,657,609,504,339,145,-73,-294,-484,-641,-731,-762,-710,-587,-403,-174,73,325,548,717,816,831,766,626,421,161,-105,-368,-588,-757,-851,-855,-778,-623,-406,-149,122,379,604,767,859,860,773,619,403,147,-121,-382,-613,-775,-861,-273,-793,-635,-417,-161,118,387,614,779,875,882,807,649,427,169,-118,-400,-640,-818,-917,-924,-837,-668,-437,-153,147,439,689,873,963,963,870,684,425,125,-203,-504,-752,-933,-1013,-998,-879,-664,-385,-62,264,577,822,990,1053,1000,853,611,304,-34,-374,-670,-897,-1025,-1041,-948,-756,-486,-160,169,480,739,915,985,952,816,602,324,14,-279,-547,-755,-861,-884,-806,-647,-423,-160,103,352,552,696,754,732,642,479,274,43,-185,-383,-530,-618,-650,-607,-499,-339,-137,70,258,414,526,572,549,464,321,141,-48,-232,-389,-487,-508,-461,-347,-179,10,184,315,379,363,281,156,-365,-573,-546,-1131,-942,-143,-68,37,143,228,278,278,223,137,30,-89,-194,-270,-307,-306,-271,-203,-108,-5,103,205,283,328,341,310,245,154,42,-73,-187,-292,-357,-389,-383,-328,-234,-112,27,164,281,384,440,441,399,301,177,31,-123,-266,-379,-452,-476,-440,-359,-238,-99,48,200,322,399,440,440,385,298,184,53,-78,-203,-308,-374,-404,-398,-353,-278,-172,-53,76,193,295,367,399,385,338,257,151,28,-92,-199,-289,-348,-361,-349,-301,-227,-133,-22,83,180,261,304,320,307,261,198,115,28,-63,-144,-209,-258,-275,-265,-235,-187,-121,-45,32,95,151,190,221,227,223,199,153,-730,48,-23,-93,-154,-208,-246,-257,-250,-221,-163,-88,-4,86,167,233,277,292,272,232,164,77,-16,-104,-176,-226,-257,-262,-243,-199,-139,-70,2,60,121,163,189,202,201,188,156,114,65,15,-31,-85,-137,-172,-197,-213,-206,-190,-154,-101,-41,23,97,169,217,252,262,250,210,152,77,-17,-99,-175,-246,-282,-292,-283,-240,-178,-107,-12,78,156,224,264,281,278,247,201,130,53,-30,-113,-183,-244,-282,-296,-283,-239,-181,-103,-11,80,164,234,278,302,303,263,201,121,36,-53,-141,-213,-266,-297,-301,-275,-226,-161,-79,12,95,163,226,273,296,285,251,202,-1231,-1279,-175,-365,-132,-170,-88,2,97,186,254,307,339,341,305,246,164,58,-54,-163,-261,-340,-391,-405,-385,-324,-231,-110,29,165,289,383,443,464,443,379,274,139,-11,-164,-298,-407,-479,-505,-485,-419,-305,-169,-21,138,283,397,470,510,504,444,351,227,84,-70,-220,-356,-458,-518,-535,-502,-438,-332,-188,-30,141,305,439,543,600,606,549,445,298,113,-90,-285,-464,-604,-686,-712,-662,-551,-379,-164,70,310,515,679,773,801,748,615,420,175,-86,-342,-568,-745,-844,-852,-779,-626,-415,-154,117,375,597,763,852,856,778,623,407,149,-128,-385,-605,-774,-858,-862,-786,-625,-405,-149,-1322,383,609,770,861,874,796,638,427,165,-116,-385,-626,-793,-892,-908,-827,-664,-436,-164,127,412,652,836,938,947,860,686,435,138,-164,-459,-716,-895,-992,-985,-871,-679,-412,-101,222,531,783,958,1032,1004,873,644,353,15,-316,-621,-862,-1009,-1051,-981,-812,-554,-235,105,434,710,914,1014,1003,893,686,405,88,-236,-528,-753,-903,-941,-883,-745,-512,-239,48,329,561,732,811,807,718,559,346,98,-140,-365,-546,-660,-703,-668,-559,-396,-206,3,214,390,528,600,600,537,418,253,56,-139,-313,-453,-530,-537,-481,-357,-184,8,191,342,439,457,398,277,114,-53,-191,-267,-875,-752,1197,588,857,160,219,240,211,139,37,-83,-190,-259,-299,-293,-245,-161,-56,50,155,245,300,320,309,260,172,70,-45,-155,-245,-314,-350,-351,-319,-242,-132,-13,116,238,336,402,425,395,331,224,78,-71,-222,-344,-425,-460,-444,-380,-272,-139,14,168,298,396,446,458,417,323,202,75,-67,-202,-309,-390,-418,-414,-368,-281,-172,-50,74,192,296,369,404,398,351,273,163,38,-85,-197,-290,-356,-386,-366,-319,-241,-133,-20,88,198,274,329,343,330,288,214,121,27,-74,-162,-235,-279,-295,-285,-246,-192,-119,-33,47,122,183,226,252,244,222,178,126,66,4,-58,-122,-171,-128,-231,-238,-222,-188,-140,-72,6,82,159,225,262,283,272,235,167,87,-10,-97,-179,-242,-279,-288,-264,-214,-147,-69,10,85,158,206,235,235,219,188,140,85,27,-27,-80,-128,-162,-182,-189,-187,-181,-152,-111,-65,-8,52,109,166,212,233,241,231,188,133,64,-15,-96,-174,-232,-278,-288,-269,-238,-171,-87,2,86,172,233,278,300,282,247,190,110,27,-57,-134,-201,-253,-279,-283,-261,-220,-158,-77,9,100,176,235,281,299,288,252,192,112,28,-70,-158,-227,-276,-297,-299,-272,-216,-145,-60,35,122,193,248,283,294,273,237,187,108,18,-71,-145,-205,-360,-34
28960,mtk,MTK 7916,2777744490,rx0-tx1,512,-144,721,579,-668,-395,-98,210,503,750,931,1023,1024,941,766,521,227,-91,-397,-678,-893,-1026,-1077,-1019,-869,-637,-347,-26,304,605,849,1028,1104,1083,962,746,472,151,-189,-515,-801,-1018,-1137,-1154,-1065,-873,-603,-272,87,435,748,990,1144,1197,1130,956,698,380,18,-341,-663,-927,-1096,-1177,-1152,-1013,-787,-490,-151,202,536,815,1027,1150,1162,1073,888,631,301,-51,-395,-709,-961,-1126,-1191,-1149,-1006,-763,-444,-89,285,634,926,1137,1234,1222,1090,848,532,160,-230,-596,-906,-1124,-1233,-1222,-1091,-865,-553,-190,193,554,856,1073,1178,1170,1058,837,554,218,-133,-465,-751,-957,-1075,-1101,-1017,-842,-598,146,26,351,634,857,1011,1068,1028,888,674,384,67,-261,-567,-816,-993,-1082,-1066,-944,-728,-448,-121,218,536,799,994,1095,1083,978,775,490,159,-185,-511,-786,-996,-1102,-1093,-994,-801,-527,-196,155,490,776,985,1104,1118,1016,819,537,205,-154,-497,-789,-1008,-1119,-1117,-1015,-799,-508,-160,198,534,819,1014,1108,1089,953,728,423,81,-270,-589,-830,-993,-1048,-983,-830,-583,-279,35,342,610,805,900,901,812,642,415,152,-129,-380,-584,-724,-785,-757,-649,-480,-264,-24,210,414,568,657,672,606,474,287,75,-145,-339,-487,-574,-575,-500,-359,-169,32,221,364,430,420,333,192,40,861,864,0,-509,-339,2,172,330,435,466,413,272,82,-122,-314,-464,-548,-554,-488,-364,-188,8,206,376,503,579,593,543,428,270,75,-132,-324,-494,-612,-667,-656,-579,-443,-250,-35,199,420,605,732,799,773,668,495,259,-8,-290,-552,-769,-901,-949,-893,-729,-494,-202,127,443,730,933,1028,1026,920,715,433,111,-233,-542,-807,-992,-1069,-1044,-908,-685,-398,-61,283,588,837,1006,1072,1041,891,653,364,31,-301,-601,-836,-987,-1043,-1002,-855,-637,-359,-48,266,549,780,934,1002,976,857,652,400,110,-195,-475,-716,-893,-983,-981,-894,-718,-477,-196,107,408,671,873,997,1024,966,816,584,293,-411,-344,-644,-887,-1046,-1113,-1072,-928,-691,-386,-37,320,653,925,1113,1199,1172,1024,778,451,76,-315,-673,-968,-1176,-1263,-1229,-1074,-818,-473,-86,305,670,961,1172,1268,1235,1083,836,517,151,-228,-586,-889,-1098,-1216,-1225,-1104,-900,-603,-261,99,460,772,1017,1166,1209,1147,982,719,391,36,-322,-652,-926,-1113,-1209,-1195,-1065,-835,-535,-180,194,548,853,1084,1212,1226,1137,936,643,291,-87,-454,-778,-1032,-1190,-1237,-1163,-982,-713,-380,-2,365,696,964,1139,1206,1161,1006,757,440,84,-275,-608,-875,-1060,-1145,-1131,-1003,-780,-498,-169,182,504,770,965,1075,1076,984,805,548,252,-62,-370,-652,-176,-412,147,-498,-663,792,952,1023,1011,906,717,463,163,-144,-450,-719,-924,-1042,-1059,-985,-823,-580,-293,30,356,648,882,1035,1095,1053,913,699,414,88,-247,-566,-826,-1017,-1116,-1113,-1010,-814,-538,-209,136,473,773,1003,1146,1173,1100,919,651,325,-35,-394,-713,-961,-1133,-1198,-1144,-994,-743,-431,-87,281,610,880,1070,1162,1157,1042,837,561,227,-127,-460,-752,-985,-1137,-1180,-1115,-953,-699,-380,-31,329,664,943,1132,1220,1195,1054,817,496,126,-253,-618,-916,-1128,-1240,-1231,-1100,-864,-543,-174,214,576,881,1099,1209,1201,1080,854,550,195,-167,-515,-805,-1009,-1125,-1129,-1037,-842,-571,-256,81,412,690,906,206,1077,1016,856,630,342,21,-303,-591,-833,-1000,-1068,-1046,-916,-702,-425,-105,232,546,806,995,1089,1082,966,755,478,142,-198,-517,-799,-998,-1100,-1093,-988,-792,-512,-172,175,495,778,987,1106,1111,1007,806,528,205,-150,-486,-781,-999,-1117,-1128,-1025,-823,-537,-190,167,511,808,1016,1123,1112,992,770,475,134,-224,-559,-835,-1019,-1086,-1051,-897,-659,-358,-11,315,603,833,956,982,905,735,488,201,-90,-366,-595,-755,-839,-827,-731,-564,-345,-92,166,390,571,687,730,684,568,394,183,-50,-265,-446,-569,-623,-605,-508,-354,-153,64,264,423,511,516,449,307,130,-52,-209,-302,-320,112,-105,0,-201,-441,361,359,265,110,-85,-280,-439,-522,-522,-444,-296,-108,94,280,436,542,577,545,444,302,120,-75,-268,-435,-551,-621,-615,-551,-430,-256,-49,164,371,545,665,725,716,627,473,266,18,-242,-476,-675,-813,-873,-837,-710,-503,-235,61,374,649,851,978,999,917,734,455,142,-184,-501,-776,-961,-1059,-1040,-913,-700,-405,-79,254,569,824,1004,1080,1038,898,672,373,45,-291,-609,-848,-1005,-1066,-1020,-871,-639,-347,-28,293,579,804,957,1018,980,851,642,374,76,-228,-515,-747,-908,-992,-975,-871,-688,-438,-151,145,435,687,875,984,1001,925,760,529,244,-66,-370,-649,-872,-1014,-92,-1019,-877,-642,-350,-18,325,645,908,1081,1155,1118,974,733,418,59,-316,-664,-948,-1148,-1235,-1208,-1052,-809,-470,-84,312,675,976,1185,1272,1238,1086,828,500,111,-287,-648,-938,-1140,-1238,-1225,-1102,-863,-550,-198,180,529,829,1059,1183,1210,1121,932,661,329,-31,-390,-712,-971,-1136,-1204,-1168,-1024,-781,-473,-123,246,593,883,1098,1214,1217,1104,893,598,238,-138,-499,-825,-1064,-1206,-1239,-1148,-958,-676,-333,40,411,737,995,1167,1223,1161,998,736,407,43,-319,-649,-926,-1106,-1183,-1144,-999,-764,-463,-126,220,556,823,1013,1115,1110,992,791,524,201,-131,-438,-710,-911,-1023,-1046,-979,-821,500,345
28961,mtk,MTK 7916,2777744490,rx1-tx0,512,0,-335,-600,784,647,455,231,-12,-256,-475,-646,-760,-813,-791,-702,-550,-356,-120,128,357,558,715,809,842,793,672,494,273,18,-237,-492,-695,-834,-902,-883,-798,-634,-407,-140,147,430,673,862,975,1001,929,779,559,274,-38,-353,-654,-897,-1062,-1129,-1085,-948,-711,-397,-38,330,670,958,1162,1248,1219,1068,807,463,76,-332,-714,-1021,-1230,-1325,-1279,-1118,-833,-460,-57,347,725,1026,1230,1315,1269,1100,827,474,71,-320,-685,-987,-1184,-1275,-1242,-1089,-831,-491,-119,275,645,944,1149,1240,1216,1082,835,511,134,-260,-625,-918,-1119,-1215,-1194,-1052,-807,-481,-113,260,603,884,1081,1167,1141,993,753,-136,95,-258,-589,-850,-1028,-1104,-1073,-940,-713,-424,-87,255,559,803,978,1053,1010,882,662,382,69,-255,-533,-769,-927,-992,-949,-813,-599,-340,-49,247,508,711,847,898,857,736,549,318,54,-204,-440,-620,-744,-790,-760,-672,-511,-311,-91,129,337,504,623,700,697,637,512,345,158,-56,-258,-433,-577,-663,-688,-656,-551,-397,-202,20,235,425,581,669,692,652,540,361,162,-54,-260,-444,-588,-652,-647,-582,-457,-282,-80,117,306,449,544,583,559,468,337,165,-18,-195,-345,-456,-516,-512,-446,-331,-180,-15,154,299,401,451,435,355,226,71,-83,-217,-300,-325,-289,-204,-96,615,365,0,351,801,189,130,37,-77,-183,-261,-295,-279,-226,-134,-19,92,191,265,302,313,282,218,134,41,-62,-159,-242,-301,-337,-337,-299,-230,-150,-48,75,188,288,377,421,427,394,314,200,56,-111,-269,-404,-511,-569,-562,-499,-374,-201,1,208,401,566,667,709,673,555,368,147,-88,-321,-530,-692,-777,-785,-714,-570,-356,-107,157,416,623,780,871,865,754,572,338,57,-227,-508,-732,-880,-948,-910,-784,-568,-300,9,322,600,817,951,998,936,774,535,245,-76,-388,-662,-871,-987,-1006,-925,-751,-498,-192,136,436,695,889,997,1001,906,717,453,154,-157,-458,-704,-888,-983,-984,-890,236,-465,-169,140,427,691,878,985,1002,919,740,493,201,-108,-411,-687,-895,-1007,-1026,-949,-778,-533,-236,90,403,676,898,1016,1047,980,808,567,270,-37,-363,-650,-866,-1010,-1059,-1007,-866,-636,-348,-33,289,583,829,993,1075,1050,924,729,460,133,-203,-523,-786,-998,-1103,-1113,-1015,-812,-538,-212,146,489,772,1002,1132,1159,1072,879,609,265,-104,-461,-769,-1009,-1153,-1170,-1082,-890,-624,-289,79,426,735,968,1105,1137,1050,876,620,294,-52,-381,-670,-893,-1032,-1071,-1010,-847,-604,-312,3,309,586,807,941,992,951,809,600,341,54,-242,-501,-712,-858,-916,-894,-786,-613,-383,-114,150,-984,-695,0,614,364,-309,-529,-693,-790,-823,-786,-671,-504,-297,-57,189,415,600,736,817,815,743,608,415,189,-61,-308,-529,-705,-820,-869,-842,-741,-562,-335,-73,192,448,676,840,931,944,867,712,487,214,-88,-387,-657,-877,-1017,-1058,-1005,-865,-630,-338,-4,334,649,920,1110,1195,1158,1011,768,438,64,-323,-690,-989,-1194,-1284,-1257,-1100,-824,-472,-63,345,720,1035,1237,1319,1279,1109,827,470,66,-339,-707,-1010,-1221,-1302,-1251,-1091,-822,-481,-98,294,655,958,1162,1259,1240,1089,838,509,126,-261,-630,-931,-1136,-1238,-1213,-1069,-818,-497,-123,262,619,907,1108,1192,1165,1019,776,460,107,-262,-599,-866,1335,-1127,-1106,-967,-731,-428,-85,260,569,824,1001,1078,1047,906,685,407,74,-251,-541,-792,-950,-1021,-977,-844,-634,-364,-58,251,528,746,884,941,903,769,575,328,49,-228,-473,-665,-796,-847,-814,-702,-524,-304,-60,170,384,561,678,734,722,652,512,343,132,-86,-288,-467,-591,-675,-693,-640,-534,-383,-191,16,227,420,570,669,699,655,553,391,188,-25,-240,-442,-586,-662,-673,-619,-506,-333,-118,90,287,450,566,617,607,532,396,226,38,-155,-323,-454,-535,-548,-505,-403,-267,-99,81,242,372,458,486,456,361,228,67,-102,-251,-357,-399,-382,-303,-178,-39,91,185,231,340,602,0,-982,-667,-119,-197,-250,-255,-210,-126,-12,100,198,276,308,297,248,166,67,-38,-144,-229,-285,-318,-317,-283,-219,-133,-37,73,174,254,314,368,374,338,278,176,49,-84,-221,-344,-442,-498,-507,-452,-357,-214,-33,158,333,483,590,639,620,533,378,183,-39,-270,-480,-637,-726,-748,-695,-564,-362,-127,125,367,586,747,826,827,739,577,360,97,-196,-465,-677,-833,-907,-888,-782,-580,-329,-35,274,554,776,919,982,931,787,555,276,-38,-362,-636,-846,-971,-1000,-931,-769,-517,-217,104,411,679,886,1001,1007,914,732,477,175,-145,-452,-712,-902,-991,-994,-894,-706,-453,-157,147,449,-351,877,983,986,902,728,472,181,-124,-426,-691,-878,-992,-1008,-935,-769,-519,-219,95,407,680,892,1018,1047,966,804,558,253,-66,-396,-674,-883,-1013,-1051,-1001,-831,-593,-308,12,326,612,848,997,1058,1024,900,684,407,86,-250,-555,-802,-998,-1090,-1086,-973,-777,-503,-170,164,503,787,999,1125,1150,1047,856,582,248,-117,-472,-774,-1005,-1145,-1174,-1081,-890,-619,-272,92,443,753,989,1137,1161,1069,885,616,295,-60,-408,-699,-932,-1074,-1103,-1027,-857,-608,-310,17,343,630,854,988,1031,975,833,606,327,28,-277,-546,-760,-904,-961,-925,-798,-610,-363,-84,193,454,660,808,868,844,-321,-774
28962,mtk,MTK 7916,2777744490,rx1-tx1,512,0,0,0,-492,-695,-742,-619,-361,-23,321,593,730,700,514,213,-135,-453,-663,-725,-622,-376,-40,309,586,726,696,510,208,-144,-472,-691,-752,-639,-380,-33,328,620,769,743,548,222,-156,-500,-736,-801,-682,-402,-25,357,659,823,800,589,239,-174,-552,-804,-887,-766,-463,-53,370,718,908,897,686,320,-123,-542,-841,-962,-865,-572,-155,291,673,910,949,771,424,-12,-440,-770,-932,-880,-626,-233,207,588,830,889,750,441,36,-376,-698,-861,-829,-607,-245,165,539,790,857,727,432,39,-359,-676,-842,-813,-600,-254,146,522,782,859,744,461,72,-335,-670,-852,-843,-643,-296,118,505,0,885,796,518,123,-300,-665,-887,-909,-721,-372,59,481,805,956,898,636,228,-235,-650,-931,-1011,-872,-535,-78,401,791,1021,1034,819,422,-66,-553,-916,-1087,-1027,-744,-297,216,688,1015,1125,988,634,148,-370,-806,-1074,-1117,-914,-506,10,521,921,1133,1104,832,384,-153,-665,-1038,-1186,-1089,-763,-278,273,772,1107,1199,1051,697,198,-340,-808,-1111,-1180,-1004,-640,-149,372,809,1067,1111,932,571,102,-370,-755,-977,-1004,-832,-493,-73,346,688,882,895,734,432,57,-310,-604,-774,-785,-637,-375,-49,273,529,685,710,603,389,117,-172,-417,-576,-640,-604,-479,-299,-92,106,264,363,400,0,0,0,0,0,-99,-208,-302,-371,-397,-368,-276,-133,48,236,397,498,520,457,309,97,-147,-367,-522,-591,-557,-411,-174,100,363,558,652,623,474,219,-90,-382,-609,-718,-685,-512,-230,105,428,671,785,735,536,224,-138,-481,-729,-835,-769,-544,-213,168,518,764,859,779,535,187,-197,-541,-770,-834,-725,-468,-123,248,559,748,767,627,362,20,-318,-576,-706,-686,-510,-222,107,412,619,683,596,376,71,-247,-509,-651,-646,-499,-241,71,368,588,670,601,402,118,-197,-474,-649,-678,-557,-311,1,312,556,678,654,489,217,-97,-390,-600,-677,-602,-399,-108,202,459,610,627,502,265,-23,0,-511,-604,-557,-375,-108,175,419,567,582,464,236,-52,-326,-526,-604,-547,-363,-94,205,462,606,614,480,236,-69,-365,-576,-658,-592,-388,-98,220,502,666,677,528,255,-82,-401,-633,-731,-663,-443,-114,246,557,747,770,618,325,-47,-412,-687,-812,-764,-545,-202,186,546,788,848,727,452,67,-331,-654,-828,-821,-641,-322,72,440,710,817,746,509,165,-212,-536,-734,-760,-619,-342,11,351,607,714,659,455,150,-189,-478,-653,-677,-544,-283,45,361,591,681,611,402,99,-231,-506,-668,-677,-529,-259,72,390,620,713,647,431,115,-228,-517,-694,-718,-577,-305,31,361,612,0,0,0,0,0,555,264,-83,-414,-656,-745,-668,-446,-126,221,520,701,721,573,294,-51,-380,-623,-724,-660,-446,-125,226,529,709,728,583,297,-64,-410,-657,-762,-691,-464,-124,245,562,757,776,613,312,-63,-437,-715,-827,-748,-501,-134,270,620,827,847,679,352,-65,-471,-775,-905,-833,-577,-190,246,634,886,941,784,450,15,-422,-765,-941,-915,-690,-305,148,566,852,948,835,535,113,-327,-686,-890,-893,-698,-348,76,478,770,890,802,531,150,-267,-620,-827,-846,-671,-343,62,452,731,841,771,522,150,-257,-603,-815,-841,-676,-353,46,440,733,863,797,553,182,-231,-593,-826,-875,-723,0,-1,413,736,892,850,623,250,-185,-576,-849,-934,-813,-509,-86,362,738,957,964,754,382,-85,-538,-878,-1034,-961,-679,-248,240,684,986,1077,937,591,110,-392,-816,-1068,-1093,-882,-475,38,539,919,1110,1062,788,339,-185,-673,-1025,-1148,-1021,-675,-181,349,806,1096,1155,969,570,43,-490,-919,-1159,-1160,-924,-494,45,571,981,1186,1144,874,430,-99,-608,-984,-1153,-1093,-816,-374,136,601,933,1075,1001,727,321,-136,-551,-845,-965,-888,-636,-267,139,503,754,846,768,550,232,-123,-445,-665,-748,-688,-499,-222,87,368,573,673,655,524,317,68,-180,-386,-516,-560,-527,-431,-295,-141,0,0,0,0,0,272,248,181,72,-68,-220,-357,-450,-481,-437,-315,-137,73,282,448,544,548,447,255,18,-233,-455,-596,-623,-530,-331,-59,232,488,650,686,587,363,64,-259,-540,-719,-752,-634,-383,-53,293,591,779,812,673,394,36,-330,-644,-825,-835,-678,-390,-17,366,673,834,822,648,341,-34,-395,-672,-801,-757,-561,-251,103,434,665,745,663,441,126,-212,-495,-663,-686,-554,-302,14,325,565,678,632,440,154,-158,-437,-618,-663,-554,-320,-15,293,535,663,646,485,217,-103,-407,-616,-689,-611,-407,-109,208,483,649,674,553,315,9,-296,-529,-649,-628,-466,-199,103,375,558,613,0,321,46,-240,-469,-588,-566,-415,-173,110,372,546,595,506,294,16,-266,-492,-613,-594,-430,-163,141,415,600,643,541,310,5,-298,-535,-661,-636,-460,-172,156,454,659,710,596,344,12,-330,-609,-747,-719,-526,-218,146,489,729,809,707,445,78,-307,-630,-814,-823,-648,-326,65,443,726,851,787,550,194,-197,-550,-778,-837,-705,-424,-49,328,628,779,764,575,259,-111,-444,-670,-741,-641,-399,-71,269,542,686,673,504,215,-116,-420,-622,-681,-580,-344,-27,293,544,676,652,471,178,-155,-455,-650,-698,-593,-349,-21,309,576,716,694,508,208,-138,-449,-668,-735,-638,-404,0,0
28963,mtk,MTK 7916,2777744490,rx2-tx0,512,0,0,0,-417,-647,-742,-674,-458,-137,214,514,703,735,608,351,20,-312,-573,-706,-683,-506,-219,118,418,615,672,584,368,67,-245,-493,-631,-622,-469,-215,85,360,551,611,530,332,61,-230,-458,-569,-547,-397,-158,117,362,516,546,446,242,-20,-282,-473,-550,-492,-313,-57,220,442,556,537,392,152,-130,-392,-569,-608,-503,-284,4,304,536,647,608,437,160,-163,-450,-644,-697,-588,-347,-26,304,564,700,688,519,235,-104,-413,-629,-708,-627,-403,-89,232,504,667,674,527,265,-60,-363,-576,-662,-606,-410,-122,189,456,618,637,511,272,-24,-316,-532,-620,-565,-383,-115,172,415,0,589,470,245,-35,-312,-515,-589,-529,-344,-77,210,450,588,592,456,208,-96,-378,-579,-656,-583,-367,-56,267,534,694,700,543,261,-89,-427,-678,-787,-723,-491,-144,240,584,805,854,719,421,20,-392,-723,-901,-893,-690,-334,106,534,851,991,924,661,251,-227,-664,-956,-1053,-935,-630,-181,313,740,1012,1087,939,599,134,-354,-764,-1021,-1068,-894,-542,-90,371,753,979,998,820,487,60,-379,-721,-907,-912,-740,-423,-34,353,661,832,831,663,374,24,-316,-585,-733,-732,-594,-346,-44,254,493,632,652,556,360,107,-148,-368,-519,-573,-533,-414,-249,-63,114,251,335,364,344,0,0,0,0,0,72,-24,-125,-230,-320,-378,-381,-327,-220,-67,112,283,408,471,457,361,194,-7,-212,-390,-497,-510,-421,-253,-33,197,394,516,544,461,282,43,-211,-422,-552,-573,-481,-287,-27,236,449,574,592,478,267,5,-256,-464,-578,-568,-447,-231,28,278,467,549,510,374,159,-90,-322,-468,-500,-422,-258,-41,187,363,447,428,321,137,-77,-271,-397,-433,-364,-207,1,213,373,444,406,269,66,-157,-349,-465,-474,-376,-187,52,290,473,551,504,342,103,-165,-404,-561,-594,-498,-288,-13,268,494,616,606,462,215,-82,-366,-571,-653,-588,-393,-108,203,469,630,656,547,309,-5,0,-561,-677,-649,-476,-197,130,425,627,696,611,388,83,-240,-517,-681,-686,-540,-272,54,368,603,711,654,448,143,-190,-478,-657,-694,-571,-314,9,333,584,696,649,461,164,-170,-467,-659,-701,-581,-324,8,325,575,707,669,474,171,-177,-484,-682,-720,-593,-336,-5,330,596,724,690,498,190,-166,-483,-688,-734,-612,-356,-22,315,584,717,688,506,208,-137,-447,-654,-716,-619,-376,-47,297,568,699,675,508,224,-117,-426,-630,-695,-604,-373,-59,262,525,665,651,489,217,-105,-402,-602,-665,-571,-344,-39,272,523,656,642,481,201,-128,-426,-629,-689,-595,-369,-57,275,546,0,0,0,0,0,594,348,18,-320,-590,-733,-719,-545,-253,97,420,640,722,653,434,120,-214,-498,-672,-693,-556,-301,14,326,561,658,610,425,146,-164,-431,-597,-626,-511,-281,3,288,504,592,541,368,110,-171,-408,-545,-548,-420,-195,74,323,496,547,472,279,16,-251,-458,-556,-518,-351,-105,169,412,558,567,448,217,-71,-352,-552,-630,-561,-358,-65,246,505,652,659,519,250,-75,-386,-614,-713,-652,-443,-134,207,503,683,707,582,325,-4,-328,-575,-696,-658,-471,-181,139,426,617,663,561,338,41,-273,-522,-646,-621,-459,-196,111,385,572,626,541,329,44,-248,-481,-608,-589,-433,0,108,364,540,590,498,295,19,-261,-480,-589,-561,-400,-143,152,416,590,627,520,283,-23,-328,-559,-670,-638,-453,-155,190,494,699,750,638,378,25,-341,-640,-810,-798,-603,-277,123,502,781,895,817,561,174,-257,-638,-892,-962,-825,-505,-61,398,773,988,1000,806,434,-35,-504,-864,-1057,-1037,-796,-391,93,560,916,1080,1031,766,353,-127,-579,-915,-1058,-984,-712,-301,159,576,876,987,896,634,250,-172,-544,-801,-895,-808,-562,-213,165,498,722,798,720,507,202,-136,-428,-632,-707,-646,-465,-208,80,343,526,612,596,474,284,58,-161,-342,-457,-495,-458,-363,-233,-99,26,0,0,0,0,0,246,285,287,243,156,32,-112,-252,-363,-430,-432,-361,-227,-43,152,329,450,497,451,322,132,-90,-303,-461,-529,-499,-372,-168,75,312,483,559,524,390,166,-96,-343,-522,-595,-547,-389,-146,119,362,540,603,545,377,130,-144,-374,-526,-571,-495,-311,-70,178,383,504,516,409,217,-21,-249,-419,-479,-433,-294,-97,127,318,427,435,342,171,-45,-247,-385,-433,-385,-242,-33,184,360,452,436,310,118,-109,-328,-475,-515,-442,-259,-12,237,445,559,547,415,192,-80,-345,-540,-616,-558,-382,-113,185,442,603,633,525,306,16,-286,-521,-644,-629,-471,-207,107,397,598,673,0,398,101,-221,-498,-668,-691,-556,-300,19,334,581,698,655,467,180,-147,-448,-653,-710,-603,-366,-47,280,545,688,675,506,230,-99,-408,-623,-695,-614,-392,-77,258,526,678,677,515,235,-92,-403,-621,-700,-621,-396,-81,257,544,699,696,535,246,-92,-409,-640,-734,-654,-417,-91,253,542,710,718,566,278,-73,-405,-644,-741,-666,-444,-125,222,521,699,719,570,292,-48,-375,-617,-718,-653,-443,-128,213,500,671,694,564,302,-27,-348,-585,-686,-629,-431,-136,188,463,631,658,535,287,-32,-343,-571,-666,-611,-418,-129,197,478,650,674,536,277,-39,-351,-590,-701,-651,-454,0,0
28964,mtk,MTK 7916,2777744490,rx2-tx1,512,0,0,0,444,597,624,527,311,23,-270,-501,-629,-620,-482,-245,42,325,537,635,587,412,158,-133,-401,-576,-622,-534,-331,-58,235,473,606,603,476,239,-57,-344,-552,-645,-599,-419,-147,152,427,614,668,574,361,83,-214,-472,-626,-647,-535,-308,-14,269,494,610,585,444,211,-59,-306,-479,-551,-502,-351,-127,117,326,461,485,401,234,25,-186,-347,-420,-404,-308,-149,51,235,346,366,305,183,30,-125,-254,-317,-299,-219,-89,56,175,256,279,233,132,0,-127,-219,-259,-239,-157,-47,72,178,235,232,177,80,-39,-143,-208,-234,-201,-117,-5,107,195,240,223,151,50,-62,0,-244,-256,-211,-123,3,132,218,265,264,204,89,-36,-152,-238,-281,-246,-167,-48,74,180,244,261,221,143,28,-93,-180,-221,-220,-180,-94,8,100,155,172,149,95,17,-56,-120,-143,-123,-70,6,80,126,148,133,73,-15,-108,-174,-213,-208,-147,-46,71,187,269,301,272,183,44,-105,-234,-316,-347,-309,-210,-64,94,237,343,380,335,221,66,-89,-229,-325,-358,-315,-208,-62,96,220,299,322,280,175,41,-101,-217,-286,-294,-246,-154,-35,88,194,262,272,232,148,35,-81,-175,-235,-251,-217,-150,-60,42,129,193,227,226,182,120,49,-23,-86,-125,-143,-150,0,0,0,0,0,38,81,121,154,176,172,132,75,4,-78,-152,-206,-230,-216,-165,-87,8,105,185,238,249,215,135,30,-78,-172,-244,-268,-233,-157,-54,60,164,245,276,247,173,73,-45,-154,-239,-277,-258,-186,-85,28,133,215,242,220,162,75,-24,-105,-172,-211,-192,-133,-60,13,83,124,130,114,76,22,-29,-62,-77,-72,-49,-10,25,43,42,23,-9,-38,-55,-68,-60,-29,26,79,118,132,118,74,7,-72,-146,-195,-200,-163,-94,3,115,204,254,256,198,90,-42,-173,-274,-318,-303,-226,-92,70,217,325,370,339,238,77,-105,-271,-384,-422,-372,-244,-62,141,314,0,446,378,232,22,-193,-374,-478,-482,-383,-203,21,242,419,508,492,377,176,-70,-296,-457,-532,-500,-354,-135,107,326,479,527,458,300,76,-172,-376,-493,-510,-415,-241,-15,207,384,484,479,360,165,-63,-266,-414,-472,-421,-275,-80,127,308,410,420,344,191,-1,-186,-327,-378,-351,-252,-98,81,236,324,340,269,129,-24,-163,-270,-309,-271,-164,-14,131,241,299,282,190,59,-88,-218,-297,-296,-224,-101,54,207,313,339,285,156,-14,-184,-318,-385,-361,-254,-81,118,299,423,454,386,223,9,-223,-416,-523,-515,-398,-193,66,310,493,581,545,385,146,-127,-374,-542,0,0,0,0,0,-445,-192,93,362,563,643,584,402,131,-170,-426,-591,-635,-552,-338,-54,235,471,602,604,479,248,-38,-322,-532,-615,-571,-406,-146,143,403,580,628,537,328,46,-252,-498,-635,-634,-502,-263,41,336,559,660,623,456,192,-106,-381,-576,-643,-576,-393,-134,154,400,547,573,485,298,48,-206,-403,-505,-496,-387,-195,34,249,391,447,406,274,83,-111,-275,-380,-389,-313,-165,8,170,288,341,308,206,59,-94,-221,-287,-293,-228,-115,26,152,240,270,238,151,28,-101,-199,-242,-233,-171,-63,55,153,217,233,183,86,-25,-131,-201,-229,-211,-137,-26,95,193,240,235,0,88,-39,-159,-238,-262,-234,-153,-35,88,196,259,272,230,137,11,-121,-221,-272,-269,-205,-103,16,126,209,243,225,158,65,-40,-132,-186,-200,-172,-108,-23,65,125,146,140,91,12,-64,-115,-136,-115,-60,14,89,149,177,161,98,-2,-105,-191,-248,-261,-209,-106,20,156,268,328,319,248,120,-37,-189,-309,-363,-346,-267,-145,16,171,301,363,355,278,146,-15,-166,-276,-334,-326,-248,-120,22,156,261,312,301,224,109,-25,-156,-253,-291,-270,-195,-88,26,133,217,257,246,190,100,-11,-118,-196,-233,-234,-198,-132,-43,43,118,173,201,195,163,116,65,14,0,0,0,0,0,-119,-111,-86,-43,15,80,142,187,207,198,154,92,10,-83,-170,-230,-244,-218,-159,-69,42,143,216,254,243,189,105,0,-120,-217,-261,-261,-215,-121,-2,115,214,262,257,216,130,15,-98,-191,-251,-261,-216,-131,-31,71,158,210,219,186,108,19,-59,-128,-171,-168,-127,-70,-7,49,89,105,90,62,25,-14,-41,-49,-45,-25,5,31,53,53,23,-15,-57,-89,-95,-79,-43,16,81,134,163,158,121,51,-42,-139,-210,-233,-207,-142,-38,86,201,276,300,258,159,29,-120,-254,-332,-345,-291,-169,-5,163,307,390,393,308,157,-28,-213,-365,-440,-421,-315,0,60,257,409,476,439,312,115,-111,-309,-446,-503,-458,-304,-77,165,369,498,524,435,260,31,-210,-410,-523,-523,-417,-223,20,253,431,515,493,367,166,-72,-293,-450,-507,-459,-308,-89,136,327,456,476,392,230,17,-201,-369,-451,-434,-323,-138,64,249,374,409,356,229,49,-133,-276,-360,-355,-264,-113,52,201,303,327,274,154,2,-147,-258,-307,-278,-178,-33,116,236,295,283,200,63,-87,-213,-298,-322,-256,-120,43,198,314,360,321,201,29,-157,-316,-410,-411,-311,-145,65,271,422,486,451,315,100,-143,-366,-513,-553,-478,-299,-46,225,444,574,587,476,258,0,0
28965,mtk,MTK 7916,2777746116,rx0-tx0,512,0,0,0,0,0,0,0,0,0,0,0,0,0,0,0,0,0,0,0,0,0,0,0,0,0,0,0,0,0,0,0,0,0,0,0,0,0,0,0,0,0,0,0,0,0,0,0,0,0,0,0,0,0,0,0,0,0,0,0,0,0,0,0,0,0,0,0,0,0,0,0,0,0,0,0,0,0,0,0,0,0,0,0,0,0,0,0,0,0,0,0,0,0,0,0,0,0,0,0,0,0,0,0,0,0,0,0,0,0,0,0,0,0,0,0,0,0,0,0,0,0,0,0,0,0,0,0,0,0,0,0,0,0,0,0,0,0,0,0,0,0,0,0,0,0,0,0,0,0,0,0,0,0,0,0,0,0,0,0,0,0,0,0,0,0,0,0,0,0,0,0,0,0,0,0,0,0,0,0,0,0,0,0,0,0,0,0,0,0,0,0,0,0,0,0,0,0,0,0,0,0,0,0,0,0,0,0,0,0,0,0,0,0,0,0,0,0,0,0,0,0,0,0,0,0,0,0,0,0,0,0,0,0,0,0,0,0,0,0,0,0,0,0,0,0,0,0,0,0,0,0,0,0,0,0,0,-273,-793,-635,-195,-266,-287,-244,-150,-19,111,222,311,363,377,350,291,201,88,-35,-156,-277,-384,-453,-485,-479,-436,-347,-221,-74,92,264,413,532,607,638,616,539,411,243,55,-129,-314,-477,-602,-672,-703,-675,-604,-494,-334,-166,19,204,376,529,639,711,742,718,650,538,389,203,6,-200,-393,-556,-699,-793,-833,-822,-751,-627,-454,-247,-26,210,431,619,767,862,899,878,797,654,466,248,11,-228,-446,-630,-771,-845,-875,-843,-752,-611,-433,-233,-25,186,376,544,665,741,778,759,692,598,470,313,133,-45,-218,-380,-516,-619,-695,-724,-722,-675,-581,-456,-314,-147,36,217,396,-1687,671,744,776,773,715,611,464,284,92,-113,-310,-492,-644,-757,-824,-845,-813,-737,-615,-445,-256,-43,170,380,582,755,886,958,981,945,842,679,461,202,-78,-364,-637,-869,-1054,-1173,-1209,-1165,-1026,-814,-539,-213,132,477,787,1046,1237,1336,1335,1237,1048,775,452,96,-270,-621,-922,-1155,-1297,-1343,-1296,-1158,-930,-632,-296,58,403,711,971,1163,1259,1267,1173,1003,758,451,126,-209,-532,-806,-1021,-1159,-1206,-1154,-1013,-798,-516,-204,128,438,711,922,1048,1087,1035,906,696,432,148,-147,-417,-643,-816,-918,-934,-876,-746,-558,-322,-47,237,506,741,892,954,896,713,416,47,-325,-566,-775,-861,0,0,0,0,0,0,0,0,0,0,0,0,0,0,0,0,0,0,0,0,0,0,0,0,0,0,0,0,0,0,0,0,0,0,0,0,0,0,0,0,0,0,0,0,0,0,0,0,0,0,0,0,0,0,0,0,0,0,0,0,0,0,0,0,0,0,0,0,0,0,0,0,0,0,0,0,0,0,0,0,0,0,0,0,0,0,0,0,0,0,0,0,0,0,0,0,0,0,0,0,0,0,0,0,0,0,0,0,0,0,0,0,0,0,0,0,0,0,0,0,0,0,0,0,0,0,0,0,0,0,0,0,0,0,0,0,0,0,0,0,0,0,0,0,0,0,0,0,0,0,0,0,0,0,0,0,0,0,0,0,0,0,0,0,0,0,0,0,0,0,0,0,0,0,0,0,0,0,0,0,0,0,0,0,0,0,0,0,0,0,0,0,0,0,0,0,0,0,0,0,0,0,0,0,0,0,0,0,0,0,0,0,0,0,0,0,0,0,0,0,0,0,0,0,0,0,0,0,0,0,0,0,0,0,0,0,0,0,0,0,0,0,0,0,0,0,0,0,0,0,0,0,0,0,0,0,-1322,383,609,-142,-49,80,206,303,346,335,280,191,79,-42,-161,-267,-353,-407,-419,-404,-358,-265,-147,-8,133,277,407,502,556,573,537,446,312,147,-32,-210,-382,-528,-630,-677,-674,-620,-512,-361,-186,1,197,369,520,627,687,715,694,625,507,355,183,-2,-195,-376,-534,-664,-749,-785,-773,-700,-585,-428,-230,-23,197,407,593,738,826,870,859,781,646,465,247,15,-220,-442,-637,-778,-869,-903,-873,-779,-636,-444,-230,-5,223,425,598,729,811,842,812,729,600,433,261,68,-131,-305,-456,-582,-677,-728,-730,-699,-632,-519,-387,-225,-52,118,292,447,574,670,735,750,723,657,-175,397,212,33,-161,-352,-521,-663,-757,-807,-809,-759,-668,-528,-361,-163,43,250,440,614,749,842,886,878,822,717,562,361,136,-106,-359,-594,-799,-958,-1064,-1104,-1072,-956,-768,-524,-232,84,409,709,958,1154,1266,1294,1220,1055,816,512,156,-209,-554,-865,-1114,-1283,-1361,-1340,-1213,-1000,-718,-380,-17,343,675,960,1168,1284,1312,1238,1080,849,550,217,-132,-465,-753,-998,-1158,-1228,-1214,-1106,-919,-669,-360,-21,316,617,875,1052,1143,1142,1047,876,629,336,22,-284,-563,-790,-936,-1005,-993,-890,-722,-502,-244,28,295,537,730,859,917,887,777,580,308,-9,-344,-642,-852,-925,-825,-609,-405,-149
28966,mtk,MTK 7916,2777746116,rx0-tx1,512,0,0,0,0,0,0,0,0,0,0,0,0,0,0,0,0,0,0,0,0,0,0,0,0,0,0,0,0,0,0,0,0,0,0,0,0,0,0,0,0,0,0,0,0,0,0,0,0,0,0,0,0,0,0,0,0,0,0,0,0,0,0,0,0,0,0,0,0,0,0,0,0,0,0,0,0,0,0,0,0,0,0,0,0,0,0,0,0,0,0,0,0,0,0,0,0,0,0,0,0,0,0,0,0,0,0,0,0,0,0,0,0,0,0,0,0,0,0,0,0,0,0,0,0,0,0,0,0,0,0,0,0,0,0,0,0,0,0,0,0,0,0,0,0,0,0,0,0,0,0,0,0,0,0,0,0,0,0,0,0,0,0,0,0,0,0,0,0,0,0,0,0,0,0,0,0,0,0,0,0,0,0,0,0,0,0,0,0,0,0,0,0,0,0,0,0,0,0,0,0,0,0,0,0,0,0,0,0,0,0,0,0,0,0,0,0,0,0,0,0,0,0,0,0,0,0,0,0,0,0,0,0,0,0,0,0,0,0,0,0,0,0,0,0,0,0,0,0,0,0,0,0,0,0,0,0,-730,48,-23,242,247,180,57,-87,-224,-328,-387,-393,-353,-276,-162,-31,111,250,369,458,509,514,476,385,253,96,-82,-261,-420,-556,-649,-685,-669,-592,-463,-290,-92,123,337,527,681,791,841,827,753,613,419,203,-47,-305,-536,-740,-898,-980,-990,-945,-818,-636,-401,-123,160,434,689,897,1039,1117,1114,1027,869,652,385,91,-225,-521,-779,-990,-1141,-1207,-1191,-1106,-937,-706,-423,-111,216,534,816,1048,1213,1290,1286,1188,1013,776,470,137,-207,-542,-852,-1100,-1268,-1358,-1356,-1253,-1077,-823,-502,-154,206,558,865,1119,1296,1378,1374,1278,1094,837,525,180,-180,-522,-827,-1082,-1275,-1366,-1367,-1294,-546,-891,-578,-251,97,441,760,1026,1222,1346,1383,1326,1197,977,702,371,13,-348,-686,-980,-1212,-1374,-1453,-1426,-1302,-1082,-798,-454,-75,309,676,1000,1254,1416,1488,1462,1337,1113,811,459,76,-302,-669,-988,-1231,-1393,-1455,-1422,-1292,-1073,-787,-451,-85,282,625,925,1160,1309,1372,1353,1233,1035,771,459,115,-239,-574,-872,-1114,-1275,-1347,-1326,-1213,-1013,-740,-415,-51,313,653,952,1172,1309,1344,1275,1112,860,542,179,-195,-549,-864,-1105,-1245,-1284,-1215,-1044,-785,-466,-116,235,561,832,1014,1100,1094,993,808,562,275,-25,-311,-563,-761,-895,-943,-904,-780,-575,-304,9,332,625,827,885,787,575,199,153,0,0,0,0,0,0,0,0,0,0,0,0,0,0,0,0,0,0,0,0,0,0,0,0,0,0,0,0,0,0,0,0,0,0,0,0,0,0,0,0,0,0,0,0,0,0,0,0,0,0,0,0,0,0,0,0,0,0,0,0,0,0,0,0,0,0,0,0,0,0,0,0,0,0,0,0,0,0,0,0,0,0,0,0,0,0,0,0,0,0,0,0,0,0,0,0,0,0,0,0,0,0,0,0,0,0,0,0,0,0,0,0,0,0,0,0,0,0,0,0,0,0,0,0,0,0,0,0,0,0,0,0,0,0,0,0,0,0,0,0,0,0,0,0,0,0,0,0,0,0,0,0,0,0,0,0,0,0,0,0,0,0,0,0,0,0,0,0,0,0,0,0,0,0,0,0,0,0,0,0,0,0,0,0,0,0,0,0,0,0,0,0,0,0,0,0,0,0,0,0,0,0,0,0,0,0,0,0,0,0,0,0,0,0,0,0,0,0,0,0,0,0,0,0,0,0,0,0,0,0,0,0,0,0,0,0,0,0,0,0,0,0,0,0,0,0,0,0,0,0,0,0,0,0,0,0,-128,-231,-238,-12,-132,-254,-332,-346,-296,-196,-65,75,207,319,399,441,439,397,308,190,45,-110,-265,-409,-517,-585,-608,-570,-480,-348,-176,17,214,404,568,688,754,766,710,598,443,243,16,-218,-440,-640,-788,-887,-935,-891,-786,-626,-412,-158,108,373,627,824,978,1059,1058,993,848,638,385,101,-202,-489,-738,-948,-1094,-1175,-1168,-1065,-894,-667,-389,-86,228,525,800,1020,1175,1248,1240,1146,974,743,449,124,-211,-542,-828,-1074,-1248,-1325,-1319,-1233,-1058,-801,-496,-153,208,554,856,1115,1290,1374,1375,1273,1085,830,516,163,-193,-543,-857,-1105,-1280,-1373,-1368,-1276,-1099,-861,-554,-203,147,485,1197,1060,1243,1346,1372,1309,1159,927,638,310,-46,-386,-712,-997,-1211,-1354,-1408,-1367,-1240,-1030,-751,-424,-59,315,671,987,1233,1408,1478,1449,1324,1110,812,464,78,-310,-679,-1002,-1250,-1413,-1481,-1450,-1323,-1101,-805,-457,-79,301,657,960,1199,1355,1416,1385,1262,1054,771,443,96,-254,-592,-884,-1116,-1272,-1349,-1333,-1225,-1035,-773,-453,-105,251,595,894,1133,1292,1356,1315,1183,960,666,325,-45,-413,-750,-1026,-1223,-1321,-1309,-1194,-990,-699,-356,15,381,708,968,1137,1208,1178,1046,824,529,207,-120,-430,-687,-876,-984,-1000,-931,-787,-584,-331,-44,242,511,734,884,937,877,693,396,46,-303,-538,-122,-171
28967,mtk,MTK 7916,2777746116,rx1-tx0,512,0,0,0,0,0,0,0,0,0,0,0,0,0,0,0,0,0,0,0,0,0,0,0,0,0,0,0,0,0,0,0,0,0,0,0,0,0,0,0,0,0,0,0,0,0,0,0,0,0,0,0,0,0,0,0,0,0,0,0,0,0,0,0,0,0,0,0,0,0,0,0,0,0,0,0,0,0,0,0,0,0,0,0,0,0,0,0,0,0,0,0,0,0,0,0,0,0,0,0,0,0,0,0,0,0,0,0,0,0,0,0,0,0,0,0,0,0,0,0,0,0,0,0,0,0,0,0,0,0,0,0,0,0,0,0,0,0,0,0,0,0,0,0,0,0,0,0,0,0,0,0,0,0,0,0,0,0,0,0,0,0,0,0,0,0,0,0,0,0,0,0,0,0,0,0,0,0,0,0,0,0,0,0,0,0,0,0,0,0,0,0,0,0,0,0,0,0,0,0,0,0,0,0,0,0,0,0,0,0,0,0,0,0,0,0,0,0,0,0,0,0,0,0,0,0,0,0,0,0,0,0,0,0,0,0,0,0,0,0,0,0,0,0,0,0,0,0,0,0,0,0,0,0,0,0,0,146,26,351,-27,28,94,148,167,153,112,50,-20,-87,-140,-178,-193,-186,-165,-121,-65,-4,67,131,178,209,214,200,173,126,59,-11,-70,-132,-174,-200,-210,-188,-166,-129,-70,-21,37,81,108,132,137,128,118,104,73,56,34,11,-4,-14,-25,-35,-40,-51,-66,-72,-85,-101,-102,-100,-100,-99,-82,-59,-26,18,57,113,163,193,217,238,240,214,168,104,36,-58,-150,-234,-315,-372,-394,-385,-342,-272,-172,-52,78,200,316,405,463,491,469,412,321,195,57,-81,-218,-347,-438,-500,-518,-497,-444,-347,-234,-104,46,179,305,404,474,511,501,463,399,289,159,19,-120,-144,-364,-445,-494,-510,-486,-432,-345,-223,-96,43,183,303,398,458,487,472,430,359,256,142,11,-118,-234,-329,-393,-429,-439,-413,-358,-283,-185,-78,34,137,219,295,344,371,370,344,294,227,155,60,-28,-114,-197,-257,-308,-327,-328,-316,-263,-211,-137,-49,33,121,189,244,284,304,299,275,226,164,99,30,-53,-128,-186,-233,-260,-267,-263,-236,-199,-148,-78,-11,57,136,203,247,268,280,272,232,180,102,14,-64,-146,-211,-256,-288,-283,-253,-206,-139,-51,37,119,190,232,267,271,238,191,125,49,-38,-116,-183,-230,-252,-239,-197,-134,-50,48,132,184,201,180,-842,-598,0,0,0,0,0,0,0,0,0,0,0,0,0,0,0,0,0,0,0,0,0,0,0,0,0,0,0,0,0,0,0,0,0,0,0,0,0,0,0,0,0,0,0,0,0,0,0,0,0,0,0,0,0,0,0,0,0,0,0,0,0,0,0,0,0,0,0,0,0,0,0,0,0,0,0,0,0,0,0,0,0,0,0,0,0,0,0,0,0,0,0,0,0,0,0,0,0,0,0,0,0,0,0,0,0,0,0,0,0,0,0,0,0,0,0,0,0,0,0,0,0,0,0,0,0,0,0,0,0,0,0,0,0,0,0,0,0,0,0,0,0,0,0,0,0,0,0,0,0,0,0,0,0,0,0,0,0,0,0,0,0,0,0,0,0,0,0,0,0,0,0,0,0,0,0,0,0,0,0,0,0,0,0,0,0,0,0,0,0,0,0,0,0,0,0,0,0,0,0,0,0,0,0,0,0,0,0,0,0,0,0,0,0,0,0,0,0,0,0,0,0,0,0,0,0,0,0,0,0,0,0,0,0,0,0,0,0,0,0,0,0,0,0,0,0,0,0,0,0,0,0,0,0,0,0,0,206,1077,1016,112,128,112,59,-12,-81,-135,-172,-183,-167,-128,-77,-14,48,113,163,191,203,197,168,121,57,-13,-78,-137,-186,-214,-216,-207,-177,-124,-65,6,65,108,150,174,176,172,140,109,70,26,-11,-33,-64,-81,-86,-91,-90,-86,-79,-77,-68,-62,-54,-43,-35,-30,-13,15,34,54,84,109,130,156,165,167,161,123,78,29,-30,-96,-165,-226,-269,-307,-320,-295,-258,-190,-100,9,127,233,327,397,439,444,417,351,243,121,-21,-159,-284,-394,-466,-505,-506,-466,-383,-268,-142,-1,136,269,377,454,506,513,479,415,315,197,58,-78,-201,-326,-431,-493,-516,-497,147,-367,-252,-126,10,145,268,382,459,497,506,468,405,303,182,47,-91,-216,-325,-402,-448,-471,-453,-400,-318,-212,-98,21,136,232,308,367,396,397,364,311,244,156,65,-33,-130,-216,-272,-321,-349,-347,-334,-285,-221,-145,-56,20,113,189,247,296,313,315,294,247,190,117,37,-41,-118,-189,-241,-274,-293,-288,-252,-209,-152,-84,-21,47,119,176,230,261,270,270,248,197,132,67,-7,-93,-169,-225,-274,-283,-276,-249,-193,-128,-43,51,130,196,251,282,281,255,203,132,59,-37,-116,-180,-230,-263,-258,-226,-175,-103,-17,68,142,201,236,237,192,118,25,-55,690,906
28968,mtk,MTK 7916,2777746116,rx1-tx1,512,0,0,0,0,0,0,0,0,0,0,0,0,0,0,0,0,0,0,0,0,0,0,0,0,0,0,0,0,0,0,0,0,0,0,0,0,0,0,0,0,0,0,0,0,0,0,0,0,0,0,0,0,0,0,0,0,0,0,0,0,0,0,0,0,0,0,0,0,0,0,0,0,0,0,0,0,0,0,0,0,0,0,0,0,0,0,0,0,0,0,0,0,0,0,0,0,0,0,0,0,0,0,0,0,0,0,0,0,0,0,0,0,0,0,0,0,0,0,0,0,0,0,0,0,0,0,0,0,0,0,0,0,0,0,0,0,0,0,0,0,0,0,0,0,0,0,0,0,0,0,0,0,0,0,0,0,0,0,0,0,0,0,0,0,0,0,0,0,0,0,0,0,0,0,0,0,0,0,0,0,0,0,0,0,0,0,0,0,0,0,0,0,0,0,0,0,0,0,0,0,0,0,0,0,0,0,0,0,0,0,0,0,0,0,0,0,0,0,0,0,0,0,0,0,0,0,0,0,0,0,0,0,0,0,0,0,0,0,0,0,0,0,0,0,0,0,0,0,0,0,0,0,0,0,0,0,-411,-344,-644,-40,-63,-87,-105,-110,-97,-71,-34,9,55,93,116,117,94,50,0,-50,-95,-124,-126,-100,-53,0,54,96,121,122,92,43,-7,-62,-100,-111,-99,-67,-19,27,62,79,79,59,25,-11,-35,-49,-50,-34,-13,12,34,39,27,6,-14,-30,-42,-38,-20,12,39,57,64,48,12,-33,-75,-100,-104,-80,-36,19,74,117,133,116,72,7,-64,-122,-149,-136,-93,-32,41,107,154,160,120,53,-17,-87,-135,-153,-131,-77,-7,64,119,142,131,89,30,-31,-88,-123,-124,-92,-38,16,60,93,99,77,38,-7,-48,-65,-62,-53,-37,-11,16,26,20,8,0,-8,-12,-2,20,48,70,74,51,9,-44,-93,-127,-137,-112,-56,26,112,176,211,199,134,32,-87,-192,-258,-272,-225,-118,22,165,270,318,299,207,58,-105,-249,-339,-352,-285,-153,19,191,319,373,340,231,66,-115,-262,-357,-367,-290,-149,31,203,321,361,320,207,40,-134,-276,-354,-348,-253,-103,65,220,331,355,298,171,4,-168,-296,-356,-339,-245,-92,77,226,327,350,298,178,22,-136,-255,-322,-318,-249,-130,17,158,259,298,271,188,62,-65,-170,-238,-258,-218,-128,-16,93,177,217,211,162,82,-19,-116,-186,-223,-220,-175,-101,-10,80,150,191,209,584,293,0,0,0,0,0,0,0,0,0,0,0,0,0,0,0,0,0,0,0,0,0,0,0,0,0,0,0,0,0,0,0,0,0,0,0,0,0,0,0,0,0,0,0,0,0,0,0,0,0,0,0,0,0,0,0,0,0,0,0,0,0,0,0,0,0,0,0,0,0,0,0,0,0,0,0,0,0,0,0,0,0,0,0,0,0,0,0,0,0,0,0,0,0,0,0,0,0,0,0,0,0,0,0,0,0,0,0,0,0,0,0,0,0,0,0,0,0,0,0,0,0,0,0,0,0,0,0,0,0,0,0,0,0,0,0,0,0,0,0,0,0,0,0,0,0,0,0,0,0,0,0,0,0,0,0,0,0,0,0,0,0,0,0,0,0,0,0,0,0,0,0,0,0,0,0,0,0,0,0,0,0,0,0,0,0,0,0,0,0,0,0,0,0,0,0,0,0,0,0,0,0,0,0,0,0,0,0,0,0,0,0,0,0,0,0,0,0,0,0,0,0,0,0,0,0,0,0,0,0,0,0,0,0,0,0,0,0,0,0,0,0,0,0,0,0,0,0,0,0,0,0,0,0,0,0,0,-92,-1019,-877,66,59,41,14,-20,-54,-87,-110,-114,-99,-67,-23,27,74,110,124,107,72,27,-25,-79,-117,-125,-109,-75,-29,33,88,115,121,108,69,13,-41,-78,-91,-82,-61,-25,12,41,60,67,53,23,-11,-32,-43,-41,-26,1,20,26,25,15,-7,-34,-53,-56,-42,-13,32,65,87,93,76,28,-32,-78,-109,-117,-97,-47,6,68,117,139,127,84,20,-51,-115,-152,-150,-114,-52,26,94,144,156,132,74,-9,-81,-127,-145,-135,-88,-16,51,104,130,120,87,34,-29,-79,-106,-110,-85,-40,8,49,74,81,67,44,11,-23,-42,-42,-36,-22,-3,9,0,0,-14,-31,-35,-26,-4,30,69,98,97,69,23,-42,-106,-155,-176,-154,-86,3,106,193,239,238,180,74,-58,-186,-282,-309,-266,-162,-19,142,268,331,326,249,109,-60,-219,-331,-361,-315,-197,-27,153,293,365,353,254,100,-71,-231,-343,-370,-307,-178,-12,161,292,357,333,231,74,-97,-249,-346,-357,-274,-133,37,201,315,361,324,208,47,-124,-270,-346,-340,-271,-147,22,186,301,344,317,223,76,-80,-213,-299,-322,-273,-172,-34,106,212,267,267,208,104,-12,-122,-203,-238,-213,-144,-50,54,147,202,213,184,120,30,-70,-160,-220,-239,-225,-181,-112,-26,-872,-1014
28969,mtk,MTK 7916,2777746116,rx2-tx0,512,0,0,0,0,0,0,0,0,0,0,0,0,0,0,0,0,0,0,0,0,0,0,0,0,0,0,0,0,0,0,0,0,0,0,0,0,0,0,0,0,0,0,0,0,0,0,0,0,0,0,0,0,0,0,0,0,0,0,0,0,0,0,0,0,0,0,0,0,0,0,0,0,0,0,0,0,0,0,0,0,0,0,0,0,0,0,0,0,0,0,0,0,0,0,0,0,0,0,0,0,0,0,0,0,0,0,0,0,0,0,0,0,0,0,0,0,0,0,0,0,0,0,0,0,0,0,0,0,0,0,0,0,0,0,0,0,0,0,0,0,0,0,0,0,0,0,0,0,0,0,0,0,0,0,0,0,0,0,0,0,0,0,0,0,0,0,0,0,0,0,0,0,0,0,0,0,0,0,0,0,0,0,0,0,0,0,0,0,0,0,0,0,0,0,0,0,0,0,0,0,0,0,0,0,0,0,0,0,0,0,0,0,0,0,0,0,0,0,0,0,0,0,0,0,0,0,0,0,0,0,0,0,0,0,0,0,0,0,0,0,0,0,0,0,0,0,0,0,0,0,0,0,0,0,0,0,-136,95,-258,-69,-74,-69,-54,-30,1,35,61,77,83,74,54,22,-14,-44,-66,-79,-72,-55,-31,-1,27,50,71,81,67,44,20,-8,-36,-57,-71,-79,-74,-55,-25,10,48,77,96,101,86,55,10,-46,-95,-131,-140,-122,-76,-8,69,137,177,176,137,65,-30,-126,-196,-219,-194,-120,-9,111,209,259,247,176,55,-88,-215,-295,-300,-232,-105,56,213,323,357,301,170,-11,-196,-337,-397,-365,-238,-47,162,338,432,422,313,121,-111,-317,-454,-485,-391,-201,38,275,443,504,443,279,44,-208,-410,-505,-477,-326,-97,155,370,498,497,372,157,-108,-347,-496,-520,-414,0,58,305,483,540,462,265,-3,-268,-472,-557,-508,-335,-71,216,444,569,554,398,148,-139,-398,-564,-596,-483,-250,45,332,545,623,552,356,70,-232,-474,-606,-598,-449,-194,103,369,547,601,516,310,39,-234,-448,-555,-534,-385,-155,94,316,464,498,417,247,29,-191,-358,-434,-411,-294,-111,82,250,349,367,297,164,-2,-155,-267,-310,-281,-191,-59,85,200,260,261,203,99,-24,-139,-219,-245,-214,-136,-25,89,179,228,230,178,87,-17,-117,-187,-220,-212,-153,-63,36,126,186,208,191,138,59,-31,-114,-173,-199,-192,-157,-92,-7,71,133,176,194,183,153,103,993,753,0,0,0,0,0,0,0,0,0,0,0,0,0,0,0,0,0,0,0,0,0,0,0,0,0,0,0,0,0,0,0,0,0,0,0,0,0,0,0,0,0,0,0,0,0,0,0,0,0,0,0,0,0,0,0,0,0,0,0,0,0,0,0,0,0,0,0,0,0,0,0,0,0,0,0,0,0,0,0,0,0,0,0,0,0,0,0,0,0,0,0,0,0,0,0,0,0,0,0,0,0,0,0,0,0,0,0,0,0,0,0,0,0,0,0,0,0,0,0,0,0,0,0,0,0,0,0,0,0,0,0,0,0,0,0,0,0,0,0,0,0,0,0,0,0,0,0,0,0,0,0,0,0,0,0,0,0,0,0,0,0,0,0,0,0,0,0,0,0,0,0,0,0,0,0,0,0,0,0,0,0,0,0,0,0,0,0,0,0,0,0,0,0,0,0,0,0,0,0,0,0,0,0,0,0,0,0,0,0,0,0,0,0,0,0,0,0,0,0,0,0,0,0,0,0,0,0,0,0,0,0,0,0,0,0,0,0,0,0,0,0,0,0,0,0,0,0,0,0,0,0,0,0,0,0,0,1335,-1127,-1106,-5,-22,-44,-69,-85,-90,-81,-61,-33,1,36,61,78,81,68,42,9,-23,-50,-70,-79,-71,-55,-27,4,35,54,69,76,72,48,20,-12,-39,-62,-79,-86,-82,-62,-25,19,61,101,122,118,91,44,-19,-83,-131,-157,-154,-108,-32,53,131,186,200,163,84,-20,-120,-199,-236,-218,-149,-34,98,211,275,272,199,77,-74,-213,-303,-321,-261,-131,41,213,333,372,328,195,10,-184,-338,-420,-398,-277,-82,138,331,449,461,358,165,-75,-296,-449,-496,-418,-237,2,239,420,504,467,303,68,-185,-392,-505,-491,-357,-129,127,356,493,508,395,182,-81,-326,0,-524,-432,-232,31,288,476,551,487,300,35,-241,-458,-564,-536,-377,-118,175,428,572,576,443,200,-96,-372,-553,-609,-515,-297,-12,282,513,618,572,398,128,-170,-429,-586,-603,-480,-251,32,308,509,592,532,353,102,-169,-387,-513,-517,-410,-214,24,248,410,468,415,271,74,-136,-305,-395,-387,-294,-138,43,201,307,339,294,178,26,-121,-229,-284,-273,-193,-76,51,161,235,250,207,112,-5,-115,-196,-233,-216,-150,-52,56,153,216,233,194,119,21,-80,-165,-210,-214,-175,-102,-12,84,156,197,206,172,108,27,-58,-132,-182,-205,-192,-151,-91,-26,35,85,127,-599,-866
28970,mtk,MTK 7916,2777746116,rx2-tx1,512,0,0,0,0,0,0,0,0,0,0,0,0,0,0,0,0,0,0,0,0,0,0,0,0,0,0,0,0,0,0,0,0,0,0,0,0,0,0,0,0,0,0,0,0,0,0,0,0,0,0,0,0,0,0,0,0,0,0,0,0,0,0,0,0,0,0,0,0,0,0,0,0,0,0,0,0,0,0,0,0,0,0,0,0,0,0,0,0,0,0,0,0,0,0,0,0,0,0,0,0,0,0,0,0,0,0,0,0,0,0,0,0,0,0,0,0,0,0,0,0,0,0,0,0,0,0,0,0,0,0,0,0,0,0,0,0,0,0,0,0,0,0,0,0,0,0,0,0,0,0,0,0,0,0,0,0,0,0,0,0,0,0,0,0,0,0,0,0,0,0,0,0,0,0,0,0,0,0,0,0,0,0,0,0,0,0,0,0,0,0,0,0,0,0,0,0,0,0,0,0,0,0,0,0,0,0,0,0,0,0,0,0,0,0,0,0,0,0,0,0,0,0,0,0,0,0,0,0,0,0,0,0,0,0,0,0,0,0,0,0,0,0,0,0,0,0,0,0,0,0,0,0,0,0,0,0,236,-465,-169,-58,-75,-83,-76,-59,-37,-7,33,69,92,96,83,55,13,-32,-75,-105,-111,-89,-50,1,52,95,116,108,67,19,-31,-79,-114,-116,-90,-44,12,70,114,125,98,43,-25,-90,-132,-136,-104,-46,30,105,156,167,129,56,-39,-135,-200,-212,-168,-80,37,154,245,268,222,126,-7,-158,-274,-325,-310,-211,-48,136,284,370,373,290,114,-101,-289,-411,-436,-354,-188,32,249,415,476,429,276,48,-196,-395,-505,-487,-352,-141,112,336,479,506,405,206,-41,-278,-448,-508,-446,-276,-39,206,396,477,444,308,99,-136,-330,-431,-423,-319,-132,96,285,389,400,310,0,-77,-257,-372,-386,-295,-125,72,248,361,382,298,140,-56,-243,-366,-394,-319,-160,37,225,360,404,346,197,-3,-195,-345,-417,-377,-239,-49,149,310,397,385,276,103,-89,-254,-357,-373,-301,-155,23,193,308,335,284,168,15,-133,-240,-285,-253,-168,-46,84,183,226,209,141,45,-56,-143,-184,-175,-123,-42,51,132,167,146,95,29,-53,-119,-148,-142,-101,-29,46,113,147,140,103,48,-14,-80,-128,-134,-103,-58,-3,51,96,115,98,67,23,-27,-65,-87,-82,-56,-23,8,37,55,55,40,18,-8,-31,-41,-44,-31,-8,14,34,46,51,42,25,7,-19,-984,-890,0,0,0,0,0,0,0,0,0,0,0,0,0,0,0,0,0,0,0,0,0,0,0,0,0,0,0,0,0,0,0,0,0,0,0,0,0,0,0,0,0,0,0,0,0,0,0,0,0,0,0,0,0,0,0,0,0,0,0,0,0,0,0,0,0,0,0,0,0,0,0,0,0,0,0,0,0,0,0,0,0,0,0,0,0,0,0,0,0,0,0,0,0,0,0,0,0,0,0,0,0,0,0,0,0,0,0,0,0,0,0,0,0,0,0,0,0,0,0,0,0,0,0,0,0,0,0,0,0,0,0,0,0,0,0,0,0,0,0,0,0,0,0,0,0,0,0,0,0,0,0,0,0,0,0,0,0,0,0,0,0,0,0,0,0,0,0,0,0,0,0,0,0,0,0,0,0,0,0,0,0,0,0,0,0,0,0,0,0,0,0,0,0,0,0,0,0,0,0,0,0,0,0,0,0,0,0,0,0,0,0,0,0,0,0,0,0,0,0,0,0,0,0,0,0,0,0,0,0,0,0,0,0,0,0,0,0,0,0,0,0,0,0,0,0,0,0,0,0,0,0,0,0,0,0,0,-351,877,983,30,8,-13,-36,-63,-85,-95,-92,-72,-38,2,46,81,98,94,71,33,-17,-64,-93,-107,-95,-60,-14,40,88,115,113,81,35,-19,-72,-111,-115,-91,-46,14,81,122,128,102,49,-24,-90,-138,-151,-117,-46,37,117,174,186,147,66,-41,-141,-215,-245,-211,-108,32,161,255,297,268,166,13,-151,-290,-364,-344,-237,-70,121,293,403,415,317,147,-64,-275,-423,-466,-400,-231,-7,222,405,491,463,320,92,-153,-359,-491,-505,-392,-178,84,321,468,505,429,246,6,-232,-416,-495,-448,-291,-70,170,357,455,442,318,113,-108,-297,-418,-427,-315,-132,73,265,0,396,304,131,-69,-249,-361,-378,-299,-134,66,245,363,383,301,145,-53,-241,-364,-396,-332,-175,28,221,351,399,361,231,31,-174,-335,-413,-384,-269,-89,116,283,374,376,285,134,-51,-220,-328,-347,-283,-151,5,156,267,311,271,171,35,-103,-208,-257,-238,-160,-51,63,157,202,192,132,42,-59,-135,-166,-154,-109,-33,57,123,161,154,99,26,-45,-108,-137,-133,-100,-42,28,95,134,136,103,51,-16,-73,-111,-119,-105,-66,-8,42,78,94,90,66,27,-20,-50,-66,-72,-56,-25,5,26,40,47,39,16,-9,-27,-42,-47,-32,-10,12,33,54,63,64,147,449
28971,mtk,MTK 7916,2777783688,rx0-tx0,512,0,0,0,0,0,0,0,0,0,0,0,0,0,0,0,0,0,0,0,0,0,0,0,0,0,0,0,0,0,0,0,0,0,0,0,0,0,0,0,0,0,0,0,0,0,0,0,0,0,0,0,0,0,0,0,0,0,0,0,0,0,0,0,0,0,0,0,0,0,0,0,0,0,0,0,0,0,0,0,0,0,0,0,0,0,0,0,0,0,0,0,0,0,0,0,0,0,0,0,0,0,0,0,0,0,0,0,0,0,0,0,0,0,0,0,0,0,0,0,0,0,0,0,0,0,0,0,0,0,0,0,0,0,0,0,0,0,0,0,0,0,0,0,0,0,0,0,0,0,0,0,0,0,0,0,0,0,0,0,0,0,0,0,0,0,0,0,0,0,0,0,0,0,0,0,0,0,0,0,0,0,0,0,0,0,0,0,0,0,0,0,0,0,0,0,0,0,0,0,0,0,0,0,0,0,0,0,0,0,0,0,0,0,0,0,0,0,0,0,0,0,0,0,0,0,0,0,0,0,0,0,0,0,0,0,0,0,0,0,0,0,0,0,0,0,0,0,0,0,0,0,0,0,0,0,0,-273,-793,-635,-255,-283,-237,-123,25,176,293,367,385,358,286,176,51,-84,-217,-330,-416,-458,-457,-413,-320,-194,-41,127,284,428,535,592,595,544,426,266,77,-123,-322,-493,-621,-690,-690,-640,-523,-361,-174,39,247,432,576,678,735,726,660,545,383,180,-33,-241,-438,-601,-723,-790,-803,-745,-629,-457,-241,2,240,458,655,802,878,887,821,685,491,256,2,-256,-496,-699,-836,-913,-912,-832,-690,-493,-258,6,262,480,665,789,847,841,767,637,464,260,45,-169,-365,-522,-647,-716,-735,-705,-624,-505,-356,-185,-11,169,337,480,598,675,704,687,627,521,377,203,6,-192,-376,-1687,-676,-752,-777,-748,-667,-527,-342,-139,73,294,492,649,761,817,821,761,651,490,303,82,-147,-371,-577,-737,-857,-919,-919,-857,-712,-525,-287,-7,271,561,817,1005,1129,1161,1089,936,699,389,43,-328,-674,-966,-1190,-1319,-1334,-1226,-1020,-716,-347,54,455,814,1111,1304,1392,1359,1202,948,623,235,-173,-552,-885,-1149,-1304,-1347,-1278,-1098,-830,-489,-111,269,632,929,1142,1263,1269,1175,969,671,334,-35,-414,-740,-994,-1165,-1224,-1164,-995,-738,-415,-54,300,624,886,1050,1111,1059,909,672,380,64,-260,-551,-783,-930,-985,-945,-814,-589,-297,33,373,679,912,1020,972,757,402,-24,-365,-775,-861,0,0,0,0,0,0,0,0,0,0,0,0,0,0,0,0,0,0,0,0,0,0,0,0,0,0,0,0,0,0,0,0,0,0,0,0,0,0,0,0,0,0,0,0,0,0,0,0,0,0,0,0,0,0,0,0,0,0,0,0,0,0,0,0,0,0,0,0,0,0,0,0,0,0,0,0,0,0,0,0,0,0,0,0,0,0,0,0,0,0,0,0,0,0,0,0,0,0,0,0,0,0,0,0,0,0,0,0,0,0,0,0,0,0,0,0,0,0,0,0,0,0,0,0,0,0,0,0,0,0,0,0,0,0,0,0,0,0,0,0,0,0,0,0,0,0,0,0,0,0,0,0,0,0,0,0,0,0,0,0,0,0,0,0,0,0,0,0,0,0,0,0,0,0,0,0,0,0,0,0,0,0,0,0,0,0,0,0,0,0,0,0,0,0,0,0,0,0,0,0,0,0,0,0,0,0,0,0,0,0,0,0,0,0,0,0,0,0,0,0,0,0,0,0,0,0,0,0,0,0,0,0,0,0,0,0,0,0,0,0,0,0,0,0,0,0,0,0,0,0,0,0,0,0,0,0,-1322,383,609,-52,76,218,323,363,331,240,112,-28,-161,-280,-364,-407,-408,-367,-286,-172,-36,108,251,379,471,527,525,472,373,225,52,-127,-311,-472,-588,-651,-653,-592,-474,-307,-111,97,301,485,615,694,720,682,582,435,258,57,-152,-345,-517,-655,-735,-756,-726,-643,-503,-319,-105,121,341,538,699,807,847,813,728,577,374,133,-121,-366,-593,-766,-875,-916,-883,-785,-612,-388,-131,137,387,598,769,874,906,853,742,574,364,132,-108,-332,-528,-675,-766,-797,-768,-681,-557,-392,-208,-11,187,360,505,615,681,701,681,607,503,363,194,15,-170,-343,-502,-623,-708,-742,-719,-649,-175,-369,-173,31,238,434,609,731,797,816,774,663,503,311,101,-118,-336,-534,-696,-805,-860,-856,-794,-672,-498,-294,-58,187,434,660,839,979,1043,1023,933,743,499,210,-121,-448,-748,-1001,-1176,-1259,-1237,-1100,-869,-559,-196,195,573,903,1164,1326,1380,1314,1136,854,494,96,-315,-687,-995,-1227,-1363,-1366,-1248,-1034,-732,-366,23,410,757,1039,1232,1310,1283,1147,909,599,238,-142,-504,-830,-1067,-1210,-1259,-1187,-996,-727,-390,-20,347,673,935,1110,1170,1118,961,718,408,68,-272,-584,-826,-976,-1034,-994,-856,-637,-356,-45,267,558,794,940,991,928,748,456,82,-320,-670,-902,-943,-811,-405,-149
28972,mtk,MTK 7916,2777783688,rx0-tx1,512,0,0,0,0,0,0,0,0,0,0,0,0,0,0,0,0,0,0,0,0,0,0,0,0,0,0,0,0,0,0,0,0,0,0,0,0,0,0,0,0,0,0,0,0,0,0,0,0,0,0,0,0,0,0,0,0,0,0,0,0,0,0,0,0,0,0,0,0,0,0,0,0,0,0,0,0,0,0,0,0,0,0,0,0,0,0,0,0,0,0,0,0,0,0,0,0,0,0,0,0,0,0,0,0,0,0,0,0,0,0,0,0,0,0,0,0,0,0,0,0,0,0,0,0,0,0,0,0,0,0,0,0,0,0,0,0,0,0,0,0,0,0,0,0,0,0,0,0,0,0,0,0,0,0,0,0,0,0,0,0,0,0,0,0,0,0,0,0,0,0,0,0,0,0,0,0,0,0,0,0,0,0,0,0,0,0,0,0,0,0,0,0,0,0,0,0,0,0,0,0,0,0,0,0,0,0,0,0,0,0,0,0,0,0,0,0,0,0,0,0,0,0,0,0,0,0,0,0,0,0,0,0,0,0,0,0,0,0,0,0,0,0,0,0,0,0,0,0,0,0,0,0,0,0,0,0,-730,48,-23,218,179,70,-77,-217,-323,-370,-360,-299,-199,-61,90,227,345,432,474,468,407,300,155,-19,-196,-369,-508,-602,-639,-609,-519,-370,-177,41,254,457,622,740,783,759,669,508,294,53,-200,-446,-655,-818,-919,-925,-857,-722,-513,-255,37,329,597,817,973,1059,1052,949,771,520,223,-94,-408,-698,-926,-1083,-1161,-1141,-1027,-821,-555,-238,99,432,732,972,1144,1232,1220,1099,901,620,292,-59,-416,-739,-1011,-1202,-1297,-1301,-1201,-995,-711,-369,11,388,736,1029,1246,1364,1374,1270,1065,771,415,26,-371,-743,-1048,-1266,-1399,-1407,-1304,-1102,-805,-450,-59,335,700,1008,1248,1377,1393,1321,-546,857,508,140,-241,-610,-937,-1182,-1347,-1408,-1349,-1192,-951,-630,-268,122,516,859,1134,1334,1422,1419,1293,1066,755,371,-29,-440,-818,-1131,-1357,-1478,-1480,-1361,-1127,-809,-423,4,428,801,1114,1339,1453,1461,1337,1108,806,430,20,-380,-747,-1049,-1272,-1384,-1389,-1284,-1089,-800,-450,-80,306,657,951,1175,1315,1350,1271,1092,824,482,107,-277,-644,-958,-1193,-1327,-1351,-1255,-1055,-763,-393,0,398,761,1056,1256,1343,1299,1135,870,522,123,-280,-648,-953,-1165,-1252,-1213,-1054,-793,-463,-97,273,596,856,1016,1066,1012,856,620,331,17,-285,-561,-773,-900,-933,-855,-673,-395,-60,295,607,804,828,704,199,153,0,0,0,0,0,0,0,0,0,0,0,0,0,0,0,0,0,0,0,0,0,0,0,0,0,0,0,0,0,0,0,0,0,0,0,0,0,0,0,0,0,0,0,0,0,0,0,0,0,0,0,0,0,0,0,0,0,0,0,0,0,0,0,0,0,0,0,0,0,0,0,0,0,0,0,0,0,0,0,0,0,0,0,0,0,0,0,0,0,0,0,0,0,0,0,0,0,0,0,0,0,0,0,0,0,0,0,0,0,0,0,0,0,0,0,0,0,0,0,0,0,0,0,0,0,0,0,0,0,0,0,0,0,0,0,0,0,0,0,0,0,0,0,0,0,0,0,0,0,0,0,0,0,0,0,0,0,0,0,0,0,0,0,0,0,0,0,0,0,0,0,0,0,0,0,0,0,0,0,0,0,0,0,0,0,0,0,0,0,0,0,0,0,0,0,0,0,0,0,0,0,0,0,0,0,0,0,0,0,0,0,0,0,0,0,0,0,0,0,0,0,0,0,0,0,0,0,0,0,0,0,0,0,0,0,0,0,0,0,0,0,0,0,0,0,0,0,0,0,0,0,0,0,0,0,0,-128,-231,-238,-86,-203,-295,-319,-270,-163,-22,122,250,349,408,411,370,284,160,9,-149,-299,-422,-514,-554,-537,-461,-330,-162,36,237,428,580,681,713,682,586,429,226,-7,-240,-459,-650,-786,-852,-850,-763,-604,-399,-142,133,394,639,831,956,1001,960,834,637,381,95,-222,-516,-769,-971,-1085,-1112,-1051,-901,-671,-385,-65,270,588,850,1049,1167,1192,1129,965,733,439,105,-248,-578,-868,-1093,-1229,-1276,-1217,-1063,-822,-506,-156,210,573,888,1130,1297,1354,1302,1147,897,574,199,-188,-567,-899,-1165,-1337,-1404,-1359,-1203,-943,-619,-245,161,543,886,1159,1331,1403,1363,1217,981,666,285,-98,-476,1197,-1111,-1295,-1382,-1373,-1258,-1038,-740,-396,-9,378,730,1030,1253,1374,1405,1322,1123,850,509,126,-270,-653,-985,-1246,-1412,-1466,-1406,-1229,-949,-601,-199,227,632,991,1260,1440,1498,1426,1242,975,629,232,-192,-602,-941,-1206,-1384,-1447,-1396,-1222,-964,-624,-234,151,533,865,1133,1298,1365,1328,1189,959,657,300,-83,-457,-796,-1076,-1264,-1347,-1324,-1188,-952,-640,-273,123,510,848,1120,1294,1352,1294,1117,836,485,89,-322,-691,-999,-1216,-1313,-1279,-1122,-859,-516,-124,271,628,911,1094,1168,1121,962,713,394,55,-280,-575,-799,-939,-975,-919,-772,-542,-259,58,373,648,844,926,873,674,353,-26,-324,-122,-171
28973,mtk,MTK 7916,2777783688,rx1-tx0,512,0,0,0,0,0,0,0,0,0,0,0,0,0,0,0,0,0,0,0,0,0,0,0,0,0,0,0,0,0,0,0,0,0,0,0,0,0,0,0,0,0,0,0,0,0,0,0,0,0,0,0,0,0,0,0,0,0,0,0,0,0,0,0,0,0,0,0,0,0,0,0,0,0,0,0,0,0,0,0,0,0,0,0,0,0,0,0,0,0,0,0,0,0,0,0,0,0,0,0,0,0,0,0,0,0,0,0,0,0,0,0,0,0,0,0,0,0,0,0,0,0,0,0,0,0,0,0,0,0,0,0,0,0,0,0,0,0,0,0,0,0,0,0,0,0,0,0,0,0,0,0,0,0,0,0,0,0,0,0,0,0,0,0,0,0,0,0,0,0,0,0,0,0,0,0,0,0,0,0,0,0,0,0,0,0,0,0,0,0,0,0,0,0,0,0,0,0,0,0,0,0,0,0,0,0,0,0,0,0,0,0,0,0,0,0,0,0,0,0,0,0,0,0,0,0,0,0,0,0,0,0,0,0,0,0,0,0,0,0,0,0,0,0,0,0,0,0,0,0,0,0,0,0,0,0,0,146,26,351,5,65,119,145,138,99,36,-40,-97,-135,-174,-177,-157,-115,-61,1,63,123,167,196,198,170,130,79,7,-61,-119,-162,-192,-194,-177,-145,-97,-48,12,66,104,127,139,143,128,105,78,44,17,1,-21,-39,-53,-62,-63,-74,-80,-85,-88,-85,-90,-77,-55,-23,7,46,85,120,158,180,195,198,180,143,82,12,-67,-146,-224,-281,-316,-331,-317,-272,-189,-85,30,152,269,366,432,452,434,375,274,149,1,-158,-296,-403,-475,-509,-498,-445,-338,-206,-58,104,258,380,476,528,528,485,396,278,142,-15,-175,-309,-416,-493,-529,-511,-456,-371,-239,-84,63,-144,357,460,515,532,508,433,322,185,24,-128,-268,-387,-475,-509,-508,-462,-369,-256,-113,25,168,286,375,440,459,453,407,323,218,87,-38,-160,-266,-343,-407,-435,-406,-358,-294,-194,-80,41,157,250,326,378,402,384,339,265,170,66,-50,-159,-242,-317,-361,-373,-355,-301,-224,-133,-26,76,169,244,293,328,331,299,249,181,101,7,-78,-162,-227,-283,-307,-310,-286,-230,-155,-74,22,117,200,268,314,325,299,246,173,80,-22,-122,-204,-277,-314,-314,-285,-224,-140,-34,64,158,238,279,289,269,218,144,46,-51,-142,-220,-266,-276,-244,-178,-72,42,135,202,219,-842,-598,0,0,0,0,0,0,0,0,0,0,0,0,0,0,0,0,0,0,0,0,0,0,0,0,0,0,0,0,0,0,0,0,0,0,0,0,0,0,0,0,0,0,0,0,0,0,0,0,0,0,0,0,0,0,0,0,0,0,0,0,0,0,0,0,0,0,0,0,0,0,0,0,0,0,0,0,0,0,0,0,0,0,0,0,0,0,0,0,0,0,0,0,0,0,0,0,0,0,0,0,0,0,0,0,0,0,0,0,0,0,0,0,0,0,0,0,0,0,0,0,0,0,0,0,0,0,0,0,0,0,0,0,0,0,0,0,0,0,0,0,0,0,0,0,0,0,0,0,0,0,0,0,0,0,0,0,0,0,0,0,0,0,0,0,0,0,0,0,0,0,0,0,0,0,0,0,0,0,0,0,0,0,0,0,0,0,0,0,0,0,0,0,0,0,0,0,0,0,0,0,0,0,0,0,0,0,0,0,0,0,0,0,0,0,0,0,0,0,0,0,0,0,0,0,0,0,0,0,0,0,0,0,0,0,0,0,0,0,0,0,0,0,0,0,0,0,0,0,0,0,0,0,0,0,0,0,206,1077,1016,107,102,62,-2,-69,-126,-163,-164,-132,-95,-42,32,92,144,174,184,174,141,94,32,-38,-101,-147,-185,-201,-188,-158,-116,-57,11,73,123,157,177,181,157,120,81,40,-2,-42,-72,-92,-105,-102,-98,-91,-77,-65,-50,-39,-27,-12,-3,13,27,54,82,106,126,140,146,134,115,80,33,-17,-76,-134,-190,-235,-257,-264,-247,-202,-131,-50,41,139,241,325,380,397,380,324,227,108,-26,-161,-286,-392,-467,-505,-485,-412,-306,-176,-23,131,280,396,473,516,516,456,364,240,89,-66,-219,-351,-447,-507,-533,-504,-427,-327,-191,-34,127,259,382,481,524,523,147,399,270,127,-24,-176,-321,-429,-509,-537,-513,-449,-354,-228,-86,66,221,343,435,479,488,458,386,293,169,31,-100,-227,-324,-395,-434,-433,-405,-332,-248,-143,-11,109,207,297,378,417,425,385,317,233,135,18,-96,-199,-289,-348,-385,-385,-345,-284,-197,-95,15,119,212,288,337,359,348,300,233,153,62,-40,-131,-206,-260,-304,-318,-303,-261,-204,-126,-38,45,139,216,268,303,318,300,252,179,83,-20,-116,-199,-266,-307,-322,-291,-242,-162,-60,40,138,220,281,307,291,257,186,91,-3,-101,-182,-244,-278,-272,-237,-173,-80,24,123,209,258,247,200,112,15,690,906
28974,mtk,MTK 7916,2777783688,rx1-tx1,512,0,0,0,0,0,0,0,0,0,0,0,0,0,0,0,0,0,0,0,0,0,0,0,0,0,0,0,0,0,0,0,0,0,0,0,0,0,0,0,0,0,0,0,0,0,0,0,0,0,0,0,0,0,0,0,0,0,0,0,0,0,0,0,0,0,0,0,0,0,0,0,0,0,0,0,0,0,0,0,0,0,0,0,0,0,0,0,0,0,0,0,0,0,0,0,0,0,0,0,0,0,0,0,0,0,0,0,0,0,0,0,0,0,0,0,0,0,0,0,0,0,0,0,0,0,0,0,0,0,0,0,0,0,0,0,0,0,0,0,0,0,0,0,0,0,0,0,0,0,0,0,0,0,0,0,0,0,0,0,0,0,0,0,0,0,0,0,0,0,0,0,0,0,0,0,0,0,0,0,0,0,0,0,0,0,0,0,0,0,0,0,0,0,0,0,0,0,0,0,0,0,0,0,0,0,0,0,0,0,0,0,0,0,0,0,0,0,0,0,0,0,0,0,0,0,0,0,0,0,0,0,0,0,0,0,0,0,0,0,0,0,0,0,0,0,0,0,0,0,0,0,0,0,0,0,0,-411,-344,-644,15,-9,-38,-68,-91,-108,-117,-106,-77,-38,10,57,97,120,125,104,65,11,-46,-93,-120,-133,-121,-80,-24,32,79,113,123,109,76,30,-17,-63,-96,-99,-78,-49,-9,32,55,58,50,31,5,-23,-35,-37,-24,1,23,38,44,40,21,-13,-49,-76,-85,-77,-48,-5,48,95,124,123,91,38,-29,-92,-138,-156,-142,-91,-18,67,134,170,174,144,75,-15,-101,-162,-190,-170,-121,-49,39,120,166,181,160,99,15,-63,-125,-168,-170,-127,-58,20,90,132,143,128,86,25,-41,-94,-115,-113,-86,-41,11,55,74,79,71,44,13,-12,-29,-30,-22,0,0,-2,-5,-15,-26,-46,-57,-50,-15,29,75,111,127,118,85,26,-52,-134,-192,-205,-180,-117,-23,93,194,260,271,227,131,2,-132,-244,-311,-315,-239,-116,26,171,298,360,334,245,107,-63,-221,-333,-371,-336,-225,-64,105,248,339,360,301,171,9,-148,-279,-348,-340,-261,-125,43,196,301,343,307,206,60,-100,-241,-327,-345,-291,-170,-13,141,264,337,338,269,147,-8,-160,-271,-321,-317,-252,-127,22,154,249,292,281,218,112,-10,-126,-214,-252,-240,-178,-84,19,114,184,212,190,134,58,-33,-115,-175,-204,-192,-146,-74,12,92,157,203,219,202,162,584,293,0,0,0,0,0,0,0,0,0,0,0,0,0,0,0,0,0,0,0,0,0,0,0,0,0,0,0,0,0,0,0,0,0,0,0,0,0,0,0,0,0,0,0,0,0,0,0,0,0,0,0,0,0,0,0,0,0,0,0,0,0,0,0,0,0,0,0,0,0,0,0,0,0,0,0,0,0,0,0,0,0,0,0,0,0,0,0,0,0,0,0,0,0,0,0,0,0,0,0,0,0,0,0,0,0,0,0,0,0,0,0,0,0,0,0,0,0,0,0,0,0,0,0,0,0,0,0,0,0,0,0,0,0,0,0,0,0,0,0,0,0,0,0,0,0,0,0,0,0,0,0,0,0,0,0,0,0,0,0,0,0,0,0,0,0,0,0,0,0,0,0,0,0,0,0,0,0,0,0,0,0,0,0,0,0,0,0,0,0,0,0,0,0,0,0,0,0,0,0,0,0,0,0,0,0,0,0,0,0,0,0,0,0,0,0,0,0,0,0,0,0,0,0,0,0,0,0,0,0,0,0,0,0,0,0,0,0,0,0,0,0,0,0,0,0,0,0,0,0,0,0,0,0,0,0,0,-92,-1019,-877,75,86,90,82,61,25,-13,-50,-86,-115,-124,-108,-77,-32,21,72,109,127,118,91,48,-6,-60,-101,-127,-124,-97,-58,-7,51,88,102,102,79,40,-6,-45,-67,-70,-62,-41,-14,14,39,48,38,17,-7,-24,-37,-40,-29,2,36,59,68,57,28,-10,-55,-89,-105,-100,-71,-17,46,98,137,154,123,60,-13,-83,-144,-173,-164,-119,-40,46,119,169,185,156,92,10,-75,-144,-182,-183,-148,-80,8,93,152,175,159,111,40,-43,-114,-154,-160,-133,-76,0,63,112,132,126,91,39,-20,-69,-101,-101,-81,-52,-12,30,55,63,55,34,13,-1,0,-2,6,14,30,25,7,-24,-62,-91,-99,-88,-50,10,69,123,159,160,126,71,-19,-112,-192,-240,-240,-180,-72,47,163,257,299,277,189,57,-83,-222,-319,-338,-297,-188,-37,113,250,341,359,299,170,1,-169,-295,-359,-350,-265,-124,39,196,313,361,325,222,71,-93,-236,-330,-355,-296,-166,-8,150,276,343,334,257,118,-44,-194,-298,-340,-313,-223,-75,81,213,304,336,294,189,54,-85,-207,-289,-319,-278,-177,-45,81,189,261,282,240,157,41,-77,-168,-218,-228,-193,-117,-17,79,157,201,201,163,96,11,-75,-149,-200,-215,-199,-154,-92,-14,56,116,-872,-1014
28975,mtk,MTK 7916,2777783688,rx2-tx0,512,0,0,0,0,0,0,0,0,0,0,0,0,0,0,0,0,0,0,0,0,0,0,0,0,0,0,0,0,0,0,0,0,0,0,0,0,0,0,0,0,0,0,0,0,0,0,0,0,0,0,0,0,0,0,0,0,0,0,0,0,0,0,0,0,0,0,0,0,0,0,0,0,0,0,0,0,0,0,0,0,0,0,0,0,0,0,0,0,0,0,0,0,0,0,0,0,0,0,0,0,0,0,0,0,0,0,0,0,0,0,0,0,0,0,0,0,0,0,0,0,0,0,0,0,0,0,0,0,0,0,0,0,0,0,0,0,0,0,0,0,0,0,0,0,0,0,0,0,0,0,0,0,0,0,0,0,0,0,0,0,0,0,0,0,0,0,0,0,0,0,0,0,0,0,0,0,0,0,0,0,0,0,0,0,0,0,0,0,0,0,0,0,0,0,0,0,0,0,0,0,0,0,0,0,0,0,0,0,0,0,0,0,0,0,0,0,0,0,0,0,0,0,0,0,0,0,0,0,0,0,0,0,0,0,0,0,0,0,0,0,0,0,0,0,0,0,0,0,0,0,0,0,0,0,0,0,-136,95,-258,-55,-72,-81,-83,-72,-53,-27,1,28,57,80,84,71,52,27,-7,-38,-61,-74,-72,-59,-40,-16,12,35,51,62,60,56,44,23,-3,-22,-40,-53,-65,-68,-61,-40,-15,17,51,80,96,101,86,49,-2,-62,-113,-142,-147,-119,-63,12,85,148,183,178,133,55,-41,-139,-209,-237,-207,-126,-15,102,210,272,270,208,94,-49,-184,-289,-327,-292,-185,-29,142,285,372,374,290,137,-56,-241,-378,-433,-391,-257,-62,158,341,452,466,379,196,-38,-261,-429,-502,-466,-325,-109,138,350,480,506,414,221,-22,-261,-442,-520,-476,-324,-94,162,376,504,519,416,0,-46,-294,-476,-551,-499,-324,-81,180,408,549,564,442,215,-59,-324,-521,-594,-532,-355,-95,194,436,581,598,484,263,-23,-308,-526,-631,-596,-425,-163,125,397,579,624,539,350,81,-208,-438,-572,-593,-481,-265,-8,243,442,545,531,402,196,-48,-273,-435,-493,-440,-301,-110,92,269,383,413,353,216,43,-127,-259,-336,-336,-264,-140,11,148,242,278,259,186,70,-58,-163,-232,-249,-211,-128,-24,82,167,218,221,177,98,2,-99,-176,-216,-214,-173,-98,-4,90,165,207,209,176,108,23,-59,-131,-185,-201,-182,-134,-66,11,86,147,189,200,188,155,104,52,-8,993,753,0,0,0,0,0,0,0,0,0,0,0,0,0,0,0,0,0,0,0,0,0,0,0,0,0,0,0,0,0,0,0,0,0,0,0,0,0,0,0,0,0,0,0,0,0,0,0,0,0,0,0,0,0,0,0,0,0,0,0,0,0,0,0,0,0,0,0,0,0,0,0,0,0,0,0,0,0,0,0,0,0,0,0,0,0,0,0,0,0,0,0,0,0,0,0,0,0,0,0,0,0,0,0,0,0,0,0,0,0,0,0,0,0,0,0,0,0,0,0,0,0,0,0,0,0,0,0,0,0,0,0,0,0,0,0,0,0,0,0,0,0,0,0,0,0,0,0,0,0,0,0,0,0,0,0,0,0,0,0,0,0,0,0,0,0,0,0,0,0,0,0,0,0,0,0,0,0,0,0,0,0,0,0,0,0,0,0,0,0,0,0,0,0,0,0,0,0,0,0,0,0,0,0,0,0,0,0,0,0,0,0,0,0,0,0,0,0,0,0,0,0,0,0,0,0,0,0,0,0,0,0,0,0,0,0,0,0,0,0,0,0,0,0,0,0,0,0,0,0,0,0,0,0,0,0,0,1335,-1127,-1106,45,27,7,-16,-42,-66,-80,-84,-79,-59,-26,5,36,64,78,79,71,47,16,-14,-37,-55,-67,-69,-56,-37,-16,7,30,48,54,56,56,48,30,7,-20,-43,-62,-79,-85,-76,-53,-18,25,68,105,121,115,86,34,-34,-101,-147,-168,-156,-103,-25,69,145,192,205,169,87,-19,-119,-207,-252,-237,-166,-59,79,206,284,301,255,145,-8,-167,-289,-353,-338,-236,-78,104,268,380,405,338,189,-5,-209,-371,-451,-433,-318,-126,98,304,447,491,426,264,31,-211,-398,-500,-492,-369,-162,81,306,464,515,450,279,38,-212,-411,-515,-496,-363,-146,106,338,0,541,457,268,15,-255,-455,-546,-524,-393,-157,127,381,541,581,492,286,16,-260,-483,-597,-572,-419,-177,104,370,570,632,543,338,64,-223,-465,-609,-614,-487,-262,30,313,530,628,584,421,177,-104,-360,-533,-579,-516,-346,-106,149,363,496,520,434,257,34,-179,-345,-430,-428,-337,-174,20,198,323,374,346,246,96,-67,-206,-290,-309,-266,-168,-40,94,202,260,260,202,105,-11,-122,-203,-235,-220,-160,-66,40,137,203,220,198,143,55,-44,-132,-197,-223,-202,-141,-57,33,114,172,204,199,155,82,-5,-86,-147,-185,-199,-181,-136,-72,-6,61,116,149,165,174,-599,-866
28976,mtk,MTK 7916,2777783688,rx2-tx1,512,0,0,0,0,0,0,0,0,0,0,0,0,0,0,0,0,0,0,0,0,0,0,0,0,0,0,0,0,0,0,0,0,0,0,0,0,0,0,0,0,0,0,0,0,0,0,0,0,0,0,0,0,0,0,0,0,0,0,0,0,0,0,0,0,0,0,0,0,0,0,0,0,0,0,0,0,0,0,0,0,0,0,0,0,0,0,0,0,0,0,0,0,0,0,0,0,0,0,0,0,0,0,0,0,0,0,0,0,0,0,0,0,0,0,0,0,0,0,0,0,0,0,0,0,0,0,0,0,0,0,0,0,0,0,0,0,0,0,0,0,0,0,0,0,0,0,0,0,0,0,0,0,0,0,0,0,0,0,0,0,0,0,0,0,0,0,0,0,0,0,0,0,0,0,0,0,0,0,0,0,0,0,0,0,0,0,0,0,0,0,0,0,0,0,0,0,0,0,0,0,0,0,0,0,0,0,0,0,0,0,0,0,0,0,0,0,0,0,0,0,0,0,0,0,0,0,0,0,0,0,0,0,0,0,0,0,0,0,0,0,0,0,0,0,0,0,0,0,0,0,0,0,0,0,0,0,236,-465,-169,-26,-50,-69,-84,-91,-83,-60,-37,-5,36,70,90,98,87,59,20,-25,-66,-99,-110,-96,-60,-13,38,85,117,120,98,56,-2,-64,-108,-127,-115,-80,-26,36,95,125,128,103,51,-16,-90,-143,-153,-124,-63,20,100,162,193,175,109,15,-89,-183,-242,-248,-184,-67,63,185,280,310,266,159,0,-163,-293,-358,-351,-260,-103,90,265,388,425,375,232,33,-184,-362,-460,-459,-352,-162,64,281,445,502,450,304,89,-153,-364,-489,-506,-409,-213,27,257,428,505,470,327,107,-132,-339,-468,-485,-386,-210,4,214,372,443,403,272,78,-135,-305,-397,-397,-299,0,68,244,365,392,324,175,-17,-207,-343,-393,-352,-224,-42,157,321,404,382,282,120,-80,-275,-402,-432,-355,-197,9,209,363,431,404,288,108,-94,-280,-402,-424,-352,-208,-17,175,319,391,374,271,118,-56,-218,-325,-349,-293,-170,-24,121,226,278,265,199,82,-51,-165,-227,-233,-184,-91,16,111,183,200,162,93,3,-85,-149,-173,-154,-102,-26,55,121,159,162,125,61,-19,-95,-143,-156,-135,-84,-16,50,103,138,140,110,59,-6,-63,-100,-120,-117,-88,-43,10,57,83,91,86,62,21,-24,-51,-60,-58,-52,-32,-5,22,42,50,48,32,11,-11,-24,-984,-890,0,0,0,0,0,0,0,0,0,0,0,0,0,0,0,0,0,0,0,0,0,0,0,0,0,0,0,0,0,0,0,0,0,0,0,0,0,0,0,0,0,0,0,0,0,0,0,0,0,0,0,0,0,0,0,0,0,0,0,0,0,0,0,0,0,0,0,0,0,0,0,0,0,0,0,0,0,0,0,0,0,0,0,0,0,0,0,0,0,0,0,0,0,0,0,0,0,0,0,0,0,0,0,0,0,0,0,0,0,0,0,0,0,0,0,0,0,0,0,0,0,0,0,0,0,0,0,0,0,0,0,0,0,0,0,0,0,0,0,0,0,0,0,0,0,0,0,0,0,0,0,0,0,0,0,0,0,0,0,0,0,0,0,0,0,0,0,0,0,0,0,0,0,0,0,0,0,0,0,0,0,0,0,0,0,0,0,0,0,0,0,0,0,0,0,0,0,0,0,0,0,0,0,0,0,0,0,0,0,0,0,0,0,0,0,0,0,0,0,0,0,0,0,0,0,0,0,0,0,0,0,0,0,0,0,0,0,0,0,0,0,0,0,0,0,0,0,0,0,0,0,0,0,0,0,0,-351,877,983,59,53,44,20,-11,-39,-64,-86,-93,-90,-69,-37,4,45,83,101,102,81,42,-6,-47,-92,-116,-108,-74,-26,31,78,113,125,113,72,11,-47,-94,-128,-131,-92,-32,36,94,136,145,122,59,-18,-92,-149,-176,-156,-92,-1,97,170,215,210,140,30,-90,-192,-258,-267,-215,-106,32,173,284,329,300,204,54,-122,-278,-372,-392,-318,-166,30,225,375,445,419,299,105,-124,-323,-454,-488,-410,-235,-6,224,412,506,481,353,143,-102,-320,-463,-508,-440,-273,-46,193,389,492,481,363,162,-67,-280,-426,-468,-406,-254,-41,176,345,422,399,288,112,-95,-276,0,-390,-310,-149,48,226,352,393,338,194,6,-183,-330,-397,-372,-261,-74,131,301,400,409,317,149,-54,-255,-389,-433,-384,-253,-58,146,318,422,425,325,147,-55,-229,-351,-402,-369,-245,-61,122,273,356,364,285,145,-22,-172,-279,-318,-284,-185,-55,88,202,258,252,189,79,-36,-134,-198,-215,-177,-101,2,99,160,175,156,94,12,-73,-139,-174,-161,-112,-34,47,111,149,156,125,71,0,-71,-128,-156,-143,-99,-38,31,87,120,133,117,77,18,-37,-79,-103,-100,-77,-47,-11,25,55,71,75,56,25,-5,-27,-44,-54,-46,-24,-1,18,36,43,41,33,147,449
28977,mtk,MTK 7916,2777845541,rx0-tx0,512,0,0,0,0,0,0,0,0,0,0,0,0,0,0,0,0,0,0,0,0,0,0,0,0,0,0,0,0,0,0,0,0,0,0,0,0,0,0,0,0,0,0,0,0,0,0,0,0,0,0,0,0,0,0,0,0,0,0,0,0,0,0,0,0,0,0,0,0,0,0,0,0,0,0,0,0,0,0,0,0,0,0,0,0,0,0,0,0,0,0,0,0,0,0,0,0,0,0,0,0,0,0,0,0,0,0,0,0,0,0,0,0,0,0,0,0,0,0,0,0,0,0,0,0,0,0,0,0,0,0,0,0,0,0,0,0,0,0,0,0,0,0,0,0,0,0,0,0,0,0,0,0,0,0,0,0,0,0,0,0,0,0,0,0,0,0,0,0,0,0,0,0,0,0,0,0,0,0,0,0,0,0,0,0,0,0,0,0,0,0,0,0,0,0,0,0,0,0,0,0,0,0,0,0,0,0,0,0,0,0,0,0,0,0,0,0,0,0,0,0,0,0,0,0,0,0,0,0,0,0,0,0,0,0,0,0,0,0,0,0,0,0,0,0,0,0,0,0,0,0,0,0,0,0,0,0,-273,-793,-635,14,147,287,379,396,347,246,114,-30,-171,-291,-384,-437,-460,-447,-387,-293,-170,-25,114,256,390,493,560,597,577,510,405,257,84,-103,-284,-446,-584,-683,-719,-706,-649,-532,-381,-201,-7,181,365,530,653,731,766,753,698,590,451,280,92,-104,-298,-473,-630,-755,-823,-844,-816,-740,-605,-440,-233,-12,213,435,632,792,902,955,949,879,751,587,366,120,-132,-372,-592,-773,-902,-980,-988,-931,-811,-644,-444,-211,30,263,477,652,794,872,901,884,802,681,524,343,147,-52,-248,-420,-571,-689,-766,-804,-801,-755,-667,-543,-386,-218,-29,154,328,491,639,746,812,844,-1687,748,627,476,292,94,-111,-324,-515,-674,-801,-880,-912,-887,-817,-692,-524,-330,-120,97,315,516,694,836,937,987,980,915,814,645,442,206,-62,-320,-580,-811,-1007,-1143,-1205,-1197,-1121,-968,-736,-452,-132,200,530,831,1092,1291,1394,1410,1334,1154,900,586,215,-161,-530,-867,-1146,-1350,-1459,-1469,-1390,-1213,-945,-609,-245,136,521,858,1141,1345,1450,1456,1362,1179,916,581,208,-167,-550,-890,-1154,-1338,-1430,-1417,-1295,-1072,-767,-417,-34,351,703,996,1211,1321,1319,1224,1024,743,415,61,-291,-603,-865,-1047,-1142,-1153,-1064,-880,-634,-336,0,340,657,913,1079,1137,1064,838,482,59,-368,-661,-775,-861,0,0,0,0,0,0,0,0,0,0,0,0,0,0,0,0,0,0,0,0,0,0,0,0,0,0,0,0,0,0,0,0,0,0,0,0,0,0,0,0,0,0,0,0,0,0,0,0,0,0,0,0,0,0,0,0,0,0,0,0,0,0,0,0,0,0,0,0,0,0,0,0,0,0,0,0,0,0,0,0,0,0,0,0,0,0,0,0,0,0,0,0,0,0,0,0,0,0,0,0,0,0,0,0,0,0,0,0,0,0,0,0,0,0,0,0,0,0,0,0,0,0,0,0,0,0,0,0,0,0,0,0,0,0,0,0,0,0,0,0,0,0,0,0,0,0,0,0,0,0,0,0,0,0,0,0,0,0,0,0,0,0,0,0,0,0,0,0,0,0,0,0,0,0,0,0,0,0,0,0,0,0,0,0,0,0,0,0,0,0,0,0,0,0,0,0,0,0,0,0,0,0,0,0,0,0,0,0,0,0,0,0,0,0,0,0,0,0,0,0,0,0,0,0,0,0,0,0,0,0,0,0,0,0,0,0,0,0,0,0,0,0,0,0,0,0,0,0,0,0,0,0,0,0,0,0,-1322,383,609,287,290,221,84,-73,-221,-338,-406,-426,-400,-335,-232,-109,25,164,289,394,472,507,503,466,386,273,135,-27,-203,-360,-496,-596,-652,-660,-616,-531,-399,-222,-27,169,351,515,641,721,746,724,659,546,393,220,29,-161,-348,-512,-645,-735,-784,-790,-745,-659,-530,-359,-160,47,253,457,630,768,865,901,891,816,688,515,305,77,-166,-407,-616,-789,-920,-983,-982,-916,-794,-616,-405,-165,88,332,552,728,859,941,955,918,814,666,479,261,51,-170,-374,-551,-693,-786,-838,-839,-797,-709,-592,-437,-263,-81,102,285,451,593,698,770,804,789,741,654,519,350,173,-18,-175,-419,-587,-718,-812,-865,-873,-826,-723,-587,-414,-215,0,218,422,613,760,863,919,933,889,798,664,491,284,50,-182,-408,-621,-817,-959,-1063,-1093,-1064,-975,-820,-614,-347,-56,240,535,815,1052,1225,1312,1318,1235,1071,840,539,193,-162,-524,-856,-1128,-1338,-1453,-1465,-1381,-1201,-936,-608,-236,145,519,869,1154,1350,1459,1481,1393,1203,937,606,232,-154,-529,-864,-1138,-1337,-1429,-1435,-1340,-1136,-861,-530,-156,239,614,939,1187,1340,1400,1343,1185,939,619,248,-126,-485,-797,-1040,-1190,-1247,-1200,-1057,-830,-542,-219,112,436,716,929,1073,1125,1069,917,668,348,-22,-417,-771,-1012,-1087,-976,-725,-405,-149
28978,mtk,MTK 7916,2777845541,rx0-tx1,512,0,0,0,0,0,0,0,0,0,0,0,0,0,0,0,0,0,0,0,0,0,0,0,0,0,0,0,0,0,0,0,0,0,0,0,0,0,0,0,0,0,0,0,0,0,0,0,0,0,0,0,0,0,0,0,0,0,0,0,0,0,0,0,0,0,0,0,0,0,0,0,0,0,0,0,0,0,0,0,0,0,0,0,0,0,0,0,0,0,0,0,0,0,0,0,0,0,0,0,0,0,0,0,0,0,0,0,0,0,0,0,0,0,0,0,0,0,0,0,0,0,0,0,0,0,0,0,0,0,0,0,0,0,0,0,0,0,0,0,0,0,0,0,0,0,0,0,0,0,0,0,0,0,0,0,0,0,0,0,0,0,0,0,0,0,0,0,0,0,0,0,0,0,0,0,0,0,0,0,0,0,0,0,0,0,0,0,0,0,0,0,0,0,0,0,0,0,0,0,0,0,0,0,0,0,0,0,0,0,0,0,0,0,0,0,0,0,0,0,0,0,0,0,0,0,0,0,0,0,0,0,0,0,0,0,0,0,0,0,0,0,0,0,0,0,0,0,0,0,0,0,0,0,0,0,0,-730,48,-23,-140,-242,-312,-314,-251,-137,-4,134,256,353,416,432,405,344,246,120,-19,-171,-319,-438,-527,-579,-583,-539,-448,-306,-140,48,240,427,575,687,758,766,716,608,456,266,46,-189,-409,-604,-768,-876,-932,-931,-853,-706,-511,-281,-22,245,504,725,902,1034,1089,1071,983,823,606,345,55,-233,-519,-770,-967,-1115,-1196,-1191,-1106,-956,-734,-474,-177,132,429,706,942,1126,1237,1273,1226,1101,924,665,366,50,-284,-596,-882,-1109,-1266,-1345,-1339,-1258,-1082,-850,-559,-219,129,465,784,1051,1247,1367,1401,1355,1217,997,712,392,43,-309,-640,-929,-1159,-1318,-1391,-1382,-1288,-1118,-874,-575,-248,-546,445,749,1001,1206,1338,1389,1349,1227,1042,793,488,162,-183,-509,-821,-1074,-1257,-1372,-1413,-1363,-1228,-1026,-751,-431,-82,282,629,938,1195,1375,1476,1470,1380,1204,950,632,273,-100,-467,-800,-1089,-1310,-1443,-1482,-1427,-1281,-1055,-769,-432,-69,288,630,935,1174,1338,1413,1401,1300,1122,870,566,234,-112,-453,-764,-1028,-1223,-1336,-1370,-1317,-1171,-953,-667,-335,10,368,702,982,1200,1330,1367,1309,1152,916,623,278,-98,-459,-785,-1048,-1222,-1310,-1286,-1164,-948,-661,-330,26,368,667,908,1069,1133,1096,980,785,531,245,-49,-330,-575,-764,-889,-938,-905,-789,-600,-345,-50,268,555,771,862,798,629,199,153,0,0,0,0,0,0,0,0,0,0,0,0,0,0,0,0,0,0,0,0,0,0,0,0,0,0,0,0,0,0,0,0,0,0,0,0,0,0,0,0,0,0,0,0,0,0,0,0,0,0,0,0,0,0,0,0,0,0,0,0,0,0,0,0,0,0,0,0,0,0,0,0,0,0,0,0,0,0,0,0,0,0,0,0,0,0,0,0,0,0,0,0,0,0,0,0,0,0,0,0,0,0,0,0,0,0,0,0,0,0,0,0,0,0,0,0,0,0,0,0,0,0,0,0,0,0,0,0,0,0,0,0,0,0,0,0,0,0,0,0,0,0,0,0,0,0,0,0,0,0,0,0,0,0,0,0,0,0,0,0,0,0,0,0,0,0,0,0,0,0,0,0,0,0,0,0,0,0,0,0,0,0,0,0,0,0,0,0,0,0,0,0,0,0,0,0,0,0,0,0,0,0,0,0,0,0,0,0,0,0,0,0,0,0,0,0,0,0,0,0,0,0,0,0,0,0,0,0,0,0,0,0,0,0,0,0,0,0,0,0,0,0,0,0,0,0,0,0,0,0,0,0,0,0,0,0,-128,-231,-238,-196,-134,-17,126,253,343,381,368,307,213,92,-46,-177,-298,-401,-468,-499,-489,-429,-329,-194,-38,133,299,454,575,653,687,664,581,443,281,82,-128,-337,-522,-677,-789,-849,-843,-773,-653,-477,-263,-29,218,464,679,848,968,1021,1006,914,759,562,313,37,-247,-518,-758,-952,-1083,-1143,-1129,-1045,-880,-663,-406,-112,198,483,751,968,1125,1221,1226,1165,1026,827,570,270,-44,-369,-656,-913,-1127,-1251,-1314,-1290,-1184,-1010,-761,-467,-131,203,538,837,1076,1266,1368,1376,1310,1158,923,635,305,-43,-393,-721,-997,-1212,-1350,-1408,-1374,-1255,-1052,-794,-479,-144,205,537,841,1091,1266,1372,1197,1329,1165,953,681,367,24,-314,-628,-903,-1140,-1296,-1376,-1375,-1298,-1140,-901,-615,-300,40,390,712,1000,1227,1375,1447,1428,1313,1125,856,538,177,-197,-547,-878,-1155,-1360,-1464,-1479,-1401,-1243,-1013,-704,-351,18,378,719,1014,1251,1403,1458,1419,1297,1089,815,499,150,-205,-544,-843,-1089,-1262,-1362,-1376,-1303,-1150,-924,-631,-299,46,394,711,982,1195,1320,1366,1323,1179,959,670,333,-26,-388,-726,-1002,-1205,-1332,-1350,-1266,-1087,-824,-504,-147,224,569,865,1080,1208,1236,1161,995,754,453,123,-197,-488,-734,-908,-1000,-1010,-938,-789,-582,-332,-55,226,490,709,862,926,885,726,466,129,-211,-455,-122,-171
28979,mtk,MTK 7916,2777845541,rx1-tx0,512,0,0,0,0,0,0,0,0,0,0,0,0,0,0,0,0,0,0,0,0,0,0,0,0,0,0,0,0,0,0,0,0,0,0,0,0,0,0,0,0,0,0,0,0,0,0,0,0,0,0,0,0,0,0,0,0,0,0,0,0,0,0,0,0,0,0,0,0,0,0,0,0,0,0,0,0,0,0,0,0,0,0,0,0,0,0,0,0,0,0,0,0,0,0,0,0,0,0,0,0,0,0,0,0,0,0,0,0,0,0,0,0,0,0,0,0,0,0,0,0,0,0,0,0,0,0,0,0,0,0,0,0,0,0,0,0,0,0,0,0,0,0,0,0,0,0,0,0,0,0,0,0,0,0,0,0,0,0,0,0,0,0,0,0,0,0,0,0,0,0,0,0,0,0,0,0,0,0,0,0,0,0,0,0,0,0,0,0,0,0,0,0,0,0,0,0,0,0,0,0,0,0,0,0,0,0,0,0,0,0,0,0,0,0,0,0,0,0,0,0,0,0,0,0,0,0,0,0,0,0,0,0,0,0,0,0,0,0,0,0,0,0,0,0,0,0,0,0,0,0,0,0,0,0,0,0,146,26,351,113,82,28,-45,-117,-168,-189,-176,-143,-97,-32,41,99,151,193,210,206,184,140,76,8,-59,-127,-173,-212,-233,-222,-195,-157,-98,-33,25,89,138,175,191,185,172,141,107,68,28,-12,-55,-78,-98,-112,-106,-95,-89,-83,-66,-57,-42,-30,-27,-26,-22,-12,5,24,38,56,73,102,118,141,154,144,135,118,87,43,-11,-73,-139,-196,-244,-286,-299,-292,-267,-215,-140,-58,48,151,241,323,387,417,418,388,313,223,118,-10,-133,-255,-357,-414,-464,-483,-451,-388,-302,-196,-65,62,178,290,382,443,480,483,437,377,288,178,58,-66,-192,-302,-387,-445,-144,-479,-434,-366,-285,-176,-49,74,199,296,379,445,465,458,426,364,267,148,38,-76,-188,-281,-362,-404,-420,-417,-387,-326,-237,-150,-50,55,152,237,306,360,387,381,355,306,240,159,65,-21,-110,-197,-268,-310,-338,-348,-329,-282,-232,-163,-79,5,82,159,223,267,299,309,286,253,212,153,89,19,-47,-111,-176,-213,-243,-254,-254,-239,-212,-175,-122,-57,11,82,147,197,246,283,287,277,240,183,116,30,-53,-140,-217,-273,-302,-313,-294,-248,-181,-91,0,99,182,245,285,303,292,244,179,99,0,-88,-171,-240,-279,-292,-267,-211,-117,-3,107,196,238,236,-842,-598,0,0,0,0,0,0,0,0,0,0,0,0,0,0,0,0,0,0,0,0,0,0,0,0,0,0,0,0,0,0,0,0,0,0,0,0,0,0,0,0,0,0,0,0,0,0,0,0,0,0,0,0,0,0,0,0,0,0,0,0,0,0,0,0,0,0,0,0,0,0,0,0,0,0,0,0,0,0,0,0,0,0,0,0,0,0,0,0,0,0,0,0,0,0,0,0,0,0,0,0,0,0,0,0,0,0,0,0,0,0,0,0,0,0,0,0,0,0,0,0,0,0,0,0,0,0,0,0,0,0,0,0,0,0,0,0,0,0,0,0,0,0,0,0,0,0,0,0,0,0,0,0,0,0,0,0,0,0,0,0,0,0,0,0,0,0,0,0,0,0,0,0,0,0,0,0,0,0,0,0,0,0,0,0,0,0,0,0,0,0,0,0,0,0,0,0,0,0,0,0,0,0,0,0,0,0,0,0,0,0,0,0,0,0,0,0,0,0,0,0,0,0,0,0,0,0,0,0,0,0,0,0,0,0,0,0,0,0,0,0,0,0,0,0,0,0,0,0,0,0,0,0,0,0,0,0,206,1077,1016,-57,-111,-151,-161,-133,-74,0,70,129,173,204,201,177,137,79,13,-57,-116,-173,-211,-223,-220,-189,-140,-91,-17,53,109,158,196,211,212,196,158,110,49,-7,-57,-99,-127,-144,-149,-145,-125,-102,-84,-57,-20,5,24,36,46,50,58,58,58,63,73,79,87,86,86,81,78,63,42,16,-27,-63,-93,-137,-179,-207,-217,-219,-199,-169,-124,-58,22,102,184,265,319,362,379,353,309,238,140,27,-88,-208,-308,-382,-437,-460,-446,-398,-307,-203,-95,39,171,284,375,446,481,474,445,384,289,176,61,-66,-184,-282,-378,-435,-464,-465,-440,-378,-284,-171,147,75,199,299,383,448,471,472,435,366,279,161,37,-81,-191,-297,-381,-427,-448,-444,-402,-338,-250,-145,-40,71,180,279,344,382,405,400,369,309,236,155,57,-42,-132,-214,-276,-331,-357,-357,-337,-302,-238,-162,-86,5,99,170,233,287,318,330,318,288,225,155,82,-5,-82,-143,-199,-248,-271,-278,-269,-251,-212,-158,-101,-33,30,96,149,202,246,266,277,258,232,187,137,62,-19,-94,-172,-232,-279,-305,-303,-283,-229,-154,-67,21,116,197,267,306,317,302,254,187,103,9,-92,-175,-232,-277,-292,-275,-237,-165,-77,19,113,199,263,280,253,186,87,-2,690,906
28980,mtk,MTK 7916,2777845541,rx1-tx1,512,0,0,0,0,0,0,0,0,0,0,0,0,0,0,0,0,0,0,0,0,0,0,0,0,0,0,0,0,0,0,0,0,0,0,0,0,0,0,0,0,0,0,0,0,0,0,0,0,0,0,0,0,0,0,0,0,0,0,0,0,0,0,0,0,0,0,0,0,0,0,0,0,0,0,0,0,0,0,0,0,0,0,0,0,0,0,0,0,0,0,0,0,0,0,0,0,0,0,0,0,0,0,0,0,0,0,0,0,0,0,0,0,0,0,0,0,0,0,0,0,0,0,0,0,0,0,0,0,0,0,0,0,0,0,0,0,0,0,0,0,0,0,0,0,0,0,0,0,0,0,0,0,0,0,0,0,0,0,0,0,0,0,0,0,0,0,0,0,0,0,0,0,0,0,0,0,0,0,0,0,0,0,0,0,0,0,0,0,0,0,0,0,0,0,0,0,0,0,0,0,0,0,0,0,0,0,0,0,0,0,0,0,0,0,0,0,0,0,0,0,0,0,0,0,0,0,0,0,0,0,0,0,0,0,0,0,0,0,0,0,0,0,0,0,0,0,0,0,0,0,0,0,0,0,0,0,-411,-344,-644,79,82,87,82,64,28,-12,-53,-88,-108,-108,-87,-51,-4,45,90,115,113,85,39,-13,-65,-102,-119,-114,-83,-31,27,74,104,113,94,51,5,-42,-73,-83,-72,-53,-15,26,56,61,52,24,-3,-26,-39,-37,-17,10,35,47,48,28,0,-37,-71,-79,-63,-36,10,57,93,115,103,55,-8,-65,-114,-147,-134,-81,-9,65,129,160,149,99,28,-56,-129,-165,-161,-126,-61,25,106,157,166,134,68,-7,-77,-131,-151,-123,-71,-4,63,111,128,116,74,15,-47,-87,-114,-110,-77,-30,19,58,80,81,63,29,-8,-30,-43,-40,-31,-22,-14,-9,0,-19,-16,-7,7,32,56,72,70,55,19,-37,-88,-130,-143,-127,-77,-1,91,170,213,211,154,53,-65,-175,-248,-271,-235,-145,-6,142,255,312,296,206,62,-94,-236,-322,-334,-265,-135,35,196,309,351,312,196,31,-136,-269,-340,-327,-231,-79,89,234,316,321,247,118,-41,-191,-300,-325,-260,-139,12,167,283,325,284,179,34,-127,-251,-317,-314,-237,-91,72,211,300,321,265,147,-1,-140,-247,-303,-285,-204,-81,56,177,253,271,228,136,20,-98,-187,-230,-217,-153,-59,38,129,184,193,154,86,-3,-94,-163,-194,-191,-146,-69,19,101,163,201,205,173,584,293,0,0,0,0,0,0,0,0,0,0,0,0,0,0,0,0,0,0,0,0,0,0,0,0,0,0,0,0,0,0,0,0,0,0,0,0,0,0,0,0,0,0,0,0,0,0,0,0,0,0,0,0,0,0,0,0,0,0,0,0,0,0,0,0,0,0,0,0,0,0,0,0,0,0,0,0,0,0,0,0,0,0,0,0,0,0,0,0,0,0,0,0,0,0,0,0,0,0,0,0,0,0,0,0,0,0,0,0,0,0,0,0,0,0,0,0,0,0,0,0,0,0,0,0,0,0,0,0,0,0,0,0,0,0,0,0,0,0,0,0,0,0,0,0,0,0,0,0,0,0,0,0,0,0,0,0,0,0,0,0,0,0,0,0,0,0,0,0,0,0,0,0,0,0,0,0,0,0,0,0,0,0,0,0,0,0,0,0,0,0,0,0,0,0,0,0,0,0,0,0,0,0,0,0,0,0,0,0,0,0,0,0,0,0,0,0,0,0,0,0,0,0,0,0,0,0,0,0,0,0,0,0,0,0,0,0,0,0,0,0,0,0,0,0,0,0,0,0,0,0,0,0,0,0,0,0,-92,-1019,-877,-24,-3,24,54,78,93,101,92,67,27,-18,-64,-98,-109,-103,-71,-23,29,76,111,118,101,63,10,-40,-87,-116,-114,-85,-44,6,55,84,89,84,53,4,-34,-57,-68,-58,-30,1,28,46,44,27,7,-16,-39,-45,-31,-7,21,46,59,53,34,-3,-51,-89,-95,-77,-43,6,66,113,131,119,75,7,-71,-130,-153,-138,-102,-29,60,128,160,158,117,46,-40,-109,-156,-157,-123,-60,20,94,140,159,136,75,-1,-75,-125,-141,-126,-80,-17,46,97,125,119,76,23,-29,-76,-97,-83,-53,-16,17,46,61,66,52,29,3,-12,-19,-20,-13,0,-15,-20,-28,-39,-42,-28,4,40,76,100,112,94,48,-18,-88,-149,-182,-168,-114,-24,79,174,234,244,196,97,-33,-159,-260,-304,-273,-171,-34,116,244,320,322,242,103,-56,-209,-310,-334,-276,-153,4,165,292,347,320,214,60,-113,-258,-337,-329,-248,-100,66,210,304,318,254,129,-26,-177,-280,-316,-272,-164,-7,154,272,323,297,198,51,-106,-239,-318,-327,-257,-124,36,177,280,322,288,190,51,-98,-217,-279,-286,-232,-122,12,131,217,242,208,138,44,-62,-148,-195,-200,-155,-70,31,117,170,189,168,103,20,-70,-150,-201,-217,-199,-145,-69,7,86,-872,-1014
28981,mtk,MTK 7916,2777845541,rx2-tx0,512,0,0,0,0,0,0,0,0,0,0,0,0,0,0,0,0,0,0,0,0,0,0,0,0,0,0,0,0,0,0,0,0,0,0,0,0,0,0,0,0,0,0,0,0,0,0,0,0,0,0,0,0,0,0,0,0,0,0,0,0,0,0,0,0,0,0,0,0,0,0,0,0,0,0,0,0,0,0,0,0,0,0,0,0,0,0,0,0,0,0,0,0,0,0,0,0,0,0,0,0,0,0,0,0,0,0,0,0,0,0,0,0,0,0,0,0,0,0,0,0,0,0,0,0,0,0,0,0,0,0,0,0,0,0,0,0,0,0,0,0,0,0,0,0,0,0,0,0,0,0,0,0,0,0,0,0,0,0,0,0,0,0,0,0,0,0,0,0,0,0,0,0,0,0,0,0,0,0,0,0,0,0,0,0,0,0,0,0,0,0,0,0,0,0,0,0,0,0,0,0,0,0,0,0,0,0,0,0,0,0,0,0,0,0,0,0,0,0,0,0,0,0,0,0,0,0,0,0,0,0,0,0,0,0,0,0,0,0,0,0,0,0,0,0,0,0,0,0,0,0,0,0,0,0,0,0,-136,95,-258,57,38,15,-13,-45,-74,-90,-94,-84,-60,-23,16,55,80,91,82,61,26,-14,-47,-73,-85,-83,-65,-32,1,28,54,75,83,77,56,25,-10,-41,-66,-88,-97,-87,-60,-17,32,77,115,134,124,79,17,-55,-117,-158,-168,-136,-66,26,117,186,210,188,117,7,-116,-209,-257,-239,-160,-40,99,223,294,293,217,75,-96,-250,-340,-346,-263,-104,86,263,381,405,323,155,-60,-274,-423,-464,-390,-213,25,265,438,502,441,271,26,-235,-440,-530,-487,-317,-64,206,426,544,521,358,102,-177,-409,-540,-532,-382,-132,155,395,541,548,401,147,-141,-396,-553,0,-422,-176,119,390,559,578,446,194,-110,-385,-561,-597,-479,-234,76,370,567,620,517,277,-38,-340,-559,-642,-560,-335,-28,293,541,652,603,407,106,-223,-493,-641,-628,-462,-190,126,409,588,619,501,266,-24,-304,-504,-576,-512,-328,-73,194,410,514,487,352,141,-96,-299,-421,-443,-357,-189,16,203,328,371,327,200,31,-134,-257,-312,-289,-194,-57,82,195,260,260,195,84,-42,-153,-225,-239,-196,-105,6,113,191,224,208,143,43,-70,-160,-214,-215,-170,-94,1,102,177,212,206,158,78,-17,-107,-172,-205,-200,-155,-83,4,87,157,200,210,188,144,87,19,993,753,0,0,0,0,0,0,0,0,0,0,0,0,0,0,0,0,0,0,0,0,0,0,0,0,0,0,0,0,0,0,0,0,0,0,0,0,0,0,0,0,0,0,0,0,0,0,0,0,0,0,0,0,0,0,0,0,0,0,0,0,0,0,0,0,0,0,0,0,0,0,0,0,0,0,0,0,0,0,0,0,0,0,0,0,0,0,0,0,0,0,0,0,0,0,0,0,0,0,0,0,0,0,0,0,0,0,0,0,0,0,0,0,0,0,0,0,0,0,0,0,0,0,0,0,0,0,0,0,0,0,0,0,0,0,0,0,0,0,0,0,0,0,0,0,0,0,0,0,0,0,0,0,0,0,0,0,0,0,0,0,0,0,0,0,0,0,0,0,0,0,0,0,0,0,0,0,0,0,0,0,0,0,0,0,0,0,0,0,0,0,0,0,0,0,0,0,0,0,0,0,0,0,0,0,0,0,0,0,0,0,0,0,0,0,0,0,0,0,0,0,0,0,0,0,0,0,0,0,0,0,0,0,0,0,0,0,0,0,0,0,0,0,0,0,0,0,0,0,0,0,0,0,0,0,0,0,1335,-1127,-1106,50,70,85,92,86,65,31,-8,-45,-75,-94,-95,-76,-46,-9,31,63,81,84,70,44,12,-22,-55,-77,-83,-75,-53,-28,2,31,59,78,83,75,57,27,-16,-55,-85,-103,-108,-89,-45,13,71,121,151,147,108,42,-41,-120,-175,-193,-166,-95,8,114,197,234,213,135,17,-111,-217,-276,-268,-187,-53,102,241,322,318,240,96,-88,-261,-369,-382,-298,-140,70,269,401,435,358,180,-48,-267,-426,-488,-418,-237,9,260,449,524,468,298,48,-226,-440,-538,-501,-342,-88,191,420,537,517,365,119,-163,-405,-540,-532,-386,-140,148,403,549,547,408,163,0,-394,-552,-564,-429,-181,113,382,554,582,458,208,-99,-380,-565,-610,-494,-253,56,355,567,633,534,301,-7,-317,-552,-647,-582,-371,-66,254,518,648,615,430,139,-184,-458,-618,-629,-483,-228,82,365,553,607,513,300,21,-251,-453,-546,-510,-347,-111,136,343,460,458,352,170,-53,-251,-376,-407,-336,-192,-9,164,289,343,309,202,56,-97,-221,-281,-269,-195,-74,58,167,232,241,188,90,-28,-131,-203,-229,-197,-114,-7,96,177,222,215,160,71,-34,-132,-200,-223,-195,-128,-40,55,144,199,211,179,113,28,-60,-134,-188,-207,-187,-140,-74,2,76,133,161,166,-599,-866
28982,mtk,MTK 7916,2777845541,rx2-tx1,512,0,0,0,0,0,0,0,0,0,0,0,0,0,0,0,0,0,0,0,0,0,0,0,0,0,0,0,0,0,0,0,0,0,0,0,0,0,0,0,0,0,0,0,0,0,0,0,0,0,0,0,0,0,0,0,0,0,0,0,0,0,0,0,0,0,0,0,0,0,0,0,0,0,0,0,0,0,0,0,0,0,0,0,0,0,0,0,0,0,0,0,0,0,0,0,0,0,0,0,0,0,0,0,0,0,0,0,0,0,0,0,0,0,0,0,0,0,0,0,0,0,0,0,0,0,0,0,0,0,0,0,0,0,0,0,0,0,0,0,0,0,0,0,0,0,0,0,0,0,0,0,0,0,0,0,0,0,0,0,0,0,0,0,0,0,0,0,0,0,0,0,0,0,0,0,0,0,0,0,0,0,0,0,0,0,0,0,0,0,0,0,0,0,0,0,0,0,0,0,0,0,0,0,0,0,0,0,0,0,0,0,0,0,0,0,0,0,0,0,0,0,0,0,0,0,0,0,0,0,0,0,0,0,0,0,0,0,0,0,0,0,0,0,0,0,0,0,0,0,0,0,0,0,0,0,0,236,-465,-169,59,56,41,16,-14,-42,-68,-88,-94,-79,-45,-2,40,76,99,102,78,35,-18,-65,-98,-118,-107,-63,-5,55,114,139,124,80,21,-49,-109,-143,-144,-97,-24,49,110,144,140,100,31,-60,-144,-183,-170,-109,-16,87,169,209,190,116,0,-119,-221,-268,-244,-154,-14,138,258,313,297,201,33,-146,-295,-384,-375,-258,-70,138,323,435,435,323,128,-114,-334,-471,-492,-393,-182,73,318,484,532,444,241,-27,-287,-479,-551,-487,-294,-23,244,449,541,496,329,77,-195,-410,-519,-498,-352,-113,154,377,498,481,339,123,-121,-330,-454,-452,-323,-109,123,313,422,0,298,85,-141,-319,-418,-400,-266,-60,159,337,421,389,258,52,-172,-347,-430,-404,-266,-49,169,347,446,420,283,80,-155,-345,-439,-432,-317,-106,129,317,425,424,312,120,-100,-282,-384,-386,-294,-142,40,220,337,355,278,144,-20,-177,-277,-299,-243,-124,14,141,222,243,199,106,-14,-119,-186,-197,-150,-68,25,109,164,173,125,43,-41,-115,-157,-155,-115,-42,42,110,145,141,104,42,-33,-102,-136,-136,-101,-45,21,80,116,130,109,60,-1,-54,-92,-107,-91,-51,-12,21,49,70,65,43,16,-12,-32,-43,-43,-31,-9,14,30,38,33,19,-1,-19,-29,-984,-890,0,0,0,0,0,0,0,0,0,0,0,0,0,0,0,0,0,0,0,0,0,0,0,0,0,0,0,0,0,0,0,0,0,0,0,0,0,0,0,0,0,0,0,0,0,0,0,0,0,0,0,0,0,0,0,0,0,0,0,0,0,0,0,0,0,0,0,0,0,0,0,0,0,0,0,0,0,0,0,0,0,0,0,0,0,0,0,0,0,0,0,0,0,0,0,0,0,0,0,0,0,0,0,0,0,0,0,0,0,0,0,0,0,0,0,0,0,0,0,0,0,0,0,0,0,0,0,0,0,0,0,0,0,0,0,0,0,0,0,0,0,0,0,0,0,0,0,0,0,0,0,0,0,0,0,0,0,0,0,0,0,0,0,0,0,0,0,0,0,0,0,0,0,0,0,0,0,0,0,0,0,0,0,0,0,0,0,0,0,0,0,0,0,0,0,0,0,0,0,0,0,0,0,0,0,0,0,0,0,0,0,0,0,0,0,0,0,0,0,0,0,0,0,0,0,0,0,0,0,0,0,0,0,0,0,0,0,0,0,0,0,0,0,0,0,0,0,0,0,0,0,0,0,0,0,0,-351,877,983,28,45,66,85,92,81,58,21,-20,-58,-84,-96,-96,-71,-26,28,73,103,110,94,50,-9,-67,-107,-124,-118,-80,-15,55,108,139,132,90,29,-43,-111,-150,-145,-97,-25,51,116,154,159,108,22,-68,-146,-185,-172,-109,-13,96,188,233,215,140,11,-138,-247,-296,-267,-179,-33,136,279,354,333,231,61,-141,-316,-409,-403,-292,-97,123,327,457,473,363,161,-91,-321,-467,-505,-414,-215,47,305,485,539,467,272,-3,-267,-467,-548,-496,-313,-52,220,434,539,502,343,99,-175,-401,-517,-494,-346,-108,146,352,462,454,333,126,-118,-331,-441,-422,-294,-99,0,319,412,393,270,72,-151,-328,-414,-391,-259,-56,169,342,425,395,255,49,-173,-357,-446,-409,-270,-59,169,354,446,421,287,87,-141,-336,-436,-430,-310,-107,112,293,402,407,303,123,-70,-243,-358,-374,-300,-150,30,193,299,326,256,136,-11,-151,-241,-264,-217,-112,15,130,204,215,172,86,-23,-121,-177,-175,-127,-54,31,116,163,160,116,38,-43,-107,-144,-142,-99,-35,44,112,145,138,101,44,-25,-91,-125,-128,-99,-51,7,59,103,120,103,61,9,-42,-74,-86,-75,-56,-25,13,46,60,53,35,13,-16,-39,-51,-45,-27,-5,14,28,37,37,23,147,449
28983,mtk,MTK 7916,2777885787,rx0-tx0,512,0,0,0,0,0,0,0,0,0,0,0,0,0,0,0,0,0,0,0,0,0,0,0,0,0,0,0,0,0,0,0,0,0,0,0,0,0,0,0,0,0,0,0,0,0,0,0,0,0,0,0,0,0,0,0,0,0,0,0,0,0,0,0,0,0,0,0,0,0,0,0,0,0,0,0,0,0,0,0,0,0,0,0,0,0,0,0,0,0,0,0,0,0,0,0,0,0,0,0,0,0,0,0,0,0,0,0,0,0,0,0,0,0,0,0,0,0,0,0,0,0,0,0,0,0,0,0,0,0,0,0,0,0,0,0,0,0,0,0,0,0,0,0,0,0,0,0,0,0,0,0,0,0,0,0,0,0,0,0,0,0,0,0,0,0,0,0,0,0,0,0,0,0,0,0,0,0,0,0,0,0,0,0,0,0,0,0,0,0,0,0,0,0,0,0,0,0,0,0,0,0,0,0,0,0,0,0,0,0,0,0,0,0,0,0,0,0,0,0,0,0,0,0,0,0,0,0,0,0,0,0,0,0,0,0,0,0,0,0,0,0,0,0,0,0,0,0,0,0,0,0,0,0,0,0,0,-273,-793,-635,-228,-263,-233,-140,-13,129,243,320,360,354,312,228,122,-4,-131,-249,-349,-419,-454,-442,-394,-299,-177,-32,131,287,427,533,591,601,542,439,296,115,-81,-271,-440,-569,-649,-673,-649,-573,-438,-270,-93,97,281,430,555,652,693,687,630,524,389,212,21,-177,-367,-532,-666,-752,-786,-765,-689,-547,-365,-154,70,306,514,686,807,868,869,792,664,482,263,19,-228,-459,-647,-793,-883,-893,-844,-733,-559,-352,-125,106,324,519,671,776,821,811,750,625,467,284,80,-112,-304,-480,-612,-709,-764,-764,-710,-622,-495,-327,-143,50,243,422,573,693,764,803,775,692,572,-1687,203,-16,-228,-437,-629,-772,-866,-894,-869,-785,-632,-445,-210,30,273,507,709,860,949,985,950,851,700,490,239,-29,-310,-568,-789,-975,-1100,-1144,-1109,-988,-801,-542,-231,114,461,768,1038,1244,1338,1341,1243,1030,746,392,5,-401,-777,-1088,-1333,-1460,-1483,-1377,-1167,-864,-489,-63,358,751,1096,1345,1486,1509,1402,1191,885,506,91,-332,-727,-1061,-1303,-1440,-1462,-1369,-1152,-845,-478,-70,349,738,1055,1283,1408,1407,1281,1042,718,329,-82,-486,-835,-1106,-1269,-1314,-1240,-1046,-770,-427,-51,323,656,921,1093,1158,1113,967,731,426,80,-271,-596,-875,-1063,-1125,-1048,-823,-469,-34,406,752,911,-775,-861,0,0,0,0,0,0,0,0,0,0,0,0,0,0,0,0,0,0,0,0,0,0,0,0,0,0,0,0,0,0,0,0,0,0,0,0,0,0,0,0,0,0,0,0,0,0,0,0,0,0,0,0,0,0,0,0,0,0,0,0,0,0,0,0,0,0,0,0,0,0,0,0,0,0,0,0,0,0,0,0,0,0,0,0,0,0,0,0,0,0,0,0,0,0,0,0,0,0,0,0,0,0,0,0,0,0,0,0,0,0,0,0,0,0,0,0,0,0,0,0,0,0,0,0,0,0,0,0,0,0,0,0,0,0,0,0,0,0,0,0,0,0,0,0,0,0,0,0,0,0,0,0,0,0,0,0,0,0,0,0,0,0,0,0,0,0,0,0,0,0,0,0,0,0,0,0,0,0,0,0,0,0,0,0,0,0,0,0,0,0,0,0,0,0,0,0,0,0,0,0,0,0,0,0,0,0,0,0,0,0,0,0,0,0,0,0,0,0,0,0,0,0,0,0,0,0,0,0,0,0,0,0,0,0,0,0,0,0,0,0,0,0,0,0,0,0,0,0,0,0,0,0,0,0,0,0,-1322,383,609,-66,51,182,285,336,324,251,150,25,-102,-218,-310,-372,-398,-381,-333,-249,-142,-8,133,271,390,472,518,517,463,369,232,68,-114,-295,-443,-562,-636,-649,-601,-505,-361,-180,11,201,379,527,623,675,685,627,525,400,233,48,-135,-314,-471,-602,-695,-736,-722,-659,-546,-387,-195,14,226,431,611,739,818,840,805,694,532,323,91,-152,-382,-586,-752,-862,-903,-870,-773,-621,-429,-196,53,285,501,676,794,858,859,799,679,511,307,91,-120,-329,-507,-643,-742,-779,-768,-720,-613,-466,-301,-113,87,276,439,585,688,744,761,733,653,532,368,183,-22,-234,-421,-584,-175,-815,-840,-816,-749,-616,-430,-211,24,240,466,652,803,905,932,899,805,653,453,233,-15,-278,-516,-731,-899,-1011,-1051,-1018,-914,-746,-527,-253,45,347,638,890,1090,1215,1256,1192,1040,812,495,131,-235,-606,-933,-1185,-1367,-1437,-1394,-1230,-981,-641,-248,167,573,935,1229,1433,1511,1458,1306,1044,691,295,-135,-549,-914,-1215,-1413,-1494,-1457,-1297,-1035,-688,-291,122,526,891,1171,1362,1445,1407,1243,974,625,224,-192,-595,-938,-1198,-1347,-1379,-1282,-1072,-763,-387,5,398,739,1007,1181,1235,1174,1011,754,435,83,-272,-590,-854,-1035,-1108,-1069,-927,-689,-361,23,418,773,1020,1111,1000,705,349,-405,-149
28984,mtk,MTK 7916,2777885787,rx0-tx1,512,0,0,0,0,0,0,0,0,0,0,0,0,0,0,0,0,0,0,0,0,0,0,0,0,0,0,0,0,0,0,0,0,0,0,0,0,0,0,0,0,0,0,0,0,0,0,0,0,0,0,0,0,0,0,0,0,0,0,0,0,0,0,0,0,0,0,0,0,0,0,0,0,0,0,0,0,0,0,0,0,0,0,0,0,0,0,0,0,0,0,0,0,0,0,0,0,0,0,0,0,0,0,0,0,0,0,0,0,0,0,0,0,0,0,0,0,0,0,0,0,0,0,0,0,0,0,0,0,0,0,0,0,0,0,0,0,0,0,0,0,0,0,0,0,0,0,0,0,0,0,0,0,0,0,0,0,0,0,0,0,0,0,0,0,0,0,0,0,0,0,0,0,0,0,0,0,0,0,0,0,0,0,0,0,0,0,0,0,0,0,0,0,0,0,0,0,0,0,0,0,0,0,0,0,0,0,0,0,0,0,0,0,0,0,0,0,0,0,0,0,0,0,0,0,0,0,0,0,0,0,0,0,0,0,0,0,0,0,0,0,0,0,0,0,0,0,0,0,0,0,0,0,0,0,0,0,-730,48,-23,222,177,64,-86,-228,-333,-383,-376,-315,-218,-88,63,200,325,423,479,498,460,372,246,83,-96,-279,-441,-568,-651,-674,-636,-537,-376,-172,50,272,484,667,790,842,834,747,594,384,135,-130,-403,-646,-847,-972,-1014,-993,-880,-687,-437,-144,162,457,729,945,1091,1154,1126,1002,795,532,221,-113,-440,-737,-984,-1161,-1247,-1233,-1135,-945,-680,-358,-13,329,656,935,1149,1278,1319,1250,1090,867,556,205,-160,-527,-841,-1105,-1297,-1377,-1356,-1242,-1033,-735,-390,-14,366,717,1012,1244,1376,1408,1332,1156,897,574,202,-182,-539,-874,-1143,-1316,-1392,-1376,-1256,-1050,-756,-420,-55,324,666,963,-546,1361,1399,1336,1190,966,662,310,-53,-431,-778,-1051,-1261,-1382,-1408,-1331,-1155,-900,-576,-207,180,546,885,1173,1369,1463,1449,1331,1118,821,462,57,-358,-735,-1063,-1312,-1468,-1511,-1434,-1250,-983,-650,-251,167,563,917,1194,1381,1477,1456,1320,1086,777,406,24,-361,-723,-1027,-1247,-1374,-1400,-1317,-1149,-896,-578,-220,171,539,859,1121,1299,1373,1348,1207,976,671,309,-73,-455,-807,-1090,-1277,-1370,-1347,-1203,-962,-639,-256,141,536,872,1124,1280,1314,1227,1029,735,377,-7,-379,-703,-952,-1105,-1144,-1074,-914,-662,-358,-43,272,549,768,906,950,909,773,559,281,-33,-358,-638,-831,-898,-814,-579,-295,199,153,0,0,0,0,0,0,0,0,0,0,0,0,0,0,0,0,0,0,0,0,0,0,0,0,0,0,0,0,0,0,0,0,0,0,0,0,0,0,0,0,0,0,0,0,0,0,0,0,0,0,0,0,0,0,0,0,0,0,0,0,0,0,0,0,0,0,0,0,0,0,0,0,0,0,0,0,0,0,0,0,0,0,0,0,0,0,0,0,0,0,0,0,0,0,0,0,0,0,0,0,0,0,0,0,0,0,0,0,0,0,0,0,0,0,0,0,0,0,0,0,0,0,0,0,0,0,0,0,0,0,0,0,0,0,0,0,0,0,0,0,0,0,0,0,0,0,0,0,0,0,0,0,0,0,0,0,0,0,0,0,0,0,0,0,0,0,0,0,0,0,0,0,0,0,0,0,0,0,0,0,0,0,0,0,0,0,0,0,0,0,0,0,0,0,0,0,0,0,0,0,0,0,0,0,0,0,0,0,0,0,0,0,0,0,0,0,0,0,0,0,0,0,0,0,0,0,0,0,0,0,0,0,0,0,0,0,0,0,0,0,0,0,0,0,0,0,0,0,0,0,0,0,0,0,0,0,-128,-231,-238,-102,-216,-306,-326,-277,-170,-31,116,248,350,420,431,397,321,206,69,-88,-244,-383,-493,-561,-581,-541,-444,-301,-118,86,292,479,634,726,761,732,637,479,260,23,-218,-463,-670,-826,-912,-928,-866,-736,-535,-268,10,299,578,811,984,1077,1079,1008,851,622,336,18,-309,-616,-873,-1060,-1180,-1205,-1130,-972,-740,-448,-117,224,553,845,1078,1228,1276,1246,1116,905,621,286,-74,-433,-749,-1022,-1227,-1330,-1346,-1256,-1067,-807,-478,-111,260,614,940,1192,1345,1406,1358,1203,973,661,298,-83,-463,-802,-1088,-1294,-1401,-1396,-1302,-1110,-831,-491,-122,250,615,930,1178,1328,1400,1361,1219,1002,1197,361,-17,-377,-713,-1008,-1233,-1356,-1395,-1341,-1173,-928,-628,-270,104,484,825,1104,1314,1424,1424,1329,1151,881,539,146,-254,-639,-974,-1237,-1418,-1500,-1461,-1312,-1069,-750,-365,54,465,834,1133,1360,1492,1493,1394,1183,886,530,130,-265,-653,-975,-1230,-1388,-1434,-1393,-1245,-995,-673,-312,75,446,780,1061,1259,1377,1383,1274,1074,803,461,89,-297,-660,-963,-1200,-1341,-1373,-1301,-1118,-838,-500,-116,285,661,974,1208,1340,1351,1240,1019,712,346,-49,-439,-783,-1048,-1208,-1249,-1171,-984,-712,-378,-22,320,624,859,993,1032,979,832,611,339,43,-255,-528,-751,-890,-934,-864,-674,-388,-36,315,595,718,-122,-171
28985,mtk,MTK 7916,2777885787,rx1-tx0,512,0,0,0,0,0,0,0,0,0,0,0,0,0,0,0,0,0,0,0,0,0,0,0,0,0,0,0,0,0,0,0,0,0,0,0,0,0,0,0,0,0,0,0,0,0,0,0,0,0,0,0,0,0,0,0,0,0,0,0,0,0,0,0,0,0,0,0,0,0,0,0,0,0,0,0,0,0,0,0,0,0,0,0,0,0,0,0,0,0,0,0,0,0,0,0,0,0,0,0,0,0,0,0,0,0,0,0,0,0,0,0,0,0,0,0,0,0,0,0,0,0,0,0,0,0,0,0,0,0,0,0,0,0,0,0,0,0,0,0,0,0,0,0,0,0,0,0,0,0,0,0,0,0,0,0,0,0,0,0,0,0,0,0,0,0,0,0,0,0,0,0,0,0,0,0,0,0,0,0,0,0,0,0,0,0,0,0,0,0,0,0,0,0,0,0,0,0,0,0,0,0,0,0,0,0,0,0,0,0,0,0,0,0,0,0,0,0,0,0,0,0,0,0,0,0,0,0,0,0,0,0,0,0,0,0,0,0,0,0,0,0,0,0,0,0,0,0,0,0,0,0,0,0,0,0,0,146,26,351,34,105,160,175,157,97,23,-57,-134,-187,-212,-206,-183,-128,-61,15,91,157,208,229,230,202,150,86,10,-73,-144,-194,-224,-233,-213,-175,-118,-57,13,75,123,163,178,174,154,121,86,54,3,-38,-63,-76,-86,-81,-77,-70,-60,-46,-33,-24,-23,-24,-27,-24,-11,-1,11,25,49,77,95,113,123,137,137,112,84,43,2,-64,-130,-179,-225,-252,-258,-248,-209,-152,-71,25,122,213,290,344,367,353,309,234,134,20,-98,-205,-297,-373,-412,-416,-379,-308,-212,-92,25,131,238,331,387,413,404,362,294,198,93,-34,-144,-241,-330,-388,-418,-408,-365,-144,-190,-85,23,141,248,327,372,395,379,332,260,180,74,-29,-130,-227,-300,-335,-342,-335,-303,-245,-168,-84,7,99,180,234,281,302,292,260,219,162,97,23,-55,-115,-175,-221,-245,-261,-250,-226,-180,-124,-70,-6,70,133,191,225,239,242,225,185,138,89,29,-41,-103,-153,-188,-219,-228,-220,-195,-160,-107,-43,13,70,121,161,195,220,228,218,181,138,83,11,-71,-143,-194,-232,-256,-254,-233,-184,-108,-26,51,135,209,252,270,260,225,166,89,3,-87,-158,-214,-238,-250,-228,-178,-116,-31,56,128,174,212,229,206,150,86,2,-89,-162,-202,-190,-157,-842,-598,0,0,0,0,0,0,0,0,0,0,0,0,0,0,0,0,0,0,0,0,0,0,0,0,0,0,0,0,0,0,0,0,0,0,0,0,0,0,0,0,0,0,0,0,0,0,0,0,0,0,0,0,0,0,0,0,0,0,0,0,0,0,0,0,0,0,0,0,0,0,0,0,0,0,0,0,0,0,0,0,0,0,0,0,0,0,0,0,0,0,0,0,0,0,0,0,0,0,0,0,0,0,0,0,0,0,0,0,0,0,0,0,0,0,0,0,0,0,0,0,0,0,0,0,0,0,0,0,0,0,0,0,0,0,0,0,0,0,0,0,0,0,0,0,0,0,0,0,0,0,0,0,0,0,0,0,0,0,0,0,0,0,0,0,0,0,0,0,0,0,0,0,0,0,0,0,0,0,0,0,0,0,0,0,0,0,0,0,0,0,0,0,0,0,0,0,0,0,0,0,0,0,0,0,0,0,0,0,0,0,0,0,0,0,0,0,0,0,0,0,0,0,0,0,0,0,0,0,0,0,0,0,0,0,0,0,0,0,0,0,0,0,0,0,0,0,0,0,0,0,0,0,0,0,0,0,206,1077,1016,125,113,52,-25,-105,-171,-196,-196,-162,-98,-25,48,123,183,219,228,211,172,109,35,-44,-122,-182,-222,-243,-232,-190,-134,-66,7,75,139,183,206,213,185,152,105,48,-9,-62,-95,-112,-128,-133,-117,-95,-73,-47,-19,-4,12,20,29,27,26,24,31,39,55,61,64,68,81,86,76,57,37,13,-21,-69,-117,-152,-178,-198,-205,-189,-149,-102,-29,48,125,199,261,309,325,311,262,186,97,-10,-121,-222,-312,-369,-393,-385,-340,-273,-175,-60,60,179,280,363,408,409,391,346,258,154,34,-85,-193,-289,-355,-403,-415,-382,-329,-247,-145,-33,88,195,147,357,394,404,377,321,237,144,34,-91,-200,-281,-344,-378,-380,-354,-302,-218,-113,-18,74,162,240,290,321,326,299,255,198,127,46,-42,-112,-177,-229,-260,-274,-262,-238,-201,-142,-81,-9,59,119,177,214,243,260,246,209,165,106,49,-17,-85,-144,-183,-213,-236,-235,-209,-169,-123,-64,-3,58,111,155,196,214,219,206,181,138,94,38,-24,-93,-151,-191,-222,-240,-237,-205,-162,-104,-28,48,126,196,246,267,266,240,183,103,19,-64,-142,-207,-248,-269,-255,-212,-145,-66,14,103,165,213,239,234,197,142,79,-11,-100,-163,-204,-226,-205,-146,-57,26,84,690,906
28986,mtk,MTK 7916,2777885787,rx1-tx1,512,0,0,0,0,0,0,0,0,0,0,0,0,0,0,0,0,0,0,0,0,0,0,0,0,0,0,0,0,0,0,0,0,0,0,0,0,0,0,0,0,0,0,0,0,0,0,0,0,0,0,0,0,0,0,0,0,0,0,0,0,0,0,0,0,0,0,0,0,0,0,0,0,0,0,0,0,0,0,0,0,0,0,0,0,0,0,0,0,0,0,0,0,0,0,0,0,0,0,0,0,0,0,0,0,0,0,0,0,0,0,0,0,0,0,0,0,0,0,0,0,0,0,0,0,0,0,0,0,0,0,0,0,0,0,0,0,0,0,0,0,0,0,0,0,0,0,0,0,0,0,0,0,0,0,0,0,0,0,0,0,0,0,0,0,0,0,0,0,0,0,0,0,0,0,0,0,0,0,0,0,0,0,0,0,0,0,0,0,0,0,0,0,0,0,0,0,0,0,0,0,0,0,0,0,0,0,0,0,0,0,0,0,0,0,0,0,0,0,0,0,0,0,0,0,0,0,0,0,0,0,0,0,0,0,0,0,0,0,0,0,0,0,0,0,0,0,0,0,0,0,0,0,0,0,0,0,-411,-344,-644,16,-2,-24,-47,-68,-81,-88,-84,-65,-31,12,47,78,93,92,72,38,-3,-42,-77,-100,-101,-80,-42,0,45,84,104,100,77,41,-1,-42,-70,-82,-84,-61,-23,15,40,53,55,45,22,-4,-24,-29,-19,-10,1,15,28,27,14,-9,-33,-46,-51,-47,-21,19,53,79,92,85,49,-4,-57,-100,-123,-116,-82,-32,34,92,130,143,121,73,10,-61,-126,-156,-156,-123,-61,18,88,135,155,142,92,30,-37,-100,-142,-143,-109,-57,4,63,106,120,107,73,27,-25,-66,-87,-92,-78,-40,2,34,57,72,67,49,25,5,-12,-23,-32,-32,-30,0,-32,-36,-39,-26,-7,9,35,70,101,104,80,42,-9,-77,-134,-170,-169,-132,-66,24,115,177,215,215,166,69,-51,-166,-241,-273,-255,-184,-64,71,195,279,312,272,163,22,-121,-242,-313,-318,-256,-136,16,163,273,321,299,213,78,-75,-210,-292,-305,-254,-149,-13,129,245,300,284,210,87,-57,-184,-274,-299,-257,-153,-20,120,234,292,288,226,108,-31,-166,-253,-291,-273,-192,-67,63,182,262,279,242,157,41,-83,-188,-250,-257,-208,-122,-17,86,167,213,215,167,85,-9,-99,-163,-192,-183,-130,-51,33,112,174,203,197,156,92,14,-69,-135,-173,-192,584,293,0,0,0,0,0,0,0,0,0,0,0,0,0,0,0,0,0,0,0,0,0,0,0,0,0,0,0,0,0,0,0,0,0,0,0,0,0,0,0,0,0,0,0,0,0,0,0,0,0,0,0,0,0,0,0,0,0,0,0,0,0,0,0,0,0,0,0,0,0,0,0,0,0,0,0,0,0,0,0,0,0,0,0,0,0,0,0,0,0,0,0,0,0,0,0,0,0,0,0,0,0,0,0,0,0,0,0,0,0,0,0,0,0,0,0,0,0,0,0,0,0,0,0,0,0,0,0,0,0,0,0,0,0,0,0,0,0,0,0,0,0,0,0,0,0,0,0,0,0,0,0,0,0,0,0,0,0,0,0,0,0,0,0,0,0,0,0,0,0,0,0,0,0,0,0,0,0,0,0,0,0,0,0,0,0,0,0,0,0,0,0,0,0,0,0,0,0,0,0,0,0,0,0,0,0,0,0,0,0,0,0,0,0,0,0,0,0,0,0,0,0,0,0,0,0,0,0,0,0,0,0,0,0,0,0,0,0,0,0,0,0,0,0,0,0,0,0,0,0,0,0,0,0,0,0,0,-92,-1019,-877,65,73,76,69,51,23,-8,-36,-68,-90,-94,-81,-52,-14,27,65,88,96,88,64,23,-22,-64,-93,-101,-92,-67,-24,24,62,85,92,78,48,10,-21,-51,-70,-65,-46,-23,4,29,44,42,28,10,-6,-21,-19,-13,-1,13,32,35,20,2,-20,-46,-57,-60,-55,-30,14,59,91,110,104,64,5,-49,-97,-130,-135,-111,-61,5,75,127,151,145,102,35,-34,-100,-151,-158,-130,-80,-9,63,117,144,142,105,41,-29,-85,-122,-132,-116,-70,-7,48,87,108,107,83,36,-8,-51,-78,-85,-71,-43,-15,7,32,54,54,44,35,16,3,3,0,0,-16,-33,-45,-64,-67,-59,-34,-4,40,88,121,127,119,88,18,-53,-122,-182,-201,-175,-116,-33,70,167,239,257,217,122,2,-125,-228,-284,-288,-232,-114,29,169,269,315,294,205,68,-81,-208,-300,-327,-288,-178,-30,120,242,313,312,244,123,-24,-162,-264,-305,-278,-182,-47,92,217,284,286,222,116,-24,-159,-256,-293,-268,-188,-68,78,204,287,303,249,147,19,-116,-231,-293,-292,-229,-123,6,130,221,266,258,194,91,-22,-129,-203,-230,-211,-154,-64,37,128,189,208,173,103,16,-70,-142,-182,-190,-157,-94,-12,75,154,202,222,210,173,115,41,-872,-1014
28987,mtk,MTK 7916,2777885787,rx2-tx0,512,0,0,0,0,0,0,0,0,0,0,0,0,0,0,0,0,0,0,0,0,0,0,0,0,0,0,0,0,0,0,0,0,0,0,0,0,0,0,0,0,0,0,0,0,0,0,0,0,0,0,0,0,0,0,0,0,0,0,0,0,0,0,0,0,0,0,0,0,0,0,0,0,0,0,0,0,0,0,0,0,0,0,0,0,0,0,0,0,0,0,0,0,0,0,0,0,0,0,0,0,0,0,0,0,0,0,0,0,0,0,0,0,0,0,0,0,0,0,0,0,0,0,0,0,0,0,0,0,0,0,0,0,0,0,0,0,0,0,0,0,0,0,0,0,0,0,0,0,0,0,0,0,0,0,0,0,0,0,0,0,0,0,0,0,0,0,0,0,0,0,0,0,0,0,0,0,0,0,0,0,0,0,0,0,0,0,0,0,0,0,0,0,0,0,0,0,0,0,0,0,0,0,0,0,0,0,0,0,0,0,0,0,0,0,0,0,0,0,0,0,0,0,0,0,0,0,0,0,0,0,0,0,0,0,0,0,0,0,0,0,0,0,0,0,0,0,0,0,0,0,0,0,0,0,0,0,-136,95,-258,-53,-75,-87,-92,-83,-59,-28,3,37,69,88,90,78,52,17,-19,-49,-73,-85,-81,-66,-39,-5,29,57,73,76,72,55,31,5,-22,-49,-67,-77,-76,-67,-45,-17,18,58,93,110,106,86,45,-11,-69,-122,-153,-149,-117,-53,28,108,169,198,182,122,28,-75,-167,-226,-239,-198,-105,22,151,247,289,260,169,32,-122,-257,-333,-331,-251,-107,70,243,369,402,341,201,7,-202,-369,-449,-426,-308,-112,122,329,466,491,402,220,-15,-256,-442,-526,-483,-328,-96,163,387,517,525,409,199,-67,-317,-490,-548,-473,-277,-22,241,447,549,519,363,117,-157,0,-542,-553,-432,-204,70,337,533,593,504,298,19,-263,-488,-601,-577,-408,-142,164,432,598,628,504,271,-32,-330,-561,-660,-604,-408,-125,190,460,624,649,524,280,-13,-307,-541,-651,-600,-423,-159,138,400,571,608,520,321,56,-214,-427,-537,-529,-406,-200,45,261,410,469,422,281,86,-114,-284,-380,-389,-309,-169,4,167,284,329,299,209,75,-72,-195,-268,-282,-228,-126,-5,116,213,256,237,166,66,-46,-148,-218,-237,-206,-135,-38,67,158,216,230,198,125,31,-67,-151,-209,-221,-194,-134,-51,42,130,185,207,199,156,91,13,-70,-139,-185,-202,-195,-169,-124,993,753,0,0,0,0,0,0,0,0,0,0,0,0,0,0,0,0,0,0,0,0,0,0,0,0,0,0,0,0,0,0,0,0,0,0,0,0,0,0,0,0,0,0,0,0,0,0,0,0,0,0,0,0,0,0,0,0,0,0,0,0,0,0,0,0,0,0,0,0,0,0,0,0,0,0,0,0,0,0,0,0,0,0,0,0,0,0,0,0,0,0,0,0,0,0,0,0,0,0,0,0,0,0,0,0,0,0,0,0,0,0,0,0,0,0,0,0,0,0,0,0,0,0,0,0,0,0,0,0,0,0,0,0,0,0,0,0,0,0,0,0,0,0,0,0,0,0,0,0,0,0,0,0,0,0,0,0,0,0,0,0,0,0,0,0,0,0,0,0,0,0,0,0,0,0,0,0,0,0,0,0,0,0,0,0,0,0,0,0,0,0,0,0,0,0,0,0,0,0,0,0,0,0,0,0,0,0,0,0,0,0,0,0,0,0,0,0,0,0,0,0,0,0,0,0,0,0,0,0,0,0,0,0,0,0,0,0,0,0,0,0,0,0,0,0,0,0,0,0,0,0,0,0,0,0,0,0,1335,-1127,-1106,46,27,5,-21,-48,-74,-90,-93,-82,-62,-28,9,42,67,81,81,67,40,7,-24,-52,-75,-83,-74,-57,-33,1,32,52,64,70,68,56,37,11,-26,-54,-73,-90,-96,-81,-56,-16,35,83,118,133,121,83,24,-48,-116,-161,-174,-148,-90,-3,94,167,207,207,157,63,-55,-165,-243,-263,-224,-127,4,144,260,318,300,212,71,-98,-254,-354,-368,-300,-160,26,217,364,428,388,254,56,-159,-346,-461,-463,-355,-159,78,301,464,523,449,268,27,-219,-420,-524,-509,-378,-154,116,354,503,539,447,244,-18,-274,-469,-545,-493,-322,-69,200,421,541,529,0,151,-126,-372,-527,-576,-475,-251,33,302,510,601,542,352,80,-216,-466,-604,-598,-457,-202,102,386,575,633,548,338,40,-270,-519,-646,-631,-471,-205,105,393,593,661,587,373,79,-231,-485,-624,-618,-480,-246,37,306,497,573,519,357,132,-121,-342,-487,-517,-424,-249,-28,191,354,432,415,305,136,-58,-226,-336,-373,-324,-199,-43,110,234,297,292,221,104,-32,-155,-235,-261,-226,-145,-34,85,184,236,233,188,100,-9,-116,-199,-237,-227,-171,-79,27,123,197,225,213,166,89,-12,-105,-171,-207,-209,-175,-107,-18,70,136,183,205,201,166,108,40,-26,-79,-126,-599,-866
28988,mtk,MTK 7916,2777885787,rx2-tx1,512,0,0,0,0,0,0,0,0,0,0,0,0,0,0,0,0,0,0,0,0,0,0,0,0,0,0,0,0,0,0,0,0,0,0,0,0,0,0,0,0,0,0,0,0,0,0,0,0,0,0,0,0,0,0,0,0,0,0,0,0,0,0,0,0,0,0,0,0,0,0,0,0,0,0,0,0,0,0,0,0,0,0,0,0,0,0,0,0,0,0,0,0,0,0,0,0,0,0,0,0,0,0,0,0,0,0,0,0,0,0,0,0,0,0,0,0,0,0,0,0,0,0,0,0,0,0,0,0,0,0,0,0,0,0,0,0,0,0,0,0,0,0,0,0,0,0,0,0,0,0,0,0,0,0,0,0,0,0,0,0,0,0,0,0,0,0,0,0,0,0,0,0,0,0,0,0,0,0,0,0,0,0,0,0,0,0,0,0,0,0,0,0,0,0,0,0,0,0,0,0,0,0,0,0,0,0,0,0,0,0,0,0,0,0,0,0,0,0,0,0,0,0,0,0,0,0,0,0,0,0,0,0,0,0,0,0,0,0,0,0,0,0,0,0,0,0,0,0,0,0,0,0,0,0,0,0,236,-465,-169,-37,-51,-71,-84,-91,-86,-66,-28,8,47,77,94,93,78,44,1,-45,-87,-111,-112,-91,-41,16,65,107,126,110,73,19,-43,-99,-133,-137,-104,-47,17,77,128,144,122,72,1,-75,-127,-156,-140,-86,-10,76,154,196,178,112,19,-84,-177,-230,-221,-155,-48,83,198,271,280,227,112,-42,-193,-296,-341,-310,-194,-15,160,314,403,400,298,118,-98,-291,-418,-451,-388,-230,0,232,406,484,453,316,104,-147,-358,-488,-509,-420,-221,22,259,439,517,467,313,85,-162,-361,-475,-488,-380,-177,62,279,427,472,394,232,16,-202,-366,-430,-391,-265,-77,136,0,398,388,272,89,-104,-269,-374,-380,-283,-124,65,250,376,402,322,162,-35,-227,-359,-400,-354,-227,-29,181,338,407,386,281,107,-99,-271,-372,-397,-329,-181,13,200,333,376,334,217,55,-119,-252,-325,-319,-242,-112,41,172,257,277,235,133,7,-111,-190,-218,-195,-120,-19,77,141,170,156,99,21,-68,-132,-156,-140,-90,-15,59,110,136,129,85,18,-46,-103,-138,-135,-98,-45,19,79,122,133,113,67,11,-46,-91,-110,-104,-76,-27,22,64,92,92,71,39,1,-33,-58,-71,-65,-40,-9,23,51,57,45,27,2,-21,-40,-61,-64,-55,-38,-14,16,-984,-890,0,0,0,0,0,0,0,0,0,0,0,0,0,0,0,0,0,0,0,0,0,0,0,0,0,0,0,0,0,0,0,0,0,0,0,0,0,0,0,0,0,0,0,0,0,0,0,0,0,0,0,0,0,0,0,0,0,0,0,0,0,0,0,0,0,0,0,0,0,0,0,0,0,0,0,0,0,0,0,0,0,0,0,0,0,0,0,0,0,0,0,0,0,0,0,0,0,0,0,0,0,0,0,0,0,0,0,0,0,0,0,0,0,0,0,0,0,0,0,0,0,0,0,0,0,0,0,0,0,0,0,0,0,0,0,0,0,0,0,0,0,0,0,0,0,0,0,0,0,0,0,0,0,0,0,0,0,0,0,0,0,0,0,0,0,0,0,0,0,0,0,0,0,0,0,0,0,0,0,0,0,0,0,0,0,0,0,0,0,0,0,0,0,0,0,0,0,0,0,0,0,0,0,0,0,0,0,0,0,0,0,0,0,0,0,0,0,0,0,0,0,0,0,0,0,0,0,0,0,0,0,0,0,0,0,0,0,0,0,0,0,0,0,0,0,0,0,0,0,0,0,0,0,0,0,0,-351,877,983,59,53,40,16,-13,-39,-68,-89,-92,-83,-60,-25,23,58,87,104,96,64,24,-28,-75,-110,-121,-100,-51,2,57,110,133,126,93,37,-34,-91,-132,-138,-113,-57,13,88,138,155,136,82,1,-81,-143,-174,-157,-97,-7,86,173,210,192,131,41,-76,-183,-247,-252,-190,-79,65,209,298,321,273,145,-17,-185,-322,-379,-356,-246,-72,129,303,417,424,329,162,-45,-265,-424,-484,-429,-271,-46,184,381,493,486,366,161,-82,-305,-465,-516,-447,-269,-25,217,410,511,489,349,132,-112,-322,-450,-476,-393,-211,18,236,394,446,391,253,58,-160,-333,-413,-390,0,-87,117,295,384,373,277,110,-88,-267,-375,-385,-299,-142,52,230,364,407,343,189,1,-194,-345,-415,-376,-256,-72,127,297,387,387,299,144,-47,-227,-351,-387,-337,-199,-22,149,275,341,328,237,91,-72,-213,-293,-299,-237,-123,15,145,226,249,209,129,22,-87,-170,-194,-170,-112,-26,70,140,164,150,99,22,-59,-118,-144,-134,-90,-19,52,112,146,137,96,34,-37,-98,-131,-138,-112,-61,4,67,109,123,109,74,15,-44,-86,-104,-100,-75,-38,10,48,70,80,68,38,10,-25,-54,-59,-55,-38,-5,26,40,50,48,34,12,-9,-34,-55,-66,-67,147,449
28989,mtk,MTK 7916,2777915603,rx0-tx0,512,-1687,1099,971,342,363,382,381,356,323,269,209,138,53,-36,-119,-200,-279,-345,-399,-434,-449,-445,-417,-361,-295,-205,-98,16,132,247,351,439,497,537,556,535,492,412,309,193,65,-71,-205,-324,-426,-508,-565,-594,-591,-554,-493,-405,-297,-185,-55,71,197,317,417,509,573,610,624,602,557,486,387,272,148,-1,-154,-301,-438,-564,-660,-722,-750,-742,-701,-607,-491,-335,-160,22,221,408,579,720,828,893,904,863,781,648,472,269,44,-177,-397,-599,-763,-893,-964,-983,-954,-861,-721,-549,-340,-115,125,355,565,734,865,952,987,970,899,777,613,416,197,-33,-264,-483,-670,-828,-273,-990,-999,-956,-856,-704,-527,-313,-76,162,388,601,791,932,1018,1054,1026,957,823,644,423,173,-90,-345,-583,-796,-962,-1075,-1129,-1117,-1043,-915,-731,-492,-230,54,340,602,829,1017,1156,1216,1206,1127,993,785,521,236,-63,-369,-647,-901,-1092,-1221,-1271,-1242,-1135,-957,-732,-454,-146,177,476,740,963,1124,1200,1213,1152,997,796,553,281,-11,-299,-553,-765,-916,-1015,-1047,-1010,-913,-766,-577,-350,-116,116,328,526,669,774,823,825,783,679,545,384,212,21,-160,-331,-473,-591,-662,-683,-667,-597,-489,-350,-189,-13,161,322,455,546,595,581,504,386,231,53,-111,-253,-350,-384,-345,1060,1139,-546,538,247,-134,-213,-275,-304,-290,-239,-159,-52,65,166,250,324,366,370,351,303,234,144,50,-51,-151,-242,-316,-372,-407,-420,-401,-353,-280,-197,-96,15,130,246,339,424,474,504,499,457,375,275,161,22,-120,-249,-367,-458,-525,-561,-557,-510,-425,-327,-203,-72,62,190,303,403,475,513,525,505,446,371,283,187,63,-54,-166,-267,-356,-425,-468,-485,-480,-437,-372,-296,-194,-86,16,130,237,328,390,423,445,436,397,343,266,183,90,1,-90,-183,-254,-304,-345,-372,-364,-355,-311,-267,-198,-119,-48,25,98,162,218,251,280,292,286,273,256,222,186,137,86,34,-28,-730,-135,-191,-237,-278,-299,-319,-316,-291,-259,-200,-134,-63,28,109,184,258,317,354,368,358,330,287,225,152,74,-11,-91,-160,-216,-263,-291,-298,-294,-284,-260,-223,-184,-133,-84,-32,22,71,116,166,213,241,265,283,290,278,263,231,185,124,63,-7,-83,-161,-230,-287,-336,-361,-368,-357,-323,-289,-229,-140,-58,29,115,195,266,323,362,384,376,361,322,273,214,132,53,-28,-109,-182,-256,-310,-349,-371,-383,-371,-336,-294,-235,-155,-75,11,101,180,249,316,365,386,396,382,343,293,227,149,65,-24,-111,-186,-256,-308,-347,-365,-375,-364,-332,-281,-226,-159,-82,1167,1014,-175,-355,-609,184,108,34,-54,-132,-209,-277,-332,-379,-406,-407,-395,-371,-325,-261,-181,-88,12,115,217,305,382,450,492,510,501,468,404,311,201,93,-39,-168,-291,-399,-480,-541,-578,-585,-555,-495,-411,-306,-183,-50,87,214,331,434,506,559,587,582,561,506,429,336,217,98,-34,-169,-299,-420,-524,-595,-653,-677,-665,-618,-549,-453,-319,-167,5,175,347,506,635,744,802,831,818,754,643,494,319,119,-98,-306,-502,-678,-813,-911,-948,-936,-878,-765,-609,-411,-192,32,267,494,684,829,931,984,984,928,820,663,479,261,34,-196,-411,-610,-777,-902,-975,-992,-959,-869,-738,-568,-1322,-136,95,323,540,724,871,978,1028,1015,950,840,678,473,246,-2,-243,-479,-696,-869,-1002,-1076,-1089,-1044,-945,-791,-578,-333,-66,204,464,695,900,1051,1148,1183,1135,1025,857,643,380,89,-203,-478,-735,-966,-1130,-1224,-1253,-1200,-1082,-893,-646,-363,-50,260,564,823,1039,1186,1256,1250,1152,998,780,508,216,-84,-387,-654,-866,-1026,-1119,-1140,-1083,-969,-790,-568,-319,-52,206,442,637,799,900,935,911,845,721,558,369,165,-29,-230,-412,-555,-661,-729,-750,-715,-640,-526,-387,-216,-43,134,301,441,553,621,643,612,532,413,263,92,-94,-261,-394,-487,-516,-479,-392,-259,-102,34,467,199,1197,-1160,-1248,-214,-161,-78,23,135,229,304,350,353,315,258,177,71,-32,-133,-227,-304,-358,-381,-381,-360,-317,-253,-164,-66,38,139,238,321,390,436,451,441,398,335,244,130,5,-128,-253,-364,-448,-514,-547,-533,-493,-416,-312,-184,-41,105,240,354,445,522,554,551,504,436,346,234,111,-13,-137,-247,-337,-408,-471,-503,-500,-471,-415,-340,-243,-133,-22,95,209,299,379,441,457,463,439,390,323,230,135,34,-75,-167,-256,-325,-371,-402,-405,-398,-354,-300,-231,-159,-62,19,99,176,235,290,314,325,332,314,283,229,174,116,49,-13,-73,-132,-180,-217,-251,-266,-278,-275,-128,-253,-219,-177,-124,-64,-1,79,146,210,273,313,348,361,342,311,261,192,112,24,-66,-146,-219,-280,-321,-345,-347,-325,-288,-239,-182,-115,-49,10,67,125,169,209,236,252,268,268,257,239,219,182,134,84,31,-34,-90,-149,-207,-262,-296,-320,-328,-329,-307,-267,-213,-147,-67,14,102,176,240,314,353,372,381,367,331,277,209,136,48,-36,-121,-202,-260,-315,-351,-364,-369,-350,-326,-284,-222,-151,-70,12,99,168,234,303,355,382,394,381,345,298,237,156,67,-16,-113,-192,-265,-323,-362,-389,-392,-373,-338,-286,-226,-144,-62,16,92,173,242,298,339,356,-520,-778
28990,mtk,MTK 7916,2777915603,rx0-tx1,512,-144,-311,-116,718,529,323,95,-136,-356,-569,-748,-892,-994,-1046,-1048,-999,-896,-749,-567,-348,-115,120,366,585,772,932,1038,1093,1093,1043,938,779,590,365,114,-133,-381,-604,-804,-966,-1073,-1136,-1143,-1081,-974,-806,-611,-368,-110,153,406,639,842,1003,1109,1165,1167,1096,977,816,603,376,122,-139,-396,-629,-829,-987,-1101,-1161,-1162,-1104,-1005,-844,-642,-416,-167,105,365,614,825,1005,1123,1194,1202,1152,1044,878,665,418,142,-140,-419,-676,-899,-1074,-1188,-1249,-1235,-1163,-1022,-826,-587,-318,-20,265,533,765,961,1104,1179,1197,1149,1041,881,673,438,183,-79,-333,-564,-768,-930,-1032,-1088,-1090,-1035,-930,146,-594,-375,-140,105,344,559,752,897,1004,1060,1060,1011,907,752,559,338,100,-154,-396,-610,-810,-957,-1052,-1092,-1081,-1010,-874,-701,-486,-243,10,272,517,722,897,1031,1098,1118,1073,976,813,613,380,124,-141,-396,-639,-838,-996,-1109,-1160,-1131,-1047,-899,-699,-465,-203,74,343,594,824,996,1101,1157,1143,1049,904,703,453,185,-95,-363,-607,-804,-960,-1050,-1066,-1020,-911,-753,-556,-326,-87,146,371,562,719,822,868,866,809,710,568,391,198,7,-176,-351,-495,-610,-675,-701,-679,-621,-517,-379,-223,-48,121,274,404,508,564,574,538,451,329,176,12,-140,-268,-351,-379,-360,-289,-735,-626,0,576,592,-357,-399,-387,-313,-189,-33,138,297,426,509,553,545,493,388,265,122,-35,-185,-321,-434,-527,-584,-608,-590,-541,-457,-337,-194,-42,114,273,416,540,636,709,731,708,648,559,422,246,63,-131,-336,-529,-684,-812,-903,-933,-897,-820,-680,-491,-274,-23,226,461,681,861,979,1046,1046,992,871,697,490,254,1,-263,-510,-714,-889,-1009,-1078,-1075,-1020,-906,-737,-531,-293,-35,220,460,679,846,969,1041,1054,1012,906,759,573,362,128,-105,-333,-537,-724,-859,-953,-1005,-1000,-940,-841,-695,-511,-298,-76,149,373,570,744,877,977,1020,1008,948,842,689,504,286,44,-195,-430,-647,-411,-984,-1072,-1113,-1106,-1030,-904,-724,-496,-240,32,308,572,799,995,1136,1217,1243,1192,1071,898,675,393,103,-202,-483,-746,-972,-1147,-1250,-1293,-1263,-1161,-997,-794,-537,-250,36,329,606,839,1028,1163,1236,1257,1200,1096,935,724,476,210,-65,-333,-589,-824,-1003,-1137,-1220,-1236,-1201,-1094,-926,-724,-490,-221,47,322,580,813,1000,1152,1232,1252,1215,1108,946,734,483,209,-84,-359,-621,-857,-1032,-1162,-1245,-1245,-1190,-1072,-896,-676,-421,-146,139,408,654,871,1035,1141,1194,1177,1103,988,801,584,344,74,-188,-440,-667,-846,-995,-1087,-1121,-1103,-1024,-892,-712,-508,-280,-39,198,422,626,792,919,-226,91,147,809,860,-740,-881,-978,-1030,-1020,-972,-872,-722,-550,-342,-111,128,358,570,752,903,1014,1061,1072,1020,907,758,577,354,121,-125,-363,-595,-786,-936,-1055,-1105,-1113,-1058,-952,-795,-595,-365,-125,137,383,614,817,981,1107,1160,1157,1089,973,810,603,373,123,-148,-412,-640,-847,-997,-1099,-1155,-1154,-1101,-983,-824,-618,-388,-133,124,372,608,822,987,1096,1171,1180,1134,1025,870,663,422,167,-105,-371,-626,-854,-1034,-1162,-1230,-1234,-1175,-1048,-871,-641,-384,-103,190,465,717,936,1094,1202,1239,1205,1114,958,754,510,243,-33,-307,-557,-777,-954,-1077,-1139,-1144,-1083,-974,-814,-613,-390,-156,94,339,561,206,902,1004,1058,1060,1009,911,764,574,357,116,-126,-359,-581,-774,-925,-1027,-1082,-1079,-1007,-901,-740,-528,-295,-48,198,449,668,852,993,1082,1111,1084,990,852,666,431,182,-73,-329,-574,-787,-946,-1061,-1119,-1120,-1063,-950,-768,-555,-312,-43,231,486,723,911,1051,1138,1159,1108,1001,830,597,343,76,-211,-475,-710,-910,-1048,-1122,-1125,-1060,-932,-745,-528,-268,-2,257,494,690,843,941,978,956,869,736,569,368,157,-58,-259,-437,-589,-702,-757,-773,-747,-671,-551,-402,-230,-55,122,289,437,541,610,640,616,553,450,311,152,-9,-168,-312,-421,-487,-495,-451,-366,-239,-100,38,153,424,578,0,-174,156,-98,39,194,337,445,503,502,442,332,192,32,-132,-288,-414,-502,-565,-577,-551,-487,-397,-274,-134,14,165,305,435,538,606,645,653,617,541,428,298,139,-40,-217,-384,-534,-672,-764,-813,-827,-783,-678,-537,-368,-164,65,294,507,708,855,961,1013,992,918,785,596,374,128,-127,-376,-612,-802,-945,-1037,-1071,-1044,-948,-806,-622,-398,-142,116,367,601,791,941,1040,1083,1055,973,829,642,434,200,-46,-293,-521,-710,-866,-973,-1023,-1020,-964,-864,-714,-526,-329,-102,136,357,558,732,866,954,991,992,937,831,683,497,287,58,-168,-388,-601,-781,-916,-1013,-1056,-1047,-984,-865,-92,-509,-277,-29,234,488,711,910,1061,1150,1178,1152,1056,908,708,460,189,-98,-392,-656,-882,-1078,-1208,-1276,-1272,-1197,-1054,-843,-594,-313,-23,278,560,805,1012,1172,1255,1280,1245,1131,958,746,494,224,-62,-343,-603,-835,-1020,-1149,-1223,-1239,-1193,-1091,-926,-715,-476,-204,63,327,584,812,997,1138,1217,1237,1200,1100,942,736,498,219,-55,-333,-596,-830,-1026,-1166,-1251,-1259,-1203,-1097,-926,-706,-465,-184,111,383,647,866,1044,1161,1224,1219,1154,1028,852,632,386,114,-167,-421,-662,-869,-1022,-1126,-1167,-1139,-1067,-930,-757,-546,-298,-52,198,434,645,821,953,1045,1076,1049,974,854,688,489,-538,-589
28991,mtk,MTK 7916,2777915603,rx1-tx0,512,0,-102,270,-788,-696,-584,-448,-283,-115,56,228,385,520,649,737,787,804,782,725,632,508,368,201,25,-152,-332,-490,-634,-747,-822,-862,-865,-827,-753,-623,-464,-287,-82,124,324,523,704,841,935,994,1006,968,872,724,543,336,97,-152,-387,-620,-816,-987,-1115,-1176,-1185,-1115,-990,-811,-580,-318,-26,272,554,812,1027,1192,1298,1326,1276,1162,975,731,444,137,-183,-480,-765,-1005,-1183,-1297,-1340,-1309,-1207,-1040,-820,-551,-261,48,346,636,878,1071,1209,1284,1297,1221,1097,909,669,386,95,-207,-488,-752,-970,-1127,-1222,-1259,-1225,-1119,-949,-728,-468,-188,103,391,657,868,1033,1146,1193,1175,1095,-136,742,507,255,-23,-278,-524,-745,-920,-1040,-1092,-1093,-1033,-918,-758,-550,-317,-63,185,424,630,796,924,1002,1010,972,883,738,562,347,120,-94,-304,-513,-673,-800,-876,-900,-878,-813,-705,-559,-395,-206,-10,182,363,514,635,724,772,784,759,692,580,459,312,150,-18,-196,-348,-473,-593,-679,-723,-740,-718,-654,-545,-405,-265,-88,88,253,418,555,655,715,736,707,645,538,404,251,70,-105,-269,-413,-526,-617,-659,-643,-614,-543,-432,-303,-153,-3,143,274,385,478,537,553,537,482,390,272,147,4,-125,-246,-354,-422,-459,-454,-409,-324,-211,-83,44,153,240,280,283,242,-679,-661,0,305,-265,47,131,205,257,283,269,223,155,70,-25,-126,-204,-271,-313,-327,-321,-298,-253,-186,-116,-34,55,133,213,274,317,353,360,363,338,298,239,156,73,-33,-142,-244,-345,-430,-486,-518,-522,-499,-434,-341,-221,-81,68,222,368,491,598,662,683,670,617,524,395,241,72,-117,-297,-462,-602,-709,-774,-792,-773,-700,-585,-436,-277,-72,147,337,514,677,795,874,903,877,803,671,502,307,80,-140,-363,-575,-740,-868,-952,-974,-935,-854,-717,-540,-326,-88,143,372,595,767,894,965,994,968,871,736,564,345,115,-119,-354,-560,-726,-865,-957,-987,-965,-880,-764,-599,-402,-192,236,265,472,652,803,922,982,985,939,844,713,539,331,104,-131,-361,-565,-756,-899,-990,-1034,-1028,-954,-830,-670,-471,-229,13,255,489,698,865,986,1042,1074,1034,932,792,604,391,155,-90,-331,-557,-750,-911,-1029,-1100,-1103,-1051,-943,-787,-590,-369,-113,144,402,645,845,1000,1114,1164,1150,1078,950,773,548,288,11,-258,-521,-758,-942,-1091,-1179,-1196,-1155,-1044,-878,-659,-410,-153,126,394,632,845,1009,1114,1159,1131,1051,919,734,513,266,12,-248,-482,-682,-850,-974,-1039,-1057,-1018,-917,-771,-583,-381,-155,80,301,504,680,824,909,952,941,876,781,639,470,278,78,-124,-314,-477,977,1041,0,-688,-640,262,425,560,675,755,795,802,770,697,600,474,313,150,-20,-187,-348,-498,-619,-723,-791,-810,-804,-762,-682,-573,-425,-254,-69,127,316,498,662,786,878,928,922,885,809,684,514,320,105,-125,-349,-567,-750,-903,-1013,-1080,-1079,-1028,-932,-782,-590,-350,-89,184,451,697,912,1085,1210,1266,1247,1159,1009,789,531,236,-75,-385,-673,-922,-1121,-1263,-1339,-1329,-1249,-1107,-891,-645,-362,-51,263,563,824,1045,1200,1292,1316,1274,1156,970,746,480,191,-122,-419,-684,-917,-1100,-1223,-1281,-1275,-1194,-1046,-831,-575,-296,-6,295,574,824,1022,1149,1219,1222,1164,1028,844,624,359,72,-209,-473,1335,-890,-1035,-1117,-1141,-1093,-1006,-853,-649,-403,-147,109,361,588,778,928,1024,1064,1041,957,818,646,441,204,-35,-260,-473,-657,-806,-913,-959,-945,-898,-792,-644,-474,-268,-55,149,345,518,657,765,824,838,810,742,637,500,336,164,-16,-188,-357,-487,-595,-680,-725,-744,-723,-653,-568,-447,-294,-135,25,193,359,508,611,684,737,729,692,612,493,344,182,1,-182,-346,-487,-583,-659,-700,-688,-636,-547,-431,-294,-122,37,192,340,457,539,594,601,573,513,430,311,167,21,-115,-249,-361,-441,-493,-504,-477,-424,-333,-213,-81,51,174,280,355,389,378,330,240,132,20,-69,140,-235,0,1007,1024,211,198,149,75,-17,-119,-206,-274,-312,-323,-301,-255,-193,-105,-18,69,149,225,279,313,338,338,324,292,229,163,76,-5,-87,-176,-253,-332,-383,-423,-450,-435,-398,-334,-245,-143,-33,89,226,357,463,544,594,613,588,521,434,316,159,-10,-182,-350,-496,-615,-693,-740,-748,-701,-610,-484,-330,-156,28,222,408,570,692,790,854,840,782,703,561,387,182,-35,-246,-453,-634,-776,-878,-932,-923,-875,-767,-610,-420,-197,43,266,478,672,825,932,982,967,913,797,634,433,215,-8,-252,-476,-670,-828,-931,-981,-985,-935,-820,-667,-477,-254,-24,208,420,606,774,886,966,-351,953,870,739,571,364,137,-93,-312,-511,-694,-847,-955,-1011,-1012,-951,-849,-702,-510,-287,-58,196,436,648,816,956,1035,1053,1028,945,807,624,408,187,-47,-306,-535,-734,-895,-1004,-1072,-1080,-1041,-937,-785,-596,-377,-138,114,361,594,792,950,1065,1124,1122,1065,946,782,584,346,74,-197,-457,-692,-896,-1056,-1153,-1186,-1159,-1077,-920,-730,-496,-224,53,324,585,813,998,1116,1176,1184,1111,989,819,596,349,79,-194,-443,-673,-862,-1004,-1084,-1114,-1084,-988,-847,-664,-444,-205,33,276,500,691,835,938,1006,1004,948,845,705,523,321,113,-105,-312,-501,-667,-784,-861,-890,-882,-820,-721,-391,185
28992,mtk,MTK 7916,2777915603,rx1-tx1,512,0,0,0,472,711,735,529,169,-241,-581,-739,-671,-402,-11,384,660,736,585,259,-149,-516,-721,-705,-471,-88,323,630,746,637,325,-94,-488,-729,-744,-537,-164,272,626,784,699,404,-18,-436,-730,-797,-611,-232,219,609,817,772,485,45,-415,-754,-863,-708,-336,147,593,865,876,617,172,-333,-754,-945,-848,-496,7,505,861,963,776,364,-158,-636,-922,-927,-666,-209,310,727,924,840,498,8,-468,-791,-882,-706,-316,158,585,832,811,545,117,-341,-686,-820,-694,-353,85,498,758,780,563,163,-288,-645,-805,-718,-418,15,447,740,806,623,245,-204,-595,-804,-768,-495,-71,374,711,0,705,355,-107,-546,-818,-842,-614,-195,287,691,891,822,505,31,-461,-823,-945,-777,-376,138,621,927,967,721,247,-309,-781,-1023,-967,-626,-100,462,890,1059,932,527,-49,-607,-984,-1074,-841,-359,223,753,1061,1058,737,199,-400,-893,-1114,-1015,-611,-16,584,1023,1173,971,483,-142,-745,-1145,-1210,-930,-380,284,872,1213,1224,894,311,-365,-934,-1248,-1217,-844,-254,401,941,1217,1151,770,190,-430,-922,-1151,-1058,-690,-145,424,860,1051,951,597,92,-417,-798,-947,-835,-506,-50,403,727,851,746,442,36,-364,-661,-786,-708,-450,-92,275,574,724,701,528,259,-43,-311,-494,-561,-519,-389,0,0,0,0,0,-283,-194,-57,125,310,452,512,464,304,59,-212,-447,-592,-597,-451,-192,129,425,621,668,538,260,-105,-450,-682,-737,-588,-280,117,496,741,790,620,280,-141,-541,-805,-849,-642,-247,207,618,871,889,652,223,-268,-687,-929,-907,-626,-171,335,757,966,907,592,113,-397,-794,-965,-863,-512,-25,465,817,925,769,401,-87,-538,-823,-856,-639,-243,227,624,836,786,499,66,-383,-711,-826,-699,-353,99,517,782,815,600,202,-255,-644,-844,-786,-491,-54,408,748,872,740,383,-83,-520,-821,-881,-670,-282,190,617,859,850,591,163,-313,-684,-845,-764,-464,-34,405,712,796,650,0,-134,-518,-741,-738,-505,-120,299,629,763,657,354,-64,-466,-725,-758,-564,-192,247,616,794,723,439,25,-403,-713,-807,-651,-293,154,555,795,792,541,120,-337,-698,-856,-742,-395,73,527,826,877,663,237,-261,-693,-921,-874,-561,-67,448,835,974,826,432,-91,-600,-927,-978,-739,-284,250,714,969,934,619,130,-395,-803,-965,-842,-479,21,509,832,900,703,308,-171,-590,-820,-794,-531,-117,321,650,771,653,335,-80,-458,-685,-696,-485,-133,262,578,699,595,315,-61,-427,-654,-666,-476,-138,247,558,698,622,353,-26,-403,-659,-711,-546,-209,193,531,710,684,446,64,-334,0,0,0,0,0,-565,-233,173,531,732,707,474,95,-314,-623,-746,-646,-345,65,451,693,725,534,172,-244,-584,-743,-669,-394,6,408,689,757,591,242,-183,-555,-757,-727,-470,-68,358,676,791,659,317,-125,-532,-772,-778,-544,-141,310,678,838,737,409,-58,-515,-817,-874,-666,-254,243,687,922,874,567,91,-423,-813,-959,-822,-443,73,568,892,950,719,279,-238,-685,-929,-890,-583,-105,396,773,913,778,412,-72,-529,-817,-847,-625,-222,253,646,827,754,450,12,-430,-735,-810,-639,-270,183,579,790,761,493,76,-359,-689,-814,-680,-334,112,523,777,792,567,170,-288,-658,-826,-744,-433,0,464,769,843,668,282,-197,-618,-862,-845,-565,-115,376,758,919,812,451,-60,-551,-878,-962,-758,-319,223,704,980,966,673,177,-383,-833,-1044,-950,-575,-20,533,936,1071,892,453,-121,-674,-1021,-1059,-787,-279,313,812,1082,1032,669,103,-500,-961,-1146,-996,-557,61,669,1076,1187,954,432,-218,-807,-1179,-1213,-911,-345,325,904,1232,1215,865,277,-386,-947,-1241,-1188,-813,-224,418,936,1187,1110,738,176,-416,-880,-1096,-1005,-642,-121,413,822,986,884,549,74,-409,-759,-894,-788,-477,-48,384,695,814,720,437,49,-337,-627,-753,-697,-481,-158,189,473,642,668,560,352,106,-118,-282,0,0,0,0,0,-189,-320,-406,-422,-351,-193,28,264,460,563,543,397,140,-164,-436,-613,-640,-499,-223,116,439,652,700,565,265,-114,-466,-705,-758,-606,-285,123,520,778,823,642,273,-177,-585,-841,-864,-644,-239,244,662,903,904,655,207,-306,-728,-954,-909,-612,-145,368,779,972,892,561,65,-438,-807,-947,-822,-463,28,505,820,897,715,320,-163,-584,-819,-818,-577,-161,295,663,827,738,427,-13,-451,-752,-826,-646,-273,181,577,809,800,543,123,-328,-694,-860,-764,-438,13,461,786,877,712,333,-143,-581,-851,-865,-630,-225,247,648,851,808,532,100,-354,-698,-831,-715,-390,44,453,0,767,574,208,-221,-573,-744,-693,-428,-29,383,680,760,608,271,-159,-541,-756,-747,-503,-106,321,659,799,693,373,-69,-494,-765,-804,-599,-208,248,635,832,776,473,20,-435,-769,-871,-700,-312,170,616,887,883,612,165,-348,-771,-957,-852,-495,12,517,871,969,780,354,-181,-661,-951,-960,-686,-206,331,766,973,890,550,56,-448,-819,-939,-781,-389,104,550,826,852,619,209,-251,-624,-801,-735,-444,-17,401,677,739,571,230,-174,-515,-695,-653,-399,-25,355,618,688,542,231,-162,-497,-680,-657,-424,-56,331,611,709,588,281,-116,-478,-702,-706,-499,-139,269,589,728,654,0,0
28993,mtk,MTK 7916,2777915603,rx2-tx0,512,0,0,0,452,668,689,511,181,-210,-536,-705,-669,-430,-70,306,590,703,602,314,-56,-400,-636,-679,-512,-198,168,476,642,613,391,56,-284,-536,-627,-518,-262,63,370,566,573,404,119,-199,-443,-548,-479,-264,29,313,487,501,359,104,-184,-408,-499,-435,-229,56,322,477,483,332,66,-218,-438,-521,-436,-215,80,359,525,530,367,85,-232,-478,-577,-500,-276,43,355,560,596,450,169,-171,-458,-606,-570,-358,-38,289,525,607,497,232,-96,-387,-569,-569,-400,-111,220,471,573,503,280,-34,-336,-533,-569,-429,-157,163,429,562,521,322,22,-279,-501,-568,-453,-195,117,390,546,0,342,54,-250,-486,-574,-478,-228,93,390,567,572,403,102,-237,-507,-629,-557,-307,50,392,621,675,523,206,-190,-540,-729,-705,-470,-84,336,665,795,687,382,-49,-480,-780,-855,-676,-281,206,630,881,882,616,167,-341,-766,-974,-894,-557,-55,483,888,1042,906,501,-64,-608,-983,-1093,-894,-440,146,694,1044,1102,863,386,-194,-727,-1056,-1082,-817,-333,238,732,1020,1030,753,272,-277,-734,-979,-956,-672,-209,294,697,898,859,595,174,-291,-659,-831,-780,-526,-139,266,590,750,707,482,142,-222,-517,-668,-652,-475,-191,123,395,566,593,484,280,39,-190,-355,-433,-419,-334,-202,0,0,0,0,0,-259,-242,-175,-59,91,245,364,414,375,251,55,-169,-363,-477,-476,-366,-158,101,346,510,538,428,200,-83,-353,-540,-581,-468,-231,84,383,577,620,495,229,-107,-417,-617,-652,-503,-218,136,457,652,670,498,188,-166,-480,-656,-649,-469,-158,198,494,647,613,406,90,-243,-502,-611,-531,-306,-1,300,505,552,439,194,-96,-343,-488,-484,-331,-76,197,400,477,398,186,-75,-304,-442,-438,-290,-47,211,403,474,405,201,-77,-345,-506,-513,-367,-107,202,452,567,518,314,11,-295,-522,-602,-498,-248,79,381,572,600,448,163,-175,-462,-611,-576,-370,-51,284,534,624,529,0,-66,-380,-586,-623,-464,-168,175,471,623,584,378,58,-282,-535,-631,-533,-270,75,391,589,612,452,158,-187,-482,-620,-567,-348,-19,316,549,612,490,212,-130,-425,-595,-581,-382,-67,275,531,623,526,260,-87,-408,-599,-610,-430,-110,246,528,649,573,320,-29,-384,-626,-673,-514,-202,177,500,670,639,419,67,-306,-587,-685,-570,-284,82,422,633,651,475,154,-216,-518,-656,-585,-341,-3,337,575,627,486,196,-152,-447,-603,-583,-381,-53,290,532,611,501,234,-97,-400,-591,-594,-404,-98,243,520,632,542,288,-52,-386,-608,-643,-479,-168,192,500,653,614,392,41,-328,0,0,0,0,0,-544,-233,155,496,687,676,473,119,-270,-572,-709,-646,-384,-8,359,617,689,554,262,-109,-445,-641,-641,-454,-132,227,509,635,570,328,-4,-327,-552,-600,-470,-202,129,416,560,526,332,40,-254,-461,-527,-425,-187,105,363,499,467,295,28,-256,-453,-502,-389,-147,143,385,503,465,278,-4,-291,-491,-535,-409,-157,157,425,555,518,320,21,-293,-516,-589,-484,-220,111,411,591,586,405,107,-227,-491,-604,-534,-300,22,337,549,591,452,174,-150,-436,-582,-544,-340,-33,282,504,573,474,222,-94,-373,-540,-550,-383,-95,224,463,557,486,270,-32,-333,-530,-553,-403,-136,0,440,558,503,291,-16,-318,-517,-566,-439,-164,168,456,601,565,354,25,-322,-577,-658,-545,-260,106,450,671,692,497,148,-257,-593,-754,-694,-418,-12,415,724,821,682,339,-117,-555,-838,-869,-638,-218,264,687,921,879,583,115,-409,-827,-1008,-899,-536,-5,538,935,1060,889,465,-101,-651,-1018,-1096,-870,-410,166,702,1047,1101,837,350,-221,-735,-1043,-1058,-787,-304,260,744,1008,994,710,238,-286,-712,-936,-905,-627,-180,297,679,875,828,553,141,-284,-625,-792,-743,-505,-146,244,554,707,678,477,157,-186,-464,-619,-619,-471,-228,52,307,482,540,475,325,132,-58,-203,-288,0,0,0,0,0,-33,-152,-257,-332,-350,-293,-161,21,213,368,453,440,316,111,-130,-354,-493,-510,-402,-187,89,343,514,560,448,216,-78,-362,-551,-598,-486,-228,99,400,604,645,503,225,-118,-437,-638,-661,-503,-202,155,469,658,669,495,182,-176,-486,-658,-637,-436,-124,220,493,625,582,362,50,-262,-497,-584,-494,-260,47,325,494,517,382,138,-143,-375,-482,-444,-265,-2,252,425,465,353,123,-142,-359,-465,-417,-237,18,275,454,497,387,146,-143,-397,-535,-518,-346,-57,255,495,591,512,286,-29,-343,-551,-598,-468,-199,127,419,590,588,418,109,-235,-507,-624,-556,-326,2,326,0,620,496,225,-117,-425,-605,-607,-429,-117,235,513,630,564,330,-3,-330,-564,-625,-493,-211,133,439,612,599,398,77,-261,-517,-621,-538,-278,67,380,579,605,441,144,-197,-488,-620,-551,-312,21,352,579,627,477,187,-161,-473,-637,-600,-383,-39,317,571,654,539,255,-103,-439,-652,-665,-470,-128,250,552,685,612,362,1,-362,-606,-671,-532,-224,142,461,638,623,413,73,-288,-550,-644,-545,-279,73,398,589,603,434,132,-216,-494,-616,-544,-311,28,352,562,604,464,174,-177,-467,-615,-576,-350,-17,317,558,630,510,228,-133,-452,-636,-634,-442,-106,264,552,681,595,0,0
28994,mtk,MTK 7916,2777915603,rx2-tx1,512,0,0,0,-450,-597,-563,-372,-83,245,507,619,551,324,6,-312,-545,-624,-522,-255,86,388,585,620,460,169,-165,-452,-614,-598,-392,-69,263,516,633,559,313,-23,-356,-588,-644,-513,-237,117,438,633,640,467,164,-189,-491,-648,-620,-422,-106,241,514,632,569,351,40,-276,-506,-588,-498,-271,36,313,492,528,412,184,-95,-332,-461,-456,-321,-88,162,347,425,389,238,17,-201,-341,-374,-295,-136,47,210,306,304,218,77,-89,-216,-258,-223,-134,2,128,208,214,159,63,-48,-141,-182,-160,-88,12,94,144,152,99,14,-68,-128,-147,-109,-40,49,127,161,129,59,-20,-97,0,-179,-125,-33,64,148,185,172,107,0,-103,-172,-201,-174,-93,4,103,188,201,151,74,-27,-127,-186,-191,-134,-48,50,123,153,143,89,16,-55,-97,-104,-81,-32,28,67,73,45,-4,-54,-85,-88,-53,10,80,132,156,130,54,-49,-149,-214,-218,-157,-51,81,199,273,273,202,70,-100,-243,-317,-301,-208,-66,102,251,325,313,225,68,-107,-252,-322,-307,-205,-48,119,251,315,298,196,40,-123,-244,-293,-272,-176,-35,111,225,277,253,160,28,-110,-220,-267,-239,-147,-24,100,198,242,231,164,57,-62,-161,-219,-221,-176,-96,-7,75,136,167,164,130,79,0,0,0,0,0,95,47,-14,-83,-147,-193,-208,-177,-108,-6,109,199,244,242,183,78,-48,-162,-246,-273,-228,-132,-7,129,237,277,250,164,28,-110,-216,-272,-259,-175,-40,107,211,264,256,178,48,-86,-187,-235,-224,-154,-46,70,162,199,188,128,33,-63,-136,-168,-149,-78,8,69,101,110,88,37,-15,-56,-72,-52,-19,15,44,48,26,-11,-51,-67,-63,-43,13,84,131,145,108,29,-56,-142,-193,-182,-117,-13,105,200,252,229,129,-9,-157,-277,-320,-271,-144,22,195,322,359,290,137,-62,-252,-372,-393,-308,-134,96,304,426,430,309,106,-138,-355,-473,-454,-304,-64,0,394,482,438,270,19,-241,-436,-506,-436,-244,32,299,473,519,421,194,-92,-352,-513,-534,-400,-147,155,408,534,505,343,83,-207,-433,-532,-478,-286,-8,268,455,512,428,215,-56,-308,-466,-486,-367,-135,134,354,464,440,288,51,-197,-386,-450,-376,-205,23,247,384,406,307,116,-104,-287,-378,-353,-215,-13,188,323,345,263,102,-92,-247,-319,-294,-177,-3,173,290,315,229,69,-102,-244,-313,-279,-155,31,210,317,322,231,60,-137,-298,-360,-314,-165,44,248,386,410,304,100,-144,-354,-468,-453,-296,-42,229,440,531,471,266,-24,-308,-505,-555,-453,-220,89,376,0,0,0,0,0,399,111,-216,-487,-609,-556,-354,-39,294,536,626,538,295,-33,-352,-574,-624,-488,-214,122,423,599,601,427,127,-213,-493,-622,-570,-348,-21,311,555,641,540,271,-78,-400,-609,-642,-492,-197,155,467,643,637,445,129,-221,-508,-646,-603,-393,-68,265,506,603,532,301,-12,-297,-497,-554,-450,-212,80,334,476,492,364,135,-123,-330,-440,-425,-283,-57,173,343,399,335,177,-25,-211,-323,-335,-251,-106,59,203,285,279,181,35,-113,-211,-243,-202,-98,29,138,193,183,118,23,-80,-156,-172,-138,-62,33,115,152,135,77,-14,-103,-146,-140,-99,-16,79,142,161,130,0,-49,-133,-175,-169,-109,-11,85,159,194,174,95,-18,-118,-177,-199,-164,-80,29,127,192,197,147,62,-40,-131,-178,-173,-118,-38,44,116,141,114,66,9,-48,-85,-85,-43,11,57,76,60,15,-35,-80,-113,-96,-45,29,113,171,182,142,47,-77,-187,-249,-241,-175,-52,93,215,295,296,208,70,-97,-244,-315,-314,-223,-63,109,252,327,314,222,70,-106,-255,-335,-311,-200,-44,113,242,304,277,179,34,-125,-240,-288,-263,-170,-33,112,226,275,253,161,32,-99,-201,-250,-237,-158,-35,90,186,233,224,167,73,-36,-128,-188,-208,-179,-123,-53,19,74,115,0,0,0,0,0,103,143,160,151,116,48,-45,-136,-203,-237,-220,-149,-45,76,182,245,258,211,108,-26,-151,-243,-277,-246,-149,-10,131,235,284,255,167,37,-108,-222,-279,-265,-177,-45,91,199,258,252,173,48,-81,-181,-224,-205,-143,-45,61,143,188,172,110,25,-61,-122,-139,-116,-64,2,59,89,93,59,10,-25,-47,-44,-17,14,42,59,49,8,-43,-80,-95,-84,-32,49,112,163,166,115,24,-84,-175,-225,-211,-129,-2,142,250,282,242,137,-19,-182,-298,-331,-276,-141,45,232,358,376,296,130,-80,-279,-408,-415,-312,-118,114,322,443,445,311,84,-157,-367,-485,0,-288,-56,197,409,500,443,263,7,-261,-461,-523,-433,-222,59,324,496,522,393,155,-126,-377,-523,-520,-368,-105,176,409,534,497,321,57,-227,-442,-524,-453,-253,19,285,459,500,399,176,-94,-336,-476,-468,-327,-94,166,375,463,417,250,11,-227,-387,-427,-335,-149,74,263,379,380,259,60,-151,-309,-364,-305,-156,34,210,317,325,225,52,-124,-265,-315,-260,-125,52,216,311,307,206,30,-156,-284,-320,-255,-106,75,243,336,320,199,8,-201,-344,-384,-316,-148,83,300,429,431,307,84,-178,-393,-499,-461,-284,-10,276,483,549,460,240,-57,-345,-534,-572,-440,0,0
28995,mtk,MTK 7916,2777924460,rx0-tx0,512,0,0,0,0,0,0,0,0,0,0,0,0,0,0,0,0,0,0,0,0,0,0,0,0,0,0,0,0,0,0,0,0,0,0,0,0,0,0,0,0,0,0,0,0,0,0,0,0,0,0,0,0,0,0,0,0,0,0,0,0,0,0,0,0,0,0,0,0,0,0,0,0,0,0,0,0,0,0,0,0,0,0,0,0,0,0,0,0,0,0,0,0,0,0,0,0,0,0,0,0,0,0,0,0,0,0,0,0,0,0,0,0,0,0,0,0,0,0,0,0,0,0,0,0,0,0,0,0,0,0,0,0,0,0,0,0,0,0,0,0,0,0,0,0,0,0,0,0,0,0,0,0,0,0,0,0,0,0,0,0,0,0,0,0,0,0,0,0,0,0,0,0,0,0,0,0,0,0,0,0,0,0,0,0,0,0,0,0,0,0,0,0,0,0,0,0,0,0,0,0,0,0,0,0,0,0,0,0,0,0,0,0,0,0,0,0,0,0,0,0,0,0,0,0,0,0,0,0,0,0,0,0,0,0,0,0,0,0,0,0,0,0,0,0,0,0,0,0,0,0,0,0,0,0,0,0,-273,-89,-395,263,241,137,-15,-175,-310,-384,-394,-344,-248,-122,28,175,304,406,463,472,423,329,195,29,-149,-315,-455,-558,-602,-580,-500,-358,-176,33,246,434,580,676,702,652,545,375,174,-48,-259,-455,-602,-697,-740,-705,-612,-478,-295,-86,140,361,538,680,775,800,758,649,478,264,25,-226,-464,-665,-808,-878,-885,-818,-658,-434,-181,91,360,601,780,907,947,900,771,578,337,55,-220,-470,-688,-825,-901,-896,-809,-664,-463,-224,16,257,474,631,737,795,783,703,584,420,229,23,-182,-362,-523,-642,-711,-731,-700,-616,-484,-316,-128,67,273,456,604,716,779,772,704,587,-1687,210,-23,-251,-469,-649,-780,-850,-853,-795,-663,-473,-259,-15,231,466,670,826,912,925,865,746,572,344,75,-212,-475,-717,-916,-1040,-1090,-1049,-907,-693,-412,-86,267,606,899,1118,1250,1285,1195,996,699,328,-72,-482,-862,-1165,-1362,-1435,-1378,-1198,-906,-534,-95,347,759,1114,1347,1465,1451,1307,1047,688,260,-186,-616,-988,-1270,-1430,-1457,-1359,-1125,-792,-392,48,482,873,1178,1368,1445,1370,1155,842,442,-8,-446,-847,-1156,-1340,-1387,-1293,-1079,-748,-333,104,519,871,1128,1257,1248,1113,857,522,138,-257,-599,-876,-1062,-1126,-1065,-888,-613,-266,127,509,836,1057,1127,1015,714,278,-198,-550,753,514,0,0,0,0,0,0,0,0,0,0,0,0,0,0,0,0,0,0,0,0,0,0,0,0,0,0,0,0,0,0,0,0,0,0,0,0,0,0,0,0,0,0,0,0,0,0,0,0,0,0,0,0,0,0,0,0,0,0,0,0,0,0,0,0,0,0,0,0,0,0,0,0,0,0,0,0,0,0,0,0,0,0,0,0,0,0,0,0,0,0,0,0,0,0,0,0,0,0,0,0,0,0,0,0,0,0,0,0,0,0,0,0,0,0,0,0,0,0,0,0,0,0,0,0,0,0,0,0,0,0,0,0,0,0,0,0,0,0,0,0,0,0,0,0,0,0,0,0,0,0,0,0,0,0,0,0,0,0,0,0,0,0,0,0,0,0,0,0,0,0,0,0,0,0,0,0,0,0,0,0,0,0,0,0,0,0,0,0,0,0,0,0,0,0,0,0,0,0,0,0,0,0,0,0,0,0,0,0,0,0,0,0,0,0,0,0,0,0,0,0,0,0,0,0,0,0,0,0,0,0,0,0,0,0,0,0,0,0,0,0,0,0,0,0,0,0,0,0,0,0,0,0,0,0,0,0,-1322,-1002,-935,-39,-185,-308,-361,-334,-234,-90,67,213,326,406,430,401,325,209,65,-94,-246,-375,-472,-526,-522,-459,-346,-189,3,199,384,532,630,664,630,528,370,169,-53,-270,-460,-608,-701,-723,-679,-573,-408,-223,-9,211,406,571,692,753,758,683,550,386,170,-61,-291,-506,-675,-791,-846,-826,-737,-578,-360,-108,152,418,649,807,905,921,861,720,512,270,-15,-291,-540,-738,-881,-937,-900,-804,-626,-400,-149,124,370,585,745,828,843,801,686,518,325,106,-124,-327,-500,-638,-724,-757,-725,-646,-522,-358,-171,29,220,402,551,662,721,738,697,599,455,279,69,-149,-353,-536,-175,-794,-824,-793,-696,-539,-340,-109,129,364,580,736,841,890,864,773,616,404,157,-100,-354,-586,-779,-920,-991,-979,-892,-737,-511,-235,65,380,668,907,1089,1186,1182,1069,861,570,222,-166,-557,-898,-1166,-1326,-1375,-1307,-1116,-816,-433,-11,418,819,1143,1374,1477,1436,1273,986,606,181,-268,-693,-1053,-1322,-1460,-1462,-1336,-1088,-743,-331,107,540,926,1216,1396,1448,1363,1153,827,435,-3,-452,-846,-1153,-1360,-1424,-1342,-1132,-805,-404,38,470,851,1149,1311,1334,1221,981,643,238,-174,-561,-882,-1094,-1192,-1149,-984,-730,-403,-29,337,663,917,1071,1103,994,747,388,-43,-485,-847,-1041,-1008,-795,-663,-857
28996,mtk,MTK 7916,2777924460,rx0-tx1,512,0,0,0,0,0,0,0,0,0,0,0,0,0,0,0,0,0,0,0,0,0,0,0,0,0,0,0,0,0,0,0,0,0,0,0,0,0,0,0,0,0,0,0,0,0,0,0,0,0,0,0,0,0,0,0,0,0,0,0,0,0,0,0,0,0,0,0,0,0,0,0,0,0,0,0,0,0,0,0,0,0,0,0,0,0,0,0,0,0,0,0,0,0,0,0,0,0,0,0,0,0,0,0,0,0,0,0,0,0,0,0,0,0,0,0,0,0,0,0,0,0,0,0,0,0,0,0,0,0,0,0,0,0,0,0,0,0,0,0,0,0,0,0,0,0,0,0,0,0,0,0,0,0,0,0,0,0,0,0,0,0,0,0,0,0,0,0,0,0,0,0,0,0,0,0,0,0,0,0,0,0,0,0,0,0,0,0,0,0,0,0,0,0,0,0,0,0,0,0,0,0,0,0,0,0,0,0,0,0,0,0,0,0,0,0,0,0,0,0,0,0,0,0,0,0,0,0,0,0,0,0,0,0,0,0,0,0,0,0,0,0,0,0,0,0,0,0,0,0,0,0,0,0,0,0,0,-730,238,283,-144,-50,90,226,318,352,317,224,98,-40,-181,-304,-389,-436,-432,-374,-273,-127,38,204,362,491,573,594,553,446,286,79,-145,-362,-546,-685,-762,-766,-687,-525,-315,-66,211,469,693,861,936,924,830,650,392,100,-210,-512,-769,-965,-1069,-1070,-980,-798,-537,-218,126,462,763,990,1131,1182,1128,960,704,394,35,-335,-664,-946,-1149,-1253,-1242,-1125,-919,-624,-274,103,474,811,1080,1247,1326,1286,1120,867,533,151,-241,-623,-951,-1193,-1334,-1367,-1274,-1068,-772,-405,-11,382,753,1060,1276,1377,1356,1225,988,661,285,-105,-500,-847,-1116,-1288,-1356,-1314,-1157,-901,-582,-215,184,562,888,-546,1307,1350,1290,1120,868,528,147,-234,-607,-934,-1175,-1328,-1370,-1293,-1113,-842,-492,-102,291,674,1000,1247,1397,1426,1323,1114,809,433,16,-405,-795,-1112,-1328,-1445,-1439,-1302,-1051,-705,-307,114,526,906,1197,1381,1448,1382,1201,925,569,158,-254,-643,-978,-1223,-1371,-1391,-1292,-1092,-795,-424,-31,368,735,1042,1258,1356,1338,1203,966,641,264,-147,-546,-889,-1154,-1323,-1360,-1271,-1068,-756,-375,41,458,825,1111,1289,1337,1252,1042,725,334,-87,-489,-834,-1096,-1227,-1225,-1094,-848,-521,-148,232,572,840,1005,1055,984,815,570,272,-49,-349,-607,-798,-898,-894,-788,-568,-265,81,424,692,828,787,613,26,107,0,0,0,0,0,0,0,0,0,0,0,0,0,0,0,0,0,0,0,0,0,0,0,0,0,0,0,0,0,0,0,0,0,0,0,0,0,0,0,0,0,0,0,0,0,0,0,0,0,0,0,0,0,0,0,0,0,0,0,0,0,0,0,0,0,0,0,0,0,0,0,0,0,0,0,0,0,0,0,0,0,0,0,0,0,0,0,0,0,0,0,0,0,0,0,0,0,0,0,0,0,0,0,0,0,0,0,0,0,0,0,0,0,0,0,0,0,0,0,0,0,0,0,0,0,0,0,0,0,0,0,0,0,0,0,0,0,0,0,0,0,0,0,0,0,0,0,0,0,0,0,0,0,0,0,0,0,0,0,0,0,0,0,0,0,0,0,0,0,0,0,0,0,0,0,0,0,0,0,0,0,0,0,0,0,0,0,0,0,0,0,0,0,0,0,0,0,0,0,0,0,0,0,0,0,0,0,0,0,0,0,0,0,0,0,0,0,0,0,0,0,0,0,0,0,0,0,0,0,0,0,0,0,0,0,0,0,0,0,0,0,0,0,0,0,0,0,0,0,0,0,0,0,0,0,0,-128,170,101,181,260,283,227,113,-35,-182,-296,-366,-384,-358,-275,-160,-21,134,274,396,478,505,482,401,271,100,-91,-283,-459,-596,-679,-687,-616,-478,-291,-66,177,422,627,774,857,847,750,581,347,66,-223,-500,-744,-911,-997,-1002,-908,-724,-464,-152,180,493,777,990,1112,1135,1054,869,609,295,-51,-403,-726,-973,-1148,-1231,-1193,-1045,-814,-505,-143,229,578,882,1116,1255,1289,1208,1023,738,395,24,-373,-729,-1020,-1235,-1333,-1325,-1205,-974,-651,-280,119,516,863,1140,1314,1371,1325,1160,892,544,147,-253,-634,-963,-1204,-1340,-1370,-1281,-1080,-788,-431,-46,349,711,1010,1220,1343,1347,1227,1015,1197,364,-27,-406,-752,-1041,-1251,-1342,-1333,-1221,-997,-693,-335,62,447,803,1094,1298,1384,1364,1227,986,666,283,-131,-541,-899,-1189,-1380,-1448,-1395,-1219,-931,-570,-162,264,667,1014,1272,1416,1443,1352,1138,820,438,18,-399,-775,-1091,-1312,-1417,-1392,-1252,-1008,-682,-301,111,506,858,1142,1311,1369,1316,1149,890,543,158,-245,-627,-954,-1199,-1335,-1356,-1247,-1025,-717,-340,78,481,846,1131,1303,1355,1276,1072,767,378,-46,-460,-827,-1109,-1273,-1300,-1192,-968,-642,-249,157,538,851,1059,1152,1115,960,707,389,40,-294,-580,-801,-932,-956,-877,-703,-453,-154,161,459,712,866,900,792,541,196,-177,-446,284,258
28997,mtk,MTK 7916,2777924460,rx1-tx0,512,0,0,0,0,0,0,0,0,0,0,0,0,0,0,0,0,0,0,0,0,0,0,0,0,0,0,0,0,0,0,0,0,0,0,0,0,0,0,0,0,0,0,0,0,0,0,0,0,0,0,0,0,0,0,0,0,0,0,0,0,0,0,0,0,0,0,0,0,0,0,0,0,0,0,0,0,0,0,0,0,0,0,0,0,0,0,0,0,0,0,0,0,0,0,0,0,0,0,0,0,0,0,0,0,0,0,0,0,0,0,0,0,0,0,0,0,0,0,0,0,0,0,0,0,0,0,0,0,0,0,0,0,0,0,0,0,0,0,0,0,0,0,0,0,0,0,0,0,0,0,0,0,0,0,0,0,0,0,0,0,0,0,0,0,0,0,0,0,0,0,0,0,0,0,0,0,0,0,0,0,0,0,0,0,0,0,0,0,0,0,0,0,0,0,0,0,0,0,0,0,0,0,0,0,0,0,0,0,0,0,0,0,0,0,0,0,0,0,0,0,0,0,0,0,0,0,0,0,0,0,0,0,0,0,0,0,0,0,0,0,0,0,0,0,0,0,0,0,0,0,0,0,0,0,0,0,146,-1009,-1072,-80,-144,-178,-165,-105,-22,72,148,200,221,210,164,97,13,-79,-151,-209,-245,-246,-216,-165,-91,5,88,167,222,249,255,225,171,101,22,-59,-127,-185,-218,-224,-213,-180,-131,-76,-25,35,94,128,144,159,150,141,128,100,70,36,-3,-36,-73,-94,-122,-130,-141,-157,-154,-133,-106,-75,-36,16,69,130,178,217,241,255,240,199,139,60,-26,-115,-207,-289,-351,-379,-367,-319,-241,-131,4,144,268,377,448,483,456,388,295,151,0,-157,-299,-409,-488,-515,-499,-422,-314,-178,-17,137,290,401,479,524,510,450,342,213,64,-94,-242,-363,-462,-511,-515,-467,-144,-269,-112,45,192,328,431,489,505,480,404,288,157,5,-147,-278,-381,-445,-472,-459,-398,-306,-194,-59,64,190,297,372,411,417,386,329,234,121,3,-106,-210,-302,-356,-378,-382,-349,-282,-193,-84,29,141,239,312,356,377,354,303,224,125,23,-80,-184,-270,-319,-336,-329,-290,-230,-148,-57,38,123,196,254,287,297,279,237,180,111,28,-58,-136,-207,-268,-294,-300,-275,-222,-155,-58,43,133,221,284,314,316,280,220,120,8,-94,-194,-271,-313,-318,-285,-223,-143,-33,77,170,243,280,284,250,188,106,5,-91,-172,-234,-261,-249,-190,-106,1,107,170,194,-326,-610,0,0,0,0,0,0,0,0,0,0,0,0,0,0,0,0,0,0,0,0,0,0,0,0,0,0,0,0,0,0,0,0,0,0,0,0,0,0,0,0,0,0,0,0,0,0,0,0,0,0,0,0,0,0,0,0,0,0,0,0,0,0,0,0,0,0,0,0,0,0,0,0,0,0,0,0,0,0,0,0,0,0,0,0,0,0,0,0,0,0,0,0,0,0,0,0,0,0,0,0,0,0,0,0,0,0,0,0,0,0,0,0,0,0,0,0,0,0,0,0,0,0,0,0,0,0,0,0,0,0,0,0,0,0,0,0,0,0,0,0,0,0,0,0,0,0,0,0,0,0,0,0,0,0,0,0,0,0,0,0,0,0,0,0,0,0,0,0,0,0,0,0,0,0,0,0,0,0,0,0,0,0,0,0,0,0,0,0,0,0,0,0,0,0,0,0,0,0,0,0,0,0,0,0,0,0,0,0,0,0,0,0,0,0,0,0,0,0,0,0,0,0,0,0,0,0,0,0,0,0,0,0,0,0,0,0,0,0,0,0,0,0,0,0,0,0,0,0,0,0,0,0,0,0,0,0,206,-381,-56,-113,-71,9,102,174,212,202,155,79,-7,-93,-162,-213,-239,-228,-186,-123,-45,43,122,188,242,258,238,193,123,42,-38,-120,-183,-225,-247,-240,-204,-150,-78,-9,56,114,157,180,186,181,157,115,82,38,-9,-46,-80,-106,-118,-136,-139,-139,-121,-105,-81,-50,-27,15,63,104,132,157,184,192,188,165,126,81,30,-36,-114,-184,-246,-290,-312,-301,-263,-196,-105,10,128,240,334,403,435,419,359,265,145,1,-152,-280,-398,-475,-496,-479,-411,-303,-164,-5,153,296,410,490,524,503,435,322,198,45,-117,-265,-385,-467,-510,-509,-455,-366,-245,-94,68,225,147,453,510,512,478,399,274,128,-23,-171,-311,-410,-467,-491,-462,-395,-296,-168,-31,109,234,333,404,441,432,397,322,215,95,-35,-156,-262,-342,-387,-400,-387,-348,-261,-154,-41,68,180,270,336,369,382,356,299,212,111,-3,-114,-213,-296,-345,-363,-349,-310,-235,-136,-40,61,153,230,285,313,306,276,230,166,91,3,-84,-163,-225,-268,-290,-285,-255,-212,-140,-52,32,121,197,265,310,314,285,232,145,47,-59,-159,-241,-306,-323,-311,-267,-183,-76,32,133,214,281,313,295,243,163,65,-34,-128,-203,-252,-272,-247,-198,-125,-27,77,169,226,243,204,125,51,-1038,-892
28998,mtk,MTK 7916,2777924460,rx1-tx1,512,0,0,0,0,0,0,0,0,0,0,0,0,0,0,0,0,0,0,0,0,0,0,0,0,0,0,0,0,0,0,0,0,0,0,0,0,0,0,0,0,0,0,0,0,0,0,0,0,0,0,0,0,0,0,0,0,0,0,0,0,0,0,0,0,0,0,0,0,0,0,0,0,0,0,0,0,0,0,0,0,0,0,0,0,0,0,0,0,0,0,0,0,0,0,0,0,0,0,0,0,0,0,0,0,0,0,0,0,0,0,0,0,0,0,0,0,0,0,0,0,0,0,0,0,0,0,0,0,0,0,0,0,0,0,0,0,0,0,0,0,0,0,0,0,0,0,0,0,0,0,0,0,0,0,0,0,0,0,0,0,0,0,0,0,0,0,0,0,0,0,0,0,0,0,0,0,0,0,0,0,0,0,0,0,0,0,0,0,0,0,0,0,0,0,0,0,0,0,0,0,0,0,0,0,0,0,0,0,0,0,0,0,0,0,0,0,0,0,0,0,0,0,0,0,0,0,0,0,0,0,0,0,0,0,0,0,0,0,0,0,0,0,0,0,0,0,0,0,0,0,0,0,0,0,0,0,-411,1102,1071,-33,-26,-9,15,43,69,87,96,93,75,45,12,-27,-67,-97,-104,-93,-74,-40,7,52,89,109,110,89,55,14,-31,-75,-97,-101,-88,-54,-11,26,55,71,75,64,40,9,-24,-42,-53,-46,-25,0,16,28,27,18,5,-8,-28,-44,-39,-16,7,36,64,80,73,50,10,-37,-79,-102,-109,-96,-63,-13,44,97,131,135,116,64,1,-62,-114,-145,-147,-121,-69,0,71,123,154,150,116,55,-9,-69,-114,-138,-133,-97,-45,14,64,101,107,102,79,33,-21,-58,-86,-96,-84,-63,-30,8,39,58,60,51,36,27,20,7,-9,-21,-29,-37,0,-54,-54,-50,-33,-8,21,56,89,110,114,100,63,4,-67,-128,-172,-187,-169,-113,-31,66,159,228,257,236,170,69,-51,-166,-260,-307,-291,-217,-100,39,174,282,332,318,241,117,-30,-173,-282,-339,-328,-248,-120,28,168,278,332,323,246,122,-21,-166,-278,-327,-304,-225,-96,51,181,273,311,283,199,74,-63,-189,-279,-311,-280,-190,-58,79,199,284,312,274,186,62,-69,-184,-265,-297,-269,-191,-78,48,163,237,271,253,187,93,-14,-119,-196,-235,-226,-174,-90,1,90,156,189,186,148,83,3,-75,-139,-181,-185,-157,-106,-43,29,100,155,182,189,176,610,856,0,0,0,0,0,0,0,0,0,0,0,0,0,0,0,0,0,0,0,0,0,0,0,0,0,0,0,0,0,0,0,0,0,0,0,0,0,0,0,0,0,0,0,0,0,0,0,0,0,0,0,0,0,0,0,0,0,0,0,0,0,0,0,0,0,0,0,0,0,0,0,0,0,0,0,0,0,0,0,0,0,0,0,0,0,0,0,0,0,0,0,0,0,0,0,0,0,0,0,0,0,0,0,0,0,0,0,0,0,0,0,0,0,0,0,0,0,0,0,0,0,0,0,0,0,0,0,0,0,0,0,0,0,0,0,0,0,0,0,0,0,0,0,0,0,0,0,0,0,0,0,0,0,0,0,0,0,0,0,0,0,0,0,0,0,0,0,0,0,0,0,0,0,0,0,0,0,0,0,0,0,0,0,0,0,0,0,0,0,0,0,0,0,0,0,0,0,0,0,0,0,0,0,0,0,0,0,0,0,0,0,0,0,0,0,0,0,0,0,0,0,0,0,0,0,0,0,0,0,0,0,0,0,0,0,0,0,0,0,0,0,0,0,0,0,0,0,0,0,0,0,0,0,0,0,0,-92,51,-278,-50,-71,-85,-89,-86,-72,-42,-4,32,63,91,103,100,83,50,3,-43,-78,-100,-112,-97,-63,-25,19,64,95,108,100,72,38,-4,-46,-80,-93,-84,-63,-32,5,38,65,71,57,32,9,-20,-42,-43,-30,-14,4,22,39,37,22,-4,-27,-48,-54,-52,-39,-10,30,69,87,90,72,36,-14,-62,-102,-125,-121,-84,-36,18,77,126,149,135,96,35,-32,-96,-141,-151,-132,-89,-33,32,91,130,141,130,89,25,-41,-90,-125,-128,-105,-65,-15,37,78,101,101,84,50,14,-24,-58,-78,-78,-63,-37,-11,6,24,41,46,46,44,36,30,29,0,-3,-20,-42,-67,-81,-85,-76,-54,-12,35,85,129,150,147,120,61,-18,-99,-172,-217,-222,-181,-99,1,110,203,260,274,233,141,18,-113,-230,-297,-315,-272,-171,-33,108,229,311,335,292,187,42,-109,-239,-324,-340,-296,-188,-39,113,235,308,323,284,185,41,-111,-236,-309,-312,-254,-147,-13,128,247,310,304,237,133,-2,-142,-249,-304,-299,-232,-119,15,145,246,296,293,237,131,1,-127,-224,-274,-280,-236,-144,-27,89,186,247,253,213,138,45,-59,-144,-200,-217,-196,-134,-49,36,108,166,186,169,116,47,-27,-96,-152,-190,-196,-172,-126,-72,-13,49,888,664
28999,mtk,MTK 7916,2777924460,rx2-tx0,512,0,0,0,0,0,0,0,0,0,0,0,0,0,0,0,0,0,0,0,0,0,0,0,0,0,0,0,0,0,0,0,0,0,0,0,0,0,0,0,0,0,0,0,0,0,0,0,0,0,0,0,0,0,0,0,0,0,0,0,0,0,0,0,0,0,0,0,0,0,0,0,0,0,0,0,0,0,0,0,0,0,0,0,0,0,0,0,0,0,0,0,0,0,0,0,0,0,0,0,0,0,0,0,0,0,0,0,0,0,0,0,0,0,0,0,0,0,0,0,0,0,0,0,0,0,0,0,0,0,0,0,0,0,0,0,0,0,0,0,0,0,0,0,0,0,0,0,0,0,0,0,0,0,0,0,0,0,0,0,0,0,0,0,0,0,0,0,0,0,0,0,0,0,0,0,0,0,0,0,0,0,0,0,0,0,0,0,0,0,0,0,0,0,0,0,0,0,0,0,0,0,0,0,0,0,0,0,0,0,0,0,0,0,0,0,0,0,0,0,0,0,0,0,0,0,0,0,0,0,0,0,0,0,0,0,0,0,0,0,0,0,0,0,0,0,0,0,0,0,0,0,0,0,0,0,0,-136,1051,1150,20,45,66,80,91,91,80,58,28,-7,-38,-66,-84,-89,-79,-58,-30,4,36,61,78,81,75,56,30,-1,-33,-56,-74,-85,-81,-69,-45,-16,14,48,79,98,108,101,75,32,-18,-66,-110,-140,-146,-127,-80,-10,64,129,177,194,171,112,21,-81,-168,-218,-232,-200,-120,-9,116,222,278,279,223,112,-32,-173,-281,-332,-316,-230,-84,81,242,356,390,339,218,40,-158,-324,-427,-434,-351,-188,20,228,393,480,467,350,152,-83,-300,-452,-511,-464,-317,-93,154,367,499,526,435,250,15,-228,-425,-526,-512,-381,-165,83,316,481,539,473,304,65,-193,0,-529,-538,-426,-217,42,291,484,570,528,372,129,-146,-391,-558,-601,-509,-308,-38,244,471,600,604,480,246,-46,-326,-536,-641,-612,-452,-200,97,371,564,644,589,408,144,-141,-399,-572,-624,-550,-366,-111,158,387,537,574,493,310,81,-155,-356,-478,-499,-427,-264,-52,153,318,414,420,344,197,18,-155,-287,-352,-345,-272,-146,6,148,252,296,278,205,91,-37,-151,-228,-256,-232,-163,-59,57,160,220,235,209,140,45,-56,-148,-210,-232,-211,-153,-66,33,123,185,217,210,167,95,10,-69,-139,-187,-202,-184,-137,-69,8,81,139,177,196,187,157,115,69,10,197,537,0,0,0,0,0,0,0,0,0,0,0,0,0,0,0,0,0,0,0,0,0,0,0,0,0,0,0,0,0,0,0,0,0,0,0,0,0,0,0,0,0,0,0,0,0,0,0,0,0,0,0,0,0,0,0,0,0,0,0,0,0,0,0,0,0,0,0,0,0,0,0,0,0,0,0,0,0,0,0,0,0,0,0,0,0,0,0,0,0,0,0,0,0,0,0,0,0,0,0,0,0,0,0,0,0,0,0,0,0,0,0,0,0,0,0,0,0,0,0,0,0,0,0,0,0,0,0,0,0,0,0,0,0,0,0,0,0,0,0,0,0,0,0,0,0,0,0,0,0,0,0,0,0,0,0,0,0,0,0,0,0,0,0,0,0,0,0,0,0,0,0,0,0,0,0,0,0,0,0,0,0,0,0,0,0,0,0,0,0,0,0,0,0,0,0,0,0,0,0,0,0,0,0,0,0,0,0,0,0,0,0,0,0,0,0,0,0,0,0,0,0,0,0,0,0,0,0,0,0,0,0,0,0,0,0,0,0,0,0,0,0,0,0,0,0,0,0,0,0,0,0,0,0,0,0,0,1335,523,167,-66,-64,-54,-36,-11,20,48,72,86,85,76,59,30,-6,-37,-64,-81,-84,-75,-57,-28,3,36,62,74,75,75,60,34,7,-20,-46,-72,-87,-91,-82,-65,-33,5,49,95,122,128,116,83,29,-34,-96,-147,-173,-165,-128,-55,32,111,176,217,212,160,74,-35,-142,-222,-253,-236,-171,-62,72,197,282,311,272,168,21,-136,-264,-345,-355,-286,-148,34,213,346,408,389,283,114,-89,-284,-419,-470,-419,-275,-71,154,357,480,498,415,238,4,-232,-415,-518,-507,-385,-181,61,297,459,522,476,320,85,-167,-373,-507,-528,-433,-238,11,254,444,538,511,0,148,-114,-351,-512,-559,-482,-296,-45,219,440,564,566,440,214,-58,-322,-519,-605,-563,-400,-147,141,405,580,627,542,349,73,-216,-468,-621,-642,-526,-308,-25,264,498,627,624,493,269,-8,-281,-488,-591,-576,-445,-228,27,268,450,539,517,387,190,-33,-246,-403,-468,-432,-315,-136,58,232,350,393,353,248,93,-74,-213,-301,-323,-274,-175,-48,84,195,263,271,221,132,22,-97,-193,-242,-238,-189,-107,2,107,187,226,224,179,100,2,-94,-173,-218,-226,-189,-119,-31,56,132,183,207,194,149,78,-5,-84,-147,-188,-199,-183,-142,-80,-11,52,104,138,154,159,1167,1037
29000,mtk,MTK 7916,2777924460,rx2-tx1,512,0,0,0,0,0,0,0,0,0,0,0,0,0,0,0,0,0,0,0,0,0,0,0,0,0,0,0,0,0,0,0,0,0,0,0,0,0,0,0,0,0,0,0,0,0,0,0,0,0,0,0,0,0,0,0,0,0,0,0,0,0,0,0,0,0,0,0,0,0,0,0,0,0,0,0,0,0,0,0,0,0,0,0,0,0,0,0,0,0,0,0,0,0,0,0,0,0,0,0,0,0,0,0,0,0,0,0,0,0,0,0,0,0,0,0,0,0,0,0,0,0,0,0,0,0,0,0,0,0,0,0,0,0,0,0,0,0,0,0,0,0,0,0,0,0,0,0,0,0,0,0,0,0,0,0,0,0,0,0,0,0,0,0,0,0,0,0,0,0,0,0,0,0,0,0,0,0,0,0,0,0,0,0,0,0,0,0,0,0,0,0,0,0,0,0,0,0,0,0,0,0,0,0,0,0,0,0,0,0,0,0,0,0,0,0,0,0,0,0,0,0,0,0,0,0,0,0,0,0,0,0,0,0,0,0,0,0,0,0,0,0,0,0,0,0,0,0,0,0,0,0,0,0,0,0,0,236,-619,-822,-2,14,34,58,76,86,92,80,53,18,-14,-47,-78,-96,-92,-80,-49,-3,40,73,98,101,80,42,-5,-51,-89,-109,-104,-81,-43,7,65,110,125,107,70,19,-36,-92,-124,-126,-97,-42,24,85,138,163,133,69,-3,-76,-143,-181,-177,-126,-41,55,149,217,238,198,110,-9,-141,-250,-298,-288,-215,-87,72,217,325,369,332,215,51,-133,-297,-407,-424,-351,-200,-6,198,355,447,450,354,170,-48,-254,-412,-485,-457,-334,-129,109,315,457,503,440,283,70,-159,-353,-461,-470,-389,-222,-1,214,377,453,423,304,125,-71,-249,-373,-412,-350,-208,-26,164,0,373,362,264,102,-82,-243,-349,-372,-307,-166,12,182,314,379,355,248,78,-115,-278,-373,-393,-322,-172,18,192,328,399,384,283,118,-70,-240,-353,-390,-341,-216,-55,121,272,352,352,289,160,-4,-160,-274,-322,-302,-221,-91,59,180,250,265,229,141,24,-88,-176,-218,-206,-153,-68,30,117,171,178,141,74,-5,-83,-143,-170,-149,-94,-25,51,110,149,149,108,51,-8,-69,-118,-137,-125,-86,-34,29,86,123,120,102,62,8,-37,-69,-93,-94,-74,-36,5,38,63,75,70,52,20,-13,-40,-51,-53,-44,-23,6,35,54,59,55,43,19,-4,-24,-46,226,-80,0,0,0,0,0,0,0,0,0,0,0,0,0,0,0,0,0,0,0,0,0,0,0,0,0,0,0,0,0,0,0,0,0,0,0,0,0,0,0,0,0,0,0,0,0,0,0,0,0,0,0,0,0,0,0,0,0,0,0,0,0,0,0,0,0,0,0,0,0,0,0,0,0,0,0,0,0,0,0,0,0,0,0,0,0,0,0,0,0,0,0,0,0,0,0,0,0,0,0,0,0,0,0,0,0,0,0,0,0,0,0,0,0,0,0,0,0,0,0,0,0,0,0,0,0,0,0,0,0,0,0,0,0,0,0,0,0,0,0,0,0,0,0,0,0,0,0,0,0,0,0,0,0,0,0,0,0,0,0,0,0,0,0,0,0,0,0,0,0,0,0,0,0,0,0,0,0,0,0,0,0,0,0,0,0,0,0,0,0,0,0,0,0,0,0,0,0,0,0,0,0,0,0,0,0,0,0,0,0,0,0,0,0,0,0,0,0,0,0,0,0,0,0,0,0,0,0,0,0,0,0,0,0,0,0,0,0,0,0,0,0,0,0,0,0,0,0,0,0,0,0,0,0,0,0,0,-351,-748,-529,-56,-71,-71,-59,-44,-19,16,51,71,86,89,78,52,19,-24,-64,-92,-103,-97,-71,-31,17,64,97,110,97,66,20,-34,-83,-108,-121,-106,-63,0,57,103,124,122,88,38,-25,-87,-129,-140,-118,-57,16,81,135,165,150,93,7,-84,-158,-203,-200,-149,-64,46,153,227,265,249,162,31,-103,-228,-311,-328,-270,-149,12,189,324,388,378,289,131,-68,-258,-395,-444,-401,-271,-87,122,320,454,483,412,253,36,-188,-378,-493,-499,-399,-211,16,240,406,493,473,349,148,-71,-272,-419,-480,-427,-279,-74,135,304,408,423,342,181,-19,-210,-347,-404,-369,0,-71,115,273,360,358,273,131,-48,-219,-334,-373,-331,-207,-35,148,294,372,369,277,119,-66,-241,-358,-394,-346,-226,-54,132,286,384,395,317,173,-6,-186,-321,-380,-357,-257,-104,67,217,317,350,299,189,48,-98,-221,-284,-287,-229,-123,5,120,207,246,225,152,51,-58,-143,-187,-184,-144,-75,13,94,147,164,136,83,16,-66,-130,-148,-144,-111,-46,30,95,136,142,123,80,15,-53,-104,-127,-125,-100,-49,9,64,103,117,103,70,26,-23,-62,-78,-82,-71,-45,-11,24,52,65,61,42,24,-2,-35,-57,-64,-56,-32,1,28,49,61,69,62,44,-945,-968
29001,mtk,MTK 7916,2777955386,rx0-tx0,512,0,0,0,0,0,0,0,0,0,0,0,0,0,0,0,0,0,0,0,0,0,0,0,0,0,0,0,0,0,0,0,0,0,0,0,0,0,0,0,0,0,0,0,0,0,0,0,0,0,0,0,0,0,0,0,0,0,0,0,0,0,0,0,0,0,0,0,0,0,0,0,0,0,0,0,0,0,0,0,0,0,0,0,0,0,0,0,0,0,0,0,0,0,0,0,0,0,0,0,0,0,0,0,0,0,0,0,0,0,0,0,0,0,0,0,0,0,0,0,0,0,0,0,0,0,0,0,0,0,0,0,0,0,0,0,0,0,0,0,0,0,0,0,0,0,0,0,0,0,0,0,0,0,0,0,0,0,0,0,0,0,0,0,0,0,0,0,0,0,0,0,0,0,0,0,0,0,0,0,0,0,0,0,0,0,0,0,0,0,0,0,0,0,0,0,0,0,0,0,0,0,0,0,0,0,0,0,0,0,0,0,0,0,0,0,0,0,0,0,0,0,0,0,0,0,0,0,0,0,0,0,0,0,0,0,0,0,0,0,0,0,0,0,0,0,0,0,0,0,0,0,0,0,0,0,0,-273,-1191,-1189,239,187,75,-71,-212,-325,-398,-436,-426,-380,-306,-202,-84,43,174,294,404,489,548,576,557,515,440,324,180,22,-141,-311,-470,-601,-695,-750,-761,-734,-657,-536,-386,-220,-39,146,326,490,616,719,788,825,816,767,689,577,441,277,101,-77,-254,-427,-589,-720,-820,-894,-924,-908,-856,-764,-631,-467,-279,-72,151,374,568,740,884,990,1041,1044,1000,902,773,601,390,172,-69,-298,-495,-679,-824,-929,-995,-1006,-976,-905,-789,-645,-476,-293,-103,89,271,435,574,694,779,841,863,849,811,739,635,513,373,227,67,-97,-264,-420,-553,-676,-778,-846,-878,-883,-849,-774,-671,-1687,-382,-205,-20,166,345,518,674,796,893,953,958,936,871,769,635,482,301,110,-80,-279,-461,-629,-775,-894,-980,-1038,-1050,-1014,-947,-834,-682,-493,-283,-60,189,439,667,877,1053,1185,1276,1318,1283,1179,1018,812,561,273,-32,-342,-639,-906,-1141,-1318,-1422,-1460,-1438,-1339,-1174,-941,-664,-357,-31,302,613,885,1125,1308,1421,1466,1438,1341,1175,940,669,368,45,-280,-591,-869,-1104,-1288,-1400,-1430,-1388,-1278,-1087,-840,-552,-218,112,431,728,981,1168,1281,1325,1286,1174,988,747,471,170,-136,-422,-676,-882,-1029,-1108,-1123,-1074,-950,-769,-543,-271,24,337,621,862,1040,1110,1049,852,531,205,-943,-1063,0,0,0,0,0,0,0,0,0,0,0,0,0,0,0,0,0,0,0,0,0,0,0,0,0,0,0,0,0,0,0,0,0,0,0,0,0,0,0,0,0,0,0,0,0,0,0,0,0,0,0,0,0,0,0,0,0,0,0,0,0,0,0,0,0,0,0,0,0,0,0,0,0,0,0,0,0,0,0,0,0,0,0,0,0,0,0,0,0,0,0,0,0,0,0,0,0,0,0,0,0,0,0,0,0,0,0,0,0,0,0,0,0,0,0,0,0,0,0,0,0,0,0,0,0,0,0,0,0,0,0,0,0,0,0,0,0,0,0,0,0,0,0,0,0,0,0,0,0,0,0,0,0,0,0,0,0,0,0,0,0,0,0,0,0,0,0,0,0,0,0,0,0,0,0,0,0,0,0,0,0,0,0,0,0,0,0,0,0,0,0,0,0,0,0,0,0,0,0,0,0,0,0,0,0,0,0,0,0,0,0,0,0,0,0,0,0,0,0,0,0,0,0,0,0,0,0,0,0,0,0,0,0,0,0,0,0,0,0,0,0,0,0,0,0,0,0,0,0,0,0,0,0,0,0,0,-1322,-147,50,-153,-264,-352,-380,-346,-261,-145,-12,128,247,352,430,476,492,475,427,348,239,111,-33,-178,-311,-445,-560,-637,-672,-675,-638,-552,-424,-271,-98,82,263,434,579,690,763,800,790,739,647,525,379,214,41,-142,-311,-475,-612,-723,-803,-844,-854,-829,-767,-672,-534,-380,-201,-1,199,392,576,733,851,942,990,1003,950,850,714,543,336,117,-108,-332,-540,-723,-880,-978,-1036,-1050,-1001,-918,-795,-622,-432,-215,-5,202,399,570,715,827,892,932,920,877,790,683,550,399,237,62,-106,-270,-428,-559,-668,-751,-815,-845,-847,-816,-742,-650,-531,-386,-222,-57,113,293,462,613,-175,842,904,927,911,864,779,658,514,347,153,-42,-228,-417,-586,-727,-845,-932,-974,-985,-953,-877,-777,-642,-482,-299,-102,114,322,522,715,887,1017,1107,1160,1173,1126,1019,867,665,434,182,-95,-385,-658,-896,-1101,-1266,-1378,-1416,-1383,-1278,-1114,-897,-626,-325,-16,306,622,905,1145,1321,1434,1481,1453,1348,1181,957,675,365,44,-282,-590,-879,-1110,-1286,-1404,-1452,-1424,-1319,-1150,-923,-646,-325,0,324,639,915,1132,1293,1384,1383,1315,1168,952,679,374,55,-267,-568,-828,-1031,-1165,-1227,-1210,-1120,-973,-767,-518,-240,39,315,570,782,949,1058,1098,1054,917,705,410,56,-310,-644,-869,-935,-727,-553
29002,mtk,MTK 7916,2777955386,rx0-tx1,512,0,0,0,0,0,0,0,0,0,0,0,0,0,0,0,0,0,0,0,0,0,0,0,0,0,0,0,0,0,0,0,0,0,0,0,0,0,0,0,0,0,0,0,0,0,0,0,0,0,0,0,0,0,0,0,0,0,0,0,0,0,0,0,0,0,0,0,0,0,0,0,0,0,0,0,0,0,0,0,0,0,0,0,0,0,0,0,0,0,0,0,0,0,0,0,0,0,0,0,0,0,0,0,0,0,0,0,0,0,0,0,0,0,0,0,0,0,0,0,0,0,0,0,0,0,0,0,0,0,0,0,0,0,0,0,0,0,0,0,0,0,0,0,0,0,0,0,0,0,0,0,0,0,0,0,0,0,0,0,0,0,0,0,0,0,0,0,0,0,0,0,0,0,0,0,0,0,0,0,0,0,0,0,0,0,0,0,0,0,0,0,0,0,0,0,0,0,0,0,0,0,0,0,0,0,0,0,0,0,0,0,0,0,0,0,0,0,0,0,0,0,0,0,0,0,0,0,0,0,0,0,0,0,0,0,0,0,0,0,0,0,0,0,0,0,0,0,0,0,0,0,0,0,0,0,0,-730,-155,-263,-62,38,162,272,344,368,345,284,191,87,-32,-147,-258,-354,-427,-478,-498,-482,-437,-360,-252,-126,18,168,315,455,571,658,707,716,683,608,493,347,176,-19,-216,-407,-589,-740,-856,-925,-945,-919,-847,-727,-554,-355,-137,104,340,565,767,930,1049,1123,1144,1094,999,854,657,430,178,-77,-339,-584,-800,-994,-1142,-1239,-1270,-1244,-1161,-1025,-842,-613,-359,-84,200,487,748,978,1163,1291,1377,1399,1338,1223,1042,822,562,269,-43,-352,-642,-909,-1139,-1309,-1417,-1459,-1434,-1350,-1205,-989,-728,-440,-135,179,485,766,1008,1198,1343,1428,1442,1384,1273,1104,891,635,360,70,-231,-507,-767,-546,-1179,-1305,-1373,-1383,-1341,-1241,-1083,-884,-648,-374,-94,186,472,728,960,1153,1297,1381,1410,1378,1282,1132,940,699,418,123,-188,-485,-772,-1023,-1228,-1369,-1453,-1478,-1436,-1327,-1151,-923,-656,-362,-51,265,570,843,1075,1262,1389,1458,1459,1384,1248,1061,825,557,267,-34,-338,-624,-880,-1097,-1255,-1360,-1405,-1387,-1309,-1170,-967,-716,-433,-134,175,471,757,1001,1199,1340,1404,1398,1324,1176,964,709,408,82,-236,-543,-830,-1064,-1234,-1329,-1340,-1280,-1148,-946,-685,-393,-83,225,511,756,951,1072,1128,1110,1022,882,686,457,216,-34,-276,-491,-669,-810,-900,-926,-886,-774,-601,-361,-70,232,504,690,752,162,68,0,0,0,0,0,0,0,0,0,0,0,0,0,0,0,0,0,0,0,0,0,0,0,0,0,0,0,0,0,0,0,0,0,0,0,0,0,0,0,0,0,0,0,0,0,0,0,0,0,0,0,0,0,0,0,0,0,0,0,0,0,0,0,0,0,0,0,0,0,0,0,0,0,0,0,0,0,0,0,0,0,0,0,0,0,0,0,0,0,0,0,0,0,0,0,0,0,0,0,0,0,0,0,0,0,0,0,0,0,0,0,0,0,0,0,0,0,0,0,0,0,0,0,0,0,0,0,0,0,0,0,0,0,0,0,0,0,0,0,0,0,0,0,0,0,0,0,0,0,0,0,0,0,0,0,0,0,0,0,0,0,0,0,0,0,0,0,0,0,0,0,0,0,0,0,0,0,0,0,0,0,0,0,0,0,0,0,0,0,0,0,0,0,0,0,0,0,0,0,0,0,0,0,0,0,0,0,0,0,0,0,0,0,0,0,0,0,0,0,0,0,0,0,0,0,0,0,0,0,0,0,0,0,0,0,0,0,0,0,0,0,0,0,0,0,0,0,0,0,0,0,0,0,0,0,0,-128,-615,-586,233,277,264,197,90,-38,-161,-271,-350,-404,-424,-405,-362,-282,-186,-75,47,172,296,413,504,567,602,596,555,476,360,218,54,-121,-294,-458,-602,-716,-803,-835,-822,-768,-666,-523,-345,-142,71,288,500,692,848,955,1032,1057,1016,929,788,601,390,150,-108,-361,-592,-805,-980,-1107,-1185,-1206,-1174,-1073,-931,-743,-512,-256,16,286,547,789,999,1157,1267,1319,1323,1258,1129,948,713,452,177,-129,-421,-702,-957,-1156,-1317,-1413,-1444,-1399,-1297,-1137,-916,-653,-355,-44,268,566,845,1089,1268,1394,1458,1454,1380,1240,1041,809,542,246,-63,-363,-641,-896,-1111,-1274,-1367,-1413,-1388,-1302,-1173,1197,-748,-482,-206,78,357,626,866,1066,1228,1337,1377,1377,1310,1186,1012,793,537,259,-30,-326,-604,-856,-1071,-1253,-1377,-1444,-1441,-1376,-1250,-1061,-824,-547,-250,65,377,672,937,1153,1318,1430,1478,1459,1368,1210,1003,751,463,162,-151,-454,-730,-973,-1178,-1323,-1403,-1423,-1383,-1276,-1117,-898,-643,-367,-70,235,531,803,1035,1215,1339,1405,1398,1325,1187,989,744,453,135,-177,-485,-773,-1016,-1207,-1346,-1394,-1364,-1272,-1106,-872,-592,-276,45,363,657,908,1097,1214,1257,1222,1110,936,710,443,165,-120,-378,-609,-794,-914,-979,-989,-935,-824,-663,-469,-238,11,263,500,703,852,914,872,716,462,203,-583,-618
29003,mtk,MTK 7916,2777955386,rx1-tx0,512,0,0,0,0,0,0,0,0,0,0,0,0,0,0,0,0,0,0,0,0,0,0,0,0,0,0,0,0,0,0,0,0,0,0,0,0,0,0,0,0,0,0,0,0,0,0,0,0,0,0,0,0,0,0,0,0,0,0,0,0,0,0,0,0,0,0,0,0,0,0,0,0,0,0,0,0,0,0,0,0,0,0,0,0,0,0,0,0,0,0,0,0,0,0,0,0,0,0,0,0,0,0,0,0,0,0,0,0,0,0,0,0,0,0,0,0,0,0,0,0,0,0,0,0,0,0,0,0,0,0,0,0,0,0,0,0,0,0,0,0,0,0,0,0,0,0,0,0,0,0,0,0,0,0,0,0,0,0,0,0,0,0,0,0,0,0,0,0,0,0,0,0,0,0,0,0,0,0,0,0,0,0,0,0,0,0,0,0,0,0,0,0,0,0,0,0,0,0,0,0,0,0,0,0,0,0,0,0,0,0,0,0,0,0,0,0,0,0,0,0,0,0,0,0,0,0,0,0,0,0,0,0,0,0,0,0,0,0,0,0,0,0,0,0,0,0,0,0,0,0,0,0,0,0,0,0,146,789,848,-126,-160,-164,-129,-68,9,85,150,201,225,229,212,177,126,61,-11,-83,-146,-205,-252,-271,-274,-253,-215,-166,-98,-23,51,115,179,227,255,268,266,249,204,154,95,30,-30,-86,-140,-173,-193,-205,-200,-188,-165,-137,-104,-70,-32,-4,25,54,74,81,84,89,84,80,75,68,64,60,50,49,53,62,66,59,55,48,32,14,-19,-46,-78,-127,-158,-190,-216,-227,-226,-216,-187,-140,-89,-25,39,105,183,251,302,335,347,345,309,256,202,132,48,-35,-120,-202,-264,-319,-365,-382,-379,-359,-326,-265,-200,-117,-18,66,143,218,288,349,391,402,391,361,-144,244,172,91,4,-86,-171,-250,-304,-347,-380,-377,-359,-329,-275,-211,-133,-55,15,95,168,220,260,295,311,304,294,273,228,173,124,74,13,-48,-100,-153,-198,-231,-252,-262,-263,-261,-234,-206,-170,-119,-66,-5,51,103,156,196,232,257,258,252,237,202,153,101,54,0,-60,-108,-146,-179,-199,-206,-201,-196,-187,-166,-131,-99,-67,-20,22,60,92,122,157,177,197,200,189,180,147,109,70,33,-25,-76,-122,-169,-201,-215,-223,-208,-179,-137,-92,-40,15,73,122,158,190,206,199,184,158,107,53,7,-45,-102,-138,-168,-182,-175,-146,-107,-46,11,64,94,470,607,0,0,0,0,0,0,0,0,0,0,0,0,0,0,0,0,0,0,0,0,0,0,0,0,0,0,0,0,0,0,0,0,0,0,0,0,0,0,0,0,0,0,0,0,0,0,0,0,0,0,0,0,0,0,0,0,0,0,0,0,0,0,0,0,0,0,0,0,0,0,0,0,0,0,0,0,0,0,0,0,0,0,0,0,0,0,0,0,0,0,0,0,0,0,0,0,0,0,0,0,0,0,0,0,0,0,0,0,0,0,0,0,0,0,0,0,0,0,0,0,0,0,0,0,0,0,0,0,0,0,0,0,0,0,0,0,0,0,0,0,0,0,0,0,0,0,0,0,0,0,0,0,0,0,0,0,0,0,0,0,0,0,0,0,0,0,0,0,0,0,0,0,0,0,0,0,0,0,0,0,0,0,0,0,0,0,0,0,0,0,0,0,0,0,0,0,0,0,0,0,0,0,0,0,0,0,0,0,0,0,0,0,0,0,0,0,0,0,0,0,0,0,0,0,0,0,0,0,0,0,0,0,0,0,0,0,0,0,0,0,0,0,0,0,0,0,0,0,0,0,0,0,0,0,0,0,206,334,189,-56,-4,73,143,191,212,200,161,104,37,-28,-95,-154,-205,-243,-254,-242,-211,-168,-104,-32,38,113,174,229,271,287,281,256,214,154,87,22,-48,-116,-169,-207,-234,-242,-235,-215,-183,-137,-96,-48,-1,44,85,112,125,134,138,137,136,122,100,79,62,39,20,3,-8,-17,-16,-20,-26,-26,-31,-41,-56,-66,-76,-94,-116,-131,-139,-139,-146,-135,-106,-77,-29,20,75,129,188,235,274,297,298,288,264,215,151,77,-4,-88,-170,-235,-292,-340,-367,-369,-360,-321,-262,-202,-121,-34,51,133,217,287,340,384,396,379,355,313,259,193,111,16,-79,-169,147,-298,-349,-381,-397,-390,-358,-309,-235,-163,-75,19,95,177,246,296,334,341,342,335,296,248,193,130,56,-9,-69,-133,-192,-230,-253,-279,-289,-276,-256,-229,-190,-144,-90,-38,12,66,117,160,204,236,252,257,253,239,207,165,118,65,8,-47,-106,-159,-196,-216,-234,-242,-230,-207,-177,-141,-100,-50,-9,33,74,114,143,159,180,194,189,180,165,144,116,81,39,-12,-51,-96,-138,-171,-187,-207,-217,-202,-176,-138,-84,-40,12,69,121,165,195,212,214,203,171,131,89,29,-26,-72,-127,-165,-182,-188,-190,-163,-120,-77,-20,41,92,133,156,153,134,96,685,601
29004,mtk,MTK 7916,2777955386,rx1-tx1,512,0,0,0,0,0,0,0,0,0,0,0,0,0,0,0,0,0,0,0,0,0,0,0,0,0,0,0,0,0,0,0,0,0,0,0,0,0,0,0,0,0,0,0,0,0,0,0,0,0,0,0,0,0,0,0,0,0,0,0,0,0,0,0,0,0,0,0,0,0,0,0,0,0,0,0,0,0,0,0,0,0,0,0,0,0,0,0,0,0,0,0,0,0,0,0,0,0,0,0,0,0,0,0,0,0,0,0,0,0,0,0,0,0,0,0,0,0,0,0,0,0,0,0,0,0,0,0,0,0,0,0,0,0,0,0,0,0,0,0,0,0,0,0,0,0,0,0,0,0,0,0,0,0,0,0,0,0,0,0,0,0,0,0,0,0,0,0,0,0,0,0,0,0,0,0,0,0,0,0,0,0,0,0,0,0,0,0,0,0,0,0,0,0,0,0,0,0,0,0,0,0,0,0,0,0,0,0,0,0,0,0,0,0,0,0,0,0,0,0,0,0,0,0,0,0,0,0,0,0,0,0,0,0,0,0,0,0,0,0,0,0,0,0,0,0,0,0,0,0,0,0,0,0,0,0,0,-411,-743,-703,-74,-79,-70,-52,-22,19,64,97,108,91,64,19,-34,-80,-103,-101,-80,-41,16,72,105,114,95,53,2,-49,-94,-112,-98,-63,-12,41,76,90,83,55,16,-25,-56,-65,-61,-42,-15,10,35,41,39,27,18,8,5,-4,-9,-11,-18,-29,-40,-37,-22,0,21,46,64,70,53,18,-33,-75,-95,-100,-77,-24,38,90,121,120,83,23,-51,-109,-139,-124,-77,-5,67,120,138,116,64,-10,-78,-123,-132,-110,-55,17,80,111,112,78,22,-37,-77,-94,-82,-42,8,50,74,71,50,19,-13,-41,-50,-34,-5,18,32,36,21,-12,-42,-48,-35,0,36,74,91,73,31,-26,-89,-139,-152,-117,-31,71,157,207,205,140,27,-104,-220,-278,-258,-163,-18,139,268,326,296,187,15,-176,-318,-370,-327,-190,7,196,337,389,334,181,-27,-225,-359,-392,-321,-160,52,249,368,385,296,129,-77,-261,-361,-359,-264,-92,106,268,355,337,213,40,-141,-285,-342,-307,-189,-9,175,302,345,288,152,-19,-189,-306,-340,-274,-133,34,188,296,321,258,131,-31,-185,-286,-302,-244,-124,24,165,254,276,224,118,-5,-124,-209,-231,-187,-102,8,113,183,199,160,82,-16,-109,-173,-184,-155,-92,-2,91,161,195,196,156,90,12,-682,-729,0,0,0,0,0,0,0,0,0,0,0,0,0,0,0,0,0,0,0,0,0,0,0,0,0,0,0,0,0,0,0,0,0,0,0,0,0,0,0,0,0,0,0,0,0,0,0,0,0,0,0,0,0,0,0,0,0,0,0,0,0,0,0,0,0,0,0,0,0,0,0,0,0,0,0,0,0,0,0,0,0,0,0,0,0,0,0,0,0,0,0,0,0,0,0,0,0,0,0,0,0,0,0,0,0,0,0,0,0,0,0,0,0,0,0,0,0,0,0,0,0,0,0,0,0,0,0,0,0,0,0,0,0,0,0,0,0,0,0,0,0,0,0,0,0,0,0,0,0,0,0,0,0,0,0,0,0,0,0,0,0,0,0,0,0,0,0,0,0,0,0,0,0,0,0,0,0,0,0,0,0,0,0,0,0,0,0,0,0,0,0,0,0,0,0,0,0,0,0,0,0,0,0,0,0,0,0,0,0,0,0,0,0,0,0,0,0,0,0,0,0,0,0,0,0,0,0,0,0,0,0,0,0,0,0,0,0,0,0,0,0,0,0,0,0,0,0,0,0,0,0,0,0,0,0,0,-92,171,328,4,-25,-51,-77,-96,-100,-83,-51,-9,44,86,104,101,78,33,-23,-71,-106,-115,-90,-46,8,63,100,112,97,58,7,-47,-87,-102,-91,-62,-16,33,64,75,73,51,19,-16,-45,-51,-42,-32,-19,-4,11,17,15,14,19,18,14,16,13,1,-20,-42,-58,-56,-36,-4,28,61,82,83,60,19,-31,-78,-112,-110,-74,-17,42,96,126,126,86,17,-56,-118,-144,-123,-69,-2,67,116,133,116,62,-10,-69,-111,-125,-95,-38,24,87,115,99,62,11,-44,-76,-84,-68,-26,19,47,63,58,33,-2,-32,-47,-37,-10,19,38,36,21,-3,-31,0,-63,-39,8,66,108,118,90,34,-43,-123,-176,-175,-119,-22,92,193,243,231,150,18,-129,-246,-300,-275,-172,-16,155,287,353,316,183,-6,-191,-326,-376,-321,-180,18,217,356,397,335,174,-36,-234,-368,-397,-315,-147,67,251,361,374,284,115,-85,-259,-363,-355,-238,-64,125,274,343,315,199,29,-148,-288,-346,-296,-161,13,179,303,340,277,137,-39,-201,-306,-328,-263,-125,38,188,283,307,244,122,-28,-170,-263,-284,-236,-124,22,149,232,249,205,113,-2,-116,-192,-207,-174,-99,6,107,170,187,151,80,-10,-103,-166,-191,-173,-121,-39,44,116,161,171,-280,-144
29005,mtk,MTK 7916,2777955386,rx2-tx0,512,0,0,0,0,0,0,0,0,0,0,0,0,0,0,0,0,0,0,0,0,0,0,0,0,0,0,0,0,0,0,0,0,0,0,0,0,0,0,0,0,0,0,0,0,0,0,0,0,0,0,0,0,0,0,0,0,0,0,0,0,0,0,0,0,0,0,0,0,0,0,0,0,0,0,0,0,0,0,0,0,0,0,0,0,0,0,0,0,0,0,0,0,0,0,0,0,0,0,0,0,0,0,0,0,0,0,0,0,0,0,0,0,0,0,0,0,0,0,0,0,0,0,0,0,0,0,0,0,0,0,0,0,0,0,0,0,0,0,0,0,0,0,0,0,0,0,0,0,0,0,0,0,0,0,0,0,0,0,0,0,0,0,0,0,0,0,0,0,0,0,0,0,0,0,0,0,0,0,0,0,0,0,0,0,0,0,0,0,0,0,0,0,0,0,0,0,0,0,0,0,0,0,0,0,0,0,0,0,0,0,0,0,0,0,0,0,0,0,0,0,0,0,0,0,0,0,0,0,0,0,0,0,0,0,0,0,0,0,0,0,0,0,0,0,0,0,0,0,0,0,0,0,0,0,0,0,-136,746,807,-26,-5,22,52,76,89,85,63,31,-4,-42,-69,-80,-75,-55,-21,16,52,72,75,62,39,9,-29,-60,-75,-76,-67,-38,-1,31,57,78,85,76,47,5,-38,-82,-113,-116,-89,-39,25,88,133,148,125,69,-18,-110,-171,-189,-158,-82,24,126,202,224,180,81,-45,-168,-250,-254,-179,-49,100,226,290,274,171,8,-167,-298,-342,-281,-135,54,240,362,378,275,85,-138,-329,-428,-396,-243,-19,220,405,475,404,212,-51,-302,-466,-493,-378,-148,135,378,508,489,323,59,-224,-440,-523,-450,-248,37,313,491,519,394,147,-149,-400,-533,-505,-315,-32,258,0,553,459,227,-83,-369,-543,-556,-400,-118,199,458,582,531,316,8,-308,-536,-610,-499,-237,99,404,592,615,452,153,-185,-472,-632,-604,-398,-78,267,533,647,573,339,10,-317,-553,-629,-533,-289,33,337,541,594,474,225,-77,-345,-510,-530,-402,-170,104,341,469,460,326,108,-128,-318,-411,-389,-257,-61,138,294,359,314,183,14,-155,-272,-305,-249,-128,23,165,252,264,203,80,-59,-171,-233,-234,-164,-50,75,179,232,221,150,39,-85,-181,-228,-216,-153,-52,64,161,213,210,159,73,-32,-129,-192,-206,-174,-103,-8,88,161,201,200,163,94,15,-57,-113,-151,422,555,0,0,0,0,0,0,0,0,0,0,0,0,0,0,0,0,0,0,0,0,0,0,0,0,0,0,0,0,0,0,0,0,0,0,0,0,0,0,0,0,0,0,0,0,0,0,0,0,0,0,0,0,0,0,0,0,0,0,0,0,0,0,0,0,0,0,0,0,0,0,0,0,0,0,0,0,0,0,0,0,0,0,0,0,0,0,0,0,0,0,0,0,0,0,0,0,0,0,0,0,0,0,0,0,0,0,0,0,0,0,0,0,0,0,0,0,0,0,0,0,0,0,0,0,0,0,0,0,0,0,0,0,0,0,0,0,0,0,0,0,0,0,0,0,0,0,0,0,0,0,0,0,0,0,0,0,0,0,0,0,0,0,0,0,0,0,0,0,0,0,0,0,0,0,0,0,0,0,0,0,0,0,0,0,0,0,0,0,0,0,0,0,0,0,0,0,0,0,0,0,0,0,0,0,0,0,0,0,0,0,0,0,0,0,0,0,0,0,0,0,0,0,0,0,0,0,0,0,0,0,0,0,0,0,0,0,0,0,0,0,0,0,0,0,0,0,0,0,0,0,0,0,0,0,0,0,1335,335,183,-64,-76,-79,-69,-46,-10,31,62,80,85,72,44,9,-31,-64,-83,-83,-62,-29,6,40,67,78,72,52,23,-9,-42,-68,-83,-77,-57,-27,9,49,82,97,93,67,18,-36,-82,-120,-130,-107,-54,18,92,151,175,145,72,-17,-107,-179,-203,-165,-77,39,153,225,235,181,68,-70,-195,-271,-273,-184,-34,127,260,322,281,154,-21,-202,-333,-365,-280,-109,99,287,395,388,265,59,-173,-362,-452,-407,-231,18,262,436,488,392,178,-91,-344,-497,-505,-361,-109,175,409,522,477,289,15,-262,-463,-520,-420,-197,88,357,516,516,357,92,-201,-441,-545,-484,0,28,313,506,550,424,173,-135,-411,-566,-548,-356,-58,254,499,599,517,279,-41,-351,-564,-613,-478,-197,144,446,614,603,423,118,-229,-511,-649,-599,-372,-42,289,544,644,561,316,-13,-331,-555,-616,-503,-254,57,349,536,566,440,199,-93,-350,-495,-498,-366,-139,116,327,441,423,290,85,-134,-311,-387,-351,-221,-39,147,283,332,283,159,-4,-157,-258,-280,-221,-102,40,165,242,245,175,60,-67,-178,-238,-226,-157,-44,81,178,231,223,151,42,-71,-168,-219,-214,-152,-57,53,148,205,211,165,81,-19,-116,-184,-208,-187,-129,-46,44,124,179,198,183,142,78,660,556
29006,mtk,MTK 7916,2777955386,rx2-tx1,512,0,0,0,0,0,0,0,0,0,0,0,0,0,0,0,0,0,0,0,0,0,0,0,0,0,0,0,0,0,0,0,0,0,0,0,0,0,0,0,0,0,0,0,0,0,0,0,0,0,0,0,0,0,0,0,0,0,0,0,0,0,0,0,0,0,0,0,0,0,0,0,0,0,0,0,0,0,0,0,0,0,0,0,0,0,0,0,0,0,0,0,0,0,0,0,0,0,0,0,0,0,0,0,0,0,0,0,0,0,0,0,0,0,0,0,0,0,0,0,0,0,0,0,0,0,0,0,0,0,0,0,0,0,0,0,0,0,0,0,0,0,0,0,0,0,0,0,0,0,0,0,0,0,0,0,0,0,0,0,0,0,0,0,0,0,0,0,0,0,0,0,0,0,0,0,0,0,0,0,0,0,0,0,0,0,0,0,0,0,0,0,0,0,0,0,0,0,0,0,0,0,0,0,0,0,0,0,0,0,0,0,0,0,0,0,0,0,0,0,0,0,0,0,0,0,0,0,0,0,0,0,0,0,0,0,0,0,0,0,0,0,0,0,0,0,0,0,0,0,0,0,0,0,0,0,0,236,-184,-141,-50,-34,-14,18,51,76,85,79,60,31,-13,-56,-83,-90,-76,-38,9,55,84,89,70,33,-14,-63,-94,-100,-74,-26,32,75,100,101,65,2,-58,-99,-113,-86,-33,30,90,129,125,72,-1,-80,-132,-141,-107,-38,57,143,179,157,90,-15,-127,-203,-216,-161,-56,78,207,274,259,166,14,-159,-289,-336,-287,-141,55,235,361,386,290,104,-120,-317,-427,-419,-289,-56,197,390,476,431,249,-12,-266,-444,-498,-403,-193,77,329,492,506,367,119,-158,-390,-507,-475,-304,-47,223,427,499,420,222,-39,-281,-435,-454,-342,-130,121,330,428,393,234,10,-212,0,-396,-313,-130,98,288,389,366,222,5,-207,-353,-387,-301,-122,100,296,401,373,233,28,-195,-364,-415,-337,-165,59,269,397,402,291,89,-140,-322,-401,-370,-232,-20,195,341,381,314,159,-38,-215,-322,-337,-249,-92,86,230,293,273,179,33,-114,-216,-254,-205,-101,24,136,193,189,133,37,-69,-142,-168,-141,-71,23,105,141,131,90,19,-63,-119,-137,-108,-44,25,85,121,113,73,19,-41,-92,-113,-96,-53,-2,42,77,91,76,36,-12,-49,-66,-63,-43,-12,14,32,40,33,15,-5,-22,-32,-25,-13,6,26,42,38,20,-3,-29,-53,-65,-66,-54,-316,-267,0,0,0,0,0,0,0,0,0,0,0,0,0,0,0,0,0,0,0,0,0,0,0,0,0,0,0,0,0,0,0,0,0,0,0,0,0,0,0,0,0,0,0,0,0,0,0,0,0,0,0,0,0,0,0,0,0,0,0,0,0,0,0,0,0,0,0,0,0,0,0,0,0,0,0,0,0,0,0,0,0,0,0,0,0,0,0,0,0,0,0,0,0,0,0,0,0,0,0,0,0,0,0,0,0,0,0,0,0,0,0,0,0,0,0,0,0,0,0,0,0,0,0,0,0,0,0,0,0,0,0,0,0,0,0,0,0,0,0,0,0,0,0,0,0,0,0,0,0,0,0,0,0,0,0,0,0,0,0,0,0,0,0,0,0,0,0,0,0,0,0,0,0,0,0,0,0,0,0,0,0,0,0,0,0,0,0,0,0,0,0,0,0,0,0,0,0,0,0,0,0,0,0,0,0,0,0,0,0,0,0,0,0,0,0,0,0,0,0,0,0,0,0,0,0,0,0,0,0,0,0,0,0,0,0,0,0,0,0,0,0,0,0,0,0,0,0,0,0,0,0,0,0,0,0,0,-351,296,321,-38,-58,-72,-75,-65,-42,-9,32,66,88,90,70,33,-14,-55,-85,-95,-83,-44,8,58,93,101,77,34,-17,-68,-102,-99,-64,-15,40,88,110,96,50,-11,-76,-113,-118,-84,-16,56,110,132,112,54,-26,-103,-153,-156,-105,-15,90,172,199,163,76,-46,-156,-233,-246,-177,-40,115,240,304,274,148,-24,-201,-329,-359,-284,-129,80,279,395,392,281,83,-151,-348,-448,-417,-262,-27,232,427,495,424,228,-44,-297,-462,-506,-393,-159,124,369,500,488,340,88,-191,-412,-503,-443,-258,0,254,431,479,379,171,-82,-306,-433,-421,-287,-68,165,350,417,350,0,-45,-253,-377,-376,-259,-67,152,323,384,325,165,-47,-251,-377,-381,-272,-77,147,325,400,359,200,-19,-236,-383,-406,-314,-130,95,291,397,388,257,54,-160,-324,-400,-351,-193,9,199,329,360,276,117,-69,-231,-318,-308,-212,-59,99,227,277,243,135,-6,-127,-198,-216,-168,-66,44,136,184,164,96,7,-88,-145,-156,-118,-42,44,108,134,117,64,-4,-75,-120,-123,-93,-39,31,87,116,113,71,6,-52,-90,-100,-82,-44,10,50,74,81,64,26,-13,-40,-58,-54,-32,-10,7,26,30,14,-1,-13,-26,-30,-18,4,28,46,54,50,37,6,-28,-58,191,236
29007,mtk,MTK 7916,2778024122,rx0-tx0,512,0,0,0,0,0,0,0,0,0,0,0,0,0,0,0,0,0,0,0,0,0,0,0,0,0,0,0,0,0,0,0,0,0,0,0,0,0,0,0,0,0,0,0,0,0,0,0,0,0,0,0,0,0,0,0,0,0,0,0,0,0,0,0,0,0,0,0,0,0,0,0,0,0,0,0,0,0,0,0,0,0,0,0,0,0,0,0,0,0,0,0,0,0,0,0,0,0,0,0,0,0,0,0,0,0,0,0,0,0,0,0,0,0,0,0,0,0,0,0,0,0,0,0,0,0,0,0,0,0,0,0,0,0,0,0,0,0,0,0,0,0,0,0,0,0,0,0,0,0,0,0,0,0,0,0,0,0,0,0,0,0,0,0,0,0,0,0,0,0,0,0,0,0,0,0,0,0,0,0,0,0,0,0,0,0,0,0,0,0,0,0,0,0,0,0,0,0,0,0,0,0,0,0,0,0,0,0,0,0,0,0,0,0,0,0,0,0,0,0,0,0,0,0,0,0,0,0,0,0,0,0,0,0,0,0,0,0,0,0,0,0,0,0,0,0,0,0,0,0,0,0,0,0,0,0,0,-273,-1191,-1189,-17,102,232,333,394,401,355,279,173,50,-70,-189,-293,-389,-467,-509,-526,-511,-458,-382,-270,-141,1,151,307,452,574,674,731,747,711,635,532,396,230,40,-148,-328,-493,-633,-739,-813,-844,-831,-793,-715,-596,-458,-301,-132,58,240,412,575,707,821,893,935,936,895,815,701,550,371,177,-33,-242,-446,-640,-805,-931,-1019,-1055,-1059,-1012,-906,-768,-597,-401,-177,51,279,502,680,836,965,1034,1056,1027,957,860,719,554,363,168,-30,-223,-396,-552,-679,-772,-835,-871,-866,-839,-781,-698,-590,-467,-322,-173,-30,128,272,404,535,641,720,783,819,826,808,755,669,568,-1687,296,129,-34,-208,-372,-520,-643,-752,-842,-892,-913,-898,-853,-769,-654,-521,-357,-190,-5,197,362,535,696,821,928,1002,1046,1048,1000,921,811,650,462,249,21,-218,-459,-681,-889,-1059,-1193,-1278,-1299,-1275,-1185,-1042,-847,-605,-344,-54,248,535,803,1039,1236,1366,1436,1449,1388,1264,1079,840,562,260,-61,-370,-666,-926,-1134,-1297,-1399,-1434,-1397,-1293,-1135,-924,-669,-398,-94,216,506,773,1013,1186,1305,1365,1355,1271,1118,912,659,376,71,-240,-533,-790,-994,-1146,-1235,-1244,-1190,-1070,-887,-653,-398,-124,153,411,639,834,976,1057,1081,1033,923,750,514,233,-85,-412,-712,-940,-1046,-996,-831,-943,-1063,0,0,0,0,0,0,0,0,0,0,0,0,0,0,0,0,0,0,0,0,0,0,0,0,0,0,0,0,0,0,0,0,0,0,0,0,0,0,0,0,0,0,0,0,0,0,0,0,0,0,0,0,0,0,0,0,0,0,0,0,0,0,0,0,0,0,0,0,0,0,0,0,0,0,0,0,0,0,0,0,0,0,0,0,0,0,0,0,0,0,0,0,0,0,0,0,0,0,0,0,0,0,0,0,0,0,0,0,0,0,0,0,0,0,0,0,0,0,0,0,0,0,0,0,0,0,0,0,0,0,0,0,0,0,0,0,0,0,0,0,0,0,0,0,0,0,0,0,0,0,0,0,0,0,0,0,0,0,0,0,0,0,0,0,0,0,0,0,0,0,0,0,0,0,0,0,0,0,0,0,0,0,0,0,0,0,0,0,0,0,0,0,0,0,0,0,0,0,0,0,0,0,0,0,0,0,0,0,0,0,0,0,0,0,0,0,0,0,0,0,0,0,0,0,0,0,0,0,0,0,0,0,0,0,0,0,0,0,0,0,0,0,0,0,0,0,0,0,0,0,0,0,0,0,0,0,-1322,-147,50,275,299,259,169,45,-97,-222,-323,-398,-436,-444,-419,-369,-290,-186,-69,53,186,313,429,524,587,622,625,589,508,399,257,95,-83,-267,-429,-573,-688,-770,-811,-805,-759,-667,-545,-397,-234,-50,132,306,477,615,729,815,870,881,843,786,692,570,418,246,58,-138,-332,-515,-675,-814,-910,-979,-1001,-982,-920,-814,-665,-487,-284,-68,154,381,584,754,894,1003,1069,1073,1038,951,819,677,487,267,51,-171,-368,-548,-709,-833,-923,-965,-971,-932,-860,-753,-621,-470,-313,-140,29,190,347,486,599,694,764,800,821,810,762,707,620,509,380,236,82,-71,-222,-377,-516,-638,-175,-821,-858,-872,-858,-803,-718,-608,-484,-324,-154,27,204,374,534,671,792,882,936,967,940,891,827,711,575,412,224,28,-178,-383,-576,-761,-918,-1034,-1118,-1166,-1174,-1121,-1018,-865,-671,-450,-181,85,350,608,842,1059,1233,1345,1404,1385,1305,1174,990,747,462,161,-147,-452,-738,-993,-1198,-1346,-1440,-1464,-1416,-1303,-1120,-888,-624,-332,-25,287,579,843,1067,1233,1348,1404,1380,1291,1154,951,698,419,120,-189,-490,-764,-995,-1170,-1281,-1328,-1296,-1192,-1024,-805,-553,-260,38,323,588,818,984,1094,1145,1126,1041,902,714,488,236,-29,-299,-550,-778,-960,-1074,-1104,-1030,-851,-565,-203,178,455,-727,-553
29008,mtk,MTK 7916,2778024122,rx0-tx1,512,0,0,0,0,0,0,0,0,0,0,0,0,0,0,0,0,0,0,0,0,0,0,0,0,0,0,0,0,0,0,0,0,0,0,0,0,0,0,0,0,0,0,0,0,0,0,0,0,0,0,0,0,0,0,0,0,0,0,0,0,0,0,0,0,0,0,0,0,0,0,0,0,0,0,0,0,0,0,0,0,0,0,0,0,0,0,0,0,0,0,0,0,0,0,0,0,0,0,0,0,0,0,0,0,0,0,0,0,0,0,0,0,0,0,0,0,0,0,0,0,0,0,0,0,0,0,0,0,0,0,0,0,0,0,0,0,0,0,0,0,0,0,0,0,0,0,0,0,0,0,0,0,0,0,0,0,0,0,0,0,0,0,0,0,0,0,0,0,0,0,0,0,0,0,0,0,0,0,0,0,0,0,0,0,0,0,0,0,0,0,0,0,0,0,0,0,0,0,0,0,0,0,0,0,0,0,0,0,0,0,0,0,0,0,0,0,0,0,0,0,0,0,0,0,0,0,0,0,0,0,0,0,0,0,0,0,0,0,0,0,0,0,0,0,0,0,0,0,0,0,0,0,0,0,0,0,-730,-155,-263,-177,-264,-312,-305,-249,-155,-38,86,196,294,370,418,436,428,392,327,243,137,15,-115,-250,-372,-472,-554,-610,-624,-611,-565,-480,-359,-208,-55,112,280,437,579,699,782,827,835,799,727,610,456,289,94,-115,-310,-509,-694,-840,-947,-1019,-1040,-1013,-941,-827,-665,-479,-274,-35,210,444,658,851,1003,1113,1185,1209,1170,1073,931,754,535,296,42,-224,-489,-729,-949,-1116,-1243,-1322,-1343,-1315,-1214,-1056,-856,-611,-348,-68,227,513,780,1009,1202,1332,1405,1423,1371,1258,1104,892,640,359,72,-219,-503,-755,-985,-1171,-1297,-1373,-1391,-1346,-1246,-1098,-906,-676,-417,-153,122,391,633,858,-546,1179,1272,1316,1310,1251,1140,991,800,578,331,71,-189,-446,-677,-890,-1063,-1204,-1294,-1334,-1333,-1261,-1141,-994,-783,-529,-265,16,298,573,824,1046,1221,1335,1405,1412,1365,1248,1078,864,619,350,60,-233,-513,-765,-981,-1155,-1289,-1360,-1368,-1322,-1230,-1079,-889,-660,-403,-135,137,402,649,870,1057,1192,1288,1324,1306,1234,1100,920,694,443,171,-121,-404,-667,-904,-1096,-1237,-1323,-1343,-1291,-1176,-997,-775,-512,-223,83,380,654,893,1076,1200,1257,1242,1154,1002,792,548,278,-6,-276,-520,-721,-876,-974,-1010,-990,-909,-781,-612,-417,-203,18,237,444,624,764,852,877,825,683,461,189,-105,-322,162,68,0,0,0,0,0,0,0,0,0,0,0,0,0,0,0,0,0,0,0,0,0,0,0,0,0,0,0,0,0,0,0,0,0,0,0,0,0,0,0,0,0,0,0,0,0,0,0,0,0,0,0,0,0,0,0,0,0,0,0,0,0,0,0,0,0,0,0,0,0,0,0,0,0,0,0,0,0,0,0,0,0,0,0,0,0,0,0,0,0,0,0,0,0,0,0,0,0,0,0,0,0,0,0,0,0,0,0,0,0,0,0,0,0,0,0,0,0,0,0,0,0,0,0,0,0,0,0,0,0,0,0,0,0,0,0,0,0,0,0,0,0,0,0,0,0,0,0,0,0,0,0,0,0,0,0,0,0,0,0,0,0,0,0,0,0,0,0,0,0,0,0,0,0,0,0,0,0,0,0,0,0,0,0,0,0,0,0,0,0,0,0,0,0,0,0,0,0,0,0,0,0,0,0,0,0,0,0,0,0,0,0,0,0,0,0,0,0,0,0,0,0,0,0,0,0,0,0,0,0,0,0,0,0,0,0,0,0,0,0,0,0,0,0,0,0,0,0,0,0,0,0,0,0,0,0,0,-128,-615,-586,-170,-102,13,140,254,338,383,381,345,286,202,95,-16,-130,-243,-341,-424,-486,-518,-523,-491,-428,-336,-227,-87,67,213,361,492,604,677,721,734,703,635,529,392,227,48,-138,-322,-494,-652,-779,-873,-935,-937,-903,-837,-718,-555,-368,-160,64,280,492,689,858,983,1076,1126,1116,1054,949,798,608,392,156,-101,-357,-595,-810,-991,-1137,-1230,-1275,-1267,-1194,-1079,-914,-702,-461,-189,87,364,640,878,1079,1237,1339,1398,1391,1315,1175,993,766,496,212,-87,-384,-655,-900,-1113,-1270,-1368,-1410,-1399,-1318,-1187,-1003,-773,-521,-246,44,325,589,822,1028,1187,1294,1346,1348,1289,1183,1034,1197,608,356,100,-163,-420,-658,-868,-1045,-1178,-1269,-1308,-1303,-1240,-1130,-971,-778,-557,-309,-53,220,490,720,940,1134,1274,1360,1393,1367,1277,1137,953,715,457,173,-119,-407,-680,-917,-1116,-1268,-1367,-1405,-1384,-1305,-1169,-986,-767,-513,-234,51,323,588,828,1023,1177,1278,1327,1327,1273,1162,1007,803,570,313,35,-232,-505,-750,-963,-1136,-1253,-1327,-1336,-1277,-1162,-990,-769,-515,-232,67,359,636,882,1076,1225,1306,1319,1253,1126,936,699,428,132,-167,-451,-701,-904,-1052,-1141,-1155,-1097,-976,-807,-596,-360,-115,128,354,550,708,819,884,894,853,761,617,431,209,-41,-301,-540,-717,-803,-778,-665,-583,-618
29009,mtk,MTK 7916,2778024122,rx1-tx0,512,0,0,0,0,0,0,0,0,0,0,0,0,0,0,0,0,0,0,0,0,0,0,0,0,0,0,0,0,0,0,0,0,0,0,0,0,0,0,0,0,0,0,0,0,0,0,0,0,0,0,0,0,0,0,0,0,0,0,0,0,0,0,0,0,0,0,0,0,0,0,0,0,0,0,0,0,0,0,0,0,0,0,0,0,0,0,0,0,0,0,0,0,0,0,0,0,0,0,0,0,0,0,0,0,0,0,0,0,0,0,0,0,0,0,0,0,0,0,0,0,0,0,0,0,0,0,0,0,0,0,0,0,0,0,0,0,0,0,0,0,0,0,0,0,0,0,0,0,0,0,0,0,0,0,0,0,0,0,0,0,0,0,0,0,0,0,0,0,0,0,0,0,0,0,0,0,0,0,0,0,0,0,0,0,0,0,0,0,0,0,0,0,0,0,0,0,0,0,0,0,0,0,0,0,0,0,0,0,0,0,0,0,0,0,0,0,0,0,0,0,0,0,0,0,0,0,0,0,0,0,0,0,0,0,0,0,0,0,0,0,0,0,0,0,0,0,0,0,0,0,0,0,0,0,0,0,146,789,848,114,74,8,-70,-142,-190,-207,-207,-179,-140,-85,-23,42,105,157,202,232,241,238,214,179,126,64,3,-68,-133,-178,-220,-251,-260,-250,-226,-195,-148,-91,-37,21,72,120,163,186,191,194,184,162,142,106,71,44,9,-15,-32,-55,-66,-64,-77,-77,-75,-70,-62,-70,-64,-66,-74,-81,-82,-81,-78,-77,-70,-56,-42,-26,2,36,82,125,161,197,228,249,262,261,237,207,160,94,13,-70,-154,-236,-301,-357,-382,-406,-405,-372,-313,-241,-168,-76,21,118,212,295,357,399,430,435,419,386,335,260,180,92,-5,-96,-187,-260,-334,-387,-426,-446,-441,-415,-144,-295,-216,-126,-32,57,145,244,319,367,409,429,431,418,372,312,246,159,68,-12,-115,-195,-250,-315,-355,-367,-383,-377,-351,-308,-250,-183,-109,-39,35,112,172,223,271,320,331,331,338,303,266,223,161,97,26,-28,-86,-160,-220,-247,-263,-286,-294,-275,-252,-213,-168,-125,-77,-17,37,86,136,177,202,228,232,230,223,197,180,155,116,79,31,-19,-64,-111,-155,-182,-218,-238,-237,-234,-213,-182,-141,-84,-29,31,83,139,187,222,246,244,241,216,174,119,59,-6,-63,-121,-172,-203,-223,-225,-217,-192,-155,-103,-38,27,85,137,184,210,199,168,116,60,470,607,0,0,0,0,0,0,0,0,0,0,0,0,0,0,0,0,0,0,0,0,0,0,0,0,0,0,0,0,0,0,0,0,0,0,0,0,0,0,0,0,0,0,0,0,0,0,0,0,0,0,0,0,0,0,0,0,0,0,0,0,0,0,0,0,0,0,0,0,0,0,0,0,0,0,0,0,0,0,0,0,0,0,0,0,0,0,0,0,0,0,0,0,0,0,0,0,0,0,0,0,0,0,0,0,0,0,0,0,0,0,0,0,0,0,0,0,0,0,0,0,0,0,0,0,0,0,0,0,0,0,0,0,0,0,0,0,0,0,0,0,0,0,0,0,0,0,0,0,0,0,0,0,0,0,0,0,0,0,0,0,0,0,0,0,0,0,0,0,0,0,0,0,0,0,0,0,0,0,0,0,0,0,0,0,0,0,0,0,0,0,0,0,0,0,0,0,0,0,0,0,0,0,0,0,0,0,0,0,0,0,0,0,0,0,0,0,0,0,0,0,0,0,0,0,0,0,0,0,0,0,0,0,0,0,0,0,0,0,0,0,0,0,0,0,0,0,0,0,0,0,0,0,0,0,0,0,206,334,189,-91,-143,-177,-179,-148,-83,-18,51,113,162,204,221,223,203,171,129,68,6,-60,-117,-170,-215,-240,-253,-251,-218,-179,-137,-73,-5,60,116,162,201,225,235,233,213,183,149,99,55,9,-37,-71,-101,-127,-133,-139,-138,-122,-113,-100,-72,-59,-47,-33,-24,-15,-15,-5,4,5,10,21,30,31,44,60,88,107,122,143,161,173,174,161,140,112,68,11,-41,-106,-167,-220,-279,-318,-345,-347,-332,-295,-239,-167,-86,-3,99,195,281,342,392,425,433,418,384,324,247,167,72,-30,-123,-213,-291,-352,-399,-435,-443,-432,-393,-339,-280,-201,-118,-20,77,167,147,324,382,424,437,434,422,382,310,228,146,51,-37,-132,-221,-290,-350,-395,-404,-408,-406,-353,-310,-256,-166,-92,-18,68,146,218,269,314,342,357,362,343,306,259,207,138,65,3,-72,-142,-187,-236,-280,-313,-320,-298,-292,-267,-221,-165,-113,-57,16,81,128,172,206,230,251,263,249,234,209,169,139,94,42,-2,-56,-99,-133,-171,-198,-215,-224,-225,-213,-199,-170,-139,-96,-39,13,63,116,161,203,232,250,246,235,209,162,115,49,-7,-68,-133,-181,-215,-235,-242,-232,-209,-165,-115,-59,-5,61,117,164,202,217,214,192,161,117,47,-24,-90,-147,-172,685,601
29010,mtk,MTK 7916,2778024122,rx1-tx1,512,0,0,0,0,0,0,0,0,0,0,0,0,0,0,0,0,0,0,0,0,0,0,0,0,0,0,0,0,0,0,0,0,0,0,0,0,0,0,0,0,0,0,0,0,0,0,0,0,0,0,0,0,0,0,0,0,0,0,0,0,0,0,0,0,0,0,0,0,0,0,0,0,0,0,0,0,0,0,0,0,0,0,0,0,0,0,0,0,0,0,0,0,0,0,0,0,0,0,0,0,0,0,0,0,0,0,0,0,0,0,0,0,0,0,0,0,0,0,0,0,0,0,0,0,0,0,0,0,0,0,0,0,0,0,0,0,0,0,0,0,0,0,0,0,0,0,0,0,0,0,0,0,0,0,0,0,0,0,0,0,0,0,0,0,0,0,0,0,0,0,0,0,0,0,0,0,0,0,0,0,0,0,0,0,0,0,0,0,0,0,0,0,0,0,0,0,0,0,0,0,0,0,0,0,0,0,0,0,0,0,0,0,0,0,0,0,0,0,0,0,0,0,0,0,0,0,0,0,0,0,0,0,0,0,0,0,0,0,0,0,0,0,0,0,0,0,0,0,0,0,0,0,0,0,0,0,-411,-743,-703,-6,3,13,25,36,42,45,39,19,-3,-25,-46,-54,-49,-36,-8,24,50,66,68,52,17,-26,-61,-83,-90,-71,-25,27,74,104,106,76,31,-23,-82,-122,-120,-92,-35,32,94,128,129,96,37,-40,-106,-140,-134,-89,-11,71,127,146,126,63,-14,-83,-131,-143,-110,-36,42,107,140,129,87,22,-59,-120,-132,-109,-57,17,83,122,126,89,20,-57,-108,-126,-107,-54,19,85,118,113,69,5,-61,-104,-114,-85,-25,42,92,117,104,53,-19,-86,-120,-111,-66,-3,63,114,131,102,40,-35,-103,-140,-129,-74,3,83,144,160,119,46,-41,-128,0,-171,-111,-17,85,158,193,171,97,0,-93,-164,-190,-160,-84,8,106,174,174,139,75,-9,-105,-153,-156,-119,-64,9,71,113,119,98,59,9,-39,-61,-72,-73,-60,-31,3,41,62,80,78,56,35,3,-48,-85,-104,-103,-71,-21,41,98,135,139,108,30,-61,-135,-173,-166,-111,-15,90,178,217,198,115,-8,-137,-228,-257,-216,-104,41,180,274,295,231,96,-72,-219,-310,-316,-237,-84,92,242,327,324,230,75,-104,-255,-332,-319,-227,-76,100,240,311,300,203,54,-106,-234,-297,-278,-183,-39,117,241,301,280,190,56,-101,-237,-319,-336,-290,-195,-65,-682,-729,0,0,0,0,0,0,0,0,0,0,0,0,0,0,0,0,0,0,0,0,0,0,0,0,0,0,0,0,0,0,0,0,0,0,0,0,0,0,0,0,0,0,0,0,0,0,0,0,0,0,0,0,0,0,0,0,0,0,0,0,0,0,0,0,0,0,0,0,0,0,0,0,0,0,0,0,0,0,0,0,0,0,0,0,0,0,0,0,0,0,0,0,0,0,0,0,0,0,0,0,0,0,0,0,0,0,0,0,0,0,0,0,0,0,0,0,0,0,0,0,0,0,0,0,0,0,0,0,0,0,0,0,0,0,0,0,0,0,0,0,0,0,0,0,0,0,0,0,0,0,0,0,0,0,0,0,0,0,0,0,0,0,0,0,0,0,0,0,0,0,0,0,0,0,0,0,0,0,0,0,0,0,0,0,0,0,0,0,0,0,0,0,0,0,0,0,0,0,0,0,0,0,0,0,0,0,0,0,0,0,0,0,0,0,0,0,0,0,0,0,0,0,0,0,0,0,0,0,0,0,0,0,0,0,0,0,0,0,0,0,0,0,0,0,0,0,0,0,0,0,0,0,0,0,0,0,-92,171,328,-23,-32,-33,-30,-22,-5,14,32,45,47,42,28,3,-24,-45,-62,-61,-41,-14,17,48,70,77,61,20,-31,-73,-99,-100,-74,-29,27,79,109,116,88,31,-32,-86,-126,-131,-94,-33,39,107,145,134,84,18,-54,-117,-143,-126,-78,-4,72,126,144,117,51,-28,-98,-137,-136,-97,-27,52,113,142,128,69,-10,-79,-125,-136,-103,-38,38,97,127,118,70,0,-72,-113,-117,-89,-28,43,94,116,97,46,-17,-74,-107,-105,-67,-7,61,108,118,90,29,-43,-97,-125,-110,-58,17,79,120,124,85,14,-65,-125,-149,-129,-64,23,112,168,171,123,0,-63,-142,-189,-173,-107,-13,85,165,197,173,89,-9,-100,-159,-182,-154,-76,18,99,160,180,128,48,-31,-93,-129,-134,-117,-65,1,57,95,107,90,58,21,-22,-50,-71,-83,-77,-52,-28,11,52,82,90,86,62,16,-43,-92,-123,-124,-94,-38,42,114,150,146,102,20,-73,-151,-195,-186,-119,-6,114,208,242,199,98,-28,-153,-242,-273,-227,-106,49,201,295,310,234,90,-80,-229,-324,-327,-236,-84,94,250,336,326,231,76,-95,-245,-330,-318,-217,-63,103,235,301,284,191,43,-111,-232,-295,-278,-184,-38,114,242,313,310,238,111,-40,-170,-254,-299,-280,-144
29011,mtk,MTK 7916,2778024122,rx2-tx0,512,0,0,0,0,0,0,0,0,0,0,0,0,0,0,0,0,0,0,0,0,0,0,0,0,0,0,0,0,0,0,0,0,0,0,0,0,0,0,0,0,0,0,0,0,0,0,0,0,0,0,0,0,0,0,0,0,0,0,0,0,0,0,0,0,0,0,0,0,0,0,0,0,0,0,0,0,0,0,0,0,0,0,0,0,0,0,0,0,0,0,0,0,0,0,0,0,0,0,0,0,0,0,0,0,0,0,0,0,0,0,0,0,0,0,0,0,0,0,0,0,0,0,0,0,0,0,0,0,0,0,0,0,0,0,0,0,0,0,0,0,0,0,0,0,0,0,0,0,0,0,0,0,0,0,0,0,0,0,0,0,0,0,0,0,0,0,0,0,0,0,0,0,0,0,0,0,0,0,0,0,0,0,0,0,0,0,0,0,0,0,0,0,0,0,0,0,0,0,0,0,0,0,0,0,0,0,0,0,0,0,0,0,0,0,0,0,0,0,0,0,0,0,0,0,0,0,0,0,0,0,0,0,0,0,0,0,0,0,0,0,0,0,0,0,0,0,0,0,0,0,0,0,0,0,0,0,-136,746,807,48,65,70,62,44,19,-15,-51,-80,-95,-92,-66,-25,24,71,107,122,107,63,-3,-73,-134,-161,-152,-106,-28,64,149,201,204,152,56,-63,-170,-243,-252,-191,-79,60,193,278,291,221,88,-75,-224,-316,-319,-232,-78,98,253,338,324,213,37,-154,-304,-366,-315,-173,22,220,356,382,295,115,-103,-292,-394,-376,-241,-28,196,366,427,358,176,-64,-292,-436,-450,-328,-100,164,380,489,454,279,18,-252,-449,-512,-423,-208,71,326,488,502,366,126,-149,-380,-497,-464,-294,-44,219,415,479,393,194,-63,-298,-437,-438,-308,-87,158,348,437,390,217,-18,-243,0,-424,-325,-124,113,315,422,404,259,37,-197,-375,-439,-370,-186,51,267,408,439,338,134,-111,-324,-443,-433,-303,-84,158,356,453,424,274,50,-191,-379,-461,-415,-262,-36,202,374,451,408,255,31,-199,-371,-443,-401,-250,-37,181,348,423,388,245,41,-168,-324,-391,-357,-228,-37,155,302,369,335,208,24,-163,-298,-349,-300,-168,3,167,285,320,261,130,-32,-187,-286,-303,-231,-92,71,213,297,294,209,64,-99,-237,-308,-289,-192,-46,118,253,314,290,190,39,-125,-255,-315,-291,-195,-46,114,247,317,307,222,83,-78,-222,-315,-339,-299,-201,-70,60,164,242,422,555,0,0,0,0,0,0,0,0,0,0,0,0,0,0,0,0,0,0,0,0,0,0,0,0,0,0,0,0,0,0,0,0,0,0,0,0,0,0,0,0,0,0,0,0,0,0,0,0,0,0,0,0,0,0,0,0,0,0,0,0,0,0,0,0,0,0,0,0,0,0,0,0,0,0,0,0,0,0,0,0,0,0,0,0,0,0,0,0,0,0,0,0,0,0,0,0,0,0,0,0,0,0,0,0,0,0,0,0,0,0,0,0,0,0,0,0,0,0,0,0,0,0,0,0,0,0,0,0,0,0,0,0,0,0,0,0,0,0,0,0,0,0,0,0,0,0,0,0,0,0,0,0,0,0,0,0,0,0,0,0,0,0,0,0,0,0,0,0,0,0,0,0,0,0,0,0,0,0,0,0,0,0,0,0,0,0,0,0,0,0,0,0,0,0,0,0,0,0,0,0,0,0,0,0,0,0,0,0,0,0,0,0,0,0,0,0,0,0,0,0,0,0,0,0,0,0,0,0,0,0,0,0,0,0,0,0,0,0,0,0,0,0,0,0,0,0,0,0,0,0,0,0,0,0,0,0,1335,335,183,-23,-6,18,42,64,80,83,68,42,7,-36,-75,-100,-107,-88,-40,18,72,117,140,127,81,11,-72,-142,-180,-179,-131,-40,68,160,219,226,170,65,-63,-185,-262,-274,-211,-88,65,205,294,306,228,85,-84,-238,-330,-321,-227,-62,125,282,356,328,200,9,-187,-326,-368,-303,-150,59,251,367,374,268,74,-149,-329,-413,-370,-212,10,237,402,448,349,138,-117,-339,-464,-455,-305,-63,201,417,506,440,244,-23,-289,-471,-509,-403,-177,104,355,493,487,336,88,-184,-397,-486,-428,-244,12,263,431,464,359,145,-113,-328,-439,-416,-263,-29,207,379,437,365,0,-60,-278,-409,-414,-295,-86,155,349,437,387,224,-7,-239,-400,-440,-354,-166,77,297,426,434,318,106,-138,-340,-447,-429,-284,-63,179,372,458,416,267,41,-199,-384,-464,-415,-257,-34,202,382,457,410,256,35,-192,-363,-436,-394,-248,-40,176,336,403,368,240,45,-159,-313,-381,-345,-219,-32,157,299,358,317,192,18,-162,-290,-329,-277,-151,20,184,291,316,255,120,-49,-197,-289,-298,-220,-76,85,224,300,290,198,48,-115,-245,-308,-291,-192,-39,126,252,314,292,192,40,-123,-252,-318,-302,-207,-62,101,241,322,323,251,125,-27,-170,-280,-330,-316,-254,-152,660,556
29012,mtk,MTK 7916,2778024122,rx2-tx1,512,0,0,0,0,0,0,0,0,0,0,0,0,0,0,0,0,0,0,0,0,0,0,0,0,0,0,0,0,0,0,0,0,0,0,0,0,0,0,0,0,0,0,0,0,0,0,0,0,0,0,0,0,0,0,0,0,0,0,0,0,0,0,0,0,0,0,0,0,0,0,0,0,0,0,0,0,0,0,0,0,0,0,0,0,0,0,0,0,0,0,0,0,0,0,0,0,0,0,0,0,0,0,0,0,0,0,0,0,0,0,0,0,0,0,0,0,0,0,0,0,0,0,0,0,0,0,0,0,0,0,0,0,0,0,0,0,0,0,0,0,0,0,0,0,0,0,0,0,0,0,0,0,0,0,0,0,0,0,0,0,0,0,0,0,0,0,0,0,0,0,0,0,0,0,0,0,0,0,0,0,0,0,0,0,0,0,0,0,0,0,0,0,0,0,0,0,0,0,0,0,0,0,0,0,0,0,0,0,0,0,0,0,0,0,0,0,0,0,0,0,0,0,0,0,0,0,0,0,0,0,0,0,0,0,0,0,0,0,0,0,0,0,0,0,0,0,0,0,0,0,0,0,0,0,0,0,236,-184,-141,43,62,66,54,31,0,-35,-62,-71,-69,-51,-18,26,59,73,65,45,8,-36,-72,-81,-63,-22,24,74,100,93,61,11,-55,-109,-134,-116,-58,20,98,145,151,112,30,-60,-136,-173,-161,-97,10,126,202,218,164,58,-69,-183,-245,-227,-139,-2,146,253,285,232,104,-61,-223,-323,-318,-206,-34,155,308,378,334,175,-46,-254,-388,-409,-304,-105,133,340,447,418,253,10,-243,-419,-471,-384,-186,76,314,461,469,336,94,-171,-387,-482,-432,-263,-15,237,416,467,377,165,-89,-304,-422,-409,-270,-54,170,333,389,321,162,-53,-253,-357,-343,-225,-39,156,0,331,261,109,-80,-234,-304,-279,-160,18,194,297,308,219,63,-120,-279,-337,-277,-131,59,235,322,315,214,53,-135,-288,-363,-315,-164,33,210,326,339,247,89,-99,-246,-321,-309,-192,-11,154,268,292,233,99,-53,-176,-247,-240,-155,-22,105,193,212,159,57,-50,-133,-178,-159,-82,19,103,150,147,96,16,-70,-141,-157,-123,-49,42,122,158,144,84,-5,-94,-151,-155,-120,-45,40,119,158,143,82,6,-67,-121,-141,-115,-60,8,79,123,124,85,24,-43,-90,-109,-104,-68,-8,52,88,96,78,35,-25,-73,-94,-94,-71,-30,25,83,115,115,92,50,-316,-267,0,0,0,0,0,0,0,0,0,0,0,0,0,0,0,0,0,0,0,0,0,0,0,0,0,0,0,0,0,0,0,0,0,0,0,0,0,0,0,0,0,0,0,0,0,0,0,0,0,0,0,0,0,0,0,0,0,0,0,0,0,0,0,0,0,0,0,0,0,0,0,0,0,0,0,0,0,0,0,0,0,0,0,0,0,0,0,0,0,0,0,0,0,0,0,0,0,0,0,0,0,0,0,0,0,0,0,0,0,0,0,0,0,0,0,0,0,0,0,0,0,0,0,0,0,0,0,0,0,0,0,0,0,0,0,0,0,0,0,0,0,0,0,0,0,0,0,0,0,0,0,0,0,0,0,0,0,0,0,0,0,0,0,0,0,0,0,0,0,0,0,0,0,0,0,0,0,0,0,0,0,0,0,0,0,0,0,0,0,0,0,0,0,0,0,0,0,0,0,0,0,0,0,0,0,0,0,0,0,0,0,0,0,0,0,0,0,0,0,0,0,0,0,0,0,0,0,0,0,0,0,0,0,0,0,0,0,0,0,0,0,0,0,0,0,0,0,0,0,0,0,0,0,0,0,0,-351,296,321,-22,-4,20,47,66,76,68,44,9,-27,-60,-78,-77,-54,-18,26,62,79,68,38,-8,-51,-89,-93,-65,-22,26,84,118,103,55,-9,-73,-120,-140,-116,-47,41,114,161,160,102,8,-91,-166,-197,-167,-81,40,153,223,229,158,28,-115,-227,-281,-246,-129,41,198,300,308,228,69,-118,-273,-351,-329,-198,-3,202,355,396,322,147,-87,-297,-415,-413,-283,-68,171,369,465,402,220,-28,-273,-444,-476,-365,-143,122,361,485,458,301,55,-208,-404,-472,-396,-205,41,280,432,450,329,117,-133,-331,-410,-373,-229,-5,211,347,373,278,96,-108,-275,-344,-294,0,37,204,311,319,213,41,-134,-271,-323,-263,-112,79,237,316,304,192,2,-170,-303,-343,-264,-99,95,264,348,329,201,6,-185,-312,-348,-278,-120,75,241,325,310,210,39,-145,-282,-315,-271,-140,34,171,252,269,191,61,-79,-196,-240,-204,-102,18,127,189,191,125,27,-76,-155,-176,-134,-53,47,128,165,139,68,-25,-112,-160,-156,-105,-25,65,139,166,133,61,-29,-109,-154,-150,-106,-29,57,120,146,126,73,0,-77,-129,-139,-104,-39,29,83,114,113,74,15,-46,-89,-98,-84,-41,17,62,87,89,65,22,-35,-89,-114,-109,-78,-31,18,63,91,191,236
29013,mtk,MTK 7916,2778054697,rx0-tx0,512,0,0,0,0,0,0,0,0,0,0,0,0,0,0,0,0,0,0,0,0,0,0,0,0,0,0,0,0,0,0,0,0,0,0,0,0,0,0,0,0,0,0,0,0,0,0,0,0,0,0,0,0,0,0,0,0,0,0,0,0,0,0,0,0,0,0,0,0,0,0,0,0,0,0,0,0,0,0,0,0,0,0,0,0,0,0,0,0,0,0,0,0,0,0,0,0,0,0,0,0,0,0,0,0,0,0,0,0,0,0,0,0,0,0,0,0,0,0,0,0,0,0,0,0,0,0,0,0,0,0,0,0,0,0,0,0,0,0,0,0,0,0,0,0,0,0,0,0,0,0,0,0,0,0,0,0,0,0,0,0,0,0,0,0,0,0,0,0,0,0,0,0,0,0,0,0,0,0,0,0,0,0,0,0,0,0,0,0,0,0,0,0,0,0,0,0,0,0,0,0,0,0,0,0,0,0,0,0,0,0,0,0,0,0,0,0,0,0,0,0,0,0,0,0,0,0,0,0,0,0,0,0,0,0,0,0,0,0,0,0,0,0,0,0,0,0,0,0,0,0,0,0,0,0,0,0,-273,-1191,-1189,80,202,312,372,367,307,207,79,-59,-184,-296,-388,-444,-476,-473,-436,-367,-262,-130,12,161,308,444,554,632,662,648,599,492,351,180,-3,-190,-375,-539,-673,-764,-803,-794,-736,-637,-495,-325,-138,47,239,417,565,693,790,840,851,818,732,618,478,299,104,-100,-301,-495,-668,-806,-902,-958,-959,-905,-814,-669,-483,-271,-41,194,418,628,805,937,1019,1046,1016,928,789,604,404,178,-59,-288,-507,-688,-832,-934,-976,-963,-903,-811,-669,-499,-310,-114,75,265,430,570,681,754,791,792,758,691,597,484,358,216,63,-89,-234,-364,-478,-574,-651,-698,-722,-716,-675,-616,-1687,-412,-261,-115,38,200,349,484,596,686,753,777,771,738,672,573,444,296,137,-31,-207,-377,-533,-669,-790,-880,-930,-951,-920,-837,-721,-563,-368,-140,107,357,602,829,1024,1162,1246,1273,1224,1095,902,662,381,61,-279,-601,-895,-1145,-1322,-1440,-1471,-1423,-1281,-1062,-788,-464,-117,232,574,880,1137,1329,1439,1463,1403,1266,1054,784,487,163,-169,-490,-780,-1018,-1201,-1316,-1347,-1306,-1191,-1005,-763,-475,-165,151,452,729,968,1132,1221,1243,1180,1043,841,592,312,8,-281,-544,-770,-941,-1039,-1071,-1038,-936,-769,-552,-313,-52,208,460,680,855,971,1013,966,824,588,273,-87,-440,-712,-830,-943,-1063,0,0,0,0,0,0,0,0,0,0,0,0,0,0,0,0,0,0,0,0,0,0,0,0,0,0,0,0,0,0,0,0,0,0,0,0,0,0,0,0,0,0,0,0,0,0,0,0,0,0,0,0,0,0,0,0,0,0,0,0,0,0,0,0,0,0,0,0,0,0,0,0,0,0,0,0,0,0,0,0,0,0,0,0,0,0,0,0,0,0,0,0,0,0,0,0,0,0,0,0,0,0,0,0,0,0,0,0,0,0,0,0,0,0,0,0,0,0,0,0,0,0,0,0,0,0,0,0,0,0,0,0,0,0,0,0,0,0,0,0,0,0,0,0,0,0,0,0,0,0,0,0,0,0,0,0,0,0,0,0,0,0,0,0,0,0,0,0,0,0,0,0,0,0,0,0,0,0,0,0,0,0,0,0,0,0,0,0,0,0,0,0,0,0,0,0,0,0,0,0,0,0,0,0,0,0,0,0,0,0,0,0,0,0,0,0,0,0,0,0,0,0,0,0,0,0,0,0,0,0,0,0,0,0,0,0,0,0,0,0,0,0,0,0,0,0,0,0,0,0,0,0,0,0,0,0,-1322,-147,50,258,234,147,11,-136,-264,-360,-417,-425,-397,-341,-243,-132,-6,129,255,374,467,532,559,552,504,418,298,152,-22,-189,-361,-516,-636,-716,-748,-734,-673,-563,-415,-234,-44,154,342,509,646,747,804,823,796,715,605,467,297,112,-77,-272,-458,-612,-747,-846,-895,-905,-869,-786,-653,-488,-299,-91,135,355,561,744,888,977,1020,999,933,822,656,460,232,-3,-242,-468,-675,-838,-950,-1019,-1025,-981,-886,-738,-566,-358,-134,84,299,495,662,782,858,890,884,832,738,613,471,304,135,-35,-200,-343,-469,-572,-649,-708,-729,-723,-683,-621,-536,-429,-304,-166,-26,122,268,403,-175,627,698,732,746,731,675,594,486,355,203,36,-121,-279,-430,-569,-684,-767,-821,-839,-826,-773,-688,-575,-431,-256,-69,132,345,541,721,881,1004,1080,1109,1081,1001,855,652,402,135,-159,-462,-747,-993,-1187,-1328,-1399,-1390,-1292,-1125,-884,-591,-267,78,427,757,1035,1261,1414,1482,1466,1367,1186,945,647,317,-32,-371,-691,-966,-1180,-1324,-1403,-1395,-1301,-1138,-915,-651,-339,-16,302,605,870,1084,1227,1291,1279,1195,1050,830,561,263,-45,-350,-628,-857,-1030,-1133,-1161,-1110,-996,-818,-582,-317,-45,226,476,693,854,961,1006,980,886,725,513,252,-40,-338,-624,-854,-1000,-1020,-899,-634,-332,-727,-553
29014,mtk,MTK 7916,2778054697,rx0-tx1,512,0,0,0,0,0,0,0,0,0,0,0,0,0,0,0,0,0,0,0,0,0,0,0,0,0,0,0,0,0,0,0,0,0,0,0,0,0,0,0,0,0,0,0,0,0,0,0,0,0,0,0,0,0,0,0,0,0,0,0,0,0,0,0,0,0,0,0,0,0,0,0,0,0,0,0,0,0,0,0,0,0,0,0,0,0,0,0,0,0,0,0,0,0,0,0,0,0,0,0,0,0,0,0,0,0,0,0,0,0,0,0,0,0,0,0,0,0,0,0,0,0,0,0,0,0,0,0,0,0,0,0,0,0,0,0,0,0,0,0,0,0,0,0,0,0,0,0,0,0,0,0,0,0,0,0,0,0,0,0,0,0,0,0,0,0,0,0,0,0,0,0,0,0,0,0,0,0,0,0,0,0,0,0,0,0,0,0,0,0,0,0,0,0,0,0,0,0,0,0,0,0,0,0,0,0,0,0,0,0,0,0,0,0,0,0,0,0,0,0,0,0,0,0,0,0,0,0,0,0,0,0,0,0,0,0,0,0,0,0,0,0,0,0,0,0,0,0,0,0,0,0,0,0,0,0,0,-730,-155,-263,-211,-281,-303,-259,-167,-44,86,206,307,379,421,423,387,328,237,126,0,-139,-271,-396,-501,-568,-605,-601,-552,-455,-329,-173,3,188,375,536,667,767,815,816,769,665,518,339,133,-82,-307,-521,-705,-867,-964,-1012,-1017,-946,-822,-658,-448,-205,46,316,567,785,964,1096,1173,1189,1133,1024,851,618,361,81,-213,-503,-763,-984,-1156,-1279,-1331,-1303,-1210,-1049,-842,-577,-282,33,346,634,900,1121,1281,1378,1402,1348,1234,1046,804,517,203,-127,-441,-721,-981,-1184,-1323,-1400,-1409,-1345,-1199,-1000,-757,-471,-153,170,477,753,998,1190,1320,1380,1373,1292,1154,960,717,440,141,-157,-449,-546,-956,-1134,-1260,-1331,-1337,-1281,-1160,-985,-765,-507,-224,69,361,635,889,1104,1265,1358,1388,1349,1247,1087,871,597,291,-31,-362,-673,-948,-1176,-1349,-1445,-1473,-1422,-1292,-1101,-844,-542,-226,105,432,737,1000,1204,1348,1421,1421,1348,1205,1001,747,467,162,-152,-455,-731,-961,-1141,-1275,-1335,-1329,-1259,-1119,-932,-689,-412,-116,191,494,759,985,1167,1285,1328,1298,1199,1023,796,523,215,-105,-424,-714,-954,-1138,-1256,-1296,-1249,-1130,-937,-683,-392,-84,233,530,778,970,1088,1134,1103,998,824,601,345,77,-185,-420,-617,-768,-866,-900,-876,-795,-650,-464,-244,1,252,489,683,810,837,749,547,313,162,68,0,0,0,0,0,0,0,0,0,0,0,0,0,0,0,0,0,0,0,0,0,0,0,0,0,0,0,0,0,0,0,0,0,0,0,0,0,0,0,0,0,0,0,0,0,0,0,0,0,0,0,0,0,0,0,0,0,0,0,0,0,0,0,0,0,0,0,0,0,0,0,0,0,0,0,0,0,0,0,0,0,0,0,0,0,0,0,0,0,0,0,0,0,0,0,0,0,0,0,0,0,0,0,0,0,0,0,0,0,0,0,0,0,0,0,0,0,0,0,0,0,0,0,0,0,0,0,0,0,0,0,0,0,0,0,0,0,0,0,0,0,0,0,0,0,0,0,0,0,0,0,0,0,0,0,0,0,0,0,0,0,0,0,0,0,0,0,0,0,0,0,0,0,0,0,0,0,0,0,0,0,0,0,0,0,0,0,0,0,0,0,0,0,0,0,0,0,0,0,0,0,0,0,0,0,0,0,0,0,0,0,0,0,0,0,0,0,0,0,0,0,0,0,0,0,0,0,0,0,0,0,0,0,0,0,0,0,0,0,0,0,0,0,0,0,0,0,0,0,0,0,0,0,0,0,0,-128,-615,-586,-129,-39,91,219,316,370,373,333,256,153,33,-94,-211,-313,-406,-465,-499,-496,-454,-384,-272,-138,11,172,333,477,592,677,716,713,652,546,408,235,41,-160,-366,-554,-709,-827,-899,-921,-890,-796,-667,-491,-265,-41,208,451,662,849,994,1078,1108,1085,989,833,637,400,138,-139,-413,-661,-895,-1073,-1193,-1262,-1259,-1184,-1038,-840,-598,-319,-15,288,576,831,1054,1229,1335,1375,1329,1223,1058,827,553,248,-78,-390,-689,-955,-1166,-1320,-1404,-1414,-1344,-1220,-1032,-778,-489,-181,139,459,749,996,1195,1336,1406,1396,1314,1180,977,728,443,134,-174,-475,-745,-984,-1169,-1296,-1353,-1343,-1277,1197,-958,-718,-457,-167,126,415,681,913,1103,1247,1328,1347,1302,1198,1031,813,550,265,-37,-350,-639,-902,-1125,-1298,-1400,-1440,-1403,-1288,-1104,-868,-580,-265,65,400,709,983,1207,1360,1443,1459,1391,1251,1048,796,508,189,-137,-450,-736,-985,-1173,-1304,-1373,-1368,-1296,-1157,-958,-723,-444,-143,157,450,719,955,1146,1272,1329,1322,1237,1084,885,638,342,33,-276,-578,-845,-1058,-1216,-1305,-1318,-1247,-1102,-893,-640,-345,-20,298,597,863,1060,1183,1235,1206,1091,903,660,385,89,-203,-473,-703,-876,-982,-1017,-981,-879,-726,-530,-303,-65,165,385,577,725,827,865,826,709,521,269,-26,-314,-543,-651,-583,-618
29015,mtk,MTK 7916,2778054697,rx1-tx0,512,0,0,0,0,0,0,0,0,0,0,0,0,0,0,0,0,0,0,0,0,0,0,0,0,0,0,0,0,0,0,0,0,0,0,0,0,0,0,0,0,0,0,0,0,0,0,0,0,0,0,0,0,0,0,0,0,0,0,0,0,0,0,0,0,0,0,0,0,0,0,0,0,0,0,0,0,0,0,0,0,0,0,0,0,0,0,0,0,0,0,0,0,0,0,0,0,0,0,0,0,0,0,0,0,0,0,0,0,0,0,0,0,0,0,0,0,0,0,0,0,0,0,0,0,0,0,0,0,0,0,0,0,0,0,0,0,0,0,0,0,0,0,0,0,0,0,0,0,0,0,0,0,0,0,0,0,0,0,0,0,0,0,0,0,0,0,0,0,0,0,0,0,0,0,0,0,0,0,0,0,0,0,0,0,0,0,0,0,0,0,0,0,0,0,0,0,0,0,0,0,0,0,0,0,0,0,0,0,0,0,0,0,0,0,0,0,0,0,0,0,0,0,0,0,0,0,0,0,0,0,0,0,0,0,0,0,0,0,0,0,0,0,0,0,0,0,0,0,0,0,0,0,0,0,0,0,146,789,848,100,50,-26,-105,-168,-206,-212,-181,-129,-76,-8,67,132,187,226,239,243,216,168,114,49,-25,-97,-155,-213,-254,-267,-252,-226,-185,-122,-57,13,75,132,181,210,232,220,198,160,121,74,24,-10,-50,-90,-104,-117,-124,-111,-100,-88,-61,-48,-33,-14,-7,0,-5,-11,-10,-13,-19,-21,-20,-20,-6,20,47,79,114,141,158,181,187,176,157,117,61,-11,-78,-149,-220,-289,-331,-354,-360,-329,-277,-206,-116,-19,85,187,286,361,413,441,445,406,356,286,180,77,-36,-147,-252,-343,-405,-448,-468,-456,-423,-357,-271,-180,-66,50,158,261,360,432,469,487,-144,434,366,273,167,66,-54,-173,-278,-368,-435,-472,-482,-461,-409,-334,-243,-134,-25,80,193,283,348,396,422,420,387,331,266,187,97,7,-79,-160,-233,-284,-315,-329,-327,-301,-263,-210,-151,-76,-3,55,110,152,189,214,224,224,213,194,158,121,80,37,-7,-47,-76,-93,-117,-135,-139,-135,-129,-121,-112,-92,-80,-65,-46,-19,10,30,49,78,102,121,145,151,158,154,140,117,74,29,-21,-67,-115,-156,-194,-214,-218,-203,-169,-141,-85,-26,40,110,156,198,223,227,206,177,126,76,9,-57,-112,-158,-186,-203,-212,-185,-137,-81,-11,63,122,162,174,155,470,607,0,0,0,0,0,0,0,0,0,0,0,0,0,0,0,0,0,0,0,0,0,0,0,0,0,0,0,0,0,0,0,0,0,0,0,0,0,0,0,0,0,0,0,0,0,0,0,0,0,0,0,0,0,0,0,0,0,0,0,0,0,0,0,0,0,0,0,0,0,0,0,0,0,0,0,0,0,0,0,0,0,0,0,0,0,0,0,0,0,0,0,0,0,0,0,0,0,0,0,0,0,0,0,0,0,0,0,0,0,0,0,0,0,0,0,0,0,0,0,0,0,0,0,0,0,0,0,0,0,0,0,0,0,0,0,0,0,0,0,0,0,0,0,0,0,0,0,0,0,0,0,0,0,0,0,0,0,0,0,0,0,0,0,0,0,0,0,0,0,0,0,0,0,0,0,0,0,0,0,0,0,0,0,0,0,0,0,0,0,0,0,0,0,0,0,0,0,0,0,0,0,0,0,0,0,0,0,0,0,0,0,0,0,0,0,0,0,0,0,0,0,0,0,0,0,0,0,0,0,0,0,0,0,0,0,0,0,0,0,0,0,0,0,0,0,0,0,0,0,0,0,0,0,0,0,0,206,334,189,-104,-155,-176,-160,-111,-43,35,112,166,207,232,227,195,148,86,16,-52,-128,-181,-222,-252,-263,-246,-209,-158,-84,-7,63,121,183,227,247,251,230,201,154,99,35,-28,-81,-121,-147,-168,-169,-164,-159,-129,-90,-64,-28,3,19,43,58,52,61,57,49,36,16,17,17,23,37,47,58,71,91,102,105,102,84,57,30,-10,-66,-114,-164,-213,-256,-276,-275,-260,-224,-170,-91,-10,84,174,254,326,385,413,411,386,328,243,144,35,-77,-179,-266,-360,-423,-452,-460,-434,-391,-316,-221,-118,-4,101,206,309,384,442,475,467,442,398,331,230,120,10,147,-222,-323,-407,-457,-490,-498,-462,-398,-316,-213,-100,12,133,243,329,398,439,448,445,409,341,262,173,71,-36,-137,-225,-291,-346,-369,-372,-360,-328,-277,-203,-126,-51,30,101,167,217,254,277,273,263,243,207,162,103,48,-5,-49,-97,-133,-154,-167,-173,-171,-164,-145,-128,-106,-70,-40,-11,15,36,60,77,87,102,115,124,131,128,125,115,94,74,48,9,-25,-64,-104,-142,-173,-189,-189,-181,-158,-123,-81,-28,32,89,131,172,208,222,224,201,160,110,51,-16,-75,-134,-177,-202,-219,-207,-179,-139,-86,-33,36,106,156,188,204,193,149,92,19,-45,685,601
29016,mtk,MTK 7916,2778054697,rx1-tx1,512,0,0,0,0,0,0,0,0,0,0,0,0,0,0,0,0,0,0,0,0,0,0,0,0,0,0,0,0,0,0,0,0,0,0,0,0,0,0,0,0,0,0,0,0,0,0,0,0,0,0,0,0,0,0,0,0,0,0,0,0,0,0,0,0,0,0,0,0,0,0,0,0,0,0,0,0,0,0,0,0,0,0,0,0,0,0,0,0,0,0,0,0,0,0,0,0,0,0,0,0,0,0,0,0,0,0,0,0,0,0,0,0,0,0,0,0,0,0,0,0,0,0,0,0,0,0,0,0,0,0,0,0,0,0,0,0,0,0,0,0,0,0,0,0,0,0,0,0,0,0,0,0,0,0,0,0,0,0,0,0,0,0,0,0,0,0,0,0,0,0,0,0,0,0,0,0,0,0,0,0,0,0,0,0,0,0,0,0,0,0,0,0,0,0,0,0,0,0,0,0,0,0,0,0,0,0,0,0,0,0,0,0,0,0,0,0,0,0,0,0,0,0,0,0,0,0,0,0,0,0,0,0,0,0,0,0,0,0,0,0,0,0,0,0,0,0,0,0,0,0,0,0,0,0,0,0,-411,-743,-703,-9,3,11,24,36,44,43,36,25,5,-16,-35,-52,-61,-53,-36,-5,31,56,68,74,62,28,-15,-52,-77,-87,-78,-47,-5,39,80,102,99,72,27,-27,-74,-106,-110,-88,-44,12,68,104,108,86,46,-8,-56,-90,-99,-82,-43,7,56,81,81,62,23,-27,-57,-73,-67,-41,-5,34,64,77,65,25,-16,-43,-65,-66,-38,4,40,67,74,61,26,-17,-55,-77,-75,-47,-3,42,83,97,78,36,-13,-65,-99,-101,-70,-17,45,96,119,115,70,-1,-69,-118,-139,-119,-63,19,93,142,155,122,50,-39,-120,-178,-189,-144,-55,50,145,212,0,157,69,-44,-150,-215,-223,-177,-89,24,133,204,224,184,100,-4,-105,-179,-209,-184,-117,-30,59,131,168,163,125,60,-19,-81,-121,-140,-133,-90,-34,24,77,115,131,117,75,22,-29,-81,-123,-144,-132,-83,-15,62,122,163,160,119,47,-44,-128,-182,-197,-161,-74,35,141,217,231,190,97,-32,-161,-252,-276,-224,-114,28,175,283,316,262,140,-21,-181,-305,-352,-307,-176,-2,177,314,376,343,221,41,-142,-292,-378,-362,-254,-85,101,261,346,346,258,110,-58,-214,-309,-324,-258,-125,35,188,288,312,262,149,1,-155,-284,-346,-338,-267,-145,-3,122,226,-682,-729,0,0,0,0,0,0,0,0,0,0,0,0,0,0,0,0,0,0,0,0,0,0,0,0,0,0,0,0,0,0,0,0,0,0,0,0,0,0,0,0,0,0,0,0,0,0,0,0,0,0,0,0,0,0,0,0,0,0,0,0,0,0,0,0,0,0,0,0,0,0,0,0,0,0,0,0,0,0,0,0,0,0,0,0,0,0,0,0,0,0,0,0,0,0,0,0,0,0,0,0,0,0,0,0,0,0,0,0,0,0,0,0,0,0,0,0,0,0,0,0,0,0,0,0,0,0,0,0,0,0,0,0,0,0,0,0,0,0,0,0,0,0,0,0,0,0,0,0,0,0,0,0,0,0,0,0,0,0,0,0,0,0,0,0,0,0,0,0,0,0,0,0,0,0,0,0,0,0,0,0,0,0,0,0,0,0,0,0,0,0,0,0,0,0,0,0,0,0,0,0,0,0,0,0,0,0,0,0,0,0,0,0,0,0,0,0,0,0,0,0,0,0,0,0,0,0,0,0,0,0,0,0,0,0,0,0,0,0,0,0,0,0,0,0,0,0,0,0,0,0,0,0,0,0,0,0,-92,171,328,-27,-33,-37,-35,-25,-11,8,27,42,51,52,42,23,-4,-34,-54,-63,-62,-47,-18,22,58,77,81,70,37,-10,-55,-87,-105,-93,-55,-10,31,75,102,105,80,36,-18,-70,-101,-108,-88,-48,7,61,91,97,82,42,-15,-59,-88,-96,-78,-35,12,56,85,84,57,16,-30,-63,-75,-64,-36,5,47,73,73,52,16,-25,-58,-71,-66,-37,13,59,78,78,60,20,-32,-70,-88,-77,-39,11,59,88,97,78,32,-28,-80,-113,-110,-67,-4,59,111,134,115,64,-5,-84,-141,-154,-120,-52,33,114,166,171,133,53,-51,-144,-198,-202,-157,-67,0,161,211,217,172,76,-36,-136,-206,-225,-181,-91,21,117,189,215,184,110,15,-81,-157,-189,-172,-116,-38,42,108,151,158,128,74,9,-56,-106,-134,-131,-102,-54,-2,57,107,131,126,96,54,-5,-71,-127,-149,-141,-101,-32,49,126,179,185,138,59,-36,-130,-192,-210,-174,-83,33,142,226,254,207,101,-35,-168,-265,-293,-245,-134,21,184,302,338,286,161,-4,-177,-314,-373,-332,-201,-21,165,312,376,349,232,58,-130,-280,-367,-359,-263,-107,75,235,330,338,263,123,-47,-202,-299,-316,-255,-132,24,175,285,331,296,193,50,-106,-246,-333,-353,-318,-227,-280,-144
29017,mtk,MTK 7916,2778054697,rx2-tx0,512,0,0,0,0,0,0,0,0,0,0,0,0,0,0,0,0,0,0,0,0,0,0,0,0,0,0,0,0,0,0,0,0,0,0,0,0,0,0,0,0,0,0,0,0,0,0,0,0,0,0,0,0,0,0,0,0,0,0,0,0,0,0,0,0,0,0,0,0,0,0,0,0,0,0,0,0,0,0,0,0,0,0,0,0,0,0,0,0,0,0,0,0,0,0,0,0,0,0,0,0,0,0,0,0,0,0,0,0,0,0,0,0,0,0,0,0,0,0,0,0,0,0,0,0,0,0,0,0,0,0,0,0,0,0,0,0,0,0,0,0,0,0,0,0,0,0,0,0,0,0,0,0,0,0,0,0,0,0,0,0,0,0,0,0,0,0,0,0,0,0,0,0,0,0,0,0,0,0,0,0,0,0,0,0,0,0,0,0,0,0,0,0,0,0,0,0,0,0,0,0,0,0,0,0,0,0,0,0,0,0,0,0,0,0,0,0,0,0,0,0,0,0,0,0,0,0,0,0,0,0,0,0,0,0,0,0,0,0,0,0,0,0,0,0,0,0,0,0,0,0,0,0,0,0,0,0,-136,746,807,43,60,70,73,67,49,19,-14,-47,-79,-95,-90,-67,-31,16,62,103,124,116,81,26,-42,-106,-150,-160,-134,-75,9,96,167,205,195,133,34,-76,-177,-241,-246,-189,-77,57,183,267,285,227,110,-40,-187,-285,-312,-256,-130,37,198,305,332,272,134,-49,-221,-329,-347,-269,-115,75,252,359,363,262,85,-121,-296,-394,-383,-263,-65,158,343,432,393,247,29,-206,-387,-464,-415,-248,-1,246,425,492,428,239,-16,-267,-444,-500,-415,-213,44,283,445,482,386,187,-64,-295,-438,-456,-348,-144,99,311,434,433,308,96,-139,-328,-422,-393,-255,-45,179,354,0,377,224,7,-217,-376,-429,-362,-197,26,240,388,428,349,171,-54,-263,-406,-438,-350,-167,58,268,408,439,355,175,-55,-266,-406,-448,-374,-204,20,240,398,452,394,239,23,-200,-367,-438,-406,-278,-79,139,318,419,418,312,134,-70,-260,-385,-408,-333,-178,17,205,336,382,331,202,23,-163,-303,-358,-322,-215,-54,127,271,336,310,211,56,-113,-248,-316,-303,-208,-60,102,238,307,295,205,58,-103,-234,-310,-304,-214,-70,91,227,312,318,241,101,-64,-213,-308,-323,-257,-134,19,172,286,330,295,194,47,-111,-243,-322,-333,-276,-167,-29,115,228,291,305,276,422,555,0,0,0,0,0,0,0,0,0,0,0,0,0,0,0,0,0,0,0,0,0,0,0,0,0,0,0,0,0,0,0,0,0,0,0,0,0,0,0,0,0,0,0,0,0,0,0,0,0,0,0,0,0,0,0,0,0,0,0,0,0,0,0,0,0,0,0,0,0,0,0,0,0,0,0,0,0,0,0,0,0,0,0,0,0,0,0,0,0,0,0,0,0,0,0,0,0,0,0,0,0,0,0,0,0,0,0,0,0,0,0,0,0,0,0,0,0,0,0,0,0,0,0,0,0,0,0,0,0,0,0,0,0,0,0,0,0,0,0,0,0,0,0,0,0,0,0,0,0,0,0,0,0,0,0,0,0,0,0,0,0,0,0,0,0,0,0,0,0,0,0,0,0,0,0,0,0,0,0,0,0,0,0,0,0,0,0,0,0,0,0,0,0,0,0,0,0,0,0,0,0,0,0,0,0,0,0,0,0,0,0,0,0,0,0,0,0,0,0,0,0,0,0,0,0,0,0,0,0,0,0,0,0,0,0,0,0,0,0,0,0,0,0,0,0,0,0,0,0,0,0,0,0,0,0,0,1335,335,183,-38,-23,-6,17,42,66,79,80,73,49,11,-30,-69,-99,-108,-92,-52,-2,53,102,133,137,111,51,-26,-102,-160,-181,-162,-109,-22,85,174,226,223,162,53,-68,-178,-254,-268,-209,-94,49,181,272,297,244,120,-40,-190,-294,-325,-267,-128,46,207,313,337,269,120,-64,-230,-336,-355,-271,-106,92,269,376,371,263,76,-139,-320,-414,-394,-256,-42,189,371,452,403,244,13,-227,-408,-481,-423,-245,6,257,442,503,428,230,-30,-278,-448,-494,-404,-206,47,285,443,473,374,168,-80,-305,-439,-447,-328,-119,118,319,431,414,280,75,-155,-338,-423,-387,-242,0,189,363,429,370,208,-14,-233,-387,-431,-352,-180,38,250,397,433,348,166,-60,-269,-409,-438,-345,-164,60,266,405,443,363,188,-36,-253,-402,-448,-382,-214,6,221,380,452,409,259,50,-170,-345,-434,-415,-296,-107,106,286,397,415,326,157,-45,-225,-350,-393,-338,-196,-6,181,319,370,329,211,39,-142,-283,-346,-321,-212,-52,118,255,326,309,210,56,-108,-244,-313,-300,-207,-63,100,233,303,297,211,62,-98,-231,-310,-309,-223,-83,77,221,309,316,247,116,-44,-192,-290,-323,-277,-159,-5,146,265,323,308,228,101,-51,-198,-301,-342,-327,-256,-147,-28,92,660,556
29018,mtk,MTK 7916,2778054697,rx2-tx1,512,0,0,0,0,0,0,0,0,0,0,0,0,0,0,0,0,0,0,0,0,0,0,0,0,0,0,0,0,0,0,0,0,0,0,0,0,0,0,0,0,0,0,0,0,0,0,0,0,0,0,0,0,0,0,0,0,0,0,0,0,0,0,0,0,0,0,0,0,0,0,0,0,0,0,0,0,0,0,0,0,0,0,0,0,0,0,0,0,0,0,0,0,0,0,0,0,0,0,0,0,0,0,0,0,0,0,0,0,0,0,0,0,0,0,0,0,0,0,0,0,0,0,0,0,0,0,0,0,0,0,0,0,0,0,0,0,0,0,0,0,0,0,0,0,0,0,0,0,0,0,0,0,0,0,0,0,0,0,0,0,0,0,0,0,0,0,0,0,0,0,0,0,0,0,0,0,0,0,0,0,0,0,0,0,0,0,0,0,0,0,0,0,0,0,0,0,0,0,0,0,0,0,0,0,0,0,0,0,0,0,0,0,0,0,0,0,0,0,0,0,0,0,0,0,0,0,0,0,0,0,0,0,0,0,0,0,0,0,0,0,0,0,0,0,0,0,0,0,0,0,0,0,0,0,0,0,236,-184,-141,47,60,69,70,58,32,-4,-39,-63,-79,-74,-49,-15,22,55,72,71,50,13,-26,-61,-82,-73,-42,-1,47,83,93,72,35,-12,-66,-110,-118,-88,-29,37,103,134,127,91,20,-65,-135,-170,-152,-80,15,107,178,203,171,77,-45,-162,-238,-248,-184,-64,91,219,286,282,193,38,-131,-271,-346,-327,-201,-21,172,324,391,343,198,-10,-220,-375,-429,-360,-188,36,254,409,446,359,172,-72,-294,-431,-455,-351,-140,109,323,442,443,317,101,-141,-340,-444,-420,-285,-73,161,346,423,377,227,15,-192,-344,-395,-322,-160,33,216,331,340,243,85,-99,-253,0,-281,-174,-11,164,283,312,246,102,-76,-230,-305,-294,-194,-26,150,283,332,280,143,-35,-211,-328,-345,-267,-112,87,257,351,346,240,67,-117,-271,-347,-327,-217,-41,144,285,340,295,176,14,-157,-276,-304,-243,-123,29,165,248,258,188,75,-52,-169,-229,-210,-128,-19,89,168,190,155,77,-27,-120,-174,-170,-117,-29,66,142,178,157,92,-1,-87,-140,-153,-124,-57,20,90,138,143,107,40,-35,-99,-132,-127,-92,-33,38,93,115,104,65,7,-48,-87,-100,-88,-47,1,51,85,87,62,28,-10,-53,-82,-82,-57,-21,27,69,94,95,79,47,9,-28,-316,-267,0,0,0,0,0,0,0,0,0,0,0,0,0,0,0,0,0,0,0,0,0,0,0,0,0,0,0,0,0,0,0,0,0,0,0,0,0,0,0,0,0,0,0,0,0,0,0,0,0,0,0,0,0,0,0,0,0,0,0,0,0,0,0,0,0,0,0,0,0,0,0,0,0,0,0,0,0,0,0,0,0,0,0,0,0,0,0,0,0,0,0,0,0,0,0,0,0,0,0,0,0,0,0,0,0,0,0,0,0,0,0,0,0,0,0,0,0,0,0,0,0,0,0,0,0,0,0,0,0,0,0,0,0,0,0,0,0,0,0,0,0,0,0,0,0,0,0,0,0,0,0,0,0,0,0,0,0,0,0,0,0,0,0,0,0,0,0,0,0,0,0,0,0,0,0,0,0,0,0,0,0,0,0,0,0,0,0,0,0,0,0,0,0,0,0,0,0,0,0,0,0,0,0,0,0,0,0,0,0,0,0,0,0,0,0,0,0,0,0,0,0,0,0,0,0,0,0,0,0,0,0,0,0,0,0,0,0,0,0,0,0,0,0,0,0,0,0,0,0,0,0,0,0,0,0,0,-351,296,321,-32,-17,2,32,59,75,81,70,45,12,-25,-58,-76,-73,-51,-19,22,54,71,72,52,14,-33,-70,-89,-83,-48,4,52,92,105,81,37,-20,-80,-119,-122,-86,-19,51,113,153,145,92,3,-90,-160,-184,-157,-76,27,133,210,234,182,69,-71,-192,-269,-274,-191,-50,113,248,319,298,200,33,-150,-297,-367,-331,-197,-5,191,348,405,348,195,-24,-248,-404,-446,-359,-180,50,277,434,461,356,156,-81,-302,-444,-461,-344,-127,124,336,444,432,307,92,-152,-342,-431,-402,-262,-48,176,344,403,344,192,-11,-208,-338,-367,-288,-129,69,239,329,319,215,0,-139,-266,-314,-266,-136,40,195,295,304,218,63,-112,-256,-314,-285,-174,-3,182,312,349,279,128,-68,-245,-347,-349,-251,-84,105,267,359,342,226,53,-135,-275,-341,-315,-194,-17,155,277,320,277,156,-1,-157,-269,-289,-227,-107,41,166,234,239,167,51,-72,-164,-205,-181,-105,-1,104,169,182,140,60,-44,-133,-175,-156,-98,-16,69,137,165,139,70,-15,-97,-146,-149,-109,-44,27,94,139,138,96,32,-43,-102,-130,-118,-76,-19,42,92,108,92,51,2,-46,-84,-94,-73,-35,13,55,81,81,60,23,-21,-62,-88,-93,-68,-28,20,66,89,98,92,191,236
29019,mtk,MTK 7916,2778077130,rx0-tx0,512,-1687,-466,-600,-166,-86,-3,95,180,255,314,356,376,374,338,275,197,98,-16,-129,-233,-329,-404,-449,-465,-446,-391,-301,-192,-63,81,221,340,442,509,530,519,468,381,266,123,-28,-178,-312,-422,-506,-553,-555,-522,-449,-344,-218,-72,77,225,351,453,534,568,566,530,452,342,207,58,-95,-249,-384,-493,-579,-615,-611,-569,-480,-367,-226,-58,118,290,444,572,658,702,693,636,535,387,206,8,-205,-402,-569,-697,-779,-802,-758,-659,-502,-304,-84,143,366,563,716,819,859,827,730,578,388,161,-77,-312,-526,-694,-805,-867,-854,-777,-644,-459,-242,-3,234,448,638,780,858,874,-273,707,542,336,99,-145,-382,-586,-751,-857,-893,-868,-780,-628,-428,-190,60,308,539,722,860,934,929,858,722,521,278,14,-262,-511,-719,-877,-971,-993,-930,-799,-602,-349,-70,212,481,723,911,1022,1051,997,861,652,390,97,-207,-499,-755,-945,-1056,-1084,-1020,-869,-650,-372,-66,249,537,778,960,1052,1051,964,796,556,284,-13,-312,-568,-775,-915,-967,-937,-830,-650,-429,-170,93,337,545,701,792,815,773,661,492,291,81,-132,-329,-491,-602,-669,-671,-614,-510,-360,-187,2,185,348,472,552,581,546,461,332,170,-9,-180,-329,-437,-484,-468,-392,-265,-111,49,184,271,290,34,-138,-546,1148,910,-200,-225,-210,-154,-66,37,141,226,279,297,280,230,154,56,-43,-133,-221,-274,-305,-312,-286,-238,-171,-81,16,109,199,275,329,350,343,311,241,158,52,-63,-167,-265,-344,-394,-405,-376,-325,-240,-131,-11,117,231,322,384,414,409,366,287,187,81,-39,-151,-248,-321,-364,-380,-361,-319,-255,-171,-77,21,117,195,264,315,341,343,314,258,187,105,8,-80,-160,-229,-280,-311,-308,-286,-240,-173,-102,-24,54,127,191,234,256,261,245,210,163,109,47,-18,-80,-127,-162,-194,-204,-200,-183,-155,-116,-72,-32,8,49,82,107,129,135,143,147,138,127,113,91,-730,24,-15,-55,-103,-151,-187,-206,-218,-206,-182,-144,-81,-18,54,124,181,225,250,256,236,202,149,87,18,-51,-116,-168,-201,-220,-224,-211,-188,-151,-106,-54,-10,32,78,113,136,167,187,192,192,178,152,118,80,31,-24,-78,-133,-183,-220,-246,-254,-244,-212,-169,-108,-33,49,118,182,240,279,301,300,270,220,156,74,-8,-91,-163,-223,-275,-297,-296,-277,-249,-195,-125,-58,21,97,167,224,260,285,295,278,248,197,134,63,-18,-102,-172,-229,-277,-303,-304,-290,-250,-193,-128,-53,24,105,172,237,280,293,303,286,249,202,132,58,-24,-103,-171,-231,-284,1368,1383,-175,-599,-471,295,328,346,341,304,250,181,94,-2,-103,-205,-287,-353,-401,-423,-410,-366,-297,-198,-87,35,166,289,389,459,505,508,467,392,287,154,7,-136,-274,-388,-477,-536,-552,-528,-461,-365,-243,-96,56,204,340,448,524,565,565,522,442,339,208,58,-90,-235,-363,-468,-545,-583,-586,-545,-466,-362,-224,-64,100,265,408,523,612,659,657,605,512,377,219,34,-154,-335,-496,-628,-711,-752,-739,-657,-528,-358,-162,60,279,478,645,762,823,826,760,628,453,241,3,-234,-458,-637,-772,-848,-859,-802,-683,-510,-307,-82,160,383,578,732,831,872,838,748,600,397,167,-73,-1322,-517,-690,-817,-880,-876,-802,-670,-491,-266,-24,220,450,647,796,886,911,869,756,581,364,112,-152,-400,-622,-810,-921,-967,-939,-829,-660,-445,-186,90,364,608,817,959,1019,1004,912,748,522,244,-59,-354,-627,-845,-997,-1070,-1061,-962,-783,-536,-248,62,375,658,881,1023,1084,1052,928,735,480,182,-124,-422,-685,-877,-991,-1026,-966,-824,-621,-363,-76,201,460,665,812,892,887,807,663,468,239,5,-230,-436,-595,-693,-736,-717,-637,-503,-335,-149,55,242,403,528,601,621,583,492,357,194,12,-166,-318,-442,-517,-534,-495,-403,-263,-89,85,241,353,408,396,319,200,65,-739,-733,1197,-771,-1025,-65,26,121,205,258,276,251,186,96,-6,-109,-198,-265,-301,-302,-280,-229,-147,-60,36,130,207,275,316,327,314,273,206,117,18,-82,-184,-273,-338,-384,-381,-349,-290,-201,-92,26,145,247,339,394,415,399,345,264,161,45,-82,-199,-299,-362,-396,-403,-368,-312,-225,-125,-15,88,183,261,320,348,351,326,277,216,136,52,-43,-137,-219,-274,-315,-331,-317,-280,-220,-147,-60,25,106,187,245,281,293,284,249,198,132,64,-3,-71,-131,-178,-216,-234,-234,-212,-177,-143,-98,-44,16,69,113,146,163,169,169,157,134,109,74,46,22,-12,-45,-74,-102,-130,-128,-166,-170,-169,-157,-127,-87,-35,20,82,134,186,222,238,242,219,176,119,54,-21,-94,-157,-211,-243,-253,-245,-213,-168,-118,-59,1,58,106,141,170,184,190,193,177,150,121,88,46,3,-41,-86,-131,-165,-191,-209,-215,-207,-191,-152,-103,-42,25,94,155,205,254,282,282,259,224,171,99,19,-65,-145,-213,-264,-296,-303,-289,-253,-206,-139,-56,22,96,167,230,263,286,292,276,246,192,134,66,-16,-94,-165,-222,-262,-290,-302,-290,-254,-205,-139,-56,23,102,181,235,276,298,301,285,249,199,123,50,-23,-101,-163,-223,-267,-298,-307,-292,-259,-214,-150,223,-122
29020,mtk,MTK 7916,2778077130,rx0-tx1,512,-144,129,248,842,944,982,951,854,704,498,260,3,-267,-521,-731,-893,-1002,-1036,-997,-883,-705,-479,-218,65,343,599,815,963,1057,1081,1020,883,686,442,153,-137,-417,-672,-880,-1033,-1109,-1115,-1036,-882,-670,-404,-103,206,499,758,958,1097,1161,1136,1032,851,611,339,31,-282,-565,-812,-1000,-1114,-1153,-1117,-1002,-821,-580,-294,16,322,606,832,1012,1130,1169,1124,999,806,552,257,-57,-365,-656,-908,-1081,-1185,-1210,-1137,-985,-765,-485,-165,173,496,789,1014,1164,1227,1202,1093,893,632,320,-17,-349,-640,-886,-1067,-1165,-1179,-1103,-940,-716,-452,-147,160,444,695,895,1032,1090,1063,969,805,583,331,146,-220,-487,-715,-886,-1000,-1043,-1008,-905,-732,-515,-259,24,300,558,777,939,1040,1065,999,862,666,422,149,-144,-426,-680,-883,-1019,-1081,-1066,-972,-802,-563,-295,1,298,580,816,991,1088,1100,1045,902,692,430,125,-178,-468,-733,-939,-1078,-1130,-1098,-978,-779,-524,-219,93,405,685,902,1059,1130,1117,1005,802,542,246,-75,-385,-660,-879,-1022,-1080,-1047,-923,-728,-476,-187,108,382,618,804,908,940,886,764,586,367,122,-115,-346,-543,-676,-762,-773,-721,-614,-456,-268,-58,153,342,494,596,643,636,568,446,289,99,-91,-269,-409,-504,-539,-505,-412,-271,-99,69,214,308,339,311,-262,-141,0,-167,-219,-327,-274,-156,6,182,342,457,511,498,419,290,131,-49,-221,-368,-478,-544,-556,-517,-438,-310,-155,7,176,331,459,557,608,611,567,476,334,172,-13,-205,-383,-541,-661,-734,-750,-699,-595,-436,-236,-7,228,453,654,802,883,904,840,707,509,251,-18,-292,-547,-752,-904,-987,-989,-910,-752,-532,-280,5,285,544,762,920,1011,1021,951,808,598,342,58,-230,-501,-734,-905,-1003,-1028,-968,-841,-642,-393,-123,156,417,641,823,940,983,953,860,697,490,253,-8,-268,-499,-697,-841,-920,-940,-895,-782,-622,-405,-165,82,329,550,735,868,939,950,892,768,590,363,115,-150,-411,-638,-830,-964,-1033,-1030,-944,-789,-573,-314,-22,275,558,801,989,1104,1144,1097,965,757,483,170,-157,-476,-760,-986,-1143,-1215,-1189,-1071,-883,-617,-305,9,334,633,887,1077,1178,1193,1131,985,766,490,189,-127,-435,-709,-936,-1089,-1163,-1159,-1072,-916,-693,-413,-116,187,483,738,944,1094,1157,1141,1047,878,656,383,77,-229,-520,-780,-987,-1124,-1174,-1145,-1035,-855,-610,-313,-1,309,599,835,1023,1137,1168,1115,983,773,513,217,-96,-397,-667,-887,-1046,-1130,-1125,-1041,-889,-666,-399,-107,194,466,708,903,1030,1076,1046,944,777,555,296,20,-252,-503,-715,-875,-979,-1008,-964,-860,-693,-486,119,26,147,471,417,506,262,9,-250,-487,-701,-867,-970,-1011,-977,-871,-708,-501,-250,27,306,563,774,936,1033,1058,1006,886,697,461,196,-94,-382,-637,-845,-1005,-1091,-1092,-1023,-878,-675,-422,-136,160,455,713,921,1072,1142,1131,1038,869,635,366,62,-249,-539,-796,-986,-1113,-1168,-1131,-1019,-836,-596,-307,-5,300,584,822,1005,1121,1157,1120,995,801,564,279,-29,-338,-617,-857,-1037,-1148,-1178,-1131,-1007,-795,-523,-226,99,422,710,952,1129,1220,1223,1134,955,706,407,79,-250,-572,-844,-1049,-1178,-1217,-1161,-1020,-810,-542,-232,90,406,687,900,1055,1131,1115,1020,859,642,381,90,-199,-468,-709,-891,-1005,206,-1030,-934,-763,-544,-292,-14,261,518,737,901,1007,1044,1000,889,712,481,216,-73,-359,-613,-820,-971,-1057,-1062,-990,-840,-625,-363,-75,219,499,748,936,1056,1098,1057,938,745,501,211,-84,-376,-651,-873,-1036,-1117,-1109,-1023,-856,-626,-342,-33,282,584,828,1015,1119,1135,1069,905,678,397,89,-230,-539,-794,-983,-1092,-1112,-1040,-882,-656,-375,-67,245,526,756,924,1011,1005,916,764,547,296,21,-248,-478,-666,-791,-846,-832,-756,-608,-420,-210,22,236,426,576,672,709,683,597,459,289,97,-100,-284,-434,-541,-595,-581,-510,-388,-230,-45,144,298,408,457,439,359,229,82,-58,400,459,0,137,44,123,265,377,436,424,342,203,26,-156,-319,-443,-522,-542,-499,-406,-276,-117,55,214,358,476,550,585,567,495,383,237,65,-113,-283,-437,-559,-639,-681,-660,-582,-460,-293,-101,109,314,499,657,766,819,801,719,568,362,131,-124,-379,-606,-802,-923,-962,-929,-807,-626,-395,-132,155,432,673,849,964,1008,971,856,672,438,170,-117,-394,-646,-846,-979,-1035,-1010,-912,-737,-501,-238,52,334,584,796,932,1001,998,913,764,559,311,44,-221,-465,-676,-826,-922,-956,-916,-813,-651,-440,-205,44,291,519,708,848,923,939,886,770,602,386,144,-111,-362,-586,-776,-910,-979,-985,-92,-791,-593,-352,-83,200,474,717,907,1035,1091,1063,958,778,538,256,-52,-367,-651,-896,-1076,-1172,-1184,-1101,-931,-693,-404,-79,255,566,835,1052,1174,1211,1165,1026,813,545,239,-77,-392,-686,-923,-1084,-1168,-1176,-1100,-949,-723,-445,-146,165,460,722,940,1084,1151,1153,1065,897,674,401,99,-205,-498,-753,-960,-1105,-1166,-1140,-1042,-870,-638,-353,-44,264,555,809,1013,1133,1169,1132,1010,816,569,270,-42,-351,-640,-875,-1044,-1143,-1158,-1086,-937,-725,-461,-167,142,432,690,901,1041,1107,1087,992,835,616,348,55,-229,-492,-720,-897,-1008,-1047,-1008,-898,-727,-512,-263,7,268,509,705,852,172,208
29021,mtk,MTK 7916,2778077130,rx1-tx0,512,0,-271,-394,-449,-600,-720,-786,-781,-744,-656,-522,-364,-169,38,238,422,574,699,780,803,767,684,558,391,196,-17,-230,-434,-611,-743,-836,-864,-841,-757,-609,-422,-215,15,260,491,688,842,934,968,934,828,669,464,214,-62,-341,-596,-818,-986,-1085,-1113,-1049,-920,-716,-447,-138,193,508,785,1018,1183,1262,1236,1115,902,622,294,-70,-424,-746,-1021,-1217,-1322,-1319,-1208,-1014,-739,-409,-61,305,639,924,1142,1272,1292,1227,1071,837,537,197,-152,-491,-786,-1020,-1187,-1260,-1240,-1128,-933,-665,-345,-4,339,644,903,1101,1217,1234,1156,991,746,455,125,-208,-523,-800,-1009,-1139,-1181,-1137,-1000,-785,-512,-136,104,420,687,908,1066,1128,1102,999,819,579,302,-1,-297,-578,-801,-963,-1058,-1057,-983,-832,-616,-352,-70,214,472,705,875,969,997,938,809,632,400,144,-123,-375,-583,-747,-861,-897,-867,-766,-621,-435,-220,10,230,437,600,713,780,780,724,622,472,295,99,-101,-279,-443,-582,-679,-711,-709,-653,-538,-388,-214,-27,163,341,508,614,677,691,651,557,414,247,59,-124,-294,-448,-558,-620,-629,-586,-501,-375,-226,-63,108,272,395,491,545,560,521,436,313,166,17,-138,-272,-377,-452,-484,-465,-402,-307,-176,-34,107,232,333,391,400,360,273,159,32,-90,-182,-236,-228,310,133,0,188,291,163,223,243,228,171,81,-24,-126,-214,-275,-302,-298,-262,-194,-110,-28,64,154,226,276,311,318,300,260,200,120,41,-56,-158,-235,-311,-363,-391,-391,-361,-305,-218,-97,32,168,305,411,495,551,555,506,421,286,118,-60,-253,-428,-564,-672,-719,-698,-623,-487,-313,-106,117,324,517,666,752,791,769,682,536,345,124,-113,-333,-539,-711,-827,-870,-849,-760,-606,-400,-154,89,341,573,756,879,932,918,825,659,442,188,-86,-347,-582,-778,-912,-963,-947,-850,-687,-475,-217,47,313,562,758,894,953,948,867,717,515,274,10,-255,-494,-694,-844,-919,-927,-880,-765,-586,236,-124,137,375,597,776,890,942,922,838,697,497,256,9,-257,-499,-710,-866,-962,-991,-936,-813,-629,-402,-129,143,399,642,832,953,1018,998,902,747,539,287,12,-258,-516,-730,-893,-1000,-1039,-994,-875,-699,-469,-214,61,356,611,810,967,1064,1079,1004,871,663,412,131,-171,-466,-730,-934,-1071,-1136,-1127,-1021,-830,-579,-292,17,330,620,867,1037,1138,1157,1086,931,700,419,111,-209,-498,-759,-967,-1094,-1142,-1092,-963,-771,-520,-230,63,361,617,819,973,1043,1029,949,806,594,343,77,-189,-436,-661,-815,-916,-959,-917,-822,-665,-458,-226,20,264,477,660,786,857,860,800,692,-254,-121,0,321,147,-674,-532,-362,-156,51,242,434,583,699,774,790,755,667,536,371,175,-33,-234,-419,-582,-714,-799,-827,-798,-719,-582,-415,-213,14,237,456,645,779,865,904,876,784,634,443,214,-35,-292,-532,-732,-892,-1000,-1036,-992,-881,-704,-464,-192,112,403,672,910,1083,1176,1184,1092,926,690,394,54,-297,-632,-915,-1129,-1269,-1309,-1240,-1082,-839,-527,-173,200,551,850,1098,1252,1317,1284,1142,921,633,292,-62,-405,-720,-984,-1171,-1265,-1268,-1174,-992,-742,-442,-108,235,560,845,1069,1207,1255,1206,1059,850,566,239,-104,-435,-735,-976,-1140,-1212,-1190,-1082,-890,-632,-330,-9,314,616,865,1039,1335,1151,1074,910,692,410,97,-203,-492,-748,-937,-1058,-1097,-1052,-926,-720,-479,-190,104,389,645,845,971,1026,993,895,734,507,255,-25,-304,-541,-736,-877,-943,-940,-857,-714,-528,-293,-44,199,418,600,739,820,834,795,694,540,363,155,-62,-258,-441,-588,-693,-746,-736,-674,-576,-438,-261,-69,118,313,471,592,669,699,678,614,495,328,152,-44,-230,-405,-535,-626,-662,-643,-585,-475,-323,-153,31,198,356,475,548,586,576,514,413,286,130,-28,-190,-330,-442,-500,-520,-497,-425,-320,-190,-41,111,240,349,420,445,424,362,260,131,-7,-142,-250,-317,-336,-299,-225,-122,-18,275,393,0,-247,-110,136,66,-27,-123,-212,-270,-291,-271,-218,-137,-36,64,161,237,278,303,310,278,218,143,57,-31,-115,-193,-264,-311,-335,-344,-318,-271,-209,-112,-10,98,201,302,394,451,472,464,409,311,189,45,-120,-279,-428,-551,-620,-644,-617,-526,-399,-225,-17,192,388,557,680,752,755,702,594,427,223,0,-228,-441,-619,-751,-828,-835,-775,-655,-480,-254,-17,221,454,655,812,893,903,846,717,532,307,53,-214,-472,-682,-837,-931,-950,-896,-771,-581,-330,-66,200,459,676,850,951,972,924,795,604,368,115,-151,-410,-636,-810,-917,-955,-917,-806,-642,-426,-179,74,324,557,745,-351,945,934,860,732,543,315,61,-196,-441,-656,-828,-929,-970,-940,-837,-670,-455,-214,62,334,574,775,920,998,994,928,794,584,335,69,-215,-469,-687,-860,-975,-1016,-990,-888,-717,-501,-249,24,299,548,770,930,1022,1051,1000,865,678,450,180,-121,-404,-663,-882,-1021,-1102,-1100,-1021,-857,-634,-362,-69,242,543,799,990,1110,1155,1111,985,777,510,217,-104,-415,-700,-926,-1079,-1152,-1129,-1027,-857,-614,-328,-18,288,566,805,984,1077,1090,1021,872,680,435,150,-137,-396,-635,-828,-951,-1003,-978,-891,-733,-519,-289,-26,226,458,659,808,890,912,860,754,597,400,177,-58,-276,-476,-189,-293
29022,mtk,MTK 7916,2778077130,rx1-tx1,512,0,0,0,605,310,-62,-422,-677,-760,-640,-348,31,401,667,757,646,373,-6,-385,-661,-759,-657,-382,-2,380,668,776,673,392,-1,-397,-690,-807,-706,-419,-13,403,718,841,748,451,24,-419,-750,-892,-803,-491,-45,414,774,943,859,545,86,-410,-807,-997,-932,-620,-138,381,804,1030,992,697,213,-335,-799,-1057,-1048,-768,-297,258,744,1047,1081,832,367,-189,-693,-1026,-1096,-881,-436,117,637,989,1087,911,499,-42,-566,-936,-1063,-915,-526,-11,502,886,1033,907,545,40,-474,-856,-1017,-913,-570,-74,438,832,1014,927,603,120,-395,-809,-1013,-952,-645,-173,346,780,1006,974,696,233,-296,0,-1009,-1004,-741,-285,244,714,1006,1037,802,355,-184,-683,-1010,-1091,-885,-445,111,643,1018,1142,973,552,-14,-585,-1006,-1179,-1057,-666,-103,491,973,1211,1146,790,243,-372,-901,-1203,-1207,-914,-385,240,808,1171,1244,1006,517,-101,-694,-1110,-1248,-1077,-633,-23,586,1050,1263,1156,757,170,-464,-992,-1276,-1243,-904,-351,289,855,1222,1296,1058,560,-60,-660,-1096,-1273,-1146,-753,-184,419,906,1171,1158,877,400,-159,-670,-1006,-1101,-940,-566,-71,424,803,982,926,660,253,-203,-591,-825,-872,-719,-404,-10,369,657,786,738,534,222,-131,-447,-657,-730,-659,-464,-194,87,333,504,578,549,443,286,0,0,0,0,0,-291,-299,-256,-157,-12,152,305,422,466,421,295,104,-120,-329,-475,-528,-468,-299,-63,192,414,549,558,437,216,-59,-330,-528,-612,-553,-356,-66,240,499,646,634,472,193,-146,-458,-665,-714,-586,-316,39,393,665,784,707,455,95,-297,-631,-808,-791,-590,-246,158,534,783,835,685,374,-28,-418,-707,-821,-731,-462,-85,307,614,771,729,504,157,-228,-551,-726,-717,-528,-201,176,504,699,718,552,241,-128,-466,-687,-720,-562,-271,89,435,672,733,606,325,-45,-406,-662,-743,-639,-370,-3,362,638,749,674,431,82,-293,-589,-733,-688,-467,-123,248,552,710,683,479,149,0,-540,-708,-690,-494,-169,205,529,727,731,537,201,-183,-525,-742,-764,-589,-258,146,514,752,800,646,319,-86,-472,-738,-818,-681,-365,42,434,722,823,702,401,-10,-424,-723,-838,-734,-433,-13,411,731,860,770,477,54,-380,-722,-883,-819,-542,-121,332,699,889,852,595,186,-266,-652,-871,-867,-640,-258,191,581,814,841,656,301,-123,-502,-744,-788,-628,-309,83,445,678,725,583,291,-79,-421,-636,-676,-536,-253,96,414,615,651,508,228,-116,-425,-617,-643,-497,-213,135,443,631,652,502,214,-136,-453,-647,-673,-522,-230,130,456,663,696,541,245,-112,-447,-672,-718,-572,0,0,0,0,0,436,681,754,627,338,-36,-406,-671,-758,-645,-360,17,388,659,756,656,380,-1,-385,-662,-762,-666,-388,-3,388,681,790,687,401,7,-395,-698,-824,-726,-432,-22,410,737,872,775,467,27,-419,-762,-915,-832,-523,-65,417,797,969,889,575,107,-399,-813,-1017,-958,-651,-174,357,806,1053,1025,729,242,-302,-780,-1059,-1067,-806,-340,223,731,1046,1088,861,413,-141,-659,-1002,-1084,-886,-460,76,593,963,1076,909,512,-18,-539,-910,-1049,-914,-535,-17,492,870,1021,913,567,66,-450,-843,-1011,-918,-581,-99,409,812,1005,941,625,146,-370,-789,-1009,-969,-671,-198,320,755,1005,992,0,252,-274,-733,-1006,-1020,-765,-317,216,698,1010,1063,840,397,-152,-668,-1018,-1112,-919,-489,72,616,1014,1157,1015,607,38,-542,-989,-1196,-1092,-724,-173,435,940,1208,1179,860,322,-299,-848,-1187,-1226,-958,-450,171,746,1137,1245,1041,572,-44,-646,-1092,-1265,-1122,-696,-103,522,1019,1270,1201,837,261,-378,-925,-1251,-1273,-979,-458,170,763,1165,1293,1115,670,68,-538,-1008,-1233,-1168,-826,-296,289,798,1108,1147,917,488,-41,-548,-907,-1043,-936,-620,-168,306,691,904,898,683,326,-92,-482,-748,-833,-725,-462,-106,266,565,736,747,608,346,18,-297,-533,-660,-667,-558,-369,-135,90,263,369,0,0,0,0,0,0,-120,-242,-344,-400,-391,-309,-161,30,225,388,483,485,390,213,-22,-260,-452,-548,-516,-371,-143,123,371,541,594,501,288,2,-293,-521,-630,-592,-416,-128,205,491,660,675,528,250,-97,-434,-670,-747,-644,-386,-25,351,645,791,755,529,175,-227,-581,-796,-818,-652,-326,86,476,745,829,713,427,34,-364,-662,-801,-738,-491,-123,267,584,749,724,519,183,-198,-528,-714,-715,-535,-218,152,480,687,714,555,251,-118,-456,-678,-724,-588,-298,66,419,664,739,620,343,-20,-382,-650,-748,-656,-407,-48,326,610,742,686,455,102,-271,-570,-720,-687,-472,-136,231,538,709,0,488,160,-212,-537,-718,-713,-521,-191,194,535,736,749,566,235,-164,-524,-752,-788,-619,-292,114,492,749,812,663,346,-64,-458,-737,-820,-689,-377,27,432,723,830,716,414,0,-413,-725,-843,-743,-448,-32,399,729,877,796,506,84,-362,-721,-895,-834,-567,-158,299,681,884,858,622,222,-233,-620,-846,-857,-650,-281,153,538,779,819,648,310,-99,-468,-705,-755,-607,-301,76,422,649,702,563,271,-86,-412,-622,-665,-527,-243,103,414,615,650,500,216,-129,-435,-625,-648,-502,-214,134,447,639,662,509,221,-129,-454,-655,-682,-527,-232,128,453,666,704,560,263,-106,-446,0,0
29023,mtk,MTK 7916,2778077130,rx2-tx0,512,0,0,0,726,498,141,-255,-585,-775,-767,-561,-210,186,535,751,775,607,280,-117,-474,-707,-765,-626,-317,64,418,664,736,615,335,-25,-374,-622,-713,-611,-348,-1,340,591,688,599,351,14,-323,-571,-664,-578,-343,-18,306,549,645,567,336,16,-303,-535,-625,-547,-322,-15,294,521,602,521,304,6,-293,-514,-593,-506,-289,6,301,508,579,496,282,-14,-304,-515,-588,-500,-275,15,302,516,590,508,287,-10,-298,-507,-582,-499,-292,-11,279,490,562,491,289,13,-270,-479,-556,-476,-277,-7,266,471,548,474,276,9,-259,-465,-552,-491,-296,-24,253,461,545,486,303,36,-236,0,-534,-480,-300,-39,228,438,528,477,298,38,-235,-448,-538,-490,-306,-36,247,470,568,522,339,56,-246,-483,-596,-555,-365,-79,233,491,619,584,398,107,-217,-495,-647,-630,-445,-141,212,510,675,672,503,188,-183,-517,-719,-745,-578,-261,132,503,759,828,690,371,-51,-462,-770,-900,-812,-518,-95,358,722,910,885,646,255,-198,-603,-869,-924,-757,-410,28,452,764,895,816,543,143,-279,-636,-838,-837,-638,-304,94,466,722,807,705,443,84,-277,-566,-722,-710,-541,-261,69,376,582,657,596,405,137,-149,-391,-543,-577,-504,-338,-118,111,296,415,452,413,312,182,42,0,0,0,0,0,-227,-300,-334,-317,-237,-106,60,235,381,460,456,364,199,-14,-238,-421,-515,-498,-378,-172,85,323,489,547,484,308,61,-206,-434,-564,-558,-422,-186,97,362,541,599,514,301,8,-287,-515,-622,-585,-401,-120,191,459,616,619,477,219,-91,-378,-570,-626,-526,-288,15,306,517,596,526,331,52,-243,-466,-565,-517,-342,-84,196,419,526,497,341,96,-172,-391,-502,-477,-326,-87,181,394,502,479,322,76,-189,-405,-516,-492,-338,-90,182,411,544,534,381,128,-157,-414,-561,-562,-413,-159,137,398,558,577,447,199,-106,-381,-558,-592,-470,-221,87,381,580,626,508,260,0,-376,-592,-661,-561,-314,19,349,595,691,606,369,39,-308,-584,-705,-644,-419,-83,273,558,707,673,461,134,-228,-529,-690,-676,-481,-157,198,504,685,678,484,175,-180,-497,-683,-680,-498,-185,175,490,681,686,507,191,-172,-492,-682,-696,-523,-203,170,500,699,719,546,228,-154,-500,-720,-751,-578,-256,131,486,719,760,607,295,-98,-461,-704,-765,-625,-325,54,419,674,752,632,346,-28,-393,-647,-725,-620,-357,4,362,616,708,615,361,9,-339,-594,-692,-606,-354,-10,335,587,677,591,349,8,-337,-588,-691,-610,-361,-14,337,603,711,638,394,40,-326,-614,-750,-682,0,0,0,0,0,293,611,775,747,533,176,-223,-571,-775,-778,-588,-253,148,505,728,764,607,298,-86,-447,-684,-744,-616,-335,42,401,650,727,619,347,-11,-359,-609,-698,-604,-353,-8,333,581,671,586,347,21,-311,-558,-650,-569,-337,-18,304,537,628,555,333,18,-295,-524,-612,-536,-319,-17,290,518,599,516,294,-2,-294,-505,-581,-501,-284,11,311,523,587,498,277,-14,-304,-518,-594,-508,-287,10,300,510,585,503,290,6,-280,-490,-567,-492,-286,-8,271,482,562,484,281,5,-270,-474,-550,-479,-283,-13,263,469,551,485,286,18,-255,-463,-550,-487,-296,-29,242,452,540,486,0,33,-234,-442,-532,-479,-299,-40,234,443,533,480,300,36,-241,-454,-547,-500,-311,-36,244,465,573,533,350,63,-245,-484,-608,-577,-387,-94,224,489,630,604,425,135,-206,-499,-656,-644,-468,-159,199,513,697,706,530,215,-176,-526,-748,-790,-634,-308,101,492,774,864,743,439,22,-406,-743,-899,-841,-582,-177,274,663,891,904,705,339,-108,-532,-819,-911,-792,-488,-64,372,708,880,841,602,226,-192,-558,-782,-823,-677,-375,2,368,647,767,707,490,175,-172,-476,-663,-693,-572,-331,-30,263,496,620,604,465,241,-19,-264,-445,-526,-509,-405,-241,-56,116,242,310,321,0,0,0,0,0,158,73,-43,-177,-300,-389,-417,-373,-256,-76,130,312,448,498,448,297,82,-157,-372,-509,-530,-437,-249,0,261,461,557,525,373,132,-150,-401,-554,-580,-473,-244,44,321,527,615,551,356,69,-244,-490,-621,-609,-448,-177,138,418,599,626,503,262,-48,-341,-542,-615,-533,-312,-21,267,486,582,531,343,67,-214,-435,-543,-509,-342,-86,186,400,511,493,341,97,-176,-388,-491,-466,-321,-85,179,396,506,485,330,84,-191,-417,-536,-514,-355,-108,170,410,554,548,400,149,-144,-406,-564,-571,-431,-180,118,385,557,582,454,206,-97,-385,-574,-616,-498,-246,70,374,587,0,535,285,-39,-363,-599,-681,-585,-337,-4,332,590,699,627,394,59,-293,-572,-706,-658,-442,-114,247,546,699,667,465,146,-215,-521,-686,-668,-480,-169,189,493,669,673,491,178,-177,-489,-673,-683,-510,-196,168,484,672,686,512,198,-172,-500,-699,-712,-537,-220,165,506,716,735,566,246,-140,-493,-721,-759,-597,-275,113,474,708,766,623,320,-71,-436,-685,-761,-634,-333,44,400,660,746,631,354,-9,-374,-640,-727,-621,-360,-5,347,604,701,613,359,7,-336,-583,-683,-607,-356,-7,339,590,687,603,357,12,-339,-602,-703,-621,-374,-26,335,612,731,665,423,63,-312,0,0
29024,mtk,MTK 7916,2778077130,rx2-tx1,512,0,0,0,-531,-292,21,335,572,667,598,379,61,-270,-534,-673,-639,-457,-167,177,478,662,687,536,245,-98,-418,-633,-681,-562,-301,35,361,594,683,599,359,31,-306,-572,-694,-635,-422,-103,251,544,695,672,487,182,-168,-482,-675,-697,-553,-270,74,394,615,688,587,341,20,-300,-540,-640,-589,-397,-104,210,451,573,563,412,158,-113,-355,-507,-524,-410,-202,48,276,422,462,387,219,3,-201,-349,-401,-346,-214,-37,147,283,331,303,199,49,-111,-231,-273,-246,-160,-38,94,190,231,206,130,20,-83,-163,-196,-169,-95,1,94,153,169,140,67,-30,-108,-158,-171,-131,-55,0,111,166,176,134,56,-36,-124,-181,-194,-152,-73,24,118,182,199,166,95,0,-90,-164,-193,-177,-120,-43,40,113,162,167,129,66,-4,-64,-100,-107,-96,-65,-16,15,25,25,17,-1,-9,-2,20,43,60,77,81,54,-2,-71,-131,-175,-180,-140,-65,32,140,224,262,238,158,45,-88,-208,-286,-301,-253,-138,18,166,266,319,305,213,64,-92,-224,-306,-321,-260,-142,13,165,274,313,287,198,59,-92,-220,-297,-306,-244,-125,25,157,255,296,269,183,59,-74,-186,-252,-263,-215,-123,-17,98,194,244,241,195,115,16,-84,-160,-204,-211,-184,-128,-64,-4,0,0,0,0,0,96,94,76,38,-13,-69,-124,-162,-173,-156,-110,-38,48,126,183,205,189,134,54,-46,-139,-203,-220,-194,-124,-27,82,171,221,217,166,87,-11,-114,-195,-228,-209,-142,-52,50,139,198,206,165,95,3,-90,-155,-179,-164,-111,-32,43,97,118,113,87,39,-16,-57,-76,-73,-40,5,37,59,56,20,-23,-55,-79,-77,-51,-1,65,117,141,132,84,-3,-99,-171,-212,-203,-131,-28,85,192,260,268,211,94,-56,-194,-296,-330,-282,-169,-3,182,320,376,343,227,53,-146,-311,-408,-411,-312,-130,85,285,420,462,379,203,-27,-263,-433,-504,-451,-290,-53,201,0,526,507,366,133,-134,-380,-536,-561,-456,-237,56,341,539,600,523,319,35,-271,-506,-619,-591,-425,-141,174,441,602,617,484,232,-76,-357,-555,-628,-540,-316,-20,272,492,589,538,353,83,-204,-434,-544,-522,-379,-143,125,355,484,488,370,163,-83,-302,-433,-446,-343,-159,56,247,366,389,300,133,-57,-224,-333,-346,-262,-109,73,237,326,321,229,73,-104,-248,-320,-305,-209,-47,132,273,339,307,185,7,-179,-317,-367,-322,-187,4,198,342,407,357,212,5,-220,-398,-470,-416,-258,-28,223,421,507,473,323,80,-199,-426,-546,-535,-398,-151,140,399,567,592,460,0,0,0,0,0,-363,-575,-650,-571,-348,-24,304,562,678,630,433,124,-222,-511,-670,-668,-501,-208,138,451,647,684,549,283,-54,-381,-613,-688,-586,-337,-2,329,578,689,625,398,62,-281,-554,-687,-652,-445,-132,219,514,680,687,527,231,-120,-439,-650,-694,-571,-313,24,342,569,664,594,380,75,-238,-483,-609,-585,-410,-141,151,400,542,547,419,187,-86,-322,-476,-506,-407,-217,22,243,394,438,375,226,27,-172,-306,-357,-322,-209,-36,129,246,296,275,180,37,-109,-211,-249,-227,-153,-38,86,178,211,187,115,18,-82,-155,-183,-159,-91,1,92,153,166,131,61,-28,-109,-163,0,-127,-56,40,124,173,181,141,59,-36,-127,-189,-198,-159,-89,4,98,170,198,174,112,26,-62,-134,-174,-169,-126,-57,22,93,128,139,117,65,8,-33,-61,-72,-63,-41,-20,-5,-1,-15,-31,-39,-38,-14,29,68,105,131,126,85,17,-64,-140,-193,-216,-192,-120,-3,124,219,277,269,194,83,-50,-185,-284,-318,-281,-179,-34,120,249,318,312,237,105,-51,-196,-293,-330,-289,-171,-17,130,244,308,301,225,92,-56,-188,-274,-293,-249,-151,-17,119,217,271,263,199,90,-36,-148,-229,-259,-236,-163,-61,49,146,215,238,216,159,81,-2,-75,-125,-151,-153,0,0,0,0,0,10,53,98,131,143,137,108,55,-17,-93,-158,-192,-192,-162,-94,0,93,166,210,210,164,83,-18,-109,-185,-226,-211,-150,-59,46,138,204,227,199,125,19,-92,-180,-222,-216,-161,-72,31,124,179,189,170,107,21,-62,-125,-156,-142,-98,-39,25,77,95,87,56,15,-29,-56,-61,-38,-2,30,52,62,48,11,-39,-83,-105,-105,-68,-4,78,149,178,167,112,16,-98,-191,-240,-232,-169,-65,65,195,281,302,246,122,-33,-186,-302,-350,-315,-200,-29,159,311,389,378,269,88,-116,-298,-417,-434,-348,-162,65,278,427,483,423,249,7,-236,-425,-514,-479,0,-90,174,395,534,548,417,178,-100,-356,-538,-595,-504,-281,14,306,521,615,562,368,87,-213,-472,-620,-617,-458,-186,134,408,585,623,513,281,-17,-314,-526,-602,-534,-329,-48,239,466,570,536,368,115,-159,-391,-516,-511,-375,-156,97,326,459,463,359,167,-69,-277,-401,-416,-325,-151,57,247,362,374,287,122,-72,-235,-323,-330,-243,-89,92,241,322,307,210,54,-119,-264,-336,-310,-194,-31,148,290,346,304,184,5,-189,-335,-389,-341,-201,8,220,372,432,384,229,5,-224,-408,-487,-445,-282,-47,207,414,531,515,359,105,-176,-423,-568,-570,-435,-191,114,390,0,0
29025,mtk,MTK 7916,2778085817,rx0-tx0,512,0,0,0,0,0,0,0,0,0,0,0,0,0,0,0,0,0,0,0,0,0,0,0,0,0,0,0,0,0,0,0,0,0,0,0,0,0,0,0,0,0,0,0,0,0,0,0,0,0,0,0,0,0,0,0,0,0,0,0,0,0,0,0,0,0,0,0,0,0,0,0,0,0,0,0,0,0,0,0,0,0,0,0,0,0,0,0,0,0,0,0,0,0,0,0,0,0,0,0,0,0,0,0,0,0,0,0,0,0,0,0,0,0,0,0,0,0,0,0,0,0,0,0,0,0,0,0,0,0,0,0,0,0,0,0,0,0,0,0,0,0,0,0,0,0,0,0,0,0,0,0,0,0,0,0,0,0,0,0,0,0,0,0,0,0,0,0,0,0,0,0,0,0,0,0,0,0,0,0,0,0,0,0,0,0,0,0,0,0,0,0,0,0,0,0,0,0,0,0,0,0,0,0,0,0,0,0,0,0,0,0,0,0,0,0,0,0,0,0,0,0,0,0,0,0,0,0,0,0,0,0,0,0,0,0,0,0,0,0,0,0,0,0,0,0,0,0,0,0,0,0,0,0,0,0,0,-273,-644,-793,-12,-113,-205,-253,-242,-181,-85,30,143,238,303,326,316,263,169,53,-80,-214,-331,-418,-460,-444,-379,-259,-96,89,275,442,562,623,597,509,361,167,-54,-278,-472,-620,-699,-701,-635,-506,-316,-90,142,366,557,683,753,756,680,539,338,102,-142,-380,-579,-730,-820,-823,-748,-599,-399,-152,113,370,594,762,862,879,819,672,461,213,-61,-325,-563,-746,-867,-904,-856,-730,-529,-283,-13,262,495,691,825,875,862,759,588,371,128,-128,-364,-570,-727,-819,-840,-790,-675,-512,-300,-64,181,418,608,758,837,857,801,676,487,252,3,-264,-510,-716,-858,-943,-932,-837,-675,-1687,-171,140,422,671,877,999,1025,971,831,603,324,7,-314,-596,-840,-1015,-1094,-1085,-986,-787,-518,-202,133,471,778,1012,1172,1231,1175,1015,757,411,24,-380,-758,-1087,-1309,-1407,-1376,-1222,-939,-548,-94,365,801,1166,1419,1548,1510,1315,1001,579,95,-392,-845,-1213,-1461,-1566,-1513,-1313,-978,-554,-88,394,834,1184,1416,1502,1441,1245,932,532,77,-374,-790,-1132,-1349,-1437,-1386,-1183,-884,-492,-42,401,810,1136,1342,1401,1316,1092,754,342,-117,-562,-943,-1205,-1332,-1313,-1139,-845,-464,-31,395,769,1043,1193,1204,1074,830,492,101,-298,-665,-952,-1123,-1156,-1034,-764,-360,122,590,959,1130,1051,773,115,-160,0,0,0,0,0,0,0,0,0,0,0,0,0,0,0,0,0,0,0,0,0,0,0,0,0,0,0,0,0,0,0,0,0,0,0,0,0,0,0,0,0,0,0,0,0,0,0,0,0,0,0,0,0,0,0,0,0,0,0,0,0,0,0,0,0,0,0,0,0,0,0,0,0,0,0,0,0,0,0,0,0,0,0,0,0,0,0,0,0,0,0,0,0,0,0,0,0,0,0,0,0,0,0,0,0,0,0,0,0,0,0,0,0,0,0,0,0,0,0,0,0,0,0,0,0,0,0,0,0,0,0,0,0,0,0,0,0,0,0,0,0,0,0,0,0,0,0,0,0,0,0,0,0,0,0,0,0,0,0,0,0,0,0,0,0,0,0,0,0,0,0,0,0,0,0,0,0,0,0,0,0,0,0,0,0,0,0,0,0,0,0,0,0,0,0,0,0,0,0,0,0,0,0,0,0,0,0,0,0,0,0,0,0,0,0,0,0,0,0,0,0,0,0,0,0,0,0,0,0,0,0,0,0,0,0,0,0,0,0,0,0,0,0,0,0,0,0,0,0,0,0,0,0,0,0,0,-1322,-591,-362,-184,-176,-112,-7,108,207,273,293,266,200,102,-12,-127,-240,-328,-377,-386,-348,-262,-145,7,169,319,446,523,542,498,390,227,22,-189,-382,-541,-642,-671,-620,-504,-332,-116,110,331,522,666,731,729,661,510,309,88,-154,-376,-570,-717,-790,-792,-714,-565,-370,-130,129,374,584,743,841,855,787,641,432,179,-87,-353,-591,-764,-872,-896,-838,-705,-500,-254,23,292,538,736,859,908,867,743,567,326,71,-193,-442,-642,-779,-851,-848,-770,-629,-435,-208,36,271,484,663,785,841,830,739,591,395,160,-84,-333,-558,-738,-851,-900,-870,-761,-579,-354,-89,202,469,703,-175,990,992,904,753,529,242,-61,-363,-647,-870,-1014,-1072,-1031,-902,-693,-413,-95,222,537,815,1010,1126,1148,1075,894,633,312,-51,-423,-761,-1051,-1241,-1320,-1285,-1131,-860,-489,-73,360,772,1127,1381,1491,1458,1286,982,581,115,-378,-830,-1193,-1452,-1561,-1514,-1327,-1000,-575,-94,394,842,1202,1436,1530,1481,1278,954,540,76,-387,-810,-1147,-1376,-1464,-1407,-1222,-908,-508,-73,382,788,1106,1333,1416,1357,1163,847,431,-20,-468,-867,-1168,-1348,-1382,-1260,-999,-624,-193,261,676,1001,1211,1284,1207,995,678,285,-132,-520,-845,-1070,-1163,-1120,-944,-652,-280,138,549,902,1138,1191,1034,683,191,-326,-695,-850,-851
29026,mtk,MTK 7916,2778085817,rx0-tx1,512,0,0,0,0,0,0,0,0,0,0,0,0,0,0,0,0,0,0,0,0,0,0,0,0,0,0,0,0,0,0,0,0,0,0,0,0,0,0,0,0,0,0,0,0,0,0,0,0,0,0,0,0,0,0,0,0,0,0,0,0,0,0,0,0,0,0,0,0,0,0,0,0,0,0,0,0,0,0,0,0,0,0,0,0,0,0,0,0,0,0,0,0,0,0,0,0,0,0,0,0,0,0,0,0,0,0,0,0,0,0,0,0,0,0,0,0,0,0,0,0,0,0,0,0,0,0,0,0,0,0,0,0,0,0,0,0,0,0,0,0,0,0,0,0,0,0,0,0,0,0,0,0,0,0,0,0,0,0,0,0,0,0,0,0,0,0,0,0,0,0,0,0,0,0,0,0,0,0,0,0,0,0,0,0,0,0,0,0,0,0,0,0,0,0,0,0,0,0,0,0,0,0,0,0,0,0,0,0,0,0,0,0,0,0,0,0,0,0,0,0,0,0,0,0,0,0,0,0,0,0,0,0,0,0,0,0,0,0,0,0,0,0,0,0,0,0,0,0,0,0,0,0,0,0,0,0,-730,-40,4,259,277,206,66,-106,-267,-375,-420,-397,-310,-176,-12,156,309,434,506,525,473,362,200,6,-205,-402,-558,-657,-686,-628,-504,-314,-71,178,415,623,768,833,802,689,504,246,-34,-316,-581,-797,-933,-973,-927,-771,-527,-242,81,403,698,925,1056,1094,1033,861,594,275,-77,-437,-753,-999,-1160,-1216,-1140,-962,-695,-346,39,422,774,1049,1236,1306,1249,1080,800,449,40,-369,-752,-1068,-1273,-1378,-1347,-1179,-911,-539,-125,302,713,1047,1283,1404,1404,1255,999,641,223,-213,-631,-988,-1254,-1401,-1420,-1302,-1066,-730,-321,112,522,897,1181,1352,1398,1319,1118,815,434,28,-385,-764,-1070,-1281,-546,-1342,-1177,-923,-592,-209,200,584,907,1163,1314,1344,1264,1061,773,409,3,-406,-778,-1082,-1292,-1386,-1364,-1213,-947,-585,-172,261,676,1030,1287,1435,1435,1298,1047,699,283,-159,-576,-940,-1220,-1385,-1424,-1319,-1095,-773,-379,40,456,825,1113,1294,1356,1289,1106,829,476,88,-309,-676,-976,-1184,-1288,-1273,-1144,-905,-586,-208,189,569,893,1141,1283,1293,1176,952,627,234,-175,-578,-917,-1164,-1297,-1294,-1156,-897,-540,-122,296,689,1007,1202,1267,1199,986,661,271,-143,-531,-847,-1060,-1139,-1089,-913,-638,-304,60,401,678,870,958,930,799,577,284,-38,-356,-634,-831,-914,-850,-642,-312,80,431,637,-150,-123,0,0,0,0,0,0,0,0,0,0,0,0,0,0,0,0,0,0,0,0,0,0,0,0,0,0,0,0,0,0,0,0,0,0,0,0,0,0,0,0,0,0,0,0,0,0,0,0,0,0,0,0,0,0,0,0,0,0,0,0,0,0,0,0,0,0,0,0,0,0,0,0,0,0,0,0,0,0,0,0,0,0,0,0,0,0,0,0,0,0,0,0,0,0,0,0,0,0,0,0,0,0,0,0,0,0,0,0,0,0,0,0,0,0,0,0,0,0,0,0,0,0,0,0,0,0,0,0,0,0,0,0,0,0,0,0,0,0,0,0,0,0,0,0,0,0,0,0,0,0,0,0,0,0,0,0,0,0,0,0,0,0,0,0,0,0,0,0,0,0,0,0,0,0,0,0,0,0,0,0,0,0,0,0,0,0,0,0,0,0,0,0,0,0,0,0,0,0,0,0,0,0,0,0,0,0,0,0,0,0,0,0,0,0,0,0,0,0,0,0,0,0,0,0,0,0,0,0,0,0,0,0,0,0,0,0,0,0,0,0,0,0,0,0,0,0,0,0,0,0,0,0,0,0,0,0,-128,173,182,27,-118,-264,-356,-370,-298,-165,-1,170,316,419,465,446,372,247,87,-94,-275,-432,-543,-597,-583,-494,-343,-144,88,320,522,679,757,745,663,504,278,13,-260,-508,-714,-848,-894,-857,-729,-520,-240,62,369,653,863,997,1042,977,814,557,245,-85,-427,-734,-968,-1110,-1155,-1085,-901,-636,-304,67,438,761,1028,1206,1263,1200,1023,744,392,-4,-402,-765,-1054,-1259,-1346,-1301,-1140,-851,-492,-88,345,735,1062,1294,1389,1377,1225,951,589,175,-265,-678,-1021,-1279,-1409,-1411,-1285,-1033,-685,-278,165,586,949,1232,1387,1411,1313,1089,767,380,-43,-457,-829,-1129,-1316,-1378,-1329,-1146,-862,-503,1197,298,681,989,1216,1340,1341,1213,993,683,305,-91,-489,-843,-1117,-1299,-1369,-1312,-1140,-861,-497,-95,322,719,1054,1295,1412,1404,1263,999,649,234,-212,-628,-993,-1264,-1422,-1430,-1308,-1069,-735,-336,101,523,889,1173,1344,1390,1314,1108,803,433,21,-389,-752,-1049,-1239,-1317,-1280,-1127,-870,-538,-158,236,610,928,1158,1282,1284,1162,938,625,240,-171,-560,-895,-1153,-1289,-1302,-1182,-935,-601,-202,222,622,957,1193,1294,1255,1090,797,419,10,-407,-780,-1052,-1195,-1202,-1071,-823,-485,-101,284,623,877,1021,1040,939,735,457,132,-195,-491,-726,-873,-910,-837,-654,-375,-30,330,637,834,857,693,429,73,113
29027,mtk,MTK 7916,2778085817,rx1-tx0,512,0,0,0,0,0,0,0,0,0,0,0,0,0,0,0,0,0,0,0,0,0,0,0,0,0,0,0,0,0,0,0,0,0,0,0,0,0,0,0,0,0,0,0,0,0,0,0,0,0,0,0,0,0,0,0,0,0,0,0,0,0,0,0,0,0,0,0,0,0,0,0,0,0,0,0,0,0,0,0,0,0,0,0,0,0,0,0,0,0,0,0,0,0,0,0,0,0,0,0,0,0,0,0,0,0,0,0,0,0,0,0,0,0,0,0,0,0,0,0,0,0,0,0,0,0,0,0,0,0,0,0,0,0,0,0,0,0,0,0,0,0,0,0,0,0,0,0,0,0,0,0,0,0,0,0,0,0,0,0,0,0,0,0,0,0,0,0,0,0,0,0,0,0,0,0,0,0,0,0,0,0,0,0,0,0,0,0,0,0,0,0,0,0,0,0,0,0,0,0,0,0,0,0,0,0,0,0,0,0,0,0,0,0,0,0,0,0,0,0,0,0,0,0,0,0,0,0,0,0,0,0,0,0,0,0,0,0,0,0,0,0,0,0,0,0,0,0,0,0,0,0,0,0,0,0,0,146,-975,-800,-54,20,111,183,212,187,120,31,-65,-152,-210,-234,-229,-186,-111,-25,68,156,214,251,250,214,149,68,-29,-122,-195,-239,-253,-243,-192,-116,-31,46,122,165,200,216,190,146,95,26,-32,-75,-115,-135,-136,-110,-83,-58,-31,-4,16,19,26,23,19,25,27,18,20,32,48,67,73,77,71,52,23,-8,-52,-98,-143,-185,-200,-196,-172,-117,-43,43,141,222,275,312,317,277,206,106,-19,-144,-259,-348,-398,-401,-368,-289,-161,-26,113,240,342,407,437,413,339,234,100,-39,-174,-291,-370,-414,-420,-378,-299,-193,-68,69,188,300,367,402,398,348,271,-144,39,-90,-208,-308,-373,-404,-392,-341,-251,-134,-10,120,221,302,360,372,337,281,190,75,-28,-132,-219,-282,-319,-314,-281,-222,-134,-49,35,126,190,230,252,249,211,168,110,37,-29,-92,-145,-178,-190,-179,-161,-130,-91,-46,5,56,90,121,149,142,129,105,82,50,6,-27,-56,-79,-95,-94,-94,-84,-75,-58,-45,-21,6,33,59,85,98,102,103,94,72,37,-3,-40,-79,-106,-122,-133,-124,-101,-66,-22,25,73,108,126,137,133,103,62,20,-34,-82,-114,-132,-129,-106,-71,-24,20,63,90,112,111,94,72,32,-10,-47,-82,-100,-95,-68,-32,7,-919,-1035,0,0,0,0,0,0,0,0,0,0,0,0,0,0,0,0,0,0,0,0,0,0,0,0,0,0,0,0,0,0,0,0,0,0,0,0,0,0,0,0,0,0,0,0,0,0,0,0,0,0,0,0,0,0,0,0,0,0,0,0,0,0,0,0,0,0,0,0,0,0,0,0,0,0,0,0,0,0,0,0,0,0,0,0,0,0,0,0,0,0,0,0,0,0,0,0,0,0,0,0,0,0,0,0,0,0,0,0,0,0,0,0,0,0,0,0,0,0,0,0,0,0,0,0,0,0,0,0,0,0,0,0,0,0,0,0,0,0,0,0,0,0,0,0,0,0,0,0,0,0,0,0,0,0,0,0,0,0,0,0,0,0,0,0,0,0,0,0,0,0,0,0,0,0,0,0,0,0,0,0,0,0,0,0,0,0,0,0,0,0,0,0,0,0,0,0,0,0,0,0,0,0,0,0,0,0,0,0,0,0,0,0,0,0,0,0,0,0,0,0,0,0,0,0,0,0,0,0,0,0,0,0,0,0,0,0,0,0,0,0,0,0,0,0,0,0,0,0,0,0,0,0,0,0,0,0,206,402,677,132,163,146,81,-16,-113,-185,-223,-222,-179,-105,-16,76,162,221,247,242,200,128,42,-54,-146,-216,-255,-263,-231,-169,-92,-7,84,169,222,235,226,189,132,77,-5,-80,-128,-166,-178,-161,-141,-106,-59,-8,36,59,74,83,79,60,45,29,18,16,20,13,14,24,25,24,9,-12,-37,-69,-97,-119,-134,-137,-119,-92,-40,22,88,155,213,249,267,250,192,114,21,-90,-197,-286,-348,-374,-357,-296,-198,-70,62,192,317,394,422,414,357,260,138,-4,-152,-271,-366,-419,-431,-397,-318,-206,-81,55,182,285,365,410,409,365,285,172,58,-75,-197,-300,147,-414,-398,-347,-261,-158,-36,92,213,309,363,387,366,305,225,112,-17,-131,-224,-302,-336,-337,-315,-254,-174,-68,37,131,209,255,268,271,242,184,119,43,-37,-108,-157,-199,-217,-210,-190,-148,-96,-36,20,69,114,148,168,173,153,118,90,41,-4,-40,-71,-95,-121,-118,-115,-98,-77,-45,-14,13,31,53,71,84,95,93,87,77,59,32,1,-32,-64,-94,-109,-115,-115,-102,-72,-38,1,51,91,123,142,144,125,85,42,-2,-54,-101,-125,-138,-134,-109,-71,-24,26,68,105,124,122,102,72,30,-16,-52,-87,-107,-105,-92,-64,-22,25,59,73,77,-546,-234
29028,mtk,MTK 7916,2778085817,rx1-tx1,512,0,0,0,0,0,0,0,0,0,0,0,0,0,0,0,0,0,0,0,0,0,0,0,0,0,0,0,0,0,0,0,0,0,0,0,0,0,0,0,0,0,0,0,0,0,0,0,0,0,0,0,0,0,0,0,0,0,0,0,0,0,0,0,0,0,0,0,0,0,0,0,0,0,0,0,0,0,0,0,0,0,0,0,0,0,0,0,0,0,0,0,0,0,0,0,0,0,0,0,0,0,0,0,0,0,0,0,0,0,0,0,0,0,0,0,0,0,0,0,0,0,0,0,0,0,0,0,0,0,0,0,0,0,0,0,0,0,0,0,0,0,0,0,0,0,0,0,0,0,0,0,0,0,0,0,0,0,0,0,0,0,0,0,0,0,0,0,0,0,0,0,0,0,0,0,0,0,0,0,0,0,0,0,0,0,0,0,0,0,0,0,0,0,0,0,0,0,0,0,0,0,0,0,0,0,0,0,0,0,0,0,0,0,0,0,0,0,0,0,0,0,0,0,0,0,0,0,0,0,0,0,0,0,0,0,0,0,0,0,0,0,0,0,0,0,0,0,0,0,0,0,0,0,0,0,0,-411,503,757,9,15,13,6,0,-6,-17,-30,-40,-43,-38,-30,-20,-6,15,35,50,57,55,45,26,-3,-29,-51,-70,-78,-70,-49,-20,16,49,72,86,81,64,34,-2,-45,-71,-84,-90,-78,-40,8,43,70,91,91,70,36,-1,-43,-78,-96,-92,-67,-28,15,58,87,93,81,58,19,-29,-66,-87,-89,-74,-39,11,53,83,99,91,61,20,-27,-73,-101,-102,-80,-44,2,53,93,112,103,69,21,-31,-79,-112,-118,-95,-50,5,59,105,132,131,98,42,-27,-93,-142,-161,-143,-92,-24,45,116,167,176,152,97,15,-69,-143,-191,-201,-166,-92,-7,75,0,198,211,178,114,27,-70,-153,-202,-217,-185,-120,-38,46,121,173,189,175,127,56,-22,-89,-132,-152,-146,-114,-64,-14,37,77,98,103,93,69,37,6,-21,-43,-54,-56,-56,-55,-54,-44,-27,-1,19,45,67,80,81,70,48,6,-42,-85,-116,-125,-112,-77,-20,47,104,147,166,150,100,31,-51,-127,-179,-201,-185,-128,-40,59,146,210,242,230,175,82,-39,-158,-242,-283,-274,-216,-115,6,127,227,293,294,244,155,41,-82,-187,-260,-285,-258,-184,-81,29,137,217,253,241,186,99,-5,-109,-189,-231,-236,-204,-135,-44,54,143,212,255,263,238,183,-404,-106,0,0,0,0,0,0,0,0,0,0,0,0,0,0,0,0,0,0,0,0,0,0,0,0,0,0,0,0,0,0,0,0,0,0,0,0,0,0,0,0,0,0,0,0,0,0,0,0,0,0,0,0,0,0,0,0,0,0,0,0,0,0,0,0,0,0,0,0,0,0,0,0,0,0,0,0,0,0,0,0,0,0,0,0,0,0,0,0,0,0,0,0,0,0,0,0,0,0,0,0,0,0,0,0,0,0,0,0,0,0,0,0,0,0,0,0,0,0,0,0,0,0,0,0,0,0,0,0,0,0,0,0,0,0,0,0,0,0,0,0,0,0,0,0,0,0,0,0,0,0,0,0,0,0,0,0,0,0,0,0,0,0,0,0,0,0,0,0,0,0,0,0,0,0,0,0,0,0,0,0,0,0,0,0,0,0,0,0,0,0,0,0,0,0,0,0,0,0,0,0,0,0,0,0,0,0,0,0,0,0,0,0,0,0,0,0,0,0,0,0,0,0,0,0,0,0,0,0,0,0,0,0,0,0,0,0,0,0,0,0,0,0,0,0,0,0,0,0,0,0,0,0,0,0,0,0,-92,886,691,5,13,16,21,27,28,28,24,12,-2,-14,-27,-40,-46,-43,-37,-26,-10,14,40,59,62,59,47,25,-7,-39,-63,-78,-79,-71,-45,-9,30,63,83,89,81,56,19,-19,-58,-82,-87,-81,-61,-25,20,61,89,90,77,49,9,-33,-67,-91,-96,-75,-41,3,45,78,94,87,61,24,-20,-64,-91,-97,-81,-45,-3,40,76,97,96,70,31,-12,-55,-88,-103,-93,-62,-8,46,89,112,107,82,40,-16,-73,-115,-130,-110,-69,-13,50,104,140,151,122,63,-6,-75,-134,-166,-162,-121,-61,17,95,157,186,178,133,59,-30,-114,-175,-204,-194,0,-71,25,116,180,210,203,150,76,-11,-98,-175,-209,-196,-148,-86,-5,76,138,167,171,147,95,30,-35,-86,-123,-135,-119,-90,-52,-6,35,62,75,76,72,58,43,24,5,-16,-32,-49,-60,-67,-68,-59,-41,-8,23,54,80,100,102,79,38,-13,-67,-114,-142,-142,-113,-61,7,82,143,178,176,140,74,-6,-101,-177,-218,-224,-187,-106,-2,103,195,254,265,225,148,39,-84,-195,-272,-296,-271,-197,-82,46,164,251,292,278,220,122,1,-115,-200,-250,-261,-218,-138,-39,69,161,218,236,212,152,62,-40,-133,-207,-247,-249,-217,-155,-72,14,90,161,909,993
29029,mtk,MTK 7916,2778085817,rx2-tx0,512,0,0,0,0,0,0,0,0,0,0,0,0,0,0,0,0,0,0,0,0,0,0,0,0,0,0,0,0,0,0,0,0,0,0,0,0,0,0,0,0,0,0,0,0,0,0,0,0,0,0,0,0,0,0,0,0,0,0,0,0,0,0,0,0,0,0,0,0,0,0,0,0,0,0,0,0,0,0,0,0,0,0,0,0,0,0,0,0,0,0,0,0,0,0,0,0,0,0,0,0,0,0,0,0,0,0,0,0,0,0,0,0,0,0,0,0,0,0,0,0,0,0,0,0,0,0,0,0,0,0,0,0,0,0,0,0,0,0,0,0,0,0,0,0,0,0,0,0,0,0,0,0,0,0,0,0,0,0,0,0,0,0,0,0,0,0,0,0,0,0,0,0,0,0,0,0,0,0,0,0,0,0,0,0,0,0,0,0,0,0,0,0,0,0,0,0,0,0,0,0,0,0,0,0,0,0,0,0,0,0,0,0,0,0,0,0,0,0,0,0,0,0,0,0,0,0,0,0,0,0,0,0,0,0,0,0,0,0,0,0,0,0,0,0,0,0,0,0,0,0,0,0,0,0,0,0,-136,1103,945,-39,-52,-62,-67,-67,-60,-46,-26,-3,25,53,75,87,87,78,54,18,-23,-63,-95,-117,-125,-110,-76,-25,33,91,137,167,169,143,89,12,-69,-142,-199,-220,-205,-156,-78,25,127,209,255,259,208,121,14,-108,-217,-279,-288,-245,-154,-31,102,221,301,318,270,168,35,-114,-245,-328,-343,-290,-176,-23,142,278,368,379,310,175,7,-168,-320,-412,-416,-331,-183,7,199,356,443,442,349,190,-9,-214,-380,-468,-465,-369,-202,6,216,380,466,462,363,193,-9,-208,-365,-449,-440,-343,-178,21,217,360,427,411,310,145,-46,-225,-357,-412,-381,-271,-108,76,0,356,398,359,247,82,-97,-256,-366,-397,-349,-231,-65,114,270,376,404,356,232,60,-117,-274,-381,-412,-366,-254,-88,90,251,366,414,387,289,135,-41,-209,-343,-413,-409,-333,-203,-36,134,283,377,406,360,257,112,-54,-210,-324,-381,-372,-300,-178,-26,127,253,334,355,317,225,88,-59,-191,-286,-330,-312,-239,-125,7,137,241,299,304,247,142,17,-105,-208,-275,-289,-249,-162,-42,87,196,268,289,257,174,61,-62,-176,-261,-298,-274,-200,-93,33,150,236,287,291,243,151,33,-89,-196,-272,-302,-284,-224,-125,-5,113,214,291,323,312,267,195,108,23,-69,895,1086,0,0,0,0,0,0,0,0,0,0,0,0,0,0,0,0,0,0,0,0,0,0,0,0,0,0,0,0,0,0,0,0,0,0,0,0,0,0,0,0,0,0,0,0,0,0,0,0,0,0,0,0,0,0,0,0,0,0,0,0,0,0,0,0,0,0,0,0,0,0,0,0,0,0,0,0,0,0,0,0,0,0,0,0,0,0,0,0,0,0,0,0,0,0,0,0,0,0,0,0,0,0,0,0,0,0,0,0,0,0,0,0,0,0,0,0,0,0,0,0,0,0,0,0,0,0,0,0,0,0,0,0,0,0,0,0,0,0,0,0,0,0,0,0,0,0,0,0,0,0,0,0,0,0,0,0,0,0,0,0,0,0,0,0,0,0,0,0,0,0,0,0,0,0,0,0,0,0,0,0,0,0,0,0,0,0,0,0,0,0,0,0,0,0,0,0,0,0,0,0,0,0,0,0,0,0,0,0,0,0,0,0,0,0,0,0,0,0,0,0,0,0,0,0,0,0,0,0,0,0,0,0,0,0,0,0,0,0,0,0,0,0,0,0,0,0,0,0,0,0,0,0,0,0,0,0,1335,-310,-632,34,25,13,-4,-22,-40,-58,-71,-77,-74,-63,-41,-12,20,52,81,100,102,89,61,21,-25,-73,-115,-143,-144,-124,-80,-22,46,111,166,198,191,152,85,0,-96,-179,-231,-246,-219,-148,-42,71,172,246,278,261,193,84,-42,-165,-261,-305,-294,-224,-104,42,176,276,330,317,235,106,-49,-197,-310,-360,-341,-246,-101,71,233,351,393,361,254,90,-98,-273,-396,-441,-395,-268,-79,125,307,426,467,420,289,95,-118,-309,-440,-480,-431,-300,-105,110,301,429,469,417,277,84,-118,-294,-411,-441,-382,-248,-65,131,293,396,414,347,206,25,-156,-306,-392,-395,0,-183,-4,174,321,399,389,298,154,-19,-190,-327,-396,-384,-299,-155,26,203,336,402,391,307,166,-10,-186,-321,-400,-406,-332,-195,-24,154,300,387,407,357,239,77,-96,-246,-358,-410,-385,-290,-150,16,179,305,383,393,334,218,69,-94,-237,-334,-372,-350,-265,-134,18,162,273,337,340,284,181,44,-100,-218,-297,-321,-285,-196,-76,57,175,257,291,273,205,99,-28,-150,-242,-290,-277,-209,-103,18,134,228,286,285,227,129,9,-115,-217,-281,-298,-263,-174,-58,64,178,260,299,289,229,130,12,-111,-217,-283,-308,-294,-235,-141,-30,84,179,250,293,297,266,755,433
29030,mtk,MTK 7916,2778085817,rx2-tx1,512,0,0,0,0,0,0,0,0,0,0,0,0,0,0,0,0,0,0,0,0,0,0,0,0,0,0,0,0,0,0,0,0,0,0,0,0,0,0,0,0,0,0,0,0,0,0,0,0,0,0,0,0,0,0,0,0,0,0,0,0,0,0,0,0,0,0,0,0,0,0,0,0,0,0,0,0,0,0,0,0,0,0,0,0,0,0,0,0,0,0,0,0,0,0,0,0,0,0,0,0,0,0,0,0,0,0,0,0,0,0,0,0,0,0,0,0,0,0,0,0,0,0,0,0,0,0,0,0,0,0,0,0,0,0,0,0,0,0,0,0,0,0,0,0,0,0,0,0,0,0,0,0,0,0,0,0,0,0,0,0,0,0,0,0,0,0,0,0,0,0,0,0,0,0,0,0,0,0,0,0,0,0,0,0,0,0,0,0,0,0,0,0,0,0,0,0,0,0,0,0,0,0,0,0,0,0,0,0,0,0,0,0,0,0,0,0,0,0,0,0,0,0,0,0,0,0,0,0,0,0,0,0,0,0,0,0,0,0,0,0,0,0,0,0,0,0,0,0,0,0,0,0,0,0,0,0,236,263,-25,-50,-62,-70,-74,-74,-61,-38,-8,22,55,74,81,77,63,34,-3,-38,-60,-75,-80,-64,-29,7,44,75,92,87,63,15,-31,-66,-91,-111,-102,-64,-10,47,101,132,133,105,59,-4,-77,-143,-167,-153,-105,-37,47,124,181,201,181,121,31,-73,-170,-239,-258,-220,-135,-17,120,234,293,303,249,136,-6,-147,-271,-351,-352,-280,-150,18,186,317,380,370,286,143,-35,-218,-356,-418,-397,-297,-133,64,247,376,434,401,292,116,-80,-256,-378,-424,-378,-265,-103,90,263,374,403,351,226,62,-112,-256,-346,-356,-292,-175,-17,142,265,327,313,229,99,-53,0,-277,-307,-266,-166,-24,125,236,292,288,219,98,-49,-187,-283,-316,-282,-187,-45,112,242,323,330,268,157,14,-143,-275,-342,-336,-264,-139,16,166,282,335,321,245,118,-30,-171,-275,-322,-293,-205,-88,39,161,241,267,241,161,53,-59,-151,-206,-215,-173,-97,-9,77,145,177,168,127,57,-27,-102,-153,-163,-131,-74,-9,60,115,147,141,103,45,-18,-83,-124,-136,-123,-82,-18,43,90,115,118,101,63,8,-50,-94,-114,-111,-90,-49,1,50,94,113,101,72,29,-17,-57,-89,-99,-88,-62,-27,15,61,94,104,94,72,42,1,-43,-79,-100,-111,-115,882,743,0,0,0,0,0,0,0,0,0,0,0,0,0,0,0,0,0,0,0,0,0,0,0,0,0,0,0,0,0,0,0,0,0,0,0,0,0,0,0,0,0,0,0,0,0,0,0,0,0,0,0,0,0,0,0,0,0,0,0,0,0,0,0,0,0,0,0,0,0,0,0,0,0,0,0,0,0,0,0,0,0,0,0,0,0,0,0,0,0,0,0,0,0,0,0,0,0,0,0,0,0,0,0,0,0,0,0,0,0,0,0,0,0,0,0,0,0,0,0,0,0,0,0,0,0,0,0,0,0,0,0,0,0,0,0,0,0,0,0,0,0,0,0,0,0,0,0,0,0,0,0,0,0,0,0,0,0,0,0,0,0,0,0,0,0,0,0,0,0,0,0,0,0,0,0,0,0,0,0,0,0,0,0,0,0,0,0,0,0,0,0,0,0,0,0,0,0,0,0,0,0,0,0,0,0,0,0,0,0,0,0,0,0,0,0,0,0,0,0,0,0,0,0,0,0,0,0,0,0,0,0,0,0,0,0,0,0,0,0,0,0,0,0,0,0,0,0,0,0,0,0,0,0,0,0,0,-351,-902,-938,35,24,12,-11,-38,-58,-75,-88,-80,-61,-35,-11,22,53,76,81,69,45,17,-25,-54,-72,-82,-72,-44,-4,42,77,98,101,79,39,-11,-66,-106,-124,-121,-90,-36,34,90,125,142,134,89,21,-59,-130,-177,-182,-147,-77,14,106,182,223,223,175,82,-37,-152,-236,-277,-257,-181,-66,67,201,300,339,308,213,70,-93,-247,-352,-384,-336,-218,-59,119,270,376,411,359,232,51,-144,-303,-401,-426,-355,-208,-26,167,326,418,428,347,196,14,-180,-331,-411,-405,-323,-172,17,194,318,375,364,276,124,-51,-199,-301,-348,-322,-216,-55,103,227,302,314,0,136,-10,-150,-250,-289,-267,-186,-61,80,211,294,311,252,137,-7,-153,-264,-321,-319,-238,-102,61,206,308,343,314,214,74,-82,-221,-315,-341,-300,-199,-54,100,224,301,320,270,168,35,-106,-223,-291,-289,-230,-139,-19,106,199,244,230,171,85,-9,-104,-175,-197,-172,-113,-30,51,113,158,168,131,65,-6,-76,-130,-155,-136,-87,-23,41,98,133,133,107,61,0,-58,-97,-117,-112,-83,-37,16,66,105,118,107,71,24,-26,-70,-103,-109,-95,-58,-15,30,76,105,104,84,46,3,-37,-72,-99,-101,-86,-50,-8,32,70,108,120,104,78,55,22,-26,-312,-576
29031,mtk,MTK 7916,2778110257,rx0-tx0,512,-1687,-940,-986,364,308,235,133,26,-87,-198,-288,-368,-425,-452,-439,-394,-318,-219,-96,44,174,309,426,505,551,544,492,396,273,112,-65,-235,-401,-520,-599,-637,-614,-542,-421,-264,-78,108,290,456,581,648,668,636,543,408,248,67,-125,-299,-454,-578,-650,-672,-639,-569,-440,-274,-98,82,262,427,556,654,690,679,615,511,360,177,-24,-225,-410,-574,-694,-765,-776,-721,-610,-446,-238,-7,234,456,653,792,871,884,817,683,480,234,-29,-305,-553,-757,-903,-968,-947,-846,-669,-433,-156,137,416,655,847,958,992,951,814,605,351,71,-224,-495,-730,-902,-990,-999,-921,-765,-539,-277,-273,307,572,790,942,1016,1004,891,725,479,206,-88,-387,-644,-851,-988,-1042,-1004,-894,-687,-422,-129,177,480,733,932,1058,1077,1014,863,638,349,29,-295,-595,-856,-1042,-1136,-1134,-1031,-842,-566,-245,111,459,774,1012,1164,1228,1165,986,730,400,27,-343,-692,-969,-1161,-1247,-1208,-1054,-810,-489,-111,266,610,886,1081,1168,1148,1019,797,501,176,-170,-493,-757,-950,-1040,-1029,-929,-741,-494,-210,95,371,604,776,865,875,807,667,466,226,-26,-268,-468,-635,-730,-750,-703,-585,-421,-217,8,226,414,562,645,659,599,478,293,84,-129,-330,-477,-562,-566,-480,-330,-137,64,232,337,355,-553,-716,-546,-124,-408,164,81,-42,-162,-271,-334,-346,-300,-215,-96,32,154,265,340,372,364,316,240,142,30,-89,-203,-294,-365,-400,-393,-348,-279,-178,-57,73,207,318,420,481,487,452,379,250,104,-67,-246,-382,-491,-562,-568,-519,-414,-267,-98,95,264,413,523,571,573,512,415,279,110,-49,-217,-348,-449,-523,-527,-493,-426,-318,-190,-45,112,243,357,443,494,499,462,385,263,130,-17,-149,-277,-375,-435,-460,-444,-387,-296,-189,-67,54,177,269,340,382,398,377,324,255,161,50,-51,-149,-225,-294,-337,-353,-340,-298,-237,-161,-70,32,120,200,255,306,329,316,284,241,181,107,-730,-59,-144,-227,-287,-326,-339,-329,-297,-236,-154,-50,59,167,263,336,379,394,364,303,219,112,-3,-111,-208,-284,-333,-355,-348,-309,-250,-176,-92,-5,82,159,217,254,280,288,280,247,202,146,79,12,-69,-144,-213,-266,-303,-319,-311,-284,-233,-159,-73,19,123,214,292,350,380,384,349,280,196,86,-27,-139,-240,-324,-377,-397,-395,-357,-286,-192,-82,20,125,224,296,344,364,369,346,288,220,125,26,-74,-183,-277,-344,-387,-402,-386,-336,-258,-162,-49,68,181,283,356,397,410,390,342,259,162,46,-67,-174,-270,-337,-381,-399,-386,-339,-268,-176,-76,28,145,733,465,-175,-312,-108,-160,-254,-332,-389,-412,-415,-377,-315,-231,-121,1,125,239,340,423,482,495,472,414,306,176,28,-129,-283,-416,-519,-585,-593,-565,-481,-343,-182,-2,182,348,493,596,646,647,596,491,335,156,-24,-213,-390,-527,-620,-670,-662,-596,-494,-342,-168,19,198,363,518,614,667,669,628,529,396,227,40,-150,-335,-493,-621,-698,-727,-700,-623,-486,-308,-104,111,328,520,679,785,828,807,716,569,363,126,-131,-384,-604,-786,-889,-932,-887,-767,-582,-338,-55,232,496,721,889,981,987,903,749,525,249,-36,-321,-584,-795,-933,-1002,-979,-873,-699,-453,-173,124,407,660,850,969,-1322,962,837,642,385,100,-207,-480,-721,-906,-999,-1022,-951,-798,-586,-317,-15,282,562,805,964,1045,1047,953,773,535,234,-81,-388,-673,-902,-1056,-1108,-1071,-951,-750,-469,-145,199,523,809,1029,1154,1184,1102,918,649,332,-27,-404,-733,-995,-1181,-1239,-1194,-1034,-779,-451,-77,307,650,931,1139,1222,1183,1041,807,503,143,-223,-553,-825,-1009,-1104,-1100,-981,-777,-501,-182,139,435,688,860,961,961,866,705,476,214,-54,-312,-531,-699,-794,-809,-744,-620,-443,-224,7,231,425,576,676,701,651,537,372,171,-49,-254,-435,-565,-619,-608,-512,-352,-152,68,266,411,487,471,377,223,60,-782,-652,1197,-1374,-1301,-196,-270,-296,-269,-190,-73,62,191,290,355,365,334,266,160,42,-80,-195,-285,-348,-378,-375,-331,-250,-154,-33,87,201,299,383,428,437,398,326,225,83,-72,-221,-358,-463,-516,-540,-492,-391,-267,-99,81,257,409,512,574,576,513,422,274,104,-79,-253,-387,-499,-551,-559,-516,-414,-298,-142,19,163,295,407,470,513,497,444,353,229,85,-62,-199,-327,-418,-473,-483,-453,-387,-277,-158,-29,108,228,326,388,422,429,389,314,225,119,7,-110,-211,-293,-353,-378,-373,-335,-274,-198,-105,-8,90,180,247,298,326,325,302,256,195,125,38,-50,-126,-197,-258,-293,-128,-313,-292,-248,-176,-92,7,98,194,275,341,373,371,337,275,185,83,-36,-148,-240,-314,-369,-383,-364,-309,-234,-142,-45,58,149,228,284,314,318,302,266,205,139,65,-8,-81,-148,-204,-249,-276,-288,-285,-259,-217,-159,-87,-9,72,157,241,303,334,349,342,298,232,136,36,-75,-184,-272,-341,-388,-393,-372,-322,-243,-136,-26,83,188,276,344,380,382,368,318,246,153,52,-47,-150,-237,-306,-364,-380,-381,-344,-279,-195,-96,14,129,238,319,382,410,407,373,305,206,100,-13,-121,-232,-320,-380,-407,-401,-368,-307,-214,-114,-2,108,210,290,356,385,397,371,-1174,-1308
29032,mtk,MTK 7916,2778110257,rx0-tx1,512,-144,389,393,-137,-415,-655,-851,-981,-1029,-1004,-894,-723,-490,-209,81,368,630,854,1001,1070,1051,949,777,539,257,-40,-350,-623,-851,-1017,-1104,-1100,-1017,-849,-604,-317,2,319,617,874,1061,1167,1174,1081,906,658,358,27,-313,-627,-892,-1089,-1200,-1206,-1116,-941,-699,-389,-42,295,620,885,1080,1189,1209,1131,955,715,416,96,-247,-572,-847,-1056,-1176,-1213,-1156,-1009,-780,-486,-162,194,522,814,1050,1196,1250,1203,1057,827,520,177,-185,-547,-855,-1090,-1233,-1280,-1217,-1048,-798,-483,-120,243,588,885,1099,1223,1239,1155,971,715,398,57,-283,-595,-856,-1053,-1152,-1150,-1062,-888,-648,-361,-42,278,569,810,146,1082,1087,1006,848,632,364,62,-242,-536,-776,-953,-1067,-1087,-1019,-875,-643,-364,-57,258,559,808,987,1094,1106,1028,865,623,331,13,-313,-613,-860,-1034,-1130,-1124,-1021,-832,-578,-273,59,389,679,918,1082,1150,1122,1006,794,518,193,-145,-479,-764,-991,-1126,-1162,-1096,-946,-701,-392,-53,286,607,874,1051,1139,1125,1003,801,520,201,-145,-470,-743,-945,-1050,-1058,-965,-792,-548,-261,46,347,596,779,886,905,853,722,524,287,33,-214,-432,-603,-708,-759,-731,-631,-479,-284,-72,139,334,495,596,637,615,523,388,208,4,-186,-356,-476,-535,-522,-442,-296,-123,54,210,314,349,315,233,299,0,43,-70,10,-148,-305,-418,-466,-438,-336,-174,16,207,368,482,544,543,474,353,198,25,-149,-317,-458,-549,-591,-575,-510,-393,-237,-59,129,318,483,605,673,689,646,539,377,173,-47,-271,-483,-665,-786,-849,-817,-717,-548,-319,-50,228,498,727,895,983,979,882,696,452,158,-156,-450,-716,-910,-1021,-1041,-967,-815,-585,-304,0,316,603,829,987,1059,1041,925,735,477,178,-128,-436,-691,-895,-1014,-1040,-987,-842,-638,-365,-80,218,488,712,887,980,996,921,776,581,335,53,-218,-481,-700,-856,-950,-976,-918,-787,-591,-342,-77,201,465,699,872,978,1007,951,819,619,371,81,-222,-411,-750,-940,-1060,-1085,-1031,-885,-661,-374,-57,262,567,842,1038,1151,1176,1093,915,663,350,3,-345,-667,-939,-1136,-1222,-1215,-1107,-903,-622,-287,75,414,731,983,1153,1225,1193,1076,866,589,257,-84,-422,-719,-955,-1126,-1204,-1185,-1068,-859,-601,-295,37,369,671,925,1099,1178,1180,1086,908,654,353,19,-317,-632,-898,-1084,-1187,-1203,-1125,-948,-698,-402,-68,278,601,879,1081,1197,1220,1140,971,716,414,70,-279,-604,-873,-1074,-1184,-1201,-1124,-954,-701,-394,-65,272,591,854,1047,1153,1162,1078,905,664,370,50,-276,-568,-814,-995,-1091,-1097,-1022,-858,-630,-361,-62,236,514,744,915,1012,1025,200,195,147,103,12,-1007,-929,-784,-582,-316,-39,249,519,749,929,1026,1049,988,854,644,376,86,-220,-502,-755,-946,-1058,-1092,-1042,-901,-698,-435,-131,181,483,753,963,1093,1144,1097,970,764,494,184,-150,-474,-757,-989,-1139,-1196,-1156,-1025,-814,-536,-205,146,475,768,1002,1165,1220,1181,1054,830,550,226,-109,-450,-738,-975,-1129,-1203,-1193,-1078,-878,-604,-288,42,379,690,947,1123,1218,1222,1118,935,665,343,-6,-356,-685,-955,-1155,-1251,-1262,-1161,-956,-671,-336,28,397,725,992,1178,1265,1244,1125,903,607,267,-93,-440,-747,-990,-1150,-1210,-1165,-1026,-811,-533,-210,121,434,717,931,1072,1123,1082,956,758,206,209,-103,-404,-671,-877,-1020,-1079,-1058,-948,-755,-506,-220,95,390,664,888,1035,1098,1073,955,755,498,194,-129,-438,-712,-930,-1070,-1128,-1087,-952,-735,-462,-144,191,508,777,987,1116,1150,1081,920,691,396,66,-264,-579,-845,-1037,-1147,-1159,-1066,-880,-618,-297,43,377,682,934,1098,1161,1127,991,759,462,133,-212,-534,-803,-1001,-1100,-1107,-1000,-809,-538,-229,97,408,670,866,976,994,920,754,531,267,-8,-269,-505,-686,-796,-828,-784,-672,-500,-294,-65,171,375,537,647,692,671,585,442,261,63,-146,-331,-473,-571,-591,-548,-442,-287,-102,89,266,398,457,446,365,233,75,-60,327,269,0,209,200,-361,-361,-286,-148,32,216,378,487,528,496,392,246,71,-112,-290,-432,-530,-566,-551,-485,-366,-209,-28,155,326,472,571,624,625,570,458,297,107,-92,-296,-482,-633,-727,-757,-728,-633,-469,-255,-3,260,493,701,849,918,911,809,625,383,97,-200,-492,-736,-916,-1022,-1020,-931,-759,-511,-219,94,393,663,883,1011,1057,1013,877,667,399,89,-232,-529,-775,-960,-1050,-1058,-971,-795,-563,-269,30,331,600,818,959,1012,994,883,711,477,205,-78,-360,-600,-793,-930,-979,-955,-858,-685,-463,-202,78,356,593,789,919,979,965,869,705,483,224,-65,-349,-609,-818,-966,-1042,-1021,-92,-760,-520,-227,81,389,667,902,1062,1130,1106,998,800,526,213,-127,-471,-766,-999,-1154,-1212,-1170,-1024,-796,-483,-137,214,554,849,1072,1210,1234,1161,995,745,434,87,-259,-587,-868,-1072,-1192,-1206,-1139,-969,-733,-443,-110,227,553,826,1026,1159,1196,1139,990,768,473,155,-179,-505,-783,-1003,-1141,-1198,-1155,-1028,-813,-530,-214,122,459,761,997,1149,1216,1186,1060,852,569,246,-102,-440,-746,-986,-1146,-1223,-1187,-1060,-844,-563,-238,104,440,741,982,1133,1196,1165,1030,814,537,219,-114,-439,-722,-943,-1091,-1144,-1104,-972,-773,-514,-212,99,406,674,877,1011,1071,1040,927,741,503,228,-63,-42,64
29033,mtk,MTK 7916,2778110257,rx1-tx0,512,0,123,-89,-302,-55,182,398,592,721,812,829,795,694,537,351,132,-92,-318,-522,-684,-789,-845,-837,-759,-632,-454,-231,6,247,470,665,807,908,927,866,736,558,335,63,-210,-473,-700,-883,-991,-1026,-980,-864,-678,-429,-137,175,484,763,983,1129,1179,1144,1009,776,488,137,-231,-583,-903,-1149,-1293,-1335,-1262,-1072,-795,-448,-45,366,740,1049,1278,1388,1391,1258,1018,701,310,-89,-487,-851,-1130,-1311,-1385,-1339,-1185,-931,-596,-214,182,560,888,1138,1292,1334,1272,1101,849,516,137,-244,-609,-922,-1157,-1287,-1311,-1225,-1035,-752,-409,-30,336,675,967,1166,1251,1242,1124,911,620,273,-96,-447,-750,-136,-1160,-1210,-1158,-1014,-787,-496,-151,194,515,799,997,1123,1140,1067,901,658,361,34,-294,-589,-835,-1001,-1079,-1058,-954,-768,-517,-224,83,369,635,834,956,999,949,817,625,390,124,-162,-422,-628,-785,-865,-882,-825,-694,-519,-298,-60,161,364,547,683,762,778,726,622,474,281,65,-146,-346,-518,-645,-721,-748,-699,-600,-443,-244,-33,182,378,552,667,722,715,640,504,336,143,-76,-280,-443,-569,-635,-656,-611,-501,-359,-184,10,193,350,478,548,569,538,462,338,177,20,-146,-293,-406,-482,-500,-467,-385,-263,-117,42,189,309,392,410,381,296,182,43,-93,-193,-248,-244,369,396,0,-92,86,-188,-152,-69,36,149,238,295,309,276,209,116,7,-111,-204,-267,-309,-321,-301,-253,-177,-88,8,103,198,272,324,345,347,315,262,177,84,-42,-159,-275,-373,-436,-477,-474,-421,-330,-208,-47,123,292,452,563,635,631,577,472,311,112,-114,-320,-503,-656,-736,-768,-714,-592,-428,-201,44,286,500,675,801,846,814,723,556,339,83,-184,-446,-658,-818,-911,-925,-851,-694,-474,-212,79,343,595,803,930,976,937,813,608,352,71,-222,-499,-738,-902,-981,-985,-899,-731,-493,-218,78,366,624,833,954,1003,958,833,632,380,99,-189,-453,-686,-864,-967,-967,-905,-768,-557,236,-31,237,502,721,879,971,980,904,758,541,282,-4,-291,-545,-767,-929,-1010,-1013,-920,-747,-520,-246,52,338,614,824,963,1033,1013,906,727,492,211,-77,-367,-631,-828,-975,-1043,-1018,-909,-742,-511,-234,62,361,628,852,1000,1073,1067,969,784,548,252,-64,-381,-661,-888,-1052,-1135,-1130,-1018,-821,-564,-256,85,411,712,961,1126,1192,1156,1034,820,533,197,-157,-494,-785,-1008,-1150,-1183,-1118,-977,-737,-443,-114,231,548,806,997,1112,1133,1048,878,638,359,47,-265,-548,-782,-949,-1044,-1044,-956,-787,-567,-304,-13,270,531,740,890,959,951,878,725,514,268,-2,-260,-489,-680,-803,-285,-311,0,383,394,804,859,829,749,598,423,213,-18,-245,-466,-631,-753,-818,-824,-773,-662,-493,-291,-70,168,390,576,739,840,877,845,752,596,401,168,-95,-351,-580,-764,-907,-974,-965,-879,-729,-510,-242,46,345,607,833,997,1086,1095,1014,844,598,304,-26,-355,-688,-950,-1142,-1250,-1241,-1136,-940,-643,-290,89,481,828,1110,1307,1390,1347,1177,919,574,183,-232,-637,-965,-1218,-1364,-1393,-1317,-1116,-814,-455,-63,335,698,1011,1229,1342,1346,1241,1022,726,362,-22,-405,-745,-1025,-1231,-1320,-1300,-1174,-952,-646,-285,93,466,797,1059,1230,1288,1236,1092,843,519,156,-209,-567,-862,-1093,-1220,-1242,-1151,-971,1335,-383,-36,316,631,896,1080,1176,1163,1057,850,574,257,-81,-405,-698,-922,-1071,-1121,-1068,-929,-718,-447,-134,184,482,732,917,1024,1039,964,810,577,307,17,-269,-527,-725,-869,-940,-926,-821,-657,-445,-199,48,294,505,673,786,818,783,702,566,385,179,-39,-254,-440,-595,-708,-751,-736,-664,-540,-370,-177,36,246,440,604,700,736,711,633,491,303,95,-119,-325,-500,-617,-694,-701,-631,-515,-354,-168,32,231,392,510,595,615,576,491,356,189,16,-159,-310,-439,-512,-530,-508,-423,-309,-164,0,152,290,389,448,457,406,312,177,28,-119,-245,-323,-352,-317,-235,-125,-15,-167,53,0,-297,-291,90,180,242,265,239,171,76,-41,-153,-243,-298,-325,-309,-250,-177,-85,16,118,210,279,322,336,321,274,204,123,29,-72,-181,-277,-349,-394,-415,-388,-341,-247,-137,-5,140,282,400,498,555,553,507,403,255,74,-128,-308,-482,-612,-697,-706,-645,-539,-365,-149,82,320,510,668,782,809,758,645,480,265,8,-239,-473,-670,-814,-878,-876,-789,-627,-416,-151,129,408,646,821,928,943,885,763,548,281,-8,-298,-566,-789,-928,-993,-972,-868,-676,-424,-139,153,438,685,869,972,997,928,782,563,298,11,-283,-540,-754,-904,-981,-971,-876,-709,-485,-200,87,354,603,793,-351,968,939,833,655,431,165,-127,-396,-635,-826,-945,-1000,-955,-839,-655,-404,-120,171,460,705,889,1005,1026,977,839,622,367,78,-224,-501,-733,-914,-1009,-1031,-972,-821,-607,-353,-65,226,501,737,926,1034,1060,1004,861,646,376,87,-209,-506,-754,-953,-1084,-1119,-1061,-909,-686,-406,-94,232,547,809,1011,1137,1167,1094,943,706,396,54,-294,-606,-876,-1071,-1178,-1186,-1089,-901,-638,-324,28,353,669,923,1085,1167,1143,1020,813,545,238,-99,-415,-696,-905,-1037,-1084,-1041,-920,-727,-475,-184,122,414,663,847,974,1014,971,846,658,417,141,-130,-396,-628,-799,-902,-932,-879,-766,-595,-378,146,-30
29034,mtk,MTK 7916,2778110257,rx1-tx1,512,0,0,0,-229,87,389,606,666,560,324,15,-299,-540,-646,-592,-390,-93,221,480,620,603,435,156,-164,-446,-619,-631,-481,-220,100,399,602,656,539,278,-47,-356,-589,-681,-599,-362,-34,308,578,700,652,442,110,-254,-565,-740,-724,-534,-209,183,535,767,805,643,324,-80,-477,-761,-870,-774,-485,-69,369,719,901,883,655,256,-205,-620,-886,-938,-772,-424,24,465,792,928,844,560,142,-310,-675,-872,-868,-656,-283,153,549,811,867,712,383,-28,-433,-734,-851,-751,-475,-84,326,656,832,798,563,193,-218,-573,-797,-825,-648,-314,94,481,754,841,725,432,30,-388,-708,-851,-790,0,-160,268,635,846,850,645,285,-156,-563,-839,-923,-783,-446,-3,446,808,983,922,636,203,-292,-730,-1000,-1040,-831,-434,76,574,945,1100,1012,680,184,-353,-815,-1096,-1125,-893,-450,96,607,989,1149,1030,677,165,-388,-840,-1096,-1104,-857,-405,145,664,1021,1149,1018,639,104,-452,-909,-1165,-1157,-883,-403,161,693,1081,1222,1086,715,186,-383,-867,-1161,-1205,-983,-546,-5,531,945,1150,1102,819,367,-148,-619,-943,-1050,-936,-625,-191,262,645,875,908,757,448,53,-336,-639,-795,-778,-601,-303,50,377,611,717,677,505,236,-67,-343,-547,-645,-626,-503,-309,-75,144,316,424,455,418,0,0,0,0,0,312,415,476,470,383,226,11,-232,-452,-610,-662,-594,-418,-155,148,437,652,737,672,477,171,-182,-507,-740,-810,-710,-463,-112,277,621,834,873,720,401,-11,-431,-769,-947,-911,-671,-292,165,615,926,1031,913,593,135,-357,-783,-1046,-1071,-870,-478,35,544,924,1100,1043,759,297,-218,-682,-992,-1073,-912,-552,-78,406,791,990,955,706,300,-164,-582,-852,-916,-758,-420,7,418,725,861,778,504,119,-287,-635,-828,-812,-594,-240,174,547,785,835,686,372,-39,-444,-746,-879,-793,-515,-122,300,660,866,873,671,309,-122,-523,-807,-898,-775,-477,-69,357,687,855,821,586,216,0,-566,-791,-820,-653,-329,79,474,752,845,734,446,46,-368,-696,-863,-819,-576,-188,241,614,848,882,704,351,-86,-493,-786,-894,-782,-483,-71,356,699,879,837,589,203,-235,-613,-832,-854,-686,-332,109,519,798,884,760,444,17,-411,-739,-891,-838,-579,-175,279,662,887,905,697,324,-121,-531,-818,-916,-801,-488,-62,371,708,871,833,597,222,-192,-554,-781,-810,-646,-336,49,413,663,746,651,390,40,-303,-563,-679,-621,-410,-100,230,499,638,611,430,140,-180,-446,-609,-622,-468,-197,120,413,599,634,517,268,-52,-357,-573,-651,-571,-356,-50,271,526,651,621,439,149,0,0,0,0,0,-625,-658,-533,-284,36,348,565,648,578,362,60,-257,-508,-631,-600,-416,-126,190,462,618,617,463,189,-133,-421,-603,-634,-508,-250,75,381,596,668,568,320,-8,-336,-580,-686,-623,-404,-73,287,574,718,694,486,152,-218,-550,-751,-766,-586,-259,137,510,766,842,709,393,-18,-428,-750,-897,-827,-562,-159,290,671,900,917,713,337,-121,-546,-835,-932,-813,-501,-66,383,738,906,858,608,214,-226,-608,-843,-871,-683,-332,87,488,769,854,729,433,31,-383,-697,-832,-771,-522,-141,274,619,811,810,606,257,-162,-544,-783,-832,-685,-368,39,437,734,851,761,485,87,-333,0,-853,-826,-603,-225,215,604,846,888,718,369,-73,-506,-821,-950,-852,-542,-92,380,774,994,977,735,314,-190,-658,-976,-1074,-923,-551,-41,477,892,1112,1076,793,324,-228,-729,-1063,-1154,-972,-564,-42,493,923,1129,1075,768,286,-265,-751,-1063,-1132,-936,-520,18,561,983,1170,1083,747,247,-320,-825,-1137,-1196,-995,-571,-11,559,1004,1215,1162,860,365,-209,-716,-1071,-1204,-1067,-702,-198,342,793,1058,1094,896,513,34,-435,-794,-974,-938,-705,-340,92,488,760,862,775,530,185,-187,-513,-709,-749,-644,-413,-102,224,500,658,687,590,388,121,-150,-380,-532,-591,-554,-435,-273,-101,56,0,0,0,0,0,-250,-135,19,199,380,527,599,571,440,227,-36,-312,-543,-677,-691,-570,-325,-14,305,583,751,759,603,322,-37,-398,-680,-832,-804,-599,-260,146,534,815,920,825,548,136,-317,-700,-941,-983,-807,-442,26,497,863,1050,1011,736,297,-207,-674,-1000,-1108,-970,-617,-138,377,811,1066,1083,848,428,-66,-537,-893,-1041,-948,-638,-195,281,681,914,930,733,366,-85,-499,-787,-881,-768,-469,-63,350,682,841,788,544,175,-235,-588,-801,-819,-637,-292,119,507,778,863,744,453,45,-382,-720,-886,-841,-599,-227,206,596,847,893,730,402,-18,-433,-744,-877,-801,-535,-144,272,621,820,0,613,270,-136,-512,-768,-840,-697,-381,23,425,728,854,773,504,113,-310,-659,-857,-852,-637,-270,164,561,823,889,743,418,-6,-430,-745,-884,-817,-545,-139,288,650,857,855,639,267,-169,-563,-817,-879,-724,-393,38,459,769,895,798,512,94,-346,-702,-898,-876,-640,-249,200,604,867,915,750,412,-24,-454,-771,-904,-820,-545,-143,280,633,832,831,633,287,-122,-487,-723,-778,-648,-367,1,356,614,712,636,405,72,-270,-535,-655,-611,-415,-123,201,473,621,610,448,171,-149,-432,-608,-629,-490,-230,88,386,591,647,544,307,-7,-321,-554,-656,-601,-396,-96,227,500,647,0,0
29035,mtk,MTK 7916,2778110257,rx2-tx0,512,0,0,0,-247,120,462,699,777,681,421,56,-323,-617,-771,-755,-558,-230,147,484,709,767,645,372,17,-335,-608,-739,-687,-480,-165,188,490,668,690,551,279,-50,-361,-572,-646,-565,-352,-62,232,467,580,547,380,131,-140,-368,-497,-499,-380,-167,81,303,439,454,353,172,-50,-255,-389,-415,-328,-151,59,248,374,403,322,154,-56,-257,-382,-419,-343,-166,53,267,416,459,391,226,-5,-243,-418,-490,-441,-282,-54,193,403,510,491,354,138,-114,-348,-497,-520,-422,-226,30,277,462,533,473,307,62,-196,-399,-506,-496,-361,-143,102,330,469,487,391,205,-27,-248,-405,-463,-402,0,-26,193,362,434,392,252,50,-165,-342,-431,-408,-281,-77,147,329,438,440,328,127,-106,-319,-456,-478,-382,-184,61,296,465,524,456,267,10,-258,-476,-573,-531,-362,-102,196,459,613,630,495,225,-105,-420,-647,-719,-624,-384,-42,326,633,796,775,582,249,-155,-532,-791,-879,-777,-498,-98,333,686,891,909,725,373,-58,-471,-788,-931,-871,-620,-238,184,569,826,897,780,494,106,-296,-632,-827,-839,-671,-361,12,372,650,777,736,550,259,-85,-400,-621,-698,-634,-451,-178,125,391,562,611,548,387,155,-98,-321,-470,-530,-491,-367,-197,-15,157,287,354,361,317,223,0,0,0,0,0,116,215,298,348,346,293,181,23,-151,-316,-429,-464,-424,-302,-116,99,302,454,519,482,343,131,-113,-342,-496,-548,-490,-325,-81,186,408,551,581,477,265,-17,-294,-506,-611,-580,-424,-167,138,401,584,642,554,343,57,-249,-504,-645,-637,-487,-223,86,370,567,643,567,357,80,-213,-464,-600,-589,-441,-196,87,348,524,569,477,274,11,-249,-443,-522,-468,-307,-70,182,389,503,481,332,103,-151,-376,-511,-524,-408,-188,80,332,509,561,483,280,12,-258,-473,-580,-548,-384,-128,161,413,566,582,463,229,-62,-335,-529,-597,-516,-307,-24,265,487,603,570,391,119,0,-453,-608,-618,-482,-232,84,385,588,657,571,343,26,-294,-547,-676,-643,-449,-150,184,477,660,682,543,274,-64,-382,-608,-694,-606,-371,-45,294,561,694,656,448,137,-199,-496,-672,-676,-515,-233,118,442,657,721,606,334,-21,-366,-627,-742,-676,-444,-104,267,583,750,736,551,236,-140,-482,-702,-756,-633,-356,5,362,624,735,674,448,114,-239,-529,-688,-676,-497,-204,134,433,624,660,532,273,-47,-355,-569,-640,-550,-326,-21,287,519,621,572,374,82,-229,-479,-612,-593,-421,-140,171,440,606,620,479,214,-105,-404,-608,-672,-564,-317,10,343,587,692,645,435,104,0,0,0,0,0,-720,-756,-617,-336,22,387,665,781,713,489,153,-227,-555,-751,-772,-610,-304,64,412,666,759,671,435,100,-258,-546,-704,-694,-518,-230,110,420,623,668,556,319,11,-294,-521,-616,-557,-368,-103,184,417,547,531,379,149,-111,-337,-467,-478,-370,-174,57,271,410,430,339,169,-43,-247,-381,-409,-326,-153,58,247,377,406,325,157,-62,-264,-411,-448,-362,-192,29,256,419,475,416,253,20,-217,-399,-493,-473,-329,-93,159,371,502,504,381,173,-79,-323,-490,-535,-449,-256,-9,238,433,526,489,333,105,-151,-369,-496,-499,-384,-176,63,279,432,476,401,231,8,-212,0,-448,-399,-249,-40,174,347,430,399,265,66,-145,-330,-431,-425,-304,-102,130,326,447,455,346,154,-82,-310,-464,-502,-412,-224,27,284,478,551,488,307,54,-226,-462,-594,-584,-426,-156,159,441,623,668,545,288,-48,-390,-652,-767,-705,-478,-136,250,588,802,843,693,377,-35,-439,-751,-904,-857,-621,-241,191,584,854,939,810,503,92,-338,-693,-898,-907,-718,-380,35,436,743,882,825,595,247,-152,-507,-746,-824,-722,-469,-128,232,532,710,740,618,365,47,-258,-502,-643,-641,-511,-289,-15,252,452,559,558,457,276,53,-164,-337,-434,-455,-408,-306,-169,-27,93,188,0,0,0,0,0,-242,-200,-124,-12,125,260,365,421,406,325,179,-16,-214,-375,-475,-488,-406,-242,-23,213,410,520,521,418,234,-8,-261,-461,-567,-552,-412,-175,100,360,541,600,534,342,68,-218,-460,-605,-623,-505,-265,37,326,544,645,603,423,145,-165,-436,-612,-650,-535,-305,-9,287,516,625,581,404,143,-154,-417,-563,-573,-460,-240,38,300,484,545,477,296,43,-215,-417,-511,-482,-330,-96,160,374,496,497,373,149,-120,-355,-507,-545,-446,-233,43,307,497,575,519,337,74,-214,-447,-574,-568,-425,-181,104,369,546,587,484,270,-16,-299,-510,-594,-540,-348,-64,228,471,609,0,435,171,-135,-417,-610,-657,-540,-286,35,344,572,669,609,400,95,-236,-515,-671,-666,-499,-218,112,426,638,689,572,321,-8,-342,-590,-690,-629,-414,-86,254,529,684,674,499,194,-158,-470,-667,-698,-559,-281,64,401,647,737,642,387,35,-324,-605,-747,-708,-497,-170,203,532,732,754,592,291,-67,-410,-667,-758,-653,-402,-63,291,574,710,668,473,168,-180,-484,-661,-671,-518,-241,90,394,598,646,538,303,-16,-327,-548,-630,-559,-349,-54,251,493,611,575,393,115,-194,-462,-608,-599,-439,-173,138,420,607,642,512,259,-65,-382,-606,-682,-602,-376,-49,294,574,714,0,0
29036,mtk,MTK 7916,2778110257,rx2-tx1,512,0,0,0,121,-229,-530,-721,-754,-608,-323,46,410,675,784,719,484,144,-229,-554,-753,-779,-618,-320,48,411,684,790,712,473,123,-252,-579,-770,-778,-600,-284,96,452,706,808,717,448,77,-304,-622,-806,-796,-603,-277,106,465,720,816,726,472,113,-275,-594,-767,-771,-605,-297,71,414,653,744,660,425,104,-218,-494,-664,-674,-522,-249,48,322,526,604,541,354,93,-179,-395,-519,-524,-395,-185,48,256,397,441,378,234,45,-142,-292,-365,-349,-248,-91,71,204,289,306,244,124,-21,-144,-223,-248,-211,-121,-10,101,179,208,183,107,15,-83,-159,-191,-170,-110,-20,72,138,0,151,98,22,-61,-130,-164,-159,-112,-35,49,120,165,166,128,58,-27,-107,-165,-181,-161,-108,-33,52,126,162,162,130,66,-6,-73,-120,-138,-128,-92,-46,6,51,68,62,53,34,11,-5,-9,-4,13,28,34,24,-5,-48,-88,-113,-110,-85,-43,14,84,150,184,180,144,70,-31,-133,-202,-229,-217,-160,-69,46,159,235,257,232,155,46,-77,-181,-247,-258,-211,-115,-3,115,210,257,245,177,75,-40,-146,-225,-255,-226,-153,-54,61,165,226,242,207,129,34,-68,-162,-224,-227,-183,-110,-23,73,156,203,211,186,132,63,-15,-87,-138,-164,-165,-138,-93,0,0,0,0,0,-109,-133,-134,-119,-83,-26,46,118,178,215,212,167,97,13,-82,-173,-230,-245,-211,-138,-36,75,174,238,255,220,145,35,-88,-190,-251,-263,-219,-133,-21,100,196,253,262,206,107,-8,-118,-205,-254,-235,-170,-87,18,119,185,212,188,123,32,-55,-109,-150,-163,-135,-70,3,61,93,100,79,31,-11,-42,-61,-44,-11,26,56,72,68,39,-26,-92,-133,-145,-126,-74,9,105,171,215,221,166,57,-71,-191,-278,-303,-256,-155,-9,150,292,375,365,278,128,-67,-252,-380,-430,-388,-260,-65,157,355,470,490,398,198,-43,-278,-460,-546,-501,-349,-120,153,395,0,586,491,282,-1,-287,-521,-637,-602,-438,-182,121,410,608,668,572,350,54,-268,-533,-664,-650,-504,-241,86,386,600,682,601,379,85,-230,-501,-653,-655,-505,-235,84,380,582,648,571,364,72,-242,-495,-615,-598,-452,-198,103,366,533,575,482,282,14,-252,-451,-536,-492,-331,-89,161,362,479,475,349,135,-107,-310,-432,-450,-361,-173,58,261,398,442,359,190,-13,-215,-372,-426,-365,-217,-5,206,356,429,392,241,24,-191,-358,-451,-429,-286,-69,164,368,479,478,365,147,-117,-360,-523,-570,-473,-258,22,304,530,640,594,405,124,-197,-480,-650,-673,-553,-293,48,0,0,0,0,0,728,708,531,223,-142,-481,-707,-769,-656,-397,-51,318,616,774,754,560,233,-144,-485,-721,-788,-676,-407,-44,331,624,777,747,543,215,-170,-522,-745,-793,-662,-372,13,386,671,811,768,540,183,-211,-558,-779,-819,-673,-380,1,376,664,803,763,547,211,-167,-499,-713,-762,-632,-369,-26,316,579,703,670,483,194,-134,-417,-600,-643,-532,-317,-39,248,466,569,538,382,138,-115,-329,-459,-480,-390,-224,-7,200,341,400,374,255,72,-114,-253,-326,-318,-235,-102,46,173,257,275,228,134,3,-124,-205,-235,-202,-121,-19,78,154,192,176,111,24,-62,-137,-174,-162,-107,0,66,128,158,149,101,19,-66,-130,-161,-154,-122,-49,44,122,162,172,140,79,-6,-83,-142,-177,-172,-127,-54,23,99,151,156,126,88,29,-37,-71,-88,-101,-82,-35,13,31,26,24,23,0,-4,12,20,33,54,72,70,47,11,-38,-95,-135,-157,-143,-98,-23,75,152,197,213,180,110,15,-97,-189,-236,-242,-195,-103,11,122,210,256,241,183,90,-33,-154,-237,-268,-241,-157,-40,78,175,239,254,214,123,13,-102,-191,-240,-248,-201,-97,20,121,196,230,215,155,70,-27,-123,-193,-225,-212,-158,-80,11,97,162,200,199,170,121,61,-4,-55,-83,0,0,0,0,0,42,-2,-50,-103,-149,-178,-185,-163,-107,-29,57,143,204,232,224,175,87,-20,-125,-209,-250,-248,-196,-92,25,128,212,264,263,196,84,-39,-151,-232,-266,-248,-175,-65,53,157,229,259,234,152,37,-71,-153,-211,-229,-193,-113,-15,83,163,190,175,130,60,-13,-81,-124,-141,-116,-59,4,56,78,72,53,14,-27,-53,-58,-36,3,48,87,100,83,38,-19,-90,-153,-186,-173,-107,-15,86,194,262,269,216,104,-35,-178,-288,-332,-311,-218,-62,114,268,372,398,332,184,-6,-213,-380,-458,-440,-333,-136,106,330,486,530,457,280,36,-220,-437,-553,-552,-427,0,71,341,537,612,558,372,95,-205,-464,-619,-639,-518,-272,44,350,577,672,623,436,139,-187,-462,-636,-678,-561,-312,7,329,573,680,636,457,169,-165,-449,-623,-660,-549,-308,6,316,539,634,586,406,131,-169,-419,-570,-597,-482,-248,40,313,502,570,500,302,43,-216,-413,-509,-485,-341,-117,123,328,459,458,343,157,-77,-289,-417,-449,-367,-187,34,242,386,425,358,199,-12,-217,-367,-426,-380,-235,-31,188,359,436,400,258,52,-170,-367,-468,-444,-314,-106,146,370,506,522,410,193,-79,-345,-538,-606,-531,-324,-38,265,519,654,644,482,213,-109,-415,-634,-713,0,0
29037,mtk,MTK 7916,2778125919,rx0-tx0,512,0,0,0,0,0,0,0,0,0,0,0,0,0,0,0,0,0,0,0,0,0,0,0,0,0,0,0,0,0,0,0,0,0,0,0,0,0,0,0,0,0,0,0,0,0,0,0,0,0,0,0,0,0,0,0,0,0,0,0,0,0,0,0,0,0,0,0,0,0,0,0,0,0,0,0,0,0,0,0,0,0,0,0,0,0,0,0,0,0,0,0,0,0,0,0,0,0,0,0,0,0,0,0,0,0,0,0,0,0,0,0,0,0,0,0,0,0,0,0,0,0,0,0,0,0,0,0,0,0,0,0,0,0,0,0,0,0,0,0,0,0,0,0,0,0,0,0,0,0,0,0,0,0,0,0,0,0,0,0,0,0,0,0,0,0,0,0,0,0,0,0,0,0,0,0,0,0,0,0,0,0,0,0,0,0,0,0,0,0,0,0,0,0,0,0,0,0,0,0,0,0,0,0,0,0,0,0,0,0,0,0,0,0,0,0,0,0,0,0,0,0,0,0,0,0,0,0,0,0,0,0,0,0,0,0,0,0,0,0,0,0,0,0,0,0,0,0,0,0,0,0,0,0,0,0,0,-273,940,906,-14,-146,-282,-369,-390,-349,-252,-126,11,154,287,388,455,489,482,436,347,222,77,-92,-261,-416,-548,-638,-682,-674,-608,-489,-324,-120,97,309,505,668,795,842,839,776,641,474,277,43,-187,-411,-611,-772,-867,-910,-904,-838,-723,-557,-350,-116,116,357,576,759,897,983,1012,972,864,705,501,261,0,-262,-519,-749,-911,-1027,-1070,-1052,-964,-825,-643,-397,-134,137,392,624,808,935,1018,1034,982,879,718,520,299,54,-172,-393,-591,-758,-861,-911,-919,-871,-774,-641,-483,-300,-100,101,298,475,624,736,809,846,846,803,707,574,424,235,33,-175,-372,-549,-705,-823,-907,-1687,-902,-820,-698,-529,-327,-102,124,346,554,729,859,951,981,958,889,766,598,402,184,-42,-267,-494,-692,-856,-988,-1064,-1080,-1042,-949,-796,-591,-341,-72,223,523,804,1041,1223,1331,1361,1309,1165,944,651,302,-70,-441,-800,-1108,-1348,-1497,-1550,-1507,-1360,-1118,-789,-417,-11,390,764,1086,1330,1498,1561,1515,1380,1146,834,477,84,-308,-684,-1003,-1245,-1410,-1489,-1461,-1342,-1126,-832,-501,-128,257,616,935,1194,1359,1427,1392,1253,1019,728,378,-3,-370,-708,-985,-1182,-1280,-1288,-1187,-995,-741,-430,-99,229,536,791,978,1096,1119,1055,910,687,402,80,-264,-598,-887,-1082,-1150,-1058,-793,-398,-18,636,792,0,0,0,0,0,0,0,0,0,0,0,0,0,0,0,0,0,0,0,0,0,0,0,0,0,0,0,0,0,0,0,0,0,0,0,0,0,0,0,0,0,0,0,0,0,0,0,0,0,0,0,0,0,0,0,0,0,0,0,0,0,0,0,0,0,0,0,0,0,0,0,0,0,0,0,0,0,0,0,0,0,0,0,0,0,0,0,0,0,0,0,0,0,0,0,0,0,0,0,0,0,0,0,0,0,0,0,0,0,0,0,0,0,0,0,0,0,0,0,0,0,0,0,0,0,0,0,0,0,0,0,0,0,0,0,0,0,0,0,0,0,0,0,0,0,0,0,0,0,0,0,0,0,0,0,0,0,0,0,0,0,0,0,0,0,0,0,0,0,0,0,0,0,0,0,0,0,0,0,0,0,0,0,0,0,0,0,0,0,0,0,0,0,0,0,0,0,0,0,0,0,0,0,0,0,0,0,0,0,0,0,0,0,0,0,0,0,0,0,0,0,0,0,0,0,0,0,0,0,0,0,0,0,0,0,0,0,0,0,0,0,0,0,0,0,0,0,0,0,0,0,0,0,0,0,0,-1322,20,-233,-279,-284,-214,-82,70,220,339,408,434,421,361,258,138,-3,-146,-285,-414,-505,-565,-583,-548,-465,-342,-182,-3,192,387,557,686,769,783,739,640,492,292,67,-159,-391,-590,-738,-847,-892,-872,-801,-678,-504,-288,-64,175,400,601,767,889,946,952,906,796,635,430,195,-63,-321,-555,-754,-915,-1014,-1052,-1023,-940,-779,-574,-325,-60,213,466,678,868,1002,1067,1068,996,866,671,452,206,-60,-306,-528,-717,-854,-953,-985,-954,-878,-753,-585,-378,-172,51,263,453,610,732,826,871,867,822,727,597,438,259,74,-119,-316,-494,-640,-759,-844,-876,-864,-808,-711,-568,-389,-193,-175,247,454,640,795,903,957,955,909,803,645,460,242,9,-213,-433,-630,-795,-915,-985,-1002,-975,-902,-769,-598,-390,-150,102,355,603,829,1010,1131,1196,1204,1142,1003,785,510,188,-142,-481,-799,-1075,-1297,-1437,-1477,-1426,-1285,-1052,-743,-375,22,419,791,1117,1362,1522,1583,1534,1382,1131,817,452,49,-354,-725,-1053,-1296,-1456,-1528,-1493,-1363,-1134,-832,-492,-110,274,635,957,1202,1370,1457,1431,1307,1098,809,467,93,-289,-653,-958,-1188,-1337,-1380,-1319,-1154,-905,-584,-240,112,460,756,990,1144,1198,1161,1040,833,576,277,-43,-351,-635,-872,-1033,-1111,-1089,-958,-714,-376,22,438,791,990,1005,698,509
29038,mtk,MTK 7916,2778125919,rx0-tx1,512,0,0,0,0,0,0,0,0,0,0,0,0,0,0,0,0,0,0,0,0,0,0,0,0,0,0,0,0,0,0,0,0,0,0,0,0,0,0,0,0,0,0,0,0,0,0,0,0,0,0,0,0,0,0,0,0,0,0,0,0,0,0,0,0,0,0,0,0,0,0,0,0,0,0,0,0,0,0,0,0,0,0,0,0,0,0,0,0,0,0,0,0,0,0,0,0,0,0,0,0,0,0,0,0,0,0,0,0,0,0,0,0,0,0,0,0,0,0,0,0,0,0,0,0,0,0,0,0,0,0,0,0,0,0,0,0,0,0,0,0,0,0,0,0,0,0,0,0,0,0,0,0,0,0,0,0,0,0,0,0,0,0,0,0,0,0,0,0,0,0,0,0,0,0,0,0,0,0,0,0,0,0,0,0,0,0,0,0,0,0,0,0,0,0,0,0,0,0,0,0,0,0,0,0,0,0,0,0,0,0,0,0,0,0,0,0,0,0,0,0,0,0,0,0,0,0,0,0,0,0,0,0,0,0,0,0,0,0,0,0,0,0,0,0,0,0,0,0,0,0,0,0,0,0,0,0,-730,-175,-224,191,279,315,281,187,51,-88,-219,-326,-397,-431,-420,-371,-281,-168,-32,115,260,389,494,558,586,563,492,375,222,44,-152,-337,-505,-631,-721,-766,-754,-676,-540,-372,-171,53,275,480,663,802,884,919,895,794,638,451,222,-29,-286,-528,-739,-900,-1014,-1068,-1044,-958,-811,-602,-355,-80,198,470,721,925,1080,1180,1197,1131,1003,808,553,265,-38,-337,-631,-892,-1100,-1240,-1315,-1301,-1196,-1035,-795,-502,-178,169,494,804,1072,1270,1390,1422,1370,1224,1006,716,378,18,-336,-679,-987,-1221,-1377,-1454,-1438,-1328,-1141,-877,-570,-217,145,485,805,1064,1258,1379,1415,1361,1230,1018,754,447,-546,-224,-543,-822,-1060,-1235,-1329,-1353,-1302,-1173,-976,-723,-436,-115,201,518,810,1047,1224,1335,1371,1321,1200,1011,752,444,105,-244,-575,-877,-1128,-1310,-1398,-1406,-1335,-1187,-966,-674,-342,3,339,660,947,1168,1318,1386,1363,1268,1102,861,569,251,-88,-419,-713,-970,-1164,-1292,-1339,-1301,-1191,-1008,-767,-478,-156,170,489,786,1025,1205,1310,1333,1267,1116,888,603,278,-71,-412,-732,-997,-1193,-1309,-1329,-1256,-1093,-851,-548,-214,139,487,781,1022,1185,1243,1209,1078,869,586,281,-43,-358,-629,-844,-985,-1038,-1003,-896,-720,-498,-247,24,286,515,703,829,887,863,756,562,295,-11,-325,-586,-736,-745,42,-35,0,0,0,0,0,0,0,0,0,0,0,0,0,0,0,0,0,0,0,0,0,0,0,0,0,0,0,0,0,0,0,0,0,0,0,0,0,0,0,0,0,0,0,0,0,0,0,0,0,0,0,0,0,0,0,0,0,0,0,0,0,0,0,0,0,0,0,0,0,0,0,0,0,0,0,0,0,0,0,0,0,0,0,0,0,0,0,0,0,0,0,0,0,0,0,0,0,0,0,0,0,0,0,0,0,0,0,0,0,0,0,0,0,0,0,0,0,0,0,0,0,0,0,0,0,0,0,0,0,0,0,0,0,0,0,0,0,0,0,0,0,0,0,0,0,0,0,0,0,0,0,0,0,0,0,0,0,0,0,0,0,0,0,0,0,0,0,0,0,0,0,0,0,0,0,0,0,0,0,0,0,0,0,0,0,0,0,0,0,0,0,0,0,0,0,0,0,0,0,0,0,0,0,0,0,0,0,0,0,0,0,0,0,0,0,0,0,0,0,0,0,0,0,0,0,0,0,0,0,0,0,0,0,0,0,0,0,0,0,0,0,0,0,0,0,0,0,0,0,0,0,0,0,0,0,0,-128,-236,-190,167,75,-61,-201,-315,-377,-381,-337,-246,-131,-1,137,263,368,443,486,492,453,372,249,104,-58,-226,-384,-520,-616,-673,-678,-624,-521,-370,-191,11,222,427,594,726,816,843,808,725,590,402,184,-48,-290,-521,-710,-864,-964,-1000,-969,-873,-716,-516,-281,-18,254,507,743,931,1055,1119,1109,1041,897,692,452,173,-131,-417,-691,-921,-1098,-1206,-1237,-1210,-1104,-921,-678,-394,-83,253,567,851,1100,1269,1367,1372,1290,1143,913,627,290,-65,-427,-757,-1042,-1263,-1399,-1443,-1406,-1290,-1080,-797,-472,-118,252,597,902,1151,1328,1430,1433,1352,1188,951,657,331,-22,-363,-682,-958,-1172,-1325,1197,-1366,-1257,-1090,-862,-576,-261,57,375,672,935,1136,1278,1344,1333,1254,1093,864,593,288,-45,-374,-683,-957,-1177,-1327,-1398,-1383,-1286,-1107,-864,-565,-231,108,451,767,1044,1250,1370,1403,1360,1242,1040,774,464,124,-214,-534,-836,-1079,-1249,-1341,-1359,-1289,-1143,-935,-668,-365,-37,286,589,859,1077,1233,1309,1312,1238,1076,846,562,242,-95,-430,-736,-997,-1192,-1313,-1339,-1278,-1127,-895,-608,-274,82,426,743,1006,1190,1286,1291,1193,1004,755,439,95,-249,-567,-837,-1025,-1129,-1149,-1071,-909,-681,-409,-116,171,435,657,815,913,934,874,744,561,328,68,-206,-467,-689,-834,-878,-804,-603,-303,-22,-287,-286
29039,mtk,MTK 7916,2778125919,rx1-tx0,512,0,0,0,0,0,0,0,0,0,0,0,0,0,0,0,0,0,0,0,0,0,0,0,0,0,0,0,0,0,0,0,0,0,0,0,0,0,0,0,0,0,0,0,0,0,0,0,0,0,0,0,0,0,0,0,0,0,0,0,0,0,0,0,0,0,0,0,0,0,0,0,0,0,0,0,0,0,0,0,0,0,0,0,0,0,0,0,0,0,0,0,0,0,0,0,0,0,0,0,0,0,0,0,0,0,0,0,0,0,0,0,0,0,0,0,0,0,0,0,0,0,0,0,0,0,0,0,0,0,0,0,0,0,0,0,0,0,0,0,0,0,0,0,0,0,0,0,0,0,0,0,0,0,0,0,0,0,0,0,0,0,0,0,0,0,0,0,0,0,0,0,0,0,0,0,0,0,0,0,0,0,0,0,0,0,0,0,0,0,0,0,0,0,0,0,0,0,0,0,0,0,0,0,0,0,0,0,0,0,0,0,0,0,0,0,0,0,0,0,0,0,0,0,0,0,0,0,0,0,0,0,0,0,0,0,0,0,0,0,0,0,0,0,0,0,0,0,0,0,0,0,0,0,0,0,0,146,489,224,-117,-67,15,109,184,230,231,197,139,62,-22,-105,-182,-232,-265,-270,-243,-193,-122,-35,49,129,210,260,286,288,261,210,149,61,-27,-105,-172,-225,-256,-263,-249,-218,-167,-95,-29,26,86,137,166,181,177,164,142,112,76,40,6,-28,-45,-56,-63,-73,-74,-59,-52,-54,-38,-37,-33,-23,-33,-43,-44,-47,-54,-59,-44,-20,4,46,93,126,150,185,202,209,190,154,98,28,-42,-124,-202,-270,-317,-333,-331,-302,-239,-158,-75,23,126,219,298,353,384,388,363,315,240,157,50,-58,-165,-260,-330,-375,-404,-402,-371,-314,-246,-153,-46,60,163,255,338,-144,419,413,381,328,252,153,43,-69,-183,-284,-361,-405,-421,-410,-375,-308,-217,-116,-7,104,204,282,343,382,384,358,309,239,159,69,-32,-116,-181,-238,-284,-309,-301,-277,-231,-180,-123,-53,14,71,127,171,202,218,220,208,179,151,107,59,12,-37,-80,-111,-139,-150,-161,-166,-140,-120,-99,-68,-38,-6,24,49,76,97,100,113,112,113,111,96,77,47,20,-13,-43,-70,-105,-128,-136,-141,-140,-121,-97,-65,-27,22,66,105,134,156,165,147,128,94,42,-6,-54,-94,-130,-153,-154,-143,-118,-83,-40,6,56,98,119,132,134,102,70,25,-29,-67,-94,1038,914,0,0,0,0,0,0,0,0,0,0,0,0,0,0,0,0,0,0,0,0,0,0,0,0,0,0,0,0,0,0,0,0,0,0,0,0,0,0,0,0,0,0,0,0,0,0,0,0,0,0,0,0,0,0,0,0,0,0,0,0,0,0,0,0,0,0,0,0,0,0,0,0,0,0,0,0,0,0,0,0,0,0,0,0,0,0,0,0,0,0,0,0,0,0,0,0,0,0,0,0,0,0,0,0,0,0,0,0,0,0,0,0,0,0,0,0,0,0,0,0,0,0,0,0,0,0,0,0,0,0,0,0,0,0,0,0,0,0,0,0,0,0,0,0,0,0,0,0,0,0,0,0,0,0,0,0,0,0,0,0,0,0,0,0,0,0,0,0,0,0,0,0,0,0,0,0,0,0,0,0,0,0,0,0,0,0,0,0,0,0,0,0,0,0,0,0,0,0,0,0,0,0,0,0,0,0,0,0,0,0,0,0,0,0,0,0,0,0,0,0,0,0,0,0,0,0,0,0,0,0,0,0,0,0,0,0,0,0,0,0,0,0,0,0,0,0,0,0,0,0,0,0,0,0,0,0,206,-958,-1051,115,166,195,176,119,38,-50,-129,-195,-238,-251,-234,-189,-120,-42,46,131,199,248,278,274,258,208,130,46,-48,-134,-200,-252,-287,-283,-259,-218,-155,-81,-6,65,125,179,217,223,223,207,163,112,60,9,-33,-74,-101,-125,-134,-134,-115,-92,-76,-61,-38,-7,9,5,15,16,9,16,10,5,11,24,30,46,70,96,107,121,129,122,99,80,43,-16,-75,-139,-192,-241,-267,-277,-265,-233,-174,-93,-8,82,181,267,321,353,367,349,307,241,154,59,-47,-145,-241,-315,-373,-406,-406,-374,-320,-239,-145,-46,62,167,255,328,389,410,408,378,326,254,147,39,-69,-173,-264,-344,-399,-424,-426,-394,-330,-240,-135,-25,90,199,292,354,392,407,390,339,269,184,85,-19,-111,-195,-264,-310,-344,-349,-312,-270,-204,-140,-54,23,94,158,204,243,263,255,241,209,165,113,57,2,-58,-103,-138,-171,-186,-191,-185,-164,-142,-106,-65,-32,15,50,72,106,126,132,134,125,116,99,74,55,32,2,-22,-53,-77,-96,-115,-128,-133,-124,-112,-89,-54,-26,3,43,87,117,138,151,154,139,115,81,43,-6,-54,-91,-134,-156,-162,-152,-130,-99,-47,4,52,92,124,143,146,134,99,56,19,-32,-78,-107,-123,-110,-81,-55,-331,-589
29040,mtk,MTK 7916,2778125919,rx1-tx1,512,0,0,0,0,0,0,0,0,0,0,0,0,0,0,0,0,0,0,0,0,0,0,0,0,0,0,0,0,0,0,0,0,0,0,0,0,0,0,0,0,0,0,0,0,0,0,0,0,0,0,0,0,0,0,0,0,0,0,0,0,0,0,0,0,0,0,0,0,0,0,0,0,0,0,0,0,0,0,0,0,0,0,0,0,0,0,0,0,0,0,0,0,0,0,0,0,0,0,0,0,0,0,0,0,0,0,0,0,0,0,0,0,0,0,0,0,0,0,0,0,0,0,0,0,0,0,0,0,0,0,0,0,0,0,0,0,0,0,0,0,0,0,0,0,0,0,0,0,0,0,0,0,0,0,0,0,0,0,0,0,0,0,0,0,0,0,0,0,0,0,0,0,0,0,0,0,0,0,0,0,0,0,0,0,0,0,0,0,0,0,0,0,0,0,0,0,0,0,0,0,0,0,0,0,0,0,0,0,0,0,0,0,0,0,0,0,0,0,0,0,0,0,0,0,0,0,0,0,0,0,0,0,0,0,0,0,0,0,0,0,0,0,0,0,0,0,0,0,0,0,0,0,0,0,0,0,-411,-909,-1023,0,-4,-13,-20,-27,-31,-31,-31,-26,-13,1,15,29,38,36,30,18,4,-13,-31,-47,-50,-40,-23,-2,25,49,61,61,42,13,-12,-37,-62,-71,-59,-35,-3,28,55,74,77,53,13,-27,-50,-70,-78,-60,-22,14,45,70,79,63,27,-12,-48,-78,-88,-64,-23,19,56,82,85,59,17,-29,-63,-89,-94,-66,-15,42,90,110,101,68,19,-38,-86,-115,-112,-71,-10,51,92,115,104,67,12,-52,-104,-119,-102,-61,-1,63,110,129,114,61,-8,-80,-137,-152,-119,-56,22,94,142,154,125,57,-24,-105,-163,-179,-146,-73,25,120,187,208,0,90,-15,-113,-183,-214,-192,-122,-22,90,179,224,209,146,54,-48,-142,-203,-212,-166,-91,-1,92,161,189,181,133,55,-30,-100,-145,-161,-144,-92,-23,40,94,130,142,122,78,20,-31,-81,-118,-130,-115,-78,-21,34,83,129,148,129,79,8,-67,-135,-174,-167,-121,-45,46,133,193,210,171,85,-30,-136,-211,-243,-214,-127,-6,117,230,283,267,183,57,-91,-226,-311,-317,-248,-117,41,192,302,344,301,187,29,-137,-271,-335,-327,-250,-111,52,199,294,319,270,161,12,-138,-248,-293,-267,-184,-64,71,199,287,305,255,149,11,-118,-230,-307,-323,-291,-214,-258,-511,0,0,0,0,0,0,0,0,0,0,0,0,0,0,0,0,0,0,0,0,0,0,0,0,0,0,0,0,0,0,0,0,0,0,0,0,0,0,0,0,0,0,0,0,0,0,0,0,0,0,0,0,0,0,0,0,0,0,0,0,0,0,0,0,0,0,0,0,0,0,0,0,0,0,0,0,0,0,0,0,0,0,0,0,0,0,0,0,0,0,0,0,0,0,0,0,0,0,0,0,0,0,0,0,0,0,0,0,0,0,0,0,0,0,0,0,0,0,0,0,0,0,0,0,0,0,0,0,0,0,0,0,0,0,0,0,0,0,0,0,0,0,0,0,0,0,0,0,0,0,0,0,0,0,0,0,0,0,0,0,0,0,0,0,0,0,0,0,0,0,0,0,0,0,0,0,0,0,0,0,0,0,0,0,0,0,0,0,0,0,0,0,0,0,0,0,0,0,0,0,0,0,0,0,0,0,0,0,0,0,0,0,0,0,0,0,0,0,0,0,0,0,0,0,0,0,0,0,0,0,0,0,0,0,0,0,0,0,0,0,0,0,0,0,0,0,0,0,0,0,0,0,0,0,0,0,-92,-516,-265,25,26,25,24,19,10,-7,-18,-27,-35,-38,-35,-26,-13,4,26,47,47,42,30,10,-15,-36,-51,-57,-51,-38,-14,19,48,59,64,60,30,-6,-36,-62,-76,-72,-52,-15,25,60,72,69,58,30,-15,-57,-85,-87,-62,-27,8,50,74,80,70,35,-18,-61,-77,-79,-64,-31,22,61,81,84,64,20,-29,-73,-100,-100,-72,-24,37,87,101,91,68,22,-38,-91,-116,-104,-70,-17,47,98,120,108,66,9,-55,-109,-130,-108,-54,10,74,121,139,122,63,-19,-89,-138,-150,-124,-63,20,103,158,169,128,58,-29,-108,-171,-189,-153,-75,23,0,184,209,180,107,9,-99,-187,-217,-199,-135,-38,72,164,213,214,165,77,-29,-126,-181,-202,-178,-115,-29,60,132,169,176,141,78,1,-73,-125,-145,-144,-116,-55,5,57,100,124,119,94,47,-13,-63,-102,-127,-137,-109,-52,18,83,139,163,148,100,32,-50,-128,-185,-188,-143,-62,39,140,205,221,183,101,-13,-130,-217,-256,-235,-156,-30,115,236,298,287,207,82,-64,-209,-310,-336,-274,-148,6,163,283,340,314,211,70,-89,-232,-320,-327,-265,-137,18,165,277,315,266,162,38,-103,-223,-283,-278,-213,-98,43,181,279,322,306,232,117,-8,-117,-213,-984,-885
29041,mtk,MTK 7916,2778125919,rx2-tx0,512,0,0,0,0,0,0,0,0,0,0,0,0,0,0,0,0,0,0,0,0,0,0,0,0,0,0,0,0,0,0,0,0,0,0,0,0,0,0,0,0,0,0,0,0,0,0,0,0,0,0,0,0,0,0,0,0,0,0,0,0,0,0,0,0,0,0,0,0,0,0,0,0,0,0,0,0,0,0,0,0,0,0,0,0,0,0,0,0,0,0,0,0,0,0,0,0,0,0,0,0,0,0,0,0,0,0,0,0,0,0,0,0,0,0,0,0,0,0,0,0,0,0,0,0,0,0,0,0,0,0,0,0,0,0,0,0,0,0,0,0,0,0,0,0,0,0,0,0,0,0,0,0,0,0,0,0,0,0,0,0,0,0,0,0,0,0,0,0,0,0,0,0,0,0,0,0,0,0,0,0,0,0,0,0,0,0,0,0,0,0,0,0,0,0,0,0,0,0,0,0,0,0,0,0,0,0,0,0,0,0,0,0,0,0,0,0,0,0,0,0,0,0,0,0,0,0,0,0,0,0,0,0,0,0,0,0,0,0,0,0,0,0,0,0,0,0,0,0,0,0,0,0,0,0,0,0,-136,-657,-364,-30,-50,-62,-71,-74,-65,-42,-15,19,55,80,92,88,67,32,-18,-68,-103,-123,-122,-93,-38,29,97,151,170,156,110,29,-63,-147,-208,-223,-181,-101,10,127,223,266,247,170,50,-87,-211,-291,-304,-241,-121,35,193,302,335,290,166,-4,-175,-309,-372,-331,-201,-20,166,313,386,362,236,44,-160,-327,-417,-396,-261,-56,164,350,449,427,291,75,-160,-362,-480,-472,-337,-110,148,370,502,506,378,144,-124,-356,-502,-524,-407,-185,83,335,495,524,422,214,-47,-295,-460,-498,-410,-217,29,259,425,477,398,212,-25,-245,-399,-448,-377,-207,17,241,395,440,0,198,-27,-235,-385,-443,-374,-199,21,228,379,440,383,218,-2,-218,-376,-443,-392,-240,-36,181,364,455,425,287,84,-143,-336,-443,-445,-342,-149,75,276,417,458,387,235,24,-200,-373,-448,-424,-303,-109,102,283,404,439,368,209,9,-185,-339,-417,-396,-286,-116,81,257,365,380,309,171,-6,-180,-306,-357,-321,-214,-61,110,244,314,314,236,98,-62,-201,-285,-297,-237,-122,24,164,259,290,248,140,3,-138,-250,-300,-270,-168,-34,104,227,303,304,231,102,-49,-184,-279,-316,-280,-177,-37,116,242,312,317,253,140,2,-140,-259,-327,-339,-295,-208,-95,14,122,-1175,-1085,0,0,0,0,0,0,0,0,0,0,0,0,0,0,0,0,0,0,0,0,0,0,0,0,0,0,0,0,0,0,0,0,0,0,0,0,0,0,0,0,0,0,0,0,0,0,0,0,0,0,0,0,0,0,0,0,0,0,0,0,0,0,0,0,0,0,0,0,0,0,0,0,0,0,0,0,0,0,0,0,0,0,0,0,0,0,0,0,0,0,0,0,0,0,0,0,0,0,0,0,0,0,0,0,0,0,0,0,0,0,0,0,0,0,0,0,0,0,0,0,0,0,0,0,0,0,0,0,0,0,0,0,0,0,0,0,0,0,0,0,0,0,0,0,0,0,0,0,0,0,0,0,0,0,0,0,0,0,0,0,0,0,0,0,0,0,0,0,0,0,0,0,0,0,0,0,0,0,0,0,0,0,0,0,0,0,0,0,0,0,0,0,0,0,0,0,0,0,0,0,0,0,0,0,0,0,0,0,0,0,0,0,0,0,0,0,0,0,0,0,0,0,0,0,0,0,0,0,0,0,0,0,0,0,0,0,0,0,0,0,0,0,0,0,0,0,0,0,0,0,0,0,0,0,0,0,1335,973,1106,48,38,24,5,-20,-47,-71,-85,-87,-75,-43,-2,37,73,98,105,92,62,10,-53,-106,-141,-147,-123,-69,3,84,156,195,191,143,62,-39,-139,-217,-245,-213,-131,-21,104,213,279,282,211,84,-65,-203,-301,-323,-267,-142,19,183,302,348,309,185,6,-173,-315,-377,-342,-221,-35,170,326,398,376,256,57,-160,-338,-431,-412,-273,-63,165,356,461,445,308,89,-159,-373,-493,-487,-355,-130,135,362,501,516,397,174,-102,-350,-500,-528,-425,-208,61,310,476,516,416,213,-38,-277,-444,-488,-405,-216,26,256,413,461,392,214,-18,-241,-398,-446,-368,-195,31,0,395,436,363,197,-22,-233,-387,-436,-367,-205,12,228,385,439,384,235,22,-203,-373,-441,-405,-272,-66,161,342,445,431,310,118,-106,-313,-437,-454,-365,-188,32,242,393,449,403,265,66,-155,-338,-440,-439,-335,-162,43,236,377,428,382,251,61,-136,-295,-387,-393,-306,-146,42,217,337,377,326,197,26,-140,-274,-339,-320,-223,-77,81,216,299,307,238,116,-37,-182,-277,-298,-242,-127,12,152,257,299,263,162,20,-129,-243,-298,-284,-205,-73,79,210,288,305,250,139,-7,-151,-264,-312,-294,-215,-89,62,197,292,332,308,221,93,-42,-167,-265,-313,-308,-265,186,490
29042,mtk,MTK 7916,2778125919,rx2-tx1,512,0,0,0,0,0,0,0,0,0,0,0,0,0,0,0,0,0,0,0,0,0,0,0,0,0,0,0,0,0,0,0,0,0,0,0,0,0,0,0,0,0,0,0,0,0,0,0,0,0,0,0,0,0,0,0,0,0,0,0,0,0,0,0,0,0,0,0,0,0,0,0,0,0,0,0,0,0,0,0,0,0,0,0,0,0,0,0,0,0,0,0,0,0,0,0,0,0,0,0,0,0,0,0,0,0,0,0,0,0,0,0,0,0,0,0,0,0,0,0,0,0,0,0,0,0,0,0,0,0,0,0,0,0,0,0,0,0,0,0,0,0,0,0,0,0,0,0,0,0,0,0,0,0,0,0,0,0,0,0,0,0,0,0,0,0,0,0,0,0,0,0,0,0,0,0,0,0,0,0,0,0,0,0,0,0,0,0,0,0,0,0,0,0,0,0,0,0,0,0,0,0,0,0,0,0,0,0,0,0,0,0,0,0,0,0,0,0,0,0,0,0,0,0,0,0,0,0,0,0,0,0,0,0,0,0,0,0,0,0,0,0,0,0,0,0,0,0,0,0,0,0,0,0,0,0,0,236,207,448,-25,-54,-72,-79,-78,-64,-38,-3,29,56,76,75,58,34,-1,-43,-69,-73,-58,-32,9,45,73,78,59,21,-18,-50,-75,-80,-57,-16,39,86,109,97,64,8,-52,-109,-144,-131,-79,-6,76,139,158,142,86,-6,-108,-188,-219,-190,-96,21,141,232,267,229,129,-16,-170,-286,-324,-280,-157,14,192,327,377,323,183,-13,-206,-353,-415,-369,-223,-8,211,380,447,402,253,36,-201,-385,-468,-431,-281,-59,181,376,474,447,300,75,-169,-366,-463,-444,-307,-92,145,347,452,428,293,90,-136,-314,-402,-383,-260,-70,133,295,368,337,223,48,-136,-277,-337,0,-170,-6,159,280,314,255,126,-42,-202,-302,-311,-231,-82,84,224,307,299,201,48,-122,-264,-334,-312,-204,-37,137,277,347,320,205,32,-146,-282,-341,-312,-199,-32,138,269,330,299,187,34,-129,-257,-304,-268,-165,-25,113,207,253,232,148,21,-103,-185,-208,-179,-105,-3,92,155,168,140,69,-20,-103,-156,-160,-115,-39,40,108,145,140,95,18,-53,-106,-136,-122,-71,-8,58,110,130,111,63,0,-58,-102,-115,-96,-47,11,61,96,108,92,48,-8,-58,-92,-101,-82,-42,8,55,86,91,76,37,-15,-67,-96,-104,-88,-54,-5,45,94,117,118,102,-532,-302,0,0,0,0,0,0,0,0,0,0,0,0,0,0,0,0,0,0,0,0,0,0,0,0,0,0,0,0,0,0,0,0,0,0,0,0,0,0,0,0,0,0,0,0,0,0,0,0,0,0,0,0,0,0,0,0,0,0,0,0,0,0,0,0,0,0,0,0,0,0,0,0,0,0,0,0,0,0,0,0,0,0,0,0,0,0,0,0,0,0,0,0,0,0,0,0,0,0,0,0,0,0,0,0,0,0,0,0,0,0,0,0,0,0,0,0,0,0,0,0,0,0,0,0,0,0,0,0,0,0,0,0,0,0,0,0,0,0,0,0,0,0,0,0,0,0,0,0,0,0,0,0,0,0,0,0,0,0,0,0,0,0,0,0,0,0,0,0,0,0,0,0,0,0,0,0,0,0,0,0,0,0,0,0,0,0,0,0,0,0,0,0,0,0,0,0,0,0,0,0,0,0,0,0,0,0,0,0,0,0,0,0,0,0,0,0,0,0,0,0,0,0,0,0,0,0,0,0,0,0,0,0,0,0,0,0,0,0,0,0,0,0,0,0,0,0,0,0,0,0,0,0,0,0,0,0,-351,932,844,60,45,29,5,-26,-56,-76,-83,-77,-53,-21,14,45,68,78,66,33,-3,-32,-61,-75,-61,-24,14,47,70,79,57,15,-32,-76,-98,-91,-63,-13,48,94,122,119,78,7,-66,-130,-158,-136,-70,13,98,166,198,170,93,-16,-129,-211,-237,-204,-112,26,162,263,298,250,136,-22,-180,-303,-347,-296,-170,11,197,339,390,348,212,10,-204,-366,-429,-374,-234,-32,198,381,459,419,270,51,-185,-379,-474,-441,-293,-67,174,372,472,454,311,82,-163,-357,-456,-439,-308,-92,140,330,428,411,283,85,-130,-303,-391,-369,-240,-59,130,285,355,320,203,31,0,-280,-330,-279,-146,24,184,295,315,239,102,-62,-214,-307,-304,-208,-59,108,253,326,304,201,48,-121,-265,-334,-307,-195,-32,135,279,343,314,200,35,-137,-274,-338,-302,-187,-32,129,263,323,286,176,31,-118,-233,-280,-252,-162,-34,105,204,238,207,126,12,-101,-177,-199,-166,-92,7,104,160,166,129,61,-29,-111,-148,-141,-103,-37,44,111,142,126,75,9,-59,-112,-131,-118,-69,-6,58,105,122,102,58,-2,-61,-102,-115,-96,-53,4,55,94,107,86,46,-6,-57,-83,-88,-71,-32,14,59,93,95,68,34,-5,-55,-98,-118,-110,-84,-46,-5,43,797,910
29043,mtk,MTK 7916,2778156343,rx0-tx0,512,0,0,0,0,0,0,0,0,0,0,0,0,0,0,0,0,0,0,0,0,0,0,0,0,0,0,0,0,0,0,0,0,0,0,0,0,0,0,0,0,0,0,0,0,0,0,0,0,0,0,0,0,0,0,0,0,0,0,0,0,0,0,0,0,0,0,0,0,0,0,0,0,0,0,0,0,0,0,0,0,0,0,0,0,0,0,0,0,0,0,0,0,0,0,0,0,0,0,0,0,0,0,0,0,0,0,0,0,0,0,0,0,0,0,0,0,0,0,0,0,0,0,0,0,0,0,0,0,0,0,0,0,0,0,0,0,0,0,0,0,0,0,0,0,0,0,0,0,0,0,0,0,0,0,0,0,0,0,0,0,0,0,0,0,0,0,0,0,0,0,0,0,0,0,0,0,0,0,0,0,0,0,0,0,0,0,0,0,0,0,0,0,0,0,0,0,0,0,0,0,0,0,0,0,0,0,0,0,0,0,0,0,0,0,0,0,0,0,0,0,0,0,0,0,0,0,0,0,0,0,0,0,0,0,0,0,0,0,0,0,0,0,0,0,0,0,0,0,0,0,0,0,0,0,0,0,-273,940,906,-296,-344,-325,-232,-97,60,213,340,432,477,488,456,384,286,162,21,-126,-275,-411,-526,-611,-654,-654,-615,-525,-388,-221,-29,176,369,542,687,794,851,854,794,686,542,354,135,-81,-295,-499,-668,-805,-905,-938,-931,-881,-772,-626,-440,-227,-6,210,434,635,800,932,1015,1041,1018,931,800,622,402,166,-77,-328,-565,-771,-930,-1029,-1094,-1098,-1030,-922,-764,-573,-340,-94,155,401,604,785,932,1020,1056,1039,968,852,698,515,306,79,-149,-356,-546,-712,-823,-896,-931,-919,-868,-789,-661,-498,-328,-147,36,218,377,531,661,759,824,847,841,795,717,613,476,310,135,-45,-1687,-404,-568,-696,-793,-855,-884,-868,-807,-710,-580,-425,-255,-69,116,306,474,618,734,822,865,876,860,805,708,585,430,252,70,-126,-328,-518,-693,-833,-949,-1028,-1057,-1032,-951,-825,-658,-447,-197,66,331,582,810,1002,1152,1237,1255,1203,1087,920,690,422,126,-185,-479,-752,-989,-1161,-1279,-1332,-1310,-1207,-1033,-810,-544,-245,61,369,658,904,1099,1235,1303,1287,1209,1063,851,593,299,-11,-318,-605,-850,-1049,-1189,-1247,-1231,-1135,-970,-750,-481,-188,111,401,663,869,1016,1093,1102,1044,909,729,500,243,-18,-281,-522,-722,-875,-968,-1002,-961,-845,-651,-393,-78,260,582,848,994,976,817,636,792,0,0,0,0,0,0,0,0,0,0,0,0,0,0,0,0,0,0,0,0,0,0,0,0,0,0,0,0,0,0,0,0,0,0,0,0,0,0,0,0,0,0,0,0,0,0,0,0,0,0,0,0,0,0,0,0,0,0,0,0,0,0,0,0,0,0,0,0,0,0,0,0,0,0,0,0,0,0,0,0,0,0,0,0,0,0,0,0,0,0,0,0,0,0,0,0,0,0,0,0,0,0,0,0,0,0,0,0,0,0,0,0,0,0,0,0,0,0,0,0,0,0,0,0,0,0,0,0,0,0,0,0,0,0,0,0,0,0,0,0,0,0,0,0,0,0,0,0,0,0,0,0,0,0,0,0,0,0,0,0,0,0,0,0,0,0,0,0,0,0,0,0,0,0,0,0,0,0,0,0,0,0,0,0,0,0,0,0,0,0,0,0,0,0,0,0,0,0,0,0,0,0,0,0,0,0,0,0,0,0,0,0,0,0,0,0,0,0,0,0,0,0,0,0,0,0,0,0,0,0,0,0,0,0,0,0,0,0,0,0,0,0,0,0,0,0,0,0,0,0,0,0,0,0,0,0,-1322,20,-233,-77,50,208,342,420,443,407,320,198,63,-73,-214,-338,-440,-516,-553,-558,-518,-437,-322,-175,-12,157,326,488,622,717,771,768,707,600,451,272,70,-148,-359,-551,-706,-832,-901,-911,-876,-779,-639,-470,-266,-44,165,376,571,739,874,959,983,971,907,789,628,435,208,-29,-269,-500,-702,-879,-1002,-1065,-1081,-1042,-946,-793,-596,-377,-132,129,377,591,780,932,1039,1079,1074,1004,883,738,540,310,75,-163,-388,-588,-752,-882,-968,-1004,-987,-919,-819,-666,-486,-296,-94,113,299,472,631,744,821,865,874,834,769,674,542,395,220,50,-127,-303,-457,-594,-713,-798,-850,-867,-175,-774,-664,-527,-368,-193,-10,181,364,526,670,773,846,878,874,831,744,624,484,320,144,-30,-207,-385,-543,-687,-808,-889,-933,-944,-911,-832,-710,-553,-369,-159,64,298,524,726,906,1047,1136,1165,1132,1044,897,702,459,184,-109,-396,-661,-903,-1101,-1237,-1313,-1306,-1231,-1096,-885,-631,-346,-39,275,580,843,1054,1211,1301,1321,1270,1147,951,709,429,124,-177,-470,-742,-971,-1139,-1243,-1279,-1236,-1121,-935,-700,-419,-113,199,493,749,961,1105,1181,1175,1103,955,748,503,230,-48,-327,-573,-775,-925,-1008,-1025,-978,-865,-695,-483,-240,26,301,565,794,960,1045,1020,877,615,262,-132,-423,698,509
29044,mtk,MTK 7916,2778156343,rx0-tx1,512,0,0,0,0,0,0,0,0,0,0,0,0,0,0,0,0,0,0,0,0,0,0,0,0,0,0,0,0,0,0,0,0,0,0,0,0,0,0,0,0,0,0,0,0,0,0,0,0,0,0,0,0,0,0,0,0,0,0,0,0,0,0,0,0,0,0,0,0,0,0,0,0,0,0,0,0,0,0,0,0,0,0,0,0,0,0,0,0,0,0,0,0,0,0,0,0,0,0,0,0,0,0,0,0,0,0,0,0,0,0,0,0,0,0,0,0,0,0,0,0,0,0,0,0,0,0,0,0,0,0,0,0,0,0,0,0,0,0,0,0,0,0,0,0,0,0,0,0,0,0,0,0,0,0,0,0,0,0,0,0,0,0,0,0,0,0,0,0,0,0,0,0,0,0,0,0,0,0,0,0,0,0,0,0,0,0,0,0,0,0,0,0,0,0,0,0,0,0,0,0,0,0,0,0,0,0,0,0,0,0,0,0,0,0,0,0,0,0,0,0,0,0,0,0,0,0,0,0,0,0,0,0,0,0,0,0,0,0,0,0,0,0,0,0,0,0,0,0,0,0,0,0,0,0,0,0,-730,-175,-224,213,167,59,-73,-201,-310,-374,-394,-376,-319,-237,-125,-8,113,241,350,440,506,537,529,484,404,292,147,-18,-187,-355,-511,-635,-723,-756,-754,-703,-602,-454,-268,-69,144,358,557,725,854,936,959,939,862,720,544,333,92,-160,-409,-634,-822,-971,-1075,-1121,-1109,-1029,-899,-721,-490,-237,26,301,561,794,991,1145,1243,1273,1233,1123,961,746,493,220,-89,-385,-677,-936,-1156,-1302,-1388,-1412,-1356,-1227,-1029,-768,-473,-145,196,528,827,1087,1302,1436,1496,1481,1378,1205,980,696,374,36,-303,-625,-915,-1154,-1330,-1435,-1471,-1435,-1319,-1139,-899,-623,-307,9,326,622,886,1103,1260,1362,-546,1356,1244,1082,872,627,350,46,-245,-529,-799,-1011,-1183,-1300,-1358,-1351,-1275,-1143,-957,-722,-444,-152,149,452,736,990,1194,1338,1414,1421,1356,1228,1024,781,490,174,-148,-465,-749,-999,-1204,-1350,-1426,-1423,-1346,-1203,-1003,-753,-466,-158,163,463,740,987,1177,1307,1367,1365,1301,1165,969,727,444,144,-164,-472,-754,-997,-1189,-1323,-1387,-1372,-1283,-1121,-898,-625,-317,18,345,661,943,1158,1318,1394,1379,1287,1116,871,574,238,-107,-439,-744,-997,-1175,-1275,-1283,-1205,-1050,-826,-555,-251,58,353,611,819,964,1034,1029,960,826,645,426,178,-80,-332,-562,-752,-877,-931,-893,-753,-514,-203,125,365,42,-35,0,0,0,0,0,0,0,0,0,0,0,0,0,0,0,0,0,0,0,0,0,0,0,0,0,0,0,0,0,0,0,0,0,0,0,0,0,0,0,0,0,0,0,0,0,0,0,0,0,0,0,0,0,0,0,0,0,0,0,0,0,0,0,0,0,0,0,0,0,0,0,0,0,0,0,0,0,0,0,0,0,0,0,0,0,0,0,0,0,0,0,0,0,0,0,0,0,0,0,0,0,0,0,0,0,0,0,0,0,0,0,0,0,0,0,0,0,0,0,0,0,0,0,0,0,0,0,0,0,0,0,0,0,0,0,0,0,0,0,0,0,0,0,0,0,0,0,0,0,0,0,0,0,0,0,0,0,0,0,0,0,0,0,0,0,0,0,0,0,0,0,0,0,0,0,0,0,0,0,0,0,0,0,0,0,0,0,0,0,0,0,0,0,0,0,0,0,0,0,0,0,0,0,0,0,0,0,0,0,0,0,0,0,0,0,0,0,0,0,0,0,0,0,0,0,0,0,0,0,0,0,0,0,0,0,0,0,0,0,0,0,0,0,0,0,0,0,0,0,0,0,0,0,0,0,0,-128,-236,-190,-124,-234,-315,-335,-302,-219,-102,24,151,265,359,421,449,447,413,342,244,124,-15,-159,-299,-428,-537,-613,-650,-641,-591,-497,-362,-193,-7,183,376,550,697,794,848,862,820,721,575,391,178,-51,-280,-506,-701,-857,-975,-1045,-1047,-989,-874,-711,-516,-278,-25,238,490,710,909,1060,1151,1186,1163,1068,920,727,493,223,-59,-352,-624,-869,-1078,-1218,-1318,-1346,-1301,-1191,-1012,-770,-481,-183,133,450,753,1020,1233,1375,1457,1461,1383,1227,1015,742,420,91,-254,-586,-880,-1133,-1328,-1453,-1498,-1462,-1355,-1174,-932,-649,-331,-10,325,640,913,1140,1309,1409,1432,1392,1278,1112,881,613,318,1197,-294,-591,-847,-1061,-1221,-1329,-1366,-1335,-1258,-1110,-909,-673,-396,-113,194,485,754,989,1175,1304,1374,1387,1332,1202,1009,766,480,176,-148,-460,-755,-1005,-1202,-1356,-1434,-1440,-1364,-1220,-1022,-774,-486,-167,160,472,754,1000,1195,1335,1403,1396,1316,1180,986,741,458,152,-153,-458,-732,-968,-1158,-1294,-1359,-1361,-1298,-1165,-963,-709,-414,-99,221,535,821,1065,1246,1366,1401,1356,1240,1041,784,481,138,-204,-525,-824,-1075,-1255,-1350,-1356,-1278,-1117,-882,-592,-271,65,388,678,918,1086,1168,1168,1089,943,737,487,212,-60,-322,-553,-734,-866,-933,-939,-874,-745,-551,-310,-33,261,536,750,855,821,689,-287,-286
29045,mtk,MTK 7916,2778156343,rx1-tx0,512,0,0,0,0,0,0,0,0,0,0,0,0,0,0,0,0,0,0,0,0,0,0,0,0,0,0,0,0,0,0,0,0,0,0,0,0,0,0,0,0,0,0,0,0,0,0,0,0,0,0,0,0,0,0,0,0,0,0,0,0,0,0,0,0,0,0,0,0,0,0,0,0,0,0,0,0,0,0,0,0,0,0,0,0,0,0,0,0,0,0,0,0,0,0,0,0,0,0,0,0,0,0,0,0,0,0,0,0,0,0,0,0,0,0,0,0,0,0,0,0,0,0,0,0,0,0,0,0,0,0,0,0,0,0,0,0,0,0,0,0,0,0,0,0,0,0,0,0,0,0,0,0,0,0,0,0,0,0,0,0,0,0,0,0,0,0,0,0,0,0,0,0,0,0,0,0,0,0,0,0,0,0,0,0,0,0,0,0,0,0,0,0,0,0,0,0,0,0,0,0,0,0,0,0,0,0,0,0,0,0,0,0,0,0,0,0,0,0,0,0,0,0,0,0,0,0,0,0,0,0,0,0,0,0,0,0,0,0,0,0,0,0,0,0,0,0,0,0,0,0,0,0,0,0,0,0,146,489,224,48,107,165,186,174,133,73,3,-67,-127,-180,-212,-221,-217,-190,-141,-85,-27,37,99,150,190,221,234,224,204,172,114,58,2,-57,-109,-150,-184,-200,-211,-204,-184,-160,-115,-74,-35,6,38,61,90,120,121,126,139,134,138,130,115,101,85,71,53,26,3,-25,-51,-83,-112,-141,-166,-186,-203,-215,-206,-196,-175,-136,-84,-26,33,105,184,253,304,358,395,398,379,337,263,175,76,-42,-156,-270,-379,-463,-513,-536,-517,-475,-408,-295,-166,-40,91,234,351,456,530,561,573,546,486,401,299,167,22,-110,-241,-357,-443,-514,-555,-565,-546,-491,-412,-321,-144,-52,89,221,337,432,503,542,556,546,492,412,309,184,58,-69,-201,-311,-397,-461,-498,-502,-486,-444,-372,-276,-178,-60,48,148,243,317,374,411,423,414,382,317,256,184,92,6,-76,-156,-226,-272,-310,-332,-335,-319,-299,-248,-187,-125,-56,7,72,130,179,216,247,264,257,243,223,193,142,98,44,-7,-50,-92,-138,-169,-198,-218,-229,-225,-215,-202,-158,-109,-61,-2,57,115,166,206,234,253,259,241,204,151,97,30,-45,-107,-167,-218,-245,-261,-258,-228,-181,-126,-59,9,78,142,189,221,235,228,198,158,95,29,-38,-105,-166,-198,-198,-183,-134,-77,1038,914,0,0,0,0,0,0,0,0,0,0,0,0,0,0,0,0,0,0,0,0,0,0,0,0,0,0,0,0,0,0,0,0,0,0,0,0,0,0,0,0,0,0,0,0,0,0,0,0,0,0,0,0,0,0,0,0,0,0,0,0,0,0,0,0,0,0,0,0,0,0,0,0,0,0,0,0,0,0,0,0,0,0,0,0,0,0,0,0,0,0,0,0,0,0,0,0,0,0,0,0,0,0,0,0,0,0,0,0,0,0,0,0,0,0,0,0,0,0,0,0,0,0,0,0,0,0,0,0,0,0,0,0,0,0,0,0,0,0,0,0,0,0,0,0,0,0,0,0,0,0,0,0,0,0,0,0,0,0,0,0,0,0,0,0,0,0,0,0,0,0,0,0,0,0,0,0,0,0,0,0,0,0,0,0,0,0,0,0,0,0,0,0,0,0,0,0,0,0,0,0,0,0,0,0,0,0,0,0,0,0,0,0,0,0,0,0,0,0,0,0,0,0,0,0,0,0,0,0,0,0,0,0,0,0,0,0,0,0,0,0,0,0,0,0,0,0,0,0,0,0,0,0,0,0,0,0,206,-958,-1051,136,121,70,-8,-85,-150,-191,-206,-196,-171,-130,-64,-1,65,128,175,206,225,225,206,171,125,71,7,-57,-108,-164,-200,-218,-223,-215,-190,-157,-112,-63,-10,41,81,123,153,159,167,164,150,137,127,94,65,49,18,-6,-27,-50,-65,-82,-100,-116,-129,-137,-141,-140,-145,-142,-133,-111,-76,-39,-1,44,84,125,175,219,256,282,303,310,286,236,177,113,20,-83,-180,-271,-356,-414,-464,-480,-458,-416,-340,-239,-120,6,143,263,381,483,539,561,562,519,445,353,225,90,-43,-181,-308,-408,-497,-558,-574,-561,-518,-444,-348,-238,-109,26,160,287,389,476,147,570,562,525,459,371,259,131,-4,-142,-276,-379,-460,-520,-540,-545,-505,-431,-343,-239,-119,7,123,231,324,394,444,471,462,436,389,316,230,133,35,-60,-161,-240,-299,-348,-372,-376,-363,-336,-286,-221,-151,-76,4,68,143,214,260,292,299,296,279,250,210,162,113,43,-11,-62,-105,-154,-192,-212,-235,-233,-225,-214,-185,-150,-107,-60,-10,40,84,140,187,210,230,242,242,226,193,148,92,30,-41,-111,-173,-214,-243,-267,-264,-241,-206,-150,-90,-21,58,133,184,223,244,245,230,195,147,90,23,-49,-110,-165,-202,-214,-215,-199,-152,-76,-2,64,123,145,-331,-589
29046,mtk,MTK 7916,2778156343,rx1-tx1,512,0,0,0,0,0,0,0,0,0,0,0,0,0,0,0,0,0,0,0,0,0,0,0,0,0,0,0,0,0,0,0,0,0,0,0,0,0,0,0,0,0,0,0,0,0,0,0,0,0,0,0,0,0,0,0,0,0,0,0,0,0,0,0,0,0,0,0,0,0,0,0,0,0,0,0,0,0,0,0,0,0,0,0,0,0,0,0,0,0,0,0,0,0,0,0,0,0,0,0,0,0,0,0,0,0,0,0,0,0,0,0,0,0,0,0,0,0,0,0,0,0,0,0,0,0,0,0,0,0,0,0,0,0,0,0,0,0,0,0,0,0,0,0,0,0,0,0,0,0,0,0,0,0,0,0,0,0,0,0,0,0,0,0,0,0,0,0,0,0,0,0,0,0,0,0,0,0,0,0,0,0,0,0,0,0,0,0,0,0,0,0,0,0,0,0,0,0,0,0,0,0,0,0,0,0,0,0,0,0,0,0,0,0,0,0,0,0,0,0,0,0,0,0,0,0,0,0,0,0,0,0,0,0,0,0,0,0,0,0,0,0,0,0,0,0,0,0,0,0,0,0,0,0,0,0,0,-411,-909,-1023,-15,-47,-75,-96,-108,-102,-77,-40,8,59,100,120,114,83,33,-31,-87,-122,-133,-113,-64,1,66,117,141,133,91,23,-48,-102,-129,-131,-104,-42,23,79,111,114,88,44,-9,-58,-90,-93,-73,-37,6,41,55,54,33,2,-28,-42,-36,-15,7,31,43,44,23,-13,-50,-69,-70,-54,-20,32,78,96,95,63,6,-50,-91,-113,-106,-72,-10,51,96,123,111,67,9,-49,-101,-125,-113,-67,-10,43,85,109,100,59,4,-47,-81,-94,-74,-40,-1,41,73,78,64,34,0,-33,-53,-56,-45,-23,4,21,24,26,30,25,15,12,15,10,-1,0,-29,-52,-69,-66,-48,-11,40,95,127,132,100,40,-40,-127,-189,-207,-173,-88,28,145,234,266,223,131,2,-144,-264,-320,-295,-187,-30,138,281,356,340,232,56,-132,-284,-373,-366,-260,-85,109,284,382,378,279,107,-94,-272,-383,-393,-293,-114,85,265,369,373,280,113,-86,-255,-357,-370,-277,-106,94,267,372,369,274,109,-85,-261,-371,-380,-296,-142,56,243,359,381,311,163,-20,-197,-326,-373,-327,-205,-32,144,279,341,317,217,70,-82,-209,-284,-284,-212,-93,39,155,227,245,201,106,-11,-123,-202,-230,-209,-140,-35,80,177,235,251,216,150,69,-21,-258,-511,0,0,0,0,0,0,0,0,0,0,0,0,0,0,0,0,0,0,0,0,0,0,0,0,0,0,0,0,0,0,0,0,0,0,0,0,0,0,0,0,0,0,0,0,0,0,0,0,0,0,0,0,0,0,0,0,0,0,0,0,0,0,0,0,0,0,0,0,0,0,0,0,0,0,0,0,0,0,0,0,0,0,0,0,0,0,0,0,0,0,0,0,0,0,0,0,0,0,0,0,0,0,0,0,0,0,0,0,0,0,0,0,0,0,0,0,0,0,0,0,0,0,0,0,0,0,0,0,0,0,0,0,0,0,0,0,0,0,0,0,0,0,0,0,0,0,0,0,0,0,0,0,0,0,0,0,0,0,0,0,0,0,0,0,0,0,0,0,0,0,0,0,0,0,0,0,0,0,0,0,0,0,0,0,0,0,0,0,0,0,0,0,0,0,0,0,0,0,0,0,0,0,0,0,0,0,0,0,0,0,0,0,0,0,0,0,0,0,0,0,0,0,0,0,0,0,0,0,0,0,0,0,0,0,0,0,0,0,0,0,0,0,0,0,0,0,0,0,0,0,0,0,0,0,0,0,-92,-516,-265,71,72,60,37,-2,-44,-80,-104,-117,-103,-65,-15,43,94,123,124,96,44,-16,-76,-119,-136,-119,-73,-11,57,110,137,133,94,34,-35,-93,-124,-128,-103,-50,13,67,101,103,80,36,-11,-47,-73,-79,-60,-22,18,45,50,37,11,-14,-36,-47,-33,-6,26,51,63,52,20,-25,-63,-82,-80,-51,-8,38,80,104,97,69,15,-48,-100,-125,-113,-72,-12,52,101,118,105,67,14,-46,-98,-118,-102,-62,-6,50,92,106,91,49,2,-40,-76,-91,-76,-42,-1,40,65,66,47,23,-3,-20,-35,-40,-33,-17,-9,-1,8,16,16,21,24,27,0,37,25,-4,-39,-75,-101,-100,-69,-22,43,111,158,169,137,60,-35,-132,-212,-241,-210,-112,19,146,245,289,265,170,19,-143,-281,-348,-320,-211,-49,130,288,374,360,250,73,-126,-288,-381,-382,-284,-106,97,273,381,388,287,113,-90,-265,-371,-375,-282,-112,90,268,371,375,271,98,-92,-260,-364,-375,-280,-105,92,261,368,383,292,121,-78,-254,-366,-389,-313,-155,38,215,345,386,325,189,5,-172,-301,-353,-321,-209,-51,109,243,315,300,215,89,-59,-188,-262,-270,-207,-98,26,137,213,239,204,116,5,-108,-196,-238,-231,-173,-82,18,114,190,223,217,-984,-885
29047,mtk,MTK 7916,2778156343,rx2-tx0,512,0,0,0,0,0,0,0,0,0,0,0,0,0,0,0,0,0,0,0,0,0,0,0,0,0,0,0,0,0,0,0,0,0,0,0,0,0,0,0,0,0,0,0,0,0,0,0,0,0,0,0,0,0,0,0,0,0,0,0,0,0,0,0,0,0,0,0,0,0,0,0,0,0,0,0,0,0,0,0,0,0,0,0,0,0,0,0,0,0,0,0,0,0,0,0,0,0,0,0,0,0,0,0,0,0,0,0,0,0,0,0,0,0,0,0,0,0,0,0,0,0,0,0,0,0,0,0,0,0,0,0,0,0,0,0,0,0,0,0,0,0,0,0,0,0,0,0,0,0,0,0,0,0,0,0,0,0,0,0,0,0,0,0,0,0,0,0,0,0,0,0,0,0,0,0,0,0,0,0,0,0,0,0,0,0,0,0,0,0,0,0,0,0,0,0,0,0,0,0,0,0,0,0,0,0,0,0,0,0,0,0,0,0,0,0,0,0,0,0,0,0,0,0,0,0,0,0,0,0,0,0,0,0,0,0,0,0,0,0,0,0,0,0,0,0,0,0,0,0,0,0,0,0,0,0,0,-136,-657,-364,-62,-74,-75,-67,-44,-13,20,50,76,86,79,57,22,-18,-50,-72,-83,-77,-55,-20,18,50,70,81,75,53,22,-15,-51,-78,-91,-88,-68,-36,8,54,95,119,119,92,42,-24,-86,-135,-162,-149,-93,-17,68,148,198,199,149,54,-67,-174,-239,-247,-189,-78,62,187,266,275,206,77,-75,-215,-305,-313,-231,-82,102,266,352,343,243,63,-141,-308,-397,-383,-254,-47,179,360,448,410,248,14,-224,-408,-488,-431,-253,0,260,455,521,438,240,-27,-292,-480,-534,-438,-217,67,328,498,527,411,174,-111,-364,-515,-523,-383,-127,162,406,531,507,342,78,0,-453,-555,-501,-299,-7,284,495,569,487,263,-44,-331,-530,-588,-475,-221,90,382,570,601,462,196,-125,-418,-594,-610,-463,-184,147,442,616,619,457,177,-152,-444,-612,-614,-457,-181,145,421,584,595,450,190,-106,-372,-539,-557,-430,-201,70,313,464,489,391,199,-44,-263,-402,-430,-344,-178,21,205,330,363,294,150,-20,-173,-278,-307,-251,-132,10,142,231,255,211,110,-13,-121,-199,-223,-183,-97,10,111,184,209,179,101,-2,-102,-172,-199,-178,-114,-26,69,147,189,188,143,63,-25,-107,-166,-185,-166,-116,-39,45,118,169,187,166,119,56,-13,-76,-116,-139,-1175,-1085,0,0,0,0,0,0,0,0,0,0,0,0,0,0,0,0,0,0,0,0,0,0,0,0,0,0,0,0,0,0,0,0,0,0,0,0,0,0,0,0,0,0,0,0,0,0,0,0,0,0,0,0,0,0,0,0,0,0,0,0,0,0,0,0,0,0,0,0,0,0,0,0,0,0,0,0,0,0,0,0,0,0,0,0,0,0,0,0,0,0,0,0,0,0,0,0,0,0,0,0,0,0,0,0,0,0,0,0,0,0,0,0,0,0,0,0,0,0,0,0,0,0,0,0,0,0,0,0,0,0,0,0,0,0,0,0,0,0,0,0,0,0,0,0,0,0,0,0,0,0,0,0,0,0,0,0,0,0,0,0,0,0,0,0,0,0,0,0,0,0,0,0,0,0,0,0,0,0,0,0,0,0,0,0,0,0,0,0,0,0,0,0,0,0,0,0,0,0,0,0,0,0,0,0,0,0,0,0,0,0,0,0,0,0,0,0,0,0,0,0,0,0,0,0,0,0,0,0,0,0,0,0,0,0,0,0,0,0,0,0,0,0,0,0,0,0,0,0,0,0,0,0,0,0,0,0,1335,973,1106,30,3,-26,-53,-74,-86,-85,-69,-40,-7,29,62,81,82,65,36,3,-34,-65,-81,-81,-67,-41,-5,34,63,82,87,77,52,13,-30,-67,-92,-103,-94,-65,-16,41,92,130,142,121,71,-1,-78,-146,-182,-174,-122,-33,68,162,214,218,168,68,-58,-176,-255,-263,-197,-80,66,202,285,292,222,87,-80,-235,-331,-334,-236,-69,120,285,374,362,247,54,-159,-337,-423,-392,-251,-38,197,384,466,415,247,4,-241,-429,-501,-436,-246,14,279,466,529,440,230,-44,-311,-495,-535,-423,-193,87,344,504,526,398,155,-134,-383,-524,-511,-355,-96,195,431,548,0,325,47,-246,-472,-566,-499,-281,15,307,513,577,476,240,-66,-359,-551,-590,-467,-213,106,398,580,600,457,190,-136,-428,-604,-617,-461,-178,157,441,604,616,465,174,-160,-438,-600,-609,-457,-187,125,399,563,574,439,198,-88,-348,-512,-535,-418,-198,57,287,429,454,368,194,-29,-231,-363,-396,-321,-165,20,188,301,328,267,138,-16,-157,-253,-277,-227,-122,10,135,214,229,187,96,-16,-121,-193,-210,-171,-93,10,111,180,205,179,107,12,-84,-163,-203,-190,-130,-45,47,127,178,186,152,86,2,-85,-151,-180,-174,-135,-71,3,76,137,175,180,158,117,61,186,490
29048,mtk,MTK 7916,2778156343,rx2-tx1,512,0,0,0,0,0,0,0,0,0,0,0,0,0,0,0,0,0,0,0,0,0,0,0,0,0,0,0,0,0,0,0,0,0,0,0,0,0,0,0,0,0,0,0,0,0,0,0,0,0,0,0,0,0,0,0,0,0,0,0,0,0,0,0,0,0,0,0,0,0,0,0,0,0,0,0,0,0,0,0,0,0,0,0,0,0,0,0,0,0,0,0,0,0,0,0,0,0,0,0,0,0,0,0,0,0,0,0,0,0,0,0,0,0,0,0,0,0,0,0,0,0,0,0,0,0,0,0,0,0,0,0,0,0,0,0,0,0,0,0,0,0,0,0,0,0,0,0,0,0,0,0,0,0,0,0,0,0,0,0,0,0,0,0,0,0,0,0,0,0,0,0,0,0,0,0,0,0,0,0,0,0,0,0,0,0,0,0,0,0,0,0,0,0,0,0,0,0,0,0,0,0,0,0,0,0,0,0,0,0,0,0,0,0,0,0,0,0,0,0,0,0,0,0,0,0,0,0,0,0,0,0,0,0,0,0,0,0,0,0,0,0,0,0,0,0,0,0,0,0,0,0,0,0,0,0,0,236,207,448,-30,-51,-66,-74,-70,-49,-23,10,48,75,80,72,46,11,-31,-61,-80,-84,-61,-18,27,64,82,81,57,13,-31,-70,-94,-92,-64,-14,39,80,96,79,43,-6,-64,-99,-101,-70,-11,52,100,125,110,53,-22,-97,-160,-178,-128,-40,60,159,218,215,151,39,-98,-222,-285,-260,-171,-34,137,286,346,310,193,19,-179,-341,-411,-359,-209,3,226,391,450,397,226,-17,-258,-433,-496,-423,-234,27,290,468,513,420,223,-48,-312,-493,-540,-435,-209,68,319,490,526,407,178,-93,-335,-484,-493,-365,-138,126,346,462,447,313,87,-157,-347,-431,-391,-243,-21,0,362,401,325,157,-60,-257,-380,-390,-283,-87,130,306,398,378,242,35,-183,-351,-409,-350,-185,35,243,378,414,330,152,-72,-266,-390,-405,-305,-116,97,280,382,381,271,89,-114,-279,-360,-337,-227,-55,129,269,328,294,181,27,-129,-239,-280,-241,-138,3,130,212,228,177,79,-32,-130,-179,-170,-112,-30,58,131,158,135,72,-12,-97,-142,-139,-101,-28,54,114,142,132,80,6,-68,-119,-135,-117,-69,5,72,113,116,89,48,-2,-53,-94,-105,-82,-35,19,61,77,77,58,23,-25,-60,-68,-63,-42,-4,37,60,70,63,42,5,-37,-69,-84,-83,-62,-532,-302,0,0,0,0,0,0,0,0,0,0,0,0,0,0,0,0,0,0,0,0,0,0,0,0,0,0,0,0,0,0,0,0,0,0,0,0,0,0,0,0,0,0,0,0,0,0,0,0,0,0,0,0,0,0,0,0,0,0,0,0,0,0,0,0,0,0,0,0,0,0,0,0,0,0,0,0,0,0,0,0,0,0,0,0,0,0,0,0,0,0,0,0,0,0,0,0,0,0,0,0,0,0,0,0,0,0,0,0,0,0,0,0,0,0,0,0,0,0,0,0,0,0,0,0,0,0,0,0,0,0,0,0,0,0,0,0,0,0,0,0,0,0,0,0,0,0,0,0,0,0,0,0,0,0,0,0,0,0,0,0,0,0,0,0,0,0,0,0,0,0,0,0,0,0,0,0,0,0,0,0,0,0,0,0,0,0,0,0,0,0,0,0,0,0,0,0,0,0,0,0,0,0,0,0,0,0,0,0,0,0,0,0,0,0,0,0,0,0,0,0,0,0,0,0,0,0,0,0,0,0,0,0,0,0,0,0,0,0,0,0,0,0,0,0,0,0,0,0,0,0,0,0,0,0,0,0,-351,932,844,39,33,15,-9,-36,-62,-80,-83,-64,-40,-5,29,63,81,79,56,21,-20,-57,-82,-86,-63,-23,30,72,84,76,51,9,-37,-78,-88,-75,-43,7,59,87,96,75,26,-34,-86,-116,-101,-55,9,76,126,147,124,54,-41,-131,-182,-186,-139,-43,83,202,262,245,164,32,-124,-251,-318,-292,-185,-16,166,310,377,350,214,9,-199,-358,-429,-382,-224,8,244,419,476,408,226,-23,-266,-445,-510,-431,-230,39,290,475,531,441,220,-59,-324,-494,-526,-418,-197,79,326,487,509,388,166,-101,-343,-478,-473,-338,-115,137,343,451,426,275,51,-181,-363,-437,0,-203,18,226,367,404,314,128,-94,-282,-393,-381,-254,-52,164,329,404,360,208,-1,-209,-370,-417,-333,-159,56,261,392,414,322,142,-81,-279,-395,-396,-290,-105,108,287,376,362,253,70,-125,-278,-348,-318,-204,-44,129,256,302,267,160,14,-125,-222,-252,-209,-107,20,129,190,191,146,54,-53,-130,-162,-150,-89,-4,78,134,148,111,40,-39,-105,-139,-130,-85,-17,58,113,133,122,72,-3,-70,-115,-124,-104,-55,9,69,108,116,85,35,-17,-64,-90,-87,-67,-23,19,52,70,73,52,16,-24,-57,-71,-62,-35,3,41,63,80,77,45,6,-28,-62,797,910
29049,mtk,MTK 7916,2778207341,rx0-tx0,512,0,0,0,0,0,0,0,0,0,0,0,0,0,0,0,0,0,0,0,0,0,0,0,0,0,0,0,0,0,0,0,0,0,0,0,0,0,0,0,0,0,0,0,0,0,0,0,0,0,0,0,0,0,0,0,0,0,0,0,0,0,0,0,0,0,0,0,0,0,0,0,0,0,0,0,0,0,0,0,0,0,0,0,0,0,0,0,0,0,0,0,0,0,0,0,0,0,0,0,0,0,0,0,0,0,0,0,0,0,0,0,0,0,0,0,0,0,0,0,0,0,0,0,0,0,0,0,0,0,0,0,0,0,0,0,0,0,0,0,0,0,0,0,0,0,0,0,0,0,0,0,0,0,0,0,0,0,0,0,0,0,0,0,0,0,0,0,0,0,0,0,0,0,0,0,0,0,0,0,0,0,0,0,0,0,0,0,0,0,0,0,0,0,0,0,0,0,0,0,0,0,0,0,0,0,0,0,0,0,0,0,0,0,0,0,0,0,0,0,0,0,0,0,0,0,0,0,0,0,0,0,0,0,0,0,0,0,0,0,0,0,0,0,0,0,0,0,0,0,0,0,0,0,0,0,0,-273,940,906,-67,60,201,303,339,304,207,74,-70,-202,-310,-376,-398,-372,-294,-179,-37,115,261,379,462,502,473,391,261,96,-90,-276,-435,-553,-610,-601,-522,-391,-205,2,209,402,550,642,672,634,540,384,199,-9,-233,-418,-573,-680,-721,-700,-614,-471,-284,-61,173,399,595,728,802,806,729,588,389,143,-119,-377,-614,-794,-893,-913,-850,-701,-482,-223,63,354,606,812,932,968,907,753,544,268,-27,-313,-578,-779,-911,-957,-905,-773,-577,-325,-45,217,466,666,801,869,851,768,612,410,183,-63,-290,-501,-655,-753,-800,-775,-688,-539,-353,-138,91,311,498,660,764,798,776,-1687,533,329,109,-131,-360,-555,-706,-804,-839,-806,-694,-526,-318,-83,166,405,624,784,889,922,876,766,577,335,51,-243,-527,-776,-970,-1082,-1107,-1027,-845,-577,-254,117,489,819,1089,1263,1321,1251,1048,735,349,-77,-506,-905,-1211,-1405,-1456,-1369,-1151,-807,-382,88,546,955,1272,1462,1499,1395,1148,798,362,-113,-567,-973,-1271,-1441,-1468,-1354,-1106,-746,-314,148,585,967,1248,1398,1411,1277,1015,652,218,-235,-665,-1016,-1260,-1372,-1326,-1141,-837,-440,5,438,807,1087,1237,1250,1121,872,526,120,-275,-632,-905,-1074,-1112,-1030,-833,-538,-191,192,554,850,1043,1095,985,708,307,-167,-606,-883,-944,636,792,0,0,0,0,0,0,0,0,0,0,0,0,0,0,0,0,0,0,0,0,0,0,0,0,0,0,0,0,0,0,0,0,0,0,0,0,0,0,0,0,0,0,0,0,0,0,0,0,0,0,0,0,0,0,0,0,0,0,0,0,0,0,0,0,0,0,0,0,0,0,0,0,0,0,0,0,0,0,0,0,0,0,0,0,0,0,0,0,0,0,0,0,0,0,0,0,0,0,0,0,0,0,0,0,0,0,0,0,0,0,0,0,0,0,0,0,0,0,0,0,0,0,0,0,0,0,0,0,0,0,0,0,0,0,0,0,0,0,0,0,0,0,0,0,0,0,0,0,0,0,0,0,0,0,0,0,0,0,0,0,0,0,0,0,0,0,0,0,0,0,0,0,0,0,0,0,0,0,0,0,0,0,0,0,0,0,0,0,0,0,0,0,0,0,0,0,0,0,0,0,0,0,0,0,0,0,0,0,0,0,0,0,0,0,0,0,0,0,0,0,0,0,0,0,0,0,0,0,0,0,0,0,0,0,0,0,0,0,0,0,0,0,0,0,0,0,0,0,0,0,0,0,0,0,0,0,-1322,20,-233,239,264,222,110,-31,-178,-293,-356,-363,-317,-227,-102,34,175,299,386,435,435,379,275,139,-27,-200,-350,-472,-544,-560,-511,-401,-240,-47,156,347,506,617,651,622,530,376,188,-21,-231,-416,-567,-656,-699,-667,-564,-424,-230,-19,202,407,578,701,768,757,678,530,330,102,-148,-391,-600,-765,-857,-864,-799,-657,-439,-182,97,366,612,799,910,950,883,741,521,248,-49,-352,-608,-812,-942,-971,-914,-771,-558,-300,-8,277,531,735,872,916,876,770,590,365,114,-149,-388,-593,-733,-816,-827,-774,-652,-467,-268,-45,185,398,580,709,782,788,726,614,451,235,7,-221,-175,-621,-741,-809,-813,-747,-614,-432,-216,22,267,491,669,795,860,852,780,638,443,207,-59,-319,-565,-775,-925,-999,-984,-888,-713,-459,-158,170,500,792,1026,1176,1226,1148,962,676,314,-89,-503,-874,-1162,-1343,-1397,-1325,-1117,-790,-376,78,525,936,1251,1447,1495,1395,1162,809,377,-94,-552,-963,-1274,-1458,-1492,-1378,-1132,-768,-337,125,575,967,1260,1424,1437,1314,1065,703,277,-174,-612,-982,-1255,-1396,-1387,-1231,-946,-567,-125,327,730,1057,1264,1329,1239,1019,689,284,-140,-538,-864,-1095,-1187,-1141,-969,-695,-349,27,390,709,938,1060,1065,926,667,318,-90,-503,-848,-1061,-1083,-870,-482,-74,698,509
29050,mtk,MTK 7916,2778207341,rx0-tx1,512,0,0,0,0,0,0,0,0,0,0,0,0,0,0,0,0,0,0,0,0,0,0,0,0,0,0,0,0,0,0,0,0,0,0,0,0,0,0,0,0,0,0,0,0,0,0,0,0,0,0,0,0,0,0,0,0,0,0,0,0,0,0,0,0,0,0,0,0,0,0,0,0,0,0,0,0,0,0,0,0,0,0,0,0,0,0,0,0,0,0,0,0,0,0,0,0,0,0,0,0,0,0,0,0,0,0,0,0,0,0,0,0,0,0,0,0,0,0,0,0,0,0,0,0,0,0,0,0,0,0,0,0,0,0,0,0,0,0,0,0,0,0,0,0,0,0,0,0,0,0,0,0,0,0,0,0,0,0,0,0,0,0,0,0,0,0,0,0,0,0,0,0,0,0,0,0,0,0,0,0,0,0,0,0,0,0,0,0,0,0,0,0,0,0,0,0,0,0,0,0,0,0,0,0,0,0,0,0,0,0,0,0,0,0,0,0,0,0,0,0,0,0,0,0,0,0,0,0,0,0,0,0,0,0,0,0,0,0,0,0,0,0,0,0,0,0,0,0,0,0,0,0,0,0,0,0,-730,-175,-224,-144,-251,-307,-279,-182,-35,117,256,352,397,387,317,207,66,-92,-239,-373,-467,-507,-489,-413,-281,-112,79,275,450,580,651,649,579,438,244,14,-226,-452,-638,-763,-813,-777,-656,-466,-219,61,345,591,803,933,964,910,754,524,231,-92,-408,-698,-924,-1060,-1099,-1026,-859,-605,-280,70,422,744,992,1150,1216,1165,989,715,380,-2,-393,-747,-1033,-1232,-1308,-1277,-1119,-848,-498,-89,321,721,1054,1283,1398,1374,1223,967,601,179,-258,-675,-1038,-1293,-1428,-1437,-1304,-1049,-706,-283,166,590,961,1240,1409,1448,1345,1116,796,395,-36,-463,-845,-1144,-1342,-1412,-1353,-1180,-902,-530,-129,289,-546,1013,1238,1365,1374,1259,1023,707,330,-74,-485,-852,-1138,-1327,-1400,-1351,-1182,-902,-549,-133,304,713,1066,1327,1457,1462,1331,1072,716,276,-177,-620,-1014,-1298,-1469,-1501,-1396,-1158,-813,-394,57,500,903,1209,1404,1467,1396,1203,893,509,78,-353,-750,-1085,-1311,-1415,-1389,-1227,-971,-621,-210,214,613,958,1219,1360,1374,1257,1022,690,292,-133,-550,-917,-1198,-1349,-1368,-1257,-1018,-680,-266,168,587,944,1200,1332,1324,1168,895,524,98,-330,-715,-1013,-1201,-1251,-1152,-929,-610,-232,166,533,823,1012,1074,1013,842,581,273,-60,-376,-637,-821,-910,-891,-762,-541,-251,85,415,693,869,884,713,404,71,42,-35,0,0,0,0,0,0,0,0,0,0,0,0,0,0,0,0,0,0,0,0,0,0,0,0,0,0,0,0,0,0,0,0,0,0,0,0,0,0,0,0,0,0,0,0,0,0,0,0,0,0,0,0,0,0,0,0,0,0,0,0,0,0,0,0,0,0,0,0,0,0,0,0,0,0,0,0,0,0,0,0,0,0,0,0,0,0,0,0,0,0,0,0,0,0,0,0,0,0,0,0,0,0,0,0,0,0,0,0,0,0,0,0,0,0,0,0,0,0,0,0,0,0,0,0,0,0,0,0,0,0,0,0,0,0,0,0,0,0,0,0,0,0,0,0,0,0,0,0,0,0,0,0,0,0,0,0,0,0,0,0,0,0,0,0,0,0,0,0,0,0,0,0,0,0,0,0,0,0,0,0,0,0,0,0,0,0,0,0,0,0,0,0,0,0,0,0,0,0,0,0,0,0,0,0,0,0,0,0,0,0,0,0,0,0,0,0,0,0,0,0,0,0,0,0,0,0,0,0,0,0,0,0,0,0,0,0,0,0,0,0,0,0,0,0,0,0,0,0,0,0,0,0,0,0,0,0,-128,-236,-190,-188,-114,25,178,298,359,350,281,162,20,-132,-269,-374,-434,-444,-397,-303,-161,7,183,344,477,559,582,538,428,264,59,-158,-372,-550,-677,-733,-712,-617,-448,-225,29,295,532,726,851,892,835,704,502,224,-75,-380,-654,-863,-1000,-1036,-968,-810,-561,-259,81,421,719,961,1104,1146,1084,916,650,327,-32,-408,-757,-1019,-1197,-1266,-1210,-1044,-778,-440,-48,350,733,1042,1259,1353,1330,1184,912,556,143,-293,-689,-1039,-1294,-1418,-1408,-1273,-1010,-645,-236,207,633,994,1268,1426,1444,1326,1085,745,337,-106,-539,-914,-1199,-1376,-1428,-1352,-1146,-847,-461,-41,381,758,1079,1292,1386,1375,1197,955,605,221,-192,-592,-935,-1191,-1344,-1382,-1307,-1104,-809,-440,-34,384,772,1093,1318,1434,1414,1264,1007,644,220,-231,-664,-1040,-1320,-1478,-1490,-1378,-1124,-764,-338,121,564,954,1251,1431,1483,1401,1181,851,450,9,-424,-825,-1149,-1354,-1442,-1390,-1218,-934,-560,-146,288,680,1011,1260,1384,1378,1247,1002,662,259,-165,-577,-932,-1199,-1351,-1369,-1263,-1034,-697,-290,141,559,918,1189,1340,1350,1226,972,618,204,-236,-648,-981,-1211,-1306,-1257,-1072,-775,-395,31,441,783,1028,1155,1150,1012,763,435,67,-285,-597,-820,-950,-970,-877,-692,-432,-127,194,487,721,870,903,806,583,255,-133,-485,-714,-769,-287,-286
29051,mtk,MTK 7916,2778207341,rx1-tx0,512,0,0,0,0,0,0,0,0,0,0,0,0,0,0,0,0,0,0,0,0,0,0,0,0,0,0,0,0,0,0,0,0,0,0,0,0,0,0,0,0,0,0,0,0,0,0,0,0,0,0,0,0,0,0,0,0,0,0,0,0,0,0,0,0,0,0,0,0,0,0,0,0,0,0,0,0,0,0,0,0,0,0,0,0,0,0,0,0,0,0,0,0,0,0,0,0,0,0,0,0,0,0,0,0,0,0,0,0,0,0,0,0,0,0,0,0,0,0,0,0,0,0,0,0,0,0,0,0,0,0,0,0,0,0,0,0,0,0,0,0,0,0,0,0,0,0,0,0,0,0,0,0,0,0,0,0,0,0,0,0,0,0,0,0,0,0,0,0,0,0,0,0,0,0,0,0,0,0,0,0,0,0,0,0,0,0,0,0,0,0,0,0,0,0,0,0,0,0,0,0,0,0,0,0,0,0,0,0,0,0,0,0,0,0,0,0,0,0,0,0,0,0,0,0,0,0,0,0,0,0,0,0,0,0,0,0,0,0,0,0,0,0,0,0,0,0,0,0,0,0,0,0,0,0,0,0,146,489,224,173,125,20,-111,-220,-281,-283,-225,-130,-15,108,216,291,329,318,257,164,49,-84,-205,-302,-361,-369,-332,-252,-128,9,132,248,334,377,370,318,231,123,-3,-122,-223,-290,-322,-318,-283,-220,-130,-41,53,138,190,220,236,216,188,153,108,49,-12,-51,-92,-129,-142,-150,-146,-133,-117,-105,-77,-47,-17,20,53,82,127,161,181,199,201,191,155,95,22,-65,-157,-245,-316,-356,-357,-325,-261,-147,-21,113,255,368,450,482,460,384,271,121,-42,-210,-353,-464,-527,-528,-478,-377,-229,-69,103,266,396,486,529,524,465,355,204,39,-132,-284,-416,-508,-535,-519,-144,-337,-182,-11,160,305,429,512,535,509,434,309,147,-23,-182,-330,-430,-488,-497,-456,-370,-246,-100,44,181,306,394,440,432,386,309,209,81,-49,-170,-270,-347,-371,-370,-341,-270,-176,-72,32,127,216,277,305,307,280,230,155,68,-20,-107,-172,-224,-248,-245,-232,-192,-128,-74,0,69,119,160,186,188,176,161,124,76,33,-10,-62,-106,-137,-154,-168,-167,-150,-123,-70,-11,31,83,132,177,202,200,179,135,70,1,-67,-136,-192,-222,-216,-192,-142,-81,-1,90,154,198,221,217,180,118,45,-44,-121,-172,-209,-211,-184,-127,-38,46,127,180,187,157,97,1038,914,0,0,0,0,0,0,0,0,0,0,0,0,0,0,0,0,0,0,0,0,0,0,0,0,0,0,0,0,0,0,0,0,0,0,0,0,0,0,0,0,0,0,0,0,0,0,0,0,0,0,0,0,0,0,0,0,0,0,0,0,0,0,0,0,0,0,0,0,0,0,0,0,0,0,0,0,0,0,0,0,0,0,0,0,0,0,0,0,0,0,0,0,0,0,0,0,0,0,0,0,0,0,0,0,0,0,0,0,0,0,0,0,0,0,0,0,0,0,0,0,0,0,0,0,0,0,0,0,0,0,0,0,0,0,0,0,0,0,0,0,0,0,0,0,0,0,0,0,0,0,0,0,0,0,0,0,0,0,0,0,0,0,0,0,0,0,0,0,0,0,0,0,0,0,0,0,0,0,0,0,0,0,0,0,0,0,0,0,0,0,0,0,0,0,0,0,0,0,0,0,0,0,0,0,0,0,0,0,0,0,0,0,0,0,0,0,0,0,0,0,0,0,0,0,0,0,0,0,0,0,0,0,0,0,0,0,0,0,0,0,0,0,0,0,0,0,0,0,0,0,0,0,0,0,0,0,206,-958,-1051,-84,-181,-247,-242,-172,-58,72,188,265,305,295,234,138,17,-110,-217,-293,-342,-345,-295,-205,-84,47,173,286,361,377,349,289,184,55,-79,-195,-283,-341,-359,-332,-269,-176,-71,37,130,216,263,279,274,235,173,110,29,-47,-94,-137,-168,-188,-181,-166,-151,-115,-74,-33,7,43,67,87,113,131,144,152,144,143,131,87,49,-1,-60,-122,-193,-246,-275,-283,-263,-213,-133,-26,87,202,306,388,418,423,371,272,144,-13,-172,-316,-430,-498,-514,-473,-386,-252,-87,86,244,384,480,529,529,472,362,217,52,-120,-277,-412,-499,-539,-523,-454,-353,-197,-30,134,147,424,509,540,515,443,331,172,0,-165,-318,-436,-510,-522,-487,-400,-268,-120,36,185,315,416,464,459,421,336,228,91,-52,-182,-287,-368,-409,-402,-359,-290,-188,-73,34,147,246,310,341,335,304,245,160,66,-28,-117,-192,-254,-280,-288,-259,-210,-144,-63,13,80,151,190,217,229,206,171,127,72,10,-37,-87,-134,-160,-167,-172,-164,-134,-97,-54,-10,40,86,134,174,185,179,165,130,82,21,-44,-109,-167,-206,-216,-206,-171,-110,-35,43,115,175,211,233,213,160,97,19,-59,-136,-188,-217,-220,-179,-124,-47,36,110,174,201,197,158,80,-2,-78,-122,-331,-589
29052,mtk,MTK 7916,2778207341,rx1-tx1,512,0,0,0,0,0,0,0,0,0,0,0,0,0,0,0,0,0,0,0,0,0,0,0,0,0,0,0,0,0,0,0,0,0,0,0,0,0,0,0,0,0,0,0,0,0,0,0,0,0,0,0,0,0,0,0,0,0,0,0,0,0,0,0,0,0,0,0,0,0,0,0,0,0,0,0,0,0,0,0,0,0,0,0,0,0,0,0,0,0,0,0,0,0,0,0,0,0,0,0,0,0,0,0,0,0,0,0,0,0,0,0,0,0,0,0,0,0,0,0,0,0,0,0,0,0,0,0,0,0,0,0,0,0,0,0,0,0,0,0,0,0,0,0,0,0,0,0,0,0,0,0,0,0,0,0,0,0,0,0,0,0,0,0,0,0,0,0,0,0,0,0,0,0,0,0,0,0,0,0,0,0,0,0,0,0,0,0,0,0,0,0,0,0,0,0,0,0,0,0,0,0,0,0,0,0,0,0,0,0,0,0,0,0,0,0,0,0,0,0,0,0,0,0,0,0,0,0,0,0,0,0,0,0,0,0,0,0,0,0,0,0,0,0,0,0,0,0,0,0,0,0,0,0,0,0,0,-411,-909,-1023,57,76,86,87,80,62,36,5,-32,-65,-93,-106,-105,-88,-54,-9,33,65,95,110,103,80,45,-2,-42,-76,-95,-99,-81,-53,-22,14,47,65,69,58,39,18,-6,-31,-40,-42,-37,-22,-3,8,12,8,1,-8,-17,-23,-21,-14,-3,20,44,49,45,32,11,-18,-50,-73,-82,-77,-52,-12,31,70,97,112,101,66,17,-40,-88,-116,-127,-112,-67,-12,43,89,115,120,105,61,4,-51,-99,-127,-125,-100,-56,0,53,90,108,108,85,43,-4,-45,-77,-92,-89,-62,-22,20,54,69,66,55,35,6,-25,-46,-49,-38,-17,1,20,30,26,0,-25,-45,-59,-60,-47,-14,30,76,108,123,115,78,16,-57,-129,-183,-201,-183,-126,-39,68,162,233,262,240,174,68,-60,-178,-267,-306,-289,-210,-92,45,179,283,331,319,244,118,-28,-172,-287,-346,-332,-258,-134,17,160,276,334,323,252,137,-10,-155,-271,-330,-323,-247,-124,16,153,260,315,306,243,129,-14,-150,-258,-315,-311,-245,-133,2,134,241,306,309,253,156,33,-96,-206,-273,-291,-254,-169,-62,55,157,230,263,238,174,90,-4,-104,-180,-216,-205,-158,-89,-8,75,140,173,171,147,95,17,-59,-121,-167,-184,-171,-133,-78,-16,45,99,136,165,-258,-511,0,0,0,0,0,0,0,0,0,0,0,0,0,0,0,0,0,0,0,0,0,0,0,0,0,0,0,0,0,0,0,0,0,0,0,0,0,0,0,0,0,0,0,0,0,0,0,0,0,0,0,0,0,0,0,0,0,0,0,0,0,0,0,0,0,0,0,0,0,0,0,0,0,0,0,0,0,0,0,0,0,0,0,0,0,0,0,0,0,0,0,0,0,0,0,0,0,0,0,0,0,0,0,0,0,0,0,0,0,0,0,0,0,0,0,0,0,0,0,0,0,0,0,0,0,0,0,0,0,0,0,0,0,0,0,0,0,0,0,0,0,0,0,0,0,0,0,0,0,0,0,0,0,0,0,0,0,0,0,0,0,0,0,0,0,0,0,0,0,0,0,0,0,0,0,0,0,0,0,0,0,0,0,0,0,0,0,0,0,0,0,0,0,0,0,0,0,0,0,0,0,0,0,0,0,0,0,0,0,0,0,0,0,0,0,0,0,0,0,0,0,0,0,0,0,0,0,0,0,0,0,0,0,0,0,0,0,0,0,0,0,0,0,0,0,0,0,0,0,0,0,0,0,0,0,0,-92,-516,-265,-34,-19,2,29,54,76,96,102,94,75,45,9,-31,-69,-94,-103,-103,-85,-47,-3,38,78,103,110,98,74,36,-11,-47,-73,-90,-89,-72,-43,-11,19,42,57,54,43,27,3,-21,-30,-27,-18,-7,2,9,9,7,-4,-17,-29,-33,-30,-15,4,28,49,63,65,55,29,-8,-50,-80,-99,-101,-82,-37,7,53,91,112,111,88,46,-10,-63,-109,-129,-118,-83,-30,18,68,107,129,116,80,30,-26,-78,-112,-123,-109,-73,-28,23,72,101,106,90,60,15,-31,-69,-85,-84,-59,-32,-1,31,54,62,51,26,2,-16,-29,-31,-23,-2,22,0,43,32,5,-30,-62,-89,-97,-79,-37,14,70,119,154,159,130,69,-11,-98,-175,-222,-223,-186,-101,11,118,210,272,284,231,137,16,-114,-234,-311,-327,-276,-175,-42,104,236,325,349,298,193,52,-102,-236,-322,-347,-311,-211,-69,84,217,305,334,298,206,63,-85,-210,-297,-326,-280,-183,-56,85,209,289,311,270,180,52,-86,-207,-285,-314,-285,-203,-80,60,184,268,304,284,212,102,-25,-147,-234,-276,-270,-218,-127,-22,85,178,231,240,208,137,41,-50,-121,-173,-190,-172,-128,-60,19,92,146,171,169,132,71,4,-63,-124,-171,-194,-189,-161,-121,-66,-984,-885
29053,mtk,MTK 7916,2778207341,rx2-tx0,512,0,0,0,0,0,0,0,0,0,0,0,0,0,0,0,0,0,0,0,0,0,0,0,0,0,0,0,0,0,0,0,0,0,0,0,0,0,0,0,0,0,0,0,0,0,0,0,0,0,0,0,0,0,0,0,0,0,0,0,0,0,0,0,0,0,0,0,0,0,0,0,0,0,0,0,0,0,0,0,0,0,0,0,0,0,0,0,0,0,0,0,0,0,0,0,0,0,0,0,0,0,0,0,0,0,0,0,0,0,0,0,0,0,0,0,0,0,0,0,0,0,0,0,0,0,0,0,0,0,0,0,0,0,0,0,0,0,0,0,0,0,0,0,0,0,0,0,0,0,0,0,0,0,0,0,0,0,0,0,0,0,0,0,0,0,0,0,0,0,0,0,0,0,0,0,0,0,0,0,0,0,0,0,0,0,0,0,0,0,0,0,0,0,0,0,0,0,0,0,0,0,0,0,0,0,0,0,0,0,0,0,0,0,0,0,0,0,0,0,0,0,0,0,0,0,0,0,0,0,0,0,0,0,0,0,0,0,0,0,0,0,0,0,0,0,0,0,0,0,0,0,0,0,0,0,0,-136,-657,-364,53,49,34,10,-13,-37,-61,-80,-89,-88,-73,-48,-15,18,45,67,79,81,71,53,24,-8,-40,-64,-77,-83,-80,-66,-40,-11,20,51,78,95,104,98,76,40,-2,-46,-88,-123,-137,-130,-105,-58,2,68,130,169,179,162,113,35,-54,-139,-202,-225,-205,-147,-54,53,153,225,257,236,164,54,-68,-182,-266,-293,-256,-164,-34,108,233,315,336,281,164,9,-152,-290,-372,-377,-305,-169,8,194,349,430,419,327,164,-38,-238,-392,-465,-440,-329,-150,66,273,421,482,448,319,118,-107,-309,-449,-490,-434,-288,-74,159,352,472,495,409,234,12,-213,-401,0,-499,-388,-194,39,267,443,530,505,370,159,-94,-326,-492,-556,-503,-344,-119,138,368,526,575,504,328,87,-173,-405,-555,-592,-507,-325,-78,187,416,563,599,517,331,85,-173,-394,-542,-586,-515,-344,-109,143,359,496,535,481,338,134,-89,-284,-418,-471,-431,-311,-138,51,222,341,386,359,265,122,-34,-175,-271,-314,-297,-221,-103,27,143,228,264,249,185,87,-20,-121,-198,-229,-215,-164,-80,18,108,173,205,196,153,83,-2,-86,-151,-184,-191,-167,-113,-34,45,115,163,179,167,132,75,6,-65,-124,-160,-175,-161,-127,-77,-15,46,98,140,164,168,155,122,-1175,-1085,0,0,0,0,0,0,0,0,0,0,0,0,0,0,0,0,0,0,0,0,0,0,0,0,0,0,0,0,0,0,0,0,0,0,0,0,0,0,0,0,0,0,0,0,0,0,0,0,0,0,0,0,0,0,0,0,0,0,0,0,0,0,0,0,0,0,0,0,0,0,0,0,0,0,0,0,0,0,0,0,0,0,0,0,0,0,0,0,0,0,0,0,0,0,0,0,0,0,0,0,0,0,0,0,0,0,0,0,0,0,0,0,0,0,0,0,0,0,0,0,0,0,0,0,0,0,0,0,0,0,0,0,0,0,0,0,0,0,0,0,0,0,0,0,0,0,0,0,0,0,0,0,0,0,0,0,0,0,0,0,0,0,0,0,0,0,0,0,0,0,0,0,0,0,0,0,0,0,0,0,0,0,0,0,0,0,0,0,0,0,0,0,0,0,0,0,0,0,0,0,0,0,0,0,0,0,0,0,0,0,0,0,0,0,0,0,0,0,0,0,0,0,0,0,0,0,0,0,0,0,0,0,0,0,0,0,0,0,0,0,0,0,0,0,0,0,0,0,0,0,0,0,0,0,0,0,1335,973,1106,38,57,73,86,89,79,62,39,12,-20,-48,-70,-84,-84,-73,-49,-20,13,41,65,79,84,74,55,31,0,-30,-54,-70,-84,-87,-78,-56,-26,6,41,76,102,109,104,87,49,0,-50,-98,-139,-160,-152,-107,-41,33,105,164,195,192,155,84,-7,-102,-184,-234,-239,-194,-108,4,121,215,266,269,217,114,-15,-148,-255,-311,-304,-233,-106,51,198,312,361,340,243,85,-92,-249,-365,-413,-372,-248,-68,130,302,419,454,389,247,48,-165,-344,-460,-483,-400,-237,-28,193,375,480,483,385,205,-20,-240,-406,-491,-475,-359,-163,68,288,447,507,466,334,0,-127,-342,-479,-517,-449,-283,-54,191,400,521,534,440,251,5,-244,-446,-558,-556,-439,-229,34,284,481,581,562,428,211,-52,-301,-496,-596,-577,-439,-216,54,310,498,592,572,441,222,-31,-274,-459,-554,-541,-427,-234,0,224,401,494,495,404,238,29,-166,-326,-419,-428,-348,-214,-47,121,260,342,349,292,184,41,-97,-209,-281,-294,-243,-155,-42,74,171,230,241,202,126,33,-63,-143,-196,-208,-180,-118,-35,52,126,180,199,178,123,49,-27,-100,-159,-185,-175,-143,-86,-12,63,119,159,175,163,121,62,-4,-69,-126,-160,-172,-166,-141,-98,-49,-1,39,79,186,490
29054,mtk,MTK 7916,2778207341,rx2-tx1,512,0,0,0,0,0,0,0,0,0,0,0,0,0,0,0,0,0,0,0,0,0,0,0,0,0,0,0,0,0,0,0,0,0,0,0,0,0,0,0,0,0,0,0,0,0,0,0,0,0,0,0,0,0,0,0,0,0,0,0,0,0,0,0,0,0,0,0,0,0,0,0,0,0,0,0,0,0,0,0,0,0,0,0,0,0,0,0,0,0,0,0,0,0,0,0,0,0,0,0,0,0,0,0,0,0,0,0,0,0,0,0,0,0,0,0,0,0,0,0,0,0,0,0,0,0,0,0,0,0,0,0,0,0,0,0,0,0,0,0,0,0,0,0,0,0,0,0,0,0,0,0,0,0,0,0,0,0,0,0,0,0,0,0,0,0,0,0,0,0,0,0,0,0,0,0,0,0,0,0,0,0,0,0,0,0,0,0,0,0,0,0,0,0,0,0,0,0,0,0,0,0,0,0,0,0,0,0,0,0,0,0,0,0,0,0,0,0,0,0,0,0,0,0,0,0,0,0,0,0,0,0,0,0,0,0,0,0,0,0,0,0,0,0,0,0,0,0,0,0,0,0,0,0,0,0,0,236,207,448,62,55,51,43,24,1,-24,-45,-65,-81,-79,-63,-38,-8,27,56,77,86,73,47,19,-21,-57,-78,-88,-78,-51,-13,28,65,95,98,78,38,-7,-51,-81,-99,-100,-77,-31,29,84,120,126,100,50,-15,-80,-134,-167,-160,-111,-35,47,131,196,215,188,127,30,-89,-200,-274,-286,-238,-138,-5,133,257,338,348,279,154,-6,-173,-316,-390,-392,-311,-161,24,211,363,439,425,326,163,-41,-244,-403,-480,-461,-357,-170,63,271,420,497,471,342,148,-69,-276,-430,-492,-453,-322,-121,95,283,413,456,407,271,80,-114,-280,-386,-402,-339,-208,-23,155,291,0,362,270,118,-48,-203,-319,-357,-309,-198,-49,115,258,339,349,278,142,-21,-179,-302,-356,-327,-229,-80,87,232,329,363,319,206,43,-125,-261,-344,-354,-294,-175,-19,135,253,323,324,254,127,-19,-150,-241,-291,-282,-215,-103,24,141,216,248,226,156,58,-49,-137,-188,-198,-163,-102,-20,65,127,154,149,110,48,-26,-85,-121,-134,-118,-74,-12,52,103,129,124,88,35,-16,-65,-107,-120,-107,-78,-35,21,71,94,93,83,61,22,-23,-57,-77,-85,-77,-52,-17,20,44,54,58,51,30,8,-15,-27,-36,-37,-26,-5,16,37,43,40,36,29,9,-22,-532,-302,0,0,0,0,0,0,0,0,0,0,0,0,0,0,0,0,0,0,0,0,0,0,0,0,0,0,0,0,0,0,0,0,0,0,0,0,0,0,0,0,0,0,0,0,0,0,0,0,0,0,0,0,0,0,0,0,0,0,0,0,0,0,0,0,0,0,0,0,0,0,0,0,0,0,0,0,0,0,0,0,0,0,0,0,0,0,0,0,0,0,0,0,0,0,0,0,0,0,0,0,0,0,0,0,0,0,0,0,0,0,0,0,0,0,0,0,0,0,0,0,0,0,0,0,0,0,0,0,0,0,0,0,0,0,0,0,0,0,0,0,0,0,0,0,0,0,0,0,0,0,0,0,0,0,0,0,0,0,0,0,0,0,0,0,0,0,0,0,0,0,0,0,0,0,0,0,0,0,0,0,0,0,0,0,0,0,0,0,0,0,0,0,0,0,0,0,0,0,0,0,0,0,0,0,0,0,0,0,0,0,0,0,0,0,0,0,0,0,0,0,0,0,0,0,0,0,0,0,0,0,0,0,0,0,0,0,0,0,0,0,0,0,0,0,0,0,0,0,0,0,0,0,0,0,0,0,-351,932,844,11,28,47,64,72,74,70,58,36,10,-23,-48,-68,-77,-75,-57,-33,5,38,69,81,78,65,38,-2,-43,-76,-93,-87,-66,-31,12,54,80,94,91,60,6,-45,-86,-108,-114,-92,-43,22,86,131,148,130,80,11,-65,-135,-183,-194,-155,-78,16,119,210,257,239,173,71,-49,-172,-269,-316,-293,-213,-83,72,221,332,383,347,234,69,-115,-278,-391,-427,-379,-247,-64,139,321,441,472,408,260,60,-166,-357,-469,-490,-418,-262,-47,180,362,474,497,409,237,31,-184,-368,-471,-468,-375,-205,4,205,348,423,412,315,152,-41,-226,-347,-382,-348,-248,0,102,248,340,357,289,160,-5,-164,-288,-350,-329,-234,-93,75,224,318,345,297,183,30,-139,-273,-338,-341,-279,-145,19,176,295,355,335,251,115,-47,-200,-308,-346,-314,-216,-76,76,203,292,321,281,183,54,-79,-187,-255,-272,-224,-133,-18,89,171,212,213,164,78,-16,-100,-164,-183,-163,-110,-34,50,113,138,136,110,63,-4,-72,-115,-131,-124,-84,-24,40,91,118,124,104,61,3,-45,-87,-113,-109,-80,-46,-2,46,79,93,87,70,40,4,-33,-57,-67,-64,-52,-28,-1,23,38,43,40,25,4,-14,-24,-33,-39,-28,-9,9,28,49,54,49,797,910
29055,mtk,MTK 7916,2778263891,rx0-tx0,512,0,0,0,0,0,0,0,0,0,0,0,0,0,0,0,0,0,0,0,0,0,0,0,0,0,0,0,0,0,0,0,0,0,0,0,0,0,0,0,0,0,0,0,0,0,0,0,0,0,0,0,0,0,0,0,0,0,0,0,0,0,0,0,0,0,0,0,0,0,0,0,0,0,0,0,0,0,0,0,0,0,0,0,0,0,0,0,0,0,0,0,0,0,0,0,0,0,0,0,0,0,0,0,0,0,0,0,0,0,0,0,0,0,0,0,0,0,0,0,0,0,0,0,0,0,0,0,0,0,0,0,0,0,0,0,0,0,0,0,0,0,0,0,0,0,0,0,0,0,0,0,0,0,0,0,0,0,0,0,0,0,0,0,0,0,0,0,0,0,0,0,0,0,0,0,0,0,0,0,0,0,0,0,0,0,0,0,0,0,0,0,0,0,0,0,0,0,0,0,0,0,0,0,0,0,0,0,0,0,0,0,0,0,0,0,0,0,0,0,0,0,0,0,0,0,0,0,0,0,0,0,0,0,0,0,0,0,0,0,0,0,0,0,0,0,0,0,0,0,0,0,0,0,0,0,0,-273,940,906,-214,-228,-198,-121,-21,89,183,255,299,321,318,285,238,164,76,-19,-110,-198,-282,-352,-398,-427,-420,-389,-334,-250,-144,-30,86,216,334,423,488,534,546,521,467,387,281,162,34,-98,-225,-335,-434,-513,-562,-582,-577,-550,-503,-424,-321,-202,-77,64,202,335,453,558,641,687,706,685,633,545,428,287,126,-43,-212,-375,-523,-652,-740,-794,-814,-784,-732,-625,-478,-322,-141,43,225,396,553,676,760,800,814,787,720,607,473,326,158,-11,-170,-318,-454,-563,-642,-692,-712,-703,-663,-604,-523,-415,-293,-164,-25,109,245,370,479,575,652,704,723,718,675,604,514,-1687,258,95,-76,-236,-395,-543,-663,-753,-823,-853,-837,-793,-709,-596,-456,-289,-99,100,297,484,659,802,916,995,1023,1005,952,843,676,482,261,17,-229,-481,-724,-939,-1111,-1224,-1273,-1258,-1173,-1031,-825,-576,-289,22,326,621,894,1117,1272,1374,1402,1347,1217,1024,778,495,188,-147,-458,-742,-991,-1190,-1316,-1373,-1357,-1262,-1105,-896,-642,-346,-40,261,549,804,1016,1173,1267,1288,1242,1129,949,714,450,157,-148,-442,-707,-925,-1087,-1196,-1224,-1167,-1053,-870,-626,-360,-74,207,474,711,893,1015,1070,1058,973,827,638,414,162,-99,-360,-596,-797,-948,-1029,-1026,-929,-720,-425,-66,310,623,788,636,792,0,0,0,0,0,0,0,0,0,0,0,0,0,0,0,0,0,0,0,0,0,0,0,0,0,0,0,0,0,0,0,0,0,0,0,0,0,0,0,0,0,0,0,0,0,0,0,0,0,0,0,0,0,0,0,0,0,0,0,0,0,0,0,0,0,0,0,0,0,0,0,0,0,0,0,0,0,0,0,0,0,0,0,0,0,0,0,0,0,0,0,0,0,0,0,0,0,0,0,0,0,0,0,0,0,0,0,0,0,0,0,0,0,0,0,0,0,0,0,0,0,0,0,0,0,0,0,0,0,0,0,0,0,0,0,0,0,0,0,0,0,0,0,0,0,0,0,0,0,0,0,0,0,0,0,0,0,0,0,0,0,0,0,0,0,0,0,0,0,0,0,0,0,0,0,0,0,0,0,0,0,0,0,0,0,0,0,0,0,0,0,0,0,0,0,0,0,0,0,0,0,0,0,0,0,0,0,0,0,0,0,0,0,0,0,0,0,0,0,0,0,0,0,0,0,0,0,0,0,0,0,0,0,0,0,0,0,0,0,0,0,0,0,0,0,0,0,0,0,0,0,0,0,0,0,0,-1322,20,-233,-17,73,175,255,294,291,248,179,96,9,-85,-171,-247,-307,-349,-360,-355,-327,-272,-197,-104,3,111,214,312,398,458,484,491,470,405,312,207,85,-50,-180,-301,-406,-487,-540,-566,-561,-525,-466,-387,-280,-159,-34,91,209,324,440,528,587,621,630,613,564,485,381,253,111,-42,-202,-355,-493,-606,-694,-750,-769,-742,-683,-588,-461,-306,-139,41,217,388,554,669,763,818,831,802,737,630,484,311,139,-33,-212,-381,-530,-635,-717,-769,-773,-742,-682,-595,-480,-351,-207,-59,89,227,349,460,557,623,672,686,677,646,584,506,401,283,147,4,-144,-300,-434,-555,-175,-726,-774,-784,-760,-711,-620,-492,-348,-184,-4,169,339,506,652,771,863,913,922,894,822,712,564,394,189,-37,-253,-467,-677,-861,-1003,-1109,-1157,-1146,-1087,-966,-790,-567,-303,-21,273,553,818,1044,1210,1320,1354,1320,1228,1063,826,552,250,-77,-398,-694,-953,-1167,-1313,-1399,-1399,-1314,-1175,-970,-715,-418,-111,211,514,778,1003,1179,1288,1326,1297,1199,1033,818,560,270,-31,-325,-604,-857,-1052,-1186,-1254,-1252,-1180,-1030,-826,-578,-295,12,306,571,815,995,1104,1152,1124,1032,863,647,394,132,-136,-394,-617,-802,-935,-1007,-1012,-950,-816,-627,-382,-101,199,507,778,972,1053,980,754,476,698,509
29056,mtk,MTK 7916,2778263891,rx0-tx1,512,0,0,0,0,0,0,0,0,0,0,0,0,0,0,0,0,0,0,0,0,0,0,0,0,0,0,0,0,0,0,0,0,0,0,0,0,0,0,0,0,0,0,0,0,0,0,0,0,0,0,0,0,0,0,0,0,0,0,0,0,0,0,0,0,0,0,0,0,0,0,0,0,0,0,0,0,0,0,0,0,0,0,0,0,0,0,0,0,0,0,0,0,0,0,0,0,0,0,0,0,0,0,0,0,0,0,0,0,0,0,0,0,0,0,0,0,0,0,0,0,0,0,0,0,0,0,0,0,0,0,0,0,0,0,0,0,0,0,0,0,0,0,0,0,0,0,0,0,0,0,0,0,0,0,0,0,0,0,0,0,0,0,0,0,0,0,0,0,0,0,0,0,0,0,0,0,0,0,0,0,0,0,0,0,0,0,0,0,0,0,0,0,0,0,0,0,0,0,0,0,0,0,0,0,0,0,0,0,0,0,0,0,0,0,0,0,0,0,0,0,0,0,0,0,0,0,0,0,0,0,0,0,0,0,0,0,0,0,0,0,0,0,0,0,0,0,0,0,0,0,0,0,0,0,0,0,-730,-175,-224,198,145,37,-94,-219,-322,-380,-395,-370,-312,-224,-110,12,142,265,367,457,520,542,533,486,398,279,137,-28,-204,-369,-518,-642,-731,-768,-762,-711,-615,-481,-301,-105,101,323,524,693,832,929,974,969,910,782,620,423,193,-56,-307,-549,-760,-933,-1068,-1151,-1163,-1110,-1009,-850,-640,-393,-123,156,429,686,912,1095,1229,1288,1284,1220,1096,910,680,418,128,-164,-464,-734,-977,-1174,-1305,-1382,-1396,-1320,-1191,-995,-754,-481,-171,146,461,756,1018,1221,1365,1448,1453,1382,1254,1061,810,520,204,-128,-448,-748,-1013,-1216,-1361,-1441,-1455,-1396,-1264,-1085,-841,-562,-260,49,364,654,909,1135,-546,1399,1423,1394,1299,1146,939,686,407,102,-213,-509,-790,-1034,-1229,-1376,-1459,-1467,-1405,-1281,-1090,-846,-560,-249,89,428,741,1025,1259,1427,1526,1560,1499,1366,1167,907,606,269,-76,-415,-730,-1008,-1241,-1411,-1501,-1513,-1451,-1324,-1131,-883,-591,-276,53,378,672,928,1137,1295,1382,1405,1354,1233,1066,842,580,287,-11,-313,-598,-850,-1057,-1215,-1307,-1333,-1291,-1185,-1013,-785,-515,-217,88,390,683,931,1122,1248,1301,1278,1180,1011,783,505,200,-110,-409,-681,-901,-1056,-1142,-1152,-1084,-952,-756,-524,-263,3,256,486,675,814,899,924,890,803,657,465,239,-8,-263,-507,-716,-852,-888,-805,-600,-361,42,-35,0,0,0,0,0,0,0,0,0,0,0,0,0,0,0,0,0,0,0,0,0,0,0,0,0,0,0,0,0,0,0,0,0,0,0,0,0,0,0,0,0,0,0,0,0,0,0,0,0,0,0,0,0,0,0,0,0,0,0,0,0,0,0,0,0,0,0,0,0,0,0,0,0,0,0,0,0,0,0,0,0,0,0,0,0,0,0,0,0,0,0,0,0,0,0,0,0,0,0,0,0,0,0,0,0,0,0,0,0,0,0,0,0,0,0,0,0,0,0,0,0,0,0,0,0,0,0,0,0,0,0,0,0,0,0,0,0,0,0,0,0,0,0,0,0,0,0,0,0,0,0,0,0,0,0,0,0,0,0,0,0,0,0,0,0,0,0,0,0,0,0,0,0,0,0,0,0,0,0,0,0,0,0,0,0,0,0,0,0,0,0,0,0,0,0,0,0,0,0,0,0,0,0,0,0,0,0,0,0,0,0,0,0,0,0,0,0,0,0,0,0,0,0,0,0,0,0,0,0,0,0,0,0,0,0,0,0,0,0,0,0,0,0,0,0,0,0,0,0,0,0,0,0,0,0,0,-128,-236,-190,-142,-241,-313,-326,-288,-199,-81,47,172,282,372,428,456,450,404,330,234,107,-33,-176,-320,-450,-554,-626,-662,-647,-590,-496,-364,-196,-10,177,366,539,693,800,857,878,842,748,618,447,242,15,-214,-444,-652,-822,-964,-1054,-1081,-1052,-964,-817,-631,-407,-154,115,372,615,843,1023,1155,1224,1232,1175,1054,876,657,398,116,-173,-456,-724,-957,-1133,-1266,-1330,-1341,-1280,-1142,-958,-716,-441,-152,164,469,745,993,1185,1340,1422,1430,1361,1230,1035,783,502,189,-140,-456,-748,-1013,-1226,-1373,-1455,-1467,-1404,-1274,-1073,-814,-538,-226,99,414,706,961,1178,1329,1416,1439,1396,1273,1104,887,1197,319,9,-290,-583,-850,-1081,-1256,-1376,-1435,-1422,-1346,-1211,-1010,-773,-486,-179,143,454,749,1017,1235,1396,1493,1523,1465,1339,1146,891,587,265,-80,-424,-740,-1031,-1264,-1436,-1530,-1543,-1482,-1351,-1154,-900,-598,-269,67,394,707,985,1204,1357,1439,1458,1403,1278,1094,861,584,279,-30,-341,-620,-871,-1082,-1240,-1333,-1360,-1321,-1214,-1046,-831,-575,-282,23,325,609,865,1073,1224,1306,1319,1264,1135,934,686,398,88,-229,-526,-790,-1009,-1162,-1243,-1244,-1168,-1014,-796,-540,-252,46,329,584,790,938,1022,1031,977,862,700,496,270,35,-197,-417,-613,-762,-856,-893,-859,-751,-557,-294,11,319,570,690,-287,-286
29057,mtk,MTK 7916,2778263891,rx1-tx0,512,0,0,0,0,0,0,0,0,0,0,0,0,0,0,0,0,0,0,0,0,0,0,0,0,0,0,0,0,0,0,0,0,0,0,0,0,0,0,0,0,0,0,0,0,0,0,0,0,0,0,0,0,0,0,0,0,0,0,0,0,0,0,0,0,0,0,0,0,0,0,0,0,0,0,0,0,0,0,0,0,0,0,0,0,0,0,0,0,0,0,0,0,0,0,0,0,0,0,0,0,0,0,0,0,0,0,0,0,0,0,0,0,0,0,0,0,0,0,0,0,0,0,0,0,0,0,0,0,0,0,0,0,0,0,0,0,0,0,0,0,0,0,0,0,0,0,0,0,0,0,0,0,0,0,0,0,0,0,0,0,0,0,0,0,0,0,0,0,0,0,0,0,0,0,0,0,0,0,0,0,0,0,0,0,0,0,0,0,0,0,0,0,0,0,0,0,0,0,0,0,0,0,0,0,0,0,0,0,0,0,0,0,0,0,0,0,0,0,0,0,0,0,0,0,0,0,0,0,0,0,0,0,0,0,0,0,0,0,0,0,0,0,0,0,0,0,0,0,0,0,0,0,0,0,0,0,146,489,224,40,112,177,203,195,157,100,18,-66,-135,-190,-224,-242,-240,-212,-166,-116,-46,27,95,159,208,252,268,263,242,207,157,94,28,-41,-102,-154,-203,-227,-240,-241,-215,-183,-150,-113,-64,-15,27,72,103,131,147,165,172,169,163,150,140,125,108,71,41,12,-19,-40,-69,-101,-126,-157,-176,-186,-202,-209,-216,-199,-178,-151,-107,-52,20,96,163,226,289,338,378,387,375,351,295,218,125,13,-104,-219,-326,-412,-475,-515,-518,-494,-435,-346,-244,-125,0,122,244,356,444,503,539,533,500,441,364,258,151,28,-92,-199,-312,-395,-456,-490,-507,-489,-450,-391,-144,-204,-91,18,138,242,334,412,460,484,482,447,394,323,241,129,18,-86,-184,-268,-337,-388,-411,-423,-408,-374,-314,-242,-168,-78,8,95,170,235,285,322,340,338,321,292,254,197,138,70,10,-57,-124,-172,-215,-252,-274,-284,-283,-260,-233,-183,-133,-79,-14,36,94,148,191,225,251,262,252,235,204,171,129,84,31,-20,-75,-128,-176,-212,-238,-256,-260,-242,-212,-166,-114,-52,11,70,123,180,228,262,277,260,236,199,138,75,4,-65,-136,-192,-239,-258,-258,-237,-201,-149,-94,-26,46,113,161,196,216,210,194,159,100,42,-20,-85,-131,-160,-158,-137,1038,914,0,0,0,0,0,0,0,0,0,0,0,0,0,0,0,0,0,0,0,0,0,0,0,0,0,0,0,0,0,0,0,0,0,0,0,0,0,0,0,0,0,0,0,0,0,0,0,0,0,0,0,0,0,0,0,0,0,0,0,0,0,0,0,0,0,0,0,0,0,0,0,0,0,0,0,0,0,0,0,0,0,0,0,0,0,0,0,0,0,0,0,0,0,0,0,0,0,0,0,0,0,0,0,0,0,0,0,0,0,0,0,0,0,0,0,0,0,0,0,0,0,0,0,0,0,0,0,0,0,0,0,0,0,0,0,0,0,0,0,0,0,0,0,0,0,0,0,0,0,0,0,0,0,0,0,0,0,0,0,0,0,0,0,0,0,0,0,0,0,0,0,0,0,0,0,0,0,0,0,0,0,0,0,0,0,0,0,0,0,0,0,0,0,0,0,0,0,0,0,0,0,0,0,0,0,0,0,0,0,0,0,0,0,0,0,0,0,0,0,0,0,0,0,0,0,0,0,0,0,0,0,0,0,0,0,0,0,0,0,0,0,0,0,0,0,0,0,0,0,0,0,0,0,0,0,0,206,-958,-1051,148,132,77,-4,-83,-156,-208,-234,-224,-194,-145,-81,-15,57,129,182,228,259,256,237,201,156,99,25,-44,-112,-170,-224,-258,-268,-259,-231,-199,-152,-97,-42,25,80,126,163,188,203,199,198,186,160,136,105,72,33,3,-31,-60,-86,-104,-130,-146,-153,-159,-156,-157,-161,-152,-136,-106,-70,-40,-7,31,82,135,176,220,256,285,304,301,282,250,200,134,53,-45,-137,-232,-320,-386,-438,-474,-475,-450,-385,-295,-187,-70,55,183,301,395,469,521,535,520,478,404,306,194,67,-62,-182,-292,-386,-459,-503,-524,-506,-478,-419,-332,-232,-125,-4,118,224,323,147,461,484,497,480,429,366,275,165,58,-60,-168,-259,-337,-403,-450,-461,-451,-417,-359,-286,-197,-105,-9,92,184,262,314,358,376,379,361,325,279,216,145,67,-10,-78,-142,-205,-257,-290,-305,-307,-304,-280,-242,-199,-146,-84,-23,44,105,155,208,239,270,275,269,256,224,182,132,80,19,-35,-83,-131,-174,-209,-237,-240,-238,-230,-209,-174,-125,-79,-25,36,97,148,194,227,255,264,253,229,193,138,77,3,-70,-126,-186,-229,-255,-263,-258,-231,-189,-127,-54,15,82,142,190,222,238,229,202,161,112,48,-18,-75,-135,-177,-197,-199,-175,-124,-64,6,54,-331,-589
29058,mtk,MTK 7916,2778263891,rx1-tx1,512,0,0,0,0,0,0,0,0,0,0,0,0,0,0,0,0,0,0,0,0,0,0,0,0,0,0,0,0,0,0,0,0,0,0,0,0,0,0,0,0,0,0,0,0,0,0,0,0,0,0,0,0,0,0,0,0,0,0,0,0,0,0,0,0,0,0,0,0,0,0,0,0,0,0,0,0,0,0,0,0,0,0,0,0,0,0,0,0,0,0,0,0,0,0,0,0,0,0,0,0,0,0,0,0,0,0,0,0,0,0,0,0,0,0,0,0,0,0,0,0,0,0,0,0,0,0,0,0,0,0,0,0,0,0,0,0,0,0,0,0,0,0,0,0,0,0,0,0,0,0,0,0,0,0,0,0,0,0,0,0,0,0,0,0,0,0,0,0,0,0,0,0,0,0,0,0,0,0,0,0,0,0,0,0,0,0,0,0,0,0,0,0,0,0,0,0,0,0,0,0,0,0,0,0,0,0,0,0,0,0,0,0,0,0,0,0,0,0,0,0,0,0,0,0,0,0,0,0,0,0,0,0,0,0,0,0,0,0,0,0,0,0,0,0,0,0,0,0,0,0,0,0,0,0,0,0,-411,-909,-1023,36,13,-12,-40,-70,-91,-96,-85,-61,-21,30,73,95,97,79,44,0,-47,-84,-95,-88,-62,-20,26,67,88,86,65,29,-11,-47,-71,-74,-53,-23,3,23,39,39,30,19,5,-9,-12,-4,6,6,4,-6,-22,-34,-33,-28,-13,17,55,75,74,54,16,-31,-74,-99,-99,-74,-26,42,99,129,126,88,28,-51,-120,-154,-147,-96,-17,62,125,161,154,97,8,-79,-143,-172,-149,-84,-2,85,147,161,134,75,-9,-94,-145,-152,-122,-64,17,86,121,125,100,46,-22,-75,-100,-101,-74,-28,20,55,72,66,44,10,-16,-24,-18,-8,3,14,0,-12,-39,-56,-47,-25,9,54,101,123,110,61,-13,-96,-161,-191,-171,-105,3,118,214,252,226,139,6,-138,-251,-304,-279,-180,-22,152,284,340,310,196,21,-159,-298,-362,-331,-208,-29,162,304,361,325,206,31,-163,-306,-362,-321,-200,-21,163,298,352,302,170,-6,-175,-293,-334,-283,-155,17,182,297,327,270,132,-31,-188,-298,-327,-263,-135,28,182,289,314,254,133,-19,-167,-271,-298,-251,-139,0,130,230,268,234,142,19,-105,-193,-228,-203,-134,-30,77,157,189,173,113,25,-71,-144,-180,-168,-113,-31,62,142,184,184,151,89,5,-77,-139,-171,-181,-258,-511,0,0,0,0,0,0,0,0,0,0,0,0,0,0,0,0,0,0,0,0,0,0,0,0,0,0,0,0,0,0,0,0,0,0,0,0,0,0,0,0,0,0,0,0,0,0,0,0,0,0,0,0,0,0,0,0,0,0,0,0,0,0,0,0,0,0,0,0,0,0,0,0,0,0,0,0,0,0,0,0,0,0,0,0,0,0,0,0,0,0,0,0,0,0,0,0,0,0,0,0,0,0,0,0,0,0,0,0,0,0,0,0,0,0,0,0,0,0,0,0,0,0,0,0,0,0,0,0,0,0,0,0,0,0,0,0,0,0,0,0,0,0,0,0,0,0,0,0,0,0,0,0,0,0,0,0,0,0,0,0,0,0,0,0,0,0,0,0,0,0,0,0,0,0,0,0,0,0,0,0,0,0,0,0,0,0,0,0,0,0,0,0,0,0,0,0,0,0,0,0,0,0,0,0,0,0,0,0,0,0,0,0,0,0,0,0,0,0,0,0,0,0,0,0,0,0,0,0,0,0,0,0,0,0,0,0,0,0,0,0,0,0,0,0,0,0,0,0,0,0,0,0,0,0,0,0,-92,-516,-265,56,74,83,79,59,26,-14,-53,-80,-96,-97,-72,-30,17,61,89,96,85,51,4,-41,-77,-97,-94,-69,-26,18,58,80,80,59,29,-7,-36,-54,-57,-41,-19,2,18,25,22,16,5,-2,-4,4,13,22,18,6,-14,-35,-48,-51,-37,-14,22,58,87,92,71,25,-34,-87,-119,-121,-91,-30,40,102,142,137,88,14,-59,-117,-151,-149,-96,-16,67,135,168,149,89,4,-80,-144,-173,-151,-82,4,83,140,161,134,72,-8,-88,-140,-147,-111,-51,17,78,118,117,86,32,-24,-69,-87,-82,-56,-19,20,43,46,37,22,5,-9,-7,11,0,29,19,-3,-35,-62,-78,-79,-50,6,69,123,152,139,77,-12,-109,-181,-216,-197,-118,1,126,226,278,250,149,5,-149,-270,-325,-296,-187,-23,150,289,349,315,198,29,-152,-297,-361,-324,-203,-27,159,302,360,323,201,21,-164,-304,-360,-315,-187,-9,169,301,338,283,157,-7,-179,-298,-330,-273,-142,23,184,293,327,273,136,-37,-191,-288,-317,-262,-133,27,177,274,302,247,134,-12,-151,-249,-280,-242,-142,-10,120,214,249,220,139,24,-88,-176,-214,-193,-124,-32,68,146,182,171,108,20,-65,-135,-176,-171,-125,-46,46,125,173,198,191,145,78,-9,-984,-885
29059,mtk,MTK 7916,2778263891,rx2-tx0,512,0,0,0,0,0,0,0,0,0,0,0,0,0,0,0,0,0,0,0,0,0,0,0,0,0,0,0,0,0,0,0,0,0,0,0,0,0,0,0,0,0,0,0,0,0,0,0,0,0,0,0,0,0,0,0,0,0,0,0,0,0,0,0,0,0,0,0,0,0,0,0,0,0,0,0,0,0,0,0,0,0,0,0,0,0,0,0,0,0,0,0,0,0,0,0,0,0,0,0,0,0,0,0,0,0,0,0,0,0,0,0,0,0,0,0,0,0,0,0,0,0,0,0,0,0,0,0,0,0,0,0,0,0,0,0,0,0,0,0,0,0,0,0,0,0,0,0,0,0,0,0,0,0,0,0,0,0,0,0,0,0,0,0,0,0,0,0,0,0,0,0,0,0,0,0,0,0,0,0,0,0,0,0,0,0,0,0,0,0,0,0,0,0,0,0,0,0,0,0,0,0,0,0,0,0,0,0,0,0,0,0,0,0,0,0,0,0,0,0,0,0,0,0,0,0,0,0,0,0,0,0,0,0,0,0,0,0,0,0,0,0,0,0,0,0,0,0,0,0,0,0,0,0,0,0,0,-136,-657,-364,-38,-60,-79,-89,-82,-62,-31,7,44,72,87,84,63,30,-9,-45,-74,-86,-80,-56,-18,18,52,78,85,74,53,19,-22,-57,-78,-93,-93,-72,-27,20,67,107,125,113,76,19,-42,-104,-149,-157,-122,-55,28,115,174,193,160,85,-18,-122,-198,-228,-193,-97,26,144,231,258,214,105,-38,-177,-273,-297,-230,-94,76,226,319,324,233,70,-117,-281,-368,-351,-229,-39,169,334,408,363,210,-7,-227,-392,-447,-373,-188,56,282,433,467,366,160,-94,-325,-469,-474,-342,-111,151,373,488,462,296,46,-214,-415,-499,-435,-240,25,280,456,500,398,180,-103,0,-504,-502,-361,-110,177,410,531,503,324,47,-246,-473,-563,-488,-276,17,305,515,574,466,228,-70,-356,-549,-586,-454,-196,118,401,573,589,444,171,-146,-420,-579,-582,-425,-154,156,423,566,554,396,138,-152,-395,-528,-519,-372,-126,142,360,475,467,335,115,-128,-325,-419,-400,-280,-89,119,286,364,345,236,68,-108,-244,-311,-292,-195,-49,104,220,273,247,154,27,-103,-205,-245,-214,-129,-16,103,188,224,200,120,12,-98,-184,-219,-198,-130,-30,78,164,206,202,149,58,-48,-136,-192,-203,-164,-86,5,94,165,200,190,137,59,-28,-102,-163,-190,-181,-151,-99,-1175,-1085,0,0,0,0,0,0,0,0,0,0,0,0,0,0,0,0,0,0,0,0,0,0,0,0,0,0,0,0,0,0,0,0,0,0,0,0,0,0,0,0,0,0,0,0,0,0,0,0,0,0,0,0,0,0,0,0,0,0,0,0,0,0,0,0,0,0,0,0,0,0,0,0,0,0,0,0,0,0,0,0,0,0,0,0,0,0,0,0,0,0,0,0,0,0,0,0,0,0,0,0,0,0,0,0,0,0,0,0,0,0,0,0,0,0,0,0,0,0,0,0,0,0,0,0,0,0,0,0,0,0,0,0,0,0,0,0,0,0,0,0,0,0,0,0,0,0,0,0,0,0,0,0,0,0,0,0,0,0,0,0,0,0,0,0,0,0,0,0,0,0,0,0,0,0,0,0,0,0,0,0,0,0,0,0,0,0,0,0,0,0,0,0,0,0,0,0,0,0,0,0,0,0,0,0,0,0,0,0,0,0,0,0,0,0,0,0,0,0,0,0,0,0,0,0,0,0,0,0,0,0,0,0,0,0,0,0,0,0,0,0,0,0,0,0,0,0,0,0,0,0,0,0,0,0,0,0,1335,973,1106,56,42,23,-5,-36,-62,-81,-85,-73,-48,-13,25,60,82,85,68,39,2,-36,-67,-82,-81,-65,-33,3,37,67,86,90,74,43,3,-41,-77,-97,-105,-92,-53,3,58,108,139,139,107,45,-35,-111,-160,-174,-149,-78,20,115,182,205,177,101,-14,-129,-210,-242,-211,-108,30,160,253,278,225,106,-50,-200,-296,-309,-229,-83,90,249,339,329,226,51,-147,-307,-385,-359,-226,-14,206,367,426,370,204,-26,-254,-414,-459,-369,-171,75,304,452,473,352,134,-122,-349,-479,-472,-325,-80,183,392,487,441,269,16,-253,-441,-496,-411,-204,67,319,481,509,0,139,-138,-380,-516,-503,-340,-79,206,440,545,487,293,10,-282,-492,-567,-482,-255,49,340,533,577,455,207,-98,-380,-560,-587,-449,-184,135,414,578,585,434,161,-153,-423,-575,-572,-409,-141,159,410,544,534,386,136,-151,-384,-506,-493,-352,-123,132,341,452,432,301,96,-122,-297,-389,-372,-259,-83,108,263,340,319,210,58,-104,-235,-296,-273,-176,-35,104,208,258,233,144,22,-102,-200,-239,-207,-127,-11,104,188,222,202,127,19,-91,-176,-218,-200,-134,-39,66,152,200,200,151,69,-29,-120,-179,-198,-173,-111,-25,65,144,192,198,169,113,39,-30,-85,-134,186,490
29060,mtk,MTK 7916,2778263891,rx2-tx1,512,0,0,0,0,0,0,0,0,0,0,0,0,0,0,0,0,0,0,0,0,0,0,0,0,0,0,0,0,0,0,0,0,0,0,0,0,0,0,0,0,0,0,0,0,0,0,0,0,0,0,0,0,0,0,0,0,0,0,0,0,0,0,0,0,0,0,0,0,0,0,0,0,0,0,0,0,0,0,0,0,0,0,0,0,0,0,0,0,0,0,0,0,0,0,0,0,0,0,0,0,0,0,0,0,0,0,0,0,0,0,0,0,0,0,0,0,0,0,0,0,0,0,0,0,0,0,0,0,0,0,0,0,0,0,0,0,0,0,0,0,0,0,0,0,0,0,0,0,0,0,0,0,0,0,0,0,0,0,0,0,0,0,0,0,0,0,0,0,0,0,0,0,0,0,0,0,0,0,0,0,0,0,0,0,0,0,0,0,0,0,0,0,0,0,0,0,0,0,0,0,0,0,0,0,0,0,0,0,0,0,0,0,0,0,0,0,0,0,0,0,0,0,0,0,0,0,0,0,0,0,0,0,0,0,0,0,0,0,0,0,0,0,0,0,0,0,0,0,0,0,0,0,0,0,0,0,236,207,448,1,-22,-46,-64,-73,-68,-53,-27,8,40,61,66,58,38,10,-22,-49,-67,-66,-43,-5,29,55,68,66,38,-3,-37,-61,-70,-61,-27,21,58,74,65,38,0,-47,-79,-86,-65,-20,34,89,119,110,66,-18,-100,-147,-159,-128,-51,50,143,210,219,154,38,-90,-199,-267,-261,-167,-27,124,260,332,312,195,17,-171,-319,-384,-342,-196,14,223,377,433,361,183,-43,-263,-418,-461,-372,-178,70,304,460,478,367,150,-108,-339,-474,-477,-350,-127,140,366,483,458,306,77,-172,-371,-461,-415,-260,-31,212,380,431,359,185,-29,-233,-371,-384,-278,-104,99,0,372,343,211,17,-182,-320,-362,-289,-135,59,241,348,348,239,62,-133,-295,-374,-334,-193,1,202,342,377,309,161,-40,-233,-352,-367,-281,-114,85,257,348,338,229,67,-113,-262,-332,-309,-196,-28,134,248,293,261,150,3,-133,-222,-248,-203,-99,26,137,192,182,127,43,-54,-128,-156,-132,-64,7,74,117,123,90,24,-52,-104,-120,-97,-47,11,68,102,101,76,29,-31,-82,-104,-94,-59,-9,47,84,92,82,49,-2,-43,-72,-80,-66,-35,6,41,58,55,39,15,-11,-32,-43,-36,-14,13,32,43,45,27,-2,-31,-53,-68,-65,-45,-13,19,44,-532,-302,0,0,0,0,0,0,0,0,0,0,0,0,0,0,0,0,0,0,0,0,0,0,0,0,0,0,0,0,0,0,0,0,0,0,0,0,0,0,0,0,0,0,0,0,0,0,0,0,0,0,0,0,0,0,0,0,0,0,0,0,0,0,0,0,0,0,0,0,0,0,0,0,0,0,0,0,0,0,0,0,0,0,0,0,0,0,0,0,0,0,0,0,0,0,0,0,0,0,0,0,0,0,0,0,0,0,0,0,0,0,0,0,0,0,0,0,0,0,0,0,0,0,0,0,0,0,0,0,0,0,0,0,0,0,0,0,0,0,0,0,0,0,0,0,0,0,0,0,0,0,0,0,0,0,0,0,0,0,0,0,0,0,0,0,0,0,0,0,0,0,0,0,0,0,0,0,0,0,0,0,0,0,0,0,0,0,0,0,0,0,0,0,0,0,0,0,0,0,0,0,0,0,0,0,0,0,0,0,0,0,0,0,0,0,0,0,0,0,0,0,0,0,0,0,0,0,0,0,0,0,0,0,0,0,0,0,0,0,0,0,0,0,0,0,0,0,0,0,0,0,0,0,0,0,0,0,-351,932,844,48,50,46,31,4,-24,-48,-66,-75,-63,-39,-4,33,59,70,66,41,8,-26,-59,-70,-59,-34,0,36,60,68,63,40,-1,-41,-70,-71,-49,-13,33,70,83,70,29,-23,-62,-94,-97,-59,-1,64,117,142,115,54,-23,-107,-168,-180,-143,-52,67,172,235,235,170,42,-116,-244,-300,-277,-177,-16,156,297,362,326,197,2,-205,-356,-410,-353,-198,26,248,400,447,373,195,-45,-282,-434,-463,-368,-166,86,313,464,482,366,142,-123,-349,-476,-476,-332,-95,161,373,475,443,284,49,-193,-379,-449,-388,-217,2,212,364,405,324,148,-73,-263,-368,-367,0,-61,146,301,364,313,161,-33,-215,-336,-354,-272,-103,102,272,357,340,224,32,-166,-312,-372,-322,-174,26,215,339,372,293,130,-67,-250,-362,-362,-261,-82,115,264,337,321,213,49,-125,-262,-317,-278,-172,-23,130,235,272,228,120,-14,-132,-209,-214,-162,-66,42,127,167,158,100,13,-70,-124,-137,-108,-47,23,85,116,110,68,3,-65,-106,-112,-85,-31,29,81,114,109,72,16,-43,-85,-105,-97,-55,3,52,80,88,70,37,-2,-41,-69,-75,-55,-22,15,45,57,53,38,7,-24,-43,-45,-33,-7,20,42,48,48,30,-2,-36,-63,-78,-77,-58,797,910
29061,mtk,MTK 7916,2778288262,rx0-tx0,512,-1687,685,745,-355,-305,-242,-167,-82,14,103,197,276,341,396,423,434,412,368,299,216,114,3,-115,-232,-328,-421,-484,-516,-513,-485,-423,-334,-218,-87,49,184,299,408,489,545,564,547,502,429,321,194,55,-84,-216,-337,-433,-517,-563,-567,-555,-511,-428,-328,-212,-79,54,192,313,422,521,584,611,614,574,500,398,276,131,-26,-180,-327,-460,-572,-656,-700,-712,-672,-595,-489,-333,-154,39,233,410,571,708,798,833,824,756,635,473,273,65,-164,-383,-575,-732,-849,-904,-909,-853,-734,-571,-376,-144,97,324,532,710,840,912,927,887,788,643,458,248,9,-231,-455,-644,-791,-273,-942,-931,-864,-738,-568,-368,-131,120,351,569,749,890,966,992,948,843,685,481,246,-14,-276,-522,-741,-910,-1026,-1068,-1039,-953,-789,-574,-325,-45,232,508,749,933,1065,1139,1132,1044,877,654,391,94,-213,-504,-767,-981,-1125,-1200,-1177,-1080,-911,-670,-381,-71,246,558,815,1023,1146,1188,1152,1019,833,587,297,-6,-307,-588,-811,-982,-1068,-1076,-1015,-875,-679,-436,-167,106,360,576,754,860,914,897,811,670,492,287,68,-147,-345,-512,-632,-711,-735,-713,-644,-521,-356,-181,6,198,359,495,590,629,618,566,456,308,136,-51,-229,-381,-482,-531,-513,-440,-311,-145,24,171,255,310,461,-546,-509,-166,6,-98,-202,-279,-323,-318,-271,-188,-82,38,151,244,313,359,373,351,302,222,121,23,-80,-188,-273,-344,-387,-409,-399,-350,-290,-200,-92,19,143,255,350,431,475,484,459,393,298,177,47,-89,-229,-352,-444,-513,-540,-527,-474,-383,-266,-130,14,160,286,396,475,513,521,496,435,342,235,114,-14,-130,-241,-337,-420,-471,-487,-482,-428,-357,-266,-150,-26,92,210,313,398,457,468,453,407,344,257,151,34,-79,-190,-276,-332,-389,-402,-393,-363,-309,-237,-159,-63,15,111,182,238,288,314,322,307,284,241,175,110,53,-20,-79,-128,-175,-216,-245,-264,-267,-265,-730,-206,-173,-126,-56,12,82,153,215,268,307,324,323,306,262,196,121,37,-57,-140,-218,-282,-320,-344,-332,-315,-267,-200,-133,-58,24,88,151,202,242,268,269,262,246,221,188,141,91,39,-17,-73,-123,-167,-215,-250,-273,-283,-283,-258,-226,-178,-117,-47,27,100,175,246,294,330,350,344,312,271,211,133,50,-42,-128,-203,-273,-323,-355,-367,-354,-322,-271,-207,-129,-46,35,118,199,262,315,352,374,365,339,302,237,158,63,-32,-129,-219,-299,-357,-390,-411,-396,-355,-296,-219,-121,-27,72,160,242,307,356,385,383,368,327,277,209,126,39,-51,-138,-212,-1257,-1067,-175,332,164,163,242,309,361,394,402,388,357,300,234,147,51,-51,-154,-252,-340,-409,-455,-472,-469,-424,-364,-279,-166,-46,81,204,324,422,497,537,544,516,460,378,264,137,-4,-139,-265,-382,-475,-535,-571,-569,-537,-465,-372,-261,-125,5,138,269,381,467,537,580,585,555,491,410,304,174,42,-102,-251,-381,-488,-579,-641,-659,-640,-586,-501,-381,-236,-72,100,282,430,577,694,760,780,749,675,565,413,220,15,-193,-400,-580,-731,-831,-884,-884,-817,-691,-530,-326,-101,124,358,562,725,845,915,916,866,761,607,409,185,-48,-276,-494,-674,-809,-896,-933,-907,-822,-682,-509,-1322,-67,165,395,600,763,884,960,959,905,795,633,422,187,-62,-315,-545,-748,-901,-999,-1033,-996,-902,-746,-539,-288,-14,251,504,740,917,1045,1095,1079,997,842,624,368,81,-212,-496,-754,-957,-1103,-1173,-1159,-1066,-898,-667,-392,-84,233,518,782,999,1143,1204,1182,1070,883,641,348,38,-280,-575,-819,-1016,-1129,-1146,-1091,-959,-764,-515,-226,61,343,596,797,939,1008,998,913,778,588,363,123,-132,-359,-548,-693,-793,-825,-796,-716,-586,-427,-236,-37,156,336,491,602,662,683,640,550,428,269,90,-83,-259,-415,-523,-586,-589,-534,-424,-275,-95,85,246,370,430,426,351,235,666,577,1197,1340,1408,-249,-251,-209,-124,-16,103,208,295,349,364,331,271,189,88,-27,-139,-235,-316,-362,-380,-378,-345,-278,-198,-99,2,116,219,310,386,421,441,425,375,301,201,75,-54,-184,-304,-411,-482,-517,-520,-482,-397,-287,-155,-11,134,268,380,468,523,543,514,456,364,243,110,-22,-153,-273,-373,-441,-486,-496,-473,-426,-348,-253,-136,-20,108,234,325,411,463,484,474,432,363,268,151,28,-86,-193,-290,-371,-424,-441,-433,-395,-322,-249,-158,-50,50,146,230,290,338,354,359,344,295,242,170,91,13,-63,-129,-195,-239,-263,-280,-286,-265,-243,-209,-157,-104,-47,5,62,-128,173,214,262,291,296,288,263,222,169,97,17,-65,-147,-227,-284,-320,-347,-347,-320,-278,-207,-131,-44,42,121,199,252,283,314,307,290,258,212,158,96,28,-32,-92,-137,-180,-216,-241,-260,-262,-253,-231,-200,-164,-109,-59,-3,63,135,192,243,278,306,316,308,286,237,173,101,16,-75,-154,-226,-293,-335,-364,-368,-341,-304,-243,-167,-82,9,92,173,243,296,336,354,357,348,308,253,183,108,21,-70,-150,-233,-304,-360,-392,-396,-382,-340,-276,-189,-101,-5,100,191,272,341,382,398,395,363,313,241,164,71,-14,-102,-186,-260,-319,-354,-371,-374,-346,-300,681,965
29062,mtk,MTK 7916,2778288262,rx0-tx1,512,-144,-410,-467,121,365,581,768,913,1008,1043,1014,941,801,602,377,134,-129,-385,-617,-812,-968,-1056,-1087,-1056,-956,-809,-612,-369,-109,161,421,658,863,1013,1108,1139,1098,991,824,618,368,97,-180,-460,-713,-923,-1076,-1168,-1192,-1134,-1010,-834,-607,-341,-58,230,499,747,953,1098,1179,1184,1119,996,815,597,335,52,-231,-507,-743,-938,-1082,-1176,-1189,-1130,-1015,-835,-605,-344,-66,226,508,761,967,1122,1220,1226,1160,1032,844,607,323,14,-298,-592,-849,-1045,-1185,-1251,-1235,-1143,-974,-749,-478,-183,115,420,685,898,1071,1165,1184,1134,1009,837,611,344,67,-208,-465,-693,-878,-1004,-1075,-1075,-1023,-910,146,-532,-291,-32,225,473,685,858,991,1062,1067,1008,895,714,499,249,-15,-281,-539,-758,-927,-1049,-1100,-1094,-1015,-868,-663,-417,-149,134,402,656,874,1017,1110,1138,1086,967,791,570,300,7,-278,-547,-787,-970,-1090,-1149,-1137,-1051,-899,-681,-422,-138,166,462,722,929,1084,1158,1161,1087,933,726,467,175,-121,-409,-673,-884,-1040,-1119,-1125,-1036,-884,-678,-412,-138,148,424,648,827,951,992,964,879,722,530,306,65,-164,-376,-565,-707,-784,-808,-766,-684,-555,-395,-208,-3,192,362,510,613,659,657,600,502,373,200,19,-161,-321,-443,-517,-537,-497,-404,-272,-111,50,184,279,308,-128,-248,0,-24,-13,-230,-352,-428,-440,-390,-273,-123,56,232,388,496,556,566,522,433,300,142,-19,-181,-330,-457,-553,-604,-621,-592,-513,-404,-256,-93,82,254,412,552,650,722,736,706,616,486,321,138,-75,-288,-489,-663,-796,-877,-898,-861,-761,-596,-393,-150,114,368,599,803,947,1029,1033,974,837,635,404,158,-115,-382,-624,-827,-978,-1058,-1072,-1020,-893,-705,-479,-211,67,343,588,800,965,1059,1083,1038,924,746,521,275,6,-262,-500,-714,-887,-985,-1029,-1014,-932,-796,-608,-394,-155,96,339,555,733,867,955,991,957,870,725,553,345,114,-129,-363,-571,-755,-896,-976,-1017,-992,-897,-752,-411,-341,-94,169,420,664,858,1006,1097,1116,1067,959,788,554,290,2,-297,-572,-816,-1023,-1159,-1228,-1213,-1126,-964,-734,-453,-149,161,470,749,979,1142,1233,1252,1192,1055,854,611,327,22,-282,-555,-807,-1004,-1143,-1218,-1204,-1131,-995,-799,-561,-285,0,289,560,792,982,1114,1184,1183,1115,984,788,558,296,6,-294,-553,-790,-989,-1134,-1205,-1204,-1128,-988,-798,-553,-274,28,320,585,835,1027,1148,1206,1201,1114,957,744,496,206,-86,-370,-632,-864,-1032,-1132,-1174,-1141,-1040,-880,-664,-419,-139,147,415,656,856,1001,1089,1107,1059,952,796,585,339,84,-175,-415,-640,-818,-945,-1020,-1029,-982,5,-6,147,-257,-139,1014,953,843,687,486,255,-2,-247,-484,-704,-877,-993,-1059,-1069,-1006,-886,-718,-503,-246,16,286,534,745,928,1048,1106,1103,1033,906,722,494,236,-39,-311,-568,-790,-971,-1102,-1164,-1155,-1084,-938,-738,-492,-218,72,359,622,850,1028,1142,1188,1167,1077,928,718,468,191,-101,-383,-645,-859,-1024,-1138,-1188,-1167,-1075,-916,-715,-476,-205,86,360,617,853,1029,1148,1201,1190,1102,947,738,493,204,-105,-399,-671,-906,-1088,-1209,-1253,-1218,-1109,-928,-690,-416,-105,207,510,780,990,1140,1213,1225,1154,998,804,551,258,-35,-325,-586,-806,-982,-1092,-1126,-1103,-1017,-875,-677,-437,-175,89,341,579,206,935,1031,1067,1044,961,813,626,402,151,-112,-365,-605,-804,-954,-1055,-1086,-1058,-959,-795,-589,-339,-70,203,466,706,899,1034,1108,1113,1050,932,730,486,226,-60,-342,-603,-825,-1002,-1121,-1153,-1112,-1012,-842,-619,-358,-74,217,497,746,948,1085,1158,1159,1075,918,704,450,163,-130,-430,-696,-911,-1070,-1151,-1149,-1078,-922,-707,-451,-165,133,420,663,871,1008,1065,1059,967,805,607,359,93,-161,-409,-613,-764,-865,-895,-862,-778,-644,-461,-255,-36,175,363,524,642,715,730,689,603,479,312,127,-59,-241,-386,-512,-588,-608,-574,-487,-358,-201,-27,146,287,390,439,425,352,237,102,-476,-429,0,-20,-36,-280,-190,-46,118,282,417,503,528,489,394,253,95,-77,-239,-385,-498,-568,-590,-568,-502,-400,-263,-103,59,228,376,502,600,655,666,627,554,437,291,117,-79,-273,-454,-601,-715,-792,-824,-786,-695,-550,-364,-137,100,332,556,739,884,973,988,928,807,631,402,149,-122,-383,-638,-834,-968,-1043,-1055,-988,-862,-678,-443,-176,92,361,610,817,975,1069,1088,1036,916,738,503,237,-34,-300,-548,-768,-928,-1033,-1072,-1027,-923,-772,-563,-321,-74,187,426,639,807,924,991,996,941,829,667,466,245,5,-231,-456,-650,-807,-924,-985,-984,-919,-809,-656,-453,-228,11,266,497,700,-92,989,1050,1054,996,875,681,454,192,-85,-358,-615,-849,-1023,-1134,-1184,-1154,-1049,-886,-659,-385,-82,231,523,794,1010,1166,1241,1241,1165,1012,794,525,228,-83,-387,-669,-905,-1085,-1199,-1241,-1205,-1099,-929,-695,-443,-153,150,432,692,907,1071,1172,1203,1167,1061,892,673,419,138,-145,-423,-686,-900,-1056,-1161,-1207,-1166,-1059,-904,-694,-433,-144,151,439,695,916,1086,1193,1224,1172,1063,893,652,380,100,-198,-484,-745,-944,-1100,-1182,-1193,-1133,-1013,-825,-578,-317,-34,254,525,759,945,1070,1146,1134,1057,921,733,503,248,-28,-290,-536,-746,-917,-1019,-1068,-1051,-978,-847,-657,-444,-205,44,292,6,6
29063,mtk,MTK 7916,2778288262,rx1-tx0,512,0,-84,192,279,81,-121,-301,-464,-611,-728,-790,-806,-782,-721,-628,-486,-323,-142,51,235,416,565,692,780,830,831,782,696,563,406,222,16,-205,-406,-579,-735,-854,-924,-933,-894,-808,-676,-493,-273,-39,206,446,669,854,990,1077,1097,1056,954,787,560,308,16,-286,-574,-849,-1047,-1190,-1274,-1276,-1196,-1034,-799,-504,-174,168,518,829,1087,1273,1376,1394,1322,1167,917,622,286,-64,-419,-744,-1015,-1225,-1349,-1393,-1347,-1217,-1007,-734,-416,-71,272,593,876,1101,1261,1338,1327,1228,1056,819,539,221,-121,-439,-730,-971,-1143,-1250,-1275,-1205,-1070,-873,-619,-322,-5,301,575,832,1028,1148,1198,1166,1068,-136,668,411,120,-174,-445,-694,-890,-1023,-1102,-1104,-1039,-909,-717,-484,-221,37,299,552,764,920,1019,1051,1009,910,753,544,309,55,-201,-436,-650,-805,-910,-958,-949,-882,-746,-569,-369,-145,84,301,486,649,775,830,841,810,721,587,427,246,48,-137,-329,-490,-622,-721,-759,-759,-724,-643,-514,-358,-181,-1,190,373,529,643,722,753,728,662,547,398,228,40,-147,-325,-477,-593,-662,-693,-673,-605,-497,-361,-201,-33,133,291,421,519,576,587,568,505,408,279,137,-11,-158,-293,-398,-476,-506,-499,-456,-374,-255,-124,23,157,275,368,414,405,353,271,163,38,-74,-170,-208,-504,-484,0,14,-181,-83,0,106,200,272,313,321,275,202,110,2,-99,-196,-273,-321,-344,-346,-316,-269,-203,-111,-15,76,167,253,316,361,385,389,363,322,250,163,57,-56,-174,-291,-389,-467,-517,-539,-522,-470,-367,-243,-81,75,239,395,530,632,684,698,660,578,435,265,74,-133,-330,-506,-646,-750,-797,-795,-736,-623,-480,-303,-97,119,340,542,697,812,878,883,825,715,558,366,125,-111,-344,-564,-732,-866,-942,-954,-900,-784,-605,-408,-158,91,337,564,748,888,968,991,937,805,648,445,206,-37,-295,-525,-727,-873,-958,-985,-945,-857,-701,-497,-273,-30,218,454,645,801,917,962,236,887,763,600,397,155,-82,-319,-535,-718,-866,-955,-990,-954,-869,-729,-534,-314,-70,186,425,648,822,954,1018,1020,962,841,672,458,213,-46,-302,-520,-723,-897,-995,-1037,-1037,-958,-818,-628,-400,-151,102,353,585,787,947,1044,1076,1048,963,827,626,381,115,-158,-426,-666,-871,-1025,-1117,-1150,-1105,-989,-815,-578,-312,-21,269,551,800,993,1130,1190,1169,1075,937,719,450,171,-131,-424,-674,-888,-1058,-1139,-1160,-1097,-963,-784,-556,-298,-31,256,518,736,902,1015,1074,1051,964,838,651,421,168,-81,-324,-549,-729,-872,-955,-978,-949,-847,-707,-524,-307,-81,145,356,547,696,796,854,383,340,0,-515,-482,-777,-823,-814,-758,-673,-550,-387,-197,-12,178,352,513,648,734,793,803,777,706,588,438,262,79,-120,-312,-495,-652,-765,-842,-877,-866,-794,-687,-537,-350,-134,92,316,528,715,861,959,1004,999,931,805,627,417,166,-101,-369,-623,-848,-1019,-1137,-1200,-1176,-1085,-918,-678,-412,-98,226,547,830,1077,1248,1342,1360,1286,1114,875,578,241,-120,-466,-796,-1066,-1262,-1381,-1411,-1350,-1195,-968,-674,-342,3,352,674,953,1167,1309,1366,1337,1223,1032,774,481,149,-188,-512,-799,-1034,-1200,-1301,-1306,-1228,-1078,-851,-577,-272,61,377,655,896,1085,1197,1234,1188,1080,901,643,360,58,-242,-516,1335,-958,-1085,-1149,-1126,-1049,-902,-694,-447,-172,111,374,623,829,984,1063,1069,1027,911,737,520,273,6,-254,-495,-704,-859,-956,-997,-976,-889,-750,-552,-338,-100,135,370,579,732,839,899,899,841,733,583,393,187,-7,-215,-413,-571,-689,-770,-803,-786,-728,-616,-484,-314,-118,72,251,423,566,676,741,757,736,660,544,392,223,30,-163,-342,-503,-619,-699,-729,-709,-642,-537,-396,-234,-54,135,309,447,555,620,645,626,557,450,319,170,17,-135,-282,-402,-493,-535,-544,-516,-443,-341,-211,-73,69,203,324,402,451,460,427,356,248,111,-31,-153,-251,-320,-334,-303,-232,-139,89,-178,0,373,329,211,258,258,212,134,34,-81,-190,-267,-324,-344,-332,-295,-221,-132,-36,65,155,230,298,344,361,355,330,280,208,126,30,-75,-174,-265,-346,-409,-444,-453,-438,-394,-312,-203,-76,61,200,338,464,559,617,619,597,520,409,257,83,-100,-286,-461,-609,-703,-762,-760,-705,-605,-457,-279,-72,130,341,518,664,770,828,835,789,673,514,330,119,-112,-342,-551,-719,-854,-921,-917,-867,-755,-590,-388,-149,97,337,568,748,885,967,974,931,814,638,422,183,-68,-335,-562,-741,-893,-966,-989,-945,-838,-679,-465,-231,16,260,491,697,845,934,976,953,860,714,538,320,78,-351,-387,-581,-750,-885,-960,-963,-916,-807,-658,-460,-234,11,256,482,691,850,954,1007,990,918,794,617,393,136,-118,-376,-600,-790,-933,-1019,-1042,-993,-885,-742,-537,-292,-51,202,455,667,850,976,1042,1053,1004,890,721,511,265,10,-254,-501,-726,-914,-1043,-1103,-1107,-1037,-907,-724,-485,-218,60,347,607,840,1022,1132,1178,1149,1055,882,659,392,97,-209,-489,-744,-964,-1098,-1167,-1174,-1092,-946,-761,-511,-232,55,347,599,810,978,1077,1121,1093,977,809,595,360,95,-179,-421,-637,-823,-953,-1018,-1019,-962,-845,-682,-481,-245,-7,236,457,638,792,887,925,907,833,718,552,365,164,-31,164
29064,mtk,MTK 7916,2778288262,rx1-tx1,512,0,0,0,5,-359,-628,-723,-615,-328,52,414,664,722,576,267,-121,-475,-695,-717,-525,-180,213,548,731,704,478,107,-300,-624,-776,-705,-425,-18,398,707,820,701,375,-66,-496,-786,-858,-686,-309,151,581,861,894,669,253,-244,-681,-934,-926,-656,-190,334,773,999,948,627,124,-413,-843,-1045,-960,-602,-68,481,890,1061,942,554,11,-532,-923,-1062,-909,-502,46,578,948,1053,859,423,-123,-633,-965,-1031,-804,-345,198,679,976,995,731,262,-281,-732,-981,-951,-648,-166,366,791,986,903,564,64,-448,-836,-997,-874,-505,6,520,889,1009,836,428,-96,-595,-931,-1003,-788,-363,166,663,0,1006,766,305,-248,-729,-1015,-1025,-743,-254,314,800,1067,1040,728,202,-382,-865,-1117,-1067,-725,-174,437,930,1167,1086,714,141,-474,-971,-1208,-1116,-716,-124,509,1002,1229,1125,710,96,-546,-1040,-1252,-1123,-687,-64,584,1071,1261,1117,672,27,-636,-1120,-1305,-1145,-673,-9,665,1163,1358,1198,713,32,-664,-1185,-1400,-1251,-778,-101,595,1141,1387,1281,852,206,-489,-1054,-1335,-1268,-895,-303,355,911,1220,1214,906,373,-232,-756,-1082,-1119,-869,-414,120,603,929,1013,832,446,-29,-479,-796,-906,-791,-480,-67,349,670,821,771,548,201,-178,-500,-707,-755,-644,-406,-109,186,421,557,577,502,358,0,0,0,0,0,79,226,355,438,451,377,222,6,-232,-438,-559,-567,-449,-227,54,331,544,637,574,374,81,-249,-529,-679,-667,-491,-180,179,498,706,734,572,260,-129,-491,-736,-798,-654,-340,72,481,767,862,735,412,-27,-457,-776,-901,-797,-486,-49,408,767,926,845,548,119,-347,-724,-902,-843,-566,-149,299,655,834,792,542,145,-279,-613,-774,-719,-472,-104,287,598,730,654,396,31,-339,-606,-701,-596,-323,41,396,638,699,565,271,-101,-447,-672,-703,-547,-232,147,496,708,722,536,203,-191,-531,-728,-736,-544,-200,202,546,732,726,524,183,-206,-534,-707,-681,-475,-146,217,521,0,629,413,82,-266,-527,-638,-565,-330,-2,325,557,630,525,264,-76,-398,-596,-619,-476,-197,140,446,622,615,431,120,-226,-504,-642,-591,-363,-35,305,568,662,568,303,-56,-406,-646,-693,-537,-225,156,507,725,736,539,188,-232,-602,-805,-780,-544,-159,282,656,854,816,552,133,-327,-695,-878,-817,-533,-112,335,691,855,780,496,79,-352,-679,-817,-726,-433,-33,365,652,752,636,343,-35,-387,-623,-677,-532,-237,121,438,618,615,433,126,-215,-488,-617,-562,-338,-22,304,543,622,525,268,-74,-392,-599,-634,-485,-195,154,462,640,634,444,126,-228,-529,-680,-635,-412,-72,0,0,0,0,0,709,620,349,-21,-386,-642,-721,-591,-295,83,443,675,710,553,232,-161,-507,-708,-708,-501,-148,251,585,755,707,453,62,-347,-662,-799,-704,-397,20,441,745,838,692,347,-110,-547,-831,-877,-678,-283,201,635,898,908,662,229,-283,-726,-968,-939,-643,-160,372,798,1009,943,617,110,-439,-868,-1051,-939,-573,-46,502,911,1066,922,523,-18,-560,-946,-1062,-886,-467,87,613,967,1041,823,387,-153,-652,-966,-1005,-761,-301,240,710,979,973,686,205,-326,-765,-987,-927,-605,-114,408,813,985,887,536,31,-480,-858,-1000,-861,-471,57,563,910,1006,825,406,-133,-632,-954,-1014,-791,0,206,692,991,1014,751,276,-283,-770,-1040,-1025,-729,-222,354,841,1094,1046,720,191,-408,-900,-1147,-1082,-719,-157,455,945,1181,1099,716,134,-492,-994,-1226,-1111,-702,-108,527,1032,1257,1129,691,71,-566,-1053,-1259,-1123,-680,-48,603,1093,1285,1131,662,7,-650,-1140,-1327,-1156,-683,-6,684,1187,1382,1219,735,56,-646,-1178,-1401,-1269,-814,-156,543,1109,1377,1287,880,259,-421,-983,-1280,-1242,-896,-335,296,832,1143,1160,883,402,-170,-687,-1009,-1063,-845,-431,74,544,862,955,801,457,16,-415,-730,-859,-778,-509,-124,277,592,765,766,595,296,-51,-370,-600,-698,-655,-496,-269,-24,186,333,0,0,0,0,0,-338,-309,-217,-61,131,320,469,533,494,356,130,-143,-392,-563,-612,-525,-316,-23,283,530,660,627,431,128,-212,-507,-686,-697,-529,-215,158,493,713,764,615,297,-101,-484,-753,-828,-698,-376,56,471,770,884,770,454,14,-431,-769,-914,-827,-530,-86,381,740,920,857,566,132,-326,-693,-871,-819,-555,-153,282,630,807,763,510,129,-277,-601,-753,-689,-436,-67,315,609,720,627,361,-8,-377,-629,-702,-578,-289,76,422,656,704,558,250,-133,-477,-687,-718,-543,-213,177,519,727,731,535,198,-196,-542,-739,-735,-534,-188,204,537,721,706,507,170,-209,-523,-687,-656,-447,0,241,525,652,596,376,52,-290,-553,-643,-546,-303,29,355,574,629,497,225,-115,-419,-608,-621,-453,-156,185,473,627,604,409,88,-260,-529,-649,-579,-337,0,346,599,678,556,266,-107,-462,-691,-717,-541,-211,194,557,765,763,541,164,-267,-636,-831,-796,-543,-139,314,682,864,817,548,123,-334,-697,-873,-810,-520,-99,342,691,842,761,473,63,-354,-664,-782,-683,-398,-6,379,638,710,589,297,-76,-413,-623,-647,-482,-184,163,456,609,587,388,74,-260,-515,-617,-542,-306,30,357,579,635,502,228,-107,-422,-621,-633,-465,-160,193,493,656,635,432,100,-266,-554,-696,0,0
29065,mtk,MTK 7916,2778288262,rx2-tx0,512,0,0,0,217,-162,-501,-701,-709,-523,-185,201,525,711,703,501,163,-216,-539,-712,-688,-470,-124,254,557,704,660,430,81,-279,-564,-684,-610,-370,-34,307,568,669,574,318,-20,-344,-569,-629,-506,-240,86,385,563,576,431,167,-147,-418,-559,-534,-355,-73,223,450,539,477,274,-9,-286,-471,-518,-410,-180,103,356,508,509,357,99,-185,-413,-530,-489,-299,-23,264,471,548,469,252,-39,-328,-517,-550,-435,-203,98,372,533,541,400,145,-149,-394,-533,-522,-356,-86,202,428,531,486,301,28,-247,-449,-523,-445,-241,31,293,467,514,409,187,-86,-335,-490,-498,-358,-121,146,371,0,471,308,53,-219,-426,-509,-447,-252,16,283,473,528,427,204,-83,-354,-532,-559,-420,-165,145,421,577,572,405,117,-214,-491,-632,-600,-401,-79,269,552,689,634,396,43,-327,-616,-737,-655,-381,0,383,679,797,688,385,-30,-448,-753,-864,-749,-422,35,488,813,927,807,470,-4,-481,-837,-980,-864,-525,-52,449,821,985,900,584,120,-374,-775,-974,-916,-629,-192,292,698,917,897,652,246,-215,-612,-843,-861,-658,-297,123,499,744,805,663,361,-20,-381,-643,-735,-647,-413,-84,256,517,644,623,463,206,-93,-355,-520,-575,-509,-338,-112,114,296,404,428,375,270,135,0,0,0,0,0,-68,45,172,295,376,389,333,203,13,-193,-363,-466,-475,-377,-192,50,288,460,526,473,307,58,-214,-443,-561,-538,-383,-126,168,423,581,594,449,191,-126,-421,-615,-650,-512,-242,86,398,625,689,565,294,-46,-382,-625,-703,-606,-346,11,354,605,708,620,370,27,-320,-579,-675,-594,-356,-28,295,538,634,558,330,19,-285,-501,-574,-495,-282,13,294,476,524,423,205,-72,-318,-462,-478,-352,-114,147,362,477,447,284,40,-216,-415,-502,-442,-245,24,289,479,533,434,211,-76,-347,-521,-549,-426,-180,125,398,563,575,418,140,-171,-441,-604,-590,-405,-112,213,484,0,602,400,88,-258,-531,-661,-610,-388,-60,294,569,683,610,362,13,-334,-590,-690,-596,-340,9,363,617,695,579,312,-48,-391,-616,-666,-533,-257,93,417,615,639,478,179,-169,-468,-627,-605,-412,-91,258,527,645,576,337,-6,-347,-593,-667,-550,-273,94,442,667,704,543,226,-157,-503,-710,-716,-527,-187,210,553,735,713,495,140,-252,-575,-736,-689,-454,-92,293,596,730,653,392,28,-337,-606,-705,-600,-325,40,385,613,666,530,245,-112,-429,-625,-643,-469,-166,180,473,632,610,410,91,-255,-526,-645,-583,-353,-13,331,581,669,564,299,-54,-396,-625,-688,-558,-258,0,0,0,0,0,682,709,533,206,-177,-514,-708,-707,-513,-178,210,538,714,701,492,145,-239,-553,-712,-677,-454,-108,263,558,698,638,400,60,-295,-565,-675,-596,-350,-11,322,560,644,543,285,-50,-365,-567,-601,-467,-204,114,392,554,553,392,123,-183,-429,-545,-505,-318,-39,249,460,533,446,226,-57,-323,-490,-519,-391,-142,139,378,508,489,328,64,-220,-447,-541,-476,-274,9,294,496,551,449,224,-73,-346,-516,-545,-418,-172,121,379,526,531,380,113,-178,-415,-536,-508,-334,-60,228,443,531,466,270,2,-270,-462,-517,-429,-216,58,319,483,502,382,156,-119,-359,-487,-480,-341,0,182,396,497,459,284,22,-244,-444,-515,-431,-224,50,317,498,538,423,181,-121,-391,-558,-569,-414,-137,185,458,607,587,400,90,-247,-518,-657,-615,-394,-55,306,590,716,646,393,21,-366,-655,-764,-668,-391,8,418,719,828,709,400,-28,-467,-792,-904,-772,-432,24,495,839,959,832,488,11,-469,-842,-996,-886,-555,-82,413,804,978,910,607,150,-339,-739,-943,-904,-642,-217,261,658,883,878,647,267,-164,-553,-799,-831,-660,-332,69,447,695,769,658,384,25,-319,-577,-693,-643,-442,-145,173,438,587,601,492,277,6,-243,-427,-515,-494,-383,-212,-28,136,248,293,0,0,0,0,0,-267,-301,-285,-209,-79,89,255,384,444,416,301,107,-118,-326,-467,-510,-431,-250,-11,243,449,545,510,352,100,-184,-428,-568,-564,-416,-160,143,416,593,618,478,219,-105,-414,-617,-665,-541,-276,67,399,631,701,586,322,-23,-368,-621,-715,-617,-353,-10,331,589,694,612,368,33,-309,-563,-660,-582,-349,-32,280,512,604,529,313,11,-287,-490,-551,-458,-240,40,303,470,496,383,159,-109,-343,-475,-464,-318,-80,182,392,492,444,264,7,-255,-450,-520,-437,-227,54,321,499,541,426,189,-103,-375,-541,-557,-423,-167,142,422,581,575,415,135,-190,-468,-613,-586,-408,0,238,509,645,603,391,70,-274,-545,-667,-611,-384,-44,310,575,685,606,358,10,-343,-599,-692,-597,-327,27,373,616,681,558,284,-68,-399,-617,-660,-515,-225,127,443,624,623,441,129,-217,-499,-635,-589,-375,-48,300,558,655,559,306,-40,-396,-640,-690,-544,-247,129,475,686,707,530,206,-185,-534,-729,-719,-508,-156,240,567,744,712,480,116,-276,-590,-733,-669,-422,-63,315,605,718,626,357,-9,-362,-608,-682,-565,-284,74,403,622,660,502,207,-141,-453,-630,-624,-439,-126,217,504,649,600,377,50,-297,-557,-657,-575,-327,17,364,606,676,558,280,-81,-421,-646,0,0
29066,mtk,MTK 7916,2778288262,rx2-tx1,512,0,0,0,-177,145,432,603,614,461,178,-156,-449,-622,-626,-467,-184,148,447,631,637,466,179,-158,-462,-637,-634,-459,-163,174,463,626,614,434,133,-208,-505,-662,-629,-427,-105,249,533,674,641,432,98,-264,-558,-703,-672,-458,-120,255,555,706,681,472,137,-226,-526,-687,-656,-458,-154,183,476,632,617,444,165,-162,-441,-588,-580,-423,-162,138,390,525,521,381,150,-113,-336,-459,-463,-344,-129,95,283,390,385,278,99,-92,-241,-324,-315,-215,-63,95,209,261,248,158,23,-107,-196,-228,-204,-116,3,106,177,195,153,73,-24,-108,-160,-164,-115,-31,56,117,141,126,80,0,-69,-110,-122,-93,-31,45,101,125,123,81,16,-61,-124,-150,-132,-75,-2,73,132,162,144,92,29,-50,-122,-155,-149,-105,-36,28,81,119,130,107,66,15,-36,-69,-78,-75,-68,-49,-25,-6,17,30,39,52,64,67,69,56,15,-38,-81,-120,-140,-131,-92,-15,72,142,193,205,170,95,-20,-134,-211,-244,-223,-144,-26,98,202,258,252,185,83,-58,-188,-266,-279,-229,-129,9,148,244,272,238,157,28,-111,-215,-260,-239,-169,-64,60,172,236,238,190,98,-19,-132,-207,-230,-203,-126,-19,77,161,211,208,167,99,16,-65,-125,-158,-162,-138,-94,-41,0,0,0,0,0,-48,-103,-144,-166,-160,-122,-57,33,125,196,229,217,165,76,-43,-157,-234,-261,-232,-149,-27,106,211,278,276,209,89,-59,-192,-279,-306,-258,-141,11,161,272,317,286,183,40,-119,-255,-324,-304,-213,-80,73,207,287,291,227,107,-40,-166,-255,-277,-220,-113,13,130,204,224,190,112,11,-84,-154,-168,-132,-74,9,76,108,109,75,17,-35,-58,-66,-50,1,55,80,77,41,-20,-81,-120,-133,-110,-43,54,150,203,207,155,52,-67,-185,-262,-265,-199,-72,87,238,328,325,240,94,-98,-276,-386,-398,-304,-133,91,298,430,449,353,159,-81,-311,-464,-495,0,-195,71,327,504,551,451,231,-51,-332,-532,-592,-493,-263,39,333,545,616,526,302,-6,-320,-551,-638,-550,-316,-8,306,550,640,562,337,23,-298,-533,-624,-560,-342,-26,298,529,608,528,309,7,-296,-513,-593,-509,-290,9,296,509,575,473,249,-31,-303,-489,-532,-433,-217,55,299,463,488,371,159,-94,-315,-439,-433,-308,-98,133,328,422,385,250,37,-191,-358,-418,-353,-186,31,238,375,401,313,134,-82,-273,-392,-392,-275,-78,150,325,407,377,232,10,-219,-383,-440,-375,-198,45,282,439,476,388,178,-90,-339,-501,-529,-405,-173,111,370,532,557,431,180,0,0,0,0,0,-588,-609,-460,-180,148,440,621,628,460,179,-150,-440,-617,-641,-485,-188,158,456,628,634,470,176,-168,-464,-626,-619,-448,-148,194,479,640,622,425,119,-224,-512,-664,-635,-428,-102,257,546,694,656,439,98,-263,-556,-709,-673,-462,-128,243,544,704,679,472,149,-206,-503,-668,-655,-470,-167,178,464,617,609,449,168,-147,-415,-562,-554,-408,-155,126,364,498,497,357,134,-105,-296,-417,-423,-313,-124,81,254,354,350,244,82,-89,-224,-289,-274,-185,-48,95,206,249,214,132,16,-112,-194,-213,-170,-93,10,108,165,175,133,55,-31,-109,-151,-143,-88,-11,63,116,0,108,46,-25,-83,-117,-120,-91,-25,46,96,124,120,81,15,-62,-124,-154,-144,-95,-19,62,129,156,142,98,34,-41,-105,-137,-138,-115,-58,6,51,84,100,95,67,34,-4,-35,-46,-55,-65,-57,-47,-46,-38,-17,10,41,74,103,113,92,58,5,-74,-135,-172,-182,-140,-52,56,151,211,229,197,113,5,-110,-209,-262,-246,-172,-46,84,199,271,279,216,98,-39,-164,-249,-279,-239,-130,1,128,225,271,256,170,45,-83,-190,-249,-245,-183,-80,40,149,224,242,195,108,1,-109,-187,-221,-205,-151,-70,33,121,179,197,176,124,57,-8,-66,-104,-108,0,0,0,0,0,108,95,55,-7,-79,-146,-194,-203,-175,-115,-22,89,185,246,251,200,113,-4,-124,-217,-268,-260,-188,-68,70,195,276,290,227,107,-40,-178,-282,-319,-271,-162,-15,146,270,321,303,209,63,-96,-230,-305,-302,-225,-97,51,187,271,289,237,123,-24,-156,-231,-251,-210,-111,-1,109,187,197,155,87,3,-76,-122,-131,-104,-44,16,66,85,69,37,-4,-48,-68,-53,-10,44,89,109,92,46,-35,-116,-162,-171,-133,-48,63,167,233,235,175,57,-91,-217,-301,-309,-228,-81,95,253,357,364,274,113,-90,-279,-403,-424,-330,-142,85,298,440,470,380,181,-81,0,-492,-527,-426,-212,62,336,521,562,464,247,-43,-341,-549,-612,-519,-289,22,334,552,625,543,315,-1,-324,-552,-635,-556,-336,-24,300,537,627,554,334,22,-286,-520,-620,-543,-316,-15,285,516,603,518,289,-7,-299,-510,-580,-490,-275,11,303,504,556,453,237,-36,-298,-472,-511,-406,-186,78,313,453,467,344,128,-117,-321,-435,-425,-291,-74,157,333,405,364,218,0,-224,-367,-401,-333,-167,61,266,386,394,289,107,-111,-310,-410,-384,-257,-51,179,360,427,376,212,-20,-245,-407,-461,-383,-190,69,311,473,503,399,180,-97,-362,-522,-539,-412,-176,116,382,539,0,0
29067,mtk,MTK 7916,2778324201,rx0-tx0,512,0,0,0,0,0,0,0,0,0,0,0,0,0,0,0,0,0,0,0,0,0,0,0,0,0,0,0,0,0,0,0,0,0,0,0,0,0,0,0,0,0,0,0,0,0,0,0,0,0,0,0,0,0,0,0,0,0,0,0,0,0,0,0,0,0,0,0,0,0,0,0,0,0,0,0,0,0,0,0,0,0,0,0,0,0,0,0,0,0,0,0,0,0,0,0,0,0,0,0,0,0,0,0,0,0,0,0,0,0,0,0,0,0,0,0,0,0,0,0,0,0,0,0,0,0,0,0,0,0,0,0,0,0,0,0,0,0,0,0,0,0,0,0,0,0,0,0,0,0,0,0,0,0,0,0,0,0,0,0,0,0,0,0,0,0,0,0,0,0,0,0,0,0,0,0,0,0,0,0,0,0,0,0,0,0,0,0,0,0,0,0,0,0,0,0,0,0,0,0,0,0,0,0,0,0,0,0,0,0,0,0,0,0,0,0,0,0,0,0,0,0,0,0,0,0,0,0,0,0,0,0,0,0,0,0,0,0,0,0,0,0,0,0,0,0,0,0,0,0,0,0,0,0,0,0,0,-273,-942,-931,277,272,184,28,-143,-291,-393,-428,-402,-324,-203,-54,100,250,375,457,498,485,418,313,166,-8,-182,-343,-483,-582,-624,-602,-516,-380,-202,-2,203,384,541,646,688,678,601,466,289,88,-114,-310,-475,-616,-699,-722,-700,-624,-488,-314,-112,95,300,503,659,766,815,803,722,582,384,155,-87,-336,-545,-725,-858,-910,-883,-782,-621,-413,-161,109,356,584,770,887,927,897,795,640,421,165,-92,-334,-554,-729,-847,-895,-870,-783,-631,-432,-208,22,251,454,623,738,804,807,755,652,496,313,113,-93,-292,-472,-622,-724,-776,-775,-730,-626,-481,-303,-90,131,347,540,709,-1687,874,857,779,649,468,239,-16,-258,-496,-700,-849,-948,-970,-918,-797,-617,-386,-124,154,424,667,868,1007,1081,1068,976,806,566,267,-51,-376,-679,-943,-1139,-1251,-1268,-1171,-977,-693,-353,27,413,778,1074,1286,1397,1394,1283,1043,710,324,-96,-516,-884,-1183,-1383,-1470,-1431,-1265,-988,-638,-241,184,595,952,1235,1403,1446,1367,1178,895,532,127,-286,-664,-994,-1232,-1369,-1390,-1284,-1067,-761,-375,28,423,795,1094,1289,1363,1318,1148,860,501,95,-320,-694,-992,-1197,-1284,-1237,-1073,-803,-457,-76,305,649,920,1094,1154,1100,936,674,337,-36,-401,-740,-1003,-1142,-1137,-958,-632,-182,305,700,902,-644,-791,0,0,0,0,0,0,0,0,0,0,0,0,0,0,0,0,0,0,0,0,0,0,0,0,0,0,0,0,0,0,0,0,0,0,0,0,0,0,0,0,0,0,0,0,0,0,0,0,0,0,0,0,0,0,0,0,0,0,0,0,0,0,0,0,0,0,0,0,0,0,0,0,0,0,0,0,0,0,0,0,0,0,0,0,0,0,0,0,0,0,0,0,0,0,0,0,0,0,0,0,0,0,0,0,0,0,0,0,0,0,0,0,0,0,0,0,0,0,0,0,0,0,0,0,0,0,0,0,0,0,0,0,0,0,0,0,0,0,0,0,0,0,0,0,0,0,0,0,0,0,0,0,0,0,0,0,0,0,0,0,0,0,0,0,0,0,0,0,0,0,0,0,0,0,0,0,0,0,0,0,0,0,0,0,0,0,0,0,0,0,0,0,0,0,0,0,0,0,0,0,0,0,0,0,0,0,0,0,0,0,0,0,0,0,0,0,0,0,0,0,0,0,0,0,0,0,0,0,0,0,0,0,0,0,0,0,0,0,0,0,0,0,0,0,0,0,0,0,0,0,0,0,0,0,0,0,-1322,-67,165,-27,-168,-305,-381,-372,-292,-159,2,163,301,402,449,448,397,301,169,16,-152,-303,-426,-515,-555,-534,-466,-345,-181,6,203,377,525,624,664,641,555,420,233,33,-172,-368,-531,-648,-705,-703,-642,-537,-391,-197,6,207,398,561,679,749,758,719,613,447,248,26,-203,-423,-617,-769,-847,-868,-806,-678,-510,-284,-30,229,471,670,825,915,917,856,727,536,301,37,-223,-468,-676,-835,-908,-910,-843,-720,-538,-315,-63,181,411,607,753,835,857,809,701,546,356,146,-75,-280,-470,-624,-735,-790,-786,-730,-631,-484,-300,-98,110,313,500,644,755,815,820,762,652,488,-175,55,-191,-415,-615,-776,-887,-920,-890,-799,-634,-429,-188,78,339,580,779,922,1002,1009,940,800,593,345,63,-242,-530,-791,-997,-1127,-1171,-1130,-996,-783,-491,-157,206,563,879,1125,1286,1345,1293,1137,874,538,149,-256,-652,-997,-1252,-1405,-1449,-1367,-1170,-874,-500,-84,347,747,1077,1309,1438,1449,1329,1102,781,389,-27,-440,-809,-1112,-1316,-1411,-1379,-1235,-985,-655,-273,135,539,887,1161,1332,1371,1303,1121,827,462,56,-354,-740,-1046,-1252,-1337,-1295,-1120,-849,-501,-97,305,665,958,1149,1221,1172,1002,741,410,45,-320,-652,-914,-1080,-1130,-1061,-872,-564,-173,256,665,983,1148,1083,807,441,-682,-509
29068,mtk,MTK 7916,2778324201,rx0-tx1,512,0,0,0,0,0,0,0,0,0,0,0,0,0,0,0,0,0,0,0,0,0,0,0,0,0,0,0,0,0,0,0,0,0,0,0,0,0,0,0,0,0,0,0,0,0,0,0,0,0,0,0,0,0,0,0,0,0,0,0,0,0,0,0,0,0,0,0,0,0,0,0,0,0,0,0,0,0,0,0,0,0,0,0,0,0,0,0,0,0,0,0,0,0,0,0,0,0,0,0,0,0,0,0,0,0,0,0,0,0,0,0,0,0,0,0,0,0,0,0,0,0,0,0,0,0,0,0,0,0,0,0,0,0,0,0,0,0,0,0,0,0,0,0,0,0,0,0,0,0,0,0,0,0,0,0,0,0,0,0,0,0,0,0,0,0,0,0,0,0,0,0,0,0,0,0,0,0,0,0,0,0,0,0,0,0,0,0,0,0,0,0,0,0,0,0,0,0,0,0,0,0,0,0,0,0,0,0,0,0,0,0,0,0,0,0,0,0,0,0,0,0,0,0,0,0,0,0,0,0,0,0,0,0,0,0,0,0,0,0,0,0,0,0,0,0,0,0,0,0,0,0,0,0,0,0,0,-730,-206,-173,-167,-80,58,207,319,374,361,291,171,28,-124,-264,-375,-458,-490,-460,-387,-263,-103,78,267,439,569,645,661,603,482,304,85,-157,-386,-586,-742,-831,-839,-763,-616,-406,-146,130,403,647,835,953,996,954,808,592,326,21,-291,-594,-849,-1026,-1120,-1129,-1038,-845,-585,-270,76,417,727,978,1151,1219,1196,1076,864,573,235,-129,-478,-800,-1056,-1220,-1292,-1258,-1130,-903,-607,-258,115,474,803,1079,1256,1342,1326,1200,978,667,303,-88,-465,-818,-1099,-1294,-1393,-1372,-1241,-1019,-708,-338,61,451,813,1112,1317,1418,1396,1275,1043,726,359,-39,-430,-785,-1075,-1284,-1392,-1394,-1276,-1065,-775,-546,-34,355,705,1010,1237,1370,1384,1304,1129,857,521,145,-246,-612,-946,-1208,-1375,-1428,-1379,-1218,-962,-626,-241,173,582,940,1222,1413,1489,1441,1282,1009,664,258,-164,-570,-942,-1221,-1403,-1476,-1425,-1258,-993,-650,-259,147,545,902,1172,1346,1410,1362,1206,956,632,259,-126,-503,-835,-1089,-1256,-1323,-1283,-1144,-914,-617,-265,108,468,783,1039,1211,1282,1244,1099,864,564,213,-167,-532,-845,-1086,-1229,-1261,-1184,-995,-712,-372,6,382,715,977,1148,1201,1137,956,690,357,4,-342,-647,-874,-1006,-1038,-962,-793,-554,-270,32,318,565,754,863,885,812,648,410,119,-207,-519,-762,-875,-827,-622,-349,-267,-265,0,0,0,0,0,0,0,0,0,0,0,0,0,0,0,0,0,0,0,0,0,0,0,0,0,0,0,0,0,0,0,0,0,0,0,0,0,0,0,0,0,0,0,0,0,0,0,0,0,0,0,0,0,0,0,0,0,0,0,0,0,0,0,0,0,0,0,0,0,0,0,0,0,0,0,0,0,0,0,0,0,0,0,0,0,0,0,0,0,0,0,0,0,0,0,0,0,0,0,0,0,0,0,0,0,0,0,0,0,0,0,0,0,0,0,0,0,0,0,0,0,0,0,0,0,0,0,0,0,0,0,0,0,0,0,0,0,0,0,0,0,0,0,0,0,0,0,0,0,0,0,0,0,0,0,0,0,0,0,0,0,0,0,0,0,0,0,0,0,0,0,0,0,0,0,0,0,0,0,0,0,0,0,0,0,0,0,0,0,0,0,0,0,0,0,0,0,0,0,0,0,0,0,0,0,0,0,0,0,0,0,0,0,0,0,0,0,0,0,0,0,0,0,0,0,0,0,0,0,0,0,0,0,0,0,0,0,0,0,0,0,0,0,0,0,0,0,0,0,0,0,0,0,0,0,0,-128,173,214,180,265,306,268,161,16,-136,-273,-371,-422,-421,-359,-261,-126,39,200,347,471,545,570,530,430,277,91,-121,-337,-526,-672,-753,-756,-680,-542,-348,-106,157,409,628,797,895,910,849,704,491,224,-62,-364,-637,-848,-1005,-1067,-1040,-925,-715,-442,-135,199,526,802,1014,1150,1188,1124,963,723,414,68,-280,-613,-904,-1121,-1241,-1260,-1176,-1001,-739,-415,-62,299,645,940,1159,1290,1312,1234,1062,794,460,97,-287,-644,-963,-1199,-1341,-1374,-1301,-1129,-853,-520,-136,267,640,964,1218,1374,1413,1339,1165,889,543,149,-253,-631,-968,-1218,-1370,-1415,-1347,-1169,-906,-572,-193,201,577,901,1163,1197,1394,1340,1196,960,644,278,-108,-475,-821,-1107,-1297,-1398,-1384,-1269,-1056,-754,-389,1,394,767,1077,1308,1438,1458,1352,1136,830,456,35,-384,-773,-1097,-1332,-1469,-1479,-1382,-1158,-839,-465,-55,363,748,1074,1305,1425,1436,1336,1124,821,456,58,-342,-714,-1018,-1237,-1352,-1360,-1267,-1066,-783,-447,-75,300,650,944,1160,1281,1296,1204,1023,762,434,68,-305,-650,-938,-1145,-1262,-1267,-1156,-949,-661,-307,68,439,773,1031,1193,1243,1176,994,725,389,15,-352,-676,-929,-1082,-1125,-1058,-881,-619,-312,18,330,600,800,918,938,863,712,493,226,-64,-349,-600,-784,-882,-872,-736,-481,-142,225,530,688,5,62
29069,mtk,MTK 7916,2778324201,rx1-tx0,512,0,0,0,0,0,0,0,0,0,0,0,0,0,0,0,0,0,0,0,0,0,0,0,0,0,0,0,0,0,0,0,0,0,0,0,0,0,0,0,0,0,0,0,0,0,0,0,0,0,0,0,0,0,0,0,0,0,0,0,0,0,0,0,0,0,0,0,0,0,0,0,0,0,0,0,0,0,0,0,0,0,0,0,0,0,0,0,0,0,0,0,0,0,0,0,0,0,0,0,0,0,0,0,0,0,0,0,0,0,0,0,0,0,0,0,0,0,0,0,0,0,0,0,0,0,0,0,0,0,0,0,0,0,0,0,0,0,0,0,0,0,0,0,0,0,0,0,0,0,0,0,0,0,0,0,0,0,0,0,0,0,0,0,0,0,0,0,0,0,0,0,0,0,0,0,0,0,0,0,0,0,0,0,0,0,0,0,0,0,0,0,0,0,0,0,0,0,0,0,0,0,0,0,0,0,0,0,0,0,0,0,0,0,0,0,0,0,0,0,0,0,0,0,0,0,0,0,0,0,0,0,0,0,0,0,0,0,0,0,0,0,0,0,0,0,0,0,0,0,0,0,0,0,0,0,0,146,-532,-291,-86,-163,-214,-211,-151,-59,47,145,223,263,273,235,168,90,-8,-104,-191,-254,-292,-299,-275,-216,-126,-25,74,172,259,310,327,318,271,194,106,15,-84,-171,-241,-293,-311,-299,-263,-209,-136,-54,24,106,171,227,273,288,282,252,210,153,89,17,-64,-139,-204,-258,-291,-308,-295,-266,-223,-146,-69,15,112,192,257,324,363,380,358,307,241,150,34,-94,-215,-325,-412,-470,-500,-479,-403,-307,-173,-13,148,304,448,546,589,586,530,422,280,104,-88,-269,-428,-553,-623,-638,-592,-502,-367,-196,-7,174,343,491,588,622,614,547,444,297,133,-43,-217,-374,-501,-144,-613,-582,-519,-404,-259,-88,98,265,405,526,587,604,561,472,346,189,22,-150,-304,-430,-523,-564,-551,-499,-402,-269,-121,43,196,320,415,477,490,462,408,313,193,65,-61,-181,-279,-352,-400,-396,-371,-329,-253,-159,-52,47,142,233,295,332,338,308,272,227,143,58,-25,-115,-185,-232,-272,-291,-286,-260,-206,-153,-81,1,78,146,207,252,274,271,251,220,156,87,-5,-95,-173,-239,-284,-310,-296,-258,-198,-122,-30,69,166,244,301,322,311,257,181,93,-15,-119,-213,-276,-307,-302,-259,-192,-109,-12,91,176,238,276,279,238,160,61,-50,-145,-218,-235,-202,-1023,-910,0,0,0,0,0,0,0,0,0,0,0,0,0,0,0,0,0,0,0,0,0,0,0,0,0,0,0,0,0,0,0,0,0,0,0,0,0,0,0,0,0,0,0,0,0,0,0,0,0,0,0,0,0,0,0,0,0,0,0,0,0,0,0,0,0,0,0,0,0,0,0,0,0,0,0,0,0,0,0,0,0,0,0,0,0,0,0,0,0,0,0,0,0,0,0,0,0,0,0,0,0,0,0,0,0,0,0,0,0,0,0,0,0,0,0,0,0,0,0,0,0,0,0,0,0,0,0,0,0,0,0,0,0,0,0,0,0,0,0,0,0,0,0,0,0,0,0,0,0,0,0,0,0,0,0,0,0,0,0,0,0,0,0,0,0,0,0,0,0,0,0,0,0,0,0,0,0,0,0,0,0,0,0,0,0,0,0,0,0,0,0,0,0,0,0,0,0,0,0,0,0,0,0,0,0,0,0,0,0,0,0,0,0,0,0,0,0,0,0,0,0,0,0,0,0,0,0,0,0,0,0,0,0,0,0,0,0,0,0,0,0,0,0,0,0,0,0,0,0,0,0,0,0,0,0,0,206,935,1031,-159,-104,-12,98,189,242,252,216,145,55,-42,-141,-213,-266,-292,-272,-224,-150,-56,42,145,236,294,316,306,274,204,109,14,-91,-187,-261,-307,-324,-317,-268,-202,-121,-22,68,148,214,266,288,295,275,228,175,102,21,-54,-124,-183,-232,-270,-290,-289,-262,-217,-162,-86,-1,90,159,233,285,308,332,323,282,230,155,65,-39,-153,-248,-330,-392,-432,-434,-399,-327,-226,-103,40,194,330,439,524,564,545,486,380,223,54,-125,-294,-439,-548,-610,-618,-563,-466,-325,-148,43,227,391,519,605,636,610,540,419,251,64,-117,-290,-439,-548,-602,-618,-575,-490,-359,147,-12,162,321,459,550,602,597,536,444,306,139,-36,-215,-362,-482,-558,-584,-565,-489,-376,-228,-63,101,248,384,475,524,534,486,403,292,152,7,-127,-251,-350,-414,-440,-433,-396,-320,-226,-105,11,110,209,289,342,363,354,331,276,196,110,12,-82,-150,-231,-289,-307,-317,-293,-243,-181,-108,-23,58,134,192,231,270,279,263,233,184,120,43,-35,-107,-181,-242,-282,-301,-280,-242,-185,-113,-20,77,162,230,283,313,312,276,207,115,14,-95,-188,-253,-304,-318,-294,-235,-147,-55,47,146,220,270,290,273,218,146,52,-52,-154,-227,-270,-264,-220,-133,-19,75,341,579
29070,mtk,MTK 7916,2778324201,rx1-tx1,512,0,0,0,0,0,0,0,0,0,0,0,0,0,0,0,0,0,0,0,0,0,0,0,0,0,0,0,0,0,0,0,0,0,0,0,0,0,0,0,0,0,0,0,0,0,0,0,0,0,0,0,0,0,0,0,0,0,0,0,0,0,0,0,0,0,0,0,0,0,0,0,0,0,0,0,0,0,0,0,0,0,0,0,0,0,0,0,0,0,0,0,0,0,0,0,0,0,0,0,0,0,0,0,0,0,0,0,0,0,0,0,0,0,0,0,0,0,0,0,0,0,0,0,0,0,0,0,0,0,0,0,0,0,0,0,0,0,0,0,0,0,0,0,0,0,0,0,0,0,0,0,0,0,0,0,0,0,0,0,0,0,0,0,0,0,0,0,0,0,0,0,0,0,0,0,0,0,0,0,0,0,0,0,0,0,0,0,0,0,0,0,0,0,0,0,0,0,0,0,0,0,0,0,0,0,0,0,0,0,0,0,0,0,0,0,0,0,0,0,0,0,0,0,0,0,0,0,0,0,0,0,0,0,0,0,0,0,0,0,0,0,0,0,0,0,0,0,0,0,0,0,0,0,0,0,0,-411,-341,-94,-38,-36,-23,-4,16,41,63,75,75,66,50,23,-12,-43,-62,-72,-75,-65,-42,-8,27,55,69,72,63,44,18,-9,-36,-52,-56,-52,-43,-27,-4,13,22,27,25,20,18,17,14,19,19,17,7,-6,-21,-33,-51,-54,-43,-26,-2,33,62,82,82,68,34,-8,-51,-85,-108,-111,-82,-41,14,65,106,125,109,72,26,-28,-82,-117,-127,-103,-56,4,63,108,127,119,83,36,-22,-80,-116,-119,-106,-65,-13,45,86,107,101,75,35,-13,-55,-82,-87,-72,-45,-18,13,43,59,52,36,13,-8,-18,-15,-5,1,8,8,0,-19,-40,-57,0,-59,-33,10,54,97,139,149,121,63,-16,-102,-176,-217,-212,-165,-81,28,144,234,279,269,206,89,-54,-188,-281,-324,-303,-215,-80,77,222,324,359,318,205,53,-107,-251,-342,-359,-300,-177,-13,149,279,349,341,261,131,-31,-181,-289,-338,-314,-216,-77,73,206,300,326,276,168,28,-120,-244,-314,-318,-247,-125,19,157,265,312,300,228,103,-45,-176,-267,-303,-284,-208,-89,47,164,245,278,258,191,87,-35,-138,-213,-245,-226,-161,-76,22,108,169,198,180,127,55,-24,-100,-148,-160,-141,-95,-27,45,109,150,165,153,115,54,-11,-75,-128,-160,-168,-154,-897,-752,0,0,0,0,0,0,0,0,0,0,0,0,0,0,0,0,0,0,0,0,0,0,0,0,0,0,0,0,0,0,0,0,0,0,0,0,0,0,0,0,0,0,0,0,0,0,0,0,0,0,0,0,0,0,0,0,0,0,0,0,0,0,0,0,0,0,0,0,0,0,0,0,0,0,0,0,0,0,0,0,0,0,0,0,0,0,0,0,0,0,0,0,0,0,0,0,0,0,0,0,0,0,0,0,0,0,0,0,0,0,0,0,0,0,0,0,0,0,0,0,0,0,0,0,0,0,0,0,0,0,0,0,0,0,0,0,0,0,0,0,0,0,0,0,0,0,0,0,0,0,0,0,0,0,0,0,0,0,0,0,0,0,0,0,0,0,0,0,0,0,0,0,0,0,0,0,0,0,0,0,0,0,0,0,0,0,0,0,0,0,0,0,0,0,0,0,0,0,0,0,0,0,0,0,0,0,0,0,0,0,0,0,0,0,0,0,0,0,0,0,0,0,0,0,0,0,0,0,0,0,0,0,0,0,0,0,0,0,0,0,0,0,0,0,0,0,0,0,0,0,0,0,0,0,0,0,-92,989,1050,-31,-51,-65,-71,-72,-64,-48,-25,3,31,54,71,75,71,52,21,-15,-45,-70,-78,-73,-56,-26,5,35,57,70,67,51,31,8,-15,-34,-47,-44,-31,-19,-11,-2,5,5,2,1,5,9,20,32,36,33,29,13,-14,-41,-62,-73,-69,-51,-20,20,58,86,99,92,64,19,-31,-81,-117,-124,-106,-63,-7,47,93,121,122,100,52,-16,-78,-112,-119,-106,-79,-23,39,85,112,124,104,55,-7,-61,-104,-120,-108,-70,-23,25,67,93,98,80,39,-3,-30,-55,-71,-64,-42,-18,7,25,30,27,18,7,-1,0,5,17,32,38,31,10,0,-56,-87,-103,-101,-73,-16,49,111,164,186,165,110,27,-77,-172,-237,-253,-220,-138,-23,111,223,290,308,260,151,6,-143,-267,-337,-337,-270,-145,13,174,297,364,346,248,103,-58,-206,-315,-360,-331,-229,-77,93,238,333,346,289,180,29,-129,-258,-329,-322,-251,-130,19,164,270,318,291,206,73,-75,-209,-292,-310,-269,-175,-42,102,220,291,304,253,150,20,-110,-227,-291,-286,-236,-145,-19,104,200,251,258,212,124,22,-76,-161,-214,-221,-182,-106,-17,65,127,170,174,139,79,4,-65,-123,-156,-151,-121,-70,0,73,125,156,169,158,128,78,21,-40,497,700
29071,mtk,MTK 7916,2778324201,rx2-tx0,512,0,0,0,0,0,0,0,0,0,0,0,0,0,0,0,0,0,0,0,0,0,0,0,0,0,0,0,0,0,0,0,0,0,0,0,0,0,0,0,0,0,0,0,0,0,0,0,0,0,0,0,0,0,0,0,0,0,0,0,0,0,0,0,0,0,0,0,0,0,0,0,0,0,0,0,0,0,0,0,0,0,0,0,0,0,0,0,0,0,0,0,0,0,0,0,0,0,0,0,0,0,0,0,0,0,0,0,0,0,0,0,0,0,0,0,0,0,0,0,0,0,0,0,0,0,0,0,0,0,0,0,0,0,0,0,0,0,0,0,0,0,0,0,0,0,0,0,0,0,0,0,0,0,0,0,0,0,0,0,0,0,0,0,0,0,0,0,0,0,0,0,0,0,0,0,0,0,0,0,0,0,0,0,0,0,0,0,0,0,0,0,0,0,0,0,0,0,0,0,0,0,0,0,0,0,0,0,0,0,0,0,0,0,0,0,0,0,0,0,0,0,0,0,0,0,0,0,0,0,0,0,0,0,0,0,0,0,0,0,0,0,0,0,0,0,0,0,0,0,0,0,0,0,0,0,0,-136,668,411,-1,23,44,66,84,93,88,71,47,17,-20,-53,-75,-87,-89,-73,-43,-6,29,60,82,91,86,68,37,0,-40,-72,-94,-102,-96,-75,-42,-1,42,82,109,123,120,89,42,-16,-75,-122,-153,-163,-141,-83,-5,76,147,193,201,166,91,-5,-100,-178,-224,-233,-191,-96,28,141,232,274,255,180,60,-84,-209,-292,-312,-254,-138,8,167,291,351,328,232,78,-102,-264,-369,-391,-328,-186,5,198,351,431,415,300,115,-99,-291,-425,-464,-397,-236,-21,200,377,469,455,339,143,-94,-305,-440,-482,-413,-243,-21,209,399,489,466,339,125,-120,-336,-472,-497,0,-222,12,250,437,524,489,340,111,-146,-373,-518,-543,-443,-237,23,277,470,563,528,373,131,-143,-386,-545,-585,-496,-294,-24,252,470,582,573,439,205,-74,-336,-524,-598,-542,-373,-123,145,381,530,567,481,300,55,-193,-397,-507,-508,-407,-221,6,220,385,460,434,321,147,-53,-236,-361,-398,-353,-238,-77,93,235,321,334,273,161,21,-122,-235,-292,-282,-212,-101,27,148,232,262,236,159,50,-70,-170,-233,-247,-208,-128,-29,79,173,227,235,196,122,25,-78,-164,-215,-225,-196,-131,-40,55,137,196,218,202,150,76,-6,-89,-158,-199,-215,-205,-170,-122,-60,1166,1068,0,0,0,0,0,0,0,0,0,0,0,0,0,0,0,0,0,0,0,0,0,0,0,0,0,0,0,0,0,0,0,0,0,0,0,0,0,0,0,0,0,0,0,0,0,0,0,0,0,0,0,0,0,0,0,0,0,0,0,0,0,0,0,0,0,0,0,0,0,0,0,0,0,0,0,0,0,0,0,0,0,0,0,0,0,0,0,0,0,0,0,0,0,0,0,0,0,0,0,0,0,0,0,0,0,0,0,0,0,0,0,0,0,0,0,0,0,0,0,0,0,0,0,0,0,0,0,0,0,0,0,0,0,0,0,0,0,0,0,0,0,0,0,0,0,0,0,0,0,0,0,0,0,0,0,0,0,0,0,0,0,0,0,0,0,0,0,0,0,0,0,0,0,0,0,0,0,0,0,0,0,0,0,0,0,0,0,0,0,0,0,0,0,0,0,0,0,0,0,0,0,0,0,0,0,0,0,0,0,0,0,0,0,0,0,0,0,0,0,0,0,0,0,0,0,0,0,0,0,0,0,0,0,0,0,0,0,0,0,0,0,0,0,0,0,0,0,0,0,0,0,0,0,0,0,0,1335,-958,-1085,-70,-75,-71,-58,-36,-7,24,54,78,89,86,70,43,8,-27,-58,-81,-88,-83,-66,-37,-1,31,63,86,94,89,70,37,-3,-41,-77,-100,-111,-106,-84,-45,4,54,97,127,137,125,93,35,-35,-104,-157,-185,-172,-123,-52,37,126,189,216,200,138,39,-69,-170,-237,-254,-220,-136,-15,120,228,285,285,221,97,-61,-199,-297,-331,-295,-193,-35,136,276,362,369,284,132,-55,-235,-364,-414,-371,-246,-56,154,328,429,441,349,178,-40,-253,-410,-480,-439,-296,-81,147,347,469,484,384,196,-36,-258,-424,-490,-443,-290,-71,164,367,488,489,375,174,-71,0,-455,-511,-451,-284,-46,205,409,521,515,394,175,-87,-328,-499,-561,-495,-315,-61,208,432,560,561,433,208,-63,-321,-520,-600,-537,-362,-113,165,410,562,595,501,300,31,-241,-455,-571,-567,-443,-222,40,286,465,545,506,364,148,-94,-306,-449,-490,-429,-281,-79,133,307,412,425,346,198,14,-165,-300,-366,-352,-264,-125,36,184,283,316,284,190,58,-78,-192,-261,-271,-228,-135,-12,107,198,243,238,187,90,-24,-127,-207,-240,-226,-163,-72,31,123,196,231,220,165,80,-20,-117,-186,-220,-214,-171,-99,-10,81,154,201,214,199,153,86,13,-58,-114,-149,-173,-242,-516
29072,mtk,MTK 7916,2778324201,rx2-tx1,512,0,0,0,0,0,0,0,0,0,0,0,0,0,0,0,0,0,0,0,0,0,0,0,0,0,0,0,0,0,0,0,0,0,0,0,0,0,0,0,0,0,0,0,0,0,0,0,0,0,0,0,0,0,0,0,0,0,0,0,0,0,0,0,0,0,0,0,0,0,0,0,0,0,0,0,0,0,0,0,0,0,0,0,0,0,0,0,0,0,0,0,0,0,0,0,0,0,0,0,0,0,0,0,0,0,0,0,0,0,0,0,0,0,0,0,0,0,0,0,0,0,0,0,0,0,0,0,0,0,0,0,0,0,0,0,0,0,0,0,0,0,0,0,0,0,0,0,0,0,0,0,0,0,0,0,0,0,0,0,0,0,0,0,0,0,0,0,0,0,0,0,0,0,0,0,0,0,0,0,0,0,0,0,0,0,0,0,0,0,0,0,0,0,0,0,0,0,0,0,0,0,0,0,0,0,0,0,0,0,0,0,0,0,0,0,0,0,0,0,0,0,0,0,0,0,0,0,0,0,0,0,0,0,0,0,0,0,0,0,0,0,0,0,0,0,0,0,0,0,0,0,0,0,0,0,0,236,887,763,-18,-11,3,22,41,54,62,60,50,34,14,-13,-42,-64,-67,-58,-42,-14,17,46,61,68,55,22,-18,-47,-66,-70,-62,-38,-9,35,72,86,77,59,22,-30,-76,-97,-96,-78,-39,21,79,121,133,111,62,-16,-90,-142,-164,-158,-105,-18,73,152,214,229,182,85,-40,-162,-252,-282,-255,-174,-48,102,238,330,340,270,139,-25,-193,-316,-375,-354,-253,-83,112,285,400,422,344,189,-5,-204,-363,-449,-428,-309,-117,92,286,423,467,396,237,27,-186,-358,-456,-442,-331,-148,63,260,388,433,376,232,42,-155,-311,-395,-381,-276,-105,87,247,345,361,0,149,-23,-190,-301,-338,-295,-181,-17,152,280,342,314,210,60,-107,-259,-342,-338,-255,-116,52,218,336,369,319,197,29,-151,-291,-363,-361,-268,-117,56,215,335,367,315,196,42,-126,-254,-321,-318,-246,-119,34,168,257,288,253,168,58,-66,-173,-230,-221,-164,-82,13,103,163,175,153,94,16,-57,-109,-132,-120,-76,-17,41,83,106,99,69,22,-34,-76,-92,-86,-67,-33,13,55,77,80,66,38,3,-29,-56,-71,-68,-49,-14,19,43,58,55,39,21,-4,-27,-42,-42,-31,-15,6,23,35,37,29,9,-20,-38,-47,-50,-46,-34,-12,19,40,51,917,962,0,0,0,0,0,0,0,0,0,0,0,0,0,0,0,0,0,0,0,0,0,0,0,0,0,0,0,0,0,0,0,0,0,0,0,0,0,0,0,0,0,0,0,0,0,0,0,0,0,0,0,0,0,0,0,0,0,0,0,0,0,0,0,0,0,0,0,0,0,0,0,0,0,0,0,0,0,0,0,0,0,0,0,0,0,0,0,0,0,0,0,0,0,0,0,0,0,0,0,0,0,0,0,0,0,0,0,0,0,0,0,0,0,0,0,0,0,0,0,0,0,0,0,0,0,0,0,0,0,0,0,0,0,0,0,0,0,0,0,0,0,0,0,0,0,0,0,0,0,0,0,0,0,0,0,0,0,0,0,0,0,0,0,0,0,0,0,0,0,0,0,0,0,0,0,0,0,0,0,0,0,0,0,0,0,0,0,0,0,0,0,0,0,0,0,0,0,0,0,0,0,0,0,0,0,0,0,0,0,0,0,0,0,0,0,0,0,0,0,0,0,0,0,0,0,0,0,0,0,0,0,0,0,0,0,0,0,0,0,0,0,0,0,0,0,0,0,0,0,0,0,0,0,0,0,0,-351,-387,-581,-38,-48,-55,-55,-48,-35,-16,11,34,53,66,62,46,23,-7,-34,-47,-57,-61,-46,-17,18,48,65,66,59,41,8,-32,-66,-82,-73,-46,0,41,68,88,94,69,26,-28,-78,-107,-111,-92,-43,26,91,138,152,133,78,-4,-95,-165,-196,-189,-136,-51,52,155,233,261,218,123,3,-131,-249,-323,-319,-234,-91,68,221,328,360,313,202,30,-156,-304,-394,-395,-300,-135,59,253,391,438,387,248,56,-155,-336,-442,-450,-349,-176,34,239,396,458,419,282,85,-128,-315,-435,-454,-370,-200,13,209,355,417,378,259,87,-108,-273,-367,-364,-275,-133,40,0,313,345,288,159,-1,-164,-290,-339,-302,-198,-39,127,257,334,324,232,91,-82,-244,-337,-351,-296,-172,6,186,315,369,339,232,75,-102,-256,-351,-368,-302,-161,6,167,279,335,321,233,85,-77,-212,-295,-313,-261,-150,-19,107,206,260,248,175,75,-32,-127,-187,-193,-153,-87,-8,67,126,150,129,81,21,-49,-98,-121,-112,-69,-15,34,77,103,97,69,27,-20,-65,-88,-91,-75,-38,8,42,66,76,62,36,3,-32,-58,-65,-60,-46,-18,11,35,51,51,37,13,-12,-23,-30,-34,-24,-1,13,29,42,43,27,7,-15,-38,-60,-73,-73,-59,-40,320,78
29073,mtk,MTK 7916,2778355124,rx0-tx0,512,0,0,0,0,0,0,0,0,0,0,0,0,0,0,0,0,0,0,0,0,0,0,0,0,0,0,0,0,0,0,0,0,0,0,0,0,0,0,0,0,0,0,0,0,0,0,0,0,0,0,0,0,0,0,0,0,0,0,0,0,0,0,0,0,0,0,0,0,0,0,0,0,0,0,0,0,0,0,0,0,0,0,0,0,0,0,0,0,0,0,0,0,0,0,0,0,0,0,0,0,0,0,0,0,0,0,0,0,0,0,0,0,0,0,0,0,0,0,0,0,0,0,0,0,0,0,0,0,0,0,0,0,0,0,0,0,0,0,0,0,0,0,0,0,0,0,0,0,0,0,0,0,0,0,0,0,0,0,0,0,0,0,0,0,0,0,0,0,0,0,0,0,0,0,0,0,0,0,0,0,0,0,0,0,0,0,0,0,0,0,0,0,0,0,0,0,0,0,0,0,0,0,0,0,0,0,0,0,0,0,0,0,0,0,0,0,0,0,0,0,0,0,0,0,0,0,0,0,0,0,0,0,0,0,0,0,0,0,0,0,0,0,0,0,0,0,0,0,0,0,0,0,0,0,0,0,-273,-942,-931,101,-13,-150,-277,-362,-398,-387,-336,-247,-138,-19,105,220,316,400,458,487,486,452,394,304,188,66,-70,-209,-336,-458,-550,-610,-638,-623,-578,-499,-391,-253,-100,55,208,352,479,582,650,688,687,670,625,530,418,299,156,8,-148,-297,-435,-557,-657,-733,-775,-787,-759,-699,-606,-482,-331,-165,15,198,375,542,684,783,856,897,892,843,757,634,474,307,113,-80,-269,-448,-606,-739,-838,-884,-902,-882,-813,-717,-586,-427,-265,-85,96,269,416,550,660,739,798,818,798,749,676,577,465,334,181,36,-106,-257,-398,-519,-621,-712,-773,-802,-802,-774,-720,-626,-509,-378,-1687,-48,130,297,467,610,741,847,905,930,920,868,784,669,515,338,152,-50,-249,-443,-621,-778,-909,-1001,-1050,-1072,-1047,-963,-846,-682,-487,-274,-40,209,462,685,895,1076,1206,1275,1298,1253,1149,983,770,521,242,-63,-363,-643,-900,-1113,-1283,-1384,-1417,-1392,-1289,-1124,-908,-650,-359,-38,276,571,843,1077,1254,1369,1425,1398,1303,1146,938,684,396,93,-223,-517,-783,-1012,-1192,-1310,-1359,-1339,-1250,-1100,-890,-635,-348,-39,275,571,828,1048,1194,1265,1276,1206,1062,880,641,354,54,-251,-518,-742,-933,-1060,-1122,-1116,-1031,-896,-710,-479,-205,92,385,656,888,1065,1140,1098,913,601,211,-117,-644,-791,0,0,0,0,0,0,0,0,0,0,0,0,0,0,0,0,0,0,0,0,0,0,0,0,0,0,0,0,0,0,0,0,0,0,0,0,0,0,0,0,0,0,0,0,0,0,0,0,0,0,0,0,0,0,0,0,0,0,0,0,0,0,0,0,0,0,0,0,0,0,0,0,0,0,0,0,0,0,0,0,0,0,0,0,0,0,0,0,0,0,0,0,0,0,0,0,0,0,0,0,0,0,0,0,0,0,0,0,0,0,0,0,0,0,0,0,0,0,0,0,0,0,0,0,0,0,0,0,0,0,0,0,0,0,0,0,0,0,0,0,0,0,0,0,0,0,0,0,0,0,0,0,0,0,0,0,0,0,0,0,0,0,0,0,0,0,0,0,0,0,0,0,0,0,0,0,0,0,0,0,0,0,0,0,0,0,0,0,0,0,0,0,0,0,0,0,0,0,0,0,0,0,0,0,0,0,0,0,0,0,0,0,0,0,0,0,0,0,0,0,0,0,0,0,0,0,0,0,0,0,0,0,0,0,0,0,0,0,0,0,0,0,0,0,0,0,0,0,0,0,0,0,0,0,0,0,-1322,-67,165,-266,-314,-311,-248,-138,-6,128,250,346,409,438,431,392,328,246,142,21,-105,-227,-339,-435,-507,-553,-572,-548,-487,-398,-279,-145,1,157,300,433,543,629,671,679,649,585,495,378,244,95,-56,-198,-346,-479,-570,-649,-709,-733,-726,-678,-606,-513,-390,-249,-93,68,237,403,552,681,772,836,860,841,790,699,566,406,234,44,-152,-335,-506,-659,-777,-859,-911,-909,-876,-798,-682,-538,-361,-180,0,191,366,524,664,760,824,864,859,813,735,636,504,361,206,37,-126,-275,-416,-539,-641,-723,-767,-775,-771,-739,-675,-583,-478,-355,-209,-58,104,257,407,546,658,756,-175,878,863,830,762,657,533,369,191,12,-179,-365,-537,-695,-822,-910,-970,-993,-969,-905,-804,-673,-512,-319,-111,104,331,543,729,905,1035,1126,1176,1176,1115,1006,858,654,408,149,-126,-402,-670,-912,-1109,-1260,-1353,-1382,-1339,-1240,-1078,-863,-604,-308,-3,311,615,882,1104,1278,1395,1439,1409,1311,1151,938,675,388,75,-243,-539,-806,-1041,-1221,-1338,-1385,-1365,-1277,-1130,-930,-684,-400,-94,218,514,783,1011,1187,1295,1334,1299,1193,1024,795,517,221,-84,-394,-662,-885,-1066,-1174,-1209,-1170,-1057,-899,-688,-431,-156,130,398,634,836,987,1082,1096,1031,888,677,392,48,-319,-661,-911,-1014,-967,-682,-509
29074,mtk,MTK 7916,2778355124,rx0-tx1,512,0,0,0,0,0,0,0,0,0,0,0,0,0,0,0,0,0,0,0,0,0,0,0,0,0,0,0,0,0,0,0,0,0,0,0,0,0,0,0,0,0,0,0,0,0,0,0,0,0,0,0,0,0,0,0,0,0,0,0,0,0,0,0,0,0,0,0,0,0,0,0,0,0,0,0,0,0,0,0,0,0,0,0,0,0,0,0,0,0,0,0,0,0,0,0,0,0,0,0,0,0,0,0,0,0,0,0,0,0,0,0,0,0,0,0,0,0,0,0,0,0,0,0,0,0,0,0,0,0,0,0,0,0,0,0,0,0,0,0,0,0,0,0,0,0,0,0,0,0,0,0,0,0,0,0,0,0,0,0,0,0,0,0,0,0,0,0,0,0,0,0,0,0,0,0,0,0,0,0,0,0,0,0,0,0,0,0,0,0,0,0,0,0,0,0,0,0,0,0,0,0,0,0,0,0,0,0,0,0,0,0,0,0,0,0,0,0,0,0,0,0,0,0,0,0,0,0,0,0,0,0,0,0,0,0,0,0,0,0,0,0,0,0,0,0,0,0,0,0,0,0,0,0,0,0,0,-730,-206,-173,95,202,299,349,342,283,183,65,-65,-186,-297,-389,-452,-485,-490,-454,-389,-293,-170,-29,124,280,422,545,642,702,721,692,619,504,350,176,-11,-201,-404,-583,-726,-835,-903,-924,-896,-821,-702,-532,-347,-128,109,332,554,754,915,1035,1102,1110,1077,988,841,650,431,188,-75,-340,-592,-811,-1003,-1142,-1228,-1259,-1237,-1151,-1004,-817,-586,-324,-52,225,491,739,952,1132,1256,1328,1337,1284,1181,1020,810,564,280,-1,-296,-581,-831,-1055,-1241,-1364,-1410,-1407,-1346,-1210,-1028,-803,-522,-219,74,377,672,928,1146,1311,1408,1444,1416,1332,1183,976,732,449,162,-142,-427,-702,-946,-1140,-1299,-546,-1422,-1375,-1291,-1159,-964,-732,-467,-183,109,400,667,916,1126,1282,1392,1436,1424,1352,1210,1020,785,511,218,-101,-414,-712,-978,-1194,-1364,-1462,-1503,-1476,-1382,-1213,-999,-743,-440,-130,186,496,780,1035,1235,1371,1446,1463,1411,1296,1116,888,622,331,26,-272,-549,-802,-1016,-1184,-1292,-1346,-1344,-1272,-1142,-973,-763,-514,-246,38,317,577,808,1001,1152,1251,1284,1257,1164,1019,828,593,326,39,-251,-522,-768,-979,-1133,-1222,-1247,-1200,-1087,-916,-691,-423,-142,147,423,663,858,998,1079,1086,1027,905,738,533,302,66,-171,-391,-577,-728,-840,-901,-898,-838,-714,-531,-300,-25,268,539,734,818,784,-267,-265,0,0,0,0,0,0,0,0,0,0,0,0,0,0,0,0,0,0,0,0,0,0,0,0,0,0,0,0,0,0,0,0,0,0,0,0,0,0,0,0,0,0,0,0,0,0,0,0,0,0,0,0,0,0,0,0,0,0,0,0,0,0,0,0,0,0,0,0,0,0,0,0,0,0,0,0,0,0,0,0,0,0,0,0,0,0,0,0,0,0,0,0,0,0,0,0,0,0,0,0,0,0,0,0,0,0,0,0,0,0,0,0,0,0,0,0,0,0,0,0,0,0,0,0,0,0,0,0,0,0,0,0,0,0,0,0,0,0,0,0,0,0,0,0,0,0,0,0,0,0,0,0,0,0,0,0,0,0,0,0,0,0,0,0,0,0,0,0,0,0,0,0,0,0,0,0,0,0,0,0,0,0,0,0,0,0,0,0,0,0,0,0,0,0,0,0,0,0,0,0,0,0,0,0,0,0,0,0,0,0,0,0,0,0,0,0,0,0,0,0,0,0,0,0,0,0,0,0,0,0,0,0,0,0,0,0,0,0,0,0,0,0,0,0,0,0,0,0,0,0,0,0,0,0,0,0,-128,173,214,234,203,118,-10,-145,-267,-355,-405,-418,-392,-338,-248,-137,-13,119,246,363,466,543,588,594,561,490,386,248,83,-98,-280,-444,-594,-709,-785,-818,-812,-763,-650,-504,-334,-134,79,290,491,675,825,937,1014,1025,987,908,771,595,377,140,-106,-343,-581,-796,-970,-1102,-1179,-1205,-1164,-1065,-917,-728,-500,-244,24,299,567,797,994,1151,1252,1299,1285,1219,1089,915,695,441,164,-125,-406,-666,-907,-1103,-1256,-1351,-1383,-1364,-1269,-1119,-923,-688,-404,-112,174,477,753,991,1198,1350,1422,1436,1399,1285,1110,895,631,337,38,-266,-557,-827,-1056,-1237,-1355,-1416,-1418,-1358,-1247,-1066,-847,-593,1197,-12,287,551,810,1037,1211,1338,1402,1411,1357,1251,1093,879,635,351,54,-246,-539,-808,-1042,-1240,-1381,-1467,-1482,-1429,-1318,-1139,-915,-635,-331,-18,299,604,887,1116,1308,1434,1487,1482,1408,1269,1068,816,537,240,-68,-378,-672,-929,-1136,-1289,-1384,-1416,-1380,-1284,-1129,-928,-688,-421,-141,147,426,675,890,1079,1212,1290,1307,1260,1159,1005,809,577,309,28,-257,-523,-760,-969,-1132,-1235,-1274,-1244,-1152,-1005,-799,-547,-271,20,308,579,811,1004,1128,1182,1172,1085,937,741,507,242,-30,-290,-522,-708,-850,-936,-967,-939,-852,-717,-553,-352,-125,111,348,566,743,865,921,883,733,482,174,-97,5,62
29075,mtk,MTK 7916,2778355124,rx1-tx0,512,0,0,0,0,0,0,0,0,0,0,0,0,0,0,0,0,0,0,0,0,0,0,0,0,0,0,0,0,0,0,0,0,0,0,0,0,0,0,0,0,0,0,0,0,0,0,0,0,0,0,0,0,0,0,0,0,0,0,0,0,0,0,0,0,0,0,0,0,0,0,0,0,0,0,0,0,0,0,0,0,0,0,0,0,0,0,0,0,0,0,0,0,0,0,0,0,0,0,0,0,0,0,0,0,0,0,0,0,0,0,0,0,0,0,0,0,0,0,0,0,0,0,0,0,0,0,0,0,0,0,0,0,0,0,0,0,0,0,0,0,0,0,0,0,0,0,0,0,0,0,0,0,0,0,0,0,0,0,0,0,0,0,0,0,0,0,0,0,0,0,0,0,0,0,0,0,0,0,0,0,0,0,0,0,0,0,0,0,0,0,0,0,0,0,0,0,0,0,0,0,0,0,0,0,0,0,0,0,0,0,0,0,0,0,0,0,0,0,0,0,0,0,0,0,0,0,0,0,0,0,0,0,0,0,0,0,0,0,0,0,0,0,0,0,0,0,0,0,0,0,0,0,0,0,0,0,146,-532,-291,-175,-175,-128,-48,43,136,202,252,268,260,234,177,108,31,-55,-125,-194,-251,-290,-309,-308,-286,-239,-179,-108,-29,51,130,198,258,304,329,333,317,281,234,175,108,40,-33,-100,-165,-217,-253,-285,-302,-295,-287,-260,-223,-187,-140,-92,-38,12,71,131,174,222,268,295,311,313,304,296,262,208,162,107,42,-32,-107,-185,-257,-313,-371,-419,-433,-433,-420,-381,-327,-256,-157,-51,67,180,293,398,479,545,585,578,555,517,418,310,193,45,-95,-240,-379,-487,-568,-624,-651,-645,-600,-529,-431,-314,-184,-32,111,248,376,480,562,611,635,629,595,529,439,329,-144,58,-85,-213,-332,-449,-534,-592,-624,-624,-599,-542,-443,-338,-214,-74,59,197,313,426,506,560,584,575,544,492,416,306,197,72,-58,-174,-274,-358,-423,-468,-496,-491,-466,-412,-346,-271,-182,-81,8,92,181,257,309,350,384,396,388,365,327,267,197,134,63,-15,-92,-152,-204,-260,-294,-305,-317,-313,-299,-260,-221,-179,-121,-58,5,69,133,187,231,271,297,304,304,282,248,204,143,71,-6,-73,-139,-213,-272,-312,-336,-337,-310,-269,-211,-137,-54,36,117,192,252,291,305,305,284,239,179,103,22,-58,-128,-194,-243,-268,-276,-257,-206,-136,-45,47,127,166,-1023,-910,0,0,0,0,0,0,0,0,0,0,0,0,0,0,0,0,0,0,0,0,0,0,0,0,0,0,0,0,0,0,0,0,0,0,0,0,0,0,0,0,0,0,0,0,0,0,0,0,0,0,0,0,0,0,0,0,0,0,0,0,0,0,0,0,0,0,0,0,0,0,0,0,0,0,0,0,0,0,0,0,0,0,0,0,0,0,0,0,0,0,0,0,0,0,0,0,0,0,0,0,0,0,0,0,0,0,0,0,0,0,0,0,0,0,0,0,0,0,0,0,0,0,0,0,0,0,0,0,0,0,0,0,0,0,0,0,0,0,0,0,0,0,0,0,0,0,0,0,0,0,0,0,0,0,0,0,0,0,0,0,0,0,0,0,0,0,0,0,0,0,0,0,0,0,0,0,0,0,0,0,0,0,0,0,0,0,0,0,0,0,0,0,0,0,0,0,0,0,0,0,0,0,0,0,0,0,0,0,0,0,0,0,0,0,0,0,0,0,0,0,0,0,0,0,0,0,0,0,0,0,0,0,0,0,0,0,0,0,0,0,0,0,0,0,0,0,0,0,0,0,0,0,0,0,0,0,206,935,1031,11,93,178,229,247,221,166,91,1,-79,-155,-220,-264,-291,-288,-261,-219,-161,-93,-16,63,144,211,262,299,321,321,303,265,206,134,52,-24,-95,-164,-224,-273,-299,-311,-310,-296,-265,-215,-166,-116,-53,10,71,129,173,206,248,269,285,287,288,267,237,206,153,91,31,-35,-89,-153,-219,-266,-304,-336,-364,-368,-358,-334,-290,-240,-183,-98,-8,76,168,258,336,419,483,510,518,502,464,391,296,191,63,-75,-203,-341,-457,-535,-599,-633,-624,-594,-531,-434,-315,-177,-30,117,258,386,496,575,633,658,643,600,526,429,312,183,46,-93,-231,-358,-464,-554,147,-627,-621,-587,-535,-449,-331,-207,-70,67,205,337,444,523,590,617,616,576,516,431,322,204,65,-69,-194,-306,-402,-479,-521,-551,-540,-507,-450,-374,-281,-183,-78,31,137,231,307,369,417,438,429,417,387,328,264,199,114,27,-57,-129,-198,-258,-296,-329,-352,-353,-330,-290,-257,-211,-142,-85,-21,45,109,172,214,258,285,296,297,290,268,232,193,141,75,8,-60,-131,-188,-240,-282,-314,-322,-310,-293,-246,-184,-113,-38,43,124,193,255,302,328,328,307,267,209,132,45,-37,-117,-181,-235,-275,-292,-281,-252,-205,-137,-63,14,101,177,233,253,237,191,129,341,579
29076,mtk,MTK 7916,2778355124,rx1-tx1,512,0,0,0,0,0,0,0,0,0,0,0,0,0,0,0,0,0,0,0,0,0,0,0,0,0,0,0,0,0,0,0,0,0,0,0,0,0,0,0,0,0,0,0,0,0,0,0,0,0,0,0,0,0,0,0,0,0,0,0,0,0,0,0,0,0,0,0,0,0,0,0,0,0,0,0,0,0,0,0,0,0,0,0,0,0,0,0,0,0,0,0,0,0,0,0,0,0,0,0,0,0,0,0,0,0,0,0,0,0,0,0,0,0,0,0,0,0,0,0,0,0,0,0,0,0,0,0,0,0,0,0,0,0,0,0,0,0,0,0,0,0,0,0,0,0,0,0,0,0,0,0,0,0,0,0,0,0,0,0,0,0,0,0,0,0,0,0,0,0,0,0,0,0,0,0,0,0,0,0,0,0,0,0,0,0,0,0,0,0,0,0,0,0,0,0,0,0,0,0,0,0,0,0,0,0,0,0,0,0,0,0,0,0,0,0,0,0,0,0,0,0,0,0,0,0,0,0,0,0,0,0,0,0,0,0,0,0,0,0,0,0,0,0,0,0,0,0,0,0,0,0,0,0,0,0,0,-411,-341,-94,-37,-52,-56,-54,-40,-17,8,34,54,65,59,40,16,-13,-44,-64,-65,-49,-25,6,36,57,62,53,30,4,-25,-48,-52,-45,-34,-13,12,29,34,31,24,18,10,2,-3,-9,-10,-11,-20,-24,-28,-24,-4,22,37,49,54,41,16,-12,-46,-71,-76,-64,-34,15,65,92,97,78,31,-25,-75,-105,-109,-79,-24,35,81,113,110,77,19,-42,-95,-119,-101,-61,-2,58,97,105,86,39,-20,-72,-108,-109,-75,-27,22,64,89,85,58,8,-32,-56,-69,-65,-35,-3,24,44,48,36,17,2,-5,-11,-7,-2,2,-4,-18,-36,-48,-43,-15,0,68,99,105,85,34,-39,-109,-154,-162,-127,-50,54,151,212,216,164,68,-57,-176,-253,-263,-200,-72,75,208,291,292,215,77,-90,-235,-317,-314,-215,-63,107,244,321,311,211,47,-127,-261,-319,-297,-194,-26,151,277,321,279,157,-5,-169,-282,-309,-254,-127,34,186,280,298,229,91,-70,-210,-293,-291,-196,-54,97,227,295,277,190,53,-102,-232,-295,-280,-188,-47,98,213,272,263,181,50,-88,-201,-254,-245,-178,-66,63,170,226,221,159,63,-42,-131,-189,-191,-137,-48,42,115,155,156,108,32,-45,-110,-155,-160,-117,-49,28,104,159,179,170,129,62,-897,-752,0,0,0,0,0,0,0,0,0,0,0,0,0,0,0,0,0,0,0,0,0,0,0,0,0,0,0,0,0,0,0,0,0,0,0,0,0,0,0,0,0,0,0,0,0,0,0,0,0,0,0,0,0,0,0,0,0,0,0,0,0,0,0,0,0,0,0,0,0,0,0,0,0,0,0,0,0,0,0,0,0,0,0,0,0,0,0,0,0,0,0,0,0,0,0,0,0,0,0,0,0,0,0,0,0,0,0,0,0,0,0,0,0,0,0,0,0,0,0,0,0,0,0,0,0,0,0,0,0,0,0,0,0,0,0,0,0,0,0,0,0,0,0,0,0,0,0,0,0,0,0,0,0,0,0,0,0,0,0,0,0,0,0,0,0,0,0,0,0,0,0,0,0,0,0,0,0,0,0,0,0,0,0,0,0,0,0,0,0,0,0,0,0,0,0,0,0,0,0,0,0,0,0,0,0,0,0,0,0,0,0,0,0,0,0,0,0,0,0,0,0,0,0,0,0,0,0,0,0,0,0,0,0,0,0,0,0,0,0,0,0,0,0,0,0,0,0,0,0,0,0,0,0,0,0,0,-92,989,1050,23,8,-13,-33,-50,-62,-64,-53,-33,-4,26,49,61,62,47,19,-10,-38,-58,-67,-55,-32,-1,28,49,55,51,34,6,-20,-40,-51,-44,-33,-16,-4,3,12,15,14,12,16,18,13,7,1,-14,-30,-44,-44,-29,-7,18,46,64,67,54,20,-20,-58,-84,-91,-75,-36,19,70,99,103,79,34,-21,-78,-115,-108,-69,-18,42,90,115,108,70,9,-51,-95,-113,-99,-50,13,69,101,103,77,33,-19,-70,-101,-95,-57,-15,28,64,83,73,47,9,-30,-54,-59,-49,-27,0,23,25,23,18,9,2,5,17,25,22,6,-14,-40,-66,0,-60,-21,34,87,117,129,106,41,-47,-134,-191,-197,-147,-50,63,166,227,232,173,67,-69,-199,-277,-275,-202,-75,81,219,303,301,213,66,-101,-240,-317,-307,-214,-63,117,263,326,306,203,37,-138,-267,-326,-295,-184,-15,157,277,317,266,143,-18,-175,-283,-306,-240,-107,54,199,285,293,223,87,-77,-216,-289,-283,-198,-57,100,229,288,269,184,47,-107,-229,-287,-269,-185,-53,94,211,271,260,181,59,-78,-190,-247,-237,-166,-56,60,156,206,202,144,49,-50,-130,-170,-168,-126,-52,39,117,158,153,112,44,-41,-117,-160,-167,-141,-82,-12,56,109,145,497,700
29077,mtk,MTK 7916,2778355124,rx2-tx0,512,0,0,0,0,0,0,0,0,0,0,0,0,0,0,0,0,0,0,0,0,0,0,0,0,0,0,0,0,0,0,0,0,0,0,0,0,0,0,0,0,0,0,0,0,0,0,0,0,0,0,0,0,0,0,0,0,0,0,0,0,0,0,0,0,0,0,0,0,0,0,0,0,0,0,0,0,0,0,0,0,0,0,0,0,0,0,0,0,0,0,0,0,0,0,0,0,0,0,0,0,0,0,0,0,0,0,0,0,0,0,0,0,0,0,0,0,0,0,0,0,0,0,0,0,0,0,0,0,0,0,0,0,0,0,0,0,0,0,0,0,0,0,0,0,0,0,0,0,0,0,0,0,0,0,0,0,0,0,0,0,0,0,0,0,0,0,0,0,0,0,0,0,0,0,0,0,0,0,0,0,0,0,0,0,0,0,0,0,0,0,0,0,0,0,0,0,0,0,0,0,0,0,0,0,0,0,0,0,0,0,0,0,0,0,0,0,0,0,0,0,0,0,0,0,0,0,0,0,0,0,0,0,0,0,0,0,0,0,0,0,0,0,0,0,0,0,0,0,0,0,0,0,0,0,0,0,-136,668,411,-58,-54,-37,-9,27,60,82,88,78,53,15,-27,-61,-83,-88,-71,-41,1,41,74,89,82,60,24,-19,-59,-85,-91,-79,-54,-15,32,74,100,105,89,53,1,-56,-102,-131,-129,-95,-36,38,110,152,156,123,55,-37,-122,-178,-189,-151,-65,42,148,214,221,165,60,-69,-182,-247,-241,-169,-37,114,236,285,254,142,-15,-172,-286,-318,-253,-110,72,238,341,342,243,67,-137,-310,-392,-353,-211,-5,215,379,425,346,165,-71,-287,-420,-438,-324,-109,141,348,454,421,260,24,-217,-398,-460,-386,-191,65,300,441,453,328,95,-171,-381,-476,-432,-255,3,0,448,494,383,161,-106,-344,-490,-492,-338,-80,205,425,524,468,268,-13,-291,-489,-543,-434,-190,108,375,536,546,393,121,-190,-444,-570,-535,-343,-52,249,475,570,504,293,-5,-299,-505,-567,-465,-237,47,313,492,528,415,191,-74,-316,-461,-474,-355,-143,105,312,422,415,292,89,-128,-302,-384,-358,-237,-49,141,281,336,296,170,5,-155,-261,-293,-243,-125,22,159,247,264,203,90,-46,-167,-241,-242,-176,-66,61,170,231,225,160,50,-68,-167,-221,-217,-155,-55,55,151,209,216,166,75,-32,-127,-191,-208,-176,-102,-7,85,160,205,208,171,104,26,-41,-106,1166,1068,0,0,0,0,0,0,0,0,0,0,0,0,0,0,0,0,0,0,0,0,0,0,0,0,0,0,0,0,0,0,0,0,0,0,0,0,0,0,0,0,0,0,0,0,0,0,0,0,0,0,0,0,0,0,0,0,0,0,0,0,0,0,0,0,0,0,0,0,0,0,0,0,0,0,0,0,0,0,0,0,0,0,0,0,0,0,0,0,0,0,0,0,0,0,0,0,0,0,0,0,0,0,0,0,0,0,0,0,0,0,0,0,0,0,0,0,0,0,0,0,0,0,0,0,0,0,0,0,0,0,0,0,0,0,0,0,0,0,0,0,0,0,0,0,0,0,0,0,0,0,0,0,0,0,0,0,0,0,0,0,0,0,0,0,0,0,0,0,0,0,0,0,0,0,0,0,0,0,0,0,0,0,0,0,0,0,0,0,0,0,0,0,0,0,0,0,0,0,0,0,0,0,0,0,0,0,0,0,0,0,0,0,0,0,0,0,0,0,0,0,0,0,0,0,0,0,0,0,0,0,0,0,0,0,0,0,0,0,0,0,0,0,0,0,0,0,0,0,0,0,0,0,0,0,0,0,1335,-958,-1085,-23,-53,-74,-84,-82,-66,-36,4,40,68,83,81,60,28,-12,-51,-79,-88,-79,-50,-9,36,70,91,92,77,41,-3,-43,-78,-96,-97,-75,-35,17,63,98,116,111,76,14,-52,-106,-134,-139,-109,-46,36,116,169,180,141,65,-35,-130,-195,-207,-158,-62,58,162,224,226,165,50,-89,-210,-272,-255,-160,-16,137,254,301,258,135,-33,-198,-312,-332,-254,-94,106,275,362,350,234,35,-179,-342,-410,-356,-191,31,252,403,429,326,132,-103,-317,-445,-435,-297,-72,177,378,463,409,234,-12,-254,-423,-465,-359,-145,111,330,459,448,294,47,-214,-410,-486,0,-218,54,307,468,489,360,121,-158,-391,-514,-487,-308,-31,252,462,539,454,233,-59,-332,-511,-544,-415,-160,146,410,554,538,369,88,-225,-470,-579,-519,-314,-19,273,493,575,488,261,-34,-310,-496,-543,-441,-216,65,322,480,500,383,160,-97,-320,-449,-451,-324,-117,114,306,401,382,261,70,-136,-294,-363,-323,-198,-23,150,274,315,273,153,-6,-157,-257,-281,-221,-102,34,157,237,244,182,71,-58,-171,-234,-232,-168,-58,63,166,227,227,163,59,-62,-161,-215,-216,-162,-67,44,143,202,208,164,86,-14,-111,-181,-210,-192,-133,-46,45,120,173,191,176,135,-242,-516
29078,mtk,MTK 7916,2778355124,rx2-tx1,512,0,0,0,0,0,0,0,0,0,0,0,0,0,0,0,0,0,0,0,0,0,0,0,0,0,0,0,0,0,0,0,0,0,0,0,0,0,0,0,0,0,0,0,0,0,0,0,0,0,0,0,0,0,0,0,0,0,0,0,0,0,0,0,0,0,0,0,0,0,0,0,0,0,0,0,0,0,0,0,0,0,0,0,0,0,0,0,0,0,0,0,0,0,0,0,0,0,0,0,0,0,0,0,0,0,0,0,0,0,0,0,0,0,0,0,0,0,0,0,0,0,0,0,0,0,0,0,0,0,0,0,0,0,0,0,0,0,0,0,0,0,0,0,0,0,0,0,0,0,0,0,0,0,0,0,0,0,0,0,0,0,0,0,0,0,0,0,0,0,0,0,0,0,0,0,0,0,0,0,0,0,0,0,0,0,0,0,0,0,0,0,0,0,0,0,0,0,0,0,0,0,0,0,0,0,0,0,0,0,0,0,0,0,0,0,0,0,0,0,0,0,0,0,0,0,0,0,0,0,0,0,0,0,0,0,0,0,0,0,0,0,0,0,0,0,0,0,0,0,0,0,0,0,0,0,0,236,887,763,-40,-47,-45,-28,-9,11,34,52,59,51,35,9,-23,-50,-60,-57,-37,-5,25,45,55,48,26,-9,-45,-66,-66,-46,-13,25,62,77,66,40,-2,-57,-86,-84,-52,-4,49,87,104,89,44,-26,-89,-128,-131,-91,-8,77,150,178,149,75,-24,-135,-214,-223,-160,-55,81,204,270,257,168,24,-142,-274,-325,-279,-153,28,209,329,357,280,116,-91,-276,-384,-380,-266,-62,162,344,424,381,228,4,-226,-394,-440,-352,-171,64,294,435,444,322,104,-135,-338,-444,-422,-266,-35,197,368,434,369,193,-36,-248,-384,-394,-288,-101,110,289,373,334,195,-1,0,-315,-344,-258,-91,102,265,343,307,169,-19,-201,-322,-344,-254,-83,113,273,351,321,191,2,-192,-334,-368,-285,-117,85,264,363,352,244,62,-143,-296,-362,-322,-185,1,185,308,333,257,114,-71,-228,-311,-299,-209,-60,95,220,275,243,141,7,-121,-203,-221,-175,-81,35,133,179,166,106,17,-77,-134,-140,-109,-49,26,95,130,110,60,-9,-72,-113,-121,-90,-31,36,81,94,83,48,-2,-49,-79,-84,-68,-27,16,50,69,66,45,8,-36,-60,-62,-49,-22,10,29,42,38,22,0,-22,-41,-38,-21,0,26,44,56,46,22,-6,-39,-64,-75,-74,917,962,0,0,0,0,0,0,0,0,0,0,0,0,0,0,0,0,0,0,0,0,0,0,0,0,0,0,0,0,0,0,0,0,0,0,0,0,0,0,0,0,0,0,0,0,0,0,0,0,0,0,0,0,0,0,0,0,0,0,0,0,0,0,0,0,0,0,0,0,0,0,0,0,0,0,0,0,0,0,0,0,0,0,0,0,0,0,0,0,0,0,0,0,0,0,0,0,0,0,0,0,0,0,0,0,0,0,0,0,0,0,0,0,0,0,0,0,0,0,0,0,0,0,0,0,0,0,0,0,0,0,0,0,0,0,0,0,0,0,0,0,0,0,0,0,0,0,0,0,0,0,0,0,0,0,0,0,0,0,0,0,0,0,0,0,0,0,0,0,0,0,0,0,0,0,0,0,0,0,0,0,0,0,0,0,0,0,0,0,0,0,0,0,0,0,0,0,0,0,0,0,0,0,0,0,0,0,0,0,0,0,0,0,0,0,0,0,0,0,0,0,0,0,0,0,0,0,0,0,0,0,0,0,0,0,0,0,0,0,0,0,0,0,0,0,0,0,0,0,0,0,0,0,0,0,0,0,-351,-387,-581,-5,-12,-29,-42,-51,-53,-46,-27,-1,24,46,55,47,30,9,-20,-47,-61,-56,-34,1,31,53,62,53,24,-12,-47,-67,-62,-37,-1,38,72,81,62,22,-21,-64,-92,-83,-45,6,63,109,120,87,27,-43,-110,-153,-141,-79,10,97,171,198,159,66,-54,-166,-238,-246,-163,-29,110,229,295,271,158,-3,-169,-299,-343,-280,-134,52,233,354,369,276,96,-118,-301,-403,-386,-253,-43,188,364,433,372,193,-39,-261,-412,-445,-346,-145,99,313,439,430,289,73,-167,-362,-452,-402,-233,0,229,384,419,327,147,-77,-269,-379,-373,-246,-45,159,309,365,0,143,-52,-235,-334,-325,-221,-39,155,301,352,286,125,-65,-241,-335,-324,-216,-38,158,305,362,306,152,-50,-230,-347,-362,-265,-93,109,282,372,345,217,22,-172,-308,-354,-299,-153,34,202,306,323,240,88,-80,-216,-286,-270,-174,-29,110,209,248,208,109,-15,-127,-191,-189,-137,-43,59,132,154,132,70,-9,-85,-129,-129,-82,-13,55,97,110,91,45,-17,-76,-109,-105,-68,-11,44,84,95,78,38,-15,-59,-82,-83,-58,-19,24,56,69,58,32,-2,-36,-52,-52,-36,-11,13,30,38,33,9,-14,-33,-45,-40,-20,8,39,60,68,63,42,13,-20,320,78
29079,mtk,MTK 7916,2778414993,rx0-tx0,512,0,0,0,0,0,0,0,0,0,0,0,0,0,0,0,0,0,0,0,0,0,0,0,0,0,0,0,0,0,0,0,0,0,0,0,0,0,0,0,0,0,0,0,0,0,0,0,0,0,0,0,0,0,0,0,0,0,0,0,0,0,0,0,0,0,0,0,0,0,0,0,0,0,0,0,0,0,0,0,0,0,0,0,0,0,0,0,0,0,0,0,0,0,0,0,0,0,0,0,0,0,0,0,0,0,0,0,0,0,0,0,0,0,0,0,0,0,0,0,0,0,0,0,0,0,0,0,0,0,0,0,0,0,0,0,0,0,0,0,0,0,0,0,0,0,0,0,0,0,0,0,0,0,0,0,0,0,0,0,0,0,0,0,0,0,0,0,0,0,0,0,0,0,0,0,0,0,0,0,0,0,0,0,0,0,0,0,0,0,0,0,0,0,0,0,0,0,0,0,0,0,0,0,0,0,0,0,0,0,0,0,0,0,0,0,0,0,0,0,0,0,0,0,0,0,0,0,0,0,0,0,0,0,0,0,0,0,0,0,0,0,0,0,0,0,0,0,0,0,0,0,0,0,0,0,0,-273,1070,1064,-229,-331,-375,-336,-226,-69,100,253,368,445,477,449,383,275,141,-5,-156,-300,-421,-514,-560,-560,-510,-423,-296,-135,37,218,380,515,615,665,665,616,511,363,194,10,-179,-348,-491,-607,-678,-699,-687,-625,-512,-367,-212,-37,140,307,469,601,690,748,758,715,630,509,340,151,-48,-255,-448,-612,-743,-828,-865,-844,-768,-635,-452,-241,-17,208,427,620,771,874,921,909,834,706,533,320,95,-146,-374,-568,-732,-844,-892,-888,-833,-723,-569,-386,-181,30,239,422,580,702,779,807,791,735,634,499,338,163,-21,-204,-374,-518,-636,-725,-771,-787,-751,-677,-555,-400,-225,-1687,172,370,548,702,813,876,883,835,747,608,434,224,-4,-224,-444,-637,-799,-913,-969,-971,-914,-808,-652,-448,-208,38,296,537,751,930,1062,1122,1120,1048,898,689,422,131,-177,-485,-769,-1020,-1199,-1292,-1312,-1238,-1080,-853,-553,-211,140,496,822,1091,1291,1389,1401,1321,1149,890,565,207,-163,-523,-855,-1117,-1304,-1406,-1404,-1304,-1106,-838,-515,-153,212,569,883,1135,1298,1369,1353,1231,1015,733,392,17,-355,-691,-979,-1194,-1311,-1323,-1228,-1037,-763,-440,-81,283,605,865,1063,1165,1163,1063,885,649,361,43,-270,-542,-769,-940,-1029,-1029,-934,-755,-490,-167,190,541,842,1018,1023,852,577,580,813,0,0,0,0,0,0,0,0,0,0,0,0,0,0,0,0,0,0,0,0,0,0,0,0,0,0,0,0,0,0,0,0,0,0,0,0,0,0,0,0,0,0,0,0,0,0,0,0,0,0,0,0,0,0,0,0,0,0,0,0,0,0,0,0,0,0,0,0,0,0,0,0,0,0,0,0,0,0,0,0,0,0,0,0,0,0,0,0,0,0,0,0,0,0,0,0,0,0,0,0,0,0,0,0,0,0,0,0,0,0,0,0,0,0,0,0,0,0,0,0,0,0,0,0,0,0,0,0,0,0,0,0,0,0,0,0,0,0,0,0,0,0,0,0,0,0,0,0,0,0,0,0,0,0,0,0,0,0,0,0,0,0,0,0,0,0,0,0,0,0,0,0,0,0,0,0,0,0,0,0,0,0,0,0,0,0,0,0,0,0,0,0,0,0,0,0,0,0,0,0,0,0,0,0,0,0,0,0,0,0,0,0,0,0,0,0,0,0,0,0,0,0,0,0,0,0,0,0,0,0,0,0,0,0,0,0,0,0,0,0,0,0,0,0,0,0,0,0,0,0,0,0,0,0,0,0,-1322,137,-196,-202,-97,64,230,361,433,436,375,267,135,-16,-169,-302,-412,-485,-513,-498,-439,-338,-205,-48,118,275,413,527,595,622,599,522,402,246,67,-116,-298,-461,-582,-665,-701,-676,-604,-499,-358,-184,-8,167,342,489,600,676,715,701,651,565,431,279,104,-84,-275,-448,-600,-718,-784,-806,-783,-702,-571,-401,-201,18,235,441,627,769,861,898,877,807,674,501,290,56,-179,-407,-604,-766,-877,-926,-913,-840,-716,-553,-347,-125,102,319,516,672,783,848,858,812,724,595,436,249,58,-137,-319,-481,-611,-707,-764,-781,-751,-680,-573,-445,-282,-107,84,269,443,596,713,798,-175,822,754,652,503,321,119,-100,-308,-504,-674,-806,-897,-926,-905,-830,-700,-528,-323,-98,138,372,585,771,918,1009,1043,1014,914,764,566,324,53,-219,-505,-760,-976,-1130,-1209,-1218,-1154,-1009,-787,-498,-183,152,492,795,1061,1252,1356,1368,1296,1128,883,568,209,-159,-520,-841,-1112,-1301,-1403,-1409,-1321,-1138,-873,-552,-187,186,546,865,1120,1300,1386,1374,1268,1071,799,463,108,-257,-611,-911,-1150,-1308,-1363,-1310,-1161,-926,-617,-259,113,471,792,1039,1197,1265,1225,1076,855,565,232,-109,-426,-694,-903,-1041,-1092,-1040,-911,-712,-455,-157,159,455,726,932,1045,1050,926,672,304,-107,-488,-726,937,721
29080,mtk,MTK 7916,2778414993,rx0-tx1,512,0,0,0,0,0,0,0,0,0,0,0,0,0,0,0,0,0,0,0,0,0,0,0,0,0,0,0,0,0,0,0,0,0,0,0,0,0,0,0,0,0,0,0,0,0,0,0,0,0,0,0,0,0,0,0,0,0,0,0,0,0,0,0,0,0,0,0,0,0,0,0,0,0,0,0,0,0,0,0,0,0,0,0,0,0,0,0,0,0,0,0,0,0,0,0,0,0,0,0,0,0,0,0,0,0,0,0,0,0,0,0,0,0,0,0,0,0,0,0,0,0,0,0,0,0,0,0,0,0,0,0,0,0,0,0,0,0,0,0,0,0,0,0,0,0,0,0,0,0,0,0,0,0,0,0,0,0,0,0,0,0,0,0,0,0,0,0,0,0,0,0,0,0,0,0,0,0,0,0,0,0,0,0,0,0,0,0,0,0,0,0,0,0,0,0,0,0,0,0,0,0,0,0,0,0,0,0,0,0,0,0,0,0,0,0,0,0,0,0,0,0,0,0,0,0,0,0,0,0,0,0,0,0,0,0,0,0,0,0,0,0,0,0,0,0,0,0,0,0,0,0,0,0,0,0,0,-730,-333,-116,233,260,220,118,-18,-158,-276,-357,-395,-389,-339,-248,-136,-1,142,272,390,478,526,534,488,397,271,113,-66,-251,-425,-571,-673,-721,-709,-645,-527,-362,-164,54,276,487,669,791,869,886,835,720,556,341,84,-168,-419,-648,-833,-973,-1045,-1039,-966,-820,-616,-363,-89,199,493,747,951,1098,1177,1164,1084,927,706,433,124,-197,-501,-781,-1010,-1175,-1269,-1275,-1198,-1049,-826,-542,-218,112,444,761,1015,1219,1337,1364,1318,1176,956,675,346,-21,-383,-714,-1006,-1231,-1377,-1441,-1409,-1280,-1058,-772,-435,-66,305,660,962,1206,1374,1449,1429,1309,1113,844,525,168,-185,-538,-853,-1102,-1295,-546,-1418,-1333,-1179,-953,-661,-336,11,353,678,964,1184,1339,1406,1389,1288,1102,844,537,196,-167,-517,-835,-1112,-1321,-1440,-1475,-1409,-1250,-1005,-696,-349,31,404,760,1060,1289,1433,1479,1429,1296,1080,785,440,72,-297,-648,-957,-1200,-1357,-1432,-1410,-1295,-1099,-835,-516,-169,190,529,827,1073,1245,1335,1335,1259,1099,865,576,252,-91,-430,-729,-989,-1185,-1292,-1312,-1242,-1083,-852,-559,-224,121,463,769,1020,1194,1278,1262,1149,956,686,358,13,-331,-644,-895,-1072,-1160,-1145,-1040,-856,-603,-307,6,301,562,761,896,958,931,835,674,461,213,-54,-316,-555,-748,-872,-900,-820,-635,-348,-8,326,546,-698,-629,0,0,0,0,0,0,0,0,0,0,0,0,0,0,0,0,0,0,0,0,0,0,0,0,0,0,0,0,0,0,0,0,0,0,0,0,0,0,0,0,0,0,0,0,0,0,0,0,0,0,0,0,0,0,0,0,0,0,0,0,0,0,0,0,0,0,0,0,0,0,0,0,0,0,0,0,0,0,0,0,0,0,0,0,0,0,0,0,0,0,0,0,0,0,0,0,0,0,0,0,0,0,0,0,0,0,0,0,0,0,0,0,0,0,0,0,0,0,0,0,0,0,0,0,0,0,0,0,0,0,0,0,0,0,0,0,0,0,0,0,0,0,0,0,0,0,0,0,0,0,0,0,0,0,0,0,0,0,0,0,0,0,0,0,0,0,0,0,0,0,0,0,0,0,0,0,0,0,0,0,0,0,0,0,0,0,0,0,0,0,0,0,0,0,0,0,0,0,0,0,0,0,0,0,0,0,0,0,0,0,0,0,0,0,0,0,0,0,0,0,0,0,0,0,0,0,0,0,0,0,0,0,0,0,0,0,0,0,0,0,0,0,0,0,0,0,0,0,0,0,0,0,0,0,0,0,-128,652,735,34,-83,-211,-308,-348,-330,-256,-145,-14,120,243,345,415,451,444,395,311,187,42,-117,-278,-419,-532,-605,-627,-597,-517,-390,-221,-24,183,378,552,686,774,801,770,680,524,332,118,-118,-351,-568,-751,-894,-959,-955,-899,-772,-586,-349,-78,199,461,706,903,1037,1105,1108,1028,865,648,390,94,-208,-503,-774,-995,-1155,-1230,-1223,-1136,-975,-753,-477,-169,162,480,769,1019,1203,1302,1321,1266,1110,888,610,276,-62,-407,-736,-1012,-1225,-1367,-1419,-1368,-1233,-1015,-725,-389,-32,336,688,991,1229,1391,1458,1434,1306,1089,816,476,114,-255,-607,-914,-1165,-1337,-1421,-1415,-1332,-1143,-891,-592,1197,103,451,761,1035,1243,1369,1410,1362,1234,1025,755,443,92,-250,-590,-896,-1144,-1323,-1421,-1432,-1348,-1185,-948,-636,-282,87,459,795,1089,1308,1448,1490,1435,1287,1052,751,394,17,-357,-703,-1005,-1249,-1403,-1464,-1434,-1308,-1099,-818,-487,-125,242,589,893,1140,1309,1384,1375,1278,1101,852,549,215,-127,-459,-767,-1016,-1199,-1309,-1331,-1257,-1099,-875,-586,-260,82,424,735,992,1183,1284,1293,1213,1042,797,489,144,-211,-539,-828,-1061,-1200,-1240,-1184,-1031,-800,-511,-181,158,464,729,927,1039,1060,997,853,645,397,118,-158,-410,-626,-786,-875,-894,-834,-701,-497,-232,73,374,643,821,866,757,551,128,334
29081,mtk,MTK 7916,2778414993,rx1-tx0,512,0,0,0,0,0,0,0,0,0,0,0,0,0,0,0,0,0,0,0,0,0,0,0,0,0,0,0,0,0,0,0,0,0,0,0,0,0,0,0,0,0,0,0,0,0,0,0,0,0,0,0,0,0,0,0,0,0,0,0,0,0,0,0,0,0,0,0,0,0,0,0,0,0,0,0,0,0,0,0,0,0,0,0,0,0,0,0,0,0,0,0,0,0,0,0,0,0,0,0,0,0,0,0,0,0,0,0,0,0,0,0,0,0,0,0,0,0,0,0,0,0,0,0,0,0,0,0,0,0,0,0,0,0,0,0,0,0,0,0,0,0,0,0,0,0,0,0,0,0,0,0,0,0,0,0,0,0,0,0,0,0,0,0,0,0,0,0,0,0,0,0,0,0,0,0,0,0,0,0,0,0,0,0,0,0,0,0,0,0,0,0,0,0,0,0,0,0,0,0,0,0,0,0,0,0,0,0,0,0,0,0,0,0,0,0,0,0,0,0,0,0,0,0,0,0,0,0,0,0,0,0,0,0,0,0,0,0,0,0,0,0,0,0,0,0,0,0,0,0,0,0,0,0,0,0,0,146,-932,-984,-57,12,95,162,195,193,157,98,20,-53,-122,-179,-217,-235,-220,-176,-124,-58,10,83,154,205,241,249,234,193,151,88,11,-60,-130,-184,-221,-243,-249,-233,-195,-139,-83,-18,40,101,144,171,204,206,204,192,165,130,90,43,-3,-46,-92,-126,-148,-182,-192,-189,-192,-178,-146,-114,-77,-28,17,68,119,159,196,226,241,246,236,215,179,126,56,-28,-107,-191,-267,-325,-368,-381,-371,-336,-263,-176,-68,49,178,280,371,445,483,480,434,363,262,135,-7,-143,-275,-386,-463,-513,-520,-493,-433,-329,-208,-81,60,201,318,416,479,505,509,465,398,300,179,-144,-93,-227,-349,-441,-495,-517,-509,-462,-380,-266,-135,1,138,258,367,446,493,505,474,415,322,210,87,-44,-171,-286,-371,-428,-461,-450,-402,-334,-244,-136,-27,83,187,268,331,373,375,361,320,262,187,101,15,-66,-146,-215,-260,-284,-297,-296,-261,-221,-170,-103,-35,35,98,152,192,228,244,248,232,199,164,115,49,-13,-59,-112,-156,-188,-215,-228,-221,-202,-172,-133,-82,-19,45,101,160,206,237,251,246,223,171,119,45,-34,-113,-183,-231,-267,-272,-249,-207,-143,-66,8,94,169,224,257,261,239,190,135,52,-43,-122,-190,-239,-255,-235,-175,-85,15,87,-288,-556,0,0,0,0,0,0,0,0,0,0,0,0,0,0,0,0,0,0,0,0,0,0,0,0,0,0,0,0,0,0,0,0,0,0,0,0,0,0,0,0,0,0,0,0,0,0,0,0,0,0,0,0,0,0,0,0,0,0,0,0,0,0,0,0,0,0,0,0,0,0,0,0,0,0,0,0,0,0,0,0,0,0,0,0,0,0,0,0,0,0,0,0,0,0,0,0,0,0,0,0,0,0,0,0,0,0,0,0,0,0,0,0,0,0,0,0,0,0,0,0,0,0,0,0,0,0,0,0,0,0,0,0,0,0,0,0,0,0,0,0,0,0,0,0,0,0,0,0,0,0,0,0,0,0,0,0,0,0,0,0,0,0,0,0,0,0,0,0,0,0,0,0,0,0,0,0,0,0,0,0,0,0,0,0,0,0,0,0,0,0,0,0,0,0,0,0,0,0,0,0,0,0,0,0,0,0,0,0,0,0,0,0,0,0,0,0,0,0,0,0,0,0,0,0,0,0,0,0,0,0,0,0,0,0,0,0,0,0,0,0,0,0,0,0,0,0,0,0,0,0,0,0,0,0,0,0,206,-325,-20,127,155,145,95,19,-62,-136,-188,-208,-204,-181,-131,-71,4,85,147,197,231,238,229,189,135,69,-7,-84,-147,-199,-248,-258,-250,-218,-168,-113,-48,19,82,148,185,212,221,214,200,161,132,82,20,-22,-72,-119,-153,-181,-190,-187,-181,-167,-137,-117,-84,-29,9,53,102,138,162,189,205,206,201,186,161,129,77,19,-42,-102,-157,-214,-262,-302,-317,-308,-284,-228,-156,-69,35,129,235,323,388,435,444,414,344,268,161,34,-104,-233,-341,-430,-492,-507,-491,-438,-347,-235,-104,37,171,303,408,474,513,515,474,407,315,190,61,-83,-216,-325,-423,-489,147,-499,-462,-391,-287,-162,-33,106,240,356,447,502,520,499,443,355,239,105,-33,-161,-279,-379,-447,-484,-484,-450,-381,-283,-175,-52,75,189,278,357,406,425,412,362,294,216,114,12,-87,-176,-249,-302,-327,-337,-324,-293,-234,-165,-96,-29,53,126,178,223,257,269,264,243,201,157,106,44,-16,-85,-137,-179,-214,-229,-223,-213,-195,-156,-113,-65,-6,50,98,143,183,215,230,228,214,183,134,81,11,-58,-140,-200,-240,-267,-262,-240,-198,-141,-69,19,98,172,230,256,268,253,210,153,75,-10,-97,-163,-216,-257,-253,-223,-175,-97,-6,91,171,220,221,180,-907,-789
29082,mtk,MTK 7916,2778414993,rx1-tx1,512,0,0,0,0,0,0,0,0,0,0,0,0,0,0,0,0,0,0,0,0,0,0,0,0,0,0,0,0,0,0,0,0,0,0,0,0,0,0,0,0,0,0,0,0,0,0,0,0,0,0,0,0,0,0,0,0,0,0,0,0,0,0,0,0,0,0,0,0,0,0,0,0,0,0,0,0,0,0,0,0,0,0,0,0,0,0,0,0,0,0,0,0,0,0,0,0,0,0,0,0,0,0,0,0,0,0,0,0,0,0,0,0,0,0,0,0,0,0,0,0,0,0,0,0,0,0,0,0,0,0,0,0,0,0,0,0,0,0,0,0,0,0,0,0,0,0,0,0,0,0,0,0,0,0,0,0,0,0,0,0,0,0,0,0,0,0,0,0,0,0,0,0,0,0,0,0,0,0,0,0,0,0,0,0,0,0,0,0,0,0,0,0,0,0,0,0,0,0,0,0,0,0,0,0,0,0,0,0,0,0,0,0,0,0,0,0,0,0,0,0,0,0,0,0,0,0,0,0,0,0,0,0,0,0,0,0,0,0,0,0,0,0,0,0,0,0,0,0,0,0,0,0,0,0,0,0,-411,565,619,-32,-55,-68,-76,-77,-63,-39,-9,26,54,73,82,76,53,22,-15,-49,-74,-87,-77,-53,-20,16,48,67,78,75,53,20,-12,-36,-48,-53,-42,-27,-11,4,20,25,25,16,7,5,1,6,14,13,8,1,-22,-34,-43,-48,-41,-13,15,48,72,82,75,50,10,-37,-78,-100,-99,-80,-38,23,76,111,123,105,60,3,-60,-116,-133,-121,-84,-26,42,101,132,125,95,39,-27,-86,-122,-130,-105,-48,14,67,105,127,110,66,9,-45,-93,-112,-97,-65,-21,28,64,79,72,50,20,-11,-34,-44,-46,-30,-4,10,18,12,-3,-20,-36,-39,0,15,49,78,91,77,43,-10,-73,-130,-159,-154,-107,-30,63,149,209,226,189,99,-22,-141,-232,-278,-263,-178,-50,92,222,309,320,259,142,-16,-175,-289,-337,-310,-206,-60,100,242,326,331,260,127,-31,-189,-302,-344,-300,-186,-33,132,265,329,309,222,82,-75,-214,-297,-310,-247,-130,16,159,265,305,271,173,34,-110,-234,-301,-292,-222,-106,40,177,267,293,261,170,39,-102,-212,-273,-273,-216,-114,13,131,214,249,227,159,61,-48,-141,-194,-201,-164,-92,-11,72,144,174,161,114,42,-40,-114,-160,-171,-146,-92,-18,61,133,185,205,188,148,92,19,103,283,0,0,0,0,0,0,0,0,0,0,0,0,0,0,0,0,0,0,0,0,0,0,0,0,0,0,0,0,0,0,0,0,0,0,0,0,0,0,0,0,0,0,0,0,0,0,0,0,0,0,0,0,0,0,0,0,0,0,0,0,0,0,0,0,0,0,0,0,0,0,0,0,0,0,0,0,0,0,0,0,0,0,0,0,0,0,0,0,0,0,0,0,0,0,0,0,0,0,0,0,0,0,0,0,0,0,0,0,0,0,0,0,0,0,0,0,0,0,0,0,0,0,0,0,0,0,0,0,0,0,0,0,0,0,0,0,0,0,0,0,0,0,0,0,0,0,0,0,0,0,0,0,0,0,0,0,0,0,0,0,0,0,0,0,0,0,0,0,0,0,0,0,0,0,0,0,0,0,0,0,0,0,0,0,0,0,0,0,0,0,0,0,0,0,0,0,0,0,0,0,0,0,0,0,0,0,0,0,0,0,0,0,0,0,0,0,0,0,0,0,0,0,0,0,0,0,0,0,0,0,0,0,0,0,0,0,0,0,0,0,0,0,0,0,0,0,0,0,0,0,0,0,0,0,0,0,-92,209,6,49,32,17,-3,-27,-54,-74,-82,-80,-63,-36,-3,34,63,82,84,70,42,6,-34,-61,-78,-81,-65,-37,-8,24,53,63,62,50,23,1,-16,-36,-45,-37,-25,-11,-2,0,4,9,3,4,12,18,22,27,29,22,5,-19,-43,-63,-65,-54,-30,1,37,79,98,90,64,25,-27,-75,-110,-121,-99,-49,8,68,109,128,118,78,16,-51,-101,-130,-127,-89,-31,37,95,126,130,102,48,-18,-80,-123,-128,-104,-59,-3,61,100,113,102,67,15,-39,-80,-96,-87,-62,-26,15,44,59,56,43,20,-8,-21,-25,-27,-14,12,23,13,-4,-25,0,-63,-52,-24,13,64,106,125,114,69,1,-76,-143,-189,-194,-149,-62,45,150,230,262,231,140,15,-118,-231,-291,-282,-212,-91,57,198,300,333,284,173,19,-146,-275,-334,-325,-240,-98,72,228,322,342,282,157,-4,-156,-276,-332,-309,-208,-61,104,236,304,311,243,110,-43,-180,-284,-315,-263,-151,-7,140,251,299,278,197,67,-79,-201,-280,-300,-249,-144,2,143,249,292,270,193,79,-52,-171,-247,-267,-226,-141,-28,88,178,224,225,179,92,-14,-108,-170,-195,-171,-109,-25,60,130,167,167,128,60,-18,-92,-152,-184,-179,-141,-77,-1,69,130,165,177,540,486
29083,mtk,MTK 7916,2778414993,rx2-tx0,512,0,0,0,0,0,0,0,0,0,0,0,0,0,0,0,0,0,0,0,0,0,0,0,0,0,0,0,0,0,0,0,0,0,0,0,0,0,0,0,0,0,0,0,0,0,0,0,0,0,0,0,0,0,0,0,0,0,0,0,0,0,0,0,0,0,0,0,0,0,0,0,0,0,0,0,0,0,0,0,0,0,0,0,0,0,0,0,0,0,0,0,0,0,0,0,0,0,0,0,0,0,0,0,0,0,0,0,0,0,0,0,0,0,0,0,0,0,0,0,0,0,0,0,0,0,0,0,0,0,0,0,0,0,0,0,0,0,0,0,0,0,0,0,0,0,0,0,0,0,0,0,0,0,0,0,0,0,0,0,0,0,0,0,0,0,0,0,0,0,0,0,0,0,0,0,0,0,0,0,0,0,0,0,0,0,0,0,0,0,0,0,0,0,0,0,0,0,0,0,0,0,0,0,0,0,0,0,0,0,0,0,0,0,0,0,0,0,0,0,0,0,0,0,0,0,0,0,0,0,0,0,0,0,0,0,0,0,0,0,0,0,0,0,0,0,0,0,0,0,0,0,0,0,0,0,0,-136,-481,-569,-64,-67,-62,-45,-17,12,39,64,82,84,70,42,7,-29,-57,-77,-82,-71,-50,-22,16,51,71,82,76,56,28,-1,-32,-62,-83,-87,-77,-55,-23,14,50,82,103,104,86,47,2,-47,-97,-130,-132,-104,-59,0,71,136,169,164,122,49,-43,-130,-188,-202,-172,-98,5,116,202,243,223,146,29,-95,-203,-270,-269,-197,-72,75,213,300,313,245,113,-53,-211,-321,-355,-304,-168,19,206,340,396,360,229,37,-174,-341,-424,-410,-293,-98,123,312,426,439,342,154,-75,-280,-418,-453,-369,-193,34,255,413,463,398,230,1,-227,-402,-475,-424,-266,-39,0,390,482,452,309,83,-165,-378,-498,-488,-352,-129,128,357,496,511,400,194,-70,-322,-492,-539,-456,-262,1,267,472,561,508,333,80,-195,-427,-554,-546,-409,-174,100,351,517,560,467,268,7,-254,-446,-531,-494,-343,-114,129,340,464,479,387,204,-27,-238,-384,-440,-391,-252,-63,129,291,376,366,271,121,-53,-209,-312,-332,-274,-159,-8,138,247,295,272,186,58,-79,-188,-250,-255,-198,-99,21,139,222,244,210,135,33,-80,-176,-229,-232,-185,-97,9,111,189,224,209,158,74,-25,-116,-182,-212,-197,-144,-64,29,114,175,207,203,168,110,42,-27,-83,-131,8,-177,0,0,0,0,0,0,0,0,0,0,0,0,0,0,0,0,0,0,0,0,0,0,0,0,0,0,0,0,0,0,0,0,0,0,0,0,0,0,0,0,0,0,0,0,0,0,0,0,0,0,0,0,0,0,0,0,0,0,0,0,0,0,0,0,0,0,0,0,0,0,0,0,0,0,0,0,0,0,0,0,0,0,0,0,0,0,0,0,0,0,0,0,0,0,0,0,0,0,0,0,0,0,0,0,0,0,0,0,0,0,0,0,0,0,0,0,0,0,0,0,0,0,0,0,0,0,0,0,0,0,0,0,0,0,0,0,0,0,0,0,0,0,0,0,0,0,0,0,0,0,0,0,0,0,0,0,0,0,0,0,0,0,0,0,0,0,0,0,0,0,0,0,0,0,0,0,0,0,0,0,0,0,0,0,0,0,0,0,0,0,0,0,0,0,0,0,0,0,0,0,0,0,0,0,0,0,0,0,0,0,0,0,0,0,0,0,0,0,0,0,0,0,0,0,0,0,0,0,0,0,0,0,0,0,0,0,0,0,0,0,0,0,0,0,0,0,0,0,0,0,0,0,0,0,0,0,1335,-340,-171,-3,-26,-49,-70,-85,-87,-75,-55,-24,14,48,69,79,77,60,33,-2,-40,-68,-83,-79,-65,-42,-8,30,56,73,81,76,57,27,-9,-43,-72,-89,-88,-77,-52,-13,28,68,102,120,110,79,31,-32,-94,-139,-153,-138,-93,-23,61,134,178,185,149,75,-23,-122,-197,-226,-199,-122,-11,111,207,254,241,170,52,-87,-211,-284,-289,-221,-88,70,214,313,340,276,140,-35,-204,-334,-386,-336,-201,-19,179,343,416,384,259,66,-150,-333,-434,-426,-315,-127,96,303,432,451,359,181,-46,-263,-415,-457,-387,-217,8,238,406,472,415,247,18,-220,-396,-471,0,-283,-62,181,386,494,475,330,102,-155,-371,-502,-505,-381,-164,97,339,494,528,432,222,-44,-298,-481,-551,-487,-298,-34,240,453,558,531,375,126,-151,-396,-544,-560,-443,-222,46,301,485,548,487,312,65,-190,-395,-509,-497,-371,-168,69,286,425,459,388,227,21,-182,-338,-407,-379,-267,-98,87,244,336,344,273,140,-23,-174,-276,-308,-271,-175,-38,106,218,272,260,190,78,-50,-161,-232,-250,-208,-118,-5,108,196,240,227,163,64,-46,-143,-209,-226,-194,-123,-34,66,156,208,212,175,104,12,-81,-159,-206,-211,-180,-118,-38,48,121,174,199,193,164,113,-569,-540
29084,mtk,MTK 7916,2778414993,rx2-tx1,512,0,0,0,0,0,0,0,0,0,0,0,0,0,0,0,0,0,0,0,0,0,0,0,0,0,0,0,0,0,0,0,0,0,0,0,0,0,0,0,0,0,0,0,0,0,0,0,0,0,0,0,0,0,0,0,0,0,0,0,0,0,0,0,0,0,0,0,0,0,0,0,0,0,0,0,0,0,0,0,0,0,0,0,0,0,0,0,0,0,0,0,0,0,0,0,0,0,0,0,0,0,0,0,0,0,0,0,0,0,0,0,0,0,0,0,0,0,0,0,0,0,0,0,0,0,0,0,0,0,0,0,0,0,0,0,0,0,0,0,0,0,0,0,0,0,0,0,0,0,0,0,0,0,0,0,0,0,0,0,0,0,0,0,0,0,0,0,0,0,0,0,0,0,0,0,0,0,0,0,0,0,0,0,0,0,0,0,0,0,0,0,0,0,0,0,0,0,0,0,0,0,0,0,0,0,0,0,0,0,0,0,0,0,0,0,0,0,0,0,0,0,0,0,0,0,0,0,0,0,0,0,0,0,0,0,0,0,0,0,0,0,0,0,0,0,0,0,0,0,0,0,0,0,0,0,0,236,234,174,-35,-49,-51,-47,-34,-13,12,33,49,62,62,47,22,-8,-36,-58,-68,-59,-37,-9,23,56,71,69,54,22,-19,-59,-79,-80,-63,-30,17,62,87,92,76,29,-24,-72,-106,-111,-86,-43,19,85,124,136,110,40,-47,-117,-160,-176,-142,-70,29,129,202,223,189,99,-15,-137,-239,-280,-248,-159,-23,134,256,320,300,205,56,-110,-259,-348,-361,-282,-123,68,243,361,397,330,177,-20,-212,-351,-412,-376,-236,-35,174,342,424,404,285,96,-118,-310,-423,-426,-322,-148,64,262,389,414,338,173,-30,-215,-338,-380,-333,-195,-2,174,304,353,299,176,13,0,-284,-332,-285,-166,0,167,291,331,283,165,-3,-178,-301,-341,-293,-172,-9,165,303,356,320,198,21,-162,-299,-367,-344,-229,-59,126,274,359,353,259,95,-84,-236,-330,-342,-273,-140,23,179,282,316,270,155,12,-127,-229,-269,-246,-163,-45,73,177,230,209,138,43,-63,-136,-173,-166,-117,-42,34,102,140,137,91,25,-40,-92,-119,-111,-74,-21,41,92,112,99,64,19,-32,-77,-100,-94,-66,-28,16,55,71,72,54,23,-9,-30,-47,-55,-50,-30,-5,18,35,37,27,12,4,-11,-21,-15,0,9,19,29,29,22,7,-17,-41,-58,-65,-59,-46,315,321,0,0,0,0,0,0,0,0,0,0,0,0,0,0,0,0,0,0,0,0,0,0,0,0,0,0,0,0,0,0,0,0,0,0,0,0,0,0,0,0,0,0,0,0,0,0,0,0,0,0,0,0,0,0,0,0,0,0,0,0,0,0,0,0,0,0,0,0,0,0,0,0,0,0,0,0,0,0,0,0,0,0,0,0,0,0,0,0,0,0,0,0,0,0,0,0,0,0,0,0,0,0,0,0,0,0,0,0,0,0,0,0,0,0,0,0,0,0,0,0,0,0,0,0,0,0,0,0,0,0,0,0,0,0,0,0,0,0,0,0,0,0,0,0,0,0,0,0,0,0,0,0,0,0,0,0,0,0,0,0,0,0,0,0,0,0,0,0,0,0,0,0,0,0,0,0,0,0,0,0,0,0,0,0,0,0,0,0,0,0,0,0,0,0,0,0,0,0,0,0,0,0,0,0,0,0,0,0,0,0,0,0,0,0,0,0,0,0,0,0,0,0,0,0,0,0,0,0,0,0,0,0,0,0,0,0,0,0,0,0,0,0,0,0,0,0,0,0,0,0,0,0,0,0,0,0,-351,-179,-248,20,2,-16,-32,-48,-59,-61,-54,-34,-9,15,38,60,65,55,32,1,-29,-55,-69,-68,-48,-15,28,57,73,72,51,20,-19,-60,-84,-87,-74,-38,20,69,91,94,78,34,-27,-81,-112,-118,-98,-44,31,106,146,143,119,62,-35,-128,-181,-197,-167,-88,27,140,222,254,220,126,-9,-143,-252,-301,-280,-181,-29,134,268,342,334,240,86,-97,-255,-358,-381,-306,-148,49,236,373,417,358,207,12,-193,-351,-426,-391,-263,-67,146,330,430,425,315,125,-96,-288,-410,-416,-323,-159,45,236,365,405,347,195,-3,-189,-315,-360,-314,-181,0,173,289,338,0,180,8,-164,-285,-330,-283,-156,9,172,288,334,287,165,-3,-173,-302,-352,-309,-189,-16,162,303,361,325,210,43,-139,-281,-356,-348,-239,-70,105,250,344,350,263,116,-53,-208,-310,-327,-266,-144,4,147,250,289,258,161,29,-102,-201,-245,-223,-159,-59,55,147,194,179,119,38,-45,-112,-148,-143,-99,-35,37,99,128,116,76,20,-43,-87,-107,-106,-71,-17,39,84,107,102,72,22,-24,-66,-91,-90,-63,-32,6,43,66,70,55,28,9,-13,-36,-49,-35,-21,-6,10,23,26,20,8,-5,-17,-25,-21,-9,11,34,45,46,39,22,2,-17,-38,79,-22
29085,mtk,MTK 7916,2778582834,rx0-tx0,512,-1687,-95,-280,-119,-180,-243,-285,-320,-332,-325,-309,-270,-216,-148,-70,18,111,200,283,346,395,424,423,402,349,268,160,50,-72,-190,-301,-396,-466,-510,-518,-491,-436,-342,-238,-111,30,168,289,396,483,535,555,537,492,417,312,192,61,-79,-211,-321,-425,-511,-550,-559,-547,-502,-419,-325,-204,-66,77,213,343,460,553,617,646,639,588,504,386,243,82,-100,-274,-439,-579,-695,-766,-790,-761,-686,-554,-380,-183,37,254,466,641,781,872,913,886,794,643,440,219,-16,-266,-492,-683,-828,-925,-956,-914,-817,-670,-474,-247,-12,229,464,659,812,912,954,936,853,709,524,305,64,-273,-409,-621,-787,-903,-965,-962,-901,-772,-589,-378,-130,117,366,602,788,923,1013,1022,965,847,664,438,185,-81,-352,-604,-818,-970,-1064,-1083,-1043,-927,-733,-495,-212,83,371,647,880,1049,1148,1174,1110,964,753,489,180,-141,-449,-742,-981,-1127,-1198,-1200,-1107,-920,-673,-383,-60,258,568,819,1011,1128,1166,1108,970,766,506,217,-82,-370,-617,-818,-962,-1034,-1010,-920,-772,-571,-332,-78,178,415,599,748,839,853,810,717,575,396,186,-27,-230,-411,-564,-665,-711,-701,-647,-543,-394,-222,-37,156,326,469,574,627,619,554,445,287,98,-94,-271,-411,-494,-509,-455,-338,-188,-26,112,453,294,-546,1422,1381,148,237,308,331,298,224,122,-13,-144,-257,-345,-395,-403,-378,-311,-216,-104,23,135,240,334,400,435,433,402,340,244,134,12,-119,-239,-352,-450,-505,-530,-508,-448,-353,-229,-78,84,225,376,500,577,611,594,533,428,288,127,-55,-226,-375,-500,-576,-610,-596,-545,-448,-318,-167,-15,137,268,395,482,534,551,529,464,380,265,139,6,-127,-248,-351,-424,-482,-507,-474,-415,-340,-242,-125,-8,111,215,303,370,401,410,398,361,301,222,125,26,-70,-155,-230,-279,-322,-341,-341,-314,-267,-213,-145,-71,5,81,144,195,238,263,267,257,234,209,174,135,86,25,-730,-82,-137,-192,-232,-271,-286,-287,-272,-236,-181,-117,-46,45,130,199,262,300,321,326,303,257,192,120,34,-46,-125,-187,-236,-270,-278,-266,-241,-212,-170,-128,-72,-19,36,79,121,156,178,203,212,214,210,200,175,148,99,51,-8,-65,-118,-180,-227,-266,-280,-284,-276,-249,-194,-135,-67,9,88,165,230,282,313,329,322,294,248,185,114,36,-46,-121,-186,-247,-286,-312,-322,-305,-278,-230,-171,-104,-29,46,118,187,244,288,319,326,316,281,230,170,91,17,-67,-143,-214,-271,-304,-322,-317,-292,-262,-214,-146,-76,-6,73,140,200,251,288,308,310,295,268,1025,1231,-175,-841,-793,-290,-263,-217,-153,-85,-6,67,143,218,280,327,356,370,363,336,284,210,124,20,-88,-191,-293,-380,-441,-472,-475,-449,-393,-309,-203,-80,56,181,305,405,479,535,547,518,458,378,271,142,5,-133,-260,-374,-461,-522,-558,-559,-516,-449,-370,-250,-118,11,143,279,390,476,551,592,592,560,500,408,293,154,6,-153,-308,-447,-562,-647,-706,-717,-678,-597,-479,-329,-139,60,260,445,621,747,835,861,837,749,606,423,208,-23,-258,-476,-673,-818,-904,-944,-914,-811,-651,-458,-233,14,256,477,674,824,912,943,917,827,680,494,273,32,-208,-443,-643,-802,-912,-960,-1322,-869,-740,-558,-346,-105,143,386,612,784,916,986,987,931,807,624,411,161,-107,-356,-591,-796,-942,-1028,-1051,-1007,-888,-701,-470,-206,79,357,629,851,1014,1112,1128,1075,945,744,490,208,-101,-409,-690,-919,-1097,-1188,-1191,-1118,-971,-731,-439,-129,194,519,793,997,1143,1197,1166,1046,851,598,305,-12,-327,-606,-840,-1006,-1092,-1103,-1029,-875,-670,-427,-147,139,393,620,793,900,941,918,819,667,485,256,16,-208,-412,-577,-703,-764,-769,-726,-632,-490,-311,-117,80,266,434,555,632,663,641,561,442,284,104,-92,-269,-422,-532,-581,-569,-495,-364,-193,-6,171,305,378,390,334,-665,-764,1197,62,-282,230,167,69,-55,-178,-281,-357,-389,-361,-299,-206,-83,43,166,274,348,403,415,394,345,268,164,49,-74,-190,-301,-385,-442,-469,-465,-421,-357,-252,-121,18,170,310,429,513,566,566,536,466,330,175,8,-160,-322,-457,-558,-616,-630,-582,-499,-375,-222,-57,113,269,407,510,567,587,561,501,411,281,148,5,-140,-269,-371,-455,-497,-517,-504,-449,-362,-253,-141,-4,128,238,339,415,453,459,438,385,320,225,122,12,-97,-192,-265,-327,-363,-380,-367,-336,-276,-207,-133,-49,37,120,190,244,287,303,307,288,253,209,151,86,23,-36,-87,-136,-180,-214,-244,-259,-128,-249,-225,-185,-139,-84,-18,52,125,190,248,285,315,320,295,255,193,116,39,-48,-135,-210,-262,-294,-312,-307,-284,-239,-186,-116,-40,30,85,137,175,207,230,234,224,204,184,154,123,82,33,-13,-56,-105,-147,-188,-219,-235,-251,-241,-230,-198,-154,-98,-32,33,106,178,235,274,302,313,304,279,231,166,93,13,-72,-154,-221,-272,-304,-323,-322,-294,-258,-206,-136,-68,13,87,153,212,259,297,316,316,296,258,205,144,71,-10,-91,-172,-230,-283,-315,-327,-320,-290,-246,-185,-117,-41,44,114,180,235,278,297,304,295,268,231,179,115,49,-22,-97,-176,992,719
29086,mtk,MTK 7916,2778582834,rx0-tx1,512,-144,34,164,-1011,-945,-829,-652,-444,-206,45,294,528,742,904,1007,1061,1053,974,831,643,414,150,-119,-385,-630,-835,-981,-1079,-1116,-1085,-980,-815,-604,-358,-82,198,470,719,920,1076,1155,1165,1106,977,794,552,277,-18,-308,-588,-821,-1011,-1143,-1202,-1187,-1097,-947,-724,-458,-169,118,398,664,883,1049,1164,1196,1152,1052,884,665,411,131,-156,-440,-694,-910,-1072,-1171,-1204,-1167,-1054,-878,-647,-378,-80,232,518,785,999,1161,1243,1250,1175,1029,809,545,234,-81,-396,-690,-938,-1116,-1233,-1265,-1209,-1073,-879,-627,-331,-20,287,578,822,1003,1122,1171,1149,1051,894,684,430,157,-126,-394,-633,-831,-989,146,-1086,-1046,-940,-780,-571,-323,-52,214,468,695,883,1010,1074,1075,1014,885,704,468,200,-77,-349,-607,-817,-976,-1077,-1111,-1074,-968,-797,-577,-313,-33,256,525,762,943,1074,1135,1128,1045,879,666,409,121,-175,-462,-718,-920,-1078,-1157,-1160,-1080,-926,-723,-462,-166,138,434,704,920,1076,1153,1150,1072,918,697,432,138,-166,-453,-706,-911,-1046,-1093,-1081,-975,-804,-577,-318,-41,240,478,686,846,927,940,887,774,612,411,185,-45,-270,-462,-618,-719,-776,-766,-696,-583,-427,-246,-52,144,326,472,577,634,634,585,484,343,178,-7,-181,-337,-447,-500,-497,-435,-324,-174,-20,116,211,-326,-225,0,-10,-47,352,408,396,312,176,5,-178,-353,-477,-550,-566,-524,-429,-296,-131,47,211,371,487,572,618,616,565,466,335,169,-4,-168,-335,-486,-603,-684,-714,-704,-632,-514,-370,-187,24,240,441,612,759,853,884,855,766,614,410,173,-89,-356,-588,-793,-952,-1019,-1026,-949,-807,-618,-377,-114,170,443,685,878,1012,1078,1068,976,830,621,373,98,-191,-458,-701,-892,-1024,-1088,-1078,-989,-833,-625,-378,-108,165,427,661,840,963,1030,1025,953,832,649,431,182,-74,-315,-528,-720,-865,-946,-985,-953,-857,-718,-534,-314,-78,158,385,597,766,894,975,991,946,839,687,490,261,12,-238,-411,-693,-874,-1002,-1071,-1064,-996,-864,-673,-437,-159,127,403,662,885,1057,1155,1183,1137,1008,814,572,277,-30,-336,-626,-884,-1077,-1199,-1243,-1199,-1086,-903,-668,-391,-77,231,524,787,998,1149,1218,1217,1140,995,791,534,261,-40,-325,-599,-837,-1027,-1150,-1200,-1186,-1092,-937,-731,-479,-198,99,399,665,891,1069,1179,1220,1191,1087,914,682,420,120,-186,-472,-742,-966,-1128,-1218,-1231,-1177,-1043,-838,-589,-302,8,317,600,846,1041,1172,1212,1187,1096,928,708,445,154,-140,-439,-688,-903,-1054,-1137,-1159,-1105,-972,-788,-560,-294,-23,248,508,731,898,1014,1072,1056,975,853,671,450,207,-44,-289,34,32,147,502,473,150,389,608,791,925,1011,1038,1000,905,748,541,308,60,-203,-459,-682,-867,-1005,-1080,-1089,-1035,-914,-731,-507,-255,17,293,551,775,952,1077,1134,1123,1047,904,706,460,178,-104,-390,-650,-882,-1057,-1163,-1196,-1161,-1053,-873,-648,-374,-77,220,498,751,963,1108,1183,1190,1131,996,797,566,297,1,-282,-548,-790,-986,-1117,-1184,-1177,-1108,-971,-779,-532,-257,36,329,604,844,1033,1162,1229,1209,1121,962,742,471,168,-150,-458,-739,-975,-1153,-1261,-1273,-1211,-1067,-854,-589,-288,40,351,638,882,1077,1194,1225,1181,1067,880,647,375,83,-214,-490,-727,-918,-1050,-1119,-1122,-1048,-909,-725,-493,206,36,299,543,755,928,1038,1083,1059,974,832,636,398,136,-135,-402,-641,-843,-998,-1079,-1099,-1055,-936,-753,-522,-260,20,300,563,788,966,1082,1130,1110,1011,843,623,363,77,-210,-495,-739,-931,-1075,-1146,-1142,-1069,-915,-706,-453,-158,149,448,708,921,1086,1168,1165,1087,931,718,451,157,-148,-440,-707,-915,-1058,-1132,-1126,-1034,-870,-653,-378,-95,194,473,707,884,996,1038,991,874,711,491,244,-9,-254,-472,-649,-781,-845,-853,-790,-674,-518,-330,-123,93,290,460,594,675,705,679,599,469,315,136,-46,-222,-381,-494,-564,-580,-537,-441,-297,-134,38,195,319,387,391,342,241,386,448,0,53,44,116,-25,-197,-348,-458,-511,-499,-420,-280,-117,61,238,393,507,580,591,557,478,354,212,46,-125,-289,-432,-546,-628,-648,-638,-581,-483,-340,-174,11,201,393,544,674,763,803,775,689,560,394,179,-51,-286,-510,-708,-854,-946,-978,-926,-802,-635,-398,-133,139,419,656,859,993,1056,1052,969,820,613,362,89,-198,-458,-693,-885,-1018,-1084,-1070,-986,-836,-628,-379,-104,182,454,686,875,1003,1063,1049,972,831,635,402,141,-130,-378,-601,-789,-916,-994,-997,-940,-831,-681,-473,-246,-4,241,465,654,819,924,969,957,897,773,596,393,167,-74,-314,-536,-727,-882,-983,-1021,-996,-92,-774,-587,-354,-97,173,432,673,879,1032,1123,1130,1068,940,751,508,226,-73,-375,-659,-889,-1077,-1193,-1224,-1177,-1061,-869,-618,-332,-15,301,595,850,1044,1181,1236,1204,1110,942,720,447,158,-140,-428,-696,-920,-1081,-1178,-1206,-1157,-1047,-866,-640,-366,-79,216,502,752,957,1113,1195,1216,1151,1016,830,591,308,13,-284,-567,-820,-1017,-1160,-1235,-1225,-1142,-993,-777,-513,-216,92,394,681,914,1090,1203,1241,1194,1073,886,651,366,62,-228,-520,-777,-980,-1119,-1179,-1181,-1102,-958,-757,-499,-226,59,348,611,821,985,1078,1108,1083,988,822,612,376,118,-155,-400,-625,-813,-946,-1020,-1036,-987,2,20
29087,mtk,MTK 7916,2778582834,rx1-tx0,512,0,-431,-488,798,826,816,750,649,505,336,146,-52,-243,-415,-572,-692,-772,-813,-809,-762,-665,-531,-368,-184,17,218,401,579,730,837,882,885,835,740,599,414,196,-32,-261,-487,-676,-845,-963,-1012,-1012,-955,-826,-648,-427,-177,95,376,637,866,1036,1156,1195,1162,1061,877,640,348,28,-306,-616,-898,-1122,-1266,-1345,-1327,-1217,-1024,-755,-439,-88,266,606,902,1132,1301,1381,1361,1242,1056,797,494,152,-185,-519,-815,-1052,-1215,-1311,-1310,-1245,-1091,-860,-584,-264,60,385,687,938,1130,1255,1296,1244,1116,919,650,348,16,-316,-612,-876,-1077,-1209,-1250,-1215,-1107,-921,-673,-384,-78,237,538,797,997,-136,1181,1162,1064,894,669,402,115,-185,-462,-702,-901,-1039,-1102,-1098,-1019,-867,-663,-408,-133,138,397,626,812,944,1015,1013,945,818,635,417,172,-82,-326,-541,-719,-837,-911,-918,-864,-763,-607,-418,-205,14,232,422,587,708,776,803,783,714,592,441,264,83,-98,-290,-445,-569,-672,-723,-724,-694,-616,-499,-350,-174,10,191,361,501,616,688,713,680,610,494,352,182,1,-177,-349,-487,-587,-646,-660,-615,-535,-428,-289,-126,40,191,342,454,537,567,563,522,432,308,175,27,-119,-255,-371,-453,-491,-490,-444,-358,-244,-102,46,177,294,367,392,370,307,202,89,-22,-117,239,-4,0,311,333,-44,-136,-221,-278,-297,-274,-210,-122,-20,84,190,265,308,335,330,291,237,163,73,-17,-108,-185,-266,-312,-343,-360,-346,-314,-258,-195,-101,2,106,211,308,385,449,483,483,452,381,281,152,-3,-162,-311,-449,-563,-635,-669,-652,-573,-461,-316,-129,68,262,450,609,719,790,803,746,645,491,306,95,-130,-354,-546,-710,-829,-886,-881,-821,-704,-530,-312,-74,176,418,628,802,924,974,951,879,734,533,300,44,-219,-479,-687,-872,-975,-1012,-988,-888,-727,-531,-287,-21,242,493,708,869,975,1024,994,899,738,533,297,34,-224,-476,-683,-846,-953,-1001,-985,-901,-753,-559,236,-100,152,402,608,787,916,991,1000,951,829,655,446,205,-53,-314,-554,-765,-925,-1024,-1058,-1017,-927,-768,-542,-303,-31,242,496,721,890,1017,1075,1071,998,838,646,417,157,-120,-377,-618,-825,-979,-1073,-1095,-1059,-954,-793,-584,-331,-49,231,500,743,933,1073,1146,1145,1079,937,737,485,201,-101,-391,-672,-904,-1074,-1177,-1199,-1157,-1042,-856,-607,-317,-19,296,584,831,1026,1154,1205,1175,1069,892,662,387,82,-213,-493,-737,-928,-1059,-1124,-1117,-1030,-887,-680,-440,-175,100,362,586,786,924,1007,1022,974,865,708,503,275,32,-223,-446,-623,-772,-877,-925,-920,-843,-714,-549,-363,-156,-158,20,0,234,-8,250,54,-144,-339,-511,-648,-742,-801,-817,-781,-702,-581,-433,-260,-75,119,311,486,634,747,820,845,815,748,644,492,299,87,-124,-339,-534,-709,-842,-924,-953,-933,-846,-712,-537,-310,-67,178,427,658,850,999,1086,1112,1062,950,771,539,266,-41,-334,-623,-876,-1082,-1221,-1282,-1259,-1148,-970,-704,-405,-74,277,610,909,1146,1306,1380,1361,1249,1045,779,466,117,-239,-570,-866,-1101,-1269,-1348,-1339,-1248,-1072,-830,-541,-212,125,442,749,997,1183,1286,1299,1241,1097,891,622,319,-8,-342,-640,-911,-1112,-1234,-1286,-1239,-1120,-932,-677,-377,-46,273,576,834,1037,1168,1223,1199,1087,906,671,1335,96,-209,-498,-746,-949,-1084,-1152,-1130,-1032,-870,-662,-407,-125,155,435,677,871,1007,1065,1058,983,840,650,417,157,-112,-359,-588,-768,-896,-969,-973,-912,-792,-621,-420,-201,43,269,484,656,782,847,866,822,732,599,424,236,38,-165,-357,-517,-635,-714,-746,-746,-697,-597,-474,-314,-128,49,222,391,529,633,697,712,689,614,507,363,193,8,-172,-342,-489,-603,-675,-691,-664,-593,-479,-337,-168,17,194,340,463,555,606,605,570,492,376,237,80,-73,-223,-358,-451,-509,-531,-510,-451,-358,-236,-91,53,200,318,406,457,446,400,314,195,60,-72,-189,-271,-296,-286,-224,422,490,0,-131,40,-221,-212,-152,-68,38,146,240,300,326,320,282,205,122,28,-76,-164,-237,-297,-329,-336,-321,-289,-236,-150,-70,24,112,198,274,343,395,410,408,376,316,232,131,8,-120,-250,-372,-474,-550,-585,-570,-520,-434,-308,-148,22,210,385,531,653,731,744,712,624,478,303,111,-108,-320,-510,-664,-775,-842,-853,-787,-668,-507,-311,-81,151,382,590,764,882,939,935,861,725,541,304,47,-206,-450,-674,-844,-954,-1000,-986,-886,-737,-541,-293,-40,226,487,705,871,985,1025,997,905,737,524,287,28,-240,-488,-703,-859,-966,-1002,-980,-889,-733,-537,-306,-57,200,445,659,825,-351,991,990,908,775,610,403,159,-99,-355,-594,-781,-925,-1011,-1033,-982,-873,-714,-503,-254,21,286,528,757,919,1023,1075,1047,953,797,586,345,80,-176,-437,-672,-854,-994,-1075,-1078,-1017,-905,-722,-503,-238,29,301,556,777,952,1079,1135,1116,1026,865,656,411,128,-151,-436,-693,-916,-1077,-1167,-1183,-1123,-998,-797,-555,-263,41,342,624,872,1067,1176,1215,1182,1063,882,644,357,50,-258,-547,-798,-991,-1121,-1173,-1148,-1057,-895,-677,-412,-130,162,435,670,863,988,1063,1067,997,870,692,466,220,-42,-289,-517,-708,-856,-948,-986,-957,-850,-712,-539,-322,-92,142,361,548,699,806,865,-308,-328
29088,mtk,MTK 7916,2778582834,rx1-tx1,512,0,0,0,-690,-549,-259,110,446,656,680,512,197,-175,-497,-676,-659,-456,-121,257,568,712,651,397,29,-359,-649,-753,-641,-340,67,462,734,799,639,292,-159,-572,-822,-848,-635,-239,245,666,902,891,630,180,-332,-764,-986,-934,-624,-131,411,855,1066,978,619,83,-487,-933,-1124,-1013,-621,-48,546,992,1176,1037,615,22,-578,-1018,-1182,-1029,-588,13,596,1018,1163,988,538,-55,-625,-1023,-1129,-920,-468,105,643,995,1060,827,370,-194,-696,-988,-1005,-748,-268,287,748,989,950,645,163,-366,-799,-999,-918,-573,-71,454,851,1011,884,504,-22,-546,-913,-1027,-852,-431,105,622,966,1040,828,0,-179,-694,-1023,-1068,-806,-311,266,776,1080,1095,809,286,-332,-859,-1153,-1141,-814,-253,382,926,1227,1192,833,243,-420,-969,-1269,-1233,-859,-241,444,1011,1316,1269,876,251,-442,-1030,-1337,-1281,-881,-248,452,1030,1335,1274,867,228,-477,-1063,-1351,-1273,-856,-203,516,1094,1382,1302,866,195,-541,-1135,-1428,-1350,-912,-231,515,1129,1451,1400,996,331,-419,-1058,-1422,-1426,-1064,-436,292,937,1337,1388,1094,540,-143,-778,-1198,-1304,-1084,-599,21,615,1037,1189,1036,637,95,-456,-873,-1057,-976,-658,-194,309,717,938,930,692,297,-146,-544,-812,-891,-775,-495,-118,260,560,740,769,654,436,174,-71,-274,0,0,0,0,0,295,228,116,-41,-214,-370,-472,-489,-407,-233,0,245,446,553,543,405,170,-111,-372,-553,-606,-509,-283,15,316,543,642,582,368,58,-275,-543,-682,-646,-440,-113,250,549,718,706,501,163,-227,-561,-759,-763,-565,-218,193,565,797,825,632,285,-136,-535,-794,-845,-685,-346,86,487,754,826,683,361,-43,-429,-699,-777,-644,-341,47,412,656,722,592,300,-72,-413,-641,-684,-522,-223,123,440,637,646,477,177,-176,-480,-647,-634,-450,-136,222,515,667,638,430,102,-253,-542,-687,-644,-420,-87,272,556,688,633,412,82,-271,-547,-667,-605,-381,-63,274,535,629,549,328,0,-308,-529,-602,-507,-267,55,350,541,586,461,208,-105,-389,-555,-566,-421,-151,162,428,568,543,370,87,-221,-465,-573,-514,-312,-14,295,513,578,482,245,-68,-368,-562,-596,-455,-180,157,453,623,622,435,119,-230,-523,-681,-648,-429,-88,283,576,719,665,421,54,-323,-612,-733,-660,-405,-38,340,617,719,625,364,6,-350,-597,-675,-568,-303,44,365,577,612,473,209,-112,-395,-554,-547,-380,-104,200,440,548,491,290,3,-293,-502,-559,-448,-204,96,374,552,564,414,146,-180,-458,-609,-589,-401,-94,237,509,642,596,381,50,-295,-552,-664,-593,-345,0,343,598,686,0,0,0,0,0,-89,-418,-639,-684,-536,-231,137,465,662,673,487,163,-210,-527,-691,-651,-425,-73,311,608,727,641,370,-18,-413,-693,-779,-643,-321,105,515,779,824,640,265,-193,-610,-862,-876,-638,-211,287,715,946,914,626,152,-380,-810,-1026,-962,-621,-99,455,896,1104,1004,620,62,-520,-968,-1154,-1023,-612,-33,565,1010,1179,1036,605,7,-587,-1016,-1168,-1007,-570,26,613,1016,1142,958,502,-91,-643,-1011,-1099,-879,-416,145,664,997,1043,790,321,-230,-712,-990,-982,-699,-221,325,770,988,926,611,114,-417,-828,-1006,-901,-538,-19,507,887,1014,863,468,-65,-578,-940,-1037,-836,-400,153,665,0,1052,815,347,-226,-742,-1058,-1081,-803,-305,292,815,1113,1110,804,265,-358,-892,-1186,-1158,-815,-241,406,953,1252,1215,843,238,-436,-999,-1299,-1259,-873,-251,441,1017,1324,1272,881,255,-444,-1027,-1328,-1269,-872,-240,467,1046,1334,1267,860,213,-499,-1083,-1371,-1282,-846,-183,530,1112,1409,1326,886,204,-529,-1133,-1448,-1384,-952,-278,472,1099,1442,1413,1026,375,-368,-1010,-1389,-1417,-1087,-490,217,856,1272,1358,1096,572,-76,-693,-1119,-1253,-1067,-624,-40,531,950,1119,1009,654,145,-384,-794,-995,-949,-675,-247,226,632,880,915,736,390,-25,-422,-713,-845,-800,-599,-295,40,336,543,629,599,481,0,0,0,0,0,156,278,372,418,387,280,105,-110,-319,-475,-536,-485,-331,-95,171,406,558,575,456,229,-59,-347,-553,-623,-548,-332,-22,293,540,656,612,405,83,-262,-547,-702,-682,-479,-146,226,551,738,728,533,190,-211,-562,-782,-795,-596,-252,165,549,794,834,663,319,-111,-516,-784,-855,-702,-363,65,460,726,797,669,367,-35,-417,-672,-737,-609,-317,59,414,643,687,545,256,-99,-426,-637,-662,-508,-212,151,461,641,644,464,153,-205,-508,-660,-629,-431,-114,245,543,685,641,422,88,-270,-556,-693,-643,-419,-82,272,550,679,623,397,69,-264,-530,-654,-585,-358,-42,287,530,0,523,291,-11,-320,-542,-595,-484,-235,79,362,548,577,436,177,-134,-409,-562,-559,-397,-115,198,446,570,537,342,50,-260,-494,-581,-499,-279,28,332,536,587,470,210,-121,-418,-598,-606,-448,-157,194,490,651,632,433,106,-259,-559,-703,-654,-426,-73,308,608,733,664,416,49,-332,-622,-741,-649,-383,-19,341,606,700,602,340,-8,-348,-580,-645,-523,-257,69,373,560,583,433,157,-159,-418,-551,-519,-337,-50,250,472,549,466,247,-51,-338,-528,-569,-438,-177,137,418,582,582,415,120,-216,-489,-627,-596,-396,-75,270,536,660,598,360,22,-322,-578,-675,-584,-327,24,0,0
29089,mtk,MTK 7916,2778582834,rx2-tx0,512,0,0,0,-729,-759,-582,-245,155,513,729,750,571,233,-167,-515,-721,-729,-542,-205,186,518,698,682,481,158,-210,-517,-668,-631,-423,-95,252,515,631,570,353,36,-286,-525,-613,-521,-281,30,331,529,579,458,201,-107,-369,-525,-523,-371,-117,173,410,522,482,304,29,-254,-453,-519,-430,-215,59,320,489,509,379,136,-144,-387,-524,-504,-329,-62,226,450,553,500,299,8,-283,-498,-578,-489,-262,33,318,517,565,451,209,-85,-354,-525,-550,-420,-168,133,384,525,518,365,109,-181,-414,-525,-491,-322,-56,227,437,519,457,260,-6,-268,-455,-508,-413,-201,66,318,479,493,363,0,-122,-359,-488,-469,-317,-74,196,411,505,456,275,8,-268,-467,-539,-457,-237,62,351,543,579,454,198,-118,-412,-592,-612,-462,-168,177,475,648,646,463,146,-222,-537,-711,-683,-467,-114,281,606,771,727,481,94,-326,-662,-833,-783,-506,-92,352,716,895,827,538,105,-369,-756,-953,-904,-616,-157,346,757,979,953,674,228,-277,-716,-959,-960,-722,-295,207,646,913,948,746,365,-105,-544,-834,-909,-752,-403,34,456,757,857,746,456,62,-342,-649,-780,-721,-493,-151,219,523,692,693,534,256,-72,-370,-571,-643,-575,-383,-121,151,376,508,533,460,313,127,-50,-187,-271,0,0,0,0,0,273,267,211,101,-45,-204,-341,-426,-430,-346,-185,27,240,409,497,474,338,120,-138,-361,-504,-537,-436,-224,41,299,495,568,497,301,26,-260,-486,-596,-552,-362,-82,224,477,602,578,407,125,-192,-456,-608,-599,-439,-158,170,448,600,596,441,174,-143,-419,-572,-574,-432,-162,147,400,546,546,395,135,-156,-397,-533,-514,-355,-103,178,400,505,474,306,53,-215,-419,-499,-422,-230,20,268,446,493,388,171,-88,-326,-483,-505,-378,-142,141,384,525,523,371,110,-185,-427,-553,-532,-365,-88,215,459,572,528,337,47,-257,-492,-596,-528,-311,-7,305,542,624,529,293,0,-358,-575,-640,-531,-271,68,392,611,665,534,252,-103,-432,-644,-673,-516,-218,149,476,668,679,512,195,-184,-504,-682,-675,-478,-139,234,536,692,660,438,87,-283,-574,-711,-641,-388,-30,338,614,716,612,328,-47,-405,-656,-725,-580,-271,117,467,690,725,549,207,-183,-521,-725,-729,-524,-170,237,578,747,706,474,110,-287,-599,-744,-680,-421,-49,337,623,733,632,353,-21,-388,-647,-723,-592,-304,77,438,664,704,544,230,-147,-479,-673,-679,-496,-169,212,525,677,643,434,92,-269,-553,-685,-621,-376,-25,336,604,703,598,322,-49,-395,-639,-716,-590,-294,88,451,688,0,0,0,0,0,250,-148,-505,-728,-754,-574,-239,164,521,732,746,557,218,-176,-514,-709,-709,-513,-184,190,508,674,651,447,126,-229,-522,-657,-607,-387,-60,276,525,625,545,317,0,-307,-525,-591,-485,-243,63,347,532,549,403,152,-138,-394,-527,-506,-340,-75,209,432,525,458,256,-17,-287,-469,-507,-401,-180,101,353,499,506,362,95,-197,-427,-544,-507,-314,-33,260,480,562,492,281,-20,-313,-515,-575,-473,-241,57,343,528,557,435,192,-105,-367,-531,-543,-395,-141,147,396,526,499,339,84,-197,-425,-525,-467,-284,-19,255,447,517,438,232,-34,-290,-468,-504,-394,-172,103,345,0,489,347,106,-161,-385,-501,-469,-302,-42,231,437,521,454,248,-29,-302,-502,-562,-455,-218,86,374,562,588,447,179,-152,-450,-620,-625,-462,-156,200,504,673,663,468,133,-242,-557,-732,-707,-472,-101,298,633,800,742,489,95,-340,-693,-861,-794,-516,-95,365,747,925,863,580,135,-362,-761,-965,-927,-646,-188,313,739,976,958,702,267,-242,-683,-947,-962,-738,-329,158,587,865,928,759,394,-70,-497,-790,-878,-745,-430,-18,388,692,818,731,474,102,-281,-581,-736,-709,-512,-198,149,450,636,674,556,325,27,-268,-490,-597,-572,-436,-227,6,216,367,435,417,332,205,0,0,0,0,0,25,144,251,338,374,342,239,74,-119,-301,-430,-475,-422,-273,-54,184,389,509,509,391,180,-81,-334,-506,-555,-471,-268,4,278,490,581,521,331,57,-241,-483,-603,-570,-388,-108,199,461,605,594,426,146,-174,-451,-598,-593,-445,-170,149,424,586,589,435,168,-142,-406,-562,-572,-418,-152,145,398,541,534,377,121,-163,-398,-514,-488,-330,-77,198,408,496,446,268,14,-243,-425,-484,-409,-210,57,305,466,501,392,162,-115,-363,-508,-515,-373,-123,162,408,544,529,366,99,-200,-445,-565,-531,-353,-71,236,474,582,532,326,31,-279,-517,-610,-529,-299,11,326,558,0,535,287,-44,-370,-594,-655,-531,-257,87,410,627,670,528,239,-119,-449,-653,-676,-515,-209,163,491,678,677,492,166,-209,-525,-692,-668,-464,-120,253,553,699,646,416,64,-309,-593,-712,-626,-360,9,376,635,718,595,302,-77,-439,-680,-726,-565,-244,149,500,707,720,530,188,-207,-544,-736,-725,-506,-137,265,586,745,698,452,78,-312,-616,-745,-661,-392,-16,364,640,734,620,329,-49,-412,-660,-715,-566,-266,109,455,667,691,515,195,-177,-491,-668,-663,-465,-130,236,534,678,630,403,56,-310,-581,-695,-616,-352,10,366,624,710,592,307,-63,-424,-669,-731,-591,-275,0,0
29090,mtk,MTK 7916,2778582834,rx2-tx1,512,0,0,0,635,633,462,164,-173,-468,-644,-659,-497,-197,153,459,649,667,513,224,-131,-443,-637,-662,-504,-218,121,431,620,634,481,202,-130,-422,-601,-627,-473,-188,142,441,615,616,458,178,-154,-443,-619,-626,-462,-179,157,451,619,624,470,186,-134,-414,-589,-611,-468,-197,117,389,549,569,439,204,-83,-333,-492,-525,-416,-197,62,296,444,466,368,180,-49,-246,-377,-410,-324,-156,32,201,317,338,272,133,-33,-173,-260,-280,-212,-86,45,152,213,213,157,53,-55,-135,-174,-166,-112,-26,56,123,152,132,75,5,-60,-99,-110,-94,-45,14,59,83,78,42,-2,-39,-63,0,-46,-12,25,66,83,72,39,-13,-56,-89,-99,-77,-34,13,67,105,115,94,44,-14,-66,-102,-113,-101,-64,-18,29,73,92,82,63,36,2,-22,-32,-41,-41,-36,-34,-34,-37,-37,-23,5,38,79,109,124,115,66,-3,-73,-146,-191,-199,-160,-77,40,152,233,268,245,157,19,-121,-228,-291,-300,-228,-91,61,198,289,312,260,141,-11,-163,-265,-303,-274,-176,-37,112,237,296,282,200,76,-63,-189,-268,-271,-210,-100,32,152,231,252,217,123,1,-115,-196,-231,-209,-137,-38,69,156,202,207,168,89,-6,-96,-159,-183,-173,-136,-78,-12,51,93,109,0,0,0,0,0,-85,-55,-9,49,109,160,189,182,132,58,-29,-129,-206,-238,-220,-153,-51,56,155,230,255,214,121,4,-110,-206,-259,-248,-172,-60,66,186,267,283,226,108,-27,-153,-242,-271,-238,-151,-25,110,211,259,248,174,59,-62,-156,-205,-215,-170,-81,26,112,165,172,137,65,-20,-91,-122,-124,-97,-41,17,56,68,66,50,12,-29,-41,-31,-5,27,45,46,29,0,-49,-98,-117,-105,-61,18,100,165,192,162,88,-16,-132,-219,-253,-223,-122,14,157,264,310,274,162,-4,-172,-307,-365,-328,-212,-35,169,333,411,384,263,65,-162,-352,-448,-434,-314,-101,156,0,496,487,350,119,-144,-379,-518,-525,-392,-151,127,379,544,567,441,191,-106,-385,-567,-597,-471,-228,75,360,552,599,490,252,-45,-333,-535,-596,-500,-273,27,313,513,579,489,271,-10,-281,-478,-542,-453,-243,27,277,453,505,415,216,-29,-262,-422,-463,-377,-182,59,269,393,409,312,128,-82,-258,-362,-357,-249,-74,117,266,334,301,184,14,-162,-283,-318,-260,-122,63,215,296,292,194,35,-134,-265,-317,-279,-147,40,225,344,366,279,116,-92,-288,-408,-419,-301,-92,147,349,474,471,330,99,-164,-405,-540,-522,-367,-111,184,433,577,573,410,134,-181,-451,-601,0,0,0,0,0,-158,182,474,641,645,480,186,-160,-468,-652,-666,-510,-215,137,455,651,663,505,222,-123,-440,-622,-638,-493,-222,116,427,612,626,475,193,-137,-428,-614,-630,-471,-184,145,438,614,622,455,169,-152,-443,-616,-620,-465,-186,146,435,605,614,466,202,-116,-393,-563,-584,-451,-201,90,358,524,553,437,203,-78,-318,-470,-500,-399,-192,52,273,409,434,349,180,-33,-230,-349,-368,-295,-150,31,187,280,301,235,112,-33,-158,-228,-231,-173,-64,60,146,193,190,130,37,-55,-126,-160,-147,-91,-15,57,107,120,105,61,-8,-65,-96,-101,-75,-20,37,72,84,68,38,0,-49,-71,-75,-50,-2,46,75,89,75,39,-9,-58,-95,-107,-88,-43,13,70,108,117,93,51,4,-44,-84,-103,-89,-61,-26,17,44,65,72,52,27,12,3,-2,-1,-12,-31,-46,-60,-78,-81,-59,-24,24,84,133,169,167,118,32,-62,-154,-223,-246,-201,-107,14,140,242,289,274,192,55,-93,-213,-298,-308,-240,-125,32,186,287,324,284,174,22,-135,-250,-297,-277,-193,-54,95,213,274,274,209,82,-60,-177,-254,-268,-210,-112,6,128,219,249,214,131,20,-89,-168,-214,-212,-156,-67,39,131,186,196,172,118,40,-38,-108,-154,-161,-136,-99,-48,0,0,0,0,0,-77,-121,-146,-145,-125,-77,-3,83,156,201,207,179,114,20,-88,-183,-239,-238,-185,-96,20,140,227,259,233,150,28,-101,-203,-260,-266,-203,-86,53,177,256,276,232,131,1,-132,-231,-266,-240,-158,-38,95,197,241,235,169,67,-46,-146,-199,-197,-151,-79,7,98,147,155,127,67,-6,-62,-100,-102,-68,-27,13,44,45,30,7,-17,-33,-36,-14,23,57,81,75,34,-19,-73,-122,-145,-130,-69,23,113,188,225,191,105,-13,-142,-239,-280,-245,-144,2,156,285,338,306,191,23,-166,-317,-384,-349,-230,-47,161,340,433,412,285,79,-156,-352,-461,-458,0,-102,147,362,496,498,364,133,-137,-376,-529,-548,-410,-163,121,377,552,583,460,213,-93,-373,-557,-601,-491,-253,54,348,550,600,500,274,-27,-321,-527,-590,-494,-266,19,292,493,560,474,257,-18,-287,-472,-525,-438,-236,28,271,439,482,394,201,-43,-270,-416,-447,-346,-152,68,268,383,383,281,102,-101,-267,-351,-336,-217,-41,135,270,319,273,142,-24,-183,-288,-304,-223,-78,91,235,309,278,166,-2,-180,-306,-341,-276,-128,67,253,376,391,291,102,-128,-332,-446,-440,-318,-102,158,388,515,500,351,99,-189,-428,-557,-547,-393,-128,185,453,596,585,425,145,0,0
29091,mtk,MTK 7916,2778628676,rx0-tx0,512,-1687,-95,-280,-23,-146,-249,-328,-375,-392,-376,-325,-236,-125,0,128,247,349,415,452,441,385,293,166,16,-137,-282,-403,-486,-521,-502,-432,-319,-167,3,178,340,464,539,559,528,443,312,147,-32,-210,-366,-484,-563,-576,-534,-445,-310,-150,27,200,354,479,561,582,555,477,351,194,13,-169,-336,-479,-582,-627,-616,-545,-420,-255,-54,151,346,514,643,704,700,627,482,290,63,-175,-396,-589,-725,-798,-783,-683,-511,-288,-32,236,484,689,818,858,823,695,488,234,-48,-329,-572,-761,-874,-888,-813,-658,-428,-158,131,407,641,808,893,888,787,613,370,91,-195,-471,-696,-850,-916,-273,-771,-577,-316,-22,268,540,759,904,953,894,754,534,247,-62,-369,-640,-852,-982,-995,-910,-724,-463,-152,178,492,764,957,1036,1018,888,665,367,17,-329,-646,-891,-1043,-1090,-1019,-833,-562,-223,144,497,797,1011,1115,1099,957,714,402,28,-345,-685,-943,-1098,-1135,-1031,-820,-516,-150,217,561,837,1018,1075,1019,847,580,255,-95,-422,-699,-896,-983,-950,-813,-591,-313,-3,294,549,743,839,839,751,580,356,96,-161,-397,-581,-689,-719,-669,-541,-367,-152,71,285,472,583,630,602,499,344,149,-68,-266,-434,-540,-571,-520,-400,-226,-13,188,354,453,470,401,258,81,-92,-203,453,294,-546,1422,1381,131,48,-69,-178,-264,-293,-271,-199,-91,25,147,239,297,311,280,218,122,12,-95,-192,-267,-307,-314,-285,-228,-133,-28,76,179,270,323,348,330,270,192,81,-39,-161,-270,-346,-384,-382,-339,-245,-118,21,159,277,363,410,403,357,268,144,10,-119,-239,-322,-377,-392,-352,-278,-183,-73,47,157,250,319,354,349,308,246,160,55,-63,-174,-258,-313,-345,-332,-285,-214,-118,-7,97,189,257,306,323,300,246,166,81,-19,-120,-197,-252,-274,-278,-251,-196,-126,-43,31,105,170,206,231,232,209,164,104,47,-14,-78,-122,-154,-182,-185,-182,-162,-129,-89,-40,13,-730,125,170,197,215,217,185,141,87,4,-74,-143,-203,-243,-256,-244,-200,-138,-58,28,113,180,223,251,246,210,168,113,39,-31,-93,-146,-179,-198,-198,-188,-161,-125,-80,-29,20,72,121,166,195,217,221,197,163,106,43,-32,-111,-190,-249,-292,-300,-276,-226,-151,-52,56,155,247,310,337,341,304,231,139,29,-87,-190,-272,-332,-353,-337,-296,-221,-125,-23,81,174,252,306,335,335,301,237,157,61,-52,-161,-249,-317,-358,-362,-338,-272,-180,-68,54,168,262,337,375,376,339,272,175,62,-62,-177,-276,-345,-380,-383,-344,-272,-175,-62,51,171,266,332,376,1025,1231,-175,-841,-793,-386,-361,-298,-209,-101,15,130,244,337,395,421,402,348,260,145,15,-126,-258,-369,-450,-487,-470,-409,-306,-168,-9,157,311,435,520,551,522,441,310,153,-20,-196,-359,-483,-557,-571,-533,-439,-307,-142,45,218,367,486,557,577,540,453,327,161,-14,-186,-347,-478,-566,-602,-578,-507,-387,-226,-41,150,335,489,606,666,657,585,458,279,64,-154,-369,-551,-681,-751,-742,-657,-504,-299,-56,200,436,635,769,831,806,698,512,268,-1,-272,-529,-726,-849,-885,-823,-676,-462,-195,92,366,607,784,882,888,801,632,397,123,-169,-441,-666,-828,-901,-891,-784,-595,-343,-58,-1322,503,725,875,928,890,764,557,286,-23,-322,-590,-806,-937,-972,-908,-748,-511,-206,120,433,706,904,1011,1009,907,708,417,89,-248,-563,-823,-1006,-1074,-1027,-868,-612,-296,56,409,716,951,1086,1103,999,786,484,128,-243,-590,-866,-1061,-1137,-1079,-907,-627,-286,98,469,774,1001,1103,1083,950,705,389,30,-325,-644,-883,-1013,-1024,-922,-724,-448,-119,209,503,730,878,920,856,702,471,193,-87,-356,-571,-718,-780,-753,-651,-471,-248,-6,238,438,581,660,661,594,451,259,48,-168,-356,-497,-577,-586,-523,-396,-210,-2,209,379,498,536,483,358,180,-22,-208,-339,-389,-351,-250,-665,-764,1197,62,-282,-168,-233,-243,-201,-112,9,127,230,287,307,276,198,94,-26,-135,-225,-290,-313,-302,-250,-168,-68,41,140,233,298,321,315,281,207,109,-3,-123,-221,-302,-355,-369,-344,-271,-167,-44,86,212,322,386,406,377,305,198,65,-71,-198,-310,-383,-408,-393,-323,-223,-108,26,151,249,322,365,362,326,254,165,57,-60,-160,-242,-308,-344,-348,-303,-223,-132,-28,83,174,253,308,325,311,262,191,103,-5,-106,-197,-261,-294,-307,-275,-221,-145,-61,26,116,188,237,259,255,233,179,112,43,-28,-95,-150,-184,-200,-206,-189,-149,-110,-58,-6,40,90,130,161,180,184,-128,159,119,66,11,-64,-132,-180,-224,-243,-231,-202,-154,-84,2,87,165,223,255,261,237,184,118,43,-43,-111,-161,-208,-230,-221,-199,-155,-105,-47,4,58,108,140,168,182,186,182,163,119,72,18,-50,-110,-169,-221,-251,-266,-252,-208,-138,-52,47,143,223,285,325,327,299,239,144,43,-68,-179,-268,-325,-354,-342,-295,-223,-130,-18,88,184,264,314,334,325,289,225,140,44,-62,-163,-247,-304,-344,-354,-321,-260,-175,-66,44,156,256,329,371,374,335,270,176,60,-61,-177,-273,-343,-381,-382,-338,-269,-169,-59,56,172,269,339,377,378,345,268,179,68,992,719
29092,mtk,MTK 7916,2778628676,rx0-tx1,512,-144,34,164,-966,-960,-865,-681,-432,-142,158,448,699,894,998,1005,921,742,492,188,-134,-446,-725,-923,-1040,-1057,-967,-782,-520,-209,130,452,734,958,1078,1091,1009,823,556,238,-112,-453,-752,-979,-1120,-1150,-1058,-865,-590,-248,113,465,776,1014,1145,1163,1078,885,606,262,-103,-454,-766,-1000,-1144,-1170,-1084,-895,-627,-297,67,426,731,973,1131,1176,1102,934,672,336,-30,-390,-711,-968,-1135,-1193,-1135,-963,-693,-356,17,393,726,989,1166,1226,1150,964,683,333,-51,-432,-769,-1026,-1176,-1209,-1123,-919,-628,-274,101,462,778,1004,1130,1150,1040,838,558,218,-138,-465,-747,-955,-1067,-1082,-986,-788,-521,146,125,447,720,929,1044,1053,968,783,516,211,-122,-451,-732,-944,-1065,-1074,-981,-782,-505,-178,173,503,781,986,1088,1084,970,759,458,121,-233,-570,-843,-1034,-1122,-1092,-950,-711,-398,-48,304,634,905,1073,1134,1083,910,649,320,-48,-407,-731,-978,-1124,-1139,-1047,-835,-533,-181,193,549,831,1030,1124,1094,939,684,359,-2,-354,-665,-907,-1036,-1056,-959,-749,-475,-146,190,501,743,892,948,893,749,522,240,-47,-330,-559,-716,-806,-794,-697,-530,-305,-52,200,417,583,682,699,632,494,296,72,-154,-354,-507,-594,-602,-531,-388,-195,14,220,383,476,491,424,286,109,-68,-209,-273,-326,-225,0,-10,-47,-13,-182,-338,-435,-450,-375,-223,-26,177,353,480,534,512,420,268,83,-108,-287,-431,-526,-562,-530,-443,-301,-124,74,256,420,544,614,619,556,431,253,45,-173,-385,-564,-689,-745,-719,-619,-445,-204,63,334,574,767,869,881,791,617,369,60,-262,-556,-792,-942,-992,-924,-768,-510,-201,125,445,717,909,1014,1009,890,675,394,66,-269,-579,-824,-983,-1040,-987,-827,-585,-283,53,384,670,886,1006,1014,920,736,476,173,-144,-444,-697,-873,-964,-956,-854,-672,-418,-134,161,445,682,849,928,929,836,659,414,130,-159,-439,-678,-853,-947,-948,-865,-688,-445,-152,158,459,715,-411,1005,1012,913,726,467,147,-191,-510,-792,-993,-1085,-1082,-971,-754,-456,-108,255,602,887,1086,1172,1140,991,736,409,31,-353,-700,-973,-1137,-1194,-1130,-949,-680,-337,32,394,722,970,1118,1163,1098,916,650,332,-31,-379,-696,-943,-1094,-1146,-1093,-928,-677,-358,-8,345,659,913,1086,1156,1108,960,719,406,57,-301,-634,-905,-1093,-1175,-1142,-997,-746,-425,-64,304,651,920,1105,1184,1143,981,731,410,48,-316,-650,-916,-1092,-1163,-1111,-951,-705,-388,-30,319,632,885,1054,1113,1060,908,663,361,21,-315,-617,-856,-1004,-1055,-1010,-868,-634,-350,-36,284,571,798,944,998,962,831,624,356,34,32,147,502,473,-129,179,466,709,883,974,980,892,718,469,169,-143,-447,-709,-907,-1019,-1032,-949,-766,-505,-201,128,449,728,937,1061,1080,988,810,543,216,-121,-451,-743,-960,-1091,-1121,-1036,-853,-584,-255,109,465,766,1001,1139,1159,1070,877,594,248,-109,-463,-773,-1009,-1149,-1171,-1078,-887,-609,-270,93,443,750,981,1128,1167,1086,908,648,320,-45,-399,-712,-969,-1129,-1178,-1113,-943,-681,-352,16,382,716,980,1149,1207,1143,963,694,358,-31,-412,-747,-1012,-1171,-1220,-1142,-948,-658,-304,77,451,777,1019,1159,1177,1082,877,582,241,-129,-478,-768,-985,-1103,-1104,-1001,-806,-532,-209,129,461,740,939,206,1063,970,784,521,201,-131,-448,-730,-933,-1042,-1066,-973,-781,-519,-197,141,471,758,961,1077,1078,971,771,485,151,-201,-529,-814,-1011,-1101,-1092,-962,-735,-436,-86,274,604,874,1053,1122,1083,939,684,362,2,-364,-692,-943,-1105,-1145,-1073,-889,-609,-260,117,475,793,1015,1130,1128,1000,764,456,95,-274,-610,-875,-1047,-1103,-1032,-855,-587,-254,91,437,715,907,1001,981,861,634,356,43,-268,-536,-748,-855,-874,-797,-627,-408,-145,129,375,575,704,750,711,597,422,199,-44,-273,-464,-597,-649,-625,-524,-365,-161,58,263,430,528,552,499,366,183,-18,-205,-340,-401,-382,-287,-152,386,448,0,53,44,-352,-339,-239,-74,122,309,445,506,483,385,226,29,-169,-344,-476,-542,-541,-471,-345,-180,7,193,357,488,570,581,528,423,267,78,-124,-318,-489,-609,-669,-658,-581,-435,-234,-3,244,467,659,782,814,764,626,414,141,-152,-440,-680,-859,-948,-924,-799,-576,-287,42,362,644,870,987,1005,913,717,449,133,-205,-518,-777,-950,-1030,-999,-861,-632,-339,-8,330,625,855,997,1035,958,784,533,225,-105,-416,-687,-880,-981,-984,-885,-697,-441,-151,159,445,690,862,945,945,849,663,413,130,-163,-448,-681,-853,-933,-930,-839,-664,-424,-137,157,446,693,870,970,973,880,694,-92,154,-165,-477,-736,-934,-1040,-1043,-943,-750,-460,-126,214,548,833,1034,1134,1118,986,751,436,67,-303,-652,-932,-1121,-1201,-1145,-976,-703,-362,9,389,717,976,1138,1179,1109,929,654,318,-35,-395,-712,-951,-1110,-1157,-1088,-923,-661,-340,5,357,674,925,1088,1148,1099,944,703,391,34,-323,-647,-913,-1087,-1161,-1126,-979,-737,-424,-67,301,644,920,1105,1181,1148,996,743,425,60,-316,-653,-917,-1102,-1175,-1130,-974,-720,-401,-40,326,646,906,1078,1143,1087,933,688,375,22,-321,-628,-874,-1031,-1091,-1036,-886,-647,-352,-26,295,592,824,972,1029,984,842,623,347,49,-259,-539,-761,-908,2,20
29093,mtk,MTK 7916,2778628676,rx1-tx0,512,0,-431,-488,664,766,796,744,624,454,245,6,-223,-438,-620,-736,-793,-765,-673,-528,-319,-83,161,395,592,740,819,824,752,608,406,162,-102,-363,-598,-775,-885,-908,-847,-710,-485,-219,76,366,634,852,990,1027,966,809,569,264,-73,-408,-709,-953,-1104,-1157,-1094,-913,-626,-272,123,502,851,1105,1253,1285,1175,942,606,196,-233,-642,-989,-1225,-1335,-1317,-1154,-868,-492,-61,368,753,1071,1275,1337,1267,1071,762,376,-40,-443,-800,-1094,-1257,-1296,-1208,-992,-680,-302,105,505,850,1105,1254,1273,1154,911,583,201,-204,-582,-901,-1128,-1235,-1208,-1059,-805,-464,-81,305,658,937,1119,1184,1125,947,675,-136,-28,-393,-711,-951,-1091,-1113,-1031,-833,-547,-229,131,476,757,964,1070,1054,942,720,433,110,-230,-537,-780,-944,-1011,-975,-836,-609,-325,-11,300,579,786,911,940,874,721,495,223,-68,-345,-589,-756,-846,-863,-772,-614,-388,-147,104,342,539,690,767,759,679,537,342,110,-126,-341,-518,-650,-715,-704,-635,-500,-308,-91,135,346,519,642,698,678,581,424,221,2,-204,-406,-556,-644,-653,-600,-474,-297,-110,90,283,441,545,586,559,471,337,167,-24,-197,-346,-462,-521,-510,-438,-324,-168,4,170,309,416,453,432,360,232,80,-77,-216,-318,-364,-344,-267,-146,-15,97,173,239,-4,0,311,333,-177,-130,-36,72,179,259,290,278,217,117,2,-113,-208,-277,-311,-306,-264,-187,-94,8,115,209,279,324,335,309,252,176,76,-39,-162,-265,-349,-408,-418,-390,-321,-201,-55,97,267,414,514,567,555,478,346,158,-54,-266,-452,-600,-682,-687,-617,-477,-263,-16,226,449,635,750,780,732,601,404,154,-116,-374,-602,-776,-852,-846,-749,-560,-313,-25,263,529,739,874,924,861,715,481,202,-112,-416,-674,-867,-959,-952,-832,-639,-367,-53,265,556,780,932,984,925,769,529,241,-78,-395,-663,-864,-964,-971,-877,-691,-430,-129,188,482,722,891,965,933,819,612,338,38,236,-538,-761,-906,-960,-924,-792,-578,-313,-3,313,581,806,954,1001,947,793,568,275,-61,-379,-659,-882,-1014,-1037,-960,-783,-523,-209,122,440,718,919,1022,1040,947,748,483,175,-159,-464,-733,-940,-1047,-1046,-949,-759,-484,-165,169,486,756,955,1070,1075,966,770,492,169,-173,-505,-785,-996,-1109,-1110,-996,-788,-492,-151,206,556,847,1051,1148,1117,981,751,435,77,-289,-626,-896,-1072,-1130,-1083,-922,-663,-346,7,354,661,898,1043,1071,999,837,585,270,-48,-365,-652,-862,-980,-1004,-924,-758,-521,-228,77,371,623,812,919,934,850,691,465,198,-91,-361,-591,-758,-856,-853,-769,-625,-158,20,0,234,-8,444,217,-26,-270,-477,-637,-749,-786,-743,-648,-484,-275,-44,198,414,601,736,792,788,706,563,361,119,-134,-379,-594,-755,-848,-865,-802,-659,-448,-190,90,362,616,817,931,965,904,761,541,250,-65,-381,-666,-895,-1046,-1089,-1027,-860,-602,-282,73,439,773,1033,1188,1221,1137,936,622,254,-160,-565,-916,-1177,-1314,-1315,-1177,-916,-554,-140,293,705,1037,1265,1350,1299,1112,819,431,7,-412,-789,-1085,-1262,-1315,-1231,-1032,-729,-339,65,472,827,1091,1251,1282,1181,953,637,258,-154,-551,-887,-1121,-1240,-1235,-1102,-859,-527,-140,254,617,928,1134,1217,1168,1005,741,403,22,-354,-687,-938,1335,-1151,-1083,-892,-614,-274,83,427,734,944,1065,1090,984,776,500,166,-173,-498,-770,-945,-1036,-1016,-889,-673,-388,-65,261,556,786,930,975,925,776,551,273,-35,-329,-584,-776,-882,-903,-829,-673,-442,-188,92,350,568,721,793,799,715,570,368,123,-120,-343,-526,-666,-736,-728,-647,-512,-326,-103,119,334,517,642,701,688,604,467,279,59,-172,-380,-542,-645,-667,-638,-536,-367,-163,51,253,435,552,608,607,540,408,238,40,-152,-322,-453,-536,-554,-505,-407,-260,-83,100,252,382,469,491,451,361,223,53,-107,-253,-363,-413,-404,-335,-214,-66,81,203,276,287,245,162,422,490,0,-131,40,101,189,246,254,212,118,3,-114,-214,-285,-310,-292,-235,-146,-40,72,178,256,303,318,300,249,170,78,-30,-136,-228,-302,-355,-374,-351,-285,-194,-72,64,192,323,427,476,490,448,341,194,17,-175,-352,-502,-604,-637,-599,-491,-324,-104,134,359,559,697,746,722,621,446,208,-49,-304,-525,-701,-799,-815,-737,-590,-361,-92,183,449,675,823,889,857,730,523,263,-38,-336,-605,-810,-930,-954,-866,-687,-423,-120,198,488,727,905,977,946,805,584,302,-18,-336,-617,-829,-951,-979,-896,-723,-475,-181,133,438,698,883,970,958,843,645,380,77,-223,-508,-748,-901,-960,-351,-809,-598,-328,-28,275,554,776,923,980,924,784,577,298,-20,-342,-621,-841,-984,-1025,-956,-794,-551,-242,93,409,691,904,1023,1039,948,765,495,193,-132,-464,-734,-923,-1035,-1035,-935,-757,-489,-165,165,480,750,948,1050,1052,953,764,501,182,-171,-497,-769,-977,-1082,-1089,-985,-775,-492,-154,200,533,819,1024,1122,1119,999,774,468,110,-254,-587,-871,-1068,-1149,-1111,-961,-710,-389,-33,321,653,906,1060,1113,1049,880,623,302,-40,-364,-649,-880,-1003,-1027,-967,-795,-539,-244,69,372,630,835,947,967,889,726,492,214,-86,-366,-605,-781,-881,-893,-814,-662,-444,-184,93,335,546,-308,-328
29094,mtk,MTK 7916,2778628676,rx1-tx1,512,0,0,0,-689,-609,-397,-95,229,504,670,689,552,302,-19,-339,-586,-699,-659,-475,-179,156,456,661,718,614,373,45,-299,-577,-728,-722,-558,-266,95,439,691,793,718,483,135,-246,-582,-792,-832,-686,-388,0,397,712,872,847,640,285,-137,-539,-830,-945,-857,-583,-175,274,670,924,988,841,506,63,-396,-779,-996,-999,-796,-423,45,501,848,1021,978,722,318,-152,-587,-891,-1006,-907,-617,-200,250,640,889,952,804,487,73,-350,-692,-881,-880,-687,-342,67,448,726,848,781,540,185,-204,-545,-762,-806,-674,-396,-35,334,635,789,762,569,257,-111,-456,-702,-789,-701,-466,-128,240,0,752,783,639,348,-13,-376,-670,-815,-775,-570,-243,141,506,766,862,770,512,140,-271,-635,-867,-911,-765,-454,-40,384,736,943,954,754,403,-32,-470,-817,-991,-969,-744,-359,97,536,874,1029,963,701,297,-169,-607,-915,-1031,-931,-636,-210,265,689,961,1037,903,574,124,-350,-755,-1011,-1059,-887,-534,-67,409,801,1037,1072,888,530,69,-405,-800,-1030,-1058,-880,-537,-96,361,739,970,1010,847,526,120,-297,-648,-871,-918,-785,-512,-148,233,553,759,811,708,480,169,-165,-454,-654,-725,-658,-476,-215,77,343,540,642,637,521,320,84,-153,-355,-490,-547,-526,-441,-311,-167,-27,0,0,0,0,0,82,207,322,415,467,461,381,238,51,-160,-360,-515,-597,-577,-459,-263,-13,253,479,621,654,567,375,106,-190,-460,-643,-704,-638,-448,-161,169,470,681,766,703,498,182,-170,-497,-734,-835,-765,-537,-194,190,539,790,886,809,565,204,-199,-562,-822,-924,-841,-594,-227,191,571,830,920,824,564,190,-216,-572,-806,-881,-763,-485,-112,272,603,806,837,684,390,19,-356,-661,-816,-800,-612,-295,87,450,712,822,761,537,199,-183,-528,-761,-829,-725,-470,-108,276,602,805,833,687,399,30,-349,-654,-819,-812,-639,-334,36,402,680,811,768,562,243,-126,-468,-706,-785,-698,0,-120,240,542,726,756,615,340,-11,-360,-637,-774,-738,-536,-222,142,477,714,797,707,461,115,-261,-580,-777,-802,-657,-371,-3,369,664,810,784,590,260,-131,-489,-742,-832,-740,-486,-126,270,609,816,842,684,375,-18,-411,-723,-883,-851,-634,-278,137,526,806,919,838,578,191,-238,-618,-864,-916,-785,-502,-108,308,650,849,864,701,395,9,-367,-653,-795,-760,-560,-249,104,426,646,720,630,406,97,-229,-497,-645,-645,-496,-237,73,362,565,633,560,359,81,-217,-470,-618,-624,-487,-238,64,353,564,652,592,403,127,-183,-455,-623,-649,-538,-308,-5,295,533,660,637,0,0,0,0,0,-21,-331,-571,-685,-652,-482,-202,124,427,635,704,614,390,81,-246,-522,-684,-694,-549,-279,55,379,627,733,675,466,156,-198,-511,-716,-767,-643,-372,-20,341,642,803,782,589,265,-125,-495,-764,-867,-779,-515,-136,277,635,868,909,754,440,16,-425,-770,-952,-935,-711,-332,117,549,873,1015,939,657,236,-233,-652,-937,-1029,-901,-582,-136,336,734,972,1007,831,480,27,-423,-777,-968,-951,-726,-353,83,498,810,935,857,600,219,-205,-573,-812,-875,-743,-455,-69,327,641,808,794,610,298,-81,-445,-700,-799,-725,-490,-150,221,544,743,780,647,370,8,-357,-638,-782,-755,0,-242,132,477,717,802,711,466,113,-271,-596,-795,-824,-676,-375,9,398,711,878,851,638,290,-125,-522,-820,-945,-873,-617,-226,215,620,905,1000,885,585,164,-296,-696,-959,-1025,-878,-542,-98,366,754,989,1017,829,474,19,-445,-820,-1018,-1004,-781,-395,72,527,870,1037,996,747,335,-147,-596,-929,-1078,-1008,-726,-306,172,619,945,1080,1006,733,314,-163,-595,-909,-1046,-977,-718,-328,118,528,826,959,910,685,333,-67,-447,-729,-859,-824,-636,-338,19,358,622,756,744,590,334,30,-271,-515,-659,-677,-576,-382,-129,141,380,548,617,590,480,311,112,-85,-245,-351,-399,-391,0,0,0,0,0,-330,-320,-257,-146,2,172,343,475,548,542,445,274,55,-184,-404,-562,-629,-586,-436,-200,74,344,559,674,660,522,283,-12,-315,-570,-719,-728,-590,-330,-5,330,608,768,776,635,364,11,-356,-658,-832,-843,-688,-396,-13,382,707,887,890,724,408,10,-387,-709,-903,-910,-728,-402,-2,396,712,884,874,684,352,-45,-429,-719,-859,-812,-595,-258,132,488,740,836,750,505,154,-228,-556,-770,-824,-698,-419,-54,324,631,805,811,644,332,-47,-410,-690,-836,-802,-590,-256,125,484,746,849,772,537,189,-198,-536,-759,-822,-716,-464,-109,264,577,764,782,638,360,4,-354,0,-769,-734,-543,-229,133,462,689,766,677,441,106,-258,-565,-753,-777,-629,-341,17,375,658,802,771,570,250,-129,-483,-735,-826,-737,-487,-133,251,585,791,821,670,373,-7,-386,-684,-832,-800,-591,-245,150,517,781,874,776,511,134,-284,-644,-865,-899,-741,-427,-15,400,730,908,898,696,352,-67,-469,-765,-901,-845,-612,-256,147,512,762,853,755,493,136,-230,-542,-731,-751,-604,-335,-2,325,571,685,644,454,161,-160,-430,-604,-640,-528,-298,-2,292,516,628,595,424,160,-144,-415,-595,-638,-537,-320,-34,270,515,644,628,472,212,-92,-379,-586,-664,-597,-394,-105,204,0,0
29095,mtk,MTK 7916,2778628676,rx2-tx0,512,0,0,0,-787,-744,-539,-212,153,485,718,801,720,488,156,-210,-529,-730,-781,-671,-414,-77,271,556,718,731,590,323,-10,-337,-579,-693,-656,-481,-204,110,395,592,657,580,375,93,-201,-444,-586,-592,-466,-240,34,299,490,569,516,347,104,-158,-375,-502,-516,-415,-221,28,268,440,504,447,294,72,-169,-370,-482,-480,-369,-169,73,300,468,530,460,287,52,-201,-413,-538,-549,-433,-214,56,307,491,573,533,377,136,-139,-382,-539,-581,-502,-310,-47,223,436,549,548,431,221,-39,-290,-472,-547,-511,-360,-127,124,339,483,519,443,268,33,-209,-397,-496,-479,-350,-151,71,268,0,467,412,259,43,-180,-364,-462,-458,-348,-156,73,286,445,502,442,278,50,-189,-396,-522,-530,-418,-216,39,297,493,582,543,388,141,-146,-404,-579,-634,-544,-337,-55,249,509,661,673,545,294,-30,-358,-613,-752,-731,-549,-246,115,462,723,840,780,562,225,-168,-537,-803,-907,-828,-584,-214,200,579,851,954,868,610,232,-194,-575,-850,-961,-880,-620,-248,162,539,807,910,840,608,260,-124,-478,-738,-852,-800,-594,-281,78,414,661,773,742,575,305,-13,-317,-557,-685,-684,-560,-340,-68,202,429,577,618,552,401,193,-37,-247,-404,-490,-500,-444,-337,-196,-52,73,170,0,0,0,0,0,-66,25,130,240,336,396,401,349,243,91,-91,-270,-413,-495,-496,-414,-255,-48,176,376,512,563,512,362,140,-112,-347,-523,-603,-574,-429,-197,76,343,548,650,632,486,240,-53,-334,-563,-676,-660,-515,-268,36,327,555,676,666,519,270,-27,-310,-536,-652,-632,-483,-241,45,319,520,611,567,405,170,-96,-334,-503,-556,-488,-317,-87,164,371,486,493,393,208,-25,-247,-413,-478,-437,-300,-93,144,346,475,494,402,217,-19,-254,-436,-522,-496,-357,-142,101,331,500,558,492,320,78,-181,-407,-544,-563,-462,-262,-7,256,468,573,557,419,188,-89,-349,-534,-606,-552,0,-113,174,423,585,629,532,315,29,-265,-505,-639,-637,-497,-250,57,351,565,663,624,441,160,-155,-437,-625,-674,-579,-361,-61,254,511,655,656,519,265,-48,-352,-576,-673,-624,-433,-147,174,459,643,680,568,333,22,-304,-565,-697,-676,-515,-233,108,428,649,734,662,440,126,-221,-522,-706,-736,-609,-353,-16,324,593,731,706,534,245,-97,-415,-635,-722,-649,-428,-116,209,492,669,695,564,311,-3,-319,-570,-693,-656,-477,-191,140,434,629,685,588,365,63,-259,-523,-668,-667,-516,-250,73,380,603,698,638,434,133,-203,-498,-687,-725,-606,-356,-29,305,587,742,732,0,0,0,0,0,67,-297,-601,-777,-792,-642,-359,-1,355,637,788,772,589,286,-65,-399,-648,-762,-714,-517,-214,133,446,658,723,635,410,101,-221,-490,-651,-669,-535,-290,7,297,521,626,589,424,168,-120,-372,-533,-581,-495,-298,-42,219,427,535,517,383,161,-94,-318,-463,-506,-435,-257,-25,210,396,490,467,329,113,-122,-335,-474,-499,-408,-225,18,266,450,538,501,357,128,-134,-370,-521,-566,-487,-294,-38,226,444,568,569,445,224,-44,-304,-493,-573,-538,-382,-140,127,362,520,564,481,296,50,-202,-407,-522,-521,-403,-202,39,274,444,507,458,313,102,-135,-339,-459,-474,-391,0,13,234,398,469,435,307,105,-127,-330,-455,-481,-396,-218,10,242,426,513,483,351,140,-114,-351,-510,-562,-491,-302,-43,227,448,583,595,468,237,-51,-336,-553,-651,-612,-441,-167,150,443,647,718,637,419,103,-242,-552,-749,-794,-670,-399,-36,337,651,843,866,702,393,6,-388,-713,-898,-911,-736,-417,-12,401,736,927,939,769,441,33,-383,-716,-903,-915,-760,-454,-65,336,663,852,873,729,448,86,-281,-591,-784,-820,-698,-451,-122,216,500,684,742,655,448,171,-128,-391,-576,-652,-613,-470,-250,5,249,436,546,569,501,360,178,-12,-184,-311,-383,-392,-355,-280,0,0,0,0,0,-257,-296,-297,-256,-171,-47,104,252,373,451,462,401,270,89,-116,-308,-458,-532,-513,-402,-213,20,254,447,560,572,481,296,44,-221,-450,-597,-632,-546,-351,-81,209,456,619,668,585,382,107,-194,-458,-635,-689,-605,-404,-125,178,450,629,683,596,396,118,-180,-435,-597,-633,-544,-345,-73,209,433,557,571,465,262,9,-239,-431,-521,-494,-362,-154,86,302,441,482,418,250,30,-187,-363,-466,-463,-351,-154,81,301,454,510,452,289,60,-184,-394,-524,-537,-433,-238,13,263,459,557,537,403,178,-89,-334,-508,-577,-518,-349,-100,175,411,561,592,493,283,8,-268,0,-604,-589,-448,-208,78,348,554,641,583,399,130,-173,-438,-610,-660,-566,-347,-49,259,511,655,661,520,268,-44,-345,-575,-681,-635,-446,-172,143,429,624,678,580,354,54,-264,-521,-663,-656,-509,-244,79,383,608,697,629,419,121,-210,-502,-685,-717,-591,-339,-9,330,596,733,712,536,240,-107,-431,-659,-750,-674,-451,-132,208,505,688,722,600,346,17,-314,-574,-706,-679,-503,-219,114,424,634,703,616,390,85,-239,-509,-668,-676,-537,-280,42,352,585,685,628,438,154,-164,-449,-639,-686,-580,-345,-28,298,557,695,682,523,245,-87,-411,-649,-747,-677,-466,-157,192,0,0
29096,mtk,MTK 7916,2778628676,rx2-tx1,512,0,0,0,609,529,331,62,-218,-456,-607,-632,-524,-309,-37,248,488,626,636,518,288,-5,-289,-510,-628,-618,-477,-239,46,323,535,626,584,421,170,-117,-382,-574,-639,-569,-381,-112,180,439,609,648,553,349,64,-233,-480,-632,-658,-544,-325,-43,249,486,619,633,525,297,16,-258,-470,-586,-572,-446,-241,7,249,441,539,515,385,189,-38,-251,-407,-474,-434,-313,-135,64,244,355,391,347,238,83,-88,-232,-309,-314,-260,-150,-17,110,209,257,243,177,80,-30,-125,-192,-212,-180,-103,-9,77,137,168,154,107,37,-46,-113,-143,-141,-106,-41,30,97,144,154,125,72,1,0,-133,-162,-158,-113,-43,38,118,174,190,172,110,31,-56,-134,-189,-202,-175,-113,-27,56,132,187,200,172,111,35,-42,-106,-149,-156,-137,-95,-38,9,45,72,78,61,33,9,-4,-9,0,22,45,59,53,32,-1,-50,-110,-154,-167,-152,-105,-26,70,161,230,263,244,182,81,-52,-180,-277,-329,-325,-264,-149,-1,152,274,338,342,290,184,34,-119,-249,-324,-343,-304,-207,-63,88,223,312,341,299,208,84,-58,-187,-278,-314,-292,-221,-112,17,146,240,286,279,223,126,17,-97,-190,-252,-264,-232,-167,-80,21,115,183,217,224,198,150,89,26,-31,-74,0,0,0,0,0,-50,-94,-138,-176,-194,-183,-142,-81,-7,82,166,224,256,249,201,117,9,-100,-196,-264,-297,-270,-193,-87,32,157,256,311,306,252,148,11,-133,-246,-313,-330,-291,-189,-54,88,210,293,318,291,210,95,-43,-169,-260,-297,-278,-210,-105,15,125,208,249,234,179,94,-6,-100,-160,-182,-168,-125,-60,10,63,92,100,93,61,15,-26,-40,-36,-29,-9,26,51,53,37,9,-43,-97,-123,-125,-112,-61,12,94,160,198,197,155,84,-18,-131,-225,-272,-266,-207,-103,34,170,281,340,331,248,118,-43,-201,-327,-392,-381,-286,-125,60,235,368,436,424,308,125,0,-267,-409,-478,-452,-329,-132,95,302,454,520,479,340,128,-116,-344,-501,-558,-505,-352,-127,126,364,524,579,517,356,121,-138,-365,-522,-578,-516,-348,-106,154,371,509,545,473,302,68,-172,-370,-492,-508,-417,-241,-19,199,366,461,453,345,170,-34,-231,-371,-426,-389,-267,-93,92,257,357,377,315,182,6,-161,-285,-348,-325,-226,-86,71,214,297,312,254,141,-3,-150,-264,-303,-272,-185,-47,112,240,307,308,240,105,-64,-221,-327,-361,-315,-195,-19,163,321,413,416,329,173,-40,-255,-415,-490,-462,-340,-146,87,319,490,556,509,356,127,-135,-370,-529,-587,-528,0,0,0,0,0,61,326,526,622,596,445,194,-98,-370,-569,-650,-594,-427,-168,129,397,577,640,577,390,122,-172,-427,-592,-634,-542,-337,-62,222,463,610,622,502,273,-10,-295,-515,-639,-629,-478,-231,60,345,561,661,623,457,198,-98,-373,-573,-654,-604,-429,-175,110,370,559,628,562,387,144,-123,-362,-515,-564,-498,-331,-100,141,341,470,497,423,262,53,-156,-323,-422,-426,-338,-185,-8,162,295,355,338,257,128,-29,-167,-255,-284,-252,-170,-58,62,164,216,221,178,90,-10,-102,-169,-193,-169,-106,-26,58,121,156,154,110,38,-41,-102,-139,-151,-124,-61,18,89,145,164,0,85,14,-65,-132,-175,-177,-143,-75,10,90,154,197,193,148,75,-22,-113,-174,-203,-201,-150,-75,12,93,155,183,175,130,74,6,-61,-105,-123,-116,-86,-46,-7,20,31,30,22,7,-15,-28,-13,19,57,84,101,109,89,39,-32,-108,-171,-213,-223,-178,-90,14,124,215,276,297,265,168,39,-97,-221,-312,-341,-310,-221,-90,59,198,300,352,334,252,122,-29,-171,-279,-340,-342,-273,-151,3,142,257,324,327,265,159,25,-99,-204,-277,-305,-266,-171,-57,60,166,241,272,258,192,93,-10,-106,-185,-235,-247,-220,-161,-80,2,76,136,170,174,156,129,0,0,0,0,0,118,112,89,40,-26,-93,-156,-206,-235,-229,-187,-109,-17,87,180,247,276,264,209,114,-6,-126,-229,-290,-304,-267,-176,-52,81,199,291,325,301,218,102,-36,-171,-276,-325,-313,-249,-137,1,133,241,307,308,250,156,35,-93,-191,-254,-274,-240,-150,-41,62,145,205,219,187,123,38,-41,-104,-139,-142,-118,-73,-13,33,60,70,51,27,4,-21,-39,-38,-7,32,63,87,95,72,28,-36,-100,-154,-172,-154,-105,-30,67,161,223,244,223,149,31,-96,-205,-280,-309,-280,-185,-36,118,247,337,370,316,199,42,-136,-289,-382,-410,-360,-226,-30,164,326,434,0,383,229,28,-188,-379,-488,-498,-413,-240,-11,227,416,524,534,436,242,-6,-251,-452,-566,-564,-456,-259,-5,258,459,563,557,444,243,-6,-257,-453,-552,-539,-419,-210,39,274,447,526,501,371,164,-76,-291,-441,-494,-443,-297,-97,113,303,424,444,371,231,37,-163,-320,-401,-395,-305,-148,33,200,320,362,321,211,56,-109,-242,-319,-323,-250,-116,42,183,277,306,262,156,10,-138,-255,-311,-295,-210,-71,92,237,320,336,270,140,-32,-200,-331,-398,-374,-261,-88,115,301,426,462,402,256,45,-180,-375,-499,-518,-424,-238,-5,233,434,554,561,447,237,-23,-281,0,0
29097,mtk,MTK 7916,2778799527,rx0-tx0,512,-1687,-95,-280,-111,-2,117,217,310,375,403,396,351,282,182,60,-68,-196,-308,-401,-454,-465,-440,-366,-254,-108,53,204,344,459,535,549,512,424,288,124,-56,-231,-393,-509,-578,-591,-552,-450,-307,-126,59,235,403,519,587,607,566,471,331,169,-10,-195,-360,-491,-586,-623,-603,-530,-414,-258,-77,122,305,475,604,674,686,636,530,366,158,-67,-301,-519,-682,-774,-798,-751,-631,-435,-195,72,343,582,767,881,899,826,672,449,172,-128,-423,-677,-860,-956,-953,-858,-680,-427,-119,199,486,734,900,976,952,837,640,367,56,-254,-537,-767,-921,-980,-942,-805,-594,-326,-17,296,570,-273,940,985,942,805,577,296,-9,-318,-597,-819,-961,-1006,-951,-799,-574,-282,46,372,655,876,1022,1049,974,804,553,232,-124,-461,-746,-960,-1075,-1085,-986,-774,-487,-140,220,564,852,1049,1145,1121,980,734,396,21,-350,-695,-965,-1138,-1184,-1110,-906,-609,-243,159,526,841,1063,1168,1151,999,744,418,43,-328,-669,-927,-1071,-1106,-1013,-814,-536,-199,158,484,744,923,996,953,817,585,304,1,-298,-549,-740,-839,-855,-762,-596,-375,-119,150,383,565,689,735,694,578,402,182,-51,-269,-463,-592,-649,-631,-528,-371,-163,70,288,461,568,586,512,364,153,-71,-263,-393,-433,-382,-256,453,294,-546,1422,1381,-53,65,192,285,326,305,234,113,-30,-164,-273,-350,-374,-345,-268,-160,-31,98,221,315,376,392,362,293,186,62,-74,-210,-327,-416,-451,-437,-380,-278,-135,25,194,342,461,520,523,475,359,188,13,-168,-335,-471,-549,-562,-514,-402,-253,-65,113,284,431,519,553,531,446,314,158,-20,-178,-320,-428,-495,-516,-479,-392,-272,-120,45,203,334,442,501,493,446,351,227,69,-95,-238,-364,-438,-469,-454,-393,-289,-160,-23,122,242,337,399,415,388,331,242,133,14,-110,-215,-290,-336,-361,-337,-288,-212,-119,-19,83,171,233,280,294,285,254,210,145,71,-17,-102,-730,-243,-279,-297,-296,-267,-216,-137,-40,64,161,257,321,349,344,307,239,146,40,-79,-186,-275,-333,-355,-332,-294,-220,-125,-19,78,173,243,286,301,298,266,206,133,54,-25,-108,-176,-229,-264,-287,-278,-246,-201,-139,-61,18,106,190,257,305,326,315,274,207,119,25,-93,-202,-288,-351,-378,-375,-331,-247,-135,-19,106,217,300,366,397,375,322,243,138,29,-88,-195,-275,-333,-369,-358,-326,-271,-182,-78,35,146,242,310,362,384,361,302,225,113,-2,-120,-226,-311,-368,-382,-365,-316,-235,-124,-8,104,206,292,347,369,357,323,258,165,57,-56,-164,-253,-325,1025,1231,-175,-841,-793,370,389,373,322,252,143,30,-90,-201,-301,-378,-424,-430,-399,-327,-221,-84,52,195,327,428,495,509,474,400,282,124,-52,-222,-377,-492,-562,-574,-536,-442,-298,-127,55,239,399,523,596,598,558,455,304,137,-45,-228,-389,-509,-581,-608,-580,-492,-370,-210,-30,156,330,480,590,646,640,578,469,306,115,-95,-299,-483,-632,-721,-748,-707,-590,-400,-179,69,314,540,717,822,856,797,657,449,190,-100,-377,-623,-810,-924,-937,-858,-684,-442,-146,166,458,704,887,978,959,853,659,397,93,-221,-510,-754,-916,-979,-947,-825,-617,-347,-44,266,548,770,918,981,939,801,-1322,313,5,-297,-584,-812,-948,-994,-946,-799,-576,-285,32,353,626,845,989,1028,967,800,563,252,-87,-410,-694,-919,-1054,-1073,-974,-787,-513,-187,160,501,794,1005,1112,1103,983,760,453,99,-276,-620,-911,-1107,-1170,-1126,-954,-682,-336,46,425,765,1015,1166,1175,1056,841,522,153,-247,-604,-886,-1070,-1142,-1084,-916,-638,-304,56,412,712,926,1045,1034,910,694,410,82,-241,-527,-750,-879,-923,-858,-704,-475,-205,79,348,560,711,783,765,664,498,284,34,-208,-421,-582,-673,-683,-618,-488,-294,-78,158,365,520,613,621,541,391,189,-40,-253,-421,-520,-516,-422,-258,-61,125,253,-665,-764,1197,62,-282,246,270,227,126,-6,-140,-259,-341,-359,-320,-239,-123,15,153,266,343,377,366,316,222,105,-29,-160,-275,-361,-407,-412,-370,-286,-168,-17,128,269,386,465,490,466,379,250,77,-87,-260,-411,-513,-544,-528,-443,-310,-133,52,241,398,510,563,548,488,360,196,26,-148,-312,-439,-517,-537,-490,-410,-284,-138,27,192,328,432,499,511,467,376,258,94,-69,-223,-349,-438,-491,-479,-426,-323,-185,-40,110,245,353,421,448,430,357,267,146,13,-119,-234,-321,-371,-389,-370,-308,-222,-124,-9,105,195,271,312,330,314,273,204,126,32,-49,-126,-195,-250,-285,-294,-276,-128,-183,-108,-27,69,158,237,296,329,326,296,237,142,39,-72,-180,-273,-338,-367,-356,-304,-229,-126,-12,92,182,265,318,329,315,274,204,121,31,-58,-145,-214,-260,-281,-286,-264,-224,-166,-101,-17,67,144,204,262,294,305,293,245,177,93,-4,-105,-200,-279,-327,-355,-355,-303,-232,-135,-23,96,213,306,359,384,377,324,242,143,20,-105,-207,-295,-350,-377,-369,-325,-251,-165,-54,62,163,256,324,365,372,346,283,199,99,-22,-140,-235,-313,-369,-378,-363,-304,-221,-113,5,115,218,305,361,380,368,320,241,143,33,-71,-173,-268,-337,-371,-371,-336,-277,-188,992,719
29098,mtk,MTK 7916,2778799527,rx0-tx1,512,-144,34,164,849,972,1013,950,800,579,300,-15,-318,-600,-838,-991,-1056,-1021,-883,-663,-372,-53,278,591,836,1011,1093,1068,944,730,443,112,-230,-561,-831,-1030,-1129,-1117,-1001,-793,-507,-169,184,520,812,1026,1146,1152,1050,848,563,223,-130,-487,-789,-1005,-1141,-1169,-1086,-896,-621,-294,64,412,720,959,1112,1164,1111,957,704,386,42,-314,-631,-902,-1094,-1173,-1157,-1023,-792,-488,-133,234,583,881,1096,1216,1206,1087,859,554,182,-208,-571,-890,-1117,-1235,-1229,-1112,-875,-556,-181,212,585,898,1120,1229,1215,1078,842,519,152,-227,-578,-868,-1066,-1154,-1138,-1002,-777,-487,-146,206,527,790,985,1080,1077,146,773,492,180,-146,-462,-731,-928,-1045,-1048,-965,-791,-528,-226,107,427,705,919,1044,1059,981,809,546,233,-101,-423,-716,-935,-1062,-1079,-998,-818,-556,-229,118,454,739,953,1085,1095,1005,817,544,218,-130,-476,-771,-983,-1105,-1110,-1012,-806,-518,-178,185,532,826,1028,1127,1111,984,758,436,85,-283,-618,-886,-1057,-1120,-1059,-895,-627,-299,64,414,720,930,1043,1036,921,710,425,100,-224,-516,-741,-887,-930,-869,-717,-489,-226,61,330,547,702,781,774,674,510,295,48,-194,-412,-573,-664,-669,-603,-466,-273,-56,168,365,506,574,562,473,319,120,-92,-274,-391,-430,-388,-272,-130,-326,-225,0,-10,-47,198,343,430,430,345,183,-21,-228,-403,-518,-557,-516,-404,-232,-32,171,357,491,576,590,543,430,261,63,-133,-334,-498,-611,-660,-646,-557,-406,-211,19,261,469,641,754,790,743,609,410,159,-129,-404,-648,-827,-926,-922,-813,-616,-343,-29,306,618,854,1010,1037,970,799,535,210,-139,-477,-749,-952,-1068,-1067,-946,-725,-431,-100,242,563,835,1011,1091,1047,896,657,351,14,-328,-628,-874,-1024,-1058,-991,-828,-584,-282,51,364,633,850,971,1003,932,774,551,275,-31,-324,-593,-791,-926,-971,-923,-794,-578,-318,-25,279,556,774,926,988,957,842,642,373,69,-247,-543,-791,-411,-1060,-1046,-927,-715,-434,-101,245,573,845,1039,1136,1123,999,772,463,111,-265,-617,-910,-1123,-1222,-1189,-1047,-795,-459,-77,319,688,978,1170,1251,1210,1046,783,435,42,-334,-680,-967,-1153,-1235,-1190,-1038,-787,-455,-89,286,631,909,1104,1205,1185,1055,828,518,162,-202,-548,-846,-1066,-1188,-1193,-1086,-883,-599,-260,114,477,795,1032,1177,1220,1142,947,665,316,-66,-436,-762,-1010,-1168,-1222,-1148,-968,-689,-346,23,384,720,974,1138,1201,1126,954,701,373,18,-343,-662,-926,-1085,-1147,-1094,-936,-694,-383,-47,296,604,845,1008,1081,1042,908,695,417,101,-224,-518,-763,-933,-1016,-1000,-891,-701,34,32,147,502,473,538,257,-50,-356,-625,-838,-985,-1029,-977,-845,-622,-337,-24,300,595,838,1005,1073,1049,917,691,408,80,-258,-571,-840,-1026,-1110,-1095,-970,-753,-470,-136,212,542,821,1030,1140,1135,1031,822,537,198,-158,-500,-800,-1025,-1144,-1167,-1077,-871,-596,-272,89,441,756,991,1134,1169,1094,917,657,340,-11,-357,-677,-939,-1098,-1170,-1125,-976,-748,-439,-94,262,609,892,1089,1189,1175,1058,830,528,165,-210,-571,-881,-1108,-1232,-1222,-1107,-882,-564,-185,205,576,896,1119,1237,1231,1103,864,542,167,-224,-585,-886,-1097,-1196,-1180,-1041,-805,-488,-136,220,557,826,1015,1111,1092,969,764,486,162,-174,206,-764,-955,-1050,-1058,-964,-776,-520,-211,120,428,716,921,1042,1064,982,807,552,241,-96,-419,-714,-930,-1053,-1070,-997,-819,-557,-235,106,437,726,947,1075,1095,1001,810,550,222,-128,-458,-754,-970,-1092,-1107,-1013,-813,-537,-205,154,490,784,996,1116,1117,1003,779,478,136,-227,-564,-854,-1046,-1122,-1090,-946,-700,-377,-16,346,665,913,1059,1089,1003,810,529,198,-149,-476,-746,-923,-997,-957,-824,-605,-327,-14,283,542,725,828,848,765,610,392,139,-130,-370,-557,-684,-730,-696,-581,-402,-183,47,267,457,583,632,603,490,318,111,-101,-293,-440,-515,-503,-404,-244,-62,117,247,304,386,448,0,53,44,305,209,39,-152,-336,-469,-517,-478,-360,-183,25,229,406,526,573,550,457,309,128,-69,-262,-438,-564,-617,-612,-544,-408,-227,-18,200,406,565,676,723,689,573,407,184,-69,-324,-553,-725,-840,-860,-783,-618,-381,-96,212,505,753,924,998,973,825,593,280,-67,-394,-697,-925,-1054,-1069,-963,-754,-486,-152,199,530,803,990,1078,1055,929,695,394,52,-296,-614,-868,-1027,-1077,-1016,-859,-616,-300,38,365,651,869,1004,1035,962,805,564,265,-43,-351,-613,-815,-949,-981,-924,-779,-558,-297,8,299,574,787,921,978,940,811,606,346,45,-255,-538,-779,-941,-1016,-997,-879,-673,-92,-98,234,546,809,1002,1095,1082,961,743,454,111,-251,-598,-888,-1088,-1186,-1174,-1036,-794,-469,-86,302,656,955,1158,1251,1218,1052,779,435,54,-340,-690,-975,-1172,-1238,-1186,-1032,-773,-439,-70,313,654,942,1132,1214,1188,1038,795,487,134,-241,-585,-884,-1095,-1196,-1188,-1075,-858,-562,-207,165,518,818,1049,1186,1208,1113,915,631,292,-84,-457,-778,-1027,-1182,-1222,-1140,-953,-676,-340,37,406,737,996,1159,1206,1150,974,699,369,-4,-375,-693,-955,-1126,-1179,-1114,-948,-697,-378,-32,326,642,894,1054,1116,1072,921,685,398,69,-263,-560,-805,-971,-1048,-1022,-901,-701,-435,-134,179,462,707,2,20
29099,mtk,MTK 7916,2778799527,rx1-tx0,512,0,-431,-488,-446,-628,-764,-816,-791,-692,-554,-343,-119,111,342,540,690,777,797,742,626,453,241,-10,-251,-478,-662,-787,-851,-840,-751,-581,-358,-94,171,433,656,828,925,936,864,693,459,176,-123,-425,-686,-896,-1021,-1051,-980,-820,-565,-256,85,420,730,984,1143,1189,1114,931,649,305,-88,-477,-829,-1089,-1257,-1298,-1214,-989,-665,-269,154,557,918,1184,1328,1332,1210,954,607,207,-226,-624,-955,-1195,-1312,-1307,-1161,-903,-562,-158,249,629,956,1182,1294,1270,1122,867,528,141,-263,-652,-962,-1172,-1269,-1237,-1088,-823,-478,-86,322,694,987,1179,1243,1182,1012,728,373,-17,-392,-725,-989,-1141,-1178,-136,-916,-632,-297,81,440,748,967,1097,1106,1007,814,525,198,-139,-467,-740,-937,-1036,-1023,-917,-714,-448,-133,184,485,727,893,966,940,820,623,363,78,-213,-477,-683,-830,-885,-846,-724,-546,-312,-55,206,437,622,751,791,749,641,489,285,67,-163,-364,-542,-662,-712,-697,-621,-486,-315,-100,128,322,497,621,690,687,619,485,305,93,-131,-351,-530,-652,-704,-674,-570,-421,-228,-2,220,405,553,636,649,596,465,304,103,-103,-288,-438,-542,-577,-555,-472,-337,-164,27,200,348,463,507,498,428,301,143,-34,-199,-329,-418,-438,-405,-310,-174,-14,140,249,306,299,237,136,239,-4,0,311,333,109,15,-99,-201,-268,-296,-265,-192,-86,41,163,253,313,329,300,244,155,50,-58,-165,-255,-319,-346,-341,-294,-220,-126,-11,99,216,314,381,415,407,364,274,152,3,-145,-302,-430,-519,-563,-541,-453,-307,-130,74,282,470,603,689,691,617,468,270,27,-220,-447,-637,-759,-798,-754,-625,-424,-178,89,348,579,772,862,861,775,616,371,86,-204,-491,-721,-878,-947,-906,-770,-556,-279,27,342,618,830,965,992,911,731,483,186,-138,-446,-713,-902,-988,-990,-881,-669,-398,-85,230,529,772,941,1016,973,823,596,316,7,-308,-594,-818,-951,-990,-931,-784,-553,-268,44,236,610,818,943,979,928,770,541,250,-49,-354,-632,-849,-970,-1003,-935,-776,-536,-252,60,371,656,868,999,1022,953,790,546,245,-77,-386,-663,-868,-988,-1016,-961,-788,-557,-271,45,356,635,865,1004,1050,1004,855,618,321,-6,-323,-628,-872,-1038,-1106,-1065,-914,-677,-385,-45,309,643,918,1096,1162,1114,971,720,387,34,-334,-676,-958,-1134,-1194,-1134,-961,-693,-357,17,376,703,974,1119,1160,1095,918,641,315,-44,-398,-703,-932,-1074,-1108,-1029,-853,-606,-282,59,378,663,879,1005,1034,958,793,556,264,-55,-344,-606,-813,-930,-957,-891,-740,-522,-256,30,311,558,739,839,865,815,-158,20,0,234,-8,-690,-530,-320,-77,166,384,576,717,778,785,717,586,402,185,-58,-292,-505,-666,-784,-825,-785,-683,-515,-302,-56,203,451,657,809,883,880,799,638,419,144,-140,-428,-680,-869,-974,-998,-914,-754,-517,-225,98,415,705,939,1079,1117,1044,876,617,290,-77,-445,-777,-1030,-1192,-1244,-1171,-972,-669,-303,103,510,874,1146,1308,1329,1220,988,649,239,-192,-606,-955,-1197,-1329,-1328,-1184,-929,-585,-183,240,635,955,1186,1303,1280,1145,890,546,147,-266,-640,-951,-1172,-1276,-1264,-1114,-847,-500,-107,298,670,977,1179,1266,1223,1049,775,423,28,-357,-708,-990,-1158,-1210,-1135,-955,-675,-325,44,1335,733,976,1116,1143,1045,850,575,248,-113,-446,-746,-962,-1067,-1072,-971,-771,-499,-171,159,472,732,917,1006,991,877,672,407,103,-205,-484,-711,-864,-925,-895,-768,-578,-335,-54,222,460,660,788,834,798,678,515,295,50,-195,-406,-580,-700,-743,-720,-630,-488,-289,-71,143,343,510,630,700,682,611,487,304,95,-125,-333,-512,-637,-696,-689,-612,-467,-275,-48,188,393,550,655,688,636,524,358,158,-52,-260,-431,-549,-615,-602,-526,-399,-230,-45,144,318,455,533,546,492,399,250,73,-96,-264,-389,-463,-477,-426,-327,-181,-14,143,282,365,391,345,243,112,-25,-141,-204,422,490,0,-131,40,-192,-242,-244,-187,-92,31,152,245,304,321,283,208,105,-15,-125,-219,-293,-325,-331,-295,-231,-134,-26,85,193,269,333,359,356,324,245,144,13,-115,-247,-355,-436,-471,-467,-414,-306,-157,15,204,375,509,596,621,581,467,301,94,-142,-367,-557,-692,-751,-720,-625,-455,-229,29,289,523,707,811,829,761,623,407,131,-146,-410,-651,-833,-904,-892,-784,-586,-334,-42,271,543,775,916,969,915,757,526,237,-84,-398,-669,-867,-983,-991,-895,-702,-435,-130,181,501,749,918,996,972,849,631,356,43,-278,-566,-795,-946,-999,-956,-807,-575,-280,36,338,614,824,952,977,-351,765,538,258,-38,-342,-616,-834,-954,-982,-924,-773,-536,-248,59,367,639,852,976,1011,944,778,528,238,-80,-383,-659,-875,-1001,-1021,-946,-777,-540,-257,48,366,649,860,1000,1041,971,824,592,301,-11,-334,-629,-870,-1019,-1070,-1033,-895,-664,-364,-21,330,645,900,1065,1142,1098,950,701,385,27,-330,-663,-939,-1107,-1169,-1128,-978,-720,-385,-12,365,701,971,1140,1188,1117,955,678,331,-30,-391,-718,-965,-1108,-1145,-1064,-876,-610,-291,61,399,691,917,1054,1069,990,822,568,266,-58,-369,-641,-848,-977,-989,-909,-759,-528,-252,44,328,576,764,877,905,854,711,505,254,-6,-273,-308,-328
29100,mtk,MTK 7916,2778799527,rx1-tx1,512,0,0,0,704,469,139,-223,-539,-738,-774,-639,-368,-23,323,595,737,720,540,240,-108,-435,-661,-731,-642,-408,-79,265,552,711,711,553,266,-85,-415,-648,-742,-668,-438,-109,249,557,741,754,593,297,-67,-423,-693,-811,-737,-496,-140,255,598,822,861,704,390,-22,-442,-767,-935,-896,-663,-289,161,588,889,1005,903,607,186,-292,-701,-959,-1018,-862,-514,-62,401,783,991,981,759,373,-84,-516,-832,-964,-890,-630,-227,222,614,872,933,787,467,41,-392,-729,-896,-871,-651,-286,144,544,822,918,811,525,120,-312,-677,-899,-925,-742,-396,35,462,798,959,907,648,250,-203,-615,-894,0,-864,-550,-104,366,759,996,1019,824,452,-33,-514,-891,-1083,-1048,-795,-360,161,655,1022,1179,1085,766,285,-265,-776,-1123,-1233,-1094,-724,-200,369,865,1189,1270,1083,672,124,-453,-941,-1230,-1257,-1030,-587,-21,545,999,1244,1230,959,484,-95,-658,-1088,-1282,-1207,-881,-375,212,759,1152,1313,1200,846,322,-278,-829,-1212,-1341,-1200,-829,-294,299,822,1185,1318,1184,817,301,-266,-774,-1120,-1245,-1124,-777,-304,207,670,997,1118,1023,733,309,-162,-584,-873,-991,-922,-675,-300,113,486,757,873,822,622,316,-42,-381,-641,-777,-769,-633,-393,-94,208,464,636,703,665,537,354,142,-59,-221,-327,0,0,0,0,0,-125,-258,-370,-447,-478,-447,-339,-168,40,261,451,571,613,553,393,157,-112,-375,-581,-686,-667,-520,-274,30,339,589,735,745,615,364,29,-320,-606,-782,-817,-684,-414,-54,323,638,834,869,726,445,61,-344,-675,-877,-914,-767,-464,-62,360,706,909,944,791,473,61,-360,-717,-918,-931,-760,-438,-36,373,702,874,873,689,362,-35,-411,-697,-836,-794,-585,-255,126,472,711,791,708,473,133,-228,-534,-726,-749,-616,-352,-5,342,612,751,726,540,235,-115,-441,-677,-766,-697,-477,-148,210,519,724,776,661,407,75,-268,-559,-729,-733,-584,-318,11,339,591,710,664,473,0,-146,-430,-617,-668,-571,-341,-35,286,538,665,656,492,215,-111,-426,-641,-707,-618,-388,-69,267,550,728,737,579,292,-69,-414,-672,-789,-727,-502,-165,217,550,772,832,705,417,29,-377,-707,-889,-879,-674,-313,119,536,840,976,902,634,222,-247,-666,-948,-1032,-903,-583,-136,338,745,996,1037,859,508,50,-413,-781,-983,-979,-767,-402,34,460,787,926,869,631,259,-154,-520,-766,-839,-721,-446,-80,289,586,749,740,560,256,-100,-426,-655,-732,-641,-406,-75,272,556,718,719,551,258,-87,-413,-656,-760,-689,-464,-136,224,534,728,762,633,370,18,-339,-623,-772,-749,-558,0,0,0,0,0,355,634,777,755,572,258,-102,-438,-682,-778,-699,-471,-141,213,521,710,735,596,324,-21,-352,-600,-724,-683,-485,-177,175,487,687,731,613,355,13,-331,-609,-752,-718,-522,-208,157,491,718,778,665,394,28,-351,-658,-822,-803,-604,-262,147,530,808,913,811,525,114,-320,-694,-926,-967,-803,-456,-4,454,817,1001,976,745,353,-114,-555,-883,-1024,-934,-647,-233,235,648,919,986,841,520,86,-365,-732,-936,-925,-708,-346,82,498,803,925,838,563,167,-266,-641,-871,-905,-736,-405,17,436,763,923,879,639,257,-180,-580,-859,-952,-829,-525,-103,344,713,937,958,763,405,0,-496,-843,-1004,-956,-700,-273,212,654,964,1072,955,628,164,-344,-791,-1077,-1138,-956,-567,-53,483,915,1160,1174,943,510,-44,-592,-1013,-1229,-1195,-919,-440,132,679,1089,1271,1190,864,359,-222,-756,-1127,-1275,-1154,-788,-258,327,844,1178,1265,1093,689,136,-446,-939,-1244,-1285,-1064,-625,-53,536,1020,1292,1302,1049,582,-1,-576,-1040,-1298,-1295,-1039,-578,-9,554,1003,1245,1244,1003,572,35,-500,-924,-1161,-1160,-938,-546,-68,415,809,1033,1047,852,504,77,-348,-697,-900,-927,-773,-481,-106,270,582,783,833,723,490,178,-156,-454,-664,-758,-722,-578,-350,-84,174,388,528,582,558,474,341,0,0,0,0,0,324,296,216,86,-78,-251,-411,-526,-565,-522,-393,-190,53,298,503,623,644,549,348,75,-214,-475,-657,-724,-657,-457,-164,162,469,696,791,731,529,215,-146,-481,-736,-849,-794,-585,-246,151,514,782,905,847,618,269,-143,-537,-824,-948,-889,-655,-281,150,545,833,963,889,635,265,-163,-555,-826,-922,-833,-586,-219,191,553,795,858,744,481,120,-265,-583,-773,-798,-652,-368,-8,351,628,767,743,554,241,-118,-448,-676,-759,-679,-453,-123,232,532,720,760,626,358,16,-331,-608,-762,-753,-577,-279,71,407,656,763,705,508,204,-146,-456,-659,-723,-635,-405,-91,232,506,0,669,517,259,-54,-359,-582,-674,-616,-417,-119,205,487,664,686,556,308,-22,-353,-606,-722,-684,-491,-184,164,484,697,764,660,397,49,-314,-620,-783,-782,-609,-292,98,473,753,871,795,540,163,-267,-644,-882,-935,-789,-475,-45,407,775,983,990,781,401,-60,-511,-861,-1036,-993,-741,-333,143,584,902,1034,945,659,242,-222,-629,-896,-978,-846,-537,-126,302,657,859,870,691,360,-35,-400,-674,-794,-729,-505,-178,190,500,695,735,605,334,-8,-347,-600,-716,-675,-476,-165,178,489,692,738,618,361,22,-321,-602,-754,-731,-545,-242,114,452,690,776,696,465,131,-235,-539,0,0
29101,mtk,MTK 7916,2778799527,rx2-tx0,512,0,0,0,682,492,202,-124,-427,-645,-717,-641,-434,-139,182,458,636,682,577,349,50,-251,-491,-621,-615,-474,-233,49,314,504,581,526,355,107,-160,-389,-522,-535,-425,-225,21,264,445,516,463,301,76,-165,-368,-484,-488,-380,-177,67,292,455,511,446,274,34,-220,-420,-528,-521,-389,-162,106,353,524,581,503,308,53,-227,-465,-600,-601,-469,-235,55,339,549,646,601,423,154,-147,-427,-610,-654,-558,-352,-62,239,481,619,624,493,257,-29,-311,-520,-610,-568,-401,-147,140,388,549,590,501,303,45,-225,-442,-559,-548,-407,-180,82,323,489,551,480,298,52,-197,-403,-523,0,-397,-185,74,314,483,543,477,301,58,-207,-430,-560,-562,-438,-211,72,345,552,646,593,405,124,-189,-470,-663,-712,-604,-369,-45,306,600,763,767,615,326,-43,-415,-706,-853,-824,-614,-270,136,515,798,923,855,601,221,-211,-613,-892,-988,-884,-594,-181,270,680,954,1042,918,607,175,-287,-701,-976,-1055,-916,-601,-177,284,688,949,1019,890,594,183,-255,-636,-893,-964,-840,-552,-165,241,590,816,876,768,514,167,-206,-531,-746,-810,-718,-491,-180,154,450,655,733,669,486,221,-73,-343,-544,-641,-624,-500,-302,-62,177,375,506,547,504,395,244,76,-84,-206,-279,-299,0,0,0,0,0,5,-101,-211,-313,-388,-420,-392,-301,-156,21,209,374,490,530,482,348,151,-78,-300,-478,-577,-568,-458,-254,-2,250,458,586,612,521,327,64,-216,-459,-619,-656,-564,-365,-90,205,461,625,670,587,372,91,-202,-454,-621,-667,-571,-363,-78,212,452,604,632,527,314,40,-236,-458,-584,-579,-447,-227,33,284,472,553,509,355,126,-122,-342,-482,-516,-437,-261,-26,217,404,501,482,347,131,-111,-333,-490,-536,-457,-276,-23,240,452,572,572,446,225,-53,-328,-535,-633,-599,-434,-176,121,389,585,661,596,407,133,-170,-443,-622,-659,-561,-349,-62,246,498,641,645,511,0,-41,-328,-551,-660,-621,-448,-178,134,409,597,666,584,371,84,-224,-486,-640,-653,-521,-278,20,324,566,669,621,448,172,-141,-418,-609,-665,-577,-367,-70,241,496,641,646,513,263,-55,-362,-581,-667,-605,-408,-125,186,460,635,665,551,311,-9,-326,-565,-683,-651,-476,-192,137,434,637,702,608,383,71,-258,-528,-681,-692,-546,-283,41,354,589,688,642,453,163,-165,-452,-632,-674,-574,-343,-33,278,521,652,641,485,217,-96,-384,-585,-660,-585,-380,-90,226,486,638,651,517,270,-35,-334,-562,-669,-625,-446,-168,146,436,640,696,596,371,64,-260,-523,-677,-686,-541,0,0,0,0,0,247,527,690,708,580,326,7,-311,-562,-695,-681,-519,-251,62,353,562,652,604,423,150,-149,-406,-571,-605,-504,-297,-26,245,447,548,531,395,174,-86,-321,-484,-532,-456,-276,-38,202,395,491,467,333,120,-123,-333,-463,-487,-399,-220,20,266,443,518,480,325,83,-170,-392,-536,-557,-446,-238,26,296,508,598,556,394,140,-146,-407,-587,-637,-550,-333,-46,246,492,640,642,502,253,-43,-328,-549,-647,-599,-430,-165,143,411,585,635,542,337,63,-225,-463,-592,-588,-455,-227,49,311,500,575,523,356,113,-152,-381,-526,-550,-449,-250,8,260,447,537,503,346,116,0,-357,-501,-527,-436,-240,19,268,462,558,522,372,132,-147,-400,-565,-609,-516,-304,-19,276,522,658,656,510,242,-86,-402,-639,-744,-691,-488,-175,189,522,750,821,717,464,108,-285,-627,-842,-880,-740,-444,-43,381,730,930,938,750,408,-26,-466,-815,-1004,-991,-775,-401,58,510,860,1038,1011,784,394,-66,-505,-855,-1037,-1005,-777,-402,46,480,808,974,949,737,385,-35,-443,-754,-916,-894,-688,-354,27,398,688,835,818,645,344,-14,-354,-618,-758,-747,-600,-352,-46,265,517,661,686,584,381,118,-153,-380,-536,-599,-564,-440,-258,-45,161,321,424,455,422,341,233,115,0,0,0,0,0,284,298,274,206,93,-53,-208,-347,-452,-491,-455,-346,-176,26,236,419,534,556,486,328,100,-152,-373,-534,-605,-554,-402,-172,97,352,547,636,606,460,218,-69,-345,-559,-661,-631,-481,-231,64,340,561,672,645,495,242,-59,-340,-555,-654,-621,-461,-207,85,349,546,625,568,397,148,-128,-370,-529,-578,-496,-301,-52,195,403,514,510,403,207,-40,-273,-441,-507,-460,-303,-70,172,366,486,504,401,199,-52,-295,-473,-554,-520,-366,-123,148,395,571,621,533,333,62,-234,-481,-631,-650,-530,-298,-6,288,524,649,635,491,244,-67,-358,-567,-662,-615,-436,-162,144,418,0,657,568,353,66,-237,-492,-639,-646,-515,-271,31,326,555,667,631,457,184,-137,-425,-618,-679,-592,-378,-80,236,488,638,656,520,268,-30,-329,-558,-664,-623,-438,-161,153,437,617,658,556,337,39,-277,-531,-659,-638,-479,-210,108,402,608,680,604,389,85,-243,-515,-671,-687,-556,-291,34,345,588,703,659,473,186,-144,-437,-632,-692,-601,-373,-59,260,517,668,669,516,241,-77,-365,-577,-670,-610,-412,-121,197,462,633,660,536,303,1,-307,-543,-657,-629,-460,-189,120,406,604,668,583,364,65,-246,-505,-658,-664,-518,-261,52,357,586,692,649,464,177,-149,-443,0,0
29102,mtk,MTK 7916,2778799527,rx2-tx1,512,0,0,0,-612,-407,-124,185,459,644,703,617,397,95,-217,-489,-669,-713,-608,-379,-77,240,507,672,695,575,334,26,-281,-529,-666,-659,-518,-270,36,330,559,672,637,477,208,-109,-393,-591,-667,-605,-418,-145,162,433,621,680,597,400,119,-190,-449,-614,-657,-554,-348,-72,219,452,587,602,488,283,25,-231,-436,-545,-541,-422,-219,18,244,415,500,477,353,166,-46,-246,-388,-442,-404,-288,-127,60,231,343,382,339,224,82,-79,-217,-296,-311,-263,-163,-28,102,201,248,244,199,108,-7,-110,-181,-210,-193,-138,-61,29,97,139,154,127,71,6,-49,-89,-108,-104,-69,-18,0,70,96,89,62,23,-17,-60,-96,-98,-83,-54,-10,37,75,98,100,80,42,0,-41,-67,-84,-87,-69,-39,-17,4,34,56,62,58,46,34,27,26,17,8,-2,-25,-47,-68,-96,-111,-109,-79,-29,34,106,170,210,219,193,130,33,-76,-176,-251,-294,-272,-199,-101,13,151,265,325,328,281,189,49,-105,-232,-316,-343,-304,-211,-78,71,203,282,317,299,217,93,-43,-169,-260,-293,-276,-206,-94,28,144,234,276,263,198,95,-24,-134,-211,-253,-249,-197,-108,-2,104,186,235,238,200,135,47,-48,-135,-199,-226,-215,-180,-126,-54,14,71,111,131,130,0,0,0,0,0,111,152,184,199,189,145,78,-10,-103,-188,-254,-286,-280,-228,-133,-14,112,222,296,327,306,229,106,-39,-175,-290,-355,-354,-293,-182,-32,124,263,357,380,335,235,93,-72,-222,-327,-375,-355,-272,-138,14,163,275,328,327,269,152,21,-105,-206,-266,-271,-225,-145,-37,77,156,187,184,148,84,8,-48,-84,-99,-91,-63,-22,24,52,49,21,-13,-54,-82,-85,-72,-38,24,90,154,183,165,108,31,-64,-158,-228,-258,-229,-151,-31,101,225,310,337,298,197,44,-131,-270,-358,-396,-348,-218,-43,139,300,412,444,377,228,34,-166,-335,-453,-484,-408,-240,-31,0,374,486,497,403,230,7,-225,-416,-528,-530,-430,-230,22,262,449,555,545,416,200,-53,-298,-495,-591,-559,-413,-186,75,323,510,594,546,391,157,-108,-344,-513,-581,-524,-361,-120,145,371,513,563,484,298,66,-175,-390,-510,-515,-420,-243,-9,210,381,476,461,339,146,-68,-259,-391,-436,-380,-243,-67,119,281,372,372,286,143,-20,-186,-307,-343,-300,-196,-44,118,239,307,308,227,91,-67,-217,-307,-319,-262,-142,25,195,315,364,333,224,52,-142,-312,-417,-439,-361,-197,16,240,422,515,504,390,191,-59,-310,-503,-590,-563,-421,-182,106,370,564,649,598,412,0,0,0,0,0,-310,-547,-673,-670,-525,-264,45,350,592,715,682,514,247,-67,-371,-605,-712,-667,-480,-198,119,403,609,689,626,434,150,-157,-431,-620,-675,-578,-367,-86,224,489,643,667,551,321,22,-285,-532,-661,-652,-514,-273,32,325,541,653,634,478,225,-64,-336,-540,-631,-592,-430,-182,94,343,521,589,525,358,133,-117,-348,-490,-529,-470,-309,-81,145,330,448,471,390,234,38,-160,-312,-387,-386,-314,-180,-15,145,280,346,324,241,116,-26,-158,-248,-280,-257,-180,-69,43,147,215,226,190,124,33,-59,-136,-176,-175,-134,-66,5,68,116,129,114,77,24,-35,-73,-89,0,-77,-28,26,72,89,85,71,36,-16,-62,-90,-99,-86,-64,-33,17,64,95,103,94,67,37,2,-42,-71,-72,-70,-65,-46,-24,-2,17,28,30,36,48,61,73,70,58,46,22,-20,-68,-114,-151,-159,-143,-102,-34,48,138,214,260,255,209,123,13,-114,-231,-303,-315,-283,-203,-82,56,192,294,334,321,255,137,-13,-151,-264,-325,-326,-267,-156,-16,118,234,306,310,255,152,23,-105,-205,-273,-285,-238,-147,-31,92,191,253,270,232,150,45,-67,-163,-224,-248,-225,-166,-74,33,128,191,227,228,191,125,39,-49,-118,-167,-194,-189,-165,-122,-68,-20,0,0,0,0,0,-104,-74,-21,45,114,183,233,253,244,200,118,13,-97,-199,-278,-315,-304,-239,-128,5,139,254,325,341,301,210,73,-76,-214,-317,-365,-348,-270,-139,26,178,296,368,369,308,189,37,-125,-251,-337,-363,-318,-216,-81,62,186,279,318,286,203,89,-28,-129,-202,-240,-220,-150,-66,10,76,124,143,129,82,24,-24,-57,-68,-60,-26,19,52,67,63,29,-34,-90,-124,-138,-115,-56,12,89,163,211,215,180,96,-21,-139,-240,-293,-285,-223,-116,31,175,292,363,351,266,123,-41,-209,-344,-411,-395,-294,-135,52,240,386,461,442,328,148,-67,-274,-433,-503,0,-324,-124,101,312,464,528,486,335,117,-131,-353,-504,-557,-502,-336,-96,163,392,539,577,499,317,68,-194,-415,-560,-595,-496,-292,-42,216,442,566,573,463,261,6,-254,-462,-565,-547,-420,-208,46,281,465,549,506,367,158,-86,-310,-461,-512,-454,-300,-91,137,325,433,452,370,208,14,-177,-334,-413,-387,-278,-116,66,217,322,358,305,176,14,-146,-274,-334,-308,-210,-61,104,236,310,309,238,114,-49,-208,-313,-348,-306,-179,-8,170,316,390,382,290,118,-90,-279,-419,-479,-434,-295,-80,167,382,519,558,485,303,46,-223,-450,-597,-624,-518,-306,-32,260,508,0,0
29103,mtk,MTK 7916,2778927965,rx0-tx0,512,0,0,0,0,0,0,0,0,0,0,0,0,0,0,0,0,0,0,0,0,0,0,0,0,0,0,0,0,0,0,0,0,0,0,0,0,0,0,0,0,0,0,0,0,0,0,0,0,0,0,0,0,0,0,0,0,0,0,0,0,0,0,0,0,0,0,0,0,0,0,0,0,0,0,0,0,0,0,0,0,0,0,0,0,0,0,0,0,0,0,0,0,0,0,0,0,0,0,0,0,0,0,0,0,0,0,0,0,0,0,0,0,0,0,0,0,0,0,0,0,0,0,0,0,0,0,0,0,0,0,0,0,0,0,0,0,0,0,0,0,0,0,0,0,0,0,0,0,0,0,0,0,0,0,0,0,0,0,0,0,0,0,0,0,0,0,0,0,0,0,0,0,0,0,0,0,0,0,0,0,0,0,0,0,0,0,0,0,0,0,0,0,0,0,0,0,0,0,0,0,0,0,0,0,0,0,0,0,0,0,0,0,0,0,0,0,0,0,0,0,0,0,0,0,0,0,0,0,0,0,0,0,0,0,0,0,0,0,0,0,0,0,0,0,0,0,0,0,0,0,0,0,0,0,0,0,-273,613,423,-235,-333,-352,-278,-133,52,223,362,445,461,422,325,189,23,-151,-310,-446,-532,-567,-544,-454,-315,-128,74,289,481,619,710,727,666,518,326,90,-158,-402,-609,-750,-831,-828,-739,-586,-369,-122,139,386,612,784,876,911,857,721,529,291,10,-270,-545,-781,-941,-1026,-1032,-935,-752,-501,-195,142,462,749,980,1131,1177,1109,947,695,367,-3,-353,-676,-944,-1138,-1218,-1185,-1049,-807,-504,-166,193,529,816,1019,1132,1154,1067,892,644,339,16,-294,-575,-803,-959,-1024,-1009,-921,-754,-526,-274,-9,256,494,695,838,904,914,857,724,547,329,79,-174,-419,-617,-787,-887,-925,-892,-1687,-616,-388,-131,136,395,627,797,910,961,927,817,638,412,165,-109,-374,-603,-788,-913,-961,-942,-851,-706,-497,-241,22,301,561,789,959,1061,1074,1000,858,627,335,8,-328,-645,-929,-1144,-1258,-1262,-1152,-948,-651,-282,114,512,877,1167,1354,1417,1356,1171,861,478,60,-372,-774,-1109,-1338,-1443,-1414,-1258,-998,-639,-215,224,629,983,1249,1395,1415,1298,1069,743,345,-78,-496,-866,-1157,-1339,-1390,-1309,-1106,-790,-402,31,456,830,1121,1301,1337,1234,1008,686,293,-127,-522,-859,-1093,-1210,-1195,-1055,-807,-475,-104,265,602,876,1050,1109,1045,858,567,188,-225,-622,-943,-1120,-1107,-876,-469,-45,982,886,0,0,0,0,0,0,0,0,0,0,0,0,0,0,0,0,0,0,0,0,0,0,0,0,0,0,0,0,0,0,0,0,0,0,0,0,0,0,0,0,0,0,0,0,0,0,0,0,0,0,0,0,0,0,0,0,0,0,0,0,0,0,0,0,0,0,0,0,0,0,0,0,0,0,0,0,0,0,0,0,0,0,0,0,0,0,0,0,0,0,0,0,0,0,0,0,0,0,0,0,0,0,0,0,0,0,0,0,0,0,0,0,0,0,0,0,0,0,0,0,0,0,0,0,0,0,0,0,0,0,0,0,0,0,0,0,0,0,0,0,0,0,0,0,0,0,0,0,0,0,0,0,0,0,0,0,0,0,0,0,0,0,0,0,0,0,0,0,0,0,0,0,0,0,0,0,0,0,0,0,0,0,0,0,0,0,0,0,0,0,0,0,0,0,0,0,0,0,0,0,0,0,0,0,0,0,0,0,0,0,0,0,0,0,0,0,0,0,0,0,0,0,0,0,0,0,0,0,0,0,0,0,0,0,0,0,0,0,0,0,0,0,0,0,0,0,0,0,0,0,0,0,0,0,0,0,-1322,-819,-930,-181,-59,118,287,402,435,383,271,113,-54,-216,-355,-453,-502,-493,-429,-311,-153,24,215,389,529,621,647,609,488,316,112,-119,-352,-551,-697,-780,-786,-711,-549,-336,-92,176,422,631,782,858,856,785,646,430,188,-76,-346,-583,-775,-912,-968,-943,-840,-652,-400,-117,193,502,763,969,1089,1107,1025,854,600,280,-79,-421,-730,-977,-1151,-1209,-1153,-1006,-761,-450,-86,276,615,894,1087,1190,1188,1070,855,571,254,-91,-421,-700,-920,-1058,-1094,-1043,-906,-699,-436,-143,144,420,661,830,931,964,920,810,640,411,173,-81,-337,-556,-724,-848,-902,-894,-809,-671,-475,-240,10,272,-175,715,862,938,941,873,726,520,283,13,-263,-513,-719,-862,-944,-958,-884,-743,-554,-319,-61,202,457,679,861,967,999,965,851,669,433,155,-154,-446,-723,-954,-1106,-1169,-1137,-1014,-802,-505,-153,222,586,907,1162,1314,1355,1275,1076,771,387,-31,-446,-839,-1154,-1357,-1445,-1404,-1226,-938,-561,-135,304,710,1047,1296,1423,1407,1275,1032,691,286,-144,-560,-918,-1198,-1362,-1399,-1309,-1095,-781,-389,34,450,831,1134,1319,1376,1288,1072,759,364,-67,-484,-845,-1115,-1264,-1279,-1157,-919,-584,-199,200,564,864,1061,1141,1100,951,698,370,0,-372,-702,-964,-1111,-1109,-958,-652,-230,247,678,950,997,-334,-522
29104,mtk,MTK 7916,2778927965,rx0-tx1,512,0,0,0,0,0,0,0,0,0,0,0,0,0,0,0,0,0,0,0,0,0,0,0,0,0,0,0,0,0,0,0,0,0,0,0,0,0,0,0,0,0,0,0,0,0,0,0,0,0,0,0,0,0,0,0,0,0,0,0,0,0,0,0,0,0,0,0,0,0,0,0,0,0,0,0,0,0,0,0,0,0,0,0,0,0,0,0,0,0,0,0,0,0,0,0,0,0,0,0,0,0,0,0,0,0,0,0,0,0,0,0,0,0,0,0,0,0,0,0,0,0,0,0,0,0,0,0,0,0,0,0,0,0,0,0,0,0,0,0,0,0,0,0,0,0,0,0,0,0,0,0,0,0,0,0,0,0,0,0,0,0,0,0,0,0,0,0,0,0,0,0,0,0,0,0,0,0,0,0,0,0,0,0,0,0,0,0,0,0,0,0,0,0,0,0,0,0,0,0,0,0,0,0,0,0,0,0,0,0,0,0,0,0,0,0,0,0,0,0,0,0,0,0,0,0,0,0,0,0,0,0,0,0,0,0,0,0,0,0,0,0,0,0,0,0,0,0,0,0,0,0,0,0,0,0,0,-730,370,489,234,226,147,13,-141,-276,-359,-381,-342,-255,-133,12,159,296,407,474,490,446,351,208,28,-160,-345,-503,-612,-656,-637,-547,-391,-179,62,296,514,686,795,825,775,645,443,196,-85,-365,-611,-816,-947,-1002,-940,-790,-574,-291,32,352,653,901,1063,1139,1108,966,741,437,85,-274,-613,-906,-1117,-1223,-1228,-1130,-933,-635,-278,102,476,816,1089,1259,1325,1279,1123,862,524,138,-269,-648,-982,-1235,-1370,-1396,-1294,-1080,-782,-401,10,426,808,1126,1339,1437,1418,1267,1006,661,254,-175,-591,-954,-1235,-1414,-1478,-1397,-1189,-896,-516,-93,330,723,1051,1289,1421,1421,1305,1082,759,386,-20,-546,-789,-1087,-1286,-1386,-1376,-1246,-1018,-709,-339,65,453,805,1097,1300,1396,1377,1242,1008,685,298,-106,-509,-882,-1181,-1379,-1463,-1423,-1252,-977,-617,-200,238,647,1016,1294,1455,1487,1387,1172,861,480,48,-385,-778,-1103,-1328,-1438,-1426,-1289,-1046,-707,-316,93,488,846,1121,1300,1370,1331,1170,914,583,204,-195,-580,-910,-1156,-1313,-1349,-1272,-1081,-789,-426,-15,395,769,1074,1278,1365,1318,1152,873,507,92,-327,-716,-1034,-1245,-1332,-1279,-1096,-803,-433,-23,380,737,1012,1169,1197,1098,887,586,231,-132,-465,-740,-922,-1002,-973,-854,-640,-368,-54,265,549,780,920,942,835,604,263,-132,-496,-745,-809,-45,101,0,0,0,0,0,0,0,0,0,0,0,0,0,0,0,0,0,0,0,0,0,0,0,0,0,0,0,0,0,0,0,0,0,0,0,0,0,0,0,0,0,0,0,0,0,0,0,0,0,0,0,0,0,0,0,0,0,0,0,0,0,0,0,0,0,0,0,0,0,0,0,0,0,0,0,0,0,0,0,0,0,0,0,0,0,0,0,0,0,0,0,0,0,0,0,0,0,0,0,0,0,0,0,0,0,0,0,0,0,0,0,0,0,0,0,0,0,0,0,0,0,0,0,0,0,0,0,0,0,0,0,0,0,0,0,0,0,0,0,0,0,0,0,0,0,0,0,0,0,0,0,0,0,0,0,0,0,0,0,0,0,0,0,0,0,0,0,0,0,0,0,0,0,0,0,0,0,0,0,0,0,0,0,0,0,0,0,0,0,0,0,0,0,0,0,0,0,0,0,0,0,0,0,0,0,0,0,0,0,0,0,0,0,0,0,0,0,0,0,0,0,0,0,0,0,0,0,0,0,0,0,0,0,0,0,0,0,0,0,0,0,0,0,0,0,0,0,0,0,0,0,0,0,0,0,0,-128,567,475,-19,-144,-262,-326,-320,-241,-111,40,187,308,391,423,408,340,227,81,-85,-248,-389,-503,-561,-558,-496,-370,-191,17,234,441,607,716,744,701,591,409,178,-79,-343,-573,-755,-873,-911,-856,-718,-503,-240,64,379,649,872,1022,1075,1027,886,648,354,21,-327,-647,-913,-1104,-1194,-1173,-1049,-828,-524,-175,193,549,874,1126,1263,1295,1210,1024,744,391,12,-377,-738,-1037,-1247,-1359,-1342,-1210,-978,-650,-263,145,552,899,1181,1366,1425,1363,1184,898,532,127,-303,-708,-1048,-1302,-1440,-1457,-1343,-1109,-785,-396,35,469,851,1157,1369,1457,1419,1258,994,641,240,-189,-582,-937,-1203,-1365,-1422,1197,-1172,-884,-537,-153,248,628,950,1199,1353,1393,1311,1132,856,512,121,-279,-662,-989,-1243,-1391,-1420,-1342,-1151,-852,-475,-61,376,775,1109,1354,1481,1472,1338,1098,753,346,-96,-526,-902,-1202,-1403,-1482,-1419,-1238,-955,-592,-182,243,638,981,1231,1369,1397,1309,1108,809,451,61,-333,-701,-1004,-1221,-1338,-1342,-1229,-1007,-699,-334,72,466,824,1105,1291,1362,1304,1128,845,483,75,-344,-728,-1047,-1267,-1355,-1312,-1144,-859,-495,-81,339,719,1023,1218,1281,1209,1011,708,339,-54,-429,-750,-981,-1095,-1087,-972,-754,-465,-139,186,484,725,885,950,902,763,532,227,-118,-459,-742,-916,-928,-765,-450,-112,652,658
29105,mtk,MTK 7916,2778927965,rx1-tx0,512,0,0,0,0,0,0,0,0,0,0,0,0,0,0,0,0,0,0,0,0,0,0,0,0,0,0,0,0,0,0,0,0,0,0,0,0,0,0,0,0,0,0,0,0,0,0,0,0,0,0,0,0,0,0,0,0,0,0,0,0,0,0,0,0,0,0,0,0,0,0,0,0,0,0,0,0,0,0,0,0,0,0,0,0,0,0,0,0,0,0,0,0,0,0,0,0,0,0,0,0,0,0,0,0,0,0,0,0,0,0,0,0,0,0,0,0,0,0,0,0,0,0,0,0,0,0,0,0,0,0,0,0,0,0,0,0,0,0,0,0,0,0,0,0,0,0,0,0,0,0,0,0,0,0,0,0,0,0,0,0,0,0,0,0,0,0,0,0,0,0,0,0,0,0,0,0,0,0,0,0,0,0,0,0,0,0,0,0,0,0,0,0,0,0,0,0,0,0,0,0,0,0,0,0,0,0,0,0,0,0,0,0,0,0,0,0,0,0,0,0,0,0,0,0,0,0,0,0,0,0,0,0,0,0,0,0,0,0,0,0,0,0,0,0,0,0,0,0,0,0,0,0,0,0,0,0,146,-723,-546,-4,77,158,206,204,152,69,-24,-119,-189,-232,-238,-215,-166,-89,-2,90,175,234,265,265,239,182,96,-1,-100,-185,-256,-298,-296,-264,-200,-121,-30,73,157,224,271,276,252,214,148,71,0,-77,-143,-186,-208,-207,-194,-169,-132,-86,-34,10,47,86,115,134,150,148,138,129,106,73,48,13,-20,-48,-84,-130,-154,-182,-207,-199,-175,-147,-96,-33,43,125,197,261,299,324,319,279,195,93,-26,-144,-263,-360,-415,-440,-409,-334,-240,-112,36,173,294,396,462,482,444,377,274,133,-18,-160,-286,-397,-473,-499,-473,-406,-310,-175,-26,118,266,381,461,506,-144,445,350,230,71,-85,-239,-373,-460,-517,-520,-466,-378,-238,-95,65,220,348,444,489,493,449,357,238,103,-41,-169,-292,-384,-435,-449,-416,-345,-254,-144,-17,117,227,306,354,375,367,330,260,167,66,-37,-138,-227,-293,-326,-333,-317,-272,-204,-114,-15,81,163,227,281,295,288,264,211,141,57,-33,-108,-175,-230,-259,-268,-253,-215,-165,-107,-26,48,116,176,226,255,261,238,190,133,56,-27,-107,-185,-236,-271,-286,-258,-202,-128,-36,63,152,223,275,296,277,229,143,39,-57,-146,-225,-270,-279,-251,-186,-108,-14,88,179,240,265,241,174,82,-24,-117,-171,-979,-918,0,0,0,0,0,0,0,0,0,0,0,0,0,0,0,0,0,0,0,0,0,0,0,0,0,0,0,0,0,0,0,0,0,0,0,0,0,0,0,0,0,0,0,0,0,0,0,0,0,0,0,0,0,0,0,0,0,0,0,0,0,0,0,0,0,0,0,0,0,0,0,0,0,0,0,0,0,0,0,0,0,0,0,0,0,0,0,0,0,0,0,0,0,0,0,0,0,0,0,0,0,0,0,0,0,0,0,0,0,0,0,0,0,0,0,0,0,0,0,0,0,0,0,0,0,0,0,0,0,0,0,0,0,0,0,0,0,0,0,0,0,0,0,0,0,0,0,0,0,0,0,0,0,0,0,0,0,0,0,0,0,0,0,0,0,0,0,0,0,0,0,0,0,0,0,0,0,0,0,0,0,0,0,0,0,0,0,0,0,0,0,0,0,0,0,0,0,0,0,0,0,0,0,0,0,0,0,0,0,0,0,0,0,0,0,0,0,0,0,0,0,0,0,0,0,0,0,0,0,0,0,0,0,0,0,0,0,0,0,0,0,0,0,0,0,0,0,0,0,0,0,0,0,0,0,0,206,757,894,150,154,109,22,-78,-165,-215,-229,-203,-144,-65,25,110,186,238,257,246,203,129,40,-49,-135,-213,-271,-294,-280,-234,-163,-63,44,140,218,268,299,285,241,178,96,-4,-89,-164,-219,-239,-242,-231,-188,-131,-68,-3,48,95,134,158,168,164,153,131,104,72,36,-8,-45,-75,-110,-128,-148,-155,-147,-140,-134,-111,-76,-46,5,68,119,172,219,251,264,247,212,143,63,-28,-131,-234,-318,-368,-386,-366,-314,-222,-104,27,175,293,383,448,461,427,362,258,127,-24,-172,-295,-408,-476,-487,-454,-389,-288,-155,-7,145,271,388,465,491,479,422,325,202,58,147,-252,-370,-468,-520,-517,-469,-369,-237,-91,82,232,362,456,502,510,463,371,242,96,-51,-202,-325,-409,-463,-469,-430,-352,-241,-114,13,141,255,336,392,418,393,335,254,150,42,-67,-172,-262,-328,-352,-352,-321,-270,-191,-95,3,100,188,257,309,326,314,270,211,131,36,-48,-132,-205,-255,-285,-281,-252,-209,-142,-72,1,80,151,197,245,256,250,229,180,121,45,-36,-114,-177,-224,-259,-265,-248,-201,-133,-58,36,128,202,258,290,286,252,188,103,-1,-103,-192,-261,-285,-273,-243,-176,-80,19,121,197,246,271,256,200,110,8,-100,-181,-227,-227,-178,-106,175,377
29106,mtk,MTK 7916,2778927965,rx1-tx1,512,0,0,0,0,0,0,0,0,0,0,0,0,0,0,0,0,0,0,0,0,0,0,0,0,0,0,0,0,0,0,0,0,0,0,0,0,0,0,0,0,0,0,0,0,0,0,0,0,0,0,0,0,0,0,0,0,0,0,0,0,0,0,0,0,0,0,0,0,0,0,0,0,0,0,0,0,0,0,0,0,0,0,0,0,0,0,0,0,0,0,0,0,0,0,0,0,0,0,0,0,0,0,0,0,0,0,0,0,0,0,0,0,0,0,0,0,0,0,0,0,0,0,0,0,0,0,0,0,0,0,0,0,0,0,0,0,0,0,0,0,0,0,0,0,0,0,0,0,0,0,0,0,0,0,0,0,0,0,0,0,0,0,0,0,0,0,0,0,0,0,0,0,0,0,0,0,0,0,0,0,0,0,0,0,0,0,0,0,0,0,0,0,0,0,0,0,0,0,0,0,0,0,0,0,0,0,0,0,0,0,0,0,0,0,0,0,0,0,0,0,0,0,0,0,0,0,0,0,0,0,0,0,0,0,0,0,0,0,0,0,0,0,0,0,0,0,0,0,0,0,0,0,0,0,0,0,-411,243,163,8,-8,-27,-45,-62,-74,-82,-84,-68,-40,-8,21,51,76,88,88,69,34,-6,-42,-72,-90,-93,-79,-53,-18,21,58,79,83,74,58,28,-5,-31,-52,-54,-47,-38,-27,-6,8,15,20,22,16,3,-2,-2,7,19,25,17,12,2,-18,-42,-57,-61,-51,-36,-3,32,66,97,109,86,57,11,-45,-95,-127,-136,-109,-69,-15,53,108,141,146,124,79,11,-59,-111,-145,-151,-123,-65,0,64,114,146,147,116,62,-4,-64,-105,-124,-117,-89,-41,11,54,84,95,88,60,26,-10,-42,-61,-67,-63,-46,-22,-1,15,23,22,15,11,16,20,0,34,36,31,18,-7,-41,-80,-111,-117,-95,-57,-3,64,122,164,181,162,101,14,-77,-167,-230,-243,-217,-147,-31,95,207,283,310,274,180,45,-94,-224,-316,-343,-305,-205,-57,107,243,326,349,308,203,57,-103,-247,-336,-351,-302,-189,-37,120,249,328,330,268,154,6,-145,-266,-326,-320,-240,-115,31,173,283,330,311,222,85,-65,-203,-301,-339,-311,-216,-81,67,206,304,337,312,226,91,-54,-184,-279,-319,-298,-227,-106,27,151,244,284,267,207,104,-14,-118,-204,-246,-238,-186,-99,6,106,187,228,229,196,129,33,-74,-168,-231,-261,-256,-224,-175,-99,379,362,0,0,0,0,0,0,0,0,0,0,0,0,0,0,0,0,0,0,0,0,0,0,0,0,0,0,0,0,0,0,0,0,0,0,0,0,0,0,0,0,0,0,0,0,0,0,0,0,0,0,0,0,0,0,0,0,0,0,0,0,0,0,0,0,0,0,0,0,0,0,0,0,0,0,0,0,0,0,0,0,0,0,0,0,0,0,0,0,0,0,0,0,0,0,0,0,0,0,0,0,0,0,0,0,0,0,0,0,0,0,0,0,0,0,0,0,0,0,0,0,0,0,0,0,0,0,0,0,0,0,0,0,0,0,0,0,0,0,0,0,0,0,0,0,0,0,0,0,0,0,0,0,0,0,0,0,0,0,0,0,0,0,0,0,0,0,0,0,0,0,0,0,0,0,0,0,0,0,0,0,0,0,0,0,0,0,0,0,0,0,0,0,0,0,0,0,0,0,0,0,0,0,0,0,0,0,0,0,0,0,0,0,0,0,0,0,0,0,0,0,0,0,0,0,0,0,0,0,0,0,0,0,0,0,0,0,0,0,0,0,0,0,0,0,0,0,0,0,0,0,0,0,0,0,0,0,-92,-364,-428,59,63,65,60,47,27,0,-30,-58,-79,-85,-80,-69,-43,-6,33,62,86,93,83,57,25,-13,-40,-62,-86,-91,-72,-40,-4,28,47,65,72,60,39,14,-8,-24,-34,-38,-28,-17,-8,-3,4,7,1,-4,-1,-1,0,14,32,42,38,29,14,-14,-44,-68,-79,-74,-59,-24,17,56,89,112,113,88,44,-20,-82,-124,-141,-134,-99,-40,30,90,133,150,139,101,44,-18,-83,-134,-152,-138,-96,-39,24,83,129,141,119,72,18,-32,-78,-102,-106,-90,-58,-11,33,63,78,76,61,37,8,-21,-40,-46,-40,-32,-21,-14,-6,-4,-7,-9,0,8,23,39,57,73,70,52,16,-30,-78,-127,-150,-140,-109,-57,25,108,175,212,212,165,78,-31,-140,-227,-282,-278,-212,-111,20,155,266,321,316,250,129,-23,-166,-281,-352,-343,-264,-139,20,176,292,349,344,263,129,-29,-179,-295,-346,-329,-239,-96,52,190,300,340,300,199,63,-85,-220,-306,-327,-277,-168,-27,121,249,325,331,271,157,7,-142,-255,-325,-333,-272,-157,-14,130,252,323,324,265,162,30,-104,-217,-287,-305,-261,-165,-45,78,186,249,260,228,154,51,-62,-155,-218,-237,-213,-144,-55,42,134,211,251,245,201,135,45,-47,-122,-179,-226,-77,-178
29107,mtk,MTK 7916,2778927965,rx2-tx0,512,0,0,0,0,0,0,0,0,0,0,0,0,0,0,0,0,0,0,0,0,0,0,0,0,0,0,0,0,0,0,0,0,0,0,0,0,0,0,0,0,0,0,0,0,0,0,0,0,0,0,0,0,0,0,0,0,0,0,0,0,0,0,0,0,0,0,0,0,0,0,0,0,0,0,0,0,0,0,0,0,0,0,0,0,0,0,0,0,0,0,0,0,0,0,0,0,0,0,0,0,0,0,0,0,0,0,0,0,0,0,0,0,0,0,0,0,0,0,0,0,0,0,0,0,0,0,0,0,0,0,0,0,0,0,0,0,0,0,0,0,0,0,0,0,0,0,0,0,0,0,0,0,0,0,0,0,0,0,0,0,0,0,0,0,0,0,0,0,0,0,0,0,0,0,0,0,0,0,0,0,0,0,0,0,0,0,0,0,0,0,0,0,0,0,0,0,0,0,0,0,0,0,0,0,0,0,0,0,0,0,0,0,0,0,0,0,0,0,0,0,0,0,0,0,0,0,0,0,0,0,0,0,0,0,0,0,0,0,0,0,0,0,0,0,0,0,0,0,0,0,0,0,0,0,0,0,-136,-521,-451,-58,-77,-90,-95,-89,-75,-50,-14,22,53,82,96,96,78,50,14,-24,-59,-86,-98,-95,-78,-50,-13,23,58,86,101,96,81,55,19,-19,-58,-90,-107,-109,-99,-72,-32,18,69,109,130,140,122,82,25,-40,-106,-153,-175,-163,-118,-49,35,120,186,217,206,150,57,-57,-159,-233,-264,-237,-160,-44,85,203,283,306,260,160,19,-134,-265,-341,-341,-269,-138,25,192,328,397,376,271,105,-89,-271,-400,-444,-395,-258,-68,139,328,451,471,390,228,14,-204,-383,-483,-480,-368,-173,56,273,433,496,445,299,88,-143,-345,-473,-494,-406,-227,4,239,425,0,492,364,152,-102,-340,-497,-546,-478,-304,-63,198,422,555,566,453,243,-18,-283,-492,-599,-575,-424,-183,97,355,544,624,572,399,139,-148,-406,-579,-631,-554,-364,-98,184,423,579,614,521,324,64,-207,-428,-559,-571,-471,-280,-40,203,397,509,515,412,236,20,-197,-366,-449,-437,-342,-185,5,189,328,391,367,270,128,-38,-191,-294,-332,-305,-211,-75,67,189,270,294,254,163,44,-84,-195,-263,-277,-232,-145,-29,92,193,257,272,232,149,43,-70,-172,-235,-256,-234,-169,-75,31,124,194,234,235,193,118,30,-61,-141,-197,-229,-227,-195,-144,-80,-14,44,102,-547,-567,0,0,0,0,0,0,0,0,0,0,0,0,0,0,0,0,0,0,0,0,0,0,0,0,0,0,0,0,0,0,0,0,0,0,0,0,0,0,0,0,0,0,0,0,0,0,0,0,0,0,0,0,0,0,0,0,0,0,0,0,0,0,0,0,0,0,0,0,0,0,0,0,0,0,0,0,0,0,0,0,0,0,0,0,0,0,0,0,0,0,0,0,0,0,0,0,0,0,0,0,0,0,0,0,0,0,0,0,0,0,0,0,0,0,0,0,0,0,0,0,0,0,0,0,0,0,0,0,0,0,0,0,0,0,0,0,0,0,0,0,0,0,0,0,0,0,0,0,0,0,0,0,0,0,0,0,0,0,0,0,0,0,0,0,0,0,0,0,0,0,0,0,0,0,0,0,0,0,0,0,0,0,0,0,0,0,0,0,0,0,0,0,0,0,0,0,0,0,0,0,0,0,0,0,0,0,0,0,0,0,0,0,0,0,0,0,0,0,0,0,0,0,0,0,0,0,0,0,0,0,0,0,0,0,0,0,0,0,0,0,0,0,0,0,0,0,0,0,0,0,0,0,0,0,0,0,1335,233,346,47,37,17,-13,-44,-67,-84,-94,-95,-80,-52,-18,21,54,80,96,95,75,45,10,-27,-58,-80,-92,-96,-81,-49,-11,21,54,83,101,102,87,59,21,-16,-59,-95,-118,-124,-111,-81,-36,22,82,129,158,157,124,69,3,-75,-144,-187,-193,-165,-100,-10,90,178,231,237,196,111,-3,-124,-223,-280,-278,-211,-96,40,176,281,326,301,209,70,-90,-236,-343,-377,-329,-207,-39,151,311,409,420,340,181,-15,-211,-371,-459,-446,-336,-151,67,272,426,489,446,302,91,-135,-335,-466,-490,-411,-242,-17,211,389,484,473,357,158,-76,-300,-454,-510,-454,-296,0,170,383,511,526,426,230,-25,-275,-469,-557,-525,-385,-156,113,357,526,585,519,336,85,-190,-430,-582,-610,-506,-294,-23,260,488,612,614,481,246,-32,-304,-518,-627,-602,-452,-213,62,321,513,598,564,418,191,-75,-317,-486,-555,-510,-364,-151,84,295,442,489,434,298,111,-98,-280,-396,-425,-367,-236,-65,109,256,346,358,291,168,21,-125,-243,-303,-302,-240,-128,11,139,235,279,270,199,87,-35,-146,-233,-269,-255,-192,-89,27,137,223,260,247,196,109,5,-102,-191,-241,-245,-214,-144,-51,48,135,198,230,226,189,122,38,-48,-125,-178,-206,-211,-196,-162,-129,-13
29108,mtk,MTK 7916,2778927965,rx2-tx1,512,0,0,0,0,0,0,0,0,0,0,0,0,0,0,0,0,0,0,0,0,0,0,0,0,0,0,0,0,0,0,0,0,0,0,0,0,0,0,0,0,0,0,0,0,0,0,0,0,0,0,0,0,0,0,0,0,0,0,0,0,0,0,0,0,0,0,0,0,0,0,0,0,0,0,0,0,0,0,0,0,0,0,0,0,0,0,0,0,0,0,0,0,0,0,0,0,0,0,0,0,0,0,0,0,0,0,0,0,0,0,0,0,0,0,0,0,0,0,0,0,0,0,0,0,0,0,0,0,0,0,0,0,0,0,0,0,0,0,0,0,0,0,0,0,0,0,0,0,0,0,0,0,0,0,0,0,0,0,0,0,0,0,0,0,0,0,0,0,0,0,0,0,0,0,0,0,0,0,0,0,0,0,0,0,0,0,0,0,0,0,0,0,0,0,0,0,0,0,0,0,0,0,0,0,0,0,0,0,0,0,0,0,0,0,0,0,0,0,0,0,0,0,0,0,0,0,0,0,0,0,0,0,0,0,0,0,0,0,0,0,0,0,0,0,0,0,0,0,0,0,0,0,0,0,0,0,236,-48,-86,12,-2,-16,-32,-48,-59,-64,-66,-52,-27,-4,21,46,58,57,51,35,10,-15,-41,-56,-54,-41,-29,-5,22,45,52,48,33,9,-21,-41,-56,-58,-41,-10,26,50,67,74,63,25,-26,-71,-92,-88,-68,-35,18,82,129,143,123,82,11,-74,-152,-186,-182,-138,-63,37,138,218,256,242,171,46,-91,-205,-288,-327,-287,-170,-11,148,277,358,361,289,150,-33,-214,-359,-436,-415,-298,-123,81,279,423,465,407,267,69,-147,-343,-473,-490,-399,-235,-21,205,392,488,473,364,178,-52,-264,-419,-485,-437,-295,-103,114,309,430,449,370,209,1,-204,-365,0,-392,-282,-100,104,278,394,418,340,184,-17,-214,-363,-434,-401,-275,-90,113,295,413,443,373,220,14,-196,-360,-451,-445,-343,-164,55,259,396,452,413,281,91,-107,-282,-396,-426,-363,-226,-46,138,289,374,369,288,151,-7,-163,-272,-312,-284,-203,-87,46,156,226,242,204,121,17,-85,-159,-189,-177,-124,-46,42,113,152,152,116,53,-17,-78,-128,-147,-123,-74,-15,50,102,127,125,92,44,-13,-68,-107,-117,-102,-67,-23,20,64,92,104,91,51,8,-30,-64,-75,-66,-48,-23,9,34,51,51,39,18,-1,-24,-44,-55,-50,-33,-9,16,37,53,58,123,71,0,0,0,0,0,0,0,0,0,0,0,0,0,0,0,0,0,0,0,0,0,0,0,0,0,0,0,0,0,0,0,0,0,0,0,0,0,0,0,0,0,0,0,0,0,0,0,0,0,0,0,0,0,0,0,0,0,0,0,0,0,0,0,0,0,0,0,0,0,0,0,0,0,0,0,0,0,0,0,0,0,0,0,0,0,0,0,0,0,0,0,0,0,0,0,0,0,0,0,0,0,0,0,0,0,0,0,0,0,0,0,0,0,0,0,0,0,0,0,0,0,0,0,0,0,0,0,0,0,0,0,0,0,0,0,0,0,0,0,0,0,0,0,0,0,0,0,0,0,0,0,0,0,0,0,0,0,0,0,0,0,0,0,0,0,0,0,0,0,0,0,0,0,0,0,0,0,0,0,0,0,0,0,0,0,0,0,0,0,0,0,0,0,0,0,0,0,0,0,0,0,0,0,0,0,0,0,0,0,0,0,0,0,0,0,0,0,0,0,0,0,0,0,0,0,0,0,0,0,0,0,0,0,0,0,0,0,0,0,0,0,0,0,0,0,0,0,0,0,0,0,0,0,0,0,0,-351,-261,-231,41,51,51,48,42,22,-1,-26,-45,-60,-67,-64,-46,-26,2,27,47,58,61,47,21,-6,-31,-50,-54,-51,-38,-5,30,53,60,53,30,3,-26,-50,-65,-61,-39,-8,27,56,78,80,58,19,-30,-74,-106,-117,-92,-47,14,85,140,165,157,105,21,-71,-157,-217,-227,-187,-107,0,123,227,291,293,219,99,-42,-186,-303,-349,-324,-228,-81,95,260,371,402,355,225,37,-161,-325,-427,-442,-360,-198,11,219,385,472,461,342,152,-74,-283,-437,-500,-460,-313,-98,130,327,460,488,410,242,20,-198,-368,-458,-450,-341,-154,58,257,400,446,382,237,0,-150,-317,-412,-411,-316,-145,57,247,374,417,371,236,46,-160,-332,-431,-426,-324,-151,54,257,406,457,406,272,82,-131,-319,-435,-457,-385,-232,-30,176,345,439,431,330,168,-24,-209,-345,-397,-366,-267,-117,62,225,321,340,292,191,47,-101,-213,-270,-272,-210,-103,13,116,185,214,197,128,32,-55,-125,-168,-161,-119,-51,32,105,142,149,125,67,-8,-71,-120,-143,-127,-84,-31,34,96,127,127,104,63,11,-50,-92,-108,-104,-81,-42,6,49,77,89,80,54,18,-14,-39,-56,-58,-42,-23,2,28,41,43,40,26,2,-22,-44,-57,-58,-52,-37,-12,-262,-281
29109,mtk,MTK 7916,2778964369,rx0-tx0,512,0,0,0,0,0,0,0,0,0,0,0,0,0,0,0,0,0,0,0,0,0,0,0,0,0,0,0,0,0,0,0,0,0,0,0,0,0,0,0,0,0,0,0,0,0,0,0,0,0,0,0,0,0,0,0,0,0,0,0,0,0,0,0,0,0,0,0,0,0,0,0,0,0,0,0,0,0,0,0,0,0,0,0,0,0,0,0,0,0,0,0,0,0,0,0,0,0,0,0,0,0,0,0,0,0,0,0,0,0,0,0,0,0,0,0,0,0,0,0,0,0,0,0,0,0,0,0,0,0,0,0,0,0,0,0,0,0,0,0,0,0,0,0,0,0,0,0,0,0,0,0,0,0,0,0,0,0,0,0,0,0,0,0,0,0,0,0,0,0,0,0,0,0,0,0,0,0,0,0,0,0,0,0,0,0,0,0,0,0,0,0,0,0,0,0,0,0,0,0,0,0,0,0,0,0,0,0,0,0,0,0,0,0,0,0,0,0,0,0,0,0,0,0,0,0,0,0,0,0,0,0,0,0,0,0,0,0,0,0,0,0,0,0,0,0,0,0,0,0,0,0,0,0,0,0,0,-273,613,423,118,281,408,437,363,212,15,-180,-346,-465,-528,-522,-449,-326,-160,33,227,410,551,636,652,604,487,310,93,-147,-380,-586,-734,-817,-805,-714,-548,-325,-61,216,470,688,833,897,877,778,607,377,128,-148,-421,-646,-813,-909,-938,-894,-767,-569,-324,-57,230,508,736,910,1017,1025,948,790,568,281,-26,-338,-636,-882,-1033,-1113,-1093,-976,-774,-501,-199,137,464,747,963,1101,1136,1073,926,698,401,79,-249,-539,-786,-963,-1053,-1053,-979,-809,-581,-319,-31,255,508,708,859,939,941,868,735,552,335,87,-156,-388,-593,-747,-846,-887,-866,-776,-631,-431,-201,43,286,508,706,-1687,920,915,849,711,514,276,12,-246,-489,-706,-852,-933,-958,-892,-767,-579,-348,-94,172,433,652,827,955,1004,981,886,719,497,221,-73,-375,-657,-889,-1068,-1158,-1163,-1070,-876,-604,-276,86,458,801,1075,1270,1357,1325,1179,919,579,176,-246,-648,-995,-1269,-1426,-1447,-1347,-1124,-799,-405,27,451,846,1167,1373,1459,1406,1229,946,590,176,-262,-659,-995,-1252,-1389,-1402,-1286,-1053,-723,-339,82,500,867,1160,1330,1370,1291,1084,768,384,-41,-456,-831,-1119,-1275,-1306,-1206,-988,-671,-282,124,513,830,1063,1175,1156,1027,793,482,114,-272,-625,-912,-1101,-1162,-1072,-822,-441,26,510,887,1067,1019,982,886,0,0,0,0,0,0,0,0,0,0,0,0,0,0,0,0,0,0,0,0,0,0,0,0,0,0,0,0,0,0,0,0,0,0,0,0,0,0,0,0,0,0,0,0,0,0,0,0,0,0,0,0,0,0,0,0,0,0,0,0,0,0,0,0,0,0,0,0,0,0,0,0,0,0,0,0,0,0,0,0,0,0,0,0,0,0,0,0,0,0,0,0,0,0,0,0,0,0,0,0,0,0,0,0,0,0,0,0,0,0,0,0,0,0,0,0,0,0,0,0,0,0,0,0,0,0,0,0,0,0,0,0,0,0,0,0,0,0,0,0,0,0,0,0,0,0,0,0,0,0,0,0,0,0,0,0,0,0,0,0,0,0,0,0,0,0,0,0,0,0,0,0,0,0,0,0,0,0,0,0,0,0,0,0,0,0,0,0,0,0,0,0,0,0,0,0,0,0,0,0,0,0,0,0,0,0,0,0,0,0,0,0,0,0,0,0,0,0,0,0,0,0,0,0,0,0,0,0,0,0,0,0,0,0,0,0,0,0,0,0,0,0,0,0,0,0,0,0,0,0,0,0,0,0,0,0,-1322,-819,-930,307,252,100,-107,-300,-440,-499,-474,-378,-232,-54,139,312,454,557,590,562,471,319,126,-91,-307,-501,-644,-727,-734,-667,-524,-320,-68,198,441,650,796,869,847,744,568,327,61,-212,-461,-675,-825,-908,-918,-829,-668,-456,-212,53,329,579,784,914,980,968,862,679,454,169,-140,-437,-695,-904,-1036,-1077,-1036,-903,-676,-395,-86,241,552,819,1004,1117,1129,1042,860,607,301,-36,-362,-657,-901,-1055,-1114,-1079,-954,-760,-498,-198,109,406,666,851,970,1012,967,840,664,438,181,-84,-337,-562,-738,-857,-906,-887,-810,-666,-478,-265,-31,209,439,637,789,876,903,858,755,588,-175,126,-136,-386,-615,-790,-908,-948,-915,-817,-647,-420,-179,88,347,577,762,893,957,953,870,717,528,287,15,-259,-520,-747,-927,-1040,-1075,-1032,-897,-691,-422,-106,226,554,851,1077,1226,1275,1209,1035,767,433,47,-353,-729,-1044,-1280,-1404,-1402,-1277,-1038,-706,-292,145,564,935,1223,1401,1456,1380,1190,884,502,77,-357,-757,-1078,-1302,-1425,-1401,-1257,-1008,-665,-262,162,569,923,1192,1348,1387,1294,1088,773,377,-43,-465,-844,-1127,-1305,-1348,-1264,-1058,-730,-334,75,477,821,1087,1230,1244,1126,895,581,201,-183,-540,-836,-1043,-1144,-1110,-955,-690,-337,67,485,853,1100,1188,1061,726,257,-181,-334,-522
29110,mtk,MTK 7916,2778964369,rx0-tx1,512,0,0,0,0,0,0,0,0,0,0,0,0,0,0,0,0,0,0,0,0,0,0,0,0,0,0,0,0,0,0,0,0,0,0,0,0,0,0,0,0,0,0,0,0,0,0,0,0,0,0,0,0,0,0,0,0,0,0,0,0,0,0,0,0,0,0,0,0,0,0,0,0,0,0,0,0,0,0,0,0,0,0,0,0,0,0,0,0,0,0,0,0,0,0,0,0,0,0,0,0,0,0,0,0,0,0,0,0,0,0,0,0,0,0,0,0,0,0,0,0,0,0,0,0,0,0,0,0,0,0,0,0,0,0,0,0,0,0,0,0,0,0,0,0,0,0,0,0,0,0,0,0,0,0,0,0,0,0,0,0,0,0,0,0,0,0,0,0,0,0,0,0,0,0,0,0,0,0,0,0,0,0,0,0,0,0,0,0,0,0,0,0,0,0,0,0,0,0,0,0,0,0,0,0,0,0,0,0,0,0,0,0,0,0,0,0,0,0,0,0,0,0,0,0,0,0,0,0,0,0,0,0,0,0,0,0,0,0,0,0,0,0,0,0,0,0,0,0,0,0,0,0,0,0,0,0,-730,370,489,-202,-269,-271,-195,-68,89,228,334,391,388,339,238,109,-44,-197,-336,-449,-514,-520,-471,-368,-214,-27,172,368,534,648,700,675,578,411,206,-32,-276,-501,-684,-802,-853,-822,-701,-512,-270,7,293,555,784,939,1003,990,878,683,415,104,-219,-525,-801,-1009,-1125,-1139,-1046,-865,-597,-273,76,427,738,981,1152,1236,1199,1056,824,513,158,-210,-562,-868,-1105,-1257,-1301,-1228,-1055,-780,-451,-84,310,672,980,1207,1327,1352,1251,1044,746,394,-8,-410,-769,-1080,-1290,-1393,-1386,-1248,-1012,-686,-295,117,515,877,1159,1333,1407,1357,1190,926,584,199,-211,-594,-922,-1172,-1334,-1372,-1301,-1140,-546,-530,-147,229,593,910,1147,1295,1336,1276,1116,857,540,172,-201,-573,-901,-1153,-1315,-1371,-1311,-1151,-898,-567,-177,229,619,964,1229,1394,1437,1357,1162,872,502,94,-331,-721,-1044,-1278,-1410,-1425,-1316,-1091,-778,-402,4,401,771,1074,1286,1379,1359,1229,1001,688,318,-77,-455,-800,-1072,-1248,-1328,-1300,-1164,-925,-609,-240,152,534,872,1130,1296,1340,1269,1087,802,440,44,-365,-742,-1043,-1249,-1343,-1300,-1137,-863,-496,-95,317,700,1001,1203,1277,1223,1046,755,393,6,-377,-709,-957,-1095,-1117,-1013,-818,-542,-214,116,425,682,859,949,929,812,601,324,0,-338,-634,-851,-943,-870,-632,-275,59,-45,101,0,0,0,0,0,0,0,0,0,0,0,0,0,0,0,0,0,0,0,0,0,0,0,0,0,0,0,0,0,0,0,0,0,0,0,0,0,0,0,0,0,0,0,0,0,0,0,0,0,0,0,0,0,0,0,0,0,0,0,0,0,0,0,0,0,0,0,0,0,0,0,0,0,0,0,0,0,0,0,0,0,0,0,0,0,0,0,0,0,0,0,0,0,0,0,0,0,0,0,0,0,0,0,0,0,0,0,0,0,0,0,0,0,0,0,0,0,0,0,0,0,0,0,0,0,0,0,0,0,0,0,0,0,0,0,0,0,0,0,0,0,0,0,0,0,0,0,0,0,0,0,0,0,0,0,0,0,0,0,0,0,0,0,0,0,0,0,0,0,0,0,0,0,0,0,0,0,0,0,0,0,0,0,0,0,0,0,0,0,0,0,0,0,0,0,0,0,0,0,0,0,0,0,0,0,0,0,0,0,0,0,0,0,0,0,0,0,0,0,0,0,0,0,0,0,0,0,0,0,0,0,0,0,0,0,0,0,0,0,0,0,0,0,0,0,0,0,0,0,0,0,0,0,0,0,0,-128,567,475,-116,-11,130,258,339,353,294,189,49,-101,-239,-351,-425,-452,-426,-351,-226,-66,110,278,430,545,604,599,527,388,203,-14,-236,-447,-618,-731,-779,-744,-635,-455,-225,26,296,545,740,876,935,900,790,601,333,39,-265,-558,-802,-982,-1077,-1066,-969,-777,-508,-188,159,488,781,1012,1150,1193,1131,958,707,397,37,-334,-662,-946,-1148,-1251,-1256,-1140,-944,-656,-316,65,439,781,1054,1234,1332,1309,1165,923,596,233,-159,-548,-888,-1149,-1325,-1392,-1326,-1160,-893,-541,-147,263,652,981,1234,1379,1401,1309,1114,809,441,45,-372,-745,-1050,-1268,-1380,-1375,-1253,-1026,-725,-362,33,410,764,1197,1251,1336,1320,1204,989,693,343,-33,-402,-750,-1030,-1228,-1329,-1327,-1226,-1015,-723,-374,14,403,761,1060,1282,1394,1389,1272,1045,731,343,-72,-482,-849,-1151,-1357,-1449,-1416,-1253,-990,-648,-253,164,568,921,1190,1364,1414,1345,1175,901,547,156,-242,-618,-941,-1187,-1327,-1352,-1269,-1087,-804,-468,-94,291,657,970,1195,1319,1328,1226,1016,718,357,-41,-435,-792,-1085,-1273,-1346,-1301,-1124,-845,-495,-90,327,704,1022,1234,1315,1275,1105,824,469,67,-335,-704,-990,-1161,-1210,-1135,-938,-649,-306,60,407,694,906,1009,1003,898,705,442,136,-178,-475,-713,-875,-942,-882,-702,-416,-49,335,650,813,805,652,658
29111,mtk,MTK 7916,2778964369,rx1-tx0,512,0,0,0,0,0,0,0,0,0,0,0,0,0,0,0,0,0,0,0,0,0,0,0,0,0,0,0,0,0,0,0,0,0,0,0,0,0,0,0,0,0,0,0,0,0,0,0,0,0,0,0,0,0,0,0,0,0,0,0,0,0,0,0,0,0,0,0,0,0,0,0,0,0,0,0,0,0,0,0,0,0,0,0,0,0,0,0,0,0,0,0,0,0,0,0,0,0,0,0,0,0,0,0,0,0,0,0,0,0,0,0,0,0,0,0,0,0,0,0,0,0,0,0,0,0,0,0,0,0,0,0,0,0,0,0,0,0,0,0,0,0,0,0,0,0,0,0,0,0,0,0,0,0,0,0,0,0,0,0,0,0,0,0,0,0,0,0,0,0,0,0,0,0,0,0,0,0,0,0,0,0,0,0,0,0,0,0,0,0,0,0,0,0,0,0,0,0,0,0,0,0,0,0,0,0,0,0,0,0,0,0,0,0,0,0,0,0,0,0,0,0,0,0,0,0,0,0,0,0,0,0,0,0,0,0,0,0,0,0,0,0,0,0,0,0,0,0,0,0,0,0,0,0,0,0,0,146,-723,-546,92,23,-73,-160,-219,-228,-188,-121,-34,62,150,219,257,260,230,170,90,-3,-95,-192,-258,-296,-297,-266,-216,-134,-24,84,184,267,316,334,318,266,179,71,-33,-134,-222,-270,-298,-297,-265,-208,-136,-58,21,95,155,202,232,238,227,204,161,109,61,-2,-60,-109,-155,-178,-201,-209,-201,-182,-145,-108,-62,-3,61,112,158,208,244,263,266,250,216,152,71,-28,-132,-222,-302,-366,-388,-395,-356,-264,-151,-14,123,264,377,467,498,486,429,332,200,53,-109,-265,-394,-487,-529,-524,-472,-371,-237,-84,80,240,373,471,537,549,504,414,286,145,-15,-177,-321,-144,-529,-562,-543,-470,-361,-209,-42,127,289,423,516,562,555,497,391,244,84,-84,-245,-383,-473,-519,-531,-484,-384,-269,-120,41,179,307,400,455,482,456,380,274,153,25,-113,-221,-316,-378,-414,-411,-366,-289,-197,-86,30,141,233,307,349,356,342,300,222,128,25,-76,-159,-238,-291,-321,-318,-286,-229,-150,-66,21,105,181,232,263,280,262,220,166,100,26,-46,-123,-184,-226,-246,-249,-234,-188,-123,-56,21,97,172,223,251,258,229,183,116,32,-58,-134,-206,-244,-251,-243,-196,-125,-39,53,128,196,232,242,215,166,94,-1,-97,-170,-218,-218,-174,-94,-17,-979,-918,0,0,0,0,0,0,0,0,0,0,0,0,0,0,0,0,0,0,0,0,0,0,0,0,0,0,0,0,0,0,0,0,0,0,0,0,0,0,0,0,0,0,0,0,0,0,0,0,0,0,0,0,0,0,0,0,0,0,0,0,0,0,0,0,0,0,0,0,0,0,0,0,0,0,0,0,0,0,0,0,0,0,0,0,0,0,0,0,0,0,0,0,0,0,0,0,0,0,0,0,0,0,0,0,0,0,0,0,0,0,0,0,0,0,0,0,0,0,0,0,0,0,0,0,0,0,0,0,0,0,0,0,0,0,0,0,0,0,0,0,0,0,0,0,0,0,0,0,0,0,0,0,0,0,0,0,0,0,0,0,0,0,0,0,0,0,0,0,0,0,0,0,0,0,0,0,0,0,0,0,0,0,0,0,0,0,0,0,0,0,0,0,0,0,0,0,0,0,0,0,0,0,0,0,0,0,0,0,0,0,0,0,0,0,0,0,0,0,0,0,0,0,0,0,0,0,0,0,0,0,0,0,0,0,0,0,0,0,0,0,0,0,0,0,0,0,0,0,0,0,0,0,0,0,0,0,206,757,894,-126,-178,-186,-142,-59,44,135,203,243,241,202,129,44,-47,-136,-210,-262,-279,-270,-224,-148,-57,49,145,232,294,321,306,267,193,92,-10,-116,-209,-286,-326,-325,-305,-239,-153,-65,39,125,198,246,273,273,248,201,143,82,11,-55,-113,-167,-195,-213,-224,-208,-185,-147,-101,-53,4,60,112,151,175,201,216,216,195,178,136,74,9,-62,-132,-206,-272,-312,-341,-330,-284,-219,-117,-2,113,248,349,424,454,454,402,308,177,19,-134,-283,-401,-487,-523,-519,-458,-353,-218,-56,105,263,394,487,538,539,488,390,264,120,-47,-213,-359,-468,-533,-556,-523,-454,147,-188,-17,154,307,432,526,565,552,490,379,229,64,-112,-273,-410,-497,-541,-543,-491,-392,-248,-96,63,219,340,426,495,501,460,385,271,143,6,-146,-271,-364,-418,-445,-422,-363,-284,-178,-62,67,186,272,338,378,382,353,293,212,106,2,-99,-195,-278,-322,-345,-332,-292,-230,-141,-47,50,140,217,266,286,289,272,226,160,88,5,-79,-154,-204,-241,-257,-255,-224,-172,-111,-38,34,110,179,219,246,253,239,195,122,45,-42,-117,-183,-234,-267,-261,-223,-163,-77,4,86,170,223,249,246,212,152,71,-23,-107,-178,-229,-244,-219,-155,-71,25,115,173,183,175,377
29112,mtk,MTK 7916,2778964369,rx1-tx1,512,0,0,0,0,0,0,0,0,0,0,0,0,0,0,0,0,0,0,0,0,0,0,0,0,0,0,0,0,0,0,0,0,0,0,0,0,0,0,0,0,0,0,0,0,0,0,0,0,0,0,0,0,0,0,0,0,0,0,0,0,0,0,0,0,0,0,0,0,0,0,0,0,0,0,0,0,0,0,0,0,0,0,0,0,0,0,0,0,0,0,0,0,0,0,0,0,0,0,0,0,0,0,0,0,0,0,0,0,0,0,0,0,0,0,0,0,0,0,0,0,0,0,0,0,0,0,0,0,0,0,0,0,0,0,0,0,0,0,0,0,0,0,0,0,0,0,0,0,0,0,0,0,0,0,0,0,0,0,0,0,0,0,0,0,0,0,0,0,0,0,0,0,0,0,0,0,0,0,0,0,0,0,0,0,0,0,0,0,0,0,0,0,0,0,0,0,0,0,0,0,0,0,0,0,0,0,0,0,0,0,0,0,0,0,0,0,0,0,0,0,0,0,0,0,0,0,0,0,0,0,0,0,0,0,0,0,0,0,0,0,0,0,0,0,0,0,0,0,0,0,0,0,0,0,0,0,-411,243,163,34,49,63,77,82,76,62,38,8,-25,-57,-84,-96,-91,-74,-43,-2,38,69,93,105,99,74,36,-4,-45,-81,-103,-106,-88,-58,-17,25,55,75,86,80,61,31,7,-18,-41,-54,-57,-48,-33,-19,-6,8,17,25,33,35,41,41,26,13,4,-15,-36,-51,-59,-59,-54,-38,-15,15,49,83,97,89,67,29,-16,-68,-101,-112,-106,-78,-38,6,60,108,122,107,74,35,-14,-64,-100,-118,-110,-82,-38,14,57,86,102,95,65,31,-7,-44,-69,-81,-73,-45,-18,10,39,56,57,50,30,14,0,-11,-21,-22,-23,-25,-31,-37,-34,-29,0,-11,11,39,65,86,97,92,67,22,-37,-98,-149,-173,-155,-115,-53,34,129,197,233,224,165,73,-31,-146,-240,-283,-278,-221,-113,22,152,260,317,318,244,123,-20,-151,-267,-336,-331,-259,-137,14,157,272,338,323,244,122,-23,-164,-273,-320,-298,-220,-98,51,185,278,309,275,177,47,-90,-211,-291,-309,-259,-150,-11,130,245,314,311,247,136,2,-143,-263,-329,-326,-259,-142,-2,136,248,311,318,258,149,15,-113,-212,-280,-293,-245,-156,-38,81,175,231,241,205,133,38,-68,-159,-220,-230,-198,-134,-40,66,158,220,249,238,199,130,44,-41,-112,-177,379,362,0,0,0,0,0,0,0,0,0,0,0,0,0,0,0,0,0,0,0,0,0,0,0,0,0,0,0,0,0,0,0,0,0,0,0,0,0,0,0,0,0,0,0,0,0,0,0,0,0,0,0,0,0,0,0,0,0,0,0,0,0,0,0,0,0,0,0,0,0,0,0,0,0,0,0,0,0,0,0,0,0,0,0,0,0,0,0,0,0,0,0,0,0,0,0,0,0,0,0,0,0,0,0,0,0,0,0,0,0,0,0,0,0,0,0,0,0,0,0,0,0,0,0,0,0,0,0,0,0,0,0,0,0,0,0,0,0,0,0,0,0,0,0,0,0,0,0,0,0,0,0,0,0,0,0,0,0,0,0,0,0,0,0,0,0,0,0,0,0,0,0,0,0,0,0,0,0,0,0,0,0,0,0,0,0,0,0,0,0,0,0,0,0,0,0,0,0,0,0,0,0,0,0,0,0,0,0,0,0,0,0,0,0,0,0,0,0,0,0,0,0,0,0,0,0,0,0,0,0,0,0,0,0,0,0,0,0,0,0,0,0,0,0,0,0,0,0,0,0,0,0,0,0,0,0,0,-92,-364,-428,-44,-41,-30,-14,9,36,60,78,89,87,69,41,8,-25,-61,-88,-101,-97,-78,-41,4,48,78,101,110,92,61,24,-19,-54,-81,-93,-90,-74,-47,-12,21,51,68,75,65,39,15,-3,-26,-42,-45,-40,-37,-30,-23,-15,-4,15,24,32,42,45,46,42,34,18,-16,-43,-61,-74,-76,-61,-34,-1,37,77,104,108,90,55,8,-41,-80,-107,-114,-97,-64,-14,44,89,115,117,102,67,16,-39,-89,-116,-110,-86,-53,-14,31,65,84,89,78,45,9,-27,-56,-69,-63,-54,-36,-7,19,30,40,42,35,23,15,8,11,8,3,-13,-34,0,-61,-67,-67,-52,-24,18,63,99,122,128,108,66,0,-81,-149,-188,-200,-171,-106,-16,90,188,248,264,238,158,36,-95,-212,-285,-309,-277,-187,-56,89,217,305,330,294,195,56,-93,-221,-312,-342,-300,-205,-61,96,229,309,328,284,180,38,-105,-225,-305,-309,-243,-135,-3,138,250,306,292,218,97,-39,-167,-265,-308,-285,-208,-86,62,201,296,329,299,207,75,-78,-210,-294,-321,-293,-209,-89,50,178,271,304,282,210,97,-32,-147,-232,-271,-254,-187,-87,21,120,198,233,222,170,82,-21,-121,-200,-235,-226,-182,-105,-14,82,170,237,263,258,227,165,-77,-178
29113,mtk,MTK 7916,2778964369,rx2-tx0,512,0,0,0,0,0,0,0,0,0,0,0,0,0,0,0,0,0,0,0,0,0,0,0,0,0,0,0,0,0,0,0,0,0,0,0,0,0,0,0,0,0,0,0,0,0,0,0,0,0,0,0,0,0,0,0,0,0,0,0,0,0,0,0,0,0,0,0,0,0,0,0,0,0,0,0,0,0,0,0,0,0,0,0,0,0,0,0,0,0,0,0,0,0,0,0,0,0,0,0,0,0,0,0,0,0,0,0,0,0,0,0,0,0,0,0,0,0,0,0,0,0,0,0,0,0,0,0,0,0,0,0,0,0,0,0,0,0,0,0,0,0,0,0,0,0,0,0,0,0,0,0,0,0,0,0,0,0,0,0,0,0,0,0,0,0,0,0,0,0,0,0,0,0,0,0,0,0,0,0,0,0,0,0,0,0,0,0,0,0,0,0,0,0,0,0,0,0,0,0,0,0,0,0,0,0,0,0,0,0,0,0,0,0,0,0,0,0,0,0,0,0,0,0,0,0,0,0,0,0,0,0,0,0,0,0,0,0,0,0,0,0,0,0,0,0,0,0,0,0,0,0,0,0,0,0,0,-136,-521,-451,63,68,68,60,45,23,-3,-32,-54,-70,-77,-72,-58,-38,-12,18,46,67,75,70,57,36,10,-18,-45,-69,-85,-87,-77,-54,-20,17,52,82,104,111,96,61,17,-32,-84,-127,-150,-144,-112,-56,17,92,154,187,185,148,78,-15,-108,-182,-227,-224,-172,-82,29,140,227,266,248,178,64,-67,-195,-283,-305,-266,-166,-29,122,255,334,337,272,142,-31,-204,-329,-387,-364,-260,-94,98,271,392,434,383,241,42,-167,-343,-452,-463,-367,-194,21,238,402,481,456,327,129,-97,-311,-454,-489,-421,-265,-44,187,375,482,483,379,183,-59,-280,-441,-503,-447,0,-92,146,359,492,517,420,234,-8,-252,-444,-535,-510,-373,-147,108,342,503,559,491,314,68,-191,-414,-549,-569,-466,-261,-1,260,471,579,567,438,222,-43,-300,-496,-582,-550,-403,-179,82,318,487,559,512,366,150,-96,-311,-454,-506,-455,-312,-112,103,287,409,442,381,247,72,-114,-270,-362,-377,-312,-184,-32,115,246,320,318,253,139,1,-135,-233,-280,-268,-204,-97,29,146,225,258,237,167,67,-48,-151,-226,-253,-235,-170,-71,41,142,219,252,239,183,89,-17,-115,-192,-238,-242,-202,-126,-33,62,150,213,241,233,189,116,33,-49,-124,-180,-208,-212,-196,-547,-567,0,0,0,0,0,0,0,0,0,0,0,0,0,0,0,0,0,0,0,0,0,0,0,0,0,0,0,0,0,0,0,0,0,0,0,0,0,0,0,0,0,0,0,0,0,0,0,0,0,0,0,0,0,0,0,0,0,0,0,0,0,0,0,0,0,0,0,0,0,0,0,0,0,0,0,0,0,0,0,0,0,0,0,0,0,0,0,0,0,0,0,0,0,0,0,0,0,0,0,0,0,0,0,0,0,0,0,0,0,0,0,0,0,0,0,0,0,0,0,0,0,0,0,0,0,0,0,0,0,0,0,0,0,0,0,0,0,0,0,0,0,0,0,0,0,0,0,0,0,0,0,0,0,0,0,0,0,0,0,0,0,0,0,0,0,0,0,0,0,0,0,0,0,0,0,0,0,0,0,0,0,0,0,0,0,0,0,0,0,0,0,0,0,0,0,0,0,0,0,0,0,0,0,0,0,0,0,0,0,0,0,0,0,0,0,0,0,0,0,0,0,0,0,0,0,0,0,0,0,0,0,0,0,0,0,0,0,0,0,0,0,0,0,0,0,0,0,0,0,0,0,0,0,0,0,0,1335,233,346,-11,10,30,49,66,78,79,72,58,36,6,-24,-46,-61,-72,-73,-60,-36,-9,22,47,67,80,79,65,43,11,-20,-46,-74,-98,-103,-90,-62,-22,21,66,106,129,128,108,70,8,-55,-114,-158,-175,-157,-105,-27,60,138,191,210,189,125,27,-71,-164,-230,-250,-217,-131,-16,109,210,273,283,229,121,-24,-169,-278,-330,-311,-226,-86,79,232,336,367,321,201,32,-152,-306,-399,-407,-322,-166,31,229,385,455,426,305,115,-102,-303,-439,-480,-419,-265,-54,166,356,473,485,385,203,-22,-246,-414,-487,-458,-327,-114,123,327,458,496,419,243,14,-220,0,-502,-486,-360,-151,92,316,474,528,467,301,62,-190,-397,-524,-539,-433,-233,23,272,469,562,532,394,168,-101,-344,-513,-578,-521,-357,-116,152,393,552,591,500,314,65,-196,-417,-553,-571,-472,-282,-44,203,405,520,526,427,239,11,-209,-380,-467,-460,-364,-196,9,198,340,405,389,295,140,-39,-195,-304,-352,-322,-228,-93,58,189,276,300,262,174,48,-85,-196,-259,-271,-227,-134,-19,96,197,252,253,204,116,5,-103,-191,-246,-254,-211,-129,-20,92,181,233,248,220,153,60,-40,-135,-206,-239,-230,-186,-115,-21,72,147,206,237,232,201,150,87,24,-45,-129,-13
29114,mtk,MTK 7916,2778964369,rx2-tx1,512,0,0,0,0,0,0,0,0,0,0,0,0,0,0,0,0,0,0,0,0,0,0,0,0,0,0,0,0,0,0,0,0,0,0,0,0,0,0,0,0,0,0,0,0,0,0,0,0,0,0,0,0,0,0,0,0,0,0,0,0,0,0,0,0,0,0,0,0,0,0,0,0,0,0,0,0,0,0,0,0,0,0,0,0,0,0,0,0,0,0,0,0,0,0,0,0,0,0,0,0,0,0,0,0,0,0,0,0,0,0,0,0,0,0,0,0,0,0,0,0,0,0,0,0,0,0,0,0,0,0,0,0,0,0,0,0,0,0,0,0,0,0,0,0,0,0,0,0,0,0,0,0,0,0,0,0,0,0,0,0,0,0,0,0,0,0,0,0,0,0,0,0,0,0,0,0,0,0,0,0,0,0,0,0,0,0,0,0,0,0,0,0,0,0,0,0,0,0,0,0,0,0,0,0,0,0,0,0,0,0,0,0,0,0,0,0,0,0,0,0,0,0,0,0,0,0,0,0,0,0,0,0,0,0,0,0,0,0,0,0,0,0,0,0,0,0,0,0,0,0,0,0,0,0,0,0,236,-48,-86,28,44,42,36,29,13,-5,-21,-38,-47,-48,-46,-32,-6,19,40,55,59,49,29,1,-30,-55,-66,-73,-56,-23,19,53,84,98,88,61,17,-34,-84,-115,-117,-94,-52,5,67,125,155,145,102,37,-42,-120,-176,-186,-159,-101,-8,97,178,219,215,170,69,-56,-163,-244,-288,-257,-166,-36,110,234,317,337,278,155,-4,-171,-312,-382,-373,-294,-132,69,254,383,427,383,263,80,-134,-317,-435,-462,-388,-230,-27,188,370,469,464,367,186,-32,-251,-413,-484,-445,-315,-124,97,296,425,452,389,238,44,-158,-324,-420,-414,-317,-147,49,226,346,387,329,0,30,-146,-295,-373,-357,-263,-109,72,240,342,370,318,185,-2,-186,-319,-383,-361,-252,-91,90,255,365,398,341,202,19,-155,-296,-384,-389,-303,-151,27,200,322,369,341,237,86,-73,-212,-306,-328,-285,-182,-41,101,215,279,271,205,104,-13,-120,-194,-220,-191,-123,-42,43,120,159,158,123,53,-29,-87,-125,-132,-111,-65,-2,56,100,117,107,72,18,-46,-89,-102,-102,-87,-46,4,48,80,92,84,60,20,-18,-49,-76,-77,-61,-36,-3,25,40,52,47,26,11,-9,-26,-36,-33,-21,-5,11,28,30,29,20,3,-21,-44,-58,-58,-51,-38,-24,1,123,71,0,0,0,0,0,0,0,0,0,0,0,0,0,0,0,0,0,0,0,0,0,0,0,0,0,0,0,0,0,0,0,0,0,0,0,0,0,0,0,0,0,0,0,0,0,0,0,0,0,0,0,0,0,0,0,0,0,0,0,0,0,0,0,0,0,0,0,0,0,0,0,0,0,0,0,0,0,0,0,0,0,0,0,0,0,0,0,0,0,0,0,0,0,0,0,0,0,0,0,0,0,0,0,0,0,0,0,0,0,0,0,0,0,0,0,0,0,0,0,0,0,0,0,0,0,0,0,0,0,0,0,0,0,0,0,0,0,0,0,0,0,0,0,0,0,0,0,0,0,0,0,0,0,0,0,0,0,0,0,0,0,0,0,0,0,0,0,0,0,0,0,0,0,0,0,0,0,0,0,0,0,0,0,0,0,0,0,0,0,0,0,0,0,0,0,0,0,0,0,0,0,0,0,0,0,0,0,0,0,0,0,0,0,0,0,0,0,0,0,0,0,0,0,0,0,0,0,0,0,0,0,0,0,0,0,0,0,0,0,0,0,0,0,0,0,0,0,0,0,0,0,0,0,0,0,0,-351,-261,-231,-8,-1,12,25,35,44,50,48,36,18,-5,-28,-44,-53,-50,-38,-18,10,36,51,61,60,42,6,-35,-63,-75,-82,-73,-41,6,53,86,104,101,78,35,-22,-80,-122,-135,-115,-73,-9,59,120,159,167,130,55,-32,-115,-183,-213,-192,-126,-31,76,179,249,260,211,114,-17,-147,-250,-301,-302,-228,-95,67,219,325,366,328,222,63,-121,-286,-394,-419,-352,-200,2,199,355,444,434,338,163,-50,-261,-414,-485,-444,-309,-108,121,325,456,485,404,245,39,-181,-364,-459,-457,-361,-186,29,231,377,446,409,284,103,-102,-285,-392,-407,-337,-188,4,186,0,378,341,228,66,-109,-262,-352,-362,-282,-137,44,214,330,378,338,215,41,-138,-288,-377,-375,-295,-148,30,206,343,404,371,259,86,-96,-253,-356,-388,-330,-204,-42,134,276,347,342,267,133,-20,-162,-261,-307,-287,-199,-74,55,164,233,251,211,123,22,-81,-158,-188,-173,-127,-49,35,98,138,150,121,55,-14,-73,-116,-135,-114,-66,-13,43,92,114,105,78,32,-24,-66,-92,-104,-86,-52,-10,34,72,81,78,59,32,-4,-35,-59,-61,-48,-30,-17,3,27,36,36,26,8,-13,-28,-34,-31,-14,9,27,38,42,40,29,11,-12,-37,-52,-63,-74,-262,-281
29115,mtk,MTK 7916,2778970329,rx0-tx0,512,-1687,771,625,195,273,328,362,364,345,299,231,143,39,-66,-168,-264,-351,-409,-429,-430,-396,-324,-223,-105,29,167,293,397,474,517,512,473,393,269,130,-22,-178,-324,-442,-525,-568,-562,-515,-418,-297,-149,7,164,317,436,524,571,583,545,465,349,216,69,-94,-250,-383,-498,-576,-614,-610,-563,-463,-332,-176,2,192,362,510,624,695,721,680,589,446,256,48,-164,-381,-571,-721,-815,-841,-800,-687,-520,-307,-58,198,442,656,825,919,938,876,738,534,288,14,-266,-522,-739,-897,-975,-968,-884,-724,-514,-251,37,315,567,771,925,995,972,881,720,495,224,-65,-355,-611,-814,-273,-1022,-996,-889,-711,-469,-192,100,395,658,860,1001,1061,1030,911,713,450,153,-166,-475,-751,-960,-1086,-1135,-1069,-916,-693,-401,-68,271,579,855,1059,1169,1184,1090,895,632,306,-50,-402,-725,-989,-1168,-1243,-1200,-1059,-829,-514,-156,218,572,886,1115,1250,1257,1150,954,660,307,-80,-451,-770,-1024,-1178,-1217,-1151,-978,-718,-394,-37,318,633,874,1036,1106,1066,929,705,425,122,-186,-475,-708,-860,-919,-908,-813,-648,-429,-175,73,315,516,658,734,740,693,574,414,221,2,-205,-387,-537,-616,-636,-606,-502,-348,-165,28,221,391,508,567,549,456,310,122,-75,-248,-361,-401,-370,-274,889,905,-546,423,727,231,186,88,-37,-167,-275,-340,-356,-322,-246,-136,-9,120,238,321,378,392,360,299,198,79,-45,-171,-280,-363,-416,-426,-403,-339,-244,-113,28,169,301,404,468,502,485,413,305,158,-3,-165,-317,-439,-520,-554,-528,-449,-335,-185,-22,140,303,426,500,539,518,455,359,233,78,-67,-205,-327,-411,-463,-482,-453,-391,-302,-190,-52,81,205,316,393,445,459,431,366,268,151,27,-99,-215,-310,-378,-417,-413,-375,-318,-227,-124,-9,104,205,289,344,369,367,333,274,197,106,7,-88,-174,-242,-292,-313,-313,-293,-251,-186,-108,-35,38,114,178,221,258,275,272,253,-730,172,108,28,-49,-128,-198,-256,-298,-321,-317,-284,-229,-151,-59,35,135,216,283,333,346,329,283,220,134,37,-53,-136,-211,-263,-290,-302,-293,-254,-207,-146,-79,-4,63,123,185,227,258,275,273,265,230,174,116,36,-45,-125,-208,-272,-323,-351,-358,-328,-273,-190,-87,19,132,235,321,381,416,408,365,299,204,90,-32,-153,-258,-341,-400,-418,-399,-358,-290,-199,-87,21,129,226,301,360,393,389,357,302,223,129,20,-87,-188,-272,-336,-376,-383,-358,-311,-237,-149,-47,59,158,244,308,345,361,345,308,252,170,82,-9,-106,-184,-252,-298,-325,-335,-318,-283,-566,-246,-175,-510,-686,297,233,154,61,-41,-137,-231,-306,-362,-391,-392,-368,-317,-241,-133,-19,98,221,325,405,458,482,463,403,309,188,46,-101,-242,-374,-471,-527,-547,-528,-460,-355,-219,-58,105,256,387,485,552,573,553,488,384,249,99,-59,-219,-358,-468,-543,-586,-590,-540,-458,-340,-195,-29,140,304,445,554,625,664,643,568,459,306,131,-70,-273,-455,-613,-721,-771,-771,-707,-579,-400,-182,55,292,515,695,831,893,877,792,641,428,175,-94,-357,-596,-790,-919,-970,-939,-819,-638,-402,-127,158,429,663,841,963,991,936,808,616,374,88,-198,-463,-699,-881,-985,-1010,-948,-804,-597,-1322,-57,234,505,739,911,1008,1032,966,817,596,324,22,-288,-574,-816,-988,-1079,-1086,-1000,-826,-570,-276,51,379,665,909,1083,1164,1126,1009,804,520,193,-160,-505,-795,-1020,-1168,-1214,-1153,-989,-732,-410,-51,315,650,940,1152,1254,1244,1127,903,603,241,-147,-508,-828,-1081,-1228,-1261,-1170,-979,-704,-361,7,370,702,958,1121,1179,1124,966,721,419,84,-251,-555,-798,-955,-1020,-991,-872,-676,-421,-146,131,388,597,747,822,823,752,609,418,197,-21,-244,-438,-581,-675,-697,-649,-550,-396,-200,-7,192,375,511,587,603,555,441,275,79,-123,-302,-433,-501,-489,-402,-253,-85,83,205,124,-95,1197,1290,1138,-105,-206,-284,-314,-287,-207,-93,40,171,277,351,377,364,303,209,93,-40,-162,-267,-353,-397,-405,-379,-305,-207,-88,37,162,282,382,448,463,442,376,274,145,-4,-166,-314,-432,-508,-536,-513,-445,-328,-175,-6,167,317,436,519,545,530,467,341,203,46,-125,-263,-379,-465,-504,-497,-458,-371,-256,-126,16,149,263,353,423,461,456,418,338,232,112,-20,-150,-265,-356,-417,-442,-431,-377,-293,-191,-73,51,157,258,339,386,403,379,329,252,156,56,-46,-147,-230,-293,-336,-346,-330,-291,-231,-154,-66,23,109,186,244,278,288,287,261,215,160,101,29,-41,-109,-128,-220,-262,-284,-286,-272,-235,-174,-103,-17,77,164,244,301,335,338,313,263,190,98,-8,-107,-193,-257,-311,-326,-317,-292,-242,-173,-96,-13,73,147,194,238,265,275,263,244,206,153,89,18,-44,-113,-185,-239,-277,-308,-305,-297,-257,-194,-116,-25,73,174,259,337,376,395,379,327,248,150,31,-88,-201,-298,-376,-420,-426,-395,-332,-246,-142,-21,92,195,288,359,394,398,374,319,246,160,59,-49,-153,-249,-322,-370,-392,-377,-343,-276,-187,-85,28,132,223,299,346,372,370,337,282,199,108,13,-84,-171,-248,-310,-339,-349,-332,-290,-233,-157,-71,20,106,186,1231,1337
29116,mtk,MTK 7916,2778970329,rx0-tx1,512,-144,-525,-445,921,801,618,381,112,-166,-433,-671,-854,-977,-1032,-997,-893,-720,-486,-216,79,367,631,848,994,1067,1059,959,794,569,294,-12,-306,-582,-823,-998,-1094,-1103,-1033,-881,-657,-382,-79,238,543,798,990,1114,1149,1090,948,732,456,145,-177,-484,-751,-963,-1100,-1151,-1112,-987,-795,-545,-243,70,383,661,879,1048,1130,1126,1038,883,650,366,61,-255,-560,-822,-1021,-1142,-1175,-1125,-984,-760,-480,-157,177,510,799,1027,1170,1219,1178,1044,817,521,184,-166,-501,-799,-1034,-1176,-1228,-1171,-1020,-791,-504,-180,171,495,778,990,1114,1154,1102,959,750,482,180,-132,-426,-679,-885,-1019,-1071,-1043,-935,146,-513,-237,57,344,606,821,974,1050,1050,963,799,574,301,-3,-303,-582,-822,-1001,-1086,-1094,-1007,-832,-604,-319,-2,314,600,849,1025,1113,1114,1019,838,587,297,-27,-346,-636,-879,-1049,-1128,-1110,-1013,-828,-563,-272,52,377,665,898,1056,1133,1109,992,789,520,215,-120,-442,-728,-946,-1080,-1130,-1077,-924,-707,-428,-99,230,525,787,974,1067,1064,971,789,536,235,-73,-368,-627,-821,-939,-962,-901,-763,-564,-311,-43,215,447,637,763,811,793,696,539,340,119,-111,-324,-501,-628,-685,-675,-601,-472,-296,-100,105,298,455,552,583,548,448,291,106,-88,-256,-371,-418,-392,-301,-174,-506,-547,0,-53,-41,135,-19,-198,-354,-464,-502,-461,-345,-183,15,212,375,500,565,570,510,393,243,65,-118,-294,-442,-547,-603,-605,-551,-453,-309,-127,59,249,422,558,662,709,689,619,484,305,92,-139,-362,-569,-734,-831,-861,-818,-691,-496,-262,13,294,557,778,931,996,978,860,664,404,118,-184,-477,-721,-912,-1018,-1031,-964,-812,-586,-312,-15,291,572,808,969,1046,1043,943,764,530,248,-56,-352,-617,-831,-966,-1019,-995,-887,-711,-477,-205,74,351,599,787,923,981,964,869,703,486,234,-45,-312,-557,-757,-904,-973,-966,-888,-745,-538,-282,-10,267,519,744,913,1004,1022,956,812,602,-411,57,-242,-528,-771,-971,-1085,-1114,-1049,-903,-681,-396,-79,250,568,842,1046,1166,1199,1135,962,714,412,65,-291,-624,-905,-1109,-1226,-1238,-1144,-962,-701,-386,-41,314,636,900,1091,1201,1214,1128,946,703,419,87,-245,-553,-826,-1024,-1140,-1182,-1130,-989,-777,-493,-187,136,447,722,950,1104,1174,1151,1045,858,607,307,-23,-346,-641,-899,-1081,-1177,-1185,-1102,-927,-683,-388,-57,275,587,865,1060,1163,1192,1124,961,730,438,108,-224,-538,-805,-1012,-1134,-1163,-1105,-960,-741,-467,-151,173,481,742,943,1064,1106,1066,937,737,480,186,-114,-395,-651,-851,-981,-1041,-1011,-902,-740,-514,-252,23,310,-22,-35,147,214,347,-342,-589,-785,-925,-999,-994,-919,-762,-552,-306,-24,264,528,759,928,1031,1054,990,852,645,390,105,-199,-481,-725,-917,-1051,-1091,-1047,-928,-736,-479,-186,119,418,694,913,1059,1127,1113,1006,815,566,272,-54,-373,-659,-893,-1059,-1147,-1143,-1052,-876,-638,-349,-31,284,577,819,1007,1121,1143,1085,933,722,457,146,-171,-463,-733,-949,-1086,-1145,-1130,-1019,-831,-572,-273,48,372,673,921,1102,1194,1192,1103,919,663,349,8,-334,-656,-928,-1121,-1223,-1223,-1127,-943,-677,-357,-8,343,657,913,1093,1191,1188,1086,896,635,329,4,-321,-611,-845,-1013,-1098,-1100,-1008,-846,-618,-347,-52,246,526,206,937,1035,1055,997,864,664,409,124,-172,-455,-703,-900,-1032,-1077,-1034,-915,-722,-458,-158,148,457,721,929,1068,1110,1061,932,728,456,151,-169,-476,-749,-958,-1091,-1133,-1076,-934,-719,-439,-120,205,512,786,978,1096,1136,1073,919,683,407,87,-241,-546,-811,-1001,-1114,-1132,-1050,-874,-621,-325,4,331,622,855,1028,1108,1075,959,766,491,177,-143,-452,-715,-907,-1013,-1024,-950,-792,-558,-283,9,289,532,727,851,885,846,730,561,336,96,-150,-374,-556,-682,-744,-738,-655,-520,-339,-126,89,292,459,573,627,616,540,404,226,32,-164,-337,-458,-514,-497,-407,-267,-96,69,205,275,-223,-85,0,-40,-59,-341,-401,-385,-292,-138,53,244,403,510,553,516,418,273,93,-97,-278,-426,-532,-584,-581,-519,-408,-258,-84,101,278,432,555,629,650,619,525,384,213,2,-202,-401,-571,-696,-768,-774,-715,-596,-406,-177,75,332,575,762,887,945,906,786,593,334,51,-249,-539,-777,-951,-1026,-1019,-920,-744,-503,-211,93,393,660,871,1000,1045,1009,885,685,420,132,-173,-468,-717,-904,-1019,-1045,-981,-840,-626,-356,-71,221,489,718,887,985,999,936,793,594,348,76,-200,-458,-676,-843,-946,-979,-922,-799,-614,-381,-114,156,418,647,833,951,991,956,854,683,452,185,-102,-390,-648,-854,-92,-1057,-1043,-937,-768,-525,-229,87,402,682,916,1077,1150,1139,1033,834,562,247,-94,-439,-747,-989,-1153,-1231,-1203,-1071,-852,-560,-225,136,482,785,1028,1173,1236,1191,1050,830,547,224,-116,-453,-745,-964,-1120,-1193,-1166,-1055,-863,-595,-296,20,348,638,890,1066,1154,1161,1077,921,693,407,89,-236,-540,-805,-1009,-1143,-1185,-1132,-1003,-789,-504,-189,143,466,752,980,1134,1200,1166,1046,841,561,250,-82,-419,-711,-939,-1102,-1174,-1161,-1053,-859,-604,-289,33,354,648,885,1055,1139,1128,1027,848,604,320,15,-291,-575,-809,-974,-1066,-1066,-989,-838,-619,-361,-77,214,477,700,881,976,1003,956,17,7
29117,mtk,MTK 7916,2778970329,rx1-tx0,512,0,-399,-189,-841,-826,-751,-620,-430,-219,0,219,425,602,730,796,814,768,664,514,324,117,-108,-327,-510,-668,-777,-820,-815,-750,-624,-455,-246,-16,215,440,636,784,882,910,858,751,588,371,120,-141,-395,-628,-820,-955,-1015,-997,-900,-731,-505,-226,77,378,652,884,1054,1147,1142,1041,856,593,280,-75,-418,-735,-998,-1178,-1262,-1238,-1103,-890,-595,-243,128,487,804,1049,1220,1282,1233,1085,853,556,212,-159,-508,-808,-1047,-1196,-1253,-1211,-1059,-836,-535,-203,152,500,796,1025,1180,1231,1184,1045,817,517,171,-182,-521,-818,-1041,-1179,-1218,-1145,-982,-744,-444,-101,244,560,833,1033,1145,1159,1081,-136,657,355,30,-291,-582,-820,-999,-1090,-1080,-983,-811,-568,-276,32,326,598,819,968,1024,1009,900,716,484,210,-77,-350,-590,-778,-900,-948,-907,-799,-624,-397,-152,104,353,555,720,827,854,808,707,541,342,118,-107,-315,-499,-642,-724,-753,-727,-641,-504,-330,-142,53,243,418,565,661,703,688,617,509,360,182,-29,-231,-407,-552,-650,-697,-684,-610,-490,-319,-116,91,282,450,573,639,655,620,518,369,193,1,-179,-340,-470,-552,-588,-564,-497,-383,-231,-62,104,256,381,472,512,494,432,324,185,38,-115,-250,-358,-421,-434,-394,-301,-172,-28,108,221,281,296,255,181,-332,-474,0,271,100,-219,-203,-142,-48,58,163,247,300,307,274,207,115,11,-91,-180,-261,-303,-325,-309,-270,-212,-126,-38,62,156,232,293,340,362,349,312,241,156,47,-89,-210,-323,-412,-469,-498,-480,-409,-296,-149,9,188,358,512,613,653,649,570,443,271,49,-164,-361,-543,-683,-759,-769,-704,-570,-390,-176,61,293,509,681,794,843,810,707,554,352,101,-155,-405,-617,-788,-895,-914,-853,-725,-523,-286,-12,266,523,741,884,954,950,855,687,459,193,-101,-377,-617,-822,-944,-980,-942,-821,-626,-376,-103,191,471,700,872,967,984,918,772,552,295,14,-265,-524,-732,-883,-958,-954,236,-735,-521,-269,6,278,521,728,882,965,951,871,730,528,273,-2,-280,-529,-748,-898,-972,-974,-901,-746,-535,-273,10,288,541,749,893,977,989,907,764,553,303,38,-231,-487,-716,-885,-980,-995,-936,-814,-619,-382,-116,176,444,683,879,1003,1053,1023,902,705,469,183,-120,-420,-698,-912,-1063,-1121,-1085,-970,-776,-520,-206,121,433,721,952,1098,1161,1125,998,776,503,186,-148,-461,-741,-964,-1099,-1141,-1093,-955,-736,-465,-159,157,464,726,922,1046,1087,1032,898,689,434,149,-152,-441,-684,-865,-980,-1021,-972,-845,-647,-417,-145,138,395,627,805,909,943,897,783,599,390,155,266,369,0,-338,-487,-68,164,375,569,717,799,826,791,702,562,369,160,-58,-276,-465,-630,-741,-802,-811,-745,-637,-486,-287,-72,152,377,566,721,823,859,838,755,609,419,192,-62,-304,-519,-722,-867,-943,-945,-878,-746,-556,-315,-40,242,517,750,933,1053,1087,1036,896,686,415,100,-233,-544,-828,-1038,-1180,-1220,-1153,-1002,-759,-442,-92,281,619,906,1130,1257,1276,1188,994,723,396,32,-329,-664,-939,-1142,-1259,-1262,-1158,-964,-695,-372,-28,329,654,919,1116,1215,1227,1133,942,682,368,13,-334,-656,-928,-1118,-1213,-1206,-1103,-909,-640,-317,38,384,688,934,1113,1192,1164,1040,831,554,229,-106,-425,1335,-935,-1075,-1129,-1082,-944,-735,-465,-159,159,450,708,916,1035,1065,1004,869,656,387,99,-197,-480,-709,-878,-975,-980,-910,-768,-558,-311,-38,234,471,676,817,885,891,813,674,486,253,1,-231,-446,-622,-738,-798,-788,-720,-600,-429,-230,-25,180,371,530,641,699,710,664,570,432,258,70,-127,-312,-473,-599,-684,-711,-665,-572,-435,-258,-58,152,342,502,627,689,686,623,509,349,163,-31,-223,-400,-525,-603,-623,-585,-503,-375,-218,-42,127,286,418,512,550,533,468,361,226,62,-97,-239,-363,-445,-478,-459,-387,-279,-138,14,162,283,357,379,349,266,154,32,-85,-155,379,174,0,270,366,32,126,214,264,276,242,167,63,-50,-152,-239,-295,-322,-307,-266,-191,-103,-7,91,173,254,305,331,333,301,243,172,85,-16,-119,-223,-308,-371,-424,-424,-392,-325,-216,-95,45,194,340,463,542,578,568,501,379,203,19,-183,-379,-531,-659,-718,-704,-637,-507,-326,-104,121,346,538,684,775,799,755,646,475,260,16,-233,-461,-649,-795,-870,-863,-788,-642,-444,-190,89,345,579,764,888,940,908,795,609,367,101,-183,-452,-677,-852,-954,-975,-900,-762,-549,-277,2,281,546,763,916,988,984,882,709,470,194,-93,-374,-619,-813,-931,-978,-944,-827,-640,-403,-133,143,-351,630,811,925,970,929,814,638,407,130,-151,-408,-637,-828,-945,-981,-934,-817,-636,-397,-132,145,414,653,837,955,993,945,822,641,409,157,-124,-388,-622,-814,-934,-979,-954,-861,-700,-475,-211,67,334,583,789,927,1014,1012,926,776,553,289,2,-291,-564,-787,-959,-1066,-1080,-1009,-854,-630,-356,-41,275,570,821,1017,1131,1139,1063,899,655,360,37,-296,-603,-860,-1039,-1145,-1150,-1059,-881,-633,-328,-9,316,613,855,1019,1105,1097,1010,833,593,313,-3,-312,-592,-816,-966,-1041,-1038,-945,-776,-551,-293,-3,284,544,748,895,978,966,884,731,518,272,10,-253,-491,-682,-805,-887,-286,-104
29118,mtk,MTK 7916,2778970329,rx1-tx1,512,0,0,0,692,697,529,231,-126,-455,-666,-709,-575,-297,63,405,643,716,605,337,-18,-361,-615,-719,-636,-381,-27,336,619,743,676,433,78,-310,-619,-773,-733,-508,-141,264,601,798,793,578,212,-216,-599,-825,-841,-648,-286,157,566,844,916,750,387,-71,-523,-848,-965,-843,-510,-43,443,827,1009,941,637,178,-324,-754,-1003,-999,-751,-317,190,643,940,1008,816,423,-60,-524,-859,-976,-847,-507,-46,415,768,925,844,550,123,-331,-692,-876,-839,-584,-176,273,644,846,839,617,233,-215,-602,-836,-853,-656,-289,149,554,819,876,708,365,-76,-506,-807,-903,-776,-453,-6,447,786,928,0,533,94,-375,-758,-959,-925,-654,-211,287,718,974,996,778,360,-157,-640,-977,-1076,-910,-529,-10,518,928,1114,1032,694,186,-374,-844,-1116,-1124,-862,-379,191,705,1059,1167,990,576,14,-549,-977,-1167,-1077,-722,-194,385,872,1145,1140,856,357,-229,-755,-1102,-1190,-990,-548,32,612,1049,1231,1128,753,191,-413,-917,-1219,-1232,-962,-478,120,700,1113,1263,1129,746,191,-403,-889,-1171,-1180,-927,-470,83,604,975,1117,1007,674,197,-311,-729,-969,-991,-792,-428,19,446,764,902,837,584,216,-187,-542,-773,-821,-693,-432,-94,254,546,724,754,644,424,139,-146,-387,-550,-607,-564,-451,-294,0,0,0,0,0,-23,109,242,363,441,458,391,252,53,-169,-377,-526,-580,-517,-352,-110,164,412,583,636,556,354,63,-246,-505,-660,-677,-544,-284,49,374,621,736,685,470,145,-220,-536,-739,-781,-635,-342,37,414,696,822,762,528,171,-237,-598,-818,-844,-685,-365,53,455,736,853,775,518,140,-268,-606,-802,-811,-628,-297,98,462,707,778,654,376,12,-343,-612,-731,-668,-438,-98,256,540,687,659,468,164,-185,-488,-665,-674,-521,-236,116,438,641,692,570,303,-41,-373,-613,-701,-617,-383,-52,290,562,697,660,467,159,-187,-482,-655,-671,-521,-246,86,388,590,641,528,279,-36,0,-549,-615,-522,-295,8,315,539,621,543,323,14,-301,-540,-646,-589,-377,-64,270,545,688,654,450,127,-224,-528,-709,-704,-519,-207,162,500,711,745,586,280,-106,-473,-726,-794,-660,-352,46,441,738,858,761,468,55,-376,-719,-899,-856,-601,-198,260,661,897,916,721,346,-111,-541,-833,-923,-789,-468,-35,397,731,880,815,547,155,-259,-603,-794,-779,-570,-227,163,504,710,723,555,255,-104,-436,-639,-665,-519,-251,81,392,597,639,517,258,-75,-383,-590,-640,-526,-271,54,365,583,654,554,310,-14,-340,-581,-677,-594,-360,-34,302,559,679,629,417,97,-248,-532,-683,0,0,0,0,0,-197,163,484,680,707,559,271,-91,-432,-661,-716,-595,-322,37,386,630,711,610,353,7,-352,-620,-731,-652,-403,-48,323,619,759,702,463,101,-291,-614,-788,-766,-540,-172,242,600,814,821,615,249,-190,-584,-835,-877,-697,-335,119,553,854,942,796,447,-17,-483,-841,-997,-899,-575,-106,393,795,1006,973,703,257,-256,-704,-975,-1002,-785,-382,117,587,899,986,832,473,-2,-464,-810,-948,-847,-535,-94,368,732,906,839,562,149,-298,-668,-868,-840,-593,-199,243,621,843,849,640,267,-178,-580,-830,-864,-681,-326,116,535,814,888,739,402,-40,-473,-790,-911,-803,-493,-54,0,776,947,883,594,155,-324,-734,-972,-966,-712,-284,220,682,983,1044,845,439,-81,-586,-956,-1104,-978,-612,-96,454,898,1125,1088,787,292,-281,-787,-1102,-1156,-932,-481,86,632,1026,1178,1041,651,103,-468,-926,-1159,-1110,-790,-279,300,814,1126,1168,925,451,-136,-689,-1079,-1216,-1061,-642,-66,526,999,1245,1205,873,334,-277,-822,-1177,-1267,-1072,-618,-26,560,1012,1232,1169,848,337,-244,-759,-1089,-1164,-983,-585,-68,446,846,1054,1014,745,322,-155,-593,-875,-954,-820,-505,-96,316,654,840,836,650,329,-50,-404,-668,-783,-738,-548,-260,70,376,600,704,682,554,347,109,-117,-284,-380,0,0,0,0,0,-325,-343,-308,-214,-64,117,301,445,523,514,406,212,-33,-282,-485,-600,-597,-461,-226,54,334,555,666,629,454,179,-144,-444,-646,-713,-620,-383,-54,290,585,744,733,561,253,-123,-474,-721,-805,-713,-444,-62,335,653,824,810,607,260,-153,-533,-790,-867,-741,-441,-46,353,679,844,804,576,224,-173,-528,-761,-801,-650,-347,33,403,660,750,662,404,51,-301,-577,-717,-672,-457,-132,221,512,677,669,497,198,-149,-461,-655,-684,-546,-271,75,401,628,692,590,346,9,-336,-592,-706,-648,-430,-109,238,527,685,670,497,203,-135,-434,-616,-649,-523,-264,55,352,563,627,0,280,-19,-312,-529,-613,-533,-310,-1,307,544,641,568,350,39,-287,-547,-670,-625,-418,-100,248,538,698,682,488,171,-196,-511,-705,-727,-559,-242,135,483,715,769,622,313,-81,-460,-728,-823,-710,-411,-4,417,741,881,804,533,126,-317,-691,-897,-888,-657,-267,190,606,871,925,758,408,-42,-479,-798,-914,-812,-518,-99,339,677,842,802,568,200,-206,-550,-745,-753,-568,-243,134,458,663,695,544,253,-92,-406,-611,-655,-522,-251,80,385,589,638,514,257,-67,-375,-587,-644,-530,-282,44,361,585,658,570,335,10,-322,-571,-677,-614,-395,-71,276,553,688,649,445,130,0,0
29119,mtk,MTK 7916,2778970329,rx2-tx0,512,0,0,0,636,675,551,286,-50,-380,-621,-703,-611,-374,-46,294,561,691,648,439,120,-225,-511,-674,-663,-483,-187,149,449,635,659,521,254,-82,-395,-598,-650,-544,-306,12,325,549,625,539,318,23,-279,-509,-603,-533,-327,-42,253,485,591,539,341,56,-236,-470,-581,-540,-355,-74,228,471,589,555,369,92,-205,-454,-595,-579,-408,-130,187,458,616,617,459,183,-136,-426,-614,-640,-503,-241,79,381,581,640,536,296,-21,-328,-550,-632,-554,-328,-23,285,516,616,563,363,68,-243,-490,-611,-575,-389,-107,202,461,602,587,421,148,-161,-431,-595,-606,-459,-197,111,394,577,612,0,243,-64,-354,-559,-627,-529,-288,27,337,559,644,567,343,25,-308,-569,-689,-634,-419,-92,260,555,717,697,505,186,-187,-525,-735,-763,-597,-284,105,477,737,823,706,409,8,-398,-714,-862,-792,-524,-129,309,684,895,890,672,285,-184,-616,-900,-976,-822,-471,0,474,843,1016,955,667,224,-281,-717,-986,-1031,-834,-443,42,515,872,1025,940,641,205,-282,-694,-933,-961,-773,-409,39,471,789,921,839,572,187,-231,-593,-811,-840,-684,-380,-5,362,638,768,727,534,227,-122,-429,-634,-701,-621,-418,-139,159,410,571,618,547,379,152,-83,-282,-414,-471,-445,-355,-230,-95,0,0,0,0,0,-141,-56,58,186,305,388,410,365,254,86,-109,-292,-430,-489,-448,-318,-122,104,312,461,519,463,302,77,-168,-382,-514,-535,-433,-228,30,279,468,560,523,362,119,-156,-399,-549,-573,-470,-257,21,296,501,587,537,367,107,-174,-407,-539,-550,-426,-191,77,313,478,523,440,250,-9,-260,-436,-504,-450,-280,-40,206,396,486,452,301,75,-169,-374,-485,-464,-323,-103,150,366,485,483,351,124,-136,-370,-524,-540,-412,-187,88,355,534,587,497,283,-6,-295,-514,-613,-565,-376,-94,214,465,605,597,438,178,-126,-405,-588,-616,-494,-249,52,347,555,622,532,312,17,0,-526,-629,-577,-378,-86,231,494,632,611,443,161,-165,-453,-625,-638,-492,-221,103,403,600,648,537,291,-34,-346,-575,-660,-580,-352,-38,289,546,658,605,401,94,-237,-506,-648,-624,-437,-139,198,482,644,644,478,187,-156,-453,-640,-665,-518,-234,107,424,632,686,568,295,-61,-399,-635,-718,-623,-368,-18,337,605,718,650,422,85,-267,-554,-705,-680,-483,-166,189,495,673,683,518,223,-125,-440,-640,-675,-537,-271,60,376,592,651,548,305,-12,-321,-547,-628,-545,-323,-24,279,512,612,550,340,49,-259,-501,-613,-568,-376,-86,227,485,622,603,431,145,-185,-470,-637,0,0,0,0,0,-236,100,418,628,691,584,334,-5,-344,-592,-698,-638,-415,-86,259,540,685,655,462,156,-183,-478,-655,-668,-512,-227,115,423,617,658,533,274,-41,-346,-571,-647,-550,-315,-8,293,521,615,548,335,38,-260,-491,-595,-534,-339,-55,245,482,588,536,351,77,-229,-475,-588,-554,-371,-86,219,468,598,567,395,115,-201,-465,-606,-596,-430,-151,162,444,617,628,480,210,-116,-413,-604,-651,-527,-274,47,353,569,636,543,309,-6,-311,-531,-623,-559,-345,-40,265,499,610,566,378,88,-231,-485,-609,-579,-406,-131,180,452,605,597,442,177,-132,-410,-587,-611,-478,-226,82,0,565,619,513,267,-47,-344,-555,-630,-545,-315,1,319,563,664,596,375,60,-279,-553,-697,-668,-458,-131,228,540,725,732,560,240,-144,-500,-735,-789,-652,-351,43,439,728,843,755,469,60,-361,-701,-877,-842,-598,-201,254,652,902,933,740,371,-95,-553,-884,-1002,-885,-561,-104,387,792,1018,1007,761,330,-170,-624,-936,-1032,-893,-554,-81,407,790,990,963,712,303,-162,-582,-868,-951,-816,-499,-73,355,690,866,846,639,289,-119,-484,-733,-814,-716,-466,-122,237,537,709,723,586,331,11,-299,-532,-648,-633,-496,-268,0,257,450,550,549,457,291,101,-79,-218,-305,-330,0,0,0,0,0,-232,-300,-329,-306,-224,-93,65,227,366,448,449,367,211,8,-200,-378,-486,-490,-398,-221,12,250,434,523,504,373,158,-100,-332,-494,-547,-481,-307,-61,208,433,557,554,424,195,-79,-342,-523,-586,-515,-320,-43,227,447,570,554,397,159,-121,-371,-517,-536,-438,-232,30,278,454,520,448,265,18,-223,-410,-492,-450,-290,-58,185,375,472,452,308,80,-164,-370,-487,-473,-336,-117,142,368,496,498,379,159,-108,-361,-524,-556,-451,-234,53,333,528,598,531,330,41,-258,-496,-614,-584,-409,-133,174,437,597,614,476,212,-97,-376,-563,-615,-515,-284,19,319,538,624,0,348,50,-256,-504,-634,-604,-415,-122,199,468,623,627,475,197,-133,-423,-611,-647,-520,-262,64,373,589,661,568,329,8,-313,-554,-655,-591,-374,-59,268,521,647,610,416,118,-209,-488,-645,-634,-458,-164,175,471,646,648,492,212,-130,-446,-644,-679,-539,-262,82,406,633,704,590,323,-25,-363,-621,-722,-638,-387,-48,305,582,718,670,454,131,-224,-528,-695,-679,-497,-195,158,471,660,678,534,255,-87,-404,-618,-667,-544,-284,44,354,565,639,545,315,7,-299,-524,-614,-547,-338,-38,271,510,612,555,356,68,-242,-494,-619,-589,-407,-112,212,481,631,626,457,173,0,0
29120,mtk,MTK 7916,2778970329,rx2-tx1,512,0,0,0,-544,-583,-480,-259,25,302,512,602,549,359,85,-207,-450,-588,-583,-442,-191,108,382,555,593,489,266,-17,-299,-509,-592,-528,-334,-62,223,460,588,569,406,142,-156,-421,-588,-619,-491,-240,57,335,548,634,564,370,87,-220,-474,-608,-604,-458,-208,86,350,526,580,494,292,32,-220,-416,-508,-482,-348,-135,104,309,425,442,350,177,-28,-213,-349,-389,-334,-206,-40,127,260,319,296,204,79,-62,-178,-242,-242,-181,-80,30,124,177,182,137,65,-22,-97,-141,-145,-109,-41,24,78,105,98,58,-1,-53,-86,-94,-69,-22,31,80,108,112,77,6,-60,-111,-145,0,-106,-31,55,130,175,181,136,62,-27,-119,-183,-202,-173,-107,-10,84,159,198,189,135,58,-35,-121,-175,-185,-149,-85,-5,74,126,138,120,68,11,-46,-87,-92,-66,-22,39,85,102,85,44,-24,-96,-147,-166,-133,-61,33,135,219,253,225,144,22,-109,-223,-307,-327,-262,-134,21,181,294,343,326,237,90,-79,-240,-343,-364,-309,-187,-26,141,272,339,335,250,108,-55,-201,-303,-324,-276,-178,-38,117,235,298,292,225,109,-34,-171,-261,-285,-252,-165,-46,82,191,262,274,224,119,-1,-110,-199,-254,-257,-212,-132,-29,75,158,206,222,206,161,97,40,0,0,0,0,0,-28,-75,-115,-149,-169,-160,-116,-48,31,111,180,224,233,194,114,13,-91,-182,-241,-255,-220,-140,-26,89,195,265,274,217,123,4,-121,-230,-287,-283,-217,-104,29,154,246,290,273,194,71,-57,-168,-245,-271,-236,-149,-41,63,155,206,208,171,98,10,-67,-124,-144,-131,-94,-35,19,53,69,71,50,26,-2,-23,-20,3,24,32,35,28,-1,-46,-86,-108,-116,-87,-19,61,123,168,189,164,94,-9,-121,-207,-248,-238,-171,-50,93,219,298,314,254,130,-29,-189,-315,-368,-329,-216,-56,130,298,400,409,323,155,-51,-253,-404,-465,-415,-260,-46,179,377,0,489,366,157,-91,-325,-490,-545,-466,-278,-17,252,460,566,545,395,152,-135,-393,-557,-591,-496,-287,-3,282,500,601,560,390,136,-147,-397,-559,-583,-462,-241,34,304,497,565,497,309,53,-207,-414,-518,-490,-348,-130,114,331,459,470,362,173,-56,-266,-409,-440,-362,-195,11,208,354,403,342,195,13,-170,-314,-371,-321,-192,-12,168,299,348,304,178,4,-172,-308,-356,-307,-179,-9,172,315,370,327,192,10,-180,-329,-392,-356,-225,-30,182,345,424,404,274,66,-157,-346,-464,-466,-342,-132,109,333,485,516,427,236,-22,-283,-469,-547,-498,-328,-79,199,432,554,0,0,0,0,0,213,-71,-339,-530,-593,-517,-314,-35,256,484,595,568,405,141,-156,-417,-581,-597,-465,-228,58,330,526,593,516,309,25,-264,-490,-596,-546,-371,-106,189,444,589,596,452,200,-99,-377,-563,-621,-535,-316,-21,276,508,624,596,423,152,-152,-412,-570,-596,-480,-254,20,280,478,549,487,316,82,-167,-371,-476,-465,-349,-164,62,266,398,424,348,192,10,-166,-303,-362,-320,-210,-59,100,222,283,274,199,75,-50,-151,-208,-213,-163,-75,23,102,148,155,116,55,-16,-83,-121,-125,-83,-19,48,89,104,82,38,-19,-71,-98,-97,-69,-26,36,99,131,122,81,20,0,-122,-165,-165,-120,-43,47,123,175,186,152,78,-17,-113,-179,-204,-187,-127,-36,59,142,195,200,156,77,-14,-96,-148,-164,-145,-90,-11,57,101,114,92,44,-10,-59,-86,-89,-51,9,67,111,126,104,43,-40,-130,-189,-207,-180,-98,14,131,227,283,277,202,75,-72,-215,-315,-345,-299,-188,-31,139,276,352,359,285,147,-28,-193,-313,-361,-319,-217,-76,88,238,325,334,272,144,-13,-157,-261,-317,-298,-203,-65,81,213,285,292,241,143,8,-128,-229,-275,-263,-192,-82,44,159,246,275,240,167,63,-52,-155,-222,-250,-234,-184,-111,-28,54,121,152,156,0,0,0,0,0,106,102,80,38,-23,-92,-156,-199,-211,-187,-134,-51,51,145,211,246,230,175,84,-29,-141,-226,-265,-248,-182,-78,42,157,240,279,256,176,56,-79,-196,-269,-287,-249,-159,-31,96,207,277,281,217,122,8,-111,-200,-242,-231,-168,-75,22,109,163,179,152,99,32,-34,-88,-112,-100,-68,-27,5,30,40,35,15,-6,-18,-18,4,32,59,76,74,47,6,-53,-110,-151,-156,-121,-50,38,129,201,234,203,125,10,-113,-217,-282,-276,-205,-84,66,212,313,343,296,176,10,-162,-307,-392,-385,-280,-107,96,285,412,442,370,214,4,-215,-392,-476,-445,-310,0,137,349,480,501,411,216,-38,-289,-483,-565,-507,-333,-78,198,431,558,567,444,220,-59,-334,-534,-609,-540,-347,-69,225,463,584,571,429,188,-99,-361,-533,-579,-486,-284,-22,245,449,542,503,341,90,-167,-372,-488,-486,-364,-154,82,294,429,461,378,193,-36,-244,-376,-409,-343,-197,-4,188,330,378,323,188,10,-172,-310,-361,-313,-183,-4,175,304,351,306,177,7,-176,-308,-350,-302,-179,4,189,319,375,331,200,15,-180,-338,-413,-378,-238,-40,169,350,448,431,307,104,-135,-346,-474,-486,-381,-184,63,308,481,539,472,283,17,-244,-452,-554,-524,-370,-123,0,0
29121,mtk,MTK 7916,2779009479,rx0-tx0,512,0,0,0,0,0,0,0,0,0,0,0,0,0,0,0,0,0,0,0,0,0,0,0,0,0,0,0,0,0,0,0,0,0,0,0,0,0,0,0,0,0,0,0,0,0,0,0,0,0,0,0,0,0,0,0,0,0,0,0,0,0,0,0,0,0,0,0,0,0,0,0,0,0,0,0,0,0,0,0,0,0,0,0,0,0,0,0,0,0,0,0,0,0,0,0,0,0,0,0,0,0,0,0,0,0,0,0,0,0,0,0,0,0,0,0,0,0,0,0,0,0,0,0,0,0,0,0,0,0,0,0,0,0,0,0,0,0,0,0,0,0,0,0,0,0,0,0,0,0,0,0,0,0,0,0,0,0,0,0,0,0,0,0,0,0,0,0,0,0,0,0,0,0,0,0,0,0,0,0,0,0,0,0,0,0,0,0,0,0,0,0,0,0,0,0,0,0,0,0,0,0,0,0,0,0,0,0,0,0,0,0,0,0,0,0,0,0,0,0,0,0,0,0,0,0,0,0,0,0,0,0,0,0,0,0,0,0,0,0,0,0,0,0,0,0,0,0,0,0,0,0,0,0,0,0,0,-273,-1022,-996,165,67,-69,-211,-314,-368,-363,-308,-212,-95,35,156,266,359,413,430,418,363,279,164,23,-116,-251,-368,-473,-535,-554,-532,-457,-339,-194,-34,137,304,455,558,626,653,620,550,432,283,116,-70,-240,-393,-526,-622,-686,-704,-673,-603,-487,-327,-160,26,221,405,572,705,788,818,799,723,590,414,207,-14,-248,-469,-659,-807,-894,-925,-890,-796,-651,-446,-213,40,289,508,706,835,918,945,892,779,611,412,196,-47,-279,-481,-647,-777,-847,-851,-811,-716,-570,-415,-230,-27,163,340,490,605,693,728,721,684,602,496,359,202,36,-135,-295,-446,-567,-667,-715,-729,-710,-1687,-526,-365,-197,-14,169,349,506,624,708,753,755,709,620,497,340,169,-11,-193,-359,-512,-638,-733,-789,-800,-768,-690,-569,-412,-223,-13,208,423,615,783,913,995,998,934,810,632,403,132,-159,-443,-702,-922,-1095,-1184,-1192,-1118,-955,-724,-437,-113,214,541,827,1062,1220,1289,1258,1140,945,681,362,22,-318,-642,-916,-1111,-1232,-1270,-1213,-1074,-857,-580,-260,85,413,711,964,1140,1237,1244,1148,969,710,397,62,-287,-606,-877,-1077,-1189,-1208,-1117,-938,-686,-383,-49,275,579,823,993,1081,1067,968,792,549,263,-46,-355,-623,-845,-987,-1043,-996,-828,-560,-211,192,570,845,973,908,-611,-814,0,0,0,0,0,0,0,0,0,0,0,0,0,0,0,0,0,0,0,0,0,0,0,0,0,0,0,0,0,0,0,0,0,0,0,0,0,0,0,0,0,0,0,0,0,0,0,0,0,0,0,0,0,0,0,0,0,0,0,0,0,0,0,0,0,0,0,0,0,0,0,0,0,0,0,0,0,0,0,0,0,0,0,0,0,0,0,0,0,0,0,0,0,0,0,0,0,0,0,0,0,0,0,0,0,0,0,0,0,0,0,0,0,0,0,0,0,0,0,0,0,0,0,0,0,0,0,0,0,0,0,0,0,0,0,0,0,0,0,0,0,0,0,0,0,0,0,0,0,0,0,0,0,0,0,0,0,0,0,0,0,0,0,0,0,0,0,0,0,0,0,0,0,0,0,0,0,0,0,0,0,0,0,0,0,0,0,0,0,0,0,0,0,0,0,0,0,0,0,0,0,0,0,0,0,0,0,0,0,0,0,0,0,0,0,0,0,0,0,0,0,0,0,0,0,0,0,0,0,0,0,0,0,0,0,0,0,0,0,0,0,0,0,0,0,0,0,0,0,0,0,0,0,0,0,0,-1322,-57,234,-203,-284,-314,-272,-172,-40,99,225,319,375,391,365,310,215,98,-22,-149,-271,-373,-450,-482,-482,-441,-370,-253,-103,53,215,363,485,564,609,603,551,448,305,148,-28,-208,-367,-504,-602,-660,-671,-633,-555,-440,-292,-126,52,229,392,544,655,720,751,728,653,539,380,189,-14,-225,-428,-611,-750,-836,-875,-859,-775,-635,-434,-213,28,270,492,688,837,920,953,900,804,644,433,208,-49,-295,-511,-696,-816,-892,-905,-853,-743,-600,-415,-193,25,237,432,582,688,768,791,761,688,575,439,283,109,-61,-230,-390,-519,-621,-682,-710,-696,-648,-561,-441,-295,-122,45,216,-175,537,654,725,754,739,682,575,435,270,87,-102,-285,-448,-579,-677,-736,-759,-737,-674,-574,-446,-289,-107,84,281,463,619,749,840,885,878,812,700,534,333,87,-176,-425,-657,-856,-1008,-1099,-1112,-1043,-900,-703,-444,-141,169,485,770,1004,1176,1257,1249,1151,970,720,414,73,-272,-590,-875,-1099,-1247,-1289,-1248,-1124,-910,-634,-323,26,367,673,933,1123,1236,1257,1179,1028,802,512,189,-157,-488,-785,-1027,-1173,-1232,-1201,-1067,-857,-574,-251,97,436,733,957,1105,1154,1112,974,754,479,167,-152,-447,-699,-886,-1002,-1032,-970,-818,-595,-309,13,352,662,903,1048,1056,890,590,182,-181,-804,-597
29122,mtk,MTK 7916,2779009479,rx0-tx1,512,0,0,0,0,0,0,0,0,0,0,0,0,0,0,0,0,0,0,0,0,0,0,0,0,0,0,0,0,0,0,0,0,0,0,0,0,0,0,0,0,0,0,0,0,0,0,0,0,0,0,0,0,0,0,0,0,0,0,0,0,0,0,0,0,0,0,0,0,0,0,0,0,0,0,0,0,0,0,0,0,0,0,0,0,0,0,0,0,0,0,0,0,0,0,0,0,0,0,0,0,0,0,0,0,0,0,0,0,0,0,0,0,0,0,0,0,0,0,0,0,0,0,0,0,0,0,0,0,0,0,0,0,0,0,0,0,0,0,0,0,0,0,0,0,0,0,0,0,0,0,0,0,0,0,0,0,0,0,0,0,0,0,0,0,0,0,0,0,0,0,0,0,0,0,0,0,0,0,0,0,0,0,0,0,0,0,0,0,0,0,0,0,0,0,0,0,0,0,0,0,0,0,0,0,0,0,0,0,0,0,0,0,0,0,0,0,0,0,0,0,0,0,0,0,0,0,0,0,0,0,0,0,0,0,0,0,0,0,0,0,0,0,0,0,0,0,0,0,0,0,0,0,0,0,0,0,-730,172,108,-43,78,212,313,357,340,266,151,13,-126,-254,-361,-432,-465,-458,-402,-306,-172,-13,156,318,461,576,639,646,596,496,344,153,-60,-275,-471,-638,-766,-832,-823,-758,-634,-443,-217,24,275,514,721,877,982,1004,950,833,643,409,128,-169,-454,-702,-920,-1073,-1146,-1140,-1054,-883,-652,-375,-71,249,551,818,1031,1183,1251,1224,1116,933,684,386,64,-251,-566,-850,-1087,-1240,-1314,-1298,-1203,-1031,-769,-462,-124,231,556,867,1120,1293,1381,1383,1298,1108,853,530,173,-199,-549,-869,-1131,-1323,-1425,-1426,-1334,-1148,-884,-565,-211,165,525,842,1105,1292,1388,1394,1313,1142,906,607,273,-79,-546,-738,-1005,-1194,-1322,-1364,-1322,-1196,-988,-726,-410,-67,269,597,886,1124,1292,1381,1378,1289,1119,875,575,233,-139,-506,-835,-1109,-1312,-1437,-1465,-1392,-1221,-975,-658,-296,89,470,810,1090,1304,1434,1467,1398,1228,979,676,329,-41,-405,-743,-1018,-1227,-1358,-1397,-1341,-1196,-978,-699,-371,-19,325,643,921,1144,1296,1349,1313,1195,991,715,397,42,-316,-656,-940,-1167,-1309,-1358,-1301,-1146,-913,-610,-259,111,472,805,1073,1239,1319,1295,1151,930,631,277,-91,-445,-752,-992,-1144,-1190,-1134,-980,-746,-459,-147,167,454,695,871,964,970,900,753,542,276,-19,-313,-589,-809,-938,-941,-798,-530,-178,137,272,253,0,0,0,0,0,0,0,0,0,0,0,0,0,0,0,0,0,0,0,0,0,0,0,0,0,0,0,0,0,0,0,0,0,0,0,0,0,0,0,0,0,0,0,0,0,0,0,0,0,0,0,0,0,0,0,0,0,0,0,0,0,0,0,0,0,0,0,0,0,0,0,0,0,0,0,0,0,0,0,0,0,0,0,0,0,0,0,0,0,0,0,0,0,0,0,0,0,0,0,0,0,0,0,0,0,0,0,0,0,0,0,0,0,0,0,0,0,0,0,0,0,0,0,0,0,0,0,0,0,0,0,0,0,0,0,0,0,0,0,0,0,0,0,0,0,0,0,0,0,0,0,0,0,0,0,0,0,0,0,0,0,0,0,0,0,0,0,0,0,0,0,0,0,0,0,0,0,0,0,0,0,0,0,0,0,0,0,0,0,0,0,0,0,0,0,0,0,0,0,0,0,0,0,0,0,0,0,0,0,0,0,0,0,0,0,0,0,0,0,0,0,0,0,0,0,0,0,0,0,0,0,0,0,0,0,0,0,0,0,0,0,0,0,0,0,0,0,0,0,0,0,0,0,0,0,0,-128,-220,-262,238,268,229,126,-12,-157,-280,-368,-405,-397,-346,-251,-131,10,156,295,416,501,546,542,483,385,240,64,-126,-316,-489,-633,-717,-748,-711,-620,-478,-285,-59,172,398,605,773,877,921,897,802,636,425,177,-102,-372,-626,-837,-989,-1078,-1084,-1003,-861,-656,-391,-93,213,512,781,989,1133,1201,1184,1077,900,666,388,64,-264,-578,-847,-1070,-1217,-1276,-1264,-1160,-980,-730,-427,-102,236,562,863,1111,1273,1354,1341,1241,1075,820,512,157,-200,-562,-877,-1130,-1317,-1409,-1409,-1316,-1135,-876,-555,-188,186,549,871,1127,1309,1412,1416,1326,1148,893,582,227,-129,-488,-804,-1065,-1252,-1357,-1385,1197,-1169,-928,-648,-331,11,351,670,942,1153,1303,1360,1338,1238,1056,801,495,154,-201,-536,-849,-1107,-1297,-1411,-1432,-1351,-1182,-932,-625,-268,112,483,821,1099,1316,1445,1479,1402,1228,976,670,316,-66,-440,-781,-1064,-1273,-1402,-1436,-1372,-1211,-975,-677,-341,13,361,686,962,1179,1318,1362,1316,1185,981,714,394,46,-302,-634,-924,-1146,-1290,-1347,-1311,-1180,-965,-685,-348,15,382,717,998,1206,1321,1336,1254,1073,799,470,112,-264,-613,-901,-1127,-1251,-1265,-1169,-979,-711,-389,-43,296,597,842,1006,1078,1052,939,757,513,227,-67,-348,-594,-788,-908,-944,-891,-747,-507,-192,161,491,735,845,804,-41,-109
29123,mtk,MTK 7916,2779009479,rx1-tx0,512,0,0,0,0,0,0,0,0,0,0,0,0,0,0,0,0,0,0,0,0,0,0,0,0,0,0,0,0,0,0,0,0,0,0,0,0,0,0,0,0,0,0,0,0,0,0,0,0,0,0,0,0,0,0,0,0,0,0,0,0,0,0,0,0,0,0,0,0,0,0,0,0,0,0,0,0,0,0,0,0,0,0,0,0,0,0,0,0,0,0,0,0,0,0,0,0,0,0,0,0,0,0,0,0,0,0,0,0,0,0,0,0,0,0,0,0,0,0,0,0,0,0,0,0,0,0,0,0,0,0,0,0,0,0,0,0,0,0,0,0,0,0,0,0,0,0,0,0,0,0,0,0,0,0,0,0,0,0,0,0,0,0,0,0,0,0,0,0,0,0,0,0,0,0,0,0,0,0,0,0,0,0,0,0,0,0,0,0,0,0,0,0,0,0,0,0,0,0,0,0,0,0,0,0,0,0,0,0,0,0,0,0,0,0,0,0,0,0,0,0,0,0,0,0,0,0,0,0,0,0,0,0,0,0,0,0,0,0,0,0,0,0,0,0,0,0,0,0,0,0,0,0,0,0,0,0,146,-513,-237,-118,-146,-138,-92,-24,55,122,170,192,192,172,121,58,-13,-81,-143,-191,-221,-231,-209,-176,-126,-54,23,94,165,221,252,259,240,196,136,70,-6,-71,-134,-188,-227,-230,-217,-190,-145,-103,-50,6,56,102,124,149,155,157,145,125,99,74,50,26,2,-26,-51,-74,-98,-106,-112,-118,-119,-124,-116,-103,-79,-62,-33,1,39,89,132,173,204,225,230,223,202,154,86,14,-78,-163,-236,-301,-341,-358,-339,-298,-225,-141,-32,85,185,280,351,389,404,392,336,259,164,51,-57,-164,-270,-345,-395,-422,-414,-373,-300,-213,-102,11,125,238,323,384,419,424,-144,345,256,146,37,-82,-198,-295,-370,-418,-433,-409,-358,-283,-177,-54,65,172,268,340,386,398,376,326,260,172,71,-30,-125,-211,-276,-325,-346,-337,-297,-244,-176,-88,-6,73,150,204,243,269,280,259,225,177,108,42,-24,-88,-138,-190,-214,-231,-231,-213,-175,-127,-66,-3,52,100,142,175,191,194,176,148,113,64,21,-30,-71,-105,-129,-146,-145,-138,-124,-96,-67,-34,-1,36,77,99,116,134,136,122,95,75,45,0,-42,-70,-91,-112,-127,-125,-107,-86,-65,-21,20,55,91,114,126,121,112,86,43,-1,-48,-87,-113,-133,-127,-97,-54,0,49,80,-1043,-935,0,0,0,0,0,0,0,0,0,0,0,0,0,0,0,0,0,0,0,0,0,0,0,0,0,0,0,0,0,0,0,0,0,0,0,0,0,0,0,0,0,0,0,0,0,0,0,0,0,0,0,0,0,0,0,0,0,0,0,0,0,0,0,0,0,0,0,0,0,0,0,0,0,0,0,0,0,0,0,0,0,0,0,0,0,0,0,0,0,0,0,0,0,0,0,0,0,0,0,0,0,0,0,0,0,0,0,0,0,0,0,0,0,0,0,0,0,0,0,0,0,0,0,0,0,0,0,0,0,0,0,0,0,0,0,0,0,0,0,0,0,0,0,0,0,0,0,0,0,0,0,0,0,0,0,0,0,0,0,0,0,0,0,0,0,0,0,0,0,0,0,0,0,0,0,0,0,0,0,0,0,0,0,0,0,0,0,0,0,0,0,0,0,0,0,0,0,0,0,0,0,0,0,0,0,0,0,0,0,0,0,0,0,0,0,0,0,0,0,0,0,0,0,0,0,0,0,0,0,0,0,0,0,0,0,0,0,0,0,0,0,0,0,0,0,0,0,0,0,0,0,0,0,0,0,0,206,937,1035,-50,6,83,144,179,178,143,86,16,-51,-119,-173,-204,-215,-204,-172,-121,-56,20,94,153,208,239,243,227,191,128,58,-19,-96,-164,-213,-242,-245,-226,-195,-150,-83,-7,53,108,146,170,193,191,178,144,107,74,37,4,-32,-65,-87,-105,-116,-124,-123,-117,-103,-96,-83,-64,-48,-15,9,33,64,91,117,134,153,160,165,159,140,110,70,17,-44,-102,-168,-232,-270,-296,-299,-272,-228,-161,-72,30,132,223,304,361,397,388,352,288,198,95,-12,-131,-245,-329,-388,-416,-413,-391,-327,-234,-139,-23,96,205,298,366,415,421,406,356,274,184,74,-36,147,-260,-353,-408,-433,-428,-382,-318,-224,-113,12,137,236,327,391,423,414,377,314,226,120,9,-97,-192,-270,-333,-366,-364,-344,-291,-214,-133,-39,53,141,215,280,310,304,288,251,200,140,75,-5,-80,-141,-196,-233,-244,-246,-228,-198,-152,-92,-35,28,92,143,180,211,216,205,180,143,98,44,-13,-69,-114,-151,-167,-174,-170,-152,-124,-86,-44,-1,34,77,105,126,134,139,133,110,79,57,29,-8,-52,-80,-101,-124,-132,-122,-104,-80,-51,-13,26,58,80,107,127,121,111,91,58,18,-23,-65,-102,-120,-125,-119,-95,-64,-17,39,79,106,113,94,61,246,526
29124,mtk,MTK 7916,2779009479,rx1-tx1,512,0,0,0,0,0,0,0,0,0,0,0,0,0,0,0,0,0,0,0,0,0,0,0,0,0,0,0,0,0,0,0,0,0,0,0,0,0,0,0,0,0,0,0,0,0,0,0,0,0,0,0,0,0,0,0,0,0,0,0,0,0,0,0,0,0,0,0,0,0,0,0,0,0,0,0,0,0,0,0,0,0,0,0,0,0,0,0,0,0,0,0,0,0,0,0,0,0,0,0,0,0,0,0,0,0,0,0,0,0,0,0,0,0,0,0,0,0,0,0,0,0,0,0,0,0,0,0,0,0,0,0,0,0,0,0,0,0,0,0,0,0,0,0,0,0,0,0,0,0,0,0,0,0,0,0,0,0,0,0,0,0,0,0,0,0,0,0,0,0,0,0,0,0,0,0,0,0,0,0,0,0,0,0,0,0,0,0,0,0,0,0,0,0,0,0,0,0,0,0,0,0,0,0,0,0,0,0,0,0,0,0,0,0,0,0,0,0,0,0,0,0,0,0,0,0,0,0,0,0,0,0,0,0,0,0,0,0,0,0,0,0,0,0,0,0,0,0,0,0,0,0,0,0,0,0,0,-411,57,-242,-61,-72,-76,-70,-55,-29,6,43,76,97,101,85,51,13,-28,-65,-93,-101,-91,-66,-23,23,63,93,104,94,65,26,-18,-58,-83,-86,-76,-53,-24,6,34,55,62,53,33,17,2,-13,-22,-25,-34,-42,-38,-33,-25,-13,2,30,51,62,65,57,34,-3,-43,-80,-100,-104,-79,-40,15,69,114,128,115,79,20,-49,-114,-151,-156,-118,-59,18,93,148,170,152,97,19,-66,-131,-158,-157,-117,-42,36,99,142,154,123,66,-2,-70,-123,-137,-114,-76,-21,44,93,114,105,73,27,-19,-59,-83,-81,-60,-36,-9,24,43,42,36,24,10,5,0,7,13,21,16,-7,-39,-60,-77,-79,-56,-12,40,92,127,140,124,67,-21,-105,-168,-200,-189,-137,-43,73,175,233,242,204,114,-10,-135,-235,-282,-266,-180,-52,92,213,285,296,237,112,-37,-171,-269,-302,-262,-162,-24,119,227,283,275,196,67,-81,-203,-274,-274,-210,-97,37,165,255,280,233,129,-12,-150,-248,-291,-264,-173,-40,104,225,291,288,221,105,-40,-176,-270,-300,-261,-163,-40,86,199,266,271,211,110,-13,-130,-218,-250,-225,-153,-51,56,145,198,204,161,88,0,-90,-160,-190,-172,-118,-38,50,127,180,206,189,132,57,-18,-86,-139,-176,812,602,0,0,0,0,0,0,0,0,0,0,0,0,0,0,0,0,0,0,0,0,0,0,0,0,0,0,0,0,0,0,0,0,0,0,0,0,0,0,0,0,0,0,0,0,0,0,0,0,0,0,0,0,0,0,0,0,0,0,0,0,0,0,0,0,0,0,0,0,0,0,0,0,0,0,0,0,0,0,0,0,0,0,0,0,0,0,0,0,0,0,0,0,0,0,0,0,0,0,0,0,0,0,0,0,0,0,0,0,0,0,0,0,0,0,0,0,0,0,0,0,0,0,0,0,0,0,0,0,0,0,0,0,0,0,0,0,0,0,0,0,0,0,0,0,0,0,0,0,0,0,0,0,0,0,0,0,0,0,0,0,0,0,0,0,0,0,0,0,0,0,0,0,0,0,0,0,0,0,0,0,0,0,0,0,0,0,0,0,0,0,0,0,0,0,0,0,0,0,0,0,0,0,0,0,0,0,0,0,0,0,0,0,0,0,0,0,0,0,0,0,0,0,0,0,0,0,0,0,0,0,0,0,0,0,0,0,0,0,0,0,0,0,0,0,0,0,0,0,0,0,0,0,0,0,0,0,-92,-1057,-1043,15,-2,-22,-46,-70,-88,-96,-82,-55,-23,12,51,81,95,96,76,38,-7,-51,-87,-103,-102,-85,-48,-5,40,81,100,95,77,45,6,-30,-61,-73,-70,-56,-35,-9,13,31,45,50,42,25,15,11,4,-13,-28,-35,-41,-45,-45,-30,-4,24,44,70,82,73,49,10,-37,-78,-111,-122,-102,-59,-1,65,118,145,138,103,40,-39,-109,-151,-155,-132,-80,-3,80,141,166,152,102,33,-46,-110,-148,-150,-119,-61,12,86,131,144,122,71,0,-64,-105,-124,-113,-74,-21,35,78,93,87,64,29,-7,-42,-65,-67,-49,-28,-6,8,16,16,12,0,16,11,21,41,50,48,34,1,-44,-86,-111,-112,-89,-35,34,103,155,174,154,99,7,-90,-168,-222,-228,-170,-70,44,159,244,273,236,143,15,-119,-233,-293,-284,-210,-83,62,190,276,299,251,140,-5,-143,-249,-297,-274,-181,-39,104,219,281,278,201,80,-60,-185,-268,-278,-219,-108,29,160,251,286,250,144,3,-135,-241,-295,-279,-197,-67,75,201,279,292,239,137,2,-136,-238,-286,-272,-198,-84,47,165,240,263,227,139,29,-85,-180,-223,-216,-162,-75,25,117,174,190,167,103,13,-78,-149,-185,-182,-140,-69,11,90,160,206,214,187,140,75,-648,-854
29125,mtk,MTK 7916,2779009479,rx2-tx0,512,0,0,0,0,0,0,0,0,0,0,0,0,0,0,0,0,0,0,0,0,0,0,0,0,0,0,0,0,0,0,0,0,0,0,0,0,0,0,0,0,0,0,0,0,0,0,0,0,0,0,0,0,0,0,0,0,0,0,0,0,0,0,0,0,0,0,0,0,0,0,0,0,0,0,0,0,0,0,0,0,0,0,0,0,0,0,0,0,0,0,0,0,0,0,0,0,0,0,0,0,0,0,0,0,0,0,0,0,0,0,0,0,0,0,0,0,0,0,0,0,0,0,0,0,0,0,0,0,0,0,0,0,0,0,0,0,0,0,0,0,0,0,0,0,0,0,0,0,0,0,0,0,0,0,0,0,0,0,0,0,0,0,0,0,0,0,0,0,0,0,0,0,0,0,0,0,0,0,0,0,0,0,0,0,0,0,0,0,0,0,0,0,0,0,0,0,0,0,0,0,0,0,0,0,0,0,0,0,0,0,0,0,0,0,0,0,0,0,0,0,0,0,0,0,0,0,0,0,0,0,0,0,0,0,0,0,0,0,0,0,0,0,0,0,0,0,0,0,0,0,0,0,0,0,0,0,-136,657,355,-42,-31,-11,10,30,53,70,75,63,44,21,-6,-31,-51,-61,-62,-51,-30,-4,22,44,56,57,51,39,21,-3,-28,-47,-60,-64,-57,-42,-17,19,53,79,92,87,66,26,-25,-74,-112,-128,-121,-85,-24,45,108,156,170,144,79,-11,-102,-172,-204,-189,-126,-26,80,179,243,238,175,67,-63,-187,-267,-280,-223,-106,39,186,285,311,258,142,-21,-183,-308,-360,-319,-192,-17,170,321,397,371,253,59,-154,-325,-421,-416,-303,-109,109,307,427,445,347,164,-63,-277,-423,-465,-391,-209,27,255,412,465,403,239,6,-225,-401,-466,-416,-260,-36,202,389,0,440,288,58,-189,-387,-488,-468,-327,-98,161,383,507,499,368,146,-119,-356,-511,-535,-420,-203,61,317,504,563,475,271,6,-260,-472,-569,-521,-346,-92,183,416,548,548,418,190,-80,-328,-497,-546,-463,-271,-22,223,413,500,467,326,117,-113,-309,-427,-443,-353,-182,23,215,346,390,343,217,48,-122,-260,-333,-326,-232,-89,70,200,279,287,230,119,-16,-142,-230,-257,-220,-137,-24,98,193,239,231,168,66,-47,-151,-222,-241,-203,-122,-18,94,182,231,229,176,90,-10,-107,-182,-219,-210,-161,-76,21,111,179,212,206,164,97,13,-69,-139,-182,-196,-185,-151,1159,1081,0,0,0,0,0,0,0,0,0,0,0,0,0,0,0,0,0,0,0,0,0,0,0,0,0,0,0,0,0,0,0,0,0,0,0,0,0,0,0,0,0,0,0,0,0,0,0,0,0,0,0,0,0,0,0,0,0,0,0,0,0,0,0,0,0,0,0,0,0,0,0,0,0,0,0,0,0,0,0,0,0,0,0,0,0,0,0,0,0,0,0,0,0,0,0,0,0,0,0,0,0,0,0,0,0,0,0,0,0,0,0,0,0,0,0,0,0,0,0,0,0,0,0,0,0,0,0,0,0,0,0,0,0,0,0,0,0,0,0,0,0,0,0,0,0,0,0,0,0,0,0,0,0,0,0,0,0,0,0,0,0,0,0,0,0,0,0,0,0,0,0,0,0,0,0,0,0,0,0,0,0,0,0,0,0,0,0,0,0,0,0,0,0,0,0,0,0,0,0,0,0,0,0,0,0,0,0,0,0,0,0,0,0,0,0,0,0,0,0,0,0,0,0,0,0,0,0,0,0,0,0,0,0,0,0,0,0,0,0,0,0,0,0,0,0,0,0,0,0,0,0,0,0,0,0,0,1335,-935,-1075,-45,-58,-68,-73,-67,-48,-24,0,26,52,65,64,55,39,15,-12,-36,-53,-59,-57,-45,-24,-1,23,44,56,59,52,39,12,-16,-43,-64,-77,-78,-68,-44,-4,37,78,103,111,94,56,0,-58,-113,-147,-147,-114,-50,31,106,162,185,163,101,11,-91,-177,-222,-214,-146,-41,77,182,251,261,201,86,-55,-185,-275,-302,-251,-128,33,188,300,333,286,173,5,-178,-318,-377,-341,-219,-35,163,327,415,402,279,79,-138,-327,-437,-441,-335,-146,83,296,432,462,376,190,-40,-258,-415,-462,-392,-225,1,232,402,467,412,250,21,-215,-393,-476,-433,-278,0,196,391,488,458,307,80,-166,-377,-500,-490,-350,-120,146,375,509,521,402,177,-93,-344,-509,-545,-451,-247,28,294,484,559,503,319,56,-218,-442,-559,-541,-388,-146,130,375,525,547,439,229,-28,-273,-453,-522,-470,-307,-75,164,354,463,462,347,152,-69,-264,-392,-414,-342,-201,-16,170,303,359,329,225,69,-97,-230,-306,-307,-235,-109,42,172,255,275,229,133,7,-120,-211,-249,-229,-157,-48,72,177,232,234,185,97,-17,-126,-207,-241,-224,-155,-50,60,152,211,225,198,130,35,-70,-156,-207,-219,-189,-120,-32,58,133,189,215,206,161,99,33,-29,-90,-106,-425
29126,mtk,MTK 7916,2779009479,rx2-tx1,512,0,0,0,0,0,0,0,0,0,0,0,0,0,0,0,0,0,0,0,0,0,0,0,0,0,0,0,0,0,0,0,0,0,0,0,0,0,0,0,0,0,0,0,0,0,0,0,0,0,0,0,0,0,0,0,0,0,0,0,0,0,0,0,0,0,0,0,0,0,0,0,0,0,0,0,0,0,0,0,0,0,0,0,0,0,0,0,0,0,0,0,0,0,0,0,0,0,0,0,0,0,0,0,0,0,0,0,0,0,0,0,0,0,0,0,0,0,0,0,0,0,0,0,0,0,0,0,0,0,0,0,0,0,0,0,0,0,0,0,0,0,0,0,0,0,0,0,0,0,0,0,0,0,0,0,0,0,0,0,0,0,0,0,0,0,0,0,0,0,0,0,0,0,0,0,0,0,0,0,0,0,0,0,0,0,0,0,0,0,0,0,0,0,0,0,0,0,0,0,0,0,0,0,0,0,0,0,0,0,0,0,0,0,0,0,0,0,0,0,0,0,0,0,0,0,0,0,0,0,0,0,0,0,0,0,0,0,0,0,0,0,0,0,0,0,0,0,0,0,0,0,0,0,0,0,0,236,-735,-521,-50,-44,-29,-6,20,41,62,76,76,62,35,-1,-39,-69,-84,-82,-61,-22,19,57,85,97,81,40,-5,-51,-95,-115,-104,-65,-5,57,104,126,124,84,15,-56,-106,-138,-138,-98,-23,52,117,156,149,98,21,-69,-144,-189,-190,-129,-23,84,178,233,225,150,41,-89,-215,-288,-283,-199,-57,101,234,321,338,258,99,-85,-249,-367,-393,-316,-156,52,250,384,435,371,211,-7,-219,-393,-473,-425,-271,-54,186,376,477,465,333,111,-138,-352,-473,-473,-359,-158,86,307,440,470,387,199,-42,-260,-411,-453,-378,-217,-2,214,375,427,362,203,2,-198,-348,0,-332,-189,3,200,336,375,321,176,-17,-202,-341,-387,-326,-182,8,199,342,390,332,186,-1,-191,-343,-408,-359,-217,-25,170,317,393,371,244,56,-140,-296,-374,-361,-261,-93,93,252,342,337,250,103,-63,-202,-285,-296,-236,-117,28,157,237,257,206,104,-19,-131,-200,-207,-157,-76,17,107,166,174,136,66,-26,-113,-160,-158,-116,-47,37,107,148,152,114,49,-26,-93,-133,-140,-114,-55,17,74,112,122,101,58,3,-54,-88,-96,-85,-56,-17,32,68,80,71,50,13,-30,-59,-67,-57,-31,1,29,54,56,44,25,-1,-32,-63,-81,-79,-60,-36,-5,-958,-954,0,0,0,0,0,0,0,0,0,0,0,0,0,0,0,0,0,0,0,0,0,0,0,0,0,0,0,0,0,0,0,0,0,0,0,0,0,0,0,0,0,0,0,0,0,0,0,0,0,0,0,0,0,0,0,0,0,0,0,0,0,0,0,0,0,0,0,0,0,0,0,0,0,0,0,0,0,0,0,0,0,0,0,0,0,0,0,0,0,0,0,0,0,0,0,0,0,0,0,0,0,0,0,0,0,0,0,0,0,0,0,0,0,0,0,0,0,0,0,0,0,0,0,0,0,0,0,0,0,0,0,0,0,0,0,0,0,0,0,0,0,0,0,0,0,0,0,0,0,0,0,0,0,0,0,0,0,0,0,0,0,0,0,0,0,0,0,0,0,0,0,0,0,0,0,0,0,0,0,0,0,0,0,0,0,0,0,0,0,0,0,0,0,0,0,0,0,0,0,0,0,0,0,0,0,0,0,0,0,0,0,0,0,0,0,0,0,0,0,0,0,0,0,0,0,0,0,0,0,0,0,0,0,0,0,0,0,0,0,0,0,0,0,0,0,0,0,0,0,0,0,0,0,0,0,0,-351,630,811,-19,-39,-56,-69,-74,-64,-44,-16,17,48,70,77,71,52,18,-26,-66,-87,-87,-66,-29,12,51,89,110,98,57,0,-57,-99,-120,-116,-78,-14,55,108,140,134,86,22,-50,-119,-152,-139,-97,-24,63,140,176,164,106,22,-77,-165,-218,-208,-140,-35,86,196,258,251,176,50,-98,-227,-302,-301,-223,-84,86,248,349,357,279,123,-68,-250,-378,-405,-332,-180,24,237,395,452,399,247,28,-198,-386,-479,-447,-300,-81,163,370,488,481,350,133,-112,-327,-460,-483,-384,-185,54,278,428,464,385,213,-15,-238,-388,-436,-368,-210,-3,212,361,408,346,191,0,-204,-341,-393,-334,-180,12,197,337,390,329,178,-11,-199,-340,-394,-340,-196,3,201,343,398,357,216,12,-187,-335,-400,-363,-237,-49,157,313,384,363,252,70,-122,-275,-359,-350,-257,-105,75,234,321,317,243,113,-42,-180,-265,-277,-219,-108,25,143,221,238,189,95,-22,-118,-176,-190,-153,-66,30,110,160,169,124,47,-36,-112,-157,-162,-117,-46,31,96,141,143,108,47,-23,-83,-123,-131,-107,-54,7,65,103,117,98,55,4,-45,-76,-92,-82,-48,-11,21,49,65,64,41,12,-22,-43,-52,-50,-34,-2,31,55,64,56,32,-1,-30,-53,-72,-78,-133,143
29127,mtk,MTK 7916,2779044263,rx0-tx0,512,0,0,0,0,0,0,0,0,0,0,0,0,0,0,0,0,0,0,0,0,0,0,0,0,0,0,0,0,0,0,0,0,0,0,0,0,0,0,0,0,0,0,0,0,0,0,0,0,0,0,0,0,0,0,0,0,0,0,0,0,0,0,0,0,0,0,0,0,0,0,0,0,0,0,0,0,0,0,0,0,0,0,0,0,0,0,0,0,0,0,0,0,0,0,0,0,0,0,0,0,0,0,0,0,0,0,0,0,0,0,0,0,0,0,0,0,0,0,0,0,0,0,0,0,0,0,0,0,0,0,0,0,0,0,0,0,0,0,0,0,0,0,0,0,0,0,0,0,0,0,0,0,0,0,0,0,0,0,0,0,0,0,0,0,0,0,0,0,0,0,0,0,0,0,0,0,0,0,0,0,0,0,0,0,0,0,0,0,0,0,0,0,0,0,0,0,0,0,0,0,0,0,0,0,0,0,0,0,0,0,0,0,0,0,0,0,0,0,0,0,0,0,0,0,0,0,0,0,0,0,0,0,0,0,0,0,0,0,0,0,0,0,0,0,0,0,0,0,0,0,0,0,0,0,0,0,-273,-1022,-996,-112,-4,142,270,346,360,307,207,77,-60,-190,-303,-378,-417,-411,-361,-275,-151,-11,140,278,398,487,529,518,456,347,196,26,-154,-331,-474,-577,-632,-631,-563,-446,-295,-104,92,279,443,570,654,687,661,582,453,296,107,-90,-281,-463,-613,-714,-769,-756,-688,-566,-390,-176,58,294,509,691,816,870,872,799,649,440,195,-73,-338,-572,-765,-905,-959,-932,-826,-665,-444,-174,100,359,591,771,880,917,884,784,613,394,157,-87,-318,-517,-671,-764,-799,-767,-686,-562,-401,-217,-23,166,337,473,583,652,673,653,593,490,362,209,39,-127,-288,-431,-552,-636,-677,-667,-1687,-528,-383,-221,-33,156,340,495,622,701,730,706,634,512,362,176,-16,-207,-391,-545,-665,-745,-772,-750,-685,-558,-386,-190,28,255,466,659,812,898,930,898,790,607,369,103,-179,-469,-730,-934,-1069,-1124,-1087,-952,-739,-466,-135,210,543,842,1064,1208,1242,1172,1001,748,428,72,-286,-623,-908,-1119,-1240,-1243,-1147,-958,-688,-358,-3,355,678,937,1124,1210,1193,1081,874,600,263,-100,-446,-756,-1003,-1157,-1205,-1138,-967,-712,-393,-38,322,643,900,1068,1127,1074,923,684,381,49,-283,-571,-800,-947,-998,-946,-809,-591,-318,-12,292,571,796,938,963,861,637,303,-87,-458,-730,-826,-611,-814,0,0,0,0,0,0,0,0,0,0,0,0,0,0,0,0,0,0,0,0,0,0,0,0,0,0,0,0,0,0,0,0,0,0,0,0,0,0,0,0,0,0,0,0,0,0,0,0,0,0,0,0,0,0,0,0,0,0,0,0,0,0,0,0,0,0,0,0,0,0,0,0,0,0,0,0,0,0,0,0,0,0,0,0,0,0,0,0,0,0,0,0,0,0,0,0,0,0,0,0,0,0,0,0,0,0,0,0,0,0,0,0,0,0,0,0,0,0,0,0,0,0,0,0,0,0,0,0,0,0,0,0,0,0,0,0,0,0,0,0,0,0,0,0,0,0,0,0,0,0,0,0,0,0,0,0,0,0,0,0,0,0,0,0,0,0,0,0,0,0,0,0,0,0,0,0,0,0,0,0,0,0,0,0,0,0,0,0,0,0,0,0,0,0,0,0,0,0,0,0,0,0,0,0,0,0,0,0,0,0,0,0,0,0,0,0,0,0,0,0,0,0,0,0,0,0,0,0,0,0,0,0,0,0,0,0,0,0,0,0,0,0,0,0,0,0,0,0,0,0,0,0,0,0,0,0,-1322,-57,234,225,286,282,204,76,-77,-218,-322,-380,-388,-352,-270,-159,-27,116,244,355,429,466,458,402,308,172,15,-151,-307,-449,-548,-590,-583,-512,-392,-240,-62,135,325,474,594,654,658,606,504,361,189,-1,-198,-381,-530,-643,-707,-712,-671,-577,-425,-247,-38,176,380,564,708,797,824,788,686,524,306,68,-179,-429,-651,-811,-910,-935,-880,-751,-563,-326,-56,215,468,681,854,941,942,878,742,540,290,28,-229,-466,-660,-789,-849,-855,-790,-667,-491,-285,-64,155,346,510,631,702,725,697,620,508,365,193,20,-146,-305,-444,-554,-634,-662,-649,-596,-505,-380,-225,-50,132,-175,471,589,669,708,699,631,521,371,194,3,-187,-367,-523,-640,-719,-742,-716,-641,-521,-363,-183,16,213,404,585,716,803,840,812,731,603,404,171,-75,-328,-573,-787,-939,-1021,-1034,-962,-798,-562,-282,24,348,647,902,1087,1187,1180,1081,885,614,282,-82,-436,-753,-1006,-1179,-1255,-1222,-1087,-858,-561,-212,153,496,795,1031,1178,1227,1180,1024,786,484,141,-208,-545,-837,-1055,-1186,-1205,-1120,-942,-677,-346,14,374,695,950,1113,1177,1121,962,717,400,50,-294,-603,-848,-1002,-1061,-1010,-864,-641,-357,-41,269,546,766,905,956,905,760,529,228,-116,-452,-740,-930,-964,-825,-524,-180,-804,-597
29128,mtk,MTK 7916,2779044263,rx0-tx1,512,0,0,0,0,0,0,0,0,0,0,0,0,0,0,0,0,0,0,0,0,0,0,0,0,0,0,0,0,0,0,0,0,0,0,0,0,0,0,0,0,0,0,0,0,0,0,0,0,0,0,0,0,0,0,0,0,0,0,0,0,0,0,0,0,0,0,0,0,0,0,0,0,0,0,0,0,0,0,0,0,0,0,0,0,0,0,0,0,0,0,0,0,0,0,0,0,0,0,0,0,0,0,0,0,0,0,0,0,0,0,0,0,0,0,0,0,0,0,0,0,0,0,0,0,0,0,0,0,0,0,0,0,0,0,0,0,0,0,0,0,0,0,0,0,0,0,0,0,0,0,0,0,0,0,0,0,0,0,0,0,0,0,0,0,0,0,0,0,0,0,0,0,0,0,0,0,0,0,0,0,0,0,0,0,0,0,0,0,0,0,0,0,0,0,0,0,0,0,0,0,0,0,0,0,0,0,0,0,0,0,0,0,0,0,0,0,0,0,0,0,0,0,0,0,0,0,0,0,0,0,0,0,0,0,0,0,0,0,0,0,0,0,0,0,0,0,0,0,0,0,0,0,0,0,0,0,-730,172,108,-17,-148,-271,-338,-336,-262,-140,10,158,291,389,438,443,398,303,169,9,-165,-331,-470,-565,-608,-595,-513,-374,-179,36,259,468,638,747,792,765,662,491,263,4,-257,-507,-718,-867,-945,-944,-849,-687,-454,-168,127,432,700,909,1057,1106,1058,929,719,441,111,-227,-547,-826,-1036,-1174,-1216,-1148,-987,-748,-445,-103,264,598,888,1112,1247,1284,1218,1062,815,503,147,-221,-583,-894,-1133,-1290,-1354,-1305,-1149,-900,-590,-229,161,541,873,1149,1336,1405,1374,1236,988,663,294,-110,-503,-854,-1145,-1345,-1440,-1421,-1287,-1041,-730,-355,51,448,812,1108,1314,1415,1412,1303,1090,777,422,44,-546,-721,-1023,-1238,-1369,-1400,-1321,-1139,-871,-547,-170,206,572,900,1156,1338,1412,1375,1231,1002,687,324,-70,-461,-819,-1125,-1336,-1447,-1442,-1324,-1106,-798,-417,-13,399,776,1089,1321,1445,1445,1341,1134,833,469,66,-331,-701,-1011,-1242,-1374,-1390,-1302,-1116,-841,-509,-142,234,588,893,1127,1276,1326,1276,1129,894,583,236,-137,-504,-828,-1085,-1256,-1335,-1301,-1152,-910,-591,-220,175,555,890,1147,1305,1346,1264,1073,784,420,16,-390,-754,-1039,-1224,-1295,-1240,-1060,-782,-430,-47,327,661,924,1088,1134,1069,898,647,338,6,-308,-590,-802,-930,-963,-899,-739,-497,-191,142,466,742,915,933,780,480,152,272,253,0,0,0,0,0,0,0,0,0,0,0,0,0,0,0,0,0,0,0,0,0,0,0,0,0,0,0,0,0,0,0,0,0,0,0,0,0,0,0,0,0,0,0,0,0,0,0,0,0,0,0,0,0,0,0,0,0,0,0,0,0,0,0,0,0,0,0,0,0,0,0,0,0,0,0,0,0,0,0,0,0,0,0,0,0,0,0,0,0,0,0,0,0,0,0,0,0,0,0,0,0,0,0,0,0,0,0,0,0,0,0,0,0,0,0,0,0,0,0,0,0,0,0,0,0,0,0,0,0,0,0,0,0,0,0,0,0,0,0,0,0,0,0,0,0,0,0,0,0,0,0,0,0,0,0,0,0,0,0,0,0,0,0,0,0,0,0,0,0,0,0,0,0,0,0,0,0,0,0,0,0,0,0,0,0,0,0,0,0,0,0,0,0,0,0,0,0,0,0,0,0,0,0,0,0,0,0,0,0,0,0,0,0,0,0,0,0,0,0,0,0,0,0,0,0,0,0,0,0,0,0,0,0,0,0,0,0,0,0,0,0,0,0,0,0,0,0,0,0,0,0,0,0,0,0,0,-128,-220,-262,-241,-237,-157,-21,131,270,362,397,376,305,190,46,-104,-252,-384,-472,-520,-513,-446,-330,-169,17,215,402,562,666,707,685,588,424,208,-27,-274,-501,-692,-820,-873,-850,-747,-572,-340,-72,212,485,721,909,1010,1024,959,799,574,294,-28,-347,-636,-888,-1072,-1163,-1154,-1048,-850,-586,-270,79,421,725,977,1156,1253,1243,1116,911,628,291,-65,-424,-750,-1019,-1209,-1304,-1298,-1191,-983,-701,-368,2,384,735,1024,1232,1359,1377,1282,1081,804,448,59,-327,-701,-1022,-1253,-1394,-1430,-1344,-1152,-868,-512,-117,286,674,1000,1243,1399,1441,1368,1187,911,563,184,-211,-588,-929,-1186,-1338,-1408,1197,-1217,-962,-651,-289,95,473,811,1082,1280,1383,1376,1275,1067,786,439,54,-338,-695,-1004,-1242,-1388,-1435,-1366,-1193,-919,-571,-180,227,625,969,1248,1416,1471,1421,1251,982,639,237,-172,-560,-910,-1186,-1369,-1439,-1393,-1239,-989,-667,-295,97,466,803,1078,1262,1351,1336,1214,1002,719,379,15,-350,-687,-979,-1190,-1305,-1323,-1230,-1038,-768,-438,-65,327,686,986,1210,1331,1337,1228,1015,712,339,-67,-462,-813,-1094,-1276,-1338,-1272,-1087,-803,-451,-55,343,702,985,1165,1229,1165,991,725,389,30,-321,-627,-858,-1002,-1034,-968,-812,-575,-294,19,325,599,813,934,942,834,607,277,-111,-472,-721,-798,-41,-109
29129,mtk,MTK 7916,2779044263,rx1-tx0,512,0,0,0,0,0,0,0,0,0,0,0,0,0,0,0,0,0,0,0,0,0,0,0,0,0,0,0,0,0,0,0,0,0,0,0,0,0,0,0,0,0,0,0,0,0,0,0,0,0,0,0,0,0,0,0,0,0,0,0,0,0,0,0,0,0,0,0,0,0,0,0,0,0,0,0,0,0,0,0,0,0,0,0,0,0,0,0,0,0,0,0,0,0,0,0,0,0,0,0,0,0,0,0,0,0,0,0,0,0,0,0,0,0,0,0,0,0,0,0,0,0,0,0,0,0,0,0,0,0,0,0,0,0,0,0,0,0,0,0,0,0,0,0,0,0,0,0,0,0,0,0,0,0,0,0,0,0,0,0,0,0,0,0,0,0,0,0,0,0,0,0,0,0,0,0,0,0,0,0,0,0,0,0,0,0,0,0,0,0,0,0,0,0,0,0,0,0,0,0,0,0,0,0,0,0,0,0,0,0,0,0,0,0,0,0,0,0,0,0,0,0,0,0,0,0,0,0,0,0,0,0,0,0,0,0,0,0,0,0,0,0,0,0,0,0,0,0,0,0,0,0,0,0,0,0,0,146,-513,-237,144,170,151,80,-16,-109,-182,-225,-227,-202,-146,-68,14,96,169,222,253,256,223,171,94,2,-88,-174,-233,-264,-282,-264,-225,-163,-79,9,92,165,233,273,278,254,213,161,95,22,-49,-113,-165,-207,-232,-240,-224,-199,-162,-109,-55,7,66,117,174,205,227,242,233,206,169,115,49,-22,-86,-151,-211,-263,-294,-306,-289,-261,-204,-126,-45,60,167,254,322,378,413,401,359,283,169,38,-96,-234,-363,-458,-505,-509,-476,-388,-270,-134,24,186,336,453,528,556,536,466,356,220,68,-99,-260,-398,-495,-551,-566,-528,-439,-313,-163,-3,161,307,429,511,557,-144,492,393,261,102,-61,-216,-355,-458,-524,-550,-517,-440,-322,-180,-29,124,261,372,453,485,488,438,352,245,106,-30,-158,-267,-353,-415,-426,-407,-361,-272,-172,-65,56,162,257,315,347,357,332,286,210,124,30,-65,-142,-208,-267,-293,-285,-268,-233,-171,-93,-18,62,136,189,223,237,231,210,167,110,59,-1,-55,-103,-144,-167,-174,-174,-165,-138,-102,-58,-9,28,73,108,138,160,158,149,128,97,57,9,-49,-88,-121,-150,-161,-161,-140,-104,-66,-8,54,105,144,165,167,144,109,64,15,-43,-95,-131,-152,-149,-127,-94,-43,12,62,106,123,113,80,43,-1043,-935,0,0,0,0,0,0,0,0,0,0,0,0,0,0,0,0,0,0,0,0,0,0,0,0,0,0,0,0,0,0,0,0,0,0,0,0,0,0,0,0,0,0,0,0,0,0,0,0,0,0,0,0,0,0,0,0,0,0,0,0,0,0,0,0,0,0,0,0,0,0,0,0,0,0,0,0,0,0,0,0,0,0,0,0,0,0,0,0,0,0,0,0,0,0,0,0,0,0,0,0,0,0,0,0,0,0,0,0,0,0,0,0,0,0,0,0,0,0,0,0,0,0,0,0,0,0,0,0,0,0,0,0,0,0,0,0,0,0,0,0,0,0,0,0,0,0,0,0,0,0,0,0,0,0,0,0,0,0,0,0,0,0,0,0,0,0,0,0,0,0,0,0,0,0,0,0,0,0,0,0,0,0,0,0,0,0,0,0,0,0,0,0,0,0,0,0,0,0,0,0,0,0,0,0,0,0,0,0,0,0,0,0,0,0,0,0,0,0,0,0,0,0,0,0,0,0,0,0,0,0,0,0,0,0,0,0,0,0,0,0,0,0,0,0,0,0,0,0,0,0,0,0,0,0,0,0,206,937,1035,41,-32,-126,-195,-218,-194,-136,-54,34,116,189,229,239,224,181,115,35,-57,-137,-203,-255,-273,-263,-225,-156,-81,6,97,174,239,278,281,257,220,161,77,-12,-88,-152,-208,-240,-253,-245,-218,-173,-118,-58,2,62,119,166,203,222,229,218,205,167,110,54,-9,-75,-135,-188,-235,-263,-264,-251,-223,-176,-120,-51,30,111,190,267,316,348,361,336,283,206,116,-7,-135,-244,-350,-428,-463,-465,-425,-346,-226,-85,59,216,360,453,524,546,520,442,323,175,14,-153,-304,-429,-514,-562,-559,-501,-398,-264,-115,48,217,361,469,532,555,534,469,357,216,59,147,-268,-395,-500,-554,-558,-511,-424,-297,-156,7,171,312,429,497,527,511,446,347,213,72,-75,-217,-322,-408,-460,-459,-423,-356,-264,-151,-19,101,215,310,363,397,388,350,281,187,93,-9,-106,-200,-267,-305,-324,-310,-276,-225,-158,-67,15,87,166,222,255,267,257,227,170,109,39,-30,-96,-153,-189,-207,-212,-188,-161,-119,-73,-25,22,71,108,136,155,156,155,145,114,86,36,-8,-49,-95,-128,-156,-166,-157,-131,-103,-58,-8,41,95,130,154,170,155,126,85,34,-21,-73,-113,-143,-157,-156,-128,-85,-34,21,68,114,142,142,126,82,26,-31,-75,-95,246,526
29130,mtk,MTK 7916,2779044263,rx1-tx1,512,0,0,0,0,0,0,0,0,0,0,0,0,0,0,0,0,0,0,0,0,0,0,0,0,0,0,0,0,0,0,0,0,0,0,0,0,0,0,0,0,0,0,0,0,0,0,0,0,0,0,0,0,0,0,0,0,0,0,0,0,0,0,0,0,0,0,0,0,0,0,0,0,0,0,0,0,0,0,0,0,0,0,0,0,0,0,0,0,0,0,0,0,0,0,0,0,0,0,0,0,0,0,0,0,0,0,0,0,0,0,0,0,0,0,0,0,0,0,0,0,0,0,0,0,0,0,0,0,0,0,0,0,0,0,0,0,0,0,0,0,0,0,0,0,0,0,0,0,0,0,0,0,0,0,0,0,0,0,0,0,0,0,0,0,0,0,0,0,0,0,0,0,0,0,0,0,0,0,0,0,0,0,0,0,0,0,0,0,0,0,0,0,0,0,0,0,0,0,0,0,0,0,0,0,0,0,0,0,0,0,0,0,0,0,0,0,0,0,0,0,0,0,0,0,0,0,0,0,0,0,0,0,0,0,0,0,0,0,0,0,0,0,0,0,0,0,0,0,0,0,0,0,0,0,0,0,-411,57,-242,54,63,68,63,48,24,-5,-35,-63,-85,-90,-86,-68,-34,4,44,79,97,101,84,47,5,-31,-65,-89,-97,-87,-63,-24,16,49,73,82,80,56,25,-3,-29,-51,-55,-46,-27,-6,9,15,20,14,9,11,5,0,7,18,22,17,10,-2,-20,-37,-51,-55,-41,-13,15,41,70,91,90,67,34,-11,-59,-98,-123,-121,-88,-36,23,86,126,138,130,95,34,-37,-94,-131,-141,-124,-75,-14,43,98,135,138,108,59,3,-53,-97,-123,-120,-89,-43,6,54,89,102,94,74,36,-10,-48,-65,-71,-67,-54,-33,-7,17,30,40,50,47,39,0,31,19,-1,-26,-50,-72,-84,-87,-74,-46,-1,49,102,136,146,131,84,11,-65,-139,-195,-211,-181,-116,-25,78,171,234,250,213,134,26,-97,-201,-265,-274,-230,-135,-7,123,230,286,282,221,112,-23,-154,-249,-293,-274,-191,-66,67,183,262,283,238,144,23,-110,-218,-276,-269,-202,-92,39,163,246,281,254,168,45,-91,-207,-272,-283,-235,-144,-17,118,223,279,276,219,120,-6,-132,-225,-265,-255,-197,-101,13,121,205,243,226,165,76,-29,-121,-182,-206,-186,-128,-46,44,125,173,183,161,103,19,-68,-142,-190,-208,-191,-143,-68,16,96,153,190,202,812,602,0,0,0,0,0,0,0,0,0,0,0,0,0,0,0,0,0,0,0,0,0,0,0,0,0,0,0,0,0,0,0,0,0,0,0,0,0,0,0,0,0,0,0,0,0,0,0,0,0,0,0,0,0,0,0,0,0,0,0,0,0,0,0,0,0,0,0,0,0,0,0,0,0,0,0,0,0,0,0,0,0,0,0,0,0,0,0,0,0,0,0,0,0,0,0,0,0,0,0,0,0,0,0,0,0,0,0,0,0,0,0,0,0,0,0,0,0,0,0,0,0,0,0,0,0,0,0,0,0,0,0,0,0,0,0,0,0,0,0,0,0,0,0,0,0,0,0,0,0,0,0,0,0,0,0,0,0,0,0,0,0,0,0,0,0,0,0,0,0,0,0,0,0,0,0,0,0,0,0,0,0,0,0,0,0,0,0,0,0,0,0,0,0,0,0,0,0,0,0,0,0,0,0,0,0,0,0,0,0,0,0,0,0,0,0,0,0,0,0,0,0,0,0,0,0,0,0,0,0,0,0,0,0,0,0,0,0,0,0,0,0,0,0,0,0,0,0,0,0,0,0,0,0,0,0,0,-92,-1057,-1043,-11,6,25,45,66,84,88,81,66,36,1,-36,-67,-93,-102,-85,-61,-26,18,62,92,102,95,73,40,-2,-39,-68,-88,-97,-79,-43,-4,26,48,65,67,53,31,9,-13,-29,-36,-37,-30,-17,-8,-2,1,0,-1,-3,0,6,16,27,40,40,25,4,-16,-39,-63,-75,-73,-50,-16,25,68,99,109,99,64,6,-54,-101,-125,-129,-110,-67,-3,58,109,140,144,109,54,-9,-71,-117,-137,-132,-100,-45,18,79,122,137,119,80,28,-28,-77,-108,-115,-99,-63,-16,27,58,81,86,73,45,13,-16,-42,-59,-68,-68,-52,-27,-12,2,17,0,40,55,64,58,44,29,6,-35,-75,-101,-121,-121,-91,-44,19,92,150,178,176,135,62,-29,-117,-189,-230,-221,-164,-79,27,140,226,266,251,182,75,-51,-170,-256,-289,-263,-178,-59,71,193,276,298,250,147,15,-108,-215,-280,-281,-219,-114,13,139,237,280,255,175,55,-76,-191,-258,-268,-220,-122,-1,122,223,282,278,212,94,-43,-167,-258,-298,-270,-188,-73,60,183,258,281,251,172,55,-71,-178,-240,-249,-216,-143,-39,70,158,212,222,182,99,9,-78,-150,-189,-183,-138,-67,16,96,158,188,181,139,69,-17,-104,-172,-214,-224,-202,-163,-103,-22,-648,-854
29131,mtk,MTK 7916,2779044263,rx2-tx0,512,0,0,0,0,0,0,0,0,0,0,0,0,0,0,0,0,0,0,0,0,0,0,0,0,0,0,0,0,0,0,0,0,0,0,0,0,0,0,0,0,0,0,0,0,0,0,0,0,0,0,0,0,0,0,0,0,0,0,0,0,0,0,0,0,0,0,0,0,0,0,0,0,0,0,0,0,0,0,0,0,0,0,0,0,0,0,0,0,0,0,0,0,0,0,0,0,0,0,0,0,0,0,0,0,0,0,0,0,0,0,0,0,0,0,0,0,0,0,0,0,0,0,0,0,0,0,0,0,0,0,0,0,0,0,0,0,0,0,0,0,0,0,0,0,0,0,0,0,0,0,0,0,0,0,0,0,0,0,0,0,0,0,0,0,0,0,0,0,0,0,0,0,0,0,0,0,0,0,0,0,0,0,0,0,0,0,0,0,0,0,0,0,0,0,0,0,0,0,0,0,0,0,0,0,0,0,0,0,0,0,0,0,0,0,0,0,0,0,0,0,0,0,0,0,0,0,0,0,0,0,0,0,0,0,0,0,0,0,0,0,0,0,0,0,0,0,0,0,0,0,0,0,0,0,0,0,-136,657,355,40,24,7,-10,-30,-52,-66,-73,-71,-56,-32,-7,18,40,57,65,65,54,32,2,-26,-45,-57,-62,-59,-49,-31,-9,17,45,65,78,81,71,45,6,-35,-69,-96,-116,-115,-91,-44,17,81,129,157,155,122,60,-17,-97,-162,-194,-185,-137,-55,47,141,209,238,214,133,17,-102,-201,-262,-271,-213,-98,41,177,281,320,285,189,42,-120,-263,-347,-358,-280,-136,43,218,350,402,367,243,55,-152,-324,-429,-439,-346,-174,38,251,408,475,432,290,78,-149,-344,-469,-486,-388,-200,34,257,421,484,441,294,79,-158,-360,-481,-487,-374,-177,61,284,444,0,438,273,40,-203,-400,-507,-501,-374,-154,98,332,492,540,465,286,35,-226,-439,-555,-545,-406,-183,81,337,514,577,511,333,82,-193,-426,-562,-573,-462,-250,19,279,475,564,534,391,170,-88,-327,-490,-540,-483,-326,-100,133,335,461,480,400,247,42,-165,-329,-415,-408,-316,-162,18,187,309,358,328,234,95,-60,-195,-278,-301,-262,-168,-37,95,200,260,262,211,112,-7,-115,-195,-236,-222,-162,-73,30,128,196,226,207,140,47,-50,-138,-200,-221,-197,-135,-55,36,120,181,204,192,144,71,-14,-97,-164,-204,-205,-175,-120,-47,32,104,159,186,192,177,142,1159,1081,0,0,0,0,0,0,0,0,0,0,0,0,0,0,0,0,0,0,0,0,0,0,0,0,0,0,0,0,0,0,0,0,0,0,0,0,0,0,0,0,0,0,0,0,0,0,0,0,0,0,0,0,0,0,0,0,0,0,0,0,0,0,0,0,0,0,0,0,0,0,0,0,0,0,0,0,0,0,0,0,0,0,0,0,0,0,0,0,0,0,0,0,0,0,0,0,0,0,0,0,0,0,0,0,0,0,0,0,0,0,0,0,0,0,0,0,0,0,0,0,0,0,0,0,0,0,0,0,0,0,0,0,0,0,0,0,0,0,0,0,0,0,0,0,0,0,0,0,0,0,0,0,0,0,0,0,0,0,0,0,0,0,0,0,0,0,0,0,0,0,0,0,0,0,0,0,0,0,0,0,0,0,0,0,0,0,0,0,0,0,0,0,0,0,0,0,0,0,0,0,0,0,0,0,0,0,0,0,0,0,0,0,0,0,0,0,0,0,0,0,0,0,0,0,0,0,0,0,0,0,0,0,0,0,0,0,0,0,0,0,0,0,0,0,0,0,0,0,0,0,0,0,0,0,0,0,1335,-935,-1075,46,61,72,75,67,52,32,8,-18,-44,-62,-69,-66,-56,-37,-11,18,42,56,62,61,50,29,4,-21,-43,-58,-69,-70,-62,-40,-10,24,53,73,89,96,81,48,4,-48,-93,-125,-133,-121,-80,-19,54,120,163,176,154,93,13,-79,-160,-213,-217,-175,-93,14,124,215,257,242,174,61,-68,-190,-273,-297,-253,-148,-3,150,271,329,313,230,84,-90,-248,-354,-381,-321,-187,-3,193,350,423,404,292,109,-103,-296,-431,-473,-400,-232,-15,202,383,475,462,344,147,-88,-305,-445,-481,-413,-252,-27,209,394,487,468,338,126,-115,-327,-465,-495,-409,-229,0,245,428,513,478,330,105,-148,-369,-508,-528,-420,-219,36,284,468,548,504,341,100,-162,-394,-539,-561,-461,-260,6,270,478,581,552,402,167,-102,-350,-526,-587,-517,-331,-80,181,400,533,549,448,254,12,-229,-413,-503,-491,-372,-177,46,251,397,455,416,291,109,-90,-259,-366,-393,-334,-210,-47,115,249,325,329,259,140,0,-134,-233,-276,-261,-195,-85,41,155,228,245,209,132,31,-76,-166,-218,-226,-188,-110,-7,94,176,218,216,170,95,1,-91,-165,-207,-209,-174,-107,-20,70,143,193,208,186,131,51,-33,-106,-167,-202,-203,-178,-135,-73,-11,40,90,-106,-425
29132,mtk,MTK 7916,2779044263,rx2-tx1,512,0,0,0,0,0,0,0,0,0,0,0,0,0,0,0,0,0,0,0,0,0,0,0,0,0,0,0,0,0,0,0,0,0,0,0,0,0,0,0,0,0,0,0,0,0,0,0,0,0,0,0,0,0,0,0,0,0,0,0,0,0,0,0,0,0,0,0,0,0,0,0,0,0,0,0,0,0,0,0,0,0,0,0,0,0,0,0,0,0,0,0,0,0,0,0,0,0,0,0,0,0,0,0,0,0,0,0,0,0,0,0,0,0,0,0,0,0,0,0,0,0,0,0,0,0,0,0,0,0,0,0,0,0,0,0,0,0,0,0,0,0,0,0,0,0,0,0,0,0,0,0,0,0,0,0,0,0,0,0,0,0,0,0,0,0,0,0,0,0,0,0,0,0,0,0,0,0,0,0,0,0,0,0,0,0,0,0,0,0,0,0,0,0,0,0,0,0,0,0,0,0,0,0,0,0,0,0,0,0,0,0,0,0,0,0,0,0,0,0,0,0,0,0,0,0,0,0,0,0,0,0,0,0,0,0,0,0,0,0,0,0,0,0,0,0,0,0,0,0,0,0,0,0,0,0,0,236,-735,-521,55,49,34,11,-11,-40,-69,-84,-84,-78,-59,-24,19,56,80,91,84,60,17,-31,-76,-100,-103,-87,-55,-6,50,98,127,125,97,42,-26,-85,-129,-144,-124,-74,-6,66,126,156,149,104,28,-58,-134,-174,-181,-144,-58,45,134,199,222,186,98,-9,-123,-223,-270,-250,-175,-48,103,225,303,321,257,127,-41,-203,-324,-374,-342,-232,-54,148,318,421,427,332,166,-46,-257,-410,-477,-439,-296,-81,154,358,481,500,407,216,-23,-258,-444,-528,-480,-330,-115,132,350,481,506,410,225,-14,-235,-403,-479,-447,-302,-91,136,320,429,439,349,174,-37,-232,-367,0,-358,-215,-17,175,319,389,366,247,69,-119,-284,-381,-389,-297,-127,70,253,374,407,344,199,7,-185,-340,-414,-391,-271,-97,92,269,387,411,333,181,-2,-180,-321,-387,-364,-254,-91,85,231,326,344,280,157,5,-142,-257,-307,-285,-199,-75,58,171,237,244,194,101,-7,-110,-179,-198,-170,-108,-29,59,127,163,150,105,40,-27,-91,-137,-145,-114,-59,5,70,115,132,113,67,15,-34,-73,-91,-90,-72,-32,7,43,62,67,59,36,2,-26,-43,-49,-43,-26,-3,18,33,34,23,10,-6,-25,-40,-44,-35,-16,8,31,50,60,63,54,34,7,-18,-958,-954,0,0,0,0,0,0,0,0,0,0,0,0,0,0,0,0,0,0,0,0,0,0,0,0,0,0,0,0,0,0,0,0,0,0,0,0,0,0,0,0,0,0,0,0,0,0,0,0,0,0,0,0,0,0,0,0,0,0,0,0,0,0,0,0,0,0,0,0,0,0,0,0,0,0,0,0,0,0,0,0,0,0,0,0,0,0,0,0,0,0,0,0,0,0,0,0,0,0,0,0,0,0,0,0,0,0,0,0,0,0,0,0,0,0,0,0,0,0,0,0,0,0,0,0,0,0,0,0,0,0,0,0,0,0,0,0,0,0,0,0,0,0,0,0,0,0,0,0,0,0,0,0,0,0,0,0,0,0,0,0,0,0,0,0,0,0,0,0,0,0,0,0,0,0,0,0,0,0,0,0,0,0,0,0,0,0,0,0,0,0,0,0,0,0,0,0,0,0,0,0,0,0,0,0,0,0,0,0,0,0,0,0,0,0,0,0,0,0,0,0,0,0,0,0,0,0,0,0,0,0,0,0,0,0,0,0,0,0,0,0,0,0,0,0,0,0,0,0,0,0,0,0,0,0,0,0,-351,630,811,24,45,60,70,81,74,53,26,-3,-38,-70,-89,-90,-72,-39,5,46,78,96,94,73,37,-18,-70,-108,-120,-108,-74,-21,44,91,123,131,109,60,-5,-75,-126,-146,-129,-84,-26,48,120,163,159,111,42,-43,-130,-188,-192,-162,-85,28,135,214,250,226,143,11,-124,-229,-288,-285,-215,-86,76,221,316,351,303,183,5,-180,-331,-403,-390,-287,-112,99,290,420,459,394,237,26,-204,-393,-485,-466,-343,-142,95,313,466,518,446,273,38,-205,-405,-511,-499,-374,-169,70,291,446,501,434,268,50,-176,-359,-456,-445,-327,-137,71,265,393,423,350,194,0,-210,-347,-402,-363,-234,-46,152,312,400,389,280,105,-96,-270,-378,-391,-315,-165,28,218,357,410,363,234,53,-146,-311,-405,-408,-314,-149,50,227,352,400,356,229,51,-133,-282,-364,-358,-272,-134,28,185,296,329,282,182,50,-92,-210,-272,-266,-201,-96,24,132,204,225,189,111,13,-85,-163,-188,-164,-110,-34,49,111,147,149,112,49,-22,-87,-128,-137,-112,-68,-7,54,96,111,102,73,30,-18,-58,-81,-86,-70,-37,-3,31,56,61,49,27,2,-17,-36,-44,-33,-18,-7,12,28,32,26,8,-10,-26,-49,-56,-47,-30,-5,23,44,58,67,69,-133,143
29133,mtk,MTK 7916,2779077132,rx0-tx0,512,-1687,-860,-643,-302,-346,-370,-370,-355,-307,-241,-157,-64,30,133,234,320,388,431,449,431,394,322,223,111,-15,-148,-277,-383,-472,-521,-528,-514,-459,-365,-241,-99,49,188,323,446,523,567,569,538,472,375,251,106,-43,-190,-337,-451,-529,-578,-594,-572,-514,-423,-301,-161,-11,143,297,425,535,609,643,655,609,522,405,255,89,-97,-284,-446,-595,-700,-765,-779,-733,-641,-505,-328,-114,120,337,540,716,835,903,901,834,707,520,292,40,-217,-469,-681,-848,-958,-991,-957,-852,-684,-452,-194,78,343,580,782,933,1001,998,927,788,591,358,92,-182,-437,-658,-842,-967,-1020,-995,-895,-273,-531,-287,-13,265,520,739,911,1019,1041,998,886,698,460,196,-77,-369,-633,-848,-1002,-1085,-1086,-1003,-851,-641,-378,-76,225,522,778,969,1104,1153,1114,987,794,537,240,-91,-400,-690,-930,-1097,-1197,-1203,-1102,-928,-682,-373,-38,300,625,900,1104,1217,1237,1160,993,747,437,96,-260,-587,-858,-1060,-1187,-1211,-1129,-962,-718,-428,-93,228,524,776,969,1070,1065,994,842,628,374,88,-191,-442,-652,-807,-889,-893,-825,-698,-525,-319,-89,139,344,501,640,717,731,685,584,436,260,63,-139,-324,-466,-575,-629,-626,-557,-439,-275,-83,110,293,434,517,533,474,349,184,8,-148,-251,-926,-1002,-546,-154,247,-248,-280,-268,-202,-105,18,145,252,336,372,367,321,242,138,20,-104,-216,-305,-362,-400,-400,-360,-293,-194,-83,35,156,275,355,419,456,451,409,330,219,87,-55,-206,-336,-435,-498,-530,-524,-457,-343,-213,-65,102,254,381,479,529,548,521,435,328,195,44,-103,-240,-346,-429,-474,-488,-456,-399,-324,-222,-114,6,132,238,327,392,434,443,419,372,294,192,80,-40,-150,-261,-346,-402,-426,-420,-388,-327,-234,-132,-29,81,182,270,328,361,368,360,323,260,188,95,6,-77,-169,-232,-284,-313,-315,-302,-267,-225,-153,-83,-17,53,117,175,214,243,264,270,265,-730,209,152,91,24,-55,-132,-208,-267,-304,-334,-335,-308,-258,-187,-98,-7,95,182,255,313,346,354,333,285,222,146,68,-20,-106,-182,-239,-274,-295,-294,-275,-243,-197,-148,-95,-25,42,98,153,198,233,260,279,269,260,227,181,129,54,-30,-103,-180,-240,-295,-342,-347,-343,-303,-251,-173,-76,21,114,209,291,343,383,389,372,321,248,166,69,-30,-129,-211,-282,-331,-360,-372,-355,-316,-254,-177,-94,-4,97,181,251,318,363,369,368,338,278,205,117,18,-83,-180,-257,-312,-346,-373,-359,-328,-271,-201,-118,-30,60,148,221,278,328,351,343,330,291,233,157,-1100,-856,-175,521,778,-193,-124,-31,58,151,234,302,360,391,403,389,346,281,196,93,-20,-132,-238,-344,-422,-475,-497,-486,-435,-356,-244,-107,28,163,305,418,505,553,558,531,478,375,247,105,-47,-195,-331,-447,-530,-582,-587,-561,-495,-387,-269,-127,22,177,314,432,521,586,616,610,551,458,347,202,52,-113,-283,-425,-549,-642,-695,-708,-667,-586,-460,-293,-108,101,299,482,637,759,832,843,792,697,532,326,90,-159,-396,-613,-787,-906,-958,-946,-857,-700,-498,-248,19,281,532,744,899,981,1002,944,816,636,402,134,-132,-396,-629,-816,-942,-1010,-993,-906,-760,-564,-319,-51,223,477,-1322,871,983,1027,993,893,728,509,244,-39,-307,-572,-790,-953,-1040,-1066,-1016,-880,-682,-433,-151,146,438,695,905,1056,1118,1101,1007,826,590,316,4,-310,-602,-850,-1037,-1155,-1184,-1117,-980,-751,-475,-163,184,508,787,1019,1168,1230,1205,1080,862,576,251,-94,-434,-744,-997,-1162,-1236,-1212,-1081,-871,-595,-276,69,398,689,922,1080,1144,1109,990,800,548,242,-62,-352,-611,-807,-937,-987,-951,-844,-679,-461,-214,40,277,488,647,759,801,780,687,559,394,188,-18,-218,-397,-543,-638,-678,-657,-575,-452,-292,-104,92,275,424,538,589,578,501,359,185,-6,-192,-338,-420,-425,-366,-245,-416,-102,1197,1225,1213,-86,15,140,242,315,348,326,260,160,35,-90,-208,-300,-362,-390,-380,-329,-244,-149,-37,84,197,293,366,405,419,403,343,251,152,26,-107,-232,-350,-436,-484,-501,-474,-394,-284,-151,-12,144,300,422,505,553,549,491,402,270,126,-24,-189,-328,-427,-493,-520,-508,-458,-368,-257,-131,-5,130,235,338,404,441,459,436,384,305,210,98,-22,-138,-245,-338,-398,-433,-437,-413,-353,-264,-160,-45,69,174,267,343,386,404,396,354,291,206,109,14,-82,-178,-253,-312,-349,-346,-337,-296,-233,-166,-86,-6,72,149,209,260,274,284,277,255,216,163,113,53,-10,-75,-128,-194,-241,-273,-297,-300,-280,-245,-181,-109,-28,66,155,232,296,335,357,349,312,255,175,81,-17,-114,-194,-261,-305,-329,-328,-302,-254,-196,-128,-62,14,79,141,195,232,258,272,266,251,223,176,129,76,10,-54,-113,-179,-228,-269,-302,-306,-296,-268,-215,-163,-74,14,104,191,262,332,366,375,361,323,253,169,72,-32,-135,-230,-297,-350,-380,-386,-361,-310,-245,-169,-82,12,115,200,269,321,355,375,363,321,266,195,100,11,-78,-182,-259,-319,-359,-376,-370,-332,-275,-200,-120,-24,79,164,243,298,338,356,356,328,277,215,140,42,-43,-121,-201,-264,-315,571,883
29134,mtk,MTK 7916,2779077132,rx0-tx1,512,-144,14,-251,-708,-505,-274,-8,239,478,694,860,979,1029,1015,930,789,582,340,79,-192,-448,-684,-873,-1004,-1074,-1063,-983,-846,-645,-398,-122,156,434,691,889,1035,1119,1113,1046,906,695,447,161,-134,-421,-690,-905,-1063,-1153,-1162,-1094,-951,-744,-481,-188,113,402,673,889,1057,1151,1160,1101,967,771,527,245,-44,-330,-610,-835,-1016,-1129,-1169,-1133,-1013,-844,-605,-336,-36,281,569,814,1014,1156,1221,1200,1093,913,663,372,48,-278,-589,-862,-1067,-1207,-1263,-1223,-1101,-901,-627,-314,14,344,644,899,1084,1195,1212,1144,1006,795,531,234,-82,-378,-641,-859,-1018,-1099,-1112,-1044,-910,-718,-486,-223,48,146,575,786,937,1032,1067,1017,904,726,502,239,-32,-307,-565,-783,-945,-1049,-1083,-1045,-922,-744,-500,-225,52,340,609,826,992,1084,1105,1048,915,714,454,173,-120,-411,-673,-888,-1039,-1123,-1120,-1042,-890,-680,-411,-109,201,498,756,966,1106,1166,1139,1024,827,578,285,-28,-348,-632,-877,-1052,-1140,-1154,-1075,-910,-675,-390,-81,220,520,777,960,1069,1096,1029,881,672,417,129,-155,-421,-647,-825,-922,-940,-896,-780,-606,-392,-155,92,321,514,662,754,786,755,659,512,333,127,-82,-274,-445,-571,-642,-659,-607,-507,-365,-188,3,189,352,468,531,525,458,335,172,2,-149,-257,-309,686,501,0,-582,-699,-340,-284,-158,12,193,358,482,534,525,451,323,161,-26,-206,-356,-480,-559,-585,-560,-494,-377,-232,-64,108,273,421,541,617,642,633,564,453,301,126,-68,-258,-449,-598,-713,-774,-778,-724,-621,-455,-250,-14,227,465,670,828,928,948,900,774,585,354,77,-207,-485,-711,-878,-992,-1029,-988,-873,-692,-454,-180,102,379,628,833,981,1060,1052,968,817,600,338,55,-232,-508,-734,-913,-1020,-1052,-1007,-894,-714,-484,-228,53,319,562,761,910,989,999,937,828,652,432,183,-77,-324,-556,-755,-895,-981,-991,-937,-825,-661,-445,-194,63,324,570,767,921,1011,1042,1004,879,698,-411,216,-74,-354,-610,-850,-1017,-1115,-1139,-1079,-947,-739,-482,-183,133,440,719,951,1125,1217,1216,1132,955,723,434,111,-228,-540,-824,-1043,-1183,-1246,-1229,-1113,-924,-659,-361,-41,279,575,831,1020,1157,1208,1173,1066,893,660,382,78,-218,-512,-769,-977,-1117,-1186,-1173,-1085,-931,-710,-446,-154,163,459,723,939,1110,1199,1201,1128,984,776,503,198,-112,-428,-710,-940,-1115,-1216,-1225,-1157,-1009,-783,-512,-207,106,427,711,949,1117,1200,1217,1134,980,756,488,187,-123,-426,-696,-913,-1070,-1145,-1148,-1075,-914,-707,-456,-163,122,405,653,850,996,1071,1070,999,861,673,440,175,-88,-340,-571,-765,267,-43,147,-849,-821,717,862,974,1009,972,894,745,552,317,57,-211,-463,-689,-871,-990,-1049,-1037,-959,-817,-613,-372,-96,184,447,682,880,1018,1086,1085,1017,871,660,420,137,-149,-426,-690,-901,-1051,-1133,-1137,-1073,-931,-722,-466,-177,123,419,685,907,1068,1155,1157,1092,950,750,506,214,-77,-371,-643,-872,-1039,-1135,-1151,-1111,-986,-796,-563,-292,-1,299,574,812,1006,1131,1197,1171,1056,877,646,366,62,-256,-556,-834,-1047,-1190,-1250,-1223,-1113,-920,-658,-354,-20,316,620,889,1089,1206,1242,1195,1060,847,580,273,-50,-358,-641,-882,-1052,-1150,-1162,-1092,-951,-746,-492,-215,73,353,608,817,971,1056,1069,206,900,718,494,242,-32,-305,-555,-768,-930,-1031,-1062,-1027,-911,-734,-509,-249,34,322,583,805,976,1066,1092,1052,924,732,486,204,-89,-376,-638,-860,-1021,-1105,-1121,-1050,-904,-697,-442,-150,159,453,713,920,1073,1144,1140,1039,869,632,355,53,-262,-562,-817,-1008,-1130,-1170,-1115,-974,-772,-499,-198,119,431,706,926,1075,1130,1106,1002,810,557,273,-37,-336,-606,-816,-964,-1026,-1006,-905,-744,-529,-275,-21,238,479,665,793,855,852,773,639,466,259,41,-181,-382,-543,-655,-714,-703,-639,-527,-364,-183,20,212,376,502,577,591,553,454,305,128,-58,-222,-355,-428,-435,-373,-262,-133,-489,-677,0,387,84,142,289,406,460,441,356,209,31,-149,-321,-454,-541,-571,-531,-445,-325,-166,7,177,335,464,555,601,601,554,462,328,161,-11,-187,-357,-504,-618,-690,-708,-682,-599,-463,-290,-78,140,347,537,700,817,869,854,772,623,424,176,-91,-356,-600,-795,-934,-1003,-992,-903,-736,-524,-264,23,303,560,774,940,1025,1041,980,845,650,399,118,-175,-445,-685,-878,-1008,-1063,-1042,-938,-766,-544,-277,7,284,540,760,914,1011,1027,971,853,680,459,206,-66,-318,-556,-756,-897,-979,-992,-940,-829,-653,-435,-191,68,321,552,753,901,991,1011,972,849,675,457,203,-63,-338,-593,-796,-92,-1064,-1092,-1033,-920,-733,-482,-206,93,389,665,898,1066,1168,1182,1110,960,742,477,159,-168,-492,-776,-1006,-1171,-1252,-1234,-1128,-946,-691,-389,-68,262,573,839,1049,1179,1232,1196,1077,885,650,372,54,-259,-552,-805,-1003,-1137,-1186,-1169,-1073,-906,-678,-405,-105,203,493,747,953,1100,1184,1187,1100,946,738,483,178,-127,-427,-704,-941,-1120,-1208,-1227,-1158,-1002,-783,-519,-209,112,419,709,939,1113,1208,1226,1155,1001,783,503,202,-118,-433,-708,-936,-1093,-1177,-1178,-1099,-944,-730,-468,-176,127,424,683,882,1032,1107,1102,1034,886,686,446,173,-108,-380,-617,-812,-957,-1028,-1030,-969,-850,-665,625,688
29135,mtk,MTK 7916,2779077132,rx1-tx0,512,0,317,-11,786,691,560,380,186,-13,-218,-406,-577,-700,-770,-809,-792,-722,-609,-454,-278,-77,128,325,506,659,767,833,853,809,706,571,392,179,-50,-277,-499,-680,-817,-915,-942,-919,-828,-682,-495,-263,-7,252,502,730,900,1019,1077,1061,967,814,598,324,26,-272,-563,-827,-1032,-1169,-1221,-1196,-1088,-894,-628,-313,33,369,702,983,1181,1293,1323,1258,1081,842,536,193,-156,-500,-811,-1063,-1238,-1318,-1312,-1203,-1006,-748,-433,-91,256,584,863,1091,1238,1293,1254,1141,933,655,343,0,-334,-651,-913,-1118,-1237,-1260,-1204,-1052,-827,-548,-224,106,433,735,967,1120,1203,1199,1102,930,688,397,93,-136,-531,-789,-978,-1100,-1150,-1111,-992,-804,-556,-267,35,327,597,821,978,1065,1078,1014,867,663,410,128,-160,-421,-646,-834,-948,-991,-966,-867,-718,-510,-268,-6,228,452,644,774,862,881,833,729,583,393,181,-33,-241,-425,-572,-681,-758,-764,-724,-635,-508,-352,-164,21,203,375,515,619,688,716,691,611,501,351,171,-19,-219,-400,-544,-650,-709,-712,-661,-567,-421,-251,-60,131,312,463,580,650,660,629,546,417,253,82,-92,-252,-394,-502,-561,-576,-551,-481,-367,-229,-73,89,234,356,440,493,495,457,363,240,99,-47,-182,-304,-382,-409,-381,-309,-203,-76,45,145,207,710,713,0,-623,-172,181,235,258,235,180,87,-19,-123,-222,-286,-317,-322,-287,-227,-150,-59,36,133,216,282,317,333,329,304,252,171,87,-14,-108,-206,-297,-358,-407,-427,-415,-371,-298,-193,-74,62,205,337,450,531,563,573,541,445,306,141,-42,-235,-406,-561,-668,-730,-734,-668,-557,-402,-212,7,230,441,612,738,816,828,772,666,505,291,60,-179,-412,-610,-767,-870,-903,-867,-778,-608,-400,-163,95,342,572,757,881,950,943,849,711,517,267,14,-244,-495,-696,-852,-948,-970,-916,-796,-618,-408,-143,122,374,602,779,907,967,952,869,725,523,279,25,-231,-471,-679,-837,-935,-957,236,-820,-667,-459,-229,27,280,514,720,862,952,978,919,820,656,438,193,-73,-333,-564,-758,-912,-993,-998,-947,-826,-629,-404,-150,126,389,616,803,932,1020,1021,950,823,639,403,144,-120,-386,-623,-827,-971,-1046,-1051,-999,-870,-670,-440,-172,117,401,655,868,1024,1120,1133,1061,911,705,443,152,-153,-456,-732,-947,-1107,-1177,-1177,-1085,-920,-689,-402,-101,236,540,800,1003,1135,1187,1144,1028,838,596,303,-10,-308,-589,-831,-1008,-1103,-1125,-1072,-936,-736,-498,-222,62,348,601,801,957,1032,1038,971,846,650,422,171,-96,-353,-577,-751,-879,-944,-938,-868,-752,-574,-362,-135,105,341,-971,-1072,0,659,734,-262,-449,-613,-736,-801,-818,-782,-705,-585,-416,-232,-36,171,363,534,666,762,814,807,752,653,507,336,138,-77,-303,-495,-657,-791,-875,-893,-859,-771,-626,-445,-218,29,263,494,683,848,962,1008,982,894,742,529,295,28,-249,-513,-752,-955,-1096,-1152,-1133,-1034,-861,-624,-336,-14,310,624,901,1112,1253,1295,1244,1108,877,586,257,-88,-446,-766,-1028,-1228,-1327,-1325,-1232,-1053,-799,-488,-145,208,553,844,1082,1239,1307,1282,1166,969,711,394,52,-285,-603,-891,-1102,-1238,-1285,-1242,-1103,-884,-613,-294,41,379,691,942,1130,1228,1234,1164,1003,761,477,162,-164,-479,-756,-979,-1116,-1173,1335,-1051,-866,-623,-340,-28,282,563,797,978,1085,1114,1059,932,731,474,199,-92,-377,-627,-831,-967,-1040,-1024,-934,-791,-590,-341,-78,190,438,654,822,923,944,898,809,644,445,223,-15,-243,-443,-619,-749,-814,-820,-774,-674,-529,-361,-173,31,216,394,540,656,719,731,700,618,499,353,183,-3,-198,-371,-513,-627,-697,-719,-692,-604,-472,-314,-126,74,266,433,568,653,692,674,611,496,353,168,-19,-200,-359,-492,-580,-624,-618,-556,-460,-318,-161,3,163,308,421,501,541,533,475,376,254,107,-46,-189,-317,-400,-451,-451,-406,-314,-189,-49,90,208,293,326,304,241,155,-165,167,0,-877,-1068,136,64,-39,-138,-225,-285,-305,-292,-238,-145,-49,58,157,236,293,323,325,302,251,182,98,12,-80,-168,-251,-306,-344,-361,-347,-327,-261,-179,-83,30,144,257,356,437,489,506,484,419,324,182,29,-125,-294,-447,-559,-633,-667,-643,-564,-435,-260,-66,145,345,513,656,751,794,760,674,524,343,126,-100,-323,-518,-698,-809,-863,-859,-784,-647,-468,-243,12,254,490,691,828,915,924,865,741,556,336,92,-175,-427,-634,-819,-928,-963,-938,-831,-660,-455,-208,64,325,561,741,882,963,959,902,764,573,334,74,-185,-427,-643,-821,-925,-962,-934,-845,-689,-483,-238,13,-351,482,695,845,933,958,915,818,659,449,212,-58,-313,-540,-746,-887,-973,-995,-943,-822,-649,-420,-158,107,357,606,800,930,1007,1012,937,807,619,402,149,-131,-389,-617,-810,-950,-1024,-1039,-975,-844,-656,-422,-150,122,387,642,844,989,1085,1099,1032,887,683,440,163,-133,-424,-686,-911,-1074,-1163,-1171,-1095,-933,-712,-438,-126,189,506,773,999,1133,1203,1183,1069,885,641,349,34,-277,-570,-818,-1013,-1135,-1160,-1105,-984,-793,-542,-257,38,336,606,820,977,1062,1077,1020,883,693,451,188,-85,-344,-587,-789,-914,-988,-991,-924,-791,-611,-392,-141,110,339,549,724,837,890,886,813,451,-30
29136,mtk,MTK 7916,2779077132,rx1-tx1,512,0,0,0,-602,-804,-806,-601,-230,203,578,801,812,613,249,-179,-559,-791,-808,-609,-251,179,565,798,806,604,242,-198,-588,-816,-826,-613,-231,213,605,836,842,624,232,-231,-633,-863,-866,-638,-231,246,664,906,898,650,231,-267,-703,-950,-944,-688,-246,271,725,985,985,726,276,-257,-730,-1018,-1039,-786,-329,224,724,1032,1080,843,381,-171,-675,-1009,-1081,-871,-436,108,625,976,1063,870,452,-75,-574,-915,-1011,-841,-455,40,521,859,964,813,445,-35,-494,-820,-917,-771,-417,45,487,802,897,743,385,-77,-511,-801,-884,-727,-367,90,518,806,884,730,365,-96,-531,-830,-910,-740,-376,0,537,850,939,779,406,-80,-550,-883,-983,-819,-442,55,543,896,1024,882,507,-13,-536,-923,-1081,-961,-580,-44,504,925,1123,1036,676,133,-441,-910,-1160,-1112,-778,-244,361,871,1152,1140,848,333,-274,-812,-1145,-1186,-924,-419,196,758,1133,1221,1000,519,-98,-697,-1122,-1264,-1086,-633,-21,604,1083,1286,1179,779,182,-455,-993,-1287,-1251,-918,-372,269,842,1204,1275,1033,552,-51,-632,-1051,-1215,-1084,-704,-168,399,852,1087,1064,790,338,-186,-641,-931,-995,-826,-468,-11,432,756,894,819,555,177,-227,-570,-779,-805,-647,-350,8,353,616,742,723,567,306,11,-268,-473,-576,-577,-491,-338,0,0,0,0,0,-257,-182,-66,92,262,407,493,492,395,215,-23,-271,-474,-586,-578,-446,-211,79,356,567,662,603,396,100,-232,-525,-697,-704,-554,-270,96,448,703,794,687,413,37,-355,-673,-840,-794,-558,-186,247,624,853,880,698,337,-117,-544,-837,-931,-805,-478,-36,417,772,936,867,585,163,-300,-685,-891,-874,-648,-262,185,586,824,851,663,308,-120,-509,-760,-816,-656,-325,80,458,715,788,652,346,-49,-429,-693,-773,-649,-354,30,402,673,769,657,372,-11,-392,-667,-769,-673,-399,-21,360,648,769,693,439,70,-313,-613,-750,-694,-461,-104,271,560,706,671,454,117,-250,-548,0,-636,-423,-92,267,551,682,632,408,69,-294,-583,-711,-654,-422,-69,310,603,742,684,441,79,-315,-631,-780,-724,-474,-93,318,642,796,743,488,95,-321,-657,-822,-767,-500,-95,338,685,860,806,529,106,-345,-717,-903,-857,-583,-146,333,727,934,905,631,189,-297,-711,-948,-935,-676,-245,241,663,916,923,692,289,-181,-604,-860,-894,-696,-310,147,553,808,840,647,291,-132,-519,-762,-789,-600,-253,152,512,729,742,553,209,-193,-535,-728,-728,-533,-180,225,559,742,730,521,169,-236,-578,-763,-747,-530,-166,248,595,781,760,538,179,-235,-592,-793,-780,-559,-193,225,590,0,0,0,0,0,583,215,-209,-583,-810,-820,-613,-247,184,569,801,815,608,247,-178,-558,-788,-811,-613,-244,192,577,803,812,604,233,-204,-594,-829,-838,-612,-227,221,619,849,852,629,223,-247,-648,-883,-886,-652,-232,256,675,922,924,671,234,-269,-712,-975,-972,-708,-255,266,731,1006,1017,763,310,-235,-727,-1032,-1064,-823,-362,191,693,1022,1084,856,409,-141,-646,-985,-1074,-876,-445,96,599,940,1037,858,450,-67,-551,-887,-995,-834,-457,35,508,833,937,790,430,-44,-502,-813,-902,-756,-404,59,500,802,886,726,376,-73,-510,-809,-890,-729,-370,88,523,824,901,735,377,-84,-533,-837,0,-757,-386,92,546,862,949,791,422,-68,-547,-892,-1002,-848,-471,37,544,909,1045,910,533,12,-520,-923,-1095,-989,-627,-93,473,924,1138,1075,733,192,-398,-893,-1169,-1132,-807,-285,315,846,1153,1163,883,383,-221,-777,-1138,-1207,-960,-465,148,728,1125,1239,1041,571,-48,-650,-1099,-1280,-1136,-701,-90,541,1046,1296,1227,854,272,-373,-921,-1245,-1270,-991,-472,160,740,1130,1249,1074,639,62,-515,-962,-1163,-1081,-757,-259,291,750,1018,1039,813,406,-81,-533,-844,-950,-834,-520,-97,331,669,835,807,602,264,-125,-475,-709,-782,-690,-457,-139,191,469,649,701,621,445,213,-23,-214,-345,0,0,0,0,0,-196,-309,-385,-410,-365,-242,-58,155,356,504,559,503,342,100,-166,-410,-584,-631,-533,-314,-8,300,545,682,661,479,180,-164,-484,-700,-751,-626,-348,27,406,693,814,741,489,110,-301,-655,-854,-851,-634,-256,185,587,848,911,750,406,-39,-482,-804,-936,-842,-542,-107,357,734,915,869,617,218,-237,-629,-861,-868,-657,-285,158,548,789,827,657,318,-101,-480,-735,-798,-658,-339,67,445,705,780,651,349,-42,-411,-680,-770,-649,-359,20,397,670,768,663,384,4,-381,-663,-773,-681,-416,-46,337,634,766,700,459,102,-282,-595,-738,-686,-457,-114,252,551,697,650,438,0,-255,-538,-685,-640,-412,-75,281,560,694,641,411,63,-307,-594,-726,-665,-424,-60,327,630,770,706,450,78,-320,-648,-801,-736,-485,-104,314,645,806,754,491,97,-330,-681,-845,-778,-506,-99,343,704,886,823,543,125,-342,-731,-929,-882,-604,-164,320,725,946,923,660,224,-263,-686,-933,-943,-700,-276,211,638,902,920,696,306,-160,-578,-834,-869,-677,-306,137,533,777,810,621,267,-149,-514,-736,-762,-578,-236,170,522,725,730,542,201,-199,-543,-735,-726,-520,-174,225,562,747,729,516,163,-235,-578,-771,-756,-536,-169,242,592,785,773,556,183,-234,-591,-797,-792,-577,0,0
29137,mtk,MTK 7916,2779077132,rx2-tx0,512,0,0,0,-476,-682,-713,-573,-278,96,441,676,739,607,319,-46,-400,-656,-737,-620,-352,4,363,624,712,614,367,29,-321,-584,-682,-595,-364,-45,289,540,644,572,350,40,-278,-513,-605,-535,-316,-18,277,494,572,497,279,-18,-298,-490,-546,-456,-238,52,325,503,536,421,191,-92,-349,-512,-537,-412,-169,125,384,538,547,407,144,-157,-417,-565,-560,-403,-140,165,437,587,575,413,135,-178,-440,-591,-586,-418,-146,157,424,576,569,411,140,-167,-427,-569,-560,-401,-131,174,429,568,556,392,125,-174,-427,-564,-548,-389,-128,170,423,557,544,388,126,-168,-412,-544,-527,-372,-125,0,412,536,515,356,97,-186,-413,-533,-512,-340,-73,212,446,560,518,337,60,-245,-490,-604,-560,-365,-62,263,528,651,604,407,93,-267,-553,-693,-661,-452,-121,249,566,742,716,505,156,-246,-588,-778,-773,-565,-208,210,591,825,849,656,292,-149,-570,-858,-928,-763,-405,57,507,840,970,859,537,82,-396,-775,-970,-930,-660,-237,240,668,929,960,755,370,-92,-531,-832,-925,-802,-491,-67,358,690,858,817,586,219,-192,-546,-755,-785,-633,-339,22,373,625,723,651,435,125,-200,-464,-620,-639,-511,-278,-1,270,470,562,542,422,223,-2,-207,-358,-428,-421,-348,-232,-100,0,0,0,0,0,-266,-266,-214,-109,31,186,326,420,442,378,230,26,-189,-374,-488,-503,-411,-232,1,248,447,548,523,381,143,-131,-374,-536,-574,-480,-275,4,295,513,608,561,379,102,-200,-457,-603,-598,-455,-199,119,406,590,630,509,267,-30,-324,-537,-616,-539,-323,-30,265,489,587,537,351,74,-217,-447,-561,-530,-358,-102,171,397,517,494,341,107,-154,-365,-480,-465,-318,-79,176,385,485,442,285,55,-200,-401,-488,-451,-293,-43,218,433,535,487,314,52,-227,-455,-561,-522,-351,-86,207,449,571,546,382,116,-185,-436,-573,-563,-401,-129,173,431,578,573,411,140,-171,-438,0,-584,-432,-158,162,444,605,612,460,182,-148,-441,-621,-637,-487,-209,127,433,627,648,497,220,-118,-436,-635,-665,-522,-241,106,425,630,662,521,239,-107,-423,-629,-674,-529,-239,109,428,648,694,546,250,-113,-443,-662,-703,-551,-254,111,453,675,719,570,271,-103,-454,-684,-732,-592,-293,89,442,678,730,591,301,-65,-420,-656,-717,-597,-315,49,389,624,694,577,302,-49,-383,-615,-675,-560,-294,50,372,586,645,529,269,-62,-369,-574,-619,-494,-237,80,378,569,599,467,212,-107,-394,-572,-599,-462,-190,137,426,604,616,462,184,-150,-452,-634,-642,-489,-206,149,466,0,0,0,0,0,550,251,-118,-465,-687,-732,-591,-297,79,429,663,732,616,344,-19,-376,-630,-721,-630,-368,-7,345,597,692,610,370,34,-307,-564,-665,-588,-359,-45,278,525,622,559,337,34,-267,-494,-586,-513,-302,-3,295,494,565,480,256,-28,-301,-495,-551,-447,-220,67,340,516,542,419,181,-106,-365,-522,-541,-406,-152,144,402,554,555,400,137,-168,-429,-577,-572,-412,-147,168,441,596,586,419,145,-173,-437,-581,-574,-416,-143,169,433,577,564,403,138,-170,-433,-576,-561,-395,-126,176,432,565,551,391,123,-172,-427,-566,-547,-388,-133,164,413,558,550,386,120,-171,-412,-540,0,-365,-105,181,411,525,495,338,88,-198,-433,-550,-517,-337,-64,230,470,583,534,338,53,-253,-505,-630,-592,-387,-71,264,530,666,632,428,98,-264,-557,-711,-683,-472,-127,259,578,746,735,533,182,-221,-577,-792,-807,-616,-252,188,583,841,882,701,348,-107,-549,-853,-945,-807,-469,-6,460,815,977,903,606,158,-332,-737,-959,-951,-713,-310,163,597,886,950,788,443,-4,-446,-771,-903,-818,-535,-139,275,622,814,807,610,274,-114,-460,-696,-764,-650,-390,-53,286,553,684,651,476,205,-100,-372,-556,-612,-537,-355,-109,147,356,483,519,459,315,137,-38,-184,-275,-305,0,0,0,0,0,-22,-144,-250,-332,-376,-353,-259,-100,92,268,408,478,456,334,137,-96,-313,-475,-537,-478,-307,-67,191,416,547,554,435,212,-63,-327,-520,-598,-524,-323,-42,252,489,609,588,417,148,-164,-436,-603,-619,-482,-235,64,353,564,627,527,307,8,-294,-514,-599,-538,-353,-74,232,468,572,533,362,99,-189,-421,-530,-500,-350,-109,162,388,505,482,337,106,-154,-368,-474,-452,-301,-69,180,389,491,447,281,42,-212,-419,-516,-472,-297,-45,229,444,549,511,331,61,-222,-451,-571,-536,-360,-101,189,438,569,554,391,120,-181,-436,-574,-564,-412,-143,167,431,584,578,426,0,-161,-434,-600,-611,-446,-160,153,429,613,625,470,193,-136,-431,-613,-637,-489,-211,126,438,632,663,513,227,-117,-430,-631,-662,-522,-241,103,418,630,673,531,246,-106,-433,-645,-680,-531,-242,113,442,655,694,546,248,-112,-448,-666,-707,-562,-265,108,460,686,724,576,282,-89,-447,-684,-741,-595,-294,82,433,673,733,600,312,-58,-405,-646,-712,-579,-302,48,394,622,681,561,294,-48,-374,-597,-657,-538,-273,59,365,574,633,514,254,-71,-374,-570,-605,-478,-224,90,384,566,587,455,200,-120,-414,-591,-610,-462,-188,137,435,620,635,480,189,-157,-459,-647,-668,-504,0,0
29138,mtk,MTK 7916,2779077132,rx2-tx1,512,0,0,0,430,578,575,429,176,-124,-392,-563,-589,-475,-242,58,348,553,617,523,295,-16,-317,-535,-610,-529,-321,-32,264,494,603,554,348,57,-253,-493,-611,-574,-381,-91,219,484,625,603,426,138,-184,-470,-629,-625,-472,-202,116,411,609,646,527,277,-44,-344,-555,-621,-530,-314,-28,270,485,573,527,344,81,-192,-409,-521,-501,-354,-121,132,340,450,450,345,145,-86,-280,-395,-404,-308,-144,59,239,337,354,289,144,-33,-177,-276,-302,-246,-131,17,149,236,253,203,106,-11,-120,-186,-200,-161,-82,12,101,154,160,125,49,-39,-104,-137,-131,-87,-10,70,118,127,104,0,-11,-87,-136,-149,-115,-40,36,114,167,169,131,69,-22,-114,-169,-182,-152,-84,8,101,163,183,161,108,29,-63,-124,-150,-135,-92,-34,30,80,101,100,68,22,-18,-45,-58,-40,4,36,55,65,42,-10,-64,-105,-118,-106,-62,14,100,167,199,190,131,27,-91,-183,-243,-254,-196,-90,38,163,251,296,261,158,24,-110,-223,-290,-285,-208,-84,53,180,259,277,230,127,-1,-124,-217,-261,-236,-153,-39,76,173,237,241,177,76,-30,-134,-203,-220,-189,-113,-15,86,159,195,188,141,58,-36,-121,-176,-192,-168,-114,-45,28,93,138,157,145,110,70,23,0,0,0,0,0,75,45,7,-44,-100,-140,-158,-159,-129,-66,12,89,155,198,203,158,90,1,-102,-182,-219,-210,-159,-72,36,138,206,232,208,135,26,-84,-174,-225,-225,-181,-93,21,128,201,232,209,141,33,-82,-167,-207,-211,-170,-89,17,105,156,164,138,92,31,-40,-90,-113,-106,-72,-26,13,39,49,45,32,10,-10,-5,20,39,49,62,52,12,-32,-80,-126,-141,-116,-56,24,108,180,212,185,113,9,-107,-203,-262,-253,-176,-60,81,216,309,319,245,106,-61,-216,-331,-371,-322,-186,-3,186,338,410,386,259,62,-146,-329,-443,-451,-340,-138,95,315,462,492,0,203,-46,-291,-467,-523,-451,-276,-27,243,459,557,517,357,99,-186,-429,-565,-563,-425,-175,117,387,574,605,476,237,-57,-333,-526,-595,-515,-310,-20,277,491,582,530,342,71,-209,-435,-549,-526,-371,-123,157,399,528,523,381,148,-115,-347,-492,-497,-365,-161,78,298,440,466,370,175,-60,-265,-386,-401,-313,-133,76,253,362,366,280,116,-81,-246,-345,-346,-242,-73,112,266,341,319,214,44,-143,-285,-344,-316,-199,-11,179,319,371,323,183,-13,-208,-356,-412,-355,-195,21,232,392,459,395,220,-14,-255,-432,-500,-442,-271,-22,233,436,536,498,327,72,-201,-426,0,0,0,0,0,-405,-143,152,415,580,595,462,205,-107,-383,-566,-610,-502,-271,34,334,539,607,532,311,2,-297,-515,-605,-542,-343,-51,256,495,601,552,362,77,-228,-483,-612,-583,-401,-115,212,471,614,612,453,170,-157,-441,-615,-640,-507,-250,73,382,583,634,532,302,-6,-303,-520,-608,-532,-329,-52,230,452,554,516,345,90,-169,-380,-495,-481,-339,-125,110,314,437,446,336,142,-77,-254,-366,-382,-295,-137,39,195,302,328,261,133,-21,-171,-265,-283,-223,-107,18,132,217,238,191,96,-17,-115,-170,-173,-138,-70,15,96,147,143,96,33,-45,-110,-131,-114,-63,8,72,0,144,111,48,-27,-98,-144,-154,-123,-60,26,111,169,176,136,69,-21,-105,-166,-184,-155,-93,-10,82,152,169,147,102,38,-31,-94,-125,-111,-74,-36,11,62,82,64,29,-10,-29,-43,-42,-9,32,64,89,79,35,-22,-86,-139,-164,-143,-79,8,98,184,231,220,166,59,-68,-179,-260,-274,-222,-128,-2,139,245,288,268,189,65,-76,-199,-274,-285,-224,-110,24,156,245,268,232,146,22,-100,-201,-250,-238,-170,-65,57,159,222,232,185,100,-8,-105,-179,-212,-189,-122,-35,59,141,190,196,157,84,3,-75,-145,-184,-181,-146,-89,-25,34,84,112,108,0,0,0,0,0,60,102,124,129,117,72,2,-70,-133,-180,-193,-172,-117,-36,49,130,198,222,198,130,34,-66,-153,-214,-226,-187,-106,3,111,192,239,229,156,60,-49,-158,-230,-242,-204,-120,-4,109,192,226,204,141,51,-50,-132,-178,-194,-166,-92,-9,65,118,140,129,86,29,-22,-61,-79,-78,-57,-21,7,20,19,6,-16,-32,-28,-6,28,63,86,90,72,25,-43,-110,-156,-174,-145,-78,12,109,195,233,225,156,39,-91,-216,-292,-285,-209,-87,67,225,327,346,277,145,-28,-206,-343,-397,-349,-217,-39,164,337,436,424,297,99,-125,-322,-447,-468,-363,-167,69,0,445,504,429,236,-19,-270,-455,-536,-485,-313,-64,216,450,568,548,387,129,-159,-409,-566,-590,-464,-218,85,358,541,598,508,286,-10,-302,-514,-594,-524,-329,-57,238,469,577,541,367,97,-188,-421,-551,-531,-379,-139,133,369,504,506,379,156,-102,-328,-468,-481,-369,-165,74,290,423,435,337,160,-60,-263,-382,-394,-299,-135,68,250,348,352,260,95,-96,-256,-335,-324,-222,-48,133,277,340,311,199,24,-163,-298,-358,-317,-189,-7,192,339,385,328,183,-21,-223,-378,-433,-364,-197,18,242,419,483,423,254,13,-240,-440,-520,-469,-300,-48,219,435,548,522,358,0,0
29139,mtk,MTK 7916,2779086683,rx0-tx0,512,0,0,0,0,0,0,0,0,0,0,0,0,0,0,0,0,0,0,0,0,0,0,0,0,0,0,0,0,0,0,0,0,0,0,0,0,0,0,0,0,0,0,0,0,0,0,0,0,0,0,0,0,0,0,0,0,0,0,0,0,0,0,0,0,0,0,0,0,0,0,0,0,0,0,0,0,0,0,0,0,0,0,0,0,0,0,0,0,0,0,0,0,0,0,0,0,0,0,0,0,0,0,0,0,0,0,0,0,0,0,0,0,0,0,0,0,0,0,0,0,0,0,0,0,0,0,0,0,0,0,0,0,0,0,0,0,0,0,0,0,0,0,0,0,0,0,0,0,0,0,0,0,0,0,0,0,0,0,0,0,0,0,0,0,0,0,0,0,0,0,0,0,0,0,0,0,0,0,0,0,0,0,0,0,0,0,0,0,0,0,0,0,0,0,0,0,0,0,0,0,0,0,0,0,0,0,0,0,0,0,0,0,0,0,0,0,0,0,0,0,0,0,0,0,0,0,0,0,0,0,0,0,0,0,0,0,0,0,0,0,0,0,0,0,0,0,0,0,0,0,0,0,0,0,0,0,-273,-531,-287,-41,-175,-290,-337,-307,-204,-63,90,225,330,392,397,353,264,137,-12,-168,-301,-414,-481,-486,-446,-350,-207,-31,147,327,475,565,599,568,479,327,139,-69,-277,-454,-583,-660,-661,-601,-486,-321,-116,94,295,478,613,700,719,674,568,406,204,-27,-260,-466,-644,-761,-818,-798,-695,-532,-311,-40,230,491,714,866,947,917,806,619,362,68,-224,-508,-748,-911,-987,-959,-852,-647,-388,-92,216,496,722,871,939,923,822,634,396,138,-139,-394,-595,-743,-820,-823,-750,-625,-444,-236,-18,197,389,545,657,707,707,650,540,397,222,30,-161,-343,-504,-624,-700,-714,-673,-572,-1687,-248,-36,178,383,554,686,761,769,718,605,427,220,-6,-238,-458,-639,-769,-833,-829,-770,-641,-455,-221,39,301,547,762,910,984,977,893,708,449,151,-182,-512,-807,-1033,-1169,-1207,-1119,-912,-618,-260,139,539,879,1150,1312,1345,1245,1015,680,274,-160,-583,-947,-1211,-1369,-1384,-1259,-1012,-677,-269,168,576,931,1190,1325,1332,1205,968,641,245,-160,-563,-900,-1142,-1282,-1282,-1159,-926,-594,-205,202,596,927,1155,1261,1235,1079,806,445,43,-360,-721,-1004,-1155,-1184,-1080,-863,-545,-175,208,560,837,1017,1077,1014,836,562,236,-120,-470,-763,-974,-1060,-996,-780,-427,14,461,815,977,919,-995,-895,0,0,0,0,0,0,0,0,0,0,0,0,0,0,0,0,0,0,0,0,0,0,0,0,0,0,0,0,0,0,0,0,0,0,0,0,0,0,0,0,0,0,0,0,0,0,0,0,0,0,0,0,0,0,0,0,0,0,0,0,0,0,0,0,0,0,0,0,0,0,0,0,0,0,0,0,0,0,0,0,0,0,0,0,0,0,0,0,0,0,0,0,0,0,0,0,0,0,0,0,0,0,0,0,0,0,0,0,0,0,0,0,0,0,0,0,0,0,0,0,0,0,0,0,0,0,0,0,0,0,0,0,0,0,0,0,0,0,0,0,0,0,0,0,0,0,0,0,0,0,0,0,0,0,0,0,0,0,0,0,0,0,0,0,0,0,0,0,0,0,0,0,0,0,0,0,0,0,0,0,0,0,0,0,0,0,0,0,0,0,0,0,0,0,0,0,0,0,0,0,0,0,0,0,0,0,0,0,0,0,0,0,0,0,0,0,0,0,0,0,0,0,0,0,0,0,0,0,0,0,0,0,0,0,0,0,0,0,0,0,0,0,0,0,0,0,0,0,0,0,0,0,0,0,0,0,-1322,871,983,-245,-228,-127,24,179,305,369,369,309,209,75,-71,-211,-327,-413,-447,-424,-354,-242,-86,80,239,383,490,541,535,475,342,173,-24,-218,-400,-543,-625,-647,-596,-473,-314,-112,103,301,475,609,680,682,630,516,353,154,-65,-278,-473,-628,-732,-772,-735,-635,-472,-259,-17,243,480,674,817,883,859,763,582,346,62,-235,-508,-742,-909,-975,-946,-844,-643,-386,-81,222,510,749,903,980,956,840,642,386,103,-182,-452,-671,-811,-884,-880,-782,-620,-412,-173,75,300,496,646,731,756,722,629,492,310,110,-81,-274,-441,-569,-662,-697,-675,-609,-489,-334,-146,58,258,443,-175,695,741,726,650,517,341,127,-100,-315,-515,-669,-763,-804,-777,-680,-527,-326,-93,145,376,584,750,858,899,862,756,576,334,57,-233,-519,-779,-963,-1078,-1099,-1013,-822,-547,-218,151,522,849,1096,1248,1287,1190,974,667,279,-144,-558,-923,-1196,-1352,-1378,-1270,-1026,-686,-279,162,581,934,1202,1356,1367,1242,997,654,249,-170,-572,-906,-1164,-1301,-1309,-1196,-952,-630,-238,179,563,897,1142,1267,1269,1140,883,539,141,-273,-653,-966,-1168,-1235,-1172,-981,-678,-307,86,465,788,1019,1124,1106,962,717,395,34,-327,-645,-878,-1013,-1037,-929,-709,-388,-9,389,744,996,1085,968,654,207,-201,223,477
29140,mtk,MTK 7916,2779086683,rx0-tx1,512,0,0,0,0,0,0,0,0,0,0,0,0,0,0,0,0,0,0,0,0,0,0,0,0,0,0,0,0,0,0,0,0,0,0,0,0,0,0,0,0,0,0,0,0,0,0,0,0,0,0,0,0,0,0,0,0,0,0,0,0,0,0,0,0,0,0,0,0,0,0,0,0,0,0,0,0,0,0,0,0,0,0,0,0,0,0,0,0,0,0,0,0,0,0,0,0,0,0,0,0,0,0,0,0,0,0,0,0,0,0,0,0,0,0,0,0,0,0,0,0,0,0,0,0,0,0,0,0,0,0,0,0,0,0,0,0,0,0,0,0,0,0,0,0,0,0,0,0,0,0,0,0,0,0,0,0,0,0,0,0,0,0,0,0,0,0,0,0,0,0,0,0,0,0,0,0,0,0,0,0,0,0,0,0,0,0,0,0,0,0,0,0,0,0,0,0,0,0,0,0,0,0,0,0,0,0,0,0,0,0,0,0,0,0,0,0,0,0,0,0,0,0,0,0,0,0,0,0,0,0,0,0,0,0,0,0,0,0,0,0,0,0,0,0,0,0,0,0,0,0,0,0,0,0,0,0,-730,209,152,177,263,288,230,107,-50,-197,-315,-384,-397,-356,-253,-122,32,201,345,455,520,518,456,332,159,-42,-249,-444,-592,-680,-697,-630,-486,-279,-34,221,464,669,803,854,818,687,484,226,-66,-368,-635,-843,-983,-1011,-938,-771,-518,-209,131,467,757,983,1120,1145,1056,859,573,219,-149,-507,-830,-1081,-1217,-1236,-1141,-945,-647,-281,113,494,843,1109,1267,1321,1244,1048,754,385,-25,-435,-796,-1097,-1305,-1373,-1323,-1150,-870,-511,-101,326,722,1061,1300,1410,1396,1248,981,623,214,-223,-642,-997,-1262,-1412,-1432,-1314,-1080,-740,-337,104,530,902,1192,1374,1424,1342,1142,845,467,39,-381,-766,-546,-1296,-1387,-1361,-1220,-965,-618,-222,188,585,938,1199,1355,1395,1314,1108,803,423,5,-411,-799,-1118,-1341,-1442,-1404,-1244,-969,-593,-165,289,708,1060,1327,1456,1456,1316,1055,696,273,-167,-590,-957,-1238,-1398,-1426,-1319,-1096,-774,-383,33,449,813,1094,1275,1344,1287,1113,843,505,122,-269,-633,-941,-1169,-1286,-1287,-1174,-945,-628,-250,149,533,875,1135,1291,1316,1209,978,659,261,-166,-567,-920,-1181,-1311,-1310,-1171,-901,-536,-119,316,713,1018,1209,1267,1183,960,634,243,-162,-538,-849,-1046,-1122,-1061,-884,-619,-287,59,388,663,853,945,927,795,572,272,-77,-415,-705,-897,-932,-799,-507,-120,224,270,265,0,0,0,0,0,0,0,0,0,0,0,0,0,0,0,0,0,0,0,0,0,0,0,0,0,0,0,0,0,0,0,0,0,0,0,0,0,0,0,0,0,0,0,0,0,0,0,0,0,0,0,0,0,0,0,0,0,0,0,0,0,0,0,0,0,0,0,0,0,0,0,0,0,0,0,0,0,0,0,0,0,0,0,0,0,0,0,0,0,0,0,0,0,0,0,0,0,0,0,0,0,0,0,0,0,0,0,0,0,0,0,0,0,0,0,0,0,0,0,0,0,0,0,0,0,0,0,0,0,0,0,0,0,0,0,0,0,0,0,0,0,0,0,0,0,0,0,0,0,0,0,0,0,0,0,0,0,0,0,0,0,0,0,0,0,0,0,0,0,0,0,0,0,0,0,0,0,0,0,0,0,0,0,0,0,0,0,0,0,0,0,0,0,0,0,0,0,0,0,0,0,0,0,0,0,0,0,0,0,0,0,0,0,0,0,0,0,0,0,0,0,0,0,0,0,0,0,0,0,0,0,0,0,0,0,0,0,0,0,0,0,0,0,0,0,0,0,0,0,0,0,0,0,0,0,0,-128,-194,-241,155,55,-90,-234,-333,-360,-317,-219,-79,72,224,347,419,453,429,341,215,49,-134,-311,-464,-569,-611,-582,-479,-309,-99,137,365,564,707,775,761,662,484,245,-26,-303,-558,-761,-892,-938,-880,-723,-501,-214,109,423,710,930,1057,1082,996,810,549,216,-142,-498,-805,-1044,-1177,-1187,-1097,-901,-604,-246,138,509,841,1103,1250,1279,1191,994,694,330,-61,-466,-821,-1109,-1291,-1352,-1280,-1092,-817,-445,-31,383,767,1079,1296,1395,1362,1200,931,564,149,-277,-685,-1030,-1279,-1416,-1422,-1286,-1029,-679,-272,170,590,956,1232,1397,1429,1328,1110,788,397,-37,-458,-837,-1137,-1342,-1412,-1354,-1181,1197,-539,-128,280,673,1008,1247,1370,1373,1266,1039,713,329,-87,-495,-865,-1158,-1351,-1417,-1359,-1178,-893,-522,-96,340,749,1097,1343,1461,1443,1287,1026,660,227,-225,-655,-1020,-1290,-1433,-1444,-1324,-1084,-740,-331,106,525,890,1172,1344,1390,1310,1105,801,437,34,-368,-729,-1019,-1218,-1310,-1278,-1140,-899,-574,-193,204,579,906,1148,1283,1298,1193,972,655,271,-146,-552,-899,-1158,-1309,-1321,-1203,-966,-619,-209,215,626,967,1198,1303,1266,1086,788,413,-9,-430,-790,-1055,-1189,-1184,-1051,-800,-461,-85,295,617,860,995,1010,914,718,445,129,-200,-499,-739,-897,-933,-839,-625,-300,85,455,732,838,766,-10,-75
29141,mtk,MTK 7916,2779086683,rx1-tx0,512,0,0,0,0,0,0,0,0,0,0,0,0,0,0,0,0,0,0,0,0,0,0,0,0,0,0,0,0,0,0,0,0,0,0,0,0,0,0,0,0,0,0,0,0,0,0,0,0,0,0,0,0,0,0,0,0,0,0,0,0,0,0,0,0,0,0,0,0,0,0,0,0,0,0,0,0,0,0,0,0,0,0,0,0,0,0,0,0,0,0,0,0,0,0,0,0,0,0,0,0,0,0,0,0,0,0,0,0,0,0,0,0,0,0,0,0,0,0,0,0,0,0,0,0,0,0,0,0,0,0,0,0,0,0,0,0,0,0,0,0,0,0,0,0,0,0,0,0,0,0,0,0,0,0,0,0,0,0,0,0,0,0,0,0,0,0,0,0,0,0,0,0,0,0,0,0,0,0,0,0,0,0,0,0,0,0,0,0,0,0,0,0,0,0,0,0,0,0,0,0,0,0,0,0,0,0,0,0,0,0,0,0,0,0,0,0,0,0,0,0,0,0,0,0,0,0,0,0,0,0,0,0,0,0,0,0,0,0,0,0,0,0,0,0,0,0,0,0,0,0,0,0,0,0,0,0,146,575,786,-134,-79,21,127,206,236,220,159,64,-35,-133,-211,-251,-264,-236,-173,-88,17,114,198,258,290,281,236,160,61,-43,-143,-221,-275,-287,-267,-219,-148,-63,30,114,172,213,235,228,198,139,79,25,-40,-98,-137,-155,-165,-161,-142,-119,-82,-57,-26,5,38,64,91,107,117,125,121,121,105,84,51,17,-17,-73,-131,-165,-192,-221,-220,-199,-159,-99,-13,75,170,258,316,353,343,301,230,116,-10,-141,-260,-359,-419,-437,-408,-332,-220,-84,73,213,329,421,464,458,407,313,186,45,-104,-247,-358,-440,-474,-457,-394,-290,-155,-26,124,256,368,444,460,435,-144,278,151,12,-134,-270,-363,-421,-448,-422,-349,-239,-111,20,154,262,347,394,391,361,295,199,86,-34,-146,-228,-297,-337,-334,-307,-249,-169,-77,13,101,175,228,259,275,257,223,174,98,24,-48,-121,-186,-218,-233,-228,-216,-174,-120,-53,21,85,145,186,210,214,205,168,118,61,-5,-62,-112,-155,-179,-185,-183,-163,-124,-77,-19,37,86,127,160,176,184,171,140,98,35,-30,-90,-147,-192,-211,-203,-174,-125,-63,10,85,143,190,216,202,167,115,48,-28,-95,-150,-186,-192,-173,-132,-76,-9,62,115,149,169,154,111,59,0,-61,-107,-129,-127,-90,-44,-223,48,0,0,0,0,0,0,0,0,0,0,0,0,0,0,0,0,0,0,0,0,0,0,0,0,0,0,0,0,0,0,0,0,0,0,0,0,0,0,0,0,0,0,0,0,0,0,0,0,0,0,0,0,0,0,0,0,0,0,0,0,0,0,0,0,0,0,0,0,0,0,0,0,0,0,0,0,0,0,0,0,0,0,0,0,0,0,0,0,0,0,0,0,0,0,0,0,0,0,0,0,0,0,0,0,0,0,0,0,0,0,0,0,0,0,0,0,0,0,0,0,0,0,0,0,0,0,0,0,0,0,0,0,0,0,0,0,0,0,0,0,0,0,0,0,0,0,0,0,0,0,0,0,0,0,0,0,0,0,0,0,0,0,0,0,0,0,0,0,0,0,0,0,0,0,0,0,0,0,0,0,0,0,0,0,0,0,0,0,0,0,0,0,0,0,0,0,0,0,0,0,0,0,0,0,0,0,0,0,0,0,0,0,0,0,0,0,0,0,0,0,0,0,0,0,0,0,0,0,0,0,0,0,0,0,0,0,0,0,0,0,0,0,0,0,0,0,0,0,0,0,0,0,0,0,0,0,206,900,718,94,169,207,183,105,2,-102,-193,-244,-253,-224,-151,-66,31,132,206,259,275,255,202,119,18,-88,-181,-253,-292,-292,-257,-190,-106,-6,85,166,227,264,263,231,174,114,35,-43,-117,-170,-187,-204,-201,-172,-120,-71,-25,22,57,97,116,125,133,129,120,103,82,53,31,1,-27,-57,-93,-117,-138,-145,-159,-162,-143,-95,-62,-2,68,132,200,255,288,285,260,195,110,6,-111,-212,-307,-375,-395,-383,-324,-225,-101,36,176,299,394,457,460,406,324,202,58,-87,-229,-347,-431,-470,-461,-400,-302,-175,-32,117,255,367,430,456,449,389,294,159,8,-130,147,-369,-429,-450,-433,-366,-255,-133,8,152,273,361,411,422,392,318,220,92,-36,-150,-255,-327,-365,-373,-334,-268,-189,-75,27,119,199,259,291,296,278,229,163,89,6,-76,-140,-200,-235,-246,-240,-220,-172,-106,-39,24,91,156,198,229,231,209,175,118,62,-5,-70,-130,-169,-195,-200,-187,-160,-119,-65,-12,43,96,133,163,179,182,168,134,90,41,-14,-76,-127,-171,-197,-196,-177,-141,-85,-15,53,116,166,199,209,193,150,98,22,-56,-118,-167,-200,-201,-175,-130,-67,5,72,128,168,181,169,124,77,14,-58,-106,-139,-151,-136,-97,-38,26,78,97,1056,1069
29142,mtk,MTK 7916,2779086683,rx1-tx1,512,0,0,0,0,0,0,0,0,0,0,0,0,0,0,0,0,0,0,0,0,0,0,0,0,0,0,0,0,0,0,0,0,0,0,0,0,0,0,0,0,0,0,0,0,0,0,0,0,0,0,0,0,0,0,0,0,0,0,0,0,0,0,0,0,0,0,0,0,0,0,0,0,0,0,0,0,0,0,0,0,0,0,0,0,0,0,0,0,0,0,0,0,0,0,0,0,0,0,0,0,0,0,0,0,0,0,0,0,0,0,0,0,0,0,0,0,0,0,0,0,0,0,0,0,0,0,0,0,0,0,0,0,0,0,0,0,0,0,0,0,0,0,0,0,0,0,0,0,0,0,0,0,0,0,0,0,0,0,0,0,0,0,0,0,0,0,0,0,0,0,0,0,0,0,0,0,0,0,0,0,0,0,0,0,0,0,0,0,0,0,0,0,0,0,0,0,0,0,0,0,0,0,0,0,0,0,0,0,0,0,0,0,0,0,0,0,0,0,0,0,0,0,0,0,0,0,0,0,0,0,0,0,0,0,0,0,0,0,0,0,0,0,0,0,0,0,0,0,0,0,0,0,0,0,0,0,-411,216,-74,-33,-50,-65,-77,-81,-77,-64,-45,-18,17,54,79,93,100,87,59,23,-21,-61,-93,-113,-113,-98,-68,-19,35,79,106,121,118,95,59,18,-27,-69,-98,-108,-94,-71,-35,1,35,63,84,82,67,43,19,-5,-29,-45,-47,-47,-43,-28,-14,-9,-3,8,10,9,17,30,40,34,25,19,17,4,-22,-44,-51,-53,-51,-35,-10,21,46,64,69,64,51,24,-9,-38,-65,-78,-76,-61,-36,-4,30,62,79,83,75,51,21,-6,-41,-71,-79,-75,-64,-33,2,32,50,62,67,63,46,21,-3,-26,-50,-64,-70,-67,-53,-33,-8,21,48,70,0,95,88,67,33,-12,-62,-102,-130,-140,-133,-100,-44,26,93,150,185,192,162,106,24,-71,-160,-220,-246,-230,-172,-80,28,137,226,270,273,229,139,15,-115,-223,-291,-314,-275,-182,-55,85,212,299,328,298,211,80,-60,-188,-282,-325,-304,-226,-103,41,171,268,316,306,226,104,-33,-166,-262,-310,-302,-229,-108,33,170,274,326,314,238,123,-11,-144,-260,-328,-329,-267,-157,-21,116,230,299,315,277,185,66,-63,-180,-266,-295,-273,-203,-104,12,124,204,244,242,199,117,19,-86,-173,-219,-219,-185,-120,-32,61,142,203,231,225,190,131,59,-15,-83,-148,879,698,0,0,0,0,0,0,0,0,0,0,0,0,0,0,0,0,0,0,0,0,0,0,0,0,0,0,0,0,0,0,0,0,0,0,0,0,0,0,0,0,0,0,0,0,0,0,0,0,0,0,0,0,0,0,0,0,0,0,0,0,0,0,0,0,0,0,0,0,0,0,0,0,0,0,0,0,0,0,0,0,0,0,0,0,0,0,0,0,0,0,0,0,0,0,0,0,0,0,0,0,0,0,0,0,0,0,0,0,0,0,0,0,0,0,0,0,0,0,0,0,0,0,0,0,0,0,0,0,0,0,0,0,0,0,0,0,0,0,0,0,0,0,0,0,0,0,0,0,0,0,0,0,0,0,0,0,0,0,0,0,0,0,0,0,0,0,0,0,0,0,0,0,0,0,0,0,0,0,0,0,0,0,0,0,0,0,0,0,0,0,0,0,0,0,0,0,0,0,0,0,0,0,0,0,0,0,0,0,0,0,0,0,0,0,0,0,0,0,0,0,0,0,0,0,0,0,0,0,0,0,0,0,0,0,0,0,0,0,0,0,0,0,0,0,0,0,0,0,0,0,0,0,0,0,0,0,-92,-1064,-1092,46,38,28,15,-7,-34,-62,-82,-94,-92,-79,-56,-23,18,57,90,105,108,97,71,28,-21,-66,-96,-115,-120,-101,-63,-19,30,76,105,113,108,88,49,0,-37,-68,-85,-93,-84,-63,-27,6,34,55,65,66,53,28,7,-13,-25,-34,-35,-36,-28,-17,-10,-10,-9,-2,3,8,19,32,42,41,38,32,13,-16,-34,-50,-63,-60,-50,-24,1,30,53,67,80,77,58,22,-15,-52,-79,-92,-80,-57,-25,9,40,66,86,90,67,36,8,-20,-50,-70,-80,-72,-47,-19,3,24,49,62,64,57,47,29,4,-23,-47,-61,-76,-79,-73,-58,0,9,49,81,104,116,108,80,35,-15,-71,-122,-160,-171,-152,-102,-34,45,125,186,222,218,173,96,-3,-107,-194,-253,-271,-240,-163,-55,69,181,263,297,282,212,100,-24,-150,-260,-321,-316,-248,-134,-2,135,250,318,320,262,151,22,-113,-233,-305,-316,-266,-169,-38,102,226,298,314,272,175,39,-103,-227,-306,-324,-281,-187,-53,95,222,307,339,302,205,73,-68,-200,-294,-335,-312,-233,-118,14,142,247,304,302,250,152,32,-91,-193,-258,-273,-237,-161,-58,52,146,206,226,205,149,69,-26,-115,-185,-222,-217,-172,-102,-16,71,148,208,242,245,222,167,-593,-796
29143,mtk,MTK 7916,2779086683,rx2-tx0,512,0,0,0,0,0,0,0,0,0,0,0,0,0,0,0,0,0,0,0,0,0,0,0,0,0,0,0,0,0,0,0,0,0,0,0,0,0,0,0,0,0,0,0,0,0,0,0,0,0,0,0,0,0,0,0,0,0,0,0,0,0,0,0,0,0,0,0,0,0,0,0,0,0,0,0,0,0,0,0,0,0,0,0,0,0,0,0,0,0,0,0,0,0,0,0,0,0,0,0,0,0,0,0,0,0,0,0,0,0,0,0,0,0,0,0,0,0,0,0,0,0,0,0,0,0,0,0,0,0,0,0,0,0,0,0,0,0,0,0,0,0,0,0,0,0,0,0,0,0,0,0,0,0,0,0,0,0,0,0,0,0,0,0,0,0,0,0,0,0,0,0,0,0,0,0,0,0,0,0,0,0,0,0,0,0,0,0,0,0,0,0,0,0,0,0,0,0,0,0,0,0,0,0,0,0,0,0,0,0,0,0,0,0,0,0,0,0,0,0,0,0,0,0,0,0,0,0,0,0,0,0,0,0,0,0,0,0,0,0,0,0,0,0,0,0,0,0,0,0,0,0,0,0,0,0,0,-136,-531,-789,-64,-67,-62,-53,-36,-13,14,39,60,74,77,72,57,33,6,-21,-47,-68,-77,-74,-61,-44,-21,7,36,58,75,83,79,64,39,6,-28,-62,-90,-108,-111,-94,-64,-16,39,86,124,149,149,119,64,-8,-82,-146,-184,-189,-160,-99,-12,83,167,220,227,192,124,25,-92,-193,-255,-275,-237,-143,-17,119,233,302,313,259,148,0,-158,-287,-358,-352,-273,-135,34,201,335,405,393,297,134,-62,-251,-393,-457,-430,-308,-118,96,293,434,491,442,303,106,-115,-318,-458,-507,-450,-299,-83,148,350,478,503,422,256,29,-200,-388,-494,-494,-393,-207,23,250,0,519,496,367,158,-85,-313,-479,-539,-492,-347,-119,139,362,517,564,493,323,82,-177,-402,-548,-583,-501,-318,-68,199,426,568,598,510,317,61,-204,-430,-574,-603,-513,-327,-81,182,406,547,583,508,336,102,-141,-351,-492,-533,-471,-321,-121,97,291,419,465,418,298,127,-60,-230,-351,-399,-369,-269,-123,39,186,287,328,308,230,112,-28,-156,-243,-279,-262,-197,-95,21,128,207,241,229,175,83,-20,-114,-185,-224,-218,-173,-96,-2,91,166,214,219,181,120,43,-46,-126,-183,-208,-199,-153,-86,-8,70,141,186,202,192,155,97,27,-45,-105,-146,-172,-176,-161,397,93,0,0,0,0,0,0,0,0,0,0,0,0,0,0,0,0,0,0,0,0,0,0,0,0,0,0,0,0,0,0,0,0,0,0,0,0,0,0,0,0,0,0,0,0,0,0,0,0,0,0,0,0,0,0,0,0,0,0,0,0,0,0,0,0,0,0,0,0,0,0,0,0,0,0,0,0,0,0,0,0,0,0,0,0,0,0,0,0,0,0,0,0,0,0,0,0,0,0,0,0,0,0,0,0,0,0,0,0,0,0,0,0,0,0,0,0,0,0,0,0,0,0,0,0,0,0,0,0,0,0,0,0,0,0,0,0,0,0,0,0,0,0,0,0,0,0,0,0,0,0,0,0,0,0,0,0,0,0,0,0,0,0,0,0,0,0,0,0,0,0,0,0,0,0,0,0,0,0,0,0,0,0,0,0,0,0,0,0,0,0,0,0,0,0,0,0,0,0,0,0,0,0,0,0,0,0,0,0,0,0,0,0,0,0,0,0,0,0,0,0,0,0,0,0,0,0,0,0,0,0,0,0,0,0,0,0,0,0,0,0,0,0,0,0,0,0,0,0,0,0,0,0,0,0,0,0,1335,-1051,-866,-12,-29,-46,-63,-76,-81,-78,-67,-48,-23,3,28,50,69,77,75,61,37,9,-19,-42,-60,-76,-79,-70,-53,-26,4,32,63,87,98,95,77,49,15,-30,-73,-106,-125,-128,-107,-66,-10,52,110,153,174,163,118,43,-40,-120,-181,-213,-206,-153,-66,33,135,215,251,238,180,79,-44,-162,-248,-288,-274,-202,-82,63,201,305,342,309,206,63,-101,-251,-360,-391,-341,-218,-47,144,310,415,430,360,219,27,-180,-355,-460,-472,-389,-224,-5,211,390,494,494,389,210,-11,-234,-408,-497,-480,-365,-170,59,279,435,504,465,326,120,-115,-326,-469,-514,-452,0,-77,168,377,504,523,430,252,18,-230,-431,-541,-540,-427,-224,22,272,466,565,551,420,202,-59,-310,-499,-589,-560,-421,-198,69,323,511,598,568,427,199,-71,-322,-504,-589,-558,-425,-212,40,283,466,557,540,423,228,-5,-229,-403,-497,-490,-395,-233,-31,172,328,414,423,347,210,38,-133,-268,-347,-360,-298,-186,-45,99,219,287,297,247,155,36,-81,-182,-247,-257,-213,-131,-28,80,166,221,231,196,127,35,-63,-152,-208,-224,-200,-144,-62,31,118,183,215,209,172,105,21,-65,-139,-188,-209,-196,-152,-86,-11,68,136,183,205,203,178,132,81,31,-25,-1116,-1173
29144,mtk,MTK 7916,2779086683,rx2-tx1,512,0,0,0,0,0,0,0,0,0,0,0,0,0,0,0,0,0,0,0,0,0,0,0,0,0,0,0,0,0,0,0,0,0,0,0,0,0,0,0,0,0,0,0,0,0,0,0,0,0,0,0,0,0,0,0,0,0,0,0,0,0,0,0,0,0,0,0,0,0,0,0,0,0,0,0,0,0,0,0,0,0,0,0,0,0,0,0,0,0,0,0,0,0,0,0,0,0,0,0,0,0,0,0,0,0,0,0,0,0,0,0,0,0,0,0,0,0,0,0,0,0,0,0,0,0,0,0,0,0,0,0,0,0,0,0,0,0,0,0,0,0,0,0,0,0,0,0,0,0,0,0,0,0,0,0,0,0,0,0,0,0,0,0,0,0,0,0,0,0,0,0,0,0,0,0,0,0,0,0,0,0,0,0,0,0,0,0,0,0,0,0,0,0,0,0,0,0,0,0,0,0,0,0,0,0,0,0,0,0,0,0,0,0,0,0,0,0,0,0,0,0,0,0,0,0,0,0,0,0,0,0,0,0,0,0,0,0,0,0,0,0,0,0,0,0,0,0,0,0,0,0,0,0,0,0,0,236,-820,-667,-49,-59,-64,-63,-52,-36,-16,10,36,52,64,70,63,38,3,-27,-51,-70,-76,-64,-38,-4,32,67,86,84,68,39,-4,-43,-74,-97,-102,-78,-38,18,72,108,116,102,63,11,-41,-97,-142,-144,-110,-56,19,98,161,187,168,111,28,-64,-157,-224,-244,-212,-137,-20,103,211,283,296,246,147,3,-148,-272,-344,-350,-287,-158,15,191,328,406,402,309,161,-27,-218,-364,-444,-443,-334,-159,50,254,410,476,445,326,140,-68,-267,-413,-479,-443,-309,-120,86,284,421,466,414,283,98,-109,-289,-406,-432,-363,-224,-41,147,302,381,385,305,158,-27,-197,0,-369,-336,-232,-70,105,247,333,351,289,157,-10,-172,-304,-370,-355,-262,-112,67,234,355,392,345,229,63,-118,-274,-379,-404,-344,-211,-35,144,288,374,383,313,180,24,-139,-276,-349,-343,-271,-144,7,144,251,312,303,228,113,-14,-130,-216,-250,-234,-174,-77,34,126,179,195,175,113,25,-53,-112,-147,-152,-124,-72,-1,67,111,128,115,80,31,-29,-76,-96,-98,-88,-56,-9,38,71,83,78,59,28,-8,-43,-60,-66,-52,-29,-5,21,43,46,43,35,14,-18,-40,-49,-46,-41,-22,5,28,47,54,48,36,13,-10,-38,-58,-69,-71,-65,-47,-27,-935,-957,0,0,0,0,0,0,0,0,0,0,0,0,0,0,0,0,0,0,0,0,0,0,0,0,0,0,0,0,0,0,0,0,0,0,0,0,0,0,0,0,0,0,0,0,0,0,0,0,0,0,0,0,0,0,0,0,0,0,0,0,0,0,0,0,0,0,0,0,0,0,0,0,0,0,0,0,0,0,0,0,0,0,0,0,0,0,0,0,0,0,0,0,0,0,0,0,0,0,0,0,0,0,0,0,0,0,0,0,0,0,0,0,0,0,0,0,0,0,0,0,0,0,0,0,0,0,0,0,0,0,0,0,0,0,0,0,0,0,0,0,0,0,0,0,0,0,0,0,0,0,0,0,0,0,0,0,0,0,0,0,0,0,0,0,0,0,0,0,0,0,0,0,0,0,0,0,0,0,0,0,0,0,0,0,0,0,0,0,0,0,0,0,0,0,0,0,0,0,0,0,0,0,0,0,0,0,0,0,0,0,0,0,0,0,0,0,0,0,0,0,0,0,0,0,0,0,0,0,0,0,0,0,0,0,0,0,0,0,0,0,0,0,0,0,0,0,0,0,0,0,0,0,0,0,0,0,-351,482,695,18,5,-10,-32,-52,-67,-75,-75,-62,-42,-17,10,40,61,69,66,51,24,-9,-42,-69,-82,-78,-53,-22,15,56,83,87,75,53,15,-35,-74,-100,-105,-93,-58,-2,53,97,121,120,89,31,-40,-106,-147,-158,-143,-90,-10,80,157,208,213,162,75,-33,-140,-218,-256,-252,-186,-76,60,193,285,319,296,209,72,-92,-241,-352,-391,-353,-238,-68,121,288,399,433,385,247,50,-146,-319,-432,-463,-401,-255,-52,158,348,465,477,398,238,26,-190,-360,-457,-459,-364,-198,-5,191,358,446,432,326,164,-33,-218,-353,-417,-388,-274,-109,79,248,354,373,316,0,27,-148,-285,-355,-342,-251,-112,55,215,326,366,325,214,52,-121,-272,-363,-373,-304,-175,3,182,317,391,379,284,137,-39,-210,-334,-389,-370,-274,-118,62,224,337,375,340,239,87,-77,-214,-304,-333,-295,-196,-62,76,194,275,292,245,152,41,-70,-160,-213,-222,-181,-101,-3,85,145,171,160,113,48,-22,-86,-127,-132,-113,-73,-18,44,95,115,106,82,42,-9,-53,-83,-91,-80,-54,-16,23,52,71,73,53,27,-1,-26,-43,-56,-56,-39,-9,18,40,47,44,32,13,-8,-27,-38,-46,-39,-22,-1,20,41,56,62,50,32,14,-12,-39,-58,-66,-238,13
29145,mtk,MTK 7916,2779108050,rx0-tx0,512,-1687,408,272,209,139,63,-17,-99,-180,-256,-321,-368,-401,-416,-408,-384,-338,-270,-181,-81,29,134,241,336,420,479,513,529,510,457,369,262,145,15,-120,-249,-359,-458,-528,-572,-586,-567,-508,-429,-331,-205,-72,63,194,314,427,510,568,603,594,561,506,421,315,194,61,-74,-203,-325,-443,-538,-607,-643,-652,-631,-574,-480,-361,-231,-79,78,242,398,533,650,732,779,784,748,664,540,384,210,-1,-210,-398,-580,-731,-842,-907,-915,-875,-787,-644,-468,-256,-17,212,429,623,782,901,968,976,925,821,666,477,267,30,-205,-420,-616,-782,-899,-962,-979,-936,-842,-703,-511,-300,-71,-273,393,597,778,900,981,1012,980,890,751,565,349,105,-146,-390,-600,-782,-932,-1029,-1060,-1026,-947,-804,-610,-379,-125,140,390,623,827,976,1077,1117,1091,992,840,634,389,121,-159,-433,-693,-905,-1055,-1151,-1186,-1134,-1032,-841,-612,-342,-54,251,543,792,1001,1143,1204,1201,1120,958,740,474,182,-117,-409,-663,-877,-1042,-1120,-1125,-1070,-931,-746,-511,-256,18,279,511,706,862,943,962,925,829,682,496,282,60,-151,-344,-512,-651,-735,-772,-759,-698,-600,-458,-300,-122,62,235,390,513,601,639,637,592,500,372,214,41,-140,-298,-429,-524,-557,-533,-453,-326,-168,0,153,268,322,669,610,-546,1132,1275,-231,-280,-282,-241,-162,-58,54,172,269,331,370,369,337,276,194,94,-13,-116,-214,-291,-350,-386,-397,-381,-342,-276,-192,-93,17,131,229,320,403,453,481,466,428,355,257,136,5,-135,-262,-381,-463,-518,-543,-535,-482,-396,-288,-160,-22,118,243,355,456,509,531,519,470,399,313,205,89,-35,-154,-261,-356,-420,-456,-481,-473,-445,-380,-292,-196,-87,23,134,246,337,408,446,459,451,402,336,263,171,67,-40,-133,-220,-296,-350,-387,-397,-381,-347,-288,-217,-138,-53,26,106,173,232,273,293,308,299,279,242,190,139,79,19,-34,-79,-117,-155,-193,-214,-233,-730,-231,-223,-200,-176,-141,-88,-29,24,83,145,203,247,273,288,288,272,240,192,132,65,-13,-78,-148,-207,-243,-271,-282,-274,-255,-218,-182,-140,-79,-29,22,66,109,150,183,205,221,228,226,220,205,181,148,107,60,13,-41,-99,-159,-212,-265,-294,-305,-311,-299,-267,-219,-154,-81,-1,84,167,242,303,333,357,358,336,300,246,176,98,13,-67,-136,-195,-251,-291,-312,-321,-327,-308,-270,-223,-164,-103,-37,42,110,176,234,284,308,327,332,318,288,238,174,103,28,-52,-121,-190,-245,-292,-322,-338,-335,-310,-277,-229,-170,-107,-38,40,118,187,237,285,326,399,679,-175,-628,-701,-289,-339,-370,-377,-366,-338,-297,-231,-155,-74,17,110,203,290,364,420,458,472,459,421,357,273,168,58,-66,-191,-308,-408,-481,-534,-561,-554,-512,-441,-349,-231,-104,32,168,296,398,493,557,584,588,561,510,425,312,194,56,-84,-207,-328,-434,-518,-580,-610,-612,-582,-532,-454,-344,-217,-76,65,211,358,488,582,654,703,718,693,625,527,397,242,62,-118,-299,-473,-624,-741,-824,-867,-842,-787,-685,-535,-347,-134,93,309,519,694,829,922,956,935,866,738,569,368,144,-92,-325,-537,-719,-850,-943,-982,-960,-884,-763,-595,-390,-170,66,297,509,700,852,944,991,-1322,911,803,636,434,218,-25,-267,-490,-684,-844,-962,-1028,-1030,-966,-846,-689,-487,-249,8,254,493,715,888,1011,1073,1077,1010,895,719,500,260,-7,-275,-532,-755,-944,-1070,-1140,-1139,-1080,-941,-739,-499,-244,51,339,613,851,1027,1152,1206,1190,1083,914,692,421,132,-168,-471,-737,-952,-1104,-1184,-1185,-1102,-956,-760,-509,-220,60,343,596,801,957,1045,1068,1007,884,721,509,272,30,-210,-434,-617,-755,-843,-867,-831,-753,-636,-483,-294,-100,95,275,435,566,653,697,690,640,548,428,274,105,-66,-236,-382,-499,-572,-606,-589,-512,-399,-241,-66,108,266,388,454,458,396,284,148,-277,-405,1197,838,569,-99,-13,98,198,280,330,346,318,245,151,47,-66,-166,-257,-328,-372,-380,-367,-326,-260,-173,-77,26,124,221,309,374,415,431,419,376,317,226,120,0,-126,-249,-354,-436,-492,-520,-513,-469,-389,-274,-147,-9,136,271,386,472,529,554,534,481,406,298,168,42,-91,-213,-316,-402,-465,-496,-505,-476,-424,-346,-243,-146,-29,81,191,291,374,434,467,467,450,403,328,237,127,18,-99,-204,-286,-353,-405,-433,-425,-394,-347,-279,-204,-114,-15,80,168,241,293,329,348,348,328,286,234,169,101,30,-44,-104,-162,-207,-239,-260,-256,-247,-228,-206,-177,-138,-95,-50,-128,43,87,132,168,211,246,257,264,258,240,204,151,92,22,-47,-116,-180,-237,-275,-296,-298,-286,-269,-216,-158,-97,-29,36,97,146,180,222,241,247,241,227,205,177,141,105,63,18,-27,-69,-110,-153,-188,-225,-245,-263,-267,-259,-230,-195,-149,-83,-22,45,124,192,256,301,330,345,339,318,275,207,127,51,-39,-120,-197,-264,-309,-338,-350,-340,-310,-274,-225,-157,-86,-20,47,121,182,237,275,299,323,328,313,283,235,176,108,41,-37,-112,-182,-245,-294,-324,-340,-333,-313,-282,-230,-171,-104,-34,43,117,183,247,289,319,335,338,319,285,241,189,115,1353,1236
29146,mtk,MTK 7916,2779108050,rx0-tx1,512,-144,-353,-277,-721,-855,-951,-993,-981,-929,-825,-674,-496,-281,-55,180,400,599,780,912,1002,1046,1032,958,840,680,469,244,0,-244,-477,-690,-860,-992,-1082,-1108,-1072,-985,-851,-663,-438,-195,63,321,558,790,967,1081,1147,1162,1109,993,827,613,366,98,-168,-426,-658,-865,-1024,-1124,-1171,-1152,-1075,-942,-767,-548,-305,-47,225,471,699,892,1028,1130,1167,1144,1067,930,750,529,276,14,-256,-522,-759,-955,-1097,-1182,-1213,-1176,-1070,-914,-703,-439,-162,127,414,670,890,1067,1180,1217,1200,1111,958,753,515,243,-42,-311,-565,-783,-954,-1076,-1126,-1118,-1058,-937,-772,-568,-341,-96,154,390,609,786,916,146,1041,1031,959,839,679,481,256,19,-224,-449,-655,-834,-966,-1042,-1066,-1030,-940,-803,-608,-389,-150,107,356,589,794,950,1063,1105,1084,1006,876,703,478,228,-36,-300,-548,-764,-937,-1064,-1131,-1134,-1067,-939,-765,-540,-291,-16,255,518,755,945,1083,1158,1156,1093,955,773,543,269,-4,-286,-548,-773,-954,-1076,-1129,-1116,-1035,-891,-691,-446,-183,85,351,594,787,920,997,1010,968,859,693,498,272,36,-190,-401,-575,-707,-788,-832,-818,-744,-637,-487,-313,-124,68,254,415,545,636,674,673,623,529,407,245,80,-89,-252,-389,-491,-546,-554,-505,-407,-273,-118,38,176,284,334,331,-470,-453,0,-88,-67,-342,-305,-202,-63,94,259,397,494,533,520,462,356,213,67,-87,-239,-374,-478,-548,-586,-577,-531,-453,-340,-208,-60,90,246,387,508,603,659,683,663,602,499,368,206,32,-156,-343,-519,-664,-773,-837,-849,-812,-732,-585,-406,-192,43,285,511,708,854,956,993,970,895,761,570,342,99,-148,-389,-611,-795,-933,-1018,-1035,-995,-901,-758,-572,-344,-94,159,409,626,813,950,1026,1043,1001,901,752,562,337,103,-141,-375,-585,-755,-886,-965,-991,-961,-875,-752,-593,-392,-179,46,264,461,648,798,908,959,962,920,828,689,520,324,100,-127,-347,-556,-728,-870,-974,-1023,-1015,-411,-838,-678,-480,-256,-10,243,484,706,891,1029,1111,1135,1095,992,830,619,372,107,-173,-452,-699,-918,-1087,-1187,-1223,-1197,-1093,-926,-704,-444,-171,119,397,651,864,1034,1152,1206,1195,1121,982,784,556,303,44,-229,-486,-725,-912,-1055,-1143,-1178,-1150,-1059,-919,-727,-494,-253,16,280,526,754,941,1083,1165,1195,1156,1059,907,705,468,196,-80,-349,-604,-826,-1009,-1143,-1210,-1200,-1142,-1017,-827,-611,-354,-78,200,461,705,907,1057,1156,1187,1154,1055,902,712,472,216,-55,-314,-551,-763,-932,-1048,-1110,-1113,-1050,-932,-769,-566,-341,-99,149,380,591,768,896,986,1023,1005,940,816,661,471,-48,-75,147,311,372,-668,-491,-292,-64,155,368,573,746,887,983,1023,1012,944,841,686,487,269,34,-208,-437,-638,-819,-955,-1037,-1078,-1054,-981,-845,-666,-462,-227,30,280,513,726,906,1041,1113,1138,1088,999,850,642,407,157,-112,-377,-621,-831,-1001,-1115,-1166,-1162,-1092,-970,-801,-576,-332,-65,201,455,686,878,1027,1118,1162,1145,1061,933,741,525,291,29,-230,-485,-717,-906,-1053,-1143,-1177,-1159,-1078,-932,-739,-502,-241,38,322,582,813,1013,1152,1220,1232,1166,1033,852,618,341,55,-226,-504,-746,-940,-1081,-1170,-1187,-1138,-1030,-855,-646,-401,-142,112,365,595,789,938,1032,1073,1057,992,876,707,506,206,58,-184,-415,-620,-795,-931,-1015,-1046,-1024,-946,-825,-656,-446,-217,25,274,507,720,890,1005,1076,1088,1031,925,758,557,319,52,-207,-455,-675,-868,-1012,-1095,-1120,-1082,-985,-828,-629,-395,-128,145,411,643,847,1013,1118,1156,1125,1040,880,672,424,152,-129,-405,-655,-857,-1027,-1125,-1153,-1118,-1005,-842,-629,-375,-95,177,445,679,877,1014,1080,1082,1021,892,706,483,232,-21,-271,-501,-684,-822,-909,-929,-895,-808,-668,-491,-296,-95,122,311,480,615,703,745,741,687,588,456,293,118,-59,-233,-382,-506,-588,-618,-607,-549,-447,-308,-148,24,188,323,419,464,450,391,282,147,20,2,109,0,-28,-71,119,254,374,441,461,423,324,182,14,-150,-300,-432,-516,-554,-558,-513,-428,-313,-180,-30,124,263,390,496,573,615,617,584,505,403,269,118,-46,-217,-378,-514,-633,-714,-758,-756,-705,-614,-477,-311,-108,106,316,522,696,827,913,944,915,824,675,487,262,12,-230,-468,-680,-850,-963,-1016,-1011,-953,-835,-668,-458,-214,39,281,512,710,875,991,1041,1037,965,846,676,458,218,-35,-283,-518,-709,-869,-972,-1020,-1010,-941,-821,-658,-464,-246,-20,214,429,617,777,895,961,977,930,843,714,549,352,135,-83,-303,-506,-683,-820,-924,-977,-971,-928,-827,-680,-504,-291,-63,179,-92,618,797,939,1034,1079,1056,979,846,663,442,194,-68,-340,-593,-810,-990,-1112,-1179,-1179,-1104,-971,-789,-551,-279,6,294,567,805,1003,1135,1211,1217,1158,1028,846,623,366,89,-186,-456,-704,-906,-1059,-1151,-1190,-1165,-1084,-941,-748,-523,-271,-8,262,515,736,926,1061,1145,1185,1145,1056,912,717,486,227,-39,-308,-559,-785,-969,-1108,-1190,-1204,-1161,-1051,-885,-671,-420,-139,136,399,661,872,1038,1154,1210,1192,1114,972,770,542,283,10,-264,-521,-739,-927,-1061,-1132,-1146,-1093,-994,-839,-633,-398,-147,109,355,578,769,921,1019,1068,1055,986,872,708,511,297,63,-168,-390,-588,-748,-884,68,39
29147,mtk,MTK 7916,2779108050,rx1-tx0,512,0,-509,-405,296,461,594,689,755,794,783,737,654,543,409,251,82,-95,-267,-421,-562,-674,-753,-809,-814,-785,-709,-602,-472,-311,-123,82,268,448,611,741,843,904,918,887,804,685,525,331,119,-100,-326,-532,-723,-885,-983,-1050,-1065,-1019,-917,-755,-555,-316,-57,216,490,735,942,1102,1204,1246,1212,1104,933,707,445,141,-176,-472,-767,-1002,-1179,-1294,-1344,-1304,-1187,-1004,-766,-489,-177,143,453,734,969,1141,1262,1320,1284,1180,1023,792,519,236,-66,-372,-647,-887,-1077,-1214,-1279,-1269,-1189,-1035,-828,-576,-296,-3,306,587,826,1018,1158,1219,1220,1153,1010,814,587,322,28,-258,-540,-763,-939,-136,-1150,-1150,-1083,-963,-783,-564,-307,-43,220,475,700,880,1013,1076,1078,1028,917,749,529,295,51,-200,-429,-634,-804,-924,-988,-995,-931,-824,-682,-501,-293,-70,162,363,544,700,805,872,876,838,748,634,480,299,112,-82,-256,-421,-561,-668,-731,-761,-751,-698,-611,-498,-359,-196,-22,149,311,451,571,662,717,733,706,638,532,403,242,59,-118,-286,-423,-553,-651,-689,-704,-670,-588,-468,-329,-172,-3,155,306,441,534,592,612,594,538,454,340,197,59,-83,-216,-335,-433,-482,-509,-499,-459,-377,-271,-153,-20,108,229,328,389,418,399,349,267,157,35,-78,-162,-221,-230,-20,-286,0,362,263,161,218,250,248,209,143,56,-41,-133,-209,-268,-296,-306,-294,-262,-205,-127,-54,22,99,169,229,280,316,333,335,312,275,215,144,58,-29,-124,-213,-301,-377,-426,-459,-471,-450,-404,-326,-217,-93,49,192,330,467,572,626,658,642,576,487,354,199,15,-166,-341,-499,-626,-711,-771,-779,-722,-632,-504,-340,-145,47,252,441,604,739,836,876,859,789,679,525,335,129,-93,-316,-516,-691,-820,-913,-938,-919,-835,-699,-517,-320,-86,152,368,572,744,878,955,982,942,838,700,520,297,61,-179,-405,-610,-780,-900,-972,-975,-936,-841,-685,-503,-286,-56,170,404,599,760,236,956,968,929,848,722,545,347,126,-109,-339,-546,-723,-869,-959,-993,-979,-910,-797,-628,-430,-212,33,273,498,699,858,964,1018,1026,978,866,718,533,309,79,-167,-402,-611,-803,-950,-1042,-1064,-1044,-966,-839,-660,-453,-214,32,282,516,732,913,1032,1109,1118,1074,973,814,602,359,88,-185,-446,-683,-894,-1055,-1156,-1186,-1151,-1057,-904,-692,-439,-175,106,386,639,861,1020,1137,1189,1155,1064,917,730,485,227,-47,-317,-560,-769,-930,-1042,-1099,-1081,-1017,-892,-719,-506,-272,-30,215,436,639,802,913,981,998,952,857,721,548,343,124,-89,-299,-490,-648,-769,-852,-894,-866,-810,-716,16,213,0,-60,-321,761,676,549,400,241,68,-117,-289,-447,-576,-677,-748,-784,-787,-749,-679,-575,-432,-282,-103,78,254,424,566,695,794,855,861,827,760,642,488,316,119,-85,-294,-489,-661,-809,-910,-966,-979,-944,-850,-721,-535,-327,-114,138,379,616,819,981,1098,1152,1155,1081,947,756,526,255,-30,-333,-615,-872,-1073,-1217,-1300,-1300,-1235,-1092,-867,-604,-311,10,332,633,891,1103,1250,1327,1323,1251,1109,898,635,356,43,-268,-554,-817,-1033,-1173,-1260,-1292,-1240,-1110,-930,-691,-420,-120,178,467,732,954,1124,1227,1262,1226,1107,933,708,444,154,-131,-421,-684,-895,-1053,-1164,-1193,-1166,-1064,-890,-679,1335,-166,112,375,625,833,991,1085,1116,1090,998,851,661,430,172,-84,-334,-566,-768,-916,-1004,-1046,-1024,-937,-805,-623,-412,-184,65,298,504,684,825,909,944,920,840,731,576,401,204,-12,-220,-415,-566,-699,-779,-821,-809,-757,-672,-554,-401,-240,-70,106,285,429,559,652,718,739,722,662,571,452,305,146,-23,-192,-354,-496,-606,-692,-728,-718,-659,-573,-466,-301,-130,39,215,369,501,589,653,663,632,570,466,335,196,39,-110,-251,-371,-475,-538,-560,-555,-507,-427,-314,-191,-63,77,209,320,396,451,468,443,388,293,182,54,-74,-183,-271,-326,-340,-310,-245,-157,-55,511,428,0,67,251,147,86,1,-90,-178,-246,-288,-299,-272,-226,-157,-73,11,95,173,244,288,310,316,301,266,218,160,89,16,-67,-151,-232,-295,-345,-375,-387,-380,-350,-311,-233,-135,-26,89,207,314,418,497,548,565,546,499,417,288,142,-13,-190,-343,-480,-598,-682,-723,-712,-664,-568,-425,-254,-75,126,312,476,622,739,799,822,801,718,594,435,243,35,-176,-382,-567,-723,-833,-892,-911,-858,-762,-620,-440,-224,11,237,453,647,793,893,957,949,890,777,611,411,191,-45,-292,-512,-692,-842,-936,-978,-971,-900,-778,-603,-399,-171,64,289,515,700,837,932,961,958,894,766,607,-351,200,-31,-258,-465,-658,-810,-918,-972,-971,-925,-828,-687,-494,-271,-46,190,417,626,797,913,995,1020,979,892,754,575,367,141,-96,-345,-568,-747,-899,-994,-1038,-1035,-957,-848,-695,-494,-261,-14,227,459,671,847,981,1072,1095,1065,975,836,639,411,163,-104,-360,-596,-808,-977,-1095,-1159,-1149,-1077,-944,-770,-544,-283,0,275,539,777,980,1112,1181,1187,1121,997,816,591,346,58,-219,-482,-713,-917,-1062,-1133,-1144,-1090,-978,-820,-613,-378,-111,150,384,607,791,935,1018,1050,1017,934,807,632,423,203,-34,-262,-465,-644,-791,-893,-936,-928,-877,-776,-637,-465,-277,-65,142,322,502,-376,-302
29148,mtk,MTK 7916,2779108050,rx1-tx1,512,0,0,0,-569,-191,250,614,794,739,468,53,-380,-693,-799,-663,-326,105,506,751,767,551,163,-278,-636,-794,-711,-417,10,441,744,818,639,265,-195,-604,-832,-805,-535,-99,379,741,888,768,408,-87,-560,-868,-913,-683,-239,284,729,961,908,575,65,-471,-878,-1029,-869,-447,111,640,993,1052,797,300,-289,-798,-1075,-1041,-702,-153,437,907,1105,977,568,-8,-584,-979,-1081,-870,-410,173,700,1007,1018,729,230,-328,-784,-1001,-916,-564,-45,480,853,961,776,367,-148,-613,-891,-894,-619,-159,341,736,913,810,456,-36,-511,-833,-903,-700,-285,224,665,899,863,573,107,-400,-788,-936,-809,0,58,550,877,945,728,282,-249,-709,-968,-939,-637,-141,411,841,1024,910,522,-28,-579,-970,-1071,-861,-399,194,735,1063,1091,803,274,-343,-870,-1144,-1093,-720,-135,487,970,1187,1055,615,-11,-641,-1085,-1213,-995,-489,163,764,1150,1208,914,345,-329,-905,-1226,-1205,-831,-211,468,1025,1293,1198,762,106,-587,-1124,-1339,-1178,-695,-24,652,1152,1333,1147,656,-13,-674,-1142,-1292,-1094,-599,49,670,1098,1208,992,532,-62,-632,-1013,-1109,-905,-465,84,587,920,999,805,406,-85,-545,-840,-898,-724,-365,74,484,758,835,698,389,-8,-390,-666,-777,-710,-489,-174,151,427,596,632,546,381,167,0,0,0,0,0,-320,-333,-272,-139,45,242,410,505,494,373,158,-107,-360,-533,-586,-499,-279,24,328,557,647,568,339,16,-321,-587,-700,-627,-386,-33,341,631,751,672,408,11,-391,-687,-804,-710,-410,15,450,764,865,738,407,-46,-493,-808,-910,-761,-400,75,535,848,923,745,364,-122,-570,-853,-898,-696,-290,193,603,841,844,599,188,-260,-626,-812,-757,-489,-84,343,660,777,662,353,-57,-446,-700,-734,-553,-212,193,537,720,690,448,73,-325,-624,-736,-632,-343,55,439,692,744,576,233,-175,-535,-739,-728,-502,-129,277,599,747,679,407,20,-367,-641,-723,-591,-284,107,458,674,0,481,137,-246,-560,-706,-635,-362,24,402,662,732,581,241,-171,-540,-754,-733,-494,-111,313,656,804,712,406,-29,-454,-751,-822,-644,-278,168,575,814,809,558,129,-342,-712,-876,-774,-434,41,505,826,905,712,304,-196,-640,-907,-912,-641,-173,351,767,964,883,535,33,-479,-850,-978,-821,-425,99,582,887,932,711,275,-231,-653,-882,-847,-560,-116,354,710,842,720,386,-54,-467,-732,-770,-567,-195,226,575,736,674,406,8,-390,-656,-722,-564,-229,179,531,720,688,445,66,-341,-645,-758,-642,-324,92,480,730,757,556,186,-241,-599,-782,-729,-457,-50,373,690,801,670,0,0,0,0,0,-562,-780,-765,-522,-125,308,650,797,704,401,-21,-437,-723,-788,-611,-245,193,571,775,745,488,77,-367,-694,-810,-682,-345,108,530,792,814,594,182,-288,-676,-860,-786,-468,-5,468,807,904,725,326,-179,-642,-919,-912,-629,-153,378,800,993,884,509,-24,-564,-942,-1039,-832,-375,200,724,1041,1054,751,230,-367,-860,-1095,-1010,-638,-78,508,940,1098,937,493,-88,-641,-1000,-1059,-801,-318,248,740,1011,973,644,136,-400,-812,-978,-856,-469,58,555,869,923,705,267,-254,-686,-902,-849,-540,-67,431,795,907,749,368,-129,-590,-868,-886,-636,-194,309,726,921,842,511,21,-473,0,-950,-777,-362,162,631,916,941,679,206,-332,-777,-997,-920,-573,-55,495,907,1053,891,455,-115,-656,-1017,-1088,-839,-339,271,807,1111,1090,760,203,-426,-936,-1180,-1082,-670,-65,564,1038,1206,1026,544,-81,-690,-1118,-1219,-956,-419,242,840,1190,1199,870,285,-394,-965,-1263,-1204,-796,-151,538,1071,1318,1198,738,69,-626,-1142,-1333,-1161,-679,-7,673,1158,1317,1120,621,-36,-670,-1116,-1253,-1049,-568,57,652,1054,1159,948,495,-74,-610,-967,-1047,-846,-431,84,566,880,951,761,376,-92,-514,-793,-861,-704,-364,53,443,716,806,695,427,71,-294,-575,-718,-702,-548,-305,-25,230,397,460,0,0,0,0,0,3,-142,-284,-398,-444,-400,-269,-67,173,388,523,547,441,226,-53,-336,-542,-614,-534,-313,-5,320,571,672,602,372,29,-328,-604,-728,-657,-399,-26,365,666,791,698,408,-4,-417,-726,-843,-733,-417,29,471,780,886,745,400,-68,-523,-837,-922,-753,-371,107,553,853,917,725,337,-145,-580,-849,-879,-659,-256,212,611,823,794,542,135,-298,-638,-790,-708,-419,-13,391,675,755,611,284,-126,-491,-708,-715,-504,-147,252,583,732,662,392,1,-381,-650,-739,-604,-285,118,487,716,735,540,188,-220,-566,-748,-708,-460,-84,319,622,737,633,347,-37,-409,-652,-700,-540,-218,0,523,695,656,423,61,-328,-622,-725,-600,-300,97,475,715,737,537,177,-246,-599,-776,-722,-452,-43,392,709,819,681,335,-107,-519,-781,-811,-597,-201,260,645,845,795,499,42,-430,-776,-894,-745,-367,119,580,876,906,670,239,-269,-711,-946,-899,-591,-107,413,808,969,851,477,-34,-537,-879,-961,-768,-356,159,619,890,897,636,195,-291,-686,-869,-789,-480,-34,413,720,804,644,294,-134,-518,-739,-726,-488,-109,302,617,731,620,324,-77,-457,-695,-712,-504,-144,262,590,742,669,390,-10,-408,-687,-754,-596,-259,164,544,758,742,506,119,-308,-646,-786,-697,-399,23,435,0,0
29149,mtk,MTK 7916,2779108050,rx2-tx0,512,0,0,0,-593,-285,121,498,723,742,549,191,-226,-567,-743,-708,-471,-95,309,620,743,653,378,-9,-393,-649,-711,-570,-262,117,455,663,667,465,126,-235,-515,-642,-579,-340,-6,321,547,600,470,198,-128,-402,-547,-523,-332,-44,253,463,529,435,201,-107,-371,-504,-479,-307,-35,245,453,518,412,174,-118,-380,-528,-508,-325,-40,262,487,563,469,225,-96,-396,-577,-587,-415,-117,216,487,619,562,332,7,-320,-556,-623,-508,-235,111,417,599,605,423,122,-213,-491,-620,-557,-326,3,333,559,621,499,231,-113,-420,-596,-589,-408,-122,205,482,605,543,325,8,-305,-521,-584,-471,0,102,379,537,528,357,77,-225,-458,-553,-472,-244,52,339,529,549,392,124,-191,-460,-587,-530,-312,5,328,562,629,504,225,-127,-455,-651,-650,-456,-121,255,568,717,650,391,16,-379,-674,-767,-636,-319,110,511,768,806,610,230,-230,-633,-861,-848,-580,-138,341,729,934,877,564,83,-424,-818,-988,-881,-533,-38,470,845,994,873,512,11,-490,-852,-974,-839,-480,8,487,820,924,780,423,-33,-465,-770,-862,-719,-387,38,438,711,794,658,350,-33,-398,-649,-720,-601,-337,3,333,569,646,561,346,56,-241,-466,-570,-539,-390,-165,78,284,415,449,394,272,123,-26,0,0,0,0,0,-235,-303,-325,-281,-167,-3,179,338,440,454,360,174,-60,-285,-457,-523,-464,-287,-32,238,453,552,509,336,77,-217,-462,-585,-552,-369,-85,228,483,612,574,372,72,-246,-507,-633,-579,-369,-49,286,541,646,568,340,14,-319,-564,-647,-548,-308,26,356,571,623,500,236,-90,-392,-581,-593,-432,-150,166,425,563,528,343,69,-228,-451,-530,-457,-243,37,302,475,493,356,113,-159,-379,-482,-437,-250,20,280,456,495,380,147,-141,-391,-524,-505,-338,-61,247,478,571,497,275,-34,-340,-550,-600,-467,-198,131,421,589,582,404,102,-237,-504,-624,-567,-332,5,344,587,0,527,247,-109,-436,-636,-648,-477,-156,219,527,682,635,398,49,-318,-596,-700,-594,-311,63,423,657,690,523,209,-173,-514,-693,-658,-431,-85,294,589,704,604,324,-54,-412,-651,-693,-524,-192,196,520,689,648,414,49,-332,-614,-711,-596,-296,103,460,678,702,511,164,-234,-563,-722,-662,-409,-29,360,644,730,596,287,-104,-458,-678,-700,-506,-159,226,540,688,625,379,22,-346,-603,-670,-531,-242,119,444,630,627,428,98,-256,-526,-634,-550,-294,50,377,583,609,450,152,-192,-481,-624,-571,-341,-9,328,572,646,515,226,-136,-465,-657,-649,-446,-109,259,567,714,638,0,0,0,0,0,-451,-692,-738,-572,-232,177,527,733,731,516,149,-264,-600,-753,-687,-425,-41,346,634,738,619,320,-70,-428,-656,-692,-520,-197,179,495,655,619,396,64,-275,-532,-627,-523,-265,61,363,550,564,401,117,-196,-438,-541,-475,-264,28,309,492,516,374,118,-175,-415,-517,-461,-256,36,320,498,521,377,111,-194,-440,-549,-483,-276,24,330,540,578,442,169,-162,-446,-601,-583,-382,-64,273,531,629,537,283,-58,-383,-584,-614,-465,-177,166,455,612,586,382,62,-273,-530,-628,-535,-277,55,371,576,605,455,168,-168,-448,-601,-571,-366,-59,262,503,589,504,266,-54,-349,0,-554,-414,-144,162,412,541,505,306,16,-284,-488,-539,-430,-185,127,408,560,541,359,62,-263,-511,-605,-522,-275,67,390,604,639,476,168,-197,-516,-685,-651,-427,-68,321,623,748,650,353,-56,-450,-714,-785,-630,-268,184,581,820,832,599,185,-295,-701,-904,-859,-575,-119,382,783,960,874,545,62,-445,-836,-994,-878,-524,-28,476,853,990,856,495,0,-494,-840,-956,-811,-446,30,482,799,901,751,404,-38,-459,-747,-829,-686,-364,44,422,682,752,624,342,-21,-368,-604,-679,-575,-332,-20,290,518,608,550,366,102,-171,-388,-506,-511,-409,-233,-32,154,285,339,327,0,0,0,0,0,146,41,-88,-228,-341,-399,-380,-274,-97,116,316,451,491,417,235,-6,-256,-453,-536,-487,-318,-51,232,449,564,534,355,78,-223,-474,-599,-562,-379,-82,245,501,620,575,369,64,-263,-531,-651,-588,-361,-34,306,554,646,569,327,-3,-330,-566,-636,-528,-271,62,373,574,609,472,197,-135,-419,-574,-568,-400,-110,198,438,549,494,294,13,-267,-464,-511,-403,-184,92,340,473,459,304,48,-221,-418,-493,-413,-195,84,343,502,506,358,100,-195,-433,-549,-509,-308,2,298,511,586,487,231,-88,-381,-568,-588,-436,-156,177,467,618,572,365,54,-284,-541,-634,-541,-287,0,399,614,652,501,197,-167,-485,-666,-647,-445,-114,264,564,689,614,360,-5,-378,-636,-695,-555,-257,125,466,667,674,484,144,-245,-548,-687,-634,-383,-11,359,618,697,564,253,-131,-469,-671,-675,-473,-126,266,574,700,621,357,-18,-396,-658,-715,-551,-224,169,513,714,698,464,96,-297,-603,-730,-641,-355,35,413,664,712,549,226,-167,-508,-688,-668,-450,-92,288,575,686,590,319,-47,-395,-617,-649,-488,-176,187,490,640,587,360,30,-312,-560,-631,-505,-227,121,425,601,596,405,79,-266,-527,-632,-549,-288,66,397,608,643,483,171,-204,-523,-684,-645,-414,-56,324,0,0
29150,mtk,MTK 7916,2779108050,rx2-tx1,512,0,0,0,478,179,-181,-489,-658,-646,-450,-119,250,549,686,624,393,54,-306,-583,-695,-607,-338,28,375,616,675,538,249,-109,-447,-655,-663,-483,-165,206,521,688,646,412,63,-309,-600,-723,-636,-360,15,380,644,726,597,301,-82,-441,-676,-722,-564,-246,135,472,668,680,494,177,-174,-471,-641,-621,-426,-119,215,477,603,552,342,39,-258,-471,-550,-465,-250,18,271,443,481,381,178,-63,-281,-411,-407,-284,-91,113,277,360,334,210,27,-163,-288,-313,-255,-133,31,169,245,256,188,59,-76,-181,-236,-205,-116,-6,95,169,192,138,39,-46,-120,-160,-144,-81,8,94,152,0,112,26,-68,-143,-165,-133,-70,11,95,158,169,128,45,-53,-132,-170,-169,-116,-31,58,137,170,155,100,18,-67,-136,-162,-137,-75,-9,56,100,111,94,55,-2,-48,-64,-51,-24,10,38,36,10,-28,-68,-85,-68,-31,20,82,131,143,122,60,-38,-133,-189,-217,-183,-88,32,150,227,245,203,96,-48,-173,-251,-271,-228,-118,24,166,261,281,229,116,-21,-157,-258,-284,-221,-100,27,154,247,268,210,94,-40,-156,-227,-240,-189,-86,34,143,216,231,183,87,-26,-135,-205,-220,-184,-97,12,114,188,217,191,128,41,-50,-125,-168,-177,-151,-101,-41,19,0,0,0,0,0,126,115,85,32,-37,-112,-174,-202,-191,-141,-58,46,148,219,244,209,120,5,-111,-210,-259,-244,-170,-51,83,198,260,260,195,69,-79,-198,-272,-275,-199,-74,68,186,266,283,221,99,-51,-178,-253,-260,-202,-93,36,156,231,241,185,88,-30,-135,-195,-195,-147,-66,33,110,146,138,89,16,-48,-85,-92,-69,-24,13,52,65,42,-7,-51,-81,-88,-55,9,77,135,150,112,36,-59,-145,-197,-190,-131,-23,107,210,249,230,147,8,-144,-260,-310,-269,-148,15,183,312,355,290,139,-55,-245,-375,-403,-320,-142,86,290,417,430,322,117,-129,-336,-457,-454,0,-89,168,390,501,470,302,44,-223,-433,-528,-476,-286,-11,265,471,550,472,258,-30,-313,-507,-564,-458,-217,73,342,528,557,421,174,-114,-383,-543,-535,-376,-112,178,411,517,481,313,45,-233,-436,-512,-438,-236,23,275,450,486,379,155,-105,-317,-431,-426,-289,-66,162,342,422,359,191,-15,-217,-349,-370,-279,-97,118,283,356,318,179,-8,-194,-322,-342,-253,-85,117,287,359,312,174,-19,-213,-340,-359,-268,-84,139,308,385,356,207,-13,-232,-392,-438,-343,-144,100,326,466,474,335,92,-186,-422,-537,-497,-307,-21,278,502,588,502,275,-36,-342,-559,-623,-496,0,0,0,0,0,457,646,643,459,144,-221,-518,-675,-640,-425,-93,269,562,690,620,374,16,-340,-596,-688,-573,-295,67,410,636,673,515,209,-158,-486,-673,-660,-452,-116,252,560,703,630,377,21,-347,-621,-720,-614,-327,51,410,666,738,593,284,-103,-456,-679,-712,-544,-227,150,480,662,653,466,154,-196,-482,-623,-589,-393,-84,240,483,577,502,286,12,-259,-457,-510,-416,-215,48,287,429,445,329,129,-98,-285,-385,-366,-241,-59,136,283,341,299,166,-15,-179,-274,-288,-225,-101,52,180,242,237,157,35,-88,-179,-210,-169,-83,24,118,161,160,104,11,-79,-137,-163,-132,-49,0,113,155,142,88,9,-85,-156,-172,-132,-56,33,113,163,165,118,41,-53,-137,-181,-168,-106,-22,69,135,162,145,88,6,-65,-114,-126,-111,-70,-7,49,70,73,58,18,-21,-42,-40,-17,16,46,51,34,-8,-63,-99,-115,-101,-52,30,110,171,190,154,71,-33,-144,-223,-238,-192,-93,37,160,252,275,215,107,-26,-164,-257,-280,-226,-115,27,159,250,272,216,104,-33,-157,-244,-270,-220,-109,36,162,236,251,203,97,-36,-158,-235,-245,-195,-96,27,141,216,232,184,91,-23,-127,-195,-213,-183,-108,-11,90,165,200,190,145,75,-7,-73,-118,-138,-128,0,0,0,0,0,19,73,122,155,167,148,87,6,-77,-162,-217,-226,-186,-94,19,128,218,258,230,148,29,-97,-203,-264,-257,-179,-56,82,199,264,265,198,71,-67,-190,-269,-279,-211,-82,57,179,260,274,211,90,-49,-168,-243,-257,-198,-90,36,142,206,218,167,70,-36,-121,-165,-166,-120,-35,45,102,121,99,55,-2,-47,-71,-69,-27,17,57,74,60,16,-40,-89,-113,-105,-42,36,111,169,179,121,25,-81,-180,-232,-214,-135,-8,125,230,281,251,146,-3,-160,-289,-340,-287,-147,43,225,349,378,302,139,-70,-264,-393,-415,-318,-129,97,312,442,441,315,99,-151,0,-474,-464,-318,-73,196,413,516,468,287,28,-245,-453,-541,-478,-278,6,296,503,563,468,245,-48,-333,-520,-562,-446,-197,104,376,536,542,403,150,-152,-405,-538,-516,-344,-78,207,431,525,462,270,4,-258,-442,-494,-400,-198,57,294,442,449,323,108,-132,-327,-421,-388,-242,-28,186,340,390,320,148,-67,-255,-355,-345,-231,-45,156,303,351,291,136,-62,-239,-341,-333,-212,-29,163,308,365,299,130,-77,-264,-371,-362,-238,-31,186,350,414,353,181,-50,-278,-429,-452,-344,-128,141,382,515,487,315,55,-235,-467,-564,-507,-303,7,317,534,601,504,258,-73,-386,0,0
29151,mtk,MTK 7916,2779117188,rx0-tx0,512,0,0,0,0,0,0,0,0,0,0,0,0,0,0,0,0,0,0,0,0,0,0,0,0,0,0,0,0,0,0,0,0,0,0,0,0,0,0,0,0,0,0,0,0,0,0,0,0,0,0,0,0,0,0,0,0,0,0,0,0,0,0,0,0,0,0,0,0,0,0,0,0,0,0,0,0,0,0,0,0,0,0,0,0,0,0,0,0,0,0,0,0,0,0,0,0,0,0,0,0,0,0,0,0,0,0,0,0,0,0,0,0,0,0,0,0,0,0,0,0,0,0,0,0,0,0,0,0,0,0,0,0,0,0,0,0,0,0,0,0,0,0,0,0,0,0,0,0,0,0,0,0,0,0,0,0,0,0,0,0,0,0,0,0,0,0,0,0,0,0,0,0,0,0,0,0,0,0,0,0,0,0,0,0,0,0,0,0,0,0,0,0,0,0,0,0,0,0,0,0,0,0,0,0,0,0,0,0,0,0,0,0,0,0,0,0,0,0,0,0,0,0,0,0,0,0,0,0,0,0,0,0,0,0,0,0,0,0,0,0,0,0,0,0,0,0,0,0,0,0,0,0,0,0,0,0,-273,1011,958,237,169,40,-112,-263,-366,-405,-392,-336,-236,-107,32,169,295,395,462,490,474,411,314,177,25,-135,-287,-422,-536,-604,-625,-590,-498,-361,-197,-19,171,341,493,610,674,685,648,567,446,285,106,-70,-247,-408,-537,-644,-709,-717,-693,-623,-496,-359,-183,6,202,391,565,698,782,831,819,745,616,453,253,25,-204,-430,-634,-787,-886,-928,-907,-823,-685,-503,-271,-30,222,460,660,814,907,938,909,813,671,487,261,28,-199,-411,-597,-730,-807,-847,-823,-748,-639,-488,-310,-123,67,250,421,559,666,728,750,737,677,581,450,298,124,-52,-229,-394,-543,-665,-745,-780,-1687,-716,-609,-468,-296,-109,99,292,469,621,733,795,811,781,708,590,430,252,65,-128,-321,-494,-641,-761,-834,-860,-840,-771,-660,-500,-309,-93,144,381,606,800,957,1049,1074,1033,922,742,499,206,-99,-407,-700,-952,-1141,-1262,-1288,-1213,-1057,-824,-520,-167,180,531,843,1091,1263,1344,1326,1207,1015,748,421,66,-292,-625,-906,-1125,-1264,-1314,-1270,-1133,-908,-626,-298,43,390,700,966,1160,1256,1265,1178,995,739,432,81,-271,-595,-871,-1078,-1191,-1202,-1114,-935,-682,-384,-55,275,572,809,974,1056,1046,948,773,539,255,-45,-335,-608,-821,-962,-1017,-957,-786,-506,-151,238,593,823,881,741,898,0,0,0,0,0,0,0,0,0,0,0,0,0,0,0,0,0,0,0,0,0,0,0,0,0,0,0,0,0,0,0,0,0,0,0,0,0,0,0,0,0,0,0,0,0,0,0,0,0,0,0,0,0,0,0,0,0,0,0,0,0,0,0,0,0,0,0,0,0,0,0,0,0,0,0,0,0,0,0,0,0,0,0,0,0,0,0,0,0,0,0,0,0,0,0,0,0,0,0,0,0,0,0,0,0,0,0,0,0,0,0,0,0,0,0,0,0,0,0,0,0,0,0,0,0,0,0,0,0,0,0,0,0,0,0,0,0,0,0,0,0,0,0,0,0,0,0,0,0,0,0,0,0,0,0,0,0,0,0,0,0,0,0,0,0,0,0,0,0,0,0,0,0,0,0,0,0,0,0,0,0,0,0,0,0,0,0,0,0,0,0,0,0,0,0,0,0,0,0,0,0,0,0,0,0,0,0,0,0,0,0,0,0,0,0,0,0,0,0,0,0,0,0,0,0,0,0,0,0,0,0,0,0,0,0,0,0,0,0,0,0,0,0,0,0,0,0,0,0,0,0,0,0,0,0,0,-1322,-81,-347,-141,-262,-338,-349,-288,-168,-22,122,256,361,422,441,422,356,253,124,-16,-162,-296,-418,-505,-545,-545,-495,-407,-271,-105,73,250,408,537,624,668,650,582,469,312,136,-55,-232,-400,-541,-639,-689,-698,-657,-568,-448,-302,-130,51,222,401,543,650,733,759,743,685,571,409,222,16,-206,-418,-595,-738,-841,-885,-874,-801,-662,-483,-264,-30,217,446,639,802,908,946,926,836,685,494,263,21,-222,-446,-626,-780,-873,-902,-870,-788,-652,-468,-278,-67,149,338,503,644,738,782,781,737,650,528,376,203,32,-146,-313,-465,-589,-681,-735,-747,-718,-647,-540,-394,-221,-32,-175,336,510,653,746,798,802,752,665,532,364,171,-26,-225,-408,-574,-697,-780,-820,-812,-757,-657,-532,-369,-178,27,235,435,617,769,877,946,952,906,794,635,425,172,-99,-375,-640,-874,-1054,-1163,-1192,-1142,-1007,-795,-529,-219,128,462,770,1034,1229,1323,1321,1236,1049,794,481,127,-241,-580,-878,-1121,-1279,-1338,-1304,-1178,-971,-696,-369,-19,331,659,931,1133,1253,1285,1225,1070,846,543,213,-132,-474,-781,-1019,-1188,-1260,-1224,-1089,-870,-586,-252,91,427,721,944,1090,1145,1098,958,740,477,175,-138,-428,-677,-866,-982,-1007,-949,-802,-573,-294,26,353,657,894,1015,990,793,462,120,680,454
29152,mtk,MTK 7916,2779117188,rx0-tx1,512,0,0,0,0,0,0,0,0,0,0,0,0,0,0,0,0,0,0,0,0,0,0,0,0,0,0,0,0,0,0,0,0,0,0,0,0,0,0,0,0,0,0,0,0,0,0,0,0,0,0,0,0,0,0,0,0,0,0,0,0,0,0,0,0,0,0,0,0,0,0,0,0,0,0,0,0,0,0,0,0,0,0,0,0,0,0,0,0,0,0,0,0,0,0,0,0,0,0,0,0,0,0,0,0,0,0,0,0,0,0,0,0,0,0,0,0,0,0,0,0,0,0,0,0,0,0,0,0,0,0,0,0,0,0,0,0,0,0,0,0,0,0,0,0,0,0,0,0,0,0,0,0,0,0,0,0,0,0,0,0,0,0,0,0,0,0,0,0,0,0,0,0,0,0,0,0,0,0,0,0,0,0,0,0,0,0,0,0,0,0,0,0,0,0,0,0,0,0,0,0,0,0,0,0,0,0,0,0,0,0,0,0,0,0,0,0,0,0,0,0,0,0,0,0,0,0,0,0,0,0,0,0,0,0,0,0,0,0,0,0,0,0,0,0,0,0,0,0,0,0,0,0,0,0,0,0,-730,9,-45,-100,10,157,285,363,379,333,242,112,-32,-173,-303,-404,-469,-494,-472,-406,-295,-148,19,194,362,504,609,667,671,612,496,333,133,-91,-309,-508,-677,-799,-856,-845,-772,-630,-439,-202,49,300,542,744,910,999,1011,962,837,645,406,126,-168,-449,-716,-930,-1074,-1151,-1147,-1061,-900,-673,-397,-83,236,535,808,1032,1194,1260,1240,1139,961,717,418,99,-235,-559,-846,-1080,-1241,-1322,-1315,-1225,-1045,-794,-491,-144,200,547,855,1102,1280,1377,1386,1288,1119,866,552,208,-154,-514,-832,-1097,-1291,-1396,-1406,-1325,-1149,-898,-600,-256,107,461,782,1050,1250,1364,1391,1325,1183,952,665,338,-546,-353,-683,-960,-1172,-1315,-1375,-1343,-1227,-1039,-778,-474,-143,214,548,853,1108,1289,1385,1403,1319,1155,920,615,268,-101,-463,-801,-1090,-1304,-1424,-1468,-1396,-1233,-986,-676,-326,56,428,768,1050,1270,1400,1433,1371,1223,985,690,356,-2,-355,-679,-952,-1169,-1307,-1352,-1306,-1181,-983,-725,-410,-78,255,573,856,1087,1243,1312,1293,1188,1004,750,442,98,-254,-586,-878,-1110,-1261,-1318,-1275,-1138,-924,-624,-281,71,423,748,1003,1188,1270,1243,1123,911,627,293,-58,-392,-692,-926,-1075,-1126,-1080,-941,-731,-471,-172,128,402,636,813,916,934,878,738,531,278,-13,-310,-584,-799,-910,-883,-714,-422,-119,163,114,0,0,0,0,0,0,0,0,0,0,0,0,0,0,0,0,0,0,0,0,0,0,0,0,0,0,0,0,0,0,0,0,0,0,0,0,0,0,0,0,0,0,0,0,0,0,0,0,0,0,0,0,0,0,0,0,0,0,0,0,0,0,0,0,0,0,0,0,0,0,0,0,0,0,0,0,0,0,0,0,0,0,0,0,0,0,0,0,0,0,0,0,0,0,0,0,0,0,0,0,0,0,0,0,0,0,0,0,0,0,0,0,0,0,0,0,0,0,0,0,0,0,0,0,0,0,0,0,0,0,0,0,0,0,0,0,0,0,0,0,0,0,0,0,0,0,0,0,0,0,0,0,0,0,0,0,0,0,0,0,0,0,0,0,0,0,0,0,0,0,0,0,0,0,0,0,0,0,0,0,0,0,0,0,0,0,0,0,0,0,0,0,0,0,0,0,0,0,0,0,0,0,0,0,0,0,0,0,0,0,0,0,0,0,0,0,0,0,0,0,0,0,0,0,0,0,0,0,0,0,0,0,0,0,0,0,0,0,0,0,0,0,0,0,0,0,0,0,0,0,0,0,0,0,0,0,-128,-237,-235,233,289,283,203,74,-77,-217,-332,-406,-430,-407,-340,-233,-103,46,195,338,457,539,574,561,494,380,224,40,-160,-356,-528,-663,-750,-770,-728,-628,-472,-271,-35,205,435,642,804,909,940,906,799,641,425,159,-114,-385,-638,-845,-1001,-1090,-1092,-1022,-876,-659,-391,-99,212,508,772,987,1135,1210,1192,1099,930,693,400,76,-247,-558,-839,-1068,-1218,-1292,-1279,-1184,-1007,-758,-452,-118,226,554,855,1096,1270,1356,1349,1265,1082,830,522,178,-187,-536,-848,-1112,-1291,-1387,-1401,-1314,-1136,-886,-575,-226,139,498,822,1085,1274,1383,1400,1327,1160,927,626,291,-64,-406,-732,-1008,-1213,-1341,1197,-1334,-1194,-985,-714,-403,-61,283,605,898,1137,1292,1378,1369,1271,1094,848,541,206,-149,-502,-812,-1086,-1290,-1411,-1437,-1371,-1214,-969,-651,-300,69,447,785,1075,1288,1423,1456,1386,1226,990,692,338,-35,-396,-732,-1017,-1226,-1362,-1402,-1345,-1200,-981,-701,-377,-30,304,619,891,1113,1256,1309,1283,1175,993,742,441,107,-234,-561,-852,-1082,-1242,-1317,-1296,-1180,-981,-711,-388,-35,324,649,935,1155,1273,1298,1228,1053,800,489,130,-226,-559,-847,-1064,-1189,-1205,-1125,-954,-705,-404,-76,250,546,777,940,1019,1003,904,737,513,247,-29,-302,-553,-744,-870,-917,-865,-717,-471,-145,198,512,722,779,-166,-204
29153,mtk,MTK 7916,2779117188,rx1-tx0,512,0,0,0,0,0,0,0,0,0,0,0,0,0,0,0,0,0,0,0,0,0,0,0,0,0,0,0,0,0,0,0,0,0,0,0,0,0,0,0,0,0,0,0,0,0,0,0,0,0,0,0,0,0,0,0,0,0,0,0,0,0,0,0,0,0,0,0,0,0,0,0,0,0,0,0,0,0,0,0,0,0,0,0,0,0,0,0,0,0,0,0,0,0,0,0,0,0,0,0,0,0,0,0,0,0,0,0,0,0,0,0,0,0,0,0,0,0,0,0,0,0,0,0,0,0,0,0,0,0,0,0,0,0,0,0,0,0,0,0,0,0,0,0,0,0,0,0,0,0,0,0,0,0,0,0,0,0,0,0,0,0,0,0,0,0,0,0,0,0,0,0,0,0,0,0,0,0,0,0,0,0,0,0,0,0,0,0,0,0,0,0,0,0,0,0,0,0,0,0,0,0,0,0,0,0,0,0,0,0,0,0,0,0,0,0,0,0,0,0,0,0,0,0,0,0,0,0,0,0,0,0,0,0,0,0,0,0,0,0,0,0,0,0,0,0,0,0,0,0,0,0,0,0,0,0,0,146,405,132,-133,-171,-162,-119,-39,54,132,198,229,224,201,148,75,-4,-88,-161,-220,-248,-253,-234,-186,-125,-54,30,114,179,231,256,256,236,193,129,55,-17,-88,-148,-190,-216,-222,-205,-179,-136,-82,-29,26,71,98,129,143,145,135,111,85,57,31,5,-13,-27,-36,-43,-46,-49,-45,-41,-47,-47,-45,-52,-54,-61,-71,-64,-61,-46,-18,10,48,91,131,170,191,210,205,176,135,79,10,-72,-158,-227,-281,-308,-308,-287,-245,-178,-92,-1,97,190,262,324,363,364,340,282,212,121,22,-80,-178,-259,-324,-363,-374,-362,-321,-251,-162,-68,37,139,232,305,353,-144,383,345,284,201,111,9,-99,-196,-278,-339,-373,-375,-345,-285,-209,-128,-29,70,161,236,285,325,335,311,267,207,138,52,-27,-103,-169,-221,-258,-273,-265,-241,-201,-148,-84,-20,43,105,154,182,210,218,210,188,154,116,61,20,-43,-101,-139,-170,-186,-185,-169,-146,-119,-75,-23,26,66,98,120,133,143,136,118,97,71,35,9,-19,-46,-76,-93,-102,-112,-106,-89,-75,-55,-41,-21,18,44,66,90,103,106,104,89,67,42,5,-25,-54,-82,-110,-122,-110,-92,-71,-36,-3,28,62,91,107,102,92,74,50,18,-27,-64,-91,-102,-91,-68,-32,-7,977,835,0,0,0,0,0,0,0,0,0,0,0,0,0,0,0,0,0,0,0,0,0,0,0,0,0,0,0,0,0,0,0,0,0,0,0,0,0,0,0,0,0,0,0,0,0,0,0,0,0,0,0,0,0,0,0,0,0,0,0,0,0,0,0,0,0,0,0,0,0,0,0,0,0,0,0,0,0,0,0,0,0,0,0,0,0,0,0,0,0,0,0,0,0,0,0,0,0,0,0,0,0,0,0,0,0,0,0,0,0,0,0,0,0,0,0,0,0,0,0,0,0,0,0,0,0,0,0,0,0,0,0,0,0,0,0,0,0,0,0,0,0,0,0,0,0,0,0,0,0,0,0,0,0,0,0,0,0,0,0,0,0,0,0,0,0,0,0,0,0,0,0,0,0,0,0,0,0,0,0,0,0,0,0,0,0,0,0,0,0,0,0,0,0,0,0,0,0,0,0,0,0,0,0,0,0,0,0,0,0,0,0,0,0,0,0,0,0,0,0,0,0,0,0,0,0,0,0,0,0,0,0,0,0,0,0,0,0,0,0,0,0,0,0,0,0,0,0,0,0,0,0,0,0,0,0,0,206,-970,-1046,-70,-1,89,163,209,209,175,113,28,-49,-121,-187,-227,-241,-230,-188,-129,-50,24,104,175,223,255,264,242,196,128,46,-34,-104,-172,-223,-245,-248,-228,-186,-129,-69,-3,59,113,164,186,192,180,152,126,90,45,7,-29,-55,-75,-90,-93,-89,-84,-76,-69,-56,-38,-24,-13,-15,-19,-14,-12,-9,1,11,34,58,78,107,124,133,139,132,109,74,28,-24,-92,-152,-202,-245,-270,-272,-245,-199,-131,-44,49,135,212,283,329,348,346,305,237,158,52,-45,-143,-233,-304,-355,-371,-360,-324,-265,-186,-90,7,105,203,283,336,368,374,353,303,226,141,147,-66,-171,-260,-325,-363,-377,-360,-316,-252,-169,-74,26,130,226,288,333,351,342,307,245,172,92,-4,-90,-168,-227,-273,-296,-292,-275,-230,-168,-100,-33,33,95,153,198,223,230,224,205,164,119,74,18,-33,-87,-133,-175,-191,-200,-204,-173,-138,-99,-47,6,56,94,130,160,171,165,148,121,86,53,16,-25,-60,-87,-106,-117,-116,-115,-108,-88,-61,-39,-11,24,47,71,85,96,114,110,91,76,53,28,0,-34,-65,-89,-106,-110,-104,-97,-78,-47,-6,31,58,88,110,117,110,93,67,28,-10,-43,-76,-95,-104,-102,-78,-50,-11,32,62,79,77,-410,-642
29154,mtk,MTK 7916,2779117188,rx1-tx1,512,0,0,0,0,0,0,0,0,0,0,0,0,0,0,0,0,0,0,0,0,0,0,0,0,0,0,0,0,0,0,0,0,0,0,0,0,0,0,0,0,0,0,0,0,0,0,0,0,0,0,0,0,0,0,0,0,0,0,0,0,0,0,0,0,0,0,0,0,0,0,0,0,0,0,0,0,0,0,0,0,0,0,0,0,0,0,0,0,0,0,0,0,0,0,0,0,0,0,0,0,0,0,0,0,0,0,0,0,0,0,0,0,0,0,0,0,0,0,0,0,0,0,0,0,0,0,0,0,0,0,0,0,0,0,0,0,0,0,0,0,0,0,0,0,0,0,0,0,0,0,0,0,0,0,0,0,0,0,0,0,0,0,0,0,0,0,0,0,0,0,0,0,0,0,0,0,0,0,0,0,0,0,0,0,0,0,0,0,0,0,0,0,0,0,0,0,0,0,0,0,0,0,0,0,0,0,0,0,0,0,0,0,0,0,0,0,0,0,0,0,0,0,0,0,0,0,0,0,0,0,0,0,0,0,0,0,0,0,0,0,0,0,0,0,0,0,0,0,0,0,0,0,0,0,0,0,-411,-445,-697,-48,-40,-29,-14,6,35,61,76,81,73,50,17,-15,-48,-76,-88,-82,-62,-30,10,49,79,93,93,74,39,-4,-45,-76,-92,-90,-69,-35,6,36,56,71,68,54,36,14,-12,-31,-48,-56,-51,-36,-19,-9,0,15,32,41,42,41,33,20,-4,-31,-51,-64,-72,-58,-31,-3,33,73,90,86,65,30,-15,-61,-97,-112,-103,-67,-16,41,88,116,118,94,43,-17,-74,-111,-120,-105,-71,-18,36,82,109,105,77,39,-10,-54,-84,-91,-76,-40,7,44,62,65,60,40,13,-14,-34,-41,-32,-21,-12,-1,6,6,1,-2,-3,2,11,26,0,60,46,20,-18,-59,-88,-103,-99,-75,-20,56,123,166,179,150,78,-15,-113,-191,-234,-221,-161,-60,69,191,271,293,246,144,11,-138,-261,-324,-312,-227,-91,71,219,325,352,297,180,20,-155,-289,-353,-341,-256,-107,66,226,328,358,304,176,8,-154,-278,-338,-315,-221,-80,86,230,318,333,262,137,-20,-174,-286,-330,-298,-192,-44,109,239,318,323,254,131,-23,-170,-266,-309,-288,-198,-66,75,194,265,279,234,138,20,-101,-197,-244,-228,-166,-79,25,118,173,193,170,111,25,-68,-136,-169,-169,-131,-60,24,103,155,181,176,138,75,6,-59,-114,-158,358,89,0,0,0,0,0,0,0,0,0,0,0,0,0,0,0,0,0,0,0,0,0,0,0,0,0,0,0,0,0,0,0,0,0,0,0,0,0,0,0,0,0,0,0,0,0,0,0,0,0,0,0,0,0,0,0,0,0,0,0,0,0,0,0,0,0,0,0,0,0,0,0,0,0,0,0,0,0,0,0,0,0,0,0,0,0,0,0,0,0,0,0,0,0,0,0,0,0,0,0,0,0,0,0,0,0,0,0,0,0,0,0,0,0,0,0,0,0,0,0,0,0,0,0,0,0,0,0,0,0,0,0,0,0,0,0,0,0,0,0,0,0,0,0,0,0,0,0,0,0,0,0,0,0,0,0,0,0,0,0,0,0,0,0,0,0,0,0,0,0,0,0,0,0,0,0,0,0,0,0,0,0,0,0,0,0,0,0,0,0,0,0,0,0,0,0,0,0,0,0,0,0,0,0,0,0,0,0,0,0,0,0,0,0,0,0,0,0,0,0,0,0,0,0,0,0,0,0,0,0,0,0,0,0,0,0,0,0,0,0,0,0,0,0,0,0,0,0,0,0,0,0,0,0,0,0,0,-92,-959,-809,-24,-44,-58,-65,-71,-70,-54,-21,9,37,63,78,81,68,40,4,-32,-67,-90,-93,-83,-53,-13,30,65,91,97,84,57,22,-14,-50,-76,-82,-73,-50,-19,8,31,49,55,52,42,25,7,-13,-28,-35,-40,-42,-33,-22,-15,1,25,41,53,58,54,33,4,-27,-49,-73,-82,-71,-49,-22,20,65,97,107,93,50,-4,-48,-89,-113,-110,-78,-34,22,75,107,115,99,60,5,-49,-89,-110,-111,-81,-29,26,69,92,94,76,41,-3,-47,-72,-79,-66,-38,-10,24,50,58,53,32,7,-11,-20,-26,-26,-12,-1,-9,-16,-20,-24,-27,-22,0,17,46,69,81,69,42,-5,-58,-105,-140,-144,-108,-47,35,116,179,210,189,117,14,-97,-194,-252,-256,-202,-100,34,167,267,312,283,189,44,-113,-246,-322,-331,-270,-143,18,180,305,355,322,216,59,-115,-260,-343,-347,-275,-141,23,189,306,347,302,191,38,-121,-259,-329,-318,-239,-107,55,206,303,331,281,164,8,-150,-269,-329,-313,-222,-81,74,212,297,316,265,159,20,-123,-238,-300,-294,-222,-107,23,143,238,277,249,163,49,-67,-160,-211,-216,-175,-97,-1,89,158,185,168,115,38,-46,-119,-163,-172,-148,-93,-18,60,130,176,191,173,135,77,-965,-1030
29155,mtk,MTK 7916,2779117188,rx2-tx0,512,0,0,0,0,0,0,0,0,0,0,0,0,0,0,0,0,0,0,0,0,0,0,0,0,0,0,0,0,0,0,0,0,0,0,0,0,0,0,0,0,0,0,0,0,0,0,0,0,0,0,0,0,0,0,0,0,0,0,0,0,0,0,0,0,0,0,0,0,0,0,0,0,0,0,0,0,0,0,0,0,0,0,0,0,0,0,0,0,0,0,0,0,0,0,0,0,0,0,0,0,0,0,0,0,0,0,0,0,0,0,0,0,0,0,0,0,0,0,0,0,0,0,0,0,0,0,0,0,0,0,0,0,0,0,0,0,0,0,0,0,0,0,0,0,0,0,0,0,0,0,0,0,0,0,0,0,0,0,0,0,0,0,0,0,0,0,0,0,0,0,0,0,0,0,0,0,0,0,0,0,0,0,0,0,0,0,0,0,0,0,0,0,0,0,0,0,0,0,0,0,0,0,0,0,0,0,0,0,0,0,0,0,0,0,0,0,0,0,0,0,0,0,0,0,0,0,0,0,0,0,0,0,0,0,0,0,0,0,0,0,0,0,0,0,0,0,0,0,0,0,0,0,0,0,0,0,-136,-562,-251,-7,14,33,53,67,75,72,57,35,8,-21,-46,-63,-70,-65,-50,-27,3,33,57,70,72,63,45,17,-17,-49,-69,-81,-80,-69,-40,-2,40,77,104,110,97,61,10,-49,-101,-139,-150,-124,-66,3,76,140,181,177,132,55,-38,-135,-203,-222,-189,-110,-3,116,208,253,241,165,42,-94,-214,-286,-285,-215,-89,67,213,308,325,262,128,-42,-210,-332,-376,-321,-185,-2,185,339,413,383,251,58,-157,-339,-441,-431,-317,-122,111,316,448,470,371,179,-57,-278,-432,-478,-408,-233,2,238,414,479,423,266,39,-203,-392,-485,-447,-292,-66,173,373,478,0,324,105,-148,-367,-496,-499,-375,-154,107,347,502,531,425,212,-58,-316,-495,-558,-484,-286,-11,263,473,570,532,366,100,-192,-434,-575,-581,-444,-202,82,351,532,587,505,309,38,-239,-454,-561,-535,-386,-155,108,342,490,518,429,240,5,-221,-388,-463,-424,-290,-97,111,286,385,392,307,157,-21,-185,-301,-342,-300,-190,-40,111,224,283,275,195,76,-53,-167,-235,-246,-199,-104,9,116,199,230,203,132,33,-74,-162,-213,-219,-170,-84,17,111,179,211,196,139,58,-36,-122,-183,-204,-184,-127,-46,43,122,175,197,185,140,72,-6,-83,-145,-178,-184,-170,-134,-1138,-1017,0,0,0,0,0,0,0,0,0,0,0,0,0,0,0,0,0,0,0,0,0,0,0,0,0,0,0,0,0,0,0,0,0,0,0,0,0,0,0,0,0,0,0,0,0,0,0,0,0,0,0,0,0,0,0,0,0,0,0,0,0,0,0,0,0,0,0,0,0,0,0,0,0,0,0,0,0,0,0,0,0,0,0,0,0,0,0,0,0,0,0,0,0,0,0,0,0,0,0,0,0,0,0,0,0,0,0,0,0,0,0,0,0,0,0,0,0,0,0,0,0,0,0,0,0,0,0,0,0,0,0,0,0,0,0,0,0,0,0,0,0,0,0,0,0,0,0,0,0,0,0,0,0,0,0,0,0,0,0,0,0,0,0,0,0,0,0,0,0,0,0,0,0,0,0,0,0,0,0,0,0,0,0,0,0,0,0,0,0,0,0,0,0,0,0,0,0,0,0,0,0,0,0,0,0,0,0,0,0,0,0,0,0,0,0,0,0,0,0,0,0,0,0,0,0,0,0,0,0,0,0,0,0,0,0,0,0,0,0,0,0,0,0,0,0,0,0,0,0,0,0,0,0,0,0,0,1335,1038,1146,-56,-67,-66,-55,-34,-8,21,48,67,74,72,59,33,3,-25,-47,-63,-67,-62,-45,-20,11,36,57,75,77,63,43,16,-21,-58,-82,-94,-89,-67,-29,16,64,106,130,123,89,37,-24,-93,-146,-168,-154,-107,-31,55,131,185,200,165,83,-20,-119,-197,-240,-218,-135,-23,97,203,263,258,183,59,-82,-212,-296,-305,-237,-108,54,210,320,353,292,156,-20,-198,-332,-390,-349,-217,-24,176,341,423,404,279,84,-135,-333,-447,-450,-344,-153,82,299,439,474,390,211,-23,-251,-417,-476,-420,-254,-16,227,405,478,432,282,55,-190,-388,-485,-458,-313,-87,0,367,489,488,359,134,-126,-355,-497,-514,-399,-180,87,333,505,552,452,241,-27,-294,-496,-570,-507,-323,-57,227,459,580,557,402,154,-138,-399,-562,-587,-472,-253,20,291,495,575,519,344,94,-177,-400,-529,-533,-415,-202,51,287,446,496,434,276,58,-162,-335,-426,-411,-304,-132,61,236,343,367,304,176,12,-144,-261,-311,-285,-196,-68,73,191,255,254,198,95,-28,-139,-214,-236,-196,-113,-9,96,176,213,204,151,59,-47,-137,-199,-219,-182,-110,-16,82,158,199,202,165,94,5,-88,-159,-197,-196,-157,-90,-7,77,145,187,202,187,142,79,12,-46,-98,305,597
29156,mtk,MTK 7916,2779117188,rx2-tx1,512,0,0,0,0,0,0,0,0,0,0,0,0,0,0,0,0,0,0,0,0,0,0,0,0,0,0,0,0,0,0,0,0,0,0,0,0,0,0,0,0,0,0,0,0,0,0,0,0,0,0,0,0,0,0,0,0,0,0,0,0,0,0,0,0,0,0,0,0,0,0,0,0,0,0,0,0,0,0,0,0,0,0,0,0,0,0,0,0,0,0,0,0,0,0,0,0,0,0,0,0,0,0,0,0,0,0,0,0,0,0,0,0,0,0,0,0,0,0,0,0,0,0,0,0,0,0,0,0,0,0,0,0,0,0,0,0,0,0,0,0,0,0,0,0,0,0,0,0,0,0,0,0,0,0,0,0,0,0,0,0,0,0,0,0,0,0,0,0,0,0,0,0,0,0,0,0,0,0,0,0,0,0,0,0,0,0,0,0,0,0,0,0,0,0,0,0,0,0,0,0,0,0,0,0,0,0,0,0,0,0,0,0,0,0,0,0,0,0,0,0,0,0,0,0,0,0,0,0,0,0,0,0,0,0,0,0,0,0,0,0,0,0,0,0,0,0,0,0,0,0,0,0,0,0,0,0,236,-381,-114,-35,-24,-4,19,41,61,70,72,62,39,6,-26,-51,-61,-66,-58,-35,0,37,59,61,50,31,5,-27,-59,-73,-62,-33,-3,37,67,79,68,38,-2,-47,-83,-91,-75,-36,23,79,112,116,92,35,-27,-93,-148,-167,-131,-59,32,124,192,215,180,94,-21,-140,-236,-280,-252,-164,-25,139,272,336,318,226,71,-111,-276,-378,-387,-301,-137,64,259,401,447,383,223,1,-222,-394,-474,-431,-279,-66,166,364,475,473,357,149,-96,-318,-458,-485,-394,-204,31,257,417,475,415,252,21,-206,-376,-446,-403,-262,-61,151,319,397,365,247,70,-126,-284,-362,0,-242,-70,118,275,353,331,223,57,-132,-283,-361,-342,-232,-58,131,289,379,365,257,82,-114,-284,-382,-380,-282,-107,93,269,378,395,319,167,-30,-219,-350,-393,-338,-195,-17,161,301,361,328,216,58,-106,-237,-303,-293,-214,-84,60,178,250,259,204,99,-24,-128,-184,-196,-164,-88,10,99,158,169,131,61,-12,-76,-113,-118,-96,-49,15,71,100,103,80,38,-14,-59,-86,-87,-69,-30,22,60,79,76,51,18,-16,-48,-65,-66,-52,-21,10,42,64,69,45,15,-15,-38,-55,-55,-42,-18,11,42,57,57,44,21,-7,-36,-65,-80,-72,-54,-30,4,-919,-787,0,0,0,0,0,0,0,0,0,0,0,0,0,0,0,0,0,0,0,0,0,0,0,0,0,0,0,0,0,0,0,0,0,0,0,0,0,0,0,0,0,0,0,0,0,0,0,0,0,0,0,0,0,0,0,0,0,0,0,0,0,0,0,0,0,0,0,0,0,0,0,0,0,0,0,0,0,0,0,0,0,0,0,0,0,0,0,0,0,0,0,0,0,0,0,0,0,0,0,0,0,0,0,0,0,0,0,0,0,0,0,0,0,0,0,0,0,0,0,0,0,0,0,0,0,0,0,0,0,0,0,0,0,0,0,0,0,0,0,0,0,0,0,0,0,0,0,0,0,0,0,0,0,0,0,0,0,0,0,0,0,0,0,0,0,0,0,0,0,0,0,0,0,0,0,0,0,0,0,0,0,0,0,0,0,0,0,0,0,0,0,0,0,0,0,0,0,0,0,0,0,0,0,0,0,0,0,0,0,0,0,0,0,0,0,0,0,0,0,0,0,0,0,0,0,0,0,0,0,0,0,0,0,0,0,0,0,0,0,0,0,0,0,0,0,0,0,0,0,0,0,0,0,0,0,0,-351,903,971,-48,-53,-65,-69,-57,-38,-12,16,40,60,70,67,52,24,-13,-43,-63,-66,-57,-31,4,34,52,63,58,36,-4,-39,-65,-72,-66,-39,-6,32,66,80,67,34,-19,-66,-95,-99,-80,-37,23,84,127,143,112,45,-39,-113,-170,-189,-159,-79,32,143,223,250,218,128,-4,-146,-257,-312,-285,-187,-39,127,270,352,356,271,106,-90,-271,-382,-409,-339,-182,27,242,403,459,402,251,34,-192,-377,-473,-454,-318,-103,137,347,470,481,372,172,-69,-294,-448,-486,-405,-228,1,229,398,465,406,254,49,-172,-345,-427,-395,-264,-73,128,292,379,367,251,72,0,-269,-357,-341,-231,-60,127,283,358,338,233,59,-135,-289,-366,-350,-244,-67,129,294,376,372,267,89,-110,-275,-384,-395,-298,-129,65,248,368,398,329,179,-11,-188,-319,-370,-326,-207,-35,139,270,331,312,216,75,-77,-198,-263,-269,-210,-98,31,145,219,235,188,104,-2,-108,-175,-187,-147,-78,4,78,132,140,110,52,-14,-75,-115,-117,-84,-37,19,70,97,100,76,32,-17,-63,-84,-77,-57,-27,15,53,66,64,50,21,-15,-45,-61,-59,-43,-14,21,44,57,58,43,13,-17,-41,-53,-51,-33,-7,21,44,63,70,61,32,-1,-26,-44,-64,-72,343,578
29157,mtk,MTK 7916,2779184645,rx0-tx0,512,0,0,0,0,0,0,0,0,0,0,0,0,0,0,0,0,0,0,0,0,0,0,0,0,0,0,0,0,0,0,0,0,0,0,0,0,0,0,0,0,0,0,0,0,0,0,0,0,0,0,0,0,0,0,0,0,0,0,0,0,0,0,0,0,0,0,0,0,0,0,0,0,0,0,0,0,0,0,0,0,0,0,0,0,0,0,0,0,0,0,0,0,0,0,0,0,0,0,0,0,0,0,0,0,0,0,0,0,0,0,0,0,0,0,0,0,0,0,0,0,0,0,0,0,0,0,0,0,0,0,0,0,0,0,0,0,0,0,0,0,0,0,0,0,0,0,0,0,0,0,0,0,0,0,0,0,0,0,0,0,0,0,0,0,0,0,0,0,0,0,0,0,0,0,0,0,0,0,0,0,0,0,0,0,0,0,0,0,0,0,0,0,0,0,0,0,0,0,0,0,0,0,0,0,0,0,0,0,0,0,0,0,0,0,0,0,0,0,0,0,0,0,0,0,0,0,0,0,0,0,0,0,0,0,0,0,0,0,0,0,0,0,0,0,0,0,0,0,0,0,0,0,0,0,0,0,-273,1011,958,306,290,191,30,-148,-313,-421,-470,-453,-380,-262,-105,61,228,377,498,575,590,546,449,302,113,-90,-289,-483,-637,-729,-763,-719,-601,-429,-213,29,270,488,671,797,859,844,753,600,407,184,-64,-305,-529,-713,-834,-901,-899,-830,-700,-514,-291,-50,212,460,677,846,959,1008,975,862,688,457,179,-114,-396,-662,-879,-1025,-1106,-1096,-1001,-835,-594,-320,-12,294,594,838,1014,1115,1126,1061,905,692,427,120,-171,-450,-699,-882,-1002,-1053,-1026,-917,-755,-543,-285,-22,224,460,667,817,905,941,907,819,686,489,278,49,-186,-404,-589,-733,-840,-894,-887,-816,-704,-532,-329,-100,-1687,361,570,734,857,925,934,870,746,579,367,127,-119,-355,-575,-762,-884,-960,-973,-916,-801,-632,-426,-184,80,343,587,800,956,1059,1092,1054,936,749,505,219,-98,-415,-715,-963,-1151,-1264,-1283,-1197,-1015,-763,-441,-85,286,635,946,1193,1346,1397,1348,1188,925,598,223,-178,-564,-901,-1178,-1354,-1430,-1400,-1251,-1011,-696,-312,84,471,824,1110,1314,1417,1400,1272,1055,744,373,-28,-431,-804,-1106,-1317,-1424,-1402,-1262,-1013,-679,-280,139,547,900,1173,1333,1364,1277,1073,768,399,3,-394,-742,-1004,-1169,-1221,-1160,-985,-721,-397,-34,332,662,923,1103,1162,1081,862,514,83,-374,-759,-981,-999,741,898,0,0,0,0,0,0,0,0,0,0,0,0,0,0,0,0,0,0,0,0,0,0,0,0,0,0,0,0,0,0,0,0,0,0,0,0,0,0,0,0,0,0,0,0,0,0,0,0,0,0,0,0,0,0,0,0,0,0,0,0,0,0,0,0,0,0,0,0,0,0,0,0,0,0,0,0,0,0,0,0,0,0,0,0,0,0,0,0,0,0,0,0,0,0,0,0,0,0,0,0,0,0,0,0,0,0,0,0,0,0,0,0,0,0,0,0,0,0,0,0,0,0,0,0,0,0,0,0,0,0,0,0,0,0,0,0,0,0,0,0,0,0,0,0,0,0,0,0,0,0,0,0,0,0,0,0,0,0,0,0,0,0,0,0,0,0,0,0,0,0,0,0,0,0,0,0,0,0,0,0,0,0,0,0,0,0,0,0,0,0,0,0,0,0,0,0,0,0,0,0,0,0,0,0,0,0,0,0,0,0,0,0,0,0,0,0,0,0,0,0,0,0,0,0,0,0,0,0,0,0,0,0,0,0,0,0,0,0,0,0,0,0,0,0,0,0,0,0,0,0,0,0,0,0,0,0,-1322,-81,-347,-36,-190,-334,-415,-412,-327,-185,-15,158,311,432,501,519,482,395,264,96,-89,-267,-432,-567,-651,-670,-631,-529,-356,-152,71,302,507,671,782,823,784,680,512,294,56,-197,-429,-621,-764,-853,-878,-832,-724,-552,-334,-101,150,384,601,777,892,947,937,852,702,497,256,-22,-299,-557,-775,-949,-1048,-1065,-1002,-870,-656,-397,-102,207,503,762,963,1086,1128,1091,971,769,512,216,-97,-399,-670,-879,-1035,-1099,-1078,-994,-828,-600,-337,-56,226,482,693,864,963,987,950,856,700,491,267,26,-215,-428,-622,-774,-864,-905,-889,-807,-669,-501,-301,-79,154,371,571,735,849,911,-175,843,714,547,347,118,-126,-363,-573,-746,-880,-943,-945,-888,-776,-595,-379,-146,104,346,570,762,907,998,1017,968,862,691,472,208,-76,-363,-629,-862,-1045,-1160,-1192,-1135,-993,-769,-496,-174,181,530,838,1086,1262,1344,1329,1214,1003,706,344,-36,-416,-777,-1078,-1291,-1413,-1422,-1310,-1113,-827,-467,-80,324,696,1008,1252,1396,1426,1349,1164,890,547,156,-250,-624,-953,-1214,-1374,-1427,-1366,-1185,-900,-552,-148,268,656,994,1250,1393,1406,1296,1066,747,358,-55,-461,-824,-1098,-1256,-1298,-1230,-1036,-756,-413,-32,338,673,933,1105,1169,1114,943,681,342,-48,-440,-796,-1052,-1166,-1087,-817,-405,-1,680,454
29158,mtk,MTK 7916,2779184645,rx0-tx1,512,0,0,0,0,0,0,0,0,0,0,0,0,0,0,0,0,0,0,0,0,0,0,0,0,0,0,0,0,0,0,0,0,0,0,0,0,0,0,0,0,0,0,0,0,0,0,0,0,0,0,0,0,0,0,0,0,0,0,0,0,0,0,0,0,0,0,0,0,0,0,0,0,0,0,0,0,0,0,0,0,0,0,0,0,0,0,0,0,0,0,0,0,0,0,0,0,0,0,0,0,0,0,0,0,0,0,0,0,0,0,0,0,0,0,0,0,0,0,0,0,0,0,0,0,0,0,0,0,0,0,0,0,0,0,0,0,0,0,0,0,0,0,0,0,0,0,0,0,0,0,0,0,0,0,0,0,0,0,0,0,0,0,0,0,0,0,0,0,0,0,0,0,0,0,0,0,0,0,0,0,0,0,0,0,0,0,0,0,0,0,0,0,0,0,0,0,0,0,0,0,0,0,0,0,0,0,0,0,0,0,0,0,0,0,0,0,0,0,0,0,0,0,0,0,0,0,0,0,0,0,0,0,0,0,0,0,0,0,0,0,0,0,0,0,0,0,0,0,0,0,0,0,0,0,0,0,-730,9,-45,-124,-18,127,261,348,373,332,243,114,-24,-162,-291,-389,-450,-468,-436,-360,-239,-95,76,245,396,524,606,639,605,512,369,183,-30,-248,-449,-622,-748,-812,-802,-722,-583,-381,-140,111,365,596,785,919,984,955,853,685,453,181,-117,-417,-681,-892,-1052,-1123,-1111,-1008,-823,-562,-263,58,384,689,936,1117,1215,1233,1148,972,722,413,67,-279,-607,-893,-1126,-1276,-1329,-1279,-1141,-908,-607,-264,111,475,811,1096,1285,1394,1393,1286,1077,797,450,64,-316,-686,-998,-1234,-1385,-1437,-1373,-1203,-945,-622,-255,126,510,847,1111,1308,1401,1388,1270,1069,792,458,91,-270,-618,-924,-1156,-1312,-546,-1329,-1182,-972,-687,-360,-2,347,673,958,1179,1308,1351,1301,1163,938,641,300,-58,-416,-750,-1027,-1245,-1377,-1403,-1322,-1153,-892,-568,-196,190,556,884,1151,1341,1427,1413,1287,1065,771,420,43,-343,-703,-1001,-1235,-1366,-1400,-1340,-1183,-935,-616,-254,117,476,800,1067,1257,1355,1357,1252,1060,796,472,110,-266,-617,-927,-1169,-1321,-1372,-1318,-1164,-910,-590,-221,176,555,890,1156,1327,1387,1329,1157,890,551,158,-250,-619,-949,-1189,-1309,-1316,-1204,-985,-674,-309,76,447,759,999,1131,1151,1066,875,619,317,-7,-315,-582,-786,-908,-948,-895,-752,-540,-270,33,334,605,809,902,857,662,350,41,163,114,0,0,0,0,0,0,0,0,0,0,0,0,0,0,0,0,0,0,0,0,0,0,0,0,0,0,0,0,0,0,0,0,0,0,0,0,0,0,0,0,0,0,0,0,0,0,0,0,0,0,0,0,0,0,0,0,0,0,0,0,0,0,0,0,0,0,0,0,0,0,0,0,0,0,0,0,0,0,0,0,0,0,0,0,0,0,0,0,0,0,0,0,0,0,0,0,0,0,0,0,0,0,0,0,0,0,0,0,0,0,0,0,0,0,0,0,0,0,0,0,0,0,0,0,0,0,0,0,0,0,0,0,0,0,0,0,0,0,0,0,0,0,0,0,0,0,0,0,0,0,0,0,0,0,0,0,0,0,0,0,0,0,0,0,0,0,0,0,0,0,0,0,0,0,0,0,0,0,0,0,0,0,0,0,0,0,0,0,0,0,0,0,0,0,0,0,0,0,0,0,0,0,0,0,0,0,0,0,0,0,0,0,0,0,0,0,0,0,0,0,0,0,0,0,0,0,0,0,0,0,0,0,0,0,0,0,0,0,0,0,0,0,0,0,0,0,0,0,0,0,0,0,0,0,0,0,-128,-237,-235,214,282,288,220,96,-54,-197,-316,-389,-412,-389,-319,-211,-81,65,213,349,453,519,542,506,426,296,131,-59,-258,-437,-584,-685,-727,-699,-610,-465,-273,-42,198,426,626,783,872,893,841,711,524,291,20,-266,-527,-759,-934,-1035,-1058,-992,-839,-635,-368,-68,244,547,813,1020,1138,1181,1135,993,771,489,167,-177,-514,-807,-1042,-1201,-1276,-1256,-1139,-951,-675,-350,13,369,707,995,1205,1334,1365,1291,1126,864,539,176,-211,-578,-905,-1164,-1352,-1425,-1394,-1257,-1021,-708,-358,35,425,781,1074,1287,1404,1425,1338,1139,874,539,162,-214,-576,-887,-1141,-1310,-1379,-1349,-1234,-1015,-734,-407,1197,319,654,938,1162,1303,1350,1301,1168,955,667,331,-20,-372,-698,-987,-1201,-1333,-1369,-1312,-1155,-921,-626,-273,105,479,815,1100,1302,1414,1418,1320,1126,848,503,124,-265,-634,-951,-1201,-1362,-1426,-1385,-1233,-999,-693,-336,34,407,747,1037,1243,1356,1374,1293,1115,857,540,184,-184,-541,-849,-1099,-1272,-1358,-1337,-1218,-1005,-715,-365,11,384,736,1031,1242,1363,1376,1268,1065,769,408,14,-383,-747,-1048,-1261,-1367,-1344,-1206,-971,-637,-257,137,518,846,1095,1229,1249,1150,947,665,321,-36,-383,-675,-886,-1010,-1035,-962,-806,-577,-307,-14,280,537,741,874,913,848,682,419,90,-258,-561,-742,-766,-166,-204
29159,mtk,MTK 7916,2779184645,rx1-tx0,512,0,0,0,0,0,0,0,0,0,0,0,0,0,0,0,0,0,0,0,0,0,0,0,0,0,0,0,0,0,0,0,0,0,0,0,0,0,0,0,0,0,0,0,0,0,0,0,0,0,0,0,0,0,0,0,0,0,0,0,0,0,0,0,0,0,0,0,0,0,0,0,0,0,0,0,0,0,0,0,0,0,0,0,0,0,0,0,0,0,0,0,0,0,0,0,0,0,0,0,0,0,0,0,0,0,0,0,0,0,0,0,0,0,0,0,0,0,0,0,0,0,0,0,0,0,0,0,0,0,0,0,0,0,0,0,0,0,0,0,0,0,0,0,0,0,0,0,0,0,0,0,0,0,0,0,0,0,0,0,0,0,0,0,0,0,0,0,0,0,0,0,0,0,0,0,0,0,0,0,0,0,0,0,0,0,0,0,0,0,0,0,0,0,0,0,0,0,0,0,0,0,0,0,0,0,0,0,0,0,0,0,0,0,0,0,0,0,0,0,0,0,0,0,0,0,0,0,0,0,0,0,0,0,0,0,0,0,0,0,0,0,0,0,0,0,0,0,0,0,0,0,0,0,0,0,0,146,405,132,-138,-201,-231,-198,-115,-6,105,204,270,295,281,223,150,52,-60,-165,-253,-313,-339,-331,-284,-204,-98,13,126,228,314,363,370,339,274,183,72,-32,-143,-242,-304,-330,-327,-303,-249,-180,-92,-5,83,156,205,237,250,241,208,168,124,76,31,-12,-63,-94,-120,-139,-142,-146,-154,-146,-141,-119,-96,-75,-48,-21,13,52,96,144,187,221,238,250,242,216,159,85,-11,-111,-203,-296,-375,-419,-431,-396,-327,-225,-94,40,178,314,425,491,514,506,444,355,229,70,-83,-237,-368,-466,-532,-553,-534,-465,-355,-223,-76,90,239,367,477,548,560,538,472,363,238,-144,-74,-233,-371,-471,-530,-561,-535,-464,-361,-226,-75,85,236,366,462,527,550,509,436,333,206,62,-85,-222,-345,-435,-480,-486,-452,-394,-301,-187,-60,67,185,286,354,399,419,401,344,274,178,70,-39,-141,-218,-285,-324,-340,-333,-298,-240,-167,-86,11,94,160,215,251,262,258,231,189,134,83,18,-41,-88,-128,-152,-175,-184,-191,-171,-142,-118,-74,-31,16,63,105,149,184,197,201,191,162,123,68,4,-60,-121,-177,-221,-235,-233,-206,-155,-94,-12,69,130,182,223,236,224,187,124,62,-14,-88,-149,-195,-218,-213,-186,-138,-73,13,99,160,189,179,140,977,835,0,0,0,0,0,0,0,0,0,0,0,0,0,0,0,0,0,0,0,0,0,0,0,0,0,0,0,0,0,0,0,0,0,0,0,0,0,0,0,0,0,0,0,0,0,0,0,0,0,0,0,0,0,0,0,0,0,0,0,0,0,0,0,0,0,0,0,0,0,0,0,0,0,0,0,0,0,0,0,0,0,0,0,0,0,0,0,0,0,0,0,0,0,0,0,0,0,0,0,0,0,0,0,0,0,0,0,0,0,0,0,0,0,0,0,0,0,0,0,0,0,0,0,0,0,0,0,0,0,0,0,0,0,0,0,0,0,0,0,0,0,0,0,0,0,0,0,0,0,0,0,0,0,0,0,0,0,0,0,0,0,0,0,0,0,0,0,0,0,0,0,0,0,0,0,0,0,0,0,0,0,0,0,0,0,0,0,0,0,0,0,0,0,0,0,0,0,0,0,0,0,0,0,0,0,0,0,0,0,0,0,0,0,0,0,0,0,0,0,0,0,0,0,0,0,0,0,0,0,0,0,0,0,0,0,0,0,0,0,0,0,0,0,0,0,0,0,0,0,0,0,0,0,0,0,0,206,-970,-1046,-133,-69,41,157,240,275,261,202,110,7,-102,-194,-265,-313,-322,-290,-223,-126,-18,97,205,292,344,359,337,283,192,80,-38,-146,-243,-314,-350,-354,-332,-270,-177,-76,20,115,193,254,292,301,283,234,174,105,40,-28,-87,-124,-159,-180,-183,-187,-168,-139,-115,-81,-47,-25,9,38,66,99,116,131,144,154,167,172,169,152,116,64,15,-50,-118,-192,-265,-313,-342,-333,-301,-245,-159,-53,75,203,325,412,465,475,464,403,293,154,6,-141,-283,-399,-494,-541,-537,-495,-409,-287,-144,10,167,308,423,505,559,555,500,415,297,142,-18,-167,-311,-428,-513,147,-560,-514,-428,-305,-166,-9,159,301,424,513,557,551,499,409,287,148,-15,-170,-299,-405,-482,-518,-503,-453,-371,-261,-130,11,143,260,354,417,450,441,400,326,229,125,11,-114,-209,-291,-350,-372,-370,-337,-289,-219,-124,-25,69,149,217,265,303,311,281,240,184,113,37,-36,-101,-160,-192,-216,-231,-213,-194,-159,-121,-80,-33,16,68,101,138,167,185,188,177,150,126,80,32,-18,-81,-132,-176,-208,-221,-212,-186,-148,-86,-18,54,129,183,225,247,229,192,143,76,5,-72,-143,-189,-217,-226,-206,-165,-111,-41,39,113,169,204,215,187,125,47,-37,-97,-410,-642
29160,mtk,MTK 7916,2779184645,rx1-tx1,512,0,0,0,0,0,0,0,0,0,0,0,0,0,0,0,0,0,0,0,0,0,0,0,0,0,0,0,0,0,0,0,0,0,0,0,0,0,0,0,0,0,0,0,0,0,0,0,0,0,0,0,0,0,0,0,0,0,0,0,0,0,0,0,0,0,0,0,0,0,0,0,0,0,0,0,0,0,0,0,0,0,0,0,0,0,0,0,0,0,0,0,0,0,0,0,0,0,0,0,0,0,0,0,0,0,0,0,0,0,0,0,0,0,0,0,0,0,0,0,0,0,0,0,0,0,0,0,0,0,0,0,0,0,0,0,0,0,0,0,0,0,0,0,0,0,0,0,0,0,0,0,0,0,0,0,0,0,0,0,0,0,0,0,0,0,0,0,0,0,0,0,0,0,0,0,0,0,0,0,0,0,0,0,0,0,0,0,0,0,0,0,0,0,0,0,0,0,0,0,0,0,0,0,0,0,0,0,0,0,0,0,0,0,0,0,0,0,0,0,0,0,0,0,0,0,0,0,0,0,0,0,0,0,0,0,0,0,0,0,0,0,0,0,0,0,0,0,0,0,0,0,0,0,0,0,0,-411,-445,-697,-49,-34,-12,16,49,76,94,106,100,73,37,-3,-49,-86,-107,-111,-94,-58,-10,36,77,107,116,99,70,21,-31,-71,-100,-104,-89,-59,-20,27,62,84,90,70,37,6,-21,-40,-50,-51,-34,-17,0,18,30,22,9,1,-5,-10,-5,5,16,23,21,4,-8,-24,-43,-57,-53,-30,-1,27,62,89,99,83,44,-4,-59,-98,-121,-121,-91,-40,20,81,121,135,123,86,31,-35,-93,-129,-135,-116,-66,-2,54,97,120,113,85,43,-13,-66,-97,-101,-86,-52,-11,34,62,75,77,62,30,-2,-30,-50,-53,-50,-37,-20,-3,12,18,18,17,0,9,13,23,30,28,18,-1,-31,-59,-77,-87,-79,-44,4,56,108,143,154,126,66,-9,-86,-156,-200,-198,-153,-83,18,124,211,255,240,173,75,-45,-163,-250,-282,-254,-168,-42,96,207,276,291,248,144,2,-135,-238,-294,-285,-215,-99,43,181,275,302,262,170,42,-104,-223,-284,-286,-230,-121,20,158,262,309,283,191,60,-82,-205,-291,-311,-261,-159,-27,112,231,295,300,243,132,-8,-136,-236,-291,-286,-216,-107,13,129,213,254,243,185,84,-26,-124,-193,-221,-200,-137,-51,41,123,176,193,169,110,32,-50,-128,-183,-207,-196,-150,-85,-15,53,118,358,89,0,0,0,0,0,0,0,0,0,0,0,0,0,0,0,0,0,0,0,0,0,0,0,0,0,0,0,0,0,0,0,0,0,0,0,0,0,0,0,0,0,0,0,0,0,0,0,0,0,0,0,0,0,0,0,0,0,0,0,0,0,0,0,0,0,0,0,0,0,0,0,0,0,0,0,0,0,0,0,0,0,0,0,0,0,0,0,0,0,0,0,0,0,0,0,0,0,0,0,0,0,0,0,0,0,0,0,0,0,0,0,0,0,0,0,0,0,0,0,0,0,0,0,0,0,0,0,0,0,0,0,0,0,0,0,0,0,0,0,0,0,0,0,0,0,0,0,0,0,0,0,0,0,0,0,0,0,0,0,0,0,0,0,0,0,0,0,0,0,0,0,0,0,0,0,0,0,0,0,0,0,0,0,0,0,0,0,0,0,0,0,0,0,0,0,0,0,0,0,0,0,0,0,0,0,0,0,0,0,0,0,0,0,0,0,0,0,0,0,0,0,0,0,0,0,0,0,0,0,0,0,0,0,0,0,0,0,0,0,0,0,0,0,0,0,0,0,0,0,0,0,0,0,0,0,0,-92,-959,-809,-56,-77,-92,-97,-93,-72,-39,-2,39,76,100,108,98,69,28,-20,-66,-99,-112,-107,-85,-42,10,57,92,110,109,87,47,-3,-51,-80,-96,-94,-71,-30,8,36,61,71,62,39,8,-17,-27,-33,-34,-24,-14,-3,10,17,11,2,-8,-11,-6,10,27,35,41,38,18,-11,-37,-59,-75,-68,-51,-28,9,57,97,116,103,66,18,-33,-88,-125,-130,-110,-68,-13,53,105,131,132,105,54,-9,-67,-111,-131,-122,-83,-30,32,81,108,112,88,44,-5,-48,-80,-97,-89,-59,-19,17,47,65,67,53,31,7,-12,-34,-45,-40,-30,-21,-11,-5,0,-1,0,7,18,31,51,62,62,49,20,-21,-63,-98,-125,-124,-95,-41,29,100,154,180,165,112,30,-65,-152,-212,-231,-201,-129,-23,91,195,262,269,216,119,0,-122,-227,-287,-278,-207,-93,39,168,262,299,267,177,48,-93,-211,-286,-296,-239,-129,3,138,243,295,274,191,72,-66,-195,-278,-302,-263,-163,-20,127,241,302,301,232,115,-35,-173,-263,-307,-288,-206,-79,62,190,272,301,265,175,55,-74,-186,-260,-279,-236,-151,-40,74,168,225,233,193,118,17,-86,-158,-193,-195,-155,-78,6,87,153,190,186,149,85,4,-79,-147,-184,-197,-189,-151,-965,-1030
29161,mtk,MTK 7916,2779184645,rx2-tx0,512,0,0,0,0,0,0,0,0,0,0,0,0,0,0,0,0,0,0,0,0,0,0,0,0,0,0,0,0,0,0,0,0,0,0,0,0,0,0,0,0,0,0,0,0,0,0,0,0,0,0,0,0,0,0,0,0,0,0,0,0,0,0,0,0,0,0,0,0,0,0,0,0,0,0,0,0,0,0,0,0,0,0,0,0,0,0,0,0,0,0,0,0,0,0,0,0,0,0,0,0,0,0,0,0,0,0,0,0,0,0,0,0,0,0,0,0,0,0,0,0,0,0,0,0,0,0,0,0,0,0,0,0,0,0,0,0,0,0,0,0,0,0,0,0,0,0,0,0,0,0,0,0,0,0,0,0,0,0,0,0,0,0,0,0,0,0,0,0,0,0,0,0,0,0,0,0,0,0,0,0,0,0,0,0,0,0,0,0,0,0,0,0,0,0,0,0,0,0,0,0,0,0,0,0,0,0,0,0,0,0,0,0,0,0,0,0,0,0,0,0,0,0,0,0,0,0,0,0,0,0,0,0,0,0,0,0,0,0,0,0,0,0,0,0,0,0,0,0,0,0,0,0,0,0,0,0,-136,-562,-251,27,42,59,72,79,75,58,36,9,-23,-49,-63,-76,-77,-61,-31,-1,30,54,69,80,78,59,32,-3,-42,-71,-90,-97,-88,-65,-32,12,54,92,122,132,113,72,17,-50,-114,-158,-166,-152,-105,-31,60,138,193,210,186,116,19,-90,-184,-243,-251,-195,-94,22,142,242,287,265,180,49,-98,-230,-312,-325,-262,-134,34,200,322,374,339,226,51,-145,-312,-404,-403,-315,-150,62,265,411,460,410,263,50,-184,-377,-489,-479,-365,-163,79,302,459,511,446,272,37,-209,-411,-512,-487,-353,-135,119,341,479,502,408,217,-29,-268,-442,-510,-458,-296,-58,0,403,516,505,371,150,-113,-353,-512,-547,-453,-251,13,280,481,572,537,372,113,-171,-413,-566,-590,-475,-251,29,307,518,613,569,398,133,-161,-415,-579,-616,-513,-302,-30,251,477,594,575,438,206,-63,-315,-490,-558,-503,-339,-108,133,339,468,485,398,239,33,-175,-337,-420,-404,-300,-141,44,212,323,359,318,211,60,-97,-221,-292,-294,-231,-122,6,131,219,258,239,169,61,-59,-162,-223,-233,-189,-107,-6,98,181,225,220,168,83,-17,-112,-182,-218,-213,-163,-81,15,104,175,213,213,171,93,2,-87,-158,-206,-217,-193,-139,-67,14,89,146,181,192,181,-1138,-1017,0,0,0,0,0,0,0,0,0,0,0,0,0,0,0,0,0,0,0,0,0,0,0,0,0,0,0,0,0,0,0,0,0,0,0,0,0,0,0,0,0,0,0,0,0,0,0,0,0,0,0,0,0,0,0,0,0,0,0,0,0,0,0,0,0,0,0,0,0,0,0,0,0,0,0,0,0,0,0,0,0,0,0,0,0,0,0,0,0,0,0,0,0,0,0,0,0,0,0,0,0,0,0,0,0,0,0,0,0,0,0,0,0,0,0,0,0,0,0,0,0,0,0,0,0,0,0,0,0,0,0,0,0,0,0,0,0,0,0,0,0,0,0,0,0,0,0,0,0,0,0,0,0,0,0,0,0,0,0,0,0,0,0,0,0,0,0,0,0,0,0,0,0,0,0,0,0,0,0,0,0,0,0,0,0,0,0,0,0,0,0,0,0,0,0,0,0,0,0,0,0,0,0,0,0,0,0,0,0,0,0,0,0,0,0,0,0,0,0,0,0,0,0,0,0,0,0,0,0,0,0,0,0,0,0,0,0,0,0,0,0,0,0,0,0,0,0,0,0,0,0,0,0,0,0,0,1335,1038,1146,-53,-51,-40,-22,1,25,50,70,77,73,60,36,6,-24,-50,-69,-80,-74,-55,-31,-2,29,59,81,90,82,62,34,-5,-44,-80,-108,-113,-98,-70,-27,26,77,119,144,144,116,58,-16,-87,-150,-191,-186,-144,-73,18,115,191,227,215,156,62,-56,-172,-249,-268,-231,-140,-12,128,244,301,298,225,94,-63,-213,-320,-354,-306,-183,-7,172,322,394,374,265,98,-101,-285,-409,-440,-371,-206,13,231,397,481,456,318,109,-130,-347,-483,-502,-407,-223,14,261,441,515,465,318,90,-163,-373,-495,-498,-381,-174,71,305,463,509,431,256,17,-232,-427,-515,0,-330,-101,158,384,518,525,413,199,-66,-322,-504,-569,-495,-309,-49,226,455,579,567,423,181,-108,-374,-553,-604,-526,-329,-54,240,481,612,602,460,219,-72,-346,-542,-616,-554,-370,-113,164,402,549,581,482,280,25,-227,-422,-522,-506,-385,-187,43,253,403,460,413,279,88,-110,-275,-374,-387,-319,-186,-16,147,273,332,310,226,97,-47,-173,-255,-277,-240,-151,-31,89,190,243,239,181,85,-29,-131,-201,-229,-208,-143,-46,58,148,204,221,194,130,40,-64,-154,-206,-219,-194,-131,-39,54,135,194,219,198,143,66,-17,-101,-172,-213,-219,-196,-154,-98,-34,37,305,597
29162,mtk,MTK 7916,2779184645,rx2-tx1,512,0,0,0,0,0,0,0,0,0,0,0,0,0,0,0,0,0,0,0,0,0,0,0,0,0,0,0,0,0,0,0,0,0,0,0,0,0,0,0,0,0,0,0,0,0,0,0,0,0,0,0,0,0,0,0,0,0,0,0,0,0,0,0,0,0,0,0,0,0,0,0,0,0,0,0,0,0,0,0,0,0,0,0,0,0,0,0,0,0,0,0,0,0,0,0,0,0,0,0,0,0,0,0,0,0,0,0,0,0,0,0,0,0,0,0,0,0,0,0,0,0,0,0,0,0,0,0,0,0,0,0,0,0,0,0,0,0,0,0,0,0,0,0,0,0,0,0,0,0,0,0,0,0,0,0,0,0,0,0,0,0,0,0,0,0,0,0,0,0,0,0,0,0,0,0,0,0,0,0,0,0,0,0,0,0,0,0,0,0,0,0,0,0,0,0,0,0,0,0,0,0,0,0,0,0,0,0,0,0,0,0,0,0,0,0,0,0,0,0,0,0,0,0,0,0,0,0,0,0,0,0,0,0,0,0,0,0,0,0,0,0,0,0,0,0,0,0,0,0,0,0,0,0,0,0,0,236,-381,-114,3,25,48,67,82,87,81,60,27,-8,-44,-74,-87,-84,-70,-36,7,50,80,92,85,61,15,-35,-85,-109,-103,-79,-38,16,67,105,121,105,60,1,-62,-116,-140,-123,-74,-10,64,134,171,156,104,25,-70,-150,-197,-202,-157,-65,54,171,252,265,223,125,-16,-155,-263,-329,-316,-211,-52,119,277,374,392,316,161,-42,-249,-401,-456,-408,-270,-67,166,369,484,487,383,190,-47,-292,-475,-542,-477,-308,-66,195,410,530,531,412,190,-76,-325,-492,-550,-487,-303,-56,198,404,519,499,370,161,-81,-304,-449,-475,-391,-225,-13,207,371,432,386,256,67,0,-309,-392,-373,-260,-82,117,286,386,380,282,109,-90,-262,-369,-391,-314,-161,36,231,364,404,346,208,17,-180,-335,-411,-391,-279,-102,97,270,389,412,333,174,-11,-193,-331,-395,-359,-236,-65,112,251,330,336,262,125,-23,-164,-259,-285,-249,-164,-44,81,180,226,212,157,66,-41,-125,-167,-167,-126,-56,21,88,131,134,102,53,-9,-71,-110,-120,-94,-40,13,54,89,100,82,43,-3,-52,-77,-83,-69,-42,-5,26,57,69,58,32,0,-36,-55,-58,-46,-26,-1,27,51,63,58,38,1,-35,-59,-77,-80,-60,-20,15,45,75,98,102,88,61,27,-919,-787,0,0,0,0,0,0,0,0,0,0,0,0,0,0,0,0,0,0,0,0,0,0,0,0,0,0,0,0,0,0,0,0,0,0,0,0,0,0,0,0,0,0,0,0,0,0,0,0,0,0,0,0,0,0,0,0,0,0,0,0,0,0,0,0,0,0,0,0,0,0,0,0,0,0,0,0,0,0,0,0,0,0,0,0,0,0,0,0,0,0,0,0,0,0,0,0,0,0,0,0,0,0,0,0,0,0,0,0,0,0,0,0,0,0,0,0,0,0,0,0,0,0,0,0,0,0,0,0,0,0,0,0,0,0,0,0,0,0,0,0,0,0,0,0,0,0,0,0,0,0,0,0,0,0,0,0,0,0,0,0,0,0,0,0,0,0,0,0,0,0,0,0,0,0,0,0,0,0,0,0,0,0,0,0,0,0,0,0,0,0,0,0,0,0,0,0,0,0,0,0,0,0,0,0,0,0,0,0,0,0,0,0,0,0,0,0,0,0,0,0,0,0,0,0,0,0,0,0,0,0,0,0,0,0,0,0,0,0,0,0,0,0,0,0,0,0,0,0,0,0,0,0,0,0,0,0,-351,903,971,-70,-67,-61,-46,-23,7,39,71,89,91,77,49,13,-23,-58,-78,-85,-72,-51,-13,36,75,97,98,77,30,-22,-68,-103,-117,-92,-43,13,67,112,136,125,68,-2,-61,-110,-136,-129,-88,-20,65,137,176,172,122,32,-69,-162,-224,-234,-185,-88,32,153,253,299,265,164,17,-147,-282,-349,-340,-263,-116,74,256,389,425,360,208,-4,-220,-389,-476,-458,-329,-125,114,335,484,522,441,254,1,-252,-448,-543,-514,-364,-133,133,365,511,548,458,255,-2,-255,-454,-546,-505,-347,-118,136,357,484,491,388,198,-40,-261,-409,-457,-394,-236,-30,179,338,412,0,252,65,-132,-299,-394,-383,-270,-97,106,277,371,373,290,129,-67,-250,-367,-397,-332,-181,20,206,343,410,372,237,53,-144,-313,-403,-401,-306,-147,52,237,358,396,341,208,38,-144,-295,-368,-349,-252,-106,53,197,294,315,261,148,8,-120,-220,-269,-247,-169,-56,61,143,190,190,139,59,-25,-99,-147,-151,-117,-52,17,76,117,127,102,54,-7,-67,-104,-106,-81,-46,-1,50,83,86,66,38,5,-32,-64,-75,-60,-37,-7,32,61,64,46,22,-6,-34,-55,-61,-56,-35,-8,22,54,68,60,39,14,-19,-56,-90,-96,-84,-60,-27,19,54,78,92,343,578
29163,mtk,MTK 7916,2779221772,rx0-tx0,512,0,0,0,0,0,0,0,0,0,0,0,0,0,0,0,0,0,0,0,0,0,0,0,0,0,0,0,0,0,0,0,0,0,0,0,0,0,0,0,0,0,0,0,0,0,0,0,0,0,0,0,0,0,0,0,0,0,0,0,0,0,0,0,0,0,0,0,0,0,0,0,0,0,0,0,0,0,0,0,0,0,0,0,0,0,0,0,0,0,0,0,0,0,0,0,0,0,0,0,0,0,0,0,0,0,0,0,0,0,0,0,0,0,0,0,0,0,0,0,0,0,0,0,0,0,0,0,0,0,0,0,0,0,0,0,0,0,0,0,0,0,0,0,0,0,0,0,0,0,0,0,0,0,0,0,0,0,0,0,0,0,0,0,0,0,0,0,0,0,0,0,0,0,0,0,0,0,0,0,0,0,0,0,0,0,0,0,0,0,0,0,0,0,0,0,0,0,0,0,0,0,0,0,0,0,0,0,0,0,0,0,0,0,0,0,0,0,0,0,0,0,0,0,0,0,0,0,0,0,0,0,0,0,0,0,0,0,0,0,0,0,0,0,0,0,0,0,0,0,0,0,0,0,0,0,0,-273,1011,958,-17,109,242,323,333,272,155,14,-133,-261,-351,-400,-400,-344,-247,-119,30,182,317,423,486,496,447,352,206,26,-156,-337,-481,-574,-609,-577,-486,-337,-149,59,261,434,575,652,661,610,497,343,149,-62,-269,-435,-579,-673,-701,-676,-581,-434,-248,-37,181,398,572,701,770,770,701,561,363,131,-117,-360,-580,-746,-837,-856,-793,-660,-464,-218,56,317,550,740,852,880,829,701,513,276,14,-239,-469,-649,-767,-817,-791,-695,-535,-335,-124,96,310,488,612,683,702,669,572,433,270,86,-93,-268,-422,-532,-615,-646,-624,-554,-450,-301,-128,54,238,404,541,630,675,-1687,614,484,321,134,-70,-270,-448,-596,-693,-731,-702,-623,-490,-322,-119,92,293,474,623,725,768,754,680,541,358,148,-85,-320,-539,-726,-854,-909,-889,-798,-629,-390,-107,196,498,757,962,1081,1100,1011,830,560,233,-125,-478,-798,-1040,-1187,-1230,-1137,-941,-656,-302,84,464,804,1060,1205,1240,1163,968,683,326,-60,-426,-759,-1010,-1164,-1201,-1126,-947,-679,-341,27,386,709,955,1108,1160,1096,925,658,321,-38,-395,-714,-958,-1096,-1123,-1029,-822,-533,-195,162,505,782,965,1042,1011,870,630,327,-7,-334,-618,-833,-948,-963,-863,-658,-378,-37,326,653,899,1020,960,720,340,-106,-446,741,898,0,0,0,0,0,0,0,0,0,0,0,0,0,0,0,0,0,0,0,0,0,0,0,0,0,0,0,0,0,0,0,0,0,0,0,0,0,0,0,0,0,0,0,0,0,0,0,0,0,0,0,0,0,0,0,0,0,0,0,0,0,0,0,0,0,0,0,0,0,0,0,0,0,0,0,0,0,0,0,0,0,0,0,0,0,0,0,0,0,0,0,0,0,0,0,0,0,0,0,0,0,0,0,0,0,0,0,0,0,0,0,0,0,0,0,0,0,0,0,0,0,0,0,0,0,0,0,0,0,0,0,0,0,0,0,0,0,0,0,0,0,0,0,0,0,0,0,0,0,0,0,0,0,0,0,0,0,0,0,0,0,0,0,0,0,0,0,0,0,0,0,0,0,0,0,0,0,0,0,0,0,0,0,0,0,0,0,0,0,0,0,0,0,0,0,0,0,0,0,0,0,0,0,0,0,0,0,0,0,0,0,0,0,0,0,0,0,0,0,0,0,0,0,0,0,0,0,0,0,0,0,0,0,0,0,0,0,0,0,0,0,0,0,0,0,0,0,0,0,0,0,0,0,0,0,0,-1322,-81,-347,239,252,188,59,-92,-234,-331,-373,-357,-287,-178,-44,102,238,348,419,448,422,347,226,75,-94,-257,-399,-508,-555,-544,-478,-348,-178,21,222,404,544,628,645,594,490,332,129,-78,-280,-447,-582,-667,-690,-633,-525,-380,-189,16,223,418,575,683,734,731,648,503,314,91,-145,-379,-586,-733,-812,-819,-755,-625,-418,-179,84,335,560,740,850,879,815,689,492,244,-21,-282,-517,-704,-827,-864,-815,-702,-525,-311,-71,171,395,576,697,751,748,678,547,380,192,-7,-206,-386,-521,-615,-659,-652,-598,-491,-358,-197,-16,159,324,464,578,640,658,621,536,401,233,48,-175,-343,-506,-619,-691,-705,-660,-559,-414,-229,-17,193,384,548,665,733,738,683,579,425,232,20,-196,-403,-585,-718,-801,-825,-777,-665,-499,-277,-20,247,510,738,912,1002,1009,916,738,492,187,-152,-483,-780,-1009,-1142,-1172,-1090,-901,-617,-275,106,479,799,1050,1209,1251,1169,970,669,307,-69,-447,-783,-1037,-1195,-1223,-1142,-958,-676,-334,41,401,725,977,1136,1183,1114,936,670,342,-18,-380,-703,-955,-1110,-1148,-1072,-891,-609,-270,91,446,746,962,1075,1074,956,731,435,98,-244,-562,-804,-954,-996,-928,-762,-511,-204,122,443,710,901,986,938,755,459,70,-348,-705,-924,-931,-756,680,454
29164,mtk,MTK 7916,2779221772,rx0-tx1,512,0,0,0,0,0,0,0,0,0,0,0,0,0,0,0,0,0,0,0,0,0,0,0,0,0,0,0,0,0,0,0,0,0,0,0,0,0,0,0,0,0,0,0,0,0,0,0,0,0,0,0,0,0,0,0,0,0,0,0,0,0,0,0,0,0,0,0,0,0,0,0,0,0,0,0,0,0,0,0,0,0,0,0,0,0,0,0,0,0,0,0,0,0,0,0,0,0,0,0,0,0,0,0,0,0,0,0,0,0,0,0,0,0,0,0,0,0,0,0,0,0,0,0,0,0,0,0,0,0,0,0,0,0,0,0,0,0,0,0,0,0,0,0,0,0,0,0,0,0,0,0,0,0,0,0,0,0,0,0,0,0,0,0,0,0,0,0,0,0,0,0,0,0,0,0,0,0,0,0,0,0,0,0,0,0,0,0,0,0,0,0,0,0,0,0,0,0,0,0,0,0,0,0,0,0,0,0,0,0,0,0,0,0,0,0,0,0,0,0,0,0,0,0,0,0,0,0,0,0,0,0,0,0,0,0,0,0,0,0,0,0,0,0,0,0,0,0,0,0,0,0,0,0,0,0,0,-730,9,-45,-103,-223,-303,-308,-238,-110,44,191,314,396,421,387,299,171,14,-150,-307,-435,-523,-556,-514,-419,-265,-67,149,368,547,680,738,710,598,424,201,-61,-335,-576,-760,-869,-894,-822,-662,-435,-158,151,448,719,917,1020,1040,953,766,500,172,-175,-501,-795,-1021,-1149,-1166,-1075,-878,-593,-247,128,499,815,1065,1226,1274,1205,1015,730,372,-28,-427,-780,-1076,-1272,-1358,-1327,-1160,-890,-532,-114,306,714,1051,1293,1427,1416,1288,1036,682,266,-177,-608,-980,-1262,-1429,-1462,-1355,-1136,-814,-414,31,468,855,1171,1379,1458,1397,1218,931,559,139,-285,-675,-1013,-1255,-1383,-1384,-1275,-1047,-727,-343,-546,452,817,1093,1283,1366,1328,1170,920,591,200,-198,-580,-922,-1182,-1348,-1388,-1305,-1119,-832,-456,-49,364,757,1085,1321,1437,1424,1284,1018,670,251,-193,-605,-979,-1257,-1428,-1460,-1361,-1140,-820,-431,-6,426,816,1131,1340,1426,1396,1235,954,593,186,-235,-635,-977,-1227,-1370,-1388,-1288,-1066,-746,-361,53,464,836,1133,1328,1392,1331,1148,851,473,45,-388,-785,-1106,-1321,-1400,-1343,-1150,-844,-454,-14,422,817,1125,1313,1357,1258,1028,687,278,-158,-567,-904,-1138,-1234,-1197,-1028,-748,-391,-4,367,690,919,1035,1029,912,698,415,97,-234,-520,-745,-883,-919,-839,-641,-346,7,372,674,842,821,644,163,114,0,0,0,0,0,0,0,0,0,0,0,0,0,0,0,0,0,0,0,0,0,0,0,0,0,0,0,0,0,0,0,0,0,0,0,0,0,0,0,0,0,0,0,0,0,0,0,0,0,0,0,0,0,0,0,0,0,0,0,0,0,0,0,0,0,0,0,0,0,0,0,0,0,0,0,0,0,0,0,0,0,0,0,0,0,0,0,0,0,0,0,0,0,0,0,0,0,0,0,0,0,0,0,0,0,0,0,0,0,0,0,0,0,0,0,0,0,0,0,0,0,0,0,0,0,0,0,0,0,0,0,0,0,0,0,0,0,0,0,0,0,0,0,0,0,0,0,0,0,0,0,0,0,0,0,0,0,0,0,0,0,0,0,0,0,0,0,0,0,0,0,0,0,0,0,0,0,0,0,0,0,0,0,0,0,0,0,0,0,0,0,0,0,0,0,0,0,0,0,0,0,0,0,0,0,0,0,0,0,0,0,0,0,0,0,0,0,0,0,0,0,0,0,0,0,0,0,0,0,0,0,0,0,0,0,0,0,0,0,0,0,0,0,0,0,0,0,0,0,0,0,0,0,0,0,0,-128,-237,-235,-210,-159,-36,116,256,349,373,335,244,112,-42,-196,-328,-423,-472,-464,-401,-286,-128,62,252,422,559,632,639,566,428,234,-3,-255,-482,-660,-778,-824,-775,-634,-425,-169,117,404,651,838,946,962,884,716,458,158,-166,-485,-761,-974,-1093,-1099,-1006,-818,-546,-210,148,498,811,1048,1190,1222,1134,934,658,306,-78,-464,-809,-1084,-1256,-1323,-1261,-1084,-813,-454,-55,360,746,1064,1293,1394,1372,1227,957,611,193,-241,-654,-1017,-1282,-1426,-1445,-1332,-1094,-753,-341,106,538,916,1216,1411,1467,1381,1182,874,486,49,-389,-776,-1099,-1327,-1427,-1392,-1244,-983,-637,-235,180,576,923,1185,1345,1197,1306,1102,810,463,73,-330,-700,-1006,-1238,-1356,-1349,-1240,-1019,-714,-336,72,472,832,1134,1337,1411,1375,1217,941,578,162,-271,-684,-1038,-1300,-1453,-1455,-1331,-1090,-748,-342,99,525,903,1196,1383,1447,1384,1188,891,513,98,-328,-725,-1058,-1283,-1396,-1388,-1253,-1007,-673,-279,135,537,896,1171,1337,1382,1304,1110,815,434,14,-410,-801,-1112,-1322,-1402,-1346,-1159,-858,-470,-41,394,795,1115,1319,1389,1313,1107,787,382,-59,-485,-858,-1135,-1289,-1301,-1165,-906,-550,-142,267,641,928,1102,1145,1064,866,576,233,-119,-443,-707,-883,-963,-925,-782,-554,-263,58,385,665,857,923,840,601,249,-147,-438,-166,-204
29165,mtk,MTK 7916,2779221772,rx1-tx0,512,0,0,0,0,0,0,0,0,0,0,0,0,0,0,0,0,0,0,0,0,0,0,0,0,0,0,0,0,0,0,0,0,0,0,0,0,0,0,0,0,0,0,0,0,0,0,0,0,0,0,0,0,0,0,0,0,0,0,0,0,0,0,0,0,0,0,0,0,0,0,0,0,0,0,0,0,0,0,0,0,0,0,0,0,0,0,0,0,0,0,0,0,0,0,0,0,0,0,0,0,0,0,0,0,0,0,0,0,0,0,0,0,0,0,0,0,0,0,0,0,0,0,0,0,0,0,0,0,0,0,0,0,0,0,0,0,0,0,0,0,0,0,0,0,0,0,0,0,0,0,0,0,0,0,0,0,0,0,0,0,0,0,0,0,0,0,0,0,0,0,0,0,0,0,0,0,0,0,0,0,0,0,0,0,0,0,0,0,0,0,0,0,0,0,0,0,0,0,0,0,0,0,0,0,0,0,0,0,0,0,0,0,0,0,0,0,0,0,0,0,0,0,0,0,0,0,0,0,0,0,0,0,0,0,0,0,0,0,0,0,0,0,0,0,0,0,0,0,0,0,0,0,0,0,0,0,146,405,132,150,119,40,-63,-155,-219,-234,-208,-146,-52,49,149,223,266,264,233,177,84,-24,-120,-212,-277,-303,-298,-247,-162,-66,54,161,238,287,312,293,237,154,57,-43,-137,-213,-262,-270,-263,-217,-148,-72,4,80,132,167,192,191,172,141,101,57,10,-38,-68,-90,-107,-110,-100,-89,-77,-63,-57,-45,-37,-31,-11,7,28,53,87,125,152,176,185,165,127,74,6,-83,-161,-235,-294,-313,-305,-266,-187,-78,41,153,261,345,398,404,368,287,175,46,-92,-219,-328,-411,-443,-429,-373,-274,-151,-14,122,258,361,428,450,430,367,273,153,8,-133,-262,-366,-435,-144,-445,-370,-272,-145,3,141,272,376,441,462,432,359,259,125,-22,-165,-287,-377,-427,-428,-390,-326,-218,-96,33,156,256,332,370,374,348,279,198,89,-24,-130,-221,-283,-323,-336,-313,-258,-189,-109,-6,86,170,240,275,282,272,242,181,108,21,-61,-138,-205,-247,-266,-247,-214,-159,-100,-21,54,111,167,198,212,208,186,147,99,41,-24,-74,-127,-163,-185,-190,-181,-159,-112,-57,3,71,125,166,199,210,192,160,102,35,-38,-106,-163,-204,-217,-207,-172,-106,-37,33,109,165,197,205,195,149,80,7,-67,-129,-177,-195,-183,-142,-73,4,79,139,165,151,977,835,0,0,0,0,0,0,0,0,0,0,0,0,0,0,0,0,0,0,0,0,0,0,0,0,0,0,0,0,0,0,0,0,0,0,0,0,0,0,0,0,0,0,0,0,0,0,0,0,0,0,0,0,0,0,0,0,0,0,0,0,0,0,0,0,0,0,0,0,0,0,0,0,0,0,0,0,0,0,0,0,0,0,0,0,0,0,0,0,0,0,0,0,0,0,0,0,0,0,0,0,0,0,0,0,0,0,0,0,0,0,0,0,0,0,0,0,0,0,0,0,0,0,0,0,0,0,0,0,0,0,0,0,0,0,0,0,0,0,0,0,0,0,0,0,0,0,0,0,0,0,0,0,0,0,0,0,0,0,0,0,0,0,0,0,0,0,0,0,0,0,0,0,0,0,0,0,0,0,0,0,0,0,0,0,0,0,0,0,0,0,0,0,0,0,0,0,0,0,0,0,0,0,0,0,0,0,0,0,0,0,0,0,0,0,0,0,0,0,0,0,0,0,0,0,0,0,0,0,0,0,0,0,0,0,0,0,0,0,0,0,0,0,0,0,0,0,0,0,0,0,0,0,0,0,0,0,206,-970,-1046,-45,-131,-197,-206,-165,-79,27,123,202,249,254,221,149,55,-47,-137,-220,-274,-286,-264,-213,-122,-15,95,196,263,307,316,274,201,112,9,-104,-196,-265,-294,-292,-255,-193,-106,-17,68,148,197,224,231,213,169,120,57,-4,-62,-102,-125,-139,-137,-125,-105,-88,-65,-34,-6,14,33,39,51,61,67,83,95,100,101,102,99,78,46,5,-59,-118,-174,-222,-251,-253,-219,-169,-83,12,109,209,292,354,366,345,288,190,68,-67,-199,-308,-383,-425,-418,-372,-288,-171,-30,106,236,342,412,443,431,375,271,146,7,-133,-262,-359,-429,-453,-431,-373,-274,-147,147,134,263,366,446,460,434,373,273,146,-1,-148,-273,-373,-436,-452,-418,-344,-233,-104,37,160,276,363,399,404,370,298,206,87,-33,-147,-241,-312,-355,-358,-333,-268,-186,-94,15,116,200,251,292,306,284,248,183,100,12,-71,-154,-217,-256,-270,-257,-227,-176,-107,-21,56,123,180,218,242,226,202,154,91,26,-43,-99,-147,-177,-198,-196,-179,-153,-105,-50,8,61,120,164,190,201,192,157,111,55,-17,-78,-134,-184,-207,-210,-187,-144,-82,-8,70,140,191,209,216,194,136,65,-11,-84,-148,-186,-204,-191,-155,-91,-11,66,135,181,188,165,107,28,-45,-410,-642
29166,mtk,MTK 7916,2779221772,rx1-tx1,512,0,0,0,0,0,0,0,0,0,0,0,0,0,0,0,0,0,0,0,0,0,0,0,0,0,0,0,0,0,0,0,0,0,0,0,0,0,0,0,0,0,0,0,0,0,0,0,0,0,0,0,0,0,0,0,0,0,0,0,0,0,0,0,0,0,0,0,0,0,0,0,0,0,0,0,0,0,0,0,0,0,0,0,0,0,0,0,0,0,0,0,0,0,0,0,0,0,0,0,0,0,0,0,0,0,0,0,0,0,0,0,0,0,0,0,0,0,0,0,0,0,0,0,0,0,0,0,0,0,0,0,0,0,0,0,0,0,0,0,0,0,0,0,0,0,0,0,0,0,0,0,0,0,0,0,0,0,0,0,0,0,0,0,0,0,0,0,0,0,0,0,0,0,0,0,0,0,0,0,0,0,0,0,0,0,0,0,0,0,0,0,0,0,0,0,0,0,0,0,0,0,0,0,0,0,0,0,0,0,0,0,0,0,0,0,0,0,0,0,0,0,0,0,0,0,0,0,0,0,0,0,0,0,0,0,0,0,0,0,0,0,0,0,0,0,0,0,0,0,0,0,0,0,0,0,0,-411,-445,-697,52,55,60,58,45,25,-1,-30,-56,-72,-80,-80,-65,-40,-9,27,61,85,92,86,69,36,-2,-42,-69,-84,-88,-80,-49,-10,23,48,61,68,64,42,14,-9,-30,-46,-46,-38,-21,-6,8,24,32,24,7,-8,-21,-28,-25,-10,14,37,48,52,46,28,1,-28,-59,-78,-78,-65,-38,6,55,91,122,123,95,51,-3,-65,-114,-136,-138,-113,-59,4,67,116,148,146,117,63,0,-65,-112,-137,-134,-103,-54,-1,53,100,127,121,89,44,-6,-57,-94,-111,-105,-78,-38,6,46,77,89,83,59,26,-10,-36,-53,-64,-59,-44,-23,-10,-6,0,-4,-4,-1,4,19,41,59,68,73,64,39,-5,-61,-111,-142,-153,-136,-90,-16,67,147,205,224,206,148,55,-54,-154,-235,-280,-276,-215,-113,21,156,262,319,313,252,147,5,-148,-268,-335,-345,-291,-183,-40,123,253,330,345,298,185,39,-112,-240,-322,-335,-287,-181,-38,113,235,312,329,283,179,35,-117,-245,-324,-341,-289,-183,-41,101,231,318,344,305,206,69,-78,-209,-300,-332,-306,-229,-113,22,150,250,300,292,238,148,32,-86,-179,-237,-249,-212,-139,-50,42,126,188,210,190,134,61,-22,-98,-157,-192,-190,-158,-106,-44,27,92,139,162,171,358,89,0,0,0,0,0,0,0,0,0,0,0,0,0,0,0,0,0,0,0,0,0,0,0,0,0,0,0,0,0,0,0,0,0,0,0,0,0,0,0,0,0,0,0,0,0,0,0,0,0,0,0,0,0,0,0,0,0,0,0,0,0,0,0,0,0,0,0,0,0,0,0,0,0,0,0,0,0,0,0,0,0,0,0,0,0,0,0,0,0,0,0,0,0,0,0,0,0,0,0,0,0,0,0,0,0,0,0,0,0,0,0,0,0,0,0,0,0,0,0,0,0,0,0,0,0,0,0,0,0,0,0,0,0,0,0,0,0,0,0,0,0,0,0,0,0,0,0,0,0,0,0,0,0,0,0,0,0,0,0,0,0,0,0,0,0,0,0,0,0,0,0,0,0,0,0,0,0,0,0,0,0,0,0,0,0,0,0,0,0,0,0,0,0,0,0,0,0,0,0,0,0,0,0,0,0,0,0,0,0,0,0,0,0,0,0,0,0,0,0,0,0,0,0,0,0,0,0,0,0,0,0,0,0,0,0,0,0,0,0,0,0,0,0,0,0,0,0,0,0,0,0,0,0,0,0,0,-92,-959,-809,-4,8,23,43,61,74,79,73,57,37,4,-31,-53,-69,-83,-84,-66,-38,-4,31,66,90,95,79,55,24,-12,-47,-67,-80,-82,-67,-35,-3,28,52,59,58,49,25,-5,-24,-31,-33,-29,-20,-3,8,16,15,10,-1,-16,-36,-43,-35,-18,9,39,57,66,66,47,12,-28,-62,-92,-105,-98,-70,-16,39,84,118,130,115,74,20,-34,-89,-132,-145,-128,-88,-30,35,92,131,141,123,80,24,-37,-91,-126,-135,-117,-81,-24,36,82,112,116,96,62,14,-34,-69,-93,-102,-82,-50,-9,26,55,73,76,60,34,13,-5,-19,-24,-28,-28,0,-17,-17,-23,-33,-38,-34,-22,-4,28,72,102,110,108,86,35,-34,-99,-148,-181,-191,-157,-82,11,107,196,249,255,221,142,22,-100,-211,-288,-316,-288,-196,-60,87,217,305,342,317,231,98,-60,-206,-308,-355,-336,-244,-107,42,184,292,344,331,249,117,-38,-179,-285,-338,-321,-234,-106,36,175,283,337,320,233,104,-45,-187,-294,-347,-333,-250,-122,29,172,278,336,331,269,160,22,-120,-234,-309,-327,-284,-188,-72,55,171,252,281,256,193,101,-5,-104,-177,-220,-218,-177,-108,-19,68,139,182,193,169,115,38,-41,-110,-162,-192,-201,-181,-139,-83,-16,-965,-1030
29167,mtk,MTK 7916,2779221772,rx2-tx0,512,0,0,0,0,0,0,0,0,0,0,0,0,0,0,0,0,0,0,0,0,0,0,0,0,0,0,0,0,0,0,0,0,0,0,0,0,0,0,0,0,0,0,0,0,0,0,0,0,0,0,0,0,0,0,0,0,0,0,0,0,0,0,0,0,0,0,0,0,0,0,0,0,0,0,0,0,0,0,0,0,0,0,0,0,0,0,0,0,0,0,0,0,0,0,0,0,0,0,0,0,0,0,0,0,0,0,0,0,0,0,0,0,0,0,0,0,0,0,0,0,0,0,0,0,0,0,0,0,0,0,0,0,0,0,0,0,0,0,0,0,0,0,0,0,0,0,0,0,0,0,0,0,0,0,0,0,0,0,0,0,0,0,0,0,0,0,0,0,0,0,0,0,0,0,0,0,0,0,0,0,0,0,0,0,0,0,0,0,0,0,0,0,0,0,0,0,0,0,0,0,0,0,0,0,0,0,0,0,0,0,0,0,0,0,0,0,0,0,0,0,0,0,0,0,0,0,0,0,0,0,0,0,0,0,0,0,0,0,0,0,0,0,0,0,0,0,0,0,0,0,0,0,0,0,0,0,-136,-562,-251,34,21,5,-15,-37,-56,-70,-75,-71,-61,-45,-21,8,35,54,69,76,68,51,31,7,-24,-51,-69,-76,-77,-68,-47,-22,7,37,67,88,98,95,78,48,6,-44,-92,-126,-143,-141,-110,-59,9,79,140,180,188,158,101,19,-74,-162,-217,-233,-203,-136,-38,69,169,244,269,236,151,33,-94,-210,-294,-316,-266,-160,-19,131,264,350,361,295,165,-4,-176,-317,-399,-401,-322,-171,28,217,363,448,438,332,161,-46,-246,-398,-473,-454,-339,-154,66,274,425,488,454,329,133,-95,-301,-442,-491,-431,-284,-81,144,341,462,488,406,233,12,-208,-388,-491,0,-377,-190,40,267,440,519,490,359,152,-92,-322,-478,-536,-488,-342,-114,136,358,511,563,494,325,92,-160,-384,-533,-575,-501,-324,-81,174,397,542,585,514,341,101,-158,-383,-526,-567,-504,-347,-123,118,329,474,530,483,343,141,-78,-273,-412,-467,-431,-325,-159,41,218,338,394,377,285,144,-15,-167,-276,-334,-320,-241,-122,6,133,231,278,270,205,105,-11,-121,-205,-244,-234,-182,-97,9,108,184,227,226,181,105,9,-87,-165,-217,-229,-200,-133,-46,46,127,185,216,209,167,100,13,-71,-142,-191,-210,-195,-152,-82,-2,70,129,174,203,205,181,146,94,-1138,-1017,0,0,0,0,0,0,0,0,0,0,0,0,0,0,0,0,0,0,0,0,0,0,0,0,0,0,0,0,0,0,0,0,0,0,0,0,0,0,0,0,0,0,0,0,0,0,0,0,0,0,0,0,0,0,0,0,0,0,0,0,0,0,0,0,0,0,0,0,0,0,0,0,0,0,0,0,0,0,0,0,0,0,0,0,0,0,0,0,0,0,0,0,0,0,0,0,0,0,0,0,0,0,0,0,0,0,0,0,0,0,0,0,0,0,0,0,0,0,0,0,0,0,0,0,0,0,0,0,0,0,0,0,0,0,0,0,0,0,0,0,0,0,0,0,0,0,0,0,0,0,0,0,0,0,0,0,0,0,0,0,0,0,0,0,0,0,0,0,0,0,0,0,0,0,0,0,0,0,0,0,0,0,0,0,0,0,0,0,0,0,0,0,0,0,0,0,0,0,0,0,0,0,0,0,0,0,0,0,0,0,0,0,0,0,0,0,0,0,0,0,0,0,0,0,0,0,0,0,0,0,0,0,0,0,0,0,0,0,0,0,0,0,0,0,0,0,0,0,0,0,0,0,0,0,0,0,1335,1038,1146,52,65,71,73,67,55,35,10,-15,-40,-59,-71,-73,-66,-51,-28,0,28,51,64,68,67,57,38,10,-18,-45,-67,-83,-86,-79,-64,-38,0,40,76,106,124,118,95,55,0,-56,-111,-154,-168,-153,-107,-37,43,119,178,208,202,155,75,-22,-119,-203,-248,-242,-185,-89,28,147,238,288,282,215,99,-41,-178,-283,-331,-310,-227,-91,74,227,337,383,351,248,82,-108,-273,-384,-427,-383,-251,-63,143,324,440,470,404,256,53,-158,-342,-464,-490,-408,-247,-37,185,368,471,477,382,204,-13,-228,-398,-486,-468,-350,-156,69,274,424,489,448,311,106,0,-336,-477,-513,-438,-269,-48,183,382,508,528,431,245,9,-232,-427,-535,-535,-424,-225,24,270,461,560,553,430,215,-42,-286,-476,-572,-561,-435,-222,39,285,472,570,555,431,227,-20,-262,-447,-543,-538,-432,-250,-25,207,387,487,492,405,242,44,-151,-316,-418,-428,-358,-227,-57,114,254,344,364,312,205,66,-83,-210,-284,-301,-263,-178,-60,60,168,238,256,225,153,49,-60,-156,-214,-231,-208,-144,-50,50,138,202,227,215,161,76,-18,-104,-179,-218,-216,-179,-112,-29,54,132,192,215,198,152,84,1,-78,-144,-189,-206,-198,-164,-109,-41,23,77,117,154,305,597
29168,mtk,MTK 7916,2779221772,rx2-tx1,512,0,0,0,0,0,0,0,0,0,0,0,0,0,0,0,0,0,0,0,0,0,0,0,0,0,0,0,0,0,0,0,0,0,0,0,0,0,0,0,0,0,0,0,0,0,0,0,0,0,0,0,0,0,0,0,0,0,0,0,0,0,0,0,0,0,0,0,0,0,0,0,0,0,0,0,0,0,0,0,0,0,0,0,0,0,0,0,0,0,0,0,0,0,0,0,0,0,0,0,0,0,0,0,0,0,0,0,0,0,0,0,0,0,0,0,0,0,0,0,0,0,0,0,0,0,0,0,0,0,0,0,0,0,0,0,0,0,0,0,0,0,0,0,0,0,0,0,0,0,0,0,0,0,0,0,0,0,0,0,0,0,0,0,0,0,0,0,0,0,0,0,0,0,0,0,0,0,0,0,0,0,0,0,0,0,0,0,0,0,0,0,0,0,0,0,0,0,0,0,0,0,0,0,0,0,0,0,0,0,0,0,0,0,0,0,0,0,0,0,0,0,0,0,0,0,0,0,0,0,0,0,0,0,0,0,0,0,0,0,0,0,0,0,0,0,0,0,0,0,0,0,0,0,0,0,0,236,-381,-114,55,47,32,11,-16,-45,-72,-87,-92,-86,-66,-36,1,40,72,92,99,87,51,10,-31,-69,-99,-105,-89,-54,-6,45,88,117,115,90,50,-3,-57,-99,-125,-118,-83,-33,30,97,144,159,131,66,-12,-85,-147,-187,-183,-137,-58,45,144,221,254,227,150,43,-88,-216,-300,-316,-271,-167,-14,146,274,363,378,316,183,0,-191,-345,-432,-438,-353,-187,27,230,399,489,480,378,196,-31,-257,-434,-528,-511,-383,-181,63,291,458,543,515,380,170,-75,-304,-464,-533,-492,-352,-142,94,303,445,502,449,302,102,-119,-312,-428,-446,-376,-226,-29,169,322,401,0,296,130,-58,-226,-341,-377,-337,-219,-50,131,286,369,369,289,149,-29,-204,-340,-399,-371,-262,-102,83,256,372,406,359,235,55,-137,-293,-384,-394,-332,-203,-25,150,293,373,371,299,167,2,-157,-276,-342,-340,-264,-136,7,144,248,295,276,209,102,-20,-143,-218,-240,-213,-144,-50,49,131,181,188,149,86,11,-62,-125,-154,-144,-105,-49,18,79,117,124,110,77,24,-35,-78,-104,-105,-91,-57,-8,33,62,80,82,59,24,-6,-32,-50,-59,-53,-35,-16,0,19,35,36,26,9,-8,-24,-33,-32,-20,-4,14,31,46,57,59,44,20,-8,-27,-48,-919,-787,0,0,0,0,0,0,0,0,0,0,0,0,0,0,0,0,0,0,0,0,0,0,0,0,0,0,0,0,0,0,0,0,0,0,0,0,0,0,0,0,0,0,0,0,0,0,0,0,0,0,0,0,0,0,0,0,0,0,0,0,0,0,0,0,0,0,0,0,0,0,0,0,0,0,0,0,0,0,0,0,0,0,0,0,0,0,0,0,0,0,0,0,0,0,0,0,0,0,0,0,0,0,0,0,0,0,0,0,0,0,0,0,0,0,0,0,0,0,0,0,0,0,0,0,0,0,0,0,0,0,0,0,0,0,0,0,0,0,0,0,0,0,0,0,0,0,0,0,0,0,0,0,0,0,0,0,0,0,0,0,0,0,0,0,0,0,0,0,0,0,0,0,0,0,0,0,0,0,0,0,0,0,0,0,0,0,0,0,0,0,0,0,0,0,0,0,0,0,0,0,0,0,0,0,0,0,0,0,0,0,0,0,0,0,0,0,0,0,0,0,0,0,0,0,0,0,0,0,0,0,0,0,0,0,0,0,0,0,0,0,0,0,0,0,0,0,0,0,0,0,0,0,0,0,0,0,-351,903,971,39,56,73,88,90,79,62,35,2,-34,-64,-82,-92,-91,-70,-29,15,53,83,105,99,73,37,-9,-58,-90,-106,-102,-70,-29,21,72,110,117,102,62,9,-49,-101,-136,-136,-105,-48,25,98,149,166,156,102,22,-67,-151,-211,-226,-185,-99,13,121,219,282,280,212,98,-42,-182,-294,-346,-325,-230,-86,83,244,360,409,383,266,88,-113,-293,-424,-471,-419,-280,-81,144,338,470,510,444,289,80,-156,-372,-500,-534,-466,-295,-56,194,394,513,532,449,275,42,-194,-389,-505,-511,-407,-232,-11,209,384,472,462,352,171,-37,-228,-373,-437,-394,-263,-83,0,273,374,390,318,183,10,-171,-313,-381,-360,-258,-103,73,242,358,389,335,208,30,-146,-297,-390,-397,-316,-175,14,201,343,401,384,287,136,-50,-228,-354,-403,-369,-262,-107,73,233,336,368,330,225,70,-90,-223,-308,-324,-273,-173,-50,85,198,265,267,213,123,17,-92,-171,-210,-200,-155,-78,10,95,150,168,153,103,33,-39,-99,-134,-138,-114,-63,-7,44,95,122,114,87,42,-15,-60,-85,-97,-87,-57,-21,16,43,68,73,59,39,18,-17,-38,-48,-47,-31,-8,6,19,36,37,26,9,-9,-25,-34,-39,-35,-15,5,25,47,64,72,70,54,343,578
29169,mtk,MTK 7916,2779223692,rx0-tx0,512,-1687,614,484,76,145,208,256,287,314,327,323,305,271,214,150,76,-8,-99,-178,-258,-331,-390,-426,-437,-428,-394,-334,-257,-155,-37,81,194,304,401,469,507,525,511,463,396,303,190,61,-73,-197,-313,-416,-494,-541,-564,-553,-509,-437,-353,-242,-121,4,132,250,355,453,525,565,577,565,527,457,366,254,124,-18,-149,-282,-413,-519,-607,-660,-681,-659,-601,-519,-398,-248,-85,90,262,426,569,680,758,792,781,720,621,480,303,114,-88,-288,-473,-627,-749,-830,-862,-840,-768,-647,-489,-300,-102,108,304,485,643,756,828,854,832,761,644,490,309,115,-87,-292,-470,-628,-744,-273,-850,-833,-763,-658,-517,-343,-147,62,264,448,606,735,825,864,856,801,696,550,375,172,-37,-246,-452,-625,-770,-868,-918,-915,-852,-744,-595,-405,-188,44,281,496,682,834,938,989,975,898,771,607,389,141,-111,-362,-588,-785,-931,-1018,-1043,-996,-886,-725,-508,-266,-4,260,497,694,857,966,1003,973,886,737,549,330,85,-155,-381,-573,-734,-840,-886,-875,-810,-691,-527,-339,-133,70,264,443,578,672,726,728,687,604,483,334,170,-1,-168,-321,-443,-536,-587,-602,-577,-512,-411,-280,-134,26,171,305,415,490,521,503,444,345,210,53,-101,-240,-337,-376,-366,-308,-207,630,675,-546,452,817,201,182,120,36,-66,-163,-240,-288,-306,-300,-259,-194,-108,-18,75,164,235,290,321,333,323,290,233,161,80,-18,-110,-198,-275,-333,-381,-394,-378,-347,-287,-200,-107,7,122,228,324,393,441,460,444,391,324,225,105,-13,-134,-243,-328,-405,-451,-453,-433,-382,-305,-218,-123,-15,85,180,251,307,357,376,370,358,315,254,187,112,28,-66,-147,-214,-274,-315,-342,-350,-337,-299,-242,-179,-103,-24,55,131,193,252,287,309,315,299,267,225,169,102,34,-38,-102,-160,-206,-244,-263,-267,-258,-232,-196,-146,-94,-40,17,70,113,152,179,189,196,191,178,163,140,-730,90,56,17,-18,-53,-88,-127,-160,-190,-201,-208,-211,-195,-165,-123,-77,-27,34,85,128,171,200,212,218,210,194,164,131,92,45,-9,-45,-83,-113,-132,-155,-171,-178,-179,-175,-162,-147,-122,-88,-57,-17,26,63,107,147,182,212,230,236,231,216,188,148,97,39,-28,-85,-150,-206,-242,-277,-293,-290,-274,-237,-186,-127,-62,10,82,148,204,240,269,294,294,273,245,206,150,92,37,-20,-81,-136,-190,-234,-265,-282,-285,-277,-256,-213,-163,-105,-37,30,93,157,215,253,283,291,292,277,238,196,141,82,24,-41,-108,-166,-208,-245,-278,-286,-286,-266,-237,-727,-343,-175,-343,-506,294,270,235,187,131,68,-5,-78,-146,-216,-276,-324,-361,-382,-376,-347,-305,-244,-164,-69,27,131,233,321,399,459,493,492,468,414,328,218,108,-13,-143,-260,-366,-455,-517,-550,-547,-515,-458,-375,-265,-147,-21,113,238,344,435,505,546,564,550,507,442,355,242,117,-9,-138,-264,-377,-471,-545,-598,-616,-602,-567,-491,-388,-260,-113,41,203,343,475,589,673,724,739,706,634,518,371,200,16,-176,-362,-529,-672,-764,-816,-834,-795,-707,-572,-404,-212,-6,201,399,572,712,803,855,855,801,707,566,395,208,5,-198,-393,-561,-696,-791,-839,-849,-804,-712,-579,-409,-1322,-25,181,373,540,680,785,846,855,814,730,608,451,262,58,-151,-351,-532,-684,-800,-872,-887,-860,-782,-657,-487,-289,-75,144,361,556,724,852,931,957,923,832,694,507,292,57,-185,-424,-629,-808,-943,-1008,-1014,-962,-849,-679,-459,-205,54,312,543,747,906,1001,1041,1003,898,745,545,310,53,-199,-439,-647,-802,-908,-954,-935,-854,-722,-549,-342,-118,108,322,516,664,762,806,801,747,645,500,338,159,-29,-209,-371,-503,-596,-648,-658,-625,-549,-447,-316,-166,-9,148,292,414,504,556,561,524,452,340,206,52,-101,-245,-367,-449,-475,-448,-374,-254,-115,20,144,224,233,48,1197,1306,1102,-75,-156,-224,-266,-273,-244,-183,-97,-4,90,181,253,302,326,323,289,235,160,78,-11,-96,-179,-252,-305,-349,-362,-344,-313,-255,-186,-96,13,113,209,303,369,414,435,420,380,309,216,111,-10,-135,-241,-336,-414,-452,-462,-445,-392,-316,-221,-99,11,119,227,310,368,406,415,404,368,304,239,150,55,-30,-114,-200,-261,-308,-339,-357,-356,-323,-283,-224,-150,-73,13,95,176,239,291,322,332,327,301,266,212,145,76,-2,-78,-146,-204,-253,-279,-292,-289,-267,-235,-194,-139,-74,-7,60,117,167,205,229,238,232,213,188,156,113,71,33,-11,-48,-83,-118,-128,-158,-174,-182,-183,-179,-166,-146,-118,-80,-34,1,50,102,149,184,205,224,228,208,186,151,102,53,1,-47,-93,-126,-155,-180,-198,-197,-186,-174,-151,-127,-99,-63,-22,12,45,79,107,141,160,178,197,198,194,181,155,125,86,41,-11,-67,-127,-174,-214,-242,-268,-275,-264,-245,-198,-145,-84,-13,52,118,179,233,271,295,303,293,265,218,161,102,37,-39,-99,-150,-200,-236,-260,-277,-284,-271,-246,-211,-162,-105,-41,24,85,148,204,244,280,296,295,275,248,202,148,89,25,-36,-106,-166,-211,-252,-273,-286,-288,-270,-235,-191,-149,-91,-29,34,97,149,1185,1345
29170,mtk,MTK 7916,2779223692,rx0-tx1,512,-144,-445,-370,991,924,808,653,459,244,15,-218,-434,-643,-819,-948,-1030,-1057,-1032,-955,-816,-641,-437,-196,52,294,530,736,904,1035,1111,1126,1078,977,823,615,377,122,-142,-403,-644,-858,-1031,-1138,-1189,-1186,-1114,-975,-780,-544,-283,-4,273,540,780,974,1119,1205,1221,1179,1069,908,702,451,177,-99,-371,-615,-835,-1021,-1145,-1205,-1204,-1147,-1030,-852,-642,-394,-125,161,440,694,908,1078,1195,1250,1237,1165,1016,811,567,291,-6,-306,-581,-832,-1042,-1192,-1274,-1277,-1212,-1084,-893,-652,-370,-67,227,505,753,959,1111,1195,1210,1163,1053,880,660,413,151,-122,-379,-611,-809,-957,-1059,-1106,-1090,-1013,-880,146,-510,-273,-31,212,443,650,831,966,1043,1067,1041,951,812,628,406,169,-89,-342,-571,-769,-932,-1051,-1101,-1093,-1023,-899,-724,-504,-258,4,269,520,741,920,1056,1126,1128,1077,954,785,572,320,52,-226,-491,-731,-925,-1062,-1146,-1166,-1114,-989,-812,-591,-328,-41,246,515,750,950,1083,1151,1153,1083,946,754,514,243,-41,-314,-578,-798,-950,-1050,-1086,-1051,-942,-773,-565,-330,-74,166,396,600,754,855,901,893,820,704,549,366,165,-40,-242,-411,-555,-661,-719,-731,-692,-613,-489,-336,-160,18,190,346,466,559,603,594,545,444,309,150,-20,-179,-310,-405,-441,-418,-348,-238,-115,-366,-435,0,-4,-4,194,83,-70,-225,-368,-469,-512,-498,-429,-319,-175,-11,153,298,426,517,563,570,537,473,369,246,104,-48,-203,-346,-464,-561,-630,-660,-646,-586,-493,-373,-225,-55,124,304,474,622,732,791,824,799,710,584,421,219,-14,-239,-461,-666,-819,-930,-992,-978,-903,-771,-582,-363,-129,122,377,598,790,932,1018,1050,1015,917,770,573,339,89,-177,-430,-651,-841,-977,-1061,-1089,-1035,-923,-766,-558,-315,-60,192,439,653,829,955,1022,1039,988,884,742,548,331,106,-131,-360,-568,-740,-874,-962,-995,-977,-905,-788,-632,-431,-217,7,238,462,655,813,933,1002,1015,981,891,750,565,-411,123,-117,-359,-588,-790,-948,-1054,-1111,-1102,-1027,-901,-726,-499,-242,33,308,570,810,997,1134,1203,1204,1141,1009,824,583,313,22,-273,-548,-796,-998,-1135,-1218,-1230,-1172,-1049,-873,-650,-395,-118,152,420,675,887,1054,1155,1200,1178,1095,962,775,553,301,29,-241,-496,-718,-916,-1063,-1152,-1189,-1159,-1066,-927,-737,-504,-246,28,299,560,793,985,1123,1198,1216,1166,1052,876,664,412,134,-149,-423,-677,-892,-1060,-1167,-1212,-1189,-1101,-952,-761,-527,-257,18,288,544,764,946,1075,1148,1150,1093,982,810,608,373,113,-144,-390,-615,-810,-949,-1036,-1070,-1053,-974,-850,-684,-481,-260,-20,213,434,-10,-6,147,134,263,-189,-419,-614,-778,-910,-995,-1033,-1007,-937,-822,-656,-452,-227,11,249,483,693,860,992,1076,1089,1053,965,817,631,411,165,-92,-344,-580,-795,-969,-1086,-1148,-1150,-1094,-982,-818,-597,-338,-78,198,469,717,927,1079,1182,1218,1192,1102,945,743,501,226,-57,-334,-595,-815,-1002,-1132,-1200,-1209,-1153,-1038,-879,-667,-413,-140,132,402,654,866,1037,1157,1220,1221,1148,1022,841,616,359,77,-208,-490,-755,-971,-1137,-1240,-1278,-1237,-1135,-977,-752,-484,-190,116,408,680,915,1097,1217,1262,1234,1143,989,780,530,247,-37,-317,-581,-805,-977,-1092,-1151,-1151,-1079,-954,-775,-564,-334,-80,171,416,630,206,962,1044,1072,1050,971,843,671,458,227,-18,-263,-497,-700,-874,-997,-1071,-1090,-1043,-934,-775,-575,-339,-86,170,423,651,846,991,1081,1116,1094,1002,853,657,424,162,-106,-376,-622,-830,-997,-1107,-1156,-1134,-1046,-900,-697,-461,-197,87,368,626,841,1011,1126,1174,1146,1051,900,687,430,158,-127,-401,-655,-868,-1025,-1117,-1135,-1085,-973,-779,-552,-303,-29,240,489,698,858,967,1006,973,892,752,564,350,124,-107,-320,-500,-650,-753,-806,-808,-755,-654,-522,-352,-171,14,192,360,502,602,656,661,626,540,421,279,104,-63,-229,-369,-469,-530,-537,-487,-391,-259,-101,49,179,270,309,-274,-147,0,-17,-17,-294,-386,-420,-392,-306,-168,-6,163,314,438,521,551,532,476,381,246,97,-57,-203,-344,-459,-544,-593,-609,-581,-513,-412,-293,-148,12,178,333,469,587,679,725,728,690,609,481,313,130,-64,-272,-472,-639,-776,-875,-912,-887,-823,-688,-502,-294,-53,201,435,659,838,951,1017,1029,971,846,672,455,224,-27,-285,-522,-728,-892,-1012,-1070,-1069,-991,-861,-680,-456,-210,59,324,552,754,922,1028,1067,1047,966,828,645,424,191,-56,-297,-512,-702,-857,-951,-1003,-1002,-940,-826,-671,-483,-267,-35,194,414,604,771,893,963,988,968,886,757,592,397,173,-59,-295,-516,-710,-869,-92,-1046,-1057,-1011,-907,-748,-543,-310,-55,209,463,688,889,1043,1136,1169,1134,1043,884,668,414,134,-149,-435,-694,-920,-1094,-1198,-1235,-1201,-1103,-948,-738,-487,-208,82,370,628,853,1036,1161,1214,1203,1137,1001,815,586,331,66,-210,-468,-699,-903,-1051,-1156,-1192,-1164,-1076,-937,-756,-523,-276,-15,261,517,743,940,1085,1170,1197,1162,1068,915,715,469,201,-80,-360,-627,-848,-1028,-1156,-1220,-1212,-1143,-1013,-827,-599,-336,-56,225,493,726,919,1076,1168,1190,1152,1048,886,682,445,180,-89,-350,-595,-800,-958,-1070,-1121,-1103,-1032,-914,-745,-533,-303,-63,183,420,629,805,926,1009,1036,1005,924,-28,-28
29171,mtk,MTK 7916,2779223692,rx1-tx0,512,0,-377,-190,-811,-836,-816,-757,-658,-520,-363,-193,-14,165,342,499,626,725,798,826,810,752,660,539,391,225,37,-154,-339,-508,-664,-781,-856,-888,-876,-823,-730,-593,-424,-224,-13,200,408,601,773,901,978,1015,1002,929,805,639,437,205,-50,-305,-551,-775,-957,-1095,-1180,-1197,-1146,-1028,-845,-618,-345,-47,249,559,836,1058,1221,1315,1332,1275,1140,934,681,376,59,-264,-573,-836,-1064,-1222,-1308,-1330,-1275,-1139,-936,-695,-412,-96,207,505,772,1002,1173,1274,1302,1251,1142,968,738,461,158,-142,-439,-718,-952,-1126,-1230,-1262,-1238,-1134,-957,-727,-463,-168,123,418,677,891,1064,1173,1204,1174,1074,-136,690,430,158,-121,-395,-641,-850,-999,-1097,-1129,-1091,-1000,-844,-639,-402,-150,118,374,607,799,927,1019,1047,1007,918,774,593,377,137,-106,-340,-547,-714,-839,-925,-948,-921,-835,-702,-534,-346,-144,69,274,459,611,721,796,822,801,741,640,514,353,182,4,-174,-344,-493,-604,-687,-731,-736,-704,-625,-511,-382,-228,-65,108,271,413,546,640,696,708,667,595,491,348,193,29,-133,-290,-423,-523,-587,-618,-607,-563,-491,-386,-251,-116,30,175,307,404,479,526,527,503,445,360,242,114,-14,-147,-264,-358,-424,-455,-450,-403,-320,-211,-84,46,160,250,308,319,291,223,132,-388,-491,0,296,130,-211,-220,-196,-145,-63,31,124,207,265,300,308,279,242,181,102,25,-65,-139,-206,-260,-297,-321,-324,-312,-277,-223,-161,-90,-4,82,175,258,333,400,446,461,447,408,345,248,124,-5,-154,-301,-430,-534,-614,-669,-666,-617,-523,-387,-229,-45,151,334,504,640,744,796,803,760,661,515,347,149,-54,-269,-468,-628,-765,-847,-884,-874,-803,-677,-511,-311,-97,126,350,553,719,861,943,968,927,835,682,490,268,22,-216,-450,-661,-823,-930,-989,-985,-931,-817,-646,-435,-215,27,276,500,688,848,947,989,981,913,787,622,418,188,-53,-281,-491,-677,-821,-920,-963,-960,236,-793,-648,-454,-239,-19,214,433,626,784,907,969,983,947,859,718,535,318,89,-149,-380,-591,-773,-914,-1001,-1032,-1015,-936,-796,-608,-395,-161,82,321,548,738,895,1003,1062,1060,997,880,723,526,302,56,-212,-455,-677,-866,-994,-1084,-1121,-1093,-997,-846,-655,-424,-173,107,376,624,839,1005,1124,1181,1174,1097,949,755,527,264,-31,-319,-589,-823,-1003,-1140,-1211,-1195,-1125,-989,-794,-558,-283,-1,272,533,764,949,1074,1143,1139,1069,943,764,552,316,60,-198,-438,-647,-815,-941,-1020,-1043,-991,-896,-761,-578,-370,-147,90,313,509,680,810,908,941,917,856,742,596,424,227,27,322,401,0,-336,-477,-202,-14,171,343,505,633,726,783,803,796,745,648,519,374,207,21,-164,-341,-493,-625,-733,-807,-843,-833,-780,-697,-573,-413,-229,-27,172,366,546,703,829,917,949,936,876,768,621,428,216,-6,-241,-466,-674,-851,-989,-1073,-1100,-1072,-988,-839,-644,-416,-153,127,412,677,904,1086,1216,1269,1259,1178,1011,786,514,208,-115,-426,-719,-963,-1162,-1295,-1346,-1320,-1214,-1046,-825,-544,-238,78,388,683,930,1117,1252,1301,1283,1205,1053,843,585,294,-17,-325,-603,-856,-1063,-1210,-1279,-1279,-1213,-1066,-861,-606,-323,-27,280,572,822,1018,1164,1234,1237,1162,1014,824,590,314,26,-260,-535,1335,-956,-1093,-1158,-1167,-1103,-965,-774,-542,-287,-13,249,503,726,905,1025,1085,1086,1017,894,711,502,272,14,-233,-470,-672,-830,-941,-988,-984,-925,-813,-656,-465,-247,-19,202,405,583,721,824,882,888,833,731,595,435,250,49,-141,-323,-482,-613,-708,-758,-776,-752,-689,-577,-443,-292,-125,43,211,372,504,608,684,722,712,655,569,456,310,141,-35,-204,-349,-488,-591,-655,-673,-655,-597,-497,-375,-229,-76,82,223,352,461,530,564,571,542,469,368,256,118,-19,-148,-264,-365,-445,-484,-497,-470,-400,-311,-198,-66,66,190,290,365,403,394,343,262,157,39,-67,-152,-198,311,106,0,273,374,-21,60,143,219,271,286,267,214,141,59,-33,-116,-193,-262,-298,-315,-313,-284,-244,-184,-118,-44,37,120,198,262,310,349,370,374,355,311,249,172,70,-42,-160,-276,-379,-477,-534,-564,-566,-515,-435,-322,-188,-19,156,326,482,604,692,744,740,689,587,447,277,87,-111,-315,-501,-650,-763,-826,-837,-805,-713,-588,-425,-221,-11,206,418,603,756,867,923,927,869,758,614,418,192,-51,-293,-516,-710,-851,-954,-990,-966,-893,-759,-574,-359,-120,122,361,578,770,900,979,1007,965,860,722,537,313,79,-161,-396,-601,-767,-892,-968,-980,-936,-845,-702,-522,-308,-86,139,-351,557,728,866,939,969,950,874,751,587,380,160,-65,-288,-506,-697,-850,-951,-1000,-1001,-945,-832,-669,-467,-237,2,246,478,684,847,962,1032,1042,999,896,746,557,340,97,-153,-398,-615,-801,-947,-1042,-1095,-1079,-996,-874,-692,-475,-247,13,280,533,752,932,1065,1141,1162,1107,998,824,605,352,79,-199,-477,-724,-923,-1073,-1176,-1207,-1167,-1066,-891,-676,-423,-137,152,429,688,900,1056,1159,1184,1146,1049,890,677,435,165,-110,-373,-611,-809,-960,-1054,-1092,-1068,-983,-843,-662,-452,-218,30,269,477,666,818,916,971,975,919,819,671,494,289,61,-149,-349,-534,-682,-792,-859,-876,-263,-83
29172,mtk,MTK 7916,2779223692,rx1-tx1,512,0,0,0,672,592,337,-23,-380,-625,-682,-536,-231,148,481,666,651,443,96,-283,-574,-692,-600,-327,48,414,656,707,541,205,-197,-539,-722,-684,-437,-50,354,663,774,652,323,-106,-510,-765,-789,-570,-178,279,660,844,776,471,18,-454,-801,-914,-755,-364,144,614,916,953,706,248,-290,-753,-1002,-961,-641,-125,430,860,1046,929,544,0,-544,-931,-1043,-855,-424,129,638,955,993,735,263,-275,-726,-959,-907,-589,-104,412,795,936,801,427,-73,-541,-840,-883,-663,-246,241,649,856,804,516,70,-396,-742,-863,-723,-359,111,544,815,843,616,204,-270,-667,-863,-800,-494,-35,433,775,0,742,362,-128,-584,-876,-911,-670,-222,293,734,970,917,587,79,-456,-865,-1030,-901,-501,52,600,986,1092,882,415,-178,-732,-1087,-1131,-846,-322,295,836,1149,1136,804,234,-400,-920,-1182,-1105,-713,-118,518,1002,1199,1050,602,-15,-629,-1068,-1196,-981,-490,144,743,1132,1199,921,382,-271,-845,-1182,-1193,-869,-291,364,917,1215,1176,817,233,-411,-936,-1208,-1149,-776,-199,414,909,1147,1069,710,170,-407,-859,-1069,-988,-643,-135,392,793,966,882,564,101,-369,-728,-886,-800,-507,-93,330,653,798,729,472,102,-278,-580,-730,-700,-505,-191,157,449,635,674,570,360,101,-150,-340,-440,-443,0,0,0,0,0,218,292,320,286,184,30,-151,-313,-422,-443,-363,-197,28,258,434,510,466,297,42,-223,-439,-553,-527,-357,-85,216,463,594,569,387,99,-224,-496,-638,-611,-413,-99,252,549,695,645,422,76,-306,-607,-742,-684,-437,-55,355,665,794,707,432,33,-379,-691,-818,-720,-418,0,405,699,798,680,371,-34,-431,-695,-759,-610,-292,107,463,678,703,526,191,-194,-514,-683,-647,-418,-69,289,558,668,577,313,-40,-378,-606,-654,-510,-213,149,466,647,638,441,116,-241,-532,-665,-605,-367,-23,326,580,663,557,293,-55,-390,-601,-636,-486,-200,144,443,608,588,390,79,-250,0,-605,-519,-284,46,363,563,595,448,165,-177,-468,-615,-575,-368,-48,299,557,651,550,284,-69,-405,-625,-663,-498,-183,190,506,671,641,421,73,-302,-590,-702,-603,-324,58,427,666,710,545,214,-186,-530,-718,-700,-472,-104,299,617,749,657,374,-21,-418,-687,-754,-609,-285,128,495,713,728,527,175,-222,-551,-715,-659,-414,-60,309,577,666,556,288,-61,-380,-577,-589,-424,-130,199,457,568,500,276,-31,-323,-508,-533,-390,-124,183,435,558,509,290,-20,-322,-533,-580,-449,-178,151,444,606,585,388,71,-271,-532,-637,-553,-304,40,375,600,651,503,205,-155,-470,-643,0,0,0,0,0,-26,329,590,678,565,281,-89,-430,-641,-667,-492,-164,210,521,682,634,390,24,-352,-621,-700,-570,-266,120,473,690,700,490,124,-285,-608,-753,-669,-382,23,430,713,779,608,253,-185,-579,-812,-792,-525,-99,364,732,882,767,419,-63,-539,-861,-933,-731,-307,219,689,965,962,678,188,-362,-810,-1028,-954,-598,-66,486,896,1049,896,478,-71,-596,-950,-1020,-791,-342,200,682,962,953,664,183,-346,-759,-946,-855,-509,-13,476,817,910,731,331,-161,-592,-841,-847,-595,-157,320,694,863,771,437,-22,-469,-781,-858,-673,-284,190,606,846,829,558,123,-352,-723,-879,-773,-437,0,517,833,901,706,299,-208,-667,-925,-914,-632,-159,368,798,1004,916,552,17,-532,-932,-1071,-901,-468,104,665,1039,1117,871,373,-239,-789,-1122,-1139,-829,-281,345,880,1168,1121,758,177,-459,-964,-1192,-1084,-664,-56,574,1032,1199,1021,549,-77,-685,-1100,-1199,-952,-431,212,794,1156,1192,889,332,-317,-883,-1209,-1190,-839,-261,388,929,1214,1164,796,215,-414,-926,-1182,-1117,-748,-182,421,893,1118,1031,675,154,-394,-827,-1024,-937,-596,-114,379,757,927,846,540,98,-350,-691,-838,-759,-483,-94,311,624,766,707,475,137,-227,-529,-693,-691,-538,-274,36,321,519,597,552,415,228,31,0,0,0,0,0,-161,-62,68,211,328,394,383,289,121,-90,-294,-435,-486,-427,-258,-16,236,436,535,499,330,72,-215,-451,-574,-548,-375,-97,215,476,617,592,405,105,-234,-520,-669,-634,-423,-86,275,574,723,674,430,63,-331,-639,-773,-699,-433,-41,366,679,808,716,425,19,-394,-702,-823,-705,-394,18,418,697,782,652,335,-74,-449,-690,-732,-561,-240,143,485,680,672,473,132,-243,-539,-675,-612,-365,-14,337,585,659,539,262,-94,-422,-628,-647,-470,-161,198,504,660,623,406,76,-278,-557,-671,-587,-335,14,353,586,651,523,241,-103,-414,-602,-608,-441,-139,202,476,604,552,0,11,-307,-533,-602,-488,-221,113,414,593,591,410,104,-237,-507,-627,-565,-327,15,354,591,656,528,238,-131,-460,-655,-659,-463,-129,243,545,689,630,376,10,-360,-625,-708,-578,-273,115,473,697,710,506,156,-243,-574,-741,-689,-432,-40,361,654,760,642,330,-78,-458,-706,-747,-569,-227,177,526,721,703,474,113,-268,-567,-694,-618,-357,0,346,573,625,492,211,-128,-414,-568,-550,-356,-50,263,486,553,445,196,-108,-378,-534,-521,-345,-54,259,490,568,472,229,-92,-391,-576,-587,-423,-128,212,493,628,572,346,14,-323,-569,-650,-538,-262,95,424,626,641,467,157,0,0
29173,mtk,MTK 7916,2779223692,rx2-tx0,512,0,0,0,755,778,579,215,-212,-584,-790,-768,-520,-122,306,643,793,713,434,26,-388,-683,-782,-655,-338,76,451,694,735,557,215,-178,-518,-695,-660,-436,-91,276,549,655,565,304,-41,-363,-567,-596,-443,-158,171,440,569,519,312,15,-290,-503,-552,-422,-168,132,390,526,498,314,27,-270,-480,-540,-427,-183,116,385,537,520,345,63,-242,-474,-559,-480,-250,61,355,538,560,409,137,-180,-440,-571,-530,-331,-34,275,500,569,471,230,-85,-370,-542,-548,-385,-108,198,441,549,496,294,1,-293,-497,-553,-441,-197,106,372,521,516,359,90,-204,-431,-527,-461,-256,23,287,461,0,381,143,-137,-376,-502,-474,-296,-19,260,462,527,428,190,-110,-379,-542,-545,-379,-92,224,480,594,534,311,-10,-340,-571,-635,-514,-234,122,450,646,653,467,144,-231,-551,-711,-658,-412,-36,360,657,764,651,339,-80,-483,-756,-818,-637,-263,184,591,840,851,619,208,-272,-685,-911,-887,-613,-158,345,753,954,895,590,126,-374,-774,-962,-887,-570,-100,395,772,932,839,522,69,-395,-742,-889,-797,-489,-53,383,707,837,738,443,48,-350,-652,-775,-689,-429,-62,309,589,705,642,424,105,-231,-494,-627,-609,-443,-183,111,360,514,550,468,296,79,-129,-288,-370,-369,-301,0,0,0,0,0,89,195,280,324,307,222,79,-95,-266,-390,-435,-382,-228,-17,203,384,475,448,307,85,-166,-380,-502,-497,-354,-116,155,393,530,528,380,126,-171,-425,-567,-557,-393,-117,195,456,597,580,399,100,-229,-489,-619,-580,-376,-61,266,524,634,570,345,21,-306,-546,-635,-534,-288,33,342,555,611,483,219,-97,-377,-548,-561,-408,-137,168,418,545,507,319,45,-232,-439,-508,-418,-196,79,330,481,481,334,85,-196,-421,-514,-453,-253,25,299,492,539,417,172,-121,-386,-539,-531,-366,-86,216,460,569,510,296,-6,-308,-524,-587,-475,-214,115,408,589,599,421,119,-219,0,-640,-582,-356,-22,330,586,668,557,280,-86,-433,-653,-682,-512,-191,193,522,699,669,444,90,-294,-595,-725,-639,-358,32,408,660,721,573,255,-144,-500,-705,-701,-493,-131,269,586,728,645,369,-9,-392,-662,-726,-571,-246,157,514,717,709,486,109,-300,-616,-748,-661,-378,25,422,689,753,596,261,-149,-518,-734,-723,-498,-131,273,594,738,657,380,-3,-374,-633,-701,-558,-243,141,476,663,647,434,97,-271,-555,-665,-568,-303,54,398,612,639,471,160,-201,-499,-647,-595,-359,-12,343,597,671,538,237,-136,-473,-673,-668,-464,-121,268,585,729,656,390,5,-387,-665,0,0,0,0,0,-244,176,554,778,776,551,173,-260,-624,-800,-740,-476,-80,343,664,789,686,386,-25,-422,-692,-758,-602,-277,119,482,697,700,502,155,-230,-537,-680,-620,-374,-29,318,560,628,507,234,-99,-400,-571,-562,-377,-78,237,476,564,469,235,-65,-347,-525,-526,-365,-96,203,444,538,463,244,-46,-325,-510,-534,-390,-123,181,433,552,503,290,-7,-299,-509,-571,-456,-198,114,394,559,553,376,86,-225,-473,-571,-498,-274,27,323,524,567,432,169,-146,-413,-551,-521,-340,-58,243,473,555,474,247,-57,-343,-522,-543,-402,-142,154,403,527,491,307,35,-246,-453,-518,-427,-207,0,338,493,494,345,88,-198,-421,-515,-451,-245,40,321,503,531,395,139,-169,-431,-567,-538,-347,-41,282,524,618,526,271,-67,-389,-609,-651,-493,-186,180,497,678,664,447,94,-291,-598,-738,-658,-378,14,411,696,778,634,306,-129,-539,-800,-829,-624,-234,232,645,880,868,608,175,-314,-724,-939,-892,-596,-138,362,768,964,894,580,110,-386,-774,-946,-865,-553,-90,395,758,908,815,504,63,-389,-728,-861,-762,-462,-45,371,682,803,707,431,52,-333,-618,-736,-665,-419,-75,271,540,669,623,427,137,-178,-440,-587,-586,-458,-238,17,255,424,490,450,334,173,9,-128,0,0,0,0,0,-232,-200,-115,18,161,288,373,389,312,158,-38,-234,-388,-461,-422,-274,-52,185,380,485,469,335,108,-154,-383,-514,-508,-369,-127,159,403,544,540,389,126,-175,-441,-589,-572,-391,-110,204,474,617,585,389,85,-248,-509,-627,-576,-364,-50,281,534,628,552,325,3,-320,-550,-617,-509,-261,60,365,561,596,459,186,-130,-396,-548,-535,-367,-96,198,431,525,464,267,-11,-286,-463,-495,-377,-142,137,371,502,480,300,27,-250,-458,-532,-442,-216,77,344,514,535,392,132,-166,-421,-558,-525,-336,-45,261,486,577,495,257,-64,-362,-557,-590,-446,-164,170,458,615,592,0,66,-278,-546,-656,-573,-319,30,375,615,681,544,243,-135,-477,-678,-678,-480,-137,247,563,718,658,404,31,-352,-632,-726,-601,-298,87,447,679,713,530,190,-207,-542,-714,-673,-436,-64,329,620,723,608,312,-86,-455,-689,-719,-528,-180,226,567,734,686,431,38,-362,-658,-759,-631,-312,94,476,713,742,551,196,-213,-553,-731,-693,-445,-65,330,618,724,612,316,-70,-427,-654,-683,-503,-177,200,516,669,615,374,21,-334,-583,-656,-523,-229,134,451,631,618,413,81,-278,-552,-659,-567,-297,66,411,635,671,500,176,-206,-532,-708,-671,-430,-65,326,630,751,646,350,0,0
29174,mtk,MTK 7916,2779223692,rx2-tx1,512,0,0,0,-593,-580,-399,-99,229,490,621,577,364,47,-276,-527,-628,-550,-310,11,333,559,627,514,255,-82,-386,-579,-607,-461,-173,169,458,611,588,396,83,-254,-520,-639,-570,-337,-5,331,572,653,549,284,-61,-389,-609,-654,-520,-244,107,429,616,623,462,179,-151,-429,-590,-582,-409,-129,183,438,558,516,332,63,-213,-428,-512,-445,-252,3,248,413,450,355,175,-50,-258,-381,-386,-281,-100,109,270,340,315,201,31,-142,-261,-293,-239,-121,27,163,241,244,181,60,-71,-169,-216,-203,-122,-8,101,167,181,138,50,-49,-135,-176,-159,-93,1,100,157,156,116,41,-50,0,-161,-145,-84,8,102,166,177,135,53,-44,-130,-175,-170,-117,-30,68,153,195,185,121,25,-71,-143,-178,-168,-114,-30,59,129,155,143,94,27,-40,-84,-102,-85,-49,-8,24,45,39,21,-3,-21,-19,9,41,65,74,59,24,-28,-94,-145,-155,-112,-36,48,132,197,214,168,75,-43,-154,-235,-246,-191,-85,40,168,258,273,213,99,-48,-179,-266,-278,-211,-96,38,173,267,270,206,96,-45,-180,-269,-287,-220,-96,41,169,257,278,221,108,-25,-153,-231,-252,-213,-115,14,130,212,245,216,136,30,-78,-166,-217,-218,-168,-91,-5,73,133,162,154,129,0,0,0,0,0,-100,-126,-128,-106,-60,5,84,153,195,202,161,84,-15,-116,-198,-234,-221,-157,-49,69,168,231,241,186,80,-41,-148,-229,-258,-215,-110,23,147,229,259,223,124,-2,-122,-217,-255,-223,-140,-20,107,193,227,211,143,31,-81,-164,-187,-163,-107,-32,56,119,138,112,63,8,-44,-77,-81,-52,-4,29,39,32,11,-21,-46,-55,-41,-2,45,82,103,94,47,-30,-112,-162,-162,-123,-42,69,166,223,226,163,42,-96,-215,-281,-270,-179,-29,129,254,322,311,199,20,-166,-312,-386,-345,-203,-3,211,377,435,371,203,-22,-253,-423,-475,-394,-204,58,306,472,0,406,185,-97,-361,-525,-552,-420,-166,133,406,579,584,430,149,-177,-456,-611,-599,-420,-122,215,489,631,603,399,88,-246,-515,-640,-589,-372,-49,275,520,619,544,319,6,-303,-521,-590,-497,-260,44,328,513,548,432,198,-90,-342,-485,-488,-352,-115,151,352,444,413,255,25,-197,-351,-401,-323,-149,60,238,342,337,226,48,-144,-279,-320,-259,-122,50,203,288,277,179,22,-149,-279,-308,-233,-91,81,238,324,305,183,-1,-196,-332,-360,-282,-121,93,296,415,410,283,66,-181,-389,-489,-452,-273,-11,259,461,535,454,244,-47,-330,-516,-570,-457,-207,104,385,560,0,0,0,0,0,126,-192,-462,-607,-585,-387,-81,250,510,623,559,343,18,-313,-550,-626,-528,-280,46,365,577,619,483,211,-124,-423,-601,-597,-418,-120,212,489,623,580,365,43,-288,-540,-643,-561,-313,25,363,595,654,526,252,-87,-409,-623,-651,-491,-201,133,433,602,601,434,154,-169,-441,-582,-552,-368,-89,202,431,533,479,292,30,-232,-421,-480,-404,-219,28,251,386,417,327,143,-77,-262,-360,-350,-239,-58,122,255,311,274,158,-1,-147,-247,-274,-212,-89,52,171,236,226,152,33,-91,-181,-208,-173,-88,22,119,174,171,120,31,-71,-147,-170,-138,-65,26,109,156,148,0,2,-86,-148,-171,-143,-70,25,119,181,188,137,41,-62,-141,-183,-176,-120,-28,76,157,196,180,116,24,-71,-141,-176,-162,-103,-21,53,105,130,116,81,25,-33,-66,-72,-60,-27,1,16,23,1,-28,-40,-34,-14,22,68,107,117,87,25,-54,-125,-170,-175,-135,-53,51,152,218,231,183,76,-49,-166,-248,-267,-209,-93,49,173,255,276,212,88,-50,-182,-270,-279,-212,-88,52,177,266,286,225,106,-46,-177,-262,-279,-217,-104,29,149,237,264,216,110,-22,-140,-224,-250,-207,-115,-3,111,199,237,217,151,57,-51,-139,-192,-208,-182,-122,-50,13,62,0,0,0,0,0,46,1,-49,-103,-149,-172,-162,-118,-45,46,138,198,219,194,120,19,-85,-176,-233,-235,-176,-68,55,164,235,255,205,100,-31,-152,-233,-255,-215,-116,12,130,225,265,230,136,10,-111,-204,-251,-229,-142,-24,92,172,211,196,131,32,-67,-136,-165,-150,-96,-17,54,94,104,86,46,-8,-55,-68,-52,-21,14,32,36,26,-3,-44,-71,-69,-39,19,81,122,130,106,42,-41,-128,-194,-200,-142,-39,82,189,247,245,167,34,-119,-248,-313,-288,-189,-35,153,300,359,322,191,6,-188,-345,-406,-356,-205,11,236,397,451,382,202,-45,-290,-452,-495,-404,-196,0,329,492,522,405,172,-116,-382,-546,-560,-419,-153,155,431,588,580,415,130,-199,-473,-621,-603,-419,-114,223,501,633,589,380,68,-265,-520,-633,-575,-359,-38,290,522,610,527,296,-16,-311,-513,-577,-475,-233,72,332,497,519,387,151,-122,-345,-463,-446,-301,-69,167,351,419,359,199,-11,-221,-354,-369,-276,-105,96,262,332,295,169,-6,-171,-284,-306,-234,-81,98,239,298,262,139,-34,-197,-300,-307,-207,-41,145,294,351,295,145,-60,-252,-373,-395,-298,-94,147,345,451,424,271,31,-229,-434,-512,-443,-252,17,289,492,559,466,236,-62,-354,-545,-577,-446,-191,0,0
29175,mtk,MTK 7916,2779252783,rx0-tx0,512,0,0,0,0,0,0,0,0,0,0,0,0,0,0,0,0,0,0,0,0,0,0,0,0,0,0,0,0,0,0,0,0,0,0,0,0,0,0,0,0,0,0,0,0,0,0,0,0,0,0,0,0,0,0,0,0,0,0,0,0,0,0,0,0,0,0,0,0,0,0,0,0,0,0,0,0,0,0,0,0,0,0,0,0,0,0,0,0,0,0,0,0,0,0,0,0,0,0,0,0,0,0,0,0,0,0,0,0,0,0,0,0,0,0,0,0,0,0,0,0,0,0,0,0,0,0,0,0,0,0,0,0,0,0,0,0,0,0,0,0,0,0,0,0,0,0,0,0,0,0,0,0,0,0,0,0,0,0,0,0,0,0,0,0,0,0,0,0,0,0,0,0,0,0,0,0,0,0,0,0,0,0,0,0,0,0,0,0,0,0,0,0,0,0,0,0,0,0,0,0,0,0,0,0,0,0,0,0,0,0,0,0,0,0,0,0,0,0,0,0,0,0,0,0,0,0,0,0,0,0,0,0,0,0,0,0,0,0,0,0,0,0,0,0,0,0,0,0,0,0,0,0,0,0,0,0,-273,851,859,-158,-176,-151,-96,-26,56,130,193,236,261,267,252,220,172,111,32,-43,-124,-205,-274,-332,-375,-394,-387,-358,-301,-224,-135,-22,96,209,310,402,474,513,525,508,472,400,307,201,77,-50,-173,-292,-405,-495,-562,-611,-634,-626,-586,-512,-411,-291,-151,-3,151,301,438,565,662,731,759,751,704,621,521,384,218,50,-123,-290,-446,-582,-689,-766,-808,-814,-776,-692,-594,-462,-310,-154,20,191,347,486,596,685,747,776,762,716,648,553,439,305,162,19,-120,-259,-389,-507,-603,-675,-726,-742,-735,-702,-639,-554,-443,-310,-155,-7,158,320,468,597,714,796,846,873,-1687,802,698,573,421,240,47,-138,-317,-503,-664,-790,-900,-969,-997,-979,-921,-819,-691,-527,-332,-129,88,309,515,718,902,1049,1153,1203,1210,1168,1055,890,676,435,154,-160,-455,-731,-991,-1208,-1377,-1467,-1490,-1434,-1306,-1113,-857,-561,-230,128,478,798,1074,1314,1483,1558,1573,1513,1349,1135,867,555,215,-130,-469,-786,-1050,-1265,-1423,-1502,-1509,-1440,-1296,-1092,-838,-548,-230,115,446,742,1016,1239,1385,1467,1477,1391,1238,1010,719,395,49,-301,-632,-929,-1164,-1327,-1406,-1399,-1302,-1129,-903,-610,-283,46,373,671,914,1104,1221,1260,1215,1089,892,629,312,-45,-412,-760,-1045,-1225,-1268,-1135,-822,-471,524,676,0,0,0,0,0,0,0,0,0,0,0,0,0,0,0,0,0,0,0,0,0,0,0,0,0,0,0,0,0,0,0,0,0,0,0,0,0,0,0,0,0,0,0,0,0,0,0,0,0,0,0,0,0,0,0,0,0,0,0,0,0,0,0,0,0,0,0,0,0,0,0,0,0,0,0,0,0,0,0,0,0,0,0,0,0,0,0,0,0,0,0,0,0,0,0,0,0,0,0,0,0,0,0,0,0,0,0,0,0,0,0,0,0,0,0,0,0,0,0,0,0,0,0,0,0,0,0,0,0,0,0,0,0,0,0,0,0,0,0,0,0,0,0,0,0,0,0,0,0,0,0,0,0,0,0,0,0,0,0,0,0,0,0,0,0,0,0,0,0,0,0,0,0,0,0,0,0,0,0,0,0,0,0,0,0,0,0,0,0,0,0,0,0,0,0,0,0,0,0,0,0,0,0,0,0,0,0,0,0,0,0,0,0,0,0,0,0,0,0,0,0,0,0,0,0,0,0,0,0,0,0,0,0,0,0,0,0,0,0,0,0,0,0,0,0,0,0,0,0,0,0,0,0,0,0,0,-1322,123,-99,-11,57,135,192,227,231,204,156,98,30,-40,-112,-179,-233,-284,-312,-319,-310,-275,-221,-153,-72,23,122,217,305,375,435,471,472,441,385,308,201,86,-36,-157,-269,-378,-459,-525,-565,-572,-556,-516,-446,-342,-229,-108,27,162,303,424,530,612,671,702,696,652,575,467,338,187,23,-145,-311,-453,-583,-695,-766,-794,-785,-742,-667,-561,-423,-270,-98,78,257,412,546,665,741,787,803,775,712,618,502,369,222,66,-99,-248,-388,-508,-605,-678,-722,-735,-723,-689,-626,-537,-422,-301,-160,-13,130,278,407,528,641,725,773,795,790,748,672,570,447,291,127,-51,-175,-405,-564,-699,-816,-898,-933,-924,-888,-819,-695,-555,-385,-189,13,220,420,603,766,905,1003,1056,1081,1053,981,868,707,512,284,33,-220,-474,-714,-930,-1118,-1261,-1359,-1375,-1312,-1193,-1021,-796,-509,-190,144,470,772,1049,1283,1446,1547,1559,1491,1347,1147,884,552,211,-127,-482,-804,-1074,-1298,-1458,-1543,-1552,-1484,-1332,-1114,-852,-548,-217,117,445,751,1017,1235,1391,1482,1493,1414,1277,1083,814,503,183,-167,-507,-813,-1090,-1288,-1414,-1466,-1429,-1315,-1117,-846,-533,-190,156,490,784,1033,1221,1317,1329,1266,1113,898,633,332,12,-307,-601,-866,-1076,-1219,-1266,-1205,-1039,-753,-377,60,495,837,996,685,529
29176,mtk,MTK 7916,2779252783,rx0-tx1,512,0,0,0,0,0,0,0,0,0,0,0,0,0,0,0,0,0,0,0,0,0,0,0,0,0,0,0,0,0,0,0,0,0,0,0,0,0,0,0,0,0,0,0,0,0,0,0,0,0,0,0,0,0,0,0,0,0,0,0,0,0,0,0,0,0,0,0,0,0,0,0,0,0,0,0,0,0,0,0,0,0,0,0,0,0,0,0,0,0,0,0,0,0,0,0,0,0,0,0,0,0,0,0,0,0,0,0,0,0,0,0,0,0,0,0,0,0,0,0,0,0,0,0,0,0,0,0,0,0,0,0,0,0,0,0,0,0,0,0,0,0,0,0,0,0,0,0,0,0,0,0,0,0,0,0,0,0,0,0,0,0,0,0,0,0,0,0,0,0,0,0,0,0,0,0,0,0,0,0,0,0,0,0,0,0,0,0,0,0,0,0,0,0,0,0,0,0,0,0,0,0,0,0,0,0,0,0,0,0,0,0,0,0,0,0,0,0,0,0,0,0,0,0,0,0,0,0,0,0,0,0,0,0,0,0,0,0,0,0,0,0,0,0,0,0,0,0,0,0,0,0,0,0,0,0,0,-730,24,62,92,-15,-146,-259,-343,-378,-365,-313,-229,-125,-8,115,229,330,419,479,512,509,471,402,304,174,23,-130,-292,-442,-568,-669,-730,-744,-713,-644,-533,-389,-214,-18,178,370,559,713,832,913,944,927,865,754,591,397,181,-50,-285,-513,-717,-883,-1012,-1102,-1134,-1107,-1030,-898,-704,-483,-246,9,272,527,751,947,1116,1226,1269,1258,1180,1054,877,651,407,129,-154,-446,-705,-944,-1144,-1275,-1364,-1394,-1349,-1233,-1058,-841,-584,-295,13,322,610,881,1108,1278,1395,1440,1410,1330,1191,991,740,454,149,-164,-465,-743,-983,-1176,-1319,-1399,-1416,-1360,-1253,-1090,-880,-629,-354,-70,217,495,756,-546,1164,1279,1342,1358,1319,1219,1064,867,634,364,86,-196,-477,-729,-967,-1158,-1302,-1383,-1408,-1371,-1273,-1120,-920,-672,-377,-70,236,537,821,1063,1256,1389,1449,1457,1405,1279,1090,851,572,275,-33,-350,-643,-895,-1112,-1276,-1382,-1432,-1414,-1332,-1174,-974,-731,-464,-172,135,421,689,931,1122,1263,1351,1375,1337,1237,1083,866,611,330,29,-270,-558,-825,-1047,-1220,-1339,-1378,-1357,-1260,-1087,-865,-599,-293,24,336,636,898,1106,1256,1327,1312,1230,1077,865,596,287,-25,-324,-598,-829,-999,-1102,-1138,-1098,-991,-825,-613,-373,-117,134,372,580,747,872,936,944,874,727,524,260,-42,-348,-610,-768,-797,-63,-36,0,0,0,0,0,0,0,0,0,0,0,0,0,0,0,0,0,0,0,0,0,0,0,0,0,0,0,0,0,0,0,0,0,0,0,0,0,0,0,0,0,0,0,0,0,0,0,0,0,0,0,0,0,0,0,0,0,0,0,0,0,0,0,0,0,0,0,0,0,0,0,0,0,0,0,0,0,0,0,0,0,0,0,0,0,0,0,0,0,0,0,0,0,0,0,0,0,0,0,0,0,0,0,0,0,0,0,0,0,0,0,0,0,0,0,0,0,0,0,0,0,0,0,0,0,0,0,0,0,0,0,0,0,0,0,0,0,0,0,0,0,0,0,0,0,0,0,0,0,0,0,0,0,0,0,0,0,0,0,0,0,0,0,0,0,0,0,0,0,0,0,0,0,0,0,0,0,0,0,0,0,0,0,0,0,0,0,0,0,0,0,0,0,0,0,0,0,0,0,0,0,0,0,0,0,0,0,0,0,0,0,0,0,0,0,0,0,0,0,0,0,0,0,0,0,0,0,0,0,0,0,0,0,0,0,0,0,0,0,0,0,0,0,0,0,0,0,0,0,0,0,0,0,0,0,0,-128,155,151,-228,-286,-282,-223,-123,6,129,243,335,401,434,427,390,325,237,125,0,-135,-271,-393,-498,-581,-620,-628,-598,-517,-402,-258,-93,86,263,434,588,711,804,842,831,788,689,547,380,186,-26,-243,-455,-648,-810,-930,-1011,-1044,-1021,-946,-816,-639,-442,-209,39,286,523,746,936,1071,1162,1201,1179,1093,954,789,575,315,44,-235,-500,-744,-961,-1128,-1252,-1319,-1332,-1271,-1144,-981,-750,-490,-217,87,387,671,919,1120,1285,1393,1431,1387,1287,1131,913,660,372,60,-248,-539,-816,-1057,-1242,-1369,-1430,-1426,-1358,-1225,-1034,-810,-537,-249,48,349,622,878,1085,1243,1337,1381,1362,1283,1152,1197,739,476,212,-70,-350,-618,-852,-1050,-1214,-1324,-1370,-1364,-1292,-1173,-1001,-781,-522,-239,46,342,625,882,1101,1280,1399,1445,1433,1359,1218,1018,775,485,179,-133,-445,-738,-989,-1188,-1330,-1417,-1452,-1420,-1303,-1130,-918,-662,-378,-77,226,526,793,1022,1203,1324,1397,1392,1326,1208,1034,807,548,262,-32,-324,-601,-855,-1074,-1231,-1339,-1385,-1353,-1262,-1104,-888,-639,-344,-36,267,571,841,1062,1235,1337,1362,1318,1200,1011,771,486,168,-153,-459,-739,-970,-1141,-1233,-1245,-1188,-1060,-866,-622,-351,-64,219,473,689,853,960,1005,990,916,781,598,377,136,-116,-375,-604,-789,-913,-941,-861,-667,-377,-102,135,144
29177,mtk,MTK 7916,2779252783,rx1-tx0,512,0,0,0,0,0,0,0,0,0,0,0,0,0,0,0,0,0,0,0,0,0,0,0,0,0,0,0,0,0,0,0,0,0,0,0,0,0,0,0,0,0,0,0,0,0,0,0,0,0,0,0,0,0,0,0,0,0,0,0,0,0,0,0,0,0,0,0,0,0,0,0,0,0,0,0,0,0,0,0,0,0,0,0,0,0,0,0,0,0,0,0,0,0,0,0,0,0,0,0,0,0,0,0,0,0,0,0,0,0,0,0,0,0,0,0,0,0,0,0,0,0,0,0,0,0,0,0,0,0,0,0,0,0,0,0,0,0,0,0,0,0,0,0,0,0,0,0,0,0,0,0,0,0,0,0,0,0,0,0,0,0,0,0,0,0,0,0,0,0,0,0,0,0,0,0,0,0,0,0,0,0,0,0,0,0,0,0,0,0,0,0,0,0,0,0,0,0,0,0,0,0,0,0,0,0,0,0,0,0,0,0,0,0,0,0,0,0,0,0,0,0,0,0,0,0,0,0,0,0,0,0,0,0,0,0,0,0,0,0,0,0,0,0,0,0,0,0,0,0,0,0,0,0,0,0,0,146,608,371,102,149,170,158,114,52,-19,-86,-145,-192,-214,-219,-203,-170,-124,-62,0,65,128,175,218,239,242,231,195,140,87,26,-39,-99,-144,-181,-208,-220,-214,-190,-158,-121,-83,-38,10,42,72,94,111,129,128,107,98,91,69,50,43,38,26,24,28,20,22,12,-3,-11,-27,-37,-50,-77,-97,-117,-147,-157,-174,-182,-173,-153,-120,-78,-28,33,104,173,227,282,326,347,356,324,275,219,140,41,-58,-159,-251,-335,-392,-431,-450,-443,-405,-332,-244,-157,-55,58,164,255,335,399,443,449,432,414,361,296,208,108,15,-84,-180,-263,-337,-394,-426,-432,-425,-144,-348,-278,-195,-95,9,110,207,295,358,406,434,434,414,378,304,228,137,38,-55,-148,-228,-296,-352,-395,-391,-371,-335,-288,-228,-147,-63,22,96,171,234,265,285,297,290,276,239,188,141,89,30,-37,-89,-130,-156,-181,-195,-192,-191,-170,-140,-118,-85,-45,-15,17,43,73,97,107,114,111,96,87,78,65,51,27,15,13,9,-7,-15,-26,-32,-40,-53,-59,-69,-72,-75,-73,-70,-57,-42,-23,0,17,39,65,82,97,102,94,84,65,46,17,-4,-27,-59,-76,-89,-93,-88,-79,-63,-40,-14,11,32,50,62,71,66,58,39,24,5,-20,-30,1048,955,0,0,0,0,0,0,0,0,0,0,0,0,0,0,0,0,0,0,0,0,0,0,0,0,0,0,0,0,0,0,0,0,0,0,0,0,0,0,0,0,0,0,0,0,0,0,0,0,0,0,0,0,0,0,0,0,0,0,0,0,0,0,0,0,0,0,0,0,0,0,0,0,0,0,0,0,0,0,0,0,0,0,0,0,0,0,0,0,0,0,0,0,0,0,0,0,0,0,0,0,0,0,0,0,0,0,0,0,0,0,0,0,0,0,0,0,0,0,0,0,0,0,0,0,0,0,0,0,0,0,0,0,0,0,0,0,0,0,0,0,0,0,0,0,0,0,0,0,0,0,0,0,0,0,0,0,0,0,0,0,0,0,0,0,0,0,0,0,0,0,0,0,0,0,0,0,0,0,0,0,0,0,0,0,0,0,0,0,0,0,0,0,0,0,0,0,0,0,0,0,0,0,0,0,0,0,0,0,0,0,0,0,0,0,0,0,0,0,0,0,0,0,0,0,0,0,0,0,0,0,0,0,0,0,0,0,0,0,0,0,0,0,0,0,0,0,0,0,0,0,0,0,0,0,0,0,206,-870,-990,94,45,-23,-97,-159,-194,-203,-185,-149,-97,-38,27,91,146,192,219,230,229,198,158,106,38,-24,-87,-151,-201,-232,-249,-240,-217,-178,-134,-83,-25,32,80,122,150,172,185,172,153,133,110,88,56,13,-13,-24,-44,-58,-57,-50,-53,-58,-48,-52,-53,-55,-76,-77,-82,-85,-86,-89,-88,-70,-61,-38,-6,21,70,115,156,198,228,259,268,263,238,198,150,75,-4,-86,-179,-246,-315,-379,-409,-416,-396,-351,-276,-189,-96,4,111,218,310,375,427,463,468,439,386,314,225,119,11,-79,-175,-266,-340,-398,-425,-436,-432,-404,-353,-285,-199,-104,-13,75,147,274,343,400,434,442,430,397,339,261,169,65,-36,-129,-219,-308,-363,-411,-426,-417,-382,-324,-261,-193,-95,4,83,163,228,293,332,347,340,318,285,231,164,100,37,-28,-91,-155,-195,-217,-233,-246,-241,-218,-182,-141,-97,-53,-11,26,71,97,124,151,154,147,135,125,112,85,63,33,3,-19,-33,-44,-54,-63,-68,-64,-61,-65,-61,-57,-54,-46,-49,-40,-35,-23,-7,8,27,47,64,76,89,89,87,86,70,52,34,4,-22,-50,-72,-87,-95,-95,-95,-80,-56,-31,-5,19,43,62,78,84,80,71,57,37,9,-13,-31,-43,-51,-56,-44,-21,-225,-476
29178,mtk,MTK 7916,2779252783,rx1-tx1,512,0,0,0,0,0,0,0,0,0,0,0,0,0,0,0,0,0,0,0,0,0,0,0,0,0,0,0,0,0,0,0,0,0,0,0,0,0,0,0,0,0,0,0,0,0,0,0,0,0,0,0,0,0,0,0,0,0,0,0,0,0,0,0,0,0,0,0,0,0,0,0,0,0,0,0,0,0,0,0,0,0,0,0,0,0,0,0,0,0,0,0,0,0,0,0,0,0,0,0,0,0,0,0,0,0,0,0,0,0,0,0,0,0,0,0,0,0,0,0,0,0,0,0,0,0,0,0,0,0,0,0,0,0,0,0,0,0,0,0,0,0,0,0,0,0,0,0,0,0,0,0,0,0,0,0,0,0,0,0,0,0,0,0,0,0,0,0,0,0,0,0,0,0,0,0,0,0,0,0,0,0,0,0,0,0,0,0,0,0,0,0,0,0,0,0,0,0,0,0,0,0,0,0,0,0,0,0,0,0,0,0,0,0,0,0,0,0,0,0,0,0,0,0,0,0,0,0,0,0,0,0,0,0,0,0,0,0,0,0,0,0,0,0,0,0,0,0,0,0,0,0,0,0,0,0,0,-411,853,970,38,44,40,28,12,-7,-25,-43,-52,-50,-42,-22,3,26,46,57,53,35,14,-10,-36,-56,-58,-46,-27,-5,18,40,50,50,38,19,-7,-25,-43,-51,-48,-33,-16,5,26,45,50,47,36,17,-6,-24,-39,-45,-48,-38,-12,18,42,59,61,51,27,-9,-45,-72,-82,-70,-39,-5,34,77,97,88,54,9,-38,-77,-101,-97,-61,-13,32,70,92,89,60,15,-34,-81,-101,-90,-63,-22,25,62,80,79,55,21,-18,-52,-70,-68,-54,-19,23,47,59,60,41,14,-10,-32,-47,-47,-35,-14,3,12,23,34,37,34,20,1,-12,-25,-44,0,-49,-37,-12,20,49,77,93,82,55,5,-48,-95,-117,-115,-89,-33,46,115,157,166,119,35,-54,-131,-193,-204,-154,-66,36,147,223,238,192,98,-26,-153,-241,-261,-209,-107,24,156,256,278,217,102,-34,-175,-270,-287,-226,-113,30,169,251,263,208,91,-52,-179,-255,-251,-176,-58,84,208,271,256,173,45,-104,-225,-278,-252,-162,-24,120,230,276,245,142,6,-135,-237,-274,-237,-144,-7,128,229,267,233,141,16,-111,-203,-240,-212,-131,-16,95,175,207,181,106,8,-93,-166,-191,-165,-99,-11,86,155,184,168,114,27,-67,-143,-190,-200,-167,-110,-37,247,486,0,0,0,0,0,0,0,0,0,0,0,0,0,0,0,0,0,0,0,0,0,0,0,0,0,0,0,0,0,0,0,0,0,0,0,0,0,0,0,0,0,0,0,0,0,0,0,0,0,0,0,0,0,0,0,0,0,0,0,0,0,0,0,0,0,0,0,0,0,0,0,0,0,0,0,0,0,0,0,0,0,0,0,0,0,0,0,0,0,0,0,0,0,0,0,0,0,0,0,0,0,0,0,0,0,0,0,0,0,0,0,0,0,0,0,0,0,0,0,0,0,0,0,0,0,0,0,0,0,0,0,0,0,0,0,0,0,0,0,0,0,0,0,0,0,0,0,0,0,0,0,0,0,0,0,0,0,0,0,0,0,0,0,0,0,0,0,0,0,0,0,0,0,0,0,0,0,0,0,0,0,0,0,0,0,0,0,0,0,0,0,0,0,0,0,0,0,0,0,0,0,0,0,0,0,0,0,0,0,0,0,0,0,0,0,0,0,0,0,0,0,0,0,0,0,0,0,0,0,0,0,0,0,0,0,0,0,0,0,0,0,0,0,0,0,0,0,0,0,0,0,0,0,0,0,0,-92,550,324,-3,10,26,43,51,54,46,32,14,-8,-31,-48,-53,-44,-29,-7,17,36,47,52,43,19,-7,-31,-51,-56,-49,-33,-10,16,36,52,55,41,25,12,-8,-30,-45,-46,-42,-30,-12,11,32,49,52,42,21,-2,-26,-50,-62,-58,-39,-17,10,43,70,78,67,40,7,-33,-66,-85,-77,-47,-8,35,72,91,86,61,13,-41,-84,-104,-95,-65,-23,26,74,103,96,66,19,-31,-75,-95,-86,-58,-17,26,60,81,82,56,18,-17,-48,-65,-57,-37,-15,12,42,57,51,36,14,-8,-27,-42,-45,-39,-31,-14,6,19,30,36,37,35,28,0,-17,-40,-60,-69,-61,-32,5,47,79,96,96,65,12,-48,-110,-151,-144,-96,-28,51,130,176,182,143,59,-49,-140,-202,-217,-179,-79,44,158,231,252,207,106,-22,-155,-249,-275,-223,-115,28,163,250,268,226,110,-36,-164,-252,-282,-221,-94,48,174,255,266,202,88,-55,-185,-261,-261,-182,-51,86,194,251,243,162,23,-122,-232,-275,-246,-153,-16,122,226,270,244,152,12,-130,-230,-269,-238,-141,-7,122,213,247,217,132,12,-109,-198,-234,-207,-125,-16,93,173,199,170,101,10,-84,-153,-181,-160,-90,5,94,159,189,179,130,48,-40,-112,-158,-180,972,876
29179,mtk,MTK 7916,2779252783,rx2-tx0,512,0,0,0,0,0,0,0,0,0,0,0,0,0,0,0,0,0,0,0,0,0,0,0,0,0,0,0,0,0,0,0,0,0,0,0,0,0,0,0,0,0,0,0,0,0,0,0,0,0,0,0,0,0,0,0,0,0,0,0,0,0,0,0,0,0,0,0,0,0,0,0,0,0,0,0,0,0,0,0,0,0,0,0,0,0,0,0,0,0,0,0,0,0,0,0,0,0,0,0,0,0,0,0,0,0,0,0,0,0,0,0,0,0,0,0,0,0,0,0,0,0,0,0,0,0,0,0,0,0,0,0,0,0,0,0,0,0,0,0,0,0,0,0,0,0,0,0,0,0,0,0,0,0,0,0,0,0,0,0,0,0,0,0,0,0,0,0,0,0,0,0,0,0,0,0,0,0,0,0,0,0,0,0,0,0,0,0,0,0,0,0,0,0,0,0,0,0,0,0,0,0,0,0,0,0,0,0,0,0,0,0,0,0,0,0,0,0,0,0,0,0,0,0,0,0,0,0,0,0,0,0,0,0,0,0,0,0,0,0,0,0,0,0,0,0,0,0,0,0,0,0,0,0,0,0,0,-136,-764,-527,21,-2,-29,-53,-68,-73,-64,-46,-19,10,41,62,66,54,33,3,-25,-46,-59,-63,-53,-26,5,31,49,58,60,53,32,3,-30,-59,-77,-79,-66,-40,-1,45,83,104,103,74,28,-30,-90,-133,-141,-111,-50,37,118,174,184,142,60,-42,-143,-209,-212,-154,-49,74,181,240,227,146,13,-132,-247,-292,-248,-130,30,188,304,329,249,90,-97,-264,-357,-344,-231,-43,170,335,408,361,204,-23,-252,-410,-453,-368,-171,86,311,451,461,328,94,-165,-372,-474,-436,-270,-24,235,427,489,411,201,-66,-310,-464,-472,-336,-102,165,382,484,436,256,-3,-272,0,-501,-394,-168,106,352,493,488,332,75,-205,-433,-532,-465,-255,28,309,502,551,434,188,-117,-393,-551,-547,-389,-119,186,443,572,532,338,46,-261,-488,-579,-511,-301,-3,295,502,572,486,266,-30,-310,-491,-527,-429,-213,56,302,456,480,368,158,-85,-293,-412,-416,-308,-122,94,271,366,357,244,73,-107,-247,-311,-286,-183,-33,122,235,275,237,135,-1,-130,-217,-244,-203,-108,19,135,202,217,174,76,-40,-143,-203,-206,-154,-69,33,130,195,212,169,81,-21,-115,-181,-199,-167,-97,-6,87,159,187,171,118,35,-54,-129,-173,-181,-159,-107,-40,31,87,129,-1144,-1087,0,0,0,0,0,0,0,0,0,0,0,0,0,0,0,0,0,0,0,0,0,0,0,0,0,0,0,0,0,0,0,0,0,0,0,0,0,0,0,0,0,0,0,0,0,0,0,0,0,0,0,0,0,0,0,0,0,0,0,0,0,0,0,0,0,0,0,0,0,0,0,0,0,0,0,0,0,0,0,0,0,0,0,0,0,0,0,0,0,0,0,0,0,0,0,0,0,0,0,0,0,0,0,0,0,0,0,0,0,0,0,0,0,0,0,0,0,0,0,0,0,0,0,0,0,0,0,0,0,0,0,0,0,0,0,0,0,0,0,0,0,0,0,0,0,0,0,0,0,0,0,0,0,0,0,0,0,0,0,0,0,0,0,0,0,0,0,0,0,0,0,0,0,0,0,0,0,0,0,0,0,0,0,0,0,0,0,0,0,0,0,0,0,0,0,0,0,0,0,0,0,0,0,0,0,0,0,0,0,0,0,0,0,0,0,0,0,0,0,0,0,0,0,0,0,0,0,0,0,0,0,0,0,0,0,0,0,0,0,0,0,0,0,0,0,0,0,0,0,0,0,0,0,0,0,0,1335,833,1003,55,65,62,48,25,-5,-34,-59,-72,-68,-52,-30,1,32,55,65,65,46,17,-14,-40,-59,-64,-57,-39,-13,20,44,59,64,59,43,15,-16,-48,-76,-94,-91,-61,-15,39,91,125,127,96,41,-28,-97,-148,-159,-128,-60,35,128,187,193,147,53,-68,-172,-227,-226,-160,-37,102,209,262,243,146,1,-151,-267,-307,-247,-111,66,235,335,340,242,64,-141,-310,-392,-358,-214,-10,208,372,432,361,182,-56,-281,-430,-454,-340,-125,131,354,473,457,312,70,-195,-400,-484,-422,-236,18,267,442,480,368,144,-123,-355,-476,-456,-295,-45,217,418,494,416,0,-51,-306,-465,-484,-362,-118,168,402,515,478,294,18,-264,-479,-551,-457,-231,66,343,513,536,402,146,-158,-420,-566,-547,-369,-83,228,479,595,538,332,34,-272,-496,-579,-494,-274,21,303,500,554,453,229,-55,-316,-483,-510,-397,-183,68,297,432,443,337,142,-84,-281,-391,-376,-260,-85,106,265,344,324,211,45,-118,-244,-298,-264,-163,-23,119,223,256,216,113,-13,-132,-209,-230,-183,-86,34,141,210,217,168,82,-30,-136,-198,-207,-164,-77,29,123,182,194,160,86,-10,-106,-173,-193,-166,-102,-16,77,150,188,184,141,70,-17,-94,-152,-179,-176,-148,-94,42,337
29180,mtk,MTK 7916,2779252783,rx2-tx1,512,0,0,0,0,0,0,0,0,0,0,0,0,0,0,0,0,0,0,0,0,0,0,0,0,0,0,0,0,0,0,0,0,0,0,0,0,0,0,0,0,0,0,0,0,0,0,0,0,0,0,0,0,0,0,0,0,0,0,0,0,0,0,0,0,0,0,0,0,0,0,0,0,0,0,0,0,0,0,0,0,0,0,0,0,0,0,0,0,0,0,0,0,0,0,0,0,0,0,0,0,0,0,0,0,0,0,0,0,0,0,0,0,0,0,0,0,0,0,0,0,0,0,0,0,0,0,0,0,0,0,0,0,0,0,0,0,0,0,0,0,0,0,0,0,0,0,0,0,0,0,0,0,0,0,0,0,0,0,0,0,0,0,0,0,0,0,0,0,0,0,0,0,0,0,0,0,0,0,0,0,0,0,0,0,0,0,0,0,0,0,0,0,0,0,0,0,0,0,0,0,0,0,0,0,0,0,0,0,0,0,0,0,0,0,0,0,0,0,0,0,0,0,0,0,0,0,0,0,0,0,0,0,0,0,0,0,0,0,0,0,0,0,0,0,0,0,0,0,0,0,0,0,0,0,0,0,236,-181,-410,37,23,0,-30,-61,-83,-89,-81,-53,-10,35,71,93,88,59,17,-28,-69,-97,-97,-69,-17,44,88,110,99,51,-10,-68,-113,-125,-97,-37,36,100,140,136,85,8,-75,-136,-156,-127,-54,42,127,175,169,117,21,-97,-191,-224,-184,-80,53,181,262,269,186,40,-124,-262,-330,-294,-168,14,203,346,387,308,143,-75,-290,-426,-435,-316,-97,159,368,475,451,291,39,-230,-440,-523,-449,-243,36,307,492,533,422,182,-115,-375,-530,-527,-369,-106,185,422,536,482,289,15,-259,-457,-508,-414,-201,70,314,454,451,320,97,-159,-359,-437,-383,-222,11,241,0,391,290,89,-135,-314,-393,-349,-199,9,220,368,395,295,107,-120,-309,-391,-357,-209,12,224,359,399,325,136,-89,-284,-399,-395,-275,-77,144,325,396,352,207,0,-202,-343,-379,-298,-137,58,237,349,340,236,83,-102,-252,-303,-266,-169,-25,125,228,261,207,97,-37,-145,-201,-200,-137,-41,65,143,176,149,76,-14,-91,-143,-145,-94,-20,53,110,132,111,59,-2,-61,-104,-112,-75,-22,27,65,86,82,52,10,-31,-58,-65,-53,-30,-4,23,47,44,23,2,-15,-28,-33,-23,-3,16,28,32,21,1,-21,-41,-52,-41,-19,4,29,56,70,71,54,513,292,0,0,0,0,0,0,0,0,0,0,0,0,0,0,0,0,0,0,0,0,0,0,0,0,0,0,0,0,0,0,0,0,0,0,0,0,0,0,0,0,0,0,0,0,0,0,0,0,0,0,0,0,0,0,0,0,0,0,0,0,0,0,0,0,0,0,0,0,0,0,0,0,0,0,0,0,0,0,0,0,0,0,0,0,0,0,0,0,0,0,0,0,0,0,0,0,0,0,0,0,0,0,0,0,0,0,0,0,0,0,0,0,0,0,0,0,0,0,0,0,0,0,0,0,0,0,0,0,0,0,0,0,0,0,0,0,0,0,0,0,0,0,0,0,0,0,0,0,0,0,0,0,0,0,0,0,0,0,0,0,0,0,0,0,0,0,0,0,0,0,0,0,0,0,0,0,0,0,0,0,0,0,0,0,0,0,0,0,0,0,0,0,0,0,0,0,0,0,0,0,0,0,0,0,0,0,0,0,0,0,0,0,0,0,0,0,0,0,0,0,0,0,0,0,0,0,0,0,0,0,0,0,0,0,0,0,0,0,0,0,0,0,0,0,0,0,0,0,0,0,0,0,0,0,0,0,-351,-924,-845,52,70,80,79,64,34,-5,-43,-79,-93,-88,-63,-23,26,68,93,89,59,13,-37,-81,-100,-91,-57,-6,58,103,113,91,41,-24,-85,-123,-128,-95,-30,50,117,149,127,69,-17,-101,-158,-163,-114,-28,72,156,195,178,104,-18,-134,-221,-246,-192,-68,85,222,291,275,176,17,-161,-299,-350,-304,-163,47,251,385,408,308,115,-115,-328,-457,-448,-299,-58,206,407,493,448,267,1,-278,-472,-528,-434,-218,75,339,508,533,397,140,-156,-406,-534,-512,-343,-68,224,438,519,452,250,-18,-275,-453,-487,-374,-152,103,322,441,425,272,38,-199,-369,-422,-337,0,69,278,394,373,243,40,-180,-342,-398,-321,-135,76,270,385,380,256,54,-171,-347,-415,-346,-178,40,248,386,401,290,96,-124,-307,-404,-376,-233,-28,180,334,394,337,173,-35,-219,-334,-360,-270,-92,99,245,323,314,199,37,-116,-241,-285,-240,-138,-4,131,220,233,171,68,-44,-142,-191,-177,-102,-6,78,141,161,125,48,-32,-99,-131,-123,-78,-6,63,108,114,87,35,-29,-75,-96,-91,-57,-8,34,65,76,68,42,3,-35,-53,-50,-37,-16,11,30,38,31,15,-7,-28,-34,-26,-12,8,30,35,27,15,-4,-34,-55,-59,-51,-36,-9,19,43,-799,-888
29181,mtk,MTK 7916,2779314263,rx0-tx0,512,0,0,0,0,0,0,0,0,0,0,0,0,0,0,0,0,0,0,0,0,0,0,0,0,0,0,0,0,0,0,0,0,0,0,0,0,0,0,0,0,0,0,0,0,0,0,0,0,0,0,0,0,0,0,0,0,0,0,0,0,0,0,0,0,0,0,0,0,0,0,0,0,0,0,0,0,0,0,0,0,0,0,0,0,0,0,0,0,0,0,0,0,0,0,0,0,0,0,0,0,0,0,0,0,0,0,0,0,0,0,0,0,0,0,0,0,0,0,0,0,0,0,0,0,0,0,0,0,0,0,0,0,0,0,0,0,0,0,0,0,0,0,0,0,0,0,0,0,0,0,0,0,0,0,0,0,0,0,0,0,0,0,0,0,0,0,0,0,0,0,0,0,0,0,0,0,0,0,0,0,0,0,0,0,0,0,0,0,0,0,0,0,0,0,0,0,0,0,0,0,0,0,0,0,0,0,0,0,0,0,0,0,0,0,0,0,0,0,0,0,0,0,0,0,0,0,0,0,0,0,0,0,0,0,0,0,0,0,0,0,0,0,0,0,0,0,0,0,0,0,0,0,0,0,0,0,-273,851,859,271,215,92,-70,-230,-362,-437,-451,-411,-337,-225,-80,69,216,351,456,532,565,546,485,382,243,75,-105,-283,-447,-595,-693,-741,-723,-645,-525,-359,-162,62,282,476,647,761,819,826,785,685,527,349,147,-80,-287,-479,-651,-777,-861,-895,-872,-789,-661,-498,-291,-61,170,401,605,777,901,986,1000,950,845,678,470,225,-32,-288,-543,-768,-935,-1055,-1098,-1084,-998,-833,-627,-369,-89,191,464,698,887,1023,1091,1087,1018,891,695,474,228,-29,-278,-507,-701,-853,-942,-983,-971,-898,-774,-617,-428,-216,8,224,416,599,742,846,909,919,879,786,650,492,295,79,-137,-355,-1687,-728,-848,-926,-949,-923,-838,-710,-547,-348,-122,104,319,523,695,829,919,960,945,884,775,624,439,235,5,-232,-451,-663,-843,-981,-1070,-1106,-1075,-984,-819,-605,-351,-51,257,556,834,1065,1236,1333,1339,1256,1089,852,559,213,-154,-507,-837,-1112,-1311,-1430,-1448,-1372,-1203,-957,-641,-285,83,451,780,1060,1265,1385,1413,1353,1203,968,674,335,-20,-366,-688,-962,-1174,-1303,-1340,-1292,-1157,-939,-658,-339,8,357,673,939,1137,1244,1264,1195,1030,794,502,173,-162,-471,-745,-960,-1088,-1136,-1096,-972,-781,-527,-239,59,356,626,839,988,1057,1034,923,711,417,61,-322,-683,-953,-1073,-994,-769,524,676,0,0,0,0,0,0,0,0,0,0,0,0,0,0,0,0,0,0,0,0,0,0,0,0,0,0,0,0,0,0,0,0,0,0,0,0,0,0,0,0,0,0,0,0,0,0,0,0,0,0,0,0,0,0,0,0,0,0,0,0,0,0,0,0,0,0,0,0,0,0,0,0,0,0,0,0,0,0,0,0,0,0,0,0,0,0,0,0,0,0,0,0,0,0,0,0,0,0,0,0,0,0,0,0,0,0,0,0,0,0,0,0,0,0,0,0,0,0,0,0,0,0,0,0,0,0,0,0,0,0,0,0,0,0,0,0,0,0,0,0,0,0,0,0,0,0,0,0,0,0,0,0,0,0,0,0,0,0,0,0,0,0,0,0,0,0,0,0,0,0,0,0,0,0,0,0,0,0,0,0,0,0,0,0,0,0,0,0,0,0,0,0,0,0,0,0,0,0,0,0,0,0,0,0,0,0,0,0,0,0,0,0,0,0,0,0,0,0,0,0,0,0,0,0,0,0,0,0,0,0,0,0,0,0,0,0,0,0,0,0,0,0,0,0,0,0,0,0,0,0,0,0,0,0,0,0,-1322,123,-99,-123,-262,-365,-398,-357,-250,-105,55,201,326,429,486,493,463,387,275,140,-18,-177,-330,-467,-575,-635,-648,-607,-516,-378,-202,-6,203,395,565,697,781,807,759,662,521,324,114,-102,-310,-509,-671,-780,-856,-865,-810,-726,-589,-417,-216,4,230,444,625,777,890,940,936,877,756,586,378,153,-103,-344,-577,-777,-934,-1030,-1057,-1026,-929,-764,-550,-306,-37,233,508,746,928,1057,1113,1105,1024,871,666,424,153,-124,-380,-619,-813,-951,-1034,-1047,-999,-889,-738,-535,-310,-82,153,373,566,722,843,915,932,897,822,701,541,354,149,-63,-274,-474,-643,-779,-884,-924,-919,-870,-175,-620,-426,-215,15,239,458,641,787,893,943,943,899,800,655,468,270,51,-170,-380,-580,-750,-877,-967,-1008,-990,-922,-805,-634,-423,-184,74,341,599,836,1020,1160,1230,1220,1129,973,747,468,145,-200,-536,-838,-1095,-1288,-1402,-1415,-1332,-1167,-919,-615,-265,110,480,817,1094,1302,1413,1443,1370,1205,970,667,316,-51,-403,-732,-1004,-1216,-1346,-1378,-1323,-1178,-958,-677,-348,-4,337,658,938,1150,1280,1319,1259,1112,890,603,275,-64,-405,-714,-956,-1123,-1203,-1190,-1093,-919,-667,-369,-58,254,538,778,955,1051,1068,1005,856,643,380,75,-244,-555,-823,-1013,-1105,-1068,-885,-567,-157,277,580,685,529
29182,mtk,MTK 7916,2779314263,rx0-tx1,512,0,0,0,0,0,0,0,0,0,0,0,0,0,0,0,0,0,0,0,0,0,0,0,0,0,0,0,0,0,0,0,0,0,0,0,0,0,0,0,0,0,0,0,0,0,0,0,0,0,0,0,0,0,0,0,0,0,0,0,0,0,0,0,0,0,0,0,0,0,0,0,0,0,0,0,0,0,0,0,0,0,0,0,0,0,0,0,0,0,0,0,0,0,0,0,0,0,0,0,0,0,0,0,0,0,0,0,0,0,0,0,0,0,0,0,0,0,0,0,0,0,0,0,0,0,0,0,0,0,0,0,0,0,0,0,0,0,0,0,0,0,0,0,0,0,0,0,0,0,0,0,0,0,0,0,0,0,0,0,0,0,0,0,0,0,0,0,0,0,0,0,0,0,0,0,0,0,0,0,0,0,0,0,0,0,0,0,0,0,0,0,0,0,0,0,0,0,0,0,0,0,0,0,0,0,0,0,0,0,0,0,0,0,0,0,0,0,0,0,0,0,0,0,0,0,0,0,0,0,0,0,0,0,0,0,0,0,0,0,0,0,0,0,0,0,0,0,0,0,0,0,0,0,0,0,0,-730,24,62,-70,37,167,273,336,347,301,217,102,-21,-146,-264,-353,-421,-454,-440,-396,-315,-200,-61,90,246,392,512,598,635,620,561,454,300,120,-76,-279,-465,-624,-739,-804,-815,-766,-652,-497,-306,-83,165,393,607,786,911,981,981,917,789,607,382,123,-149,-413,-662,-865,-1019,-1113,-1127,-1070,-948,-762,-518,-247,48,349,635,880,1073,1203,1265,1239,1131,963,720,439,114,-224,-555,-848,-1084,-1266,-1371,-1387,-1312,-1143,-909,-616,-279,74,431,759,1044,1256,1392,1440,1398,1257,1044,763,439,82,-280,-609,-911,-1153,-1319,-1400,-1394,-1302,-1136,-901,-604,-284,55,388,694,945,1154,1281,1329,1315,-546,1042,802,526,224,-89,-402,-686,-930,-1120,-1250,-1301,-1287,-1198,-1035,-812,-538,-236,85,405,710,964,1173,1316,1374,1345,1241,1059,808,500,164,-184,-523,-827,-1085,-1266,-1384,-1407,-1337,-1188,-974,-702,-381,-37,308,629,910,1135,1290,1363,1352,1256,1092,859,572,253,-81,-407,-704,-956,-1151,-1273,-1322,-1280,-1166,-979,-733,-433,-106,231,550,831,1066,1223,1302,1298,1206,1026,781,477,141,-199,-528,-821,-1053,-1206,-1271,-1247,-1128,-929,-667,-349,-12,322,628,880,1052,1140,1137,1042,871,633,351,53,-235,-490,-704,-854,-925,-925,-852,-713,-526,-300,-46,211,447,650,800,867,832,693,453,145,-179,-414,-63,-36,0,0,0,0,0,0,0,0,0,0,0,0,0,0,0,0,0,0,0,0,0,0,0,0,0,0,0,0,0,0,0,0,0,0,0,0,0,0,0,0,0,0,0,0,0,0,0,0,0,0,0,0,0,0,0,0,0,0,0,0,0,0,0,0,0,0,0,0,0,0,0,0,0,0,0,0,0,0,0,0,0,0,0,0,0,0,0,0,0,0,0,0,0,0,0,0,0,0,0,0,0,0,0,0,0,0,0,0,0,0,0,0,0,0,0,0,0,0,0,0,0,0,0,0,0,0,0,0,0,0,0,0,0,0,0,0,0,0,0,0,0,0,0,0,0,0,0,0,0,0,0,0,0,0,0,0,0,0,0,0,0,0,0,0,0,0,0,0,0,0,0,0,0,0,0,0,0,0,0,0,0,0,0,0,0,0,0,0,0,0,0,0,0,0,0,0,0,0,0,0,0,0,0,0,0,0,0,0,0,0,0,0,0,0,0,0,0,0,0,0,0,0,0,0,0,0,0,0,0,0,0,0,0,0,0,0,0,0,0,0,0,0,0,0,0,0,0,0,0,0,0,0,0,0,0,0,-128,155,151,223,268,251,171,53,-85,-211,-310,-370,-391,-379,-319,-234,-125,7,140,266,378,466,520,531,503,429,313,163,-12,-191,-362,-518,-638,-710,-733,-698,-608,-470,-289,-82,132,353,550,709,826,896,897,833,723,545,329,87,-169,-414,-640,-827,-969,-1047,-1053,-998,-872,-683,-452,-180,106,389,650,883,1052,1155,1194,1158,1047,860,618,336,19,-301,-599,-866,-1081,-1239,-1324,-1319,-1234,-1055,-817,-528,-189,156,498,812,1065,1271,1392,1421,1358,1212,985,695,364,6,-354,-697,-983,-1211,-1363,-1434,-1404,-1291,-1103,-838,-525,-174,172,507,809,1063,1245,1341,1364,1305,1162,959,702,393,77,-246,1197,-820,-1045,-1204,-1293,-1313,-1252,-1116,-921,-673,-382,-71,238,542,813,1042,1211,1309,1331,1278,1142,940,687,381,51,-290,-608,-903,-1139,-1306,-1390,-1393,-1307,-1141,-895,-606,-281,75,416,729,993,1204,1342,1392,1355,1234,1038,781,476,146,-193,-514,-803,-1050,-1227,-1326,-1343,-1276,-1133,-924,-656,-352,-23,307,615,889,1103,1247,1310,1298,1196,1019,772,471,142,-193,-527,-818,-1051,-1217,-1295,-1284,-1188,-1003,-747,-437,-100,243,567,842,1058,1189,1224,1168,1024,803,520,209,-117,-421,-683,-887,-1007,-1047,-997,-876,-694,-456,-195,70,323,542,712,825,872,840,736,568,336,57,-238,-514,-723,-818,-772,-619,135,144
29183,mtk,MTK 7916,2779314263,rx1-tx0,512,0,0,0,0,0,0,0,0,0,0,0,0,0,0,0,0,0,0,0,0,0,0,0,0,0,0,0,0,0,0,0,0,0,0,0,0,0,0,0,0,0,0,0,0,0,0,0,0,0,0,0,0,0,0,0,0,0,0,0,0,0,0,0,0,0,0,0,0,0,0,0,0,0,0,0,0,0,0,0,0,0,0,0,0,0,0,0,0,0,0,0,0,0,0,0,0,0,0,0,0,0,0,0,0,0,0,0,0,0,0,0,0,0,0,0,0,0,0,0,0,0,0,0,0,0,0,0,0,0,0,0,0,0,0,0,0,0,0,0,0,0,0,0,0,0,0,0,0,0,0,0,0,0,0,0,0,0,0,0,0,0,0,0,0,0,0,0,0,0,0,0,0,0,0,0,0,0,0,0,0,0,0,0,0,0,0,0,0,0,0,0,0,0,0,0,0,0,0,0,0,0,0,0,0,0,0,0,0,0,0,0,0,0,0,0,0,0,0,0,0,0,0,0,0,0,0,0,0,0,0,0,0,0,0,0,0,0,0,0,0,0,0,0,0,0,0,0,0,0,0,0,0,0,0,0,0,146,608,371,-131,-177,-185,-146,-68,22,108,179,223,237,233,193,132,60,-23,-107,-173,-227,-259,-270,-253,-211,-149,-81,5,93,161,225,260,275,271,238,188,128,54,-27,-92,-145,-194,-226,-235,-228,-198,-159,-117,-64,-17,16,59,94,123,136,136,140,124,114,100,82,62,46,28,23,-1,-26,-45,-63,-87,-105,-121,-147,-167,-181,-186,-172,-148,-108,-66,-7,75,145,210,279,330,357,356,324,260,180,86,-22,-141,-254,-352,-418,-454,-466,-444,-380,-287,-174,-45,82,222,333,424,484,508,500,457,383,279,160,20,-115,-240,-360,-448,-499,-525,-515,-464,-391,-275,-156,-24,-144,258,367,459,517,538,517,464,382,269,136,-13,-150,-279,-384,-452,-494,-508,-475,-403,-312,-205,-88,37,149,251,338,395,424,416,384,334,264,169,73,-12,-100,-185,-258,-307,-325,-324,-311,-276,-219,-164,-87,-8,59,122,174,207,241,253,250,235,205,155,103,53,-6,-57,-102,-138,-160,-176,-172,-168,-164,-147,-128,-103,-69,-30,19,62,93,128,158,188,204,204,189,170,129,70,13,-45,-113,-169,-215,-241,-248,-241,-211,-158,-87,-10,68,142,202,246,270,253,218,167,105,28,-53,-118,-174,-207,-230,-226,-190,-149,-88,-6,67,124,182,208,197,160,87,22,1048,955,0,0,0,0,0,0,0,0,0,0,0,0,0,0,0,0,0,0,0,0,0,0,0,0,0,0,0,0,0,0,0,0,0,0,0,0,0,0,0,0,0,0,0,0,0,0,0,0,0,0,0,0,0,0,0,0,0,0,0,0,0,0,0,0,0,0,0,0,0,0,0,0,0,0,0,0,0,0,0,0,0,0,0,0,0,0,0,0,0,0,0,0,0,0,0,0,0,0,0,0,0,0,0,0,0,0,0,0,0,0,0,0,0,0,0,0,0,0,0,0,0,0,0,0,0,0,0,0,0,0,0,0,0,0,0,0,0,0,0,0,0,0,0,0,0,0,0,0,0,0,0,0,0,0,0,0,0,0,0,0,0,0,0,0,0,0,0,0,0,0,0,0,0,0,0,0,0,0,0,0,0,0,0,0,0,0,0,0,0,0,0,0,0,0,0,0,0,0,0,0,0,0,0,0,0,0,0,0,0,0,0,0,0,0,0,0,0,0,0,0,0,0,0,0,0,0,0,0,0,0,0,0,0,0,0,0,0,0,0,0,0,0,0,0,0,0,0,0,0,0,0,0,0,0,0,0,206,-870,-990,-86,-19,71,155,212,227,207,155,75,-3,-82,-156,-212,-249,-264,-240,-196,-136,-63,17,104,183,238,274,292,270,229,177,102,23,-61,-137,-193,-233,-263,-261,-230,-196,-146,-79,-23,35,84,127,172,188,183,172,159,133,100,63,43,10,-21,-45,-60,-72,-84,-95,-98,-102,-112,-113,-111,-106,-105,-85,-71,-50,-15,20,60,113,163,212,245,268,269,252,223,172,85,-14,-108,-202,-288,-357,-406,-422,-409,-369,-285,-176,-63,58,186,305,397,463,493,496,458,381,286,158,28,-107,-233,-343,-432,-493,-521,-506,-464,-385,-278,-150,-15,127,248,359,450,507,546,147,465,383,283,154,12,-136,-264,-373,-456,-510,-521,-496,-445,-353,-240,-112,24,161,273,361,425,462,466,430,374,292,188,75,-42,-138,-222,-297,-353,-369,-363,-347,-302,-240,-163,-78,-5,75,151,205,243,271,279,271,255,209,161,103,34,-23,-82,-136,-179,-202,-214,-220,-205,-182,-147,-112,-74,-26,8,52,90,114,142,158,169,174,165,151,130,102,59,12,-39,-83,-130,-179,-211,-223,-229,-213,-174,-121,-54,17,89,161,218,252,259,249,220,165,100,19,-65,-133,-192,-235,-253,-245,-212,-159,-94,-28,52,114,162,207,225,207,174,113,25,-50,-119,-163,-164,-225,-476
29184,mtk,MTK 7916,2779314263,rx1-tx1,512,0,0,0,0,0,0,0,0,0,0,0,0,0,0,0,0,0,0,0,0,0,0,0,0,0,0,0,0,0,0,0,0,0,0,0,0,0,0,0,0,0,0,0,0,0,0,0,0,0,0,0,0,0,0,0,0,0,0,0,0,0,0,0,0,0,0,0,0,0,0,0,0,0,0,0,0,0,0,0,0,0,0,0,0,0,0,0,0,0,0,0,0,0,0,0,0,0,0,0,0,0,0,0,0,0,0,0,0,0,0,0,0,0,0,0,0,0,0,0,0,0,0,0,0,0,0,0,0,0,0,0,0,0,0,0,0,0,0,0,0,0,0,0,0,0,0,0,0,0,0,0,0,0,0,0,0,0,0,0,0,0,0,0,0,0,0,0,0,0,0,0,0,0,0,0,0,0,0,0,0,0,0,0,0,0,0,0,0,0,0,0,0,0,0,0,0,0,0,0,0,0,0,0,0,0,0,0,0,0,0,0,0,0,0,0,0,0,0,0,0,0,0,0,0,0,0,0,0,0,0,0,0,0,0,0,0,0,0,0,0,0,0,0,0,0,0,0,0,0,0,0,0,0,0,0,0,-411,853,970,-26,-31,-35,-33,-25,-16,-2,16,31,42,49,48,35,15,-11,-36,-56,-64,-62,-41,-9,27,57,77,79,66,40,-2,-47,-80,-99,-97,-70,-20,32,78,112,121,98,59,-4,-65,-112,-130,-122,-85,-21,50,105,135,131,97,41,-32,-99,-139,-142,-112,-54,22,96,134,136,102,40,-34,-101,-141,-146,-111,-45,32,103,149,153,111,38,-43,-111,-148,-147,-105,-33,50,126,168,156,101,23,-66,-140,-174,-160,-100,-16,80,155,187,165,103,13,-81,-161,-201,-185,-116,-18,92,180,218,189,116,11,-100,-194,-234,-212,-136,-21,99,196,252,240,168,50,0,-179,-252,-256,-193,-84,48,160,232,248,208,117,1,-115,-197,-231,-210,-138,-42,61,141,184,180,142,77,3,-71,-127,-151,-135,-95,-53,-2,45,79,92,88,77,54,25,-8,-38,-69,-94,-105,-94,-68,-22,37,98,135,142,118,68,-5,-86,-150,-183,-171,-117,-25,84,175,229,230,174,64,-72,-196,-275,-285,-234,-119,34,192,307,346,297,175,6,-169,-306,-379,-366,-259,-88,105,280,394,416,339,183,-10,-213,-365,-419,-385,-271,-89,112,284,386,387,305,159,-19,-193,-316,-364,-323,-212,-51,118,259,338,344,275,148,-9,-172,-300,-370,-375,-317,-221,-98,247,486,0,0,0,0,0,0,0,0,0,0,0,0,0,0,0,0,0,0,0,0,0,0,0,0,0,0,0,0,0,0,0,0,0,0,0,0,0,0,0,0,0,0,0,0,0,0,0,0,0,0,0,0,0,0,0,0,0,0,0,0,0,0,0,0,0,0,0,0,0,0,0,0,0,0,0,0,0,0,0,0,0,0,0,0,0,0,0,0,0,0,0,0,0,0,0,0,0,0,0,0,0,0,0,0,0,0,0,0,0,0,0,0,0,0,0,0,0,0,0,0,0,0,0,0,0,0,0,0,0,0,0,0,0,0,0,0,0,0,0,0,0,0,0,0,0,0,0,0,0,0,0,0,0,0,0,0,0,0,0,0,0,0,0,0,0,0,0,0,0,0,0,0,0,0,0,0,0,0,0,0,0,0,0,0,0,0,0,0,0,0,0,0,0,0,0,0,0,0,0,0,0,0,0,0,0,0,0,0,0,0,0,0,0,0,0,0,0,0,0,0,0,0,0,0,0,0,0,0,0,0,0,0,0,0,0,0,0,0,0,0,0,0,0,0,0,0,0,0,0,0,0,0,0,0,0,0,-92,550,324,17,2,-9,-18,-30,-40,-43,-39,-32,-16,4,26,44,52,52,42,26,-3,-34,-57,-68,-68,-50,-23,11,48,80,92,84,58,13,-37,-81,-115,-117,-86,-40,16,75,113,124,110,67,-1,-67,-114,-139,-132,-91,-29,45,108,138,134,97,36,-30,-90,-131,-139,-107,-41,32,94,137,141,110,49,-33,-106,-148,-150,-112,-45,34,106,148,150,110,37,-47,-117,-160,-155,-107,-30,57,131,167,155,106,24,-66,-138,-173,-165,-105,-17,75,152,190,175,109,11,-90,-170,-213,-194,-117,-14,96,185,223,203,130,20,-96,-189,-235,-224,-155,-41,90,194,249,0,177,69,-58,-170,-242,-251,-203,-107,19,133,214,245,210,127,20,-90,-174,-211,-203,-152,-70,23,104,154,164,143,94,25,-40,-87,-113,-118,-98,-66,-32,9,45,67,75,77,70,55,30,-11,-52,-87,-115,-123,-95,-41,26,92,146,167,148,95,12,-81,-161,-210,-209,-145,-46,71,186,253,259,203,91,-55,-194,-287,-315,-265,-151,11,181,307,361,330,217,41,-153,-312,-398,-398,-303,-136,66,255,385,425,372,231,33,-167,-325,-408,-399,-297,-126,66,234,346,378,319,187,13,-157,-284,-345,-329,-240,-93,78,230,330,368,329,229,90,-61,-194,-280,-329,972,876
29185,mtk,MTK 7916,2779314263,rx2-tx0,512,0,0,0,0,0,0,0,0,0,0,0,0,0,0,0,0,0,0,0,0,0,0,0,0,0,0,0,0,0,0,0,0,0,0,0,0,0,0,0,0,0,0,0,0,0,0,0,0,0,0,0,0,0,0,0,0,0,0,0,0,0,0,0,0,0,0,0,0,0,0,0,0,0,0,0,0,0,0,0,0,0,0,0,0,0,0,0,0,0,0,0,0,0,0,0,0,0,0,0,0,0,0,0,0,0,0,0,0,0,0,0,0,0,0,0,0,0,0,0,0,0,0,0,0,0,0,0,0,0,0,0,0,0,0,0,0,0,0,0,0,0,0,0,0,0,0,0,0,0,0,0,0,0,0,0,0,0,0,0,0,0,0,0,0,0,0,0,0,0,0,0,0,0,0,0,0,0,0,0,0,0,0,0,0,0,0,0,0,0,0,0,0,0,0,0,0,0,0,0,0,0,0,0,0,0,0,0,0,0,0,0,0,0,0,0,0,0,0,0,0,0,0,0,0,0,0,0,0,0,0,0,0,0,0,0,0,0,0,0,0,0,0,0,0,0,0,0,0,0,0,0,0,0,0,0,0,-136,-764,-527,-61,-54,-37,-12,19,53,84,107,112,97,66,21,-37,-88,-124,-139,-133,-95,-31,45,115,167,185,165,106,23,-76,-166,-223,-236,-197,-107,10,132,232,278,267,192,70,-74,-210,-302,-322,-264,-150,9,173,295,348,319,210,47,-134,-282,-364,-361,-266,-97,98,270,373,385,298,132,-72,-259,-384,-416,-335,-161,57,263,403,440,364,194,-33,-253,-417,-471,-403,-234,-3,237,424,498,447,281,44,-204,-404,-508,-482,-332,-98,159,371,492,489,359,143,-112,-334,-461,-468,-359,-160,72,284,420,444,355,178,-44,-250,-385,-418,-342,-180,29,231,364,403,337,183,0,-211,-350,-400,-340,-189,1,194,341,392,345,209,22,-173,-324,-394,-361,-243,-63,135,302,395,394,298,129,-71,-261,-390,-417,-347,-200,-4,201,352,419,396,285,104,-98,-278,-397,-432,-367,-213,-14,183,340,421,413,312,135,-70,-254,-381,-424,-371,-236,-51,143,301,393,396,298,134,-53,-228,-347,-381,-327,-195,-21,153,289,354,329,230,77,-95,-243,-329,-332,-251,-111,53,204,310,334,272,150,-10,-168,-285,-331,-301,-197,-41,122,253,328,328,249,110,-54,-202,-306,-339,-294,-186,-37,119,246,320,327,264,147,0,-153,-275,-341,-346,-295,-193,-68,57,154,231,-1144,-1087,0,0,0,0,0,0,0,0,0,0,0,0,0,0,0,0,0,0,0,0,0,0,0,0,0,0,0,0,0,0,0,0,0,0,0,0,0,0,0,0,0,0,0,0,0,0,0,0,0,0,0,0,0,0,0,0,0,0,0,0,0,0,0,0,0,0,0,0,0,0,0,0,0,0,0,0,0,0,0,0,0,0,0,0,0,0,0,0,0,0,0,0,0,0,0,0,0,0,0,0,0,0,0,0,0,0,0,0,0,0,0,0,0,0,0,0,0,0,0,0,0,0,0,0,0,0,0,0,0,0,0,0,0,0,0,0,0,0,0,0,0,0,0,0,0,0,0,0,0,0,0,0,0,0,0,0,0,0,0,0,0,0,0,0,0,0,0,0,0,0,0,0,0,0,0,0,0,0,0,0,0,0,0,0,0,0,0,0,0,0,0,0,0,0,0,0,0,0,0,0,0,0,0,0,0,0,0,0,0,0,0,0,0,0,0,0,0,0,0,0,0,0,0,0,0,0,0,0,0,0,0,0,0,0,0,0,0,0,0,0,0,0,0,0,0,0,0,0,0,0,0,0,0,0,0,0,1335,833,1003,-35,-61,-81,-95,-98,-88,-64,-30,15,59,95,118,120,98,56,-6,-71,-123,-154,-160,-128,-63,15,99,171,204,200,153,63,-42,-146,-227,-260,-233,-154,-29,105,221,290,295,230,110,-40,-184,-292,-333,-297,-183,-19,152,286,358,340,236,69,-112,-277,-375,-379,-281,-111,88,264,377,397,313,145,-60,-261,-400,-431,-349,-174,45,261,411,457,385,212,-20,-251,-423,-487,-424,-255,-22,225,418,504,457,298,65,-181,-387,-502,-489,-348,-120,132,349,477,485,367,155,-88,-305,-443,-465,-363,-172,58,269,400,428,348,176,-41,-241,-374,-407,-332,-176,27,221,353,0,335,183,-12,-204,-346,-392,-337,-197,-4,187,333,392,352,224,41,-156,-314,-396,-380,-269,-92,111,287,395,404,324,162,-44,-232,-368,-428,-380,-240,-50,150,319,418,420,322,156,-45,-237,-376,-432,-392,-262,-77,126,302,409,424,342,188,-6,-200,-346,-413,-388,-271,-92,100,264,368,387,317,172,-17,-194,-319,-370,-335,-217,-50,126,270,342,333,240,88,-76,-222,-317,-333,-267,-132,33,190,297,332,288,177,18,-149,-279,-335,-316,-223,-75,90,234,323,335,275,152,-8,-165,-282,-334,-310,-222,-87,67,209,305,339,311,220,85,-65,-198,-293,-341,-333,-279,-188,42,337
29186,mtk,MTK 7916,2779314263,rx2-tx1,512,0,0,0,0,0,0,0,0,0,0,0,0,0,0,0,0,0,0,0,0,0,0,0,0,0,0,0,0,0,0,0,0,0,0,0,0,0,0,0,0,0,0,0,0,0,0,0,0,0,0,0,0,0,0,0,0,0,0,0,0,0,0,0,0,0,0,0,0,0,0,0,0,0,0,0,0,0,0,0,0,0,0,0,0,0,0,0,0,0,0,0,0,0,0,0,0,0,0,0,0,0,0,0,0,0,0,0,0,0,0,0,0,0,0,0,0,0,0,0,0,0,0,0,0,0,0,0,0,0,0,0,0,0,0,0,0,0,0,0,0,0,0,0,0,0,0,0,0,0,0,0,0,0,0,0,0,0,0,0,0,0,0,0,0,0,0,0,0,0,0,0,0,0,0,0,0,0,0,0,0,0,0,0,0,0,0,0,0,0,0,0,0,0,0,0,0,0,0,0,0,0,0,0,0,0,0,0,0,0,0,0,0,0,0,0,0,0,0,0,0,0,0,0,0,0,0,0,0,0,0,0,0,0,0,0,0,0,0,0,0,0,0,0,0,0,0,0,0,0,0,0,0,0,0,0,0,236,-181,-410,-49,-47,-29,-5,21,51,75,83,74,53,22,-19,-53,-72,-79,-67,-32,10,48,75,84,69,33,-11,-55,-91,-100,-76,-30,22,74,112,117,92,34,-37,-98,-137,-138,-102,-27,58,128,170,180,134,36,-65,-157,-218,-215,-158,-48,86,200,266,271,199,68,-91,-233,-316,-326,-245,-92,89,254,369,383,295,129,-77,-276,-404,-428,-340,-165,64,278,429,469,390,208,-33,-273,-444,-508,-434,-241,15,264,447,510,450,268,18,-232,-426,-509,-463,-299,-53,198,390,480,449,306,82,-159,-352,-443,-416,-286,-85,139,312,398,374,251,66,-133,-297,-362,-325,-201,0,147,279,334,292,162,-12,-183,-298,-327,-258,-121,49,208,308,315,237,98,-76,-233,-327,-338,-252,-94,91,250,350,351,259,96,-86,-246,-335,-345,-267,-116,65,225,320,328,258,122,-44,-190,-280,-294,-231,-116,27,157,238,253,203,103,-12,-113,-187,-199,-154,-76,19,97,137,138,98,29,-45,-99,-116,-104,-66,-4,65,106,106,80,37,-24,-84,-114,-107,-74,-25,35,84,102,98,63,2,-60,-102,-112,-97,-55,3,61,98,111,100,56,-5,-61,-94,-104,-92,-58,-1,55,90,106,97,58,6,-47,-98,-124,-123,-98,-48,17,82,129,152,150,125,78,513,292,0,0,0,0,0,0,0,0,0,0,0,0,0,0,0,0,0,0,0,0,0,0,0,0,0,0,0,0,0,0,0,0,0,0,0,0,0,0,0,0,0,0,0,0,0,0,0,0,0,0,0,0,0,0,0,0,0,0,0,0,0,0,0,0,0,0,0,0,0,0,0,0,0,0,0,0,0,0,0,0,0,0,0,0,0,0,0,0,0,0,0,0,0,0,0,0,0,0,0,0,0,0,0,0,0,0,0,0,0,0,0,0,0,0,0,0,0,0,0,0,0,0,0,0,0,0,0,0,0,0,0,0,0,0,0,0,0,0,0,0,0,0,0,0,0,0,0,0,0,0,0,0,0,0,0,0,0,0,0,0,0,0,0,0,0,0,0,0,0,0,0,0,0,0,0,0,0,0,0,0,0,0,0,0,0,0,0,0,0,0,0,0,0,0,0,0,0,0,0,0,0,0,0,0,0,0,0,0,0,0,0,0,0,0,0,0,0,0,0,0,0,0,0,0,0,0,0,0,0,0,0,0,0,0,0,0,0,0,0,0,0,0,0,0,0,0,0,0,0,0,0,0,0,0,0,0,-351,-924,-845,-31,-48,-68,-80,-78,-64,-40,-6,31,58,75,77,60,29,-7,-42,-73,-82,-65,-32,13,51,76,83,72,33,-24,-72,-98,-105,-81,-37,24,87,123,124,86,26,-42,-105,-149,-156,-119,-38,61,144,192,191,137,51,-65,-177,-244,-241,-176,-53,97,227,296,299,226,84,-93,-250,-344,-345,-263,-108,86,265,381,405,323,149,-70,-279,-421,-452,-364,-185,52,284,443,484,405,226,-22,-274,-452,-514,-448,-264,-10,246,431,513,461,288,48,-213,-414,-502,-460,-307,-80,167,370,473,447,302,82,-157,-333,-422,-398,-270,-77,133,299,376,345,226,51,-139,-287,0,-300,-176,0,166,281,317,265,138,-35,-196,-303,-327,-254,-107,68,227,326,335,250,99,-73,-236,-341,-337,-245,-93,91,253,343,348,267,111,-74,-234,-334,-340,-262,-120,60,214,299,313,246,114,-33,-167,-256,-279,-224,-116,15,136,211,219,170,79,-20,-106,-158,-169,-127,-54,27,95,134,129,79,5,-58,-98,-112,-93,-43,15,70,107,111,73,22,-36,-86,-111,-100,-64,-9,49,98,120,101,57,4,-53,-94,-109,-99,-62,-5,50,90,107,92,56,6,-48,-91,-109,-100,-65,-13,48,98,117,106,72,21,-46,-100,-139,-150,-131,-82,-23,35,87,121,-799,-888
29187,mtk,MTK 7916,2779345601,rx0-tx0,512,0,0,0,0,0,0,0,0,0,0,0,0,0,0,0,0,0,0,0,0,0,0,0,0,0,0,0,0,0,0,0,0,0,0,0,0,0,0,0,0,0,0,0,0,0,0,0,0,0,0,0,0,0,0,0,0,0,0,0,0,0,0,0,0,0,0,0,0,0,0,0,0,0,0,0,0,0,0,0,0,0,0,0,0,0,0,0,0,0,0,0,0,0,0,0,0,0,0,0,0,0,0,0,0,0,0,0,0,0,0,0,0,0,0,0,0,0,0,0,0,0,0,0,0,0,0,0,0,0,0,0,0,0,0,0,0,0,0,0,0,0,0,0,0,0,0,0,0,0,0,0,0,0,0,0,0,0,0,0,0,0,0,0,0,0,0,0,0,0,0,0,0,0,0,0,0,0,0,0,0,0,0,0,0,0,0,0,0,0,0,0,0,0,0,0,0,0,0,0,0,0,0,0,0,0,0,0,0,0,0,0,0,0,0,0,0,0,0,0,0,0,0,0,0,0,0,0,0,0,0,0,0,0,0,0,0,0,0,0,0,0,0,0,0,0,0,0,0,0,0,0,0,0,0,0,0,-273,851,859,-287,-258,-154,3,165,308,405,446,425,352,239,93,-64,-221,-362,-471,-545,-566,-533,-446,-308,-134,56,254,443,591,694,738,714,618,463,271,42,-192,-414,-596,-738,-820,-828,-768,-659,-494,-288,-53,177,398,598,746,847,886,861,784,641,444,226,-23,-278,-524,-727,-883,-988,-1015,-976,-853,-659,-418,-144,146,444,712,924,1059,1122,1101,991,805,573,289,-22,-336,-608,-842,-1009,-1097,-1108,-1022,-866,-663,-397,-121,156,420,647,814,924,964,937,851,716,531,318,108,-112,-332,-513,-650,-749,-807,-816,-772,-685,-568,-406,-230,-44,148,327,502,640,742,806,823,785,696,558,-1687,186,-35,-258,-468,-643,-788,-885,-924,-904,-819,-680,-497,-273,-42,206,445,656,827,946,1008,1004,942,820,632,397,139,-141,-425,-693,-920,-1099,-1193,-1220,-1158,-1011,-792,-491,-156,203,565,887,1160,1358,1451,1433,1290,1063,754,370,-44,-465,-849,-1176,-1411,-1536,-1542,-1430,-1200,-881,-498,-88,340,738,1077,1327,1471,1508,1422,1226,944,600,215,-191,-583,-918,-1180,-1354,-1422,-1385,-1233,-994,-680,-309,85,468,817,1096,1280,1367,1330,1185,950,632,252,-135,-506,-831,-1071,-1218,-1254,-1183,-1007,-746,-422,-72,276,601,859,1031,1115,1095,980,780,487,147,-217,-565,-866,-1080,-1161,-1067,-798,-392,76,435,524,676,0,0,0,0,0,0,0,0,0,0,0,0,0,0,0,0,0,0,0,0,0,0,0,0,0,0,0,0,0,0,0,0,0,0,0,0,0,0,0,0,0,0,0,0,0,0,0,0,0,0,0,0,0,0,0,0,0,0,0,0,0,0,0,0,0,0,0,0,0,0,0,0,0,0,0,0,0,0,0,0,0,0,0,0,0,0,0,0,0,0,0,0,0,0,0,0,0,0,0,0,0,0,0,0,0,0,0,0,0,0,0,0,0,0,0,0,0,0,0,0,0,0,0,0,0,0,0,0,0,0,0,0,0,0,0,0,0,0,0,0,0,0,0,0,0,0,0,0,0,0,0,0,0,0,0,0,0,0,0,0,0,0,0,0,0,0,0,0,0,0,0,0,0,0,0,0,0,0,0,0,0,0,0,0,0,0,0,0,0,0,0,0,0,0,0,0,0,0,0,0,0,0,0,0,0,0,0,0,0,0,0,0,0,0,0,0,0,0,0,0,0,0,0,0,0,0,0,0,0,0,0,0,0,0,0,0,0,0,0,0,0,0,0,0,0,0,0,0,0,0,0,0,0,0,0,0,-1322,123,-99,64,203,330,389,373,290,157,0,-165,-307,-416,-478,-492,-454,-374,-254,-101,73,247,407,537,620,651,625,532,382,194,-20,-242,-451,-615,-738,-796,-779,-694,-547,-362,-144,97,323,527,692,803,855,839,774,634,450,241,8,-222,-452,-661,-816,-912,-954,-925,-826,-662,-458,-201,75,349,609,824,979,1065,1077,1012,858,630,360,62,-253,-547,-794,-984,-1102,-1141,-1084,-950,-750,-486,-192,115,413,652,853,995,1048,1034,942,780,574,340,88,-161,-388,-586,-740,-831,-871,-863,-799,-678,-525,-357,-158,45,235,407,558,681,757,793,778,726,627,485,316,125,-79,-281,-476,-642,-175,-842,-871,-847,-757,-624,-445,-229,-2,229,453,648,809,914,957,944,868,731,549,327,77,-182,-429,-662,-857,-1000,-1081,-1100,-1040,-906,-715,-461,-168,144,473,767,1026,1218,1323,1340,1252,1065,800,461,79,-323,-707,-1039,-1311,-1476,-1529,-1465,-1283,-1002,-634,-226,198,616,987,1277,1460,1535,1496,1336,1077,734,348,-67,-475,-839,-1134,-1337,-1449,-1450,-1333,-1117,-815,-453,-65,326,691,994,1230,1366,1387,1305,1122,841,500,114,-285,-648,-957,-1192,-1312,-1316,-1211,-1000,-706,-356,16,380,706,963,1130,1189,1142,993,754,460,130,-209,-524,-801,-1005,-1106,-1098,-970,-734,-394,18,451,820,1047,1063,899,685,529
29188,mtk,MTK 7916,2779345601,rx0-tx1,512,0,0,0,0,0,0,0,0,0,0,0,0,0,0,0,0,0,0,0,0,0,0,0,0,0,0,0,0,0,0,0,0,0,0,0,0,0,0,0,0,0,0,0,0,0,0,0,0,0,0,0,0,0,0,0,0,0,0,0,0,0,0,0,0,0,0,0,0,0,0,0,0,0,0,0,0,0,0,0,0,0,0,0,0,0,0,0,0,0,0,0,0,0,0,0,0,0,0,0,0,0,0,0,0,0,0,0,0,0,0,0,0,0,0,0,0,0,0,0,0,0,0,0,0,0,0,0,0,0,0,0,0,0,0,0,0,0,0,0,0,0,0,0,0,0,0,0,0,0,0,0,0,0,0,0,0,0,0,0,0,0,0,0,0,0,0,0,0,0,0,0,0,0,0,0,0,0,0,0,0,0,0,0,0,0,0,0,0,0,0,0,0,0,0,0,0,0,0,0,0,0,0,0,0,0,0,0,0,0,0,0,0,0,0,0,0,0,0,0,0,0,0,0,0,0,0,0,0,0,0,0,0,0,0,0,0,0,0,0,0,0,0,0,0,0,0,0,0,0,0,0,0,0,0,0,0,-730,24,62,104,-3,-143,-266,-344,-364,-320,-231,-109,26,162,288,380,442,467,433,372,260,118,-41,-212,-373,-505,-598,-646,-632,-556,-422,-249,-39,185,397,586,727,811,828,775,655,469,244,-11,-267,-504,-713,-874,-975,-980,-910,-787,-592,-340,-60,233,512,747,940,1071,1110,1066,959,765,511,224,-89,-406,-689,-925,-1104,-1213,-1227,-1147,-987,-754,-459,-124,217,545,841,1094,1266,1342,1332,1211,1001,726,381,14,-357,-720,-1020,-1253,-1397,-1438,-1369,-1201,-952,-620,-248,139,519,859,1136,1336,1438,1429,1323,1126,845,501,125,-254,-611,-929,-1173,-1337,-1404,-1369,-1244,-1030,-747,-424,-68,294,634,926,-546,1301,1356,1327,1207,1013,740,418,83,-272,-621,-917,-1154,-1311,-1385,-1366,-1253,-1053,-783,-453,-80,298,657,981,1239,1405,1474,1441,1300,1057,744,372,-28,-420,-788,-1096,-1329,-1458,-1481,-1398,-1218,-955,-626,-249,145,522,854,1123,1323,1415,1406,1298,1103,833,509,153,-215,-566,-873,-1118,-1279,-1352,-1333,-1211,-1011,-737,-411,-57,312,655,945,1169,1309,1347,1279,1115,864,548,198,-180,-542,-856,-1103,-1261,-1314,-1264,-1107,-856,-542,-178,195,547,845,1065,1193,1214,1126,940,673,354,14,-315,-605,-831,-977,-1030,-992,-864,-659,-412,-128,153,416,640,803,894,895,799,615,351,24,-314,-613,-805,-831,-722,-63,-36,0,0,0,0,0,0,0,0,0,0,0,0,0,0,0,0,0,0,0,0,0,0,0,0,0,0,0,0,0,0,0,0,0,0,0,0,0,0,0,0,0,0,0,0,0,0,0,0,0,0,0,0,0,0,0,0,0,0,0,0,0,0,0,0,0,0,0,0,0,0,0,0,0,0,0,0,0,0,0,0,0,0,0,0,0,0,0,0,0,0,0,0,0,0,0,0,0,0,0,0,0,0,0,0,0,0,0,0,0,0,0,0,0,0,0,0,0,0,0,0,0,0,0,0,0,0,0,0,0,0,0,0,0,0,0,0,0,0,0,0,0,0,0,0,0,0,0,0,0,0,0,0,0,0,0,0,0,0,0,0,0,0,0,0,0,0,0,0,0,0,0,0,0,0,0,0,0,0,0,0,0,0,0,0,0,0,0,0,0,0,0,0,0,0,0,0,0,0,0,0,0,0,0,0,0,0,0,0,0,0,0,0,0,0,0,0,0,0,0,0,0,0,0,0,0,0,0,0,0,0,0,0,0,0,0,0,0,0,0,0,0,0,0,0,0,0,0,0,0,0,0,0,0,0,0,0,-128,155,151,-219,-280,-277,-203,-81,66,204,312,378,403,383,314,213,90,-59,-199,-332,-445,-513,-542,-523,-448,-326,-169,16,211,402,563,681,744,734,662,530,348,126,-114,-354,-571,-746,-864,-915,-883,-784,-625,-414,-155,131,397,635,843,974,1042,1033,939,775,552,276,-28,-320,-596,-847,-1026,-1139,-1173,-1116,-968,-755,-490,-178,155,476,771,1013,1192,1280,1272,1184,1004,748,428,79,-279,-633,-930,-1177,-1344,-1398,-1364,-1220,-983,-682,-324,60,444,794,1090,1312,1429,1446,1353,1161,892,558,177,-212,-580,-908,-1175,-1357,-1432,-1404,-1287,-1072,-788,-455,-83,279,629,932,1164,1315,1380,1346,1217,1009,1197,415,59,-290,-620,-914,-1153,-1297,-1361,-1345,-1227,-1025,-762,-436,-92,275,624,930,1178,1348,1427,1403,1284,1076,780,425,42,-354,-728,-1047,-1294,-1451,-1496,-1438,-1272,-1017,-690,-308,88,482,830,1118,1328,1445,1449,1350,1155,892,564,193,-186,-545,-864,-1121,-1294,-1380,-1364,-1254,-1055,-787,-462,-114,248,593,891,1131,1285,1350,1317,1176,956,669,328,-43,-409,-743,-1022,-1219,-1324,-1327,-1215,-1014,-734,-392,-19,353,697,975,1173,1271,1261,1141,922,632,289,-72,-421,-726,-959,-1098,-1132,-1066,-909,-678,-393,-87,216,498,717,866,937,917,823,653,423,151,-146,-430,-671,-848,-921,-861,-665,-349,12,295,135,144
29189,mtk,MTK 7916,2779345601,rx1-tx0,512,0,0,0,0,0,0,0,0,0,0,0,0,0,0,0,0,0,0,0,0,0,0,0,0,0,0,0,0,0,0,0,0,0,0,0,0,0,0,0,0,0,0,0,0,0,0,0,0,0,0,0,0,0,0,0,0,0,0,0,0,0,0,0,0,0,0,0,0,0,0,0,0,0,0,0,0,0,0,0,0,0,0,0,0,0,0,0,0,0,0,0,0,0,0,0,0,0,0,0,0,0,0,0,0,0,0,0,0,0,0,0,0,0,0,0,0,0,0,0,0,0,0,0,0,0,0,0,0,0,0,0,0,0,0,0,0,0,0,0,0,0,0,0,0,0,0,0,0,0,0,0,0,0,0,0,0,0,0,0,0,0,0,0,0,0,0,0,0,0,0,0,0,0,0,0,0,0,0,0,0,0,0,0,0,0,0,0,0,0,0,0,0,0,0,0,0,0,0,0,0,0,0,0,0,0,0,0,0,0,0,0,0,0,0,0,0,0,0,0,0,0,0,0,0,0,0,0,0,0,0,0,0,0,0,0,0,0,0,0,0,0,0,0,0,0,0,0,0,0,0,0,0,0,0,0,0,146,608,371,110,168,184,157,89,-1,-91,-171,-224,-236,-222,-181,-113,-40,42,120,188,239,260,255,217,155,89,9,-81,-159,-218,-256,-266,-257,-215,-151,-79,-5,73,140,190,218,221,207,179,136,89,35,-18,-68,-105,-124,-139,-137,-136,-119,-96,-76,-55,-40,-12,11,20,34,46,62,80,83,102,120,118,122,125,107,93,62,15,-32,-81,-137,-203,-241,-257,-266,-253,-210,-150,-62,35,137,236,319,374,395,388,344,266,166,43,-86,-201,-316,-394,-437,-446,-423,-365,-274,-154,-19,108,219,322,398,440,449,424,357,275,158,37,-84,-200,-303,-387,-434,-441,-422,-370,-144,-182,-52,67,183,291,373,421,424,397,351,273,174,56,-64,-179,-265,-336,-382,-378,-356,-308,-242,-155,-58,47,137,212,271,305,313,294,250,199,137,59,-16,-79,-137,-186,-215,-224,-218,-204,-179,-138,-86,-31,20,72,118,147,171,188,187,166,135,97,48,13,-27,-70,-94,-114,-127,-131,-129,-110,-97,-76,-46,-21,8,34,53,80,99,110,116,122,108,96,65,30,-5,-42,-77,-110,-138,-150,-141,-121,-96,-66,-23,30,75,109,135,146,142,126,101,57,15,-30,-78,-109,-126,-133,-117,-92,-63,-21,21,52,77,94,107,95,72,45,12,-21,-48,-56,1048,955,0,0,0,0,0,0,0,0,0,0,0,0,0,0,0,0,0,0,0,0,0,0,0,0,0,0,0,0,0,0,0,0,0,0,0,0,0,0,0,0,0,0,0,0,0,0,0,0,0,0,0,0,0,0,0,0,0,0,0,0,0,0,0,0,0,0,0,0,0,0,0,0,0,0,0,0,0,0,0,0,0,0,0,0,0,0,0,0,0,0,0,0,0,0,0,0,0,0,0,0,0,0,0,0,0,0,0,0,0,0,0,0,0,0,0,0,0,0,0,0,0,0,0,0,0,0,0,0,0,0,0,0,0,0,0,0,0,0,0,0,0,0,0,0,0,0,0,0,0,0,0,0,0,0,0,0,0,0,0,0,0,0,0,0,0,0,0,0,0,0,0,0,0,0,0,0,0,0,0,0,0,0,0,0,0,0,0,0,0,0,0,0,0,0,0,0,0,0,0,0,0,0,0,0,0,0,0,0,0,0,0,0,0,0,0,0,0,0,0,0,0,0,0,0,0,0,0,0,0,0,0,0,0,0,0,0,0,0,0,0,0,0,0,0,0,0,0,0,0,0,0,0,0,0,0,0,206,-870,-990,106,50,-37,-125,-191,-222,-208,-161,-83,7,84,162,213,240,243,218,170,97,13,-73,-156,-215,-255,-274,-258,-211,-149,-74,2,86,161,214,247,251,238,197,144,81,9,-53,-106,-147,-170,-183,-182,-170,-134,-100,-58,-24,9,44,63,77,86,99,105,92,85,77,75,69,54,43,41,18,-7,-28,-63,-93,-120,-162,-183,-192,-183,-176,-144,-80,-17,62,152,222,281,323,336,324,281,211,117,7,-110,-231,-323,-391,-429,-426,-387,-320,-216,-107,20,150,268,362,428,458,445,400,325,220,100,-26,-161,-275,-358,-424,-444,-438,-397,-324,-223,-102,16,137,245,147,398,428,418,389,326,237,124,-3,-122,-229,-318,-378,-407,-405,-365,-295,-212,-102,6,109,200,272,323,346,343,305,254,183,98,6,-79,-147,-199,-243,-267,-265,-242,-208,-159,-98,-36,20,69,122,162,188,199,195,183,152,111,75,26,-22,-66,-101,-130,-146,-150,-152,-141,-110,-84,-50,-14,23,52,72,92,101,104,106,103,100,87,62,33,7,-28,-61,-89,-118,-130,-137,-131,-118,-94,-58,-8,40,80,109,135,153,151,129,101,62,14,-35,-71,-108,-131,-140,-142,-116,-77,-39,3,45,77,104,118,109,95,75,49,11,-36,-64,-84,-90,-80,-55,-28,-225,-476
29190,mtk,MTK 7916,2779345601,rx1-tx1,512,0,0,0,0,0,0,0,0,0,0,0,0,0,0,0,0,0,0,0,0,0,0,0,0,0,0,0,0,0,0,0,0,0,0,0,0,0,0,0,0,0,0,0,0,0,0,0,0,0,0,0,0,0,0,0,0,0,0,0,0,0,0,0,0,0,0,0,0,0,0,0,0,0,0,0,0,0,0,0,0,0,0,0,0,0,0,0,0,0,0,0,0,0,0,0,0,0,0,0,0,0,0,0,0,0,0,0,0,0,0,0,0,0,0,0,0,0,0,0,0,0,0,0,0,0,0,0,0,0,0,0,0,0,0,0,0,0,0,0,0,0,0,0,0,0,0,0,0,0,0,0,0,0,0,0,0,0,0,0,0,0,0,0,0,0,0,0,0,0,0,0,0,0,0,0,0,0,0,0,0,0,0,0,0,0,0,0,0,0,0,0,0,0,0,0,0,0,0,0,0,0,0,0,0,0,0,0,0,0,0,0,0,0,0,0,0,0,0,0,0,0,0,0,0,0,0,0,0,0,0,0,0,0,0,0,0,0,0,0,0,0,0,0,0,0,0,0,0,0,0,0,0,0,0,0,0,-411,853,970,17,22,21,14,4,-5,-15,-31,-41,-39,-35,-29,-9,7,22,37,45,41,30,13,-7,-30,-52,-63,-64,-49,-19,13,40,62,77,72,55,16,-24,-52,-77,-90,-78,-45,-6,36,75,99,99,75,32,-9,-53,-88,-104,-90,-57,-15,38,85,101,95,72,27,-29,-79,-108,-113,-94,-47,20,74,107,115,98,52,-8,-67,-114,-135,-117,-73,-7,59,110,135,130,88,20,-50,-109,-146,-148,-107,-43,43,118,159,167,138,65,-29,-113,-166,-183,-163,-96,-5,89,166,210,194,133,34,-78,-174,-223,-227,-183,-88,32,142,222,250,219,140,26,-96,-195,0,-251,-197,-97,24,139,224,259,234,160,58,-55,-157,-218,-229,-199,-123,-26,69,144,186,191,161,97,19,-58,-118,-149,-146,-124,-87,-35,21,70,101,116,113,92,56,14,-38,-82,-107,-118,-114,-90,-50,10,74,123,152,155,122,56,-27,-101,-156,-190,-179,-126,-43,53,152,220,229,186,97,-17,-136,-227,-272,-253,-175,-53,87,215,294,314,263,150,0,-156,-284,-348,-341,-256,-110,65,228,342,383,346,233,63,-113,-260,-355,-378,-319,-192,-28,139,277,346,341,269,138,-25,-175,-283,-333,-311,-221,-86,67,206,309,353,331,242,120,-16,-149,-254,-312,-328,247,486,0,0,0,0,0,0,0,0,0,0,0,0,0,0,0,0,0,0,0,0,0,0,0,0,0,0,0,0,0,0,0,0,0,0,0,0,0,0,0,0,0,0,0,0,0,0,0,0,0,0,0,0,0,0,0,0,0,0,0,0,0,0,0,0,0,0,0,0,0,0,0,0,0,0,0,0,0,0,0,0,0,0,0,0,0,0,0,0,0,0,0,0,0,0,0,0,0,0,0,0,0,0,0,0,0,0,0,0,0,0,0,0,0,0,0,0,0,0,0,0,0,0,0,0,0,0,0,0,0,0,0,0,0,0,0,0,0,0,0,0,0,0,0,0,0,0,0,0,0,0,0,0,0,0,0,0,0,0,0,0,0,0,0,0,0,0,0,0,0,0,0,0,0,0,0,0,0,0,0,0,0,0,0,0,0,0,0,0,0,0,0,0,0,0,0,0,0,0,0,0,0,0,0,0,0,0,0,0,0,0,0,0,0,0,0,0,0,0,0,0,0,0,0,0,0,0,0,0,0,0,0,0,0,0,0,0,0,0,0,0,0,0,0,0,0,0,0,0,0,0,0,0,0,0,0,0,-92,550,324,6,14,21,30,35,31,26,22,14,1,-14,-30,-42,-45,-36,-25,-8,15,38,53,60,48,23,-1,-27,-52,-68,-68,-63,-40,-5,36,65,84,84,66,32,-4,-41,-74,-93,-88,-59,-20,25,69,96,96,86,51,-4,-47,-83,-106,-100,-65,-17,37,78,107,109,80,30,-27,-76,-106,-115,-96,-46,18,70,110,127,108,58,2,-61,-108,-133,-122,-76,-8,56,107,137,137,101,29,-48,-111,-151,-154,-120,-49,36,113,163,177,145,77,-16,-107,-179,-206,-178,-108,-13,90,174,218,211,152,55,-56,-155,-224,-237,-197,-110,2,122,212,253,234,161,0,-65,-171,-242,-260,-223,-133,-16,100,194,245,240,181,84,-27,-122,-187,-216,-201,-140,-63,23,108,162,175,158,115,50,-15,-77,-116,-132,-129,-103,-60,-17,27,73,102,114,114,94,54,8,-44,-93,-123,-133,-124,-88,-27,49,117,160,172,146,88,10,-82,-161,-209,-209,-161,-75,35,146,225,253,222,140,21,-111,-222,-286,-290,-224,-103,47,189,291,332,307,211,62,-105,-253,-346,-363,-301,-170,-3,167,306,375,364,282,136,-40,-207,-326,-372,-338,-237,-80,91,228,316,343,291,178,27,-127,-253,-327,-335,-271,-160,-15,135,264,346,369,333,254,152,26,972,876
29191,mtk,MTK 7916,2779345601,rx2-tx0,512,0,0,0,0,0,0,0,0,0,0,0,0,0,0,0,0,0,0,0,0,0,0,0,0,0,0,0,0,0,0,0,0,0,0,0,0,0,0,0,0,0,0,0,0,0,0,0,0,0,0,0,0,0,0,0,0,0,0,0,0,0,0,0,0,0,0,0,0,0,0,0,0,0,0,0,0,0,0,0,0,0,0,0,0,0,0,0,0,0,0,0,0,0,0,0,0,0,0,0,0,0,0,0,0,0,0,0,0,0,0,0,0,0,0,0,0,0,0,0,0,0,0,0,0,0,0,0,0,0,0,0,0,0,0,0,0,0,0,0,0,0,0,0,0,0,0,0,0,0,0,0,0,0,0,0,0,0,0,0,0,0,0,0,0,0,0,0,0,0,0,0,0,0,0,0,0,0,0,0,0,0,0,0,0,0,0,0,0,0,0,0,0,0,0,0,0,0,0,0,0,0,0,0,0,0,0,0,0,0,0,0,0,0,0,0,0,0,0,0,0,0,0,0,0,0,0,0,0,0,0,0,0,0,0,0,0,0,0,0,0,0,0,0,0,0,0,0,0,0,0,0,0,0,0,0,0,-136,-764,-527,53,43,27,0,-32,-58,-84,-105,-110,-95,-63,-20,32,79,119,141,136,102,49,-19,-92,-150,-185,-186,-147,-75,16,110,190,236,236,188,95,-26,-146,-239,-286,-278,-209,-87,58,197,294,332,298,197,49,-113,-259,-346,-352,-280,-147,25,200,336,391,349,228,51,-143,-302,-392,-393,-301,-133,73,262,387,427,361,201,-12,-223,-386,-460,-421,-279,-68,163,362,479,477,363,166,-73,-304,-462,-513,-441,-267,-31,214,412,512,494,357,138,-114,-329,-468,-499,-408,-223,6,232,402,470,426,280,69,-158,-338,-432,-422,-312,-127,82,268,391,421,345,182,-20,-213,0,-406,-363,-234,-45,153,307,390,382,280,115,-81,-252,-364,-396,-340,-196,-10,178,321,397,384,284,121,-71,-249,-368,-406,-357,-228,-49,136,297,394,408,333,188,0,-184,-328,-407,-405,-317,-159,33,215,348,411,397,295,133,-55,-233,-363,-416,-386,-277,-111,80,253,368,403,348,221,51,-129,-283,-371,-376,-304,-167,11,184,305,361,340,241,88,-84,-234,-326,-349,-294,-172,-13,152,280,339,322,234,97,-65,-214,-311,-336,-290,-180,-33,124,257,331,329,259,136,-17,-163,-273,-330,-315,-238,-111,38,177,281,331,317,246,131,-8,-144,-250,-319,-339,-308,-246,-151,-1144,-1087,0,0,0,0,0,0,0,0,0,0,0,0,0,0,0,0,0,0,0,0,0,0,0,0,0,0,0,0,0,0,0,0,0,0,0,0,0,0,0,0,0,0,0,0,0,0,0,0,0,0,0,0,0,0,0,0,0,0,0,0,0,0,0,0,0,0,0,0,0,0,0,0,0,0,0,0,0,0,0,0,0,0,0,0,0,0,0,0,0,0,0,0,0,0,0,0,0,0,0,0,0,0,0,0,0,0,0,0,0,0,0,0,0,0,0,0,0,0,0,0,0,0,0,0,0,0,0,0,0,0,0,0,0,0,0,0,0,0,0,0,0,0,0,0,0,0,0,0,0,0,0,0,0,0,0,0,0,0,0,0,0,0,0,0,0,0,0,0,0,0,0,0,0,0,0,0,0,0,0,0,0,0,0,0,0,0,0,0,0,0,0,0,0,0,0,0,0,0,0,0,0,0,0,0,0,0,0,0,0,0,0,0,0,0,0,0,0,0,0,0,0,0,0,0,0,0,0,0,0,0,0,0,0,0,0,0,0,0,0,0,0,0,0,0,0,0,0,0,0,0,0,0,0,0,0,0,1335,833,1003,45,65,83,93,95,83,57,21,-18,-61,-95,-120,-127,-108,-64,-8,56,110,149,161,146,99,26,-59,-136,-196,-221,-200,-132,-37,71,174,244,268,239,151,27,-107,-220,-296,-312,-258,-142,4,155,280,344,331,243,99,-73,-236,-346,-375,-317,-184,-7,173,319,393,373,265,90,-111,-286,-392,-408,-329,-166,44,242,386,444,391,241,30,-196,-377,-471,-454,-326,-116,124,336,470,500,415,221,-28,-260,-437,-517,-475,-318,-84,164,376,497,498,387,189,-55,-281,-436,-486,-418,-252,-32,192,368,449,422,296,101,-115,-302,-413,-421,-325,-155,50,243,371,411,354,0,13,-178,-328,-401,-375,-254,-79,113,282,382,391,307,155,-36,-217,-348,-401,-362,-240,-65,126,291,389,399,323,173,-15,-200,-341,-408,-387,-278,-114,71,243,368,415,378,263,88,-107,-275,-387,-423,-366,-234,-56,138,301,397,419,353,211,23,-166,-316,-401,-402,-319,-173,11,193,328,390,370,270,110,-73,-233,-342,-378,-324,-201,-38,133,274,350,346,263,130,-37,-194,-301,-344,-312,-203,-51,114,254,333,333,265,138,-21,-178,-290,-339,-314,-225,-85,75,214,308,334,291,188,50,-104,-231,-309,-325,-279,-177,-39,107,228,309,341,311,236,124,3,-109,-190,-252,42,337
29192,mtk,MTK 7916,2779345601,rx2-tx1,512,0,0,0,0,0,0,0,0,0,0,0,0,0,0,0,0,0,0,0,0,0,0,0,0,0,0,0,0,0,0,0,0,0,0,0,0,0,0,0,0,0,0,0,0,0,0,0,0,0,0,0,0,0,0,0,0,0,0,0,0,0,0,0,0,0,0,0,0,0,0,0,0,0,0,0,0,0,0,0,0,0,0,0,0,0,0,0,0,0,0,0,0,0,0,0,0,0,0,0,0,0,0,0,0,0,0,0,0,0,0,0,0,0,0,0,0,0,0,0,0,0,0,0,0,0,0,0,0,0,0,0,0,0,0,0,0,0,0,0,0,0,0,0,0,0,0,0,0,0,0,0,0,0,0,0,0,0,0,0,0,0,0,0,0,0,0,0,0,0,0,0,0,0,0,0,0,0,0,0,0,0,0,0,0,0,0,0,0,0,0,0,0,0,0,0,0,0,0,0,0,0,0,0,0,0,0,0,0,0,0,0,0,0,0,0,0,0,0,0,0,0,0,0,0,0,0,0,0,0,0,0,0,0,0,0,0,0,0,0,0,0,0,0,0,0,0,0,0,0,0,0,0,0,0,0,0,236,-181,-410,34,20,3,-21,-49,-72,-89,-89,-72,-43,-7,32,68,87,84,64,29,-18,-59,-86,-94,-86,-50,2,57,95,111,103,68,15,-47,-103,-138,-139,-102,-34,43,112,156,161,130,64,-24,-116,-179,-194,-164,-90,23,128,209,237,207,122,5,-119,-225,-282,-270,-188,-47,106,242,324,329,256,111,-67,-243,-363,-398,-333,-189,4,202,354,420,397,277,68,-162,-341,-443,-449,-342,-151,77,296,442,477,402,234,10,-210,-390,-476,-446,-305,-92,142,338,443,440,338,165,-57,-268,-404,-435,-359,-205,-2,194,338,394,342,213,40,-135,-273,-340,-318,-203,-45,112,0,304,290,194,44,-111,-234,-294,-277,-185,-37,118,236,291,277,194,58,-103,-236,-310,-301,-216,-74,83,220,301,315,242,109,-41,-184,-290,-322,-269,-155,-9,141,255,298,270,181,46,-101,-203,-257,-249,-180,-72,51,153,215,225,176,82,-21,-103,-154,-167,-143,-80,2,81,128,132,101,45,-19,-74,-108,-110,-84,-33,26,75,106,108,78,31,-32,-78,-97,-99,-74,-24,24,65,93,96,72,28,-28,-69,-95,-98,-69,-21,19,59,87,96,82,47,-6,-53,-80,-93,-83,-50,-8,39,78,97,93,65,19,-29,-74,-113,-129,-114,-77,-30,16,63,97,125,513,292,0,0,0,0,0,0,0,0,0,0,0,0,0,0,0,0,0,0,0,0,0,0,0,0,0,0,0,0,0,0,0,0,0,0,0,0,0,0,0,0,0,0,0,0,0,0,0,0,0,0,0,0,0,0,0,0,0,0,0,0,0,0,0,0,0,0,0,0,0,0,0,0,0,0,0,0,0,0,0,0,0,0,0,0,0,0,0,0,0,0,0,0,0,0,0,0,0,0,0,0,0,0,0,0,0,0,0,0,0,0,0,0,0,0,0,0,0,0,0,0,0,0,0,0,0,0,0,0,0,0,0,0,0,0,0,0,0,0,0,0,0,0,0,0,0,0,0,0,0,0,0,0,0,0,0,0,0,0,0,0,0,0,0,0,0,0,0,0,0,0,0,0,0,0,0,0,0,0,0,0,0,0,0,0,0,0,0,0,0,0,0,0,0,0,0,0,0,0,0,0,0,0,0,0,0,0,0,0,0,0,0,0,0,0,0,0,0,0,0,0,0,0,0,0,0,0,0,0,0,0,0,0,0,0,0,0,0,0,0,0,0,0,0,0,0,0,0,0,0,0,0,0,0,0,0,0,-351,-924,-845,46,69,78,78,69,51,18,-20,-48,-73,-89,-85,-58,-20,21,60,83,91,75,37,-6,-50,-88,-103,-86,-58,-9,50,102,128,122,83,25,-42,-102,-141,-151,-116,-45,36,112,163,173,138,68,-22,-120,-192,-219,-189,-110,1,120,216,257,233,147,24,-115,-237,-302,-296,-211,-67,91,238,340,359,288,140,-49,-232,-360,-404,-352,-220,-27,181,354,441,422,307,115,-120,-323,-443,-462,-369,-189,38,261,415,473,424,270,52,-180,-373,-472,-451,-329,-125,106,305,423,443,358,189,-27,-225,-365,-412,-353,-212,-29,155,299,361,337,216,43,-132,-263,-325,-303,0,-48,117,240,303,291,189,39,-109,-229,-291,-278,-187,-51,104,232,294,281,200,59,-95,-228,-308,-301,-216,-89,66,214,307,315,249,130,-20,-167,-273,-313,-271,-166,-24,120,233,282,264,181,55,-75,-180,-240,-241,-177,-80,28,123,189,194,153,80,-9,-89,-137,-148,-119,-61,10,78,122,125,94,43,-20,-76,-114,-114,-80,-24,33,76,102,100,73,29,-20,-69,-94,-93,-67,-28,21,70,98,92,70,33,-22,-72,-93,-89,-69,-31,15,57,87,97,76,39,-4,-44,-77,-95,-91,-61,-13,39,82,105,106,85,43,-11,-60,-101,-131,-137,-122,-90,-50,-799,-888
29193,mtk,MTK 7916,2779375546,rx0-tx0,512,0,0,0,0,0,0,0,0,0,0,0,0,0,0,0,0,0,0,0,0,0,0,0,0,0,0,0,0,0,0,0,0,0,0,0,0,0,0,0,0,0,0,0,0,0,0,0,0,0,0,0,0,0,0,0,0,0,0,0,0,0,0,0,0,0,0,0,0,0,0,0,0,0,0,0,0,0,0,0,0,0,0,0,0,0,0,0,0,0,0,0,0,0,0,0,0,0,0,0,0,0,0,0,0,0,0,0,0,0,0,0,0,0,0,0,0,0,0,0,0,0,0,0,0,0,0,0,0,0,0,0,0,0,0,0,0,0,0,0,0,0,0,0,0,0,0,0,0,0,0,0,0,0,0,0,0,0,0,0,0,0,0,0,0,0,0,0,0,0,0,0,0,0,0,0,0,0,0,0,0,0,0,0,0,0,0,0,0,0,0,0,0,0,0,0,0,0,0,0,0,0,0,0,0,0,0,0,0,0,0,0,0,0,0,0,0,0,0,0,0,0,0,0,0,0,0,0,0,0,0,0,0,0,0,0,0,0,0,0,0,0,0,0,0,0,0,0,0,0,0,0,0,0,0,0,0,-273,851,859,46,166,268,302,264,170,42,-98,-224,-310,-362,-365,-316,-224,-100,35,175,307,407,459,461,405,293,146,-29,-215,-382,-510,-585,-591,-523,-394,-215,-18,193,390,550,644,670,623,515,364,158,-67,-270,-462,-611,-699,-725,-678,-562,-393,-187,53,291,513,683,793,826,774,645,455,210,-63,-331,-569,-759,-877,-910,-855,-711,-490,-225,76,370,618,810,923,947,876,720,489,206,-90,-373,-622,-795,-899,-914,-835,-699,-492,-240,30,294,527,696,808,846,793,688,528,317,87,-161,-388,-572,-710,-791,-795,-734,-615,-441,-232,-1,237,451,632,757,817,812,739,583,378,130,-1687,-369,-583,-753,-865,-888,-834,-708,-517,-275,-2,271,522,730,868,937,933,831,660,428,147,-146,-425,-678,-884,-1015,-1046,-992,-847,-609,-313,16,369,690,964,1149,1230,1190,1033,767,423,22,-397,-777,-1085,-1292,-1374,-1317,-1130,-822,-424,15,462,866,1183,1385,1437,1346,1113,776,351,-106,-552,-940,-1234,-1405,-1420,-1291,-1034,-674,-250,193,613,970,1226,1361,1346,1193,926,559,136,-293,-698,-1023,-1234,-1319,-1259,-1064,-755,-371,53,472,831,1089,1230,1229,1085,811,465,72,-327,-678,-940,-1086,-1109,-1001,-782,-479,-124,235,563,819,981,1025,939,734,427,50,-345,-706,-968,-1067,-959,-653,-209,199,524,676,0,0,0,0,0,0,0,0,0,0,0,0,0,0,0,0,0,0,0,0,0,0,0,0,0,0,0,0,0,0,0,0,0,0,0,0,0,0,0,0,0,0,0,0,0,0,0,0,0,0,0,0,0,0,0,0,0,0,0,0,0,0,0,0,0,0,0,0,0,0,0,0,0,0,0,0,0,0,0,0,0,0,0,0,0,0,0,0,0,0,0,0,0,0,0,0,0,0,0,0,0,0,0,0,0,0,0,0,0,0,0,0,0,0,0,0,0,0,0,0,0,0,0,0,0,0,0,0,0,0,0,0,0,0,0,0,0,0,0,0,0,0,0,0,0,0,0,0,0,0,0,0,0,0,0,0,0,0,0,0,0,0,0,0,0,0,0,0,0,0,0,0,0,0,0,0,0,0,0,0,0,0,0,0,0,0,0,0,0,0,0,0,0,0,0,0,0,0,0,0,0,0,0,0,0,0,0,0,0,0,0,0,0,0,0,0,0,0,0,0,0,0,0,0,0,0,0,0,0,0,0,0,0,0,0,0,0,0,0,0,0,0,0,0,0,0,0,0,0,0,0,0,0,0,0,0,-1322,123,-99,223,195,101,-37,-173,-280,-335,-331,-266,-167,-50,88,217,320,383,401,380,307,189,42,-123,-284,-417,-501,-538,-508,-413,-270,-86,117,315,479,590,637,619,527,373,177,-39,-255,-439,-589,-683,-691,-643,-536,-367,-163,59,282,479,637,737,770,725,608,426,203,-55,-307,-535,-717,-837,-869,-817,-683,-476,-216,72,352,604,797,912,942,871,712,491,216,-81,-371,-622,-818,-925,-939,-867,-709,-482,-223,70,339,572,760,863,877,823,683,494,270,13,-233,-452,-636,-756,-810,-795,-710,-564,-380,-154,85,308,506,664,769,806,777,676,516,311,72,-167,-407,-611,-765,-856,-175,-791,-644,-451,-203,64,324,556,744,867,913,880,766,578,338,69,-214,-486,-704,-875,-971,-976,-900,-748,-520,-232,75,387,678,917,1073,1142,1101,946,701,382,17,-364,-722,-1016,-1223,-1317,-1273,-1098,-808,-432,-6,427,829,1145,1353,1420,1344,1129,802,395,-60,-512,-909,-1213,-1395,-1432,-1322,-1082,-730,-303,151,587,962,1233,1381,1376,1242,982,624,207,-239,-645,-985,-1225,-1333,-1306,-1143,-854,-482,-59,369,757,1054,1235,1285,1188,956,622,230,-189,-584,-898,-1100,-1186,-1131,-944,-652,-291,93,458,751,958,1050,1018,873,623,305,-52,-413,-717,-940,-1040,-991,-792,-447,-9,443,796,960,899,685,529
29194,mtk,MTK 7916,2779375546,rx0-tx1,512,0,0,0,0,0,0,0,0,0,0,0,0,0,0,0,0,0,0,0,0,0,0,0,0,0,0,0,0,0,0,0,0,0,0,0,0,0,0,0,0,0,0,0,0,0,0,0,0,0,0,0,0,0,0,0,0,0,0,0,0,0,0,0,0,0,0,0,0,0,0,0,0,0,0,0,0,0,0,0,0,0,0,0,0,0,0,0,0,0,0,0,0,0,0,0,0,0,0,0,0,0,0,0,0,0,0,0,0,0,0,0,0,0,0,0,0,0,0,0,0,0,0,0,0,0,0,0,0,0,0,0,0,0,0,0,0,0,0,0,0,0,0,0,0,0,0,0,0,0,0,0,0,0,0,0,0,0,0,0,0,0,0,0,0,0,0,0,0,0,0,0,0,0,0,0,0,0,0,0,0,0,0,0,0,0,0,0,0,0,0,0,0,0,0,0,0,0,0,0,0,0,0,0,0,0,0,0,0,0,0,0,0,0,0,0,0,0,0,0,0,0,0,0,0,0,0,0,0,0,0,0,0,0,0,0,0,0,0,0,0,0,0,0,0,0,0,0,0,0,0,0,0,0,0,0,0,-730,24,62,-231,-290,-267,-158,3,174,306,392,412,369,270,125,-38,-205,-353,-455,-514,-511,-440,-310,-127,77,285,464,605,673,668,583,418,198,-53,-310,-538,-711,-817,-826,-741,-582,-342,-64,221,493,720,876,945,918,785,579,313,-4,-319,-610,-849,-998,-1056,-1012,-867,-621,-314,17,370,683,938,1111,1172,1116,951,702,374,-9,-390,-736,-1018,-1211,-1283,-1228,-1064,-786,-433,-23,393,778,1095,1301,1395,1342,1152,860,468,34,-411,-829,-1148,-1361,-1456,-1397,-1201,-895,-490,-40,412,819,1153,1377,1459,1398,1208,899,503,63,-382,-782,-1112,-1335,-1425,-1381,-1210,-925,-555,-130,290,692,1026,1264,1395,-546,1247,984,642,244,-172,-588,-936,-1199,-1360,-1395,-1298,-1078,-762,-377,50,472,854,1161,1359,1432,1371,1186,890,498,50,-397,-811,-1152,-1385,-1480,-1442,-1254,-943,-545,-100,356,777,1123,1353,1457,1423,1248,954,575,144,-301,-705,-1044,-1280,-1396,-1380,-1228,-965,-618,-214,207,602,942,1192,1332,1341,1218,988,664,274,-145,-552,-907,-1176,-1332,-1351,-1239,-1003,-665,-256,185,602,959,1221,1352,1343,1192,904,528,103,-343,-751,-1068,-1270,-1328,-1235,-1003,-657,-244,195,605,928,1138,1220,1153,948,642,265,-131,-496,-791,-982,-1050,-998,-829,-566,-240,108,449,728,915,981,909,692,357,-48,-455,-762,-881,-804,-63,-36,0,0,0,0,0,0,0,0,0,0,0,0,0,0,0,0,0,0,0,0,0,0,0,0,0,0,0,0,0,0,0,0,0,0,0,0,0,0,0,0,0,0,0,0,0,0,0,0,0,0,0,0,0,0,0,0,0,0,0,0,0,0,0,0,0,0,0,0,0,0,0,0,0,0,0,0,0,0,0,0,0,0,0,0,0,0,0,0,0,0,0,0,0,0,0,0,0,0,0,0,0,0,0,0,0,0,0,0,0,0,0,0,0,0,0,0,0,0,0,0,0,0,0,0,0,0,0,0,0,0,0,0,0,0,0,0,0,0,0,0,0,0,0,0,0,0,0,0,0,0,0,0,0,0,0,0,0,0,0,0,0,0,0,0,0,0,0,0,0,0,0,0,0,0,0,0,0,0,0,0,0,0,0,0,0,0,0,0,0,0,0,0,0,0,0,0,0,0,0,0,0,0,0,0,0,0,0,0,0,0,0,0,0,0,0,0,0,0,0,0,0,0,0,0,0,0,0,0,0,0,0,0,0,0,0,0,0,0,0,0,0,0,0,0,0,0,0,0,0,0,0,0,0,0,0,0,-128,155,151,-98,27,187,315,373,345,249,109,-56,-214,-348,-431,-460,-426,-333,-197,-34,150,326,475,572,601,556,439,264,41,-188,-417,-600,-717,-758,-713,-580,-383,-130,152,415,641,806,878,866,764,574,314,26,-279,-557,-779,-939,-1005,-961,-826,-602,-309,11,344,650,894,1044,1106,1062,902,660,342,-17,-378,-706,-973,-1159,-1236,-1177,-1012,-745,-395,-1,394,754,1053,1259,1343,1288,1113,817,447,27,-416,-809,-1129,-1344,-1422,-1377,-1181,-871,-478,-31,426,832,1156,1378,1457,1394,1205,893,496,45,-402,-810,-1145,-1366,-1450,-1393,-1210,-909,-525,-95,342,740,1073,1302,1405,1379,1230,957,597,188,1197,-641,-983,-1230,-1367,-1385,-1274,-1030,-705,-316,114,530,892,1177,1352,1407,1331,1133,831,446,11,-426,-824,-1155,-1374,-1463,-1409,-1226,-928,-522,-76,380,807,1141,1376,1478,1439,1260,957,562,124,-327,-751,-1092,-1324,-1434,-1400,-1233,-960,-597,-179,251,659,993,1236,1363,1351,1220,975,642,248,-172,-570,-912,-1170,-1324,-1347,-1237,-1010,-678,-281,144,558,917,1188,1341,1351,1226,974,616,194,-247,-670,-1014,-1244,-1349,-1308,-1117,-806,-409,30,465,845,1122,1269,1271,1119,836,472,58,-356,-715,-979,-1120,-1122,-991,-753,-428,-69,286,604,838,972,986,880,656,348,-12,-381,-704,-920,-981,-855,-549,-135,227,135,144
29195,mtk,MTK 7916,2779375546,rx1-tx0,512,0,0,0,0,0,0,0,0,0,0,0,0,0,0,0,0,0,0,0,0,0,0,0,0,0,0,0,0,0,0,0,0,0,0,0,0,0,0,0,0,0,0,0,0,0,0,0,0,0,0,0,0,0,0,0,0,0,0,0,0,0,0,0,0,0,0,0,0,0,0,0,0,0,0,0,0,0,0,0,0,0,0,0,0,0,0,0,0,0,0,0,0,0,0,0,0,0,0,0,0,0,0,0,0,0,0,0,0,0,0,0,0,0,0,0,0,0,0,0,0,0,0,0,0,0,0,0,0,0,0,0,0,0,0,0,0,0,0,0,0,0,0,0,0,0,0,0,0,0,0,0,0,0,0,0,0,0,0,0,0,0,0,0,0,0,0,0,0,0,0,0,0,0,0,0,0,0,0,0,0,0,0,0,0,0,0,0,0,0,0,0,0,0,0,0,0,0,0,0,0,0,0,0,0,0,0,0,0,0,0,0,0,0,0,0,0,0,0,0,0,0,0,0,0,0,0,0,0,0,0,0,0,0,0,0,0,0,0,0,0,0,0,0,0,0,0,0,0,0,0,0,0,0,0,0,0,146,608,371,109,20,-96,-196,-250,-246,-187,-91,26,132,223,275,288,251,182,86,-27,-139,-232,-292,-310,-288,-228,-136,-31,72,179,266,308,307,269,205,121,21,-77,-167,-236,-265,-271,-240,-183,-122,-49,31,92,154,188,188,193,181,131,92,49,-8,-55,-88,-120,-131,-146,-153,-143,-128,-100,-61,-26,1,43,87,116,145,170,174,172,165,127,68,16,-49,-131,-198,-246,-287,-291,-274,-220,-140,-43,75,202,299,370,404,394,342,245,113,-31,-178,-309,-403,-455,-468,-428,-330,-197,-46,109,261,388,465,495,475,398,283,136,-27,-176,-321,-428,-488,-498,-457,-362,-225,-73,-144,234,360,444,488,475,411,303,162,7,-152,-288,-388,-445,-454,-420,-330,-206,-73,59,200,296,367,399,384,326,242,132,14,-106,-208,-271,-314,-316,-282,-237,-165,-71,21,103,168,220,241,243,217,171,115,58,-3,-65,-117,-152,-178,-190,-174,-146,-107,-60,-5,40,82,111,126,136,126,111,83,53,11,-16,-48,-73,-84,-93,-94,-90,-78,-71,-51,-28,4,34,69,92,112,120,113,99,84,37,-12,-56,-105,-132,-150,-156,-128,-94,-42,18,73,120,148,155,145,110,58,2,-47,-92,-126,-138,-133,-113,-69,-14,37,86,112,122,116,81,38,-9,-59,-85,1048,955,0,0,0,0,0,0,0,0,0,0,0,0,0,0,0,0,0,0,0,0,0,0,0,0,0,0,0,0,0,0,0,0,0,0,0,0,0,0,0,0,0,0,0,0,0,0,0,0,0,0,0,0,0,0,0,0,0,0,0,0,0,0,0,0,0,0,0,0,0,0,0,0,0,0,0,0,0,0,0,0,0,0,0,0,0,0,0,0,0,0,0,0,0,0,0,0,0,0,0,0,0,0,0,0,0,0,0,0,0,0,0,0,0,0,0,0,0,0,0,0,0,0,0,0,0,0,0,0,0,0,0,0,0,0,0,0,0,0,0,0,0,0,0,0,0,0,0,0,0,0,0,0,0,0,0,0,0,0,0,0,0,0,0,0,0,0,0,0,0,0,0,0,0,0,0,0,0,0,0,0,0,0,0,0,0,0,0,0,0,0,0,0,0,0,0,0,0,0,0,0,0,0,0,0,0,0,0,0,0,0,0,0,0,0,0,0,0,0,0,0,0,0,0,0,0,0,0,0,0,0,0,0,0,0,0,0,0,0,0,0,0,0,0,0,0,0,0,0,0,0,0,0,0,0,0,0,206,-870,-990,-144,-202,-203,-141,-38,84,187,255,268,236,166,71,-37,-143,-227,-285,-302,-276,-209,-114,1,115,213,276,306,297,255,174,72,-32,-134,-216,-272,-293,-274,-232,-152,-74,18,106,171,218,239,226,201,163,99,39,-15,-83,-131,-146,-165,-171,-153,-135,-105,-65,-33,12,47,77,113,133,137,147,150,129,101,75,39,-10,-54,-111,-175,-206,-223,-241,-229,-178,-125,-40,57,152,244,309,351,366,329,245,138,3,-126,-251,-360,-423,-445,-418,-340,-223,-84,64,223,354,440,477,468,412,304,163,9,-152,-296,-406,-480,-496,-465,-385,-259,-105,56,211,348,440,484,147,435,330,198,44,-121,-271,-388,-460,-481,-455,-373,-257,-113,35,185,308,387,420,423,369,269,160,31,-92,-202,-290,-352,-364,-339,-275,-188,-95,13,107,181,251,283,279,248,200,141,63,-12,-83,-140,-178,-202,-211,-197,-156,-111,-65,-3,55,102,136,156,162,150,130,93,55,9,-33,-69,-96,-115,-116,-106,-97,-75,-53,-32,-6,23,45,66,89,99,102,100,88,66,43,2,-41,-74,-112,-139,-139,-134,-106,-62,-16,45,96,133,161,158,141,99,46,-7,-62,-112,-147,-152,-140,-113,-65,-16,35,85,121,134,125,94,53,8,-42,-83,-106,-112,-90,-43,-225,-476
29196,mtk,MTK 7916,2779375546,rx1-tx1,512,0,0,0,0,0,0,0,0,0,0,0,0,0,0,0,0,0,0,0,0,0,0,0,0,0,0,0,0,0,0,0,0,0,0,0,0,0,0,0,0,0,0,0,0,0,0,0,0,0,0,0,0,0,0,0,0,0,0,0,0,0,0,0,0,0,0,0,0,0,0,0,0,0,0,0,0,0,0,0,0,0,0,0,0,0,0,0,0,0,0,0,0,0,0,0,0,0,0,0,0,0,0,0,0,0,0,0,0,0,0,0,0,0,0,0,0,0,0,0,0,0,0,0,0,0,0,0,0,0,0,0,0,0,0,0,0,0,0,0,0,0,0,0,0,0,0,0,0,0,0,0,0,0,0,0,0,0,0,0,0,0,0,0,0,0,0,0,0,0,0,0,0,0,0,0,0,0,0,0,0,0,0,0,0,0,0,0,0,0,0,0,0,0,0,0,0,0,0,0,0,0,0,0,0,0,0,0,0,0,0,0,0,0,0,0,0,0,0,0,0,0,0,0,0,0,0,0,0,0,0,0,0,0,0,0,0,0,0,0,0,0,0,0,0,0,0,0,0,0,0,0,0,0,0,0,0,-411,853,970,2,6,12,17,21,26,27,23,19,18,11,0,-10,-20,-25,-29,-32,-29,-20,-6,7,22,34,41,43,34,19,1,-20,-39,-47,-51,-53,-45,-24,3,32,53,61,65,58,37,3,-27,-48,-63,-73,-67,-46,-13,19,48,71,83,78,51,13,-26,-56,-77,-86,-77,-44,-6,31,60,82,85,74,41,0,-40,-74,-96,-92,-67,-34,13,56,88,103,90,59,20,-22,-68,-99,-101,-79,-45,1,48,87,107,107,85,39,-22,-76,-110,-122,-114,-76,-16,51,105,139,150,132,80,8,-66,-125,-164,-171,-140,-82,-10,76,148,188,196,166,100,17,0,-146,-200,-213,-189,-131,-50,46,130,185,209,198,151,75,-16,-98,-163,-200,-197,-161,-104,-33,46,113,151,169,165,130,73,15,-44,-94,-125,-134,-130,-111,-74,-19,35,81,113,129,129,112,81,39,-10,-65,-116,-144,-150,-136,-97,-34,33,93,142,171,170,136,72,-1,-79,-158,-207,-209,-172,-104,-12,89,176,234,252,219,139,35,-79,-186,-260,-286,-262,-195,-83,46,171,267,322,317,252,140,3,-131,-244,-314,-334,-294,-201,-71,67,193,279,319,301,233,123,-4,-126,-220,-274,-282,-245,-160,-47,71,178,253,289,275,222,138,42,-63,-156,-228,-267,-279,247,486,0,0,0,0,0,0,0,0,0,0,0,0,0,0,0,0,0,0,0,0,0,0,0,0,0,0,0,0,0,0,0,0,0,0,0,0,0,0,0,0,0,0,0,0,0,0,0,0,0,0,0,0,0,0,0,0,0,0,0,0,0,0,0,0,0,0,0,0,0,0,0,0,0,0,0,0,0,0,0,0,0,0,0,0,0,0,0,0,0,0,0,0,0,0,0,0,0,0,0,0,0,0,0,0,0,0,0,0,0,0,0,0,0,0,0,0,0,0,0,0,0,0,0,0,0,0,0,0,0,0,0,0,0,0,0,0,0,0,0,0,0,0,0,0,0,0,0,0,0,0,0,0,0,0,0,0,0,0,0,0,0,0,0,0,0,0,0,0,0,0,0,0,0,0,0,0,0,0,0,0,0,0,0,0,0,0,0,0,0,0,0,0,0,0,0,0,0,0,0,0,0,0,0,0,0,0,0,0,0,0,0,0,0,0,0,0,0,0,0,0,0,0,0,0,0,0,0,0,0,0,0,0,0,0,0,0,0,0,0,0,0,0,0,0,0,0,0,0,0,0,0,0,0,0,0,0,-92,550,324,-10,-16,-19,-18,-14,-8,1,7,10,15,22,26,23,19,13,5,-2,-13,-23,-29,-30,-29,-18,0,16,28,41,49,45,40,24,0,-22,-43,-61,-61,-50,-37,-14,15,40,57,69,65,49,24,-6,-35,-63,-83,-84,-64,-37,-3,36,67,80,79,64,29,-14,-45,-70,-86,-77,-54,-28,10,53,79,89,81,55,16,-23,-58,-84,-89,-77,-43,-2,38,71,92,94,73,35,-16,-63,-94,-106,-97,-66,-21,33,83,110,114,94,53,-3,-63,-113,-136,-127,-100,-49,15,78,129,155,147,110,45,-38,-110,-164,-183,-169,-120,-46,38,114,173,205,0,144,73,-13,-99,-169,-208,-208,-171,-98,-13,79,150,196,209,185,126,54,-26,-103,-160,-187,-184,-149,-88,-20,46,104,142,157,149,113,67,12,-40,-84,-109,-125,-128,-112,-78,-30,20,70,105,128,132,119,82,33,-24,-78,-126,-157,-162,-136,-87,-21,55,124,172,194,176,124,47,-46,-131,-191,-225,-219,-164,-73,33,137,221,267,266,214,121,2,-121,-228,-294,-304,-260,-172,-53,84,209,297,328,301,227,111,-30,-161,-261,-322,-327,-272,-169,-44,88,201,277,300,268,188,82,-37,-148,-233,-277,-266,-216,-130,-26,88,182,253,298,298,253,185,109,11,972,876
29197,mtk,MTK 7916,2779375546,rx2-tx0,512,0,0,0,0,0,0,0,0,0,0,0,0,0,0,0,0,0,0,0,0,0,0,0,0,0,0,0,0,0,0,0,0,0,0,0,0,0,0,0,0,0,0,0,0,0,0,0,0,0,0,0,0,0,0,0,0,0,0,0,0,0,0,0,0,0,0,0,0,0,0,0,0,0,0,0,0,0,0,0,0,0,0,0,0,0,0,0,0,0,0,0,0,0,0,0,0,0,0,0,0,0,0,0,0,0,0,0,0,0,0,0,0,0,0,0,0,0,0,0,0,0,0,0,0,0,0,0,0,0,0,0,0,0,0,0,0,0,0,0,0,0,0,0,0,0,0,0,0,0,0,0,0,0,0,0,0,0,0,0,0,0,0,0,0,0,0,0,0,0,0,0,0,0,0,0,0,0,0,0,0,0,0,0,0,0,0,0,0,0,0,0,0,0,0,0,0,0,0,0,0,0,0,0,0,0,0,0,0,0,0,0,0,0,0,0,0,0,0,0,0,0,0,0,0,0,0,0,0,0,0,0,0,0,0,0,0,0,0,0,0,0,0,0,0,0,0,0,0,0,0,0,0,0,0,0,0,-136,-764,-527,43,57,73,87,92,88,74,49,18,-18,-57,-91,-115,-123,-115,-88,-43,10,65,117,156,169,158,116,51,-28,-109,-177,-218,-231,-203,-134,-38,67,168,242,277,267,214,116,-10,-136,-237,-301,-317,-271,-173,-40,107,241,329,355,317,220,75,-89,-235,-338,-381,-347,-238,-86,90,253,363,396,358,253,94,-92,-262,-376,-421,-382,-263,-84,119,294,415,450,398,264,79,-126,-312,-442,-486,-429,-289,-90,124,316,450,499,444,304,106,-110,-305,-438,-484,-432,-294,-105,101,286,410,454,407,280,99,-102,-272,-382,-418,-370,-241,-72,105,260,361,387,335,214,48,0,-264,-356,-378,-324,-201,-39,131,276,362,375,318,198,38,-131,-274,-363,-384,-334,-219,-62,105,250,349,390,357,258,111,-52,-211,-330,-390,-382,-308,-177,-15,147,286,377,400,356,250,100,-69,-223,-344,-404,-394,-322,-193,-29,141,285,382,412,374,271,124,-47,-211,-333,-397,-390,-315,-185,-22,145,278,363,379,326,216,68,-91,-230,-327,-358,-321,-229,-96,52,193,299,340,316,238,114,-37,-176,-283,-334,-322,-250,-131,12,152,261,324,331,272,161,29,-106,-228,-304,-329,-299,-216,-97,39,169,270,327,329,280,187,66,-65,-187,-285,-342,-354,-328,-272,-196,-96,-1144,-1087,0,0,0,0,0,0,0,0,0,0,0,0,0,0,0,0,0,0,0,0,0,0,0,0,0,0,0,0,0,0,0,0,0,0,0,0,0,0,0,0,0,0,0,0,0,0,0,0,0,0,0,0,0,0,0,0,0,0,0,0,0,0,0,0,0,0,0,0,0,0,0,0,0,0,0,0,0,0,0,0,0,0,0,0,0,0,0,0,0,0,0,0,0,0,0,0,0,0,0,0,0,0,0,0,0,0,0,0,0,0,0,0,0,0,0,0,0,0,0,0,0,0,0,0,0,0,0,0,0,0,0,0,0,0,0,0,0,0,0,0,0,0,0,0,0,0,0,0,0,0,0,0,0,0,0,0,0,0,0,0,0,0,0,0,0,0,0,0,0,0,0,0,0,0,0,0,0,0,0,0,0,0,0,0,0,0,0,0,0,0,0,0,0,0,0,0,0,0,0,0,0,0,0,0,0,0,0,0,0,0,0,0,0,0,0,0,0,0,0,0,0,0,0,0,0,0,0,0,0,0,0,0,0,0,0,0,0,0,0,0,0,0,0,0,0,0,0,0,0,0,0,0,0,0,0,0,1335,833,1003,-47,-46,-35,-14,10,36,65,87,103,111,102,75,36,-11,-58,-102,-135,-148,-138,-104,-49,17,81,141,187,203,180,127,49,-44,-131,-203,-248,-254,-214,-134,-27,94,202,276,306,282,203,83,-53,-186,-286,-336,-329,-257,-134,13,162,285,353,354,287,159,1,-163,-300,-377,-376,-300,-164,3,178,320,399,404,327,175,-19,-208,-354,-434,-428,-336,-175,22,222,382,467,455,359,191,-16,-222,-391,-484,-474,-378,-210,2,222,391,477,473,382,209,-3,-206,-368,-455,-450,-361,-197,5,193,344,423,417,328,171,-16,-190,-329,-399,-387,-295,-142,34,201,331,393,0,273,128,-42,-205,-322,-378,-359,-268,-122,46,205,321,375,358,274,133,-33,-189,-311,-376,-368,-291,-159,-3,154,291,376,383,327,214,56,-111,-254,-357,-402,-373,-280,-136,33,197,324,401,411,347,225,67,-105,-264,-371,-413,-391,-307,-168,3,173,311,395,407,352,233,73,-95,-243,-349,-390,-363,-267,-127,30,182,300,360,353,279,156,6,-146,-264,-334,-338,-278,-168,-30,113,236,316,333,282,179,45,-96,-223,-309,-337,-298,-208,-77,67,198,293,334,316,245,129,-11,-146,-255,-322,-335,-290,-195,-72,64,191,287,342,350,304,216,108,-8,-120,-209,-261,-292,42,337
29198,mtk,MTK 7916,2779375546,rx2-tx1,512,0,0,0,0,0,0,0,0,0,0,0,0,0,0,0,0,0,0,0,0,0,0,0,0,0,0,0,0,0,0,0,0,0,0,0,0,0,0,0,0,0,0,0,0,0,0,0,0,0,0,0,0,0,0,0,0,0,0,0,0,0,0,0,0,0,0,0,0,0,0,0,0,0,0,0,0,0,0,0,0,0,0,0,0,0,0,0,0,0,0,0,0,0,0,0,0,0,0,0,0,0,0,0,0,0,0,0,0,0,0,0,0,0,0,0,0,0,0,0,0,0,0,0,0,0,0,0,0,0,0,0,0,0,0,0,0,0,0,0,0,0,0,0,0,0,0,0,0,0,0,0,0,0,0,0,0,0,0,0,0,0,0,0,0,0,0,0,0,0,0,0,0,0,0,0,0,0,0,0,0,0,0,0,0,0,0,0,0,0,0,0,0,0,0,0,0,0,0,0,0,0,0,0,0,0,0,0,0,0,0,0,0,0,0,0,0,0,0,0,0,0,0,0,0,0,0,0,0,0,0,0,0,0,0,0,0,0,0,0,0,0,0,0,0,0,0,0,0,0,0,0,0,0,0,0,0,236,-181,-410,41,58,70,76,74,62,42,19,-10,-42,-64,-79,-80,-64,-33,1,32,59,79,84,66,37,0,-47,-86,-100,-95,-67,-19,26,65,104,124,115,76,20,-44,-102,-142,-156,-133,-75,-2,71,138,178,187,151,80,-17,-113,-198,-243,-231,-172,-82,37,161,254,299,285,211,89,-59,-203,-311,-362,-341,-247,-101,75,242,367,412,375,271,105,-89,-275,-406,-453,-412,-290,-105,103,293,425,475,429,284,91,-119,-306,-444,-486,-426,-291,-94,121,316,439,475,418,284,89,-122,-298,-407,-437,-373,-237,-56,134,291,376,375,299,173,14,-149,-269,-325,-309,-232,-108,0,179,274,308,272,163,22,-121,-229,-290,-285,-217,-100,36,171,264,302,275,182,50,-88,-216,-295,-309,-263,-166,-24,121,238,315,327,268,155,11,-135,-242,-297,-300,-237,-134,-5,124,224,267,259,202,105,-9,-117,-187,-218,-204,-147,-62,23,102,153,165,146,98,25,-45,-95,-125,-121,-91,-37,25,77,105,108,86,42,-14,-67,-96,-105,-91,-54,-5,45,86,108,101,76,33,-21,-69,-107,-122,-110,-70,-23,29,76,108,120,109,79,26,-35,-81,-108,-116,-97,-70,-31,16,67,97,109,97,69,28,-19,-62,-98,-120,-122,-93,-52,-7,36,75,104,120,513,292,0,0,0,0,0,0,0,0,0,0,0,0,0,0,0,0,0,0,0,0,0,0,0,0,0,0,0,0,0,0,0,0,0,0,0,0,0,0,0,0,0,0,0,0,0,0,0,0,0,0,0,0,0,0,0,0,0,0,0,0,0,0,0,0,0,0,0,0,0,0,0,0,0,0,0,0,0,0,0,0,0,0,0,0,0,0,0,0,0,0,0,0,0,0,0,0,0,0,0,0,0,0,0,0,0,0,0,0,0,0,0,0,0,0,0,0,0,0,0,0,0,0,0,0,0,0,0,0,0,0,0,0,0,0,0,0,0,0,0,0,0,0,0,0,0,0,0,0,0,0,0,0,0,0,0,0,0,0,0,0,0,0,0,0,0,0,0,0,0,0,0,0,0,0,0,0,0,0,0,0,0,0,0,0,0,0,0,0,0,0,0,0,0,0,0,0,0,0,0,0,0,0,0,0,0,0,0,0,0,0,0,0,0,0,0,0,0,0,0,0,0,0,0,0,0,0,0,0,0,0,0,0,0,0,0,0,0,0,0,0,0,0,0,0,0,0,0,0,0,0,0,0,0,0,0,0,-351,-924,-845,-38,-32,-19,0,22,47,69,79,77,69,46,14,-16,-47,-74,-82,-73,-53,-20,16,51,79,92,82,52,9,-36,-72,-98,-109,-93,-56,-3,60,109,135,139,111,51,-21,-88,-138,-171,-158,-116,-47,49,138,192,214,197,130,27,-83,-184,-251,-271,-235,-135,-6,122,233,307,326,274,155,5,-143,-276,-368,-382,-322,-186,-8,182,333,425,430,351,192,-9,-211,-368,-457,-454,-369,-204,14,219,378,468,467,369,199,-12,-224,-387,-469,-463,-363,-192,10,212,370,448,432,329,163,-30,-211,-349,-414,-390,-287,-129,47,210,322,362,319,207,58,-93,-225,-307,0,-244,-139,0,142,248,294,272,185,59,-79,-198,-282,-302,-249,-140,-1,136,249,308,302,233,104,-43,-183,-283,-326,-305,-223,-94,54,187,283,313,288,206,81,-63,-186,-263,-286,-253,-172,-53,65,164,232,249,219,141,34,-69,-146,-190,-189,-150,-91,-13,71,126,140,128,92,34,-31,-81,-104,-107,-83,-31,25,72,96,98,82,47,-7,-57,-94,-109,-97,-63,-17,31,77,109,107,87,54,7,-52,-95,-118,-119,-97,-49,3,56,96,115,110,85,48,5,-45,-88,-112,-107,-80,-40,-3,39,80,105,108,91,50,4,-38,-80,-116,-131,-130,-112,-79,-37,-799,-888
29199,mtk,MTK 7916,2779409993,rx0-tx0,512,0,0,0,0,0,0,0,0,0,0,0,0,0,0,0,0,0,0,0,0,0,0,0,0,0,0,0,0,0,0,0,0,0,0,0,0,0,0,0,0,0,0,0,0,0,0,0,0,0,0,0,0,0,0,0,0,0,0,0,0,0,0,0,0,0,0,0,0,0,0,0,0,0,0,0,0,0,0,0,0,0,0,0,0,0,0,0,0,0,0,0,0,0,0,0,0,0,0,0,0,0,0,0,0,0,0,0,0,0,0,0,0,0,0,0,0,0,0,0,0,0,0,0,0,0,0,0,0,0,0,0,0,0,0,0,0,0,0,0,0,0,0,0,0,0,0,0,0,0,0,0,0,0,0,0,0,0,0,0,0,0,0,0,0,0,0,0,0,0,0,0,0,0,0,0,0,0,0,0,0,0,0,0,0,0,0,0,0,0,0,0,0,0,0,0,0,0,0,0,0,0,0,0,0,0,0,0,0,0,0,0,0,0,0,0,0,0,0,0,0,0,0,0,0,0,0,0,0,0,0,0,0,0,0,0,0,0,0,0,0,0,0,0,0,0,0,0,0,0,0,0,0,0,0,0,0,-273,851,859,173,241,254,201,103,-23,-143,-245,-310,-334,-325,-265,-178,-64,62,176,283,370,417,421,379,299,180,41,-113,-268,-402,-497,-545,-540,-470,-366,-215,-42,144,319,461,562,612,604,544,438,291,114,-66,-249,-408,-532,-625,-659,-642,-572,-455,-295,-113,91,280,457,596,685,726,702,618,486,310,102,-115,-324,-514,-664,-754,-788,-751,-651,-501,-310,-99,132,342,535,680,770,796,756,663,508,312,95,-123,-328,-511,-653,-744,-770,-734,-648,-507,-332,-133,71,273,444,576,671,717,706,646,545,400,225,35,-157,-339,-501,-627,-699,-729,-702,-621,-493,-335,-154,50,254,440,-1687,709,764,766,711,603,445,248,38,-182,-394,-568,-702,-793,-819,-785,-696,-555,-374,-158,77,310,523,705,839,917,927,857,725,537,296,18,-271,-540,-788,-982,-1095,-1117,-1051,-893,-657,-354,-5,347,674,950,1147,1252,1258,1146,930,629,270,-110,-481,-824,-1093,-1255,-1318,-1269,-1107,-846,-513,-140,245,612,917,1140,1265,1283,1185,989,707,360,-4,-371,-711,-980,-1166,-1251,-1214,-1081,-852,-539,-176,198,550,855,1072,1195,1205,1095,879,586,235,-134,-481,-778,-992,-1111,-1118,-1003,-793,-509,-179,157,475,733,904,991,977,855,652,382,67,-257,-567,-820,-970,-997,-878,-621,-249,174,545,742,524,676,0,0,0,0,0,0,0,0,0,0,0,0,0,0,0,0,0,0,0,0,0,0,0,0,0,0,0,0,0,0,0,0,0,0,0,0,0,0,0,0,0,0,0,0,0,0,0,0,0,0,0,0,0,0,0,0,0,0,0,0,0,0,0,0,0,0,0,0,0,0,0,0,0,0,0,0,0,0,0,0,0,0,0,0,0,0,0,0,0,0,0,0,0,0,0,0,0,0,0,0,0,0,0,0,0,0,0,0,0,0,0,0,0,0,0,0,0,0,0,0,0,0,0,0,0,0,0,0,0,0,0,0,0,0,0,0,0,0,0,0,0,0,0,0,0,0,0,0,0,0,0,0,0,0,0,0,0,0,0,0,0,0,0,0,0,0,0,0,0,0,0,0,0,0,0,0,0,0,0,0,0,0,0,0,0,0,0,0,0,0,0,0,0,0,0,0,0,0,0,0,0,0,0,0,0,0,0,0,0,0,0,0,0,0,0,0,0,0,0,0,0,0,0,0,0,0,0,0,0,0,0,0,0,0,0,0,0,0,0,0,0,0,0,0,0,0,0,0,0,0,0,0,0,0,0,0,-1322,123,-99,120,39,-87,-203,-283,-311,-284,-213,-107,8,125,233,311,361,369,339,277,178,52,-86,-220,-342,-431,-477,-484,-435,-337,-194,-33,146,306,440,539,584,577,505,389,240,65,-121,-296,-449,-561,-622,-631,-590,-490,-361,-199,-15,168,346,500,614,681,692,644,546,391,211,8,-205,-401,-565,-689,-752,-753,-698,-583,-412,-211,10,234,438,607,722,787,779,713,592,413,208,-20,-241,-444,-615,-729,-784,-775,-708,-584,-413,-217,2,212,404,563,674,732,740,692,585,442,268,75,-125,-306,-471,-599,-682,-716,-700,-631,-521,-364,-183,7,204,389,541,654,726,747,709,617,-175,300,90,-120,-327,-509,-654,-753,-792,-782,-704,-569,-404,-200,26,248,455,631,766,847,864,815,713,557,351,110,-151,-406,-631,-823,-961,-1025,-998,-899,-729,-483,-191,130,446,737,975,1140,1211,1169,1030,800,495,146,-226,-585,-899,-1135,-1276,-1302,-1221,-1036,-744,-395,-18,372,725,1013,1212,1306,1293,1161,924,610,254,-123,-489,-809,-1064,-1219,-1263,-1205,-1040,-784,-467,-102,267,605,903,1118,1225,1216,1100,875,572,221,-151,-509,-812,-1038,-1162,-1167,-1059,-846,-557,-219,140,475,754,953,1049,1039,922,717,447,141,-186,-487,-731,-900,-972,-939,-802,-560,-238,129,491,789,965,957,749,448,685,529
29200,mtk,MTK 7916,2779409993,rx0-tx1,512,0,0,0,0,0,0,0,0,0,0,0,0,0,0,0,0,0,0,0,0,0,0,0,0,0,0,0,0,0,0,0,0,0,0,0,0,0,0,0,0,0,0,0,0,0,0,0,0,0,0,0,0,0,0,0,0,0,0,0,0,0,0,0,0,0,0,0,0,0,0,0,0,0,0,0,0,0,0,0,0,0,0,0,0,0,0,0,0,0,0,0,0,0,0,0,0,0,0,0,0,0,0,0,0,0,0,0,0,0,0,0,0,0,0,0,0,0,0,0,0,0,0,0,0,0,0,0,0,0,0,0,0,0,0,0,0,0,0,0,0,0,0,0,0,0,0,0,0,0,0,0,0,0,0,0,0,0,0,0,0,0,0,0,0,0,0,0,0,0,0,0,0,0,0,0,0,0,0,0,0,0,0,0,0,0,0,0,0,0,0,0,0,0,0,0,0,0,0,0,0,0,0,0,0,0,0,0,0,0,0,0,0,0,0,0,0,0,0,0,0,0,0,0,0,0,0,0,0,0,0,0,0,0,0,0,0,0,0,0,0,0,0,0,0,0,0,0,0,0,0,0,0,0,0,0,0,-730,24,62,-247,-211,-94,66,224,346,404,399,332,219,75,-85,-240,-374,-474,-517,-506,-441,-322,-160,25,224,408,550,648,679,641,538,371,156,-80,-309,-519,-688,-795,-823,-775,-660,-472,-239,20,284,530,734,880,953,934,832,664,432,156,-142,-436,-690,-894,-1035,-1081,-1032,-900,-687,-414,-100,225,539,816,1021,1149,1189,1130,971,726,420,74,-286,-623,-909,-1130,-1258,-1291,-1221,-1041,-769,-424,-53,327,690,1001,1237,1362,1378,1284,1074,779,412,17,-395,-774,-1076,-1298,-1408,-1403,-1289,-1069,-749,-374,33,433,802,1097,1304,1403,1384,1262,1040,726,358,-26,-414,-764,-1053,-1254,-1361,-1355,-1245,-1045,-546,-406,-21,354,704,996,1212,1330,1353,1269,1080,808,481,110,-269,-633,-953,-1194,-1344,-1393,-1322,-1150,-894,-560,-178,230,620,960,1219,1389,1446,1388,1202,924,574,172,-240,-640,-981,-1243,-1400,-1441,-1369,-1174,-891,-534,-142,259,642,964,1206,1344,1376,1299,1114,843,506,137,-246,-608,-916,-1147,-1287,-1318,-1249,-1077,-815,-484,-118,262,618,922,1150,1281,1299,1206,1006,718,371,-16,-396,-736,-1020,-1211,-1282,-1236,-1078,-815,-480,-106,280,634,921,1111,1196,1158,1003,755,438,82,-273,-587,-833,-985,-1033,-979,-824,-593,-315,-16,283,540,737,859,894,826,667,422,125,-200,-507,-750,-872,-827,-615,-338,-63,-36,0,0,0,0,0,0,0,0,0,0,0,0,0,0,0,0,0,0,0,0,0,0,0,0,0,0,0,0,0,0,0,0,0,0,0,0,0,0,0,0,0,0,0,0,0,0,0,0,0,0,0,0,0,0,0,0,0,0,0,0,0,0,0,0,0,0,0,0,0,0,0,0,0,0,0,0,0,0,0,0,0,0,0,0,0,0,0,0,0,0,0,0,0,0,0,0,0,0,0,0,0,0,0,0,0,0,0,0,0,0,0,0,0,0,0,0,0,0,0,0,0,0,0,0,0,0,0,0,0,0,0,0,0,0,0,0,0,0,0,0,0,0,0,0,0,0,0,0,0,0,0,0,0,0,0,0,0,0,0,0,0,0,0,0,0,0,0,0,0,0,0,0,0,0,0,0,0,0,0,0,0,0,0,0,0,0,0,0,0,0,0,0,0,0,0,0,0,0,0,0,0,0,0,0,0,0,0,0,0,0,0,0,0,0,0,0,0,0,0,0,0,0,0,0,0,0,0,0,0,0,0,0,0,0,0,0,0,0,0,0,0,0,0,0,0,0,0,0,0,0,0,0,0,0,0,0,-128,155,151,81,215,321,353,309,193,42,-121,-268,-381,-445,-454,-409,-313,-178,-11,161,321,458,551,590,574,485,343,156,-64,-280,-480,-636,-731,-753,-704,-590,-412,-186,67,315,541,723,840,886,853,741,561,330,62,-226,-495,-728,-904,-999,-1011,-936,-777,-561,-281,30,338,629,868,1038,1120,1112,1017,828,564,256,-81,-423,-735,-982,-1157,-1234,-1216,-1092,-879,-598,-253,110,479,811,1082,1262,1338,1315,1174,933,607,230,-158,-549,-898,-1172,-1349,-1413,-1372,-1198,-933,-590,-194,213,602,949,1212,1369,1416,1351,1173,896,552,160,-232,-605,-939,-1189,-1335,-1381,-1319,-1150,-889,-559,-192,194,559,890,1197,1299,1352,1306,1160,926,613,258,-120,-493,-827,-1092,-1274,-1361,-1338,-1213,-993,-687,-338,49,438,786,1084,1299,1410,1409,1291,1064,756,379,-27,-439,-813,-1114,-1334,-1440,-1432,-1303,-1068,-747,-363,47,459,829,1122,1322,1409,1391,1259,1023,703,331,-63,-447,-790,-1071,-1256,-1342,-1323,-1194,-970,-669,-316,60,426,763,1037,1219,1302,1279,1148,924,619,259,-123,-496,-828,-1083,-1245,-1297,-1225,-1055,-788,-441,-59,322,674,965,1158,1245,1212,1058,802,479,113,-265,-606,-881,-1061,-1130,-1082,-925,-681,-375,-45,276,560,772,901,943,886,737,522,257,-37,-327,-589,-787,-887,-877,-739,-488,-143,225,532,685,135,144
29201,mtk,MTK 7916,2779409993,rx1-tx0,512,0,0,0,0,0,0,0,0,0,0,0,0,0,0,0,0,0,0,0,0,0,0,0,0,0,0,0,0,0,0,0,0,0,0,0,0,0,0,0,0,0,0,0,0,0,0,0,0,0,0,0,0,0,0,0,0,0,0,0,0,0,0,0,0,0,0,0,0,0,0,0,0,0,0,0,0,0,0,0,0,0,0,0,0,0,0,0,0,0,0,0,0,0,0,0,0,0,0,0,0,0,0,0,0,0,0,0,0,0,0,0,0,0,0,0,0,0,0,0,0,0,0,0,0,0,0,0,0,0,0,0,0,0,0,0,0,0,0,0,0,0,0,0,0,0,0,0,0,0,0,0,0,0,0,0,0,0,0,0,0,0,0,0,0,0,0,0,0,0,0,0,0,0,0,0,0,0,0,0,0,0,0,0,0,0,0,0,0,0,0,0,0,0,0,0,0,0,0,0,0,0,0,0,0,0,0,0,0,0,0,0,0,0,0,0,0,0,0,0,0,0,0,0,0,0,0,0,0,0,0,0,0,0,0,0,0,0,0,0,0,0,0,0,0,0,0,0,0,0,0,0,0,0,0,0,0,146,608,371,2,-87,-173,-215,-210,-157,-75,21,117,191,237,249,226,177,104,18,-72,-155,-221,-265,-268,-238,-191,-126,-38,55,138,206,248,270,255,205,154,86,12,-65,-130,-176,-208,-215,-201,-182,-143,-92,-43,9,61,95,119,137,145,149,139,125,108,76,49,17,-15,-52,-87,-112,-137,-160,-180,-183,-168,-146,-113,-68,-8,54,123,182,231,277,286,285,257,194,122,13,-94,-201,-290,-371,-418,-417,-384,-309,-202,-70,77,218,338,427,492,507,467,383,267,121,-38,-198,-339,-450,-519,-544,-515,-432,-316,-174,-22,143,292,406,500,537,516,458,364,235,85,-70,-225,-144,-460,-508,-514,-476,-400,-285,-143,9,161,295,399,456,474,449,392,298,176,47,-85,-206,-292,-356,-387,-385,-362,-295,-204,-107,-3,93,183,257,303,324,313,276,221,159,77,-5,-71,-143,-197,-227,-248,-244,-219,-184,-133,-79,-11,52,97,139,179,197,198,183,160,123,81,35,-11,-64,-103,-131,-154,-170,-171,-154,-133,-108,-74,-27,20,68,114,157,186,200,200,187,147,89,17,-61,-129,-189,-231,-248,-245,-219,-161,-86,6,94,164,222,259,261,231,178,105,20,-71,-148,-204,-234,-240,-211,-159,-90,-11,68,136,187,216,211,174,115,36,-46,-119,-162,-161,1048,955,0,0,0,0,0,0,0,0,0,0,0,0,0,0,0,0,0,0,0,0,0,0,0,0,0,0,0,0,0,0,0,0,0,0,0,0,0,0,0,0,0,0,0,0,0,0,0,0,0,0,0,0,0,0,0,0,0,0,0,0,0,0,0,0,0,0,0,0,0,0,0,0,0,0,0,0,0,0,0,0,0,0,0,0,0,0,0,0,0,0,0,0,0,0,0,0,0,0,0,0,0,0,0,0,0,0,0,0,0,0,0,0,0,0,0,0,0,0,0,0,0,0,0,0,0,0,0,0,0,0,0,0,0,0,0,0,0,0,0,0,0,0,0,0,0,0,0,0,0,0,0,0,0,0,0,0,0,0,0,0,0,0,0,0,0,0,0,0,0,0,0,0,0,0,0,0,0,0,0,0,0,0,0,0,0,0,0,0,0,0,0,0,0,0,0,0,0,0,0,0,0,0,0,0,0,0,0,0,0,0,0,0,0,0,0,0,0,0,0,0,0,0,0,0,0,0,0,0,0,0,0,0,0,0,0,0,0,0,0,0,0,0,0,0,0,0,0,0,0,0,0,0,0,0,0,0,206,-870,-990,-162,-165,-109,-16,85,173,225,239,213,152,73,-19,-106,-182,-235,-260,-254,-213,-154,-69,27,113,185,239,270,263,228,171,100,16,-77,-144,-197,-228,-238,-224,-187,-141,-84,-14,42,94,143,169,180,180,160,136,104,68,32,-8,-39,-68,-99,-126,-138,-147,-149,-145,-125,-103,-76,-47,-8,44,89,130,170,206,226,232,219,177,135,62,-24,-101,-195,-264,-322,-358,-352,-318,-258,-166,-43,85,208,318,407,462,470,431,347,238,100,-57,-210,-343,-439,-509,-526,-491,-408,-286,-143,11,173,320,437,513,536,521,448,349,215,48,-116,-259,-381,-478,-521,-522,-481,147,-260,-117,36,187,318,425,485,499,469,395,286,162,22,-119,-244,-351,-410,-436,-425,-372,-294,-192,-75,37,148,246,314,351,359,337,288,215,127,40,-52,-134,-197,-245,-271,-265,-248,-222,-165,-108,-41,30,94,144,185,212,224,204,178,146,98,45,-9,-57,-104,-144,-166,-176,-180,-166,-140,-107,-75,-35,13,57,94,129,160,174,176,169,150,118,71,13,-44,-111,-176,-218,-240,-233,-209,-165,-99,-19,59,138,207,250,266,247,204,142,56,-39,-121,-191,-241,-259,-249,-204,-141,-66,21,104,164,209,226,213,173,117,41,-45,-118,-175,-203,-193,-149,-74,-7,-225,-476
29202,mtk,MTK 7916,2779409993,rx1-tx1,512,0,0,0,0,0,0,0,0,0,0,0,0,0,0,0,0,0,0,0,0,0,0,0,0,0,0,0,0,0,0,0,0,0,0,0,0,0,0,0,0,0,0,0,0,0,0,0,0,0,0,0,0,0,0,0,0,0,0,0,0,0,0,0,0,0,0,0,0,0,0,0,0,0,0,0,0,0,0,0,0,0,0,0,0,0,0,0,0,0,0,0,0,0,0,0,0,0,0,0,0,0,0,0,0,0,0,0,0,0,0,0,0,0,0,0,0,0,0,0,0,0,0,0,0,0,0,0,0,0,0,0,0,0,0,0,0,0,0,0,0,0,0,0,0,0,0,0,0,0,0,0,0,0,0,0,0,0,0,0,0,0,0,0,0,0,0,0,0,0,0,0,0,0,0,0,0,0,0,0,0,0,0,0,0,0,0,0,0,0,0,0,0,0,0,0,0,0,0,0,0,0,0,0,0,0,0,0,0,0,0,0,0,0,0,0,0,0,0,0,0,0,0,0,0,0,0,0,0,0,0,0,0,0,0,0,0,0,0,0,0,0,0,0,0,0,0,0,0,0,0,0,0,0,0,0,0,-411,853,970,2,3,2,3,8,12,11,10,11,13,13,8,2,-5,-12,-17,-18,-19,-17,-9,1,10,22,35,38,28,15,2,-12,-22,-34,-42,-38,-29,-14,10,27,38,40,37,26,8,-9,-28,-43,-50,-40,-22,1,19,36,48,51,35,11,-21,-45,-56,-52,-41,-20,10,40,55,63,58,34,1,-40,-71,-83,-74,-54,-21,23,64,90,96,81,45,-5,-53,-92,-108,-100,-70,-23,35,86,115,117,95,48,-17,-76,-115,-136,-127,-83,-18,53,113,149,150,118,59,-20,-97,-153,-173,-156,-103,-27,55,127,175,191,159,86,-7,-100,-172,-209,-202,-155,0,35,130,198,225,206,141,52,-47,-136,-199,-219,-195,-131,-44,51,134,187,197,168,113,33,-47,-111,-152,-163,-140,-98,-36,26,72,109,127,116,90,49,0,-40,-64,-83,-88,-85,-65,-38,-4,22,52,74,83,79,66,39,8,-35,-77,-102,-106,-99,-70,-23,42,92,121,129,119,78,9,-66,-128,-171,-180,-152,-85,2,96,174,217,213,167,81,-20,-129,-213,-248,-239,-186,-85,40,150,230,267,257,196,98,-23,-138,-229,-271,-262,-203,-108,8,125,210,250,237,182,90,-18,-120,-191,-229,-226,-176,-86,21,118,195,240,248,217,150,64,-19,-93,-162,247,486,0,0,0,0,0,0,0,0,0,0,0,0,0,0,0,0,0,0,0,0,0,0,0,0,0,0,0,0,0,0,0,0,0,0,0,0,0,0,0,0,0,0,0,0,0,0,0,0,0,0,0,0,0,0,0,0,0,0,0,0,0,0,0,0,0,0,0,0,0,0,0,0,0,0,0,0,0,0,0,0,0,0,0,0,0,0,0,0,0,0,0,0,0,0,0,0,0,0,0,0,0,0,0,0,0,0,0,0,0,0,0,0,0,0,0,0,0,0,0,0,0,0,0,0,0,0,0,0,0,0,0,0,0,0,0,0,0,0,0,0,0,0,0,0,0,0,0,0,0,0,0,0,0,0,0,0,0,0,0,0,0,0,0,0,0,0,0,0,0,0,0,0,0,0,0,0,0,0,0,0,0,0,0,0,0,0,0,0,0,0,0,0,0,0,0,0,0,0,0,0,0,0,0,0,0,0,0,0,0,0,0,0,0,0,0,0,0,0,0,0,0,0,0,0,0,0,0,0,0,0,0,0,0,0,0,0,0,0,0,0,0,0,0,0,0,0,0,0,0,0,0,0,0,0,0,0,-92,550,324,-9,-12,-15,-16,-13,-14,-11,-4,3,7,15,21,22,21,17,9,1,-7,-15,-25,-30,-27,-21,-13,2,18,32,40,37,25,13,-2,-17,-26,-36,-43,-40,-25,-6,16,35,46,44,32,14,-9,-25,-38,-44,-42,-31,-9,15,39,50,51,37,15,-12,-38,-55,-57,-44,-22,7,37,59,66,67,45,2,-41,-73,-89,-81,-60,-28,15,62,97,113,97,55,2,-49,-94,-117,-113,-83,-33,20,76,124,135,110,63,5,-60,-116,-145,-137,-97,-36,38,107,149,162,143,87,4,-78,-145,-179,-178,-133,-56,35,116,180,205,183,118,30,-69,-157,0,-217,-185,-108,-5,96,169,209,211,168,94,0,-100,-175,-208,-199,-154,-83,6,94,158,188,175,133,73,3,-71,-123,-144,-138,-114,-73,-18,38,77,99,106,92,66,32,2,-30,-57,-76,-84,-79,-67,-43,-10,27,62,86,96,90,70,39,-9,-60,-107,-125,-120,-95,-47,19,80,128,160,158,115,47,-31,-112,-176,-204,-189,-128,-37,60,154,220,235,203,137,33,-83,-181,-243,-264,-229,-148,-37,84,191,258,277,238,151,38,-77,-180,-246,-261,-226,-147,-38,73,166,227,240,205,134,36,-70,-164,-225,-238,-208,-144,-52,47,139,210,252,256,230,172,972,876
29203,mtk,MTK 7916,2779409993,rx2-tx0,512,0,0,0,0,0,0,0,0,0,0,0,0,0,0,0,0,0,0,0,0,0,0,0,0,0,0,0,0,0,0,0,0,0,0,0,0,0,0,0,0,0,0,0,0,0,0,0,0,0,0,0,0,0,0,0,0,0,0,0,0,0,0,0,0,0,0,0,0,0,0,0,0,0,0,0,0,0,0,0,0,0,0,0,0,0,0,0,0,0,0,0,0,0,0,0,0,0,0,0,0,0,0,0,0,0,0,0,0,0,0,0,0,0,0,0,0,0,0,0,0,0,0,0,0,0,0,0,0,0,0,0,0,0,0,0,0,0,0,0,0,0,0,0,0,0,0,0,0,0,0,0,0,0,0,0,0,0,0,0,0,0,0,0,0,0,0,0,0,0,0,0,0,0,0,0,0,0,0,0,0,0,0,0,0,0,0,0,0,0,0,0,0,0,0,0,0,0,0,0,0,0,0,0,0,0,0,0,0,0,0,0,0,0,0,0,0,0,0,0,0,0,0,0,0,0,0,0,0,0,0,0,0,0,0,0,0,0,0,0,0,0,0,0,0,0,0,0,0,0,0,0,0,0,0,0,0,-136,-764,-527,-7,13,34,55,72,84,88,81,62,33,-5,-44,-81,-103,-110,-101,-77,-31,24,77,119,149,155,125,68,1,-75,-143,-190,-204,-180,-119,-33,67,160,230,255,233,165,58,-65,-177,-259,-294,-266,-181,-61,73,198,291,321,279,176,36,-115,-247,-327,-337,-278,-153,11,168,290,354,336,243,94,-77,-235,-342,-371,-326,-201,-29,150,300,390,389,298,141,-53,-237,-372,-423,-382,-257,-73,134,306,412,438,372,214,11,-191,-356,-441,-428,-319,-147,53,243,378,425,375,245,69,-121,-281,-376,-389,-314,-170,14,190,314,368,345,239,77,-98,-243,-332,-347,-293,0,-10,158,283,339,328,244,104,-61,-212,-313,-346,-305,-197,-43,118,253,332,336,273,155,2,-151,-275,-343,-339,-266,-140,15,172,294,357,346,265,133,-24,-184,-303,-363,-350,-278,-151,8,168,299,373,370,293,166,7,-156,-289,-366,-375,-312,-187,-26,136,272,352,362,301,183,26,-134,-260,-338,-348,-288,-171,-19,143,266,330,328,254,127,-19,-163,-275,-325,-309,-226,-93,55,191,289,322,285,190,59,-91,-221,-301,-325,-282,-177,-39,102,229,311,329,278,178,42,-101,-228,-311,-333,-288,-194,-64,76,200,293,334,313,245,144,17,-109,-214,-286,-315,-305,-261,-1144,-1087,0,0,0,0,0,0,0,0,0,0,0,0,0,0,0,0,0,0,0,0,0,0,0,0,0,0,0,0,0,0,0,0,0,0,0,0,0,0,0,0,0,0,0,0,0,0,0,0,0,0,0,0,0,0,0,0,0,0,0,0,0,0,0,0,0,0,0,0,0,0,0,0,0,0,0,0,0,0,0,0,0,0,0,0,0,0,0,0,0,0,0,0,0,0,0,0,0,0,0,0,0,0,0,0,0,0,0,0,0,0,0,0,0,0,0,0,0,0,0,0,0,0,0,0,0,0,0,0,0,0,0,0,0,0,0,0,0,0,0,0,0,0,0,0,0,0,0,0,0,0,0,0,0,0,0,0,0,0,0,0,0,0,0,0,0,0,0,0,0,0,0,0,0,0,0,0,0,0,0,0,0,0,0,0,0,0,0,0,0,0,0,0,0,0,0,0,0,0,0,0,0,0,0,0,0,0,0,0,0,0,0,0,0,0,0,0,0,0,0,0,0,0,0,0,0,0,0,0,0,0,0,0,0,0,0,0,0,0,0,0,0,0,0,0,0,0,0,0,0,0,0,0,0,0,0,0,1335,833,1003,-56,-64,-65,-58,-43,-19,10,41,67,90,99,92,70,34,-13,-60,-100,-125,-132,-117,-81,-26,42,109,154,173,166,128,57,-31,-116,-186,-224,-227,-185,-100,9,122,213,267,270,220,122,-4,-131,-236,-300,-300,-239,-126,16,158,269,326,311,225,91,-65,-210,-312,-346,-308,-200,-45,122,262,348,359,283,145,-27,-197,-332,-393,-363,-255,-82,109,275,388,413,345,200,13,-183,-341,-426,-421,-321,-146,59,250,390,444,398,271,83,-126,-305,-413,-430,-355,-205,-9,187,336,406,391,288,120,-67,-235,-348,-385,-337,-211,-35,140,278,350,347,265,125,-46,-207,0,-345,-307,-200,-47,110,244,332,343,272,147,-9,-169,-290,-345,-327,-237,-100,58,204,307,345,313,217,73,-89,-229,-322,-351,-308,-208,-59,106,242,332,363,315,207,62,-99,-243,-342,-373,-332,-228,-79,86,236,344,384,347,243,97,-66,-217,-324,-369,-346,-253,-114,48,201,311,357,330,239,102,-56,-203,-306,-341,-311,-218,-78,78,217,304,330,287,181,42,-110,-239,-309,-319,-259,-141,4,148,261,314,308,241,123,-23,-166,-276,-327,-312,-235,-113,32,172,277,324,310,242,122,-23,-158,-263,-320,-320,-263,-158,-24,112,228,312,344,324,263,171,67,-30,-126,42,337
29204,mtk,MTK 7916,2779409993,rx2-tx1,512,0,0,0,0,0,0,0,0,0,0,0,0,0,0,0,0,0,0,0,0,0,0,0,0,0,0,0,0,0,0,0,0,0,0,0,0,0,0,0,0,0,0,0,0,0,0,0,0,0,0,0,0,0,0,0,0,0,0,0,0,0,0,0,0,0,0,0,0,0,0,0,0,0,0,0,0,0,0,0,0,0,0,0,0,0,0,0,0,0,0,0,0,0,0,0,0,0,0,0,0,0,0,0,0,0,0,0,0,0,0,0,0,0,0,0,0,0,0,0,0,0,0,0,0,0,0,0,0,0,0,0,0,0,0,0,0,0,0,0,0,0,0,0,0,0,0,0,0,0,0,0,0,0,0,0,0,0,0,0,0,0,0,0,0,0,0,0,0,0,0,0,0,0,0,0,0,0,0,0,0,0,0,0,0,0,0,0,0,0,0,0,0,0,0,0,0,0,0,0,0,0,0,0,0,0,0,0,0,0,0,0,0,0,0,0,0,0,0,0,0,0,0,0,0,0,0,0,0,0,0,0,0,0,0,0,0,0,0,0,0,0,0,0,0,0,0,0,0,0,0,0,0,0,0,0,0,236,-181,-410,2,18,35,56,69,72,69,54,26,-3,-33,-58,-73,-70,-55,-30,8,49,68,78,73,48,12,-26,-59,-82,-91,-77,-42,9,58,94,113,108,74,15,-47,-100,-131,-133,-102,-50,25,92,145,167,147,88,6,-84,-161,-198,-186,-135,-56,57,163,228,240,206,122,1,-133,-243,-294,-278,-204,-79,68,209,306,336,292,182,20,-151,-291,-363,-362,-277,-122,60,230,353,405,354,226,54,-138,-303,-400,-408,-327,-175,22,212,352,418,387,271,94,-106,-279,-384,-396,-324,-183,-6,170,306,369,348,244,90,-80,-223,-313,-327,-262,-135,16,155,258,293,255,0,25,-115,-216,-266,-254,-173,-47,88,194,254,252,190,76,-55,-178,-257,-279,-228,-116,17,151,253,296,262,170,44,-95,-218,-289,-289,-230,-119,14,148,245,288,258,172,49,-82,-188,-253,-259,-199,-101,10,117,193,214,187,119,26,-70,-144,-182,-183,-138,-56,30,94,132,136,110,55,-10,-70,-113,-126,-106,-58,7,68,101,109,95,59,6,-49,-93,-111,-100,-70,-28,25,72,95,98,73,34,-12,-52,-91,-107,-91,-48,-10,36,80,96,86,63,22,-23,-59,-81,-87,-73,-39,5,42,69,89,93,70,27,-16,-49,-82,-115,-120,-101,-68,-26,17,51,513,292,0,0,0,0,0,0,0,0,0,0,0,0,0,0,0,0,0,0,0,0,0,0,0,0,0,0,0,0,0,0,0,0,0,0,0,0,0,0,0,0,0,0,0,0,0,0,0,0,0,0,0,0,0,0,0,0,0,0,0,0,0,0,0,0,0,0,0,0,0,0,0,0,0,0,0,0,0,0,0,0,0,0,0,0,0,0,0,0,0,0,0,0,0,0,0,0,0,0,0,0,0,0,0,0,0,0,0,0,0,0,0,0,0,0,0,0,0,0,0,0,0,0,0,0,0,0,0,0,0,0,0,0,0,0,0,0,0,0,0,0,0,0,0,0,0,0,0,0,0,0,0,0,0,0,0,0,0,0,0,0,0,0,0,0,0,0,0,0,0,0,0,0,0,0,0,0,0,0,0,0,0,0,0,0,0,0,0,0,0,0,0,0,0,0,0,0,0,0,0,0,0,0,0,0,0,0,0,0,0,0,0,0,0,0,0,0,0,0,0,0,0,0,0,0,0,0,0,0,0,0,0,0,0,0,0,0,0,0,0,0,0,0,0,0,0,0,0,0,0,0,0,0,0,0,0,0,-351,-924,-845,-58,-61,-57,-44,-24,0,28,53,72,75,60,38,18,-11,-46,-72,-81,-69,-41,-8,29,63,84,80,57,22,-21,-60,-90,-103,-90,-57,-8,50,99,120,114,86,35,-31,-93,-136,-142,-119,-63,16,97,151,172,158,100,11,-81,-156,-204,-213,-175,-85,39,156,239,273,247,166,40,-103,-225,-302,-313,-254,-132,28,190,312,362,332,227,68,-114,-269,-367,-387,-317,-173,4,185,331,408,391,276,105,-90,-268,-382,-416,-361,-223,-33,160,313,394,394,303,138,-50,-224,-350,-394,-344,-219,-51,126,263,334,334,256,111,-53,-190,-279,-302,-253,-144,-7,128,0,287,253,160,31,-104,-213,-262,-250,-182,-65,70,186,256,265,210,99,-42,-168,-255,-285,-246,-145,-12,128,237,289,273,196,79,-58,-185,-276,-297,-246,-144,-19,113,218,263,249,186,83,-42,-151,-220,-235,-198,-124,-16,89,168,197,180,128,53,-34,-113,-159,-159,-125,-60,17,81,121,133,109,59,-5,-61,-107,-123,-100,-50,1,48,93,119,108,70,18,-43,-90,-106,-99,-77,-31,20,62,92,99,77,43,1,-48,-80,-95,-87,-54,-10,26,61,83,85,71,36,-11,-51,-77,-86,-76,-47,-9,33,72,99,100,85,54,12,-33,-73,-107,-123,-119,-99,-799,-888
29205,mtk,MTK 7916,2779440299,rx0-tx0,512,0,0,0,0,0,0,0,0,0,0,0,0,0,0,0,0,0,0,0,0,0,0,0,0,0,0,0,0,0,0,0,0,0,0,0,0,0,0,0,0,0,0,0,0,0,0,0,0,0,0,0,0,0,0,0,0,0,0,0,0,0,0,0,0,0,0,0,0,0,0,0,0,0,0,0,0,0,0,0,0,0,0,0,0,0,0,0,0,0,0,0,0,0,0,0,0,0,0,0,0,0,0,0,0,0,0,0,0,0,0,0,0,0,0,0,0,0,0,0,0,0,0,0,0,0,0,0,0,0,0,0,0,0,0,0,0,0,0,0,0,0,0,0,0,0,0,0,0,0,0,0,0,0,0,0,0,0,0,0,0,0,0,0,0,0,0,0,0,0,0,0,0,0,0,0,0,0,0,0,0,0,0,0,0,0,0,0,0,0,0,0,0,0,0,0,0,0,0,0,0,0,0,0,0,0,0,0,0,0,0,0,0,0,0,0,0,0,0,0,0,0,0,0,0,0,0,0,0,0,0,0,0,0,0,0,0,0,0,0,0,0,0,0,0,0,0,0,0,0,0,0,0,0,0,0,0,-273,851,859,77,-54,-202,-328,-402,-415,-373,-282,-155,-25,108,239,345,433,487,501,485,433,336,214,74,-79,-234,-374,-501,-596,-654,-672,-638,-553,-429,-284,-101,84,274,449,590,699,768,780,750,675,561,408,240,57,-143,-329,-498,-641,-750,-827,-858,-834,-770,-665,-521,-342,-144,65,288,487,664,806,907,950,945,896,790,640,454,233,2,-227,-445,-640,-799,-910,-990,-1005,-957,-869,-722,-544,-341,-114,121,346,547,716,849,932,970,945,867,753,600,422,226,17,-180,-363,-527,-656,-753,-808,-829,-815,-756,-662,-548,-414,-254,-85,83,251,398,533,654,740,787,812,790,730,636,-1687,361,189,6,-182,-355,-516,-662,-764,-828,-857,-842,-801,-711,-583,-429,-255,-67,118,305,483,631,760,861,921,938,913,848,737,580,393,188,-44,-275,-506,-719,-907,-1052,-1145,-1175,-1146,-1054,-898,-675,-421,-138,172,467,749,993,1186,1312,1362,1337,1234,1057,815,525,203,-134,-469,-767,-1031,-1233,-1358,-1408,-1380,-1265,-1080,-831,-530,-212,127,459,765,1012,1213,1344,1384,1350,1231,1038,786,479,147,-191,-524,-827,-1072,-1248,-1343,-1345,-1263,-1096,-853,-556,-230,114,444,736,970,1134,1217,1211,1117,952,721,440,147,-159,-452,-705,-905,-1038,-1100,-1074,-964,-765,-492,-156,220,589,889,1049,1041,888,524,676,0,0,0,0,0,0,0,0,0,0,0,0,0,0,0,0,0,0,0,0,0,0,0,0,0,0,0,0,0,0,0,0,0,0,0,0,0,0,0,0,0,0,0,0,0,0,0,0,0,0,0,0,0,0,0,0,0,0,0,0,0,0,0,0,0,0,0,0,0,0,0,0,0,0,0,0,0,0,0,0,0,0,0,0,0,0,0,0,0,0,0,0,0,0,0,0,0,0,0,0,0,0,0,0,0,0,0,0,0,0,0,0,0,0,0,0,0,0,0,0,0,0,0,0,0,0,0,0,0,0,0,0,0,0,0,0,0,0,0,0,0,0,0,0,0,0,0,0,0,0,0,0,0,0,0,0,0,0,0,0,0,0,0,0,0,0,0,0,0,0,0,0,0,0,0,0,0,0,0,0,0,0,0,0,0,0,0,0,0,0,0,0,0,0,0,0,0,0,0,0,0,0,0,0,0,0,0,0,0,0,0,0,0,0,0,0,0,0,0,0,0,0,0,0,0,0,0,0,0,0,0,0,0,0,0,0,0,0,0,0,0,0,0,0,0,0,0,0,0,0,0,0,0,0,0,0,-1322,123,-99,-287,-326,-302,-211,-75,78,219,338,414,447,446,400,322,219,87,-49,-181,-308,-421,-504,-560,-577,-550,-483,-380,-238,-81,91,268,434,561,664,725,734,701,609,480,330,149,-48,-237,-412,-563,-684,-764,-813,-807,-751,-657,-529,-370,-190,11,214,399,577,722,831,892,912,878,786,660,495,300,83,-135,-361,-571,-745,-878,-964,-989,-966,-893,-765,-597,-396,-179,63,286,504,694,842,946,1000,990,926,813,660,476,267,50,-175,-376,-557,-709,-820,-885,-899,-865,-798,-693,-556,-394,-215,-37,144,317,464,587,685,756,791,792,753,681,586,460,305,148,-21,-199,-368,-527,-175,-751,-814,-840,-822,-767,-680,-554,-390,-216,-31,150,328,504,648,763,840,876,874,840,756,636,500,329,136,-67,-273,-471,-653,-813,-929,-1012,-1044,-1021,-955,-839,-668,-458,-206,65,339,607,852,1047,1184,1272,1278,1215,1090,896,641,340,19,-311,-622,-903,-1131,-1299,-1391,-1407,-1329,-1178,-965,-683,-372,-40,295,621,903,1136,1295,1378,1389,1315,1159,940,675,358,22,-311,-631,-907,-1132,-1291,-1362,-1355,-1266,-1096,-849,-546,-207,136,464,770,1021,1199,1290,1294,1207,1033,798,511,193,-136,-446,-714,-929,-1065,-1128,-1120,-1026,-862,-639,-371,-70,244,552,820,1020,1128,1121,979,695,315,-104,-432,685,529
29206,mtk,MTK 7916,2779440299,rx0-tx1,512,0,0,0,0,0,0,0,0,0,0,0,0,0,0,0,0,0,0,0,0,0,0,0,0,0,0,0,0,0,0,0,0,0,0,0,0,0,0,0,0,0,0,0,0,0,0,0,0,0,0,0,0,0,0,0,0,0,0,0,0,0,0,0,0,0,0,0,0,0,0,0,0,0,0,0,0,0,0,0,0,0,0,0,0,0,0,0,0,0,0,0,0,0,0,0,0,0,0,0,0,0,0,0,0,0,0,0,0,0,0,0,0,0,0,0,0,0,0,0,0,0,0,0,0,0,0,0,0,0,0,0,0,0,0,0,0,0,0,0,0,0,0,0,0,0,0,0,0,0,0,0,0,0,0,0,0,0,0,0,0,0,0,0,0,0,0,0,0,0,0,0,0,0,0,0,0,0,0,0,0,0,0,0,0,0,0,0,0,0,0,0,0,0,0,0,0,0,0,0,0,0,0,0,0,0,0,0,0,0,0,0,0,0,0,0,0,0,0,0,0,0,0,0,0,0,0,0,0,0,0,0,0,0,0,0,0,0,0,0,0,0,0,0,0,0,0,0,0,0,0,0,0,0,0,0,0,-730,24,62,133,251,339,365,324,229,98,-49,-192,-314,-409,-471,-490,-471,-414,-321,-199,-48,111,271,416,540,625,667,665,602,504,366,191,-6,-207,-389,-558,-699,-798,-837,-832,-783,-672,-511,-322,-107,121,346,550,737,881,972,1014,993,916,779,590,369,130,-133,-389,-627,-831,-993,-1107,-1151,-1139,-1062,-922,-724,-485,-228,54,345,612,852,1043,1184,1268,1271,1218,1094,914,677,396,86,-237,-534,-809,-1055,-1237,-1354,-1400,-1362,-1260,-1083,-848,-558,-241,99,431,727,999,1221,1363,1438,1437,1359,1199,975,704,392,59,-279,-593,-872,-1114,-1290,-1404,-1435,-1391,-1272,-1099,-859,-583,-276,54,371,679,-546,1169,1317,1402,1422,1377,1247,1052,809,521,202,-121,-440,-742,-1004,-1225,-1378,-1457,-1464,-1400,-1250,-1033,-773,-462,-118,233,570,882,1142,1350,1479,1535,1496,1373,1184,938,642,305,-50,-401,-729,-1015,-1254,-1411,-1490,-1498,-1413,-1259,-1044,-765,-447,-112,234,563,851,1099,1279,1389,1427,1391,1271,1089,855,570,256,-72,-389,-686,-948,-1158,-1300,-1365,-1360,-1277,-1113,-888,-616,-299,25,348,658,922,1139,1282,1334,1312,1205,1021,775,471,141,-189,-504,-783,-1010,-1160,-1221,-1205,-1101,-921,-686,-405,-104,191,463,695,870,974,1007,970,865,708,503,265,4,-257,-503,-717,-862,-935,-917,-789,-548,-233,108,365,-63,-36,0,0,0,0,0,0,0,0,0,0,0,0,0,0,0,0,0,0,0,0,0,0,0,0,0,0,0,0,0,0,0,0,0,0,0,0,0,0,0,0,0,0,0,0,0,0,0,0,0,0,0,0,0,0,0,0,0,0,0,0,0,0,0,0,0,0,0,0,0,0,0,0,0,0,0,0,0,0,0,0,0,0,0,0,0,0,0,0,0,0,0,0,0,0,0,0,0,0,0,0,0,0,0,0,0,0,0,0,0,0,0,0,0,0,0,0,0,0,0,0,0,0,0,0,0,0,0,0,0,0,0,0,0,0,0,0,0,0,0,0,0,0,0,0,0,0,0,0,0,0,0,0,0,0,0,0,0,0,0,0,0,0,0,0,0,0,0,0,0,0,0,0,0,0,0,0,0,0,0,0,0,0,0,0,0,0,0,0,0,0,0,0,0,0,0,0,0,0,0,0,0,0,0,0,0,0,0,0,0,0,0,0,0,0,0,0,0,0,0,0,0,0,0,0,0,0,0,0,0,0,0,0,0,0,0,0,0,0,0,0,0,0,0,0,0,0,0,0,0,0,0,0,0,0,0,0,-128,155,151,239,184,68,-81,-225,-343,-414,-434,-402,-329,-228,-97,41,183,319,432,523,570,571,533,451,329,176,9,-177,-354,-509,-644,-729,-765,-742,-680,-576,-423,-233,-25,181,384,580,734,846,915,925,878,787,644,447,224,-16,-262,-493,-709,-882,-1003,-1076,-1090,-1037,-924,-756,-542,-290,-21,246,508,745,944,1086,1182,1225,1188,1081,915,695,442,154,-143,-427,-701,-941,-1142,-1274,-1343,-1331,-1244,-1106,-893,-627,-332,-6,319,633,915,1144,1307,1402,1433,1369,1239,1047,781,474,151,-186,-515,-815,-1068,-1264,-1399,-1455,-1427,-1316,-1152,-912,-635,-324,12,336,641,909,1140,1300,1404,1422,1372,1257,1197,825,534,230,-88,-406,-713,-972,-1183,-1337,-1419,-1428,-1374,-1244,-1049,-793,-492,-164,167,494,801,1061,1275,1432,1506,1493,1404,1232,998,704,378,31,-326,-653,-952,-1198,-1387,-1499,-1524,-1466,-1331,-1124,-854,-533,-198,148,488,795,1067,1275,1409,1466,1448,1346,1177,946,658,348,19,-311,-624,-892,-1117,-1283,-1378,-1394,-1334,-1205,-1008,-753,-457,-140,185,505,794,1032,1219,1333,1358,1314,1186,986,726,415,87,-238,-558,-839,-1066,-1226,-1294,-1278,-1181,-1005,-761,-462,-145,176,480,740,943,1076,1125,1092,987,816,591,331,62,-205,-444,-649,-806,-904,-937,-895,-789,-609,-369,-91,216,513,746,867,849,718,135,144
29207,mtk,MTK 7916,2779440299,rx1-tx0,512,0,0,0,0,0,0,0,0,0,0,0,0,0,0,0,0,0,0,0,0,0,0,0,0,0,0,0,0,0,0,0,0,0,0,0,0,0,0,0,0,0,0,0,0,0,0,0,0,0,0,0,0,0,0,0,0,0,0,0,0,0,0,0,0,0,0,0,0,0,0,0,0,0,0,0,0,0,0,0,0,0,0,0,0,0,0,0,0,0,0,0,0,0,0,0,0,0,0,0,0,0,0,0,0,0,0,0,0,0,0,0,0,0,0,0,0,0,0,0,0,0,0,0,0,0,0,0,0,0,0,0,0,0,0,0,0,0,0,0,0,0,0,0,0,0,0,0,0,0,0,0,0,0,0,0,0,0,0,0,0,0,0,0,0,0,0,0,0,0,0,0,0,0,0,0,0,0,0,0,0,0,0,0,0,0,0,0,0,0,0,0,0,0,0,0,0,0,0,0,0,0,0,0,0,0,0,0,0,0,0,0,0,0,0,0,0,0,0,0,0,0,0,0,0,0,0,0,0,0,0,0,0,0,0,0,0,0,0,0,0,0,0,0,0,0,0,0,0,0,0,0,0,0,0,0,0,146,608,371,-147,-145,-95,-13,78,157,210,235,227,195,146,76,-3,-78,-154,-217,-252,-269,-261,-235,-188,-116,-42,33,117,183,232,266,274,270,236,194,137,68,-3,-71,-120,-165,-202,-215,-218,-214,-194,-162,-123,-91,-41,0,40,76,95,129,153,156,161,165,158,144,115,88,65,35,6,-28,-59,-83,-116,-140,-159,-185,-192,-195,-190,-176,-160,-129,-85,-27,29,91,156,214,273,310,331,336,322,279,218,140,37,-64,-174,-263,-336,-405,-441,-448,-425,-367,-286,-200,-91,26,138,247,342,404,449,464,444,411,346,249,148,33,-79,-184,-277,-353,-405,-441,-439,-417,-380,-144,-215,-109,-6,94,198,299,366,405,427,425,391,336,254,156,49,-48,-139,-230,-296,-345,-373,-375,-353,-311,-249,-177,-108,-14,75,147,212,250,278,294,280,258,216,166,111,50,-9,-69,-111,-148,-179,-195,-202,-198,-179,-151,-117,-75,-41,-9,33,58,88,100,115,128,122,109,99,91,74,56,40,19,0,-19,-32,-41,-52,-61,-69,-80,-91,-101,-99,-98,-91,-77,-54,-22,15,48,85,118,146,156,152,147,137,99,57,11,-47,-92,-135,-167,-188,-187,-171,-142,-93,-46,10,67,115,150,176,182,169,144,100,54,-4,-63,-109,-150,-173,-167,-134,-80,-29,1048,955,0,0,0,0,0,0,0,0,0,0,0,0,0,0,0,0,0,0,0,0,0,0,0,0,0,0,0,0,0,0,0,0,0,0,0,0,0,0,0,0,0,0,0,0,0,0,0,0,0,0,0,0,0,0,0,0,0,0,0,0,0,0,0,0,0,0,0,0,0,0,0,0,0,0,0,0,0,0,0,0,0,0,0,0,0,0,0,0,0,0,0,0,0,0,0,0,0,0,0,0,0,0,0,0,0,0,0,0,0,0,0,0,0,0,0,0,0,0,0,0,0,0,0,0,0,0,0,0,0,0,0,0,0,0,0,0,0,0,0,0,0,0,0,0,0,0,0,0,0,0,0,0,0,0,0,0,0,0,0,0,0,0,0,0,0,0,0,0,0,0,0,0,0,0,0,0,0,0,0,0,0,0,0,0,0,0,0,0,0,0,0,0,0,0,0,0,0,0,0,0,0,0,0,0,0,0,0,0,0,0,0,0,0,0,0,0,0,0,0,0,0,0,0,0,0,0,0,0,0,0,0,0,0,0,0,0,0,0,0,0,0,0,0,0,0,0,0,0,0,0,0,0,0,0,0,0,206,-870,-990,32,102,170,207,205,163,95,14,-70,-139,-198,-240,-254,-242,-217,-161,-92,-16,63,135,203,251,270,277,264,215,160,85,11,-64,-131,-182,-227,-253,-261,-241,-210,-173,-122,-60,-12,43,95,137,160,176,183,173,175,150,137,115,75,37,9,-21,-49,-78,-109,-130,-149,-160,-163,-164,-155,-147,-131,-110,-91,-56,-12,26,72,115,161,198,230,251,265,267,244,208,158,88,13,-75,-167,-244,-303,-359,-395,-404,-385,-325,-255,-165,-57,48,157,265,346,410,451,458,435,392,315,219,115,-4,-115,-217,-317,-392,-437,-460,-451,-417,-362,-279,-183,-71,42,142,244,147,393,429,431,420,390,327,235,137,36,-71,-171,-258,-335,-384,-403,-395,-372,-322,-250,-165,-78,15,106,187,258,295,327,341,316,286,235,174,113,32,-42,-104,-162,-202,-226,-240,-240,-219,-192,-157,-112,-67,-23,22,67,102,127,149,152,161,151,138,120,93,67,32,-2,-22,-35,-54,-76,-80,-87,-90,-91,-87,-78,-71,-67,-53,-40,-26,-14,5,26,48,75,97,113,129,133,133,121,93,57,15,-25,-63,-112,-150,-168,-182,-180,-160,-129,-83,-31,27,83,131,163,180,189,180,150,111,57,1,-54,-108,-145,-169,-180,-170,-139,-94,-28,40,97,132,143,-225,-476
29208,mtk,MTK 7916,2779440299,rx1-tx1,512,0,0,0,0,0,0,0,0,0,0,0,0,0,0,0,0,0,0,0,0,0,0,0,0,0,0,0,0,0,0,0,0,0,0,0,0,0,0,0,0,0,0,0,0,0,0,0,0,0,0,0,0,0,0,0,0,0,0,0,0,0,0,0,0,0,0,0,0,0,0,0,0,0,0,0,0,0,0,0,0,0,0,0,0,0,0,0,0,0,0,0,0,0,0,0,0,0,0,0,0,0,0,0,0,0,0,0,0,0,0,0,0,0,0,0,0,0,0,0,0,0,0,0,0,0,0,0,0,0,0,0,0,0,0,0,0,0,0,0,0,0,0,0,0,0,0,0,0,0,0,0,0,0,0,0,0,0,0,0,0,0,0,0,0,0,0,0,0,0,0,0,0,0,0,0,0,0,0,0,0,0,0,0,0,0,0,0,0,0,0,0,0,0,0,0,0,0,0,0,0,0,0,0,0,0,0,0,0,0,0,0,0,0,0,0,0,0,0,0,0,0,0,0,0,0,0,0,0,0,0,0,0,0,0,0,0,0,0,0,0,0,0,0,0,0,0,0,0,0,0,0,0,0,0,0,0,-411,853,970,-59,-65,-63,-53,-33,0,34,61,79,85,71,45,9,-31,-67,-87,-87,-66,-31,10,50,78,87,80,54,12,-32,-64,-83,-79,-62,-35,3,37,54,53,40,21,4,-13,-24,-26,-15,2,15,17,5,-10,-18,-21,-21,-13,7,30,48,52,43,15,-21,-55,-75,-77,-64,-35,10,56,87,98,80,39,-12,-65,-104,-106,-81,-36,18,67,100,112,90,40,-18,-68,-102,-108,-85,-34,30,82,103,105,84,32,-24,-68,-100,-107,-78,-30,18,60,88,90,66,28,-18,-54,-68,-67,-51,-24,9,35,45,34,26,17,7,-7,-6,-3,-4,-6,-13,0,-40,-52,-48,-26,10,55,94,112,103,67,3,-74,-133,-166,-167,-121,-36,65,157,213,219,169,70,-56,-172,-254,-275,-230,-123,18,170,282,316,268,162,5,-154,-275,-329,-301,-201,-51,120,263,335,322,218,66,-96,-237,-322,-319,-230,-88,78,224,310,308,227,96,-64,-210,-299,-307,-231,-96,62,198,282,294,238,112,-47,-188,-277,-299,-243,-125,21,160,256,294,259,159,19,-119,-219,-265,-250,-178,-57,72,175,232,229,177,87,-21,-119,-180,-193,-153,-77,8,89,150,164,135,76,-1,-80,-136,-156,-144,-95,-25,54,125,170,175,145,94,29,-30,-86,247,486,0,0,0,0,0,0,0,0,0,0,0,0,0,0,0,0,0,0,0,0,0,0,0,0,0,0,0,0,0,0,0,0,0,0,0,0,0,0,0,0,0,0,0,0,0,0,0,0,0,0,0,0,0,0,0,0,0,0,0,0,0,0,0,0,0,0,0,0,0,0,0,0,0,0,0,0,0,0,0,0,0,0,0,0,0,0,0,0,0,0,0,0,0,0,0,0,0,0,0,0,0,0,0,0,0,0,0,0,0,0,0,0,0,0,0,0,0,0,0,0,0,0,0,0,0,0,0,0,0,0,0,0,0,0,0,0,0,0,0,0,0,0,0,0,0,0,0,0,0,0,0,0,0,0,0,0,0,0,0,0,0,0,0,0,0,0,0,0,0,0,0,0,0,0,0,0,0,0,0,0,0,0,0,0,0,0,0,0,0,0,0,0,0,0,0,0,0,0,0,0,0,0,0,0,0,0,0,0,0,0,0,0,0,0,0,0,0,0,0,0,0,0,0,0,0,0,0,0,0,0,0,0,0,0,0,0,0,0,0,0,0,0,0,0,0,0,0,0,0,0,0,0,0,0,0,0,-92,550,324,9,-8,-32,-56,-71,-78,-74,-57,-27,10,45,72,89,86,59,22,-17,-60,-88,-91,-78,-50,-8,38,73,90,84,62,29,-11,-50,-67,-69,-53,-26,2,21,35,39,30,13,-2,-10,-17,-18,-4,14,17,9,-5,-19,-34,-38,-32,-18,3,32,54,63,54,28,-12,-50,-82,-93,-70,-35,13,65,100,104,81,41,-9,-65,-97,-103,-81,-43,11,64,106,108,79,35,-16,-73,-112,-116,-89,-35,27,78,106,100,75,37,-20,-68,-92,-96,-71,-28,16,53,78,80,62,26,-16,-44,-53,-54,-44,-24,-1,17,26,25,18,12,11,15,22,33,0,8,-18,-45,-68,-78,-68,-39,8,61,111,142,133,86,16,-70,-152,-194,-191,-140,-48,64,165,232,245,197,93,-44,-174,-264,-295,-254,-141,8,156,272,320,290,187,27,-142,-270,-329,-311,-212,-56,111,248,326,319,231,75,-96,-232,-310,-313,-230,-91,66,207,295,303,226,83,-72,-203,-287,-301,-236,-105,53,199,288,297,232,118,-28,-174,-273,-301,-252,-139,0,136,242,286,255,170,40,-94,-199,-249,-240,-178,-71,52,151,209,218,170,80,-17,-106,-161,-179,-153,-87,5,89,140,150,128,80,8,-71,-130,-157,-155,-116,-43,33,97,144,171,169,138,972,876
29209,mtk,MTK 7916,2779440299,rx2-tx0,512,0,0,0,0,0,0,0,0,0,0,0,0,0,0,0,0,0,0,0,0,0,0,0,0,0,0,0,0,0,0,0,0,0,0,0,0,0,0,0,0,0,0,0,0,0,0,0,0,0,0,0,0,0,0,0,0,0,0,0,0,0,0,0,0,0,0,0,0,0,0,0,0,0,0,0,0,0,0,0,0,0,0,0,0,0,0,0,0,0,0,0,0,0,0,0,0,0,0,0,0,0,0,0,0,0,0,0,0,0,0,0,0,0,0,0,0,0,0,0,0,0,0,0,0,0,0,0,0,0,0,0,0,0,0,0,0,0,0,0,0,0,0,0,0,0,0,0,0,0,0,0,0,0,0,0,0,0,0,0,0,0,0,0,0,0,0,0,0,0,0,0,0,0,0,0,0,0,0,0,0,0,0,0,0,0,0,0,0,0,0,0,0,0,0,0,0,0,0,0,0,0,0,0,0,0,0,0,0,0,0,0,0,0,0,0,0,0,0,0,0,0,0,0,0,0,0,0,0,0,0,0,0,0,0,0,0,0,0,0,0,0,0,0,0,0,0,0,0,0,0,0,0,0,0,0,0,-136,-764,-527,-49,-37,-18,7,36,61,77,85,79,53,14,-19,-50,-73,-82,-77,-57,-20,22,59,82,92,82,55,16,-26,-64,-96,-108,-98,-66,-21,32,80,113,124,112,72,14,-50,-114,-154,-159,-126,-67,16,102,164,186,163,99,10,-86,-167,-207,-193,-128,-29,89,187,239,231,160,39,-96,-211,-273,-263,-182,-52,104,241,314,297,195,40,-129,-268,-341,-328,-215,-37,156,307,380,349,226,30,-176,-335,-412,-385,-246,-38,189,368,445,404,255,29,-205,-386,-463,-413,-245,-14,219,393,460,395,224,-14,-243,-403,-457,-383,-199,35,260,419,457,366,171,-75,-308,0,-465,-353,-145,106,332,461,462,341,125,-133,-362,-487,-476,-338,-102,164,379,497,485,339,95,-173,-400,-519,-499,-346,-101,180,411,530,513,363,115,-158,-393,-531,-527,-386,-144,126,362,502,515,394,176,-80,-309,-459,-489,-396,-204,32,249,400,447,375,214,11,-190,-338,-392,-341,-209,-29,152,283,338,309,203,47,-115,-238,-290,-272,-184,-50,89,200,259,248,169,53,-69,-173,-231,-227,-168,-62,61,162,218,224,173,76,-38,-141,-208,-225,-189,-104,4,109,184,217,202,140,38,-67,-150,-202,-212,-177,-99,3,100,176,218,215,169,100,21,-65,-137,-176,-189,-1144,-1087,0,0,0,0,0,0,0,0,0,0,0,0,0,0,0,0,0,0,0,0,0,0,0,0,0,0,0,0,0,0,0,0,0,0,0,0,0,0,0,0,0,0,0,0,0,0,0,0,0,0,0,0,0,0,0,0,0,0,0,0,0,0,0,0,0,0,0,0,0,0,0,0,0,0,0,0,0,0,0,0,0,0,0,0,0,0,0,0,0,0,0,0,0,0,0,0,0,0,0,0,0,0,0,0,0,0,0,0,0,0,0,0,0,0,0,0,0,0,0,0,0,0,0,0,0,0,0,0,0,0,0,0,0,0,0,0,0,0,0,0,0,0,0,0,0,0,0,0,0,0,0,0,0,0,0,0,0,0,0,0,0,0,0,0,0,0,0,0,0,0,0,0,0,0,0,0,0,0,0,0,0,0,0,0,0,0,0,0,0,0,0,0,0,0,0,0,0,0,0,0,0,0,0,0,0,0,0,0,0,0,0,0,0,0,0,0,0,0,0,0,0,0,0,0,0,0,0,0,0,0,0,0,0,0,0,0,0,0,0,0,0,0,0,0,0,0,0,0,0,0,0,0,0,0,0,0,1335,833,1003,-39,-58,-71,-78,-74,-56,-28,4,37,64,81,82,65,35,-3,-40,-68,-83,-84,-70,-38,1,43,75,92,92,74,40,-4,-48,-87,-117,-120,-92,-47,10,69,117,138,133,100,36,-37,-102,-150,-169,-147,-84,4,97,169,199,181,120,19,-91,-183,-231,-217,-144,-32,90,195,255,249,173,46,-98,-222,-291,-276,-187,-44,110,246,324,315,208,40,-142,-293,-367,-342,-222,-38,165,329,409,375,236,25,-187,-357,-433,-395,-244,-30,195,378,458,406,246,21,-212,-388,-457,-407,-242,-4,231,399,456,386,213,-21,-256,-416,-457,-372,-186,57,282,428,455,352,0,-93,-314,-447,-460,-349,-133,126,348,472,467,332,103,-152,-373,-499,-486,-339,-99,170,393,509,487,340,99,-175,-409,-528,-510,-358,-112,173,408,533,516,373,127,-150,-384,-515,-517,-392,-172,95,339,486,503,389,188,-52,-272,-425,-469,-393,-216,9,225,372,415,356,216,25,-165,-308,-364,-324,-203,-38,130,254,311,290,192,47,-100,-214,-271,-256,-175,-53,77,184,242,235,169,57,-69,-168,-221,-220,-162,-65,45,149,215,223,180,98,-12,-121,-199,-222,-189,-117,-16,88,170,214,211,156,65,-38,-132,-197,-217,-192,-133,-49,50,142,203,222,202,161,108,32,42,337
29210,mtk,MTK 7916,2779440299,rx2-tx1,512,0,0,0,0,0,0,0,0,0,0,0,0,0,0,0,0,0,0,0,0,0,0,0,0,0,0,0,0,0,0,0,0,0,0,0,0,0,0,0,0,0,0,0,0,0,0,0,0,0,0,0,0,0,0,0,0,0,0,0,0,0,0,0,0,0,0,0,0,0,0,0,0,0,0,0,0,0,0,0,0,0,0,0,0,0,0,0,0,0,0,0,0,0,0,0,0,0,0,0,0,0,0,0,0,0,0,0,0,0,0,0,0,0,0,0,0,0,0,0,0,0,0,0,0,0,0,0,0,0,0,0,0,0,0,0,0,0,0,0,0,0,0,0,0,0,0,0,0,0,0,0,0,0,0,0,0,0,0,0,0,0,0,0,0,0,0,0,0,0,0,0,0,0,0,0,0,0,0,0,0,0,0,0,0,0,0,0,0,0,0,0,0,0,0,0,0,0,0,0,0,0,0,0,0,0,0,0,0,0,0,0,0,0,0,0,0,0,0,0,0,0,0,0,0,0,0,0,0,0,0,0,0,0,0,0,0,0,0,0,0,0,0,0,0,0,0,0,0,0,0,0,0,0,0,0,0,236,-181,-410,-56,-50,-36,-12,19,49,70,77,70,53,20,-19,-55,-79,-83,-60,-27,8,50,79,84,66,34,-11,-59,-93,-102,-82,-36,20,68,105,113,87,33,-35,-91,-125,-126,-89,-20,61,124,143,130,76,-7,-93,-158,-193,-167,-77,39,145,219,234,182,72,-66,-195,-272,-279,-214,-82,91,241,325,326,236,73,-124,-294,-383,-373,-268,-80,139,319,421,410,285,76,-159,-357,-456,-439,-298,-73,175,371,474,454,303,67,-186,-388,-486,-454,-300,-58,198,395,488,450,282,45,-196,-382,-464,-420,-256,-23,204,368,427,372,206,-15,-225,-358,-397,-322,-154,56,246,0,356,260,90,-107,-268,-349,-331,-208,-29,159,302,357,308,166,-25,-209,-333,-364,-290,-137,54,235,351,362,278,114,-85,-263,-361,-362,-272,-100,94,259,349,347,241,76,-107,-255,-329,-312,-216,-66,93,221,290,284,189,46,-90,-195,-247,-228,-148,-34,76,159,196,173,100,6,-77,-136,-156,-130,-65,5,73,115,116,81,29,-28,-77,-105,-93,-54,-1,47,79,88,74,39,-12,-54,-78,-73,-49,-18,12,41,55,57,35,5,-17,-36,-44,-39,-24,-1,24,32,29,18,6,-14,-29,-32,-22,-8,14,37,49,44,29,9,-20,-54,-67,-70,-63,-46,-16,513,292,0,0,0,0,0,0,0,0,0,0,0,0,0,0,0,0,0,0,0,0,0,0,0,0,0,0,0,0,0,0,0,0,0,0,0,0,0,0,0,0,0,0,0,0,0,0,0,0,0,0,0,0,0,0,0,0,0,0,0,0,0,0,0,0,0,0,0,0,0,0,0,0,0,0,0,0,0,0,0,0,0,0,0,0,0,0,0,0,0,0,0,0,0,0,0,0,0,0,0,0,0,0,0,0,0,0,0,0,0,0,0,0,0,0,0,0,0,0,0,0,0,0,0,0,0,0,0,0,0,0,0,0,0,0,0,0,0,0,0,0,0,0,0,0,0,0,0,0,0,0,0,0,0,0,0,0,0,0,0,0,0,0,0,0,0,0,0,0,0,0,0,0,0,0,0,0,0,0,0,0,0,0,0,0,0,0,0,0,0,0,0,0,0,0,0,0,0,0,0,0,0,0,0,0,0,0,0,0,0,0,0,0,0,0,0,0,0,0,0,0,0,0,0,0,0,0,0,0,0,0,0,0,0,0,0,0,0,0,0,0,0,0,0,0,0,0,0,0,0,0,0,0,0,0,0,0,-351,-924,-845,-19,-43,-62,-73,-73,-65,-40,-3,34,59,71,77,62,31,-13,-51,-79,-82,-70,-35,12,58,82,85,74,43,-11,-67,-105,-104,-76,-31,26,86,122,122,85,24,-43,-103,-131,-122,-79,-14,67,137,167,145,78,-23,-123,-196,-215,-173,-74,46,162,242,256,191,72,-73,-211,-299,-307,-222,-68,111,260,349,349,255,80,-125,-304,-403,-394,-269,-73,146,337,442,420,295,79,-169,-370,-469,-446,-300,-69,180,385,482,457,303,64,-190,-388,-488,-454,-293,-54,200,393,481,432,267,38,-198,-376,-451,-395,-226,-7,210,369,414,338,179,-27,-224,-351,-379,-302,0,88,257,350,340,232,60,-132,-287,-355,-318,-187,6,191,325,363,299,150,-40,-228,-347,-368,-285,-117,83,252,357,368,274,104,-93,-262,-361,-358,-257,-87,99,253,338,329,232,76,-98,-235,-308,-296,-196,-48,97,208,268,258,172,46,-84,-180,-217,-199,-127,-28,72,150,174,145,85,1,-79,-121,-130,-106,-46,25,85,109,99,71,23,-42,-89,-98,-78,-46,-1,49,80,85,64,26,-18,-52,-70,-67,-44,-12,15,34,51,50,35,4,-25,-41,-43,-32,-8,12,27,34,27,12,-7,-23,-33,-35,-23,1,29,42,52,55,44,17,-13,-42,-63,-75,-799,-888
29211,mtk,MTK 7916,2779475822,rx0-tx0,512,0,0,0,0,0,0,0,0,0,0,0,0,0,0,0,0,0,0,0,0,0,0,0,0,0,0,0,0,0,0,0,0,0,0,0,0,0,0,0,0,0,0,0,0,0,0,0,0,0,0,0,0,0,0,0,0,0,0,0,0,0,0,0,0,0,0,0,0,0,0,0,0,0,0,0,0,0,0,0,0,0,0,0,0,0,0,0,0,0,0,0,0,0,0,0,0,0,0,0,0,0,0,0,0,0,0,0,0,0,0,0,0,0,0,0,0,0,0,0,0,0,0,0,0,0,0,0,0,0,0,0,0,0,0,0,0,0,0,0,0,0,0,0,0,0,0,0,0,0,0,0,0,0,0,0,0,0,0,0,0,0,0,0,0,0,0,0,0,0,0,0,0,0,0,0,0,0,0,0,0,0,0,0,0,0,0,0,0,0,0,0,0,0,0,0,0,0,0,0,0,0,0,0,0,0,0,0,0,0,0,0,0,0,0,0,0,0,0,0,0,0,0,0,0,0,0,0,0,0,0,0,0,0,0,0,0,0,0,0,0,0,0,0,0,0,0,0,0,0,0,0,0,0,0,0,0,-273,851,859,-226,-212,-140,-26,102,217,297,337,339,309,248,164,64,-47,-153,-244,-326,-383,-410,-411,-372,-307,-222,-112,13,143,264,376,461,513,533,511,455,365,244,106,-36,-190,-329,-439,-531,-599,-618,-599,-548,-468,-350,-206,-55,105,263,408,530,629,698,723,706,640,546,413,235,42,-155,-342,-517,-660,-763,-834,-860,-813,-726,-592,-416,-221,-2,222,429,610,764,877,928,930,858,742,586,383,159,-73,-304,-505,-681,-821,-903,-924,-894,-811,-676,-513,-324,-114,94,286,460,604,716,780,802,788,732,635,511,373,206,37,-139,-307,-452,-580,-682,-751,-786,-785,-735,-644,-528,-1687,-204,-13,176,358,526,671,777,848,871,852,788,683,533,365,165,-52,-265,-472,-656,-817,-930,-1002,-1029,-989,-896,-755,-556,-321,-52,223,499,752,972,1145,1259,1291,1246,1120,917,664,353,7,-351,-682,-978,-1214,-1382,-1476,-1465,-1361,-1162,-893,-558,-186,194,571,907,1187,1395,1503,1518,1438,1260,1011,695,336,-45,-423,-780,-1082,-1296,-1439,-1486,-1432,-1298,-1070,-777,-438,-71,309,653,964,1207,1368,1431,1403,1274,1057,765,416,47,-312,-662,-968,-1188,-1308,-1341,-1278,-1109,-866,-556,-211,141,474,749,971,1115,1168,1137,1024,827,562,261,-69,-404,-714,-961,-1126,-1179,-1094,-862,-502,-67,372,670,524,676,0,0,0,0,0,0,0,0,0,0,0,0,0,0,0,0,0,0,0,0,0,0,0,0,0,0,0,0,0,0,0,0,0,0,0,0,0,0,0,0,0,0,0,0,0,0,0,0,0,0,0,0,0,0,0,0,0,0,0,0,0,0,0,0,0,0,0,0,0,0,0,0,0,0,0,0,0,0,0,0,0,0,0,0,0,0,0,0,0,0,0,0,0,0,0,0,0,0,0,0,0,0,0,0,0,0,0,0,0,0,0,0,0,0,0,0,0,0,0,0,0,0,0,0,0,0,0,0,0,0,0,0,0,0,0,0,0,0,0,0,0,0,0,0,0,0,0,0,0,0,0,0,0,0,0,0,0,0,0,0,0,0,0,0,0,0,0,0,0,0,0,0,0,0,0,0,0,0,0,0,0,0,0,0,0,0,0,0,0,0,0,0,0,0,0,0,0,0,0,0,0,0,0,0,0,0,0,0,0,0,0,0,0,0,0,0,0,0,0,0,0,0,0,0,0,0,0,0,0,0,0,0,0,0,0,0,0,0,0,0,0,0,0,0,0,0,0,0,0,0,0,0,0,0,0,0,-1322,123,-99,46,153,252,307,306,252,159,50,-62,-171,-260,-324,-362,-367,-344,-298,-224,-124,-12,101,214,308,391,449,476,462,415,339,230,105,-36,-178,-307,-420,-507,-556,-577,-559,-492,-395,-288,-146,9,162,304,431,541,613,656,661,623,545,435,300,142,-32,-211,-382,-528,-661,-746,-782,-773,-725,-632,-491,-318,-130,88,301,480,648,771,856,898,873,799,673,513,306,84,-144,-371,-574,-748,-875,-939,-946,-893,-788,-645,-455,-238,-12,207,416,595,730,823,864,850,796,702,573,411,232,54,-129,-306,-459,-582,-682,-748,-774,-766,-711,-627,-516,-373,-208,-37,142,318,475,615,-175,793,824,810,754,662,525,366,181,-15,-214,-405,-583,-729,-836,-911,-936,-908,-839,-718,-546,-344,-128,108,349,579,783,955,1074,1136,1139,1077,943,752,505,212,-104,-419,-723,-981,-1194,-1342,-1403,-1368,-1248,-1052,-782,-463,-98,274,632,948,1213,1406,1503,1510,1414,1225,963,635,261,-123,-508,-852,-1139,-1355,-1482,-1513,-1451,-1294,-1049,-745,-398,-18,356,703,1010,1241,1395,1459,1421,1291,1084,798,455,84,-293,-649,-951,-1189,-1340,-1388,-1347,-1218,-985,-679,-332,28,391,717,980,1168,1259,1251,1145,961,714,410,84,-237,-539,-801,-996,-1109,-1140,-1073,-907,-652,-323,60,454,808,1053,1137,1024,776,685,529
29212,mtk,MTK 7916,2779475822,rx0-tx1,512,0,0,0,0,0,0,0,0,0,0,0,0,0,0,0,0,0,0,0,0,0,0,0,0,0,0,0,0,0,0,0,0,0,0,0,0,0,0,0,0,0,0,0,0,0,0,0,0,0,0,0,0,0,0,0,0,0,0,0,0,0,0,0,0,0,0,0,0,0,0,0,0,0,0,0,0,0,0,0,0,0,0,0,0,0,0,0,0,0,0,0,0,0,0,0,0,0,0,0,0,0,0,0,0,0,0,0,0,0,0,0,0,0,0,0,0,0,0,0,0,0,0,0,0,0,0,0,0,0,0,0,0,0,0,0,0,0,0,0,0,0,0,0,0,0,0,0,0,0,0,0,0,0,0,0,0,0,0,0,0,0,0,0,0,0,0,0,0,0,0,0,0,0,0,0,0,0,0,0,0,0,0,0,0,0,0,0,0,0,0,0,0,0,0,0,0,0,0,0,0,0,0,0,0,0,0,0,0,0,0,0,0,0,0,0,0,0,0,0,0,0,0,0,0,0,0,0,0,0,0,0,0,0,0,0,0,0,0,0,0,0,0,0,0,0,0,0,0,0,0,0,0,0,0,0,0,-730,24,62,107,-9,-158,-293,-381,-405,-371,-282,-162,-25,120,257,370,456,509,509,480,403,281,132,-36,-210,-379,-521,-629,-692,-706,-661,-565,-418,-231,-30,175,383,576,715,815,868,854,777,653,481,271,30,-205,-443,-660,-823,-943,-1011,-1008,-943,-814,-631,-414,-159,110,379,624,834,1002,1098,1132,1098,999,832,621,368,83,-216,-487,-738,-948,-1111,-1211,-1223,-1179,-1062,-892,-660,-378,-72,245,541,814,1055,1217,1316,1335,1263,1140,939,677,371,44,-298,-623,-897,-1133,-1301,-1388,-1402,-1329,-1174,-943,-663,-347,0,349,672,951,1176,1342,1417,1413,1319,1154,922,641,314,-17,-358,-680,-951,-1184,-546,-1420,-1408,-1324,-1169,-951,-668,-353,-19,329,656,936,1180,1347,1437,1455,1383,1229,1009,724,387,29,-328,-674,-986,-1237,-1413,-1514,-1517,-1423,-1252,-1006,-697,-355,22,395,748,1046,1274,1421,1493,1481,1373,1176,915,609,265,-89,-442,-759,-1033,-1233,-1357,-1407,-1374,-1261,-1071,-820,-533,-219,114,434,722,965,1154,1274,1317,1283,1182,997,754,469,160,-165,-483,-762,-1007,-1179,-1278,-1296,-1222,-1077,-864,-585,-270,58,387,698,945,1127,1235,1248,1175,1020,788,493,174,-155,-470,-745,-951,-1079,-1123,-1074,-950,-758,-517,-239,45,320,568,761,891,954,940,848,684,446,160,-153,-465,-732,-900,-929,-797,-570,-63,-36,0,0,0,0,0,0,0,0,0,0,0,0,0,0,0,0,0,0,0,0,0,0,0,0,0,0,0,0,0,0,0,0,0,0,0,0,0,0,0,0,0,0,0,0,0,0,0,0,0,0,0,0,0,0,0,0,0,0,0,0,0,0,0,0,0,0,0,0,0,0,0,0,0,0,0,0,0,0,0,0,0,0,0,0,0,0,0,0,0,0,0,0,0,0,0,0,0,0,0,0,0,0,0,0,0,0,0,0,0,0,0,0,0,0,0,0,0,0,0,0,0,0,0,0,0,0,0,0,0,0,0,0,0,0,0,0,0,0,0,0,0,0,0,0,0,0,0,0,0,0,0,0,0,0,0,0,0,0,0,0,0,0,0,0,0,0,0,0,0,0,0,0,0,0,0,0,0,0,0,0,0,0,0,0,0,0,0,0,0,0,0,0,0,0,0,0,0,0,0,0,0,0,0,0,0,0,0,0,0,0,0,0,0,0,0,0,0,0,0,0,0,0,0,0,0,0,0,0,0,0,0,0,0,0,0,0,0,0,0,0,0,0,0,0,0,0,0,0,0,0,0,0,0,0,0,0,-128,155,151,-242,-305,-304,-229,-102,50,197,323,405,451,450,399,311,194,51,-102,-249,-392,-502,-576,-605,-590,-524,-411,-261,-81,116,312,489,636,734,779,775,721,601,434,242,21,-216,-431,-624,-781,-890,-939,-932,-873,-731,-542,-325,-80,174,426,652,841,980,1065,1083,1034,918,745,512,247,-27,-305,-571,-801,-981,-1116,-1192,-1182,-1097,-955,-756,-507,-219,82,368,643,885,1084,1218,1283,1269,1175,1027,799,524,227,-108,-422,-717,-983,-1188,-1320,-1380,-1360,-1241,-1059,-822,-522,-192,147,485,796,1056,1253,1381,1429,1391,1261,1054,803,488,149,-192,-529,-826,-1079,-1271,-1387,-1416,-1380,-1245,-1047,-800,1197,-160,180,504,807,1069,1265,1383,1431,1401,1282,1097,850,537,211,-143,-493,-811,-1083,-1296,-1435,-1489,-1462,-1354,-1155,-881,-564,-199,179,547,876,1157,1359,1485,1526,1471,1332,1103,811,477,122,-244,-597,-910,-1158,-1340,-1442,-1456,-1390,-1238,-1013,-727,-404,-68,276,597,880,1103,1256,1342,1347,1269,1122,911,651,352,36,-281,-586,-858,-1071,-1218,-1293,-1296,-1206,-1049,-826,-544,-238,91,415,705,958,1147,1251,1275,1220,1071,848,573,252,-88,-412,-708,-952,-1118,-1195,-1185,-1089,-911,-663,-374,-60,250,526,754,916,1007,1013,950,815,615,372,104,-176,-437,-674,-855,-953,-957,-850,-633,-323,39,385,602,135,144
29213,mtk,MTK 7916,2779475822,rx1-tx0,512,0,0,0,0,0,0,0,0,0,0,0,0,0,0,0,0,0,0,0,0,0,0,0,0,0,0,0,0,0,0,0,0,0,0,0,0,0,0,0,0,0,0,0,0,0,0,0,0,0,0,0,0,0,0,0,0,0,0,0,0,0,0,0,0,0,0,0,0,0,0,0,0,0,0,0,0,0,0,0,0,0,0,0,0,0,0,0,0,0,0,0,0,0,0,0,0,0,0,0,0,0,0,0,0,0,0,0,0,0,0,0,0,0,0,0,0,0,0,0,0,0,0,0,0,0,0,0,0,0,0,0,0,0,0,0,0,0,0,0,0,0,0,0,0,0,0,0,0,0,0,0,0,0,0,0,0,0,0,0,0,0,0,0,0,0,0,0,0,0,0,0,0,0,0,0,0,0,0,0,0,0,0,0,0,0,0,0,0,0,0,0,0,0,0,0,0,0,0,0,0,0,0,0,0,0,0,0,0,0,0,0,0,0,0,0,0,0,0,0,0,0,0,0,0,0,0,0,0,0,0,0,0,0,0,0,0,0,0,0,0,0,0,0,0,0,0,0,0,0,0,0,0,0,0,0,0,146,608,371,127,202,243,228,162,67,-38,-138,-222,-281,-303,-291,-254,-184,-89,1,101,197,265,317,344,341,311,247,161,58,-42,-146,-234,-304,-348,-364,-349,-315,-256,-176,-85,2,99,182,245,285,304,309,300,255,197,150,90,29,-32,-97,-144,-190,-224,-239,-249,-252,-230,-207,-184,-143,-96,-48,6,56,113,168,215,255,286,306,309,301,278,230,164,84,-4,-104,-208,-305,-391,-457,-493,-496,-467,-402,-299,-174,-29,126,264,406,518,591,616,610,557,464,336,190,21,-149,-305,-438,-545,-614,-646,-629,-558,-473,-349,-195,-37,127,267,397,497,571,603,599,563,484,380,-144,89,-59,-208,-341,-446,-530,-584,-585,-559,-499,-399,-273,-136,3,151,278,391,479,525,542,516,463,389,283,165,41,-93,-215,-312,-388,-444,-458,-459,-433,-364,-286,-188,-82,15,117,206,282,335,365,382,364,330,281,219,139,51,-35,-120,-188,-246,-284,-302,-311,-298,-264,-218,-157,-93,-25,50,101,160,206,239,262,253,240,210,172,126,72,18,-40,-102,-146,-187,-223,-243,-246,-229,-196,-153,-97,-36,28,104,163,209,238,249,245,218,171,119,54,-18,-86,-145,-186,-210,-224,-215,-189,-144,-87,-35,36,93,138,171,186,186,166,131,79,15,-54,-107,-141,-146,1048,955,0,0,0,0,0,0,0,0,0,0,0,0,0,0,0,0,0,0,0,0,0,0,0,0,0,0,0,0,0,0,0,0,0,0,0,0,0,0,0,0,0,0,0,0,0,0,0,0,0,0,0,0,0,0,0,0,0,0,0,0,0,0,0,0,0,0,0,0,0,0,0,0,0,0,0,0,0,0,0,0,0,0,0,0,0,0,0,0,0,0,0,0,0,0,0,0,0,0,0,0,0,0,0,0,0,0,0,0,0,0,0,0,0,0,0,0,0,0,0,0,0,0,0,0,0,0,0,0,0,0,0,0,0,0,0,0,0,0,0,0,0,0,0,0,0,0,0,0,0,0,0,0,0,0,0,0,0,0,0,0,0,0,0,0,0,0,0,0,0,0,0,0,0,0,0,0,0,0,0,0,0,0,0,0,0,0,0,0,0,0,0,0,0,0,0,0,0,0,0,0,0,0,0,0,0,0,0,0,0,0,0,0,0,0,0,0,0,0,0,0,0,0,0,0,0,0,0,0,0,0,0,0,0,0,0,0,0,0,0,0,0,0,0,0,0,0,0,0,0,0,0,0,0,0,0,0,206,-870,-990,153,89,-13,-127,-219,-273,-286,-257,-192,-105,-6,93,186,266,310,320,318,279,205,124,21,-78,-178,-262,-327,-357,-364,-338,-285,-203,-109,-7,91,171,247,308,337,349,332,281,218,143,70,0,-80,-156,-204,-242,-267,-273,-275,-258,-228,-190,-132,-80,-27,33,93,130,173,215,238,256,258,250,238,206,170,128,73,4,-63,-132,-203,-280,-336,-373,-394,-397,-376,-324,-243,-138,-21,105,232,358,462,533,578,570,529,449,328,182,24,-129,-290,-433,-543,-619,-649,-625,-565,-467,-342,-189,-27,143,298,420,534,600,625,607,556,471,360,221,69,-84,-236,-376,-486,147,-591,-591,-562,-488,-390,-271,-124,32,175,314,426,508,551,563,540,479,401,291,159,20,-123,-242,-353,-438,-483,-502,-493,-448,-377,-290,-176,-58,52,169,268,336,394,414,419,401,354,281,194,112,16,-76,-158,-233,-286,-327,-340,-337,-314,-273,-218,-144,-67,11,83,149,203,243,269,285,272,248,219,168,117,52,-6,-64,-123,-169,-208,-232,-244,-242,-219,-182,-149,-99,-46,20,84,145,194,228,243,250,234,195,147,83,20,-50,-117,-169,-208,-230,-233,-218,-184,-133,-75,-13,51,110,163,189,208,207,179,143,92,33,-29,-81,-129,-162,-179,-162,-120,-65,-10,-225,-476
29214,mtk,MTK 7916,2779475822,rx1-tx1,512,0,0,0,0,0,0,0,0,0,0,0,0,0,0,0,0,0,0,0,0,0,0,0,0,0,0,0,0,0,0,0,0,0,0,0,0,0,0,0,0,0,0,0,0,0,0,0,0,0,0,0,0,0,0,0,0,0,0,0,0,0,0,0,0,0,0,0,0,0,0,0,0,0,0,0,0,0,0,0,0,0,0,0,0,0,0,0,0,0,0,0,0,0,0,0,0,0,0,0,0,0,0,0,0,0,0,0,0,0,0,0,0,0,0,0,0,0,0,0,0,0,0,0,0,0,0,0,0,0,0,0,0,0,0,0,0,0,0,0,0,0,0,0,0,0,0,0,0,0,0,0,0,0,0,0,0,0,0,0,0,0,0,0,0,0,0,0,0,0,0,0,0,0,0,0,0,0,0,0,0,0,0,0,0,0,0,0,0,0,0,0,0,0,0,0,0,0,0,0,0,0,0,0,0,0,0,0,0,0,0,0,0,0,0,0,0,0,0,0,0,0,0,0,0,0,0,0,0,0,0,0,0,0,0,0,0,0,0,0,0,0,0,0,0,0,0,0,0,0,0,0,0,0,0,0,0,-411,853,970,28,14,-2,-21,-43,-63,-72,-69,-55,-31,-2,28,55,68,65,51,26,-5,-34,-53,-61,-61,-43,-16,11,36,54,51,43,26,5,-16,-27,-29,-23,-12,-1,6,6,-1,-7,-17,-21,-16,-3,11,27,41,43,30,8,-16,-49,-75,-75,-54,-22,19,64,95,102,79,37,-13,-71,-115,-128,-103,-57,6,72,119,131,113,65,1,-62,-112,-137,-120,-68,-6,61,112,137,125,77,8,-56,-104,-134,-128,-81,-18,45,93,119,116,83,28,-32,-79,-101,-95,-74,-36,16,63,84,76,57,25,-12,-38,-44,-38,-23,-11,-1,5,1,-7,-14,-21,-17,0,27,53,69,69,46,2,-51,-98,-127,-127,-95,-33,48,126,175,187,156,80,-30,-135,-213,-245,-219,-139,-21,106,215,274,265,197,75,-70,-202,-285,-296,-233,-115,26,158,262,305,267,158,12,-138,-255,-312,-288,-193,-55,90,211,281,285,206,72,-71,-189,-266,-274,-215,-105,31,159,244,268,223,122,-8,-136,-235,-272,-249,-162,-37,96,200,255,251,191,80,-49,-159,-227,-247,-206,-113,0,107,185,218,200,138,47,-56,-143,-188,-187,-141,-71,13,89,141,159,139,86,17,-57,-115,-141,-134,-92,-29,42,103,144,153,130,80,15,-49,-105,-139,-154,-149,247,486,0,0,0,0,0,0,0,0,0,0,0,0,0,0,0,0,0,0,0,0,0,0,0,0,0,0,0,0,0,0,0,0,0,0,0,0,0,0,0,0,0,0,0,0,0,0,0,0,0,0,0,0,0,0,0,0,0,0,0,0,0,0,0,0,0,0,0,0,0,0,0,0,0,0,0,0,0,0,0,0,0,0,0,0,0,0,0,0,0,0,0,0,0,0,0,0,0,0,0,0,0,0,0,0,0,0,0,0,0,0,0,0,0,0,0,0,0,0,0,0,0,0,0,0,0,0,0,0,0,0,0,0,0,0,0,0,0,0,0,0,0,0,0,0,0,0,0,0,0,0,0,0,0,0,0,0,0,0,0,0,0,0,0,0,0,0,0,0,0,0,0,0,0,0,0,0,0,0,0,0,0,0,0,0,0,0,0,0,0,0,0,0,0,0,0,0,0,0,0,0,0,0,0,0,0,0,0,0,0,0,0,0,0,0,0,0,0,0,0,0,0,0,0,0,0,0,0,0,0,0,0,0,0,0,0,0,0,0,0,0,0,0,0,0,0,0,0,0,0,0,0,0,0,0,0,0,-92,550,324,32,52,61,61,54,37,10,-21,-47,-66,-74,-67,-46,-14,17,39,58,70,60,40,12,-20,-49,-59,-58,-45,-21,2,24,39,43,36,28,7,-10,-17,-15,-10,-5,-1,4,1,-11,-19,-24,-29,-25,-9,19,43,57,57,37,5,-32,-66,-85,-83,-62,-29,19,70,104,109,86,45,-13,-72,-111,-126,-109,-59,10,71,118,134,117,68,7,-61,-116,-135,-121,-76,-9,61,111,134,121,81,15,-55,-104,-126,-120,-83,-23,39,87,110,107,75,23,-35,-73,-89,-88,-65,-28,9,42,60,59,42,17,-6,-18,-23,-17,-3,7,6,1,-14,-33,0,-44,-25,7,44,79,101,96,64,11,-53,-115,-156,-162,-126,-52,42,131,197,221,189,105,-6,-120,-208,-255,-241,-167,-49,86,207,281,288,217,94,-53,-195,-293,-308,-249,-135,10,156,266,310,281,180,37,-114,-234,-292,-275,-197,-69,79,204,275,280,216,97,-44,-177,-257,-269,-217,-113,18,147,241,271,237,145,13,-120,-220,-267,-245,-165,-50,73,181,248,251,192,88,-32,-137,-211,-236,-205,-134,-34,75,159,199,195,145,62,-29,-110,-162,-171,-143,-82,-3,76,134,156,136,85,17,-55,-113,-144,-142,-107,-48,22,87,136,164,161,127,77,22,-40,972,876
29215,mtk,MTK 7916,2779475822,rx2-tx0,512,0,0,0,0,0,0,0,0,0,0,0,0,0,0,0,0,0,0,0,0,0,0,0,0,0,0,0,0,0,0,0,0,0,0,0,0,0,0,0,0,0,0,0,0,0,0,0,0,0,0,0,0,0,0,0,0,0,0,0,0,0,0,0,0,0,0,0,0,0,0,0,0,0,0,0,0,0,0,0,0,0,0,0,0,0,0,0,0,0,0,0,0,0,0,0,0,0,0,0,0,0,0,0,0,0,0,0,0,0,0,0,0,0,0,0,0,0,0,0,0,0,0,0,0,0,0,0,0,0,0,0,0,0,0,0,0,0,0,0,0,0,0,0,0,0,0,0,0,0,0,0,0,0,0,0,0,0,0,0,0,0,0,0,0,0,0,0,0,0,0,0,0,0,0,0,0,0,0,0,0,0,0,0,0,0,0,0,0,0,0,0,0,0,0,0,0,0,0,0,0,0,0,0,0,0,0,0,0,0,0,0,0,0,0,0,0,0,0,0,0,0,0,0,0,0,0,0,0,0,0,0,0,0,0,0,0,0,0,0,0,0,0,0,0,0,0,0,0,0,0,0,0,0,0,0,0,-136,-764,-527,0,-29,-54,-76,-92,-93,-80,-55,-22,17,53,78,91,85,64,33,-4,-48,-83,-97,-88,-66,-31,9,48,79,97,95,77,44,-1,-45,-83,-104,-110,-94,-56,-7,43,95,133,141,116,62,-4,-73,-131,-161,-157,-113,-38,48,126,180,194,157,79,-21,-123,-198,-227,-197,-117,-2,121,217,257,237,155,23,-125,-244,-304,-280,-184,-34,134,273,342,321,214,49,-136,-295,-379,-365,-259,-74,133,311,417,417,301,106,-121,-325,-445,-452,-342,-143,99,317,450,472,374,173,-75,-301,-452,-481,-381,-179,65,294,448,484,384,185,-66,-301,-460,-490,-385,-184,65,0,468,500,398,191,-69,-314,-479,-516,-418,-206,68,321,493,537,437,220,-51,-322,-513,-568,-472,-261,24,301,500,574,507,303,19,-271,-495,-591,-541,-356,-80,218,460,582,561,404,149,-139,-387,-541,-560,-441,-219,52,308,473,516,442,263,23,-215,-394,-473,-434,-290,-83,136,313,403,393,290,121,-73,-240,-338,-351,-286,-145,31,185,285,310,256,143,2,-135,-243,-284,-247,-153,-26,107,211,263,247,173,59,-65,-174,-242,-250,-197,-101,20,130,212,244,218,141,35,-76,-169,-227,-234,-189,-102,3,102,182,228,228,180,98,-2,-100,-175,-219,-228,-206,-156,-82,-1144,-1087,0,0,0,0,0,0,0,0,0,0,0,0,0,0,0,0,0,0,0,0,0,0,0,0,0,0,0,0,0,0,0,0,0,0,0,0,0,0,0,0,0,0,0,0,0,0,0,0,0,0,0,0,0,0,0,0,0,0,0,0,0,0,0,0,0,0,0,0,0,0,0,0,0,0,0,0,0,0,0,0,0,0,0,0,0,0,0,0,0,0,0,0,0,0,0,0,0,0,0,0,0,0,0,0,0,0,0,0,0,0,0,0,0,0,0,0,0,0,0,0,0,0,0,0,0,0,0,0,0,0,0,0,0,0,0,0,0,0,0,0,0,0,0,0,0,0,0,0,0,0,0,0,0,0,0,0,0,0,0,0,0,0,0,0,0,0,0,0,0,0,0,0,0,0,0,0,0,0,0,0,0,0,0,0,0,0,0,0,0,0,0,0,0,0,0,0,0,0,0,0,0,0,0,0,0,0,0,0,0,0,0,0,0,0,0,0,0,0,0,0,0,0,0,0,0,0,0,0,0,0,0,0,0,0,0,0,0,0,0,0,0,0,0,0,0,0,0,0,0,0,0,0,0,0,0,0,1335,833,1003,65,70,64,49,23,-12,-48,-75,-89,-89,-75,-50,-11,28,61,84,91,76,45,7,-32,-68,-92,-98,-85,-54,-14,25,67,99,111,100,72,30,-16,-64,-105,-123,-116,-86,-36,24,82,126,147,133,90,23,-55,-127,-169,-172,-132,-59,33,124,187,205,175,94,-14,-119,-202,-241,-220,-135,-9,123,227,277,258,167,26,-133,-258,-319,-301,-199,-37,139,285,362,346,233,58,-134,-303,-401,-391,-278,-90,125,316,432,436,325,124,-111,-319,-450,-465,-359,-160,83,305,449,478,384,182,-66,-296,-452,-482,-384,-191,59,300,451,477,382,182,-71,-305,-461,-500,0,-193,71,314,474,513,411,197,-69,-317,-485,-528,-430,-214,61,321,499,546,450,232,-48,-315,-506,-572,-488,-277,1,288,501,586,525,332,50,-245,-472,-585,-551,-387,-123,171,422,564,568,427,182,-101,-352,-516,-551,-448,-241,15,257,434,506,451,282,51,-175,-353,-442,-417,-292,-104,101,272,368,371,284,130,-48,-211,-308,-333,-274,-147,15,160,261,293,255,152,11,-122,-223,-271,-249,-160,-40,88,193,248,245,176,68,-53,-162,-233,-248,-206,-118,-3,113,200,244,232,170,72,-40,-140,-206,-232,-209,-144,-48,59,152,215,235,214,159,81,-6,-79,-133,-176,42,337
29216,mtk,MTK 7916,2779475822,rx2-tx1,512,0,0,0,0,0,0,0,0,0,0,0,0,0,0,0,0,0,0,0,0,0,0,0,0,0,0,0,0,0,0,0,0,0,0,0,0,0,0,0,0,0,0,0,0,0,0,0,0,0,0,0,0,0,0,0,0,0,0,0,0,0,0,0,0,0,0,0,0,0,0,0,0,0,0,0,0,0,0,0,0,0,0,0,0,0,0,0,0,0,0,0,0,0,0,0,0,0,0,0,0,0,0,0,0,0,0,0,0,0,0,0,0,0,0,0,0,0,0,0,0,0,0,0,0,0,0,0,0,0,0,0,0,0,0,0,0,0,0,0,0,0,0,0,0,0,0,0,0,0,0,0,0,0,0,0,0,0,0,0,0,0,0,0,0,0,0,0,0,0,0,0,0,0,0,0,0,0,0,0,0,0,0,0,0,0,0,0,0,0,0,0,0,0,0,0,0,0,0,0,0,0,0,0,0,0,0,0,0,0,0,0,0,0,0,0,0,0,0,0,0,0,0,0,0,0,0,0,0,0,0,0,0,0,0,0,0,0,0,0,0,0,0,0,0,0,0,0,0,0,0,0,0,0,0,0,0,236,-181,-410,15,-4,-26,-48,-64,-75,-71,-56,-36,-6,34,66,80,79,57,18,-21,-57,-82,-82,-57,-25,16,59,90,91,60,20,-20,-62,-98,-105,-78,-28,32,87,116,113,80,22,-52,-116,-145,-134,-84,-8,79,157,191,161,84,-11,-114,-202,-248,-215,-128,4,142,256,301,266,153,-4,-173,-308,-364,-334,-210,-19,182,342,427,393,258,46,-183,-369,-473,-461,-312,-77,177,388,513,500,358,123,-147,-390,-523,-518,-383,-154,124,376,534,546,420,184,-101,-360,-525,-553,-431,-205,67,324,493,533,426,211,-51,-289,-447,-490,-395,-197,46,267,416,446,349,156,-75,0,-408,-415,-309,-126,90,284,396,397,282,91,-126,-307,-405,-386,-265,-69,148,324,415,390,260,60,-159,-333,-415,-387,-257,-58,149,324,411,387,257,61,-148,-308,-385,-367,-255,-74,116,269,352,338,235,74,-89,-227,-306,-294,-202,-67,81,196,256,246,173,56,-70,-163,-199,-187,-129,-37,55,135,167,145,87,21,-58,-122,-141,-119,-67,2,63,100,111,93,42,-16,-60,-87,-96,-74,-33,15,55,75,77,55,14,-19,-43,-55,-52,-35,-7,24,45,50,41,19,-6,-26,-43,-51,-41,-15,14,37,47,48,36,7,-24,-46,-67,-78,-69,-43,-11,19,56,513,292,0,0,0,0,0,0,0,0,0,0,0,0,0,0,0,0,0,0,0,0,0,0,0,0,0,0,0,0,0,0,0,0,0,0,0,0,0,0,0,0,0,0,0,0,0,0,0,0,0,0,0,0,0,0,0,0,0,0,0,0,0,0,0,0,0,0,0,0,0,0,0,0,0,0,0,0,0,0,0,0,0,0,0,0,0,0,0,0,0,0,0,0,0,0,0,0,0,0,0,0,0,0,0,0,0,0,0,0,0,0,0,0,0,0,0,0,0,0,0,0,0,0,0,0,0,0,0,0,0,0,0,0,0,0,0,0,0,0,0,0,0,0,0,0,0,0,0,0,0,0,0,0,0,0,0,0,0,0,0,0,0,0,0,0,0,0,0,0,0,0,0,0,0,0,0,0,0,0,0,0,0,0,0,0,0,0,0,0,0,0,0,0,0,0,0,0,0,0,0,0,0,0,0,0,0,0,0,0,0,0,0,0,0,0,0,0,0,0,0,0,0,0,0,0,0,0,0,0,0,0,0,0,0,0,0,0,0,0,0,0,0,0,0,0,0,0,0,0,0,0,0,0,0,0,0,0,-351,-924,-845,56,63,65,55,32,3,-30,-57,-77,-81,-68,-49,-18,22,59,82,81,58,21,-22,-57,-76,-81,-66,-32,16,62,90,91,71,28,-28,-79,-104,-100,-68,-18,42,94,128,128,91,18,-62,-129,-166,-152,-84,2,95,175,205,184,110,-5,-137,-229,-260,-230,-145,4,170,289,335,297,172,-2,-180,-322,-396,-363,-228,-29,181,359,453,428,285,61,-183,-388,-494,-466,-322,-93,165,392,514,505,363,133,-139,-387,-530,-534,-399,-164,117,366,527,550,429,194,-86,-337,-511,-544,-429,-210,57,308,472,504,406,207,-47,-283,-434,-467,-379,-187,54,273,410,434,0,135,-84,-281,-400,-401,-288,-101,117,307,409,395,273,76,-147,-326,-416,-397,-271,-68,155,331,418,396,264,62,-159,-335,-418,-384,-252,-56,151,315,398,382,258,69,-129,-287,-372,-352,-240,-73,110,250,317,308,221,73,-84,-208,-278,-270,-188,-69,59,173,228,213,148,49,-58,-142,-184,-171,-114,-28,59,116,140,129,83,10,-60,-111,-124,-103,-59,5,69,104,106,85,40,-13,-56,-87,-92,-60,-21,22,55,69,62,42,11,-18,-45,-58,-46,-26,-6,25,50,50,38,15,-11,-35,-47,-49,-37,-12,24,45,54,55,45,19,-17,-51,-78,-86,-82,-65,-799,-888
29217,mtk,MTK 7916,2779506563,rx0-tx0,512,0,0,0,0,0,0,0,0,0,0,0,0,0,0,0,0,0,0,0,0,0,0,0,0,0,0,0,0,0,0,0,0,0,0,0,0,0,0,0,0,0,0,0,0,0,0,0,0,0,0,0,0,0,0,0,0,0,0,0,0,0,0,0,0,0,0,0,0,0,0,0,0,0,0,0,0,0,0,0,0,0,0,0,0,0,0,0,0,0,0,0,0,0,0,0,0,0,0,0,0,0,0,0,0,0,0,0,0,0,0,0,0,0,0,0,0,0,0,0,0,0,0,0,0,0,0,0,0,0,0,0,0,0,0,0,0,0,0,0,0,0,0,0,0,0,0,0,0,0,0,0,0,0,0,0,0,0,0,0,0,0,0,0,0,0,0,0,0,0,0,0,0,0,0,0,0,0,0,0,0,0,0,0,0,0,0,0,0,0,0,0,0,0,0,0,0,0,0,0,0,0,0,0,0,0,0,0,0,0,0,0,0,0,0,0,0,0,0,0,0,0,0,0,0,0,0,0,0,0,0,0,0,0,0,0,0,0,0,0,0,0,0,0,0,0,0,0,0,0,0,0,0,0,0,0,0,-273,851,859,134,252,334,342,279,164,19,-129,-255,-358,-421,-432,-403,-334,-223,-90,53,201,334,441,516,550,527,457,344,189,17,-167,-343,-492,-595,-659,-670,-618,-508,-355,-177,19,218,395,546,648,701,710,667,574,432,268,84,-112,-299,-470,-610,-705,-756,-757,-707,-606,-468,-289,-87,131,339,528,685,799,848,842,793,672,496,284,54,-185,-417,-614,-774,-881,-926,-911,-826,-682,-482,-247,0,251,475,678,824,901,927,882,780,613,414,191,-44,-263,-469,-638,-757,-816,-830,-786,-699,-567,-397,-208,-10,182,360,510,629,706,742,736,693,600,474,320,149,-32,-216,-388,-539,-1687,-736,-766,-760,-700,-597,-457,-283,-91,104,302,478,632,747,819,839,805,730,600,434,234,20,-202,-415,-616,-789,-914,-989,-998,-939,-817,-631,-402,-134,167,452,723,954,1121,1215,1226,1146,974,731,417,79,-276,-630,-940,-1180,-1342,-1399,-1359,-1209,-970,-658,-289,106,502,857,1150,1349,1453,1453,1338,1119,815,451,56,-347,-717,-1032,-1272,-1410,-1448,-1366,-1177,-906,-569,-185,218,598,923,1181,1349,1407,1352,1184,918,579,197,-209,-590,-910,-1150,-1298,-1325,-1237,-1041,-756,-415,-50,315,645,909,1083,1152,1131,1006,795,516,200,-132,-452,-739,-953,-1079,-1098,-986,-757,-415,0,427,784,980,974,524,676,0,0,0,0,0,0,0,0,0,0,0,0,0,0,0,0,0,0,0,0,0,0,0,0,0,0,0,0,0,0,0,0,0,0,0,0,0,0,0,0,0,0,0,0,0,0,0,0,0,0,0,0,0,0,0,0,0,0,0,0,0,0,0,0,0,0,0,0,0,0,0,0,0,0,0,0,0,0,0,0,0,0,0,0,0,0,0,0,0,0,0,0,0,0,0,0,0,0,0,0,0,0,0,0,0,0,0,0,0,0,0,0,0,0,0,0,0,0,0,0,0,0,0,0,0,0,0,0,0,0,0,0,0,0,0,0,0,0,0,0,0,0,0,0,0,0,0,0,0,0,0,0,0,0,0,0,0,0,0,0,0,0,0,0,0,0,0,0,0,0,0,0,0,0,0,0,0,0,0,0,0,0,0,0,0,0,0,0,0,0,0,0,0,0,0,0,0,0,0,0,0,0,0,0,0,0,0,0,0,0,0,0,0,0,0,0,0,0,0,0,0,0,0,0,0,0,0,0,0,0,0,0,0,0,0,0,0,0,0,0,0,0,0,0,0,0,0,0,0,0,0,0,0,0,0,0,-1322,123,-99,237,172,43,-112,-252,-354,-402,-385,-318,-220,-89,48,182,306,406,459,481,456,382,273,131,-29,-194,-345,-476,-568,-612,-607,-544,-423,-266,-89,106,297,467,592,673,698,666,586,459,289,108,-87,-273,-441,-576,-666,-723,-728,-679,-583,-445,-270,-82,120,318,496,643,745,803,805,750,642,491,294,69,-147,-369,-578,-738,-848,-895,-886,-810,-676,-501,-277,-38,208,439,647,811,911,939,899,803,654,450,223,-24,-267,-491,-677,-806,-884,-887,-839,-735,-581,-392,-185,26,234,419,577,696,763,783,754,679,566,424,256,75,-104,-280,-441,-572,-673,-728,-746,-719,-650,-540,-175,-218,-34,154,344,507,643,741,790,796,753,660,527,354,163,-48,-251,-446,-624,-761,-852,-898,-890,-824,-707,-532,-322,-88,164,417,654,857,1006,1099,1114,1047,916,704,432,119,-210,-538,-829,-1079,-1243,-1320,-1312,-1203,-996,-715,-373,1,385,746,1049,1280,1416,1450,1373,1189,911,564,182,-224,-617,-961,-1226,-1397,-1469,-1428,-1271,-1025,-699,-326,76,473,828,1110,1311,1417,1409,1289,1068,766,400,5,-389,-752,-1050,-1256,-1371,-1366,-1239,-1010,-700,-330,63,438,774,1036,1197,1249,1191,1029,784,474,136,-205,-527,-791,-977,-1079,-1087,-997,-807,-531,-204,160,516,827,1048,1130,1038,761,351,-42,685,529
29218,mtk,MTK 7916,2779506563,rx0-tx1,512,0,0,0,0,0,0,0,0,0,0,0,0,0,0,0,0,0,0,0,0,0,0,0,0,0,0,0,0,0,0,0,0,0,0,0,0,0,0,0,0,0,0,0,0,0,0,0,0,0,0,0,0,0,0,0,0,0,0,0,0,0,0,0,0,0,0,0,0,0,0,0,0,0,0,0,0,0,0,0,0,0,0,0,0,0,0,0,0,0,0,0,0,0,0,0,0,0,0,0,0,0,0,0,0,0,0,0,0,0,0,0,0,0,0,0,0,0,0,0,0,0,0,0,0,0,0,0,0,0,0,0,0,0,0,0,0,0,0,0,0,0,0,0,0,0,0,0,0,0,0,0,0,0,0,0,0,0,0,0,0,0,0,0,0,0,0,0,0,0,0,0,0,0,0,0,0,0,0,0,0,0,0,0,0,0,0,0,0,0,0,0,0,0,0,0,0,0,0,0,0,0,0,0,0,0,0,0,0,0,0,0,0,0,0,0,0,0,0,0,0,0,0,0,0,0,0,0,0,0,0,0,0,0,0,0,0,0,0,0,0,0,0,0,0,0,0,0,0,0,0,0,0,0,0,0,0,-730,24,62,-255,-295,-260,-153,-4,152,284,378,420,412,356,253,128,-18,-170,-309,-427,-512,-548,-536,-467,-357,-201,-22,170,358,517,641,712,722,668,562,400,200,-28,-261,-478,-659,-796,-870,-876,-814,-688,-497,-274,-16,253,495,718,894,998,1029,981,850,673,438,160,-139,-428,-685,-906,-1060,-1135,-1131,-1052,-890,-663,-388,-85,237,542,821,1033,1178,1247,1225,1126,937,685,383,49,-305,-643,-929,-1154,-1307,-1367,-1334,-1198,-982,-695,-340,34,416,759,1059,1280,1412,1450,1376,1206,962,634,263,-129,-514,-861,-1148,-1352,-1462,-1468,-1364,-1167,-893,-552,-179,205,582,903,1167,1352,1443,1430,1321,1125,-546,511,142,-230,-582,-898,-1160,-1334,-1416,-1410,-1309,-1112,-849,-529,-171,209,571,898,1159,1343,1438,1436,1342,1148,877,531,156,-232,-599,-934,-1200,-1387,-1470,-1454,-1329,-1112,-830,-477,-102,285,645,966,1208,1372,1435,1390,1255,1030,734,396,30,-330,-663,-950,-1164,-1295,-1337,-1290,-1151,-936,-662,-340,-4,331,644,913,1111,1231,1270,1221,1082,865,586,262,-79,-409,-717,-972,-1150,-1245,-1250,-1153,-963,-705,-389,-42,304,624,890,1083,1203,1208,1113,925,656,341,-2,-340,-641,-872,-1027,-1090,-1051,-922,-717,-457,-167,131,407,638,811,910,927,860,718,498,228,-74,-373,-642,-846,-939,-880,-673,-349,-24,-63,-36,0,0,0,0,0,0,0,0,0,0,0,0,0,0,0,0,0,0,0,0,0,0,0,0,0,0,0,0,0,0,0,0,0,0,0,0,0,0,0,0,0,0,0,0,0,0,0,0,0,0,0,0,0,0,0,0,0,0,0,0,0,0,0,0,0,0,0,0,0,0,0,0,0,0,0,0,0,0,0,0,0,0,0,0,0,0,0,0,0,0,0,0,0,0,0,0,0,0,0,0,0,0,0,0,0,0,0,0,0,0,0,0,0,0,0,0,0,0,0,0,0,0,0,0,0,0,0,0,0,0,0,0,0,0,0,0,0,0,0,0,0,0,0,0,0,0,0,0,0,0,0,0,0,0,0,0,0,0,0,0,0,0,0,0,0,0,0,0,0,0,0,0,0,0,0,0,0,0,0,0,0,0,0,0,0,0,0,0,0,0,0,0,0,0,0,0,0,0,0,0,0,0,0,0,0,0,0,0,0,0,0,0,0,0,0,0,0,0,0,0,0,0,0,0,0,0,0,0,0,0,0,0,0,0,0,0,0,0,0,0,0,0,0,0,0,0,0,0,0,0,0,0,0,0,0,0,-128,155,151,-64,65,214,330,381,362,284,160,17,-130,-267,-376,-448,-475,-458,-394,-291,-152,12,182,340,478,583,632,629,561,446,286,93,-120,-324,-512,-665,-765,-807,-778,-684,-535,-333,-101,149,389,608,782,899,960,931,837,686,472,214,-67,-353,-609,-814,-980,-1072,-1088,-1021,-880,-673,-407,-108,193,494,756,970,1114,1191,1184,1088,912,664,372,50,-279,-589,-866,-1087,-1240,-1311,-1289,-1162,-960,-693,-367,-10,354,701,989,1226,1366,1412,1361,1215,983,665,309,-77,-462,-811,-1108,-1331,-1451,-1468,-1383,-1198,-925,-592,-219,175,557,895,1171,1360,1451,1455,1343,1138,864,526,156,-224,-588,-909,1197,-1343,-1423,-1409,-1299,-1110,-838,-509,-153,214,576,891,1145,1328,1427,1423,1323,1131,859,535,171,-205,-574,-903,-1178,-1370,-1466,-1456,-1347,-1142,-859,-515,-131,255,631,947,1210,1385,1457,1429,1302,1082,786,444,61,-312,-665,-971,-1201,-1342,-1393,-1340,-1198,-975,-686,-362,-13,337,660,924,1129,1251,1292,1241,1110,900,628,317,-17,-353,-659,-920,-1119,-1239,-1264,-1197,-1042,-806,-509,-181,167,505,798,1029,1185,1242,1201,1063,843,556,221,-136,-464,-760,-982,-1125,-1168,-1104,-942,-703,-416,-96,222,513,750,912,989,980,885,717,491,224,-61,-330,-578,-771,-890,-923,-850,-678,-408,-63,294,598,781,803,135,144
29219,mtk,MTK 7916,2779506563,rx1-tx0,512,0,0,0,0,0,0,0,0,0,0,0,0,0,0,0,0,0,0,0,0,0,0,0,0,0,0,0,0,0,0,0,0,0,0,0,0,0,0,0,0,0,0,0,0,0,0,0,0,0,0,0,0,0,0,0,0,0,0,0,0,0,0,0,0,0,0,0,0,0,0,0,0,0,0,0,0,0,0,0,0,0,0,0,0,0,0,0,0,0,0,0,0,0,0,0,0,0,0,0,0,0,0,0,0,0,0,0,0,0,0,0,0,0,0,0,0,0,0,0,0,0,0,0,0,0,0,0,0,0,0,0,0,0,0,0,0,0,0,0,0,0,0,0,0,0,0,0,0,0,0,0,0,0,0,0,0,0,0,0,0,0,0,0,0,0,0,0,0,0,0,0,0,0,0,0,0,0,0,0,0,0,0,0,0,0,0,0,0,0,0,0,0,0,0,0,0,0,0,0,0,0,0,0,0,0,0,0,0,0,0,0,0,0,0,0,0,0,0,0,0,0,0,0,0,0,0,0,0,0,0,0,0,0,0,0,0,0,0,0,0,0,0,0,0,0,0,0,0,0,0,0,0,0,0,0,0,146,608,371,62,-8,-98,-174,-212,-210,-169,-96,-8,79,149,205,230,237,219,165,96,12,-70,-145,-205,-243,-256,-246,-202,-142,-77,-2,79,149,202,229,241,231,199,155,98,23,-35,-95,-141,-177,-186,-186,-175,-138,-102,-69,-25,10,42,76,92,93,95,105,98,85,66,59,50,34,23,15,2,-5,-26,-41,-51,-74,-107,-135,-155,-165,-167,-150,-123,-78,-12,59,136,211,270,324,339,319,276,210,113,-4,-127,-242,-345,-415,-455,-454,-400,-321,-210,-80,51,185,304,407,470,489,469,414,326,206,65,-77,-206,-316,-404,-462,-485,-461,-405,-321,-215,-90,40,164,287,-144,443,468,456,420,349,242,120,-7,-133,-259,-356,-410,-450,-452,-416,-346,-245,-140,-18,113,226,317,383,411,413,383,315,239,137,30,-74,-183,-262,-318,-355,-361,-341,-293,-227,-146,-54,31,109,189,243,271,298,286,261,218,158,95,23,-54,-118,-170,-216,-242,-242,-238,-203,-164,-123,-64,-2,62,107,151,187,207,207,200,175,139,98,51,-2,-51,-101,-143,-181,-201,-204,-199,-175,-137,-91,-29,45,115,175,225,238,231,218,178,116,43,-34,-108,-171,-223,-243,-241,-222,-178,-107,-34,46,120,176,213,232,216,183,133,58,-28,-106,-176,-213,-213,-175,-102,-25,1048,955,0,0,0,0,0,0,0,0,0,0,0,0,0,0,0,0,0,0,0,0,0,0,0,0,0,0,0,0,0,0,0,0,0,0,0,0,0,0,0,0,0,0,0,0,0,0,0,0,0,0,0,0,0,0,0,0,0,0,0,0,0,0,0,0,0,0,0,0,0,0,0,0,0,0,0,0,0,0,0,0,0,0,0,0,0,0,0,0,0,0,0,0,0,0,0,0,0,0,0,0,0,0,0,0,0,0,0,0,0,0,0,0,0,0,0,0,0,0,0,0,0,0,0,0,0,0,0,0,0,0,0,0,0,0,0,0,0,0,0,0,0,0,0,0,0,0,0,0,0,0,0,0,0,0,0,0,0,0,0,0,0,0,0,0,0,0,0,0,0,0,0,0,0,0,0,0,0,0,0,0,0,0,0,0,0,0,0,0,0,0,0,0,0,0,0,0,0,0,0,0,0,0,0,0,0,0,0,0,0,0,0,0,0,0,0,0,0,0,0,0,0,0,0,0,0,0,0,0,0,0,0,0,0,0,0,0,0,0,0,0,0,0,0,0,0,0,0,0,0,0,0,0,0,0,0,0,206,-870,-990,-132,-174,-166,-111,-26,67,151,209,231,219,182,119,40,-39,-121,-188,-233,-253,-243,-209,-149,-77,4,83,156,202,235,255,242,202,143,78,10,-57,-116,-165,-208,-224,-211,-188,-147,-93,-43,3,57,99,126,143,150,141,134,112,78,46,30,3,-24,-45,-56,-58,-64,-67,-57,-65,-67,-78,-90,-78,-81,-85,-78,-52,-11,30,79,121,169,215,248,263,255,215,153,68,-40,-141,-229,-313,-376,-405,-396,-353,-274,-163,-45,97,229,342,428,473,480,452,382,278,145,8,-128,-259,-371,-449,-491,-488,-446,-371,-265,-141,-4,129,245,345,422,468,468,441,382,147,162,34,-91,-211,-321,-408,-449,-460,-448,-395,-301,-193,-70,64,187,296,369,420,445,427,373,295,187,74,-41,-149,-241,-314,-376,-394,-384,-339,-265,-186,-94,3,100,184,253,305,322,312,293,250,180,114,37,-48,-115,-177,-222,-251,-267,-260,-229,-188,-134,-66,-5,60,121,160,196,223,226,209,181,147,108,55,2,-50,-108,-147,-176,-198,-202,-195,-174,-143,-100,-44,9,63,124,169,205,230,226,201,164,106,31,-34,-102,-168,-217,-243,-249,-228,-187,-118,-38,35,105,173,215,235,233,199,149,86,12,-66,-134,-192,-228,-224,-194,-137,-57,29,108,165,176,-225,-476
29220,mtk,MTK 7916,2779506563,rx1-tx1,512,0,0,0,0,0,0,0,0,0,0,0,0,0,0,0,0,0,0,0,0,0,0,0,0,0,0,0,0,0,0,0,0,0,0,0,0,0,0,0,0,0,0,0,0,0,0,0,0,0,0,0,0,0,0,0,0,0,0,0,0,0,0,0,0,0,0,0,0,0,0,0,0,0,0,0,0,0,0,0,0,0,0,0,0,0,0,0,0,0,0,0,0,0,0,0,0,0,0,0,0,0,0,0,0,0,0,0,0,0,0,0,0,0,0,0,0,0,0,0,0,0,0,0,0,0,0,0,0,0,0,0,0,0,0,0,0,0,0,0,0,0,0,0,0,0,0,0,0,0,0,0,0,0,0,0,0,0,0,0,0,0,0,0,0,0,0,0,0,0,0,0,0,0,0,0,0,0,0,0,0,0,0,0,0,0,0,0,0,0,0,0,0,0,0,0,0,0,0,0,0,0,0,0,0,0,0,0,0,0,0,0,0,0,0,0,0,0,0,0,0,0,0,0,0,0,0,0,0,0,0,0,0,0,0,0,0,0,0,0,0,0,0,0,0,0,0,0,0,0,0,0,0,0,0,0,0,-411,853,970,43,57,71,75,70,55,30,0,-30,-56,-75,-81,-71,-46,-13,20,51,75,83,73,49,17,-21,-54,-72,-75,-69,-48,-18,12,42,66,66,50,26,0,-19,-33,-42,-34,-17,-2,9,23,27,17,0,-17,-23,-22,-19,-4,21,35,41,34,19,-8,-34,-58,-64,-59,-41,-7,37,68,79,78,59,22,-20,-61,-88,-96,-81,-45,3,54,93,107,97,65,18,-33,-77,-100,-102,-78,-36,14,57,92,101,85,52,4,-41,-73,-90,-88,-64,-21,22,56,75,78,64,37,5,-29,-53,-60,-54,-37,-15,-1,11,18,19,15,11,11,16,24,30,0,22,-1,-34,-59,-74,-84,-77,-47,2,53,106,146,151,122,61,-20,-99,-167,-204,-195,-143,-57,47,145,221,257,234,150,32,-91,-208,-283,-293,-232,-126,11,145,248,303,290,208,85,-57,-198,-290,-315,-272,-171,-26,117,232,294,296,223,100,-47,-183,-271,-299,-260,-162,-26,114,229,288,285,219,95,-45,-168,-259,-291,-254,-162,-37,101,217,284,290,230,125,-8,-142,-239,-279,-263,-195,-85,42,160,235,254,225,150,46,-62,-153,-209,-223,-184,-108,-18,72,144,177,173,133,65,-18,-92,-150,-175,-160,-111,-42,34,106,161,186,180,143,84,23,-30,-89,247,486,0,0,0,0,0,0,0,0,0,0,0,0,0,0,0,0,0,0,0,0,0,0,0,0,0,0,0,0,0,0,0,0,0,0,0,0,0,0,0,0,0,0,0,0,0,0,0,0,0,0,0,0,0,0,0,0,0,0,0,0,0,0,0,0,0,0,0,0,0,0,0,0,0,0,0,0,0,0,0,0,0,0,0,0,0,0,0,0,0,0,0,0,0,0,0,0,0,0,0,0,0,0,0,0,0,0,0,0,0,0,0,0,0,0,0,0,0,0,0,0,0,0,0,0,0,0,0,0,0,0,0,0,0,0,0,0,0,0,0,0,0,0,0,0,0,0,0,0,0,0,0,0,0,0,0,0,0,0,0,0,0,0,0,0,0,0,0,0,0,0,0,0,0,0,0,0,0,0,0,0,0,0,0,0,0,0,0,0,0,0,0,0,0,0,0,0,0,0,0,0,0,0,0,0,0,0,0,0,0,0,0,0,0,0,0,0,0,0,0,0,0,0,0,0,0,0,0,0,0,0,0,0,0,0,0,0,0,0,0,0,0,0,0,0,0,0,0,0,0,0,0,0,0,0,0,0,-92,550,324,-35,-25,-6,16,37,55,73,79,70,50,27,-5,-42,-69,-81,-77,-63,-40,0,42,68,81,81,63,34,-1,-34,-60,-70,-67,-53,-23,8,32,49,57,47,24,1,-14,-22,-27,-25,-12,7,17,22,16,-2,-15,-23,-31,-29,-19,3,23,40,48,39,18,-4,-37,-65,-77,-67,-38,-3,35,66,89,95,71,27,-18,-57,-92,-108,-90,-52,0,47,85,100,97,69,24,-29,-76,-104,-105,-86,-48,4,54,91,103,90,57,10,-35,-70,-87,-82,-62,-33,7,46,65,67,58,39,9,-16,-33,-44,-42,-30,-18,-10,-6,-5,-2,2,6,14,0,40,55,60,50,17,-23,-58,-91,-115,-113,-86,-30,41,108,163,182,161,103,18,-79,-167,-225,-231,-184,-100,12,132,224,268,262,198,84,-52,-175,-264,-300,-268,-176,-42,99,226,304,312,250,135,-11,-154,-267,-317,-291,-203,-70,74,201,284,296,240,137,-2,-143,-245,-295,-273,-184,-57,78,198,277,290,238,125,-15,-147,-242,-295,-277,-195,-71,62,181,266,289,252,157,32,-98,-200,-263,-269,-216,-122,0,115,198,241,238,179,83,-20,-112,-179,-206,-187,-130,-44,45,121,169,177,147,87,10,-69,-131,-168,-175,-145,-87,-16,61,127,163,179,175,147,972,876
29221,mtk,MTK 7916,2779506563,rx2-tx0,512,0,0,0,0,0,0,0,0,0,0,0,0,0,0,0,0,0,0,0,0,0,0,0,0,0,0,0,0,0,0,0,0,0,0,0,0,0,0,0,0,0,0,0,0,0,0,0,0,0,0,0,0,0,0,0,0,0,0,0,0,0,0,0,0,0,0,0,0,0,0,0,0,0,0,0,0,0,0,0,0,0,0,0,0,0,0,0,0,0,0,0,0,0,0,0,0,0,0,0,0,0,0,0,0,0,0,0,0,0,0,0,0,0,0,0,0,0,0,0,0,0,0,0,0,0,0,0,0,0,0,0,0,0,0,0,0,0,0,0,0,0,0,0,0,0,0,0,0,0,0,0,0,0,0,0,0,0,0,0,0,0,0,0,0,0,0,0,0,0,0,0,0,0,0,0,0,0,0,0,0,0,0,0,0,0,0,0,0,0,0,0,0,0,0,0,0,0,0,0,0,0,0,0,0,0,0,0,0,0,0,0,0,0,0,0,0,0,0,0,0,0,0,0,0,0,0,0,0,0,0,0,0,0,0,0,0,0,0,0,0,0,0,0,0,0,0,0,0,0,0,0,0,0,0,0,0,-136,-764,-527,66,64,55,39,14,-15,-47,-75,-89,-87,-75,-51,-18,20,53,76,87,83,66,35,-3,-39,-67,-87,-91,-80,-54,-23,17,56,84,101,105,85,51,8,-37,-82,-113,-124,-113,-83,-36,26,87,136,161,153,106,37,-42,-119,-172,-188,-167,-104,-15,78,164,219,225,175,80,-40,-154,-236,-268,-237,-145,-18,116,231,297,292,214,81,-78,-222,-321,-344,-284,-150,25,199,333,391,358,237,55,-146,-316,-418,-421,-317,-139,74,270,414,462,401,232,5,-217,-386,-469,-443,-309,-100,136,336,458,473,366,170,-68,-291,-447,-490,-414,-237,2,237,415,492,446,0,70,-180,-386,-503,-500,-376,-158,106,345,503,538,444,242,-20,-282,-478,-561,-513,-343,-85,193,428,563,565,438,208,-76,-341,-527,-596,-526,-331,-66,212,447,584,588,457,219,-59,-323,-512,-582,-521,-347,-102,158,386,523,532,426,236,-1,-235,-408,-484,-450,-316,-121,92,279,394,414,346,210,28,-152,-294,-361,-342,-249,-104,62,203,294,312,258,154,20,-119,-227,-275,-263,-193,-76,57,169,242,257,217,127,12,-103,-195,-249,-253,-200,-102,14,125,210,249,237,176,76,-33,-133,-207,-240,-227,-171,-84,18,117,192,234,236,198,133,47,-43,-122,-175,-199,-201,-1144,-1087,0,0,0,0,0,0,0,0,0,0,0,0,0,0,0,0,0,0,0,0,0,0,0,0,0,0,0,0,0,0,0,0,0,0,0,0,0,0,0,0,0,0,0,0,0,0,0,0,0,0,0,0,0,0,0,0,0,0,0,0,0,0,0,0,0,0,0,0,0,0,0,0,0,0,0,0,0,0,0,0,0,0,0,0,0,0,0,0,0,0,0,0,0,0,0,0,0,0,0,0,0,0,0,0,0,0,0,0,0,0,0,0,0,0,0,0,0,0,0,0,0,0,0,0,0,0,0,0,0,0,0,0,0,0,0,0,0,0,0,0,0,0,0,0,0,0,0,0,0,0,0,0,0,0,0,0,0,0,0,0,0,0,0,0,0,0,0,0,0,0,0,0,0,0,0,0,0,0,0,0,0,0,0,0,0,0,0,0,0,0,0,0,0,0,0,0,0,0,0,0,0,0,0,0,0,0,0,0,0,0,0,0,0,0,0,0,0,0,0,0,0,0,0,0,0,0,0,0,0,0,0,0,0,0,0,0,0,0,0,0,0,0,0,0,0,0,0,0,0,0,0,0,0,0,0,0,1335,833,1003,11,34,57,75,86,87,75,53,24,-12,-47,-75,-90,-86,-70,-42,-6,35,66,86,90,83,60,28,-9,-45,-80,-99,-99,-84,-58,-17,25,66,97,113,108,86,49,-5,-57,-103,-135,-140,-117,-71,-2,67,127,169,176,136,75,-11,-103,-176,-208,-195,-139,-48,58,159,226,243,203,109,-16,-137,-236,-283,-265,-182,-47,103,231,309,317,252,118,-54,-218,-334,-374,-322,-189,-4,183,333,412,388,276,94,-121,-305,-422,-447,-360,-187,33,253,409,474,428,277,55,-172,-364,-471,-460,-340,-140,101,315,449,477,388,201,-36,-266,-435,-497,-441,-273,-39,205,0,503,477,334,109,-143,-364,-505,-520,-406,-196,64,315,490,550,478,290,31,-240,-457,-563,-539,-389,-143,139,390,556,590,483,271,0,-283,-500,-598,-556,-389,-137,144,393,554,587,491,286,20,-247,-454,-560,-535,-399,-181,77,312,463,508,444,285,63,-162,-343,-445,-440,-339,-170,31,219,346,396,357,238,69,-101,-247,-327,-329,-256,-130,20,157,258,296,266,174,48,-89,-198,-259,-260,-205,-100,27,142,220,253,233,161,57,-59,-164,-234,-254,-222,-141,-31,82,174,231,244,206,129,30,-76,-170,-226,-238,-206,-141,-53,45,136,204,240,239,201,143,78,2,42,337
29222,mtk,MTK 7916,2779506563,rx2-tx1,512,0,0,0,0,0,0,0,0,0,0,0,0,0,0,0,0,0,0,0,0,0,0,0,0,0,0,0,0,0,0,0,0,0,0,0,0,0,0,0,0,0,0,0,0,0,0,0,0,0,0,0,0,0,0,0,0,0,0,0,0,0,0,0,0,0,0,0,0,0,0,0,0,0,0,0,0,0,0,0,0,0,0,0,0,0,0,0,0,0,0,0,0,0,0,0,0,0,0,0,0,0,0,0,0,0,0,0,0,0,0,0,0,0,0,0,0,0,0,0,0,0,0,0,0,0,0,0,0,0,0,0,0,0,0,0,0,0,0,0,0,0,0,0,0,0,0,0,0,0,0,0,0,0,0,0,0,0,0,0,0,0,0,0,0,0,0,0,0,0,0,0,0,0,0,0,0,0,0,0,0,0,0,0,0,0,0,0,0,0,0,0,0,0,0,0,0,0,0,0,0,0,0,0,0,0,0,0,0,0,0,0,0,0,0,0,0,0,0,0,0,0,0,0,0,0,0,0,0,0,0,0,0,0,0,0,0,0,0,0,0,0,0,0,0,0,0,0,0,0,0,0,0,0,0,0,0,236,-181,-410,67,65,64,53,30,0,-34,-64,-83,-90,-79,-51,-16,18,54,83,94,85,55,1,-52,-89,-106,-105,-73,-25,32,83,117,122,99,52,-14,-81,-127,-138,-120,-75,-1,76,130,163,158,107,19,-78,-156,-196,-193,-133,-40,68,170,237,240,181,69,-65,-184,-264,-289,-246,-133,24,179,291,345,323,209,33,-155,-315,-410,-400,-294,-115,99,292,426,459,381,206,-24,-251,-417,-502,-463,-302,-70,174,383,499,501,386,174,-82,-318,-487,-536,-455,-269,-19,234,437,527,482,331,109,-145,-359,-487,-496,-377,-173,59,274,432,470,387,217,-7,-222,-372,-434,-384,0,-26,181,335,402,365,237,44,-161,-322,-401,-383,-262,-75,124,295,395,392,295,122,-83,-266,-382,-410,-329,-166,30,220,361,413,362,225,35,-159,-307,-381,-367,-264,-95,89,242,331,342,272,136,-23,-171,-269,-299,-258,-159,-28,105,206,244,221,148,44,-63,-146,-188,-186,-135,-50,37,111,151,154,114,43,-36,-97,-127,-129,-98,-42,23,82,118,118,86,40,-9,-66,-102,-106,-89,-52,1,47,83,94,78,46,11,-33,-65,-80,-69,-46,-18,16,49,57,45,36,19,-5,-31,-39,-36,-27,-11,15,36,43,42,26,2,-21,-38,-54,-62,-57,-43,-19,513,292,0,0,0,0,0,0,0,0,0,0,0,0,0,0,0,0,0,0,0,0,0,0,0,0,0,0,0,0,0,0,0,0,0,0,0,0,0,0,0,0,0,0,0,0,0,0,0,0,0,0,0,0,0,0,0,0,0,0,0,0,0,0,0,0,0,0,0,0,0,0,0,0,0,0,0,0,0,0,0,0,0,0,0,0,0,0,0,0,0,0,0,0,0,0,0,0,0,0,0,0,0,0,0,0,0,0,0,0,0,0,0,0,0,0,0,0,0,0,0,0,0,0,0,0,0,0,0,0,0,0,0,0,0,0,0,0,0,0,0,0,0,0,0,0,0,0,0,0,0,0,0,0,0,0,0,0,0,0,0,0,0,0,0,0,0,0,0,0,0,0,0,0,0,0,0,0,0,0,0,0,0,0,0,0,0,0,0,0,0,0,0,0,0,0,0,0,0,0,0,0,0,0,0,0,0,0,0,0,0,0,0,0,0,0,0,0,0,0,0,0,0,0,0,0,0,0,0,0,0,0,0,0,0,0,0,0,0,0,0,0,0,0,0,0,0,0,0,0,0,0,0,0,0,0,0,0,-351,-924,-845,-8,16,41,64,79,86,80,59,27,-7,-41,-75,-97,-90,-67,-35,3,48,84,101,94,66,15,-41,-85,-109,-110,-88,-39,22,83,123,139,118,68,-6,-73,-129,-160,-146,-92,-17,68,143,181,172,115,24,-74,-165,-223,-218,-157,-62,66,187,254,264,209,101,-42,-184,-282,-316,-278,-166,-6,171,313,385,363,250,68,-129,-300,-413,-431,-337,-156,61,272,432,492,423,253,30,-212,-409,-507,-485,-347,-128,126,357,500,519,420,219,-34,-282,-464,-538,-478,-305,-65,185,391,503,493,360,144,-98,-313,-448,-472,-382,-196,36,246,394,443,381,220,7,-206,0,-423,-373,-235,-40,168,330,406,370,240,55,-142,-307,-389,-381,-278,-104,100,283,389,394,305,146,-55,-249,-370,-401,-344,-197,-2,188,336,402,366,246,71,-119,-272,-356,-356,-270,-126,50,212,312,325,263,145,8,-134,-233,-273,-247,-161,-40,81,168,214,208,147,50,-49,-124,-167,-167,-122,-53,24,93,135,137,101,41,-30,-86,-120,-121,-94,-39,23,73,99,111,97,49,-10,-57,-89,-96,-81,-53,-9,34,63,80,70,42,12,-22,-52,-63,-58,-41,-17,10,35,46,46,33,12,-16,-38,-44,-36,-24,-1,26,43,50,47,35,18,-10,-38,-54,-61,-799,-888
29223,mtk,MTK 7916,2779536917,rx0-tx0,512,0,0,0,0,0,0,0,0,0,0,0,0,0,0,0,0,0,0,0,0,0,0,0,0,0,0,0,0,0,0,0,0,0,0,0,0,0,0,0,0,0,0,0,0,0,0,0,0,0,0,0,0,0,0,0,0,0,0,0,0,0,0,0,0,0,0,0,0,0,0,0,0,0,0,0,0,0,0,0,0,0,0,0,0,0,0,0,0,0,0,0,0,0,0,0,0,0,0,0,0,0,0,0,0,0,0,0,0,0,0,0,0,0,0,0,0,0,0,0,0,0,0,0,0,0,0,0,0,0,0,0,0,0,0,0,0,0,0,0,0,0,0,0,0,0,0,0,0,0,0,0,0,0,0,0,0,0,0,0,0,0,0,0,0,0,0,0,0,0,0,0,0,0,0,0,0,0,0,0,0,0,0,0,0,0,0,0,0,0,0,0,0,0,0,0,0,0,0,0,0,0,0,0,0,0,0,0,0,0,0,0,0,0,0,0,0,0,0,0,0,0,0,0,0,0,0,0,0,0,0,0,0,0,0,0,0,0,0,0,0,0,0,0,0,0,0,0,0,0,0,0,0,0,0,0,0,-273,851,859,-15,128,281,396,444,425,344,219,73,-80,-231,-361,-459,-523,-551,-538,-480,-381,-251,-98,72,249,421,556,662,729,737,697,611,464,279,76,-136,-347,-544,-693,-809,-867,-879,-826,-726,-581,-396,-191,21,246,459,640,794,905,964,982,935,834,696,508,288,40,-213,-452,-685,-875,-1014,-1107,-1150,-1114,-1011,-854,-639,-375,-101,196,480,738,965,1134,1239,1273,1240,1135,947,714,432,132,-170,-479,-745,-976,-1147,-1237,-1269,-1226,-1108,-935,-715,-448,-171,106,379,619,823,973,1069,1110,1093,1020,899,729,540,320,87,-129,-346,-543,-713,-839,-932,-983,-986,-932,-854,-735,-571,-386,-178,-1687,252,464,648,802,927,998,1024,998,933,815,649,464,243,18,-220,-448,-659,-835,-975,-1078,-1124,-1126,-1066,-953,-788,-581,-340,-70,213,495,761,988,1175,1307,1371,1364,1270,1108,886,599,272,-76,-438,-777,-1071,-1312,-1489,-1585,-1581,-1490,-1306,-1040,-712,-341,55,453,825,1155,1417,1593,1669,1653,1531,1322,1031,679,294,-114,-512,-875,-1178,-1417,-1569,-1628,-1585,-1449,-1224,-932,-583,-195,196,586,942,1224,1430,1563,1575,1483,1305,1038,701,324,-76,-475,-834,-1124,-1336,-1453,-1464,-1377,-1185,-918,-585,-220,148,501,803,1042,1210,1276,1252,1145,944,676,345,-31,-405,-757,-1056,-1249,-1296,-1169,-865,-430,-15,524,676,0,0,0,0,0,0,0,0,0,0,0,0,0,0,0,0,0,0,0,0,0,0,0,0,0,0,0,0,0,0,0,0,0,0,0,0,0,0,0,0,0,0,0,0,0,0,0,0,0,0,0,0,0,0,0,0,0,0,0,0,0,0,0,0,0,0,0,0,0,0,0,0,0,0,0,0,0,0,0,0,0,0,0,0,0,0,0,0,0,0,0,0,0,0,0,0,0,0,0,0,0,0,0,0,0,0,0,0,0,0,0,0,0,0,0,0,0,0,0,0,0,0,0,0,0,0,0,0,0,0,0,0,0,0,0,0,0,0,0,0,0,0,0,0,0,0,0,0,0,0,0,0,0,0,0,0,0,0,0,0,0,0,0,0,0,0,0,0,0,0,0,0,0,0,0,0,0,0,0,0,0,0,0,0,0,0,0,0,0,0,0,0,0,0,0,0,0,0,0,0,0,0,0,0,0,0,0,0,0,0,0,0,0,0,0,0,0,0,0,0,0,0,0,0,0,0,0,0,0,0,0,0,0,0,0,0,0,0,0,0,0,0,0,0,0,0,0,0,0,0,0,0,0,0,0,0,-1322,123,-99,320,332,273,147,-14,-181,-324,-426,-479,-490,-453,-371,-263,-126,23,179,330,459,554,617,637,615,538,417,270,82,-118,-315,-497,-656,-759,-816,-816,-767,-658,-507,-318,-107,121,335,530,699,817,887,917,899,818,692,532,336,121,-115,-346,-554,-739,-895,-1006,-1059,-1050,-986,-861,-676,-454,-214,56,334,587,821,1021,1147,1212,1216,1141,1004,806,551,277,-25,-326,-623,-876,-1075,-1215,-1281,-1289,-1210,-1059,-848,-580,-297,1,306,579,813,1009,1142,1200,1197,1126,998,818,599,353,102,-151,-388,-605,-783,-911,-1000,-1027,-1014,-958,-855,-714,-535,-345,-135,85,296,480,665,806,910,978,-175,959,882,765,612,425,208,-17,-240,-452,-655,-819,-942,-1024,-1056,-1041,-979,-862,-703,-517,-293,-55,194,441,672,883,1045,1165,1229,1234,1176,1052,863,628,343,39,-286,-604,-887,-1137,-1337,-1455,-1499,-1458,-1324,-1115,-841,-511,-136,240,618,961,1260,1484,1622,1666,1601,1441,1205,896,522,125,-281,-672,-1020,-1320,-1527,-1640,-1662,-1580,-1402,-1145,-816,-443,-48,345,721,1048,1311,1498,1589,1583,1490,1291,1007,679,295,-115,-498,-859,-1167,-1388,-1513,-1539,-1457,-1267,-998,-665,-287,101,480,819,1088,1278,1361,1351,1244,1053,797,480,127,-220,-551,-838,-1064,-1214,-1266,-1207,-1040,-758,-371,76,529,897,1108,1116,685,529
29224,mtk,MTK 7916,2779536917,rx0-tx1,512,0,0,0,0,0,0,0,0,0,0,0,0,0,0,0,0,0,0,0,0,0,0,0,0,0,0,0,0,0,0,0,0,0,0,0,0,0,0,0,0,0,0,0,0,0,0,0,0,0,0,0,0,0,0,0,0,0,0,0,0,0,0,0,0,0,0,0,0,0,0,0,0,0,0,0,0,0,0,0,0,0,0,0,0,0,0,0,0,0,0,0,0,0,0,0,0,0,0,0,0,0,0,0,0,0,0,0,0,0,0,0,0,0,0,0,0,0,0,0,0,0,0,0,0,0,0,0,0,0,0,0,0,0,0,0,0,0,0,0,0,0,0,0,0,0,0,0,0,0,0,0,0,0,0,0,0,0,0,0,0,0,0,0,0,0,0,0,0,0,0,0,0,0,0,0,0,0,0,0,0,0,0,0,0,0,0,0,0,0,0,0,0,0,0,0,0,0,0,0,0,0,0,0,0,0,0,0,0,0,0,0,0,0,0,0,0,0,0,0,0,0,0,0,0,0,0,0,0,0,0,0,0,0,0,0,0,0,0,0,0,0,0,0,0,0,0,0,0,0,0,0,0,0,0,0,0,-730,24,62,-197,-281,-317,-281,-191,-64,73,202,309,381,424,428,391,317,221,107,-21,-161,-295,-412,-508,-564,-586,-563,-497,-391,-252,-84,98,279,445,587,700,768,781,743,661,533,350,154,-59,-281,-489,-674,-826,-939,-973,-946,-879,-750,-568,-351,-102,151,397,633,829,983,1075,1117,1089,988,837,639,399,124,-151,-417,-680,-902,-1058,-1167,-1217,-1204,-1119,-968,-773,-523,-251,54,354,637,892,1096,1247,1328,1335,1274,1133,929,679,371,50,-279,-596,-886,-1129,-1298,-1407,-1436,-1375,-1253,-1045,-777,-476,-142,203,538,839,1097,1294,1411,1453,1412,1301,1104,861,569,244,-99,-415,-722,-985,-1187,-1338,-546,-1399,-1313,-1173,-970,-714,-420,-100,224,533,822,1056,1242,1360,1401,1377,1280,1117,892,616,301,-29,-354,-664,-949,-1184,-1346,-1439,-1458,-1394,-1247,-1031,-760,-455,-112,225,561,862,1104,1292,1402,1440,1396,1269,1077,829,534,217,-110,-426,-721,-966,-1162,-1293,-1343,-1325,-1235,-1081,-870,-622,-335,-38,260,543,794,1014,1167,1249,1273,1230,1107,927,697,416,118,-192,-495,-764,-987,-1156,-1255,-1271,-1216,-1076,-867,-609,-312,11,324,619,870,1058,1174,1206,1152,1025,824,572,283,-20,-309,-576,-791,-942,-1019,-1020,-951,-816,-631,-406,-157,96,344,560,737,853,908,887,785,601,342,31,-290,-575,-755,-791,-63,-36,0,0,0,0,0,0,0,0,0,0,0,0,0,0,0,0,0,0,0,0,0,0,0,0,0,0,0,0,0,0,0,0,0,0,0,0,0,0,0,0,0,0,0,0,0,0,0,0,0,0,0,0,0,0,0,0,0,0,0,0,0,0,0,0,0,0,0,0,0,0,0,0,0,0,0,0,0,0,0,0,0,0,0,0,0,0,0,0,0,0,0,0,0,0,0,0,0,0,0,0,0,0,0,0,0,0,0,0,0,0,0,0,0,0,0,0,0,0,0,0,0,0,0,0,0,0,0,0,0,0,0,0,0,0,0,0,0,0,0,0,0,0,0,0,0,0,0,0,0,0,0,0,0,0,0,0,0,0,0,0,0,0,0,0,0,0,0,0,0,0,0,0,0,0,0,0,0,0,0,0,0,0,0,0,0,0,0,0,0,0,0,0,0,0,0,0,0,0,0,0,0,0,0,0,0,0,0,0,0,0,0,0,0,0,0,0,0,0,0,0,0,0,0,0,0,0,0,0,0,0,0,0,0,0,0,0,0,0,0,0,0,0,0,0,0,0,0,0,0,0,0,0,0,0,0,0,-128,155,151,-156,-70,63,201,308,372,380,341,261,158,43,-89,-214,-321,-409,-466,-495,-487,-432,-346,-226,-88,66,226,379,512,612,677,688,652,568,448,295,107,-99,-296,-484,-650,-774,-846,-880,-857,-768,-628,-459,-244,3,237,471,682,846,970,1038,1041,990,871,702,485,243,-19,-301,-555,-775,-956,-1094,-1162,-1160,-1107,-991,-800,-570,-310,-29,261,537,780,991,1148,1251,1289,1243,1133,956,726,461,154,-159,-468,-763,-1004,-1207,-1342,-1391,-1370,-1274,-1111,-872,-586,-268,78,412,721,1004,1218,1369,1450,1447,1356,1190,962,672,358,16,-324,-647,-931,-1153,-1319,-1415,-1425,-1365,-1240,-1031,-774,-480,1197,175,491,770,1021,1217,1343,1402,1382,1299,1144,926,666,358,43,-285,-594,-876,-1114,-1290,-1399,-1428,-1390,-1282,-1099,-842,-545,-221,114,457,775,1046,1250,1390,1453,1439,1352,1173,940,652,331,-2,-344,-657,-929,-1148,-1303,-1383,-1393,-1325,-1179,-971,-716,-420,-109,197,492,763,985,1153,1261,1292,1260,1157,1003,791,528,243,-50,-350,-635,-871,-1072,-1211,-1274,-1268,-1180,-1019,-802,-536,-236,74,385,677,921,1101,1216,1251,1201,1072,875,622,329,10,-304,-590,-830,-1006,-1110,-1129,-1073,-940,-740,-492,-216,60,321,556,739,867,927,923,857,726,541,310,53,-218,-478,-701,-856,-919,-866,-681,-388,-95,135,144
29225,mtk,MTK 7916,2779536917,rx1-tx0,512,0,0,0,0,0,0,0,0,0,0,0,0,0,0,0,0,0,0,0,0,0,0,0,0,0,0,0,0,0,0,0,0,0,0,0,0,0,0,0,0,0,0,0,0,0,0,0,0,0,0,0,0,0,0,0,0,0,0,0,0,0,0,0,0,0,0,0,0,0,0,0,0,0,0,0,0,0,0,0,0,0,0,0,0,0,0,0,0,0,0,0,0,0,0,0,0,0,0,0,0,0,0,0,0,0,0,0,0,0,0,0,0,0,0,0,0,0,0,0,0,0,0,0,0,0,0,0,0,0,0,0,0,0,0,0,0,0,0,0,0,0,0,0,0,0,0,0,0,0,0,0,0,0,0,0,0,0,0,0,0,0,0,0,0,0,0,0,0,0,0,0,0,0,0,0,0,0,0,0,0,0,0,0,0,0,0,0,0,0,0,0,0,0,0,0,0,0,0,0,0,0,0,0,0,0,0,0,0,0,0,0,0,0,0,0,0,0,0,0,0,0,0,0,0,0,0,0,0,0,0,0,0,0,0,0,0,0,0,0,0,0,0,0,0,0,0,0,0,0,0,0,0,0,0,0,0,146,608,371,125,65,-35,-141,-221,-274,-279,-239,-173,-88,13,106,199,274,312,326,310,268,201,110,10,-96,-183,-265,-341,-367,-370,-340,-286,-203,-113,-13,83,169,256,314,339,349,335,293,240,172,86,4,-74,-146,-202,-253,-277,-279,-271,-240,-211,-155,-95,-48,6,64,103,130,154,163,167,158,144,128,110,96,78,68,72,67,50,26,-1,-29,-63,-106,-149,-196,-237,-272,-294,-292,-279,-234,-160,-82,17,118,227,333,413,467,497,483,436,367,253,131,-2,-143,-279,-395,-486,-550,-582,-573,-524,-431,-323,-192,-44,111,253,374,476,548,588,582,554,503,405,286,144,-144,-157,-301,-417,-513,-577,-597,-588,-545,-467,-361,-237,-89,66,207,345,447,524,572,579,559,495,404,294,170,32,-114,-242,-355,-445,-499,-530,-534,-496,-426,-340,-231,-106,20,122,222,320,386,437,458,443,401,344,274,184,90,-1,-99,-190,-256,-311,-340,-355,-364,-334,-289,-235,-165,-88,-11,61,133,191,240,270,293,297,275,256,219,159,105,48,-13,-72,-136,-191,-234,-267,-286,-291,-276,-252,-203,-124,-52,26,99,169,234,280,310,324,312,273,208,126,36,-60,-147,-227,-291,-318,-320,-301,-260,-203,-119,-24,69,164,246,299,319,303,247,173,61,-62,-156,-207,1048,955,0,0,0,0,0,0,0,0,0,0,0,0,0,0,0,0,0,0,0,0,0,0,0,0,0,0,0,0,0,0,0,0,0,0,0,0,0,0,0,0,0,0,0,0,0,0,0,0,0,0,0,0,0,0,0,0,0,0,0,0,0,0,0,0,0,0,0,0,0,0,0,0,0,0,0,0,0,0,0,0,0,0,0,0,0,0,0,0,0,0,0,0,0,0,0,0,0,0,0,0,0,0,0,0,0,0,0,0,0,0,0,0,0,0,0,0,0,0,0,0,0,0,0,0,0,0,0,0,0,0,0,0,0,0,0,0,0,0,0,0,0,0,0,0,0,0,0,0,0,0,0,0,0,0,0,0,0,0,0,0,0,0,0,0,0,0,0,0,0,0,0,0,0,0,0,0,0,0,0,0,0,0,0,0,0,0,0,0,0,0,0,0,0,0,0,0,0,0,0,0,0,0,0,0,0,0,0,0,0,0,0,0,0,0,0,0,0,0,0,0,0,0,0,0,0,0,0,0,0,0,0,0,0,0,0,0,0,0,0,0,0,0,0,0,0,0,0,0,0,0,0,0,0,0,0,0,206,-870,-990,-134,-197,-230,-203,-139,-46,64,159,234,287,303,283,245,168,80,-15,-118,-206,-279,-329,-353,-344,-306,-255,-167,-58,45,151,239,305,347,364,357,326,271,183,92,7,-92,-173,-235,-287,-316,-320,-307,-269,-225,-162,-83,-11,61,113,160,211,224,227,226,203,176,147,107,68,29,-2,-26,-52,-61,-78,-92,-90,-98,-112,-128,-150,-165,-170,-179,-170,-156,-130,-91,-39,30,105,185,271,337,385,407,401,372,308,219,107,-18,-152,-267,-375,-466,-518,-546,-539,-481,-397,-285,-161,-20,131,279,398,491,557,588,581,534,457,357,228,80,-68,-203,-339,-452,-535,-596,147,-586,-521,-433,-322,-181,-33,112,254,383,484,556,594,590,557,488,385,265,123,-18,-163,-298,-408,-488,-535,-558,-545,-498,-424,-316,-201,-83,45,175,288,384,454,495,493,466,423,346,248,151,46,-65,-162,-248,-322,-371,-399,-404,-389,-341,-285,-219,-137,-58,36,128,194,252,297,321,329,319,290,249,188,129,65,-7,-67,-122,-188,-231,-256,-273,-279,-269,-246,-208,-163,-109,-44,30,101,163,232,276,304,315,296,264,205,133,56,-31,-120,-201,-268,-311,-329,-324,-293,-244,-170,-80,10,98,182,249,300,314,308,272,207,122,24,-83,-181,-262,-311,-300,-236,-159,-225,-476
29226,mtk,MTK 7916,2779536917,rx1-tx1,512,0,0,0,0,0,0,0,0,0,0,0,0,0,0,0,0,0,0,0,0,0,0,0,0,0,0,0,0,0,0,0,0,0,0,0,0,0,0,0,0,0,0,0,0,0,0,0,0,0,0,0,0,0,0,0,0,0,0,0,0,0,0,0,0,0,0,0,0,0,0,0,0,0,0,0,0,0,0,0,0,0,0,0,0,0,0,0,0,0,0,0,0,0,0,0,0,0,0,0,0,0,0,0,0,0,0,0,0,0,0,0,0,0,0,0,0,0,0,0,0,0,0,0,0,0,0,0,0,0,0,0,0,0,0,0,0,0,0,0,0,0,0,0,0,0,0,0,0,0,0,0,0,0,0,0,0,0,0,0,0,0,0,0,0,0,0,0,0,0,0,0,0,0,0,0,0,0,0,0,0,0,0,0,0,0,0,0,0,0,0,0,0,0,0,0,0,0,0,0,0,0,0,0,0,0,0,0,0,0,0,0,0,0,0,0,0,0,0,0,0,0,0,0,0,0,0,0,0,0,0,0,0,0,0,0,0,0,0,0,0,0,0,0,0,0,0,0,0,0,0,0,0,0,0,0,0,-411,853,970,34,55,73,82,81,62,35,2,-34,-67,-89,-88,-73,-44,1,47,77,90,86,59,17,-26,-62,-88,-92,-71,-38,-2,37,67,76,64,41,10,-20,-39,-51,-48,-28,-8,8,14,19,14,1,-7,-9,-5,3,16,34,40,28,1,-25,-44,-54,-56,-37,-1,40,73,91,80,51,9,-44,-92,-113,-104,-68,-15,43,94,118,114,76,18,-43,-98,-130,-121,-79,-18,50,103,126,115,77,12,-54,-102,-123,-117,-74,-14,41,85,108,98,70,25,-28,-71,-88,-81,-59,-26,14,48,66,63,44,20,3,-18,-33,-37,-32,-24,-20,-23,-22,-12,2,0,40,64,72,59,37,-3,-55,-98,-125,-127,-98,-36,46,126,180,186,152,79,-23,-129,-214,-244,-210,-119,-2,124,226,282,265,173,31,-115,-232,-302,-294,-209,-71,84,231,316,315,238,98,-67,-214,-308,-323,-255,-120,40,192,291,313,254,124,-43,-189,-280,-307,-251,-125,30,176,279,308,252,131,-23,-173,-275,-300,-252,-138,12,163,268,305,267,162,15,-142,-256,-303,-275,-184,-47,101,221,281,274,200,81,-56,-173,-245,-259,-208,-115,8,125,202,222,193,118,16,-87,-166,-197,-179,-120,-33,63,142,186,188,146,67,-21,-107,-174,-207,-199,-158,-97,-15,247,486,0,0,0,0,0,0,0,0,0,0,0,0,0,0,0,0,0,0,0,0,0,0,0,0,0,0,0,0,0,0,0,0,0,0,0,0,0,0,0,0,0,0,0,0,0,0,0,0,0,0,0,0,0,0,0,0,0,0,0,0,0,0,0,0,0,0,0,0,0,0,0,0,0,0,0,0,0,0,0,0,0,0,0,0,0,0,0,0,0,0,0,0,0,0,0,0,0,0,0,0,0,0,0,0,0,0,0,0,0,0,0,0,0,0,0,0,0,0,0,0,0,0,0,0,0,0,0,0,0,0,0,0,0,0,0,0,0,0,0,0,0,0,0,0,0,0,0,0,0,0,0,0,0,0,0,0,0,0,0,0,0,0,0,0,0,0,0,0,0,0,0,0,0,0,0,0,0,0,0,0,0,0,0,0,0,0,0,0,0,0,0,0,0,0,0,0,0,0,0,0,0,0,0,0,0,0,0,0,0,0,0,0,0,0,0,0,0,0,0,0,0,0,0,0,0,0,0,0,0,0,0,0,0,0,0,0,0,0,0,0,0,0,0,0,0,0,0,0,0,0,0,0,0,0,0,0,-92,550,324,-49,-42,-26,-2,28,58,80,85,79,57,22,-21,-60,-87,-91,-73,-44,-10,31,72,95,91,69,37,-8,-45,-72,-83,-72,-43,-9,22,46,57,56,39,12,-15,-29,-37,-33,-18,3,16,19,7,-1,-7,-16,-14,-1,14,31,47,46,34,11,-22,-56,-72,-64,-38,-1,41,82,101,89,55,11,-49,-99,-119,-106,-73,-15,52,103,119,109,74,14,-52,-103,-126,-115,-77,-16,52,105,129,113,70,16,-43,-92,-112,-104,-67,-13,43,83,100,95,65,21,-25,-59,-78,-79,-55,-21,7,29,44,50,35,15,6,1,-5,-7,-16,-25,-32,-45,0,-41,-19,16,50,75,91,97,74,16,-53,-115,-149,-155,-121,-53,37,127,195,214,180,100,-15,-135,-224,-261,-232,-147,-18,121,236,297,283,192,52,-103,-235,-309,-311,-226,-81,88,228,307,313,244,108,-59,-210,-305,-321,-255,-123,38,187,290,314,254,132,-28,-179,-281,-305,-249,-126,28,179,282,305,245,124,-27,-170,-271,-304,-255,-139,2,146,259,304,270,171,27,-123,-245,-304,-281,-192,-64,77,194,267,271,208,100,-27,-147,-228,-246,-200,-111,-2,108,185,210,183,116,23,-72,-152,-187,-173,-120,-41,51,132,186,201,167,103,22,-59,-124,-164,-182,972,876
29227,mtk,MTK 7916,2779536917,rx2-tx0,512,0,0,0,0,0,0,0,0,0,0,0,0,0,0,0,0,0,0,0,0,0,0,0,0,0,0,0,0,0,0,0,0,0,0,0,0,0,0,0,0,0,0,0,0,0,0,0,0,0,0,0,0,0,0,0,0,0,0,0,0,0,0,0,0,0,0,0,0,0,0,0,0,0,0,0,0,0,0,0,0,0,0,0,0,0,0,0,0,0,0,0,0,0,0,0,0,0,0,0,0,0,0,0,0,0,0,0,0,0,0,0,0,0,0,0,0,0,0,0,0,0,0,0,0,0,0,0,0,0,0,0,0,0,0,0,0,0,0,0,0,0,0,0,0,0,0,0,0,0,0,0,0,0,0,0,0,0,0,0,0,0,0,0,0,0,0,0,0,0,0,0,0,0,0,0,0,0,0,0,0,0,0,0,0,0,0,0,0,0,0,0,0,0,0,0,0,0,0,0,0,0,0,0,0,0,0,0,0,0,0,0,0,0,0,0,0,0,0,0,0,0,0,0,0,0,0,0,0,0,0,0,0,0,0,0,0,0,0,0,0,0,0,0,0,0,0,0,0,0,0,0,0,0,0,0,0,-136,-764,-527,65,76,75,57,30,-1,-37,-67,-88,-92,-78,-48,-9,33,67,88,93,76,44,4,-40,-75,-94,-94,-78,-47,-4,41,76,100,110,95,57,7,-41,-84,-116,-128,-111,-73,-11,61,121,150,151,119,60,-24,-109,-166,-186,-163,-95,1,105,184,213,191,121,10,-114,-210,-251,-228,-142,-11,133,244,286,255,156,4,-160,-278,-328,-289,-162,14,192,327,371,315,169,-30,-230,-377,-428,-355,-177,47,266,417,458,375,188,-63,-298,-454,-490,-393,-192,67,316,476,499,390,172,-96,-336,-483,-496,-376,-150,118,356,500,505,365,120,-156,-393,-519,-498,-335,-73,0,430,537,495,313,39,-247,-469,-566,-503,-299,-5,291,504,582,504,284,-14,-316,-538,-609,-511,-275,35,343,563,634,532,285,-37,-347,-573,-648,-548,-312,10,335,564,647,563,330,8,-302,-532,-626,-558,-349,-57,248,485,585,536,355,88,-191,-414,-526,-499,-350,-114,140,347,451,443,323,121,-109,-297,-397,-393,-292,-121,76,244,345,351,264,116,-61,-215,-302,-308,-237,-102,52,188,275,287,222,100,-41,-166,-251,-277,-231,-123,13,141,235,268,239,148,25,-103,-203,-252,-247,-187,-82,42,154,225,246,215,136,28,-81,-176,-234,-245,-217,-152,-66,24,99,155,-1144,-1087,0,0,0,0,0,0,0,0,0,0,0,0,0,0,0,0,0,0,0,0,0,0,0,0,0,0,0,0,0,0,0,0,0,0,0,0,0,0,0,0,0,0,0,0,0,0,0,0,0,0,0,0,0,0,0,0,0,0,0,0,0,0,0,0,0,0,0,0,0,0,0,0,0,0,0,0,0,0,0,0,0,0,0,0,0,0,0,0,0,0,0,0,0,0,0,0,0,0,0,0,0,0,0,0,0,0,0,0,0,0,0,0,0,0,0,0,0,0,0,0,0,0,0,0,0,0,0,0,0,0,0,0,0,0,0,0,0,0,0,0,0,0,0,0,0,0,0,0,0,0,0,0,0,0,0,0,0,0,0,0,0,0,0,0,0,0,0,0,0,0,0,0,0,0,0,0,0,0,0,0,0,0,0,0,0,0,0,0,0,0,0,0,0,0,0,0,0,0,0,0,0,0,0,0,0,0,0,0,0,0,0,0,0,0,0,0,0,0,0,0,0,0,0,0,0,0,0,0,0,0,0,0,0,0,0,0,0,0,0,0,0,0,0,0,0,0,0,0,0,0,0,0,0,0,0,0,1335,833,1003,-11,13,41,67,85,90,80,57,26,-13,-52,-79,-91,-85,-65,-30,14,57,83,90,84,63,25,-22,-60,-85,-97,-96,-75,-33,18,61,91,106,108,85,40,-18,-72,-114,-140,-136,-97,-31,47,118,161,171,139,73,-14,-105,-178,-202,-174,-101,0,109,197,237,216,134,5,-125,-225,-269,-244,-150,-2,151,263,311,275,157,-10,-176,-300,-350,-305,-169,22,215,351,397,334,174,-44,-251,-395,-439,-364,-188,51,277,434,476,385,185,-73,-313,-472,-503,-400,-187,73,314,475,505,393,171,-101,-348,-494,-502,-370,-137,139,378,512,499,349,96,-186,-413,-527,0,-333,-67,221,447,548,497,303,20,-271,-487,-573,-500,-286,10,308,526,600,510,281,-23,-333,-549,-616,-520,-287,34,347,570,644,544,295,-28,-343,-571,-649,-557,-318,-3,314,546,634,559,344,39,-273,-501,-598,-551,-359,-80,215,445,553,517,354,106,-164,-380,-490,-470,-332,-116,124,321,429,420,307,121,-85,-263,-365,-369,-277,-115,69,229,322,329,248,109,-54,-198,-285,-290,-221,-96,52,181,262,280,226,115,-26,-159,-249,-275,-230,-130,-6,119,218,262,243,168,54,-71,-179,-242,-250,-200,-109,7,120,207,246,235,178,84,-25,-123,-194,-227,-226,-195,-134,42,337
29228,mtk,MTK 7916,2779536917,rx2-tx1,512,0,0,0,0,0,0,0,0,0,0,0,0,0,0,0,0,0,0,0,0,0,0,0,0,0,0,0,0,0,0,0,0,0,0,0,0,0,0,0,0,0,0,0,0,0,0,0,0,0,0,0,0,0,0,0,0,0,0,0,0,0,0,0,0,0,0,0,0,0,0,0,0,0,0,0,0,0,0,0,0,0,0,0,0,0,0,0,0,0,0,0,0,0,0,0,0,0,0,0,0,0,0,0,0,0,0,0,0,0,0,0,0,0,0,0,0,0,0,0,0,0,0,0,0,0,0,0,0,0,0,0,0,0,0,0,0,0,0,0,0,0,0,0,0,0,0,0,0,0,0,0,0,0,0,0,0,0,0,0,0,0,0,0,0,0,0,0,0,0,0,0,0,0,0,0,0,0,0,0,0,0,0,0,0,0,0,0,0,0,0,0,0,0,0,0,0,0,0,0,0,0,0,0,0,0,0,0,0,0,0,0,0,0,0,0,0,0,0,0,0,0,0,0,0,0,0,0,0,0,0,0,0,0,0,0,0,0,0,0,0,0,0,0,0,0,0,0,0,0,0,0,0,0,0,0,0,236,-181,-410,51,71,77,66,47,19,-16,-52,-80,-90,-79,-53,-16,25,63,88,87,63,21,-24,-64,-90,-99,-74,-23,37,91,120,115,82,22,-42,-104,-136,-133,-92,-16,75,134,157,138,72,-19,-107,-169,-185,-148,-64,47,151,211,212,152,48,-83,-205,-276,-257,-160,-13,137,272,333,302,183,6,-185,-329,-395,-351,-206,6,227,397,460,398,219,-25,-266,-438,-497,-421,-230,30,295,483,547,460,242,-49,-328,-520,-579,-478,-234,67,347,531,567,453,220,-74,-348,-533,-565,-440,-203,92,362,523,533,403,162,-120,-367,-497,-486,-351,-120,148,367,475,440,282,52,0,-389,-453,-387,-211,25,246,395,435,342,149,-86,-299,-426,-428,-300,-90,147,343,443,409,265,47,-187,-372,-451,-402,-246,-16,213,383,440,378,215,-6,-226,-377,-414,-347,-190,26,224,349,386,315,157,-33,-203,-309,-330,-261,-122,44,190,277,279,201,72,-67,-174,-230,-216,-147,-37,80,158,183,166,100,-4,-101,-159,-169,-129,-61,22,96,139,137,97,31,-39,-101,-129,-114,-68,-12,42,86,105,92,54,8,-43,-79,-90,-73,-41,4,41,67,70,53,27,1,-25,-42,-45,-30,-7,17,33,33,26,10,-13,-31,-44,-51,-33,-5,28,50,66,68,57,513,292,0,0,0,0,0,0,0,0,0,0,0,0,0,0,0,0,0,0,0,0,0,0,0,0,0,0,0,0,0,0,0,0,0,0,0,0,0,0,0,0,0,0,0,0,0,0,0,0,0,0,0,0,0,0,0,0,0,0,0,0,0,0,0,0,0,0,0,0,0,0,0,0,0,0,0,0,0,0,0,0,0,0,0,0,0,0,0,0,0,0,0,0,0,0,0,0,0,0,0,0,0,0,0,0,0,0,0,0,0,0,0,0,0,0,0,0,0,0,0,0,0,0,0,0,0,0,0,0,0,0,0,0,0,0,0,0,0,0,0,0,0,0,0,0,0,0,0,0,0,0,0,0,0,0,0,0,0,0,0,0,0,0,0,0,0,0,0,0,0,0,0,0,0,0,0,0,0,0,0,0,0,0,0,0,0,0,0,0,0,0,0,0,0,0,0,0,0,0,0,0,0,0,0,0,0,0,0,0,0,0,0,0,0,0,0,0,0,0,0,0,0,0,0,0,0,0,0,0,0,0,0,0,0,0,0,0,0,0,0,0,0,0,0,0,0,0,0,0,0,0,0,0,0,0,0,0,-351,-924,-845,-30,-8,16,40,68,83,86,72,41,2,-38,-72,-93,-90,-64,-22,31,71,90,93,68,24,-26,-76,-113,-117,-83,-25,42,96,130,126,90,23,-51,-112,-144,-139,-87,-7,84,146,170,142,72,-20,-119,-185,-190,-143,-59,60,175,241,235,157,32,-109,-228,-290,-267,-168,-16,157,297,358,323,195,-2,-205,-361,-430,-380,-208,23,256,423,479,409,224,-32,-284,-465,-529,-446,-235,45,313,502,558,464,236,-56,-333,-530,-580,-469,-232,65,351,539,575,456,215,-83,-353,-525,-549,-421,-180,105,365,519,522,379,139,-136,-367,-485,-467,-321,-79,178,372,460,0,244,14,-224,-397,-444,-359,-179,54,276,416,432,322,110,-132,-329,-435,-420,-291,-70,172,365,446,415,262,36,-204,-381,-454,-394,-223,1,222,382,438,365,195,-22,-220,-360,-404,-333,-171,32,216,334,357,284,142,-35,-200,-297,-306,-235,-104,52,182,251,245,168,53,-68,-162,-201,-183,-117,-22,80,156,173,140,72,-16,-98,-146,-153,-116,-41,40,101,134,131,88,19,-47,-90,-114,-110,-69,-6,48,80,94,85,49,-5,-49,-74,-80,-69,-39,9,45,52,46,38,16,-13,-33,-42,-40,-19,6,23,32,30,27,6,-20,-41,-55,-62,-52,-23,13,38,-799,-888
29229,mtk,MTK 7916,2779575112,rx0-tx0,512,0,0,0,0,0,0,0,0,0,0,0,0,0,0,0,0,0,0,0,0,0,0,0,0,0,0,0,0,0,0,0,0,0,0,0,0,0,0,0,0,0,0,0,0,0,0,0,0,0,0,0,0,0,0,0,0,0,0,0,0,0,0,0,0,0,0,0,0,0,0,0,0,0,0,0,0,0,0,0,0,0,0,0,0,0,0,0,0,0,0,0,0,0,0,0,0,0,0,0,0,0,0,0,0,0,0,0,0,0,0,0,0,0,0,0,0,0,0,0,0,0,0,0,0,0,0,0,0,0,0,0,0,0,0,0,0,0,0,0,0,0,0,0,0,0,0,0,0,0,0,0,0,0,0,0,0,0,0,0,0,0,0,0,0,0,0,0,0,0,0,0,0,0,0,0,0,0,0,0,0,0,0,0,0,0,0,0,0,0,0,0,0,0,0,0,0,0,0,0,0,0,0,0,0,0,0,0,0,0,0,0,0,0,0,0,0,0,0,0,0,0,0,0,0,0,0,0,0,0,0,0,0,0,0,0,0,0,0,0,0,0,0,0,0,0,0,0,0,0,0,0,0,0,0,0,0,-273,851,859,-279,-210,-47,146,317,437,469,421,312,158,-20,-200,-353,-477,-544,-543,-495,-379,-213,-15,195,386,545,657,695,653,550,376,148,-95,-336,-550,-708,-797,-812,-730,-581,-387,-134,128,373,594,753,842,860,803,669,472,243,-22,-283,-518,-723,-857,-928,-925,-839,-677,-442,-168,126,401,655,861,993,1040,990,866,654,369,65,-261,-567,-823,-1018,-1118,-1113,-1014,-836,-565,-240,102,445,732,959,1110,1152,1094,937,701,407,74,-257,-562,-807,-984,-1064,-1053,-960,-783,-547,-279,6,290,532,730,865,933,927,843,705,523,292,52,-195,-425,-623,-779,-874,-902,-856,-763,-596,-384,-141,-1687,370,603,783,904,961,936,844,673,452,190,-86,-363,-616,-816,-964,-1022,-1010,-926,-759,-535,-259,39,345,635,879,1063,1166,1176,1085,903,650,322,-37,-422,-781,-1079,-1288,-1391,-1375,-1239,-987,-634,-213,224,657,1049,1350,1534,1578,1474,1232,878,433,-48,-533,-979,-1335,-1563,-1654,-1586,-1368,-1031,-599,-110,389,853,1242,1499,1620,1599,1425,1122,712,250,-233,-704,-1103,-1398,-1567,-1585,-1454,-1182,-798,-342,146,628,1050,1366,1546,1569,1420,1140,745,262,-234,-703,-1097,-1366,-1483,-1436,-1242,-913,-496,-36,419,818,1117,1283,1316,1207,962,617,203,-241,-656,-1006,-1236,-1303,-1188,-883,-421,131,652,1011,1126,524,676,0,0,0,0,0,0,0,0,0,0,0,0,0,0,0,0,0,0,0,0,0,0,0,0,0,0,0,0,0,0,0,0,0,0,0,0,0,0,0,0,0,0,0,0,0,0,0,0,0,0,0,0,0,0,0,0,0,0,0,0,0,0,0,0,0,0,0,0,0,0,0,0,0,0,0,0,0,0,0,0,0,0,0,0,0,0,0,0,0,0,0,0,0,0,0,0,0,0,0,0,0,0,0,0,0,0,0,0,0,0,0,0,0,0,0,0,0,0,0,0,0,0,0,0,0,0,0,0,0,0,0,0,0,0,0,0,0,0,0,0,0,0,0,0,0,0,0,0,0,0,0,0,0,0,0,0,0,0,0,0,0,0,0,0,0,0,0,0,0,0,0,0,0,0,0,0,0,0,0,0,0,0,0,0,0,0,0,0,0,0,0,0,0,0,0,0,0,0,0,0,0,0,0,0,0,0,0,0,0,0,0,0,0,0,0,0,0,0,0,0,0,0,0,0,0,0,0,0,0,0,0,0,0,0,0,0,0,0,0,0,0,0,0,0,0,0,0,0,0,0,0,0,0,0,0,0,-1322,123,-99,139,294,396,397,311,153,-38,-220,-368,-468,-507,-475,-389,-250,-68,115,294,454,565,619,601,517,377,184,-43,-270,-476,-651,-747,-764,-702,-568,-373,-141,125,377,588,746,834,832,757,610,406,165,-89,-337,-563,-733,-847,-894,-849,-742,-565,-332,-77,200,463,696,871,969,982,910,771,550,276,-29,-334,-613,-862,-1023,-1093,-1075,-950,-745,-480,-152,182,500,787,1008,1121,1146,1064,884,640,325,-19,-355,-658,-894,-1052,-1123,-1093,-964,-748,-475,-162,140,431,681,859,965,996,942,811,623,389,134,-130,-379,-582,-750,-860,-901,-881,-784,-641,-448,-222,31,272,499,695,836,923,-175,860,722,526,295,28,-243,-494,-714,-871,-969,-989,-936,-801,-604,-351,-67,214,494,737,926,1045,1087,1053,925,719,451,138,-195,-534,-829,-1072,-1228,-1285,-1247,-1086,-826,-485,-93,316,716,1066,1335,1477,1488,1378,1132,770,338,-132,-604,-1017,-1355,-1567,-1629,-1554,-1323,-969,-525,-32,467,917,1281,1534,1646,1605,1417,1086,653,183,-314,-777,-1165,-1444,-1584,-1583,-1438,-1154,-769,-311,179,652,1063,1371,1548,1579,1456,1183,789,319,-185,-662,-1062,-1367,-1523,-1518,-1353,-1048,-632,-154,328,767,1116,1333,1407,1327,1104,761,353,-85,-510,-872,-1133,-1267,-1259,-1099,-805,-397,73,555,973,1242,1289,1075,645,174,685,529
29230,mtk,MTK 7916,2779575112,rx0-tx1,512,0,0,0,0,0,0,0,0,0,0,0,0,0,0,0,0,0,0,0,0,0,0,0,0,0,0,0,0,0,0,0,0,0,0,0,0,0,0,0,0,0,0,0,0,0,0,0,0,0,0,0,0,0,0,0,0,0,0,0,0,0,0,0,0,0,0,0,0,0,0,0,0,0,0,0,0,0,0,0,0,0,0,0,0,0,0,0,0,0,0,0,0,0,0,0,0,0,0,0,0,0,0,0,0,0,0,0,0,0,0,0,0,0,0,0,0,0,0,0,0,0,0,0,0,0,0,0,0,0,0,0,0,0,0,0,0,0,0,0,0,0,0,0,0,0,0,0,0,0,0,0,0,0,0,0,0,0,0,0,0,0,0,0,0,0,0,0,0,0,0,0,0,0,0,0,0,0,0,0,0,0,0,0,0,0,0,0,0,0,0,0,0,0,0,0,0,0,0,0,0,0,0,0,0,0,0,0,0,0,0,0,0,0,0,0,0,0,0,0,0,0,0,0,0,0,0,0,0,0,0,0,0,0,0,0,0,0,0,0,0,0,0,0,0,0,0,0,0,0,0,0,0,0,0,0,0,-730,24,62,23,-109,-255,-346,-360,-300,-182,-29,134,274,383,443,446,397,299,165,7,-170,-331,-470,-559,-591,-559,-459,-306,-106,114,335,528,675,749,753,681,538,327,76,-191,-452,-674,-828,-914,-910,-813,-636,-406,-116,197,490,743,937,1041,1049,961,776,524,213,-120,-452,-741,-972,-1114,-1155,-1097,-938,-697,-386,-41,310,647,933,1128,1229,1227,1112,899,611,272,-106,-472,-805,-1074,-1252,-1320,-1269,-1123,-868,-537,-151,255,629,962,1211,1355,1381,1291,1085,774,411,1,-420,-798,-1107,-1329,-1430,-1406,-1259,-1004,-654,-249,173,585,938,1217,1394,1448,1372,1184,892,521,104,-307,-699,-1032,-1273,-1416,-546,-1322,-1086,-783,-412,-6,408,786,1092,1314,1426,1406,1281,1044,724,332,-90,-502,-874,-1175,-1376,-1460,-1423,-1267,-1001,-636,-220,216,638,1007,1282,1453,1487,1398,1186,874,487,57,-380,-778,-1099,-1334,-1450,-1428,-1289,-1041,-702,-309,109,508,865,1139,1312,1368,1308,1141,876,537,160,-225,-588,-898,-1129,-1265,-1301,-1218,-1033,-748,-401,-31,344,694,985,1186,1282,1261,1124,881,555,176,-219,-589,-914,-1147,-1266,-1261,-1137,-895,-568,-185,212,587,898,1109,1206,1172,1016,747,411,43,-323,-641,-883,-1028,-1050,-964,-783,-518,-211,104,403,657,827,908,893,769,562,274,-54,-393,-683,-870,-911,-770,-470,-141,-63,-36,0,0,0,0,0,0,0,0,0,0,0,0,0,0,0,0,0,0,0,0,0,0,0,0,0,0,0,0,0,0,0,0,0,0,0,0,0,0,0,0,0,0,0,0,0,0,0,0,0,0,0,0,0,0,0,0,0,0,0,0,0,0,0,0,0,0,0,0,0,0,0,0,0,0,0,0,0,0,0,0,0,0,0,0,0,0,0,0,0,0,0,0,0,0,0,0,0,0,0,0,0,0,0,0,0,0,0,0,0,0,0,0,0,0,0,0,0,0,0,0,0,0,0,0,0,0,0,0,0,0,0,0,0,0,0,0,0,0,0,0,0,0,0,0,0,0,0,0,0,0,0,0,0,0,0,0,0,0,0,0,0,0,0,0,0,0,0,0,0,0,0,0,0,0,0,0,0,0,0,0,0,0,0,0,0,0,0,0,0,0,0,0,0,0,0,0,0,0,0,0,0,0,0,0,0,0,0,0,0,0,0,0,0,0,0,0,0,0,0,0,0,0,0,0,0,0,0,0,0,0,0,0,0,0,0,0,0,0,0,0,0,0,0,0,0,0,0,0,0,0,0,0,0,0,0,0,-128,155,151,-256,-276,-209,-70,91,245,352,405,392,325,214,66,-90,-243,-374,-464,-513,-499,-427,-303,-134,57,252,428,569,655,676,621,499,312,83,-158,-394,-598,-753,-829,-830,-751,-579,-353,-84,207,478,711,882,988,981,879,701,451,149,-170,-486,-757,-961,-1089,-1116,-1034,-857,-604,-288,45,390,700,957,1129,1192,1160,1031,799,494,146,-220,-575,-877,-1105,-1246,-1278,-1200,-1023,-745,-402,-11,372,725,1030,1239,1351,1339,1210,982,660,280,-129,-527,-889,-1165,-1346,-1421,-1359,-1175,-898,-539,-129,294,692,1035,1290,1424,1435,1322,1100,781,397,-26,-450,-824,-1133,-1343,-1431,-1401,-1261,-999,-655,-264,1197,569,921,1187,1362,1424,1365,1190,918,574,169,-247,-637,-980,-1240,-1408,-1444,-1357,-1159,-861,-489,-73,352,751,1090,1337,1466,1469,1347,1098,760,356,-85,-510,-902,-1207,-1407,-1484,-1429,-1243,-964,-602,-181,250,650,993,1245,1387,1415,1319,1102,789,416,18,-369,-728,-1024,-1228,-1320,-1305,-1177,-951,-651,-297,81,456,791,1058,1222,1282,1240,1089,833,500,124,-265,-634,-946,-1165,-1280,-1265,-1141,-906,-577,-195,198,574,897,1123,1240,1229,1093,843,512,131,-257,-615,-902,-1079,-1142,-1082,-907,-644,-313,39,363,642,847,951,953,862,673,415,123,-191,-480,-720,-876,-922,-842,-626,-307,76,444,699,781,135,144
29231,mtk,MTK 7916,2779575112,rx1-tx0,512,0,0,0,0,0,0,0,0,0,0,0,0,0,0,0,0,0,0,0,0,0,0,0,0,0,0,0,0,0,0,0,0,0,0,0,0,0,0,0,0,0,0,0,0,0,0,0,0,0,0,0,0,0,0,0,0,0,0,0,0,0,0,0,0,0,0,0,0,0,0,0,0,0,0,0,0,0,0,0,0,0,0,0,0,0,0,0,0,0,0,0,0,0,0,0,0,0,0,0,0,0,0,0,0,0,0,0,0,0,0,0,0,0,0,0,0,0,0,0,0,0,0,0,0,0,0,0,0,0,0,0,0,0,0,0,0,0,0,0,0,0,0,0,0,0,0,0,0,0,0,0,0,0,0,0,0,0,0,0,0,0,0,0,0,0,0,0,0,0,0,0,0,0,0,0,0,0,0,0,0,0,0,0,0,0,0,0,0,0,0,0,0,0,0,0,0,0,0,0,0,0,0,0,0,0,0,0,0,0,0,0,0,0,0,0,0,0,0,0,0,0,0,0,0,0,0,0,0,0,0,0,0,0,0,0,0,0,0,0,0,0,0,0,0,0,0,0,0,0,0,0,0,0,0,0,0,146,608,371,173,215,191,105,-16,-139,-236,-288,-290,-242,-170,-61,59,169,266,325,345,315,249,147,24,-101,-217,-312,-367,-378,-352,-277,-171,-48,73,192,297,362,379,356,301,223,119,4,-113,-203,-274,-323,-338,-320,-264,-195,-109,-13,67,137,202,245,259,255,237,200,144,84,18,-40,-84,-131,-170,-199,-219,-217,-203,-177,-151,-126,-72,-7,65,146,204,268,319,342,343,311,238,143,20,-112,-248,-381,-469,-516,-521,-462,-363,-219,-42,152,327,469,572,623,608,528,398,235,36,-162,-348,-503,-613,-651,-627,-563,-427,-250,-65,140,318,478,593,646,639,576,455,300,113,-144,-278,-435,-555,-631,-646,-605,-497,-343,-163,35,209,382,522,596,627,599,506,377,216,22,-157,-328,-470,-561,-592,-575,-513,-389,-236,-71,106,270,401,492,540,535,481,389,256,112,-42,-188,-310,-404,-457,-467,-434,-375,-269,-144,-12,110,225,314,374,401,393,345,265,175,70,-46,-134,-213,-280,-315,-328,-296,-250,-196,-124,-37,39,114,183,235,272,285,274,237,187,116,35,-57,-139,-210,-267,-300,-302,-279,-217,-138,-44,54,157,253,308,331,316,273,193,85,-20,-131,-225,-295,-324,-313,-267,-190,-90,18,128,218,282,308,294,242,148,27,-100,-215,-279,-276,-214,1048,955,0,0,0,0,0,0,0,0,0,0,0,0,0,0,0,0,0,0,0,0,0,0,0,0,0,0,0,0,0,0,0,0,0,0,0,0,0,0,0,0,0,0,0,0,0,0,0,0,0,0,0,0,0,0,0,0,0,0,0,0,0,0,0,0,0,0,0,0,0,0,0,0,0,0,0,0,0,0,0,0,0,0,0,0,0,0,0,0,0,0,0,0,0,0,0,0,0,0,0,0,0,0,0,0,0,0,0,0,0,0,0,0,0,0,0,0,0,0,0,0,0,0,0,0,0,0,0,0,0,0,0,0,0,0,0,0,0,0,0,0,0,0,0,0,0,0,0,0,0,0,0,0,0,0,0,0,0,0,0,0,0,0,0,0,0,0,0,0,0,0,0,0,0,0,0,0,0,0,0,0,0,0,0,0,0,0,0,0,0,0,0,0,0,0,0,0,0,0,0,0,0,0,0,0,0,0,0,0,0,0,0,0,0,0,0,0,0,0,0,0,0,0,0,0,0,0,0,0,0,0,0,0,0,0,0,0,0,0,0,0,0,0,0,0,0,0,0,0,0,0,0,0,0,0,0,0,206,-870,-990,66,-31,-150,-239,-273,-248,-172,-60,65,175,260,313,314,274,197,93,-26,-144,-247,-329,-368,-355,-309,-216,-98,29,156,272,347,385,377,336,258,144,19,-104,-210,-298,-350,-363,-333,-273,-199,-105,-5,102,184,247,293,303,280,247,196,119,42,-24,-90,-147,-196,-221,-227,-216,-196,-173,-133,-89,-36,14,62,113,152,201,243,258,268,251,216,165,86,-4,-107,-223,-322,-400,-442,-441,-405,-315,-187,-37,133,292,428,528,581,573,499,384,226,35,-168,-350,-492,-600,-647,-628,-548,-415,-240,-35,157,341,505,601,653,634,561,439,274,84,-105,-295,-455,-575,-647,147,-594,-477,-332,-151,41,240,416,546,626,636,593,508,357,191,6,-188,-363,-494,-586,-615,-587,-519,-391,-231,-51,117,288,432,518,569,562,501,395,252,97,-68,-216,-350,-451,-500,-507,-464,-383,-268,-134,18,153,272,368,416,427,404,348,262,162,49,-70,-183,-267,-323,-355,-346,-300,-257,-183,-98,-2,91,164,224,273,288,279,260,215,156,81,0,-87,-162,-221,-265,-288,-289,-259,-212,-140,-48,50,148,233,284,315,313,286,219,124,17,-90,-189,-279,-323,-334,-309,-244,-153,-42,66,168,249,300,316,290,225,131,15,-95,-196,-274,-306,-288,-217,-99,39,142,-225,-476
29232,mtk,MTK 7916,2779575112,rx1-tx1,512,0,0,0,0,0,0,0,0,0,0,0,0,0,0,0,0,0,0,0,0,0,0,0,0,0,0,0,0,0,0,0,0,0,0,0,0,0,0,0,0,0,0,0,0,0,0,0,0,0,0,0,0,0,0,0,0,0,0,0,0,0,0,0,0,0,0,0,0,0,0,0,0,0,0,0,0,0,0,0,0,0,0,0,0,0,0,0,0,0,0,0,0,0,0,0,0,0,0,0,0,0,0,0,0,0,0,0,0,0,0,0,0,0,0,0,0,0,0,0,0,0,0,0,0,0,0,0,0,0,0,0,0,0,0,0,0,0,0,0,0,0,0,0,0,0,0,0,0,0,0,0,0,0,0,0,0,0,0,0,0,0,0,0,0,0,0,0,0,0,0,0,0,0,0,0,0,0,0,0,0,0,0,0,0,0,0,0,0,0,0,0,0,0,0,0,0,0,0,0,0,0,0,0,0,0,0,0,0,0,0,0,0,0,0,0,0,0,0,0,0,0,0,0,0,0,0,0,0,0,0,0,0,0,0,0,0,0,0,0,0,0,0,0,0,0,0,0,0,0,0,0,0,0,0,0,0,-411,853,970,49,52,49,42,22,-2,-24,-44,-64,-76,-77,-66,-44,-17,16,46,74,84,82,67,38,0,-33,-61,-82,-86,-73,-57,-33,4,36,52,61,59,51,30,11,-9,-25,-32,-33,-40,-35,-17,-9,-4,2,8,10,13,16,15,23,28,28,18,3,-16,-30,-41,-51,-54,-49,-29,1,33,56,68,67,59,38,4,-31,-65,-81,-83,-68,-42,-6,34,65,77,72,60,37,4,-32,-66,-84,-78,-58,-33,1,32,51,64,65,49,25,-3,-25,-43,-53,-50,-44,-28,-8,8,19,32,38,34,29,24,16,6,-5,-21,-37,-52,-56,-47,-39,-33,-10,0,55,89,108,103,78,37,-14,-68,-118,-150,-161,-139,-85,-19,62,133,180,198,184,129,39,-62,-154,-217,-243,-223,-162,-70,41,146,232,276,264,197,92,-30,-151,-239,-282,-271,-212,-111,14,135,234,285,271,204,103,-14,-129,-221,-265,-255,-195,-98,21,134,219,261,248,175,72,-40,-145,-226,-259,-235,-163,-62,48,154,233,262,245,173,61,-57,-156,-229,-257,-230,-164,-67,54,162,225,248,222,165,82,-18,-119,-197,-226,-210,-162,-89,7,99,162,185,175,137,74,-3,-76,-132,-158,-159,-129,-72,2,73,137,170,171,144,96,35,-28,-91,-139,-167,-175,247,486,0,0,0,0,0,0,0,0,0,0,0,0,0,0,0,0,0,0,0,0,0,0,0,0,0,0,0,0,0,0,0,0,0,0,0,0,0,0,0,0,0,0,0,0,0,0,0,0,0,0,0,0,0,0,0,0,0,0,0,0,0,0,0,0,0,0,0,0,0,0,0,0,0,0,0,0,0,0,0,0,0,0,0,0,0,0,0,0,0,0,0,0,0,0,0,0,0,0,0,0,0,0,0,0,0,0,0,0,0,0,0,0,0,0,0,0,0,0,0,0,0,0,0,0,0,0,0,0,0,0,0,0,0,0,0,0,0,0,0,0,0,0,0,0,0,0,0,0,0,0,0,0,0,0,0,0,0,0,0,0,0,0,0,0,0,0,0,0,0,0,0,0,0,0,0,0,0,0,0,0,0,0,0,0,0,0,0,0,0,0,0,0,0,0,0,0,0,0,0,0,0,0,0,0,0,0,0,0,0,0,0,0,0,0,0,0,0,0,0,0,0,0,0,0,0,0,0,0,0,0,0,0,0,0,0,0,0,0,0,0,0,0,0,0,0,0,0,0,0,0,0,0,0,0,0,0,-92,550,324,1,20,38,53,66,72,68,60,44,14,-19,-44,-64,-77,-83,-71,-44,-6,25,51,74,87,83,64,32,-6,-37,-56,-74,-83,-71,-46,-15,12,33,45,49,47,38,29,17,-4,-16,-24,-24,-25,-20,-17,-14,-13,-9,-8,-2,8,20,32,41,41,38,22,2,-18,-40,-62,-67,-62,-43,-17,15,45,64,74,73,57,23,-18,-57,-77,-81,-74,-54,-24,17,54,77,78,70,46,10,-24,-47,-62,-69,-61,-46,-22,8,42,55,56,51,36,14,-13,-28,-38,-38,-33,-29,-26,-15,4,23,30,30,36,38,33,32,23,2,-22,-41,-63,-81,0,-62,-39,-1,40,85,121,136,124,86,27,-36,-98,-151,-184,-184,-141,-68,21,108,177,217,220,176,98,3,-98,-189,-247,-260,-221,-136,-27,89,192,262,287,251,160,42,-81,-195,-267,-286,-253,-168,-53,71,184,257,276,240,156,46,-75,-178,-248,-266,-231,-144,-31,85,179,239,254,215,131,13,-109,-197,-241,-248,-202,-109,6,112,200,257,259,208,118,3,-107,-194,-248,-250,-205,-123,-15,95,180,232,242,208,133,35,-65,-142,-191,-205,-182,-122,-45,37,113,158,170,149,99,35,-36,-108,-151,-164,-146,-103,-44,28,100,154,183,183,160,121,73,12,972,876
29233,mtk,MTK 7916,2779575112,rx2-tx0,512,0,0,0,0,0,0,0,0,0,0,0,0,0,0,0,0,0,0,0,0,0,0,0,0,0,0,0,0,0,0,0,0,0,0,0,0,0,0,0,0,0,0,0,0,0,0,0,0,0,0,0,0,0,0,0,0,0,0,0,0,0,0,0,0,0,0,0,0,0,0,0,0,0,0,0,0,0,0,0,0,0,0,0,0,0,0,0,0,0,0,0,0,0,0,0,0,0,0,0,0,0,0,0,0,0,0,0,0,0,0,0,0,0,0,0,0,0,0,0,0,0,0,0,0,0,0,0,0,0,0,0,0,0,0,0,0,0,0,0,0,0,0,0,0,0,0,0,0,0,0,0,0,0,0,0,0,0,0,0,0,0,0,0,0,0,0,0,0,0,0,0,0,0,0,0,0,0,0,0,0,0,0,0,0,0,0,0,0,0,0,0,0,0,0,0,0,0,0,0,0,0,0,0,0,0,0,0,0,0,0,0,0,0,0,0,0,0,0,0,0,0,0,0,0,0,0,0,0,0,0,0,0,0,0,0,0,0,0,0,0,0,0,0,0,0,0,0,0,0,0,0,0,0,0,0,0,-136,-764,-527,44,28,6,-20,-47,-74,-92,-100,-98,-77,-46,-8,29,64,88,100,97,77,44,4,-36,-71,-96,-104,-98,-77,-43,-5,34,68,97,110,104,85,56,22,-23,-71,-105,-123,-125,-109,-70,-13,46,103,146,164,151,112,49,-26,-102,-163,-195,-182,-138,-61,35,132,206,238,220,155,54,-63,-173,-255,-287,-250,-155,-30,108,226,303,321,268,146,-12,-172,-303,-369,-357,-271,-116,72,252,381,432,388,258,66,-144,-323,-439,-470,-391,-224,-12,207,385,488,481,373,182,-46,-270,-440,-513,-471,-327,-110,133,347,482,514,435,254,10,-237,-430,-533,-511,-376,-154,0,327,493,550,489,318,70,-200,-429,-559,-566,-453,-243,25,304,515,608,575,423,173,-117,-387,-577,-640,-568,-382,-107,196,459,627,668,569,354,63,-242,-500,-656,-675,-556,-324,-31,273,513,645,642,512,283,0,-281,-499,-604,-586,-462,-255,7,264,456,548,529,405,205,-25,-241,-401,-476,-449,-333,-157,44,228,358,411,375,264,107,-64,-212,-317,-354,-313,-209,-61,90,211,286,305,261,167,34,-104,-215,-275,-291,-249,-157,-33,93,196,258,275,241,160,53,-62,-165,-237,-261,-236,-172,-84,21,123,199,241,241,204,137,52,-41,-128,-192,-229,-233,-214,-176,-122,-1144,-1087,0,0,0,0,0,0,0,0,0,0,0,0,0,0,0,0,0,0,0,0,0,0,0,0,0,0,0,0,0,0,0,0,0,0,0,0,0,0,0,0,0,0,0,0,0,0,0,0,0,0,0,0,0,0,0,0,0,0,0,0,0,0,0,0,0,0,0,0,0,0,0,0,0,0,0,0,0,0,0,0,0,0,0,0,0,0,0,0,0,0,0,0,0,0,0,0,0,0,0,0,0,0,0,0,0,0,0,0,0,0,0,0,0,0,0,0,0,0,0,0,0,0,0,0,0,0,0,0,0,0,0,0,0,0,0,0,0,0,0,0,0,0,0,0,0,0,0,0,0,0,0,0,0,0,0,0,0,0,0,0,0,0,0,0,0,0,0,0,0,0,0,0,0,0,0,0,0,0,0,0,0,0,0,0,0,0,0,0,0,0,0,0,0,0,0,0,0,0,0,0,0,0,0,0,0,0,0,0,0,0,0,0,0,0,0,0,0,0,0,0,0,0,0,0,0,0,0,0,0,0,0,0,0,0,0,0,0,0,0,0,0,0,0,0,0,0,0,0,0,0,0,0,0,0,0,0,1335,833,1003,61,78,89,93,85,66,37,2,-35,-68,-90,-103,-98,-77,-43,-7,31,67,90,98,94,76,44,5,-32,-64,-93,-107,-105,-87,-57,-14,29,66,97,114,114,96,60,17,-30,-84,-125,-140,-140,-115,-64,1,66,128,167,175,155,97,17,-68,-148,-206,-218,-182,-107,-13,91,188,247,252,202,111,-12,-140,-244,-297,-288,-210,-82,66,209,310,351,313,202,44,-128,-281,-384,-398,-327,-181,8,201,353,440,436,332,152,-64,-265,-420,-487,-443,-302,-95,129,330,465,507,430,259,30,-204,-392,-500,-495,-382,-180,66,300,459,522,472,316,92,-162,-383,-514,0,-445,-239,18,271,468,564,537,388,151,-121,-376,-550,-599,-523,-335,-74,207,456,607,622,501,275,-13,-298,-524,-646,-629,-479,-229,69,364,581,679,630,452,186,-119,-398,-596,-672,-616,-430,-161,134,404,583,636,566,388,135,-142,-381,-534,-580,-508,-331,-98,145,348,479,511,429,266,66,-140,-320,-428,-443,-364,-217,-37,142,290,368,374,297,159,-3,-152,-265,-323,-315,-244,-123,29,160,250,293,276,206,98,-33,-155,-247,-284,-271,-206,-102,20,133,222,266,258,202,114,10,-97,-185,-236,-249,-220,-154,-61,43,137,206,241,244,213,155,74,-9,-77,-123,-161,42,337
29234,mtk,MTK 7916,2779575112,rx2-tx1,512,0,0,0,0,0,0,0,0,0,0,0,0,0,0,0,0,0,0,0,0,0,0,0,0,0,0,0,0,0,0,0,0,0,0,0,0,0,0,0,0,0,0,0,0,0,0,0,0,0,0,0,0,0,0,0,0,0,0,0,0,0,0,0,0,0,0,0,0,0,0,0,0,0,0,0,0,0,0,0,0,0,0,0,0,0,0,0,0,0,0,0,0,0,0,0,0,0,0,0,0,0,0,0,0,0,0,0,0,0,0,0,0,0,0,0,0,0,0,0,0,0,0,0,0,0,0,0,0,0,0,0,0,0,0,0,0,0,0,0,0,0,0,0,0,0,0,0,0,0,0,0,0,0,0,0,0,0,0,0,0,0,0,0,0,0,0,0,0,0,0,0,0,0,0,0,0,0,0,0,0,0,0,0,0,0,0,0,0,0,0,0,0,0,0,0,0,0,0,0,0,0,0,0,0,0,0,0,0,0,0,0,0,0,0,0,0,0,0,0,0,0,0,0,0,0,0,0,0,0,0,0,0,0,0,0,0,0,0,0,0,0,0,0,0,0,0,0,0,0,0,0,0,0,0,0,0,236,-181,-410,61,56,47,21,-7,-32,-57,-78,-94,-95,-77,-46,-4,42,72,93,97,84,50,10,-35,-74,-99,-99,-82,-47,3,54,96,117,111,79,32,-28,-86,-123,-130,-105,-64,-6,65,128,156,138,93,24,-57,-133,-182,-189,-141,-58,35,127,203,227,201,131,22,-110,-217,-274,-275,-221,-100,53,201,311,358,330,227,61,-130,-297,-404,-433,-362,-203,-2,205,383,482,474,367,170,-72,-295,-461,-537,-500,-346,-115,139,359,517,563,473,286,45,-217,-432,-557,-557,-437,-219,38,274,458,552,514,356,133,-113,-332,-477,-514,-440,-257,-18,202,374,465,454,325,123,0,-282,-409,-444,-370,-204,2,208,375,441,404,284,91,-132,-316,-428,-446,-361,-194,22,236,397,464,428,300,106,-118,-321,-453,-478,-402,-252,-38,189,360,446,439,342,167,-45,-247,-385,-436,-390,-271,-96,93,257,356,372,311,185,23,-133,-254,-319,-305,-218,-95,38,160,241,261,226,144,32,-82,-168,-212,-207,-153,-65,31,121,177,186,154,93,5,-73,-133,-160,-153,-113,-51,24,86,127,140,126,86,20,-45,-87,-107,-110,-91,-55,-3,46,77,90,86,62,31,-9,-44,-59,-61,-55,-36,-9,17,37,46,43,27,4,-21,-41,-53,-51,-36,-21,-5,23,513,292,0,0,0,0,0,0,0,0,0,0,0,0,0,0,0,0,0,0,0,0,0,0,0,0,0,0,0,0,0,0,0,0,0,0,0,0,0,0,0,0,0,0,0,0,0,0,0,0,0,0,0,0,0,0,0,0,0,0,0,0,0,0,0,0,0,0,0,0,0,0,0,0,0,0,0,0,0,0,0,0,0,0,0,0,0,0,0,0,0,0,0,0,0,0,0,0,0,0,0,0,0,0,0,0,0,0,0,0,0,0,0,0,0,0,0,0,0,0,0,0,0,0,0,0,0,0,0,0,0,0,0,0,0,0,0,0,0,0,0,0,0,0,0,0,0,0,0,0,0,0,0,0,0,0,0,0,0,0,0,0,0,0,0,0,0,0,0,0,0,0,0,0,0,0,0,0,0,0,0,0,0,0,0,0,0,0,0,0,0,0,0,0,0,0,0,0,0,0,0,0,0,0,0,0,0,0,0,0,0,0,0,0,0,0,0,0,0,0,0,0,0,0,0,0,0,0,0,0,0,0,0,0,0,0,0,0,0,0,0,0,0,0,0,0,0,0,0,0,0,0,0,0,0,0,0,0,-351,-924,-845,30,48,68,84,92,86,71,47,14,-25,-58,-83,-99,-97,-73,-30,14,56,89,100,95,74,33,-17,-67,-105,-117,-101,-68,-15,40,93,124,119,89,48,-13,-79,-125,-136,-112,-74,-15,59,122,159,162,117,41,-47,-127,-184,-206,-175,-90,15,121,207,249,232,162,48,-91,-215,-298,-330,-284,-162,-5,166,311,392,385,289,124,-74,-262,-398,-458,-422,-288,-83,143,341,476,507,427,251,18,-227,-421,-531,-525,-417,-213,38,291,489,576,532,372,140,-120,-356,-514,-557,-485,-309,-65,192,399,518,513,399,210,-28,-262,-424,-490,-443,-296,-85,143,330,440,0,355,169,-47,-243,-382,-436,-388,-245,-41,177,348,437,427,324,145,-74,-276,-419,-469,-402,-245,-43,174,355,459,457,359,175,-44,-257,-406,-468,-428,-299,-99,116,299,420,447,375,225,29,-169,-322,-401,-391,-298,-147,29,193,308,350,310,210,67,-82,-207,-279,-285,-222,-125,-7,114,202,234,215,147,39,-63,-139,-188,-197,-153,-75,17,96,151,177,160,98,23,-54,-123,-159,-151,-114,-61,-4,55,110,137,121,83,38,-12,-65,-99,-101,-85,-52,-11,26,61,77,63,47,31,-1,-33,-47,-51,-45,-27,-11,10,30,40,39,30,7,-17,-37,-52,-67,-64,-799,-888
29235,mtk,MTK 7916,2779626447,rx0-tx0,512,0,0,0,0,0,0,0,0,0,0,0,0,0,0,0,0,0,0,0,0,0,0,0,0,0,0,0,0,0,0,0,0,0,0,0,0,0,0,0,0,0,0,0,0,0,0,0,0,0,0,0,0,0,0,0,0,0,0,0,0,0,0,0,0,0,0,0,0,0,0,0,0,0,0,0,0,0,0,0,0,0,0,0,0,0,0,0,0,0,0,0,0,0,0,0,0,0,0,0,0,0,0,0,0,0,0,0,0,0,0,0,0,0,0,0,0,0,0,0,0,0,0,0,0,0,0,0,0,0,0,0,0,0,0,0,0,0,0,0,0,0,0,0,0,0,0,0,0,0,0,0,0,0,0,0,0,0,0,0,0,0,0,0,0,0,0,0,0,0,0,0,0,0,0,0,0,0,0,0,0,0,0,0,0,0,0,0,0,0,0,0,0,0,0,0,0,0,0,0,0,0,0,0,0,0,0,0,0,0,0,0,0,0,0,0,0,0,0,0,0,0,0,0,0,0,0,0,0,0,0,0,0,0,0,0,0,0,0,0,0,0,0,0,0,0,0,0,0,0,0,0,0,0,0,0,0,-273,851,859,-271,-367,-392,-328,-197,-28,144,296,419,493,524,506,439,333,196,35,-135,-301,-449,-564,-645,-673,-652,-580,-458,-291,-96,111,316,502,659,762,819,814,753,632,469,286,67,-150,-356,-541,-696,-797,-853,-866,-816,-717,-588,-428,-230,-23,188,395,573,733,846,907,926,896,811,678,510,303,71,-171,-393,-601,-792,-936,-1013,-1044,-1016,-922,-774,-575,-357,-100,165,424,660,860,1009,1091,1115,1061,959,797,579,343,77,-191,-447,-666,-847,-976,-1037,-1044,-997,-891,-726,-539,-326,-94,124,330,518,679,796,863,889,883,822,727,604,445,277,87,-108,-291,-455,-610,-730,-814,-863,-1687,-829,-748,-625,-467,-290,-97,105,303,487,657,780,868,918,917,869,790,666,502,319,109,-108,-321,-529,-716,-866,-975,-1050,-1068,-1032,-946,-797,-599,-361,-96,189,483,738,975,1165,1287,1344,1321,1214,1021,768,461,115,-248,-587,-911,-1178,-1381,-1500,-1530,-1457,-1290,-1045,-726,-366,22,394,757,1082,1323,1486,1556,1527,1412,1199,921,586,208,-179,-550,-883,-1161,-1376,-1496,-1520,-1448,-1287,-1040,-721,-359,22,411,777,1082,1323,1462,1499,1427,1253,995,659,284,-112,-495,-827,-1095,-1279,-1360,-1335,-1209,-1002,-726,-397,-48,298,613,882,1075,1183,1199,1119,940,672,323,-77,-481,-851,-1109,-1182,-1062,-816,524,676,0,0,0,0,0,0,0,0,0,0,0,0,0,0,0,0,0,0,0,0,0,0,0,0,0,0,0,0,0,0,0,0,0,0,0,0,0,0,0,0,0,0,0,0,0,0,0,0,0,0,0,0,0,0,0,0,0,0,0,0,0,0,0,0,0,0,0,0,0,0,0,0,0,0,0,0,0,0,0,0,0,0,0,0,0,0,0,0,0,0,0,0,0,0,0,0,0,0,0,0,0,0,0,0,0,0,0,0,0,0,0,0,0,0,0,0,0,0,0,0,0,0,0,0,0,0,0,0,0,0,0,0,0,0,0,0,0,0,0,0,0,0,0,0,0,0,0,0,0,0,0,0,0,0,0,0,0,0,0,0,0,0,0,0,0,0,0,0,0,0,0,0,0,0,0,0,0,0,0,0,0,0,0,0,0,0,0,0,0,0,0,0,0,0,0,0,0,0,0,0,0,0,0,0,0,0,0,0,0,0,0,0,0,0,0,0,0,0,0,0,0,0,0,0,0,0,0,0,0,0,0,0,0,0,0,0,0,0,0,0,0,0,0,0,0,0,0,0,0,0,0,0,0,0,0,0,-1322,123,-99,-173,-49,123,291,416,474,462,397,284,140,-18,-187,-334,-451,-539,-583,-581,-529,-432,-300,-139,45,230,401,557,677,748,761,710,610,459,275,70,-148,-363,-552,-695,-797,-849,-839,-778,-671,-517,-326,-130,84,294,476,635,764,848,877,865,800,693,547,361,156,-61,-279,-493,-672,-823,-934,-990,-976,-907,-802,-647,-441,-213,32,283,528,739,903,1025,1090,1086,1019,883,706,475,218,-52,-319,-556,-781,-943,-1045,-1100,-1084,-1003,-857,-670,-437,-189,56,294,515,697,832,933,968,945,881,775,632,455,265,73,-122,-319,-488,-637,-752,-821,-857,-853,-804,-730,-616,-461,-291,-101,-175,288,469,627,753,847,896,895,845,757,633,468,295,93,-116,-318,-500,-671,-803,-900,-959,-962,-929,-852,-721,-547,-348,-127,114,356,593,812,985,1115,1187,1207,1138,1003,822,571,280,-35,-362,-688,-969,-1196,-1360,-1451,-1447,-1356,-1177,-923,-605,-248,134,513,854,1150,1373,1518,1557,1502,1368,1130,829,480,99,-286,-660,-987,-1247,-1429,-1527,-1525,-1428,-1244,-988,-669,-305,81,460,806,1108,1336,1472,1521,1466,1300,1055,732,359,-38,-435,-791,-1089,-1308,-1427,-1445,-1347,-1146,-876,-542,-169,205,555,848,1078,1222,1268,1216,1073,856,571,246,-104,-449,-766,-1026,-1194,-1240,-1149,-912,-533,-71,380,695,685,529
29236,mtk,MTK 7916,2779626447,rx0-tx1,512,0,0,0,0,0,0,0,0,0,0,0,0,0,0,0,0,0,0,0,0,0,0,0,0,0,0,0,0,0,0,0,0,0,0,0,0,0,0,0,0,0,0,0,0,0,0,0,0,0,0,0,0,0,0,0,0,0,0,0,0,0,0,0,0,0,0,0,0,0,0,0,0,0,0,0,0,0,0,0,0,0,0,0,0,0,0,0,0,0,0,0,0,0,0,0,0,0,0,0,0,0,0,0,0,0,0,0,0,0,0,0,0,0,0,0,0,0,0,0,0,0,0,0,0,0,0,0,0,0,0,0,0,0,0,0,0,0,0,0,0,0,0,0,0,0,0,0,0,0,0,0,0,0,0,0,0,0,0,0,0,0,0,0,0,0,0,0,0,0,0,0,0,0,0,0,0,0,0,0,0,0,0,0,0,0,0,0,0,0,0,0,0,0,0,0,0,0,0,0,0,0,0,0,0,0,0,0,0,0,0,0,0,0,0,0,0,0,0,0,0,0,0,0,0,0,0,0,0,0,0,0,0,0,0,0,0,0,0,0,0,0,0,0,0,0,0,0,0,0,0,0,0,0,0,0,0,-730,24,62,233,194,89,-46,-182,-297,-367,-393,-376,-318,-226,-115,8,138,261,365,448,501,514,490,425,324,189,34,-135,-307,-461,-585,-679,-724,-712,-656,-549,-397,-212,4,219,426,617,763,873,925,912,839,714,537,311,66,-191,-445,-676,-868,-1011,-1085,-1095,-1037,-915,-734,-500,-239,44,332,600,834,1032,1154,1211,1204,1130,978,767,508,222,-84,-392,-671,-913,-1102,-1237,-1306,-1288,-1202,-1040,-818,-561,-256,54,377,684,931,1150,1300,1374,1370,1287,1133,905,629,311,-26,-361,-679,-968,-1193,-1345,-1429,-1429,-1343,-1186,-954,-666,-351,4,346,663,947,1181,1348,1431,1430,1359,1213,983,707,392,-546,-292,-613,-891,-1126,-1301,-1409,-1432,-1383,-1259,-1053,-801,-507,-169,166,501,811,1080,1280,1420,1478,1450,1345,1158,911,597,255,-116,-467,-797,-1085,-1315,-1468,-1526,-1491,-1381,-1192,-924,-599,-250,107,461,788,1064,1281,1425,1471,1439,1333,1145,892,594,264,-84,-417,-718,-982,-1182,-1300,-1364,-1340,-1245,-1082,-857,-582,-276,42,353,651,913,1113,1247,1315,1298,1208,1042,808,522,205,-125,-448,-743,-990,-1165,-1262,-1286,-1223,-1069,-850,-570,-252,77,399,684,919,1087,1166,1160,1073,909,684,413,124,-167,-440,-667,-837,-941,-974,-941,-835,-668,-460,-220,40,300,542,740,880,940,887,727,464,127,-220,-472,-63,-36,0,0,0,0,0,0,0,0,0,0,0,0,0,0,0,0,0,0,0,0,0,0,0,0,0,0,0,0,0,0,0,0,0,0,0,0,0,0,0,0,0,0,0,0,0,0,0,0,0,0,0,0,0,0,0,0,0,0,0,0,0,0,0,0,0,0,0,0,0,0,0,0,0,0,0,0,0,0,0,0,0,0,0,0,0,0,0,0,0,0,0,0,0,0,0,0,0,0,0,0,0,0,0,0,0,0,0,0,0,0,0,0,0,0,0,0,0,0,0,0,0,0,0,0,0,0,0,0,0,0,0,0,0,0,0,0,0,0,0,0,0,0,0,0,0,0,0,0,0,0,0,0,0,0,0,0,0,0,0,0,0,0,0,0,0,0,0,0,0,0,0,0,0,0,0,0,0,0,0,0,0,0,0,0,0,0,0,0,0,0,0,0,0,0,0,0,0,0,0,0,0,0,0,0,0,0,0,0,0,0,0,0,0,0,0,0,0,0,0,0,0,0,0,0,0,0,0,0,0,0,0,0,0,0,0,0,0,0,0,0,0,0,0,0,0,0,0,0,0,0,0,0,0,0,0,0,-128,155,151,-95,-215,-307,-340,-314,-233,-116,12,144,263,353,410,439,428,383,305,198,69,-74,-218,-355,-475,-564,-612,-617,-572,-477,-349,-190,2,191,378,546,682,783,824,806,744,617,450,247,10,-224,-454,-661,-833,-953,-1014,-1013,-946,-809,-623,-396,-137,134,407,654,866,1029,1129,1172,1133,1020,852,629,360,74,-218,-509,-773,-987,-1146,-1236,-1265,-1215,-1089,-906,-667,-396,-87,229,531,808,1033,1209,1317,1349,1307,1175,982,739,443,123,-210,-531,-828,-1075,-1258,-1376,-1413,-1371,-1257,-1061,-801,-498,-162,187,522,825,1090,1282,1407,1452,1407,1286,1091,835,519,185,-157,-484,-798,-1057,-1250,-1384,1197,-1412,-1295,-1119,-880,-599,-280,56,387,702,977,1193,1359,1444,1442,1362,1211,990,714,399,45,-298,-635,-939,-1197,-1388,-1497,-1515,-1442,-1296,-1069,-786,-448,-79,289,633,943,1201,1383,1473,1495,1432,1275,1048,766,435,83,-266,-606,-903,-1138,-1304,-1398,-1419,-1345,-1207,-1002,-723,-428,-111,218,524,804,1037,1211,1311,1335,1283,1159,961,708,421,104,-221,-529,-808,-1040,-1209,-1298,-1306,-1230,-1076,-851,-566,-257,71,399,698,944,1128,1229,1241,1168,1013,792,510,195,-117,-421,-683,-891,-1024,-1080,-1055,-952,-782,-563,-312,-48,215,459,657,807,896,914,862,734,545,303,4,-309,-593,-808,-892,-829,-657,135,144
29237,mtk,MTK 7916,2779626447,rx1-tx0,512,0,0,0,0,0,0,0,0,0,0,0,0,0,0,0,0,0,0,0,0,0,0,0,0,0,0,0,0,0,0,0,0,0,0,0,0,0,0,0,0,0,0,0,0,0,0,0,0,0,0,0,0,0,0,0,0,0,0,0,0,0,0,0,0,0,0,0,0,0,0,0,0,0,0,0,0,0,0,0,0,0,0,0,0,0,0,0,0,0,0,0,0,0,0,0,0,0,0,0,0,0,0,0,0,0,0,0,0,0,0,0,0,0,0,0,0,0,0,0,0,0,0,0,0,0,0,0,0,0,0,0,0,0,0,0,0,0,0,0,0,0,0,0,0,0,0,0,0,0,0,0,0,0,0,0,0,0,0,0,0,0,0,0,0,0,0,0,0,0,0,0,0,0,0,0,0,0,0,0,0,0,0,0,0,0,0,0,0,0,0,0,0,0,0,0,0,0,0,0,0,0,0,0,0,0,0,0,0,0,0,0,0,0,0,0,0,0,0,0,0,0,0,0,0,0,0,0,0,0,0,0,0,0,0,0,0,0,0,0,0,0,0,0,0,0,0,0,0,0,0,0,0,0,0,0,0,146,608,371,34,130,221,268,261,204,117,9,-96,-189,-268,-316,-325,-297,-243,-175,-85,17,125,220,293,343,364,348,300,234,150,51,-54,-162,-245,-302,-337,-352,-342,-290,-236,-163,-74,12,89,152,214,250,267,278,270,234,193,140,83,28,-10,-62,-101,-129,-156,-169,-182,-181,-174,-163,-148,-134,-109,-86,-68,-37,-3,24,77,121,170,208,246,273,288,295,287,254,196,122,28,-74,-186,-292,-381,-453,-500,-517,-493,-415,-315,-189,-47,103,240,373,494,573,609,615,577,486,365,225,63,-107,-257,-395,-509,-594,-637,-642,-601,-526,-423,-275,-123,35,185,336,468,556,618,-144,631,568,475,357,211,50,-114,-262,-404,-517,-602,-643,-634,-589,-505,-392,-265,-117,37,190,329,441,524,575,593,575,506,420,304,165,17,-121,-251,-368,-449,-508,-528,-500,-460,-396,-294,-186,-82,33,143,239,323,375,409,427,408,361,301,232,151,54,-40,-114,-195,-255,-295,-317,-320,-311,-293,-250,-187,-127,-60,8,73,125,179,234,264,283,292,277,246,205,155,88,14,-63,-134,-200,-263,-307,-329,-320,-290,-235,-166,-88,2,95,178,254,301,336,338,311,261,188,94,-4,-95,-181,-244,-289,-309,-303,-265,-205,-123,-33,56,152,231,275,286,252,186,84,-4,1048,955,0,0,0,0,0,0,0,0,0,0,0,0,0,0,0,0,0,0,0,0,0,0,0,0,0,0,0,0,0,0,0,0,0,0,0,0,0,0,0,0,0,0,0,0,0,0,0,0,0,0,0,0,0,0,0,0,0,0,0,0,0,0,0,0,0,0,0,0,0,0,0,0,0,0,0,0,0,0,0,0,0,0,0,0,0,0,0,0,0,0,0,0,0,0,0,0,0,0,0,0,0,0,0,0,0,0,0,0,0,0,0,0,0,0,0,0,0,0,0,0,0,0,0,0,0,0,0,0,0,0,0,0,0,0,0,0,0,0,0,0,0,0,0,0,0,0,0,0,0,0,0,0,0,0,0,0,0,0,0,0,0,0,0,0,0,0,0,0,0,0,0,0,0,0,0,0,0,0,0,0,0,0,0,0,0,0,0,0,0,0,0,0,0,0,0,0,0,0,0,0,0,0,0,0,0,0,0,0,0,0,0,0,0,0,0,0,0,0,0,0,0,0,0,0,0,0,0,0,0,0,0,0,0,0,0,0,0,0,0,0,0,0,0,0,0,0,0,0,0,0,0,0,0,0,0,0,206,-870,-990,187,183,116,11,-106,-204,-274,-302,-287,-246,-177,-75,33,135,218,282,324,341,322,271,199,113,9,-102,-204,-284,-341,-367,-366,-332,-266,-190,-105,-11,94,175,237,289,316,318,294,263,213,141,76,5,-69,-128,-169,-203,-219,-222,-215,-207,-178,-153,-121,-90,-52,-15,23,57,79,108,124,141,156,181,183,193,197,188,173,141,101,40,-20,-86,-169,-246,-316,-367,-398,-414,-398,-351,-273,-173,-57,74,218,350,447,525,572,573,539,469,357,213,62,-92,-259,-401,-507,-589,-635,-632,-578,-502,-391,-255,-94,73,228,367,489,579,625,633,606,552,445,314,172,147,-153,-301,-424,-533,-606,-645,-633,-588,-510,-389,-241,-80,83,234,379,488,566,609,612,576,516,420,297,153,0,-158,-292,-396,-484,-543,-565,-546,-499,-410,-305,-188,-50,73,180,297,394,444,470,465,434,380,300,199,107,8,-93,-184,-259,-315,-351,-373,-361,-341,-302,-238,-169,-91,-15,57,130,193,237,268,292,294,277,247,218,164,103,51,-15,-90,-152,-205,-249,-288,-306,-302,-276,-233,-177,-108,-24,63,146,224,278,318,337,325,292,229,148,57,-52,-136,-213,-275,-318,-329,-316,-272,-200,-120,-28,68,153,228,272,290,287,254,183,87,-14,-115,-195,-241,-233,-225,-476
29238,mtk,MTK 7916,2779626447,rx1-tx1,512,0,0,0,0,0,0,0,0,0,0,0,0,0,0,0,0,0,0,0,0,0,0,0,0,0,0,0,0,0,0,0,0,0,0,0,0,0,0,0,0,0,0,0,0,0,0,0,0,0,0,0,0,0,0,0,0,0,0,0,0,0,0,0,0,0,0,0,0,0,0,0,0,0,0,0,0,0,0,0,0,0,0,0,0,0,0,0,0,0,0,0,0,0,0,0,0,0,0,0,0,0,0,0,0,0,0,0,0,0,0,0,0,0,0,0,0,0,0,0,0,0,0,0,0,0,0,0,0,0,0,0,0,0,0,0,0,0,0,0,0,0,0,0,0,0,0,0,0,0,0,0,0,0,0,0,0,0,0,0,0,0,0,0,0,0,0,0,0,0,0,0,0,0,0,0,0,0,0,0,0,0,0,0,0,0,0,0,0,0,0,0,0,0,0,0,0,0,0,0,0,0,0,0,0,0,0,0,0,0,0,0,0,0,0,0,0,0,0,0,0,0,0,0,0,0,0,0,0,0,0,0,0,0,0,0,0,0,0,0,0,0,0,0,0,0,0,0,0,0,0,0,0,0,0,0,0,-411,853,970,-13,-31,-49,-63,-70,-72,-60,-33,-1,31,56,71,78,71,46,9,-30,-65,-85,-87,-72,-41,-1,37,66,80,77,59,30,-3,-41,-71,-78,-64,-48,-25,4,28,45,52,42,21,9,-4,-16,-24,-25,-23,-18,-12,-10,-8,-6,6,21,30,30,23,17,14,6,-15,-35,-47,-45,-33,-12,14,36,57,63,56,34,-3,-34,-55,-66,-63,-41,-12,20,50,64,65,47,17,-12,-40,-58,-61,-44,-21,6,33,52,54,44,24,1,-18,-37,-45,-41,-33,-21,1,19,27,30,30,24,10,-1,-5,-10,-23,-35,-38,-39,-36,-14,19,43,59,75,0,59,22,-29,-77,-107,-120,-110,-73,-11,63,123,167,174,133,58,-31,-116,-190,-226,-204,-123,-12,98,182,240,240,182,83,-40,-163,-249,-276,-240,-147,-10,121,212,261,263,196,73,-70,-199,-278,-292,-233,-114,28,157,244,274,241,147,13,-116,-216,-264,-245,-168,-46,80,183,242,243,174,63,-54,-160,-235,-247,-193,-89,33,145,226,249,210,121,7,-110,-207,-248,-228,-155,-52,72,175,231,232,181,85,-25,-117,-187,-215,-187,-116,-24,76,152,186,175,122,45,-35,-106,-154,-156,-126,-70,11,90,143,165,148,92,24,-53,-123,-176,-195,-178,-129,-72,-5,247,486,0,0,0,0,0,0,0,0,0,0,0,0,0,0,0,0,0,0,0,0,0,0,0,0,0,0,0,0,0,0,0,0,0,0,0,0,0,0,0,0,0,0,0,0,0,0,0,0,0,0,0,0,0,0,0,0,0,0,0,0,0,0,0,0,0,0,0,0,0,0,0,0,0,0,0,0,0,0,0,0,0,0,0,0,0,0,0,0,0,0,0,0,0,0,0,0,0,0,0,0,0,0,0,0,0,0,0,0,0,0,0,0,0,0,0,0,0,0,0,0,0,0,0,0,0,0,0,0,0,0,0,0,0,0,0,0,0,0,0,0,0,0,0,0,0,0,0,0,0,0,0,0,0,0,0,0,0,0,0,0,0,0,0,0,0,0,0,0,0,0,0,0,0,0,0,0,0,0,0,0,0,0,0,0,0,0,0,0,0,0,0,0,0,0,0,0,0,0,0,0,0,0,0,0,0,0,0,0,0,0,0,0,0,0,0,0,0,0,0,0,0,0,0,0,0,0,0,0,0,0,0,0,0,0,0,0,0,0,0,0,0,0,0,0,0,0,0,0,0,0,0,0,0,0,0,0,-92,550,324,49,49,41,25,3,-21,-45,-68,-78,-71,-53,-27,7,43,68,80,77,56,24,-15,-52,-80,-86,-76,-51,-20,20,57,77,80,68,43,9,-24,-50,-64,-62,-46,-25,2,19,30,34,35,29,22,10,-3,-8,-12,-17,-24,-24,-22,-23,-19,-7,11,24,34,37,37,21,2,-15,-36,-50,-54,-52,-33,4,39,52,65,61,39,7,-31,-56,-62,-64,-47,-21,10,41,64,59,42,21,-9,-41,-55,-52,-43,-22,-1,24,45,56,47,32,7,-16,-32,-40,-41,-31,-14,-6,1,15,26,30,29,26,20,7,-5,-24,-40,-53,-57,-49,-31,-3,0,67,93,101,82,32,-28,-78,-124,-145,-127,-99,-37,51,133,183,195,169,97,-5,-109,-185,-221,-206,-145,-41,75,175,245,263,214,110,-14,-136,-234,-283,-257,-177,-56,96,216,275,278,213,96,-40,-173,-265,-288,-233,-128,-3,127,227,269,243,152,28,-97,-201,-249,-237,-173,-61,70,179,241,239,179,81,-40,-158,-231,-250,-203,-103,18,128,214,253,228,147,31,-94,-188,-241,-237,-174,-73,37,142,203,213,179,107,10,-89,-170,-203,-182,-124,-42,49,124,163,163,122,59,-21,-101,-150,-164,-139,-76,-1,77,145,180,179,143,74,-6,-76,-133,-172,-183,972,876
29239,mtk,MTK 7916,2779626447,rx2-tx0,512,0,0,0,0,0,0,0,0,0,0,0,0,0,0,0,0,0,0,0,0,0,0,0,0,0,0,0,0,0,0,0,0,0,0,0,0,0,0,0,0,0,0,0,0,0,0,0,0,0,0,0,0,0,0,0,0,0,0,0,0,0,0,0,0,0,0,0,0,0,0,0,0,0,0,0,0,0,0,0,0,0,0,0,0,0,0,0,0,0,0,0,0,0,0,0,0,0,0,0,0,0,0,0,0,0,0,0,0,0,0,0,0,0,0,0,0,0,0,0,0,0,0,0,0,0,0,0,0,0,0,0,0,0,0,0,0,0,0,0,0,0,0,0,0,0,0,0,0,0,0,0,0,0,0,0,0,0,0,0,0,0,0,0,0,0,0,0,0,0,0,0,0,0,0,0,0,0,0,0,0,0,0,0,0,0,0,0,0,0,0,0,0,0,0,0,0,0,0,0,0,0,0,0,0,0,0,0,0,0,0,0,0,0,0,0,0,0,0,0,0,0,0,0,0,0,0,0,0,0,0,0,0,0,0,0,0,0,0,0,0,0,0,0,0,0,0,0,0,0,0,0,0,0,0,0,0,-136,-764,-527,-70,-90,-96,-88,-65,-31,8,51,85,103,103,86,54,10,-39,-78,-101,-103,-86,-52,-7,42,83,105,107,96,60,13,-37,-81,-110,-119,-105,-70,-22,30,79,113,128,123,87,27,-38,-97,-143,-162,-139,-84,-9,71,142,183,180,135,56,-45,-145,-211,-226,-186,-93,23,142,228,260,230,136,-8,-155,-260,-306,-279,-173,-14,154,282,346,323,207,21,-171,-323,-397,-366,-241,-46,172,351,438,416,286,74,-168,-367,-474,-459,-322,-99,153,376,497,489,357,123,-143,-369,-506,-511,-379,-140,135,370,507,508,375,143,-138,-383,-521,-517,-379,-134,152,399,539,0,384,135,-155,-411,-554,-554,-410,-148,164,432,579,577,426,156,-156,-433,-594,-609,-464,-180,161,459,641,651,500,222,-119,-428,-630,-673,-544,-275,63,393,631,696,581,330,-5,-333,-580,-684,-623,-407,-95,238,509,649,615,433,165,-132,-403,-572,-582,-453,-215,68,318,476,520,437,247,3,-227,-396,-454,-397,-247,-43,165,323,395,362,238,65,-118,-270,-346,-328,-229,-80,90,227,308,311,234,99,-49,-188,-278,-295,-240,-131,5,144,249,292,265,181,52,-87,-202,-270,-275,-218,-120,8,131,221,263,251,183,83,-33,-140,-221,-261,-249,-197,-117,-28,59,125,177,-1144,-1087,0,0,0,0,0,0,0,0,0,0,0,0,0,0,0,0,0,0,0,0,0,0,0,0,0,0,0,0,0,0,0,0,0,0,0,0,0,0,0,0,0,0,0,0,0,0,0,0,0,0,0,0,0,0,0,0,0,0,0,0,0,0,0,0,0,0,0,0,0,0,0,0,0,0,0,0,0,0,0,0,0,0,0,0,0,0,0,0,0,0,0,0,0,0,0,0,0,0,0,0,0,0,0,0,0,0,0,0,0,0,0,0,0,0,0,0,0,0,0,0,0,0,0,0,0,0,0,0,0,0,0,0,0,0,0,0,0,0,0,0,0,0,0,0,0,0,0,0,0,0,0,0,0,0,0,0,0,0,0,0,0,0,0,0,0,0,0,0,0,0,0,0,0,0,0,0,0,0,0,0,0,0,0,0,0,0,0,0,0,0,0,0,0,0,0,0,0,0,0,0,0,0,0,0,0,0,0,0,0,0,0,0,0,0,0,0,0,0,0,0,0,0,0,0,0,0,0,0,0,0,0,0,0,0,0,0,0,0,0,0,0,0,0,0,0,0,0,0,0,0,0,0,0,0,0,0,1335,833,1003,40,9,-21,-53,-83,-104,-109,-96,-66,-23,21,62,92,106,99,73,33,-16,-62,-94,-107,-101,-75,-33,16,56,91,111,106,82,42,-6,-60,-100,-121,-118,-95,-54,-4,57,110,139,136,110,59,-11,-82,-137,-170,-161,-112,-33,58,142,196,209,169,78,-37,-143,-218,-241,-204,-112,13,144,247,288,249,147,4,-146,-274,-331,-299,-189,-23,159,308,371,339,222,40,-165,-335,-419,-394,-261,-59,167,361,460,437,306,89,-163,-374,-486,-476,-339,-111,151,374,500,496,364,134,-133,-369,-506,-508,-375,-142,133,377,517,517,375,137,-139,-386,-532,-527,-384,-137,0,404,547,544,394,140,-159,-419,-571,-567,-412,-146,163,437,596,599,439,168,-149,-435,-611,-617,-462,-187,141,449,642,666,518,248,-91,-410,-630,-687,-569,-309,29,354,591,690,611,373,57,-278,-549,-676,-623,-423,-124,196,453,593,595,451,202,-86,-359,-531,-552,-443,-236,22,266,431,484,413,247,27,-191,-354,-418,-377,-248,-58,138,292,363,342,234,75,-97,-243,-320,-316,-232,-88,75,214,293,302,235,114,-37,-170,-266,-299,-258,-153,-14,123,227,280,273,198,78,-51,-165,-245,-268,-234,-154,-37,88,187,247,256,216,137,33,-78,-170,-231,-252,-231,-187,-120,42,337
29240,mtk,MTK 7916,2779626447,rx2-tx1,512,0,0,0,0,0,0,0,0,0,0,0,0,0,0,0,0,0,0,0,0,0,0,0,0,0,0,0,0,0,0,0,0,0,0,0,0,0,0,0,0,0,0,0,0,0,0,0,0,0,0,0,0,0,0,0,0,0,0,0,0,0,0,0,0,0,0,0,0,0,0,0,0,0,0,0,0,0,0,0,0,0,0,0,0,0,0,0,0,0,0,0,0,0,0,0,0,0,0,0,0,0,0,0,0,0,0,0,0,0,0,0,0,0,0,0,0,0,0,0,0,0,0,0,0,0,0,0,0,0,0,0,0,0,0,0,0,0,0,0,0,0,0,0,0,0,0,0,0,0,0,0,0,0,0,0,0,0,0,0,0,0,0,0,0,0,0,0,0,0,0,0,0,0,0,0,0,0,0,0,0,0,0,0,0,0,0,0,0,0,0,0,0,0,0,0,0,0,0,0,0,0,0,0,0,0,0,0,0,0,0,0,0,0,0,0,0,0,0,0,0,0,0,0,0,0,0,0,0,0,0,0,0,0,0,0,0,0,0,0,0,0,0,0,0,0,0,0,0,0,0,0,0,0,0,0,0,236,-181,-410,-43,-58,-74,-85,-81,-65,-37,0,42,76,91,86,69,40,-4,-48,-76,-90,-82,-49,-4,41,73,89,86,58,16,-33,-77,-103,-94,-55,-4,47,92,110,93,51,-5,-62,-106,-112,-80,-33,32,100,136,133,94,19,-68,-140,-182,-182,-114,-7,102,195,238,215,124,1,-139,-250,-300,-273,-161,10,185,313,369,332,208,16,-191,-354,-423,-386,-251,-37,195,385,475,444,294,59,-206,-411,-506,-477,-332,-89,185,418,544,533,375,116,-170,-410,-540,-528,-385,-143,140,388,524,523,397,166,-120,-369,-503,-499,-372,-149,116,339,466,458,333,115,-141,-346,-447,0,-292,-68,162,340,419,383,243,28,-203,-368,-444,-393,-223,16,244,409,460,384,201,-25,-245,-403,-450,-384,-208,29,262,428,474,393,210,-31,-257,-409,-456,-393,-225,3,228,381,429,367,209,-5,-201,-342,-394,-344,-207,-14,167,288,330,292,174,0,-150,-242,-276,-237,-129,5,128,209,229,183,89,-19,-116,-180,-187,-144,-66,30,115,160,162,114,34,-51,-110,-141,-141,-99,-27,39,90,123,125,87,28,-34,-85,-114,-105,-67,-18,27,64,87,84,56,17,-19,-46,-63,-64,-45,-17,14,36,43,31,12,-6,-19,-34,-39,-34,-14,15,38,50,58,57,513,292,0,0,0,0,0,0,0,0,0,0,0,0,0,0,0,0,0,0,0,0,0,0,0,0,0,0,0,0,0,0,0,0,0,0,0,0,0,0,0,0,0,0,0,0,0,0,0,0,0,0,0,0,0,0,0,0,0,0,0,0,0,0,0,0,0,0,0,0,0,0,0,0,0,0,0,0,0,0,0,0,0,0,0,0,0,0,0,0,0,0,0,0,0,0,0,0,0,0,0,0,0,0,0,0,0,0,0,0,0,0,0,0,0,0,0,0,0,0,0,0,0,0,0,0,0,0,0,0,0,0,0,0,0,0,0,0,0,0,0,0,0,0,0,0,0,0,0,0,0,0,0,0,0,0,0,0,0,0,0,0,0,0,0,0,0,0,0,0,0,0,0,0,0,0,0,0,0,0,0,0,0,0,0,0,0,0,0,0,0,0,0,0,0,0,0,0,0,0,0,0,0,0,0,0,0,0,0,0,0,0,0,0,0,0,0,0,0,0,0,0,0,0,0,0,0,0,0,0,0,0,0,0,0,0,0,0,0,0,0,0,0,0,0,0,0,0,0,0,0,0,0,0,0,0,0,0,-351,-924,-845,56,35,15,-5,-32,-60,-79,-85,-77,-57,-24,19,58,89,97,79,42,-3,-47,-78,-94,-86,-57,-11,43,82,107,96,58,4,-45,-81,-98,-86,-51,7,62,95,105,99,45,-32,-86,-117,-124,-92,-21,59,123,157,153,100,3,-94,-175,-213,-191,-119,-9,125,229,267,232,143,2,-156,-285,-333,-294,-184,-9,182,330,402,371,231,20,-201,-381,-464,-421,-270,-55,189,398,503,471,312,73,-189,-415,-538,-511,-351,-102,174,413,541,534,387,131,-162,-407,-547,-536,-392,-148,126,369,518,527,387,147,-122,-354,-485,-484,-359,-133,123,335,452,447,318,101,0,-343,-439,-408,-266,-49,177,357,436,392,235,8,-220,-380,-440,-389,-220,16,252,413,463,395,219,-28,-263,-413,-456,-380,-203,27,253,414,461,385,208,-32,-259,-402,-437,-357,-194,14,226,371,414,355,199,-2,-193,-325,-362,-311,-190,-17,160,280,314,267,163,11,-139,-231,-254,-209,-112,7,118,192,208,167,76,-23,-111,-173,-179,-125,-42,44,120,158,153,106,36,-39,-101,-134,-128,-95,-37,33,89,111,103,70,25,-25,-69,-96,-97,-62,-16,28,59,77,76,53,16,-18,-46,-56,-49,-24,4,26,34,35,27,13,-6,-29,-46,-48,-43,-26,0,29,-799,-888
29241,mtk,MTK 7916,2779657025,rx0-tx0,512,0,0,0,0,0,0,0,0,0,0,0,0,0,0,0,0,0,0,0,0,0,0,0,0,0,0,0,0,0,0,0,0,0,0,0,0,0,0,0,0,0,0,0,0,0,0,0,0,0,0,0,0,0,0,0,0,0,0,0,0,0,0,0,0,0,0,0,0,0,0,0,0,0,0,0,0,0,0,0,0,0,0,0,0,0,0,0,0,0,0,0,0,0,0,0,0,0,0,0,0,0,0,0,0,0,0,0,0,0,0,0,0,0,0,0,0,0,0,0,0,0,0,0,0,0,0,0,0,0,0,0,0,0,0,0,0,0,0,0,0,0,0,0,0,0,0,0,0,0,0,0,0,0,0,0,0,0,0,0,0,0,0,0,0,0,0,0,0,0,0,0,0,0,0,0,0,0,0,0,0,0,0,0,0,0,0,0,0,0,0,0,0,0,0,0,0,0,0,0,0,0,0,0,0,0,0,0,0,0,0,0,0,0,0,0,0,0,0,0,0,0,0,0,0,0,0,0,0,0,0,0,0,0,0,0,0,0,0,0,0,0,0,0,0,0,0,0,0,0,0,0,0,0,0,0,0,-273,851,859,-223,-135,10,174,315,403,430,397,309,187,45,-108,-245,-365,-463,-515,-521,-480,-393,-268,-113,60,238,396,530,624,669,667,591,465,296,101,-104,-301,-488,-633,-724,-770,-746,-666,-545,-381,-191,26,225,416,581,697,778,800,774,695,567,404,219,5,-213,-418,-599,-744,-841,-881,-869,-791,-668,-499,-287,-56,186,417,626,796,916,973,965,896,770,582,353,96,-166,-423,-651,-832,-965,-1027,-1020,-942,-792,-593,-356,-91,169,416,634,811,918,968,957,878,743,569,365,142,-84,-302,-493,-647,-763,-823,-840,-805,-723,-609,-455,-280,-98,93,285,456,595,709,783,804,789,-1687,620,462,292,97,-109,-305,-483,-637,-756,-825,-847,-822,-738,-620,-465,-274,-67,141,342,530,688,812,886,909,888,808,681,511,296,60,-182,-425,-645,-845,-998,-1084,-1105,-1047,-917,-724,-481,-193,124,431,719,962,1146,1254,1271,1207,1053,815,516,190,-161,-503,-812,-1071,-1243,-1331,-1328,-1227,-1043,-782,-470,-117,240,578,874,1097,1256,1326,1293,1175,969,692,373,31,-323,-653,-930,-1146,-1278,-1301,-1244,-1086,-832,-524,-170,198,546,843,1079,1221,1263,1197,1028,778,467,124,-221,-541,-807,-993,-1096,-1099,-1017,-847,-608,-326,-17,292,570,804,961,1034,1003,865,614,272,-120,-502,-794,-939,-904,524,676,0,0,0,0,0,0,0,0,0,0,0,0,0,0,0,0,0,0,0,0,0,0,0,0,0,0,0,0,0,0,0,0,0,0,0,0,0,0,0,0,0,0,0,0,0,0,0,0,0,0,0,0,0,0,0,0,0,0,0,0,0,0,0,0,0,0,0,0,0,0,0,0,0,0,0,0,0,0,0,0,0,0,0,0,0,0,0,0,0,0,0,0,0,0,0,0,0,0,0,0,0,0,0,0,0,0,0,0,0,0,0,0,0,0,0,0,0,0,0,0,0,0,0,0,0,0,0,0,0,0,0,0,0,0,0,0,0,0,0,0,0,0,0,0,0,0,0,0,0,0,0,0,0,0,0,0,0,0,0,0,0,0,0,0,0,0,0,0,0,0,0,0,0,0,0,0,0,0,0,0,0,0,0,0,0,0,0,0,0,0,0,0,0,0,0,0,0,0,0,0,0,0,0,0,0,0,0,0,0,0,0,0,0,0,0,0,0,0,0,0,0,0,0,0,0,0,0,0,0,0,0,0,0,0,0,0,0,0,0,0,0,0,0,0,0,0,0,0,0,0,0,0,0,0,0,0,-1322,123,-99,186,297,358,346,260,122,-36,-192,-322,-412,-463,-459,-410,-325,-202,-55,98,253,391,504,573,595,564,482,357,191,7,-192,-379,-539,-655,-717,-722,-672,-573,-413,-226,-22,197,387,551,676,754,777,749,676,540,377,186,-19,-225,-423,-588,-713,-800,-841,-822,-746,-620,-452,-247,-29,198,418,610,766,877,931,926,856,725,541,321,69,-184,-423,-637,-816,-944,-1011,-1006,-933,-784,-589,-359,-95,171,432,657,830,956,1011,999,914,778,582,346,105,-144,-379,-579,-735,-844,-898,-891,-830,-720,-573,-397,-199,7,210,392,551,678,755,796,796,752,656,533,382,197,4,-186,-175,-539,-671,-764,-823,-826,-776,-682,-548,-379,-183,18,229,428,587,727,819,863,860,807,707,562,385,182,-32,-254,-471,-658,-816,-928,-985,-990,-926,-804,-627,-400,-148,129,412,674,900,1071,1175,1201,1138,1004,792,521,203,-125,-455,-763,-1023,-1211,-1312,-1326,-1237,-1066,-814,-502,-162,194,537,845,1091,1264,1341,1317,1208,1006,741,429,72,-281,-609,-895,-1117,-1256,-1313,-1270,-1132,-917,-634,-293,65,408,738,1005,1191,1287,1279,1163,963,687,346,-16,-376,-695,-950,-1121,-1196,-1166,-1037,-823,-548,-237,89,396,671,874,1002,1047,994,858,646,370,50,-287,-603,-866,-1029,-1058,-919,-630,-238,122,685,529
29242,mtk,MTK 7916,2779657025,rx0-tx1,512,0,0,0,0,0,0,0,0,0,0,0,0,0,0,0,0,0,0,0,0,0,0,0,0,0,0,0,0,0,0,0,0,0,0,0,0,0,0,0,0,0,0,0,0,0,0,0,0,0,0,0,0,0,0,0,0,0,0,0,0,0,0,0,0,0,0,0,0,0,0,0,0,0,0,0,0,0,0,0,0,0,0,0,0,0,0,0,0,0,0,0,0,0,0,0,0,0,0,0,0,0,0,0,0,0,0,0,0,0,0,0,0,0,0,0,0,0,0,0,0,0,0,0,0,0,0,0,0,0,0,0,0,0,0,0,0,0,0,0,0,0,0,0,0,0,0,0,0,0,0,0,0,0,0,0,0,0,0,0,0,0,0,0,0,0,0,0,0,0,0,0,0,0,0,0,0,0,0,0,0,0,0,0,0,0,0,0,0,0,0,0,0,0,0,0,0,0,0,0,0,0,0,0,0,0,0,0,0,0,0,0,0,0,0,0,0,0,0,0,0,0,0,0,0,0,0,0,0,0,0,0,0,0,0,0,0,0,0,0,0,0,0,0,0,0,0,0,0,0,0,0,0,0,0,0,0,-730,24,62,10,-113,-242,-329,-355,-319,-228,-107,31,164,286,376,430,451,429,360,259,131,-25,-187,-337,-469,-567,-619,-620,-562,-458,-310,-124,84,295,483,640,755,817,801,730,608,416,186,-53,-298,-531,-733,-883,-977,-988,-928,-808,-619,-374,-96,187,462,703,905,1049,1110,1094,1010,855,631,362,70,-235,-532,-788,-993,-1141,-1203,-1181,-1090,-923,-685,-403,-93,214,517,787,1019,1181,1267,1265,1177,1023,784,506,189,-153,-475,-776,-1037,-1221,-1322,-1350,-1285,-1126,-899,-603,-266,83,429,750,1026,1233,1363,1409,1352,1213,985,685,352,-17,-376,-714,-997,-1217,-1369,-1420,-1372,-1246,-1041,-751,-426,-78,-546,633,927,1159,1322,1406,1402,1295,1110,859,545,203,-155,-505,-810,-1091,-1294,-1407,-1440,-1379,-1222,-986,-686,-338,35,415,767,1071,1296,1439,1487,1437,1290,1051,742,391,15,-363,-716,-1017,-1247,-1395,-1452,-1409,-1267,-1051,-762,-429,-64,296,631,916,1141,1294,1360,1335,1212,1018,767,466,142,-190,-508,-788,-1021,-1192,-1276,-1271,-1187,-1023,-792,-506,-181,155,478,767,1008,1173,1256,1249,1149,974,721,408,73,-265,-583,-862,-1066,-1184,-1212,-1138,-980,-748,-454,-129,204,510,765,954,1053,1070,998,842,622,359,74,-203,-460,-672,-821,-907,-907,-837,-692,-482,-219,70,364,630,827,925,880,693,384,71,-63,-36,0,0,0,0,0,0,0,0,0,0,0,0,0,0,0,0,0,0,0,0,0,0,0,0,0,0,0,0,0,0,0,0,0,0,0,0,0,0,0,0,0,0,0,0,0,0,0,0,0,0,0,0,0,0,0,0,0,0,0,0,0,0,0,0,0,0,0,0,0,0,0,0,0,0,0,0,0,0,0,0,0,0,0,0,0,0,0,0,0,0,0,0,0,0,0,0,0,0,0,0,0,0,0,0,0,0,0,0,0,0,0,0,0,0,0,0,0,0,0,0,0,0,0,0,0,0,0,0,0,0,0,0,0,0,0,0,0,0,0,0,0,0,0,0,0,0,0,0,0,0,0,0,0,0,0,0,0,0,0,0,0,0,0,0,0,0,0,0,0,0,0,0,0,0,0,0,0,0,0,0,0,0,0,0,0,0,0,0,0,0,0,0,0,0,0,0,0,0,0,0,0,0,0,0,0,0,0,0,0,0,0,0,0,0,0,0,0,0,0,0,0,0,0,0,0,0,0,0,0,0,0,0,0,0,0,0,0,0,0,0,0,0,0,0,0,0,0,0,0,0,0,0,0,0,0,0,-128,155,151,-248,-261,-205,-89,52,195,307,376,399,376,312,204,82,-54,-193,-320,-424,-499,-530,-514,-449,-345,-200,-29,155,335,496,628,707,730,688,591,444,256,30,-202,-416,-614,-777,-873,-907,-877,-779,-609,-400,-150,124,386,629,835,975,1049,1051,974,832,624,367,73,-222,-503,-760,-963,-1097,-1157,-1145,-1050,-877,-655,-378,-65,240,534,800,1016,1166,1231,1222,1127,968,746,463,148,-187,-502,-792,-1034,-1199,-1299,-1307,-1228,-1080,-850,-559,-233,112,460,771,1029,1228,1345,1376,1318,1166,940,648,315,-46,-406,-737,-1025,-1236,-1371,-1416,-1369,-1228,-1001,-724,-384,-19,343,670,970,1196,1342,1416,1197,1270,1056,794,480,137,-222,-567,-867,-1118,-1305,-1402,-1416,-1328,-1167,-930,-617,-273,88,448,785,1071,1295,1433,1471,1416,1267,1029,727,370,-11,-386,-741,-1044,-1282,-1432,-1483,-1432,-1286,-1051,-754,-413,-39,337,681,975,1202,1349,1412,1370,1241,1033,758,439,98,-249,-573,-848,-1076,-1229,-1300,-1293,-1195,-1024,-791,-499,-173,157,476,765,998,1167,1257,1260,1178,1012,772,475,149,-189,-514,-796,-1028,-1178,-1240,-1213,-1098,-892,-615,-295,48,381,677,916,1080,1153,1130,1013,821,561,262,-47,-350,-612,-813,-939,-980,-945,-838,-660,-436,-175,96,352,586,768,882,912,847,678,418,91,-259,-563,-758,-791,135,144
29243,mtk,MTK 7916,2779657025,rx1-tx0,512,0,0,0,0,0,0,0,0,0,0,0,0,0,0,0,0,0,0,0,0,0,0,0,0,0,0,0,0,0,0,0,0,0,0,0,0,0,0,0,0,0,0,0,0,0,0,0,0,0,0,0,0,0,0,0,0,0,0,0,0,0,0,0,0,0,0,0,0,0,0,0,0,0,0,0,0,0,0,0,0,0,0,0,0,0,0,0,0,0,0,0,0,0,0,0,0,0,0,0,0,0,0,0,0,0,0,0,0,0,0,0,0,0,0,0,0,0,0,0,0,0,0,0,0,0,0,0,0,0,0,0,0,0,0,0,0,0,0,0,0,0,0,0,0,0,0,0,0,0,0,0,0,0,0,0,0,0,0,0,0,0,0,0,0,0,0,0,0,0,0,0,0,0,0,0,0,0,0,0,0,0,0,0,0,0,0,0,0,0,0,0,0,0,0,0,0,0,0,0,0,0,0,0,0,0,0,0,0,0,0,0,0,0,0,0,0,0,0,0,0,0,0,0,0,0,0,0,0,0,0,0,0,0,0,0,0,0,0,0,0,0,0,0,0,0,0,0,0,0,0,0,0,0,0,0,0,146,608,371,153,174,143,67,-27,-123,-200,-239,-245,-222,-172,-91,-4,85,163,220,268,281,266,220,147,63,-29,-122,-199,-259,-297,-302,-281,-234,-162,-76,15,95,167,224,257,271,257,221,180,127,53,-20,-76,-135,-174,-193,-196,-194,-171,-145,-109,-65,-31,12,42,67,81,86,89,102,98,86,87,83,75,75,72,58,40,23,0,-38,-75,-118,-164,-204,-234,-250,-240,-208,-158,-91,-10,83,177,262,336,383,394,381,343,265,160,36,-96,-218,-328,-414,-467,-480,-461,-409,-315,-200,-68,75,208,328,422,486,513,492,446,369,258,127,-10,-151,-266,-374,-458,-500,-521,-144,-428,-327,-214,-78,64,200,325,430,496,525,509,463,383,273,139,-8,-144,-275,-378,-454,-494,-495,-465,-392,-291,-182,-53,73,192,299,383,434,445,424,378,306,210,109,0,-113,-200,-267,-330,-351,-351,-328,-285,-236,-158,-85,0,86,156,211,249,278,282,268,236,193,136,74,18,-49,-117,-160,-191,-219,-234,-228,-213,-183,-141,-95,-46,16,75,127,173,214,235,238,224,202,163,104,40,-27,-95,-161,-215,-248,-269,-265,-233,-184,-114,-32,49,127,188,239,268,273,255,205,131,53,-20,-108,-179,-229,-256,-256,-235,-178,-104,-21,69,161,223,248,232,171,93,1048,955,0,0,0,0,0,0,0,0,0,0,0,0,0,0,0,0,0,0,0,0,0,0,0,0,0,0,0,0,0,0,0,0,0,0,0,0,0,0,0,0,0,0,0,0,0,0,0,0,0,0,0,0,0,0,0,0,0,0,0,0,0,0,0,0,0,0,0,0,0,0,0,0,0,0,0,0,0,0,0,0,0,0,0,0,0,0,0,0,0,0,0,0,0,0,0,0,0,0,0,0,0,0,0,0,0,0,0,0,0,0,0,0,0,0,0,0,0,0,0,0,0,0,0,0,0,0,0,0,0,0,0,0,0,0,0,0,0,0,0,0,0,0,0,0,0,0,0,0,0,0,0,0,0,0,0,0,0,0,0,0,0,0,0,0,0,0,0,0,0,0,0,0,0,0,0,0,0,0,0,0,0,0,0,0,0,0,0,0,0,0,0,0,0,0,0,0,0,0,0,0,0,0,0,0,0,0,0,0,0,0,0,0,0,0,0,0,0,0,0,0,0,0,0,0,0,0,0,0,0,0,0,0,0,0,0,0,0,0,0,0,0,0,0,0,0,0,0,0,0,0,0,0,0,0,0,0,206,-870,-990,32,-52,-142,-206,-228,-205,-140,-54,34,119,193,244,264,250,205,147,72,-17,-106,-192,-255,-291,-301,-279,-227,-156,-68,24,112,193,255,288,289,269,230,166,95,17,-69,-134,-187,-227,-247,-235,-217,-187,-138,-78,-26,29,73,103,134,143,153,149,136,116,86,62,50,35,7,-12,-24,-37,-47,-55,-82,-104,-115,-131,-151,-163,-157,-139,-110,-71,-22,36,109,178,236,282,318,329,304,256,178,79,-29,-137,-249,-345,-416,-458,-449,-410,-336,-236,-113,27,156,283,386,457,497,498,460,390,284,168,22,-116,-238,-357,-442,-494,-514,-493,-440,-358,-234,-100,36,147,310,410,478,522,520,483,416,309,181,39,-103,-232,-351,-442,-502,-517,-494,-441,-345,-227,-88,49,178,297,383,445,480,468,428,356,261,138,17,-99,-201,-295,-359,-392,-400,-381,-327,-266,-180,-79,8,100,171,242,290,312,321,297,262,209,145,74,0,-70,-131,-182,-217,-236,-245,-248,-224,-179,-135,-85,-27,30,81,133,177,205,230,235,218,194,156,109,46,-16,-74,-131,-191,-231,-251,-255,-240,-203,-147,-87,-17,65,140,207,255,276,274,246,196,130,51,-30,-115,-187,-237,-253,-260,-245,-190,-124,-43,39,121,188,234,254,252,211,127,31,-69,-150,-191,-225,-476
29244,mtk,MTK 7916,2779657025,rx1-tx1,512,0,0,0,0,0,0,0,0,0,0,0,0,0,0,0,0,0,0,0,0,0,0,0,0,0,0,0,0,0,0,0,0,0,0,0,0,0,0,0,0,0,0,0,0,0,0,0,0,0,0,0,0,0,0,0,0,0,0,0,0,0,0,0,0,0,0,0,0,0,0,0,0,0,0,0,0,0,0,0,0,0,0,0,0,0,0,0,0,0,0,0,0,0,0,0,0,0,0,0,0,0,0,0,0,0,0,0,0,0,0,0,0,0,0,0,0,0,0,0,0,0,0,0,0,0,0,0,0,0,0,0,0,0,0,0,0,0,0,0,0,0,0,0,0,0,0,0,0,0,0,0,0,0,0,0,0,0,0,0,0,0,0,0,0,0,0,0,0,0,0,0,0,0,0,0,0,0,0,0,0,0,0,0,0,0,0,0,0,0,0,0,0,0,0,0,0,0,0,0,0,0,0,0,0,0,0,0,0,0,0,0,0,0,0,0,0,0,0,0,0,0,0,0,0,0,0,0,0,0,0,0,0,0,0,0,0,0,0,0,0,0,0,0,0,0,0,0,0,0,0,0,0,0,0,0,0,-411,853,970,50,53,53,44,26,-1,-31,-54,-69,-76,-70,-51,-23,11,43,68,83,79,57,24,-15,-54,-76,-85,-76,-53,-22,14,49,71,73,59,36,7,-24,-42,-46,-48,-33,-12,2,14,21,18,11,4,-2,-1,2,7,9,13,13,7,-8,-26,-37,-40,-31,-17,5,32,59,66,59,40,8,-27,-57,-78,-83,-65,-26,19,57,86,95,76,43,2,-45,-83,-97,-85,-55,-16,32,73,94,92,66,21,-29,-68,-88,-86,-68,-34,7,48,74,82,69,41,8,-29,-57,-70,-62,-47,-23,5,34,43,39,33,27,13,-4,-12,-13,-19,-24,-26,-28,0,-27,-19,-2,19,47,77,91,77,55,16,-38,-87,-123,-137,-123,-79,-8,69,136,178,178,133,62,-31,-127,-196,-221,-198,-129,-27,88,186,246,252,196,96,-29,-148,-229,-263,-239,-156,-34,96,201,258,260,204,92,-41,-159,-239,-264,-226,-134,-10,114,208,251,231,158,51,-69,-172,-237,-242,-181,-82,33,143,219,242,212,131,14,-100,-190,-235,-227,-166,-71,41,146,216,229,188,114,11,-95,-177,-216,-209,-154,-69,27,116,176,194,168,105,21,-64,-127,-157,-150,-112,-49,25,88,128,141,120,69,5,-61,-118,-151,-154,-127,-81,-26,42,98,131,149,247,486,0,0,0,0,0,0,0,0,0,0,0,0,0,0,0,0,0,0,0,0,0,0,0,0,0,0,0,0,0,0,0,0,0,0,0,0,0,0,0,0,0,0,0,0,0,0,0,0,0,0,0,0,0,0,0,0,0,0,0,0,0,0,0,0,0,0,0,0,0,0,0,0,0,0,0,0,0,0,0,0,0,0,0,0,0,0,0,0,0,0,0,0,0,0,0,0,0,0,0,0,0,0,0,0,0,0,0,0,0,0,0,0,0,0,0,0,0,0,0,0,0,0,0,0,0,0,0,0,0,0,0,0,0,0,0,0,0,0,0,0,0,0,0,0,0,0,0,0,0,0,0,0,0,0,0,0,0,0,0,0,0,0,0,0,0,0,0,0,0,0,0,0,0,0,0,0,0,0,0,0,0,0,0,0,0,0,0,0,0,0,0,0,0,0,0,0,0,0,0,0,0,0,0,0,0,0,0,0,0,0,0,0,0,0,0,0,0,0,0,0,0,0,0,0,0,0,0,0,0,0,0,0,0,0,0,0,0,0,0,0,0,0,0,0,0,0,0,0,0,0,0,0,0,0,0,0,-92,550,324,-1,15,32,52,67,73,70,56,31,2,-34,-64,-76,-74,-62,-39,-7,32,61,78,80,67,39,1,-39,-69,-80,-74,-52,-28,2,33,54,60,54,38,17,-8,-30,-39,-32,-25,-15,-3,10,12,9,2,2,3,0,0,11,26,32,26,7,-12,-26,-43,-56,-55,-32,-4,33,64,80,79,58,13,-29,-61,-86,-92,-71,-33,12,57,88,92,79,47,1,-46,-81,-98,-87,-55,-14,30,71,93,86,60,26,-14,-53,-77,-80,-62,-31,4,40,69,83,73,42,8,-23,-45,-56,-52,-38,-19,-1,15,23,29,29,22,14,12,11,11,-1,0,-20,-37,-55,-62,-53,-27,8,45,84,106,108,85,37,-23,-86,-139,-164,-150,-101,-27,59,134,189,206,171,91,-10,-108,-190,-236,-228,-167,-62,58,168,237,256,216,126,0,-128,-223,-269,-258,-182,-64,66,178,254,271,220,114,-13,-136,-226,-260,-231,-147,-32,90,188,241,237,173,64,-57,-165,-230,-243,-195,-103,11,125,207,243,224,147,36,-79,-173,-228,-236,-193,-99,15,116,190,225,206,135,39,-62,-146,-195,-197,-162,-89,4,86,146,172,160,110,33,-49,-114,-145,-148,-118,-56,17,79,122,144,134,100,42,-28,-93,-143,-171,-165,-130,-88,-39,972,876
29245,mtk,MTK 7916,2779657025,rx2-tx0,512,0,0,0,0,0,0,0,0,0,0,0,0,0,0,0,0,0,0,0,0,0,0,0,0,0,0,0,0,0,0,0,0,0,0,0,0,0,0,0,0,0,0,0,0,0,0,0,0,0,0,0,0,0,0,0,0,0,0,0,0,0,0,0,0,0,0,0,0,0,0,0,0,0,0,0,0,0,0,0,0,0,0,0,0,0,0,0,0,0,0,0,0,0,0,0,0,0,0,0,0,0,0,0,0,0,0,0,0,0,0,0,0,0,0,0,0,0,0,0,0,0,0,0,0,0,0,0,0,0,0,0,0,0,0,0,0,0,0,0,0,0,0,0,0,0,0,0,0,0,0,0,0,0,0,0,0,0,0,0,0,0,0,0,0,0,0,0,0,0,0,0,0,0,0,0,0,0,0,0,0,0,0,0,0,0,0,0,0,0,0,0,0,0,0,0,0,0,0,0,0,0,0,0,0,0,0,0,0,0,0,0,0,0,0,0,0,0,0,0,0,0,0,0,0,0,0,0,0,0,0,0,0,0,0,0,0,0,0,0,0,0,0,0,0,0,0,0,0,0,0,0,0,0,0,0,0,-136,-764,-527,56,41,20,-9,-42,-72,-93,-103,-95,-72,-35,5,47,79,97,95,81,49,5,-38,-73,-98,-104,-89,-57,-15,31,69,97,111,104,80,40,-11,-60,-101,-126,-131,-108,-61,5,74,125,152,155,124,61,-16,-94,-161,-189,-179,-122,-37,66,160,218,223,177,92,-22,-140,-231,-262,-233,-147,-16,128,244,301,285,196,49,-114,-252,-334,-341,-257,-97,90,259,371,390,311,148,-58,-260,-397,-441,-373,-211,8,235,406,474,426,271,41,-202,-400,-499,-482,-338,-109,147,370,503,508,387,162,-103,-342,-489,-515,-414,-203,72,323,489,538,443,232,-35,-295,-485,0,-481,-281,-4,275,483,565,508,324,48,-241,-470,-583,-547,-373,-103,206,461,599,591,438,171,-142,-427,-606,-634,-509,-261,58,360,581,664,590,363,54,-270,-528,-657,-632,-457,-171,151,430,609,644,525,287,-16,-309,-520,-604,-551,-370,-108,167,395,526,530,406,197,-48,-277,-428,-473,-406,-244,-31,172,330,408,382,267,96,-90,-249,-342,-351,-273,-135,26,177,281,318,278,167,16,-129,-236,-290,-273,-189,-64,71,194,266,277,227,124,-10,-133,-226,-267,-254,-187,-78,44,152,227,255,231,159,52,-63,-162,-228,-248,-228,-167,-72,33,127,197,230,230,204,151,-1144,-1087,0,0,0,0,0,0,0,0,0,0,0,0,0,0,0,0,0,0,0,0,0,0,0,0,0,0,0,0,0,0,0,0,0,0,0,0,0,0,0,0,0,0,0,0,0,0,0,0,0,0,0,0,0,0,0,0,0,0,0,0,0,0,0,0,0,0,0,0,0,0,0,0,0,0,0,0,0,0,0,0,0,0,0,0,0,0,0,0,0,0,0,0,0,0,0,0,0,0,0,0,0,0,0,0,0,0,0,0,0,0,0,0,0,0,0,0,0,0,0,0,0,0,0,0,0,0,0,0,0,0,0,0,0,0,0,0,0,0,0,0,0,0,0,0,0,0,0,0,0,0,0,0,0,0,0,0,0,0,0,0,0,0,0,0,0,0,0,0,0,0,0,0,0,0,0,0,0,0,0,0,0,0,0,0,0,0,0,0,0,0,0,0,0,0,0,0,0,0,0,0,0,0,0,0,0,0,0,0,0,0,0,0,0,0,0,0,0,0,0,0,0,0,0,0,0,0,0,0,0,0,0,0,0,0,0,0,0,0,0,0,0,0,0,0,0,0,0,0,0,0,0,0,0,0,0,0,1335,833,1003,55,75,90,95,88,68,37,2,-34,-69,-94,-99,-88,-60,-20,26,64,90,100,91,68,33,-10,-56,-92,-105,-100,-83,-51,-3,44,82,111,120,103,69,22,-36,-90,-129,-146,-136,-96,-30,43,112,159,177,155,96,12,-81,-159,-202,-201,-155,-63,51,157,224,245,211,120,-6,-132,-232,-284,-265,-170,-31,118,249,322,310,221,78,-100,-262,-362,-364,-276,-119,78,263,383,414,341,173,-43,-254,-406,-463,-404,-244,-18,218,404,493,461,312,83,-173,-386,-505,-498,-366,-137,128,358,497,512,394,178,-85,-329,-491,-528,-428,-219,44,303,483,538,451,248,0,-282,-478,-552,-488,-294,-16,270,478,573,532,348,71,-222,-462,-593,-574,-409,-138,170,443,605,615,477,217,-105,-401,-594,-649,-547,-307,6,314,559,668,611,410,110,-215,-486,-643,-644,-496,-233,81,366,558,622,542,327,48,-235,-460,-572,-545,-393,-155,111,339,484,505,414,230,-1,-223,-382,-442,-392,-261,-74,128,287,373,366,275,121,-54,-212,-311,-329,-269,-151,7,157,265,303,265,168,38,-101,-218,-277,-276,-212,-101,37,162,251,279,250,162,36,-93,-195,-253,-257,-206,-115,-2,109,195,243,240,190,104,0,-104,-190,-241,-245,-212,-151,-67,15,84,148,42,337
29246,mtk,MTK 7916,2779657025,rx2-tx1,512,0,0,0,0,0,0,0,0,0,0,0,0,0,0,0,0,0,0,0,0,0,0,0,0,0,0,0,0,0,0,0,0,0,0,0,0,0,0,0,0,0,0,0,0,0,0,0,0,0,0,0,0,0,0,0,0,0,0,0,0,0,0,0,0,0,0,0,0,0,0,0,0,0,0,0,0,0,0,0,0,0,0,0,0,0,0,0,0,0,0,0,0,0,0,0,0,0,0,0,0,0,0,0,0,0,0,0,0,0,0,0,0,0,0,0,0,0,0,0,0,0,0,0,0,0,0,0,0,0,0,0,0,0,0,0,0,0,0,0,0,0,0,0,0,0,0,0,0,0,0,0,0,0,0,0,0,0,0,0,0,0,0,0,0,0,0,0,0,0,0,0,0,0,0,0,0,0,0,0,0,0,0,0,0,0,0,0,0,0,0,0,0,0,0,0,0,0,0,0,0,0,0,0,0,0,0,0,0,0,0,0,0,0,0,0,0,0,0,0,0,0,0,0,0,0,0,0,0,0,0,0,0,0,0,0,0,0,0,0,0,0,0,0,0,0,0,0,0,0,0,0,0,0,0,0,0,236,-181,-410,46,46,36,14,-12,-38,-64,-81,-80,-64,-40,-8,30,63,84,90,72,31,-18,-57,-80,-90,-76,-42,3,48,86,103,91,59,15,-46,-94,-114,-106,-74,-20,43,95,117,110,73,9,-63,-118,-139,-124,-75,3,86,149,173,156,91,-4,-105,-180,-214,-194,-116,-2,119,219,272,255,162,23,-128,-253,-327,-319,-223,-63,117,277,373,374,284,119,-84,-278,-411,-440,-351,-173,52,271,422,464,392,231,11,-225,-406,-484,-445,-300,-69,181,378,480,470,341,120,-127,-338,-466,-479,-366,-159,77,289,419,444,359,183,-38,-242,-382,-414,-338,-183,26,228,357,0,330,172,-32,-219,-344,-379,-311,-160,34,217,345,384,318,157,-40,-223,-347,-389,-325,-174,21,204,342,391,337,192,0,-191,-334,-397,-354,-214,-27,154,301,375,348,235,62,-118,-263,-338,-326,-232,-81,76,212,300,302,226,101,-36,-169,-250,-255,-194,-91,26,130,197,206,161,80,-19,-109,-162,-176,-140,-59,28,97,142,147,116,53,-28,-94,-126,-136,-112,-53,14,72,110,117,90,45,-5,-58,-95,-105,-88,-52,-6,40,73,85,69,41,8,-28,-47,-50,-51,-39,-10,14,29,39,38,24,3,-18,-29,-28,-26,-12,12,33,42,50,46,25,3,-15,513,292,0,0,0,0,0,0,0,0,0,0,0,0,0,0,0,0,0,0,0,0,0,0,0,0,0,0,0,0,0,0,0,0,0,0,0,0,0,0,0,0,0,0,0,0,0,0,0,0,0,0,0,0,0,0,0,0,0,0,0,0,0,0,0,0,0,0,0,0,0,0,0,0,0,0,0,0,0,0,0,0,0,0,0,0,0,0,0,0,0,0,0,0,0,0,0,0,0,0,0,0,0,0,0,0,0,0,0,0,0,0,0,0,0,0,0,0,0,0,0,0,0,0,0,0,0,0,0,0,0,0,0,0,0,0,0,0,0,0,0,0,0,0,0,0,0,0,0,0,0,0,0,0,0,0,0,0,0,0,0,0,0,0,0,0,0,0,0,0,0,0,0,0,0,0,0,0,0,0,0,0,0,0,0,0,0,0,0,0,0,0,0,0,0,0,0,0,0,0,0,0,0,0,0,0,0,0,0,0,0,0,0,0,0,0,0,0,0,0,0,0,0,0,0,0,0,0,0,0,0,0,0,0,0,0,0,0,0,0,0,0,0,0,0,0,0,0,0,0,0,0,0,0,0,0,0,0,-351,-924,-845,21,42,64,79,82,72,47,14,-19,-49,-71,-80,-75,-54,-19,23,60,83,85,72,40,-2,-48,-81,-90,-76,-46,-3,42,84,110,105,65,8,-45,-88,-111,-102,-67,-10,52,104,131,126,80,8,-72,-131,-161,-143,-84,2,91,164,194,171,94,-8,-107,-195,-252,-235,-146,-14,129,243,298,279,191,44,-130,-279,-352,-342,-250,-93,99,279,395,407,312,143,-68,-269,-412,-454,-376,-203,19,241,411,478,428,266,40,-199,-393,-488,-458,-317,-100,148,359,472,474,358,152,-94,-304,-439,-462,-365,-174,56,260,399,435,357,184,-25,-228,-373,-410,-334,-179,0,212,350,387,314,153,-46,-226,-345,-376,-310,-159,34,227,353,387,317,165,-37,-225,-353,-392,-339,-193,13,212,352,401,346,203,17,-172,-321,-386,-349,-227,-49,133,276,349,338,238,82,-96,-241,-318,-320,-243,-102,58,192,263,269,218,108,-29,-145,-213,-225,-178,-89,17,111,174,187,148,67,-23,-100,-151,-159,-122,-58,19,89,132,139,111,53,-18,-82,-119,-125,-102,-52,15,69,99,111,92,43,-9,-44,-79,-100,-83,-45,-8,30,64,74,61,42,16,-18,-44,-49,-47,-31,-5,13,30,39,36,17,-7,-25,-38,-40,-27,-11,2,25,46,52,45,-799,-888
29247,mtk,MTK 7916,2779714636,rx0-tx0,512,0,0,0,0,0,0,0,0,0,0,0,0,0,0,0,0,0,0,0,0,0,0,0,0,0,0,0,0,0,0,0,0,0,0,0,0,0,0,0,0,0,0,0,0,0,0,0,0,0,0,0,0,0,0,0,0,0,0,0,0,0,0,0,0,0,0,0,0,0,0,0,0,0,0,0,0,0,0,0,0,0,0,0,0,0,0,0,0,0,0,0,0,0,0,0,0,0,0,0,0,0,0,0,0,0,0,0,0,0,0,0,0,0,0,0,0,0,0,0,0,0,0,0,0,0,0,0,0,0,0,0,0,0,0,0,0,0,0,0,0,0,0,0,0,0,0,0,0,0,0,0,0,0,0,0,0,0,0,0,0,0,0,0,0,0,0,0,0,0,0,0,0,0,0,0,0,0,0,0,0,0,0,0,0,0,0,0,0,0,0,0,0,0,0,0,0,0,0,0,0,0,0,0,0,0,0,0,0,0,0,0,0,0,0,0,0,0,0,0,0,0,0,0,0,0,0,0,0,0,0,0,0,0,0,0,0,0,0,0,0,0,0,0,0,0,0,0,0,0,0,0,0,0,0,0,0,-273,298,121,-270,-252,-109,98,291,401,387,271,83,-126,-311,-435,-460,-396,-241,-30,188,393,516,549,466,280,27,-239,-473,-625,-659,-571,-358,-68,250,519,702,749,658,439,129,-205,-509,-715,-793,-742,-556,-267,68,394,655,805,819,691,449,131,-225,-538,-771,-888,-846,-667,-363,1,367,688,896,946,848,598,249,-149,-542,-847,-996,-989,-819,-500,-94,330,700,966,1063,980,727,358,-80,-496,-839,-1040,-1057,-903,-586,-190,240,638,913,1035,993,784,439,42,-365,-710,-921,-986,-899,-664,-336,47,413,710,900,944,843,616,292,-74,-425,-721,-907,-950,-842,-597,-270,110,484,778,957,-1687,852,574,218,-190,-571,-864,-1017,-1010,-842,-536,-144,269,648,925,1059,1027,825,501,92,-338,-720,-1006,-1130,-1082,-865,-498,-46,430,855,1144,1266,1181,898,459,-79,-624,-1081,-1362,-1416,-1240,-839,-277,341,918,1344,1546,1489,1166,634,-18,-676,-1225,-1562,-1623,-1411,-942,-300,391,1019,1462,1644,1544,1173,601,-78,-738,-1265,-1568,-1605,-1354,-865,-232,446,1034,1437,1595,1464,1080,502,-164,-791,-1276,-1540,-1523,-1225,-702,-50,601,1139,1473,1520,1282,800,179,-476,-1023,-1365,-1445,-1245,-807,-225,389,918,1245,1332,1154,754,228,-334,-830,-1149,-1236,-1076,-699,-173,404,906,1213,1240,943,389,-289,-874,-1147,-1040,722,587,0,0,0,0,0,0,0,0,0,0,0,0,0,0,0,0,0,0,0,0,0,0,0,0,0,0,0,0,0,0,0,0,0,0,0,0,0,0,0,0,0,0,0,0,0,0,0,0,0,0,0,0,0,0,0,0,0,0,0,0,0,0,0,0,0,0,0,0,0,0,0,0,0,0,0,0,0,0,0,0,0,0,0,0,0,0,0,0,0,0,0,0,0,0,0,0,0,0,0,0,0,0,0,0,0,0,0,0,0,0,0,0,0,0,0,0,0,0,0,0,0,0,0,0,0,0,0,0,0,0,0,0,0,0,0,0,0,0,0,0,0,0,0,0,0,0,0,0,0,0,0,0,0,0,0,0,0,0,0,0,0,0,0,0,0,0,0,0,0,0,0,0,0,0,0,0,0,0,0,0,0,0,0,0,0,0,0,0,0,0,0,0,0,0,0,0,0,0,0,0,0,0,0,0,0,0,0,0,0,0,0,0,0,0,0,0,0,0,0,0,0,0,0,0,0,0,0,0,0,0,0,0,0,0,0,0,0,0,0,0,0,0,0,0,0,0,0,0,0,0,0,0,0,0,0,0,-1322,-1070,-1104,4,184,328,359,264,73,-141,-320,-420,-417,-323,-145,65,267,429,495,475,352,149,-89,-331,-515,-605,-575,-433,-190,96,377,600,706,673,514,253,-70,-385,-639,-773,-761,-608,-342,-23,304,587,768,813,720,497,188,-155,-475,-712,-840,-832,-671,-415,-63,295,614,835,913,850,641,307,-74,-454,-760,-944,-982,-852,-560,-175,237,624,908,1039,987,786,435,11,-420,-776,-1007,-1067,-946,-670,-265,171,586,894,1042,1039,845,510,107,-316,-686,-931,-1017,-949,-719,-375,8,396,707,905,959,860,636,314,-60,-418,-711,-893,-935,-836,-610,-286,89,455,748,923,968,847,593,243,-175,-527,-817,-983,-998,-848,-560,-180,231,607,897,1035,1018,835,519,117,-312,-691,-961,-1092,-1049,-847,-505,-72,369,775,1064,1192,1135,879,485,-4,-513,-947,-1251,-1349,-1226,-886,-381,195,762,1217,1469,1472,1219,750,140,-502,-1079,-1463,-1607,-1464,-1064,-467,207,851,1361,1629,1610,1310,771,110,-570,-1148,-1529,-1640,-1464,-1027,-421,256,892,1355,1583,1539,1218,696,45,-614,-1162,-1502,-1572,-1358,-910,-300,374,973,1393,1552,1420,1037,455,-210,-824,-1274,-1480,-1406,-1061,-524,108,712,1165,1380,1326,1014,516,-68,-633,-1050,-1256,-1219,-944,-482,63,597,1012,1221,1175,862,340,-284,-857,-1213,-1227,-864,-235,357,-850,-942
29248,mtk,MTK 7916,2779714636,rx0-tx1,512,0,0,0,0,0,0,0,0,0,0,0,0,0,0,0,0,0,0,0,0,0,0,0,0,0,0,0,0,0,0,0,0,0,0,0,0,0,0,0,0,0,0,0,0,0,0,0,0,0,0,0,0,0,0,0,0,0,0,0,0,0,0,0,0,0,0,0,0,0,0,0,0,0,0,0,0,0,0,0,0,0,0,0,0,0,0,0,0,0,0,0,0,0,0,0,0,0,0,0,0,0,0,0,0,0,0,0,0,0,0,0,0,0,0,0,0,0,0,0,0,0,0,0,0,0,0,0,0,0,0,0,0,0,0,0,0,0,0,0,0,0,0,0,0,0,0,0,0,0,0,0,0,0,0,0,0,0,0,0,0,0,0,0,0,0,0,0,0,0,0,0,0,0,0,0,0,0,0,0,0,0,0,0,0,0,0,0,0,0,0,0,0,0,0,0,0,0,0,0,0,0,0,0,0,0,0,0,0,0,0,0,0,0,0,0,0,0,0,0,0,0,0,0,0,0,0,0,0,0,0,0,0,0,0,0,0,0,0,0,0,0,0,0,0,0,0,0,0,0,0,0,0,0,0,0,0,-730,-55,-165,123,-41,-238,-366,-371,-252,-50,171,353,455,447,332,140,-89,-316,-477,-552,-515,-359,-127,146,406,596,674,615,422,140,-185,-486,-695,-782,-722,-520,-205,153,489,746,871,830,639,338,-47,-427,-740,-926,-958,-803,-507,-122,296,670,930,1032,949,709,343,-85,-510,-861,-1055,-1071,-907,-592,-170,291,699,992,1134,1082,843,468,6,-464,-855,-1112,-1186,-1070,-773,-341,157,636,1017,1227,1232,1040,665,174,-354,-826,-1161,-1317,-1245,-967,-529,7,561,1011,1291,1371,1208,847,344,-232,-764,-1172,-1385,-1367,-1118,-682,-125,457,954,1292,1422,1304,969,478,-103,-657,-1103,-1361,-1406,-1205,-810,-282,-546,808,1198,1383,1348,1092,651,112,-444,-935,-1275,-1399,-1304,-995,-526,40,604,1072,1358,1427,1258,886,366,-227,-782,-1216,-1451,-1438,-1181,-722,-143,459,985,1343,1481,1365,1024,505,-91,-670,-1127,-1401,-1435,-1228,-816,-272,306,828,1215,1391,1338,1055,604,56,-492,-952,-1254,-1351,-1217,-888,-408,127,636,1038,1271,1292,1091,710,212,-329,-806,-1143,-1294,-1215,-932,-491,46,575,993,1243,1273,1075,684,174,-373,-845,-1164,-1266,-1137,-800,-311,229,715,1066,1215,1126,822,372,-150,-628,-970,-1120,-1048,-775,-360,107,546,858,994,942,703,329,-101,-502,-805,-939,-880,-629,-222,251,674,922,914,626,155,-288,226,140,0,0,0,0,0,0,0,0,0,0,0,0,0,0,0,0,0,0,0,0,0,0,0,0,0,0,0,0,0,0,0,0,0,0,0,0,0,0,0,0,0,0,0,0,0,0,0,0,0,0,0,0,0,0,0,0,0,0,0,0,0,0,0,0,0,0,0,0,0,0,0,0,0,0,0,0,0,0,0,0,0,0,0,0,0,0,0,0,0,0,0,0,0,0,0,0,0,0,0,0,0,0,0,0,0,0,0,0,0,0,0,0,0,0,0,0,0,0,0,0,0,0,0,0,0,0,0,0,0,0,0,0,0,0,0,0,0,0,0,0,0,0,0,0,0,0,0,0,0,0,0,0,0,0,0,0,0,0,0,0,0,0,0,0,0,0,0,0,0,0,0,0,0,0,0,0,0,0,0,0,0,0,0,0,0,0,0,0,0,0,0,0,0,0,0,0,0,0,0,0,0,0,0,0,0,0,0,0,0,0,0,0,0,0,0,0,0,0,0,0,0,0,0,0,0,0,0,0,0,0,0,0,0,0,0,0,0,0,0,0,0,0,0,0,0,0,0,0,0,0,0,0,0,0,0,0,-128,-640,-626,-238,-304,-250,-79,136,325,421,400,275,74,-151,-348,-472,-498,-420,-240,-6,251,466,591,602,492,269,-18,-320,-570,-714,-725,-584,-325,4,342,627,800,820,690,428,78,-303,-619,-843,-918,-824,-581,-237,164,547,831,982,961,764,425,6,-416,-764,-995,-1058,-943,-658,-251,195,608,928,1094,1076,873,528,86,-381,-788,-1060,-1167,-1072,-801,-397,79,544,932,1173,1217,1056,719,253,-253,-725,-1089,-1273,-1247,-1004,-598,-82,454,914,1229,1350,1242,908,437,-119,-663,-1088,-1348,-1379,-1174,-770,-237,342,862,1242,1417,1347,1051,579,8,-561,-1035,-1338,-1418,-1256,-886,-374,199,742,1151,1380,1197,1151,723,191,-372,-877,-1239,-1392,-1329,-1049,-588,-36,518,993,1306,1412,1286,941,441,-132,-690,-1135,-1409,-1444,-1238,-821,-262,346,890,1295,1478,1416,1109,624,25,-570,-1074,-1387,-1465,-1296,-920,-394,203,759,1185,1405,1387,1143,712,168,-405,-898,-1241,-1374,-1276,-969,-511,34,563,998,1264,1315,1154,798,315,-223,-715,-1086,-1285,-1263,-1022,-615,-93,444,897,1199,1296,1155,820,344,-198,-707,-1085,-1270,-1225,-957,-516,20,546,972,1217,1225,1011,610,94,-435,-864,-1126,-1165,-975,-606,-128,363,767,1009,1051,888,553,130,-313,-686,-914,-958,-809,-500,-88,345,716,932,931,688,262,-247,-672,-861,-770,-567,-605
29249,mtk,MTK 7916,2779714636,rx1-tx0,512,0,0,0,0,0,0,0,0,0,0,0,0,0,0,0,0,0,0,0,0,0,0,0,0,0,0,0,0,0,0,0,0,0,0,0,0,0,0,0,0,0,0,0,0,0,0,0,0,0,0,0,0,0,0,0,0,0,0,0,0,0,0,0,0,0,0,0,0,0,0,0,0,0,0,0,0,0,0,0,0,0,0,0,0,0,0,0,0,0,0,0,0,0,0,0,0,0,0,0,0,0,0,0,0,0,0,0,0,0,0,0,0,0,0,0,0,0,0,0,0,0,0,0,0,0,0,0,0,0,0,0,0,0,0,0,0,0,0,0,0,0,0,0,0,0,0,0,0,0,0,0,0,0,0,0,0,0,0,0,0,0,0,0,0,0,0,0,0,0,0,0,0,0,0,0,0,0,0,0,0,0,0,0,0,0,0,0,0,0,0,0,0,0,0,0,0,0,0,0,0,0,0,0,0,0,0,0,0,0,0,0,0,0,0,0,0,0,0,0,0,0,0,0,0,0,0,0,0,0,0,0,0,0,0,0,0,0,0,0,0,0,0,0,0,0,0,0,0,0,0,0,0,0,0,0,0,146,-586,-443,123,208,218,134,-9,-157,-258,-291,-236,-116,29,174,275,321,290,189,47,-108,-233,-321,-345,-290,-172,-20,143,278,351,352,289,155,-6,-159,-280,-364,-362,-289,-180,-23,131,247,329,348,300,210,79,-63,-183,-272,-313,-296,-243,-148,-30,89,200,263,298,287,227,135,13,-96,-193,-267,-300,-282,-231,-147,-33,91,202,294,340,324,265,165,28,-127,-274,-367,-418,-396,-299,-158,26,224,390,488,503,429,282,69,-157,-363,-514,-576,-526,-393,-169,84,328,514,608,591,476,270,22,-248,-470,-601,-632,-544,-376,-130,143,390,568,641,597,452,234,-27,-286,-499,-623,-144,-532,-332,-78,194,430,590,643,579,415,182,-83,-338,-527,-609,-584,-460,-249,-1,242,440,554,570,488,312,96,-136,-342,-472,-522,-483,-348,-171,26,221,367,442,437,361,232,64,-100,-253,-353,-388,-356,-268,-145,-4,133,251,315,324,285,196,85,-34,-151,-239,-293,-288,-247,-165,-51,59,150,223,256,250,208,129,34,-61,-155,-219,-251,-246,-192,-112,-2,105,199,261,272,243,172,61,-66,-183,-269,-299,-281,-199,-79,58,186,277,310,280,202,71,-79,-195,-273,-292,-251,-160,-36,91,204,276,267,207,116,-14,-137,-218,-257,-233,-152,-24,105,199,229,174,97,-860,-772,0,0,0,0,0,0,0,0,0,0,0,0,0,0,0,0,0,0,0,0,0,0,0,0,0,0,0,0,0,0,0,0,0,0,0,0,0,0,0,0,0,0,0,0,0,0,0,0,0,0,0,0,0,0,0,0,0,0,0,0,0,0,0,0,0,0,0,0,0,0,0,0,0,0,0,0,0,0,0,0,0,0,0,0,0,0,0,0,0,0,0,0,0,0,0,0,0,0,0,0,0,0,0,0,0,0,0,0,0,0,0,0,0,0,0,0,0,0,0,0,0,0,0,0,0,0,0,0,0,0,0,0,0,0,0,0,0,0,0,0,0,0,0,0,0,0,0,0,0,0,0,0,0,0,0,0,0,0,0,0,0,0,0,0,0,0,0,0,0,0,0,0,0,0,0,0,0,0,0,0,0,0,0,0,0,0,0,0,0,0,0,0,0,0,0,0,0,0,0,0,0,0,0,0,0,0,0,0,0,0,0,0,0,0,0,0,0,0,0,0,0,0,0,0,0,0,0,0,0,0,0,0,0,0,0,0,0,0,0,0,0,0,0,0,0,0,0,0,0,0,0,0,0,0,0,0,206,856,941,142,50,-91,-215,-266,-228,-117,32,180,277,302,254,149,6,-149,-266,-326,-314,-232,-110,49,204,312,360,330,230,78,-80,-226,-338,-375,-341,-252,-107,70,207,315,364,328,245,117,-32,-167,-269,-327,-320,-267,-167,-44,80,188,269,305,295,231,133,23,-99,-200,-276,-304,-279,-230,-136,-18,100,199,275,314,304,251,153,26,-113,-230,-322,-376,-366,-290,-164,-11,170,318,428,474,440,311,128,-90,-288,-450,-537,-526,-425,-240,4,241,443,574,592,513,334,92,-160,-394,-555,-624,-585,-427,-197,70,318,512,629,626,509,305,39,-226,-452,-597,-640,-571,-403,-157,147,360,550,637,616,481,262,-6,-265,-479,-605,-629,-534,-338,-90,168,394,550,599,543,394,172,-67,-300,-468,-547,-539,-424,-245,-32,185,366,464,486,422,286,110,-74,-236,-358,-408,-392,-313,-184,-26,126,252,331,356,324,240,116,-14,-137,-240,-290,-302,-264,-181,-71,46,148,233,274,261,217,141,41,-62,-155,-220,-247,-240,-196,-117,-28,77,169,239,268,248,192,92,-20,-130,-225,-283,-285,-235,-134,-7,122,236,299,307,249,141,7,-127,-240,-311,-304,-230,-118,16,144,243,287,273,199,77,-63,-166,-241,-267,-218,-131,-16,102,200,244,217,130,-3,-118,-173,494,621
29250,mtk,MTK 7916,2779714636,rx1-tx1,512,0,0,0,0,0,0,0,0,0,0,0,0,0,0,0,0,0,0,0,0,0,0,0,0,0,0,0,0,0,0,0,0,0,0,0,0,0,0,0,0,0,0,0,0,0,0,0,0,0,0,0,0,0,0,0,0,0,0,0,0,0,0,0,0,0,0,0,0,0,0,0,0,0,0,0,0,0,0,0,0,0,0,0,0,0,0,0,0,0,0,0,0,0,0,0,0,0,0,0,0,0,0,0,0,0,0,0,0,0,0,0,0,0,0,0,0,0,0,0,0,0,0,0,0,0,0,0,0,0,0,0,0,0,0,0,0,0,0,0,0,0,0,0,0,0,0,0,0,0,0,0,0,0,0,0,0,0,0,0,0,0,0,0,0,0,0,0,0,0,0,0,0,0,0,0,0,0,0,0,0,0,0,0,0,0,0,0,0,0,0,0,0,0,0,0,0,0,0,0,0,0,0,0,0,0,0,0,0,0,0,0,0,0,0,0,0,0,0,0,0,0,0,0,0,0,0,0,0,0,0,0,0,0,0,0,0,0,0,0,0,0,0,0,0,0,0,0,0,0,0,0,0,0,0,0,0,-411,-608,-591,35,28,23,14,-1,-18,-34,-50,-63,-77,-80,-78,-74,-61,-41,-20,3,31,55,67,82,88,78,65,52,27,2,-19,-44,-61,-65,-62,-56,-45,-31,-17,5,18,27,32,31,23,10,-2,-13,-22,-30,-29,-22,-11,5,20,33,48,55,50,37,19,-8,-31,-50,-67,-79,-85,-78,-58,-33,-3,31,62,85,93,97,93,76,48,14,-17,-50,-83,-102,-104,-90,-74,-47,-12,22,46,69,85,89,80,60,39,13,-14,-34,-47,-56,-60,-58,-47,-31,-12,3,16,26,31,35,34,31,24,21,18,15,13,15,11,2,-2,-7,-20,-36,-46,-61,0,-87,-81,-66,-43,-7,33,74,109,142,160,165,153,118,63,4,-59,-120,-182,-225,-243,-234,-210,-156,-80,7,95,179,240,282,304,289,237,161,70,-31,-130,-218,-290,-330,-330,-298,-235,-144,-40,68,169,247,301,325,312,258,184,98,-4,-108,-198,-257,-283,-285,-255,-197,-117,-16,85,167,229,268,272,243,195,125,34,-61,-143,-209,-254,-268,-260,-220,-153,-69,10,87,163,227,257,257,230,186,127,55,-25,-103,-168,-205,-219,-219,-197,-145,-93,-33,38,104,149,170,181,174,151,113,58,0,-61,-115,-157,-182,-193,-180,-159,-131,-94,-45,2,43,70,100,-532,-572,0,0,0,0,0,0,0,0,0,0,0,0,0,0,0,0,0,0,0,0,0,0,0,0,0,0,0,0,0,0,0,0,0,0,0,0,0,0,0,0,0,0,0,0,0,0,0,0,0,0,0,0,0,0,0,0,0,0,0,0,0,0,0,0,0,0,0,0,0,0,0,0,0,0,0,0,0,0,0,0,0,0,0,0,0,0,0,0,0,0,0,0,0,0,0,0,0,0,0,0,0,0,0,0,0,0,0,0,0,0,0,0,0,0,0,0,0,0,0,0,0,0,0,0,0,0,0,0,0,0,0,0,0,0,0,0,0,0,0,0,0,0,0,0,0,0,0,0,0,0,0,0,0,0,0,0,0,0,0,0,0,0,0,0,0,0,0,0,0,0,0,0,0,0,0,0,0,0,0,0,0,0,0,0,0,0,0,0,0,0,0,0,0,0,0,0,0,0,0,0,0,0,0,0,0,0,0,0,0,0,0,0,0,0,0,0,0,0,0,0,0,0,0,0,0,0,0,0,0,0,0,0,0,0,0,0,0,0,0,0,0,0,0,0,0,0,0,0,0,0,0,0,0,0,0,0,-92,111,217,46,57,67,74,76,74,74,66,49,30,10,-15,-40,-57,-72,-85,-91,-88,-74,-54,-29,-3,26,47,63,74,81,79,65,48,29,6,-20,-36,-43,-47,-43,-38,-27,-9,5,12,22,26,21,8,0,-8,-24,-37,-36,-33,-21,-3,13,31,55,64,56,56,53,38,9,-22,-45,-66,-88,-96,-90,-78,-58,-23,10,39,70,94,102,102,89,64,29,-2,-29,-60,-79,-90,-95,-83,-57,-31,-1,31,58,72,75,72,64,51,31,9,-12,-38,-52,-51,-44,-39,-30,-21,-8,1,8,11,12,9,6,10,13,15,23,35,43,46,42,30,13,0,-13,-49,-81,-104,-119,-121,-113,-91,-55,-11,45,101,152,187,204,204,187,145,79,5,-77,-150,-209,-256,-282,-275,-239,-170,-82,17,113,206,274,311,324,309,256,171,67,-45,-150,-230,-293,-326,-323,-282,-212,-120,-18,83,181,253,294,304,277,223,151,57,-47,-138,-209,-251,-271,-262,-219,-149,-69,20,113,190,241,264,259,233,179,98,7,-80,-157,-221,-263,-267,-239,-189,-132,-61,15,96,169,219,243,246,223,168,107,37,-38,-103,-154,-195,-211,-202,-172,-130,-72,-9,51,100,137,169,181,168,142,102,54,4,-52,-106,-153,-183,-200,-203,-197,-179,-151,-201,-112
29251,mtk,MTK 7916,2779714636,rx2-tx0,512,0,0,0,0,0,0,0,0,0,0,0,0,0,0,0,0,0,0,0,0,0,0,0,0,0,0,0,0,0,0,0,0,0,0,0,0,0,0,0,0,0,0,0,0,0,0,0,0,0,0,0,0,0,0,0,0,0,0,0,0,0,0,0,0,0,0,0,0,0,0,0,0,0,0,0,0,0,0,0,0,0,0,0,0,0,0,0,0,0,0,0,0,0,0,0,0,0,0,0,0,0,0,0,0,0,0,0,0,0,0,0,0,0,0,0,0,0,0,0,0,0,0,0,0,0,0,0,0,0,0,0,0,0,0,0,0,0,0,0,0,0,0,0,0,0,0,0,0,0,0,0,0,0,0,0,0,0,0,0,0,0,0,0,0,0,0,0,0,0,0,0,0,0,0,0,0,0,0,0,0,0,0,0,0,0,0,0,0,0,0,0,0,0,0,0,0,0,0,0,0,0,0,0,0,0,0,0,0,0,0,0,0,0,0,0,0,0,0,0,0,0,0,0,0,0,0,0,0,0,0,0,0,0,0,0,0,0,0,0,0,0,0,0,0,0,0,0,0,0,0,0,0,0,0,0,0,-136,-365,-291,-7,-23,-38,-53,-68,-82,-93,-99,-100,-99,-85,-63,-39,-17,12,42,68,83,91,94,98,90,69,45,20,-8,-36,-61,-80,-92,-104,-108,-102,-86,-66,-39,-8,27,53,77,101,121,130,126,108,84,54,12,-40,-85,-121,-152,-172,-172,-150,-113,-62,1,72,131,179,214,222,211,170,103,23,-59,-145,-216,-264,-277,-262,-217,-139,-47,60,168,259,320,347,333,270,172,54,-77,-205,-311,-384,-413,-390,-323,-219,-81,77,222,338,418,459,444,370,247,97,-67,-224,-356,-447,-487,-464,-384,-258,-97,78,243,375,463,496,464,371,236,68,-107,-270,-398,-480,0,-472,-374,-226,-47,142,313,448,526,542,491,375,213,25,-169,-348,-487,-566,-576,-521,-402,-231,-30,178,363,505,595,616,560,442,276,71,-144,-342,-496,-598,-633,-595,-489,-327,-130,78,273,435,546,598,583,502,371,198,10,-172,-330,-452,-519,-528,-478,-377,-235,-73,86,231,345,416,441,416,344,237,106,-33,-154,-259,-331,-362,-355,-305,-221,-116,-1,111,201,267,305,310,272,202,118,26,-72,-164,-233,-277,-289,-269,-221,-149,-63,24,110,181,231,260,266,240,195,132,60,-20,-95,-160,-207,-238,-248,-235,-199,-152,-97,-35,32,92,140,180,206,217,215,204,-554,-504,0,0,0,0,0,0,0,0,0,0,0,0,0,0,0,0,0,0,0,0,0,0,0,0,0,0,0,0,0,0,0,0,0,0,0,0,0,0,0,0,0,0,0,0,0,0,0,0,0,0,0,0,0,0,0,0,0,0,0,0,0,0,0,0,0,0,0,0,0,0,0,0,0,0,0,0,0,0,0,0,0,0,0,0,0,0,0,0,0,0,0,0,0,0,0,0,0,0,0,0,0,0,0,0,0,0,0,0,0,0,0,0,0,0,0,0,0,0,0,0,0,0,0,0,0,0,0,0,0,0,0,0,0,0,0,0,0,0,0,0,0,0,0,0,0,0,0,0,0,0,0,0,0,0,0,0,0,0,0,0,0,0,0,0,0,0,0,0,0,0,0,0,0,0,0,0,0,0,0,0,0,0,0,0,0,0,0,0,0,0,0,0,0,0,0,0,0,0,0,0,0,0,0,0,0,0,0,0,0,0,0,0,0,0,0,0,0,0,0,0,0,0,0,0,0,0,0,0,0,0,0,0,0,0,0,0,0,0,0,0,0,0,0,0,0,0,0,0,0,0,0,0,0,0,0,0,1335,498,567,80,79,80,79,71,56,36,14,-12,-37,-58,-77,-91,-97,-97,-89,-77,-57,-31,-1,29,55,76,95,102,100,93,83,65,42,15,-12,-43,-70,-88,-101,-110,-110,-102,-82,-60,-28,6,43,74,108,134,144,142,132,103,61,16,-42,-101,-147,-181,-199,-197,-168,-115,-51,23,95,164,219,248,250,225,168,83,-14,-114,-199,-266,-307,-310,-272,-206,-112,6,132,238,320,370,378,337,254,136,-5,-144,-274,-381,-438,-437,-391,-298,-165,-11,153,293,402,463,473,421,323,184,18,-150,-297,-413,-479,-481,-424,-317,-164,10,178,328,440,495,494,429,308,142,0,-212,-369,-473,-524,-513,-433,-297,-126,62,243,405,514,555,532,452,311,130,-71,-265,-427,-540,-594,-576,-486,-335,-147,56,256,432,560,622,610,532,389,200,-6,-208,-395,-531,-604,-610,-556,-437,-269,-75,123,305,452,546,577,539,445,309,141,-43,-211,-346,-440,-487,-478,-415,-310,-171,-16,127,251,343,393,396,358,278,174,50,-77,-189,-272,-318,-337,-315,-250,-158,-60,43,142,224,273,289,277,236,170,88,-5,-100,-179,-232,-264,-274,-253,-207,-138,-56,25,103,174,225,251,252,232,189,134,68,-7,-77,-138,-189,-226,-245,-247,-231,-202,-163,-119,-74,-34,10,252,337
29252,mtk,MTK 7916,2779714636,rx2-tx1,512,0,0,0,0,0,0,0,0,0,0,0,0,0,0,0,0,0,0,0,0,0,0,0,0,0,0,0,0,0,0,0,0,0,0,0,0,0,0,0,0,0,0,0,0,0,0,0,0,0,0,0,0,0,0,0,0,0,0,0,0,0,0,0,0,0,0,0,0,0,0,0,0,0,0,0,0,0,0,0,0,0,0,0,0,0,0,0,0,0,0,0,0,0,0,0,0,0,0,0,0,0,0,0,0,0,0,0,0,0,0,0,0,0,0,0,0,0,0,0,0,0,0,0,0,0,0,0,0,0,0,0,0,0,0,0,0,0,0,0,0,0,0,0,0,0,0,0,0,0,0,0,0,0,0,0,0,0,0,0,0,0,0,0,0,0,0,0,0,0,0,0,0,0,0,0,0,0,0,0,0,0,0,0,0,0,0,0,0,0,0,0,0,0,0,0,0,0,0,0,0,0,0,0,0,0,0,0,0,0,0,0,0,0,0,0,0,0,0,0,0,0,0,0,0,0,0,0,0,0,0,0,0,0,0,0,0,0,0,0,0,0,0,0,0,0,0,0,0,0,0,0,0,0,0,0,0,236,-138,-91,17,16,8,-5,-20,-40,-65,-77,-80,-82,-81,-72,-62,-39,-10,20,42,65,82,92,86,71,47,23,-8,-45,-68,-85,-98,-98,-82,-57,-24,11,51,81,98,108,100,73,35,-7,-55,-97,-125,-139,-133,-108,-65,-5,62,118,161,185,195,172,117,50,-28,-111,-192,-245,-274,-266,-228,-157,-62,45,160,261,339,377,359,298,202,78,-62,-202,-323,-402,-439,-428,-373,-255,-104,57,216,365,462,504,484,407,286,125,-59,-232,-372,-473,-527,-516,-429,-297,-136,45,217,365,475,523,500,418,295,136,-36,-209,-352,-440,-472,-451,-371,-251,-96,70,221,336,409,0,382,300,178,34,-118,-258,-358,-406,-400,-345,-236,-98,47,184,298,375,403,382,308,197,58,-87,-229,-337,-395,-410,-377,-292,-170,-32,102,224,328,387,393,357,277,168,36,-92,-203,-288,-338,-346,-307,-240,-149,-43,65,158,225,270,277,246,191,110,18,-63,-126,-163,-188,-190,-162,-112,-59,5,66,108,130,134,122,98,61,18,-24,-63,-94,-102,-99,-82,-54,-24,7,39,60,75,76,71,63,41,13,-10,-31,-51,-57,-52,-43,-31,-12,2,11,24,33,31,24,14,1,-11,-23,-34,-36,-26,-17,-6,7,26,37,43,51,62,58,48,38,32,14,-272,-229,0,0,0,0,0,0,0,0,0,0,0,0,0,0,0,0,0,0,0,0,0,0,0,0,0,0,0,0,0,0,0,0,0,0,0,0,0,0,0,0,0,0,0,0,0,0,0,0,0,0,0,0,0,0,0,0,0,0,0,0,0,0,0,0,0,0,0,0,0,0,0,0,0,0,0,0,0,0,0,0,0,0,0,0,0,0,0,0,0,0,0,0,0,0,0,0,0,0,0,0,0,0,0,0,0,0,0,0,0,0,0,0,0,0,0,0,0,0,0,0,0,0,0,0,0,0,0,0,0,0,0,0,0,0,0,0,0,0,0,0,0,0,0,0,0,0,0,0,0,0,0,0,0,0,0,0,0,0,0,0,0,0,0,0,0,0,0,0,0,0,0,0,0,0,0,0,0,0,0,0,0,0,0,0,0,0,0,0,0,0,0,0,0,0,0,0,0,0,0,0,0,0,0,0,0,0,0,0,0,0,0,0,0,0,0,0,0,0,0,0,0,0,0,0,0,0,0,0,0,0,0,0,0,0,0,0,0,0,0,0,0,0,0,0,0,0,0,0,0,0,0,0,0,0,0,0,-351,304,312,50,62,71,76,77,70,60,52,33,8,-16,-34,-58,-78,-88,-88,-79,-62,-39,-4,30,54,74,92,94,81,64,42,13,-25,-61,-86,-99,-95,-87,-68,-30,14,46,82,113,126,119,87,38,-7,-50,-100,-135,-152,-161,-135,-84,-27,49,125,179,215,227,218,178,106,11,-100,-188,-249,-299,-323,-298,-233,-127,-6,116,232,329,390,399,365,289,165,8,-137,-277,-392,-462,-477,-431,-337,-196,-25,146,309,430,498,509,468,368,220,46,-137,-305,-443,-521,-536,-484,-376,-224,-51,126,284,405,483,500,451,348,202,27,-136,-279,-389,-449,-446,-384,-274,-127,0,166,288,384,422,397,321,210,68,-85,-223,-332,-392,-403,-368,-283,-151,-3,140,265,360,411,405,346,243,111,-38,-176,-294,-375,-414,-404,-338,-235,-103,34,163,268,342,372,360,308,218,104,-18,-131,-223,-282,-306,-296,-253,-174,-73,16,104,178,222,234,219,174,111,40,-28,-86,-127,-151,-156,-141,-106,-56,-7,38,78,107,114,106,88,57,16,-23,-51,-75,-92,-99,-87,-61,-32,-6,21,39,57,65,57,47,37,21,3,-18,-31,-34,-37,-30,-20,-12,4,25,32,33,28,14,0,-11,-17,-27,-33,-39,-37,-30,-14,0,16,36,47,58,72,83,233,265
29253,mtk,MTK 7916,2779776156,rx0-tx0,512,0,0,0,0,0,0,0,0,0,0,0,0,0,0,0,0,0,0,0,0,0,0,0,0,0,0,0,0,0,0,0,0,0,0,0,0,0,0,0,0,0,0,0,0,0,0,0,0,0,0,0,0,0,0,0,0,0,0,0,0,0,0,0,0,0,0,0,0,0,0,0,0,0,0,0,0,0,0,0,0,0,0,0,0,0,0,0,0,0,0,0,0,0,0,0,0,0,0,0,0,0,0,0,0,0,0,0,0,0,0,0,0,0,0,0,0,0,0,0,0,0,0,0,0,0,0,0,0,0,0,0,0,0,0,0,0,0,0,0,0,0,0,0,0,0,0,0,0,0,0,0,0,0,0,0,0,0,0,0,0,0,0,0,0,0,0,0,0,0,0,0,0,0,0,0,0,0,0,0,0,0,0,0,0,0,0,0,0,0,0,0,0,0,0,0,0,0,0,0,0,0,0,0,0,0,0,0,0,0,0,0,0,0,0,0,0,0,0,0,0,0,0,0,0,0,0,0,0,0,0,0,0,0,0,0,0,0,0,0,0,0,0,0,0,0,0,0,0,0,0,0,0,0,0,0,0,-273,298,121,-182,-75,85,241,354,407,385,311,189,38,-110,-255,-371,-447,-485,-471,-410,-303,-156,11,188,353,485,585,628,607,531,392,212,3,-215,-413,-575,-692,-753,-727,-640,-505,-313,-97,133,349,530,664,753,782,736,637,500,316,105,-114,-332,-517,-663,-776,-824,-815,-737,-597,-415,-195,40,273,495,682,813,890,903,844,707,516,291,30,-229,-471,-672,-826,-918,-940,-891,-767,-576,-350,-105,156,406,613,774,875,908,870,765,606,413,186,-55,-277,-472,-637,-742,-800,-800,-743,-644,-502,-329,-135,65,258,431,570,681,751,770,735,654,525,361,169,-35,-241,-440,-610,-747,-1687,-846,-799,-703,-547,-353,-135,98,324,531,700,804,870,875,813,693,523,325,100,-139,-372,-576,-749,-872,-945,-952,-890,-772,-592,-356,-98,188,462,706,920,1075,1157,1143,1035,848,605,278,-76,-431,-759,-1035,-1234,-1341,-1344,-1226,-1006,-696,-322,78,471,837,1134,1333,1420,1394,1250,1004,676,286,-119,-512,-860,-1139,-1318,-1390,-1344,-1189,-944,-616,-246,141,522,847,1103,1269,1321,1280,1126,864,539,174,-215,-588,-893,-1129,-1266,-1275,-1184,-977,-684,-325,62,426,745,991,1137,1173,1095,917,655,338,3,-326,-619,-848,-989,-1037,-983,-840,-608,-304,47,403,717,954,1066,1028,811,444,6,-353,722,587,0,0,0,0,0,0,0,0,0,0,0,0,0,0,0,0,0,0,0,0,0,0,0,0,0,0,0,0,0,0,0,0,0,0,0,0,0,0,0,0,0,0,0,0,0,0,0,0,0,0,0,0,0,0,0,0,0,0,0,0,0,0,0,0,0,0,0,0,0,0,0,0,0,0,0,0,0,0,0,0,0,0,0,0,0,0,0,0,0,0,0,0,0,0,0,0,0,0,0,0,0,0,0,0,0,0,0,0,0,0,0,0,0,0,0,0,0,0,0,0,0,0,0,0,0,0,0,0,0,0,0,0,0,0,0,0,0,0,0,0,0,0,0,0,0,0,0,0,0,0,0,0,0,0,0,0,0,0,0,0,0,0,0,0,0,0,0,0,0,0,0,0,0,0,0,0,0,0,0,0,0,0,0,0,0,0,0,0,0,0,0,0,0,0,0,0,0,0,0,0,0,0,0,0,0,0,0,0,0,0,0,0,0,0,0,0,0,0,0,0,0,0,0,0,0,0,0,0,0,0,0,0,0,0,0,0,0,0,0,0,0,0,0,0,0,0,0,0,0,0,0,0,0,0,0,0,-1322,-1070,-1104,209,306,341,287,170,13,-149,-287,-391,-437,-433,-378,-281,-153,-6,153,304,431,518,552,537,463,343,184,-11,-208,-394,-554,-660,-711,-685,-593,-449,-262,-37,198,401,576,701,762,760,690,565,395,198,-26,-250,-445,-610,-729,-782,-786,-729,-614,-464,-266,-49,182,407,593,745,833,859,821,728,567,359,128,-125,-376,-594,-762,-879,-929,-905,-809,-657,-446,-204,57,313,551,742,868,930,925,838,689,494,261,11,-234,-459,-639,-773,-852,-859,-804,-698,-541,-343,-139,76,276,452,594,699,756,764,721,629,507,354,165,-33,-235,-419,-580,-695,-773,-797,-779,-695,-557,-380,-175,64,289,495,669,793,861,864,808,695,524,324,107,-130,-353,-559,-715,-834,-899,-901,-832,-713,-548,-342,-109,151,394,619,811,950,1031,1044,967,825,613,350,48,-274,-582,-846,-1070,-1218,-1264,-1211,-1059,-816,-501,-137,258,630,961,1210,1361,1405,1335,1155,863,503,105,-301,-687,-1008,-1252,-1385,-1404,-1314,-1121,-825,-469,-72,328,687,995,1216,1336,1344,1243,1040,762,416,37,-344,-710,-998,-1197,-1302,-1300,-1168,-939,-633,-265,118,488,816,1061,1215,1236,1145,955,679,345,-15,-364,-675,-916,-1059,-1100,-1033,-872,-627,-331,-7,311,599,839,993,1044,973,782,481,102,-309,-685,-931,-986,-858,-850,-942
29254,mtk,MTK 7916,2779776156,rx0-tx1,512,0,0,0,0,0,0,0,0,0,0,0,0,0,0,0,0,0,0,0,0,0,0,0,0,0,0,0,0,0,0,0,0,0,0,0,0,0,0,0,0,0,0,0,0,0,0,0,0,0,0,0,0,0,0,0,0,0,0,0,0,0,0,0,0,0,0,0,0,0,0,0,0,0,0,0,0,0,0,0,0,0,0,0,0,0,0,0,0,0,0,0,0,0,0,0,0,0,0,0,0,0,0,0,0,0,0,0,0,0,0,0,0,0,0,0,0,0,0,0,0,0,0,0,0,0,0,0,0,0,0,0,0,0,0,0,0,0,0,0,0,0,0,0,0,0,0,0,0,0,0,0,0,0,0,0,0,0,0,0,0,0,0,0,0,0,0,0,0,0,0,0,0,0,0,0,0,0,0,0,0,0,0,0,0,0,0,0,0,0,0,0,0,0,0,0,0,0,0,0,0,0,0,0,0,0,0,0,0,0,0,0,0,0,0,0,0,0,0,0,0,0,0,0,0,0,0,0,0,0,0,0,0,0,0,0,0,0,0,0,0,0,0,0,0,0,0,0,0,0,0,0,0,0,0,0,0,-730,-55,-165,-32,-172,-311,-388,-382,-297,-159,9,183,329,439,498,503,448,339,192,14,-178,-357,-508,-617,-660,-642,-560,-410,-215,10,246,463,645,760,816,800,709,546,330,82,-177,-432,-648,-824,-932,-955,-893,-768,-577,-316,-31,258,536,772,955,1062,1074,1015,866,642,367,50,-274,-576,-836,-1038,-1153,-1184,-1118,-967,-740,-454,-117,223,554,844,1075,1223,1272,1235,1097,880,587,242,-119,-483,-801,-1071,-1265,-1350,-1345,-1228,-1013,-728,-373,8,391,741,1050,1267,1386,1405,1313,1115,848,496,108,-285,-657,-984,-1236,-1389,-1435,-1362,-1201,-940,-616,-236,156,523,865,1132,1314,1403,1393,1262,1043,760,-546,28,-352,-698,-996,-1224,-1365,-1406,-1339,-1179,-923,-608,-254,136,506,858,1143,1340,1439,1436,1322,1109,813,453,49,-368,-751,-1089,-1336,-1484,-1518,-1437,-1235,-945,-579,-166,262,665,1009,1275,1450,1511,1450,1277,1006,661,275,-138,-539,-884,-1165,-1347,-1427,-1398,-1267,-1040,-738,-385,1,381,725,1012,1225,1341,1357,1270,1085,816,485,113,-264,-620,-936,-1169,-1312,-1348,-1273,-1095,-832,-498,-116,277,646,953,1182,1311,1332,1225,1004,699,342,-50,-431,-773,-1042,-1212,-1258,-1185,-1003,-732,-395,-26,338,658,901,1054,1099,1034,872,632,335,13,-297,-585,-813,-951,-990,-918,-732,-446,-89,292,634,854,898,780,226,140,0,0,0,0,0,0,0,0,0,0,0,0,0,0,0,0,0,0,0,0,0,0,0,0,0,0,0,0,0,0,0,0,0,0,0,0,0,0,0,0,0,0,0,0,0,0,0,0,0,0,0,0,0,0,0,0,0,0,0,0,0,0,0,0,0,0,0,0,0,0,0,0,0,0,0,0,0,0,0,0,0,0,0,0,0,0,0,0,0,0,0,0,0,0,0,0,0,0,0,0,0,0,0,0,0,0,0,0,0,0,0,0,0,0,0,0,0,0,0,0,0,0,0,0,0,0,0,0,0,0,0,0,0,0,0,0,0,0,0,0,0,0,0,0,0,0,0,0,0,0,0,0,0,0,0,0,0,0,0,0,0,0,0,0,0,0,0,0,0,0,0,0,0,0,0,0,0,0,0,0,0,0,0,0,0,0,0,0,0,0,0,0,0,0,0,0,0,0,0,0,0,0,0,0,0,0,0,0,0,0,0,0,0,0,0,0,0,0,0,0,0,0,0,0,0,0,0,0,0,0,0,0,0,0,0,0,0,0,0,0,0,0,0,0,0,0,0,0,0,0,0,0,0,0,0,0,-128,-640,-626,-278,-270,-180,-24,151,308,409,453,427,344,219,59,-112,-282,-426,-525,-578,-566,-492,-366,-189,12,219,419,584,695,746,722,630,466,254,20,-228,-466,-667,-805,-878,-881,-796,-644,-441,-186,91,363,609,820,960,1015,997,898,718,475,184,-123,-417,-702,-918,-1070,-1143,-1114,-1002,-811,-547,-237,93,421,719,964,1144,1234,1217,1116,922,656,340,-6,-346,-674,-954,-1169,-1287,-1315,-1232,-1056,-811,-481,-123,246,617,920,1172,1335,1391,1336,1186,942,612,246,-144,-529,-867,-1142,-1342,-1425,-1398,-1267,-1041,-731,-366,31,424,772,1065,1282,1404,1405,1314,1117,837,499,135,-251,-621,-932,-1184,1197,-1404,-1351,-1209,-978,-681,-329,49,422,769,1064,1266,1395,1415,1330,1149,874,537,157,-239,-626,-968,-1238,-1422,-1498,-1451,-1300,-1048,-713,-313,107,523,895,1193,1412,1521,1506,1366,1126,807,429,12,-409,-791,-1108,-1329,-1454,-1469,-1368,-1165,-873,-518,-128,271,638,956,1190,1343,1393,1336,1176,930,615,254,-126,-491,-818,-1083,-1265,-1350,-1326,-1200,-977,-672,-320,61,443,784,1058,1251,1340,1318,1183,943,624,259,-138,-527,-861,-1110,-1263,-1300,-1219,-1031,-746,-387,3,382,716,976,1142,1191,1123,946,685,368,23,-314,-608,-834,-978,-1016,-960,-815,-578,-283,48,382,677,896,992,949,745,409,8,-317,-567,-605
29255,mtk,MTK 7916,2779776156,rx1-tx0,512,0,0,0,0,0,0,0,0,0,0,0,0,0,0,0,0,0,0,0,0,0,0,0,0,0,0,0,0,0,0,0,0,0,0,0,0,0,0,0,0,0,0,0,0,0,0,0,0,0,0,0,0,0,0,0,0,0,0,0,0,0,0,0,0,0,0,0,0,0,0,0,0,0,0,0,0,0,0,0,0,0,0,0,0,0,0,0,0,0,0,0,0,0,0,0,0,0,0,0,0,0,0,0,0,0,0,0,0,0,0,0,0,0,0,0,0,0,0,0,0,0,0,0,0,0,0,0,0,0,0,0,0,0,0,0,0,0,0,0,0,0,0,0,0,0,0,0,0,0,0,0,0,0,0,0,0,0,0,0,0,0,0,0,0,0,0,0,0,0,0,0,0,0,0,0,0,0,0,0,0,0,0,0,0,0,0,0,0,0,0,0,0,0,0,0,0,0,0,0,0,0,0,0,0,0,0,0,0,0,0,0,0,0,0,0,0,0,0,0,0,0,0,0,0,0,0,0,0,0,0,0,0,0,0,0,0,0,0,0,0,0,0,0,0,0,0,0,0,0,0,0,0,0,0,0,0,146,-586,-443,148,179,157,83,-9,-104,-188,-238,-242,-213,-155,-73,9,100,180,236,266,264,230,175,99,-1,-88,-168,-232,-265,-275,-255,-210,-147,-58,22,93,156,207,237,238,222,183,131,71,10,-45,-94,-133,-162,-180,-176,-170,-150,-119,-88,-53,-12,23,56,90,118,134,153,165,156,144,131,109,75,39,-4,-61,-118,-168,-207,-243,-254,-253,-234,-180,-126,-50,48,135,222,307,366,395,375,333,259,152,36,-104,-228,-331,-417,-468,-474,-435,-359,-248,-116,22,163,293,396,468,498,487,431,336,216,73,-71,-203,-323,-417,-473,-489,-471,-414,-309,-190,-61,88,223,337,-144,471,479,458,391,289,160,27,-109,-233,-342,-420,-454,-454,-408,-336,-238,-122,8,131,244,329,376,397,395,351,282,197,91,-16,-119,-210,-282,-320,-345,-334,-294,-245,-176,-90,-3,84,156,213,257,269,266,246,209,150,82,13,-48,-113,-164,-203,-220,-219,-214,-180,-131,-86,-35,23,72,109,146,172,174,175,159,130,100,64,23,-20,-67,-108,-134,-158,-176,-176,-155,-127,-87,-44,7,72,121,162,196,203,194,170,125,60,-6,-70,-128,-172,-197,-205,-192,-149,-91,-34,33,101,149,177,194,185,154,110,48,-13,-70,-119,-151,-164,-154,-119,-63,6,63,102,-860,-772,0,0,0,0,0,0,0,0,0,0,0,0,0,0,0,0,0,0,0,0,0,0,0,0,0,0,0,0,0,0,0,0,0,0,0,0,0,0,0,0,0,0,0,0,0,0,0,0,0,0,0,0,0,0,0,0,0,0,0,0,0,0,0,0,0,0,0,0,0,0,0,0,0,0,0,0,0,0,0,0,0,0,0,0,0,0,0,0,0,0,0,0,0,0,0,0,0,0,0,0,0,0,0,0,0,0,0,0,0,0,0,0,0,0,0,0,0,0,0,0,0,0,0,0,0,0,0,0,0,0,0,0,0,0,0,0,0,0,0,0,0,0,0,0,0,0,0,0,0,0,0,0,0,0,0,0,0,0,0,0,0,0,0,0,0,0,0,0,0,0,0,0,0,0,0,0,0,0,0,0,0,0,0,0,0,0,0,0,0,0,0,0,0,0,0,0,0,0,0,0,0,0,0,0,0,0,0,0,0,0,0,0,0,0,0,0,0,0,0,0,0,0,0,0,0,0,0,0,0,0,0,0,0,0,0,0,0,0,0,0,0,0,0,0,0,0,0,0,0,0,0,0,0,0,0,0,206,856,941,53,-29,-129,-198,-226,-209,-154,-62,38,125,199,238,249,236,184,117,32,-58,-142,-206,-261,-278,-262,-223,-154,-73,14,101,172,234,263,258,237,195,143,71,-6,-74,-134,-174,-199,-206,-197,-170,-139,-101,-51,-2,40,82,111,132,148,153,149,143,130,104,72,42,-2,-35,-68,-104,-137,-164,-181,-202,-204,-186,-155,-116,-66,6,69,151,219,269,317,327,304,271,204,110,-5,-126,-230,-329,-393,-433,-434,-387,-315,-211,-81,60,200,322,418,472,487,463,394,295,169,25,-121,-258,-372,-454,-498,-501,-459,-385,-273,-132,9,146,276,383,444,490,492,440,355,147,100,-35,-165,-285,-382,-447,-474,-467,-413,-326,-206,-79,59,184,291,373,423,436,408,347,261,157,52,-61,-176,-257,-325,-362,-367,-344,-297,-221,-137,-43,59,142,213,272,304,309,290,246,194,118,41,-31,-101,-159,-210,-238,-244,-236,-213,-174,-120,-54,7,64,121,152,177,199,199,176,142,111,66,25,-16,-65,-103,-126,-153,-163,-164,-156,-131,-99,-64,-18,33,82,126,162,185,194,184,153,113,60,-2,-59,-116,-169,-203,-211,-198,-165,-115,-55,11,80,139,175,194,199,175,129,76,15,-57,-113,-156,-177,-178,-161,-122,-68,-6,59,114,152,153,125,85,494,621
29256,mtk,MTK 7916,2779776156,rx1-tx1,512,0,0,0,0,0,0,0,0,0,0,0,0,0,0,0,0,0,0,0,0,0,0,0,0,0,0,0,0,0,0,0,0,0,0,0,0,0,0,0,0,0,0,0,0,0,0,0,0,0,0,0,0,0,0,0,0,0,0,0,0,0,0,0,0,0,0,0,0,0,0,0,0,0,0,0,0,0,0,0,0,0,0,0,0,0,0,0,0,0,0,0,0,0,0,0,0,0,0,0,0,0,0,0,0,0,0,0,0,0,0,0,0,0,0,0,0,0,0,0,0,0,0,0,0,0,0,0,0,0,0,0,0,0,0,0,0,0,0,0,0,0,0,0,0,0,0,0,0,0,0,0,0,0,0,0,0,0,0,0,0,0,0,0,0,0,0,0,0,0,0,0,0,0,0,0,0,0,0,0,0,0,0,0,0,0,0,0,0,0,0,0,0,0,0,0,0,0,0,0,0,0,0,0,0,0,0,0,0,0,0,0,0,0,0,0,0,0,0,0,0,0,0,0,0,0,0,0,0,0,0,0,0,0,0,0,0,0,0,0,0,0,0,0,0,0,0,0,0,0,0,0,0,0,0,0,0,-411,-608,-591,54,58,59,54,37,13,-13,-40,-64,-80,-85,-73,-46,-11,22,51,75,90,85,62,28,-9,-48,-79,-97,-94,-71,-36,2,37,56,63,68,60,35,4,-25,-47,-56,-48,-32,-12,6,13,12,10,2,-4,-4,-7,-1,14,24,28,28,16,-2,-21,-41,-58,-57,-49,-27,5,46,79,94,85,60,17,-24,-65,-96,-109,-95,-64,-15,42,90,116,118,93,49,-7,-61,-98,-109,-103,-77,-25,27,72,99,100,84,52,1,-44,-78,-95,-91,-71,-38,4,42,66,75,68,47,22,-2,-31,-49,-55,-48,-34,-19,-5,7,22,35,41,45,51,43,0,21,-6,-40,-73,-87,-89,-90,-68,-22,34,89,135,158,151,107,42,-38,-116,-184,-212,-188,-130,-47,52,151,220,249,230,159,48,-72,-182,-260,-275,-236,-155,-32,105,214,281,290,242,140,6,-132,-238,-291,-287,-215,-97,35,158,249,284,255,172,52,-79,-192,-258,-267,-213,-112,9,133,234,273,252,177,62,-70,-189,-258,-272,-229,-134,-12,115,219,272,273,218,117,-5,-128,-226,-274,-269,-208,-102,22,131,211,246,238,175,76,-32,-120,-184,-213,-197,-138,-50,46,121,168,183,156,94,17,-60,-135,-180,-183,-158,-102,-26,55,126,179,204,196,164,117,-532,-572,0,0,0,0,0,0,0,0,0,0,0,0,0,0,0,0,0,0,0,0,0,0,0,0,0,0,0,0,0,0,0,0,0,0,0,0,0,0,0,0,0,0,0,0,0,0,0,0,0,0,0,0,0,0,0,0,0,0,0,0,0,0,0,0,0,0,0,0,0,0,0,0,0,0,0,0,0,0,0,0,0,0,0,0,0,0,0,0,0,0,0,0,0,0,0,0,0,0,0,0,0,0,0,0,0,0,0,0,0,0,0,0,0,0,0,0,0,0,0,0,0,0,0,0,0,0,0,0,0,0,0,0,0,0,0,0,0,0,0,0,0,0,0,0,0,0,0,0,0,0,0,0,0,0,0,0,0,0,0,0,0,0,0,0,0,0,0,0,0,0,0,0,0,0,0,0,0,0,0,0,0,0,0,0,0,0,0,0,0,0,0,0,0,0,0,0,0,0,0,0,0,0,0,0,0,0,0,0,0,0,0,0,0,0,0,0,0,0,0,0,0,0,0,0,0,0,0,0,0,0,0,0,0,0,0,0,0,0,0,0,0,0,0,0,0,0,0,0,0,0,0,0,0,0,0,0,-92,111,217,-7,9,26,46,65,77,77,66,47,21,-12,-43,-71,-82,-82,-70,-45,-2,39,70,89,90,76,49,9,-29,-56,-75,-85,-78,-52,-22,14,46,65,63,55,38,12,-14,-27,-33,-34,-26,-13,1,12,7,-4,-11,-13,-17,-12,4,23,36,47,53,40,10,-21,-49,-72,-83,-74,-45,-8,33,70,94,97,84,43,-12,-61,-94,-116,-109,-77,-29,27,78,108,111,96,57,8,-44,-85,-108,-109,-85,-35,21,63,88,94,85,60,20,-25,-64,-79,-78,-66,-41,-9,27,57,67,62,48,26,2,-20,-38,-40,-39,-42,-40,-30,-24,-13,7,26,0,56,71,73,56,25,-15,-58,-96,-122,-125,-103,-61,1,72,129,168,181,157,91,3,-90,-171,-221,-230,-191,-109,5,118,209,261,260,204,103,-24,-152,-246,-291,-278,-201,-87,43,171,261,296,262,175,53,-83,-207,-274,-285,-240,-139,-5,121,216,273,266,195,83,-46,-167,-250,-274,-240,-146,-21,105,208,266,265,205,104,-24,-149,-244,-283,-261,-183,-61,70,178,253,278,244,158,44,-79,-183,-251,-262,-222,-142,-31,86,178,231,236,196,119,18,-82,-157,-196,-195,-149,-73,13,95,155,183,169,123,55,-27,-105,-162,-190,-187,-157,-104,-36,31,87,137,-201,-112
29257,mtk,MTK 7916,2779776156,rx2-tx0,512,0,0,0,0,0,0,0,0,0,0,0,0,0,0,0,0,0,0,0,0,0,0,0,0,0,0,0,0,0,0,0,0,0,0,0,0,0,0,0,0,0,0,0,0,0,0,0,0,0,0,0,0,0,0,0,0,0,0,0,0,0,0,0,0,0,0,0,0,0,0,0,0,0,0,0,0,0,0,0,0,0,0,0,0,0,0,0,0,0,0,0,0,0,0,0,0,0,0,0,0,0,0,0,0,0,0,0,0,0,0,0,0,0,0,0,0,0,0,0,0,0,0,0,0,0,0,0,0,0,0,0,0,0,0,0,0,0,0,0,0,0,0,0,0,0,0,0,0,0,0,0,0,0,0,0,0,0,0,0,0,0,0,0,0,0,0,0,0,0,0,0,0,0,0,0,0,0,0,0,0,0,0,0,0,0,0,0,0,0,0,0,0,0,0,0,0,0,0,0,0,0,0,0,0,0,0,0,0,0,0,0,0,0,0,0,0,0,0,0,0,0,0,0,0,0,0,0,0,0,0,0,0,0,0,0,0,0,0,0,0,0,0,0,0,0,0,0,0,0,0,0,0,0,0,0,0,-136,-365,-291,51,36,16,-5,-33,-59,-81,-90,-86,-73,-47,-13,23,54,76,87,85,63,32,0,-33,-64,-83,-90,-84,-61,-30,4,41,74,95,103,92,67,32,-17,-69,-105,-125,-126,-108,-66,-5,58,118,157,163,136,81,7,-73,-145,-194,-198,-158,-84,11,112,195,238,223,154,49,-70,-183,-255,-272,-231,-135,3,144,255,315,305,219,73,-95,-243,-339,-362,-301,-165,15,200,343,409,379,260,79,-130,-313,-428,-443,-356,-182,36,247,406,476,435,291,74,-163,-355,-469,-478,-374,-185,47,274,434,489,424,263,39,-195,-386,-480,-460,-332,-120,123,336,468,492,0,202,-40,-273,-447,-515,-458,-294,-64,190,405,526,518,386,166,-92,-338,-508,-562,-485,-291,-31,234,451,573,563,423,181,-103,-362,-538,-602,-525,-332,-71,210,444,579,584,457,233,-37,-290,-478,-565,-527,-379,-155,101,332,479,521,453,290,68,-160,-339,-442,-451,-365,-198,2,189,332,400,380,279,118,-61,-213,-310,-335,-292,-187,-48,99,217,284,283,222,116,-11,-127,-216,-255,-234,-162,-61,51,152,220,236,201,125,24,-83,-170,-218,-224,-186,-112,-15,85,167,212,213,178,109,18,-76,-155,-202,-208,-179,-122,-40,43,124,184,215,213,183,129,66,8,-56,-554,-504,0,0,0,0,0,0,0,0,0,0,0,0,0,0,0,0,0,0,0,0,0,0,0,0,0,0,0,0,0,0,0,0,0,0,0,0,0,0,0,0,0,0,0,0,0,0,0,0,0,0,0,0,0,0,0,0,0,0,0,0,0,0,0,0,0,0,0,0,0,0,0,0,0,0,0,0,0,0,0,0,0,0,0,0,0,0,0,0,0,0,0,0,0,0,0,0,0,0,0,0,0,0,0,0,0,0,0,0,0,0,0,0,0,0,0,0,0,0,0,0,0,0,0,0,0,0,0,0,0,0,0,0,0,0,0,0,0,0,0,0,0,0,0,0,0,0,0,0,0,0,0,0,0,0,0,0,0,0,0,0,0,0,0,0,0,0,0,0,0,0,0,0,0,0,0,0,0,0,0,0,0,0,0,0,0,0,0,0,0,0,0,0,0,0,0,0,0,0,0,0,0,0,0,0,0,0,0,0,0,0,0,0,0,0,0,0,0,0,0,0,0,0,0,0,0,0,0,0,0,0,0,0,0,0,0,0,0,0,0,0,0,0,0,0,0,0,0,0,0,0,0,0,0,0,0,0,1335,498,567,46,65,80,87,82,68,41,10,-22,-51,-74,-90,-86,-67,-39,-7,26,57,78,87,81,61,31,-3,-39,-67,-86,-92,-85,-63,-29,9,49,86,110,116,98,64,20,-31,-85,-123,-143,-137,-103,-43,30,100,154,180,170,122,46,-43,-134,-202,-223,-194,-123,-24,90,191,251,255,199,96,-35,-162,-256,-296,-267,-173,-31,122,255,331,330,251,113,-57,-223,-348,-390,-340,-213,-33,167,333,423,413,307,128,-87,-286,-420,-460,-400,-243,-24,205,384,478,458,332,131,-99,-313,-454,-486,-400,-224,4,237,411,488,452,303,82,-156,-355,-473,-479,-368,-167,76,0,462,505,425,243,5,-236,-432,-524,-489,-347,-117,146,374,517,543,441,235,-29,-293,-489,-566,-519,-356,-106,171,410,559,582,472,253,-21,-289,-498,-588,-549,-397,-156,124,370,538,581,497,312,62,-201,-411,-532,-540,-425,-226,10,235,408,491,464,337,144,-69,-264,-390,-428,-374,-244,-64,120,272,358,361,284,155,-2,-152,-264,-311,-292,-206,-82,58,177,247,263,231,144,26,-94,-187,-239,-235,-182,-94,11,118,202,238,219,160,72,-28,-124,-198,-228,-208,-149,-60,38,123,183,214,200,143,65,-23,-107,-173,-207,-211,-175,-109,-32,43,114,164,191,192,170,252,337
29258,mtk,MTK 7916,2779776156,rx2-tx1,512,0,0,0,0,0,0,0,0,0,0,0,0,0,0,0,0,0,0,0,0,0,0,0,0,0,0,0,0,0,0,0,0,0,0,0,0,0,0,0,0,0,0,0,0,0,0,0,0,0,0,0,0,0,0,0,0,0,0,0,0,0,0,0,0,0,0,0,0,0,0,0,0,0,0,0,0,0,0,0,0,0,0,0,0,0,0,0,0,0,0,0,0,0,0,0,0,0,0,0,0,0,0,0,0,0,0,0,0,0,0,0,0,0,0,0,0,0,0,0,0,0,0,0,0,0,0,0,0,0,0,0,0,0,0,0,0,0,0,0,0,0,0,0,0,0,0,0,0,0,0,0,0,0,0,0,0,0,0,0,0,0,0,0,0,0,0,0,0,0,0,0,0,0,0,0,0,0,0,0,0,0,0,0,0,0,0,0,0,0,0,0,0,0,0,0,0,0,0,0,0,0,0,0,0,0,0,0,0,0,0,0,0,0,0,0,0,0,0,0,0,0,0,0,0,0,0,0,0,0,0,0,0,0,0,0,0,0,0,0,0,0,0,0,0,0,0,0,0,0,0,0,0,0,0,0,0,236,-138,-91,53,48,37,22,-4,-32,-53,-67,-76,-73,-56,-27,13,49,75,82,76,52,14,-26,-57,-86,-97,-83,-45,4,53,85,106,97,62,17,-35,-84,-111,-114,-85,-33,36,95,132,132,100,39,-39,-115,-159,-177,-149,-74,29,132,206,234,211,135,18,-116,-232,-294,-285,-213,-88,69,226,334,363,309,177,-1,-186,-334,-419,-403,-288,-106,108,306,437,465,392,229,3,-227,-412,-506,-482,-337,-123,126,347,492,530,444,250,-3,-250,-445,-538,-503,-354,-124,138,366,501,522,423,228,-16,-255,-432,-497,-450,-305,-84,149,343,446,438,324,141,-76,-270,-385,-406,0,-177,20,209,343,393,341,204,15,-173,-315,-383,-353,-232,-50,140,299,387,379,269,104,-89,-265,-374,-388,-311,-159,26,204,334,383,348,232,57,-130,-277,-358,-355,-263,-116,46,204,309,330,278,168,21,-126,-237,-291,-276,-197,-78,54,168,230,231,176,85,-12,-103,-163,-175,-146,-86,-4,74,133,149,124,68,-8,-72,-109,-125,-116,-69,-6,52,97,116,100,58,10,-42,-91,-114,-104,-73,-22,28,72,101,101,71,32,-10,-51,-81,-95,-83,-49,-11,27,61,72,66,56,28,-14,-47,-63,-66,-47,-21,5,35,59,66,60,43,15,-14,-42,-60,-69,-272,-229,0,0,0,0,0,0,0,0,0,0,0,0,0,0,0,0,0,0,0,0,0,0,0,0,0,0,0,0,0,0,0,0,0,0,0,0,0,0,0,0,0,0,0,0,0,0,0,0,0,0,0,0,0,0,0,0,0,0,0,0,0,0,0,0,0,0,0,0,0,0,0,0,0,0,0,0,0,0,0,0,0,0,0,0,0,0,0,0,0,0,0,0,0,0,0,0,0,0,0,0,0,0,0,0,0,0,0,0,0,0,0,0,0,0,0,0,0,0,0,0,0,0,0,0,0,0,0,0,0,0,0,0,0,0,0,0,0,0,0,0,0,0,0,0,0,0,0,0,0,0,0,0,0,0,0,0,0,0,0,0,0,0,0,0,0,0,0,0,0,0,0,0,0,0,0,0,0,0,0,0,0,0,0,0,0,0,0,0,0,0,0,0,0,0,0,0,0,0,0,0,0,0,0,0,0,0,0,0,0,0,0,0,0,0,0,0,0,0,0,0,0,0,0,0,0,0,0,0,0,0,0,0,0,0,0,0,0,0,0,0,0,0,0,0,0,0,0,0,0,0,0,0,0,0,0,0,-351,304,312,23,39,55,68,73,70,54,30,1,-32,-58,-76,-83,-66,-38,-7,30,65,84,86,65,30,-17,-59,-90,-100,-89,-56,-9,42,84,102,99,72,15,-49,-93,-119,-120,-90,-27,41,106,147,153,119,50,-36,-124,-186,-204,-172,-96,9,126,218,262,243,161,32,-109,-226,-307,-330,-262,-123,41,199,331,396,359,237,55,-149,-327,-430,-435,-346,-173,56,279,433,491,441,287,61,-182,-384,-500,-506,-397,-188,66,301,473,539,478,302,59,-197,-405,-526,-525,-397,-181,72,305,465,515,443,266,30,-203,-383,-474,-447,-310,-113,108,306,423,428,334,162,-43,0,-366,-399,-331,-188,1,191,333,387,344,214,29,-163,-312,-385,-362,-251,-73,123,283,374,381,287,122,-66,-233,-351,-392,-333,-190,-7,179,319,379,353,250,89,-90,-245,-339,-348,-278,-142,24,175,277,316,278,185,54,-86,-199,-253,-247,-184,-84,26,133,199,205,164,87,-5,-86,-141,-157,-131,-76,2,74,116,131,114,66,5,-57,-107,-121,-103,-62,-12,47,97,118,108,71,20,-38,-83,-107,-105,-77,-32,18,63,90,91,74,42,-5,-46,-73,-85,-76,-48,-11,20,51,68,69,54,26,-6,-35,-56,-65,-54,-30,-1,34,58,67,72,63,37,8,233,265
29259,mtk,MTK 7916,2779817155,rx0-tx0,512,0,0,0,0,0,0,0,0,0,0,0,0,0,0,0,0,0,0,0,0,0,0,0,0,0,0,0,0,0,0,0,0,0,0,0,0,0,0,0,0,0,0,0,0,0,0,0,0,0,0,0,0,0,0,0,0,0,0,0,0,0,0,0,0,0,0,0,0,0,0,0,0,0,0,0,0,0,0,0,0,0,0,0,0,0,0,0,0,0,0,0,0,0,0,0,0,0,0,0,0,0,0,0,0,0,0,0,0,0,0,0,0,0,0,0,0,0,0,0,0,0,0,0,0,0,0,0,0,0,0,0,0,0,0,0,0,0,0,0,0,0,0,0,0,0,0,0,0,0,0,0,0,0,0,0,0,0,0,0,0,0,0,0,0,0,0,0,0,0,0,0,0,0,0,0,0,0,0,0,0,0,0,0,0,0,0,0,0,0,0,0,0,0,0,0,0,0,0,0,0,0,0,0,0,0,0,0,0,0,0,0,0,0,0,0,0,0,0,0,0,0,0,0,0,0,0,0,0,0,0,0,0,0,0,0,0,0,0,0,0,0,0,0,0,0,0,0,0,0,0,0,0,0,0,0,0,-273,298,121,12,135,259,348,381,360,298,201,83,-36,-158,-267,-358,-431,-470,-481,-466,-413,-332,-225,-92,43,184,327,456,556,632,665,653,603,509,384,241,74,-105,-271,-429,-562,-664,-724,-745,-732,-685,-596,-474,-342,-192,-22,137,290,438,566,674,750,797,799,772,713,616,492,334,159,-26,-216,-401,-562,-701,-816,-893,-927,-908,-844,-747,-613,-438,-239,-36,162,359,540,695,811,887,928,919,858,758,632,478,303,120,-62,-240,-407,-549,-654,-731,-775,-786,-769,-718,-641,-540,-418,-284,-152,-13,124,252,368,471,559,629,678,697,684,661,612,538,442,322,196,54,-98,-251,-1687,-526,-625,-707,-762,-787,-784,-745,-674,-573,-443,-297,-143,24,193,360,505,630,730,812,861,876,856,802,719,596,454,285,100,-97,-293,-494,-679,-839,-974,-1070,-1116,-1110,-1056,-947,-795,-596,-357,-91,184,457,723,951,1148,1281,1342,1345,1278,1143,952,706,420,112,-199,-506,-786,-1021,-1205,-1328,-1388,-1368,-1285,-1144,-935,-682,-398,-91,206,501,764,978,1152,1260,1304,1291,1205,1060,869,629,354,54,-254,-536,-786,-997,-1155,-1241,-1259,-1206,-1087,-899,-652,-374,-81,210,483,729,918,1056,1121,1113,1042,906,719,487,234,-33,-294,-537,-754,-916,-1028,-1063,-1009,-864,-627,-307,65,425,712,851,722,587,0,0,0,0,0,0,0,0,0,0,0,0,0,0,0,0,0,0,0,0,0,0,0,0,0,0,0,0,0,0,0,0,0,0,0,0,0,0,0,0,0,0,0,0,0,0,0,0,0,0,0,0,0,0,0,0,0,0,0,0,0,0,0,0,0,0,0,0,0,0,0,0,0,0,0,0,0,0,0,0,0,0,0,0,0,0,0,0,0,0,0,0,0,0,0,0,0,0,0,0,0,0,0,0,0,0,0,0,0,0,0,0,0,0,0,0,0,0,0,0,0,0,0,0,0,0,0,0,0,0,0,0,0,0,0,0,0,0,0,0,0,0,0,0,0,0,0,0,0,0,0,0,0,0,0,0,0,0,0,0,0,0,0,0,0,0,0,0,0,0,0,0,0,0,0,0,0,0,0,0,0,0,0,0,0,0,0,0,0,0,0,0,0,0,0,0,0,0,0,0,0,0,0,0,0,0,0,0,0,0,0,0,0,0,0,0,0,0,0,0,0,0,0,0,0,0,0,0,0,0,0,0,0,0,0,0,0,0,0,0,0,0,0,0,0,0,0,0,0,0,0,0,0,0,0,0,-1322,-1070,-1104,273,276,218,110,-26,-157,-271,-357,-410,-427,-408,-356,-280,-178,-56,63,189,308,409,495,543,559,550,502,413,298,160,-3,-165,-328,-475,-588,-671,-716,-720,-682,-607,-490,-344,-176,-10,156,315,464,581,670,734,755,744,707,635,534,401,255,88,-84,-246,-412,-556,-682,-783,-838,-864,-851,-793,-688,-556,-397,-207,-4,200,393,565,718,838,912,939,926,872,773,636,464,277,80,-128,-323,-494,-638,-753,-829,-865,-859,-820,-739,-629,-500,-357,-198,-38,122,271,406,521,611,671,704,715,695,652,589,508,408,299,171,37,-94,-225,-352,-470,-575,-652,-708,-737,-738,-707,-175,-563,-450,-322,-168,-15,144,298,441,572,684,758,805,824,811,763,680,566,436,287,119,-56,-233,-398,-558,-699,-815,-905,-956,-973,-951,-891,-778,-633,-460,-250,-19,224,464,689,887,1059,1181,1252,1255,1205,1085,909,687,413,120,-180,-483,-765,-1002,-1202,-1333,-1399,-1388,-1310,-1159,-955,-702,-415,-103,210,503,776,1013,1188,1306,1351,1330,1248,1095,897,655,374,85,-210,-496,-745,-960,-1132,-1243,-1292,-1265,-1163,-1010,-798,-535,-244,55,348,623,861,1043,1159,1204,1180,1084,920,702,448,167,-106,-368,-607,-804,-950,-1034,-1054,-1004,-896,-725,-504,-241,59,363,646,885,1041,1070,952,697,403,-850,-942
29260,mtk,MTK 7916,2779817155,rx0-tx1,512,0,0,0,0,0,0,0,0,0,0,0,0,0,0,0,0,0,0,0,0,0,0,0,0,0,0,0,0,0,0,0,0,0,0,0,0,0,0,0,0,0,0,0,0,0,0,0,0,0,0,0,0,0,0,0,0,0,0,0,0,0,0,0,0,0,0,0,0,0,0,0,0,0,0,0,0,0,0,0,0,0,0,0,0,0,0,0,0,0,0,0,0,0,0,0,0,0,0,0,0,0,0,0,0,0,0,0,0,0,0,0,0,0,0,0,0,0,0,0,0,0,0,0,0,0,0,0,0,0,0,0,0,0,0,0,0,0,0,0,0,0,0,0,0,0,0,0,0,0,0,0,0,0,0,0,0,0,0,0,0,0,0,0,0,0,0,0,0,0,0,0,0,0,0,0,0,0,0,0,0,0,0,0,0,0,0,0,0,0,0,0,0,0,0,0,0,0,0,0,0,0,0,0,0,0,0,0,0,0,0,0,0,0,0,0,0,0,0,0,0,0,0,0,0,0,0,0,0,0,0,0,0,0,0,0,0,0,0,0,0,0,0,0,0,0,0,0,0,0,0,0,0,0,0,0,0,-730,-55,-165,-188,-283,-330,-316,-247,-138,-10,124,249,347,417,455,465,445,385,298,185,51,-93,-237,-375,-499,-602,-668,-692,-668,-600,-496,-352,-178,18,211,400,575,720,825,885,905,863,771,642,475,273,51,-176,-397,-605,-782,-925,-1022,-1073,-1068,-1006,-894,-741,-549,-320,-61,187,432,669,875,1038,1153,1214,1210,1160,1051,883,676,431,166,-104,-379,-648,-880,-1075,-1221,-1314,-1352,-1323,-1224,-1070,-870,-624,-337,-45,254,552,814,1045,1225,1354,1425,1428,1363,1222,1031,800,521,219,-94,-402,-691,-944,-1154,-1318,-1418,-1449,-1411,-1308,-1153,-942,-685,-403,-101,202,496,761,991,1179,1319,1394,1401,1350,-546,1093,876,631,365,81,-213,-495,-745,-976,-1167,-1301,-1387,-1412,-1380,-1284,-1129,-928,-679,-393,-91,213,517,801,1050,1259,1411,1498,1518,1460,1334,1150,906,623,311,-25,-356,-670,-950,-1184,-1363,-1479,-1520,-1496,-1396,-1237,-1019,-752,-460,-145,176,479,759,1007,1204,1342,1419,1433,1373,1262,1088,863,606,324,21,-287,-572,-836,-1057,-1224,-1335,-1378,-1359,-1272,-1121,-913,-661,-366,-61,252,554,813,1039,1209,1307,1336,1300,1184,1000,774,496,188,-123,-418,-687,-914,-1078,-1177,-1203,-1151,-1034,-860,-633,-371,-94,167,420,637,805,921,978,974,905,784,617,403,156,-111,-379,-624,-817,-930,-934,-815,-576,-318,226,140,0,0,0,0,0,0,0,0,0,0,0,0,0,0,0,0,0,0,0,0,0,0,0,0,0,0,0,0,0,0,0,0,0,0,0,0,0,0,0,0,0,0,0,0,0,0,0,0,0,0,0,0,0,0,0,0,0,0,0,0,0,0,0,0,0,0,0,0,0,0,0,0,0,0,0,0,0,0,0,0,0,0,0,0,0,0,0,0,0,0,0,0,0,0,0,0,0,0,0,0,0,0,0,0,0,0,0,0,0,0,0,0,0,0,0,0,0,0,0,0,0,0,0,0,0,0,0,0,0,0,0,0,0,0,0,0,0,0,0,0,0,0,0,0,0,0,0,0,0,0,0,0,0,0,0,0,0,0,0,0,0,0,0,0,0,0,0,0,0,0,0,0,0,0,0,0,0,0,0,0,0,0,0,0,0,0,0,0,0,0,0,0,0,0,0,0,0,0,0,0,0,0,0,0,0,0,0,0,0,0,0,0,0,0,0,0,0,0,0,0,0,0,0,0,0,0,0,0,0,0,0,0,0,0,0,0,0,0,0,0,0,0,0,0,0,0,0,0,0,0,0,0,0,0,0,0,-128,-640,-626,-179,-101,29,167,286,368,406,403,353,275,168,46,-76,-205,-326,-424,-504,-550,-560,-538,-475,-381,-252,-92,78,254,415,562,682,766,797,784,730,626,478,298,101,-113,-331,-525,-692,-831,-932,-981,-985,-936,-834,-682,-492,-281,-45,197,437,651,840,995,1105,1151,1136,1083,976,808,604,366,105,-161,-421,-671,-894,-1076,-1206,-1273,-1282,-1243,-1137,-976,-775,-530,-261,25,317,594,845,1061,1236,1344,1385,1381,1300,1153,955,713,438,140,-173,-483,-769,-1006,-1203,-1349,-1428,-1447,-1397,-1276,-1095,-866,-602,-308,3,309,599,861,1092,1263,1372,1417,1404,1326,1191,1006,778,514,219,-77,-365,1197,-876,-1087,-1239,-1341,-1392,-1379,-1303,-1179,-1007,-781,-521,-246,50,341,627,885,1103,1279,1397,1450,1448,1382,1250,1057,813,528,217,-110,-442,-749,-1022,-1241,-1401,-1508,-1541,-1496,-1381,-1202,-970,-696,-383,-56,273,586,863,1105,1289,1415,1478,1467,1385,1247,1052,808,529,231,-79,-374,-653,-909,-1115,-1264,-1358,-1401,-1372,-1277,-1123,-908,-657,-372,-69,235,535,802,1030,1211,1326,1370,1348,1246,1086,876,609,314,7,-306,-608,-857,-1057,-1207,-1279,-1276,-1198,-1054,-845,-591,-313,-14,281,542,772,942,1052,1090,1062,973,816,624,399,157,-94,-331,-544,-725,-859,-936,-949,-885,-738,-508,-216,103,413,650,756,-567,-605
29261,mtk,MTK 7916,2779817155,rx1-tx0,512,0,0,0,0,0,0,0,0,0,0,0,0,0,0,0,0,0,0,0,0,0,0,0,0,0,0,0,0,0,0,0,0,0,0,0,0,0,0,0,0,0,0,0,0,0,0,0,0,0,0,0,0,0,0,0,0,0,0,0,0,0,0,0,0,0,0,0,0,0,0,0,0,0,0,0,0,0,0,0,0,0,0,0,0,0,0,0,0,0,0,0,0,0,0,0,0,0,0,0,0,0,0,0,0,0,0,0,0,0,0,0,0,0,0,0,0,0,0,0,0,0,0,0,0,0,0,0,0,0,0,0,0,0,0,0,0,0,0,0,0,0,0,0,0,0,0,0,0,0,0,0,0,0,0,0,0,0,0,0,0,0,0,0,0,0,0,0,0,0,0,0,0,0,0,0,0,0,0,0,0,0,0,0,0,0,0,0,0,0,0,0,0,0,0,0,0,0,0,0,0,0,0,0,0,0,0,0,0,0,0,0,0,0,0,0,0,0,0,0,0,0,0,0,0,0,0,0,0,0,0,0,0,0,0,0,0,0,0,0,0,0,0,0,0,0,0,0,0,0,0,0,0,0,0,0,0,146,-586,-443,119,80,10,-71,-143,-194,-220,-219,-190,-143,-89,-16,53,115,184,220,239,252,240,207,163,108,43,-30,-96,-160,-218,-252,-267,-270,-247,-210,-167,-114,-47,21,82,132,174,200,219,230,214,194,162,129,90,42,9,-23,-66,-86,-109,-124,-121,-123,-127,-125,-114,-101,-102,-93,-78,-63,-45,-27,-13,4,19,37,64,94,118,147,177,198,213,219,208,186,148,108,52,-3,-72,-147,-214,-276,-334,-358,-367,-355,-320,-269,-200,-120,-19,83,170,252,322,388,424,432,414,381,323,252,164,60,-41,-141,-229,-306,-369,-406,-424,-420,-396,-348,-288,-217,-127,-28,67,-144,253,315,370,410,419,404,367,324,255,173,84,-8,-96,-176,-250,-303,-342,-357,-370,-362,-318,-262,-192,-125,-53,26,95,157,221,255,282,299,297,279,247,198,142,89,32,-20,-74,-122,-160,-194,-217,-221,-224,-203,-178,-154,-121,-87,-40,2,37,76,103,129,147,155,150,149,142,122,100,65,45,23,0,-27,-48,-63,-84,-93,-101,-109,-107,-111,-103,-95,-85,-66,-43,-15,11,43,73,102,117,133,138,131,130,113,90,57,15,-23,-56,-94,-125,-143,-151,-149,-135,-110,-80,-35,9,46,81,110,131,137,130,120,95,55,13,-29,-67,-96,-107,-106,-91,-860,-772,0,0,0,0,0,0,0,0,0,0,0,0,0,0,0,0,0,0,0,0,0,0,0,0,0,0,0,0,0,0,0,0,0,0,0,0,0,0,0,0,0,0,0,0,0,0,0,0,0,0,0,0,0,0,0,0,0,0,0,0,0,0,0,0,0,0,0,0,0,0,0,0,0,0,0,0,0,0,0,0,0,0,0,0,0,0,0,0,0,0,0,0,0,0,0,0,0,0,0,0,0,0,0,0,0,0,0,0,0,0,0,0,0,0,0,0,0,0,0,0,0,0,0,0,0,0,0,0,0,0,0,0,0,0,0,0,0,0,0,0,0,0,0,0,0,0,0,0,0,0,0,0,0,0,0,0,0,0,0,0,0,0,0,0,0,0,0,0,0,0,0,0,0,0,0,0,0,0,0,0,0,0,0,0,0,0,0,0,0,0,0,0,0,0,0,0,0,0,0,0,0,0,0,0,0,0,0,0,0,0,0,0,0,0,0,0,0,0,0,0,0,0,0,0,0,0,0,0,0,0,0,0,0,0,0,0,0,0,0,0,0,0,0,0,0,0,0,0,0,0,0,0,0,0,0,0,206,856,941,-84,-147,-183,-183,-147,-92,-22,54,124,176,215,236,227,209,166,102,46,-16,-88,-152,-200,-241,-266,-268,-251,-220,-168,-100,-36,36,107,160,204,238,259,255,235,203,161,110,65,9,-40,-80,-117,-143,-169,-175,-165,-167,-153,-128,-119,-84,-61,-45,-22,1,30,48,59,77,80,90,104,115,123,130,134,136,135,122,109,95,67,30,-13,-59,-110,-163,-207,-250,-276,-294,-303,-288,-251,-201,-131,-44,40,129,211,284,343,384,412,405,381,336,272,190,89,-13,-115,-209,-297,-359,-410,-434,-434,-417,-374,-309,-228,-135,-41,55,149,238,309,373,419,433,421,147,343,277,209,113,13,-86,-170,-247,-317,-367,-388,-395,-377,-345,-296,-224,-146,-67,11,101,182,240,277,309,331,329,305,275,231,171,113,43,-26,-84,-139,-189,-222,-249,-260,-262,-248,-219,-181,-137,-85,-37,9,56,90,126,153,174,190,185,182,160,138,110,75,36,4,-20,-52,-75,-98,-110,-111,-122,-123,-117,-105,-91,-78,-58,-46,-23,-3,19,41,59,81,99,113,117,120,119,106,88,65,43,6,-24,-60,-93,-118,-140,-144,-141,-132,-123,-93,-55,-15,29,71,102,131,146,143,135,117,91,56,16,-23,-59,-101,-121,-126,-122,-105,-72,-32,9,47,494,621
29262,mtk,MTK 7916,2779817155,rx1-tx1,512,0,0,0,0,0,0,0,0,0,0,0,0,0,0,0,0,0,0,0,0,0,0,0,0,0,0,0,0,0,0,0,0,0,0,0,0,0,0,0,0,0,0,0,0,0,0,0,0,0,0,0,0,0,0,0,0,0,0,0,0,0,0,0,0,0,0,0,0,0,0,0,0,0,0,0,0,0,0,0,0,0,0,0,0,0,0,0,0,0,0,0,0,0,0,0,0,0,0,0,0,0,0,0,0,0,0,0,0,0,0,0,0,0,0,0,0,0,0,0,0,0,0,0,0,0,0,0,0,0,0,0,0,0,0,0,0,0,0,0,0,0,0,0,0,0,0,0,0,0,0,0,0,0,0,0,0,0,0,0,0,0,0,0,0,0,0,0,0,0,0,0,0,0,0,0,0,0,0,0,0,0,0,0,0,0,0,0,0,0,0,0,0,0,0,0,0,0,0,0,0,0,0,0,0,0,0,0,0,0,0,0,0,0,0,0,0,0,0,0,0,0,0,0,0,0,0,0,0,0,0,0,0,0,0,0,0,0,0,0,0,0,0,0,0,0,0,0,0,0,0,0,0,0,0,0,0,-411,-608,-591,34,50,62,67,55,32,6,-23,-54,-77,-80,-66,-35,0,37,66,77,68,45,10,-29,-62,-78,-73,-51,-15,25,53,71,69,47,18,-17,-49,-58,-46,-24,-10,6,25,33,24,0,-17,-25,-24,-15,9,27,38,33,16,-12,-41,-63,-61,-34,5,45,74,87,77,45,-10,-70,-117,-129,-102,-44,31,98,139,142,106,34,-41,-111,-153,-155,-113,-33,54,122,159,155,103,29,-56,-126,-154,-142,-99,-22,63,122,150,134,82,9,-59,-108,-128,-117,-79,-17,52,102,118,105,67,12,-38,-75,-98,-89,-60,-23,18,55,79,87,75,46,18,-13,0,-67,-83,-82,-60,-27,16,62,101,121,115,77,16,-51,-111,-156,-165,-131,-61,31,121,185,205,173,97,-15,-129,-215,-248,-216,-125,-2,130,230,269,242,148,4,-144,-250,-292,-253,-147,0,145,257,300,257,144,-7,-158,-265,-297,-249,-132,24,174,272,290,226,98,-56,-193,-276,-285,-212,-78,84,221,293,279,188,50,-111,-243,-308,-285,-185,-35,128,250,306,278,177,28,-124,-243,-301,-281,-188,-46,111,234,286,264,172,38,-98,-205,-253,-235,-157,-39,84,177,226,211,138,32,-77,-165,-213,-199,-132,-32,77,170,221,221,173,89,-8,-105,-183,-219,-215,-532,-572,0,0,0,0,0,0,0,0,0,0,0,0,0,0,0,0,0,0,0,0,0,0,0,0,0,0,0,0,0,0,0,0,0,0,0,0,0,0,0,0,0,0,0,0,0,0,0,0,0,0,0,0,0,0,0,0,0,0,0,0,0,0,0,0,0,0,0,0,0,0,0,0,0,0,0,0,0,0,0,0,0,0,0,0,0,0,0,0,0,0,0,0,0,0,0,0,0,0,0,0,0,0,0,0,0,0,0,0,0,0,0,0,0,0,0,0,0,0,0,0,0,0,0,0,0,0,0,0,0,0,0,0,0,0,0,0,0,0,0,0,0,0,0,0,0,0,0,0,0,0,0,0,0,0,0,0,0,0,0,0,0,0,0,0,0,0,0,0,0,0,0,0,0,0,0,0,0,0,0,0,0,0,0,0,0,0,0,0,0,0,0,0,0,0,0,0,0,0,0,0,0,0,0,0,0,0,0,0,0,0,0,0,0,0,0,0,0,0,0,0,0,0,0,0,0,0,0,0,0,0,0,0,0,0,0,0,0,0,0,0,0,0,0,0,0,0,0,0,0,0,0,0,0,0,0,0,-92,111,217,-34,-23,-6,17,39,63,73,69,50,21,-16,-45,-66,-78,-67,-36,3,40,69,79,72,50,13,-28,-60,-78,-76,-54,-16,20,49,60,56,36,8,-19,-36,-44,-40,-25,6,31,33,19,6,-9,-20,-21,-16,3,28,40,40,32,7,-31,-66,-78,-67,-36,7,55,98,108,90,43,-27,-90,-122,-126,-101,-40,40,106,142,143,110,42,-46,-118,-154,-152,-110,-35,51,125,164,158,104,23,-59,-119,-148,-138,-92,-25,54,118,143,128,81,17,-55,-105,-121,-107,-66,-10,45,85,102,93,63,17,-32,-71,-90,-88,-65,-33,0,35,64,81,84,0,40,5,-34,-66,-90,-99,-89,-57,-6,54,108,140,141,106,40,-44,-119,-169,-185,-152,-78,17,119,201,234,199,113,-8,-134,-230,-266,-234,-140,-5,133,238,283,248,143,1,-144,-251,-298,-267,-159,-5,152,266,304,254,135,-15,-157,-264,-298,-245,-124,32,181,274,286,214,82,-70,-206,-286,-286,-205,-62,96,226,294,281,188,37,-125,-243,-299,-276,-177,-26,127,249,306,282,183,38,-119,-247,-296,-269,-178,-39,109,224,278,255,164,37,-93,-195,-243,-225,-148,-36,82,173,216,201,134,33,-79,-171,-215,-205,-145,-51,54,155,225,245,216,152,69,-26,-201,-112
29263,mtk,MTK 7916,2779817155,rx2-tx0,512,0,0,0,0,0,0,0,0,0,0,0,0,0,0,0,0,0,0,0,0,0,0,0,0,0,0,0,0,0,0,0,0,0,0,0,0,0,0,0,0,0,0,0,0,0,0,0,0,0,0,0,0,0,0,0,0,0,0,0,0,0,0,0,0,0,0,0,0,0,0,0,0,0,0,0,0,0,0,0,0,0,0,0,0,0,0,0,0,0,0,0,0,0,0,0,0,0,0,0,0,0,0,0,0,0,0,0,0,0,0,0,0,0,0,0,0,0,0,0,0,0,0,0,0,0,0,0,0,0,0,0,0,0,0,0,0,0,0,0,0,0,0,0,0,0,0,0,0,0,0,0,0,0,0,0,0,0,0,0,0,0,0,0,0,0,0,0,0,0,0,0,0,0,0,0,0,0,0,0,0,0,0,0,0,0,0,0,0,0,0,0,0,0,0,0,0,0,0,0,0,0,0,0,0,0,0,0,0,0,0,0,0,0,0,0,0,0,0,0,0,0,0,0,0,0,0,0,0,0,0,0,0,0,0,0,0,0,0,0,0,0,0,0,0,0,0,0,0,0,0,0,0,0,0,0,0,-136,-365,-291,69,72,63,40,10,-25,-59,-83,-92,-83,-59,-22,24,63,84,89,77,46,1,-43,-75,-94,-93,-72,-36,12,56,87,106,103,73,23,-30,-78,-113,-124,-101,-57,1,64,119,147,142,99,26,-60,-132,-176,-176,-131,-48,55,151,209,212,158,52,-72,-177,-243,-242,-168,-44,99,221,283,264,166,18,-146,-272,-322,-281,-150,32,209,330,358,283,120,-86,-277,-384,-382,-268,-74,149,340,432,401,249,18,-224,-403,-466,-394,-210,44,288,449,477,365,146,-116,-350,-479,-468,-318,-70,192,396,484,428,242,-17,-274,-446,-480,-372,-152,114,349,476,460,303,0,-214,-421,-503,-433,-235,37,306,479,510,392,153,-137,-385,-524,-507,-340,-74,222,458,556,488,280,-8,-299,-507,-569,-469,-234,70,357,541,571,439,180,-126,-396,-559,-563,-406,-140,162,410,548,534,371,109,-174,-408,-521,-488,-329,-86,172,374,472,434,281,59,-174,-352,-423,-373,-229,-28,172,318,373,322,186,7,-167,-286,-320,-266,-143,16,161,255,273,217,104,-32,-161,-238,-246,-184,-76,50,158,224,230,171,67,-53,-160,-223,-223,-164,-66,49,150,209,214,168,80,-27,-125,-193,-214,-179,-100,0,98,173,211,198,140,57,-36,-122,-184,-206,-193,-154,-92,-554,-504,0,0,0,0,0,0,0,0,0,0,0,0,0,0,0,0,0,0,0,0,0,0,0,0,0,0,0,0,0,0,0,0,0,0,0,0,0,0,0,0,0,0,0,0,0,0,0,0,0,0,0,0,0,0,0,0,0,0,0,0,0,0,0,0,0,0,0,0,0,0,0,0,0,0,0,0,0,0,0,0,0,0,0,0,0,0,0,0,0,0,0,0,0,0,0,0,0,0,0,0,0,0,0,0,0,0,0,0,0,0,0,0,0,0,0,0,0,0,0,0,0,0,0,0,0,0,0,0,0,0,0,0,0,0,0,0,0,0,0,0,0,0,0,0,0,0,0,0,0,0,0,0,0,0,0,0,0,0,0,0,0,0,0,0,0,0,0,0,0,0,0,0,0,0,0,0,0,0,0,0,0,0,0,0,0,0,0,0,0,0,0,0,0,0,0,0,0,0,0,0,0,0,0,0,0,0,0,0,0,0,0,0,0,0,0,0,0,0,0,0,0,0,0,0,0,0,0,0,0,0,0,0,0,0,0,0,0,0,0,0,0,0,0,0,0,0,0,0,0,0,0,0,0,0,0,0,1335,498,567,3,29,54,76,89,90,73,39,-2,-39,-68,-89,-87,-65,-30,12,55,85,95,85,59,20,-27,-70,-96,-99,-83,-50,-4,45,84,109,107,82,41,-17,-76,-118,-134,-122,-79,-13,63,124,160,157,114,38,-58,-143,-189,-192,-148,-56,59,165,225,226,161,47,-86,-202,-265,-252,-166,-30,122,245,300,264,149,-12,-176,-299,-341,-278,-133,58,242,361,376,279,95,-121,-305,-408,-396,-265,-47,190,374,453,397,224,-15,-255,-428,-474,-384,-177,83,317,464,475,341,111,-148,-374,-483,-445,-277,-28,232,421,487,402,198,-60,-304,-459,-476,-346,-106,168,391,0,451,273,10,-257,-450,-510,-418,-192,89,347,503,510,364,113,-176,-419,-542,-504,-313,-29,260,481,563,482,259,-40,-331,-529,-575,-452,-207,100,381,554,571,428,162,-151,-413,-556,-545,-388,-127,163,408,533,506,346,99,-169,-389,-496,-469,-312,-75,176,366,443,403,253,40,-173,-329,-394,-346,-205,-18,169,302,346,292,163,-8,-170,-279,-300,-242,-122,26,160,248,266,209,90,-45,-160,-230,-234,-176,-69,56,163,225,226,168,66,-52,-154,-216,-217,-164,-70,39,137,197,209,170,88,-15,-114,-182,-206,-184,-121,-28,72,155,203,207,175,110,30,-48,-109,-154,252,337
29264,mtk,MTK 7916,2779817155,rx2-tx1,512,0,0,0,0,0,0,0,0,0,0,0,0,0,0,0,0,0,0,0,0,0,0,0,0,0,0,0,0,0,0,0,0,0,0,0,0,0,0,0,0,0,0,0,0,0,0,0,0,0,0,0,0,0,0,0,0,0,0,0,0,0,0,0,0,0,0,0,0,0,0,0,0,0,0,0,0,0,0,0,0,0,0,0,0,0,0,0,0,0,0,0,0,0,0,0,0,0,0,0,0,0,0,0,0,0,0,0,0,0,0,0,0,0,0,0,0,0,0,0,0,0,0,0,0,0,0,0,0,0,0,0,0,0,0,0,0,0,0,0,0,0,0,0,0,0,0,0,0,0,0,0,0,0,0,0,0,0,0,0,0,0,0,0,0,0,0,0,0,0,0,0,0,0,0,0,0,0,0,0,0,0,0,0,0,0,0,0,0,0,0,0,0,0,0,0,0,0,0,0,0,0,0,0,0,0,0,0,0,0,0,0,0,0,0,0,0,0,0,0,0,0,0,0,0,0,0,0,0,0,0,0,0,0,0,0,0,0,0,0,0,0,0,0,0,0,0,0,0,0,0,0,0,0,0,0,0,236,-138,-91,59,66,65,55,31,-3,-38,-69,-84,-84,-64,-21,24,64,87,94,73,32,-24,-74,-100,-98,-75,-25,38,90,117,110,68,3,-61,-109,-130,-110,-50,22,91,133,138,97,18,-68,-128,-156,-145,-76,28,120,187,196,141,36,-89,-192,-242,-220,-129,13,160,270,302,237,102,-76,-241,-339,-337,-235,-56,150,322,407,370,218,-4,-231,-394,-448,-371,-177,74,309,458,484,365,127,-147,-380,-509,-491,-330,-64,230,441,526,461,254,-23,-296,-489,-533,-415,-187,96,354,499,494,349,97,-182,-393,-485,-438,-262,-3,250,418,456,356,148,-95,-303,-416,-396,-251,0,191,353,406,328,146,-81,-275,-382,-370,-243,-36,187,351,399,329,162,-59,-267,-393,-394,-277,-72,153,335,414,371,213,-6,-223,-367,-411,-335,-151,68,259,373,374,262,76,-124,-283,-357,-314,-188,-14,157,272,305,250,122,-32,-165,-253,-257,-178,-56,74,174,213,180,99,-11,-111,-161,-158,-105,-32,57,124,146,115,46,-33,-102,-134,-124,-74,-6,65,117,132,100,37,-35,-91,-121,-113,-74,-14,54,104,120,99,60,-4,-67,-106,-106,-82,-36,20,64,89,90,62,18,-20,-51,-71,-66,-37,-3,29,49,54,43,22,-7,-39,-56,-59,-47,-31,2,37,-272,-229,0,0,0,0,0,0,0,0,0,0,0,0,0,0,0,0,0,0,0,0,0,0,0,0,0,0,0,0,0,0,0,0,0,0,0,0,0,0,0,0,0,0,0,0,0,0,0,0,0,0,0,0,0,0,0,0,0,0,0,0,0,0,0,0,0,0,0,0,0,0,0,0,0,0,0,0,0,0,0,0,0,0,0,0,0,0,0,0,0,0,0,0,0,0,0,0,0,0,0,0,0,0,0,0,0,0,0,0,0,0,0,0,0,0,0,0,0,0,0,0,0,0,0,0,0,0,0,0,0,0,0,0,0,0,0,0,0,0,0,0,0,0,0,0,0,0,0,0,0,0,0,0,0,0,0,0,0,0,0,0,0,0,0,0,0,0,0,0,0,0,0,0,0,0,0,0,0,0,0,0,0,0,0,0,0,0,0,0,0,0,0,0,0,0,0,0,0,0,0,0,0,0,0,0,0,0,0,0,0,0,0,0,0,0,0,0,0,0,0,0,0,0,0,0,0,0,0,0,0,0,0,0,0,0,0,0,0,0,0,0,0,0,0,0,0,0,0,0,0,0,0,0,0,0,0,0,-351,304,312,-19,6,30,58,80,86,75,52,14,-30,-61,-82,-86,-66,-25,23,68,97,97,73,28,-26,-74,-103,-102,-68,-9,47,101,129,114,66,1,-72,-123,-139,-102,-35,39,108,149,144,87,3,-88,-156,-174,-136,-51,60,157,213,208,132,8,-127,-235,-269,-224,-114,42,199,307,322,236,75,-113,-285,-379,-360,-231,-26,198,370,433,378,208,-35,-277,-434,-470,-369,-160,110,348,490,490,350,97,-191,-423,-527,-477,-294,-20,262,465,528,447,230,-62,-330,-493,-510,-382,-143,137,376,500,478,311,56,-210,-403,-470,-400,-210,41,270,409,418,296,85,-143,-327,0,-358,-197,21,232,371,392,288,91,-135,-314,-399,-359,-204,16,236,378,398,303,121,-108,-312,-411,-380,-249,-38,192,367,423,352,186,-30,-239,-378,-396,-293,-108,103,279,365,345,233,58,-136,-280,-336,-288,-160,5,164,266,280,219,94,-51,-172,-231,-220,-138,-16,92,165,186,142,55,-40,-111,-145,-134,-81,2,79,131,138,99,26,-52,-108,-131,-111,-51,23,87,118,118,84,27,-39,-96,-121,-113,-69,-4,57,93,103,87,42,-18,-66,-93,-95,-69,-26,21,58,76,71,45,11,-28,-56,-67,-52,-26,4,30,53,61,51,24,-12,-47,-67,-68,-56,233,265
29265,mtk,MTK 7916,2779866308,rx0-tx0,512,0,0,0,0,0,0,0,0,0,0,0,0,0,0,0,0,0,0,0,0,0,0,0,0,0,0,0,0,0,0,0,0,0,0,0,0,0,0,0,0,0,0,0,0,0,0,0,0,0,0,0,0,0,0,0,0,0,0,0,0,0,0,0,0,0,0,0,0,0,0,0,0,0,0,0,0,0,0,0,0,0,0,0,0,0,0,0,0,0,0,0,0,0,0,0,0,0,0,0,0,0,0,0,0,0,0,0,0,0,0,0,0,0,0,0,0,0,0,0,0,0,0,0,0,0,0,0,0,0,0,0,0,0,0,0,0,0,0,0,0,0,0,0,0,0,0,0,0,0,0,0,0,0,0,0,0,0,0,0,0,0,0,0,0,0,0,0,0,0,0,0,0,0,0,0,0,0,0,0,0,0,0,0,0,0,0,0,0,0,0,0,0,0,0,0,0,0,0,0,0,0,0,0,0,0,0,0,0,0,0,0,0,0,0,0,0,0,0,0,0,0,0,0,0,0,0,0,0,0,0,0,0,0,0,0,0,0,0,0,0,0,0,0,0,0,0,0,0,0,0,0,0,0,0,0,0,-273,298,121,161,50,-101,-254,-365,-416,-410,-353,-253,-129,7,148,277,385,466,504,511,479,398,282,143,-24,-193,-350,-497,-610,-679,-696,-662,-567,-423,-256,-60,145,352,530,664,760,802,784,719,602,450,264,64,-145,-348,-527,-677,-785,-850,-876,-835,-738,-611,-433,-229,-12,219,436,642,811,930,987,1002,939,816,647,418,158,-102,-367,-607,-815,-976,-1068,-1097,-1053,-950,-778,-560,-305,-25,242,495,722,892,1006,1047,1023,957,819,626,408,182,-60,-289,-485,-659,-783,-851,-877,-853,-788,-683,-542,-382,-204,-22,158,323,467,594,682,741,762,743,696,614,498,362,204,28,-149,-321,-1687,-627,-727,-792,-814,-799,-746,-637,-497,-335,-143,52,246,430,588,718,816,871,870,832,743,622,473,285,88,-130,-344,-548,-724,-868,-973,-1028,-1022,-958,-840,-678,-454,-191,84,369,637,880,1076,1206,1261,1238,1143,971,728,429,101,-233,-563,-868,-1113,-1289,-1376,-1380,-1292,-1118,-868,-570,-228,128,470,786,1047,1233,1343,1365,1300,1153,939,653,329,-6,-352,-670,-930,-1138,-1270,-1320,-1289,-1164,-962,-689,-373,-29,318,637,908,1111,1235,1267,1205,1058,834,542,218,-113,-434,-712,-936,-1082,-1134,-1108,-998,-810,-560,-277,21,322,589,813,978,1058,1047,932,718,425,62,-328,-685,-935,-1013,-916,722,587,0,0,0,0,0,0,0,0,0,0,0,0,0,0,0,0,0,0,0,0,0,0,0,0,0,0,0,0,0,0,0,0,0,0,0,0,0,0,0,0,0,0,0,0,0,0,0,0,0,0,0,0,0,0,0,0,0,0,0,0,0,0,0,0,0,0,0,0,0,0,0,0,0,0,0,0,0,0,0,0,0,0,0,0,0,0,0,0,0,0,0,0,0,0,0,0,0,0,0,0,0,0,0,0,0,0,0,0,0,0,0,0,0,0,0,0,0,0,0,0,0,0,0,0,0,0,0,0,0,0,0,0,0,0,0,0,0,0,0,0,0,0,0,0,0,0,0,0,0,0,0,0,0,0,0,0,0,0,0,0,0,0,0,0,0,0,0,0,0,0,0,0,0,0,0,0,0,0,0,0,0,0,0,0,0,0,0,0,0,0,0,0,0,0,0,0,0,0,0,0,0,0,0,0,0,0,0,0,0,0,0,0,0,0,0,0,0,0,0,0,0,0,0,0,0,0,0,0,0,0,0,0,0,0,0,0,0,0,0,0,0,0,0,0,0,0,0,0,0,0,0,0,0,0,0,0,-1322,-1070,-1104,-240,-321,-347,-296,-180,-35,114,253,359,430,457,443,391,298,177,40,-102,-250,-384,-486,-560,-599,-586,-527,-424,-271,-95,94,285,464,603,699,756,757,700,579,416,235,26,-183,-380,-554,-686,-780,-824,-823,-759,-651,-501,-326,-137,73,289,483,651,795,884,927,914,839,719,545,327,93,-157,-410,-625,-821,-973,-1049,-1061,-1009,-890,-718,-499,-239,32,305,557,781,946,1058,1092,1055,962,805,597,354,89,-157,-403,-622,-792,-899,-965,-976,-913,-808,-662,-475,-273,-68,142,329,499,632,728,789,806,782,716,625,500,352,194,16,-149,-306,-452,-578,-677,-750,-780,-768,-723,-175,-514,-354,-184,2,187,372,541,668,769,833,847,822,744,629,478,307,109,-95,-290,-481,-637,-778,-875,-924,-934,-890,-794,-652,-473,-265,-36,209,447,670,867,1030,1117,1146,1112,1009,842,607,327,20,-291,-598,-875,-1107,-1261,-1340,-1330,-1241,-1065,-813,-509,-171,179,522,834,1087,1270,1378,1385,1307,1146,909,613,282,-69,-408,-715,-981,-1182,-1296,-1339,-1295,-1157,-947,-677,-364,-30,311,628,906,1115,1251,1307,1263,1126,915,641,322,-21,-364,-672,-927,-1109,-1196,-1200,-1113,-943,-705,-407,-94,211,502,750,936,1045,1072,1014,871,669,403,97,-224,-540,-807,-1004,-1100,-1050,-849,-508,-90,263,-850,-942
29266,mtk,MTK 7916,2779866308,rx0-tx1,512,0,0,0,0,0,0,0,0,0,0,0,0,0,0,0,0,0,0,0,0,0,0,0,0,0,0,0,0,0,0,0,0,0,0,0,0,0,0,0,0,0,0,0,0,0,0,0,0,0,0,0,0,0,0,0,0,0,0,0,0,0,0,0,0,0,0,0,0,0,0,0,0,0,0,0,0,0,0,0,0,0,0,0,0,0,0,0,0,0,0,0,0,0,0,0,0,0,0,0,0,0,0,0,0,0,0,0,0,0,0,0,0,0,0,0,0,0,0,0,0,0,0,0,0,0,0,0,0,0,0,0,0,0,0,0,0,0,0,0,0,0,0,0,0,0,0,0,0,0,0,0,0,0,0,0,0,0,0,0,0,0,0,0,0,0,0,0,0,0,0,0,0,0,0,0,0,0,0,0,0,0,0,0,0,0,0,0,0,0,0,0,0,0,0,0,0,0,0,0,0,0,0,0,0,0,0,0,0,0,0,0,0,0,0,0,0,0,0,0,0,0,0,0,0,0,0,0,0,0,0,0,0,0,0,0,0,0,0,0,0,0,0,0,0,0,0,0,0,0,0,0,0,0,0,0,0,-730,-55,-165,24,146,268,342,353,307,212,90,-43,-176,-297,-390,-447,-471,-450,-390,-298,-170,-20,137,296,444,556,634,669,639,561,437,268,70,-141,-348,-534,-690,-803,-850,-843,-773,-647,-474,-260,-23,221,460,671,847,960,1013,1005,925,789,598,352,87,-173,-448,-696,-900,-1047,-1136,-1156,-1094,-970,-785,-552,-272,29,326,617,877,1076,1213,1278,1269,1184,1018,802,519,206,-129,-460,-764,-1024,-1222,-1356,-1409,-1365,-1244,-1037,-772,-451,-102,253,601,906,1170,1343,1442,1462,1378,1214,988,692,355,-5,-366,-698,-989,-1224,-1378,-1443,-1434,-1335,-1159,-908,-607,-279,80,418,732,992,1210,1350,1401,1384,-546,1104,858,579,260,-71,-395,-692,-952,-1158,-1308,-1369,-1371,-1288,-1133,-912,-638,-322,5,335,660,943,1177,1349,1438,1440,1367,1205,967,664,327,-33,-392,-730,-1031,-1261,-1425,-1491,-1475,-1368,-1179,-927,-613,-255,112,462,789,1065,1286,1425,1476,1430,1310,1106,834,524,177,-175,-513,-826,-1086,-1280,-1399,-1429,-1379,-1241,-1027,-748,-423,-65,298,639,937,1180,1340,1421,1413,1300,1100,826,500,143,-232,-585,-900,-1142,-1310,-1384,-1354,-1226,-1013,-720,-387,-27,331,660,932,1126,1226,1228,1137,962,718,419,104,-211,-499,-732,-906,-1006,-1020,-954,-822,-619,-364,-82,210,490,732,901,977,923,743,447,84,-214,226,140,0,0,0,0,0,0,0,0,0,0,0,0,0,0,0,0,0,0,0,0,0,0,0,0,0,0,0,0,0,0,0,0,0,0,0,0,0,0,0,0,0,0,0,0,0,0,0,0,0,0,0,0,0,0,0,0,0,0,0,0,0,0,0,0,0,0,0,0,0,0,0,0,0,0,0,0,0,0,0,0,0,0,0,0,0,0,0,0,0,0,0,0,0,0,0,0,0,0,0,0,0,0,0,0,0,0,0,0,0,0,0,0,0,0,0,0,0,0,0,0,0,0,0,0,0,0,0,0,0,0,0,0,0,0,0,0,0,0,0,0,0,0,0,0,0,0,0,0,0,0,0,0,0,0,0,0,0,0,0,0,0,0,0,0,0,0,0,0,0,0,0,0,0,0,0,0,0,0,0,0,0,0,0,0,0,0,0,0,0,0,0,0,0,0,0,0,0,0,0,0,0,0,0,0,0,0,0,0,0,0,0,0,0,0,0,0,0,0,0,0,0,0,0,0,0,0,0,0,0,0,0,0,0,0,0,0,0,0,0,0,0,0,0,0,0,0,0,0,0,0,0,0,0,0,0,0,-128,-640,-626,252,248,178,53,-87,-224,-327,-387,-403,-380,-318,-215,-95,42,185,310,423,507,548,548,505,414,282,127,-58,-250,-424,-579,-695,-758,-763,-713,-608,-453,-255,-28,200,420,617,775,888,935,922,840,709,524,293,42,-224,-476,-696,-888,-1019,-1074,-1078,-1016,-881,-684,-445,-179,116,403,668,893,1072,1184,1218,1189,1088,910,670,386,77,-242,-552,-820,-1054,-1229,-1330,-1355,-1286,-1143,-918,-640,-327,18,358,683,975,1202,1366,1437,1422,1314,1130,875,560,230,-134,-490,-809,-1080,-1290,-1421,-1466,-1416,-1285,-1076,-804,-476,-127,218,560,867,1121,1298,1407,1425,1359,1215,1007,744,422,86,-248,1197,-858,-1086,-1256,-1359,-1387,-1332,-1199,-998,-748,-450,-134,190,515,803,1052,1246,1363,1401,1371,1254,1064,818,517,177,-175,-517,-841,-1112,-1320,-1451,-1496,-1441,-1309,-1088,-810,-480,-116,245,602,916,1175,1366,1473,1482,1408,1252,1021,733,400,41,-313,-650,-958,-1190,-1352,-1436,-1430,-1349,-1184,-940,-646,-307,41,392,722,1002,1218,1365,1430,1403,1280,1079,806,479,128,-247,-604,-911,-1160,-1326,-1413,-1401,-1288,-1083,-805,-475,-105,266,611,912,1140,1277,1324,1267,1121,886,585,250,-94,-418,-705,-933,-1075,-1130,-1098,-976,-784,-543,-261,34,312,563,769,909,972,949,843,645,375,49,-294,-598,-810,-873,-793,-567,-605
29267,mtk,MTK 7916,2779866308,rx1-tx0,512,0,0,0,0,0,0,0,0,0,0,0,0,0,0,0,0,0,0,0,0,0,0,0,0,0,0,0,0,0,0,0,0,0,0,0,0,0,0,0,0,0,0,0,0,0,0,0,0,0,0,0,0,0,0,0,0,0,0,0,0,0,0,0,0,0,0,0,0,0,0,0,0,0,0,0,0,0,0,0,0,0,0,0,0,0,0,0,0,0,0,0,0,0,0,0,0,0,0,0,0,0,0,0,0,0,0,0,0,0,0,0,0,0,0,0,0,0,0,0,0,0,0,0,0,0,0,0,0,0,0,0,0,0,0,0,0,0,0,0,0,0,0,0,0,0,0,0,0,0,0,0,0,0,0,0,0,0,0,0,0,0,0,0,0,0,0,0,0,0,0,0,0,0,0,0,0,0,0,0,0,0,0,0,0,0,0,0,0,0,0,0,0,0,0,0,0,0,0,0,0,0,0,0,0,0,0,0,0,0,0,0,0,0,0,0,0,0,0,0,0,0,0,0,0,0,0,0,0,0,0,0,0,0,0,0,0,0,0,0,0,0,0,0,0,0,0,0,0,0,0,0,0,0,0,0,0,146,-586,-443,-149,-169,-144,-77,12,98,171,223,240,228,191,127,58,-18,-104,-175,-231,-261,-272,-250,-212,-161,-79,-1,73,153,219,261,282,276,250,205,150,79,7,-55,-123,-176,-218,-237,-236,-222,-195,-162,-115,-62,-8,32,70,118,151,166,174,177,176,165,148,127,96,69,29,-5,-34,-67,-93,-123,-162,-186,-203,-213,-219,-207,-181,-145,-90,-27,45,120,187,260,325,365,383,368,336,266,174,68,-57,-174,-283,-387,-459,-492,-497,-463,-401,-303,-176,-48,86,227,349,443,504,529,529,481,401,295,170,38,-103,-236,-352,-441,-502,-525,-519,-474,-398,-304,-178,-41,100,-144,342,424,478,509,503,464,389,286,173,40,-91,-209,-313,-390,-440,-466,-453,-410,-338,-244,-150,-35,79,169,252,320,363,378,370,331,277,209,134,39,-40,-117,-179,-228,-264,-275,-273,-257,-223,-177,-124,-70,-16,41,93,138,170,186,197,190,177,162,125,90,54,23,-15,-60,-94,-118,-131,-133,-142,-138,-125,-116,-98,-78,-50,-15,16,49,83,113,133,150,151,151,147,126,95,54,8,-50,-94,-131,-169,-185,-195,-184,-159,-119,-69,-6,54,119,152,173,197,191,166,128,81,27,-28,-81,-127,-151,-172,-175,-153,-121,-76,-24,35,85,128,150,146,115,77,-860,-772,0,0,0,0,0,0,0,0,0,0,0,0,0,0,0,0,0,0,0,0,0,0,0,0,0,0,0,0,0,0,0,0,0,0,0,0,0,0,0,0,0,0,0,0,0,0,0,0,0,0,0,0,0,0,0,0,0,0,0,0,0,0,0,0,0,0,0,0,0,0,0,0,0,0,0,0,0,0,0,0,0,0,0,0,0,0,0,0,0,0,0,0,0,0,0,0,0,0,0,0,0,0,0,0,0,0,0,0,0,0,0,0,0,0,0,0,0,0,0,0,0,0,0,0,0,0,0,0,0,0,0,0,0,0,0,0,0,0,0,0,0,0,0,0,0,0,0,0,0,0,0,0,0,0,0,0,0,0,0,0,0,0,0,0,0,0,0,0,0,0,0,0,0,0,0,0,0,0,0,0,0,0,0,0,0,0,0,0,0,0,0,0,0,0,0,0,0,0,0,0,0,0,0,0,0,0,0,0,0,0,0,0,0,0,0,0,0,0,0,0,0,0,0,0,0,0,0,0,0,0,0,0,0,0,0,0,0,0,0,0,0,0,0,0,0,0,0,0,0,0,0,0,0,0,0,0,206,856,941,-31,47,133,197,219,200,156,80,-5,-87,-160,-215,-244,-260,-242,-200,-138,-65,17,99,161,225,268,276,269,238,184,114,37,-46,-123,-183,-232,-266,-271,-262,-233,-187,-133,-65,0,62,112,154,186,207,209,196,189,167,126,86,45,6,-35,-69,-98,-124,-142,-154,-170,-168,-163,-152,-141,-129,-107,-63,-19,26,75,127,172,220,263,287,300,289,258,214,140,54,-40,-142,-236,-331,-394,-438,-452,-429,-379,-296,-181,-55,74,204,323,426,491,518,516,478,400,296,169,36,-106,-239,-355,-448,-510,-538,-526,-483,-405,-298,-174,-34,100,234,341,430,491,517,516,147,400,294,179,51,-83,-204,-321,-407,-467,-500,-481,-440,-366,-266,-156,-38,83,195,291,356,397,421,406,364,314,237,141,45,-64,-155,-222,-276,-311,-334,-321,-298,-250,-196,-123,-51,14,80,137,181,211,222,228,220,201,172,125,81,30,-21,-54,-98,-126,-143,-153,-159,-164,-154,-131,-104,-75,-45,-16,23,50,75,104,120,137,140,138,135,123,100,70,35,-3,-36,-74,-113,-147,-167,-183,-178,-154,-131,-87,-38,15,69,117,158,192,201,196,165,119,80,26,-38,-89,-130,-162,-183,-183,-165,-127,-81,-35,22,73,113,145,161,155,130,92,39,-24,-79,-113,494,621
29268,mtk,MTK 7916,2779866308,rx1-tx1,512,0,0,0,0,0,0,0,0,0,0,0,0,0,0,0,0,0,0,0,0,0,0,0,0,0,0,0,0,0,0,0,0,0,0,0,0,0,0,0,0,0,0,0,0,0,0,0,0,0,0,0,0,0,0,0,0,0,0,0,0,0,0,0,0,0,0,0,0,0,0,0,0,0,0,0,0,0,0,0,0,0,0,0,0,0,0,0,0,0,0,0,0,0,0,0,0,0,0,0,0,0,0,0,0,0,0,0,0,0,0,0,0,0,0,0,0,0,0,0,0,0,0,0,0,0,0,0,0,0,0,0,0,0,0,0,0,0,0,0,0,0,0,0,0,0,0,0,0,0,0,0,0,0,0,0,0,0,0,0,0,0,0,0,0,0,0,0,0,0,0,0,0,0,0,0,0,0,0,0,0,0,0,0,0,0,0,0,0,0,0,0,0,0,0,0,0,0,0,0,0,0,0,0,0,0,0,0,0,0,0,0,0,0,0,0,0,0,0,0,0,0,0,0,0,0,0,0,0,0,0,0,0,0,0,0,0,0,0,0,0,0,0,0,0,0,0,0,0,0,0,0,0,0,0,0,0,-411,-608,-591,-47,-64,-67,-65,-53,-28,4,36,63,75,72,58,33,0,-34,-60,-76,-72,-53,-24,7,39,63,71,63,39,8,-21,-43,-60,-58,-42,-21,1,20,32,33,28,15,4,0,-5,-12,-8,-4,0,-3,-13,-21,-22,-24,-14,10,35,56,63,61,39,-5,-50,-80,-97,-96,-70,-22,38,94,127,126,98,40,-33,-96,-136,-151,-131,-71,9,88,145,159,140,88,10,-70,-127,-157,-149,-102,-24,62,126,153,151,111,38,-38,-103,-140,-139,-103,-45,20,77,112,117,91,44,-12,-61,-94,-103,-85,-47,-2,37,62,67,59,39,10,-11,-24,-26,-20,0,-5,-2,-12,-27,-36,-32,-17,12,47,76,94,91,63,9,-54,-111,-148,-150,-116,-50,43,130,189,212,180,102,-1,-122,-216,-260,-244,-164,-42,90,205,283,285,217,98,-45,-181,-274,-301,-255,-147,-1,152,262,301,269,177,42,-106,-227,-282,-266,-186,-63,80,201,267,258,184,67,-64,-178,-240,-247,-197,-91,45,168,244,260,209,108,-19,-144,-232,-264,-235,-145,-24,97,199,251,238,170,64,-57,-165,-230,-231,-183,-97,11,111,179,203,178,109,16,-70,-134,-168,-160,-115,-40,44,118,157,153,116,59,-18,-99,-158,-181,-168,-122,-59,11,79,127,155,-532,-572,0,0,0,0,0,0,0,0,0,0,0,0,0,0,0,0,0,0,0,0,0,0,0,0,0,0,0,0,0,0,0,0,0,0,0,0,0,0,0,0,0,0,0,0,0,0,0,0,0,0,0,0,0,0,0,0,0,0,0,0,0,0,0,0,0,0,0,0,0,0,0,0,0,0,0,0,0,0,0,0,0,0,0,0,0,0,0,0,0,0,0,0,0,0,0,0,0,0,0,0,0,0,0,0,0,0,0,0,0,0,0,0,0,0,0,0,0,0,0,0,0,0,0,0,0,0,0,0,0,0,0,0,0,0,0,0,0,0,0,0,0,0,0,0,0,0,0,0,0,0,0,0,0,0,0,0,0,0,0,0,0,0,0,0,0,0,0,0,0,0,0,0,0,0,0,0,0,0,0,0,0,0,0,0,0,0,0,0,0,0,0,0,0,0,0,0,0,0,0,0,0,0,0,0,0,0,0,0,0,0,0,0,0,0,0,0,0,0,0,0,0,0,0,0,0,0,0,0,0,0,0,0,0,0,0,0,0,0,0,0,0,0,0,0,0,0,0,0,0,0,0,0,0,0,0,0,-92,111,217,25,8,-13,-34,-56,-73,-80,-72,-50,-18,13,45,66,72,63,43,16,-20,-52,-69,-71,-61,-36,-5,29,55,62,55,41,20,-6,-30,-43,-41,-30,-15,-3,8,18,19,16,12,5,3,2,4,11,13,0,-11,-26,-42,-54,-50,-30,2,40,70,80,72,48,8,-41,-86,-110,-111,-88,-37,29,88,127,138,110,51,-23,-92,-140,-153,-132,-82,-6,72,136,168,152,96,16,-63,-125,-158,-153,-105,-27,52,115,148,146,105,42,-31,-98,-134,-132,-99,-44,14,70,107,112,86,45,-5,-51,-81,-91,-77,-42,-6,23,43,48,40,26,9,-3,0,2,11,15,3,-15,-30,-52,-66,-65,-39,1,49,97,127,118,80,21,-50,-122,-174,-191,-158,-81,22,125,204,243,224,139,14,-115,-216,-267,-261,-197,-74,71,202,278,292,240,125,-29,-165,-263,-305,-269,-164,-18,129,239,288,272,188,54,-93,-207,-269,-266,-193,-72,64,183,253,259,192,82,-52,-171,-249,-259,-204,-97,36,162,241,267,226,122,-9,-131,-218,-254,-236,-157,-42,82,191,247,236,177,77,-37,-135,-201,-220,-185,-108,-13,84,158,188,171,116,37,-53,-127,-162,-160,-117,-45,33,99,152,168,139,76,2,-72,-137,-179,-190,-172,-123,-52,-201,-112
29269,mtk,MTK 7916,2779866308,rx2-tx0,512,0,0,0,0,0,0,0,0,0,0,0,0,0,0,0,0,0,0,0,0,0,0,0,0,0,0,0,0,0,0,0,0,0,0,0,0,0,0,0,0,0,0,0,0,0,0,0,0,0,0,0,0,0,0,0,0,0,0,0,0,0,0,0,0,0,0,0,0,0,0,0,0,0,0,0,0,0,0,0,0,0,0,0,0,0,0,0,0,0,0,0,0,0,0,0,0,0,0,0,0,0,0,0,0,0,0,0,0,0,0,0,0,0,0,0,0,0,0,0,0,0,0,0,0,0,0,0,0,0,0,0,0,0,0,0,0,0,0,0,0,0,0,0,0,0,0,0,0,0,0,0,0,0,0,0,0,0,0,0,0,0,0,0,0,0,0,0,0,0,0,0,0,0,0,0,0,0,0,0,0,0,0,0,0,0,0,0,0,0,0,0,0,0,0,0,0,0,0,0,0,0,0,0,0,0,0,0,0,0,0,0,0,0,0,0,0,0,0,0,0,0,0,0,0,0,0,0,0,0,0,0,0,0,0,0,0,0,0,0,0,0,0,0,0,0,0,0,0,0,0,0,0,0,0,0,0,-136,-365,-291,-47,-38,-20,4,31,58,78,85,79,57,25,-7,-44,-72,-86,-84,-67,-34,5,43,72,90,89,73,44,1,-41,-78,-103,-109,-91,-54,-6,48,96,127,132,113,65,0,-70,-126,-157,-154,-120,-55,30,112,171,190,164,99,11,-91,-180,-225,-216,-150,-34,90,193,248,245,180,66,-73,-197,-274,-281,-213,-87,65,209,305,323,256,112,-68,-236,-346,-368,-292,-140,53,248,380,413,339,174,-43,-255,-406,-452,-380,-210,15,242,415,479,415,245,11,-227,-404,-476,-422,-254,-22,219,403,475,423,259,24,-216,-394,-468,-419,-254,-22,218,399,474,420,247,0,-232,-414,-486,-424,-255,-15,236,425,501,441,263,16,-244,-440,-518,-457,-283,-34,234,447,541,490,311,57,-218,-439,-550,-520,-356,-102,180,417,543,536,400,159,-121,-368,-517,-544,-434,-216,50,293,465,525,452,268,24,-211,-394,-478,-444,-303,-100,120,309,411,412,312,141,-60,-233,-339,-366,-300,-163,8,167,279,318,275,165,23,-117,-223,-276,-256,-171,-49,81,183,234,233,174,68,-55,-156,-214,-220,-180,-92,17,120,194,216,188,115,17,-81,-162,-206,-204,-154,-74,25,117,181,204,184,123,36,-56,-139,-187,-201,-178,-121,-43,39,116,166,187,179,140,-554,-504,0,0,0,0,0,0,0,0,0,0,0,0,0,0,0,0,0,0,0,0,0,0,0,0,0,0,0,0,0,0,0,0,0,0,0,0,0,0,0,0,0,0,0,0,0,0,0,0,0,0,0,0,0,0,0,0,0,0,0,0,0,0,0,0,0,0,0,0,0,0,0,0,0,0,0,0,0,0,0,0,0,0,0,0,0,0,0,0,0,0,0,0,0,0,0,0,0,0,0,0,0,0,0,0,0,0,0,0,0,0,0,0,0,0,0,0,0,0,0,0,0,0,0,0,0,0,0,0,0,0,0,0,0,0,0,0,0,0,0,0,0,0,0,0,0,0,0,0,0,0,0,0,0,0,0,0,0,0,0,0,0,0,0,0,0,0,0,0,0,0,0,0,0,0,0,0,0,0,0,0,0,0,0,0,0,0,0,0,0,0,0,0,0,0,0,0,0,0,0,0,0,0,0,0,0,0,0,0,0,0,0,0,0,0,0,0,0,0,0,0,0,0,0,0,0,0,0,0,0,0,0,0,0,0,0,0,0,0,0,0,0,0,0,0,0,0,0,0,0,0,0,0,0,0,0,0,1335,498,567,-36,-58,-74,-80,-76,-60,-35,-3,32,60,78,82,72,48,16,-22,-59,-86,-92,-80,-57,-23,19,58,84,98,91,63,23,-23,-65,-99,-117,-111,-81,-34,25,87,127,143,131,90,21,-54,-125,-168,-176,-148,-85,8,105,178,212,196,127,23,-86,-177,-237,-233,-163,-49,80,194,260,266,205,81,-72,-209,-296,-308,-235,-100,66,224,329,348,280,131,-67,-248,-357,-382,-316,-155,58,253,389,434,365,193,-32,-247,-406,-464,-402,-233,2,233,404,475,421,253,19,-225,-407,-479,-426,-260,-26,211,394,471,423,260,25,-216,-394,-466,-416,-252,-18,223,406,0,421,255,17,-231,-421,-491,-435,-259,-9,240,424,505,453,272,20,-241,-438,-525,-476,-301,-39,229,437,541,503,332,77,-201,-429,-548,-532,-379,-127,152,393,535,540,413,187,-86,-335,-496,-536,-445,-249,9,257,434,499,446,290,65,-173,-354,-445,-426,-306,-119,96,275,378,388,310,153,-34,-201,-307,-338,-288,-170,-15,141,253,293,259,166,34,-101,-203,-250,-240,-174,-65,63,165,225,229,174,80,-31,-138,-207,-220,-185,-107,3,108,183,216,198,137,47,-51,-139,-196,-207,-171,-97,-3,88,162,199,193,151,73,-19,-102,-165,-198,-199,-168,-112,-45,23,90,252,337
29270,mtk,MTK 7916,2779866308,rx2-tx1,512,0,0,0,0,0,0,0,0,0,0,0,0,0,0,0,0,0,0,0,0,0,0,0,0,0,0,0,0,0,0,0,0,0,0,0,0,0,0,0,0,0,0,0,0,0,0,0,0,0,0,0,0,0,0,0,0,0,0,0,0,0,0,0,0,0,0,0,0,0,0,0,0,0,0,0,0,0,0,0,0,0,0,0,0,0,0,0,0,0,0,0,0,0,0,0,0,0,0,0,0,0,0,0,0,0,0,0,0,0,0,0,0,0,0,0,0,0,0,0,0,0,0,0,0,0,0,0,0,0,0,0,0,0,0,0,0,0,0,0,0,0,0,0,0,0,0,0,0,0,0,0,0,0,0,0,0,0,0,0,0,0,0,0,0,0,0,0,0,0,0,0,0,0,0,0,0,0,0,0,0,0,0,0,0,0,0,0,0,0,0,0,0,0,0,0,0,0,0,0,0,0,0,0,0,0,0,0,0,0,0,0,0,0,0,0,0,0,0,0,0,0,0,0,0,0,0,0,0,0,0,0,0,0,0,0,0,0,0,0,0,0,0,0,0,0,0,0,0,0,0,0,0,0,0,0,0,236,-138,-91,-35,-32,-21,-2,23,51,68,74,62,43,13,-26,-58,-76,-76,-58,-26,12,59,88,94,76,41,-8,-60,-105,-118,-103,-58,3,68,121,142,122,75,10,-63,-124,-156,-146,-87,6,98,159,183,166,92,-14,-117,-197,-225,-189,-96,25,149,240,274,232,121,-35,-192,-300,-326,-269,-144,33,210,341,387,328,177,-22,-228,-386,-439,-374,-216,6,238,406,469,408,247,11,-228,-410,-488,-436,-269,-32,218,413,505,460,291,51,-200,-404,-501,-463,-303,-61,197,395,485,453,303,74,-171,-368,-460,-428,-278,-60,167,344,425,387,247,44,-173,-337,-399,-349,-210,0,191,332,382,316,164,-29,-218,-347,-369,-293,-134,65,250,357,371,284,116,-88,-268,-374,-372,-273,-98,104,278,376,382,286,110,-94,-267,-373,-374,-272,-98,94,253,342,348,261,102,-76,-227,-316,-315,-245,-111,47,183,259,272,212,98,-32,-147,-221,-227,-172,-75,31,119,168,162,112,39,-43,-102,-129,-120,-80,-14,53,103,114,89,41,-15,-67,-100,-100,-75,-30,24,74,102,97,63,16,-34,-73,-92,-86,-49,-5,33,68,86,76,49,12,-25,-50,-62,-57,-42,-13,18,40,52,53,38,8,-22,-39,-46,-40,-24,-3,23,43,52,48,36,16,-10,-272,-229,0,0,0,0,0,0,0,0,0,0,0,0,0,0,0,0,0,0,0,0,0,0,0,0,0,0,0,0,0,0,0,0,0,0,0,0,0,0,0,0,0,0,0,0,0,0,0,0,0,0,0,0,0,0,0,0,0,0,0,0,0,0,0,0,0,0,0,0,0,0,0,0,0,0,0,0,0,0,0,0,0,0,0,0,0,0,0,0,0,0,0,0,0,0,0,0,0,0,0,0,0,0,0,0,0,0,0,0,0,0,0,0,0,0,0,0,0,0,0,0,0,0,0,0,0,0,0,0,0,0,0,0,0,0,0,0,0,0,0,0,0,0,0,0,0,0,0,0,0,0,0,0,0,0,0,0,0,0,0,0,0,0,0,0,0,0,0,0,0,0,0,0,0,0,0,0,0,0,0,0,0,0,0,0,0,0,0,0,0,0,0,0,0,0,0,0,0,0,0,0,0,0,0,0,0,0,0,0,0,0,0,0,0,0,0,0,0,0,0,0,0,0,0,0,0,0,0,0,0,0,0,0,0,0,0,0,0,0,0,0,0,0,0,0,0,0,0,0,0,0,0,0,0,0,0,0,-351,304,312,-22,-43,-57,-66,-63,-48,-25,2,31,56,73,70,57,28,-18,-62,-82,-85,-67,-32,10,51,88,102,85,53,4,-59,-112,-133,-117,-69,-2,64,125,155,138,84,6,-80,-145,-172,-145,-80,11,109,179,202,170,89,-21,-133,-218,-247,-210,-105,34,169,267,301,250,122,-38,-198,-313,-350,-291,-153,34,223,360,403,340,184,-23,-229,-391,-453,-392,-225,-2,230,414,483,430,265,25,-231,-420,-503,-452,-282,-37,215,411,502,457,295,61,-192,-399,-500,-464,-307,-68,185,384,479,451,295,68,-163,-348,-445,-413,-266,-47,171,334,410,376,230,24,-177,-325,0,-337,-190,9,202,333,372,297,141,-48,-224,-349,-369,-286,-119,79,254,360,370,276,107,-101,-276,-371,-368,-273,-99,100,279,384,377,273,107,-94,-264,-358,-361,-268,-107,77,240,334,333,245,109,-56,-199,-282,-293,-227,-103,43,171,247,253,192,90,-31,-135,-196,-200,-148,-53,42,118,153,134,90,24,-52,-105,-123,-102,-59,-3,53,96,104,79,33,-22,-73,-101,-96,-64,-18,29,71,87,84,56,15,-29,-66,-88,-81,-58,-21,26,59,77,72,47,13,-18,-46,-63,-58,-39,-15,13,39,50,40,26,6,-16,-39,-47,-44,-27,-2,23,45,57,53,233,265
29271,mtk,MTK 7916,2779924460,rx0-tx0,512,0,0,0,0,0,0,0,0,0,0,0,0,0,0,0,0,0,0,0,0,0,0,0,0,0,0,0,0,0,0,0,0,0,0,0,0,0,0,0,0,0,0,0,0,0,0,0,0,0,0,0,0,0,0,0,0,0,0,0,0,0,0,0,0,0,0,0,0,0,0,0,0,0,0,0,0,0,0,0,0,0,0,0,0,0,0,0,0,0,0,0,0,0,0,0,0,0,0,0,0,0,0,0,0,0,0,0,0,0,0,0,0,0,0,0,0,0,0,0,0,0,0,0,0,0,0,0,0,0,0,0,0,0,0,0,0,0,0,0,0,0,0,0,0,0,0,0,0,0,0,0,0,0,0,0,0,0,0,0,0,0,0,0,0,0,0,0,0,0,0,0,0,0,0,0,0,0,0,0,0,0,0,0,0,0,0,0,0,0,0,0,0,0,0,0,0,0,0,0,0,0,0,0,0,0,0,0,0,0,0,0,0,0,0,0,0,0,0,0,0,0,0,0,0,0,0,0,0,0,0,0,0,0,0,0,0,0,0,0,0,0,0,0,0,0,0,0,0,0,0,0,0,0,0,0,0,-273,298,121,-42,-202,-345,-420,-407,-310,-161,11,184,334,448,502,507,461,361,216,46,-139,-318,-475,-592,-654,-652,-585,-457,-275,-58,172,398,593,726,799,801,729,585,377,134,-112,-359,-572,-734,-845,-881,-843,-743,-586,-371,-130,126,378,594,775,903,959,943,851,698,484,223,-57,-350,-616,-829,-991,-1089,-1089,-995,-831,-589,-287,30,354,649,900,1085,1171,1179,1077,894,640,325,-5,-346,-653,-909,-1091,-1174,-1173,-1064,-884,-643,-339,-20,292,564,807,969,1045,1059,978,828,640,402,130,-127,-370,-587,-749,-860,-910,-897,-843,-717,-553,-349,-124,96,331,534,702,825,895,898,842,725,-1687,360,118,-124,-362,-576,-752,-881,-950,-954,-882,-737,-556,-332,-78,188,430,655,833,948,1004,987,911,767,566,318,43,-240,-505,-758,-956,-1099,-1162,-1134,-1027,-840,-583,-265,76,422,757,1036,1237,1347,1349,1235,1026,733,363,-29,-429,-799,-1112,-1338,-1450,-1447,-1320,-1089,-766,-381,39,461,835,1136,1348,1454,1433,1291,1049,724,337,-69,-469,-826,-1111,-1305,-1385,-1358,-1221,-974,-655,-276,121,501,850,1111,1280,1341,1278,1100,831,486,107,-287,-651,-951,-1159,-1251,-1224,-1091,-857,-543,-184,187,528,809,1017,1114,1105,993,785,501,172,-166,-509,-795,-1002,-1108,-1070,-902,-592,-175,282,677,934,974,722,587,0,0,0,0,0,0,0,0,0,0,0,0,0,0,0,0,0,0,0,0,0,0,0,0,0,0,0,0,0,0,0,0,0,0,0,0,0,0,0,0,0,0,0,0,0,0,0,0,0,0,0,0,0,0,0,0,0,0,0,0,0,0,0,0,0,0,0,0,0,0,0,0,0,0,0,0,0,0,0,0,0,0,0,0,0,0,0,0,0,0,0,0,0,0,0,0,0,0,0,0,0,0,0,0,0,0,0,0,0,0,0,0,0,0,0,0,0,0,0,0,0,0,0,0,0,0,0,0,0,0,0,0,0,0,0,0,0,0,0,0,0,0,0,0,0,0,0,0,0,0,0,0,0,0,0,0,0,0,0,0,0,0,0,0,0,0,0,0,0,0,0,0,0,0,0,0,0,0,0,0,0,0,0,0,0,0,0,0,0,0,0,0,0,0,0,0,0,0,0,0,0,0,0,0,0,0,0,0,0,0,0,0,0,0,0,0,0,0,0,0,0,0,0,0,0,0,0,0,0,0,0,0,0,0,0,0,0,0,0,0,0,0,0,0,0,0,0,0,0,0,0,0,0,0,0,0,-1322,-1070,-1104,-306,-289,-183,-15,172,332,434,474,444,361,229,63,-100,-265,-412,-514,-572,-573,-513,-400,-237,-41,164,363,541,669,739,738,661,514,317,92,-148,-389,-602,-755,-840,-852,-789,-653,-464,-238,12,261,488,685,822,894,905,837,711,527,298,39,-224,-481,-703,-885,-995,-1030,-984,-847,-650,-406,-115,201,493,759,981,1110,1149,1104,963,750,462,141,-186,-513,-790,-1020,-1153,-1196,-1143,-994,-779,-492,-174,161,487,751,966,1096,1129,1077,952,761,495,217,-78,-363,-594,-784,-921,-979,-960,-887,-750,-560,-346,-111,119,341,551,711,825,875,881,832,718,557,358,131,-104,-335,-551,-175,-851,-915,-919,-861,-741,-570,-351,-104,153,408,620,790,920,978,963,885,749,554,319,56,-205,-459,-687,-869,-1005,-1064,-1051,-965,-807,-581,-314,-7,307,608,877,1088,1222,1266,1215,1068,821,507,145,-238,-609,-931,-1197,-1372,-1423,-1368,-1196,-925,-573,-173,239,637,985,1255,1422,1473,1397,1201,912,556,152,-264,-657,-992,-1248,-1395,-1422,-1337,-1143,-858,-504,-107,287,663,978,1210,1345,1355,1260,1056,762,409,10,-383,-741,-1030,-1226,-1309,-1274,-1117,-863,-528,-152,226,581,879,1086,1183,1167,1043,830,534,186,-163,-492,-770,-973,-1074,-1077,-969,-747,-445,-77,312,675,970,1121,1080,848,457,50,-850,-942
29272,mtk,MTK 7916,2779924460,rx0-tx1,512,0,0,0,0,0,0,0,0,0,0,0,0,0,0,0,0,0,0,0,0,0,0,0,0,0,0,0,0,0,0,0,0,0,0,0,0,0,0,0,0,0,0,0,0,0,0,0,0,0,0,0,0,0,0,0,0,0,0,0,0,0,0,0,0,0,0,0,0,0,0,0,0,0,0,0,0,0,0,0,0,0,0,0,0,0,0,0,0,0,0,0,0,0,0,0,0,0,0,0,0,0,0,0,0,0,0,0,0,0,0,0,0,0,0,0,0,0,0,0,0,0,0,0,0,0,0,0,0,0,0,0,0,0,0,0,0,0,0,0,0,0,0,0,0,0,0,0,0,0,0,0,0,0,0,0,0,0,0,0,0,0,0,0,0,0,0,0,0,0,0,0,0,0,0,0,0,0,0,0,0,0,0,0,0,0,0,0,0,0,0,0,0,0,0,0,0,0,0,0,0,0,0,0,0,0,0,0,0,0,0,0,0,0,0,0,0,0,0,0,0,0,0,0,0,0,0,0,0,0,0,0,0,0,0,0,0,0,0,0,0,0,0,0,0,0,0,0,0,0,0,0,0,0,0,0,0,-730,-55,-165,191,271,292,233,121,-25,-171,-289,-368,-402,-392,-327,-228,-101,51,201,336,446,516,537,502,415,279,109,-84,-284,-462,-606,-698,-722,-672,-569,-400,-193,48,291,508,693,825,881,860,768,606,377,126,-153,-431,-667,-861,-984,-1024,-983,-857,-662,-412,-117,190,496,761,964,1099,1140,1092,963,759,478,162,-168,-504,-800,-1030,-1189,-1258,-1232,-1096,-879,-603,-267,93,467,793,1065,1262,1352,1354,1245,1030,733,367,-19,-422,-793,-1092,-1313,-1434,-1448,-1336,-1126,-825,-454,-53,351,740,1069,1309,1448,1475,1384,1187,896,537,142,-267,-651,-988,-1240,-1400,-1455,-1391,-1225,-971,-648,-268,129,517,-546,1130,1313,1405,1399,1293,1084,790,442,62,-330,-690,-1000,-1237,-1379,-1428,-1368,-1206,-955,-626,-244,151,536,886,1171,1371,1464,1447,1319,1078,763,386,-20,-420,-798,-1103,-1332,-1450,-1450,-1351,-1152,-860,-507,-114,285,655,972,1219,1374,1416,1359,1191,934,611,245,-142,-517,-843,-1112,-1296,-1375,-1349,-1219,-997,-700,-340,37,415,765,1058,1265,1362,1352,1232,1012,712,339,-56,-442,-798,-1080,-1268,-1350,-1314,-1159,-908,-578,-190,206,578,898,1127,1253,1261,1147,929,627,275,-97,-448,-749,-968,-1085,-1093,-1002,-818,-557,-254,62,362,612,806,920,934,858,695,457,158,-163,-478,-743,-905,-916,-767,-473,-151,226,140,0,0,0,0,0,0,0,0,0,0,0,0,0,0,0,0,0,0,0,0,0,0,0,0,0,0,0,0,0,0,0,0,0,0,0,0,0,0,0,0,0,0,0,0,0,0,0,0,0,0,0,0,0,0,0,0,0,0,0,0,0,0,0,0,0,0,0,0,0,0,0,0,0,0,0,0,0,0,0,0,0,0,0,0,0,0,0,0,0,0,0,0,0,0,0,0,0,0,0,0,0,0,0,0,0,0,0,0,0,0,0,0,0,0,0,0,0,0,0,0,0,0,0,0,0,0,0,0,0,0,0,0,0,0,0,0,0,0,0,0,0,0,0,0,0,0,0,0,0,0,0,0,0,0,0,0,0,0,0,0,0,0,0,0,0,0,0,0,0,0,0,0,0,0,0,0,0,0,0,0,0,0,0,0,0,0,0,0,0,0,0,0,0,0,0,0,0,0,0,0,0,0,0,0,0,0,0,0,0,0,0,0,0,0,0,0,0,0,0,0,0,0,0,0,0,0,0,0,0,0,0,0,0,0,0,0,0,0,0,0,0,0,0,0,0,0,0,0,0,0,0,0,0,0,0,0,-128,-640,-626,139,47,-97,-231,-325,-365,-336,-255,-136,0,141,272,370,438,463,431,357,243,95,-71,-245,-402,-526,-604,-628,-590,-489,-335,-138,86,302,499,658,762,804,759,653,491,266,13,-245,-484,-699,-851,-935,-954,-873,-721,-512,-247,37,329,599,822,989,1077,1081,993,812,574,284,-35,-353,-648,-902,-1088,-1181,-1194,-1114,-933,-683,-379,-39,318,651,929,1146,1278,1322,1250,1075,826,494,123,-258,-629,-951,-1203,-1364,-1420,-1372,-1197,-936,-597,-215,196,592,933,1217,1395,1462,1431,1283,1027,688,296,-119,-523,-886,-1174,-1372,-1468,-1444,-1316,-1085,-761,-398,7,401,765,1065,1293,1416,1428,1342,1197,873,527,156,-232,-603,-929,-1181,-1344,-1418,-1388,-1249,-1018,-707,-349,43,428,781,1083,1304,1425,1438,1346,1155,875,518,125,-283,-673,-1010,-1267,-1433,-1476,-1415,-1240,-977,-640,-242,157,540,889,1165,1353,1438,1407,1275,1047,740,373,-11,-393,-748,-1039,-1257,-1376,-1392,-1293,-1098,-827,-485,-112,269,629,936,1183,1333,1374,1310,1140,878,545,169,-224,-599,-922,-1173,-1325,-1363,-1291,-1111,-831,-483,-95,308,677,980,1200,1310,1299,1170,940,623,259,-129,-499,-815,-1047,-1176,-1186,-1086,-885,-604,-272,73,398,678,880,988,1001,915,749,518,231,-68,-357,-607,-805,-916,-920,-811,-581,-250,126,471,715,788,-567,-605
29273,mtk,MTK 7916,2779924460,rx1-tx0,512,0,0,0,0,0,0,0,0,0,0,0,0,0,0,0,0,0,0,0,0,0,0,0,0,0,0,0,0,0,0,0,0,0,0,0,0,0,0,0,0,0,0,0,0,0,0,0,0,0,0,0,0,0,0,0,0,0,0,0,0,0,0,0,0,0,0,0,0,0,0,0,0,0,0,0,0,0,0,0,0,0,0,0,0,0,0,0,0,0,0,0,0,0,0,0,0,0,0,0,0,0,0,0,0,0,0,0,0,0,0,0,0,0,0,0,0,0,0,0,0,0,0,0,0,0,0,0,0,0,0,0,0,0,0,0,0,0,0,0,0,0,0,0,0,0,0,0,0,0,0,0,0,0,0,0,0,0,0,0,0,0,0,0,0,0,0,0,0,0,0,0,0,0,0,0,0,0,0,0,0,0,0,0,0,0,0,0,0,0,0,0,0,0,0,0,0,0,0,0,0,0,0,0,0,0,0,0,0,0,0,0,0,0,0,0,0,0,0,0,0,0,0,0,0,0,0,0,0,0,0,0,0,0,0,0,0,0,0,0,0,0,0,0,0,0,0,0,0,0,0,0,0,0,0,0,0,146,-586,-443,-109,-51,50,150,218,243,225,168,77,-20,-116,-198,-253,-278,-267,-225,-161,-64,36,129,217,279,308,304,266,194,109,9,-84,-176,-252,-289,-298,-277,-238,-166,-83,-9,76,147,190,222,231,224,200,157,99,46,-2,-47,-83,-115,-143,-148,-151,-150,-132,-111,-93,-84,-53,-12,22,56,86,117,145,168,183,186,182,160,123,78,20,-37,-106,-177,-246,-293,-318,-319,-285,-228,-157,-60,56,170,279,364,425,445,422,361,269,142,0,-133,-274,-391,-463,-502,-498,-455,-369,-241,-95,59,205,334,437,498,523,507,433,322,197,45,-102,-243,-363,-452,-503,-515,-484,-144,-306,-170,-22,129,264,384,473,515,509,472,383,260,122,-26,-170,-288,-384,-449,-468,-451,-400,-315,-211,-79,51,168,267,341,390,413,390,339,259,166,66,-44,-144,-235,-298,-336,-349,-333,-289,-226,-146,-48,39,120,187,239,269,276,267,229,176,110,46,-23,-86,-137,-179,-196,-199,-195,-170,-142,-109,-67,-26,13,55,99,131,146,162,167,155,148,119,82,39,-12,-66,-119,-170,-204,-226,-227,-198,-153,-99,-25,56,128,189,235,259,252,220,161,82,-3,-85,-163,-223,-252,-258,-235,-182,-114,-29,61,140,199,231,240,230,182,95,3,-89,-171,-214,-216,-173,-860,-772,0,0,0,0,0,0,0,0,0,0,0,0,0,0,0,0,0,0,0,0,0,0,0,0,0,0,0,0,0,0,0,0,0,0,0,0,0,0,0,0,0,0,0,0,0,0,0,0,0,0,0,0,0,0,0,0,0,0,0,0,0,0,0,0,0,0,0,0,0,0,0,0,0,0,0,0,0,0,0,0,0,0,0,0,0,0,0,0,0,0,0,0,0,0,0,0,0,0,0,0,0,0,0,0,0,0,0,0,0,0,0,0,0,0,0,0,0,0,0,0,0,0,0,0,0,0,0,0,0,0,0,0,0,0,0,0,0,0,0,0,0,0,0,0,0,0,0,0,0,0,0,0,0,0,0,0,0,0,0,0,0,0,0,0,0,0,0,0,0,0,0,0,0,0,0,0,0,0,0,0,0,0,0,0,0,0,0,0,0,0,0,0,0,0,0,0,0,0,0,0,0,0,0,0,0,0,0,0,0,0,0,0,0,0,0,0,0,0,0,0,0,0,0,0,0,0,0,0,0,0,0,0,0,0,0,0,0,0,0,0,0,0,0,0,0,0,0,0,0,0,0,0,0,0,0,0,206,856,941,113,182,207,170,90,-11,-111,-198,-250,-266,-246,-185,-105,-6,90,172,246,293,294,275,217,134,32,-68,-168,-245,-295,-314,-302,-258,-182,-91,4,87,164,234,259,266,256,207,153,93,24,-39,-100,-151,-180,-188,-184,-173,-153,-125,-81,-42,-15,21,59,89,99,122,143,149,149,141,134,115,87,49,4,-39,-85,-132,-172,-209,-233,-239,-233,-207,-163,-95,-14,82,178,266,331,379,388,362,308,215,102,-31,-164,-287,-387,-459,-481,-468,-417,-311,-182,-49,101,239,366,458,505,515,482,406,285,146,4,-150,-293,-401,-482,-524,-517,-469,-375,-254,-110,39,190,147,421,490,517,501,446,353,223,65,-77,-219,-345,-428,-479,-492,-463,-395,-298,-174,-33,102,225,319,393,433,432,398,328,240,130,11,-105,-207,-289,-345,-377,-375,-343,-284,-201,-106,-7,93,176,244,295,314,309,277,231,171,94,18,-61,-137,-191,-226,-240,-243,-220,-184,-139,-77,-28,31,80,112,142,161,172,167,152,135,104,76,45,-5,-46,-88,-133,-165,-186,-194,-189,-168,-128,-78,-21,50,123,178,226,251,246,216,162,93,12,-70,-145,-213,-253,-267,-252,-209,-141,-60,23,109,177,225,253,249,215,152,73,-4,-91,-175,-231,-242,-220,-157,-66,33,107,494,621
29274,mtk,MTK 7916,2779924460,rx1-tx1,512,0,0,0,0,0,0,0,0,0,0,0,0,0,0,0,0,0,0,0,0,0,0,0,0,0,0,0,0,0,0,0,0,0,0,0,0,0,0,0,0,0,0,0,0,0,0,0,0,0,0,0,0,0,0,0,0,0,0,0,0,0,0,0,0,0,0,0,0,0,0,0,0,0,0,0,0,0,0,0,0,0,0,0,0,0,0,0,0,0,0,0,0,0,0,0,0,0,0,0,0,0,0,0,0,0,0,0,0,0,0,0,0,0,0,0,0,0,0,0,0,0,0,0,0,0,0,0,0,0,0,0,0,0,0,0,0,0,0,0,0,0,0,0,0,0,0,0,0,0,0,0,0,0,0,0,0,0,0,0,0,0,0,0,0,0,0,0,0,0,0,0,0,0,0,0,0,0,0,0,0,0,0,0,0,0,0,0,0,0,0,0,0,0,0,0,0,0,0,0,0,0,0,0,0,0,0,0,0,0,0,0,0,0,0,0,0,0,0,0,0,0,0,0,0,0,0,0,0,0,0,0,0,0,0,0,0,0,0,0,0,0,0,0,0,0,0,0,0,0,0,0,0,0,0,0,0,-411,-608,-591,10,9,4,-3,-11,-22,-31,-33,-32,-34,-25,-12,3,24,39,44,45,44,31,5,-19,-38,-53,-62,-55,-38,-11,21,49,67,71,59,36,10,-22,-58,-77,-77,-62,-34,5,38,64,82,75,46,12,-24,-59,-84,-90,-70,-32,5,41,72,85,71,44,5,-36,-68,-88,-86,-51,-9,25,61,86,83,57,15,-22,-56,-84,-88,-65,-29,20,68,99,104,78,29,-22,-70,-112,-120,-94,-49,6,69,116,135,121,73,6,-64,-127,-159,-150,-106,-36,46,120,165,167,140,72,-19,-102,-163,-190,-174,-112,-22,74,155,199,199,155,76,-25,-121,-188,0,-201,-130,-31,72,160,211,218,179,98,1,-94,-174,-208,-197,-147,-67,26,108,162,186,172,113,41,-29,-88,-128,-142,-125,-84,-28,22,58,83,99,89,68,45,14,-16,-41,-60,-73,-75,-70,-52,-26,11,46,77,98,105,95,61,4,-51,-101,-133,-143,-121,-67,5,76,137,175,177,139,62,-40,-138,-207,-229,-199,-126,-23,92,196,262,265,211,112,-18,-147,-246,-297,-291,-216,-93,48,179,279,320,292,205,82,-58,-187,-281,-311,-278,-184,-53,78,191,267,280,234,148,28,-100,-204,-260,-260,-202,-107,5,119,210,264,273,239,166,69,-36,-124,-200,-532,-572,0,0,0,0,0,0,0,0,0,0,0,0,0,0,0,0,0,0,0,0,0,0,0,0,0,0,0,0,0,0,0,0,0,0,0,0,0,0,0,0,0,0,0,0,0,0,0,0,0,0,0,0,0,0,0,0,0,0,0,0,0,0,0,0,0,0,0,0,0,0,0,0,0,0,0,0,0,0,0,0,0,0,0,0,0,0,0,0,0,0,0,0,0,0,0,0,0,0,0,0,0,0,0,0,0,0,0,0,0,0,0,0,0,0,0,0,0,0,0,0,0,0,0,0,0,0,0,0,0,0,0,0,0,0,0,0,0,0,0,0,0,0,0,0,0,0,0,0,0,0,0,0,0,0,0,0,0,0,0,0,0,0,0,0,0,0,0,0,0,0,0,0,0,0,0,0,0,0,0,0,0,0,0,0,0,0,0,0,0,0,0,0,0,0,0,0,0,0,0,0,0,0,0,0,0,0,0,0,0,0,0,0,0,0,0,0,0,0,0,0,0,0,0,0,0,0,0,0,0,0,0,0,0,0,0,0,0,0,0,0,0,0,0,0,0,0,0,0,0,0,0,0,0,0,0,0,-92,111,217,16,20,24,29,30,26,17,9,0,-14,-33,-42,-42,-39,-30,-13,9,31,43,52,54,43,19,-6,-36,-58,-62,-55,-44,-20,8,39,61,72,70,51,19,-21,-55,-74,-80,-69,-42,-7,25,61,82,80,58,28,-12,-49,-72,-80,-75,-46,-3,36,66,81,72,47,13,-26,-60,-79,-74,-49,-8,29,63,80,83,62,21,-24,-64,-91,-95,-73,-32,25,73,96,101,83,38,-23,-78,-115,-123,-105,-65,-1,67,123,151,141,93,23,-55,-125,-164,-159,-122,-59,27,114,167,182,155,91,4,-91,-163,-195,-182,-130,-47,51,145,205,214,173,96,0,-103,-184,-223,-212,-154,-65,37,133,197,215,190,127,35,-60,-136,-184,-191,-155,-93,-20,64,130,158,153,120,68,8,-54,-101,-121,-115,-88,-54,-23,17,53,68,75,76,62,44,20,-8,-33,-54,-78,-91,-88,-65,-27,16,58,97,119,117,93,43,-23,-93,-144,-164,-146,-98,-15,77,147,191,199,163,88,-12,-118,-206,-247,-235,-171,-69,56,178,261,291,258,163,35,-102,-222,-294,-308,-264,-161,-21,121,234,305,315,255,136,-2,-138,-240,-289,-282,-217,-105,26,149,234,265,242,173,65,-59,-170,-244,-270,-243,-168,-61,51,159,243,285,283,248,179,-201,-112
29275,mtk,MTK 7916,2779924460,rx2-tx0,512,0,0,0,0,0,0,0,0,0,0,0,0,0,0,0,0,0,0,0,0,0,0,0,0,0,0,0,0,0,0,0,0,0,0,0,0,0,0,0,0,0,0,0,0,0,0,0,0,0,0,0,0,0,0,0,0,0,0,0,0,0,0,0,0,0,0,0,0,0,0,0,0,0,0,0,0,0,0,0,0,0,0,0,0,0,0,0,0,0,0,0,0,0,0,0,0,0,0,0,0,0,0,0,0,0,0,0,0,0,0,0,0,0,0,0,0,0,0,0,0,0,0,0,0,0,0,0,0,0,0,0,0,0,0,0,0,0,0,0,0,0,0,0,0,0,0,0,0,0,0,0,0,0,0,0,0,0,0,0,0,0,0,0,0,0,0,0,0,0,0,0,0,0,0,0,0,0,0,0,0,0,0,0,0,0,0,0,0,0,0,0,0,0,0,0,0,0,0,0,0,0,0,0,0,0,0,0,0,0,0,0,0,0,0,0,0,0,0,0,0,0,0,0,0,0,0,0,0,0,0,0,0,0,0,0,0,0,0,0,0,0,0,0,0,0,0,0,0,0,0,0,0,0,0,0,0,-136,-365,-291,-26,-45,-64,-81,-92,-93,-81,-58,-23,20,65,97,116,119,100,63,8,-58,-112,-148,-166,-152,-104,-28,59,138,193,219,205,146,53,-56,-160,-237,-275,-252,-178,-63,70,196,284,313,280,187,49,-107,-238,-319,-335,-276,-154,8,167,290,354,340,244,90,-87,-247,-349,-370,-310,-178,5,190,332,393,362,250,76,-122,-302,-410,-425,-339,-168,47,255,403,460,416,272,62,-167,-359,-472,-476,-371,-184,44,273,446,506,449,298,84,-155,-357,-479,-486,-383,-197,24,241,397,462,418,279,73,-139,-315,-419,-421,-324,-156,48,244,378,411,350,207,18,-171,-319,0,-376,-275,-105,88,260,374,401,332,190,7,-181,-325,-396,-377,-277,-112,77,250,373,411,357,224,46,-145,-309,-404,-413,-335,-183,5,193,342,422,420,326,162,-28,-218,-366,-442,-427,-320,-152,42,228,373,443,427,318,154,-39,-229,-374,-442,-419,-311,-143,49,233,362,416,387,281,112,-84,-257,-372,-406,-356,-230,-59,119,270,361,371,306,176,6,-161,-289,-355,-340,-247,-105,59,211,314,346,301,190,43,-112,-246,-332,-343,-276,-150,2,155,277,338,326,246,120,-26,-169,-282,-329,-312,-239,-117,30,173,281,335,327,269,168,37,-95,-209,-290,-322,-311,-264,-554,-504,0,0,0,0,0,0,0,0,0,0,0,0,0,0,0,0,0,0,0,0,0,0,0,0,0,0,0,0,0,0,0,0,0,0,0,0,0,0,0,0,0,0,0,0,0,0,0,0,0,0,0,0,0,0,0,0,0,0,0,0,0,0,0,0,0,0,0,0,0,0,0,0,0,0,0,0,0,0,0,0,0,0,0,0,0,0,0,0,0,0,0,0,0,0,0,0,0,0,0,0,0,0,0,0,0,0,0,0,0,0,0,0,0,0,0,0,0,0,0,0,0,0,0,0,0,0,0,0,0,0,0,0,0,0,0,0,0,0,0,0,0,0,0,0,0,0,0,0,0,0,0,0,0,0,0,0,0,0,0,0,0,0,0,0,0,0,0,0,0,0,0,0,0,0,0,0,0,0,0,0,0,0,0,0,0,0,0,0,0,0,0,0,0,0,0,0,0,0,0,0,0,0,0,0,0,0,0,0,0,0,0,0,0,0,0,0,0,0,0,0,0,0,0,0,0,0,0,0,0,0,0,0,0,0,0,0,0,0,0,0,0,0,0,0,0,0,0,0,0,0,0,0,0,0,0,0,1335,498,567,62,58,49,31,2,-32,-65,-88,-102,-107,-94,-61,-16,34,86,124,144,137,106,51,-18,-91,-152,-189,-192,-157,-89,2,100,183,235,245,207,118,3,-119,-223,-284,-283,-225,-121,14,152,258,318,306,227,97,-58,-205,-312,-350,-306,-198,-40,133,277,355,355,277,133,-44,-217,-341,-387,-341,-219,-40,156,316,400,391,290,117,-86,-276,-404,-441,-379,-217,2,218,384,468,451,333,128,-116,-331,-467,-503,-428,-253,-23,209,397,497,479,347,144,-84,-298,-441,-474,-405,-242,-29,189,361,445,423,305,115,-101,-283,-393,-415,-340,-190,6,203,348,406,371,250,0,-121,-286,-382,-385,-301,-148,43,226,356,403,359,230,51,-136,-293,-387,-394,-313,-167,23,209,340,402,384,280,116,-76,-254,-382,-427,-381,-258,-88,112,288,399,428,377,246,61,-137,-308,-417,-444,-382,-240,-49,145,314,420,440,374,239,50,-145,-309,-413,-432,-363,-221,-35,158,314,402,408,330,177,-8,-185,-320,-389,-370,-273,-120,54,216,324,361,321,209,47,-118,-252,-337,-347,-274,-146,11,168,289,342,324,236,95,-66,-212,-317,-347,-308,-207,-62,94,229,316,335,288,187,46,-106,-235,-314,-330,-287,-191,-59,83,211,304,347,333,274,183,77,-23,-127,252,337
29276,mtk,MTK 7916,2779924460,rx2-tx1,512,0,0,0,0,0,0,0,0,0,0,0,0,0,0,0,0,0,0,0,0,0,0,0,0,0,0,0,0,0,0,0,0,0,0,0,0,0,0,0,0,0,0,0,0,0,0,0,0,0,0,0,0,0,0,0,0,0,0,0,0,0,0,0,0,0,0,0,0,0,0,0,0,0,0,0,0,0,0,0,0,0,0,0,0,0,0,0,0,0,0,0,0,0,0,0,0,0,0,0,0,0,0,0,0,0,0,0,0,0,0,0,0,0,0,0,0,0,0,0,0,0,0,0,0,0,0,0,0,0,0,0,0,0,0,0,0,0,0,0,0,0,0,0,0,0,0,0,0,0,0,0,0,0,0,0,0,0,0,0,0,0,0,0,0,0,0,0,0,0,0,0,0,0,0,0,0,0,0,0,0,0,0,0,0,0,0,0,0,0,0,0,0,0,0,0,0,0,0,0,0,0,0,0,0,0,0,0,0,0,0,0,0,0,0,0,0,0,0,0,0,0,0,0,0,0,0,0,0,0,0,0,0,0,0,0,0,0,0,0,0,0,0,0,0,0,0,0,0,0,0,0,0,0,0,0,0,236,-138,-91,-20,-36,-48,-63,-67,-55,-42,-23,5,29,46,54,50,33,12,-20,-45,-50,-47,-31,-4,25,51,68,66,48,12,-37,-77,-100,-104,-84,-36,23,80,127,146,136,87,8,-77,-148,-186,-174,-128,-52,50,153,226,247,208,119,0,-128,-240,-299,-287,-205,-69,95,239,333,348,284,152,-20,-200,-343,-409,-380,-264,-76,141,325,435,444,354,175,-49,-261,-417,-485,-433,-286,-69,167,370,489,491,376,178,-60,-287,-444,-498,-437,-277,-48,194,383,474,463,343,139,-85,-289,-426,-452,-381,-218,-6,202,345,409,374,247,66,-124,-284,-366,-351,-252,-96,79,220,0,320,240,101,-61,-213,-302,-311,-239,-107,50,188,283,308,252,126,-28,-177,-289,-325,-274,-159,-8,152,282,338,306,209,53,-115,-252,-326,-323,-241,-110,48,201,300,327,274,165,19,-128,-241,-295,-276,-197,-77,58,173,240,252,200,103,-7,-108,-175,-202,-180,-106,-4,82,131,148,132,85,14,-69,-123,-129,-101,-59,7,71,115,130,111,59,-5,-65,-106,-122,-109,-69,-8,57,103,121,109,73,19,-37,-84,-112,-114,-87,-43,17,73,109,116,98,59,7,-46,-82,-103,-101,-72,-23,29,73,102,107,93,54,-1,-53,-97,-128,-129,-109,-78,-31,21,71,-272,-229,0,0,0,0,0,0,0,0,0,0,0,0,0,0,0,0,0,0,0,0,0,0,0,0,0,0,0,0,0,0,0,0,0,0,0,0,0,0,0,0,0,0,0,0,0,0,0,0,0,0,0,0,0,0,0,0,0,0,0,0,0,0,0,0,0,0,0,0,0,0,0,0,0,0,0,0,0,0,0,0,0,0,0,0,0,0,0,0,0,0,0,0,0,0,0,0,0,0,0,0,0,0,0,0,0,0,0,0,0,0,0,0,0,0,0,0,0,0,0,0,0,0,0,0,0,0,0,0,0,0,0,0,0,0,0,0,0,0,0,0,0,0,0,0,0,0,0,0,0,0,0,0,0,0,0,0,0,0,0,0,0,0,0,0,0,0,0,0,0,0,0,0,0,0,0,0,0,0,0,0,0,0,0,0,0,0,0,0,0,0,0,0,0,0,0,0,0,0,0,0,0,0,0,0,0,0,0,0,0,0,0,0,0,0,0,0,0,0,0,0,0,0,0,0,0,0,0,0,0,0,0,0,0,0,0,0,0,0,0,0,0,0,0,0,0,0,0,0,0,0,0,0,0,0,0,0,-351,304,312,52,47,36,16,-8,-29,-48,-60,-64,-53,-36,-9,17,44,58,53,33,7,-17,-43,-58,-53,-31,1,30,64,81,80,63,27,-26,-81,-121,-133,-107,-55,9,85,149,178,163,109,25,-66,-156,-211,-216,-169,-84,31,143,233,272,244,148,21,-116,-243,-324,-325,-245,-110,53,219,341,381,328,198,12,-175,-328,-419,-417,-308,-129,86,290,426,467,394,231,16,-212,-396,-486,-466,-330,-117,120,333,467,498,407,223,-9,-240,-421,-496,-457,-312,-97,138,342,463,466,365,186,-36,-241,-385,-434,-371,-226,-34,163,310,380,362,251,82,-104,-259,-341,-332,-245,0,70,211,298,313,243,108,-47,-193,-289,-303,-239,-117,37,180,285,317,268,145,-18,-178,-282,-321,-289,-182,-22,140,270,339,322,234,90,-81,-232,-325,-343,-277,-145,16,168,277,319,283,180,41,-98,-211,-272,-266,-198,-98,21,138,211,226,187,102,-1,-94,-159,-185,-158,-89,-6,69,121,137,121,73,5,-68,-121,-136,-111,-58,4,60,104,127,108,61,0,-60,-108,-124,-108,-67,-16,48,95,119,117,87,28,-34,-81,-115,-124,-99,-52,7,63,102,113,99,67,17,-38,-80,-103,-101,-75,-35,17,67,103,117,107,79,32,-25,-77,-113,-135,-139,-120,233,265
29277,mtk,MTK 7916,2779957089,rx0-tx0,512,0,0,0,0,0,0,0,0,0,0,0,0,0,0,0,0,0,0,0,0,0,0,0,0,0,0,0,0,0,0,0,0,0,0,0,0,0,0,0,0,0,0,0,0,0,0,0,0,0,0,0,0,0,0,0,0,0,0,0,0,0,0,0,0,0,0,0,0,0,0,0,0,0,0,0,0,0,0,0,0,0,0,0,0,0,0,0,0,0,0,0,0,0,0,0,0,0,0,0,0,0,0,0,0,0,0,0,0,0,0,0,0,0,0,0,0,0,0,0,0,0,0,0,0,0,0,0,0,0,0,0,0,0,0,0,0,0,0,0,0,0,0,0,0,0,0,0,0,0,0,0,0,0,0,0,0,0,0,0,0,0,0,0,0,0,0,0,0,0,0,0,0,0,0,0,0,0,0,0,0,0,0,0,0,0,0,0,0,0,0,0,0,0,0,0,0,0,0,0,0,0,0,0,0,0,0,0,0,0,0,0,0,0,0,0,0,0,0,0,0,0,0,0,0,0,0,0,0,0,0,0,0,0,0,0,0,0,0,0,0,0,0,0,0,0,0,0,0,0,0,0,0,0,0,0,0,-273,298,121,-85,47,200,330,403,406,343,231,94,-53,-192,-312,-409,-472,-497,-466,-399,-296,-157,5,174,338,475,582,639,641,599,502,355,168,-49,-248,-437,-604,-718,-770,-768,-731,-610,-431,-235,-20,200,426,589,729,823,846,837,761,622,444,234,9,-229,-456,-659,-822,-929,-978,-959,-870,-727,-528,-281,-1,276,541,784,962,1070,1107,1067,956,770,524,249,-54,-353,-634,-864,-1028,-1117,-1130,-1066,-920,-705,-449,-163,123,404,644,826,948,1006,1001,918,780,599,383,147,-88,-300,-488,-634,-739,-796,-803,-764,-685,-571,-430,-274,-106,65,224,376,509,606,681,711,705,652,568,455,-1687,161,-19,-188,-344,-490,-606,-689,-738,-742,-695,-613,-507,-351,-190,-17,166,347,502,634,736,794,813,795,729,610,460,271,56,-172,-403,-623,-812,-960,-1059,-1090,-1047,-929,-743,-497,-197,122,453,765,1019,1218,1325,1341,1276,1103,842,510,131,-259,-629,-961,-1222,-1399,-1473,-1445,-1302,-1058,-743,-372,30,429,787,1083,1309,1433,1451,1357,1172,904,568,199,-190,-553,-875,-1135,-1304,-1382,-1359,-1231,-1010,-713,-368,13,382,728,1016,1220,1313,1298,1189,979,693,353,-21,-373,-689,-943,-1107,-1176,-1150,-1025,-817,-543,-229,97,409,681,885,1014,1060,1002,850,603,281,-85,-459,-784,-995,-1041,-898,-636,722,587,0,0,0,0,0,0,0,0,0,0,0,0,0,0,0,0,0,0,0,0,0,0,0,0,0,0,0,0,0,0,0,0,0,0,0,0,0,0,0,0,0,0,0,0,0,0,0,0,0,0,0,0,0,0,0,0,0,0,0,0,0,0,0,0,0,0,0,0,0,0,0,0,0,0,0,0,0,0,0,0,0,0,0,0,0,0,0,0,0,0,0,0,0,0,0,0,0,0,0,0,0,0,0,0,0,0,0,0,0,0,0,0,0,0,0,0,0,0,0,0,0,0,0,0,0,0,0,0,0,0,0,0,0,0,0,0,0,0,0,0,0,0,0,0,0,0,0,0,0,0,0,0,0,0,0,0,0,0,0,0,0,0,0,0,0,0,0,0,0,0,0,0,0,0,0,0,0,0,0,0,0,0,0,0,0,0,0,0,0,0,0,0,0,0,0,0,0,0,0,0,0,0,0,0,0,0,0,0,0,0,0,0,0,0,0,0,0,0,0,0,0,0,0,0,0,0,0,0,0,0,0,0,0,0,0,0,0,0,0,0,0,0,0,0,0,0,0,0,0,0,0,0,0,0,0,0,-1322,-1070,-1104,276,322,295,197,54,-109,-252,-365,-428,-445,-410,-331,-224,-95,52,198,329,443,523,558,546,488,380,239,57,-131,-321,-489,-618,-704,-725,-695,-617,-476,-284,-67,142,349,553,689,778,817,808,719,584,427,213,-10,-224,-444,-626,-770,-865,-907,-893,-814,-678,-491,-264,-14,248,492,707,886,1013,1059,1028,933,765,530,268,-20,-309,-590,-833,-1007,-1113,-1138,-1088,-960,-754,-496,-202,103,392,659,867,1015,1089,1082,1003,848,646,403,138,-130,-378,-579,-746,-854,-907,-895,-829,-715,-564,-387,-192,9,198,361,502,608,681,721,718,677,607,492,364,216,50,-114,-276,-420,-548,-175,-704,-720,-693,-633,-540,-409,-257,-86,97,270,416,553,665,727,757,751,693,596,470,307,134,-52,-241,-433,-610,-745,-859,-920,-925,-882,-775,-610,-402,-154,123,403,670,902,1086,1203,1234,1183,1031,809,525,185,-167,-532,-864,-1138,-1330,-1424,-1420,-1310,-1102,-807,-447,-60,335,718,1035,1276,1430,1476,1418,1245,990,662,285,-111,-489,-830,-1111,-1308,-1409,-1402,-1292,-1095,-813,-476,-110,269,626,938,1170,1315,1361,1298,1138,883,554,186,-180,-535,-845,-1075,-1222,-1258,-1182,-1023,-770,-464,-126,214,527,790,980,1082,1090,1004,828,589,304,-17,-342,-646,-890,-1041,-1081,-984,-746,-392,27,429,687,-850,-942
29278,mtk,MTK 7916,2779957089,rx0-tx1,512,0,0,0,0,0,0,0,0,0,0,0,0,0,0,0,0,0,0,0,0,0,0,0,0,0,0,0,0,0,0,0,0,0,0,0,0,0,0,0,0,0,0,0,0,0,0,0,0,0,0,0,0,0,0,0,0,0,0,0,0,0,0,0,0,0,0,0,0,0,0,0,0,0,0,0,0,0,0,0,0,0,0,0,0,0,0,0,0,0,0,0,0,0,0,0,0,0,0,0,0,0,0,0,0,0,0,0,0,0,0,0,0,0,0,0,0,0,0,0,0,0,0,0,0,0,0,0,0,0,0,0,0,0,0,0,0,0,0,0,0,0,0,0,0,0,0,0,0,0,0,0,0,0,0,0,0,0,0,0,0,0,0,0,0,0,0,0,0,0,0,0,0,0,0,0,0,0,0,0,0,0,0,0,0,0,0,0,0,0,0,0,0,0,0,0,0,0,0,0,0,0,0,0,0,0,0,0,0,0,0,0,0,0,0,0,0,0,0,0,0,0,0,0,0,0,0,0,0,0,0,0,0,0,0,0,0,0,0,0,0,0,0,0,0,0,0,0,0,0,0,0,0,0,0,0,0,-730,-55,-165,-67,-186,-288,-330,-307,-231,-114,19,154,273,363,420,429,407,339,230,104,-48,-199,-339,-469,-557,-608,-594,-534,-416,-256,-67,138,350,528,662,765,799,776,685,528,319,86,-152,-386,-606,-793,-900,-956,-958,-856,-701,-493,-239,30,308,566,793,955,1061,1091,1047,929,742,490,209,-91,-392,-661,-894,-1073,-1179,-1211,-1154,-1014,-805,-544,-239,89,407,707,962,1162,1284,1316,1262,1115,892,618,285,-68,-420,-750,-1023,-1244,-1372,-1404,-1339,-1185,-955,-648,-309,63,432,764,1049,1266,1393,1427,1368,1212,973,673,332,-39,-396,-734,-1020,-1232,-1363,-1409,-1356,-1216,-994,-715,-390,-36,312,643,-546,1156,1302,1367,1350,1248,1068,812,506,174,-179,-517,-826,-1085,-1269,-1378,-1397,-1324,-1167,-937,-635,-296,66,425,764,1056,1272,1413,1461,1405,1253,1025,720,376,-4,-378,-729,-1031,-1256,-1397,-1450,-1410,-1277,-1052,-760,-425,-54,317,665,970,1202,1354,1420,1386,1263,1057,779,452,99,-261,-608,-906,-1144,-1309,-1389,-1373,-1256,-1050,-775,-449,-82,282,630,939,1173,1319,1377,1328,1184,955,645,295,-76,-446,-781,-1041,-1223,-1313,-1298,-1179,-967,-677,-335,24,378,695,942,1110,1176,1138,1013,802,532,223,-90,-384,-634,-818,-935,-971,-920,-794,-602,-360,-93,187,454,682,850,919,878,721,443,95,-251,-495,226,140,0,0,0,0,0,0,0,0,0,0,0,0,0,0,0,0,0,0,0,0,0,0,0,0,0,0,0,0,0,0,0,0,0,0,0,0,0,0,0,0,0,0,0,0,0,0,0,0,0,0,0,0,0,0,0,0,0,0,0,0,0,0,0,0,0,0,0,0,0,0,0,0,0,0,0,0,0,0,0,0,0,0,0,0,0,0,0,0,0,0,0,0,0,0,0,0,0,0,0,0,0,0,0,0,0,0,0,0,0,0,0,0,0,0,0,0,0,0,0,0,0,0,0,0,0,0,0,0,0,0,0,0,0,0,0,0,0,0,0,0,0,0,0,0,0,0,0,0,0,0,0,0,0,0,0,0,0,0,0,0,0,0,0,0,0,0,0,0,0,0,0,0,0,0,0,0,0,0,0,0,0,0,0,0,0,0,0,0,0,0,0,0,0,0,0,0,0,0,0,0,0,0,0,0,0,0,0,0,0,0,0,0,0,0,0,0,0,0,0,0,0,0,0,0,0,0,0,0,0,0,0,0,0,0,0,0,0,0,0,0,0,0,0,0,0,0,0,0,0,0,0,0,0,0,0,0,-128,-640,-626,-233,-207,-117,18,154,276,356,382,361,296,203,77,-61,-196,-322,-417,-480,-510,-486,-425,-318,-173,1,183,356,510,628,700,711,657,531,383,188,-41,-272,-486,-673,-798,-861,-873,-820,-706,-514,-271,-34,234,491,706,883,996,1033,996,890,711,488,224,-64,-349,-617,-850,-1023,-1121,-1150,-1094,-965,-770,-513,-216,97,413,694,934,1112,1230,1257,1198,1068,851,584,267,-70,-413,-735,-1000,-1206,-1333,-1366,-1309,-1157,-933,-643,-297,63,429,761,1048,1264,1386,1426,1356,1196,970,665,313,-55,-423,-760,-1048,-1262,-1393,-1425,-1364,-1214,-983,-690,-349,4,365,692,974,1190,1336,1386,1349,1227,1197,758,431,93,-252,-579,-871,-1109,-1274,-1362,-1371,-1283,-1117,-872,-580,-240,114,469,789,1061,1266,1389,1429,1376,1229,987,688,340,-26,-407,-751,-1052,-1279,-1417,-1466,-1412,-1275,-1042,-743,-396,-27,345,703,1006,1235,1384,1442,1401,1274,1061,773,441,78,-291,-631,-931,-1169,-1326,-1397,-1374,-1257,-1052,-783,-466,-111,258,607,911,1148,1313,1385,1348,1230,1018,725,391,23,-351,-692,-987,-1206,-1327,-1355,-1280,-1101,-840,-520,-159,214,568,868,1097,1230,1258,1185,1013,762,457,113,-226,-535,-789,-969,-1061,-1061,-973,-801,-574,-307,-22,258,509,712,849,911,893,790,611,353,49,-275,-573,-794,-872,-795,-613,-567,-605
29279,mtk,MTK 7916,2779957089,rx1-tx0,512,0,0,0,0,0,0,0,0,0,0,0,0,0,0,0,0,0,0,0,0,0,0,0,0,0,0,0,0,0,0,0,0,0,0,0,0,0,0,0,0,0,0,0,0,0,0,0,0,0,0,0,0,0,0,0,0,0,0,0,0,0,0,0,0,0,0,0,0,0,0,0,0,0,0,0,0,0,0,0,0,0,0,0,0,0,0,0,0,0,0,0,0,0,0,0,0,0,0,0,0,0,0,0,0,0,0,0,0,0,0,0,0,0,0,0,0,0,0,0,0,0,0,0,0,0,0,0,0,0,0,0,0,0,0,0,0,0,0,0,0,0,0,0,0,0,0,0,0,0,0,0,0,0,0,0,0,0,0,0,0,0,0,0,0,0,0,0,0,0,0,0,0,0,0,0,0,0,0,0,0,0,0,0,0,0,0,0,0,0,0,0,0,0,0,0,0,0,0,0,0,0,0,0,0,0,0,0,0,0,0,0,0,0,0,0,0,0,0,0,0,0,0,0,0,0,0,0,0,0,0,0,0,0,0,0,0,0,0,0,0,0,0,0,0,0,0,0,0,0,0,0,0,0,0,0,0,146,-586,-443,160,147,88,-2,-97,-180,-229,-246,-217,-161,-86,1,79,162,225,254,268,251,203,135,56,-30,-124,-200,-256,-282,-282,-265,-217,-150,-72,15,94,169,223,251,256,235,202,144,90,28,-31,-75,-120,-158,-176,-173,-165,-143,-125,-95,-52,-21,3,24,47,65,85,88,93,93,95,96,90,88,83,67,60,43,16,-10,-48,-94,-139,-173,-205,-219,-223,-208,-170,-122,-51,28,111,196,263,319,351,347,317,270,191,86,-17,-128,-229,-314,-379,-411,-408,-378,-322,-231,-122,3,111,221,313,379,425,438,408,354,278,173,61,-57,-171,-274,-357,-416,-440,-431,-388,-144,-220,-113,1,121,234,322,387,428,436,405,338,253,154,38,-84,-192,-279,-346,-388,-399,-375,-331,-255,-162,-68,36,141,220,279,320,332,317,282,236,166,88,12,-65,-133,-194,-229,-245,-252,-238,-209,-171,-113,-58,-7,51,100,140,167,178,187,176,151,128,91,51,9,-31,-66,-92,-110,-126,-129,-129,-128,-109,-93,-74,-40,-6,22,56,77,99,122,136,143,138,123,104,71,31,-12,-72,-121,-155,-181,-193,-187,-162,-126,-74,-15,49,109,156,195,208,201,178,136,81,12,-54,-118,-167,-203,-210,-190,-159,-106,-42,31,109,163,193,203,177,110,29,-34,-860,-772,0,0,0,0,0,0,0,0,0,0,0,0,0,0,0,0,0,0,0,0,0,0,0,0,0,0,0,0,0,0,0,0,0,0,0,0,0,0,0,0,0,0,0,0,0,0,0,0,0,0,0,0,0,0,0,0,0,0,0,0,0,0,0,0,0,0,0,0,0,0,0,0,0,0,0,0,0,0,0,0,0,0,0,0,0,0,0,0,0,0,0,0,0,0,0,0,0,0,0,0,0,0,0,0,0,0,0,0,0,0,0,0,0,0,0,0,0,0,0,0,0,0,0,0,0,0,0,0,0,0,0,0,0,0,0,0,0,0,0,0,0,0,0,0,0,0,0,0,0,0,0,0,0,0,0,0,0,0,0,0,0,0,0,0,0,0,0,0,0,0,0,0,0,0,0,0,0,0,0,0,0,0,0,0,0,0,0,0,0,0,0,0,0,0,0,0,0,0,0,0,0,0,0,0,0,0,0,0,0,0,0,0,0,0,0,0,0,0,0,0,0,0,0,0,0,0,0,0,0,0,0,0,0,0,0,0,0,0,0,0,0,0,0,0,0,0,0,0,0,0,0,0,0,0,0,0,206,856,941,-40,-114,-186,-218,-207,-154,-73,25,121,191,239,251,245,210,141,61,-22,-109,-186,-242,-274,-288,-264,-211,-142,-54,28,114,192,242,273,276,256,213,147,73,-3,-71,-135,-186,-210,-224,-208,-188,-161,-120,-64,-16,32,66,87,119,127,125,122,114,104,90,65,45,30,11,1,-20,-34,-47,-73,-85,-103,-123,-136,-143,-151,-144,-122,-86,-42,10,67,136,195,244,279,290,284,249,191,126,32,-70,-169,-261,-336,-381,-392,-379,-330,-258,-161,-52,68,171,274,358,411,432,413,371,290,201,88,-28,-146,-246,-332,-396,-430,-428,-402,-337,-254,-153,-32,91,208,147,375,419,434,421,374,296,196,81,-41,-162,-264,-342,-401,-426,-417,-373,-301,-214,-104,10,116,214,290,338,363,372,339,279,206,122,30,-60,-136,-207,-262,-286,-290,-274,-242,-192,-131,-67,-4,67,118,165,200,215,216,206,175,141,96,51,3,-48,-85,-116,-142,-155,-157,-152,-134,-107,-86,-55,-19,8,43,67,86,108,121,122,124,126,110,92,66,30,-6,-48,-84,-121,-148,-161,-171,-166,-139,-108,-59,-1,62,114,156,188,202,200,179,145,85,15,-53,-114,-164,-196,-207,-197,-172,-126,-66,6,72,129,176,196,200,176,121,55,-18,-104,-162,-182,-172,494,621
29280,mtk,MTK 7916,2779957089,rx1-tx1,512,0,0,0,0,0,0,0,0,0,0,0,0,0,0,0,0,0,0,0,0,0,0,0,0,0,0,0,0,0,0,0,0,0,0,0,0,0,0,0,0,0,0,0,0,0,0,0,0,0,0,0,0,0,0,0,0,0,0,0,0,0,0,0,0,0,0,0,0,0,0,0,0,0,0,0,0,0,0,0,0,0,0,0,0,0,0,0,0,0,0,0,0,0,0,0,0,0,0,0,0,0,0,0,0,0,0,0,0,0,0,0,0,0,0,0,0,0,0,0,0,0,0,0,0,0,0,0,0,0,0,0,0,0,0,0,0,0,0,0,0,0,0,0,0,0,0,0,0,0,0,0,0,0,0,0,0,0,0,0,0,0,0,0,0,0,0,0,0,0,0,0,0,0,0,0,0,0,0,0,0,0,0,0,0,0,0,0,0,0,0,0,0,0,0,0,0,0,0,0,0,0,0,0,0,0,0,0,0,0,0,0,0,0,0,0,0,0,0,0,0,0,0,0,0,0,0,0,0,0,0,0,0,0,0,0,0,0,0,0,0,0,0,0,0,0,0,0,0,0,0,0,0,0,0,0,0,-411,-608,-591,9,14,20,28,31,32,30,20,1,-14,-26,-32,-37,-36,-23,-8,6,22,37,51,51,37,18,2,-14,-38,-56,-53,-41,-26,1,32,56,70,66,49,20,-15,-53,-80,-74,-55,-27,8,43,69,78,68,43,1,-44,-66,-63,-48,-28,-5,25,50,67,67,45,6,-34,-64,-73,-67,-43,3,45,76,88,79,46,0,-52,-91,-104,-92,-54,4,61,98,120,106,63,2,-59,-107,-134,-125,-82,-15,55,112,146,147,106,31,-48,-116,-159,-167,-128,-56,27,107,162,173,143,76,-11,-103,-168,-189,-165,-101,-5,96,177,215,203,139,39,-77,-178,0,-235,-181,-87,28,140,217,243,217,140,33,-83,-176,-228,-230,-190,-101,8,109,179,210,199,145,65,-25,-110,-171,-186,-169,-124,-50,25,90,136,154,142,109,58,-2,-55,-99,-124,-128,-104,-76,-29,30,86,134,154,149,119,60,-20,-97,-159,-184,-169,-121,-42,57,146,199,214,181,102,-8,-119,-209,-242,-229,-169,-63,60,182,264,284,240,144,11,-132,-247,-311,-303,-230,-99,57,208,309,342,301,193,42,-118,-246,-316,-325,-267,-147,5,146,254,301,285,210,90,-47,-167,-247,-272,-226,-135,-22,90,189,252,259,205,113,2,-114,-204,-262,-278,-251,-188,-532,-572,0,0,0,0,0,0,0,0,0,0,0,0,0,0,0,0,0,0,0,0,0,0,0,0,0,0,0,0,0,0,0,0,0,0,0,0,0,0,0,0,0,0,0,0,0,0,0,0,0,0,0,0,0,0,0,0,0,0,0,0,0,0,0,0,0,0,0,0,0,0,0,0,0,0,0,0,0,0,0,0,0,0,0,0,0,0,0,0,0,0,0,0,0,0,0,0,0,0,0,0,0,0,0,0,0,0,0,0,0,0,0,0,0,0,0,0,0,0,0,0,0,0,0,0,0,0,0,0,0,0,0,0,0,0,0,0,0,0,0,0,0,0,0,0,0,0,0,0,0,0,0,0,0,0,0,0,0,0,0,0,0,0,0,0,0,0,0,0,0,0,0,0,0,0,0,0,0,0,0,0,0,0,0,0,0,0,0,0,0,0,0,0,0,0,0,0,0,0,0,0,0,0,0,0,0,0,0,0,0,0,0,0,0,0,0,0,0,0,0,0,0,0,0,0,0,0,0,0,0,0,0,0,0,0,0,0,0,0,0,0,0,0,0,0,0,0,0,0,0,0,0,0,0,0,0,0,-92,111,217,-15,-14,-9,-4,0,11,23,33,35,33,25,15,-5,-20,-30,-40,-49,-42,-29,-12,13,38,55,58,49,33,8,-14,-37,-60,-67,-56,-34,-5,33,69,81,75,57,27,-13,-53,-72,-68,-60,-35,4,39,64,76,65,43,10,-21,-46,-61,-65,-43,-8,27,56,68,56,32,8,-29,-66,-85,-72,-45,4,52,82,91,83,51,-5,-58,-91,-102,-94,-60,-1,57,106,130,113,70,15,-51,-116,-147,-137,-87,-23,47,113,155,156,115,48,-40,-118,-163,-171,-137,-62,29,113,173,187,157,90,-8,-105,-176,-206,-188,-119,-20,84,170,222,218,155,0,-55,-153,-219,-234,-197,-109,3,111,201,244,231,165,62,-47,-144,-211,-227,-195,-126,-31,70,151,193,193,159,95,14,-70,-129,-161,-162,-130,-80,-17,46,99,128,135,117,80,34,-14,-63,-103,-128,-134,-108,-67,-13,49,111,153,169,147,88,8,-74,-142,-186,-192,-153,-78,19,121,210,247,217,133,23,-95,-189,-251,-257,-203,-103,29,164,264,303,274,189,55,-99,-230,-308,-326,-269,-149,8,159,273,330,315,236,99,-57,-199,-297,-329,-278,-176,-43,97,210,280,283,217,105,-14,-128,-212,-254,-238,-168,-68,51,165,244,270,255,195,103,1,-88,-167,-201,-112
29281,mtk,MTK 7916,2779957089,rx2-tx0,512,0,0,0,0,0,0,0,0,0,0,0,0,0,0,0,0,0,0,0,0,0,0,0,0,0,0,0,0,0,0,0,0,0,0,0,0,0,0,0,0,0,0,0,0,0,0,0,0,0,0,0,0,0,0,0,0,0,0,0,0,0,0,0,0,0,0,0,0,0,0,0,0,0,0,0,0,0,0,0,0,0,0,0,0,0,0,0,0,0,0,0,0,0,0,0,0,0,0,0,0,0,0,0,0,0,0,0,0,0,0,0,0,0,0,0,0,0,0,0,0,0,0,0,0,0,0,0,0,0,0,0,0,0,0,0,0,0,0,0,0,0,0,0,0,0,0,0,0,0,0,0,0,0,0,0,0,0,0,0,0,0,0,0,0,0,0,0,0,0,0,0,0,0,0,0,0,0,0,0,0,0,0,0,0,0,0,0,0,0,0,0,0,0,0,0,0,0,0,0,0,0,0,0,0,0,0,0,0,0,0,0,0,0,0,0,0,0,0,0,0,0,0,0,0,0,0,0,0,0,0,0,0,0,0,0,0,0,0,0,0,0,0,0,0,0,0,0,0,0,0,0,0,0,0,0,0,-136,-365,-291,62,63,55,40,12,-16,-46,-71,-92,-101,-90,-62,-19,24,69,106,129,127,102,50,-22,-92,-147,-173,-170,-131,-61,27,120,193,232,229,172,67,-47,-157,-241,-273,-245,-162,-28,112,225,285,294,233,119,-29,-168,-282,-332,-299,-185,-37,125,256,335,341,257,102,-76,-233,-343,-368,-304,-164,20,202,338,394,346,214,31,-171,-335,-410,-383,-266,-84,122,302,417,427,331,151,-67,-273,-415,-459,-391,-225,-7,214,378,460,433,304,99,-128,-318,-435,-441,-337,-158,60,253,384,419,350,195,-1,-197,-338,-393,-351,-228,-46,141,295,376,360,252,84,-102,-258,0,-366,-279,-124,59,224,332,367,316,181,5,-174,-309,-371,-347,-243,-74,111,263,362,378,305,160,-17,-194,-329,-392,-364,-250,-86,98,260,367,397,337,202,24,-155,-305,-386,-384,-302,-158,27,202,335,401,377,278,118,-62,-232,-356,-406,-366,-247,-79,103,263,370,390,324,189,15,-161,-304,-374,-354,-256,-109,61,211,315,343,288,176,26,-131,-258,-318,-301,-221,-90,67,205,291,309,253,136,-10,-151,-258,-310,-284,-194,-56,91,217,297,310,249,138,-3,-149,-257,-313,-300,-219,-91,47,175,269,311,291,209,85,-53,-182,-276,-321,-319,-269,-181,-73,28,127,-554,-504,0,0,0,0,0,0,0,0,0,0,0,0,0,0,0,0,0,0,0,0,0,0,0,0,0,0,0,0,0,0,0,0,0,0,0,0,0,0,0,0,0,0,0,0,0,0,0,0,0,0,0,0,0,0,0,0,0,0,0,0,0,0,0,0,0,0,0,0,0,0,0,0,0,0,0,0,0,0,0,0,0,0,0,0,0,0,0,0,0,0,0,0,0,0,0,0,0,0,0,0,0,0,0,0,0,0,0,0,0,0,0,0,0,0,0,0,0,0,0,0,0,0,0,0,0,0,0,0,0,0,0,0,0,0,0,0,0,0,0,0,0,0,0,0,0,0,0,0,0,0,0,0,0,0,0,0,0,0,0,0,0,0,0,0,0,0,0,0,0,0,0,0,0,0,0,0,0,0,0,0,0,0,0,0,0,0,0,0,0,0,0,0,0,0,0,0,0,0,0,0,0,0,0,0,0,0,0,0,0,0,0,0,0,0,0,0,0,0,0,0,0,0,0,0,0,0,0,0,0,0,0,0,0,0,0,0,0,0,0,0,0,0,0,0,0,0,0,0,0,0,0,0,0,0,0,0,1335,498,567,10,34,53,71,84,90,79,62,29,-13,-55,-86,-109,-114,-93,-50,-1,51,109,144,156,141,94,18,-64,-141,-195,-203,-176,-113,-23,87,182,244,249,203,110,-15,-137,-233,-284,-275,-199,-75,71,203,290,312,269,161,7,-146,-274,-331,-311,-225,-75,95,246,343,353,278,137,-44,-221,-340,-379,-323,-187,-3,180,329,401,366,240,53,-150,-323,-413,-404,-296,-122,93,291,416,441,365,197,-25,-243,-401,-465,-416,-270,-57,171,356,451,439,322,128,-93,-290,-410,-433,-347,-182,23,217,359,412,356,216,26,-167,-319,-388,-356,-233,-62,127,279,363,357,260,0,-82,-252,-354,-366,-292,-149,34,205,329,372,327,208,39,-141,-290,-366,-361,-270,-116,64,227,344,380,333,209,27,-153,-301,-388,-383,-296,-143,37,211,339,395,363,255,94,-91,-254,-364,-398,-350,-219,-46,132,284,382,404,333,190,10,-168,-318,-391,-379,-290,-137,48,216,335,382,341,226,66,-108,-259,-343,-346,-278,-149,10,168,283,328,296,197,55,-99,-228,-302,-305,-237,-112,41,183,280,311,273,169,23,-130,-248,-305,-296,-220,-94,54,186,282,310,274,183,49,-99,-219,-297,-312,-257,-152,-20,119,237,305,316,264,168,48,-80,-190,-270,-307,-296,-245,252,337
29282,mtk,MTK 7916,2779957089,rx2-tx1,512,0,0,0,0,0,0,0,0,0,0,0,0,0,0,0,0,0,0,0,0,0,0,0,0,0,0,0,0,0,0,0,0,0,0,0,0,0,0,0,0,0,0,0,0,0,0,0,0,0,0,0,0,0,0,0,0,0,0,0,0,0,0,0,0,0,0,0,0,0,0,0,0,0,0,0,0,0,0,0,0,0,0,0,0,0,0,0,0,0,0,0,0,0,0,0,0,0,0,0,0,0,0,0,0,0,0,0,0,0,0,0,0,0,0,0,0,0,0,0,0,0,0,0,0,0,0,0,0,0,0,0,0,0,0,0,0,0,0,0,0,0,0,0,0,0,0,0,0,0,0,0,0,0,0,0,0,0,0,0,0,0,0,0,0,0,0,0,0,0,0,0,0,0,0,0,0,0,0,0,0,0,0,0,0,0,0,0,0,0,0,0,0,0,0,0,0,0,0,0,0,0,0,0,0,0,0,0,0,0,0,0,0,0,0,0,0,0,0,0,0,0,0,0,0,0,0,0,0,0,0,0,0,0,0,0,0,0,0,0,0,0,0,0,0,0,0,0,0,0,0,0,0,0,0,0,0,236,-138,-91,57,53,39,17,-12,-43,-64,-76,-82,-74,-46,-10,28,59,73,73,57,25,-18,-58,-84,-89,-63,-23,18,61,102,113,91,44,-16,-77,-121,-134,-115,-63,12,87,144,165,145,81,-6,-85,-153,-189,-182,-128,-29,90,186,241,232,164,45,-82,-206,-273,-273,-206,-89,67,220,318,341,274,134,-39,-208,-340,-389,-345,-206,-10,199,356,427,394,272,79,-140,-339,-455,-455,-335,-143,87,298,435,468,395,219,-21,-252,-418,-484,-434,-279,-53,181,367,464,447,317,110,-119,-314,-432,-436,-321,-136,72,256,376,396,315,156,-34,-210,-334,-368,-296,-150,21,184,0,321,266,136,-28,-188,-297,-325,-256,-121,36,187,290,311,250,120,-46,-195,-298,-332,-274,-140,29,192,307,338,292,171,2,-160,-282,-336,-310,-198,-43,116,243,314,305,216,80,-72,-201,-277,-283,-219,-102,33,149,225,241,194,97,-13,-112,-176,-192,-154,-86,4,87,143,157,124,58,-18,-85,-124,-127,-95,-32,39,93,121,115,80,27,-37,-99,-126,-115,-77,-24,39,91,116,106,72,24,-25,-68,-103,-112,-86,-36,15,59,94,104,83,47,-1,-52,-88,-96,-83,-52,-14,30,70,90,80,51,9,-34,-71,-94,-95,-77,-41,0,42,81,105,117,108,-272,-229,0,0,0,0,0,0,0,0,0,0,0,0,0,0,0,0,0,0,0,0,0,0,0,0,0,0,0,0,0,0,0,0,0,0,0,0,0,0,0,0,0,0,0,0,0,0,0,0,0,0,0,0,0,0,0,0,0,0,0,0,0,0,0,0,0,0,0,0,0,0,0,0,0,0,0,0,0,0,0,0,0,0,0,0,0,0,0,0,0,0,0,0,0,0,0,0,0,0,0,0,0,0,0,0,0,0,0,0,0,0,0,0,0,0,0,0,0,0,0,0,0,0,0,0,0,0,0,0,0,0,0,0,0,0,0,0,0,0,0,0,0,0,0,0,0,0,0,0,0,0,0,0,0,0,0,0,0,0,0,0,0,0,0,0,0,0,0,0,0,0,0,0,0,0,0,0,0,0,0,0,0,0,0,0,0,0,0,0,0,0,0,0,0,0,0,0,0,0,0,0,0,0,0,0,0,0,0,0,0,0,0,0,0,0,0,0,0,0,0,0,0,0,0,0,0,0,0,0,0,0,0,0,0,0,0,0,0,0,0,0,0,0,0,0,0,0,0,0,0,0,0,0,0,0,0,0,-351,304,312,28,44,61,77,79,70,49,24,-11,-49,-78,-88,-76,-50,-18,22,58,78,79,56,17,-23,-59,-94,-103,-83,-40,18,73,114,124,102,52,-15,-84,-124,-137,-129,-79,3,87,154,185,168,106,15,-88,-169,-218,-211,-145,-36,93,199,256,255,187,67,-79,-209,-298,-312,-251,-116,53,213,325,366,310,175,-12,-204,-354,-421,-380,-240,-40,170,349,440,428,313,116,-113,-316,-450,-475,-377,-178,57,278,438,492,420,245,15,-213,-394,-479,-441,-295,-82,156,350,457,441,316,126,-94,-293,-409,-412,-320,-154,47,236,353,373,300,158,-25,-197,-310,-341,-277,0,25,182,291,318,256,126,-39,-195,-294,-316,-262,-132,41,197,298,322,262,125,-39,-196,-307,-337,-277,-152,8,173,301,348,296,183,31,-137,-270,-331,-306,-213,-62,99,227,297,294,219,97,-49,-177,-249,-259,-206,-104,16,122,190,212,180,102,3,-90,-159,-172,-137,-72,6,81,125,129,102,44,-24,-85,-121,-120,-86,-25,37,87,119,116,80,23,-40,-93,-124,-118,-80,-26,35,88,115,115,91,44,-19,-75,-112,-115,-86,-44,8,59,93,104,88,49,2,-47,-81,-91,-77,-52,-11,34,70,89,86,62,24,-22,-66,-96,-108,-104,-82,-42,2,44,233,265
29283,mtk,MTK 7916,2780016823,rx0-tx0,512,0,0,0,0,0,0,0,0,0,0,0,0,0,0,0,0,0,0,0,0,0,0,0,0,0,0,0,0,0,0,0,0,0,0,0,0,0,0,0,0,0,0,0,0,0,0,0,0,0,0,0,0,0,0,0,0,0,0,0,0,0,0,0,0,0,0,0,0,0,0,0,0,0,0,0,0,0,0,0,0,0,0,0,0,0,0,0,0,0,0,0,0,0,0,0,0,0,0,0,0,0,0,0,0,0,0,0,0,0,0,0,0,0,0,0,0,0,0,0,0,0,0,0,0,0,0,0,0,0,0,0,0,0,0,0,0,0,0,0,0,0,0,0,0,0,0,0,0,0,0,0,0,0,0,0,0,0,0,0,0,0,0,0,0,0,0,0,0,0,0,0,0,0,0,0,0,0,0,0,0,0,0,0,0,0,0,0,0,0,0,0,0,0,0,0,0,0,0,0,0,0,0,0,0,0,0,0,0,0,0,0,0,0,0,0,0,0,0,0,0,0,0,0,0,0,0,0,0,0,0,0,0,0,0,0,0,0,0,0,0,0,0,0,0,0,0,0,0,0,0,0,0,0,0,0,0,-273,298,121,182,69,-90,-246,-358,-403,-380,-304,-179,-35,113,256,364,441,479,459,400,298,157,-2,-176,-338,-471,-568,-611,-597,-528,-402,-232,-29,183,370,538,658,718,713,647,531,351,149,-63,-273,-462,-612,-713,-767,-753,-689,-570,-406,-203,15,243,454,631,766,851,868,814,701,523,300,61,-200,-455,-670,-840,-952,-982,-929,-810,-618,-375,-98,188,462,703,880,991,1022,965,842,639,392,122,-165,-426,-649,-822,-922,-950,-906,-787,-615,-401,-162,86,306,499,656,747,786,767,699,586,440,271,93,-85,-253,-394,-510,-598,-650,-658,-626,-556,-453,-330,-174,-16,152,312,449,568,-1687,697,681,634,537,400,237,57,-131,-313,-476,-612,-709,-755,-756,-708,-605,-468,-291,-92,118,328,519,692,819,889,901,858,746,563,350,98,-182,-447,-697,-917,-1068,-1132,-1111,-1007,-818,-555,-232,121,464,784,1046,1224,1317,1306,1180,960,654,288,-107,-506,-858,-1133,-1316,-1402,-1366,-1219,-971,-645,-269,136,528,878,1149,1316,1378,1337,1178,919,598,230,-165,-541,-866,-1123,-1291,-1339,-1277,-1106,-844,-518,-131,268,625,941,1166,1278,1273,1155,933,617,260,-120,-478,-787,-1017,-1144,-1156,-1060,-867,-591,-279,52,372,644,863,992,1021,949,781,535,226,-126,-467,-770,-982,-1043,-938,-670,-277,91,722,587,0,0,0,0,0,0,0,0,0,0,0,0,0,0,0,0,0,0,0,0,0,0,0,0,0,0,0,0,0,0,0,0,0,0,0,0,0,0,0,0,0,0,0,0,0,0,0,0,0,0,0,0,0,0,0,0,0,0,0,0,0,0,0,0,0,0,0,0,0,0,0,0,0,0,0,0,0,0,0,0,0,0,0,0,0,0,0,0,0,0,0,0,0,0,0,0,0,0,0,0,0,0,0,0,0,0,0,0,0,0,0,0,0,0,0,0,0,0,0,0,0,0,0,0,0,0,0,0,0,0,0,0,0,0,0,0,0,0,0,0,0,0,0,0,0,0,0,0,0,0,0,0,0,0,0,0,0,0,0,0,0,0,0,0,0,0,0,0,0,0,0,0,0,0,0,0,0,0,0,0,0,0,0,0,0,0,0,0,0,0,0,0,0,0,0,0,0,0,0,0,0,0,0,0,0,0,0,0,0,0,0,0,0,0,0,0,0,0,0,0,0,0,0,0,0,0,0,0,0,0,0,0,0,0,0,0,0,0,0,0,0,0,0,0,0,0,0,0,0,0,0,0,0,0,0,0,-1322,-1070,-1104,-221,-314,-342,-286,-163,-4,150,287,386,433,434,377,278,150,-1,-154,-293,-416,-500,-539,-527,-459,-346,-191,-9,182,362,519,626,681,662,588,464,284,77,-139,-342,-523,-662,-731,-747,-704,-602,-450,-269,-58,160,367,547,687,773,805,780,688,550,364,148,-96,-334,-548,-733,-850,-914,-914,-827,-675,-467,-217,56,327,575,791,938,1008,1004,915,752,526,260,-32,-315,-576,-792,-933,-1007,-992,-894,-735,-519,-266,-1,261,496,677,808,872,865,793,673,503,305,97,-111,-303,-460,-579,-660,-699,-694,-641,-549,-435,-295,-138,27,193,343,471,572,638,663,653,591,496,373,-175,43,-137,-307,-469,-593,-678,-722,-718,-666,-571,-433,-261,-68,123,321,500,644,753,811,819,767,669,522,326,101,-133,-370,-601,-786,-918,-1009,-1015,-938,-802,-594,-328,-26,290,592,863,1074,1205,1239,1173,1016,762,443,86,-290,-650,-956,-1196,-1341,-1380,-1302,-1106,-821,-474,-81,323,694,1010,1239,1375,1395,1296,1093,793,432,51,-340,-707,-1007,-1224,-1342,-1352,-1242,-1033,-747,-389,1,383,741,1024,1229,1326,1286,1148,913,585,213,-181,-546,-864,-1091,-1212,-1223,-1119,-915,-625,-285,79,419,718,931,1046,1071,989,819,579,274,-47,-361,-641,-856,-996,-1023,-924,-713,-376,24,424,748,914,892,-850,-942
29284,mtk,MTK 7916,2780016823,rx0-tx1,512,0,0,0,0,0,0,0,0,0,0,0,0,0,0,0,0,0,0,0,0,0,0,0,0,0,0,0,0,0,0,0,0,0,0,0,0,0,0,0,0,0,0,0,0,0,0,0,0,0,0,0,0,0,0,0,0,0,0,0,0,0,0,0,0,0,0,0,0,0,0,0,0,0,0,0,0,0,0,0,0,0,0,0,0,0,0,0,0,0,0,0,0,0,0,0,0,0,0,0,0,0,0,0,0,0,0,0,0,0,0,0,0,0,0,0,0,0,0,0,0,0,0,0,0,0,0,0,0,0,0,0,0,0,0,0,0,0,0,0,0,0,0,0,0,0,0,0,0,0,0,0,0,0,0,0,0,0,0,0,0,0,0,0,0,0,0,0,0,0,0,0,0,0,0,0,0,0,0,0,0,0,0,0,0,0,0,0,0,0,0,0,0,0,0,0,0,0,0,0,0,0,0,0,0,0,0,0,0,0,0,0,0,0,0,0,0,0,0,0,0,0,0,0,0,0,0,0,0,0,0,0,0,0,0,0,0,0,0,0,0,0,0,0,0,0,0,0,0,0,0,0,0,0,0,0,0,-730,-55,-165,7,145,279,358,362,291,172,26,-131,-271,-383,-442,-457,-423,-338,-222,-77,90,254,401,521,589,596,550,452,291,100,-107,-312,-499,-647,-739,-774,-731,-619,-445,-228,10,264,495,688,833,907,899,830,686,468,215,-59,-343,-599,-810,-962,-1034,-1026,-935,-774,-537,-254,46,352,625,858,1032,1127,1134,1050,893,659,366,47,-280,-589,-861,-1076,-1204,-1246,-1201,-1063,-829,-538,-199,178,523,841,1111,1285,1368,1348,1217,991,687,322,-72,-463,-825,-1122,-1334,-1446,-1445,-1324,-1108,-799,-427,-25,385,760,1080,1316,1446,1464,1378,1176,886,541,141,-259,-637,-970,-1221,-1381,-1442,-1387,-1230,-980,-546,-301,87,457,801,1086,1290,1391,1400,1310,1112,837,506,126,-252,-618,-942,-1193,-1357,-1427,-1388,-1244,-1010,-703,-340,52,441,803,1102,1315,1434,1451,1344,1138,856,507,123,-274,-648,-974,-1226,-1386,-1449,-1387,-1229,-984,-651,-282,114,508,851,1124,1321,1413,1403,1287,1066,762,408,31,-366,-725,-1022,-1247,-1376,-1395,-1313,-1123,-837,-494,-107,291,661,981,1225,1367,1395,1309,1115,823,457,60,-340,-722,-1026,-1242,-1355,-1337,-1209,-971,-637,-256,148,526,854,1092,1221,1232,1128,917,623,286,-72,-408,-693,-899,-1015,-1035,-948,-774,-540,-259,41,331,588,786,910,929,839,646,353,-1,-361,-653,-809,-803,226,140,0,0,0,0,0,0,0,0,0,0,0,0,0,0,0,0,0,0,0,0,0,0,0,0,0,0,0,0,0,0,0,0,0,0,0,0,0,0,0,0,0,0,0,0,0,0,0,0,0,0,0,0,0,0,0,0,0,0,0,0,0,0,0,0,0,0,0,0,0,0,0,0,0,0,0,0,0,0,0,0,0,0,0,0,0,0,0,0,0,0,0,0,0,0,0,0,0,0,0,0,0,0,0,0,0,0,0,0,0,0,0,0,0,0,0,0,0,0,0,0,0,0,0,0,0,0,0,0,0,0,0,0,0,0,0,0,0,0,0,0,0,0,0,0,0,0,0,0,0,0,0,0,0,0,0,0,0,0,0,0,0,0,0,0,0,0,0,0,0,0,0,0,0,0,0,0,0,0,0,0,0,0,0,0,0,0,0,0,0,0,0,0,0,0,0,0,0,0,0,0,0,0,0,0,0,0,0,0,0,0,0,0,0,0,0,0,0,0,0,0,0,0,0,0,0,0,0,0,0,0,0,0,0,0,0,0,0,0,0,0,0,0,0,0,0,0,0,0,0,0,0,0,0,0,0,0,-128,-640,-626,262,263,182,43,-119,-264,-362,-411,-400,-337,-228,-88,59,211,346,445,510,521,474,385,249,76,-110,-290,-461,-594,-669,-687,-639,-528,-358,-156,72,302,511,682,794,847,821,716,552,339,84,-181,-432,-668,-841,-942,-982,-939,-810,-618,-367,-84,207,490,740,935,1052,1086,1040,909,715,455,154,-166,-472,-748,-977,-1127,-1194,-1171,-1058,-861,-597,-280,51,386,713,980,1170,1291,1300,1207,1041,775,446,80,-298,-663,-984,-1231,-1385,-1421,-1355,-1182,-913,-575,-182,230,621,962,1235,1413,1474,1423,1258,1000,664,275,-131,-524,-885,-1163,-1357,-1451,-1425,-1300,-1079,-769,-416,-23,365,727,1034,1197,1391,1410,1340,1169,910,576,205,-169,-539,-871,-1129,-1316,-1404,-1384,-1270,-1060,-766,-420,-44,341,702,1011,1250,1395,1438,1375,1207,944,608,234,-167,-557,-894,-1171,-1363,-1453,-1429,-1298,-1071,-761,-400,-1,399,751,1061,1281,1403,1437,1353,1156,882,536,150,-236,-615,-942,-1195,-1346,-1410,-1365,-1205,-964,-646,-275,115,499,851,1126,1311,1402,1372,1233,997,680,302,-98,-492,-844,-1130,-1315,-1387,-1348,-1186,-916,-574,-181,227,602,933,1175,1300,1304,1183,959,650,288,-96,-462,-777,-1005,-1128,-1143,-1043,-849,-584,-278,50,359,619,813,931,954,883,726,496,208,-115,-418,-687,-873,-936,-847,-608,-265,63,-567,-605
29285,mtk,MTK 7916,2780016823,rx1-tx0,512,0,0,0,0,0,0,0,0,0,0,0,0,0,0,0,0,0,0,0,0,0,0,0,0,0,0,0,0,0,0,0,0,0,0,0,0,0,0,0,0,0,0,0,0,0,0,0,0,0,0,0,0,0,0,0,0,0,0,0,0,0,0,0,0,0,0,0,0,0,0,0,0,0,0,0,0,0,0,0,0,0,0,0,0,0,0,0,0,0,0,0,0,0,0,0,0,0,0,0,0,0,0,0,0,0,0,0,0,0,0,0,0,0,0,0,0,0,0,0,0,0,0,0,0,0,0,0,0,0,0,0,0,0,0,0,0,0,0,0,0,0,0,0,0,0,0,0,0,0,0,0,0,0,0,0,0,0,0,0,0,0,0,0,0,0,0,0,0,0,0,0,0,0,0,0,0,0,0,0,0,0,0,0,0,0,0,0,0,0,0,0,0,0,0,0,0,0,0,0,0,0,0,0,0,0,0,0,0,0,0,0,0,0,0,0,0,0,0,0,0,0,0,0,0,0,0,0,0,0,0,0,0,0,0,0,0,0,0,0,0,0,0,0,0,0,0,0,0,0,0,0,0,0,0,0,0,146,-586,-443,-150,-170,-134,-55,43,138,201,234,230,190,130,42,-47,-132,-204,-251,-265,-252,-208,-132,-48,40,130,201,250,279,264,228,170,90,-1,-75,-143,-202,-239,-245,-228,-196,-138,-75,-10,49,101,144,171,179,161,137,108,82,49,14,-14,-38,-55,-69,-88,-92,-87,-82,-75,-73,-73,-70,-57,-48,-36,-8,13,45,82,119,151,169,191,202,180,139,90,23,-46,-129,-207,-274,-322,-348,-330,-282,-198,-98,14,142,252,339,405,425,414,361,271,168,34,-100,-221,-333,-418,-453,-447,-416,-342,-231,-109,21,159,278,358,424,450,434,387,304,204,78,-53,-172,-272,-144,-419,-427,-408,-355,-267,-161,-44,82,198,289,363,397,385,356,297,221,116,12,-94,-193,-258,-312,-341,-329,-300,-245,-178,-93,5,88,158,208,254,273,268,239,196,139,82,17,-54,-104,-147,-179,-202,-203,-183,-163,-125,-79,-41,10,58,97,132,156,169,159,144,124,91,54,20,-17,-51,-78,-107,-126,-129,-137,-124,-105,-81,-56,-25,11,51,82,114,137,146,155,152,120,86,39,-16,-66,-116,-159,-181,-189,-179,-149,-101,-49,17,83,136,173,184,189,172,126,74,4,-63,-115,-150,-176,-184,-155,-115,-67,-7,46,100,144,162,156,124,80,9,-56,-96,-860,-772,0,0,0,0,0,0,0,0,0,0,0,0,0,0,0,0,0,0,0,0,0,0,0,0,0,0,0,0,0,0,0,0,0,0,0,0,0,0,0,0,0,0,0,0,0,0,0,0,0,0,0,0,0,0,0,0,0,0,0,0,0,0,0,0,0,0,0,0,0,0,0,0,0,0,0,0,0,0,0,0,0,0,0,0,0,0,0,0,0,0,0,0,0,0,0,0,0,0,0,0,0,0,0,0,0,0,0,0,0,0,0,0,0,0,0,0,0,0,0,0,0,0,0,0,0,0,0,0,0,0,0,0,0,0,0,0,0,0,0,0,0,0,0,0,0,0,0,0,0,0,0,0,0,0,0,0,0,0,0,0,0,0,0,0,0,0,0,0,0,0,0,0,0,0,0,0,0,0,0,0,0,0,0,0,0,0,0,0,0,0,0,0,0,0,0,0,0,0,0,0,0,0,0,0,0,0,0,0,0,0,0,0,0,0,0,0,0,0,0,0,0,0,0,0,0,0,0,0,0,0,0,0,0,0,0,0,0,0,0,0,0,0,0,0,0,0,0,0,0,0,0,0,0,0,0,0,206,856,941,-28,55,145,205,221,188,115,27,-69,-148,-215,-252,-252,-221,-161,-81,3,89,173,235,266,270,245,188,115,23,-72,-150,-216,-261,-269,-246,-213,-153,-83,-3,67,132,182,205,211,198,172,130,80,30,-16,-53,-80,-105,-124,-130,-117,-102,-83,-69,-60,-31,-17,1,18,27,41,53,68,75,93,107,118,123,117,100,71,36,-5,-65,-131,-182,-228,-258,-268,-258,-218,-149,-65,39,147,239,313,358,386,378,320,239,129,1,-125,-251,-343,-417,-453,-438,-388,-313,-203,-69,61,192,313,395,436,454,427,354,263,152,24,-104,-225,-322,-397,-443,-440,-400,-329,147,-121,5,124,238,325,383,415,410,369,297,206,84,-32,-142,-237,-315,-359,-368,-354,-303,-236,-160,-56,40,130,208,264,307,310,287,245,190,122,40,-37,-107,-161,-202,-222,-232,-219,-190,-160,-115,-57,7,58,98,141,165,177,183,162,137,104,65,16,-25,-61,-94,-119,-132,-138,-140,-126,-108,-83,-46,-23,10,45,76,101,122,137,141,131,117,96,60,23,-15,-68,-114,-143,-168,-172,-165,-140,-100,-50,9,68,125,169,189,198,179,145,91,31,-30,-99,-149,-179,-196,-181,-150,-105,-54,16,81,124,156,168,161,136,86,19,-47,-101,-138,-149,-121,-85,494,621
29286,mtk,MTK 7916,2780016823,rx1-tx1,512,0,0,0,0,0,0,0,0,0,0,0,0,0,0,0,0,0,0,0,0,0,0,0,0,0,0,0,0,0,0,0,0,0,0,0,0,0,0,0,0,0,0,0,0,0,0,0,0,0,0,0,0,0,0,0,0,0,0,0,0,0,0,0,0,0,0,0,0,0,0,0,0,0,0,0,0,0,0,0,0,0,0,0,0,0,0,0,0,0,0,0,0,0,0,0,0,0,0,0,0,0,0,0,0,0,0,0,0,0,0,0,0,0,0,0,0,0,0,0,0,0,0,0,0,0,0,0,0,0,0,0,0,0,0,0,0,0,0,0,0,0,0,0,0,0,0,0,0,0,0,0,0,0,0,0,0,0,0,0,0,0,0,0,0,0,0,0,0,0,0,0,0,0,0,0,0,0,0,0,0,0,0,0,0,0,0,0,0,0,0,0,0,0,0,0,0,0,0,0,0,0,0,0,0,0,0,0,0,0,0,0,0,0,0,0,0,0,0,0,0,0,0,0,0,0,0,0,0,0,0,0,0,0,0,0,0,0,0,0,0,0,0,0,0,0,0,0,0,0,0,0,0,0,0,0,0,-411,-608,-591,-7,-11,-20,-27,-33,-35,-33,-28,-20,-3,16,34,48,53,50,40,17,-9,-31,-48,-60,-60,-47,-22,7,38,64,80,79,62,32,-9,-52,-78,-86,-84,-69,-35,15,55,83,98,89,54,5,-39,-71,-90,-98,-81,-40,6,46,82,99,84,50,6,-43,-85,-100,-86,-62,-23,28,71,87,91,72,32,-20,-60,-86,-87,-70,-41,-1,42,78,88,75,47,7,-40,-77,-92,-81,-51,-4,46,82,93,82,51,7,-44,-88,-109,-105,-67,-10,48,99,135,137,101,34,-37,-104,-143,-150,-123,-67,12,92,149,177,162,106,27,-56,-131,-182,-190,-157,0,5,94,163,197,189,140,59,-30,-114,-177,-198,-175,-116,-38,44,116,159,174,150,98,24,-49,-104,-133,-140,-121,-80,-30,15,56,88,107,110,92,55,16,-18,-42,-68,-86,-97,-92,-73,-31,19,62,102,128,127,103,57,-12,-77,-126,-155,-159,-126,-63,24,109,171,199,185,126,35,-71,-171,-233,-252,-212,-124,-1,122,221,285,281,213,105,-37,-174,-274,-318,-296,-208,-73,83,214,306,332,289,189,53,-95,-230,-315,-329,-280,-173,-29,114,228,295,297,238,135,5,-128,-223,-273,-263,-195,-90,27,143,237,278,267,208,112,-10,-129,-225,-278,-295,-273,-532,-572,0,0,0,0,0,0,0,0,0,0,0,0,0,0,0,0,0,0,0,0,0,0,0,0,0,0,0,0,0,0,0,0,0,0,0,0,0,0,0,0,0,0,0,0,0,0,0,0,0,0,0,0,0,0,0,0,0,0,0,0,0,0,0,0,0,0,0,0,0,0,0,0,0,0,0,0,0,0,0,0,0,0,0,0,0,0,0,0,0,0,0,0,0,0,0,0,0,0,0,0,0,0,0,0,0,0,0,0,0,0,0,0,0,0,0,0,0,0,0,0,0,0,0,0,0,0,0,0,0,0,0,0,0,0,0,0,0,0,0,0,0,0,0,0,0,0,0,0,0,0,0,0,0,0,0,0,0,0,0,0,0,0,0,0,0,0,0,0,0,0,0,0,0,0,0,0,0,0,0,0,0,0,0,0,0,0,0,0,0,0,0,0,0,0,0,0,0,0,0,0,0,0,0,0,0,0,0,0,0,0,0,0,0,0,0,0,0,0,0,0,0,0,0,0,0,0,0,0,0,0,0,0,0,0,0,0,0,0,0,0,0,0,0,0,0,0,0,0,0,0,0,0,0,0,0,0,-92,111,217,18,20,17,14,6,-6,-21,-30,-36,-44,-48,-36,-16,6,24,45,62,65,53,34,6,-23,-49,-65,-73,-64,-44,-10,25,61,83,89,75,47,9,-26,-64,-84,-84,-65,-36,-1,40,80,101,95,63,24,-15,-59,-95,-97,-75,-44,0,50,84,99,91,62,13,-30,-71,-96,-95,-68,-30,16,60,86,89,73,39,-8,-51,-79,-86,-74,-46,-5,43,74,89,83,52,5,-39,-76,-87,-79,-54,-6,48,83,96,86,56,8,-48,-97,-122,-115,-79,-21,46,104,134,134,108,51,-23,-94,-148,-166,-142,-90,-15,72,142,176,175,135,61,-33,-122,0,-197,-175,-115,-33,59,139,191,197,159,91,4,-85,-151,-187,-184,-143,-74,3,75,127,152,149,120,65,-1,-57,-98,-121,-115,-92,-67,-30,13,52,77,93,93,83,63,28,-12,-43,-78,-109,-118,-102,-66,-17,43,94,133,149,139,94,30,-53,-132,-178,-189,-164,-102,-15,82,161,206,215,176,87,-27,-136,-226,-268,-245,-169,-52,80,204,286,309,260,149,6,-137,-252,-319,-322,-260,-136,20,168,279,339,329,249,123,-31,-175,-272,-315,-300,-224,-96,46,163,248,285,253,168,57,-71,-186,-258,-272,-228,-140,-26,93,195,268,297,279,213,120,24,-78,-201,-112
29287,mtk,MTK 7916,2780016823,rx2-tx0,512,0,0,0,0,0,0,0,0,0,0,0,0,0,0,0,0,0,0,0,0,0,0,0,0,0,0,0,0,0,0,0,0,0,0,0,0,0,0,0,0,0,0,0,0,0,0,0,0,0,0,0,0,0,0,0,0,0,0,0,0,0,0,0,0,0,0,0,0,0,0,0,0,0,0,0,0,0,0,0,0,0,0,0,0,0,0,0,0,0,0,0,0,0,0,0,0,0,0,0,0,0,0,0,0,0,0,0,0,0,0,0,0,0,0,0,0,0,0,0,0,0,0,0,0,0,0,0,0,0,0,0,0,0,0,0,0,0,0,0,0,0,0,0,0,0,0,0,0,0,0,0,0,0,0,0,0,0,0,0,0,0,0,0,0,0,0,0,0,0,0,0,0,0,0,0,0,0,0,0,0,0,0,0,0,0,0,0,0,0,0,0,0,0,0,0,0,0,0,0,0,0,0,0,0,0,0,0,0,0,0,0,0,0,0,0,0,0,0,0,0,0,0,0,0,0,0,0,0,0,0,0,0,0,0,0,0,0,0,0,0,0,0,0,0,0,0,0,0,0,0,0,0,0,0,0,0,-136,-365,-291,-53,-61,-58,-49,-27,3,32,60,86,100,98,80,47,4,-46,-94,-128,-140,-125,-84,-31,34,100,155,183,169,127,57,-31,-122,-190,-230,-227,-173,-81,30,144,236,280,264,196,85,-53,-185,-280,-317,-287,-193,-51,103,240,325,342,280,153,-14,-176,-302,-362,-340,-242,-89,90,255,360,384,320,179,-9,-199,-344,-414,-387,-266,-81,128,314,430,447,358,182,-41,-255,-417,-486,-441,-296,-84,145,349,480,501,412,228,-9,-244,-415,-492,-457,-324,-117,113,312,437,458,376,208,-2,-209,-366,-438,-402,-271,-86,116,295,403,407,316,155,-40,-220,-349,-394,-347,0,-41,143,292,373,366,271,120,-58,-229,-347,-382,-328,-201,-25,152,294,373,374,292,143,-37,-210,-340,-393,-365,-260,-97,84,241,355,399,361,245,80,-102,-267,-376,-405,-354,-230,-60,116,270,376,406,353,231,61,-122,-274,-372,-403,-359,-233,-58,123,273,368,393,337,214,54,-118,-261,-351,-369,-304,-181,-25,138,273,345,335,259,129,-30,-182,-290,-334,-303,-203,-66,90,223,304,316,264,146,2,-142,-255,-318,-310,-234,-107,42,180,278,323,297,208,79,-68,-200,-292,-323,-288,-196,-67,77,205,294,328,301,219,97,-43,-175,-275,-336,-349,-308,-234,-145,-39,-554,-504,0,0,0,0,0,0,0,0,0,0,0,0,0,0,0,0,0,0,0,0,0,0,0,0,0,0,0,0,0,0,0,0,0,0,0,0,0,0,0,0,0,0,0,0,0,0,0,0,0,0,0,0,0,0,0,0,0,0,0,0,0,0,0,0,0,0,0,0,0,0,0,0,0,0,0,0,0,0,0,0,0,0,0,0,0,0,0,0,0,0,0,0,0,0,0,0,0,0,0,0,0,0,0,0,0,0,0,0,0,0,0,0,0,0,0,0,0,0,0,0,0,0,0,0,0,0,0,0,0,0,0,0,0,0,0,0,0,0,0,0,0,0,0,0,0,0,0,0,0,0,0,0,0,0,0,0,0,0,0,0,0,0,0,0,0,0,0,0,0,0,0,0,0,0,0,0,0,0,0,0,0,0,0,0,0,0,0,0,0,0,0,0,0,0,0,0,0,0,0,0,0,0,0,0,0,0,0,0,0,0,0,0,0,0,0,0,0,0,0,0,0,0,0,0,0,0,0,0,0,0,0,0,0,0,0,0,0,0,0,0,0,0,0,0,0,0,0,0,0,0,0,0,0,0,0,0,1335,498,567,-7,-27,-47,-65,-79,-85,-81,-70,-47,-12,28,69,102,117,110,85,41,-16,-72,-117,-148,-154,-128,-73,-3,73,143,191,211,186,119,21,-89,-185,-248,-263,-226,-139,-23,103,214,285,300,247,133,-14,-152,-262,-324,-320,-240,-109,50,203,311,350,313,198,33,-139,-284,-365,-364,-279,-127,57,228,354,404,358,220,29,-170,-331,-425,-423,-317,-133,87,288,424,465,404,244,25,-204,-392,-492,-477,-353,-152,81,298,452,498,434,272,50,-180,-368,-474,-474,-363,-170,52,256,403,454,398,249,48,-162,-327,-409,-399,-296,-120,75,250,368,396,329,185,2,-185,0,-384,-358,-249,-76,110,265,368,386,309,163,-21,-199,-326,-387,-361,-251,-88,95,253,355,377,320,195,25,-149,-293,-378,-386,-309,-167,12,187,326,396,384,299,155,-26,-202,-331,-401,-394,-311,-159,25,201,334,402,389,297,149,-28,-197,-326,-388,-372,-288,-148,28,196,319,371,353,265,119,-55,-209,-318,-368,-332,-225,-75,88,231,327,344,283,167,17,-132,-255,-324,-318,-240,-112,42,183,279,313,282,192,58,-91,-222,-304,-319,-267,-160,-21,127,252,315,311,250,139,-5,-150,-263,-327,-322,-255,-144,-5,136,251,326,347,303,212,96,-29,-144,-231,-283,-299,252,337
29288,mtk,MTK 7916,2780016823,rx2-tx1,512,0,0,0,0,0,0,0,0,0,0,0,0,0,0,0,0,0,0,0,0,0,0,0,0,0,0,0,0,0,0,0,0,0,0,0,0,0,0,0,0,0,0,0,0,0,0,0,0,0,0,0,0,0,0,0,0,0,0,0,0,0,0,0,0,0,0,0,0,0,0,0,0,0,0,0,0,0,0,0,0,0,0,0,0,0,0,0,0,0,0,0,0,0,0,0,0,0,0,0,0,0,0,0,0,0,0,0,0,0,0,0,0,0,0,0,0,0,0,0,0,0,0,0,0,0,0,0,0,0,0,0,0,0,0,0,0,0,0,0,0,0,0,0,0,0,0,0,0,0,0,0,0,0,0,0,0,0,0,0,0,0,0,0,0,0,0,0,0,0,0,0,0,0,0,0,0,0,0,0,0,0,0,0,0,0,0,0,0,0,0,0,0,0,0,0,0,0,0,0,0,0,0,0,0,0,0,0,0,0,0,0,0,0,0,0,0,0,0,0,0,0,0,0,0,0,0,0,0,0,0,0,0,0,0,0,0,0,0,0,0,0,0,0,0,0,0,0,0,0,0,0,0,0,0,0,0,236,-138,-91,-61,-56,-48,-33,-8,21,48,67,77,71,49,21,-9,-43,-66,-72,-61,-37,-1,35,57,73,75,51,8,-41,-83,-104,-103,-79,-36,25,86,133,149,125,68,-9,-85,-146,-174,-156,-104,-30,60,149,209,211,168,77,-42,-156,-236,-267,-229,-134,4,144,253,313,301,219,78,-93,-254,-353,-368,-303,-165,25,212,358,423,389,267,81,-135,-323,-436,-455,-364,-186,29,245,416,489,437,292,80,-155,-364,-488,-493,-386,-189,51,275,436,491,437,283,61,-173,-357,-454,-446,-337,-156,60,259,389,420,344,195,5,-178,-318,-370,-329,-215,-53,122,258,326,312,0,77,-88,-231,-311,-301,-212,-70,80,212,290,292,221,93,-66,-209,-297,-305,-237,-117,32,181,291,333,288,173,8,-154,-283,-339,-316,-216,-70,94,234,316,323,256,132,-18,-164,-269,-305,-273,-184,-48,97,206,257,252,184,78,-43,-141,-208,-219,-174,-94,4,96,162,174,140,76,-2,-82,-140,-157,-123,-60,12,78,128,141,116,63,-3,-66,-115,-140,-126,-81,-14,55,108,136,124,84,28,-34,-93,-124,-125,-94,-46,13,66,107,121,104,62,13,-36,-86,-111,-106,-80,-35,20,67,95,100,85,48,3,-43,-88,-112,-110,-93,-57,-9,41,83,112,127,-272,-229,0,0,0,0,0,0,0,0,0,0,0,0,0,0,0,0,0,0,0,0,0,0,0,0,0,0,0,0,0,0,0,0,0,0,0,0,0,0,0,0,0,0,0,0,0,0,0,0,0,0,0,0,0,0,0,0,0,0,0,0,0,0,0,0,0,0,0,0,0,0,0,0,0,0,0,0,0,0,0,0,0,0,0,0,0,0,0,0,0,0,0,0,0,0,0,0,0,0,0,0,0,0,0,0,0,0,0,0,0,0,0,0,0,0,0,0,0,0,0,0,0,0,0,0,0,0,0,0,0,0,0,0,0,0,0,0,0,0,0,0,0,0,0,0,0,0,0,0,0,0,0,0,0,0,0,0,0,0,0,0,0,0,0,0,0,0,0,0,0,0,0,0,0,0,0,0,0,0,0,0,0,0,0,0,0,0,0,0,0,0,0,0,0,0,0,0,0,0,0,0,0,0,0,0,0,0,0,0,0,0,0,0,0,0,0,0,0,0,0,0,0,0,0,0,0,0,0,0,0,0,0,0,0,0,0,0,0,0,0,0,0,0,0,0,0,0,0,0,0,0,0,0,0,0,0,0,-351,304,312,-12,-35,-56,-73,-81,-78,-66,-40,-6,26,52,67,67,56,34,3,-39,-70,-78,-67,-45,-7,36,71,91,92,63,9,-44,-87,-118,-124,-99,-51,17,86,136,157,138,88,11,-76,-148,-187,-188,-136,-47,59,156,219,237,196,96,-32,-151,-247,-290,-261,-167,-33,121,252,336,343,258,111,-67,-237,-361,-401,-345,-209,-24,180,348,441,430,315,130,-91,-300,-440,-480,-417,-253,-23,208,393,484,463,337,135,-106,-322,-460,-491,-406,-232,-6,218,394,482,448,306,102,-115,-306,-425,-433,-340,-179,23,213,346,399,354,225,48,-135,-273,-339,-322,-223,-69,100,0,318,305,211,71,-89,-223,-296,-291,-211,-81,74,214,291,301,232,107,-45,-199,-299,-314,-254,-142,5,165,290,337,306,201,43,-124,-259,-334,-327,-241,-99,55,199,299,322,264,154,14,-131,-237,-286,-265,-179,-60,68,178,237,234,182,87,-22,-116,-173,-190,-157,-84,9,94,149,160,133,76,-2,-84,-136,-147,-121,-66,8,77,117,132,115,68,4,-64,-119,-143,-131,-83,-16,50,102,129,126,94,37,-29,-88,-118,-121,-101,-59,-6,49,95,117,109,71,20,-30,-74,-105,-107,-84,-43,6,55,89,105,101,69,23,-28,-76,-112,-126,-128,-104,-67,-21,233,265
29289,mtk,MTK 7916,2780063248,rx0-tx0,512,0,0,0,0,0,0,0,0,0,0,0,0,0,0,0,0,0,0,0,0,0,0,0,0,0,0,0,0,0,0,0,0,0,0,0,0,0,0,0,0,0,0,0,0,0,0,0,0,0,0,0,0,0,0,0,0,0,0,0,0,0,0,0,0,0,0,0,0,0,0,0,0,0,0,0,0,0,0,0,0,0,0,0,0,0,0,0,0,0,0,0,0,0,0,0,0,0,0,0,0,0,0,0,0,0,0,0,0,0,0,0,0,0,0,0,0,0,0,0,0,0,0,0,0,0,0,0,0,0,0,0,0,0,0,0,0,0,0,0,0,0,0,0,0,0,0,0,0,0,0,0,0,0,0,0,0,0,0,0,0,0,0,0,0,0,0,0,0,0,0,0,0,0,0,0,0,0,0,0,0,0,0,0,0,0,0,0,0,0,0,0,0,0,0,0,0,0,0,0,0,0,0,0,0,0,0,0,0,0,0,0,0,0,0,0,0,0,0,0,0,0,0,0,0,0,0,0,0,0,0,0,0,0,0,0,0,0,0,0,0,0,0,0,0,0,0,0,0,0,0,0,0,0,0,0,0,-273,298,121,-123,-280,-403,-438,-385,-256,-88,93,263,401,493,527,511,443,328,178,11,-163,-334,-482,-580,-633,-640,-586,-475,-318,-129,83,285,480,637,726,769,750,667,525,346,137,-92,-313,-502,-662,-771,-816,-818,-758,-641,-482,-288,-71,151,369,566,732,855,922,918,854,725,545,324,70,-200,-460,-688,-874,-998,-1060,-1050,-949,-782,-555,-296,-1,301,575,814,986,1096,1128,1074,947,738,481,196,-103,-392,-648,-853,-992,-1070,-1066,-986,-834,-632,-390,-128,118,366,582,752,870,927,917,844,730,572,388,185,-30,-229,-412,-566,-685,-765,-801,-796,-734,-633,-501,-345,-160,36,230,417,-1687,690,781,820,814,757,646,501,320,124,-85,-289,-480,-648,-776,-861,-894,-877,-799,-678,-512,-308,-82,152,388,602,791,944,1037,1061,1025,921,741,511,232,-74,-378,-676,-936,-1143,-1276,-1318,-1271,-1123,-881,-578,-225,156,536,884,1163,1365,1479,1474,1358,1149,837,471,69,-338,-724,-1065,-1321,-1476,-1524,-1456,-1287,-1011,-666,-272,146,543,898,1192,1394,1492,1471,1350,1120,806,429,21,-392,-776,-1094,-1326,-1456,-1463,-1358,-1136,-824,-441,-26,385,767,1073,1279,1373,1348,1209,968,640,271,-119,-479,-785,-1021,-1157,-1190,-1119,-960,-712,-403,-63,288,617,894,1082,1159,1102,898,564,130,-334,-713,-905,722,587,0,0,0,0,0,0,0,0,0,0,0,0,0,0,0,0,0,0,0,0,0,0,0,0,0,0,0,0,0,0,0,0,0,0,0,0,0,0,0,0,0,0,0,0,0,0,0,0,0,0,0,0,0,0,0,0,0,0,0,0,0,0,0,0,0,0,0,0,0,0,0,0,0,0,0,0,0,0,0,0,0,0,0,0,0,0,0,0,0,0,0,0,0,0,0,0,0,0,0,0,0,0,0,0,0,0,0,0,0,0,0,0,0,0,0,0,0,0,0,0,0,0,0,0,0,0,0,0,0,0,0,0,0,0,0,0,0,0,0,0,0,0,0,0,0,0,0,0,0,0,0,0,0,0,0,0,0,0,0,0,0,0,0,0,0,0,0,0,0,0,0,0,0,0,0,0,0,0,0,0,0,0,0,0,0,0,0,0,0,0,0,0,0,0,0,0,0,0,0,0,0,0,0,0,0,0,0,0,0,0,0,0,0,0,0,0,0,0,0,0,0,0,0,0,0,0,0,0,0,0,0,0,0,0,0,0,0,0,0,0,0,0,0,0,0,0,0,0,0,0,0,0,0,0,0,0,-1322,-1070,-1104,-307,-251,-110,79,262,407,483,489,430,319,168,-1,-166,-322,-453,-540,-578,-569,-504,-387,-227,-49,142,333,493,614,698,717,675,576,409,214,6,-211,-417,-588,-715,-789,-803,-747,-642,-493,-295,-81,139,353,541,691,801,860,856,797,682,515,315,78,-162,-399,-618,-793,-925,-989,-987,-905,-762,-563,-312,-44,249,526,761,941,1059,1110,1070,954,771,529,255,-47,-342,-620,-852,-1011,-1098,-1110,-1041,-899,-688,-436,-160,127,394,628,822,954,1004,992,919,781,592,376,140,-101,-316,-507,-662,-772,-839,-846,-800,-716,-588,-435,-259,-68,130,317,483,618,720,786,796,768,690,-175,427,244,49,-146,-347,-524,-673,-784,-841,-851,-806,-721,-588,-417,-215,4,225,429,612,770,889,948,954,899,788,632,420,171,-100,-367,-632,-862,-1035,-1154,-1193,-1157,-1038,-835,-571,-253,92,444,779,1054,1257,1385,1414,1339,1153,880,550,163,-249,-634,-986,-1263,-1442,-1517,-1481,-1338,-1093,-760,-373,39,449,826,1145,1370,1498,1510,1405,1207,919,562,158,-256,-648,-994,-1260,-1428,-1491,-1441,-1275,-1011,-663,-258,165,570,925,1208,1386,1440,1381,1200,917,560,166,-236,-610,-927,-1152,-1271,-1278,-1164,-962,-685,-348,5,349,661,912,1076,1141,1104,958,713,389,15,-383,-746,-1024,-1153,-1080,-802,-450,-850,-942
29290,mtk,MTK 7916,2780063248,rx0-tx1,512,0,0,0,0,0,0,0,0,0,0,0,0,0,0,0,0,0,0,0,0,0,0,0,0,0,0,0,0,0,0,0,0,0,0,0,0,0,0,0,0,0,0,0,0,0,0,0,0,0,0,0,0,0,0,0,0,0,0,0,0,0,0,0,0,0,0,0,0,0,0,0,0,0,0,0,0,0,0,0,0,0,0,0,0,0,0,0,0,0,0,0,0,0,0,0,0,0,0,0,0,0,0,0,0,0,0,0,0,0,0,0,0,0,0,0,0,0,0,0,0,0,0,0,0,0,0,0,0,0,0,0,0,0,0,0,0,0,0,0,0,0,0,0,0,0,0,0,0,0,0,0,0,0,0,0,0,0,0,0,0,0,0,0,0,0,0,0,0,0,0,0,0,0,0,0,0,0,0,0,0,0,0,0,0,0,0,0,0,0,0,0,0,0,0,0,0,0,0,0,0,0,0,0,0,0,0,0,0,0,0,0,0,0,0,0,0,0,0,0,0,0,0,0,0,0,0,0,0,0,0,0,0,0,0,0,0,0,0,0,0,0,0,0,0,0,0,0,0,0,0,0,0,0,0,0,0,-730,-55,-165,243,295,290,206,71,-84,-228,-342,-408,-431,-404,-325,-216,-77,76,224,362,470,539,567,535,451,327,166,-24,-224,-408,-569,-683,-740,-735,-662,-535,-363,-149,81,310,523,701,826,889,881,805,661,467,235,-28,-285,-532,-749,-906,-1002,-1025,-971,-851,-659,-419,-148,140,415,673,885,1036,1114,1114,1039,886,676,410,103,-209,-504,-765,-991,-1151,-1222,-1223,-1125,-960,-726,-433,-106,239,561,853,1097,1259,1340,1324,1223,1036,766,438,79,-288,-643,-953,-1200,-1362,-1428,-1394,-1274,-1052,-747,-396,-21,356,715,1030,1270,1411,1453,1403,1254,1019,709,353,-33,-405,-741,-1037,-1268,-1394,-1431,-1381,-546,-1005,-694,-351,11,380,721,1009,1230,1379,1434,1383,1248,1027,744,405,38,-336,-681,-988,-1236,-1399,-1466,-1436,-1304,-1084,-788,-425,-45,352,720,1034,1276,1428,1491,1447,1305,1071,755,396,15,-369,-728,-1031,-1261,-1405,-1449,-1399,-1258,-1016,-713,-372,-2,372,716,1007,1227,1362,1394,1336,1190,964,670,327,-31,-388,-718,-1000,-1214,-1341,-1368,-1289,-1134,-887,-568,-213,161,525,846,1103,1281,1348,1319,1185,954,657,309,-69,-437,-763,-1032,-1208,-1276,-1244,-1104,-874,-572,-230,128,470,755,965,1089,1115,1041,875,642,366,63,-241,-511,-735,-887,-956,-940,-837,-647,-386,-80,258,574,817,939,900,697,413,226,140,0,0,0,0,0,0,0,0,0,0,0,0,0,0,0,0,0,0,0,0,0,0,0,0,0,0,0,0,0,0,0,0,0,0,0,0,0,0,0,0,0,0,0,0,0,0,0,0,0,0,0,0,0,0,0,0,0,0,0,0,0,0,0,0,0,0,0,0,0,0,0,0,0,0,0,0,0,0,0,0,0,0,0,0,0,0,0,0,0,0,0,0,0,0,0,0,0,0,0,0,0,0,0,0,0,0,0,0,0,0,0,0,0,0,0,0,0,0,0,0,0,0,0,0,0,0,0,0,0,0,0,0,0,0,0,0,0,0,0,0,0,0,0,0,0,0,0,0,0,0,0,0,0,0,0,0,0,0,0,0,0,0,0,0,0,0,0,0,0,0,0,0,0,0,0,0,0,0,0,0,0,0,0,0,0,0,0,0,0,0,0,0,0,0,0,0,0,0,0,0,0,0,0,0,0,0,0,0,0,0,0,0,0,0,0,0,0,0,0,0,0,0,0,0,0,0,0,0,0,0,0,0,0,0,0,0,0,0,0,0,0,0,0,0,0,0,0,0,0,0,0,0,0,0,0,0,-128,-640,-626,105,-13,-159,-291,-367,-383,-335,-232,-98,45,191,315,411,471,487,452,378,258,110,-58,-238,-394,-528,-621,-663,-639,-560,-427,-248,-40,181,393,573,712,798,815,773,670,504,292,55,-195,-434,-646,-810,-923,-962,-929,-830,-662,-441,-187,88,359,610,822,976,1065,1072,1005,866,660,404,116,-179,-468,-727,-939,-1097,-1182,-1169,-1079,-920,-698,-414,-104,218,531,806,1041,1205,1288,1277,1175,1003,748,436,93,-262,-599,-906,-1153,-1316,-1384,-1365,-1247,-1042,-764,-424,-55,320,680,999,1244,1391,1450,1412,1273,1041,730,364,-9,-388,-741,-1041,-1272,-1413,-1450,-1381,-1228,-1005,-701,-343,26,399,1197,1030,1250,1380,1423,1375,1230,1003,719,383,16,-350,-691,-994,-1228,-1383,-1444,-1407,-1275,-1063,-773,-427,-53,327,689,1004,1258,1423,1487,1451,1309,1082,777,421,30,-362,-724,-1037,-1274,-1421,-1478,-1431,-1282,-1047,-741,-383,-1,370,724,1025,1243,1379,1424,1370,1217,985,688,343,-20,-373,-702,-989,-1206,-1335,-1371,-1317,-1173,-941,-643,-295,76,432,756,1041,1239,1345,1353,1256,1063,797,462,92,-279,-639,-938,-1159,-1291,-1322,-1239,-1059,-795,-462,-101,266,610,893,1094,1193,1193,1088,890,623,308,-29,-351,-626,-836,-968,-1022,-977,-849,-649,-397,-114,181,461,706,875,957,935,782,520,166,-212,-537,-715,-567,-605
29291,mtk,MTK 7916,2780063248,rx1-tx0,512,0,0,0,0,0,0,0,0,0,0,0,0,0,0,0,0,0,0,0,0,0,0,0,0,0,0,0,0,0,0,0,0,0,0,0,0,0,0,0,0,0,0,0,0,0,0,0,0,0,0,0,0,0,0,0,0,0,0,0,0,0,0,0,0,0,0,0,0,0,0,0,0,0,0,0,0,0,0,0,0,0,0,0,0,0,0,0,0,0,0,0,0,0,0,0,0,0,0,0,0,0,0,0,0,0,0,0,0,0,0,0,0,0,0,0,0,0,0,0,0,0,0,0,0,0,0,0,0,0,0,0,0,0,0,0,0,0,0,0,0,0,0,0,0,0,0,0,0,0,0,0,0,0,0,0,0,0,0,0,0,0,0,0,0,0,0,0,0,0,0,0,0,0,0,0,0,0,0,0,0,0,0,0,0,0,0,0,0,0,0,0,0,0,0,0,0,0,0,0,0,0,0,0,0,0,0,0,0,0,0,0,0,0,0,0,0,0,0,0,0,0,0,0,0,0,0,0,0,0,0,0,0,0,0,0,0,0,0,0,0,0,0,0,0,0,0,0,0,0,0,0,0,0,0,0,0,146,-586,-443,-101,-39,54,148,213,237,218,165,81,-10,-97,-174,-237,-274,-270,-242,-182,-106,-17,83,169,245,298,310,303,258,179,96,-5,-107,-203,-262,-295,-307,-288,-236,-170,-93,2,83,149,201,232,247,234,197,160,106,57,-1,-50,-89,-119,-131,-144,-137,-124,-109,-85,-66,-44,-23,-10,12,14,26,38,39,49,73,91,95,120,138,141,130,101,70,31,-22,-73,-147,-203,-244,-273,-278,-260,-211,-153,-75,24,120,210,288,345,366,368,336,269,185,80,-35,-158,-260,-338,-392,-418,-418,-379,-299,-200,-94,25,140,244,328,389,417,417,378,304,220,114,0,-114,-144,-309,-372,-412,-417,-386,-328,-249,-146,-35,75,182,271,337,382,395,371,316,239,150,44,-59,-154,-241,-302,-339,-347,-332,-286,-217,-143,-64,27,109,181,233,262,273,269,239,190,140,74,7,-52,-109,-154,-187,-208,-202,-200,-170,-132,-91,-38,7,64,106,126,144,148,143,135,111,84,59,19,-11,-44,-70,-82,-93,-100,-99,-93,-89,-71,-57,-40,-23,-1,19,48,72,87,101,104,102,94,83,64,28,-13,-44,-79,-110,-129,-134,-135,-121,-84,-40,8,48,90,121,142,147,131,108,74,18,-28,-63,-99,-123,-128,-121,-104,-67,-19,29,70,99,106,96,-860,-772,0,0,0,0,0,0,0,0,0,0,0,0,0,0,0,0,0,0,0,0,0,0,0,0,0,0,0,0,0,0,0,0,0,0,0,0,0,0,0,0,0,0,0,0,0,0,0,0,0,0,0,0,0,0,0,0,0,0,0,0,0,0,0,0,0,0,0,0,0,0,0,0,0,0,0,0,0,0,0,0,0,0,0,0,0,0,0,0,0,0,0,0,0,0,0,0,0,0,0,0,0,0,0,0,0,0,0,0,0,0,0,0,0,0,0,0,0,0,0,0,0,0,0,0,0,0,0,0,0,0,0,0,0,0,0,0,0,0,0,0,0,0,0,0,0,0,0,0,0,0,0,0,0,0,0,0,0,0,0,0,0,0,0,0,0,0,0,0,0,0,0,0,0,0,0,0,0,0,0,0,0,0,0,0,0,0,0,0,0,0,0,0,0,0,0,0,0,0,0,0,0,0,0,0,0,0,0,0,0,0,0,0,0,0,0,0,0,0,0,0,0,0,0,0,0,0,0,0,0,0,0,0,0,0,0,0,0,0,0,0,0,0,0,0,0,0,0,0,0,0,0,0,0,0,0,0,206,856,941,126,178,193,160,86,-10,-102,-183,-238,-254,-241,-197,-132,-36,59,147,222,267,297,288,246,187,95,-7,-106,-209,-272,-309,-324,-307,-251,-169,-89,4,102,179,238,275,286,265,224,169,101,28,-50,-110,-155,-187,-198,-193,-170,-150,-111,-78,-41,0,26,58,77,87,93,88,91,77,67,72,66,66,63,56,32,22,12,-15,-52,-91,-127,-160,-190,-203,-211,-195,-150,-91,-20,58,142,215,271,320,342,329,285,214,119,16,-86,-192,-277,-344,-386,-404,-380,-324,-246,-142,-28,90,207,299,366,409,418,392,339,259,158,43,-75,-196,-281,-350,-393,-409,-407,147,-285,-187,-78,38,151,249,328,382,399,391,354,284,198,98,-15,-124,-223,-294,-344,-368,-356,-330,-266,-188,-93,-4,89,177,245,289,316,315,288,234,167,95,26,-48,-118,-170,-213,-240,-241,-226,-201,-161,-115,-56,1,53,108,145,173,182,182,168,134,105,67,25,-15,-56,-89,-107,-128,-136,-127,-115,-90,-64,-44,-22,-1,18,39,59,66,76,84,91,95,90,71,54,35,10,-17,-46,-77,-104,-130,-133,-125,-113,-78,-41,1,40,84,123,143,143,134,111,75,37,-14,-57,-92,-126,-145,-136,-120,-93,-50,-3,42,80,114,125,117,94,54,9,-23,494,621
29292,mtk,MTK 7916,2780063248,rx1-tx1,512,0,0,0,0,0,0,0,0,0,0,0,0,0,0,0,0,0,0,0,0,0,0,0,0,0,0,0,0,0,0,0,0,0,0,0,0,0,0,0,0,0,0,0,0,0,0,0,0,0,0,0,0,0,0,0,0,0,0,0,0,0,0,0,0,0,0,0,0,0,0,0,0,0,0,0,0,0,0,0,0,0,0,0,0,0,0,0,0,0,0,0,0,0,0,0,0,0,0,0,0,0,0,0,0,0,0,0,0,0,0,0,0,0,0,0,0,0,0,0,0,0,0,0,0,0,0,0,0,0,0,0,0,0,0,0,0,0,0,0,0,0,0,0,0,0,0,0,0,0,0,0,0,0,0,0,0,0,0,0,0,0,0,0,0,0,0,0,0,0,0,0,0,0,0,0,0,0,0,0,0,0,0,0,0,0,0,0,0,0,0,0,0,0,0,0,0,0,0,0,0,0,0,0,0,0,0,0,0,0,0,0,0,0,0,0,0,0,0,0,0,0,0,0,0,0,0,0,0,0,0,0,0,0,0,0,0,0,0,0,0,0,0,0,0,0,0,0,0,0,0,0,0,0,0,0,0,-411,-608,-591,18,16,10,2,-7,-17,-27,-36,-40,-37,-27,-13,6,25,40,50,54,43,17,-8,-32,-58,-68,-69,-57,-26,12,49,78,87,80,55,13,-34,-67,-90,-97,-82,-42,7,59,97,112,103,66,17,-32,-77,-107,-108,-85,-36,21,72,105,113,96,58,-4,-63,-100,-115,-105,-64,-8,51,94,109,104,76,22,-42,-99,-122,-112,-79,-26,44,100,122,110,69,16,-42,-96,-122,-114,-78,-17,44,97,124,121,84,24,-47,-106,-131,-131,-97,-30,49,112,152,150,108,41,-38,-117,-163,-163,-122,-54,31,109,166,183,153,80,-10,-97,-163,-197,-181,-120,0,66,148,196,203,161,80,-21,-110,-169,-194,-183,-124,-40,48,120,169,176,144,90,29,-47,-106,-134,-142,-123,-77,-23,32,79,102,114,108,84,46,0,-48,-85,-112,-120,-109,-82,-40,21,76,117,147,149,118,59,-15,-90,-152,-183,-172,-117,-36,53,134,196,211,175,92,-18,-126,-210,-251,-234,-152,-30,102,208,270,274,218,104,-39,-178,-280,-318,-288,-187,-40,118,253,329,332,263,135,-26,-183,-303,-354,-322,-225,-78,79,223,320,339,282,170,27,-120,-236,-297,-289,-223,-110,24,147,231,265,243,167,58,-66,-179,-251,-272,-253,-187,-90,12,101,178,-532,-572,0,0,0,0,0,0,0,0,0,0,0,0,0,0,0,0,0,0,0,0,0,0,0,0,0,0,0,0,0,0,0,0,0,0,0,0,0,0,0,0,0,0,0,0,0,0,0,0,0,0,0,0,0,0,0,0,0,0,0,0,0,0,0,0,0,0,0,0,0,0,0,0,0,0,0,0,0,0,0,0,0,0,0,0,0,0,0,0,0,0,0,0,0,0,0,0,0,0,0,0,0,0,0,0,0,0,0,0,0,0,0,0,0,0,0,0,0,0,0,0,0,0,0,0,0,0,0,0,0,0,0,0,0,0,0,0,0,0,0,0,0,0,0,0,0,0,0,0,0,0,0,0,0,0,0,0,0,0,0,0,0,0,0,0,0,0,0,0,0,0,0,0,0,0,0,0,0,0,0,0,0,0,0,0,0,0,0,0,0,0,0,0,0,0,0,0,0,0,0,0,0,0,0,0,0,0,0,0,0,0,0,0,0,0,0,0,0,0,0,0,0,0,0,0,0,0,0,0,0,0,0,0,0,0,0,0,0,0,0,0,0,0,0,0,0,0,0,0,0,0,0,0,0,0,0,0,-92,111,217,4,19,27,33,37,35,26,14,0,-17,-32,-45,-51,-48,-35,-12,17,39,54,67,66,44,8,-27,-55,-76,-84,-68,-34,2,38,72,90,85,65,26,-24,-65,-88,-101,-91,-56,-8,48,93,112,105,74,26,-28,-78,-102,-105,-93,-53,11,69,100,114,103,57,2,-49,-99,-123,-107,-60,-6,49,96,122,110,70,17,-44,-97,-120,-111,-78,-24,43,92,117,112,77,15,-51,-95,-115,-112,-79,-21,45,100,128,123,83,22,-44,-103,-144,-143,-102,-36,45,112,152,153,118,48,-43,-122,-164,-170,-134,-67,21,111,171,188,167,100,8,-84,-157,0,-199,-145,-56,41,129,187,204,174,105,14,-76,-155,-191,-183,-139,-69,13,88,142,166,156,118,54,-16,-70,-109,-132,-129,-98,-59,-15,33,75,104,115,103,78,47,3,-44,-86,-119,-126,-109,-73,-14,55,109,154,175,149,89,10,-84,-160,-197,-192,-150,-69,34,135,208,232,202,125,12,-117,-217,-258,-244,-175,-63,68,193,278,291,241,138,-7,-157,-273,-328,-307,-219,-83,77,224,323,350,304,192,30,-141,-272,-341,-342,-268,-135,19,165,274,317,293,207,78,-64,-185,-259,-277,-230,-138,-17,107,208,257,251,195,105,-8,-121,-209,-262,-278,-246,-173,-201,-112
29293,mtk,MTK 7916,2780063248,rx2-tx0,512,0,0,0,0,0,0,0,0,0,0,0,0,0,0,0,0,0,0,0,0,0,0,0,0,0,0,0,0,0,0,0,0,0,0,0,0,0,0,0,0,0,0,0,0,0,0,0,0,0,0,0,0,0,0,0,0,0,0,0,0,0,0,0,0,0,0,0,0,0,0,0,0,0,0,0,0,0,0,0,0,0,0,0,0,0,0,0,0,0,0,0,0,0,0,0,0,0,0,0,0,0,0,0,0,0,0,0,0,0,0,0,0,0,0,0,0,0,0,0,0,0,0,0,0,0,0,0,0,0,0,0,0,0,0,0,0,0,0,0,0,0,0,0,0,0,0,0,0,0,0,0,0,0,0,0,0,0,0,0,0,0,0,0,0,0,0,0,0,0,0,0,0,0,0,0,0,0,0,0,0,0,0,0,0,0,0,0,0,0,0,0,0,0,0,0,0,0,0,0,0,0,0,0,0,0,0,0,0,0,0,0,0,0,0,0,0,0,0,0,0,0,0,0,0,0,0,0,0,0,0,0,0,0,0,0,0,0,0,0,0,0,0,0,0,0,0,0,0,0,0,0,0,0,0,0,0,-136,-365,-291,-35,-56,-73,-84,-87,-76,-54,-22,17,54,87,112,115,96,60,10,-53,-108,-145,-155,-137,-89,-19,59,135,187,208,183,117,22,-85,-184,-246,-255,-212,-124,-3,129,238,295,290,224,107,-37,-182,-292,-334,-300,-199,-48,120,261,348,352,270,120,-57,-222,-340,-377,-319,-185,-4,182,333,401,370,246,61,-145,-319,-419,-416,-312,-130,93,295,424,454,378,202,-29,-255,-420,-486,-439,-282,-54,187,384,496,487,361,151,-102,-330,-470,-502,-422,-239,-2,232,410,486,442,300,83,-151,-336,-435,-429,-316,-131,78,269,391,414,334,174,-27,-219,-356,-399,-348,-214,0,169,318,386,362,252,81,-110,-274,-369,-371,-288,-141,40,214,338,377,328,207,35,-142,-291,-377,-371,-281,-133,48,221,342,390,353,241,76,-103,-263,-369,-391,-329,-198,-31,146,293,382,383,306,162,-17,-191,-327,-402,-386,-289,-137,44,220,350,403,366,255,88,-98,-261,-365,-388,-328,-198,-24,154,291,355,348,266,118,-55,-210,-315,-346,-296,-180,-27,135,269,336,317,231,94,-70,-220,-311,-331,-278,-161,-2,158,279,332,312,220,84,-68,-215,-315,-340,-292,-182,-29,125,252,328,336,274,157,5,-148,-273,-346,-354,-296,-187,-50,94,221,311,348,333,277,-554,-504,0,0,0,0,0,0,0,0,0,0,0,0,0,0,0,0,0,0,0,0,0,0,0,0,0,0,0,0,0,0,0,0,0,0,0,0,0,0,0,0,0,0,0,0,0,0,0,0,0,0,0,0,0,0,0,0,0,0,0,0,0,0,0,0,0,0,0,0,0,0,0,0,0,0,0,0,0,0,0,0,0,0,0,0,0,0,0,0,0,0,0,0,0,0,0,0,0,0,0,0,0,0,0,0,0,0,0,0,0,0,0,0,0,0,0,0,0,0,0,0,0,0,0,0,0,0,0,0,0,0,0,0,0,0,0,0,0,0,0,0,0,0,0,0,0,0,0,0,0,0,0,0,0,0,0,0,0,0,0,0,0,0,0,0,0,0,0,0,0,0,0,0,0,0,0,0,0,0,0,0,0,0,0,0,0,0,0,0,0,0,0,0,0,0,0,0,0,0,0,0,0,0,0,0,0,0,0,0,0,0,0,0,0,0,0,0,0,0,0,0,0,0,0,0,0,0,0,0,0,0,0,0,0,0,0,0,0,0,0,0,0,0,0,0,0,0,0,0,0,0,0,0,0,0,0,0,1335,498,567,47,39,24,2,-24,-51,-78,-94,-97,-86,-56,-17,31,74,111,129,129,98,43,-24,-91,-150,-182,-177,-140,-73,23,120,193,231,225,170,77,-42,-157,-242,-281,-258,-177,-55,88,216,298,312,259,143,-4,-154,-275,-337,-321,-230,-82,90,249,350,368,300,155,-30,-203,-334,-391,-349,-221,-40,158,317,399,387,276,91,-127,-313,-422,-434,-340,-156,71,277,420,470,407,239,10,-222,-404,-499,-476,-334,-111,137,352,480,495,391,201,-44,-277,-439,-492,-430,-267,-44,184,370,460,438,309,106,-119,-308,-415,-425,-330,-159,48,242,369,396,335,194,3,-187,-328,0,-351,-220,-41,141,291,375,367,267,106,-80,-250,-359,-383,-315,-177,0,181,319,381,357,250,89,-93,-255,-360,-385,-321,-181,-8,164,305,381,373,283,132,-48,-216,-341,-392,-366,-258,-92,93,254,364,405,359,237,67,-116,-274,-378,-397,-332,-205,-36,152,303,384,381,298,146,-35,-206,-328,-378,-345,-233,-74,101,251,345,353,285,152,-11,-171,-290,-339,-311,-215,-69,99,240,318,319,252,127,-35,-190,-299,-338,-299,-190,-37,119,249,331,339,267,138,-21,-175,-289,-345,-325,-235,-94,62,206,309,349,321,228,90,-67,-211,-314,-362,-361,-303,-202,-82,35,151,252,337
29294,mtk,MTK 7916,2780063248,rx2-tx1,512,0,0,0,0,0,0,0,0,0,0,0,0,0,0,0,0,0,0,0,0,0,0,0,0,0,0,0,0,0,0,0,0,0,0,0,0,0,0,0,0,0,0,0,0,0,0,0,0,0,0,0,0,0,0,0,0,0,0,0,0,0,0,0,0,0,0,0,0,0,0,0,0,0,0,0,0,0,0,0,0,0,0,0,0,0,0,0,0,0,0,0,0,0,0,0,0,0,0,0,0,0,0,0,0,0,0,0,0,0,0,0,0,0,0,0,0,0,0,0,0,0,0,0,0,0,0,0,0,0,0,0,0,0,0,0,0,0,0,0,0,0,0,0,0,0,0,0,0,0,0,0,0,0,0,0,0,0,0,0,0,0,0,0,0,0,0,0,0,0,0,0,0,0,0,0,0,0,0,0,0,0,0,0,0,0,0,0,0,0,0,0,0,0,0,0,0,0,0,0,0,0,0,0,0,0,0,0,0,0,0,0,0,0,0,0,0,0,0,0,0,0,0,0,0,0,0,0,0,0,0,0,0,0,0,0,0,0,0,0,0,0,0,0,0,0,0,0,0,0,0,0,0,0,0,0,0,236,-138,-91,-29,-54,-67,-75,-73,-59,-35,-9,24,53,69,70,58,35,1,-32,-55,-65,-62,-39,-2,37,62,70,59,34,2,-38,-77,-97,-91,-59,-3,53,90,112,110,78,12,-71,-136,-157,-140,-94,-22,71,153,196,192,141,44,-72,-173,-239,-247,-192,-88,51,192,288,313,265,153,-2,-168,-303,-369,-334,-221,-48,143,314,406,397,301,125,-92,-291,-420,-444,-362,-202,19,250,415,478,429,276,48,-190,-381,-476,-460,-337,-131,112,329,464,492,391,194,-43,-266,-423,-470,-401,-244,-32,189,356,425,392,271,76,-133,-293,-381,-367,-261,-101,83,249,335,328,237,0,-91,-236,-315,-309,-218,-69,97,228,296,285,202,67,-88,-226,-303,-297,-213,-66,93,229,304,303,224,89,-76,-216,-307,-325,-251,-114,41,189,293,322,264,148,4,-143,-255,-299,-267,-173,-44,91,201,256,239,168,59,-59,-157,-207,-203,-142,-56,36,117,161,158,119,53,-28,-95,-134,-130,-83,-20,38,87,117,113,75,9,-56,-102,-115,-103,-61,-4,53,88,112,109,70,4,-51,-91,-113,-103,-63,-9,41,87,104,92,65,18,-37,-75,-94,-92,-64,-18,27,65,87,89,71,35,-12,-56,-85,-99,-92,-57,-5,45,87,114,122,105,67,23,-17,-59,-272,-229,0,0,0,0,0,0,0,0,0,0,0,0,0,0,0,0,0,0,0,0,0,0,0,0,0,0,0,0,0,0,0,0,0,0,0,0,0,0,0,0,0,0,0,0,0,0,0,0,0,0,0,0,0,0,0,0,0,0,0,0,0,0,0,0,0,0,0,0,0,0,0,0,0,0,0,0,0,0,0,0,0,0,0,0,0,0,0,0,0,0,0,0,0,0,0,0,0,0,0,0,0,0,0,0,0,0,0,0,0,0,0,0,0,0,0,0,0,0,0,0,0,0,0,0,0,0,0,0,0,0,0,0,0,0,0,0,0,0,0,0,0,0,0,0,0,0,0,0,0,0,0,0,0,0,0,0,0,0,0,0,0,0,0,0,0,0,0,0,0,0,0,0,0,0,0,0,0,0,0,0,0,0,0,0,0,0,0,0,0,0,0,0,0,0,0,0,0,0,0,0,0,0,0,0,0,0,0,0,0,0,0,0,0,0,0,0,0,0,0,0,0,0,0,0,0,0,0,0,0,0,0,0,0,0,0,0,0,0,0,0,0,0,0,0,0,0,0,0,0,0,0,0,0,0,0,0,-351,304,312,48,44,27,-3,-27,-44,-63,-80,-78,-56,-29,6,40,61,66,60,39,8,-30,-59,-70,-57,-36,-5,36,64,74,68,44,-3,-56,-91,-100,-92,-58,-2,57,109,136,124,82,20,-57,-133,-171,-166,-115,-33,73,164,215,214,165,66,-61,-185,-265,-278,-224,-113,39,183,293,338,304,186,16,-169,-313,-386,-365,-250,-68,125,295,412,429,333,156,-58,-271,-420,-467,-396,-231,-8,227,405,486,448,303,85,-155,-360,-481,-485,-367,-157,84,305,450,481,401,224,-6,-226,-382,-447,-403,-261,-54,160,324,400,376,262,84,-111,-265,-351,-347,-255,-94,86,237,0,310,222,77,-85,-221,-295,-289,-204,-63,94,228,297,284,195,56,-99,-228,-308,-308,-223,-75,84,223,307,316,242,103,-59,-199,-297,-324,-265,-133,24,166,269,311,268,157,15,-124,-230,-274,-255,-172,-51,77,179,232,227,166,63,-50,-139,-186,-187,-136,-53,33,102,149,148,99,28,-37,-93,-130,-125,-79,-13,53,98,116,105,65,3,-55,-97,-111,-100,-60,-1,58,96,111,98,62,9,-46,-89,-101,-91,-57,-7,46,83,100,94,66,16,-37,-71,-92,-92,-70,-26,18,55,86,99,80,42,-7,-55,-89,-104,-99,-71,-31,17,66,101,118,120,98,233,265
29295,mtk,MTK 7916,2780084073,rx0-tx0,512,-1687,-140,120,322,357,352,324,263,180,74,-47,-158,-268,-357,-419,-443,-426,-371,-271,-147,-1,153,297,419,505,546,526,459,344,181,1,-185,-355,-489,-587,-618,-593,-509,-371,-195,-1,202,385,524,615,653,616,537,394,210,14,-184,-369,-523,-615,-657,-641,-567,-448,-278,-83,120,311,476,598,680,692,639,532,383,187,-28,-251,-447,-618,-726,-770,-746,-650,-491,-278,-41,219,459,658,807,878,858,763,578,339,59,-239,-507,-742,-903,-969,-934,-815,-604,-330,-21,293,583,812,964,1011,968,815,583,300,-22,-345,-620,-834,-971,-1008,-952,-795,-563,-275,39,351,619,842,978,1008,947,-273,557,263,-51,-364,-647,-871,-988,-1027,-960,-798,-558,-259,68,387,669,889,1022,1057,981,812,558,242,-94,-433,-720,-941,-1079,-1102,-1018,-823,-561,-225,140,491,804,1030,1156,1163,1046,819,516,148,-251,-614,-925,-1124,-1219,-1193,-1031,-759,-411,-8,391,753,1033,1208,1249,1153,931,604,221,-188,-572,-894,-1109,-1194,-1154,-1002,-733,-380,0,369,693,930,1065,1081,972,766,485,145,-184,-478,-725,-882,-929,-876,-744,-530,-264,14,279,505,667,756,770,691,540,333,104,-131,-349,-527,-639,-668,-632,-519,-346,-138,80,286,462,565,598,541,414,233,13,-202,-371,-470,-483,-404,-254,-70,90,-804,-608,-546,702,927,208,131,12,-122,-239,-319,-343,-308,-223,-101,37,168,275,346,373,350,283,181,57,-71,-198,-303,-371,-408,-392,-328,-235,-115,33,174,304,398,456,469,426,322,188,31,-135,-303,-438,-510,-543,-503,-400,-249,-78,109,288,424,529,560,523,435,297,129,-49,-221,-366,-461,-505,-500,-438,-336,-203,-57,87,223,336,409,444,440,386,302,190,51,-83,-207,-310,-385,-417,-408,-360,-281,-169,-43,85,198,296,355,380,371,324,248,154,34,-76,-175,-257,-308,-337,-324,-283,-222,-138,-49,50,140,207,266,290,280,255,210,146,76,-10,-89,-153,-202,-235,-257,-255,-234,-192,-730,-73,12,95,166,226,271,291,281,253,186,106,13,-92,-187,-261,-309,-327,-312,-252,-180,-95,9,99,177,247,285,297,276,229,166,97,17,-55,-120,-178,-217,-236,-249,-238,-210,-163,-100,-36,35,106,171,222,269,288,276,248,191,109,17,-74,-172,-255,-312,-343,-346,-314,-245,-155,-46,71,184,277,338,374,372,334,256,160,48,-67,-183,-269,-325,-358,-351,-316,-251,-162,-70,24,121,210,276,319,331,316,274,211,128,31,-67,-163,-243,-301,-339,-334,-306,-246,-170,-70,32,129,213,278,318,331,309,267,203,117,19,-73,-166,-238,-296,-328,-331,-299,-248,-172,-164,145,-175,1037,1035,136,33,-72,-173,-265,-334,-382,-387,-368,-312,-221,-109,22,148,273,380,452,490,475,419,312,178,10,-162,-320,-459,-552,-587,-570,-488,-361,-189,3,193,375,521,617,649,617,519,375,202,-4,-205,-384,-533,-619,-653,-626,-545,-405,-229,-40,158,339,491,604,661,657,598,481,327,136,-75,-275,-450,-599,-696,-733,-693,-596,-441,-233,-10,232,452,644,769,828,808,707,541,317,44,-225,-479,-698,-847,-927,-902,-793,-604,-342,-39,261,544,781,932,995,957,819,600,315,1,-316,-607,-824,-967,-1020,-961,-805,-579,-287,29,342,621,839,976,1016,946,788,561,262,-48,-355,-1322,-848,-976,-1013,-954,-808,-560,-261,54,370,647,865,1002,1040,967,805,561,259,-72,-402,-688,-920,-1056,-1091,-1014,-822,-558,-228,123,466,765,984,1113,1124,1030,828,529,181,-198,-559,-858,-1072,-1196,-1183,-1052,-802,-465,-94,306,675,972,1171,1249,1187,1001,704,335,-78,-484,-834,-1087,-1221,-1224,-1092,-841,-494,-105,279,636,930,1109,1154,1075,876,595,257,-107,-447,-725,-922,-1013,-982,-860,-650,-362,-54,237,499,704,820,839,773,631,425,182,-75,-315,-509,-646,-708,-699,-608,-457,-247,-28,195,395,545,622,620,553,410,217,-6,-227,-403,-526,-567,-509,-373,-186,21,208,336,382,344,699,865,1197,1045,842,-146,-239,-292,-286,-217,-106,33,169,275,344,357,323,246,134,3,-136,-250,-337,-378,-383,-345,-257,-147,-14,122,245,342,413,437,408,333,219,81,-82,-240,-374,-459,-504,-497,-434,-295,-141,38,221,382,499,551,552,472,355,198,7,-177,-335,-460,-522,-530,-482,-383,-240,-88,79,234,352,433,466,459,411,314,191,55,-83,-215,-315,-395,-430,-419,-377,-294,-185,-49,87,205,304,371,404,386,338,255,148,38,-82,-193,-274,-334,-360,-345,-306,-231,-144,-43,67,156,234,285,311,308,270,217,147,54,-33,-112,-184,-232,-259,-269,-248,-210,-153,-93,-27,49,117,188,-128,257,272,259,224,172,95,5,-84,-170,-246,-289,-318,-312,-271,-196,-105,0,107,200,261,308,316,287,244,176,89,0,-88,-163,-213,-251,-264,-253,-226,-177,-117,-59,1,70,132,187,226,249,257,243,205,153,87,1,-78,-158,-231,-288,-312,-318,-289,-227,-142,-42,68,180,268,328,369,369,333,254,156,44,-73,-187,-279,-341,-372,-369,-327,-246,-156,-54,58,153,240,294,327,332,314,260,185,97,2,-91,-181,-254,-313,-338,-332,-295,-233,-153,-51,55,149,229,290,331,335,308,256,181,93,-5,-101,-185,-261,-313,-326,-317,-285,-222,-148,-55,46,141,222,286,1253,1254
29296,mtk,MTK 7916,2780084073,rx0-tx1,512,-144,-510,-652,420,137,-152,-439,-685,-862,-966,-979,-915,-757,-526,-246,55,351,624,842,982,1028,981,845,631,350,37,-273,-570,-816,-984,-1065,-1042,-932,-729,-454,-141,191,508,776,982,1092,1103,1016,827,558,232,-110,-435,-736,-970,-1111,-1145,-1076,-902,-645,-325,17,363,678,932,1096,1154,1106,953,722,423,85,-268,-584,-853,-1046,-1137,-1133,-1018,-816,-535,-210,140,476,775,1000,1137,1172,1092,919,656,324,-36,-401,-734,-991,-1164,-1219,-1157,-991,-723,-381,-6,379,714,982,1161,1219,1164,989,719,389,22,-346,-677,-938,-1102,-1162,-1104,-947,-701,-396,-47,294,602,852,1016,1082,1045,924,705,424,113,146,-510,-766,-945,-1042,-1040,-933,-755,-498,-191,128,448,719,925,1042,1064,978,802,548,235,-102,-423,-713,-930,-1064,-1093,-1010,-832,-574,-256,81,419,716,947,1081,1115,1039,858,593,269,-76,-424,-732,-968,-1101,-1137,-1049,-861,-588,-255,107,459,767,992,1120,1140,1046,841,554,202,-174,-517,-814,-1025,-1123,-1114,-985,-751,-448,-98,256,587,856,1018,1078,1025,855,603,289,-58,-379,-646,-843,-950,-954,-847,-648,-398,-120,171,431,637,770,823,775,652,461,226,-20,-260,-468,-613,-691,-686,-609,-466,-263,-50,166,365,508,587,581,510,371,186,-22,-222,-375,-462,-473,-401,-266,-97,70,195,11,-177,0,-183,-439,83,-84,-262,-401,-470,-455,-354,-184,18,222,386,497,542,515,420,273,93,-101,-286,-433,-533,-580,-562,-479,-351,-177,21,213,392,532,620,656,607,511,350,146,-74,-299,-505,-663,-764,-782,-728,-582,-363,-110,163,436,671,840,925,915,792,582,315,0,-318,-606,-849,-981,-1011,-940,-774,-520,-209,121,430,708,910,1015,1026,931,733,463,150,-190,-496,-761,-944,-1029,-1021,-897,-694,-417,-96,220,514,764,932,1004,984,857,655,395,98,-208,-487,-722,-882,-954,-950,-843,-663,-425,-143,152,423,666,844,941,960,883,725,495,216,-74,-368,-634,-835,-961,-1001,-952,-801,-575,-284,-411,343,635,870,1029,1091,1042,897,666,356,9,-346,-669,-940,-1115,-1180,-1136,-978,-718,-383,-10,376,723,998,1177,1232,1176,999,716,368,-16,-394,-734,-1000,-1172,-1223,-1169,-991,-729,-403,-30,338,676,941,1119,1194,1160,1011,781,472,121,-230,-569,-854,-1056,-1161,-1165,-1053,-854,-572,-242,108,455,758,991,1143,1184,1116,946,680,367,5,-359,-684,-955,-1135,-1209,-1160,-1007,-758,-441,-79,290,632,911,1105,1194,1167,1033,795,477,130,-228,-564,-849,-1056,-1154,-1136,-1018,-808,-517,-179,167,499,775,974,1086,1094,1000,806,551,245,-93,-408,-680,-882,-1004,-1037,-974,-815,-592,-307,-7,299,566,787,524,377,147,-649,-517,-888,-968,-969,-887,-712,-479,-195,101,393,659,859,980,1009,951,807,582,301,-9,-316,-596,-829,-983,-1044,-1012,-893,-675,-404,-86,234,535,793,976,1073,1072,968,773,509,193,-142,-469,-754,-974,-1104,-1129,-1048,-870,-603,-283,67,409,715,957,1106,1156,1100,935,686,371,27,-320,-633,-884,-1066,-1149,-1121,-983,-768,-476,-146,199,530,807,1013,1130,1145,1056,868,599,274,-81,-431,-742,-994,-1154,-1200,-1141,-964,-698,-363,12,382,716,990,1163,1226,1168,992,725,382,7,-368,-707,-968,-1135,-1196,-1137,-967,-706,-383,-27,332,651,902,1067,1127,1074,929,700,405,74,-250,-555,-812,-979,-1060,206,-927,-725,-456,-150,180,482,737,934,1034,1046,960,780,524,220,-112,-434,-712,-932,-1062,-1080,-999,-825,-565,-256,90,425,711,938,1066,1098,1024,842,580,257,-85,-428,-723,-951,-1080,-1113,-1041,-860,-591,-265,89,440,738,969,1105,1132,1050,856,577,238,-125,-479,-780,-1006,-1137,-1140,-1025,-809,-504,-155,202,552,833,1028,1111,1078,943,690,370,27,-322,-631,-863,-1006,-1032,-943,-764,-509,-207,118,418,654,808,885,862,745,551,311,42,-226,-450,-624,-723,-744,-693,-561,-371,-149,86,296,481,600,641,616,511,348,144,-73,-271,-432,-523,-544,-481,-348,-174,21,199,325,377,350,264,-817,-802,0,520,354,-340,-380,-329,-199,-17,183,361,483,525,488,373,212,18,-182,-355,-483,-551,-555,-491,-374,-215,-32,166,340,482,575,605,575,487,344,166,-45,-260,-443,-600,-689,-711,-669,-548,-366,-134,119,365,591,750,837,846,764,588,341,58,-245,-537,-762,-921,-985,-931,-789,-550,-246,68,384,662,877,997,1012,930,754,488,180,-147,-469,-743,-929,-1033,-1025,-914,-714,-437,-126,206,518,764,946,1025,1003,889,677,396,91,-222,-517,-746,-906,-981,-961,-846,-656,-395,-115,183,461,689,860,951,947,854,689,451,179,-114,-400,-643,-838,-948,-974,-919,-758,-532,-252,47,358,635,855,999,-92,995,851,623,332,-3,-343,-645,-906,-1073,-1137,-1092,-942,-696,-368,-11,357,693,968,1144,1212,1167,995,730,379,-2,-384,-738,-1012,-1185,-1238,-1176,-999,-730,-386,-8,373,713,975,1151,1214,1158,997,742,426,74,-288,-619,-896,-1090,-1176,-1156,-1034,-816,-523,-190,168,513,805,1027,1145,1169,1082,896,630,304,-53,-403,-723,-972,-1135,-1198,-1137,-975,-723,-404,-40,333,669,940,1120,1200,1168,1020,775,463,104,-259,-602,-890,-1084,-1171,-1157,-1027,-805,-503,-154,200,526,809,1016,1119,1118,1010,803,530,211,-129,-450,-727,-925,-1050,-1065,-979,-808,-567,-277,38,353,621,835,968,1014,961,821,612,141,402
29297,mtk,MTK 7916,2780084073,rx1-tx0,512,0,614,390,-641,-455,-243,5,239,449,618,726,782,765,672,530,337,119,-118,-341,-532,-681,-761,-790,-742,-626,-459,-251,-16,233,457,646,778,845,832,745,595,381,125,-138,-392,-625,-808,-914,-943,-882,-733,-523,-263,43,347,616,840,1001,1068,1032,898,674,382,35,-325,-651,-930,-1122,-1207,-1174,-1026,-768,-425,-36,359,741,1030,1226,1305,1253,1069,776,407,-9,-412,-786,-1073,-1250,-1301,-1238,-1044,-743,-380,21,420,774,1050,1225,1287,1209,1015,732,375,-7,-396,-744,-1019,-1200,-1252,-1180,-1001,-723,-378,16,398,732,1006,1175,1223,1160,966,682,334,-49,-415,-750,-997,-1139,-1168,-1096,-902,-621,-294,-136,432,733,964,1089,1118,1037,836,569,247,-100,-429,-710,-921,-1044,-1057,-963,-780,-520,-205,124,435,700,884,986,992,894,710,463,170,-133,-422,-668,-846,-930,-923,-830,-648,-409,-144,136,401,624,774,849,841,747,592,377,129,-121,-357,-550,-688,-762,-753,-683,-555,-368,-152,74,285,467,617,702,717,672,556,384,178,-44,-267,-462,-605,-692,-716,-658,-533,-356,-135,92,301,476,613,668,655,582,445,263,55,-152,-328,-482,-575,-604,-570,-469,-324,-146,36,215,375,484,532,525,455,338,173,0,-166,-314,-421,-471,-456,-379,-253,-97,70,217,322,368,350,269,149,18,-95,251,538,0,-1007,-716,-216,-184,-106,4,120,222,291,309,281,212,103,-9,-125,-230,-296,-321,-322,-280,-203,-110,-6,98,198,272,333,355,333,280,214,118,-9,-127,-241,-343,-419,-442,-429,-379,-283,-143,24,197,360,484,567,596,554,458,299,98,-118,-329,-523,-663,-730,-712,-617,-459,-245,7,247,480,667,786,817,757,634,432,171,-97,-353,-589,-771,-861,-871,-796,-628,-403,-113,180,459,700,864,948,933,811,613,341,29,-280,-570,-797,-934,-981,-931,-787,-554,-266,58,362,632,834,964,990,915,739,491,194,-116,-417,-679,-863,-966,-979,-877,-691,-439,-141,160,454,692,863,956,946,843,236,439,152,-152,-433,-671,-853,-952,-954,-875,-705,-464,-178,122,418,685,883,987,992,911,744,495,201,-115,-430,-698,-892,-1004,-1026,-939,-759,-516,-221,89,400,670,883,1007,1041,971,807,576,284,-34,-350,-638,-872,-1010,-1077,-1021,-874,-657,-362,-30,304,611,858,1038,1097,1082,946,714,420,85,-263,-600,-883,-1069,-1150,-1123,-990,-770,-464,-102,271,606,888,1085,1166,1142,1000,760,443,86,-272,-601,-876,-1055,-1134,-1103,-962,-724,-428,-85,254,567,820,989,1067,1038,894,683,412,101,-223,-510,-757,-920,-990,-972,-861,-669,-420,-129,173,453,675,836,915,902,808,640,413,153,-117,-376,-219,-712,0,270,551,508,663,770,802,759,656,488,285,59,-181,-397,-577,-709,-779,-780,-706,-575,-390,-177,50,285,488,654,763,817,786,685,522,317,75,-181,-424,-633,-790,-877,-881,-815,-674,-456,-197,89,378,630,825,956,1005,948,809,595,317,-6,-331,-637,-887,-1062,-1142,-1107,-966,-732,-406,-41,332,690,987,1186,1263,1224,1056,775,428,20,-388,-767,-1056,-1253,-1317,-1252,-1066,-766,-391,15,418,786,1067,1243,1302,1231,1034,740,375,-22,-417,-757,-1038,-1208,-1263,-1200,-1011,-734,-379,11,390,737,1007,1182,1244,1166,989,714,353,-28,-410,-751,-1002,-1162,-1198,-1125,-940,-651,-305,59,418,741,973,1111,1335,1057,868,594,261,-81,-434,-722,-943,-1074,-1092,-993,-801,-540,-227,115,431,703,905,1020,1025,936,747,488,194,-125,-428,-682,-869,-965,-960,-866,-686,-440,-153,139,418,652,810,885,880,781,612,387,132,-137,-383,-581,-726,-790,-785,-707,-562,-371,-141,96,311,505,647,729,735,674,560,389,172,-47,-262,-458,-604,-700,-720,-672,-545,-376,-172,53,281,470,614,686,691,626,501,316,89,-122,-320,-483,-595,-644,-617,-531,-397,-212,-22,179,354,485,558,564,519,414,262,81,-94,-263,-398,-487,-503,-471,-378,-238,-69,102,254,366,428,424,352,230,77,-75,-201,-270,-284,-230,-633,-413,0,-283,-764,56,155,236,271,259,199,96,-27,-145,-248,-305,-321,-301,-236,-134,-31,74,178,255,309,329,322,272,200,108,-7,-120,-216,-297,-367,-387,-373,-328,-250,-129,12,147,282,402,491,524,504,426,302,144,-53,-252,-432,-577,-654,-665,-607,-474,-283,-51,187,412,600,734,777,742,632,449,216,-47,-307,-534,-729,-835,-844,-779,-638,-413,-143,135,413,645,821,915,905,811,624,377,82,-232,-519,-751,-916,-978,-938,-802,-571,-296,10,322,604,823,959,991,926,764,520,225,-97,-402,-666,-864,-975,-986,-898,-714,-460,-176,139,445,690,873,958,955,860,668,426,136,-168,-443,-351,-853,-953,-953,-861,-690,-454,-170,132,418,676,861,966,973,900,726,481,184,-125,-423,-685,-889,-998,-1020,-938,-750,-501,-208,110,423,688,885,1003,1025,952,786,544,253,-66,-388,-657,-869,-999,-1045,-993,-849,-607,-314,4,339,619,856,1019,1081,1050,910,692,386,54,-274,-606,-864,-1048,-1129,-1116,-985,-749,-439,-94,270,603,881,1081,1172,1143,1004,771,450,93,-271,-612,-884,-1078,-1155,-1124,-988,-748,-438,-94,262,590,850,1031,1106,1068,933,704,421,96,-244,-548,-782,-953,-1029,-999,-874,-678,-412,-121,189,478,715,873,955,939,825,645,405,131,-150,-408,-627,-785,-862,-864,-784,1016,755
29298,mtk,MTK 7916,2780084073,rx1-tx1,512,0,0,0,371,647,781,747,549,225,-151,-490,-718,-786,-683,-422,-68,299,603,769,757,574,261,-112,-459,-702,-786,-693,-442,-90,290,607,787,781,595,281,-102,-470,-729,-829,-742,-477,-101,301,643,840,840,649,308,-104,-506,-801,-914,-816,-532,-123,317,694,926,954,764,402,-60,-517,-858,-1009,-949,-678,-247,234,668,960,1049,902,558,101,-385,-786,-1010,-1018,-799,-410,64,515,852,998,920,638,223,-237,-635,-884,-930,-768,-444,-25,400,718,870,821,586,216,-194,-552,-785,-838,-691,-380,15,403,702,838,774,532,175,-232,-592,-816,-861,-705,-376,37,442,758,910,856,606,211,-227,0,-892,-965,-824,-494,-45,419,799,1009,1001,769,368,-120,-590,-946,-1103,-1017,-706,-238,289,764,1081,1169,1002,618,97,-447,-913,-1191,-1214,-977,-531,28,581,1022,1250,1206,907,419,-152,-691,-1089,-1256,-1150,-805,-281,302,814,1154,1247,1070,657,103,-466,-934,-1215,-1229,-973,-518,45,607,1044,1263,1216,908,410,-184,-741,-1138,-1296,-1190,-841,-320,265,806,1179,1307,1167,796,273,-297,-795,-1127,-1231,-1087,-737,-251,280,745,1041,1126,991,660,207,-271,-675,-941,-1016,-891,-593,-191,238,605,842,905,798,546,201,-168,-497,-734,-824,-767,-580,-301,15,310,549,692,723,647,485,275,60,-121,-258,0,0,0,0,0,130,256,364,444,471,427,314,144,-67,-286,-469,-583,-605,-517,-336,-89,182,422,596,667,615,442,178,-132,-413,-624,-727,-681,-500,-212,131,449,688,794,743,539,214,-160,-499,-749,-855,-785,-552,-205,196,565,815,906,817,557,176,-241,-613,-870,-950,-826,-541,-149,279,650,881,927,783,481,81,-331,-670,-869,-880,-701,-381,13,396,692,832,791,581,250,-134,-487,-729,-803,-695,-440,-97,273,585,759,761,603,317,-43,-396,-661,-778,-716,-497,-179,183,507,725,774,656,397,51,-303,-589,-750,-747,-583,-297,50,383,630,733,676,479,178,-159,-452,-640,-688,-568,-318,-11,0,526,638,601,421,138,-178,-456,-625,-650,-530,-282,41,354,593,702,647,441,130,-218,-525,-718,-752,-613,-332,28,389,673,815,778,563,219,-181,-543,-784,-855,-742,-456,-57,360,695,889,893,693,338,-100,-518,-834,-975,-901,-626,-213,242,650,920,994,851,523,87,-369,-742,-953,-969,-774,-401,42,460,776,926,868,624,255,-157,-522,-767,-838,-719,-438,-79,282,571,723,705,518,223,-113,-413,-611,-661,-556,-313,0,304,529,630,582,389,99,-213,-473,-626,-632,-490,-229,88,389,607,685,609,390,76,-261,-545,-699,-700,-548,-274,72,407,651,750,679,457,133,-223,-530,0,0,0,0,0,-681,-444,-105,262,580,762,776,623,329,-41,-397,-667,-783,-723,-505,-172,204,529,735,774,637,358,-11,-380,-655,-789,-746,-525,-182,204,550,770,815,671,378,-3,-392,-698,-843,-796,-563,-202,209,579,824,880,735,423,10,-411,-749,-927,-894,-649,-255,194,613,907,994,857,539,92,-383,-779,-1011,-1020,-800,-411,65,526,884,1052,980,689,256,-223,-653,-941,-1021,-871,-536,-90,373,745,952,936,715,343,-99,-510,-796,-899,-801,-522,-128,293,638,821,826,641,299,-108,-481,-747,-844,-740,-462,-82,319,650,833,824,622,275,-140,-526,-795,-893,-786,-493,-90,338,701,909,912,0,352,-100,-538,-864,-1002,-917,-625,-189,294,723,1001,1062,896,531,50,-459,-883,-1111,-1104,-865,-431,104,621,1019,1207,1131,807,315,-241,-760,-1125,-1249,-1112,-747,-211,378,877,1191,1255,1047,619,69,-497,-962,-1219,-1211,-942,-475,97,653,1059,1231,1152,824,305,-277,-799,-1153,-1261,-1105,-717,-166,423,924,1235,1296,1080,632,62,-521,-998,-1273,-1283,-1027,-572,-8,557,1005,1246,1233,970,521,-21,-549,-961,-1172,-1143,-894,-478,26,507,874,1060,1030,800,424,-26,-459,-783,-944,-918,-715,-381,14,398,690,845,840,682,403,59,-288,-568,-736,-777,-699,-515,-259,16,268,459,565,586,531,420,0,0,0,0,0,-329,-287,-207,-74,95,268,421,522,553,497,354,140,-106,-344,-529,-627,-620,-495,-271,5,291,537,679,692,575,340,37,-283,-556,-727,-760,-639,-387,-50,309,608,787,814,670,389,27,-354,-669,-857,-868,-695,-379,13,409,733,915,901,701,361,-47,-454,-779,-940,-908,-690,-323,104,501,791,917,849,606,238,-175,-547,-797,-875,-762,-488,-122,267,595,794,811,647,346,-19,-385,-664,-795,-746,-532,-207,164,497,711,772,668,410,60,-298,-596,-756,-750,-582,-288,66,411,663,772,710,497,174,-179,-489,-696,-752,-644,-399,-71,274,544,691,692,536,258,-68,-371,-579,-651,0,-365,-80,231,490,628,621,470,207,-113,-411,-611,-676,-590,-359,-40,297,568,713,703,528,231,-126,-464,-704,-790,-703,-452,-91,293,616,811,825,650,327,-69,-451,-750,-888,-826,-576,-189,238,622,877,943,799,479,56,-395,-763,-963,-962,-751,-375,75,510,840,991,927,655,254,-200,-610,-885,-966,-840,-539,-126,306,657,851,861,686,367,-25,-403,-676,-785,-715,-494,-165,192,489,659,674,534,267,-59,-359,-567,-641,-559,-342,-44,259,498,620,602,434,161,-155,-444,-628,-659,-547,-305,14,332,576,698,660,472,170,-172,-477,-682,-735,-621,-365,-26,326,610,759,737,554,0,0
29299,mtk,MTK 7916,2780084073,rx2-tx0,512,0,0,0,237,512,680,705,575,317,-12,-339,-592,-714,-683,-504,-215,119,424,641,721,630,409,106,-221,-500,-663,-679,-549,-299,16,324,549,644,604,436,169,-131,-394,-572,-619,-517,-306,-32,245,459,560,531,384,147,-122,-358,-502,-526,-424,-229,17,261,432,504,457,296,69,-175,-380,-486,-479,-363,-150,102,325,479,516,427,239,-5,-259,-459,-548,-519,-367,-128,145,391,553,588,490,275,6,-266,-489,-604,-582,-426,-176,109,378,562,616,534,329,52,-234,-463,-590,-589,-456,-219,71,340,524,593,534,358,103,-179,-417,-560,-577,-466,-254,10,270,469,556,519,371,137,-130,0,-507,-532,-439,-245,4,245,429,514,478,329,102,-147,-369,-507,-523,-418,-218,37,284,473,556,513,344,88,-188,-428,-584,-606,-484,-254,34,333,566,669,624,438,152,-178,-478,-680,-738,-634,-385,-43,319,619,789,790,623,313,-73,-453,-740,-879,-846,-627,-264,161,552,838,961,886,623,228,-220,-628,-909,-1007,-901,-616,-204,245,641,915,1008,886,584,179,-258,-638,-882,-945,-826,-547,-163,242,595,825,880,762,500,144,-228,-544,-749,-802,-700,-468,-156,181,472,660,716,636,448,185,-108,-369,-554,-632,-592,-452,-242,-7,219,399,499,519,468,350,193,35,-104,-204,-263,0,0,0,0,0,-5,84,180,272,338,361,334,250,113,-51,-213,-353,-439,-455,-391,-253,-66,139,322,454,510,465,327,121,-106,-318,-476,-547,-509,-364,-143,107,346,521,595,552,392,144,-132,-383,-572,-647,-584,-397,-137,152,412,591,655,587,400,128,-168,-432,-601,-645,-556,-354,-80,203,444,585,594,481,271,1,-258,-457,-548,-513,-381,-165,87,314,466,507,431,258,28,-208,-388,-476,-459,-327,-119,114,322,458,488,402,223,-14,-258,-443,-532,-500,-352,-131,129,369,529,578,497,306,39,-240,-465,-588,-594,-471,-243,46,325,531,628,584,413,150,-154,-423,-594,-640,-544,-324,-33,0,509,637,632,492,232,-80,-371,-579,-668,-609,-409,-123,194,470,640,670,553,304,-13,-324,-559,-676,-647,-465,-183,141,441,642,698,592,354,36,-293,-559,-695,-675,-504,-219,121,437,657,728,646,416,78,-275,-567,-735,-738,-576,-285,66,408,664,774,706,477,148,-216,-535,-735,-777,-654,-377,-22,332,616,760,734,549,242,-112,-433,-657,-732,-647,-421,-99,238,505,657,666,519,257,-56,-346,-555,-634,-570,-374,-94,203,449,593,592,453,213,-71,-335,-523,-587,-510,-317,-52,230,459,575,562,418,174,-112,-372,-551,-606,-521,-314,-31,266,504,627,614,465,207,-102,-390,0,0,0,0,0,-663,-488,-200,132,434,642,719,639,421,112,-226,-517,-692,-712,-579,-322,2,323,569,693,664,487,208,-114,-408,-606,-664,-580,-374,-80,227,476,616,620,482,237,-52,-324,-516,-589,-531,-352,-94,183,411,533,533,412,198,-63,-304,-470,-521,-450,-271,-28,212,399,495,468,329,110,-141,-356,-479,-498,-391,-186,60,299,479,543,476,304,61,-206,-435,-568,-566,-434,-205,74,338,532,612,546,361,100,-188,-439,-582,-595,-480,-259,24,296,504,596,558,393,134,-150,-403,-565,-597,-498,-290,-15,259,474,586,566,414,180,-93,-348,-521,-578,-511,-335,-74,204,420,531,534,0,195,-56,-296,-465,-519,-458,-290,-49,199,395,505,498,371,154,-101,-334,-493,-540,-462,-277,-18,252,466,580,567,416,169,-125,-393,-578,-645,-564,-350,-55,262,530,677,679,537,268,-71,-406,-654,-768,-718,-503,-168,206,546,780,855,741,466,83,-328,-674,-887,-920,-760,-437,-16,415,770,973,976,786,433,-13,-454,-802,-992,-985,-779,-414,30,462,796,960,939,735,378,-42,-440,-749,-915,-886,-678,-344,44,416,696,833,805,619,320,-31,-367,-623,-746,-723,-567,-307,0,298,536,656,654,537,326,64,-196,-411,-547,-584,-524,-391,-207,0,188,333,415,426,382,298,192,0,0,0,0,0,-247,-262,-239,-173,-73,54,191,312,394,420,378,269,109,-77,-258,-402,-477,-466,-368,-199,11,226,404,511,518,427,250,19,-224,-431,-555,-568,-465,-274,-25,242,465,594,605,491,286,10,-274,-504,-633,-632,-504,-278,6,291,525,646,634,491,247,-40,-313,-523,-617,-585,-423,-179,95,347,515,574,509,325,81,-176,-389,-505,-512,-403,-214,20,254,428,489,438,293,80,-155,-352,-472,-478,-362,-167,68,292,450,511,456,287,49,-199,-413,-536,-543,-433,-219,49,312,508,595,546,385,137,-146,-398,-570,-619,-530,-328,-52,245,486,615,620,489,244,-57,-344,-558,-646,0,-416,-143,170,449,626,660,548,325,23,-285,-530,-654,-636,-477,-214,101,400,607,677,600,388,83,-238,-504,-663,-677,-535,-268,53,368,605,700,637,436,132,-209,-502,-679,-704,-578,-318,19,355,608,732,688,481,173,-176,-494,-702,-756,-642,-384,-40,317,609,766,751,573,270,-99,-444,-688,-786,-708,-471,-134,223,528,718,752,616,343,4,-323,-577,-703,-667,-481,-191,137,428,612,656,552,320,21,-273,-499,-611,-582,-417,-154,140,401,560,589,489,272,-13,-292,-495,-579,-537,-375,-120,171,419,570,588,470,241,-41,-319,-532,-626,-574,-390,-120,185,451,623,658,544,0,0
29300,mtk,MTK 7916,2780084073,rx2-tx1,512,0,0,0,-279,-520,-648,-640,-500,-250,52,346,578,683,642,475,197,-125,-421,-627,-699,-622,-418,-125,194,471,650,693,580,337,30,-287,-545,-684,-674,-519,-247,78,387,610,712,664,469,172,-169,-474,-678,-736,-632,-408,-104,233,519,699,732,608,357,33,-293,-549,-687,-682,-540,-291,15,311,536,646,612,448,195,-86,-335,-511,-586,-528,-350,-107,145,363,489,516,432,245,16,-199,-366,-456,-443,-335,-156,48,226,358,411,369,253,89,-95,-250,-343,-351,-287,-168,-15,133,238,292,279,205,90,-39,-157,-230,-250,-206,-120,-19,82,163,205,200,145,48,-51,-128,-178,-182,-136,0,26,113,171,189,163,105,24,-68,-148,-196,-193,-149,-82,8,96,164,208,205,151,64,-26,-106,-167,-199,-188,-136,-67,12,83,133,168,164,121,69,19,-33,-75,-95,-98,-80,-49,-25,-9,0,2,4,4,14,35,56,74,87,88,79,54,5,-59,-121,-164,-179,-167,-115,-38,47,138,205,242,234,174,83,-23,-134,-219,-265,-271,-215,-112,9,127,217,259,264,228,130,4,-113,-202,-263,-271,-217,-124,-8,104,191,242,248,204,127,19,-88,-167,-220,-231,-196,-128,-37,61,140,193,206,187,139,65,-21,-101,-163,-197,-192,-164,-123,-63,-1,47,82,108,0,0,0,0,0,-80,-119,-156,-179,-176,-147,-93,-20,66,147,211,246,242,202,121,22,-78,-176,-247,-275,-256,-185,-79,37,153,238,284,279,219,115,-10,-131,-229,-284,-284,-233,-130,-4,118,217,275,288,237,139,16,-101,-203,-259,-257,-215,-133,-25,87,168,213,212,177,106,10,-76,-137,-164,-155,-119,-63,9,76,106,106,77,33,-11,-49,-72,-72,-40,4,53,97,107,88,48,-16,-94,-154,-182,-169,-103,-17,79,167,229,248,211,128,7,-125,-234,-308,-316,-251,-137,17,178,296,353,348,266,119,-55,-227,-358,-418,-390,-288,-112,98,287,414,467,422,281,80,-144,-344,0,-512,-431,-261,-42,196,405,528,539,440,249,3,-252,-455,-571,-565,-439,-223,44,305,508,611,571,414,178,-100,-364,-549,-621,-565,-392,-132,160,415,584,621,523,327,65,-216,-449,-583,-598,-482,-267,4,281,489,580,555,417,187,-83,-327,-491,-550,-492,-324,-90,155,359,479,495,398,215,-14,-231,-383,-445,-414,-298,-108,105,285,392,407,334,186,-9,-191,-316,-368,-335,-216,-52,121,263,346,343,259,106,-76,-235,-339,-363,-297,-154,28,205,340,399,361,238,57,-143,-326,-441,-460,-372,-195,32,265,446,523,489,361,146,-115,-358,-521,-580,-518,-338,-83,193,433,0,0,0,0,0,582,399,129,-174,-446,-629,-683,-588,-365,-67,242,507,667,687,557,309,0,-311,-555,-682,-660,-500,-239,79,382,602,688,624,429,138,-192,-476,-658,-702,-598,-364,-43,288,560,710,707,555,289,-39,-365,-614,-738,-706,-521,-236,91,406,637,731,669,465,176,-139,-423,-611,-667,-587,-374,-88,204,447,587,597,487,285,16,-252,-455,-553,-525,-390,-184,56,276,430,490,438,295,92,-129,-309,-413,-434,-359,-209,-22,159,304,376,359,273,130,-34,-182,-289,-326,-284,-186,-53,84,199,264,272,211,107,-10,-120,-202,-229,-204,-136,-36,67,141,185,192,142,58,-29,-112,0,-181,-150,-86,-4,82,151,181,171,125,48,-46,-132,-183,-199,-183,-115,-18,73,145,195,207,172,106,27,-60,-135,-182,-182,-157,-105,-33,46,100,134,142,118,85,49,4,-26,-49,-57,-58,-51,-39,-38,-43,-46,-53,-50,-24,9,44,88,128,157,150,111,52,-18,-103,-172,-209,-215,-183,-113,-14,86,178,243,262,228,153,47,-68,-172,-247,-280,-253,-170,-57,66,174,247,275,253,176,65,-47,-156,-237,-268,-242,-174,-72,37,139,212,242,227,164,71,-32,-124,-189,-220,-212,-165,-85,4,86,156,205,212,179,120,53,-18,-86,-131,-157,-162,-147,-112,-69,0,0,0,0,0,107,84,41,-17,-82,-143,-190,-219,-219,-192,-125,-33,66,158,223,260,252,204,119,-1,-120,-209,-265,-277,-243,-163,-42,87,194,266,290,260,179,66,-64,-181,-260,-292,-267,-194,-78,48,167,256,285,262,186,77,-41,-139,-215,-245,-226,-164,-69,26,116,187,203,173,117,39,-48,-111,-141,-131,-103,-41,22,61,87,92,61,9,-34,-66,-88,-71,-31,19,73,117,132,112,67,-5,-89,-163,-214,-217,-160,-62,54,162,244,279,262,186,61,-80,-210,-311,-353,-314,-201,-48,117,272,375,392,336,208,26,-163,-328,-433,-444,-358,-204,5,216,383,475,466,353,0,-50,-272,-444,-524,-494,-362,-149,105,343,509,567,513,348,106,-157,-394,-552,-592,-514,-321,-62,211,449,585,606,503,292,14,-264,-487,-605,-594,-465,-240,39,315,516,601,560,399,158,-108,-357,-539,-595,-521,-342,-89,181,407,539,554,456,261,4,-251,-434,-518,-494,-373,-169,75,293,429,477,424,263,54,-155,-327,-419,-413,-314,-147,54,236,351,383,325,195,24,-152,-290,-356,-342,-243,-82,97,246,331,342,270,124,-57,-229,-342,-379,-331,-198,-15,172,335,425,407,296,118,-101,-301,-441,-493,-436,-275,-50,190,402,538,549,440,245,-15,-279,-489,-598,-578,-427,0,0
29301,mtk,MTK 7916,2780115819,rx0-tx0,512,0,0,0,0,0,0,0,0,0,0,0,0,0,0,0,0,0,0,0,0,0,0,0,0,0,0,0,0,0,0,0,0,0,0,0,0,0,0,0,0,0,0,0,0,0,0,0,0,0,0,0,0,0,0,0,0,0,0,0,0,0,0,0,0,0,0,0,0,0,0,0,0,0,0,0,0,0,0,0,0,0,0,0,0,0,0,0,0,0,0,0,0,0,0,0,0,0,0,0,0,0,0,0,0,0,0,0,0,0,0,0,0,0,0,0,0,0,0,0,0,0,0,0,0,0,0,0,0,0,0,0,0,0,0,0,0,0,0,0,0,0,0,0,0,0,0,0,0,0,0,0,0,0,0,0,0,0,0,0,0,0,0,0,0,0,0,0,0,0,0,0,0,0,0,0,0,0,0,0,0,0,0,0,0,0,0,0,0,0,0,0,0,0,0,0,0,0,0,0,0,0,0,0,0,0,0,0,0,0,0,0,0,0,0,0,0,0,0,0,0,0,0,0,0,0,0,0,0,0,0,0,0,0,0,0,0,0,0,0,0,0,0,0,0,0,0,0,0,0,0,0,0,0,0,0,0,-273,656,857,225,309,332,286,187,53,-87,-221,-330,-405,-437,-427,-385,-311,-207,-86,44,179,309,419,502,549,561,537,461,348,210,43,-128,-292,-442,-566,-653,-694,-693,-643,-549,-418,-257,-74,103,278,445,573,674,753,773,751,693,592,454,286,102,-93,-283,-472,-639,-781,-865,-902,-897,-831,-715,-557,-352,-124,103,337,559,746,894,981,1014,993,907,764,582,361,115,-138,-381,-600,-780,-911,-996,-1019,-970,-875,-731,-543,-335,-109,124,339,523,685,794,859,880,845,769,665,528,372,201,21,-151,-308,-449,-572,-655,-712,-739,-731,-689,-618,-520,-395,-255,-103,55,216,375,511,621,-1687,754,771,749,689,590,459,305,138,-36,-214,-382,-528,-657,-750,-806,-830,-804,-740,-651,-528,-376,-196,-5,197,384,560,724,854,945,988,986,924,815,655,449,209,-52,-317,-579,-817,-1012,-1153,-1233,-1236,-1169,-1027,-823,-573,-270,48,363,668,937,1152,1299,1359,1348,1244,1073,839,550,226,-110,-437,-742,-1002,-1197,-1333,-1376,-1332,-1212,-1021,-771,-472,-144,199,528,823,1073,1241,1336,1357,1283,1130,907,618,283,-65,-409,-730,-990,-1185,-1292,-1318,-1241,-1075,-834,-535,-212,122,446,729,953,1100,1159,1137,1028,851,620,343,46,-253,-530,-770,-951,-1061,-1081,-999,-811,-520,-150,251,618,868,946,-233,82,0,0,0,0,0,0,0,0,0,0,0,0,0,0,0,0,0,0,0,0,0,0,0,0,0,0,0,0,0,0,0,0,0,0,0,0,0,0,0,0,0,0,0,0,0,0,0,0,0,0,0,0,0,0,0,0,0,0,0,0,0,0,0,0,0,0,0,0,0,0,0,0,0,0,0,0,0,0,0,0,0,0,0,0,0,0,0,0,0,0,0,0,0,0,0,0,0,0,0,0,0,0,0,0,0,0,0,0,0,0,0,0,0,0,0,0,0,0,0,0,0,0,0,0,0,0,0,0,0,0,0,0,0,0,0,0,0,0,0,0,0,0,0,0,0,0,0,0,0,0,0,0,0,0,0,0,0,0,0,0,0,0,0,0,0,0,0,0,0,0,0,0,0,0,0,0,0,0,0,0,0,0,0,0,0,0,0,0,0,0,0,0,0,0,0,0,0,0,0,0,0,0,0,0,0,0,0,0,0,0,0,0,0,0,0,0,0,0,0,0,0,0,0,0,0,0,0,0,0,0,0,0,0,0,0,0,0,0,0,0,0,0,0,0,0,0,0,0,0,0,0,0,0,0,0,0,-1322,732,485,160,55,-91,-230,-336,-393,-397,-352,-264,-147,-19,109,226,335,422,468,488,473,419,326,200,55,-88,-238,-381,-495,-588,-640,-635,-589,-503,-380,-224,-49,132,308,469,593,686,726,728,694,609,482,338,172,-18,-193,-370,-530,-664,-763,-820,-829,-793,-714,-598,-430,-224,-18,200,414,607,774,901,965,978,938,830,674,475,242,3,-247,-483,-690,-854,-971,-1030,-1026,-963,-839,-661,-450,-221,27,263,478,672,819,913,957,946,874,769,617,433,244,39,-163,-345,-503,-631,-722,-777,-792,-765,-705,-623,-506,-363,-219,-59,101,253,392,514,617,690,734,740,714,652,553,435,-175,132,-39,-210,-374,-524,-644,-730,-782,-801,-778,-714,-615,-483,-326,-154,26,213,379,536,674,781,851,887,875,819,731,594,425,226,12,-217,-444,-657,-843,-989,-1089,-1127,-1102,-1014,-863,-656,-404,-114,189,480,756,985,1175,1286,1318,1277,1159,966,715,415,92,-244,-565,-850,-1092,-1267,-1366,-1377,-1308,-1165,-949,-678,-365,-21,317,624,904,1126,1283,1361,1353,1259,1093,856,556,237,-105,-448,-751,-1011,-1207,-1320,-1343,-1280,-1125,-897,-608,-274,79,429,729,975,1146,1235,1240,1148,973,731,444,135,-177,-473,-722,-914,-1042,-1087,-1054,-941,-749,-500,-197,133,460,761,986,1101,1071,876,542,197,961,976
29302,mtk,MTK 7916,2780115819,rx0-tx1,512,0,0,0,0,0,0,0,0,0,0,0,0,0,0,0,0,0,0,0,0,0,0,0,0,0,0,0,0,0,0,0,0,0,0,0,0,0,0,0,0,0,0,0,0,0,0,0,0,0,0,0,0,0,0,0,0,0,0,0,0,0,0,0,0,0,0,0,0,0,0,0,0,0,0,0,0,0,0,0,0,0,0,0,0,0,0,0,0,0,0,0,0,0,0,0,0,0,0,0,0,0,0,0,0,0,0,0,0,0,0,0,0,0,0,0,0,0,0,0,0,0,0,0,0,0,0,0,0,0,0,0,0,0,0,0,0,0,0,0,0,0,0,0,0,0,0,0,0,0,0,0,0,0,0,0,0,0,0,0,0,0,0,0,0,0,0,0,0,0,0,0,0,0,0,0,0,0,0,0,0,0,0,0,0,0,0,0,0,0,0,0,0,0,0,0,0,0,0,0,0,0,0,0,0,0,0,0,0,0,0,0,0,0,0,0,0,0,0,0,0,0,0,0,0,0,0,0,0,0,0,0,0,0,0,0,0,0,0,0,0,0,0,0,0,0,0,0,0,0,0,0,0,0,0,0,0,-730,284,240,-247,-233,-149,-17,129,260,353,406,413,373,297,193,70,-65,-198,-319,-425,-501,-539,-541,-500,-411,-292,-147,23,201,372,522,638,715,743,719,641,520,358,161,-53,-264,-469,-646,-786,-879,-920,-892,-817,-694,-513,-299,-61,184,422,647,827,959,1044,1064,1023,916,752,545,301,31,-244,-500,-738,-935,-1072,-1167,-1192,-1148,-1031,-854,-633,-365,-72,226,510,768,997,1173,1273,1307,1265,1152,976,736,456,143,-188,-496,-793,-1042,-1230,-1350,-1398,-1361,-1241,-1058,-810,-518,-195,143,479,780,1037,1236,1363,1418,1388,1275,1087,854,565,240,-89,-410,-711,-965,-1167,-1304,-1361,-1360,-1271,-1114,-907,-546,-359,-45,259,556,826,1048,1210,1311,1345,1309,1205,1031,796,529,226,-85,-400,-688,-943,-1153,-1299,-1382,-1387,-1314,-1167,-950,-677,-372,-33,297,614,897,1126,1300,1397,1419,1357,1218,1015,753,452,128,-207,-525,-811,-1054,-1232,-1348,-1384,-1343,-1222,-1041,-802,-515,-201,120,428,715,959,1147,1267,1322,1300,1202,1040,817,547,246,-73,-387,-670,-921,-1120,-1249,-1295,-1267,-1161,-988,-750,-460,-152,175,491,765,992,1153,1235,1228,1145,985,758,484,177,-138,-439,-696,-904,-1037,-1095,-1074,-972,-804,-585,-331,-66,196,438,635,785,876,899,862,760,595,386,144,-122,-383,-618,-793,-877,-851,-695,-431,-155,258,291,0,0,0,0,0,0,0,0,0,0,0,0,0,0,0,0,0,0,0,0,0,0,0,0,0,0,0,0,0,0,0,0,0,0,0,0,0,0,0,0,0,0,0,0,0,0,0,0,0,0,0,0,0,0,0,0,0,0,0,0,0,0,0,0,0,0,0,0,0,0,0,0,0,0,0,0,0,0,0,0,0,0,0,0,0,0,0,0,0,0,0,0,0,0,0,0,0,0,0,0,0,0,0,0,0,0,0,0,0,0,0,0,0,0,0,0,0,0,0,0,0,0,0,0,0,0,0,0,0,0,0,0,0,0,0,0,0,0,0,0,0,0,0,0,0,0,0,0,0,0,0,0,0,0,0,0,0,0,0,0,0,0,0,0,0,0,0,0,0,0,0,0,0,0,0,0,0,0,0,0,0,0,0,0,0,0,0,0,0,0,0,0,0,0,0,0,0,0,0,0,0,0,0,0,0,0,0,0,0,0,0,0,0,0,0,0,0,0,0,0,0,0,0,0,0,0,0,0,0,0,0,0,0,0,0,0,0,0,0,0,0,0,0,0,0,0,0,0,0,0,0,0,0,0,0,0,-128,-109,-195,61,180,293,355,353,291,185,57,-83,-214,-321,-403,-453,-465,-442,-379,-286,-160,-16,135,290,425,533,610,646,630,568,461,317,141,-53,-250,-435,-596,-725,-806,-834,-811,-729,-591,-416,-213,16,249,466,666,826,934,990,985,922,798,622,410,171,-92,-347,-589,-797,-963,-1080,-1129,-1110,-1028,-894,-693,-459,-196,90,377,643,872,1055,1185,1246,1229,1154,1010,813,552,258,-50,-358,-650,-913,-1126,-1273,-1356,-1350,-1271,-1127,-907,-639,-331,-1,338,650,927,1152,1307,1398,1411,1336,1186,963,687,375,40,-295,-614,-892,-1116,-1288,-1379,-1388,-1324,-1190,-985,-739,-441,-136,181,494,773,1013,1197,1309,1345,1320,1225,1067,847,583,293,-13,-323,-614,-877,-1090,-1243,-1335,-1360,-1307,-1181,-998,-752,-468,-155,175,490,786,1039,1234,1363,1414,1385,1284,1099,860,570,250,-80,-412,-716,-981,-1193,-1333,-1399,-1389,-1298,-1140,-912,-638,-329,-4,323,624,885,1106,1261,1342,1339,1272,1134,936,677,386,76,-241,-543,-811,-1035,-1193,-1290,-1310,-1252,-1117,-920,-666,-370,-57,266,569,834,1053,1196,1268,1266,1171,1006,779,499,184,-135,-440,-722,-946,-1104,-1177,-1171,-1076,-914,-689,-416,-126,167,438,666,843,954,989,954,847,689,488,255,6,-235,-460,-647,-783,-864,-878,-804,-644,-402,-108,206,493,687,745,147,70
29303,mtk,MTK 7916,2780115819,rx1-tx0,512,0,0,0,0,0,0,0,0,0,0,0,0,0,0,0,0,0,0,0,0,0,0,0,0,0,0,0,0,0,0,0,0,0,0,0,0,0,0,0,0,0,0,0,0,0,0,0,0,0,0,0,0,0,0,0,0,0,0,0,0,0,0,0,0,0,0,0,0,0,0,0,0,0,0,0,0,0,0,0,0,0,0,0,0,0,0,0,0,0,0,0,0,0,0,0,0,0,0,0,0,0,0,0,0,0,0,0,0,0,0,0,0,0,0,0,0,0,0,0,0,0,0,0,0,0,0,0,0,0,0,0,0,0,0,0,0,0,0,0,0,0,0,0,0,0,0,0,0,0,0,0,0,0,0,0,0,0,0,0,0,0,0,0,0,0,0,0,0,0,0,0,0,0,0,0,0,0,0,0,0,0,0,0,0,0,0,0,0,0,0,0,0,0,0,0,0,0,0,0,0,0,0,0,0,0,0,0,0,0,0,0,0,0,0,0,0,0,0,0,0,0,0,0,0,0,0,0,0,0,0,0,0,0,0,0,0,0,0,0,0,0,0,0,0,0,0,0,0,0,0,0,0,0,0,0,0,146,1034,894,24,-55,-138,-203,-228,-208,-160,-86,-5,77,149,210,245,257,250,217,160,87,10,-71,-149,-219,-270,-294,-293,-268,-222,-152,-77,0,85,153,210,252,274,277,255,221,166,107,45,-19,-74,-125,-158,-177,-192,-192,-189,-172,-139,-110,-79,-54,-21,15,43,71,96,114,126,135,148,153,151,143,125,109,90,55,35,-6,-53,-96,-139,-182,-218,-240,-257,-258,-239,-199,-151,-86,-16,67,150,222,288,334,362,367,352,310,246,164,67,-34,-139,-233,-314,-370,-408,-418,-401,-358,-294,-214,-115,-8,94,197,294,365,403,419,419,394,336,260,168,70,-38,-146,-236,-144,-373,-400,-403,-391,-357,-284,-199,-114,-13,85,178,262,321,350,368,356,322,282,216,139,60,-18,-97,-176,-229,-270,-293,-295,-282,-248,-210,-160,-105,-42,20,74,121,158,190,212,218,214,206,176,145,110,67,21,-32,-73,-109,-142,-166,-180,-188,-179,-160,-140,-104,-67,-32,11,49,84,113,132,152,155,150,146,125,99,73,41,14,-15,-52,-85,-116,-133,-150,-159,-151,-144,-123,-91,-50,-1,45,85,123,157,176,183,175,150,110,72,22,-27,-77,-128,-155,-170,-169,-159,-131,-90,-42,10,52,86,116,131,142,135,104,70,30,-14,-63,-96,-103,-102,-88,819,990,0,0,0,0,0,0,0,0,0,0,0,0,0,0,0,0,0,0,0,0,0,0,0,0,0,0,0,0,0,0,0,0,0,0,0,0,0,0,0,0,0,0,0,0,0,0,0,0,0,0,0,0,0,0,0,0,0,0,0,0,0,0,0,0,0,0,0,0,0,0,0,0,0,0,0,0,0,0,0,0,0,0,0,0,0,0,0,0,0,0,0,0,0,0,0,0,0,0,0,0,0,0,0,0,0,0,0,0,0,0,0,0,0,0,0,0,0,0,0,0,0,0,0,0,0,0,0,0,0,0,0,0,0,0,0,0,0,0,0,0,0,0,0,0,0,0,0,0,0,0,0,0,0,0,0,0,0,0,0,0,0,0,0,0,0,0,0,0,0,0,0,0,0,0,0,0,0,0,0,0,0,0,0,0,0,0,0,0,0,0,0,0,0,0,0,0,0,0,0,0,0,0,0,0,0,0,0,0,0,0,0,0,0,0,0,0,0,0,0,0,0,0,0,0,0,0,0,0,0,0,0,0,0,0,0,0,0,0,0,0,0,0,0,0,0,0,0,0,0,0,0,0,0,0,0,0,206,-257,-561,-149,-171,-146,-80,13,102,174,223,246,239,208,145,68,-7,-88,-160,-222,-258,-275,-270,-242,-194,-125,-45,39,123,197,251,277,290,277,239,190,126,55,-19,-88,-150,-200,-228,-244,-239,-221,-188,-141,-100,-51,-5,36,82,113,131,144,154,157,148,134,128,119,95,69,40,16,-14,-38,-66,-95,-120,-150,-165,-177,-197,-198,-185,-166,-138,-90,-39,15,78,145,205,254,293,310,319,302,266,209,130,41,-48,-142,-231,-306,-368,-398,-407,-388,-343,-273,-187,-88,20,123,220,300,370,416,429,417,387,324,229,129,30,-67,-170,-265,-338,-391,-422,-425,-396,-346,147,-190,-86,12,110,209,298,347,382,399,385,351,294,211,132,41,-57,-138,-213,-275,-309,-324,-325,-314,-274,-216,-152,-80,-10,62,126,178,215,241,252,248,227,201,166,123,75,21,-24,-75,-120,-144,-172,-189,-203,-201,-179,-156,-124,-84,-42,-2,44,80,114,145,159,170,171,157,141,112,82,46,9,-17,-51,-83,-104,-125,-140,-143,-145,-134,-121,-102,-75,-50,-6,36,73,112,139,161,173,168,153,131,92,45,-5,-59,-108,-145,-175,-185,-177,-165,-128,-83,-32,18,62,104,133,152,155,142,118,83,45,0,-53,-92,-116,-126,-126,-113,-74,-38,2,37,685,393
29304,mtk,MTK 7916,2780115819,rx1-tx1,512,0,0,0,0,0,0,0,0,0,0,0,0,0,0,0,0,0,0,0,0,0,0,0,0,0,0,0,0,0,0,0,0,0,0,0,0,0,0,0,0,0,0,0,0,0,0,0,0,0,0,0,0,0,0,0,0,0,0,0,0,0,0,0,0,0,0,0,0,0,0,0,0,0,0,0,0,0,0,0,0,0,0,0,0,0,0,0,0,0,0,0,0,0,0,0,0,0,0,0,0,0,0,0,0,0,0,0,0,0,0,0,0,0,0,0,0,0,0,0,0,0,0,0,0,0,0,0,0,0,0,0,0,0,0,0,0,0,0,0,0,0,0,0,0,0,0,0,0,0,0,0,0,0,0,0,0,0,0,0,0,0,0,0,0,0,0,0,0,0,0,0,0,0,0,0,0,0,0,0,0,0,0,0,0,0,0,0,0,0,0,0,0,0,0,0,0,0,0,0,0,0,0,0,0,0,0,0,0,0,0,0,0,0,0,0,0,0,0,0,0,0,0,0,0,0,0,0,0,0,0,0,0,0,0,0,0,0,0,0,0,0,0,0,0,0,0,0,0,0,0,0,0,0,0,0,0,-411,726,455,-6,-4,-1,8,20,25,27,26,19,13,3,-12,-26,-35,-39,-36,-25,-3,18,34,46,52,41,18,-7,-25,-50,-69,-65,-39,-7,28,58,77,76,52,18,-16,-49,-75,-85,-73,-42,-2,40,77,92,84,60,16,-34,-76,-97,-91,-59,-14,33,69,93,92,67,22,-27,-69,-90,-86,-60,-20,29,70,86,74,49,8,-37,-63,-75,-71,-37,6,40,65,71,55,23,-18,-57,-76,-73,-47,-3,42,71,84,78,44,-9,-64,-96,-100,-78,-31,31,80,111,113,84,31,-37,-97,-129,-127,-91,-31,40,108,143,141,104,46,-35,-111,-156,-158,-123,0,20,97,151,169,145,85,5,-75,-135,-163,-151,-109,-38,38,100,132,134,107,60,5,-53,-99,-120,-111,-85,-45,0,41,74,101,100,84,53,12,-30,-64,-95,-106,-92,-67,-23,39,92,119,129,112,64,-5,-76,-127,-156,-154,-107,-29,57,137,187,187,135,46,-54,-142,-201,-213,-165,-66,55,157,226,245,198,96,-37,-166,-262,-291,-239,-124,17,158,267,317,286,178,25,-131,-259,-327,-315,-228,-84,79,227,315,328,261,137,-17,-165,-271,-311,-276,-179,-39,111,226,275,261,190,72,-64,-180,-251,-265,-215,-116,11,134,227,278,278,225,139,38,-75,1014,1015,0,0,0,0,0,0,0,0,0,0,0,0,0,0,0,0,0,0,0,0,0,0,0,0,0,0,0,0,0,0,0,0,0,0,0,0,0,0,0,0,0,0,0,0,0,0,0,0,0,0,0,0,0,0,0,0,0,0,0,0,0,0,0,0,0,0,0,0,0,0,0,0,0,0,0,0,0,0,0,0,0,0,0,0,0,0,0,0,0,0,0,0,0,0,0,0,0,0,0,0,0,0,0,0,0,0,0,0,0,0,0,0,0,0,0,0,0,0,0,0,0,0,0,0,0,0,0,0,0,0,0,0,0,0,0,0,0,0,0,0,0,0,0,0,0,0,0,0,0,0,0,0,0,0,0,0,0,0,0,0,0,0,0,0,0,0,0,0,0,0,0,0,0,0,0,0,0,0,0,0,0,0,0,0,0,0,0,0,0,0,0,0,0,0,0,0,0,0,0,0,0,0,0,0,0,0,0,0,0,0,0,0,0,0,0,0,0,0,0,0,0,0,0,0,0,0,0,0,0,0,0,0,0,0,0,0,0,0,0,0,0,0,0,0,0,0,0,0,0,0,0,0,0,0,0,0,-92,-764,-957,-11,-19,-19,-19,-16,-13,-4,6,17,26,32,32,26,15,-1,-16,-31,-39,-36,-30,-14,10,36,51,54,45,29,2,-29,-51,-70,-70,-49,-18,15,51,78,83,69,35,-7,-47,-79,-89,-77,-51,-10,39,75,90,81,50,9,-34,-73,-95,-89,-59,-18,26,67,89,90,62,20,-24,-66,-87,-88,-58,-13,27,61,83,69,36,-2,-37,-64,-73,-66,-34,8,46,67,70,50,12,-27,-62,-78,-69,-43,-1,48,88,100,73,24,-20,-64,-98,-106,-84,-32,32,88,119,117,82,27,-43,-103,-142,-144,-105,-39,39,108,154,158,114,43,-33,-110,0,-171,-135,-70,10,85,143,169,153,93,16,-63,-124,-155,-148,-111,-56,9,73,117,129,114,77,29,-26,-71,-102,-108,-98,-70,-25,18,57,90,102,97,76,40,-5,-52,-94,-117,-118,-89,-37,21,79,125,140,123,81,14,-63,-135,-176,-172,-120,-41,54,142,198,198,150,62,-50,-154,-222,-234,-183,-80,47,171,251,268,220,114,-23,-162,-266,-308,-269,-157,-4,151,272,325,300,203,55,-112,-251,-329,-330,-251,-113,51,199,297,327,278,162,14,-136,-253,-304,-274,-181,-51,89,200,260,257,194,80,-49,-168,-249,-277,-244,-161,-50,72,176,247,273,251,151,-177
29305,mtk,MTK 7916,2780115819,rx2-tx0,512,0,0,0,0,0,0,0,0,0,0,0,0,0,0,0,0,0,0,0,0,0,0,0,0,0,0,0,0,0,0,0,0,0,0,0,0,0,0,0,0,0,0,0,0,0,0,0,0,0,0,0,0,0,0,0,0,0,0,0,0,0,0,0,0,0,0,0,0,0,0,0,0,0,0,0,0,0,0,0,0,0,0,0,0,0,0,0,0,0,0,0,0,0,0,0,0,0,0,0,0,0,0,0,0,0,0,0,0,0,0,0,0,0,0,0,0,0,0,0,0,0,0,0,0,0,0,0,0,0,0,0,0,0,0,0,0,0,0,0,0,0,0,0,0,0,0,0,0,0,0,0,0,0,0,0,0,0,0,0,0,0,0,0,0,0,0,0,0,0,0,0,0,0,0,0,0,0,0,0,0,0,0,0,0,0,0,0,0,0,0,0,0,0,0,0,0,0,0,0,0,0,0,0,0,0,0,0,0,0,0,0,0,0,0,0,0,0,0,0,0,0,0,0,0,0,0,0,0,0,0,0,0,0,0,0,0,0,0,0,0,0,0,0,0,0,0,0,0,0,0,0,0,0,0,0,0,-136,-1124,-1015,17,40,59,70,77,74,59,33,-2,-42,-77,-99,-105,-85,-47,3,55,100,129,131,104,50,-21,-93,-153,-180,-166,-112,-31,57,145,211,227,185,98,-13,-129,-218,-257,-234,-156,-33,101,212,279,277,204,78,-70,-206,-292,-305,-240,-109,51,202,308,327,259,123,-47,-210,-319,-343,-275,-133,51,224,340,364,285,132,-58,-245,-368,-392,-308,-140,69,266,398,424,341,163,-62,-275,-419,-453,-370,-187,49,272,430,474,395,217,-20,-250,-408,-458,-393,-225,-1,223,383,437,375,220,11,-197,-348,-404,-349,-199,1,193,339,391,338,190,-5,-195,-327,-377,-327,0,16,191,318,367,317,182,0,-181,-312,-363,-318,-192,-15,169,306,363,329,216,47,-137,-286,-361,-350,-251,-86,94,251,348,359,283,145,-31,-203,-329,-377,-334,-211,-39,142,293,376,371,279,124,-56,-224,-343,-385,-337,-214,-39,143,289,372,369,272,119,-64,-235,-343,-366,-309,-178,-2,173,304,357,329,219,50,-125,-264,-342,-328,-231,-81,86,233,321,322,240,99,-62,-212,-309,-324,-254,-126,36,190,292,324,276,156,-3,-162,-276,-326,-297,-196,-47,113,244,318,316,238,105,-53,-196,-293,-327,-286,-180,-32,120,247,324,341,295,194,64,-66,-178,-256,-295,-756,-980,0,0,0,0,0,0,0,0,0,0,0,0,0,0,0,0,0,0,0,0,0,0,0,0,0,0,0,0,0,0,0,0,0,0,0,0,0,0,0,0,0,0,0,0,0,0,0,0,0,0,0,0,0,0,0,0,0,0,0,0,0,0,0,0,0,0,0,0,0,0,0,0,0,0,0,0,0,0,0,0,0,0,0,0,0,0,0,0,0,0,0,0,0,0,0,0,0,0,0,0,0,0,0,0,0,0,0,0,0,0,0,0,0,0,0,0,0,0,0,0,0,0,0,0,0,0,0,0,0,0,0,0,0,0,0,0,0,0,0,0,0,0,0,0,0,0,0,0,0,0,0,0,0,0,0,0,0,0,0,0,0,0,0,0,0,0,0,0,0,0,0,0,0,0,0,0,0,0,0,0,0,0,0,0,0,0,0,0,0,0,0,0,0,0,0,0,0,0,0,0,0,0,0,0,0,0,0,0,0,0,0,0,0,0,0,0,0,0,0,0,0,0,0,0,0,0,0,0,0,0,0,0,0,0,0,0,0,0,0,0,0,0,0,0,0,0,0,0,0,0,0,0,0,0,0,0,1335,128,481,-50,-51,-40,-18,7,37,65,86,94,87,61,22,-26,-72,-104,-118,-109,-77,-23,41,101,143,162,140,82,7,-79,-156,-198,-196,-151,-65,40,139,214,242,212,127,9,-119,-222,-275,-262,-185,-61,88,217,288,292,226,98,-58,-204,-298,-317,-248,-117,49,203,307,333,270,131,-48,-215,-327,-356,-287,-136,56,236,354,382,304,138,-67,-258,-382,-407,-321,-152,65,273,414,442,350,168,-60,-281,-429,-466,-384,-202,32,258,416,465,394,223,-10,-237,-399,-453,-389,-225,-4,213,367,422,367,215,9,-194,-345,-400,-342,-200,-8,187,328,379,325,182,-7,-196,0,-378,-322,-181,6,185,319,368,320,189,9,-173,-311,-367,-329,-205,-28,153,293,356,336,226,58,-120,-269,-356,-356,-270,-118,65,233,344,373,314,181,6,-168,-305,-372,-352,-248,-87,97,258,358,375,307,169,-8,-189,-324,-382,-350,-241,-78,104,268,366,375,292,141,-34,-199,-322,-363,-318,-196,-27,145,279,348,328,226,66,-106,-251,-333,-327,-237,-93,73,219,311,322,248,112,-49,-198,-296,-320,-265,-142,19,175,288,327,282,172,24,-135,-265,-326,-308,-216,-75,84,225,309,323,265,146,-7,-158,-273,-332,-318,-232,-106,40,183,290,338,331,277,190,67,-864,-573
29306,mtk,MTK 7916,2780115819,rx2-tx1,512,0,0,0,0,0,0,0,0,0,0,0,0,0,0,0,0,0,0,0,0,0,0,0,0,0,0,0,0,0,0,0,0,0,0,0,0,0,0,0,0,0,0,0,0,0,0,0,0,0,0,0,0,0,0,0,0,0,0,0,0,0,0,0,0,0,0,0,0,0,0,0,0,0,0,0,0,0,0,0,0,0,0,0,0,0,0,0,0,0,0,0,0,0,0,0,0,0,0,0,0,0,0,0,0,0,0,0,0,0,0,0,0,0,0,0,0,0,0,0,0,0,0,0,0,0,0,0,0,0,0,0,0,0,0,0,0,0,0,0,0,0,0,0,0,0,0,0,0,0,0,0,0,0,0,0,0,0,0,0,0,0,0,0,0,0,0,0,0,0,0,0,0,0,0,0,0,0,0,0,0,0,0,0,0,0,0,0,0,0,0,0,0,0,0,0,0,0,0,0,0,0,0,0,0,0,0,0,0,0,0,0,0,0,0,0,0,0,0,0,0,0,0,0,0,0,0,0,0,0,0,0,0,0,0,0,0,0,0,0,0,0,0,0,0,0,0,0,0,0,0,0,0,0,0,0,0,236,-935,-898,23,46,61,70,71,58,36,2,-34,-57,-65,-63,-44,-13,18,47,65,64,48,16,-24,-61,-79,-76,-49,-1,51,89,107,92,52,-10,-70,-117,-138,-121,-70,6,87,150,181,159,82,-21,-110,-185,-218,-180,-85,28,146,236,262,213,102,-47,-194,-293,-318,-256,-123,50,215,333,369,300,142,-53,-244,-382,-416,-330,-157,60,271,414,452,369,180,-55,-271,-426,-467,-379,-189,56,284,438,480,392,197,-53,-298,-457,-497,-401,-203,47,280,444,487,398,208,-43,-277,-426,-460,-370,-184,48,260,397,423,336,153,-64,-254,-364,-378,-284,-112,81,243,340,337,0,64,-112,-255,-321,-289,-169,-1,161,276,311,256,129,-34,-194,-300,-316,-241,-99,74,228,320,316,225,70,-100,-244,-325,-317,-217,-63,105,248,324,300,200,53,-111,-243,-305,-289,-195,-56,94,215,273,255,166,35,-96,-191,-231,-209,-136,-24,79,153,184,164,91,-2,-82,-138,-145,-107,-42,26,88,118,117,82,20,-47,-98,-117,-100,-53,7,64,100,107,82,34,-22,-69,-98,-97,-67,-21,30,76,92,81,56,14,-34,-68,-85,-75,-40,0,33,60,77,69,36,-4,-40,-65,-72,-58,-28,5,41,71,78,63,32,-16,-56,-83,-98,-101,-84,-48,-2,-534,-750,0,0,0,0,0,0,0,0,0,0,0,0,0,0,0,0,0,0,0,0,0,0,0,0,0,0,0,0,0,0,0,0,0,0,0,0,0,0,0,0,0,0,0,0,0,0,0,0,0,0,0,0,0,0,0,0,0,0,0,0,0,0,0,0,0,0,0,0,0,0,0,0,0,0,0,0,0,0,0,0,0,0,0,0,0,0,0,0,0,0,0,0,0,0,0,0,0,0,0,0,0,0,0,0,0,0,0,0,0,0,0,0,0,0,0,0,0,0,0,0,0,0,0,0,0,0,0,0,0,0,0,0,0,0,0,0,0,0,0,0,0,0,0,0,0,0,0,0,0,0,0,0,0,0,0,0,0,0,0,0,0,0,0,0,0,0,0,0,0,0,0,0,0,0,0,0,0,0,0,0,0,0,0,0,0,0,0,0,0,0,0,0,0,0,0,0,0,0,0,0,0,0,0,0,0,0,0,0,0,0,0,0,0,0,0,0,0,0,0,0,0,0,0,0,0,0,0,0,0,0,0,0,0,0,0,0,0,0,0,0,0,0,0,0,0,0,0,0,0,0,0,0,0,0,0,0,-351,-17,286,-57,-47,-32,-12,14,42,64,75,69,47,15,-18,-47,-65,-66,-50,-21,17,47,67,70,45,3,-39,-76,-97,-88,-51,3,61,101,119,112,72,0,-80,-132,-155,-134,-72,15,105,168,186,158,84,-27,-132,-206,-232,-201,-101,36,169,262,280,226,114,-38,-201,-310,-333,-268,-131,54,234,353,383,315,158,-55,-254,-386,-421,-349,-173,59,273,415,451,372,189,-48,-278,-436,-476,-391,-198,47,284,451,492,395,200,-46,-285,-450,-492,-405,-211,40,284,440,471,377,191,-47,-270,-419,-445,-351,-171,48,252,382,401,306,133,-69,-248,-356,-358,-259,-91,99,0,327,306,203,37,-140,-276,-322,-278,-155,14,181,292,315,246,111,-59,-215,-309,-314,-234,-86,89,238,319,319,225,64,-111,-251,-326,-316,-224,-68,113,256,320,298,200,52,-107,-233,-289,-271,-179,-37,101,201,245,226,152,32,-97,-182,-209,-185,-113,-16,85,152,168,134,67,-17,-91,-134,-134,-94,-29,38,92,123,105,60,4,-52,-104,-117,-95,-51,10,72,106,108,82,34,-22,-67,-92,-91,-59,-15,28,68,87,77,45,2,-41,-69,-76,-66,-42,-5,37,70,76,59,28,-9,-45,-65,-72,-61,-35,5,47,76,85,77,47,6,-32,-65,-95,-111,-769,-559
29307,mtk,MTK 7916,2780121882,rx0-tx0,512,-1687,754,771,-307,-244,-185,-112,-24,64,152,237,306,363,404,420,418,385,325,249,151,41,-77,-197,-307,-396,-469,-517,-533,-509,-454,-369,-256,-124,16,161,294,421,517,581,614,596,545,461,346,215,60,-98,-244,-383,-493,-574,-614,-627,-598,-533,-441,-320,-187,-35,119,262,384,499,585,634,655,629,576,492,360,215,68,-100,-270,-422,-553,-655,-724,-755,-732,-660,-551,-405,-232,-42,164,365,538,691,812,874,876,823,717,568,376,151,-87,-328,-546,-721,-871,-953,-969,-925,-818,-650,-456,-217,46,293,521,718,871,971,1001,965,865,713,510,277,25,-229,-460,-674,-846,-951,-1000,-273,-917,-776,-590,-359,-111,142,394,621,808,946,1020,1029,974,850,674,451,194,-76,-339,-587,-797,-954,-1056,-1079,-1042,-931,-753,-527,-266,11,293,561,798,980,1099,1141,1109,1000,828,600,325,13,-289,-581,-837,-1030,-1162,-1200,-1167,-1053,-847,-595,-300,25,346,635,892,1087,1194,1216,1148,995,773,496,182,-138,-432,-704,-913,-1053,-1118,-1091,-982,-814,-588,-326,-53,220,471,678,831,916,927,890,777,608,410,186,-38,-251,-440,-595,-698,-746,-740,-686,-584,-439,-276,-88,100,273,424,538,611,634,607,535,411,263,88,-94,-260,-399,-503,-551,-535,-459,-331,-170,1,164,286,351,349,511,621,-546,-359,-45,64,-37,-152,-249,-317,-341,-323,-261,-169,-56,71,185,279,346,381,386,348,301,220,116,4,-104,-212,-305,-375,-419,-436,-418,-371,-297,-193,-71,63,190,318,419,497,539,531,484,404,273,134,-13,-173,-322,-441,-538,-584,-588,-544,-460,-345,-200,-44,117,259,382,481,543,555,530,472,385,281,164,33,-101,-223,-325,-410,-474,-503,-488,-454,-388,-300,-187,-68,55,181,288,368,435,464,459,430,382,299,198,92,-28,-135,-231,-314,-380,-415,-419,-392,-345,-287,-208,-102,-19,74,169,239,295,337,361,354,329,287,226,152,78,5,-74,-138,-192,-244,-278,-299,-305,-292,-730,-238,-191,-122,-50,30,109,193,269,319,355,365,350,316,257,178,89,-12,-106,-194,-278,-334,-353,-359,-341,-303,-250,-175,-94,-15,56,123,193,238,265,283,275,265,239,201,162,114,67,19,-40,-98,-148,-187,-238,-270,-287,-295,-284,-254,-209,-148,-75,3,77,153,229,293,337,360,367,344,300,231,155,63,-39,-126,-222,-287,-343,-379,-383,-370,-328,-269,-192,-108,-18,68,138,210,274,312,339,347,337,312,255,197,120,41,-41,-123,-199,-258,-312,-340,-348,-341,-311,-266,-201,-123,-43,41,118,195,259,302,336,343,334,305,261,205,131,54,-26,-103,-173,-236,-1114,-907,-175,132,-39,198,264,315,359,379,374,354,312,248,175,83,-13,-113,-213,-303,-378,-439,-471,-480,-456,-397,-317,-215,-94,43,177,305,419,506,560,579,557,502,415,294,165,10,-143,-280,-410,-512,-585,-627,-619,-578,-502,-389,-255,-107,44,198,333,453,544,606,633,620,569,494,394,260,121,-33,-187,-324,-460,-571,-638,-685,-697,-656,-575,-461,-320,-153,28,221,396,550,676,761,810,810,752,648,506,314,99,-123,-345,-548,-718,-844,-919,-939,-893,-778,-620,-422,-180,66,313,543,731,871,971,988,941,841,680,481,249,-6,-258,-494,-701,-861,-958,-996,-969,-887,-752,-548,-318,-70,-1322,436,654,824,946,1006,1012,947,814,630,404,148,-109,-368,-601,-802,-950,-1033,-1046,-1002,-889,-715,-493,-231,43,312,575,797,964,1068,1102,1069,970,798,571,300,5,-291,-572,-811,-1003,-1132,-1181,-1145,-1041,-857,-614,-325,-5,302,610,867,1058,1187,1228,1171,1037,828,559,246,-75,-398,-680,-914,-1079,-1169,-1160,-1079,-917,-684,-410,-108,194,468,700,890,997,1034,998,892,721,501,247,0,-240,-468,-639,-765,-832,-835,-776,-669,-521,-342,-137,66,257,428,554,641,686,673,609,504,364,201,22,-153,-321,-456,-547,-592,-584,-517,-412,-259,-83,101,267,395,464,472,416,302,154,6,553,435,1197,1309,1345,-247,-276,-257,-190,-92,30,151,256,327,371,374,332,265,168,63,-56,-165,-257,-339,-387,-400,-393,-354,-290,-197,-89,31,151,261,359,435,479,486,459,396,294,168,22,-119,-253,-390,-493,-548,-572,-556,-485,-380,-244,-91,66,224,364,478,552,583,566,503,415,302,169,21,-122,-257,-364,-441,-491,-511,-497,-449,-377,-288,-178,-50,77,195,306,395,455,484,485,457,385,302,198,76,-44,-159,-266,-353,-402,-436,-440,-413,-360,-290,-203,-98,6,112,204,281,348,378,385,383,341,275,204,128,38,-50,-127,-196,-254,-297,-314,-323,-311,-281,-246,-196,-127,-62,13,82,-128,213,269,308,328,330,316,290,231,160,79,-18,-109,-198,-276,-331,-367,-382,-363,-328,-260,-171,-82,5,94,173,246,297,322,318,306,280,240,178,119,52,-12,-64,-120,-162,-202,-229,-246,-257,-258,-246,-215,-184,-144,-87,-29,36,108,172,229,278,315,332,328,309,264,203,123,38,-53,-148,-233,-305,-355,-387,-386,-366,-325,-256,-181,-83,10,102,190,260,313,348,361,345,317,286,226,148,66,-18,-88,-163,-227,-279,-323,-343,-347,-332,-294,-239,-170,-82,2,84,164,232,293,330,347,343,320,287,228,165,88,3,-77,-153,-216,-270,-311,-337,-345,-335,-302,-250,773,1013
29308,mtk,MTK 7916,2780121882,rx0-tx1,512,-144,-373,-400,385,597,777,916,997,1021,983,885,743,561,333,88,-164,-414,-633,-825,-964,-1040,-1061,-1019,-915,-753,-551,-313,-49,216,473,701,889,1022,1096,1107,1046,938,765,536,285,15,-261,-522,-760,-951,-1086,-1152,-1161,-1097,-953,-758,-515,-241,46,332,599,826,1019,1139,1186,1171,1069,914,714,469,189,-92,-369,-632,-854,-1020,-1133,-1172,-1149,-1062,-904,-699,-452,-170,113,393,652,880,1053,1165,1209,1180,1077,907,682,409,116,-188,-487,-760,-980,-1138,-1231,-1239,-1162,-1024,-827,-562,-268,34,339,620,856,1035,1152,1192,1165,1052,874,656,396,114,-178,-443,-686,-875,-1003,-1084,-1096,-1042,-925,-751,-529,146,-42,230,473,694,866,980,1050,1052,989,872,697,478,228,-34,-297,-548,-761,-930,-1034,-1081,-1061,-972,-821,-622,-383,-104,167,432,670,863,1013,1102,1110,1059,929,746,505,233,-54,-333,-595,-820,-984,-1101,-1140,-1104,-996,-826,-606,-336,-48,254,531,770,964,1089,1146,1125,1034,858,633,372,76,-224,-497,-741,-930,-1061,-1107,-1080,-977,-810,-579,-320,-33,247,498,707,867,970,989,939,827,666,453,214,-27,-258,-470,-628,-750,-817,-816,-756,-644,-495,-315,-114,86,270,434,559,635,667,649,579,459,309,143,-33,-208,-357,-472,-541,-550,-509,-414,-273,-118,44,195,304,358,355,293,-146,-236,0,20,97,-173,-307,-409,-447,-425,-345,-203,-32,138,300,433,517,556,541,473,368,234,82,-75,-235,-379,-484,-560,-600,-596,-550,-462,-335,-194,-33,140,306,456,580,675,715,720,669,571,422,242,44,-163,-378,-567,-731,-843,-899,-888,-815,-683,-504,-277,-10,256,498,718,876,990,1033,992,884,719,501,253,-22,-292,-545,-753,-913,-1019,-1057,-1018,-916,-751,-529,-274,-11,255,512,723,897,1004,1045,1014,923,776,568,334,85,-176,-424,-626,-810,-927,-982,-984,-923,-804,-645,-448,-217,18,261,482,666,817,926,978,964,895,775,608,402,162,-81,-322,-543,-737,-891,-990,-1028,-1011,-925,-779,-411,-364,-101,174,437,683,883,1035,1126,1149,1093,965,784,541,254,-50,-354,-633,-880,-1071,-1192,-1241,-1201,-1099,-915,-664,-377,-64,248,544,811,1030,1178,1250,1244,1156,1003,789,522,233,-78,-373,-646,-885,-1058,-1174,-1217,-1191,-1090,-925,-706,-450,-169,120,408,668,884,1061,1170,1202,1173,1076,912,693,437,151,-142,-427,-688,-917,-1090,-1199,-1233,-1196,-1083,-904,-664,-385,-89,223,513,774,997,1145,1224,1232,1167,1020,809,559,276,-24,-321,-600,-835,-1025,-1150,-1195,-1167,-1071,-906,-694,-448,-166,125,397,643,855,1008,1092,1114,1069,964,799,587,342,84,-182,-437,-649,-829,-955,-1025,-1036,-982,-876,-158,-123,147,-190,-86,928,813,653,452,214,-30,-279,-505,-703,-870,-989,-1042,-1041,-969,-842,-666,-441,-197,62,322,562,769,925,1039,1083,1066,986,846,655,421,167,-111,-373,-614,-832,-999,-1101,-1145,-1110,-1013,-860,-654,-404,-133,146,436,690,899,1061,1156,1183,1141,1022,851,623,347,67,-226,-505,-745,-940,-1087,-1169,-1173,-1121,-995,-807,-580,-323,-38,238,512,752,947,1100,1179,1186,1128,1002,811,569,295,8,-286,-566,-814,-1020,-1157,-1226,-1222,-1142,-987,-766,-501,-207,108,410,681,922,1102,1199,1225,1176,1049,858,616,332,34,-262,-544,-776,-964,-1090,-1146,-1124,-1038,-897,-693,-467,-209,66,334,572,778,926,206,1072,1043,947,805,611,391,143,-128,-381,-611,-814,-959,-1048,-1067,-1037,-934,-775,-557,-306,-41,231,490,719,900,1035,1096,1086,1018,876,679,446,171,-108,-388,-639,-850,-1013,-1106,-1127,-1077,-964,-780,-553,-291,-1,285,552,786,972,1094,1147,1123,1015,852,622,354,65,-225,-513,-762,-950,-1072,-1136,-1108,-1011,-844,-621,-352,-61,225,491,726,909,1023,1072,1030,919,746,530,273,3,-258,-492,-687,-825,-891,-897,-848,-733,-570,-379,-165,54,266,450,592,691,736,723,664,561,411,242,58,-128,-301,-444,-542,-596,-608,-560,-464,-332,-168,3,169,316,419,469,467,402,286,146,0,-119,-396,-346,0,-171,-135,-310,-250,-118,42,203,358,470,517,505,448,335,188,25,-146,-302,-425,-520,-565,-569,-536,-450,-337,-200,-45,116,270,415,530,606,654,647,597,502,376,212,33,-158,-342,-512,-653,-752,-803,-806,-746,-631,-468,-262,-31,208,437,639,806,927,982,951,866,707,497,259,-13,-284,-528,-747,-912,-1013,-1047,-1002,-898,-724,-513,-264,8,274,525,747,920,1022,1056,1025,923,766,556,306,34,-237,-479,-697,-864,-968,-1018,-1004,-917,-787,-606,-378,-142,101,342,561,736,872,950,975,946,850,708,520,305,68,-171,-398,-608,-779,-906,-977,-991,-952,-853,-705,-500,-265,-15,237,488,706,-92,1023,1089,1085,1014,882,687,451,178,-108,-399,-656,-881,-1061,-1168,-1204,-1158,-1040,-851,-605,-318,-5,306,593,861,1060,1197,1256,1232,1130,957,720,441,143,-173,-476,-742,-966,-1124,-1215,-1235,-1174,-1048,-851,-606,-335,-43,257,539,780,974,1113,1189,1200,1139,1001,811,580,305,14,-275,-556,-806,-999,-1139,-1213,-1215,-1142,-1004,-807,-558,-276,25,327,607,852,1044,1175,1240,1228,1131,977,755,482,187,-116,-418,-696,-922,-1088,-1193,-1218,-1169,-1049,-869,-640,-363,-71,216,493,745,935,1075,1150,1151,1080,947,756,516,255,-16,-287,-535,-754,-919,-1028,-1070,-1059,-973,-840,-657,-436,-191,62,307,529,-33,-110
29309,mtk,MTK 7916,2780121882,rx1-tx0,512,0,16,191,52,-155,-349,-512,-645,-750,-802,-816,-778,-700,-582,-436,-264,-75,109,297,467,614,723,786,816,804,744,648,505,328,133,-72,-280,-478,-648,-778,-867,-917,-902,-848,-737,-577,-384,-167,71,310,535,731,892,1011,1054,1051,976,843,649,418,155,-127,-417,-682,-914,-1094,-1202,-1243,-1196,-1087,-881,-633,-335,-6,336,661,933,1161,1303,1363,1338,1217,1015,746,427,82,-265,-596,-885,-1119,-1280,-1350,-1347,-1258,-1068,-821,-540,-210,125,460,751,998,1187,1296,1316,1253,1122,907,638,342,13,-328,-623,-889,-1095,-1224,-1281,-1241,-1134,-957,-703,-412,-101,221,518,781,998,1138,1206,1193,1107,952,737,-136,179,-130,-420,-675,-881,-1033,-1130,-1138,-1074,-948,-756,-519,-246,34,305,561,782,941,1039,1074,1035,928,760,554,305,30,-224,-468,-680,-840,-945,-1000,-972,-873,-734,-560,-347,-104,135,354,553,719,830,880,871,812,717,556,367,172,-38,-237,-410,-568,-689,-756,-787,-757,-688,-579,-435,-273,-88,90,273,440,573,676,714,718,683,602,488,333,156,-30,-213,-380,-522,-616,-672,-677,-634,-561,-449,-303,-137,25,205,348,460,553,598,600,553,476,360,224,86,-66,-215,-334,-432,-494,-509,-497,-438,-352,-233,-99,47,179,289,375,425,432,388,305,187,58,-65,-172,-242,-270,-250,-377,-327,0,64,-112,-118,-40,59,156,235,281,305,283,233,162,64,-35,-134,-221,-281,-321,-328,-321,-282,-228,-160,-69,18,106,190,262,320,363,379,373,350,299,211,111,7,-100,-218,-326,-417,-491,-532,-526,-495,-420,-309,-172,-12,148,312,464,577,654,685,673,605,499,347,159,-30,-228,-413,-567,-699,-772,-797,-767,-670,-549,-386,-189,28,251,460,634,772,853,886,854,763,615,428,208,-37,-283,-499,-688,-839,-928,-962,-923,-821,-661,-455,-222,34,289,517,718,870,970,999,943,834,684,484,238,-28,-277,-516,-717,-875,-966,-995,-960,-860,-707,-506,-280,-32,211,444,651,800,912,963,236,891,762,589,380,142,-103,-336,-557,-752,-889,-974,-1004,-964,-860,-713,-513,-280,-23,233,476,695,870,985,1049,1035,965,826,639,413,150,-106,-364,-605,-806,-951,-1044,-1067,-1029,-940,-783,-570,-328,-63,201,470,692,886,1032,1099,1116,1056,932,746,512,257,-18,-300,-571,-804,-992,-1117,-1172,-1159,-1070,-923,-709,-438,-146,148,444,722,945,1104,1198,1219,1160,1033,831,569,275,-33,-338,-622,-857,-1047,-1166,-1209,-1164,-1038,-863,-634,-365,-77,209,486,732,925,1048,1117,1098,1010,883,682,459,202,-72,-325,-561,-764,-906,-991,-1012,-977,-875,-725,-534,-306,-61,173,395,585,734,841,877,884,340,337,0,-378,-322,-844,-827,-761,-644,-507,-335,-146,46,241,412,566,683,768,800,791,747,660,542,379,201,11,-186,-369,-536,-684,-789,-852,-867,-831,-744,-615,-449,-261,-41,181,394,599,762,880,956,985,951,857,711,524,290,41,-209,-471,-707,-905,-1044,-1129,-1150,-1097,-969,-788,-539,-252,64,368,663,926,1125,1261,1315,1287,1162,966,708,385,50,-299,-623,-911,-1145,-1303,-1372,-1353,-1247,-1055,-794,-480,-144,189,531,836,1063,1232,1318,1330,1255,1095,874,590,271,-66,-383,-685,-947,-1135,-1255,-1309,-1258,-1125,-936,-675,-380,-54,275,570,843,1051,1181,1241,1223,1121,955,719,442,138,-169,-461,-724,-937,1335,-1168,-1172,-1088,-945,-743,-505,-223,79,357,615,832,993,1089,1103,1055,943,761,530,278,10,-264,-519,-730,-887,-1000,-1034,-1002,-917,-765,-562,-330,-70,198,427,620,776,895,946,926,849,728,562,361,134,-95,-299,-486,-653,-754,-816,-832,-778,-690,-570,-406,-231,-38,163,345,506,625,706,743,734,691,595,469,307,128,-45,-225,-391,-532,-641,-702,-716,-681,-602,-481,-328,-155,34,204,353,485,590,639,647,603,512,407,276,115,-46,-196,-330,-448,-513,-550,-554,-506,-417,-312,-177,-40,105,240,352,431,477,476,430,350,241,111,-26,-156,-267,-344,-368,-347,-280,-183,-75,24,-7,-196,0,327,306,183,240,253,229,165,81,-22,-133,-217,-288,-327,-326,-304,-242,-169,-84,6,93,182,247,309,338,344,334,299,242,175,86,-13,-104,-191,-283,-362,-411,-434,-441,-410,-351,-266,-150,-8,129,254,388,493,577,618,610,563,462,331,172,-10,-201,-376,-523,-645,-725,-753,-732,-643,-518,-358,-163,32,246,435,600,734,810,836,811,726,587,398,183,-33,-263,-478,-666,-806,-901,-934,-894,-795,-650,-450,-217,34,284,513,708,857,942,978,936,838,678,468,229,-38,-291,-517,-714,-882,-980,-1002,-961,-866,-706,-494,-250,-2,252,483,688,840,941,983,954,874,719,537,319,75,-351,-397,-605,-776,-901,-971,-975,-925,-816,-652,-440,-219,27,283,515,718,885,990,1027,1002,913,777,580,353,89,-176,-432,-656,-839,-973,-1045,-1042,-996,-882,-709,-490,-241,29,288,537,760,927,1037,1085,1076,998,851,659,412,150,-114,-387,-634,-853,-1012,-1114,-1149,-1117,-1011,-837,-617,-352,-67,223,503,753,969,1117,1184,1186,1128,983,768,509,221,-89,-389,-672,-907,-1083,-1184,-1218,-1177,-1052,-856,-614,-326,-23,290,564,799,984,1108,1152,1130,1043,885,668,416,139,-158,-414,-653,-844,-975,-1059,-1061,-999,-882,-707,-490,-252,-2,250,482,672,823,923,963,939,864,728,558,349,135,-72,-91,99
29310,mtk,MTK 7916,2780121882,rx1-tx1,512,0,0,0,244,-189,-570,-789,-791,-577,-202,229,600,794,760,518,132,-290,-623,-782,-716,-445,-50,362,672,784,676,370,-48,-455,-730,-797,-634,-293,139,540,787,805,589,200,-247,-627,-833,-801,-539,-113,351,716,878,795,477,12,-456,-806,-933,-790,-416,81,557,884,974,786,367,-164,-654,-961,-1007,-778,-329,216,702,1002,1026,761,281,-266,-741,-1012,-1003,-722,-236,313,764,999,957,651,168,-358,-772,-966,-887,-561,-88,397,772,925,807,465,-1,-460,-783,-870,-711,-352,110,536,796,827,623,240,-208,-597,-813,-790,-541,-137,306,663,832,760,462,35,-401,-727,-852,-730,-389,57,486,0,870,701,331,-139,-573,-850,-893,-671,-260,225,663,921,918,663,218,-306,-749,-986,-958,-667,-184,357,810,1049,999,672,160,-405,-868,-1092,-1027,-685,-149,432,897,1121,1041,676,127,-455,-914,-1124,-1029,-646,-99,475,929,1122,1005,607,40,-535,-970,-1139,-986,-568,6,587,1013,1166,1008,570,-32,-632,-1065,-1217,-1046,-604,-1,608,1060,1233,1083,650,58,-550,-1017,-1209,-1096,-710,-143,451,926,1151,1081,737,215,-345,-806,-1049,-1013,-729,-271,245,681,939,952,720,322,-142,-554,-820,-873,-711,-376,44,442,720,817,719,462,103,-274,-572,-733,-735,-590,-330,-25,261,475,581,574,480,319,0,0,0,0,0,-124,11,169,328,446,491,443,298,80,-170,-404,-554,-587,-491,-282,2,299,537,654,611,416,116,-217,-513,-688,-696,-527,-225,145,489,710,758,613,299,-98,-479,-743,-819,-685,-366,53,462,766,873,757,439,-1,-446,-774,-901,-803,-500,-62,396,755,918,839,534,100,-363,-732,-898,-830,-546,-122,328,689,861,796,520,114,-313,-654,-811,-744,-472,-74,333,644,766,674,401,17,-371,-655,-750,-631,-341,35,410,668,734,599,296,-88,-441,-678,-726,-573,-260,130,477,686,712,545,227,-155,-492,-692,-692,-513,-202,162,476,658,656,476,168,-179,-461,-600,-569,-382,-91,221,0,562,495,282,-9,-288,-482,-533,-428,-186,116,381,533,532,372,97,-213,-463,-581,-530,-317,-9,307,544,624,528,276,-64,-398,-618,-660,-518,-225,143,478,681,691,501,158,-239,-573,-753,-726,-490,-112,307,649,820,765,487,75,-356,-703,-864,-790,-495,-65,387,733,883,789,476,36,-413,-738,-860,-754,-444,-11,411,702,795,676,370,-26,-406,-662,-717,-567,-264,106,430,616,617,441,139,-198,-470,-592,-532,-309,2,310,526,583,462,197,-129,-425,-601,-593,-408,-104,242,525,655,600,372,29,-334,-611,-714,-612,-337,35,410,676,751,617,311,-93,-477,-731,-787,-623,-280,0,0,0,0,0,780,789,585,223,-208,-578,-790,-779,-547,-167,253,606,789,743,487,93,-325,-649,-790,-698,-409,-5,405,703,796,658,335,-89,-498,-760,-795,-606,-248,189,579,809,802,558,157,-294,-674,-862,-801,-509,-64,403,758,906,795,450,-29,-517,-859,-959,-794,-399,118,602,921,984,781,350,-194,-682,-981,-1024,-777,-310,243,728,1011,1018,746,267,-290,-754,-1006,-983,-692,-208,335,778,990,923,609,128,-379,-776,-946,-853,-519,-46,432,778,896,755,406,-56,-498,-787,-850,-666,-296,156,566,807,812,589,189,-262,-630,-819,-773,-503,-84,361,698,838,740,429,-8,-446,-763,-858,-713,0,99,542,828,875,677,289,-183,-623,-898,-913,-672,-242,264,706,954,939,664,202,-327,-778,-1019,-977,-666,-167,387,840,1074,1019,682,151,-422,-884,-1114,-1036,-679,-141,437,907,1130,1037,665,113,-469,-918,-1124,-1017,-630,-71,510,954,1129,991,585,18,-562,-986,-1144,-997,-577,13,611,1040,1187,1022,579,-24,-623,-1065,-1229,-1063,-625,-23,588,1042,1225,1095,681,94,-513,-981,-1190,-1087,-720,-179,404,869,1101,1052,740,242,-297,-744,-992,-982,-726,-298,190,617,868,900,708,341,-101,-502,-768,-841,-707,-410,-24,360,648,775,728,524,209,-141,-441,-633,-698,-627,-442,-200,41,237,365,0,0,0,0,0,-312,-373,-375,-299,-150,50,261,439,548,539,411,190,-83,-349,-542,-621,-558,-355,-62,255,519,670,649,468,174,-173,-491,-697,-731,-575,-264,118,474,726,802,657,338,-72,-468,-755,-855,-723,-407,18,447,766,894,783,462,23,-428,-769,-916,-832,-530,-85,383,747,916,839,548,116,-340,-703,-880,-822,-541,-117,323,666,832,766,491,89,-332,-653,-791,-705,-432,-48,350,647,756,656,379,-8,-392,-657,-736,-612,-320,59,423,672,736,582,265,-116,-458,-677,-714,-557,-236,148,482,688,708,529,212,-160,-487,-669,-666,-491,-191,160,461,624,615,431,128,-199,-455,-582,-540,0,-42,253,465,537,458,241,-57,-335,-510,-530,-392,-135,164,417,556,531,343,47,-268,-504,-606,-531,-297,25,346,574,643,525,247,-106,-436,-647,-672,-509,-197,182,525,722,708,497,142,-270,-613,-789,-746,-494,-96,335,680,842,773,491,65,-382,-728,-874,-788,-485,-47,403,738,867,769,459,28,-400,-714,-835,-716,-402,11,403,672,751,618,314,-68,-421,-642,-674,-510,-202,152,443,597,575,381,75,-250,-501,-589,-497,-257,63,371,571,590,426,143,-188,-476,-627,-597,-394,-68,290,570,688,612,355,-8,-377,-648,-737,-618,-325,64,441,701,765,618,298,-112,-496,-737,0,0
29311,mtk,MTK 7916,2780121882,rx2-tx0,512,0,0,0,350,-23,-389,-652,-739,-623,-339,39,411,671,740,605,306,-76,-432,-667,-719,-574,-264,118,459,668,689,519,212,-150,-469,-655,-655,-469,-152,198,487,639,607,402,87,-249,-504,-609,-543,-327,-25,291,512,571,468,234,-65,-335,-501,-524,-392,-143,139,377,500,471,299,41,-229,-428,-500,-416,-206,63,320,482,496,366,121,-163,-401,-530,-499,-317,-48,251,484,574,499,283,-19,-317,-528,-594,-492,-253,61,358,550,587,468,214,-109,-394,-564,-577,-425,-156,152,413,560,542,370,99,-196,-433,-552,-514,-329,-53,238,462,539,464,267,-8,-275,-463,-517,-417,-199,72,325,0,482,357,128,-133,-354,-472,-445,-281,-40,210,397,473,410,216,-50,-308,-474,-503,-392,-159,132,389,541,534,370,101,-209,-473,-604,-564,-363,-55,279,546,667,604,364,6,-355,-631,-738,-638,-353,36,425,706,804,683,362,-64,-484,-786,-885,-744,-398,60,517,844,953,807,451,-29,-516,-877,-1007,-876,-515,-25,470,851,1005,905,573,93,-404,-798,-985,-911,-610,-163,325,716,915,881,621,214,-240,-623,-841,-844,-629,-263,160,529,755,790,628,318,-64,-420,-656,-727,-618,-363,-32,293,538,648,601,420,147,-145,-389,-541,-570,-475,-292,-68,154,329,424,430,360,242,105,0,0,0,0,0,-168,-84,29,159,286,372,390,333,199,11,-190,-360,-459,-459,-362,-179,57,289,454,520,465,290,40,-224,-443,-552,-522,-368,-116,173,418,566,570,426,173,-137,-415,-585,-608,-472,-209,110,400,586,633,514,260,-61,-363,-567,-634,-534,-285,33,338,547,606,504,273,-36,-322,-512,-565,-458,-224,60,322,495,525,404,169,-103,-341,-475,-474,-340,-105,156,365,468,431,263,15,-239,-425,-485,-400,-200,65,319,486,519,407,172,-120,-387,-547,-558,-410,-148,164,428,584,580,409,126,-195,-468,-616,-592,-403,-103,229,495,629,590,385,79,-256,-525,-641,-574,-356,-36,297,0,639,561,325,-5,-341,-579,-652,-546,-287,61,389,599,643,510,230,-113,-423,-615,-635,-475,-176,180,488,652,625,426,104,-257,-545,-674,-615,-381,-39,317,583,690,599,336,-23,-385,-634,-704,-578,-273,117,475,697,723,546,214,-182,-537,-741,-740,-530,-164,247,592,780,741,492,114,-297,-623,-775,-719,-460,-69,340,648,768,680,404,15,-375,-655,-746,-624,-337,36,398,640,695,550,246,-121,-439,-633,-647,-470,-154,194,480,630,591,383,65,-276,-528,-619,-536,-302,25,340,554,611,484,212,-119,-425,-607,-610,-437,-139,202,492,648,619,404,76,-274,-555,-694,-631,-382,0,0,0,0,0,637,726,622,347,-33,-408,-662,-740,-623,-329,57,428,672,728,587,288,-93,-444,-665,-702,-546,-236,133,461,658,668,494,187,-172,-483,-650,-625,-430,-125,217,494,624,576,370,56,-260,-494,-589,-517,-289,21,311,505,546,426,189,-102,-352,-499,-495,-342,-87,188,402,496,442,252,-20,-285,-460,-499,-387,-158,113,358,506,497,340,78,-210,-444,-551,-501,-306,-14,288,510,578,493,274,-34,-338,-544,-595,-477,-224,94,381,557,583,445,179,-130,-401,-556,-559,-404,-133,174,431,558,528,349,67,-228,-451,-547,-488,-292,-16,263,463,527,442,235,-36,-295,-466,-501,-387,0,106,333,462,458,318,80,-179,-381,-473,-424,-251,2,258,435,487,395,180,-92,-346,-505,-516,-381,-130,169,429,566,546,372,82,-246,-515,-645,-594,-369,-36,316,587,698,621,365,-7,-386,-669,-768,-654,-357,51,455,750,847,708,379,-65,-504,-814,-912,-769,-419,53,522,866,985,853,493,-5,-503,-864,-1005,-889,-541,-57,442,826,997,917,597,128,-365,-758,-952,-899,-618,-191,273,670,885,863,632,243,-201,-574,-793,-814,-627,-283,113,469,701,751,615,333,-21,-358,-598,-686,-609,-389,-86,228,474,600,587,443,215,-48,-285,-453,-518,-477,-353,-176,13,171,272,310,0,0,0,0,0,-198,-273,-309,-293,-216,-85,80,242,378,444,410,288,102,-116,-318,-459,-498,-421,-243,2,252,447,535,492,336,92,-189,-432,-563,-549,-396,-139,156,420,582,592,453,193,-118,-405,-596,-624,-490,-240,79,381,586,636,520,270,-52,-359,-572,-628,-519,-280,30,328,531,583,482,249,-45,-319,-503,-544,-428,-200,77,325,482,498,365,128,-138,-356,-475,-454,-294,-57,196,402,483,422,238,-22,-280,-456,-501,-401,-186,90,348,514,539,405,151,-147,-407,-567,-570,-414,-140,176,450,606,590,408,114,-213,-478,-616,-590,-399,-91,238,502,630,589,379,59,-280,-540,-647,-573,0,-8,316,555,646,559,314,-24,-356,-582,-644,-531,-266,82,401,608,643,494,197,-155,-463,-643,-637,-456,-146,210,504,650,616,408,81,-275,-562,-682,-602,-357,-8,356,619,709,591,301,-77,-429,-665,-715,-564,-248,144,501,718,729,539,197,-213,-565,-755,-737,-514,-146,269,611,777,729,483,97,-319,-643,-787,-708,-431,-43,355,646,751,650,370,-16,-391,-652,-722,-586,-289,84,430,645,674,512,207,-152,-465,-633,-618,-427,-108,231,494,619,564,338,20,-304,-541,-615,-505,-250,73,376,577,610,465,181,-164,-459,-621,-612,-428,-112,238,528,669,619,394,53,-306,-581,0,0
29312,mtk,MTK 7916,2780121882,rx2-tx1,512,0,0,0,-228,112,418,619,657,517,239,-106,-425,-626,-666,-522,-241,100,420,631,666,522,239,-110,-426,-620,-653,-507,-218,132,448,636,654,490,186,-167,-472,-650,-648,-471,-166,193,503,672,658,480,171,-203,-518,-687,-672,-478,-165,189,498,681,674,484,177,-169,-466,-634,-633,-458,-174,144,423,585,586,432,169,-134,-388,-529,-527,-388,-154,117,342,469,468,335,123,-107,-305,-409,-400,-286,-103,103,267,348,325,224,67,-101,-230,-286,-259,-167,-35,110,211,238,200,115,-4,-110,-180,-196,-151,-63,31,106,146,141,95,18,-58,-103,-118,-101,-42,31,85,112,106,62,-5,0,-121,-123,-95,-40,36,101,135,141,108,37,-50,-122,-153,-145,-105,-31,58,129,162,147,104,38,-46,-116,-147,-133,-92,-31,30,81,104,102,65,12,-27,-53,-63,-39,-3,29,47,46,15,-33,-75,-96,-98,-58,12,85,151,179,159,98,6,-106,-204,-259,-250,-167,-40,103,234,311,309,234,102,-63,-218,-319,-334,-276,-158,10,183,310,356,308,188,26,-145,-280,-346,-322,-215,-64,98,237,310,304,229,97,-59,-195,-276,-292,-229,-111,32,162,239,259,221,128,3,-117,-202,-237,-214,-144,-44,60,148,202,217,178,99,11,-69,-131,-168,-168,-140,-99,-40,0,0,0,0,0,5,-55,-115,-166,-197,-192,-148,-72,31,137,210,246,241,182,86,-33,-159,-249,-277,-239,-148,-30,100,214,277,274,204,89,-55,-186,-265,-281,-243,-143,3,155,262,299,264,160,24,-121,-236,-285,-260,-178,-50,84,187,244,245,184,70,-58,-154,-200,-202,-153,-52,45,111,157,163,114,47,-28,-86,-116,-114,-61,3,45,63,58,37,-4,-60,-94,-81,-36,32,94,135,148,114,30,-67,-157,-211,-204,-140,-36,91,210,277,265,178,45,-112,-253,-332,-317,-216,-57,125,283,372,369,271,94,-118,-305,-413,-415,-305,-110,121,322,446,462,341,125,-126,-343,-473,0,-361,-143,110,350,506,524,393,153,-119,-366,-528,-549,-421,-182,114,379,546,568,446,197,-100,-370,-551,-589,-463,-213,89,375,558,588,470,227,-78,-350,-522,-555,-448,-214,80,337,501,531,416,195,-83,-337,-484,-492,-377,-162,96,323,457,458,333,124,-113,-314,-423,-402,-264,-66,149,320,386,343,208,11,-183,-317,-353,-281,-128,52,215,308,311,215,64,-109,-252,-314,-270,-147,25,192,295,313,240,83,-105,-269,-348,-324,-204,-17,182,332,393,337,182,-33,-257,-416,-459,-375,-181,73,314,480,517,416,194,-85,-353,-533,-572,-449,-207,100,388,565,599,478,217,0,0,0,0,0,-618,-647,-512,-237,113,430,629,664,528,246,-104,-429,-639,-674,-528,-241,106,423,629,658,512,228,-123,-435,-625,-647,-497,-199,158,464,644,644,475,181,-178,-488,-658,-648,-468,-158,200,514,686,667,476,162,-195,-502,-679,-674,-491,-180,176,485,659,653,479,186,-147,-439,-605,-607,-446,-171,134,398,549,545,403,153,-126,-363,-497,-492,-359,-140,111,326,444,429,301,109,-97,-275,-377,-375,-258,-79,94,240,312,295,199,52,-106,-219,-257,-225,-141,-12,110,189,216,179,87,-15,-106,-158,-163,-116,-45,34,106,135,118,72,-3,-68,-107,-112,-70,-9,54,106,128,0,40,-22,-85,-135,-139,-96,-29,46,107,148,154,105,22,-56,-121,-164,-162,-110,-31,51,116,147,148,109,38,-39,-97,-123,-122,-87,-28,28,69,82,67,35,-2,-34,-55,-43,-10,31,59,68,49,0,-66,-112,-137,-132,-82,8,109,185,219,199,133,24,-109,-226,-289,-276,-203,-75,81,226,314,329,264,133,-36,-201,-311,-349,-308,-179,-3,169,290,345,319,203,44,-122,-257,-324,-309,-217,-73,77,207,288,298,227,99,-42,-168,-259,-280,-220,-114,10,133,221,244,214,135,28,-84,-173,-219,-215,-166,-79,21,111,175,200,181,130,57,-12,-69,-107,-125,0,0,0,0,0,134,141,120,72,0,-82,-159,-216,-235,-200,-122,-23,82,179,248,263,215,124,-2,-138,-243,-283,-263,-184,-62,77,200,278,286,227,112,-31,-172,-269,-296,-255,-152,-2,141,244,289,260,171,46,-90,-204,-264,-257,-184,-67,65,169,228,228,170,68,-42,-128,-180,-180,-134,-57,24,89,125,122,82,17,-41,-84,-90,-63,-21,30,70,74,43,2,-54,-103,-116,-90,-27,58,129,170,167,113,19,-91,-191,-242,-232,-158,-40,102,229,304,295,207,64,-103,-260,-346,-335,-240,-78,121,300,396,396,287,92,-125,-321,-439,-434,-325,-125,113,326,461,467,348,137,0,-344,-483,-501,-378,-151,117,359,515,535,412,170,-121,-377,-535,-559,-434,-191,109,379,549,589,464,211,-90,-368,-550,-576,-455,-215,78,350,533,576,455,219,-64,-341,-523,-560,-440,-208,77,335,494,516,398,171,-87,-325,-471,-472,-344,-128,116,318,435,434,299,89,-134,-317,-408,-374,-239,-45,163,314,365,310,167,-14,-190,-310,-327,-249,-89,94,239,315,292,180,22,-147,-268,-311,-263,-123,56,217,316,312,214,51,-144,-300,-366,-331,-191,15,224,380,435,366,189,-49,-280,-439,-484,-394,-188,76,329,503,541,433,192,-109,-378,-553,-587,-462,-208,105,395,577,0,0
29313,mtk,MTK 7916,2780175552,rx0-tx0,512,0,0,0,0,0,0,0,0,0,0,0,0,0,0,0,0,0,0,0,0,0,0,0,0,0,0,0,0,0,0,0,0,0,0,0,0,0,0,0,0,0,0,0,0,0,0,0,0,0,0,0,0,0,0,0,0,0,0,0,0,0,0,0,0,0,0,0,0,0,0,0,0,0,0,0,0,0,0,0,0,0,0,0,0,0,0,0,0,0,0,0,0,0,0,0,0,0,0,0,0,0,0,0,0,0,0,0,0,0,0,0,0,0,0,0,0,0,0,0,0,0,0,0,0,0,0,0,0,0,0,0,0,0,0,0,0,0,0,0,0,0,0,0,0,0,0,0,0,0,0,0,0,0,0,0,0,0,0,0,0,0,0,0,0,0,0,0,0,0,0,0,0,0,0,0,0,0,0,0,0,0,0,0,0,0,0,0,0,0,0,0,0,0,0,0,0,0,0,0,0,0,0,0,0,0,0,0,0,0,0,0,0,0,0,0,0,0,0,0,0,0,0,0,0,0,0,0,0,0,0,0,0,0,0,0,0,0,0,0,0,0,0,0,0,0,0,0,0,0,0,0,0,0,0,0,0,-273,194,-66,249,295,283,194,56,-100,-234,-333,-387,-392,-351,-271,-163,-36,99,226,335,420,463,463,420,331,212,75,-77,-234,-382,-495,-563,-590,-558,-482,-361,-202,-20,166,338,483,592,648,659,627,532,397,243,55,-141,-323,-486,-624,-712,-753,-735,-659,-540,-377,-173,56,273,487,667,785,858,866,804,675,493,273,20,-235,-472,-676,-822,-919,-929,-867,-757,-580,-363,-108,152,399,611,770,880,922,881,789,631,429,208,-29,-253,-458,-624,-744,-801,-804,-756,-656,-508,-339,-149,38,223,394,530,636,694,711,680,619,523,391,231,59,-115,-300,-460,-596,-691,-749,-753,-702,-613,1181,-308,-102,98,306,494,650,760,819,832,778,670,519,333,123,-98,-315,-515,-680,-811,-884,-892,-858,-764,-608,-408,-176,76,336,589,798,957,1053,1079,1032,904,689,427,129,-188,-509,-803,-1042,-1183,-1246,-1228,-1091,-887,-611,-267,97,451,785,1049,1230,1329,1316,1201,996,708,367,-5,-377,-721,-1007,-1219,-1329,-1328,-1222,-1032,-761,-432,-63,314,648,941,1165,1282,1303,1223,1035,770,440,69,-300,-636,-933,-1150,-1266,-1273,-1168,-952,-661,-315,55,416,739,985,1137,1180,1120,961,714,400,61,-265,-566,-806,-971,-1044,-1021,-907,-698,-429,-114,216,535,805,989,1062,986,764,417,-13,-424,-693,829,659,0,0,0,0,0,0,0,0,0,0,0,0,0,0,0,0,0,0,0,0,0,0,0,0,0,0,0,0,0,0,0,0,0,0,0,0,0,0,0,0,0,0,0,0,0,0,0,0,0,0,0,0,0,0,0,0,0,0,0,0,0,0,0,0,0,0,0,0,0,0,0,0,0,0,0,0,0,0,0,0,0,0,0,0,0,0,0,0,0,0,0,0,0,0,0,0,0,0,0,0,0,0,0,0,0,0,0,0,0,0,0,0,0,0,0,0,0,0,0,0,0,0,0,0,0,0,0,0,0,0,0,0,0,0,0,0,0,0,0,0,0,0,0,0,0,0,0,0,0,0,0,0,0,0,0,0,0,0,0,0,0,0,0,0,0,0,0,0,0,0,0,0,0,0,0,0,0,0,0,0,0,0,0,0,0,0,0,0,0,0,0,0,0,0,0,0,0,0,0,0,0,0,0,0,0,0,0,0,0,0,0,0,0,0,0,0,0,0,0,0,0,0,0,0,0,0,0,0,0,0,0,0,0,0,0,0,0,0,0,0,0,0,0,0,0,0,0,0,0,0,0,0,0,0,0,0,-1322,-958,-978,99,-17,-163,-291,-361,-365,-305,-200,-68,73,199,305,379,416,415,368,290,181,45,-96,-239,-366,-455,-512,-530,-494,-412,-281,-131,38,213,371,503,594,633,616,552,441,291,116,-64,-252,-425,-556,-651,-704,-694,-632,-535,-389,-208,-9,201,396,567,703,795,816,779,688,524,326,105,-139,-378,-585,-748,-858,-912,-888,-796,-636,-429,-189,78,318,543,732,865,930,916,838,694,508,285,26,-217,-438,-635,-766,-849,-870,-824,-720,-563,-367,-150,60,259,442,583,683,739,740,702,615,497,349,181,-1,-178,-331,-477,-599,-677,-710,-709,-661,-565,-436,-279,-98,99,290,461,-701,735,786,791,748,650,504,318,110,-106,-322,-504,-660,-776,-844,-859,-812,-701,-554,-370,-147,83,309,540,723,866,951,979,944,829,655,440,177,-103,-393,-675,-906,-1068,-1168,-1176,-1095,-925,-662,-361,-36,314,638,919,1154,1283,1309,1232,1062,802,492,136,-241,-592,-901,-1145,-1289,-1335,-1281,-1128,-889,-573,-213,164,517,831,1088,1258,1330,1283,1141,916,608,257,-109,-467,-790,-1045,-1222,-1296,-1257,-1120,-891,-576,-216,162,529,843,1073,1211,1241,1164,974,698,366,14,-325,-642,-896,-1063,-1118,-1071,-932,-704,-423,-109,208,508,761,933,1018,1001,885,662,353,-15,-402,-738,-971,-1032,-889,-623,-508,-713
29314,mtk,MTK 7916,2780175552,rx0-tx1,512,0,0,0,0,0,0,0,0,0,0,0,0,0,0,0,0,0,0,0,0,0,0,0,0,0,0,0,0,0,0,0,0,0,0,0,0,0,0,0,0,0,0,0,0,0,0,0,0,0,0,0,0,0,0,0,0,0,0,0,0,0,0,0,0,0,0,0,0,0,0,0,0,0,0,0,0,0,0,0,0,0,0,0,0,0,0,0,0,0,0,0,0,0,0,0,0,0,0,0,0,0,0,0,0,0,0,0,0,0,0,0,0,0,0,0,0,0,0,0,0,0,0,0,0,0,0,0,0,0,0,0,0,0,0,0,0,0,0,0,0,0,0,0,0,0,0,0,0,0,0,0,0,0,0,0,0,0,0,0,0,0,0,0,0,0,0,0,0,0,0,0,0,0,0,0,0,0,0,0,0,0,0,0,0,0,0,0,0,0,0,0,0,0,0,0,0,0,0,0,0,0,0,0,0,0,0,0,0,0,0,0,0,0,0,0,0,0,0,0,0,0,0,0,0,0,0,0,0,0,0,0,0,0,0,0,0,0,0,0,0,0,0,0,0,0,0,0,0,0,0,0,0,0,0,0,0,-730,-295,-286,-244,-204,-85,70,223,344,403,404,344,247,115,-41,-191,-327,-438,-501,-526,-499,-411,-281,-112,76,265,440,584,674,705,670,571,411,205,-18,-251,-472,-661,-788,-852,-856,-777,-624,-421,-171,96,353,590,792,931,984,972,883,721,493,221,-67,-352,-622,-852,-1012,-1100,-1107,-1020,-857,-629,-354,-42,278,573,834,1051,1183,1219,1172,1037,825,539,218,-116,-453,-766,-1031,-1211,-1314,-1310,-1210,-1036,-757,-424,-65,318,663,972,1218,1371,1410,1353,1196,933,616,245,-149,-526,-867,-1153,-1350,-1445,-1429,-1310,-1086,-784,-425,-32,348,717,1022,1257,1390,1430,1363,1201,947,626,270,-119,-488,-819,-214,-1300,-1393,-1393,-1297,-1114,-845,-521,-162,212,578,893,1153,1332,1411,1393,1277,1065,776,437,56,-325,-690,-1013,-1255,-1408,-1461,-1410,-1253,-995,-668,-291,105,481,841,1137,1347,1454,1449,1341,1140,859,510,123,-266,-635,-955,-1207,-1375,-1438,-1390,-1236,-1003,-688,-330,55,435,773,1057,1261,1369,1372,1278,1091,828,497,122,-253,-605,-919,-1160,-1311,-1360,-1299,-1133,-887,-561,-196,181,545,863,1108,1268,1319,1255,1088,838,511,147,-232,-588,-881,-1097,-1210,-1218,-1111,-910,-628,-290,54,384,674,893,1026,1052,986,836,605,331,45,-250,-516,-724,-862,-917,-879,-762,-550,-268,56,388,669,856,884,745,505,-224,-266,0,0,0,0,0,0,0,0,0,0,0,0,0,0,0,0,0,0,0,0,0,0,0,0,0,0,0,0,0,0,0,0,0,0,0,0,0,0,0,0,0,0,0,0,0,0,0,0,0,0,0,0,0,0,0,0,0,0,0,0,0,0,0,0,0,0,0,0,0,0,0,0,0,0,0,0,0,0,0,0,0,0,0,0,0,0,0,0,0,0,0,0,0,0,0,0,0,0,0,0,0,0,0,0,0,0,0,0,0,0,0,0,0,0,0,0,0,0,0,0,0,0,0,0,0,0,0,0,0,0,0,0,0,0,0,0,0,0,0,0,0,0,0,0,0,0,0,0,0,0,0,0,0,0,0,0,0,0,0,0,0,0,0,0,0,0,0,0,0,0,0,0,0,0,0,0,0,0,0,0,0,0,0,0,0,0,0,0,0,0,0,0,0,0,0,0,0,0,0,0,0,0,0,0,0,0,0,0,0,0,0,0,0,0,0,0,0,0,0,0,0,0,0,0,0,0,0,0,0,0,0,0,0,0,0,0,0,0,0,0,0,0,0,0,0,0,0,0,0,0,0,0,0,0,0,0,-128,14,95,99,225,324,353,309,198,52,-106,-249,-361,-441,-461,-433,-359,-241,-97,64,232,383,503,584,610,575,485,337,146,-62,-277,-473,-639,-741,-785,-761,-667,-507,-294,-57,190,440,648,805,908,927,876,756,571,320,48,-229,-498,-732,-921,-1028,-1057,-1011,-885,-686,-426,-138,172,477,740,949,1094,1168,1136,1024,844,591,280,-44,-371,-671,-938,-1137,-1239,-1266,-1196,-1041,-795,-490,-146,222,561,876,1136,1296,1374,1345,1210,997,702,348,-37,-411,-780,-1078,-1291,-1418,-1434,-1339,-1154,-878,-531,-144,254,634,970,1222,1388,1446,1409,1264,1022,709,336,-46,-433,-777,-1074,-1275,-1396,-1412,-1320,-1153,171,-564,-199,170,530,856,1124,1305,1397,1394,1289,1090,823,484,119,-264,-629,-951,-1201,-1366,-1434,-1397,-1273,-1049,-739,-378,11,407,774,1086,1313,1444,1459,1379,1207,937,596,209,-189,-564,-901,-1173,-1363,-1447,-1423,-1302,-1078,-779,-423,-39,352,704,1011,1240,1371,1408,1334,1167,917,599,231,-147,-510,-835,-1096,-1287,-1370,-1342,-1222,-1010,-721,-373,4,387,727,1015,1227,1329,1329,1223,1013,728,380,-5,-376,-709,-986,-1183,-1273,-1254,-1120,-893,-593,-244,127,475,769,993,1118,1137,1060,882,629,321,-4,-310,-584,-797,-922,-968,-926,-791,-587,-335,-46,243,516,743,884,927,842,637,320,-52,-397,-615,-192,-126
29315,mtk,MTK 7916,2780175552,rx1-tx0,512,0,0,0,0,0,0,0,0,0,0,0,0,0,0,0,0,0,0,0,0,0,0,0,0,0,0,0,0,0,0,0,0,0,0,0,0,0,0,0,0,0,0,0,0,0,0,0,0,0,0,0,0,0,0,0,0,0,0,0,0,0,0,0,0,0,0,0,0,0,0,0,0,0,0,0,0,0,0,0,0,0,0,0,0,0,0,0,0,0,0,0,0,0,0,0,0,0,0,0,0,0,0,0,0,0,0,0,0,0,0,0,0,0,0,0,0,0,0,0,0,0,0,0,0,0,0,0,0,0,0,0,0,0,0,0,0,0,0,0,0,0,0,0,0,0,0,0,0,0,0,0,0,0,0,0,0,0,0,0,0,0,0,0,0,0,0,0,0,0,0,0,0,0,0,0,0,0,0,0,0,0,0,0,0,0,0,0,0,0,0,0,0,0,0,0,0,0,0,0,0,0,0,0,0,0,0,0,0,0,0,0,0,0,0,0,0,0,0,0,0,0,0,0,0,0,0,0,0,0,0,0,0,0,0,0,0,0,0,0,0,0,0,0,0,0,0,0,0,0,0,0,0,0,0,0,0,146,-831,-969,-17,-102,-177,-212,-194,-135,-54,37,122,191,239,253,235,183,110,24,-64,-150,-218,-260,-278,-259,-211,-143,-61,32,124,201,248,270,271,240,187,117,41,-39,-110,-162,-201,-213,-203,-182,-144,-93,-53,-3,44,69,89,102,117,110,95,93,84,70,58,39,32,26,8,-9,-24,-49,-74,-105,-132,-149,-166,-166,-156,-137,-97,-38,27,110,169,230,287,306,309,285,221,146,52,-55,-158,-268,-348,-392,-415,-392,-340,-257,-141,-14,114,233,340,418,453,455,413,341,241,129,-7,-144,-260,-358,-426,-462,-464,-418,-345,-248,-125,0,122,246,347,423,461,459,416,93,239,129,9,-127,-247,-338,-411,-444,-442,-406,-331,-233,-114,4,124,232,325,378,390,387,351,288,216,112,4,-98,-193,-273,-325,-337,-333,-300,-249,-189,-115,-29,64,133,192,241,265,286,269,228,196,138,70,12,-65,-127,-176,-222,-248,-243,-226,-190,-142,-84,-25,42,96,142,180,206,211,195,178,139,97,47,-12,-58,-105,-144,-165,-176,-179,-170,-149,-116,-78,-27,33,82,125,165,190,205,192,154,116,68,8,-57,-115,-166,-200,-208,-198,-163,-112,-53,10,75,132,167,186,183,160,116,64,10,-48,-104,-140,-158,-160,-140,-104,-43,24,70,105,116,111,-126,-395,0,0,0,0,0,0,0,0,0,0,0,0,0,0,0,0,0,0,0,0,0,0,0,0,0,0,0,0,0,0,0,0,0,0,0,0,0,0,0,0,0,0,0,0,0,0,0,0,0,0,0,0,0,0,0,0,0,0,0,0,0,0,0,0,0,0,0,0,0,0,0,0,0,0,0,0,0,0,0,0,0,0,0,0,0,0,0,0,0,0,0,0,0,0,0,0,0,0,0,0,0,0,0,0,0,0,0,0,0,0,0,0,0,0,0,0,0,0,0,0,0,0,0,0,0,0,0,0,0,0,0,0,0,0,0,0,0,0,0,0,0,0,0,0,0,0,0,0,0,0,0,0,0,0,0,0,0,0,0,0,0,0,0,0,0,0,0,0,0,0,0,0,0,0,0,0,0,0,0,0,0,0,0,0,0,0,0,0,0,0,0,0,0,0,0,0,0,0,0,0,0,0,0,0,0,0,0,0,0,0,0,0,0,0,0,0,0,0,0,0,0,0,0,0,0,0,0,0,0,0,0,0,0,0,0,0,0,0,0,0,0,0,0,0,0,0,0,0,0,0,0,0,0,0,0,0,206,-651,-402,-150,-146,-89,1,100,180,222,229,200,147,70,-22,-115,-191,-239,-261,-256,-224,-159,-79,14,107,183,241,281,289,262,204,127,46,-41,-124,-186,-230,-252,-245,-213,-168,-110,-43,19,73,120,147,156,164,144,119,97,72,35,-1,-16,-27,-41,-57,-69,-75,-71,-78,-91,-92,-96,-91,-91,-81,-55,-23,16,66,109,151,195,222,241,234,205,174,97,7,-85,-180,-263,-320,-359,-364,-346,-293,-198,-89,33,156,260,355,416,440,429,381,305,188,59,-71,-200,-301,-382,-437,-464,-441,-383,-294,-186,-71,66,197,305,393,444,458,441,388,301,190,65,-68,-194,-1894,-390,-432,-455,-444,-388,-298,-193,-63,62,189,296,377,416,430,402,349,266,161,57,-54,-164,-253,-320,-360,-367,-347,-303,-244,-141,-54,34,125,189,251,288,310,299,258,212,154,87,14,-75,-139,-185,-236,-249,-250,-246,-215,-176,-124,-52,17,81,135,181,213,229,227,200,167,124,64,-3,-56,-102,-138,-163,-184,-188,-182,-161,-128,-81,-30,17,67,108,141,164,186,188,173,148,104,53,-4,-74,-123,-159,-193,-204,-196,-168,-124,-61,5,73,130,167,192,199,188,147,92,32,-35,-95,-145,-168,-175,-166,-134,-84,-33,21,74,117,145,136,109,72,21,-23,-1055,-977
29316,mtk,MTK 7916,2780175552,rx1-tx1,512,0,0,0,0,0,0,0,0,0,0,0,0,0,0,0,0,0,0,0,0,0,0,0,0,0,0,0,0,0,0,0,0,0,0,0,0,0,0,0,0,0,0,0,0,0,0,0,0,0,0,0,0,0,0,0,0,0,0,0,0,0,0,0,0,0,0,0,0,0,0,0,0,0,0,0,0,0,0,0,0,0,0,0,0,0,0,0,0,0,0,0,0,0,0,0,0,0,0,0,0,0,0,0,0,0,0,0,0,0,0,0,0,0,0,0,0,0,0,0,0,0,0,0,0,0,0,0,0,0,0,0,0,0,0,0,0,0,0,0,0,0,0,0,0,0,0,0,0,0,0,0,0,0,0,0,0,0,0,0,0,0,0,0,0,0,0,0,0,0,0,0,0,0,0,0,0,0,0,0,0,0,0,0,0,0,0,0,0,0,0,0,0,0,0,0,0,0,0,0,0,0,0,0,0,0,0,0,0,0,0,0,0,0,0,0,0,0,0,0,0,0,0,0,0,0,0,0,0,0,0,0,0,0,0,0,0,0,0,0,0,0,0,0,0,0,0,0,0,0,0,0,0,0,0,0,0,-411,-908,-735,-11,-13,-13,-12,-8,-4,3,7,10,20,30,31,20,7,-6,-19,-28,-35,-41,-35,-19,3,20,41,56,56,44,18,-14,-38,-58,-70,-66,-42,-15,23,56,76,79,68,41,0,-43,-75,-91,-89,-67,-32,13,58,87,94,76,44,0,-47,-87,-103,-96,-62,-12,36,76,99,100,69,22,-30,-77,-106,-106,-86,-42,19,73,113,126,104,58,-6,-71,-114,-131,-116,-72,-7,58,115,143,130,85,22,-51,-111,-145,-145,-112,-45,34,104,149,161,135,68,-15,-99,-156,-175,-157,-96,-5,84,154,189,179,125,39,-62,-147,-196,-208,-173,-90,16,119,0,230,214,152,55,-58,-152,-210,-227,-200,-121,-15,90,168,210,204,165,86,-18,-107,-171,-199,-183,-135,-60,24,101,158,181,164,114,49,-21,-87,-125,-134,-125,-101,-50,3,55,93,115,129,103,49,5,-31,-79,-115,-118,-108,-84,-42,18,78,121,138,128,89,29,-37,-104,-155,-169,-145,-91,-13,71,140,187,195,157,87,-11,-111,-187,-227,-218,-160,-72,35,145,222,250,228,155,47,-73,-182,-252,-268,-232,-145,-26,97,193,245,252,213,122,4,-105,-189,-234,-232,-177,-83,25,117,185,217,201,135,43,-55,-143,-204,-233,-217,-167,-85,2,83,149,202,-1004,-1041,0,0,0,0,0,0,0,0,0,0,0,0,0,0,0,0,0,0,0,0,0,0,0,0,0,0,0,0,0,0,0,0,0,0,0,0,0,0,0,0,0,0,0,0,0,0,0,0,0,0,0,0,0,0,0,0,0,0,0,0,0,0,0,0,0,0,0,0,0,0,0,0,0,0,0,0,0,0,0,0,0,0,0,0,0,0,0,0,0,0,0,0,0,0,0,0,0,0,0,0,0,0,0,0,0,0,0,0,0,0,0,0,0,0,0,0,0,0,0,0,0,0,0,0,0,0,0,0,0,0,0,0,0,0,0,0,0,0,0,0,0,0,0,0,0,0,0,0,0,0,0,0,0,0,0,0,0,0,0,0,0,0,0,0,0,0,0,0,0,0,0,0,0,0,0,0,0,0,0,0,0,0,0,0,0,0,0,0,0,0,0,0,0,0,0,0,0,0,0,0,0,0,0,0,0,0,0,0,0,0,0,0,0,0,0,0,0,0,0,0,0,0,0,0,0,0,0,0,0,0,0,0,0,0,0,0,0,0,0,0,0,0,0,0,0,0,0,0,0,0,0,0,0,0,0,0,-92,550,782,1,-1,-3,-8,-14,-17,-18,-17,-8,-3,1,10,20,25,30,29,22,8,-11,-31,-45,-52,-45,-25,-4,14,36,56,61,48,24,-2,-29,-58,-73,-77,-61,-26,9,40,68,86,81,54,14,-27,-66,-91,-92,-73,-36,10,55,85,96,84,52,6,-40,-77,-97,-94,-67,-18,34,78,106,104,78,29,-25,-78,-111,-120,-97,-49,15,75,119,130,108,60,-6,-68,-117,-133,-121,-78,-19,49,112,148,136,97,38,-41,-108,-149,-154,-116,-51,24,100,154,168,140,78,-9,-97,-162,-190,-167,-106,-22,66,149,198,197,150,64,-41,-138,-199,-221,-192,0,-22,88,175,222,225,170,79,-25,-129,-207,-228,-205,-145,-49,57,145,201,206,177,110,23,-69,-143,-182,-189,-157,-93,-10,59,114,151,159,132,85,22,-45,-94,-115,-121,-110,-77,-32,21,60,91,102,103,86,61,13,-38,-87,-126,-134,-112,-69,-9,55,113,145,150,121,60,-16,-88,-146,-178,-171,-123,-44,42,128,191,213,187,119,23,-81,-171,-228,-242,-203,-112,8,123,214,259,255,200,101,-23,-146,-238,-269,-250,-185,-81,45,155,226,247,224,155,55,-57,-151,-208,-217,-185,-112,-14,87,167,217,219,172,93,-1,-97,-180,-229,-242,-221,-177,-104,-263,16
29317,mtk,MTK 7916,2780175552,rx2-tx0,512,0,0,0,0,0,0,0,0,0,0,0,0,0,0,0,0,0,0,0,0,0,0,0,0,0,0,0,0,0,0,0,0,0,0,0,0,0,0,0,0,0,0,0,0,0,0,0,0,0,0,0,0,0,0,0,0,0,0,0,0,0,0,0,0,0,0,0,0,0,0,0,0,0,0,0,0,0,0,0,0,0,0,0,0,0,0,0,0,0,0,0,0,0,0,0,0,0,0,0,0,0,0,0,0,0,0,0,0,0,0,0,0,0,0,0,0,0,0,0,0,0,0,0,0,0,0,0,0,0,0,0,0,0,0,0,0,0,0,0,0,0,0,0,0,0,0,0,0,0,0,0,0,0,0,0,0,0,0,0,0,0,0,0,0,0,0,0,0,0,0,0,0,0,0,0,0,0,0,0,0,0,0,0,0,0,0,0,0,0,0,0,0,0,0,0,0,0,0,0,0,0,0,0,0,0,0,0,0,0,0,0,0,0,0,0,0,0,0,0,0,0,0,0,0,0,0,0,0,0,0,0,0,0,0,0,0,0,0,0,0,0,0,0,0,0,0,0,0,0,0,0,0,0,0,0,0,-136,790,973,-6,12,34,57,78,90,92,82,60,26,-15,-55,-92,-116,-119,-103,-69,-15,46,104,145,165,156,110,42,-42,-126,-188,-214,-204,-149,-62,42,148,223,253,236,170,64,-66,-185,-264,-290,-256,-167,-38,108,234,308,314,248,129,-23,-169,-282,-333,-312,-217,-66,106,250,340,354,280,131,-44,-210,-329,-376,-336,-214,-37,156,314,398,388,285,108,-96,-279,-398,-434,-364,-205,1,210,380,456,426,303,110,-113,-309,-434,-464,-389,-224,-4,210,371,449,425,303,111,-105,-292,-404,-422,-344,-181,18,204,340,391,353,229,48,-134,-277,-360,-359,-264,-112,66,232,0,363,306,178,1,-173,-301,-362,-341,-237,-85,92,246,343,361,304,168,-2,-170,-301,-370,-356,-266,-123,57,228,346,387,349,238,72,-110,-268,-369,-394,-342,-219,-46,142,295,389,401,334,200,26,-160,-313,-397,-408,-342,-200,-14,170,322,409,412,333,184,-4,-194,-333,-401,-386,-292,-132,52,222,336,383,343,228,69,-104,-251,-341,-353,-287,-162,-4,160,279,335,323,235,90,-73,-216,-308,-335,-292,-181,-27,130,255,323,321,251,122,-32,-179,-289,-333,-306,-220,-93,57,196,293,328,292,200,74,-65,-195,-290,-329,-307,-230,-118,14,142,243,307,325,301,243,-25,283,0,0,0,0,0,0,0,0,0,0,0,0,0,0,0,0,0,0,0,0,0,0,0,0,0,0,0,0,0,0,0,0,0,0,0,0,0,0,0,0,0,0,0,0,0,0,0,0,0,0,0,0,0,0,0,0,0,0,0,0,0,0,0,0,0,0,0,0,0,0,0,0,0,0,0,0,0,0,0,0,0,0,0,0,0,0,0,0,0,0,0,0,0,0,0,0,0,0,0,0,0,0,0,0,0,0,0,0,0,0,0,0,0,0,0,0,0,0,0,0,0,0,0,0,0,0,0,0,0,0,0,0,0,0,0,0,0,0,0,0,0,0,0,0,0,0,0,0,0,0,0,0,0,0,0,0,0,0,0,0,0,0,0,0,0,0,0,0,0,0,0,0,0,0,0,0,0,0,0,0,0,0,0,0,0,0,0,0,0,0,0,0,0,0,0,0,0,0,0,0,0,0,0,0,0,0,0,0,0,0,0,0,0,0,0,0,0,0,0,0,0,0,0,0,0,0,0,0,0,0,0,0,0,0,0,0,0,0,0,0,0,0,0,0,0,0,0,0,0,0,0,0,0,0,0,0,1335,780,529,-62,-70,-71,-61,-40,-13,17,47,74,96,107,97,69,27,-21,-74,-117,-143,-144,-113,-61,6,76,139,181,192,163,96,2,-93,-172,-226,-239,-198,-117,-6,112,217,273,269,216,115,-16,-149,-253,-307,-290,-215,-91,57,200,299,325,283,176,23,-140,-272,-344,-336,-244,-98,72,230,337,362,305,171,-7,-184,-320,-386,-362,-248,-72,123,298,400,410,324,160,-47,-244,-390,-449,-406,-265,-53,168,349,451,451,348,171,-54,-267,-416,-466,-415,-266,-62,156,336,429,423,319,145,-60,-244,-370,-408,-351,-208,-17,171,310,376,354,248,86,-97,-257,-350,-362,-290,0,31,197,318,364,324,205,37,-134,-274,-353,-353,-273,-129,43,208,327,372,329,218,58,-116,-268,-359,-377,-311,-174,-3,175,311,385,383,293,139,-39,-208,-335,-398,-378,-279,-119,60,224,351,409,380,277,113,-74,-246,-368,-419,-384,-272,-101,90,261,378,412,360,233,57,-128,-283,-381,-396,-323,-184,-10,160,297,367,356,266,116,-53,-204,-310,-350,-309,-201,-50,112,244,323,332,263,134,-24,-175,-287,-334,-310,-215,-73,85,220,306,330,284,174,29,-119,-244,-314,-321,-259,-147,-2,138,249,309,312,254,148,15,-124,-245,-321,-342,-314,-241,-141,-29,71,162,1143,1097
29318,mtk,MTK 7916,2780175552,rx2-tx1,512,0,0,0,0,0,0,0,0,0,0,0,0,0,0,0,0,0,0,0,0,0,0,0,0,0,0,0,0,0,0,0,0,0,0,0,0,0,0,0,0,0,0,0,0,0,0,0,0,0,0,0,0,0,0,0,0,0,0,0,0,0,0,0,0,0,0,0,0,0,0,0,0,0,0,0,0,0,0,0,0,0,0,0,0,0,0,0,0,0,0,0,0,0,0,0,0,0,0,0,0,0,0,0,0,0,0,0,0,0,0,0,0,0,0,0,0,0,0,0,0,0,0,0,0,0,0,0,0,0,0,0,0,0,0,0,0,0,0,0,0,0,0,0,0,0,0,0,0,0,0,0,0,0,0,0,0,0,0,0,0,0,0,0,0,0,0,0,0,0,0,0,0,0,0,0,0,0,0,0,0,0,0,0,0,0,0,0,0,0,0,0,0,0,0,0,0,0,0,0,0,0,0,0,0,0,0,0,0,0,0,0,0,0,0,0,0,0,0,0,0,0,0,0,0,0,0,0,0,0,0,0,0,0,0,0,0,0,0,0,0,0,0,0,0,0,0,0,0,0,0,0,0,0,0,0,0,236,901,928,-13,4,23,40,54,63,61,48,31,7,-20,-45,-55,-55,-40,-21,4,25,41,49,47,24,-13,-40,-58,-70,-61,-26,15,55,84,95,82,46,-6,-64,-109,-133,-126,-85,-23,49,120,163,171,128,45,-47,-131,-194,-215,-179,-100,9,129,222,267,253,171,34,-116,-235,-305,-312,-246,-114,51,213,331,375,329,203,23,-174,-332,-415,-402,-293,-104,111,301,421,451,373,205,-18,-238,-407,-475,-438,-299,-93,141,340,468,477,371,189,-34,-258,-422,-481,-425,-268,-53,171,347,434,428,318,127,-90,-269,-386,-404,-324,-166,30,207,321,362,315,184,15,-149,0,-340,-301,-184,-24,138,265,321,291,183,30,-129,-249,-313,-297,-204,-58,110,243,317,314,227,81,-88,-222,-317,-343,-281,-144,20,186,301,345,309,198,39,-135,-265,-318,-308,-229,-95,53,186,268,284,227,122,-2,-121,-213,-239,-207,-132,-32,73,152,198,188,126,38,-54,-127,-162,-156,-106,-25,51,106,135,134,96,29,-47,-106,-140,-133,-93,-39,28,94,130,123,92,48,-11,-72,-113,-127,-110,-65,-12,43,89,114,104,73,30,-17,-67,-99,-103,-77,-39,5,43,73,82,71,44,13,-21,-51,-67,-67,-49,-17,20,52,73,75,69,52,20,-14,-41,449,648,0,0,0,0,0,0,0,0,0,0,0,0,0,0,0,0,0,0,0,0,0,0,0,0,0,0,0,0,0,0,0,0,0,0,0,0,0,0,0,0,0,0,0,0,0,0,0,0,0,0,0,0,0,0,0,0,0,0,0,0,0,0,0,0,0,0,0,0,0,0,0,0,0,0,0,0,0,0,0,0,0,0,0,0,0,0,0,0,0,0,0,0,0,0,0,0,0,0,0,0,0,0,0,0,0,0,0,0,0,0,0,0,0,0,0,0,0,0,0,0,0,0,0,0,0,0,0,0,0,0,0,0,0,0,0,0,0,0,0,0,0,0,0,0,0,0,0,0,0,0,0,0,0,0,0,0,0,0,0,0,0,0,0,0,0,0,0,0,0,0,0,0,0,0,0,0,0,0,0,0,0,0,0,0,0,0,0,0,0,0,0,0,0,0,0,0,0,0,0,0,0,0,0,0,0,0,0,0,0,0,0,0,0,0,0,0,0,0,0,0,0,0,0,0,0,0,0,0,0,0,0,0,0,0,0,0,0,0,0,0,0,0,0,0,0,0,0,0,0,0,0,0,0,0,0,0,-351,242,-4,-46,-56,-59,-51,-33,-12,15,35,49,58,56,43,19,-9,-28,-41,-52,-45,-23,4,34,52,53,45,27,-6,-47,-78,-84,-70,-37,12,59,95,114,105,66,4,-61,-110,-147,-148,-108,-33,54,126,177,190,152,69,-37,-140,-211,-240,-218,-135,-7,121,226,285,276,201,74,-79,-216,-312,-342,-287,-154,19,196,332,400,364,235,56,-139,-314,-420,-426,-333,-164,52,263,417,470,407,249,39,-191,-384,-478,-456,-332,-132,100,310,449,485,403,229,7,-219,-393,-469,-426,-294,-96,120,303,410,419,331,159,-43,-226,-359,-391,-318,-176,2,179,305,343,294,0,18,-139,-266,-325,-295,-197,-42,131,263,315,292,198,50,-107,-233,-314,-310,-213,-61,100,238,315,325,253,112,-52,-201,-308,-346,-295,-170,-7,156,273,328,303,211,67,-84,-219,-299,-305,-248,-117,38,166,242,272,235,129,6,-101,-177,-213,-198,-132,-34,62,139,176,162,108,30,-47,-112,-150,-143,-93,-24,49,108,136,127,92,29,-39,-100,-132,-133,-103,-45,26,82,118,127,107,60,-2,-56,-101,-116,-100,-68,-22,33,81,104,102,80,31,-19,-53,-81,-92,-75,-44,-5,36,63,74,70,47,12,-25,-44,-56,-65,-59,-31,6,47,71,77,78,70,816,665
29319,mtk,MTK 7916,2780212863,rx0-tx0,512,0,0,0,0,0,0,0,0,0,0,0,0,0,0,0,0,0,0,0,0,0,0,0,0,0,0,0,0,0,0,0,0,0,0,0,0,0,0,0,0,0,0,0,0,0,0,0,0,0,0,0,0,0,0,0,0,0,0,0,0,0,0,0,0,0,0,0,0,0,0,0,0,0,0,0,0,0,0,0,0,0,0,0,0,0,0,0,0,0,0,0,0,0,0,0,0,0,0,0,0,0,0,0,0,0,0,0,0,0,0,0,0,0,0,0,0,0,0,0,0,0,0,0,0,0,0,0,0,0,0,0,0,0,0,0,0,0,0,0,0,0,0,0,0,0,0,0,0,0,0,0,0,0,0,0,0,0,0,0,0,0,0,0,0,0,0,0,0,0,0,0,0,0,0,0,0,0,0,0,0,0,0,0,0,0,0,0,0,0,0,0,0,0,0,0,0,0,0,0,0,0,0,0,0,0,0,0,0,0,0,0,0,0,0,0,0,0,0,0,0,0,0,0,0,0,0,0,0,0,0,0,0,0,0,0,0,0,0,0,0,0,0,0,0,0,0,0,0,0,0,0,0,0,0,0,0,-273,194,-66,-93,36,189,309,372,364,290,173,29,-113,-249,-353,-420,-443,-419,-355,-251,-119,34,194,341,463,545,574,551,464,334,167,-30,-239,-424,-576,-677,-715,-691,-595,-444,-252,-36,187,390,567,696,769,783,727,610,445,242,14,-219,-441,-636,-778,-868,-888,-835,-712,-527,-293,-31,236,495,713,873,968,983,919,779,565,307,24,-266,-532,-762,-923,-1006,-1016,-950,-802,-590,-333,-38,246,510,737,898,984,995,929,786,587,345,75,-186,-431,-641,-787,-868,-892,-848,-749,-603,-400,-185,35,256,452,615,727,795,812,773,683,546,376,173,-49,-260,-464,-630,-752,-831,-846,-797,1181,-536,-328,-111,124,345,550,714,825,875,858,786,657,480,275,40,-193,-420,-606,-754,-861,-910,-902,-829,-693,-511,-285,-31,241,503,738,930,1050,1099,1065,947,758,492,175,-157,-492,-806,-1056,-1220,-1284,-1250,-1118,-884,-581,-220,169,541,877,1145,1324,1392,1345,1185,919,589,196,-209,-592,-937,-1204,-1367,-1414,-1349,-1168,-890,-539,-142,269,660,991,1238,1380,1403,1310,1105,797,427,18,-397,-776,-1089,-1297,-1387,-1354,-1198,-925,-568,-160,258,647,968,1191,1295,1275,1123,869,540,162,-222,-572,-852,-1041,-1130,-1110,-974,-747,-458,-116,227,549,823,1007,1086,1033,845,527,107,-334,-712,-935,-952,829,659,0,0,0,0,0,0,0,0,0,0,0,0,0,0,0,0,0,0,0,0,0,0,0,0,0,0,0,0,0,0,0,0,0,0,0,0,0,0,0,0,0,0,0,0,0,0,0,0,0,0,0,0,0,0,0,0,0,0,0,0,0,0,0,0,0,0,0,0,0,0,0,0,0,0,0,0,0,0,0,0,0,0,0,0,0,0,0,0,0,0,0,0,0,0,0,0,0,0,0,0,0,0,0,0,0,0,0,0,0,0,0,0,0,0,0,0,0,0,0,0,0,0,0,0,0,0,0,0,0,0,0,0,0,0,0,0,0,0,0,0,0,0,0,0,0,0,0,0,0,0,0,0,0,0,0,0,0,0,0,0,0,0,0,0,0,0,0,0,0,0,0,0,0,0,0,0,0,0,0,0,0,0,0,0,0,0,0,0,0,0,0,0,0,0,0,0,0,0,0,0,0,0,0,0,0,0,0,0,0,0,0,0,0,0,0,0,0,0,0,0,0,0,0,0,0,0,0,0,0,0,0,0,0,0,0,0,0,0,0,0,0,0,0,0,0,0,0,0,0,0,0,0,0,0,0,0,-1322,-958,-978,255,302,273,171,31,-129,-265,-360,-403,-394,-342,-240,-117,26,167,297,404,473,498,476,401,285,130,-42,-219,-388,-521,-618,-656,-625,-529,-388,-205,4,225,427,592,697,746,732,656,526,340,125,-100,-322,-518,-673,-785,-833,-813,-727,-579,-383,-155,100,348,577,762,886,940,919,825,654,435,176,-108,-386,-642,-844,-965,-1018,-984,-872,-688,-445,-179,104,386,640,835,973,1022,988,878,698,463,199,-81,-353,-595,-780,-904,-952,-929,-845,-685,-472,-240,2,239,444,627,761,826,840,796,700,553,372,174,-42,-248,-441,-601,-720,-798,-812,-774,-687,-542,-363,-156,74,297,-701,686,795,852,856,796,682,509,297,65,-172,-389,-586,-736,-841,-887,-871,-791,-654,-486,-276,-45,194,429,636,809,931,993,983,893,740,522,258,-33,-339,-623,-877,-1072,-1182,-1196,-1128,-953,-694,-376,-23,334,682,985,1209,1335,1346,1244,1045,764,409,17,-381,-757,-1058,-1280,-1398,-1392,-1277,-1062,-748,-369,32,435,798,1095,1302,1400,1387,1252,1008,681,290,-119,-512,-870,-1156,-1334,-1403,-1343,-1167,-886,-516,-105,311,705,1031,1247,1350,1324,1174,917,569,174,-232,-608,-910,-1123,-1221,-1196,-1052,-810,-499,-148,209,536,796,987,1075,1051,925,694,380,16,-362,-712,-982,-1111,-1046,-792,-393,-2,-508,-713
29320,mtk,MTK 7916,2780212863,rx0-tx1,512,0,0,0,0,0,0,0,0,0,0,0,0,0,0,0,0,0,0,0,0,0,0,0,0,0,0,0,0,0,0,0,0,0,0,0,0,0,0,0,0,0,0,0,0,0,0,0,0,0,0,0,0,0,0,0,0,0,0,0,0,0,0,0,0,0,0,0,0,0,0,0,0,0,0,0,0,0,0,0,0,0,0,0,0,0,0,0,0,0,0,0,0,0,0,0,0,0,0,0,0,0,0,0,0,0,0,0,0,0,0,0,0,0,0,0,0,0,0,0,0,0,0,0,0,0,0,0,0,0,0,0,0,0,0,0,0,0,0,0,0,0,0,0,0,0,0,0,0,0,0,0,0,0,0,0,0,0,0,0,0,0,0,0,0,0,0,0,0,0,0,0,0,0,0,0,0,0,0,0,0,0,0,0,0,0,0,0,0,0,0,0,0,0,0,0,0,0,0,0,0,0,0,0,0,0,0,0,0,0,0,0,0,0,0,0,0,0,0,0,0,0,0,0,0,0,0,0,0,0,0,0,0,0,0,0,0,0,0,0,0,0,0,0,0,0,0,0,0,0,0,0,0,0,0,0,0,-730,-295,-286,-116,-246,-338,-353,-291,-160,2,164,303,404,457,451,394,293,151,-16,-191,-351,-482,-573,-609,-577,-487,-341,-153,64,285,491,657,758,783,736,622,446,221,-39,-299,-534,-728,-866,-926,-898,-796,-621,-397,-127,168,447,695,894,1016,1048,993,854,656,393,95,-223,-524,-784,-988,-1107,-1146,-1095,-951,-718,-437,-122,220,556,831,1050,1192,1241,1198,1056,829,539,200,-165,-521,-844,-1098,-1265,-1343,-1315,-1176,-946,-630,-267,121,505,852,1132,1327,1427,1400,1264,1026,703,324,-76,-488,-857,-1147,-1351,-1450,-1435,-1305,-1069,-748,-372,34,436,797,1097,1310,1419,1416,1309,1103,811,449,64,-322,-214,-1004,-1236,-1372,-1404,-1339,-1165,-901,-575,-205,189,558,888,1167,1340,1417,1396,1257,1027,719,345,-55,-446,-808,-1113,-1333,-1448,-1452,-1341,-1120,-814,-448,-43,360,741,1065,1303,1433,1451,1358,1168,880,522,126,-272,-649,-977,-1230,-1388,-1432,-1361,-1186,-920,-581,-200,189,565,900,1158,1319,1384,1336,1183,937,614,247,-138,-517,-848,-1113,-1287,-1353,-1308,-1157,-910,-582,-207,178,544,871,1124,1273,1313,1242,1060,784,441,53,-331,-680,-966,-1153,-1238,-1203,-1056,-814,-499,-139,224,556,827,1006,1087,1057,931,718,441,131,-187,-473,-707,-872,-946,-923,-813,-612,-342,-20,307,614,846,953,904,686,340,6,-224,-266,0,0,0,0,0,0,0,0,0,0,0,0,0,0,0,0,0,0,0,0,0,0,0,0,0,0,0,0,0,0,0,0,0,0,0,0,0,0,0,0,0,0,0,0,0,0,0,0,0,0,0,0,0,0,0,0,0,0,0,0,0,0,0,0,0,0,0,0,0,0,0,0,0,0,0,0,0,0,0,0,0,0,0,0,0,0,0,0,0,0,0,0,0,0,0,0,0,0,0,0,0,0,0,0,0,0,0,0,0,0,0,0,0,0,0,0,0,0,0,0,0,0,0,0,0,0,0,0,0,0,0,0,0,0,0,0,0,0,0,0,0,0,0,0,0,0,0,0,0,0,0,0,0,0,0,0,0,0,0,0,0,0,0,0,0,0,0,0,0,0,0,0,0,0,0,0,0,0,0,0,0,0,0,0,0,0,0,0,0,0,0,0,0,0,0,0,0,0,0,0,0,0,0,0,0,0,0,0,0,0,0,0,0,0,0,0,0,0,0,0,0,0,0,0,0,0,0,0,0,0,0,0,0,0,0,0,0,0,0,0,0,0,0,0,0,0,0,0,0,0,0,0,0,0,0,0,-128,14,95,-236,-183,-53,110,264,375,417,391,310,188,38,-123,-272,-397,-489,-527,-510,-435,-311,-147,46,243,424,571,666,699,663,560,389,170,-75,-310,-527,-703,-822,-862,-820,-706,-526,-294,-21,254,508,726,885,980,981,895,739,521,241,-59,-358,-628,-852,-1014,-1093,-1083,-980,-804,-548,-251,66,390,690,927,1090,1182,1188,1085,889,632,316,-30,-373,-695,-957,-1156,-1271,-1287,-1198,-1010,-737,-408,-45,336,690,994,1226,1356,1389,1307,1121,836,494,99,-308,-680,-1005,-1256,-1406,-1455,-1383,-1183,-895,-538,-142,272,660,993,1250,1403,1451,1383,1205,934,595,207,-189,-572,-908,-1181,-1354,-1418,-1385,171,-999,-678,-318,62,442,795,1083,1290,1403,1404,1293,1102,818,466,86,-314,-688,-1002,-1246,-1400,-1444,-1380,-1214,-947,-597,-206,204,598,950,1222,1404,1467,1418,1264,1011,678,290,-115,-509,-867,-1159,-1357,-1442,-1416,-1285,-1053,-737,-368,30,423,776,1076,1290,1395,1390,1279,1068,772,425,42,-347,-705,-1007,-1225,-1347,-1363,-1268,-1069,-783,-435,-53,335,689,992,1208,1320,1319,1214,1005,700,340,-43,-426,-769,-1041,-1219,-1289,-1236,-1075,-812,-481,-114,265,609,894,1087,1171,1139,1001,770,475,140,-200,-510,-764,-929,-1003,-975,-855,-661,-405,-109,191,475,714,879,946,899,739,460,101,-285,-619,-810,-827,-192,-126
29321,mtk,MTK 7916,2780212863,rx1-tx0,512,0,0,0,0,0,0,0,0,0,0,0,0,0,0,0,0,0,0,0,0,0,0,0,0,0,0,0,0,0,0,0,0,0,0,0,0,0,0,0,0,0,0,0,0,0,0,0,0,0,0,0,0,0,0,0,0,0,0,0,0,0,0,0,0,0,0,0,0,0,0,0,0,0,0,0,0,0,0,0,0,0,0,0,0,0,0,0,0,0,0,0,0,0,0,0,0,0,0,0,0,0,0,0,0,0,0,0,0,0,0,0,0,0,0,0,0,0,0,0,0,0,0,0,0,0,0,0,0,0,0,0,0,0,0,0,0,0,0,0,0,0,0,0,0,0,0,0,0,0,0,0,0,0,0,0,0,0,0,0,0,0,0,0,0,0,0,0,0,0,0,0,0,0,0,0,0,0,0,0,0,0,0,0,0,0,0,0,0,0,0,0,0,0,0,0,0,0,0,0,0,0,0,0,0,0,0,0,0,0,0,0,0,0,0,0,0,0,0,0,0,0,0,0,0,0,0,0,0,0,0,0,0,0,0,0,0,0,0,0,0,0,0,0,0,0,0,0,0,0,0,0,0,0,0,0,0,146,-831,-969,146,120,45,-54,-147,-214,-238,-221,-167,-87,9,101,181,239,268,269,236,165,77,-22,-123,-208,-272,-302,-301,-266,-197,-104,-3,90,178,247,281,295,278,216,142,59,-19,-103,-171,-210,-223,-220,-199,-154,-108,-53,5,47,84,112,127,133,122,110,91,67,47,34,20,1,-4,-4,-12,-31,-43,-64,-97,-123,-141,-148,-146,-130,-108,-59,0,70,130,200,253,284,292,270,233,157,59,-48,-157,-257,-336,-387,-399,-369,-314,-226,-108,16,148,259,351,418,447,426,371,284,178,47,-84,-203,-317,-402,-446,-450,-422,-358,-262,-134,5,142,255,347,422,457,452,93,327,221,102,-36,-170,-284,-382,-451,-469,-440,-383,-294,-172,-42,88,220,324,399,439,438,394,321,221,109,-6,-123,-230,-313,-370,-382,-366,-331,-262,-176,-70,35,128,205,265,306,325,306,261,210,135,56,-23,-105,-173,-219,-258,-274,-265,-238,-187,-123,-53,19,90,151,192,222,237,225,197,154,100,43,-13,-57,-109,-155,-180,-194,-191,-175,-150,-107,-63,-18,35,77,120,158,196,199,184,160,125,75,8,-61,-125,-177,-213,-225,-215,-179,-127,-61,14,93,161,212,236,227,198,139,70,0,-80,-143,-181,-210,-206,-168,-115,-48,33,111,166,189,174,125,68,-126,-395,0,0,0,0,0,0,0,0,0,0,0,0,0,0,0,0,0,0,0,0,0,0,0,0,0,0,0,0,0,0,0,0,0,0,0,0,0,0,0,0,0,0,0,0,0,0,0,0,0,0,0,0,0,0,0,0,0,0,0,0,0,0,0,0,0,0,0,0,0,0,0,0,0,0,0,0,0,0,0,0,0,0,0,0,0,0,0,0,0,0,0,0,0,0,0,0,0,0,0,0,0,0,0,0,0,0,0,0,0,0,0,0,0,0,0,0,0,0,0,0,0,0,0,0,0,0,0,0,0,0,0,0,0,0,0,0,0,0,0,0,0,0,0,0,0,0,0,0,0,0,0,0,0,0,0,0,0,0,0,0,0,0,0,0,0,0,0,0,0,0,0,0,0,0,0,0,0,0,0,0,0,0,0,0,0,0,0,0,0,0,0,0,0,0,0,0,0,0,0,0,0,0,0,0,0,0,0,0,0,0,0,0,0,0,0,0,0,0,0,0,0,0,0,0,0,0,0,0,0,0,0,0,0,0,0,0,0,0,0,0,0,0,0,0,0,0,0,0,0,0,0,0,0,0,0,0,206,-651,-402,-44,-127,-192,-207,-171,-94,3,102,183,235,256,241,199,122,29,-65,-160,-232,-277,-294,-274,-219,-134,-40,60,158,239,295,310,293,248,170,80,-9,-109,-190,-243,-270,-273,-252,-197,-123,-53,19,89,136,164,184,179,160,135,100,66,32,-7,-34,-58,-68,-70,-69,-74,-69,-66,-74,-88,-87,-80,-72,-59,-31,-1,27,66,111,156,197,220,216,205,174,110,35,-54,-138,-221,-299,-341,-356,-333,-283,-198,-87,40,162,265,354,407,425,406,345,255,138,3,-129,-244,-341,-415,-449,-441,-399,-324,-213,-80,47,170,287,384,444,462,436,374,295,187,53,-84,-1894,-333,-407,-457,-467,-431,-364,-269,-145,2,134,254,357,431,452,445,396,311,205,82,-51,-174,-278,-355,-396,-411,-391,-331,-245,-136,-19,88,189,268,321,350,349,318,266,189,103,12,-78,-148,-212,-267,-293,-296,-275,-227,-166,-104,-23,54,127,190,223,245,253,238,200,140,83,16,-51,-107,-157,-188,-203,-203,-188,-166,-122,-73,-29,22,71,117,150,167,184,179,163,136,105,52,-15,-70,-122,-166,-197,-213,-207,-186,-140,-79,0,76,141,189,223,232,217,173,109,26,-51,-121,-179,-210,-224,-211,-166,-111,-41,47,120,172,200,202,170,108,30,-52,-116,-140,-1055,-977
29322,mtk,MTK 7916,2780212863,rx1-tx1,512,0,0,0,0,0,0,0,0,0,0,0,0,0,0,0,0,0,0,0,0,0,0,0,0,0,0,0,0,0,0,0,0,0,0,0,0,0,0,0,0,0,0,0,0,0,0,0,0,0,0,0,0,0,0,0,0,0,0,0,0,0,0,0,0,0,0,0,0,0,0,0,0,0,0,0,0,0,0,0,0,0,0,0,0,0,0,0,0,0,0,0,0,0,0,0,0,0,0,0,0,0,0,0,0,0,0,0,0,0,0,0,0,0,0,0,0,0,0,0,0,0,0,0,0,0,0,0,0,0,0,0,0,0,0,0,0,0,0,0,0,0,0,0,0,0,0,0,0,0,0,0,0,0,0,0,0,0,0,0,0,0,0,0,0,0,0,0,0,0,0,0,0,0,0,0,0,0,0,0,0,0,0,0,0,0,0,0,0,0,0,0,0,0,0,0,0,0,0,0,0,0,0,0,0,0,0,0,0,0,0,0,0,0,0,0,0,0,0,0,0,0,0,0,0,0,0,0,0,0,0,0,0,0,0,0,0,0,0,0,0,0,0,0,0,0,0,0,0,0,0,0,0,0,0,0,0,-411,-908,-735,-11,-4,2,8,18,29,35,36,33,22,6,-10,-24,-39,-50,-48,-44,-30,-4,23,46,60,63,53,33,8,-19,-51,-76,-83,-69,-43,-8,30,64,83,81,65,35,-4,-44,-73,-91,-89,-60,-16,22,57,82,91,75,37,-10,-57,-88,-100,-88,-55,-11,36,73,90,91,69,29,-23,-68,-98,-103,-80,-35,20,71,104,116,102,58,-4,-63,-110,-132,-119,-80,-23,42,96,136,143,108,42,-32,-98,-141,-154,-132,-69,16,90,144,171,157,103,21,-69,-143,-185,-189,-145,-68,30,123,190,215,189,115,15,-88,-179,-233,-237,-184,-85,34,143,221,0,232,166,59,-68,-176,-242,-262,-225,-139,-35,77,183,244,255,210,119,6,-96,-178,-228,-222,-177,-104,-11,76,147,186,187,157,106,31,-52,-109,-142,-155,-144,-104,-51,12,65,103,126,131,113,78,33,-19,-75,-122,-143,-139,-109,-62,1,63,122,160,162,129,68,-11,-89,-146,-182,-191,-153,-68,30,121,195,230,220,160,53,-68,-169,-238,-264,-237,-156,-36,87,201,276,298,250,150,22,-110,-224,-292,-303,-255,-148,-13,122,230,290,288,234,131,2,-121,-211,-261,-255,-202,-102,19,133,214,252,247,188,83,-35,-144,-234,-286,-290,-252,-175,-75,21,120,-1004,-1041,0,0,0,0,0,0,0,0,0,0,0,0,0,0,0,0,0,0,0,0,0,0,0,0,0,0,0,0,0,0,0,0,0,0,0,0,0,0,0,0,0,0,0,0,0,0,0,0,0,0,0,0,0,0,0,0,0,0,0,0,0,0,0,0,0,0,0,0,0,0,0,0,0,0,0,0,0,0,0,0,0,0,0,0,0,0,0,0,0,0,0,0,0,0,0,0,0,0,0,0,0,0,0,0,0,0,0,0,0,0,0,0,0,0,0,0,0,0,0,0,0,0,0,0,0,0,0,0,0,0,0,0,0,0,0,0,0,0,0,0,0,0,0,0,0,0,0,0,0,0,0,0,0,0,0,0,0,0,0,0,0,0,0,0,0,0,0,0,0,0,0,0,0,0,0,0,0,0,0,0,0,0,0,0,0,0,0,0,0,0,0,0,0,0,0,0,0,0,0,0,0,0,0,0,0,0,0,0,0,0,0,0,0,0,0,0,0,0,0,0,0,0,0,0,0,0,0,0,0,0,0,0,0,0,0,0,0,0,0,0,0,0,0,0,0,0,0,0,0,0,0,0,0,0,0,0,-92,550,782,-11,-13,-17,-18,-16,-14,-8,7,20,30,38,41,38,28,11,-10,-30,-45,-54,-51,-38,-19,12,40,61,68,67,50,22,-11,-42,-69,-82,-78,-56,-23,15,51,73,81,73,47,10,-32,-72,-86,-84,-69,-35,10,58,89,93,80,57,14,-35,-77,-95,-94,-65,-13,36,71,97,98,70,31,-19,-69,-104,-112,-86,-43,6,60,105,123,111,69,9,-57,-110,-135,-129,-96,-37,38,102,136,142,112,54,-20,-96,-149,-167,-146,-85,-6,77,148,181,167,120,43,-51,-135,-188,-203,-169,-97,6,111,190,226,212,144,42,-70,-167,-234,-251,-211,-127,0,107,200,254,254,196,93,-23,-133,-218,-257,-250,-188,-80,41,146,216,243,223,160,61,-46,-136,-192,-218,-192,-133,-51,33,107,154,174,165,128,68,3,-55,-108,-136,-140,-122,-83,-32,13,64,111,136,135,111,75,16,-48,-103,-139,-156,-138,-94,-34,36,106,160,181,158,108,33,-56,-144,-204,-214,-182,-111,-10,95,187,242,246,201,113,-9,-133,-228,-280,-277,-211,-96,38,165,261,305,285,206,87,-51,-180,-272,-311,-282,-196,-77,53,172,257,282,246,163,54,-63,-168,-242,-257,-219,-136,-24,93,183,246,263,230,153,52,-60,-169,-246,-282,-282,-242,-263,16
29323,mtk,MTK 7916,2780212863,rx2-tx0,512,0,0,0,0,0,0,0,0,0,0,0,0,0,0,0,0,0,0,0,0,0,0,0,0,0,0,0,0,0,0,0,0,0,0,0,0,0,0,0,0,0,0,0,0,0,0,0,0,0,0,0,0,0,0,0,0,0,0,0,0,0,0,0,0,0,0,0,0,0,0,0,0,0,0,0,0,0,0,0,0,0,0,0,0,0,0,0,0,0,0,0,0,0,0,0,0,0,0,0,0,0,0,0,0,0,0,0,0,0,0,0,0,0,0,0,0,0,0,0,0,0,0,0,0,0,0,0,0,0,0,0,0,0,0,0,0,0,0,0,0,0,0,0,0,0,0,0,0,0,0,0,0,0,0,0,0,0,0,0,0,0,0,0,0,0,0,0,0,0,0,0,0,0,0,0,0,0,0,0,0,0,0,0,0,0,0,0,0,0,0,0,0,0,0,0,0,0,0,0,0,0,0,0,0,0,0,0,0,0,0,0,0,0,0,0,0,0,0,0,0,0,0,0,0,0,0,0,0,0,0,0,0,0,0,0,0,0,0,0,0,0,0,0,0,0,0,0,0,0,0,0,0,0,0,0,0,-136,790,973,60,72,76,69,51,24,-8,-40,-70,-99,-114,-107,-84,-45,6,59,106,135,144,128,88,28,-44,-116,-168,-189,-179,-135,-60,32,124,198,239,234,186,95,-22,-141,-236,-282,-274,-213,-105,28,163,261,308,295,218,87,-59,-201,-302,-337,-299,-192,-39,120,258,346,353,282,148,-22,-194,-320,-372,-345,-240,-75,117,281,383,403,333,180,-22,-219,-369,-436,-411,-290,-97,121,315,441,470,394,234,17,-204,-381,-476,-462,-346,-155,68,279,425,476,420,275,73,-146,-324,-429,-437,-347,-178,27,223,364,422,381,254,72,-123,-282,-382,-388,-305,-152,35,211,328,0,344,233,62,-125,-276,-366,-376,-302,-160,23,201,328,386,364,263,97,-86,-249,-363,-401,-351,-226,-52,132,292,395,411,344,207,24,-165,-322,-419,-428,-353,-206,-22,170,336,434,440,362,217,26,-174,-339,-438,-454,-377,-224,-28,167,327,427,443,371,229,39,-161,-323,-418,-426,-348,-203,-19,172,324,400,397,309,161,-18,-193,-327,-388,-364,-264,-110,66,223,333,371,326,209,50,-116,-256,-341,-354,-291,-168,-10,151,282,353,347,273,144,-17,-175,-296,-352,-338,-258,-128,24,170,283,340,331,261,140,-9,-153,-271,-341,-353,-310,-218,-95,35,151,242,290,303,-25,283,0,0,0,0,0,0,0,0,0,0,0,0,0,0,0,0,0,0,0,0,0,0,0,0,0,0,0,0,0,0,0,0,0,0,0,0,0,0,0,0,0,0,0,0,0,0,0,0,0,0,0,0,0,0,0,0,0,0,0,0,0,0,0,0,0,0,0,0,0,0,0,0,0,0,0,0,0,0,0,0,0,0,0,0,0,0,0,0,0,0,0,0,0,0,0,0,0,0,0,0,0,0,0,0,0,0,0,0,0,0,0,0,0,0,0,0,0,0,0,0,0,0,0,0,0,0,0,0,0,0,0,0,0,0,0,0,0,0,0,0,0,0,0,0,0,0,0,0,0,0,0,0,0,0,0,0,0,0,0,0,0,0,0,0,0,0,0,0,0,0,0,0,0,0,0,0,0,0,0,0,0,0,0,0,0,0,0,0,0,0,0,0,0,0,0,0,0,0,0,0,0,0,0,0,0,0,0,0,0,0,0,0,0,0,0,0,0,0,0,0,0,0,0,0,0,0,0,0,0,0,0,0,0,0,0,0,0,0,0,0,0,0,0,0,0,0,0,0,0,0,0,0,0,0,0,0,1335,780,529,-12,8,28,53,76,92,98,92,73,43,0,-43,-82,-112,-129,-120,-87,-38,20,82,131,159,161,134,79,2,-79,-153,-204,-217,-190,-123,-27,81,177,244,265,233,154,39,-87,-202,-278,-299,-262,-168,-30,117,245,322,331,266,144,-12,-164,-286,-347,-327,-236,-95,71,227,338,368,319,196,19,-163,-308,-386,-379,-285,-126,70,255,380,420,369,231,30,-180,-351,-447,-442,-340,-166,51,264,417,480,437,298,90,-137,-335,-459,-477,-393,-225,-6,210,378,460,438,318,131,-81,-270,-398,-435,-366,-218,-28,166,321,399,387,283,114,-80,-250,-360,-392,-327,-190,0,158,310,388,371,271,113,-72,-239,-353,-390,-342,-213,-37,148,298,385,391,313,164,-20,-200,-340,-409,-390,-291,-134,53,232,366,426,398,285,120,-71,-255,-388,-442,-403,-285,-117,73,258,394,451,422,308,130,-68,-254,-390,-450,-422,-310,-137,60,250,392,447,406,290,125,-68,-250,-375,-421,-383,-267,-95,92,261,370,400,344,215,40,-134,-277,-360,-366,-292,-164,-1,166,294,357,345,256,112,-54,-211,-320,-359,-326,-226,-78,87,236,331,354,310,202,52,-102,-235,-324,-348,-306,-200,-52,98,227,316,348,316,226,97,-48,-185,-295,-355,-365,-322,-247,-155,-36,1143,1097
29324,mtk,MTK 7916,2780212863,rx2-tx1,512,0,0,0,0,0,0,0,0,0,0,0,0,0,0,0,0,0,0,0,0,0,0,0,0,0,0,0,0,0,0,0,0,0,0,0,0,0,0,0,0,0,0,0,0,0,0,0,0,0,0,0,0,0,0,0,0,0,0,0,0,0,0,0,0,0,0,0,0,0,0,0,0,0,0,0,0,0,0,0,0,0,0,0,0,0,0,0,0,0,0,0,0,0,0,0,0,0,0,0,0,0,0,0,0,0,0,0,0,0,0,0,0,0,0,0,0,0,0,0,0,0,0,0,0,0,0,0,0,0,0,0,0,0,0,0,0,0,0,0,0,0,0,0,0,0,0,0,0,0,0,0,0,0,0,0,0,0,0,0,0,0,0,0,0,0,0,0,0,0,0,0,0,0,0,0,0,0,0,0,0,0,0,0,0,0,0,0,0,0,0,0,0,0,0,0,0,0,0,0,0,0,0,0,0,0,0,0,0,0,0,0,0,0,0,0,0,0,0,0,0,0,0,0,0,0,0,0,0,0,0,0,0,0,0,0,0,0,0,0,0,0,0,0,0,0,0,0,0,0,0,0,0,0,0,0,0,236,901,928,49,63,67,62,46,20,-6,-29,-53,-67,-63,-51,-32,0,33,56,66,58,34,1,-26,-52,-68,-66,-49,-19,24,64,89,99,85,42,-20,-71,-110,-128,-121,-79,-13,64,119,148,154,121,50,-44,-124,-180,-197,-174,-99,9,116,199,242,231,161,51,-86,-215,-301,-308,-250,-134,22,181,306,366,340,241,75,-120,-292,-394,-414,-344,-185,21,225,375,451,431,304,94,-132,-328,-454,-478,-398,-225,5,239,410,486,456,333,126,-121,-337,-462,-489,-411,-245,-20,206,381,462,446,323,125,-95,-288,-406,-425,-342,-185,9,200,337,391,359,238,53,-130,-273,0,-346,-247,-91,81,237,325,332,257,115,-57,-217,-314,-338,-278,-143,26,181,298,350,313,203,42,-140,-281,-350,-347,-257,-100,69,225,331,364,311,187,23,-142,-276,-341,-326,-240,-103,57,193,279,296,250,148,14,-115,-212,-256,-241,-172,-65,53,141,189,193,153,71,-25,-101,-138,-147,-122,-64,11,79,127,136,108,54,-13,-78,-121,-129,-107,-58,6,69,114,134,121,79,14,-51,-102,-123,-120,-90,-42,23,77,113,126,109,65,11,-39,-85,-113,-114,-83,-36,12,53,83,92,82,54,14,-26,-62,-88,-86,-62,-32,2,49,86,99,98,86,56,17,449,648,0,0,0,0,0,0,0,0,0,0,0,0,0,0,0,0,0,0,0,0,0,0,0,0,0,0,0,0,0,0,0,0,0,0,0,0,0,0,0,0,0,0,0,0,0,0,0,0,0,0,0,0,0,0,0,0,0,0,0,0,0,0,0,0,0,0,0,0,0,0,0,0,0,0,0,0,0,0,0,0,0,0,0,0,0,0,0,0,0,0,0,0,0,0,0,0,0,0,0,0,0,0,0,0,0,0,0,0,0,0,0,0,0,0,0,0,0,0,0,0,0,0,0,0,0,0,0,0,0,0,0,0,0,0,0,0,0,0,0,0,0,0,0,0,0,0,0,0,0,0,0,0,0,0,0,0,0,0,0,0,0,0,0,0,0,0,0,0,0,0,0,0,0,0,0,0,0,0,0,0,0,0,0,0,0,0,0,0,0,0,0,0,0,0,0,0,0,0,0,0,0,0,0,0,0,0,0,0,0,0,0,0,0,0,0,0,0,0,0,0,0,0,0,0,0,0,0,0,0,0,0,0,0,0,0,0,0,0,0,0,0,0,0,0,0,0,0,0,0,0,0,0,0,0,0,0,-351,242,-4,-17,-4,13,34,56,68,67,59,42,11,-15,-37,-58,-65,-54,-32,-5,20,41,55,54,37,9,-26,-59,-82,-82,-61,-18,22,61,97,113,95,53,-3,-59,-109,-137,-131,-92,-25,49,116,166,176,140,68,-27,-120,-192,-222,-196,-127,-16,105,210,266,263,197,83,-57,-197,-304,-341,-298,-189,-18,162,303,378,377,284,119,-78,-259,-397,-444,-393,-244,-32,185,356,462,468,361,166,-73,-296,-446,-498,-442,-288,-64,180,381,491,490,379,188,-46,-269,-428,-485,-434,-287,-75,154,337,440,443,345,169,-44,-235,-365,-410,-354,-214,-25,169,312,379,347,226,0,-107,-253,-337,-338,-257,-105,78,232,323,336,274,141,-34,-198,-311,-344,-297,-173,-7,158,283,350,330,228,73,-103,-252,-350,-365,-295,-154,21,187,308,358,326,219,61,-101,-237,-319,-325,-254,-133,15,155,247,273,241,164,51,-75,-173,-220,-221,-166,-73,31,117,166,174,139,61,-21,-87,-133,-143,-110,-54,15,86,131,138,108,55,-12,-74,-119,-136,-118,-74,-14,53,106,136,133,97,32,-39,-90,-120,-129,-107,-55,7,60,96,111,102,75,31,-23,-67,-97,-100,-77,-43,-2,41,70,82,79,55,16,-22,-58,-88,-96,-83,-52,-10,24,52,80,100,816,665
29325,mtk,MTK 7916,2780262036,rx0-tx0,512,0,0,0,0,0,0,0,0,0,0,0,0,0,0,0,0,0,0,0,0,0,0,0,0,0,0,0,0,0,0,0,0,0,0,0,0,0,0,0,0,0,0,0,0,0,0,0,0,0,0,0,0,0,0,0,0,0,0,0,0,0,0,0,0,0,0,0,0,0,0,0,0,0,0,0,0,0,0,0,0,0,0,0,0,0,0,0,0,0,0,0,0,0,0,0,0,0,0,0,0,0,0,0,0,0,0,0,0,0,0,0,0,0,0,0,0,0,0,0,0,0,0,0,0,0,0,0,0,0,0,0,0,0,0,0,0,0,0,0,0,0,0,0,0,0,0,0,0,0,0,0,0,0,0,0,0,0,0,0,0,0,0,0,0,0,0,0,0,0,0,0,0,0,0,0,0,0,0,0,0,0,0,0,0,0,0,0,0,0,0,0,0,0,0,0,0,0,0,0,0,0,0,0,0,0,0,0,0,0,0,0,0,0,0,0,0,0,0,0,0,0,0,0,0,0,0,0,0,0,0,0,0,0,0,0,0,0,0,0,0,0,0,0,0,0,0,0,0,0,0,0,0,0,0,0,0,-273,194,-66,-158,-269,-324,-297,-193,-43,114,253,350,395,391,332,231,98,-52,-192,-323,-420,-474,-474,-423,-322,-183,-20,163,330,473,571,607,576,475,333,152,-53,-264,-446,-585,-672,-690,-637,-530,-369,-170,52,271,474,625,719,761,727,630,482,270,36,-206,-440,-645,-787,-863,-860,-770,-614,-395,-137,142,415,646,825,935,956,881,735,520,248,-50,-341,-602,-804,-955,-1001,-954,-831,-617,-352,-51,255,525,754,914,982,970,869,691,450,177,-120,-395,-617,-798,-895,-917,-861,-727,-539,-312,-65,186,413,601,737,804,826,778,655,486,285,62,-172,-395,-575,-712,-802,-820,-772,-661,1181,-276,-43,190,416,612,752,819,827,770,650,468,257,26,-215,-434,-615,-750,-822,-836,-780,-667,-505,-299,-70,176,419,626,797,903,943,908,786,596,348,56,-248,-546,-809,-1000,-1108,-1128,-1038,-837,-566,-235,130,484,811,1062,1221,1258,1184,996,708,354,-39,-426,-778,-1066,-1248,-1312,-1255,-1074,-806,-445,-45,354,721,1021,1218,1303,1269,1108,841,495,98,-310,-686,-991,-1196,-1289,-1261,-1087,-816,-476,-68,346,707,1008,1198,1262,1185,989,689,311,-84,-467,-788,-1013,-1129,-1116,-979,-738,-422,-70,283,580,814,959,994,919,739,483,169,-167,-492,-764,-941,-988,-888,-632,-250,171,541,745,829,659,0,0,0,0,0,0,0,0,0,0,0,0,0,0,0,0,0,0,0,0,0,0,0,0,0,0,0,0,0,0,0,0,0,0,0,0,0,0,0,0,0,0,0,0,0,0,0,0,0,0,0,0,0,0,0,0,0,0,0,0,0,0,0,0,0,0,0,0,0,0,0,0,0,0,0,0,0,0,0,0,0,0,0,0,0,0,0,0,0,0,0,0,0,0,0,0,0,0,0,0,0,0,0,0,0,0,0,0,0,0,0,0,0,0,0,0,0,0,0,0,0,0,0,0,0,0,0,0,0,0,0,0,0,0,0,0,0,0,0,0,0,0,0,0,0,0,0,0,0,0,0,0,0,0,0,0,0,0,0,0,0,0,0,0,0,0,0,0,0,0,0,0,0,0,0,0,0,0,0,0,0,0,0,0,0,0,0,0,0,0,0,0,0,0,0,0,0,0,0,0,0,0,0,0,0,0,0,0,0,0,0,0,0,0,0,0,0,0,0,0,0,0,0,0,0,0,0,0,0,0,0,0,0,0,0,0,0,0,0,0,0,0,0,0,0,0,0,0,0,0,0,0,0,0,0,0,-1322,-958,-978,-204,-120,27,188,314,377,366,297,177,36,-109,-248,-353,-421,-435,-400,-323,-205,-56,109,265,401,493,540,530,453,331,163,-27,-222,-398,-535,-628,-656,-614,-501,-338,-143,77,284,461,609,696,718,680,573,404,204,-22,-251,-450,-630,-756,-810,-795,-707,-552,-341,-100,172,431,652,816,901,912,835,676,459,188,-111,-393,-637,-832,-952,-984,-922,-782,-575,-315,-4,293,572,797,944,1010,975,858,668,407,115,-182,-465,-699,-866,-953,-956,-857,-703,-491,-238,28,291,521,705,819,865,839,740,589,385,166,-59,-293,-498,-653,-759,-811,-799,-719,-575,-398,-184,50,282,496,-701,784,827,811,725,578,371,147,-88,-320,-532,-688,-788,-831,-808,-709,-564,-368,-150,81,311,510,683,807,862,860,780,639,448,206,-55,-329,-585,-799,-957,-1035,-1023,-924,-735,-471,-157,183,530,824,1040,1176,1197,1115,928,647,299,-81,-453,-798,-1067,-1241,-1293,-1226,-1045,-766,-406,-10,388,746,1043,1243,1319,1268,1097,824,477,87,-317,-692,-998,-1204,-1301,-1269,-1112,-846,-496,-107,308,694,989,1196,1289,1233,1055,772,404,-3,-398,-749,-1026,-1179,-1205,-1099,-873,-565,-200,186,541,824,1003,1074,1017,852,610,301,-31,-354,-636,-841,-956,-956,-839,-611,-296,73,445,762,942,935,733,430,-508,-713
29326,mtk,MTK 7916,2780262036,rx0-tx1,512,0,0,0,0,0,0,0,0,0,0,0,0,0,0,0,0,0,0,0,0,0,0,0,0,0,0,0,0,0,0,0,0,0,0,0,0,0,0,0,0,0,0,0,0,0,0,0,0,0,0,0,0,0,0,0,0,0,0,0,0,0,0,0,0,0,0,0,0,0,0,0,0,0,0,0,0,0,0,0,0,0,0,0,0,0,0,0,0,0,0,0,0,0,0,0,0,0,0,0,0,0,0,0,0,0,0,0,0,0,0,0,0,0,0,0,0,0,0,0,0,0,0,0,0,0,0,0,0,0,0,0,0,0,0,0,0,0,0,0,0,0,0,0,0,0,0,0,0,0,0,0,0,0,0,0,0,0,0,0,0,0,0,0,0,0,0,0,0,0,0,0,0,0,0,0,0,0,0,0,0,0,0,0,0,0,0,0,0,0,0,0,0,0,0,0,0,0,0,0,0,0,0,0,0,0,0,0,0,0,0,0,0,0,0,0,0,0,0,0,0,0,0,0,0,0,0,0,0,0,0,0,0,0,0,0,0,0,0,0,0,0,0,0,0,0,0,0,0,0,0,0,0,0,0,0,0,-730,-295,-286,273,257,154,-12,-188,-336,-417,-431,-371,-261,-110,65,233,381,491,542,532,456,323,135,-74,-288,-478,-626,-710,-708,-631,-477,-269,-11,254,495,696,835,886,827,689,485,209,-82,-366,-636,-839,-960,-999,-944,-776,-537,-244,84,393,686,918,1054,1103,1049,896,656,364,16,-339,-659,-927,-1103,-1193,-1168,-1033,-815,-508,-149,216,561,862,1095,1233,1253,1174,991,714,361,-16,-404,-764,-1050,-1252,-1340,-1312,-1181,-922,-589,-201,213,610,956,1219,1383,1410,1321,1116,802,414,-18,-448,-841,-1157,-1371,-1466,-1416,-1255,-966,-596,-195,247,668,1018,1275,1426,1453,1350,1117,807,425,-3,-426,-816,-214,-1350,-1439,-1425,-1277,-1021,-665,-269,157,579,950,1232,1420,1483,1425,1225,926,537,108,-332,-759,-1106,-1373,-1531,-1538,-1404,-1141,-780,-345,123,577,988,1303,1499,1569,1498,1283,955,547,91,-372,-798,-1161,-1404,-1517,-1506,-1351,-1079,-714,-293,158,590,958,1242,1411,1455,1367,1160,861,484,58,-369,-754,-1062,-1293,-1399,-1370,-1225,-972,-622,-227,185,587,938,1197,1336,1355,1249,1020,688,291,-123,-538,-899,-1152,-1308,-1320,-1193,-963,-625,-222,197,581,905,1134,1228,1200,1036,762,423,47,-332,-665,-909,-1044,-1065,-970,-772,-501,-186,142,451,699,870,948,914,766,519,199,-171,-525,-809,-952,-900,-660,-338,-224,-266,0,0,0,0,0,0,0,0,0,0,0,0,0,0,0,0,0,0,0,0,0,0,0,0,0,0,0,0,0,0,0,0,0,0,0,0,0,0,0,0,0,0,0,0,0,0,0,0,0,0,0,0,0,0,0,0,0,0,0,0,0,0,0,0,0,0,0,0,0,0,0,0,0,0,0,0,0,0,0,0,0,0,0,0,0,0,0,0,0,0,0,0,0,0,0,0,0,0,0,0,0,0,0,0,0,0,0,0,0,0,0,0,0,0,0,0,0,0,0,0,0,0,0,0,0,0,0,0,0,0,0,0,0,0,0,0,0,0,0,0,0,0,0,0,0,0,0,0,0,0,0,0,0,0,0,0,0,0,0,0,0,0,0,0,0,0,0,0,0,0,0,0,0,0,0,0,0,0,0,0,0,0,0,0,0,0,0,0,0,0,0,0,0,0,0,0,0,0,0,0,0,0,0,0,0,0,0,0,0,0,0,0,0,0,0,0,0,0,0,0,0,0,0,0,0,0,0,0,0,0,0,0,0,0,0,0,0,0,0,0,0,0,0,0,0,0,0,0,0,0,0,0,0,0,0,0,-128,14,95,-34,-181,-314,-379,-354,-248,-93,83,249,378,462,478,436,338,189,14,-177,-352,-500,-597,-625,-586,-472,-303,-79,163,401,600,742,806,770,660,482,243,-44,-328,-578,-783,-913,-937,-883,-735,-504,-221,82,397,674,880,1017,1050,984,837,589,294,-33,-370,-681,-924,-1085,-1158,-1103,-962,-722,-423,-84,279,607,894,1110,1219,1212,1104,904,610,256,-119,-485,-809,-1078,-1243,-1300,-1258,-1081,-810,-472,-81,305,684,1010,1232,1361,1370,1253,1024,700,303,-126,-535,-912,-1200,-1383,-1449,-1379,-1193,-896,-514,-79,358,761,1104,1328,1455,1455,1308,1049,701,299,-135,-559,-925,-1204,-1397,-1452,-1386,-1205,171,-533,-122,295,700,1044,1295,1429,1454,1350,1128,807,417,-14,-453,-859,-1184,-1410,-1508,-1488,-1324,-1045,-680,-246,216,666,1053,1346,1522,1554,1457,1224,870,446,-14,-480,-899,-1237,-1463,-1557,-1504,-1325,-1024,-628,-194,258,691,1055,1327,1478,1499,1373,1128,790,383,-56,-482,-857,-1152,-1357,-1431,-1373,-1194,-917,-567,-146,276,662,996,1241,1360,1366,1249,1009,670,274,-148,-559,-917,-1180,-1321,-1342,-1237,-994,-671,-285,145,545,888,1151,1276,1271,1132,882,538,142,-253,-625,-914,-1091,-1152,-1087,-901,-626,-290,61,396,674,874,977,975,858,651,385,70,-261,-567,-806,-948,-961,-821,-545,-152,264,607,773,-192,-126
29327,mtk,MTK 7916,2780262036,rx1-tx0,512,0,0,0,0,0,0,0,0,0,0,0,0,0,0,0,0,0,0,0,0,0,0,0,0,0,0,0,0,0,0,0,0,0,0,0,0,0,0,0,0,0,0,0,0,0,0,0,0,0,0,0,0,0,0,0,0,0,0,0,0,0,0,0,0,0,0,0,0,0,0,0,0,0,0,0,0,0,0,0,0,0,0,0,0,0,0,0,0,0,0,0,0,0,0,0,0,0,0,0,0,0,0,0,0,0,0,0,0,0,0,0,0,0,0,0,0,0,0,0,0,0,0,0,0,0,0,0,0,0,0,0,0,0,0,0,0,0,0,0,0,0,0,0,0,0,0,0,0,0,0,0,0,0,0,0,0,0,0,0,0,0,0,0,0,0,0,0,0,0,0,0,0,0,0,0,0,0,0,0,0,0,0,0,0,0,0,0,0,0,0,0,0,0,0,0,0,0,0,0,0,0,0,0,0,0,0,0,0,0,0,0,0,0,0,0,0,0,0,0,0,0,0,0,0,0,0,0,0,0,0,0,0,0,0,0,0,0,0,0,0,0,0,0,0,0,0,0,0,0,0,0,0,0,0,0,0,146,-831,-969,-21,112,235,309,300,221,94,-56,-197,-303,-360,-367,-325,-228,-94,53,197,319,398,430,406,322,198,59,-109,-260,-373,-440,-457,-415,-319,-197,-51,104,247,350,401,419,378,307,209,81,-43,-159,-245,-303,-334,-322,-271,-205,-133,-49,28,91,153,194,205,203,185,156,117,80,43,9,-13,-46,-69,-95,-112,-129,-149,-158,-163,-161,-145,-114,-69,-13,62,139,210,278,325,344,324,268,180,58,-76,-208,-326,-426,-484,-500,-443,-335,-198,-39,135,297,429,523,557,544,472,352,195,17,-167,-339,-459,-553,-597,-572,-495,-356,-203,-26,164,337,466,563,602,582,513,93,219,42,-139,-317,-468,-577,-617,-602,-527,-402,-245,-58,141,322,464,556,601,577,513,383,219,44,-139,-294,-428,-517,-554,-537,-467,-365,-220,-51,101,242,373,446,482,483,432,344,230,100,-41,-174,-285,-370,-422,-432,-409,-346,-243,-131,-14,108,222,306,368,396,380,332,252,150,41,-73,-173,-253,-313,-338,-333,-302,-252,-170,-82,12,101,181,247,285,301,301,266,206,129,40,-58,-158,-240,-304,-339,-336,-303,-235,-140,-26,101,219,309,374,393,363,288,169,36,-105,-231,-332,-388,-388,-348,-257,-132,8,144,263,342,379,359,280,148,-6,-162,-287,-338,-309,-228,-126,-395,0,0,0,0,0,0,0,0,0,0,0,0,0,0,0,0,0,0,0,0,0,0,0,0,0,0,0,0,0,0,0,0,0,0,0,0,0,0,0,0,0,0,0,0,0,0,0,0,0,0,0,0,0,0,0,0,0,0,0,0,0,0,0,0,0,0,0,0,0,0,0,0,0,0,0,0,0,0,0,0,0,0,0,0,0,0,0,0,0,0,0,0,0,0,0,0,0,0,0,0,0,0,0,0,0,0,0,0,0,0,0,0,0,0,0,0,0,0,0,0,0,0,0,0,0,0,0,0,0,0,0,0,0,0,0,0,0,0,0,0,0,0,0,0,0,0,0,0,0,0,0,0,0,0,0,0,0,0,0,0,0,0,0,0,0,0,0,0,0,0,0,0,0,0,0,0,0,0,0,0,0,0,0,0,0,0,0,0,0,0,0,0,0,0,0,0,0,0,0,0,0,0,0,0,0,0,0,0,0,0,0,0,0,0,0,0,0,0,0,0,0,0,0,0,0,0,0,0,0,0,0,0,0,0,0,0,0,0,0,0,0,0,0,0,0,0,0,0,0,0,0,0,0,0,0,0,206,-651,-402,224,232,162,28,-125,-253,-331,-347,-297,-200,-74,63,202,314,384,400,363,274,144,-10,-163,-299,-389,-442,-445,-375,-261,-118,36,193,317,402,446,432,363,251,122,-14,-152,-256,-336,-376,-372,-326,-248,-156,-56,55,141,198,244,267,256,231,186,121,63,11,-41,-88,-125,-143,-148,-140,-137,-137,-122,-101,-77,-60,-36,-5,32,74,123,165,201,231,247,231,196,136,45,-58,-173,-273,-359,-411,-424,-389,-315,-204,-61,102,268,393,480,529,522,458,349,197,24,-156,-324,-455,-546,-581,-561,-475,-349,-204,-22,162,339,469,553,591,573,487,366,219,36,-148,-326,-1894,-570,-605,-597,-527,-406,-235,-49,142,320,467,564,618,605,525,390,228,39,-141,-307,-455,-536,-579,-564,-491,-376,-219,-51,122,272,398,492,523,504,458,357,214,77,-70,-209,-325,-407,-451,-454,-413,-340,-239,-118,11,137,256,340,390,412,399,337,246,145,29,-90,-197,-289,-346,-368,-360,-313,-246,-161,-55,50,138,219,277,308,312,293,251,179,98,17,-74,-163,-237,-289,-314,-317,-290,-232,-151,-45,69,178,269,334,367,362,311,224,110,-26,-158,-277,-357,-394,-384,-324,-230,-97,42,174,290,359,381,353,275,158,15,-132,-264,-347,-371,-333,-220,-64,92,193,-1055,-977
29328,mtk,MTK 7916,2780262036,rx1-tx1,512,0,0,0,0,0,0,0,0,0,0,0,0,0,0,0,0,0,0,0,0,0,0,0,0,0,0,0,0,0,0,0,0,0,0,0,0,0,0,0,0,0,0,0,0,0,0,0,0,0,0,0,0,0,0,0,0,0,0,0,0,0,0,0,0,0,0,0,0,0,0,0,0,0,0,0,0,0,0,0,0,0,0,0,0,0,0,0,0,0,0,0,0,0,0,0,0,0,0,0,0,0,0,0,0,0,0,0,0,0,0,0,0,0,0,0,0,0,0,0,0,0,0,0,0,0,0,0,0,0,0,0,0,0,0,0,0,0,0,0,0,0,0,0,0,0,0,0,0,0,0,0,0,0,0,0,0,0,0,0,0,0,0,0,0,0,0,0,0,0,0,0,0,0,0,0,0,0,0,0,0,0,0,0,0,0,0,0,0,0,0,0,0,0,0,0,0,0,0,0,0,0,0,0,0,0,0,0,0,0,0,0,0,0,0,0,0,0,0,0,0,0,0,0,0,0,0,0,0,0,0,0,0,0,0,0,0,0,0,0,0,0,0,0,0,0,0,0,0,0,0,0,0,0,0,0,0,-411,-908,-735,-3,-8,-14,-19,-21,-22,-22,-20,-13,-5,6,18,26,28,24,18,8,-3,-15,-24,-32,-32,-24,-14,-2,14,28,34,33,27,17,2,-12,-20,-30,-36,-29,-16,-1,15,25,28,27,24,14,-3,-15,-22,-26,-25,-16,-4,9,17,20,19,13,4,-8,-17,-23,-22,-17,-8,3,16,23,25,21,13,-1,-12,-23,-27,-25,-14,2,17,28,32,32,23,8,-8,-21,-36,-42,-33,-21,-6,15,33,37,39,34,21,2,-15,-31,-39,-37,-28,-16,2,18,31,39,35,23,8,-11,-31,-37,-36,-28,-16,1,15,26,34,34,23,11,-3,-16,0,-22,-24,-23,-10,4,10,13,14,8,0,-4,-2,1,4,5,7,7,5,2,-8,-18,-27,-29,-25,-14,2,20,30,39,38,29,17,1,-20,-38,-51,-49,-36,-14,9,34,54,61,56,39,13,-16,-45,-62,-67,-56,-33,-4,27,55,69,72,60,34,-4,-37,-62,-74,-73,-58,-28,11,47,69,75,66,44,13,-23,-53,-74,-82,-67,-37,-2,32,59,76,78,62,35,0,-36,-59,-71,-72,-61,-33,3,39,63,74,69,51,23,-5,-33,-59,-71,-67,-52,-25,6,36,57,66,63,49,23,-3,-32,-56,-71,-75,-64,-47,-26,-3,19,41,-1004,-1041,0,0,0,0,0,0,0,0,0,0,0,0,0,0,0,0,0,0,0,0,0,0,0,0,0,0,0,0,0,0,0,0,0,0,0,0,0,0,0,0,0,0,0,0,0,0,0,0,0,0,0,0,0,0,0,0,0,0,0,0,0,0,0,0,0,0,0,0,0,0,0,0,0,0,0,0,0,0,0,0,0,0,0,0,0,0,0,0,0,0,0,0,0,0,0,0,0,0,0,0,0,0,0,0,0,0,0,0,0,0,0,0,0,0,0,0,0,0,0,0,0,0,0,0,0,0,0,0,0,0,0,0,0,0,0,0,0,0,0,0,0,0,0,0,0,0,0,0,0,0,0,0,0,0,0,0,0,0,0,0,0,0,0,0,0,0,0,0,0,0,0,0,0,0,0,0,0,0,0,0,0,0,0,0,0,0,0,0,0,0,0,0,0,0,0,0,0,0,0,0,0,0,0,0,0,0,0,0,0,0,0,0,0,0,0,0,0,0,0,0,0,0,0,0,0,0,0,0,0,0,0,0,0,0,0,0,0,0,0,0,0,0,0,0,0,0,0,0,0,0,0,0,0,0,0,0,-92,550,782,19,15,14,11,5,-1,-7,-18,-24,-23,-20,-18,-10,2,13,18,24,27,22,15,4,-10,-18,-23,-35,-34,-22,-4,10,22,33,38,33,26,15,-3,-18,-28,-36,-34,-21,-8,3,17,29,29,24,17,3,-12,-21,-24,-26,-20,-9,4,15,20,15,10,4,-8,-18,-24,-23,-13,-3,5,18,29,27,19,11,-4,-21,-32,-33,-25,-17,-5,10,27,37,38,29,14,0,-16,-34,-40,-36,-27,-15,4,24,36,40,36,25,7,-13,-32,-43,-43,-34,-18,2,22,35,41,39,32,16,-7,-26,-34,-36,-34,-25,-13,6,22,26,27,26,0,5,-8,-15,-17,-18,-13,-5,2,6,7,7,3,-2,-6,-5,-1,0,3,12,16,9,3,-2,-15,-31,-34,-30,-21,-7,11,28,42,47,41,30,9,-21,-48,-59,-62,-55,-37,-6,28,53,68,72,59,31,-2,-36,-58,-68,-65,-50,-24,7,38,60,69,62,41,11,-26,-56,-70,-71,-57,-31,2,35,61,78,74,58,28,-11,-50,-73,-83,-78,-54,-19,15,49,71,77,71,50,18,-18,-51,-70,-75,-65,-43,-10,18,43,58,64,59,40,11,-20,-47,-64,-64,-55,-34,-7,21,45,60,64,58,40,14,-14,-39,-57,-69,-71,-65,-52,-263,16
29329,mtk,MTK 7916,2780262036,rx2-tx0,512,0,0,0,0,0,0,0,0,0,0,0,0,0,0,0,0,0,0,0,0,0,0,0,0,0,0,0,0,0,0,0,0,0,0,0,0,0,0,0,0,0,0,0,0,0,0,0,0,0,0,0,0,0,0,0,0,0,0,0,0,0,0,0,0,0,0,0,0,0,0,0,0,0,0,0,0,0,0,0,0,0,0,0,0,0,0,0,0,0,0,0,0,0,0,0,0,0,0,0,0,0,0,0,0,0,0,0,0,0,0,0,0,0,0,0,0,0,0,0,0,0,0,0,0,0,0,0,0,0,0,0,0,0,0,0,0,0,0,0,0,0,0,0,0,0,0,0,0,0,0,0,0,0,0,0,0,0,0,0,0,0,0,0,0,0,0,0,0,0,0,0,0,0,0,0,0,0,0,0,0,0,0,0,0,0,0,0,0,0,0,0,0,0,0,0,0,0,0,0,0,0,0,0,0,0,0,0,0,0,0,0,0,0,0,0,0,0,0,0,0,0,0,0,0,0,0,0,0,0,0,0,0,0,0,0,0,0,0,0,0,0,0,0,0,0,0,0,0,0,0,0,0,0,0,0,0,-136,790,973,-13,-13,-15,-13,-8,-5,1,9,14,18,18,18,14,9,3,-7,-16,-23,-27,-22,-14,-6,3,8,13,21,23,19,11,4,-4,-14,-23,-27,-25,-18,-8,-1,9,20,25,23,20,17,4,-6,-13,-19,-27,-29,-22,-13,-4,9,22,28,28,22,8,-5,-10,-20,-30,-34,-27,-12,2,12,23,32,29,21,10,-6,-24,-34,-40,-36,-29,-15,7,30,42,46,45,29,7,-15,-36,-53,-61,-52,-33,-10,17,42,58,62,52,33,8,-21,-45,-60,-63,-55,-34,-4,29,53,63,61,50,27,-9,-44,-66,-72,-65,-41,-10,25,58,74,72,0,42,3,-42,-74,-88,-86,-71,-39,4,48,83,100,94,67,28,-19,-64,-94,-106,-97,-66,-21,27,76,112,117,100,63,10,-50,-100,-128,-127,-105,-61,-1,62,111,136,136,112,62,0,-62,-110,-134,-135,-108,-58,2,64,110,131,123,96,48,-10,-67,-105,-120,-112,-83,-37,19,66,96,105,92,61,20,-26,-68,-93,-93,-81,-53,-11,37,71,88,88,69,35,-4,-42,-70,-81,-77,-59,-24,13,46,66,75,67,50,18,-14,-41,-63,-75,-70,-50,-25,9,40,57,64,59,46,26,-4,-31,-50,-62,-66,-57,-39,-15,8,27,43,50,50,46,-25,283,0,0,0,0,0,0,0,0,0,0,0,0,0,0,0,0,0,0,0,0,0,0,0,0,0,0,0,0,0,0,0,0,0,0,0,0,0,0,0,0,0,0,0,0,0,0,0,0,0,0,0,0,0,0,0,0,0,0,0,0,0,0,0,0,0,0,0,0,0,0,0,0,0,0,0,0,0,0,0,0,0,0,0,0,0,0,0,0,0,0,0,0,0,0,0,0,0,0,0,0,0,0,0,0,0,0,0,0,0,0,0,0,0,0,0,0,0,0,0,0,0,0,0,0,0,0,0,0,0,0,0,0,0,0,0,0,0,0,0,0,0,0,0,0,0,0,0,0,0,0,0,0,0,0,0,0,0,0,0,0,0,0,0,0,0,0,0,0,0,0,0,0,0,0,0,0,0,0,0,0,0,0,0,0,0,0,0,0,0,0,0,0,0,0,0,0,0,0,0,0,0,0,0,0,0,0,0,0,0,0,0,0,0,0,0,0,0,0,0,0,0,0,0,0,0,0,0,0,0,0,0,0,0,0,0,0,0,0,0,0,0,0,0,0,0,0,0,0,0,0,0,0,0,0,0,0,1335,780,529,1,-1,-5,-12,-17,-19,-19,-19,-15,-9,-2,2,9,16,21,20,16,9,-1,-12,-17,-19,-22,-20,-13,-6,3,11,19,23,21,19,15,7,-6,-15,-22,-26,-23,-16,-10,-1,8,18,22,23,20,13,3,-7,-15,-24,-28,-26,-19,-4,7,17,22,23,22,17,4,-8,-25,-34,-31,-27,-19,-4,10,23,33,33,29,20,6,-13,-32,-48,-46,-40,-28,-7,22,37,45,48,40,19,0,-25,-50,-59,-54,-41,-20,7,33,53,60,58,44,18,-14,-44,-62,-73,-68,-44,-13,20,50,70,74,64,40,8,-29,-59,-74,-73,-58,-29,8,0,72,80,70,49,16,-27,-63,-86,-93,-80,-44,3,45,80,101,104,81,40,-7,-53,-94,-117,-115,-88,-41,17,73,110,126,116,88,39,-19,-73,-114,-133,-122,-85,-30,31,85,126,136,117,80,24,-39,-90,-123,-131,-114,-74,-19,39,92,124,129,101,61,11,-45,-94,-115,-114,-97,-56,-5,44,83,103,101,76,35,-9,-49,-77,-88,-82,-58,-21,17,51,76,81,66,41,8,-27,-57,-73,-77,-61,-33,-1,30,59,76,73,57,29,-2,-30,-56,-73,-78,-64,-40,-10,21,45,61,67,61,44,18,-10,-33,-49,-61,-64,-58,-47,-28,-8,7,1143,1097
29330,mtk,MTK 7916,2780262036,rx2-tx1,512,0,0,0,0,0,0,0,0,0,0,0,0,0,0,0,0,0,0,0,0,0,0,0,0,0,0,0,0,0,0,0,0,0,0,0,0,0,0,0,0,0,0,0,0,0,0,0,0,0,0,0,0,0,0,0,0,0,0,0,0,0,0,0,0,0,0,0,0,0,0,0,0,0,0,0,0,0,0,0,0,0,0,0,0,0,0,0,0,0,0,0,0,0,0,0,0,0,0,0,0,0,0,0,0,0,0,0,0,0,0,0,0,0,0,0,0,0,0,0,0,0,0,0,0,0,0,0,0,0,0,0,0,0,0,0,0,0,0,0,0,0,0,0,0,0,0,0,0,0,0,0,0,0,0,0,0,0,0,0,0,0,0,0,0,0,0,0,0,0,0,0,0,0,0,0,0,0,0,0,0,0,0,0,0,0,0,0,0,0,0,0,0,0,0,0,0,0,0,0,0,0,0,0,0,0,0,0,0,0,0,0,0,0,0,0,0,0,0,0,0,0,0,0,0,0,0,0,0,0,0,0,0,0,0,0,0,0,0,0,0,0,0,0,0,0,0,0,0,0,0,0,0,0,0,0,0,236,901,928,-21,-20,-17,-15,-15,-12,2,15,24,23,23,27,18,4,-9,-18,-21,-23,-24,-19,-10,-1,8,16,20,22,18,3,-8,-12,-19,-21,-17,-11,-1,13,20,21,23,18,3,-13,-19,-21,-24,-18,-5,15,29,32,28,21,5,-15,-33,-45,-50,-39,-16,10,31,50,64,68,52,26,-5,-39,-69,-84,-80,-60,-22,16,57,84,98,92,62,15,-35,-74,-108,-114,-99,-61,-13,41,86,119,114,89,56,9,-46,-91,-117,-117,-93,-47,15,69,98,118,115,82,29,-21,-67,-103,-119,-106,-67,-12,42,78,101,99,74,39,-4,-52,-86,-101,-91,0,-14,34,75,92,89,70,33,-14,-58,-88,-101,-88,-52,-6,42,79,101,104,83,36,-15,-64,-99,-120,-112,-79,-26,29,75,105,118,108,66,8,-41,-82,-109,-118,-97,-56,-1,48,91,120,120,90,45,0,-46,-87,-108,-103,-77,-41,-1,41,74,84,82,72,37,-7,-40,-65,-76,-73,-55,-23,15,42,56,60,53,29,4,-17,-35,-51,-53,-43,-27,-5,17,29,35,38,35,24,9,-7,-23,-31,-32,-34,-30,-20,-8,10,19,20,26,25,16,11,2,-10,-17,-21,-29,-30,-22,-17,-14,-3,9,21,26,27,28,28,20,14,11,4,-13,449,648,0,0,0,0,0,0,0,0,0,0,0,0,0,0,0,0,0,0,0,0,0,0,0,0,0,0,0,0,0,0,0,0,0,0,0,0,0,0,0,0,0,0,0,0,0,0,0,0,0,0,0,0,0,0,0,0,0,0,0,0,0,0,0,0,0,0,0,0,0,0,0,0,0,0,0,0,0,0,0,0,0,0,0,0,0,0,0,0,0,0,0,0,0,0,0,0,0,0,0,0,0,0,0,0,0,0,0,0,0,0,0,0,0,0,0,0,0,0,0,0,0,0,0,0,0,0,0,0,0,0,0,0,0,0,0,0,0,0,0,0,0,0,0,0,0,0,0,0,0,0,0,0,0,0,0,0,0,0,0,0,0,0,0,0,0,0,0,0,0,0,0,0,0,0,0,0,0,0,0,0,0,0,0,0,0,0,0,0,0,0,0,0,0,0,0,0,0,0,0,0,0,0,0,0,0,0,0,0,0,0,0,0,0,0,0,0,0,0,0,0,0,0,0,0,0,0,0,0,0,0,0,0,0,0,0,0,0,0,0,0,0,0,0,0,0,0,0,0,0,0,0,0,0,0,0,0,-351,242,-4,5,-5,-10,-14,-21,-24,-25,-22,-16,-5,5,9,13,21,24,20,13,0,-12,-17,-19,-20,-19,-12,-2,9,19,21,19,16,6,-6,-20,-28,-28,-22,-15,1,17,22,24,22,15,9,-2,-20,-30,-29,-15,4,19,31,42,41,32,15,-3,-29,-47,-60,-59,-43,-12,22,46,67,69,64,44,11,-35,-69,-82,-86,-76,-42,7,50,87,103,96,69,33,-10,-56,-99,-118,-106,-73,-26,24,69,105,124,112,76,23,-41,-91,-124,-129,-105,-53,2,53,93,116,115,86,44,-7,-63,-100,-108,-99,-72,-21,31,66,94,98,81,44,0,-51,0,-103,-92,-64,-19,28,62,87,99,89,48,-8,-52,-86,-104,-104,-69,-25,23,68,103,110,93,54,1,-52,-94,-116,-112,-86,-47,4,62,104,121,118,84,35,-20,-72,-113,-127,-115,-75,-25,26,69,91,103,97,70,29,-20,-61,-89,-96,-83,-53,-14,22,56,78,83,71,42,8,-22,-47,-65,-68,-58,-31,-2,26,47,56,51,42,23,0,-22,-29,-35,-42,-34,-15,-1,12,25,29,27,26,20,4,-12,-21,-26,-27,-24,-23,-13,-3,5,14,18,17,21,16,12,3,-3,-11,-13,-19,-22,-26,-21,-13,-10,0,15,25,31,39,36,30,816,665
29331,mtk,MTK 7916,2780315675,rx0-tx0,512,0,0,0,0,0,0,0,0,0,0,0,0,0,0,0,0,0,0,0,0,0,0,0,0,0,0,0,0,0,0,0,0,0,0,0,0,0,0,0,0,0,0,0,0,0,0,0,0,0,0,0,0,0,0,0,0,0,0,0,0,0,0,0,0,0,0,0,0,0,0,0,0,0,0,0,0,0,0,0,0,0,0,0,0,0,0,0,0,0,0,0,0,0,0,0,0,0,0,0,0,0,0,0,0,0,0,0,0,0,0,0,0,0,0,0,0,0,0,0,0,0,0,0,0,0,0,0,0,0,0,0,0,0,0,0,0,0,0,0,0,0,0,0,0,0,0,0,0,0,0,0,0,0,0,0,0,0,0,0,0,0,0,0,0,0,0,0,0,0,0,0,0,0,0,0,0,0,0,0,0,0,0,0,0,0,0,0,0,0,0,0,0,0,0,0,0,0,0,0,0,0,0,0,0,0,0,0,0,0,0,0,0,0,0,0,0,0,0,0,0,0,0,0,0,0,0,0,0,0,0,0,0,0,0,0,0,0,0,0,0,0,0,0,0,0,0,0,0,0,0,0,0,0,0,0,0,-273,194,-66,-196,-105,39,197,325,390,402,361,267,145,7,-135,-261,-365,-445,-484,-485,-440,-353,-233,-82,79,246,397,525,608,648,638,562,442,275,83,-126,-324,-507,-647,-737,-784,-761,-681,-548,-370,-168,49,261,471,645,771,863,887,847,753,599,399,170,-81,-327,-562,-763,-914,-1008,-1023,-974,-850,-665,-423,-154,123,406,666,877,1028,1113,1111,1036,894,684,420,138,-168,-458,-713,-929,-1069,-1138,-1138,-1041,-883,-656,-390,-106,188,454,691,884,1014,1062,1037,952,800,598,380,135,-120,-358,-557,-718,-843,-910,-920,-875,-773,-637,-475,-281,-68,139,350,532,686,798,866,889,850,770,1181,451,246,28,-192,-401,-602,-754,-856,-917,-914,-852,-747,-594,-410,-196,34,256,462,643,790,890,949,953,898,793,641,440,214,-36,-294,-547,-776,-966,-1102,-1167,-1162,-1074,-908,-682,-397,-73,271,606,902,1150,1304,1375,1369,1250,1033,748,389,11,-369,-733,-1056,-1289,-1433,-1487,-1424,-1262,-1013,-688,-309,94,483,834,1127,1350,1470,1475,1376,1181,905,555,171,-234,-620,-965,-1238,-1408,-1475,-1439,-1284,-1033,-697,-311,98,513,881,1162,1354,1423,1380,1224,961,628,247,-151,-521,-842,-1085,-1233,-1268,-1182,-1013,-758,-444,-100,248,565,830,1026,1119,1117,1010,794,491,110,-308,-699,-984,-1107,-1032,-798,829,659,0,0,0,0,0,0,0,0,0,0,0,0,0,0,0,0,0,0,0,0,0,0,0,0,0,0,0,0,0,0,0,0,0,0,0,0,0,0,0,0,0,0,0,0,0,0,0,0,0,0,0,0,0,0,0,0,0,0,0,0,0,0,0,0,0,0,0,0,0,0,0,0,0,0,0,0,0,0,0,0,0,0,0,0,0,0,0,0,0,0,0,0,0,0,0,0,0,0,0,0,0,0,0,0,0,0,0,0,0,0,0,0,0,0,0,0,0,0,0,0,0,0,0,0,0,0,0,0,0,0,0,0,0,0,0,0,0,0,0,0,0,0,0,0,0,0,0,0,0,0,0,0,0,0,0,0,0,0,0,0,0,0,0,0,0,0,0,0,0,0,0,0,0,0,0,0,0,0,0,0,0,0,0,0,0,0,0,0,0,0,0,0,0,0,0,0,0,0,0,0,0,0,0,0,0,0,0,0,0,0,0,0,0,0,0,0,0,0,0,0,0,0,0,0,0,0,0,0,0,0,0,0,0,0,0,0,0,0,0,0,0,0,0,0,0,0,0,0,0,0,0,0,0,0,0,0,-1322,-958,-978,197,297,344,319,222,82,-62,-210,-330,-407,-443,-426,-372,-284,-164,-26,123,267,390,489,548,563,533,451,326,163,-13,-206,-386,-536,-651,-717,-723,-671,-564,-399,-215,-7,217,419,593,722,801,824,799,711,560,376,164,-65,-291,-514,-705,-849,-930,-951,-912,-812,-644,-422,-161,108,372,623,828,979,1055,1072,1016,875,671,425,144,-157,-436,-692,-906,-1050,-1132,-1135,-1042,-892,-673,-400,-121,188,476,724,928,1052,1115,1093,998,839,631,378,100,-168,-422,-645,-812,-920,-979,-975,-902,-774,-613,-413,-191,33,256,453,615,749,841,875,865,806,698,553,371,174,-44,-259,-457,-701,-782,-868,-904,-882,-816,-699,-524,-327,-109,125,339,531,696,816,898,924,891,805,676,506,308,93,-142,-370,-581,-768,-912,-1003,-1043,-1021,-939,-789,-581,-325,-40,258,556,824,1044,1211,1292,1282,1178,996,728,401,56,-315,-673,-981,-1230,-1389,-1447,-1407,-1272,-1036,-719,-364,25,422,788,1093,1326,1462,1491,1412,1233,971,639,249,-153,-541,-886,-1171,-1371,-1471,-1465,-1347,-1128,-820,-453,-60,347,735,1056,1295,1433,1461,1375,1163,866,500,94,-313,-698,-1007,-1226,-1345,-1340,-1224,-1012,-716,-365,19,379,693,940,1104,1173,1139,1005,791,503,170,-174,-524,-823,-1045,-1157,-1126,-935,-594,-162,293,618,-508,-713
29332,mtk,MTK 7916,2780315675,rx0-tx1,512,0,0,0,0,0,0,0,0,0,0,0,0,0,0,0,0,0,0,0,0,0,0,0,0,0,0,0,0,0,0,0,0,0,0,0,0,0,0,0,0,0,0,0,0,0,0,0,0,0,0,0,0,0,0,0,0,0,0,0,0,0,0,0,0,0,0,0,0,0,0,0,0,0,0,0,0,0,0,0,0,0,0,0,0,0,0,0,0,0,0,0,0,0,0,0,0,0,0,0,0,0,0,0,0,0,0,0,0,0,0,0,0,0,0,0,0,0,0,0,0,0,0,0,0,0,0,0,0,0,0,0,0,0,0,0,0,0,0,0,0,0,0,0,0,0,0,0,0,0,0,0,0,0,0,0,0,0,0,0,0,0,0,0,0,0,0,0,0,0,0,0,0,0,0,0,0,0,0,0,0,0,0,0,0,0,0,0,0,0,0,0,0,0,0,0,0,0,0,0,0,0,0,0,0,0,0,0,0,0,0,0,0,0,0,0,0,0,0,0,0,0,0,0,0,0,0,0,0,0,0,0,0,0,0,0,0,0,0,0,0,0,0,0,0,0,0,0,0,0,0,0,0,0,0,0,0,-730,-295,-286,-20,-155,-287,-369,-380,-316,-203,-58,98,243,365,445,486,480,422,323,191,30,-142,-309,-457,-574,-643,-657,-618,-517,-357,-161,56,279,483,650,777,835,828,747,610,428,198,-53,-304,-535,-731,-870,-952,-970,-904,-775,-589,-362,-98,180,446,685,875,1012,1082,1070,983,826,609,349,65,-233,-524,-771,-972,-1120,-1185,-1170,-1074,-906,-670,-385,-82,235,532,807,1042,1204,1279,1280,1183,1002,769,466,134,-218,-562,-856,-1108,-1285,-1371,-1365,-1269,-1087,-824,-509,-155,219,576,886,1145,1326,1414,1408,1306,1117,853,526,169,-196,-553,-868,-1125,-1308,-1402,-1406,-1313,-1132,-876,-574,-225,136,480,-214,1070,1259,1368,1393,1330,1180,955,671,333,-26,-382,-715,-1000,-1220,-1370,-1433,-1396,-1266,-1055,-769,-434,-74,304,668,980,1232,1401,1475,1451,1328,1124,832,487,108,-272,-640,-964,-1216,-1383,-1462,-1447,-1330,-1120,-838,-501,-136,236,597,911,1160,1329,1406,1384,1279,1091,827,507,163,-194,-543,-850,-1090,-1259,-1347,-1341,-1242,-1056,-801,-494,-147,210,546,846,1088,1251,1327,1299,1182,975,688,365,10,-354,-683,-957,-1154,-1261,-1270,-1175,-982,-721,-407,-58,291,610,872,1052,1137,1126,1020,828,579,289,-19,-313,-573,-768,-896,-945,-913,-811,-643,-418,-153,120,397,636,813,910,896,759,508,169,-193,-460,-224,-266,0,0,0,0,0,0,0,0,0,0,0,0,0,0,0,0,0,0,0,0,0,0,0,0,0,0,0,0,0,0,0,0,0,0,0,0,0,0,0,0,0,0,0,0,0,0,0,0,0,0,0,0,0,0,0,0,0,0,0,0,0,0,0,0,0,0,0,0,0,0,0,0,0,0,0,0,0,0,0,0,0,0,0,0,0,0,0,0,0,0,0,0,0,0,0,0,0,0,0,0,0,0,0,0,0,0,0,0,0,0,0,0,0,0,0,0,0,0,0,0,0,0,0,0,0,0,0,0,0,0,0,0,0,0,0,0,0,0,0,0,0,0,0,0,0,0,0,0,0,0,0,0,0,0,0,0,0,0,0,0,0,0,0,0,0,0,0,0,0,0,0,0,0,0,0,0,0,0,0,0,0,0,0,0,0,0,0,0,0,0,0,0,0,0,0,0,0,0,0,0,0,0,0,0,0,0,0,0,0,0,0,0,0,0,0,0,0,0,0,0,0,0,0,0,0,0,0,0,0,0,0,0,0,0,0,0,0,0,0,0,0,0,0,0,0,0,0,0,0,0,0,0,0,0,0,0,-128,14,95,-270,-270,-191,-54,109,259,366,424,427,380,290,158,14,-145,-293,-415,-511,-562,-558,-505,-403,-261,-79,113,307,491,635,729,760,726,622,474,278,49,-189,-420,-616,-774,-875,-908,-868,-765,-598,-379,-140,127,387,617,812,949,1021,1015,940,794,597,351,75,-216,-490,-733,-932,-1064,-1127,-1122,-1034,-866,-643,-371,-68,238,534,803,1017,1156,1230,1216,1126,963,730,433,113,-225,-555,-835,-1071,-1243,-1330,-1332,-1232,-1051,-805,-491,-148,214,559,878,1134,1309,1402,1396,1291,1108,844,515,153,-218,-571,-889,-1152,-1330,-1417,-1414,-1310,-1125,-864,-543,-192,176,526,846,1100,1286,1392,1396,1322,171,908,600,270,-83,-435,-761,-1033,-1243,-1376,-1414,-1366,-1225,-1006,-728,-392,-28,341,686,982,1221,1381,1457,1439,1310,1093,811,463,93,-297,-656,-976,-1232,-1399,-1478,-1457,-1340,-1122,-833,-495,-128,244,612,935,1189,1360,1437,1420,1313,1114,838,509,142,-225,-567,-875,-1126,-1294,-1373,-1371,-1269,-1075,-814,-507,-165,194,534,838,1080,1249,1336,1322,1214,1027,764,448,96,-262,-596,-896,-1122,-1256,-1309,-1258,-1108,-880,-581,-236,124,478,785,1013,1167,1226,1180,1039,807,512,184,-145,-460,-718,-904,-1017,-1036,-972,-825,-613,-363,-85,189,442,652,808,887,892,815,647,413,117,-209,-519,-756,-872,-826,-654,-192,-126
29333,mtk,MTK 7916,2780315675,rx1-tx0,512,0,0,0,0,0,0,0,0,0,0,0,0,0,0,0,0,0,0,0,0,0,0,0,0,0,0,0,0,0,0,0,0,0,0,0,0,0,0,0,0,0,0,0,0,0,0,0,0,0,0,0,0,0,0,0,0,0,0,0,0,0,0,0,0,0,0,0,0,0,0,0,0,0,0,0,0,0,0,0,0,0,0,0,0,0,0,0,0,0,0,0,0,0,0,0,0,0,0,0,0,0,0,0,0,0,0,0,0,0,0,0,0,0,0,0,0,0,0,0,0,0,0,0,0,0,0,0,0,0,0,0,0,0,0,0,0,0,0,0,0,0,0,0,0,0,0,0,0,0,0,0,0,0,0,0,0,0,0,0,0,0,0,0,0,0,0,0,0,0,0,0,0,0,0,0,0,0,0,0,0,0,0,0,0,0,0,0,0,0,0,0,0,0,0,0,0,0,0,0,0,0,0,0,0,0,0,0,0,0,0,0,0,0,0,0,0,0,0,0,0,0,0,0,0,0,0,0,0,0,0,0,0,0,0,0,0,0,0,0,0,0,0,0,0,0,0,0,0,0,0,0,0,0,0,0,0,146,-831,-969,162,158,115,37,-61,-154,-215,-243,-240,-200,-137,-51,38,125,205,256,283,285,250,190,107,20,-76,-166,-242,-292,-308,-298,-260,-195,-119,-24,66,146,218,263,288,280,252,199,138,69,-1,-71,-134,-179,-205,-212,-207,-188,-156,-117,-71,-29,9,50,69,87,110,112,112,119,106,94,82,67,54,46,33,18,-1,-18,-48,-78,-109,-145,-171,-202,-209,-199,-186,-141,-78,-15,58,144,221,277,333,354,340,301,231,147,46,-75,-193,-290,-367,-418,-428,-411,-370,-293,-184,-66,63,184,285,370,431,457,439,400,325,229,121,-11,-136,-245,-335,-417,-457,-464,-448,93,-294,-188,-63,64,195,306,389,445,469,462,409,325,219,105,-22,-145,-253,-342,-407,-438,-431,-396,-341,-246,-133,-28,78,184,274,335,371,384,357,310,237,151,71,-21,-101,-179,-249,-284,-309,-309,-288,-242,-183,-115,-44,27,97,162,208,235,250,245,221,179,138,73,13,-42,-90,-130,-162,-181,-182,-178,-158,-132,-98,-70,-36,2,41,65,97,122,136,151,153,148,129,105,74,26,-20,-65,-118,-155,-178,-197,-193,-168,-134,-85,-21,48,110,158,200,212,205,187,142,76,13,-57,-115,-164,-200,-207,-189,-158,-103,-44,22,91,148,175,174,152,98,31,-25,-126,-395,0,0,0,0,0,0,0,0,0,0,0,0,0,0,0,0,0,0,0,0,0,0,0,0,0,0,0,0,0,0,0,0,0,0,0,0,0,0,0,0,0,0,0,0,0,0,0,0,0,0,0,0,0,0,0,0,0,0,0,0,0,0,0,0,0,0,0,0,0,0,0,0,0,0,0,0,0,0,0,0,0,0,0,0,0,0,0,0,0,0,0,0,0,0,0,0,0,0,0,0,0,0,0,0,0,0,0,0,0,0,0,0,0,0,0,0,0,0,0,0,0,0,0,0,0,0,0,0,0,0,0,0,0,0,0,0,0,0,0,0,0,0,0,0,0,0,0,0,0,0,0,0,0,0,0,0,0,0,0,0,0,0,0,0,0,0,0,0,0,0,0,0,0,0,0,0,0,0,0,0,0,0,0,0,0,0,0,0,0,0,0,0,0,0,0,0,0,0,0,0,0,0,0,0,0,0,0,0,0,0,0,0,0,0,0,0,0,0,0,0,0,0,0,0,0,0,0,0,0,0,0,0,0,0,0,0,0,0,0,0,0,0,0,0,0,0,0,0,0,0,0,0,0,0,0,0,206,-651,-402,0,-85,-163,-214,-223,-182,-107,-20,75,160,222,259,261,238,187,111,27,-63,-155,-225,-276,-298,-295,-253,-192,-106,-19,74,165,237,287,309,292,262,204,131,41,-44,-120,-182,-221,-245,-252,-235,-204,-156,-93,-36,23,70,112,144,159,157,156,137,113,96,66,35,21,-8,-39,-50,-59,-63,-65,-72,-86,-99,-107,-117,-123,-111,-109,-85,-60,-22,39,95,156,219,254,272,281,266,217,155,77,-34,-133,-223,-300,-355,-397,-408,-371,-301,-212,-102,19,126,241,338,405,441,444,413,351,264,155,26,-100,-211,-317,-385,-444,-464,-438,-382,-310,-210,-85,32,150,-1894,355,427,459,461,429,350,254,140,23,-106,-230,-329,-398,-443,-455,-433,-369,-288,-182,-60,61,167,267,348,390,401,396,356,282,194,102,-3,-106,-198,-277,-317,-341,-344,-315,-284,-215,-136,-57,30,106,173,225,264,278,274,256,217,156,98,29,-35,-93,-140,-183,-213,-217,-209,-187,-156,-115,-66,-19,23,67,100,126,139,146,153,144,134,118,79,48,13,-16,-56,-94,-122,-151,-169,-168,-166,-147,-105,-62,-9,57,111,152,189,205,206,179,143,87,17,-42,-106,-166,-199,-211,-205,-174,-135,-72,2,66,126,165,184,191,167,119,49,-15,-80,-133,-153,-148,-1055,-977
29334,mtk,MTK 7916,2780315675,rx1-tx1,512,0,0,0,0,0,0,0,0,0,0,0,0,0,0,0,0,0,0,0,0,0,0,0,0,0,0,0,0,0,0,0,0,0,0,0,0,0,0,0,0,0,0,0,0,0,0,0,0,0,0,0,0,0,0,0,0,0,0,0,0,0,0,0,0,0,0,0,0,0,0,0,0,0,0,0,0,0,0,0,0,0,0,0,0,0,0,0,0,0,0,0,0,0,0,0,0,0,0,0,0,0,0,0,0,0,0,0,0,0,0,0,0,0,0,0,0,0,0,0,0,0,0,0,0,0,0,0,0,0,0,0,0,0,0,0,0,0,0,0,0,0,0,0,0,0,0,0,0,0,0,0,0,0,0,0,0,0,0,0,0,0,0,0,0,0,0,0,0,0,0,0,0,0,0,0,0,0,0,0,0,0,0,0,0,0,0,0,0,0,0,0,0,0,0,0,0,0,0,0,0,0,0,0,0,0,0,0,0,0,0,0,0,0,0,0,0,0,0,0,0,0,0,0,0,0,0,0,0,0,0,0,0,0,0,0,0,0,0,0,0,0,0,0,0,0,0,0,0,0,0,0,0,0,0,0,0,-411,-908,-735,-8,-1,3,9,17,24,28,26,25,20,2,-20,-33,-42,-42,-36,-25,-3,20,41,51,57,47,27,-1,-29,-55,-68,-65,-50,-28,4,42,72,77,63,34,-1,-37,-63,-77,-69,-47,-12,20,52,72,77,62,29,-12,-48,-69,-71,-52,-30,-1,34,59,59,42,17,-12,-43,-62,-60,-33,2,31,53,63,58,31,-6,-45,-72,-81,-75,-40,15,59,82,87,72,32,-23,-81,-109,-110,-89,-40,30,90,130,145,123,56,-25,-99,-152,-175,-154,-88,2,96,170,203,186,122,26,-82,-170,-217,-213,-156,-50,70,171,235,247,199,101,-21,-141,-231,0,-244,-155,-28,99,197,256,257,191,82,-42,-159,-230,-245,-217,-142,-21,96,179,224,218,172,90,-11,-105,-165,-189,-175,-129,-65,12,79,128,145,135,98,49,-3,-57,-96,-111,-112,-92,-58,-21,18,55,89,117,122,98,50,-12,-73,-122,-150,-153,-116,-53,27,105,166,182,159,107,18,-87,-175,-223,-219,-160,-62,51,167,250,276,236,139,7,-131,-250,-314,-305,-227,-90,70,211,317,355,308,193,35,-132,-274,-353,-347,-272,-140,24,185,299,342,312,215,73,-82,-212,-288,-304,-252,-144,2,139,246,301,289,221,106,-34,-172,-278,-333,-332,-287,-207,-87,-1004,-1041,0,0,0,0,0,0,0,0,0,0,0,0,0,0,0,0,0,0,0,0,0,0,0,0,0,0,0,0,0,0,0,0,0,0,0,0,0,0,0,0,0,0,0,0,0,0,0,0,0,0,0,0,0,0,0,0,0,0,0,0,0,0,0,0,0,0,0,0,0,0,0,0,0,0,0,0,0,0,0,0,0,0,0,0,0,0,0,0,0,0,0,0,0,0,0,0,0,0,0,0,0,0,0,0,0,0,0,0,0,0,0,0,0,0,0,0,0,0,0,0,0,0,0,0,0,0,0,0,0,0,0,0,0,0,0,0,0,0,0,0,0,0,0,0,0,0,0,0,0,0,0,0,0,0,0,0,0,0,0,0,0,0,0,0,0,0,0,0,0,0,0,0,0,0,0,0,0,0,0,0,0,0,0,0,0,0,0,0,0,0,0,0,0,0,0,0,0,0,0,0,0,0,0,0,0,0,0,0,0,0,0,0,0,0,0,0,0,0,0,0,0,0,0,0,0,0,0,0,0,0,0,0,0,0,0,0,0,0,0,0,0,0,0,0,0,0,0,0,0,0,0,0,0,0,0,0,-92,550,782,-7,-15,-18,-19,-17,-9,2,7,13,25,36,34,29,16,-4,-24,-41,-51,-47,-32,-12,9,30,52,64,59,32,1,-24,-52,-72,-73,-58,-33,1,39,68,81,77,51,12,-23,-52,-70,-70,-52,-26,11,51,74,71,54,28,-3,-34,-59,-69,-58,-29,11,45,65,60,39,11,-22,-49,-66,-65,-41,0,31,55,67,57,30,-9,-53,-86,-90,-71,-34,22,71,98,109,90,38,-25,-84,-128,-136,-109,-54,21,91,142,159,134,73,-15,-101,-162,-185,-167,-103,-7,94,177,214,199,136,37,-75,-168,-223,-231,-182,-76,48,159,229,248,207,120,0,-126,-225,-272,-249,-165,-48,75,185,248,258,212,111,-10,-123,-209,-243,-223,-159,-64,47,140,195,204,171,110,25,-61,-125,-160,-162,-133,-81,-20,45,87,112,118,103,71,31,-11,-55,-91,-108,-106,-93,-61,-19,32,80,117,132,122,80,22,-46,-111,-153,-160,-141,-79,5,94,165,203,189,130,36,-73,-176,-245,-252,-203,-106,23,152,240,285,270,187,45,-104,-237,-320,-326,-261,-139,23,182,295,347,321,224,75,-88,-232,-330,-353,-292,-172,-23,133,258,321,311,236,110,-37,-172,-268,-303,-272,-178,-48,92,210,292,321,284,198,76,-54,-168,-249,-298,-263,16
29335,mtk,MTK 7916,2780315675,rx2-tx0,512,0,0,0,0,0,0,0,0,0,0,0,0,0,0,0,0,0,0,0,0,0,0,0,0,0,0,0,0,0,0,0,0,0,0,0,0,0,0,0,0,0,0,0,0,0,0,0,0,0,0,0,0,0,0,0,0,0,0,0,0,0,0,0,0,0,0,0,0,0,0,0,0,0,0,0,0,0,0,0,0,0,0,0,0,0,0,0,0,0,0,0,0,0,0,0,0,0,0,0,0,0,0,0,0,0,0,0,0,0,0,0,0,0,0,0,0,0,0,0,0,0,0,0,0,0,0,0,0,0,0,0,0,0,0,0,0,0,0,0,0,0,0,0,0,0,0,0,0,0,0,0,0,0,0,0,0,0,0,0,0,0,0,0,0,0,0,0,0,0,0,0,0,0,0,0,0,0,0,0,0,0,0,0,0,0,0,0,0,0,0,0,0,0,0,0,0,0,0,0,0,0,0,0,0,0,0,0,0,0,0,0,0,0,0,0,0,0,0,0,0,0,0,0,0,0,0,0,0,0,0,0,0,0,0,0,0,0,0,0,0,0,0,0,0,0,0,0,0,0,0,0,0,0,0,0,0,-136,790,973,59,61,52,35,12,-20,-55,-81,-100,-107,-91,-57,-14,33,81,120,138,126,88,30,-40,-107,-156,-179,-166,-114,-37,56,144,207,232,212,141,37,-82,-192,-263,-275,-233,-140,-11,127,242,302,296,222,97,-59,-206,-305,-334,-287,-169,-7,159,289,355,337,234,70,-108,-265,-368,-381,-292,-134,55,240,369,403,334,186,-12,-213,-369,-432,-387,-242,-33,188,368,462,443,316,110,-130,-345,-478,-497,-395,-195,51,287,456,516,450,280,43,-200,-394,-490,-471,-337,-123,120,325,451,469,366,169,-61,-268,-405,-446,-377,-210,10,217,364,425,382,237,34,-171,-331,0,-387,-266,-78,129,299,393,395,300,133,-73,-267,-390,-419,-357,-210,-7,200,359,431,402,284,98,-111,-303,-422,-445,-366,-204,4,213,379,456,433,313,125,-94,-292,-426,-466,-411,-265,-58,163,350,457,472,382,214,-1,-212,-383,-469,-451,-330,-149,61,262,403,453,401,261,64,-143,-314,-417,-425,-337,-175,22,217,356,407,366,250,77,-117,-280,-368,-371,-293,-143,36,206,326,365,313,195,28,-146,-280,-353,-343,-253,-105,67,229,336,364,313,193,30,-139,-277,-353,-356,-284,-149,17,175,297,357,344,259,126,-34,-188,-303,-367,-372,-311,-202,-75,51,155,240,-25,283,0,0,0,0,0,0,0,0,0,0,0,0,0,0,0,0,0,0,0,0,0,0,0,0,0,0,0,0,0,0,0,0,0,0,0,0,0,0,0,0,0,0,0,0,0,0,0,0,0,0,0,0,0,0,0,0,0,0,0,0,0,0,0,0,0,0,0,0,0,0,0,0,0,0,0,0,0,0,0,0,0,0,0,0,0,0,0,0,0,0,0,0,0,0,0,0,0,0,0,0,0,0,0,0,0,0,0,0,0,0,0,0,0,0,0,0,0,0,0,0,0,0,0,0,0,0,0,0,0,0,0,0,0,0,0,0,0,0,0,0,0,0,0,0,0,0,0,0,0,0,0,0,0,0,0,0,0,0,0,0,0,0,0,0,0,0,0,0,0,0,0,0,0,0,0,0,0,0,0,0,0,0,0,0,0,0,0,0,0,0,0,0,0,0,0,0,0,0,0,0,0,0,0,0,0,0,0,0,0,0,0,0,0,0,0,0,0,0,0,0,0,0,0,0,0,0,0,0,0,0,0,0,0,0,0,0,0,0,0,0,0,0,0,0,0,0,0,0,0,0,0,0,0,0,0,0,1335,780,529,20,40,61,80,91,92,81,59,22,-22,-64,-98,-119,-115,-92,-50,6,67,117,149,155,130,76,-3,-85,-149,-191,-201,-165,-88,12,117,202,251,249,186,84,-41,-167,-254,-294,-270,-182,-50,94,227,313,326,264,138,-22,-182,-301,-350,-320,-211,-51,127,280,360,351,265,107,-84,-254,-363,-385,-312,-157,43,237,378,424,367,219,12,-206,-375,-453,-420,-284,-81,152,354,475,478,366,160,-92,-322,-468,-503,-422,-242,3,249,432,512,468,309,81,-164,-369,-478,-472,-357,-157,81,293,426,447,359,189,-26,-237,-382,-431,-373,-219,-8,202,352,414,379,252,0,-158,-326,-410,-396,-292,-113,97,278,392,413,330,163,-35,-230,-378,-430,-378,-238,-43,164,333,430,425,321,142,-68,-265,-408,-459,-403,-260,-60,156,336,442,454,367,200,-10,-226,-393,-468,-440,-325,-136,83,280,420,472,421,274,72,-140,-326,-444,-461,-376,-212,-5,202,365,444,424,311,128,-79,-263,-382,-416,-357,-215,-25,168,316,387,368,266,102,-85,-249,-352,-373,-306,-166,7,173,308,367,336,229,71,-103,-256,-350,-357,-287,-158,11,182,308,362,336,242,92,-77,-227,-325,-362,-318,-204,-46,119,257,341,359,312,208,63,-91,-228,-324,-368,-360,-307,-208,1143,1097
29336,mtk,MTK 7916,2780315675,rx2-tx1,512,0,0,0,0,0,0,0,0,0,0,0,0,0,0,0,0,0,0,0,0,0,0,0,0,0,0,0,0,0,0,0,0,0,0,0,0,0,0,0,0,0,0,0,0,0,0,0,0,0,0,0,0,0,0,0,0,0,0,0,0,0,0,0,0,0,0,0,0,0,0,0,0,0,0,0,0,0,0,0,0,0,0,0,0,0,0,0,0,0,0,0,0,0,0,0,0,0,0,0,0,0,0,0,0,0,0,0,0,0,0,0,0,0,0,0,0,0,0,0,0,0,0,0,0,0,0,0,0,0,0,0,0,0,0,0,0,0,0,0,0,0,0,0,0,0,0,0,0,0,0,0,0,0,0,0,0,0,0,0,0,0,0,0,0,0,0,0,0,0,0,0,0,0,0,0,0,0,0,0,0,0,0,0,0,0,0,0,0,0,0,0,0,0,0,0,0,0,0,0,0,0,0,0,0,0,0,0,0,0,0,0,0,0,0,0,0,0,0,0,0,0,0,0,0,0,0,0,0,0,0,0,0,0,0,0,0,0,0,0,0,0,0,0,0,0,0,0,0,0,0,0,0,0,0,0,0,236,901,928,53,61,53,32,9,-20,-52,-70,-75,-69,-55,-23,12,48,72,79,63,30,-13,-46,-70,-78,-68,-36,9,56,95,112,98,58,1,-59,-112,-134,-119,-71,-5,72,132,153,136,95,16,-77,-149,-186,-178,-118,-33,66,165,228,225,159,48,-77,-191,-263,-271,-209,-80,76,218,306,319,250,115,-55,-223,-342,-383,-326,-180,15,211,367,433,389,247,44,-179,-369,-467,-449,-320,-108,135,344,477,494,387,182,-68,-297,-460,-506,-430,-243,0,240,421,506,459,298,59,-185,-370,-466,-450,-317,-105,122,318,433,431,318,133,-78,-262,-375,-386,-292,-132,56,233,0,354,268,115,-69,-227,-320,-325,-240,-87,79,219,311,318,234,83,-88,-238,-324,-326,-241,-85,90,238,333,341,255,100,-74,-228,-331,-356,-288,-145,32,200,314,345,284,159,2,-157,-269,-307,-273,-175,-31,115,222,270,251,171,50,-77,-176,-223,-213,-146,-41,63,142,178,165,106,20,-68,-132,-153,-129,-75,-2,76,130,148,121,58,-11,-81,-134,-146,-118,-69,3,71,127,148,127,70,11,-60,-119,-144,-126,-86,-29,38,94,120,121,93,42,-19,-70,-96,-104,-87,-45,3,46,82,90,75,44,0,-48,-78,-91,-84,-53,-11,31,67,95,104,96,71,449,648,0,0,0,0,0,0,0,0,0,0,0,0,0,0,0,0,0,0,0,0,0,0,0,0,0,0,0,0,0,0,0,0,0,0,0,0,0,0,0,0,0,0,0,0,0,0,0,0,0,0,0,0,0,0,0,0,0,0,0,0,0,0,0,0,0,0,0,0,0,0,0,0,0,0,0,0,0,0,0,0,0,0,0,0,0,0,0,0,0,0,0,0,0,0,0,0,0,0,0,0,0,0,0,0,0,0,0,0,0,0,0,0,0,0,0,0,0,0,0,0,0,0,0,0,0,0,0,0,0,0,0,0,0,0,0,0,0,0,0,0,0,0,0,0,0,0,0,0,0,0,0,0,0,0,0,0,0,0,0,0,0,0,0,0,0,0,0,0,0,0,0,0,0,0,0,0,0,0,0,0,0,0,0,0,0,0,0,0,0,0,0,0,0,0,0,0,0,0,0,0,0,0,0,0,0,0,0,0,0,0,0,0,0,0,0,0,0,0,0,0,0,0,0,0,0,0,0,0,0,0,0,0,0,0,0,0,0,0,0,0,0,0,0,0,0,0,0,0,0,0,0,0,0,0,0,0,-351,242,-4,7,27,45,63,75,76,65,36,4,-30,-61,-76,-75,-62,-33,6,40,65,74,63,34,-8,-51,-83,-88,-67,-36,8,55,99,117,107,63,-1,-69,-117,-142,-131,-85,-19,56,132,175,162,106,19,-73,-152,-199,-198,-136,-37,81,185,246,237,176,60,-81,-210,-286,-299,-232,-96,72,221,324,355,291,150,-30,-214,-357,-402,-356,-221,-12,209,379,456,426,297,84,-157,-357,-466,-466,-356,-147,99,325,473,499,403,215,-33,-274,-442,-503,-441,-265,-25,214,406,495,458,316,105,-139,-344,-449,-439,-317,-120,96,279,395,411,315,138,-65,-241,-349,-363,-284,0,67,219,313,329,248,99,-79,-232,-316,-315,-232,-90,84,237,320,315,233,92,-82,-236,-325,-328,-243,-95,83,235,335,346,269,121,-54,-218,-322,-348,-280,-148,20,180,290,330,284,170,19,-134,-248,-294,-261,-172,-43,92,198,246,231,157,45,-66,-150,-195,-187,-124,-29,64,129,159,145,86,6,-69,-133,-158,-131,-66,9,82,130,144,123,64,-14,-86,-134,-148,-122,-70,-4,61,113,137,129,85,15,-56,-106,-127,-126,-90,-31,32,80,111,114,86,38,-11,-58,-92,-100,-78,-43,2,47,76,83,75,47,6,-41,-76,-90,-87,-75,-43,2,42,74,816,665
29337,mtk,MTK 7916,2780355079,rx0-tx0,512,0,0,0,0,0,0,0,0,0,0,0,0,0,0,0,0,0,0,0,0,0,0,0,0,0,0,0,0,0,0,0,0,0,0,0,0,0,0,0,0,0,0,0,0,0,0,0,0,0,0,0,0,0,0,0,0,0,0,0,0,0,0,0,0,0,0,0,0,0,0,0,0,0,0,0,0,0,0,0,0,0,0,0,0,0,0,0,0,0,0,0,0,0,0,0,0,0,0,0,0,0,0,0,0,0,0,0,0,0,0,0,0,0,0,0,0,0,0,0,0,0,0,0,0,0,0,0,0,0,0,0,0,0,0,0,0,0,0,0,0,0,0,0,0,0,0,0,0,0,0,0,0,0,0,0,0,0,0,0,0,0,0,0,0,0,0,0,0,0,0,0,0,0,0,0,0,0,0,0,0,0,0,0,0,0,0,0,0,0,0,0,0,0,0,0,0,0,0,0,0,0,0,0,0,0,0,0,0,0,0,0,0,0,0,0,0,0,0,0,0,0,0,0,0,0,0,0,0,0,0,0,0,0,0,0,0,0,0,0,0,0,0,0,0,0,0,0,0,0,0,0,0,0,0,0,0,-273,194,-66,221,295,315,268,171,41,-93,-221,-320,-386,-421,-415,-377,-302,-199,-83,48,182,307,418,497,548,560,526,455,340,197,32,-143,-313,-460,-582,-664,-708,-702,-640,-534,-405,-233,-48,136,317,477,608,710,776,789,752,678,567,416,239,44,-159,-347,-523,-676,-795,-871,-896,-864,-782,-660,-493,-296,-70,149,372,583,760,882,955,972,934,843,701,531,314,92,-146,-372,-578,-748,-870,-951,-969,-929,-845,-696,-530,-331,-118,89,301,490,645,753,817,848,829,761,664,545,396,226,57,-112,-273,-420,-546,-636,-701,-738,-740,-708,-647,-558,-434,-291,-126,35,197,361,509,637,1181,792,805,780,722,622,488,327,146,-42,-230,-399,-552,-680,-772,-829,-847,-821,-754,-660,-526,-364,-184,5,203,393,571,731,851,936,981,977,920,814,656,460,225,-29,-284,-535,-771,-974,-1125,-1207,-1220,-1163,-1037,-847,-604,-323,-6,313,618,889,1112,1269,1343,1341,1262,1111,882,602,288,-44,-381,-696,-958,-1167,-1314,-1377,-1349,-1244,-1066,-817,-521,-196,148,469,771,1029,1211,1320,1355,1290,1144,932,657,335,-8,-351,-671,-936,-1137,-1255,-1288,-1235,-1084,-856,-581,-267,55,370,657,883,1038,1117,1114,1035,884,671,416,132,-162,-448,-701,-895,-1029,-1076,-1019,-854,-580,-232,166,537,806,908,829,659,0,0,0,0,0,0,0,0,0,0,0,0,0,0,0,0,0,0,0,0,0,0,0,0,0,0,0,0,0,0,0,0,0,0,0,0,0,0,0,0,0,0,0,0,0,0,0,0,0,0,0,0,0,0,0,0,0,0,0,0,0,0,0,0,0,0,0,0,0,0,0,0,0,0,0,0,0,0,0,0,0,0,0,0,0,0,0,0,0,0,0,0,0,0,0,0,0,0,0,0,0,0,0,0,0,0,0,0,0,0,0,0,0,0,0,0,0,0,0,0,0,0,0,0,0,0,0,0,0,0,0,0,0,0,0,0,0,0,0,0,0,0,0,0,0,0,0,0,0,0,0,0,0,0,0,0,0,0,0,0,0,0,0,0,0,0,0,0,0,0,0,0,0,0,0,0,0,0,0,0,0,0,0,0,0,0,0,0,0,0,0,0,0,0,0,0,0,0,0,0,0,0,0,0,0,0,0,0,0,0,0,0,0,0,0,0,0,0,0,0,0,0,0,0,0,0,0,0,0,0,0,0,0,0,0,0,0,0,0,0,0,0,0,0,0,0,0,0,0,0,0,0,0,0,0,0,-1322,-958,-978,143,44,-96,-228,-327,-379,-378,-332,-244,-140,-20,108,227,334,412,459,482,462,409,317,192,53,-103,-254,-392,-509,-594,-645,-646,-592,-496,-363,-202,-29,162,340,492,615,705,742,739,692,595,462,307,126,-65,-250,-422,-580,-704,-787,-834,-824,-773,-679,-546,-376,-179,36,260,460,638,787,894,939,928,879,773,611,413,190,-42,-280,-494,-678,-833,-934,-982,-975,-910,-795,-624,-433,-215,23,243,461,637,770,869,908,901,847,749,608,435,252,60,-134,-313,-463,-592,-695,-750,-770,-760,-716,-644,-532,-397,-259,-98,60,217,367,503,617,700,750,762,747,691,597,471,-701,151,-30,-207,-379,-537,-665,-760,-815,-830,-806,-738,-634,-495,-333,-155,33,225,395,551,687,790,860,890,874,816,723,584,418,225,14,-208,-426,-636,-820,-971,-1070,-1107,-1088,-1005,-866,-670,-427,-151,142,436,709,947,1134,1260,1312,1280,1174,997,760,466,142,-186,-504,-799,-1049,-1232,-1344,-1377,-1328,-1193,-985,-725,-418,-75,264,577,864,1098,1263,1355,1354,1272,1123,894,606,296,-48,-394,-702,-966,-1172,-1301,-1337,-1283,-1140,-923,-646,-325,10,347,655,908,1091,1194,1209,1141,991,770,501,201,-101,-390,-646,-849,-990,-1056,-1048,-959,-788,-559,-282,37,363,678,924,1067,1071,906,597,263,-508,-713
29338,mtk,MTK 7916,2780355079,rx0-tx1,512,0,0,0,0,0,0,0,0,0,0,0,0,0,0,0,0,0,0,0,0,0,0,0,0,0,0,0,0,0,0,0,0,0,0,0,0,0,0,0,0,0,0,0,0,0,0,0,0,0,0,0,0,0,0,0,0,0,0,0,0,0,0,0,0,0,0,0,0,0,0,0,0,0,0,0,0,0,0,0,0,0,0,0,0,0,0,0,0,0,0,0,0,0,0,0,0,0,0,0,0,0,0,0,0,0,0,0,0,0,0,0,0,0,0,0,0,0,0,0,0,0,0,0,0,0,0,0,0,0,0,0,0,0,0,0,0,0,0,0,0,0,0,0,0,0,0,0,0,0,0,0,0,0,0,0,0,0,0,0,0,0,0,0,0,0,0,0,0,0,0,0,0,0,0,0,0,0,0,0,0,0,0,0,0,0,0,0,0,0,0,0,0,0,0,0,0,0,0,0,0,0,0,0,0,0,0,0,0,0,0,0,0,0,0,0,0,0,0,0,0,0,0,0,0,0,0,0,0,0,0,0,0,0,0,0,0,0,0,0,0,0,0,0,0,0,0,0,0,0,0,0,0,0,0,0,0,-730,-295,-286,-257,-226,-119,32,186,319,404,444,426,368,274,143,9,-141,-283,-405,-504,-564,-582,-557,-482,-371,-223,-49,135,322,495,637,736,783,766,704,590,435,241,21,-199,-416,-612,-760,-871,-931,-922,-859,-752,-592,-377,-147,91,334,558,757,914,1016,1056,1043,968,832,649,423,166,-99,-364,-615,-831,-996,-1111,-1174,-1171,-1099,-961,-765,-522,-252,37,325,596,846,1052,1207,1287,1301,1243,1106,917,659,366,60,-272,-578,-866,-1110,-1282,-1382,-1415,-1361,-1222,-1021,-755,-447,-111,226,558,858,1104,1288,1407,1440,1395,1268,1065,822,520,191,-147,-472,-766,-1020,-1213,-1348,-1402,-1385,-1283,-1117,-905,-214,-323,-1,305,611,882,1102,1263,1359,1386,1339,1216,1039,798,524,209,-121,-440,-737,-998,-1208,-1353,-1426,-1428,-1352,-1184,-966,-687,-370,-27,316,643,934,1170,1351,1452,1476,1411,1260,1048,787,478,130,-219,-548,-853,-1102,-1286,-1411,-1451,-1402,-1280,-1084,-826,-529,-202,133,456,755,1009,1204,1323,1374,1354,1255,1081,840,566,254,-77,-398,-695,-955,-1158,-1288,-1341,-1316,-1208,-1032,-790,-496,-181,149,479,768,1011,1187,1284,1294,1216,1054,823,543,223,-107,-429,-708,-934,-1095,-1164,-1143,-1048,-876,-642,-376,-91,193,455,672,831,932,959,918,810,638,419,159,-121,-394,-646,-836,-932,-909,-741,-459,-166,-224,-266,0,0,0,0,0,0,0,0,0,0,0,0,0,0,0,0,0,0,0,0,0,0,0,0,0,0,0,0,0,0,0,0,0,0,0,0,0,0,0,0,0,0,0,0,0,0,0,0,0,0,0,0,0,0,0,0,0,0,0,0,0,0,0,0,0,0,0,0,0,0,0,0,0,0,0,0,0,0,0,0,0,0,0,0,0,0,0,0,0,0,0,0,0,0,0,0,0,0,0,0,0,0,0,0,0,0,0,0,0,0,0,0,0,0,0,0,0,0,0,0,0,0,0,0,0,0,0,0,0,0,0,0,0,0,0,0,0,0,0,0,0,0,0,0,0,0,0,0,0,0,0,0,0,0,0,0,0,0,0,0,0,0,0,0,0,0,0,0,0,0,0,0,0,0,0,0,0,0,0,0,0,0,0,0,0,0,0,0,0,0,0,0,0,0,0,0,0,0,0,0,0,0,0,0,0,0,0,0,0,0,0,0,0,0,0,0,0,0,0,0,0,0,0,0,0,0,0,0,0,0,0,0,0,0,0,0,0,0,0,0,0,0,0,0,0,0,0,0,0,0,0,0,0,0,0,0,-128,14,95,97,226,337,383,361,275,150,3,-150,-283,-396,-464,-497,-491,-441,-354,-236,-92,68,234,391,523,624,677,682,635,538,398,225,18,-191,-389,-569,-711,-818,-860,-845,-781,-649,-486,-292,-66,168,392,597,783,909,974,997,958,857,700,501,263,18,-234,-478,-700,-888,-1024,-1102,-1114,-1067,-962,-796,-585,-340,-67,214,489,734,943,1101,1204,1243,1204,1111,947,732,464,168,-136,-445,-731,-982,-1186,-1311,-1374,-1352,-1251,-1090,-857,-573,-252,84,425,735,1000,1216,1362,1427,1417,1326,1157,919,634,313,-29,-363,-680,-954,-1171,-1331,-1414,-1415,-1336,-1191,-975,-713,-407,-89,237,549,825,1066,171,1358,1379,1347,1245,1071,842,568,263,-52,-372,-665,-926,-1143,-1291,-1385,-1399,-1335,-1201,-1008,-753,-458,-135,196,530,836,1085,1291,1415,1463,1434,1326,1138,890,582,251,-93,-439,-749,-1017,-1238,-1392,-1467,-1449,-1355,-1187,-946,-665,-345,-3,341,657,944,1169,1325,1407,1404,1329,1183,969,697,395,77,-249,-568,-856,-1077,-1237,-1339,-1356,-1297,-1162,-959,-696,-394,-73,259,571,849,1078,1232,1311,1316,1232,1067,837,551,230,-103,-430,-727,-967,-1145,-1241,-1247,-1161,-989,-758,-473,-161,145,437,696,888,1008,1056,1024,916,744,530,283,18,-240,-480,-684,-832,-923,-931,-853,-690,-439,-130,209,516,725,791,-192,-126
29339,mtk,MTK 7916,2780355079,rx1-tx0,512,0,0,0,0,0,0,0,0,0,0,0,0,0,0,0,0,0,0,0,0,0,0,0,0,0,0,0,0,0,0,0,0,0,0,0,0,0,0,0,0,0,0,0,0,0,0,0,0,0,0,0,0,0,0,0,0,0,0,0,0,0,0,0,0,0,0,0,0,0,0,0,0,0,0,0,0,0,0,0,0,0,0,0,0,0,0,0,0,0,0,0,0,0,0,0,0,0,0,0,0,0,0,0,0,0,0,0,0,0,0,0,0,0,0,0,0,0,0,0,0,0,0,0,0,0,0,0,0,0,0,0,0,0,0,0,0,0,0,0,0,0,0,0,0,0,0,0,0,0,0,0,0,0,0,0,0,0,0,0,0,0,0,0,0,0,0,0,0,0,0,0,0,0,0,0,0,0,0,0,0,0,0,0,0,0,0,0,0,0,0,0,0,0,0,0,0,0,0,0,0,0,0,0,0,0,0,0,0,0,0,0,0,0,0,0,0,0,0,0,0,0,0,0,0,0,0,0,0,0,0,0,0,0,0,0,0,0,0,0,0,0,0,0,0,0,0,0,0,0,0,0,0,0,0,0,0,146,-831,-969,-25,-105,-177,-216,-214,-169,-96,-12,73,150,208,248,261,247,211,152,81,-6,-94,-169,-232,-281,-299,-295,-260,-204,-139,-52,35,111,179,233,267,279,272,238,194,135,68,-3,-67,-123,-165,-194,-204,-205,-185,-161,-131,-93,-57,-25,10,41,61,81,88,89,97,96,88,82,79,76,73,76,72,64,55,44,28,1,-25,-66,-103,-142,-182,-213,-237,-245,-230,-204,-154,-95,-21,67,149,233,305,356,393,390,360,308,234,138,27,-85,-204,-302,-375,-433,-452,-450,-420,-354,-270,-164,-42,79,193,286,374,439,478,477,446,392,313,212,100,-24,-140,-247,-344,93,-467,-475,-454,-417,-348,-253,-144,-26,91,207,298,368,427,444,433,395,330,250,158,56,-49,-143,-218,-278,-336,-369,-370,-347,-309,-254,-182,-102,-19,60,134,199,246,276,295,293,269,238,188,136,76,16,-43,-107,-154,-190,-217,-225,-220,-212,-182,-145,-104,-56,-2,40,79,110,135,152,159,157,149,127,105,81,48,20,-6,-31,-56,-79,-101,-111,-119,-121,-125,-120,-110,-88,-64,-34,5,44,81,111,139,154,162,156,128,95,61,17,-34,-80,-120,-145,-161,-167,-146,-123,-88,-42,-2,46,85,114,133,138,127,106,77,30,-13,-58,-87,-106,-113,-95,-63,-126,-395,0,0,0,0,0,0,0,0,0,0,0,0,0,0,0,0,0,0,0,0,0,0,0,0,0,0,0,0,0,0,0,0,0,0,0,0,0,0,0,0,0,0,0,0,0,0,0,0,0,0,0,0,0,0,0,0,0,0,0,0,0,0,0,0,0,0,0,0,0,0,0,0,0,0,0,0,0,0,0,0,0,0,0,0,0,0,0,0,0,0,0,0,0,0,0,0,0,0,0,0,0,0,0,0,0,0,0,0,0,0,0,0,0,0,0,0,0,0,0,0,0,0,0,0,0,0,0,0,0,0,0,0,0,0,0,0,0,0,0,0,0,0,0,0,0,0,0,0,0,0,0,0,0,0,0,0,0,0,0,0,0,0,0,0,0,0,0,0,0,0,0,0,0,0,0,0,0,0,0,0,0,0,0,0,0,0,0,0,0,0,0,0,0,0,0,0,0,0,0,0,0,0,0,0,0,0,0,0,0,0,0,0,0,0,0,0,0,0,0,0,0,0,0,0,0,0,0,0,0,0,0,0,0,0,0,0,0,0,0,0,0,0,0,0,0,0,0,0,0,0,0,0,0,0,0,0,206,-651,-402,-153,-146,-95,-15,78,161,217,241,233,199,144,71,-12,-95,-173,-230,-266,-281,-268,-231,-176,-100,-12,70,151,209,261,297,293,267,222,161,92,15,-65,-133,-189,-232,-248,-245,-225,-196,-154,-106,-54,1,48,83,113,138,146,154,144,119,104,86,67,52,29,7,-7,-14,-20,-32,-40,-45,-57,-68,-88,-105,-123,-140,-155,-160,-146,-127,-100,-59,-3,66,129,192,250,292,324,327,302,265,196,117,19,-86,-182,-277,-352,-410,-431,-429,-395,-328,-252,-150,-33,79,199,298,376,440,468,470,434,382,302,196,75,-52,-164,-268,-356,-426,-472,-481,-455,-408,-336,-1894,-127,-2,109,219,320,395,443,463,456,412,342,261,158,41,-71,-180,-272,-337,-383,-405,-405,-375,-319,-252,-176,-81,14,101,179,241,288,318,333,322,296,246,186,121,49,-27,-95,-156,-199,-234,-253,-258,-256,-226,-185,-141,-90,-35,15,70,116,151,174,194,197,188,169,143,105,67,30,-8,-46,-78,-98,-116,-123,-123,-123,-122,-115,-103,-85,-60,-31,-3,24,51,78,110,126,142,146,135,123,100,70,32,-7,-55,-103,-131,-153,-164,-160,-143,-116,-78,-35,18,64,102,134,151,153,145,119,83,43,-1,-46,-81,-116,-131,-133,-116,-84,-46,0,44,74,-1055,-977
29340,mtk,MTK 7916,2780355079,rx1-tx1,512,0,0,0,0,0,0,0,0,0,0,0,0,0,0,0,0,0,0,0,0,0,0,0,0,0,0,0,0,0,0,0,0,0,0,0,0,0,0,0,0,0,0,0,0,0,0,0,0,0,0,0,0,0,0,0,0,0,0,0,0,0,0,0,0,0,0,0,0,0,0,0,0,0,0,0,0,0,0,0,0,0,0,0,0,0,0,0,0,0,0,0,0,0,0,0,0,0,0,0,0,0,0,0,0,0,0,0,0,0,0,0,0,0,0,0,0,0,0,0,0,0,0,0,0,0,0,0,0,0,0,0,0,0,0,0,0,0,0,0,0,0,0,0,0,0,0,0,0,0,0,0,0,0,0,0,0,0,0,0,0,0,0,0,0,0,0,0,0,0,0,0,0,0,0,0,0,0,0,0,0,0,0,0,0,0,0,0,0,0,0,0,0,0,0,0,0,0,0,0,0,0,0,0,0,0,0,0,0,0,0,0,0,0,0,0,0,0,0,0,0,0,0,0,0,0,0,0,0,0,0,0,0,0,0,0,0,0,0,0,0,0,0,0,0,0,0,0,0,0,0,0,0,0,0,0,0,-411,-908,-735,0,9,25,41,50,50,45,35,17,-5,-28,-43,-49,-45,-31,-10,13,32,44,48,37,17,1,-17,-36,-46,-41,-22,-3,14,24,29,22,11,2,-5,-15,-15,-7,2,8,13,8,-4,-15,-28,-32,-20,-7,16,40,54,55,43,17,-18,-52,-79,-86,-66,-26,22,66,95,105,86,43,-10,-67,-110,-124,-110,-68,-3,62,110,137,129,82,16,-52,-109,-134,-126,-91,-33,34,89,121,121,92,40,-25,-76,-104,-109,-84,-40,7,50,82,95,82,44,-6,-44,-64,-71,-67,-44,-12,19,40,48,46,37,18,4,-12,-26,-38,-42,-39,-36,-30,0,5,25,44,67,77,65,41,4,-42,-91,-118,-116,-89,-41,25,98,154,168,144,85,1,-93,-167,-203,-190,-135,-42,70,170,231,234,188,93,-34,-154,-235,-261,-222,-129,-6,126,229,273,253,172,39,-103,-214,-273,-261,-187,-65,74,194,260,256,195,88,-42,-159,-236,-253,-201,-93,32,146,227,251,207,110,-18,-143,-232,-259,-219,-125,-3,123,216,252,231,155,35,-92,-190,-246,-242,-174,-67,48,151,215,227,187,107,0,-105,-181,-210,-186,-118,-27,65,137,173,168,127,51,-37,-107,-154,-160,-125,-66,8,80,138,166,159,125,63,-8,-74,-121,-154,-1004,-1041,0,0,0,0,0,0,0,0,0,0,0,0,0,0,0,0,0,0,0,0,0,0,0,0,0,0,0,0,0,0,0,0,0,0,0,0,0,0,0,0,0,0,0,0,0,0,0,0,0,0,0,0,0,0,0,0,0,0,0,0,0,0,0,0,0,0,0,0,0,0,0,0,0,0,0,0,0,0,0,0,0,0,0,0,0,0,0,0,0,0,0,0,0,0,0,0,0,0,0,0,0,0,0,0,0,0,0,0,0,0,0,0,0,0,0,0,0,0,0,0,0,0,0,0,0,0,0,0,0,0,0,0,0,0,0,0,0,0,0,0,0,0,0,0,0,0,0,0,0,0,0,0,0,0,0,0,0,0,0,0,0,0,0,0,0,0,0,0,0,0,0,0,0,0,0,0,0,0,0,0,0,0,0,0,0,0,0,0,0,0,0,0,0,0,0,0,0,0,0,0,0,0,0,0,0,0,0,0,0,0,0,0,0,0,0,0,0,0,0,0,0,0,0,0,0,0,0,0,0,0,0,0,0,0,0,0,0,0,0,0,0,0,0,0,0,0,0,0,0,0,0,0,0,0,0,0,-92,550,782,-37,-42,-40,-32,-16,0,18,33,46,51,45,29,7,-20,-39,-45,-46,-37,-18,5,25,42,44,36,20,1,-20,-36,-40,-33,-20,-4,10,14,15,16,8,-9,-14,-10,-4,2,16,23,22,13,-7,-27,-38,-45,-41,-18,14,42,63,71,55,22,-23,-66,-93,-95,-72,-33,16,69,111,119,102,58,-4,-63,-112,-137,-124,-76,-10,57,108,136,131,89,23,-44,-97,-126,-122,-90,-35,26,82,118,120,91,44,-11,-67,-98,-97,-79,-47,2,49,79,78,60,34,4,-31,-50,-60,-56,-38,-13,9,23,35,42,35,26,18,8,-6,-17,-26,0,-49,-48,-37,-15,17,48,71,92,94,63,12,-43,-97,-137,-143,-116,-60,19,98,158,192,178,117,22,-82,-169,-216,-220,-166,-65,57,166,237,249,204,106,-24,-147,-234,-270,-243,-152,-21,114,224,274,257,178,51,-83,-198,-264,-263,-192,-76,58,175,247,261,201,90,-39,-156,-239,-254,-204,-105,20,140,226,254,217,116,-17,-136,-221,-251,-220,-136,-19,104,204,251,231,157,48,-75,-180,-237,-241,-190,-93,21,127,200,223,191,111,14,-81,-152,-186,-177,-121,-38,47,117,160,162,126,54,-28,-98,-144,-165,-150,-98,-21,62,130,169,179,161,118,55,-263,16
29341,mtk,MTK 7916,2780355079,rx2-tx0,512,0,0,0,0,0,0,0,0,0,0,0,0,0,0,0,0,0,0,0,0,0,0,0,0,0,0,0,0,0,0,0,0,0,0,0,0,0,0,0,0,0,0,0,0,0,0,0,0,0,0,0,0,0,0,0,0,0,0,0,0,0,0,0,0,0,0,0,0,0,0,0,0,0,0,0,0,0,0,0,0,0,0,0,0,0,0,0,0,0,0,0,0,0,0,0,0,0,0,0,0,0,0,0,0,0,0,0,0,0,0,0,0,0,0,0,0,0,0,0,0,0,0,0,0,0,0,0,0,0,0,0,0,0,0,0,0,0,0,0,0,0,0,0,0,0,0,0,0,0,0,0,0,0,0,0,0,0,0,0,0,0,0,0,0,0,0,0,0,0,0,0,0,0,0,0,0,0,0,0,0,0,0,0,0,0,0,0,0,0,0,0,0,0,0,0,0,0,0,0,0,0,0,0,0,0,0,0,0,0,0,0,0,0,0,0,0,0,0,0,0,0,0,0,0,0,0,0,0,0,0,0,0,0,0,0,0,0,0,0,0,0,0,0,0,0,0,0,0,0,0,0,0,0,0,0,0,-136,790,973,47,62,71,74,62,37,7,-25,-52,-71,-79,-69,-44,-14,19,52,76,82,72,47,10,-26,-59,-81,-89,-79,-53,-17,23,59,87,101,90,61,23,-25,-73,-105,-120,-108,-74,-21,41,100,139,147,123,67,-13,-94,-153,-184,-167,-107,-19,81,167,214,207,142,38,-80,-187,-248,-247,-177,-56,87,207,279,280,205,70,-91,-235,-320,-322,-234,-82,102,267,364,367,276,100,-110,-294,-403,-408,-306,-121,106,312,435,446,336,133,-108,-323,-454,-464,-354,-147,102,327,462,475,361,152,-103,-327,-461,-467,-347,-128,126,346,466,461,334,110,-150,-366,-480,-465,0,-91,169,386,494,466,311,65,-203,-419,-516,-475,-309,-52,222,437,538,499,320,54,-229,-458,-566,-519,-336,-69,222,457,577,541,362,90,-202,-442,-572,-559,-398,-131,165,416,561,558,415,173,-104,-354,-513,-538,-431,-214,45,286,451,500,418,243,10,-221,-384,-445,-391,-246,-45,160,318,391,363,244,65,-114,-256,-329,-320,-225,-78,80,207,278,274,202,84,-56,-173,-243,-250,-196,-90,38,154,225,241,194,101,-13,-121,-204,-233,-204,-127,-21,91,177,218,215,157,65,-40,-134,-198,-215,-184,-113,-23,72,155,204,213,184,112,21,-68,-142,-192,-210,-192,-147,-25,283,0,0,0,0,0,0,0,0,0,0,0,0,0,0,0,0,0,0,0,0,0,0,0,0,0,0,0,0,0,0,0,0,0,0,0,0,0,0,0,0,0,0,0,0,0,0,0,0,0,0,0,0,0,0,0,0,0,0,0,0,0,0,0,0,0,0,0,0,0,0,0,0,0,0,0,0,0,0,0,0,0,0,0,0,0,0,0,0,0,0,0,0,0,0,0,0,0,0,0,0,0,0,0,0,0,0,0,0,0,0,0,0,0,0,0,0,0,0,0,0,0,0,0,0,0,0,0,0,0,0,0,0,0,0,0,0,0,0,0,0,0,0,0,0,0,0,0,0,0,0,0,0,0,0,0,0,0,0,0,0,0,0,0,0,0,0,0,0,0,0,0,0,0,0,0,0,0,0,0,0,0,0,0,0,0,0,0,0,0,0,0,0,0,0,0,0,0,0,0,0,0,0,0,0,0,0,0,0,0,0,0,0,0,0,0,0,0,0,0,0,0,0,0,0,0,0,0,0,0,0,0,0,0,0,0,0,0,0,0,0,0,0,0,0,0,0,0,0,0,0,0,0,0,0,0,0,1335,780,529,-35,-19,2,26,53,73,81,75,58,29,-5,-38,-63,-75,-76,-62,-33,2,36,65,78,80,67,35,-6,-42,-73,-93,-91,-69,-42,-1,43,77,99,106,89,50,-5,-59,-108,-133,-133,-101,-46,25,98,150,167,144,83,0,-85,-159,-197,-185,-125,-32,80,176,231,224,161,49,-83,-198,-263,-261,-191,-64,87,220,302,304,223,77,-94,-249,-344,-350,-256,-88,110,286,386,385,287,105,-111,-306,-432,-441,-328,-127,107,315,446,460,349,142,-103,-323,-457,-470,-359,-150,106,332,463,470,352,139,-113,-334,-465,-466,-339,-120,134,354,477,464,320,93,-160,0,-489,-469,-317,-75,189,403,508,474,310,61,-213,-427,-530,-492,-318,-55,225,444,544,502,328,59,-226,-456,-567,-528,-351,-78,216,456,579,552,378,111,-186,-432,-569,-558,-406,-153,136,385,536,552,428,196,-81,-329,-491,-524,-429,-230,19,256,419,473,410,249,32,-185,-348,-415,-375,-242,-56,137,285,355,335,235,77,-93,-232,-311,-301,-215,-80,66,187,258,264,200,83,-45,-160,-234,-245,-195,-98,25,140,214,234,196,113,4,-106,-187,-225,-209,-143,-44,65,156,210,216,175,90,-11,-109,-176,-209,-200,-149,-63,32,122,188,219,209,166,101,24,-45,-106,1143,1097
29342,mtk,MTK 7916,2780355079,rx2-tx1,512,0,0,0,0,0,0,0,0,0,0,0,0,0,0,0,0,0,0,0,0,0,0,0,0,0,0,0,0,0,0,0,0,0,0,0,0,0,0,0,0,0,0,0,0,0,0,0,0,0,0,0,0,0,0,0,0,0,0,0,0,0,0,0,0,0,0,0,0,0,0,0,0,0,0,0,0,0,0,0,0,0,0,0,0,0,0,0,0,0,0,0,0,0,0,0,0,0,0,0,0,0,0,0,0,0,0,0,0,0,0,0,0,0,0,0,0,0,0,0,0,0,0,0,0,0,0,0,0,0,0,0,0,0,0,0,0,0,0,0,0,0,0,0,0,0,0,0,0,0,0,0,0,0,0,0,0,0,0,0,0,0,0,0,0,0,0,0,0,0,0,0,0,0,0,0,0,0,0,0,0,0,0,0,0,0,0,0,0,0,0,0,0,0,0,0,0,0,0,0,0,0,0,0,0,0,0,0,0,0,0,0,0,0,0,0,0,0,0,0,0,0,0,0,0,0,0,0,0,0,0,0,0,0,0,0,0,0,0,0,0,0,0,0,0,0,0,0,0,0,0,0,0,0,0,0,0,236,901,928,33,47,58,62,62,50,26,-2,-29,-56,-71,-68,-50,-20,23,57,71,69,52,20,-18,-53,-77,-79,-56,-13,27,64,92,96,66,15,-33,-77,-110,-106,-64,-2,59,111,136,118,65,-5,-87,-148,-169,-147,-75,35,138,201,220,178,80,-50,-173,-259,-275,-209,-85,70,212,305,327,258,107,-81,-256,-374,-393,-305,-129,83,288,417,435,334,146,-89,-314,-463,-486,-380,-173,87,331,484,508,405,197,-71,-331,-499,-526,-414,-197,73,333,498,522,415,201,-76,-330,-489,-517,-408,-192,73,311,463,484,375,166,-81,-304,-439,-446,-333,-126,108,305,404,389,0,77,-139,-317,-397,-356,-215,-23,172,325,386,331,179,-21,-212,-343,-382,-302,-134,62,238,358,375,283,112,-91,-271,-375,-370,-264,-89,111,281,370,358,248,75,-117,-275,-354,-329,-214,-57,116,260,322,293,197,51,-110,-238,-287,-257,-160,-31,105,195,233,209,125,11,-95,-165,-189,-155,-76,16,104,157,162,119,46,-38,-111,-153,-144,-91,-22,48,109,135,122,82,16,-53,-105,-122,-104,-67,-13,47,88,104,91,50,4,-36,-68,-84,-72,-44,-10,28,54,60,49,28,1,-24,-40,-40,-31,-12,9,25,34,32,14,-10,-29,-41,-44,-46,-39,-17,17,449,648,0,0,0,0,0,0,0,0,0,0,0,0,0,0,0,0,0,0,0,0,0,0,0,0,0,0,0,0,0,0,0,0,0,0,0,0,0,0,0,0,0,0,0,0,0,0,0,0,0,0,0,0,0,0,0,0,0,0,0,0,0,0,0,0,0,0,0,0,0,0,0,0,0,0,0,0,0,0,0,0,0,0,0,0,0,0,0,0,0,0,0,0,0,0,0,0,0,0,0,0,0,0,0,0,0,0,0,0,0,0,0,0,0,0,0,0,0,0,0,0,0,0,0,0,0,0,0,0,0,0,0,0,0,0,0,0,0,0,0,0,0,0,0,0,0,0,0,0,0,0,0,0,0,0,0,0,0,0,0,0,0,0,0,0,0,0,0,0,0,0,0,0,0,0,0,0,0,0,0,0,0,0,0,0,0,0,0,0,0,0,0,0,0,0,0,0,0,0,0,0,0,0,0,0,0,0,0,0,0,0,0,0,0,0,0,0,0,0,0,0,0,0,0,0,0,0,0,0,0,0,0,0,0,0,0,0,0,0,0,0,0,0,0,0,0,0,0,0,0,0,0,0,0,0,0,0,-351,242,-4,-44,-34,-19,3,27,51,66,70,65,39,6,-24,-51,-72,-70,-52,-22,13,50,72,67,44,15,-25,-63,-80,-80,-57,-16,35,75,97,94,64,10,-50,-97,-121,-112,-71,3,77,130,149,130,71,-24,-117,-181,-199,-157,-72,38,147,233,246,186,74,-57,-189,-284,-304,-232,-93,77,232,337,357,277,118,-85,-278,-402,-418,-329,-149,86,301,440,461,360,156,-88,-320,-467,-494,-395,-184,79,317,482,516,412,196,-85,-339,-496,-532,-428,-198,74,320,481,518,418,198,-72,-318,-473,-498,-386,-177,80,313,452,462,347,143,-93,-293,-410,-416,-304,-108,115,0,394,377,250,53,-161,-323,-388,-344,-203,-4,203,349,388,315,159,-44,-230,-353,-376,-293,-127,77,258,366,368,271,96,-102,-271,-369,-370,-260,-79,115,270,357,347,233,61,-120,-272,-344,-316,-205,-49,117,246,306,279,182,37,-103,-212,-257,-235,-150,-23,102,189,214,177,98,-1,-95,-158,-184,-151,-62,35,107,153,150,105,35,-45,-106,-138,-133,-88,-18,56,111,132,121,74,11,-55,-99,-115,-99,-60,-13,40,83,95,80,48,4,-39,-73,-79,-61,-32,-4,23,47,56,50,26,-4,-23,-36,-42,-25,-4,17,32,40,36,19,-6,-30,-46,-56,-58,816,665
29343,mtk,MTK 7916,2780385365,rx0-tx0,512,0,0,0,0,0,0,0,0,0,0,0,0,0,0,0,0,0,0,0,0,0,0,0,0,0,0,0,0,0,0,0,0,0,0,0,0,0,0,0,0,0,0,0,0,0,0,0,0,0,0,0,0,0,0,0,0,0,0,0,0,0,0,0,0,0,0,0,0,0,0,0,0,0,0,0,0,0,0,0,0,0,0,0,0,0,0,0,0,0,0,0,0,0,0,0,0,0,0,0,0,0,0,0,0,0,0,0,0,0,0,0,0,0,0,0,0,0,0,0,0,0,0,0,0,0,0,0,0,0,0,0,0,0,0,0,0,0,0,0,0,0,0,0,0,0,0,0,0,0,0,0,0,0,0,0,0,0,0,0,0,0,0,0,0,0,0,0,0,0,0,0,0,0,0,0,0,0,0,0,0,0,0,0,0,0,0,0,0,0,0,0,0,0,0,0,0,0,0,0,0,0,0,0,0,0,0,0,0,0,0,0,0,0,0,0,0,0,0,0,0,0,0,0,0,0,0,0,0,0,0,0,0,0,0,0,0,0,0,0,0,0,0,0,0,0,0,0,0,0,0,0,0,0,0,0,0,-273,194,-66,-210,-301,-338,-299,-191,-53,96,233,349,417,440,420,357,261,137,-4,-148,-291,-410,-504,-557,-565,-516,-432,-299,-128,56,251,424,566,663,710,705,643,530,365,171,-37,-250,-447,-607,-723,-792,-795,-752,-661,-508,-333,-133,85,295,489,656,785,866,884,839,737,590,396,169,-69,-308,-535,-724,-869,-960,-981,-939,-831,-660,-449,-204,72,322,561,765,904,997,1017,964,857,684,464,216,-46,-297,-533,-727,-860,-945,-965,-915,-816,-664,-472,-248,-24,197,395,569,704,792,829,818,762,662,531,377,192,9,-173,-345,-501,-631,-720,-774,-782,-741,-670,-559,-410,-231,-37,162,1181,526,673,773,834,839,794,705,568,403,207,-3,-213,-415,-581,-721,-820,-868,-870,-825,-732,-590,-410,-218,-3,226,442,640,796,918,998,1015,966,858,687,471,215,-77,-366,-639,-882,-1071,-1196,-1241,-1194,-1069,-873,-599,-285,51,393,714,989,1189,1316,1357,1296,1144,905,610,271,-92,-450,-771,-1044,-1247,-1359,-1369,-1291,-1120,-862,-553,-207,158,505,814,1068,1241,1328,1319,1219,1031,764,433,79,-282,-622,-919,-1137,-1269,-1307,-1236,-1075,-827,-511,-156,200,542,835,1045,1172,1202,1127,966,727,431,109,-219,-523,-771,-950,-1054,-1072,-993,-820,-570,-266,83,444,763,1003,1118,1058,826,451,80,829,659,0,0,0,0,0,0,0,0,0,0,0,0,0,0,0,0,0,0,0,0,0,0,0,0,0,0,0,0,0,0,0,0,0,0,0,0,0,0,0,0,0,0,0,0,0,0,0,0,0,0,0,0,0,0,0,0,0,0,0,0,0,0,0,0,0,0,0,0,0,0,0,0,0,0,0,0,0,0,0,0,0,0,0,0,0,0,0,0,0,0,0,0,0,0,0,0,0,0,0,0,0,0,0,0,0,0,0,0,0,0,0,0,0,0,0,0,0,0,0,0,0,0,0,0,0,0,0,0,0,0,0,0,0,0,0,0,0,0,0,0,0,0,0,0,0,0,0,0,0,0,0,0,0,0,0,0,0,0,0,0,0,0,0,0,0,0,0,0,0,0,0,0,0,0,0,0,0,0,0,0,0,0,0,0,0,0,0,0,0,0,0,0,0,0,0,0,0,0,0,0,0,0,0,0,0,0,0,0,0,0,0,0,0,0,0,0,0,0,0,0,0,0,0,0,0,0,0,0,0,0,0,0,0,0,0,0,0,0,0,0,0,0,0,0,0,0,0,0,0,0,0,0,0,0,0,0,-1322,-958,-978,-171,-77,67,220,335,393,395,345,250,120,-19,-160,-288,-389,-462,-488,-479,-425,-331,-208,-55,118,281,427,550,623,655,629,543,409,232,38,-163,-355,-526,-657,-738,-766,-735,-644,-503,-330,-129,85,286,479,635,741,816,833,788,692,548,366,155,-74,-299,-512,-696,-833,-912,-928,-890,-786,-622,-424,-186,64,320,557,752,894,985,1011,961,856,677,457,211,-58,-309,-545,-750,-897,-983,-997,-951,-842,-671,-463,-233,20,256,471,656,799,881,901,867,781,657,489,298,98,-101,-293,-464,-601,-706,-768,-783,-765,-700,-602,-465,-301,-125,71,252,418,569,692,775,813,800,-701,647,495,320,123,-92,-291,-481,-638,-755,-833,-858,-839,-764,-646,-491,-301,-96,111,316,510,679,803,882,923,906,839,717,549,346,113,-137,-384,-617,-827,-986,-1098,-1133,-1087,-977,-795,-554,-265,56,373,667,934,1146,1270,1311,1262,1120,898,613,288,-68,-425,-752,-1025,-1227,-1345,-1372,-1297,-1131,-892,-584,-232,133,476,796,1053,1234,1337,1346,1253,1073,812,494,149,-209,-547,-848,-1096,-1257,-1324,-1297,-1169,-952,-656,-321,46,400,718,987,1169,1256,1235,1121,911,631,311,-36,-374,-670,-907,-1064,-1127,-1102,-981,-778,-515,-215,104,418,698,913,1051,1094,1014,809,499,99,-326,-694,-922,-963,-508,-713
29344,mtk,MTK 7916,2780385365,rx0-tx1,512,0,0,0,0,0,0,0,0,0,0,0,0,0,0,0,0,0,0,0,0,0,0,0,0,0,0,0,0,0,0,0,0,0,0,0,0,0,0,0,0,0,0,0,0,0,0,0,0,0,0,0,0,0,0,0,0,0,0,0,0,0,0,0,0,0,0,0,0,0,0,0,0,0,0,0,0,0,0,0,0,0,0,0,0,0,0,0,0,0,0,0,0,0,0,0,0,0,0,0,0,0,0,0,0,0,0,0,0,0,0,0,0,0,0,0,0,0,0,0,0,0,0,0,0,0,0,0,0,0,0,0,0,0,0,0,0,0,0,0,0,0,0,0,0,0,0,0,0,0,0,0,0,0,0,0,0,0,0,0,0,0,0,0,0,0,0,0,0,0,0,0,0,0,0,0,0,0,0,0,0,0,0,0,0,0,0,0,0,0,0,0,0,0,0,0,0,0,0,0,0,0,0,0,0,0,0,0,0,0,0,0,0,0,0,0,0,0,0,0,0,0,0,0,0,0,0,0,0,0,0,0,0,0,0,0,0,0,0,0,0,0,0,0,0,0,0,0,0,0,0,0,0,0,0,0,0,-730,-295,-286,281,256,153,1,-164,-309,-404,-445,-427,-357,-255,-115,39,191,333,446,526,560,544,482,365,215,41,-149,-334,-501,-635,-719,-748,-708,-603,-454,-264,-51,184,404,592,744,841,882,856,762,610,415,191,-57,-311,-538,-735,-889,-983,-1010,-967,-854,-688,-466,-208,68,339,605,826,992,1106,1138,1098,982,802,568,291,-21,-330,-621,-878,-1087,-1228,-1285,-1258,-1146,-962,-709,-396,-54,298,626,931,1180,1345,1424,1399,1282,1091,809,471,98,-280,-653,-976,-1226,-1405,-1486,-1463,-1352,-1147,-854,-507,-129,253,620,950,1209,1380,1465,1457,1359,1160,889,568,206,-160,-523,-836,-1105,-1297,-1403,-1431,-214,-1205,-963,-679,-352,3,353,682,962,1183,1339,1406,1394,1290,1103,851,538,184,-173,-524,-847,-1116,-1322,-1440,-1464,-1397,-1244,-1000,-688,-327,49,427,781,1080,1307,1447,1501,1446,1295,1066,769,423,43,-341,-694,-995,-1234,-1399,-1472,-1440,-1309,-1103,-822,-488,-126,245,590,900,1150,1319,1405,1395,1288,1101,846,533,182,-178,-525,-839,-1089,-1270,-1363,-1361,-1268,-1077,-810,-490,-137,233,578,881,1125,1279,1339,1298,1159,937,630,285,-83,-442,-754,-1008,-1170,-1236,-1198,-1069,-844,-559,-240,94,410,679,883,1007,1042,991,859,656,408,138,-143,-407,-640,-813,-913,-933,-849,-665,-394,-61,295,598,779,805,-224,-266,0,0,0,0,0,0,0,0,0,0,0,0,0,0,0,0,0,0,0,0,0,0,0,0,0,0,0,0,0,0,0,0,0,0,0,0,0,0,0,0,0,0,0,0,0,0,0,0,0,0,0,0,0,0,0,0,0,0,0,0,0,0,0,0,0,0,0,0,0,0,0,0,0,0,0,0,0,0,0,0,0,0,0,0,0,0,0,0,0,0,0,0,0,0,0,0,0,0,0,0,0,0,0,0,0,0,0,0,0,0,0,0,0,0,0,0,0,0,0,0,0,0,0,0,0,0,0,0,0,0,0,0,0,0,0,0,0,0,0,0,0,0,0,0,0,0,0,0,0,0,0,0,0,0,0,0,0,0,0,0,0,0,0,0,0,0,0,0,0,0,0,0,0,0,0,0,0,0,0,0,0,0,0,0,0,0,0,0,0,0,0,0,0,0,0,0,0,0,0,0,0,0,0,0,0,0,0,0,0,0,0,0,0,0,0,0,0,0,0,0,0,0,0,0,0,0,0,0,0,0,0,0,0,0,0,0,0,0,0,0,0,0,0,0,0,0,0,0,0,0,0,0,0,0,0,0,-128,14,95,-60,-199,-325,-388,-375,-292,-159,-4,158,295,401,470,492,467,398,289,147,-15,-183,-348,-485,-585,-644,-649,-593,-478,-322,-133,75,287,480,638,751,810,809,731,603,427,210,-20,-259,-483,-675,-821,-914,-948,-908,-799,-643,-439,-194,71,337,580,783,945,1042,1068,1027,917,733,509,242,-49,-339,-615,-856,-1041,-1167,-1214,-1173,-1058,-872,-627,-334,-14,308,619,897,1130,1287,1356,1331,1220,1030,756,435,77,-296,-638,-960,-1216,-1381,-1455,-1439,-1330,-1117,-839,-497,-114,274,636,969,1230,1403,1484,1468,1357,1155,869,532,166,-208,-576,-903,-1162,-1347,-1436,-1435,-1344,-1169,-927,-612,-270,92,171,761,1034,1235,1370,1414,1370,1244,1035,765,444,96,-252,-596,-895,-1145,-1331,-1423,-1426,-1345,-1176,-935,-628,-273,99,469,810,1103,1320,1452,1494,1442,1286,1042,730,379,-3,-389,-741,-1042,-1279,-1431,-1494,-1451,-1311,-1089,-804,-463,-90,288,640,944,1198,1363,1436,1412,1297,1107,835,512,160,-202,-547,-854,-1107,-1288,-1381,-1379,-1288,-1103,-840,-527,-175,183,532,848,1099,1274,1359,1343,1227,1030,749,413,51,-317,-651,-943,-1159,-1275,-1301,-1216,-1036,-776,-455,-104,247,575,848,1035,1140,1140,1042,867,627,344,40,-258,-526,-736,-877,-946,-939,-850,-687,-456,-184,113,408,666,858,943,886,679,359,43,-192,-126
29345,mtk,MTK 7916,2780385365,rx1-tx0,512,0,0,0,0,0,0,0,0,0,0,0,0,0,0,0,0,0,0,0,0,0,0,0,0,0,0,0,0,0,0,0,0,0,0,0,0,0,0,0,0,0,0,0,0,0,0,0,0,0,0,0,0,0,0,0,0,0,0,0,0,0,0,0,0,0,0,0,0,0,0,0,0,0,0,0,0,0,0,0,0,0,0,0,0,0,0,0,0,0,0,0,0,0,0,0,0,0,0,0,0,0,0,0,0,0,0,0,0,0,0,0,0,0,0,0,0,0,0,0,0,0,0,0,0,0,0,0,0,0,0,0,0,0,0,0,0,0,0,0,0,0,0,0,0,0,0,0,0,0,0,0,0,0,0,0,0,0,0,0,0,0,0,0,0,0,0,0,0,0,0,0,0,0,0,0,0,0,0,0,0,0,0,0,0,0,0,0,0,0,0,0,0,0,0,0,0,0,0,0,0,0,0,0,0,0,0,0,0,0,0,0,0,0,0,0,0,0,0,0,0,0,0,0,0,0,0,0,0,0,0,0,0,0,0,0,0,0,0,0,0,0,0,0,0,0,0,0,0,0,0,0,0,0,0,0,0,146,-831,-969,-16,79,176,239,252,215,142,43,-66,-161,-238,-284,-300,-283,-237,-158,-66,34,133,226,298,331,340,317,253,170,68,-43,-140,-233,-298,-331,-344,-319,-269,-197,-110,-17,75,156,216,258,272,268,249,220,160,93,38,-15,-59,-105,-147,-167,-175,-172,-163,-144,-127,-106,-74,-50,-20,1,24,45,77,97,123,158,176,185,187,188,190,151,95,42,-24,-101,-172,-247,-304,-339,-358,-354,-313,-244,-150,-39,83,202,311,404,461,485,471,423,333,214,83,-56,-203,-321,-420,-489,-524,-522,-481,-394,-280,-155,-11,142,273,387,475,528,539,509,451,352,220,81,-56,93,-322,-428,-500,-540,-533,-481,-398,-286,-154,-6,131,256,369,443,487,501,472,408,314,199,78,-52,-171,-267,-358,-419,-440,-430,-387,-322,-239,-142,-29,81,173,259,326,364,369,351,311,251,171,85,-3,-94,-165,-229,-268,-288,-293,-272,-230,-175,-116,-50,19,79,138,178,205,215,208,195,166,125,78,35,-12,-55,-88,-116,-138,-144,-148,-141,-122,-106,-82,-58,-27,4,35,65,94,119,133,138,138,127,103,68,30,-12,-57,-101,-136,-157,-167,-159,-134,-96,-47,-2,49,92,121,142,150,137,113,73,36,-1,-49,-83,-108,-125,-119,-100,-62,-18,22,54,67,-126,-395,0,0,0,0,0,0,0,0,0,0,0,0,0,0,0,0,0,0,0,0,0,0,0,0,0,0,0,0,0,0,0,0,0,0,0,0,0,0,0,0,0,0,0,0,0,0,0,0,0,0,0,0,0,0,0,0,0,0,0,0,0,0,0,0,0,0,0,0,0,0,0,0,0,0,0,0,0,0,0,0,0,0,0,0,0,0,0,0,0,0,0,0,0,0,0,0,0,0,0,0,0,0,0,0,0,0,0,0,0,0,0,0,0,0,0,0,0,0,0,0,0,0,0,0,0,0,0,0,0,0,0,0,0,0,0,0,0,0,0,0,0,0,0,0,0,0,0,0,0,0,0,0,0,0,0,0,0,0,0,0,0,0,0,0,0,0,0,0,0,0,0,0,0,0,0,0,0,0,0,0,0,0,0,0,0,0,0,0,0,0,0,0,0,0,0,0,0,0,0,0,0,0,0,0,0,0,0,0,0,0,0,0,0,0,0,0,0,0,0,0,0,0,0,0,0,0,0,0,0,0,0,0,0,0,0,0,0,0,0,0,0,0,0,0,0,0,0,0,0,0,0,0,0,0,0,0,206,-651,-402,180,194,148,57,-55,-157,-232,-275,-278,-242,-178,-86,16,113,204,274,309,318,294,244,161,65,-37,-146,-242,-306,-345,-348,-319,-269,-183,-88,13,113,194,261,302,316,297,253,197,129,53,-19,-84,-148,-197,-217,-226,-217,-197,-170,-128,-84,-44,-8,33,61,86,111,124,131,136,138,137,138,123,110,107,81,39,-3,-39,-74,-133,-192,-228,-252,-271,-268,-244,-203,-130,-52,39,140,243,324,381,415,429,403,344,243,120,-11,-138,-264,-376,-455,-499,-516,-480,-410,-312,-185,-44,99,240,364,451,510,537,521,461,373,255,116,-31,-177,-304,-419,-493,-521,-525,-1894,-429,-323,-200,-57,101,240,357,444,502,524,499,446,354,236,117,-20,-156,-274,-367,-432,-466,-465,-418,-361,-287,-176,-55,65,177,264,338,391,407,387,346,285,204,105,9,-84,-168,-238,-295,-319,-331,-311,-269,-215,-140,-71,13,94,162,211,241,256,252,228,195,146,97,37,-18,-68,-118,-148,-169,-175,-172,-155,-131,-108,-73,-35,-2,31,51,73,98,117,132,135,130,118,97,67,37,0,-32,-75,-114,-138,-153,-160,-148,-126,-89,-46,0,48,91,130,145,156,149,121,89,46,0,-46,-86,-117,-127,-138,-127,-96,-64,-18,21,62,93,101,96,72,44,-1055,-977
29346,mtk,MTK 7916,2780385365,rx1-tx1,512,0,0,0,0,0,0,0,0,0,0,0,0,0,0,0,0,0,0,0,0,0,0,0,0,0,0,0,0,0,0,0,0,0,0,0,0,0,0,0,0,0,0,0,0,0,0,0,0,0,0,0,0,0,0,0,0,0,0,0,0,0,0,0,0,0,0,0,0,0,0,0,0,0,0,0,0,0,0,0,0,0,0,0,0,0,0,0,0,0,0,0,0,0,0,0,0,0,0,0,0,0,0,0,0,0,0,0,0,0,0,0,0,0,0,0,0,0,0,0,0,0,0,0,0,0,0,0,0,0,0,0,0,0,0,0,0,0,0,0,0,0,0,0,0,0,0,0,0,0,0,0,0,0,0,0,0,0,0,0,0,0,0,0,0,0,0,0,0,0,0,0,0,0,0,0,0,0,0,0,0,0,0,0,0,0,0,0,0,0,0,0,0,0,0,0,0,0,0,0,0,0,0,0,0,0,0,0,0,0,0,0,0,0,0,0,0,0,0,0,0,0,0,0,0,0,0,0,0,0,0,0,0,0,0,0,0,0,0,0,0,0,0,0,0,0,0,0,0,0,0,0,0,0,0,0,0,-411,-908,-735,11,6,5,3,-3,-5,-7,-12,-18,-19,-20,-17,-7,3,9,18,24,23,20,12,1,-10,-19,-27,-30,-27,-14,4,15,25,33,30,18,8,-2,-19,-32,-32,-29,-17,1,18,33,38,25,10,-6,-22,-32,-38,-30,-13,7,25,37,37,26,12,-10,-30,-37,-36,-23,-5,19,45,52,40,21,0,-28,-56,-67,-57,-31,7,47,76,84,68,35,-5,-48,-84,-102,-90,-52,-1,54,98,115,106,62,3,-56,-105,-137,-131,-85,-15,62,126,158,158,115,37,-48,-116,-162,-173,-139,-63,26,114,176,196,165,91,-5,-104,-180,-216,-195,-130,-32,0,156,217,221,169,82,-26,-129,-203,-226,-196,-125,-24,86,167,208,200,146,63,-25,-105,-159,-175,-151,-96,-29,41,98,129,134,116,76,21,-31,-73,-96,-98,-84,-65,-34,2,35,62,77,81,76,60,29,-16,-60,-94,-115,-112,-87,-38,23,81,124,145,134,90,19,-64,-135,-171,-166,-124,-52,42,129,189,210,183,101,-11,-121,-205,-246,-230,-158,-45,83,201,279,280,216,108,-21,-158,-260,-304,-277,-185,-53,89,214,287,299,247,135,-7,-138,-235,-279,-259,-187,-73,59,173,247,262,215,126,11,-109,-207,-259,-260,-208,-115,-3,105,192,249,267,244,-1004,-1041,0,0,0,0,0,0,0,0,0,0,0,0,0,0,0,0,0,0,0,0,0,0,0,0,0,0,0,0,0,0,0,0,0,0,0,0,0,0,0,0,0,0,0,0,0,0,0,0,0,0,0,0,0,0,0,0,0,0,0,0,0,0,0,0,0,0,0,0,0,0,0,0,0,0,0,0,0,0,0,0,0,0,0,0,0,0,0,0,0,0,0,0,0,0,0,0,0,0,0,0,0,0,0,0,0,0,0,0,0,0,0,0,0,0,0,0,0,0,0,0,0,0,0,0,0,0,0,0,0,0,0,0,0,0,0,0,0,0,0,0,0,0,0,0,0,0,0,0,0,0,0,0,0,0,0,0,0,0,0,0,0,0,0,0,0,0,0,0,0,0,0,0,0,0,0,0,0,0,0,0,0,0,0,0,0,0,0,0,0,0,0,0,0,0,0,0,0,0,0,0,0,0,0,0,0,0,0,0,0,0,0,0,0,0,0,0,0,0,0,0,0,0,0,0,0,0,0,0,0,0,0,0,0,0,0,0,0,0,0,0,0,0,0,0,0,0,0,0,0,0,0,0,0,0,0,0,-92,550,782,10,6,8,11,11,13,15,7,0,-3,-10,-18,-20,-19,-18,-13,-8,2,11,17,22,21,14,5,-10,-22,-34,-36,-29,-11,-2,17,29,33,31,24,6,-10,-23,-32,-32,-30,-19,2,22,30,34,29,14,-2,-20,-36,-40,-32,-15,5,30,43,37,26,9,-13,-34,-43,-41,-29,-2,30,52,60,47,24,-8,-40,-68,-77,-61,-34,4,44,75,86,81,44,-8,-53,-87,-102,-90,-53,0,57,102,127,115,75,11,-64,-123,-149,-145,-104,-29,55,128,167,167,127,51,-44,-128,-182,-190,-147,-77,13,111,188,212,188,120,19,-89,-175,-219,0,-144,-55,56,155,217,226,182,100,-7,-109,-183,-215,-196,-131,-43,53,134,186,190,150,83,2,-70,-127,-158,-154,-115,-53,16,69,101,113,105,79,42,-1,-34,-62,-79,-84,-78,-62,-33,3,40,72,91,94,81,54,12,-38,-88,-123,-131,-111,-62,3,73,132,160,149,105,35,-55,-138,-190,-194,-150,-74,25,122,194,226,204,130,19,-103,-202,-257,-248,-184,-74,56,180,264,292,248,145,11,-128,-244,-303,-295,-221,-98,48,176,263,296,259,166,40,-90,-204,-264,-260,-201,-101,26,145,225,258,235,158,52,-63,-169,-247,-282,-264,-199,-107,-16,79,-263,16
29347,mtk,MTK 7916,2780385365,rx2-tx0,512,0,0,0,0,0,0,0,0,0,0,0,0,0,0,0,0,0,0,0,0,0,0,0,0,0,0,0,0,0,0,0,0,0,0,0,0,0,0,0,0,0,0,0,0,0,0,0,0,0,0,0,0,0,0,0,0,0,0,0,0,0,0,0,0,0,0,0,0,0,0,0,0,0,0,0,0,0,0,0,0,0,0,0,0,0,0,0,0,0,0,0,0,0,0,0,0,0,0,0,0,0,0,0,0,0,0,0,0,0,0,0,0,0,0,0,0,0,0,0,0,0,0,0,0,0,0,0,0,0,0,0,0,0,0,0,0,0,0,0,0,0,0,0,0,0,0,0,0,0,0,0,0,0,0,0,0,0,0,0,0,0,0,0,0,0,0,0,0,0,0,0,0,0,0,0,0,0,0,0,0,0,0,0,0,0,0,0,0,0,0,0,0,0,0,0,0,0,0,0,0,0,0,0,0,0,0,0,0,0,0,0,0,0,0,0,0,0,0,0,0,0,0,0,0,0,0,0,0,0,0,0,0,0,0,0,0,0,0,0,0,0,0,0,0,0,0,0,0,0,0,0,0,0,0,0,0,-136,790,973,-5,-24,-43,-63,-80,-87,-82,-64,-31,7,46,81,107,115,98,61,10,-51,-106,-142,-154,-135,-81,-9,71,144,193,202,166,95,1,-108,-202,-253,-249,-190,-88,42,168,259,298,271,182,41,-113,-243,-315,-319,-251,-122,45,204,313,350,308,186,14,-167,-308,-375,-350,-242,-71,123,289,385,384,286,115,-89,-275,-398,-421,-338,-168,52,265,410,456,387,218,-9,-240,-410,-480,-437,-287,-57,186,382,487,480,356,142,-110,-334,-469,-493,-403,-215,29,267,430,476,407,246,29,-197,-370,-445,-403,-265,-67,144,317,408,395,281,95,-111,-287,-385,-381,-282,-113,0,249,364,382,303,153,-35,-218,-348,-392,-340,-197,-11,168,317,392,367,252,81,-114,-278,-373,-382,-303,-156,31,217,352,405,368,245,63,-126,-287,-391,-407,-332,-185,1,190,339,415,401,298,125,-74,-256,-380,-424,-376,-244,-64,132,302,403,414,336,186,-6,-195,-339,-408,-383,-273,-106,84,254,363,386,321,184,4,-171,-305,-367,-343,-236,-80,94,247,337,338,264,129,-41,-204,-309,-340,-290,-173,-16,147,272,336,325,233,87,-76,-224,-322,-346,-290,-167,-10,147,271,336,329,250,119,-41,-192,-299,-345,-324,-234,-104,43,185,299,358,355,297,210,106,-23,-25,283,0,0,0,0,0,0,0,0,0,0,0,0,0,0,0,0,0,0,0,0,0,0,0,0,0,0,0,0,0,0,0,0,0,0,0,0,0,0,0,0,0,0,0,0,0,0,0,0,0,0,0,0,0,0,0,0,0,0,0,0,0,0,0,0,0,0,0,0,0,0,0,0,0,0,0,0,0,0,0,0,0,0,0,0,0,0,0,0,0,0,0,0,0,0,0,0,0,0,0,0,0,0,0,0,0,0,0,0,0,0,0,0,0,0,0,0,0,0,0,0,0,0,0,0,0,0,0,0,0,0,0,0,0,0,0,0,0,0,0,0,0,0,0,0,0,0,0,0,0,0,0,0,0,0,0,0,0,0,0,0,0,0,0,0,0,0,0,0,0,0,0,0,0,0,0,0,0,0,0,0,0,0,0,0,0,0,0,0,0,0,0,0,0,0,0,0,0,0,0,0,0,0,0,0,0,0,0,0,0,0,0,0,0,0,0,0,0,0,0,0,0,0,0,0,0,0,0,0,0,0,0,0,0,0,0,0,0,0,0,0,0,0,0,0,0,0,0,0,0,0,0,0,0,0,0,0,1335,780,529,60,62,60,48,26,-4,-38,-70,-93,-103,-94,-68,-26,19,64,107,133,128,95,39,-25,-92,-149,-178,-169,-126,-51,42,130,197,227,209,144,43,-76,-185,-259,-277,-234,-139,-3,143,255,312,303,224,86,-73,-218,-320,-348,-286,-154,14,183,310,367,332,209,34,-144,-291,-373,-367,-264,-85,118,288,392,402,309,136,-76,-272,-405,-436,-359,-187,37,256,414,471,410,249,22,-217,-405,-498,-471,-326,-96,153,361,486,491,378,173,-71,-297,-449,-489,-407,-227,4,227,390,457,412,264,54,-166,-343,-428,-402,-274,-82,129,302,398,394,286,107,-92,-265,-372,0,-308,-137,63,238,359,389,320,173,-11,-197,-339,-394,-348,-221,-43,149,299,383,377,280,115,-76,-250,-366,-400,-343,-206,-23,172,329,407,392,290,123,-68,-247,-377,-422,-366,-238,-58,140,309,407,418,340,182,-14,-201,-344,-416,-400,-299,-129,69,253,381,422,369,236,56,-136,-297,-387,-390,-304,-149,37,209,333,378,335,212,42,-137,-276,-348,-338,-252,-106,69,225,326,344,278,149,-8,-170,-294,-346,-314,-206,-52,111,252,336,336,262,129,-36,-193,-302,-344,-311,-212,-66,98,240,327,342,287,176,28,-127,-257,-341,-355,-304,-203,-73,68,190,274,312,312,1143,1097
29348,mtk,MTK 7916,2780385365,rx2-tx1,512,0,0,0,0,0,0,0,0,0,0,0,0,0,0,0,0,0,0,0,0,0,0,0,0,0,0,0,0,0,0,0,0,0,0,0,0,0,0,0,0,0,0,0,0,0,0,0,0,0,0,0,0,0,0,0,0,0,0,0,0,0,0,0,0,0,0,0,0,0,0,0,0,0,0,0,0,0,0,0,0,0,0,0,0,0,0,0,0,0,0,0,0,0,0,0,0,0,0,0,0,0,0,0,0,0,0,0,0,0,0,0,0,0,0,0,0,0,0,0,0,0,0,0,0,0,0,0,0,0,0,0,0,0,0,0,0,0,0,0,0,0,0,0,0,0,0,0,0,0,0,0,0,0,0,0,0,0,0,0,0,0,0,0,0,0,0,0,0,0,0,0,0,0,0,0,0,0,0,0,0,0,0,0,0,0,0,0,0,0,0,0,0,0,0,0,0,0,0,0,0,0,0,0,0,0,0,0,0,0,0,0,0,0,0,0,0,0,0,0,0,0,0,0,0,0,0,0,0,0,0,0,0,0,0,0,0,0,0,0,0,0,0,0,0,0,0,0,0,0,0,0,0,0,0,0,0,236,901,928,-7,-32,-53,-67,-76,-72,-56,-30,-2,27,56,71,67,56,30,-9,-51,-71,-72,-60,-31,8,43,70,78,62,25,-23,-63,-91,-101,-85,-39,20,76,119,128,103,53,-16,-92,-151,-169,-141,-72,20,117,185,211,178,97,-19,-133,-214,-249,-228,-137,-2,143,254,305,281,180,33,-136,-280,-354,-347,-254,-82,116,291,403,416,321,139,-81,-287,-427,-462,-380,-203,32,263,433,498,442,271,28,-217,-407,-507,-479,-328,-93,160,377,501,501,379,157,-111,-333,-462,-482,-388,-195,45,267,419,459,384,220,3,-207,-361,-417,-360,-213,-19,176,314,363,315,187,0,-159,-287,-330,-279,-157,5,163,283,314,249,123,-34,-185,-283,-304,-238,-109,50,196,297,314,241,106,-54,-205,-304,-325,-257,-129,31,189,297,328,274,149,-12,-170,-279,-317,-277,-164,-12,129,240,289,264,168,27,-106,-205,-254,-234,-152,-37,78,167,206,192,125,27,-74,-148,-177,-157,-102,-13,75,136,160,143,84,-1,-74,-121,-140,-122,-65,2,67,112,133,122,73,3,-58,-98,-114,-103,-66,-15,44,84,99,89,60,13,-32,-70,-86,-79,-51,-15,23,60,75,70,48,16,-26,-57,-67,-63,-42,-7,31,61,78,80,65,35,-8,-51,-79,-94,-97,449,648,0,0,0,0,0,0,0,0,0,0,0,0,0,0,0,0,0,0,0,0,0,0,0,0,0,0,0,0,0,0,0,0,0,0,0,0,0,0,0,0,0,0,0,0,0,0,0,0,0,0,0,0,0,0,0,0,0,0,0,0,0,0,0,0,0,0,0,0,0,0,0,0,0,0,0,0,0,0,0,0,0,0,0,0,0,0,0,0,0,0,0,0,0,0,0,0,0,0,0,0,0,0,0,0,0,0,0,0,0,0,0,0,0,0,0,0,0,0,0,0,0,0,0,0,0,0,0,0,0,0,0,0,0,0,0,0,0,0,0,0,0,0,0,0,0,0,0,0,0,0,0,0,0,0,0,0,0,0,0,0,0,0,0,0,0,0,0,0,0,0,0,0,0,0,0,0,0,0,0,0,0,0,0,0,0,0,0,0,0,0,0,0,0,0,0,0,0,0,0,0,0,0,0,0,0,0,0,0,0,0,0,0,0,0,0,0,0,0,0,0,0,0,0,0,0,0,0,0,0,0,0,0,0,0,0,0,0,0,0,0,0,0,0,0,0,0,0,0,0,0,0,0,0,0,0,0,-351,242,-4,56,56,52,36,9,-22,-49,-68,-77,-71,-47,-18,15,42,62,69,56,27,-5,-40,-69,-77,-59,-27,11,52,81,85,75,39,-20,-69,-100,-115,-96,-43,24,86,133,148,123,61,-17,-96,-159,-184,-153,-83,14,120,199,228,198,111,-14,-138,-238,-279,-256,-164,-20,137,260,331,320,217,52,-128,-284,-381,-386,-284,-110,94,286,417,444,361,184,-52,-279,-432,-478,-405,-230,3,238,423,507,464,301,60,-197,-400,-508,-492,-347,-121,133,350,476,483,371,169,-74,-292,-440,-478,-394,-210,14,233,387,439,372,222,17,-192,-338,-386,-330,-194,-14,163,293,0,291,170,0,-164,-278,-320,-270,-142,18,166,277,304,244,117,-41,-184,-283,-303,-239,-105,56,202,301,321,255,118,-55,-207,-305,-333,-274,-139,24,177,287,329,281,157,1,-147,-263,-311,-272,-161,-19,117,222,277,254,167,44,-89,-189,-232,-216,-146,-37,74,158,190,174,115,30,-63,-133,-162,-149,-95,-9,73,129,153,131,79,8,-62,-123,-147,-125,-74,-6,59,110,129,114,67,4,-48,-88,-113,-101,-60,-11,35,72,92,90,61,17,-27,-65,-89,-83,-49,-6,30,57,70,64,37,1,-35,-62,-77,-71,-47,-13,28,66,93,103,90,64,34,-5,816,665
29349,mtk,MTK 7916,2780424888,rx0-tx0,512,0,0,0,0,0,0,0,0,0,0,0,0,0,0,0,0,0,0,0,0,0,0,0,0,0,0,0,0,0,0,0,0,0,0,0,0,0,0,0,0,0,0,0,0,0,0,0,0,0,0,0,0,0,0,0,0,0,0,0,0,0,0,0,0,0,0,0,0,0,0,0,0,0,0,0,0,0,0,0,0,0,0,0,0,0,0,0,0,0,0,0,0,0,0,0,0,0,0,0,0,0,0,0,0,0,0,0,0,0,0,0,0,0,0,0,0,0,0,0,0,0,0,0,0,0,0,0,0,0,0,0,0,0,0,0,0,0,0,0,0,0,0,0,0,0,0,0,0,0,0,0,0,0,0,0,0,0,0,0,0,0,0,0,0,0,0,0,0,0,0,0,0,0,0,0,0,0,0,0,0,0,0,0,0,0,0,0,0,0,0,0,0,0,0,0,0,0,0,0,0,0,0,0,0,0,0,0,0,0,0,0,0,0,0,0,0,0,0,0,0,0,0,0,0,0,0,0,0,0,0,0,0,0,0,0,0,0,0,0,0,0,0,0,0,0,0,0,0,0,0,0,0,0,0,0,0,-273,194,-66,-68,51,191,306,368,372,322,237,117,-10,-133,-246,-344,-414,-453,-457,-421,-349,-252,-131,10,159,299,419,520,582,615,592,519,408,260,94,-89,-267,-428,-561,-664,-719,-719,-673,-592,-477,-318,-136,51,236,403,551,669,749,787,786,739,637,502,338,137,-83,-282,-472,-655,-794,-890,-931,-915,-833,-709,-540,-330,-88,151,382,590,774,914,993,1013,953,849,701,500,270,24,-219,-442,-638,-792,-905,-954,-944,-890,-771,-609,-422,-223,-7,197,383,548,669,749,795,796,749,671,567,440,291,136,-24,-177,-325,-457,-569,-656,-707,-730,-711,-670,-594,-487,-355,-189,-24,151,1181,486,621,723,793,827,803,739,639,498,324,136,-53,-252,-434,-588,-719,-816,-860,-870,-838,-765,-648,-499,-322,-120,84,302,505,692,846,964,1030,1040,999,893,746,530,273,6,-280,-565,-815,-1025,-1177,-1258,-1269,-1195,-1048,-832,-572,-262,71,404,718,983,1190,1326,1373,1331,1217,1025,755,448,117,-230,-554,-847,-1093,-1260,-1343,-1346,-1272,-1121,-889,-598,-275,55,386,699,963,1163,1295,1332,1284,1156,956,684,353,11,-335,-650,-920,-1128,-1256,-1285,-1218,-1070,-849,-565,-247,91,415,698,926,1080,1155,1136,1035,853,608,328,18,-293,-590,-847,-1033,-1130,-1117,-989,-732,-373,58,474,792,937,829,659,0,0,0,0,0,0,0,0,0,0,0,0,0,0,0,0,0,0,0,0,0,0,0,0,0,0,0,0,0,0,0,0,0,0,0,0,0,0,0,0,0,0,0,0,0,0,0,0,0,0,0,0,0,0,0,0,0,0,0,0,0,0,0,0,0,0,0,0,0,0,0,0,0,0,0,0,0,0,0,0,0,0,0,0,0,0,0,0,0,0,0,0,0,0,0,0,0,0,0,0,0,0,0,0,0,0,0,0,0,0,0,0,0,0,0,0,0,0,0,0,0,0,0,0,0,0,0,0,0,0,0,0,0,0,0,0,0,0,0,0,0,0,0,0,0,0,0,0,0,0,0,0,0,0,0,0,0,0,0,0,0,0,0,0,0,0,0,0,0,0,0,0,0,0,0,0,0,0,0,0,0,0,0,0,0,0,0,0,0,0,0,0,0,0,0,0,0,0,0,0,0,0,0,0,0,0,0,0,0,0,0,0,0,0,0,0,0,0,0,0,0,0,0,0,0,0,0,0,0,0,0,0,0,0,0,0,0,0,0,0,0,0,0,0,0,0,0,0,0,0,0,0,0,0,0,0,-1322,-958,-978,258,300,275,184,53,-90,-218,-322,-391,-413,-398,-348,-267,-159,-38,90,221,335,427,496,524,517,466,381,262,116,-45,-220,-374,-507,-607,-666,-677,-640,-554,-427,-273,-93,93,273,438,576,678,735,753,725,648,536,386,213,29,-160,-351,-526,-665,-778,-851,-858,-818,-746,-618,-444,-238,-12,223,439,630,793,916,981,978,911,791,626,417,185,-64,-313,-525,-721,-874,-962,-994,-964,-877,-738,-559,-350,-112,116,338,534,688,795,866,888,845,766,647,495,329,150,-39,-213,-369,-503,-611,-687,-727,-735,-706,-650,-561,-451,-320,-174,-14,146,299,450,572,679,748,775,777,-701,631,500,350,180,-14,-210,-385,-545,-680,-782,-836,-854,-825,-741,-622,-480,-303,-115,77,275,457,619,749,854,914,934,903,818,696,530,331,99,-144,-391,-618,-826,-1003,-1111,-1168,-1162,-1074,-914,-696,-432,-135,181,493,780,1012,1191,1305,1335,1286,1153,942,668,354,14,-321,-635,-926,-1149,-1289,-1368,-1360,-1262,-1091,-845,-537,-204,134,462,762,1023,1210,1317,1343,1291,1148,932,662,343,-4,-338,-652,-923,-1141,-1274,-1314,-1270,-1134,-927,-652,-328,22,358,666,923,1107,1209,1218,1133,966,736,453,140,-181,-483,-740,-937,-1063,-1113,-1074,-947,-730,-444,-106,248,603,904,1106,1151,1010,709,357,-508,-713
29350,mtk,MTK 7916,2780424888,rx0-tx1,512,0,0,0,0,0,0,0,0,0,0,0,0,0,0,0,0,0,0,0,0,0,0,0,0,0,0,0,0,0,0,0,0,0,0,0,0,0,0,0,0,0,0,0,0,0,0,0,0,0,0,0,0,0,0,0,0,0,0,0,0,0,0,0,0,0,0,0,0,0,0,0,0,0,0,0,0,0,0,0,0,0,0,0,0,0,0,0,0,0,0,0,0,0,0,0,0,0,0,0,0,0,0,0,0,0,0,0,0,0,0,0,0,0,0,0,0,0,0,0,0,0,0,0,0,0,0,0,0,0,0,0,0,0,0,0,0,0,0,0,0,0,0,0,0,0,0,0,0,0,0,0,0,0,0,0,0,0,0,0,0,0,0,0,0,0,0,0,0,0,0,0,0,0,0,0,0,0,0,0,0,0,0,0,0,0,0,0,0,0,0,0,0,0,0,0,0,0,0,0,0,0,0,0,0,0,0,0,0,0,0,0,0,0,0,0,0,0,0,0,0,0,0,0,0,0,0,0,0,0,0,0,0,0,0,0,0,0,0,0,0,0,0,0,0,0,0,0,0,0,0,0,0,0,0,0,0,-730,-295,-286,-129,-245,-326,-342,-292,-194,-60,83,213,322,404,445,446,411,335,228,102,-41,-193,-336,-454,-550,-601,-606,-571,-485,-359,-198,-16,183,368,525,654,748,791,766,698,579,414,220,5,-214,-428,-616,-772,-893,-945,-934,-874,-757,-583,-372,-129,127,371,609,812,965,1057,1091,1061,960,804,590,347,82,-203,-482,-736,-953,-1102,-1197,-1218,-1169,-1056,-877,-644,-366,-65,248,555,827,1054,1219,1317,1338,1279,1146,932,673,366,29,-308,-629,-915,-1160,-1323,-1405,-1410,-1333,-1176,-955,-667,-333,9,355,686,971,1196,1353,1419,1409,1323,1154,921,633,310,-32,-361,-674,-938,-1158,-1303,-1376,-1380,-214,-1138,-915,-660,-359,-37,279,586,860,1083,1249,1344,1373,1322,1197,1004,756,463,146,-183,-510,-809,-1059,-1256,-1381,-1426,-1398,-1279,-1084,-823,-517,-180,168,510,816,1073,1281,1400,1436,1394,1278,1084,823,514,182,-156,-487,-795,-1048,-1236,-1354,-1394,-1358,-1242,-1052,-798,-502,-181,153,467,758,1012,1194,1306,1349,1316,1208,1018,766,464,139,-187,-508,-803,-1049,-1223,-1321,-1337,-1268,-1115,-894,-610,-281,69,406,715,975,1171,1282,1301,1228,1063,828,537,205,-137,-458,-741,-958,-1099,-1157,-1123,-1000,-807,-557,-278,8,285,535,731,865,933,938,863,720,517,268,-9,-290,-552,-772,-902,-904,-766,-511,-229,-224,-266,0,0,0,0,0,0,0,0,0,0,0,0,0,0,0,0,0,0,0,0,0,0,0,0,0,0,0,0,0,0,0,0,0,0,0,0,0,0,0,0,0,0,0,0,0,0,0,0,0,0,0,0,0,0,0,0,0,0,0,0,0,0,0,0,0,0,0,0,0,0,0,0,0,0,0,0,0,0,0,0,0,0,0,0,0,0,0,0,0,0,0,0,0,0,0,0,0,0,0,0,0,0,0,0,0,0,0,0,0,0,0,0,0,0,0,0,0,0,0,0,0,0,0,0,0,0,0,0,0,0,0,0,0,0,0,0,0,0,0,0,0,0,0,0,0,0,0,0,0,0,0,0,0,0,0,0,0,0,0,0,0,0,0,0,0,0,0,0,0,0,0,0,0,0,0,0,0,0,0,0,0,0,0,0,0,0,0,0,0,0,0,0,0,0,0,0,0,0,0,0,0,0,0,0,0,0,0,0,0,0,0,0,0,0,0,0,0,0,0,0,0,0,0,0,0,0,0,0,0,0,0,0,0,0,0,0,0,0,0,0,0,0,0,0,0,0,0,0,0,0,0,0,0,0,0,0,-128,14,95,-230,-168,-49,96,231,339,399,401,356,278,169,37,-97,-228,-350,-440,-500,-522,-502,-439,-338,-207,-47,113,278,435,565,659,704,699,631,526,381,202,-8,-218,-412,-588,-727,-823,-868,-854,-780,-650,-486,-282,-43,190,417,630,804,935,1010,1018,969,860,694,473,222,-38,-310,-565,-793,-970,-1084,-1145,-1144,-1068,-933,-732,-487,-212,82,381,659,902,1094,1216,1277,1271,1181,1016,790,516,210,-116,-437,-742,-1003,-1200,-1343,-1392,-1360,-1244,-1067,-819,-511,-183,159,496,806,1068,1277,1394,1424,1387,1263,1062,799,482,137,-200,-534,-833,-1083,-1266,-1378,-1404,-1354,-1227,-1031,-784,-482,-165,166,171,773,1011,1195,1325,1370,1341,1240,1067,836,562,255,-62,-387,-685,-946,-1159,-1308,-1382,-1385,-1309,-1156,-937,-663,-343,-5,333,664,950,1187,1351,1439,1440,1352,1185,964,682,351,9,-335,-656,-944,-1172,-1333,-1414,-1410,-1333,-1177,-950,-671,-355,-22,311,626,903,1126,1282,1368,1364,1280,1133,915,638,334,11,-315,-621,-897,-1115,-1266,-1338,-1332,-1246,-1084,-846,-555,-229,109,439,743,1000,1195,1309,1330,1266,1116,893,601,270,-74,-419,-721,-970,-1148,-1241,-1234,-1137,-957,-709,-420,-103,218,509,750,925,1016,1034,974,844,649,416,162,-102,-360,-585,-761,-876,-917,-874,-742,-522,-220,122,435,664,753,-192,-126
29351,mtk,MTK 7916,2780424888,rx1-tx0,512,0,0,0,0,0,0,0,0,0,0,0,0,0,0,0,0,0,0,0,0,0,0,0,0,0,0,0,0,0,0,0,0,0,0,0,0,0,0,0,0,0,0,0,0,0,0,0,0,0,0,0,0,0,0,0,0,0,0,0,0,0,0,0,0,0,0,0,0,0,0,0,0,0,0,0,0,0,0,0,0,0,0,0,0,0,0,0,0,0,0,0,0,0,0,0,0,0,0,0,0,0,0,0,0,0,0,0,0,0,0,0,0,0,0,0,0,0,0,0,0,0,0,0,0,0,0,0,0,0,0,0,0,0,0,0,0,0,0,0,0,0,0,0,0,0,0,0,0,0,0,0,0,0,0,0,0,0,0,0,0,0,0,0,0,0,0,0,0,0,0,0,0,0,0,0,0,0,0,0,0,0,0,0,0,0,0,0,0,0,0,0,0,0,0,0,0,0,0,0,0,0,0,0,0,0,0,0,0,0,0,0,0,0,0,0,0,0,0,0,0,0,0,0,0,0,0,0,0,0,0,0,0,0,0,0,0,0,0,0,0,0,0,0,0,0,0,0,0,0,0,0,0,0,0,0,0,146,-831,-969,160,156,107,26,-67,-150,-213,-241,-231,-197,-146,-76,-2,81,159,214,261,274,259,229,174,106,30,-48,-133,-201,-250,-281,-290,-271,-234,-177,-107,-34,35,109,171,202,228,243,231,214,173,129,94,53,1,-42,-86,-123,-141,-161,-180,-186,-182,-168,-159,-145,-119,-82,-41,3,42,80,126,165,197,231,253,253,245,229,193,139,75,1,-80,-165,-245,-314,-371,-397,-399,-383,-330,-249,-156,-40,82,198,318,409,470,511,515,483,413,311,182,49,-86,-226,-349,-450,-510,-537,-539,-503,-434,-330,-204,-69,66,203,325,426,499,530,524,492,433,349,225,96,-33,93,-289,-390,-455,-494,-506,-482,-426,-343,-237,-114,14,139,250,338,401,445,458,429,386,315,228,133,27,-80,-181,-250,-312,-359,-371,-357,-333,-282,-214,-134,-51,28,111,176,224,259,280,284,273,247,205,152,91,25,-37,-93,-139,-184,-205,-212,-212,-201,-179,-149,-115,-68,-18,29,70,97,124,147,153,161,151,140,126,95,64,33,1,-31,-66,-105,-133,-145,-158,-163,-161,-145,-110,-77,-32,18,66,115,154,180,184,181,158,119,83,28,-30,-79,-116,-145,-163,-166,-154,-124,-89,-40,7,49,85,111,126,126,115,93,56,25,-11,-49,-76,-91,-91,-70,-52,-126,-395,0,0,0,0,0,0,0,0,0,0,0,0,0,0,0,0,0,0,0,0,0,0,0,0,0,0,0,0,0,0,0,0,0,0,0,0,0,0,0,0,0,0,0,0,0,0,0,0,0,0,0,0,0,0,0,0,0,0,0,0,0,0,0,0,0,0,0,0,0,0,0,0,0,0,0,0,0,0,0,0,0,0,0,0,0,0,0,0,0,0,0,0,0,0,0,0,0,0,0,0,0,0,0,0,0,0,0,0,0,0,0,0,0,0,0,0,0,0,0,0,0,0,0,0,0,0,0,0,0,0,0,0,0,0,0,0,0,0,0,0,0,0,0,0,0,0,0,0,0,0,0,0,0,0,0,0,0,0,0,0,0,0,0,0,0,0,0,0,0,0,0,0,0,0,0,0,0,0,0,0,0,0,0,0,0,0,0,0,0,0,0,0,0,0,0,0,0,0,0,0,0,0,0,0,0,0,0,0,0,0,0,0,0,0,0,0,0,0,0,0,0,0,0,0,0,0,0,0,0,0,0,0,0,0,0,0,0,0,0,0,0,0,0,0,0,0,0,0,0,0,0,0,0,0,0,0,206,-651,-402,-10,-95,-172,-216,-215,-175,-108,-21,69,144,202,240,257,250,212,158,88,0,-77,-152,-212,-257,-282,-284,-258,-204,-140,-67,17,94,163,220,257,267,263,243,194,141,88,20,-34,-86,-138,-163,-185,-199,-196,-183,-167,-139,-116,-95,-60,-18,21,59,88,123,157,176,190,195,190,189,174,147,119,76,14,-47,-99,-159,-218,-267,-300,-316,-319,-302,-266,-213,-132,-32,68,175,276,357,422,467,467,441,380,285,181,53,-86,-219,-336,-434,-500,-532,-533,-500,-427,-323,-193,-58,82,220,343,446,513,543,539,503,434,334,215,76,-60,-190,-304,-407,-482,-516,-524,-1894,-436,-344,-230,-110,20,150,265,361,432,473,483,462,405,323,223,117,-4,-111,-203,-294,-357,-399,-414,-397,-355,-294,-226,-134,-29,56,137,212,271,311,325,326,306,265,209,147,73,1,-69,-127,-174,-212,-244,-257,-250,-227,-199,-155,-98,-48,6,60,104,138,165,183,185,175,160,139,115,77,42,4,-38,-65,-97,-124,-138,-146,-150,-146,-141,-124,-91,-60,-27,17,58,100,129,155,175,176,164,138,107,59,8,-44,-101,-132,-160,-178,-174,-157,-123,-86,-38,13,64,99,129,146,144,134,108,76,36,-6,-40,-79,-99,-112,-116,-97,-69,-33,6,36,49,-1055,-977
29352,mtk,MTK 7916,2780424888,rx1-tx1,512,0,0,0,0,0,0,0,0,0,0,0,0,0,0,0,0,0,0,0,0,0,0,0,0,0,0,0,0,0,0,0,0,0,0,0,0,0,0,0,0,0,0,0,0,0,0,0,0,0,0,0,0,0,0,0,0,0,0,0,0,0,0,0,0,0,0,0,0,0,0,0,0,0,0,0,0,0,0,0,0,0,0,0,0,0,0,0,0,0,0,0,0,0,0,0,0,0,0,0,0,0,0,0,0,0,0,0,0,0,0,0,0,0,0,0,0,0,0,0,0,0,0,0,0,0,0,0,0,0,0,0,0,0,0,0,0,0,0,0,0,0,0,0,0,0,0,0,0,0,0,0,0,0,0,0,0,0,0,0,0,0,0,0,0,0,0,0,0,0,0,0,0,0,0,0,0,0,0,0,0,0,0,0,0,0,0,0,0,0,0,0,0,0,0,0,0,0,0,0,0,0,0,0,0,0,0,0,0,0,0,0,0,0,0,0,0,0,0,0,0,0,0,0,0,0,0,0,0,0,0,0,0,0,0,0,0,0,0,0,0,0,0,0,0,0,0,0,0,0,0,0,0,0,0,0,0,-411,-908,-735,65,67,61,46,21,-14,-49,-74,-90,-93,-73,-41,-1,40,72,93,93,72,31,-16,-56,-85,-100,-93,-63,-18,31,69,91,92,69,35,-4,-42,-70,-74,-59,-36,-4,26,50,58,48,27,6,-12,-26,-32,-18,5,21,21,15,0,-20,-39,-43,-38,-18,6,38,65,71,54,24,-13,-56,-88,-100,-86,-53,4,61,106,128,118,71,10,-56,-112,-142,-136,-92,-27,42,101,140,144,109,45,-29,-92,-136,-145,-118,-58,11,71,113,126,111,69,10,-54,-104,-122,-108,-70,-17,39,78,96,92,67,28,-14,-48,-70,-71,-57,-34,-15,7,27,39,0,47,39,31,28,20,1,-23,-45,-63,-80,-80,-61,-27,22,81,121,134,122,81,11,-70,-143,-184,-182,-147,-75,28,135,208,231,208,137,27,-102,-210,-262,-257,-192,-79,55,182,263,280,227,120,-15,-148,-244,-282,-248,-156,-27,103,213,265,251,173,46,-93,-196,-252,-252,-181,-59,73,179,243,250,192,80,-52,-170,-243,-255,-202,-99,30,153,235,264,232,140,8,-118,-209,-252,-240,-168,-53,70,171,235,241,193,102,-11,-123,-197,-223,-199,-122,-20,80,154,192,186,137,54,-40,-126,-180,-189,-158,-91,-3,86,159,202,204,166,100,20,-57,-117,-166,-1004,-1041,0,0,0,0,0,0,0,0,0,0,0,0,0,0,0,0,0,0,0,0,0,0,0,0,0,0,0,0,0,0,0,0,0,0,0,0,0,0,0,0,0,0,0,0,0,0,0,0,0,0,0,0,0,0,0,0,0,0,0,0,0,0,0,0,0,0,0,0,0,0,0,0,0,0,0,0,0,0,0,0,0,0,0,0,0,0,0,0,0,0,0,0,0,0,0,0,0,0,0,0,0,0,0,0,0,0,0,0,0,0,0,0,0,0,0,0,0,0,0,0,0,0,0,0,0,0,0,0,0,0,0,0,0,0,0,0,0,0,0,0,0,0,0,0,0,0,0,0,0,0,0,0,0,0,0,0,0,0,0,0,0,0,0,0,0,0,0,0,0,0,0,0,0,0,0,0,0,0,0,0,0,0,0,0,0,0,0,0,0,0,0,0,0,0,0,0,0,0,0,0,0,0,0,0,0,0,0,0,0,0,0,0,0,0,0,0,0,0,0,0,0,0,0,0,0,0,0,0,0,0,0,0,0,0,0,0,0,0,0,0,0,0,0,0,0,0,0,0,0,0,0,0,0,0,0,0,-92,550,782,7,25,47,67,81,85,75,54,20,-19,-52,-78,-91,-83,-53,-16,25,64,89,95,79,45,4,-42,-82,-97,-91,-64,-25,16,59,83,82,70,40,-2,-40,-64,-69,-56,-33,-7,16,34,40,32,11,-12,-22,-22,-13,-1,14,27,31,18,0,-24,-47,-57,-47,-22,15,49,78,84,74,44,-5,-65,-104,-114,-97,-58,-2,62,113,136,131,84,16,-53,-111,-144,-137,-102,-36,36,103,145,150,112,51,-14,-82,-132,-142,-118,-70,-4,62,112,132,112,65,10,-50,-93,-111,-99,-74,-30,24,68,83,81,62,35,3,-27,-52,-60,-51,-41,-29,0,-2,8,20,33,41,45,51,48,34,5,-34,-72,-97,-106,-94,-54,6,66,121,157,160,116,41,-46,-134,-195,-210,-178,-101,10,123,206,247,233,162,46,-84,-199,-273,-277,-217,-101,42,173,255,280,237,138,4,-130,-231,-275,-255,-169,-41,93,207,266,256,178,58,-75,-184,-247,-247,-187,-76,59,175,249,255,196,87,-43,-161,-238,-261,-216,-122,1,128,225,264,238,149,27,-95,-199,-252,-241,-180,-78,43,147,214,237,200,111,0,-97,-170,-207,-190,-129,-36,63,139,181,183,142,66,-23,-105,-168,-192,-172,-117,-36,54,136,196,217,202,163,106,-263,16
29353,mtk,MTK 7916,2780424888,rx2-tx0,512,0,0,0,0,0,0,0,0,0,0,0,0,0,0,0,0,0,0,0,0,0,0,0,0,0,0,0,0,0,0,0,0,0,0,0,0,0,0,0,0,0,0,0,0,0,0,0,0,0,0,0,0,0,0,0,0,0,0,0,0,0,0,0,0,0,0,0,0,0,0,0,0,0,0,0,0,0,0,0,0,0,0,0,0,0,0,0,0,0,0,0,0,0,0,0,0,0,0,0,0,0,0,0,0,0,0,0,0,0,0,0,0,0,0,0,0,0,0,0,0,0,0,0,0,0,0,0,0,0,0,0,0,0,0,0,0,0,0,0,0,0,0,0,0,0,0,0,0,0,0,0,0,0,0,0,0,0,0,0,0,0,0,0,0,0,0,0,0,0,0,0,0,0,0,0,0,0,0,0,0,0,0,0,0,0,0,0,0,0,0,0,0,0,0,0,0,0,0,0,0,0,0,0,0,0,0,0,0,0,0,0,0,0,0,0,0,0,0,0,0,0,0,0,0,0,0,0,0,0,0,0,0,0,0,0,0,0,0,0,0,0,0,0,0,0,0,0,0,0,0,0,0,0,0,0,0,-136,790,973,30,12,-9,-33,-57,-75,-80,-75,-60,-32,0,31,58,76,75,62,39,7,-29,-57,-72,-79,-75,-53,-17,20,53,79,89,87,68,32,-12,-54,-87,-107,-106,-85,-45,10,70,115,140,136,99,34,-40,-111,-162,-176,-144,-79,8,102,175,206,188,118,17,-93,-183,-229,-220,-155,-44,85,198,264,259,185,60,-87,-221,-298,-300,-220,-80,89,244,339,348,261,95,-98,-267,-379,-400,-309,-137,71,270,407,437,353,175,-53,-270,-419,-463,-391,-216,21,248,413,473,411,238,4,-228,-402,-470,-413,-245,-12,229,405,473,412,243,10,-230,-411,-481,-426,-254,0,231,416,489,431,256,15,-236,-429,-506,-451,-272,-20,239,438,525,477,302,49,-224,-443,-544,-502,-336,-85,197,431,556,541,383,127,-158,-398,-543,-554,-423,-185,92,346,521,563,461,249,-19,-277,-462,-532,-474,-302,-61,184,375,475,458,327,126,-98,-297,-415,-427,-333,-164,38,215,334,369,316,187,16,-151,-276,-324,-289,-192,-51,100,216,273,264,190,70,-65,-181,-246,-249,-188,-81,41,150,219,236,196,108,-5,-113,-195,-235,-216,-142,-44,61,156,216,227,185,103,0,-103,-182,-219,-209,-157,-76,20,117,187,214,202,158,88,1,-86,-153,-186,-192,-176,-25,283,0,0,0,0,0,0,0,0,0,0,0,0,0,0,0,0,0,0,0,0,0,0,0,0,0,0,0,0,0,0,0,0,0,0,0,0,0,0,0,0,0,0,0,0,0,0,0,0,0,0,0,0,0,0,0,0,0,0,0,0,0,0,0,0,0,0,0,0,0,0,0,0,0,0,0,0,0,0,0,0,0,0,0,0,0,0,0,0,0,0,0,0,0,0,0,0,0,0,0,0,0,0,0,0,0,0,0,0,0,0,0,0,0,0,0,0,0,0,0,0,0,0,0,0,0,0,0,0,0,0,0,0,0,0,0,0,0,0,0,0,0,0,0,0,0,0,0,0,0,0,0,0,0,0,0,0,0,0,0,0,0,0,0,0,0,0,0,0,0,0,0,0,0,0,0,0,0,0,0,0,0,0,0,0,0,0,0,0,0,0,0,0,0,0,0,0,0,0,0,0,0,0,0,0,0,0,0,0,0,0,0,0,0,0,0,0,0,0,0,0,0,0,0,0,0,0,0,0,0,0,0,0,0,0,0,0,0,0,0,0,0,0,0,0,0,0,0,0,0,0,0,0,0,0,0,0,1335,780,529,55,69,73,68,57,35,5,-28,-55,-73,-78,-71,-51,-20,13,46,69,79,75,56,27,-8,-42,-67,-83,-85,-71,-43,-6,34,68,91,96,88,61,18,-34,-83,-115,-129,-116,-72,-13,57,118,152,155,124,61,-25,-104,-165,-189,-166,-101,-5,95,176,221,210,141,32,-90,-191,-245,-241,-171,-49,85,210,284,278,198,65,-91,-228,-315,-322,-240,-87,90,253,360,369,280,120,-83,-275,-394,-415,-334,-159,61,270,414,453,376,197,-38,-261,-416,-469,-400,-225,6,236,407,472,419,249,6,-231,-401,-470,-414,-248,-10,230,406,475,418,246,5,-234,-411,0,-430,-260,-13,242,426,498,444,267,13,-245,-439,-517,-462,-288,-30,237,441,534,489,314,56,-218,-437,-543,-518,-358,-98,183,416,549,546,401,155,-132,-382,-537,-558,-445,-227,46,310,490,545,465,279,30,-227,-424,-512,-474,-322,-98,139,339,445,439,332,148,-69,-257,-374,-400,-328,-176,11,182,301,344,303,192,36,-125,-244,-297,-275,-188,-58,84,196,257,255,189,74,-52,-160,-228,-243,-195,-96,25,134,209,234,204,127,22,-93,-182,-229,-221,-167,-79,27,125,196,222,199,127,34,-67,-153,-205,-215,-184,-113,-20,75,153,201,225,210,157,88,20,-54,1143,1097
29354,mtk,MTK 7916,2780424888,rx2-tx1,512,0,0,0,0,0,0,0,0,0,0,0,0,0,0,0,0,0,0,0,0,0,0,0,0,0,0,0,0,0,0,0,0,0,0,0,0,0,0,0,0,0,0,0,0,0,0,0,0,0,0,0,0,0,0,0,0,0,0,0,0,0,0,0,0,0,0,0,0,0,0,0,0,0,0,0,0,0,0,0,0,0,0,0,0,0,0,0,0,0,0,0,0,0,0,0,0,0,0,0,0,0,0,0,0,0,0,0,0,0,0,0,0,0,0,0,0,0,0,0,0,0,0,0,0,0,0,0,0,0,0,0,0,0,0,0,0,0,0,0,0,0,0,0,0,0,0,0,0,0,0,0,0,0,0,0,0,0,0,0,0,0,0,0,0,0,0,0,0,0,0,0,0,0,0,0,0,0,0,0,0,0,0,0,0,0,0,0,0,0,0,0,0,0,0,0,0,0,0,0,0,0,0,0,0,0,0,0,0,0,0,0,0,0,0,0,0,0,0,0,0,0,0,0,0,0,0,0,0,0,0,0,0,0,0,0,0,0,0,0,0,0,0,0,0,0,0,0,0,0,0,0,0,0,0,0,0,236,901,928,45,31,10,-17,-42,-65,-78,-84,-70,-44,-6,34,66,84,87,64,28,-15,-56,-85,-95,-78,-42,6,56,95,105,86,45,-13,-72,-113,-121,-99,-51,15,82,132,140,109,52,-25,-102,-156,-162,-121,-49,41,131,187,193,141,44,-75,-182,-248,-250,-176,-46,96,221,301,299,218,74,-101,-258,-347,-354,-272,-107,93,276,393,416,329,138,-90,-297,-432,-468,-372,-176,70,300,464,506,415,219,-39,-286,-458,-521,-449,-249,13,268,457,527,460,277,22,-239,-435,-519,-467,-288,-35,213,403,486,439,284,56,-185,-370,-451,-410,-261,-52,172,349,417,366,217,0,-192,-339,-392,-331,-179,22,211,344,377,308,154,-46,-233,-355,-377,-293,-129,69,253,366,382,286,112,-86,-261,-372,-381,-283,-113,85,260,368,377,283,117,-71,-239,-347,-362,-276,-120,56,211,312,329,260,127,-35,-178,-268,-286,-230,-115,23,144,221,235,184,87,-26,-127,-190,-197,-147,-56,44,119,156,157,113,36,-45,-110,-145,-133,-80,-5,65,109,123,108,65,9,-49,-100,-124,-107,-61,-7,42,87,103,92,61,14,-35,-64,-77,-77,-53,-12,20,42,50,45,28,8,-10,-25,-35,-33,-16,3,19,31,32,18,-2,-24,-41,-48,-49,-40,-19,6,449,648,0,0,0,0,0,0,0,0,0,0,0,0,0,0,0,0,0,0,0,0,0,0,0,0,0,0,0,0,0,0,0,0,0,0,0,0,0,0,0,0,0,0,0,0,0,0,0,0,0,0,0,0,0,0,0,0,0,0,0,0,0,0,0,0,0,0,0,0,0,0,0,0,0,0,0,0,0,0,0,0,0,0,0,0,0,0,0,0,0,0,0,0,0,0,0,0,0,0,0,0,0,0,0,0,0,0,0,0,0,0,0,0,0,0,0,0,0,0,0,0,0,0,0,0,0,0,0,0,0,0,0,0,0,0,0,0,0,0,0,0,0,0,0,0,0,0,0,0,0,0,0,0,0,0,0,0,0,0,0,0,0,0,0,0,0,0,0,0,0,0,0,0,0,0,0,0,0,0,0,0,0,0,0,0,0,0,0,0,0,0,0,0,0,0,0,0,0,0,0,0,0,0,0,0,0,0,0,0,0,0,0,0,0,0,0,0,0,0,0,0,0,0,0,0,0,0,0,0,0,0,0,0,0,0,0,0,0,0,0,0,0,0,0,0,0,0,0,0,0,0,0,0,0,0,0,0,-351,242,-4,41,59,71,76,70,51,22,-12,-45,-73,-84,-77,-53,-18,23,59,84,88,71,32,-15,-57,-90,-100,-82,-42,9,62,96,106,89,48,-11,-73,-118,-127,-99,-45,24,93,133,138,108,46,-43,-121,-163,-168,-132,-46,64,156,218,225,162,50,-82,-199,-265,-263,-199,-69,95,240,325,328,240,90,-96,-273,-384,-386,-284,-112,96,297,423,437,341,157,-70,-295,-457,-486,-388,-194,57,300,464,506,425,231,-21,-279,-468,-531,-457,-267,-9,254,449,529,473,285,29,-227,-423,-505,-453,-290,-45,204,388,467,423,269,45,-183,-352,-432,-393,-241,-32,175,338,0,343,194,-7,-206,-336,-375,-316,-165,37,219,343,370,292,131,-68,-251,-360,-378,-293,-124,84,264,371,374,280,113,-85,-264,-373,-380,-288,-120,74,249,353,367,285,126,-65,-232,-334,-343,-266,-122,52,204,294,310,245,116,-32,-165,-251,-265,-209,-106,22,137,206,212,158,68,-30,-116,-170,-166,-116,-43,42,111,141,136,94,20,-59,-112,-135,-122,-74,-13,51,105,124,106,66,14,-45,-88,-108,-105,-68,-13,39,71,85,80,52,12,-26,-51,-62,-61,-42,-13,16,32,42,42,30,7,-16,-32,-31,-22,-11,8,31,41,39,28,3,-21,-34,-46,-54,816,665
29355,mtk,MTK 7916,2780475257,rx0-tx0,512,0,0,0,0,0,0,0,0,0,0,0,0,0,0,0,0,0,0,0,0,0,0,0,0,0,0,0,0,0,0,0,0,0,0,0,0,0,0,0,0,0,0,0,0,0,0,0,0,0,0,0,0,0,0,0,0,0,0,0,0,0,0,0,0,0,0,0,0,0,0,0,0,0,0,0,0,0,0,0,0,0,0,0,0,0,0,0,0,0,0,0,0,0,0,0,0,0,0,0,0,0,0,0,0,0,0,0,0,0,0,0,0,0,0,0,0,0,0,0,0,0,0,0,0,0,0,0,0,0,0,0,0,0,0,0,0,0,0,0,0,0,0,0,0,0,0,0,0,0,0,0,0,0,0,0,0,0,0,0,0,0,0,0,0,0,0,0,0,0,0,0,0,0,0,0,0,0,0,0,0,0,0,0,0,0,0,0,0,0,0,0,0,0,0,0,0,0,0,0,0,0,0,0,0,0,0,0,0,0,0,0,0,0,0,0,0,0,0,0,0,0,0,0,0,0,0,0,0,0,0,0,0,0,0,0,0,0,0,0,0,0,0,0,0,0,0,0,0,0,0,0,0,0,0,0,0,-273,194,-66,-183,-89,58,213,333,402,406,359,260,136,1,-139,-271,-378,-458,-501,-498,-452,-362,-241,-89,73,239,390,514,603,648,640,580,466,303,125,-70,-267,-445,-597,-698,-742,-740,-685,-587,-445,-269,-68,130,324,499,637,749,809,817,778,682,543,374,163,-56,-273,-491,-683,-830,-923,-960,-928,-836,-683,-483,-244,18,286,527,731,894,1008,1047,1014,915,741,532,290,24,-245,-494,-698,-862,-981,-1020,-998,-903,-760,-577,-353,-115,124,347,555,716,829,891,893,847,758,625,461,270,71,-123,-309,-478,-624,-727,-789,-816,-802,-742,-639,-509,-342,-152,46,237,432,607,739,842,1181,891,827,719,570,388,169,-54,-275,-488,-673,-810,-909,-957,-948,-875,-751,-586,-389,-168,62,297,520,714,872,983,1041,1040,969,850,678,456,201,-72,-360,-625,-875,-1069,-1192,-1244,-1230,-1123,-931,-681,-375,-44,293,621,920,1152,1313,1382,1367,1258,1059,787,457,102,-267,-620,-934,-1175,-1339,-1419,-1402,-1282,-1079,-803,-476,-119,245,592,900,1142,1307,1384,1368,1254,1052,779,454,97,-271,-621,-932,-1164,-1317,-1379,-1327,-1177,-941,-631,-283,91,463,792,1047,1222,1298,1269,1141,917,625,283,-74,-409,-703,-940,-1101,-1163,-1132,-1002,-787,-508,-180,174,521,823,1051,1171,1150,975,642,203,-248,-576,829,659,0,0,0,0,0,0,0,0,0,0,0,0,0,0,0,0,0,0,0,0,0,0,0,0,0,0,0,0,0,0,0,0,0,0,0,0,0,0,0,0,0,0,0,0,0,0,0,0,0,0,0,0,0,0,0,0,0,0,0,0,0,0,0,0,0,0,0,0,0,0,0,0,0,0,0,0,0,0,0,0,0,0,0,0,0,0,0,0,0,0,0,0,0,0,0,0,0,0,0,0,0,0,0,0,0,0,0,0,0,0,0,0,0,0,0,0,0,0,0,0,0,0,0,0,0,0,0,0,0,0,0,0,0,0,0,0,0,0,0,0,0,0,0,0,0,0,0,0,0,0,0,0,0,0,0,0,0,0,0,0,0,0,0,0,0,0,0,0,0,0,0,0,0,0,0,0,0,0,0,0,0,0,0,0,0,0,0,0,0,0,0,0,0,0,0,0,0,0,0,0,0,0,0,0,0,0,0,0,0,0,0,0,0,0,0,0,0,0,0,0,0,0,0,0,0,0,0,0,0,0,0,0,0,0,0,0,0,0,0,0,0,0,0,0,0,0,0,0,0,0,0,0,0,0,0,0,-1322,-958,-978,212,305,345,307,208,66,-85,-230,-346,-417,-448,-436,-381,-285,-168,-25,123,267,394,496,554,570,541,463,346,183,6,-178,-351,-509,-626,-691,-709,-668,-581,-446,-269,-78,126,319,492,633,728,771,764,715,612,475,309,111,-94,-302,-494,-651,-779,-863,-884,-850,-763,-618,-430,-212,32,278,511,712,871,978,1020,991,883,722,513,264,-3,-269,-514,-729,-889,-1001,-1048,-1017,-915,-754,-562,-320,-61,196,438,637,805,914,963,944,881,762,591,398,181,-42,-253,-439,-602,-725,-806,-836,-820,-768,-673,-542,-375,-202,-19,169,352,515,651,759,822,837,812,748,622,467,283,-701,-145,-357,-545,-706,-831,-911,-929,-899,-812,-664,-483,-276,-49,182,410,608,771,890,962,982,950,858,716,533,311,70,-189,-431,-659,-861,-1017,-1111,-1142,-1099,-993,-826,-583,-305,0,316,626,902,1119,1267,1328,1303,1201,1011,750,429,84,-278,-628,-932,-1179,-1341,-1415,-1396,-1283,-1079,-799,-473,-115,258,609,912,1159,1328,1402,1384,1271,1069,797,470,118,-251,-598,-899,-1141,-1303,-1380,-1358,-1241,-1024,-739,-405,-32,343,695,991,1202,1322,1346,1265,1077,809,483,119,-252,-593,-877,-1087,-1210,-1229,-1145,-972,-722,-415,-82,252,567,832,1023,1131,1133,1027,817,513,137,-279,-675,-984,-1119,-1049,-838,-508,-713
29356,mtk,MTK 7916,2780475257,rx0-tx1,512,0,0,0,0,0,0,0,0,0,0,0,0,0,0,0,0,0,0,0,0,0,0,0,0,0,0,0,0,0,0,0,0,0,0,0,0,0,0,0,0,0,0,0,0,0,0,0,0,0,0,0,0,0,0,0,0,0,0,0,0,0,0,0,0,0,0,0,0,0,0,0,0,0,0,0,0,0,0,0,0,0,0,0,0,0,0,0,0,0,0,0,0,0,0,0,0,0,0,0,0,0,0,0,0,0,0,0,0,0,0,0,0,0,0,0,0,0,0,0,0,0,0,0,0,0,0,0,0,0,0,0,0,0,0,0,0,0,0,0,0,0,0,0,0,0,0,0,0,0,0,0,0,0,0,0,0,0,0,0,0,0,0,0,0,0,0,0,0,0,0,0,0,0,0,0,0,0,0,0,0,0,0,0,0,0,0,0,0,0,0,0,0,0,0,0,0,0,0,0,0,0,0,0,0,0,0,0,0,0,0,0,0,0,0,0,0,0,0,0,0,0,0,0,0,0,0,0,0,0,0,0,0,0,0,0,0,0,0,0,0,0,0,0,0,0,0,0,0,0,0,0,0,0,0,0,0,-730,-295,-286,-49,-175,-293,-354,-348,-280,-165,-25,119,249,358,426,455,446,396,305,181,34,-123,-278,-418,-528,-601,-622,-593,-508,-381,-215,-26,180,374,547,683,769,801,765,672,529,341,123,-110,-342,-553,-726,-857,-938,-943,-883,-762,-583,-366,-114,154,416,642,843,982,1058,1071,1009,875,682,444,177,-108,-392,-654,-877,-1055,-1166,-1187,-1137,-1018,-832,-585,-307,-9,309,601,876,1093,1238,1304,1281,1193,1017,766,466,129,-212,-555,-858,-1109,-1288,-1388,-1402,-1315,-1150,-907,-595,-245,106,466,792,1067,1275,1403,1436,1374,1225,993,700,366,10,-346,-680,-964,-1191,-1337,-1401,-1377,-1274,-1082,-834,-540,-214,151,490,786,1035,1230,1347,1382,1331,1207,1004,737,431,92,-244,-581,-882,-1124,-1305,-1407,-1420,-1348,-1193,-959,-659,-308,55,424,767,1062,1290,1438,1487,1441,1301,1082,797,450,81,-287,-640,-948,-1194,-1369,-1449,-1434,-1331,-1150,-892,-581,-229,127,482,801,1058,1252,1359,1386,1324,1182,964,686,367,18,-322,-645,-930,-1149,-1295,-1358,-1330,-1214,-1014,-747,-429,-78,274,612,906,1143,1295,1351,1313,1181,953,665,333,-40,-402,-729,-1000,-1186,-1282,-1279,-1164,-961,-680,-347,2,337,640,881,1037,1105,1077,966,777,531,253,-39,-314,-558,-748,-878,-933,-903,-795,-610,-355,-50,272,568,789,874,811,638,-224,-266,0,0,0,0,0,0,0,0,0,0,0,0,0,0,0,0,0,0,0,0,0,0,0,0,0,0,0,0,0,0,0,0,0,0,0,0,0,0,0,0,0,0,0,0,0,0,0,0,0,0,0,0,0,0,0,0,0,0,0,0,0,0,0,0,0,0,0,0,0,0,0,0,0,0,0,0,0,0,0,0,0,0,0,0,0,0,0,0,0,0,0,0,0,0,0,0,0,0,0,0,0,0,0,0,0,0,0,0,0,0,0,0,0,0,0,0,0,0,0,0,0,0,0,0,0,0,0,0,0,0,0,0,0,0,0,0,0,0,0,0,0,0,0,0,0,0,0,0,0,0,0,0,0,0,0,0,0,0,0,0,0,0,0,0,0,0,0,0,0,0,0,0,0,0,0,0,0,0,0,0,0,0,0,0,0,0,0,0,0,0,0,0,0,0,0,0,0,0,0,0,0,0,0,0,0,0,0,0,0,0,0,0,0,0,0,0,0,0,0,0,0,0,0,0,0,0,0,0,0,0,0,0,0,0,0,0,0,0,0,0,0,0,0,0,0,0,0,0,0,0,0,0,0,0,0,0,-128,14,95,-252,-239,-151,-11,139,274,366,408,399,347,257,130,-4,-146,-281,-394,-480,-525,-528,-485,-393,-266,-107,67,247,417,560,665,716,709,639,524,361,167,-52,-273,-479,-653,-782,-859,-874,-823,-710,-540,-343,-111,142,386,615,798,923,997,1006,938,814,629,398,140,-137,-413,-666,-870,-1018,-1108,-1127,-1072,-944,-756,-521,-234,65,360,636,887,1074,1190,1245,1210,1110,936,686,391,64,-262,-575,-872,-1105,-1269,-1353,-1353,-1266,-1089,-844,-532,-191,172,520,830,1098,1294,1398,1420,1354,1195,955,652,304,-63,-418,-750,-1034,-1245,-1376,-1428,-1384,-1245,-1035,-756,-439,-89,257,592,887,1116,1293,171,1379,1288,1128,904,627,303,-33,-367,-676,-958,-1174,-1324,-1394,-1374,-1277,-1093,-842,-545,-205,147,493,816,1094,1303,1428,1468,1412,1260,1021,728,386,15,-359,-716,-1014,-1254,-1412,-1475,-1444,-1327,-1116,-840,-511,-148,213,558,870,1131,1310,1406,1411,1330,1162,922,629,293,-54,-401,-715,-984,-1189,-1323,-1366,-1325,-1202,-1000,-731,-417,-74,276,604,897,1127,1285,1350,1322,1206,1004,732,399,44,-314,-655,-946,-1159,-1298,-1340,-1267,-1101,-851,-533,-187,181,528,822,1048,1178,1208,1146,995,758,465,144,-172,-463,-708,-882,-984,-996,-926,-784,-584,-339,-64,215,480,704,863,934,892,739,465,124,-227,-482,-192,-126
29357,mtk,MTK 7916,2780475257,rx1-tx0,512,0,0,0,0,0,0,0,0,0,0,0,0,0,0,0,0,0,0,0,0,0,0,0,0,0,0,0,0,0,0,0,0,0,0,0,0,0,0,0,0,0,0,0,0,0,0,0,0,0,0,0,0,0,0,0,0,0,0,0,0,0,0,0,0,0,0,0,0,0,0,0,0,0,0,0,0,0,0,0,0,0,0,0,0,0,0,0,0,0,0,0,0,0,0,0,0,0,0,0,0,0,0,0,0,0,0,0,0,0,0,0,0,0,0,0,0,0,0,0,0,0,0,0,0,0,0,0,0,0,0,0,0,0,0,0,0,0,0,0,0,0,0,0,0,0,0,0,0,0,0,0,0,0,0,0,0,0,0,0,0,0,0,0,0,0,0,0,0,0,0,0,0,0,0,0,0,0,0,0,0,0,0,0,0,0,0,0,0,0,0,0,0,0,0,0,0,0,0,0,0,0,0,0,0,0,0,0,0,0,0,0,0,0,0,0,0,0,0,0,0,0,0,0,0,0,0,0,0,0,0,0,0,0,0,0,0,0,0,0,0,0,0,0,0,0,0,0,0,0,0,0,0,0,0,0,0,146,-831,-969,157,166,130,49,-45,-134,-203,-242,-244,-211,-157,-83,1,86,162,218,257,274,256,216,156,75,-14,-97,-171,-236,-278,-286,-274,-238,-176,-99,-28,46,123,178,217,238,244,222,185,145,94,42,-6,-49,-92,-122,-146,-158,-153,-150,-138,-122,-105,-72,-49,-24,6,26,57,78,102,122,135,149,153,157,151,133,108,73,34,-17,-67,-120,-183,-228,-259,-287,-289,-272,-235,-175,-96,-2,98,193,283,350,395,417,403,359,283,184,66,-61,-173,-282,-376,-436,-472,-467,-433,-360,-258,-143,-24,108,238,340,421,473,486,466,411,330,227,103,-16,-144,-260,-348,-422,93,-473,-437,-380,-305,-195,-68,47,163,267,352,408,434,432,399,338,250,149,41,-63,-159,-246,-313,-354,-374,-367,-343,-278,-213,-133,-40,41,127,201,262,303,321,315,285,241,192,130,50,-24,-86,-146,-198,-235,-259,-269,-252,-225,-187,-131,-68,-12,48,110,151,182,212,227,214,201,175,134,86,35,-18,-65,-108,-147,-175,-198,-209,-197,-178,-155,-110,-55,-1,50,108,151,193,215,222,208,179,143,92,23,-46,-109,-163,-204,-227,-225,-207,-173,-117,-54,17,86,136,172,197,203,184,149,105,47,-12,-68,-116,-151,-166,-168,-146,-104,-57,-2,59,102,122,122,-126,-395,0,0,0,0,0,0,0,0,0,0,0,0,0,0,0,0,0,0,0,0,0,0,0,0,0,0,0,0,0,0,0,0,0,0,0,0,0,0,0,0,0,0,0,0,0,0,0,0,0,0,0,0,0,0,0,0,0,0,0,0,0,0,0,0,0,0,0,0,0,0,0,0,0,0,0,0,0,0,0,0,0,0,0,0,0,0,0,0,0,0,0,0,0,0,0,0,0,0,0,0,0,0,0,0,0,0,0,0,0,0,0,0,0,0,0,0,0,0,0,0,0,0,0,0,0,0,0,0,0,0,0,0,0,0,0,0,0,0,0,0,0,0,0,0,0,0,0,0,0,0,0,0,0,0,0,0,0,0,0,0,0,0,0,0,0,0,0,0,0,0,0,0,0,0,0,0,0,0,0,0,0,0,0,0,0,0,0,0,0,0,0,0,0,0,0,0,0,0,0,0,0,0,0,0,0,0,0,0,0,0,0,0,0,0,0,0,0,0,0,0,0,0,0,0,0,0,0,0,0,0,0,0,0,0,0,0,0,0,0,0,0,0,0,0,0,0,0,0,0,0,0,0,0,0,0,0,206,-651,-402,11,-73,-159,-215,-224,-194,-129,-42,55,137,197,240,258,245,203,139,68,-16,-102,-177,-242,-280,-285,-269,-228,-170,-84,1,77,155,222,256,269,265,233,184,130,65,-4,-72,-119,-155,-182,-193,-190,-181,-157,-126,-90,-46,-8,18,50,72,99,117,123,133,131,127,126,114,105,82,60,29,-7,-42,-77,-113,-150,-181,-205,-218,-212,-209,-182,-127,-78,-9,68,147,223,289,334,355,352,328,269,183,88,-23,-134,-235,-331,-398,-445,-452,-422,-369,-277,-171,-46,75,199,311,393,450,476,475,425,347,249,131,2,-128,-244,-344,-418,-461,-477,-462,-402,-316,-222,-1894,32,155,259,355,430,457,453,425,358,272,168,59,-55,-165,-261,-335,-385,-408,-401,-370,-316,-239,-151,-49,51,151,231,281,326,337,334,312,268,204,128,43,-38,-111,-169,-219,-266,-287,-281,-262,-232,-187,-130,-71,-4,62,119,174,213,229,232,236,212,174,133,82,19,-39,-83,-131,-168,-193,-206,-207,-194,-173,-139,-99,-53,5,57,100,143,182,205,207,208,187,152,112,51,-9,-77,-129,-176,-215,-234,-228,-203,-163,-110,-43,26,92,150,192,215,220,197,159,111,52,-11,-73,-122,-161,-186,-186,-170,-136,-87,-30,29,85,123,146,155,140,95,42,-7,-1055,-977
29358,mtk,MTK 7916,2780475257,rx1-tx1,512,0,0,0,0,0,0,0,0,0,0,0,0,0,0,0,0,0,0,0,0,0,0,0,0,0,0,0,0,0,0,0,0,0,0,0,0,0,0,0,0,0,0,0,0,0,0,0,0,0,0,0,0,0,0,0,0,0,0,0,0,0,0,0,0,0,0,0,0,0,0,0,0,0,0,0,0,0,0,0,0,0,0,0,0,0,0,0,0,0,0,0,0,0,0,0,0,0,0,0,0,0,0,0,0,0,0,0,0,0,0,0,0,0,0,0,0,0,0,0,0,0,0,0,0,0,0,0,0,0,0,0,0,0,0,0,0,0,0,0,0,0,0,0,0,0,0,0,0,0,0,0,0,0,0,0,0,0,0,0,0,0,0,0,0,0,0,0,0,0,0,0,0,0,0,0,0,0,0,0,0,0,0,0,0,0,0,0,0,0,0,0,0,0,0,0,0,0,0,0,0,0,0,0,0,0,0,0,0,0,0,0,0,0,0,0,0,0,0,0,0,0,0,0,0,0,0,0,0,0,0,0,0,0,0,0,0,0,0,0,0,0,0,0,0,0,0,0,0,0,0,0,0,0,0,0,0,-411,-908,-735,56,70,73,69,58,34,2,-33,-64,-87,-93,-80,-53,-9,32,67,90,95,76,44,1,-44,-81,-95,-93,-73,-34,10,50,82,91,75,46,10,-26,-51,-65,-64,-47,-16,15,37,48,47,35,18,-7,-23,-27,-21,-13,-1,14,20,12,0,-12,-22,-25,-18,-12,6,30,47,51,41,20,-16,-53,-75,-79,-69,-33,14,54,83,96,83,50,4,-40,-77,-99,-94,-66,-28,18,62,93,98,78,44,-3,-49,-81,-88,-80,-51,-12,23,53,68,67,50,24,-4,-31,-49,-50,-44,-30,-12,5,20,25,28,32,29,23,14,1,-18,-32,-41,-45,0,-37,-20,10,45,73,89,87,63,16,-31,-77,-119,-142,-128,-81,-11,66,135,173,175,140,66,-32,-123,-191,-220,-198,-128,-30,80,182,245,251,194,89,-39,-158,-244,-272,-237,-150,-29,102,211,272,267,192,72,-64,-176,-249,-269,-224,-122,5,130,227,262,231,148,29,-92,-191,-242,-233,-167,-62,63,170,235,244,193,91,-28,-139,-221,-251,-217,-128,-15,100,193,245,232,162,55,-58,-158,-218,-231,-190,-109,-5,99,183,216,201,142,57,-44,-127,-178,-186,-158,-94,-8,80,139,170,157,108,40,-34,-108,-159,-175,-153,-95,-22,53,120,167,184,167,124,-1004,-1041,0,0,0,0,0,0,0,0,0,0,0,0,0,0,0,0,0,0,0,0,0,0,0,0,0,0,0,0,0,0,0,0,0,0,0,0,0,0,0,0,0,0,0,0,0,0,0,0,0,0,0,0,0,0,0,0,0,0,0,0,0,0,0,0,0,0,0,0,0,0,0,0,0,0,0,0,0,0,0,0,0,0,0,0,0,0,0,0,0,0,0,0,0,0,0,0,0,0,0,0,0,0,0,0,0,0,0,0,0,0,0,0,0,0,0,0,0,0,0,0,0,0,0,0,0,0,0,0,0,0,0,0,0,0,0,0,0,0,0,0,0,0,0,0,0,0,0,0,0,0,0,0,0,0,0,0,0,0,0,0,0,0,0,0,0,0,0,0,0,0,0,0,0,0,0,0,0,0,0,0,0,0,0,0,0,0,0,0,0,0,0,0,0,0,0,0,0,0,0,0,0,0,0,0,0,0,0,0,0,0,0,0,0,0,0,0,0,0,0,0,0,0,0,0,0,0,0,0,0,0,0,0,0,0,0,0,0,0,0,0,0,0,0,0,0,0,0,0,0,0,0,0,0,0,0,0,-92,550,782,-31,-11,13,40,63,79,87,84,63,32,-6,-45,-72,-87,-91,-72,-32,10,51,84,96,88,62,24,-23,-68,-91,-91,-77,-45,-3,38,70,82,71,49,17,-16,-43,-55,-53,-40,-17,9,23,35,39,22,1,-13,-17,-17,-12,0,15,20,21,14,-5,-25,-39,-40,-30,-14,7,37,59,65,56,30,-7,-46,-79,-90,-76,-41,-2,40,79,100,90,60,18,-31,-76,-96,-92,-67,-31,12,53,87,98,84,51,10,-30,-63,-78,-71,-49,-12,20,43,56,57,43,21,-4,-23,-33,-38,-37,-27,-13,-1,5,16,24,31,35,35,31,18,-4,0,-44,-63,-69,-57,-35,-1,42,81,109,115,96,54,-11,-80,-131,-161,-158,-115,-40,46,130,191,206,171,95,-4,-106,-190,-233,-228,-166,-61,62,173,240,259,222,127,-3,-131,-231,-273,-251,-173,-53,79,194,266,271,211,105,-25,-149,-240,-266,-227,-143,-22,109,203,247,228,153,39,-82,-183,-239,-238,-178,-76,48,160,229,244,198,106,-12,-130,-220,-251,-223,-144,-38,77,180,239,235,178,86,-24,-127,-200,-226,-199,-129,-31,69,152,202,202,158,77,-15,-100,-161,-178,-156,-106,-30,58,131,168,165,125,62,-17,-94,-153,-181,-179,-145,-91,-21,41,95,-263,16
29359,mtk,MTK 7916,2780475257,rx2-tx0,512,0,0,0,0,0,0,0,0,0,0,0,0,0,0,0,0,0,0,0,0,0,0,0,0,0,0,0,0,0,0,0,0,0,0,0,0,0,0,0,0,0,0,0,0,0,0,0,0,0,0,0,0,0,0,0,0,0,0,0,0,0,0,0,0,0,0,0,0,0,0,0,0,0,0,0,0,0,0,0,0,0,0,0,0,0,0,0,0,0,0,0,0,0,0,0,0,0,0,0,0,0,0,0,0,0,0,0,0,0,0,0,0,0,0,0,0,0,0,0,0,0,0,0,0,0,0,0,0,0,0,0,0,0,0,0,0,0,0,0,0,0,0,0,0,0,0,0,0,0,0,0,0,0,0,0,0,0,0,0,0,0,0,0,0,0,0,0,0,0,0,0,0,0,0,0,0,0,0,0,0,0,0,0,0,0,0,0,0,0,0,0,0,0,0,0,0,0,0,0,0,0,0,0,0,0,0,0,0,0,0,0,0,0,0,0,0,0,0,0,0,0,0,0,0,0,0,0,0,0,0,0,0,0,0,0,0,0,0,0,0,0,0,0,0,0,0,0,0,0,0,0,0,0,0,0,0,-136,790,973,49,40,23,-2,-27,-49,-70,-77,-73,-57,-29,5,32,52,66,72,62,39,10,-21,-51,-69,-75,-67,-51,-26,7,40,63,77,82,73,48,10,-33,-71,-97,-107,-94,-65,-16,44,93,125,138,115,66,-1,-77,-139,-169,-164,-116,-39,53,138,195,204,159,72,-37,-143,-218,-243,-203,-112,18,150,246,279,246,150,3,-151,-272,-324,-293,-180,-21,151,295,367,347,233,56,-143,-317,-416,-410,-297,-102,119,319,444,457,349,154,-79,-299,-445,-480,-395,-206,37,269,432,487,421,246,3,-237,-417,-486,-427,-257,-20,227,413,488,431,268,36,-209,-403,-496,0,-291,-51,200,403,503,469,309,73,-190,-404,-517,-499,-345,-97,172,399,529,524,383,144,-133,-383,-535,-550,-428,-196,82,343,518,571,480,267,-13,-284,-488,-578,-521,-339,-80,194,425,547,535,397,167,-95,-326,-478,-511,-425,-243,-7,222,388,458,417,278,83,-124,-295,-386,-382,-288,-126,55,210,310,333,275,156,3,-145,-244,-282,-254,-163,-35,94,194,240,225,161,58,-55,-158,-218,-218,-165,-79,26,120,186,208,182,113,17,-83,-164,-207,-203,-155,-74,21,112,177,202,181,122,40,-48,-128,-179,-193,-175,-123,-46,39,117,174,197,191,158,106,47,-20,-25,283,0,0,0,0,0,0,0,0,0,0,0,0,0,0,0,0,0,0,0,0,0,0,0,0,0,0,0,0,0,0,0,0,0,0,0,0,0,0,0,0,0,0,0,0,0,0,0,0,0,0,0,0,0,0,0,0,0,0,0,0,0,0,0,0,0,0,0,0,0,0,0,0,0,0,0,0,0,0,0,0,0,0,0,0,0,0,0,0,0,0,0,0,0,0,0,0,0,0,0,0,0,0,0,0,0,0,0,0,0,0,0,0,0,0,0,0,0,0,0,0,0,0,0,0,0,0,0,0,0,0,0,0,0,0,0,0,0,0,0,0,0,0,0,0,0,0,0,0,0,0,0,0,0,0,0,0,0,0,0,0,0,0,0,0,0,0,0,0,0,0,0,0,0,0,0,0,0,0,0,0,0,0,0,0,0,0,0,0,0,0,0,0,0,0,0,0,0,0,0,0,0,0,0,0,0,0,0,0,0,0,0,0,0,0,0,0,0,0,0,0,0,0,0,0,0,0,0,0,0,0,0,0,0,0,0,0,0,0,0,0,0,0,0,0,0,0,0,0,0,0,0,0,0,0,0,0,1335,780,529,35,51,66,72,71,58,35,5,-25,-51,-69,-74,-68,-50,-20,12,40,58,70,70,52,28,0,-29,-58,-76,-81,-68,-47,-18,18,53,80,97,95,70,32,-15,-60,-96,-119,-119,-94,-42,28,93,136,158,143,93,19,-62,-140,-185,-187,-139,-55,43,142,211,224,185,94,-29,-149,-229,-260,-225,-125,11,148,254,301,270,166,13,-151,-284,-349,-321,-206,-36,154,309,393,376,266,80,-131,-313,-424,-432,-326,-135,99,311,443,471,377,183,-54,-282,-441,-487,-408,-226,17,257,430,488,421,245,5,-231,-412,-487,-433,-267,-26,223,410,490,445,284,42,0,-403,-498,-457,-300,-64,192,406,508,479,325,84,-184,-404,-521,-506,-364,-127,150,390,525,527,396,168,-107,-359,-526,-559,-450,-231,46,320,510,576,502,302,31,-246,-460,-559,-525,-369,-126,146,381,522,533,413,203,-48,-278,-435,-485,-422,-266,-52,170,345,423,401,288,112,-81,-245,-342,-354,-286,-151,17,170,272,306,263,158,19,-114,-216,-263,-247,-168,-51,69,168,228,224,162,65,-41,-138,-201,-210,-174,-94,9,106,179,207,190,130,46,-49,-135,-192,-199,-165,-100,-9,83,155,190,188,147,79,-3,-85,-153,-189,-191,-159,-101,-28,47,112,155,172,169,1143,1097
29360,mtk,MTK 7916,2780475257,rx2-tx1,512,0,0,0,0,0,0,0,0,0,0,0,0,0,0,0,0,0,0,0,0,0,0,0,0,0,0,0,0,0,0,0,0,0,0,0,0,0,0,0,0,0,0,0,0,0,0,0,0,0,0,0,0,0,0,0,0,0,0,0,0,0,0,0,0,0,0,0,0,0,0,0,0,0,0,0,0,0,0,0,0,0,0,0,0,0,0,0,0,0,0,0,0,0,0,0,0,0,0,0,0,0,0,0,0,0,0,0,0,0,0,0,0,0,0,0,0,0,0,0,0,0,0,0,0,0,0,0,0,0,0,0,0,0,0,0,0,0,0,0,0,0,0,0,0,0,0,0,0,0,0,0,0,0,0,0,0,0,0,0,0,0,0,0,0,0,0,0,0,0,0,0,0,0,0,0,0,0,0,0,0,0,0,0,0,0,0,0,0,0,0,0,0,0,0,0,0,0,0,0,0,0,0,0,0,0,0,0,0,0,0,0,0,0,0,0,0,0,0,0,0,0,0,0,0,0,0,0,0,0,0,0,0,0,0,0,0,0,0,0,0,0,0,0,0,0,0,0,0,0,0,0,0,0,0,0,0,236,901,928,51,55,44,20,-7,-36,-64,-80,-84,-74,-47,-7,34,64,79,81,65,30,-15,-56,-79,-86,-70,-36,7,52,90,107,86,44,-7,-57,-98,-118,-105,-55,2,64,114,133,112,60,-18,-90,-147,-167,-134,-61,34,128,188,199,163,80,-36,-152,-237,-259,-214,-108,36,181,277,316,275,155,-20,-194,-326,-382,-341,-203,-11,190,352,427,395,258,57,-167,-361,-463,-448,-322,-109,131,341,479,493,371,162,-91,-324,-478,-514,-418,-209,54,294,465,522,445,254,-2,-253,-427,-492,-437,-271,-31,211,394,469,421,268,47,-180,-350,-432,-400,-257,-48,163,325,392,0,217,32,-165,-313,-372,-331,-199,-12,174,318,372,315,176,-9,-196,-328,-371,-321,-177,13,199,331,381,328,186,-1,-183,-319,-377,-338,-201,-10,173,306,365,327,202,36,-129,-267,-338,-313,-207,-57,102,230,289,276,200,71,-71,-184,-242,-238,-168,-61,51,138,189,185,135,52,-40,-112,-154,-146,-97,-26,50,106,133,115,71,13,-49,-98,-113,-102,-60,2,61,99,106,88,52,7,-46,-82,-96,-84,-52,-9,37,69,84,73,47,9,-25,-50,-57,-49,-33,-12,15,38,44,33,18,0,-17,-31,-31,-20,-2,16,33,45,41,26,9,-15,-43,-60,-60,449,648,0,0,0,0,0,0,0,0,0,0,0,0,0,0,0,0,0,0,0,0,0,0,0,0,0,0,0,0,0,0,0,0,0,0,0,0,0,0,0,0,0,0,0,0,0,0,0,0,0,0,0,0,0,0,0,0,0,0,0,0,0,0,0,0,0,0,0,0,0,0,0,0,0,0,0,0,0,0,0,0,0,0,0,0,0,0,0,0,0,0,0,0,0,0,0,0,0,0,0,0,0,0,0,0,0,0,0,0,0,0,0,0,0,0,0,0,0,0,0,0,0,0,0,0,0,0,0,0,0,0,0,0,0,0,0,0,0,0,0,0,0,0,0,0,0,0,0,0,0,0,0,0,0,0,0,0,0,0,0,0,0,0,0,0,0,0,0,0,0,0,0,0,0,0,0,0,0,0,0,0,0,0,0,0,0,0,0,0,0,0,0,0,0,0,0,0,0,0,0,0,0,0,0,0,0,0,0,0,0,0,0,0,0,0,0,0,0,0,0,0,0,0,0,0,0,0,0,0,0,0,0,0,0,0,0,0,0,0,0,0,0,0,0,0,0,0,0,0,0,0,0,0,0,0,0,0,-351,242,-4,17,38,60,78,82,74,55,25,-10,-45,-75,-89,-83,-55,-18,24,58,82,83,69,37,-9,-50,-76,-94,-87,-52,4,56,89,101,92,55,-1,-63,-109,-124,-107,-60,10,80,126,141,118,57,-28,-110,-164,-172,-141,-72,29,133,204,228,187,88,-41,-176,-267,-289,-236,-118,40,195,310,348,297,173,-7,-198,-340,-401,-368,-242,-39,185,361,453,428,288,77,-151,-355,-475,-477,-356,-142,115,343,482,498,393,186,-72,-308,-471,-519,-433,-229,25,277,453,508,436,255,9,-231,-410,-486,-433,-269,-44,191,367,443,404,259,47,-168,-335,-409,-373,-239,-46,0,313,376,334,201,18,-176,-324,-374,-321,-186,5,193,322,370,323,179,-11,-201,-338,-379,-319,-182,8,200,334,382,334,195,10,-178,-323,-377,-332,-203,-28,152,289,352,320,210,49,-117,-248,-315,-300,-210,-67,87,210,272,261,188,75,-54,-160,-219,-216,-161,-59,50,130,166,166,122,43,-45,-111,-137,-127,-87,-22,46,95,120,109,68,6,-53,-98,-113,-98,-57,-2,48,83,94,84,51,4,-39,-73,-87,-78,-46,-3,36,56,64,64,43,5,-26,-42,-51,-46,-26,-10,13,29,36,30,13,-13,-32,-31,-27,-20,-1,16,32,44,45,37,29,12,816,665
29361,mtk,MTK 7916,2780545062,rx0-tx0,512,0,0,0,0,0,0,0,0,0,0,0,0,0,0,0,0,0,0,0,0,0,0,0,0,0,0,0,0,0,0,0,0,0,0,0,0,0,0,0,0,0,0,0,0,0,0,0,0,0,0,0,0,0,0,0,0,0,0,0,0,0,0,0,0,0,0,0,0,0,0,0,0,0,0,0,0,0,0,0,0,0,0,0,0,0,0,0,0,0,0,0,0,0,0,0,0,0,0,0,0,0,0,0,0,0,0,0,0,0,0,0,0,0,0,0,0,0,0,0,0,0,0,0,0,0,0,0,0,0,0,0,0,0,0,0,0,0,0,0,0,0,0,0,0,0,0,0,0,0,0,0,0,0,0,0,0,0,0,0,0,0,0,0,0,0,0,0,0,0,0,0,0,0,0,0,0,0,0,0,0,0,0,0,0,0,0,0,0,0,0,0,0,0,0,0,0,0,0,0,0,0,0,0,0,0,0,0,0,0,0,0,0,0,0,0,0,0,0,0,0,0,0,0,0,0,0,0,0,0,0,0,0,0,0,0,0,0,0,0,0,0,0,0,0,0,0,0,0,0,0,0,0,0,0,0,0,-273,194,-66,79,223,345,390,350,233,74,-94,-251,-376,-459,-480,-443,-363,-232,-71,102,278,431,548,610,609,540,413,235,18,-214,-432,-617,-742,-785,-756,-650,-471,-239,26,283,524,722,833,878,842,728,559,330,63,-213,-463,-690,-852,-943,-954,-888,-746,-538,-270,22,320,596,824,988,1065,1056,949,761,496,185,-150,-481,-767,-983,-1114,-1150,-1085,-921,-675,-378,-42,293,604,853,1025,1111,1103,999,801,542,249,-63,-355,-621,-820,-961,-1015,-980,-867,-684,-470,-211,53,293,513,691,807,858,851,782,663,498,297,73,-143,-348,-543,-690,-785,-821,-809,-740,-605,-428,-223,11,246,463,1181,792,871,887,829,708,536,321,70,-184,-431,-639,-802,-904,-944,-901,-795,-629,-408,-164,110,367,600,800,938,1013,1011,930,768,544,276,-21,-330,-619,-872,-1062,-1177,-1192,-1110,-930,-658,-331,21,394,749,1039,1242,1344,1335,1206,974,648,253,-157,-562,-927,-1214,-1393,-1439,-1370,-1175,-869,-493,-76,356,756,1081,1307,1420,1403,1269,1025,682,276,-146,-544,-901,-1172,-1339,-1387,-1310,-1115,-824,-450,-38,374,763,1070,1278,1361,1313,1139,855,490,71,-352,-722,-1025,-1219,-1288,-1222,-1027,-730,-365,26,401,726,975,1116,1145,1058,851,552,196,-180,-542,-849,-1064,-1149,-1078,-834,-447,26,494,843,968,829,659,0,0,0,0,0,0,0,0,0,0,0,0,0,0,0,0,0,0,0,0,0,0,0,0,0,0,0,0,0,0,0,0,0,0,0,0,0,0,0,0,0,0,0,0,0,0,0,0,0,0,0,0,0,0,0,0,0,0,0,0,0,0,0,0,0,0,0,0,0,0,0,0,0,0,0,0,0,0,0,0,0,0,0,0,0,0,0,0,0,0,0,0,0,0,0,0,0,0,0,0,0,0,0,0,0,0,0,0,0,0,0,0,0,0,0,0,0,0,0,0,0,0,0,0,0,0,0,0,0,0,0,0,0,0,0,0,0,0,0,0,0,0,0,0,0,0,0,0,0,0,0,0,0,0,0,0,0,0,0,0,0,0,0,0,0,0,0,0,0,0,0,0,0,0,0,0,0,0,0,0,0,0,0,0,0,0,0,0,0,0,0,0,0,0,0,0,0,0,0,0,0,0,0,0,0,0,0,0,0,0,0,0,0,0,0,0,0,0,0,0,0,0,0,0,0,0,0,0,0,0,0,0,0,0,0,0,0,0,0,0,0,0,0,0,0,0,0,0,0,0,0,0,0,0,0,0,-1322,-958,-978,283,248,124,-48,-221,-359,-428,-433,-375,-268,-122,47,206,350,464,521,532,484,383,231,39,-167,-365,-527,-649,-706,-691,-605,-449,-234,13,261,495,680,802,845,807,694,496,252,-1,-264,-501,-703,-854,-924,-898,-800,-638,-414,-153,128,395,639,833,967,1013,974,853,653,384,81,-244,-543,-805,-999,-1103,-1122,-1034,-852,-591,-281,57,397,697,931,1085,1144,1110,976,753,475,149,-184,-500,-765,-946,-1054,-1068,-997,-845,-627,-373,-80,204,473,682,833,921,917,850,734,561,354,130,-100,-323,-517,-674,-784,-828,-807,-749,-632,-462,-259,-38,184,399,588,725,817,855,823,731,-701,380,147,-98,-342,-559,-734,-860,-914,-899,-821,-668,-468,-229,21,281,513,718,863,949,967,905,779,589,354,86,-193,-472,-720,-916,-1046,-1101,-1070,-945,-749,-481,-165,178,518,828,1069,1219,1278,1241,1083,824,494,114,-285,-664,-996,-1245,-1383,-1399,-1303,-1086,-769,-377,46,463,848,1153,1351,1438,1397,1225,947,587,175,-249,-646,-983,-1240,-1385,-1395,-1291,-1069,-750,-374,39,446,811,1108,1306,1376,1322,1137,851,485,70,-351,-731,-1042,-1254,-1339,-1277,-1094,-807,-438,-35,369,725,1004,1175,1219,1131,935,643,292,-79,-444,-759,-984,-1106,-1108,-986,-743,-404,2,429,808,1067,1144,1004,656,252,-508,-713
29362,mtk,MTK 7916,2780545062,rx0-tx1,512,0,0,0,0,0,0,0,0,0,0,0,0,0,0,0,0,0,0,0,0,0,0,0,0,0,0,0,0,0,0,0,0,0,0,0,0,0,0,0,0,0,0,0,0,0,0,0,0,0,0,0,0,0,0,0,0,0,0,0,0,0,0,0,0,0,0,0,0,0,0,0,0,0,0,0,0,0,0,0,0,0,0,0,0,0,0,0,0,0,0,0,0,0,0,0,0,0,0,0,0,0,0,0,0,0,0,0,0,0,0,0,0,0,0,0,0,0,0,0,0,0,0,0,0,0,0,0,0,0,0,0,0,0,0,0,0,0,0,0,0,0,0,0,0,0,0,0,0,0,0,0,0,0,0,0,0,0,0,0,0,0,0,0,0,0,0,0,0,0,0,0,0,0,0,0,0,0,0,0,0,0,0,0,0,0,0,0,0,0,0,0,0,0,0,0,0,0,0,0,0,0,0,0,0,0,0,0,0,0,0,0,0,0,0,0,0,0,0,0,0,0,0,0,0,0,0,0,0,0,0,0,0,0,0,0,0,0,0,0,0,0,0,0,0,0,0,0,0,0,0,0,0,0,0,0,0,-730,-295,-286,-221,-285,-279,-197,-63,97,237,343,403,400,349,250,118,-33,-193,-333,-446,-516,-529,-486,-384,-234,-46,153,350,520,646,712,695,604,446,241,2,-249,-482,-673,-804,-861,-831,-723,-541,-308,-38,243,503,728,884,962,960,871,700,465,182,-121,-420,-689,-894,-1027,-1077,-1036,-899,-686,-408,-95,229,538,808,1023,1157,1188,1113,949,703,392,39,-316,-649,-938,-1154,-1282,-1291,-1191,-988,-699,-355,42,431,792,1084,1285,1392,1370,1233,984,657,263,-158,-552,-909,-1187,-1362,-1434,-1376,-1197,-921,-571,-166,253,646,990,1237,1384,1419,1331,1141,848,491,92,-312,-685,-994,-1228,-1359,-1374,-1287,-214,-817,-463,-83,297,665,981,1205,1339,1369,1287,1094,822,483,112,-281,-651,-972,-1214,-1360,-1395,-1320,-1136,-861,-510,-113,292,681,1013,1268,1410,1442,1346,1140,846,474,58,-359,-744,-1065,-1296,-1423,-1428,-1309,-1085,-781,-403,0,404,775,1078,1281,1389,1375,1249,1022,707,338,-54,-442,-796,-1078,-1270,-1362,-1340,-1204,-966,-641,-264,139,537,881,1151,1324,1372,1296,1109,817,452,42,-374,-749,-1058,-1276,-1361,-1316,-1145,-863,-502,-96,325,702,1001,1197,1275,1214,1023,741,392,7,-363,-687,-930,-1067,-1087,-992,-803,-535,-222,99,402,656,832,919,908,799,600,321,-5,-340,-636,-841,-911,-801,-531,-222,-224,-266,0,0,0,0,0,0,0,0,0,0,0,0,0,0,0,0,0,0,0,0,0,0,0,0,0,0,0,0,0,0,0,0,0,0,0,0,0,0,0,0,0,0,0,0,0,0,0,0,0,0,0,0,0,0,0,0,0,0,0,0,0,0,0,0,0,0,0,0,0,0,0,0,0,0,0,0,0,0,0,0,0,0,0,0,0,0,0,0,0,0,0,0,0,0,0,0,0,0,0,0,0,0,0,0,0,0,0,0,0,0,0,0,0,0,0,0,0,0,0,0,0,0,0,0,0,0,0,0,0,0,0,0,0,0,0,0,0,0,0,0,0,0,0,0,0,0,0,0,0,0,0,0,0,0,0,0,0,0,0,0,0,0,0,0,0,0,0,0,0,0,0,0,0,0,0,0,0,0,0,0,0,0,0,0,0,0,0,0,0,0,0,0,0,0,0,0,0,0,0,0,0,0,0,0,0,0,0,0,0,0,0,0,0,0,0,0,0,0,0,0,0,0,0,0,0,0,0,0,0,0,0,0,0,0,0,0,0,0,0,0,0,0,0,0,0,0,0,0,0,0,0,0,0,0,0,0,-128,14,95,-120,-4,145,274,350,359,297,190,46,-104,-241,-354,-429,-460,-435,-355,-238,-83,91,269,426,546,611,614,552,419,238,18,-214,-428,-610,-733,-792,-768,-665,-492,-267,-6,262,509,711,850,919,895,793,615,371,94,-202,-482,-722,-901,-1004,-1023,-957,-799,-573,-290,19,334,626,866,1040,1121,1111,1006,817,558,240,-108,-442,-745,-991,-1164,-1237,-1202,-1080,-855,-556,-198,186,550,880,1129,1299,1359,1292,1122,844,504,110,-298,-685,-1008,-1255,-1403,-1415,-1314,-1104,-793,-419,-11,412,790,1094,1314,1423,1408,1281,1041,709,331,-84,-487,-843,-1129,-1317,-1400,-1372,-1222,-974,-654,-271,123,502,171,1116,1294,1364,1328,1196,956,645,289,-97,-480,-820,-1095,-1280,-1372,-1351,-1218,-991,-679,-312,83,472,827,1120,1323,1416,1394,1255,1008,672,284,-128,-532,-887,-1179,-1372,-1451,-1402,-1236,-971,-629,-237,181,583,927,1195,1364,1412,1355,1188,912,571,178,-232,-611,-942,-1189,-1337,-1374,-1305,-1118,-840,-498,-112,285,660,978,1213,1343,1363,1266,1055,753,374,-39,-443,-810,-1104,-1297,-1373,-1323,-1146,-867,-499,-90,327,713,1027,1236,1325,1281,1104,824,465,65,-342,-696,-967,-1139,-1189,-1111,-920,-639,-299,58,384,663,867,973,977,882,695,441,148,-160,-452,-696,-863,-920,-859,-670,-373,-3,372,646,755,-192,-126
29363,mtk,MTK 7916,2780545062,rx1-tx0,512,0,0,0,0,0,0,0,0,0,0,0,0,0,0,0,0,0,0,0,0,0,0,0,0,0,0,0,0,0,0,0,0,0,0,0,0,0,0,0,0,0,0,0,0,0,0,0,0,0,0,0,0,0,0,0,0,0,0,0,0,0,0,0,0,0,0,0,0,0,0,0,0,0,0,0,0,0,0,0,0,0,0,0,0,0,0,0,0,0,0,0,0,0,0,0,0,0,0,0,0,0,0,0,0,0,0,0,0,0,0,0,0,0,0,0,0,0,0,0,0,0,0,0,0,0,0,0,0,0,0,0,0,0,0,0,0,0,0,0,0,0,0,0,0,0,0,0,0,0,0,0,0,0,0,0,0,0,0,0,0,0,0,0,0,0,0,0,0,0,0,0,0,0,0,0,0,0,0,0,0,0,0,0,0,0,0,0,0,0,0,0,0,0,0,0,0,0,0,0,0,0,0,0,0,0,0,0,0,0,0,0,0,0,0,0,0,0,0,0,0,0,0,0,0,0,0,0,0,0,0,0,0,0,0,0,0,0,0,0,0,0,0,0,0,0,0,0,0,0,0,0,0,0,0,0,0,146,-831,-969,100,21,-90,-187,-242,-250,-204,-121,-12,90,185,260,290,286,239,164,69,-41,-149,-242,-303,-324,-308,-260,-182,-77,32,144,240,311,332,323,285,206,111,3,-100,-184,-247,-275,-281,-261,-213,-145,-75,8,80,136,178,199,208,188,159,125,78,37,-6,-42,-69,-88,-107,-116,-112,-107,-99,-95,-84,-66,-47,-32,-7,18,50,86,121,154,177,194,194,171,133,79,1,-87,-162,-231,-283,-319,-321,-293,-222,-134,-32,91,198,302,368,402,397,354,277,173,52,-79,-209,-322,-405,-443,-437,-397,-320,-213,-89,55,190,303,384,433,446,414,354,254,125,-11,-150,93,-372,-426,-450,-431,-370,-277,-160,-25,111,241,340,404,430,418,362,276,165,42,-79,-197,-290,-350,-375,-372,-330,-256,-172,-68,42,136,220,278,309,314,282,237,175,93,16,-65,-134,-191,-231,-237,-238,-219,-170,-112,-53,10,64,113,150,174,187,176,154,118,77,33,-21,-59,-82,-113,-128,-135,-130,-115,-92,-58,-29,-5,24,46,65,86,95,94,105,104,91,68,46,13,-29,-67,-97,-123,-140,-143,-130,-100,-69,-16,40,95,138,161,170,166,130,85,29,-36,-85,-137,-167,-168,-154,-122,-74,-14,42,92,137,167,164,127,87,39,-27,-90,-126,-130,-108,-126,-395,0,0,0,0,0,0,0,0,0,0,0,0,0,0,0,0,0,0,0,0,0,0,0,0,0,0,0,0,0,0,0,0,0,0,0,0,0,0,0,0,0,0,0,0,0,0,0,0,0,0,0,0,0,0,0,0,0,0,0,0,0,0,0,0,0,0,0,0,0,0,0,0,0,0,0,0,0,0,0,0,0,0,0,0,0,0,0,0,0,0,0,0,0,0,0,0,0,0,0,0,0,0,0,0,0,0,0,0,0,0,0,0,0,0,0,0,0,0,0,0,0,0,0,0,0,0,0,0,0,0,0,0,0,0,0,0,0,0,0,0,0,0,0,0,0,0,0,0,0,0,0,0,0,0,0,0,0,0,0,0,0,0,0,0,0,0,0,0,0,0,0,0,0,0,0,0,0,0,0,0,0,0,0,0,0,0,0,0,0,0,0,0,0,0,0,0,0,0,0,0,0,0,0,0,0,0,0,0,0,0,0,0,0,0,0,0,0,0,0,0,0,0,0,0,0,0,0,0,0,0,0,0,0,0,0,0,0,0,0,0,0,0,0,0,0,0,0,0,0,0,0,0,0,0,0,0,206,-651,-402,-143,-199,-205,-145,-48,68,171,244,272,260,218,133,29,-77,-178,-253,-299,-308,-281,-216,-124,-13,99,198,281,325,332,303,235,141,31,-70,-173,-252,-301,-315,-291,-240,-164,-79,10,98,172,219,234,240,214,181,127,65,3,-52,-93,-129,-148,-152,-148,-135,-110,-86,-63,-34,-11,12,26,44,66,79,89,104,113,122,122,114,99,65,26,-18,-78,-137,-185,-230,-255,-254,-231,-180,-107,-16,82,184,280,335,370,362,328,259,154,38,-87,-207,-309,-382,-423,-425,-388,-307,-198,-66,73,198,313,390,443,453,415,336,228,105,-33,-164,-283,-383,-440,-456,-435,-1894,-255,-135,-6,133,250,350,416,445,431,375,280,168,42,-92,-214,-312,-382,-407,-400,-349,-271,-166,-56,56,164,249,308,348,343,309,249,171,81,-17,-108,-181,-239,-268,-273,-263,-230,-175,-98,-27,34,99,158,190,209,211,194,164,121,68,10,-45,-88,-121,-143,-163,-163,-133,-110,-79,-42,-6,32,58,84,97,98,103,101,89,80,63,35,13,-6,-38,-71,-90,-110,-127,-127,-115,-89,-63,-20,23,74,110,137,160,159,139,97,48,0,-57,-114,-150,-181,-176,-150,-114,-50,5,62,117,157,171,157,134,94,33,-41,-92,-120,-143,-150,-121,-67,-3,44,-1055,-977
29364,mtk,MTK 7916,2780545062,rx1-tx1,512,0,0,0,0,0,0,0,0,0,0,0,0,0,0,0,0,0,0,0,0,0,0,0,0,0,0,0,0,0,0,0,0,0,0,0,0,0,0,0,0,0,0,0,0,0,0,0,0,0,0,0,0,0,0,0,0,0,0,0,0,0,0,0,0,0,0,0,0,0,0,0,0,0,0,0,0,0,0,0,0,0,0,0,0,0,0,0,0,0,0,0,0,0,0,0,0,0,0,0,0,0,0,0,0,0,0,0,0,0,0,0,0,0,0,0,0,0,0,0,0,0,0,0,0,0,0,0,0,0,0,0,0,0,0,0,0,0,0,0,0,0,0,0,0,0,0,0,0,0,0,0,0,0,0,0,0,0,0,0,0,0,0,0,0,0,0,0,0,0,0,0,0,0,0,0,0,0,0,0,0,0,0,0,0,0,0,0,0,0,0,0,0,0,0,0,0,0,0,0,0,0,0,0,0,0,0,0,0,0,0,0,0,0,0,0,0,0,0,0,0,0,0,0,0,0,0,0,0,0,0,0,0,0,0,0,0,0,0,0,0,0,0,0,0,0,0,0,0,0,0,0,0,0,0,0,0,-411,-908,-735,-24,-20,-16,-11,1,16,29,39,45,46,42,33,10,-16,-35,-47,-57,-63,-56,-34,-4,26,53,71,76,71,48,9,-30,-61,-84,-93,-83,-57,-19,25,72,103,105,85,51,6,-38,-80,-107,-113,-93,-55,-4,44,90,108,103,80,40,-14,-66,-105,-112,-90,-50,-4,43,81,106,100,65,19,-29,-81,-113,-112,-93,-42,23,76,113,125,101,56,1,-63,-112,-134,-124,-88,-29,43,110,138,132,103,54,-16,-93,-144,-162,-141,-85,-9,69,134,173,171,130,61,-32,-120,-176,-189,-171,-118,-26,71,151,203,206,162,78,-22,-116,-187,-222,-204,-145,0,54,149,215,239,207,131,27,-83,-168,-218,-227,-194,-122,-23,76,152,198,202,170,104,21,-65,-126,-161,-156,-128,-80,-25,28,72,102,109,99,84,56,20,-16,-44,-66,-78,-83,-82,-65,-35,-9,25,59,87,105,108,89,46,-9,-70,-119,-151,-154,-127,-68,6,84,150,187,188,149,69,-33,-130,-198,-231,-228,-170,-64,58,167,251,286,262,175,50,-90,-209,-292,-321,-282,-187,-55,96,236,325,345,298,195,54,-98,-232,-319,-346,-306,-208,-66,81,207,291,318,276,188,63,-72,-189,-265,-290,-259,-177,-65,66,186,273,312,314,262,173,72,-29,-138,-1004,-1041,0,0,0,0,0,0,0,0,0,0,0,0,0,0,0,0,0,0,0,0,0,0,0,0,0,0,0,0,0,0,0,0,0,0,0,0,0,0,0,0,0,0,0,0,0,0,0,0,0,0,0,0,0,0,0,0,0,0,0,0,0,0,0,0,0,0,0,0,0,0,0,0,0,0,0,0,0,0,0,0,0,0,0,0,0,0,0,0,0,0,0,0,0,0,0,0,0,0,0,0,0,0,0,0,0,0,0,0,0,0,0,0,0,0,0,0,0,0,0,0,0,0,0,0,0,0,0,0,0,0,0,0,0,0,0,0,0,0,0,0,0,0,0,0,0,0,0,0,0,0,0,0,0,0,0,0,0,0,0,0,0,0,0,0,0,0,0,0,0,0,0,0,0,0,0,0,0,0,0,0,0,0,0,0,0,0,0,0,0,0,0,0,0,0,0,0,0,0,0,0,0,0,0,0,0,0,0,0,0,0,0,0,0,0,0,0,0,0,0,0,0,0,0,0,0,0,0,0,0,0,0,0,0,0,0,0,0,0,0,0,0,0,0,0,0,0,0,0,0,0,0,0,0,0,0,0,-92,550,782,-14,-23,-32,-36,-36,-38,-32,-22,-6,11,29,41,52,57,47,31,6,-21,-43,-60,-72,-68,-51,-22,11,43,70,83,84,69,40,0,-46,-85,-99,-96,-77,-36,11,54,85,102,98,74,39,-13,-64,-93,-103,-99,-66,-20,32,80,109,107,80,45,-5,-59,-94,-113,-105,-64,-5,43,76,100,108,82,26,-30,-79,-108,-119,-94,-44,10,62,106,127,109,68,13,-54,-114,-141,-138,-104,-36,43,102,144,156,130,71,-8,-88,-145,-166,-154,-112,-38,52,127,172,184,152,82,-8,-104,-180,-207,-184,-133,-53,47,142,200,221,190,114,12,-91,-179,0,-233,-185,-91,18,114,187,230,225,166,76,-27,-124,-194,-225,-212,-149,-57,34,116,170,188,168,118,52,-14,-74,-121,-144,-135,-107,-65,-17,25,58,83,91,84,73,54,27,0,-29,-54,-73,-87,-95,-79,-45,-6,36,79,119,134,127,92,37,-32,-97,-149,-174,-160,-107,-30,58,140,205,223,191,115,9,-99,-190,-251,-264,-215,-116,7,135,245,305,296,231,117,-25,-166,-276,-333,-326,-254,-128,25,175,291,352,338,259,138,-5,-154,-270,-326,-320,-253,-139,0,141,246,294,281,221,116,-12,-136,-236,-292,-293,-241,-148,-27,96,197,270,307,306,264,-263,16
29365,mtk,MTK 7916,2780545062,rx2-tx0,512,0,0,0,0,0,0,0,0,0,0,0,0,0,0,0,0,0,0,0,0,0,0,0,0,0,0,0,0,0,0,0,0,0,0,0,0,0,0,0,0,0,0,0,0,0,0,0,0,0,0,0,0,0,0,0,0,0,0,0,0,0,0,0,0,0,0,0,0,0,0,0,0,0,0,0,0,0,0,0,0,0,0,0,0,0,0,0,0,0,0,0,0,0,0,0,0,0,0,0,0,0,0,0,0,0,0,0,0,0,0,0,0,0,0,0,0,0,0,0,0,0,0,0,0,0,0,0,0,0,0,0,0,0,0,0,0,0,0,0,0,0,0,0,0,0,0,0,0,0,0,0,0,0,0,0,0,0,0,0,0,0,0,0,0,0,0,0,0,0,0,0,0,0,0,0,0,0,0,0,0,0,0,0,0,0,0,0,0,0,0,0,0,0,0,0,0,0,0,0,0,0,0,0,0,0,0,0,0,0,0,0,0,0,0,0,0,0,0,0,0,0,0,0,0,0,0,0,0,0,0,0,0,0,0,0,0,0,0,0,0,0,0,0,0,0,0,0,0,0,0,0,0,0,0,0,0,-136,790,973,34,51,67,82,92,90,70,47,18,-21,-62,-95,-120,-124,-109,-71,-17,43,101,146,168,163,128,64,-19,-103,-177,-224,-232,-196,-119,-14,96,197,266,284,245,155,36,-98,-219,-302,-327,-289,-193,-44,111,241,327,354,305,191,31,-145,-290,-369,-376,-303,-156,26,196,331,397,381,273,103,-89,-261,-383,-425,-370,-229,-30,173,345,444,442,342,167,-51,-260,-416,-486,-456,-320,-107,129,337,478,517,442,275,46,-195,-393,-507,-514,-409,-219,15,241,412,490,467,339,143,-83,-286,-420,-457,-395,-248,-51,154,320,412,414,320,154,-45,-234,-370,-416,-373,-248,0,127,289,386,401,332,190,1,-184,-331,-403,-387,-294,-137,53,231,358,409,373,262,100,-84,-258,-376,-418,-373,-254,-85,101,265,377,425,386,267,100,-83,-257,-378,-425,-393,-288,-123,60,225,354,418,406,314,168,-9,-183,-324,-405,-409,-335,-200,-28,147,292,382,398,337,213,49,-124,-266,-353,-370,-317,-199,-44,116,249,331,345,289,175,24,-130,-254,-323,-324,-260,-142,3,148,261,318,308,232,107,-34,-171,-281,-330,-303,-221,-100,43,184,288,328,303,226,109,-33,-170,-273,-322,-313,-246,-132,5,138,249,320,338,301,219,105,-23,-138,-231,-289,-306,-290,-25,283,0,0,0,0,0,0,0,0,0,0,0,0,0,0,0,0,0,0,0,0,0,0,0,0,0,0,0,0,0,0,0,0,0,0,0,0,0,0,0,0,0,0,0,0,0,0,0,0,0,0,0,0,0,0,0,0,0,0,0,0,0,0,0,0,0,0,0,0,0,0,0,0,0,0,0,0,0,0,0,0,0,0,0,0,0,0,0,0,0,0,0,0,0,0,0,0,0,0,0,0,0,0,0,0,0,0,0,0,0,0,0,0,0,0,0,0,0,0,0,0,0,0,0,0,0,0,0,0,0,0,0,0,0,0,0,0,0,0,0,0,0,0,0,0,0,0,0,0,0,0,0,0,0,0,0,0,0,0,0,0,0,0,0,0,0,0,0,0,0,0,0,0,0,0,0,0,0,0,0,0,0,0,0,0,0,0,0,0,0,0,0,0,0,0,0,0,0,0,0,0,0,0,0,0,0,0,0,0,0,0,0,0,0,0,0,0,0,0,0,0,0,0,0,0,0,0,0,0,0,0,0,0,0,0,0,0,0,0,0,0,0,0,0,0,0,0,0,0,0,0,0,0,0,0,0,0,1335,780,529,-52,-48,-37,-19,5,33,61,86,101,103,90,63,19,-30,-75,-116,-141,-140,-117,-71,-3,71,136,179,197,180,126,42,-53,-147,-218,-258,-245,-182,-86,31,148,246,298,292,228,116,-21,-160,-274,-338,-331,-256,-123,36,191,315,369,342,245,96,-78,-243,-358,-391,-340,-221,-46,144,302,395,406,325,166,-30,-220,-371,-443,-413,-288,-101,116,312,442,476,404,247,33,-198,-388,-496,-493,-385,-193,37,266,439,522,488,345,133,-98,-313,-467,-514,-447,-288,-73,155,346,459,468,375,198,-12,-217,-374,-445,-415,-293,-108,96,278,395,420,350,206,22,-169,-327,0,-391,-293,-129,65,239,359,406,363,238,65,-129,-290,-386,-404,-340,-203,-21,165,316,399,402,323,178,0,-183,-331,-408,-409,-329,-180,4,182,323,408,415,340,198,22,-162,-316,-408,-423,-359,-228,-57,125,280,386,422,378,262,102,-75,-243,-362,-412,-380,-277,-128,43,209,331,381,363,273,128,-45,-194,-302,-355,-338,-247,-107,47,185,291,336,307,217,86,-67,-198,-285,-319,-287,-188,-53,93,222,304,320,272,171,35,-111,-235,-312,-327,-273,-165,-30,113,234,307,323,281,184,53,-91,-218,-299,-327,-301,-222,-104,29,157,265,331,352,321,251,157,65,-38,1143,1097
29366,mtk,MTK 7916,2780545062,rx2-tx1,512,0,0,0,0,0,0,0,0,0,0,0,0,0,0,0,0,0,0,0,0,0,0,0,0,0,0,0,0,0,0,0,0,0,0,0,0,0,0,0,0,0,0,0,0,0,0,0,0,0,0,0,0,0,0,0,0,0,0,0,0,0,0,0,0,0,0,0,0,0,0,0,0,0,0,0,0,0,0,0,0,0,0,0,0,0,0,0,0,0,0,0,0,0,0,0,0,0,0,0,0,0,0,0,0,0,0,0,0,0,0,0,0,0,0,0,0,0,0,0,0,0,0,0,0,0,0,0,0,0,0,0,0,0,0,0,0,0,0,0,0,0,0,0,0,0,0,0,0,0,0,0,0,0,0,0,0,0,0,0,0,0,0,0,0,0,0,0,0,0,0,0,0,0,0,0,0,0,0,0,0,0,0,0,0,0,0,0,0,0,0,0,0,0,0,0,0,0,0,0,0,0,0,0,0,0,0,0,0,0,0,0,0,0,0,0,0,0,0,0,0,0,0,0,0,0,0,0,0,0,0,0,0,0,0,0,0,0,0,0,0,0,0,0,0,0,0,0,0,0,0,0,0,0,0,0,0,236,901,928,34,56,65,63,59,46,25,-6,-30,-52,-65,-65,-53,-34,-3,25,50,66,64,44,12,-28,-69,-93,-98,-88,-46,9,65,110,134,124,87,31,-36,-103,-151,-167,-149,-93,-12,79,163,207,205,161,76,-36,-142,-227,-269,-244,-157,-34,103,222,294,315,261,137,-28,-186,-308,-371,-354,-250,-88,95,269,391,426,370,232,35,-184,-360,-451,-456,-372,-189,48,267,426,491,459,334,122,-131,-347,-475,-508,-436,-268,-39,204,395,497,492,381,188,-44,-267,-433,-497,-445,-304,-99,129,323,437,454,371,206,-4,-200,-344,-408,-382,-262,-83,106,254,343,351,271,0,-45,-192,-297,-336,-294,-174,-13,148,273,322,292,198,59,-101,-240,-320,-323,-252,-126,32,187,292,339,304,192,42,-116,-251,-330,-331,-254,-123,30,177,284,319,278,181,47,-99,-223,-289,-286,-218,-110,14,133,225,255,224,148,38,-75,-157,-199,-197,-145,-64,22,102,151,158,128,68,-8,-80,-128,-142,-118,-68,2,69,116,132,119,79,16,-53,-104,-128,-130,-97,-39,23,82,132,143,119,64,1,-58,-105,-130,-124,-97,-50,13,71,107,125,112,71,14,-39,-83,-107,-108,-87,-48,2,51,91,111,101,73,34,-16,-70,-107,-126,-128,-114,-79,-39,11,449,648,0,0,0,0,0,0,0,0,0,0,0,0,0,0,0,0,0,0,0,0,0,0,0,0,0,0,0,0,0,0,0,0,0,0,0,0,0,0,0,0,0,0,0,0,0,0,0,0,0,0,0,0,0,0,0,0,0,0,0,0,0,0,0,0,0,0,0,0,0,0,0,0,0,0,0,0,0,0,0,0,0,0,0,0,0,0,0,0,0,0,0,0,0,0,0,0,0,0,0,0,0,0,0,0,0,0,0,0,0,0,0,0,0,0,0,0,0,0,0,0,0,0,0,0,0,0,0,0,0,0,0,0,0,0,0,0,0,0,0,0,0,0,0,0,0,0,0,0,0,0,0,0,0,0,0,0,0,0,0,0,0,0,0,0,0,0,0,0,0,0,0,0,0,0,0,0,0,0,0,0,0,0,0,0,0,0,0,0,0,0,0,0,0,0,0,0,0,0,0,0,0,0,0,0,0,0,0,0,0,0,0,0,0,0,0,0,0,0,0,0,0,0,0,0,0,0,0,0,0,0,0,0,0,0,0,0,0,0,0,0,0,0,0,0,0,0,0,0,0,0,0,0,0,0,0,0,-351,242,-4,-30,-22,-12,10,35,53,62,67,61,45,16,-16,-41,-59,-70,-63,-41,-6,30,60,79,83,60,16,-31,-70,-102,-121,-110,-73,-11,58,118,154,158,121,58,-22,-103,-164,-191,-177,-123,-41,59,156,217,230,196,116,-3,-127,-233,-286,-278,-206,-83,66,207,311,347,301,181,24,-142,-293,-390,-388,-302,-159,36,231,374,444,423,295,104,-113,-315,-447,-481,-414,-258,-36,196,384,493,501,386,185,-51,-274,-443,-519,-480,-336,-115,130,340,471,500,426,254,27,-198,-381,-477,-459,-343,-159,57,260,396,436,382,243,47,-150,-305,-383,-370,-270,-112,64,220,0,344,288,159,-10,-171,-280,-327,-292,-184,-33,129,261,324,303,224,89,-68,-213,-317,-342,-278,-151,5,156,275,337,323,232,89,-79,-228,-321,-330,-272,-154,-6,142,250,315,297,207,79,-54,-177,-254,-262,-216,-129,-15,102,186,224,208,147,54,-43,-125,-172,-178,-140,-68,11,81,132,146,118,63,-10,-76,-125,-141,-117,-62,3,69,120,143,127,84,31,-31,-95,-134,-143,-115,-58,10,70,110,126,118,84,26,-40,-93,-125,-127,-104,-62,-9,49,95,111,110,82,29,-26,-69,-98,-101,-84,-51,-6,37,80,112,116,96,63,18,-30,-73,-107,-125,-129,816,665
29367,mtk,MTK 7916,2780564299,rx0-tx0,512,1181,-662,-796,-66,-171,-263,-339,-398,-410,-406,-365,-301,-211,-96,25,146,266,365,437,479,482,447,375,268,132,-18,-172,-313,-431,-518,-560,-560,-510,-412,-271,-118,49,214,369,492,569,607,592,524,419,285,118,-62,-237,-389,-510,-589,-619,-604,-539,-432,-291,-130,41,211,368,494,576,625,627,580,481,349,192,21,-159,-334,-490,-603,-674,-702,-676,-591,-457,-278,-74,139,352,538,691,793,828,792,688,523,300,56,-200,-448,-659,-825,-913,-920,-857,-710,-500,-238,49,331,584,783,921,979,947,829,637,392,117,-171,-439,-676,-851,-942,-963,-902,-761,-563,-311,-31,247,506,726,874,-273,963,872,716,496,243,-39,-318,-571,-777,-918,-976,-954,-856,-677,-449,-178,123,407,658,855,980,1021,972,846,642,376,74,-234,-525,-773,-964,-1066,-1070,-984,-814,-574,-272,57,384,674,913,1076,1133,1101,963,729,435,94,-253,-587,-867,-1062,-1165,-1157,-1035,-822,-538,-198,166,508,799,1005,1120,1134,1034,843,576,257,-90,-411,-691,-902,-1012,-1038,-962,-799,-566,-276,27,309,559,754,864,892,846,713,520,283,26,-214,-426,-603,-712,-741,-706,-613,-468,-275,-65,144,334,488,590,634,613,534,399,225,30,-166,-346,-476,-552,-566,-507,-384,-205,-10,179,340,430,446,383,252,100,-127,-330,-214,1138,918,-97,-195,-267,-292,-268,-192,-87,36,154,254,326,342,325,271,182,76,-45,-157,-249,-322,-363,-374,-346,-279,-188,-74,48,169,279,373,424,442,413,337,237,102,-52,-200,-335,-441,-503,-523,-487,-397,-273,-110,65,232,378,475,539,549,499,400,266,112,-68,-218,-348,-445,-497,-510,-473,-394,-279,-150,-3,134,263,373,431,466,455,413,333,219,96,-37,-170,-282,-366,-419,-437,-415,-361,-276,-164,-40,86,196,288,354,392,392,362,305,222,118,13,-95,-194,-266,-321,-348,-347,-313,-251,-181,-88,6,94,178,240,283,297,292,269,216,153,91,16,-57,-125,-184,-234,-730,-274,-263,-239,-194,-132,-63,17,95,171,231,272,299,291,266,217,144,58,-25,-112,-184,-242,-274,-288,-273,-239,-190,-132,-62,10,75,140,189,227,241,251,241,211,167,115,60,-7,-78,-142,-193,-241,-272,-281,-270,-243,-200,-134,-51,33,121,209,280,324,349,348,309,248,162,63,-39,-140,-237,-319,-372,-386,-376,-334,-263,-171,-56,51,156,252,320,368,387,376,335,260,168,68,-38,-138,-230,-308,-366,-389,-383,-342,-283,-200,-95,16,126,231,316,374,396,390,350,287,199,97,-11,-121,-224,-309,-364,-394,-390,-358,-298,-213,-123,-13,100,202,294,350,382,393,1348,1349,-701,-645,-471,-388,-362,-306,-232,-127,-16,95,203,298,382,434,449,434,380,291,184,57,-78,-219,-342,-443,-508,-530,-511,-449,-346,-212,-57,107,266,408,512,567,585,553,476,350,199,31,-145,-309,-442,-549,-614,-622,-576,-482,-353,-192,-26,147,308,443,543,605,623,590,509,381,233,71,-101,-272,-423,-540,-622,-659,-649,-591,-479,-324,-148,43,239,424,580,697,749,754,694,573,404,191,-41,-277,-497,-684,-817,-876,-867,-777,-625,-414,-148,121,390,628,813,932,966,911,771,569,313,33,-256,-522,-739,-888,-961,-953,-867,-702,-471,-207,68,349,593,789,922,963,929,820,634,394,-1322,-151,-420,-649,-829,-943,-976,-926,-792,-589,-337,-52,226,495,719,882,984,994,918,766,544,278,-22,-313,-584,-815,-974,-1047,-1027,-918,-731,-477,-170,147,455,724,939,1073,1109,1046,892,660,355,21,-315,-637,-897,-1077,-1158,-1137,-1013,-786,-491,-156,202,540,822,1032,1151,1156,1049,848,561,235,-120,-459,-742,-956,-1080,-1094,-1004,-828,-572,-273,45,364,627,834,948,963,898,755,537,274,3,-264,-499,-674,-789,-815,-768,-660,-498,-283,-54,166,365,528,636,678,662,579,440,261,64,-137,-321,-469,-567,-604,-581,-487,-335,-155,47,241,402,503,527,479,357,184,2,-169,-290,-326,-885,-841,171,-755,-990,-220,-175,-83,33,154,254,315,330,296,230,124,-1,-116,-222,-302,-347,-356,-321,-261,-173,-67,47,170,265,343,389,400,372,308,211,91,-41,-182,-302,-400,-465,-484,-454,-377,-256,-113,50,215,358,466,533,538,496,395,265,112,-65,-233,-377,-475,-536,-540,-481,-396,-267,-119,37,189,320,408,469,484,459,405,304,185,54,-81,-207,-323,-407,-450,-459,-421,-351,-254,-137,-8,119,234,329,395,424,409,359,282,184,71,-46,-153,-247,-324,-366,-376,-360,-310,-242,-155,-55,45,143,220,283,327,329,310,267,201,125,40,-37,-115,-186,-229,-263,-277,-266,-239,-196,-140,-128,-6,63,130,192,239,272,279,269,232,173,110,28,-56,-131,-209,-262,-292,-303,-281,-238,-172,-92,-15,69,137,192,235,258,255,245,214,170,108,49,-11,-75,-132,-181,-217,-242,-258,-255,-223,-189,-138,-65,14,91,160,226,280,309,312,299,259,191,113,24,-76,-176,-259,-325,-366,-368,-349,-301,-222,-123,-10,94,203,291,360,392,387,361,298,210,109,-2,-105,-204,-289,-350,-382,-385,-357,-306,-232,-133,-28,80,181,262,334,378,395,380,333,250,150,41,-72,-181,-274,-348,-385,-398,-381,-332,-252,-156,-50,60,165,260,328,372,392,374,333,262,169,71,-39,161,-156
29368,mtk,MTK 7916,2780564299,rx0-tx1,512,93,264,345,-942,-934,-856,-704,-503,-251,17,283,536,742,899,988,994,921,774,567,304,23,-267,-540,-763,-935,-1026,-1040,-975,-821,-606,-339,-41,264,548,789,968,1070,1083,1020,876,651,373,60,-255,-558,-811,-999,-1110,-1136,-1065,-906,-676,-389,-72,257,561,817,1009,1126,1146,1073,911,680,396,82,-231,-529,-783,-981,-1091,-1123,-1077,-929,-717,-454,-150,165,470,742,960,1093,1142,1105,978,775,512,198,-130,-455,-745,-979,-1131,-1186,-1153,-1015,-797,-503,-161,179,511,801,1024,1161,1192,1120,960,717,427,90,-248,-555,-817,-1003,-1105,-1112,-1025,-853,-625,-340,-35,267,539,759,919,1009,1019,941,795,146,333,48,-233,-496,-717,-882,-981,-992,-928,-796,-596,-346,-71,215,485,716,890,994,1014,954,813,599,335,45,-248,-532,-767,-942,-1041,-1046,-967,-802,-565,-292,9,313,596,825,987,1073,1056,958,777,528,231,-88,-404,-689,-903,-1047,-1105,-1059,-930,-716,-426,-103,222,523,793,993,1092,1094,1002,831,578,269,-60,-383,-670,-885,-1025,-1056,-997,-853,-629,-344,-33,275,548,763,908,957,914,791,602,358,93,-174,-416,-606,-734,-795,-784,-692,-536,-346,-125,102,311,485,598,657,656,586,465,299,102,-93,-276,-427,-531,-566,-532,-445,-307,-129,58,225,353,429,429,361,243,96,-35,-65,48,0,-131,-208,-319,-380,-370,-284,-142,43,225,382,488,521,490,397,257,83,-106,-279,-420,-515,-554,-543,-480,-368,-216,-45,133,303,445,550,615,620,562,454,313,132,-71,-272,-454,-603,-705,-742,-708,-615,-466,-260,-29,220,462,662,803,878,873,785,620,392,113,-175,-447,-681,-853,-953,-969,-889,-729,-508,-235,57,348,605,811,945,994,960,834,646,393,107,-186,-467,-703,-878,-979,-988,-915,-762,-546,-295,-5,280,535,741,883,948,938,847,690,476,225,-49,-305,-540,-737,-866,-929,-912,-820,-667,-453,-208,54,312,542,736,876,943,923,839,682,466,221,-52,-318,-569,-776,-923,-991,-411,-892,-733,-502,-225,67,367,639,856,1004,1073,1053,946,753,502,196,-129,-451,-733,-952,-1094,-1148,-1102,-965,-746,-462,-135,204,523,800,1010,1141,1175,1108,947,711,418,87,-244,-555,-816,-1019,-1143,-1158,-1085,-936,-703,-416,-92,236,536,795,1003,1119,1147,1087,937,712,441,132,-192,-498,-774,-983,-1114,-1160,-1116,-981,-754,-476,-165,164,483,762,984,1122,1172,1128,990,769,489,171,-170,-488,-765,-983,-1120,-1163,-1116,-971,-746,-472,-151,180,488,753,960,1085,1119,1063,923,708,439,137,-179,-470,-725,-918,-1031,-1057,-1000,-869,-664,-410,-133,154,426,659,840,951,984,940,827,641,420,168,189,100,-1894,368,290,-82,178,431,651,826,936,971,934,822,645,421,153,-128,-404,-646,-845,-974,-1022,-996,-884,-700,-463,-176,116,408,671,874,1011,1072,1044,932,742,490,201,-105,-397,-677,-900,-1050,-1114,-1095,-983,-787,-526,-225,97,415,696,922,1077,1145,1122,1006,802,539,233,-92,-400,-685,-911,-1067,-1130,-1108,-1000,-819,-564,-267,42,356,644,867,1032,1119,1119,1033,863,619,325,16,-301,-602,-851,-1043,-1150,-1161,-1082,-912,-666,-357,-22,320,635,898,1095,1191,1184,1085,892,620,296,-53,-385,-689,-931,-1093,-1168,-1126,-999,-792,-520,-211,109,420,685,892,1027,1070,1028,902,713,469,193,-103,-386,-628,206,-956,-1003,-971,-867,-695,-471,-202,81,349,595,804,939,1000,976,876,707,480,211,-81,-371,-630,-844,-979,-1032,-1006,-894,-707,-465,-174,135,431,698,897,1019,1066,1019,884,674,411,108,-205,-498,-755,-951,-1065,-1088,-1022,-862,-625,-345,-17,308,596,848,1022,1099,1077,974,785,513,196,-140,-452,-727,-940,-1062,-1091,-1020,-851,-616,-316,8,320,603,833,976,1027,973,834,625,358,61,-230,-482,-686,-824,-873,-848,-740,-566,-353,-114,133,360,540,660,726,713,635,498,319,123,-84,-280,-439,-559,-613,-601,-532,-409,-244,-49,139,303,434,501,499,433,312,151,-27,-177,-285,-327,-304,444,451,0,196,103,-142,3,176,329,436,478,439,334,170,-15,-198,-360,-478,-542,-538,-475,-365,-213,-42,135,300,442,538,584,577,509,396,252,75,-114,-301,-456,-577,-662,-679,-636,-534,-383,-193,25,246,449,628,749,805,794,702,544,327,79,-194,-454,-676,-847,-936,-930,-842,-671,-444,-172,119,406,652,839,951,980,919,781,571,309,23,-269,-534,-756,-917,-994,-983,-888,-712,-480,-199,95,374,627,818,945,991,938,808,617,374,108,-170,-433,-653,-821,-920,-937,-877,-758,-568,-338,-85,181,426,643,808,904,933,879,755,575,347,82,-186,-438,-665,-830,-934,-962,-912,-794,-606,-362,-78,-92,474,711,901,1007,1039,981,837,626,363,61,-249,-547,-796,-983,-1096,-1114,-1037,-870,-629,-333,-2,333,637,891,1069,1162,1154,1047,851,584,270,-73,-399,-692,-926,-1088,-1162,-1142,-1024,-825,-566,-250,79,393,682,922,1082,1156,1128,1011,829,573,265,-53,-374,-668,-901,-1063,-1148,-1138,-1038,-855,-603,-307,13,331,635,881,1054,1151,1154,1064,886,640,337,7,-330,-636,-886,-1064,-1159,-1162,-1061,-878,-624,-321,10,335,642,877,1047,1137,1128,1026,844,594,301,-15,-327,-612,-846,-1005,-1084,-1070,-974,-802,-557,-274,29,315,579,796,940,1010,1003,914,752,534,277,2,-267,-523,-725,-864,-948,134,212
29369,mtk,MTK 7916,2780564299,rx1-tx0,512,0,-248,-377,643,731,766,729,650,516,343,142,-70,-267,-453,-603,-707,-755,-742,-688,-579,-425,-236,-27,188,396,570,707,793,818,783,685,534,331,102,-145,-377,-583,-749,-867,-914,-885,-794,-636,-413,-163,106,374,624,833,978,1051,1029,928,750,496,202,-116,-443,-744,-988,-1151,-1216,-1168,-1022,-798,-492,-138,234,593,904,1139,1281,1300,1213,1021,734,383,1,-387,-744,-1016,-1197,-1291,-1278,-1151,-925,-624,-273,112,472,790,1041,1198,1264,1226,1079,842,529,181,-182,-529,-825,-1059,-1197,-1235,-1172,-1004,-755,-435,-88,271,605,877,1077,1183,1190,1094,902,633,307,-36,-372,-671,-910,-1074,-1143,-1105,-976,-136,-497,-182,140,457,721,927,1051,1074,1011,861,640,371,70,-237,-519,-748,-917,-1005,-1002,-917,-759,-532,-268,28,310,567,775,903,948,914,817,638,408,153,-106,-360,-582,-749,-846,-877,-824,-693,-522,-315,-73,165,371,551,686,759,766,714,598,447,256,55,-142,-342,-515,-632,-690,-707,-663,-564,-417,-236,-41,156,348,503,623,684,682,623,515,355,165,-38,-235,-410,-543,-632,-668,-631,-537,-403,-225,-40,150,325,460,546,585,575,503,390,238,68,-105,-267,-395,-477,-518,-502,-441,-333,-194,-43,118,261,364,433,444,404,318,192,45,-99,-225,-314,-339,-309,-234,-132,-21,329,159,0,159,290,26,123,205,257,271,233,159,59,-52,-157,-239,-292,-307,-293,-248,-166,-79,16,105,191,256,297,317,307,273,209,130,36,-65,-164,-251,-319,-365,-380,-372,-332,-255,-151,-19,121,262,372,465,528,527,479,386,257,85,-94,-273,-443,-566,-648,-665,-625,-520,-362,-168,46,255,450,607,717,755,725,629,473,268,40,-183,-408,-595,-738,-825,-839,-759,-613,-421,-175,85,343,563,749,869,911,861,735,545,298,33,-247,-502,-710,-865,-935,-922,-832,-660,-436,-167,117,390,631,811,924,949,901,773,567,313,29,-245,-504,-718,-868,-943,-933,-833,-677,-463,-210,60,324,560,236,882,926,904,807,646,424,160,-120,-376,-603,-791,-912,-952,-920,-805,-617,-387,-123,166,436,673,853,956,988,934,803,605,351,74,-206,-483,-715,-884,-986,-999,-934,-793,-595,-341,-61,229,503,732,904,1010,1034,966,822,606,346,55,-254,-535,-779,-959,-1068,-1084,-1005,-849,-616,-331,-22,296,590,839,1022,1113,1105,1007,829,577,278,-36,-360,-640,-876,-1047,-1114,-1088,-974,-778,-512,-202,109,415,689,896,1031,1068,1026,897,698,431,141,-161,-445,-680,-861,-964,-1001,-946,-806,-609,-366,-99,180,435,653,809,895,924,865,736,551,322,72,-181,-413,-601,-750,-829,-841,-787,-662,-493,-331,-211,0,321,158,410,220,2,-210,-397,-560,-677,-744,-750,-706,-611,-466,-289,-82,125,321,502,641,739,778,762,683,552,386,180,-45,-269,-477,-657,-786,-852,-851,-785,-664,-488,-264,-5,251,488,698,856,946,972,915,788,586,330,36,-267,-547,-800,-990,-1099,-1126,-1064,-907,-661,-355,1,353,670,947,1150,1256,1256,1140,919,619,259,-122,-491,-829,-1096,-1260,-1319,-1265,-1097,-828,-505,-141,246,608,909,1130,1258,1281,1188,1006,735,403,43,-324,-658,-940,-1140,-1242,-1243,-1131,-931,-651,-311,45,401,721,981,1151,1223,1193,1058,833,539,203,-146,-486,-780,-1006,-1141,-1172,-1108,-947,-707,-410,-72,266,571,1335,1016,1104,1103,1010,827,583,287,-29,-335,-615,-841,-989,-1051,-1019,-899,-706,-464,-169,133,412,655,838,950,984,922,796,592,335,60,-214,-469,-684,-830,-899,-902,-831,-682,-475,-237,16,274,491,652,775,829,801,713,569,378,162,-61,-269,-448,-588,-692,-727,-712,-643,-512,-333,-144,60,255,424,562,655,695,681,601,470,301,106,-93,-281,-454,-592,-672,-687,-639,-533,-383,-208,-10,195,362,506,593,626,607,528,399,237,63,-123,-286,-419,-512,-550,-541,-480,-371,-230,-67,102,253,374,452,484,472,399,285,148,-5,-154,-282,-370,-405,-379,-306,-191,-53,74,175,237,243,251,385,0,-307,-186,212,198,140,54,-58,-167,-250,-294,-299,-263,-196,-103,0,97,191,256,297,306,288,240,165,88,-4,-95,-182,-258,-309,-337,-336,-309,-260,-186,-88,22,137,252,344,416,455,455,409,320,213,59,-106,-265,-410,-526,-593,-599,-559,-460,-310,-127,78,275,460,598,694,719,678,572,413,212,-13,-236,-441,-616,-743,-793,-779,-698,-542,-348,-119,141,386,590,753,851,865,806,677,487,243,-30,-303,-545,-746,-873,-925,-894,-776,-599,-373,-103,175,444,673,836,932,940,869,713,498,237,-42,-308,-562,-765,-897,-950,-917,-808,-624,-392,-124,161,425,645,813,910,931,870,741,-351,311,50,-219,-469,-688,-843,-932,-933,-860,-725,-528,-276,-3,266,526,734,883,971,964,874,718,496,235,-52,-333,-583,-792,-927,-986,-967,-875,-698,-474,-205,86,367,616,817,955,1013,994,884,706,479,212,-84,-377,-639,-853,-994,-1061,-1035,-918,-734,-486,-198,115,417,687,907,1043,1100,1063,936,734,465,153,-171,-477,-746,-958,-1080,-1120,-1066,-910,-695,-406,-85,237,536,792,984,1080,1086,1013,849,611,325,16,-281,-561,-794,-956,-1033,-1027,-929,-763,-528,-262,26,312,564,760,899,960,943,845,687,459,218,-51,-316,-542,-721,-838,-887,-863,-769,-618,-419,-183,57,291,491,648,-130,-289
29370,mtk,MTK 7916,2780564299,rx1-tx1,512,0,0,0,-763,-721,-503,-166,208,532,722,731,561,258,-102,-440,-664,-721,-594,-323,28,366,611,708,625,379,29,-318,-578,-700,-650,-427,-91,267,563,717,689,490,161,-219,-546,-733,-744,-568,-240,157,513,751,798,643,324,-81,-475,-761,-864,-749,-445,-26,412,755,918,859,593,175,-292,-700,-939,-957,-745,-353,127,585,902,998,857,517,51,-432,-809,-987,-930,-649,-216,270,685,930,947,734,347,-117,-545,-839,-922,-787,-460,-25,410,734,881,807,534,134,-295,-649,-842,-819,-587,-218,196,565,796,820,640,300,-110,-495,-759,-831,-696,-389,19,424,722,841,755,480,85,-337,-681,0,-819,-581,-198,243,628,860,888,701,341,-114,-551,-869,-974,-843,-503,-37,443,826,1025,981,699,251,-264,-733,-1032,-1087,-894,-486,43,568,967,1139,1049,717,216,-343,-825,-1108,-1143,-909,-457,106,645,1024,1162,1031,658,129,-427,-884,-1136,-1120,-839,-355,222,744,1097,1191,1008,592,29,-555,-1010,-1226,-1170,-841,-316,279,813,1167,1268,1096,667,84,-510,-986,-1244,-1229,-946,-460,115,656,1048,1210,1103,762,264,-271,-732,-1028,-1091,-915,-557,-91,382,757,952,935,725,375,-46,-445,-734,-855,-793,-573,-240,135,466,690,771,698,494,206,-112,-396,-595,-683,-651,-519,-323,-102,104,263,366,0,0,0,0,0,-307,-237,-114,56,243,415,540,577,514,361,135,-131,-389,-579,-666,-625,-458,-190,125,422,642,733,672,465,157,-202,-526,-740,-796,-685,-420,-54,333,658,847,844,653,315,-105,-507,-804,-928,-844,-574,-171,284,678,925,965,791,436,-22,-475,-831,-998,-943,-672,-252,227,656,933,996,830,483,33,-422,-778,-956,-903,-639,-232,221,619,858,895,732,393,-40,-453,-755,-872,-777,-488,-91,323,656,832,809,590,226,-189,-562,-798,-840,-683,-361,56,462,754,868,773,490,94,-323,-671,-860,-846,-632,-272,146,526,784,856,721,418,21,-374,-674,-811,-752,-512,-153,236,561,746,0,550,231,-142,-486,-702,-733,-581,-289,74,427,673,750,634,358,-14,-384,-663,-782,-711,-457,-80,326,657,827,798,574,202,-231,-612,-841,-871,-691,-342,110,536,836,939,814,487,42,-424,-792,-974,-920,-648,-213,279,709,970,1003,788,383,-116,-586,-926,-1045,-912,-563,-78,426,826,1031,992,717,273,-233,-676,-955,-1006,-818,-439,34,490,822,955,852,549,120,-331,-693,-871,-830,-591,-217,205,566,777,790,612,279,-120,-482,-717,-767,-623,-324,62,425,675,759,652,379,10,-359,-642,-773,-707,-460,-100,280,595,762,744,545,210,-180,-522,-736,-770,-621,-325,52,416,677,772,0,0,0,0,0,111,-265,-579,-747,-730,-539,-217,152,478,686,728,588,297,-64,-405,-640,-711,-607,-350,-6,339,594,701,631,398,63,-292,-574,-711,-669,-457,-129,243,561,732,717,520,196,-186,-531,-744,-772,-607,-279,124,501,757,831,702,389,-29,-448,-765,-893,-804,-514,-94,352,722,932,916,669,255,-224,-650,-927,-989,-812,-439,41,513,861,999,898,587,134,-347,-742,-956,-941,-699,-287,184,609,883,938,762,403,-44,-475,-788,-906,-799,-497,-78,358,696,859,810,565,177,-250,-606,-811,-813,-614,-263,155,538,779,822,662,341,-63,-454,-736,-833,-722,-433,-34,379,698,846,786,533,0,-291,-650,-852,-853,-644,-265,184,594,866,934,770,417,-40,-498,-851,-1000,-911,-595,-134,367,786,1029,1032,789,361,-164,-662,-1013,-1126,-972,-599,-80,470,906,1136,1109,817,331,-229,-736,-1074,-1160,-967,-558,-25,521,955,1156,1078,748,239,-326,-817,-1124,-1162,-920,-462,102,659,1063,1223,1093,710,161,-425,-931,-1225,-1236,-970,-493,102,674,1101,1280,1174,814,280,-315,-834,-1168,-1245,-1047,-625,-81,462,892,1128,1117,864,430,-81,-559,-900,-1034,-942,-658,-244,211,601,845,903,768,473,91,-294,-606,-785,-799,-647,-371,-29,305,569,715,726,604,380,108,-158,-381,-526,-579,-539,-431,-278,0,0,0,0,0,-208,-342,-439,-482,-456,-348,-165,65,301,498,617,624,522,313,37,-258,-513,-671,-696,-580,-340,-17,316,593,750,749,583,288,-76,-430,-708,-832,-771,-540,-183,226,600,840,895,758,445,27,-404,-752,-936,-913,-686,-308,149,586,895,1001,884,568,124,-351,-748,-978,-987,-765,-380,88,542,865,977,871,567,135,-320,-695,-901,-898,-685,-312,126,529,809,893,753,446,29,-391,-713,-857,-796,-543,-158,264,615,814,823,633,287,-132,-515,-777,-851,-726,-424,-17,396,720,874,816,561,178,-243,-609,-829,-856,-684,-359,53,447,733,840,742,468,96,-294,-615,-774,-744,-538,-199,0,516,707,725,561,254,-116,-456,-682,-738,-607,-316,57,414,669,762,662,398,30,-358,-664,-809,-756,-513,-138,279,632,840,840,635,270,-164,-570,-841,-910,-759,-417,35,488,827,960,862,563,121,-363,-760,-978,-966,-722,-302,196,652,953,1024,854,476,-16,-510,-888,-1049,-957,-641,-176,330,753,999,1009,778,363,-134,-591,-899,-988,-843,-504,-48,408,760,917,848,575,173,-259,-619,-822,-816,-603,-245,167,525,742,774,617,297,-93,-448,-689,-755,-630,-349,16,385,661,760,668,417,59,-321,-620,-762,-722,-505,-154,230,556,757,764,584,264,-119,-477,-714,-783,-663,-379,-2,0,0
29371,mtk,MTK 7916,2780564299,rx2-tx0,512,0,0,0,-717,-671,-464,-148,207,516,701,717,565,282,-64,-399,-643,-729,-638,-398,-67,276,551,691,664,476,178,-159,-454,-642,-669,-532,-269,51,357,567,633,552,338,42,-260,-492,-591,-552,-377,-106,188,421,544,527,382,142,-125,-359,-498,-510,-392,-166,95,321,462,488,387,184,-68,-298,-448,-482,-391,-200,44,279,445,496,412,224,-26,-272,-450,-510,-446,-262,-10,246,444,537,490,320,69,-204,-427,-542,-521,-375,-136,138,384,533,550,433,201,-83,-343,-520,-579,-499,-283,3,286,494,585,538,361,93,-198,-443,-573,-566,-431,-191,93,353,526,572,476,260,-9,-270,-465,0,-480,-304,-58,200,407,510,485,334,101,-159,-377,-503,-502,-375,-151,118,361,517,543,433,213,-63,-332,-522,-585,-502,-294,-12,277,508,619,575,392,111,-204,-474,-630,-643,-502,-232,110,427,642,703,597,345,4,-340,-610,-740,-700,-487,-150,230,572,784,810,649,338,-58,-452,-748,-874,-805,-552,-172,247,611,848,895,746,430,17,-395,-713,-870,-839,-626,-271,135,501,752,837,737,478,118,-255,-564,-744,-759,-611,-331,18,352,594,707,665,480,200,-108,-382,-574,-642,-570,-384,-126,152,389,535,571,500,336,115,-115,-314,-447,-491,-449,-341,-190,-30,118,229,286,291,0,0,0,0,0,-253,-246,-203,-112,13,149,278,377,415,382,282,122,-71,-260,-404,-475,-458,-351,-160,64,278,437,516,485,350,136,-114,-340,-493,-550,-489,-311,-62,199,423,560,581,468,247,-28,-299,-509,-605,-568,-403,-142,145,398,559,596,500,290,17,-258,-468,-575,-546,-383,-139,128,363,509,528,425,223,-30,-268,-447,-512,-449,-275,-46,190,376,470,441,304,98,-135,-337,-449,-440,-312,-113,109,320,452,461,355,158,-88,-309,-463,-507,-423,-230,25,275,463,549,503,335,80,-196,-425,-557,-560,-430,-191,98,360,532,584,501,289,0,-279,-488,-589,-552,-376,-105,189,437,582,0,445,191,-108,-381,-564,-609,-508,-281,17,311,531,625,564,369,76,-241,-500,-634,-617,-449,-171,155,446,633,665,529,267,-62,-377,-602,-680,-598,-371,-47,287,546,674,635,440,138,-199,-489,-659,-666,-507,-218,117,426,637,687,567,303,-39,-375,-618,-707,-621,-384,-51,305,589,729,686,478,153,-218,-531,-714,-727,-568,-268,92,436,675,746,637,374,19,-339,-606,-722,-665,-444,-116,233,526,690,679,502,204,-137,-446,-639,-675,-538,-279,49,369,593,667,574,334,17,-298,-542,-649,-592,-388,-87,238,504,644,622,450,161,-174,-471,-651,-667,-523,-252,80,398,620,692,0,0,0,0,0,75,-272,-561,-715,-700,-518,-215,142,462,674,725,601,336,-8,-347,-604,-712,-653,-444,-125,214,499,664,670,507,228,-103,-405,-602,-651,-542,-304,0,303,527,620,561,359,75,-214,-450,-576,-553,-383,-120,159,390,522,522,387,158,-105,-334,-475,-499,-386,-178,75,308,465,491,389,187,-56,-287,-450,-487,-399,-209,37,280,444,496,425,243,-5,-258,-448,-524,-466,-292,-41,223,435,534,501,342,98,-170,-399,-535,-533,-404,-167,114,368,531,567,460,238,-45,-317,-515,-586,-514,-319,-47,234,464,582,556,393,139,-146,-399,-556,-579,-457,-229,45,307,496,562,486,297,0,-234,-440,-528,-483,-317,-78,177,396,515,493,352,123,-146,-378,-511,-519,-398,-172,102,357,525,562,460,246,-31,-312,-525,-610,-547,-349,-61,249,498,631,613,445,164,-166,-459,-644,-677,-548,-279,57,382,629,727,647,417,82,-292,-601,-767,-755,-567,-240,150,517,771,858,748,457,56,-352,-691,-881,-872,-663,-305,120,515,797,904,809,538,154,-263,-617,-828,-860,-702,-389,3,385,673,808,762,551,229,-135,-463,-682,-747,-649,-417,-98,228,499,650,661,532,295,5,-274,-488,-599,-587,-454,-232,25,261,441,533,519,413,242,42,-152,-304,-395,-415,-370,-279,-165,-45,0,0,0,0,0,-37,-137,-234,-313,-353,-342,-270,-142,22,195,342,434,449,383,241,49,-163,-350,-474,-502,-427,-260,-39,192,392,514,523,423,228,-22,-277,-469,-558,-533,-395,-159,117,367,541,599,521,321,52,-225,-460,-594,-591,-457,-228,60,332,531,600,534,353,97,-188,-422,-546,-540,-415,-196,66,311,477,526,447,266,22,-226,-409,-489,-449,-297,-77,156,348,451,437,314,107,-127,-329,-441,-438,-327,-127,105,315,452,479,380,189,-57,-292,-468,-527,-457,-278,-31,237,452,559,533,378,130,-150,-397,-556,-579,-464,-238,48,321,519,595,526,326,50,-239,-472,-590,-568,-405,-146,0,416,575,600,480,237,-65,-350,-549,-614,-534,-322,-32,270,515,636,596,402,109,-210,-483,-644,-648,-497,-222,106,411,619,676,571,324,4,-322,-570,-678,-622,-415,-98,244,520,669,654,473,180,-159,-459,-647,-675,-536,-263,76,402,628,697,593,343,1,-340,-604,-722,-659,-436,-105,262,559,716,711,525,205,-166,-493,-699,-741,-603,-319,45,391,642,737,653,409,70,-284,-571,-711,-676,-483,-168,184,482,657,671,520,245,-94,-403,-608,-659,-547,-295,28,342,569,652,578,359,49,-272,-521,-643,-608,-416,-114,212,483,642,647,490,208,-128,-437,-636,-677,-564,-316,15,0,0
29372,mtk,MTK 7916,2780564299,rx2-tx1,512,0,0,0,624,537,328,45,-256,-498,-627,-606,-441,-177,125,407,594,639,534,308,5,-302,-535,-640,-595,-415,-136,186,461,614,623,491,243,-68,-367,-576,-651,-574,-349,-40,278,535,671,644,470,183,-149,-452,-646,-688,-575,-333,-7,322,577,698,663,470,177,-145,-439,-632,-671,-558,-323,-10,296,526,623,580,406,144,-150,-401,-547,-558,-448,-235,27,270,443,514,455,292,73,-151,-335,-433,-418,-301,-126,69,238,348,374,305,162,-5,-165,-287,-328,-287,-180,-35,122,242,284,256,177,56,-88,-204,-260,-244,-172,-61,57,159,220,219,167,79,-32,-136,-197,-201,-159,-80,27,0,185,207,171,87,-15,-120,-196,-221,-197,-124,-19,90,180,226,221,158,67,-48,-155,-223,-235,-198,-118,-10,89,168,213,214,167,76,-19,-101,-162,-185,-158,-107,-36,38,90,112,109,74,22,-30,-56,-55,-36,-5,26,54,66,54,19,-28,-87,-129,-130,-100,-52,19,105,165,196,185,125,30,-76,-161,-221,-236,-205,-131,-23,90,182,239,240,192,105,-6,-118,-206,-246,-233,-172,-72,43,144,208,225,195,126,37,-66,-151,-200,-201,-162,-88,0,86,151,184,176,133,63,-22,-99,-148,-168,-153,-107,-45,22,86,133,154,146,115,72,22,-27,-63,-86,-95,0,0,0,0,0,89,52,6,-53,-116,-167,-193,-192,-161,-100,-17,78,166,225,248,225,160,61,-55,-166,-240,-271,-246,-170,-61,61,176,260,288,251,160,35,-96,-214,-286,-300,-255,-156,-13,128,239,303,299,232,124,-10,-149,-250,-287,-259,-188,-86,43,159,228,244,207,127,27,-76,-150,-187,-184,-142,-69,17,90,129,129,99,51,-7,-57,-81,-75,-49,-7,42,78,85,62,12,-57,-112,-133,-127,-94,-22,73,154,192,186,138,58,-46,-158,-242,-262,-224,-133,-7,130,244,304,290,211,81,-76,-228,-329,-364,-315,-191,-13,176,329,403,387,288,116,-88,-278,-409,-444,-375,0,-17,202,380,473,452,326,123,-107,-318,-472,-514,-431,-245,-8,237,426,521,497,353,123,-132,-364,-517,-548,-461,-273,-14,262,472,567,528,372,130,-140,-376,-524,-552,-444,-237,21,275,469,555,505,336,92,-175,-395,-512,-511,-394,-189,69,305,459,498,424,258,30,-203,-375,-457,-426,-290,-88,132,311,396,377,271,104,-83,-248,-351,-361,-279,-124,66,240,344,361,276,115,-67,-229,-342,-367,-291,-137,51,233,361,393,324,170,-25,-223,-372,-430,-387,-246,-31,202,386,483,459,323,104,-144,-369,-505,-527,-422,-221,39,299,496,577,521,344,80,-199,-436,-579,-581,0,0,0,0,0,24,313,527,625,580,391,111,-196,-458,-619,-634,-497,-243,62,356,567,641,563,355,68,-243,-497,-632,-617,-453,-179,136,414,596,642,532,296,-12,-325,-567,-669,-615,-412,-112,214,503,678,683,523,254,-73,-392,-619,-704,-631,-409,-88,242,507,664,670,521,254,-66,-369,-584,-657,-570,-360,-77,224,467,593,574,432,199,-78,-329,-490,-545,-470,-276,-33,199,384,469,435,307,110,-102,-279,-385,-400,-315,-157,31,203,317,344,289,174,13,-147,-255,-303,-274,-170,-30,97,202,267,256,184,71,-58,-171,-235,-234,-168,-71,44,145,207,216,165,69,-37,-125,-192,-213,0,-75,26,125,192,211,175,99,-4,-108,-191,-226,-206,-138,-37,73,172,231,233,178,91,-18,-122,-198,-231,-215,-150,-52,56,145,189,195,159,95,14,-64,-121,-142,-131,-88,-31,17,57,83,74,44,5,-34,-54,-46,-25,8,50,80,88,66,18,-41,-98,-155,-175,-149,-88,-13,80,166,223,228,174,83,-28,-126,-203,-241,-231,-168,-67,47,145,218,247,219,138,24,-86,-175,-230,-231,-182,-97,3,107,189,227,208,145,54,-41,-129,-181,-195,-169,-111,-26,58,124,169,180,143,80,12,-58,-124,-162,-166,-139,-85,-21,38,88,126,134,120,90,57,25,0,0,0,0,0,90,126,152,157,137,89,24,-58,-137,-196,-226,-217,-172,-94,8,112,193,243,253,211,126,3,-117,-215,-272,-274,-214,-112,8,140,246,292,278,211,97,-44,-176,-270,-307,-284,-199,-70,74,197,277,294,254,162,36,-96,-202,-266,-274,-217,-121,-5,107,185,220,209,145,51,-44,-120,-157,-152,-122,-67,8,74,101,100,70,26,-26,-63,-76,-62,-22,29,77,105,99,67,9,-69,-134,-167,-160,-110,-26,72,159,210,222,189,89,-35,-154,-251,-292,-268,-178,-41,112,246,333,342,272,133,-35,-208,-331,-379,-354,-239,-64,133,307,417,426,340,171,-41,-246,0,-462,-416,-274,-65,162,355,469,482,381,191,-53,-285,-456,-527,-474,-308,-76,180,399,529,540,421,202,-55,-305,-488,-561,-497,-318,-64,202,421,541,539,411,189,-83,-334,-503,-557,-484,-292,-35,231,438,536,512,370,141,-112,-338,-490,-513,-408,-216,17,246,413,474,420,269,56,-162,-333,-421,-403,-277,-88,107,276,383,385,286,119,-75,-245,-343,-355,-279,-128,59,231,343,364,289,136,-59,-230,-339,-368,-303,-154,39,232,367,410,349,201,-7,-221,-384,-457,-423,-281,-61,176,380,499,498,380,166,-102,-348,-512,-557,-478,-286,-20,254,473,582,558,407,157,-139,0,0
29373,mtk,MTK 7916,2780606013,rx0-tx0,512,0,0,0,0,0,0,0,0,0,0,0,0,0,0,0,0,0,0,0,0,0,0,0,0,0,0,0,0,0,0,0,0,0,0,0,0,0,0,0,0,0,0,0,0,0,0,0,0,0,0,0,0,0,0,0,0,0,0,0,0,0,0,0,0,0,0,0,0,0,0,0,0,0,0,0,0,0,0,0,0,0,0,0,0,0,0,0,0,0,0,0,0,0,0,0,0,0,0,0,0,0,0,0,0,0,0,0,0,0,0,0,0,0,0,0,0,0,0,0,0,0,0,0,0,0,0,0,0,0,0,0,0,0,0,0,0,0,0,0,0,0,0,0,0,0,0,0,0,0,0,0,0,0,0,0,0,0,0,0,0,0,0,0,0,0,0,0,0,0,0,0,0,0,0,0,0,0,0,0,0,0,0,0,0,0,0,0,0,0,0,0,0,0,0,0,0,0,0,0,0,0,0,0,0,0,0,0,0,0,0,0,0,0,0,0,0,0,0,0,0,0,0,0,0,0,0,0,0,0,0,0,0,0,0,0,0,0,0,0,0,0,0,0,0,0,0,0,0,0,0,0,0,0,0,0,0,-273,963,872,40,-98,-248,-355,-389,-360,-265,-125,22,171,301,396,448,455,420,339,224,86,-72,-229,-368,-480,-554,-577,-551,-473,-341,-174,4,193,374,518,625,681,678,613,497,346,159,-42,-237,-424,-573,-674,-729,-741,-690,-587,-441,-260,-59,149,355,543,688,796,845,832,758,620,433,214,-31,-276,-510,-710,-855,-938,-966,-909,-779,-586,-352,-81,189,442,669,853,964,1001,968,864,677,446,196,-77,-336,-565,-757,-879,-943,-930,-853,-712,-529,-310,-73,157,372,550,686,768,799,777,705,592,442,274,94,-95,-264,-416,-541,-632,-686,-701,-676,-605,-498,-366,-215,-44,140,315,473,1181,685,731,732,685,595,463,299,115,-80,-278,-449,-593,-703,-771,-786,-752,-671,-547,-388,-198,0,206,406,580,721,827,882,891,830,711,543,331,85,-181,-438,-687,-890,-1039,-1122,-1122,-1031,-858,-617,-319,11,350,670,945,1151,1275,1294,1213,1044,791,463,93,-272,-630,-936,-1167,-1308,-1341,-1270,-1104,-855,-542,-189,188,546,845,1089,1246,1300,1261,1118,895,600,264,-99,-451,-763,-1025,-1197,-1269,-1240,-1116,-891,-591,-241,132,488,793,1032,1182,1220,1144,969,708,393,46,-293,-596,-843,-1002,-1068,-1036,-907,-706,-443,-148,156,441,685,867,962,969,872,666,371,13,-368,-695,-898,-925,-799,726,874,0,0,0,0,0,0,0,0,0,0,0,0,0,0,0,0,0,0,0,0,0,0,0,0,0,0,0,0,0,0,0,0,0,0,0,0,0,0,0,0,0,0,0,0,0,0,0,0,0,0,0,0,0,0,0,0,0,0,0,0,0,0,0,0,0,0,0,0,0,0,0,0,0,0,0,0,0,0,0,0,0,0,0,0,0,0,0,0,0,0,0,0,0,0,0,0,0,0,0,0,0,0,0,0,0,0,0,0,0,0,0,0,0,0,0,0,0,0,0,0,0,0,0,0,0,0,0,0,0,0,0,0,0,0,0,0,0,0,0,0,0,0,0,0,0,0,0,0,0,0,0,0,0,0,0,0,0,0,0,0,0,0,0,0,0,0,0,0,0,0,0,0,0,0,0,0,0,0,0,0,0,0,0,0,0,0,0,0,0,0,0,0,0,0,0,0,0,0,0,0,0,0,0,0,0,0,0,0,0,0,0,0,0,0,0,0,0,0,0,0,0,0,0,0,0,0,0,0,0,0,0,0,0,0,0,0,0,0,0,0,0,0,0,0,0,0,0,0,0,0,0,0,0,0,0,0,-1322,-151,-420,-279,-304,-251,-123,32,190,322,398,422,402,327,212,73,-73,-217,-342,-438,-500,-512,-474,-389,-269,-118,51,222,383,516,600,634,622,543,416,254,69,-133,-325,-493,-623,-700,-720,-688,-604,-461,-285,-97,101,301,478,629,733,781,777,722,607,449,249,31,-199,-424,-620,-774,-872,-907,-879,-779,-621,-405,-162,106,376,605,791,922,991,978,892,745,535,281,11,-257,-522,-741,-884,-969,-984,-922,-800,-609,-379,-127,130,368,575,730,843,885,865,781,643,468,275,68,-136,-328,-490,-614,-693,-734,-728,-675,-590,-465,-316,-153,21,192,356,491,596,671,710,702,647,557,-701,265,82,-106,-288,-459,-600,-697,-749,-760,-718,-626,-495,-334,-145,54,246,426,579,705,784,817,807,740,620,461,270,56,-167,-404,-612,-790,-919,-992,-999,-938,-803,-604,-359,-71,240,541,811,1025,1170,1227,1188,1060,846,565,228,-134,-486,-801,-1064,-1252,-1332,-1311,-1190,-968,-673,-328,49,417,751,1031,1222,1323,1320,1204,1008,741,403,40,-323,-654,-935,-1144,-1262,-1285,-1198,-1029,-774,-446,-91,271,614,910,1123,1240,1249,1147,952,674,337,-33,-384,-694,-938,-1098,-1154,-1099,-947,-712,-421,-109,209,499,740,907,991,978,880,701,453,157,-161,-476,-748,-934,-1013,-947,-718,-369,37,353,634,394
29374,mtk,MTK 7916,2780606013,rx0-tx1,512,0,0,0,0,0,0,0,0,0,0,0,0,0,0,0,0,0,0,0,0,0,0,0,0,0,0,0,0,0,0,0,0,0,0,0,0,0,0,0,0,0,0,0,0,0,0,0,0,0,0,0,0,0,0,0,0,0,0,0,0,0,0,0,0,0,0,0,0,0,0,0,0,0,0,0,0,0,0,0,0,0,0,0,0,0,0,0,0,0,0,0,0,0,0,0,0,0,0,0,0,0,0,0,0,0,0,0,0,0,0,0,0,0,0,0,0,0,0,0,0,0,0,0,0,0,0,0,0,0,0,0,0,0,0,0,0,0,0,0,0,0,0,0,0,0,0,0,0,0,0,0,0,0,0,0,0,0,0,0,0,0,0,0,0,0,0,0,0,0,0,0,0,0,0,0,0,0,0,0,0,0,0,0,0,0,0,0,0,0,0,0,0,0,0,0,0,0,0,0,0,0,0,0,0,0,0,0,0,0,0,0,0,0,0,0,0,0,0,0,0,0,0,0,0,0,0,0,0,0,0,0,0,0,0,0,0,0,0,0,0,0,0,0,0,0,0,0,0,0,0,0,0,0,0,0,0,-730,-274,-263,136,244,313,308,238,118,-26,-165,-288,-374,-421,-415,-369,-281,-159,-18,131,281,410,510,559,560,511,408,257,71,-131,-331,-512,-651,-727,-752,-711,-604,-438,-223,10,247,483,679,817,895,903,835,702,507,256,-9,-280,-542,-758,-921,-1016,-1028,-968,-834,-637,-378,-86,210,501,746,946,1076,1137,1099,983,805,564,272,-40,-357,-648,-900,-1089,-1204,-1231,-1166,-1024,-805,-522,-189,161,497,805,1058,1233,1330,1320,1213,1032,758,425,63,-304,-665,-969,-1200,-1355,-1398,-1343,-1201,-961,-652,-294,86,464,807,1089,1296,1401,1405,1310,1124,854,518,155,-223,-575,-889,-1139,-1317,-1391,-1373,-1265,-214,-768,-426,-72,294,634,934,1165,1316,1380,1350,1221,1014,735,402,35,-327,-677,-977,-1208,-1358,-1410,-1370,-1236,-1006,-693,-334,44,422,780,1081,1309,1433,1444,1363,1188,929,591,218,-170,-541,-876,-1146,-1331,-1419,-1401,-1286,-1086,-803,-465,-98,274,628,933,1162,1311,1368,1330,1192,973,685,347,-12,-371,-707,-994,-1205,-1331,-1358,-1277,-1106,-858,-531,-163,213,573,894,1142,1302,1360,1302,1142,891,565,192,-194,-562,-884,-1119,-1267,-1297,-1210,-1032,-761,-422,-58,309,637,904,1077,1147,1113,981,766,486,171,-146,-439,-685,-858,-953,-957,-879,-718,-487,-207,97,399,668,862,948,906,716,402,23,-290,-184,-234,0,0,0,0,0,0,0,0,0,0,0,0,0,0,0,0,0,0,0,0,0,0,0,0,0,0,0,0,0,0,0,0,0,0,0,0,0,0,0,0,0,0,0,0,0,0,0,0,0,0,0,0,0,0,0,0,0,0,0,0,0,0,0,0,0,0,0,0,0,0,0,0,0,0,0,0,0,0,0,0,0,0,0,0,0,0,0,0,0,0,0,0,0,0,0,0,0,0,0,0,0,0,0,0,0,0,0,0,0,0,0,0,0,0,0,0,0,0,0,0,0,0,0,0,0,0,0,0,0,0,0,0,0,0,0,0,0,0,0,0,0,0,0,0,0,0,0,0,0,0,0,0,0,0,0,0,0,0,0,0,0,0,0,0,0,0,0,0,0,0,0,0,0,0,0,0,0,0,0,0,0,0,0,0,0,0,0,0,0,0,0,0,0,0,0,0,0,0,0,0,0,0,0,0,0,0,0,0,0,0,0,0,0,0,0,0,0,0,0,0,0,0,0,0,0,0,0,0,0,0,0,0,0,0,0,0,0,0,0,0,0,0,0,0,0,0,0,0,0,0,0,0,0,0,0,0,-128,-6,63,204,140,12,-136,-264,-352,-381,-355,-279,-169,-36,109,241,357,442,478,477,428,334,199,32,-144,-318,-472,-590,-656,-664,-616,-503,-334,-130,87,312,513,682,789,829,811,720,557,350,108,-148,-404,-628,-812,-929,-973,-951,-846,-667,-437,-166,125,398,654,861,1008,1074,1068,978,817,589,317,16,-292,-573,-821,-1023,-1148,-1185,-1135,-1003,-798,-539,-231,92,418,717,974,1163,1270,1280,1199,1036,787,481,138,-232,-572,-885,-1144,-1302,-1365,-1341,-1222,-997,-713,-361,17,387,732,1032,1254,1382,1412,1342,1164,910,585,213,-160,-527,-859,-1127,-1310,-1397,-1384,-1272,-1074,-802,-472,-105,261,620,171,1161,1307,1374,1345,1226,1021,743,415,59,-306,-646,-943,-1180,-1335,-1392,-1356,-1227,-1008,-722,-376,-3,367,721,1024,1260,1399,1440,1382,1218,971,652,279,-105,-486,-828,-1121,-1323,-1425,-1429,-1335,-1141,-862,-527,-155,223,584,902,1161,1323,1392,1365,1239,1026,739,406,39,-325,-666,-951,-1173,-1307,-1348,-1297,-1154,-925,-629,-281,93,458,784,1054,1253,1349,1343,1233,1027,735,391,10,-373,-721,-1013,-1223,-1327,-1317,-1202,-983,-689,-335,54,424,750,1016,1181,1238,1184,1024,778,465,126,-218,-533,-793,-969,-1048,-1029,-923,-737,-489,-206,86,366,611,802,914,934,855,677,406,73,-282,-607,-821,-871,-770,-196,-140
29375,mtk,MTK 7916,2780606013,rx1-tx0,512,0,0,0,0,0,0,0,0,0,0,0,0,0,0,0,0,0,0,0,0,0,0,0,0,0,0,0,0,0,0,0,0,0,0,0,0,0,0,0,0,0,0,0,0,0,0,0,0,0,0,0,0,0,0,0,0,0,0,0,0,0,0,0,0,0,0,0,0,0,0,0,0,0,0,0,0,0,0,0,0,0,0,0,0,0,0,0,0,0,0,0,0,0,0,0,0,0,0,0,0,0,0,0,0,0,0,0,0,0,0,0,0,0,0,0,0,0,0,0,0,0,0,0,0,0,0,0,0,0,0,0,0,0,0,0,0,0,0,0,0,0,0,0,0,0,0,0,0,0,0,0,0,0,0,0,0,0,0,0,0,0,0,0,0,0,0,0,0,0,0,0,0,0,0,0,0,0,0,0,0,0,0,0,0,0,0,0,0,0,0,0,0,0,0,0,0,0,0,0,0,0,0,0,0,0,0,0,0,0,0,0,0,0,0,0,0,0,0,0,0,0,0,0,0,0,0,0,0,0,0,0,0,0,0,0,0,0,0,0,0,0,0,0,0,0,0,0,0,0,0,0,0,0,0,0,0,146,333,48,-127,-93,-28,53,133,184,200,183,142,77,0,-76,-143,-192,-218,-223,-199,-160,-101,-26,51,124,183,218,236,227,197,145,79,5,-64,-130,-182,-212,-217,-201,-176,-133,-80,-15,38,88,134,158,168,157,139,113,78,40,9,-28,-57,-73,-85,-84,-78,-67,-54,-50,-35,-22,-21,-29,-29,-31,-32,-26,-22,-18,12,45,86,117,147,165,168,168,144,99,42,-30,-116,-189,-246,-291,-307,-300,-252,-174,-99,5,120,211,293,353,383,377,333,264,171,64,-51,-162,-262,-335,-387,-405,-382,-336,-260,-157,-45,70,179,273,338,377,389,372,334,264,157,60,-46,93,-263,-330,-374,-387,-368,-332,-254,-151,-53,60,164,242,305,350,356,329,288,225,132,43,-41,-127,-201,-254,-285,-291,-277,-239,-187,-121,-50,22,94,149,185,206,220,209,197,167,117,67,12,-32,-76,-115,-137,-157,-165,-155,-136,-115,-86,-47,-12,23,56,87,110,118,124,125,111,95,74,47,22,-8,-37,-46,-63,-92,-109,-115,-113,-107,-93,-74,-39,2,32,72,110,134,148,156,146,116,82,31,-22,-71,-117,-143,-164,-172,-155,-120,-85,-31,23,75,123,151,164,150,122,89,45,-1,-46,-88,-114,-125,-122,-108,-79,-38,1,42,79,99,98,76,57,941,795,0,0,0,0,0,0,0,0,0,0,0,0,0,0,0,0,0,0,0,0,0,0,0,0,0,0,0,0,0,0,0,0,0,0,0,0,0,0,0,0,0,0,0,0,0,0,0,0,0,0,0,0,0,0,0,0,0,0,0,0,0,0,0,0,0,0,0,0,0,0,0,0,0,0,0,0,0,0,0,0,0,0,0,0,0,0,0,0,0,0,0,0,0,0,0,0,0,0,0,0,0,0,0,0,0,0,0,0,0,0,0,0,0,0,0,0,0,0,0,0,0,0,0,0,0,0,0,0,0,0,0,0,0,0,0,0,0,0,0,0,0,0,0,0,0,0,0,0,0,0,0,0,0,0,0,0,0,0,0,0,0,0,0,0,0,0,0,0,0,0,0,0,0,0,0,0,0,0,0,0,0,0,0,0,0,0,0,0,0,0,0,0,0,0,0,0,0,0,0,0,0,0,0,0,0,0,0,0,0,0,0,0,0,0,0,0,0,0,0,0,0,0,0,0,0,0,0,0,0,0,0,0,0,0,0,0,0,0,0,0,0,0,0,0,0,0,0,0,0,0,0,0,0,0,0,0,206,-956,-1003,56,123,165,175,140,70,-8,-85,-151,-198,-215,-202,-168,-113,-46,30,100,158,207,232,229,198,147,84,11,-67,-139,-189,-222,-232,-221,-196,-142,-78,-7,55,113,159,188,195,181,160,122,78,29,-19,-58,-98,-124,-125,-120,-112,-92,-70,-47,-18,-1,19,23,26,33,29,19,20,21,27,38,56,65,83,95,100,99,76,49,7,-35,-87,-150,-196,-228,-249,-241,-196,-139,-64,18,114,214,281,333,367,345,294,227,133,24,-93,-197,-286,-352,-396,-394,-362,-295,-211,-114,8,118,220,308,372,402,401,367,294,204,102,1,-102,-205,-301,-362,-387,-402,-1894,-294,-206,-103,8,104,197,291,344,371,369,330,265,190,99,-7,-106,-189,-265,-309,-317,-314,-290,-235,-165,-85,-2,78,152,200,233,246,249,229,186,138,82,24,-34,-80,-133,-170,-186,-187,-178,-159,-128,-91,-57,-12,28,61,92,127,140,146,140,125,104,72,43,17,-18,-52,-73,-89,-92,-100,-109,-106,-90,-84,-64,-35,-7,26,55,82,106,129,132,132,128,99,62,28,-16,-70,-112,-143,-164,-165,-154,-124,-86,-41,14,74,115,148,169,163,147,112,63,15,-44,-86,-118,-137,-135,-128,-100,-63,-23,20,59,97,113,113,103,74,36,-11,-48,-65,-386,-628
29376,mtk,MTK 7916,2780606013,rx1-tx1,512,0,0,0,0,0,0,0,0,0,0,0,0,0,0,0,0,0,0,0,0,0,0,0,0,0,0,0,0,0,0,0,0,0,0,0,0,0,0,0,0,0,0,0,0,0,0,0,0,0,0,0,0,0,0,0,0,0,0,0,0,0,0,0,0,0,0,0,0,0,0,0,0,0,0,0,0,0,0,0,0,0,0,0,0,0,0,0,0,0,0,0,0,0,0,0,0,0,0,0,0,0,0,0,0,0,0,0,0,0,0,0,0,0,0,0,0,0,0,0,0,0,0,0,0,0,0,0,0,0,0,0,0,0,0,0,0,0,0,0,0,0,0,0,0,0,0,0,0,0,0,0,0,0,0,0,0,0,0,0,0,0,0,0,0,0,0,0,0,0,0,0,0,0,0,0,0,0,0,0,0,0,0,0,0,0,0,0,0,0,0,0,0,0,0,0,0,0,0,0,0,0,0,0,0,0,0,0,0,0,0,0,0,0,0,0,0,0,0,0,0,0,0,0,0,0,0,0,0,0,0,0,0,0,0,0,0,0,0,0,0,0,0,0,0,0,0,0,0,0,0,0,0,0,0,0,0,-411,-892,-733,-50,-54,-56,-49,-29,-5,22,46,67,75,74,61,34,-2,-34,-58,-77,-79,-63,-36,-4,30,59,76,76,65,43,7,-30,-55,-70,-68,-49,-20,5,24,40,47,36,16,-4,-20,-29,-26,-15,5,21,28,31,21,-5,-28,-42,-51,-47,-31,-4,30,64,82,73,54,26,-17,-67,-102,-110,-95,-62,-12,42,90,117,119,95,39,-29,-84,-117,-128,-117,-78,-15,43,91,115,115,92,42,-23,-70,-99,-111,-100,-65,-18,33,71,91,86,64,26,-14,-46,-65,-75,-68,-43,-10,17,39,54,54,41,24,8,-10,-22,-28,-26,-25,-25,-25,-20,-11,0,9,24,42,64,77,78,55,14,-36,-82,-116,-130,-125,-92,-25,54,128,185,204,177,112,19,-82,-171,-230,-241,-205,-116,0,121,222,287,286,218,104,-34,-170,-274,-312,-290,-204,-72,82,215,302,323,273,162,17,-128,-245,-311,-304,-228,-108,42,183,272,299,264,167,31,-109,-223,-287,-284,-213,-96,42,174,270,299,262,171,42,-107,-232,-293,-294,-241,-128,11,143,247,303,293,219,98,-42,-166,-250,-282,-259,-181,-65,53,157,230,257,224,144,37,-73,-161,-208,-215,-178,-106,-9,90,171,209,206,162,87,-6,-95,-170,-218,-231,-210,-159,-89,-14,67,-923,-991,0,0,0,0,0,0,0,0,0,0,0,0,0,0,0,0,0,0,0,0,0,0,0,0,0,0,0,0,0,0,0,0,0,0,0,0,0,0,0,0,0,0,0,0,0,0,0,0,0,0,0,0,0,0,0,0,0,0,0,0,0,0,0,0,0,0,0,0,0,0,0,0,0,0,0,0,0,0,0,0,0,0,0,0,0,0,0,0,0,0,0,0,0,0,0,0,0,0,0,0,0,0,0,0,0,0,0,0,0,0,0,0,0,0,0,0,0,0,0,0,0,0,0,0,0,0,0,0,0,0,0,0,0,0,0,0,0,0,0,0,0,0,0,0,0,0,0,0,0,0,0,0,0,0,0,0,0,0,0,0,0,0,0,0,0,0,0,0,0,0,0,0,0,0,0,0,0,0,0,0,0,0,0,0,0,0,0,0,0,0,0,0,0,0,0,0,0,0,0,0,0,0,0,0,0,0,0,0,0,0,0,0,0,0,0,0,0,0,0,0,0,0,0,0,0,0,0,0,0,0,0,0,0,0,0,0,0,0,0,0,0,0,0,0,0,0,0,0,0,0,0,0,0,0,0,0,-92,474,711,4,-8,-28,-47,-61,-70,-72,-62,-38,-5,23,48,68,76,69,49,18,-17,-50,-72,-79,-75,-52,-21,13,42,61,74,70,45,17,-11,-39,-53,-52,-43,-21,4,21,35,39,25,4,-11,-21,-25,-22,-4,18,32,42,46,26,-1,-30,-57,-70,-61,-41,-13,24,61,89,98,77,36,-11,-58,-98,-120,-108,-73,-25,36,90,119,129,106,56,-2,-55,-103,-126,-115,-77,-31,25,80,112,116,100,61,2,-52,-87,-104,-102,-72,-26,19,55,82,86,67,39,5,-35,-59,-69,-66,-47,-16,12,30,38,41,38,28,16,12,4,-5,-13,-20,-29,0,-47,-48,-40,-20,7,41,80,101,105,94,55,-9,-73,-126,-158,-162,-131,-67,22,113,183,222,218,157,62,-52,-159,-239,-272,-250,-172,-54,82,205,284,306,259,154,22,-120,-244,-314,-313,-244,-120,28,167,275,320,292,200,70,-83,-213,-292,-306,-250,-138,5,142,248,297,276,192,63,-84,-210,-285,-291,-240,-138,1,143,251,304,287,208,79,-63,-192,-278,-304,-268,-177,-46,93,210,281,294,245,145,17,-112,-210,-262,-261,-207,-111,5,115,195,233,220,164,75,-27,-127,-192,-213,-191,-129,-46,47,134,197,218,197,143,63,-26,-109,-177,-216,-226,-203,-362,-78
29377,mtk,MTK 7916,2780606013,rx2-tx0,512,0,0,0,0,0,0,0,0,0,0,0,0,0,0,0,0,0,0,0,0,0,0,0,0,0,0,0,0,0,0,0,0,0,0,0,0,0,0,0,0,0,0,0,0,0,0,0,0,0,0,0,0,0,0,0,0,0,0,0,0,0,0,0,0,0,0,0,0,0,0,0,0,0,0,0,0,0,0,0,0,0,0,0,0,0,0,0,0,0,0,0,0,0,0,0,0,0,0,0,0,0,0,0,0,0,0,0,0,0,0,0,0,0,0,0,0,0,0,0,0,0,0,0,0,0,0,0,0,0,0,0,0,0,0,0,0,0,0,0,0,0,0,0,0,0,0,0,0,0,0,0,0,0,0,0,0,0,0,0,0,0,0,0,0,0,0,0,0,0,0,0,0,0,0,0,0,0,0,0,0,0,0,0,0,0,0,0,0,0,0,0,0,0,0,0,0,0,0,0,0,0,0,0,0,0,0,0,0,0,0,0,0,0,0,0,0,0,0,0,0,0,0,0,0,0,0,0,0,0,0,0,0,0,0,0,0,0,0,0,0,0,0,0,0,0,0,0,0,0,0,0,0,0,0,0,0,-136,-497,-182,-40,-27,-10,12,37,57,74,81,76,62,39,9,-26,-54,-73,-80,-78,-62,-35,1,39,69,89,98,88,62,25,-18,-62,-99,-121,-124,-103,-64,-10,47,102,139,150,132,93,27,-51,-119,-172,-195,-172,-115,-28,67,151,204,221,188,102,-9,-115,-203,-253,-242,-178,-71,57,180,265,293,251,151,6,-146,-270,-328,-308,-220,-75,94,252,351,369,300,161,-23,-211,-352,-419,-391,-262,-69,142,329,446,459,360,178,-46,-269,-435,-495,-443,-286,-64,173,369,483,486,376,174,-67,-294,-453,-498,-425,-255,-26,213,395,485,458,322,104,-139,-350,-475,-487,-381,0,60,291,452,508,441,265,24,-220,-420,-518,-497,-353,-123,138,365,510,536,435,230,-25,-282,-475,-556,-513,-352,-104,166,400,547,572,464,250,-17,-279,-482,-577,-545,-396,-155,116,356,515,563,485,303,62,-189,-392,-507,-512,-403,-211,14,232,395,462,432,312,128,-75,-253,-370,-402,-347,-226,-56,119,258,333,339,270,141,-8,-147,-250,-295,-275,-194,-75,53,165,235,248,208,122,17,-92,-181,-227,-224,-175,-88,18,117,186,218,206,149,63,-33,-126,-189,-214,-195,-137,-57,34,122,184,203,188,140,65,-23,-105,-167,-200,-203,-174,-120,-52,19,82,129,163,-1105,-976,0,0,0,0,0,0,0,0,0,0,0,0,0,0,0,0,0,0,0,0,0,0,0,0,0,0,0,0,0,0,0,0,0,0,0,0,0,0,0,0,0,0,0,0,0,0,0,0,0,0,0,0,0,0,0,0,0,0,0,0,0,0,0,0,0,0,0,0,0,0,0,0,0,0,0,0,0,0,0,0,0,0,0,0,0,0,0,0,0,0,0,0,0,0,0,0,0,0,0,0,0,0,0,0,0,0,0,0,0,0,0,0,0,0,0,0,0,0,0,0,0,0,0,0,0,0,0,0,0,0,0,0,0,0,0,0,0,0,0,0,0,0,0,0,0,0,0,0,0,0,0,0,0,0,0,0,0,0,0,0,0,0,0,0,0,0,0,0,0,0,0,0,0,0,0,0,0,0,0,0,0,0,0,0,0,0,0,0,0,0,0,0,0,0,0,0,0,0,0,0,0,0,0,0,0,0,0,0,0,0,0,0,0,0,0,0,0,0,0,0,0,0,0,0,0,0,0,0,0,0,0,0,0,0,0,0,0,0,0,0,0,0,0,0,0,0,0,0,0,0,0,0,0,0,0,0,1335,1016,1104,-45,-60,-71,-76,-73,-58,-35,-6,24,51,71,80,81,66,37,4,-30,-59,-78,-87,-82,-67,-37,4,49,84,108,113,98,69,27,-26,-79,-118,-135,-133,-106,-52,16,81,134,166,165,129,70,-9,-94,-162,-204,-205,-155,-73,30,132,208,240,218,148,37,-86,-193,-261,-269,-217,-108,28,164,266,310,283,183,34,-125,-258,-342,-349,-266,-114,67,236,361,405,350,209,13,-190,-360,-448,-429,-309,-123,96,302,443,481,406,236,9,-224,-405,-493,-471,-338,-122,122,334,467,491,400,214,-25,-259,-431,-501,-453,-292,-61,180,381,489,481,357,145,-101,-321,0,-496,-408,-225,16,260,438,515,470,310,71,-187,-396,-517,-522,-399,-175,85,328,501,554,476,289,36,-228,-442,-561,-551,-411,-180,90,346,521,579,506,322,67,-204,-428,-552,-556,-441,-230,31,278,459,541,507,362,143,-96,-313,-456,-495,-427,-275,-67,151,323,417,423,336,182,-2,-181,-318,-374,-346,-249,-106,57,200,294,317,274,175,41,-98,-209,-267,-266,-205,-105,13,124,206,241,222,153,54,-56,-151,-211,-223,-189,-114,-21,77,158,207,214,174,98,3,-89,-161,-204,-204,-165,-95,-8,81,150,191,199,172,115,40,-42,-118,-175,-203,-201,-177,-139,-78,266,571
29378,mtk,MTK 7916,2780606013,rx2-tx1,512,0,0,0,0,0,0,0,0,0,0,0,0,0,0,0,0,0,0,0,0,0,0,0,0,0,0,0,0,0,0,0,0,0,0,0,0,0,0,0,0,0,0,0,0,0,0,0,0,0,0,0,0,0,0,0,0,0,0,0,0,0,0,0,0,0,0,0,0,0,0,0,0,0,0,0,0,0,0,0,0,0,0,0,0,0,0,0,0,0,0,0,0,0,0,0,0,0,0,0,0,0,0,0,0,0,0,0,0,0,0,0,0,0,0,0,0,0,0,0,0,0,0,0,0,0,0,0,0,0,0,0,0,0,0,0,0,0,0,0,0,0,0,0,0,0,0,0,0,0,0,0,0,0,0,0,0,0,0,0,0,0,0,0,0,0,0,0,0,0,0,0,0,0,0,0,0,0,0,0,0,0,0,0,0,0,0,0,0,0,0,0,0,0,0,0,0,0,0,0,0,0,0,0,0,0,0,0,0,0,0,0,0,0,0,0,0,0,0,0,0,0,0,0,0,0,0,0,0,0,0,0,0,0,0,0,0,0,0,0,0,0,0,0,0,0,0,0,0,0,0,0,0,0,0,0,0,236,882,926,-39,-32,-17,6,32,53,70,74,70,52,24,-6,-39,-69,-82,-77,-58,-25,18,57,81,91,78,44,3,-42,-81,-100,-93,-66,-23,33,86,120,119,83,27,-37,-94,-130,-141,-122,-61,22,106,161,180,156,89,-6,-104,-182,-220,-208,-140,-31,93,206,277,279,212,95,-48,-196,-303,-346,-301,-179,-4,177,324,401,389,287,106,-103,-293,-419,-455,-383,-216,-1,225,405,492,463,332,125,-123,-345,-483,-513,-422,-233,15,256,444,526,479,320,94,-154,-369,-492,-499,-394,-200,34,259,419,476,414,251,35,-182,-350,-431,-407,-289,-104,105,281,386,387,288,0,-79,-256,-362,-374,-292,-141,44,219,341,374,312,166,-20,-199,-327,-376,-338,-215,-32,158,311,389,372,259,83,-111,-275,-379,-395,-310,-149,36,212,341,388,339,216,36,-145,-283,-347,-339,-253,-110,54,200,300,328,274,154,7,-133,-236,-273,-254,-178,-59,63,161,218,217,161,71,-29,-116,-170,-177,-133,-62,18,90,136,150,125,72,4,-67,-119,-135,-122,-83,-21,47,91,117,114,84,32,-24,-66,-94,-101,-83,-52,-16,28,65,81,79,57,25,-3,-32,-50,-45,-37,-28,-11,9,26,29,20,8,-11,-21,-21,-16,-8,1,13,29,39,37,31,17,324,560,0,0,0,0,0,0,0,0,0,0,0,0,0,0,0,0,0,0,0,0,0,0,0,0,0,0,0,0,0,0,0,0,0,0,0,0,0,0,0,0,0,0,0,0,0,0,0,0,0,0,0,0,0,0,0,0,0,0,0,0,0,0,0,0,0,0,0,0,0,0,0,0,0,0,0,0,0,0,0,0,0,0,0,0,0,0,0,0,0,0,0,0,0,0,0,0,0,0,0,0,0,0,0,0,0,0,0,0,0,0,0,0,0,0,0,0,0,0,0,0,0,0,0,0,0,0,0,0,0,0,0,0,0,0,0,0,0,0,0,0,0,0,0,0,0,0,0,0,0,0,0,0,0,0,0,0,0,0,0,0,0,0,0,0,0,0,0,0,0,0,0,0,0,0,0,0,0,0,0,0,0,0,0,0,0,0,0,0,0,0,0,0,0,0,0,0,0,0,0,0,0,0,0,0,0,0,0,0,0,0,0,0,0,0,0,0,0,0,0,0,0,0,0,0,0,0,0,0,0,0,0,0,0,0,0,0,0,0,0,0,0,0,0,0,0,0,0,0,0,0,0,0,0,0,0,0,-351,311,50,-32,-50,-64,-71,-67,-56,-35,-2,31,57,76,84,69,39,3,-29,-62,-85,-86,-66,-34,6,50,82,98,89,57,7,-44,-87,-106,-99,-71,-23,35,90,125,129,96,41,-22,-95,-149,-165,-133,-76,7,99,176,202,177,112,16,-93,-194,-249,-244,-177,-63,81,207,293,313,265,136,-27,-191,-322,-390,-354,-222,-56,132,309,419,430,339,168,-54,-270,-427,-483,-432,-275,-50,187,382,490,488,379,178,-69,-309,-470,-516,-454,-283,-49,195,401,513,490,360,153,-93,-319,-461,-496,-411,-230,-6,216,386,459,413,272,69,-144,-320,-405,-392,-289,-117,82,257,0,371,289,129,-63,-231,-346,-380,-305,-153,28,209,338,383,323,186,2,-176,-315,-381,-352,-230,-53,140,302,389,379,285,128,-69,-251,-363,-392,-329,-181,6,184,317,375,346,238,78,-93,-246,-334,-339,-271,-137,25,168,261,297,265,173,38,-97,-203,-253,-229,-159,-65,37,128,185,196,152,70,-21,-101,-156,-165,-131,-66,6,73,120,139,118,66,3,-57,-103,-129,-122,-82,-26,35,81,102,106,88,49,-4,-49,-79,-89,-83,-52,-13,22,42,57,61,53,28,-3,-27,-34,-36,-30,-19,-3,14,22,21,13,4,-6,-18,-30,-28,-14,-2,15,28,35,870,741
29379,mtk,MTK 7916,2780646561,rx0-tx0,512,0,0,0,0,0,0,0,0,0,0,0,0,0,0,0,0,0,0,0,0,0,0,0,0,0,0,0,0,0,0,0,0,0,0,0,0,0,0,0,0,0,0,0,0,0,0,0,0,0,0,0,0,0,0,0,0,0,0,0,0,0,0,0,0,0,0,0,0,0,0,0,0,0,0,0,0,0,0,0,0,0,0,0,0,0,0,0,0,0,0,0,0,0,0,0,0,0,0,0,0,0,0,0,0,0,0,0,0,0,0,0,0,0,0,0,0,0,0,0,0,0,0,0,0,0,0,0,0,0,0,0,0,0,0,0,0,0,0,0,0,0,0,0,0,0,0,0,0,0,0,0,0,0,0,0,0,0,0,0,0,0,0,0,0,0,0,0,0,0,0,0,0,0,0,0,0,0,0,0,0,0,0,0,0,0,0,0,0,0,0,0,0,0,0,0,0,0,0,0,0,0,0,0,0,0,0,0,0,0,0,0,0,0,0,0,0,0,0,0,0,0,0,0,0,0,0,0,0,0,0,0,0,0,0,0,0,0,0,0,0,0,0,0,0,0,0,0,0,0,0,0,0,0,0,0,0,-273,963,872,-256,-184,-49,115,268,383,446,461,422,348,246,115,-23,-160,-291,-400,-491,-550,-568,-548,-487,-391,-263,-117,53,223,378,518,625,689,710,696,631,520,376,212,32,-150,-320,-482,-610,-704,-761,-769,-746,-686,-581,-454,-308,-138,34,208,380,534,661,769,836,861,845,783,676,533,364,169,-35,-256,-459,-640,-805,-920,-986,-1007,-962,-875,-746,-567,-367,-130,104,339,561,752,896,989,1037,1035,970,853,686,491,272,43,-183,-403,-589,-748,-853,-912,-933,-899,-828,-730,-587,-428,-261,-81,98,260,411,542,644,718,764,777,760,708,630,522,401,260,108,-45,-204,-353,-495,1181,-709,-764,-789,-782,-760,-694,-583,-451,-305,-142,29,204,374,517,648,756,828,861,868,835,763,652,519,356,167,-35,-239,-443,-643,-811,-957,-1060,-1106,-1111,-1063,-955,-793,-573,-316,-35,258,544,817,1042,1216,1336,1378,1351,1252,1083,839,548,215,-127,-461,-780,-1055,-1268,-1420,-1478,-1470,-1368,-1193,-960,-669,-345,2,346,675,958,1183,1351,1444,1449,1383,1232,1009,744,429,90,-252,-583,-885,-1131,-1307,-1418,-1435,-1360,-1201,-973,-673,-335,16,366,693,972,1172,1293,1331,1276,1135,930,658,351,30,-286,-573,-812,-996,-1109,-1144,-1102,-978,-784,-532,-233,98,432,741,990,1130,1126,965,656,315,726,874,0,0,0,0,0,0,0,0,0,0,0,0,0,0,0,0,0,0,0,0,0,0,0,0,0,0,0,0,0,0,0,0,0,0,0,0,0,0,0,0,0,0,0,0,0,0,0,0,0,0,0,0,0,0,0,0,0,0,0,0,0,0,0,0,0,0,0,0,0,0,0,0,0,0,0,0,0,0,0,0,0,0,0,0,0,0,0,0,0,0,0,0,0,0,0,0,0,0,0,0,0,0,0,0,0,0,0,0,0,0,0,0,0,0,0,0,0,0,0,0,0,0,0,0,0,0,0,0,0,0,0,0,0,0,0,0,0,0,0,0,0,0,0,0,0,0,0,0,0,0,0,0,0,0,0,0,0,0,0,0,0,0,0,0,0,0,0,0,0,0,0,0,0,0,0,0,0,0,0,0,0,0,0,0,0,0,0,0,0,0,0,0,0,0,0,0,0,0,0,0,0,0,0,0,0,0,0,0,0,0,0,0,0,0,0,0,0,0,0,0,0,0,0,0,0,0,0,0,0,0,0,0,0,0,0,0,0,0,0,0,0,0,0,0,0,0,0,0,0,0,0,0,0,0,0,0,-1322,-151,-420,175,298,383,399,344,232,94,-60,-206,-323,-418,-479,-503,-488,-435,-347,-237,-102,49,200,341,468,562,625,654,624,558,458,314,145,-30,-209,-381,-529,-644,-717,-753,-739,-686,-595,-466,-317,-144,33,203,369,514,631,724,783,799,783,725,623,499,345,167,-22,-218,-403,-578,-721,-839,-911,-939,-917,-837,-727,-572,-373,-164,69,296,510,702,854,968,1029,1038,994,895,736,538,316,84,-161,-398,-604,-778,-900,-983,-1004,-980,-904,-792,-636,-441,-246,-34,169,351,519,654,745,805,833,818,772,698,591,459,317,160,7,-148,-299,-436,-557,-647,-721,-757,-765,-740,-684,-605,-701,-360,-200,-41,122,281,445,574,681,761,813,827,807,743,657,537,397,232,60,-111,-303,-482,-639,-764,-862,-931,-959,-951,-901,-796,-659,-485,-270,-37,212,462,693,900,1072,1188,1258,1256,1187,1046,839,591,297,-20,-343,-648,-938,-1171,-1343,-1440,-1449,-1390,-1248,-1037,-774,-455,-115,232,575,874,1131,1331,1450,1483,1441,1308,1108,852,559,228,-117,-449,-773,-1033,-1237,-1382,-1440,-1418,-1316,-1137,-886,-595,-255,107,455,775,1047,1255,1371,1404,1348,1207,979,690,368,25,-320,-631,-890,-1090,-1202,-1238,-1188,-1048,-850,-600,-314,-13,284,564,805,990,1110,1139,1061,882,599,239,-163,-543,-828,-946,634,394
29380,mtk,MTK 7916,2780646561,rx0-tx1,512,0,0,0,0,0,0,0,0,0,0,0,0,0,0,0,0,0,0,0,0,0,0,0,0,0,0,0,0,0,0,0,0,0,0,0,0,0,0,0,0,0,0,0,0,0,0,0,0,0,0,0,0,0,0,0,0,0,0,0,0,0,0,0,0,0,0,0,0,0,0,0,0,0,0,0,0,0,0,0,0,0,0,0,0,0,0,0,0,0,0,0,0,0,0,0,0,0,0,0,0,0,0,0,0,0,0,0,0,0,0,0,0,0,0,0,0,0,0,0,0,0,0,0,0,0,0,0,0,0,0,0,0,0,0,0,0,0,0,0,0,0,0,0,0,0,0,0,0,0,0,0,0,0,0,0,0,0,0,0,0,0,0,0,0,0,0,0,0,0,0,0,0,0,0,0,0,0,0,0,0,0,0,0,0,0,0,0,0,0,0,0,0,0,0,0,0,0,0,0,0,0,0,0,0,0,0,0,0,0,0,0,0,0,0,0,0,0,0,0,0,0,0,0,0,0,0,0,0,0,0,0,0,0,0,0,0,0,0,0,0,0,0,0,0,0,0,0,0,0,0,0,0,0,0,0,0,-730,-274,-263,52,-62,-198,-313,-382,-389,-349,-266,-148,-17,115,245,355,442,503,520,504,449,358,235,87,-74,-244,-403,-544,-654,-719,-744,-713,-630,-509,-348,-155,49,263,465,639,784,884,935,923,857,741,571,375,147,-97,-337,-566,-765,-920,-1033,-1081,-1073,-1015,-890,-718,-503,-263,-11,253,510,736,922,1077,1160,1180,1160,1074,921,727,494,233,-45,-319,-581,-814,-1013,-1162,-1259,-1290,-1255,-1151,-992,-787,-527,-245,61,370,648,910,1118,1273,1366,1388,1341,1211,1034,798,512,203,-113,-434,-721,-977,-1188,-1326,-1400,-1408,-1338,-1195,-1001,-753,-472,-167,145,439,723,961,1149,1278,1352,1351,1288,1171,-214,767,491,212,-76,-369,-649,-893,-1083,-1233,-1327,-1357,-1321,-1215,-1063,-850,-596,-314,-16,292,587,848,1071,1247,1364,1412,1383,1284,1126,896,634,339,18,-290,-599,-872,-1100,-1273,-1374,-1409,-1371,-1272,-1112,-891,-626,-333,-21,286,574,834,1060,1228,1323,1351,1319,1234,1067,858,613,329,29,-269,-551,-803,-1023,-1198,-1305,-1335,-1306,-1199,-1031,-810,-545,-247,67,373,669,923,1121,1261,1328,1312,1222,1060,835,569,257,-65,-375,-667,-915,-1102,-1213,-1246,-1202,-1081,-887,-638,-357,-59,234,505,735,912,1015,1047,1013,910,753,551,320,71,-181,-416,-626,-791,-899,-936,-895,-775,-564,-281,48,370,627,745,-184,-234,0,0,0,0,0,0,0,0,0,0,0,0,0,0,0,0,0,0,0,0,0,0,0,0,0,0,0,0,0,0,0,0,0,0,0,0,0,0,0,0,0,0,0,0,0,0,0,0,0,0,0,0,0,0,0,0,0,0,0,0,0,0,0,0,0,0,0,0,0,0,0,0,0,0,0,0,0,0,0,0,0,0,0,0,0,0,0,0,0,0,0,0,0,0,0,0,0,0,0,0,0,0,0,0,0,0,0,0,0,0,0,0,0,0,0,0,0,0,0,0,0,0,0,0,0,0,0,0,0,0,0,0,0,0,0,0,0,0,0,0,0,0,0,0,0,0,0,0,0,0,0,0,0,0,0,0,0,0,0,0,0,0,0,0,0,0,0,0,0,0,0,0,0,0,0,0,0,0,0,0,0,0,0,0,0,0,0,0,0,0,0,0,0,0,0,0,0,0,0,0,0,0,0,0,0,0,0,0,0,0,0,0,0,0,0,0,0,0,0,0,0,0,0,0,0,0,0,0,0,0,0,0,0,0,0,0,0,0,0,0,0,0,0,0,0,0,0,0,0,0,0,0,0,0,0,0,-128,-6,63,-255,-294,-270,-183,-54,89,217,331,407,443,442,399,322,219,94,-44,-186,-321,-441,-539,-600,-622,-603,-537,-431,-281,-105,84,275,453,609,737,815,841,819,740,611,444,237,13,-214,-433,-634,-802,-927,-1005,-1018,-977,-880,-733,-545,-315,-62,190,435,665,853,1003,1098,1135,1119,1035,889,709,488,231,-29,-295,-560,-793,-977,-1126,-1211,-1234,-1199,-1101,-959,-755,-518,-244,45,339,616,860,1069,1227,1321,1352,1303,1195,1027,799,538,231,-82,-405,-699,-947,-1162,-1311,-1390,-1409,-1344,-1211,-1023,-775,-485,-179,140,451,736,978,1178,1315,1382,1372,1303,1174,984,742,474,181,-119,-411,-689,171,-1128,-1256,-1322,-1336,-1295,-1182,-1014,-799,-548,-262,33,333,605,852,1071,1236,1341,1384,1357,1247,1091,884,636,350,32,-285,-587,-862,-1100,-1273,-1394,-1427,-1390,-1289,-1123,-907,-641,-341,-26,292,592,864,1085,1247,1349,1389,1352,1253,1096,881,619,326,20,-272,-563,-820,-1021,-1193,-1297,-1337,-1305,-1203,-1051,-847,-594,-308,-7,296,590,851,1063,1223,1316,1330,1279,1156,964,720,437,119,-200,-507,-787,-1013,-1182,-1284,-1299,-1238,-1102,-894,-632,-336,-20,290,581,825,1005,1118,1156,1115,1003,829,601,342,74,-192,-438,-649,-810,-915,-957,-931,-841,-696,-498,-257,12,286,547,765,903,927,826,595,326,-196,-140
29381,mtk,MTK 7916,2780646561,rx1-tx0,512,0,0,0,0,0,0,0,0,0,0,0,0,0,0,0,0,0,0,0,0,0,0,0,0,0,0,0,0,0,0,0,0,0,0,0,0,0,0,0,0,0,0,0,0,0,0,0,0,0,0,0,0,0,0,0,0,0,0,0,0,0,0,0,0,0,0,0,0,0,0,0,0,0,0,0,0,0,0,0,0,0,0,0,0,0,0,0,0,0,0,0,0,0,0,0,0,0,0,0,0,0,0,0,0,0,0,0,0,0,0,0,0,0,0,0,0,0,0,0,0,0,0,0,0,0,0,0,0,0,0,0,0,0,0,0,0,0,0,0,0,0,0,0,0,0,0,0,0,0,0,0,0,0,0,0,0,0,0,0,0,0,0,0,0,0,0,0,0,0,0,0,0,0,0,0,0,0,0,0,0,0,0,0,0,0,0,0,0,0,0,0,0,0,0,0,0,0,0,0,0,0,0,0,0,0,0,0,0,0,0,0,0,0,0,0,0,0,0,0,0,0,0,0,0,0,0,0,0,0,0,0,0,0,0,0,0,0,0,0,0,0,0,0,0,0,0,0,0,0,0,0,0,0,0,0,0,146,333,48,149,189,196,159,86,-3,-92,-171,-229,-262,-270,-245,-203,-139,-65,19,105,180,239,285,312,308,283,231,165,81,-5,-101,-177,-248,-299,-327,-321,-304,-265,-202,-133,-53,21,89,151,209,239,248,251,244,218,184,138,87,38,-1,-49,-87,-109,-133,-151,-160,-161,-152,-138,-124,-110,-97,-83,-65,-46,-26,0,20,36,65,96,131,162,183,207,236,243,235,218,185,126,60,-13,-107,-182,-260,-327,-374,-412,-415,-382,-331,-259,-162,-46,64,175,274,360,430,459,468,461,414,347,257,152,48,-72,-182,-281,-369,-433,-464,-475,-468,-425,-360,-274,-172,-60,46,159,93,354,413,458,482,466,433,368,279,177,70,-49,-161,-248,-323,-390,-431,-436,-429,-385,-323,-254,-172,-70,28,118,200,277,333,366,369,365,334,282,216,146,75,-13,-85,-146,-201,-239,-275,-294,-293,-269,-241,-201,-150,-88,-33,22,73,121,169,206,215,225,219,192,163,131,89,45,0,-37,-69,-94,-122,-139,-146,-147,-138,-133,-121,-105,-83,-55,-33,2,34,52,85,110,119,134,139,135,132,119,85,47,16,-17,-56,-92,-128,-149,-158,-165,-155,-130,-94,-48,-4,42,92,124,149,156,158,148,116,79,41,-11,-59,-100,-128,-146,-147,-124,-88,-42,9,37,941,795,0,0,0,0,0,0,0,0,0,0,0,0,0,0,0,0,0,0,0,0,0,0,0,0,0,0,0,0,0,0,0,0,0,0,0,0,0,0,0,0,0,0,0,0,0,0,0,0,0,0,0,0,0,0,0,0,0,0,0,0,0,0,0,0,0,0,0,0,0,0,0,0,0,0,0,0,0,0,0,0,0,0,0,0,0,0,0,0,0,0,0,0,0,0,0,0,0,0,0,0,0,0,0,0,0,0,0,0,0,0,0,0,0,0,0,0,0,0,0,0,0,0,0,0,0,0,0,0,0,0,0,0,0,0,0,0,0,0,0,0,0,0,0,0,0,0,0,0,0,0,0,0,0,0,0,0,0,0,0,0,0,0,0,0,0,0,0,0,0,0,0,0,0,0,0,0,0,0,0,0,0,0,0,0,0,0,0,0,0,0,0,0,0,0,0,0,0,0,0,0,0,0,0,0,0,0,0,0,0,0,0,0,0,0,0,0,0,0,0,0,0,0,0,0,0,0,0,0,0,0,0,0,0,0,0,0,0,0,0,0,0,0,0,0,0,0,0,0,0,0,0,0,0,0,0,0,206,-956,-1003,91,20,-73,-161,-218,-247,-233,-191,-123,-44,41,123,191,244,279,288,277,238,180,111,21,-63,-148,-226,-286,-319,-333,-313,-272,-218,-141,-57,29,103,178,238,279,297,294,272,244,195,126,65,3,-56,-104,-145,-182,-200,-205,-202,-200,-173,-142,-111,-78,-47,-15,16,40,66,86,96,110,118,126,134,137,139,146,151,146,134,106,73,44,3,-57,-113,-173,-233,-287,-312,-332,-327,-299,-265,-197,-117,-24,90,188,279,362,429,459,459,436,382,311,211,91,-12,-129,-239,-329,-407,-452,-478,-478,-442,-388,-307,-214,-101,4,122,234,322,396,449,471,473,453,-1894,315,217,121,6,-96,-197,-293,-370,-419,-453,-467,-433,-380,-312,-234,-125,-20,82,185,268,334,383,412,409,386,341,276,198,109,24,-60,-140,-215,-272,-304,-335,-338,-319,-295,-245,-184,-117,-49,24,81,137,183,222,243,248,249,226,206,173,121,72,28,-36,-83,-120,-150,-172,-184,-184,-173,-155,-136,-112,-79,-47,-9,26,54,80,95,111,121,131,139,126,122,117,91,69,40,-1,-38,-69,-105,-132,-142,-150,-159,-153,-131,-99,-55,-19,18,65,110,148,168,167,164,142,108,74,29,-15,-66,-110,-134,-153,-158,-143,-116,-80,-38,15,64,104,128,128,107,-386,-628
29382,mtk,MTK 7916,2780646561,rx1-tx1,512,0,0,0,0,0,0,0,0,0,0,0,0,0,0,0,0,0,0,0,0,0,0,0,0,0,0,0,0,0,0,0,0,0,0,0,0,0,0,0,0,0,0,0,0,0,0,0,0,0,0,0,0,0,0,0,0,0,0,0,0,0,0,0,0,0,0,0,0,0,0,0,0,0,0,0,0,0,0,0,0,0,0,0,0,0,0,0,0,0,0,0,0,0,0,0,0,0,0,0,0,0,0,0,0,0,0,0,0,0,0,0,0,0,0,0,0,0,0,0,0,0,0,0,0,0,0,0,0,0,0,0,0,0,0,0,0,0,0,0,0,0,0,0,0,0,0,0,0,0,0,0,0,0,0,0,0,0,0,0,0,0,0,0,0,0,0,0,0,0,0,0,0,0,0,0,0,0,0,0,0,0,0,0,0,0,0,0,0,0,0,0,0,0,0,0,0,0,0,0,0,0,0,0,0,0,0,0,0,0,0,0,0,0,0,0,0,0,0,0,0,0,0,0,0,0,0,0,0,0,0,0,0,0,0,0,0,0,0,0,0,0,0,0,0,0,0,0,0,0,0,0,0,0,0,0,0,-411,-892,-733,33,21,1,-21,-48,-72,-88,-84,-65,-31,6,43,76,94,91,65,21,-28,-71,-100,-106,-87,-47,-1,50,93,112,102,69,20,-33,-73,-98,-102,-78,-27,26,62,82,87,64,24,-13,-41,-66,-71,-50,-14,21,50,58,48,25,-2,-23,-34,-35,-27,-6,24,40,41,28,-1,-34,-49,-52,-47,-25,15,51,70,70,53,15,-28,-61,-81,-73,-52,-20,26,74,90,83,57,11,-37,-67,-89,-88,-62,-15,33,65,80,80,57,14,-26,-57,-78,-76,-50,-17,19,46,59,62,53,25,-8,-26,-36,-47,-47,-39,-22,4,28,44,51,56,58,47,0,-11,-49,-81,-94,-86,-55,-10,35,83,125,138,113,58,-18,-103,-168,-187,-174,-118,-16,95,189,247,236,167,57,-76,-197,-273,-288,-224,-97,54,189,278,308,268,150,-14,-178,-296,-340,-297,-180,-15,158,292,345,308,195,27,-154,-288,-349,-321,-203,-36,137,276,337,304,194,34,-141,-276,-338,-304,-184,-23,143,276,336,306,196,27,-146,-282,-344,-315,-207,-50,123,264,329,313,221,78,-90,-231,-310,-309,-232,-97,57,192,279,294,232,118,-19,-149,-239,-261,-218,-125,-2,117,201,231,206,133,26,-94,-184,-230,-225,-171,-76,37,136,215,245,230,185,114,-923,-991,0,0,0,0,0,0,0,0,0,0,0,0,0,0,0,0,0,0,0,0,0,0,0,0,0,0,0,0,0,0,0,0,0,0,0,0,0,0,0,0,0,0,0,0,0,0,0,0,0,0,0,0,0,0,0,0,0,0,0,0,0,0,0,0,0,0,0,0,0,0,0,0,0,0,0,0,0,0,0,0,0,0,0,0,0,0,0,0,0,0,0,0,0,0,0,0,0,0,0,0,0,0,0,0,0,0,0,0,0,0,0,0,0,0,0,0,0,0,0,0,0,0,0,0,0,0,0,0,0,0,0,0,0,0,0,0,0,0,0,0,0,0,0,0,0,0,0,0,0,0,0,0,0,0,0,0,0,0,0,0,0,0,0,0,0,0,0,0,0,0,0,0,0,0,0,0,0,0,0,0,0,0,0,0,0,0,0,0,0,0,0,0,0,0,0,0,0,0,0,0,0,0,0,0,0,0,0,0,0,0,0,0,0,0,0,0,0,0,0,0,0,0,0,0,0,0,0,0,0,0,0,0,0,0,0,0,0,0,0,0,0,0,0,0,0,0,0,0,0,0,0,0,0,0,0,0,-92,474,711,45,62,71,72,62,43,13,-21,-56,-83,-94,-81,-52,-12,35,75,97,99,81,40,-13,-63,-94,-107,-94,-62,-10,43,89,108,101,72,26,-24,-68,-94,-98,-69,-27,15,50,74,76,55,21,-15,-46,-59,-52,-30,-9,16,38,42,29,9,-18,-37,-38,-34,-13,15,34,47,40,17,-13,-39,-59,-67,-51,-16,22,57,76,69,48,21,-20,-66,-87,-85,-61,-16,37,74,83,73,51,16,-26,-64,-87,-83,-57,-16,29,64,79,73,53,23,-16,-54,-68,-62,-46,-23,10,44,61,56,44,32,14,-12,-30,-42,-52,-51,-37,-14,10,30,46,0,70,60,34,-3,-50,-94,-116,-114,-90,-34,33,99,149,165,143,85,0,-99,-176,-222,-211,-152,-48,77,192,258,252,193,84,-59,-193,-278,-302,-248,-128,32,186,295,333,290,164,-9,-176,-295,-347,-310,-189,-17,159,283,340,311,195,24,-147,-275,-335,-304,-197,-30,143,274,332,305,188,22,-145,-275,-333,-298,-186,-28,146,283,344,315,205,41,-137,-278,-342,-315,-211,-54,112,245,319,313,228,86,-75,-214,-293,-301,-238,-116,40,177,261,279,228,127,-2,-129,-219,-242,-206,-124,-14,105,192,231,213,146,42,-71,-165,-229,-243,-207,-134,-37,63,137,195,-362,-78
29383,mtk,MTK 7916,2780646561,rx2-tx0,512,0,0,0,0,0,0,0,0,0,0,0,0,0,0,0,0,0,0,0,0,0,0,0,0,0,0,0,0,0,0,0,0,0,0,0,0,0,0,0,0,0,0,0,0,0,0,0,0,0,0,0,0,0,0,0,0,0,0,0,0,0,0,0,0,0,0,0,0,0,0,0,0,0,0,0,0,0,0,0,0,0,0,0,0,0,0,0,0,0,0,0,0,0,0,0,0,0,0,0,0,0,0,0,0,0,0,0,0,0,0,0,0,0,0,0,0,0,0,0,0,0,0,0,0,0,0,0,0,0,0,0,0,0,0,0,0,0,0,0,0,0,0,0,0,0,0,0,0,0,0,0,0,0,0,0,0,0,0,0,0,0,0,0,0,0,0,0,0,0,0,0,0,0,0,0,0,0,0,0,0,0,0,0,0,0,0,0,0,0,0,0,0,0,0,0,0,0,0,0,0,0,0,0,0,0,0,0,0,0,0,0,0,0,0,0,0,0,0,0,0,0,0,0,0,0,0,0,0,0,0,0,0,0,0,0,0,0,0,0,0,0,0,0,0,0,0,0,0,0,0,0,0,0,0,0,0,-136,-497,-182,-15,-35,-54,-66,-73,-71,-53,-27,0,31,60,74,73,60,33,1,-32,-61,-79,-81,-68,-40,-3,37,72,93,98,80,47,2,-49,-94,-120,-123,-96,-53,8,76,131,155,145,101,26,-58,-136,-183,-188,-147,-66,37,135,206,228,185,91,-27,-144,-232,-258,-214,-112,30,169,265,298,249,124,-35,-194,-304,-329,-263,-122,61,236,354,370,279,108,-98,-284,-404,-414,-305,-107,125,333,453,450,322,103,-150,-366,-486,-477,-333,-94,176,398,513,486,325,72,-201,-414,-519,-478,-304,-43,225,428,513,454,268,8,-257,-450,-516,-433,-224,49,303,473,514,406,0,-101,-348,-501,-513,-383,-143,148,396,525,509,348,90,-198,-438,-560,-521,-336,-62,229,462,565,524,346,57,-250,-485,-586,-525,-325,-44,257,492,593,531,325,37,-246,-473,-578,-523,-334,-70,209,433,544,511,344,95,-172,-383,-494,-476,-334,-116,116,321,435,428,315,130,-86,-267,-371,-376,-285,-123,59,220,314,321,250,115,-47,-184,-268,-279,-215,-101,30,153,234,246,196,94,-29,-140,-209,-223,-182,-97,14,123,197,218,185,108,4,-102,-182,-215,-195,-132,-39,65,152,202,203,156,74,-23,-113,-177,-205,-189,-130,-46,45,124,180,207,197,149,84,20,-50,-1105,-976,0,0,0,0,0,0,0,0,0,0,0,0,0,0,0,0,0,0,0,0,0,0,0,0,0,0,0,0,0,0,0,0,0,0,0,0,0,0,0,0,0,0,0,0,0,0,0,0,0,0,0,0,0,0,0,0,0,0,0,0,0,0,0,0,0,0,0,0,0,0,0,0,0,0,0,0,0,0,0,0,0,0,0,0,0,0,0,0,0,0,0,0,0,0,0,0,0,0,0,0,0,0,0,0,0,0,0,0,0,0,0,0,0,0,0,0,0,0,0,0,0,0,0,0,0,0,0,0,0,0,0,0,0,0,0,0,0,0,0,0,0,0,0,0,0,0,0,0,0,0,0,0,0,0,0,0,0,0,0,0,0,0,0,0,0,0,0,0,0,0,0,0,0,0,0,0,0,0,0,0,0,0,0,0,0,0,0,0,0,0,0,0,0,0,0,0,0,0,0,0,0,0,0,0,0,0,0,0,0,0,0,0,0,0,0,0,0,0,0,0,0,0,0,0,0,0,0,0,0,0,0,0,0,0,0,0,0,0,0,0,0,0,0,0,0,0,0,0,0,0,0,0,0,0,0,0,1335,1016,1104,58,53,41,24,1,-27,-53,-70,-75,-66,-43,-14,14,45,68,75,69,50,19,-17,-51,-79,-91,-82,-57,-22,21,63,93,107,104,73,24,-30,-84,-123,-136,-120,-78,-12,63,125,164,163,125,51,-46,-133,-193,-210,-168,-79,34,143,221,246,205,104,-32,-162,-248,-275,-231,-127,23,174,284,312,254,122,-50,-212,-327,-353,-277,-117,79,260,381,395,296,108,-111,-308,-425,-425,-311,-105,136,345,465,464,329,97,-167,-389,-505,-483,-334,-87,185,407,519,486,319,68,-207,-427,-527,-476,-291,-25,244,445,514,440,241,-23,-279,-462,-514,-416,-200,69,318,0,512,388,153,-126,-369,-517,-516,-364,-111,178,418,540,516,348,79,-215,-448,-564,-519,-338,-62,230,461,566,518,325,37,-260,-489,-591,-533,-327,-39,251,482,587,537,343,55,-238,-456,-561,-526,-349,-88,191,415,525,499,346,105,-156,-365,-469,-454,-325,-120,101,292,404,404,300,123,-76,-244,-346,-352,-267,-118,55,204,289,297,232,110,-33,-165,-249,-261,-203,-100,30,147,217,229,185,94,-26,-132,-205,-223,-184,-96,13,117,192,218,190,119,20,-87,-170,-209,-201,-147,-57,42,128,186,203,167,96,6,-84,-160,-203,-204,-165,-94,-10,76,140,176,182,163,266,571
